Date,Time PDT,Air Temp °F, Dew Point °F, Rel Hum %, Wind Dir @ Speed mph, Wind Gust mph, Tot Prec in, Solar Rad W/m², Atm. Press. inHg,Location,Station ID,Station Name,Download Timestamp
2019-05-10,00:15,49.0,35.3,59.0,N@1.3,3.1,0.0,0,29.97,"BearWallow, Hood River, Hood River County",100005,"BearWallow, OR",2019-06-25 19:04:54.355257
2019-05-10,00:30,48.3,35.2,60.2,NW@1.2,2.9,0.0,0,29.97,"BearWallow, Hood River, Hood River County",100005,"BearWallow, OR",2019-06-25 19:04:54.355257
2019-05-10,00:45,48.2,35.3,60.8,NW@1.4,3.0,0.0,0,29.96,"BearWallow, Hood River, Hood River County",100005,"BearWallow, OR",2019-06-25 19:04:54.355257
2019-05-10,01:00,46.7,35.3,64.2,N@1.0,1.8,0.0,0,29.97,"BearWallow, Hood River, Hood River County",100005,"BearWallow, OR",2019-06-25 19:04:54.355257
2019-05-10,01:15,46.6,35.4,64.7,NW@0.9,2.0,0.0,0,29.97,"BearWallow, Hood River, Hood River County",100005,"BearWallow, OR",2019-06-25 19:04:54.355257
2019-05-10,01:30,45.9,35.5,66.7,NW@1.2,2.4,0.0,0,29.98,"BearWallow, Hood River, Hood River County",100005,"BearWallow, OR",2019-06-25 19:04:54.355257
2019-05-10,01:45,45.1,35.4,68.6,N@1.0,1.9,0.0,0,29.98,"BearWallow, Hood River, Hood River County",100005,"BearWallow, OR",2019-06-25 19:04:54.355257
2019-05-10,02:00,44.5,35.3,69.9,NW@1.3,3.0,0.0,0,29.97,"BearWallow, Hood River, Hood River County",100005,"BearWallow, OR",2019-06-25 19:04:54.355257
2019-05-10,02:15,44.3,35.3,70.6,N@0.8,2.4,0.0,0,29.96,"BearWallow, Hood River, Hood River County",100005,"BearWallow, OR",2019-06-25 19:04:54.355257
2019-05-10,02:30,44.2,35.4,70.9,NW@1.1,2.6,0.0,0,29.96,"BearWallow, Hood River, Hood River County",100005,"BearWallow, OR",2019-06-25 19:04:54.355257
2019-05-10,02:45,43.2,35.7,74.6,NW@0.7,1.7,0.0,0,29.96,"BearWallow, Hood River, Hood River County",100005,"BearWallow, OR",2019-06-25 19:04:54.355257
2019-05-10,03:00,43.0,35.7,75.2,N@1.0,2.1,0.0,0,29.96,"BearWallow, Hood River, Hood River County",100005,"BearWallow, OR",2019-06-25 19:04:54.355257
2019-05-10,03:15,42.8,35.8,75.9,NW@1.0,1.9,0.0,0,29.96,"BearWallow, Hood River, Hood River County",100005,"BearWallow, OR",2019-06-25 19:04:54.355257
2019-05-10,03:30,42.7,36.1,77.2,N@0.7,1.7,0.0,0,29.96,"BearWallow, Hood River, Hood River County",100005,"BearWallow, OR",2019-06-25 19:04:54.355257
2019-05-10,03:45,42.2,36.1,78.7,NW@0.7,2.2,0.0,0,29.96,"BearWallow, Hood River, Hood River County",100005,"BearWallow, OR",2019-06-25 19:04:54.355257
2019-05-10,04:00,41.3,36.1,81.7,N@0.7,1.5,0.0,0,29.96,"BearWallow, Hood River, Hood River County",100005,"BearWallow, OR",2019-06-25 19:04:54.355257
2019-05-10,04:15,41.5,36.1,81.0,NW@1.3,2.6,0.0,0,29.96,"BearWallow, Hood River, Hood River County",100005,"BearWallow, OR",2019-06-25 19:04:54.355257
2019-05-10,04:30,40.8,36.1,83.4,NW@0.9,2.2,0.0,0,29.96,"BearWallow, Hood River, Hood River County",100005,"BearWallow, OR",2019-06-25 19:04:54.355257
2019-05-10,04:45,40.1,36.1,85.7,N@0.5,0.9,0.0,0,29.96,"BearWallow, Hood River, Hood River County",100005,"BearWallow, OR",2019-06-25 19:04:54.355257
2019-05-10,05:00,39.6,35.9,86.2,N@0.7,1.9,0.0,0,29.97,"BearWallow, Hood River, Hood River County",100005,"BearWallow, OR",2019-06-25 19:04:54.355257
2019-05-10,05:15,40.0,36.1,85.8,N@1.1,2.3,0.0,0,29.97,"BearWallow, Hood River, Hood River County",100005,"BearWallow, OR",2019-06-25 19:04:54.355257
2019-05-10,05:30,40.1,36.3,86.4,NW@0.8,1.7,0.0,0,29.97,"BearWallow, Hood River, Hood River County",100005,"BearWallow, OR",2019-06-25 19:04:54.355257
2019-05-10,05:45,39.8,36.1,86.7,N@0.6,1.5,0.0,2,29.96,"BearWallow, Hood River, Hood River County",100005,"BearWallow, OR",2019-06-25 19:04:54.355257
2019-05-10,06:00,40.1,36.5,86.7,N@0.9,1.6,0.0,10,29.97,"BearWallow, Hood River, Hood River County",100005,"BearWallow, OR",2019-06-25 19:04:54.355257
2019-05-10,06:15,40.6,37.0,86.9,N@0.7,1.4,0.0,34,29.97,"BearWallow, Hood River, Hood River County",100005,"BearWallow, OR",2019-06-25 19:04:54.355257
2019-05-10,06:30,41.6,38.4,88.2,E@0.8,1.5,0.0,68,29.96,"BearWallow, Hood River, Hood River County",100005,"BearWallow, OR",2019-06-25 19:04:54.355257
2019-05-10,06:45,43.3,39.3,85.6,NE@0.7,1.5,0.0,102,29.97,"BearWallow, Hood River, Hood River County",100005,"BearWallow, OR",2019-06-25 19:04:54.355257
2019-05-10,07:00,45.0,40.5,84.1,E@0.6,1.5,0.0,133,29.97,"BearWallow, Hood River, Hood River County",100005,"BearWallow, OR",2019-06-25 19:04:54.355257
2019-05-10,07:15,47.6,41.6,79.3,SE@0.9,1.5,0.0,163,29.97,"BearWallow, Hood River, Hood River County",100005,"BearWallow, OR",2019-06-25 19:04:54.355257
2019-05-10,07:30,50.1,42.3,74.7,E@0.8,2.3,0.0,201,29.97,"BearWallow, Hood River, Hood River County",100005,"BearWallow, OR",2019-06-25 19:04:54.355257
2019-05-10,07:45,51.2,43.2,73.9,SE@1.5,2.7,0.0,242,29.97,"BearWallow, Hood River, Hood River County",100005,"BearWallow, OR",2019-06-25 19:04:54.355257
2019-05-10,08:00,54.1,43.1,66.2,E@1.9,4.1,0.0,288,29.97,"BearWallow, Hood River, Hood River County",100005,"BearWallow, OR",2019-06-25 19:04:54.355257
2019-05-10,08:15,55.7,41.8,59.3,E@2.9,5.1,0.0,328,29.97,"BearWallow, Hood River, Hood River County",100005,"BearWallow, OR",2019-06-25 19:04:54.355257
2019-05-10,08:30,56.8,40.7,54.7,E@1.9,3.8,0.0,371,29.97,"BearWallow, Hood River, Hood River County",100005,"BearWallow, OR",2019-06-25 19:04:54.355257
2019-05-10,08:45,58.1,40.2,51.2,E@2.3,4.6,0.0,415,29.98,"BearWallow, Hood River, Hood River County",100005,"BearWallow, OR",2019-06-25 19:04:54.355257
2019-05-10,09:00,59.8,39.5,47.0,E@1.8,4.2,0.0,459,29.98,"BearWallow, Hood River, Hood River County",100005,"BearWallow, OR",2019-06-25 19:04:54.355257
2019-05-10,09:15,60.7,39.9,46.1,E@2.4,4.9,0.0,502,29.98,"BearWallow, Hood River, Hood River County",100005,"BearWallow, OR",2019-06-25 19:04:54.355257
2019-05-10,09:30,61.6,39.2,43.4,E@2.4,5.1,0.0,543,29.98,"BearWallow, Hood River, Hood River County",100005,"BearWallow, OR",2019-06-25 19:04:54.355257
2019-05-10,09:45,62.6,40.0,43.3,E@2.7,5.7,0.0,584,29.97,"BearWallow, Hood River, Hood River County",100005,"BearWallow, OR",2019-06-25 19:04:54.355257
2019-05-10,10:00,63.6,39.3,40.7,E@2.5,5.5,0.0,622,29.97,"BearWallow, Hood River, Hood River County",100005,"BearWallow, OR",2019-06-25 19:04:54.355257
2019-05-10,10:15,65.0,39.6,39.3,E@3.2,6.1,0.0,657,29.96,"BearWallow, Hood River, Hood River County",100005,"BearWallow, OR",2019-06-25 19:04:54.355257
2019-05-10,10:30,66.0,40.1,38.6,NE@2.7,6.6,0.0,667,29.96,"BearWallow, Hood River, Hood River County",100005,"BearWallow, OR",2019-06-25 19:04:54.355257
2019-05-10,10:45,67.4,41.9,39.4,NE@3.2,6.1,0.0,538,29.96,"BearWallow, Hood River, Hood River County",100005,"BearWallow, OR",2019-06-25 19:04:54.355257
2019-05-10,11:00,67.8,42.5,39.8,NE@3.0,8.4,0.0,752,29.96,"BearWallow, Hood River, Hood River County",100005,"BearWallow, OR",2019-06-25 19:04:54.355257
2019-05-10,11:15,68.8,43.4,39.8,N@3.0,6.3,0.0,779,29.96,"BearWallow, Hood River, Hood River County",100005,"BearWallow, OR",2019-06-25 19:04:54.355257
2019-05-10,11:30,70.2,43.6,38.3,NE@3.0,7.2,0.0,802,29.96,"BearWallow, Hood River, Hood River County",100005,"BearWallow, OR",2019-06-25 19:04:54.355257
2019-05-10,11:45,71.8,44.0,36.7,N@3.1,6.4,0.0,819,29.96,"BearWallow, Hood River, Hood River County",100005,"BearWallow, OR",2019-06-25 19:04:54.355257
2019-05-10,12:00,73.1,42.9,33.8,N@3.8,10.1,0.0,837,29.95,"BearWallow, Hood River, Hood River County",100005,"BearWallow, OR",2019-06-25 19:04:54.355257
2019-05-10,12:15,74.6,41.6,30.5,N@4.2,9.0,0.0,855,29.95,"BearWallow, Hood River, Hood River County",100005,"BearWallow, OR",2019-06-25 19:04:54.355257
2019-05-10,12:30,76.1,40.1,27.5,N@4.0,10.6,0.0,867,29.94,"BearWallow, Hood River, Hood River County",100005,"BearWallow, OR",2019-06-25 19:04:54.355257
2019-05-10,12:45,77.4,37.2,23.5,NE@3.2,8.0,0.0,876,29.93,"BearWallow, Hood River, Hood River County",100005,"BearWallow, OR",2019-06-25 19:04:54.355257
2019-05-10,13:00,78.0,37.0,22.8,NE@3.4,9.3,0.0,879,29.93,"BearWallow, Hood River, Hood River County",100005,"BearWallow, OR",2019-06-25 19:04:54.355257
2019-05-10,13:15,78.0,36.3,22.1,N@4.5,10.4,0.0,879,29.92,"BearWallow, Hood River, Hood River County",100005,"BearWallow, OR",2019-06-25 19:04:54.355257
2019-05-10,13:30,78.1,35.5,21.4,N@4.3,10.7,0.0,876,29.92,"BearWallow, Hood River, Hood River County",100005,"BearWallow, OR",2019-06-25 19:04:54.355257
2019-05-10,13:45,79.1,36.0,21.1,N@3.7,8.7,0.0,870,29.91,"BearWallow, Hood River, Hood River County",100005,"BearWallow, OR",2019-06-25 19:04:54.355257
2019-05-10,14:00,79.1,35.0,20.3,N@4.0,9.8,0.0,860,29.91,"BearWallow, Hood River, Hood River County",100005,"BearWallow, OR",2019-06-25 19:04:54.355257
2019-05-10,14:15,79.3,33.0,18.7,N@4.0,7.5,0.0,847,29.9,"BearWallow, Hood River, Hood River County",100005,"BearWallow, OR",2019-06-25 19:04:54.355257
2019-05-10,14:30,79.6,32.8,18.3,N@3.9,9.1,0.0,830,29.9,"BearWallow, Hood River, Hood River County",100005,"BearWallow, OR",2019-06-25 19:04:54.355257
2019-05-10,14:45,79.9,34.0,19.0,N@4.0,9.9,0.0,809,29.9,"BearWallow, Hood River, Hood River County",100005,"BearWallow, OR",2019-06-25 19:04:54.355257
2019-05-10,15:00,80.1,33.3,18.4,N@4.0,8.5,0.0,786,29.9,"BearWallow, Hood River, Hood River County",100005,"BearWallow, OR",2019-06-25 19:04:54.355257
2019-05-10,15:15,81.2,33.5,17.9,N@3.2,10.6,0.0,761,29.89,"BearWallow, Hood River, Hood River County",100005,"BearWallow, OR",2019-06-25 19:04:54.355257
2019-05-10,15:30,81.1,31.3,16.4,N@3.9,9.1,0.0,733,29.89,"BearWallow, Hood River, Hood River County",100005,"BearWallow, OR",2019-06-25 19:04:54.355257
2019-05-10,15:45,81.5,30.0,15.4,N@3.9,8.7,0.0,702,29.89,"BearWallow, Hood River, Hood River County",100005,"BearWallow, OR",2019-06-25 19:04:54.355257
2019-05-10,16:00,81.6,29.5,15.0,N@3.0,8.1,0.0,669,29.88,"BearWallow, Hood River, Hood River County",100005,"BearWallow, OR",2019-06-25 19:04:54.355257
2019-05-10,16:15,82.0,28.7,14.3,N@3.5,8.1,0.0,634,29.88,"BearWallow, Hood River, Hood River County",100005,"BearWallow, OR",2019-06-25 19:04:54.355257
2019-05-10,16:30,82.4,28.3,13.9,N@2.5,6.6,0.0,597,29.88,"BearWallow, Hood River, Hood River County",100005,"BearWallow, OR",2019-06-25 19:04:54.355257
2019-05-10,16:45,82.5,26.0,12.6,N@2.7,7.1,0.0,559,29.87,"BearWallow, Hood River, Hood River County",100005,"BearWallow, OR",2019-06-25 19:04:54.355257
2019-05-10,17:00,82.4,28.3,13.9,NE@2.3,4.8,0.0,517,29.87,"BearWallow, Hood River, Hood River County",100005,"BearWallow, OR",2019-06-25 19:04:54.355257
2019-05-10,17:15,82.5,26.3,12.7,NE@2.0,4.1,0.0,476,29.87,"BearWallow, Hood River, Hood River County",100005,"BearWallow, OR",2019-06-25 19:04:54.355257
2019-05-10,17:30,83.0,25.1,12.0,N@1.9,6.1,0.0,436,29.86,"BearWallow, Hood River, Hood River County",100005,"BearWallow, OR",2019-06-25 19:04:54.355257
2019-05-10,17:45,82.6,25.5,12.3,NW@2.2,5.7,0.0,393,29.86,"BearWallow, Hood River, Hood River County",100005,"BearWallow, OR",2019-06-25 19:04:54.355257
2019-05-10,18:00,81.9,33.4,17.4,W@1.3,2.9,0.0,350,29.86,"BearWallow, Hood River, Hood River County",100005,"BearWallow, OR",2019-06-25 19:04:54.355257
2019-05-10,18:15,79.5,38.0,22.5,W@1.4,3.2,0.0,307,29.86,"BearWallow, Hood River, Hood River County",100005,"BearWallow, OR",2019-06-25 19:04:54.355257
2019-05-10,18:30,77.0,36.1,22.7,NW@2.0,3.9,0.0,262,29.86,"BearWallow, Hood River, Hood River County",100005,"BearWallow, OR",2019-06-25 19:04:54.355257
2019-05-10,18:45,74.6,36.4,24.9,W@2.1,4.3,0.0,219,29.85,"BearWallow, Hood River, Hood River County",100005,"BearWallow, OR",2019-06-25 19:04:54.355257
2019-05-10,19:00,72.4,38.4,29.1,SW@1.5,3.4,0.0,177,29.85,"BearWallow, Hood River, Hood River County",100005,"BearWallow, OR",2019-06-25 19:04:54.355257
2019-05-10,19:15,70.1,37.5,30.3,W@1.4,3.7,0.0,69,29.85,"BearWallow, Hood River, Hood River County",100005,"BearWallow, OR",2019-06-25 19:04:54.355257
2019-05-10,19:30,67.7,37.5,32.9,W@1.4,2.5,0.0,31,29.85,"BearWallow, Hood River, Hood River County",100005,"BearWallow, OR",2019-06-25 19:04:54.355257
2019-05-10,19:45,65.7,37.5,35.3,NW@1.0,1.7,0.0,25,29.85,"BearWallow, Hood River, Hood River County",100005,"BearWallow, OR",2019-06-25 19:04:54.355257
2019-05-10,20:00,64.2,37.4,36.9,NW@1.1,1.9,0.0,19,29.86,"BearWallow, Hood River, Hood River County",100005,"BearWallow, OR",2019-06-25 19:04:54.355257
2019-05-10,20:15,62.7,37.2,38.6,NW@1.2,2.2,0.0,12,29.86,"BearWallow, Hood River, Hood River County",100005,"BearWallow, OR",2019-06-25 19:04:54.355257
2019-05-10,20:30,61.8,37.0,39.5,W@1.3,2.5,0.0,5,29.86,"BearWallow, Hood River, Hood River County",100005,"BearWallow, OR",2019-06-25 19:04:54.355257
2019-05-10,20:45,62.2,36.4,38.1,W@1.7,2.9,0.0,1,29.86,"BearWallow, Hood River, Hood River County",100005,"BearWallow, OR",2019-06-25 19:04:54.355257
2019-05-10,21:00,60.8,36.5,40.3,NW@1.5,3.1,0.0,0,29.87,"BearWallow, Hood River, Hood River County",100005,"BearWallow, OR",2019-06-25 19:04:54.355257
2019-05-10,21:15,58.9,37.8,45.3,NW@1.4,3.2,0.0,0,29.88,"BearWallow, Hood River, Hood River County",100005,"BearWallow, OR",2019-06-25 19:04:54.355257
2019-05-10,21:30,59.1,36.8,43.1,W@1.3,3.4,0.0,0,29.88,"BearWallow, Hood River, Hood River County",100005,"BearWallow, OR",2019-06-25 19:04:54.355257
2019-05-10,21:45,59.5,36.4,42.0,NW@1.8,5.3,0.0,0,29.89,"BearWallow, Hood River, Hood River County",100005,"BearWallow, OR",2019-06-25 19:04:54.355257
2019-05-10,22:00,57.4,36.9,46.2,NW@1.2,2.5,0.0,0,29.89,"BearWallow, Hood River, Hood River County",100005,"BearWallow, OR",2019-06-25 19:04:54.355257
2019-05-10,22:15,60.1,36.0,40.5,SW@2.0,5.1,0.0,0,29.89,"BearWallow, Hood River, Hood River County",100005,"BearWallow, OR",2019-06-25 19:04:54.355257
2019-05-10,22:30,58.2,36.3,43.7,W@1.4,4.7,0.0,0,29.9,"BearWallow, Hood River, Hood River County",100005,"BearWallow, OR",2019-06-25 19:04:54.355257
2019-05-10,22:45,59.2,35.7,41.3,SW@1.9,6.9,0.0,0,29.9,"BearWallow, Hood River, Hood River County",100005,"BearWallow, OR",2019-06-25 19:04:54.355257
2019-05-10,23:00,58.7,35.6,41.8,W@1.9,4.1,0.0,0,29.9,"BearWallow, Hood River, Hood River County",100005,"BearWallow, OR",2019-06-25 19:04:54.355257
2019-05-10,23:15,58.5,35.5,42.1,W@1.9,6.3,0.0,0,29.9,"BearWallow, Hood River, Hood River County",100005,"BearWallow, OR",2019-06-25 19:04:54.355257
2019-05-10,23:30,57.0,35.2,43.7,NW@1.6,3.1,0.0,0,29.9,"BearWallow, Hood River, Hood River County",100005,"BearWallow, OR",2019-06-25 19:04:54.355257
2019-05-10,23:45,55.3,35.6,47.4,NW@1.5,3.1,0.0,0,29.9,"BearWallow, Hood River, Hood River County",100005,"BearWallow, OR",2019-06-25 19:04:54.355257
2019-05-10,24:00,53.8,36.9,52.6,NW@1.1,2.6,0.0,0,29.9,"BearWallow, Hood River, Hood River County",100005,"BearWallow, OR",2019-06-25 19:04:54.355257
2019-05-11,00:15,53.2,36.6,53.1,W@1.0,2.4,0.0,0,29.9,"BearWallow, Hood River, Hood River County",100005,"BearWallow, OR",2019-06-25 19:04:54.355257
2019-05-11,00:30,52.4,36.6,54.8,NW@1.2,3.4,0.0,0,29.89,"BearWallow, Hood River, Hood River County",100005,"BearWallow, OR",2019-06-25 19:04:54.355257
2019-05-11,00:45,51.7,36.6,56.0,NW@1.0,3.2,0.0,0,29.9,"BearWallow, Hood River, Hood River County",100005,"BearWallow, OR",2019-06-25 19:04:54.355257
2019-05-11,01:00,51.2,36.6,57.2,W@0.9,2.0,0.0,0,29.9,"BearWallow, Hood River, Hood River County",100005,"BearWallow, OR",2019-06-25 19:04:54.355257
2019-05-11,01:15,50.7,36.3,57.8,NW@0.9,2.0,0.0,0,29.9,"BearWallow, Hood River, Hood River County",100005,"BearWallow, OR",2019-06-25 19:04:54.355257
2019-05-11,01:30,49.7,36.7,60.7,NW@0.8,1.9,0.0,0,29.91,"BearWallow, Hood River, Hood River County",100005,"BearWallow, OR",2019-06-25 19:04:54.355257
2019-05-11,01:45,49.2,36.7,61.9,NW@0.8,1.6,0.0,0,29.91,"BearWallow, Hood River, Hood River County",100005,"BearWallow, OR",2019-06-25 19:04:54.355257
2019-05-11,02:00,48.6,37.1,64.3,NW@0.8,2.2,0.0,0,29.91,"BearWallow, Hood River, Hood River County",100005,"BearWallow, OR",2019-06-25 19:04:54.355257
2019-05-11,02:15,47.8,37.1,66.3,N@0.6,1.7,0.0,0,29.91,"BearWallow, Hood River, Hood River County",100005,"BearWallow, OR",2019-06-25 19:04:54.355257
2019-05-11,02:30,47.4,37.2,67.5,NW@0.9,1.9,0.0,0,29.9,"BearWallow, Hood River, Hood River County",100005,"BearWallow, OR",2019-06-25 19:04:54.355257
2019-05-11,02:45,47.3,37.1,67.5,N@0.6,1.2,0.0,0,29.9,"BearWallow, Hood River, Hood River County",100005,"BearWallow, OR",2019-06-25 19:04:54.355257
2019-05-11,03:00,46.5,37.1,69.8,N@0.7,1.3,0.0,0,29.9,"BearWallow, Hood River, Hood River County",100005,"BearWallow, OR",2019-06-25 19:04:54.355257
2019-05-11,03:15,46.0,37.1,70.9,NW@0.9,2.8,0.0,0,29.91,"BearWallow, Hood River, Hood River County",100005,"BearWallow, OR",2019-06-25 19:04:54.355257
2019-05-11,03:30,45.6,37.3,72.5,NW@1.0,2.2,0.0,0,29.91,"BearWallow, Hood River, Hood River County",100005,"BearWallow, OR",2019-06-25 19:04:54.355257
2019-05-11,03:45,45.2,37.6,74.6,NW@0.7,1.3,0.0,0,29.91,"BearWallow, Hood River, Hood River County",100005,"BearWallow, OR",2019-06-25 19:04:54.355257
2019-05-11,04:00,44.9,37.5,74.9,NW@0.8,1.7,0.0,0,29.91,"BearWallow, Hood River, Hood River County",100005,"BearWallow, OR",2019-06-25 19:04:54.355257
2019-05-11,04:15,44.8,37.2,74.5,NW@0.9,1.7,0.0,0,29.91,"BearWallow, Hood River, Hood River County",100005,"BearWallow, OR",2019-06-25 19:04:54.355257
2019-05-11,04:30,44.1,37.4,77.2,N@0.7,1.4,0.0,0,29.91,"BearWallow, Hood River, Hood River County",100005,"BearWallow, OR",2019-06-25 19:04:54.355257
2019-05-11,04:45,43.8,37.5,78.2,N@0.8,1.6,0.0,0,29.91,"BearWallow, Hood River, Hood River County",100005,"BearWallow, OR",2019-06-25 19:04:54.355257
2019-05-11,05:00,43.6,37.4,78.7,NW@1.0,1.9,0.0,0,29.91,"BearWallow, Hood River, Hood River County",100005,"BearWallow, OR",2019-06-25 19:04:54.355257
2019-05-11,05:15,43.1,37.5,80.4,N@0.8,1.6,0.0,0,29.91,"BearWallow, Hood River, Hood River County",100005,"BearWallow, OR",2019-06-25 19:04:54.355257
2019-05-11,05:30,42.4,37.5,82.4,N@0.8,1.4,0.0,0,29.91,"BearWallow, Hood River, Hood River County",100005,"BearWallow, OR",2019-06-25 19:04:54.355257
2019-05-11,05:45,42.8,37.6,81.7,N@0.9,1.7,0.0,3,29.91,"BearWallow, Hood River, Hood River County",100005,"BearWallow, OR",2019-06-25 19:04:54.355257
2019-05-11,06:00,42.7,37.8,82.7,N@0.8,1.7,0.0,10,29.91,"BearWallow, Hood River, Hood River County",100005,"BearWallow, OR",2019-06-25 19:04:54.355257
2019-05-11,06:15,42.8,38.2,83.5,N@0.6,1.3,0.0,35,29.91,"BearWallow, Hood River, Hood River County",100005,"BearWallow, OR",2019-06-25 19:04:54.355257
2019-05-11,06:30,45.2,39.4,80.2,N@0.8,1.5,0.0,68,29.91,"BearWallow, Hood River, Hood River County",100005,"BearWallow, OR",2019-06-25 19:04:54.355257
2019-05-11,06:45,46.7,40.8,79.7,E@0.5,0.8,0.0,96,29.91,"BearWallow, Hood River, Hood River County",100005,"BearWallow, OR",2019-06-25 19:04:54.355257
2019-05-11,07:00,47.6,42.2,81.3,E@0.7,1.4,0.0,129,29.92,"BearWallow, Hood River, Hood River County",100005,"BearWallow, OR",2019-06-25 19:04:54.355257
2019-05-11,07:15,49.6,42.4,76.1,SE@0.7,1.9,0.0,164,29.92,"BearWallow, Hood River, Hood River County",100005,"BearWallow, OR",2019-06-25 19:04:54.355257
2019-05-11,07:30,52.9,43.2,69.5,E@0.7,1.8,0.0,203,29.92,"BearWallow, Hood River, Hood River County",100005,"BearWallow, OR",2019-06-25 19:04:54.355257
2019-05-11,07:45,55.4,44.7,67.2,SE@1.1,2.2,0.0,245,29.92,"BearWallow, Hood River, Hood River County",100005,"BearWallow, OR",2019-06-25 19:04:54.355257
2019-05-11,08:00,57.5,44.3,61.1,E@1.2,2.3,0.0,287,29.92,"BearWallow, Hood River, Hood River County",100005,"BearWallow, OR",2019-06-25 19:04:54.355257
2019-05-11,08:15,59.5,42.3,52.8,E@1.6,3.4,0.0,329,29.93,"BearWallow, Hood River, Hood River County",100005,"BearWallow, OR",2019-06-25 19:04:54.355257
2019-05-11,08:30,60.5,43.6,53.5,E@2.1,3.7,0.0,371,29.93,"BearWallow, Hood River, Hood River County",100005,"BearWallow, OR",2019-06-25 19:04:54.355257
2019-05-11,08:45,61.6,44.5,53.2,E@2.1,4.6,0.0,416,29.93,"BearWallow, Hood River, Hood River County",100005,"BearWallow, OR",2019-06-25 19:04:54.355257
2019-05-11,09:00,63.1,43.7,49.0,E@1.6,4.3,0.0,459,29.93,"BearWallow, Hood River, Hood River County",100005,"BearWallow, OR",2019-06-25 19:04:54.355257
2019-05-11,09:15,64.6,43.0,45.3,E@1.7,3.4,0.0,500,29.93,"BearWallow, Hood River, Hood River County",100005,"BearWallow, OR",2019-06-25 19:04:54.355257
2019-05-11,09:30,65.3,42.6,43.5,E@2.0,3.8,0.0,542,29.93,"BearWallow, Hood River, Hood River County",100005,"BearWallow, OR",2019-06-25 19:04:54.355257
2019-05-11,09:45,67.0,43.7,42.9,E@1.8,3.8,0.0,582,29.93,"BearWallow, Hood River, Hood River County",100005,"BearWallow, OR",2019-06-25 19:04:54.355257
2019-05-11,10:00,68.3,43.2,40.2,E@2.6,5.2,0.0,619,29.93,"BearWallow, Hood River, Hood River County",100005,"BearWallow, OR",2019-06-25 19:04:54.355257
2019-05-11,10:15,70.1,43.4,38.0,NE@2.3,4.8,0.0,655,29.92,"BearWallow, Hood River, Hood River County",100005,"BearWallow, OR",2019-06-25 19:04:54.355257
2019-05-11,10:30,70.8,43.3,36.9,E@2.4,5.4,0.0,686,29.92,"BearWallow, Hood River, Hood River County",100005,"BearWallow, OR",2019-06-25 19:04:54.355257
2019-05-11,10:45,71.3,41.7,34.2,E@2.7,5.1,0.0,550,29.93,"BearWallow, Hood River, Hood River County",100005,"BearWallow, OR",2019-06-25 19:04:54.355257
2019-05-11,11:00,72.5,41.8,33.0,E@2.3,5.1,0.0,751,29.92,"BearWallow, Hood River, Hood River County",100005,"BearWallow, OR",2019-06-25 19:04:54.355257
2019-05-11,11:15,73.6,40.2,29.9,NE@2.2,4.3,0.0,774,29.92,"BearWallow, Hood River, Hood River County",100005,"BearWallow, OR",2019-06-25 19:04:54.355257
2019-05-11,11:30,75.0,40.8,29.2,SE@2.2,4.6,0.0,800,29.92,"BearWallow, Hood River, Hood River County",100005,"BearWallow, OR",2019-06-25 19:04:54.355257
2019-05-11,11:45,76.4,40.2,27.3,E@2.1,5.7,0.0,823,29.92,"BearWallow, Hood River, Hood River County",100005,"BearWallow, OR",2019-06-25 19:04:54.355257
2019-05-11,12:00,77.2,40.7,27.0,E@2.5,5.5,0.0,842,29.91,"BearWallow, Hood River, Hood River County",100005,"BearWallow, OR",2019-06-25 19:04:54.355257
2019-05-11,12:15,77.8,40.8,26.6,NE@2.3,6.1,0.0,855,29.91,"BearWallow, Hood River, Hood River County",100005,"BearWallow, OR",2019-06-25 19:04:54.355257
2019-05-11,12:30,78.5,41.6,26.8,NE@2.6,5.1,0.0,866,29.91,"BearWallow, Hood River, Hood River County",100005,"BearWallow, OR",2019-06-25 19:04:54.355257
2019-05-11,12:45,79.2,42.3,26.9,E@2.4,5.3,0.0,871,29.9,"BearWallow, Hood River, Hood River County",100005,"BearWallow, OR",2019-06-25 19:04:54.355257
2019-05-11,13:00,79.8,43.5,27.6,E@2.8,5.7,0.0,874,29.9,"BearWallow, Hood River, Hood River County",100005,"BearWallow, OR",2019-06-25 19:04:54.355257
2019-05-11,13:15,80.7,44.5,27.9,E@3.0,6.8,0.0,875,29.89,"BearWallow, Hood River, Hood River County",100005,"BearWallow, OR",2019-06-25 19:04:54.355257
2019-05-11,13:30,81.2,43.7,26.6,NE@3.2,6.8,0.0,872,29.89,"BearWallow, Hood River, Hood River County",100005,"BearWallow, OR",2019-06-25 19:04:54.355257
2019-05-11,13:45,82.7,43.5,25.2,NE@3.1,8.1,0.0,865,29.88,"BearWallow, Hood River, Hood River County",100005,"BearWallow, OR",2019-06-25 19:04:54.355257
2019-05-11,14:00,83.8,43.3,24.1,NE@2.8,6.0,0.0,851,29.88,"BearWallow, Hood River, Hood River County",100005,"BearWallow, OR",2019-06-25 19:04:54.355257
2019-05-11,14:15,84.3,42.5,22.9,NE@2.7,6.8,0.0,841,29.87,"BearWallow, Hood River, Hood River County",100005,"BearWallow, OR",2019-06-25 19:04:54.355257
2019-05-11,14:30,84.5,41.2,21.7,NE@3.2,6.8,0.0,832,29.86,"BearWallow, Hood River, Hood River County",100005,"BearWallow, OR",2019-06-25 19:04:54.355257
2019-05-11,14:45,85.1,34.3,16.3,S@4.7,13.2,0.0,817,29.86,"BearWallow, Hood River, Hood River County",100005,"BearWallow, OR",2019-06-25 19:04:54.355257
2019-05-11,15:00,85.7,31.1,14.0,SW@4.9,16.3,0.0,799,29.86,"BearWallow, Hood River, Hood River County",100005,"BearWallow, OR",2019-06-25 19:04:54.355257
2019-05-11,15:15,85.4,30.5,13.8,SW@5.3,18.1,0.0,773,29.86,"BearWallow, Hood River, Hood River County",100005,"BearWallow, OR",2019-06-25 19:04:54.355257
2019-05-11,15:30,85.7,31.4,14.2,SW@4.2,17.3,0.0,748,29.86,"BearWallow, Hood River, Hood River County",100005,"BearWallow, OR",2019-06-25 19:04:54.355257
2019-05-11,15:45,85.3,30.7,14.0,SW@5.3,11.7,0.0,712,29.86,"BearWallow, Hood River, Hood River County",100005,"BearWallow, OR",2019-06-25 19:04:54.355257
2019-05-11,16:00,85.7,30.6,13.7,SW@4.5,20.0,0.0,681,29.85,"BearWallow, Hood River, Hood River County",100005,"BearWallow, OR",2019-06-25 19:04:54.355257
2019-05-11,16:15,85.0,34.2,16.2,NW@4.2,11.8,0.0,607,29.85,"BearWallow, Hood River, Hood River County",100005,"BearWallow, OR",2019-06-25 19:04:54.355257
2019-05-11,16:30,84.4,35.9,17.7,NW@3.7,10.5,0.0,565,29.85,"BearWallow, Hood River, Hood River County",100005,"BearWallow, OR",2019-06-25 19:04:54.355257
2019-05-11,16:45,84.5,36.9,18.4,SW@3.2,10.1,0.0,538,29.85,"BearWallow, Hood River, Hood River County",100005,"BearWallow, OR",2019-06-25 19:04:54.355257
2019-05-11,17:00,84.4,36.9,18.5,NW@3.3,10.2,0.0,524,29.84,"BearWallow, Hood River, Hood River County",100005,"BearWallow, OR",2019-06-25 19:04:54.355257
2019-05-11,17:15,84.1,36.5,18.3,SW@3.4,10.0,0.0,497,29.84,"BearWallow, Hood River, Hood River County",100005,"BearWallow, OR",2019-06-25 19:04:54.355257
2019-05-11,17:30,83.5,36.8,18.9,SW@4.5,12.8,0.0,431,29.84,"BearWallow, Hood River, Hood River County",100005,"BearWallow, OR",2019-06-25 19:04:54.355257
2019-05-11,17:45,83.3,36.9,19.1,S@3.9,17.8,0.0,403,29.84,"BearWallow, Hood River, Hood River County",100005,"BearWallow, OR",2019-06-25 19:04:54.355257
2019-05-11,18:00,82.9,37.2,19.5,SW@2.6,6.3,0.0,362,29.84,"BearWallow, Hood River, Hood River County",100005,"BearWallow, OR",2019-06-25 19:04:54.355257
2019-05-11,18:15,82.4,37.6,20.2,SW@3.2,9.2,0.0,309,29.84,"BearWallow, Hood River, Hood River County",100005,"BearWallow, OR",2019-06-25 19:04:54.355257
2019-05-11,18:30,81.6,38.3,21.3,SW@3.0,9.8,0.0,272,29.84,"BearWallow, Hood River, Hood River County",100005,"BearWallow, OR",2019-06-25 19:04:54.355257
2019-05-11,18:45,80.6,39.6,23.2,SW@2.1,7.0,0.0,219,29.84,"BearWallow, Hood River, Hood River County",100005,"BearWallow, OR",2019-06-25 19:04:54.355257
2019-05-11,19:00,79.5,40.3,24.7,SW@2.9,9.4,0.0,191,29.84,"BearWallow, Hood River, Hood River County",100005,"BearWallow, OR",2019-06-25 19:04:54.355257
2019-05-11,19:15,78.0,40.6,26.2,W@2.3,6.1,0.0,91,29.84,"BearWallow, Hood River, Hood River County",100005,"BearWallow, OR",2019-06-25 19:04:54.355257
2019-05-11,19:30,76.6,40.9,27.8,SW@2.6,10.5,0.0,38,29.84,"BearWallow, Hood River, Hood River County",100005,"BearWallow, OR",2019-06-25 19:04:54.355257
2019-05-11,19:45,75.3,41.0,29.2,SW@2.4,7.1,0.0,30,29.84,"BearWallow, Hood River, Hood River County",100005,"BearWallow, OR",2019-06-25 19:04:54.355257
2019-05-11,20:00,74.5,40.4,29.2,SW@2.4,5.5,0.0,23,29.84,"BearWallow, Hood River, Hood River County",100005,"BearWallow, OR",2019-06-25 19:04:54.355257
2019-05-11,20:15,74.4,38.6,27.3,W@2.5,6.6,0.0,14,29.84,"BearWallow, Hood River, Hood River County",100005,"BearWallow, OR",2019-06-25 19:04:54.355257
2019-05-11,20:30,72.6,39.0,29.5,W@1.9,4.5,0.0,5,29.84,"BearWallow, Hood River, Hood River County",100005,"BearWallow, OR",2019-06-25 19:04:54.355257
2019-05-11,20:45,70.7,39.3,31.8,W@1.9,4.7,0.0,0,29.85,"BearWallow, Hood River, Hood River County",100005,"BearWallow, OR",2019-06-25 19:04:54.355257
2019-05-11,21:00,71.9,39.1,30.4,W@2.8,11.1,0.0,0,29.85,"BearWallow, Hood River, Hood River County",100005,"BearWallow, OR",2019-06-25 19:04:54.355257
2019-05-11,21:15,72.9,40.1,30.6,SW@3.8,8.9,0.0,0,29.86,"BearWallow, Hood River, Hood River County",100005,"BearWallow, OR",2019-06-25 19:04:54.355257
2019-05-11,21:30,72.4,41.6,32.9,W@3.1,14.1,0.0,0,29.86,"BearWallow, Hood River, Hood River County",100005,"BearWallow, OR",2019-06-25 19:04:54.355257
2019-05-11,21:45,71.9,43.3,35.6,SW@2.5,9.8,0.0,0,29.86,"BearWallow, Hood River, Hood River County",100005,"BearWallow, OR",2019-06-25 19:04:54.355257
2019-05-11,22:00,71.2,44.5,38.2,W@1.7,4.8,0.0,0,29.86,"BearWallow, Hood River, Hood River County",100005,"BearWallow, OR",2019-06-25 19:04:54.355257
2019-05-11,22:15,69.9,44.5,39.9,W@1.5,3.7,0.0,0,29.86,"BearWallow, Hood River, Hood River County",100005,"BearWallow, OR",2019-06-25 19:04:54.355257
2019-05-11,22:30,69.0,44.2,40.7,W@1.3,4.8,0.0,0,29.87,"BearWallow, Hood River, Hood River County",100005,"BearWallow, OR",2019-06-25 19:04:54.355257
2019-05-11,22:45,68.3,44.2,41.7,W@1.9,5.5,0.0,0,29.88,"BearWallow, Hood River, Hood River County",100005,"BearWallow, OR",2019-06-25 19:04:54.355257
2019-05-11,23:00,66.3,44.4,45.1,W@1.7,4.7,0.0,0,29.88,"BearWallow, Hood River, Hood River County",100005,"BearWallow, OR",2019-06-25 19:04:54.355257
2019-05-11,23:15,65.5,44.2,46.0,W@1.7,4.6,0.0,0,29.88,"BearWallow, Hood River, Hood River County",100005,"BearWallow, OR",2019-06-25 19:04:54.355257
2019-05-11,23:30,66.0,44.0,44.8,W@2.3,4.6,0.0,0,29.88,"BearWallow, Hood River, Hood River County",100005,"BearWallow, OR",2019-06-25 19:04:54.355257
2019-05-11,23:45,67.3,43.4,42.0,SW@2.6,8.0,0.0,0,29.88,"BearWallow, Hood River, Hood River County",100005,"BearWallow, OR",2019-06-25 19:04:54.355257
2019-05-11,24:00,66.9,43.0,41.9,SW@2.7,6.4,0.0,0,29.88,"BearWallow, Hood River, Hood River County",100005,"BearWallow, OR",2019-06-25 19:04:54.355257
2019-05-12,00:15,67.3,42.6,40.6,SW@2.6,8.0,0.0,0,29.88,"BearWallow, Hood River, Hood River County",100005,"BearWallow, OR",2019-06-25 19:04:54.355257
2019-05-12,00:30,68.1,42.0,38.7,S@4.2,13.3,0.0,0,29.88,"BearWallow, Hood River, Hood River County",100005,"BearWallow, OR",2019-06-25 19:04:54.355257
2019-05-12,00:45,67.8,42.2,39.4,SW@3.9,10.7,0.0,0,29.88,"BearWallow, Hood River, Hood River County",100005,"BearWallow, OR",2019-06-25 19:04:54.355257
2019-05-12,01:00,68.1,41.4,37.8,SW@4.5,11.5,0.0,0,29.88,"BearWallow, Hood River, Hood River County",100005,"BearWallow, OR",2019-06-25 19:04:54.355257
2019-05-12,01:15,68.3,40.4,36.0,SW@5.7,18.4,0.0,0,29.89,"BearWallow, Hood River, Hood River County",100005,"BearWallow, OR",2019-06-25 19:04:54.355257
2019-05-12,01:30,67.8,39.7,35.8,SW@4.4,12.7,0.0,0,29.88,"BearWallow, Hood River, Hood River County",100005,"BearWallow, OR",2019-06-25 19:04:54.355257
2019-05-12,01:45,67.2,39.1,35.7,SW@3.6,10.4,0.0,0,29.88,"BearWallow, Hood River, Hood River County",100005,"BearWallow, OR",2019-06-25 19:04:54.355257
2019-05-12,02:00,67.3,38.6,34.9,SW@3.9,10.8,0.0,0,29.88,"BearWallow, Hood River, Hood River County",100005,"BearWallow, OR",2019-06-25 19:04:54.355257
2019-05-12,02:15,67.1,38.3,34.7,SW@3.7,8.3,0.0,0,29.88,"BearWallow, Hood River, Hood River County",100005,"BearWallow, OR",2019-06-25 19:04:54.355257
2019-05-12,02:30,66.0,38.2,35.9,SW@2.1,6.4,0.0,0,29.89,"BearWallow, Hood River, Hood River County",100005,"BearWallow, OR",2019-06-25 19:04:54.355257
2019-05-12,02:45,62.1,40.8,45.4,NE@2.3,5.1,0.0,0,29.89,"BearWallow, Hood River, Hood River County",100005,"BearWallow, OR",2019-06-25 19:04:54.355257
2019-05-12,03:00,60.3,40.9,48.6,E@1.7,6.3,0.0,0,29.88,"BearWallow, Hood River, Hood River County",100005,"BearWallow, OR",2019-06-25 19:04:54.355257
2019-05-12,03:15,58.6,41.2,52.4,N@2.1,7.2,0.0,0,29.88,"BearWallow, Hood River, Hood River County",100005,"BearWallow, OR",2019-06-25 19:04:54.355257
2019-05-12,03:30,56.7,41.1,55.7,W@1.9,4.7,0.0,0,29.89,"BearWallow, Hood River, Hood River County",100005,"BearWallow, OR",2019-06-25 19:04:54.355257
2019-05-12,03:45,56.0,40.5,56.0,NW@1.5,3.8,0.0,0,29.89,"BearWallow, Hood River, Hood River County",100005,"BearWallow, OR",2019-06-25 19:04:54.355257
2019-05-12,04:00,53.9,40.5,60.2,N@1.0,2.0,0.0,0,29.89,"BearWallow, Hood River, Hood River County",100005,"BearWallow, OR",2019-06-25 19:04:54.355257
2019-05-12,04:15,52.1,40.6,64.7,NW@1.3,2.8,0.0,0,29.9,"BearWallow, Hood River, Hood River County",100005,"BearWallow, OR",2019-06-25 19:04:54.355257
2019-05-12,04:30,50.5,40.7,69.0,NW@0.9,3.2,0.0,0,29.9,"BearWallow, Hood River, Hood River County",100005,"BearWallow, OR",2019-06-25 19:04:54.355257
2019-05-12,04:45,49.5,40.4,70.8,N@0.9,1.8,0.0,0,29.9,"BearWallow, Hood River, Hood River County",100005,"BearWallow, OR",2019-06-25 19:04:54.355257
2019-05-12,05:00,48.2,40.3,74.1,NW@1.0,1.8,0.0,0,29.91,"BearWallow, Hood River, Hood River County",100005,"BearWallow, OR",2019-06-25 19:04:54.355257
2019-05-12,05:15,48.0,40.4,74.8,NW@1.2,3.2,0.0,0,29.91,"BearWallow, Hood River, Hood River County",100005,"BearWallow, OR",2019-06-25 19:04:54.355257
2019-05-12,05:30,47.0,40.5,78.0,N@1.1,2.8,0.0,0,29.91,"BearWallow, Hood River, Hood River County",100005,"BearWallow, OR",2019-06-25 19:04:54.355257
2019-05-12,05:45,47.1,40.8,78.5,SW@1.4,3.2,0.0,2,29.91,"BearWallow, Hood River, Hood River County",100005,"BearWallow, OR",2019-06-25 19:04:54.355257
2019-05-12,06:00,47.0,41.2,80.3,NW@0.9,2.2,0.0,5,29.91,"BearWallow, Hood River, Hood River County",100005,"BearWallow, OR",2019-06-25 19:04:54.355257
2019-05-12,06:15,47.1,41.6,81.1,N@1.3,3.5,0.0,14,29.91,"BearWallow, Hood River, Hood River County",100005,"BearWallow, OR",2019-06-25 19:04:54.355257
2019-05-12,06:30,46.6,42.0,83.7,NE@0.9,2.1,0.0,30,29.91,"BearWallow, Hood River, Hood River County",100005,"BearWallow, OR",2019-06-25 19:04:54.355257
2019-05-12,06:45,47.3,42.7,84.0,NE@1.1,2.5,0.0,49,29.91,"BearWallow, Hood River, Hood River County",100005,"BearWallow, OR",2019-06-25 19:04:54.355257
2019-05-12,07:00,48.1,43.7,84.7,NE@1.0,2.3,0.0,65,29.92,"BearWallow, Hood River, Hood River County",100005,"BearWallow, OR",2019-06-25 19:04:54.355257
2019-05-12,07:15,49.0,44.9,85.8,SE@0.6,1.7,0.0,117,29.92,"BearWallow, Hood River, Hood River County",100005,"BearWallow, OR",2019-06-25 19:04:54.355257
2019-05-12,07:30,52.1,46.8,82.0,E@0.7,1.7,0.0,157,29.92,"BearWallow, Hood River, Hood River County",100005,"BearWallow, OR",2019-06-25 19:04:54.355257
2019-05-12,07:45,55.0,47.8,76.6,E@0.7,3.2,0.0,234,29.92,"BearWallow, Hood River, Hood River County",100005,"BearWallow, OR",2019-06-25 19:04:54.355257
2019-05-12,08:00,57.1,47.4,69.9,N@1.8,3.6,0.0,314,29.92,"BearWallow, Hood River, Hood River County",100005,"BearWallow, OR",2019-06-25 19:04:54.355257
2019-05-12,08:15,59.3,47.3,64.5,NE@1.6,4.4,0.0,349,29.92,"BearWallow, Hood River, Hood River County",100005,"BearWallow, OR",2019-06-25 19:04:54.355257
2019-05-12,08:30,60.4,47.1,61.3,NE@2.1,5.4,0.0,381,29.92,"BearWallow, Hood River, Hood River County",100005,"BearWallow, OR",2019-06-25 19:04:54.355257
2019-05-12,08:45,61.5,47.2,59.2,E@1.8,5.1,0.0,425,29.92,"BearWallow, Hood River, Hood River County",100005,"BearWallow, OR",2019-06-25 19:04:54.355257
2019-05-12,09:00,62.2,47.3,58.2,NE@2.6,5.8,0.0,476,29.91,"BearWallow, Hood River, Hood River County",100005,"BearWallow, OR",2019-06-25 19:04:54.355257
2019-05-12,09:15,63.2,47.7,56.9,E@2.6,6.4,0.0,520,29.92,"BearWallow, Hood River, Hood River County",100005,"BearWallow, OR",2019-06-25 19:04:54.355257
2019-05-12,09:30,63.8,47.7,55.8,SE@2.9,6.7,0.0,552,29.92,"BearWallow, Hood River, Hood River County",100005,"BearWallow, OR",2019-06-25 19:04:54.355257
2019-05-12,09:45,64.9,47.9,54.0,E@2.7,6.3,0.0,577,29.92,"BearWallow, Hood River, Hood River County",100005,"BearWallow, OR",2019-06-25 19:04:54.355257
2019-05-12,10:00,65.6,48.2,53.2,SE@3.6,7.5,0.0,635,29.91,"BearWallow, Hood River, Hood River County",100005,"BearWallow, OR",2019-06-25 19:04:54.355257
2019-05-12,10:15,66.3,48.2,52.2,SE@3.8,10.9,0.0,670,29.91,"BearWallow, Hood River, Hood River County",100005,"BearWallow, OR",2019-06-25 19:04:54.355257
2019-05-12,10:30,67.3,48.5,50.8,SE@3.9,7.7,0.0,690,29.91,"BearWallow, Hood River, Hood River County",100005,"BearWallow, OR",2019-06-25 19:04:54.355257
2019-05-12,10:45,68.1,48.3,49.0,SE@3.6,6.6,0.0,590,29.92,"BearWallow, Hood River, Hood River County",100005,"BearWallow, OR",2019-06-25 19:04:54.355257
2019-05-12,11:00,68.6,48.6,48.9,SE@3.4,7.3,0.0,740,29.91,"BearWallow, Hood River, Hood River County",100005,"BearWallow, OR",2019-06-25 19:04:54.355257
2019-05-12,11:15,69.5,48.9,47.8,E@3.2,7.3,0.0,773,29.91,"BearWallow, Hood River, Hood River County",100005,"BearWallow, OR",2019-06-25 19:04:54.355257
2019-05-12,11:30,69.8,48.7,47.0,E@2.6,5.9,0.0,762,29.91,"BearWallow, Hood River, Hood River County",100005,"BearWallow, OR",2019-06-25 19:04:54.355257
2019-05-12,11:45,71.1,49.1,45.6,E@3.4,7.3,0.0,822,29.91,"BearWallow, Hood River, Hood River County",100005,"BearWallow, OR",2019-06-25 19:04:54.355257
2019-05-12,12:00,71.4,49.0,45.0,E@2.6,5.9,0.0,782,29.91,"BearWallow, Hood River, Hood River County",100005,"BearWallow, OR",2019-06-25 19:04:54.355257
2019-05-12,12:15,72.2,48.9,43.6,E@2.6,6.3,0.0,819,29.9,"BearWallow, Hood River, Hood River County",100005,"BearWallow, OR",2019-06-25 19:04:54.355257
2019-05-12,12:30,73.6,48.9,41.7,E@2.8,7.9,0.0,866,29.9,"BearWallow, Hood River, Hood River County",100005,"BearWallow, OR",2019-06-25 19:04:54.355257
2019-05-12,12:45,74.0,48.2,40.0,E@3.4,7.0,0.0,858,29.9,"BearWallow, Hood River, Hood River County",100005,"BearWallow, OR",2019-06-25 19:04:54.355257
2019-05-12,13:00,75.4,46.8,36.2,SE@4.9,13.6,0.0,861,29.89,"BearWallow, Hood River, Hood River County",100005,"BearWallow, OR",2019-06-25 19:04:54.355257
2019-05-12,13:15,75.9,44.2,32.2,S@4.3,11.5,0.0,845,29.89,"BearWallow, Hood River, Hood River County",100005,"BearWallow, OR",2019-06-25 19:04:54.355257
2019-05-12,13:30,76.1,43.5,31.2,SW@5.3,10.7,0.0,843,29.89,"BearWallow, Hood River, Hood River County",100005,"BearWallow, OR",2019-06-25 19:04:54.355257
2019-05-12,13:45,76.3,42.7,30.1,SW@4.1,12.6,0.0,901,29.89,"BearWallow, Hood River, Hood River County",100005,"BearWallow, OR",2019-06-25 19:04:54.355257
2019-05-12,14:00,76.8,43.0,30.0,S@4.5,15.3,0.0,847,29.89,"BearWallow, Hood River, Hood River County",100005,"BearWallow, OR",2019-06-25 19:04:54.355257
2019-05-12,14:15,77.5,43.7,30.1,SE@3.4,10.8,0.0,797,29.89,"BearWallow, Hood River, Hood River County",100005,"BearWallow, OR",2019-06-25 19:04:54.355257
2019-05-12,14:30,77.1,44.5,31.4,NE@4.4,11.2,0.0,817,29.88,"BearWallow, Hood River, Hood River County",100005,"BearWallow, OR",2019-06-25 19:04:54.355257
2019-05-12,14:45,77.0,41.8,28.4,W@4.8,16.4,0.0,797,29.88,"BearWallow, Hood River, Hood River County",100005,"BearWallow, OR",2019-06-25 19:04:54.355257
2019-05-12,15:00,77.7,41.7,27.7,SW@5.0,16.9,0.0,857,29.88,"BearWallow, Hood River, Hood River County",100005,"BearWallow, OR",2019-06-25 19:04:54.355257
2019-05-12,15:15,77.4,41.3,27.5,S@5.6,13.2,0.0,828,29.87,"BearWallow, Hood River, Hood River County",100005,"BearWallow, OR",2019-06-25 19:04:54.355257
2019-05-12,15:30,78.1,41.7,27.2,S@4.4,11.9,0.0,763,29.87,"BearWallow, Hood River, Hood River County",100005,"BearWallow, OR",2019-06-25 19:04:54.355257
2019-05-12,15:45,78.4,41.9,27.2,S@4.8,11.4,0.0,828,29.87,"BearWallow, Hood River, Hood River County",100005,"BearWallow, OR",2019-06-25 19:04:54.355257
2019-05-12,16:00,77.1,40.8,27.3,SW@5.3,14.4,0.0,624,29.87,"BearWallow, Hood River, Hood River County",100005,"BearWallow, OR",2019-06-25 19:04:54.355257
2019-05-12,16:15,77.4,41.1,27.3,W@4.0,10.7,0.0,678,29.87,"BearWallow, Hood River, Hood River County",100005,"BearWallow, OR",2019-06-25 19:04:54.355257
2019-05-12,16:30,77.2,41.3,27.7,SW@4.9,12.8,0.0,629,29.87,"BearWallow, Hood River, Hood River County",100005,"BearWallow, OR",2019-06-25 19:04:54.355257
2019-05-12,16:45,76.9,41.2,27.8,SW@3.8,8.7,0.0,571,29.87,"BearWallow, Hood River, Hood River County",100005,"BearWallow, OR",2019-06-25 19:04:54.355257
2019-05-12,17:00,76.7,41.7,28.6,SW@4.9,13.6,0.0,548,29.87,"BearWallow, Hood River, Hood River County",100005,"BearWallow, OR",2019-06-25 19:04:54.355257
2019-05-12,17:15,76.4,41.6,28.7,SW@4.7,15.0,0.0,463,29.87,"BearWallow, Hood River, Hood River County",100005,"BearWallow, OR",2019-06-25 19:04:54.355257
2019-05-12,17:30,75.4,40.8,28.8,SW@4.0,10.1,0.0,332,29.87,"BearWallow, Hood River, Hood River County",100005,"BearWallow, OR",2019-06-25 19:04:54.355257
2019-05-12,17:45,75.0,40.5,28.8,SW@4.6,10.6,0.0,378,29.86,"BearWallow, Hood River, Hood River County",100005,"BearWallow, OR",2019-06-25 19:04:54.355257
2019-05-12,18:00,74.2,39.9,28.9,SW@4.3,10.8,0.0,283,29.87,"BearWallow, Hood River, Hood River County",100005,"BearWallow, OR",2019-06-25 19:04:54.355257
2019-05-12,18:15,74.1,39.4,28.4,SW@4.2,11.9,0.0,291,29.87,"BearWallow, Hood River, Hood River County",100005,"BearWallow, OR",2019-06-25 19:04:54.355257
2019-05-12,18:30,74.2,39.3,28.3,SW@3.9,10.8,0.0,310,29.87,"BearWallow, Hood River, Hood River County",100005,"BearWallow, OR",2019-06-25 19:04:54.355257
2019-05-12,18:45,74.0,38.5,27.6,SW@4.0,9.9,0.0,281,29.87,"BearWallow, Hood River, Hood River County",100005,"BearWallow, OR",2019-06-25 19:04:54.355257
2019-05-12,19:00,73.7,36.6,25.8,NW@2.6,6.7,0.0,222,29.88,"BearWallow, Hood River, Hood River County",100005,"BearWallow, OR",2019-06-25 19:04:54.355257
2019-05-12,19:15,72.7,33.7,23.9,W@2.7,7.4,0.0,117,29.88,"BearWallow, Hood River, Hood River County",100005,"BearWallow, OR",2019-06-25 19:04:54.355257
2019-05-12,19:30,71.9,32.3,23.2,W@2.2,6.8,0.0,110,29.88,"BearWallow, Hood River, Hood River County",100005,"BearWallow, OR",2019-06-25 19:04:54.355257
2019-05-12,19:45,70.9,30.7,22.4,W@2.2,6.3,0.0,78,29.88,"BearWallow, Hood River, Hood River County",100005,"BearWallow, OR",2019-06-25 19:04:54.355257
2019-05-12,20:00,69.3,32.6,25.6,W@1.8,4.6,0.0,54,29.88,"BearWallow, Hood River, Hood River County",100005,"BearWallow, OR",2019-06-25 19:04:54.355257
2019-05-12,20:15,67.4,35.3,30.4,W@1.8,3.8,0.0,39,29.88,"BearWallow, Hood River, Hood River County",100005,"BearWallow, OR",2019-06-25 19:04:54.355257
2019-05-12,20:30,65.6,36.5,34.1,SW@1.8,3.5,0.0,13,29.89,"BearWallow, Hood River, Hood River County",100005,"BearWallow, OR",2019-06-25 19:04:54.355257
2019-05-12,20:45,65.0,35.1,32.8,SW@2.7,5.5,0.0,1,29.9,"BearWallow, Hood River, Hood River County",100005,"BearWallow, OR",2019-06-25 19:04:54.355257
2019-05-12,21:00,64.9,34.8,32.6,SW@2.9,8.3,0.0,0,29.9,"BearWallow, Hood River, Hood River County",100005,"BearWallow, OR",2019-06-25 19:04:54.355257
2019-05-12,21:15,64.5,35.7,34.3,SW@2.9,8.8,0.0,0,29.91,"BearWallow, Hood River, Hood River County",100005,"BearWallow, OR",2019-06-25 19:04:54.355257
2019-05-12,21:30,65.1,37.4,35.9,SW@4.6,15.2,0.0,0,29.91,"BearWallow, Hood River, Hood River County",100005,"BearWallow, OR",2019-06-25 19:04:54.355257
2019-05-12,21:45,64.9,39.0,38.5,SW@3.4,9.4,0.0,0,29.92,"BearWallow, Hood River, Hood River County",100005,"BearWallow, OR",2019-06-25 19:04:54.355257
2019-05-12,22:00,64.7,40.2,40.4,SW@3.0,7.9,0.0,0,29.92,"BearWallow, Hood River, Hood River County",100005,"BearWallow, OR",2019-06-25 19:04:54.355257
2019-05-12,22:15,64.5,41.3,42.5,S@3.3,9.6,0.0,0,29.92,"BearWallow, Hood River, Hood River County",100005,"BearWallow, OR",2019-06-25 19:04:54.355257
2019-05-12,22:30,64.6,42.1,43.9,SW@3.4,14.4,0.0,0,29.92,"BearWallow, Hood River, Hood River County",100005,"BearWallow, OR",2019-06-25 19:04:54.355257
2019-05-12,22:45,64.4,42.6,45.0,S@2.5,6.9,0.0,0,29.92,"BearWallow, Hood River, Hood River County",100005,"BearWallow, OR",2019-06-25 19:04:54.355257
2019-05-12,23:00,63.9,42.9,46.2,SE@1.8,5.0,0.0,0,29.92,"BearWallow, Hood River, Hood River County",100005,"BearWallow, OR",2019-06-25 19:04:54.355257
2019-05-12,23:15,63.4,43.1,47.5,SE@2.4,6.4,0.0,0,29.91,"BearWallow, Hood River, Hood River County",100005,"BearWallow, OR",2019-06-25 19:04:54.355257
2019-05-12,23:30,63.3,43.4,48.2,SE@3.0,7.2,0.0,0,29.91,"BearWallow, Hood River, Hood River County",100005,"BearWallow, OR",2019-06-25 19:04:54.355257
2019-05-12,23:45,61.6,43.7,51.7,W@2.1,4.9,0.0,0,29.91,"BearWallow, Hood River, Hood River County",100005,"BearWallow, OR",2019-06-25 19:04:54.355257
2019-05-12,24:00,61.0,43.9,53.1,W@2.0,6.9,0.0,0,29.92,"BearWallow, Hood River, Hood River County",100005,"BearWallow, OR",2019-06-25 19:04:54.355257
2019-05-13,00:15,61.8,43.7,51.5,W@2.1,4.8,0.0,0,29.91,"BearWallow, Hood River, Hood River County",100005,"BearWallow, OR",2019-06-25 19:04:54.355257
2019-05-13,00:30,59.6,43.5,55.2,NW@1.3,3.8,0.0,0,29.92,"BearWallow, Hood River, Hood River County",100005,"BearWallow, OR",2019-06-25 19:04:54.355257
2019-05-13,00:45,59.3,43.5,55.8,W@1.2,4.0,0.0,0,29.91,"BearWallow, Hood River, Hood River County",100005,"BearWallow, OR",2019-06-25 19:04:54.355257
2019-05-13,01:00,60.8,43.1,52.0,SW@2.7,9.6,0.0,0,29.92,"BearWallow, Hood River, Hood River County",100005,"BearWallow, OR",2019-06-25 19:04:54.355257
2019-05-13,01:15,61.5,43.3,51.2,S@4.5,15.0,0.0,0,29.92,"BearWallow, Hood River, Hood River County",100005,"BearWallow, OR",2019-06-25 19:04:54.355257
2019-05-13,01:30,61.4,43.5,51.6,S@5.9,12.1,0.0,0,29.92,"BearWallow, Hood River, Hood River County",100005,"BearWallow, OR",2019-06-25 19:04:54.355257
2019-05-13,01:45,61.4,43.5,51.8,S@5.6,13.3,0.0,0,29.91,"BearWallow, Hood River, Hood River County",100005,"BearWallow, OR",2019-06-25 19:04:54.355257
2019-05-13,02:00,61.1,43.6,52.4,S@3.7,8.8,0.0,0,29.91,"BearWallow, Hood River, Hood River County",100005,"BearWallow, OR",2019-06-25 19:04:54.355257
2019-05-13,02:15,61.4,43.9,52.4,S@4.6,16.7,0.0,0,29.91,"BearWallow, Hood River, Hood River County",100005,"BearWallow, OR",2019-06-25 19:04:54.355257
2019-05-13,02:30,61.3,43.8,52.6,SW@4.2,12.2,0.0,0,29.91,"BearWallow, Hood River, Hood River County",100005,"BearWallow, OR",2019-06-25 19:04:54.355257
2019-05-13,02:45,61.3,43.7,52.4,SW@4.9,17.1,0.0,0,29.91,"BearWallow, Hood River, Hood River County",100005,"BearWallow, OR",2019-06-25 19:04:54.355257
2019-05-13,03:00,61.3,43.9,52.8,S@4.7,12.9,0.0,0,29.9,"BearWallow, Hood River, Hood River County",100005,"BearWallow, OR",2019-06-25 19:04:54.355257
2019-05-13,03:15,61.4,44.0,52.7,S@5.0,14.6,0.0,0,29.9,"BearWallow, Hood River, Hood River County",100005,"BearWallow, OR",2019-06-25 19:04:54.355257
2019-05-13,03:30,61.1,43.9,53.1,S@3.8,11.7,0.0,0,29.9,"BearWallow, Hood River, Hood River County",100005,"BearWallow, OR",2019-06-25 19:04:54.355257
2019-05-13,03:45,59.8,43.6,54.9,S@2.0,7.4,0.0,0,29.9,"BearWallow, Hood River, Hood River County",100005,"BearWallow, OR",2019-06-25 19:04:54.355257
2019-05-13,04:00,56.5,42.8,60.0,N@1.6,5.6,0.0,0,29.91,"BearWallow, Hood River, Hood River County",100005,"BearWallow, OR",2019-06-25 19:04:54.355257
2019-05-13,04:15,55.3,42.2,61.2,N@3.1,10.0,0.0,0,29.91,"BearWallow, Hood River, Hood River County",100005,"BearWallow, OR",2019-06-25 19:04:54.355257
2019-05-13,04:30,54.9,40.9,59.1,N@2.5,9.5,0.0,0,29.91,"BearWallow, Hood River, Hood River County",100005,"BearWallow, OR",2019-06-25 19:04:54.355257
2019-05-13,04:45,52.8,40.5,62.8,NW@1.6,3.6,0.0,0,29.91,"BearWallow, Hood River, Hood River County",100005,"BearWallow, OR",2019-06-25 19:04:54.355257
2019-05-13,05:00,52.0,40.4,64.4,NW@1.9,3.9,0.0,0,29.91,"BearWallow, Hood River, Hood River County",100005,"BearWallow, OR",2019-06-25 19:04:54.355257
2019-05-13,05:15,51.8,39.7,63.2,NW@1.9,4.8,0.0,0,29.92,"BearWallow, Hood River, Hood River County",100005,"BearWallow, OR",2019-06-25 19:04:54.355257
2019-05-13,05:30,50.7,39.4,64.9,NW@1.7,3.8,0.0,0,29.92,"BearWallow, Hood River, Hood River County",100005,"BearWallow, OR",2019-06-25 19:04:54.355257
2019-05-13,05:45,49.8,39.5,67.4,NW@1.5,3.4,0.0,2,29.93,"BearWallow, Hood River, Hood River County",100005,"BearWallow, OR",2019-06-25 19:04:54.355257
2019-05-13,06:00,48.4,39.8,72.1,N@1.2,2.8,0.0,8,29.93,"BearWallow, Hood River, Hood River County",100005,"BearWallow, OR",2019-06-25 19:04:54.355257
2019-05-13,06:15,48.5,40.0,72.2,NW@1.3,3.2,0.0,19,29.93,"BearWallow, Hood River, Hood River County",100005,"BearWallow, OR",2019-06-25 19:04:54.355257
2019-05-13,06:30,49.5,40.5,70.9,NW@1.9,4.5,0.0,34,29.93,"BearWallow, Hood River, Hood River County",100005,"BearWallow, OR",2019-06-25 19:04:54.355257
2019-05-13,06:45,50.5,41.2,70.3,N@1.6,3.7,0.0,51,29.93,"BearWallow, Hood River, Hood River County",100005,"BearWallow, OR",2019-06-25 19:04:54.355257
2019-05-13,07:00,50.7,42.1,72.0,N@1.5,3.5,0.0,104,29.93,"BearWallow, Hood River, Hood River County",100005,"BearWallow, OR",2019-06-25 19:04:54.355257
2019-05-13,07:15,52.8,42.7,68.3,NW@1.6,4.3,0.0,135,29.93,"BearWallow, Hood River, Hood River County",100005,"BearWallow, OR",2019-06-25 19:04:54.355257
2019-05-13,07:30,54.3,43.4,66.3,N@1.5,3.0,0.0,232,29.93,"BearWallow, Hood River, Hood River County",100005,"BearWallow, OR",2019-06-25 19:04:54.355257
2019-05-13,07:45,56.0,43.9,63.7,NE@1.4,3.2,0.0,287,29.94,"BearWallow, Hood River, Hood River County",100005,"BearWallow, OR",2019-06-25 19:04:54.355257
2019-05-13,08:00,57.1,44.5,62.5,NE@2.1,6.5,0.0,276,29.94,"BearWallow, Hood River, Hood River County",100005,"BearWallow, OR",2019-06-25 19:04:54.355257
2019-05-13,08:15,57.6,44.4,61.3,E@2.1,4.8,0.0,318,29.94,"BearWallow, Hood River, Hood River County",100005,"BearWallow, OR",2019-06-25 19:04:54.355257
2019-05-13,08:30,58.0,44.4,60.5,E@1.6,3.6,0.0,309,29.94,"BearWallow, Hood River, Hood River County",100005,"BearWallow, OR",2019-06-25 19:04:54.355257
2019-05-13,08:45,58.5,44.6,59.9,E@2.0,5.1,0.0,337,29.95,"BearWallow, Hood River, Hood River County",100005,"BearWallow, OR",2019-06-25 19:04:54.355257
2019-05-13,09:00,59.5,45.1,58.8,E@1.6,4.9,0.0,391,29.95,"BearWallow, Hood River, Hood River County",100005,"BearWallow, OR",2019-06-25 19:04:54.355257
2019-05-13,09:15,60.6,46.1,58.7,E@2.4,6.6,0.0,473,29.94,"BearWallow, Hood River, Hood River County",100005,"BearWallow, OR",2019-06-25 19:04:54.355257
2019-05-13,09:30,60.4,46.4,59.9,E@2.8,6.7,0.0,444,29.94,"BearWallow, Hood River, Hood River County",100005,"BearWallow, OR",2019-06-25 19:04:54.355257
2019-05-13,09:45,60.2,46.4,60.2,SE@2.2,5.8,0.0,401,29.95,"BearWallow, Hood River, Hood River County",100005,"BearWallow, OR",2019-06-25 19:04:54.355257
2019-05-13,10:00,60.9,46.8,59.6,E@2.6,6.7,0.0,511,29.94,"BearWallow, Hood River, Hood River County",100005,"BearWallow, OR",2019-06-25 19:04:54.355257
2019-05-13,10:15,61.8,47.1,58.6,SE@2.7,7.2,0.0,534,29.94,"BearWallow, Hood River, Hood River County",100005,"BearWallow, OR",2019-06-25 19:04:54.355257
2019-05-13,10:30,62.8,47.6,57.4,E@2.7,6.0,0.0,545,29.93,"BearWallow, Hood River, Hood River County",100005,"BearWallow, OR",2019-06-25 19:04:54.355257
2019-05-13,10:45,64.0,48.0,56.0,E@2.4,5.5,0.0,529,29.93,"BearWallow, Hood River, Hood River County",100005,"BearWallow, OR",2019-06-25 19:04:54.355257
2019-05-13,11:00,64.6,48.1,55.0,E@2.7,6.8,0.0,633,29.93,"BearWallow, Hood River, Hood River County",100005,"BearWallow, OR",2019-06-25 19:04:54.355257
2019-05-13,11:15,65.1,48.5,54.8,NE@2.8,10.4,0.0,548,29.92,"BearWallow, Hood River, Hood River County",100005,"BearWallow, OR",2019-06-25 19:04:54.355257
2019-05-13,11:30,65.0,48.6,55.3,E@2.8,8.2,0.0,529,29.92,"BearWallow, Hood River, Hood River County",100005,"BearWallow, OR",2019-06-25 19:04:54.355257
2019-05-13,11:45,65.8,48.9,54.2,SE@2.7,5.8,0.0,545,29.92,"BearWallow, Hood River, Hood River County",100005,"BearWallow, OR",2019-06-25 19:04:54.355257
2019-05-13,12:00,66.7,49.4,53.7,SE@2.9,9.2,0.0,583,29.92,"BearWallow, Hood River, Hood River County",100005,"BearWallow, OR",2019-06-25 19:04:54.355257
2019-05-13,12:15,66.8,49.3,53.4,SE@3.2,8.9,0.0,580,29.91,"BearWallow, Hood River, Hood River County",100005,"BearWallow, OR",2019-06-25 19:04:54.355257
2019-05-13,12:30,68.0,49.2,50.9,E@2.8,6.6,0.0,640,29.91,"BearWallow, Hood River, Hood River County",100005,"BearWallow, OR",2019-06-25 19:04:54.355257
2019-05-13,12:45,69.4,48.1,46.5,SE@3.6,12.5,0.0,836,29.9,"BearWallow, Hood River, Hood River County",100005,"BearWallow, OR",2019-06-25 19:04:54.355257
2019-05-13,13:00,71.5,45.5,39.4,S@4.3,12.4,0.0,894,29.91,"BearWallow, Hood River, Hood River County",100005,"BearWallow, OR",2019-06-25 19:04:54.355257
2019-05-13,13:15,72.3,43.6,35.6,S@3.3,10.2,0.0,882,29.9,"BearWallow, Hood River, Hood River County",100005,"BearWallow, OR",2019-06-25 19:04:54.355257
2019-05-13,13:30,72.7,41.3,32.2,W@3.5,7.4,0.0,888,29.89,"BearWallow, Hood River, Hood River County",100005,"BearWallow, OR",2019-06-25 19:04:54.355257
2019-05-13,13:45,73.0,40.2,30.5,NW@3.9,9.3,0.0,844,29.89,"BearWallow, Hood River, Hood River County",100005,"BearWallow, OR",2019-06-25 19:04:54.355257
2019-05-13,14:00,74.1,40.3,29.4,E@3.0,8.1,0.0,870,29.89,"BearWallow, Hood River, Hood River County",100005,"BearWallow, OR",2019-06-25 19:04:54.355257
2019-05-13,14:15,73.8,38.7,28.0,W@3.6,11.7,0.0,855,29.89,"BearWallow, Hood River, Hood River County",100005,"BearWallow, OR",2019-06-25 19:04:54.355257
2019-05-13,14:30,74.6,38.7,27.2,NW@3.1,6.3,0.0,838,29.88,"BearWallow, Hood River, Hood River County",100005,"BearWallow, OR",2019-06-25 19:04:54.355257
2019-05-13,14:45,74.5,39.6,28.3,S@5.1,14.6,0.0,818,29.88,"BearWallow, Hood River, Hood River County",100005,"BearWallow, OR",2019-06-25 19:04:54.355257
2019-05-13,15:00,73.9,40.6,30.1,N@4.8,15.5,0.0,791,29.88,"BearWallow, Hood River, Hood River County",100005,"BearWallow, OR",2019-06-25 19:04:54.355257
2019-05-13,15:15,74.0,40.9,30.3,N@3.6,10.7,0.0,763,29.88,"BearWallow, Hood River, Hood River County",100005,"BearWallow, OR",2019-06-25 19:04:54.355257
2019-05-13,15:30,73.9,40.9,30.4,W@4.6,13.2,0.0,745,29.88,"BearWallow, Hood River, Hood River County",100005,"BearWallow, OR",2019-06-25 19:04:54.355257
2019-05-13,15:45,73.9,40.8,30.3,N@4.0,15.5,0.0,624,29.88,"BearWallow, Hood River, Hood River County",100005,"BearWallow, OR",2019-06-25 19:04:54.355257
2019-05-13,16:00,73.5,40.4,30.3,N@5.0,14.3,0.0,711,29.87,"BearWallow, Hood River, Hood River County",100005,"BearWallow, OR",2019-06-25 19:04:54.355257
2019-05-13,16:15,73.4,40.9,30.9,N@4.9,12.6,0.0,645,29.87,"BearWallow, Hood River, Hood River County",100005,"BearWallow, OR",2019-06-25 19:04:54.355257
2019-05-13,16:30,73.1,41.5,31.9,N@4.0,11.0,0.0,529,29.87,"BearWallow, Hood River, Hood River County",100005,"BearWallow, OR",2019-06-25 19:04:54.355257
2019-05-13,16:45,72.8,41.9,32.8,W@3.3,9.9,0.0,489,29.88,"BearWallow, Hood River, Hood River County",100005,"BearWallow, OR",2019-06-25 19:04:54.355257
2019-05-13,17:00,72.1,41.2,32.8,NW@3.1,8.1,0.0,392,29.88,"BearWallow, Hood River, Hood River County",100005,"BearWallow, OR",2019-06-25 19:04:54.355257
2019-05-13,17:15,73.4,41.3,31.4,NW@3.0,8.7,0.0,527,29.87,"BearWallow, Hood River, Hood River County",100005,"BearWallow, OR",2019-06-25 19:04:54.355257
2019-05-13,17:30,72.7,41.2,32.0,NW@4.6,11.7,0.0,418,29.87,"BearWallow, Hood River, Hood River County",100005,"BearWallow, OR",2019-06-25 19:04:54.355257
2019-05-13,17:45,72.1,41.6,33.3,W@3.3,10.8,0.0,334,29.87,"BearWallow, Hood River, Hood River County",100005,"BearWallow, OR",2019-06-25 19:04:54.355257
2019-05-13,18:00,71.4,41.2,33.5,N@3.4,11.1,0.0,318,29.87,"BearWallow, Hood River, Hood River County",100005,"BearWallow, OR",2019-06-25 19:04:54.355257
2019-05-13,18:15,70.6,41.4,34.7,N@3.2,7.0,0.0,209,29.86,"BearWallow, Hood River, Hood River County",100005,"BearWallow, OR",2019-06-25 19:04:54.355257
2019-05-13,18:30,70.1,42.5,36.8,NW@2.9,9.5,0.0,227,29.86,"BearWallow, Hood River, Hood River County",100005,"BearWallow, OR",2019-06-25 19:04:54.355257
2019-05-13,18:45,69.6,43.0,38.1,N@2.2,6.1,0.0,154,29.86,"BearWallow, Hood River, Hood River County",100005,"BearWallow, OR",2019-06-25 19:04:54.355257
2019-05-13,19:00,68.7,43.0,39.3,N@2.3,7.3,0.0,103,29.86,"BearWallow, Hood River, Hood River County",100005,"BearWallow, OR",2019-06-25 19:04:54.355257
2019-05-13,19:15,67.8,43.6,41.4,NW@1.7,5.3,0.0,77,29.86,"BearWallow, Hood River, Hood River County",100005,"BearWallow, OR",2019-06-25 19:04:54.355257
2019-05-13,19:30,66.4,45.2,46.3,S@1.4,4.3,0.0,59,29.86,"BearWallow, Hood River, Hood River County",100005,"BearWallow, OR",2019-06-25 19:04:54.355257
2019-05-13,19:45,65.5,44.7,46.9,S@1.1,3.8,0.0,38,29.87,"BearWallow, Hood River, Hood River County",100005,"BearWallow, OR",2019-06-25 19:04:54.355257
2019-05-13,20:00,64.0,45.0,49.9,N@1.7,4.8,0.0,28,29.87,"BearWallow, Hood River, Hood River County",100005,"BearWallow, OR",2019-06-25 19:04:54.355257
2019-05-13,20:15,62.3,45.7,54.6,NW@1.7,3.2,0.0,17,29.88,"BearWallow, Hood River, Hood River County",100005,"BearWallow, OR",2019-06-25 19:04:54.355257
2019-05-13,20:30,60.5,45.9,58.5,NW@1.5,4.5,0.0,5,29.88,"BearWallow, Hood River, Hood River County",100005,"BearWallow, OR",2019-06-25 19:04:54.355257
2019-05-13,20:45,59.7,45.6,59.6,NW@1.2,2.7,0.0,0,29.88,"BearWallow, Hood River, Hood River County",100005,"BearWallow, OR",2019-06-25 19:04:54.355257
2019-05-13,21:00,58.3,45.5,62.2,NW@1.3,2.5,0.0,0,29.88,"BearWallow, Hood River, Hood River County",100005,"BearWallow, OR",2019-06-25 19:04:54.355257
2019-05-13,21:15,57.0,45.6,65.5,NW@1.3,2.6,0.0,0,29.89,"BearWallow, Hood River, Hood River County",100005,"BearWallow, OR",2019-06-25 19:04:54.355257
2019-05-13,21:30,56.5,45.5,66.4,NW@1.4,2.7,0.0,0,29.89,"BearWallow, Hood River, Hood River County",100005,"BearWallow, OR",2019-06-25 19:04:54.355257
2019-05-13,21:45,56.1,45.7,67.9,W@1.6,4.9,0.0,0,29.89,"BearWallow, Hood River, Hood River County",100005,"BearWallow, OR",2019-06-25 19:04:54.355257
2019-05-13,22:00,55.4,45.6,69.5,NW@1.3,3.0,0.0,0,29.89,"BearWallow, Hood River, Hood River County",100005,"BearWallow, OR",2019-06-25 19:04:54.355257
2019-05-13,22:15,55.2,45.3,69.1,NW@1.4,3.9,0.0,0,29.89,"BearWallow, Hood River, Hood River County",100005,"BearWallow, OR",2019-06-25 19:04:54.355257
2019-05-13,22:30,55.3,45.2,68.6,NW@1.5,4.1,0.0,0,29.9,"BearWallow, Hood River, Hood River County",100005,"BearWallow, OR",2019-06-25 19:04:54.355257
2019-05-13,22:45,54.4,45.1,70.6,NW@2.0,4.9,0.0,0,29.9,"BearWallow, Hood River, Hood River County",100005,"BearWallow, OR",2019-06-25 19:04:54.355257
2019-05-13,23:00,54.8,44.5,67.9,W@1.8,5.5,0.0,0,29.9,"BearWallow, Hood River, Hood River County",100005,"BearWallow, OR",2019-06-25 19:04:54.355257
2019-05-13,23:15,54.1,43.7,67.6,NW@2.0,3.7,0.0,0,29.9,"BearWallow, Hood River, Hood River County",100005,"BearWallow, OR",2019-06-25 19:04:54.355257
2019-05-13,23:30,52.7,43.1,69.8,NW@1.5,3.2,0.0,0,29.9,"BearWallow, Hood River, Hood River County",100005,"BearWallow, OR",2019-06-25 19:04:54.355257
2019-05-13,23:45,52.3,42.9,70.4,W@1.2,3.1,0.0,0,29.9,"BearWallow, Hood River, Hood River County",100005,"BearWallow, OR",2019-06-25 19:04:54.355257
2019-05-13,24:00,51.6,43.2,73.1,NW@1.7,4.6,0.0,0,29.9,"BearWallow, Hood River, Hood River County",100005,"BearWallow, OR",2019-06-25 19:04:54.355257
2019-05-14,00:15,51.6,43.5,73.7,NW@1.9,4.1,0.0,0,29.91,"BearWallow, Hood River, Hood River County",100005,"BearWallow, OR",2019-06-25 19:04:54.355257
2019-05-14,00:30,51.3,43.0,73.2,NW@1.5,2.5,0.0,0,29.91,"BearWallow, Hood River, Hood River County",100005,"BearWallow, OR",2019-06-25 19:04:54.355257
2019-05-14,00:45,50.7,43.6,76.4,W@1.4,2.6,0.0,0,29.91,"BearWallow, Hood River, Hood River County",100005,"BearWallow, OR",2019-06-25 19:04:54.355257
2019-05-14,01:00,50.8,43.4,75.8,NW@1.2,3.6,0.0,0,29.9,"BearWallow, Hood River, Hood River County",100005,"BearWallow, OR",2019-06-25 19:04:54.355257
2019-05-14,01:15,49.8,43.5,78.9,NW@1.6,3.8,0.0,0,29.9,"BearWallow, Hood River, Hood River County",100005,"BearWallow, OR",2019-06-25 19:04:54.355257
2019-05-14,01:30,50.5,43.6,77.2,W@1.2,2.4,0.0,0,29.89,"BearWallow, Hood River, Hood River County",100005,"BearWallow, OR",2019-06-25 19:04:54.355257
2019-05-14,01:45,50.6,44.1,78.4,S@0.9,2.0,0.0,0,29.89,"BearWallow, Hood River, Hood River County",100005,"BearWallow, OR",2019-06-25 19:04:54.355257
2019-05-14,02:00,50.9,44.6,78.9,N@0.7,1.9,0.0,0,29.89,"BearWallow, Hood River, Hood River County",100005,"BearWallow, OR",2019-06-25 19:04:54.355257
2019-05-14,02:15,50.9,45.1,80.3,N@0.9,1.6,0.0,0,29.89,"BearWallow, Hood River, Hood River County",100005,"BearWallow, OR",2019-06-25 19:04:54.355257
2019-05-14,02:30,51.5,45.6,80.2,N@1.3,2.6,0.0,0,29.89,"BearWallow, Hood River, Hood River County",100005,"BearWallow, OR",2019-06-25 19:04:54.355257
2019-05-14,02:45,52.0,45.9,79.6,W@1.2,3.1,0.0,0,29.89,"BearWallow, Hood River, Hood River County",100005,"BearWallow, OR",2019-06-25 19:04:54.355257
2019-05-14,03:00,51.7,46.1,81.0,NW@1.2,2.1,0.0,0,29.88,"BearWallow, Hood River, Hood River County",100005,"BearWallow, OR",2019-06-25 19:04:54.355257
2019-05-14,03:15,51.6,46.3,82.0,NW@0.9,1.8,0.0,0,29.88,"BearWallow, Hood River, Hood River County",100005,"BearWallow, OR",2019-06-25 19:04:54.355257
2019-05-14,03:30,52.0,46.2,80.4,S@1.3,2.8,0.0,0,29.88,"BearWallow, Hood River, Hood River County",100005,"BearWallow, OR",2019-06-25 19:04:54.355257
2019-05-14,03:45,52.0,46.1,80.1,NW@1.3,3.3,0.0,0,29.88,"BearWallow, Hood River, Hood River County",100005,"BearWallow, OR",2019-06-25 19:04:54.355257
2019-05-14,04:00,51.5,46.2,82.0,S@1.3,3.5,0.0,0,29.88,"BearWallow, Hood River, Hood River County",100005,"BearWallow, OR",2019-06-25 19:04:54.355257
2019-05-14,04:15,51.7,46.1,81.1,NW@1.4,5.0,0.0,0,29.88,"BearWallow, Hood River, Hood River County",100005,"BearWallow, OR",2019-06-25 19:04:54.355257
2019-05-14,04:30,51.7,46.2,81.5,N@1.0,2.3,0.0,0,29.89,"BearWallow, Hood River, Hood River County",100005,"BearWallow, OR",2019-06-25 19:04:54.355257
2019-05-14,04:45,51.5,46.5,83.0,SW@1.0,1.8,0.0,0,29.89,"BearWallow, Hood River, Hood River County",100005,"BearWallow, OR",2019-06-25 19:04:54.355257
2019-05-14,05:00,51.8,46.8,83.1,SE@0.9,2.4,0.0,0,29.89,"BearWallow, Hood River, Hood River County",100005,"BearWallow, OR",2019-06-25 19:04:54.355257
2019-05-14,05:15,51.8,46.7,82.8,N@1.3,3.7,0.0,0,29.89,"BearWallow, Hood River, Hood River County",100005,"BearWallow, OR",2019-06-25 19:04:54.355257
2019-05-14,05:30,52.2,46.8,81.5,SW@1.4,2.9,0.0,0,29.89,"BearWallow, Hood River, Hood River County",100005,"BearWallow, OR",2019-06-25 19:04:54.355257
2019-05-14,05:45,52.3,47.0,81.9,S@1.3,2.6,0.0,1,29.89,"BearWallow, Hood River, Hood River County",100005,"BearWallow, OR",2019-06-25 19:04:54.355257
2019-05-14,06:00,52.2,46.8,81.9,SW@1.2,2.4,0.0,5,29.89,"BearWallow, Hood River, Hood River County",100005,"BearWallow, OR",2019-06-25 19:04:54.355257
2019-05-14,06:15,52.3,46.8,81.5,NW@1.1,2.5,0.0,20,29.9,"BearWallow, Hood River, Hood River County",100005,"BearWallow, OR",2019-06-25 19:04:54.355257
2019-05-14,06:30,52.9,46.7,79.3,N@1.6,3.2,0.0,21,29.91,"BearWallow, Hood River, Hood River County",100005,"BearWallow, OR",2019-06-25 19:04:54.355257
2019-05-14,06:45,53.4,45.7,75.0,N@1.4,3.7,0.0,27,29.91,"BearWallow, Hood River, Hood River County",100005,"BearWallow, OR",2019-06-25 19:04:54.355257
2019-05-14,07:00,53.2,46.2,76.9,S@1.3,3.4,0.0,44,29.91,"BearWallow, Hood River, Hood River County",100005,"BearWallow, OR",2019-06-25 19:04:54.355257
2019-05-14,07:15,53.7,46.7,77.1,E@1.9,5.6,0.0,71,29.92,"BearWallow, Hood River, Hood River County",100005,"BearWallow, OR",2019-06-25 19:04:54.355257
2019-05-14,07:30,54.7,45.5,71.2,NE@2.3,5.5,0.0,103,29.92,"BearWallow, Hood River, Hood River County",100005,"BearWallow, OR",2019-06-25 19:04:54.355257
2019-05-14,07:45,54.8,45.7,71.4,S@1.3,3.7,0.0,86,29.92,"BearWallow, Hood River, Hood River County",100005,"BearWallow, OR",2019-06-25 19:04:54.355257
2019-05-14,08:00,55.1,46.1,71.7,S@1.4,4.7,0.0,85,29.93,"BearWallow, Hood River, Hood River County",100005,"BearWallow, OR",2019-06-25 19:04:54.355257
2019-05-14,08:15,55.5,43.8,64.8,SW@2.3,7.6,0.0,59,29.93,"BearWallow, Hood River, Hood River County",100005,"BearWallow, OR",2019-06-25 19:04:54.355257
2019-05-14,08:30,55.2,43.5,64.5,NW@2.0,6.0,0.0,88,29.94,"BearWallow, Hood River, Hood River County",100005,"BearWallow, OR",2019-06-25 19:04:54.355257
2019-05-14,08:45,55.2,44.6,67.3,NE@1.8,5.3,0.0,105,29.94,"BearWallow, Hood River, Hood River County",100005,"BearWallow, OR",2019-06-25 19:04:54.355257
2019-05-14,09:00,55.6,43.2,62.9,S@2.7,8.6,0.0,110,29.95,"BearWallow, Hood River, Hood River County",100005,"BearWallow, OR",2019-06-25 19:04:54.355257
2019-05-14,09:15,55.6,43.5,63.7,S@4.5,10.1,0.0,102,29.95,"BearWallow, Hood River, Hood River County",100005,"BearWallow, OR",2019-06-25 19:04:54.355257
2019-05-14,09:30,55.0,45.0,69.0,E@1.8,5.6,0.0,108,29.95,"BearWallow, Hood River, Hood River County",100005,"BearWallow, OR",2019-06-25 19:04:54.355257
2019-05-14,09:45,54.4,45.0,70.3,E@2.2,6.3,0.0,127,29.96,"BearWallow, Hood River, Hood River County",100005,"BearWallow, OR",2019-06-25 19:04:54.355257
2019-05-14,10:00,54.4,45.2,70.9,NE@1.9,4.9,0.0,140,29.96,"BearWallow, Hood River, Hood River County",100005,"BearWallow, OR",2019-06-25 19:04:54.355257
2019-05-14,10:15,54.3,45.3,71.6,E@2.4,5.9,0.0,187,29.97,"BearWallow, Hood River, Hood River County",100005,"BearWallow, OR",2019-06-25 19:04:54.355257
2019-05-14,10:30,54.3,46.0,73.3,N@2.7,6.5,0.0,205,29.97,"BearWallow, Hood River, Hood River County",100005,"BearWallow, OR",2019-06-25 19:04:54.355257
2019-05-14,10:45,54.5,46.6,74.6,NE@1.8,5.1,0.0,219,29.98,"BearWallow, Hood River, Hood River County",100005,"BearWallow, OR",2019-06-25 19:04:54.355257
2019-05-14,11:00,54.4,47.1,76.3,NE@2.1,5.8,0.0,242,29.98,"BearWallow, Hood River, Hood River County",100005,"BearWallow, OR",2019-06-25 19:04:54.355257
2019-05-14,11:15,54.8,47.4,76.2,NE@1.6,4.0,0.0,243,29.99,"BearWallow, Hood River, Hood River County",100005,"BearWallow, OR",2019-06-25 19:04:54.355257
2019-05-14,11:30,54.7,47.7,77.2,E@2.3,4.9,0.0,285,29.99,"BearWallow, Hood River, Hood River County",100005,"BearWallow, OR",2019-06-25 19:04:54.355257
2019-05-14,11:45,54.9,48.0,77.3,NE@2.5,7.1,0.0,336,29.99,"BearWallow, Hood River, Hood River County",100005,"BearWallow, OR",2019-06-25 19:04:54.355257
2019-05-14,12:00,55.9,48.3,75.7,E@2.1,5.0,0.0,373,29.99,"BearWallow, Hood River, Hood River County",100005,"BearWallow, OR",2019-06-25 19:04:54.355257
2019-05-14,12:15,57.7,46.6,66.2,SW@3.0,11.1,0.0,354,29.99,"BearWallow, Hood River, Hood River County",100005,"BearWallow, OR",2019-06-25 19:04:54.355257
2019-05-14,12:30,58.4,45.4,61.8,SW@3.5,11.2,0.0,394,29.99,"BearWallow, Hood River, Hood River County",100005,"BearWallow, OR",2019-06-25 19:04:54.355257
2019-05-14,12:45,58.5,45.3,61.5,SW@3.9,12.4,0.0,398,29.99,"BearWallow, Hood River, Hood River County",100005,"BearWallow, OR",2019-06-25 19:04:54.355257
2019-05-14,13:00,58.6,45.3,61.1,SW@5.3,12.7,0.0,423,29.99,"BearWallow, Hood River, Hood River County",100005,"BearWallow, OR",2019-06-25 19:04:54.355257
2019-05-14,13:15,58.7,45.0,60.3,SW@4.3,10.4,0.0,421,29.99,"BearWallow, Hood River, Hood River County",100005,"BearWallow, OR",2019-06-25 19:04:54.355257
2019-05-14,13:30,58.9,44.7,59.0,S@4.8,14.7,0.0,456,29.99,"BearWallow, Hood River, Hood River County",100005,"BearWallow, OR",2019-06-25 19:04:54.355257
2019-05-14,13:45,59.0,44.9,59.4,S@5.5,16.6,0.0,405,29.99,"BearWallow, Hood River, Hood River County",100005,"BearWallow, OR",2019-06-25 19:04:54.355257
2019-05-14,14:00,58.4,44.1,58.8,SW@5.5,13.1,0.0,300,29.99,"BearWallow, Hood River, Hood River County",100005,"BearWallow, OR",2019-06-25 19:04:54.355257
2019-05-14,14:15,58.6,43.6,57.2,SW@3.7,10.4,0.0,292,29.99,"BearWallow, Hood River, Hood River County",100005,"BearWallow, OR",2019-06-25 19:04:54.355257
2019-05-14,14:30,58.8,44.0,57.7,W@3.8,12.4,0.0,350,29.99,"BearWallow, Hood River, Hood River County",100005,"BearWallow, OR",2019-06-25 19:04:54.355257
2019-05-14,14:45,58.9,44.3,58.2,S@4.9,9.7,0.0,308,29.99,"BearWallow, Hood River, Hood River County",100005,"BearWallow, OR",2019-06-25 19:04:54.355257
2019-05-14,15:00,59.1,44.5,58.3,W@2.4,9.5,0.0,172,29.99,"BearWallow, Hood River, Hood River County",100005,"BearWallow, OR",2019-06-25 19:04:54.355257
2019-05-14,15:15,58.8,44.6,59.0,SW@2.3,7.0,0.0,256,29.99,"BearWallow, Hood River, Hood River County",100005,"BearWallow, OR",2019-06-25 19:04:54.355257
2019-05-14,15:30,59.2,45.0,59.2,S@4.5,14.0,0.0,455,29.99,"BearWallow, Hood River, Hood River County",100005,"BearWallow, OR",2019-06-25 19:04:54.355257
2019-05-14,15:45,60.0,45.3,58.2,NW@4.0,13.4,0.0,421,29.99,"BearWallow, Hood River, Hood River County",100005,"BearWallow, OR",2019-06-25 19:04:54.355257
2019-05-14,16:00,60.2,45.2,57.4,W@2.7,7.1,0.0,310,29.99,"BearWallow, Hood River, Hood River County",100005,"BearWallow, OR",2019-06-25 19:04:54.355257
2019-05-14,16:15,60.1,44.3,55.7,SW@3.9,11.0,0.0,318,29.99,"BearWallow, Hood River, Hood River County",100005,"BearWallow, OR",2019-06-25 19:04:54.355257
2019-05-14,16:30,60.1,43.6,54.2,SW@3.7,9.8,0.0,229,29.99,"BearWallow, Hood River, Hood River County",100005,"BearWallow, OR",2019-06-25 19:04:54.355257
2019-05-14,16:45,59.8,43.2,54.1,S@3.5,10.2,0.0,172,30.0,"BearWallow, Hood River, Hood River County",100005,"BearWallow, OR",2019-06-25 19:04:54.355257
2019-05-14,17:00,59.3,42.9,54.5,SW@3.2,9.7,0.0,151,30.0,"BearWallow, Hood River, Hood River County",100005,"BearWallow, OR",2019-06-25 19:04:54.355257
2019-05-14,17:15,58.8,43.2,56.2,W@3.4,9.4,0.0,143,30.0,"BearWallow, Hood River, Hood River County",100005,"BearWallow, OR",2019-06-25 19:04:54.355257
2019-05-14,17:30,58.6,43.8,57.9,SE@4.3,17.0,0.0,125,30.0,"BearWallow, Hood River, Hood River County",100005,"BearWallow, OR",2019-06-25 19:04:54.355257
2019-05-14,17:45,57.8,46.1,64.8,NE@2.3,4.7,0.0,119,30.01,"BearWallow, Hood River, Hood River County",100005,"BearWallow, OR",2019-06-25 19:04:54.355257
2019-05-14,18:00,57.8,46.6,66.3,N@2.2,5.5,0.0,142,30.01,"BearWallow, Hood River, Hood River County",100005,"BearWallow, OR",2019-06-25 19:04:54.355257
2019-05-14,18:15,57.9,47.2,67.6,NE@1.7,4.3,0.0,203,30.01,"BearWallow, Hood River, Hood River County",100005,"BearWallow, OR",2019-06-25 19:04:54.355257
2019-05-14,18:30,58.4,47.3,66.4,E@2.4,6.1,0.0,203,30.0,"BearWallow, Hood River, Hood River County",100005,"BearWallow, OR",2019-06-25 19:04:54.355257
2019-05-14,18:45,58.2,47.6,67.6,E@3.2,8.3,0.0,204,30.0,"BearWallow, Hood River, Hood River County",100005,"BearWallow, OR",2019-06-25 19:04:54.355257
2019-05-14,19:00,59.1,47.2,64.4,SE@2.5,8.0,0.0,274,30.0,"BearWallow, Hood River, Hood River County",100005,"BearWallow, OR",2019-06-25 19:04:54.355257
2019-05-14,19:15,58.8,47.0,64.9,NE@2.9,7.9,0.0,122,30.01,"BearWallow, Hood River, Hood River County",100005,"BearWallow, OR",2019-06-25 19:04:54.355257
2019-05-14,19:30,58.1,46.8,65.8,NE@2.8,8.6,0.0,73,30.01,"BearWallow, Hood River, Hood River County",100005,"BearWallow, OR",2019-06-25 19:04:54.355257
2019-05-14,19:45,57.2,47.3,69.4,N@2.3,5.5,0.0,42,30.01,"BearWallow, Hood River, Hood River County",100005,"BearWallow, OR",2019-06-25 19:04:54.355257
2019-05-14,20:00,57.1,47.3,69.7,N@1.1,4.2,0.0,23,30.02,"BearWallow, Hood River, Hood River County",100005,"BearWallow, OR",2019-06-25 19:04:54.355257
2019-05-14,20:15,56.5,47.5,71.6,SW@1.7,3.6,0.0,13,30.02,"BearWallow, Hood River, Hood River County",100005,"BearWallow, OR",2019-06-25 19:04:54.355257
2019-05-14,20:30,56.3,46.6,69.8,W@1.2,3.1,0.0,6,30.02,"BearWallow, Hood River, Hood River County",100005,"BearWallow, OR",2019-06-25 19:04:54.355257
2019-05-14,20:45,55.0,46.7,73.6,W@1.6,3.5,0.0,1,30.02,"BearWallow, Hood River, Hood River County",100005,"BearWallow, OR",2019-06-25 19:04:54.355257
2019-05-14,21:00,53.9,46.5,76.0,NE@2.1,5.7,0.0,0,30.01,"BearWallow, Hood River, Hood River County",100005,"BearWallow, OR",2019-06-25 19:04:54.355257
2019-05-14,21:15,52.9,46.8,79.6,NW@2.4,5.5,0.0,0,30.02,"BearWallow, Hood River, Hood River County",100005,"BearWallow, OR",2019-06-25 19:04:54.355257
2019-05-14,21:30,51.3,46.5,83.8,NW@1.8,4.4,0.0,0,30.03,"BearWallow, Hood River, Hood River County",100005,"BearWallow, OR",2019-06-25 19:04:54.355257
2019-05-14,21:45,49.9,45.9,86.0,W@1.1,3.2,0.0,0,30.03,"BearWallow, Hood River, Hood River County",100005,"BearWallow, OR",2019-06-25 19:04:54.355257
2019-05-14,22:00,49.1,45.6,87.8,NW@1.3,3.4,0.0,0,30.02,"BearWallow, Hood River, Hood River County",100005,"BearWallow, OR",2019-06-25 19:04:54.355257
2019-05-14,22:15,48.1,45.1,89.3,NW@1.4,2.6,0.0,0,30.02,"BearWallow, Hood River, Hood River County",100005,"BearWallow, OR",2019-06-25 19:04:54.355257
2019-05-14,22:30,47.3,44.9,91.3,NE@1.2,2.8,0.0,0,30.03,"BearWallow, Hood River, Hood River County",100005,"BearWallow, OR",2019-06-25 19:04:54.355257
2019-05-14,22:45,47.5,44.7,90.2,NW@2.2,4.2,0.0,0,30.02,"BearWallow, Hood River, Hood River County",100005,"BearWallow, OR",2019-06-25 19:04:54.355257
2019-05-14,23:00,46.8,45.0,93.3,SW@1.2,2.8,0.0,0,30.02,"BearWallow, Hood River, Hood River County",100005,"BearWallow, OR",2019-06-25 19:04:54.355257
2019-05-14,23:15,45.8,44.5,94.8,N@1.3,2.8,0.0,0,30.02,"BearWallow, Hood River, Hood River County",100005,"BearWallow, OR",2019-06-25 19:04:54.355257
2019-05-14,23:30,45.2,43.8,94.8,NE@1.0,2.0,0.0,0,30.02,"BearWallow, Hood River, Hood River County",100005,"BearWallow, OR",2019-06-25 19:04:54.355257
2019-05-14,23:45,44.7,43.3,94.8,W@0.9,2.3,0.0,0,30.02,"BearWallow, Hood River, Hood River County",100005,"BearWallow, OR",2019-06-25 19:04:54.355257
2019-05-14,24:00,44.9,43.2,93.8,N@1.0,2.2,0.0,0,30.01,"BearWallow, Hood River, Hood River County",100005,"BearWallow, OR",2019-06-25 19:04:54.355257
2019-05-15,00:15,44.9,43.2,93.9,W@0.7,2.0,0.0,0,30.0,"BearWallow, Hood River, Hood River County",100005,"BearWallow, OR",2019-06-25 19:04:54.355257
2019-05-15,00:30,44.8,43.1,93.5,NW@1.0,2.4,0.0,0,29.99,"BearWallow, Hood River, Hood River County",100005,"BearWallow, OR",2019-06-25 19:04:54.355257
2019-05-15,00:45,44.2,43.4,97.1,NE@1.1,2.1,0.0,0,29.98,"BearWallow, Hood River, Hood River County",100005,"BearWallow, OR",2019-06-25 19:04:54.355257
2019-05-15,01:00,44.1,43.2,96.6,NW@1.1,2.3,0.0,0,29.99,"BearWallow, Hood River, Hood River County",100005,"BearWallow, OR",2019-06-25 19:04:54.355257
2019-05-15,01:15,43.8,43.1,97.6,N@0.9,2.7,0.0,0,29.99,"BearWallow, Hood River, Hood River County",100005,"BearWallow, OR",2019-06-25 19:04:54.355257
2019-05-15,01:30,43.5,42.9,97.5,N@1.0,2.0,0.0,0,29.98,"BearWallow, Hood River, Hood River County",100005,"BearWallow, OR",2019-06-25 19:04:54.355257
2019-05-15,01:45,43.1,42.5,97.8,NW@1.0,1.6,0.0,0,29.98,"BearWallow, Hood River, Hood River County",100005,"BearWallow, OR",2019-06-25 19:04:54.355257
2019-05-15,02:00,42.5,42.1,98.6,N@1.3,3.6,0.0,0,29.98,"BearWallow, Hood River, Hood River County",100005,"BearWallow, OR",2019-06-25 19:04:54.355257
2019-05-15,02:15,42.9,42.2,97.3,NW@1.2,2.4,0.0,0,29.97,"BearWallow, Hood River, Hood River County",100005,"BearWallow, OR",2019-06-25 19:04:54.355257
2019-05-15,02:30,43.4,42.2,95.8,W@1.0,2.3,0.0,0,29.97,"BearWallow, Hood River, Hood River County",100005,"BearWallow, OR",2019-06-25 19:04:54.355257
2019-05-15,02:45,42.9,42.3,97.9,SW@1.1,3.7,0.0,0,29.96,"BearWallow, Hood River, Hood River County",100005,"BearWallow, OR",2019-06-25 19:04:54.355257
2019-05-15,03:00,42.3,42.1,99.4,NE@1.0,2.6,0.0,0,29.95,"BearWallow, Hood River, Hood River County",100005,"BearWallow, OR",2019-06-25 19:04:54.355257
2019-05-15,03:15,42.0,41.6,98.7,N@0.7,2.6,0.0,0,29.95,"BearWallow, Hood River, Hood River County",100005,"BearWallow, OR",2019-06-25 19:04:54.355257
2019-05-15,03:30,41.5,41.4,99.4,NE@1.0,2.1,0.0,0,29.94,"BearWallow, Hood River, Hood River County",100005,"BearWallow, OR",2019-06-25 19:04:54.355257
2019-05-15,03:45,41.3,41.1,99.2,NW@0.9,2.0,0.0,0,29.94,"BearWallow, Hood River, Hood River County",100005,"BearWallow, OR",2019-06-25 19:04:54.355257
2019-05-15,04:00,41.9,41.6,98.9,SW@0.8,1.7,0.0,0,29.93,"BearWallow, Hood River, Hood River County",100005,"BearWallow, OR",2019-06-25 19:04:54.355257
2019-05-15,04:15,42.5,42.2,98.8,E@1.2,2.6,0.0,0,29.93,"BearWallow, Hood River, Hood River County",100005,"BearWallow, OR",2019-06-25 19:04:54.355257
2019-05-15,04:30,43.1,42.7,98.7,NE@1.2,2.4,0.0,0,29.92,"BearWallow, Hood River, Hood River County",100005,"BearWallow, OR",2019-06-25 19:04:54.355257
2019-05-15,04:45,43.5,43.3,99.1,SE@1.0,2.6,0.0,0,29.92,"BearWallow, Hood River, Hood River County",100005,"BearWallow, OR",2019-06-25 19:04:54.355257
2019-05-15,05:00,43.6,43.6,99.8,S@1.1,2.7,0.0,0,29.92,"BearWallow, Hood River, Hood River County",100005,"BearWallow, OR",2019-06-25 19:04:54.355257
2019-05-15,05:15,44.8,44.4,98.2,N@0.8,2.1,0.0,0,29.91,"BearWallow, Hood River, Hood River County",100005,"BearWallow, OR",2019-06-25 19:04:54.355257
2019-05-15,05:30,45.7,45.3,98.2,N@0.7,1.9,0.0,0,29.91,"BearWallow, Hood River, Hood River County",100005,"BearWallow, OR",2019-06-25 19:04:54.355257
2019-05-15,05:45,46.1,46.0,99.6,E@0.7,1.4,0.0,2,29.91,"BearWallow, Hood River, Hood River County",100005,"BearWallow, OR",2019-06-25 19:04:54.355257
2019-05-15,06:00,46.1,46.0,99.8,E@0.8,1.4,0.0,5,29.9,"BearWallow, Hood River, Hood River County",100005,"BearWallow, OR",2019-06-25 19:04:54.355257
2019-05-15,06:15,46.6,46.6,99.8,NE@0.6,1.3,0.0,13,29.9,"BearWallow, Hood River, Hood River County",100005,"BearWallow, OR",2019-06-25 19:04:54.355257
2019-05-15,06:30,46.8,,100.1,E@1.3,2.4,0.0,22,29.9,"BearWallow, Hood River, Hood River County",100005,"BearWallow, OR",2019-06-25 19:04:54.355257
2019-05-15,06:45,47.0,47.0,99.9,SE@1.1,2.4,0.0,31,29.9,"BearWallow, Hood River, Hood River County",100005,"BearWallow, OR",2019-06-25 19:04:54.355257
2019-05-15,07:00,47.4,47.3,99.9,NE@1.4,4.1,0.0,37,29.9,"BearWallow, Hood River, Hood River County",100005,"BearWallow, OR",2019-06-25 19:04:54.355257
2019-05-15,07:15,47.1,47.1,99.8,NE@2.3,4.9,0.0,40,29.9,"BearWallow, Hood River, Hood River County",100005,"BearWallow, OR",2019-06-25 19:04:54.355257
2019-05-15,07:30,46.8,46.8,99.9,E@1.8,4.6,0.0,31,29.9,"BearWallow, Hood River, Hood River County",100005,"BearWallow, OR",2019-06-25 19:04:54.355257
2019-05-15,07:45,46.6,46.6,99.9,SE@1.4,3.0,0.0,56,29.89,"BearWallow, Hood River, Hood River County",100005,"BearWallow, OR",2019-06-25 19:04:54.355257
2019-05-15,08:00,46.9,46.9,99.8,E@1.1,2.1,0.0,52,29.89,"BearWallow, Hood River, Hood River County",100005,"BearWallow, OR",2019-06-25 19:04:54.355257
2019-05-15,08:15,47.2,,100.0,E@0.8,2.0,0.0,65,29.88,"BearWallow, Hood River, Hood River County",100005,"BearWallow, OR",2019-06-25 19:04:54.355257
2019-05-15,08:30,47.4,47.4,99.7,SE@0.8,1.6,0.0,70,29.87,"BearWallow, Hood River, Hood River County",100005,"BearWallow, OR",2019-06-25 19:04:54.355257
2019-05-15,08:45,48.0,47.9,99.6,SE@1.5,3.4,0.0,93,29.87,"BearWallow, Hood River, Hood River County",100005,"BearWallow, OR",2019-06-25 19:04:54.355257
2019-05-15,09:00,48.7,48.1,98.1,S@1.6,3.5,0.0,113,29.86,"BearWallow, Hood River, Hood River County",100005,"BearWallow, OR",2019-06-25 19:04:54.355257
2019-05-15,09:15,49.7,48.3,95.0,NE@1.2,3.3,0.0,123,29.86,"BearWallow, Hood River, Hood River County",100005,"BearWallow, OR",2019-06-25 19:04:54.355257
2019-05-15,09:30,50.3,48.6,94.0,E@2.0,4.3,0.0,180,29.85,"BearWallow, Hood River, Hood River County",100005,"BearWallow, OR",2019-06-25 19:04:54.355257
2019-05-15,09:45,51.0,48.6,91.3,NE@1.9,7.7,0.0,180,29.85,"BearWallow, Hood River, Hood River County",100005,"BearWallow, OR",2019-06-25 19:04:54.355257
2019-05-15,10:00,51.5,48.7,90.1,E@1.7,4.3,0.0,150,29.84,"BearWallow, Hood River, Hood River County",100005,"BearWallow, OR",2019-06-25 19:04:54.355257
2019-05-15,10:15,51.9,48.6,88.3,NE@1.6,3.4,0.0,104,29.84,"BearWallow, Hood River, Hood River County",100005,"BearWallow, OR",2019-06-25 19:04:54.355257
2019-05-15,10:30,52.3,48.7,87.5,E@1.1,3.0,0.0,100,29.84,"BearWallow, Hood River, Hood River County",100005,"BearWallow, OR",2019-06-25 19:04:54.355257
2019-05-15,10:45,52.5,48.9,87.6,E@1.7,3.4,0.0,132,29.84,"BearWallow, Hood River, Hood River County",100005,"BearWallow, OR",2019-06-25 19:04:54.355257
2019-05-15,11:00,53.0,49.1,86.2,N@1.8,4.3,0.0,134,29.84,"BearWallow, Hood River, Hood River County",100005,"BearWallow, OR",2019-06-25 19:04:54.355257
2019-05-15,11:15,53.1,48.9,85.6,N@1.9,4.1,0.0,134,29.84,"BearWallow, Hood River, Hood River County",100005,"BearWallow, OR",2019-06-25 19:04:54.355257
2019-05-15,11:30,53.3,48.5,83.6,NE@2.0,4.3,0.0,88,29.83,"BearWallow, Hood River, Hood River County",100005,"BearWallow, OR",2019-06-25 19:04:54.355257
2019-05-15,11:45,53.1,48.5,84.1,N@2.3,5.0,0.0,73,29.83,"BearWallow, Hood River, Hood River County",100005,"BearWallow, OR",2019-06-25 19:04:54.355257
2019-05-15,12:00,53.4,48.6,83.6,NE@1.2,2.6,0.0,87,29.83,"BearWallow, Hood River, Hood River County",100005,"BearWallow, OR",2019-06-25 19:04:54.355257
2019-05-15,12:15,53.3,49.4,86.5,N@2.3,4.0,0.0,173,29.82,"BearWallow, Hood River, Hood River County",100005,"BearWallow, OR",2019-06-25 19:04:54.355257
2019-05-15,12:30,53.7,49.7,86.3,N@2.6,4.4,0.0,160,29.81,"BearWallow, Hood River, Hood River County",100005,"BearWallow, OR",2019-06-25 19:04:54.355257
2019-05-15,12:45,53.5,49.5,86.3,N@3.7,6.5,0.0,223,29.81,"BearWallow, Hood River, Hood River County",100005,"BearWallow, OR",2019-06-25 19:04:54.355257
2019-05-15,13:00,53.8,49.6,85.5,N@2.8,6.2,0.0,183,29.8,"BearWallow, Hood River, Hood River County",100005,"BearWallow, OR",2019-06-25 19:04:54.355257
2019-05-15,13:15,53.8,49.8,86.4,N@3.2,7.7,0.0,217,29.79,"BearWallow, Hood River, Hood River County",100005,"BearWallow, OR",2019-06-25 19:04:54.355257
2019-05-15,13:30,53.6,50.2,87.9,N@3.2,6.4,0.0,261,29.78,"BearWallow, Hood River, Hood River County",100005,"BearWallow, OR",2019-06-25 19:04:54.355257
2019-05-15,13:45,53.7,50.3,88.2,N@3.3,6.7,0.0,292,29.78,"BearWallow, Hood River, Hood River County",100005,"BearWallow, OR",2019-06-25 19:04:54.355257
2019-05-15,14:00,54.4,51.1,88.5,N@3.4,7.1,0.0,393,29.77,"BearWallow, Hood River, Hood River County",100005,"BearWallow, OR",2019-06-25 19:04:54.355257
2019-05-15,14:15,54.3,51.0,88.3,N@4.5,8.8,0.0,311,29.76,"BearWallow, Hood River, Hood River County",100005,"BearWallow, OR",2019-06-25 19:04:54.355257
2019-05-15,14:30,54.8,51.0,86.9,N@2.6,5.9,0.0,235,29.76,"BearWallow, Hood River, Hood River County",100005,"BearWallow, OR",2019-06-25 19:04:54.355257
2019-05-15,14:45,54.9,50.9,86.4,N@3.1,8.0,0.0,157,29.75,"BearWallow, Hood River, Hood River County",100005,"BearWallow, OR",2019-06-25 19:04:54.355257
2019-05-15,15:00,55.0,50.8,85.6,N@2.5,6.3,0.0,130,29.75,"BearWallow, Hood River, Hood River County",100005,"BearWallow, OR",2019-06-25 19:04:54.355257
2019-05-15,15:15,55.1,50.9,85.5,N@2.5,8.4,0.0,128,29.75,"BearWallow, Hood River, Hood River County",100005,"BearWallow, OR",2019-06-25 19:04:54.355257
2019-05-15,15:30,55.0,50.9,86.1,N@2.6,6.2,0.0,100,29.74,"BearWallow, Hood River, Hood River County",100005,"BearWallow, OR",2019-06-25 19:04:54.355257
2019-05-15,15:45,54.3,50.8,87.7,N@3.0,5.9,0.0,120,29.74,"BearWallow, Hood River, Hood River County",100005,"BearWallow, OR",2019-06-25 19:04:54.355257
2019-05-15,16:00,54.0,51.3,90.5,NE@2.6,5.4,0.0,172,29.73,"BearWallow, Hood River, Hood River County",100005,"BearWallow, OR",2019-06-25 19:04:54.355257
2019-05-15,16:15,54.1,51.5,90.8,N@1.8,5.4,0.0,167,29.73,"BearWallow, Hood River, Hood River County",100005,"BearWallow, OR",2019-06-25 19:04:54.355257
2019-05-15,16:30,54.2,51.5,90.7,N@2.6,5.3,0.0,209,29.72,"BearWallow, Hood River, Hood River County",100005,"BearWallow, OR",2019-06-25 19:04:54.355257
2019-05-15,16:45,54.4,51.4,89.6,N@1.8,5.7,0.0,139,29.71,"BearWallow, Hood River, Hood River County",100005,"BearWallow, OR",2019-06-25 19:04:54.355257
2019-05-15,17:00,54.8,51.6,89.0,N@1.7,4.6,0.0,110,29.71,"BearWallow, Hood River, Hood River County",100005,"BearWallow, OR",2019-06-25 19:04:54.355257
2019-05-15,17:15,55.0,52.0,89.7,N@1.4,4.1,0.0,146,29.71,"BearWallow, Hood River, Hood River County",100005,"BearWallow, OR",2019-06-25 19:04:54.355257
2019-05-15,17:30,54.9,52.0,89.6,NE@2.2,4.9,0.0,96,29.7,"BearWallow, Hood River, Hood River County",100005,"BearWallow, OR",2019-06-25 19:04:54.355257
2019-05-15,17:45,55.1,52.0,89.3,N@2.3,5.7,0.0,99,29.7,"BearWallow, Hood River, Hood River County",100005,"BearWallow, OR",2019-06-25 19:04:54.355257
2019-05-15,18:00,55.3,52.3,89.5,N@2.1,4.7,0.0,106,29.69,"BearWallow, Hood River, Hood River County",100005,"BearWallow, OR",2019-06-25 19:04:54.355257
2019-05-15,18:15,55.4,52.1,88.4,N@1.6,3.7,0.0,51,29.69,"BearWallow, Hood River, Hood River County",100005,"BearWallow, OR",2019-06-25 19:04:54.355257
2019-05-15,18:30,55.5,52.0,87.7,SE@0.8,1.9,0.0,63,29.68,"BearWallow, Hood River, Hood River County",100005,"BearWallow, OR",2019-06-25 19:04:54.355257
2019-05-15,18:45,55.7,52.3,88.2,N@1.5,3.0,0.0,73,29.68,"BearWallow, Hood River, Hood River County",100005,"BearWallow, OR",2019-06-25 19:04:54.355257
2019-05-15,19:00,55.8,52.5,88.4,NE@1.1,3.0,0.0,55,29.68,"BearWallow, Hood River, Hood River County",100005,"BearWallow, OR",2019-06-25 19:04:54.355257
2019-05-15,19:15,55.8,52.5,88.7,E@1.2,2.5,0.0,24,29.68,"BearWallow, Hood River, Hood River County",100005,"BearWallow, OR",2019-06-25 19:04:54.355257
2019-05-15,19:30,55.6,52.5,89.1,SE@1.1,2.7,0.0,5,29.67,"BearWallow, Hood River, Hood River County",100005,"BearWallow, OR",2019-06-25 19:04:54.355257
2019-05-15,19:45,55.4,52.5,89.8,E@0.7,1.5,0.0,4,29.67,"BearWallow, Hood River, Hood River County",100005,"BearWallow, OR",2019-06-25 19:04:54.355257
2019-05-15,20:00,55.2,52.5,90.5,SE@1.0,2.3,0.0,3,29.67,"BearWallow, Hood River, Hood River County",100005,"BearWallow, OR",2019-06-25 19:04:54.355257
2019-05-15,20:15,55.0,52.5,91.2,S@0.9,2.3,0.0,1,29.66,"BearWallow, Hood River, Hood River County",100005,"BearWallow, OR",2019-06-25 19:04:54.355257
2019-05-15,20:30,55.0,52.4,91.0,E@1.1,3.4,0.0,1,29.66,"BearWallow, Hood River, Hood River County",100005,"BearWallow, OR",2019-06-25 19:04:54.355257
2019-05-15,20:45,54.8,52.3,91.1,S@0.7,1.6,0.0,0,29.66,"BearWallow, Hood River, Hood River County",100005,"BearWallow, OR",2019-06-25 19:04:54.355257
2019-05-15,21:00,54.5,52.4,92.3,W@0.7,1.4,0.0,0,29.67,"BearWallow, Hood River, Hood River County",100005,"BearWallow, OR",2019-06-25 19:04:54.355257
2019-05-15,21:15,54.4,52.5,93.0,E@0.9,1.7,0.0,0,29.67,"BearWallow, Hood River, Hood River County",100005,"BearWallow, OR",2019-06-25 19:04:54.355257
2019-05-15,21:30,54.4,52.6,93.6,S@0.9,1.8,0.0,0,29.66,"BearWallow, Hood River, Hood River County",100005,"BearWallow, OR",2019-06-25 19:04:54.355257
2019-05-15,21:45,54.3,52.6,94.1,SW@0.7,1.5,0.0,0,29.66,"BearWallow, Hood River, Hood River County",100005,"BearWallow, OR",2019-06-25 19:04:54.355257
2019-05-15,22:00,54.1,52.7,95.0,SE@0.4,0.9,0.0,0,29.66,"BearWallow, Hood River, Hood River County",100005,"BearWallow, OR",2019-06-25 19:04:54.355257
2019-05-15,22:15,54.0,52.8,95.7,SW@0.4,1.0,0.0,0,29.67,"BearWallow, Hood River, Hood River County",100005,"BearWallow, OR",2019-06-25 19:04:54.355257
2019-05-15,22:30,53.9,52.8,96.0,NW@1.0,2.6,0.03,0,29.66,"BearWallow, Hood River, Hood River County",100005,"BearWallow, OR",2019-06-25 19:04:54.355257
2019-05-15,22:45,53.7,52.8,97.0,SW@1.1,3.0,0.01,0,29.66,"BearWallow, Hood River, Hood River County",100005,"BearWallow, OR",2019-06-25 19:04:54.355257
2019-05-15,23:00,53.7,53.0,97.5,W@0.5,1.1,0.0,0,29.65,"BearWallow, Hood River, Hood River County",100005,"BearWallow, OR",2019-06-25 19:04:54.355257
2019-05-15,23:15,53.6,53.1,97.9,SE@0.8,1.8,0.0,0,29.65,"BearWallow, Hood River, Hood River County",100005,"BearWallow, OR",2019-06-25 19:04:54.355257
2019-05-15,23:30,53.6,53.2,98.5,SW@0.7,1.4,0.0,0,29.65,"BearWallow, Hood River, Hood River County",100005,"BearWallow, OR",2019-06-25 19:04:54.355257
2019-05-15,23:45,53.6,53.2,98.5,E@0.5,1.3,0.0,0,29.65,"BearWallow, Hood River, Hood River County",100005,"BearWallow, OR",2019-06-25 19:04:54.355257
2019-05-15,24:00,53.6,53.4,99.0,SE@0.7,1.5,0.0,0,29.64,"BearWallow, Hood River, Hood River County",100005,"BearWallow, OR",2019-06-25 19:04:54.355257
2019-05-16,00:15,53.5,53.4,99.4,NW@0.6,1.3,0.0,0,29.64,"BearWallow, Hood River, Hood River County",100005,"BearWallow, OR",2019-06-25 19:04:54.355257
2019-05-16,00:30,53.6,52.9,97.5,S@0.8,2.4,0.0,0,29.64,"BearWallow, Hood River, Hood River County",100005,"BearWallow, OR",2019-06-25 19:04:54.355257
2019-05-16,00:45,53.6,53.5,99.8,NE@0.8,1.7,0.0,0,29.64,"BearWallow, Hood River, Hood River County",100005,"BearWallow, OR",2019-06-25 19:04:54.355257
2019-05-16,01:00,53.5,53.5,100.0,SE@0.6,1.3,0.0,0,29.63,"BearWallow, Hood River, Hood River County",100005,"BearWallow, OR",2019-06-25 19:04:54.355257
2019-05-16,01:15,53.4,,100.1,SE@0.9,1.9,0.0,0,29.63,"BearWallow, Hood River, Hood River County",100005,"BearWallow, OR",2019-06-25 19:04:54.355257
2019-05-16,01:30,53.4,53.4,99.9,N@0.4,1.0,0.0,0,29.63,"BearWallow, Hood River, Hood River County",100005,"BearWallow, OR",2019-06-25 19:04:54.355257
2019-05-16,01:45,53.4,53.4,99.9,S@0.8,1.8,0.0,0,29.62,"BearWallow, Hood River, Hood River County",100005,"BearWallow, OR",2019-06-25 19:04:54.355257
2019-05-16,02:00,53.4,53.4,100.0,W@0.5,1.2,0.0,0,29.61,"BearWallow, Hood River, Hood River County",100005,"BearWallow, OR",2019-06-25 19:04:54.355257
2019-05-16,02:15,53.4,53.4,99.8,E@0.6,1.3,0.0,0,29.6,"BearWallow, Hood River, Hood River County",100005,"BearWallow, OR",2019-06-25 19:04:54.355257
2019-05-16,02:30,53.3,,100.0,SE@0.6,1.4,0.0,0,29.6,"BearWallow, Hood River, Hood River County",100005,"BearWallow, OR",2019-06-25 19:04:54.355257
2019-05-16,02:45,53.4,53.4,100.0,E@0.8,2.0,0.0,0,29.6,"BearWallow, Hood River, Hood River County",100005,"BearWallow, OR",2019-06-25 19:04:54.355257
2019-05-16,03:00,53.3,53.3,99.9,E@1.1,1.9,0.0,0,29.6,"BearWallow, Hood River, Hood River County",100005,"BearWallow, OR",2019-06-25 19:04:54.355257
2019-05-16,03:15,53.2,53.2,99.9,NW@0.7,2.1,0.0,0,29.6,"BearWallow, Hood River, Hood River County",100005,"BearWallow, OR",2019-06-25 19:04:54.355257
2019-05-16,03:30,53.2,53.2,100.0,E@1.1,2.8,0.0,0,29.6,"BearWallow, Hood River, Hood River County",100005,"BearWallow, OR",2019-06-25 19:04:54.355257
2019-05-16,03:45,53.3,53.3,99.7,NE@1.5,3.0,0.0,0,29.59,"BearWallow, Hood River, Hood River County",100005,"BearWallow, OR",2019-06-25 19:04:54.355257
2019-05-16,04:00,53.4,53.4,100.0,E@1.1,2.2,0.0,0,29.59,"BearWallow, Hood River, Hood River County",100005,"BearWallow, OR",2019-06-25 19:04:54.355257
2019-05-16,04:15,53.4,53.4,99.8,SE@0.9,1.7,0.0,0,29.58,"BearWallow, Hood River, Hood River County",100005,"BearWallow, OR",2019-06-25 19:04:54.355257
2019-05-16,04:30,53.4,53.4,99.9,SE@1.6,3.4,0.0,0,29.58,"BearWallow, Hood River, Hood River County",100005,"BearWallow, OR",2019-06-25 19:04:54.355257
2019-05-16,04:45,53.3,,100.1,SE@1.0,2.6,0.01,0,29.58,"BearWallow, Hood River, Hood River County",100005,"BearWallow, OR",2019-06-25 19:04:54.355257
2019-05-16,05:00,53.3,,100.2,N@0.7,1.5,0.01,0,29.58,"BearWallow, Hood River, Hood River County",100005,"BearWallow, OR",2019-06-25 19:04:54.355257
2019-05-16,05:15,53.3,,100.0,E@0.7,1.6,0.01,0,29.58,"BearWallow, Hood River, Hood River County",100005,"BearWallow, OR",2019-06-25 19:04:54.355257
2019-05-16,05:30,53.4,,100.0,E@0.7,1.4,0.01,0,29.58,"BearWallow, Hood River, Hood River County",100005,"BearWallow, OR",2019-06-25 19:04:54.355257
2019-05-16,05:45,53.4,53.4,99.8,SE@1.1,2.6,0.01,0,29.58,"BearWallow, Hood River, Hood River County",100005,"BearWallow, OR",2019-06-25 19:04:54.355257
2019-05-16,06:00,53.4,53.4,99.8,S@0.7,2.0,0.01,4,29.58,"BearWallow, Hood River, Hood River County",100005,"BearWallow, OR",2019-06-25 19:04:54.355257
2019-05-16,06:15,53.4,53.4,99.9,SE@0.8,2.2,0.0,15,29.58,"BearWallow, Hood River, Hood River County",100005,"BearWallow, OR",2019-06-25 19:04:54.355257
2019-05-16,06:30,53.6,,100.0,SE@1.3,3.0,0.0,25,29.58,"BearWallow, Hood River, Hood River County",100005,"BearWallow, OR",2019-06-25 19:04:54.355257
2019-05-16,06:45,53.7,53.7,99.9,SE@0.8,1.7,0.0,24,29.58,"BearWallow, Hood River, Hood River County",100005,"BearWallow, OR",2019-06-25 19:04:54.355257
2019-05-16,07:00,54.0,54.0,100.0,E@0.9,2.3,0.0,26,29.58,"BearWallow, Hood River, Hood River County",100005,"BearWallow, OR",2019-06-25 19:04:54.355257
2019-05-16,07:15,54.2,,100.1,E@1.0,2.3,0.0,51,29.58,"BearWallow, Hood River, Hood River County",100005,"BearWallow, OR",2019-06-25 19:04:54.355257
2019-05-16,07:30,54.4,54.4,99.9,E@1.4,2.6,0.01,61,29.59,"BearWallow, Hood River, Hood River County",100005,"BearWallow, OR",2019-06-25 19:04:54.355257
2019-05-16,07:45,54.4,54.3,99.5,NE@1.4,3.4,0.0,129,29.58,"BearWallow, Hood River, Hood River County",100005,"BearWallow, OR",2019-06-25 19:04:54.355257
2019-05-16,08:00,54.9,54.9,99.8,NE@1.6,3.8,0.0,117,29.58,"BearWallow, Hood River, Hood River County",100005,"BearWallow, OR",2019-06-25 19:04:54.355257
2019-05-16,08:15,55.1,55.1,99.9,NE@2.1,4.7,0.0,128,29.58,"BearWallow, Hood River, Hood River County",100005,"BearWallow, OR",2019-06-25 19:04:54.355257
2019-05-16,08:30,55.1,,100.1,NE@2.0,4.2,0.0,192,29.58,"BearWallow, Hood River, Hood River County",100005,"BearWallow, OR",2019-06-25 19:04:54.355257
2019-05-16,08:45,55.5,55.5,100.0,E@2.0,3.8,0.0,158,29.58,"BearWallow, Hood River, Hood River County",100005,"BearWallow, OR",2019-06-25 19:04:54.355257
2019-05-16,09:00,55.6,55.6,99.9,N@1.8,4.1,0.0,175,29.58,"BearWallow, Hood River, Hood River County",100005,"BearWallow, OR",2019-06-25 19:04:54.355257
2019-05-16,09:15,55.9,55.9,99.8,NW@0.8,1.7,0.0,112,29.59,"BearWallow, Hood River, Hood River County",100005,"BearWallow, OR",2019-06-25 19:04:54.355257
2019-05-16,09:30,56.1,56.0,99.6,E@1.3,3.6,0.0,158,29.59,"BearWallow, Hood River, Hood River County",100005,"BearWallow, OR",2019-06-25 19:04:54.355257
2019-05-16,09:45,56.3,56.2,99.7,NE@1.6,3.6,0.0,311,29.59,"BearWallow, Hood River, Hood River County",100005,"BearWallow, OR",2019-06-25 19:04:54.355257
2019-05-16,10:00,57.5,57.3,99.2,NE@2.1,4.8,0.0,398,29.58,"BearWallow, Hood River, Hood River County",100005,"BearWallow, OR",2019-06-25 19:04:54.355257
2019-05-16,10:15,57.8,57.8,99.7,NE@2.4,4.6,0.0,336,29.58,"BearWallow, Hood River, Hood River County",100005,"BearWallow, OR",2019-06-25 19:04:54.355257
2019-05-16,10:30,58.6,58.2,98.5,NE@2.4,4.8,0.0,423,29.58,"BearWallow, Hood River, Hood River County",100005,"BearWallow, OR",2019-06-25 19:04:54.355257
2019-05-16,10:45,58.3,57.2,95.8,N@2.2,3.8,0.0,251,29.58,"BearWallow, Hood River, Hood River County",100005,"BearWallow, OR",2019-06-25 19:04:54.355257
2019-05-16,11:00,58.7,57.3,95.0,NE@1.9,4.2,0.0,272,29.58,"BearWallow, Hood River, Hood River County",100005,"BearWallow, OR",2019-06-25 19:04:54.355257
2019-05-16,11:15,58.7,57.1,94.6,NE@1.3,3.4,0.0,261,29.58,"BearWallow, Hood River, Hood River County",100005,"BearWallow, OR",2019-06-25 19:04:54.355257
2019-05-16,11:30,58.9,57.0,93.4,N@2.0,5.3,0.0,188,29.59,"BearWallow, Hood River, Hood River County",100005,"BearWallow, OR",2019-06-25 19:04:54.355257
2019-05-16,11:45,58.6,56.6,92.8,N@3.1,6.8,0.0,96,29.59,"BearWallow, Hood River, Hood River County",100005,"BearWallow, OR",2019-06-25 19:04:54.355257
2019-05-16,12:00,57.5,55.8,94.0,N@3.2,6.9,0.0,114,29.59,"BearWallow, Hood River, Hood River County",100005,"BearWallow, OR",2019-06-25 19:04:54.355257
2019-05-16,12:15,57.3,55.7,94.4,E@1.6,3.3,0.0,163,29.6,"BearWallow, Hood River, Hood River County",100005,"BearWallow, OR",2019-06-25 19:04:54.355257
2019-05-16,12:30,57.5,56.0,94.9,E@1.6,4.0,0.0,149,29.6,"BearWallow, Hood River, Hood River County",100005,"BearWallow, OR",2019-06-25 19:04:54.355257
2019-05-16,12:45,57.2,55.7,94.9,E@1.6,4.8,0.0,109,29.6,"BearWallow, Hood River, Hood River County",100005,"BearWallow, OR",2019-06-25 19:04:54.355257
2019-05-16,13:00,56.5,55.4,96.3,NE@1.9,6.0,0.0,164,29.6,"BearWallow, Hood River, Hood River County",100005,"BearWallow, OR",2019-06-25 19:04:54.355257
2019-05-16,13:15,56.1,55.0,95.9,NE@1.6,4.5,0.0,162,29.6,"BearWallow, Hood River, Hood River County",100005,"BearWallow, OR",2019-06-25 19:04:54.355257
2019-05-16,13:30,55.7,54.4,95.4,E@2.3,5.3,0.0,157,29.6,"BearWallow, Hood River, Hood River County",100005,"BearWallow, OR",2019-06-25 19:04:54.355257
2019-05-16,13:45,55.5,54.2,95.2,E@1.9,4.8,0.0,206,29.6,"BearWallow, Hood River, Hood River County",100005,"BearWallow, OR",2019-06-25 19:04:54.355257
2019-05-16,14:00,55.6,54.2,94.8,E@2.9,7.0,0.0,167,29.59,"BearWallow, Hood River, Hood River County",100005,"BearWallow, OR",2019-06-25 19:04:54.355257
2019-05-16,14:15,55.5,53.5,93.1,SE@2.7,5.8,0.0,139,29.6,"BearWallow, Hood River, Hood River County",100005,"BearWallow, OR",2019-06-25 19:04:54.355257
2019-05-16,14:30,55.5,53.4,92.7,SE@1.9,4.3,0.0,229,29.59,"BearWallow, Hood River, Hood River County",100005,"BearWallow, OR",2019-06-25 19:04:54.355257
2019-05-16,14:45,56.0,54.1,93.0,SE@1.8,4.9,0.0,216,29.59,"BearWallow, Hood River, Hood River County",100005,"BearWallow, OR",2019-06-25 19:04:54.355257
2019-05-16,15:00,57.0,54.1,90.0,SE@2.0,8.7,0.0,101,29.6,"BearWallow, Hood River, Hood River County",100005,"BearWallow, OR",2019-06-25 19:04:54.355257
2019-05-16,15:15,57.3,52.4,83.6,W@3.8,12.2,0.0,165,29.6,"BearWallow, Hood River, Hood River County",100005,"BearWallow, OR",2019-06-25 19:04:54.355257
2019-05-16,15:30,57.9,51.8,80.0,W@2.8,6.7,0.0,210,29.6,"BearWallow, Hood River, Hood River County",100005,"BearWallow, OR",2019-06-25 19:04:54.355257
2019-05-16,15:45,58.4,51.7,78.2,W@1.9,6.0,0.0,197,29.59,"BearWallow, Hood River, Hood River County",100005,"BearWallow, OR",2019-06-25 19:04:54.355257
2019-05-16,16:00,58.2,53.0,82.7,NE@2.1,4.7,0.0,249,29.59,"BearWallow, Hood River, Hood River County",100005,"BearWallow, OR",2019-06-25 19:04:54.355257
2019-05-16,16:15,58.4,52.9,81.8,N@2.0,4.6,0.0,318,29.59,"BearWallow, Hood River, Hood River County",100005,"BearWallow, OR",2019-06-25 19:04:54.355257
2019-05-16,16:30,58.7,54.0,84.2,N@2.6,6.4,0.0,306,29.59,"BearWallow, Hood River, Hood River County",100005,"BearWallow, OR",2019-06-25 19:04:54.355257
2019-05-16,16:45,59.3,54.5,84.1,N@2.5,5.9,0.0,396,29.59,"BearWallow, Hood River, Hood River County",100005,"BearWallow, OR",2019-06-25 19:04:54.355257
2019-05-16,17:00,59.6,53.6,80.5,NE@2.8,6.3,0.0,251,29.6,"BearWallow, Hood River, Hood River County",100005,"BearWallow, OR",2019-06-25 19:04:54.355257
2019-05-16,17:15,59.5,51.2,73.9,S@4.3,12.5,0.0,212,29.6,"BearWallow, Hood River, Hood River County",100005,"BearWallow, OR",2019-06-25 19:04:54.355257
2019-05-16,17:30,59.0,50.0,72.1,S@3.5,16.2,0.0,240,29.6,"BearWallow, Hood River, Hood River County",100005,"BearWallow, OR",2019-06-25 19:04:54.355257
2019-05-16,17:45,58.3,49.8,73.1,S@5.5,13.9,0.0,228,29.61,"BearWallow, Hood River, Hood River County",100005,"BearWallow, OR",2019-06-25 19:04:54.355257
2019-05-16,18:00,57.7,49.2,73.1,S@6.1,16.6,0.0,197,29.62,"BearWallow, Hood River, Hood River County",100005,"BearWallow, OR",2019-06-25 19:04:54.355257
2019-05-16,18:15,57.0,48.6,73.3,S@6.7,15.1,0.0,172,29.63,"BearWallow, Hood River, Hood River County",100005,"BearWallow, OR",2019-06-25 19:04:54.355257
2019-05-16,18:30,57.0,48.3,72.6,S@5.7,15.6,0.0,130,29.63,"BearWallow, Hood River, Hood River County",100005,"BearWallow, OR",2019-06-25 19:04:54.355257
2019-05-16,18:45,56.7,47.5,71.3,S@4.9,8.9,0.0,66,29.64,"BearWallow, Hood River, Hood River County",100005,"BearWallow, OR",2019-06-25 19:04:54.355257
2019-05-16,19:00,56.4,47.2,71.3,S@4.7,12.7,0.0,79,29.64,"BearWallow, Hood River, Hood River County",100005,"BearWallow, OR",2019-06-25 19:04:54.355257
2019-05-16,19:15,56.3,47.0,70.9,S@5.1,10.0,0.0,49,29.65,"BearWallow, Hood River, Hood River County",100005,"BearWallow, OR",2019-06-25 19:04:54.355257
2019-05-16,19:30,56.2,46.8,70.7,S@5.7,11.7,0.0,44,29.65,"BearWallow, Hood River, Hood River County",100005,"BearWallow, OR",2019-06-25 19:04:54.355257
2019-05-16,19:45,56.1,46.9,71.2,S@4.3,11.2,0.0,40,29.66,"BearWallow, Hood River, Hood River County",100005,"BearWallow, OR",2019-06-25 19:04:54.355257
2019-05-16,20:00,55.9,47.0,72.0,S@4.4,11.5,0.0,34,29.66,"BearWallow, Hood River, Hood River County",100005,"BearWallow, OR",2019-06-25 19:04:54.355257
2019-05-16,20:15,55.8,47.1,72.4,S@3.7,8.6,0.0,10,29.66,"BearWallow, Hood River, Hood River County",100005,"BearWallow, OR",2019-06-25 19:04:54.355257
2019-05-16,20:30,55.6,46.8,72.2,S@4.6,11.4,0.0,2,29.67,"BearWallow, Hood River, Hood River County",100005,"BearWallow, OR",2019-06-25 19:04:54.355257
2019-05-16,20:45,55.3,46.7,72.5,S@2.9,11.1,0.0,0,29.67,"BearWallow, Hood River, Hood River County",100005,"BearWallow, OR",2019-06-25 19:04:54.355257
2019-05-16,21:00,55.0,46.5,72.8,S@3.5,11.2,0.0,0,29.68,"BearWallow, Hood River, Hood River County",100005,"BearWallow, OR",2019-06-25 19:04:54.355257
2019-05-16,21:15,54.9,46.3,72.6,SW@3.6,12.6,0.0,0,29.69,"BearWallow, Hood River, Hood River County",100005,"BearWallow, OR",2019-06-25 19:04:54.355257
2019-05-16,21:30,54.9,45.7,71.1,SW@5.2,15.1,0.0,0,29.69,"BearWallow, Hood River, Hood River County",100005,"BearWallow, OR",2019-06-25 19:04:54.355257
2019-05-16,21:45,54.7,45.3,70.6,S@4.0,11.2,0.0,0,29.69,"BearWallow, Hood River, Hood River County",100005,"BearWallow, OR",2019-06-25 19:04:54.355257
2019-05-16,22:00,54.3,45.1,71.0,S@4.8,15.4,0.0,0,29.7,"BearWallow, Hood River, Hood River County",100005,"BearWallow, OR",2019-06-25 19:04:54.355257
2019-05-16,22:15,54.1,44.8,70.7,S@4.9,13.4,0.0,0,29.69,"BearWallow, Hood River, Hood River County",100005,"BearWallow, OR",2019-06-25 19:04:54.355257
2019-05-16,22:30,54.2,44.6,69.7,S@3.9,10.4,0.0,0,29.7,"BearWallow, Hood River, Hood River County",100005,"BearWallow, OR",2019-06-25 19:04:54.355257
2019-05-16,22:45,54.3,44.5,69.3,SW@4.2,8.0,0.0,0,29.7,"BearWallow, Hood River, Hood River County",100005,"BearWallow, OR",2019-06-25 19:04:54.355257
2019-05-16,23:00,54.0,44.4,70.0,SW@2.6,7.6,0.0,0,29.7,"BearWallow, Hood River, Hood River County",100005,"BearWallow, OR",2019-06-25 19:04:54.355257
2019-05-16,23:15,53.7,44.4,70.5,SW@4.2,9.3,0.0,0,29.7,"BearWallow, Hood River, Hood River County",100005,"BearWallow, OR",2019-06-25 19:04:54.355257
2019-05-16,23:30,53.7,44.3,70.5,S@4.5,10.3,0.0,0,29.7,"BearWallow, Hood River, Hood River County",100005,"BearWallow, OR",2019-06-25 19:04:54.355257
2019-05-16,23:45,53.8,44.5,70.7,SW@3.6,11.8,0.0,0,29.7,"BearWallow, Hood River, Hood River County",100005,"BearWallow, OR",2019-06-25 19:04:54.355257
2019-05-16,24:00,53.7,44.5,70.9,SW@2.6,11.5,0.0,0,29.71,"BearWallow, Hood River, Hood River County",100005,"BearWallow, OR",2019-06-25 19:04:54.355257
