Date,Time PST,1.5m Air Temp °F, 1.5m Dew Point °F, 1.5m Rel Hum %, Tot Prec in, Solar Rad W/m², Wind Direction, Wind Speed mph, 2m Wind Gust mph, 1.5m Leaf Wet u., 8 in. Soil Tmp °F,Location,Station ID,Station Name,Download Timestamp
2018-03-08,00:15,40.0,39.8,99.3,0.0,0,SW,0.1,2.4,0.88,42.7,"Lynden, Whatcom County",330063,Lynden,2020-12-16 01:12:54.575751
2018-03-08,00:30,40.0,39.8,99.3,0.0,0,N ,0.0,1.4,0.84,42.7,"Lynden, Whatcom County",330063,Lynden,2020-12-16 01:12:54.575751
2018-03-08,00:45,40.0,39.8,99.3,0.0,0,N ,0.0,0.0,0.83,42.7,"Lynden, Whatcom County",330063,Lynden,2020-12-16 01:12:54.575751
2018-03-08,01:00,39.9,39.8,99.3,0.0,0,S,0.3,2.4,0.83,42.7,"Lynden, Whatcom County",330063,Lynden,2020-12-16 01:12:54.575751
2018-03-08,01:15,39.9,39.7,99.3,0.0,0,S,0.3,2.8,0.87,42.7,"Lynden, Whatcom County",330063,Lynden,2020-12-16 01:12:54.575751
2018-03-08,01:30,39.9,39.7,99.3,0.01,0,N ,0.0,0.0,0.91,42.7,"Lynden, Whatcom County",330063,Lynden,2020-12-16 01:12:54.575751
2018-03-08,01:45,39.5,39.4,99.4,0.02,0,N ,0.0,0.0,0.87,42.7,"Lynden, Whatcom County",330063,Lynden,2020-12-16 01:12:54.575751
2018-03-08,02:00,39.3,39.1,99.4,0.01,0,N,0.0,1.4,0.84,42.7,"Lynden, Whatcom County",330063,Lynden,2020-12-16 01:12:54.575751
2018-03-08,02:15,39.1,38.9,99.4,0.01,0,N ,0.0,0.0,0.81,42.7,"Lynden, Whatcom County",330063,Lynden,2020-12-16 01:12:54.575751
2018-03-08,02:30,39.0,38.9,99.4,0.02,0,N,0.2,1.7,0.81,42.7,"Lynden, Whatcom County",330063,Lynden,2020-12-16 01:12:54.575751
2018-03-08,02:45,39.0,38.8,99.4,0.0,0,N,0.1,2.8,0.8,42.7,"Lynden, Whatcom County",330063,Lynden,2020-12-16 01:12:54.575751
2018-03-08,03:00,39.0,38.8,99.4,0.0,0,N ,0.8,3.9,0.77,42.7,"Lynden, Whatcom County",330063,Lynden,2020-12-16 01:12:54.575751
2018-03-08,03:15,39.0,38.9,99.4,0.01,0,N ,0.0,0.0,0.75,42.7,"Lynden, Whatcom County",330063,Lynden,2020-12-16 01:12:54.575751
2018-03-08,03:30,39.1,39.0,99.4,0.0,0,N ,0.0,0.0,0.74,42.7,"Lynden, Whatcom County",330063,Lynden,2020-12-16 01:12:54.575751
2018-03-08,03:45,39.2,39.1,99.4,0.0,0,NE,0.1,1.7,0.72,42.7,"Lynden, Whatcom County",330063,Lynden,2020-12-16 01:12:54.575751
2018-03-08,04:00,39.3,39.1,99.4,0.0,0,NE,0.4,2.1,0.69,42.6,"Lynden, Whatcom County",330063,Lynden,2020-12-16 01:12:54.575751
2018-03-08,04:15,39.2,39.1,99.4,0.0,0,NE,0.5,3.1,0.69,42.6,"Lynden, Whatcom County",330063,Lynden,2020-12-16 01:12:54.575751
2018-03-08,04:30,38.9,38.8,99.4,0.0,0,NE,0.0,1.4,0.71,42.6,"Lynden, Whatcom County",330063,Lynden,2020-12-16 01:12:54.575751
2018-03-08,04:45,38.6,38.4,99.4,0.0,0,N ,0.0,0.0,0.73,42.6,"Lynden, Whatcom County",330063,Lynden,2020-12-16 01:12:54.575751
2018-03-08,05:00,38.3,38.1,99.4,0.0,0,NE,0.1,1.7,0.74,42.6,"Lynden, Whatcom County",330063,Lynden,2020-12-16 01:12:54.575751
2018-03-08,05:15,38.8,38.6,99.3,0.0,0,NE,1.7,3.5,0.72,42.6,"Lynden, Whatcom County",330063,Lynden,2020-12-16 01:12:54.575751
2018-03-08,05:30,39.0,38.8,99.3,0.0,0,NE,0.9,4.2,0.71,42.6,"Lynden, Whatcom County",330063,Lynden,2020-12-16 01:12:54.575751
2018-03-08,05:45,39.0,38.8,99.3,0.0,0,NE,1.3,2.8,0.7,42.6,"Lynden, Whatcom County",330063,Lynden,2020-12-16 01:12:54.575751
2018-03-08,06:00,39.5,39.3,99.3,0.0,0,NE,1.8,2.8,0.7,42.6,"Lynden, Whatcom County",330063,Lynden,2020-12-16 01:12:54.575751
2018-03-08,06:15,39.5,39.4,99.3,0.0,0,NE,2.1,3.5,0.7,42.6,"Lynden, Whatcom County",330063,Lynden,2020-12-16 01:12:54.575751
2018-03-08,06:30,39.5,39.4,99.3,0.0,0,NE,2.2,4.9,0.68,42.6,"Lynden, Whatcom County",330063,Lynden,2020-12-16 01:12:54.575751
2018-03-08,06:45,39.6,39.4,99.3,0.0,1,NE,2.4,3.5,0.64,42.6,"Lynden, Whatcom County",330063,Lynden,2020-12-16 01:12:54.575751
2018-03-08,07:00,39.5,39.3,99.3,0.0,9,NE,2.3,3.1,0.59,42.6,"Lynden, Whatcom County",330063,Lynden,2020-12-16 01:12:54.575751
2018-03-08,07:15,39.9,39.7,99.3,0.0,18,NE,2.3,4.9,0.54,42.6,"Lynden, Whatcom County",330063,Lynden,2020-12-16 01:12:54.575751
2018-03-08,07:30,40.1,39.9,99.3,0.0,25,NE,2.6,5.3,0.43,42.6,"Lynden, Whatcom County",330063,Lynden,2020-12-16 01:12:54.575751
2018-03-08,07:45,40.3,40.1,99.3,0.0,28,NE,2.5,3.9,0.41,42.5,"Lynden, Whatcom County",330063,Lynden,2020-12-16 01:12:54.575751
2018-03-08,08:00,40.6,40.4,99.3,0.0,36,NE,1.8,3.1,0.43,42.5,"Lynden, Whatcom County",330063,Lynden,2020-12-16 01:12:54.575751
2018-03-08,08:15,41.0,40.8,99.3,0.0,50,NE,1.5,4.9,0.5,42.5,"Lynden, Whatcom County",330063,Lynden,2020-12-16 01:12:54.575751
2018-03-08,08:30,41.1,41.0,99.3,0.0,50,NE,1.9,4.6,0.67,42.5,"Lynden, Whatcom County",330063,Lynden,2020-12-16 01:12:54.575751
2018-03-08,08:45,41.5,41.3,99.3,0.0,55,NE,1.9,3.9,0.74,42.5,"Lynden, Whatcom County",330063,Lynden,2020-12-16 01:12:54.575751
2018-03-08,09:00,41.9,41.7,99.2,0.0,62,NE,1.9,5.7,0.64,42.5,"Lynden, Whatcom County",330063,Lynden,2020-12-16 01:12:54.575751
2018-03-08,09:15,41.7,41.5,99.3,0.0,44,NE,1.6,4.9,0.84,42.5,"Lynden, Whatcom County",330063,Lynden,2020-12-16 01:12:54.575751
2018-03-08,09:30,41.3,41.2,99.3,0.01,43,NE,1.5,2.8,0.83,42.5,"Lynden, Whatcom County",330063,Lynden,2020-12-16 01:12:54.575751
2018-03-08,09:45,41.4,41.2,99.3,0.0,61,NE,1.6,3.5,0.81,42.5,"Lynden, Whatcom County",330063,Lynden,2020-12-16 01:12:54.575751
2018-03-08,10:00,41.4,41.2,99.3,0.01,57,NE,2.1,3.9,0.8,42.5,"Lynden, Whatcom County",330063,Lynden,2020-12-16 01:12:54.575751
2018-03-08,10:15,41.7,41.5,99.3,0.0,100,NE,2.3,3.1,0.77,42.5,"Lynden, Whatcom County",330063,Lynden,2020-12-16 01:12:54.575751
2018-03-08,10:30,42.6,42.4,99.3,0.0,123,NE,2.1,5.7,0.67,42.5,"Lynden, Whatcom County",330063,Lynden,2020-12-16 01:12:54.575751
2018-03-08,10:45,42.7,42.5,99.3,0.01,69,NE,2.2,6.4,0.78,42.5,"Lynden, Whatcom County",330063,Lynden,2020-12-16 01:12:54.575751
2018-03-08,11:00,41.8,41.7,99.3,0.0,71,NE,1.8,4.6,0.78,42.5,"Lynden, Whatcom County",330063,Lynden,2020-12-16 01:12:54.575751
2018-03-08,11:15,41.8,41.7,99.3,0.01,60,N ,2.0,5.3,0.76,42.5,"Lynden, Whatcom County",330063,Lynden,2020-12-16 01:12:54.575751
2018-03-08,11:30,41.8,41.6,99.4,0.01,46,N ,1.8,4.9,0.74,42.5,"Lynden, Whatcom County",330063,Lynden,2020-12-16 01:12:54.575751
2018-03-08,11:45,41.6,41.4,99.4,0.01,67,NE,1.0,3.1,0.72,42.5,"Lynden, Whatcom County",330063,Lynden,2020-12-16 01:12:54.575751
2018-03-08,12:00,41.8,41.7,99.4,0.0,127,NE,1.0,4.2,0.72,42.6,"Lynden, Whatcom County",330063,Lynden,2020-12-16 01:12:54.575751
2018-03-08,12:15,42.4,42.2,99.4,0.0,112,NE,1.3,5.3,0.71,42.6,"Lynden, Whatcom County",330063,Lynden,2020-12-16 01:12:54.575751
2018-03-08,12:30,42.5,42.3,99.4,0.0,80,NE,0.6,4.6,0.71,42.6,"Lynden, Whatcom County",330063,Lynden,2020-12-16 01:12:54.575751
2018-03-08,12:45,42.8,42.7,99.4,0.01,128,NE,0.8,4.6,0.73,42.6,"Lynden, Whatcom County",330063,Lynden,2020-12-16 01:12:54.575751
2018-03-08,13:00,43.3,43.2,99.4,0.0,122,NE,1.4,3.9,0.74,42.6,"Lynden, Whatcom County",330063,Lynden,2020-12-16 01:12:54.575751
2018-03-08,13:15,43.8,43.7,99.4,0.01,112,NW,1.5,3.9,0.72,42.6,"Lynden, Whatcom County",330063,Lynden,2020-12-16 01:12:54.575751
2018-03-08,13:30,43.6,43.4,99.4,0.0,84,N ,0.9,3.9,0.7,42.7,"Lynden, Whatcom County",330063,Lynden,2020-12-16 01:12:54.575751
2018-03-08,13:45,43.7,43.6,99.4,0.0,86,N ,0.5,3.1,0.7,42.7,"Lynden, Whatcom County",330063,Lynden,2020-12-16 01:12:54.575751
2018-03-08,14:00,44.3,44.1,99.4,0.01,89,NW,1.1,3.1,0.7,42.7,"Lynden, Whatcom County",330063,Lynden,2020-12-16 01:12:54.575751
2018-03-08,14:15,45.1,44.9,99.4,0.0,119,NW,1.9,3.9,0.68,42.7,"Lynden, Whatcom County",330063,Lynden,2020-12-16 01:12:54.575751
2018-03-08,14:30,45.6,45.5,99.4,0.0,128,N,1.2,3.9,0.59,42.7,"Lynden, Whatcom County",330063,Lynden,2020-12-16 01:12:54.575751
2018-03-08,14:45,46.4,46.2,99.4,0.0,93,N,1.1,2.4,0.54,42.8,"Lynden, Whatcom County",330063,Lynden,2020-12-16 01:12:54.575751
2018-03-08,15:00,46.2,46.0,99.4,0.0,53,N,0.3,2.4,0.55,42.8,"Lynden, Whatcom County",330063,Lynden,2020-12-16 01:12:54.575751
2018-03-08,15:15,46.4,46.2,99.3,0.0,37,N,0.7,4.2,0.55,42.8,"Lynden, Whatcom County",330063,Lynden,2020-12-16 01:12:54.575751
2018-03-08,15:30,46.1,46.0,99.3,0.0,50,NW,1.1,3.5,0.67,42.9,"Lynden, Whatcom County",330063,Lynden,2020-12-16 01:12:54.575751
2018-03-08,15:45,46.5,46.3,99.3,0.0,64,NW,0.3,2.8,0.68,42.9,"Lynden, Whatcom County",330063,Lynden,2020-12-16 01:12:54.575751
2018-03-08,16:00,46.7,46.5,99.3,0.0,37,NW,0.4,3.1,0.6,42.9,"Lynden, Whatcom County",330063,Lynden,2020-12-16 01:12:54.575751
2018-03-08,16:15,46.5,46.4,99.3,0.01,25,SW,1.1,7.4,0.72,42.9,"Lynden, Whatcom County",330063,Lynden,2020-12-16 01:12:54.575751
2018-03-08,16:30,46.4,46.2,99.3,0.0,24,N,0.8,3.1,0.73,43.0,"Lynden, Whatcom County",330063,Lynden,2020-12-16 01:12:54.575751
2018-03-08,16:45,46.0,45.8,99.4,0.0,17,N,0.1,1.7,0.7,43.0,"Lynden, Whatcom County",330063,Lynden,2020-12-16 01:12:54.575751
2018-03-08,17:00,45.4,45.3,99.4,0.0,8,N ,0.0,0.0,0.72,43.0,"Lynden, Whatcom County",330063,Lynden,2020-12-16 01:12:54.575751
2018-03-08,17:15,45.1,44.9,99.4,0.01,5,N ,0.4,2.8,0.71,43.0,"Lynden, Whatcom County",330063,Lynden,2020-12-16 01:12:54.575751
2018-03-08,17:30,44.9,44.7,99.4,0.01,5,NW,0.7,3.1,0.72,43.1,"Lynden, Whatcom County",330063,Lynden,2020-12-16 01:12:54.575751
2018-03-08,17:45,44.8,44.6,99.4,0.02,2,NW,0.4,2.8,0.66,43.1,"Lynden, Whatcom County",330063,Lynden,2020-12-16 01:12:54.575751
2018-03-08,18:00,44.8,44.7,99.4,0.02,0,N,0.1,1.7,0.63,43.1,"Lynden, Whatcom County",330063,Lynden,2020-12-16 01:12:54.575751
2018-03-08,18:15,44.6,44.5,99.4,0.0,0,N ,0.2,2.4,0.59,43.1,"Lynden, Whatcom County",330063,Lynden,2020-12-16 01:12:54.575751
2018-03-08,18:30,44.9,44.7,99.4,0.01,0,NW,0.4,2.4,0.6,43.2,"Lynden, Whatcom County",330063,Lynden,2020-12-16 01:12:54.575751
2018-03-08,18:45,45.0,44.8,99.4,0.0,0,N ,0.0,0.0,0.65,43.2,"Lynden, Whatcom County",330063,Lynden,2020-12-16 01:12:54.575751
2018-03-08,19:00,44.2,44.0,99.4,0.02,0,N ,0.0,0.0,0.64,43.2,"Lynden, Whatcom County",330063,Lynden,2020-12-16 01:12:54.575751
2018-03-08,19:15,43.8,43.6,99.4,0.02,0,NW,1.7,3.9,0.62,43.2,"Lynden, Whatcom County",330063,Lynden,2020-12-16 01:12:54.575751
2018-03-08,19:30,43.9,43.7,99.4,0.01,0,W,0.4,2.4,0.62,43.2,"Lynden, Whatcom County",330063,Lynden,2020-12-16 01:12:54.575751
2018-03-08,19:45,47.1,47.0,99.4,0.01,0,S,5.9,13.9,0.6,43.2,"Lynden, Whatcom County",330063,Lynden,2020-12-16 01:12:54.575751
2018-03-08,20:00,48.1,47.9,99.4,0.02,0,S,5.7,11.0,0.63,43.3,"Lynden, Whatcom County",330063,Lynden,2020-12-16 01:12:54.575751
2018-03-08,20:15,47.9,47.8,99.4,0.04,0,S,6.0,11.7,0.62,43.3,"Lynden, Whatcom County",330063,Lynden,2020-12-16 01:12:54.575751
2018-03-08,20:30,47.6,47.5,99.4,0.01,0,S,7.0,12.8,0.57,43.3,"Lynden, Whatcom County",330063,Lynden,2020-12-16 01:12:54.575751
2018-03-08,20:45,47.3,47.2,99.4,0.0,0,S,7.2,12.1,0.51,43.3,"Lynden, Whatcom County",330063,Lynden,2020-12-16 01:12:54.575751
2018-03-08,21:00,47.0,46.9,99.4,0.02,0,S,7.3,12.4,0.59,43.3,"Lynden, Whatcom County",330063,Lynden,2020-12-16 01:12:54.575751
2018-03-08,21:15,46.6,46.4,99.4,0.03,0,SW,5.7,11.0,0.64,43.3,"Lynden, Whatcom County",330063,Lynden,2020-12-16 01:12:54.575751
2018-03-08,21:30,46.4,46.2,99.4,0.03,0,SW,5.1,10.7,0.61,43.4,"Lynden, Whatcom County",330063,Lynden,2020-12-16 01:12:54.575751
2018-03-08,21:45,46.3,46.1,99.4,0.0,0,S,4.7,8.9,0.53,43.4,"Lynden, Whatcom County",330063,Lynden,2020-12-16 01:12:54.575751
2018-03-08,22:00,46.2,46.1,99.4,0.01,0,SW,4.1,8.2,0.48,43.4,"Lynden, Whatcom County",330063,Lynden,2020-12-16 01:12:54.575751
2018-03-08,22:15,46.0,45.9,99.4,0.0,0,S,4.8,8.9,0.48,43.5,"Lynden, Whatcom County",330063,Lynden,2020-12-16 01:12:54.575751
2018-03-08,22:30,45.7,45.6,99.4,0.0,0,S,4.0,7.4,0.49,43.5,"Lynden, Whatcom County",330063,Lynden,2020-12-16 01:12:54.575751
2018-03-08,22:45,45.7,45.5,99.4,0.0,0,SW,4.3,8.5,0.48,43.5,"Lynden, Whatcom County",330063,Lynden,2020-12-16 01:12:54.575751
2018-03-08,23:00,45.8,45.7,99.3,0.0,0,SW,4.2,7.1,0.51,43.5,"Lynden, Whatcom County",330063,Lynden,2020-12-16 01:12:54.575751
2018-03-08,23:15,45.8,45.6,99.3,0.0,0,SW,6.2,9.6,0.49,43.5,"Lynden, Whatcom County",330063,Lynden,2020-12-16 01:12:54.575751
2018-03-08,23:30,45.7,45.5,99.3,0.0,0,SW,6.5,13.2,0.49,43.5,"Lynden, Whatcom County",330063,Lynden,2020-12-16 01:12:54.575751
2018-03-08,23:45,45.4,45.3,99.3,0.0,0,SW,7.3,11.4,0.33,43.6,"Lynden, Whatcom County",330063,Lynden,2020-12-16 01:12:54.575751
2018-03-08,24:00,45.2,45.0,99.0,0.0,0,SW,7.9,13.5,0.11,43.6,"Lynden, Whatcom County",330063,Lynden,2020-12-16 01:12:54.575751
2018-03-09,00:15,44.6,44.4,99.2,0.0,0,SW,7.8,12.4,0.01,43.6,"Lynden, Whatcom County",330063,Lynden,2020-12-16 01:12:54.575751
2018-03-09,00:30,43.9,40.6,88.0,0.0,0,SW,10.2,18.2,0.0,43.5,"Lynden, Whatcom County",330063,Lynden,2020-12-16 01:12:54.575751
2018-03-09,00:45,43.0,39.4,87.1,0.0,0,SW,6.4,12.4,0.0,43.5,"Lynden, Whatcom County",330063,Lynden,2020-12-16 01:12:54.575751
2018-03-09,01:00,42.5,40.1,91.3,0.0,0,SW,3.9,7.4,0.0,43.6,"Lynden, Whatcom County",330063,Lynden,2020-12-16 01:12:54.575751
2018-03-09,01:15,42.3,41.9,98.5,0.0,0,SW,4.4,8.2,0.0,43.6,"Lynden, Whatcom County",330063,Lynden,2020-12-16 01:12:54.575751
2018-03-09,01:30,42.0,41.8,99.3,0.0,0,W,5.9,9.2,0.0,43.6,"Lynden, Whatcom County",330063,Lynden,2020-12-16 01:12:54.575751
2018-03-09,01:45,41.8,41.6,99.3,0.0,0,W,4.5,7.8,0.0,43.6,"Lynden, Whatcom County",330063,Lynden,2020-12-16 01:12:54.575751
2018-03-09,02:00,41.3,41.2,99.2,0.0,0,W,5.1,9.9,0.04,43.6,"Lynden, Whatcom County",330063,Lynden,2020-12-16 01:12:54.575751
2018-03-09,02:15,40.8,40.6,99.2,0.0,0,W,5.9,12.1,0.07,43.6,"Lynden, Whatcom County",330063,Lynden,2020-12-16 01:12:54.575751
2018-03-09,02:30,40.2,40.0,99.2,0.0,0,W,5.0,10.3,0.0,43.6,"Lynden, Whatcom County",330063,Lynden,2020-12-16 01:12:54.575751
2018-03-09,02:45,40.3,40.1,99.2,0.0,0,W,5.2,8.9,0.0,43.6,"Lynden, Whatcom County",330063,Lynden,2020-12-16 01:12:54.575751
2018-03-09,03:00,40.1,39.9,99.2,0.0,0,W,4.2,8.2,0.0,43.6,"Lynden, Whatcom County",330063,Lynden,2020-12-16 01:12:54.575751
2018-03-09,03:15,39.7,39.5,99.3,0.0,0,W,3.3,6.4,0.0,43.5,"Lynden, Whatcom County",330063,Lynden,2020-12-16 01:12:54.575751
2018-03-09,03:30,40.1,39.9,99.2,0.0,0,W,3.7,7.1,0.0,43.5,"Lynden, Whatcom County",330063,Lynden,2020-12-16 01:12:54.575751
2018-03-09,03:45,40.1,39.9,99.2,0.0,0,W,2.7,5.3,0.01,43.5,"Lynden, Whatcom County",330063,Lynden,2020-12-16 01:12:54.575751
2018-03-09,04:00,39.9,39.7,99.3,0.0,0,W,3.9,7.1,0.01,43.5,"Lynden, Whatcom County",330063,Lynden,2020-12-16 01:12:54.575751
2018-03-09,04:15,39.3,39.1,99.3,0.0,0,W,3.8,5.3,0.02,43.5,"Lynden, Whatcom County",330063,Lynden,2020-12-16 01:12:54.575751
2018-03-09,04:30,38.9,38.8,99.3,0.0,0,W,3.5,5.7,0.01,43.5,"Lynden, Whatcom County",330063,Lynden,2020-12-16 01:12:54.575751
2018-03-09,04:45,38.4,38.2,99.3,0.0,0,SW,0.9,3.9,0.01,43.5,"Lynden, Whatcom County",330063,Lynden,2020-12-16 01:12:54.575751
2018-03-09,05:00,37.4,37.2,99.3,0.0,0,W,0.2,2.1,0.03,43.4,"Lynden, Whatcom County",330063,Lynden,2020-12-16 01:12:54.575751
2018-03-09,05:15,37.2,37.0,99.4,0.0,0,NW,0.4,2.8,0.04,43.4,"Lynden, Whatcom County",330063,Lynden,2020-12-16 01:12:54.575751
2018-03-09,05:30,37.9,37.7,99.3,0.0,0,S,2.8,5.7,0.04,43.4,"Lynden, Whatcom County",330063,Lynden,2020-12-16 01:12:54.575751
2018-03-09,05:45,38.5,38.4,99.3,0.0,0,S,3.3,6.0,0.02,43.4,"Lynden, Whatcom County",330063,Lynden,2020-12-16 01:12:54.575751
2018-03-09,06:00,38.0,37.8,99.3,0.0,0,W,4.0,5.7,0.01,43.4,"Lynden, Whatcom County",330063,Lynden,2020-12-16 01:12:54.575751
2018-03-09,06:15,38.1,38.0,99.3,0.0,0,W,3.1,5.3,0.01,43.3,"Lynden, Whatcom County",330063,Lynden,2020-12-16 01:12:54.575751
2018-03-09,06:30,37.5,37.3,99.3,0.0,0,S,1.9,4.6,0.02,43.3,"Lynden, Whatcom County",330063,Lynden,2020-12-16 01:12:54.575751
2018-03-09,06:45,37.4,37.2,99.3,0.0,5,S,2.2,4.9,0.02,43.3,"Lynden, Whatcom County",330063,Lynden,2020-12-16 01:12:54.575751
2018-03-09,07:00,38.3,38.1,99.3,0.0,19,S,3.4,6.0,0.01,43.3,"Lynden, Whatcom County",330063,Lynden,2020-12-16 01:12:54.575751
2018-03-09,07:15,39.4,39.2,99.2,0.0,33,SW,3.8,7.8,0.0,43.2,"Lynden, Whatcom County",330063,Lynden,2020-12-16 01:12:54.575751
2018-03-09,07:30,39.2,39.0,99.2,0.0,50,S,1.4,3.1,0.01,43.2,"Lynden, Whatcom County",330063,Lynden,2020-12-16 01:12:54.575751
2018-03-09,07:45,39.4,39.2,99.2,0.0,69,S,3.0,6.0,0.0,43.2,"Lynden, Whatcom County",330063,Lynden,2020-12-16 01:12:54.575751
2018-03-09,08:00,40.1,39.9,99.2,0.0,82,SW,2.6,4.2,0.0,43.2,"Lynden, Whatcom County",330063,Lynden,2020-12-16 01:12:54.575751
2018-03-09,08:15,40.7,40.5,99.2,0.0,90,S,3.3,5.7,0.0,43.1,"Lynden, Whatcom County",330063,Lynden,2020-12-16 01:12:54.575751
2018-03-09,08:30,40.7,40.5,99.2,0.0,95,S,2.5,4.2,0.0,43.1,"Lynden, Whatcom County",330063,Lynden,2020-12-16 01:12:54.575751
2018-03-09,08:45,41.9,41.7,99.0,0.0,124,SW,2.7,5.7,0.0,43.1,"Lynden, Whatcom County",330063,Lynden,2020-12-16 01:12:54.575751
2018-03-09,09:00,43.4,42.2,95.4,0.0,252,S,3.3,6.4,0.0,43.1,"Lynden, Whatcom County",330063,Lynden,2020-12-16 01:12:54.575751
2018-03-09,09:15,43.4,41.1,91.6,0.0,219,S,3.7,6.0,0.0,43.1,"Lynden, Whatcom County",330063,Lynden,2020-12-16 01:12:54.575751
2018-03-09,09:30,43.9,41.2,89.9,0.0,297,SW,3.6,7.1,0.0,43.0,"Lynden, Whatcom County",330063,Lynden,2020-12-16 01:12:54.575751
2018-03-09,09:45,44.6,40.6,85.7,0.0,373,S,4.8,8.2,0.0,43.0,"Lynden, Whatcom County",330063,Lynden,2020-12-16 01:12:54.575751
2018-03-09,10:00,45.3,40.1,81.9,0.0,475,S,4.6,8.2,0.0,43.0,"Lynden, Whatcom County",330063,Lynden,2020-12-16 01:12:54.575751
2018-03-09,10:15,45.8,39.5,78.5,0.0,506,S,4.9,7.4,0.0,43.0,"Lynden, Whatcom County",330063,Lynden,2020-12-16 01:12:54.575751
2018-03-09,10:30,45.6,39.8,80.1,0.0,340,SW,4.2,7.8,0.0,43.0,"Lynden, Whatcom County",330063,Lynden,2020-12-16 01:12:54.575751
2018-03-09,10:45,46.0,38.4,74.6,0.0,374,SW,4.6,9.2,0.0,43.0,"Lynden, Whatcom County",330063,Lynden,2020-12-16 01:12:54.575751
2018-03-09,11:00,46.2,37.5,71.4,0.0,402,SW,4.3,7.4,0.0,42.9,"Lynden, Whatcom County",330063,Lynden,2020-12-16 01:12:54.575751
2018-03-09,11:15,45.7,36.1,68.9,0.0,218,SW,3.9,8.5,0.0,42.9,"Lynden, Whatcom County",330063,Lynden,2020-12-16 01:12:54.575751
2018-03-09,11:30,45.8,35.7,67.6,0.0,228,S,3.2,5.7,0.0,42.9,"Lynden, Whatcom County",330063,Lynden,2020-12-16 01:12:54.575751
2018-03-09,11:45,45.6,36.3,69.7,0.0,154,SW,3.3,7.4,0.0,43.0,"Lynden, Whatcom County",330063,Lynden,2020-12-16 01:12:54.575751
2018-03-09,12:00,47.2,36.8,67.0,0.0,548,SW,3.3,7.1,0.0,43.0,"Lynden, Whatcom County",330063,Lynden,2020-12-16 01:12:54.575751
2018-03-09,12:15,49.8,37.3,62.2,0.0,718,SW,3.7,6.4,0.0,43.0,"Lynden, Whatcom County",330063,Lynden,2020-12-16 01:12:54.575751
2018-03-09,12:30,49.2,36.0,60.1,0.0,751,S,4.6,8.2,0.0,42.9,"Lynden, Whatcom County",330063,Lynden,2020-12-16 01:12:54.575751
2018-03-09,12:45,50.7,36.0,57.0,0.0,784,S,3.7,7.1,0.0,42.9,"Lynden, Whatcom County",330063,Lynden,2020-12-16 01:12:54.575751
2018-03-09,13:00,51.2,35.8,55.4,0.0,683,W,2.8,6.7,0.0,42.9,"Lynden, Whatcom County",330063,Lynden,2020-12-16 01:12:54.575751
2018-03-09,13:15,49.3,31.5,50.2,0.0,356,SW,2.8,6.4,0.0,43.0,"Lynden, Whatcom County",330063,Lynden,2020-12-16 01:12:54.575751
2018-03-09,13:30,50.0,34.5,55.0,0.0,460,NW,2.6,4.6,0.0,43.1,"Lynden, Whatcom County",330063,Lynden,2020-12-16 01:12:54.575751
2018-03-09,13:45,49.3,32.5,52.1,0.0,376,NW,2.1,5.3,0.0,43.1,"Lynden, Whatcom County",330063,Lynden,2020-12-16 01:12:54.575751
2018-03-09,14:00,50.8,32.0,48.2,0.0,530,W,3.3,7.4,0.0,43.1,"Lynden, Whatcom County",330063,Lynden,2020-12-16 01:12:54.575751
2018-03-09,14:15,50.8,30.3,45.2,0.0,572,SW,3.0,4.9,0.0,43.2,"Lynden, Whatcom County",330063,Lynden,2020-12-16 01:12:54.575751
2018-03-09,14:30,52.0,32.2,46.5,0.0,542,NW,2.8,4.9,0.0,43.3,"Lynden, Whatcom County",330063,Lynden,2020-12-16 01:12:54.575751
2018-03-09,14:45,51.1,32.0,47.8,0.0,303,NW,2.3,4.2,0.0,43.3,"Lynden, Whatcom County",330063,Lynden,2020-12-16 01:12:54.575751
2018-03-09,15:00,48.9,29.9,47.7,0.0,164,W,1.9,3.9,0.0,43.4,"Lynden, Whatcom County",330063,Lynden,2020-12-16 01:12:54.575751
2018-03-09,15:15,48.8,29.3,46.7,0.0,167,SW,1.6,3.5,0.0,43.5,"Lynden, Whatcom County",330063,Lynden,2020-12-16 01:12:54.575751
2018-03-09,15:30,49.4,29.6,46.2,0.0,194,S,2.2,3.9,0.0,43.6,"Lynden, Whatcom County",330063,Lynden,2020-12-16 01:12:54.575751
2018-03-09,15:45,48.9,30.8,49.4,0.0,88,SE,0.4,2.4,0.0,43.7,"Lynden, Whatcom County",330063,Lynden,2020-12-16 01:12:54.575751
2018-03-09,16:00,49.0,30.7,49.1,0.0,89,NW,0.4,2.4,0.0,43.8,"Lynden, Whatcom County",330063,Lynden,2020-12-16 01:12:54.575751
2018-03-09,16:15,49.8,32.1,50.3,0.0,110,N ,0.5,2.1,0.0,43.9,"Lynden, Whatcom County",330063,Lynden,2020-12-16 01:12:54.575751
2018-03-09,16:30,49.2,31.9,51.1,0.0,149,NW,0.8,2.8,0.0,43.9,"Lynden, Whatcom County",330063,Lynden,2020-12-16 01:12:54.575751
2018-03-09,16:45,52.6,30.2,42.0,0.0,211,S,0.2,2.1,0.0,44.0,"Lynden, Whatcom County",330063,Lynden,2020-12-16 01:12:54.575751
2018-03-09,17:00,50.7,30.5,45.5,0.0,176,SW,3.2,8.2,0.0,44.0,"Lynden, Whatcom County",330063,Lynden,2020-12-16 01:12:54.575751
2018-03-09,17:15,48.7,31.2,50.6,0.0,103,S,2.9,4.9,0.0,44.0,"Lynden, Whatcom County",330063,Lynden,2020-12-16 01:12:54.575751
2018-03-09,17:30,47.2,31.1,53.4,0.0,54,SW,3.8,7.1,0.0,44.0,"Lynden, Whatcom County",330063,Lynden,2020-12-16 01:12:54.575751
2018-03-09,17:45,46.2,31.1,55.4,0.0,26,W,3.5,5.3,0.0,44.1,"Lynden, Whatcom County",330063,Lynden,2020-12-16 01:12:54.575751
2018-03-09,18:00,45.1,31.3,58.1,0.0,10,W,2.9,4.6,0.0,44.1,"Lynden, Whatcom County",330063,Lynden,2020-12-16 01:12:54.575751
2018-03-09,18:15,44.0,31.2,60.4,0.0,3,SW,1.7,3.1,0.0,44.2,"Lynden, Whatcom County",330063,Lynden,2020-12-16 01:12:54.575751
2018-03-09,18:30,42.7,32.0,65.8,0.0,0,SW,1.0,2.4,0.0,44.2,"Lynden, Whatcom County",330063,Lynden,2020-12-16 01:12:54.575751
2018-03-09,18:45,41.9,32.5,69.1,0.0,0,N ,0.0,0.0,0.0,44.3,"Lynden, Whatcom County",330063,Lynden,2020-12-16 01:12:54.575751
2018-03-09,19:00,40.3,34.2,78.7,0.0,0,N ,0.4,2.4,0.0,44.3,"Lynden, Whatcom County",330063,Lynden,2020-12-16 01:12:54.575751
2018-03-09,19:15,39.1,34.0,81.6,0.0,0,N ,0.0,0.0,0.0,44.3,"Lynden, Whatcom County",330063,Lynden,2020-12-16 01:12:54.575751
2018-03-09,19:30,39.0,35.3,86.4,0.0,0,N ,0.0,0.0,0.01,44.3,"Lynden, Whatcom County",330063,Lynden,2020-12-16 01:12:54.575751
2018-03-09,19:45,38.2,37.8,98.3,0.0,0,N ,0.0,0.0,0.01,44.3,"Lynden, Whatcom County",330063,Lynden,2020-12-16 01:12:54.575751
2018-03-09,20:00,38.1,37.4,96.9,0.0,0,N,1.6,3.1,0.01,44.3,"Lynden, Whatcom County",330063,Lynden,2020-12-16 01:12:54.575751
2018-03-09,20:15,37.4,37.2,99.2,0.0,0,N ,0.0,0.0,0.01,44.3,"Lynden, Whatcom County",330063,Lynden,2020-12-16 01:12:54.575751
2018-03-09,20:30,36.9,36.7,99.2,0.0,0,N ,0.0,0.0,0.01,44.3,"Lynden, Whatcom County",330063,Lynden,2020-12-16 01:12:54.575751
2018-03-09,20:45,37.2,37.0,99.2,0.0,0,N,0.0,1.4,0.01,44.3,"Lynden, Whatcom County",330063,Lynden,2020-12-16 01:12:54.575751
2018-03-09,21:00,37.3,37.1,99.2,0.0,0,N ,0.0,0.0,0.01,44.3,"Lynden, Whatcom County",330063,Lynden,2020-12-16 01:12:54.575751
2018-03-09,21:15,36.9,36.7,99.2,0.0,0,N ,0.0,0.0,0.01,44.2,"Lynden, Whatcom County",330063,Lynden,2020-12-16 01:12:54.575751
2018-03-09,21:30,36.0,35.8,99.2,0.0,0,N ,0.0,0.0,0.03,44.2,"Lynden, Whatcom County",330063,Lynden,2020-12-16 01:12:54.575751
2018-03-09,21:45,35.1,34.9,99.3,0.0,0,S,0.2,2.1,0.04,44.2,"Lynden, Whatcom County",330063,Lynden,2020-12-16 01:12:54.575751
2018-03-09,22:00,34.5,34.3,99.3,0.0,0,N ,0.2,3.1,0.07,44.2,"Lynden, Whatcom County",330063,Lynden,2020-12-16 01:12:54.575751
2018-03-09,22:15,33.3,33.1,99.3,0.0,0,N ,1.2,3.5,0.11,44.1,"Lynden, Whatcom County",330063,Lynden,2020-12-16 01:12:54.575751
2018-03-09,22:30,33.1,33.0,99.3,0.0,0,NE,0.1,1.7,0.15,44.1,"Lynden, Whatcom County",330063,Lynden,2020-12-16 01:12:54.575751
2018-03-09,22:45,33.4,33.3,99.3,0.0,0,N,0.1,1.7,0.19,44.1,"Lynden, Whatcom County",330063,Lynden,2020-12-16 01:12:54.575751
2018-03-09,23:00,33.3,33.1,99.3,0.0,0,NE,0.0,1.4,0.22,44.1,"Lynden, Whatcom County",330063,Lynden,2020-12-16 01:12:54.575751
2018-03-09,23:15,33.0,32.8,99.3,0.0,0,N ,0.0,0.0,0.25,44.0,"Lynden, Whatcom County",330063,Lynden,2020-12-16 01:12:54.575751
2018-03-09,23:30,32.3,32.2,99.3,0.0,0,N ,0.0,0.0,0.29,44.0,"Lynden, Whatcom County",330063,Lynden,2020-12-16 01:12:54.575751
2018-03-09,23:45,31.8,31.5,99.3,0.0,0,N ,0.0,0.0,0.33,43.9,"Lynden, Whatcom County",330063,Lynden,2020-12-16 01:12:54.575751
2018-03-09,24:00,31.4,31.1,99.3,0.0,0,N ,0.0,0.0,0.36,43.9,"Lynden, Whatcom County",330063,Lynden,2020-12-16 01:12:54.575751
2018-03-10,00:15,31.5,31.2,99.3,0.0,0,NW,0.0,1.4,0.39,43.9,"Lynden, Whatcom County",330063,Lynden,2020-12-16 01:12:54.575751
2018-03-10,00:30,31.1,30.7,99.4,0.0,0,NW,0.0,1.4,0.42,43.8,"Lynden, Whatcom County",330063,Lynden,2020-12-16 01:12:54.575751
2018-03-10,00:45,30.7,30.2,99.3,0.0,0,N,0.1,1.7,0.03,43.8,"Lynden, Whatcom County",330063,Lynden,2020-12-16 01:12:54.575751
2018-03-10,01:00,30.6,30.1,99.4,0.0,0,N ,0.0,0.0,0.02,43.8,"Lynden, Whatcom County",330063,Lynden,2020-12-16 01:12:54.575751
2018-03-10,01:15,30.5,30.0,99.4,0.0,0,N ,0.0,0.0,0.02,43.7,"Lynden, Whatcom County",330063,Lynden,2020-12-16 01:12:54.575751
2018-03-10,01:30,30.7,30.3,99.4,0.0,0,E,0.0,1.7,0.02,43.7,"Lynden, Whatcom County",330063,Lynden,2020-12-16 01:12:54.575751
2018-03-10,01:45,31.2,30.9,99.4,0.0,0,NE,0.2,1.7,0.03,43.6,"Lynden, Whatcom County",330063,Lynden,2020-12-16 01:12:54.575751
2018-03-10,02:00,32.1,31.9,99.4,0.0,0,NE,0.0,1.4,0.04,43.6,"Lynden, Whatcom County",330063,Lynden,2020-12-16 01:12:54.575751
2018-03-10,02:15,31.9,31.7,99.3,0.0,0,N ,0.0,0.0,0.03,43.6,"Lynden, Whatcom County",330063,Lynden,2020-12-16 01:12:54.575751
2018-03-10,02:30,31.5,31.1,99.3,0.0,0,N ,0.0,0.0,0.03,43.5,"Lynden, Whatcom County",330063,Lynden,2020-12-16 01:12:54.575751
2018-03-10,02:45,31.0,30.6,99.3,0.0,0,N,0.2,2.4,0.03,43.5,"Lynden, Whatcom County",330063,Lynden,2020-12-16 01:12:54.575751
2018-03-10,03:00,31.3,30.9,99.4,0.0,0,NE,0.0,1.4,0.03,43.4,"Lynden, Whatcom County",330063,Lynden,2020-12-16 01:12:54.575751
2018-03-10,03:15,31.9,31.7,99.3,0.0,0,N ,0.0,0.0,0.03,43.4,"Lynden, Whatcom County",330063,Lynden,2020-12-16 01:12:54.575751
2018-03-10,03:30,32.0,31.8,99.3,0.0,0,N ,0.0,0.0,0.04,43.3,"Lynden, Whatcom County",330063,Lynden,2020-12-16 01:12:54.575751
2018-03-10,03:45,32.0,31.7,99.3,0.0,0,N ,0.0,0.0,0.03,43.3,"Lynden, Whatcom County",330063,Lynden,2020-12-16 01:12:54.575751
2018-03-10,04:00,32.4,32.2,99.3,0.0,0,NE,0.6,2.1,0.04,43.3,"Lynden, Whatcom County",330063,Lynden,2020-12-16 01:12:54.575751
2018-03-10,04:15,32.3,32.1,99.3,0.0,0,NE,0.0,1.4,0.04,43.2,"Lynden, Whatcom County",330063,Lynden,2020-12-16 01:12:54.575751
2018-03-10,04:30,32.2,32.0,99.3,0.0,0,N ,0.1,1.7,0.03,43.2,"Lynden, Whatcom County",330063,Lynden,2020-12-16 01:12:54.575751
2018-03-10,04:45,32.9,32.7,99.3,0.0,0,N ,0.0,0.0,0.05,43.1,"Lynden, Whatcom County",330063,Lynden,2020-12-16 01:12:54.575751
2018-03-10,05:00,33.3,33.1,99.3,0.0,0,NE,0.5,2.1,0.05,43.1,"Lynden, Whatcom County",330063,Lynden,2020-12-16 01:12:54.575751
2018-03-10,05:15,33.2,33.0,99.3,0.0,0,NE,0.2,2.1,0.05,43.0,"Lynden, Whatcom County",330063,Lynden,2020-12-16 01:12:54.575751
2018-03-10,05:30,33.0,32.8,99.3,0.0,0,NE,0.3,2.1,0.05,43.0,"Lynden, Whatcom County",330063,Lynden,2020-12-16 01:12:54.575751
2018-03-10,05:45,32.5,32.3,99.3,0.0,0,NE,0.0,2.1,0.04,42.9,"Lynden, Whatcom County",330063,Lynden,2020-12-16 01:12:54.575751
2018-03-10,06:00,32.2,32.1,99.3,0.0,0,NE,0.7,2.8,0.04,42.9,"Lynden, Whatcom County",330063,Lynden,2020-12-16 01:12:54.575751
2018-03-10,06:15,31.9,31.6,99.3,0.0,0,NE,0.6,1.7,0.04,42.8,"Lynden, Whatcom County",330063,Lynden,2020-12-16 01:12:54.575751
2018-03-10,06:30,31.4,31.0,99.3,0.0,1,N ,0.0,0.0,0.03,42.8,"Lynden, Whatcom County",330063,Lynden,2020-12-16 01:12:54.575751
2018-03-10,06:45,31.2,30.8,99.3,0.0,5,N ,0.0,0.0,0.03,42.7,"Lynden, Whatcom County",330063,Lynden,2020-12-16 01:12:54.575751
2018-03-10,07:00,31.4,31.0,99.3,0.0,12,N ,0.0,1.4,0.03,42.7,"Lynden, Whatcom County",330063,Lynden,2020-12-16 01:12:54.575751
2018-03-10,07:15,32.2,32.1,99.3,0.0,19,NE,0.0,1.4,0.04,42.7,"Lynden, Whatcom County",330063,Lynden,2020-12-16 01:12:54.575751
2018-03-10,07:30,32.4,32.2,99.3,0.0,24,N,0.1,2.8,0.05,42.6,"Lynden, Whatcom County",330063,Lynden,2020-12-16 01:12:54.575751
2018-03-10,07:45,33.4,33.2,99.3,0.0,30,N ,1.1,3.9,0.12,42.6,"Lynden, Whatcom County",330063,Lynden,2020-12-16 01:12:54.575751
2018-03-10,08:00,36.0,35.7,98.9,0.0,35,NE,0.8,2.8,0.48,42.6,"Lynden, Whatcom County",330063,Lynden,2020-12-16 01:12:54.575751
2018-03-10,08:15,37.2,36.0,95.4,0.0,41,NE,1.4,6.4,0.82,42.5,"Lynden, Whatcom County",330063,Lynden,2020-12-16 01:12:54.575751
2018-03-10,08:30,38.2,36.4,93.0,0.0,51,NE,1.4,4.9,0.68,42.5,"Lynden, Whatcom County",330063,Lynden,2020-12-16 01:12:54.575751
2018-03-10,08:45,39.5,35.4,85.0,0.0,53,NE,2.4,6.7,0.56,42.4,"Lynden, Whatcom County",330063,Lynden,2020-12-16 01:12:54.575751
2018-03-10,09:00,40.8,35.1,80.2,0.0,270,NE,2.3,4.2,0.28,42.4,"Lynden, Whatcom County",330063,Lynden,2020-12-16 01:12:54.575751
2018-03-10,09:15,42.3,34.7,74.3,0.0,338,NE,2.3,5.3,0.02,42.4,"Lynden, Whatcom County",330063,Lynden,2020-12-16 01:12:54.575751
2018-03-10,09:30,43.5,33.9,68.9,0.0,373,NE,2.7,7.4,0.0,42.3,"Lynden, Whatcom County",330063,Lynden,2020-12-16 01:12:54.575751
2018-03-10,09:45,44.3,33.7,66.3,0.0,406,NE,2.6,4.9,0.0,42.2,"Lynden, Whatcom County",330063,Lynden,2020-12-16 01:12:54.575751
2018-03-10,10:00,44.7,33.2,63.7,0.0,441,NE,2.7,5.3,0.0,42.1,"Lynden, Whatcom County",330063,Lynden,2020-12-16 01:12:54.575751
2018-03-10,10:15,45.7,33.4,62.1,0.0,473,NE,2.6,5.7,0.0,42.1,"Lynden, Whatcom County",330063,Lynden,2020-12-16 01:12:54.575751
2018-03-10,10:30,45.8,32.5,59.3,0.0,501,NE,2.8,6.0,0.0,42.0,"Lynden, Whatcom County",330063,Lynden,2020-12-16 01:12:54.575751
2018-03-10,10:45,46.8,32.1,56.3,0.0,524,NE,3.0,7.8,0.0,41.9,"Lynden, Whatcom County",330063,Lynden,2020-12-16 01:12:54.575751
2018-03-10,11:00,47.1,32.1,55.7,0.0,545,NE,3.0,5.3,0.0,41.9,"Lynden, Whatcom County",330063,Lynden,2020-12-16 01:12:54.575751
2018-03-10,11:15,47.8,32.1,54.2,0.0,562,NE,3.1,7.8,0.0,41.9,"Lynden, Whatcom County",330063,Lynden,2020-12-16 01:12:54.575751
2018-03-10,11:30,49.3,32.0,51.2,0.0,578,NE,2.6,5.7,0.0,41.8,"Lynden, Whatcom County",330063,Lynden,2020-12-16 01:12:54.575751
2018-03-10,11:45,49.4,31.3,49.6,0.0,591,NE,2.8,4.9,0.0,41.8,"Lynden, Whatcom County",330063,Lynden,2020-12-16 01:12:54.575751
2018-03-10,12:00,50.5,31.6,48.0,0.0,600,NE,2.6,4.2,0.0,41.8,"Lynden, Whatcom County",330063,Lynden,2020-12-16 01:12:54.575751
2018-03-10,12:15,50.4,30.9,47.0,0.0,605,NE,2.8,5.3,0.0,41.9,"Lynden, Whatcom County",330063,Lynden,2020-12-16 01:12:54.575751
2018-03-10,12:30,52.6,33.3,47.7,0.0,609,NE,2.3,6.7,0.0,41.9,"Lynden, Whatcom County",330063,Lynden,2020-12-16 01:12:54.575751
2018-03-10,12:45,53.2,33.4,46.7,0.0,605,NE,2.2,4.6,0.0,41.9,"Lynden, Whatcom County",330063,Lynden,2020-12-16 01:12:54.575751
2018-03-10,13:00,53.0,31.9,44.4,0.0,599,NE,2.2,5.3,0.0,42.0,"Lynden, Whatcom County",330063,Lynden,2020-12-16 01:12:54.575751
2018-03-10,13:15,53.4,33.1,45.8,0.0,594,NE,2.0,3.9,0.0,42.0,"Lynden, Whatcom County",330063,Lynden,2020-12-16 01:12:54.575751
2018-03-10,13:30,54.9,34.2,45.3,0.0,585,NE,2.5,7.4,0.0,42.1,"Lynden, Whatcom County",330063,Lynden,2020-12-16 01:12:54.575751
2018-03-10,13:45,55.6,33.4,42.8,0.0,571,NE,2.1,6.0,0.0,42.1,"Lynden, Whatcom County",330063,Lynden,2020-12-16 01:12:54.575751
2018-03-10,14:00,56.1,32.7,40.9,0.0,557,NE,2.2,5.7,0.0,42.2,"Lynden, Whatcom County",330063,Lynden,2020-12-16 01:12:54.575751
2018-03-10,14:15,56.0,32.2,40.3,0.0,536,NE,2.0,3.5,0.0,42.3,"Lynden, Whatcom County",330063,Lynden,2020-12-16 01:12:54.575751
2018-03-10,14:30,57.6,34.0,40.8,0.0,514,NE,1.6,4.9,0.0,42.3,"Lynden, Whatcom County",330063,Lynden,2020-12-16 01:12:54.575751
2018-03-10,14:45,57.5,34.0,41.0,0.0,489,NE,2.0,3.5,0.0,42.4,"Lynden, Whatcom County",330063,Lynden,2020-12-16 01:12:54.575751
2018-03-10,15:00,58.0,34.7,41.4,0.0,462,NE,2.4,6.0,0.0,42.5,"Lynden, Whatcom County",330063,Lynden,2020-12-16 01:12:54.575751
2018-03-10,15:15,58.2,33.6,39.3,0.0,433,NE,1.9,4.2,0.0,42.6,"Lynden, Whatcom County",330063,Lynden,2020-12-16 01:12:54.575751
2018-03-10,15:30,58.6,33.7,38.9,0.0,402,NE,2.1,6.0,0.0,42.7,"Lynden, Whatcom County",330063,Lynden,2020-12-16 01:12:54.575751
2018-03-10,15:45,58.8,33.9,38.9,0.0,362,NE,1.7,4.6,0.0,42.8,"Lynden, Whatcom County",330063,Lynden,2020-12-16 01:12:54.575751
2018-03-10,16:00,58.8,33.2,37.9,0.0,333,NE,1.7,4.6,0.0,42.9,"Lynden, Whatcom County",330063,Lynden,2020-12-16 01:12:54.575751
2018-03-10,16:15,59.4,34.0,38.3,0.0,295,NE,1.3,4.6,0.0,43.0,"Lynden, Whatcom County",330063,Lynden,2020-12-16 01:12:54.575751
2018-03-10,16:30,58.9,33.1,37.5,0.0,256,NE,1.2,3.5,0.0,43.0,"Lynden, Whatcom County",330063,Lynden,2020-12-16 01:12:54.575751
2018-03-10,16:45,58.3,32.9,38.0,0.0,217,NE,1.6,3.1,0.0,43.1,"Lynden, Whatcom County",330063,Lynden,2020-12-16 01:12:54.575751
2018-03-10,17:00,57.9,33.0,38.8,0.0,172,NE,1.2,3.1,0.0,43.2,"Lynden, Whatcom County",330063,Lynden,2020-12-16 01:12:54.575751
2018-03-10,17:15,57.3,34.2,41.6,0.0,137,N ,1.4,3.1,0.0,43.3,"Lynden, Whatcom County",330063,Lynden,2020-12-16 01:12:54.575751
2018-03-10,17:30,55.0,34.7,46.1,0.0,99,N ,2.4,3.9,0.0,43.4,"Lynden, Whatcom County",330063,Lynden,2020-12-16 01:12:54.575751
2018-03-10,17:45,52.8,35.7,52.0,0.0,46,N,2.5,3.9,0.0,43.4,"Lynden, Whatcom County",330063,Lynden,2020-12-16 01:12:54.575751
2018-03-10,18:00,50.0,36.6,59.8,0.0,13,N,1.5,3.1,0.0,43.5,"Lynden, Whatcom County",330063,Lynden,2020-12-16 01:12:54.575751
2018-03-10,18:15,48.0,35.9,62.7,0.0,5,N ,0.7,3.1,0.0,43.6,"Lynden, Whatcom County",330063,Lynden,2020-12-16 01:12:54.575751
2018-03-10,18:30,47.1,34.9,62.4,0.0,1,N,0.2,2.8,0.0,43.8,"Lynden, Whatcom County",330063,Lynden,2020-12-16 01:12:54.575751
2018-03-10,18:45,45.9,35.6,67.0,0.0,0,N,2.3,3.1,0.0,43.9,"Lynden, Whatcom County",330063,Lynden,2020-12-16 01:12:54.575751
2018-03-10,19:00,44.8,35.7,70.3,0.0,0,N ,1.3,3.5,0.0,43.9,"Lynden, Whatcom County",330063,Lynden,2020-12-16 01:12:54.575751
2018-03-10,19:15,43.2,35.2,73.1,0.0,0,W,1.1,3.1,0.0,44.0,"Lynden, Whatcom County",330063,Lynden,2020-12-16 01:12:54.575751
2018-03-10,19:30,43.9,34.3,68.8,0.0,0,N,1.2,3.1,0.0,44.0,"Lynden, Whatcom County",330063,Lynden,2020-12-16 01:12:54.575751
2018-03-10,19:45,42.6,35.4,75.3,0.0,0,N ,0.8,4.6,0.01,44.1,"Lynden, Whatcom County",330063,Lynden,2020-12-16 01:12:54.575751
2018-03-10,20:00,42.7,34.7,73.2,0.0,0,N ,1.6,4.2,0.0,44.1,"Lynden, Whatcom County",330063,Lynden,2020-12-16 01:12:54.575751
2018-03-10,20:15,42.8,33.9,70.5,0.0,0,N ,0.1,1.7,0.0,44.1,"Lynden, Whatcom County",330063,Lynden,2020-12-16 01:12:54.575751
2018-03-10,20:30,41.8,34.5,75.1,0.0,0,N,2.0,3.5,0.01,44.1,"Lynden, Whatcom County",330063,Lynden,2020-12-16 01:12:54.575751
2018-03-10,20:45,41.5,34.6,76.3,0.0,0,N ,2.3,3.9,0.0,44.1,"Lynden, Whatcom County",330063,Lynden,2020-12-16 01:12:54.575751
2018-03-10,21:00,40.6,34.7,79.4,0.0,0,N ,1.1,3.1,0.01,44.1,"Lynden, Whatcom County",330063,Lynden,2020-12-16 01:12:54.575751
2018-03-10,21:15,40.4,34.9,80.8,0.0,0,N,2.7,4.2,0.01,44.1,"Lynden, Whatcom County",330063,Lynden,2020-12-16 01:12:54.575751
2018-03-10,21:30,40.4,35.0,81.0,0.0,0,N,2.0,3.1,0.01,44.1,"Lynden, Whatcom County",330063,Lynden,2020-12-16 01:12:54.575751
2018-03-10,21:45,40.1,35.1,82.1,0.0,0,N ,1.5,3.1,0.01,44.1,"Lynden, Whatcom County",330063,Lynden,2020-12-16 01:12:54.575751
2018-03-10,22:00,39.8,35.1,83.2,0.0,0,N ,0.3,2.4,0.01,44.1,"Lynden, Whatcom County",330063,Lynden,2020-12-16 01:12:54.575751
2018-03-10,22:15,40.2,34.9,81.1,0.0,0,NE,1.5,2.8,0.01,44.1,"Lynden, Whatcom County",330063,Lynden,2020-12-16 01:12:54.575751
2018-03-10,22:30,41.4,36.3,82.1,0.0,0,NE,1.6,3.1,0.01,44.1,"Lynden, Whatcom County",330063,Lynden,2020-12-16 01:12:54.575751
2018-03-10,22:45,41.3,37.3,85.6,0.0,0,N ,0.8,3.5,0.01,44.1,"Lynden, Whatcom County",330063,Lynden,2020-12-16 01:12:54.575751
2018-03-10,23:00,41.0,37.9,88.4,0.0,0,N,1.1,3.1,0.01,44.1,"Lynden, Whatcom County",330063,Lynden,2020-12-16 01:12:54.575751
2018-03-10,23:15,41.0,37.6,87.8,0.0,0,N ,0.1,1.7,0.01,44.0,"Lynden, Whatcom County",330063,Lynden,2020-12-16 01:12:54.575751
2018-03-10,23:30,39.7,38.3,94.9,0.0,0,W,0.4,2.4,0.02,44.0,"Lynden, Whatcom County",330063,Lynden,2020-12-16 01:12:54.575751
2018-03-10,23:45,38.5,38.3,99.2,0.0,0,N ,0.9,3.5,0.02,44.0,"Lynden, Whatcom County",330063,Lynden,2020-12-16 01:12:54.575751
2018-03-10,24:00,39.9,39.3,97.9,0.0,0,NE,0.9,2.8,0.02,44.0,"Lynden, Whatcom County",330063,Lynden,2020-12-16 01:12:54.575751
2018-03-11,00:15,40.3,39.1,95.5,0.0,0,N ,1.1,3.1,0.01,44.0,"Lynden, Whatcom County",330063,Lynden,2020-12-16 01:12:54.575751
2018-03-11,00:30,39.1,38.5,97.6,0.0,0,N ,0.8,2.8,0.02,43.9,"Lynden, Whatcom County",330063,Lynden,2020-12-16 01:12:54.575751
2018-03-11,00:45,38.9,38.7,99.1,0.0,0,NE,0.8,2.4,0.02,43.9,"Lynden, Whatcom County",330063,Lynden,2020-12-16 01:12:54.575751
2018-03-11,01:00,39.3,38.5,97.1,0.0,0,NE,1.7,4.2,0.01,43.9,"Lynden, Whatcom County",330063,Lynden,2020-12-16 01:12:54.575751
2018-03-11,01:15,38.3,37.9,98.5,0.0,0,NE,1.0,2.4,0.02,43.9,"Lynden, Whatcom County",330063,Lynden,2020-12-16 01:12:54.575751
2018-03-11,01:30,38.1,37.7,98.3,0.0,0,NE,1.4,2.1,0.01,43.8,"Lynden, Whatcom County",330063,Lynden,2020-12-16 01:12:54.575751
2018-03-11,01:45,37.8,37.6,99.2,0.0,0,NE,0.9,1.7,0.02,43.8,"Lynden, Whatcom County",330063,Lynden,2020-12-16 01:12:54.575751
2018-03-11,03:00,37.1,36.9,99.2,0.0,0,NE,0.2,2.4,0.02,43.8,"Lynden, Whatcom County",330063,Lynden,2020-12-16 01:12:54.575751
2018-03-11,03:15,37.0,36.8,99.2,0.0,0,NE,0.3,2.1,0.03,43.7,"Lynden, Whatcom County",330063,Lynden,2020-12-16 01:12:54.575751
2018-03-11,03:30,36.7,36.5,99.2,0.0,0,N ,0.2,2.1,0.02,43.7,"Lynden, Whatcom County",330063,Lynden,2020-12-16 01:12:54.575751
2018-03-11,03:45,36.7,36.5,99.2,0.0,0,N ,0.6,3.5,0.02,43.7,"Lynden, Whatcom County",330063,Lynden,2020-12-16 01:12:54.575751
2018-03-11,03:00,36.6,36.4,99.2,0.0,0,NE,1.0,2.8,0.03,43.6,"Lynden, Whatcom County",330063,Lynden,2020-12-16 01:12:54.575751
2018-03-11,03:15,37.3,37.1,99.2,0.0,0,NE,1.6,2.4,0.02,43.6,"Lynden, Whatcom County",330063,Lynden,2020-12-16 01:12:54.575751
2018-03-11,03:30,37.4,37.2,99.2,0.0,0,NE,0.9,2.8,0.02,43.6,"Lynden, Whatcom County",330063,Lynden,2020-12-16 01:12:54.575751
2018-03-11,03:45,37.3,37.1,99.2,0.0,0,NE,1.3,3.1,0.02,43.6,"Lynden, Whatcom County",330063,Lynden,2020-12-16 01:12:54.575751
2018-03-11,04:00,37.2,37.0,99.2,0.0,0,NE,1.3,3.1,0.02,43.5,"Lynden, Whatcom County",330063,Lynden,2020-12-16 01:12:54.575751
2018-03-11,04:15,36.2,36.0,99.2,0.0,0,N ,2.6,4.2,0.02,43.5,"Lynden, Whatcom County",330063,Lynden,2020-12-16 01:12:54.575751
2018-03-11,04:30,35.3,35.1,99.2,0.0,0,N ,1.4,3.1,0.04,43.5,"Lynden, Whatcom County",330063,Lynden,2020-12-16 01:12:54.575751
2018-03-11,04:45,35.4,35.3,99.3,0.0,0,N ,1.5,3.1,0.05,43.4,"Lynden, Whatcom County",330063,Lynden,2020-12-16 01:12:54.575751
2018-03-11,05:00,35.2,35.0,99.2,0.0,0,N ,0.7,3.1,0.07,43.4,"Lynden, Whatcom County",330063,Lynden,2020-12-16 01:12:54.575751
2018-03-11,05:15,36.0,35.8,99.2,0.0,0,NE,0.5,2.8,0.07,43.4,"Lynden, Whatcom County",330063,Lynden,2020-12-16 01:12:54.575751
2018-03-11,05:30,36.8,36.6,99.2,0.0,0,NE,0.5,2.8,0.05,43.3,"Lynden, Whatcom County",330063,Lynden,2020-12-16 01:12:54.575751
2018-03-11,05:45,36.9,36.7,99.2,0.0,0,N ,1.4,3.9,0.03,43.3,"Lynden, Whatcom County",330063,Lynden,2020-12-16 01:12:54.575751
2018-03-11,06:00,36.6,36.4,99.2,0.0,0,NE,0.8,4.2,0.03,43.3,"Lynden, Whatcom County",330063,Lynden,2020-12-16 01:12:54.575751
2018-03-11,06:15,37.5,37.2,99.2,0.0,0,NE,1.8,4.2,0.02,43.3,"Lynden, Whatcom County",330063,Lynden,2020-12-16 01:12:54.575751
2018-03-11,06:30,37.1,36.9,99.2,0.0,1,NE,1.7,4.6,0.02,43.2,"Lynden, Whatcom County",330063,Lynden,2020-12-16 01:12:54.575751
2018-03-11,06:45,38.2,37.7,98.0,0.0,5,NE,1.4,3.1,0.01,43.2,"Lynden, Whatcom County",330063,Lynden,2020-12-16 01:12:54.575751
2018-03-11,07:00,38.7,37.6,95.7,0.0,11,NE,1.8,4.9,0.01,43.2,"Lynden, Whatcom County",330063,Lynden,2020-12-16 01:12:54.575751
2018-03-11,07:15,37.4,37.1,98.6,0.0,17,NE,1.5,3.1,0.01,43.1,"Lynden, Whatcom County",330063,Lynden,2020-12-16 01:12:54.575751
2018-03-11,07:30,37.4,37.2,99.2,0.0,21,N ,2.3,4.2,0.01,43.1,"Lynden, Whatcom County",330063,Lynden,2020-12-16 01:12:54.575751
2018-03-11,07:45,38.9,37.9,96.2,0.0,24,NE,2.1,4.6,0.01,43.1,"Lynden, Whatcom County",330063,Lynden,2020-12-16 01:12:54.575751
2018-03-11,08:00,42.4,37.8,83.6,0.0,28,NE,1.9,4.2,0.01,43.0,"Lynden, Whatcom County",330063,Lynden,2020-12-16 01:12:54.575751
2018-03-11,08:15,42.6,38.6,85.3,0.0,31,NE,2.4,8.9,0.01,43.0,"Lynden, Whatcom County",330063,Lynden,2020-12-16 01:12:54.575751
2018-03-11,08:30,44.2,37.7,77.6,0.0,51,NE,2.2,4.9,0.0,43.0,"Lynden, Whatcom County",330063,Lynden,2020-12-16 01:12:54.575751
2018-03-11,08:45,45.2,37.3,73.7,0.0,60,NE,2.5,6.4,0.0,43.0,"Lynden, Whatcom County",330063,Lynden,2020-12-16 01:12:54.575751
2018-03-11,09:00,45.8,37.3,72.0,0.0,266,NE,3.0,7.8,0.0,43.0,"Lynden, Whatcom County",330063,Lynden,2020-12-16 01:12:54.575751
2018-03-11,09:15,47.5,36.8,66.1,0.0,360,NE,2.8,9.6,0.0,42.9,"Lynden, Whatcom County",330063,Lynden,2020-12-16 01:12:54.575751
2018-03-11,09:30,48.9,35.5,59.6,0.0,395,NE,2.8,5.7,0.0,42.9,"Lynden, Whatcom County",330063,Lynden,2020-12-16 01:12:54.575751
2018-03-11,09:45,49.6,35.1,57.0,0.0,429,NE,2.8,5.7,0.0,42.8,"Lynden, Whatcom County",330063,Lynden,2020-12-16 01:12:54.575751
2018-03-11,10:00,50.7,35.4,55.5,0.0,460,NE,2.8,8.2,0.0,42.8,"Lynden, Whatcom County",330063,Lynden,2020-12-16 01:12:54.575751
2018-03-11,10:15,51.3,35.5,54.5,0.0,489,NE,2.6,4.9,0.0,42.7,"Lynden, Whatcom County",330063,Lynden,2020-12-16 01:12:54.575751
2018-03-11,10:30,52.3,35.4,52.2,0.0,516,NE,2.6,7.4,0.0,42.7,"Lynden, Whatcom County",330063,Lynden,2020-12-16 01:12:54.575751
2018-03-11,10:45,53.3,35.5,50.8,0.0,542,NE,2.5,5.7,0.0,42.6,"Lynden, Whatcom County",330063,Lynden,2020-12-16 01:12:54.575751
2018-03-11,11:00,53.9,35.3,49.3,0.0,465,NE,2.6,9.2,0.0,42.6,"Lynden, Whatcom County",330063,Lynden,2020-12-16 01:12:54.575751
2018-03-11,11:15,53.8,35.3,49.3,0.0,597,NE,2.6,3.9,0.0,42.5,"Lynden, Whatcom County",330063,Lynden,2020-12-16 01:12:54.575751
2018-03-11,11:30,55.4,35.7,47.3,0.0,590,NE,2.5,7.1,0.0,42.5,"Lynden, Whatcom County",330063,Lynden,2020-12-16 01:12:54.575751
2018-03-11,11:45,55.8,35.8,46.9,0.0,602,NE,2.5,5.3,0.0,42.6,"Lynden, Whatcom County",330063,Lynden,2020-12-16 01:12:54.575751
2018-03-11,12:00,58.1,37.0,45.1,0.0,610,NE,2.5,4.9,0.0,42.6,"Lynden, Whatcom County",330063,Lynden,2020-12-16 01:12:54.575751
2018-03-11,12:15,57.7,35.2,42.8,0.0,616,NE,2.4,3.5,0.0,42.6,"Lynden, Whatcom County",330063,Lynden,2020-12-16 01:12:54.575751
2018-03-11,12:30,58.5,36.2,43.1,0.0,618,NE,2.2,6.0,0.0,42.7,"Lynden, Whatcom County",330063,Lynden,2020-12-16 01:12:54.575751
2018-03-11,12:45,60.6,36.9,41.1,0.0,616,NE,2.1,4.2,0.0,42.7,"Lynden, Whatcom County",330063,Lynden,2020-12-16 01:12:54.575751
2018-03-11,13:00,60.8,35.7,39.0,0.0,612,NE,2.0,4.6,0.0,42.8,"Lynden, Whatcom County",330063,Lynden,2020-12-16 01:12:54.575751
2018-03-11,13:15,61.1,35.9,38.8,0.0,606,NE,1.9,3.5,0.0,42.8,"Lynden, Whatcom County",330063,Lynden,2020-12-16 01:12:54.575751
2018-03-11,13:30,61.9,36.5,38.7,0.0,596,NE,2.3,6.4,0.0,42.9,"Lynden, Whatcom County",330063,Lynden,2020-12-16 01:12:54.575751
2018-03-11,13:45,61.7,35.4,37.4,0.0,581,NE,2.0,3.1,0.0,43.0,"Lynden, Whatcom County",330063,Lynden,2020-12-16 01:12:54.575751
2018-03-11,14:00,62.1,35.5,36.9,0.0,565,NE,2.2,5.7,0.0,43.1,"Lynden, Whatcom County",330063,Lynden,2020-12-16 01:12:54.575751
2018-03-11,14:15,63.3,35.7,35.7,0.0,546,NE,2.0,5.7,0.0,43.1,"Lynden, Whatcom County",330063,Lynden,2020-12-16 01:12:54.575751
2018-03-11,14:30,63.8,36.1,35.6,0.0,524,NE,1.9,4.6,0.0,43.2,"Lynden, Whatcom County",330063,Lynden,2020-12-16 01:12:54.575751
2018-03-11,14:45,64.4,36.4,35.3,0.0,501,NE,1.5,6.0,0.0,43.3,"Lynden, Whatcom County",330063,Lynden,2020-12-16 01:12:54.575751
2018-03-11,15:00,64.6,37.8,37.0,0.0,459,N ,2.4,6.4,0.0,43.4,"Lynden, Whatcom County",330063,Lynden,2020-12-16 01:12:54.575751
2018-03-11,15:15,64.3,38.1,37.9,0.0,385,N ,2.0,6.0,0.0,43.5,"Lynden, Whatcom County",330063,Lynden,2020-12-16 01:12:54.575751
2018-03-11,15:30,63.6,37.3,37.6,0.0,395,N,2.9,4.9,0.0,43.6,"Lynden, Whatcom County",330063,Lynden,2020-12-16 01:12:54.575751
2018-03-11,15:45,64.1,37.0,36.5,0.0,386,N,1.8,4.2,0.0,43.7,"Lynden, Whatcom County",330063,Lynden,2020-12-16 01:12:54.575751
2018-03-11,16:00,65.0,37.4,35.9,0.0,345,N,2.0,3.9,0.0,43.8,"Lynden, Whatcom County",330063,Lynden,2020-12-16 01:12:54.575751
2018-03-11,16:15,65.2,38.1,36.7,0.0,303,N ,1.8,3.9,0.0,43.9,"Lynden, Whatcom County",330063,Lynden,2020-12-16 01:12:54.575751
2018-03-11,16:30,64.7,37.0,35.8,0.0,261,N,1.8,3.5,0.0,44.0,"Lynden, Whatcom County",330063,Lynden,2020-12-16 01:12:54.575751
2018-03-11,16:45,64.2,37.4,37.0,0.0,222,N ,1.3,3.1,0.0,44.1,"Lynden, Whatcom County",330063,Lynden,2020-12-16 01:12:54.575751
2018-03-11,17:00,64.2,38.9,39.1,0.0,182,N ,2.1,4.2,0.0,44.2,"Lynden, Whatcom County",330063,Lynden,2020-12-16 01:12:54.575751
2018-03-11,17:15,62.4,41.9,47.0,0.0,142,W,0.3,3.5,0.0,44.3,"Lynden, Whatcom County",330063,Lynden,2020-12-16 01:12:54.575751
2018-03-11,17:30,60.0,42.9,53.2,0.0,105,NW,1.0,2.4,0.0,44.4,"Lynden, Whatcom County",330063,Lynden,2020-12-16 01:12:54.575751
2018-03-11,17:45,59.3,42.6,54.0,0.0,49,N ,0.0,0.0,0.0,44.5,"Lynden, Whatcom County",330063,Lynden,2020-12-16 01:12:54.575751
2018-03-11,18:00,56.2,41.2,57.0,0.0,11,N ,0.0,0.0,0.0,44.6,"Lynden, Whatcom County",330063,Lynden,2020-12-16 01:12:54.575751
2018-03-11,18:15,53.6,42.1,65.0,0.0,5,N ,0.0,0.0,0.01,44.7,"Lynden, Whatcom County",330063,Lynden,2020-12-16 01:12:54.575751
2018-03-11,18:30,51.8,42.6,70.7,0.0,0,N ,0.0,0.0,0.01,44.8,"Lynden, Whatcom County",330063,Lynden,2020-12-16 01:12:54.575751
2018-03-11,18:45,49.6,43.0,77.9,0.0,0,N ,0.0,0.0,0.01,44.9,"Lynden, Whatcom County",330063,Lynden,2020-12-16 01:12:54.575751
2018-03-11,19:00,48.1,43.8,84.8,0.0,0,N ,0.0,0.0,0.01,45.0,"Lynden, Whatcom County",330063,Lynden,2020-12-16 01:12:54.575751
2018-03-11,19:15,46.7,44.7,92.8,0.0,0,N ,1.5,3.9,0.02,45.1,"Lynden, Whatcom County",330063,Lynden,2020-12-16 01:12:54.575751
2018-03-11,19:30,46.1,44.9,95.5,0.0,0,N ,0.7,3.1,0.02,45.1,"Lynden, Whatcom County",330063,Lynden,2020-12-16 01:12:54.575751
2018-03-11,19:45,46.2,43.1,88.8,0.0,0,N,0.7,3.1,0.01,45.2,"Lynden, Whatcom County",330063,Lynden,2020-12-16 01:12:54.575751
2018-03-11,20:00,46.3,41.3,82.4,0.0,0,N,0.7,3.5,0.01,45.2,"Lynden, Whatcom County",330063,Lynden,2020-12-16 01:12:54.575751
2018-03-11,20:15,45.1,41.0,85.5,0.0,0,SW,0.1,2.1,0.01,45.2,"Lynden, Whatcom County",330063,Lynden,2020-12-16 01:12:54.575751
2018-03-11,20:30,45.1,40.8,84.5,0.0,0,N ,0.5,2.8,0.01,45.2,"Lynden, Whatcom County",330063,Lynden,2020-12-16 01:12:54.575751
2018-03-11,20:45,45.4,40.0,81.2,0.0,0,N ,0.8,3.1,0.01,45.2,"Lynden, Whatcom County",330063,Lynden,2020-12-16 01:12:54.575751
2018-03-11,21:00,45.0,39.4,80.4,0.0,0,NE,0.2,3.1,0.01,45.3,"Lynden, Whatcom County",330063,Lynden,2020-12-16 01:12:54.575751
2018-03-11,21:15,45.3,39.6,80.3,0.0,0,NE,1.0,3.1,0.01,45.3,"Lynden, Whatcom County",330063,Lynden,2020-12-16 01:12:54.575751
2018-03-11,21:30,45.9,39.3,77.6,0.0,0,NE,1.5,3.1,0.01,45.3,"Lynden, Whatcom County",330063,Lynden,2020-12-16 01:12:54.575751
2018-03-11,21:45,46.1,39.6,77.9,0.0,0,NE,1.7,3.9,0.01,45.3,"Lynden, Whatcom County",330063,Lynden,2020-12-16 01:12:54.575751
2018-03-11,22:00,48.4,39.4,70.9,0.0,0,NE,1.9,5.3,0.01,45.3,"Lynden, Whatcom County",330063,Lynden,2020-12-16 01:12:54.575751
2018-03-11,22:15,48.9,39.0,68.3,0.0,0,NE,2.3,6.0,0.0,45.2,"Lynden, Whatcom County",330063,Lynden,2020-12-16 01:12:54.575751
2018-03-11,22:30,48.8,38.9,68.5,0.0,0,NE,2.0,4.6,0.0,45.2,"Lynden, Whatcom County",330063,Lynden,2020-12-16 01:12:54.575751
2018-03-11,22:45,48.1,38.9,70.2,0.0,0,NE,1.9,4.9,0.01,45.2,"Lynden, Whatcom County",330063,Lynden,2020-12-16 01:12:54.575751
2018-03-11,23:00,47.2,39.0,73.0,0.0,0,NE,2.0,2.8,0.01,45.2,"Lynden, Whatcom County",330063,Lynden,2020-12-16 01:12:54.575751
2018-03-12,23:15,47.9,38.6,69.9,0.0,0,NE,2.2,5.7,0.0,45.2,"Lynden, Whatcom County",330063,Lynden,2020-12-16 01:12:54.575751
2018-03-12,23:30,47.8,38.5,69.8,0.0,0,NE,1.9,3.5,0.0,45.2,"Lynden, Whatcom County",330063,Lynden,2020-12-16 01:12:54.575751
2018-03-12,23:45,48.1,38.1,68.1,0.0,0,NE,2.3,6.0,0.0,45.2,"Lynden, Whatcom County",330063,Lynden,2020-12-16 01:12:54.575751
2018-03-12,24:00,48.4,37.9,67.0,0.0,0,NE,2.1,5.3,0.0,45.2,"Lynden, Whatcom County",330063,Lynden,2020-12-16 01:12:54.575751
2018-03-12,00:15,48.1,37.9,67.6,0.0,0,NE,2.2,4.6,0.0,45.2,"Lynden, Whatcom County",330063,Lynden,2020-12-16 01:12:54.575751
2018-03-12,00:30,47.9,37.9,68.0,0.0,0,NE,2.4,4.9,0.0,45.1,"Lynden, Whatcom County",330063,Lynden,2020-12-16 01:12:54.575751
2018-03-12,00:45,47.9,37.8,67.8,0.0,0,NE,2.4,4.9,0.0,45.1,"Lynden, Whatcom County",330063,Lynden,2020-12-16 01:12:54.575751
2018-03-12,01:00,47.7,37.8,68.5,0.0,0,NE,2.3,4.2,0.0,45.1,"Lynden, Whatcom County",330063,Lynden,2020-12-16 01:12:54.575751
2018-03-12,01:15,47.6,37.7,68.2,0.0,0,NE,2.5,5.3,0.0,45.1,"Lynden, Whatcom County",330063,Lynden,2020-12-16 01:12:54.575751
2018-03-12,01:30,47.6,37.6,68.2,0.0,0,NE,2.5,6.0,0.0,45.1,"Lynden, Whatcom County",330063,Lynden,2020-12-16 01:12:54.575751
2018-03-12,01:45,47.7,37.4,67.3,0.0,0,NE,2.6,7.1,0.0,45.0,"Lynden, Whatcom County",330063,Lynden,2020-12-16 01:12:54.575751
2018-03-12,02:00,47.3,37.5,68.3,0.0,0,NE,2.5,7.8,0.0,45.0,"Lynden, Whatcom County",330063,Lynden,2020-12-16 01:12:54.575751
2018-03-12,02:15,47.2,37.3,68.3,0.0,0,NE,2.1,5.3,0.0,45.0,"Lynden, Whatcom County",330063,Lynden,2020-12-16 01:12:54.575751
2018-03-12,02:30,47.1,37.2,68.2,0.0,0,NE,2.3,4.9,0.0,45.0,"Lynden, Whatcom County",330063,Lynden,2020-12-16 01:12:54.575751
2018-03-12,02:45,46.7,37.2,69.3,0.0,0,NE,2.0,6.0,0.0,45.0,"Lynden, Whatcom County",330063,Lynden,2020-12-16 01:12:54.575751
2018-03-12,03:00,46.3,37.2,70.3,0.0,0,NE,2.2,5.3,0.0,45.0,"Lynden, Whatcom County",330063,Lynden,2020-12-16 01:12:54.575751
2018-03-12,03:15,46.1,37.3,71.0,0.0,0,NE,1.9,4.2,0.0,44.9,"Lynden, Whatcom County",330063,Lynden,2020-12-16 01:12:54.575751
2018-03-12,03:30,46.2,37.2,70.8,0.0,0,NE,2.4,3.9,0.0,44.9,"Lynden, Whatcom County",330063,Lynden,2020-12-16 01:12:54.575751
2018-03-12,03:45,46.2,37.1,70.4,0.0,0,NE,2.3,5.3,0.0,44.9,"Lynden, Whatcom County",330063,Lynden,2020-12-16 01:12:54.575751
2018-03-12,04:00,45.6,37.2,72.2,0.0,0,NE,1.9,4.6,0.01,44.9,"Lynden, Whatcom County",330063,Lynden,2020-12-16 01:12:54.575751
2018-03-12,04:15,45.6,37.0,71.6,0.0,0,NE,2.1,6.4,0.0,44.9,"Lynden, Whatcom County",330063,Lynden,2020-12-16 01:12:54.575751
2018-03-12,04:30,45.8,36.8,70.8,0.0,0,NE,2.2,7.8,0.0,44.8,"Lynden, Whatcom County",330063,Lynden,2020-12-16 01:12:54.575751
2018-03-12,04:45,45.9,36.7,69.9,0.0,0,NE,2.4,6.0,0.0,44.8,"Lynden, Whatcom County",330063,Lynden,2020-12-16 01:12:54.575751
2018-03-12,05:00,45.9,36.6,69.9,0.0,0,NE,2.4,4.6,0.0,44.8,"Lynden, Whatcom County",330063,Lynden,2020-12-16 01:12:54.575751
2018-03-12,05:15,46.3,36.3,68.0,0.0,0,NE,2.6,4.2,0.0,44.8,"Lynden, Whatcom County",330063,Lynden,2020-12-16 01:12:54.575751
2018-03-12,05:30,46.5,36.2,67.0,0.0,0,NE,2.7,4.2,0.0,44.8,"Lynden, Whatcom County",330063,Lynden,2020-12-16 01:12:54.575751
2018-03-12,05:45,46.3,36.1,67.3,0.0,0,NE,2.5,5.7,0.0,44.8,"Lynden, Whatcom County",330063,Lynden,2020-12-16 01:12:54.575751
2018-03-12,06:00,46.7,35.8,65.7,0.0,0,NE,2.9,7.1,0.0,44.7,"Lynden, Whatcom County",330063,Lynden,2020-12-16 01:12:54.575751
2018-03-12,06:15,46.6,35.7,65.7,0.0,0,NE,2.6,4.2,0.0,44.7,"Lynden, Whatcom County",330063,Lynden,2020-12-16 01:12:54.575751
2018-03-12,06:30,46.3,35.7,66.2,0.0,4,NE,2.7,4.6,0.0,44.7,"Lynden, Whatcom County",330063,Lynden,2020-12-16 01:12:54.575751
2018-03-12,06:45,46.1,35.6,66.5,0.0,8,NE,2.7,6.4,0.0,44.7,"Lynden, Whatcom County",330063,Lynden,2020-12-16 01:12:54.575751
2018-03-12,07:00,46.4,35.5,65.6,0.0,17,NE,2.7,4.9,0.0,44.7,"Lynden, Whatcom County",330063,Lynden,2020-12-16 01:12:54.575751
2018-03-12,07:15,46.6,35.6,65.3,0.0,25,NE,2.7,4.9,0.0,44.6,"Lynden, Whatcom County",330063,Lynden,2020-12-16 01:12:54.575751
2018-03-12,07:30,47.2,35.7,64.1,0.0,38,NE,2.9,4.9,0.0,44.6,"Lynden, Whatcom County",330063,Lynden,2020-12-16 01:12:54.575751
2018-03-12,07:45,48.2,35.6,61.3,0.0,51,NE,3.3,6.7,0.0,44.6,"Lynden, Whatcom County",330063,Lynden,2020-12-16 01:12:54.575751
2018-03-12,08:00,48.8,35.6,60.2,0.0,60,NE,3.2,4.6,0.0,44.6,"Lynden, Whatcom County",330063,Lynden,2020-12-16 01:12:54.575751
2018-03-12,08:15,49.3,35.8,59.5,0.0,71,NE,3.1,5.3,0.0,44.6,"Lynden, Whatcom County",330063,Lynden,2020-12-16 01:12:54.575751
2018-03-12,08:30,49.9,35.7,57.8,0.0,89,NE,3.2,6.4,0.0,44.6,"Lynden, Whatcom County",330063,Lynden,2020-12-16 01:12:54.575751
2018-03-12,08:45,51.0,35.5,55.3,0.0,107,NE,3.2,8.2,0.0,44.5,"Lynden, Whatcom County",330063,Lynden,2020-12-16 01:12:54.575751
2018-03-12,09:00,51.8,35.6,53.7,0.0,260,NE,3.2,6.4,0.0,44.5,"Lynden, Whatcom County",330063,Lynden,2020-12-16 01:12:54.575751
2018-03-12,09:15,52.6,35.6,52.2,0.0,321,NE,2.9,4.9,0.0,44.5,"Lynden, Whatcom County",330063,Lynden,2020-12-16 01:12:54.575751
2018-03-12,09:30,54.0,35.4,49.3,0.0,386,NE,3.0,7.4,0.0,44.5,"Lynden, Whatcom County",330063,Lynden,2020-12-16 01:12:54.575751
2018-03-12,09:45,54.8,35.5,48.0,0.0,429,NE,3.2,7.4,0.0,44.4,"Lynden, Whatcom County",330063,Lynden,2020-12-16 01:12:54.575751
2018-03-12,10:00,55.2,35.4,47.0,0.0,398,NE,3.3,8.9,0.0,44.4,"Lynden, Whatcom County",330063,Lynden,2020-12-16 01:12:54.575751
2018-03-12,10:15,55.6,35.3,46.3,0.0,502,NE,3.2,5.7,0.0,44.4,"Lynden, Whatcom County",330063,Lynden,2020-12-16 01:12:54.575751
2018-03-12,10:30,57.4,35.9,44.4,0.0,544,NE,3.0,6.0,0.0,44.3,"Lynden, Whatcom County",330063,Lynden,2020-12-16 01:12:54.575751
2018-03-12,10:45,58.5,35.9,42.5,0.0,607,NE,3.1,4.9,0.0,44.3,"Lynden, Whatcom County",330063,Lynden,2020-12-16 01:12:54.575751
2018-03-12,11:00,60.3,36.5,40.9,0.0,616,NE,3.0,7.1,0.0,44.3,"Lynden, Whatcom County",330063,Lynden,2020-12-16 01:12:54.575751
2018-03-12,11:15,60.9,35.6,38.7,0.0,580,NE,2.9,5.7,0.0,44.2,"Lynden, Whatcom County",330063,Lynden,2020-12-16 01:12:54.575751
2018-03-12,11:30,60.5,35.7,39.4,0.0,453,NE,2.9,4.6,0.0,44.3,"Lynden, Whatcom County",330063,Lynden,2020-12-16 01:12:54.575751
2018-03-12,11:45,60.3,36.0,40.1,0.0,571,NE,3.1,6.7,0.0,44.3,"Lynden, Whatcom County",330063,Lynden,2020-12-16 01:12:54.575751
2018-03-12,12:00,62.0,36.5,38.6,0.0,595,NE,2.9,6.0,0.0,44.3,"Lynden, Whatcom County",330063,Lynden,2020-12-16 01:12:54.575751
2018-03-12,12:15,62.5,36.1,37.2,0.0,596,NE,2.9,5.3,0.0,44.4,"Lynden, Whatcom County",330063,Lynden,2020-12-16 01:12:54.575751
2018-03-12,12:30,63.5,36.3,36.3,0.0,608,NE,2.7,6.0,0.0,44.4,"Lynden, Whatcom County",330063,Lynden,2020-12-16 01:12:54.575751
2018-03-12,12:45,63.9,36.6,36.3,0.0,571,NE,3.0,6.0,0.0,44.5,"Lynden, Whatcom County",330063,Lynden,2020-12-16 01:12:54.575751
2018-03-12,13:00,64.7,36.8,35.5,0.0,618,NE,2.7,4.2,0.0,44.5,"Lynden, Whatcom County",330063,Lynden,2020-12-16 01:12:54.575751
2018-03-12,13:15,65.6,36.8,34.4,0.0,585,NE,2.2,6.4,0.0,44.6,"Lynden, Whatcom County",330063,Lynden,2020-12-16 01:12:54.575751
2018-03-12,13:30,66.1,37.3,34.4,0.0,618,NE,2.6,4.9,0.0,44.7,"Lynden, Whatcom County",330063,Lynden,2020-12-16 01:12:54.575751
2018-03-12,13:45,67.7,38.0,33.5,0.0,576,NE,1.6,4.6,0.0,44.8,"Lynden, Whatcom County",330063,Lynden,2020-12-16 01:12:54.575751
2018-03-12,14:00,68.0,37.2,32.2,0.0,562,NE,1.4,3.9,0.0,44.9,"Lynden, Whatcom County",330063,Lynden,2020-12-16 01:12:54.575751
2018-03-12,14:15,68.9,38.6,33.0,0.0,565,NE,1.7,7.1,0.0,44.9,"Lynden, Whatcom County",330063,Lynden,2020-12-16 01:12:54.575751
2018-03-12,14:30,68.8,38.6,33.0,0.0,485,NE,1.1,2.8,0.0,45.0,"Lynden, Whatcom County",330063,Lynden,2020-12-16 01:12:54.575751
2018-03-12,14:45,67.5,36.5,31.8,0.0,377,NE,0.9,5.7,0.0,45.1,"Lynden, Whatcom County",330063,Lynden,2020-12-16 01:12:54.575751
2018-03-12,15:00,68.0,37.1,32.0,0.0,456,NE,2.2,5.3,0.0,45.2,"Lynden, Whatcom County",330063,Lynden,2020-12-16 01:12:54.575751
2018-03-12,15:15,69.0,36.7,30.5,0.0,397,NE,1.1,4.6,0.0,45.3,"Lynden, Whatcom County",330063,Lynden,2020-12-16 01:12:54.575751
2018-03-12,15:30,69.6,37.5,30.8,0.0,440,NE,0.1,3.1,0.0,45.4,"Lynden, Whatcom County",330063,Lynden,2020-12-16 01:12:54.575751
2018-03-12,15:45,69.8,36.5,29.4,0.0,338,NE,0.6,3.1,0.0,45.5,"Lynden, Whatcom County",330063,Lynden,2020-12-16 01:12:54.575751
2018-03-12,16:00,69.0,37.5,31.5,0.0,239,NE,0.8,3.5,0.0,45.6,"Lynden, Whatcom County",330063,Lynden,2020-12-16 01:12:54.575751
2018-03-12,16:15,66.9,37.7,34.1,0.0,159,NE,1.0,3.9,0.0,45.8,"Lynden, Whatcom County",330063,Lynden,2020-12-16 01:12:54.575751
2018-03-12,16:30,66.0,38.0,35.7,0.0,161,N ,0.1,2.1,0.0,45.9,"Lynden, Whatcom County",330063,Lynden,2020-12-16 01:12:54.575751
2018-03-12,16:45,65.0,37.3,35.7,0.0,115,NE,0.1,1.7,0.0,46.0,"Lynden, Whatcom County",330063,Lynden,2020-12-16 01:12:54.575751
2018-03-12,17:00,63.9,37.6,37.6,0.0,81,NE,0.5,4.6,0.0,46.1,"Lynden, Whatcom County",330063,Lynden,2020-12-16 01:12:54.575751
2018-03-12,17:15,63.1,36.9,37.6,0.0,62,NE,1.4,4.9,0.0,46.3,"Lynden, Whatcom County",330063,Lynden,2020-12-16 01:12:54.575751
2018-03-12,17:30,62.6,37.0,38.6,0.0,52,N ,0.6,3.5,0.0,46.4,"Lynden, Whatcom County",330063,Lynden,2020-12-16 01:12:54.575751
2018-03-12,17:45,62.1,37.5,39.9,0.0,40,NE,0.6,4.6,0.0,46.5,"Lynden, Whatcom County",330063,Lynden,2020-12-16 01:12:54.575751
2018-03-12,18:00,60.9,38.1,42.7,0.0,15,NE,0.1,3.9,0.0,46.5,"Lynden, Whatcom County",330063,Lynden,2020-12-16 01:12:54.575751
2018-03-12,18:15,59.6,38.3,45.0,0.0,5,N ,0.0,0.0,0.0,46.6,"Lynden, Whatcom County",330063,Lynden,2020-12-16 01:12:54.575751
2018-03-12,18:30,59.0,37.8,45.0,0.0,1,N ,0.0,0.0,0.0,46.7,"Lynden, Whatcom County",330063,Lynden,2020-12-16 01:12:54.575751
2018-03-12,18:45,58.6,37.6,45.5,0.0,0,N ,0.0,0.0,0.0,46.8,"Lynden, Whatcom County",330063,Lynden,2020-12-16 01:12:54.575751
2018-03-12,19:00,57.6,37.7,47.3,0.0,0,NE,0.2,2.4,0.0,46.8,"Lynden, Whatcom County",330063,Lynden,2020-12-16 01:12:54.575751
2018-03-12,19:15,57.3,37.0,46.5,0.0,0,NE,0.4,4.2,0.0,46.9,"Lynden, Whatcom County",330063,Lynden,2020-12-16 01:12:54.575751
2018-03-12,19:30,57.0,36.8,46.5,0.0,0,N ,0.0,0.0,0.0,46.9,"Lynden, Whatcom County",330063,Lynden,2020-12-16 01:12:54.575751
2018-03-12,19:45,56.6,36.8,47.3,0.0,0,N ,0.0,0.0,0.0,46.9,"Lynden, Whatcom County",330063,Lynden,2020-12-16 01:12:54.575751
2018-03-12,20:00,56.1,36.6,47.9,0.0,0,N ,0.4,4.6,0.0,47.0,"Lynden, Whatcom County",330063,Lynden,2020-12-16 01:12:54.575751
2018-03-12,20:15,55.8,36.1,47.4,0.0,0,NE,0.9,3.5,0.0,47.0,"Lynden, Whatcom County",330063,Lynden,2020-12-16 01:12:54.575751
2018-03-12,20:30,55.5,35.9,47.6,0.0,0,NE,0.2,2.8,0.0,47.0,"Lynden, Whatcom County",330063,Lynden,2020-12-16 01:12:54.575751
2018-03-12,20:45,55.0,35.9,48.4,0.0,0,NE,0.2,3.5,0.0,47.0,"Lynden, Whatcom County",330063,Lynden,2020-12-16 01:12:54.575751
2018-03-12,21:00,54.6,35.6,48.6,0.0,0,NE,0.1,2.8,0.0,47.0,"Lynden, Whatcom County",330063,Lynden,2020-12-16 01:12:54.575751
2018-03-12,21:15,54.4,35.5,48.6,0.0,0,NE,0.2,2.8,0.0,47.0,"Lynden, Whatcom County",330063,Lynden,2020-12-16 01:12:54.575751
2018-03-12,21:30,53.6,35.6,50.2,0.0,0,N ,0.0,0.0,0.0,47.0,"Lynden, Whatcom County",330063,Lynden,2020-12-16 01:12:54.575751
2018-03-12,21:45,52.8,35.2,51.0,0.0,0,N ,0.0,0.0,0.0,47.0,"Lynden, Whatcom County",330063,Lynden,2020-12-16 01:12:54.575751
2018-03-12,22:00,53.2,34.8,49.6,0.0,0,NE,0.6,5.3,0.0,47.0,"Lynden, Whatcom County",330063,Lynden,2020-12-16 01:12:54.575751
2018-03-12,22:15,53.2,34.4,48.7,0.0,0,N ,0.0,0.0,0.0,47.0,"Lynden, Whatcom County",330063,Lynden,2020-12-16 01:12:54.575751
2018-03-12,22:30,53.5,33.7,46.8,0.0,0,NE,1.2,4.6,0.0,47.0,"Lynden, Whatcom County",330063,Lynden,2020-12-16 01:12:54.575751
2018-03-12,22:45,53.4,33.9,47.5,0.0,0,NE,1.2,6.0,0.0,47.0,"Lynden, Whatcom County",330063,Lynden,2020-12-16 01:12:54.575751
2018-03-12,23:00,52.4,34.5,50.2,0.0,0,NE,0.6,3.1,0.0,47.0,"Lynden, Whatcom County",330063,Lynden,2020-12-16 01:12:54.575751
2018-03-13,23:15,51.9,34.3,50.8,0.0,0,NE,0.3,2.8,0.0,47.0,"Lynden, Whatcom County",330063,Lynden,2020-12-16 01:12:54.575751
2018-03-13,23:30,51.6,34.1,51.0,0.0,0,NE,0.7,4.6,0.0,47.0,"Lynden, Whatcom County",330063,Lynden,2020-12-16 01:12:54.575751
2018-03-13,23:45,51.8,33.7,49.8,0.0,0,NE,1.0,4.2,0.0,47.0,"Lynden, Whatcom County",330063,Lynden,2020-12-16 01:12:54.575751
2018-03-13,24:00,51.7,33.7,50.1,0.0,0,NE,2.3,3.5,0.0,47.0,"Lynden, Whatcom County",330063,Lynden,2020-12-16 01:12:54.575751
2018-03-13,00:15,52.2,33.2,48.2,0.0,0,NE,2.7,3.9,0.0,47.0,"Lynden, Whatcom County",330063,Lynden,2020-12-16 01:12:54.575751
2018-03-13,00:30,52.3,33.1,47.8,0.0,0,NE,2.5,7.1,0.0,46.9,"Lynden, Whatcom County",330063,Lynden,2020-12-16 01:12:54.575751
2018-03-13,00:45,51.9,33.0,48.4,0.0,0,NE,2.8,6.4,0.0,46.9,"Lynden, Whatcom County",330063,Lynden,2020-12-16 01:12:54.575751
2018-03-13,01:00,52.4,32.3,46.2,0.0,0,NE,2.8,5.7,0.0,46.9,"Lynden, Whatcom County",330063,Lynden,2020-12-16 01:12:54.575751
2018-03-13,01:15,53.1,31.8,44.1,0.0,0,NE,2.8,6.4,0.0,46.9,"Lynden, Whatcom County",330063,Lynden,2020-12-16 01:12:54.575751
2018-03-13,01:30,53.0,31.8,44.1,0.0,0,NE,2.7,7.1,0.0,46.9,"Lynden, Whatcom County",330063,Lynden,2020-12-16 01:12:54.575751
2018-03-13,01:45,52.7,32.1,45.2,0.0,0,NE,2.6,8.2,0.0,46.9,"Lynden, Whatcom County",330063,Lynden,2020-12-16 01:12:54.575751
2018-03-13,02:00,52.8,31.9,44.7,0.0,0,NE,2.6,4.6,0.0,46.8,"Lynden, Whatcom County",330063,Lynden,2020-12-16 01:12:54.575751
2018-03-13,02:15,53.4,31.4,42.9,0.0,0,NE,2.7,5.3,0.0,46.8,"Lynden, Whatcom County",330063,Lynden,2020-12-16 01:12:54.575751
2018-03-13,02:30,53.4,31.4,42.8,0.0,0,NE,2.9,8.2,0.0,46.8,"Lynden, Whatcom County",330063,Lynden,2020-12-16 01:12:54.575751
2018-03-13,02:45,53.2,31.4,43.1,0.0,0,NE,2.8,6.4,0.0,46.8,"Lynden, Whatcom County",330063,Lynden,2020-12-16 01:12:54.575751
2018-03-13,03:00,53.2,31.5,43.4,0.0,0,NE,2.8,4.9,0.0,46.8,"Lynden, Whatcom County",330063,Lynden,2020-12-16 01:12:54.575751
2018-03-13,03:15,54.0,30.7,40.7,0.0,0,NE,3.0,9.6,0.0,46.8,"Lynden, Whatcom County",330063,Lynden,2020-12-16 01:12:54.575751
2018-03-13,03:30,54.3,30.4,39.7,0.0,0,NE,3.0,7.4,0.0,46.7,"Lynden, Whatcom County",330063,Lynden,2020-12-16 01:12:54.575751
2018-03-13,03:45,54.0,30.3,40.1,0.0,0,NE,2.8,7.8,0.0,46.7,"Lynden, Whatcom County",330063,Lynden,2020-12-16 01:12:54.575751
2018-03-13,04:00,54.4,30.0,39.0,0.0,0,NE,3.0,10.7,0.0,46.7,"Lynden, Whatcom County",330063,Lynden,2020-12-16 01:12:54.575751
2018-03-13,04:15,54.3,30.1,39.4,0.0,0,NE,3.0,8.9,0.0,46.7,"Lynden, Whatcom County",330063,Lynden,2020-12-16 01:12:54.575751
2018-03-13,04:30,54.2,30.2,39.7,0.0,0,NE,3.0,5.7,0.0,46.7,"Lynden, Whatcom County",330063,Lynden,2020-12-16 01:12:54.575751
2018-03-13,04:45,54.1,30.3,40.0,0.0,0,NE,3.2,6.7,0.0,46.7,"Lynden, Whatcom County",330063,Lynden,2020-12-16 01:12:54.575751
2018-03-13,05:00,54.3,30.1,39.3,0.0,0,NE,3.1,6.4,0.0,46.6,"Lynden, Whatcom County",330063,Lynden,2020-12-16 01:12:54.575751
2018-03-13,05:15,54.3,30.2,39.4,0.0,0,NE,2.6,7.8,0.0,46.6,"Lynden, Whatcom County",330063,Lynden,2020-12-16 01:12:54.575751
2018-03-13,05:30,54.5,30.0,38.9,0.0,0,NE,2.9,5.7,0.0,46.6,"Lynden, Whatcom County",330063,Lynden,2020-12-16 01:12:54.575751
2018-03-13,05:45,54.6,30.0,38.8,0.0,0,NE,2.8,8.9,0.0,46.6,"Lynden, Whatcom County",330063,Lynden,2020-12-16 01:12:54.575751
2018-03-13,06:00,54.4,30.2,39.4,0.0,0,NE,3.3,7.1,0.0,46.6,"Lynden, Whatcom County",330063,Lynden,2020-12-16 01:12:54.575751
2018-03-13,06:15,54.6,30.1,38.9,0.0,0,NE,3.5,8.2,0.0,46.6,"Lynden, Whatcom County",330063,Lynden,2020-12-16 01:12:54.575751
2018-03-13,06:30,54.7,30.1,38.7,0.0,2,NE,3.1,7.1,0.0,46.6,"Lynden, Whatcom County",330063,Lynden,2020-12-16 01:12:54.575751
2018-03-13,06:45,54.5,30.3,39.4,0.0,6,NE,3.5,9.2,0.0,46.5,"Lynden, Whatcom County",330063,Lynden,2020-12-16 01:12:54.575751
2018-03-13,07:00,54.4,30.6,40.1,0.0,17,NE,3.1,8.5,0.0,46.5,"Lynden, Whatcom County",330063,Lynden,2020-12-16 01:12:54.575751
2018-03-13,07:15,54.8,30.5,39.3,0.0,28,NE,3.3,7.4,0.0,46.5,"Lynden, Whatcom County",330063,Lynden,2020-12-16 01:12:54.575751
2018-03-13,07:30,55.0,30.6,39.2,0.0,42,NE,3.0,7.8,0.0,46.5,"Lynden, Whatcom County",330063,Lynden,2020-12-16 01:12:54.575751
2018-03-13,07:45,55.1,30.8,39.4,0.0,45,NE,3.4,8.5,0.0,46.5,"Lynden, Whatcom County",330063,Lynden,2020-12-16 01:12:54.575751
2018-03-13,08:00,55.2,31.0,39.5,0.0,52,NE,3.2,6.7,0.0,46.5,"Lynden, Whatcom County",330063,Lynden,2020-12-16 01:12:54.575751
2018-03-13,08:15,55.1,31.3,40.1,0.0,63,NE,3.6,10.7,0.0,46.5,"Lynden, Whatcom County",330063,Lynden,2020-12-16 01:12:54.575751
2018-03-13,08:30,55.0,31.5,40.7,0.0,49,NE,2.8,7.1,0.0,46.5,"Lynden, Whatcom County",330063,Lynden,2020-12-16 01:12:54.575751
2018-03-13,08:45,55.0,31.7,40.9,0.0,60,NE,2.1,5.7,0.0,46.4,"Lynden, Whatcom County",330063,Lynden,2020-12-16 01:12:54.575751
2018-03-13,09:00,55.6,31.8,40.2,0.0,91,NE,3.1,8.2,0.0,46.4,"Lynden, Whatcom County",330063,Lynden,2020-12-16 01:12:54.575751
2018-03-13,09:15,56.0,31.9,39.7,0.0,104,NE,2.9,7.1,0.0,46.4,"Lynden, Whatcom County",330063,Lynden,2020-12-16 01:12:54.575751
2018-03-13,09:30,56.8,32.3,39.2,0.0,137,NE,2.5,6.0,0.0,46.4,"Lynden, Whatcom County",330063,Lynden,2020-12-16 01:12:54.575751
2018-03-13,09:45,56.7,32.5,39.7,0.0,78,NE,2.2,5.3,0.0,46.4,"Lynden, Whatcom County",330063,Lynden,2020-12-16 01:12:54.575751
2018-03-13,10:00,56.7,33.3,41.0,0.0,75,NE,1.2,6.0,0.0,46.4,"Lynden, Whatcom County",330063,Lynden,2020-12-16 01:12:54.575751
2018-03-13,10:15,56.5,35.1,44.4,0.0,69,SW,0.7,5.3,0.0,46.4,"Lynden, Whatcom County",330063,Lynden,2020-12-16 01:12:54.575751
2018-03-13,10:30,56.1,37.2,48.8,0.0,74,N ,0.0,0.0,0.0,46.4,"Lynden, Whatcom County",330063,Lynden,2020-12-16 01:12:54.575751
2018-03-13,10:45,56.7,34.7,43.3,0.0,61,N ,0.0,0.0,0.0,46.4,"Lynden, Whatcom County",330063,Lynden,2020-12-16 01:12:54.575751
2018-03-13,11:00,57.8,35.0,42.2,0.0,153,N ,0.0,0.0,0.0,46.4,"Lynden, Whatcom County",330063,Lynden,2020-12-16 01:12:54.575751
2018-03-13,11:15,58.6,34.9,40.8,0.0,149,E,1.4,7.1,0.0,46.4,"Lynden, Whatcom County",330063,Lynden,2020-12-16 01:12:54.575751
2018-03-13,11:30,58.5,35.4,41.9,0.0,142,SE,1.3,5.7,0.0,46.5,"Lynden, Whatcom County",330063,Lynden,2020-12-16 01:12:54.575751
2018-03-13,11:45,58.6,35.3,41.4,0.0,104,N ,0.0,0.0,0.0,46.5,"Lynden, Whatcom County",330063,Lynden,2020-12-16 01:12:54.575751
2018-03-13,12:00,58.3,35.4,42.0,0.0,80,N ,0.0,0.0,0.19,46.5,"Lynden, Whatcom County",330063,Lynden,2020-12-16 01:12:54.575751
2018-03-13,12:15,57.7,36.8,45.4,0.0,117,N ,0.0,0.0,0.06,46.5,"Lynden, Whatcom County",330063,Lynden,2020-12-16 01:12:54.575751
2018-03-13,12:30,58.0,36.4,44.1,0.0,95,N ,0.0,0.0,0.0,46.5,"Lynden, Whatcom County",330063,Lynden,2020-12-16 01:12:54.575751
2018-03-13,12:45,58.3,37.1,45.0,0.0,104,S,1.3,4.9,0.0,46.5,"Lynden, Whatcom County",330063,Lynden,2020-12-16 01:12:54.575751
2018-03-13,13:00,58.1,38.7,48.2,0.0,76,S,0.7,3.9,0.0,46.6,"Lynden, Whatcom County",330063,Lynden,2020-12-16 01:12:54.575751
2018-03-13,13:15,57.8,38.8,48.9,0.0,75,SW,1.2,5.3,0.0,46.6,"Lynden, Whatcom County",330063,Lynden,2020-12-16 01:12:54.575751
2018-03-13,13:30,57.1,40.0,52.8,0.0,64,SW,2.9,7.8,0.0,46.6,"Lynden, Whatcom County",330063,Lynden,2020-12-16 01:12:54.575751
2018-03-13,13:45,55.0,39.7,56.1,0.0,77,W,5.2,9.6,0.27,46.6,"Lynden, Whatcom County",330063,Lynden,2020-12-16 01:12:54.575751
2018-03-13,14:00,53.9,40.9,61.1,0.0,93,W,3.8,6.7,0.39,46.6,"Lynden, Whatcom County",330063,Lynden,2020-12-16 01:12:54.575751
2018-03-13,14:15,53.1,42.9,68.1,0.0,72,SW,4.1,6.4,0.87,46.7,"Lynden, Whatcom County",330063,Lynden,2020-12-16 01:12:54.575751
2018-03-13,14:30,52.2,44.3,74.5,0.0,51,W,3.9,6.4,0.86,46.7,"Lynden, Whatcom County",330063,Lynden,2020-12-16 01:12:54.575751
2018-03-13,14:45,52.1,45.2,77.4,0.0,43,W,3.6,9.2,0.8,46.7,"Lynden, Whatcom County",330063,Lynden,2020-12-16 01:12:54.575751
2018-03-13,15:00,51.5,47.0,84.4,0.0,32,SW,2.5,4.9,0.89,46.8,"Lynden, Whatcom County",330063,Lynden,2020-12-16 01:12:54.575751
2018-03-13,15:15,51.0,48.2,89.9,0.0,16,S,1.8,3.1,0.81,46.8,"Lynden, Whatcom County",330063,Lynden,2020-12-16 01:12:54.575751
2018-03-13,15:30,50.6,49.4,95.7,0.0,17,S,2.4,3.9,0.69,46.8,"Lynden, Whatcom County",330063,Lynden,2020-12-16 01:12:54.575751
2018-03-13,15:45,50.0,49.8,99.2,0.01,16,S,0.1,2.4,0.77,46.8,"Lynden, Whatcom County",330063,Lynden,2020-12-16 01:12:54.575751
2018-03-13,16:00,49.4,49.2,99.3,0.01,21,N ,0.0,0.0,0.92,46.9,"Lynden, Whatcom County",330063,Lynden,2020-12-16 01:12:54.575751
2018-03-13,16:15,48.8,48.6,99.3,0.03,23,N ,0.0,0.0,0.89,46.9,"Lynden, Whatcom County",330063,Lynden,2020-12-16 01:12:54.575751
2018-03-13,16:30,48.5,48.3,99.4,0.02,19,N ,0.0,0.0,0.87,46.9,"Lynden, Whatcom County",330063,Lynden,2020-12-16 01:12:54.575751
2018-03-13,16:45,48.1,48.0,99.4,0.01,12,S,1.1,2.8,0.86,46.9,"Lynden, Whatcom County",330063,Lynden,2020-12-16 01:12:54.575751
2018-03-13,17:00,47.7,47.6,99.4,0.02,9,S,1.3,2.8,0.85,46.9,"Lynden, Whatcom County",330063,Lynden,2020-12-16 01:12:54.575751
2018-03-13,17:15,47.7,47.5,99.4,0.02,8,S,0.6,2.4,0.85,46.9,"Lynden, Whatcom County",330063,Lynden,2020-12-16 01:12:54.575751
2018-03-13,17:30,47.6,47.4,99.4,0.02,5,S,0.7,2.4,0.84,46.9,"Lynden, Whatcom County",330063,Lynden,2020-12-16 01:12:54.575751
2018-03-13,17:45,47.5,47.3,99.4,0.02,3,S,1.3,3.1,0.83,47.0,"Lynden, Whatcom County",330063,Lynden,2020-12-16 01:12:54.575751
2018-03-13,18:00,47.4,47.3,99.4,0.02,3,S,0.2,2.1,0.82,47.0,"Lynden, Whatcom County",330063,Lynden,2020-12-16 01:12:54.575751
2018-03-13,18:15,47.3,47.2,99.4,0.01,0,S,0.1,2.1,0.81,47.0,"Lynden, Whatcom County",330063,Lynden,2020-12-16 01:12:54.575751
2018-03-13,18:30,47.2,47.1,99.4,0.02,0,N ,0.0,0.0,0.79,47.0,"Lynden, Whatcom County",330063,Lynden,2020-12-16 01:12:54.575751
2018-03-13,18:45,47.0,46.9,99.4,0.01,0,N ,0.0,0.0,0.72,47.1,"Lynden, Whatcom County",330063,Lynden,2020-12-16 01:12:54.575751
2018-03-13,19:00,47.0,46.9,99.4,0.02,0,S,0.6,2.4,0.72,47.1,"Lynden, Whatcom County",330063,Lynden,2020-12-16 01:12:54.575751
2018-03-13,19:15,47.1,46.9,99.4,0.03,0,SW,1.3,3.9,0.74,47.1,"Lynden, Whatcom County",330063,Lynden,2020-12-16 01:12:54.575751
2018-03-13,19:30,47.0,46.8,99.4,0.03,0,SW,1.0,3.9,0.73,47.1,"Lynden, Whatcom County",330063,Lynden,2020-12-16 01:12:54.575751
2018-03-13,19:45,46.4,46.2,99.4,0.02,0,S,1.8,4.6,0.7,47.1,"Lynden, Whatcom County",330063,Lynden,2020-12-16 01:12:54.575751
2018-03-13,20:00,46.0,45.9,99.4,0.01,0,S,0.7,2.4,0.68,47.1,"Lynden, Whatcom County",330063,Lynden,2020-12-16 01:12:54.575751
2018-03-13,20:15,46.0,45.8,99.4,0.02,0,N,0.2,2.4,0.69,47.1,"Lynden, Whatcom County",330063,Lynden,2020-12-16 01:12:54.575751
2018-03-13,20:30,45.8,45.7,99.4,0.01,0,N ,0.0,0.0,0.67,47.1,"Lynden, Whatcom County",330063,Lynden,2020-12-16 01:12:54.575751
2018-03-13,20:45,45.8,45.7,99.4,0.0,0,N ,0.0,0.0,0.66,47.1,"Lynden, Whatcom County",330063,Lynden,2020-12-16 01:12:54.575751
2018-03-13,21:00,45.8,45.7,99.4,0.01,0,N ,0.0,0.0,0.66,47.1,"Lynden, Whatcom County",330063,Lynden,2020-12-16 01:12:54.575751
2018-03-13,21:15,45.7,45.6,99.4,0.0,0,N,0.3,3.1,0.66,47.1,"Lynden, Whatcom County",330063,Lynden,2020-12-16 01:12:54.575751
2018-03-13,21:30,45.7,45.5,99.4,0.0,0,NE,0.0,1.7,0.64,47.1,"Lynden, Whatcom County",330063,Lynden,2020-12-16 01:12:54.575751
2018-03-13,21:45,45.6,45.5,99.4,0.0,0,N,0.1,1.4,0.67,47.1,"Lynden, Whatcom County",330063,Lynden,2020-12-16 01:12:54.575751
2018-03-13,22:00,45.7,45.5,99.4,0.01,0,N ,0.0,0.0,0.67,47.1,"Lynden, Whatcom County",330063,Lynden,2020-12-16 01:12:54.575751
2018-03-13,22:15,45.6,45.4,99.4,0.0,0,N ,0.4,2.8,0.64,47.1,"Lynden, Whatcom County",330063,Lynden,2020-12-16 01:12:54.575751
2018-03-13,22:30,45.6,45.4,99.4,0.0,0,N ,0.0,0.0,0.61,47.1,"Lynden, Whatcom County",330063,Lynden,2020-12-16 01:12:54.575751
2018-03-13,22:45,45.6,45.4,99.4,0.0,0,N ,0.0,0.0,0.62,47.1,"Lynden, Whatcom County",330063,Lynden,2020-12-16 01:12:54.575751
2018-03-13,23:00,45.5,45.3,99.4,0.0,0,N ,0.0,0.0,0.62,47.1,"Lynden, Whatcom County",330063,Lynden,2020-12-16 01:12:54.575751
2018-03-14,23:15,45.4,45.2,99.4,0.0,0,N ,0.0,0.0,0.63,47.1,"Lynden, Whatcom County",330063,Lynden,2020-12-16 01:12:54.575751
2018-03-14,23:30,45.4,45.3,99.4,0.0,0,N ,0.0,0.0,0.65,47.1,"Lynden, Whatcom County",330063,Lynden,2020-12-16 01:12:54.575751
2018-03-14,23:45,45.4,45.3,99.4,0.0,0,N ,0.0,0.0,0.62,47.1,"Lynden, Whatcom County",330063,Lynden,2020-12-16 01:12:54.575751
2018-03-14,24:00,45.3,45.2,99.4,0.0,0,N ,0.0,0.0,0.62,47.1,"Lynden, Whatcom County",330063,Lynden,2020-12-16 01:12:54.575751
2018-03-14,00:15,45.0,44.8,99.4,0.0,0,N ,0.0,0.0,0.63,47.1,"Lynden, Whatcom County",330063,Lynden,2020-12-16 01:12:54.575751
2018-03-14,00:30,44.9,44.8,99.4,0.0,0,N ,0.0,0.0,0.64,47.1,"Lynden, Whatcom County",330063,Lynden,2020-12-16 01:12:54.575751
2018-03-14,00:45,44.8,44.7,99.4,0.0,0,N ,0.0,0.0,0.64,47.1,"Lynden, Whatcom County",330063,Lynden,2020-12-16 01:12:54.575751
2018-03-14,01:00,45.0,44.8,99.4,0.0,0,N ,0.0,0.0,0.65,47.1,"Lynden, Whatcom County",330063,Lynden,2020-12-16 01:12:54.575751
2018-03-14,01:15,44.9,44.7,99.4,0.0,0,N ,0.0,0.0,0.65,47.1,"Lynden, Whatcom County",330063,Lynden,2020-12-16 01:12:54.575751
2018-03-14,01:30,44.8,44.7,99.4,0.0,0,N ,0.0,0.0,0.65,47.0,"Lynden, Whatcom County",330063,Lynden,2020-12-16 01:12:54.575751
2018-03-14,01:45,44.8,44.6,99.4,0.0,0,N ,0.0,0.0,0.66,47.0,"Lynden, Whatcom County",330063,Lynden,2020-12-16 01:12:54.575751
2018-03-14,02:00,44.6,44.5,99.4,0.0,0,N ,0.0,0.0,0.66,47.0,"Lynden, Whatcom County",330063,Lynden,2020-12-16 01:12:54.575751
2018-03-14,02:15,44.5,44.4,99.4,0.0,0,N ,0.0,0.0,0.66,47.0,"Lynden, Whatcom County",330063,Lynden,2020-12-16 01:12:54.575751
2018-03-14,02:30,44.4,44.2,99.4,0.0,0,N,0.5,2.8,0.67,47.0,"Lynden, Whatcom County",330063,Lynden,2020-12-16 01:12:54.575751
2018-03-14,02:45,44.6,44.4,99.4,0.0,0,N ,0.0,0.0,0.67,47.0,"Lynden, Whatcom County",330063,Lynden,2020-12-16 01:12:54.575751
2018-03-14,03:00,44.6,44.5,99.4,0.0,0,N ,0.0,0.0,0.68,47.0,"Lynden, Whatcom County",330063,Lynden,2020-12-16 01:12:54.575751
2018-03-14,03:15,44.7,44.6,99.4,0.0,0,N ,0.0,0.0,0.68,47.0,"Lynden, Whatcom County",330063,Lynden,2020-12-16 01:12:54.575751
2018-03-14,03:30,44.6,44.4,99.4,0.0,0,N ,0.0,0.0,0.69,46.9,"Lynden, Whatcom County",330063,Lynden,2020-12-16 01:12:54.575751
2018-03-14,03:45,44.6,44.5,99.4,0.0,0,N ,0.0,0.0,0.69,46.9,"Lynden, Whatcom County",330063,Lynden,2020-12-16 01:12:54.575751
2018-03-14,04:00,44.6,44.5,99.4,0.0,0,N ,0.0,0.0,0.69,46.9,"Lynden, Whatcom County",330063,Lynden,2020-12-16 01:12:54.575751
2018-03-14,04:15,44.5,44.3,99.4,0.0,0,N ,0.0,0.0,0.69,46.9,"Lynden, Whatcom County",330063,Lynden,2020-12-16 01:12:54.575751
2018-03-14,04:30,44.7,44.5,99.4,0.0,0,N ,0.0,0.0,0.7,46.9,"Lynden, Whatcom County",330063,Lynden,2020-12-16 01:12:54.575751
2018-03-14,04:45,44.7,44.5,99.4,0.0,0,N ,0.0,0.0,0.7,46.9,"Lynden, Whatcom County",330063,Lynden,2020-12-16 01:12:54.575751
2018-03-14,05:00,44.4,44.2,99.4,0.0,0,N ,0.0,0.0,0.7,46.9,"Lynden, Whatcom County",330063,Lynden,2020-12-16 01:12:54.575751
2018-03-14,05:15,44.1,44.0,99.4,0.0,0,N ,0.0,0.0,0.7,46.9,"Lynden, Whatcom County",330063,Lynden,2020-12-16 01:12:54.575751
2018-03-14,05:30,44.1,43.9,99.4,0.0,0,N ,0.0,0.0,0.7,46.8,"Lynden, Whatcom County",330063,Lynden,2020-12-16 01:12:54.575751
2018-03-14,05:45,44.2,44.1,99.4,0.0,0,N ,0.0,0.0,0.71,46.8,"Lynden, Whatcom County",330063,Lynden,2020-12-16 01:12:54.575751
2018-03-14,06:00,44.2,44.1,99.4,0.0,0,N ,0.0,0.0,0.71,46.8,"Lynden, Whatcom County",330063,Lynden,2020-12-16 01:12:54.575751
2018-03-14,06:15,44.2,44.1,99.4,0.0,0,N ,0.0,0.0,0.72,46.8,"Lynden, Whatcom County",330063,Lynden,2020-12-16 01:12:54.575751
2018-03-14,06:30,44.4,44.2,99.4,0.0,0,N ,0.0,0.0,0.72,46.8,"Lynden, Whatcom County",330063,Lynden,2020-12-16 01:12:54.575751
2018-03-14,06:45,44.6,44.5,99.4,0.0,1,N ,0.0,0.0,0.72,46.8,"Lynden, Whatcom County",330063,Lynden,2020-12-16 01:12:54.575751
2018-03-14,07:00,44.7,44.6,99.4,0.0,5,N ,0.0,0.0,0.73,46.8,"Lynden, Whatcom County",330063,Lynden,2020-12-16 01:12:54.575751
2018-03-14,07:15,44.7,44.5,99.4,0.0,14,N ,0.0,0.0,0.74,46.8,"Lynden, Whatcom County",330063,Lynden,2020-12-16 01:12:54.575751
2018-03-14,07:30,44.7,44.5,99.4,0.0,20,N ,0.0,0.0,0.75,46.8,"Lynden, Whatcom County",330063,Lynden,2020-12-16 01:12:54.575751
2018-03-14,07:45,44.8,44.6,99.4,0.0,21,N ,0.0,0.0,0.76,46.8,"Lynden, Whatcom County",330063,Lynden,2020-12-16 01:12:54.575751
2018-03-14,08:00,44.7,44.6,99.4,0.0,21,N ,0.0,0.0,0.76,46.7,"Lynden, Whatcom County",330063,Lynden,2020-12-16 01:12:54.575751
2018-03-14,08:15,44.8,44.7,99.4,0.0,27,N ,0.0,0.0,0.75,46.7,"Lynden, Whatcom County",330063,Lynden,2020-12-16 01:12:54.575751
2018-03-14,08:30,44.8,44.7,99.4,0.0,32,N ,0.0,0.0,0.75,46.7,"Lynden, Whatcom County",330063,Lynden,2020-12-16 01:12:54.575751
2018-03-14,08:45,44.9,44.7,99.4,0.01,44,N ,0.0,0.0,0.76,46.7,"Lynden, Whatcom County",330063,Lynden,2020-12-16 01:12:54.575751
2018-03-14,09:00,45.0,44.8,99.4,0.0,56,S,2.3,3.9,0.77,46.7,"Lynden, Whatcom County",330063,Lynden,2020-12-16 01:12:54.575751
2018-03-14,09:15,45.2,45.1,99.4,0.0,61,SW,2.4,5.7,0.77,46.7,"Lynden, Whatcom County",330063,Lynden,2020-12-16 01:12:54.575751
2018-03-14,09:30,45.3,45.2,99.4,0.0,81,SW,2.9,5.7,0.72,46.7,"Lynden, Whatcom County",330063,Lynden,2020-12-16 01:12:54.575751
2018-03-14,09:45,45.5,45.4,99.4,0.0,98,SW,3.4,5.7,0.78,46.7,"Lynden, Whatcom County",330063,Lynden,2020-12-16 01:12:54.575751
2018-03-14,10:00,45.8,45.7,99.4,0.0,93,SW,2.6,5.3,0.8,46.7,"Lynden, Whatcom County",330063,Lynden,2020-12-16 01:12:54.575751
2018-03-14,10:15,46.0,45.8,99.4,0.0,87,S,3.1,6.0,0.8,46.7,"Lynden, Whatcom County",330063,Lynden,2020-12-16 01:12:54.575751
2018-03-14,10:30,46.3,46.1,99.4,0.0,123,SW,3.0,5.7,0.8,46.7,"Lynden, Whatcom County",330063,Lynden,2020-12-16 01:12:54.575751
2018-03-14,10:45,46.4,46.2,99.4,0.0,111,S,3.2,5.7,0.71,46.7,"Lynden, Whatcom County",330063,Lynden,2020-12-16 01:12:54.575751
2018-03-14,11:00,46.4,46.2,99.4,0.0,115,S,3.5,5.7,0.68,46.7,"Lynden, Whatcom County",330063,Lynden,2020-12-16 01:12:54.575751
2018-03-14,11:15,46.5,46.4,99.4,0.01,134,S,3.7,5.7,0.67,46.7,"Lynden, Whatcom County",330063,Lynden,2020-12-16 01:12:54.575751
2018-03-14,11:30,46.7,46.5,99.4,0.0,138,S,3.7,6.4,0.69,46.7,"Lynden, Whatcom County",330063,Lynden,2020-12-16 01:12:54.575751
2018-03-14,11:45,46.6,46.4,99.4,0.0,91,S,3.7,7.1,0.75,46.7,"Lynden, Whatcom County",330063,Lynden,2020-12-16 01:12:54.575751
2018-03-14,12:00,46.4,46.3,99.3,0.0,161,S,3.9,8.2,0.79,46.7,"Lynden, Whatcom County",330063,Lynden,2020-12-16 01:12:54.575751
2018-03-14,12:15,45.4,45.2,99.3,0.01,130,S,3.7,6.4,0.81,46.7,"Lynden, Whatcom County",330063,Lynden,2020-12-16 01:12:54.575751
2018-03-14,12:30,45.0,44.8,99.3,0.01,98,S,3.4,6.0,0.74,46.7,"Lynden, Whatcom County",330063,Lynden,2020-12-16 01:12:54.575751
2018-03-14,12:45,44.9,44.7,99.3,0.01,54,S,4.2,7.8,0.77,46.7,"Lynden, Whatcom County",330063,Lynden,2020-12-16 01:12:54.575751
2018-03-14,13:00,44.4,44.2,99.3,0.01,67,S,5.1,10.7,0.72,46.7,"Lynden, Whatcom County",330063,Lynden,2020-12-16 01:12:54.575751
2018-03-14,13:15,44.1,44.0,99.3,0.0,71,S,3.8,7.8,0.67,46.7,"Lynden, Whatcom County",330063,Lynden,2020-12-16 01:12:54.575751
2018-03-14,13:30,43.5,43.4,99.4,0.0,123,SE,2.5,6.0,0.72,46.7,"Lynden, Whatcom County",330063,Lynden,2020-12-16 01:12:54.575751
2018-03-14,13:45,44.0,43.8,99.4,0.01,182,SE,2.6,7.1,0.62,46.8,"Lynden, Whatcom County",330063,Lynden,2020-12-16 01:12:54.575751
2018-03-14,14:00,43.7,43.5,99.3,0.0,131,S,4.0,7.4,0.56,46.8,"Lynden, Whatcom County",330063,Lynden,2020-12-16 01:12:54.575751
2018-03-14,14:15,43.4,43.3,99.3,0.0,129,SE,2.8,8.5,0.59,46.8,"Lynden, Whatcom County",330063,Lynden,2020-12-16 01:12:54.575751
2018-03-14,14:30,43.8,43.7,99.3,0.0,146,SE,1.6,4.2,0.58,46.8,"Lynden, Whatcom County",330063,Lynden,2020-12-16 01:12:54.575751
2018-03-14,14:45,44.2,44.1,99.3,0.0,110,E,1.1,3.1,0.53,46.8,"Lynden, Whatcom County",330063,Lynden,2020-12-16 01:12:54.575751
2018-03-14,15:00,44.8,44.6,99.3,0.0,118,S,2.2,4.6,0.45,46.8,"Lynden, Whatcom County",330063,Lynden,2020-12-16 01:12:54.575751
2018-03-14,15:15,44.9,44.8,99.3,0.0,95,S,2.4,7.1,0.34,46.8,"Lynden, Whatcom County",330063,Lynden,2020-12-16 01:12:54.575751
2018-03-14,15:30,44.8,44.6,99.3,0.0,92,S,3.0,6.4,0.25,46.8,"Lynden, Whatcom County",330063,Lynden,2020-12-16 01:12:54.575751
2018-03-14,15:45,44.6,44.5,99.3,0.0,74,S,3.1,7.4,0.15,46.8,"Lynden, Whatcom County",330063,Lynden,2020-12-16 01:12:54.575751
2018-03-14,16:00,44.6,44.4,99.3,0.0,61,S,2.0,5.7,0.29,46.8,"Lynden, Whatcom County",330063,Lynden,2020-12-16 01:12:54.575751
2018-03-14,16:15,44.6,44.5,99.3,0.0,72,S,1.3,4.6,0.34,46.9,"Lynden, Whatcom County",330063,Lynden,2020-12-16 01:12:54.575751
2018-03-14,16:30,44.8,44.7,99.3,0.0,72,SE,1.1,3.5,0.37,46.9,"Lynden, Whatcom County",330063,Lynden,2020-12-16 01:12:54.575751
2018-03-14,16:45,44.8,44.6,99.3,0.0,72,SE,1.3,4.2,0.6,46.9,"Lynden, Whatcom County",330063,Lynden,2020-12-16 01:12:54.575751
2018-03-14,17:00,44.7,44.5,99.3,0.0,60,S,1.3,5.3,0.56,46.9,"Lynden, Whatcom County",330063,Lynden,2020-12-16 01:12:54.575751
2018-03-14,17:15,44.9,44.7,99.3,0.0,74,S,1.0,3.1,0.52,46.9,"Lynden, Whatcom County",330063,Lynden,2020-12-16 01:12:54.575751
2018-03-14,17:30,44.7,44.6,99.3,0.01,39,S,1.5,3.9,0.44,46.9,"Lynden, Whatcom County",330063,Lynden,2020-12-16 01:12:54.575751
2018-03-14,17:45,44.2,44.1,99.3,0.0,15,SE,0.5,2.4,0.35,46.9,"Lynden, Whatcom County",330063,Lynden,2020-12-16 01:12:54.575751
2018-03-14,18:00,43.9,43.7,99.3,0.0,6,S,0.9,3.1,0.28,46.9,"Lynden, Whatcom County",330063,Lynden,2020-12-16 01:12:54.575751
2018-03-14,18:15,43.6,43.4,99.3,0.0,2,S,0.0,1.4,0.25,46.9,"Lynden, Whatcom County",330063,Lynden,2020-12-16 01:12:54.575751
2018-03-14,18:30,43.3,43.1,99.3,0.0,0,N ,0.0,0.0,0.23,46.9,"Lynden, Whatcom County",330063,Lynden,2020-12-16 01:12:54.575751
2018-03-14,18:45,43.1,42.9,99.3,0.0,0,SW,0.2,2.4,0.21,46.9,"Lynden, Whatcom County",330063,Lynden,2020-12-16 01:12:54.575751
2018-03-14,19:00,42.8,42.7,99.4,0.0,0,N ,0.0,0.0,0.39,46.9,"Lynden, Whatcom County",330063,Lynden,2020-12-16 01:12:54.575751
2018-03-14,19:15,42.4,42.3,99.4,0.0,0,N ,0.0,0.0,0.42,46.9,"Lynden, Whatcom County",330063,Lynden,2020-12-16 01:12:54.575751
2018-03-14,19:30,42.2,42.1,99.4,0.0,0,N,0.1,1.7,0.42,46.9,"Lynden, Whatcom County",330063,Lynden,2020-12-16 01:12:54.575751
2018-03-14,19:45,42.5,42.3,99.4,0.0,0,N,0.1,2.1,0.4,46.9,"Lynden, Whatcom County",330063,Lynden,2020-12-16 01:12:54.575751
2018-03-14,20:00,41.9,41.8,99.4,0.0,0,NW,0.0,1.4,0.41,46.9,"Lynden, Whatcom County",330063,Lynden,2020-12-16 01:12:54.575751
2018-03-14,20:15,40.8,40.6,99.4,0.0,0,N ,0.0,0.0,0.43,46.9,"Lynden, Whatcom County",330063,Lynden,2020-12-16 01:12:54.575751
2018-03-14,20:30,40.0,39.9,99.4,0.0,0,N,0.0,1.4,0.47,46.8,"Lynden, Whatcom County",330063,Lynden,2020-12-16 01:12:54.575751
2018-03-14,20:45,39.8,39.6,99.4,0.0,0,S,0.4,2.1,0.5,46.8,"Lynden, Whatcom County",330063,Lynden,2020-12-16 01:12:54.575751
2018-03-14,21:00,40.3,40.1,99.4,0.01,0,N ,0.5,2.4,0.72,46.8,"Lynden, Whatcom County",330063,Lynden,2020-12-16 01:12:54.575751
2018-03-14,21:15,41.0,40.9,99.4,0.02,0,N ,0.6,3.5,0.77,46.8,"Lynden, Whatcom County",330063,Lynden,2020-12-16 01:12:54.575751
2018-03-14,21:30,40.9,40.8,99.4,0.0,0,NW,0.1,1.4,0.67,46.8,"Lynden, Whatcom County",330063,Lynden,2020-12-16 01:12:54.575751
2018-03-14,21:45,41.1,40.9,99.4,0.0,0,N,0.0,1.4,0.64,46.8,"Lynden, Whatcom County",330063,Lynden,2020-12-16 01:12:54.575751
2018-03-14,22:00,41.1,41.0,99.4,0.0,0,N ,0.0,0.0,0.63,46.7,"Lynden, Whatcom County",330063,Lynden,2020-12-16 01:12:54.575751
2018-03-14,22:15,41.1,40.9,99.4,0.0,0,N ,0.0,0.0,0.69,46.7,"Lynden, Whatcom County",330063,Lynden,2020-12-16 01:12:54.575751
2018-03-14,22:30,40.7,40.6,99.4,0.0,0,N ,0.0,0.0,0.71,46.7,"Lynden, Whatcom County",330063,Lynden,2020-12-16 01:12:54.575751
2018-03-14,22:45,40.0,39.9,99.4,0.0,0,N ,0.0,0.0,0.7,46.6,"Lynden, Whatcom County",330063,Lynden,2020-12-16 01:12:54.575751
2018-03-14,23:00,39.0,38.8,99.4,0.0,0,N ,0.0,0.0,0.7,46.6,"Lynden, Whatcom County",330063,Lynden,2020-12-16 01:12:54.575751
2018-03-15,23:15,38.3,38.1,99.4,0.0,0,N ,0.0,0.0,0.7,46.6,"Lynden, Whatcom County",330063,Lynden,2020-12-16 01:12:54.575751
2018-03-15,23:30,37.8,37.6,99.4,0.0,0,N ,0.1,1.7,0.7,46.6,"Lynden, Whatcom County",330063,Lynden,2020-12-16 01:12:54.575751
2018-03-15,23:45,37.1,36.9,99.4,0.0,0,S,0.0,1.4,0.7,46.5,"Lynden, Whatcom County",330063,Lynden,2020-12-16 01:12:54.575751
2018-03-15,24:00,36.7,36.6,99.4,0.0,0,N,0.1,2.1,0.71,46.5,"Lynden, Whatcom County",330063,Lynden,2020-12-16 01:12:54.575751
