Date,Time PST,Air Temp °F, 2<sup>nd</sup> Air Temp °F, Dew Point °F, Rel Hum %, Leaf Wet u., Wind Dir @ Speed mph, Wind Gust mph, 8 in. Soil Tmp °F, Tot Prec in, Solar Rad W/m²,Location,Station ID,Station Name,Download Timestamp
2014-12-11,00:15,44.8,45.0,40.3,83.9,0.0,SE@2.9,6.0,42.0,0.0,0,"Smith Canyon East, Franklin County",300023,Smith Canyon East,2017-12-07 11:56:14.872990
2014-12-11,00:30,45.5,45.6,40.4,82.2,0.0,SE@2.5,4.9,42.1,0.0,0,"Smith Canyon East, Franklin County",300023,Smith Canyon East,2017-12-07 11:56:14.872990
2014-12-11,00:45,44.3,44.2,39.6,83.3,0.0,E@3.3,4.2,42.1,0.0,0,"Smith Canyon East, Franklin County",300023,Smith Canyon East,2017-12-07 11:56:14.872990
2014-12-11,01:00,43.7,43.7,39.3,84.2,0.0,E@1.4,3.5,42.1,0.0,0,"Smith Canyon East, Franklin County",300023,Smith Canyon East,2017-12-07 11:56:14.872990
2014-12-11,01:15,43.0,42.8,38.8,84.8,0.0,N@3.8,5.3,42.1,0.0,0,"Smith Canyon East, Franklin County",300023,Smith Canyon East,2017-12-07 11:56:14.872990
2014-12-11,01:30,42.2,42.3,38.5,86.7,0.0,N@3.3,4.6,42.1,0.0,0,"Smith Canyon East, Franklin County",300023,Smith Canyon East,2017-12-07 11:56:14.872990
2014-12-11,01:45,43.0,43.2,39.3,86.7,0.0,NE@2.8,3.5,42.2,0.0,0,"Smith Canyon East, Franklin County",300023,Smith Canyon East,2017-12-07 11:56:14.872990
2014-12-11,02:00,43.2,43.3,39.2,85.6,0.0,E@4.4,7.4,42.2,0.0,0,"Smith Canyon East, Franklin County",300023,Smith Canyon East,2017-12-07 11:56:14.872990
2014-12-11,02:15,43.3,43.3,39.0,84.5,0.0,E@4.4,6.4,42.2,0.0,0,"Smith Canyon East, Franklin County",300023,Smith Canyon East,2017-12-07 11:56:14.872990
2014-12-11,02:30,42.9,42.8,38.6,84.7,0.0,N@4.0,6.4,42.2,0.0,0,"Smith Canyon East, Franklin County",300023,Smith Canyon East,2017-12-07 11:56:14.872990
2014-12-11,02:45,42.3,42.5,38.4,86.1,0.0,NE@4.8,6.0,42.2,0.0,0,"Smith Canyon East, Franklin County",300023,Smith Canyon East,2017-12-07 11:56:14.872990
2014-12-11,03:00,42.8,42.9,38.9,85.8,0.0,NE@3.8,6.0,42.2,0.0,0,"Smith Canyon East, Franklin County",300023,Smith Canyon East,2017-12-07 11:56:14.872990
2014-12-11,03:15,43.9,44.3,39.8,85.2,0.0,E@5.3,8.9,42.2,0.0,0,"Smith Canyon East, Franklin County",300023,Smith Canyon East,2017-12-07 11:56:14.872990
2014-12-11,03:30,46.3,46.5,41.0,81.6,0.0,E@7.8,9.9,42.2,0.0,0,"Smith Canyon East, Franklin County",300023,Smith Canyon East,2017-12-07 11:56:14.872990
2014-12-11,03:45,46.2,45.9,40.4,80.2,0.0,NE@5.5,9.6,42.2,0.0,0,"Smith Canyon East, Franklin County",300023,Smith Canyon East,2017-12-07 11:56:14.872990
2014-12-11,04:00,43.0,43.2,38.8,84.9,0.0,N@4.6,6.7,42.2,0.0,0,"Smith Canyon East, Franklin County",300023,Smith Canyon East,2017-12-07 11:56:14.872990
2014-12-11,04:15,45.6,45.9,40.8,83.4,0.0,NE@5.0,7.1,42.2,0.0,0,"Smith Canyon East, Franklin County",300023,Smith Canyon East,2017-12-07 11:56:14.872990
2014-12-11,04:30,45.1,45.0,40.0,82.3,0.0,N@3.7,6.0,42.2,0.0,0,"Smith Canyon East, Franklin County",300023,Smith Canyon East,2017-12-07 11:56:14.872990
2014-12-11,04:45,42.7,42.6,38.6,85.0,0.0,SW@3.0,4.6,42.2,0.0,0,"Smith Canyon East, Franklin County",300023,Smith Canyon East,2017-12-07 11:56:14.872990
2014-12-11,05:00,41.9,42.0,38.4,87.1,0.0,SW@3.4,7.1,42.2,0.0,0,"Smith Canyon East, Franklin County",300023,Smith Canyon East,2017-12-07 11:56:14.872990
2014-12-11,05:15,43.3,43.5,39.5,86.5,0.0,SW@3.9,7.8,42.2,0.0,0,"Smith Canyon East, Franklin County",300023,Smith Canyon East,2017-12-07 11:56:14.872990
2014-12-11,05:30,43.4,43.5,39.6,86.2,0.06,SW@2.6,4.9,42.2,0.0,0,"Smith Canyon East, Franklin County",300023,Smith Canyon East,2017-12-07 11:56:14.872990
2014-12-11,05:45,42.9,43.1,39.4,87.1,0.11,S@4.1,6.0,42.2,0.0,0,"Smith Canyon East, Franklin County",300023,Smith Canyon East,2017-12-07 11:56:14.872990
2014-12-11,06:00,42.7,42.7,39.3,87.4,0.34,W@3.0,6.0,42.2,0.0,0,"Smith Canyon East, Franklin County",300023,Smith Canyon East,2017-12-07 11:56:14.872990
2014-12-11,06:15,42.5,42.6,39.3,88.4,0.73,W@0.3,2.4,42.2,0.0,0,"Smith Canyon East, Franklin County",300023,Smith Canyon East,2017-12-07 11:56:14.872990
2014-12-11,06:30,42.4,42.3,39.1,88.1,0.8,NW@0.9,3.9,42.2,0.0,0,"Smith Canyon East, Franklin County",300023,Smith Canyon East,2017-12-07 11:56:14.872990
2014-12-11,06:45,41.7,41.7,38.6,88.8,0.81,N@3.1,4.6,42.2,0.0,0,"Smith Canyon East, Franklin County",300023,Smith Canyon East,2017-12-07 11:56:14.872990
2014-12-11,07:00,42.1,42.3,39.1,88.9,0.8,NE@2.8,3.9,42.2,0.0,0,"Smith Canyon East, Franklin County",300023,Smith Canyon East,2017-12-07 11:56:14.872990
2014-12-11,07:15,42.5,42.5,39.4,88.6,0.77,NE@1.8,3.5,42.2,0.0,0,"Smith Canyon East, Franklin County",300023,Smith Canyon East,2017-12-07 11:56:14.872990
2014-12-11,07:30,42.1,42.1,39.1,89.0,0.75,N@2.9,4.9,42.2,0.0,1,"Smith Canyon East, Franklin County",300023,Smith Canyon East,2017-12-07 11:56:14.872990
2014-12-11,07:45,42.0,42.2,39.2,89.4,0.68,E@2.7,4.6,42.2,0.0,2,"Smith Canyon East, Franklin County",300023,Smith Canyon East,2017-12-07 11:56:14.872990
2014-12-11,08:00,42.4,42.5,39.4,89.1,0.57,NW@2.4,4.9,42.2,0.0,4,"Smith Canyon East, Franklin County",300023,Smith Canyon East,2017-12-07 11:56:14.872990
2014-12-11,08:15,41.9,41.9,39.1,89.6,0.46,SW@3.1,6.0,42.2,0.0,7,"Smith Canyon East, Franklin County",300023,Smith Canyon East,2017-12-07 11:56:14.872990
2014-12-11,08:30,41.7,41.8,39.1,90.2,0.37,W@2.0,4.6,42.1,0.0,10,"Smith Canyon East, Franklin County",300023,Smith Canyon East,2017-12-07 11:56:14.872990
2014-12-11,08:45,41.9,42.0,39.3,90.5,0.37,SW@2.1,4.9,42.1,0.0,14,"Smith Canyon East, Franklin County",300023,Smith Canyon East,2017-12-07 11:56:14.872990
2014-12-11,09:00,42.2,42.3,39.6,90.5,0.33,SW@2.4,6.0,42.1,0.0,18,"Smith Canyon East, Franklin County",300023,Smith Canyon East,2017-12-07 11:56:14.872990
2014-12-11,09:15,42.6,42.7,39.9,90.3,0.23,SW@2.6,5.3,42.1,0.0,18,"Smith Canyon East, Franklin County",300023,Smith Canyon East,2017-12-07 11:56:14.872990
2014-12-11,09:30,42.8,42.9,40.1,90.3,0.42,SW@3.7,5.7,42.1,0.0,22,"Smith Canyon East, Franklin County",300023,Smith Canyon East,2017-12-07 11:56:14.872990
2014-12-11,09:45,43.2,43.3,40.5,90.3,0.8,SW@1.8,3.5,42.1,0.0,31,"Smith Canyon East, Franklin County",300023,Smith Canyon East,2017-12-07 11:56:14.872990
2014-12-11,10:00,43.4,43.6,40.8,90.3,0.79,SW@2.3,6.4,42.1,0.0,42,"Smith Canyon East, Franklin County",300023,Smith Canyon East,2017-12-07 11:56:14.872990
2014-12-11,10:15,43.7,43.7,41.1,90.5,0.74,SW@4.0,6.0,42.1,0.0,33,"Smith Canyon East, Franklin County",300023,Smith Canyon East,2017-12-07 11:56:14.872990
2014-12-11,10:30,43.9,44.0,41.3,90.6,0.68,SW@4.8,6.4,42.1,0.0,25,"Smith Canyon East, Franklin County",300023,Smith Canyon East,2017-12-07 11:56:14.872990
2014-12-11,10:45,44.3,44.4,41.7,90.5,0.69,SW@3.9,5.3,42.1,0.0,22,"Smith Canyon East, Franklin County",300023,Smith Canyon East,2017-12-07 11:56:14.872990
2014-12-11,11:00,44.6,44.8,42.0,90.4,0.88,SW@4.1,5.3,42.1,0.0,31,"Smith Canyon East, Franklin County",300023,Smith Canyon East,2017-12-07 11:56:14.872990
2014-12-11,11:15,44.9,45.0,42.2,90.1,0.89,W@2.3,4.6,42.1,0.01,36,"Smith Canyon East, Franklin County",300023,Smith Canyon East,2017-12-07 11:56:14.872990
2014-12-11,11:30,45.2,45.2,42.4,89.8,0.87,NE@2.1,4.9,42.1,0.0,39,"Smith Canyon East, Franklin County",300023,Smith Canyon East,2017-12-07 11:56:14.872990
2014-12-11,11:45,45.3,45.4,42.6,90.2,0.83,E@2.9,4.6,42.1,0.0,40,"Smith Canyon East, Franklin County",300023,Smith Canyon East,2017-12-07 11:56:14.872990
2014-12-11,12:00,45.6,45.6,42.9,90.4,0.82,S@3.1,6.0,42.1,0.0,32,"Smith Canyon East, Franklin County",300023,Smith Canyon East,2017-12-07 11:56:14.872990
2014-12-11,12:15,45.2,45.2,42.6,90.6,0.82,S@4.5,6.7,42.1,0.0,29,"Smith Canyon East, Franklin County",300023,Smith Canyon East,2017-12-07 11:56:14.872990
2014-12-11,12:30,44.6,44.7,42.1,90.9,0.82,S@4.4,6.0,42.1,0.0,30,"Smith Canyon East, Franklin County",300023,Smith Canyon East,2017-12-07 11:56:14.872990
2014-12-11,12:45,44.7,44.8,42.3,91.3,0.83,S@3.5,4.9,42.1,0.0,31,"Smith Canyon East, Franklin County",300023,Smith Canyon East,2017-12-07 11:56:14.872990
2014-12-11,13:00,44.9,44.9,42.5,91.4,0.84,S@4.2,6.0,42.2,0.0,31,"Smith Canyon East, Franklin County",300023,Smith Canyon East,2017-12-07 11:56:14.872990
2014-12-11,13:15,45.0,45.1,42.7,91.3,0.85,S@3.1,5.3,42.2,0.0,38,"Smith Canyon East, Franklin County",300023,Smith Canyon East,2017-12-07 11:56:14.872990
2014-12-11,13:30,45.6,45.8,43.2,91.3,0.84,SE@3.3,6.0,42.2,0.0,39,"Smith Canyon East, Franklin County",300023,Smith Canyon East,2017-12-07 11:56:14.872990
2014-12-11,13:45,49.4,49.9,44.9,84.6,0.76,SE@6.6,10.7,42.2,0.0,41,"Smith Canyon East, Franklin County",300023,Smith Canyon East,2017-12-07 11:56:14.872990
2014-12-11,14:00,50.8,50.8,44.6,79.1,0.37,SE@6.8,11.0,42.2,0.0,71,"Smith Canyon East, Franklin County",300023,Smith Canyon East,2017-12-07 11:56:14.872990
2014-12-11,14:15,52.4,52.9,44.3,73.7,0.0,SE@9.5,15.3,42.2,0.0,72,"Smith Canyon East, Franklin County",300023,Smith Canyon East,2017-12-07 11:56:14.872990
2014-12-11,14:30,59.0,59.4,44.5,58.6,0.0,SE@11.8,20.0,42.2,0.0,73,"Smith Canyon East, Franklin County",300023,Smith Canyon East,2017-12-07 11:56:14.872990
2014-12-11,14:45,59.4,59.6,44.6,57.7,0.0,SE@9.9,13.5,42.3,0.0,61,"Smith Canyon East, Franklin County",300023,Smith Canyon East,2017-12-07 11:56:14.872990
2014-12-11,15:00,60.7,60.9,44.1,54.2,0.0,SE@12.7,16.7,42.3,0.0,54,"Smith Canyon East, Franklin County",300023,Smith Canyon East,2017-12-07 11:56:14.872990
2014-12-11,15:15,61.7,61.8,43.3,50.9,0.0,SE@13.6,20.7,42.3,0.0,25,"Smith Canyon East, Franklin County",300023,Smith Canyon East,2017-12-07 11:56:14.872990
2014-12-11,15:30,62.0,62.0,43.0,49.6,0.0,SE@11.1,24.6,42.3,0.0,28,"Smith Canyon East, Franklin County",300023,Smith Canyon East,2017-12-07 11:56:14.872990
2014-12-11,15:45,61.1,61.1,43.1,51.5,0.0,SE@7.4,12.4,42.3,0.0,20,"Smith Canyon East, Franklin County",300023,Smith Canyon East,2017-12-07 11:56:14.872990
2014-12-11,16:00,61.2,61.3,42.7,50.3,0.0,SE@4.8,9.6,42.4,0.0,15,"Smith Canyon East, Franklin County",300023,Smith Canyon East,2017-12-07 11:56:14.872990
2014-12-11,16:15,62.3,62.4,42.2,47.7,0.0,SE@7.5,13.5,42.4,0.0,6,"Smith Canyon East, Franklin County",300023,Smith Canyon East,2017-12-07 11:56:14.872990
2014-12-11,16:30,61.7,61.7,42.2,48.8,0.0,SE@8.7,12.4,42.4,0.0,1,"Smith Canyon East, Franklin County",300023,Smith Canyon East,2017-12-07 11:56:14.872990
2014-12-11,16:45,62.5,62.7,41.7,46.3,0.0,SE@9.6,15.7,42.5,0.0,0,"Smith Canyon East, Franklin County",300023,Smith Canyon East,2017-12-07 11:56:14.872990
2014-12-11,17:00,62.6,62.5,42.2,47.2,0.0,SE@10.2,13.9,42.5,0.0,0,"Smith Canyon East, Franklin County",300023,Smith Canyon East,2017-12-07 11:56:14.872990
2014-12-11,17:15,61.2,61.2,42.7,50.6,0.0,SE@9.1,13.9,42.5,0.0,0,"Smith Canyon East, Franklin County",300023,Smith Canyon East,2017-12-07 11:56:14.872990
2014-12-11,17:30,62.7,62.8,42.2,47.1,0.0,SE@10.4,19.6,42.6,0.0,0,"Smith Canyon East, Franklin County",300023,Smith Canyon East,2017-12-07 11:56:14.872990
2014-12-11,17:45,62.2,62.2,42.2,48.0,0.0,SE@9.7,14.6,42.6,0.0,0,"Smith Canyon East, Franklin County",300023,Smith Canyon East,2017-12-07 11:56:14.872990
2014-12-11,18:00,62.2,62.2,42.3,47.9,0.0,SE@9.4,13.5,42.7,0.0,0,"Smith Canyon East, Franklin County",300023,Smith Canyon East,2017-12-07 11:56:14.872990
2014-12-11,18:15,61.1,61.1,42.7,50.6,0.0,SE@8.2,12.1,42.7,0.0,0,"Smith Canyon East, Franklin County",300023,Smith Canyon East,2017-12-07 11:56:14.872990
2014-12-11,18:30,62.2,62.2,42.3,47.9,0.0,S@7.9,15.0,42.8,0.0,0,"Smith Canyon East, Franklin County",300023,Smith Canyon East,2017-12-07 11:56:14.872990
2014-12-11,18:45,61.5,61.6,42.1,48.8,0.0,SW@6.9,11.7,42.8,0.0,0,"Smith Canyon East, Franklin County",300023,Smith Canyon East,2017-12-07 11:56:14.872990
2014-12-11,19:00,60.8,60.8,42.1,50.2,0.0,S@6.0,7.8,42.8,0.0,0,"Smith Canyon East, Franklin County",300023,Smith Canyon East,2017-12-07 11:56:14.872990
2014-12-11,19:15,60.1,60.0,42.2,51.5,0.0,S@6.8,8.9,42.9,0.0,0,"Smith Canyon East, Franklin County",300023,Smith Canyon East,2017-12-07 11:56:14.872990
2014-12-11,19:30,57.9,57.8,42.0,55.3,0.0,SW@5.6,8.9,43.0,0.0,0,"Smith Canyon East, Franklin County",300023,Smith Canyon East,2017-12-07 11:56:14.872990
2014-12-11,19:45,57.9,58.1,41.1,53.3,0.0,SW@7.3,12.1,43.0,0.0,0,"Smith Canyon East, Franklin County",300023,Smith Canyon East,2017-12-07 11:56:14.872990
2014-12-11,20:00,57.6,57.5,40.8,53.3,0.0,SW@6.8,12.1,43.1,0.0,0,"Smith Canyon East, Franklin County",300023,Smith Canyon East,2017-12-07 11:56:14.872990
2014-12-11,20:15,56.4,56.5,40.9,55.9,0.0,S@6.0,9.6,43.1,0.0,0,"Smith Canyon East, Franklin County",300023,Smith Canyon East,2017-12-07 11:56:14.872990
2014-12-11,20:30,57.9,58.1,40.1,51.3,0.0,S@7.8,11.7,43.2,0.0,0,"Smith Canyon East, Franklin County",300023,Smith Canyon East,2017-12-07 11:56:14.872990
2014-12-11,20:45,57.1,57.0,40.2,52.9,0.0,S@7.4,11.7,43.2,0.0,0,"Smith Canyon East, Franklin County",300023,Smith Canyon East,2017-12-07 11:56:14.872990
2014-12-11,21:00,57.4,57.7,39.7,51.5,0.0,S@10.4,20.3,43.3,0.0,0,"Smith Canyon East, Franklin County",300023,Smith Canyon East,2017-12-07 11:56:14.872990
2014-12-11,21:15,57.9,57.9,39.5,50.2,0.0,S@12.1,15.7,43.3,0.0,0,"Smith Canyon East, Franklin County",300023,Smith Canyon East,2017-12-07 11:56:14.872990
2014-12-11,21:30,56.4,56.3,39.5,53.0,0.0,S@10.0,13.5,43.4,0.0,0,"Smith Canyon East, Franklin County",300023,Smith Canyon East,2017-12-07 11:56:14.872990
2014-12-11,21:45,55.1,55.1,39.1,54.6,0.0,SW@8.7,14.6,43.4,0.0,0,"Smith Canyon East, Franklin County",300023,Smith Canyon East,2017-12-07 11:56:14.872990
2014-12-11,22:00,55.3,55.5,39.3,54.6,0.0,SW@10.3,14.6,43.5,0.0,0,"Smith Canyon East, Franklin County",300023,Smith Canyon East,2017-12-07 11:56:14.872990
2014-12-11,22:15,55.7,55.9,39.3,53.9,0.0,SW@10.1,13.5,43.5,0.0,0,"Smith Canyon East, Franklin County",300023,Smith Canyon East,2017-12-07 11:56:14.872990
2014-12-11,22:30,56.9,57.0,39.0,51.0,0.0,SW@10.9,15.0,43.6,0.0,0,"Smith Canyon East, Franklin County",300023,Smith Canyon East,2017-12-07 11:56:14.872990
2014-12-11,22:45,56.4,56.4,38.9,51.7,0.0,SW@9.5,15.3,43.6,0.0,0,"Smith Canyon East, Franklin County",300023,Smith Canyon East,2017-12-07 11:56:14.872990
2014-12-11,23:00,55.2,55.2,38.9,54.1,0.0,SW@7.9,10.7,43.7,0.0,0,"Smith Canyon East, Franklin County",300023,Smith Canyon East,2017-12-07 11:56:14.872990
2014-12-11,23:15,54.5,54.5,39.0,55.6,0.0,SW@4.9,9.2,43.7,0.0,0,"Smith Canyon East, Franklin County",300023,Smith Canyon East,2017-12-07 11:56:14.872990
2014-12-11,23:30,52.2,52.1,39.5,61.7,0.0,N@4.6,7.8,43.8,0.0,0,"Smith Canyon East, Franklin County",300023,Smith Canyon East,2017-12-07 11:56:14.872990
2014-12-11,23:45,53.0,53.1,39.2,59.3,0.0,NW@4.2,8.9,43.8,0.0,0,"Smith Canyon East, Franklin County",300023,Smith Canyon East,2017-12-07 11:56:14.872990
2014-12-11,24:00,53.7,53.6,38.9,57.3,0.0,NW@5.4,10.7,43.8,0.0,0,"Smith Canyon East, Franklin County",300023,Smith Canyon East,2017-12-07 11:56:14.872990
2014-12-12,00:15,51.8,51.6,39.6,62.9,0.0,N@5.8,8.2,43.9,0.0,0,"Smith Canyon East, Franklin County",300023,Smith Canyon East,2017-12-07 11:56:14.872990
2014-12-12,00:30,52.0,52.2,39.6,62.3,0.0,W@5.0,7.1,43.9,0.0,0,"Smith Canyon East, Franklin County",300023,Smith Canyon East,2017-12-07 11:56:14.872990
2014-12-12,00:45,51.9,51.8,39.5,62.6,0.0,N@3.1,5.3,43.9,0.0,0,"Smith Canyon East, Franklin County",300023,Smith Canyon East,2017-12-07 11:56:14.872990
2014-12-12,01:00,51.1,51.0,39.6,64.5,0.0,N@4.3,6.4,43.9,0.0,0,"Smith Canyon East, Franklin County",300023,Smith Canyon East,2017-12-07 11:56:14.872990
2014-12-12,01:15,51.6,51.7,39.2,62.4,0.0,N@4.3,6.7,44.0,0.0,0,"Smith Canyon East, Franklin County",300023,Smith Canyon East,2017-12-07 11:56:14.872990
2014-12-12,01:30,52.7,52.8,38.6,58.5,0.0,W@3.8,7.1,44.0,0.0,0,"Smith Canyon East, Franklin County",300023,Smith Canyon East,2017-12-07 11:56:14.872990
2014-12-12,01:45,52.6,52.6,38.3,58.0,0.0,NW@2.7,6.0,44.0,0.0,0,"Smith Canyon East, Franklin County",300023,Smith Canyon East,2017-12-07 11:56:14.872990
2014-12-12,02:00,52.5,52.3,38.2,58.2,0.0,W@2.1,3.9,44.0,0.0,0,"Smith Canyon East, Franklin County",300023,Smith Canyon East,2017-12-07 11:56:14.872990
2014-12-12,02:15,50.1,50.0,38.6,64.5,0.0,SE@3.6,4.2,44.1,0.0,0,"Smith Canyon East, Franklin County",300023,Smith Canyon East,2017-12-07 11:56:14.872990
2014-12-12,02:30,49.0,49.0,39.1,68.4,0.0,SE@3.8,4.9,44.1,0.0,0,"Smith Canyon East, Franklin County",300023,Smith Canyon East,2017-12-07 11:56:14.872990
2014-12-12,02:45,48.8,48.8,39.3,69.6,0.0,SE@3.9,5.3,44.1,0.0,0,"Smith Canyon East, Franklin County",300023,Smith Canyon East,2017-12-07 11:56:14.872990
2014-12-12,03:00,48.8,49.0,39.3,69.5,0.0,SE@4.7,6.7,44.1,0.0,0,"Smith Canyon East, Franklin County",300023,Smith Canyon East,2017-12-07 11:56:14.872990
2014-12-12,03:15,49.7,49.8,39.0,66.4,0.0,SE@5.1,7.1,44.1,0.0,0,"Smith Canyon East, Franklin County",300023,Smith Canyon East,2017-12-07 11:56:14.872990
2014-12-12,03:30,50.2,50.3,38.4,63.9,0.0,S@5.7,7.1,44.1,0.0,0,"Smith Canyon East, Franklin County",300023,Smith Canyon East,2017-12-07 11:56:14.872990
2014-12-12,03:45,50.5,50.6,38.2,62.5,0.0,S@6.2,7.8,44.2,0.0,0,"Smith Canyon East, Franklin County",300023,Smith Canyon East,2017-12-07 11:56:14.872990
2014-12-12,04:00,50.0,50.0,38.3,64.1,0.0,S@5.5,7.8,44.2,0.0,0,"Smith Canyon East, Franklin County",300023,Smith Canyon East,2017-12-07 11:56:14.872990
2014-12-12,04:15,49.0,49.0,38.6,66.9,0.0,SE@5.1,6.4,44.2,0.0,0,"Smith Canyon East, Franklin County",300023,Smith Canyon East,2017-12-07 11:56:14.872990
2014-12-12,04:30,48.8,48.9,39.2,69.3,0.0,SE@8.1,11.0,44.2,0.0,0,"Smith Canyon East, Franklin County",300023,Smith Canyon East,2017-12-07 11:56:14.872990
2014-12-12,04:45,49.3,49.4,39.2,68.0,0.0,SE@8.6,11.0,44.2,0.0,0,"Smith Canyon East, Franklin County",300023,Smith Canyon East,2017-12-07 11:56:14.872990
2014-12-12,05:00,49.3,49.4,39.2,68.0,0.0,S@8.3,11.4,44.2,0.0,0,"Smith Canyon East, Franklin County",300023,Smith Canyon East,2017-12-07 11:56:14.872990
2014-12-12,05:15,49.4,49.6,39.0,67.2,0.0,S@8.7,11.4,44.2,0.0,0,"Smith Canyon East, Franklin County",300023,Smith Canyon East,2017-12-07 11:56:14.872990
2014-12-12,05:30,49.7,49.9,39.1,66.6,0.0,S@8.9,12.4,44.2,0.0,0,"Smith Canyon East, Franklin County",300023,Smith Canyon East,2017-12-07 11:56:14.872990
2014-12-12,05:45,50.0,50.1,39.1,65.9,0.0,S@8.4,13.2,44.2,0.0,0,"Smith Canyon East, Franklin County",300023,Smith Canyon East,2017-12-07 11:56:14.872990
2014-12-12,06:00,49.1,49.2,39.4,68.9,0.0,S@6.8,9.6,44.2,0.0,0,"Smith Canyon East, Franklin County",300023,Smith Canyon East,2017-12-07 11:56:14.872990
2014-12-12,06:15,49.1,49.3,39.4,68.9,0.0,S@7.0,9.6,44.2,0.0,0,"Smith Canyon East, Franklin County",300023,Smith Canyon East,2017-12-07 11:56:14.872990
2014-12-12,06:30,49.2,49.3,39.3,68.6,0.0,S@6.4,8.2,44.2,0.0,0,"Smith Canyon East, Franklin County",300023,Smith Canyon East,2017-12-07 11:56:14.872990
2014-12-12,06:45,49.1,49.2,39.4,69.1,0.0,S@6.5,9.2,44.2,0.0,0,"Smith Canyon East, Franklin County",300023,Smith Canyon East,2017-12-07 11:56:14.872990
2014-12-12,07:00,49.1,49.3,39.6,69.3,0.0,S@7.2,11.7,44.2,0.0,0,"Smith Canyon East, Franklin County",300023,Smith Canyon East,2017-12-07 11:56:14.872990
2014-12-12,07:15,49.1,49.1,39.8,70.4,0.0,S@7.1,9.9,44.2,0.0,0,"Smith Canyon East, Franklin County",300023,Smith Canyon East,2017-12-07 11:56:14.872990
2014-12-12,07:30,48.9,49.0,40.1,71.3,0.0,S@6.8,9.9,44.2,0.0,0,"Smith Canyon East, Franklin County",300023,Smith Canyon East,2017-12-07 11:56:14.872990
2014-12-12,07:45,48.5,48.5,40.4,73.5,0.13,S@5.9,8.2,44.2,0.0,1,"Smith Canyon East, Franklin County",300023,Smith Canyon East,2017-12-07 11:56:14.872990
2014-12-12,08:00,47.8,47.9,40.9,76.7,0.29,S@6.5,8.9,44.2,0.0,3,"Smith Canyon East, Franklin County",300023,Smith Canyon East,2017-12-07 11:56:14.872990
2014-12-12,08:15,47.3,47.4,41.4,79.8,0.3,S@6.5,8.9,44.2,0.0,6,"Smith Canyon East, Franklin County",300023,Smith Canyon East,2017-12-07 11:56:14.872990
2014-12-12,08:30,47.1,47.2,41.7,81.3,0.04,S@5.6,8.5,44.2,0.0,14,"Smith Canyon East, Franklin County",300023,Smith Canyon East,2017-12-07 11:56:14.872990
2014-12-12,08:45,47.1,47.2,41.9,82.1,0.11,S@5.0,6.4,44.2,0.0,20,"Smith Canyon East, Franklin County",300023,Smith Canyon East,2017-12-07 11:56:14.872990
2014-12-12,09:00,47.3,47.4,42.3,82.8,0.5,S@4.8,6.0,44.2,0.0,24,"Smith Canyon East, Franklin County",300023,Smith Canyon East,2017-12-07 11:56:14.872990
2014-12-12,09:15,47.5,47.5,42.6,83.0,0.5,S@4.2,5.3,44.2,0.0,37,"Smith Canyon East, Franklin County",300023,Smith Canyon East,2017-12-07 11:56:14.872990
2014-12-12,09:30,47.6,47.7,42.9,83.5,0.51,S@3.6,4.6,44.2,0.0,37,"Smith Canyon East, Franklin County",300023,Smith Canyon East,2017-12-07 11:56:14.872990
2014-12-12,09:45,47.7,47.8,43.2,84.1,0.47,SE@4.0,4.9,44.2,0.0,48,"Smith Canyon East, Franklin County",300023,Smith Canyon East,2017-12-07 11:56:14.872990
2014-12-12,10:00,48.0,48.1,43.6,84.4,0.43,SE@3.6,4.9,44.2,0.0,58,"Smith Canyon East, Franklin County",300023,Smith Canyon East,2017-12-07 11:56:14.872990
2014-12-12,10:15,48.3,48.3,43.9,84.7,0.61,SE@3.1,4.2,44.2,0.0,65,"Smith Canyon East, Franklin County",300023,Smith Canyon East,2017-12-07 11:56:14.872990
2014-12-12,10:30,48.5,48.5,44.2,85.0,0.82,SE@3.8,5.3,44.3,0.01,86,"Smith Canyon East, Franklin County",300023,Smith Canyon East,2017-12-07 11:56:14.872990
2014-12-12,10:45,48.7,48.8,44.4,84.9,0.86,SE@3.9,5.3,44.2,0.0,84,"Smith Canyon East, Franklin County",300023,Smith Canyon East,2017-12-07 11:56:14.872990
2014-12-12,11:00,48.9,48.9,44.6,84.9,0.84,SE@3.3,4.9,44.3,0.0,72,"Smith Canyon East, Franklin County",300023,Smith Canyon East,2017-12-07 11:56:14.872990
2014-12-12,11:15,49.0,49.1,44.9,85.4,0.87,SE@3.1,4.2,44.3,0.0,67,"Smith Canyon East, Franklin County",300023,Smith Canyon East,2017-12-07 11:56:14.872990
2014-12-12,11:30,49.2,49.2,45.0,85.5,0.87,SE@2.7,3.9,44.3,0.0,77,"Smith Canyon East, Franklin County",300023,Smith Canyon East,2017-12-07 11:56:14.872990
2014-12-12,11:45,49.1,49.1,45.1,85.9,0.86,SE@3.3,4.6,44.3,0.01,63,"Smith Canyon East, Franklin County",300023,Smith Canyon East,2017-12-07 11:56:14.872990
2014-12-12,12:00,48.9,48.9,45.0,86.3,0.84,SE@3.1,3.9,44.3,0.0,73,"Smith Canyon East, Franklin County",300023,Smith Canyon East,2017-12-07 11:56:14.872990
2014-12-12,12:15,48.9,48.9,45.1,86.5,0.82,SE@3.0,4.2,44.3,0.0,70,"Smith Canyon East, Franklin County",300023,Smith Canyon East,2017-12-07 11:56:14.872990
2014-12-12,12:30,48.8,48.8,45.0,86.8,0.81,SE@2.9,4.2,44.3,0.01,62,"Smith Canyon East, Franklin County",300023,Smith Canyon East,2017-12-07 11:56:14.872990
2014-12-12,12:45,48.6,48.6,45.1,87.5,0.83,SE@3.1,4.2,44.3,0.0,53,"Smith Canyon East, Franklin County",300023,Smith Canyon East,2017-12-07 11:56:14.872990
2014-12-12,13:00,48.4,48.4,45.0,88.2,0.82,SE@4.6,6.7,44.3,0.01,56,"Smith Canyon East, Franklin County",300023,Smith Canyon East,2017-12-07 11:56:14.872990
2014-12-12,13:15,48.3,48.3,45.0,88.3,0.81,SE@5.7,8.2,44.3,0.0,53,"Smith Canyon East, Franklin County",300023,Smith Canyon East,2017-12-07 11:56:14.872990
2014-12-12,13:30,48.1,48.2,44.9,88.5,0.8,SE@4.7,8.2,44.4,0.0,54,"Smith Canyon East, Franklin County",300023,Smith Canyon East,2017-12-07 11:56:14.872990
2014-12-12,13:45,48.2,48.2,45.1,89.0,0.79,S@2.9,4.2,44.4,0.0,47,"Smith Canyon East, Franklin County",300023,Smith Canyon East,2017-12-07 11:56:14.872990
2014-12-12,14:00,48.3,48.3,45.3,89.4,0.8,S@3.1,4.2,44.4,0.0,45,"Smith Canyon East, Franklin County",300023,Smith Canyon East,2017-12-07 11:56:14.872990
2014-12-12,14:15,48.2,48.2,45.3,89.4,0.8,S@3.1,4.6,44.4,0.0,41,"Smith Canyon East, Franklin County",300023,Smith Canyon East,2017-12-07 11:56:14.872990
2014-12-12,14:30,48.1,48.1,45.2,89.6,0.81,S@2.4,3.1,44.5,0.0,36,"Smith Canyon East, Franklin County",300023,Smith Canyon East,2017-12-07 11:56:14.872990
2014-12-12,14:45,47.9,47.9,45.1,90.0,0.83,S@2.8,3.9,44.5,0.01,26,"Smith Canyon East, Franklin County",300023,Smith Canyon East,2017-12-07 11:56:14.872990
2014-12-12,15:00,47.7,47.7,45.1,90.4,0.82,SE@2.8,3.9,44.5,0.0,23,"Smith Canyon East, Franklin County",300023,Smith Canyon East,2017-12-07 11:56:14.872990
2014-12-12,15:15,47.5,47.5,45.0,91.0,0.82,S@2.6,3.1,44.6,0.0,16,"Smith Canyon East, Franklin County",300023,Smith Canyon East,2017-12-07 11:56:14.872990
2014-12-12,15:30,47.3,47.3,44.9,91.2,0.83,S@3.1,3.9,44.6,0.0,10,"Smith Canyon East, Franklin County",300023,Smith Canyon East,2017-12-07 11:56:14.872990
2014-12-12,15:45,47.1,47.1,44.7,91.4,0.84,SE@2.7,3.5,44.6,0.0,6,"Smith Canyon East, Franklin County",300023,Smith Canyon East,2017-12-07 11:56:14.872990
2014-12-12,16:00,47.0,47.0,44.5,91.2,0.86,S@3.6,4.9,44.6,0.0,4,"Smith Canyon East, Franklin County",300023,Smith Canyon East,2017-12-07 11:56:14.872990
2014-12-12,16:15,46.9,47.0,44.3,90.4,0.86,S@4.3,5.7,44.7,0.0,2,"Smith Canyon East, Franklin County",300023,Smith Canyon East,2017-12-07 11:56:14.872990
2014-12-12,16:30,46.4,46.5,43.9,90.7,0.84,SE@4.8,6.7,44.7,0.0,0,"Smith Canyon East, Franklin County",300023,Smith Canyon East,2017-12-07 11:56:14.872990
2014-12-12,16:45,46.0,46.1,43.6,91.2,0.84,SE@4.4,6.4,44.7,0.0,0,"Smith Canyon East, Franklin County",300023,Smith Canyon East,2017-12-07 11:56:14.872990
2014-12-12,17:00,45.8,45.9,43.3,90.9,0.83,SE@4.3,5.3,44.8,0.0,0,"Smith Canyon East, Franklin County",300023,Smith Canyon East,2017-12-07 11:56:14.872990
2014-12-12,17:15,45.5,45.6,43.0,90.7,0.83,SE@4.3,5.3,44.8,0.0,0,"Smith Canyon East, Franklin County",300023,Smith Canyon East,2017-12-07 11:56:14.872990
2014-12-12,17:30,45.4,45.6,42.9,90.7,0.83,SE@4.0,5.7,44.8,0.0,0,"Smith Canyon East, Franklin County",300023,Smith Canyon East,2017-12-07 11:56:14.872990
2014-12-12,17:45,45.5,45.6,42.9,90.5,0.83,SE@4.1,5.3,44.8,0.0,0,"Smith Canyon East, Franklin County",300023,Smith Canyon East,2017-12-07 11:56:14.872990
2014-12-12,18:00,45.2,45.2,42.6,90.7,0.83,SE@4.2,5.3,44.9,0.0,0,"Smith Canyon East, Franklin County",300023,Smith Canyon East,2017-12-07 11:56:14.872990
2014-12-12,18:15,45.3,45.5,42.7,90.2,0.82,SE@4.4,5.7,44.9,0.0,0,"Smith Canyon East, Franklin County",300023,Smith Canyon East,2017-12-07 11:56:14.872990
2014-12-12,18:30,45.9,46.1,42.4,87.5,0.8,S@5.6,7.1,44.9,0.0,0,"Smith Canyon East, Franklin County",300023,Smith Canyon East,2017-12-07 11:56:14.872990
2014-12-12,18:45,45.8,45.8,41.9,86.3,0.76,S@4.2,6.0,44.9,0.0,0,"Smith Canyon East, Franklin County",300023,Smith Canyon East,2017-12-07 11:56:14.872990
2014-12-12,19:00,45.3,45.3,41.8,87.4,0.73,S@4.7,6.4,45.0,0.0,0,"Smith Canyon East, Franklin County",300023,Smith Canyon East,2017-12-07 11:56:14.872990
2014-12-12,19:15,44.7,44.8,41.7,89.0,0.73,SE@4.7,6.7,45.0,0.0,0,"Smith Canyon East, Franklin County",300023,Smith Canyon East,2017-12-07 11:56:14.872990
2014-12-12,19:30,44.4,44.4,41.5,89.6,0.73,SE@4.1,4.9,45.0,0.0,0,"Smith Canyon East, Franklin County",300023,Smith Canyon East,2017-12-07 11:56:14.872990
2014-12-12,19:45,44.2,44.3,41.4,89.7,0.73,SE@4.5,5.7,45.0,0.0,0,"Smith Canyon East, Franklin County",300023,Smith Canyon East,2017-12-07 11:56:14.872990
2014-12-12,20:00,44.5,44.5,41.4,89.0,0.73,SE@4.3,5.3,45.0,0.0,0,"Smith Canyon East, Franklin County",300023,Smith Canyon East,2017-12-07 11:56:14.872990
2014-12-12,20:15,44.0,44.1,41.0,88.9,0.72,SE@3.6,4.9,45.0,0.0,0,"Smith Canyon East, Franklin County",300023,Smith Canyon East,2017-12-07 11:56:14.872990
2014-12-12,20:30,44.2,44.3,41.2,88.8,0.69,SE@4.1,5.7,45.0,0.0,0,"Smith Canyon East, Franklin County",300023,Smith Canyon East,2017-12-07 11:56:14.872990
2014-12-12,20:45,43.9,44.0,40.9,88.9,0.67,SE@4.0,5.3,45.0,0.0,0,"Smith Canyon East, Franklin County",300023,Smith Canyon East,2017-12-07 11:56:14.872990
2014-12-12,21:00,43.9,44.0,40.8,88.6,0.66,SE@4.5,6.0,45.0,0.0,0,"Smith Canyon East, Franklin County",300023,Smith Canyon East,2017-12-07 11:56:14.872990
2014-12-12,21:15,43.3,43.4,40.2,88.7,0.66,SE@4.3,6.0,45.0,0.0,0,"Smith Canyon East, Franklin County",300023,Smith Canyon East,2017-12-07 11:56:14.872990
2014-12-12,21:30,43.1,43.1,40.0,88.8,0.67,SE@3.9,5.7,45.0,0.0,0,"Smith Canyon East, Franklin County",300023,Smith Canyon East,2017-12-07 11:56:14.872990
2014-12-12,21:45,42.1,42.2,39.2,89.1,0.7,SE@4.0,4.9,45.0,0.0,0,"Smith Canyon East, Franklin County",300023,Smith Canyon East,2017-12-07 11:56:14.872990
2014-12-12,22:00,41.5,41.5,38.6,89.4,0.74,SE@4.1,6.0,45.0,0.0,0,"Smith Canyon East, Franklin County",300023,Smith Canyon East,2017-12-07 11:56:14.872990
2014-12-12,22:15,40.9,40.9,38.1,89.8,0.78,SE@3.8,5.3,45.0,0.0,0,"Smith Canyon East, Franklin County",300023,Smith Canyon East,2017-12-07 11:56:14.872990
2014-12-12,22:30,40.9,41.1,38.3,90.1,0.8,SE@4.3,5.7,45.0,0.0,0,"Smith Canyon East, Franklin County",300023,Smith Canyon East,2017-12-07 11:56:14.872990
2014-12-12,22:45,40.4,40.5,37.8,90.1,0.82,SE@4.5,7.1,45.0,0.0,0,"Smith Canyon East, Franklin County",300023,Smith Canyon East,2017-12-07 11:56:14.872990
2014-12-12,23:00,40.4,40.5,37.7,90.1,0.83,SE@5.0,6.4,45.0,0.0,0,"Smith Canyon East, Franklin County",300023,Smith Canyon East,2017-12-07 11:56:14.872990
2014-12-12,23:15,39.5,39.5,36.8,89.9,0.83,SE@4.4,5.7,45.0,0.0,0,"Smith Canyon East, Franklin County",300023,Smith Canyon East,2017-12-07 11:56:14.872990
2014-12-12,23:30,38.9,39.0,36.2,89.6,0.84,SE@4.8,7.4,45.0,0.0,0,"Smith Canyon East, Franklin County",300023,Smith Canyon East,2017-12-07 11:56:14.872990
2014-12-12,23:45,39.4,39.6,36.4,89.1,0.84,SE@5.2,6.7,44.9,0.0,0,"Smith Canyon East, Franklin County",300023,Smith Canyon East,2017-12-07 11:56:14.872990
2014-12-12,24:00,38.7,38.7,35.5,88.2,0.84,SE@5.2,6.4,44.9,0.0,0,"Smith Canyon East, Franklin County",300023,Smith Canyon East,2017-12-07 11:56:14.872990
2014-12-13,00:15,37.6,37.7,34.6,88.7,0.84,SE@5.0,6.0,44.9,0.0,0,"Smith Canyon East, Franklin County",300023,Smith Canyon East,2017-12-07 11:56:14.872990
2014-12-13,00:30,37.8,38.0,34.8,88.7,0.85,SE@5.5,7.1,44.9,0.0,0,"Smith Canyon East, Franklin County",300023,Smith Canyon East,2017-12-07 11:56:14.872990
2014-12-13,00:45,37.5,37.6,34.4,88.4,0.85,SE@5.4,7.4,44.9,0.0,0,"Smith Canyon East, Franklin County",300023,Smith Canyon East,2017-12-07 11:56:14.872990
2014-12-13,01:00,37.4,37.6,34.4,88.6,0.86,SE@5.8,7.4,44.8,0.0,0,"Smith Canyon East, Franklin County",300023,Smith Canyon East,2017-12-07 11:56:14.872990
2014-12-13,01:15,36.8,36.8,33.8,88.6,0.86,SE@5.2,6.7,44.8,0.0,0,"Smith Canyon East, Franklin County",300023,Smith Canyon East,2017-12-07 11:56:14.872990
2014-12-13,01:30,36.5,36.7,33.6,89.3,0.86,SE@4.8,6.4,44.8,0.0,0,"Smith Canyon East, Franklin County",300023,Smith Canyon East,2017-12-07 11:56:14.872990
2014-12-13,01:45,36.9,37.1,34.0,89.0,0.87,SE@5.5,7.4,44.7,0.0,0,"Smith Canyon East, Franklin County",300023,Smith Canyon East,2017-12-07 11:56:14.872990
2014-12-13,02:00,36.8,36.9,33.8,88.7,0.87,SE@5.1,6.7,44.7,0.0,0,"Smith Canyon East, Franklin County",300023,Smith Canyon East,2017-12-07 11:56:14.872990
2014-12-13,02:15,36.5,36.7,33.6,88.9,0.87,SE@6.1,8.5,44.7,0.0,0,"Smith Canyon East, Franklin County",300023,Smith Canyon East,2017-12-07 11:56:14.872990
2014-12-13,02:30,36.1,36.2,33.2,89.1,0.88,SE@5.1,7.1,44.6,0.0,0,"Smith Canyon East, Franklin County",300023,Smith Canyon East,2017-12-07 11:56:14.872990
2014-12-13,02:45,36.2,36.3,33.3,88.9,0.88,SE@5.5,7.4,44.6,0.0,0,"Smith Canyon East, Franklin County",300023,Smith Canyon East,2017-12-07 11:56:14.872990
2014-12-13,03:00,35.7,35.8,32.8,89.2,0.88,SE@5.3,6.4,44.5,0.0,0,"Smith Canyon East, Franklin County",300023,Smith Canyon East,2017-12-07 11:56:14.872990
2014-12-13,03:15,36.0,36.1,32.9,88.7,0.88,SE@5.4,7.4,44.5,0.0,0,"Smith Canyon East, Franklin County",300023,Smith Canyon East,2017-12-07 11:56:14.872990
2014-12-13,03:30,36.3,36.4,33.0,88.0,0.89,SE@5.9,7.4,44.4,0.0,0,"Smith Canyon East, Franklin County",300023,Smith Canyon East,2017-12-07 11:56:14.872990
2014-12-13,03:45,36.4,36.5,33.0,87.6,0.89,SE@5.9,7.4,44.3,0.0,0,"Smith Canyon East, Franklin County",300023,Smith Canyon East,2017-12-07 11:56:14.872990
2014-12-13,04:00,36.5,36.6,33.0,87.1,0.89,SE@6.0,7.4,44.3,0.0,0,"Smith Canyon East, Franklin County",300023,Smith Canyon East,2017-12-07 11:56:14.872990
2014-12-13,04:15,36.4,36.6,33.0,87.1,0.89,SE@6.2,7.8,44.2,0.0,0,"Smith Canyon East, Franklin County",300023,Smith Canyon East,2017-12-07 11:56:14.872990
2014-12-13,04:30,36.0,36.1,32.5,87.0,0.89,SE@5.9,7.8,44.2,0.0,0,"Smith Canyon East, Franklin County",300023,Smith Canyon East,2017-12-07 11:56:14.872990
2014-12-13,04:45,35.6,35.7,32.2,87.2,0.89,SE@5.2,7.1,44.1,0.0,0,"Smith Canyon East, Franklin County",300023,Smith Canyon East,2017-12-07 11:56:14.872990
2014-12-13,05:00,35.4,35.5,31.9,87.1,0.9,SE@5.2,6.7,44.0,0.0,0,"Smith Canyon East, Franklin County",300023,Smith Canyon East,2017-12-07 11:56:14.872990
2014-12-13,05:15,35.4,35.6,32.0,87.2,0.9,SE@4.9,6.4,44.0,0.0,0,"Smith Canyon East, Franklin County",300023,Smith Canyon East,2017-12-07 11:56:14.872990
2014-12-13,05:30,36.0,36.2,32.5,86.8,0.9,SE@4.9,6.4,43.9,0.0,0,"Smith Canyon East, Franklin County",300023,Smith Canyon East,2017-12-07 11:56:14.872990
2014-12-13,05:45,36.3,36.4,32.6,86.4,0.9,SE@4.1,6.0,43.8,0.0,0,"Smith Canyon East, Franklin County",300023,Smith Canyon East,2017-12-07 11:56:14.872990
2014-12-13,06:00,36.9,37.0,32.9,85.3,0.9,SE@3.9,5.3,43.7,0.0,0,"Smith Canyon East, Franklin County",300023,Smith Canyon East,2017-12-07 11:56:14.872990
2014-12-13,06:15,36.1,36.1,32.2,85.5,0.9,SE@4.2,5.3,43.7,0.0,0,"Smith Canyon East, Franklin County",300023,Smith Canyon East,2017-12-07 11:56:14.872990
2014-12-13,06:30,36.0,36.1,32.3,86.3,0.9,SE@4.9,6.4,43.6,0.0,0,"Smith Canyon East, Franklin County",300023,Smith Canyon East,2017-12-07 11:56:14.872990
2014-12-13,06:45,36.2,36.4,32.5,86.2,0.9,SE@4.7,6.7,43.5,0.0,0,"Smith Canyon East, Franklin County",300023,Smith Canyon East,2017-12-07 11:56:14.872990
2014-12-13,07:00,35.8,35.8,32.1,86.2,0.89,SE@3.5,5.3,43.5,0.0,0,"Smith Canyon East, Franklin County",300023,Smith Canyon East,2017-12-07 11:56:14.872990
2014-12-13,07:15,35.7,35.8,32.2,86.8,0.89,E@4.9,6.0,43.4,0.0,0,"Smith Canyon East, Franklin County",300023,Smith Canyon East,2017-12-07 11:56:14.872990
2014-12-13,07:30,35.9,36.0,32.4,86.9,0.89,E@4.8,6.0,43.3,0.0,2,"Smith Canyon East, Franklin County",300023,Smith Canyon East,2017-12-07 11:56:14.872990
2014-12-13,07:45,35.7,35.7,32.1,86.6,0.88,E@5.2,6.0,43.3,0.0,11,"Smith Canyon East, Franklin County",300023,Smith Canyon East,2017-12-07 11:56:14.872990
2014-12-13,08:00,36.5,36.8,32.8,86.0,0.88,SE@5.0,6.7,43.2,0.0,38,"Smith Canyon East, Franklin County",300023,Smith Canyon East,2017-12-07 11:56:14.872990
2014-12-13,08:15,36.2,36.2,32.3,85.9,0.87,SE@4.9,6.0,43.1,0.0,25,"Smith Canyon East, Franklin County",300023,Smith Canyon East,2017-12-07 11:56:14.872990
2014-12-13,08:30,37.6,37.9,33.6,85.1,0.85,SE@5.8,7.4,43.1,0.0,119,"Smith Canyon East, Franklin County",300023,Smith Canyon East,2017-12-07 11:56:14.872990
2014-12-13,08:45,38.9,39.0,34.4,83.9,0.81,SE@5.6,7.1,43.0,0.0,143,"Smith Canyon East, Franklin County",300023,Smith Canyon East,2017-12-07 11:56:14.872990
2014-12-13,09:00,40.2,40.4,35.6,83.5,0.7,SE@5.0,6.7,42.9,0.0,169,"Smith Canyon East, Franklin County",300023,Smith Canyon East,2017-12-07 11:56:14.872990
2014-12-13,09:15,41.7,41.9,36.9,82.8,0.44,SE@4.3,6.4,42.8,0.0,191,"Smith Canyon East, Franklin County",300023,Smith Canyon East,2017-12-07 11:56:14.872990
2014-12-13,09:30,43.3,43.4,37.9,81.1,0.09,SE@4.0,5.7,42.8,0.0,210,"Smith Canyon East, Franklin County",300023,Smith Canyon East,2017-12-07 11:56:14.872990
2014-12-13,09:45,44.5,44.6,38.2,78.4,0.0,SE@4.1,5.7,42.7,0.0,237,"Smith Canyon East, Franklin County",300023,Smith Canyon East,2017-12-07 11:56:14.872990
2014-12-13,10:00,45.8,45.9,38.3,74.9,0.0,SE@3.8,5.3,42.7,0.0,259,"Smith Canyon East, Franklin County",300023,Smith Canyon East,2017-12-07 11:56:14.872990
2014-12-13,10:15,46.6,46.6,37.8,71.1,0.0,SE@4.2,6.0,42.6,0.0,278,"Smith Canyon East, Franklin County",300023,Smith Canyon East,2017-12-07 11:56:14.872990
2014-12-13,10:30,47.2,47.3,38.0,70.2,0.0,S@3.9,6.7,42.5,0.0,296,"Smith Canyon East, Franklin County",300023,Smith Canyon East,2017-12-07 11:56:14.872990
2014-12-13,10:45,47.6,47.6,37.3,67.2,0.0,S@4.5,6.0,42.5,0.0,312,"Smith Canyon East, Franklin County",300023,Smith Canyon East,2017-12-07 11:56:14.872990
2014-12-13,11:00,48.2,48.2,36.7,64.2,0.0,S@4.7,7.1,42.4,0.0,324,"Smith Canyon East, Franklin County",300023,Smith Canyon East,2017-12-07 11:56:14.872990
2014-12-13,11:15,48.7,48.7,35.9,60.9,0.0,SW@4.8,6.7,42.4,0.0,334,"Smith Canyon East, Franklin County",300023,Smith Canyon East,2017-12-07 11:56:14.872990
2014-12-13,11:30,49.0,48.9,35.0,58.3,0.0,SW@4.3,7.1,42.3,0.0,341,"Smith Canyon East, Franklin County",300023,Smith Canyon East,2017-12-07 11:56:14.872990
2014-12-13,11:45,49.3,49.3,35.3,58.4,0.0,SW@4.2,6.4,42.3,0.0,344,"Smith Canyon East, Franklin County",300023,Smith Canyon East,2017-12-07 11:56:14.872990
2014-12-13,12:00,49.8,49.8,35.2,56.9,0.0,SW@5.1,7.8,42.3,0.0,344,"Smith Canyon East, Franklin County",300023,Smith Canyon East,2017-12-07 11:56:14.872990
2014-12-13,12:15,50.4,50.4,35.2,55.7,0.0,SW@4.7,6.7,42.3,0.0,342,"Smith Canyon East, Franklin County",300023,Smith Canyon East,2017-12-07 11:56:14.872990
2014-12-13,12:30,51.0,50.9,34.6,53.4,0.0,SW@4.4,6.7,42.3,0.0,336,"Smith Canyon East, Franklin County",300023,Smith Canyon East,2017-12-07 11:56:14.872990
2014-12-13,12:45,51.5,51.6,34.2,51.4,0.0,SW@4.2,6.4,42.3,0.0,326,"Smith Canyon East, Franklin County",300023,Smith Canyon East,2017-12-07 11:56:14.872990
2014-12-13,13:00,51.7,51.6,34.0,50.7,0.0,SW@4.1,6.7,42.3,0.0,314,"Smith Canyon East, Franklin County",300023,Smith Canyon East,2017-12-07 11:56:14.872990
2014-12-13,13:15,52.1,52.2,34.3,50.5,0.0,S@2.6,4.6,42.3,0.0,300,"Smith Canyon East, Franklin County",300023,Smith Canyon East,2017-12-07 11:56:14.872990
2014-12-13,13:30,52.6,52.5,34.6,50.1,0.0,SE@2.1,4.6,42.4,0.0,283,"Smith Canyon East, Franklin County",300023,Smith Canyon East,2017-12-07 11:56:14.872990
2014-12-13,13:45,52.7,52.7,34.6,50.0,0.0,SW@3.4,7.1,42.4,0.0,264,"Smith Canyon East, Franklin County",300023,Smith Canyon East,2017-12-07 11:56:14.872990
2014-12-13,14:00,52.5,52.4,34.3,49.9,0.0,SW@4.7,8.2,42.5,0.0,243,"Smith Canyon East, Franklin County",300023,Smith Canyon East,2017-12-07 11:56:14.872990
2014-12-13,14:15,52.5,52.4,35.8,52.7,0.0,S@4.4,6.4,42.5,0.0,219,"Smith Canyon East, Franklin County",300023,Smith Canyon East,2017-12-07 11:56:14.872990
2014-12-13,14:30,52.4,52.4,35.9,53.2,0.0,S@3.5,4.9,42.6,0.0,193,"Smith Canyon East, Franklin County",300023,Smith Canyon East,2017-12-07 11:56:14.872990
2014-12-13,14:45,52.0,51.9,37.3,57.0,0.0,SE@4.3,7.1,42.7,0.0,166,"Smith Canyon East, Franklin County",300023,Smith Canyon East,2017-12-07 11:56:14.872990
2014-12-13,15:00,51.3,51.2,38.4,61.2,0.0,SE@5.1,7.1,42.8,0.0,139,"Smith Canyon East, Franklin County",300023,Smith Canyon East,2017-12-07 11:56:14.872990
2014-12-13,15:15,50.6,50.5,38.6,63.1,0.0,SE@5.0,6.7,42.9,0.0,112,"Smith Canyon East, Franklin County",300023,Smith Canyon East,2017-12-07 11:56:14.872990
2014-12-13,15:30,49.4,49.3,38.5,65.9,0.0,SE@4.9,6.7,43.0,0.0,84,"Smith Canyon East, Franklin County",300023,Smith Canyon East,2017-12-07 11:56:14.872990
2014-12-13,15:45,47.9,47.8,38.1,68.6,0.0,SE@4.7,6.0,43.1,0.0,58,"Smith Canyon East, Franklin County",300023,Smith Canyon East,2017-12-07 11:56:14.872990
2014-12-13,16:00,46.1,46.0,37.8,72.7,0.0,SE@4.8,5.7,43.2,0.0,32,"Smith Canyon East, Franklin County",300023,Smith Canyon East,2017-12-07 11:56:14.872990
2014-12-13,16:15,44.1,44.1,37.1,76.0,0.0,SE@4.8,6.0,43.3,0.0,9,"Smith Canyon East, Franklin County",300023,Smith Canyon East,2017-12-07 11:56:14.872990
2014-12-13,16:30,42.8,42.8,36.9,79.4,0.0,SE@4.6,5.7,43.4,0.0,2,"Smith Canyon East, Franklin County",300023,Smith Canyon East,2017-12-07 11:56:14.872990
2014-12-13,16:45,42.2,42.0,36.4,80.0,0.0,E@4.3,5.7,43.5,0.0,0,"Smith Canyon East, Franklin County",300023,Smith Canyon East,2017-12-07 11:56:14.872990
2014-12-13,17:00,40.6,40.6,35.3,81.1,0.0,E@5.1,5.7,43.6,0.0,0,"Smith Canyon East, Franklin County",300023,Smith Canyon East,2017-12-07 11:56:14.872990
2014-12-13,17:15,40.3,40.5,35.1,81.3,0.0,SE@4.6,5.7,43.6,0.0,0,"Smith Canyon East, Franklin County",300023,Smith Canyon East,2017-12-07 11:56:14.872990
2014-12-13,17:30,40.7,40.8,35.1,80.3,0.0,SE@4.4,5.3,43.7,0.0,0,"Smith Canyon East, Franklin County",300023,Smith Canyon East,2017-12-07 11:56:14.872990
2014-12-13,17:45,40.2,40.2,34.8,80.7,0.0,SE@4.6,5.3,43.8,0.0,0,"Smith Canyon East, Franklin County",300023,Smith Canyon East,2017-12-07 11:56:14.872990
2014-12-13,18:00,40.1,40.1,34.7,80.7,0.0,E@4.7,5.3,43.9,0.0,0,"Smith Canyon East, Franklin County",300023,Smith Canyon East,2017-12-07 11:56:14.872990
2014-12-13,18:15,39.4,39.3,34.3,81.8,0.0,E@5.4,6.0,43.9,0.0,0,"Smith Canyon East, Franklin County",300023,Smith Canyon East,2017-12-07 11:56:14.872990
2014-12-13,18:30,38.3,38.2,33.5,82.8,0.0,E@5.7,6.4,44.0,0.0,0,"Smith Canyon East, Franklin County",300023,Smith Canyon East,2017-12-07 11:56:14.872990
2014-12-13,18:45,37.7,37.7,33.2,83.4,0.0,E@5.4,6.0,44.0,0.0,0,"Smith Canyon East, Franklin County",300023,Smith Canyon East,2017-12-07 11:56:14.872990
2014-12-13,19:00,36.8,36.9,32.6,84.6,0.0,E@5.2,6.4,44.1,0.0,0,"Smith Canyon East, Franklin County",300023,Smith Canyon East,2017-12-07 11:56:14.872990
2014-12-13,19:15,37.0,37.1,32.9,85.0,0.0,E@4.5,4.9,44.1,0.0,0,"Smith Canyon East, Franklin County",300023,Smith Canyon East,2017-12-07 11:56:14.872990
2014-12-13,19:30,36.2,36.1,32.2,85.3,0.06,NE@1.8,4.2,44.1,0.0,0,"Smith Canyon East, Franklin County",300023,Smith Canyon East,2017-12-07 11:56:14.872990
2014-12-13,19:45,35.3,35.3,31.4,85.6,0.21,N@2.4,3.5,44.1,0.0,0,"Smith Canyon East, Franklin County",300023,Smith Canyon East,2017-12-07 11:56:14.872990
2014-12-13,20:00,35.7,35.8,31.9,86.1,0.35,SE@4.5,6.7,44.1,0.0,0,"Smith Canyon East, Franklin County",300023,Smith Canyon East,2017-12-07 11:56:14.872990
2014-12-13,20:15,35.6,35.8,31.8,86.1,0.38,E@5.2,7.4,44.1,0.0,0,"Smith Canyon East, Franklin County",300023,Smith Canyon East,2017-12-07 11:56:14.872990
2014-12-13,20:30,36.3,36.4,32.3,85.3,0.32,E@5.1,6.0,44.1,0.0,0,"Smith Canyon East, Franklin County",300023,Smith Canyon East,2017-12-07 11:56:14.872990
2014-12-13,20:45,35.5,35.6,31.6,85.6,0.31,E@5.4,6.4,44.1,0.0,0,"Smith Canyon East, Franklin County",300023,Smith Canyon East,2017-12-07 11:56:14.872990
2014-12-13,21:00,36.0,36.2,32.0,85.2,0.27,E@5.5,6.7,44.1,0.0,0,"Smith Canyon East, Franklin County",300023,Smith Canyon East,2017-12-07 11:56:14.872990
2014-12-13,21:15,35.3,35.4,31.3,85.2,0.23,E@5.7,7.1,44.1,0.0,0,"Smith Canyon East, Franklin County",300023,Smith Canyon East,2017-12-07 11:56:14.872990
2014-12-13,21:30,35.3,35.5,31.4,85.4,0.19,E@6.3,7.4,44.0,0.0,0,"Smith Canyon East, Franklin County",300023,Smith Canyon East,2017-12-07 11:56:14.872990
2014-12-13,21:45,35.4,35.6,31.5,85.3,0.15,E@6.7,8.2,44.0,0.0,0,"Smith Canyon East, Franklin County",300023,Smith Canyon East,2017-12-07 11:56:14.872990
2014-12-13,22:00,35.1,35.3,31.3,85.8,0.12,E@6.5,8.2,43.9,0.0,0,"Smith Canyon East, Franklin County",300023,Smith Canyon East,2017-12-07 11:56:14.872990
2014-12-13,22:15,36.3,36.5,32.3,85.4,0.11,SE@5.5,7.4,43.9,0.0,0,"Smith Canyon East, Franklin County",300023,Smith Canyon East,2017-12-07 11:56:14.872990
2014-12-13,22:30,35.6,35.5,31.5,84.7,0.13,E@2.5,4.2,43.9,0.0,0,"Smith Canyon East, Franklin County",300023,Smith Canyon East,2017-12-07 11:56:14.872990
2014-12-13,22:45,35.6,35.7,31.5,84.9,0.21,NE@2.7,4.2,43.8,0.0,0,"Smith Canyon East, Franklin County",300023,Smith Canyon East,2017-12-07 11:56:14.872990
2014-12-13,23:00,33.8,33.6,29.7,84.9,0.28,N@3.9,4.9,43.8,0.0,0,"Smith Canyon East, Franklin County",300023,Smith Canyon East,2017-12-07 11:56:14.872990
2014-12-13,23:15,33.0,33.0,29.3,86.1,0.39,N@3.9,4.9,43.7,0.0,0,"Smith Canyon East, Franklin County",300023,Smith Canyon East,2017-12-07 11:56:14.872990
2014-12-13,23:30,30.7,30.7,26.9,86.5,0.48,N@4.3,5.3,43.6,0.0,0,"Smith Canyon East, Franklin County",300023,Smith Canyon East,2017-12-07 11:56:14.872990
2014-12-13,23:45,31.8,32.1,28.5,87.9,0.57,NE@4.9,6.4,43.6,0.0,0,"Smith Canyon East, Franklin County",300023,Smith Canyon East,2017-12-07 11:56:14.872990
2014-12-13,24:00,32.7,32.9,29.5,87.8,0.62,NE@3.9,5.3,43.5,0.0,0,"Smith Canyon East, Franklin County",300023,Smith Canyon East,2017-12-07 11:56:14.872990
2014-12-14,00:15,33.2,33.1,29.7,87.0,0.66,NE@2.7,3.9,43.5,0.0,0,"Smith Canyon East, Franklin County",300023,Smith Canyon East,2017-12-07 11:56:14.872990
2014-12-14,00:30,32.6,32.5,29.2,87.0,0.72,NW@1.0,3.9,43.4,0.0,0,"Smith Canyon East, Franklin County",300023,Smith Canyon East,2017-12-07 11:56:14.872990
2014-12-14,00:45,30.4,30.4,26.7,87.0,0.75,N@3.6,4.6,43.3,0.0,0,"Smith Canyon East, Franklin County",300023,Smith Canyon East,2017-12-07 11:56:14.872990
2014-12-14,01:00,30.9,31.1,27.5,88.3,0.78,NE@3.3,4.9,43.3,0.0,0,"Smith Canyon East, Franklin County",300023,Smith Canyon East,2017-12-07 11:56:14.872990
2014-12-14,01:15,30.9,31.0,27.5,87.9,0.8,N@4.6,5.7,43.2,0.0,0,"Smith Canyon East, Franklin County",300023,Smith Canyon East,2017-12-07 11:56:14.872990
2014-12-14,01:30,29.8,29.9,26.2,87.7,0.81,N@3.8,4.6,43.1,0.0,0,"Smith Canyon East, Franklin County",300023,Smith Canyon East,2017-12-07 11:56:14.872990
2014-12-14,01:45,30.1,30.3,26.7,88.2,0.64,NE@4.6,6.0,43.1,0.0,0,"Smith Canyon East, Franklin County",300023,Smith Canyon East,2017-12-07 11:56:14.872990
2014-12-14,02:00,29.7,29.8,26.1,87.8,0.12,N@4.0,5.3,43.0,0.0,0,"Smith Canyon East, Franklin County",300023,Smith Canyon East,2017-12-07 11:56:14.872990
2014-12-14,02:15,28.5,28.6,24.7,87.6,0.09,N@3.8,4.6,42.9,0.0,0,"Smith Canyon East, Franklin County",300023,Smith Canyon East,2017-12-07 11:56:14.872990
2014-12-14,02:30,28.5,28.7,24.7,87.8,0.09,NE@3.7,4.9,42.8,0.0,0,"Smith Canyon East, Franklin County",300023,Smith Canyon East,2017-12-07 11:56:14.872990
2014-12-14,02:45,29.5,29.8,26.0,88.3,0.12,NE@3.8,4.9,42.8,0.0,0,"Smith Canyon East, Franklin County",300023,Smith Canyon East,2017-12-07 11:56:14.872990
2014-12-14,03:00,29.3,29.4,25.7,87.7,0.09,N@3.1,4.2,42.7,0.0,0,"Smith Canyon East, Franklin County",300023,Smith Canyon East,2017-12-07 11:56:14.872990
2014-12-14,03:15,28.6,28.5,24.8,87.6,0.07,NW@1.2,3.1,42.6,0.0,0,"Smith Canyon East, Franklin County",300023,Smith Canyon East,2017-12-07 11:56:14.872990
2014-12-14,03:30,28.3,28.2,24.5,87.6,0.06,W@0.5,2.8,42.6,0.0,0,"Smith Canyon East, Franklin County",300023,Smith Canyon East,2017-12-07 11:56:14.872990
2014-12-14,03:45,27.1,26.9,23.0,87.3,0.01,N@0.0,0.0,42.5,0.0,0,"Smith Canyon East, Franklin County",300023,Smith Canyon East,2017-12-07 11:56:14.872990
2014-12-14,04:00,27.4,27.4,23.5,88.0,0.01,N@0.0,0.0,42.4,0.0,0,"Smith Canyon East, Franklin County",300023,Smith Canyon East,2017-12-07 11:56:14.872990
2014-12-14,04:15,28.0,28.1,24.4,88.5,0.01,N@0.0,0.0,42.4,0.0,0,"Smith Canyon East, Franklin County",300023,Smith Canyon East,2017-12-07 11:56:14.872990
2014-12-14,04:30,27.9,27.8,24.2,88.2,0.05,NW@1.8,4.2,42.3,0.0,0,"Smith Canyon East, Franklin County",300023,Smith Canyon East,2017-12-07 11:56:14.872990
2014-12-14,04:45,26.9,26.9,23.0,88.0,0.04,N@3.4,4.2,42.2,0.0,0,"Smith Canyon East, Franklin County",300023,Smith Canyon East,2017-12-07 11:56:14.872990
2014-12-14,05:00,26.9,27.1,23.1,88.2,0.06,N@4.6,6.0,42.1,0.0,0,"Smith Canyon East, Franklin County",300023,Smith Canyon East,2017-12-07 11:56:14.872990
2014-12-14,05:15,27.0,27.2,23.2,88.0,0.06,N@6.2,9.2,42.1,0.0,0,"Smith Canyon East, Franklin County",300023,Smith Canyon East,2017-12-07 11:56:14.872990
2014-12-14,05:30,27.3,27.5,23.5,88.2,0.08,N@6.8,9.2,42.0,0.0,0,"Smith Canyon East, Franklin County",300023,Smith Canyon East,2017-12-07 11:56:14.872990
2014-12-14,05:45,28.1,28.4,24.8,89.7,0.12,N@6.7,8.9,42.0,0.0,0,"Smith Canyon East, Franklin County",300023,Smith Canyon East,2017-12-07 11:56:14.872990
2014-12-14,06:00,29.0,29.3,26.1,90.6,0.16,N@7.4,9.2,41.9,0.0,0,"Smith Canyon East, Franklin County",300023,Smith Canyon East,2017-12-07 11:56:14.872990
2014-12-14,06:15,29.3,29.5,26.5,90.7,0.18,N@8.4,11.4,41.8,0.0,0,"Smith Canyon East, Franklin County",300023,Smith Canyon East,2017-12-07 11:56:14.872990
2014-12-14,06:30,29.1,29.3,26.2,90.7,0.16,N@8.4,11.0,41.8,0.0,0,"Smith Canyon East, Franklin County",300023,Smith Canyon East,2017-12-07 11:56:14.872990
2014-12-14,06:45,28.9,29.1,25.9,90.7,0.15,N@7.1,9.2,41.7,0.0,0,"Smith Canyon East, Franklin County",300023,Smith Canyon East,2017-12-07 11:56:14.872990
2014-12-14,07:00,28.7,28.9,25.8,90.7,0.14,N@5.5,7.8,41.6,0.0,0,"Smith Canyon East, Franklin County",300023,Smith Canyon East,2017-12-07 11:56:14.872990
2014-12-14,07:15,28.6,28.8,25.7,90.7,0.14,N@4.8,6.0,41.6,0.0,0,"Smith Canyon East, Franklin County",300023,Smith Canyon East,2017-12-07 11:56:14.872990
2014-12-14,07:30,28.7,28.9,25.8,90.8,0.14,N@4.6,5.7,41.5,0.0,1,"Smith Canyon East, Franklin County",300023,Smith Canyon East,2017-12-07 11:56:14.872990
2014-12-14,07:45,28.8,29.0,25.9,90.8,0.15,N@4.3,5.3,41.4,0.0,2,"Smith Canyon East, Franklin County",300023,Smith Canyon East,2017-12-07 11:56:14.872990
2014-12-14,08:00,28.8,28.9,25.8,90.8,0.15,NE@4.6,6.4,41.4,0.0,6,"Smith Canyon East, Franklin County",300023,Smith Canyon East,2017-12-07 11:56:14.872990
2014-12-14,08:15,29.0,29.2,26.1,90.8,0.17,N@5.1,6.4,41.3,0.0,14,"Smith Canyon East, Franklin County",300023,Smith Canyon East,2017-12-07 11:56:14.872990
2014-12-14,08:30,29.1,29.2,26.2,90.8,0.17,N@5.4,6.7,41.3,0.0,21,"Smith Canyon East, Franklin County",300023,Smith Canyon East,2017-12-07 11:56:14.872990
2014-12-14,08:45,29.2,29.4,26.4,90.8,0.19,NW@4.0,4.9,41.2,0.0,24,"Smith Canyon East, Franklin County",300023,Smith Canyon East,2017-12-07 11:56:14.872990
2014-12-14,09:00,29.2,29.4,26.3,90.7,0.2,N@2.9,4.2,41.1,0.0,31,"Smith Canyon East, Franklin County",300023,Smith Canyon East,2017-12-07 11:56:14.872990
2014-12-14,09:15,29.4,29.6,26.6,90.8,0.23,N@2.7,3.9,41.1,0.0,39,"Smith Canyon East, Franklin County",300023,Smith Canyon East,2017-12-07 11:56:14.872990
2014-12-14,09:30,29.8,29.8,27.0,90.8,0.3,NW@0.7,2.4,41.0,0.0,38,"Smith Canyon East, Franklin County",300023,Smith Canyon East,2017-12-07 11:56:14.872990
2014-12-14,09:45,30.1,30.1,27.3,90.8,0.39,NW@0.5,2.4,41.0,0.0,45,"Smith Canyon East, Franklin County",300023,Smith Canyon East,2017-12-07 11:56:14.872990
2014-12-14,10:00,31.0,31.1,28.4,91.1,0.63,N@2.2,3.5,40.9,0.0,50,"Smith Canyon East, Franklin County",300023,Smith Canyon East,2017-12-07 11:56:14.872990
2014-12-14,10:15,32.0,32.1,29.8,91.3,0.87,N@4.9,7.8,40.9,0.0,54,"Smith Canyon East, Franklin County",300023,Smith Canyon East,2017-12-07 11:56:14.872990
2014-12-14,10:30,32.7,32.8,30.4,91.3,0.91,N@5.4,9.2,40.8,0.0,71,"Smith Canyon East, Franklin County",300023,Smith Canyon East,2017-12-07 11:56:14.872990
2014-12-14,10:45,33.1,33.3,30.8,91.2,0.87,N@4.0,5.7,40.8,0.0,75,"Smith Canyon East, Franklin County",300023,Smith Canyon East,2017-12-07 11:56:14.872990
2014-12-14,11:00,33.2,33.3,30.9,91.1,0.86,N@3.2,5.3,40.7,0.0,65,"Smith Canyon East, Franklin County",300023,Smith Canyon East,2017-12-07 11:56:14.872990
2014-12-14,11:15,33.4,33.4,31.0,91.0,0.85,N@1.4,3.5,40.6,0.0,63,"Smith Canyon East, Franklin County",300023,Smith Canyon East,2017-12-07 11:56:14.872990
2014-12-14,11:30,33.8,33.9,31.4,90.8,0.86,NW@1.9,3.5,40.6,0.0,65,"Smith Canyon East, Franklin County",300023,Smith Canyon East,2017-12-07 11:56:14.872990
2014-12-14,11:45,34.4,34.5,31.9,90.5,0.84,NW@2.4,3.9,40.5,0.0,70,"Smith Canyon East, Franklin County",300023,Smith Canyon East,2017-12-07 11:56:14.872990
2014-12-14,12:00,35.3,35.6,32.5,89.4,0.78,N@7.0,10.3,40.5,0.0,60,"Smith Canyon East, Franklin County",300023,Smith Canyon East,2017-12-07 11:56:14.872990
2014-12-14,12:15,35.7,35.9,32.6,88.5,0.64,N@5.7,8.5,40.4,0.0,51,"Smith Canyon East, Franklin County",300023,Smith Canyon East,2017-12-07 11:56:14.872990
2014-12-14,12:30,36.0,36.3,32.9,88.2,0.49,N@6.3,8.9,40.4,0.0,63,"Smith Canyon East, Franklin County",300023,Smith Canyon East,2017-12-07 11:56:14.872990
2014-12-14,12:45,36.4,36.5,33.0,87.5,0.25,NW@5.7,7.8,40.3,0.0,46,"Smith Canyon East, Franklin County",300023,Smith Canyon East,2017-12-07 11:56:14.872990
2014-12-14,13:00,36.3,36.5,32.8,87.0,0.09,NW@5.0,7.4,40.3,0.0,38,"Smith Canyon East, Franklin County",300023,Smith Canyon East,2017-12-07 11:56:14.872990
2014-12-14,13:15,36.5,36.7,33.0,86.8,0.0,NW@4.7,6.7,40.3,0.0,37,"Smith Canyon East, Franklin County",300023,Smith Canyon East,2017-12-07 11:56:14.872990
2014-12-14,13:30,36.7,36.8,33.1,86.6,0.0,N@4.5,6.7,40.2,0.0,36,"Smith Canyon East, Franklin County",300023,Smith Canyon East,2017-12-07 11:56:14.872990
2014-12-14,13:45,36.9,37.0,33.1,86.2,0.0,N@4.4,7.1,40.2,0.0,30,"Smith Canyon East, Franklin County",300023,Smith Canyon East,2017-12-07 11:56:14.872990
2014-12-14,14:00,37.2,37.4,33.1,85.1,0.0,N@4.7,7.4,40.1,0.0,27,"Smith Canyon East, Franklin County",300023,Smith Canyon East,2017-12-07 11:56:14.872990
2014-12-14,14:15,37.3,37.4,33.1,84.6,0.0,N@3.5,6.0,40.1,0.0,24,"Smith Canyon East, Franklin County",300023,Smith Canyon East,2017-12-07 11:56:14.872990
2014-12-14,14:30,37.3,37.4,33.2,84.8,0.0,N@4.3,6.0,40.0,0.0,20,"Smith Canyon East, Franklin County",300023,Smith Canyon East,2017-12-07 11:56:14.872990
2014-12-14,14:45,37.2,37.3,33.2,85.4,0.0,N@4.5,6.7,40.0,0.0,21,"Smith Canyon East, Franklin County",300023,Smith Canyon East,2017-12-07 11:56:14.872990
2014-12-14,15:00,37.2,37.3,33.3,85.7,0.0,N@4.2,5.3,40.0,0.0,20,"Smith Canyon East, Franklin County",300023,Smith Canyon East,2017-12-07 11:56:14.872990
2014-12-14,15:15,37.5,37.5,33.6,85.6,0.0,N@2.1,3.9,39.9,0.0,22,"Smith Canyon East, Franklin County",300023,Smith Canyon East,2017-12-07 11:56:14.872990
2014-12-14,15:30,37.6,37.6,33.6,85.3,0.0,NW@2.1,3.1,39.9,0.0,17,"Smith Canyon East, Franklin County",300023,Smith Canyon East,2017-12-07 11:56:14.872990
2014-12-14,15:45,37.5,37.6,33.7,85.7,0.0,NW@2.6,3.5,39.9,0.0,18,"Smith Canyon East, Franklin County",300023,Smith Canyon East,2017-12-07 11:56:14.872990
2014-12-14,16:00,37.5,37.6,33.7,85.9,0.0,N@1.4,3.1,39.9,0.0,11,"Smith Canyon East, Franklin County",300023,Smith Canyon East,2017-12-07 11:56:14.872990
2014-12-14,16:15,37.4,37.4,33.8,86.4,0.0,SE@1.5,3.1,39.8,0.0,2,"Smith Canyon East, Franklin County",300023,Smith Canyon East,2017-12-07 11:56:14.872990
2014-12-14,16:30,36.7,36.8,33.3,87.2,0.0,SE@3.5,4.9,39.8,0.0,0,"Smith Canyon East, Franklin County",300023,Smith Canyon East,2017-12-07 11:56:14.872990
2014-12-14,16:45,36.2,36.3,33.0,88.0,0.0,SE@3.2,4.6,39.8,0.0,0,"Smith Canyon East, Franklin County",300023,Smith Canyon East,2017-12-07 11:56:14.872990
2014-12-14,17:00,36.1,36.2,32.9,88.2,0.0,SE@3.2,3.9,39.8,0.0,0,"Smith Canyon East, Franklin County",300023,Smith Canyon East,2017-12-07 11:56:14.872990
2014-12-14,17:15,36.0,36.2,33.0,88.7,0.0,SE@3.9,5.3,39.8,0.0,0,"Smith Canyon East, Franklin County",300023,Smith Canyon East,2017-12-07 11:56:14.872990
2014-12-14,17:30,36.0,36.1,33.0,88.6,0.0,SE@4.2,6.4,39.8,0.0,0,"Smith Canyon East, Franklin County",300023,Smith Canyon East,2017-12-07 11:56:14.872990
2014-12-14,17:45,35.3,35.5,32.2,88.3,0.0,SE@4.6,6.4,39.8,0.0,0,"Smith Canyon East, Franklin County",300023,Smith Canyon East,2017-12-07 11:56:14.872990
2014-12-14,18:00,35.2,35.4,32.2,88.5,0.0,SE@3.3,4.6,39.7,0.0,0,"Smith Canyon East, Franklin County",300023,Smith Canyon East,2017-12-07 11:56:14.872990
2014-12-14,18:15,35.1,35.3,32.1,88.6,0.0,SE@3.8,5.7,39.7,0.0,0,"Smith Canyon East, Franklin County",300023,Smith Canyon East,2017-12-07 11:56:14.872990
2014-12-14,18:30,34.9,35.1,31.9,88.6,0.0,SE@3.1,4.2,39.7,0.0,0,"Smith Canyon East, Franklin County",300023,Smith Canyon East,2017-12-07 11:56:14.872990
2014-12-14,18:45,34.9,35.1,31.9,88.6,0.0,SE@3.3,4.2,39.7,0.0,0,"Smith Canyon East, Franklin County",300023,Smith Canyon East,2017-12-07 11:56:14.872990
2014-12-14,19:00,34.9,35.0,31.9,88.6,0.0,SE@3.4,4.6,39.7,0.0,0,"Smith Canyon East, Franklin County",300023,Smith Canyon East,2017-12-07 11:56:14.872990
2014-12-14,19:15,34.5,34.6,31.5,88.6,0.0,SE@3.1,3.9,39.7,0.0,0,"Smith Canyon East, Franklin County",300023,Smith Canyon East,2017-12-07 11:56:14.872990
2014-12-14,19:30,34.0,34.0,31.0,88.9,0.03,SE@3.0,4.2,39.7,0.0,0,"Smith Canyon East, Franklin County",300023,Smith Canyon East,2017-12-07 11:56:14.872990
2014-12-14,19:45,33.3,33.4,30.4,89.1,0.22,SE@3.7,4.6,39.7,0.0,0,"Smith Canyon East, Franklin County",300023,Smith Canyon East,2017-12-07 11:56:14.872990
2014-12-14,20:00,32.7,32.8,29.9,89.4,0.39,SE@3.1,4.6,39.7,0.0,0,"Smith Canyon East, Franklin County",300023,Smith Canyon East,2017-12-07 11:56:14.872990
2014-12-14,20:15,32.8,32.8,30.1,89.7,0.49,S@1.6,3.9,39.7,0.0,0,"Smith Canyon East, Franklin County",300023,Smith Canyon East,2017-12-07 11:56:14.872990
2014-12-14,20:30,32.4,32.5,29.8,89.8,0.57,S@2.7,3.5,39.7,0.0,0,"Smith Canyon East, Franklin County",300023,Smith Canyon East,2017-12-07 11:56:14.872990
2014-12-14,20:45,32.7,32.7,30.1,90.1,0.6,SE@1.1,3.5,39.7,0.0,0,"Smith Canyon East, Franklin County",300023,Smith Canyon East,2017-12-07 11:56:14.872990
2014-12-14,21:00,32.8,32.8,30.2,90.2,0.63,SW@0.4,2.4,39.7,0.0,0,"Smith Canyon East, Franklin County",300023,Smith Canyon East,2017-12-07 11:56:14.872990
2014-12-14,21:15,32.9,32.9,30.5,90.9,0.68,SE@1.6,2.4,39.7,0.0,0,"Smith Canyon East, Franklin County",300023,Smith Canyon East,2017-12-07 11:56:14.872990
2014-12-14,21:30,32.9,32.9,30.6,91.0,0.69,SE@0.6,3.1,39.7,0.0,0,"Smith Canyon East, Franklin County",300023,Smith Canyon East,2017-12-07 11:56:14.872990
2014-12-14,21:45,33.0,33.1,30.7,91.2,0.7,SE@1.1,3.5,39.7,0.0,0,"Smith Canyon East, Franklin County",300023,Smith Canyon East,2017-12-07 11:56:14.872990
2014-12-14,22:00,33.0,33.0,30.7,91.2,0.69,SW@1.6,3.5,39.7,0.0,0,"Smith Canyon East, Franklin County",300023,Smith Canyon East,2017-12-07 11:56:14.872990
2014-12-14,22:15,33.0,33.1,30.8,91.3,0.69,SW@0.5,2.4,39.7,0.0,0,"Smith Canyon East, Franklin County",300023,Smith Canyon East,2017-12-07 11:56:14.872990
2014-12-14,22:30,33.1,33.1,30.9,91.3,0.69,SW@0.9,2.4,39.7,0.0,0,"Smith Canyon East, Franklin County",300023,Smith Canyon East,2017-12-07 11:56:14.872990
2014-12-14,22:45,33.0,33.1,30.8,91.3,0.68,N@2.0,2.8,39.7,0.0,0,"Smith Canyon East, Franklin County",300023,Smith Canyon East,2017-12-07 11:56:14.872990
2014-12-14,23:00,32.8,32.8,30.5,91.4,0.67,N@2.4,3.5,39.7,0.0,0,"Smith Canyon East, Franklin County",300023,Smith Canyon East,2017-12-07 11:56:14.872990
2014-12-14,23:15,32.8,32.8,30.6,91.4,0.67,N@0.5,2.4,39.7,0.0,0,"Smith Canyon East, Franklin County",300023,Smith Canyon East,2017-12-07 11:56:14.872990
2014-12-14,23:30,32.9,32.9,30.7,91.5,0.68,N@1.5,3.1,39.6,0.0,0,"Smith Canyon East, Franklin County",300023,Smith Canyon East,2017-12-07 11:56:14.872990
2014-12-14,23:45,32.9,32.9,30.7,91.6,0.68,NE@0.5,3.1,39.6,0.0,0,"Smith Canyon East, Franklin County",300023,Smith Canyon East,2017-12-07 11:56:14.872990
2014-12-14,24:00,33.0,33.0,30.8,91.6,0.69,NE@0.0,1.4,39.6,0.0,0,"Smith Canyon East, Franklin County",300023,Smith Canyon East,2017-12-07 11:56:14.872990
2014-12-15,00:15,33.1,33.1,31.0,91.6,0.7,N@0.0,0.0,39.6,0.0,0,"Smith Canyon East, Franklin County",300023,Smith Canyon East,2017-12-07 11:56:14.872990
2014-12-15,00:30,33.2,33.1,31.0,91.6,0.73,N@0.0,0.0,39.6,0.0,0,"Smith Canyon East, Franklin County",300023,Smith Canyon East,2017-12-07 11:56:14.872990
2014-12-15,00:45,33.1,33.1,31.0,91.7,0.8,N@1.5,4.6,39.6,0.0,0,"Smith Canyon East, Franklin County",300023,Smith Canyon East,2017-12-07 11:56:14.872990
2014-12-15,01:00,32.9,33.0,30.8,91.8,0.87,N@3.9,4.9,39.5,0.0,0,"Smith Canyon East, Franklin County",300023,Smith Canyon East,2017-12-07 11:56:14.872990
2014-12-15,01:15,32.7,32.8,30.6,91.9,0.91,N@3.5,4.2,39.5,0.0,0,"Smith Canyon East, Franklin County",300023,Smith Canyon East,2017-12-07 11:56:14.872990
2014-12-15,01:30,32.5,32.6,30.5,92.0,0.93,N@3.1,3.9,39.5,0.0,0,"Smith Canyon East, Franklin County",300023,Smith Canyon East,2017-12-07 11:56:14.872990
2014-12-15,01:45,32.5,32.7,30.5,92.1,0.94,N@2.7,3.9,39.5,0.0,0,"Smith Canyon East, Franklin County",300023,Smith Canyon East,2017-12-07 11:56:14.872990
2014-12-15,02:00,32.5,32.6,30.5,92.1,0.95,N@3.3,4.9,39.5,0.0,0,"Smith Canyon East, Franklin County",300023,Smith Canyon East,2017-12-07 11:56:14.872990
2014-12-15,02:15,32.5,32.6,30.4,92.2,0.94,N@4.5,5.7,39.4,0.0,0,"Smith Canyon East, Franklin County",300023,Smith Canyon East,2017-12-07 11:56:14.872990
2014-12-15,02:30,32.4,32.6,30.4,92.2,0.93,N@2.6,5.3,39.4,0.0,0,"Smith Canyon East, Franklin County",300023,Smith Canyon East,2017-12-07 11:56:14.872990
2014-12-15,02:45,32.7,32.7,30.7,92.3,0.92,SW@0.1,2.8,39.4,0.0,0,"Smith Canyon East, Franklin County",300023,Smith Canyon East,2017-12-07 11:56:14.872990
2014-12-15,03:00,32.7,32.7,30.7,92.3,0.91,SW@0.2,2.8,39.4,0.0,0,"Smith Canyon East, Franklin County",300023,Smith Canyon East,2017-12-07 11:56:14.872990
2014-12-15,03:15,32.8,32.8,30.8,92.4,0.91,E@0.1,3.1,39.4,0.0,0,"Smith Canyon East, Franklin County",300023,Smith Canyon East,2017-12-07 11:56:14.872990
2014-12-15,03:30,33.1,33.2,31.1,92.5,0.91,E@4.0,7.1,39.4,0.0,0,"Smith Canyon East, Franklin County",300023,Smith Canyon East,2017-12-07 11:56:14.872990
2014-12-15,03:45,33.2,33.3,31.2,92.4,0.88,E@4.7,7.1,39.4,0.0,0,"Smith Canyon East, Franklin County",300023,Smith Canyon East,2017-12-07 11:56:14.872990
2014-12-15,04:00,33.2,33.4,31.2,92.1,0.86,E@4.0,5.7,39.3,0.0,0,"Smith Canyon East, Franklin County",300023,Smith Canyon East,2017-12-07 11:56:14.872990
2014-12-15,04:15,33.2,33.3,31.2,91.9,0.85,SE@2.4,3.9,39.3,0.0,0,"Smith Canyon East, Franklin County",300023,Smith Canyon East,2017-12-07 11:56:14.872990
2014-12-15,04:30,33.1,33.2,31.0,91.7,0.85,NE@1.6,3.1,39.3,0.0,0,"Smith Canyon East, Franklin County",300023,Smith Canyon East,2017-12-07 11:56:14.872990
2014-12-15,04:45,32.9,33.1,30.7,91.4,0.84,NE@4.2,6.4,39.3,0.0,0,"Smith Canyon East, Franklin County",300023,Smith Canyon East,2017-12-07 11:56:14.872990
2014-12-15,05:00,32.8,33.0,30.5,91.1,0.84,NE@5.4,7.4,39.3,0.0,0,"Smith Canyon East, Franklin County",300023,Smith Canyon East,2017-12-07 11:56:14.872990
2014-12-15,05:15,32.8,33.0,30.4,90.9,0.83,E@3.7,5.3,39.3,0.0,0,"Smith Canyon East, Franklin County",300023,Smith Canyon East,2017-12-07 11:56:14.872990
2014-12-15,05:30,32.9,33.1,30.5,90.7,0.82,E@4.3,6.4,39.3,0.0,0,"Smith Canyon East, Franklin County",300023,Smith Canyon East,2017-12-07 11:56:14.872990
2014-12-15,05:45,32.9,33.0,30.4,90.6,0.81,E@4.5,6.0,39.3,0.0,0,"Smith Canyon East, Franklin County",300023,Smith Canyon East,2017-12-07 11:56:14.872990
2014-12-15,06:00,32.6,32.8,30.2,90.6,0.8,NE@5.4,7.4,39.3,0.0,0,"Smith Canyon East, Franklin County",300023,Smith Canyon East,2017-12-07 11:56:14.872990
2014-12-15,06:15,32.3,32.5,29.8,90.5,0.78,NE@5.6,7.4,39.2,0.0,0,"Smith Canyon East, Franklin County",300023,Smith Canyon East,2017-12-07 11:56:14.872990
2014-12-15,06:30,32.1,32.3,29.6,90.5,0.77,NE@6.0,8.9,39.2,0.0,0,"Smith Canyon East, Franklin County",300023,Smith Canyon East,2017-12-07 11:56:14.872990
2014-12-15,06:45,31.7,31.8,29.0,90.4,0.76,NE@7.6,9.6,39.2,0.0,0,"Smith Canyon East, Franklin County",300023,Smith Canyon East,2017-12-07 11:56:14.872990
2014-12-15,07:00,31.2,31.4,28.5,90.3,0.77,NE@5.9,7.8,39.2,0.0,0,"Smith Canyon East, Franklin County",300023,Smith Canyon East,2017-12-07 11:56:14.872990
2014-12-15,07:15,30.7,30.9,27.9,90.3,0.77,NE@6.1,8.2,39.2,0.0,0,"Smith Canyon East, Franklin County",300023,Smith Canyon East,2017-12-07 11:56:14.872990
2014-12-15,07:30,30.2,30.4,27.3,90.2,0.75,NE@6.0,9.2,39.2,0.0,1,"Smith Canyon East, Franklin County",300023,Smith Canyon East,2017-12-07 11:56:14.872990
2014-12-15,07:45,29.9,30.0,26.9,90.2,0.3,NE@5.9,9.2,39.2,0.0,2,"Smith Canyon East, Franklin County",300023,Smith Canyon East,2017-12-07 11:56:14.872990
2014-12-15,08:00,29.7,29.9,26.8,90.2,0.16,N@4.9,8.2,39.2,0.0,6,"Smith Canyon East, Franklin County",300023,Smith Canyon East,2017-12-07 11:56:14.872990
2014-12-15,08:15,29.7,29.9,26.8,90.4,0.16,NE@6.0,8.2,39.2,0.0,11,"Smith Canyon East, Franklin County",300023,Smith Canyon East,2017-12-07 11:56:14.872990
2014-12-15,08:30,29.7,29.9,26.9,90.6,0.16,NE@3.6,5.7,39.1,0.0,15,"Smith Canyon East, Franklin County",300023,Smith Canyon East,2017-12-07 11:56:14.872990
2014-12-15,08:45,29.8,29.9,26.9,90.7,0.16,NE@5.8,8.5,39.1,0.0,33,"Smith Canyon East, Franklin County",300023,Smith Canyon East,2017-12-07 11:56:14.872990
2014-12-15,09:00,29.7,29.9,26.9,90.7,0.16,E@6.3,8.5,39.1,0.0,45,"Smith Canyon East, Franklin County",300023,Smith Canyon East,2017-12-07 11:56:14.872990
2014-12-15,09:15,29.8,30.0,27.0,90.8,0.17,E@6.1,8.2,39.1,0.0,56,"Smith Canyon East, Franklin County",300023,Smith Canyon East,2017-12-07 11:56:14.872990
2014-12-15,09:30,30.0,30.2,27.3,91.0,0.19,NE@5.6,8.5,39.1,0.0,57,"Smith Canyon East, Franklin County",300023,Smith Canyon East,2017-12-07 11:56:14.872990
2014-12-15,09:45,30.2,30.5,27.6,91.1,0.25,NE@4.7,7.1,39.1,0.0,65,"Smith Canyon East, Franklin County",300023,Smith Canyon East,2017-12-07 11:56:14.872990
2014-12-15,10:00,30.8,31.0,28.2,91.0,0.32,NE@5.3,7.1,39.1,0.0,67,"Smith Canyon East, Franklin County",300023,Smith Canyon East,2017-12-07 11:56:14.872990
2014-12-15,10:15,30.6,30.8,27.9,90.6,0.23,NE@5.1,7.4,39.0,0.0,70,"Smith Canyon East, Franklin County",300023,Smith Canyon East,2017-12-07 11:56:14.872990
2014-12-15,10:30,30.8,31.0,28.0,90.5,0.21,NE@5.2,7.8,39.0,0.0,75,"Smith Canyon East, Franklin County",300023,Smith Canyon East,2017-12-07 11:56:14.872990
2014-12-15,10:45,31.4,31.6,28.7,90.5,0.29,N@5.8,8.5,39.0,0.0,75,"Smith Canyon East, Franklin County",300023,Smith Canyon East,2017-12-07 11:56:14.872990
2014-12-15,11:00,31.5,31.6,28.8,90.2,0.17,N@6.7,9.2,39.0,0.0,65,"Smith Canyon East, Franklin County",300023,Smith Canyon East,2017-12-07 11:56:14.872990
2014-12-15,11:15,31.4,31.5,28.6,90.2,0.06,N@7.0,9.2,39.0,0.0,55,"Smith Canyon East, Franklin County",300023,Smith Canyon East,2017-12-07 11:56:14.872990
2014-12-15,11:30,31.4,31.6,28.6,90.1,0.0,N@7.5,10.7,39.0,0.0,48,"Smith Canyon East, Franklin County",300023,Smith Canyon East,2017-12-07 11:56:14.872990
2014-12-15,11:45,31.3,31.5,28.4,89.6,0.0,N@8.2,10.7,38.9,0.0,73,"Smith Canyon East, Franklin County",300023,Smith Canyon East,2017-12-07 11:56:14.872990
2014-12-15,12:00,30.9,31.0,27.7,88.8,0.0,N@8.8,11.4,38.9,0.0,94,"Smith Canyon East, Franklin County",300023,Smith Canyon East,2017-12-07 11:56:14.872990
2014-12-15,12:15,30.8,31.0,27.6,88.7,0.0,N@7.7,11.0,38.9,0.0,105,"Smith Canyon East, Franklin County",300023,Smith Canyon East,2017-12-07 11:56:14.872990
2014-12-15,12:30,31.3,31.5,28.1,88.7,0.0,N@6.6,8.9,38.9,0.0,87,"Smith Canyon East, Franklin County",300023,Smith Canyon East,2017-12-07 11:56:14.872990
2014-12-15,12:45,31.6,31.7,28.4,88.6,0.0,N@7.0,10.3,38.9,0.0,56,"Smith Canyon East, Franklin County",300023,Smith Canyon East,2017-12-07 11:56:14.872990
2014-12-15,13:00,31.5,31.7,28.4,88.6,0.0,N@6.6,9.9,38.9,0.0,49,"Smith Canyon East, Franklin County",300023,Smith Canyon East,2017-12-07 11:56:14.872990
2014-12-15,13:15,31.8,32.0,28.6,88.4,0.0,N@7.0,9.2,38.9,0.0,53,"Smith Canyon East, Franklin County",300023,Smith Canyon East,2017-12-07 11:56:14.872990
2014-12-15,13:30,31.8,32.0,28.6,88.1,0.0,N@7.0,9.2,38.9,0.0,43,"Smith Canyon East, Franklin County",300023,Smith Canyon East,2017-12-07 11:56:14.872990
2014-12-15,13:45,32.2,32.5,29.1,88.1,0.0,NW@7.7,9.9,38.9,0.0,41,"Smith Canyon East, Franklin County",300023,Smith Canyon East,2017-12-07 11:56:14.872990
2014-12-15,14:00,32.4,32.7,29.3,87.9,0.0,NW@7.5,9.9,38.9,0.0,57,"Smith Canyon East, Franklin County",300023,Smith Canyon East,2017-12-07 11:56:14.872990
2014-12-15,14:15,32.9,33.1,29.6,87.6,0.0,NW@7.0,9.9,38.9,0.0,49,"Smith Canyon East, Franklin County",300023,Smith Canyon East,2017-12-07 11:56:14.872990
2014-12-15,14:30,33.3,33.6,29.9,87.1,0.0,N@6.1,8.2,38.9,0.0,44,"Smith Canyon East, Franklin County",300023,Smith Canyon East,2017-12-07 11:56:14.872990
2014-12-15,14:45,33.8,33.9,30.0,85.9,0.0,N@5.7,8.5,38.9,0.0,52,"Smith Canyon East, Franklin County",300023,Smith Canyon East,2017-12-07 11:56:14.872990
2014-12-15,15:00,33.9,34.1,30.0,85.6,0.0,N@6.7,9.2,38.9,0.0,29,"Smith Canyon East, Franklin County",300023,Smith Canyon East,2017-12-07 11:56:14.872990
2014-12-15,15:15,33.8,34.0,30.0,85.6,0.0,N@6.6,8.5,38.8,0.0,26,"Smith Canyon East, Franklin County",300023,Smith Canyon East,2017-12-07 11:56:14.872990
2014-12-15,15:30,33.9,34.1,30.0,85.3,0.0,N@6.1,8.2,38.8,0.0,22,"Smith Canyon East, Franklin County",300023,Smith Canyon East,2017-12-07 11:56:14.872990
2014-12-15,15:45,34.0,34.2,30.1,85.4,0.0,N@5.9,8.5,38.8,0.0,14,"Smith Canyon East, Franklin County",300023,Smith Canyon East,2017-12-07 11:56:14.872990
2014-12-15,16:00,34.1,34.3,30.3,85.8,0.0,N@4.5,7.4,38.8,0.0,7,"Smith Canyon East, Franklin County",300023,Smith Canyon East,2017-12-07 11:56:14.872990
2014-12-15,16:15,34.0,34.2,30.3,86.0,0.0,N@5.5,7.4,38.8,0.0,2,"Smith Canyon East, Franklin County",300023,Smith Canyon East,2017-12-07 11:56:14.872990
2014-12-15,16:30,33.9,34.1,30.4,86.7,0.0,N@5.3,7.4,38.8,0.0,0,"Smith Canyon East, Franklin County",300023,Smith Canyon East,2017-12-07 11:56:14.872990
2014-12-15,16:45,33.8,33.9,30.4,87.2,0.0,N@3.7,6.7,38.8,0.0,0,"Smith Canyon East, Franklin County",300023,Smith Canyon East,2017-12-07 11:56:14.872990
2014-12-15,17:00,33.7,33.7,30.4,87.5,0.0,N@2.8,4.2,38.8,0.0,0,"Smith Canyon East, Franklin County",300023,Smith Canyon East,2017-12-07 11:56:14.872990
2014-12-15,17:15,32.9,33.0,29.8,88.1,0.0,NW@3.1,4.2,38.9,0.0,0,"Smith Canyon East, Franklin County",300023,Smith Canyon East,2017-12-07 11:56:14.872990
2014-12-15,17:30,32.4,32.6,29.5,88.8,0.0,NW@3.0,3.9,38.9,0.0,0,"Smith Canyon East, Franklin County",300023,Smith Canyon East,2017-12-07 11:56:14.872990
2014-12-15,17:45,32.3,32.4,29.4,89.1,0.0,NW@3.5,4.2,38.9,0.0,0,"Smith Canyon East, Franklin County",300023,Smith Canyon East,2017-12-07 11:56:14.872990
2014-12-15,18:00,31.9,32.0,28.9,89.1,0.07,N@2.4,3.1,38.9,0.0,0,"Smith Canyon East, Franklin County",300023,Smith Canyon East,2017-12-07 11:56:14.872990
2014-12-15,18:15,31.5,31.4,28.4,89.1,0.26,NE@2.8,3.9,38.9,0.0,0,"Smith Canyon East, Franklin County",300023,Smith Canyon East,2017-12-07 11:56:14.872990
2014-12-15,18:30,30.7,30.7,27.6,89.3,0.44,NE@3.0,4.2,38.9,0.0,0,"Smith Canyon East, Franklin County",300023,Smith Canyon East,2017-12-07 11:56:14.872990
2014-12-15,18:45,30.7,30.9,27.8,89.7,0.58,E@2.5,3.9,38.9,0.0,0,"Smith Canyon East, Franklin County",300023,Smith Canyon East,2017-12-07 11:56:14.872990
2014-12-15,19:00,31.1,31.1,28.2,89.9,0.66,E@1.8,3.5,38.9,0.0,0,"Smith Canyon East, Franklin County",300023,Smith Canyon East,2017-12-07 11:56:14.872990
2014-12-15,19:15,30.6,30.7,27.6,89.9,0.48,S@2.9,3.9,38.9,0.0,0,"Smith Canyon East, Franklin County",300023,Smith Canyon East,2017-12-07 11:56:14.872990
2014-12-15,19:30,30.8,31.0,28.1,90.5,0.13,SE@2.7,3.9,38.9,0.0,0,"Smith Canyon East, Franklin County",300023,Smith Canyon East,2017-12-07 11:56:14.872990
2014-12-15,19:45,30.9,31.0,28.2,90.7,0.13,SE@3.2,3.9,38.9,0.0,0,"Smith Canyon East, Franklin County",300023,Smith Canyon East,2017-12-07 11:56:14.872990
2014-12-15,20:00,31.1,31.2,28.5,91.0,0.16,E@3.3,3.9,38.8,0.0,0,"Smith Canyon East, Franklin County",300023,Smith Canyon East,2017-12-07 11:56:14.872990
2014-12-15,20:15,30.8,31.0,28.2,91.0,0.14,SE@3.6,4.2,38.8,0.0,0,"Smith Canyon East, Franklin County",300023,Smith Canyon East,2017-12-07 11:56:14.872990
2014-12-15,20:30,31.2,31.4,28.7,91.2,0.17,SE@3.9,4.9,38.8,0.0,0,"Smith Canyon East, Franklin County",300023,Smith Canyon East,2017-12-07 11:56:14.872990
2014-12-15,20:45,31.5,31.6,29.0,91.1,0.21,E@3.6,5.7,38.8,0.0,0,"Smith Canyon East, Franklin County",300023,Smith Canyon East,2017-12-07 11:56:14.872990
2014-12-15,21:00,31.5,31.6,28.9,90.9,0.24,E@4.2,4.9,38.8,0.0,0,"Smith Canyon East, Franklin County",300023,Smith Canyon East,2017-12-07 11:56:14.872990
2014-12-15,21:15,31.0,31.1,28.3,90.8,0.19,E@4.1,5.3,38.8,0.0,0,"Smith Canyon East, Franklin County",300023,Smith Canyon East,2017-12-07 11:56:14.872990
2014-12-15,21:30,31.0,31.1,28.3,90.8,0.18,SE@4.1,4.9,38.8,0.0,0,"Smith Canyon East, Franklin County",300023,Smith Canyon East,2017-12-07 11:56:14.872990
2014-12-15,21:45,30.9,31.0,28.2,90.8,0.16,SE@3.4,4.2,38.8,0.0,0,"Smith Canyon East, Franklin County",300023,Smith Canyon East,2017-12-07 11:56:14.872990
2014-12-15,22:00,30.8,30.9,28.1,90.8,0.15,SE@3.2,4.6,38.7,0.0,0,"Smith Canyon East, Franklin County",300023,Smith Canyon East,2017-12-07 11:56:14.872990
2014-12-15,22:15,31.1,31.3,28.5,90.8,0.18,E@2.7,3.9,38.7,0.0,0,"Smith Canyon East, Franklin County",300023,Smith Canyon East,2017-12-07 11:56:14.872990
2014-12-15,22:30,31.3,31.3,28.7,90.8,0.18,NE@0.2,3.1,38.7,0.0,0,"Smith Canyon East, Franklin County",300023,Smith Canyon East,2017-12-07 11:56:14.872990
2014-12-15,22:45,31.4,31.5,28.9,90.8,0.23,SE@0.0,1.4,38.7,0.0,0,"Smith Canyon East, Franklin County",300023,Smith Canyon East,2017-12-07 11:56:14.872990
2014-12-15,23:00,31.7,31.7,29.1,90.8,0.26,SE@0.0,1.7,38.7,0.0,0,"Smith Canyon East, Franklin County",300023,Smith Canyon East,2017-12-07 11:56:14.872990
2014-12-15,23:15,31.8,31.8,29.2,90.7,0.31,N@0.0,0.0,38.6,0.0,0,"Smith Canyon East, Franklin County",300023,Smith Canyon East,2017-12-07 11:56:14.872990
2014-12-15,23:30,31.9,32.1,29.4,90.7,0.47,E@2.7,4.9,38.6,0.0,0,"Smith Canyon East, Franklin County",300023,Smith Canyon East,2017-12-07 11:56:14.872990
2014-12-15,23:45,32.1,32.3,29.7,90.8,0.76,E@4.1,5.3,38.6,0.0,0,"Smith Canyon East, Franklin County",300023,Smith Canyon East,2017-12-07 11:56:14.872990
2014-12-15,24:00,32.4,32.5,30.0,90.7,0.89,E@3.6,4.9,38.6,0.0,0,"Smith Canyon East, Franklin County",300023,Smith Canyon East,2017-12-07 11:56:14.872990
2014-12-16,00:15,32.1,32.1,29.6,90.5,0.89,N@3.4,4.6,38.5,0.0,0,"Smith Canyon East, Franklin County",300023,Smith Canyon East,2017-12-07 11:56:14.872990
2014-12-16,00:30,31.5,31.5,28.9,90.7,0.9,N@4.4,5.7,38.5,0.0,0,"Smith Canyon East, Franklin County",300023,Smith Canyon East,2017-12-07 11:56:14.872990
2014-12-16,00:45,31.5,31.7,29.0,91.0,0.87,N@5.1,6.7,38.5,0.0,0,"Smith Canyon East, Franklin County",300023,Smith Canyon East,2017-12-07 11:56:14.872990
2014-12-16,01:00,31.7,31.8,29.3,91.2,0.83,N@3.1,5.3,38.5,0.0,0,"Smith Canyon East, Franklin County",300023,Smith Canyon East,2017-12-07 11:56:14.872990
2014-12-16,01:15,31.9,31.9,29.5,91.4,0.82,N@0.0,0.0,38.4,0.0,0,"Smith Canyon East, Franklin County",300023,Smith Canyon East,2017-12-07 11:56:14.872990
2014-12-16,01:30,32.0,32.1,29.7,91.5,0.8,SE@2.1,3.5,38.4,0.0,0,"Smith Canyon East, Franklin County",300023,Smith Canyon East,2017-12-07 11:56:14.872990
2014-12-16,01:45,32.2,32.2,30.0,91.5,0.8,SE@1.3,3.1,38.4,0.0,0,"Smith Canyon East, Franklin County",300023,Smith Canyon East,2017-12-07 11:56:14.872990
2014-12-16,02:00,32.2,32.2,30.0,91.5,0.8,SE@0.0,1.4,38.4,0.0,0,"Smith Canyon East, Franklin County",300023,Smith Canyon East,2017-12-07 11:56:14.872990
2014-12-16,02:15,32.2,32.2,30.0,91.5,0.81,N@0.0,0.0,38.4,0.0,0,"Smith Canyon East, Franklin County",300023,Smith Canyon East,2017-12-07 11:56:14.872990
2014-12-16,02:30,32.0,32.0,29.8,91.5,0.8,N@0.0,0.0,38.3,0.0,0,"Smith Canyon East, Franklin County",300023,Smith Canyon East,2017-12-07 11:56:14.872990
2014-12-16,02:45,31.9,32.0,29.6,91.6,0.8,N@0.0,0.0,38.3,0.0,0,"Smith Canyon East, Franklin County",300023,Smith Canyon East,2017-12-07 11:56:14.872990
2014-12-16,03:00,32.2,32.1,30.0,91.6,0.79,N@0.0,0.0,38.3,0.0,0,"Smith Canyon East, Franklin County",300023,Smith Canyon East,2017-12-07 11:56:14.872990
2014-12-16,03:15,32.1,32.0,29.9,91.5,0.79,N@0.0,0.0,38.3,0.0,0,"Smith Canyon East, Franklin County",300023,Smith Canyon East,2017-12-07 11:56:14.872990
2014-12-16,03:30,31.8,31.8,29.5,91.6,0.79,N@0.0,0.0,38.3,0.0,0,"Smith Canyon East, Franklin County",300023,Smith Canyon East,2017-12-07 11:56:14.872990
2014-12-16,03:45,31.9,31.9,29.6,91.6,0.79,N@0.0,0.0,38.2,0.0,0,"Smith Canyon East, Franklin County",300023,Smith Canyon East,2017-12-07 11:56:14.872990
2014-12-16,04:00,31.9,31.9,29.7,91.7,0.79,N@0.0,0.0,38.2,0.0,0,"Smith Canyon East, Franklin County",300023,Smith Canyon East,2017-12-07 11:56:14.872990
2014-12-16,04:15,31.9,31.9,29.6,91.7,0.8,NW@0.2,3.5,38.2,0.0,0,"Smith Canyon East, Franklin County",300023,Smith Canyon East,2017-12-07 11:56:14.872990
2014-12-16,04:30,31.7,31.9,29.5,91.8,0.8,W@3.2,3.9,38.2,0.0,0,"Smith Canyon East, Franklin County",300023,Smith Canyon East,2017-12-07 11:56:14.872990
2014-12-16,04:45,31.9,32.0,29.7,92.0,0.82,W@3.3,4.6,38.2,0.0,0,"Smith Canyon East, Franklin County",300023,Smith Canyon East,2017-12-07 11:56:14.872990
2014-12-16,05:00,32.0,32.2,30.0,92.0,0.84,NW@3.3,4.6,38.1,0.0,0,"Smith Canyon East, Franklin County",300023,Smith Canyon East,2017-12-07 11:56:14.872990
2014-12-16,05:15,32.0,32.1,29.9,92.0,0.85,NW@3.3,4.2,38.1,0.0,0,"Smith Canyon East, Franklin County",300023,Smith Canyon East,2017-12-07 11:56:14.872990
2014-12-16,05:30,32.0,32.2,29.8,92.0,0.85,NW@4.0,5.7,38.1,0.0,0,"Smith Canyon East, Franklin County",300023,Smith Canyon East,2017-12-07 11:56:14.872990
2014-12-16,05:45,32.0,32.2,29.9,91.9,0.85,NW@4.1,5.3,38.1,0.0,0,"Smith Canyon East, Franklin County",300023,Smith Canyon East,2017-12-07 11:56:14.872990
2014-12-16,06:00,32.1,32.2,30.0,91.8,0.85,NW@2.5,3.1,38.1,0.0,0,"Smith Canyon East, Franklin County",300023,Smith Canyon East,2017-12-07 11:56:14.872990
2014-12-16,06:15,32.1,32.3,30.0,91.8,0.86,NW@3.0,4.2,38.0,0.0,0,"Smith Canyon East, Franklin County",300023,Smith Canyon East,2017-12-07 11:56:14.872990
2014-12-16,06:30,32.1,32.3,30.0,91.7,0.88,N@3.8,5.3,38.0,0.0,0,"Smith Canyon East, Franklin County",300023,Smith Canyon East,2017-12-07 11:56:14.872990
2014-12-16,06:45,32.2,32.3,30.1,91.7,0.88,NE@1.7,4.2,38.0,0.0,0,"Smith Canyon East, Franklin County",300023,Smith Canyon East,2017-12-07 11:56:14.872990
2014-12-16,07:00,32.3,32.3,30.1,91.7,0.88,SE@2.2,3.1,38.0,0.0,0,"Smith Canyon East, Franklin County",300023,Smith Canyon East,2017-12-07 11:56:14.872990
2014-12-16,07:15,32.2,32.3,30.1,91.7,0.88,S@2.1,3.5,38.0,0.0,0,"Smith Canyon East, Franklin County",300023,Smith Canyon East,2017-12-07 11:56:14.872990
2014-12-16,07:30,32.3,32.4,30.1,91.7,0.88,W@2.6,3.1,38.0,0.0,0,"Smith Canyon East, Franklin County",300023,Smith Canyon East,2017-12-07 11:56:14.872990
2014-12-16,07:45,32.4,32.5,30.3,91.8,0.88,SW@3.0,5.3,37.9,0.01,2,"Smith Canyon East, Franklin County",300023,Smith Canyon East,2017-12-07 11:56:14.872990
2014-12-16,08:00,32.6,32.7,30.4,91.7,0.89,W@2.5,3.5,37.9,0.0,4,"Smith Canyon East, Franklin County",300023,Smith Canyon East,2017-12-07 11:56:14.872990
2014-12-16,08:15,32.6,32.7,30.4,91.6,0.89,W@1.7,3.5,37.9,0.0,9,"Smith Canyon East, Franklin County",300023,Smith Canyon East,2017-12-07 11:56:14.872990
2014-12-16,08:30,33.1,33.2,30.9,91.7,0.89,W@1.8,3.1,37.9,0.0,17,"Smith Canyon East, Franklin County",300023,Smith Canyon East,2017-12-07 11:56:14.872990
2014-12-16,08:45,33.5,33.5,31.3,91.6,0.88,W@1.1,2.4,37.9,0.0,24,"Smith Canyon East, Franklin County",300023,Smith Canyon East,2017-12-07 11:56:14.872990
2014-12-16,09:00,33.7,33.7,31.5,91.5,0.87,W@1.7,2.8,37.9,0.0,35,"Smith Canyon East, Franklin County",300023,Smith Canyon East,2017-12-07 11:56:14.872990
2014-12-16,09:15,33.7,33.9,31.5,91.5,0.85,NW@2.7,3.1,37.8,0.0,37,"Smith Canyon East, Franklin County",300023,Smith Canyon East,2017-12-07 11:56:14.872990
2014-12-16,09:30,34.3,34.4,32.1,91.7,0.84,W@2.4,3.1,37.8,0.0,43,"Smith Canyon East, Franklin County",300023,Smith Canyon East,2017-12-07 11:56:14.872990
2014-12-16,09:45,34.7,34.9,32.5,91.5,0.84,W@3.3,4.2,37.8,0.01,50,"Smith Canyon East, Franklin County",300023,Smith Canyon East,2017-12-07 11:56:14.872990
2014-12-16,10:00,35.1,35.3,32.8,91.1,0.83,W@3.0,3.9,37.8,0.0,65,"Smith Canyon East, Franklin County",300023,Smith Canyon East,2017-12-07 11:56:14.872990
2014-12-16,10:15,35.5,35.6,33.1,91.0,0.81,SW@2.9,3.9,37.8,0.01,67,"Smith Canyon East, Franklin County",300023,Smith Canyon East,2017-12-07 11:56:14.872990
2014-12-16,10:30,35.7,35.8,33.3,90.8,0.81,W@3.1,4.6,37.8,0.0,57,"Smith Canyon East, Franklin County",300023,Smith Canyon East,2017-12-07 11:56:14.872990
2014-12-16,10:45,35.9,36.0,33.4,90.7,0.82,W@3.2,3.9,37.8,0.0,63,"Smith Canyon East, Franklin County",300023,Smith Canyon East,2017-12-07 11:56:14.872990
2014-12-16,11:00,36.0,36.2,33.3,89.8,0.82,W@3.6,4.6,37.7,0.0,72,"Smith Canyon East, Franklin County",300023,Smith Canyon East,2017-12-07 11:56:14.872990
2014-12-16,11:15,36.2,36.3,33.3,89.3,0.81,NW@3.9,5.3,37.7,0.0,75,"Smith Canyon East, Franklin County",300023,Smith Canyon East,2017-12-07 11:56:14.872990
2014-12-16,11:30,36.4,36.6,33.5,89.2,0.82,NW@3.5,4.6,37.7,0.0,88,"Smith Canyon East, Franklin County",300023,Smith Canyon East,2017-12-07 11:56:14.872990
2014-12-16,11:45,36.7,36.8,33.7,88.7,0.82,NW@3.7,5.7,37.7,0.0,103,"Smith Canyon East, Franklin County",300023,Smith Canyon East,2017-12-07 11:56:14.872990
2014-12-16,12:00,36.9,37.1,33.8,88.5,0.82,NW@4.1,5.3,37.7,0.01,89,"Smith Canyon East, Franklin County",300023,Smith Canyon East,2017-12-07 11:56:14.872990
2014-12-16,12:15,37.1,37.3,34.0,88.4,0.83,NW@4.1,5.3,37.7,0.0,80,"Smith Canyon East, Franklin County",300023,Smith Canyon East,2017-12-07 11:56:14.872990
2014-12-16,12:30,37.4,37.6,34.2,88.3,0.83,NW@4.6,6.0,37.7,0.0,111,"Smith Canyon East, Franklin County",300023,Smith Canyon East,2017-12-07 11:56:14.872990
2014-12-16,12:45,37.7,37.9,34.6,88.3,0.82,NW@4.7,6.4,37.7,0.0,117,"Smith Canyon East, Franklin County",300023,Smith Canyon East,2017-12-07 11:56:14.872990
2014-12-16,13:00,37.9,38.0,34.7,88.3,0.82,NW@4.9,6.4,37.7,0.0,69,"Smith Canyon East, Franklin County",300023,Smith Canyon East,2017-12-07 11:56:14.872990
2014-12-16,13:15,37.9,38.1,34.7,88.2,0.79,N@4.6,5.7,37.7,0.0,70,"Smith Canyon East, Franklin County",300023,Smith Canyon East,2017-12-07 11:56:14.872990
2014-12-16,13:30,38.2,38.4,34.9,87.8,0.78,N@4.8,6.4,37.7,0.0,94,"Smith Canyon East, Franklin County",300023,Smith Canyon East,2017-12-07 11:56:14.872990
2014-12-16,13:45,38.2,38.4,34.8,87.4,0.79,N@4.6,6.4,37.7,0.0,35,"Smith Canyon East, Franklin County",300023,Smith Canyon East,2017-12-07 11:56:14.872990
2014-12-16,14:00,38.3,38.5,34.9,87.5,0.76,NW@4.6,6.7,37.8,0.0,44,"Smith Canyon East, Franklin County",300023,Smith Canyon East,2017-12-07 11:56:14.872990
2014-12-16,14:15,38.5,38.7,35.0,87.1,0.75,NW@5.0,6.7,37.8,0.0,47,"Smith Canyon East, Franklin County",300023,Smith Canyon East,2017-12-07 11:56:14.872990
2014-12-16,14:30,38.6,38.7,35.0,87.0,0.76,NW@4.8,6.0,37.8,0.0,36,"Smith Canyon East, Franklin County",300023,Smith Canyon East,2017-12-07 11:56:14.872990
2014-12-16,14:45,38.7,38.8,35.2,87.2,0.73,N@4.2,6.7,37.8,0.0,31,"Smith Canyon East, Franklin County",300023,Smith Canyon East,2017-12-07 11:56:14.872990
2014-12-16,15:00,38.8,38.9,35.2,86.7,0.68,N@5.6,6.7,37.9,0.0,51,"Smith Canyon East, Franklin County",300023,Smith Canyon East,2017-12-07 11:56:14.872990
2014-12-16,15:15,38.9,39.1,35.4,86.9,0.6,N@4.5,5.7,37.9,0.0,64,"Smith Canyon East, Franklin County",300023,Smith Canyon East,2017-12-07 11:56:14.872990
2014-12-16,15:30,39.1,39.2,35.4,86.5,0.51,N@4.6,6.4,37.9,0.0,51,"Smith Canyon East, Franklin County",300023,Smith Canyon East,2017-12-07 11:56:14.872990
2014-12-16,15:45,38.8,39.0,35.1,86.2,0.45,N@4.7,6.4,38.0,0.0,35,"Smith Canyon East, Franklin County",300023,Smith Canyon East,2017-12-07 11:56:14.872990
2014-12-16,16:00,38.6,38.7,34.9,86.2,0.44,N@4.3,5.3,38.0,0.0,19,"Smith Canyon East, Franklin County",300023,Smith Canyon East,2017-12-07 11:56:14.872990
2014-12-16,16:15,38.3,38.4,34.8,87.1,0.46,N@3.8,4.6,38.0,0.0,5,"Smith Canyon East, Franklin County",300023,Smith Canyon East,2017-12-07 11:56:14.872990
2014-12-16,16:30,38.1,38.2,34.8,87.6,0.47,N@4.4,5.7,38.1,0.0,1,"Smith Canyon East, Franklin County",300023,Smith Canyon East,2017-12-07 11:56:14.872990
2014-12-16,16:45,38.1,38.2,34.7,87.7,0.48,N@3.8,5.3,38.1,0.0,0,"Smith Canyon East, Franklin County",300023,Smith Canyon East,2017-12-07 11:56:14.872990
2014-12-16,17:00,37.9,38.0,34.7,88.3,0.5,NW@3.1,3.9,38.2,0.0,0,"Smith Canyon East, Franklin County",300023,Smith Canyon East,2017-12-07 11:56:14.872990
2014-12-16,17:15,37.8,37.9,34.8,88.6,0.5,N@3.2,3.9,38.2,0.0,0,"Smith Canyon East, Franklin County",300023,Smith Canyon East,2017-12-07 11:56:14.872990
2014-12-16,17:30,37.7,37.8,34.8,88.9,0.51,NW@3.9,4.9,38.3,0.0,0,"Smith Canyon East, Franklin County",300023,Smith Canyon East,2017-12-07 11:56:14.872990
2014-12-16,17:45,37.6,37.8,34.7,89.1,0.5,NW@4.4,5.7,38.3,0.0,0,"Smith Canyon East, Franklin County",300023,Smith Canyon East,2017-12-07 11:56:14.872990
2014-12-16,18:00,37.6,37.8,34.7,89.1,0.47,NW@4.2,5.3,38.3,0.0,0,"Smith Canyon East, Franklin County",300023,Smith Canyon East,2017-12-07 11:56:14.872990
2014-12-16,18:15,37.6,37.7,34.6,88.9,0.42,N@4.3,5.3,38.4,0.0,0,"Smith Canyon East, Franklin County",300023,Smith Canyon East,2017-12-07 11:56:14.872990
2014-12-16,18:30,37.5,37.6,34.5,88.8,0.36,NW@4.2,5.3,38.4,0.0,0,"Smith Canyon East, Franklin County",300023,Smith Canyon East,2017-12-07 11:56:14.872990
2014-12-16,18:45,37.4,37.5,34.4,88.9,0.3,N@3.7,4.9,38.4,0.0,0,"Smith Canyon East, Franklin County",300023,Smith Canyon East,2017-12-07 11:56:14.872990
2014-12-16,19:00,37.5,37.6,34.4,88.4,0.24,N@3.1,5.3,38.5,0.0,0,"Smith Canyon East, Franklin County",300023,Smith Canyon East,2017-12-07 11:56:14.872990
2014-12-16,19:15,37.3,37.4,34.1,88.1,0.16,N@4.6,5.7,38.5,0.0,0,"Smith Canyon East, Franklin County",300023,Smith Canyon East,2017-12-07 11:56:14.872990
2014-12-16,19:30,37.1,37.2,34.0,88.3,0.09,N@5.1,6.4,38.5,0.0,0,"Smith Canyon East, Franklin County",300023,Smith Canyon East,2017-12-07 11:56:14.872990
2014-12-16,19:45,36.8,37.0,33.7,88.5,0.02,N@5.4,6.4,38.6,0.0,0,"Smith Canyon East, Franklin County",300023,Smith Canyon East,2017-12-07 11:56:14.872990
2014-12-16,20:00,36.9,37.0,33.8,88.4,0.0,N@5.1,6.7,38.6,0.0,0,"Smith Canyon East, Franklin County",300023,Smith Canyon East,2017-12-07 11:56:14.872990
2014-12-16,20:15,36.8,36.9,33.7,88.5,0.0,NW@3.3,4.2,38.6,0.0,0,"Smith Canyon East, Franklin County",300023,Smith Canyon East,2017-12-07 11:56:14.872990
2014-12-16,20:30,36.7,36.8,33.7,88.9,0.0,NW@3.3,4.2,38.6,0.0,0,"Smith Canyon East, Franklin County",300023,Smith Canyon East,2017-12-07 11:56:14.872990
2014-12-16,20:45,36.7,36.8,33.8,89.1,0.0,NW@3.2,3.9,38.6,0.0,0,"Smith Canyon East, Franklin County",300023,Smith Canyon East,2017-12-07 11:56:14.872990
2014-12-16,21:00,36.8,36.9,33.9,89.2,0.0,NW@3.6,4.6,38.7,0.0,0,"Smith Canyon East, Franklin County",300023,Smith Canyon East,2017-12-07 11:56:14.872990
2014-12-16,21:15,36.8,36.9,33.9,89.3,0.0,NW@3.5,4.6,38.7,0.0,0,"Smith Canyon East, Franklin County",300023,Smith Canyon East,2017-12-07 11:56:14.872990
2014-12-16,21:30,36.8,36.9,34.0,89.5,0.0,NW@3.4,3.9,38.7,0.0,0,"Smith Canyon East, Franklin County",300023,Smith Canyon East,2017-12-07 11:56:14.872990
2014-12-16,21:45,36.8,36.9,34.0,89.5,0.0,N@2.9,3.5,38.7,0.0,0,"Smith Canyon East, Franklin County",300023,Smith Canyon East,2017-12-07 11:56:14.872990
2014-12-16,22:00,36.8,36.9,34.0,89.5,0.0,NW@3.4,4.2,38.7,0.0,0,"Smith Canyon East, Franklin County",300023,Smith Canyon East,2017-12-07 11:56:14.872990
2014-12-16,22:15,36.8,36.9,34.0,89.7,0.0,NW@3.0,3.9,38.8,0.0,0,"Smith Canyon East, Franklin County",300023,Smith Canyon East,2017-12-07 11:56:14.872990
2014-12-16,22:30,36.9,36.9,34.1,89.7,0.0,NW@2.3,3.5,38.8,0.0,0,"Smith Canyon East, Franklin County",300023,Smith Canyon East,2017-12-07 11:56:14.872990
2014-12-16,22:45,36.9,37.0,34.2,89.8,0.0,NW@2.9,3.5,38.8,0.0,0,"Smith Canyon East, Franklin County",300023,Smith Canyon East,2017-12-07 11:56:14.872990
2014-12-16,23:00,36.9,37.0,34.2,89.7,0.0,N@3.3,4.6,38.8,0.0,0,"Smith Canyon East, Franklin County",300023,Smith Canyon East,2017-12-07 11:56:14.872990
2014-12-16,23:15,37.0,37.1,34.3,89.7,0.0,NW@2.8,3.5,38.8,0.0,0,"Smith Canyon East, Franklin County",300023,Smith Canyon East,2017-12-07 11:56:14.872990
2014-12-16,23:30,37.0,37.1,34.3,89.8,0.0,N@3.6,4.9,38.8,0.0,0,"Smith Canyon East, Franklin County",300023,Smith Canyon East,2017-12-07 11:56:14.872990
2014-12-16,23:45,37.0,37.2,34.3,89.9,0.0,NW@2.9,3.5,38.8,0.0,0,"Smith Canyon East, Franklin County",300023,Smith Canyon East,2017-12-07 11:56:14.872990
2014-12-16,24:00,37.0,37.2,34.4,90.0,0.0,N@2.4,3.1,38.8,0.0,0,"Smith Canyon East, Franklin County",300023,Smith Canyon East,2017-12-07 11:56:14.872990
2014-12-17,00:15,37.1,37.1,34.4,90.2,0.0,N@1.0,2.8,38.8,0.0,0,"Smith Canyon East, Franklin County",300023,Smith Canyon East,2017-12-07 11:56:14.872990
2014-12-17,00:30,37.1,37.1,34.5,90.2,0.0,N@1.9,3.5,38.8,0.0,0,"Smith Canyon East, Franklin County",300023,Smith Canyon East,2017-12-07 11:56:14.872990
2014-12-17,00:45,37.1,37.1,34.5,90.4,0.0,N@1.7,3.5,38.9,0.0,0,"Smith Canyon East, Franklin County",300023,Smith Canyon East,2017-12-07 11:56:14.872990
2014-12-17,01:00,37.2,37.3,34.7,90.4,0.0,N@2.9,4.2,38.9,0.0,0,"Smith Canyon East, Franklin County",300023,Smith Canyon East,2017-12-07 11:56:14.872990
2014-12-17,01:15,37.4,37.4,34.8,90.3,0.0,N@0.9,3.1,38.9,0.0,0,"Smith Canyon East, Franklin County",300023,Smith Canyon East,2017-12-07 11:56:14.872990
2014-12-17,01:30,37.4,37.4,34.8,90.4,0.0,N@2.4,3.1,38.9,0.0,0,"Smith Canyon East, Franklin County",300023,Smith Canyon East,2017-12-07 11:56:14.872990
2014-12-17,01:45,37.1,37.2,34.6,90.6,0.0,N@4.7,6.7,38.9,0.0,0,"Smith Canyon East, Franklin County",300023,Smith Canyon East,2017-12-07 11:56:14.872990
2014-12-17,02:00,36.8,36.9,34.6,91.4,0.0,N@4.4,6.0,38.9,0.0,0,"Smith Canyon East, Franklin County",300023,Smith Canyon East,2017-12-07 11:56:14.872990
2014-12-17,02:15,36.7,36.8,34.6,92.1,0.08,N@4.9,8.2,38.9,0.0,0,"Smith Canyon East, Franklin County",300023,Smith Canyon East,2017-12-07 11:56:14.872990
2014-12-17,02:30,36.3,36.4,34.3,92.5,0.43,N@6.7,8.9,38.9,0.0,0,"Smith Canyon East, Franklin County",300023,Smith Canyon East,2017-12-07 11:56:14.872990
2014-12-17,02:45,35.8,35.9,33.8,92.6,0.5,N@6.6,8.9,38.9,0.0,0,"Smith Canyon East, Franklin County",300023,Smith Canyon East,2017-12-07 11:56:14.872990
2014-12-17,03:00,35.5,35.7,33.6,92.7,0.53,N@6.1,7.4,38.9,0.0,0,"Smith Canyon East, Franklin County",300023,Smith Canyon East,2017-12-07 11:56:14.872990
2014-12-17,03:15,35.5,35.7,33.7,92.9,0.63,N@5.4,7.4,38.9,0.0,0,"Smith Canyon East, Franklin County",300023,Smith Canyon East,2017-12-07 11:56:14.872990
2014-12-17,03:30,35.4,35.6,33.6,93.0,0.79,N@6.1,7.8,38.9,0.0,0,"Smith Canyon East, Franklin County",300023,Smith Canyon East,2017-12-07 11:56:14.872990
2014-12-17,03:45,35.4,35.5,33.6,93.2,0.85,N@6.4,9.6,38.9,0.0,0,"Smith Canyon East, Franklin County",300023,Smith Canyon East,2017-12-07 11:56:14.872990
2014-12-17,04:00,35.1,35.3,33.4,93.3,0.89,N@7.0,9.2,38.9,0.0,0,"Smith Canyon East, Franklin County",300023,Smith Canyon East,2017-12-07 11:56:14.872990
2014-12-17,04:15,35.0,35.2,33.3,93.3,0.9,N@6.6,8.5,38.9,0.0,0,"Smith Canyon East, Franklin County",300023,Smith Canyon East,2017-12-07 11:56:14.872990
2014-12-17,04:30,34.9,35.1,33.2,93.3,0.9,N@6.5,8.2,39.0,0.0,0,"Smith Canyon East, Franklin County",300023,Smith Canyon East,2017-12-07 11:56:14.872990
2014-12-17,04:45,34.7,34.9,33.0,93.3,0.91,N@7.4,8.5,39.0,0.0,0,"Smith Canyon East, Franklin County",300023,Smith Canyon East,2017-12-07 11:56:14.872990
2014-12-17,05:00,34.6,34.8,32.9,93.3,0.91,N@5.6,7.4,39.0,0.0,0,"Smith Canyon East, Franklin County",300023,Smith Canyon East,2017-12-07 11:56:14.872990
2014-12-17,05:15,34.5,34.7,32.8,93.4,0.9,N@6.0,7.8,39.0,0.0,0,"Smith Canyon East, Franklin County",300023,Smith Canyon East,2017-12-07 11:56:14.872990
2014-12-17,05:30,34.3,34.5,32.6,93.4,0.9,N@5.3,7.4,39.0,0.0,0,"Smith Canyon East, Franklin County",300023,Smith Canyon East,2017-12-07 11:56:14.872990
2014-12-17,05:45,34.1,34.3,32.4,93.3,0.9,N@5.8,7.8,39.0,0.0,0,"Smith Canyon East, Franklin County",300023,Smith Canyon East,2017-12-07 11:56:14.872990
2014-12-17,06:00,34.0,34.1,32.2,93.3,0.89,N@4.7,6.0,39.0,0.0,0,"Smith Canyon East, Franklin County",300023,Smith Canyon East,2017-12-07 11:56:14.872990
2014-12-17,06:15,34.0,34.2,32.3,93.4,0.89,N@4.4,6.0,39.0,0.0,0,"Smith Canyon East, Franklin County",300023,Smith Canyon East,2017-12-07 11:56:14.872990
2014-12-17,06:30,34.0,34.1,32.2,93.4,0.89,NE@4.7,6.4,39.0,0.0,0,"Smith Canyon East, Franklin County",300023,Smith Canyon East,2017-12-07 11:56:14.872990
2014-12-17,06:45,33.9,34.1,32.2,93.4,0.88,N@3.8,5.3,39.0,0.0,0,"Smith Canyon East, Franklin County",300023,Smith Canyon East,2017-12-07 11:56:14.872990
2014-12-17,07:00,33.8,34.0,32.1,93.4,0.87,N@3.3,4.6,39.0,0.0,0,"Smith Canyon East, Franklin County",300023,Smith Canyon East,2017-12-07 11:56:14.872990
2014-12-17,07:15,33.8,34.0,32.1,93.4,0.87,N@2.9,3.9,39.0,0.0,0,"Smith Canyon East, Franklin County",300023,Smith Canyon East,2017-12-07 11:56:14.872990
2014-12-17,07:30,33.8,34.1,32.1,93.4,0.87,NE@4.1,6.0,39.0,0.0,1,"Smith Canyon East, Franklin County",300023,Smith Canyon East,2017-12-07 11:56:14.872990
2014-12-17,07:45,34.0,34.1,32.3,93.4,0.87,NE@1.7,4.2,39.0,0.0,3,"Smith Canyon East, Franklin County",300023,Smith Canyon East,2017-12-07 11:56:14.872990
2014-12-17,08:00,34.1,34.2,32.4,93.4,0.87,NW@2.1,3.9,39.0,0.0,10,"Smith Canyon East, Franklin County",300023,Smith Canyon East,2017-12-07 11:56:14.872990
2014-12-17,08:15,33.9,34.0,32.2,93.3,0.86,NW@2.3,3.9,39.0,0.0,13,"Smith Canyon East, Franklin County",300023,Smith Canyon East,2017-12-07 11:56:14.872990
2014-12-17,08:30,33.9,34.1,32.2,93.3,0.86,NW@2.1,3.5,39.0,0.0,17,"Smith Canyon East, Franklin County",300023,Smith Canyon East,2017-12-07 11:56:14.872990
2014-12-17,08:45,34.0,34.1,32.3,93.3,0.85,NW@1.9,3.1,39.0,0.0,16,"Smith Canyon East, Franklin County",300023,Smith Canyon East,2017-12-07 11:56:14.872990
2014-12-17,09:00,34.0,34.3,32.3,93.4,0.84,NW@2.8,3.9,39.0,0.0,21,"Smith Canyon East, Franklin County",300023,Smith Canyon East,2017-12-07 11:56:14.872990
2014-12-17,09:15,34.3,34.5,32.6,93.4,0.82,NW@2.7,3.5,39.0,0.0,31,"Smith Canyon East, Franklin County",300023,Smith Canyon East,2017-12-07 11:56:14.872990
2014-12-17,09:30,34.7,34.8,32.9,93.3,0.81,N@3.0,4.2,39.0,0.0,42,"Smith Canyon East, Franklin County",300023,Smith Canyon East,2017-12-07 11:56:14.872990
2014-12-17,09:45,35.0,35.1,33.3,93.3,0.8,N@3.5,4.6,39.0,0.0,52,"Smith Canyon East, Franklin County",300023,Smith Canyon East,2017-12-07 11:56:14.872990
2014-12-17,10:00,35.2,35.3,33.5,93.2,0.79,N@3.6,4.6,39.0,0.0,58,"Smith Canyon East, Franklin County",300023,Smith Canyon East,2017-12-07 11:56:14.872990
2014-12-17,10:15,35.4,35.5,33.6,93.1,0.76,N@3.6,4.6,38.9,0.0,50,"Smith Canyon East, Franklin County",300023,Smith Canyon East,2017-12-07 11:56:14.872990
2014-12-17,10:30,35.5,35.6,33.6,92.9,0.74,N@3.6,4.6,38.9,0.0,37,"Smith Canyon East, Franklin County",300023,Smith Canyon East,2017-12-07 11:56:14.872990
2014-12-17,10:45,35.7,35.8,33.7,92.5,0.73,N@3.9,5.3,38.9,0.0,53,"Smith Canyon East, Franklin County",300023,Smith Canyon East,2017-12-07 11:56:14.872990
2014-12-17,11:00,36.0,36.1,33.8,91.9,0.7,N@3.0,3.9,38.9,0.0,65,"Smith Canyon East, Franklin County",300023,Smith Canyon East,2017-12-07 11:56:14.872990
2014-12-17,11:15,36.3,36.3,34.0,91.2,0.64,N@3.1,4.2,38.9,0.0,93,"Smith Canyon East, Franklin County",300023,Smith Canyon East,2017-12-07 11:56:14.872990
2014-12-17,11:30,36.7,36.8,34.2,90.5,0.54,N@3.1,4.2,38.9,0.0,131,"Smith Canyon East, Franklin County",300023,Smith Canyon East,2017-12-07 11:56:14.872990
2014-12-17,11:45,37.1,37.1,34.2,89.1,0.4,N@3.0,4.6,38.9,0.0,130,"Smith Canyon East, Franklin County",300023,Smith Canyon East,2017-12-07 11:56:14.872990
2014-12-17,12:00,37.4,37.6,34.3,88.2,0.28,N@2.0,3.1,38.9,0.0,148,"Smith Canyon East, Franklin County",300023,Smith Canyon East,2017-12-07 11:56:14.872990
2014-12-17,12:15,37.7,37.8,34.2,86.9,0.05,N@1.7,3.5,38.9,0.0,132,"Smith Canyon East, Franklin County",300023,Smith Canyon East,2017-12-07 11:56:14.872990
2014-12-17,12:30,37.7,37.8,34.0,86.3,0.0,N@2.8,3.9,38.9,0.0,108,"Smith Canyon East, Franklin County",300023,Smith Canyon East,2017-12-07 11:56:14.872990
2014-12-17,12:45,37.8,38.0,34.1,86.5,0.0,N@3.1,4.6,38.9,0.0,127,"Smith Canyon East, Franklin County",300023,Smith Canyon East,2017-12-07 11:56:14.872990
2014-12-17,13:00,38.2,38.4,34.5,86.2,0.0,N@2.3,3.9,38.9,0.0,107,"Smith Canyon East, Franklin County",300023,Smith Canyon East,2017-12-07 11:56:14.872990
2014-12-17,13:15,38.3,38.4,34.3,85.5,0.0,NW@2.7,4.2,38.9,0.0,98,"Smith Canyon East, Franklin County",300023,Smith Canyon East,2017-12-07 11:56:14.872990
2014-12-17,13:30,38.4,38.5,34.4,85.4,0.0,NW@2.9,4.2,38.9,0.0,88,"Smith Canyon East, Franklin County",300023,Smith Canyon East,2017-12-07 11:56:14.872990
2014-12-17,13:45,38.7,38.8,34.5,84.7,0.0,N@2.6,3.9,38.9,0.0,72,"Smith Canyon East, Franklin County",300023,Smith Canyon East,2017-12-07 11:56:14.872990
2014-12-17,14:00,38.7,38.8,34.4,84.5,0.0,NW@2.9,4.2,38.9,0.0,61,"Smith Canyon East, Franklin County",300023,Smith Canyon East,2017-12-07 11:56:14.872990
2014-12-17,14:15,38.7,38.8,34.6,84.9,0.0,NW@3.0,4.6,39.0,0.0,53,"Smith Canyon East, Franklin County",300023,Smith Canyon East,2017-12-07 11:56:14.872990
2014-12-17,14:30,38.8,38.8,34.5,84.6,0.0,NW@2.6,3.9,39.0,0.0,43,"Smith Canyon East, Franklin County",300023,Smith Canyon East,2017-12-07 11:56:14.872990
2014-12-17,14:45,38.7,38.8,34.3,84.1,0.0,N@2.4,3.1,39.0,0.0,34,"Smith Canyon East, Franklin County",300023,Smith Canyon East,2017-12-07 11:56:14.872990
2014-12-17,15:00,38.7,38.8,34.3,83.9,0.0,NW@2.0,2.8,39.0,0.0,27,"Smith Canyon East, Franklin County",300023,Smith Canyon East,2017-12-07 11:56:14.872990
2014-12-17,15:15,38.8,38.8,34.4,84.0,0.0,N@0.5,2.4,39.1,0.0,26,"Smith Canyon East, Franklin County",300023,Smith Canyon East,2017-12-07 11:56:14.872990
2014-12-17,15:30,38.8,38.7,34.3,83.7,0.0,N@0.0,0.0,39.1,0.0,20,"Smith Canyon East, Franklin County",300023,Smith Canyon East,2017-12-07 11:56:14.872990
2014-12-17,15:45,38.8,38.7,34.4,84.0,0.0,NE@1.5,4.2,39.1,0.0,13,"Smith Canyon East, Franklin County",300023,Smith Canyon East,2017-12-07 11:56:14.872990
2014-12-17,16:00,38.6,38.6,34.3,84.5,0.0,NE@0.9,3.1,39.2,0.0,6,"Smith Canyon East, Franklin County",300023,Smith Canyon East,2017-12-07 11:56:14.872990
2014-12-17,16:15,38.5,38.5,34.5,85.2,0.0,E@1.3,2.8,39.2,0.0,2,"Smith Canyon East, Franklin County",300023,Smith Canyon East,2017-12-07 11:56:14.872990
2014-12-17,16:30,38.2,38.2,34.4,86.0,0.0,SE@2.3,3.1,39.2,0.0,0,"Smith Canyon East, Franklin County",300023,Smith Canyon East,2017-12-07 11:56:14.872990
2014-12-17,16:45,37.9,38.0,34.5,87.1,0.0,SE@2.4,3.5,39.3,0.0,0,"Smith Canyon East, Franklin County",300023,Smith Canyon East,2017-12-07 11:56:14.872990
2014-12-17,17:00,37.8,37.8,34.5,87.7,0.0,SE@1.9,3.1,39.3,0.0,0,"Smith Canyon East, Franklin County",300023,Smith Canyon East,2017-12-07 11:56:14.872990
2014-12-17,17:15,37.8,37.8,34.6,88.1,0.0,SE@0.3,2.1,39.3,0.0,0,"Smith Canyon East, Franklin County",300023,Smith Canyon East,2017-12-07 11:56:14.872990
2014-12-17,17:30,37.8,37.7,34.7,88.4,0.0,N@0.0,0.0,39.4,0.0,0,"Smith Canyon East, Franklin County",300023,Smith Canyon East,2017-12-07 11:56:14.872990
2014-12-17,17:45,37.8,37.7,34.7,88.5,0.0,E@0.8,2.8,39.4,0.0,0,"Smith Canyon East, Franklin County",300023,Smith Canyon East,2017-12-07 11:56:14.872990
2014-12-17,18:00,37.7,37.7,34.5,88.2,0.04,E@1.0,2.8,39.4,0.0,0,"Smith Canyon East, Franklin County",300023,Smith Canyon East,2017-12-07 11:56:14.872990
2014-12-17,18:15,37.6,37.6,34.4,88.0,0.0,E@0.4,2.1,39.5,0.0,0,"Smith Canyon East, Franklin County",300023,Smith Canyon East,2017-12-07 11:56:14.872990
2014-12-17,18:30,37.6,37.5,34.4,88.1,0.0,SE@0.5,2.1,39.5,0.0,0,"Smith Canyon East, Franklin County",300023,Smith Canyon East,2017-12-07 11:56:14.872990
2014-12-17,18:45,37.2,37.2,34.2,88.7,0.0,SW@0.9,2.4,39.5,0.0,0,"Smith Canyon East, Franklin County",300023,Smith Canyon East,2017-12-07 11:56:14.872990
2014-12-17,19:00,37.2,37.2,34.3,89.1,0.0,SE@0.2,2.4,39.5,0.0,0,"Smith Canyon East, Franklin County",300023,Smith Canyon East,2017-12-07 11:56:14.872990
2014-12-17,19:15,37.4,37.5,34.4,89.0,0.04,E@2.6,3.5,39.6,0.0,0,"Smith Canyon East, Franklin County",300023,Smith Canyon East,2017-12-07 11:56:14.872990
2014-12-17,19:30,37.3,37.4,34.4,89.2,0.37,SE@3.5,4.2,39.6,0.0,0,"Smith Canyon East, Franklin County",300023,Smith Canyon East,2017-12-07 11:56:14.872990
2014-12-17,19:45,37.4,37.5,34.5,89.2,0.79,SE@2.9,3.9,39.6,0.0,0,"Smith Canyon East, Franklin County",300023,Smith Canyon East,2017-12-07 11:56:14.872990
2014-12-17,20:00,37.2,37.3,34.4,89.6,0.82,SE@3.4,4.9,39.6,0.0,0,"Smith Canyon East, Franklin County",300023,Smith Canyon East,2017-12-07 11:56:14.872990
2014-12-17,20:15,37.0,37.2,34.4,90.0,0.81,SE@3.6,4.9,39.6,0.0,0,"Smith Canyon East, Franklin County",300023,Smith Canyon East,2017-12-07 11:56:14.872990
2014-12-17,20:30,37.2,37.3,34.6,90.1,0.81,SE@3.7,4.6,39.6,0.0,0,"Smith Canyon East, Franklin County",300023,Smith Canyon East,2017-12-07 11:56:14.872990
2014-12-17,20:45,37.2,37.3,34.6,89.9,0.81,SE@3.5,4.9,39.6,0.0,0,"Smith Canyon East, Franklin County",300023,Smith Canyon East,2017-12-07 11:56:14.872990
2014-12-17,21:00,36.9,37.0,34.2,89.7,0.81,SE@3.2,4.2,39.6,0.0,0,"Smith Canyon East, Franklin County",300023,Smith Canyon East,2017-12-07 11:56:14.872990
2014-12-17,21:15,37.0,37.2,34.3,89.7,0.81,SE@3.7,4.6,39.7,0.0,0,"Smith Canyon East, Franklin County",300023,Smith Canyon East,2017-12-07 11:56:14.872990
2014-12-17,21:30,37.6,37.7,34.8,89.5,0.8,SE@4.3,5.7,39.7,0.0,0,"Smith Canyon East, Franklin County",300023,Smith Canyon East,2017-12-07 11:56:14.872990
2014-12-17,21:45,37.6,37.8,34.8,89.5,0.8,SE@4.7,6.0,39.7,0.0,0,"Smith Canyon East, Franklin County",300023,Smith Canyon East,2017-12-07 11:56:14.872990
2014-12-17,22:00,37.8,37.9,35.1,89.9,0.84,SE@4.2,5.7,39.7,0.0,0,"Smith Canyon East, Franklin County",300023,Smith Canyon East,2017-12-07 11:56:14.872990
2014-12-17,22:15,37.9,38.1,35.3,90.2,0.86,SE@3.9,4.9,39.7,0.0,0,"Smith Canyon East, Franklin County",300023,Smith Canyon East,2017-12-07 11:56:14.872990
2014-12-17,22:30,38.0,38.2,35.6,90.7,0.85,SE@4.0,5.3,39.7,0.0,0,"Smith Canyon East, Franklin County",300023,Smith Canyon East,2017-12-07 11:56:14.872990
2014-12-17,22:45,38.3,38.4,35.9,90.9,0.85,SE@4.2,6.0,39.7,0.0,0,"Smith Canyon East, Franklin County",300023,Smith Canyon East,2017-12-07 11:56:14.872990
2014-12-17,23:00,38.4,38.5,36.2,91.7,0.85,SE@3.6,4.6,39.7,0.0,0,"Smith Canyon East, Franklin County",300023,Smith Canyon East,2017-12-07 11:56:14.872990
2014-12-17,23:15,38.3,38.4,36.1,91.9,0.85,SE@4.3,5.3,39.7,0.0,0,"Smith Canyon East, Franklin County",300023,Smith Canyon East,2017-12-07 11:56:14.872990
2014-12-17,23:30,38.2,38.3,36.0,91.9,0.84,SE@4.0,5.3,39.7,0.0,0,"Smith Canyon East, Franklin County",300023,Smith Canyon East,2017-12-07 11:56:14.872990
2014-12-17,23:45,38.1,38.3,35.9,91.8,0.84,SE@4.5,6.0,39.7,0.0,0,"Smith Canyon East, Franklin County",300023,Smith Canyon East,2017-12-07 11:56:14.872990
2014-12-17,24:00,38.2,38.4,36.0,91.6,0.83,SE@3.5,4.9,39.7,0.0,0,"Smith Canyon East, Franklin County",300023,Smith Canyon East,2017-12-07 11:56:14.872990
