Date,Time PST,Air Temp °F, 2<sup>nd</sup> Air Temp °F, Dew Point °F, Rel Hum %, Leaf Wet u., Wind Dir @ Speed mph, Wind Gust mph, 8 in. Soil Tmp °F, Tot Prec in, Solar Rad W/m²,Location,Station ID,Station Name,Download Timestamp
2009-01-29,00:15,43.1,,39.8,88.0,0.01,S@4.5,6.4,40.0,0.0,0,"Coupeville (Whidbey Island), Coupeville, Island County",330164,Coupeville (Whidbey Island),2017-12-09 19:43:04.582294
2009-01-29,00:30,42.9,,40.4,90.9,0.01,S@4.1,5.7,40.0,0.0,0,"Coupeville (Whidbey Island), Coupeville, Island County",330164,Coupeville (Whidbey Island),2017-12-09 19:43:04.582294
2009-01-29,00:45,43.0,,40.8,91.8,0.02,S@4.9,6.4,40.0,0.0,0,"Coupeville (Whidbey Island), Coupeville, Island County",330164,Coupeville (Whidbey Island),2017-12-09 19:43:04.582294
2009-01-29,01:00,43.1,,40.6,91.1,0.02,SW@3.5,6.0,40.0,0.0,0,"Coupeville (Whidbey Island), Coupeville, Island County",330164,Coupeville (Whidbey Island),2017-12-09 19:43:04.582294
2009-01-29,01:15,42.5,,40.8,93.7,0.02,SW@2.9,5.3,40.0,0.0,0,"Coupeville (Whidbey Island), Coupeville, Island County",330164,Coupeville (Whidbey Island),2017-12-09 19:43:04.582294
2009-01-29,01:30,42.5,,41.1,94.8,0.03,SW@3.8,6.0,40.0,0.0,0,"Coupeville (Whidbey Island), Coupeville, Island County",330164,Coupeville (Whidbey Island),2017-12-09 19:43:04.582294
2009-01-29,01:45,42.3,,41.2,95.8,0.04,SW@3.6,4.9,40.0,0.0,0,"Coupeville (Whidbey Island), Coupeville, Island County",330164,Coupeville (Whidbey Island),2017-12-09 19:43:04.582294
2009-01-29,02:00,41.7,,41.0,97.4,0.12,SW@2.6,3.5,40.0,0.0,0,"Coupeville (Whidbey Island), Coupeville, Island County",330164,Coupeville (Whidbey Island),2017-12-09 19:43:04.582294
2009-01-29,02:15,41.8,,41.0,97.1,0.2,S@2.2,3.9,40.0,0.0,0,"Coupeville (Whidbey Island), Coupeville, Island County",330164,Coupeville (Whidbey Island),2017-12-09 19:43:04.582294
2009-01-29,02:30,42.1,,40.9,95.4,0.24,SE@1.2,2.8,40.0,0.0,0,"Coupeville (Whidbey Island), Coupeville, Island County",330164,Coupeville (Whidbey Island),2017-12-09 19:43:04.582294
2009-01-29,02:45,41.5,,40.6,96.5,0.21,S@3.1,5.3,40.0,0.0,0,"Coupeville (Whidbey Island), Coupeville, Island County",330164,Coupeville (Whidbey Island),2017-12-09 19:43:04.582294
2009-01-29,03:00,41.7,,40.8,96.8,0.59,SE@1.3,4.2,39.9,0.0,0,"Coupeville (Whidbey Island), Coupeville, Island County",330164,Coupeville (Whidbey Island),2017-12-09 19:43:04.582294
2009-01-29,03:15,41.7,,41.1,97.7,0.89,S@4.4,8.5,39.9,0.0,0,"Coupeville (Whidbey Island), Coupeville, Island County",330164,Coupeville (Whidbey Island),2017-12-09 19:43:04.582294
2009-01-29,03:30,41.7,,41.1,97.6,0.88,S@4.4,6.4,39.9,0.0,0,"Coupeville (Whidbey Island), Coupeville, Island County",330164,Coupeville (Whidbey Island),2017-12-09 19:43:04.582294
2009-01-29,03:45,41.7,,41.1,97.8,0.86,S@4.5,6.7,39.9,0.0,0,"Coupeville (Whidbey Island), Coupeville, Island County",330164,Coupeville (Whidbey Island),2017-12-09 19:43:04.582294
2009-01-29,04:00,41.4,,41.0,98.3,0.84,S@4.7,6.4,39.9,0.0,0,"Coupeville (Whidbey Island), Coupeville, Island County",330164,Coupeville (Whidbey Island),2017-12-09 19:43:04.582294
2009-01-29,04:15,41.2,,41.0,99.2,0.84,S@4.1,5.3,39.9,0.01,0,"Coupeville (Whidbey Island), Coupeville, Island County",330164,Coupeville (Whidbey Island),2017-12-09 19:43:04.582294
2009-01-29,04:30,40.8,,40.8,99.7,0.9,S@3.0,4.6,39.9,0.0,0,"Coupeville (Whidbey Island), Coupeville, Island County",330164,Coupeville (Whidbey Island),2017-12-09 19:43:04.582294
2009-01-29,04:45,40.8,,40.7,99.8,0.93,SE@2.8,4.6,40.0,0.0,0,"Coupeville (Whidbey Island), Coupeville, Island County",330164,Coupeville (Whidbey Island),2017-12-09 19:43:04.582294
2009-01-29,05:00,40.8,,40.7,99.8,0.97,E@2.9,4.6,40.0,0.0,0,"Coupeville (Whidbey Island), Coupeville, Island County",330164,Coupeville (Whidbey Island),2017-12-09 19:43:04.582294
2009-01-29,05:15,40.8,,40.7,99.7,1.0,E@3.2,4.9,40.0,0.0,0,"Coupeville (Whidbey Island), Coupeville, Island County",330164,Coupeville (Whidbey Island),2017-12-09 19:43:04.582294
2009-01-29,05:30,40.4,,40.3,99.7,1.0,E@3.7,6.4,40.0,0.01,0,"Coupeville (Whidbey Island), Coupeville, Island County",330164,Coupeville (Whidbey Island),2017-12-09 19:43:04.582294
2009-01-29,05:45,40.3,,40.2,99.7,1.0,E@3.7,6.4,40.0,0.0,0,"Coupeville (Whidbey Island), Coupeville, Island County",330164,Coupeville (Whidbey Island),2017-12-09 19:43:04.582294
2009-01-29,06:00,40.3,,40.2,99.7,1.0,SE@3.3,5.3,40.0,0.0,0,"Coupeville (Whidbey Island), Coupeville, Island County",330164,Coupeville (Whidbey Island),2017-12-09 19:43:04.582294
2009-01-29,06:15,40.3,,40.2,99.7,1.0,SE@3.9,7.1,40.0,0.0,0,"Coupeville (Whidbey Island), Coupeville, Island County",330164,Coupeville (Whidbey Island),2017-12-09 19:43:04.582294
2009-01-29,06:30,40.3,,40.2,99.7,1.0,SE@4.6,7.1,40.0,0.0,0,"Coupeville (Whidbey Island), Coupeville, Island County",330164,Coupeville (Whidbey Island),2017-12-09 19:43:04.582294
2009-01-29,06:45,40.3,,40.2,99.7,1.0,SE@4.9,7.4,40.0,0.0,0,"Coupeville (Whidbey Island), Coupeville, Island County",330164,Coupeville (Whidbey Island),2017-12-09 19:43:04.582294
2009-01-29,07:00,40.2,,40.2,99.7,1.0,SE@4.4,7.1,40.0,0.0,0,"Coupeville (Whidbey Island), Coupeville, Island County",330164,Coupeville (Whidbey Island),2017-12-09 19:43:04.582294
2009-01-29,07:15,39.8,,39.8,99.7,1.0,S@4.8,8.2,40.0,0.0,0,"Coupeville (Whidbey Island), Coupeville, Island County",330164,Coupeville (Whidbey Island),2017-12-09 19:43:04.582294
2009-01-29,07:30,40.2,,40.1,99.7,1.0,S@5.2,7.1,40.0,0.0,0,"Coupeville (Whidbey Island), Coupeville, Island County",330164,Coupeville (Whidbey Island),2017-12-09 19:43:04.582294
2009-01-29,07:45,40.2,,40.1,99.7,1.0,S@4.4,6.7,40.0,0.0,0,"Coupeville (Whidbey Island), Coupeville, Island County",330164,Coupeville (Whidbey Island),2017-12-09 19:43:04.582294
2009-01-29,08:00,40.3,,40.2,99.6,1.0,SE@4.9,6.7,40.0,0.0,3,"Coupeville (Whidbey Island), Coupeville, Island County",330164,Coupeville (Whidbey Island),2017-12-09 19:43:04.582294
2009-01-29,08:15,40.3,,40.1,99.3,0.99,S@5.7,8.2,40.0,0.0,9,"Coupeville (Whidbey Island), Coupeville, Island County",330164,Coupeville (Whidbey Island),2017-12-09 19:43:04.582294
2009-01-29,08:30,40.3,,40.1,99.1,0.94,S@7.9,12.1,40.0,0.0,19,"Coupeville (Whidbey Island), Coupeville, Island County",330164,Coupeville (Whidbey Island),2017-12-09 19:43:04.582294
2009-01-29,08:45,40.3,,40.0,98.7,0.93,S@7.5,10.3,40.0,0.0,31,"Coupeville (Whidbey Island), Coupeville, Island County",330164,Coupeville (Whidbey Island),2017-12-09 19:43:04.582294
2009-01-29,09:00,40.3,,40.1,99.3,0.91,S@7.4,9.6,39.9,0.0,41,"Coupeville (Whidbey Island), Coupeville, Island County",330164,Coupeville (Whidbey Island),2017-12-09 19:43:04.582294
2009-01-29,09:15,40.6,,40.4,99.1,0.88,S@8.0,11.4,39.9,0.0,57,"Coupeville (Whidbey Island), Coupeville, Island County",330164,Coupeville (Whidbey Island),2017-12-09 19:43:04.582294
2009-01-29,09:30,40.8,,40.3,98.1,0.76,S@8.3,11.7,39.9,0.0,68,"Coupeville (Whidbey Island), Coupeville, Island County",330164,Coupeville (Whidbey Island),2017-12-09 19:43:04.582294
2009-01-29,09:45,41.1,,40.5,97.9,0.38,S@6.2,9.2,39.9,0.0,63,"Coupeville (Whidbey Island), Coupeville, Island County",330164,Coupeville (Whidbey Island),2017-12-09 19:43:04.582294
2009-01-29,10:00,41.2,,40.7,97.8,0.11,S@6.3,9.2,39.9,0.0,68,"Coupeville (Whidbey Island), Coupeville, Island County",330164,Coupeville (Whidbey Island),2017-12-09 19:43:04.582294
2009-01-29,10:15,41.5,,40.8,97.5,0.06,S@5.8,8.2,39.9,0.0,78,"Coupeville (Whidbey Island), Coupeville, Island County",330164,Coupeville (Whidbey Island),2017-12-09 19:43:04.582294
2009-01-29,10:30,41.5,,40.8,97.2,0.05,S@7.4,10.3,39.9,0.0,91,"Coupeville (Whidbey Island), Coupeville, Island County",330164,Coupeville (Whidbey Island),2017-12-09 19:43:04.582294
2009-01-29,10:45,41.6,,41.2,98.1,0.05,S@7.2,10.3,39.9,0.0,119,"Coupeville (Whidbey Island), Coupeville, Island County",330164,Coupeville (Whidbey Island),2017-12-09 19:43:04.582294
2009-01-29,11:00,41.7,,41.1,97.8,0.04,S@7.8,11.4,39.9,0.0,123,"Coupeville (Whidbey Island), Coupeville, Island County",330164,Coupeville (Whidbey Island),2017-12-09 19:43:04.582294
2009-01-29,11:15,41.7,,40.9,96.9,0.04,S@7.9,12.1,39.9,0.0,120,"Coupeville (Whidbey Island), Coupeville, Island County",330164,Coupeville (Whidbey Island),2017-12-09 19:43:04.582294
2009-01-29,11:30,41.8,,40.6,95.8,0.03,S@8.2,11.7,39.9,0.0,113,"Coupeville (Whidbey Island), Coupeville, Island County",330164,Coupeville (Whidbey Island),2017-12-09 19:43:04.582294
2009-01-29,11:45,41.9,,40.5,95.0,0.02,S@8.5,11.4,40.0,0.0,133,"Coupeville (Whidbey Island), Coupeville, Island County",330164,Coupeville (Whidbey Island),2017-12-09 19:43:04.582294
2009-01-29,12:00,43.0,,41.4,94.1,0.02,S@8.4,12.8,40.0,0.0,236,"Coupeville (Whidbey Island), Coupeville, Island County",330164,Coupeville (Whidbey Island),2017-12-09 19:43:04.582294
2009-01-29,12:15,43.6,,41.5,92.2,0.01,S@8.7,13.2,40.0,0.0,264,"Coupeville (Whidbey Island), Coupeville, Island County",330164,Coupeville (Whidbey Island),2017-12-09 19:43:04.582294
2009-01-29,12:30,43.8,,41.8,92.7,0.01,S@7.4,11.4,40.0,0.0,234,"Coupeville (Whidbey Island), Coupeville, Island County",330164,Coupeville (Whidbey Island),2017-12-09 19:43:04.582294
2009-01-29,12:45,44.1,,42.2,92.9,0.01,S@7.5,10.7,40.0,0.0,205,"Coupeville (Whidbey Island), Coupeville, Island County",330164,Coupeville (Whidbey Island),2017-12-09 19:43:04.582294
2009-01-29,13:00,44.1,,42.3,93.1,0.01,S@8.0,12.4,40.1,0.0,200,"Coupeville (Whidbey Island), Coupeville, Island County",330164,Coupeville (Whidbey Island),2017-12-09 19:43:04.582294
2009-01-29,13:15,44.0,,42.2,93.2,0.01,S@8.4,12.4,40.1,0.0,199,"Coupeville (Whidbey Island), Coupeville, Island County",330164,Coupeville (Whidbey Island),2017-12-09 19:43:04.582294
2009-01-29,13:30,44.3,,42.3,92.7,0.01,S@8.4,11.7,40.1,0.0,212,"Coupeville (Whidbey Island), Coupeville, Island County",330164,Coupeville (Whidbey Island),2017-12-09 19:43:04.582294
2009-01-29,13:45,44.2,,42.2,92.4,0.01,S@8.6,11.7,40.2,0.0,206,"Coupeville (Whidbey Island), Coupeville, Island County",330164,Coupeville (Whidbey Island),2017-12-09 19:43:04.582294
2009-01-29,14:00,44.2,,41.9,91.5,0.01,S@7.6,11.4,40.2,0.0,173,"Coupeville (Whidbey Island), Coupeville, Island County",330164,Coupeville (Whidbey Island),2017-12-09 19:43:04.582294
2009-01-29,14:15,44.1,,41.6,90.8,0.01,S@8.9,11.7,40.3,0.0,162,"Coupeville (Whidbey Island), Coupeville, Island County",330164,Coupeville (Whidbey Island),2017-12-09 19:43:04.582294
2009-01-29,14:30,44.1,,41.4,90.3,0.01,S@8.6,12.4,40.3,0.0,156,"Coupeville (Whidbey Island), Coupeville, Island County",330164,Coupeville (Whidbey Island),2017-12-09 19:43:04.582294
2009-01-29,14:45,44.1,,41.2,89.6,0.01,S@8.7,11.4,40.4,0.0,145,"Coupeville (Whidbey Island), Coupeville, Island County",330164,Coupeville (Whidbey Island),2017-12-09 19:43:04.582294
2009-01-29,15:00,44.3,,41.4,89.5,0.01,S@8.2,10.7,40.4,0.0,122,"Coupeville (Whidbey Island), Coupeville, Island County",330164,Coupeville (Whidbey Island),2017-12-09 19:43:04.582294
2009-01-29,15:15,44.4,,41.3,88.8,0.01,S@7.9,11.0,40.5,0.0,109,"Coupeville (Whidbey Island), Coupeville, Island County",330164,Coupeville (Whidbey Island),2017-12-09 19:43:04.582294
2009-01-29,15:30,44.4,,41.1,88.2,0.01,S@7.5,10.7,40.6,0.0,100,"Coupeville (Whidbey Island), Coupeville, Island County",330164,Coupeville (Whidbey Island),2017-12-09 19:43:04.582294
2009-01-29,15:45,44.4,,41.1,88.1,0.01,S@7.2,9.9,40.6,0.0,78,"Coupeville (Whidbey Island), Coupeville, Island County",330164,Coupeville (Whidbey Island),2017-12-09 19:43:04.582294
2009-01-29,16:00,44.4,,40.9,87.4,0.01,S@5.5,8.5,40.7,0.0,66,"Coupeville (Whidbey Island), Coupeville, Island County",330164,Coupeville (Whidbey Island),2017-12-09 19:43:04.582294
2009-01-29,16:15,44.4,,40.7,86.8,0.01,S@7.0,9.2,40.7,0.0,59,"Coupeville (Whidbey Island), Coupeville, Island County",330164,Coupeville (Whidbey Island),2017-12-09 19:43:04.582294
2009-01-29,16:30,44.4,,40.8,87.1,0.01,S@5.5,8.9,40.8,0.0,54,"Coupeville (Whidbey Island), Coupeville, Island County",330164,Coupeville (Whidbey Island),2017-12-09 19:43:04.582294
2009-01-29,16:45,44.3,,40.8,87.2,0.01,S@4.6,7.4,40.9,0.0,38,"Coupeville (Whidbey Island), Coupeville, Island County",330164,Coupeville (Whidbey Island),2017-12-09 19:43:04.582294
2009-01-29,17:00,43.7,,40.4,88.2,0.01,S@4.0,6.0,40.9,0.0,19,"Coupeville (Whidbey Island), Coupeville, Island County",330164,Coupeville (Whidbey Island),2017-12-09 19:43:04.582294
2009-01-29,17:15,43.4,,39.9,87.5,0.01,S@5.4,9.6,41.0,0.0,8,"Coupeville (Whidbey Island), Coupeville, Island County",330164,Coupeville (Whidbey Island),2017-12-09 19:43:04.582294
2009-01-29,17:30,42.8,,39.7,88.4,0.02,S@3.4,6.7,41.1,0.0,1,"Coupeville (Whidbey Island), Coupeville, Island County",330164,Coupeville (Whidbey Island),2017-12-09 19:43:04.582294
2009-01-29,17:45,42.3,,39.7,90.5,0.03,S@2.6,3.5,41.1,0.0,0,"Coupeville (Whidbey Island), Coupeville, Island County",330164,Coupeville (Whidbey Island),2017-12-09 19:43:04.582294
2009-01-29,18:00,41.7,,39.3,91.1,0.05,SE@1.9,3.1,41.1,0.0,0,"Coupeville (Whidbey Island), Coupeville, Island County",330164,Coupeville (Whidbey Island),2017-12-09 19:43:04.582294
2009-01-29,18:15,40.4,,38.7,93.6,0.1,S@0.9,2.4,41.2,0.0,0,"Coupeville (Whidbey Island), Coupeville, Island County",330164,Coupeville (Whidbey Island),2017-12-09 19:43:04.582294
2009-01-29,18:30,40.8,,39.4,94.5,0.17,SE@1.1,2.4,41.2,0.0,0,"Coupeville (Whidbey Island), Coupeville, Island County",330164,Coupeville (Whidbey Island),2017-12-09 19:43:04.582294
2009-01-29,18:45,39.6,,37.7,92.8,0.19,SE@1.6,3.5,41.2,0.0,0,"Coupeville (Whidbey Island), Coupeville, Island County",330164,Coupeville (Whidbey Island),2017-12-09 19:43:04.582294
2009-01-29,19:00,37.9,,37.5,98.2,0.28,E@2.7,3.5,41.3,0.0,0,"Coupeville (Whidbey Island), Coupeville, Island County",330164,Coupeville (Whidbey Island),2017-12-09 19:43:04.582294
2009-01-29,19:15,37.4,,37.1,99.1,0.39,E@2.8,3.5,41.3,0.0,0,"Coupeville (Whidbey Island), Coupeville, Island County",330164,Coupeville (Whidbey Island),2017-12-09 19:43:04.582294
2009-01-29,19:30,35.8,,35.4,98.5,0.46,SE@0.2,2.4,41.3,0.0,0,"Coupeville (Whidbey Island), Coupeville, Island County",330164,Coupeville (Whidbey Island),2017-12-09 19:43:04.582294
2009-01-29,19:45,35.4,,35.4,99.6,0.55,NE@2.4,3.9,41.3,0.0,0,"Coupeville (Whidbey Island), Coupeville, Island County",330164,Coupeville (Whidbey Island),2017-12-09 19:43:04.582294
2009-01-29,20:00,35.2,,35.1,99.7,0.62,E@3.2,4.9,41.3,0.0,0,"Coupeville (Whidbey Island), Coupeville, Island County",330164,Coupeville (Whidbey Island),2017-12-09 19:43:04.582294
2009-01-29,20:15,35.6,,35.5,99.7,0.67,E@1.4,3.1,41.3,0.0,0,"Coupeville (Whidbey Island), Coupeville, Island County",330164,Coupeville (Whidbey Island),2017-12-09 19:43:04.582294
2009-01-29,20:30,35.0,,35.0,99.7,0.73,E@1.4,2.1,41.3,0.0,0,"Coupeville (Whidbey Island), Coupeville, Island County",330164,Coupeville (Whidbey Island),2017-12-09 19:43:04.582294
2009-01-29,20:45,35.4,,35.4,99.7,0.78,E@2.0,2.8,41.2,0.0,0,"Coupeville (Whidbey Island), Coupeville, Island County",330164,Coupeville (Whidbey Island),2017-12-09 19:43:04.582294
2009-01-29,21:00,34.7,,34.6,99.7,0.82,E@2.4,2.8,41.2,0.0,0,"Coupeville (Whidbey Island), Coupeville, Island County",330164,Coupeville (Whidbey Island),2017-12-09 19:43:04.582294
2009-01-29,21:15,33.9,,33.9,99.7,0.85,NE@2.9,3.5,41.2,0.0,0,"Coupeville (Whidbey Island), Coupeville, Island County",330164,Coupeville (Whidbey Island),2017-12-09 19:43:04.582294
2009-01-29,21:30,34.6,,34.5,99.7,0.88,NE@1.8,2.4,41.1,0.0,0,"Coupeville (Whidbey Island), Coupeville, Island County",330164,Coupeville (Whidbey Island),2017-12-09 19:43:04.582294
2009-01-29,21:45,33.6,,33.5,99.7,0.9,NE@2.5,3.1,41.1,0.0,0,"Coupeville (Whidbey Island), Coupeville, Island County",330164,Coupeville (Whidbey Island),2017-12-09 19:43:04.582294
2009-01-29,22:00,34.3,,34.2,99.7,0.92,NE@2.6,3.5,41.0,0.0,0,"Coupeville (Whidbey Island), Coupeville, Island County",330164,Coupeville (Whidbey Island),2017-12-09 19:43:04.582294
2009-01-29,22:15,34.0,,33.9,99.7,0.93,E@2.5,3.1,41.0,0.0,0,"Coupeville (Whidbey Island), Coupeville, Island County",330164,Coupeville (Whidbey Island),2017-12-09 19:43:04.582294
2009-01-29,22:30,32.9,,32.9,99.7,0.94,S@0.6,2.4,40.9,0.0,0,"Coupeville (Whidbey Island), Coupeville, Island County",330164,Coupeville (Whidbey Island),2017-12-09 19:43:04.582294
2009-01-29,22:45,33.3,,33.2,99.7,0.94,S@0.2,1.7,40.9,0.0,0,"Coupeville (Whidbey Island), Coupeville, Island County",330164,Coupeville (Whidbey Island),2017-12-09 19:43:04.582294
2009-01-29,23:00,33.6,,33.5,99.7,0.97,NE@1.8,2.4,40.8,0.0,0,"Coupeville (Whidbey Island), Coupeville, Island County",330164,Coupeville (Whidbey Island),2017-12-09 19:43:04.582294
2009-01-29,23:15,33.0,,33.0,99.7,1.0,E@0.8,2.1,40.8,0.0,0,"Coupeville (Whidbey Island), Coupeville, Island County",330164,Coupeville (Whidbey Island),2017-12-09 19:43:04.582294
2009-01-29,23:30,33.6,,33.5,99.7,0.88,SW@0.1,1.4,40.7,0.0,0,"Coupeville (Whidbey Island), Coupeville, Island County",330164,Coupeville (Whidbey Island),2017-12-09 19:43:04.582294
2009-01-29,23:45,35.4,,35.4,99.7,0.92,SW@0.9,2.1,40.6,0.0,0,"Coupeville (Whidbey Island), Coupeville, Island County",330164,Coupeville (Whidbey Island),2017-12-09 19:43:04.582294
2009-01-29,24:00,34.0,,33.9,99.7,0.89,NE@1.5,2.4,40.6,0.0,0,"Coupeville (Whidbey Island), Coupeville, Island County",330164,Coupeville (Whidbey Island),2017-12-09 19:43:04.582294
2009-01-30,00:15,33.1,,33.0,99.7,0.82,E@2.0,3.1,40.5,0.0,0,"Coupeville (Whidbey Island), Coupeville, Island County",330164,Coupeville (Whidbey Island),2017-12-09 19:43:04.582294
2009-01-30,00:30,32.5,,32.4,99.7,0.72,NE@2.4,3.5,40.4,0.0,0,"Coupeville (Whidbey Island), Coupeville, Island County",330164,Coupeville (Whidbey Island),2017-12-09 19:43:04.582294
2009-01-30,00:45,34.9,,34.9,99.7,0.94,NE@2.3,3.5,40.4,0.0,0,"Coupeville (Whidbey Island), Coupeville, Island County",330164,Coupeville (Whidbey Island),2017-12-09 19:43:04.582294
2009-01-30,01:00,35.9,,35.8,99.7,1.0,NE@3.3,4.2,40.3,0.0,0,"Coupeville (Whidbey Island), Coupeville, Island County",330164,Coupeville (Whidbey Island),2017-12-09 19:43:04.582294
2009-01-30,01:15,35.8,,35.7,99.7,1.0,NE@3.7,4.9,40.2,0.0,0,"Coupeville (Whidbey Island), Coupeville, Island County",330164,Coupeville (Whidbey Island),2017-12-09 19:43:04.582294
2009-01-30,01:30,35.4,,35.4,99.7,1.0,NE@1.1,2.8,40.2,0.0,0,"Coupeville (Whidbey Island), Coupeville, Island County",330164,Coupeville (Whidbey Island),2017-12-09 19:43:04.582294
2009-01-30,01:45,34.0,,33.9,99.7,1.0,E@0.5,2.4,40.1,0.0,0,"Coupeville (Whidbey Island), Coupeville, Island County",330164,Coupeville (Whidbey Island),2017-12-09 19:43:04.582294
2009-01-30,02:00,33.7,,33.6,99.7,1.0,N@0.0,0.0,40.0,0.0,0,"Coupeville (Whidbey Island), Coupeville, Island County",330164,Coupeville (Whidbey Island),2017-12-09 19:43:04.582294
2009-01-30,02:15,32.6,,32.5,99.7,1.0,E@0.2,2.1,40.0,0.0,0,"Coupeville (Whidbey Island), Coupeville, Island County",330164,Coupeville (Whidbey Island),2017-12-09 19:43:04.582294
2009-01-30,02:30,31.9,,31.8,99.7,0.79,S@1.3,3.1,39.9,0.0,0,"Coupeville (Whidbey Island), Coupeville, Island County",330164,Coupeville (Whidbey Island),2017-12-09 19:43:04.582294
2009-01-30,02:45,32.3,,32.2,99.7,0.55,SE@0.1,2.4,39.9,0.0,0,"Coupeville (Whidbey Island), Coupeville, Island County",330164,Coupeville (Whidbey Island),2017-12-09 19:43:04.582294
2009-01-30,03:00,30.1,,29.6,99.7,0.45,E@2.6,3.5,39.8,0.0,0,"Coupeville (Whidbey Island), Coupeville, Island County",330164,Coupeville (Whidbey Island),2017-12-09 19:43:04.582294
2009-01-30,03:15,32.1,,32.0,99.7,0.7,SE@2.2,2.8,39.7,0.0,0,"Coupeville (Whidbey Island), Coupeville, Island County",330164,Coupeville (Whidbey Island),2017-12-09 19:43:04.582294
2009-01-30,03:30,31.7,,31.5,99.7,0.61,E@1.4,2.8,39.7,0.0,0,"Coupeville (Whidbey Island), Coupeville, Island County",330164,Coupeville (Whidbey Island),2017-12-09 19:43:04.582294
2009-01-30,03:45,30.4,,30.0,99.7,0.48,NE@2.5,2.8,39.6,0.0,0,"Coupeville (Whidbey Island), Coupeville, Island County",330164,Coupeville (Whidbey Island),2017-12-09 19:43:04.582294
2009-01-30,04:00,30.5,,30.0,99.7,0.4,E@1.0,2.4,39.6,0.0,0,"Coupeville (Whidbey Island), Coupeville, Island County",330164,Coupeville (Whidbey Island),2017-12-09 19:43:04.582294
2009-01-30,04:15,29.9,,29.4,99.7,0.36,SE@1.2,2.8,39.5,0.0,0,"Coupeville (Whidbey Island), Coupeville, Island County",330164,Coupeville (Whidbey Island),2017-12-09 19:43:04.582294
2009-01-30,04:30,29.2,,28.6,99.7,0.37,E@2.3,2.8,39.5,0.0,0,"Coupeville (Whidbey Island), Coupeville, Island County",330164,Coupeville (Whidbey Island),2017-12-09 19:43:04.582294
2009-01-30,04:45,29.4,,28.9,99.7,0.36,E@0.7,2.8,39.4,0.0,0,"Coupeville (Whidbey Island), Coupeville, Island County",330164,Coupeville (Whidbey Island),2017-12-09 19:43:04.582294
2009-01-30,05:00,29.6,,29.0,99.7,0.38,E@2.0,3.1,39.3,0.0,0,"Coupeville (Whidbey Island), Coupeville, Island County",330164,Coupeville (Whidbey Island),2017-12-09 19:43:04.582294
2009-01-30,05:15,30.4,,30.0,99.7,0.47,E@2.4,3.1,39.3,0.0,0,"Coupeville (Whidbey Island), Coupeville, Island County",330164,Coupeville (Whidbey Island),2017-12-09 19:43:04.582294
2009-01-30,05:30,29.4,,28.9,99.7,0.35,E@2.1,3.1,39.2,0.0,0,"Coupeville (Whidbey Island), Coupeville, Island County",330164,Coupeville (Whidbey Island),2017-12-09 19:43:04.582294
2009-01-30,05:45,30.1,,29.7,99.7,0.45,NE@2.0,3.5,39.2,0.0,0,"Coupeville (Whidbey Island), Coupeville, Island County",330164,Coupeville (Whidbey Island),2017-12-09 19:43:04.582294
2009-01-30,06:00,30.6,,30.2,99.7,0.44,N@0.0,0.0,39.1,0.0,0,"Coupeville (Whidbey Island), Coupeville, Island County",330164,Coupeville (Whidbey Island),2017-12-09 19:43:04.582294
2009-01-30,06:15,32.1,,32.0,99.7,0.63,SE@1.5,2.4,39.1,0.0,0,"Coupeville (Whidbey Island), Coupeville, Island County",330164,Coupeville (Whidbey Island),2017-12-09 19:43:04.582294
2009-01-30,06:30,31.9,,31.7,99.7,0.55,E@0.1,2.1,39.0,0.0,0,"Coupeville (Whidbey Island), Coupeville, Island County",330164,Coupeville (Whidbey Island),2017-12-09 19:43:04.582294
2009-01-30,06:45,30.4,,29.9,99.7,0.43,E@0.1,1.7,39.0,0.0,0,"Coupeville (Whidbey Island), Coupeville, Island County",330164,Coupeville (Whidbey Island),2017-12-09 19:43:04.582294
2009-01-30,07:00,30.3,,29.9,99.7,0.38,N@0.0,0.0,38.9,0.0,0,"Coupeville (Whidbey Island), Coupeville, Island County",330164,Coupeville (Whidbey Island),2017-12-09 19:43:04.582294
2009-01-30,07:15,30.2,,29.8,99.7,0.38,N@0.0,0.0,38.9,0.0,0,"Coupeville (Whidbey Island), Coupeville, Island County",330164,Coupeville (Whidbey Island),2017-12-09 19:43:04.582294
2009-01-30,07:30,29.1,,28.5,99.7,0.38,N@0.0,0.0,38.9,0.0,0,"Coupeville (Whidbey Island), Coupeville, Island County",330164,Coupeville (Whidbey Island),2017-12-09 19:43:04.582294
2009-01-30,07:45,29.0,,28.3,99.7,0.38,E@0.7,4.2,38.8,0.0,2,"Coupeville (Whidbey Island), Coupeville, Island County",330164,Coupeville (Whidbey Island),2017-12-09 19:43:04.582294
2009-01-30,08:00,29.6,,29.1,99.7,0.45,SE@1.0,2.4,38.8,0.0,7,"Coupeville (Whidbey Island), Coupeville, Island County",330164,Coupeville (Whidbey Island),2017-12-09 19:43:04.582294
2009-01-30,08:15,30.1,,29.6,99.7,0.59,S@0.9,2.4,38.7,0.0,15,"Coupeville (Whidbey Island), Coupeville, Island County",330164,Coupeville (Whidbey Island),2017-12-09 19:43:04.582294
2009-01-30,08:30,31.7,,31.5,99.7,0.85,S@0.8,3.5,38.7,0.0,17,"Coupeville (Whidbey Island), Coupeville, Island County",330164,Coupeville (Whidbey Island),2017-12-09 19:43:04.582294
2009-01-30,08:45,32.1,,32.0,99.7,0.92,SE@0.3,2.4,38.6,0.0,19,"Coupeville (Whidbey Island), Coupeville, Island County",330164,Coupeville (Whidbey Island),2017-12-09 19:43:04.582294
2009-01-30,09:00,32.1,,32.0,99.7,0.93,SE@0.4,3.1,38.6,0.0,22,"Coupeville (Whidbey Island), Coupeville, Island County",330164,Coupeville (Whidbey Island),2017-12-09 19:43:04.582294
2009-01-30,09:15,32.6,,32.5,99.7,0.99,SE@0.3,2.4,38.6,0.0,31,"Coupeville (Whidbey Island), Coupeville, Island County",330164,Coupeville (Whidbey Island),2017-12-09 19:43:04.582294
2009-01-30,09:30,32.9,,32.8,99.7,1.0,SE@0.5,2.8,38.5,0.0,54,"Coupeville (Whidbey Island), Coupeville, Island County",330164,Coupeville (Whidbey Island),2017-12-09 19:43:04.582294
2009-01-30,09:45,33.4,,33.3,99.7,1.0,S@2.0,3.1,38.5,0.0,48,"Coupeville (Whidbey Island), Coupeville, Island County",330164,Coupeville (Whidbey Island),2017-12-09 19:43:04.582294
2009-01-30,10:00,33.3,,33.2,99.7,1.0,SE@1.7,3.9,38.5,0.0,56,"Coupeville (Whidbey Island), Coupeville, Island County",330164,Coupeville (Whidbey Island),2017-12-09 19:43:04.582294
2009-01-30,10:15,33.3,,33.2,99.7,1.0,SE@1.9,3.9,38.4,0.0,69,"Coupeville (Whidbey Island), Coupeville, Island County",330164,Coupeville (Whidbey Island),2017-12-09 19:43:04.582294
2009-01-30,10:30,33.9,,33.9,99.7,1.0,E@0.9,3.5,38.4,0.0,92,"Coupeville (Whidbey Island), Coupeville, Island County",330164,Coupeville (Whidbey Island),2017-12-09 19:43:04.582294
2009-01-30,10:45,33.6,,33.5,99.7,1.0,E@1.1,3.5,38.4,0.0,84,"Coupeville (Whidbey Island), Coupeville, Island County",330164,Coupeville (Whidbey Island),2017-12-09 19:43:04.582294
2009-01-30,11:00,34.3,,34.2,99.7,1.0,SE@3.1,5.3,38.3,0.0,71,"Coupeville (Whidbey Island), Coupeville, Island County",330164,Coupeville (Whidbey Island),2017-12-09 19:43:04.582294
2009-01-30,11:15,35.6,,35.5,99.7,1.0,S@4.7,7.4,38.3,0.0,81,"Coupeville (Whidbey Island), Coupeville, Island County",330164,Coupeville (Whidbey Island),2017-12-09 19:43:04.582294
2009-01-30,11:30,36.4,,36.3,99.7,1.0,S@3.9,6.0,38.3,0.0,48,"Coupeville (Whidbey Island), Coupeville, Island County",330164,Coupeville (Whidbey Island),2017-12-09 19:43:04.582294
2009-01-30,11:45,36.9,,36.8,99.7,1.0,S@5.2,7.8,38.2,0.0,46,"Coupeville (Whidbey Island), Coupeville, Island County",330164,Coupeville (Whidbey Island),2017-12-09 19:43:04.582294
2009-01-30,12:00,37.4,,37.3,99.7,1.0,S@3.3,6.0,38.2,0.0,47,"Coupeville (Whidbey Island), Coupeville, Island County",330164,Coupeville (Whidbey Island),2017-12-09 19:43:04.582294
2009-01-30,12:15,37.6,,37.5,99.7,1.0,S@5.2,7.8,38.2,0.0,51,"Coupeville (Whidbey Island), Coupeville, Island County",330164,Coupeville (Whidbey Island),2017-12-09 19:43:04.582294
2009-01-30,12:30,37.3,,37.2,99.7,1.0,S@7.7,11.4,38.1,0.0,47,"Coupeville (Whidbey Island), Coupeville, Island County",330164,Coupeville (Whidbey Island),2017-12-09 19:43:04.582294
2009-01-30,12:45,37.7,,37.6,99.7,1.0,S@5.7,9.6,38.1,0.0,60,"Coupeville (Whidbey Island), Coupeville, Island County",330164,Coupeville (Whidbey Island),2017-12-09 19:43:04.582294
2009-01-30,13:00,38.3,,38.3,99.7,1.0,SE@4.6,6.7,38.1,0.0,69,"Coupeville (Whidbey Island), Coupeville, Island County",330164,Coupeville (Whidbey Island),2017-12-09 19:43:04.582294
2009-01-30,13:15,38.5,,38.5,99.7,1.0,SE@3.9,8.9,38.1,0.0,120,"Coupeville (Whidbey Island), Coupeville, Island County",330164,Coupeville (Whidbey Island),2017-12-09 19:43:04.582294
2009-01-30,13:30,38.6,,38.5,99.7,1.0,SE@6.4,10.7,38.1,0.0,107,"Coupeville (Whidbey Island), Coupeville, Island County",330164,Coupeville (Whidbey Island),2017-12-09 19:43:04.582294
2009-01-30,13:45,39.0,,39.0,99.7,0.96,S@6.7,11.0,38.1,0.0,115,"Coupeville (Whidbey Island), Coupeville, Island County",330164,Coupeville (Whidbey Island),2017-12-09 19:43:04.582294
2009-01-30,14:00,39.4,,39.3,99.7,0.94,S@7.0,12.8,38.1,0.0,64,"Coupeville (Whidbey Island), Coupeville, Island County",330164,Coupeville (Whidbey Island),2017-12-09 19:43:04.582294
2009-01-30,14:15,39.4,,39.3,99.7,0.93,S@8.1,13.2,38.1,0.0,67,"Coupeville (Whidbey Island), Coupeville, Island County",330164,Coupeville (Whidbey Island),2017-12-09 19:43:04.582294
2009-01-30,14:30,39.5,,39.4,99.7,0.9,S@9.0,13.2,38.1,0.0,97,"Coupeville (Whidbey Island), Coupeville, Island County",330164,Coupeville (Whidbey Island),2017-12-09 19:43:04.582294
2009-01-30,14:45,39.9,,39.8,99.7,0.82,S@9.6,13.9,38.1,0.0,88,"Coupeville (Whidbey Island), Coupeville, Island County",330164,Coupeville (Whidbey Island),2017-12-09 19:43:04.582294
2009-01-30,15:00,39.9,,39.8,99.7,0.52,S@7.6,10.7,38.1,0.0,54,"Coupeville (Whidbey Island), Coupeville, Island County",330164,Coupeville (Whidbey Island),2017-12-09 19:43:04.582294
2009-01-30,15:15,39.9,,39.9,99.7,0.15,S@7.7,12.8,38.1,0.0,73,"Coupeville (Whidbey Island), Coupeville, Island County",330164,Coupeville (Whidbey Island),2017-12-09 19:43:04.582294
2009-01-30,15:30,40.4,,40.4,99.7,0.05,S@6.6,10.3,38.1,0.0,94,"Coupeville (Whidbey Island), Coupeville, Island County",330164,Coupeville (Whidbey Island),2017-12-09 19:43:04.582294
2009-01-30,15:45,40.9,,40.8,99.8,0.03,S@8.4,12.8,38.2,0.0,150,"Coupeville (Whidbey Island), Coupeville, Island County",330164,Coupeville (Whidbey Island),2017-12-09 19:43:04.582294
2009-01-30,16:00,41.1,,41.0,99.8,0.03,S@8.7,12.4,38.2,0.0,151,"Coupeville (Whidbey Island), Coupeville, Island County",330164,Coupeville (Whidbey Island),2017-12-09 19:43:04.582294
2009-01-30,16:15,41.2,,41.2,99.8,0.04,S@6.6,9.9,38.2,0.0,78,"Coupeville (Whidbey Island), Coupeville, Island County",330164,Coupeville (Whidbey Island),2017-12-09 19:43:04.582294
2009-01-30,16:30,41.0,,40.9,99.8,0.05,S@5.9,9.9,38.3,0.0,41,"Coupeville (Whidbey Island), Coupeville, Island County",330164,Coupeville (Whidbey Island),2017-12-09 19:43:04.582294
2009-01-30,16:45,41.0,,41.0,99.8,0.05,S@4.5,7.1,38.3,0.0,10,"Coupeville (Whidbey Island), Coupeville, Island County",330164,Coupeville (Whidbey Island),2017-12-09 19:43:04.582294
2009-01-30,17:00,41.5,,41.4,99.8,0.04,SW@5.2,7.4,38.3,0.0,7,"Coupeville (Whidbey Island), Coupeville, Island County",330164,Coupeville (Whidbey Island),2017-12-09 19:43:04.582294
2009-01-30,17:15,41.7,,41.6,99.7,0.04,S@5.6,8.9,38.4,0.0,1,"Coupeville (Whidbey Island), Coupeville, Island County",330164,Coupeville (Whidbey Island),2017-12-09 19:43:04.582294
2009-01-30,17:30,42.1,,42.0,99.8,0.03,SW@3.3,6.7,38.4,0.0,0,"Coupeville (Whidbey Island), Coupeville, Island County",330164,Coupeville (Whidbey Island),2017-12-09 19:43:04.582294
2009-01-30,17:45,42.7,,42.6,99.4,0.49,W@7.6,21.4,38.5,0.0,0,"Coupeville (Whidbey Island), Coupeville, Island County",330164,Coupeville (Whidbey Island),2017-12-09 19:43:04.582294
2009-01-30,18:00,43.2,,42.1,96.0,0.93,W@12.8,19.6,38.5,0.01,0,"Coupeville (Whidbey Island), Coupeville, Island County",330164,Coupeville (Whidbey Island),2017-12-09 19:43:04.582294
2009-01-30,18:15,43.5,,41.0,90.8,0.89,NW@12.4,23.2,38.5,0.0,0,"Coupeville (Whidbey Island), Coupeville, Island County",330164,Coupeville (Whidbey Island),2017-12-09 19:43:04.582294
2009-01-30,18:30,43.6,,40.7,89.4,0.67,NW@13.4,19.6,38.6,0.0,0,"Coupeville (Whidbey Island), Coupeville, Island County",330164,Coupeville (Whidbey Island),2017-12-09 19:43:04.582294
2009-01-30,18:45,43.6,,40.4,88.5,0.05,NW@10.2,20.3,38.6,0.0,0,"Coupeville (Whidbey Island), Coupeville, Island County",330164,Coupeville (Whidbey Island),2017-12-09 19:43:04.582294
2009-01-30,19:00,43.7,,39.3,84.4,0.01,NW@14.7,25.7,38.7,0.0,0,"Coupeville (Whidbey Island), Coupeville, Island County",330164,Coupeville (Whidbey Island),2017-12-09 19:43:04.582294
2009-01-30,19:15,43.5,,38.6,82.6,0.01,NW@21.9,37.5,38.7,0.01,0,"Coupeville (Whidbey Island), Coupeville, Island County",330164,Coupeville (Whidbey Island),2017-12-09 19:43:04.582294
2009-01-30,19:30,43.5,,38.4,82.1,0.01,NW@22.5,35.7,38.8,0.0,0,"Coupeville (Whidbey Island), Coupeville, Island County",330164,Coupeville (Whidbey Island),2017-12-09 19:43:04.582294
2009-01-30,19:45,43.6,,38.0,80.3,0.01,W@20.1,29.6,38.8,0.0,0,"Coupeville (Whidbey Island), Coupeville, Island County",330164,Coupeville (Whidbey Island),2017-12-09 19:43:04.582294
2009-01-30,20:00,43.6,,37.5,79.0,0.01,NW@19.9,29.3,38.8,0.0,0,"Coupeville (Whidbey Island), Coupeville, Island County",330164,Coupeville (Whidbey Island),2017-12-09 19:43:04.582294
2009-01-30,20:15,43.5,,37.3,78.4,0.01,W@19.8,27.8,38.9,0.0,0,"Coupeville (Whidbey Island), Coupeville, Island County",330164,Coupeville (Whidbey Island),2017-12-09 19:43:04.582294
2009-01-30,20:30,43.4,,36.9,77.6,0.01,W@19.1,28.2,38.9,0.0,0,"Coupeville (Whidbey Island), Coupeville, Island County",330164,Coupeville (Whidbey Island),2017-12-09 19:43:04.582294
2009-01-30,20:45,43.4,,36.2,75.6,0.01,NW@18.5,26.0,38.9,0.0,0,"Coupeville (Whidbey Island), Coupeville, Island County",330164,Coupeville (Whidbey Island),2017-12-09 19:43:04.582294
2009-01-30,21:00,43.3,,35.8,74.7,0.01,NW@17.7,31.4,39.0,0.0,0,"Coupeville (Whidbey Island), Coupeville, Island County",330164,Coupeville (Whidbey Island),2017-12-09 19:43:04.582294
2009-01-30,21:15,43.4,,35.7,74.1,0.01,NW@18.7,27.8,39.0,0.0,0,"Coupeville (Whidbey Island), Coupeville, Island County",330164,Coupeville (Whidbey Island),2017-12-09 19:43:04.582294
2009-01-30,21:30,43.3,,36.1,75.5,0.01,W@17.7,27.5,39.0,0.0,0,"Coupeville (Whidbey Island), Coupeville, Island County",330164,Coupeville (Whidbey Island),2017-12-09 19:43:04.582294
2009-01-30,21:45,43.4,,36.4,76.0,0.01,W@16.8,28.2,39.0,0.0,0,"Coupeville (Whidbey Island), Coupeville, Island County",330164,Coupeville (Whidbey Island),2017-12-09 19:43:04.582294
2009-01-30,22:00,43.6,,35.7,73.4,0.01,W@18.1,26.0,39.0,0.0,0,"Coupeville (Whidbey Island), Coupeville, Island County",330164,Coupeville (Whidbey Island),2017-12-09 19:43:04.582294
2009-01-30,22:15,43.5,,36.2,75.1,0.01,W@16.9,23.9,39.0,0.0,0,"Coupeville (Whidbey Island), Coupeville, Island County",330164,Coupeville (Whidbey Island),2017-12-09 19:43:04.582294
2009-01-30,22:30,43.5,,36.0,74.5,0.01,NW@18.7,26.8,39.0,0.0,0,"Coupeville (Whidbey Island), Coupeville, Island County",330164,Coupeville (Whidbey Island),2017-12-09 19:43:04.582294
2009-01-30,22:45,42.6,,36.7,79.5,0.04,NW@17.2,25.0,39.0,0.0,0,"Coupeville (Whidbey Island), Coupeville, Island County",330164,Coupeville (Whidbey Island),2017-12-09 19:43:04.582294
2009-01-30,23:00,40.8,,36.6,84.6,0.03,NW@17.5,25.0,39.0,0.0,0,"Coupeville (Whidbey Island), Coupeville, Island County",330164,Coupeville (Whidbey Island),2017-12-09 19:43:04.582294
2009-01-30,23:15,41.5,,36.1,81.0,0.02,W@15.8,24.3,39.0,0.0,0,"Coupeville (Whidbey Island), Coupeville, Island County",330164,Coupeville (Whidbey Island),2017-12-09 19:43:04.582294
2009-01-30,23:30,42.2,,37.1,82.1,0.02,W@13.0,18.5,39.0,0.0,0,"Coupeville (Whidbey Island), Coupeville, Island County",330164,Coupeville (Whidbey Island),2017-12-09 19:43:04.582294
2009-01-30,23:45,42.6,,36.6,78.9,0.01,W@14.0,21.8,39.0,0.0,0,"Coupeville (Whidbey Island), Coupeville, Island County",330164,Coupeville (Whidbey Island),2017-12-09 19:43:04.582294
2009-01-30,24:00,42.5,,36.1,77.9,0.01,W@12.8,20.3,39.0,0.0,0,"Coupeville (Whidbey Island), Coupeville, Island County",330164,Coupeville (Whidbey Island),2017-12-09 19:43:04.582294
2009-01-31,00:15,42.4,,35.1,75.0,0.01,W@14.9,25.7,39.0,0.0,0,"Coupeville (Whidbey Island), Coupeville, Island County",330164,Coupeville (Whidbey Island),2017-12-09 19:43:04.582294
2009-01-31,00:30,42.8,,34.7,72.7,0.01,W@17.4,25.7,39.0,0.0,0,"Coupeville (Whidbey Island), Coupeville, Island County",330164,Coupeville (Whidbey Island),2017-12-09 19:43:04.582294
2009-01-31,00:45,42.8,,35.8,76.1,0.01,W@16.5,25.3,39.0,0.0,0,"Coupeville (Whidbey Island), Coupeville, Island County",330164,Coupeville (Whidbey Island),2017-12-09 19:43:04.582294
2009-01-31,01:00,42.7,,35.5,75.5,0.01,W@14.7,23.2,39.0,0.0,0,"Coupeville (Whidbey Island), Coupeville, Island County",330164,Coupeville (Whidbey Island),2017-12-09 19:43:04.582294
2009-01-31,01:15,42.7,,35.6,75.8,0.01,W@11.7,18.9,39.0,0.0,0,"Coupeville (Whidbey Island), Coupeville, Island County",330164,Coupeville (Whidbey Island),2017-12-09 19:43:04.582294
2009-01-31,01:30,41.8,,35.6,78.5,0.01,W@9.3,13.9,39.0,0.0,0,"Coupeville (Whidbey Island), Coupeville, Island County",330164,Coupeville (Whidbey Island),2017-12-09 19:43:04.582294
2009-01-31,01:45,41.2,,34.7,77.5,0.01,SW@7.9,11.0,39.0,0.0,0,"Coupeville (Whidbey Island), Coupeville, Island County",330164,Coupeville (Whidbey Island),2017-12-09 19:43:04.582294
2009-01-31,02:00,41.0,,34.6,77.7,0.01,SW@7.9,14.2,39.0,0.0,0,"Coupeville (Whidbey Island), Coupeville, Island County",330164,Coupeville (Whidbey Island),2017-12-09 19:43:04.582294
2009-01-31,02:15,41.4,,34.9,77.4,0.01,SW@8.4,13.2,39.0,0.0,0,"Coupeville (Whidbey Island), Coupeville, Island County",330164,Coupeville (Whidbey Island),2017-12-09 19:43:04.582294
2009-01-31,02:30,40.5,,34.3,78.4,0.02,W@5.3,8.5,39.0,0.0,0,"Coupeville (Whidbey Island), Coupeville, Island County",330164,Coupeville (Whidbey Island),2017-12-09 19:43:04.582294
2009-01-31,02:45,40.0,,33.6,77.7,0.02,W@5.9,9.6,39.0,0.0,0,"Coupeville (Whidbey Island), Coupeville, Island County",330164,Coupeville (Whidbey Island),2017-12-09 19:43:04.582294
2009-01-31,03:00,40.7,,33.5,75.3,0.01,W@8.9,16.4,38.9,0.0,0,"Coupeville (Whidbey Island), Coupeville, Island County",330164,Coupeville (Whidbey Island),2017-12-09 19:43:04.582294
2009-01-31,03:15,41.1,,33.2,73.2,0.01,W@8.5,14.2,38.9,0.0,0,"Coupeville (Whidbey Island), Coupeville, Island County",330164,Coupeville (Whidbey Island),2017-12-09 19:43:04.582294
2009-01-31,03:30,41.3,,32.9,71.8,0.01,W@7.7,13.2,38.9,0.0,0,"Coupeville (Whidbey Island), Coupeville, Island County",330164,Coupeville (Whidbey Island),2017-12-09 19:43:04.582294
2009-01-31,03:45,41.7,,33.4,72.1,0.01,W@9.3,16.4,38.9,0.0,0,"Coupeville (Whidbey Island), Coupeville, Island County",330164,Coupeville (Whidbey Island),2017-12-09 19:43:04.582294
2009-01-31,04:00,41.6,,33.7,73.2,0.01,W@10.2,16.7,38.9,0.0,0,"Coupeville (Whidbey Island), Coupeville, Island County",330164,Coupeville (Whidbey Island),2017-12-09 19:43:04.582294
2009-01-31,04:15,41.7,,33.8,73.2,0.01,W@13.7,20.3,38.9,0.0,0,"Coupeville (Whidbey Island), Coupeville, Island County",330164,Coupeville (Whidbey Island),2017-12-09 19:43:04.582294
2009-01-31,04:30,41.0,,35.8,81.4,0.02,W@13.6,21.8,38.8,0.0,0,"Coupeville (Whidbey Island), Coupeville, Island County",330164,Coupeville (Whidbey Island),2017-12-09 19:43:04.582294
2009-01-31,04:45,40.0,,36.6,87.5,0.03,NW@11.0,17.5,38.8,0.0,0,"Coupeville (Whidbey Island), Coupeville, Island County",330164,Coupeville (Whidbey Island),2017-12-09 19:43:04.582294
2009-01-31,05:00,40.5,,35.6,82.5,0.02,NW@10.8,17.8,38.8,0.0,0,"Coupeville (Whidbey Island), Coupeville, Island County",330164,Coupeville (Whidbey Island),2017-12-09 19:43:04.582294
2009-01-31,05:15,41.2,,35.6,80.3,0.02,NW@12.9,20.0,38.8,0.0,0,"Coupeville (Whidbey Island), Coupeville, Island County",330164,Coupeville (Whidbey Island),2017-12-09 19:43:04.582294
2009-01-31,05:30,41.1,,35.1,78.9,0.02,NW@11.6,17.1,38.7,0.0,0,"Coupeville (Whidbey Island), Coupeville, Island County",330164,Coupeville (Whidbey Island),2017-12-09 19:43:04.582294
2009-01-31,05:45,41.2,,33.9,75.2,0.01,W@11.2,16.4,38.7,0.0,0,"Coupeville (Whidbey Island), Coupeville, Island County",330164,Coupeville (Whidbey Island),2017-12-09 19:43:04.582294
2009-01-31,06:00,41.3,,33.3,73.0,0.01,W@10.9,18.5,38.7,0.0,0,"Coupeville (Whidbey Island), Coupeville, Island County",330164,Coupeville (Whidbey Island),2017-12-09 19:43:04.582294
2009-01-31,06:15,41.3,,32.7,71.3,0.01,W@10.9,16.4,38.7,0.0,0,"Coupeville (Whidbey Island), Coupeville, Island County",330164,Coupeville (Whidbey Island),2017-12-09 19:43:04.582294
2009-01-31,06:30,41.4,,32.3,69.8,0.01,W@10.5,15.0,38.7,0.0,0,"Coupeville (Whidbey Island), Coupeville, Island County",330164,Coupeville (Whidbey Island),2017-12-09 19:43:04.582294
2009-01-31,06:45,41.7,,31.7,67.4,0.01,W@11.6,18.2,38.6,0.0,0,"Coupeville (Whidbey Island), Coupeville, Island County",330164,Coupeville (Whidbey Island),2017-12-09 19:43:04.582294
2009-01-31,07:00,41.5,,31.6,67.6,0.01,W@11.9,16.7,38.6,0.0,0,"Coupeville (Whidbey Island), Coupeville, Island County",330164,Coupeville (Whidbey Island),2017-12-09 19:43:04.582294
2009-01-31,07:15,41.3,,31.1,66.7,0.01,W@12.4,17.8,38.6,0.0,0,"Coupeville (Whidbey Island), Coupeville, Island County",330164,Coupeville (Whidbey Island),2017-12-09 19:43:04.582294
2009-01-31,07:30,40.3,,32.2,72.5,0.01,W@10.9,15.7,38.6,0.0,0,"Coupeville (Whidbey Island), Coupeville, Island County",330164,Coupeville (Whidbey Island),2017-12-09 19:43:04.582294
2009-01-31,07:45,39.2,,35.0,84.6,0.03,SW@10.6,15.3,38.5,0.0,3,"Coupeville (Whidbey Island), Coupeville, Island County",330164,Coupeville (Whidbey Island),2017-12-09 19:43:04.582294
2009-01-31,08:00,38.7,,37.0,93.6,0.06,SW@11.8,16.7,38.5,0.0,9,"Coupeville (Whidbey Island), Coupeville, Island County",330164,Coupeville (Whidbey Island),2017-12-09 19:43:04.582294
2009-01-31,08:15,38.6,,37.0,93.8,0.07,SW@11.2,16.4,38.5,0.0,17,"Coupeville (Whidbey Island), Coupeville, Island County",330164,Coupeville (Whidbey Island),2017-12-09 19:43:04.582294
2009-01-31,08:30,38.9,,37.6,95.2,0.08,SW@12.0,16.4,38.5,0.0,50,"Coupeville (Whidbey Island), Coupeville, Island County",330164,Coupeville (Whidbey Island),2017-12-09 19:43:04.582294
2009-01-31,08:45,39.5,,38.1,94.5,0.08,SW@10.5,14.6,38.5,0.0,85,"Coupeville (Whidbey Island), Coupeville, Island County",330164,Coupeville (Whidbey Island),2017-12-09 19:43:04.582294
2009-01-31,09:00,40.4,,38.7,93.7,0.06,SW@10.1,13.5,38.5,0.0,97,"Coupeville (Whidbey Island), Coupeville, Island County",330164,Coupeville (Whidbey Island),2017-12-09 19:43:04.582294
2009-01-31,09:15,39.9,,37.9,92.6,0.05,S@9.1,12.8,38.4,0.0,38,"Coupeville (Whidbey Island), Coupeville, Island County",330164,Coupeville (Whidbey Island),2017-12-09 19:43:04.582294
2009-01-31,09:30,40.0,,37.9,91.9,0.05,S@9.1,12.4,38.4,0.0,38,"Coupeville (Whidbey Island), Coupeville, Island County",330164,Coupeville (Whidbey Island),2017-12-09 19:43:04.582294
2009-01-31,09:45,40.7,,38.0,89.9,0.04,SW@6.7,12.4,38.4,0.0,69,"Coupeville (Whidbey Island), Coupeville, Island County",330164,Coupeville (Whidbey Island),2017-12-09 19:43:04.582294
2009-01-31,10:00,42.0,,36.3,80.0,0.02,W@8.0,12.8,38.4,0.0,77,"Coupeville (Whidbey Island), Coupeville, Island County",330164,Coupeville (Whidbey Island),2017-12-09 19:43:04.582294
2009-01-31,10:15,43.0,,36.8,78.6,0.02,NW@8.2,13.9,38.4,0.0,156,"Coupeville (Whidbey Island), Coupeville, Island County",330164,Coupeville (Whidbey Island),2017-12-09 19:43:04.582294
2009-01-31,10:30,44.1,,35.6,71.7,0.01,NW@11.5,16.7,38.4,0.0,249,"Coupeville (Whidbey Island), Coupeville, Island County",330164,Coupeville (Whidbey Island),2017-12-09 19:43:04.582294
2009-01-31,10:45,44.2,,36.5,74.2,0.01,W@10.3,17.5,38.4,0.0,273,"Coupeville (Whidbey Island), Coupeville, Island County",330164,Coupeville (Whidbey Island),2017-12-09 19:43:04.582294
2009-01-31,11:00,43.9,,36.0,73.6,0.01,SW@7.3,11.7,38.4,0.0,149,"Coupeville (Whidbey Island), Coupeville, Island County",330164,Coupeville (Whidbey Island),2017-12-09 19:43:04.582294
2009-01-31,11:15,42.8,,37.6,81.9,0.02,SW@6.7,10.7,38.3,0.0,92,"Coupeville (Whidbey Island), Coupeville, Island County",330164,Coupeville (Whidbey Island),2017-12-09 19:43:04.582294
2009-01-31,11:30,42.4,,37.7,83.4,0.02,SW@6.8,11.4,38.4,0.0,101,"Coupeville (Whidbey Island), Coupeville, Island County",330164,Coupeville (Whidbey Island),2017-12-09 19:43:04.582294
2009-01-31,11:45,42.3,,38.2,85.3,0.03,SW@7.8,12.1,38.4,0.0,108,"Coupeville (Whidbey Island), Coupeville, Island County",330164,Coupeville (Whidbey Island),2017-12-09 19:43:04.582294
2009-01-31,12:00,42.1,,38.3,86.3,0.03,S@7.6,13.9,38.4,0.0,177,"Coupeville (Whidbey Island), Coupeville, Island County",330164,Coupeville (Whidbey Island),2017-12-09 19:43:04.582294
2009-01-31,12:15,42.7,,39.0,86.6,0.03,S@9.7,13.2,38.4,0.0,327,"Coupeville (Whidbey Island), Coupeville, Island County",330164,Coupeville (Whidbey Island),2017-12-09 19:43:04.582294
2009-01-31,12:30,43.8,,38.9,82.6,0.02,S@11.0,16.4,38.4,0.0,338,"Coupeville (Whidbey Island), Coupeville, Island County",330164,Coupeville (Whidbey Island),2017-12-09 19:43:04.582294
2009-01-31,12:45,43.0,,37.0,79.1,0.02,S@9.9,14.6,38.5,0.0,168,"Coupeville (Whidbey Island), Coupeville, Island County",330164,Coupeville (Whidbey Island),2017-12-09 19:43:04.582294
2009-01-31,13:00,42.4,,37.7,83.3,0.02,S@8.6,13.5,38.5,0.0,97,"Coupeville (Whidbey Island), Coupeville, Island County",330164,Coupeville (Whidbey Island),2017-12-09 19:43:04.582294
2009-01-31,13:15,41.9,,37.8,85.1,0.02,S@9.2,15.0,38.5,0.0,53,"Coupeville (Whidbey Island), Coupeville, Island County",330164,Coupeville (Whidbey Island),2017-12-09 19:43:04.582294
2009-01-31,13:30,42.5,,38.3,85.0,0.02,SW@10.0,17.1,38.6,0.0,89,"Coupeville (Whidbey Island), Coupeville, Island County",330164,Coupeville (Whidbey Island),2017-12-09 19:43:04.582294
2009-01-31,13:45,43.5,,36.7,76.8,0.01,W@5.9,10.7,38.6,0.0,101,"Coupeville (Whidbey Island), Coupeville, Island County",330164,Coupeville (Whidbey Island),2017-12-09 19:43:04.582294
2009-01-31,14:00,43.6,,37.1,77.6,0.02,W@10.7,15.3,38.7,0.0,143,"Coupeville (Whidbey Island), Coupeville, Island County",330164,Coupeville (Whidbey Island),2017-12-09 19:43:04.582294
2009-01-31,14:15,44.0,,36.9,75.8,0.01,W@11.0,17.1,38.7,0.0,164,"Coupeville (Whidbey Island), Coupeville, Island County",330164,Coupeville (Whidbey Island),2017-12-09 19:43:04.582294
2009-01-31,14:30,44.1,,36.9,75.4,0.01,W@10.9,15.3,38.8,0.0,149,"Coupeville (Whidbey Island), Coupeville, Island County",330164,Coupeville (Whidbey Island),2017-12-09 19:43:04.582294
2009-01-31,14:45,44.7,,36.9,74.1,0.01,W@11.4,17.8,38.9,0.0,284,"Coupeville (Whidbey Island), Coupeville, Island County",330164,Coupeville (Whidbey Island),2017-12-09 19:43:04.582294
2009-01-31,15:00,44.5,,36.3,72.9,0.01,W@13.2,18.9,38.9,0.0,194,"Coupeville (Whidbey Island), Coupeville, Island County",330164,Coupeville (Whidbey Island),2017-12-09 19:43:04.582294
2009-01-31,15:15,43.6,,35.2,72.0,0.01,W@11.3,16.4,39.0,0.0,117,"Coupeville (Whidbey Island), Coupeville, Island County",330164,Coupeville (Whidbey Island),2017-12-09 19:43:04.582294
2009-01-31,15:30,43.2,,35.6,74.3,0.01,W@10.7,20.0,39.0,0.0,80,"Coupeville (Whidbey Island), Coupeville, Island County",330164,Coupeville (Whidbey Island),2017-12-09 19:43:04.582294
2009-01-31,15:45,43.3,,35.5,73.8,0.01,W@13.0,18.5,39.1,0.0,83,"Coupeville (Whidbey Island), Coupeville, Island County",330164,Coupeville (Whidbey Island),2017-12-09 19:43:04.582294
2009-01-31,16:00,43.2,,36.3,76.5,0.01,W@10.8,16.0,39.1,0.0,47,"Coupeville (Whidbey Island), Coupeville, Island County",330164,Coupeville (Whidbey Island),2017-12-09 19:43:04.582294
2009-01-31,16:15,43.4,,36.1,75.4,0.01,W@10.9,17.1,39.2,0.0,51,"Coupeville (Whidbey Island), Coupeville, Island County",330164,Coupeville (Whidbey Island),2017-12-09 19:43:04.582294
2009-01-31,16:30,43.5,,35.8,74.1,0.01,W@11.7,16.0,39.2,0.0,38,"Coupeville (Whidbey Island), Coupeville, Island County",330164,Coupeville (Whidbey Island),2017-12-09 19:43:04.582294
2009-01-31,16:45,42.8,,35.0,73.8,0.01,W@11.4,18.2,39.3,0.0,37,"Coupeville (Whidbey Island), Coupeville, Island County",330164,Coupeville (Whidbey Island),2017-12-09 19:43:04.582294
2009-01-31,17:00,41.5,,36.4,82.1,0.02,W@10.0,17.1,39.3,0.0,21,"Coupeville (Whidbey Island), Coupeville, Island County",330164,Coupeville (Whidbey Island),2017-12-09 19:43:04.582294
2009-01-31,17:15,41.5,,33.3,72.3,0.01,NW@8.0,12.4,39.4,0.0,5,"Coupeville (Whidbey Island), Coupeville, Island County",330164,Coupeville (Whidbey Island),2017-12-09 19:43:04.582294
2009-01-31,17:30,41.0,,32.5,71.6,0.01,NW@7.6,11.0,39.4,0.0,1,"Coupeville (Whidbey Island), Coupeville, Island County",330164,Coupeville (Whidbey Island),2017-12-09 19:43:04.582294
2009-01-31,17:45,40.0,,32.0,72.8,0.01,NW@8.2,13.2,39.5,0.0,0,"Coupeville (Whidbey Island), Coupeville, Island County",330164,Coupeville (Whidbey Island),2017-12-09 19:43:04.582294
2009-01-31,18:00,40.7,,32.5,72.5,0.01,NW@8.7,13.5,39.5,0.0,0,"Coupeville (Whidbey Island), Coupeville, Island County",330164,Coupeville (Whidbey Island),2017-12-09 19:43:04.582294
2009-01-31,18:15,40.3,,32.9,74.6,0.01,NW@6.9,11.0,39.5,0.0,0,"Coupeville (Whidbey Island), Coupeville, Island County",330164,Coupeville (Whidbey Island),2017-12-09 19:43:04.582294
2009-01-31,18:30,40.8,,33.7,75.4,0.01,NW@8.0,13.2,39.6,0.0,0,"Coupeville (Whidbey Island), Coupeville, Island County",330164,Coupeville (Whidbey Island),2017-12-09 19:43:04.582294
2009-01-31,18:45,41.0,,33.0,73.0,0.01,NW@9.1,15.0,39.6,0.0,0,"Coupeville (Whidbey Island), Coupeville, Island County",330164,Coupeville (Whidbey Island),2017-12-09 19:43:04.582294
2009-01-31,19:00,40.8,,32.6,72.4,0.01,NW@9.7,14.2,39.6,0.0,0,"Coupeville (Whidbey Island), Coupeville, Island County",330164,Coupeville (Whidbey Island),2017-12-09 19:43:04.582294
2009-01-31,19:15,41.2,,32.2,70.1,0.01,NW@10.5,14.6,39.6,0.0,0,"Coupeville (Whidbey Island), Coupeville, Island County",330164,Coupeville (Whidbey Island),2017-12-09 19:43:04.582294
2009-01-31,19:30,41.2,,32.2,70.1,0.01,NW@8.9,16.0,39.6,0.0,0,"Coupeville (Whidbey Island), Coupeville, Island County",330164,Coupeville (Whidbey Island),2017-12-09 19:43:04.582294
2009-01-31,19:45,41.1,,31.9,69.6,0.01,W@6.9,9.9,39.6,0.0,0,"Coupeville (Whidbey Island), Coupeville, Island County",330164,Coupeville (Whidbey Island),2017-12-09 19:43:04.582294
2009-01-31,20:00,40.7,,31.9,70.6,0.01,W@6.4,9.2,39.6,0.0,0,"Coupeville (Whidbey Island), Coupeville, Island County",330164,Coupeville (Whidbey Island),2017-12-09 19:43:04.582294
2009-01-31,20:15,40.1,,31.6,71.5,0.01,NW@5.8,8.9,39.6,0.0,0,"Coupeville (Whidbey Island), Coupeville, Island County",330164,Coupeville (Whidbey Island),2017-12-09 19:43:04.582294
2009-01-31,20:30,40.3,,32.6,73.8,0.01,NW@7.0,10.3,39.6,0.0,0,"Coupeville (Whidbey Island), Coupeville, Island County",330164,Coupeville (Whidbey Island),2017-12-09 19:43:04.582294
2009-01-31,20:45,41.3,,33.5,73.5,0.01,NW@8.5,11.7,39.6,0.0,0,"Coupeville (Whidbey Island), Coupeville, Island County",330164,Coupeville (Whidbey Island),2017-12-09 19:43:04.582294
2009-01-31,21:00,41.0,,33.6,74.7,0.01,NW@6.4,11.4,39.5,0.0,0,"Coupeville (Whidbey Island), Coupeville, Island County",330164,Coupeville (Whidbey Island),2017-12-09 19:43:04.582294
2009-01-31,21:15,40.7,,33.7,76.0,0.01,NW@6.3,8.9,39.5,0.0,0,"Coupeville (Whidbey Island), Coupeville, Island County",330164,Coupeville (Whidbey Island),2017-12-09 19:43:04.582294
2009-01-31,21:30,40.7,,34.0,76.6,0.02,NW@7.0,10.7,39.5,0.0,0,"Coupeville (Whidbey Island), Coupeville, Island County",330164,Coupeville (Whidbey Island),2017-12-09 19:43:04.582294
2009-01-31,21:45,41.1,,34.2,76.0,0.01,NW@7.5,12.8,39.5,0.0,0,"Coupeville (Whidbey Island), Coupeville, Island County",330164,Coupeville (Whidbey Island),2017-12-09 19:43:04.582294
2009-01-31,22:00,41.3,,34.2,75.6,0.01,NW@6.6,9.6,39.4,0.0,0,"Coupeville (Whidbey Island), Coupeville, Island County",330164,Coupeville (Whidbey Island),2017-12-09 19:43:04.582294
2009-01-31,22:15,41.2,,34.7,77.5,0.02,NW@7.2,10.3,39.4,0.0,0,"Coupeville (Whidbey Island), Coupeville, Island County",330164,Coupeville (Whidbey Island),2017-12-09 19:43:04.582294
2009-01-31,22:30,40.5,,35.1,81.1,0.02,NW@6.8,9.6,39.4,0.0,0,"Coupeville (Whidbey Island), Coupeville, Island County",330164,Coupeville (Whidbey Island),2017-12-09 19:43:04.582294
2009-01-31,22:45,39.6,,35.0,83.2,0.03,NW@5.6,8.5,39.4,0.0,0,"Coupeville (Whidbey Island), Coupeville, Island County",330164,Coupeville (Whidbey Island),2017-12-09 19:43:04.582294
2009-01-31,23:00,39.5,,35.4,85.3,0.03,NW@5.3,7.4,39.3,0.0,0,"Coupeville (Whidbey Island), Coupeville, Island County",330164,Coupeville (Whidbey Island),2017-12-09 19:43:04.582294
2009-01-31,23:15,39.4,,35.2,85.0,0.03,NW@5.4,9.9,39.3,0.0,0,"Coupeville (Whidbey Island), Coupeville, Island County",330164,Coupeville (Whidbey Island),2017-12-09 19:43:04.582294
2009-01-31,23:30,38.7,,34.7,85.2,0.05,S@3.3,5.3,39.3,0.0,0,"Coupeville (Whidbey Island), Coupeville, Island County",330164,Coupeville (Whidbey Island),2017-12-09 19:43:04.582294
2009-01-31,23:45,37.0,,34.3,89.7,0.08,NE@2.2,2.8,39.2,0.0,0,"Coupeville (Whidbey Island), Coupeville, Island County",330164,Coupeville (Whidbey Island),2017-12-09 19:43:04.582294
2009-01-31,24:00,37.3,,34.3,88.7,0.09,E@1.7,3.5,39.2,0.0,0,"Coupeville (Whidbey Island), Coupeville, Island County",330164,Coupeville (Whidbey Island),2017-12-09 19:43:04.582294
2009-02-01,00:15,38.2,,34.7,87.1,0.07,E@1.8,3.1,39.2,0.0,0,"Coupeville (Whidbey Island), Coupeville, Island County",330164,Coupeville (Whidbey Island),2017-12-09 19:43:04.582294
2009-02-01,00:30,37.3,,34.2,88.2,0.08,S@1.2,3.1,39.2,0.0,0,"Coupeville (Whidbey Island), Coupeville, Island County",330164,Coupeville (Whidbey Island),2017-12-09 19:43:04.582294
2009-02-01,00:45,35.8,,33.2,89.9,0.1,E@2.1,4.2,39.2,0.0,0,"Coupeville (Whidbey Island), Coupeville, Island County",330164,Coupeville (Whidbey Island),2017-12-09 19:43:04.582294
2009-02-01,01:00,34.2,,32.5,93.3,0.12,E@1.8,2.8,39.1,0.0,0,"Coupeville (Whidbey Island), Coupeville, Island County",330164,Coupeville (Whidbey Island),2017-12-09 19:43:04.582294
2009-02-01,01:15,33.7,,32.4,94.9,0.17,S@1.7,3.9,39.1,0.0,0,"Coupeville (Whidbey Island), Coupeville, Island County",330164,Coupeville (Whidbey Island),2017-12-09 19:43:04.582294
2009-02-01,01:30,35.7,,34.0,93.6,0.15,SE@2.8,3.9,39.1,0.0,0,"Coupeville (Whidbey Island), Coupeville, Island County",330164,Coupeville (Whidbey Island),2017-12-09 19:43:04.582294
2009-02-01,01:45,34.5,,32.6,92.9,0.15,E@2.6,3.5,39.0,0.0,0,"Coupeville (Whidbey Island), Coupeville, Island County",330164,Coupeville (Whidbey Island),2017-12-09 19:43:04.582294
2009-02-01,02:00,32.8,,31.9,96.5,0.23,E@2.3,3.5,39.0,0.0,0,"Coupeville (Whidbey Island), Coupeville, Island County",330164,Coupeville (Whidbey Island),2017-12-09 19:43:04.582294
2009-02-01,02:15,34.6,,33.4,95.4,0.26,SE@2.1,3.9,39.0,0.0,0,"Coupeville (Whidbey Island), Coupeville, Island County",330164,Coupeville (Whidbey Island),2017-12-09 19:43:04.582294
2009-02-01,02:30,34.2,,32.2,92.4,0.21,S@2.4,3.9,38.9,0.0,0,"Coupeville (Whidbey Island), Coupeville, Island County",330164,Coupeville (Whidbey Island),2017-12-09 19:43:04.582294
2009-02-01,02:45,33.1,,32.0,95.8,0.27,NE@0.9,2.8,38.9,0.0,0,"Coupeville (Whidbey Island), Coupeville, Island County",330164,Coupeville (Whidbey Island),2017-12-09 19:43:04.582294
2009-02-01,03:00,33.7,,32.5,95.6,0.25,E@1.8,2.8,38.9,0.0,0,"Coupeville (Whidbey Island), Coupeville, Island County",330164,Coupeville (Whidbey Island),2017-12-09 19:43:04.582294
2009-02-01,03:15,33.1,,32.0,95.5,0.24,NE@2.4,3.5,38.8,0.0,0,"Coupeville (Whidbey Island), Coupeville, Island County",330164,Coupeville (Whidbey Island),2017-12-09 19:43:04.582294
2009-02-01,03:30,32.9,,32.2,97.3,0.32,NE@2.3,3.1,38.8,0.0,0,"Coupeville (Whidbey Island), Coupeville, Island County",330164,Coupeville (Whidbey Island),2017-12-09 19:43:04.582294
2009-02-01,03:45,32.9,,32.2,97.3,0.38,E@2.4,3.9,38.7,0.0,0,"Coupeville (Whidbey Island), Coupeville, Island County",330164,Coupeville (Whidbey Island),2017-12-09 19:43:04.582294
2009-02-01,04:00,33.5,,32.8,97.3,0.33,E@3.0,4.6,38.7,0.0,0,"Coupeville (Whidbey Island), Coupeville, Island County",330164,Coupeville (Whidbey Island),2017-12-09 19:43:04.582294
2009-02-01,04:15,33.8,,32.9,96.3,0.28,E@2.6,3.1,38.7,0.0,0,"Coupeville (Whidbey Island), Coupeville, Island County",330164,Coupeville (Whidbey Island),2017-12-09 19:43:04.582294
2009-02-01,04:30,33.2,,32.3,96.7,0.28,E@2.4,3.5,38.6,0.0,0,"Coupeville (Whidbey Island), Coupeville, Island County",330164,Coupeville (Whidbey Island),2017-12-09 19:43:04.582294
2009-02-01,04:45,33.7,,33.2,98.2,0.28,E@2.8,3.9,38.6,0.0,0,"Coupeville (Whidbey Island), Coupeville, Island County",330164,Coupeville (Whidbey Island),2017-12-09 19:43:04.582294
2009-02-01,05:00,35.9,,34.2,93.5,0.19,E@2.3,3.1,38.5,0.0,0,"Coupeville (Whidbey Island), Coupeville, Island County",330164,Coupeville (Whidbey Island),2017-12-09 19:43:04.582294
2009-02-01,05:15,35.5,,34.0,94.3,0.17,E@2.5,3.9,38.5,0.0,0,"Coupeville (Whidbey Island), Coupeville, Island County",330164,Coupeville (Whidbey Island),2017-12-09 19:43:04.582294
2009-02-01,05:30,36.3,,34.3,92.3,0.13,SE@2.9,4.2,38.4,0.0,0,"Coupeville (Whidbey Island), Coupeville, Island County",330164,Coupeville (Whidbey Island),2017-12-09 19:43:04.582294
2009-02-01,05:45,36.9,,34.1,89.5,0.1,S@2.6,4.2,38.4,0.0,0,"Coupeville (Whidbey Island), Coupeville, Island County",330164,Coupeville (Whidbey Island),2017-12-09 19:43:04.582294
2009-02-01,06:00,36.6,,34.1,90.6,0.1,E@2.8,4.6,38.4,0.0,0,"Coupeville (Whidbey Island), Coupeville, Island County",330164,Coupeville (Whidbey Island),2017-12-09 19:43:04.582294
2009-02-01,06:15,36.8,,34.5,91.1,0.09,SE@3.5,5.7,38.3,0.0,0,"Coupeville (Whidbey Island), Coupeville, Island County",330164,Coupeville (Whidbey Island),2017-12-09 19:43:04.582294
2009-02-01,06:30,36.9,,35.1,93.3,0.11,SE@4.1,6.4,38.3,0.0,0,"Coupeville (Whidbey Island), Coupeville, Island County",330164,Coupeville (Whidbey Island),2017-12-09 19:43:04.582294
2009-02-01,06:45,37.1,,35.6,94.2,0.13,SE@3.6,5.3,38.3,0.0,0,"Coupeville (Whidbey Island), Coupeville, Island County",330164,Coupeville (Whidbey Island),2017-12-09 19:43:04.582294
2009-02-01,07:00,37.2,,35.8,94.4,0.13,SE@3.6,5.7,38.2,0.0,0,"Coupeville (Whidbey Island), Coupeville, Island County",330164,Coupeville (Whidbey Island),2017-12-09 19:43:04.582294
2009-02-01,07:15,37.6,,36.1,94.4,0.13,SE@4.1,6.7,38.2,0.0,0,"Coupeville (Whidbey Island), Coupeville, Island County",330164,Coupeville (Whidbey Island),2017-12-09 19:43:04.582294
2009-02-01,07:30,37.6,,35.9,93.5,0.11,SE@4.5,7.8,38.2,0.0,0,"Coupeville (Whidbey Island), Coupeville, Island County",330164,Coupeville (Whidbey Island),2017-12-09 19:43:04.582294
2009-02-01,07:45,37.6,,35.5,92.0,0.09,SE@5.1,8.5,38.2,0.0,0,"Coupeville (Whidbey Island), Coupeville, Island County",330164,Coupeville (Whidbey Island),2017-12-09 19:43:04.582294
2009-02-01,08:00,37.6,,35.3,91.3,0.09,SE@5.9,9.2,38.1,0.0,5,"Coupeville (Whidbey Island), Coupeville, Island County",330164,Coupeville (Whidbey Island),2017-12-09 19:43:04.582294
2009-02-01,08:15,38.0,,35.6,90.9,0.08,SE@7.0,11.0,38.1,0.0,12,"Coupeville (Whidbey Island), Coupeville, Island County",330164,Coupeville (Whidbey Island),2017-12-09 19:43:04.582294
2009-02-01,08:30,38.0,,35.4,90.3,0.08,SE@5.8,9.6,38.1,0.0,18,"Coupeville (Whidbey Island), Coupeville, Island County",330164,Coupeville (Whidbey Island),2017-12-09 19:43:04.582294
2009-02-01,08:45,38.0,,35.8,91.6,0.08,S@6.5,10.3,38.1,0.0,25,"Coupeville (Whidbey Island), Coupeville, Island County",330164,Coupeville (Whidbey Island),2017-12-09 19:43:04.582294
2009-02-01,09:00,38.4,,36.3,92.0,0.09,SE@5.6,9.9,38.0,0.0,34,"Coupeville (Whidbey Island), Coupeville, Island County",330164,Coupeville (Whidbey Island),2017-12-09 19:43:04.582294
2009-02-01,09:15,38.5,,36.7,93.4,0.1,SE@5.9,8.9,38.0,0.0,47,"Coupeville (Whidbey Island), Coupeville, Island County",330164,Coupeville (Whidbey Island),2017-12-09 19:43:04.582294
2009-02-01,09:30,38.6,,36.6,92.5,0.09,S@5.7,8.2,38.0,0.0,58,"Coupeville (Whidbey Island), Coupeville, Island County",330164,Coupeville (Whidbey Island),2017-12-09 19:43:04.582294
2009-02-01,09:45,39.2,,37.2,92.5,0.09,S@6.2,11.4,38.0,0.0,74,"Coupeville (Whidbey Island), Coupeville, Island County",330164,Coupeville (Whidbey Island),2017-12-09 19:43:04.582294
2009-02-01,10:00,39.7,,37.7,92.6,0.09,S@7.2,11.7,38.0,0.0,112,"Coupeville (Whidbey Island), Coupeville, Island County",330164,Coupeville (Whidbey Island),2017-12-09 19:43:04.582294
2009-02-01,10:15,40.2,,38.0,91.7,0.08,S@6.1,10.3,38.0,0.0,166,"Coupeville (Whidbey Island), Coupeville, Island County",330164,Coupeville (Whidbey Island),2017-12-09 19:43:04.582294
2009-02-01,10:30,40.9,,38.1,89.8,0.06,S@5.7,8.9,38.0,0.0,191,"Coupeville (Whidbey Island), Coupeville, Island County",330164,Coupeville (Whidbey Island),2017-12-09 19:43:04.582294
2009-02-01,10:45,41.3,,38.1,88.3,0.05,S@6.4,9.6,38.0,0.0,203,"Coupeville (Whidbey Island), Coupeville, Island County",330164,Coupeville (Whidbey Island),2017-12-09 19:43:04.582294
2009-02-01,11:00,41.7,,37.8,85.9,0.04,S@6.5,10.3,38.0,0.0,233,"Coupeville (Whidbey Island), Coupeville, Island County",330164,Coupeville (Whidbey Island),2017-12-09 19:43:04.582294
2009-02-01,11:15,41.8,,37.0,82.9,0.03,S@6.3,9.9,38.0,0.0,172,"Coupeville (Whidbey Island), Coupeville, Island County",330164,Coupeville (Whidbey Island),2017-12-09 19:43:04.582294
2009-02-01,11:30,42.0,,36.9,81.9,0.03,SE@5.5,8.9,38.0,0.0,162,"Coupeville (Whidbey Island), Coupeville, Island County",330164,Coupeville (Whidbey Island),2017-12-09 19:43:04.582294
2009-02-01,11:45,42.7,,37.1,80.6,0.02,SE@4.9,7.1,38.0,0.0,183,"Coupeville (Whidbey Island), Coupeville, Island County",330164,Coupeville (Whidbey Island),2017-12-09 19:43:04.582294
2009-02-01,12:00,42.8,,36.6,78.6,0.02,SE@5.6,9.6,38.1,0.0,177,"Coupeville (Whidbey Island), Coupeville, Island County",330164,Coupeville (Whidbey Island),2017-12-09 19:43:04.582294
2009-02-01,12:15,42.6,,36.4,78.7,0.02,SE@5.6,10.3,38.1,0.0,178,"Coupeville (Whidbey Island), Coupeville, Island County",330164,Coupeville (Whidbey Island),2017-12-09 19:43:04.582294
2009-02-01,12:30,43.0,,36.1,76.4,0.02,SE@4.6,8.2,38.1,0.0,180,"Coupeville (Whidbey Island), Coupeville, Island County",330164,Coupeville (Whidbey Island),2017-12-09 19:43:04.582294
2009-02-01,12:45,43.4,,35.8,74.4,0.01,SE@4.6,7.4,38.2,0.0,170,"Coupeville (Whidbey Island), Coupeville, Island County",330164,Coupeville (Whidbey Island),2017-12-09 19:43:04.582294
2009-02-01,13:00,43.5,,35.9,74.2,0.01,SE@4.6,7.8,38.2,0.0,169,"Coupeville (Whidbey Island), Coupeville, Island County",330164,Coupeville (Whidbey Island),2017-12-09 19:43:04.582294
2009-02-01,13:15,43.2,,35.9,75.1,0.02,E@5.9,8.2,38.3,0.0,154,"Coupeville (Whidbey Island), Coupeville, Island County",330164,Coupeville (Whidbey Island),2017-12-09 19:43:04.582294
2009-02-01,13:30,43.3,,35.9,75.0,0.01,E@5.0,8.9,38.3,0.0,152,"Coupeville (Whidbey Island), Coupeville, Island County",330164,Coupeville (Whidbey Island),2017-12-09 19:43:04.582294
2009-02-01,13:45,43.5,,35.2,72.3,0.01,SE@5.0,8.5,38.4,0.0,162,"Coupeville (Whidbey Island), Coupeville, Island County",330164,Coupeville (Whidbey Island),2017-12-09 19:43:04.582294
2009-02-01,14:00,43.3,,34.8,71.6,0.01,SE@4.7,7.8,38.4,0.0,154,"Coupeville (Whidbey Island), Coupeville, Island County",330164,Coupeville (Whidbey Island),2017-12-09 19:43:04.582294
2009-02-01,14:15,43.8,,35.1,71.2,0.01,SE@5.0,8.9,38.5,0.0,148,"Coupeville (Whidbey Island), Coupeville, Island County",330164,Coupeville (Whidbey Island),2017-12-09 19:43:04.582294
2009-02-01,14:30,43.9,,35.8,73.2,0.01,SE@5.3,8.5,38.6,0.0,131,"Coupeville (Whidbey Island), Coupeville, Island County",330164,Coupeville (Whidbey Island),2017-12-09 19:43:04.582294
2009-02-01,14:45,43.7,,36.2,74.9,0.01,SE@5.3,10.7,38.6,0.0,108,"Coupeville (Whidbey Island), Coupeville, Island County",330164,Coupeville (Whidbey Island),2017-12-09 19:43:04.582294
2009-02-01,15:00,43.4,,35.7,74.0,0.01,SE@5.9,11.0,38.7,0.0,104,"Coupeville (Whidbey Island), Coupeville, Island County",330164,Coupeville (Whidbey Island),2017-12-09 19:43:04.582294
2009-02-01,15:15,43.0,,35.3,73.8,0.01,SE@5.6,9.9,38.8,0.0,87,"Coupeville (Whidbey Island), Coupeville, Island County",330164,Coupeville (Whidbey Island),2017-12-09 19:43:04.582294
2009-02-01,15:30,43.0,,35.6,74.8,0.01,SE@5.1,8.9,38.8,0.0,70,"Coupeville (Whidbey Island), Coupeville, Island County",330164,Coupeville (Whidbey Island),2017-12-09 19:43:04.582294
2009-02-01,15:45,43.0,,36.1,76.2,0.02,SE@5.4,9.6,38.9,0.0,61,"Coupeville (Whidbey Island), Coupeville, Island County",330164,Coupeville (Whidbey Island),2017-12-09 19:43:04.582294
2009-02-01,16:00,43.0,,36.5,77.5,0.02,SE@5.2,9.2,39.0,0.0,58,"Coupeville (Whidbey Island), Coupeville, Island County",330164,Coupeville (Whidbey Island),2017-12-09 19:43:04.582294
2009-02-01,16:15,43.2,,36.7,77.7,0.02,SE@4.8,7.1,39.0,0.0,54,"Coupeville (Whidbey Island), Coupeville, Island County",330164,Coupeville (Whidbey Island),2017-12-09 19:43:04.582294
2009-02-01,16:30,43.1,,36.9,78.6,0.02,SE@4.7,7.8,39.1,0.0,35,"Coupeville (Whidbey Island), Coupeville, Island County",330164,Coupeville (Whidbey Island),2017-12-09 19:43:04.582294
2009-02-01,16:45,43.1,,37.0,78.8,0.02,SE@4.0,7.8,39.2,0.0,19,"Coupeville (Whidbey Island), Coupeville, Island County",330164,Coupeville (Whidbey Island),2017-12-09 19:43:04.582294
2009-02-01,17:00,43.1,,37.1,79.2,0.02,SE@3.5,7.8,39.2,0.0,11,"Coupeville (Whidbey Island), Coupeville, Island County",330164,Coupeville (Whidbey Island),2017-12-09 19:43:04.582294
2009-02-01,17:15,43.1,,37.1,79.3,0.02,SE@3.7,6.0,39.3,0.0,2,"Coupeville (Whidbey Island), Coupeville, Island County",330164,Coupeville (Whidbey Island),2017-12-09 19:43:04.582294
2009-02-01,17:30,43.1,,36.9,78.8,0.02,SE@3.6,6.0,39.4,0.0,0,"Coupeville (Whidbey Island), Coupeville, Island County",330164,Coupeville (Whidbey Island),2017-12-09 19:43:04.582294
2009-02-01,17:45,43.1,,36.8,78.4,0.02,SE@3.1,4.9,39.4,0.0,0,"Coupeville (Whidbey Island), Coupeville, Island County",330164,Coupeville (Whidbey Island),2017-12-09 19:43:04.582294
2009-02-01,18:00,42.7,,35.7,76.2,0.02,SE@3.8,6.0,39.5,0.0,0,"Coupeville (Whidbey Island), Coupeville, Island County",330164,Coupeville (Whidbey Island),2017-12-09 19:43:04.582294
2009-02-01,18:15,42.8,,35.1,74.0,0.02,SE@4.1,6.7,39.5,0.0,0,"Coupeville (Whidbey Island), Coupeville, Island County",330164,Coupeville (Whidbey Island),2017-12-09 19:43:04.582294
2009-02-01,18:30,43.0,,34.7,72.5,0.01,SE@3.6,6.4,39.6,0.0,0,"Coupeville (Whidbey Island), Coupeville, Island County",330164,Coupeville (Whidbey Island),2017-12-09 19:43:04.582294
2009-02-01,18:45,43.0,,34.9,72.8,0.01,SE@4.1,6.7,39.6,0.0,0,"Coupeville (Whidbey Island), Coupeville, Island County",330164,Coupeville (Whidbey Island),2017-12-09 19:43:04.582294
2009-02-01,19:00,43.1,,35.2,73.5,0.01,SE@4.2,7.1,39.6,0.0,0,"Coupeville (Whidbey Island), Coupeville, Island County",330164,Coupeville (Whidbey Island),2017-12-09 19:43:04.582294
2009-02-01,19:15,43.5,,35.7,73.7,0.08,SE@4.3,6.7,39.6,0.0,0,"Coupeville (Whidbey Island), Coupeville, Island County",330164,Coupeville (Whidbey Island),2017-12-09 19:43:04.582294
2009-02-01,19:30,43.3,,35.5,73.6,0.05,SE@4.0,6.4,39.7,0.0,0,"Coupeville (Whidbey Island), Coupeville, Island County",330164,Coupeville (Whidbey Island),2017-12-09 19:43:04.582294
2009-02-01,19:45,43.4,,35.1,72.3,0.01,SE@3.9,6.7,39.7,0.0,0,"Coupeville (Whidbey Island), Coupeville, Island County",330164,Coupeville (Whidbey Island),2017-12-09 19:43:04.582294
2009-02-01,20:00,43.5,,34.4,70.2,0.01,SE@3.9,6.4,39.7,0.0,0,"Coupeville (Whidbey Island), Coupeville, Island County",330164,Coupeville (Whidbey Island),2017-12-09 19:43:04.582294
2009-02-01,20:15,43.5,,34.8,71.2,0.01,S@3.6,6.0,39.7,0.0,0,"Coupeville (Whidbey Island), Coupeville, Island County",330164,Coupeville (Whidbey Island),2017-12-09 19:43:04.582294
2009-02-01,20:30,43.6,,34.7,70.7,0.01,SE@3.6,6.0,39.7,0.0,0,"Coupeville (Whidbey Island), Coupeville, Island County",330164,Coupeville (Whidbey Island),2017-12-09 19:43:04.582294
2009-02-01,20:45,44.0,,34.6,69.5,0.01,SE@4.1,7.1,39.7,0.0,0,"Coupeville (Whidbey Island), Coupeville, Island County",330164,Coupeville (Whidbey Island),2017-12-09 19:43:04.582294
2009-02-01,21:00,44.0,,34.2,68.1,0.01,SE@4.0,6.4,39.8,0.0,0,"Coupeville (Whidbey Island), Coupeville, Island County",330164,Coupeville (Whidbey Island),2017-12-09 19:43:04.582294
2009-02-01,21:15,44.2,,34.1,67.2,0.01,S@3.6,6.0,39.8,0.0,0,"Coupeville (Whidbey Island), Coupeville, Island County",330164,Coupeville (Whidbey Island),2017-12-09 19:43:04.582294
2009-02-01,21:30,44.1,,34.8,69.5,0.01,S@3.7,6.0,39.8,0.0,0,"Coupeville (Whidbey Island), Coupeville, Island County",330164,Coupeville (Whidbey Island),2017-12-09 19:43:04.582294
2009-02-01,21:45,43.9,,36.1,73.8,0.03,SE@3.6,5.7,39.8,0.0,0,"Coupeville (Whidbey Island), Coupeville, Island County",330164,Coupeville (Whidbey Island),2017-12-09 19:43:04.582294
2009-02-01,22:00,44.2,,36.2,73.3,0.02,S@3.9,6.0,39.8,0.0,0,"Coupeville (Whidbey Island), Coupeville, Island County",330164,Coupeville (Whidbey Island),2017-12-09 19:43:04.582294
2009-02-01,22:15,44.8,,36.0,71.0,0.01,SE@6.0,9.2,39.8,0.0,0,"Coupeville (Whidbey Island), Coupeville, Island County",330164,Coupeville (Whidbey Island),2017-12-09 19:43:04.582294
2009-02-01,22:30,45.1,,35.2,68.2,0.01,SE@6.5,10.7,39.8,0.0,0,"Coupeville (Whidbey Island), Coupeville, Island County",330164,Coupeville (Whidbey Island),2017-12-09 19:43:04.582294
2009-02-01,22:45,44.8,,35.0,68.1,0.02,SE@6.0,10.7,39.8,0.0,0,"Coupeville (Whidbey Island), Coupeville, Island County",330164,Coupeville (Whidbey Island),2017-12-09 19:43:04.582294
2009-02-01,23:00,44.7,,34.2,66.3,0.02,SE@7.0,10.3,39.8,0.0,0,"Coupeville (Whidbey Island), Coupeville, Island County",330164,Coupeville (Whidbey Island),2017-12-09 19:43:04.582294
2009-02-01,23:15,44.9,,33.6,64.4,0.01,S@6.3,10.3,39.8,0.0,0,"Coupeville (Whidbey Island), Coupeville, Island County",330164,Coupeville (Whidbey Island),2017-12-09 19:43:04.582294
2009-02-01,23:30,44.8,,33.9,65.3,0.01,S@4.2,6.7,39.9,0.0,0,"Coupeville (Whidbey Island), Coupeville, Island County",330164,Coupeville (Whidbey Island),2017-12-09 19:43:04.582294
2009-02-01,23:45,44.4,,34.5,67.9,0.01,S@3.9,6.0,39.9,0.0,0,"Coupeville (Whidbey Island), Coupeville, Island County",330164,Coupeville (Whidbey Island),2017-12-09 19:43:04.582294
2009-02-01,24:00,44.7,,34.6,67.6,0.02,S@5.4,9.9,39.9,0.0,0,"Coupeville (Whidbey Island), Coupeville, Island County",330164,Coupeville (Whidbey Island),2017-12-09 19:43:04.582294
2009-02-02,00:15,44.7,,35.5,69.9,0.02,S@6.5,11.7,39.9,0.0,0,"Coupeville (Whidbey Island), Coupeville, Island County",330164,Coupeville (Whidbey Island),2017-12-09 19:43:04.582294
2009-02-02,00:30,44.1,,36.8,75.2,0.02,S@6.5,9.6,39.9,0.0,0,"Coupeville (Whidbey Island), Coupeville, Island County",330164,Coupeville (Whidbey Island),2017-12-09 19:43:04.582294
2009-02-02,00:45,44.2,,35.9,72.5,0.02,S@7.7,13.9,39.9,0.0,0,"Coupeville (Whidbey Island), Coupeville, Island County",330164,Coupeville (Whidbey Island),2017-12-09 19:43:04.582294
2009-02-02,01:00,44.3,,35.5,71.1,0.11,S@7.8,12.8,39.9,0.0,0,"Coupeville (Whidbey Island), Coupeville, Island County",330164,Coupeville (Whidbey Island),2017-12-09 19:43:04.582294
2009-02-02,01:15,43.7,,35.4,72.5,0.1,S@6.8,11.7,39.9,0.0,0,"Coupeville (Whidbey Island), Coupeville, Island County",330164,Coupeville (Whidbey Island),2017-12-09 19:43:04.582294
2009-02-02,01:30,43.4,,35.7,73.9,0.05,S@5.4,8.5,39.9,0.0,0,"Coupeville (Whidbey Island), Coupeville, Island County",330164,Coupeville (Whidbey Island),2017-12-09 19:43:04.582294
2009-02-02,01:45,43.9,,36.2,74.3,0.25,S@5.8,8.9,39.9,0.0,0,"Coupeville (Whidbey Island), Coupeville, Island County",330164,Coupeville (Whidbey Island),2017-12-09 19:43:04.582294
2009-02-02,02:00,43.4,,37.3,78.9,0.9,SE@6.0,9.6,39.9,0.01,0,"Coupeville (Whidbey Island), Coupeville, Island County",330164,Coupeville (Whidbey Island),2017-12-09 19:43:04.582294
2009-02-02,02:15,43.3,,37.1,78.4,0.82,SE@7.2,10.7,39.9,0.0,0,"Coupeville (Whidbey Island), Coupeville, Island County",330164,Coupeville (Whidbey Island),2017-12-09 19:43:04.582294
2009-02-02,02:30,43.4,,36.9,77.7,0.63,SE@8.3,15.3,39.9,0.0,0,"Coupeville (Whidbey Island), Coupeville, Island County",330164,Coupeville (Whidbey Island),2017-12-09 19:43:04.582294
2009-02-02,02:45,43.5,,36.4,75.7,0.03,SE@8.8,14.2,39.9,0.0,0,"Coupeville (Whidbey Island), Coupeville, Island County",330164,Coupeville (Whidbey Island),2017-12-09 19:43:04.582294
2009-02-02,03:00,44.2,,36.1,72.8,0.02,SE@8.9,14.6,39.9,0.0,0,"Coupeville (Whidbey Island), Coupeville, Island County",330164,Coupeville (Whidbey Island),2017-12-09 19:43:04.582294
2009-02-02,03:15,44.4,,35.8,71.4,0.02,SE@8.3,12.4,39.9,0.0,0,"Coupeville (Whidbey Island), Coupeville, Island County",330164,Coupeville (Whidbey Island),2017-12-09 19:43:04.582294
2009-02-02,03:30,44.7,,35.3,69.5,0.01,SE@7.1,12.4,39.9,0.0,0,"Coupeville (Whidbey Island), Coupeville, Island County",330164,Coupeville (Whidbey Island),2017-12-09 19:43:04.582294
2009-02-02,03:45,45.0,,35.4,68.9,0.01,SE@6.9,11.4,39.9,0.0,0,"Coupeville (Whidbey Island), Coupeville, Island County",330164,Coupeville (Whidbey Island),2017-12-09 19:43:04.582294
2009-02-02,04:00,45.2,,35.1,67.5,0.01,SE@6.1,9.6,39.9,0.0,0,"Coupeville (Whidbey Island), Coupeville, Island County",330164,Coupeville (Whidbey Island),2017-12-09 19:43:04.582294
2009-02-02,04:15,45.1,,34.8,66.9,0.01,SE@6.4,11.7,39.9,0.0,0,"Coupeville (Whidbey Island), Coupeville, Island County",330164,Coupeville (Whidbey Island),2017-12-09 19:43:04.582294
2009-02-02,04:30,45.0,,34.5,66.5,0.01,SE@7.0,11.4,39.9,0.0,0,"Coupeville (Whidbey Island), Coupeville, Island County",330164,Coupeville (Whidbey Island),2017-12-09 19:43:04.582294
2009-02-02,04:45,44.9,,33.8,64.8,0.01,S@6.3,11.0,39.9,0.0,0,"Coupeville (Whidbey Island), Coupeville, Island County",330164,Coupeville (Whidbey Island),2017-12-09 19:43:04.582294
2009-02-02,05:00,44.7,,33.8,65.5,0.01,S@5.7,11.0,39.9,0.0,0,"Coupeville (Whidbey Island), Coupeville, Island County",330164,Coupeville (Whidbey Island),2017-12-09 19:43:04.582294
2009-02-02,05:15,44.7,,34.1,66.1,0.01,SE@6.7,9.2,39.9,0.0,0,"Coupeville (Whidbey Island), Coupeville, Island County",330164,Coupeville (Whidbey Island),2017-12-09 19:43:04.582294
2009-02-02,05:30,44.5,,33.1,64.1,0.01,S@6.7,11.4,39.9,0.0,0,"Coupeville (Whidbey Island), Coupeville, Island County",330164,Coupeville (Whidbey Island),2017-12-09 19:43:04.582294
2009-02-02,05:45,44.5,,33.2,64.2,0.01,S@7.0,12.8,39.9,0.0,0,"Coupeville (Whidbey Island), Coupeville, Island County",330164,Coupeville (Whidbey Island),2017-12-09 19:43:04.582294
2009-02-02,06:00,44.4,,32.9,63.7,0.01,SE@6.3,11.4,39.9,0.0,0,"Coupeville (Whidbey Island), Coupeville, Island County",330164,Coupeville (Whidbey Island),2017-12-09 19:43:04.582294
2009-02-02,06:15,44.0,,33.0,65.2,0.01,S@5.5,9.6,40.0,0.0,0,"Coupeville (Whidbey Island), Coupeville, Island County",330164,Coupeville (Whidbey Island),2017-12-09 19:43:04.582294
2009-02-02,06:30,43.6,,32.8,65.4,0.01,SE@5.3,10.3,40.0,0.0,0,"Coupeville (Whidbey Island), Coupeville, Island County",330164,Coupeville (Whidbey Island),2017-12-09 19:43:04.582294
2009-02-02,06:45,43.6,,31.9,63.1,0.01,SE@4.6,8.2,40.0,0.0,0,"Coupeville (Whidbey Island), Coupeville, Island County",330164,Coupeville (Whidbey Island),2017-12-09 19:43:04.582294
2009-02-02,07:00,43.7,,31.6,62.1,0.01,SE@3.7,5.7,40.0,0.0,0,"Coupeville (Whidbey Island), Coupeville, Island County",330164,Coupeville (Whidbey Island),2017-12-09 19:43:04.582294
2009-02-02,07:15,43.2,,31.7,63.6,0.01,SE@3.0,5.3,39.9,0.0,0,"Coupeville (Whidbey Island), Coupeville, Island County",330164,Coupeville (Whidbey Island),2017-12-09 19:43:04.582294
2009-02-02,07:30,43.4,,31.6,62.9,0.01,SE@3.2,5.3,39.9,0.0,0,"Coupeville (Whidbey Island), Coupeville, Island County",330164,Coupeville (Whidbey Island),2017-12-09 19:43:04.582294
2009-02-02,07:45,43.3,,32.0,64.3,0.01,SE@3.1,4.9,39.9,0.0,2,"Coupeville (Whidbey Island), Coupeville, Island County",330164,Coupeville (Whidbey Island),2017-12-09 19:43:04.582294
2009-02-02,08:00,43.0,,32.3,65.6,0.01,SE@3.2,4.9,39.9,0.0,10,"Coupeville (Whidbey Island), Coupeville, Island County",330164,Coupeville (Whidbey Island),2017-12-09 19:43:04.582294
2009-02-02,08:15,42.5,,32.7,68.0,0.01,SE@3.3,4.6,39.9,0.0,20,"Coupeville (Whidbey Island), Coupeville, Island County",330164,Coupeville (Whidbey Island),2017-12-09 19:43:04.582294
2009-02-02,08:30,42.3,,33.2,69.8,0.01,SE@4.1,5.7,39.9,0.0,25,"Coupeville (Whidbey Island), Coupeville, Island County",330164,Coupeville (Whidbey Island),2017-12-09 19:43:04.582294
2009-02-02,08:45,42.9,,33.8,70.1,0.01,SE@3.6,6.4,39.9,0.0,47,"Coupeville (Whidbey Island), Coupeville, Island County",330164,Coupeville (Whidbey Island),2017-12-09 19:43:04.582294
2009-02-02,09:00,43.6,,33.7,67.8,0.01,SE@3.7,5.3,39.9,0.0,73,"Coupeville (Whidbey Island), Coupeville, Island County",330164,Coupeville (Whidbey Island),2017-12-09 19:43:04.582294
2009-02-02,09:15,44.0,,34.2,68.2,0.01,SE@4.1,7.1,39.8,0.0,84,"Coupeville (Whidbey Island), Coupeville, Island County",330164,Coupeville (Whidbey Island),2017-12-09 19:43:04.582294
2009-02-02,09:30,44.6,,34.9,68.3,0.01,SE@4.3,7.8,39.8,0.0,112,"Coupeville (Whidbey Island), Coupeville, Island County",330164,Coupeville (Whidbey Island),2017-12-09 19:43:04.582294
2009-02-02,09:45,45.3,,35.4,68.0,0.01,SE@4.7,7.1,39.8,0.0,118,"Coupeville (Whidbey Island), Coupeville, Island County",330164,Coupeville (Whidbey Island),2017-12-09 19:43:04.582294
2009-02-02,10:00,45.3,,35.4,68.1,0.01,SE@5.5,8.5,39.8,0.0,137,"Coupeville (Whidbey Island), Coupeville, Island County",330164,Coupeville (Whidbey Island),2017-12-09 19:43:04.582294
2009-02-02,10:15,45.5,,35.6,68.1,0.01,S@5.9,8.9,39.8,0.0,129,"Coupeville (Whidbey Island), Coupeville, Island County",330164,Coupeville (Whidbey Island),2017-12-09 19:43:04.582294
2009-02-02,10:30,45.8,,36.0,68.3,0.01,S@5.7,9.2,39.7,0.0,164,"Coupeville (Whidbey Island), Coupeville, Island County",330164,Coupeville (Whidbey Island),2017-12-09 19:43:04.582294
2009-02-02,10:45,46.6,,36.6,68.0,0.01,S@7.2,12.1,39.7,0.0,239,"Coupeville (Whidbey Island), Coupeville, Island County",330164,Coupeville (Whidbey Island),2017-12-09 19:43:04.582294
2009-02-02,11:00,46.7,,36.8,68.3,0.01,S@8.0,11.0,39.7,0.0,190,"Coupeville (Whidbey Island), Coupeville, Island County",330164,Coupeville (Whidbey Island),2017-12-09 19:43:04.582294
2009-02-02,11:15,46.6,,37.6,70.5,0.01,S@6.8,10.7,39.7,0.0,171,"Coupeville (Whidbey Island), Coupeville, Island County",330164,Coupeville (Whidbey Island),2017-12-09 19:43:04.582294
2009-02-02,11:30,46.5,,38.4,73.0,0.01,S@7.8,11.0,39.7,0.0,171,"Coupeville (Whidbey Island), Coupeville, Island County",330164,Coupeville (Whidbey Island),2017-12-09 19:43:04.582294
2009-02-02,11:45,46.5,,38.2,72.7,0.01,S@9.1,13.2,39.7,0.0,217,"Coupeville (Whidbey Island), Coupeville, Island County",330164,Coupeville (Whidbey Island),2017-12-09 19:43:04.582294
2009-02-02,12:00,46.7,,38.4,72.4,0.01,S@9.2,12.1,39.7,0.0,218,"Coupeville (Whidbey Island), Coupeville, Island County",330164,Coupeville (Whidbey Island),2017-12-09 19:43:04.582294
2009-02-02,12:15,47.0,,38.4,71.9,0.01,S@8.2,11.4,39.7,0.0,247,"Coupeville (Whidbey Island), Coupeville, Island County",330164,Coupeville (Whidbey Island),2017-12-09 19:43:04.582294
2009-02-02,12:30,48.2,,39.3,71.0,0.01,S@7.6,10.3,39.8,0.0,329,"Coupeville (Whidbey Island), Coupeville, Island County",330164,Coupeville (Whidbey Island),2017-12-09 19:43:04.582294
2009-02-02,12:45,48.8,,39.6,70.4,0.01,S@8.3,11.7,39.8,0.0,364,"Coupeville (Whidbey Island), Coupeville, Island County",330164,Coupeville (Whidbey Island),2017-12-09 19:43:04.582294
2009-02-02,13:00,48.7,,39.8,71.1,0.01,S@8.5,12.4,39.8,0.0,296,"Coupeville (Whidbey Island), Coupeville, Island County",330164,Coupeville (Whidbey Island),2017-12-09 19:43:04.582294
2009-02-02,13:15,48.8,,39.8,70.8,0.01,S@8.3,11.0,39.9,0.0,324,"Coupeville (Whidbey Island), Coupeville, Island County",330164,Coupeville (Whidbey Island),2017-12-09 19:43:04.582294
2009-02-02,13:30,49.3,,40.3,70.9,0.01,S@7.9,12.8,39.9,0.0,320,"Coupeville (Whidbey Island), Coupeville, Island County",330164,Coupeville (Whidbey Island),2017-12-09 19:43:04.582294
2009-02-02,13:45,49.7,,40.7,70.9,0.01,S@6.9,9.6,40.0,0.0,306,"Coupeville (Whidbey Island), Coupeville, Island County",330164,Coupeville (Whidbey Island),2017-12-09 19:43:04.582294
2009-02-02,14:00,49.7,,40.3,69.9,0.01,S@5.9,8.5,40.0,0.0,273,"Coupeville (Whidbey Island), Coupeville, Island County",330164,Coupeville (Whidbey Island),2017-12-09 19:43:04.582294
2009-02-02,14:15,50.7,,40.1,67.0,0.01,S@5.2,8.9,40.1,0.0,342,"Coupeville (Whidbey Island), Coupeville, Island County",330164,Coupeville (Whidbey Island),2017-12-09 19:43:04.582294
2009-02-02,14:30,51.1,,40.2,66.1,0.01,S@5.4,7.8,40.1,0.0,287,"Coupeville (Whidbey Island), Coupeville, Island County",330164,Coupeville (Whidbey Island),2017-12-09 19:43:04.582294
2009-02-02,14:45,51.3,,40.9,67.5,0.01,S@5.3,7.8,40.2,0.0,266,"Coupeville (Whidbey Island), Coupeville, Island County",330164,Coupeville (Whidbey Island),2017-12-09 19:43:04.582294
2009-02-02,15:00,51.9,,40.8,65.8,0.01,S@4.2,7.1,40.3,0.0,259,"Coupeville (Whidbey Island), Coupeville, Island County",330164,Coupeville (Whidbey Island),2017-12-09 19:43:04.582294
2009-02-02,15:15,52.6,,40.7,63.7,0.01,SW@3.2,5.3,40.4,0.0,222,"Coupeville (Whidbey Island), Coupeville, Island County",330164,Coupeville (Whidbey Island),2017-12-09 19:43:04.582294
2009-02-02,15:30,51.7,,41.0,66.7,0.01,S@3.8,5.3,40.5,0.0,139,"Coupeville (Whidbey Island), Coupeville, Island County",330164,Coupeville (Whidbey Island),2017-12-09 19:43:04.582294
2009-02-02,15:45,50.7,,42.3,72.7,0.02,SW@3.3,4.9,40.6,0.0,105,"Coupeville (Whidbey Island), Coupeville, Island County",330164,Coupeville (Whidbey Island),2017-12-09 19:43:04.582294
2009-02-02,16:00,49.5,,42.4,76.3,0.02,SW@3.0,3.5,40.7,0.0,85,"Coupeville (Whidbey Island), Coupeville, Island County",330164,Coupeville (Whidbey Island),2017-12-09 19:43:04.582294
2009-02-02,16:15,49.0,,42.8,79.1,0.03,S@1.7,2.8,40.7,0.0,62,"Coupeville (Whidbey Island), Coupeville, Island County",330164,Coupeville (Whidbey Island),2017-12-09 19:43:04.582294
2009-02-02,16:30,48.7,,42.5,79.0,0.04,S@1.5,2.8,40.8,0.0,43,"Coupeville (Whidbey Island), Coupeville, Island County",330164,Coupeville (Whidbey Island),2017-12-09 19:43:04.582294
2009-02-02,16:45,48.5,,42.1,78.5,0.04,N@0.0,0.0,40.9,0.0,28,"Coupeville (Whidbey Island), Coupeville, Island County",330164,Coupeville (Whidbey Island),2017-12-09 19:43:04.582294
2009-02-02,17:00,47.4,,41.4,79.5,0.05,E@0.7,2.8,41.0,0.0,17,"Coupeville (Whidbey Island), Coupeville, Island County",330164,Coupeville (Whidbey Island),2017-12-09 19:43:04.582294
2009-02-02,17:15,46.2,,42.6,87.4,0.1,E@0.7,1.7,41.1,0.0,5,"Coupeville (Whidbey Island), Coupeville, Island County",330164,Coupeville (Whidbey Island),2017-12-09 19:43:04.582294
2009-02-02,17:30,44.6,,41.2,87.8,0.14,E@1.0,3.1,41.2,0.0,0,"Coupeville (Whidbey Island), Coupeville, Island County",330164,Coupeville (Whidbey Island),2017-12-09 19:43:04.582294
2009-02-02,17:45,43.3,,40.2,88.7,0.14,S@1.1,2.8,41.3,0.0,0,"Coupeville (Whidbey Island), Coupeville, Island County",330164,Coupeville (Whidbey Island),2017-12-09 19:43:04.582294
2009-02-02,18:00,42.3,,39.9,91.2,0.19,E@0.5,2.8,41.3,0.0,0,"Coupeville (Whidbey Island), Coupeville, Island County",330164,Coupeville (Whidbey Island),2017-12-09 19:43:04.582294
2009-02-02,18:15,41.8,,39.2,90.7,0.24,N@0.0,0.0,41.4,0.0,0,"Coupeville (Whidbey Island), Coupeville, Island County",330164,Coupeville (Whidbey Island),2017-12-09 19:43:04.582294
2009-02-02,18:30,41.5,,39.3,91.8,0.29,N@0.0,0.0,41.5,0.0,0,"Coupeville (Whidbey Island), Coupeville, Island County",330164,Coupeville (Whidbey Island),2017-12-09 19:43:04.582294
2009-02-02,18:45,41.2,,39.3,92.9,0.34,N@0.0,0.0,41.5,0.0,0,"Coupeville (Whidbey Island), Coupeville, Island County",330164,Coupeville (Whidbey Island),2017-12-09 19:43:04.582294
2009-02-02,19:00,40.1,,38.4,93.3,0.37,E@1.2,3.1,41.6,0.0,0,"Coupeville (Whidbey Island), Coupeville, Island County",330164,Coupeville (Whidbey Island),2017-12-09 19:43:04.582294
2009-02-02,19:15,39.8,,38.3,94.2,0.39,N@0.0,0.0,41.6,0.0,0,"Coupeville (Whidbey Island), Coupeville, Island County",330164,Coupeville (Whidbey Island),2017-12-09 19:43:04.582294
2009-02-02,19:30,39.3,,37.9,94.6,0.43,N@0.0,0.0,41.6,0.0,0,"Coupeville (Whidbey Island), Coupeville, Island County",330164,Coupeville (Whidbey Island),2017-12-09 19:43:04.582294
2009-02-02,19:45,39.1,,37.9,95.6,0.5,N@0.0,0.0,41.6,0.0,0,"Coupeville (Whidbey Island), Coupeville, Island County",330164,Coupeville (Whidbey Island),2017-12-09 19:43:04.582294
2009-02-02,20:00,38.3,,37.3,96.2,0.56,SE@1.1,2.4,41.6,0.0,0,"Coupeville (Whidbey Island), Coupeville, Island County",330164,Coupeville (Whidbey Island),2017-12-09 19:43:04.582294
2009-02-02,20:15,38.8,,38.2,97.7,0.63,SE@1.0,2.4,41.7,0.0,0,"Coupeville (Whidbey Island), Coupeville, Island County",330164,Coupeville (Whidbey Island),2017-12-09 19:43:04.582294
2009-02-02,20:30,39.2,,38.3,96.5,0.69,SE@0.0,1.4,41.6,0.0,0,"Coupeville (Whidbey Island), Coupeville, Island County",330164,Coupeville (Whidbey Island),2017-12-09 19:43:04.582294
2009-02-02,20:45,37.2,,36.4,96.7,0.74,E@0.8,3.1,41.6,0.0,0,"Coupeville (Whidbey Island), Coupeville, Island County",330164,Coupeville (Whidbey Island),2017-12-09 19:43:04.582294
2009-02-02,21:00,37.1,,36.8,98.8,0.79,SE@1.5,3.1,41.6,0.0,0,"Coupeville (Whidbey Island), Coupeville, Island County",330164,Coupeville (Whidbey Island),2017-12-09 19:43:04.582294
2009-02-02,21:15,35.8,,35.5,98.7,0.83,SW@1.0,3.1,41.6,0.0,0,"Coupeville (Whidbey Island), Coupeville, Island County",330164,Coupeville (Whidbey Island),2017-12-09 19:43:04.582294
2009-02-02,21:30,35.5,,35.3,99.4,0.87,SE@0.8,2.4,41.6,0.0,0,"Coupeville (Whidbey Island), Coupeville, Island County",330164,Coupeville (Whidbey Island),2017-12-09 19:43:04.582294
2009-02-02,21:45,35.9,,35.8,99.5,0.91,SE@1.6,2.8,41.5,0.0,0,"Coupeville (Whidbey Island), Coupeville, Island County",330164,Coupeville (Whidbey Island),2017-12-09 19:43:04.582294
2009-02-02,22:00,35.2,,34.9,98.6,0.93,E@1.5,2.8,41.5,0.0,0,"Coupeville (Whidbey Island), Coupeville, Island County",330164,Coupeville (Whidbey Island),2017-12-09 19:43:04.582294
2009-02-02,22:15,33.6,,33.5,99.6,0.94,NE@2.0,2.8,41.5,0.0,0,"Coupeville (Whidbey Island), Coupeville, Island County",330164,Coupeville (Whidbey Island),2017-12-09 19:43:04.582294
2009-02-02,22:30,33.2,,33.1,99.6,0.98,NE@1.1,3.1,41.4,0.0,0,"Coupeville (Whidbey Island), Coupeville, Island County",330164,Coupeville (Whidbey Island),2017-12-09 19:43:04.582294
2009-02-02,22:45,33.7,,33.6,99.5,1.0,E@1.9,3.9,41.4,0.0,0,"Coupeville (Whidbey Island), Coupeville, Island County",330164,Coupeville (Whidbey Island),2017-12-09 19:43:04.582294
2009-02-02,23:00,34.1,,34.0,99.5,1.0,NE@1.0,2.4,41.3,0.0,0,"Coupeville (Whidbey Island), Coupeville, Island County",330164,Coupeville (Whidbey Island),2017-12-09 19:43:04.582294
2009-02-02,23:15,32.9,,32.8,99.7,1.0,NE@1.4,3.5,41.3,0.0,0,"Coupeville (Whidbey Island), Coupeville, Island County",330164,Coupeville (Whidbey Island),2017-12-09 19:43:04.582294
2009-02-02,23:30,32.5,,32.4,99.7,1.0,E@2.0,3.9,41.2,0.0,0,"Coupeville (Whidbey Island), Coupeville, Island County",330164,Coupeville (Whidbey Island),2017-12-09 19:43:04.582294
2009-02-02,23:45,32.8,,32.7,99.7,1.0,E@1.1,2.8,41.2,0.0,0,"Coupeville (Whidbey Island), Coupeville, Island County",330164,Coupeville (Whidbey Island),2017-12-09 19:43:04.582294
2009-02-02,24:00,32.1,,32.0,99.7,1.0,NE@1.1,2.4,41.1,0.0,0,"Coupeville (Whidbey Island), Coupeville, Island County",330164,Coupeville (Whidbey Island),2017-12-09 19:43:04.582294
2009-02-03,00:15,31.8,,31.5,99.7,1.0,E@2.3,3.1,41.1,0.0,0,"Coupeville (Whidbey Island), Coupeville, Island County",330164,Coupeville (Whidbey Island),2017-12-09 19:43:04.582294
2009-02-03,00:30,32.5,,32.4,99.7,1.0,E@1.5,2.4,41.0,0.0,0,"Coupeville (Whidbey Island), Coupeville, Island County",330164,Coupeville (Whidbey Island),2017-12-09 19:43:04.582294
2009-02-03,00:45,31.7,,31.4,99.7,1.0,SE@0.7,3.1,40.9,0.0,0,"Coupeville (Whidbey Island), Coupeville, Island County",330164,Coupeville (Whidbey Island),2017-12-09 19:43:04.582294
2009-02-03,01:00,31.9,,31.7,99.7,1.0,E@1.2,3.1,40.8,0.0,0,"Coupeville (Whidbey Island), Coupeville, Island County",330164,Coupeville (Whidbey Island),2017-12-09 19:43:04.582294
2009-02-03,01:15,32.3,,32.2,99.7,0.98,E@1.7,2.8,40.8,0.0,0,"Coupeville (Whidbey Island), Coupeville, Island County",330164,Coupeville (Whidbey Island),2017-12-09 19:43:04.582294
2009-02-03,01:30,31.6,,31.3,99.7,0.89,E@0.2,1.7,40.7,0.0,0,"Coupeville (Whidbey Island), Coupeville, Island County",330164,Coupeville (Whidbey Island),2017-12-09 19:43:04.582294
2009-02-03,01:45,30.7,,30.4,99.7,0.86,SE@1.4,3.1,40.6,0.0,0,"Coupeville (Whidbey Island), Coupeville, Island County",330164,Coupeville (Whidbey Island),2017-12-09 19:43:04.582294
2009-02-03,02:00,31.0,,30.7,99.7,0.84,NE@0.2,1.7,40.6,0.0,0,"Coupeville (Whidbey Island), Coupeville, Island County",330164,Coupeville (Whidbey Island),2017-12-09 19:43:04.582294
2009-02-03,02:15,31.8,,31.6,99.7,0.89,SE@0.8,2.4,40.5,0.0,0,"Coupeville (Whidbey Island), Coupeville, Island County",330164,Coupeville (Whidbey Island),2017-12-09 19:43:04.582294
2009-02-03,02:30,31.6,,31.4,99.7,0.9,SE@0.4,2.4,40.4,0.0,0,"Coupeville (Whidbey Island), Coupeville, Island County",330164,Coupeville (Whidbey Island),2017-12-09 19:43:04.582294
2009-02-03,02:45,31.3,,31.0,99.7,0.87,E@1.3,2.4,40.4,0.0,0,"Coupeville (Whidbey Island), Coupeville, Island County",330164,Coupeville (Whidbey Island),2017-12-09 19:43:04.582294
2009-02-03,03:00,30.2,,29.8,99.7,0.85,E@2.0,2.8,40.3,0.0,0,"Coupeville (Whidbey Island), Coupeville, Island County",330164,Coupeville (Whidbey Island),2017-12-09 19:43:04.582294
2009-02-03,03:15,30.4,,30.0,99.7,0.86,E@1.7,2.8,40.2,0.0,0,"Coupeville (Whidbey Island), Coupeville, Island County",330164,Coupeville (Whidbey Island),2017-12-09 19:43:04.582294
2009-02-03,03:30,29.8,,29.3,99.7,0.83,NE@1.6,3.1,40.2,0.0,0,"Coupeville (Whidbey Island), Coupeville, Island County",330164,Coupeville (Whidbey Island),2017-12-09 19:43:04.582294
2009-02-03,03:45,30.1,,29.6,99.7,0.84,NE@1.2,2.1,40.1,0.0,0,"Coupeville (Whidbey Island), Coupeville, Island County",330164,Coupeville (Whidbey Island),2017-12-09 19:43:04.582294
2009-02-03,04:00,30.3,,29.9,99.7,0.79,SE@0.0,1.4,40.1,0.0,0,"Coupeville (Whidbey Island), Coupeville, Island County",330164,Coupeville (Whidbey Island),2017-12-09 19:43:04.582294
2009-02-03,04:15,29.7,,29.2,99.7,0.8,E@1.2,2.4,40.0,0.0,0,"Coupeville (Whidbey Island), Coupeville, Island County",330164,Coupeville (Whidbey Island),2017-12-09 19:43:04.582294
2009-02-03,04:30,30.1,,29.6,99.7,0.86,E@2.5,3.5,39.9,0.0,0,"Coupeville (Whidbey Island), Coupeville, Island County",330164,Coupeville (Whidbey Island),2017-12-09 19:43:04.582294
2009-02-03,04:45,29.8,,29.3,99.7,0.8,S@0.7,2.8,39.9,0.0,0,"Coupeville (Whidbey Island), Coupeville, Island County",330164,Coupeville (Whidbey Island),2017-12-09 19:43:04.582294
2009-02-03,05:00,30.9,,30.5,99.7,0.84,SE@0.7,2.4,39.8,0.0,0,"Coupeville (Whidbey Island), Coupeville, Island County",330164,Coupeville (Whidbey Island),2017-12-09 19:43:04.582294
2009-02-03,05:15,29.2,,28.6,99.7,0.8,E@2.4,3.1,39.8,0.0,0,"Coupeville (Whidbey Island), Coupeville, Island County",330164,Coupeville (Whidbey Island),2017-12-09 19:43:04.582294
2009-02-03,05:30,30.1,,29.6,99.7,0.86,E@1.5,3.1,39.7,0.0,0,"Coupeville (Whidbey Island), Coupeville, Island County",330164,Coupeville (Whidbey Island),2017-12-09 19:43:04.582294
2009-02-03,05:45,30.2,,29.8,99.7,0.84,E@0.5,2.4,39.6,0.0,0,"Coupeville (Whidbey Island), Coupeville, Island County",330164,Coupeville (Whidbey Island),2017-12-09 19:43:04.582294
2009-02-03,06:00,30.4,,29.9,99.7,0.85,SE@0.7,2.8,39.6,0.0,0,"Coupeville (Whidbey Island), Coupeville, Island County",330164,Coupeville (Whidbey Island),2017-12-09 19:43:04.582294
2009-02-03,06:15,30.5,,30.0,99.7,0.85,N@0.0,0.0,39.5,0.0,0,"Coupeville (Whidbey Island), Coupeville, Island County",330164,Coupeville (Whidbey Island),2017-12-09 19:43:04.582294
2009-02-03,06:30,29.6,,29.1,99.7,0.82,E@1.4,3.1,39.5,0.0,0,"Coupeville (Whidbey Island), Coupeville, Island County",330164,Coupeville (Whidbey Island),2017-12-09 19:43:04.582294
2009-02-03,06:45,29.5,,28.9,99.7,0.84,E@3.1,3.9,39.4,0.0,0,"Coupeville (Whidbey Island), Coupeville, Island County",330164,Coupeville (Whidbey Island),2017-12-09 19:43:04.582294
2009-02-03,07:00,29.6,,29.0,99.7,0.82,E@1.7,3.5,39.4,0.0,0,"Coupeville (Whidbey Island), Coupeville, Island County",330164,Coupeville (Whidbey Island),2017-12-09 19:43:04.582294
2009-02-03,07:15,30.1,,29.6,99.7,0.85,N@0.0,0.0,39.3,0.0,0,"Coupeville (Whidbey Island), Coupeville, Island County",330164,Coupeville (Whidbey Island),2017-12-09 19:43:04.582294
2009-02-03,07:30,29.6,,29.1,99.7,0.82,E@1.3,3.1,39.3,0.0,4,"Coupeville (Whidbey Island), Coupeville, Island County",330164,Coupeville (Whidbey Island),2017-12-09 19:43:04.582294
2009-02-03,07:45,30.1,,29.6,99.7,0.84,E@1.7,3.1,39.2,0.0,6,"Coupeville (Whidbey Island), Coupeville, Island County",330164,Coupeville (Whidbey Island),2017-12-09 19:43:04.582294
2009-02-03,08:00,30.3,,29.8,99.7,0.85,SE@0.9,3.5,39.2,0.0,14,"Coupeville (Whidbey Island), Coupeville, Island County",330164,Coupeville (Whidbey Island),2017-12-09 19:43:04.582294
2009-02-03,08:15,29.8,,29.3,99.7,0.84,SE@2.2,3.5,39.1,0.0,33,"Coupeville (Whidbey Island), Coupeville, Island County",330164,Coupeville (Whidbey Island),2017-12-09 19:43:04.582294
2009-02-03,08:30,31.4,,31.2,99.7,0.96,SE@1.1,2.8,39.1,0.0,58,"Coupeville (Whidbey Island), Coupeville, Island County",330164,Coupeville (Whidbey Island),2017-12-09 19:43:04.582294
2009-02-03,08:45,32.3,,32.3,99.7,1.0,NE@0.3,2.4,39.0,0.0,80,"Coupeville (Whidbey Island), Coupeville, Island County",330164,Coupeville (Whidbey Island),2017-12-09 19:43:04.582294
2009-02-03,09:00,33.3,,33.3,99.7,1.0,E@0.3,2.4,39.0,0.0,127,"Coupeville (Whidbey Island), Coupeville, Island County",330164,Coupeville (Whidbey Island),2017-12-09 19:43:04.582294
2009-02-03,09:15,35.1,,35.1,99.7,1.0,SE@0.6,2.4,38.9,0.0,199,"Coupeville (Whidbey Island), Coupeville, Island County",330164,Coupeville (Whidbey Island),2017-12-09 19:43:04.582294
2009-02-03,09:30,38.1,,38.0,99.7,1.0,S@0.4,2.4,38.9,0.0,246,"Coupeville (Whidbey Island), Coupeville, Island County",330164,Coupeville (Whidbey Island),2017-12-09 19:43:04.582294
2009-02-03,09:45,40.6,,40.5,99.8,1.0,E@0.5,2.4,38.9,0.0,254,"Coupeville (Whidbey Island), Coupeville, Island County",330164,Coupeville (Whidbey Island),2017-12-09 19:43:04.582294
2009-02-03,10:00,41.3,,41.2,99.7,1.0,NE@1.0,2.8,38.8,0.0,218,"Coupeville (Whidbey Island), Coupeville, Island County",330164,Coupeville (Whidbey Island),2017-12-09 19:43:04.582294
2009-02-03,10:15,41.6,,41.4,99.4,1.0,NE@2.7,3.9,38.8,0.0,271,"Coupeville (Whidbey Island), Coupeville, Island County",330164,Coupeville (Whidbey Island),2017-12-09 19:43:04.582294
2009-02-03,10:30,43.2,,42.1,96.0,1.0,NE@1.2,2.8,38.7,0.0,296,"Coupeville (Whidbey Island), Coupeville, Island County",330164,Coupeville (Whidbey Island),2017-12-09 19:43:04.582294
2009-02-03,10:45,44.9,,41.3,87.3,1.0,S@1.2,3.5,38.7,0.0,327,"Coupeville (Whidbey Island), Coupeville, Island County",330164,Coupeville (Whidbey Island),2017-12-09 19:43:04.582294
2009-02-03,11:00,46.0,,38.4,74.6,0.98,S@0.5,2.4,38.7,0.0,325,"Coupeville (Whidbey Island), Coupeville, Island County",330164,Coupeville (Whidbey Island),2017-12-09 19:43:04.582294
2009-02-03,11:15,46.2,,37.8,72.2,0.9,W@1.4,3.5,38.6,0.0,321,"Coupeville (Whidbey Island), Coupeville, Island County",330164,Coupeville (Whidbey Island),2017-12-09 19:43:04.582294
2009-02-03,11:30,46.0,,37.8,72.8,0.42,W@2.0,3.9,38.6,0.0,281,"Coupeville (Whidbey Island), Coupeville, Island County",330164,Coupeville (Whidbey Island),2017-12-09 19:43:04.582294
2009-02-03,11:45,45.5,,38.5,76.2,0.02,W@2.7,5.3,38.6,0.0,243,"Coupeville (Whidbey Island), Coupeville, Island County",330164,Coupeville (Whidbey Island),2017-12-09 19:43:04.582294
2009-02-03,12:00,45.0,,41.2,86.3,0.04,W@4.8,6.4,38.6,0.0,253,"Coupeville (Whidbey Island), Coupeville, Island County",330164,Coupeville (Whidbey Island),2017-12-09 19:43:04.582294
2009-02-03,12:15,45.2,,41.5,86.8,0.04,W@4.2,5.7,38.6,0.0,286,"Coupeville (Whidbey Island), Coupeville, Island County",330164,Coupeville (Whidbey Island),2017-12-09 19:43:04.582294
2009-02-03,12:30,45.6,,41.8,86.4,0.03,W@4.6,7.4,38.6,0.0,281,"Coupeville (Whidbey Island), Coupeville, Island County",330164,Coupeville (Whidbey Island),2017-12-09 19:43:04.582294
2009-02-03,12:45,45.7,,41.4,84.9,0.03,W@5.7,8.2,38.6,0.0,304,"Coupeville (Whidbey Island), Coupeville, Island County",330164,Coupeville (Whidbey Island),2017-12-09 19:43:04.582294
2009-02-03,13:00,47.0,,40.4,77.6,0.01,W@4.8,7.1,38.6,0.0,317,"Coupeville (Whidbey Island), Coupeville, Island County",330164,Coupeville (Whidbey Island),2017-12-09 19:43:04.582294
2009-02-03,13:15,47.2,,40.8,78.3,0.01,S@5.5,7.1,38.7,0.0,303,"Coupeville (Whidbey Island), Coupeville, Island County",330164,Coupeville (Whidbey Island),2017-12-09 19:43:04.582294
2009-02-03,13:30,47.4,,40.5,76.7,0.01,E@5.1,6.7,38.7,0.0,310,"Coupeville (Whidbey Island), Coupeville, Island County",330164,Coupeville (Whidbey Island),2017-12-09 19:43:04.582294
2009-02-03,13:45,48.1,,40.6,75.3,0.01,S@4.4,6.4,38.8,0.0,331,"Coupeville (Whidbey Island), Coupeville, Island County",330164,Coupeville (Whidbey Island),2017-12-09 19:43:04.582294
2009-02-03,14:00,48.5,,40.4,73.4,0.01,S@4.5,6.7,38.8,0.0,309,"Coupeville (Whidbey Island), Coupeville, Island County",330164,Coupeville (Whidbey Island),2017-12-09 19:43:04.582294
2009-02-03,14:15,47.5,,39.8,74.4,0.01,S@4.6,6.4,38.9,0.0,220,"Coupeville (Whidbey Island), Coupeville, Island County",330164,Coupeville (Whidbey Island),2017-12-09 19:43:04.582294
2009-02-03,14:30,47.6,,40.1,75.1,0.01,S@4.6,6.4,39.0,0.0,280,"Coupeville (Whidbey Island), Coupeville, Island County",330164,Coupeville (Whidbey Island),2017-12-09 19:43:04.582294
2009-02-03,14:45,48.0,,40.4,74.7,0.01,W@3.7,5.7,39.1,0.0,314,"Coupeville (Whidbey Island), Coupeville, Island County",330164,Coupeville (Whidbey Island),2017-12-09 19:43:04.582294
2009-02-03,15:00,48.5,,40.4,73.2,0.01,NW@3.2,4.6,39.1,0.0,241,"Coupeville (Whidbey Island), Coupeville, Island County",330164,Coupeville (Whidbey Island),2017-12-09 19:43:04.582294
2009-02-03,15:15,47.8,,40.2,74.8,0.01,NW@3.1,4.6,39.2,0.0,143,"Coupeville (Whidbey Island), Coupeville, Island County",330164,Coupeville (Whidbey Island),2017-12-09 19:43:04.582294
2009-02-03,15:30,48.2,,40.2,73.8,0.01,W@0.3,2.4,39.3,0.0,167,"Coupeville (Whidbey Island), Coupeville, Island County",330164,Coupeville (Whidbey Island),2017-12-09 19:43:04.582294
2009-02-03,15:45,49.4,,40.3,70.8,0.01,SE@3.1,4.2,39.4,0.0,205,"Coupeville (Whidbey Island), Coupeville, Island County",330164,Coupeville (Whidbey Island),2017-12-09 19:43:04.582294
2009-02-03,16:00,48.9,,39.7,70.5,0.01,NE@3.5,4.6,39.5,0.0,166,"Coupeville (Whidbey Island), Coupeville, Island County",330164,Coupeville (Whidbey Island),2017-12-09 19:43:04.582294
2009-02-03,16:15,48.5,,39.4,70.6,0.01,NE@3.4,5.7,39.6,0.0,130,"Coupeville (Whidbey Island), Coupeville, Island County",330164,Coupeville (Whidbey Island),2017-12-09 19:43:04.582294
2009-02-03,16:30,48.2,,39.4,71.2,0.01,E@2.5,3.9,39.7,0.0,72,"Coupeville (Whidbey Island), Coupeville, Island County",330164,Coupeville (Whidbey Island),2017-12-09 19:43:04.582294
2009-02-03,16:45,47.0,,38.7,72.8,0.01,E@2.5,3.5,39.8,0.0,42,"Coupeville (Whidbey Island), Coupeville, Island County",330164,Coupeville (Whidbey Island),2017-12-09 19:43:04.582294
2009-02-03,17:00,46.3,,38.0,72.6,0.01,SE@1.9,3.1,39.9,0.0,24,"Coupeville (Whidbey Island), Coupeville, Island County",330164,Coupeville (Whidbey Island),2017-12-09 19:43:04.582294
2009-02-03,17:15,45.1,,37.9,75.8,0.02,S@1.4,3.1,40.0,0.0,7,"Coupeville (Whidbey Island), Coupeville, Island County",330164,Coupeville (Whidbey Island),2017-12-09 19:43:04.582294
2009-02-03,17:30,42.5,,37.8,83.3,0.04,S@1.2,3.1,40.1,0.0,1,"Coupeville (Whidbey Island), Coupeville, Island County",330164,Coupeville (Whidbey Island),2017-12-09 19:43:04.582294
2009-02-03,17:45,42.2,,37.6,83.7,0.06,N@0.0,0.0,40.2,0.0,0,"Coupeville (Whidbey Island), Coupeville, Island County",330164,Coupeville (Whidbey Island),2017-12-09 19:43:04.582294
2009-02-03,18:00,41.5,,38.0,87.2,0.09,N@0.0,0.0,40.2,0.0,0,"Coupeville (Whidbey Island), Coupeville, Island County",330164,Coupeville (Whidbey Island),2017-12-09 19:43:04.582294
2009-02-03,18:15,39.9,,38.2,93.6,0.2,E@0.2,3.5,40.3,0.0,0,"Coupeville (Whidbey Island), Coupeville, Island County",330164,Coupeville (Whidbey Island),2017-12-09 19:43:04.582294
2009-02-03,18:30,38.6,,36.4,91.8,0.15,E@2.9,3.5,40.4,0.0,0,"Coupeville (Whidbey Island), Coupeville, Island County",330164,Coupeville (Whidbey Island),2017-12-09 19:43:04.582294
2009-02-03,18:45,37.5,,35.5,92.4,0.17,E@1.9,3.5,40.4,0.0,0,"Coupeville (Whidbey Island), Coupeville, Island County",330164,Coupeville (Whidbey Island),2017-12-09 19:43:04.582294
2009-02-03,19:00,37.7,,36.0,93.6,0.2,SE@2.8,3.9,40.5,0.0,0,"Coupeville (Whidbey Island), Coupeville, Island County",330164,Coupeville (Whidbey Island),2017-12-09 19:43:04.582294
2009-02-03,19:15,37.2,,35.6,93.7,0.24,SE@2.8,3.9,40.5,0.0,0,"Coupeville (Whidbey Island), Coupeville, Island County",330164,Coupeville (Whidbey Island),2017-12-09 19:43:04.582294
2009-02-03,19:30,36.2,,35.1,95.8,0.33,E@2.6,4.2,40.6,0.0,0,"Coupeville (Whidbey Island), Coupeville, Island County",330164,Coupeville (Whidbey Island),2017-12-09 19:43:04.582294
2009-02-03,19:45,35.4,,34.5,96.4,0.34,NE@2.7,3.9,40.6,0.0,0,"Coupeville (Whidbey Island), Coupeville, Island County",330164,Coupeville (Whidbey Island),2017-12-09 19:43:04.582294
2009-02-03,20:00,35.3,,34.2,95.6,0.36,SE@1.9,3.9,40.6,0.0,0,"Coupeville (Whidbey Island), Coupeville, Island County",330164,Coupeville (Whidbey Island),2017-12-09 19:43:04.582294
2009-02-03,20:15,38.0,,37.0,95.9,0.42,SE@1.5,3.1,40.6,0.0,0,"Coupeville (Whidbey Island), Coupeville, Island County",330164,Coupeville (Whidbey Island),2017-12-09 19:43:04.582294
2009-02-03,20:30,35.9,,34.0,92.9,0.41,E@2.3,4.6,40.6,0.0,0,"Coupeville (Whidbey Island), Coupeville, Island County",330164,Coupeville (Whidbey Island),2017-12-09 19:43:04.582294
2009-02-03,20:45,34.4,,33.4,96.0,0.45,E@3.3,4.9,40.6,0.0,0,"Coupeville (Whidbey Island), Coupeville, Island County",330164,Coupeville (Whidbey Island),2017-12-09 19:43:04.582294
2009-02-03,21:00,34.3,,33.8,98.4,0.51,E@1.9,3.1,40.6,0.0,0,"Coupeville (Whidbey Island), Coupeville, Island County",330164,Coupeville (Whidbey Island),2017-12-09 19:43:04.582294
2009-02-03,21:15,35.2,,34.6,97.4,0.57,SE@2.3,4.2,40.6,0.0,0,"Coupeville (Whidbey Island), Coupeville, Island County",330164,Coupeville (Whidbey Island),2017-12-09 19:43:04.582294
2009-02-03,21:30,34.3,,33.9,98.4,0.62,NE@1.7,3.5,40.5,0.0,0,"Coupeville (Whidbey Island), Coupeville, Island County",330164,Coupeville (Whidbey Island),2017-12-09 19:43:04.582294
2009-02-03,21:45,35.0,,34.6,98.3,0.67,SE@2.4,4.2,40.5,0.0,0,"Coupeville (Whidbey Island), Coupeville, Island County",330164,Coupeville (Whidbey Island),2017-12-09 19:43:04.582294
2009-02-03,22:00,34.7,,34.0,97.2,0.7,SE@1.8,4.2,40.4,0.0,0,"Coupeville (Whidbey Island), Coupeville, Island County",330164,Coupeville (Whidbey Island),2017-12-09 19:43:04.582294
2009-02-03,22:15,32.8,,32.3,97.9,0.73,S@3.5,5.3,40.4,0.0,0,"Coupeville (Whidbey Island), Coupeville, Island County",330164,Coupeville (Whidbey Island),2017-12-09 19:43:04.582294
2009-02-03,22:30,33.5,,33.2,98.9,0.76,E@1.6,3.1,40.4,0.0,0,"Coupeville (Whidbey Island), Coupeville, Island County",330164,Coupeville (Whidbey Island),2017-12-09 19:43:04.582294
2009-02-03,22:45,33.1,,32.8,98.8,0.79,S@1.8,2.8,40.3,0.0,0,"Coupeville (Whidbey Island), Coupeville, Island County",330164,Coupeville (Whidbey Island),2017-12-09 19:43:04.582294
2009-02-03,23:00,33.0,,32.6,98.3,0.82,NE@2.0,3.9,40.3,0.0,0,"Coupeville (Whidbey Island), Coupeville, Island County",330164,Coupeville (Whidbey Island),2017-12-09 19:43:04.582294
2009-02-03,23:15,31.7,,31.3,98.9,0.84,S@1.2,2.1,40.2,0.0,0,"Coupeville (Whidbey Island), Coupeville, Island County",330164,Coupeville (Whidbey Island),2017-12-09 19:43:04.582294
2009-02-03,23:30,32.4,,32.4,99.6,0.87,SE@1.0,2.4,40.2,0.0,0,"Coupeville (Whidbey Island), Coupeville, Island County",330164,Coupeville (Whidbey Island),2017-12-09 19:43:04.582294
2009-02-03,23:45,33.7,,33.6,99.7,0.89,S@2.2,3.1,40.1,0.0,0,"Coupeville (Whidbey Island), Coupeville, Island County",330164,Coupeville (Whidbey Island),2017-12-09 19:43:04.582294
2009-02-03,24:00,32.5,,32.3,99.3,0.91,S@1.7,2.8,40.1,0.0,0,"Coupeville (Whidbey Island), Coupeville, Island County",330164,Coupeville (Whidbey Island),2017-12-09 19:43:04.582294
2009-02-04,00:15,31.3,,31.0,99.6,0.92,NE@3.1,4.2,40.0,0.0,0,"Coupeville (Whidbey Island), Coupeville, Island County",330164,Coupeville (Whidbey Island),2017-12-09 19:43:04.582294
2009-02-04,00:30,31.2,,30.8,99.7,0.93,E@2.5,3.9,40.0,0.0,0,"Coupeville (Whidbey Island), Coupeville, Island County",330164,Coupeville (Whidbey Island),2017-12-09 19:43:04.582294
2009-02-04,00:45,32.3,,32.3,99.7,0.94,S@1.8,3.1,39.9,0.0,0,"Coupeville (Whidbey Island), Coupeville, Island County",330164,Coupeville (Whidbey Island),2017-12-09 19:43:04.582294
2009-02-04,01:00,31.7,,31.4,99.4,0.94,E@2.4,3.9,39.9,0.0,0,"Coupeville (Whidbey Island), Coupeville, Island County",330164,Coupeville (Whidbey Island),2017-12-09 19:43:04.582294
2009-02-04,01:15,31.3,,31.0,99.7,0.96,E@0.9,3.1,39.8,0.0,0,"Coupeville (Whidbey Island), Coupeville, Island County",330164,Coupeville (Whidbey Island),2017-12-09 19:43:04.582294
2009-02-04,01:30,31.4,,31.1,99.7,1.0,NE@1.3,3.1,39.8,0.0,0,"Coupeville (Whidbey Island), Coupeville, Island County",330164,Coupeville (Whidbey Island),2017-12-09 19:43:04.582294
2009-02-04,01:45,32.1,,32.0,99.7,1.0,S@0.5,2.1,39.7,0.0,0,"Coupeville (Whidbey Island), Coupeville, Island County",330164,Coupeville (Whidbey Island),2017-12-09 19:43:04.582294
2009-02-04,02:00,32.7,,32.6,99.7,1.0,E@2.6,3.9,39.6,0.0,0,"Coupeville (Whidbey Island), Coupeville, Island County",330164,Coupeville (Whidbey Island),2017-12-09 19:43:04.582294
2009-02-04,02:15,32.0,,31.8,99.7,1.0,SE@3.2,4.6,39.6,0.0,0,"Coupeville (Whidbey Island), Coupeville, Island County",330164,Coupeville (Whidbey Island),2017-12-09 19:43:04.582294
2009-02-04,02:30,33.2,,33.1,99.7,1.0,W@2.2,4.6,39.5,0.0,0,"Coupeville (Whidbey Island), Coupeville, Island County",330164,Coupeville (Whidbey Island),2017-12-09 19:43:04.582294
2009-02-04,02:45,32.7,,32.6,99.7,1.0,SE@1.7,3.5,39.5,0.0,0,"Coupeville (Whidbey Island), Coupeville, Island County",330164,Coupeville (Whidbey Island),2017-12-09 19:43:04.582294
2009-02-04,03:00,33.7,,33.6,99.7,1.0,SE@1.9,3.5,39.4,0.0,0,"Coupeville (Whidbey Island), Coupeville, Island County",330164,Coupeville (Whidbey Island),2017-12-09 19:43:04.582294
2009-02-04,03:15,32.3,,32.2,99.7,1.0,S@1.5,3.1,39.4,0.0,0,"Coupeville (Whidbey Island), Coupeville, Island County",330164,Coupeville (Whidbey Island),2017-12-09 19:43:04.582294
2009-02-04,03:30,32.2,,32.2,99.7,1.0,SW@0.6,2.8,39.3,0.0,0,"Coupeville (Whidbey Island), Coupeville, Island County",330164,Coupeville (Whidbey Island),2017-12-09 19:43:04.582294
2009-02-04,03:45,32.5,,32.4,99.7,1.0,SE@1.5,2.8,39.3,0.0,0,"Coupeville (Whidbey Island), Coupeville, Island County",330164,Coupeville (Whidbey Island),2017-12-09 19:43:04.582294
2009-02-04,04:00,35.0,,35.0,99.7,1.0,SE@2.5,3.9,39.3,0.0,0,"Coupeville (Whidbey Island), Coupeville, Island County",330164,Coupeville (Whidbey Island),2017-12-09 19:43:04.582294
2009-02-04,04:15,35.4,,35.3,99.7,1.0,SE@1.4,4.2,39.2,0.0,0,"Coupeville (Whidbey Island), Coupeville, Island County",330164,Coupeville (Whidbey Island),2017-12-09 19:43:04.582294
2009-02-04,04:30,32.5,,32.4,99.7,1.0,SE@2.0,3.9,39.2,0.0,0,"Coupeville (Whidbey Island), Coupeville, Island County",330164,Coupeville (Whidbey Island),2017-12-09 19:43:04.582294
2009-02-04,04:45,34.4,,34.4,99.7,1.0,SE@2.3,3.5,39.1,0.0,0,"Coupeville (Whidbey Island), Coupeville, Island County",330164,Coupeville (Whidbey Island),2017-12-09 19:43:04.582294
2009-02-04,05:00,33.3,,33.2,99.7,1.0,SE@2.3,4.9,39.1,0.0,0,"Coupeville (Whidbey Island), Coupeville, Island County",330164,Coupeville (Whidbey Island),2017-12-09 19:43:04.582294
2009-02-04,05:15,31.6,,31.4,99.7,1.0,NE@2.3,3.5,39.0,0.0,0,"Coupeville (Whidbey Island), Coupeville, Island County",330164,Coupeville (Whidbey Island),2017-12-09 19:43:04.582294
2009-02-04,05:30,32.2,,32.1,99.7,1.0,E@1.6,3.5,39.0,0.0,0,"Coupeville (Whidbey Island), Coupeville, Island County",330164,Coupeville (Whidbey Island),2017-12-09 19:43:04.582294
2009-02-04,05:45,31.8,,31.6,99.7,1.0,SW@2.3,4.6,38.9,0.0,0,"Coupeville (Whidbey Island), Coupeville, Island County",330164,Coupeville (Whidbey Island),2017-12-09 19:43:04.582294
2009-02-04,06:00,31.5,,31.3,99.7,1.0,E@1.9,3.9,38.9,0.0,0,"Coupeville (Whidbey Island), Coupeville, Island County",330164,Coupeville (Whidbey Island),2017-12-09 19:43:04.582294
2009-02-04,06:15,30.9,,30.6,99.7,1.0,E@2.5,3.5,38.9,0.0,0,"Coupeville (Whidbey Island), Coupeville, Island County",330164,Coupeville (Whidbey Island),2017-12-09 19:43:04.582294
2009-02-04,06:30,31.0,,30.6,99.7,0.91,SE@2.6,3.9,38.8,0.0,0,"Coupeville (Whidbey Island), Coupeville, Island County",330164,Coupeville (Whidbey Island),2017-12-09 19:43:04.582294
2009-02-04,06:45,32.2,,32.1,99.7,0.94,E@3.3,4.9,38.8,0.0,0,"Coupeville (Whidbey Island), Coupeville, Island County",330164,Coupeville (Whidbey Island),2017-12-09 19:43:04.582294
2009-02-04,07:00,32.2,,32.1,99.7,0.93,E@2.4,4.6,38.8,0.0,0,"Coupeville (Whidbey Island), Coupeville, Island County",330164,Coupeville (Whidbey Island),2017-12-09 19:43:04.582294
2009-02-04,07:15,33.0,,32.9,99.7,0.98,NE@2.0,2.8,38.7,0.0,0,"Coupeville (Whidbey Island), Coupeville, Island County",330164,Coupeville (Whidbey Island),2017-12-09 19:43:04.582294
2009-02-04,07:30,31.8,,31.6,99.7,0.87,SE@1.4,2.8,38.7,0.0,0,"Coupeville (Whidbey Island), Coupeville, Island County",330164,Coupeville (Whidbey Island),2017-12-09 19:43:04.582294
2009-02-04,07:45,32.3,,32.2,99.7,0.87,SE@0.7,2.4,38.6,0.0,4,"Coupeville (Whidbey Island), Coupeville, Island County",330164,Coupeville (Whidbey Island),2017-12-09 19:43:04.582294
2009-02-04,08:00,31.0,,30.6,99.7,0.84,NE@1.9,3.1,38.6,0.0,15,"Coupeville (Whidbey Island), Coupeville, Island County",330164,Coupeville (Whidbey Island),2017-12-09 19:43:04.582294
2009-02-04,08:15,31.2,,30.9,99.7,0.85,SE@1.3,3.1,38.6,0.0,26,"Coupeville (Whidbey Island), Coupeville, Island County",330164,Coupeville (Whidbey Island),2017-12-09 19:43:04.582294
2009-02-04,08:30,32.3,,32.2,99.7,0.93,N@0.0,0.0,38.5,0.0,40,"Coupeville (Whidbey Island), Coupeville, Island County",330164,Coupeville (Whidbey Island),2017-12-09 19:43:04.582294
2009-02-04,08:45,32.0,,31.9,99.7,0.95,E@0.7,3.5,38.5,0.0,50,"Coupeville (Whidbey Island), Coupeville, Island County",330164,Coupeville (Whidbey Island),2017-12-09 19:43:04.582294
2009-02-04,09:00,34.1,,34.0,99.7,1.0,S@0.5,2.8,38.5,0.0,73,"Coupeville (Whidbey Island), Coupeville, Island County",330164,Coupeville (Whidbey Island),2017-12-09 19:43:04.582294
2009-02-04,09:15,34.2,,34.1,99.7,1.0,SW@0.8,3.5,38.4,0.0,78,"Coupeville (Whidbey Island), Coupeville, Island County",330164,Coupeville (Whidbey Island),2017-12-09 19:43:04.582294
2009-02-04,09:30,35.6,,35.5,99.7,1.0,N@0.0,0.0,38.4,0.0,79,"Coupeville (Whidbey Island), Coupeville, Island County",330164,Coupeville (Whidbey Island),2017-12-09 19:43:04.582294
2009-02-04,09:45,36.2,,36.1,99.7,1.0,N@0.0,0.0,38.4,0.0,103,"Coupeville (Whidbey Island), Coupeville, Island County",330164,Coupeville (Whidbey Island),2017-12-09 19:43:04.582294
2009-02-04,10:00,38.6,,38.6,99.7,1.0,S@1.1,4.6,38.3,0.0,117,"Coupeville (Whidbey Island), Coupeville, Island County",330164,Coupeville (Whidbey Island),2017-12-09 19:43:04.582294
2009-02-04,10:15,40.0,,39.9,99.7,1.0,W@4.1,5.7,38.3,0.0,123,"Coupeville (Whidbey Island), Coupeville, Island County",330164,Coupeville (Whidbey Island),2017-12-09 19:43:04.582294
2009-02-04,10:30,40.9,,40.8,99.7,1.0,W@4.7,6.7,38.3,0.0,151,"Coupeville (Whidbey Island), Coupeville, Island County",330164,Coupeville (Whidbey Island),2017-12-09 19:43:04.582294
2009-02-04,10:45,41.2,,41.2,99.7,1.0,W@5.9,8.9,38.3,0.0,148,"Coupeville (Whidbey Island), Coupeville, Island County",330164,Coupeville (Whidbey Island),2017-12-09 19:43:04.582294
2009-02-04,11:00,41.3,,41.2,99.7,1.0,W@5.8,7.8,38.2,0.0,146,"Coupeville (Whidbey Island), Coupeville, Island County",330164,Coupeville (Whidbey Island),2017-12-09 19:43:04.582294
2009-02-04,11:15,41.7,,41.6,99.7,1.0,W@6.1,8.2,38.2,0.0,177,"Coupeville (Whidbey Island), Coupeville, Island County",330164,Coupeville (Whidbey Island),2017-12-09 19:43:04.582294
2009-02-04,11:30,41.7,,41.6,99.8,1.0,W@5.4,7.4,38.2,0.0,191,"Coupeville (Whidbey Island), Coupeville, Island County",330164,Coupeville (Whidbey Island),2017-12-09 19:43:04.582294
2009-02-04,11:45,42.4,,42.3,99.8,1.0,W@5.0,6.7,38.2,0.0,199,"Coupeville (Whidbey Island), Coupeville, Island County",330164,Coupeville (Whidbey Island),2017-12-09 19:43:04.582294
2009-02-04,12:00,42.6,,42.5,99.8,1.0,W@4.9,6.4,38.2,0.0,169,"Coupeville (Whidbey Island), Coupeville, Island County",330164,Coupeville (Whidbey Island),2017-12-09 19:43:04.582294
2009-02-04,12:15,42.6,,42.5,99.7,1.0,W@4.6,6.0,38.2,0.0,173,"Coupeville (Whidbey Island), Coupeville, Island County",330164,Coupeville (Whidbey Island),2017-12-09 19:43:04.582294
2009-02-04,12:30,42.7,,42.6,99.7,1.0,W@5.5,7.4,38.2,0.0,196,"Coupeville (Whidbey Island), Coupeville, Island County",330164,Coupeville (Whidbey Island),2017-12-09 19:43:04.582294
2009-02-04,12:45,42.6,,42.5,99.7,1.0,W@6.5,9.2,38.2,0.0,211,"Coupeville (Whidbey Island), Coupeville, Island County",330164,Coupeville (Whidbey Island),2017-12-09 19:43:04.582294
2009-02-04,13:00,42.5,,42.4,99.7,1.0,W@6.8,8.9,38.2,0.0,196,"Coupeville (Whidbey Island), Coupeville, Island County",330164,Coupeville (Whidbey Island),2017-12-09 19:43:04.582294
2009-02-04,13:15,43.0,,42.9,99.6,1.0,W@4.8,7.8,38.2,0.0,220,"Coupeville (Whidbey Island), Coupeville, Island County",330164,Coupeville (Whidbey Island),2017-12-09 19:43:04.582294
2009-02-04,13:30,44.3,,43.7,97.7,0.97,W@3.2,5.7,38.2,0.0,272,"Coupeville (Whidbey Island), Coupeville, Island County",330164,Coupeville (Whidbey Island),2017-12-09 19:43:04.582294
2009-02-04,13:45,45.8,,43.8,92.5,0.92,S@1.3,3.9,38.2,0.0,242,"Coupeville (Whidbey Island), Coupeville, Island County",330164,Coupeville (Whidbey Island),2017-12-09 19:43:04.582294
2009-02-04,14:00,46.8,,44.1,90.3,0.79,SW@2.1,6.7,38.3,0.0,326,"Coupeville (Whidbey Island), Coupeville, Island County",330164,Coupeville (Whidbey Island),2017-12-09 19:43:04.582294
2009-02-04,14:15,46.4,,44.5,93.3,0.17,W@6.4,8.9,38.3,0.0,361,"Coupeville (Whidbey Island), Coupeville, Island County",330164,Coupeville (Whidbey Island),2017-12-09 19:43:04.582294
2009-02-04,14:30,46.4,,44.2,92.0,0.06,SW@5.9,8.2,38.4,0.0,322,"Coupeville (Whidbey Island), Coupeville, Island County",330164,Coupeville (Whidbey Island),2017-12-09 19:43:04.582294
2009-02-04,14:45,45.8,,43.9,92.9,0.07,SW@6.8,9.2,38.4,0.0,296,"Coupeville (Whidbey Island), Coupeville, Island County",330164,Coupeville (Whidbey Island),2017-12-09 19:43:04.582294
2009-02-04,15:00,46.3,,44.2,92.2,0.05,SW@6.2,9.6,38.5,0.0,287,"Coupeville (Whidbey Island), Coupeville, Island County",330164,Coupeville (Whidbey Island),2017-12-09 19:43:04.582294
2009-02-04,15:15,46.6,,44.2,91.2,0.05,SW@5.4,9.9,38.6,0.0,243,"Coupeville (Whidbey Island), Coupeville, Island County",330164,Coupeville (Whidbey Island),2017-12-09 19:43:04.582294
2009-02-04,15:30,46.3,,43.8,90.6,0.07,SW@5.0,7.8,38.6,0.0,143,"Coupeville (Whidbey Island), Coupeville, Island County",330164,Coupeville (Whidbey Island),2017-12-09 19:43:04.582294
2009-02-04,15:45,44.0,,43.0,96.2,0.14,SW@5.0,7.8,38.7,0.0,104,"Coupeville (Whidbey Island), Coupeville, Island County",330164,Coupeville (Whidbey Island),2017-12-09 19:43:04.582294
2009-02-04,16:00,44.2,,43.3,96.6,0.15,SW@3.4,5.7,38.8,0.0,111,"Coupeville (Whidbey Island), Coupeville, Island County",330164,Coupeville (Whidbey Island),2017-12-09 19:43:04.582294
2009-02-04,16:15,43.8,,42.9,96.6,0.19,SW@4.5,7.4,38.9,0.0,72,"Coupeville (Whidbey Island), Coupeville, Island County",330164,Coupeville (Whidbey Island),2017-12-09 19:43:04.582294
2009-02-04,16:30,44.2,,43.5,97.5,0.22,SW@3.2,5.7,39.0,0.0,85,"Coupeville (Whidbey Island), Coupeville, Island County",330164,Coupeville (Whidbey Island),2017-12-09 19:43:04.582294
2009-02-04,16:45,44.9,,43.4,94.3,0.17,SE@4.3,6.4,39.1,0.0,52,"Coupeville (Whidbey Island), Coupeville, Island County",330164,Coupeville (Whidbey Island),2017-12-09 19:43:04.582294
2009-02-04,17:00,43.5,,42.1,94.4,0.18,W@5.1,6.7,39.2,0.0,23,"Coupeville (Whidbey Island), Coupeville, Island County",330164,Coupeville (Whidbey Island),2017-12-09 19:43:04.582294
2009-02-04,17:15,42.5,,41.6,96.6,0.31,NE@4.5,5.3,39.3,0.0,7,"Coupeville (Whidbey Island), Coupeville, Island County",330164,Coupeville (Whidbey Island),2017-12-09 19:43:04.582294
2009-02-04,17:30,41.7,,41.2,98.0,0.49,NE@3.5,4.6,39.4,0.0,1,"Coupeville (Whidbey Island), Coupeville, Island County",330164,Coupeville (Whidbey Island),2017-12-09 19:43:04.582294
2009-02-04,17:45,40.8,,40.5,98.8,0.62,S@2.3,3.9,39.5,0.0,0,"Coupeville (Whidbey Island), Coupeville, Island County",330164,Coupeville (Whidbey Island),2017-12-09 19:43:04.582294
2009-02-04,18:00,40.8,,40.7,99.7,0.72,NE@3.1,3.9,39.5,0.0,0,"Coupeville (Whidbey Island), Coupeville, Island County",330164,Coupeville (Whidbey Island),2017-12-09 19:43:04.582294
2009-02-04,18:15,39.5,,39.5,99.7,0.77,E@2.9,3.9,39.6,0.0,0,"Coupeville (Whidbey Island), Coupeville, Island County",330164,Coupeville (Whidbey Island),2017-12-09 19:43:04.582294
2009-02-04,18:30,38.3,,38.2,99.7,0.81,E@1.8,3.1,39.7,0.0,0,"Coupeville (Whidbey Island), Coupeville, Island County",330164,Coupeville (Whidbey Island),2017-12-09 19:43:04.582294
2009-02-04,18:45,37.4,,37.3,99.7,0.84,E@0.9,3.1,39.7,0.0,0,"Coupeville (Whidbey Island), Coupeville, Island County",330164,Coupeville (Whidbey Island),2017-12-09 19:43:04.582294
2009-02-04,19:00,36.9,,36.8,99.7,0.87,SE@0.6,2.8,39.8,0.0,0,"Coupeville (Whidbey Island), Coupeville, Island County",330164,Coupeville (Whidbey Island),2017-12-09 19:43:04.582294
2009-02-04,19:15,35.3,,35.2,99.7,0.9,SE@2.3,3.5,39.8,0.0,0,"Coupeville (Whidbey Island), Coupeville, Island County",330164,Coupeville (Whidbey Island),2017-12-09 19:43:04.582294
2009-02-04,19:30,35.5,,35.5,99.7,0.92,E@1.5,2.8,39.9,0.0,0,"Coupeville (Whidbey Island), Coupeville, Island County",330164,Coupeville (Whidbey Island),2017-12-09 19:43:04.582294
2009-02-04,19:45,36.0,,35.9,99.7,0.94,SE@1.6,3.5,39.9,0.0,0,"Coupeville (Whidbey Island), Coupeville, Island County",330164,Coupeville (Whidbey Island),2017-12-09 19:43:04.582294
2009-02-04,20:00,34.1,,34.0,99.7,0.96,E@1.8,3.1,39.9,0.0,0,"Coupeville (Whidbey Island), Coupeville, Island County",330164,Coupeville (Whidbey Island),2017-12-09 19:43:04.582294
2009-02-04,20:15,34.3,,34.2,99.7,1.0,E@1.7,3.5,39.9,0.0,0,"Coupeville (Whidbey Island), Coupeville, Island County",330164,Coupeville (Whidbey Island),2017-12-09 19:43:04.582294
2009-02-04,20:30,34.7,,34.6,99.7,1.0,SE@1.7,3.5,39.9,0.0,0,"Coupeville (Whidbey Island), Coupeville, Island County",330164,Coupeville (Whidbey Island),2017-12-09 19:43:04.582294
2009-02-04,20:45,34.4,,34.3,99.7,1.0,E@2.1,3.5,39.9,0.0,0,"Coupeville (Whidbey Island), Coupeville, Island County",330164,Coupeville (Whidbey Island),2017-12-09 19:43:04.582294
2009-02-04,21:00,34.4,,34.3,99.7,1.0,E@1.0,3.1,39.9,0.0,0,"Coupeville (Whidbey Island), Coupeville, Island County",330164,Coupeville (Whidbey Island),2017-12-09 19:43:04.582294
2009-02-04,21:15,33.1,,33.0,99.7,1.0,NE@2.1,3.1,39.9,0.0,0,"Coupeville (Whidbey Island), Coupeville, Island County",330164,Coupeville (Whidbey Island),2017-12-09 19:43:04.582294
2009-02-04,21:30,32.8,,32.7,99.7,1.0,NE@1.3,2.4,39.9,0.0,0,"Coupeville (Whidbey Island), Coupeville, Island County",330164,Coupeville (Whidbey Island),2017-12-09 19:43:04.582294
2009-02-04,21:45,33.3,,33.2,99.7,1.0,NE@1.9,3.1,39.9,0.0,0,"Coupeville (Whidbey Island), Coupeville, Island County",330164,Coupeville (Whidbey Island),2017-12-09 19:43:04.582294
2009-02-04,22:00,32.2,,32.1,99.7,1.0,E@2.8,3.5,39.8,0.0,0,"Coupeville (Whidbey Island), Coupeville, Island County",330164,Coupeville (Whidbey Island),2017-12-09 19:43:04.582294
2009-02-04,22:15,32.0,,31.8,99.7,1.0,E@2.7,3.9,39.8,0.0,0,"Coupeville (Whidbey Island), Coupeville, Island County",330164,Coupeville (Whidbey Island),2017-12-09 19:43:04.582294
2009-02-04,22:30,31.7,,31.5,99.7,1.0,SE@2.5,3.9,39.8,0.0,0,"Coupeville (Whidbey Island), Coupeville, Island County",330164,Coupeville (Whidbey Island),2017-12-09 19:43:04.582294
2009-02-04,22:45,31.7,,31.5,99.7,1.0,SE@1.0,2.8,39.8,0.0,0,"Coupeville (Whidbey Island), Coupeville, Island County",330164,Coupeville (Whidbey Island),2017-12-09 19:43:04.582294
2009-02-04,23:00,32.9,,32.8,99.7,0.95,NE@0.2,1.7,39.7,0.0,0,"Coupeville (Whidbey Island), Coupeville, Island County",330164,Coupeville (Whidbey Island),2017-12-09 19:43:04.582294
2009-02-04,23:15,32.8,,32.7,99.7,0.9,N@0.0,0.0,39.7,0.0,0,"Coupeville (Whidbey Island), Coupeville, Island County",330164,Coupeville (Whidbey Island),2017-12-09 19:43:04.582294
2009-02-04,23:30,31.6,,31.4,99.7,0.85,NE@1.4,2.8,39.6,0.0,0,"Coupeville (Whidbey Island), Coupeville, Island County",330164,Coupeville (Whidbey Island),2017-12-09 19:43:04.582294
2009-02-04,23:45,31.4,,31.1,99.7,0.85,E@2.2,2.8,39.6,0.0,0,"Coupeville (Whidbey Island), Coupeville, Island County",330164,Coupeville (Whidbey Island),2017-12-09 19:43:04.582294
2009-02-04,24:00,32.0,,31.8,99.7,0.89,SE@0.7,2.4,39.5,0.0,0,"Coupeville (Whidbey Island), Coupeville, Island County",330164,Coupeville (Whidbey Island),2017-12-09 19:43:04.582294
