Date,Time PST,Air Temp °F, 2<sup>nd</sup> Air Temp °F, Dew Point °F, Rel Hum %, Leaf Wet u., Wind Dir @ Speed mph, Wind Gust mph, 8 in. Soil Tmp °F, Tot Prec in, Solar Rad W/m²,Location,Station ID,Station Name,Download Timestamp
2012-05-03,00:15,45.5,45.6,27.9,49.8,0.0,NE@6.4,9.6,57.2,0.0,0,"McClure, Benton County",300117,McClure,2017-12-10 17:08:16.793902
2012-05-03,00:30,44.9,44.9,28.0,51.3,0.0,NE@5.4,7.1,57.1,0.0,0,"McClure, Benton County",300117,McClure,2017-12-10 17:08:16.793902
2012-05-03,00:45,44.4,44.5,27.4,50.9,0.0,NE@6.4,9.2,57.0,0.0,0,"McClure, Benton County",300117,McClure,2017-12-10 17:08:16.793902
2012-05-03,01:00,45.2,45.3,26.9,48.3,0.0,NE@6.9,9.6,56.9,0.0,0,"McClure, Benton County",300117,McClure,2017-12-10 17:08:16.793902
2012-05-03,01:15,45.1,45.1,26.7,48.3,0.0,NE@6.8,9.6,56.8,0.0,0,"McClure, Benton County",300117,McClure,2017-12-10 17:08:16.793902
2012-05-03,01:30,44.3,44.4,26.8,50.0,0.0,NE@7.0,9.9,56.7,0.0,0,"McClure, Benton County",300117,McClure,2017-12-10 17:08:16.793902
2012-05-03,01:45,44.1,44.2,26.8,50.3,0.0,NE@7.0,9.9,56.7,0.0,0,"McClure, Benton County",300117,McClure,2017-12-10 17:08:16.793902
2012-05-03,02:00,44.1,44.2,26.6,50.0,0.0,N@6.6,8.5,56.6,0.0,0,"McClure, Benton County",300117,McClure,2017-12-10 17:08:16.793902
2012-05-03,02:15,44.2,44.3,26.6,49.7,0.0,N@6.5,8.9,56.5,0.0,0,"McClure, Benton County",300117,McClure,2017-12-10 17:08:16.793902
2012-05-03,02:30,44.2,44.2,27.0,50.7,0.0,N@6.1,8.5,56.4,0.0,0,"McClure, Benton County",300117,McClure,2017-12-10 17:08:16.793902
2012-05-03,02:45,44.1,44.1,26.9,50.6,0.0,N@6.3,9.9,56.3,0.0,0,"McClure, Benton County",300117,McClure,2017-12-10 17:08:16.793902
2012-05-03,03:00,43.9,44.0,26.8,50.8,0.0,N@6.6,9.9,56.2,0.0,0,"McClure, Benton County",300117,McClure,2017-12-10 17:08:16.793902
2012-05-03,03:15,44.1,44.1,27.2,51.2,0.0,N@7.0,10.3,56.1,0.0,0,"McClure, Benton County",300117,McClure,2017-12-10 17:08:16.793902
2012-05-03,03:30,44.0,44.1,27.8,52.5,0.0,N@7.4,11.0,56.0,0.0,0,"McClure, Benton County",300117,McClure,2017-12-10 17:08:16.793902
2012-05-03,03:45,44.0,44.1,28.5,54.1,0.23,N@7.4,11.4,55.9,0.0,0,"McClure, Benton County",300117,McClure,2017-12-10 17:08:16.793902
2012-05-03,04:00,44.1,44.2,28.8,54.6,0.21,N@6.8,11.0,55.8,0.0,0,"McClure, Benton County",300117,McClure,2017-12-10 17:08:16.793902
2012-05-03,04:15,43.9,44.0,28.6,54.7,0.59,N@6.0,10.7,55.7,0.0,0,"McClure, Benton County",300117,McClure,2017-12-10 17:08:16.793902
2012-05-03,04:30,43.9,44.0,29.3,56.1,0.48,N@4.1,6.7,55.6,0.0,0,"McClure, Benton County",300117,McClure,2017-12-10 17:08:16.793902
2012-05-03,04:45,43.7,43.8,29.4,56.7,0.29,N@5.0,7.8,55.6,0.0,0,"McClure, Benton County",300117,McClure,2017-12-10 17:08:16.793902
2012-05-03,05:00,43.2,43.3,30.2,59.8,0.09,N@4.3,8.9,55.5,0.0,2,"McClure, Benton County",300117,McClure,2017-12-10 17:08:16.793902
2012-05-03,05:15,43.4,43.4,31.0,61.5,0.14,NE@3.8,8.2,55.4,0.0,5,"McClure, Benton County",300117,McClure,2017-12-10 17:08:16.793902
2012-05-03,05:30,42.6,42.6,33.0,68.5,0.81,N@5.0,8.5,55.3,0.0,11,"McClure, Benton County",300117,McClure,2017-12-10 17:08:16.793902
2012-05-03,05:45,42.7,42.8,32.9,68.0,0.63,NE@4.9,7.1,55.2,0.0,13,"McClure, Benton County",300117,McClure,2017-12-10 17:08:16.793902
2012-05-03,06:00,42.6,42.5,33.8,70.8,0.67,N@4.4,6.4,55.1,0.0,36,"McClure, Benton County",300117,McClure,2017-12-10 17:08:16.793902
2012-05-03,06:15,42.5,42.5,33.7,70.8,0.51,NE@4.9,7.4,55.0,0.0,63,"McClure, Benton County",300117,McClure,2017-12-10 17:08:16.793902
2012-05-03,06:30,43.0,43.1,33.0,67.5,0.05,N@4.2,7.1,54.9,0.0,70,"McClure, Benton County",300117,McClure,2017-12-10 17:08:16.793902
2012-05-03,06:45,43.8,43.9,33.5,66.9,0.26,N@3.6,4.9,54.9,0.0,99,"McClure, Benton County",300117,McClure,2017-12-10 17:08:16.793902
2012-05-03,07:00,44.1,44.1,34.2,67.9,0.79,NW@3.4,5.7,54.8,0.0,102,"McClure, Benton County",300117,McClure,2017-12-10 17:08:16.793902
2012-05-03,07:15,43.1,43.0,34.8,72.3,0.24,S@5.4,8.5,54.7,0.0,144,"McClure, Benton County",300117,McClure,2017-12-10 17:08:16.793902
2012-05-03,07:30,42.7,42.8,36.2,77.6,0.02,S@5.0,8.2,54.6,0.0,211,"McClure, Benton County",300117,McClure,2017-12-10 17:08:16.793902
2012-05-03,07:45,42.7,42.7,37.7,82.2,0.02,S@5.6,8.9,54.5,0.0,210,"McClure, Benton County",300117,McClure,2017-12-10 17:08:16.793902
2012-05-03,08:00,42.3,42.4,37.7,83.5,0.0,S@6.0,10.7,54.5,0.0,219,"McClure, Benton County",300117,McClure,2017-12-10 17:08:16.793902
2012-05-03,08:15,42.7,42.8,37.6,82.0,0.02,SW@5.9,8.9,54.4,0.0,234,"McClure, Benton County",300117,McClure,2017-12-10 17:08:16.793902
2012-05-03,08:30,42.6,42.6,37.1,80.7,0.02,S@5.5,8.2,54.3,0.0,207,"McClure, Benton County",300117,McClure,2017-12-10 17:08:16.793902
2012-05-03,08:45,42.6,42.6,36.3,78.2,0.0,SW@6.2,9.2,54.3,0.0,194,"McClure, Benton County",300117,McClure,2017-12-10 17:08:16.793902
2012-05-03,09:00,44.0,44.2,36.9,76.1,0.0,SW@5.6,8.5,54.2,0.0,414,"McClure, Benton County",300117,McClure,2017-12-10 17:08:16.793902
2012-05-03,09:15,45.4,45.3,36.3,70.4,0.03,SW@4.2,7.1,54.1,0.0,458,"McClure, Benton County",300117,McClure,2017-12-10 17:08:16.793902
2012-05-03,09:30,47.3,47.3,37.0,67.2,0.01,SW@4.3,8.2,54.1,0.0,674,"McClure, Benton County",300117,McClure,2017-12-10 17:08:16.793902
2012-05-03,09:45,48.1,48.1,36.8,64.8,0.0,S@4.6,8.2,54.0,0.0,447,"McClure, Benton County",300117,McClure,2017-12-10 17:08:16.793902
2012-05-03,10:00,48.0,48.0,37.5,66.9,0.08,SW@6.2,10.3,54.0,0.0,395,"McClure, Benton County",300117,McClure,2017-12-10 17:08:16.793902
2012-05-03,10:15,47.5,47.5,37.3,67.5,0.0,SW@5.9,9.2,54.0,0.0,341,"McClure, Benton County",300117,McClure,2017-12-10 17:08:16.793902
2012-05-03,10:30,49.0,48.9,38.0,65.5,0.0,S@5.1,8.9,53.9,0.0,486,"McClure, Benton County",300117,McClure,2017-12-10 17:08:16.793902
2012-05-03,10:45,49.1,49.2,38.4,66.5,0.0,S@5.2,8.5,53.9,0.0,453,"McClure, Benton County",300117,McClure,2017-12-10 17:08:16.793902
2012-05-03,11:00,49.5,49.5,38.8,66.4,0.0,S@6.3,9.9,53.9,0.0,479,"McClure, Benton County",300117,McClure,2017-12-10 17:08:16.793902
2012-05-03,11:15,49.7,49.4,38.8,65.9,0.01,S@5.7,9.2,53.9,0.0,314,"McClure, Benton County",300117,McClure,2017-12-10 17:08:16.793902
2012-05-03,11:30,47.5,47.5,39.6,73.8,0.21,S@6.8,11.7,53.9,0.0,174,"McClure, Benton County",300117,McClure,2017-12-10 17:08:16.793902
2012-05-03,11:45,47.6,47.7,41.7,79.9,0.79,S@5.8,9.9,53.9,0.0,353,"McClure, Benton County",300117,McClure,2017-12-10 17:08:16.793902
2012-05-03,12:00,48.3,48.3,41.1,76.0,0.06,S@5.8,9.2,54.0,0.0,349,"McClure, Benton County",300117,McClure,2017-12-10 17:08:16.793902
2012-05-03,12:15,48.5,48.5,40.7,74.2,0.0,S@6.2,9.6,54.0,0.0,272,"McClure, Benton County",300117,McClure,2017-12-10 17:08:16.793902
2012-05-03,12:30,48.4,48.4,40.9,75.3,0.41,S@5.2,8.2,54.1,0.0,243,"McClure, Benton County",300117,McClure,2017-12-10 17:08:16.793902
2012-05-03,12:45,48.9,49.0,42.7,78.9,0.82,S@5.0,8.9,54.1,0.0,403,"McClure, Benton County",300117,McClure,2017-12-10 17:08:16.793902
2012-05-03,13:00,50.2,50.2,42.2,74.1,0.16,SW@4.8,7.8,54.2,0.0,384,"McClure, Benton County",300117,McClure,2017-12-10 17:08:16.793902
2012-05-03,13:15,50.3,50.3,42.7,75.1,0.3,SW@5.4,8.5,54.2,0.0,384,"McClure, Benton County",300117,McClure,2017-12-10 17:08:16.793902
2012-05-03,13:30,52.1,52.2,43.3,71.7,0.22,SW@6.2,11.4,54.3,0.0,490,"McClure, Benton County",300117,McClure,2017-12-10 17:08:16.793902
2012-05-03,13:45,51.9,51.8,42.4,69.9,0.02,SW@6.5,11.0,54.4,0.0,342,"McClure, Benton County",300117,McClure,2017-12-10 17:08:16.793902
2012-05-03,14:00,51.7,51.7,42.3,70.2,0.0,W@5.5,8.2,54.4,0.0,326,"McClure, Benton County",300117,McClure,2017-12-10 17:08:16.793902
2012-05-03,14:15,54.1,54.3,42.9,65.6,0.0,SW@5.4,9.6,54.5,0.0,728,"McClure, Benton County",300117,McClure,2017-12-10 17:08:16.793902
2012-05-03,14:30,56.0,56.0,43.3,62.3,0.0,SW@6.0,11.4,54.6,0.0,616,"McClure, Benton County",300117,McClure,2017-12-10 17:08:16.793902
2012-05-03,14:45,55.4,55.3,42.8,62.3,0.0,SW@7.2,12.4,54.6,0.0,475,"McClure, Benton County",300117,McClure,2017-12-10 17:08:16.793902
2012-05-03,15:00,56.9,56.8,43.0,59.6,0.0,SW@9.0,15.0,54.7,0.0,649,"McClure, Benton County",300117,McClure,2017-12-10 17:08:16.793902
2012-05-03,15:15,55.8,55.5,42.9,61.9,0.0,SW@8.4,14.2,54.7,0.0,345,"McClure, Benton County",300117,McClure,2017-12-10 17:08:16.793902
2012-05-03,15:30,56.0,56.1,42.4,60.2,0.0,SW@8.1,15.3,54.8,0.0,395,"McClure, Benton County",300117,McClure,2017-12-10 17:08:16.793902
2012-05-03,15:45,55.1,54.9,41.9,61.1,0.0,SW@10.7,16.7,54.9,0.0,218,"McClure, Benton County",300117,McClure,2017-12-10 17:08:16.793902
2012-05-03,16:00,55.6,55.6,42.2,60.6,0.0,SW@10.0,14.6,54.9,0.0,285,"McClure, Benton County",300117,McClure,2017-12-10 17:08:16.793902
2012-05-03,16:15,54.4,54.3,41.5,61.5,0.0,SW@11.4,18.2,55.0,0.0,169,"McClure, Benton County",300117,McClure,2017-12-10 17:08:16.793902
2012-05-03,16:30,54.0,54.1,39.5,57.8,0.0,SW@15.2,26.4,55.1,0.0,157,"McClure, Benton County",300117,McClure,2017-12-10 17:08:16.793902
2012-05-03,16:45,54.0,54.0,37.2,52.9,0.0,SW@19.8,28.2,55.2,0.0,139,"McClure, Benton County",300117,McClure,2017-12-10 17:08:16.793902
2012-05-03,17:00,53.9,53.9,37.2,53.1,0.0,SW@17.4,26.0,55.3,0.0,213,"McClure, Benton County",300117,McClure,2017-12-10 17:08:16.793902
2012-05-03,17:15,52.9,52.7,37.4,55.4,0.0,SW@17.1,24.6,55.4,0.0,119,"McClure, Benton County",300117,McClure,2017-12-10 17:08:16.793902
2012-05-03,17:30,52.0,52.1,37.4,57.2,0.0,SW@14.7,21.0,55.5,0.0,97,"McClure, Benton County",300117,McClure,2017-12-10 17:08:16.793902
2012-05-03,17:45,52.6,52.6,38.1,57.7,0.0,SW@13.8,22.8,55.6,0.0,169,"McClure, Benton County",300117,McClure,2017-12-10 17:08:16.793902
2012-05-03,18:00,52.3,52.0,38.4,59.0,0.0,SW@13.5,22.5,55.7,0.0,113,"McClure, Benton County",300117,McClure,2017-12-10 17:08:16.793902
2012-05-03,18:15,50.5,50.5,36.6,58.7,0.0,SW@13.6,22.8,55.8,0.0,51,"McClure, Benton County",300117,McClure,2017-12-10 17:08:16.793902
2012-05-03,18:30,49.8,49.8,35.4,57.5,0.0,SW@14.6,21.4,55.9,0.0,26,"McClure, Benton County",300117,McClure,2017-12-10 17:08:16.793902
2012-05-03,18:45,48.6,48.6,34.9,58.9,0.0,SW@12.8,20.7,55.9,0.0,17,"McClure, Benton County",300117,McClure,2017-12-10 17:08:16.793902
2012-05-03,19:00,47.3,47.3,34.6,61.0,0.0,SW@12.2,18.2,56.0,0.0,18,"McClure, Benton County",300117,McClure,2017-12-10 17:08:16.793902
2012-05-03,19:15,46.5,46.6,34.5,62.8,0.0,SW@10.5,15.0,56.1,0.0,7,"McClure, Benton County",300117,McClure,2017-12-10 17:08:16.793902
2012-05-03,19:30,45.7,45.7,34.5,64.6,0.0,SW@8.6,13.2,56.1,0.0,1,"McClure, Benton County",300117,McClure,2017-12-10 17:08:16.793902
2012-05-03,19:45,44.4,44.5,34.2,66.9,0.0,SW@6.9,11.7,56.1,0.0,0,"McClure, Benton County",300117,McClure,2017-12-10 17:08:16.793902
2012-05-03,20:00,44.2,44.4,34.1,67.4,0.0,SW@10.7,17.1,56.1,0.0,0,"McClure, Benton County",300117,McClure,2017-12-10 17:08:16.793902
2012-05-03,20:15,44.0,44.1,34.1,68.0,0.0,SW@13.3,19.2,56.2,0.0,0,"McClure, Benton County",300117,McClure,2017-12-10 17:08:16.793902
2012-05-03,20:30,44.6,44.8,34.1,66.6,0.0,W@15.2,21.4,56.2,0.0,0,"McClure, Benton County",300117,McClure,2017-12-10 17:08:16.793902
2012-05-03,20:45,44.2,44.4,33.9,66.8,0.0,W@14.9,23.5,56.2,0.0,0,"McClure, Benton County",300117,McClure,2017-12-10 17:08:16.793902
2012-05-03,21:00,43.8,43.9,33.8,67.4,0.0,W@13.8,19.6,56.1,0.0,0,"McClure, Benton County",300117,McClure,2017-12-10 17:08:16.793902
2012-05-03,21:15,42.9,43.0,33.7,69.5,0.0,W@11.8,16.0,56.1,0.0,0,"McClure, Benton County",300117,McClure,2017-12-10 17:08:16.793902
2012-05-03,21:30,42.7,42.9,33.6,70.0,0.0,W@13.9,19.2,56.1,0.0,0,"McClure, Benton County",300117,McClure,2017-12-10 17:08:16.793902
2012-05-03,21:45,42.2,42.3,33.4,70.8,0.0,W@11.2,16.4,56.1,0.0,0,"McClure, Benton County",300117,McClure,2017-12-10 17:08:16.793902
2012-05-03,22:00,42.1,42.3,33.1,70.1,0.0,W@12.1,18.9,56.0,0.0,0,"McClure, Benton County",300117,McClure,2017-12-10 17:08:16.793902
2012-05-03,22:15,41.9,42.0,32.7,69.7,0.0,W@12.2,17.1,56.0,0.0,0,"McClure, Benton County",300117,McClure,2017-12-10 17:08:16.793902
2012-05-03,22:30,41.8,42.0,32.3,68.6,0.0,W@12.4,17.8,55.9,0.0,0,"McClure, Benton County",300117,McClure,2017-12-10 17:08:16.793902
2012-05-03,22:45,41.4,41.6,32.1,69.1,0.0,W@11.1,17.1,55.8,0.0,0,"McClure, Benton County",300117,McClure,2017-12-10 17:08:16.793902
2012-05-03,23:00,41.4,41.6,31.7,68.1,0.0,SW@11.1,15.3,55.8,0.0,0,"McClure, Benton County",300117,McClure,2017-12-10 17:08:16.793902
2012-05-04,23:15,41.6,41.7,31.2,66.2,0.0,W@10.6,17.5,55.7,0.0,0,"McClure, Benton County",300117,McClure,2017-12-10 17:08:16.793902
2012-05-04,23:30,40.5,40.6,31.2,68.9,0.0,W@7.2,12.8,55.6,0.0,0,"McClure, Benton County",300117,McClure,2017-12-10 17:08:16.793902
2012-05-04,23:45,39.8,39.9,31.0,70.4,0.0,W@6.3,8.9,55.5,0.0,0,"McClure, Benton County",300117,McClure,2017-12-10 17:08:16.793902
2012-05-04,24:00,39.2,39.3,30.8,71.7,0.0,W@6.5,11.0,55.4,0.0,0,"McClure, Benton County",300117,McClure,2017-12-10 17:08:16.793902
2012-05-04,00:15,39.1,39.3,31.3,73.3,0.0,W@7.6,11.4,55.4,0.0,0,"McClure, Benton County",300117,McClure,2017-12-10 17:08:16.793902
2012-05-04,00:30,39.1,39.3,31.1,72.8,0.0,W@8.2,11.7,55.3,0.0,0,"McClure, Benton County",300117,McClure,2017-12-10 17:08:16.793902
2012-05-04,00:45,39.0,39.1,31.4,74.2,0.0,W@8.7,12.8,55.2,0.0,0,"McClure, Benton County",300117,McClure,2017-12-10 17:08:16.793902
2012-05-04,01:00,39.0,39.1,31.6,74.7,0.0,W@8.5,12.4,55.1,0.0,0,"McClure, Benton County",300117,McClure,2017-12-10 17:08:16.793902
2012-05-04,01:15,38.5,38.6,31.8,76.7,0.0,W@9.2,12.1,55.0,0.0,0,"McClure, Benton County",300117,McClure,2017-12-10 17:08:16.793902
2012-05-04,01:30,38.6,38.8,31.8,76.4,0.0,W@10.2,15.0,54.9,0.0,0,"McClure, Benton County",300117,McClure,2017-12-10 17:08:16.793902
2012-05-04,01:45,39.2,39.5,31.6,74.0,0.0,W@10.3,14.2,54.8,0.0,0,"McClure, Benton County",300117,McClure,2017-12-10 17:08:16.793902
2012-05-04,02:00,39.3,39.4,31.6,73.8,0.0,W@9.4,13.5,54.7,0.0,0,"McClure, Benton County",300117,McClure,2017-12-10 17:08:16.793902
2012-05-04,02:15,39.0,39.2,31.9,75.3,0.0,W@8.4,12.4,54.6,0.0,0,"McClure, Benton County",300117,McClure,2017-12-10 17:08:16.793902
2012-05-04,02:30,39.0,39.1,32.1,76.2,0.0,W@8.2,13.5,54.5,0.0,0,"McClure, Benton County",300117,McClure,2017-12-10 17:08:16.793902
2012-05-04,02:45,39.0,39.2,32.2,76.2,0.0,W@9.4,12.8,54.4,0.0,0,"McClure, Benton County",300117,McClure,2017-12-10 17:08:16.793902
2012-05-04,03:00,39.4,39.6,31.9,74.3,0.0,W@9.7,14.2,54.3,0.0,0,"McClure, Benton County",300117,McClure,2017-12-10 17:08:16.793902
2012-05-04,03:15,39.5,39.6,31.7,73.3,0.0,W@7.9,11.0,54.2,0.0,0,"McClure, Benton County",300117,McClure,2017-12-10 17:08:16.793902
2012-05-04,03:30,39.3,39.5,31.5,73.2,0.0,W@7.3,9.9,54.0,0.0,0,"McClure, Benton County",300117,McClure,2017-12-10 17:08:16.793902
2012-05-04,03:45,39.7,39.8,31.3,71.7,0.0,W@8.1,11.7,53.9,0.0,0,"McClure, Benton County",300117,McClure,2017-12-10 17:08:16.793902
2012-05-04,04:00,39.3,39.5,31.2,72.4,0.0,NW@6.3,8.9,53.8,0.0,0,"McClure, Benton County",300117,McClure,2017-12-10 17:08:16.793902
2012-05-04,04:15,39.3,39.4,31.2,72.4,0.0,W@5.6,8.2,53.7,0.0,0,"McClure, Benton County",300117,McClure,2017-12-10 17:08:16.793902
2012-05-04,04:30,39.3,39.4,31.3,72.6,0.0,W@5.9,9.2,53.6,0.0,0,"McClure, Benton County",300117,McClure,2017-12-10 17:08:16.793902
2012-05-04,04:45,39.0,39.1,31.2,73.4,0.0,W@4.9,7.1,53.5,0.0,1,"McClure, Benton County",300117,McClure,2017-12-10 17:08:16.793902
2012-05-04,05:00,38.7,38.9,31.3,74.6,0.0,W@5.6,7.4,53.4,0.0,5,"McClure, Benton County",300117,McClure,2017-12-10 17:08:16.793902
2012-05-04,05:15,38.7,38.9,31.6,75.1,0.0,W@6.4,8.2,53.3,0.0,19,"McClure, Benton County",300117,McClure,2017-12-10 17:08:16.793902
2012-05-04,05:30,38.9,39.1,31.8,75.3,0.0,W@5.9,7.8,53.3,0.0,35,"McClure, Benton County",300117,McClure,2017-12-10 17:08:16.793902
2012-05-04,05:45,39.0,39.2,31.9,75.4,0.0,W@5.2,7.4,53.2,0.0,41,"McClure, Benton County",300117,McClure,2017-12-10 17:08:16.793902
2012-05-04,06:00,39.0,39.2,32.1,75.9,0.0,W@5.1,6.7,53.1,0.0,55,"McClure, Benton County",300117,McClure,2017-12-10 17:08:16.793902
2012-05-04,06:15,39.7,39.9,32.6,75.3,0.0,SW@5.2,7.4,53.0,0.0,89,"McClure, Benton County",300117,McClure,2017-12-10 17:08:16.793902
2012-05-04,06:30,40.4,40.5,32.8,74.0,0.0,W@5.2,7.4,52.9,0.0,134,"McClure, Benton County",300117,McClure,2017-12-10 17:08:16.793902
2012-05-04,06:45,41.1,41.3,33.0,72.6,0.0,W@5.5,7.4,52.8,0.0,166,"McClure, Benton County",300117,McClure,2017-12-10 17:08:16.793902
2012-05-04,07:00,42.8,42.9,33.3,68.9,0.0,W@5.7,8.5,52.7,0.0,283,"McClure, Benton County",300117,McClure,2017-12-10 17:08:16.793902
2012-05-04,07:15,43.8,44.0,33.0,65.5,0.0,W@5.1,8.5,52.6,0.0,355,"McClure, Benton County",300117,McClure,2017-12-10 17:08:16.793902
2012-05-04,07:30,45.2,45.3,32.8,61.6,0.0,W@5.9,8.9,52.6,0.0,434,"McClure, Benton County",300117,McClure,2017-12-10 17:08:16.793902
2012-05-04,07:45,46.4,46.4,32.6,58.2,0.0,W@7.0,10.3,52.5,0.0,529,"McClure, Benton County",300117,McClure,2017-12-10 17:08:16.793902
2012-05-04,08:00,46.2,46.1,31.8,56.9,0.0,W@6.7,10.7,52.4,0.0,388,"McClure, Benton County",300117,McClure,2017-12-10 17:08:16.793902
2012-05-04,08:15,45.8,45.7,31.8,57.8,0.0,W@7.1,9.9,52.3,0.0,440,"McClure, Benton County",300117,McClure,2017-12-10 17:08:16.793902
2012-05-04,08:30,46.1,46.1,32.2,58.2,0.0,W@5.3,9.2,52.3,0.0,446,"McClure, Benton County",300117,McClure,2017-12-10 17:08:16.793902
2012-05-04,08:45,46.9,46.8,32.1,56.1,0.0,W@6.1,10.3,52.2,0.0,509,"McClure, Benton County",300117,McClure,2017-12-10 17:08:16.793902
2012-05-04,09:00,48.1,48.1,31.9,53.2,0.0,W@6.0,9.9,52.2,0.0,674,"McClure, Benton County",300117,McClure,2017-12-10 17:08:16.793902
2012-05-04,09:15,49.1,49.0,31.9,51.2,0.0,W@7.0,11.4,52.1,0.0,718,"McClure, Benton County",300117,McClure,2017-12-10 17:08:16.793902
2012-05-04,09:30,49.1,49.0,31.9,51.2,0.0,W@6.3,10.3,52.1,0.0,717,"McClure, Benton County",300117,McClure,2017-12-10 17:08:16.793902
2012-05-04,09:45,50.2,50.3,31.6,48.6,0.0,SW@4.6,9.6,52.1,0.0,753,"McClure, Benton County",300117,McClure,2017-12-10 17:08:16.793902
2012-05-04,10:00,50.7,50.6,31.3,47.1,0.0,W@6.1,11.0,52.1,0.0,804,"McClure, Benton County",300117,McClure,2017-12-10 17:08:16.793902
2012-05-04,10:15,52.2,52.2,32.1,46.0,0.0,W@5.5,12.4,52.1,0.0,992,"McClure, Benton County",300117,McClure,2017-12-10 17:08:16.793902
2012-05-04,10:30,53.0,52.6,31.0,42.7,0.0,W@6.7,11.4,52.1,0.0,841,"McClure, Benton County",300117,McClure,2017-12-10 17:08:16.793902
2012-05-04,10:45,50.2,50.0,30.8,47.2,0.0,W@6.7,13.9,52.1,0.0,482,"McClure, Benton County",300117,McClure,2017-12-10 17:08:16.793902
2012-05-04,11:00,51.2,51.0,30.6,45.1,0.0,W@7.2,12.4,52.2,0.0,629,"McClure, Benton County",300117,McClure,2017-12-10 17:08:16.793902
2012-05-04,11:15,52.0,52.0,31.0,44.5,0.0,W@7.4,12.8,52.3,0.0,764,"McClure, Benton County",300117,McClure,2017-12-10 17:08:16.793902
2012-05-04,11:30,53.4,53.4,30.2,40.8,0.0,W@7.4,12.1,52.4,0.0,950,"McClure, Benton County",300117,McClure,2017-12-10 17:08:16.793902
2012-05-04,11:45,54.4,54.3,29.9,38.9,0.0,W@7.2,14.2,52.5,0.0,947,"McClure, Benton County",300117,McClure,2017-12-10 17:08:16.793902
2012-05-04,12:00,54.9,54.7,29.0,36.8,0.0,W@8.2,16.0,52.6,0.0,930,"McClure, Benton County",300117,McClure,2017-12-10 17:08:16.793902
2012-05-04,12:15,55.2,54.9,28.6,35.9,0.0,W@8.4,14.2,52.8,0.0,984,"McClure, Benton County",300117,McClure,2017-12-10 17:08:16.793902
2012-05-04,12:30,53.7,53.5,28.0,36.9,0.0,W@7.7,13.5,52.9,0.0,699,"McClure, Benton County",300117,McClure,2017-12-10 17:08:16.793902
2012-05-04,12:45,54.6,54.5,27.1,34.4,0.0,W@8.6,13.2,53.1,0.0,783,"McClure, Benton County",300117,McClure,2017-12-10 17:08:16.793902
2012-05-04,13:00,56.7,56.6,28.0,33.1,0.0,SW@9.4,17.8,53.2,0.0,994,"McClure, Benton County",300117,McClure,2017-12-10 17:08:16.793902
2012-05-04,13:15,56.7,56.4,28.0,33.0,0.0,SW@10.0,17.5,53.4,0.0,853,"McClure, Benton County",300117,McClure,2017-12-10 17:08:16.793902
2012-05-04,13:30,56.3,56.2,29.2,35.3,0.0,W@9.1,15.0,53.6,0.0,797,"McClure, Benton County",300117,McClure,2017-12-10 17:08:16.793902
2012-05-04,13:45,52.7,52.1,29.5,40.6,0.17,NW@9.4,15.0,53.8,0.0,249,"McClure, Benton County",300117,McClure,2017-12-10 17:08:16.793902
2012-05-04,14:00,50.2,50.2,30.2,45.9,0.06,NW@11.4,17.5,54.0,0.0,297,"McClure, Benton County",300117,McClure,2017-12-10 17:08:16.793902
2012-05-04,14:15,50.3,50.2,28.6,42.9,0.03,W@6.4,11.4,54.3,0.0,364,"McClure, Benton County",300117,McClure,2017-12-10 17:08:16.793902
2012-05-04,14:30,54.1,54.3,29.4,38.5,0.0,W@5.2,8.9,54.5,0.0,836,"McClure, Benton County",300117,McClure,2017-12-10 17:08:16.793902
2012-05-04,14:45,55.6,55.3,29.3,36.4,0.0,W@8.7,15.7,54.7,0.0,727,"McClure, Benton County",300117,McClure,2017-12-10 17:08:16.793902
2012-05-04,15:00,53.4,53.1,28.2,37.6,0.0,W@8.7,14.6,54.9,0.0,487,"McClure, Benton County",300117,McClure,2017-12-10 17:08:16.793902
2012-05-04,15:15,54.9,54.9,27.7,34.9,0.0,W@8.3,13.2,55.2,0.0,705,"McClure, Benton County",300117,McClure,2017-12-10 17:08:16.793902
2012-05-04,15:30,55.9,55.7,27.8,33.8,0.0,W@8.7,14.2,55.4,0.0,645,"McClure, Benton County",300117,McClure,2017-12-10 17:08:16.793902
2012-05-04,15:45,52.3,51.8,28.3,39.3,0.0,SW@9.2,16.0,55.6,0.0,146,"McClure, Benton County",300117,McClure,2017-12-10 17:08:16.793902
2012-05-04,16:00,47.5,47.3,33.2,57.4,0.82,W@9.4,17.5,55.8,0.0,211,"McClure, Benton County",300117,McClure,2017-12-10 17:08:16.793902
2012-05-04,16:15,50.4,50.7,32.6,50.3,0.66,W@7.0,14.6,56.0,0.0,355,"McClure, Benton County",300117,McClure,2017-12-10 17:08:16.793902
2012-05-04,16:30,52.0,52.0,29.8,42.2,0.01,W@10.0,17.1,56.2,0.0,411,"McClure, Benton County",300117,McClure,2017-12-10 17:08:16.793902
2012-05-04,16:45,53.2,52.9,27.9,37.5,0.0,W@8.6,14.6,56.4,0.0,402,"McClure, Benton County",300117,McClure,2017-12-10 17:08:16.793902
2012-05-04,17:00,52.7,52.3,26.6,36.0,0.0,W@10.3,16.0,56.6,0.0,254,"McClure, Benton County",300117,McClure,2017-12-10 17:08:16.793902
2012-05-04,17:15,51.5,51.5,29.8,43.1,0.0,NW@8.5,14.2,56.8,0.0,335,"McClure, Benton County",300117,McClure,2017-12-10 17:08:16.793902
2012-05-04,17:30,52.1,51.7,25.3,35.0,0.0,W@12.1,18.9,57.0,0.0,277,"McClure, Benton County",300117,McClure,2017-12-10 17:08:16.793902
2012-05-04,17:45,51.2,50.8,26.0,37.3,0.0,W@10.4,16.4,57.1,0.0,188,"McClure, Benton County",300117,McClure,2017-12-10 17:08:16.793902
2012-05-04,18:00,51.2,51.1,28.8,41.8,0.0,NW@8.1,12.4,57.3,0.0,206,"McClure, Benton County",300117,McClure,2017-12-10 17:08:16.793902
2012-05-04,18:15,50.5,50.3,26.9,39.6,0.0,W@10.6,17.1,57.4,0.0,134,"McClure, Benton County",300117,McClure,2017-12-10 17:08:16.793902
2012-05-04,18:30,49.0,48.8,24.9,38.6,0.0,W@10.8,16.0,57.5,0.0,85,"McClure, Benton County",300117,McClure,2017-12-10 17:08:16.793902
2012-05-04,18:45,47.7,47.6,24.5,39.9,0.0,W@10.8,15.7,57.6,0.0,48,"McClure, Benton County",300117,McClure,2017-12-10 17:08:16.793902
2012-05-04,19:00,46.1,46.0,26.3,45.6,0.0,W@8.3,12.4,57.6,0.0,17,"McClure, Benton County",300117,McClure,2017-12-10 17:08:16.793902
2012-05-04,19:15,44.5,44.5,27.9,51.8,0.0,NW@6.4,10.7,57.7,0.0,8,"McClure, Benton County",300117,McClure,2017-12-10 17:08:16.793902
2012-05-04,19:30,43.1,43.1,27.8,54.4,0.0,NW@5.1,6.7,57.7,0.0,1,"McClure, Benton County",300117,McClure,2017-12-10 17:08:16.793902
2012-05-04,19:45,42.1,42.2,27.1,55.0,0.0,NW@5.2,6.7,57.7,0.0,0,"McClure, Benton County",300117,McClure,2017-12-10 17:08:16.793902
2012-05-04,20:00,41.7,41.7,26.5,54.5,0.0,NW@4.7,7.4,57.7,0.0,0,"McClure, Benton County",300117,McClure,2017-12-10 17:08:16.793902
2012-05-04,20:15,40.7,40.8,27.0,57.9,0.0,NW@3.7,5.3,57.7,0.0,0,"McClure, Benton County",300117,McClure,2017-12-10 17:08:16.793902
2012-05-04,20:30,40.3,40.4,27.9,60.7,0.0,NW@4.2,6.0,57.7,0.0,0,"McClure, Benton County",300117,McClure,2017-12-10 17:08:16.793902
2012-05-04,20:45,40.5,40.6,28.0,60.9,0.0,NW@4.7,6.7,57.7,0.0,0,"McClure, Benton County",300117,McClure,2017-12-10 17:08:16.793902
2012-05-04,21:00,40.3,40.4,27.7,60.3,0.0,NW@4.7,7.1,57.6,0.0,0,"McClure, Benton County",300117,McClure,2017-12-10 17:08:16.793902
2012-05-04,21:15,38.7,38.7,27.5,63.7,0.0,N@4.7,7.1,57.6,0.0,0,"McClure, Benton County",300117,McClure,2017-12-10 17:08:16.793902
2012-05-04,21:30,38.8,38.9,27.6,63.8,0.0,NW@4.8,6.7,57.5,0.0,0,"McClure, Benton County",300117,McClure,2017-12-10 17:08:16.793902
2012-05-04,21:45,38.7,38.8,27.3,63.4,0.0,NW@5.3,7.4,57.5,0.0,0,"McClure, Benton County",300117,McClure,2017-12-10 17:08:16.793902
2012-05-04,22:00,38.6,38.8,27.0,62.7,0.0,NW@6.2,9.2,57.4,0.0,0,"McClure, Benton County",300117,McClure,2017-12-10 17:08:16.793902
2012-05-04,22:15,39.1,39.2,26.9,61.3,0.0,NW@7.7,11.4,57.3,0.0,0,"McClure, Benton County",300117,McClure,2017-12-10 17:08:16.793902
2012-05-04,22:30,38.2,38.2,26.7,63.0,0.0,W@7.4,10.3,57.2,0.0,0,"McClure, Benton County",300117,McClure,2017-12-10 17:08:16.793902
2012-05-04,22:45,37.0,37.1,26.8,66.2,0.0,W@7.0,9.6,57.1,0.0,0,"McClure, Benton County",300117,McClure,2017-12-10 17:08:16.793902
2012-05-04,23:00,36.7,36.9,27.2,68.0,0.0,NW@7.5,9.9,57.0,0.0,0,"McClure, Benton County",300117,McClure,2017-12-10 17:08:16.793902
2012-05-05,23:15,36.8,37.1,27.0,67.3,0.0,NW@6.7,9.2,56.9,0.0,0,"McClure, Benton County",300117,McClure,2017-12-10 17:08:16.793902
2012-05-05,23:30,36.8,37.0,26.8,66.7,0.0,W@6.5,8.5,56.8,0.0,0,"McClure, Benton County",300117,McClure,2017-12-10 17:08:16.793902
2012-05-05,23:45,36.1,36.2,26.8,68.6,0.0,W@6.5,9.2,56.7,0.0,0,"McClure, Benton County",300117,McClure,2017-12-10 17:08:16.793902
2012-05-05,24:00,35.6,35.8,26.8,70.0,0.0,NW@6.2,8.5,56.6,0.0,0,"McClure, Benton County",300117,McClure,2017-12-10 17:08:16.793902
2012-05-05,00:15,35.1,35.3,26.6,70.7,0.0,NW@5.4,8.5,56.5,0.0,0,"McClure, Benton County",300117,McClure,2017-12-10 17:08:16.793902
2012-05-05,00:30,35.1,35.3,26.7,71.2,0.0,NW@5.5,8.5,56.4,0.0,0,"McClure, Benton County",300117,McClure,2017-12-10 17:08:16.793902
2012-05-05,00:45,35.0,35.2,26.9,71.9,0.0,NW@5.7,8.5,56.3,0.0,0,"McClure, Benton County",300117,McClure,2017-12-10 17:08:16.793902
2012-05-05,01:00,35.2,35.4,27.0,71.9,0.0,W@5.6,8.9,56.1,0.0,0,"McClure, Benton County",300117,McClure,2017-12-10 17:08:16.793902
2012-05-05,01:15,35.1,35.3,26.9,71.9,0.0,W@5.9,8.2,56.0,0.0,0,"McClure, Benton County",300117,McClure,2017-12-10 17:08:16.793902
2012-05-05,01:30,34.8,34.9,26.7,72.0,0.0,NW@5.5,7.4,55.9,0.0,0,"McClure, Benton County",300117,McClure,2017-12-10 17:08:16.793902
2012-05-05,01:45,34.7,34.8,26.6,71.9,0.0,NW@5.5,7.4,55.8,0.0,0,"McClure, Benton County",300117,McClure,2017-12-10 17:08:16.793902
2012-05-05,02:00,33.7,33.7,26.3,74.2,0.0,NW@3.8,5.3,55.6,0.0,0,"McClure, Benton County",300117,McClure,2017-12-10 17:08:16.793902
2012-05-05,02:15,32.9,33.0,26.0,75.4,0.0,NW@4.2,6.4,55.5,0.0,0,"McClure, Benton County",300117,McClure,2017-12-10 17:08:16.793902
2012-05-05,02:30,32.6,32.7,25.5,74.9,0.0,NW@4.5,7.1,55.4,0.0,0,"McClure, Benton County",300117,McClure,2017-12-10 17:08:16.793902
2012-05-05,02:45,31.8,32.0,24.9,76.0,0.0,NW@4.6,6.0,55.2,0.0,0,"McClure, Benton County",300117,McClure,2017-12-10 17:08:16.793902
2012-05-05,03:00,31.2,31.4,25.0,78.3,0.01,NW@4.9,6.7,55.1,0.0,0,"McClure, Benton County",300117,McClure,2017-12-10 17:08:16.793902
2012-05-05,03:15,32.6,33.1,25.3,74.0,0.0,NW@7.2,11.0,55.0,0.0,0,"McClure, Benton County",300117,McClure,2017-12-10 17:08:16.793902
2012-05-05,03:30,33.2,33.3,24.2,69.1,0.0,NW@6.2,9.2,54.9,0.0,0,"McClure, Benton County",300117,McClure,2017-12-10 17:08:16.793902
2012-05-05,03:45,32.4,32.6,23.6,69.6,0.0,NW@6.2,8.9,54.7,0.0,0,"McClure, Benton County",300117,McClure,2017-12-10 17:08:16.793902
2012-05-05,04:00,32.3,32.5,23.2,68.6,0.0,NW@6.1,8.9,54.6,0.0,0,"McClure, Benton County",300117,McClure,2017-12-10 17:08:16.793902
2012-05-05,04:15,32.7,32.9,22.5,65.8,0.0,NW@6.8,9.9,54.5,0.0,0,"McClure, Benton County",300117,McClure,2017-12-10 17:08:16.793902
2012-05-05,04:30,33.0,33.3,21.8,63.0,0.0,NW@6.4,9.2,54.3,0.0,0,"McClure, Benton County",300117,McClure,2017-12-10 17:08:16.793902
2012-05-05,04:45,33.1,33.3,21.8,62.7,0.0,NW@7.5,10.7,54.2,0.0,5,"McClure, Benton County",300117,McClure,2017-12-10 17:08:16.793902
2012-05-05,05:00,33.1,33.3,22.3,64.3,0.0,NW@8.2,12.1,54.1,0.0,19,"McClure, Benton County",300117,McClure,2017-12-10 17:08:16.793902
2012-05-05,05:15,33.7,34.0,22.0,61.7,0.0,NW@8.1,12.1,54.0,0.0,48,"McClure, Benton County",300117,McClure,2017-12-10 17:08:16.793902
2012-05-05,05:30,33.9,34.1,22.5,62.5,0.0,W@8.9,12.4,53.8,0.0,85,"McClure, Benton County",300117,McClure,2017-12-10 17:08:16.793902
2012-05-05,05:45,35.4,35.7,22.9,60.0,0.0,NW@9.0,12.4,53.7,0.0,123,"McClure, Benton County",300117,McClure,2017-12-10 17:08:16.793902
2012-05-05,06:00,36.6,36.8,23.2,57.8,0.0,W@8.4,12.8,53.6,0.0,162,"McClure, Benton County",300117,McClure,2017-12-10 17:08:16.793902
2012-05-05,06:15,37.5,37.7,23.7,57.1,0.0,W@8.6,12.4,53.4,0.0,207,"McClure, Benton County",300117,McClure,2017-12-10 17:08:16.793902
2012-05-05,06:30,38.6,38.6,23.9,55.3,0.0,W@9.9,13.9,53.3,0.0,252,"McClure, Benton County",300117,McClure,2017-12-10 17:08:16.793902
2012-05-05,06:45,39.3,39.4,24.2,54.2,0.0,W@9.7,14.2,53.2,0.0,297,"McClure, Benton County",300117,McClure,2017-12-10 17:08:16.793902
2012-05-05,07:00,40.1,40.1,24.3,52.9,0.0,W@9.9,14.2,53.0,0.0,339,"McClure, Benton County",300117,McClure,2017-12-10 17:08:16.793902
2012-05-05,07:15,41.0,41.0,24.4,51.2,0.0,W@10.3,14.6,52.9,0.0,387,"McClure, Benton County",300117,McClure,2017-12-10 17:08:16.793902
2012-05-05,07:30,41.6,41.6,24.5,50.3,0.0,W@10.5,15.7,52.8,0.0,432,"McClure, Benton County",300117,McClure,2017-12-10 17:08:16.793902
2012-05-05,07:45,42.2,42.1,25.0,50.2,0.0,W@10.6,14.2,52.7,0.0,476,"McClure, Benton County",300117,McClure,2017-12-10 17:08:16.793902
2012-05-05,08:00,42.8,42.8,25.1,49.4,0.0,W@10.9,14.2,52.5,0.0,521,"McClure, Benton County",300117,McClure,2017-12-10 17:08:16.793902
2012-05-05,08:15,43.7,43.7,25.1,47.5,0.0,W@10.8,17.1,52.4,0.0,565,"McClure, Benton County",300117,McClure,2017-12-10 17:08:16.793902
2012-05-05,08:30,44.6,44.5,24.8,45.6,0.0,W@10.8,16.4,52.3,0.0,605,"McClure, Benton County",300117,McClure,2017-12-10 17:08:16.793902
2012-05-05,08:45,45.7,45.7,25.3,44.4,0.0,W@9.4,15.7,52.2,0.0,644,"McClure, Benton County",300117,McClure,2017-12-10 17:08:16.793902
2012-05-05,09:00,46.0,46.0,25.5,44.4,0.0,W@10.0,15.7,52.1,0.0,682,"McClure, Benton County",300117,McClure,2017-12-10 17:08:16.793902
2012-05-05,09:15,46.6,46.5,25.9,44.1,0.0,W@10.6,16.0,52.0,0.0,719,"McClure, Benton County",300117,McClure,2017-12-10 17:08:16.793902
2012-05-05,09:30,47.2,47.1,26.4,44.0,0.0,W@9.8,16.4,52.0,0.0,753,"McClure, Benton County",300117,McClure,2017-12-10 17:08:16.793902
2012-05-05,09:45,47.9,47.9,26.4,42.9,0.0,W@8.6,15.7,51.9,0.0,789,"McClure, Benton County",300117,McClure,2017-12-10 17:08:16.793902
2012-05-05,10:00,49.0,48.9,26.6,41.4,0.0,W@9.2,14.6,51.9,0.0,830,"McClure, Benton County",300117,McClure,2017-12-10 17:08:16.793902
2012-05-05,10:15,49.6,49.5,26.9,41.1,0.0,W@8.6,15.0,51.9,0.0,871,"McClure, Benton County",300117,McClure,2017-12-10 17:08:16.793902
2012-05-05,10:30,50.4,50.1,26.8,39.8,0.0,W@9.2,15.0,51.9,0.0,718,"McClure, Benton County",300117,McClure,2017-12-10 17:08:16.793902
2012-05-05,10:45,48.7,48.9,26.2,41.3,0.0,W@7.8,14.2,51.9,0.0,706,"McClure, Benton County",300117,McClure,2017-12-10 17:08:16.793902
2012-05-05,11:00,50.8,50.5,26.4,38.4,0.0,W@8.4,15.0,51.9,0.0,725,"McClure, Benton County",300117,McClure,2017-12-10 17:08:16.793902
2012-05-05,11:15,49.7,49.6,26.2,39.8,0.0,W@7.9,14.2,52.0,0.0,585,"McClure, Benton County",300117,McClure,2017-12-10 17:08:16.793902
2012-05-05,11:30,51.1,51.2,26.4,38.0,0.0,W@8.1,14.6,52.1,0.0,836,"McClure, Benton County",300117,McClure,2017-12-10 17:08:16.793902
2012-05-05,11:45,52.5,52.5,26.8,36.6,0.0,W@8.8,21.0,52.1,0.0,987,"McClure, Benton County",300117,McClure,2017-12-10 17:08:16.793902
2012-05-05,12:00,51.0,50.6,26.0,37.4,0.0,W@8.0,13.5,52.3,0.0,493,"McClure, Benton County",300117,McClure,2017-12-10 17:08:16.793902
2012-05-05,12:15,50.8,50.9,25.8,37.6,0.0,W@6.5,12.1,52.4,0.0,484,"McClure, Benton County",300117,McClure,2017-12-10 17:08:16.793902
2012-05-05,12:30,51.8,51.6,26.7,37.5,0.0,W@7.0,13.9,52.5,0.0,798,"McClure, Benton County",300117,McClure,2017-12-10 17:08:16.793902
2012-05-05,12:45,52.7,52.8,27.2,37.0,0.0,W@7.1,12.8,52.7,0.0,732,"McClure, Benton County",300117,McClure,2017-12-10 17:08:16.793902
2012-05-05,13:00,52.1,51.8,26.4,36.6,0.0,W@7.3,12.8,52.8,0.0,500,"McClure, Benton County",300117,McClure,2017-12-10 17:08:16.793902
2012-05-05,13:15,52.8,52.8,26.8,36.3,0.0,W@7.2,12.4,53.0,0.0,729,"McClure, Benton County",300117,McClure,2017-12-10 17:08:16.793902
2012-05-05,13:30,52.5,52.3,26.8,36.8,0.0,SW@6.3,11.0,53.1,0.0,466,"McClure, Benton County",300117,McClure,2017-12-10 17:08:16.793902
2012-05-05,13:45,55.8,55.9,28.4,34.8,0.0,SW@8.1,13.9,53.3,0.0,965,"McClure, Benton County",300117,McClure,2017-12-10 17:08:16.793902
2012-05-05,14:00,56.0,55.8,28.1,34.1,0.0,SW@7.4,14.2,53.5,0.0,912,"McClure, Benton County",300117,McClure,2017-12-10 17:08:16.793902
2012-05-05,14:15,54.7,54.7,27.7,35.1,0.0,SW@7.0,11.7,53.7,0.0,717,"McClure, Benton County",300117,McClure,2017-12-10 17:08:16.793902
2012-05-05,14:30,55.7,55.3,28.1,34.6,0.0,W@8.3,12.1,53.8,0.0,615,"McClure, Benton County",300117,McClure,2017-12-10 17:08:16.793902
2012-05-05,14:45,53.5,53.4,27.5,36.4,0.0,W@6.9,17.1,54.0,0.0,389,"McClure, Benton County",300117,McClure,2017-12-10 17:08:16.793902
2012-05-05,15:00,53.8,53.6,27.1,35.4,0.0,W@7.3,12.1,54.2,0.0,418,"McClure, Benton County",300117,McClure,2017-12-10 17:08:16.793902
2012-05-05,15:15,53.5,53.5,27.1,35.9,0.0,W@6.8,9.6,54.4,0.0,352,"McClure, Benton County",300117,McClure,2017-12-10 17:08:16.793902
2012-05-05,15:30,53.5,53.4,27.2,35.9,0.0,W@6.2,11.4,54.6,0.0,305,"McClure, Benton County",300117,McClure,2017-12-10 17:08:16.793902
2012-05-05,15:45,54.1,54.2,27.5,35.6,0.0,SW@6.0,9.9,54.8,0.0,454,"McClure, Benton County",300117,McClure,2017-12-10 17:08:16.793902
2012-05-05,16:00,55.4,55.2,27.0,33.3,0.0,W@7.7,11.7,55.0,0.0,466,"McClure, Benton County",300117,McClure,2017-12-10 17:08:16.793902
2012-05-05,16:15,55.0,54.8,26.5,33.1,0.0,NW@8.6,14.2,55.2,0.0,423,"McClure, Benton County",300117,McClure,2017-12-10 17:08:16.793902
2012-05-05,16:30,52.2,52.1,26.3,36.3,0.0,NW@6.6,13.5,55.4,0.0,155,"McClure, Benton County",300117,McClure,2017-12-10 17:08:16.793902
2012-05-05,16:45,54.9,55.0,27.3,34.3,0.0,W@6.6,14.2,55.6,0.0,433,"McClure, Benton County",300117,McClure,2017-12-10 17:08:16.793902
2012-05-05,17:00,55.7,55.2,26.7,32.6,0.0,W@8.4,13.5,55.8,0.0,391,"McClure, Benton County",300117,McClure,2017-12-10 17:08:16.793902
2012-05-05,17:15,53.6,53.2,25.9,34.0,0.0,W@7.8,13.5,56.0,0.0,185,"McClure, Benton County",300117,McClure,2017-12-10 17:08:16.793902
2012-05-05,17:30,52.5,52.5,26.2,35.8,0.0,W@6.1,9.2,56.2,0.0,216,"McClure, Benton County",300117,McClure,2017-12-10 17:08:16.793902
2012-05-05,17:45,54.8,54.5,26.2,32.8,0.0,W@6.8,12.4,56.3,0.0,262,"McClure, Benton County",300117,McClure,2017-12-10 17:08:16.793902
2012-05-05,18:00,53.3,53.0,25.2,33.3,0.0,W@8.3,12.4,56.5,0.0,179,"McClure, Benton County",300117,McClure,2017-12-10 17:08:16.793902
2012-05-05,18:15,52.3,52.1,24.8,34.0,0.0,W@6.5,12.8,56.6,0.0,125,"McClure, Benton County",300117,McClure,2017-12-10 17:08:16.793902
2012-05-05,18:30,51.3,51.1,25.9,36.9,0.0,NW@5.8,8.9,56.8,0.0,90,"McClure, Benton County",300117,McClure,2017-12-10 17:08:16.793902
2012-05-05,18:45,49.6,49.4,25.8,39.2,0.0,NW@5.6,9.2,56.9,0.0,54,"McClure, Benton County",300117,McClure,2017-12-10 17:08:16.793902
2012-05-05,19:00,47.1,47.0,26.3,43.9,0.0,NW@6.8,10.7,57.0,0.0,27,"McClure, Benton County",300117,McClure,2017-12-10 17:08:16.793902
2012-05-05,19:15,45.5,45.4,26.1,46.4,0.0,N@7.8,10.7,57.0,0.0,10,"McClure, Benton County",300117,McClure,2017-12-10 17:08:16.793902
2012-05-05,19:30,44.2,44.1,25.7,47.9,0.0,N@7.6,10.3,57.1,0.0,2,"McClure, Benton County",300117,McClure,2017-12-10 17:08:16.793902
2012-05-05,19:45,43.5,43.4,25.5,48.8,0.0,N@7.3,10.7,57.2,0.0,0,"McClure, Benton County",300117,McClure,2017-12-10 17:08:16.793902
2012-05-05,20:00,42.7,42.7,24.9,49.1,0.0,N@7.0,10.3,57.2,0.0,0,"McClure, Benton County",300117,McClure,2017-12-10 17:08:16.793902
2012-05-05,20:15,42.3,42.3,24.0,47.8,0.0,N@6.8,9.2,57.2,0.0,0,"McClure, Benton County",300117,McClure,2017-12-10 17:08:16.793902
2012-05-05,20:30,41.7,41.6,23.6,48.3,0.0,N@6.6,9.6,57.3,0.0,0,"McClure, Benton County",300117,McClure,2017-12-10 17:08:16.793902
2012-05-05,20:45,41.2,41.2,22.7,47.4,0.0,N@6.6,8.9,57.3,0.0,0,"McClure, Benton County",300117,McClure,2017-12-10 17:08:16.793902
2012-05-05,21:00,41.1,41.2,21.9,46.1,0.0,N@6.3,8.5,57.3,0.0,0,"McClure, Benton County",300117,McClure,2017-12-10 17:08:16.793902
2012-05-05,21:15,41.2,41.2,22.2,46.5,0.0,N@6.5,8.9,57.2,0.0,0,"McClure, Benton County",300117,McClure,2017-12-10 17:08:16.793902
2012-05-05,21:30,40.6,40.5,22.6,48.3,0.0,N@5.7,8.5,57.2,0.0,0,"McClure, Benton County",300117,McClure,2017-12-10 17:08:16.793902
2012-05-05,21:45,39.3,39.3,22.2,50.0,0.0,N@5.5,7.8,57.2,0.0,0,"McClure, Benton County",300117,McClure,2017-12-10 17:08:16.793902
2012-05-05,22:00,38.4,38.4,22.2,51.7,0.0,N@6.1,8.9,57.1,0.0,0,"McClure, Benton County",300117,McClure,2017-12-10 17:08:16.793902
2012-05-05,22:15,37.5,37.6,22.1,53.4,0.0,W@4.4,7.4,57.1,0.0,0,"McClure, Benton County",300117,McClure,2017-12-10 17:08:16.793902
2012-05-05,22:30,38.2,38.2,22.4,52.4,0.0,N@4.9,7.8,57.0,0.0,0,"McClure, Benton County",300117,McClure,2017-12-10 17:08:16.793902
2012-05-05,22:45,36.6,36.8,22.8,57.1,0.0,NW@4.9,8.5,56.9,0.0,0,"McClure, Benton County",300117,McClure,2017-12-10 17:08:16.793902
2012-05-05,23:00,37.7,37.7,23.9,57.1,0.0,NW@5.0,7.4,56.8,0.0,0,"McClure, Benton County",300117,McClure,2017-12-10 17:08:16.793902
2012-05-06,23:15,35.5,35.2,23.2,60.6,0.0,N@3.6,5.3,56.7,0.0,0,"McClure, Benton County",300117,McClure,2017-12-10 17:08:16.793902
2012-05-06,23:30,33.9,33.9,23.0,63.9,0.0,N@4.0,5.3,56.7,0.0,0,"McClure, Benton County",300117,McClure,2017-12-10 17:08:16.793902
2012-05-06,23:45,34.8,35.0,23.3,62.5,0.0,N@5.3,6.7,56.6,0.0,0,"McClure, Benton County",300117,McClure,2017-12-10 17:08:16.793902
2012-05-06,24:00,36.0,36.2,23.1,59.1,0.0,N@5.2,6.7,56.5,0.0,0,"McClure, Benton County",300117,McClure,2017-12-10 17:08:16.793902
2012-05-06,00:15,37.0,37.4,23.3,57.2,0.0,N@5.5,7.8,56.4,0.0,0,"McClure, Benton County",300117,McClure,2017-12-10 17:08:16.793902
2012-05-06,00:30,37.7,37.7,23.3,55.7,0.0,N@5.9,7.8,56.3,0.0,0,"McClure, Benton County",300117,McClure,2017-12-10 17:08:16.793902
2012-05-06,00:45,36.7,36.9,23.2,57.7,0.0,N@6.2,8.2,56.1,0.0,0,"McClure, Benton County",300117,McClure,2017-12-10 17:08:16.793902
2012-05-06,01:00,38.3,38.6,23.3,54.5,0.0,N@5.9,8.9,56.0,0.0,0,"McClure, Benton County",300117,McClure,2017-12-10 17:08:16.793902
2012-05-06,01:15,37.7,37.7,23.1,55.3,0.0,N@5.7,8.2,55.9,0.0,0,"McClure, Benton County",300117,McClure,2017-12-10 17:08:16.793902
2012-05-06,01:30,37.1,37.2,23.2,56.8,0.0,N@5.9,7.4,55.8,0.0,0,"McClure, Benton County",300117,McClure,2017-12-10 17:08:16.793902
2012-05-06,01:45,37.6,37.8,23.5,56.4,0.0,N@5.9,8.2,55.7,0.0,0,"McClure, Benton County",300117,McClure,2017-12-10 17:08:16.793902
2012-05-06,02:00,37.7,38.0,23.5,56.1,0.0,N@5.5,7.8,55.5,0.0,0,"McClure, Benton County",300117,McClure,2017-12-10 17:08:16.793902
2012-05-06,02:15,36.4,36.2,23.3,58.7,0.0,NE@5.4,7.1,55.4,0.0,0,"McClure, Benton County",300117,McClure,2017-12-10 17:08:16.793902
2012-05-06,02:30,34.8,34.9,23.1,62.1,0.0,NE@5.2,6.4,55.3,0.0,0,"McClure, Benton County",300117,McClure,2017-12-10 17:08:16.793902
2012-05-06,02:45,34.5,34.7,23.2,63.0,0.0,NE@5.2,6.4,55.2,0.0,0,"McClure, Benton County",300117,McClure,2017-12-10 17:08:16.793902
2012-05-06,03:00,34.9,35.2,23.2,62.0,0.0,NE@4.8,7.4,55.0,0.0,0,"McClure, Benton County",300117,McClure,2017-12-10 17:08:16.793902
2012-05-06,03:15,34.6,34.6,23.0,62.3,0.0,NE@4.9,6.4,54.9,0.0,0,"McClure, Benton County",300117,McClure,2017-12-10 17:08:16.793902
2012-05-06,03:30,33.3,33.6,22.8,64.9,0.0,NE@4.9,6.0,54.8,0.0,0,"McClure, Benton County",300117,McClure,2017-12-10 17:08:16.793902
2012-05-06,03:45,34.9,35.4,23.3,62.4,0.0,NE@4.8,6.4,54.7,0.0,0,"McClure, Benton County",300117,McClure,2017-12-10 17:08:16.793902
2012-05-06,04:00,35.9,36.1,23.4,60.0,0.0,NE@4.4,6.7,54.5,0.0,0,"McClure, Benton County",300117,McClure,2017-12-10 17:08:16.793902
2012-05-06,04:15,35.6,35.4,22.9,59.4,0.0,NE@3.8,4.6,54.4,0.0,0,"McClure, Benton County",300117,McClure,2017-12-10 17:08:16.793902
2012-05-06,04:30,32.3,32.1,21.9,65.3,0.0,NE@4.4,5.3,54.3,0.0,1,"McClure, Benton County",300117,McClure,2017-12-10 17:08:16.793902
2012-05-06,04:45,31.6,31.9,22.0,67.8,0.0,NE@4.4,5.7,54.2,0.0,6,"McClure, Benton County",300117,McClure,2017-12-10 17:08:16.793902
2012-05-06,05:00,32.1,32.5,22.8,68.2,0.0,NE@4.4,5.7,54.0,0.0,22,"McClure, Benton County",300117,McClure,2017-12-10 17:08:16.793902
2012-05-06,05:15,33.2,33.5,23.6,67.5,0.0,NE@4.5,5.7,53.9,0.0,52,"McClure, Benton County",300117,McClure,2017-12-10 17:08:16.793902
2012-05-06,05:30,35.6,36.1,24.8,64.5,0.0,NE@3.7,4.6,53.8,0.0,84,"McClure, Benton County",300117,McClure,2017-12-10 17:08:16.793902
2012-05-06,05:45,39.3,39.8,25.9,58.4,0.0,NE@3.1,4.9,53.7,0.0,122,"McClure, Benton County",300117,McClure,2017-12-10 17:08:16.793902
2012-05-06,06:00,42.4,43.1,26.6,53.2,0.0,NE@2.7,4.2,53.5,0.0,161,"McClure, Benton County",300117,McClure,2017-12-10 17:08:16.793902
2012-05-06,06:15,44.6,44.9,27.1,49.9,0.0,E@3.2,5.7,53.4,0.0,205,"McClure, Benton County",300117,McClure,2017-12-10 17:08:16.793902
2012-05-06,06:30,44.6,44.7,26.3,48.4,0.0,SE@3.3,4.9,53.3,0.0,251,"McClure, Benton County",300117,McClure,2017-12-10 17:08:16.793902
2012-05-06,06:45,45.4,45.4,26.7,47.7,0.0,SE@3.4,4.9,53.2,0.0,297,"McClure, Benton County",300117,McClure,2017-12-10 17:08:16.793902
2012-05-06,07:00,46.0,46.2,26.7,46.6,0.0,SE@4.0,6.4,53.0,0.0,343,"McClure, Benton County",300117,McClure,2017-12-10 17:08:16.793902
2012-05-06,07:15,47.0,47.0,27.1,45.6,0.0,SE@3.8,6.0,52.9,0.0,389,"McClure, Benton County",300117,McClure,2017-12-10 17:08:16.793902
2012-05-06,07:30,47.8,47.8,27.7,45.2,0.0,SE@3.5,7.4,52.8,0.0,435,"McClure, Benton County",300117,McClure,2017-12-10 17:08:16.793902
2012-05-06,07:45,48.3,48.2,27.8,44.6,0.0,SE@3.5,6.4,52.7,0.0,480,"McClure, Benton County",300117,McClure,2017-12-10 17:08:16.793902
2012-05-06,08:00,49.3,49.3,28.6,44.4,0.0,SE@3.4,6.0,52.6,0.0,523,"McClure, Benton County",300117,McClure,2017-12-10 17:08:16.793902
2012-05-06,08:15,49.9,49.9,28.3,42.9,0.0,SE@3.7,7.1,52.5,0.0,565,"McClure, Benton County",300117,McClure,2017-12-10 17:08:16.793902
2012-05-06,08:30,50.7,50.6,29.2,43.2,0.0,SE@4.2,7.1,52.4,0.0,605,"McClure, Benton County",300117,McClure,2017-12-10 17:08:16.793902
2012-05-06,08:45,50.8,50.7,29.4,43.4,0.0,SE@4.6,11.0,52.3,0.0,643,"McClure, Benton County",300117,McClure,2017-12-10 17:08:16.793902
2012-05-06,09:00,51.5,51.5,29.5,42.4,0.0,SE@4.1,7.8,52.2,0.0,678,"McClure, Benton County",300117,McClure,2017-12-10 17:08:16.793902
2012-05-06,09:15,51.4,51.3,30.4,44.2,0.0,S@5.3,9.2,52.1,0.0,713,"McClure, Benton County",300117,McClure,2017-12-10 17:08:16.793902
2012-05-06,09:30,51.7,51.6,31.0,45.0,0.0,S@5.4,9.2,52.1,0.0,743,"McClure, Benton County",300117,McClure,2017-12-10 17:08:16.793902
2012-05-06,09:45,52.2,52.1,31.2,44.4,0.0,S@5.2,8.2,52.0,0.0,772,"McClure, Benton County",300117,McClure,2017-12-10 17:08:16.793902
2012-05-06,10:00,52.2,52.1,31.1,44.2,0.0,S@4.6,9.9,52.0,0.0,802,"McClure, Benton County",300117,McClure,2017-12-10 17:08:16.793902
2012-05-06,10:15,52.3,52.3,30.8,43.7,0.0,NW@3.9,7.4,52.0,0.0,833,"McClure, Benton County",300117,McClure,2017-12-10 17:08:16.793902
2012-05-06,10:30,53.7,53.6,31.3,42.1,0.0,SE@4.3,7.8,52.0,0.0,835,"McClure, Benton County",300117,McClure,2017-12-10 17:08:16.793902
2012-05-06,10:45,53.7,53.5,30.7,41.2,0.0,S@4.6,9.6,52.1,0.0,867,"McClure, Benton County",300117,McClure,2017-12-10 17:08:16.793902
2012-05-06,11:00,54.8,54.7,31.4,40.6,0.0,S@5.5,9.9,52.1,0.0,876,"McClure, Benton County",300117,McClure,2017-12-10 17:08:16.793902
2012-05-06,11:15,55.7,55.6,31.4,39.4,0.0,S@5.3,9.2,52.2,0.0,889,"McClure, Benton County",300117,McClure,2017-12-10 17:08:16.793902
2012-05-06,11:30,56.6,56.4,31.5,38.4,0.0,SW@5.5,9.9,52.3,0.0,900,"McClure, Benton County",300117,McClure,2017-12-10 17:08:16.793902
2012-05-06,11:45,56.2,56.0,30.8,37.7,0.0,S@5.0,8.9,52.4,0.0,890,"McClure, Benton County",300117,McClure,2017-12-10 17:08:16.793902
2012-05-06,12:00,56.1,55.9,30.4,37.3,0.0,SE@4.3,9.9,52.6,0.0,911,"McClure, Benton County",300117,McClure,2017-12-10 17:08:16.793902
2012-05-06,12:15,56.9,56.7,30.6,36.5,0.0,SE@5.3,8.9,52.7,0.0,916,"McClure, Benton County",300117,McClure,2017-12-10 17:08:16.793902
2012-05-06,12:30,57.5,57.5,30.9,36.1,0.0,NW@3.7,9.2,52.9,0.0,910,"McClure, Benton County",300117,McClure,2017-12-10 17:08:16.793902
2012-05-06,12:45,58.1,58.0,29.7,33.8,0.0,S@5.9,10.7,53.1,0.0,904,"McClure, Benton County",300117,McClure,2017-12-10 17:08:16.793902
2012-05-06,13:00,58.7,58.6,30.0,33.4,0.0,SE@5.5,9.9,53.2,0.0,897,"McClure, Benton County",300117,McClure,2017-12-10 17:08:16.793902
2012-05-06,13:15,59.1,58.9,30.2,33.1,0.0,S@4.5,9.2,53.4,0.0,868,"McClure, Benton County",300117,McClure,2017-12-10 17:08:16.793902
2012-05-06,13:30,59.2,59.2,30.4,33.3,0.0,SE@3.9,7.8,53.7,0.0,869,"McClure, Benton County",300117,McClure,2017-12-10 17:08:16.793902
2012-05-06,13:45,59.3,59.1,30.0,32.7,0.0,S@5.5,9.6,53.9,0.0,848,"McClure, Benton County",300117,McClure,2017-12-10 17:08:16.793902
2012-05-06,14:00,58.6,58.5,29.7,33.1,0.0,SE@3.8,8.2,54.1,0.0,821,"McClure, Benton County",300117,McClure,2017-12-10 17:08:16.793902
2012-05-06,14:15,59.9,59.8,30.5,32.6,0.0,SW@5.5,9.2,54.3,0.0,784,"McClure, Benton County",300117,McClure,2017-12-10 17:08:16.793902
2012-05-06,14:30,60.4,60.2,30.6,32.3,0.0,W@4.6,10.7,54.6,0.0,758,"McClure, Benton County",300117,McClure,2017-12-10 17:08:16.793902
2012-05-06,14:45,60.7,60.5,30.6,31.9,0.0,S@5.3,10.7,54.8,0.0,718,"McClure, Benton County",300117,McClure,2017-12-10 17:08:16.793902
2012-05-06,15:00,60.2,60.0,30.2,32.0,0.0,SW@4.9,10.3,55.1,0.0,680,"McClure, Benton County",300117,McClure,2017-12-10 17:08:16.793902
2012-05-06,15:15,61.0,60.8,30.9,31.8,0.0,S@3.8,8.2,55.4,0.0,641,"McClure, Benton County",300117,McClure,2017-12-10 17:08:16.793902
2012-05-06,15:30,60.5,60.4,30.5,32.0,0.0,E@3.6,6.7,55.7,0.0,610,"McClure, Benton County",300117,McClure,2017-12-10 17:08:16.793902
2012-05-06,15:45,60.7,60.4,30.4,31.7,0.0,SE@3.9,8.9,55.9,0.0,569,"McClure, Benton County",300117,McClure,2017-12-10 17:08:16.793902
2012-05-06,16:00,61.2,60.9,31.0,31.8,0.0,NE@4.0,8.2,56.2,0.0,527,"McClure, Benton County",300117,McClure,2017-12-10 17:08:16.793902
2012-05-06,16:15,61.0,60.8,30.6,31.6,0.0,E@3.3,6.0,56.5,0.0,486,"McClure, Benton County",300117,McClure,2017-12-10 17:08:16.793902
2012-05-06,16:30,60.6,60.3,30.1,31.4,0.0,NE@3.7,7.1,56.8,0.0,442,"McClure, Benton County",300117,McClure,2017-12-10 17:08:16.793902
2012-05-06,16:45,60.5,60.0,29.6,30.8,0.0,NE@4.4,8.2,57.1,0.0,396,"McClure, Benton County",300117,McClure,2017-12-10 17:08:16.793902
2012-05-06,17:00,60.5,60.0,29.6,30.8,0.0,NE@3.5,6.4,57.4,0.0,350,"McClure, Benton County",300117,McClure,2017-12-10 17:08:16.793902
2012-05-06,17:15,60.5,59.8,29.2,30.3,0.0,N@4.0,6.7,57.6,0.0,305,"McClure, Benton County",300117,McClure,2017-12-10 17:08:16.793902
2012-05-06,17:30,59.8,59.0,28.2,29.8,0.0,NE@5.4,7.8,57.9,0.0,259,"McClure, Benton County",300117,McClure,2017-12-10 17:08:16.793902
2012-05-06,17:45,59.0,58.5,27.6,30.0,0.0,N@5.1,7.8,58.1,0.0,217,"McClure, Benton County",300117,McClure,2017-12-10 17:08:16.793902
2012-05-06,18:00,58.5,58.2,27.3,30.1,0.0,N@4.7,7.1,58.4,0.0,178,"McClure, Benton County",300117,McClure,2017-12-10 17:08:16.793902
2012-05-06,18:15,57.6,57.2,26.9,30.7,0.0,NE@4.3,6.4,58.6,0.0,137,"McClure, Benton County",300117,McClure,2017-12-10 17:08:16.793902
2012-05-06,18:30,56.5,56.1,27.8,33.0,0.0,NE@3.1,5.7,58.8,0.0,96,"McClure, Benton County",300117,McClure,2017-12-10 17:08:16.793902
2012-05-06,18:45,54.5,54.0,28.7,36.9,0.0,E@2.8,4.6,58.9,0.0,59,"McClure, Benton County",300117,McClure,2017-12-10 17:08:16.793902
2012-05-06,19:00,52.0,51.5,29.5,41.8,0.0,E@2.7,4.6,59.1,0.0,31,"McClure, Benton County",300117,McClure,2017-12-10 17:08:16.793902
2012-05-06,19:15,49.1,48.7,28.6,44.8,0.0,NE@3.4,4.2,59.2,0.0,11,"McClure, Benton County",300117,McClure,2017-12-10 17:08:16.793902
2012-05-06,19:30,46.9,46.6,27.6,46.6,0.0,NE@3.9,5.3,59.3,0.0,3,"McClure, Benton County",300117,McClure,2017-12-10 17:08:16.793902
2012-05-06,19:45,44.8,44.7,27.1,49.6,0.0,NE@4.2,5.3,59.4,0.0,0,"McClure, Benton County",300117,McClure,2017-12-10 17:08:16.793902
2012-05-06,20:00,44.4,44.5,27.1,50.4,0.0,NE@4.5,5.3,59.5,0.0,0,"McClure, Benton County",300117,McClure,2017-12-10 17:08:16.793902
2012-05-06,20:15,44.0,44.0,27.2,51.4,0.0,NE@4.5,6.7,59.5,0.0,0,"McClure, Benton County",300117,McClure,2017-12-10 17:08:16.793902
2012-05-06,20:30,43.6,43.7,27.3,52.2,0.0,NE@4.2,4.9,59.5,0.0,0,"McClure, Benton County",300117,McClure,2017-12-10 17:08:16.793902
2012-05-06,20:45,43.0,43.1,27.1,53.2,0.0,NE@4.2,4.9,59.6,0.0,0,"McClure, Benton County",300117,McClure,2017-12-10 17:08:16.793902
2012-05-06,21:00,42.2,42.3,26.9,54.2,0.0,NE@4.7,6.4,59.6,0.0,0,"McClure, Benton County",300117,McClure,2017-12-10 17:08:16.793902
2012-05-06,21:15,41.7,41.7,26.7,55.0,0.0,NE@5.0,6.0,59.5,0.0,0,"McClure, Benton County",300117,McClure,2017-12-10 17:08:16.793902
2012-05-06,21:30,41.5,41.6,26.2,54.4,0.0,NE@4.9,5.7,59.5,0.0,0,"McClure, Benton County",300117,McClure,2017-12-10 17:08:16.793902
2012-05-06,21:45,41.2,41.4,26.1,54.7,0.0,NE@4.9,6.0,59.5,0.0,0,"McClure, Benton County",300117,McClure,2017-12-10 17:08:16.793902
2012-05-06,22:00,41.2,41.5,25.9,54.0,0.0,NE@5.2,6.4,59.4,0.0,0,"McClure, Benton County",300117,McClure,2017-12-10 17:08:16.793902
2012-05-06,22:15,41.2,41.3,25.5,53.3,0.0,NE@5.2,6.0,59.4,0.0,0,"McClure, Benton County",300117,McClure,2017-12-10 17:08:16.793902
2012-05-06,22:30,41.3,41.6,25.7,53.5,0.0,NE@5.0,6.0,59.3,0.0,0,"McClure, Benton County",300117,McClure,2017-12-10 17:08:16.793902
2012-05-06,22:45,41.9,42.1,25.5,52.0,0.0,N@4.9,5.7,59.2,0.0,0,"McClure, Benton County",300117,McClure,2017-12-10 17:08:16.793902
2012-05-06,23:00,41.6,41.7,25.2,51.9,0.0,NE@4.8,5.7,59.1,0.0,0,"McClure, Benton County",300117,McClure,2017-12-10 17:08:16.793902
2012-05-07,23:15,41.3,41.6,25.0,51.8,0.0,NE@4.9,6.0,59.0,0.0,0,"McClure, Benton County",300117,McClure,2017-12-10 17:08:16.793902
2012-05-07,23:30,41.4,41.6,25.0,51.7,0.0,NE@4.9,6.0,58.9,0.0,0,"McClure, Benton County",300117,McClure,2017-12-10 17:08:16.793902
2012-05-07,23:45,41.7,41.8,25.1,51.3,0.0,NE@4.9,5.7,58.8,0.0,0,"McClure, Benton County",300117,McClure,2017-12-10 17:08:16.793902
2012-05-07,24:00,41.3,41.5,25.4,52.8,0.0,NE@4.5,5.7,58.7,0.0,0,"McClure, Benton County",300117,McClure,2017-12-10 17:08:16.793902
2012-05-07,00:15,40.8,40.9,26.2,55.8,0.0,NE@4.3,4.9,58.6,0.0,0,"McClure, Benton County",300117,McClure,2017-12-10 17:08:16.793902
2012-05-07,00:30,40.9,41.1,27.2,57.8,0.0,NE@4.3,4.9,58.4,0.0,0,"McClure, Benton County",300117,McClure,2017-12-10 17:08:16.793902
2012-05-07,00:45,41.0,41.2,27.9,59.2,0.0,NE@4.4,4.9,58.3,0.0,0,"McClure, Benton County",300117,McClure,2017-12-10 17:08:16.793902
2012-05-07,01:00,40.6,40.8,28.1,60.9,0.0,NE@4.5,5.3,58.2,0.0,0,"McClure, Benton County",300117,McClure,2017-12-10 17:08:16.793902
2012-05-07,01:15,40.8,40.9,28.5,61.3,0.0,NE@4.8,5.3,58.1,0.0,0,"McClure, Benton County",300117,McClure,2017-12-10 17:08:16.793902
2012-05-07,01:30,40.4,40.5,28.6,62.6,0.0,NE@4.8,5.7,57.9,0.0,0,"McClure, Benton County",300117,McClure,2017-12-10 17:08:16.793902
2012-05-07,01:45,40.3,40.4,28.7,63.0,0.0,NE@4.8,6.0,57.8,0.0,0,"McClure, Benton County",300117,McClure,2017-12-10 17:08:16.793902
2012-05-07,02:00,40.1,40.1,28.6,63.3,0.0,NE@4.9,5.7,57.7,0.0,0,"McClure, Benton County",300117,McClure,2017-12-10 17:08:16.793902
2012-05-07,02:15,39.7,39.8,28.5,64.0,0.0,NE@4.9,5.7,57.5,0.0,0,"McClure, Benton County",300117,McClure,2017-12-10 17:08:16.793902
2012-05-07,02:30,40.3,40.6,28.5,62.5,0.0,NE@4.8,5.7,57.4,0.0,0,"McClure, Benton County",300117,McClure,2017-12-10 17:08:16.793902
2012-05-07,02:45,40.1,40.3,28.5,62.7,0.0,NE@4.7,5.3,57.3,0.0,0,"McClure, Benton County",300117,McClure,2017-12-10 17:08:16.793902
2012-05-07,03:00,40.0,40.2,28.6,63.3,0.0,NE@4.5,5.3,57.2,0.0,0,"McClure, Benton County",300117,McClure,2017-12-10 17:08:16.793902
2012-05-07,03:15,39.7,39.9,28.6,64.1,0.0,NE@4.5,5.3,57.0,0.0,0,"McClure, Benton County",300117,McClure,2017-12-10 17:08:16.793902
2012-05-07,03:30,39.7,39.8,28.7,64.3,0.0,NE@4.5,5.7,56.9,0.0,0,"McClure, Benton County",300117,McClure,2017-12-10 17:08:16.793902
2012-05-07,03:45,39.3,39.6,28.6,65.4,0.0,NE@4.7,5.7,56.8,0.0,0,"McClure, Benton County",300117,McClure,2017-12-10 17:08:16.793902
2012-05-07,04:00,39.9,40.0,28.9,64.6,0.0,NE@4.8,5.7,56.6,0.0,0,"McClure, Benton County",300117,McClure,2017-12-10 17:08:16.793902
2012-05-07,04:15,39.5,39.6,28.9,65.5,0.0,NE@4.8,5.7,56.5,0.0,0,"McClure, Benton County",300117,McClure,2017-12-10 17:08:16.793902
2012-05-07,04:30,39.7,39.9,29.0,65.3,0.0,NE@5.1,5.7,56.4,0.0,1,"McClure, Benton County",300117,McClure,2017-12-10 17:08:16.793902
2012-05-07,04:45,39.7,39.8,29.2,65.8,0.0,NE@4.9,5.7,56.2,0.0,6,"McClure, Benton County",300117,McClure,2017-12-10 17:08:16.793902
2012-05-07,05:00,39.9,40.1,29.5,66.1,0.0,NE@4.6,5.3,56.1,0.0,20,"McClure, Benton County",300117,McClure,2017-12-10 17:08:16.793902
2012-05-07,05:15,40.6,40.8,30.1,65.8,0.0,N@4.4,4.9,56.0,0.0,43,"McClure, Benton County",300117,McClure,2017-12-10 17:08:16.793902
2012-05-07,05:30,42.9,43.3,31.6,64.0,0.0,NE@4.3,4.9,55.9,0.0,75,"McClure, Benton County",300117,McClure,2017-12-10 17:08:16.793902
2012-05-07,05:45,46.4,46.8,33.2,59.8,0.0,N@3.9,4.9,55.7,0.0,121,"McClure, Benton County",300117,McClure,2017-12-10 17:08:16.793902
2012-05-07,06:00,50.6,51.3,34.9,54.7,0.0,NE@2.7,3.5,55.6,0.0,170,"McClure, Benton County",300117,McClure,2017-12-10 17:08:16.793902
2012-05-07,06:15,53.9,54.6,33.7,46.2,0.0,NE@2.2,3.5,55.5,0.0,215,"McClure, Benton County",300117,McClure,2017-12-10 17:08:16.793902
2012-05-07,06:30,55.9,55.7,33.2,42.0,0.0,E@2.6,4.6,55.4,0.0,257,"McClure, Benton County",300117,McClure,2017-12-10 17:08:16.793902
2012-05-07,06:45,55.8,55.6,33.3,42.4,0.0,E@3.7,5.7,55.3,0.0,301,"McClure, Benton County",300117,McClure,2017-12-10 17:08:16.793902
2012-05-07,07:00,56.2,56.1,32.6,40.6,0.0,SE@2.7,4.2,55.1,0.0,352,"McClure, Benton County",300117,McClure,2017-12-10 17:08:16.793902
2012-05-07,07:15,56.9,56.8,33.2,40.4,0.0,SE@3.4,6.0,55.0,0.0,399,"McClure, Benton County",300117,McClure,2017-12-10 17:08:16.793902
2012-05-07,07:30,56.7,56.6,33.2,40.8,0.0,SE@3.4,6.7,54.9,0.0,443,"McClure, Benton County",300117,McClure,2017-12-10 17:08:16.793902
2012-05-07,07:45,57.3,57.2,33.5,40.5,0.0,SE@4.0,7.1,54.8,0.0,487,"McClure, Benton County",300117,McClure,2017-12-10 17:08:16.793902
2012-05-07,08:00,57.6,57.4,33.4,39.9,0.0,SE@3.5,7.4,54.7,0.0,531,"McClure, Benton County",300117,McClure,2017-12-10 17:08:16.793902
2012-05-07,08:15,57.9,57.7,33.7,39.9,0.0,S@4.7,7.8,54.6,0.0,572,"McClure, Benton County",300117,McClure,2017-12-10 17:08:16.793902
2012-05-07,08:30,57.9,57.8,34.1,40.6,0.0,S@4.5,7.4,54.5,0.0,612,"McClure, Benton County",300117,McClure,2017-12-10 17:08:16.793902
2012-05-07,08:45,58.6,58.4,34.4,40.1,0.0,S@3.2,6.0,54.4,0.0,648,"McClure, Benton County",300117,McClure,2017-12-10 17:08:16.793902
2012-05-07,09:00,59.1,59.1,34.6,39.7,0.0,S@4.0,8.5,54.3,0.0,686,"McClure, Benton County",300117,McClure,2017-12-10 17:08:16.793902
2012-05-07,09:15,59.7,59.6,34.8,39.0,0.0,S@4.4,8.5,54.3,0.0,720,"McClure, Benton County",300117,McClure,2017-12-10 17:08:16.793902
2012-05-07,09:30,59.8,59.5,34.7,38.8,0.0,S@5.1,8.5,54.2,0.0,751,"McClure, Benton County",300117,McClure,2017-12-10 17:08:16.793902
2012-05-07,09:45,60.1,59.9,34.9,38.7,0.0,E@4.3,7.4,54.2,0.0,777,"McClure, Benton County",300117,McClure,2017-12-10 17:08:16.793902
2012-05-07,10:00,60.2,60.1,34.5,37.9,0.0,S@3.8,8.5,54.2,0.0,799,"McClure, Benton County",300117,McClure,2017-12-10 17:08:16.793902
2012-05-07,10:15,60.9,60.9,34.5,37.0,0.0,SW@3.8,7.1,54.2,0.0,833,"McClure, Benton County",300117,McClure,2017-12-10 17:08:16.793902
2012-05-07,10:30,60.8,60.4,33.7,36.0,0.0,SE@4.0,8.9,54.2,0.0,857,"McClure, Benton County",300117,McClure,2017-12-10 17:08:16.793902
2012-05-07,10:45,62.2,62.1,33.9,34.5,0.0,SE@3.8,8.5,54.3,0.0,875,"McClure, Benton County",300117,McClure,2017-12-10 17:08:16.793902
2012-05-07,11:00,63.2,63.0,33.6,33.0,0.0,E@3.5,7.8,54.3,0.0,880,"McClure, Benton County",300117,McClure,2017-12-10 17:08:16.793902
2012-05-07,11:15,63.2,63.0,33.7,33.1,0.0,N@5.7,14.2,54.4,0.0,904,"McClure, Benton County",300117,McClure,2017-12-10 17:08:16.793902
2012-05-07,11:30,63.5,63.3,33.5,32.5,0.0,E@4.3,8.5,54.5,0.0,918,"McClure, Benton County",300117,McClure,2017-12-10 17:08:16.793902
2012-05-07,11:45,63.5,63.2,33.8,32.8,0.0,NE@4.6,8.2,54.7,0.0,918,"McClure, Benton County",300117,McClure,2017-12-10 17:08:16.793902
2012-05-07,12:00,63.6,63.4,33.8,32.7,0.0,NE@5.0,11.0,54.8,0.0,936,"McClure, Benton County",300117,McClure,2017-12-10 17:08:16.793902
2012-05-07,12:15,64.1,64.1,34.0,32.4,0.0,N@5.1,11.0,55.0,0.0,904,"McClure, Benton County",300117,McClure,2017-12-10 17:08:16.793902
2012-05-07,12:30,65.1,64.9,34.2,31.5,0.0,NE@5.0,8.5,55.1,0.0,900,"McClure, Benton County",300117,McClure,2017-12-10 17:08:16.793902
2012-05-07,12:45,65.3,65.1,34.4,31.5,0.0,E@4.7,8.9,55.3,0.0,903,"McClure, Benton County",300117,McClure,2017-12-10 17:08:16.793902
2012-05-07,13:00,65.3,65.1,34.3,31.4,0.0,NE@4.8,11.0,55.5,0.0,754,"McClure, Benton County",300117,McClure,2017-12-10 17:08:16.793902
2012-05-07,13:15,65.6,65.4,34.3,31.1,0.0,N@5.9,9.9,55.7,0.0,817,"McClure, Benton County",300117,McClure,2017-12-10 17:08:16.793902
2012-05-07,13:30,66.1,65.8,34.2,30.5,0.0,NE@6.0,9.6,56.0,0.0,807,"McClure, Benton County",300117,McClure,2017-12-10 17:08:16.793902
2012-05-07,13:45,66.9,66.8,35.1,30.7,0.0,NW@4.2,8.5,56.2,0.0,819,"McClure, Benton County",300117,McClure,2017-12-10 17:08:16.793902
2012-05-07,14:00,67.1,66.9,34.5,29.8,0.0,NE@4.9,13.2,56.4,0.0,822,"McClure, Benton County",300117,McClure,2017-12-10 17:08:16.793902
2012-05-07,14:15,67.5,67.4,34.7,29.6,0.0,N@5.4,10.3,56.7,0.0,792,"McClure, Benton County",300117,McClure,2017-12-10 17:08:16.793902
2012-05-07,14:30,67.5,67.4,34.6,29.5,0.0,N@5.4,9.2,56.9,0.0,743,"McClure, Benton County",300117,McClure,2017-12-10 17:08:16.793902
2012-05-07,14:45,67.2,67.1,34.2,29.3,0.0,NE@4.9,8.2,57.2,0.0,684,"McClure, Benton County",300117,McClure,2017-12-10 17:08:16.793902
2012-05-07,15:00,67.7,67.5,34.5,29.1,0.0,NE@4.2,9.2,57.5,0.0,673,"McClure, Benton County",300117,McClure,2017-12-10 17:08:16.793902
2012-05-07,15:15,67.4,67.1,34.3,29.2,0.0,N@3.7,7.4,57.7,0.0,534,"McClure, Benton County",300117,McClure,2017-12-10 17:08:16.793902
2012-05-07,15:30,68.0,68.0,34.4,28.8,0.0,NE@3.9,9.2,58.0,0.0,625,"McClure, Benton County",300117,McClure,2017-12-10 17:08:16.793902
2012-05-07,15:45,68.3,67.9,34.1,28.1,0.0,NE@5.0,8.9,58.3,0.0,584,"McClure, Benton County",300117,McClure,2017-12-10 17:08:16.793902
2012-05-07,16:00,67.7,67.3,33.8,28.4,0.0,NE@4.4,8.2,58.5,0.0,559,"McClure, Benton County",300117,McClure,2017-12-10 17:08:16.793902
2012-05-07,16:15,68.0,67.7,34.4,28.8,0.0,NE@3.9,8.2,58.8,0.0,441,"McClure, Benton County",300117,McClure,2017-12-10 17:08:16.793902
2012-05-07,16:30,66.7,66.2,33.8,29.4,0.0,N@3.4,6.7,59.1,0.0,310,"McClure, Benton County",300117,McClure,2017-12-10 17:08:16.793902
2012-05-07,16:45,68.1,67.4,33.9,28.1,0.0,N@5.0,9.9,59.4,0.0,404,"McClure, Benton County",300117,McClure,2017-12-10 17:08:16.793902
2012-05-07,17:00,67.6,67.1,33.7,28.3,0.0,N@4.8,7.8,59.6,0.0,367,"McClure, Benton County",300117,McClure,2017-12-10 17:08:16.793902
2012-05-07,17:15,67.3,66.6,33.6,28.5,0.0,NE@4.5,7.8,59.9,0.0,295,"McClure, Benton County",300117,McClure,2017-12-10 17:08:16.793902
2012-05-07,17:30,67.3,66.5,33.3,28.2,0.0,NE@4.5,7.4,60.1,0.0,278,"McClure, Benton County",300117,McClure,2017-12-10 17:08:16.793902
2012-05-07,17:45,66.4,65.8,33.3,29.1,0.0,N@4.1,6.7,60.4,0.0,216,"McClure, Benton County",300117,McClure,2017-12-10 17:08:16.793902
2012-05-07,18:00,65.5,65.1,32.4,29.0,0.0,NE@4.7,7.1,60.6,0.0,192,"McClure, Benton County",300117,McClure,2017-12-10 17:08:16.793902
2012-05-07,18:15,64.8,64.3,32.5,29.8,0.0,NE@4.5,6.7,60.8,0.0,145,"McClure, Benton County",300117,McClure,2017-12-10 17:08:16.793902
2012-05-07,18:30,63.2,62.7,32.7,31.8,0.0,NE@4.1,6.4,61.0,0.0,71,"McClure, Benton County",300117,McClure,2017-12-10 17:08:16.793902
2012-05-07,18:45,60.0,59.3,33.1,36.1,0.0,NE@3.6,4.9,61.1,0.0,43,"McClure, Benton County",300117,McClure,2017-12-10 17:08:16.793902
2012-05-07,19:00,56.7,56.1,32.7,40.1,0.0,NE@4.3,5.3,61.3,0.0,24,"McClure, Benton County",300117,McClure,2017-12-10 17:08:16.793902
2012-05-07,19:15,55.1,54.9,32.1,41.4,0.0,NE@4.5,5.3,61.4,0.0,10,"McClure, Benton County",300117,McClure,2017-12-10 17:08:16.793902
2012-05-07,19:30,54.1,54.1,31.4,41.9,0.0,NE@4.4,5.7,61.5,0.0,2,"McClure, Benton County",300117,McClure,2017-12-10 17:08:16.793902
2012-05-07,19:45,54.1,54.0,30.9,40.8,0.0,NE@4.6,6.0,61.6,0.0,0,"McClure, Benton County",300117,McClure,2017-12-10 17:08:16.793902
2012-05-07,20:00,52.4,52.4,31.1,43.7,0.0,NE@4.1,6.0,61.6,0.0,0,"McClure, Benton County",300117,McClure,2017-12-10 17:08:16.793902
2012-05-07,20:15,51.7,51.6,31.4,45.6,0.0,NE@5.0,6.4,61.7,0.0,0,"McClure, Benton County",300117,McClure,2017-12-10 17:08:16.793902
2012-05-07,20:30,50.6,50.6,31.5,47.7,0.0,NE@4.7,6.0,61.7,0.0,0,"McClure, Benton County",300117,McClure,2017-12-10 17:08:16.793902
2012-05-07,20:45,50.3,50.3,31.4,48.0,0.0,NE@4.2,5.3,61.7,0.0,0,"McClure, Benton County",300117,McClure,2017-12-10 17:08:16.793902
2012-05-07,21:00,50.3,50.4,30.9,47.2,0.0,NE@4.4,6.0,61.7,0.0,0,"McClure, Benton County",300117,McClure,2017-12-10 17:08:16.793902
2012-05-07,21:15,50.0,50.1,30.8,47.4,0.0,NE@4.6,5.7,61.7,0.0,0,"McClure, Benton County",300117,McClure,2017-12-10 17:08:16.793902
2012-05-07,21:30,50.0,50.1,30.7,47.2,0.0,NE@4.4,5.3,61.7,0.0,0,"McClure, Benton County",300117,McClure,2017-12-10 17:08:16.793902
2012-05-07,21:45,49.7,49.8,30.6,47.5,0.0,NE@4.6,5.7,61.7,0.0,0,"McClure, Benton County",300117,McClure,2017-12-10 17:08:16.793902
2012-05-07,22:00,49.0,48.9,30.3,48.4,0.0,NE@4.5,5.3,61.6,0.0,0,"McClure, Benton County",300117,McClure,2017-12-10 17:08:16.793902
2012-05-07,22:15,48.4,48.5,30.2,49.1,0.0,NE@4.6,5.7,61.5,0.0,0,"McClure, Benton County",300117,McClure,2017-12-10 17:08:16.793902
2012-05-07,22:30,48.3,48.4,30.2,49.4,0.0,NE@4.6,5.7,61.5,0.0,0,"McClure, Benton County",300117,McClure,2017-12-10 17:08:16.793902
2012-05-07,22:45,48.4,48.6,30.7,50.1,0.0,NE@4.4,5.3,61.4,0.0,0,"McClure, Benton County",300117,McClure,2017-12-10 17:08:16.793902
2012-05-07,23:00,47.4,47.4,31.0,52.7,0.0,NE@4.6,5.7,61.3,0.0,0,"McClure, Benton County",300117,McClure,2017-12-10 17:08:16.793902
2012-05-08,23:15,48.0,48.3,31.0,51.5,0.0,NE@4.3,4.9,61.2,0.0,0,"McClure, Benton County",300117,McClure,2017-12-10 17:08:16.793902
2012-05-08,23:30,47.9,48.0,30.9,51.5,0.0,NE@4.1,4.9,61.1,0.0,0,"McClure, Benton County",300117,McClure,2017-12-10 17:08:16.793902
2012-05-08,23:45,47.3,47.3,30.7,52.1,0.0,NE@3.7,4.2,61.0,0.0,0,"McClure, Benton County",300117,McClure,2017-12-10 17:08:16.793902
2012-05-08,24:00,47.3,47.6,30.5,51.7,0.0,NE@3.8,4.2,60.9,0.0,0,"McClure, Benton County",300117,McClure,2017-12-10 17:08:16.793902
2012-05-08,00:15,46.7,46.8,30.4,52.8,0.0,NE@4.0,4.6,60.8,0.0,0,"McClure, Benton County",300117,McClure,2017-12-10 17:08:16.793902
2012-05-08,00:30,46.6,46.8,30.6,53.4,0.0,NE@4.0,4.6,60.7,0.0,0,"McClure, Benton County",300117,McClure,2017-12-10 17:08:16.793902
2012-05-08,00:45,46.7,46.8,30.8,53.6,0.0,N@4.1,4.9,60.6,0.0,0,"McClure, Benton County",300117,McClure,2017-12-10 17:08:16.793902
2012-05-08,01:00,46.6,46.8,31.0,54.2,0.0,N@4.2,4.6,60.4,0.0,0,"McClure, Benton County",300117,McClure,2017-12-10 17:08:16.793902
2012-05-08,01:15,46.2,46.2,30.9,55.1,0.0,N@4.4,5.3,60.3,0.0,0,"McClure, Benton County",300117,McClure,2017-12-10 17:08:16.793902
2012-05-08,01:30,45.8,45.9,31.2,56.3,0.0,NE@4.3,4.9,60.2,0.0,0,"McClure, Benton County",300117,McClure,2017-12-10 17:08:16.793902
2012-05-08,01:45,46.2,46.5,31.3,55.8,0.0,NE@4.2,4.9,60.1,0.0,0,"McClure, Benton County",300117,McClure,2017-12-10 17:08:16.793902
2012-05-08,02:00,46.9,47.1,31.5,54.7,0.0,NE@4.5,4.9,59.9,0.0,0,"McClure, Benton County",300117,McClure,2017-12-10 17:08:16.793902
2012-05-08,02:15,46.6,46.4,30.8,53.9,0.0,N@4.1,4.6,59.8,0.0,0,"McClure, Benton County",300117,McClure,2017-12-10 17:08:16.793902
2012-05-08,02:30,46.0,46.3,30.3,54.0,0.0,N@4.0,4.6,59.7,0.0,0,"McClure, Benton County",300117,McClure,2017-12-10 17:08:16.793902
2012-05-08,02:45,47.4,47.7,31.0,52.7,0.0,N@3.8,4.2,59.6,0.0,0,"McClure, Benton County",300117,McClure,2017-12-10 17:08:16.793902
2012-05-08,03:00,48.0,48.3,32.1,53.8,0.0,N@3.8,4.6,59.4,0.0,0,"McClure, Benton County",300117,McClure,2017-12-10 17:08:16.793902
2012-05-08,03:15,48.8,48.9,32.3,52.9,0.0,N@3.8,4.2,59.3,0.0,0,"McClure, Benton County",300117,McClure,2017-12-10 17:08:16.793902
2012-05-08,03:30,48.4,48.4,32.0,52.8,0.0,N@3.9,4.6,59.2,0.0,0,"McClure, Benton County",300117,McClure,2017-12-10 17:08:16.793902
2012-05-08,03:45,46.9,46.7,31.4,54.8,0.0,N@4.1,4.6,59.0,0.0,0,"McClure, Benton County",300117,McClure,2017-12-10 17:08:16.793902
2012-05-08,04:00,46.7,47.1,31.1,54.3,0.0,N@4.0,4.6,58.9,0.0,0,"McClure, Benton County",300117,McClure,2017-12-10 17:08:16.793902
2012-05-08,04:15,47.4,47.6,31.5,53.7,0.0,N@3.9,4.6,58.8,0.0,0,"McClure, Benton County",300117,McClure,2017-12-10 17:08:16.793902
2012-05-08,04:30,48.1,48.0,31.3,52.0,0.0,N@3.7,4.6,58.7,0.0,1,"McClure, Benton County",300117,McClure,2017-12-10 17:08:16.793902
2012-05-08,04:45,47.0,47.0,31.6,54.8,0.0,N@3.9,4.6,58.5,0.0,5,"McClure, Benton County",300117,McClure,2017-12-10 17:08:16.793902
2012-05-08,05:00,49.5,49.7,32.1,50.8,0.0,N@3.8,4.6,58.4,0.0,19,"McClure, Benton County",300117,McClure,2017-12-10 17:08:16.793902
2012-05-08,05:15,49.9,49.7,32.7,51.4,0.0,N@4.0,4.6,58.3,0.0,33,"McClure, Benton County",300117,McClure,2017-12-10 17:08:16.793902
2012-05-08,05:30,49.7,49.7,33.5,53.6,0.0,N@3.8,4.6,58.2,0.0,59,"McClure, Benton County",300117,McClure,2017-12-10 17:08:16.793902
2012-05-08,05:45,52.4,52.9,34.7,50.8,0.0,N@3.4,4.2,58.1,0.0,123,"McClure, Benton County",300117,McClure,2017-12-10 17:08:16.793902
2012-05-08,06:00,57.4,58.2,36.5,45.5,0.0,N@2.6,3.5,57.9,0.0,220,"McClure, Benton County",300117,McClure,2017-12-10 17:08:16.793902
2012-05-08,06:15,60.7,61.4,35.1,38.1,0.0,N@1.8,3.5,57.8,0.0,241,"McClure, Benton County",300117,McClure,2017-12-10 17:08:16.793902
2012-05-08,06:30,61.5,61.7,34.3,35.9,0.0,SW@1.8,2.8,57.7,0.0,238,"McClure, Benton County",300117,McClure,2017-12-10 17:08:16.793902
2012-05-08,06:45,62.6,62.7,34.2,34.5,0.0,SW@2.3,3.9,57.6,0.0,351,"McClure, Benton County",300117,McClure,2017-12-10 17:08:16.793902
2012-05-08,07:00,62.3,62.3,34.2,34.7,0.0,SW@2.9,4.2,57.5,0.0,293,"McClure, Benton County",300117,McClure,2017-12-10 17:08:16.793902
2012-05-08,07:15,63.1,63.1,33.6,33.1,0.0,SW@3.5,5.7,57.4,0.0,418,"McClure, Benton County",300117,McClure,2017-12-10 17:08:16.793902
2012-05-08,07:30,63.8,63.6,33.7,32.3,0.0,SW@3.7,6.0,57.3,0.0,448,"McClure, Benton County",300117,McClure,2017-12-10 17:08:16.793902
2012-05-08,07:45,64.2,64.1,34.2,32.6,0.0,SW@3.8,6.7,57.2,0.0,476,"McClure, Benton County",300117,McClure,2017-12-10 17:08:16.793902
2012-05-08,08:00,64.3,64.1,34.2,32.5,0.0,SW@4.6,7.8,57.1,0.0,513,"McClure, Benton County",300117,McClure,2017-12-10 17:08:16.793902
2012-05-08,08:15,64.3,64.1,34.8,33.3,0.0,SW@5.4,8.9,57.0,0.0,534,"McClure, Benton County",300117,McClure,2017-12-10 17:08:16.793902
2012-05-08,08:30,64.7,64.7,35.1,33.1,0.0,SW@5.0,7.4,56.9,0.0,601,"McClure, Benton County",300117,McClure,2017-12-10 17:08:16.793902
2012-05-08,08:45,65.6,65.3,34.5,31.5,0.0,S@4.7,7.4,56.9,0.0,650,"McClure, Benton County",300117,McClure,2017-12-10 17:08:16.793902
2012-05-08,09:00,66.0,65.7,33.9,30.2,0.0,S@5.2,7.8,56.8,0.0,685,"McClure, Benton County",300117,McClure,2017-12-10 17:08:16.793902
2012-05-08,09:15,66.6,66.4,33.6,29.2,0.0,S@5.4,8.5,56.7,0.0,722,"McClure, Benton County",300117,McClure,2017-12-10 17:08:16.793902
2012-05-08,09:30,66.8,66.5,34.2,29.8,0.0,SW@5.8,8.9,56.7,0.0,755,"McClure, Benton County",300117,McClure,2017-12-10 17:08:16.793902
2012-05-08,09:45,67.0,66.9,34.6,30.1,0.0,SW@6.3,9.6,56.7,0.0,777,"McClure, Benton County",300117,McClure,2017-12-10 17:08:16.793902
2012-05-08,10:00,67.3,67.0,35.3,30.6,0.0,S@5.4,9.2,56.7,0.0,813,"McClure, Benton County",300117,McClure,2017-12-10 17:08:16.793902
2012-05-08,10:15,67.5,67.4,35.7,30.8,0.0,S@5.9,10.7,56.7,0.0,832,"McClure, Benton County",300117,McClure,2017-12-10 17:08:16.793902
2012-05-08,10:30,68.8,68.8,37.5,31.6,0.0,S@6.4,9.6,56.7,0.0,854,"McClure, Benton County",300117,McClure,2017-12-10 17:08:16.793902
2012-05-08,10:45,68.3,67.9,37.1,31.7,0.0,SW@6.5,11.0,56.8,0.0,767,"McClure, Benton County",300117,McClure,2017-12-10 17:08:16.793902
2012-05-08,11:00,68.3,68.2,36.0,30.4,0.0,S@5.9,10.7,56.9,0.0,846,"McClure, Benton County",300117,McClure,2017-12-10 17:08:16.793902
2012-05-08,11:15,68.9,68.7,37.6,31.7,0.0,S@6.0,10.7,57.0,0.0,880,"McClure, Benton County",300117,McClure,2017-12-10 17:08:16.793902
2012-05-08,11:30,69.6,69.4,36.8,29.9,0.0,S@6.6,11.0,57.1,0.0,897,"McClure, Benton County",300117,McClure,2017-12-10 17:08:16.793902
2012-05-08,11:45,71.1,70.9,37.2,28.9,0.0,S@6.3,11.0,57.2,0.0,945,"McClure, Benton County",300117,McClure,2017-12-10 17:08:16.793902
2012-05-08,12:00,71.2,70.9,36.6,28.2,0.0,S@6.0,10.7,57.4,0.0,888,"McClure, Benton County",300117,McClure,2017-12-10 17:08:16.793902
2012-05-08,12:15,71.9,71.4,36.3,27.2,0.0,SW@6.2,10.3,57.5,0.0,841,"McClure, Benton County",300117,McClure,2017-12-10 17:08:16.793902
2012-05-08,12:30,72.4,71.9,37.8,28.3,0.0,S@5.7,10.7,57.7,0.0,926,"McClure, Benton County",300117,McClure,2017-12-10 17:08:16.793902
2012-05-08,12:45,73.3,72.9,37.8,27.5,0.0,SW@5.7,11.4,57.9,0.0,941,"McClure, Benton County",300117,McClure,2017-12-10 17:08:16.793902
2012-05-08,13:00,73.6,73.1,38.5,28.0,0.0,SW@5.3,10.7,58.0,0.0,957,"McClure, Benton County",300117,McClure,2017-12-10 17:08:16.793902
2012-05-08,13:15,74.4,74.0,38.7,27.4,0.0,SW@5.7,12.4,58.2,0.0,902,"McClure, Benton County",300117,McClure,2017-12-10 17:08:16.793902
2012-05-08,13:30,74.2,73.8,38.4,27.3,0.0,S@5.4,11.7,58.5,0.0,817,"McClure, Benton County",300117,McClure,2017-12-10 17:08:16.793902
2012-05-08,13:45,74.8,74.4,38.9,27.3,0.0,S@5.3,11.4,58.7,0.0,820,"McClure, Benton County",300117,McClure,2017-12-10 17:08:16.793902
2012-05-08,14:00,75.3,74.6,39.0,26.9,0.0,SW@5.6,11.0,58.9,0.0,837,"McClure, Benton County",300117,McClure,2017-12-10 17:08:16.793902
2012-05-08,14:15,75.3,74.8,39.3,27.3,0.0,SW@6.1,11.0,59.1,0.0,765,"McClure, Benton County",300117,McClure,2017-12-10 17:08:16.793902
2012-05-08,14:30,74.4,73.8,39.2,27.9,0.0,S@5.3,11.7,59.4,0.0,558,"McClure, Benton County",300117,McClure,2017-12-10 17:08:16.793902
2012-05-08,14:45,73.4,72.8,39.0,28.8,0.0,SW@6.2,9.9,59.6,0.0,424,"McClure, Benton County",300117,McClure,2017-12-10 17:08:16.793902
2012-05-08,15:00,72.9,72.5,38.8,29.1,0.0,S@4.0,8.2,59.9,0.0,476,"McClure, Benton County",300117,McClure,2017-12-10 17:08:16.793902
2012-05-08,15:15,74.9,74.6,39.9,28.3,0.0,S@4.4,8.2,60.1,0.0,584,"McClure, Benton County",300117,McClure,2017-12-10 17:08:16.793902
2012-05-08,15:30,74.0,73.3,39.3,28.5,0.0,SW@5.0,8.9,60.4,0.0,421,"McClure, Benton County",300117,McClure,2017-12-10 17:08:16.793902
2012-05-08,15:45,72.9,72.5,38.7,28.8,0.0,SE@3.5,6.7,60.7,0.0,457,"McClure, Benton County",300117,McClure,2017-12-10 17:08:16.793902
2012-05-08,16:00,73.5,73.1,39.3,28.9,0.0,SW@3.2,5.7,60.9,0.0,385,"McClure, Benton County",300117,McClure,2017-12-10 17:08:16.793902
2012-05-08,16:15,72.6,72.2,39.2,29.7,0.0,SW@4.2,8.9,61.2,0.0,264,"McClure, Benton County",300117,McClure,2017-12-10 17:08:16.793902
2012-05-08,16:30,73.3,72.9,39.5,29.4,0.0,SW@4.3,7.4,61.5,0.0,306,"McClure, Benton County",300117,McClure,2017-12-10 17:08:16.793902
2012-05-08,16:45,73.0,72.6,39.1,29.2,0.0,S@4.7,7.4,61.7,0.0,338,"McClure, Benton County",300117,McClure,2017-12-10 17:08:16.793902
2012-05-08,17:00,73.5,72.9,39.4,29.0,0.0,S@5.1,8.2,62.0,0.0,329,"McClure, Benton County",300117,McClure,2017-12-10 17:08:16.793902
2012-05-08,17:15,73.4,72.9,39.7,29.5,0.0,SE@4.2,7.4,62.2,0.0,313,"McClure, Benton County",300117,McClure,2017-12-10 17:08:16.793902
2012-05-08,17:30,74.0,73.2,40.6,30.0,0.0,S@3.6,6.4,62.4,0.0,272,"McClure, Benton County",300117,McClure,2017-12-10 17:08:16.793902
2012-05-08,17:45,73.4,72.7,40.4,30.4,0.0,SE@4.2,6.0,62.6,0.0,212,"McClure, Benton County",300117,McClure,2017-12-10 17:08:16.793902
2012-05-08,18:00,73.0,72.5,39.7,29.9,0.0,S@3.6,5.7,62.8,0.0,178,"McClure, Benton County",300117,McClure,2017-12-10 17:08:16.793902
2012-05-08,18:15,72.7,72.2,39.9,30.5,0.0,SW@3.0,5.3,63.0,0.0,134,"McClure, Benton County",300117,McClure,2017-12-10 17:08:16.793902
2012-05-08,18:30,71.0,70.3,41.1,33.8,0.0,SE@2.6,4.2,63.1,0.0,85,"McClure, Benton County",300117,McClure,2017-12-10 17:08:16.793902
2012-05-08,18:45,69.8,69.3,41.2,35.4,0.0,SW@2.0,4.6,63.2,0.0,67,"McClure, Benton County",300117,McClure,2017-12-10 17:08:16.793902
2012-05-08,19:00,67.8,67.2,38.7,34.4,0.0,W@4.2,12.1,63.4,0.0,30,"McClure, Benton County",300117,McClure,2017-12-10 17:08:16.793902
2012-05-08,19:15,65.1,64.8,29.4,25.9,0.0,W@6.7,10.7,63.5,0.0,12,"McClure, Benton County",300117,McClure,2017-12-10 17:08:16.793902
2012-05-08,19:30,63.6,63.3,26.0,23.8,0.0,W@6.2,8.9,63.5,0.0,4,"McClure, Benton County",300117,McClure,2017-12-10 17:08:16.793902
2012-05-08,19:45,62.4,62.0,25.8,24.6,0.0,W@5.7,7.4,63.6,0.0,0,"McClure, Benton County",300117,McClure,2017-12-10 17:08:16.793902
2012-05-08,20:00,61.1,60.7,26.1,26.2,0.0,NW@4.7,7.1,63.7,0.0,0,"McClure, Benton County",300117,McClure,2017-12-10 17:08:16.793902
2012-05-08,20:15,59.4,59.1,27.0,28.8,0.0,NW@4.3,5.7,63.7,0.0,0,"McClure, Benton County",300117,McClure,2017-12-10 17:08:16.793902
2012-05-08,20:30,55.8,55.3,28.0,34.2,0.0,N@4.8,6.4,63.7,0.0,0,"McClure, Benton County",300117,McClure,2017-12-10 17:08:16.793902
2012-05-08,20:45,55.8,55.9,31.2,38.9,0.0,N@5.0,6.4,63.7,0.0,0,"McClure, Benton County",300117,McClure,2017-12-10 17:08:16.793902
2012-05-08,21:00,59.0,58.9,33.1,37.4,0.0,N@5.2,7.1,63.7,0.0,0,"McClure, Benton County",300117,McClure,2017-12-10 17:08:16.793902
2012-05-08,21:15,58.5,58.3,32.7,37.5,0.0,NW@5.3,7.1,63.7,0.0,0,"McClure, Benton County",300117,McClure,2017-12-10 17:08:16.793902
2012-05-08,21:30,58.0,57.9,33.0,38.6,0.0,NW@5.3,7.4,63.7,0.0,0,"McClure, Benton County",300117,McClure,2017-12-10 17:08:16.793902
2012-05-08,21:45,57.0,56.9,33.8,41.4,0.0,NW@5.7,7.8,63.6,0.0,0,"McClure, Benton County",300117,McClure,2017-12-10 17:08:16.793902
2012-05-08,22:00,56.8,56.8,33.9,41.8,0.0,NW@6.4,9.6,63.6,0.0,0,"McClure, Benton County",300117,McClure,2017-12-10 17:08:16.793902
2012-05-08,22:15,57.6,57.6,32.9,39.2,0.0,NW@8.1,12.8,63.5,0.0,0,"McClure, Benton County",300117,McClure,2017-12-10 17:08:16.793902
2012-05-08,22:30,57.8,57.7,33.8,40.3,0.0,NW@9.7,13.9,63.5,0.0,0,"McClure, Benton County",300117,McClure,2017-12-10 17:08:16.793902
2012-05-08,22:45,57.0,56.9,34.7,42.8,0.0,NW@9.1,13.5,63.4,0.0,0,"McClure, Benton County",300117,McClure,2017-12-10 17:08:16.793902
2012-05-08,23:00,56.5,56.5,35.6,45.3,0.0,NW@9.9,16.7,63.3,0.0,0,"McClure, Benton County",300117,McClure,2017-12-10 17:08:16.793902
2012-05-09,23:15,55.8,55.7,36.3,47.7,0.0,NW@8.6,12.1,63.2,0.0,0,"McClure, Benton County",300117,McClure,2017-12-10 17:08:16.793902
2012-05-09,23:30,55.3,55.3,36.2,48.4,0.0,NW@9.5,14.6,63.1,0.0,0,"McClure, Benton County",300117,McClure,2017-12-10 17:08:16.793902
2012-05-09,23:45,55.2,55.1,35.9,48.0,0.0,NW@9.7,14.2,63.0,0.0,0,"McClure, Benton County",300117,McClure,2017-12-10 17:08:16.793902
2012-05-09,24:00,54.6,54.5,36.1,49.4,0.0,NW@11.2,16.0,62.9,0.0,0,"McClure, Benton County",300117,McClure,2017-12-10 17:08:16.793902
2012-05-09,00:15,54.4,54.3,36.3,50.3,0.0,NW@12.3,17.5,62.8,0.0,0,"McClure, Benton County",300117,McClure,2017-12-10 17:08:16.793902
2012-05-09,00:30,53.8,53.7,36.5,51.7,0.0,NW@12.2,17.5,62.7,0.0,0,"McClure, Benton County",300117,McClure,2017-12-10 17:08:16.793902
2012-05-09,00:45,53.1,53.0,36.6,53.4,0.0,NW@11.3,16.0,62.6,0.0,0,"McClure, Benton County",300117,McClure,2017-12-10 17:08:16.793902
2012-05-09,01:00,51.8,51.6,36.8,56.5,0.0,NW@10.2,13.9,62.5,0.0,0,"McClure, Benton County",300117,McClure,2017-12-10 17:08:16.793902
2012-05-09,01:15,50.8,50.8,37.1,59.1,0.0,NW@10.0,15.0,62.3,0.0,0,"McClure, Benton County",300117,McClure,2017-12-10 17:08:16.793902
2012-05-09,01:30,50.4,50.3,36.9,59.7,0.0,NW@8.3,11.4,62.2,0.0,0,"McClure, Benton County",300117,McClure,2017-12-10 17:08:16.793902
2012-05-09,01:45,49.0,48.9,37.5,64.3,0.0,W@8.1,12.1,62.1,0.0,0,"McClure, Benton County",300117,McClure,2017-12-10 17:08:16.793902
2012-05-09,02:00,48.1,48.2,38.4,68.8,0.01,W@9.3,12.8,62.0,0.0,0,"McClure, Benton County",300117,McClure,2017-12-10 17:08:16.793902
2012-05-09,02:15,47.9,47.9,38.6,69.8,0.01,W@9.3,12.8,61.9,0.0,0,"McClure, Benton County",300117,McClure,2017-12-10 17:08:16.793902
2012-05-09,02:30,47.4,47.4,38.4,70.7,0.01,W@8.0,11.7,61.8,0.0,0,"McClure, Benton County",300117,McClure,2017-12-10 17:08:16.793902
2012-05-09,02:45,47.0,47.0,38.3,71.4,0.02,NW@6.5,9.2,61.6,0.0,0,"McClure, Benton County",300117,McClure,2017-12-10 17:08:16.793902
2012-05-09,03:00,46.5,46.5,38.1,72.2,0.02,NW@5.7,7.4,61.5,0.0,0,"McClure, Benton County",300117,McClure,2017-12-10 17:08:16.793902
2012-05-09,03:15,45.7,45.6,37.7,73.5,0.02,NW@4.8,6.4,61.4,0.0,0,"McClure, Benton County",300117,McClure,2017-12-10 17:08:16.793902
2012-05-09,03:30,45.4,45.4,37.5,73.7,0.02,NW@4.9,6.4,61.3,0.0,0,"McClure, Benton County",300117,McClure,2017-12-10 17:08:16.793902
2012-05-09,03:45,44.9,44.9,37.1,74.0,0.02,NW@5.7,7.8,61.2,0.0,0,"McClure, Benton County",300117,McClure,2017-12-10 17:08:16.793902
2012-05-09,04:00,45.2,45.3,37.0,72.6,0.02,NW@5.8,9.6,61.0,0.0,0,"McClure, Benton County",300117,McClure,2017-12-10 17:08:16.793902
2012-05-09,04:15,45.2,45.2,36.9,72.5,0.02,NW@5.9,7.8,60.9,0.0,0,"McClure, Benton County",300117,McClure,2017-12-10 17:08:16.793902
2012-05-09,04:30,44.4,44.3,36.6,73.8,0.02,NW@4.8,6.4,60.8,0.0,1,"McClure, Benton County",300117,McClure,2017-12-10 17:08:16.793902
2012-05-09,04:45,43.8,43.7,36.4,75.0,0.02,W@4.9,6.0,60.7,0.0,11,"McClure, Benton County",300117,McClure,2017-12-10 17:08:16.793902
2012-05-09,05:00,43.9,43.9,36.5,75.1,0.02,NW@5.3,6.7,60.6,0.0,39,"McClure, Benton County",300117,McClure,2017-12-10 17:08:16.793902
2012-05-09,05:15,44.4,44.6,36.5,73.5,0.02,NW@5.2,7.1,60.4,0.0,76,"McClure, Benton County",300117,McClure,2017-12-10 17:08:16.793902
2012-05-09,05:30,46.1,46.2,37.0,70.5,0.01,NW@5.7,7.8,60.3,0.0,118,"McClure, Benton County",300117,McClure,2017-12-10 17:08:16.793902
2012-05-09,05:45,48.1,48.3,37.4,66.3,0.0,W@6.0,8.2,60.2,0.0,172,"McClure, Benton County",300117,McClure,2017-12-10 17:08:16.793902
2012-05-09,06:00,49.4,49.4,37.0,62.2,0.0,W@6.0,8.9,60.1,0.0,210,"McClure, Benton County",300117,McClure,2017-12-10 17:08:16.793902
2012-05-09,06:15,49.8,49.7,36.2,59.5,0.0,W@5.7,8.2,59.9,0.0,227,"McClure, Benton County",300117,McClure,2017-12-10 17:08:16.793902
2012-05-09,06:30,50.3,50.3,35.5,56.7,0.0,W@5.0,7.4,59.8,0.0,257,"McClure, Benton County",300117,McClure,2017-12-10 17:08:16.793902
2012-05-09,06:45,51.3,51.2,34.4,52.3,0.0,W@5.5,8.5,59.7,0.0,310,"McClure, Benton County",300117,McClure,2017-12-10 17:08:16.793902
2012-05-09,07:00,51.8,51.7,34.3,51.2,0.0,W@5.6,8.2,59.6,0.0,356,"McClure, Benton County",300117,McClure,2017-12-10 17:08:16.793902
2012-05-09,07:15,52.3,52.2,35.2,52.0,0.0,W@5.1,7.8,59.4,0.0,403,"McClure, Benton County",300117,McClure,2017-12-10 17:08:16.793902
2012-05-09,07:30,52.6,52.6,33.2,47.4,0.0,W@4.5,7.8,59.3,0.0,450,"McClure, Benton County",300117,McClure,2017-12-10 17:08:16.793902
2012-05-09,07:45,53.3,53.2,32.8,45.5,0.0,NW@4.8,8.5,59.2,0.0,497,"McClure, Benton County",300117,McClure,2017-12-10 17:08:16.793902
2012-05-09,08:00,54.4,54.5,35.1,48.1,0.0,NW@4.1,7.1,59.1,0.0,562,"McClure, Benton County",300117,McClure,2017-12-10 17:08:16.793902
2012-05-09,08:15,55.5,55.5,32.6,41.7,0.0,NW@3.8,8.9,59.0,0.0,659,"McClure, Benton County",300117,McClure,2017-12-10 17:08:16.793902
2012-05-09,08:30,55.3,55.1,28.3,35.2,0.0,W@5.4,9.9,58.9,0.0,617,"McClure, Benton County",300117,McClure,2017-12-10 17:08:16.793902
2012-05-09,08:45,55.5,55.6,27.7,34.1,0.0,NW@5.6,11.0,58.8,0.0,695,"McClure, Benton County",300117,McClure,2017-12-10 17:08:16.793902
2012-05-09,09:00,55.4,55.2,29.8,37.3,0.0,W@5.8,10.3,58.7,0.0,704,"McClure, Benton County",300117,McClure,2017-12-10 17:08:16.793902
2012-05-09,09:15,55.8,55.5,27.3,33.2,0.0,W@6.0,10.3,58.6,0.0,731,"McClure, Benton County",300117,McClure,2017-12-10 17:08:16.793902
2012-05-09,09:30,56.1,55.9,24.9,29.7,0.0,W@6.2,10.3,58.5,0.0,763,"McClure, Benton County",300117,McClure,2017-12-10 17:08:16.793902
2012-05-09,09:45,57.0,56.9,21.5,25.0,0.0,W@6.4,11.0,58.5,0.0,796,"McClure, Benton County",300117,McClure,2017-12-10 17:08:16.793902
2012-05-09,10:00,57.6,57.5,20.0,22.9,0.0,W@5.6,13.9,58.4,0.0,825,"McClure, Benton County",300117,McClure,2017-12-10 17:08:16.793902
2012-05-09,10:15,57.5,57.2,18.6,21.6,0.0,W@5.9,11.7,58.4,0.0,852,"McClure, Benton County",300117,McClure,2017-12-10 17:08:16.793902
2012-05-09,10:30,58.5,58.5,19.3,21.6,0.0,W@6.7,11.4,58.4,0.0,878,"McClure, Benton County",300117,McClure,2017-12-10 17:08:16.793902
2012-05-09,10:45,58.6,58.4,17.3,19.7,0.0,W@7.2,13.5,58.4,0.0,903,"McClure, Benton County",300117,McClure,2017-12-10 17:08:16.793902
2012-05-09,11:00,58.9,58.7,16.1,18.5,0.0,W@6.4,13.2,58.5,0.0,919,"McClure, Benton County",300117,McClure,2017-12-10 17:08:16.793902
2012-05-09,11:15,59.6,59.4,16.3,18.2,0.0,NW@7.0,12.8,58.5,0.0,938,"McClure, Benton County",300117,McClure,2017-12-10 17:08:16.793902
2012-05-09,11:30,60.1,60.0,17.0,18.5,0.0,W@7.2,12.8,58.6,0.0,946,"McClure, Benton County",300117,McClure,2017-12-10 17:08:16.793902
2012-05-09,11:45,60.2,59.9,18.0,19.2,0.0,W@8.7,15.3,58.7,0.0,936,"McClure, Benton County",300117,McClure,2017-12-10 17:08:16.793902
2012-05-09,12:00,60.4,60.2,17.1,18.3,0.0,W@8.6,14.2,58.8,0.0,918,"McClure, Benton County",300117,McClure,2017-12-10 17:08:16.793902
2012-05-09,12:15,60.8,60.5,16.7,17.8,0.0,W@9.7,16.4,58.9,0.0,946,"McClure, Benton County",300117,McClure,2017-12-10 17:08:16.793902
2012-05-09,12:30,60.5,60.3,14.7,16.4,0.0,W@9.2,16.4,59.1,0.0,935,"McClure, Benton County",300117,McClure,2017-12-10 17:08:16.793902
2012-05-09,12:45,60.7,60.4,17.2,18.1,0.0,W@8.6,13.9,59.2,0.0,855,"McClure, Benton County",300117,McClure,2017-12-10 17:08:16.793902
2012-05-09,13:00,61.0,60.7,17.4,18.2,0.0,W@9.6,16.7,59.4,0.0,904,"McClure, Benton County",300117,McClure,2017-12-10 17:08:16.793902
2012-05-09,13:15,61.6,61.4,17.2,17.6,0.0,W@10.0,15.7,59.5,0.0,984,"McClure, Benton County",300117,McClure,2017-12-10 17:08:16.793902
2012-05-09,13:30,60.7,60.4,17.8,18.7,0.0,W@9.1,16.0,59.7,0.0,745,"McClure, Benton County",300117,McClure,2017-12-10 17:08:16.793902
2012-05-09,13:45,59.5,59.2,18.9,20.4,0.0,W@10.8,17.5,59.9,0.0,695,"McClure, Benton County",300117,McClure,2017-12-10 17:08:16.793902
2012-05-09,14:00,59.3,59.2,21.3,22.8,0.0,W@9.7,16.7,60.0,0.0,709,"McClure, Benton County",300117,McClure,2017-12-10 17:08:16.793902
2012-05-09,14:15,59.5,59.2,22.0,23.3,0.0,W@10.5,17.8,60.2,0.0,686,"McClure, Benton County",300117,McClure,2017-12-10 17:08:16.793902
2012-05-09,14:30,58.6,58.4,21.9,23.9,0.0,W@10.4,18.5,60.4,0.0,543,"McClure, Benton County",300117,McClure,2017-12-10 17:08:16.793902
2012-05-09,14:45,58.5,58.3,22.0,24.2,0.0,W@11.9,20.0,60.6,0.0,616,"McClure, Benton County",300117,McClure,2017-12-10 17:08:16.793902
2012-05-09,15:00,59.0,58.8,22.9,24.7,0.0,W@11.6,20.0,60.8,0.0,744,"McClure, Benton County",300117,McClure,2017-12-10 17:08:16.793902
2012-05-09,15:15,58.2,57.8,22.6,25.0,0.0,NW@12.4,20.0,61.0,0.0,618,"McClure, Benton County",300117,McClure,2017-12-10 17:08:16.793902
2012-05-09,15:30,57.1,56.9,21.3,24.6,0.0,W@13.1,20.3,61.2,0.0,595,"McClure, Benton County",300117,McClure,2017-12-10 17:08:16.793902
2012-05-09,15:45,56.1,55.6,20.4,24.6,0.0,NW@13.3,20.3,61.4,0.0,498,"McClure, Benton County",300117,McClure,2017-12-10 17:08:16.793902
2012-05-09,16:00,53.7,53.4,20.2,26.7,0.0,NW@13.0,20.0,61.6,0.0,319,"McClure, Benton County",300117,McClure,2017-12-10 17:08:16.793902
2012-05-09,16:15,51.5,51.3,20.2,28.9,0.0,NW@12.9,18.2,61.8,0.0,256,"McClure, Benton County",300117,McClure,2017-12-10 17:08:16.793902
2012-05-09,16:30,51.2,51.1,18.9,27.7,0.0,NW@12.1,18.5,62.0,0.0,222,"McClure, Benton County",300117,McClure,2017-12-10 17:08:16.793902
2012-05-09,16:45,51.0,50.8,19.4,28.4,0.0,NW@13.1,18.5,62.2,0.0,223,"McClure, Benton County",300117,McClure,2017-12-10 17:08:16.793902
2012-05-09,17:00,49.3,49.2,19.9,31.0,0.0,NW@12.7,17.1,62.4,0.0,129,"McClure, Benton County",300117,McClure,2017-12-10 17:08:16.793902
2012-05-09,17:15,49.1,49.1,19.5,30.6,0.0,NW@11.1,16.4,62.5,0.0,143,"McClure, Benton County",300117,McClure,2017-12-10 17:08:16.793902
2012-05-09,17:30,49.0,49.0,19.6,30.8,0.0,NW@10.7,17.1,62.7,0.0,145,"McClure, Benton County",300117,McClure,2017-12-10 17:08:16.793902
2012-05-09,17:45,48.9,48.9,19.3,30.7,0.0,NW@10.4,15.3,62.8,0.0,132,"McClure, Benton County",300117,McClure,2017-12-10 17:08:16.793902
2012-05-09,18:00,48.6,48.6,19.2,30.8,0.0,NW@11.4,18.5,63.0,0.0,115,"McClure, Benton County",300117,McClure,2017-12-10 17:08:16.793902
2012-05-09,18:15,47.9,47.9,18.5,30.7,0.0,NW@10.8,17.5,63.1,0.0,91,"McClure, Benton County",300117,McClure,2017-12-10 17:08:16.793902
2012-05-09,18:30,47.5,47.5,18.9,31.6,0.0,NW@10.7,15.3,63.2,0.0,68,"McClure, Benton County",300117,McClure,2017-12-10 17:08:16.793902
2012-05-09,18:45,46.6,46.6,19.4,33.6,0.0,NW@10.2,16.0,63.2,0.0,32,"McClure, Benton County",300117,McClure,2017-12-10 17:08:16.793902
2012-05-09,19:00,46.0,45.9,20.4,35.8,0.0,N@8.1,13.9,63.3,0.0,26,"McClure, Benton County",300117,McClure,2017-12-10 17:08:16.793902
2012-05-09,19:15,45.0,44.9,22.0,39.7,0.0,N@7.4,11.4,63.3,0.0,15,"McClure, Benton County",300117,McClure,2017-12-10 17:08:16.793902
2012-05-09,19:30,43.8,43.8,22.8,43.0,0.0,N@7.9,12.1,63.3,0.0,3,"McClure, Benton County",300117,McClure,2017-12-10 17:08:16.793902
2012-05-09,19:45,43.9,44.0,22.1,41.7,0.0,NW@8.7,13.5,63.3,0.0,0,"McClure, Benton County",300117,McClure,2017-12-10 17:08:16.793902
2012-05-09,20:00,44.1,44.0,22.2,41.6,0.0,NW@7.9,12.4,63.3,0.0,0,"McClure, Benton County",300117,McClure,2017-12-10 17:08:16.793902
2012-05-09,20:15,43.3,43.4,23.3,44.7,0.0,N@9.1,15.0,63.3,0.0,0,"McClure, Benton County",300117,McClure,2017-12-10 17:08:16.793902
2012-05-09,20:30,42.8,42.8,23.6,46.3,0.0,N@10.1,15.3,63.2,0.0,0,"McClure, Benton County",300117,McClure,2017-12-10 17:08:16.793902
2012-05-09,20:45,42.1,42.1,23.7,47.8,0.0,N@8.0,13.5,63.2,0.0,0,"McClure, Benton County",300117,McClure,2017-12-10 17:08:16.793902
2012-05-09,21:00,41.6,41.6,23.5,48.4,0.0,N@7.3,11.4,63.1,0.0,0,"McClure, Benton County",300117,McClure,2017-12-10 17:08:16.793902
2012-05-09,21:15,41.0,40.9,23.1,48.6,0.0,N@7.1,11.4,63.1,0.0,0,"McClure, Benton County",300117,McClure,2017-12-10 17:08:16.793902
2012-05-09,21:30,40.5,40.7,22.9,49.1,0.0,N@9.1,13.5,63.0,0.0,0,"McClure, Benton County",300117,McClure,2017-12-10 17:08:16.793902
2012-05-09,21:45,40.7,40.8,22.3,47.6,0.0,NW@10.6,16.0,62.9,0.0,0,"McClure, Benton County",300117,McClure,2017-12-10 17:08:16.793902
2012-05-09,22:00,40.4,40.4,22.1,47.7,0.0,N@11.0,15.0,62.8,0.0,0,"McClure, Benton County",300117,McClure,2017-12-10 17:08:16.793902
2012-05-09,22:15,40.1,40.2,22.1,48.3,0.0,N@12.3,18.2,62.7,0.0,0,"McClure, Benton County",300117,McClure,2017-12-10 17:08:16.793902
2012-05-09,22:30,39.7,39.7,23.1,51.2,0.0,NW@13.5,20.3,62.6,0.0,0,"McClure, Benton County",300117,McClure,2017-12-10 17:08:16.793902
2012-05-09,22:45,39.3,39.4,23.2,52.1,0.0,NW@12.7,18.2,62.5,0.0,0,"McClure, Benton County",300117,McClure,2017-12-10 17:08:16.793902
2012-05-09,23:00,39.5,39.6,22.3,49.9,0.0,NW@10.8,19.2,62.4,0.0,0,"McClure, Benton County",300117,McClure,2017-12-10 17:08:16.793902
2012-05-10,23:15,38.3,38.1,21.9,51.4,0.0,N@6.1,12.1,62.2,0.0,0,"McClure, Benton County",300117,McClure,2017-12-10 17:08:16.793902
2012-05-10,23:30,37.3,37.4,22.6,54.8,0.0,N@8.8,15.0,62.1,0.0,0,"McClure, Benton County",300117,McClure,2017-12-10 17:08:16.793902
2012-05-10,23:45,37.0,37.0,22.9,56.2,0.0,N@8.6,13.2,62.0,0.0,0,"McClure, Benton County",300117,McClure,2017-12-10 17:08:16.793902
2012-05-10,24:00,36.9,37.0,22.9,56.7,0.0,N@9.4,14.6,61.9,0.0,0,"McClure, Benton County",300117,McClure,2017-12-10 17:08:16.793902
