Date,Time PST,Air Temp °F, 2<sup>nd</sup> Air Temp °F, Dew Point °F, Rel Hum %, Leaf Wet u., Wind Dir @ Speed mph, Wind Gust mph, 2 in. Soil Tmp °F, 8 in. Soil Tmp °F, Soil VWC %, Tot Prec in, Solar Rad W/m², Atm. Press. inHg,Location,Station ID,Station Name,Download Timestamp
2017-10-04,00:15,39.1,39.1,39.0,99.2,0.83,N@0.0,0.0,54.1,57.4,8.0,0.0,0,30.2,"Langley, Langley, Island County",300214,Langley,2017-12-08 23:33:56.744142
2017-10-04,00:30,39.4,39.4,39.2,99.3,0.87,N@0.0,0.0,54.0,57.3,8.0,0.0,0,30.2,"Langley, Langley, Island County",300214,Langley,2017-12-08 23:33:56.744142
2017-10-04,00:45,39.6,39.6,39.4,99.3,0.88,NW@0.0,1.4,53.9,57.3,8.0,0.0,0,30.2,"Langley, Langley, Island County",300214,Langley,2017-12-08 23:33:56.744142
2017-10-04,01:00,39.4,39.4,39.2,99.3,0.9,NE@0.2,2.1,53.8,57.3,8.0,0.0,0,30.2,"Langley, Langley, Island County",300214,Langley,2017-12-08 23:33:56.744142
2017-10-04,01:15,39.2,39.2,39.0,99.3,0.91,N@0.1,1.4,53.7,57.2,8.0,0.0,0,30.2,"Langley, Langley, Island County",300214,Langley,2017-12-08 23:33:56.744142
2017-10-04,01:30,39.4,39.4,39.2,99.3,0.92,NE@0.0,1.4,53.6,57.2,8.0,0.0,0,30.2,"Langley, Langley, Island County",300214,Langley,2017-12-08 23:33:56.744142
2017-10-04,01:45,39.0,39.0,38.8,99.3,0.92,N@0.0,0.0,53.5,57.1,8.0,0.0,0,30.2,"Langley, Langley, Island County",300214,Langley,2017-12-08 23:33:56.744142
2017-10-04,02:00,38.9,38.9,38.7,99.3,0.93,N@0.0,0.0,53.4,57.1,8.0,0.0,0,30.2,"Langley, Langley, Island County",300214,Langley,2017-12-08 23:33:56.744142
2017-10-04,02:15,39.1,39.1,38.9,99.3,0.93,N@0.0,1.4,53.3,57.0,8.0,0.0,0,30.19,"Langley, Langley, Island County",300214,Langley,2017-12-08 23:33:56.744142
2017-10-04,02:30,39.1,39.1,38.9,99.3,0.93,NW@0.0,1.4,53.2,57.0,8.0,0.0,0,30.19,"Langley, Langley, Island County",300214,Langley,2017-12-08 23:33:56.744142
2017-10-04,02:45,39.2,39.2,39.1,99.3,0.94,NW@0.0,1.4,53.1,57.0,8.0,0.0,0,30.19,"Langley, Langley, Island County",300214,Langley,2017-12-08 23:33:56.744142
2017-10-04,03:00,39.1,39.1,38.9,99.3,0.94,N@0.0,0.0,53.0,56.9,8.0,0.0,0,30.19,"Langley, Langley, Island County",300214,Langley,2017-12-08 23:33:56.744142
2017-10-04,03:15,38.9,38.9,38.7,99.3,0.94,N@0.0,0.0,52.9,56.9,8.0,0.0,0,30.18,"Langley, Langley, Island County",300214,Langley,2017-12-08 23:33:56.744142
2017-10-04,03:30,39.0,39.0,38.8,99.3,0.94,NW@0.0,1.4,52.8,56.8,8.0,0.0,0,30.18,"Langley, Langley, Island County",300214,Langley,2017-12-08 23:33:56.744142
2017-10-04,03:45,39.3,39.3,39.1,99.3,0.94,W@0.0,1.4,52.8,56.8,8.0,0.0,0,30.18,"Langley, Langley, Island County",300214,Langley,2017-12-08 23:33:56.744142
2017-10-04,04:00,38.8,38.8,38.7,99.3,0.94,NW@0.0,1.4,52.7,56.7,8.0,0.0,0,30.18,"Langley, Langley, Island County",300214,Langley,2017-12-08 23:33:56.744142
2017-10-04,04:15,38.7,38.7,38.5,99.3,0.94,E@0.1,1.4,52.6,56.7,8.0,0.0,0,30.17,"Langley, Langley, Island County",300214,Langley,2017-12-08 23:33:56.744142
2017-10-04,04:30,38.7,38.7,38.6,99.3,0.95,W@0.2,1.7,52.5,56.6,8.0,0.0,0,30.17,"Langley, Langley, Island County",300214,Langley,2017-12-08 23:33:56.744142
2017-10-04,04:45,38.8,38.8,38.6,99.3,0.95,N@0.0,0.0,52.5,56.6,8.0,0.0,0,30.17,"Langley, Langley, Island County",300214,Langley,2017-12-08 23:33:56.744142
2017-10-04,05:00,38.6,38.6,38.4,99.3,0.95,N@0.0,0.0,52.4,56.5,8.0,0.0,0,30.17,"Langley, Langley, Island County",300214,Langley,2017-12-08 23:33:56.744142
2017-10-04,05:15,38.6,38.6,38.4,99.3,0.95,N@0.0,0.0,52.3,56.5,8.0,0.0,0,30.17,"Langley, Langley, Island County",300214,Langley,2017-12-08 23:33:56.744142
2017-10-04,05:30,38.0,38.0,37.8,99.3,0.95,W@0.1,1.7,52.2,56.5,8.0,0.0,0,30.17,"Langley, Langley, Island County",300214,Langley,2017-12-08 23:33:56.744142
2017-10-04,05:45,38.3,38.3,38.1,99.3,0.95,N@0.0,0.0,52.2,56.4,8.0,0.0,0,30.17,"Langley, Langley, Island County",300214,Langley,2017-12-08 23:33:56.744142
2017-10-04,06:00,37.9,37.9,37.7,99.3,0.94,NW@0.0,1.4,52.1,56.4,8.0,0.0,1,30.17,"Langley, Langley, Island County",300214,Langley,2017-12-08 23:33:56.744142
2017-10-04,06:15,37.7,37.7,37.5,99.3,0.94,E@0.0,1.4,52.0,56.3,8.0,0.0,2,30.17,"Langley, Langley, Island County",300214,Langley,2017-12-08 23:33:56.744142
2017-10-04,06:30,38.0,38.0,37.8,99.3,0.94,N@0.0,0.0,51.9,56.3,8.0,0.0,7,30.18,"Langley, Langley, Island County",300214,Langley,2017-12-08 23:33:56.744142
2017-10-04,06:45,38.4,38.4,38.3,99.3,0.94,N@0.0,0.0,51.9,56.2,8.0,0.0,39,30.18,"Langley, Langley, Island County",300214,Langley,2017-12-08 23:33:56.744142
2017-10-04,07:00,40.0,40.0,39.8,99.3,0.94,N@0.0,0.0,51.8,56.2,8.0,0.0,100,30.18,"Langley, Langley, Island County",300214,Langley,2017-12-08 23:33:56.744142
2017-10-04,07:15,41.8,41.8,41.6,99.3,0.94,NE@0.2,1.7,51.7,56.1,8.0,0.0,137,30.18,"Langley, Langley, Island County",300214,Langley,2017-12-08 23:33:56.744142
2017-10-04,07:30,42.9,42.9,42.7,99.3,0.94,NE@0.3,2.4,51.7,56.1,8.0,0.0,167,30.18,"Langley, Langley, Island County",300214,Langley,2017-12-08 23:33:56.744142
2017-10-04,07:45,45.1,45.1,44.9,99.3,0.94,NE@0.5,2.4,51.7,56.0,8.0,0.0,207,30.18,"Langley, Langley, Island County",300214,Langley,2017-12-08 23:33:56.744142
2017-10-04,08:00,48.5,48.5,48.4,99.3,0.94,NE@0.5,2.1,51.7,56.0,8.0,0.0,263,30.18,"Langley, Langley, Island County",300214,Langley,2017-12-08 23:33:56.744142
2017-10-04,08:15,51.6,51.6,51.4,99.3,0.94,E@0.4,2.8,51.7,55.9,8.0,0.0,302,30.18,"Langley, Langley, Island County",300214,Langley,2017-12-08 23:33:56.744142
2017-10-04,08:30,53.3,53.3,53.1,99.3,0.93,NE@2.2,5.3,51.8,55.9,8.0,0.0,343,30.18,"Langley, Langley, Island County",300214,Langley,2017-12-08 23:33:56.744142
2017-10-04,08:45,54.3,54.3,54.1,99.3,0.91,E@1.7,4.6,51.8,55.8,8.0,0.0,327,30.18,"Langley, Langley, Island County",300214,Langley,2017-12-08 23:33:56.744142
2017-10-04,09:00,55.4,55.4,55.2,99.3,0.84,NE@2.0,4.6,51.9,55.7,8.0,0.0,337,30.18,"Langley, Langley, Island County",300214,Langley,2017-12-08 23:33:56.744142
2017-10-04,09:15,57.0,57.0,56.9,99.3,0.58,NW@1.8,5.3,52.0,55.7,8.0,0.0,396,30.17,"Langley, Langley, Island County",300214,Langley,2017-12-08 23:33:56.744142
2017-10-04,09:30,57.6,57.6,57.4,99.3,0.02,NW@2.9,4.9,52.1,55.7,8.0,0.0,439,30.18,"Langley, Langley, Island County",300214,Langley,2017-12-08 23:33:56.744142
2017-10-04,09:45,58.0,58.0,57.8,99.3,0.0,NE@2.7,7.1,52.3,55.6,8.0,0.0,460,30.17,"Langley, Langley, Island County",300214,Langley,2017-12-08 23:33:56.744142
2017-10-04,10:00,58.6,58.6,58.5,99.3,0.0,NW@1.4,4.2,52.4,55.6,8.0,0.0,404,30.18,"Langley, Langley, Island County",300214,Langley,2017-12-08 23:33:56.744142
2017-10-04,10:15,59.0,59.0,58.8,99.3,0.0,N@2.5,6.4,52.5,55.5,8.0,0.0,482,30.18,"Langley, Langley, Island County",300214,Langley,2017-12-08 23:33:56.744142
2017-10-04,10:30,59.4,59.4,58.1,95.2,0.0,N@2.6,6.4,52.7,55.5,8.0,0.0,497,30.17,"Langley, Langley, Island County",300214,Langley,2017-12-08 23:33:56.744142
2017-10-04,10:45,58.5,58.5,51.5,77.6,0.0,NE@3.1,5.7,52.9,55.5,8.0,0.0,436,30.17,"Langley, Langley, Island County",300214,Langley,2017-12-08 23:33:56.744142
2017-10-04,11:00,60.6,60.6,48.2,63.5,0.0,NW@2.0,4.2,53.0,55.5,8.0,0.0,584,30.16,"Langley, Langley, Island County",300214,Langley,2017-12-08 23:33:56.744142
2017-10-04,11:15,62.2,62.2,47.6,58.8,0.0,NW@2.7,5.3,53.2,55.5,8.0,0.0,738,30.16,"Langley, Langley, Island County",300214,Langley,2017-12-08 23:33:56.744142
2017-10-04,11:30,62.7,62.7,46.9,56.1,0.0,NE@3.7,8.2,53.4,55.5,8.0,0.0,749,30.16,"Langley, Langley, Island County",300214,Langley,2017-12-08 23:33:56.744142
2017-10-04,11:45,62.8,62.8,46.2,54.5,0.0,W@2.9,5.7,53.7,55.5,8.0,0.0,668,30.16,"Langley, Langley, Island County",300214,Langley,2017-12-08 23:33:56.744142
2017-10-04,12:00,63.6,63.6,46.1,52.9,0.0,S@2.5,6.0,54.1,55.5,8.0,0.0,608,30.16,"Langley, Langley, Island County",300214,Langley,2017-12-08 23:33:56.744142
2017-10-04,12:15,64.3,64.3,45.8,51.0,0.0,W@2.5,6.7,54.4,55.5,8.0,0.0,605,30.15,"Langley, Langley, Island County",300214,Langley,2017-12-08 23:33:56.744142
2017-10-04,12:30,63.3,63.3,44.4,50.2,0.0,N@3.8,6.4,54.7,55.5,8.0,0.0,601,30.15,"Langley, Langley, Island County",300214,Langley,2017-12-08 23:33:56.744142
2017-10-04,12:45,63.6,63.6,44.1,48.9,0.0,NE@3.3,8.9,55.0,55.5,8.0,0.0,564,30.14,"Langley, Langley, Island County",300214,Langley,2017-12-08 23:33:56.744142
2017-10-04,13:00,63.7,63.7,43.3,47.3,0.0,N@3.2,7.4,55.3,55.5,8.0,0.0,569,30.14,"Langley, Langley, Island County",300214,Langley,2017-12-08 23:33:56.744142
2017-10-04,13:15,64.8,64.8,42.9,44.8,0.0,N@2.7,6.0,55.6,55.5,8.0,0.0,571,30.14,"Langley, Langley, Island County",300214,Langley,2017-12-08 23:33:56.744142
2017-10-04,13:30,64.1,64.1,41.8,44.1,0.0,NE@4.4,10.3,55.8,55.6,8.0,0.0,553,30.14,"Langley, Langley, Island County",300214,Langley,2017-12-08 23:33:56.744142
2017-10-04,13:45,64.5,64.5,42.4,44.5,0.0,NW@2.8,5.7,56.1,55.6,8.0,0.0,533,30.14,"Langley, Langley, Island County",300214,Langley,2017-12-08 23:33:56.744142
2017-10-04,14:00,64.5,64.5,42.8,45.1,0.0,NE@3.2,6.7,56.3,55.6,8.0,0.0,510,30.14,"Langley, Langley, Island County",300214,Langley,2017-12-08 23:33:56.744142
2017-10-04,14:15,65.6,65.6,43.6,44.7,0.0,NE@2.3,7.1,56.5,55.7,8.0,0.0,485,30.14,"Langley, Langley, Island County",300214,Langley,2017-12-08 23:33:56.744142
2017-10-04,14:30,65.3,65.3,43.0,44.2,0.0,NE@3.6,8.5,56.7,55.7,8.0,0.0,458,30.14,"Langley, Langley, Island County",300214,Langley,2017-12-08 23:33:56.744142
2017-10-04,14:45,65.9,65.9,43.2,43.8,0.0,NW@2.4,5.7,56.8,55.8,8.0,0.0,428,30.14,"Langley, Langley, Island County",300214,Langley,2017-12-08 23:33:56.744142
2017-10-04,15:00,66.1,66.1,44.0,44.7,0.0,N@2.6,6.0,57.0,55.8,8.0,0.0,398,30.14,"Langley, Langley, Island County",300214,Langley,2017-12-08 23:33:56.744142
2017-10-04,15:15,65.2,65.2,42.9,44.2,0.0,W@2.9,6.0,57.1,55.9,8.0,0.0,363,30.13,"Langley, Langley, Island County",300214,Langley,2017-12-08 23:33:56.744142
2017-10-04,15:30,65.3,65.3,42.9,44.1,0.0,W@2.0,4.2,57.2,55.9,8.0,0.0,327,30.13,"Langley, Langley, Island County",300214,Langley,2017-12-08 23:33:56.744142
2017-10-04,15:45,64.0,64.0,41.1,43.0,0.0,SW@1.8,4.2,57.2,56.0,8.0,0.0,284,30.13,"Langley, Langley, Island County",300214,Langley,2017-12-08 23:33:56.744142
2017-10-04,16:00,61.1,61.1,38.4,42.9,0.0,SW@1.9,3.9,57.3,56.1,8.0,0.0,114,30.13,"Langley, Langley, Island County",300214,Langley,2017-12-08 23:33:56.744142
2017-10-04,16:15,59.3,59.3,37.8,44.6,0.0,SW@2.2,4.2,57.3,56.1,8.0,0.0,44,30.13,"Langley, Langley, Island County",300214,Langley,2017-12-08 23:33:56.744142
2017-10-04,16:30,57.5,57.5,37.1,46.3,0.0,SW@2.2,3.1,57.3,56.2,8.0,0.0,55,30.13,"Langley, Langley, Island County",300214,Langley,2017-12-08 23:33:56.744142
2017-10-04,16:45,57.1,57.1,36.7,46.3,0.0,W@0.5,2.4,57.2,56.3,8.0,0.0,29,30.13,"Langley, Langley, Island County",300214,Langley,2017-12-08 23:33:56.744142
2017-10-04,17:00,57.1,57.1,37.4,47.6,0.0,W@0.2,2.4,57.1,56.3,8.0,0.0,23,30.13,"Langley, Langley, Island County",300214,Langley,2017-12-08 23:33:56.744142
2017-10-04,17:15,55.4,55.4,37.0,49.8,0.0,N@0.0,0.0,57.0,56.4,8.0,0.0,18,30.13,"Langley, Langley, Island County",300214,Langley,2017-12-08 23:33:56.744142
2017-10-04,17:30,54.1,54.1,37.7,53.6,0.0,W@0.0,1.4,56.9,56.4,8.0,0.0,13,30.13,"Langley, Langley, Island County",300214,Langley,2017-12-08 23:33:56.744142
2017-10-04,17:45,53.2,53.2,43.9,70.3,0.0,N@0.0,0.0,56.8,56.5,8.0,0.0,7,30.14,"Langley, Langley, Island County",300214,Langley,2017-12-08 23:33:56.744142
2017-10-04,18:00,51.7,51.7,45.2,78.4,0.0,N@0.0,0.0,56.6,56.5,8.0,0.0,3,30.14,"Langley, Langley, Island County",300214,Langley,2017-12-08 23:33:56.744142
2017-10-04,18:15,50.1,50.1,45.5,84.2,0.0,N@0.0,0.0,56.5,56.6,8.0,0.0,1,30.14,"Langley, Langley, Island County",300214,Langley,2017-12-08 23:33:56.744142
2017-10-04,18:30,49.1,49.1,44.1,82.6,0.0,N@0.0,0.0,56.3,56.6,8.0,0.0,0,30.14,"Langley, Langley, Island County",300214,Langley,2017-12-08 23:33:56.744142
2017-10-04,18:45,47.7,47.7,43.5,85.3,0.0,N@0.0,0.0,56.2,56.7,8.0,0.0,0,30.15,"Langley, Langley, Island County",300214,Langley,2017-12-08 23:33:56.744142
2017-10-04,19:00,47.0,47.0,44.1,89.7,0.0,N@0.0,0.0,56.0,56.7,8.0,0.0,0,30.15,"Langley, Langley, Island County",300214,Langley,2017-12-08 23:33:56.744142
2017-10-04,19:15,45.7,45.7,42.9,90.0,0.03,N@0.0,0.0,55.9,56.7,8.0,0.0,0,30.16,"Langley, Langley, Island County",300214,Langley,2017-12-08 23:33:56.744142
2017-10-04,19:30,44.9,44.9,42.5,91.2,0.1,N@0.0,0.0,55.7,56.7,8.0,0.0,0,30.16,"Langley, Langley, Island County",300214,Langley,2017-12-08 23:33:56.744142
2017-10-04,19:45,44.3,44.3,42.2,92.1,0.14,N@0.0,0.0,55.5,56.7,8.0,0.0,0,30.16,"Langley, Langley, Island County",300214,Langley,2017-12-08 23:33:56.744142
2017-10-04,20:00,43.5,43.5,41.8,93.8,0.16,N@0.0,0.0,55.4,56.7,8.0,0.0,0,30.16,"Langley, Langley, Island County",300214,Langley,2017-12-08 23:33:56.744142
2017-10-04,20:15,43.0,43.0,41.6,94.8,0.18,N@0.0,0.0,55.2,56.8,8.0,0.0,0,30.16,"Langley, Langley, Island County",300214,Langley,2017-12-08 23:33:56.744142
2017-10-04,20:30,42.4,42.4,41.1,95.1,0.19,N@0.0,0.0,55.0,56.7,8.0,0.0,0,30.16,"Langley, Langley, Island County",300214,Langley,2017-12-08 23:33:56.744142
2017-10-04,20:45,42.2,42.2,41.1,95.9,0.23,N@0.0,0.0,54.9,56.7,8.0,0.0,0,30.16,"Langley, Langley, Island County",300214,Langley,2017-12-08 23:33:56.744142
2017-10-04,21:00,41.7,41.7,41.0,97.0,0.28,N@0.0,0.0,54.7,56.7,8.0,0.0,0,30.16,"Langley, Langley, Island County",300214,Langley,2017-12-08 23:33:56.744142
2017-10-04,21:15,41.1,41.1,40.5,97.6,0.35,N@0.0,0.0,54.6,56.7,8.0,0.0,0,30.16,"Langley, Langley, Island County",300214,Langley,2017-12-08 23:33:56.744142
2017-10-04,21:30,40.8,40.8,40.4,98.7,0.44,N@0.0,0.0,54.4,56.7,8.0,0.0,0,30.16,"Langley, Langley, Island County",300214,Langley,2017-12-08 23:33:56.744142
2017-10-04,21:45,40.4,40.4,40.1,98.7,0.55,N@0.0,0.0,54.3,56.7,8.0,0.0,0,30.16,"Langley, Langley, Island County",300214,Langley,2017-12-08 23:33:56.744142
2017-10-04,22:00,40.0,40.0,39.8,99.3,0.66,N@0.0,0.0,54.2,56.7,8.0,0.0,0,30.16,"Langley, Langley, Island County",300214,Langley,2017-12-08 23:33:56.744142
2017-10-04,22:15,39.8,39.8,39.6,99.2,0.75,N@0.0,0.0,54.0,56.6,8.0,0.0,0,30.17,"Langley, Langley, Island County",300214,Langley,2017-12-08 23:33:56.744142
2017-10-04,22:30,39.4,39.4,39.3,99.2,0.81,N@0.0,0.0,53.9,56.6,8.0,0.0,0,30.17,"Langley, Langley, Island County",300214,Langley,2017-12-08 23:33:56.744142
2017-10-04,22:45,39.7,39.7,39.5,99.3,0.86,N@0.0,0.0,53.7,56.6,8.0,0.0,0,30.16,"Langley, Langley, Island County",300214,Langley,2017-12-08 23:33:56.744142
2017-10-04,23:00,39.2,39.2,39.0,99.3,0.88,N@0.0,0.0,53.6,56.6,8.0,0.0,0,30.17,"Langley, Langley, Island County",300214,Langley,2017-12-08 23:33:56.744142
2017-10-05,23:15,38.7,38.7,38.5,99.3,0.89,N@0.0,0.0,53.5,56.5,8.0,0.0,0,30.17,"Langley, Langley, Island County",300214,Langley,2017-12-08 23:33:56.744142
2017-10-05,23:30,38.6,38.6,38.4,99.3,0.91,N@0.0,0.0,53.4,56.5,8.0,0.0,0,30.17,"Langley, Langley, Island County",300214,Langley,2017-12-08 23:33:56.744142
2017-10-05,23:45,38.6,38.6,38.5,99.3,0.92,N@0.0,0.0,53.3,56.5,8.0,0.0,0,30.16,"Langley, Langley, Island County",300214,Langley,2017-12-08 23:33:56.744142
2017-10-05,24:00,38.3,38.3,38.1,99.3,0.92,N@0.0,0.0,53.1,56.4,8.0,0.0,0,30.17,"Langley, Langley, Island County",300214,Langley,2017-12-08 23:33:56.744142
2017-10-05,00:15,38.1,38.1,37.9,99.3,0.93,N@0.0,0.0,53.0,56.4,8.0,0.0,0,30.17,"Langley, Langley, Island County",300214,Langley,2017-12-08 23:33:56.744142
2017-10-05,00:30,38.3,38.3,38.1,99.3,0.93,N@0.0,0.0,52.9,56.3,8.0,0.0,0,30.18,"Langley, Langley, Island County",300214,Langley,2017-12-08 23:33:56.744142
2017-10-05,00:45,38.5,38.5,38.3,99.3,0.94,N@0.0,0.0,52.8,56.3,8.0,0.0,0,30.17,"Langley, Langley, Island County",300214,Langley,2017-12-08 23:33:56.744142
2017-10-05,01:00,38.3,38.3,38.1,99.3,0.94,N@0.0,0.0,52.7,56.3,8.0,0.0,0,30.18,"Langley, Langley, Island County",300214,Langley,2017-12-08 23:33:56.744142
2017-10-05,01:15,37.7,37.7,37.5,99.3,0.94,N@0.0,0.0,52.6,56.2,8.0,0.0,0,30.18,"Langley, Langley, Island County",300214,Langley,2017-12-08 23:33:56.744142
2017-10-05,01:30,37.6,37.6,37.4,99.3,0.94,N@0.0,0.0,52.5,56.2,8.0,0.0,0,30.18,"Langley, Langley, Island County",300214,Langley,2017-12-08 23:33:56.744142
2017-10-05,01:45,37.9,37.9,37.7,99.3,0.94,N@0.0,0.0,52.4,56.1,8.0,0.0,0,30.18,"Langley, Langley, Island County",300214,Langley,2017-12-08 23:33:56.744142
2017-10-05,02:00,37.9,37.9,37.8,99.3,0.94,N@0.0,0.0,52.3,56.1,8.0,0.0,0,30.18,"Langley, Langley, Island County",300214,Langley,2017-12-08 23:33:56.744142
2017-10-05,02:15,37.7,37.7,37.5,99.3,0.95,N@0.0,0.0,52.2,56.1,8.0,0.0,0,30.18,"Langley, Langley, Island County",300214,Langley,2017-12-08 23:33:56.744142
2017-10-05,02:30,37.6,37.6,37.4,99.3,0.95,N@0.0,0.0,52.1,56.0,8.0,0.0,0,30.18,"Langley, Langley, Island County",300214,Langley,2017-12-08 23:33:56.744142
2017-10-05,02:45,37.5,37.5,37.3,99.3,0.95,N@0.0,0.0,52.0,56.0,8.0,0.0,0,30.18,"Langley, Langley, Island County",300214,Langley,2017-12-08 23:33:56.744142
2017-10-05,03:00,37.9,37.9,37.7,99.3,0.95,N@0.0,0.0,52.0,55.9,8.0,0.0,0,30.18,"Langley, Langley, Island County",300214,Langley,2017-12-08 23:33:56.744142
2017-10-05,03:15,38.1,38.1,38.0,99.3,0.95,N@0.0,0.0,51.9,55.9,8.0,0.0,0,30.18,"Langley, Langley, Island County",300214,Langley,2017-12-08 23:33:56.744142
2017-10-05,03:30,38.7,38.7,38.6,99.3,0.95,N@0.0,0.0,51.8,55.8,8.0,0.0,0,30.18,"Langley, Langley, Island County",300214,Langley,2017-12-08 23:33:56.744142
2017-10-05,03:45,38.6,38.6,38.4,99.3,0.95,N@0.0,0.0,51.7,55.8,8.0,0.0,0,30.18,"Langley, Langley, Island County",300214,Langley,2017-12-08 23:33:56.744142
2017-10-05,04:00,38.5,38.5,38.3,99.3,0.95,N@0.0,0.0,51.6,55.7,8.0,0.0,0,30.18,"Langley, Langley, Island County",300214,Langley,2017-12-08 23:33:56.744142
2017-10-05,04:15,38.1,38.1,37.9,99.3,0.94,N@0.0,0.0,51.6,55.7,8.0,0.0,0,30.18,"Langley, Langley, Island County",300214,Langley,2017-12-08 23:33:56.744142
2017-10-05,04:30,37.6,37.6,37.4,99.3,0.94,N@0.0,0.0,51.5,55.7,8.0,0.0,0,30.18,"Langley, Langley, Island County",300214,Langley,2017-12-08 23:33:56.744142
2017-10-05,04:45,37.5,37.5,37.3,99.3,0.94,N@0.0,0.0,51.4,55.6,8.0,0.0,0,30.18,"Langley, Langley, Island County",300214,Langley,2017-12-08 23:33:56.744142
2017-10-05,05:00,37.6,37.6,37.4,99.3,0.94,N@0.0,0.0,51.3,55.6,8.0,0.0,0,30.18,"Langley, Langley, Island County",300214,Langley,2017-12-08 23:33:56.744142
2017-10-05,05:15,37.9,37.9,37.7,99.3,0.94,N@0.0,0.0,51.3,55.5,8.0,0.0,0,30.18,"Langley, Langley, Island County",300214,Langley,2017-12-08 23:33:56.744142
2017-10-05,05:30,39.8,37.7,39.6,99.3,0.94,N@0.0,0.0,51.2,55.5,8.0,0.0,0,30.18,"Langley, Langley, Island County",300214,Langley,2017-12-08 23:33:56.744142
2017-10-05,05:45,37.2,37.2,37.0,99.3,0.94,N@0.0,0.0,51.1,55.4,8.0,0.0,0,30.18,"Langley, Langley, Island County",300214,Langley,2017-12-08 23:33:56.744142
2017-10-05,06:00,37.0,37.0,36.8,99.3,0.94,N@0.0,0.0,51.1,55.4,8.0,0.0,1,30.18,"Langley, Langley, Island County",300214,Langley,2017-12-08 23:33:56.744142
2017-10-05,06:15,36.8,36.8,36.6,99.3,0.94,N@0.0,0.0,51.0,55.3,8.0,0.0,2,30.19,"Langley, Langley, Island County",300214,Langley,2017-12-08 23:33:56.744142
2017-10-05,06:30,36.7,36.7,36.6,99.3,0.94,N@0.0,0.0,50.9,55.3,8.0,0.0,7,30.19,"Langley, Langley, Island County",300214,Langley,2017-12-08 23:33:56.744142
2017-10-05,06:45,37.1,37.1,36.9,99.3,0.93,N@0.0,0.0,50.9,55.3,8.0,0.0,35,30.19,"Langley, Langley, Island County",300214,Langley,2017-12-08 23:33:56.744142
2017-10-05,07:00,38.9,38.9,38.7,99.3,0.93,N@0.0,0.0,50.8,55.2,8.0,0.0,93,30.2,"Langley, Langley, Island County",300214,Langley,2017-12-08 23:33:56.744142
2017-10-05,07:15,40.5,40.5,40.4,99.3,0.94,N@0.0,0.0,50.8,55.2,8.0,0.0,132,30.2,"Langley, Langley, Island County",300214,Langley,2017-12-08 23:33:56.744142
2017-10-05,07:30,42.2,42.2,42.0,99.3,0.94,NE@0.1,2.1,50.7,55.1,8.0,0.0,168,30.2,"Langley, Langley, Island County",300214,Langley,2017-12-08 23:33:56.744142
2017-10-05,07:45,44.2,44.2,44.0,99.3,0.93,NE@0.1,2.1,50.7,55.1,8.0,0.0,203,30.2,"Langley, Langley, Island County",300214,Langley,2017-12-08 23:33:56.744142
2017-10-05,08:00,46.3,46.3,46.1,99.3,0.93,NE@0.1,1.4,50.7,55.0,8.0,0.0,236,30.2,"Langley, Langley, Island County",300214,Langley,2017-12-08 23:33:56.744142
2017-10-05,08:15,48.1,48.1,47.9,99.3,0.93,NE@0.0,1.4,50.7,55.0,7.9,0.0,268,30.2,"Langley, Langley, Island County",300214,Langley,2017-12-08 23:33:56.744142
2017-10-05,08:30,50.7,50.7,50.5,99.3,0.92,E@1.1,3.9,50.7,54.9,7.9,0.0,284,30.2,"Langley, Langley, Island County",300214,Langley,2017-12-08 23:33:56.744142
2017-10-05,08:45,52.2,52.2,52.0,99.3,0.91,E@1.3,3.5,50.8,54.9,7.9,0.0,325,30.19,"Langley, Langley, Island County",300214,Langley,2017-12-08 23:33:56.744142
2017-10-05,09:00,53.7,53.7,53.6,99.3,0.9,NE@2.1,4.2,50.9,54.8,7.9,0.0,361,30.19,"Langley, Langley, Island County",300214,Langley,2017-12-08 23:33:56.744142
2017-10-05,09:15,55.4,55.4,55.2,99.3,0.84,N@2.1,4.2,51.0,54.8,7.9,0.0,392,30.19,"Langley, Langley, Island County",300214,Langley,2017-12-08 23:33:56.744142
2017-10-05,09:30,56.6,56.6,56.5,99.3,0.55,NE@2.4,4.9,51.1,54.7,7.9,0.0,423,30.19,"Langley, Langley, Island County",300214,Langley,2017-12-08 23:33:56.744142
2017-10-05,09:45,58.3,58.3,57.9,98.5,0.03,N@2.4,4.2,51.2,54.7,7.9,0.0,455,30.19,"Langley, Langley, Island County",300214,Langley,2017-12-08 23:33:56.744142
2017-10-05,10:00,58.3,58.3,53.8,84.9,0.0,E@3.0,5.7,51.3,54.7,7.9,0.0,483,30.18,"Langley, Langley, Island County",300214,Langley,2017-12-08 23:33:56.744142
2017-10-05,10:15,59.5,59.5,48.4,66.6,0.0,N@2.3,4.6,51.5,54.6,7.9,0.0,507,30.18,"Langley, Langley, Island County",300214,Langley,2017-12-08 23:33:56.744142
2017-10-05,10:30,63.1,60.8,50.5,63.4,0.0,NE@2.2,5.7,51.6,54.6,7.9,0.0,529,30.17,"Langley, Langley, Island County",300214,Langley,2017-12-08 23:33:56.744142
2017-10-05,10:45,63.6,61.7,49.2,59.5,0.0,SE@2.5,5.3,51.8,54.6,7.9,0.0,548,30.17,"Langley, Langley, Island County",300214,Langley,2017-12-08 23:33:56.744142
2017-10-05,11:00,62.5,62.5,48.2,59.4,0.0,NE@1.3,5.3,52.0,54.5,7.9,0.0,564,30.17,"Langley, Langley, Island County",300214,Langley,2017-12-08 23:33:56.744142
2017-10-05,11:15,63.2,63.2,47.6,56.7,0.0,E@2.1,5.7,52.2,54.5,7.9,0.0,575,30.17,"Langley, Langley, Island County",300214,Langley,2017-12-08 23:33:56.744142
2017-10-05,11:30,64.5,64.5,48.0,55.1,0.0,E@2.9,5.7,52.4,54.5,7.9,0.0,584,30.16,"Langley, Langley, Island County",300214,Langley,2017-12-08 23:33:56.744142
2017-10-05,11:45,65.0,65.0,47.4,52.9,0.0,E@3.1,6.7,52.6,54.5,7.9,0.0,589,30.16,"Langley, Langley, Island County",300214,Langley,2017-12-08 23:33:56.744142
2017-10-05,12:00,65.0,65.0,46.7,51.4,0.0,SE@2.6,6.7,52.9,54.5,7.9,0.0,592,30.16,"Langley, Langley, Island County",300214,Langley,2017-12-08 23:33:56.744142
2017-10-05,12:15,65.6,65.6,45.7,48.5,0.0,N@2.9,5.7,53.2,54.5,7.9,0.0,591,30.15,"Langley, Langley, Island County",300214,Langley,2017-12-08 23:33:56.744142
2017-10-05,12:30,65.4,65.4,44.5,46.8,0.0,W@3.0,6.4,53.5,54.5,7.9,0.0,588,30.15,"Langley, Langley, Island County",300214,Langley,2017-12-08 23:33:56.744142
2017-10-05,12:45,66.0,66.0,43.1,43.4,0.0,SW@3.0,4.9,53.9,54.6,7.9,0.0,582,30.15,"Langley, Langley, Island County",300214,Langley,2017-12-08 23:33:56.744142
2017-10-05,13:00,66.5,66.5,44.3,44.6,0.0,SW@1.7,4.9,54.2,54.6,7.9,0.0,571,30.14,"Langley, Langley, Island County",300214,Langley,2017-12-08 23:33:56.744142
2017-10-05,13:15,66.5,66.5,43.9,43.9,0.0,SE@2.5,7.1,54.5,54.6,7.9,0.0,558,30.14,"Langley, Langley, Island County",300214,Langley,2017-12-08 23:33:56.744142
2017-10-05,13:30,67.2,67.2,42.4,40.4,0.0,NE@3.0,9.2,54.8,54.6,7.9,0.0,541,30.14,"Langley, Langley, Island County",300214,Langley,2017-12-08 23:33:56.744142
2017-10-05,13:45,66.5,66.5,40.2,38.1,0.0,NE@3.8,7.8,55.1,54.7,7.9,0.0,522,30.14,"Langley, Langley, Island County",300214,Langley,2017-12-08 23:33:56.744142
2017-10-05,14:00,67.0,67.0,40.2,37.4,0.0,NE@2.7,6.4,55.3,54.7,7.9,0.0,500,30.14,"Langley, Langley, Island County",300214,Langley,2017-12-08 23:33:56.744142
2017-10-05,14:15,67.1,67.1,42.4,40.7,0.0,NE@3.3,7.1,55.5,54.8,7.9,0.0,475,30.14,"Langley, Langley, Island County",300214,Langley,2017-12-08 23:33:56.744142
2017-10-05,14:30,66.8,66.8,42.6,41.3,0.0,NE@3.3,7.1,55.7,54.8,7.9,0.0,448,30.13,"Langley, Langley, Island County",300214,Langley,2017-12-08 23:33:56.744142
2017-10-05,14:45,66.7,66.7,42.7,41.7,0.0,N@2.7,6.4,55.9,54.8,7.9,0.0,417,30.13,"Langley, Langley, Island County",300214,Langley,2017-12-08 23:33:56.744142
2017-10-05,15:00,67.3,67.3,43.1,41.4,0.0,N@2.0,4.6,56.1,54.9,7.9,0.0,384,30.13,"Langley, Langley, Island County",300214,Langley,2017-12-08 23:33:56.744142
2017-10-05,15:15,67.1,67.1,43.1,41.8,0.0,N@2.5,4.9,56.2,54.9,7.9,0.0,350,30.12,"Langley, Langley, Island County",300214,Langley,2017-12-08 23:33:56.744142
2017-10-05,15:30,66.4,66.4,42.5,41.8,0.0,N@2.5,5.7,56.3,55.0,7.9,0.0,314,30.12,"Langley, Langley, Island County",300214,Langley,2017-12-08 23:33:56.744142
2017-10-05,15:45,67.2,67.2,43.5,42.2,0.0,N@0.8,3.1,56.4,55.1,7.9,0.0,277,30.12,"Langley, Langley, Island County",300214,Langley,2017-12-08 23:33:56.744142
2017-10-05,16:00,65.8,65.8,43.2,43.8,0.0,N@1.5,4.6,56.5,55.1,7.9,0.0,106,30.12,"Langley, Langley, Island County",300214,Langley,2017-12-08 23:33:56.744142
2017-10-05,16:15,63.8,63.8,41.5,43.9,0.0,NE@1.8,6.0,56.5,55.2,7.9,0.0,28,30.11,"Langley, Langley, Island County",300214,Langley,2017-12-08 23:33:56.744142
2017-10-05,16:30,62.1,62.1,41.0,45.7,0.0,NE@0.2,3.5,56.5,55.3,7.9,0.0,26,30.11,"Langley, Langley, Island County",300214,Langley,2017-12-08 23:33:56.744142
2017-10-05,16:45,60.3,60.3,40.4,47.6,0.0,N@0.0,0.0,56.4,55.3,7.9,0.0,21,30.11,"Langley, Langley, Island County",300214,Langley,2017-12-08 23:33:56.744142
2017-10-05,17:00,57.6,57.6,39.2,50.1,0.0,W@0.2,2.4,56.4,55.4,7.9,0.0,19,30.11,"Langley, Langley, Island County",300214,Langley,2017-12-08 23:33:56.744142
2017-10-05,17:15,56.4,56.4,39.5,53.0,0.0,W@0.2,2.1,56.3,55.5,7.9,0.0,15,30.11,"Langley, Langley, Island County",300214,Langley,2017-12-08 23:33:56.744142
2017-10-05,17:30,55.3,55.3,40.5,57.4,0.0,W@0.0,1.4,56.2,55.5,7.9,0.0,10,30.11,"Langley, Langley, Island County",300214,Langley,2017-12-08 23:33:56.744142
2017-10-05,17:45,54.0,54.0,42.7,65.4,0.0,N@0.0,0.0,56.0,55.6,7.9,0.0,5,30.12,"Langley, Langley, Island County",300214,Langley,2017-12-08 23:33:56.744142
2017-10-05,18:00,52.7,52.7,45.5,76.3,0.0,N@0.0,0.0,55.9,55.6,7.9,0.0,2,30.12,"Langley, Langley, Island County",300214,Langley,2017-12-08 23:33:56.744142
2017-10-05,18:15,51.5,51.5,45.7,80.6,0.0,N@0.0,0.0,55.8,55.7,7.9,0.0,0,30.12,"Langley, Langley, Island County",300214,Langley,2017-12-08 23:33:56.744142
2017-10-05,18:30,50.4,50.4,45.1,81.8,0.0,N@0.0,0.0,55.7,55.7,7.9,0.0,0,30.13,"Langley, Langley, Island County",300214,Langley,2017-12-08 23:33:56.744142
2017-10-05,18:45,48.9,48.9,45.2,87.2,0.0,NE@0.0,1.4,55.5,55.8,7.9,0.0,0,30.14,"Langley, Langley, Island County",300214,Langley,2017-12-08 23:33:56.744142
2017-10-05,19:00,48.6,48.6,46.1,90.8,0.03,N@0.0,0.0,55.3,55.8,7.9,0.0,0,30.14,"Langley, Langley, Island County",300214,Langley,2017-12-08 23:33:56.744142
2017-10-05,19:15,47.5,47.5,45.3,92.1,0.11,N@0.0,0.0,55.2,55.8,7.9,0.0,0,30.14,"Langley, Langley, Island County",300214,Langley,2017-12-08 23:33:56.744142
2017-10-05,19:30,47.0,47.0,44.7,91.4,0.16,W@0.2,2.1,55.1,55.9,7.9,0.0,0,30.14,"Langley, Langley, Island County",300214,Langley,2017-12-08 23:33:56.744142
2017-10-05,19:45,46.4,46.4,44.6,93.3,0.18,N@0.0,0.0,54.9,55.9,7.9,0.0,0,30.14,"Langley, Langley, Island County",300214,Langley,2017-12-08 23:33:56.744142
2017-10-05,20:00,45.5,45.5,43.7,93.5,0.2,NW@0.0,1.4,54.8,55.9,7.9,0.0,0,30.14,"Langley, Langley, Island County",300214,Langley,2017-12-08 23:33:56.744142
2017-10-05,20:15,44.8,44.8,43.2,94.2,0.22,N@0.0,0.0,54.6,55.9,7.9,0.0,0,30.14,"Langley, Langley, Island County",300214,Langley,2017-12-08 23:33:56.744142
2017-10-05,20:30,44.4,44.4,43.2,95.6,0.26,N@0.0,0.0,54.5,55.9,7.9,0.0,0,30.14,"Langley, Langley, Island County",300214,Langley,2017-12-08 23:33:56.744142
2017-10-05,20:45,43.9,43.9,43.0,96.6,0.32,N@0.0,0.0,54.3,55.9,7.9,0.0,0,30.14,"Langley, Langley, Island County",300214,Langley,2017-12-08 23:33:56.744142
2017-10-05,21:00,43.6,43.6,42.9,97.0,0.42,N@0.0,0.0,54.2,55.9,7.9,0.0,0,30.14,"Langley, Langley, Island County",300214,Langley,2017-12-08 23:33:56.744142
2017-10-05,21:15,43.3,43.3,42.6,97.5,0.57,N@0.1,1.7,54.1,55.9,7.9,0.0,0,30.14,"Langley, Langley, Island County",300214,Langley,2017-12-08 23:33:56.744142
2017-10-05,21:30,43.0,43.0,42.3,97.6,0.68,W@0.0,1.4,53.9,55.9,7.9,0.0,0,30.13,"Langley, Langley, Island County",300214,Langley,2017-12-08 23:33:56.744142
2017-10-05,21:45,42.6,42.6,42.2,98.3,0.77,N@0.0,0.0,53.8,55.9,7.9,0.0,0,30.13,"Langley, Langley, Island County",300214,Langley,2017-12-08 23:33:56.744142
2017-10-05,22:00,42.3,42.3,41.9,98.4,0.83,N@0.0,0.0,53.6,55.9,7.9,0.0,0,30.13,"Langley, Langley, Island County",300214,Langley,2017-12-08 23:33:56.744142
2017-10-05,22:15,41.8,41.8,41.4,98.2,0.87,N@0.0,0.0,53.5,55.8,7.9,0.0,0,30.12,"Langley, Langley, Island County",300214,Langley,2017-12-08 23:33:56.744142
2017-10-05,22:30,41.9,41.9,41.6,98.8,0.89,N@0.0,0.0,53.4,55.8,7.9,0.0,0,30.12,"Langley, Langley, Island County",300214,Langley,2017-12-08 23:33:56.744142
2017-10-05,22:45,41.8,41.8,41.6,99.3,0.91,N@0.0,0.0,53.3,55.8,7.9,0.0,0,30.12,"Langley, Langley, Island County",300214,Langley,2017-12-08 23:33:56.744142
2017-10-05,23:00,41.7,41.7,41.4,98.9,0.92,N@0.0,0.0,53.2,55.8,7.9,0.0,0,30.13,"Langley, Langley, Island County",300214,Langley,2017-12-08 23:33:56.744142
2017-10-06,23:15,41.4,41.4,41.2,99.2,0.93,N@0.0,0.0,53.0,55.7,7.9,0.0,0,30.13,"Langley, Langley, Island County",300214,Langley,2017-12-08 23:33:56.744142
2017-10-06,23:30,41.2,41.2,41.0,99.1,0.93,N@0.0,0.0,52.9,55.7,7.9,0.0,0,30.13,"Langley, Langley, Island County",300214,Langley,2017-12-08 23:33:56.744142
2017-10-06,23:45,40.6,40.6,40.4,99.3,0.93,N@0.0,0.0,52.8,55.7,7.9,0.0,0,30.14,"Langley, Langley, Island County",300214,Langley,2017-12-08 23:33:56.744142
2017-10-06,24:00,40.6,40.6,40.4,99.3,0.94,N@0.0,0.0,52.7,55.7,7.9,0.0,0,30.14,"Langley, Langley, Island County",300214,Langley,2017-12-08 23:33:56.744142
2017-10-06,00:15,40.4,40.4,40.2,99.3,0.94,N@0.0,0.0,52.6,55.6,7.9,0.0,0,30.13,"Langley, Langley, Island County",300214,Langley,2017-12-08 23:33:56.744142
2017-10-06,00:30,40.5,40.5,40.3,99.3,0.94,NW@0.0,1.4,52.5,55.6,7.9,0.0,0,30.14,"Langley, Langley, Island County",300214,Langley,2017-12-08 23:33:56.744142
2017-10-06,00:45,40.2,40.2,40.0,99.3,0.94,N@0.0,0.0,52.4,55.6,7.9,0.0,0,30.14,"Langley, Langley, Island County",300214,Langley,2017-12-08 23:33:56.744142
2017-10-06,01:00,39.8,39.8,39.7,99.3,0.94,N@0.0,0.0,52.3,55.5,7.9,0.0,0,30.14,"Langley, Langley, Island County",300214,Langley,2017-12-08 23:33:56.744142
2017-10-06,01:15,39.9,39.9,39.7,99.3,0.95,N@0.0,0.0,52.2,55.5,7.9,0.0,0,30.13,"Langley, Langley, Island County",300214,Langley,2017-12-08 23:33:56.744142
2017-10-06,01:30,39.4,39.4,39.2,99.3,0.95,N@0.0,0.0,52.1,55.5,7.9,0.0,0,30.12,"Langley, Langley, Island County",300214,Langley,2017-12-08 23:33:56.744142
2017-10-06,01:45,40.0,40.0,39.8,99.3,0.95,NW@0.0,1.4,52.0,55.4,7.9,0.0,0,30.12,"Langley, Langley, Island County",300214,Langley,2017-12-08 23:33:56.744142
2017-10-06,02:00,40.3,40.3,40.2,99.3,0.95,N@0.0,0.0,51.9,55.4,7.9,0.0,0,30.11,"Langley, Langley, Island County",300214,Langley,2017-12-08 23:33:56.744142
2017-10-06,02:15,40.9,40.9,40.7,99.3,0.95,W@0.1,1.7,51.9,55.4,7.9,0.0,0,30.12,"Langley, Langley, Island County",300214,Langley,2017-12-08 23:33:56.744142
2017-10-06,02:30,41.0,41.0,40.9,99.3,0.95,N@0.0,0.0,51.8,55.3,7.9,0.0,0,30.12,"Langley, Langley, Island County",300214,Langley,2017-12-08 23:33:56.744142
2017-10-06,02:45,41.1,41.1,40.9,99.3,0.99,NW@0.4,2.4,51.7,55.3,7.9,0.0,0,30.12,"Langley, Langley, Island County",300214,Langley,2017-12-08 23:33:56.744142
2017-10-06,03:00,39.8,39.8,39.6,99.3,0.96,N@0.0,0.0,51.6,55.3,7.9,0.0,0,30.11,"Langley, Langley, Island County",300214,Langley,2017-12-08 23:33:56.744142
2017-10-06,03:15,39.4,39.4,39.2,99.3,0.95,N@0.0,0.0,51.5,55.2,7.9,0.0,0,30.11,"Langley, Langley, Island County",300214,Langley,2017-12-08 23:33:56.744142
2017-10-06,03:30,40.2,40.2,40.1,99.3,0.96,W@0.2,1.7,51.5,55.2,7.9,0.0,0,30.1,"Langley, Langley, Island County",300214,Langley,2017-12-08 23:33:56.744142
2017-10-06,03:45,39.9,39.9,39.7,99.3,0.95,N@0.0,0.0,51.4,55.1,7.9,0.0,0,30.1,"Langley, Langley, Island County",300214,Langley,2017-12-08 23:33:56.744142
2017-10-06,04:00,39.6,39.6,39.4,99.3,0.94,N@0.0,0.0,51.3,55.1,7.9,0.0,0,30.1,"Langley, Langley, Island County",300214,Langley,2017-12-08 23:33:56.744142
2017-10-06,04:15,39.1,39.1,39.0,99.3,0.94,N@0.0,0.0,51.3,55.1,7.9,0.0,0,30.1,"Langley, Langley, Island County",300214,Langley,2017-12-08 23:33:56.744142
2017-10-06,04:30,39.0,39.0,38.8,99.3,0.94,N@0.0,0.0,51.2,55.0,7.9,0.0,0,30.1,"Langley, Langley, Island County",300214,Langley,2017-12-08 23:33:56.744142
2017-10-06,04:45,38.8,38.8,38.6,99.3,0.94,N@0.0,0.0,51.1,55.0,7.9,0.0,0,30.1,"Langley, Langley, Island County",300214,Langley,2017-12-08 23:33:56.744142
2017-10-06,05:00,38.6,38.6,38.4,99.3,0.94,N@0.0,0.0,51.1,55.0,7.9,0.0,0,30.08,"Langley, Langley, Island County",300214,Langley,2017-12-08 23:33:56.744142
2017-10-06,05:15,39.0,39.0,38.8,99.3,0.94,W@0.0,1.4,51.0,54.9,7.9,0.0,0,30.09,"Langley, Langley, Island County",300214,Langley,2017-12-08 23:33:56.744142
2017-10-06,05:30,39.6,39.6,39.4,99.3,0.94,N@0.0,0.0,51.0,54.9,7.9,0.0,0,30.1,"Langley, Langley, Island County",300214,Langley,2017-12-08 23:33:56.744142
2017-10-06,05:45,39.3,39.3,39.1,99.3,0.94,N@0.0,0.0,50.9,54.8,7.9,0.0,0,30.1,"Langley, Langley, Island County",300214,Langley,2017-12-08 23:33:56.744142
2017-10-06,06:00,39.6,39.6,39.5,99.3,0.94,N@0.0,0.0,50.8,54.8,7.9,0.0,1,30.1,"Langley, Langley, Island County",300214,Langley,2017-12-08 23:33:56.744142
2017-10-06,06:15,39.1,39.1,39.0,99.3,0.93,N@0.4,2.1,50.8,54.8,7.9,0.0,4,30.1,"Langley, Langley, Island County",300214,Langley,2017-12-08 23:33:56.744142
2017-10-06,06:30,39.8,39.8,39.6,99.3,0.93,SW@0.3,2.4,50.7,54.7,7.9,0.0,6,30.09,"Langley, Langley, Island County",300214,Langley,2017-12-08 23:33:56.744142
2017-10-06,06:45,39.2,39.2,39.0,99.3,0.93,SW@0.0,1.4,50.7,54.7,7.9,0.0,17,30.09,"Langley, Langley, Island County",300214,Langley,2017-12-08 23:33:56.744142
2017-10-06,07:00,39.8,39.8,39.6,99.3,0.93,NW@0.2,1.7,50.6,54.6,7.9,0.0,23,30.09,"Langley, Langley, Island County",300214,Langley,2017-12-08 23:33:56.744142
2017-10-06,07:15,41.7,41.7,41.5,99.3,0.94,W@0.0,1.4,50.6,54.6,7.9,0.0,64,30.1,"Langley, Langley, Island County",300214,Langley,2017-12-08 23:33:56.744142
2017-10-06,07:30,43.7,43.7,43.5,99.3,0.94,E@0.0,1.4,50.6,54.6,7.9,0.0,184,30.1,"Langley, Langley, Island County",300214,Langley,2017-12-08 23:33:56.744142
2017-10-06,07:45,44.8,44.8,44.7,99.3,0.93,N@0.0,0.0,50.6,54.5,7.9,0.0,170,30.1,"Langley, Langley, Island County",300214,Langley,2017-12-08 23:33:56.744142
2017-10-06,08:00,47.0,47.0,46.8,99.3,0.93,E@0.6,2.8,50.6,54.5,7.9,0.0,220,30.09,"Langley, Langley, Island County",300214,Langley,2017-12-08 23:33:56.744142
2017-10-06,08:15,48.2,48.2,48.0,99.3,0.91,N@0.3,1.7,50.6,54.4,7.9,0.0,134,30.08,"Langley, Langley, Island County",300214,Langley,2017-12-08 23:33:56.744142
2017-10-06,08:30,48.6,48.6,48.5,99.3,0.9,NE@0.4,2.4,50.7,54.4,7.9,0.0,158,30.08,"Langley, Langley, Island County",300214,Langley,2017-12-08 23:33:56.744142
2017-10-06,08:45,49.7,49.7,49.5,99.2,0.91,NE@1.3,3.5,50.8,54.4,7.9,0.0,174,30.09,"Langley, Langley, Island County",300214,Langley,2017-12-08 23:33:56.744142
2017-10-06,09:00,51.0,51.0,49.6,94.8,0.91,E@2.7,6.7,50.9,54.3,7.9,0.0,225,30.08,"Langley, Langley, Island County",300214,Langley,2017-12-08 23:33:56.744142
2017-10-06,09:15,52.2,52.2,49.4,90.2,0.87,SE@4.0,10.3,51.1,54.3,7.9,0.0,363,30.08,"Langley, Langley, Island County",300214,Langley,2017-12-08 23:33:56.744142
2017-10-06,09:30,53.1,53.1,47.2,80.3,0.67,SE@4.0,8.5,51.2,54.2,7.9,0.0,289,30.07,"Langley, Langley, Island County",300214,Langley,2017-12-08 23:33:56.744142
2017-10-06,09:45,53.2,53.2,45.3,74.5,0.15,SE@3.5,6.7,51.4,54.2,7.9,0.0,280,30.07,"Langley, Langley, Island County",300214,Langley,2017-12-08 23:33:56.744142
2017-10-06,10:00,52.8,52.8,39.7,61.0,0.0,SE@5.2,10.7,51.5,54.2,7.9,0.0,343,30.07,"Langley, Langley, Island County",300214,Langley,2017-12-08 23:33:56.744142
2017-10-06,10:15,52.0,52.0,36.1,54.5,0.0,SE@5.7,9.2,51.7,54.2,7.9,0.0,337,30.06,"Langley, Langley, Island County",300214,Langley,2017-12-08 23:33:56.744142
2017-10-06,10:30,51.7,51.7,35.5,53.8,0.0,SE@6.0,12.1,51.9,54.2,7.9,0.0,402,30.06,"Langley, Langley, Island County",300214,Langley,2017-12-08 23:33:56.744142
2017-10-06,10:45,51.9,51.9,34.7,51.5,0.0,SE@5.2,10.3,52.1,54.2,7.9,0.0,351,30.05,"Langley, Langley, Island County",300214,Langley,2017-12-08 23:33:56.744142
2017-10-06,11:00,52.9,52.9,35.5,51.4,0.0,SE@4.8,9.2,52.3,54.2,7.9,0.0,330,30.04,"Langley, Langley, Island County",300214,Langley,2017-12-08 23:33:56.744142
2017-10-06,11:15,53.6,53.6,36.6,52.5,0.0,SE@4.7,11.4,52.5,54.2,7.9,0.0,353,30.04,"Langley, Langley, Island County",300214,Langley,2017-12-08 23:33:56.744142
2017-10-06,11:30,55.4,55.4,38.0,51.8,0.0,SE@4.3,11.7,52.7,54.2,7.9,0.0,538,30.03,"Langley, Langley, Island County",300214,Langley,2017-12-08 23:33:56.744142
2017-10-06,11:45,56.7,56.7,38.3,50.0,0.0,SE@5.4,10.3,52.9,54.2,7.9,0.0,642,30.02,"Langley, Langley, Island County",300214,Langley,2017-12-08 23:33:56.744142
2017-10-06,12:00,57.5,57.5,38.3,48.6,0.0,SE@5.6,10.3,53.1,54.2,7.9,0.0,568,30.01,"Langley, Langley, Island County",300214,Langley,2017-12-08 23:33:56.744142
2017-10-06,12:15,58.2,58.2,39.2,49.0,0.0,SE@4.3,9.2,53.4,54.2,7.9,0.0,561,30.01,"Langley, Langley, Island County",300214,Langley,2017-12-08 23:33:56.744142
2017-10-06,12:30,58.5,58.5,38.1,46.5,0.0,SE@4.2,9.6,53.6,54.2,7.9,0.0,436,30.0,"Langley, Langley, Island County",300214,Langley,2017-12-08 23:33:56.744142
2017-10-06,12:45,58.2,58.2,36.9,44.8,0.0,S@3.6,8.5,53.9,54.2,7.9,0.0,286,30.0,"Langley, Langley, Island County",300214,Langley,2017-12-08 23:33:56.744142
2017-10-06,13:00,57.9,57.9,38.4,48.1,0.0,SE@3.3,8.5,54.1,54.2,7.9,0.0,246,29.99,"Langley, Langley, Island County",300214,Langley,2017-12-08 23:33:56.744142
2017-10-06,13:15,58.9,58.9,40.3,49.9,0.0,S@4.4,9.6,54.3,54.3,7.9,0.0,410,29.98,"Langley, Langley, Island County",300214,Langley,2017-12-08 23:33:56.744142
2017-10-06,13:30,60.0,60.0,42.2,51.8,0.0,SE@4.2,7.8,54.4,54.3,7.9,0.0,341,29.98,"Langley, Langley, Island County",300214,Langley,2017-12-08 23:33:56.744142
2017-10-06,13:45,60.2,60.2,43.2,53.3,0.0,SE@4.1,10.3,54.6,54.4,7.9,0.0,339,29.97,"Langley, Langley, Island County",300214,Langley,2017-12-08 23:33:56.744142
2017-10-06,14:00,60.7,60.7,44.8,55.7,0.0,SE@3.7,9.6,54.7,54.4,7.9,0.0,306,29.96,"Langley, Langley, Island County",300214,Langley,2017-12-08 23:33:56.744142
2017-10-06,14:15,61.3,61.3,46.8,58.8,0.0,SE@3.7,9.6,54.9,54.4,7.9,0.0,312,29.96,"Langley, Langley, Island County",300214,Langley,2017-12-08 23:33:56.744142
2017-10-06,14:30,61.9,61.9,48.1,60.5,0.0,SE@3.4,7.1,55.0,54.5,7.9,0.0,296,29.96,"Langley, Langley, Island County",300214,Langley,2017-12-08 23:33:56.744142
2017-10-06,14:45,62.1,62.1,48.9,61.8,0.0,SE@3.7,9.6,55.1,54.5,7.9,0.0,299,29.95,"Langley, Langley, Island County",300214,Langley,2017-12-08 23:33:56.744142
2017-10-06,15:00,62.6,62.6,50.1,63.6,0.0,SE@3.2,7.8,55.3,54.6,7.9,0.0,208,29.94,"Langley, Langley, Island County",300214,Langley,2017-12-08 23:33:56.744142
2017-10-06,15:15,62.3,62.3,50.8,66.0,0.0,SE@2.6,5.3,55.4,54.6,7.9,0.0,110,29.94,"Langley, Langley, Island County",300214,Langley,2017-12-08 23:33:56.744142
2017-10-06,15:30,62.0,62.0,50.4,65.7,0.0,E@0.9,3.5,55.6,54.7,7.9,0.0,75,29.93,"Langley, Langley, Island County",300214,Langley,2017-12-08 23:33:56.744142
2017-10-06,15:45,61.9,61.9,49.5,63.8,0.0,N@0.4,3.1,55.7,54.7,7.9,0.0,66,29.93,"Langley, Langley, Island County",300214,Langley,2017-12-08 23:33:56.744142
2017-10-06,16:00,61.4,61.4,48.1,61.5,0.0,S@1.6,6.0,55.7,54.7,7.9,0.0,48,29.92,"Langley, Langley, Island County",300214,Langley,2017-12-08 23:33:56.744142
2017-10-06,16:15,60.3,60.3,46.8,60.9,0.0,SW@1.0,2.8,55.8,54.8,7.9,0.0,28,29.91,"Langley, Langley, Island County",300214,Langley,2017-12-08 23:33:56.744142
2017-10-06,16:30,59.6,59.6,46.3,61.2,0.0,SW@0.6,2.8,55.8,54.9,7.9,0.0,26,29.9,"Langley, Langley, Island County",300214,Langley,2017-12-08 23:33:56.744142
2017-10-06,16:45,58.4,58.4,44.9,60.6,0.0,SW@0.1,1.7,55.8,54.9,7.9,0.0,23,29.9,"Langley, Langley, Island County",300214,Langley,2017-12-08 23:33:56.744142
2017-10-06,17:00,58.8,58.8,45.3,60.7,0.0,W@1.1,5.7,55.8,55.0,7.9,0.0,23,29.89,"Langley, Langley, Island County",300214,Langley,2017-12-08 23:33:56.744142
2017-10-06,17:15,59.3,59.3,45.4,59.9,0.0,SE@2.1,7.1,55.8,55.0,7.9,0.0,8,29.89,"Langley, Langley, Island County",300214,Langley,2017-12-08 23:33:56.744142
2017-10-06,17:30,58.9,58.9,44.5,58.9,0.05,SE@3.1,9.6,55.8,55.1,7.9,0.0,2,29.88,"Langley, Langley, Island County",300214,Langley,2017-12-08 23:33:56.744142
2017-10-06,17:45,58.3,58.3,44.5,59.8,0.0,NW@2.9,6.0,55.8,55.1,7.9,0.0,2,29.88,"Langley, Langley, Island County",300214,Langley,2017-12-08 23:33:56.744142
2017-10-06,18:00,58.1,58.1,45.8,63.6,0.0,S@3.0,8.2,55.8,55.2,7.9,0.0,1,29.88,"Langley, Langley, Island County",300214,Langley,2017-12-08 23:33:56.744142
2017-10-06,18:15,57.7,57.7,46.1,65.2,0.0,E@3.6,8.5,55.7,55.2,7.9,0.0,0,29.87,"Langley, Langley, Island County",300214,Langley,2017-12-08 23:33:56.744142
2017-10-06,18:30,57.5,57.5,46.8,67.5,0.02,SE@2.5,6.4,55.7,55.2,7.9,0.0,0,29.88,"Langley, Langley, Island County",300214,Langley,2017-12-08 23:33:56.744142
2017-10-06,18:45,56.9,56.9,47.3,70.2,0.59,E@2.4,6.0,55.6,55.3,7.9,0.0,0,29.88,"Langley, Langley, Island County",300214,Langley,2017-12-08 23:33:56.744142
2017-10-06,19:00,56.1,56.1,47.7,73.1,0.86,SE@2.0,5.3,55.6,55.3,7.9,0.0,0,29.88,"Langley, Langley, Island County",300214,Langley,2017-12-08 23:33:56.744142
2017-10-06,19:15,56.2,56.2,48.8,76.0,0.9,NE@2.5,5.3,55.6,55.3,7.9,0.0,0,29.89,"Langley, Langley, Island County",300214,Langley,2017-12-08 23:33:56.744142
2017-10-06,19:30,55.4,55.4,49.7,80.8,0.93,N@1.7,6.7,55.5,55.4,7.9,0.0,0,29.89,"Langley, Langley, Island County",300214,Langley,2017-12-08 23:33:56.744142
2017-10-06,19:45,54.7,54.7,49.8,83.7,0.91,SE@1.7,4.9,55.5,55.4,7.9,0.0,0,29.88,"Langley, Langley, Island County",300214,Langley,2017-12-08 23:33:56.744142
2017-10-06,20:00,54.6,54.6,49.4,82.6,0.88,E@2.0,5.3,55.5,55.4,7.9,0.0,0,29.87,"Langley, Langley, Island County",300214,Langley,2017-12-08 23:33:56.744142
2017-10-06,20:15,54.4,54.4,49.1,82.0,0.85,SE@1.3,5.3,55.5,55.5,7.9,0.01,0,29.87,"Langley, Langley, Island County",300214,Langley,2017-12-08 23:33:56.744142
2017-10-06,20:30,54.1,54.1,48.4,81.1,0.85,E@1.5,6.0,55.5,55.5,7.9,0.0,0,29.87,"Langley, Langley, Island County",300214,Langley,2017-12-08 23:33:56.744142
2017-10-06,20:45,54.2,54.2,48.1,79.9,0.85,E@0.9,4.9,55.4,55.5,7.9,0.0,0,29.87,"Langley, Langley, Island County",300214,Langley,2017-12-08 23:33:56.744142
2017-10-06,21:00,54.3,54.3,47.8,78.5,0.83,N@1.1,3.9,55.4,55.5,7.9,0.0,0,29.88,"Langley, Langley, Island County",300214,Langley,2017-12-08 23:33:56.744142
2017-10-06,21:15,54.6,54.6,47.8,77.8,0.81,N@1.1,3.9,55.3,55.6,7.9,0.0,0,29.89,"Langley, Langley, Island County",300214,Langley,2017-12-08 23:33:56.744142
2017-10-06,21:30,53.9,53.9,47.0,77.4,0.79,NW@3.6,10.3,55.3,55.6,7.9,0.0,0,29.9,"Langley, Langley, Island County",300214,Langley,2017-12-08 23:33:56.744142
2017-10-06,21:45,52.9,52.9,46.7,79.4,0.68,W@1.6,4.9,55.3,55.6,7.9,0.0,0,29.9,"Langley, Langley, Island County",300214,Langley,2017-12-08 23:33:56.744142
2017-10-06,22:00,52.4,52.4,47.7,83.7,0.83,W@2.3,6.7,55.3,55.6,7.9,0.0,0,29.9,"Langley, Langley, Island County",300214,Langley,2017-12-08 23:33:56.744142
2017-10-06,22:15,51.7,51.7,47.8,86.4,0.89,S@2.3,6.4,55.2,55.6,7.9,0.0,0,29.9,"Langley, Langley, Island County",300214,Langley,2017-12-08 23:33:56.744142
2017-10-06,22:30,50.8,50.8,47.5,88.1,0.9,S@1.5,4.2,55.2,55.6,7.9,0.0,0,29.9,"Langley, Langley, Island County",300214,Langley,2017-12-08 23:33:56.744142
2017-10-06,22:45,50.2,50.2,47.8,91.3,0.9,S@1.3,3.5,55.2,55.7,7.9,0.0,0,29.9,"Langley, Langley, Island County",300214,Langley,2017-12-08 23:33:56.744142
2017-10-06,23:00,50.0,50.0,47.8,91.9,0.89,S@1.4,3.5,55.1,55.7,7.9,0.0,0,29.91,"Langley, Langley, Island County",300214,Langley,2017-12-08 23:33:56.744142
2017-10-07,23:15,49.8,49.8,47.9,93.1,0.87,N@0.0,0.0,55.1,55.7,7.9,0.0,0,29.91,"Langley, Langley, Island County",300214,Langley,2017-12-08 23:33:56.744142
2017-10-07,23:30,49.7,49.7,48.1,93.9,0.86,N@0.0,0.0,55.0,55.7,7.9,0.0,0,29.91,"Langley, Langley, Island County",300214,Langley,2017-12-08 23:33:56.744142
2017-10-07,23:45,49.8,49.8,48.6,95.6,0.85,N@0.0,0.0,55.0,55.7,7.9,0.0,0,29.91,"Langley, Langley, Island County",300214,Langley,2017-12-08 23:33:56.744142
2017-10-07,24:00,50.1,50.1,49.2,96.6,0.81,N@0.0,0.0,55.0,55.7,7.9,0.0,0,29.91,"Langley, Langley, Island County",300214,Langley,2017-12-08 23:33:56.744142
2017-10-07,00:15,50.2,50.2,49.4,97.2,0.79,N@0.0,0.0,54.9,55.7,7.9,0.0,0,29.91,"Langley, Langley, Island County",300214,Langley,2017-12-08 23:33:56.744142
2017-10-07,00:30,50.0,50.0,49.3,97.6,0.78,N@0.0,0.0,54.9,55.7,7.9,0.0,0,29.91,"Langley, Langley, Island County",300214,Langley,2017-12-08 23:33:56.744142
2017-10-07,00:45,50.2,50.2,49.6,97.8,0.8,W@0.0,1.4,54.8,55.7,7.9,0.0,0,29.91,"Langley, Langley, Island County",300214,Langley,2017-12-08 23:33:56.744142
2017-10-07,01:00,49.8,49.8,49.2,98.0,0.82,SE@0.0,1.4,54.8,55.7,7.9,0.0,0,29.91,"Langley, Langley, Island County",300214,Langley,2017-12-08 23:33:56.744142
2017-10-07,01:15,49.7,49.7,49.1,98.0,0.86,SE@0.2,3.5,54.8,55.7,7.9,0.0,0,29.91,"Langley, Langley, Island County",300214,Langley,2017-12-08 23:33:56.744142
2017-10-07,01:30,51.4,51.4,50.9,98.2,0.78,NW@1.8,7.8,54.7,55.7,7.9,0.0,0,29.91,"Langley, Langley, Island County",300214,Langley,2017-12-08 23:33:56.744142
2017-10-07,01:45,52.5,52.5,52.1,98.4,0.57,N@1.9,6.4,54.7,55.7,7.9,0.0,0,29.91,"Langley, Langley, Island County",300214,Langley,2017-12-08 23:33:56.744142
2017-10-07,02:00,52.1,52.1,51.6,98.4,0.2,SW@2.8,6.7,54.7,55.7,7.9,0.0,0,29.91,"Langley, Langley, Island County",300214,Langley,2017-12-08 23:33:56.744142
2017-10-07,02:15,53.0,53.0,52.6,98.4,0.0,W@2.6,7.1,54.7,55.7,7.9,0.0,0,29.91,"Langley, Langley, Island County",300214,Langley,2017-12-08 23:33:56.744142
2017-10-07,02:30,50.8,50.8,50.5,98.7,0.0,S@2.6,6.0,54.6,55.7,7.9,0.0,0,29.91,"Langley, Langley, Island County",300214,Langley,2017-12-08 23:33:56.744142
2017-10-07,02:45,50.7,50.7,50.3,98.7,0.0,W@2.5,7.1,54.6,55.7,7.9,0.0,0,29.91,"Langley, Langley, Island County",300214,Langley,2017-12-08 23:33:56.744142
2017-10-07,03:00,51.5,51.5,51.2,99.0,0.0,NW@2.5,4.9,54.5,55.7,7.9,0.0,0,29.92,"Langley, Langley, Island County",300214,Langley,2017-12-08 23:33:56.744142
2017-10-07,03:15,51.4,51.4,51.2,99.2,0.0,NW@2.3,6.4,54.5,55.7,7.9,0.0,0,29.93,"Langley, Langley, Island County",300214,Langley,2017-12-08 23:33:56.744142
2017-10-07,03:30,50.3,50.3,50.1,99.2,0.0,W@1.4,4.6,54.4,55.7,7.9,0.0,0,29.94,"Langley, Langley, Island County",300214,Langley,2017-12-08 23:33:56.744142
2017-10-07,03:45,48.6,48.6,48.4,99.3,0.0,SW@2.1,5.3,54.4,55.7,7.9,0.0,0,29.95,"Langley, Langley, Island County",300214,Langley,2017-12-08 23:33:56.744142
2017-10-07,04:00,47.4,47.4,47.2,99.3,0.0,W@1.1,3.9,54.3,55.7,7.9,0.0,0,29.95,"Langley, Langley, Island County",300214,Langley,2017-12-08 23:33:56.744142
2017-10-07,04:15,46.7,46.7,46.5,99.2,0.01,SW@0.6,2.1,54.2,55.7,7.9,0.0,0,29.95,"Langley, Langley, Island County",300214,Langley,2017-12-08 23:33:56.744142
2017-10-07,04:30,45.6,45.6,45.4,99.2,0.09,NW@0.0,1.4,54.1,55.7,7.9,0.0,0,29.95,"Langley, Langley, Island County",300214,Langley,2017-12-08 23:33:56.744142
2017-10-07,04:45,44.9,44.9,44.7,99.1,0.14,W@0.1,1.4,54.0,55.7,7.9,0.0,0,29.95,"Langley, Langley, Island County",300214,Langley,2017-12-08 23:33:56.744142
2017-10-07,05:00,44.1,44.1,43.9,99.2,0.15,N@0.0,0.0,53.9,55.7,7.9,0.0,0,29.95,"Langley, Langley, Island County",300214,Langley,2017-12-08 23:33:56.744142
2017-10-07,05:15,43.4,43.4,43.2,99.2,0.17,N@0.0,0.0,53.8,55.7,7.9,0.0,0,29.95,"Langley, Langley, Island County",300214,Langley,2017-12-08 23:33:56.744142
2017-10-07,05:30,42.8,42.8,42.7,99.2,0.22,N@0.0,0.0,53.6,55.7,7.9,0.0,0,29.95,"Langley, Langley, Island County",300214,Langley,2017-12-08 23:33:56.744142
2017-10-07,05:45,43.4,43.4,43.2,99.3,0.33,SW@0.1,2.1,53.5,55.7,7.9,0.0,0,29.95,"Langley, Langley, Island County",300214,Langley,2017-12-08 23:33:56.744142
2017-10-07,06:00,42.5,42.5,42.4,99.3,0.42,E@0.6,3.1,53.4,55.6,7.9,0.0,1,29.95,"Langley, Langley, Island County",300214,Langley,2017-12-08 23:33:56.744142
2017-10-07,06:15,42.5,42.5,42.4,99.3,0.5,SW@0.4,1.7,53.3,55.6,7.9,0.0,2,29.95,"Langley, Langley, Island County",300214,Langley,2017-12-08 23:33:56.744142
2017-10-07,06:30,42.6,42.6,42.5,99.3,0.57,SW@0.3,2.1,53.2,55.6,7.9,0.0,6,29.95,"Langley, Langley, Island County",300214,Langley,2017-12-08 23:33:56.744142
2017-10-07,06:45,42.7,42.7,42.5,99.3,0.63,NE@0.2,2.1,53.1,55.6,7.9,0.0,18,29.96,"Langley, Langley, Island County",300214,Langley,2017-12-08 23:33:56.744142
2017-10-07,07:00,42.3,42.3,42.1,99.3,0.68,SE@0.4,2.4,53.0,55.6,7.9,0.0,29,29.96,"Langley, Langley, Island County",300214,Langley,2017-12-08 23:33:56.744142
2017-10-07,07:15,42.7,42.7,42.5,99.3,0.72,NE@1.2,3.9,52.9,55.5,7.9,0.0,49,29.96,"Langley, Langley, Island County",300214,Langley,2017-12-08 23:33:56.744142
2017-10-07,07:30,44.1,44.1,43.9,99.3,0.72,NW@1.4,5.3,52.9,55.5,7.9,0.0,66,29.96,"Langley, Langley, Island County",300214,Langley,2017-12-08 23:33:56.744142
2017-10-07,07:45,46.5,46.5,46.3,99.3,0.72,N@0.2,2.1,52.9,55.5,7.9,0.0,114,29.96,"Langley, Langley, Island County",300214,Langley,2017-12-08 23:33:56.744142
2017-10-07,08:00,47.8,47.8,47.6,99.3,0.7,N@0.3,2.1,52.9,55.5,7.9,0.0,68,29.97,"Langley, Langley, Island County",300214,Langley,2017-12-08 23:33:56.744142
2017-10-07,08:15,49.5,49.5,49.3,99.2,0.69,NE@0.8,4.2,52.9,55.4,7.9,0.0,195,29.97,"Langley, Langley, Island County",300214,Langley,2017-12-08 23:33:56.744142
2017-10-07,08:30,51.7,51.7,50.9,97.0,0.63,SE@1.7,6.0,52.9,55.4,7.9,0.0,168,29.97,"Langley, Langley, Island County",300214,Langley,2017-12-08 23:33:56.744142
2017-10-07,08:45,52.3,52.3,50.9,94.9,0.5,S@2.0,6.0,52.9,55.3,7.9,0.0,156,29.97,"Langley, Langley, Island County",300214,Langley,2017-12-08 23:33:56.744142
2017-10-07,09:00,52.5,52.5,50.5,92.8,0.36,W@2.1,3.9,53.0,55.3,7.8,0.0,151,29.98,"Langley, Langley, Island County",300214,Langley,2017-12-08 23:33:56.744142
2017-10-07,09:15,52.7,52.7,50.2,91.3,0.8,SE@2.0,5.7,53.1,55.3,7.8,0.0,152,29.98,"Langley, Langley, Island County",300214,Langley,2017-12-08 23:33:56.744142
2017-10-07,09:30,52.7,52.7,49.8,89.7,0.85,S@1.6,4.6,53.2,55.3,7.8,0.0,114,29.98,"Langley, Langley, Island County",300214,Langley,2017-12-08 23:33:56.744142
2017-10-07,09:45,52.7,52.7,48.6,86.1,0.91,SE@3.3,6.0,53.3,55.2,7.8,0.0,177,29.98,"Langley, Langley, Island County",300214,Langley,2017-12-08 23:33:56.744142
2017-10-07,10:00,52.9,52.9,48.1,83.6,0.87,SE@3.3,7.4,53.4,55.2,7.8,0.0,175,29.98,"Langley, Langley, Island County",300214,Langley,2017-12-08 23:33:56.744142
2017-10-07,10:15,52.8,52.8,47.2,81.3,0.92,SE@2.8,7.8,53.5,55.2,7.8,0.0,182,29.98,"Langley, Langley, Island County",300214,Langley,2017-12-08 23:33:56.744142
2017-10-07,10:30,53.3,53.3,47.3,80.0,0.86,SE@2.6,5.3,53.6,55.2,7.8,0.0,204,29.98,"Langley, Langley, Island County",300214,Langley,2017-12-08 23:33:56.744142
2017-10-07,10:45,53.6,53.6,48.1,81.7,0.68,S@3.8,6.0,53.7,55.2,7.8,0.0,249,29.98,"Langley, Langley, Island County",300214,Langley,2017-12-08 23:33:56.744142
2017-10-07,11:00,53.8,53.8,48.2,81.2,0.18,SE@4.3,9.2,53.8,55.2,7.8,0.0,265,29.98,"Langley, Langley, Island County",300214,Langley,2017-12-08 23:33:56.744142
2017-10-07,11:15,54.4,54.4,48.3,79.6,0.0,SE@4.7,9.2,53.9,55.2,7.8,0.0,356,29.97,"Langley, Langley, Island County",300214,Langley,2017-12-08 23:33:56.744142
2017-10-07,11:30,55.0,55.0,48.3,78.1,0.0,SE@4.0,9.2,54.1,55.2,7.8,0.0,298,29.97,"Langley, Langley, Island County",300214,Langley,2017-12-08 23:33:56.744142
2017-10-07,11:45,55.4,55.4,48.0,75.9,0.0,SE@3.4,7.1,54.2,55.2,7.8,0.0,293,29.97,"Langley, Langley, Island County",300214,Langley,2017-12-08 23:33:56.744142
2017-10-07,12:00,55.5,55.5,47.3,73.9,0.0,SE@3.8,6.7,54.4,55.1,7.8,0.0,289,29.97,"Langley, Langley, Island County",300214,Langley,2017-12-08 23:33:56.744142
2017-10-07,12:15,55.4,55.4,46.9,73.0,0.0,SE@2.6,6.0,54.5,55.2,7.8,0.0,194,29.97,"Langley, Langley, Island County",300214,Langley,2017-12-08 23:33:56.744142
2017-10-07,12:30,55.5,55.5,47.1,73.1,0.0,SE@2.5,5.3,54.7,55.2,7.8,0.0,182,29.97,"Langley, Langley, Island County",300214,Langley,2017-12-08 23:33:56.744142
2017-10-07,12:45,55.5,55.5,47.0,73.1,0.25,SE@2.4,4.2,54.8,55.2,7.8,0.0,198,29.96,"Langley, Langley, Island County",300214,Langley,2017-12-08 23:33:56.744142
2017-10-07,13:00,55.6,55.6,47.9,75.1,0.39,E@2.6,5.7,54.9,55.2,7.8,0.0,217,29.96,"Langley, Langley, Island County",300214,Langley,2017-12-08 23:33:56.744142
2017-10-07,13:15,55.3,55.3,48.9,78.8,0.1,SE@0.8,4.2,55.0,55.2,7.8,0.0,52,29.96,"Langley, Langley, Island County",300214,Langley,2017-12-08 23:33:56.744142
2017-10-07,13:30,54.4,54.4,49.4,83.3,0.84,SE@1.5,3.5,55.1,55.2,7.8,0.02,178,29.96,"Langley, Langley, Island County",300214,Langley,2017-12-08 23:33:56.744142
2017-10-07,13:45,55.1,55.1,50.1,83.1,0.86,N@1.7,2.8,55.2,55.3,7.9,0.02,304,29.96,"Langley, Langley, Island County",300214,Langley,2017-12-08 23:33:56.744142
2017-10-07,14:00,55.5,55.5,51.6,86.6,0.79,NW@1.4,3.1,55.2,55.3,7.9,0.0,293,29.96,"Langley, Langley, Island County",300214,Langley,2017-12-08 23:33:56.744142
2017-10-07,14:15,55.5,55.5,53.1,91.8,0.78,NE@1.8,4.2,55.3,55.3,7.9,0.0,254,29.96,"Langley, Langley, Island County",300214,Langley,2017-12-08 23:33:56.744142
2017-10-07,14:30,56.0,56.0,53.3,90.9,0.5,NE@2.8,4.9,55.4,55.3,7.9,0.0,327,29.95,"Langley, Langley, Island County",300214,Langley,2017-12-08 23:33:56.744142
2017-10-07,14:45,55.7,55.7,51.6,86.1,0.1,E@1.6,3.9,55.5,55.4,7.9,0.0,158,29.95,"Langley, Langley, Island County",300214,Langley,2017-12-08 23:33:56.744142
2017-10-07,15:00,57.1,57.1,52.8,85.5,0.0,N@1.1,3.1,55.6,55.4,7.9,0.0,308,29.95,"Langley, Langley, Island County",300214,Langley,2017-12-08 23:33:56.744142
2017-10-07,15:15,56.7,55.6,52.3,85.0,0.0,N@2.7,5.7,55.7,55.4,7.9,0.0,138,29.95,"Langley, Langley, Island County",300214,Langley,2017-12-08 23:33:56.744142
2017-10-07,15:30,55.0,55.0,51.5,87.8,0.0,N@2.6,5.7,55.7,55.4,7.9,0.0,154,29.95,"Langley, Langley, Island County",300214,Langley,2017-12-08 23:33:56.744142
2017-10-07,15:45,55.9,55.9,52.7,88.8,0.0,NE@1.9,3.9,55.8,55.5,7.9,0.0,228,29.95,"Langley, Langley, Island County",300214,Langley,2017-12-08 23:33:56.744142
2017-10-07,16:00,55.4,55.4,51.8,87.7,0.0,SW@1.6,2.8,55.8,55.5,7.9,0.0,99,29.95,"Langley, Langley, Island County",300214,Langley,2017-12-08 23:33:56.744142
2017-10-07,16:15,52.5,52.5,48.1,85.0,0.0,W@1.5,2.4,55.9,55.5,7.9,0.0,46,29.94,"Langley, Langley, Island County",300214,Langley,2017-12-08 23:33:56.744142
2017-10-07,16:30,51.7,51.7,46.6,82.6,0.0,W@0.7,2.4,55.9,55.6,7.9,0.0,40,29.95,"Langley, Langley, Island County",300214,Langley,2017-12-08 23:33:56.744142
2017-10-07,16:45,51.4,51.4,46.7,83.7,0.0,W@1.2,2.4,55.8,55.6,7.9,0.0,52,29.95,"Langley, Langley, Island County",300214,Langley,2017-12-08 23:33:56.744142
2017-10-07,17:00,51.3,51.3,47.8,87.7,0.0,W@0.9,3.1,55.8,55.6,7.9,0.0,50,29.95,"Langley, Langley, Island County",300214,Langley,2017-12-08 23:33:56.744142
2017-10-07,17:15,52.4,52.4,49.4,89.5,0.0,NW@2.0,4.6,55.8,55.7,7.9,0.0,36,29.95,"Langley, Langley, Island County",300214,Langley,2017-12-08 23:33:56.744142
2017-10-07,17:30,52.0,52.0,49.6,91.3,0.0,W@2.2,8.5,55.7,55.7,7.9,0.0,14,29.95,"Langley, Langley, Island County",300214,Langley,2017-12-08 23:33:56.744142
2017-10-07,17:45,51.8,51.8,50.0,93.4,0.0,NW@2.7,8.5,55.7,55.7,7.9,0.0,3,29.95,"Langley, Langley, Island County",300214,Langley,2017-12-08 23:33:56.744142
2017-10-07,18:00,51.8,51.8,50.4,94.9,0.0,N@3.8,11.0,55.6,55.8,7.9,0.0,2,29.95,"Langley, Langley, Island County",300214,Langley,2017-12-08 23:33:56.744142
2017-10-07,18:15,51.3,51.3,50.0,95.4,0.0,NW@2.4,6.4,55.6,55.8,7.9,0.0,0,29.95,"Langley, Langley, Island County",300214,Langley,2017-12-08 23:33:56.744142
2017-10-07,18:30,50.8,50.8,49.5,94.9,0.0,NW@2.3,6.0,55.5,55.8,7.9,0.0,0,29.96,"Langley, Langley, Island County",300214,Langley,2017-12-08 23:33:56.744142
2017-10-07,18:45,50.1,50.1,48.8,95.2,0.0,W@1.5,4.6,55.4,55.8,7.9,0.0,0,29.96,"Langley, Langley, Island County",300214,Langley,2017-12-08 23:33:56.744142
2017-10-07,19:00,50.4,50.4,49.3,95.9,0.0,W@1.6,4.6,55.3,55.8,7.9,0.0,0,29.96,"Langley, Langley, Island County",300214,Langley,2017-12-08 23:33:56.744142
2017-10-07,19:15,50.7,50.7,49.4,95.1,0.0,NW@1.7,6.0,55.2,55.8,7.9,0.0,0,29.96,"Langley, Langley, Island County",300214,Langley,2017-12-08 23:33:56.744142
2017-10-07,19:30,51.3,51.3,48.1,88.6,0.0,NW@2.4,6.0,55.2,55.9,7.9,0.0,0,29.96,"Langley, Langley, Island County",300214,Langley,2017-12-08 23:33:56.744142
2017-10-07,19:45,51.8,51.8,49.9,93.4,0.0,NW@2.7,8.2,55.1,55.9,7.9,0.0,0,29.96,"Langley, Langley, Island County",300214,Langley,2017-12-08 23:33:56.744142
2017-10-07,20:00,52.1,52.1,50.8,95.2,0.0,NW@3.3,9.2,55.0,55.9,7.9,0.0,0,29.97,"Langley, Langley, Island County",300214,Langley,2017-12-08 23:33:56.744142
2017-10-07,20:15,52.4,52.4,51.2,95.5,0.0,NW@4.1,12.1,54.9,55.9,7.9,0.0,0,29.97,"Langley, Langley, Island County",300214,Langley,2017-12-08 23:33:56.744142
2017-10-07,20:30,52.6,52.6,51.7,96.6,0.0,NW@3.8,9.2,54.9,55.9,7.9,0.0,0,29.98,"Langley, Langley, Island County",300214,Langley,2017-12-08 23:33:56.744142
2017-10-07,20:45,52.7,52.7,51.9,97.0,0.0,NW@3.9,11.7,54.8,55.9,7.9,0.0,0,29.98,"Langley, Langley, Island County",300214,Langley,2017-12-08 23:33:56.744142
2017-10-07,21:00,52.7,52.7,51.7,96.1,0.0,NW@3.6,7.1,54.8,55.9,7.9,0.0,0,29.98,"Langley, Langley, Island County",300214,Langley,2017-12-08 23:33:56.744142
2017-10-07,21:15,52.8,52.8,50.7,92.7,0.0,NW@4.1,9.9,54.8,55.9,7.9,0.0,0,29.98,"Langley, Langley, Island County",300214,Langley,2017-12-08 23:33:56.744142
2017-10-07,21:30,52.3,52.3,47.3,82.9,0.0,NW@4.5,9.2,54.7,55.9,7.9,0.0,0,29.99,"Langley, Langley, Island County",300214,Langley,2017-12-08 23:33:56.744142
2017-10-07,21:45,52.3,52.3,46.5,80.6,0.0,NW@4.2,8.5,54.7,55.8,7.9,0.0,0,29.99,"Langley, Langley, Island County",300214,Langley,2017-12-08 23:33:56.744142
2017-10-07,22:00,52.4,52.4,47.0,81.8,0.0,N@4.2,11.4,54.7,55.8,7.9,0.0,0,30.0,"Langley, Langley, Island County",300214,Langley,2017-12-08 23:33:56.744142
2017-10-07,22:15,52.6,52.6,46.7,80.3,0.0,N@3.6,11.4,54.6,55.8,7.9,0.0,0,30.0,"Langley, Langley, Island County",300214,Langley,2017-12-08 23:33:56.744142
2017-10-07,22:30,52.8,52.8,46.9,80.1,0.0,NW@3.6,7.1,54.6,55.8,7.9,0.0,0,30.01,"Langley, Langley, Island County",300214,Langley,2017-12-08 23:33:56.744142
2017-10-07,22:45,52.9,52.9,47.4,81.4,0.0,N@3.4,7.8,54.6,55.8,7.9,0.0,0,30.01,"Langley, Langley, Island County",300214,Langley,2017-12-08 23:33:56.744142
2017-10-07,23:00,52.7,52.7,47.7,83.0,0.0,N@3.7,9.9,54.5,55.8,7.9,0.0,0,30.02,"Langley, Langley, Island County",300214,Langley,2017-12-08 23:33:56.744142
2017-10-08,23:15,52.4,52.4,47.4,83.1,0.0,NW@3.3,7.4,54.5,55.8,7.9,0.0,0,30.02,"Langley, Langley, Island County",300214,Langley,2017-12-08 23:33:56.744142
2017-10-08,23:30,52.5,52.5,47.5,82.8,0.0,NW@2.8,7.1,54.5,55.8,7.9,0.0,0,30.03,"Langley, Langley, Island County",300214,Langley,2017-12-08 23:33:56.744142
2017-10-08,23:45,52.6,52.6,47.3,82.1,0.0,NW@2.7,6.4,54.5,55.8,7.8,0.0,0,30.03,"Langley, Langley, Island County",300214,Langley,2017-12-08 23:33:56.744142
2017-10-08,24:00,52.4,52.4,47.2,82.1,0.0,NE@2.1,6.0,54.4,55.8,7.8,0.0,0,30.03,"Langley, Langley, Island County",300214,Langley,2017-12-08 23:33:56.744142
2017-10-08,00:15,51.9,51.9,47.1,83.3,0.0,E@1.5,3.5,54.4,55.8,7.8,0.0,0,30.04,"Langley, Langley, Island County",300214,Langley,2017-12-08 23:33:56.744142
2017-10-08,00:30,51.7,51.7,46.6,82.7,0.0,E@1.0,2.8,54.4,55.7,7.8,0.0,0,30.04,"Langley, Langley, Island County",300214,Langley,2017-12-08 23:33:56.744142
2017-10-08,00:45,51.6,51.6,47.0,84.3,0.0,W@1.1,4.9,54.4,55.7,7.8,0.0,0,30.05,"Langley, Langley, Island County",300214,Langley,2017-12-08 23:33:56.744142
2017-10-08,01:00,50.9,50.9,46.8,85.7,0.0,SW@0.6,2.1,54.4,55.7,7.8,0.0,0,30.05,"Langley, Langley, Island County",300214,Langley,2017-12-08 23:33:56.744142
2017-10-08,01:15,50.4,50.4,48.0,91.5,0.0,SW@0.7,2.1,54.4,55.7,7.8,0.0,0,30.06,"Langley, Langley, Island County",300214,Langley,2017-12-08 23:33:56.744142
2017-10-08,01:30,50.0,50.0,48.2,93.5,0.0,W@0.0,1.4,54.3,55.7,7.8,0.0,0,30.06,"Langley, Langley, Island County",300214,Langley,2017-12-08 23:33:56.744142
2017-10-08,01:45,50.2,50.2,48.5,94.0,0.11,SW@0.7,2.8,54.3,55.7,7.8,0.0,0,30.07,"Langley, Langley, Island County",300214,Langley,2017-12-08 23:33:56.744142
2017-10-08,02:00,49.7,49.7,48.3,94.8,0.83,W@0.1,2.1,54.3,55.7,7.8,0.0,0,30.07,"Langley, Langley, Island County",300214,Langley,2017-12-08 23:33:56.744142
2017-10-08,02:15,49.3,49.3,47.7,94.2,0.9,SW@0.9,2.8,54.3,55.7,7.9,0.01,0,30.08,"Langley, Langley, Island County",300214,Langley,2017-12-08 23:33:56.744142
2017-10-08,02:30,48.8,48.8,47.4,94.9,0.9,S@0.5,2.1,54.3,55.7,7.9,0.0,0,30.08,"Langley, Langley, Island County",300214,Langley,2017-12-08 23:33:56.744142
2017-10-08,02:45,48.4,48.4,47.5,96.5,0.89,W@0.3,1.7,54.3,55.7,7.9,0.0,0,30.08,"Langley, Langley, Island County",300214,Langley,2017-12-08 23:33:56.744142
2017-10-08,03:00,48.4,48.4,47.3,96.1,0.89,N@0.0,0.0,54.2,55.7,7.9,0.0,0,30.09,"Langley, Langley, Island County",300214,Langley,2017-12-08 23:33:56.744142
2017-10-08,03:15,48.3,48.3,46.9,94.9,0.89,NW@0.0,1.4,54.2,55.7,7.9,0.0,0,30.09,"Langley, Langley, Island County",300214,Langley,2017-12-08 23:33:56.744142
2017-10-08,03:30,48.3,48.3,47.1,95.6,0.89,N@0.0,0.0,54.2,55.7,7.9,0.0,0,30.1,"Langley, Langley, Island County",300214,Langley,2017-12-08 23:33:56.744142
2017-10-08,03:45,48.4,48.4,47.5,96.8,0.89,SW@0.1,1.7,54.2,55.7,7.9,0.0,0,30.1,"Langley, Langley, Island County",300214,Langley,2017-12-08 23:33:56.744142
2017-10-08,04:00,48.3,48.3,47.7,97.8,0.89,N@0.0,0.0,54.1,55.7,7.9,0.0,0,30.1,"Langley, Langley, Island County",300214,Langley,2017-12-08 23:33:56.744142
2017-10-08,04:15,47.9,47.9,47.5,98.2,0.9,N@0.0,0.0,54.1,55.6,7.9,0.0,0,30.11,"Langley, Langley, Island County",300214,Langley,2017-12-08 23:33:56.744142
2017-10-08,04:30,48.1,48.1,47.7,98.4,0.91,W@0.1,1.4,54.1,55.6,7.9,0.0,0,30.12,"Langley, Langley, Island County",300214,Langley,2017-12-08 23:33:56.744142
2017-10-08,04:45,48.2,48.2,47.9,98.7,0.91,N@0.0,0.0,54.1,55.6,7.9,0.0,0,30.12,"Langley, Langley, Island County",300214,Langley,2017-12-08 23:33:56.744142
2017-10-08,05:00,48.0,48.0,47.7,98.8,0.91,N@0.0,0.0,54.0,55.6,7.9,0.0,0,30.13,"Langley, Langley, Island County",300214,Langley,2017-12-08 23:33:56.744142
2017-10-08,05:15,47.4,47.4,47.1,98.8,0.91,N@0.0,0.0,54.0,55.6,7.9,0.0,0,30.14,"Langley, Langley, Island County",300214,Langley,2017-12-08 23:33:56.744142
2017-10-08,05:30,47.4,47.4,47.1,99.0,0.91,NE@0.0,1.4,54.0,55.6,7.9,0.0,0,30.14,"Langley, Langley, Island County",300214,Langley,2017-12-08 23:33:56.744142
2017-10-08,05:45,47.2,47.2,47.0,99.2,0.91,S@0.2,1.7,54.0,55.6,7.9,0.0,0,30.14,"Langley, Langley, Island County",300214,Langley,2017-12-08 23:33:56.744142
2017-10-08,06:00,47.2,47.2,47.0,99.3,0.91,S@0.1,1.4,53.9,55.6,7.9,0.0,0,30.15,"Langley, Langley, Island County",300214,Langley,2017-12-08 23:33:56.744142
2017-10-08,06:15,47.1,47.1,46.9,99.3,0.91,SW@0.0,1.4,53.9,55.6,7.8,0.0,2,30.16,"Langley, Langley, Island County",300214,Langley,2017-12-08 23:33:56.744142
2017-10-08,06:30,47.0,47.0,46.9,99.3,0.91,N@0.0,0.0,53.8,55.6,7.8,0.0,3,30.17,"Langley, Langley, Island County",300214,Langley,2017-12-08 23:33:56.744142
2017-10-08,06:45,47.2,47.2,47.0,99.3,0.91,N@0.0,0.0,53.8,55.6,7.8,0.0,8,30.19,"Langley, Langley, Island County",300214,Langley,2017-12-08 23:33:56.744142
2017-10-08,07:00,47.2,47.2,47.0,99.3,0.91,N@0.0,0.0,53.8,55.5,7.9,0.0,13,30.2,"Langley, Langley, Island County",300214,Langley,2017-12-08 23:33:56.744142
2017-10-08,07:15,47.4,47.4,47.3,99.3,0.91,N@0.0,0.0,53.8,55.5,7.8,0.0,27,30.21,"Langley, Langley, Island County",300214,Langley,2017-12-08 23:33:56.744142
2017-10-08,07:30,48.3,48.3,48.1,99.3,0.91,SE@0.0,1.4,53.8,55.5,7.8,0.01,74,30.21,"Langley, Langley, Island County",300214,Langley,2017-12-08 23:33:56.744142
2017-10-08,07:45,50.0,50.0,49.8,99.3,0.91,NE@0.2,2.1,53.8,55.5,7.8,0.0,185,30.21,"Langley, Langley, Island County",300214,Langley,2017-12-08 23:33:56.744142
2017-10-08,08:00,51.8,51.8,51.6,99.3,0.89,SW@0.4,2.4,53.8,55.5,7.8,0.0,213,30.22,"Langley, Langley, Island County",300214,Langley,2017-12-08 23:33:56.744142
2017-10-08,08:15,52.4,52.4,52.2,99.3,0.87,SW@1.0,3.1,53.8,55.5,7.8,0.0,253,30.22,"Langley, Langley, Island County",300214,Langley,2017-12-08 23:33:56.744142
2017-10-08,08:30,53.7,53.7,53.5,99.2,0.81,SW@1.0,3.1,53.8,55.5,7.8,0.0,281,30.23,"Langley, Langley, Island County",300214,Langley,2017-12-08 23:33:56.744142
2017-10-08,08:45,54.6,54.6,54.3,98.9,0.68,W@2.2,4.9,53.8,55.4,7.8,0.0,329,30.23,"Langley, Langley, Island County",300214,Langley,2017-12-08 23:33:56.744142
2017-10-08,09:00,53.5,53.5,53.0,98.1,0.34,W@2.7,6.4,53.8,55.4,7.8,0.0,147,30.24,"Langley, Langley, Island County",300214,Langley,2017-12-08 23:33:56.744142
2017-10-08,09:15,52.9,52.9,51.4,94.4,0.1,NW@1.2,3.9,53.8,55.4,7.8,0.0,250,30.25,"Langley, Langley, Island County",300214,Langley,2017-12-08 23:33:56.744142
2017-10-08,09:30,54.5,54.5,50.7,86.9,0.0,N@2.1,4.6,53.9,55.4,7.8,0.0,186,30.25,"Langley, Langley, Island County",300214,Langley,2017-12-08 23:33:56.744142
2017-10-08,09:45,53.8,53.8,49.3,84.5,0.0,NW@2.5,5.3,53.9,55.4,7.8,0.0,237,30.25,"Langley, Langley, Island County",300214,Langley,2017-12-08 23:33:56.744142
2017-10-08,10:00,55.9,55.9,50.3,81.3,0.0,N@3.3,6.4,54.0,55.4,7.8,0.0,503,30.25,"Langley, Langley, Island County",300214,Langley,2017-12-08 23:33:56.744142
2017-10-08,10:15,56.2,56.2,49.3,77.7,0.0,NE@3.0,6.7,54.1,55.4,7.8,0.0,468,30.25,"Langley, Langley, Island County",300214,Langley,2017-12-08 23:33:56.744142
2017-10-08,10:30,56.2,56.2,47.9,73.4,0.0,NW@2.5,6.7,54.1,55.4,7.8,0.0,257,30.26,"Langley, Langley, Island County",300214,Langley,2017-12-08 23:33:56.744142
2017-10-08,10:45,55.9,55.9,47.0,72.1,0.0,SW@2.0,4.9,54.2,55.4,7.8,0.0,313,30.26,"Langley, Langley, Island County",300214,Langley,2017-12-08 23:33:56.744142
2017-10-08,11:00,56.2,56.2,48.4,74.8,0.0,NW@2.0,3.9,54.3,55.4,7.8,0.0,198,30.27,"Langley, Langley, Island County",300214,Langley,2017-12-08 23:33:56.744142
2017-10-08,11:15,54.6,54.6,47.0,75.3,0.0,N@2.6,5.3,54.5,55.4,7.8,0.0,95,30.27,"Langley, Langley, Island County",300214,Langley,2017-12-08 23:33:56.744142
2017-10-08,11:30,54.9,54.9,46.4,72.9,0.0,SW@1.8,4.2,54.6,55.4,7.8,0.0,223,30.27,"Langley, Langley, Island County",300214,Langley,2017-12-08 23:33:56.744142
2017-10-08,11:45,58.2,58.2,49.9,73.7,0.0,SW@2.5,4.6,54.6,55.4,7.8,0.0,675,30.28,"Langley, Langley, Island County",300214,Langley,2017-12-08 23:33:56.744142
2017-10-08,12:00,56.8,56.8,47.7,71.5,0.0,NW@3.1,7.1,54.7,55.4,7.8,0.0,209,30.28,"Langley, Langley, Island County",300214,Langley,2017-12-08 23:33:56.744142
2017-10-08,12:15,55.3,55.3,45.0,68.2,0.0,W@0.9,3.5,54.9,55.4,7.8,0.0,133,30.28,"Langley, Langley, Island County",300214,Langley,2017-12-08 23:33:56.744142
2017-10-08,12:30,57.8,57.8,47.1,67.5,0.0,NW@2.7,7.4,55.0,55.4,7.8,0.0,605,30.28,"Langley, Langley, Island County",300214,Langley,2017-12-08 23:33:56.744142
2017-10-08,12:45,58.8,58.8,48.8,69.3,0.0,NW@3.6,9.9,55.1,55.4,7.8,0.0,547,30.28,"Langley, Langley, Island County",300214,Langley,2017-12-08 23:33:56.744142
2017-10-08,13:00,59.1,59.1,47.9,66.3,0.0,N@3.1,7.1,55.3,55.4,7.8,0.0,582,30.28,"Langley, Langley, Island County",300214,Langley,2017-12-08 23:33:56.744142
2017-10-08,13:15,59.5,59.5,47.0,63.1,0.0,SW@3.5,6.4,55.4,55.4,7.8,0.0,532,30.28,"Langley, Langley, Island County",300214,Langley,2017-12-08 23:33:56.744142
2017-10-08,13:30,58.3,58.3,46.4,64.5,0.0,W@3.6,9.2,55.6,55.4,7.8,0.0,400,30.28,"Langley, Langley, Island County",300214,Langley,2017-12-08 23:33:56.744142
2017-10-08,13:45,58.4,58.4,46.4,64.3,0.0,NW@3.3,9.9,55.8,55.4,7.8,0.0,394,30.28,"Langley, Langley, Island County",300214,Langley,2017-12-08 23:33:56.744142
2017-10-08,14:00,58.9,58.9,46.7,63.7,0.0,N@4.1,9.2,55.9,55.5,7.8,0.0,492,30.28,"Langley, Langley, Island County",300214,Langley,2017-12-08 23:33:56.744142
2017-10-08,14:15,60.2,60.2,48.7,65.7,0.0,NW@2.6,6.0,56.0,55.5,7.8,0.0,462,30.28,"Langley, Langley, Island County",300214,Langley,2017-12-08 23:33:56.744142
2017-10-08,14:30,60.3,60.3,48.6,65.2,0.0,N@2.6,6.7,56.2,55.5,7.8,0.0,433,30.28,"Langley, Langley, Island County",300214,Langley,2017-12-08 23:33:56.744142
2017-10-08,14:45,60.8,60.8,48.6,64.0,0.0,W@2.2,3.5,56.3,55.6,7.8,0.0,403,30.28,"Langley, Langley, Island County",300214,Langley,2017-12-08 23:33:56.744142
2017-10-08,15:00,60.8,60.8,48.4,63.5,0.0,SW@2.0,3.9,56.4,55.6,7.8,0.0,370,30.28,"Langley, Langley, Island County",300214,Langley,2017-12-08 23:33:56.744142
2017-10-08,15:15,60.1,60.1,47.8,63.7,0.0,W@2.3,4.2,56.5,55.6,7.8,0.0,278,30.28,"Langley, Langley, Island County",300214,Langley,2017-12-08 23:33:56.744142
2017-10-08,15:30,59.1,59.1,46.7,63.2,0.0,SW@1.9,4.6,56.5,55.6,7.8,0.0,300,30.29,"Langley, Langley, Island County",300214,Langley,2017-12-08 23:33:56.744142
2017-10-08,15:45,58.4,58.4,45.5,62.2,0.0,SW@2.0,3.5,56.6,55.7,7.8,0.0,220,30.28,"Langley, Langley, Island County",300214,Langley,2017-12-08 23:33:56.744142
2017-10-08,16:00,56.8,56.8,43.2,60.1,0.0,NW@2.3,4.6,56.6,55.7,7.8,0.0,64,30.29,"Langley, Langley, Island County",300214,Langley,2017-12-08 23:33:56.744142
2017-10-08,16:15,55.7,55.7,42.5,61.3,0.0,W@2.2,4.9,56.6,55.7,7.8,0.0,25,30.3,"Langley, Langley, Island County",300214,Langley,2017-12-08 23:33:56.744142
2017-10-08,16:30,55.4,55.4,42.5,61.9,0.0,W@2.0,4.9,56.6,55.8,7.8,0.0,22,30.3,"Langley, Langley, Island County",300214,Langley,2017-12-08 23:33:56.744142
2017-10-08,16:45,53.7,53.7,42.2,64.9,0.0,W@1.5,3.9,56.5,55.8,7.8,0.0,20,30.3,"Langley, Langley, Island County",300214,Langley,2017-12-08 23:33:56.744142
2017-10-08,17:00,52.5,52.5,42.5,68.7,0.0,W@1.2,3.1,56.4,55.9,7.8,0.0,19,30.31,"Langley, Langley, Island County",300214,Langley,2017-12-08 23:33:56.744142
2017-10-08,17:15,51.4,51.4,41.9,70.1,0.0,W@0.3,2.1,56.3,55.9,7.8,0.0,14,30.31,"Langley, Langley, Island County",300214,Langley,2017-12-08 23:33:56.744142
2017-10-08,17:30,50.6,50.6,42.4,73.4,0.0,W@0.0,1.7,56.2,55.9,7.8,0.0,7,30.31,"Langley, Langley, Island County",300214,Langley,2017-12-08 23:33:56.744142
2017-10-08,17:45,49.3,49.3,43.1,79.0,0.0,N@0.0,0.0,56.1,56.0,7.8,0.0,3,30.31,"Langley, Langley, Island County",300214,Langley,2017-12-08 23:33:56.744142
2017-10-08,18:00,48.4,48.4,44.5,86.5,0.0,N@0.0,0.0,55.9,56.0,7.8,0.0,1,30.32,"Langley, Langley, Island County",300214,Langley,2017-12-08 23:33:56.744142
2017-10-08,18:15,47.0,47.0,43.5,87.4,0.0,N@0.0,0.0,55.8,56.0,7.8,0.0,0,30.31,"Langley, Langley, Island County",300214,Langley,2017-12-08 23:33:56.744142
2017-10-08,18:30,45.8,45.8,43.7,92.2,0.0,N@0.0,0.0,55.6,56.1,7.8,0.0,0,30.32,"Langley, Langley, Island County",300214,Langley,2017-12-08 23:33:56.744142
2017-10-08,18:45,45.3,45.3,43.8,94.4,0.06,N@0.0,0.0,55.5,56.1,7.8,0.0,0,30.32,"Langley, Langley, Island County",300214,Langley,2017-12-08 23:33:56.744142
2017-10-08,19:00,44.4,44.4,43.2,95.5,0.1,N@0.0,0.0,55.3,56.1,7.8,0.0,0,30.32,"Langley, Langley, Island County",300214,Langley,2017-12-08 23:33:56.744142
2017-10-08,19:15,44.0,44.0,43.0,96.2,0.12,N@0.0,0.0,55.1,56.1,7.8,0.0,0,30.32,"Langley, Langley, Island County",300214,Langley,2017-12-08 23:33:56.744142
2017-10-08,19:30,43.4,43.4,42.5,96.7,0.13,N@0.0,0.0,55.0,56.1,7.8,0.0,0,30.33,"Langley, Langley, Island County",300214,Langley,2017-12-08 23:33:56.744142
2017-10-08,19:45,42.8,42.8,42.0,97.0,0.15,N@0.0,0.0,54.9,56.1,7.8,0.0,0,30.33,"Langley, Langley, Island County",300214,Langley,2017-12-08 23:33:56.744142
2017-10-08,20:00,42.5,42.5,41.8,97.3,0.17,N@0.0,0.0,54.7,56.1,7.8,0.0,0,30.34,"Langley, Langley, Island County",300214,Langley,2017-12-08 23:33:56.744142
2017-10-08,20:15,41.6,41.6,41.1,97.8,0.22,N@0.0,0.0,54.6,56.1,7.8,0.0,0,30.33,"Langley, Langley, Island County",300214,Langley,2017-12-08 23:33:56.744142
2017-10-08,20:30,41.6,41.6,41.1,98.2,0.31,N@0.0,0.0,54.4,56.1,7.8,0.0,0,30.34,"Langley, Langley, Island County",300214,Langley,2017-12-08 23:33:56.744142
2017-10-08,20:45,40.9,40.9,40.5,98.4,0.42,N@0.0,0.0,54.3,56.0,7.8,0.0,0,30.34,"Langley, Langley, Island County",300214,Langley,2017-12-08 23:33:56.744142
2017-10-08,21:00,40.5,40.5,40.1,98.5,0.54,N@0.0,0.0,54.1,56.0,7.8,0.0,0,30.34,"Langley, Langley, Island County",300214,Langley,2017-12-08 23:33:56.744142
2017-10-08,21:15,40.4,40.4,40.0,98.6,0.65,N@0.0,0.0,54.0,56.0,7.8,0.0,0,30.35,"Langley, Langley, Island County",300214,Langley,2017-12-08 23:33:56.744142
2017-10-08,21:30,39.9,39.9,39.6,98.9,0.74,N@0.0,0.0,53.8,56.0,7.8,0.0,0,30.35,"Langley, Langley, Island County",300214,Langley,2017-12-08 23:33:56.744142
2017-10-08,21:45,39.8,39.8,39.6,99.1,0.81,N@0.0,0.0,53.7,56.0,7.8,0.0,0,30.35,"Langley, Langley, Island County",300214,Langley,2017-12-08 23:33:56.744142
2017-10-08,22:00,39.3,39.3,39.0,99.0,0.84,W@0.0,1.4,53.6,55.9,7.8,0.0,0,30.35,"Langley, Langley, Island County",300214,Langley,2017-12-08 23:33:56.744142
2017-10-08,22:15,39.4,39.4,39.2,99.3,0.86,N@0.0,0.0,53.4,55.9,7.8,0.0,0,30.35,"Langley, Langley, Island County",300214,Langley,2017-12-08 23:33:56.744142
2017-10-08,22:30,39.2,39.2,39.0,99.2,0.88,N@0.0,0.0,53.3,55.9,7.8,0.0,0,30.35,"Langley, Langley, Island County",300214,Langley,2017-12-08 23:33:56.744142
2017-10-08,22:45,38.9,38.9,38.8,99.3,0.89,N@0.0,0.0,53.2,55.9,7.8,0.0,0,30.35,"Langley, Langley, Island County",300214,Langley,2017-12-08 23:33:56.744142
2017-10-08,23:00,38.7,38.7,38.5,99.3,0.9,N@0.0,0.0,53.1,55.8,7.8,0.0,0,30.35,"Langley, Langley, Island County",300214,Langley,2017-12-08 23:33:56.744142
2017-10-09,23:15,38.9,38.9,38.7,99.3,0.91,N@0.0,0.0,52.9,55.8,7.8,0.0,0,30.36,"Langley, Langley, Island County",300214,Langley,2017-12-08 23:33:56.744142
2017-10-09,23:30,38.6,38.6,38.4,99.3,0.92,N@0.0,0.0,52.8,55.8,7.8,0.0,0,30.36,"Langley, Langley, Island County",300214,Langley,2017-12-08 23:33:56.744142
2017-10-09,23:45,38.9,38.9,38.7,99.3,0.92,N@0.0,0.0,52.7,55.7,7.8,0.0,0,30.36,"Langley, Langley, Island County",300214,Langley,2017-12-08 23:33:56.744142
2017-10-09,24:00,38.8,38.8,38.6,99.3,0.93,N@0.0,0.0,52.6,55.7,7.8,0.0,0,30.35,"Langley, Langley, Island County",300214,Langley,2017-12-08 23:33:56.744142
2017-10-09,00:15,38.9,38.9,38.7,99.3,0.93,N@0.0,0.0,52.5,55.6,7.8,0.0,0,30.35,"Langley, Langley, Island County",300214,Langley,2017-12-08 23:33:56.744142
2017-10-09,00:30,39.0,39.0,38.8,99.3,0.93,W@0.0,1.4,52.4,55.6,7.8,0.0,0,30.35,"Langley, Langley, Island County",300214,Langley,2017-12-08 23:33:56.744142
2017-10-09,00:45,38.5,38.5,38.4,99.3,0.93,N@0.0,0.0,52.3,55.6,7.8,0.0,0,30.35,"Langley, Langley, Island County",300214,Langley,2017-12-08 23:33:56.744142
2017-10-09,01:00,38.3,38.3,38.1,99.3,0.93,N@0.0,0.0,52.2,55.5,7.8,0.0,0,30.35,"Langley, Langley, Island County",300214,Langley,2017-12-08 23:33:56.744142
2017-10-09,01:15,38.4,38.4,38.2,99.3,0.93,N@0.0,0.0,52.1,55.5,7.8,0.0,0,30.35,"Langley, Langley, Island County",300214,Langley,2017-12-08 23:33:56.744142
2017-10-09,01:30,38.5,38.5,38.3,99.3,0.94,N@0.0,0.0,52.0,55.4,7.8,0.0,0,30.35,"Langley, Langley, Island County",300214,Langley,2017-12-08 23:33:56.744142
2017-10-09,01:45,38.1,38.1,37.9,99.3,0.94,N@0.0,0.0,51.9,55.4,7.8,0.0,0,30.35,"Langley, Langley, Island County",300214,Langley,2017-12-08 23:33:56.744142
2017-10-09,02:00,38.0,38.0,37.8,99.3,0.94,N@0.0,0.0,51.8,55.3,7.8,0.0,0,30.35,"Langley, Langley, Island County",300214,Langley,2017-12-08 23:33:56.744142
2017-10-09,02:15,38.0,38.0,37.9,99.3,0.94,N@0.0,0.0,51.7,55.3,7.8,0.0,0,30.34,"Langley, Langley, Island County",300214,Langley,2017-12-08 23:33:56.744142
2017-10-09,02:30,37.7,37.7,37.5,99.3,0.94,N@0.0,0.0,51.6,55.3,7.8,0.0,0,30.34,"Langley, Langley, Island County",300214,Langley,2017-12-08 23:33:56.744142
2017-10-09,02:45,37.7,37.7,37.6,99.3,0.94,N@0.0,0.0,51.5,55.2,7.8,0.0,0,30.34,"Langley, Langley, Island County",300214,Langley,2017-12-08 23:33:56.744142
2017-10-09,03:00,38.3,38.3,38.1,99.3,0.94,N@0.0,0.0,51.5,55.2,7.8,0.0,0,30.34,"Langley, Langley, Island County",300214,Langley,2017-12-08 23:33:56.744142
2017-10-09,03:15,38.9,38.9,38.7,99.3,0.94,W@0.2,2.1,51.4,55.1,7.8,0.0,0,30.34,"Langley, Langley, Island County",300214,Langley,2017-12-08 23:33:56.744142
2017-10-09,03:30,39.7,39.7,39.5,99.3,0.94,N@0.1,1.7,51.3,55.1,7.8,0.0,0,30.33,"Langley, Langley, Island County",300214,Langley,2017-12-08 23:33:56.744142
2017-10-09,03:45,40.2,40.2,40.1,99.3,0.94,NW@0.4,1.7,51.3,55.0,7.8,0.0,0,30.34,"Langley, Langley, Island County",300214,Langley,2017-12-08 23:33:56.744142
2017-10-09,04:00,40.7,40.7,40.5,99.3,0.94,W@0.1,1.4,51.2,55.0,7.8,0.0,0,30.34,"Langley, Langley, Island County",300214,Langley,2017-12-08 23:33:56.744142
2017-10-09,04:15,40.6,40.6,40.5,99.3,0.94,NW@0.2,1.7,51.2,54.9,7.8,0.0,0,30.33,"Langley, Langley, Island County",300214,Langley,2017-12-08 23:33:56.744142
2017-10-09,04:30,40.7,40.7,40.6,99.3,0.94,NE@0.1,2.1,51.2,54.9,7.8,0.0,0,30.33,"Langley, Langley, Island County",300214,Langley,2017-12-08 23:33:56.744142
2017-10-09,04:45,40.8,40.8,40.7,99.3,0.94,N@0.0,0.0,51.1,54.8,7.8,0.0,0,30.33,"Langley, Langley, Island County",300214,Langley,2017-12-08 23:33:56.744142
2017-10-09,05:00,40.4,40.4,40.3,99.3,0.94,N@0.0,0.0,51.1,54.8,7.8,0.0,0,30.33,"Langley, Langley, Island County",300214,Langley,2017-12-08 23:33:56.744142
2017-10-09,05:15,40.2,40.2,40.0,99.3,0.94,W@0.1,1.4,51.1,54.7,7.8,0.0,0,30.33,"Langley, Langley, Island County",300214,Langley,2017-12-08 23:33:56.744142
2017-10-09,05:30,40.4,40.4,40.2,99.3,0.94,N@0.0,0.0,51.0,54.7,7.8,0.0,0,30.32,"Langley, Langley, Island County",300214,Langley,2017-12-08 23:33:56.744142
2017-10-09,05:45,40.4,40.4,40.3,99.3,0.94,NW@0.0,1.4,51.0,54.7,7.8,0.0,0,30.32,"Langley, Langley, Island County",300214,Langley,2017-12-08 23:33:56.744142
2017-10-09,06:00,42.7,40.6,42.5,99.3,0.93,N@0.0,0.0,51.0,54.6,7.8,0.0,1,30.32,"Langley, Langley, Island County",300214,Langley,2017-12-08 23:33:56.744142
2017-10-09,06:15,39.7,39.7,39.5,99.3,0.93,N@0.0,0.0,50.9,54.6,7.8,0.0,2,30.32,"Langley, Langley, Island County",300214,Langley,2017-12-08 23:33:56.744142
2017-10-09,06:30,38.9,38.9,38.7,99.3,0.93,N@0.0,0.0,50.9,54.6,7.8,0.0,8,30.31,"Langley, Langley, Island County",300214,Langley,2017-12-08 23:33:56.744142
2017-10-09,06:45,39.1,39.1,38.9,99.3,0.93,SW@0.0,1.4,50.8,54.5,7.8,0.0,29,30.31,"Langley, Langley, Island County",300214,Langley,2017-12-08 23:33:56.744142
2017-10-09,07:00,40.1,40.1,39.9,99.3,0.93,N@0.0,0.0,50.7,54.5,7.8,0.0,50,30.3,"Langley, Langley, Island County",300214,Langley,2017-12-08 23:33:56.744142
2017-10-09,07:15,40.5,40.5,40.4,99.3,0.93,NW@0.2,2.1,50.7,54.5,7.8,0.0,86,30.3,"Langley, Langley, Island County",300214,Langley,2017-12-08 23:33:56.744142
2017-10-09,07:30,43.2,43.2,43.0,99.3,0.93,N@0.1,1.4,50.6,54.4,7.8,0.0,162,30.3,"Langley, Langley, Island County",300214,Langley,2017-12-08 23:33:56.744142
2017-10-09,07:45,47.0,44.9,46.8,99.3,0.93,NE@0.3,2.1,50.6,54.4,7.8,0.0,167,30.3,"Langley, Langley, Island County",300214,Langley,2017-12-08 23:33:56.744142
2017-10-09,08:00,47.0,47.0,46.9,99.3,0.92,E@0.1,1.7,50.6,54.3,7.8,0.0,216,30.29,"Langley, Langley, Island County",300214,Langley,2017-12-08 23:33:56.744142
2017-10-09,08:15,47.1,47.1,46.9,99.3,0.91,NE@1.2,2.8,50.6,54.3,7.7,0.0,213,30.29,"Langley, Langley, Island County",300214,Langley,2017-12-08 23:33:56.744142
2017-10-09,08:30,48.1,48.1,47.9,99.3,0.9,NE@0.6,3.5,50.7,54.2,7.7,0.0,269,30.28,"Langley, Langley, Island County",300214,Langley,2017-12-08 23:33:56.744142
2017-10-09,08:45,49.5,49.5,49.3,99.3,0.89,E@1.1,2.8,50.7,54.2,7.7,0.0,307,30.28,"Langley, Langley, Island County",300214,Langley,2017-12-08 23:33:56.744142
2017-10-09,09:00,50.8,50.8,50.7,99.3,0.89,E@1.9,3.1,50.8,54.2,7.7,0.0,327,30.27,"Langley, Langley, Island County",300214,Langley,2017-12-08 23:33:56.744142
2017-10-09,09:15,52.0,52.0,51.8,99.3,0.85,NE@1.4,3.9,50.9,54.1,7.7,0.0,370,30.27,"Langley, Langley, Island County",300214,Langley,2017-12-08 23:33:56.744142
2017-10-09,09:30,53.1,53.1,52.9,99.3,0.67,E@2.2,3.9,50.9,54.1,7.7,0.0,425,30.27,"Langley, Langley, Island County",300214,Langley,2017-12-08 23:33:56.744142
2017-10-09,09:45,54.5,54.5,54.4,99.3,0.18,SE@1.8,4.6,51.0,54.0,7.7,0.0,486,30.26,"Langley, Langley, Island County",300214,Langley,2017-12-08 23:33:56.744142
2017-10-09,10:00,55.8,55.8,55.7,99.3,0.0,E@2.4,4.9,51.1,54.0,7.7,0.0,447,30.26,"Langley, Langley, Island County",300214,Langley,2017-12-08 23:33:56.744142
2017-10-09,10:15,55.8,55.8,55.7,99.3,0.0,NE@3.6,6.7,51.3,54.0,7.7,0.0,500,30.25,"Langley, Langley, Island County",300214,Langley,2017-12-08 23:33:56.744142
2017-10-09,10:30,56.8,56.8,56.6,99.3,0.0,SE@3.1,6.0,51.4,54.0,7.7,0.0,528,30.25,"Langley, Langley, Island County",300214,Langley,2017-12-08 23:33:56.744142
2017-10-09,10:45,57.9,57.9,57.5,98.7,0.0,NE@2.4,4.6,51.6,53.9,7.7,0.0,545,30.24,"Langley, Langley, Island County",300214,Langley,2017-12-08 23:33:56.744142
2017-10-09,11:00,58.7,58.7,54.3,85.3,0.0,SE@2.7,5.7,51.7,53.9,7.7,0.0,583,30.23,"Langley, Langley, Island County",300214,Langley,2017-12-08 23:33:56.744142
2017-10-09,11:15,59.3,59.3,49.3,69.6,0.0,SE@2.6,5.7,51.9,53.9,7.7,0.0,574,30.22,"Langley, Langley, Island County",300214,Langley,2017-12-08 23:33:56.744142
2017-10-09,11:30,59.6,59.6,47.6,64.5,0.0,E@2.6,4.9,52.1,53.9,7.7,0.0,589,30.21,"Langley, Langley, Island County",300214,Langley,2017-12-08 23:33:56.744142
2017-10-09,11:45,59.9,59.9,45.6,59.2,0.0,SW@2.7,6.0,52.3,53.9,7.7,0.0,617,30.21,"Langley, Langley, Island County",300214,Langley,2017-12-08 23:33:56.744142
2017-10-09,12:00,59.6,59.6,44.3,56.9,0.0,W@2.7,5.3,52.5,53.9,7.7,0.0,476,30.2,"Langley, Langley, Island County",300214,Langley,2017-12-08 23:33:56.744142
2017-10-09,12:15,60.8,60.8,46.3,58.8,0.0,W@2.5,6.0,52.8,53.9,7.7,0.0,574,30.2,"Langley, Langley, Island County",300214,Langley,2017-12-08 23:33:56.744142
2017-10-09,12:30,60.9,60.9,46.0,58.0,0.0,NW@2.6,5.7,53.1,53.9,7.7,0.0,642,30.19,"Langley, Langley, Island County",300214,Langley,2017-12-08 23:33:56.744142
2017-10-09,12:45,61.5,61.5,44.4,53.4,0.0,W@3.1,6.0,53.3,53.9,7.7,0.0,596,30.18,"Langley, Langley, Island County",300214,Langley,2017-12-08 23:33:56.744142
2017-10-09,13:00,61.6,61.6,41.8,48.2,0.0,SW@2.7,5.3,53.6,53.9,7.7,0.0,556,30.17,"Langley, Langley, Island County",300214,Langley,2017-12-08 23:33:56.744142
2017-10-09,13:15,61.5,61.5,41.8,48.2,0.0,W@2.7,6.0,53.9,54.0,7.7,0.0,476,30.16,"Langley, Langley, Island County",300214,Langley,2017-12-08 23:33:56.744142
2017-10-09,13:30,61.6,61.6,42.2,48.9,0.0,W@2.7,4.9,54.1,54.0,7.7,0.0,564,30.16,"Langley, Langley, Island County",300214,Langley,2017-12-08 23:33:56.744142
2017-10-09,13:45,62.6,62.6,42.9,48.4,0.0,SW@1.8,4.9,54.4,54.0,7.7,0.0,513,30.15,"Langley, Langley, Island County",300214,Langley,2017-12-08 23:33:56.744142
2017-10-09,14:00,62.9,62.9,43.6,49.3,0.0,SW@2.3,4.9,54.6,54.0,7.7,0.0,459,30.14,"Langley, Langley, Island County",300214,Langley,2017-12-08 23:33:56.744142
2017-10-09,14:15,62.9,62.9,46.1,54.1,0.0,N@0.2,2.1,54.7,54.1,7.7,0.0,351,30.13,"Langley, Langley, Island County",300214,Langley,2017-12-08 23:33:56.744142
2017-10-09,14:30,62.4,62.4,45.5,53.9,0.0,NE@2.0,3.9,54.9,54.1,7.7,0.0,269,30.13,"Langley, Langley, Island County",300214,Langley,2017-12-08 23:33:56.744142
2017-10-09,14:45,61.1,61.1,43.3,51.8,0.0,N@2.8,6.4,55.1,54.2,7.7,0.0,218,30.12,"Langley, Langley, Island County",300214,Langley,2017-12-08 23:33:56.744142
2017-10-09,15:00,61.2,61.2,42.3,49.7,0.0,N@2.8,6.7,55.2,54.2,7.7,0.0,330,30.12,"Langley, Langley, Island County",300214,Langley,2017-12-08 23:33:56.744142
2017-10-09,15:15,61.2,61.2,40.8,46.8,0.0,NE@2.7,5.3,55.3,54.3,7.7,0.0,242,30.11,"Langley, Langley, Island County",300214,Langley,2017-12-08 23:33:56.744142
2017-10-09,15:30,61.3,61.3,41.7,48.4,0.0,N@2.8,6.4,55.4,54.3,7.7,0.0,257,30.11,"Langley, Langley, Island County",300214,Langley,2017-12-08 23:33:56.744142
2017-10-09,15:45,61.1,61.1,43.0,51.3,0.0,N@2.2,4.2,55.4,54.4,7.7,0.0,186,30.1,"Langley, Langley, Island County",300214,Langley,2017-12-08 23:33:56.744142
2017-10-09,16:00,59.5,59.5,41.3,50.9,0.0,N@2.4,4.9,55.5,54.4,7.7,0.0,70,30.09,"Langley, Langley, Island County",300214,Langley,2017-12-08 23:33:56.744142
2017-10-09,16:15,58.3,58.3,44.3,59.5,0.0,NE@1.1,4.2,55.5,54.5,7.7,0.0,45,30.09,"Langley, Langley, Island County",300214,Langley,2017-12-08 23:33:56.744142
2017-10-09,16:30,56.8,56.8,44.8,64.0,0.0,NW@0.3,3.9,55.5,54.5,7.7,0.0,29,30.08,"Langley, Langley, Island County",300214,Langley,2017-12-08 23:33:56.744142
2017-10-09,16:45,54.7,54.7,44.5,68.4,0.0,N@0.2,2.4,55.5,54.6,7.7,0.0,22,30.08,"Langley, Langley, Island County",300214,Langley,2017-12-08 23:33:56.744142
2017-10-09,17:00,53.3,53.3,44.6,72.1,0.0,W@0.3,2.8,55.4,54.6,7.7,0.0,27,30.08,"Langley, Langley, Island County",300214,Langley,2017-12-08 23:33:56.744142
2017-10-09,17:15,52.4,52.4,43.2,70.8,0.0,N@0.0,0.0,55.3,54.7,7.7,0.0,25,30.08,"Langley, Langley, Island County",300214,Langley,2017-12-08 23:33:56.744142
2017-10-09,17:30,51.0,51.0,43.9,76.6,0.0,NW@0.0,1.4,55.2,54.7,7.7,0.0,11,30.07,"Langley, Langley, Island County",300214,Langley,2017-12-08 23:33:56.744142
2017-10-09,17:45,49.7,49.7,44.2,81.3,0.0,N@0.0,0.0,55.0,54.8,7.7,0.0,2,30.06,"Langley, Langley, Island County",300214,Langley,2017-12-08 23:33:56.744142
2017-10-09,18:00,48.8,48.8,43.7,82.6,0.0,N@0.0,0.0,54.9,54.8,7.7,0.0,1,30.06,"Langley, Langley, Island County",300214,Langley,2017-12-08 23:33:56.744142
2017-10-09,18:15,48.4,48.4,44.6,86.5,0.0,N@0.0,0.0,54.8,54.9,7.7,0.0,0,30.06,"Langley, Langley, Island County",300214,Langley,2017-12-08 23:33:56.744142
2017-10-09,18:30,48.0,48.0,44.8,88.6,0.0,N@0.0,0.0,54.7,54.9,7.7,0.0,0,30.06,"Langley, Langley, Island County",300214,Langley,2017-12-08 23:33:56.744142
2017-10-09,18:45,47.4,47.4,44.9,91.0,0.0,N@0.0,0.0,54.5,54.9,7.7,0.0,0,30.05,"Langley, Langley, Island County",300214,Langley,2017-12-08 23:33:56.744142
2017-10-09,19:00,47.2,47.2,45.3,92.9,0.0,E@0.2,2.4,54.4,54.9,7.7,0.0,0,30.05,"Langley, Langley, Island County",300214,Langley,2017-12-08 23:33:56.744142
2017-10-09,19:15,46.8,46.8,45.1,94.0,0.0,SW@0.0,1.4,54.3,55.0,7.7,0.0,0,30.04,"Langley, Langley, Island County",300214,Langley,2017-12-08 23:33:56.744142
2017-10-09,19:30,46.6,46.6,45.2,95.0,0.0,E@0.1,2.1,54.2,55.0,7.7,0.0,0,30.04,"Langley, Langley, Island County",300214,Langley,2017-12-08 23:33:56.744142
2017-10-09,19:45,46.7,46.7,45.4,95.0,0.0,W@0.0,1.4,54.1,55.0,7.7,0.0,0,30.03,"Langley, Langley, Island County",300214,Langley,2017-12-08 23:33:56.744142
2017-10-09,20:00,47.1,47.1,45.6,94.7,0.0,NW@0.4,2.8,54.0,55.0,7.7,0.0,0,30.03,"Langley, Langley, Island County",300214,Langley,2017-12-08 23:33:56.744142
2017-10-09,20:15,46.7,46.7,45.5,95.3,0.0,SE@0.0,1.4,53.9,55.0,7.7,0.0,0,30.02,"Langley, Langley, Island County",300214,Langley,2017-12-08 23:33:56.744142
2017-10-09,20:30,46.3,46.3,45.3,95.9,0.0,E@0.1,1.7,53.8,55.0,7.7,0.0,0,30.01,"Langley, Langley, Island County",300214,Langley,2017-12-08 23:33:56.744142
2017-10-09,20:45,45.9,45.9,45.0,96.5,0.0,N@0.0,0.0,53.8,55.0,7.7,0.0,0,30.01,"Langley, Langley, Island County",300214,Langley,2017-12-08 23:33:56.744142
2017-10-09,21:00,45.8,45.8,45.0,96.9,0.0,N@0.0,0.0,53.7,55.0,7.7,0.0,0,30.0,"Langley, Langley, Island County",300214,Langley,2017-12-08 23:33:56.744142
2017-10-09,21:15,45.8,45.8,45.0,97.1,0.0,N@0.0,0.0,53.6,55.0,7.7,0.0,0,29.99,"Langley, Langley, Island County",300214,Langley,2017-12-08 23:33:56.744142
2017-10-09,21:30,45.6,45.6,45.0,97.7,0.0,N@0.0,0.0,53.6,55.0,7.7,0.0,0,29.99,"Langley, Langley, Island County",300214,Langley,2017-12-08 23:33:56.744142
2017-10-09,21:45,45.5,45.5,45.0,97.8,0.0,N@0.0,0.0,53.5,55.0,7.7,0.0,0,29.98,"Langley, Langley, Island County",300214,Langley,2017-12-08 23:33:56.744142
2017-10-09,22:00,45.5,45.5,44.9,97.9,0.0,N@0.0,0.0,53.4,55.0,7.7,0.0,0,29.98,"Langley, Langley, Island County",300214,Langley,2017-12-08 23:33:56.744142
2017-10-09,22:15,45.3,45.3,44.8,98.3,0.04,SW@0.0,1.4,53.4,55.0,7.7,0.0,0,29.97,"Langley, Langley, Island County",300214,Langley,2017-12-08 23:33:56.744142
2017-10-09,22:30,45.2,45.2,44.8,98.4,0.06,E@0.0,1.4,53.3,54.9,7.7,0.0,0,29.96,"Langley, Langley, Island County",300214,Langley,2017-12-08 23:33:56.744142
2017-10-09,22:45,45.5,45.5,45.1,98.7,0.07,N@0.0,0.0,53.2,54.9,7.7,0.0,0,29.95,"Langley, Langley, Island County",300214,Langley,2017-12-08 23:33:56.744142
2017-10-09,23:00,45.8,45.8,45.5,98.7,0.07,NW@0.0,1.4,53.2,54.9,7.7,0.0,0,29.95,"Langley, Langley, Island County",300214,Langley,2017-12-08 23:33:56.744142
2017-10-10,23:15,46.2,46.2,45.9,98.9,0.07,E@0.1,1.7,53.1,54.9,7.7,0.0,0,29.95,"Langley, Langley, Island County",300214,Langley,2017-12-08 23:33:56.744142
2017-10-10,23:30,46.0,46.0,45.8,99.3,0.08,NE@0.0,1.4,53.1,54.9,7.7,0.0,0,29.94,"Langley, Langley, Island County",300214,Langley,2017-12-08 23:33:56.744142
2017-10-10,23:45,45.7,45.7,45.5,99.3,0.08,E@0.0,1.4,53.1,54.9,7.7,0.0,0,29.94,"Langley, Langley, Island County",300214,Langley,2017-12-08 23:33:56.744142
2017-10-10,24:00,45.4,45.4,45.3,99.3,0.08,NE@0.1,2.8,53.0,54.9,7.7,0.0,0,29.93,"Langley, Langley, Island County",300214,Langley,2017-12-08 23:33:56.744142
2017-10-10,00:15,45.3,45.3,45.2,99.3,0.09,W@0.0,1.7,53.0,54.8,7.7,0.0,0,29.92,"Langley, Langley, Island County",300214,Langley,2017-12-08 23:33:56.744142
2017-10-10,00:30,46.3,46.3,46.1,99.3,0.09,W@0.3,2.8,52.9,54.8,7.7,0.0,0,29.92,"Langley, Langley, Island County",300214,Langley,2017-12-08 23:33:56.744142
2017-10-10,00:45,45.3,45.3,45.1,99.3,0.1,S@0.4,2.8,52.9,54.8,7.7,0.0,0,29.91,"Langley, Langley, Island County",300214,Langley,2017-12-08 23:33:56.744142
2017-10-10,01:00,45.0,45.0,44.9,99.3,0.11,NE@0.1,2.1,52.9,54.8,7.7,0.0,0,29.91,"Langley, Langley, Island County",300214,Langley,2017-12-08 23:33:56.744142
2017-10-10,01:15,45.3,45.3,45.1,99.3,0.12,N@0.0,1.4,52.8,54.8,7.7,0.0,0,29.9,"Langley, Langley, Island County",300214,Langley,2017-12-08 23:33:56.744142
2017-10-10,01:30,44.6,44.6,44.4,99.3,0.13,N@0.0,0.0,52.8,54.8,7.7,0.0,0,29.9,"Langley, Langley, Island County",300214,Langley,2017-12-08 23:33:56.744142
2017-10-10,01:45,44.1,44.1,43.9,99.3,0.14,N@0.0,0.0,52.7,54.8,7.7,0.0,0,29.89,"Langley, Langley, Island County",300214,Langley,2017-12-08 23:33:56.744142
2017-10-10,02:00,43.9,43.9,43.7,99.3,0.16,N@0.0,0.0,52.7,54.7,7.7,0.0,0,29.89,"Langley, Langley, Island County",300214,Langley,2017-12-08 23:33:56.744142
2017-10-10,02:15,43.7,43.7,43.6,99.3,0.17,N@0.0,0.0,52.6,54.7,7.7,0.0,0,29.88,"Langley, Langley, Island County",300214,Langley,2017-12-08 23:33:56.744142
2017-10-10,02:30,43.7,43.7,43.5,99.3,0.19,N@0.0,0.0,52.6,54.7,7.7,0.0,0,29.88,"Langley, Langley, Island County",300214,Langley,2017-12-08 23:33:56.744142
2017-10-10,02:45,43.7,43.7,43.5,99.3,0.21,N@0.0,0.0,52.5,54.7,7.7,0.0,0,29.87,"Langley, Langley, Island County",300214,Langley,2017-12-08 23:33:56.744142
2017-10-10,03:00,43.4,43.4,43.2,99.3,0.23,N@0.0,0.0,52.5,54.7,7.7,0.0,0,29.87,"Langley, Langley, Island County",300214,Langley,2017-12-08 23:33:56.744142
2017-10-10,03:15,43.2,43.2,43.0,99.3,0.26,N@0.0,0.0,52.4,54.7,7.7,0.0,0,29.86,"Langley, Langley, Island County",300214,Langley,2017-12-08 23:33:56.744142
2017-10-10,03:30,43.2,43.2,43.0,99.3,0.3,N@0.0,0.0,52.4,54.7,7.7,0.0,0,29.86,"Langley, Langley, Island County",300214,Langley,2017-12-08 23:33:56.744142
2017-10-10,03:45,43.1,43.1,42.9,99.3,0.34,N@0.0,0.0,52.4,54.6,7.7,0.0,0,29.86,"Langley, Langley, Island County",300214,Langley,2017-12-08 23:33:56.744142
2017-10-10,04:00,42.9,42.9,42.7,99.3,0.38,N@0.0,0.0,52.3,54.6,7.7,0.0,0,29.86,"Langley, Langley, Island County",300214,Langley,2017-12-08 23:33:56.744142
2017-10-10,04:15,43.1,43.1,42.9,99.3,0.43,N@0.0,0.0,52.2,54.6,7.7,0.0,0,29.85,"Langley, Langley, Island County",300214,Langley,2017-12-08 23:33:56.744142
2017-10-10,04:30,42.8,42.8,42.6,99.3,0.48,N@0.0,0.0,52.2,54.6,7.7,0.0,0,29.84,"Langley, Langley, Island County",300214,Langley,2017-12-08 23:33:56.744142
2017-10-10,04:45,42.9,42.9,42.7,99.3,0.55,N@0.0,0.0,52.2,54.6,7.7,0.0,0,29.85,"Langley, Langley, Island County",300214,Langley,2017-12-08 23:33:56.744142
2017-10-10,05:00,42.6,42.6,42.4,99.3,0.61,N@0.0,0.0,52.1,54.6,7.7,0.0,0,29.85,"Langley, Langley, Island County",300214,Langley,2017-12-08 23:33:56.744142
2017-10-10,05:15,42.8,42.8,42.6,99.3,0.67,N@0.0,0.0,52.1,54.5,7.7,0.0,0,29.85,"Langley, Langley, Island County",300214,Langley,2017-12-08 23:33:56.744142
2017-10-10,05:30,42.5,42.5,42.3,99.3,0.71,N@0.0,0.0,52.0,54.5,7.7,0.0,0,29.85,"Langley, Langley, Island County",300214,Langley,2017-12-08 23:33:56.744142
2017-10-10,05:45,42.6,42.6,42.4,99.3,0.76,NW@0.0,1.4,52.0,54.5,7.7,0.0,0,29.85,"Langley, Langley, Island County",300214,Langley,2017-12-08 23:33:56.744142
2017-10-10,06:00,42.1,42.1,41.9,99.3,0.81,N@0.0,0.0,51.9,54.5,7.7,0.0,0,29.86,"Langley, Langley, Island County",300214,Langley,2017-12-08 23:33:56.744142
2017-10-10,06:15,41.5,41.5,41.3,99.3,0.85,N@0.0,0.0,51.9,54.5,7.7,0.0,1,29.85,"Langley, Langley, Island County",300214,Langley,2017-12-08 23:33:56.744142
2017-10-10,06:30,41.7,41.7,41.6,99.3,0.87,N@0.0,0.0,51.8,54.4,7.7,0.0,3,29.85,"Langley, Langley, Island County",300214,Langley,2017-12-08 23:33:56.744142
2017-10-10,06:45,41.7,41.7,41.5,99.3,0.88,N@0.0,0.0,51.7,54.4,7.7,0.0,16,29.85,"Langley, Langley, Island County",300214,Langley,2017-12-08 23:33:56.744142
2017-10-10,07:00,41.4,41.4,41.3,99.3,0.89,N@0.0,0.0,51.7,54.4,7.7,0.0,37,29.85,"Langley, Langley, Island County",300214,Langley,2017-12-08 23:33:56.744142
2017-10-10,07:15,42.4,42.4,42.3,99.3,0.89,N@0.0,0.0,51.6,54.4,7.7,0.0,91,29.86,"Langley, Langley, Island County",300214,Langley,2017-12-08 23:33:56.744142
2017-10-10,07:30,44.7,44.7,44.5,99.3,0.89,N@0.0,0.0,51.6,54.4,7.7,0.0,118,29.86,"Langley, Langley, Island County",300214,Langley,2017-12-08 23:33:56.744142
2017-10-10,07:45,44.7,44.7,44.5,99.3,0.88,N@0.0,0.0,51.6,54.3,7.7,0.0,64,29.86,"Langley, Langley, Island County",300214,Langley,2017-12-08 23:33:56.744142
2017-10-10,08:00,45.1,45.1,44.9,99.3,0.87,N@0.0,0.0,51.6,54.3,7.7,0.0,44,29.87,"Langley, Langley, Island County",300214,Langley,2017-12-08 23:33:56.744142
2017-10-10,08:15,45.6,45.6,45.4,99.3,0.87,NE@0.1,1.7,51.6,54.3,7.7,0.0,44,29.87,"Langley, Langley, Island County",300214,Langley,2017-12-08 23:33:56.744142
2017-10-10,08:30,46.2,46.2,46.0,99.3,0.85,NE@0.5,3.1,51.7,54.3,7.7,0.0,40,29.87,"Langley, Langley, Island County",300214,Langley,2017-12-08 23:33:56.744142
2017-10-10,08:45,46.1,46.1,45.9,99.2,0.84,SE@0.1,1.7,51.7,54.2,7.7,0.0,57,29.87,"Langley, Langley, Island County",300214,Langley,2017-12-08 23:33:56.744142
2017-10-10,09:00,47.6,47.6,47.2,98.6,0.82,NE@0.6,2.1,51.7,54.2,7.7,0.0,130,29.87,"Langley, Langley, Island County",300214,Langley,2017-12-08 23:33:56.744142
2017-10-10,09:15,49.2,49.2,48.6,97.8,0.75,NE@1.5,3.1,51.8,54.2,7.7,0.0,181,29.87,"Langley, Langley, Island County",300214,Langley,2017-12-08 23:33:56.744142
2017-10-10,09:30,50.5,50.5,49.5,96.1,0.62,S@1.0,4.2,51.8,54.2,7.7,0.0,127,29.87,"Langley, Langley, Island County",300214,Langley,2017-12-08 23:33:56.744142
2017-10-10,09:45,50.7,50.7,49.0,93.8,0.47,SE@0.2,2.4,51.9,54.1,7.7,0.0,67,29.88,"Langley, Langley, Island County",300214,Langley,2017-12-08 23:33:56.744142
2017-10-10,10:00,50.8,50.8,48.3,91.1,0.26,N@0.3,3.5,52.0,54.1,7.7,0.0,71,29.89,"Langley, Langley, Island County",300214,Langley,2017-12-08 23:33:56.744142
2017-10-10,10:15,51.1,51.1,48.4,90.4,0.04,NW@0.0,1.4,52.1,54.1,7.7,0.0,77,29.89,"Langley, Langley, Island County",300214,Langley,2017-12-08 23:33:56.744142
2017-10-10,10:30,51.7,51.7,48.7,89.2,0.0,E@0.7,4.2,52.2,54.1,7.7,0.0,193,29.89,"Langley, Langley, Island County",300214,Langley,2017-12-08 23:33:56.744142
2017-10-10,10:45,52.1,52.1,48.1,85.9,0.0,E@2.4,4.9,52.2,54.1,7.7,0.0,242,29.89,"Langley, Langley, Island County",300214,Langley,2017-12-08 23:33:56.744142
2017-10-10,11:00,52.4,52.4,47.7,84.0,0.0,NE@2.8,5.3,52.3,54.1,7.7,0.0,182,29.89,"Langley, Langley, Island County",300214,Langley,2017-12-08 23:33:56.744142
2017-10-10,11:15,52.2,52.2,47.4,83.6,0.0,NE@3.0,6.0,52.5,54.1,7.7,0.0,147,29.88,"Langley, Langley, Island County",300214,Langley,2017-12-08 23:33:56.744142
2017-10-10,11:30,52.2,52.2,47.2,82.9,0.02,N@3.2,7.1,52.6,54.1,7.7,0.0,146,29.89,"Langley, Langley, Island County",300214,Langley,2017-12-08 23:33:56.744142
2017-10-10,11:45,51.9,51.9,45.7,79.3,0.03,N@3.7,7.4,52.7,54.1,7.7,0.0,143,29.89,"Langley, Langley, Island County",300214,Langley,2017-12-08 23:33:56.744142
2017-10-10,12:00,51.2,51.2,43.4,74.4,0.0,N@4.4,7.8,52.8,54.1,7.7,0.0,105,29.89,"Langley, Langley, Island County",300214,Langley,2017-12-08 23:33:56.744142
2017-10-10,12:15,51.4,51.4,43.4,73.9,0.0,N@3.6,8.5,52.9,54.1,7.7,0.0,157,29.89,"Langley, Langley, Island County",300214,Langley,2017-12-08 23:33:56.744142
2017-10-10,12:30,51.4,51.4,43.4,73.9,0.0,N@3.1,8.5,53.0,54.1,7.7,0.0,77,29.89,"Langley, Langley, Island County",300214,Langley,2017-12-08 23:33:56.744142
2017-10-10,12:45,51.3,51.3,43.6,74.7,0.0,N@1.7,4.2,53.0,54.1,7.7,0.0,55,29.89,"Langley, Langley, Island County",300214,Langley,2017-12-08 23:33:56.744142
2017-10-10,13:00,51.4,51.4,43.6,74.4,0.0,NE@1.7,4.2,53.1,54.1,7.7,0.0,49,29.89,"Langley, Langley, Island County",300214,Langley,2017-12-08 23:33:56.744142
2017-10-10,13:15,51.6,51.6,44.2,75.5,0.0,SW@0.2,1.7,53.1,54.1,7.7,0.0,51,29.89,"Langley, Langley, Island County",300214,Langley,2017-12-08 23:33:56.744142
2017-10-10,13:30,51.4,51.4,46.3,82.6,0.0,SW@1.7,3.9,53.2,54.1,7.7,0.0,41,29.89,"Langley, Langley, Island County",300214,Langley,2017-12-08 23:33:56.744142
2017-10-10,13:45,51.4,51.4,47.3,85.6,0.01,N@1.5,3.5,53.2,54.1,7.7,0.0,46,29.89,"Langley, Langley, Island County",300214,Langley,2017-12-08 23:33:56.744142
2017-10-10,14:00,51.2,51.2,47.1,85.9,0.01,NW@1.8,7.4,53.2,54.2,7.7,0.0,47,29.89,"Langley, Langley, Island County",300214,Langley,2017-12-08 23:33:56.744142
2017-10-10,14:15,51.0,51.0,47.4,87.3,0.0,N@2.7,5.7,53.3,54.2,7.7,0.0,88,29.89,"Langley, Langley, Island County",300214,Langley,2017-12-08 23:33:56.744142
2017-10-10,14:30,50.7,50.7,47.4,88.3,0.0,N@2.9,6.7,53.3,54.2,7.7,0.0,53,29.9,"Langley, Langley, Island County",300214,Langley,2017-12-08 23:33:56.744142
2017-10-10,14:45,50.4,50.4,46.8,87.2,0.0,NE@2.1,5.3,53.3,54.2,7.7,0.0,80,29.9,"Langley, Langley, Island County",300214,Langley,2017-12-08 23:33:56.744142
2017-10-10,15:00,51.8,51.8,47.1,83.7,0.0,E@1.2,3.1,53.4,54.2,7.7,0.0,240,29.9,"Langley, Langley, Island County",300214,Langley,2017-12-08 23:33:56.744142
2017-10-10,15:15,53.1,53.1,47.5,81.3,0.0,NW@3.1,6.4,53.4,54.3,7.7,0.0,117,29.9,"Langley, Langley, Island County",300214,Langley,2017-12-08 23:33:56.744142
2017-10-10,15:30,53.1,53.1,47.6,81.4,0.0,NW@3.3,7.8,53.4,54.3,7.7,0.0,228,29.9,"Langley, Langley, Island County",300214,Langley,2017-12-08 23:33:56.744142
2017-10-10,15:45,53.7,53.7,49.7,86.3,0.0,N@3.6,8.2,53.4,54.3,7.7,0.0,181,29.9,"Langley, Langley, Island County",300214,Langley,2017-12-08 23:33:56.744142
2017-10-10,16:00,52.5,52.5,49.7,89.9,0.0,NW@2.7,5.3,53.5,54.3,7.7,0.0,68,29.9,"Langley, Langley, Island County",300214,Langley,2017-12-08 23:33:56.744142
2017-10-10,16:15,51.9,51.9,49.2,90.5,0.0,N@0.7,2.4,53.5,54.3,7.7,0.0,66,29.9,"Langley, Langley, Island County",300214,Langley,2017-12-08 23:33:56.744142
2017-10-10,16:30,51.4,51.4,49.0,91.3,0.0,E@1.1,3.1,53.5,54.3,7.7,0.0,58,29.91,"Langley, Langley, Island County",300214,Langley,2017-12-08 23:33:56.744142
2017-10-10,16:45,50.2,50.2,48.1,92.4,0.0,W@1.2,4.9,53.5,54.3,7.7,0.0,37,29.91,"Langley, Langley, Island County",300214,Langley,2017-12-08 23:33:56.744142
2017-10-10,17:00,50.3,50.3,48.0,91.9,0.0,N@1.8,6.4,53.5,54.4,7.7,0.0,21,29.91,"Langley, Langley, Island County",300214,Langley,2017-12-08 23:33:56.744142
2017-10-10,17:15,48.7,48.7,46.7,92.7,0.0,NW@0.2,2.1,53.5,54.4,7.7,0.0,12,29.91,"Langley, Langley, Island County",300214,Langley,2017-12-08 23:33:56.744142
2017-10-10,17:30,46.7,46.7,45.0,93.5,0.0,W@0.7,2.8,53.4,54.4,7.7,0.0,6,29.92,"Langley, Langley, Island County",300214,Langley,2017-12-08 23:33:56.744142
2017-10-10,17:45,45.4,45.4,43.8,94.0,0.0,SW@1.1,3.1,53.4,54.4,7.7,0.0,2,29.92,"Langley, Langley, Island County",300214,Langley,2017-12-08 23:33:56.744142
2017-10-10,18:00,44.7,44.7,43.2,94.5,0.0,W@0.3,2.1,53.3,54.4,7.7,0.0,1,29.92,"Langley, Langley, Island County",300214,Langley,2017-12-08 23:33:56.744142
2017-10-10,18:15,43.6,43.6,42.3,95.1,0.08,NW@0.0,1.7,53.2,54.4,7.7,0.0,0,29.92,"Langley, Langley, Island County",300214,Langley,2017-12-08 23:33:56.744142
2017-10-10,18:30,43.5,43.5,42.2,95.3,0.13,NW@0.2,2.1,53.0,54.5,7.7,0.0,0,29.92,"Langley, Langley, Island County",300214,Langley,2017-12-08 23:33:56.744142
2017-10-10,18:45,44.4,44.4,43.2,95.5,0.14,W@0.8,2.8,52.9,54.5,7.7,0.0,0,29.92,"Langley, Langley, Island County",300214,Langley,2017-12-08 23:33:56.744142
2017-10-10,19:00,45.0,45.0,44.0,96.0,0.14,SW@0.0,1.4,52.8,54.5,7.7,0.0,0,29.93,"Langley, Langley, Island County",300214,Langley,2017-12-08 23:33:56.744142
2017-10-10,19:15,45.0,45.0,44.2,96.9,0.13,S@0.0,1.4,52.7,54.5,7.7,0.0,0,29.93,"Langley, Langley, Island County",300214,Langley,2017-12-08 23:33:56.744142
2017-10-10,19:30,44.1,44.1,43.4,97.3,0.13,N@0.0,0.0,52.6,54.5,7.7,0.0,0,29.93,"Langley, Langley, Island County",300214,Langley,2017-12-08 23:33:56.744142
2017-10-10,19:45,43.7,43.7,43.0,97.6,0.14,NW@0.0,1.4,52.5,54.5,7.7,0.0,0,29.93,"Langley, Langley, Island County",300214,Langley,2017-12-08 23:33:56.744142
2017-10-10,20:00,43.5,43.5,42.9,97.7,0.14,N@0.2,1.7,52.5,54.5,7.7,0.0,0,29.93,"Langley, Langley, Island County",300214,Langley,2017-12-08 23:33:56.744142
2017-10-10,20:15,43.3,43.3,42.8,98.1,0.15,SW@0.2,2.1,52.4,54.5,7.7,0.0,0,29.93,"Langley, Langley, Island County",300214,Langley,2017-12-08 23:33:56.744142
2017-10-10,20:30,43.3,43.3,42.8,98.0,0.15,NW@0.2,2.1,52.3,54.4,7.7,0.0,0,29.93,"Langley, Langley, Island County",300214,Langley,2017-12-08 23:33:56.744142
2017-10-10,20:45,44.3,44.3,43.7,97.8,0.16,W@0.2,2.1,52.3,54.4,7.7,0.0,0,29.93,"Langley, Langley, Island County",300214,Langley,2017-12-08 23:33:56.744142
2017-10-10,21:00,45.4,45.4,44.8,97.9,0.34,NW@0.0,1.4,52.2,54.4,7.7,0.0,0,29.93,"Langley, Langley, Island County",300214,Langley,2017-12-08 23:33:56.744142
2017-10-10,21:15,45.5,45.5,44.9,97.8,0.4,E@0.3,2.8,52.1,54.4,7.7,0.0,0,29.93,"Langley, Langley, Island County",300214,Langley,2017-12-08 23:33:56.744142
2017-10-10,21:30,46.3,46.3,45.8,97.9,0.37,E@1.0,3.1,52.1,54.4,7.7,0.0,0,29.94,"Langley, Langley, Island County",300214,Langley,2017-12-08 23:33:56.744142
2017-10-10,21:45,47.2,47.2,46.6,97.9,0.29,SE@2.6,6.7,52.1,54.4,7.7,0.0,0,29.94,"Langley, Langley, Island County",300214,Langley,2017-12-08 23:33:56.744142
2017-10-10,22:00,47.3,47.3,46.8,98.2,0.35,NE@1.1,3.1,52.1,54.3,7.7,0.0,0,29.94,"Langley, Langley, Island County",300214,Langley,2017-12-08 23:33:56.744142
2017-10-10,22:15,46.9,46.9,46.5,98.5,0.92,N@0.9,3.5,52.1,54.3,7.7,0.0,0,29.95,"Langley, Langley, Island County",300214,Langley,2017-12-08 23:33:56.744142
2017-10-10,22:30,46.6,46.6,46.2,98.4,0.9,E@1.3,4.9,52.1,54.3,7.7,0.0,0,29.95,"Langley, Langley, Island County",300214,Langley,2017-12-08 23:33:56.744142
2017-10-10,22:45,45.9,45.9,45.3,97.9,0.87,E@0.8,4.6,52.1,54.3,7.7,0.03,0,29.95,"Langley, Langley, Island County",300214,Langley,2017-12-08 23:33:56.744142
2017-10-10,23:00,45.3,45.3,44.5,96.9,0.87,SE@2.3,5.7,52.1,54.3,7.7,0.01,0,29.95,"Langley, Langley, Island County",300214,Langley,2017-12-08 23:33:56.744142
2017-10-11,23:15,45.0,45.0,44.0,96.0,0.88,E@1.8,4.6,52.1,54.2,7.7,0.01,0,29.96,"Langley, Langley, Island County",300214,Langley,2017-12-08 23:33:56.744142
2017-10-11,23:30,44.9,44.9,43.8,95.7,0.87,E@3.3,7.4,52.1,54.2,7.7,0.0,0,29.95,"Langley, Langley, Island County",300214,Langley,2017-12-08 23:33:56.744142
2017-10-11,23:45,44.7,44.7,43.5,95.6,0.86,SE@2.6,6.0,52.0,54.2,7.7,0.01,0,29.95,"Langley, Langley, Island County",300214,Langley,2017-12-08 23:33:56.744142
2017-10-11,24:00,44.5,44.5,43.4,95.8,0.87,E@2.3,5.7,52.0,54.2,7.7,0.0,0,29.95,"Langley, Langley, Island County",300214,Langley,2017-12-08 23:33:56.744142
