Date,Time PST,1.5m Air Temp °F, 1.5m Dew Point °F, 1.5m Rel Hum %, Tot Prec in, Solar Rad W/m², Atm. 2m Press. inHg, Wind Direction, Wind Speed mph, 2m Wind Gust mph,Location,Station ID,Station Name,Download Timestamp
2020-07-26,00:15,57.3,49.8,75.9,0.0,0,30.04,W,1.2,1.8,"Cemetery*, The Dalles, Wasco County",100008,Cemetery*,2020-12-19 14:25:16.643631
2020-07-26,00:30,57.5,48.9,72.8,0.0,0,30.04,W,1.1,1.7,"Cemetery*, The Dalles, Wasco County",100008,Cemetery*,2020-12-19 14:25:16.643631
2020-07-26,00:45,57.0,49.1,74.8,0.0,0,30.04,W,1.2,2.1,"Cemetery*, The Dalles, Wasco County",100008,Cemetery*,2020-12-19 14:25:16.643631
2020-07-26,01:00,55.7,49.3,78.9,0.0,0,30.04,W,1.1,1.6,"Cemetery*, The Dalles, Wasco County",100008,Cemetery*,2020-12-19 14:25:16.643631
2020-07-26,01:15,55.2,48.9,79.2,0.0,0,30.04,NW,0.9,1.5,"Cemetery*, The Dalles, Wasco County",100008,Cemetery*,2020-12-19 14:25:16.643631
2020-07-26,01:30,55.2,48.5,78.0,0.0,0,30.05,W,1.2,1.6,"Cemetery*, The Dalles, Wasco County",100008,Cemetery*,2020-12-19 14:25:16.643631
2020-07-26,01:45,55.4,48.4,77.3,0.0,0,30.05,W,1.3,1.7,"Cemetery*, The Dalles, Wasco County",100008,Cemetery*,2020-12-19 14:25:16.643631
2020-07-26,02:00,54.9,48.8,79.7,0.0,0,30.05,W,1.1,1.6,"Cemetery*, The Dalles, Wasco County",100008,Cemetery*,2020-12-19 14:25:16.643631
2020-07-26,02:15,55.4,48.3,76.9,0.0,0,30.05,W,1.0,1.5,"Cemetery*, The Dalles, Wasco County",100008,Cemetery*,2020-12-19 14:25:16.643631
2020-07-26,02:30,54.8,48.6,79.4,0.0,0,30.05,W,1.3,2.3,"Cemetery*, The Dalles, Wasco County",100008,Cemetery*,2020-12-19 14:25:16.643631
2020-07-26,02:45,55.0,48.0,77.2,0.0,0,30.05,W,1.4,2.0,"Cemetery*, The Dalles, Wasco County",100008,Cemetery*,2020-12-19 14:25:16.643631
2020-07-26,03:00,54.9,47.7,76.8,0.0,0,30.05,W,1.3,1.8,"Cemetery*, The Dalles, Wasco County",100008,Cemetery*,2020-12-19 14:25:16.643631
2020-07-26,03:15,55.5,47.7,75.2,0.0,0,30.06,W,1.3,1.7,"Cemetery*, The Dalles, Wasco County",100008,Cemetery*,2020-12-19 14:25:16.643631
2020-07-26,03:30,54.5,47.9,78.4,0.0,0,30.06,W,1.1,1.4,"Cemetery*, The Dalles, Wasco County",100008,Cemetery*,2020-12-19 14:25:16.643631
2020-07-26,03:45,53.6,48.0,81.2,0.0,0,30.07,W,1.0,1.5,"Cemetery*, The Dalles, Wasco County",100008,Cemetery*,2020-12-19 14:25:16.643631
2020-07-26,04:00,53.3,46.9,78.7,0.0,0,30.08,W,1.0,1.5,"Cemetery*, The Dalles, Wasco County",100008,Cemetery*,2020-12-19 14:25:16.643631
2020-07-26,04:15,52.9,46.7,79.5,0.0,0,30.08,W,1.2,1.5,"Cemetery*, The Dalles, Wasco County",100008,Cemetery*,2020-12-19 14:25:16.643631
2020-07-26,04:30,53.0,46.8,79.2,0.0,0,30.08,W,1.2,1.5,"Cemetery*, The Dalles, Wasco County",100008,Cemetery*,2020-12-19 14:25:16.643631
2020-07-26,04:45,52.8,46.3,78.3,0.0,3,30.08,W,1.1,1.6,"Cemetery*, The Dalles, Wasco County",100008,Cemetery*,2020-12-19 14:25:16.643631
2020-07-26,05:00,52.6,46.3,79.0,0.0,15,30.08,W,1.2,1.4,"Cemetery*, The Dalles, Wasco County",100008,Cemetery*,2020-12-19 14:25:16.643631
2020-07-26,05:15,54.0,47.1,77.2,0.0,41,30.09,W,1.0,1.3,"Cemetery*, The Dalles, Wasco County",100008,Cemetery*,2020-12-19 14:25:16.643631
2020-07-26,05:30,55.6,49.4,79.4,0.0,70,30.08,NW,0.7,1.1,"Cemetery*, The Dalles, Wasco County",100008,Cemetery*,2020-12-19 14:25:16.643631
2020-07-26,05:45,57.3,51.3,80.3,0.0,101,30.09,N ,0.6,0.9,"Cemetery*, The Dalles, Wasco County",100008,Cemetery*,2020-12-19 14:25:16.643631
2020-07-26,06:00,59.3,52.5,78.1,0.0,108,30.09,NW,0.6,1.1,"Cemetery*, The Dalles, Wasco County",100008,Cemetery*,2020-12-19 14:25:16.643631
2020-07-26,06:15,61.3,51.5,70.2,0.0,171,30.1,N,0.6,1.2,"Cemetery*, The Dalles, Wasco County",100008,Cemetery*,2020-12-19 14:25:16.643631
2020-07-26,06:30,63.0,51.4,65.8,0.0,210,30.1,N,0.6,2.1,"Cemetery*, The Dalles, Wasco County",100008,Cemetery*,2020-12-19 14:25:16.643631
2020-07-26,06:45,64.5,52.8,65.7,0.0,251,30.1,N,0.8,1.9,"Cemetery*, The Dalles, Wasco County",100008,Cemetery*,2020-12-19 14:25:16.643631
2020-07-26,07:00,64.7,51.9,63.2,0.0,294,30.1,E,1.0,2.5,"Cemetery*, The Dalles, Wasco County",100008,Cemetery*,2020-12-19 14:25:16.643631
2020-07-26,07:15,65.2,50.6,59.1,0.0,338,30.11,E,1.6,3.8,"Cemetery*, The Dalles, Wasco County",100008,Cemetery*,2020-12-19 14:25:16.643631
2020-07-26,07:30,66.8,52.0,58.9,0.0,381,30.11,NE,1.1,3.7,"Cemetery*, The Dalles, Wasco County",100008,Cemetery*,2020-12-19 14:25:16.643631
2020-07-26,07:45,67.6,51.6,56.5,0.0,425,30.11,E,1.4,3.2,"Cemetery*, The Dalles, Wasco County",100008,Cemetery*,2020-12-19 14:25:16.643631
2020-07-26,08:00,68.9,51.6,54.1,0.0,466,30.11,NE,1.1,3.1,"Cemetery*, The Dalles, Wasco County",100008,Cemetery*,2020-12-19 14:25:16.643631
2020-07-26,08:15,70.7,52.0,51.5,0.0,508,30.1,NE,1.2,2.7,"Cemetery*, The Dalles, Wasco County",100008,Cemetery*,2020-12-19 14:25:16.643631
2020-07-26,08:30,71.7,52.8,51.3,0.0,548,30.11,NE,1.2,2.9,"Cemetery*, The Dalles, Wasco County",100008,Cemetery*,2020-12-19 14:25:16.643631
2020-07-26,08:45,73.3,52.9,48.8,0.0,587,30.11,N ,1.0,2.4,"Cemetery*, The Dalles, Wasco County",100008,Cemetery*,2020-12-19 14:25:16.643631
2020-07-26,09:00,74.9,55.3,50.5,0.0,623,30.11,N ,1.1,3.0,"Cemetery*, The Dalles, Wasco County",100008,Cemetery*,2020-12-19 14:25:16.643631
2020-07-26,09:15,76.1,56.1,50.0,0.0,659,30.1,N ,1.2,3.2,"Cemetery*, The Dalles, Wasco County",100008,Cemetery*,2020-12-19 14:25:16.643631
2020-07-26,09:30,77.2,54.8,45.8,0.0,693,30.1,NE,1.0,2.6,"Cemetery*, The Dalles, Wasco County",100008,Cemetery*,2020-12-19 14:25:16.643631
2020-07-26,09:45,78.5,56.0,45.9,0.0,725,30.1,NE,1.4,4.9,"Cemetery*, The Dalles, Wasco County",100008,Cemetery*,2020-12-19 14:25:16.643631
2020-07-26,10:00,80.0,55.6,43.2,0.0,754,30.09,NE,1.1,2.8,"Cemetery*, The Dalles, Wasco County",100008,Cemetery*,2020-12-19 14:25:16.643631
2020-07-26,10:15,80.6,57.2,44.8,0.0,781,30.08,N ,1.3,2.6,"Cemetery*, The Dalles, Wasco County",100008,Cemetery*,2020-12-19 14:25:16.643631
2020-07-26,10:30,81.6,57.2,43.4,0.0,806,30.08,N ,1.3,3.1,"Cemetery*, The Dalles, Wasco County",100008,Cemetery*,2020-12-19 14:25:16.643631
2020-07-26,10:45,82.2,58.2,44.1,0.0,827,30.08,N,1.5,4.1,"Cemetery*, The Dalles, Wasco County",100008,Cemetery*,2020-12-19 14:25:16.643631
2020-07-26,11:00,83.1,57.4,41.6,0.0,845,30.08,N,1.6,4.6,"Cemetery*, The Dalles, Wasco County",100008,Cemetery*,2020-12-19 14:25:16.643631
2020-07-26,11:15,84.6,56.6,38.6,0.0,859,30.08,N,1.6,3.8,"Cemetery*, The Dalles, Wasco County",100008,Cemetery*,2020-12-19 14:25:16.643631
2020-07-26,11:30,85.4,55.7,36.3,0.0,870,30.07,N,1.5,3.2,"Cemetery*, The Dalles, Wasco County",100008,Cemetery*,2020-12-19 14:25:16.643631
2020-07-26,11:45,86.1,54.9,34.6,0.0,879,30.07,N ,2.2,8.9,"Cemetery*, The Dalles, Wasco County",100008,Cemetery*,2020-12-19 14:25:16.643631
2020-07-26,12:00,87.5,52.4,30.1,0.0,882,30.06,NE,2.4,14.2,"Cemetery*, The Dalles, Wasco County",100008,Cemetery*,2020-12-19 14:25:16.643631
2020-07-26,12:15,88.3,51.6,28.4,0.0,883,30.05,E,2.8,9.8,"Cemetery*, The Dalles, Wasco County",100008,Cemetery*,2020-12-19 14:25:16.643631
2020-07-26,12:30,88.7,50.2,26.7,0.0,885,30.05,E,3.2,7.7,"Cemetery*, The Dalles, Wasco County",100008,Cemetery*,2020-12-19 14:25:16.643631
2020-07-26,12:45,88.7,49.2,25.7,0.0,879,30.04,E,1.8,6.7,"Cemetery*, The Dalles, Wasco County",100008,Cemetery*,2020-12-19 14:25:16.643631
2020-07-26,13:00,89.1,48.7,25.0,0.0,874,30.04,E,2.6,7.1,"Cemetery*, The Dalles, Wasco County",100008,Cemetery*,2020-12-19 14:25:16.643631
2020-07-26,13:15,89.8,48.6,24.3,0.0,862,30.03,E,4.4,10.8,"Cemetery*, The Dalles, Wasco County",100008,Cemetery*,2020-12-19 14:25:16.643631
2020-07-26,13:30,90.0,48.6,24.2,0.0,848,30.02,E,3.5,13.7,"Cemetery*, The Dalles, Wasco County",100008,Cemetery*,2020-12-19 14:25:16.643631
2020-07-26,13:45,90.1,48.1,23.7,0.0,832,30.02,E,3.6,11.4,"Cemetery*, The Dalles, Wasco County",100008,Cemetery*,2020-12-19 14:25:16.643631
2020-07-26,14:00,90.3,48.9,24.2,0.0,811,30.02,E,3.9,11.2,"Cemetery*, The Dalles, Wasco County",100008,Cemetery*,2020-12-19 14:25:16.643631
2020-07-26,14:15,90.4,47.4,22.8,0.0,789,30.01,E,2.6,15.1,"Cemetery*, The Dalles, Wasco County",100008,Cemetery*,2020-12-19 14:25:16.643631
2020-07-26,14:30,90.6,46.3,21.8,0.0,765,30.0,E,2.6,9.4,"Cemetery*, The Dalles, Wasco County",100008,Cemetery*,2020-12-19 14:25:16.643631
2020-07-26,14:45,90.9,47.3,22.4,0.0,737,30.0,E,2.3,8.2,"Cemetery*, The Dalles, Wasco County",100008,Cemetery*,2020-12-19 14:25:16.643631
2020-07-26,15:00,91.1,46.0,21.2,0.0,705,30.0,E,2.7,14.7,"Cemetery*, The Dalles, Wasco County",100008,Cemetery*,2020-12-19 14:25:16.643631
2020-07-26,15:15,91.4,46.1,21.0,0.0,674,29.99,E,2.1,6.2,"Cemetery*, The Dalles, Wasco County",100008,Cemetery*,2020-12-19 14:25:16.643631
2020-07-26,15:30,91.2,46.1,21.2,0.0,638,29.98,E,2.2,6.9,"Cemetery*, The Dalles, Wasco County",100008,Cemetery*,2020-12-19 14:25:16.643631
2020-07-26,15:45,91.2,45.0,20.3,0.0,602,29.98,E,2.0,6.6,"Cemetery*, The Dalles, Wasco County",100008,Cemetery*,2020-12-19 14:25:16.643631
2020-07-26,16:00,91.5,45.2,20.3,0.0,563,29.97,E,2.1,7.3,"Cemetery*, The Dalles, Wasco County",100008,Cemetery*,2020-12-19 14:25:16.643631
2020-07-26,16:15,91.6,44.4,19.6,0.0,523,29.97,E,2.5,6.0,"Cemetery*, The Dalles, Wasco County",100008,Cemetery*,2020-12-19 14:25:16.643631
2020-07-26,16:30,91.2,45.7,20.9,0.0,481,29.96,NE,1.6,5.7,"Cemetery*, The Dalles, Wasco County",100008,Cemetery*,2020-12-19 14:25:16.643631
2020-07-26,16:45,91.4,46.4,21.3,0.0,436,29.95,NE,2.7,7.9,"Cemetery*, The Dalles, Wasco County",100008,Cemetery*,2020-12-19 14:25:16.643631
2020-07-26,17:00,90.6,48.8,23.9,0.0,390,29.95,NE,1.5,5.3,"Cemetery*, The Dalles, Wasco County",100008,Cemetery*,2020-12-19 14:25:16.643631
2020-07-26,17:15,90.2,49.9,25.2,0.0,344,29.95,NE,1.9,8.2,"Cemetery*, The Dalles, Wasco County",100008,Cemetery*,2020-12-19 14:25:16.643631
2020-07-26,17:30,90.0,48.6,24.2,0.0,301,29.94,NE,1.4,7.5,"Cemetery*, The Dalles, Wasco County",100008,Cemetery*,2020-12-19 14:25:16.643631
2020-07-26,17:45,89.2,47.9,24.2,0.0,210,29.94,NE,1.2,5.9,"Cemetery*, The Dalles, Wasco County",100008,Cemetery*,2020-12-19 14:25:16.643631
2020-07-26,18:00,88.8,48.1,24.7,0.0,127,29.94,NE,1.2,6.1,"Cemetery*, The Dalles, Wasco County",100008,Cemetery*,2020-12-19 14:25:16.643631
2020-07-26,18:15,87.8,48.3,25.7,0.0,74,29.94,NW,1.0,2.5,"Cemetery*, The Dalles, Wasco County",100008,Cemetery*,2020-12-19 14:25:16.643631
2020-07-26,18:30,86.1,48.6,27.4,0.0,32,29.94,N,1.0,3.3,"Cemetery*, The Dalles, Wasco County",100008,Cemetery*,2020-12-19 14:25:16.643631
2020-07-26,18:45,84.2,47.4,27.8,0.0,25,29.93,NW,1.1,2.3,"Cemetery*, The Dalles, Wasco County",100008,Cemetery*,2020-12-19 14:25:16.643631
2020-07-26,19:00,81.4,47.5,30.6,0.0,19,29.93,NW,1.4,2.3,"Cemetery*, The Dalles, Wasco County",100008,Cemetery*,2020-12-19 14:25:16.643631
2020-07-26,19:15,78.2,48.1,34.6,0.0,14,29.94,W,1.7,2.4,"Cemetery*, The Dalles, Wasco County",100008,Cemetery*,2020-12-19 14:25:16.643631
2020-07-26,19:30,77.7,47.6,34.6,0.0,9,29.94,W,1.7,2.6,"Cemetery*, The Dalles, Wasco County",100008,Cemetery*,2020-12-19 14:25:16.643631
2020-07-26,19:45,76.9,47.2,34.9,0.0,4,29.94,W,1.3,3.0,"Cemetery*, The Dalles, Wasco County",100008,Cemetery*,2020-12-19 14:25:16.643631
2020-07-26,20:00,77.2,46.0,33.1,0.0,1,29.95,W,1.3,2.5,"Cemetery*, The Dalles, Wasco County",100008,Cemetery*,2020-12-19 14:25:16.643631
2020-07-26,20:15,76.8,45.4,32.8,0.0,0,29.95,W,1.3,3.1,"Cemetery*, The Dalles, Wasco County",100008,Cemetery*,2020-12-19 14:25:16.643631
2020-07-26,20:30,75.8,45.3,33.7,0.0,0,29.95,W,1.1,3.4,"Cemetery*, The Dalles, Wasco County",100008,Cemetery*,2020-12-19 14:25:16.643631
2020-07-26,20:45,76.6,43.8,31.0,0.0,0,29.95,W,1.5,3.8,"Cemetery*, The Dalles, Wasco County",100008,Cemetery*,2020-12-19 14:25:16.643631
2020-07-26,21:00,76.4,43.6,31.0,0.0,0,29.95,W,1.5,4.0,"Cemetery*, The Dalles, Wasco County",100008,Cemetery*,2020-12-19 14:25:16.643631
2020-07-26,21:15,73.8,45.3,36.2,0.0,0,29.95,W,1.4,2.2,"Cemetery*, The Dalles, Wasco County",100008,Cemetery*,2020-12-19 14:25:16.643631
2020-07-26,21:30,72.0,44.8,37.6,0.0,0,29.95,W,1.3,1.9,"Cemetery*, The Dalles, Wasco County",100008,Cemetery*,2020-12-19 14:25:16.643631
2020-07-26,21:45,70.7,45.1,39.7,0.0,0,29.95,W,1.2,3.0,"Cemetery*, The Dalles, Wasco County",100008,Cemetery*,2020-12-19 14:25:16.643631
2020-07-26,22:00,69.4,45.6,42.4,0.0,0,29.95,W,1.1,2.0,"Cemetery*, The Dalles, Wasco County",100008,Cemetery*,2020-12-19 14:25:16.643631
2020-07-26,22:15,68.5,45.4,43.4,0.0,0,29.95,W,1.2,1.7,"Cemetery*, The Dalles, Wasco County",100008,Cemetery*,2020-12-19 14:25:16.643631
2020-07-26,22:30,67.6,45.3,44.6,0.0,0,29.95,W,1.3,1.9,"Cemetery*, The Dalles, Wasco County",100008,Cemetery*,2020-12-19 14:25:16.643631
2020-07-26,22:45,65.8,46.2,49.2,0.0,0,29.95,W,1.1,1.9,"Cemetery*, The Dalles, Wasco County",100008,Cemetery*,2020-12-19 14:25:16.643631
2020-07-26,23:00,65.3,46.7,50.9,0.0,0,29.95,NW,0.9,1.4,"Cemetery*, The Dalles, Wasco County",100008,Cemetery*,2020-12-19 14:25:16.643631
2020-07-27,23:15,65.3,45.9,49.5,0.0,0,29.94,W,1.0,1.8,"Cemetery*, The Dalles, Wasco County",100008,Cemetery*,2020-12-19 14:25:16.643631
2020-07-27,23:30,65.2,45.0,47.9,0.0,0,29.94,W,1.2,1.9,"Cemetery*, The Dalles, Wasco County",100008,Cemetery*,2020-12-19 14:25:16.643631
2020-07-27,23:45,65.4,44.4,46.4,0.0,0,29.94,W,1.3,1.9,"Cemetery*, The Dalles, Wasco County",100008,Cemetery*,2020-12-19 14:25:16.643631
2020-07-27,24:00,64.8,45.2,48.9,0.0,0,29.94,W,1.3,1.8,"Cemetery*, The Dalles, Wasco County",100008,Cemetery*,2020-12-19 14:25:16.643631
2020-07-27,00:15,64.2,45.4,50.4,0.0,0,29.94,W,1.1,1.7,"Cemetery*, The Dalles, Wasco County",100008,Cemetery*,2020-12-19 14:25:16.643631
2020-07-27,00:30,63.7,45.0,50.5,0.0,0,29.94,W,1.2,1.8,"Cemetery*, The Dalles, Wasco County",100008,Cemetery*,2020-12-19 14:25:16.643631
2020-07-27,00:45,62.9,45.1,52.1,0.0,0,29.94,W,1.2,1.7,"Cemetery*, The Dalles, Wasco County",100008,Cemetery*,2020-12-19 14:25:16.643631
2020-07-27,01:00,62.2,45.2,53.6,0.0,0,29.94,W,1.0,1.8,"Cemetery*, The Dalles, Wasco County",100008,Cemetery*,2020-12-19 14:25:16.643631
2020-07-27,01:15,61.8,45.8,55.7,0.0,0,29.94,W,1.2,2.1,"Cemetery*, The Dalles, Wasco County",100008,Cemetery*,2020-12-19 14:25:16.643631
2020-07-27,01:30,61.7,45.2,54.6,0.0,0,29.94,W,1.3,1.7,"Cemetery*, The Dalles, Wasco County",100008,Cemetery*,2020-12-19 14:25:16.643631
2020-07-27,01:45,61.4,45.2,55.3,0.0,0,29.94,W,1.1,1.5,"Cemetery*, The Dalles, Wasco County",100008,Cemetery*,2020-12-19 14:25:16.643631
2020-07-27,02:00,61.3,45.2,55.3,0.0,0,29.94,W,1.2,1.6,"Cemetery*, The Dalles, Wasco County",100008,Cemetery*,2020-12-19 14:25:16.643631
2020-07-27,02:15,61.6,44.7,53.8,0.0,0,29.94,W,1.4,1.6,"Cemetery*, The Dalles, Wasco County",100008,Cemetery*,2020-12-19 14:25:16.643631
2020-07-27,02:30,61.0,44.9,55.2,0.0,0,29.94,W,1.3,1.6,"Cemetery*, The Dalles, Wasco County",100008,Cemetery*,2020-12-19 14:25:16.643631
2020-07-27,02:45,60.2,45.2,57.5,0.0,0,29.95,W,1.1,1.7,"Cemetery*, The Dalles, Wasco County",100008,Cemetery*,2020-12-19 14:25:16.643631
2020-07-27,03:00,60.2,45.0,57.2,0.0,0,29.95,W,1.3,1.9,"Cemetery*, The Dalles, Wasco County",100008,Cemetery*,2020-12-19 14:25:16.643631
2020-07-27,03:15,59.8,45.2,58.4,0.0,0,29.95,W,1.3,1.6,"Cemetery*, The Dalles, Wasco County",100008,Cemetery*,2020-12-19 14:25:16.643631
2020-07-27,03:30,59.1,45.9,61.6,0.0,0,29.95,W,1.2,1.7,"Cemetery*, The Dalles, Wasco County",100008,Cemetery*,2020-12-19 14:25:16.643631
2020-07-27,03:45,58.7,45.7,61.9,0.0,0,29.95,W,1.3,1.7,"Cemetery*, The Dalles, Wasco County",100008,Cemetery*,2020-12-19 14:25:16.643631
2020-07-27,04:00,59.5,44.3,57.0,0.0,0,29.95,W,1.3,1.8,"Cemetery*, The Dalles, Wasco County",100008,Cemetery*,2020-12-19 14:25:16.643631
2020-07-27,04:15,58.9,45.0,59.8,0.0,0,29.95,W,1.3,1.6,"Cemetery*, The Dalles, Wasco County",100008,Cemetery*,2020-12-19 14:25:16.643631
2020-07-27,04:30,58.4,45.1,61.3,0.0,0,29.95,W,1.3,1.6,"Cemetery*, The Dalles, Wasco County",100008,Cemetery*,2020-12-19 14:25:16.643631
2020-07-27,04:45,58.4,44.6,60.0,0.0,3,29.95,W,1.3,1.7,"Cemetery*, The Dalles, Wasco County",100008,Cemetery*,2020-12-19 14:25:16.643631
2020-07-27,05:00,58.0,45.2,62.3,0.0,15,29.95,W,1.2,1.5,"Cemetery*, The Dalles, Wasco County",100008,Cemetery*,2020-12-19 14:25:16.643631
2020-07-27,05:15,59.4,46.2,61.5,0.0,34,29.95,W,1.1,1.7,"Cemetery*, The Dalles, Wasco County",100008,Cemetery*,2020-12-19 14:25:16.643631
2020-07-27,05:30,60.9,47.2,60.4,0.0,62,29.96,W,1.0,1.6,"Cemetery*, The Dalles, Wasco County",100008,Cemetery*,2020-12-19 14:25:16.643631
2020-07-27,05:45,62.3,49.5,63.0,0.0,94,29.95,W,1.0,1.4,"Cemetery*, The Dalles, Wasco County",100008,Cemetery*,2020-12-19 14:25:16.643631
2020-07-27,06:00,63.8,51.5,64.2,0.0,105,29.95,NW,0.8,1.2,"Cemetery*, The Dalles, Wasco County",100008,Cemetery*,2020-12-19 14:25:16.643631
2020-07-27,06:15,65.6,55.4,69.5,0.0,165,29.95,N ,0.7,1.3,"Cemetery*, The Dalles, Wasco County",100008,Cemetery*,2020-12-19 14:25:16.643631
2020-07-27,06:30,67.6,54.5,62.9,0.0,203,29.95,NE,0.8,1.8,"Cemetery*, The Dalles, Wasco County",100008,Cemetery*,2020-12-19 14:25:16.643631
2020-07-27,06:45,68.7,53.5,58.2,0.0,243,29.95,NE,0.8,2.1,"Cemetery*, The Dalles, Wasco County",100008,Cemetery*,2020-12-19 14:25:16.643631
2020-07-27,07:00,69.5,52.6,55.0,0.0,286,29.95,NE,0.8,2.4,"Cemetery*, The Dalles, Wasco County",100008,Cemetery*,2020-12-19 14:25:16.643631
2020-07-27,07:15,70.7,52.6,52.9,0.0,327,29.95,NE,1.3,2.6,"Cemetery*, The Dalles, Wasco County",100008,Cemetery*,2020-12-19 14:25:16.643631
2020-07-27,07:30,72.7,54.4,52.6,0.0,364,29.95,N,1.0,2.7,"Cemetery*, The Dalles, Wasco County",100008,Cemetery*,2020-12-19 14:25:16.643631
2020-07-27,07:45,73.2,56.1,55.1,0.0,408,29.95,N,1.2,2.4,"Cemetery*, The Dalles, Wasco County",100008,Cemetery*,2020-12-19 14:25:16.643631
2020-07-27,08:00,73.9,56.0,53.5,0.0,451,29.95,N,1.3,2.9,"Cemetery*, The Dalles, Wasco County",100008,Cemetery*,2020-12-19 14:25:16.643631
2020-07-27,08:15,75.2,56.9,52.9,0.0,493,29.95,N,1.2,2.6,"Cemetery*, The Dalles, Wasco County",100008,Cemetery*,2020-12-19 14:25:16.643631
2020-07-27,08:30,76.6,57.0,50.8,0.0,532,29.94,N,1.1,2.5,"Cemetery*, The Dalles, Wasco County",100008,Cemetery*,2020-12-19 14:25:16.643631
2020-07-27,08:45,77.4,55.5,46.8,0.0,571,29.94,N,1.2,2.3,"Cemetery*, The Dalles, Wasco County",100008,Cemetery*,2020-12-19 14:25:16.643631
2020-07-27,09:00,78.7,55.0,44.0,0.0,607,29.94,N,1.1,2.5,"Cemetery*, The Dalles, Wasco County",100008,Cemetery*,2020-12-19 14:25:16.643631
2020-07-27,09:15,79.8,56.1,44.2,0.0,644,29.94,N,1.2,2.8,"Cemetery*, The Dalles, Wasco County",100008,Cemetery*,2020-12-19 14:25:16.643631
2020-07-27,09:30,80.1,57.1,45.4,0.0,677,29.93,N,1.5,3.4,"Cemetery*, The Dalles, Wasco County",100008,Cemetery*,2020-12-19 14:25:16.643631
2020-07-27,09:45,81.1,56.9,43.6,0.0,708,29.93,N,1.3,3.2,"Cemetery*, The Dalles, Wasco County",100008,Cemetery*,2020-12-19 14:25:16.643631
2020-07-27,10:00,82.7,56.0,40.1,0.0,736,29.92,N ,1.3,3.0,"Cemetery*, The Dalles, Wasco County",100008,Cemetery*,2020-12-19 14:25:16.643631
2020-07-27,10:15,83.9,54.8,36.9,0.0,761,29.92,N ,1.4,2.6,"Cemetery*, The Dalles, Wasco County",100008,Cemetery*,2020-12-19 14:25:16.643631
2020-07-27,10:30,85.4,56.9,37.9,0.0,783,29.92,N,1.4,2.8,"Cemetery*, The Dalles, Wasco County",100008,Cemetery*,2020-12-19 14:25:16.643631
2020-07-27,10:45,86.4,56.5,36.3,0.0,801,29.92,N,1.3,2.6,"Cemetery*, The Dalles, Wasco County",100008,Cemetery*,2020-12-19 14:25:16.643631
2020-07-27,11:00,87.6,56.3,34.7,0.0,813,29.91,N,1.5,2.6,"Cemetery*, The Dalles, Wasco County",100008,Cemetery*,2020-12-19 14:25:16.643631
2020-07-27,11:15,88.7,57.4,34.8,0.0,829,29.9,N ,1.7,3.7,"Cemetery*, The Dalles, Wasco County",100008,Cemetery*,2020-12-19 14:25:16.643631
2020-07-27,11:30,89.7,57.3,33.6,0.0,840,29.89,N,1.6,3.7,"Cemetery*, The Dalles, Wasco County",100008,Cemetery*,2020-12-19 14:25:16.643631
2020-07-27,11:45,90.3,58.1,33.9,0.0,846,29.89,N ,1.6,3.1,"Cemetery*, The Dalles, Wasco County",100008,Cemetery*,2020-12-19 14:25:16.643631
2020-07-27,12:00,91.1,58.4,33.5,0.0,849,29.88,N ,1.6,3.4,"Cemetery*, The Dalles, Wasco County",100008,Cemetery*,2020-12-19 14:25:16.643631
2020-07-27,12:15,91.8,56.7,30.8,0.0,852,29.87,N,1.7,3.5,"Cemetery*, The Dalles, Wasco County",100008,Cemetery*,2020-12-19 14:25:16.643631
2020-07-27,12:30,92.8,56.7,29.8,0.0,854,29.86,NE,1.7,4.2,"Cemetery*, The Dalles, Wasco County",100008,Cemetery*,2020-12-19 14:25:16.643631
2020-07-27,12:45,93.1,56.3,29.2,0.0,847,29.86,N,1.7,4.7,"Cemetery*, The Dalles, Wasco County",100008,Cemetery*,2020-12-19 14:25:16.643631
2020-07-27,13:00,93.6,55.5,27.9,0.0,839,29.86,N ,1.7,3.7,"Cemetery*, The Dalles, Wasco County",100008,Cemetery*,2020-12-19 14:25:16.643631
2020-07-27,13:15,94.6,57.3,28.8,0.0,830,29.85,N ,1.5,3.1,"Cemetery*, The Dalles, Wasco County",100008,Cemetery*,2020-12-19 14:25:16.643631
2020-07-27,13:30,94.7,58.6,30.1,0.0,816,29.84,N ,1.6,4.8,"Cemetery*, The Dalles, Wasco County",100008,Cemetery*,2020-12-19 14:25:16.643631
2020-07-27,13:45,95.8,57.6,28.0,0.0,799,29.84,N ,1.4,3.1,"Cemetery*, The Dalles, Wasco County",100008,Cemetery*,2020-12-19 14:25:16.643631
2020-07-27,14:00,95.9,59.1,29.5,0.0,791,29.83,N,1.5,3.1,"Cemetery*, The Dalles, Wasco County",100008,Cemetery*,2020-12-19 14:25:16.643631
2020-07-27,14:15,96.6,58.2,28.1,0.0,702,29.82,N ,1.6,4.2,"Cemetery*, The Dalles, Wasco County",100008,Cemetery*,2020-12-19 14:25:16.643631
2020-07-27,14:30,92.4,62.5,37.2,0.0,275,29.82,NW,1.5,2.1,"Cemetery*, The Dalles, Wasco County",100008,Cemetery*,2020-12-19 14:25:16.643631
2020-07-27,14:45,84.8,67.3,55.9,0.0,253,29.82,NW,1.7,2.0,"Cemetery*, The Dalles, Wasco County",100008,Cemetery*,2020-12-19 14:25:16.643631
2020-07-27,15:00,82.2,66.9,59.9,0.0,276,29.81,NW,1.7,2.0,"Cemetery*, The Dalles, Wasco County",100008,Cemetery*,2020-12-19 14:25:16.643631
2020-07-27,15:15,82.4,67.8,61.3,0.0,364,29.8,NW,1.7,2.1,"Cemetery*, The Dalles, Wasco County",100008,Cemetery*,2020-12-19 14:25:16.643631
2020-07-27,15:30,88.6,69.9,54.1,0.0,658,29.8,NW,1.6,2.1,"Cemetery*, The Dalles, Wasco County",100008,Cemetery*,2020-12-19 14:25:16.643631
2020-07-27,15:45,89.2,74.9,62.9,0.0,405,29.79,NW,1.6,2.0,"Cemetery*, The Dalles, Wasco County",100008,Cemetery*,2020-12-19 14:25:16.643631
2020-07-27,16:00,86.1,72.5,64.0,0.0,266,29.79,NW,1.7,2.0,"Cemetery*, The Dalles, Wasco County",100008,Cemetery*,2020-12-19 14:25:16.643631
2020-07-27,16:15,81.5,67.2,61.9,0.0,165,29.79,NW,1.7,2.1,"Cemetery*, The Dalles, Wasco County",100008,Cemetery*,2020-12-19 14:25:16.643631
2020-07-27,16:30,81.1,64.1,56.3,0.0,266,29.78,NW,1.6,1.9,"Cemetery*, The Dalles, Wasco County",100008,Cemetery*,2020-12-19 14:25:16.643631
2020-07-27,16:45,83.1,66.3,56.8,0.0,335,29.77,NW,1.6,2.1,"Cemetery*, The Dalles, Wasco County",100008,Cemetery*,2020-12-19 14:25:16.643631
2020-07-27,17:00,82.0,65.4,57.2,0.0,160,29.77,NW,1.7,2.1,"Cemetery*, The Dalles, Wasco County",100008,Cemetery*,2020-12-19 14:25:16.643631
2020-07-27,17:15,80.5,62.8,54.7,0.0,140,29.77,NW,1.7,2.1,"Cemetery*, The Dalles, Wasco County",100008,Cemetery*,2020-12-19 14:25:16.643631
2020-07-27,17:30,83.2,62.3,49.3,0.0,299,29.76,NW,1.8,2.2,"Cemetery*, The Dalles, Wasco County",100008,Cemetery*,2020-12-19 14:25:16.643631
2020-07-27,17:45,84.9,62.0,46.3,0.0,231,29.76,NW,1.7,2.2,"Cemetery*, The Dalles, Wasco County",100008,Cemetery*,2020-12-19 14:25:16.643631
2020-07-27,18:00,83.8,61.7,47.3,0.0,122,29.76,NW,1.7,2.3,"Cemetery*, The Dalles, Wasco County",100008,Cemetery*,2020-12-19 14:25:16.643631
2020-07-27,18:15,83.8,61.0,46.2,0.0,124,29.76,NW,1.7,2.1,"Cemetery*, The Dalles, Wasco County",100008,Cemetery*,2020-12-19 14:25:16.643631
2020-07-27,18:30,83.4,60.8,46.5,0.0,92,29.76,NW,1.6,2.1,"Cemetery*, The Dalles, Wasco County",100008,Cemetery*,2020-12-19 14:25:16.643631
2020-07-27,18:45,83.2,60.6,46.4,0.0,66,29.76,NW,1.7,2.1,"Cemetery*, The Dalles, Wasco County",100008,Cemetery*,2020-12-19 14:25:16.643631
2020-07-27,19:00,83.1,60.0,45.7,0.0,52,29.76,NW,1.6,2.2,"Cemetery*, The Dalles, Wasco County",100008,Cemetery*,2020-12-19 14:25:16.643631
2020-07-27,19:15,82.7,59.6,45.7,0.0,36,29.77,NW,1.5,2.0,"Cemetery*, The Dalles, Wasco County",100008,Cemetery*,2020-12-19 14:25:16.643631
2020-07-27,19:30,82.0,59.3,46.1,0.0,20,29.77,NW,1.5,2.2,"Cemetery*, The Dalles, Wasco County",100008,Cemetery*,2020-12-19 14:25:16.643631
2020-07-27,19:45,82.5,58.3,43.8,0.0,8,29.77,NW,1.6,3.2,"Cemetery*, The Dalles, Wasco County",100008,Cemetery*,2020-12-19 14:25:16.643631
2020-07-27,20:00,82.7,57.3,41.9,0.0,1,29.78,NW,1.5,2.8,"Cemetery*, The Dalles, Wasco County",100008,Cemetery*,2020-12-19 14:25:16.643631
2020-07-27,20:15,83.3,56.5,40.0,0.0,0,29.79,NW,1.5,3.9,"Cemetery*, The Dalles, Wasco County",100008,Cemetery*,2020-12-19 14:25:16.643631
2020-07-27,20:30,83.2,56.0,39.5,0.0,0,29.79,NW,1.5,3.8,"Cemetery*, The Dalles, Wasco County",100008,Cemetery*,2020-12-19 14:25:16.643631
2020-07-27,20:45,86.7,53.0,31.6,0.0,0,29.8,NW,1.8,5.2,"Cemetery*, The Dalles, Wasco County",100008,Cemetery*,2020-12-19 14:25:16.643631
2020-07-27,21:00,87.9,52.2,29.5,0.0,0,29.8,NW,1.9,5.5,"Cemetery*, The Dalles, Wasco County",100008,Cemetery*,2020-12-19 14:25:16.643631
2020-07-27,21:15,85.6,53.7,33.6,0.0,0,29.8,NW,1.3,4.0,"Cemetery*, The Dalles, Wasco County",100008,Cemetery*,2020-12-19 14:25:16.643631
2020-07-27,21:30,81.1,56.3,42.7,0.0,0,29.81,NW,1.3,2.0,"Cemetery*, The Dalles, Wasco County",100008,Cemetery*,2020-12-19 14:25:16.643631
2020-07-27,21:45,80.5,55.5,42.4,0.0,0,29.81,NW,1.5,2.4,"Cemetery*, The Dalles, Wasco County",100008,Cemetery*,2020-12-19 14:25:16.643631
2020-07-27,22:00,80.0,55.8,43.4,0.0,0,29.81,NW,1.4,1.9,"Cemetery*, The Dalles, Wasco County",100008,Cemetery*,2020-12-19 14:25:16.643631
2020-07-27,22:15,78.9,56.9,46.8,0.0,0,29.81,NW,1.3,1.8,"Cemetery*, The Dalles, Wasco County",100008,Cemetery*,2020-12-19 14:25:16.643631
2020-07-27,22:30,79.2,56.7,46.0,0.0,0,29.81,NW,1.2,2.4,"Cemetery*, The Dalles, Wasco County",100008,Cemetery*,2020-12-19 14:25:16.643631
2020-07-27,22:45,82.0,56.9,42.2,0.0,0,29.81,NW,2.0,7.1,"Cemetery*, The Dalles, Wasco County",100008,Cemetery*,2020-12-19 14:25:16.643631
2020-07-27,23:00,82.5,57.9,43.2,0.0,0,29.81,N,1.7,4.5,"Cemetery*, The Dalles, Wasco County",100008,Cemetery*,2020-12-19 14:25:16.643631
2020-07-28,23:15,82.4,57.7,43.0,0.0,0,29.81,N,1.5,3.5,"Cemetery*, The Dalles, Wasco County",100008,Cemetery*,2020-12-19 14:25:16.643631
2020-07-28,23:30,80.7,58.1,46.1,0.0,0,29.81,NW,1.4,2.5,"Cemetery*, The Dalles, Wasco County",100008,Cemetery*,2020-12-19 14:25:16.643631
2020-07-28,23:45,78.5,59.3,51.8,0.0,0,29.81,NW,1.2,2.0,"Cemetery*, The Dalles, Wasco County",100008,Cemetery*,2020-12-19 14:25:16.643631
2020-07-28,24:00,75.9,60.2,58.0,0.0,0,29.81,NW,1.3,2.0,"Cemetery*, The Dalles, Wasco County",100008,Cemetery*,2020-12-19 14:25:16.643631
2020-07-28,00:15,74.9,58.7,57.0,0.0,0,29.82,W,1.5,2.0,"Cemetery*, The Dalles, Wasco County",100008,Cemetery*,2020-12-19 14:25:16.643631
2020-07-28,00:30,73.9,58.2,58.0,0.0,0,29.82,W,1.3,2.0,"Cemetery*, The Dalles, Wasco County",100008,Cemetery*,2020-12-19 14:25:16.643631
2020-07-28,00:45,74.1,57.8,56.8,0.0,0,29.81,NW,1.3,2.3,"Cemetery*, The Dalles, Wasco County",100008,Cemetery*,2020-12-19 14:25:16.643631
2020-07-28,01:00,72.7,57.2,58.3,0.0,0,29.81,W,1.4,2.1,"Cemetery*, The Dalles, Wasco County",100008,Cemetery*,2020-12-19 14:25:16.643631
2020-07-28,01:15,72.9,56.8,57.0,0.0,0,29.8,W,1.5,2.1,"Cemetery*, The Dalles, Wasco County",100008,Cemetery*,2020-12-19 14:25:16.643631
2020-07-28,01:30,72.2,56.8,58.3,0.0,0,29.81,NW,1.2,1.9,"Cemetery*, The Dalles, Wasco County",100008,Cemetery*,2020-12-19 14:25:16.643631
2020-07-28,01:45,71.3,56.9,60.3,0.0,0,29.81,NW,1.2,1.8,"Cemetery*, The Dalles, Wasco County",100008,Cemetery*,2020-12-19 14:25:16.643631
2020-07-28,02:00,71.0,56.7,60.5,0.0,0,29.8,NW,1.3,2.1,"Cemetery*, The Dalles, Wasco County",100008,Cemetery*,2020-12-19 14:25:16.643631
2020-07-28,02:15,69.7,57.0,64.0,0.0,0,29.8,NW,1.2,2.4,"Cemetery*, The Dalles, Wasco County",100008,Cemetery*,2020-12-19 14:25:16.643631
2020-07-28,02:30,68.9,57.2,66.3,0.0,0,29.8,NW,1.2,2.3,"Cemetery*, The Dalles, Wasco County",100008,Cemetery*,2020-12-19 14:25:16.643631
2020-07-28,02:45,67.9,57.4,68.9,0.0,0,29.8,NW,1.3,2.7,"Cemetery*, The Dalles, Wasco County",100008,Cemetery*,2020-12-19 14:25:16.643631
2020-07-28,03:00,68.1,57.3,68.3,0.0,0,29.8,W,1.2,1.9,"Cemetery*, The Dalles, Wasco County",100008,Cemetery*,2020-12-19 14:25:16.643631
2020-07-28,03:15,68.5,58.1,69.4,0.0,0,29.8,NW,1.1,1.8,"Cemetery*, The Dalles, Wasco County",100008,Cemetery*,2020-12-19 14:25:16.643631
2020-07-28,03:30,67.8,58.6,72.3,0.0,0,29.81,NW,0.9,1.7,"Cemetery*, The Dalles, Wasco County",100008,Cemetery*,2020-12-19 14:25:16.643631
2020-07-28,03:45,69.1,57.6,66.8,0.0,0,29.82,W,1.3,2.0,"Cemetery*, The Dalles, Wasco County",100008,Cemetery*,2020-12-19 14:25:16.643631
2020-07-28,04:00,68.1,58.3,70.7,0.0,0,29.82,W,1.4,2.2,"Cemetery*, The Dalles, Wasco County",100008,Cemetery*,2020-12-19 14:25:16.643631
2020-07-28,04:15,67.9,58.5,71.8,0.0,0,29.82,NW,1.3,1.7,"Cemetery*, The Dalles, Wasco County",100008,Cemetery*,2020-12-19 14:25:16.643631
2020-07-28,04:30,67.4,58.4,72.9,0.0,0,29.83,NW,1.4,2.3,"Cemetery*, The Dalles, Wasco County",100008,Cemetery*,2020-12-19 14:25:16.643631
2020-07-28,04:45,66.5,58.6,75.6,0.0,1,29.83,NW,1.3,2.0,"Cemetery*, The Dalles, Wasco County",100008,Cemetery*,2020-12-19 14:25:16.643631
2020-07-28,05:00,67.2,58.5,73.4,0.0,6,29.83,NW,1.4,2.1,"Cemetery*, The Dalles, Wasco County",100008,Cemetery*,2020-12-19 14:25:16.643631
2020-07-28,05:15,66.1,59.1,77.9,0.0,20,29.84,NW,1.0,2.3,"Cemetery*, The Dalles, Wasco County",100008,Cemetery*,2020-12-19 14:25:16.643631
2020-07-28,05:30,68.6,58.5,70.1,0.0,49,29.84,NW,1.2,2.6,"Cemetery*, The Dalles, Wasco County",100008,Cemetery*,2020-12-19 14:25:16.643631
2020-07-28,05:45,69.3,59.9,72.0,0.0,77,29.84,NW,1.0,1.8,"Cemetery*, The Dalles, Wasco County",100008,Cemetery*,2020-12-19 14:25:16.643631
2020-07-28,06:00,70.1,60.5,71.5,0.0,96,29.84,NW,1.1,2.1,"Cemetery*, The Dalles, Wasco County",100008,Cemetery*,2020-12-19 14:25:16.643631
2020-07-28,06:15,71.4,62.1,72.4,0.0,144,29.85,N,1.0,1.8,"Cemetery*, The Dalles, Wasco County",100008,Cemetery*,2020-12-19 14:25:16.643631
2020-07-28,06:30,73.2,62.5,69.2,0.0,192,29.85,NW,1.2,2.3,"Cemetery*, The Dalles, Wasco County",100008,Cemetery*,2020-12-19 14:25:16.643631
2020-07-28,06:45,75.7,64.4,67.9,0.0,227,29.85,N ,1.1,2.0,"Cemetery*, The Dalles, Wasco County",100008,Cemetery*,2020-12-19 14:25:16.643631
2020-07-28,07:00,76.3,64.7,67.2,0.0,272,29.85,N,1.2,2.4,"Cemetery*, The Dalles, Wasco County",100008,Cemetery*,2020-12-19 14:25:16.643631
2020-07-28,07:15,77.2,64.9,65.8,0.0,244,29.86,N ,1.0,1.7,"Cemetery*, The Dalles, Wasco County",100008,Cemetery*,2020-12-19 14:25:16.643631
2020-07-28,07:30,76.7,63.9,64.6,0.0,287,29.86,NE,1.5,3.9,"Cemetery*, The Dalles, Wasco County",100008,Cemetery*,2020-12-19 14:25:16.643631
2020-07-28,07:45,77.0,64.2,64.8,0.0,285,29.87,NE,1.2,2.7,"Cemetery*, The Dalles, Wasco County",100008,Cemetery*,2020-12-19 14:25:16.643631
2020-07-28,08:00,77.7,64.0,62.7,0.0,403,29.87,NE,1.6,3.2,"Cemetery*, The Dalles, Wasco County",100008,Cemetery*,2020-12-19 14:25:16.643631
2020-07-28,08:15,79.9,64.9,60.2,0.0,500,29.87,N ,1.1,2.6,"Cemetery*, The Dalles, Wasco County",100008,Cemetery*,2020-12-19 14:25:16.643631
2020-07-28,08:30,80.3,64.7,59.0,0.0,526,29.87,NE,2.4,5.4,"Cemetery*, The Dalles, Wasco County",100008,Cemetery*,2020-12-19 14:25:16.643631
2020-07-28,08:45,80.9,63.9,56.3,0.0,531,29.87,NE,1.7,3.9,"Cemetery*, The Dalles, Wasco County",100008,Cemetery*,2020-12-19 14:25:16.643631
2020-07-28,09:00,82.2,64.1,54.3,0.0,595,29.87,NE,1.7,3.7,"Cemetery*, The Dalles, Wasco County",100008,Cemetery*,2020-12-19 14:25:16.643631
2020-07-28,09:15,83.4,65.8,55.6,0.0,588,29.87,NE,1.6,4.3,"Cemetery*, The Dalles, Wasco County",100008,Cemetery*,2020-12-19 14:25:16.643631
2020-07-28,09:30,83.4,64.8,53.6,0.0,626,29.86,N ,1.5,4.6,"Cemetery*, The Dalles, Wasco County",100008,Cemetery*,2020-12-19 14:25:16.643631
2020-07-28,09:45,83.9,64.7,52.6,0.0,683,29.86,N ,1.8,4.4,"Cemetery*, The Dalles, Wasco County",100008,Cemetery*,2020-12-19 14:25:16.643631
2020-07-28,10:00,84.9,63.7,49.2,0.0,710,29.85,N ,2.4,5.1,"Cemetery*, The Dalles, Wasco County",100008,Cemetery*,2020-12-19 14:25:16.643631
2020-07-28,10:15,85.6,63.7,48.0,0.0,724,29.85,N ,1.9,4.0,"Cemetery*, The Dalles, Wasco County",100008,Cemetery*,2020-12-19 14:25:16.643631
2020-07-28,10:30,85.5,63.1,47.1,0.0,743,29.85,N ,2.2,7.1,"Cemetery*, The Dalles, Wasco County",100008,Cemetery*,2020-12-19 14:25:16.643631
2020-07-28,10:45,86.0,63.0,46.2,0.0,763,29.85,N ,2.1,5.9,"Cemetery*, The Dalles, Wasco County",100008,Cemetery*,2020-12-19 14:25:16.643631
2020-07-28,11:00,86.1,62.7,45.6,0.0,780,29.85,N ,2.0,5.5,"Cemetery*, The Dalles, Wasco County",100008,Cemetery*,2020-12-19 14:25:16.643631
2020-07-28,11:15,86.5,61.8,43.6,0.0,793,29.84,NE,2.3,6.2,"Cemetery*, The Dalles, Wasco County",100008,Cemetery*,2020-12-19 14:25:16.643631
2020-07-28,11:30,87.8,61.6,41.6,0.0,808,29.84,N ,2.0,4.1,"Cemetery*, The Dalles, Wasco County",100008,Cemetery*,2020-12-19 14:25:16.643631
2020-07-28,11:45,88.7,61.3,40.0,0.0,810,29.84,N,2.2,7.2,"Cemetery*, The Dalles, Wasco County",100008,Cemetery*,2020-12-19 14:25:16.643631
2020-07-28,12:00,88.7,59.2,37.1,0.0,820,29.83,NW,2.7,7.2,"Cemetery*, The Dalles, Wasco County",100008,Cemetery*,2020-12-19 14:25:16.643631
2020-07-28,12:15,88.6,57.0,34.5,0.0,828,29.83,NW,3.4,8.9,"Cemetery*, The Dalles, Wasco County",100008,Cemetery*,2020-12-19 14:25:16.643631
2020-07-28,12:30,89.2,56.4,33.0,0.0,797,29.82,NW,2.7,10.6,"Cemetery*, The Dalles, Wasco County",100008,Cemetery*,2020-12-19 14:25:16.643631
2020-07-28,12:45,89.0,56.0,32.8,0.0,783,29.82,NW,2.6,7.2,"Cemetery*, The Dalles, Wasco County",100008,Cemetery*,2020-12-19 14:25:16.643631
2020-07-28,13:00,89.4,56.5,33.0,0.0,806,29.82,NW,2.6,9.0,"Cemetery*, The Dalles, Wasco County",100008,Cemetery*,2020-12-19 14:25:16.643631
2020-07-28,13:15,89.5,55.9,32.1,0.0,791,29.82,NW,2.7,8.4,"Cemetery*, The Dalles, Wasco County",100008,Cemetery*,2020-12-19 14:25:16.643631
2020-07-28,13:30,89.6,54.7,30.7,0.0,780,29.81,NW,3.3,9.3,"Cemetery*, The Dalles, Wasco County",100008,Cemetery*,2020-12-19 14:25:16.643631
2020-07-28,13:45,89.9,54.0,29.6,0.0,766,29.81,NW,3.4,15.2,"Cemetery*, The Dalles, Wasco County",100008,Cemetery*,2020-12-19 14:25:16.643631
2020-07-28,14:00,90.3,53.3,28.5,0.0,759,29.8,N,3.5,10.2,"Cemetery*, The Dalles, Wasco County",100008,Cemetery*,2020-12-19 14:25:16.643631
2020-07-28,14:15,90.1,53.1,28.5,0.0,735,29.8,N,2.6,8.7,"Cemetery*, The Dalles, Wasco County",100008,Cemetery*,2020-12-19 14:25:16.643631
2020-07-28,14:30,90.7,54.1,29.0,0.0,712,29.8,N ,2.3,9.4,"Cemetery*, The Dalles, Wasco County",100008,Cemetery*,2020-12-19 14:25:16.643631
2020-07-28,14:45,91.1,53.2,27.7,0.0,692,29.8,N,2.6,8.2,"Cemetery*, The Dalles, Wasco County",100008,Cemetery*,2020-12-19 14:25:16.643631
2020-07-28,15:00,91.3,53.0,27.3,0.0,668,29.79,N ,2.8,8.1,"Cemetery*, The Dalles, Wasco County",100008,Cemetery*,2020-12-19 14:25:16.643631
2020-07-28,15:15,91.0,52.8,27.4,0.0,637,29.79,N ,2.6,8.2,"Cemetery*, The Dalles, Wasco County",100008,Cemetery*,2020-12-19 14:25:16.643631
2020-07-28,15:30,90.8,51.9,26.7,0.0,605,29.79,NW,2.8,9.6,"Cemetery*, The Dalles, Wasco County",100008,Cemetery*,2020-12-19 14:25:16.643631
2020-07-28,15:45,90.6,51.4,26.4,0.0,574,29.79,N,3.0,11.4,"Cemetery*, The Dalles, Wasco County",100008,Cemetery*,2020-12-19 14:25:16.643631
2020-07-28,16:00,90.1,50.9,26.3,0.0,510,29.78,NW,2.9,9.3,"Cemetery*, The Dalles, Wasco County",100008,Cemetery*,2020-12-19 14:25:16.643631
2020-07-28,16:15,89.8,50.2,25.9,0.0,443,29.78,NW,2.9,10.0,"Cemetery*, The Dalles, Wasco County",100008,Cemetery*,2020-12-19 14:25:16.643631
2020-07-28,16:30,88.5,49.8,26.5,0.0,314,29.78,NW,2.8,6.8,"Cemetery*, The Dalles, Wasco County",100008,Cemetery*,2020-12-19 14:25:16.643631
2020-07-28,16:45,87.8,49.0,26.3,0.0,266,29.78,NW,3.2,16.1,"Cemetery*, The Dalles, Wasco County",100008,Cemetery*,2020-12-19 14:25:16.643631
2020-07-28,17:00,87.3,48.8,26.5,0.0,263,29.78,NW,3.1,8.3,"Cemetery*, The Dalles, Wasco County",100008,Cemetery*,2020-12-19 14:25:16.643631
2020-07-28,17:15,86.9,48.9,27.0,0.0,300,29.78,NW,2.6,8.5,"Cemetery*, The Dalles, Wasco County",100008,Cemetery*,2020-12-19 14:25:16.643631
2020-07-28,17:30,86.3,49.3,27.8,0.0,221,29.78,NW,3.0,8.3,"Cemetery*, The Dalles, Wasco County",100008,Cemetery*,2020-12-19 14:25:16.643631
2020-07-28,17:45,86.2,48.7,27.4,0.0,166,29.78,NW,2.7,10.1,"Cemetery*, The Dalles, Wasco County",100008,Cemetery*,2020-12-19 14:25:16.643631
2020-07-28,18:00,85.1,50.3,30.1,0.0,126,29.78,N,1.9,5.1,"Cemetery*, The Dalles, Wasco County",100008,Cemetery*,2020-12-19 14:25:16.643631
2020-07-28,18:15,84.6,50.3,30.5,0.0,116,29.79,N,2.1,6.0,"Cemetery*, The Dalles, Wasco County",100008,Cemetery*,2020-12-19 14:25:16.643631
2020-07-28,18:30,84.4,49.7,30.1,0.0,89,29.79,N,2.3,6.3,"Cemetery*, The Dalles, Wasco County",100008,Cemetery*,2020-12-19 14:25:16.643631
2020-07-28,18:45,84.1,50.5,31.3,0.0,74,29.79,NW,2.3,6.7,"Cemetery*, The Dalles, Wasco County",100008,Cemetery*,2020-12-19 14:25:16.643631
2020-07-28,19:00,83.6,49.9,31.1,0.0,56,29.79,NW,2.6,6.6,"Cemetery*, The Dalles, Wasco County",100008,Cemetery*,2020-12-19 14:25:16.643631
2020-07-28,19:15,83.2,49.1,30.6,0.0,37,29.79,NW,2.3,6.7,"Cemetery*, The Dalles, Wasco County",100008,Cemetery*,2020-12-19 14:25:16.643631
2020-07-28,19:30,82.9,48.3,29.9,0.0,20,29.8,NW,2.6,5.6,"Cemetery*, The Dalles, Wasco County",100008,Cemetery*,2020-12-19 14:25:16.643631
2020-07-28,19:45,82.5,47.8,29.8,0.0,9,29.79,NW,3.0,11.4,"Cemetery*, The Dalles, Wasco County",100008,Cemetery*,2020-12-19 14:25:16.643631
2020-07-28,20:00,82.2,47.7,30.0,0.0,2,29.8,NW,2.9,7.3,"Cemetery*, The Dalles, Wasco County",100008,Cemetery*,2020-12-19 14:25:16.643631
2020-07-28,20:15,81.9,47.4,29.9,0.0,0,29.81,NW,2.8,8.0,"Cemetery*, The Dalles, Wasco County",100008,Cemetery*,2020-12-19 14:25:16.643631
2020-07-28,20:30,81.3,47.5,30.7,0.0,0,29.81,NW,2.6,8.4,"Cemetery*, The Dalles, Wasco County",100008,Cemetery*,2020-12-19 14:25:16.643631
2020-07-28,20:45,80.6,47.9,31.9,0.0,0,29.82,NW,2.4,7.2,"Cemetery*, The Dalles, Wasco County",100008,Cemetery*,2020-12-19 14:25:16.643631
2020-07-28,21:00,79.5,47.8,32.8,0.0,0,29.82,NW,2.0,6.3,"Cemetery*, The Dalles, Wasco County",100008,Cemetery*,2020-12-19 14:25:16.643631
2020-07-28,21:15,78.8,47.3,33.0,0.0,0,29.82,N,1.7,5.7,"Cemetery*, The Dalles, Wasco County",100008,Cemetery*,2020-12-19 14:25:16.643631
2020-07-28,21:30,77.0,47.6,35.5,0.0,0,29.82,NW,1.2,2.7,"Cemetery*, The Dalles, Wasco County",100008,Cemetery*,2020-12-19 14:25:16.643631
2020-07-28,21:45,74.1,49.0,41.1,0.0,0,29.83,NW,1.2,2.7,"Cemetery*, The Dalles, Wasco County",100008,Cemetery*,2020-12-19 14:25:16.643631
2020-07-28,22:00,73.3,48.5,41.5,0.0,0,29.83,W,1.5,2.8,"Cemetery*, The Dalles, Wasco County",100008,Cemetery*,2020-12-19 14:25:16.643631
2020-07-28,22:15,75.2,45.9,35.1,0.0,0,29.82,NW,1.4,3.5,"Cemetery*, The Dalles, Wasco County",100008,Cemetery*,2020-12-19 14:25:16.643631
2020-07-28,22:30,74.8,45.4,35.1,0.0,0,29.82,N ,1.4,4.0,"Cemetery*, The Dalles, Wasco County",100008,Cemetery*,2020-12-19 14:25:16.643631
2020-07-28,22:45,70.5,48.3,45.3,0.0,0,29.82,N ,1.2,2.7,"Cemetery*, The Dalles, Wasco County",100008,Cemetery*,2020-12-19 14:25:16.643631
2020-07-28,23:00,68.6,48.5,48.6,0.0,0,29.83,W,1.3,2.2,"Cemetery*, The Dalles, Wasco County",100008,Cemetery*,2020-12-19 14:25:16.643631
2020-07-29,23:15,68.3,48.4,48.8,0.0,0,29.83,W,1.3,2.5,"Cemetery*, The Dalles, Wasco County",100008,Cemetery*,2020-12-19 14:25:16.643631
2020-07-29,23:30,69.1,47.4,45.8,0.0,0,29.83,NW,1.2,2.3,"Cemetery*, The Dalles, Wasco County",100008,Cemetery*,2020-12-19 14:25:16.643631
2020-07-29,23:45,67.1,49.1,52.3,0.0,0,29.84,W,1.4,2.1,"Cemetery*, The Dalles, Wasco County",100008,Cemetery*,2020-12-19 14:25:16.643631
2020-07-29,24:00,66.4,49.0,53.4,0.0,0,29.84,W,1.3,2.0,"Cemetery*, The Dalles, Wasco County",100008,Cemetery*,2020-12-19 14:25:16.643631
2020-07-29,00:15,65.7,50.2,57.4,0.0,0,29.84,W,1.2,2.0,"Cemetery*, The Dalles, Wasco County",100008,Cemetery*,2020-12-19 14:25:16.643631
2020-07-29,00:30,65.0,51.1,60.5,0.0,0,29.84,W,1.2,1.7,"Cemetery*, The Dalles, Wasco County",100008,Cemetery*,2020-12-19 14:25:16.643631
2020-07-29,00:45,64.0,52.4,66.0,0.0,0,29.84,W,1.1,3.0,"Cemetery*, The Dalles, Wasco County",100008,Cemetery*,2020-12-19 14:25:16.643631
2020-07-29,01:00,65.9,47.9,52.3,0.0,0,29.84,W,1.1,2.5,"Cemetery*, The Dalles, Wasco County",100008,Cemetery*,2020-12-19 14:25:16.643631
2020-07-29,01:15,64.3,49.7,59.0,0.0,0,29.84,W,1.0,2.3,"Cemetery*, The Dalles, Wasco County",100008,Cemetery*,2020-12-19 14:25:16.643631
2020-07-29,01:30,62.7,51.3,66.2,0.0,0,29.84,NW,0.9,1.7,"Cemetery*, The Dalles, Wasco County",100008,Cemetery*,2020-12-19 14:25:16.643631
2020-07-29,01:45,62.8,48.2,58.9,0.0,0,29.84,NW,0.8,1.9,"Cemetery*, The Dalles, Wasco County",100008,Cemetery*,2020-12-19 14:25:16.643631
2020-07-29,02:00,61.7,49.1,63.2,0.0,0,29.84,NW,1.0,1.5,"Cemetery*, The Dalles, Wasco County",100008,Cemetery*,2020-12-19 14:25:16.643631
2020-07-29,02:15,61.1,49.4,65.2,0.0,0,29.84,W,1.1,1.7,"Cemetery*, The Dalles, Wasco County",100008,Cemetery*,2020-12-19 14:25:16.643631
2020-07-29,02:30,60.8,49.3,65.9,0.0,0,29.84,NW,0.8,1.8,"Cemetery*, The Dalles, Wasco County",100008,Cemetery*,2020-12-19 14:25:16.643631
2020-07-29,02:45,62.0,48.8,62.0,0.0,0,29.84,W,1.1,2.3,"Cemetery*, The Dalles, Wasco County",100008,Cemetery*,2020-12-19 14:25:16.643631
2020-07-29,03:00,62.0,48.9,62.0,0.0,0,29.84,W,1.1,2.3,"Cemetery*, The Dalles, Wasco County",100008,Cemetery*,2020-12-19 14:25:16.643631
2020-07-29,03:15,61.9,48.1,60.5,0.0,0,29.84,W,1.2,2.0,"Cemetery*, The Dalles, Wasco County",100008,Cemetery*,2020-12-19 14:25:16.643631
2020-07-29,03:30,61.3,50.0,66.2,0.0,0,29.84,W,1.1,1.9,"Cemetery*, The Dalles, Wasco County",100008,Cemetery*,2020-12-19 14:25:16.643631
2020-07-29,03:45,59.6,51.8,75.3,0.0,0,29.85,NW,0.9,1.5,"Cemetery*, The Dalles, Wasco County",100008,Cemetery*,2020-12-19 14:25:16.643631
2020-07-29,04:00,58.7,50.4,74.0,0.0,0,29.85,NW,1.0,1.8,"Cemetery*, The Dalles, Wasco County",100008,Cemetery*,2020-12-19 14:25:16.643631
2020-07-29,04:15,58.6,50.4,74.2,0.0,0,29.86,NW,0.8,1.8,"Cemetery*, The Dalles, Wasco County",100008,Cemetery*,2020-12-19 14:25:16.643631
2020-07-29,04:30,57.7,49.8,74.9,0.0,0,29.86,NW,0.9,2.0,"Cemetery*, The Dalles, Wasco County",100008,Cemetery*,2020-12-19 14:25:16.643631
2020-07-29,04:45,59.1,48.9,68.8,0.0,1,29.86,W,1.4,2.6,"Cemetery*, The Dalles, Wasco County",100008,Cemetery*,2020-12-19 14:25:16.643631
2020-07-29,05:00,60.2,48.4,65.0,0.0,5,29.87,W,1.2,2.2,"Cemetery*, The Dalles, Wasco County",100008,Cemetery*,2020-12-19 14:25:16.643631
2020-07-29,05:15,60.4,49.6,67.5,0.0,20,29.87,W,1.2,1.8,"Cemetery*, The Dalles, Wasco County",100008,Cemetery*,2020-12-19 14:25:16.643631
2020-07-29,05:30,61.5,51.7,70.0,0.0,50,29.87,W,0.9,1.7,"Cemetery*, The Dalles, Wasco County",100008,Cemetery*,2020-12-19 14:25:16.643631
2020-07-29,05:45,62.5,54.0,73.8,0.0,80,29.87,N,0.7,1.5,"Cemetery*, The Dalles, Wasco County",100008,Cemetery*,2020-12-19 14:25:16.643631
2020-07-29,06:00,63.9,53.5,68.8,0.0,96,29.87,NE,0.8,2.1,"Cemetery*, The Dalles, Wasco County",100008,Cemetery*,2020-12-19 14:25:16.643631
2020-07-29,06:15,65.1,52.9,64.6,0.0,153,29.87,NE,1.0,2.5,"Cemetery*, The Dalles, Wasco County",100008,Cemetery*,2020-12-19 14:25:16.643631
2020-07-29,06:30,67.2,54.5,63.8,0.0,188,29.87,NE,1.0,2.0,"Cemetery*, The Dalles, Wasco County",100008,Cemetery*,2020-12-19 14:25:16.643631
2020-07-29,06:45,69.4,56.7,64.0,0.0,226,29.88,N ,1.1,2.5,"Cemetery*, The Dalles, Wasco County",100008,Cemetery*,2020-12-19 14:25:16.643631
2020-07-29,07:00,70.4,57.8,64.1,0.0,265,29.89,N,1.3,3.2,"Cemetery*, The Dalles, Wasco County",100008,Cemetery*,2020-12-19 14:25:16.643631
2020-07-29,07:15,72.1,58.7,62.9,0.0,308,29.89,N,1.2,2.3,"Cemetery*, The Dalles, Wasco County",100008,Cemetery*,2020-12-19 14:25:16.643631
2020-07-29,07:30,72.9,58.1,59.8,0.0,353,29.89,N ,1.3,3.8,"Cemetery*, The Dalles, Wasco County",100008,Cemetery*,2020-12-19 14:25:16.643631
2020-07-29,07:45,73.7,57.5,56.8,0.0,394,29.89,NE,1.1,3.1,"Cemetery*, The Dalles, Wasco County",100008,Cemetery*,2020-12-19 14:25:16.643631
2020-07-29,08:00,74.8,57.5,54.9,0.0,435,29.89,NE,1.2,2.8,"Cemetery*, The Dalles, Wasco County",100008,Cemetery*,2020-12-19 14:25:16.643631
2020-07-29,08:15,75.9,57.7,53.4,0.0,483,29.89,NE,1.5,4.0,"Cemetery*, The Dalles, Wasco County",100008,Cemetery*,2020-12-19 14:25:16.643631
2020-07-29,08:30,76.6,58.3,53.1,0.0,514,29.89,NE,1.5,3.8,"Cemetery*, The Dalles, Wasco County",100008,Cemetery*,2020-12-19 14:25:16.643631
2020-07-29,08:45,77.4,58.1,51.4,0.0,430,29.89,N ,0.9,2.5,"Cemetery*, The Dalles, Wasco County",100008,Cemetery*,2020-12-19 14:25:16.643631
2020-07-29,09:00,77.8,57.9,50.3,0.0,534,29.89,NE,1.3,4.1,"Cemetery*, The Dalles, Wasco County",100008,Cemetery*,2020-12-19 14:25:16.643631
2020-07-29,09:15,79.0,59.0,50.4,0.0,568,29.89,NE,1.5,4.1,"Cemetery*, The Dalles, Wasco County",100008,Cemetery*,2020-12-19 14:25:16.643631
2020-07-29,09:30,80.0,58.9,48.6,0.0,609,29.88,NE,1.4,3.6,"Cemetery*, The Dalles, Wasco County",100008,Cemetery*,2020-12-19 14:25:16.643631
2020-07-29,09:45,82.0,58.5,44.9,0.0,685,29.88,NE,1.3,3.7,"Cemetery*, The Dalles, Wasco County",100008,Cemetery*,2020-12-19 14:25:16.643631
2020-07-29,10:00,83.4,58.8,43.3,0.0,688,29.87,N ,0.9,2.2,"Cemetery*, The Dalles, Wasco County",100008,Cemetery*,2020-12-19 14:25:16.643631
2020-07-29,10:15,84.3,61.0,45.5,0.0,728,29.87,N ,1.4,2.8,"Cemetery*, The Dalles, Wasco County",100008,Cemetery*,2020-12-19 14:25:16.643631
2020-07-29,10:30,85.5,60.9,43.6,0.0,760,29.87,N ,1.4,4.0,"Cemetery*, The Dalles, Wasco County",100008,Cemetery*,2020-12-19 14:25:16.643631
2020-07-29,10:45,85.8,60.3,42.3,0.0,778,29.87,N ,1.6,3.2,"Cemetery*, The Dalles, Wasco County",100008,Cemetery*,2020-12-19 14:25:16.643631
2020-07-29,11:00,87.2,60.6,40.8,0.0,795,29.86,NE,1.7,3.4,"Cemetery*, The Dalles, Wasco County",100008,Cemetery*,2020-12-19 14:25:16.643631
2020-07-29,11:15,87.1,60.0,40.2,0.0,809,29.86,N ,1.5,3.6,"Cemetery*, The Dalles, Wasco County",100008,Cemetery*,2020-12-19 14:25:16.643631
2020-07-29,11:30,87.9,60.2,39.4,0.0,822,29.85,N ,1.4,3.3,"Cemetery*, The Dalles, Wasco County",100008,Cemetery*,2020-12-19 14:25:16.643631
2020-07-29,11:45,89.6,59.0,35.8,0.0,843,29.85,N ,1.5,3.4,"Cemetery*, The Dalles, Wasco County",100008,Cemetery*,2020-12-19 14:25:16.643631
2020-07-29,12:00,89.8,60.7,37.9,0.0,816,29.85,N,1.4,2.8,"Cemetery*, The Dalles, Wasco County",100008,Cemetery*,2020-12-19 14:25:16.643631
2020-07-29,12:15,90.3,61.4,38.2,0.0,791,29.84,N ,1.5,3.2,"Cemetery*, The Dalles, Wasco County",100008,Cemetery*,2020-12-19 14:25:16.643631
2020-07-29,12:30,90.6,60.5,36.6,0.0,827,29.84,N ,1.8,3.7,"Cemetery*, The Dalles, Wasco County",100008,Cemetery*,2020-12-19 14:25:16.643631
2020-07-29,12:45,89.3,61.3,39.2,0.0,531,29.84,N ,1.5,3.2,"Cemetery*, The Dalles, Wasco County",100008,Cemetery*,2020-12-19 14:25:16.643631
2020-07-29,13:00,90.9,61.7,37.8,0.0,895,29.83,N ,1.8,4.0,"Cemetery*, The Dalles, Wasco County",100008,Cemetery*,2020-12-19 14:25:16.643631
2020-07-29,13:15,92.0,61.6,36.4,0.0,814,29.83,N ,1.7,3.4,"Cemetery*, The Dalles, Wasco County",100008,Cemetery*,2020-12-19 14:25:16.643631
2020-07-29,13:30,92.6,60.7,34.6,0.0,796,29.82,N ,1.7,3.9,"Cemetery*, The Dalles, Wasco County",100008,Cemetery*,2020-12-19 14:25:16.643631
2020-07-29,13:45,93.5,60.7,33.7,0.0,786,29.82,N ,2.0,3.7,"Cemetery*, The Dalles, Wasco County",100008,Cemetery*,2020-12-19 14:25:16.643631
2020-07-29,14:00,93.6,61.6,34.7,0.0,746,29.82,N ,1.8,3.9,"Cemetery*, The Dalles, Wasco County",100008,Cemetery*,2020-12-19 14:25:16.643631
2020-07-29,14:15,93.8,62.0,35.0,0.0,781,29.82,N ,1.8,3.7,"Cemetery*, The Dalles, Wasco County",100008,Cemetery*,2020-12-19 14:25:16.643631
2020-07-29,14:30,94.3,62.3,34.8,0.0,715,29.81,N ,1.8,3.0,"Cemetery*, The Dalles, Wasco County",100008,Cemetery*,2020-12-19 14:25:16.643631
2020-07-29,14:45,94.9,62.9,34.9,0.0,667,29.81,N ,1.6,4.5,"Cemetery*, The Dalles, Wasco County",100008,Cemetery*,2020-12-19 14:25:16.643631
2020-07-29,15:00,95.6,61.7,32.7,0.0,635,29.8,N ,1.8,3.4,"Cemetery*, The Dalles, Wasco County",100008,Cemetery*,2020-12-19 14:25:16.643631
2020-07-29,15:15,95.2,62.7,34.3,0.0,609,29.79,N ,1.8,3.4,"Cemetery*, The Dalles, Wasco County",100008,Cemetery*,2020-12-19 14:25:16.643631
2020-07-29,15:30,95.6,63.4,34.7,0.0,569,29.8,N ,1.7,2.8,"Cemetery*, The Dalles, Wasco County",100008,Cemetery*,2020-12-19 14:25:16.643631
2020-07-29,15:45,95.8,61.5,32.2,0.0,527,29.79,N,2.1,6.2,"Cemetery*, The Dalles, Wasco County",100008,Cemetery*,2020-12-19 14:25:16.643631
2020-07-29,16:00,95.5,60.0,30.9,0.0,488,29.79,N,2.2,5.1,"Cemetery*, The Dalles, Wasco County",100008,Cemetery*,2020-12-19 14:25:16.643631
2020-07-29,16:15,94.9,58.8,30.2,0.0,457,29.79,N,2.2,4.5,"Cemetery*, The Dalles, Wasco County",100008,Cemetery*,2020-12-19 14:25:16.643631
2020-07-29,16:30,94.8,58.8,30.3,0.0,423,29.79,N,2.5,8.5,"Cemetery*, The Dalles, Wasco County",100008,Cemetery*,2020-12-19 14:25:16.643631
2020-07-29,16:45,94.3,58.6,30.4,0.0,384,29.79,N,2.3,6.0,"Cemetery*, The Dalles, Wasco County",100008,Cemetery*,2020-12-19 14:25:16.643631
2020-07-29,17:00,93.8,57.6,30.0,0.0,340,29.79,NW,2.3,8.1,"Cemetery*, The Dalles, Wasco County",100008,Cemetery*,2020-12-19 14:25:16.643631
2020-07-29,17:15,93.6,57.3,29.8,0.0,299,29.8,N,2.1,5.7,"Cemetery*, The Dalles, Wasco County",100008,Cemetery*,2020-12-19 14:25:16.643631
2020-07-29,17:30,93.4,57.3,29.9,0.0,261,29.8,NW,2.5,7.2,"Cemetery*, The Dalles, Wasco County",100008,Cemetery*,2020-12-19 14:25:16.643631
2020-07-29,17:45,92.7,58.5,31.9,0.0,176,29.8,NW,2.0,4.3,"Cemetery*, The Dalles, Wasco County",100008,Cemetery*,2020-12-19 14:25:16.643631
2020-07-29,18:00,91.6,59.2,33.9,0.0,137,29.8,N,2.1,4.4,"Cemetery*, The Dalles, Wasco County",100008,Cemetery*,2020-12-19 14:25:16.643631
2020-07-29,18:15,90.3,60.1,36.4,0.0,112,29.81,N,1.9,4.5,"Cemetery*, The Dalles, Wasco County",100008,Cemetery*,2020-12-19 14:25:16.643631
2020-07-29,18:30,88.8,60.0,38.1,0.0,51,29.81,N ,2.1,6.6,"Cemetery*, The Dalles, Wasco County",100008,Cemetery*,2020-12-19 14:25:16.643631
2020-07-29,18:45,87.0,60.4,40.9,0.0,36,29.82,NW,1.8,3.8,"Cemetery*, The Dalles, Wasco County",100008,Cemetery*,2020-12-19 14:25:16.643631
2020-07-29,19:00,83.4,62.1,48.7,0.0,27,29.83,NW,1.6,2.5,"Cemetery*, The Dalles, Wasco County",100008,Cemetery*,2020-12-19 14:25:16.643631
2020-07-29,19:15,83.6,60.0,44.9,0.0,19,29.82,NW,2.0,4.2,"Cemetery*, The Dalles, Wasco County",100008,Cemetery*,2020-12-19 14:25:16.643631
2020-07-29,19:30,84.3,58.9,42.1,0.0,10,29.82,N,2.2,6.5,"Cemetery*, The Dalles, Wasco County",100008,Cemetery*,2020-12-19 14:25:16.643631
2020-07-29,19:45,83.8,58.4,42.1,0.0,3,29.83,N ,1.7,3.7,"Cemetery*, The Dalles, Wasco County",100008,Cemetery*,2020-12-19 14:25:16.643631
2020-07-29,20:00,83.3,58.0,42.2,0.0,0,29.84,N,1.7,4.6,"Cemetery*, The Dalles, Wasco County",100008,Cemetery*,2020-12-19 14:25:16.643631
2020-07-29,20:15,83.3,57.4,41.4,0.0,0,29.84,N,1.9,5.5,"Cemetery*, The Dalles, Wasco County",100008,Cemetery*,2020-12-19 14:25:16.643631
2020-07-29,20:30,81.4,57.8,44.6,0.0,0,29.85,NW,1.6,5.6,"Cemetery*, The Dalles, Wasco County",100008,Cemetery*,2020-12-19 14:25:16.643631
2020-07-29,20:45,81.9,57.3,43.1,0.0,0,29.86,NW,1.8,7.9,"Cemetery*, The Dalles, Wasco County",100008,Cemetery*,2020-12-19 14:25:16.643631
2020-07-29,21:00,81.2,57.6,44.6,0.0,0,29.86,NW,1.7,5.0,"Cemetery*, The Dalles, Wasco County",100008,Cemetery*,2020-12-19 14:25:16.643631
2020-07-29,21:15,81.4,57.2,43.6,0.0,0,29.87,NW,1.7,7.2,"Cemetery*, The Dalles, Wasco County",100008,Cemetery*,2020-12-19 14:25:16.643631
2020-07-29,21:30,81.3,56.5,42.8,0.0,0,29.87,NW,1.6,4.9,"Cemetery*, The Dalles, Wasco County",100008,Cemetery*,2020-12-19 14:25:16.643631
2020-07-29,21:45,78.0,57.8,49.8,0.0,0,29.87,NW,1.3,2.3,"Cemetery*, The Dalles, Wasco County",100008,Cemetery*,2020-12-19 14:25:16.643631
2020-07-29,22:00,75.3,58.5,55.9,0.0,0,29.88,NW,1.3,2.2,"Cemetery*, The Dalles, Wasco County",100008,Cemetery*,2020-12-19 14:25:16.643631
2020-07-29,22:15,74.3,58.5,57.8,0.0,0,29.88,NW,1.3,1.9,"Cemetery*, The Dalles, Wasco County",100008,Cemetery*,2020-12-19 14:25:16.643631
2020-07-29,22:30,73.9,57.8,57.0,0.0,0,29.88,W,1.3,2.0,"Cemetery*, The Dalles, Wasco County",100008,Cemetery*,2020-12-19 14:25:16.643631
2020-07-29,22:45,73.8,57.9,57.5,0.0,0,29.88,NW,1.2,2.4,"Cemetery*, The Dalles, Wasco County",100008,Cemetery*,2020-12-19 14:25:16.643631
2020-07-29,23:00,72.9,57.9,59.2,0.0,0,29.88,W,1.4,1.7,"Cemetery*, The Dalles, Wasco County",100008,Cemetery*,2020-12-19 14:25:16.643631
2020-07-30,23:15,73.1,57.1,57.3,0.0,0,29.89,NW,1.4,2.5,"Cemetery*, The Dalles, Wasco County",100008,Cemetery*,2020-12-19 14:25:16.643631
2020-07-30,23:30,74.0,56.0,53.3,0.0,0,29.89,NW,1.5,2.3,"Cemetery*, The Dalles, Wasco County",100008,Cemetery*,2020-12-19 14:25:16.643631
2020-07-30,23:45,73.5,56.6,55.5,0.0,0,29.89,NW,1.2,2.6,"Cemetery*, The Dalles, Wasco County",100008,Cemetery*,2020-12-19 14:25:16.643631
2020-07-30,24:00,72.5,56.4,57.0,0.0,0,29.89,NW,1.5,2.5,"Cemetery*, The Dalles, Wasco County",100008,Cemetery*,2020-12-19 14:25:16.643631
2020-07-30,00:15,72.1,55.9,56.7,0.0,0,29.89,NW,1.6,2.3,"Cemetery*, The Dalles, Wasco County",100008,Cemetery*,2020-12-19 14:25:16.643631
2020-07-30,00:30,70.7,56.6,60.9,0.0,0,29.89,NW,1.1,2.2,"Cemetery*, The Dalles, Wasco County",100008,Cemetery*,2020-12-19 14:25:16.643631
2020-07-30,00:45,69.8,56.4,62.4,0.0,0,29.89,W,1.4,2.0,"Cemetery*, The Dalles, Wasco County",100008,Cemetery*,2020-12-19 14:25:16.643631
2020-07-30,01:00,69.2,55.9,62.7,0.0,0,29.89,NW,1.3,1.9,"Cemetery*, The Dalles, Wasco County",100008,Cemetery*,2020-12-19 14:25:16.643631
2020-07-30,01:15,68.9,55.6,62.5,0.0,0,29.89,NW,1.4,2.4,"Cemetery*, The Dalles, Wasco County",100008,Cemetery*,2020-12-19 14:25:16.643631
2020-07-30,01:30,68.5,55.8,63.9,0.0,0,29.89,W,1.2,1.8,"Cemetery*, The Dalles, Wasco County",100008,Cemetery*,2020-12-19 14:25:16.643631
2020-07-30,01:45,67.2,56.4,68.3,0.0,0,29.88,NW,1.0,2.0,"Cemetery*, The Dalles, Wasco County",100008,Cemetery*,2020-12-19 14:25:16.643631
2020-07-30,02:00,68.4,56.2,64.9,0.0,0,29.88,NW,1.2,2.3,"Cemetery*, The Dalles, Wasco County",100008,Cemetery*,2020-12-19 14:25:16.643631
2020-07-30,02:15,66.7,57.0,70.8,0.0,0,29.88,NW,1.1,1.9,"Cemetery*, The Dalles, Wasco County",100008,Cemetery*,2020-12-19 14:25:16.643631
2020-07-30,02:30,67.4,55.7,65.9,0.0,0,29.88,W,1.1,2.0,"Cemetery*, The Dalles, Wasco County",100008,Cemetery*,2020-12-19 14:25:16.643631
2020-07-30,02:45,68.6,54.4,60.5,0.0,0,29.88,W,1.0,2.4,"Cemetery*, The Dalles, Wasco County",100008,Cemetery*,2020-12-19 14:25:16.643631
2020-07-30,03:00,67.2,55.3,65.4,0.0,0,29.88,NW,1.1,1.9,"Cemetery*, The Dalles, Wasco County",100008,Cemetery*,2020-12-19 14:25:16.643631
2020-07-30,03:15,66.3,56.1,69.4,0.0,0,29.88,NW,0.9,1.8,"Cemetery*, The Dalles, Wasco County",100008,Cemetery*,2020-12-19 14:25:16.643631
2020-07-30,03:30,65.8,56.1,70.9,0.0,0,29.88,NW,1.0,1.7,"Cemetery*, The Dalles, Wasco County",100008,Cemetery*,2020-12-19 14:25:16.643631
2020-07-30,03:45,66.4,55.1,66.8,0.0,0,29.88,NW,1.0,2.1,"Cemetery*, The Dalles, Wasco County",100008,Cemetery*,2020-12-19 14:25:16.643631
2020-07-30,04:00,65.6,54.9,68.2,0.0,0,29.89,NW,0.9,1.8,"Cemetery*, The Dalles, Wasco County",100008,Cemetery*,2020-12-19 14:25:16.643631
2020-07-30,04:15,66.0,53.7,64.4,0.0,0,29.89,W,1.2,2.2,"Cemetery*, The Dalles, Wasco County",100008,Cemetery*,2020-12-19 14:25:16.643631
2020-07-30,04:30,65.9,54.4,66.4,0.0,0,29.89,W,1.4,2.1,"Cemetery*, The Dalles, Wasco County",100008,Cemetery*,2020-12-19 14:25:16.643631
2020-07-30,04:45,65.8,54.8,67.5,0.0,1,29.9,W,1.3,1.9,"Cemetery*, The Dalles, Wasco County",100008,Cemetery*,2020-12-19 14:25:16.643631
2020-07-30,05:00,65.1,55.8,71.9,0.0,6,29.9,W,1.3,1.7,"Cemetery*, The Dalles, Wasco County",100008,Cemetery*,2020-12-19 14:25:16.643631
2020-07-30,05:15,65.6,56.6,72.8,0.0,19,29.9,NW,1.1,1.7,"Cemetery*, The Dalles, Wasco County",100008,Cemetery*,2020-12-19 14:25:16.643631
2020-07-30,05:30,65.2,57.4,75.8,0.0,29,29.9,NW,0.9,2.3,"Cemetery*, The Dalles, Wasco County",100008,Cemetery*,2020-12-19 14:25:16.643631
2020-07-30,05:45,67.9,55.6,64.7,0.0,77,29.9,W,1.1,2.7,"Cemetery*, The Dalles, Wasco County",100008,Cemetery*,2020-12-19 14:25:16.643631
2020-07-30,06:00,70.0,56.2,61.5,0.0,131,29.91,NW,1.2,2.9,"Cemetery*, The Dalles, Wasco County",100008,Cemetery*,2020-12-19 14:25:16.643631
2020-07-30,06:15,71.0,59.3,66.5,0.0,186,29.91,NE,1.3,3.2,"Cemetery*, The Dalles, Wasco County",100008,Cemetery*,2020-12-19 14:25:16.643631
2020-07-30,06:30,71.8,62.1,71.4,0.0,148,29.92,N,0.9,1.6,"Cemetery*, The Dalles, Wasco County",100008,Cemetery*,2020-12-19 14:25:16.643631
2020-07-30,06:45,73.7,62.2,67.4,0.0,230,29.92,N ,1.1,2.1,"Cemetery*, The Dalles, Wasco County",100008,Cemetery*,2020-12-19 14:25:16.643631
2020-07-30,07:00,74.9,61.5,63.0,0.0,265,29.92,N ,1.3,2.4,"Cemetery*, The Dalles, Wasco County",100008,Cemetery*,2020-12-19 14:25:16.643631
2020-07-30,07:15,75.9,63.1,64.4,0.0,263,29.92,NE,1.2,3.7,"Cemetery*, The Dalles, Wasco County",100008,Cemetery*,2020-12-19 14:25:16.643631
2020-07-30,07:30,77.3,62.7,60.6,0.0,332,29.92,N ,1.1,2.6,"Cemetery*, The Dalles, Wasco County",100008,Cemetery*,2020-12-19 14:25:16.643631
2020-07-30,07:45,78.2,62.3,58.1,0.0,386,29.92,N,1.2,2.0,"Cemetery*, The Dalles, Wasco County",100008,Cemetery*,2020-12-19 14:25:16.643631
2020-07-30,08:00,79.3,61.7,55.0,0.0,418,29.93,NE,1.3,3.5,"Cemetery*, The Dalles, Wasco County",100008,Cemetery*,2020-12-19 14:25:16.643631
2020-07-30,08:15,80.3,63.0,55.5,0.0,442,29.93,NE,1.2,2.6,"Cemetery*, The Dalles, Wasco County",100008,Cemetery*,2020-12-19 14:25:16.643631
2020-07-30,08:30,80.3,63.2,56.0,0.0,504,29.93,NE,2.0,5.3,"Cemetery*, The Dalles, Wasco County",100008,Cemetery*,2020-12-19 14:25:16.643631
2020-07-30,08:45,81.5,62.2,52.0,0.0,542,29.92,N ,1.2,2.5,"Cemetery*, The Dalles, Wasco County",100008,Cemetery*,2020-12-19 14:25:16.643631
2020-07-30,09:00,82.5,62.7,51.3,0.0,579,29.92,N,1.1,2.4,"Cemetery*, The Dalles, Wasco County",100008,Cemetery*,2020-12-19 14:25:16.643631
2020-07-30,09:15,84.1,64.2,51.3,0.0,614,29.92,NE,1.3,2.7,"Cemetery*, The Dalles, Wasco County",100008,Cemetery*,2020-12-19 14:25:16.643631
2020-07-30,09:30,85.5,62.2,45.7,0.0,650,29.92,NE,1.5,3.0,"Cemetery*, The Dalles, Wasco County",100008,Cemetery*,2020-12-19 14:25:16.643631
2020-07-30,09:45,86.3,64.6,48.5,0.0,680,29.92,N ,1.4,2.6,"Cemetery*, The Dalles, Wasco County",100008,Cemetery*,2020-12-19 14:25:16.643631
2020-07-30,10:00,86.2,65.4,50.0,0.0,708,29.92,N ,1.7,3.7,"Cemetery*, The Dalles, Wasco County",100008,Cemetery*,2020-12-19 14:25:16.643631
2020-07-30,10:15,86.6,65.4,49.4,0.0,735,29.91,N ,1.7,3.6,"Cemetery*, The Dalles, Wasco County",100008,Cemetery*,2020-12-19 14:25:16.643631
2020-07-30,10:30,87.1,65.7,48.9,0.0,759,29.91,N ,1.7,4.9,"Cemetery*, The Dalles, Wasco County",100008,Cemetery*,2020-12-19 14:25:16.643631
2020-07-30,10:45,88.1,65.3,46.9,0.0,779,29.9,N ,1.7,4.0,"Cemetery*, The Dalles, Wasco County",100008,Cemetery*,2020-12-19 14:25:16.643631
2020-07-30,11:00,88.6,65.0,45.7,0.0,798,29.9,N,1.9,3.5,"Cemetery*, The Dalles, Wasco County",100008,Cemetery*,2020-12-19 14:25:16.643631
2020-07-30,11:15,90.2,65.6,44.3,0.0,814,29.9,N,1.7,2.5,"Cemetery*, The Dalles, Wasco County",100008,Cemetery*,2020-12-19 14:25:16.643631
2020-07-30,11:30,91.6,65.1,41.7,0.0,825,29.9,N ,1.6,3.0,"Cemetery*, The Dalles, Wasco County",100008,Cemetery*,2020-12-19 14:25:16.643631
2020-07-30,11:45,92.4,64.6,40.0,0.0,835,29.89,N,1.4,2.7,"Cemetery*, The Dalles, Wasco County",100008,Cemetery*,2020-12-19 14:25:16.643631
2020-07-30,12:00,93.1,64.8,39.3,0.0,840,29.88,N ,1.8,3.9,"Cemetery*, The Dalles, Wasco County",100008,Cemetery*,2020-12-19 14:25:16.643631
2020-07-30,12:15,94.3,65.4,38.8,0.0,842,29.87,NE,1.7,3.9,"Cemetery*, The Dalles, Wasco County",100008,Cemetery*,2020-12-19 14:25:16.643631
2020-07-30,12:30,95.1,63.9,36.0,0.0,841,29.87,NE,2.1,4.1,"Cemetery*, The Dalles, Wasco County",100008,Cemetery*,2020-12-19 14:25:16.643631
2020-07-30,12:45,95.6,64.7,36.4,0.0,837,29.86,NE,1.9,4.5,"Cemetery*, The Dalles, Wasco County",100008,Cemetery*,2020-12-19 14:25:16.643631
2020-07-30,13:00,96.0,66.0,37.6,0.0,830,29.86,N,1.6,3.8,"Cemetery*, The Dalles, Wasco County",100008,Cemetery*,2020-12-19 14:25:16.643631
2020-07-30,13:15,96.7,66.3,37.1,0.0,819,29.85,N ,1.7,3.2,"Cemetery*, The Dalles, Wasco County",100008,Cemetery*,2020-12-19 14:25:16.643631
2020-07-30,13:30,97.5,67.2,37.4,0.0,807,29.85,N ,1.8,2.7,"Cemetery*, The Dalles, Wasco County",100008,Cemetery*,2020-12-19 14:25:16.643631
2020-07-30,13:45,98.5,65.6,34.3,0.0,794,29.84,N ,1.6,3.1,"Cemetery*, The Dalles, Wasco County",100008,Cemetery*,2020-12-19 14:25:16.643631
2020-07-30,14:00,97.8,65.9,35.4,0.0,773,29.84,N,2.0,3.5,"Cemetery*, The Dalles, Wasco County",100008,Cemetery*,2020-12-19 14:25:16.643631
2020-07-30,14:15,98.2,64.6,33.5,0.0,750,29.83,N,1.8,3.8,"Cemetery*, The Dalles, Wasco County",100008,Cemetery*,2020-12-19 14:25:16.643631
2020-07-30,14:30,99.2,65.3,33.2,0.0,726,29.82,N,1.7,2.9,"Cemetery*, The Dalles, Wasco County",100008,Cemetery*,2020-12-19 14:25:16.643631
2020-07-30,14:45,100.1,65.0,32.0,0.0,695,29.82,N,1.8,4.0,"Cemetery*, The Dalles, Wasco County",100008,Cemetery*,2020-12-19 14:25:16.643631
2020-07-30,15:00,101.0,62.2,28.3,0.0,666,29.81,N ,1.7,2.6,"Cemetery*, The Dalles, Wasco County",100008,Cemetery*,2020-12-19 14:25:16.643631
2020-07-30,15:15,101.0,63.1,29.2,0.0,634,29.8,N,1.8,3.0,"Cemetery*, The Dalles, Wasco County",100008,Cemetery*,2020-12-19 14:25:16.643631
2020-07-30,15:30,100.1,65.7,32.8,0.0,598,29.8,N,1.9,3.7,"Cemetery*, The Dalles, Wasco County",100008,Cemetery*,2020-12-19 14:25:16.643631
2020-07-30,15:45,100.5,65.6,32.3,0.0,559,29.79,N,1.9,4.0,"Cemetery*, The Dalles, Wasco County",100008,Cemetery*,2020-12-19 14:25:16.643631
2020-07-30,16:00,100.2,65.5,32.5,0.0,517,29.79,N,1.9,3.1,"Cemetery*, The Dalles, Wasco County",100008,Cemetery*,2020-12-19 14:25:16.643631
2020-07-30,16:15,99.8,66.6,34.2,0.0,479,29.79,N,2.0,3.6,"Cemetery*, The Dalles, Wasco County",100008,Cemetery*,2020-12-19 14:25:16.643631
2020-07-30,16:30,99.2,68.2,36.8,0.0,439,29.78,N,2.1,4.3,"Cemetery*, The Dalles, Wasco County",100008,Cemetery*,2020-12-19 14:25:16.643631
2020-07-30,16:45,98.2,67.5,37.1,0.0,395,29.78,N,2.1,3.6,"Cemetery*, The Dalles, Wasco County",100008,Cemetery*,2020-12-19 14:25:16.643631
2020-07-30,17:00,96.9,68.6,40.1,0.0,347,29.78,N,2.2,3.7,"Cemetery*, The Dalles, Wasco County",100008,Cemetery*,2020-12-19 14:25:16.643631
2020-07-30,17:15,95.9,68.0,40.5,0.0,301,29.77,N,2.1,3.2,"Cemetery*, The Dalles, Wasco County",100008,Cemetery*,2020-12-19 14:25:16.643631
2020-07-30,17:30,94.0,68.5,43.5,0.0,260,29.77,N,2.1,3.5,"Cemetery*, The Dalles, Wasco County",100008,Cemetery*,2020-12-19 14:25:16.643631
2020-07-30,17:45,92.1,67.5,44.6,0.0,182,29.77,N,1.9,4.2,"Cemetery*, The Dalles, Wasco County",100008,Cemetery*,2020-12-19 14:25:16.643631
2020-07-30,18:00,88.8,68.9,51.8,0.0,125,29.77,NW,1.7,3.1,"Cemetery*, The Dalles, Wasco County",100008,Cemetery*,2020-12-19 14:25:16.643631
2020-07-30,18:15,88.6,66.9,48.8,0.0,120,29.77,NW,1.8,3.8,"Cemetery*, The Dalles, Wasco County",100008,Cemetery*,2020-12-19 14:25:16.643631
2020-07-30,18:30,90.1,62.6,40.0,0.0,55,29.78,N,2.6,6.3,"Cemetery*, The Dalles, Wasco County",100008,Cemetery*,2020-12-19 14:25:16.643631
2020-07-30,18:45,89.6,62.1,40.0,0.0,36,29.79,N,2.3,7.6,"Cemetery*, The Dalles, Wasco County",100008,Cemetery*,2020-12-19 14:25:16.643631
2020-07-30,19:00,89.5,62.5,40.7,0.0,26,29.79,N,2.8,10.3,"Cemetery*, The Dalles, Wasco County",100008,Cemetery*,2020-12-19 14:25:16.643631
2020-07-30,19:15,89.4,62.5,40.7,0.0,17,29.79,N,2.7,6.3,"Cemetery*, The Dalles, Wasco County",100008,Cemetery*,2020-12-19 14:25:16.643631
2020-07-30,19:30,89.4,61.8,39.8,0.0,7,29.8,NW,2.6,8.0,"Cemetery*, The Dalles, Wasco County",100008,Cemetery*,2020-12-19 14:25:16.643631
2020-07-30,19:45,89.1,60.8,38.9,0.0,2,29.8,N,3.0,7.1,"Cemetery*, The Dalles, Wasco County",100008,Cemetery*,2020-12-19 14:25:16.643631
2020-07-30,20:00,88.1,59.9,38.7,0.0,0,29.81,N,2.5,6.9,"Cemetery*, The Dalles, Wasco County",100008,Cemetery*,2020-12-19 14:25:16.643631
2020-07-30,20:15,87.8,58.7,37.5,0.0,0,29.82,N,2.8,7.3,"Cemetery*, The Dalles, Wasco County",100008,Cemetery*,2020-12-19 14:25:16.643631
2020-07-30,20:30,87.4,57.5,36.4,0.0,0,29.82,N,2.6,6.8,"Cemetery*, The Dalles, Wasco County",100008,Cemetery*,2020-12-19 14:25:16.643631
2020-07-30,20:45,87.5,56.7,35.2,0.0,0,29.82,NW,3.1,9.5,"Cemetery*, The Dalles, Wasco County",100008,Cemetery*,2020-12-19 14:25:16.643631
2020-07-30,21:00,87.1,56.4,35.3,0.0,0,29.83,N,2.7,7.3,"Cemetery*, The Dalles, Wasco County",100008,Cemetery*,2020-12-19 14:25:16.643631
2020-07-30,21:15,86.7,56.3,35.6,0.0,0,29.82,N,2.3,6.3,"Cemetery*, The Dalles, Wasco County",100008,Cemetery*,2020-12-19 14:25:16.643631
2020-07-30,21:30,85.9,56.4,36.7,0.0,0,29.82,N,1.9,5.8,"Cemetery*, The Dalles, Wasco County",100008,Cemetery*,2020-12-19 14:25:16.643631
2020-07-30,21:45,85.3,56.4,37.3,0.0,0,29.82,N,1.7,3.6,"Cemetery*, The Dalles, Wasco County",100008,Cemetery*,2020-12-19 14:25:16.643631
2020-07-30,22:00,83.6,57.3,40.8,0.0,0,29.83,NW,1.4,2.9,"Cemetery*, The Dalles, Wasco County",100008,Cemetery*,2020-12-19 14:25:16.643631
2020-07-30,22:15,81.3,58.5,45.9,0.0,0,29.83,NW,1.3,2.1,"Cemetery*, The Dalles, Wasco County",100008,Cemetery*,2020-12-19 14:25:16.643631
2020-07-30,22:30,79.9,58.8,48.5,0.0,0,29.83,NW,1.3,3.0,"Cemetery*, The Dalles, Wasco County",100008,Cemetery*,2020-12-19 14:25:16.643631
2020-07-30,22:45,81.6,57.7,44.2,0.0,0,29.82,N,1.5,4.4,"Cemetery*, The Dalles, Wasco County",100008,Cemetery*,2020-12-19 14:25:16.643631
2020-07-30,23:00,81.9,57.9,44.1,0.0,0,29.82,NW,1.7,3.8,"Cemetery*, The Dalles, Wasco County",100008,Cemetery*,2020-12-19 14:25:16.643631
2020-07-31,23:15,81.6,58.3,45.1,0.0,0,29.82,N,1.5,4.6,"Cemetery*, The Dalles, Wasco County",100008,Cemetery*,2020-12-19 14:25:16.643631
2020-07-31,23:30,81.8,57.8,44.0,0.0,0,29.83,N,1.8,5.4,"Cemetery*, The Dalles, Wasco County",100008,Cemetery*,2020-12-19 14:25:16.643631
2020-07-31,23:45,82.4,58.1,43.6,0.0,0,29.83,N,1.8,4.8,"Cemetery*, The Dalles, Wasco County",100008,Cemetery*,2020-12-19 14:25:16.643631
2020-07-31,24:00,82.3,58.1,43.7,0.0,0,29.83,N,1.8,6.0,"Cemetery*, The Dalles, Wasco County",100008,Cemetery*,2020-12-19 14:25:16.643631
2020-07-31,00:15,81.4,58.5,45.7,0.0,0,29.83,N,1.5,3.2,"Cemetery*, The Dalles, Wasco County",100008,Cemetery*,2020-12-19 14:25:16.643631
2020-07-31,00:30,81.6,57.9,44.6,0.0,0,29.82,N,2.0,5.1,"Cemetery*, The Dalles, Wasco County",100008,Cemetery*,2020-12-19 14:25:16.643631
2020-07-31,00:45,81.4,57.8,44.6,0.0,0,29.82,NW,2.1,5.0,"Cemetery*, The Dalles, Wasco County",100008,Cemetery*,2020-12-19 14:25:16.643631
2020-07-31,01:00,81.1,57.7,44.9,0.0,0,29.82,N,1.9,6.4,"Cemetery*, The Dalles, Wasco County",100008,Cemetery*,2020-12-19 14:25:16.643631
2020-07-31,01:15,80.4,57.7,45.9,0.0,0,29.81,N,1.7,4.5,"Cemetery*, The Dalles, Wasco County",100008,Cemetery*,2020-12-19 14:25:16.643631
2020-07-31,01:30,80.2,57.5,45.9,0.0,0,29.81,NW,1.8,7.6,"Cemetery*, The Dalles, Wasco County",100008,Cemetery*,2020-12-19 14:25:16.643631
2020-07-31,01:45,79.8,57.2,46.0,0.0,0,29.81,N,1.8,6.4,"Cemetery*, The Dalles, Wasco County",100008,Cemetery*,2020-12-19 14:25:16.643631
2020-07-31,02:00,79.1,57.2,46.9,0.0,0,29.81,NW,1.6,4.2,"Cemetery*, The Dalles, Wasco County",100008,Cemetery*,2020-12-19 14:25:16.643631
2020-07-31,02:15,77.2,57.9,51.3,0.0,0,29.81,NW,1.3,2.6,"Cemetery*, The Dalles, Wasco County",100008,Cemetery*,2020-12-19 14:25:16.643631
2020-07-31,02:30,73.8,58.9,59.7,0.0,0,29.81,NW,1.3,2.2,"Cemetery*, The Dalles, Wasco County",100008,Cemetery*,2020-12-19 14:25:16.643631
2020-07-31,02:45,73.3,58.6,59.9,0.0,0,29.81,W,1.3,2.1,"Cemetery*, The Dalles, Wasco County",100008,Cemetery*,2020-12-19 14:25:16.643631
2020-07-31,03:00,72.6,58.6,61.4,0.0,0,29.81,NW,1.3,3.1,"Cemetery*, The Dalles, Wasco County",100008,Cemetery*,2020-12-19 14:25:16.643631
2020-07-31,03:15,71.6,58.8,64.1,0.0,0,29.82,NW,1.1,2.1,"Cemetery*, The Dalles, Wasco County",100008,Cemetery*,2020-12-19 14:25:16.643631
2020-07-31,03:30,71.3,58.2,63.2,0.0,0,29.82,NW,1.2,2.1,"Cemetery*, The Dalles, Wasco County",100008,Cemetery*,2020-12-19 14:25:16.643631
2020-07-31,03:45,70.6,58.7,66.0,0.0,0,29.81,NW,1.3,2.0,"Cemetery*, The Dalles, Wasco County",100008,Cemetery*,2020-12-19 14:25:16.643631
2020-07-31,04:00,69.4,58.9,69.2,0.0,0,29.82,NW,1.3,2.2,"Cemetery*, The Dalles, Wasco County",100008,Cemetery*,2020-12-19 14:25:16.643631
2020-07-31,04:15,69.3,58.2,67.8,0.0,0,29.82,NW,1.3,2.0,"Cemetery*, The Dalles, Wasco County",100008,Cemetery*,2020-12-19 14:25:16.643631
2020-07-31,04:30,68.7,58.1,68.8,0.0,0,29.82,NW,1.2,2.1,"Cemetery*, The Dalles, Wasco County",100008,Cemetery*,2020-12-19 14:25:16.643631
2020-07-31,04:45,68.6,57.9,68.4,0.0,1,29.82,NW,1.3,2.2,"Cemetery*, The Dalles, Wasco County",100008,Cemetery*,2020-12-19 14:25:16.643631
2020-07-31,05:00,68.6,57.9,68.6,0.0,4,29.83,W,1.3,2.9,"Cemetery*, The Dalles, Wasco County",100008,Cemetery*,2020-12-19 14:25:16.643631
2020-07-31,05:15,67.9,58.3,71.2,0.0,15,29.83,NW,1.1,1.9,"Cemetery*, The Dalles, Wasco County",100008,Cemetery*,2020-12-19 14:25:16.643631
2020-07-31,05:30,68.1,59.1,72.8,0.0,41,29.83,NW,1.0,1.9,"Cemetery*, The Dalles, Wasco County",100008,Cemetery*,2020-12-19 14:25:16.643631
2020-07-31,05:45,69.5,60.3,72.4,0.0,72,29.83,NW,0.9,1.5,"Cemetery*, The Dalles, Wasco County",100008,Cemetery*,2020-12-19 14:25:16.643631
2020-07-31,06:00,70.8,61.5,72.3,0.0,91,29.84,NW,0.9,2.0,"Cemetery*, The Dalles, Wasco County",100008,Cemetery*,2020-12-19 14:25:16.643631
2020-07-31,06:15,72.3,62.3,70.5,0.0,134,29.84,NE,1.4,3.2,"Cemetery*, The Dalles, Wasco County",100008,Cemetery*,2020-12-19 14:25:16.643631
2020-07-31,06:30,74.1,63.6,69.9,0.0,170,29.85,NE,1.1,2.7,"Cemetery*, The Dalles, Wasco County",100008,Cemetery*,2020-12-19 14:25:16.643631
2020-07-31,06:45,75.3,61.4,61.9,0.0,211,29.85,NE,1.3,2.2,"Cemetery*, The Dalles, Wasco County",100008,Cemetery*,2020-12-19 14:25:16.643631
2020-07-31,07:00,77.3,64.7,65.2,0.0,250,29.85,N ,1.1,2.1,"Cemetery*, The Dalles, Wasco County",100008,Cemetery*,2020-12-19 14:25:16.643631
2020-07-31,07:15,78.8,64.4,61.4,0.0,293,29.86,N,1.1,1.8,"Cemetery*, The Dalles, Wasco County",100008,Cemetery*,2020-12-19 14:25:16.643631
2020-07-31,07:30,80.0,64.0,58.1,0.0,335,29.87,N,1.2,2.0,"Cemetery*, The Dalles, Wasco County",100008,Cemetery*,2020-12-19 14:25:16.643631
2020-07-31,07:45,81.2,64.2,56.4,0.0,380,29.87,N ,1.4,2.8,"Cemetery*, The Dalles, Wasco County",100008,Cemetery*,2020-12-19 14:25:16.643631
2020-07-31,08:00,81.4,62.5,52.8,0.0,423,29.87,N,1.9,4.9,"Cemetery*, The Dalles, Wasco County",100008,Cemetery*,2020-12-19 14:25:16.643631
2020-07-31,08:15,80.9,60.7,50.4,0.0,464,29.87,NW,2.4,6.7,"Cemetery*, The Dalles, Wasco County",100008,Cemetery*,2020-12-19 14:25:16.643631
2020-07-31,08:30,81.5,60.0,48.0,0.0,505,29.87,N ,2.3,6.1,"Cemetery*, The Dalles, Wasco County",100008,Cemetery*,2020-12-19 14:25:16.643631
2020-07-31,08:45,82.0,59.9,47.2,0.0,545,29.87,N ,2.2,6.3,"Cemetery*, The Dalles, Wasco County",100008,Cemetery*,2020-12-19 14:25:16.643631
2020-07-31,09:00,81.9,59.1,45.9,0.0,586,29.87,NW,3.0,9.5,"Cemetery*, The Dalles, Wasco County",100008,Cemetery*,2020-12-19 14:25:16.643631
2020-07-31,09:15,82.3,58.6,44.7,0.0,625,29.87,N,3.1,8.4,"Cemetery*, The Dalles, Wasco County",100008,Cemetery*,2020-12-19 14:25:16.643631
2020-07-31,09:30,82.9,58.2,43.1,0.0,660,29.87,N,3.8,10.8,"Cemetery*, The Dalles, Wasco County",100008,Cemetery*,2020-12-19 14:25:16.643631
2020-07-31,09:45,83.5,58.5,42.7,0.0,693,29.87,NW,3.1,9.6,"Cemetery*, The Dalles, Wasco County",100008,Cemetery*,2020-12-19 14:25:16.643631
2020-07-31,10:00,83.9,58.9,42.8,0.0,721,29.87,N,3.0,15.1,"Cemetery*, The Dalles, Wasco County",100008,Cemetery*,2020-12-19 14:25:16.643631
2020-07-31,10:15,84.5,59.0,42.0,0.0,746,29.87,N,3.5,10.2,"Cemetery*, The Dalles, Wasco County",100008,Cemetery*,2020-12-19 14:25:16.643631
2020-07-31,10:30,85.3,59.5,41.9,0.0,771,29.87,N,3.4,12.9,"Cemetery*, The Dalles, Wasco County",100008,Cemetery*,2020-12-19 14:25:16.643631
2020-07-31,10:45,85.7,59.8,41.6,0.0,791,29.87,N ,2.9,10.9,"Cemetery*, The Dalles, Wasco County",100008,Cemetery*,2020-12-19 14:25:16.643631
2020-07-31,11:00,86.5,60.6,41.9,0.0,808,29.87,N,3.5,12.5,"Cemetery*, The Dalles, Wasco County",100008,Cemetery*,2020-12-19 14:25:16.643631
2020-07-31,11:15,86.6,60.6,41.7,0.0,821,29.87,N,3.3,10.4,"Cemetery*, The Dalles, Wasco County",100008,Cemetery*,2020-12-19 14:25:16.643631
2020-07-31,11:30,87.0,60.9,41.6,0.0,830,29.88,N,3.2,9.7,"Cemetery*, The Dalles, Wasco County",100008,Cemetery*,2020-12-19 14:25:16.643631
2020-07-31,11:45,87.7,60.9,40.7,0.0,839,29.87,N,3.3,9.3,"Cemetery*, The Dalles, Wasco County",100008,Cemetery*,2020-12-19 14:25:16.643631
2020-07-31,12:00,88.6,61.7,40.8,0.0,841,29.87,N,3.0,8.2,"Cemetery*, The Dalles, Wasco County",100008,Cemetery*,2020-12-19 14:25:16.643631
2020-07-31,12:15,88.3,61.1,40.2,0.0,847,29.87,N,3.6,12.2,"Cemetery*, The Dalles, Wasco County",100008,Cemetery*,2020-12-19 14:25:16.643631
2020-07-31,12:30,88.4,61.5,40.7,0.0,845,29.88,NW,3.3,7.9,"Cemetery*, The Dalles, Wasco County",100008,Cemetery*,2020-12-19 14:25:16.643631
2020-07-31,12:45,88.6,61.0,39.7,0.0,839,29.88,NW,3.8,9.6,"Cemetery*, The Dalles, Wasco County",100008,Cemetery*,2020-12-19 14:25:16.643631
2020-07-31,13:00,88.6,60.4,38.8,0.0,831,29.88,NW,3.9,8.8,"Cemetery*, The Dalles, Wasco County",100008,Cemetery*,2020-12-19 14:25:16.643631
2020-07-31,13:15,88.8,60.4,38.6,0.0,820,29.88,NW,3.6,15.9,"Cemetery*, The Dalles, Wasco County",100008,Cemetery*,2020-12-19 14:25:16.643631
2020-07-31,13:30,88.6,60.2,38.7,0.0,806,29.88,NW,4.0,10.4,"Cemetery*, The Dalles, Wasco County",100008,Cemetery*,2020-12-19 14:25:16.643631
2020-07-31,13:45,88.5,59.2,37.4,0.0,786,29.88,NW,3.7,9.2,"Cemetery*, The Dalles, Wasco County",100008,Cemetery*,2020-12-19 14:25:16.643631
2020-07-31,14:00,88.5,59.0,37.1,0.0,763,29.88,N,3.4,8.5,"Cemetery*, The Dalles, Wasco County",100008,Cemetery*,2020-12-19 14:25:16.643631
2020-07-31,14:15,88.6,59.0,37.0,0.0,743,29.88,N,3.7,13.0,"Cemetery*, The Dalles, Wasco County",100008,Cemetery*,2020-12-19 14:25:16.643631
2020-07-31,14:30,88.2,58.5,36.8,0.0,715,29.87,NW,4.0,11.1,"Cemetery*, The Dalles, Wasco County",100008,Cemetery*,2020-12-19 14:25:16.643631
2020-07-31,14:45,88.0,57.5,35.8,0.0,690,29.87,NW,4.6,18.7,"Cemetery*, The Dalles, Wasco County",100008,Cemetery*,2020-12-19 14:25:16.643631
2020-07-31,15:00,87.6,57.6,36.3,0.0,666,29.87,NW,4.5,12.8,"Cemetery*, The Dalles, Wasco County",100008,Cemetery*,2020-12-19 14:25:16.643631
2020-07-31,15:15,87.2,58.1,37.4,0.0,632,29.87,NW,4.3,11.2,"Cemetery*, The Dalles, Wasco County",100008,Cemetery*,2020-12-19 14:25:16.643631
2020-07-31,15:30,87.6,57.6,36.3,0.0,596,29.87,NW,4.6,14.1,"Cemetery*, The Dalles, Wasco County",100008,Cemetery*,2020-12-19 14:25:16.643631
2020-07-31,15:45,87.6,57.2,35.7,0.0,563,29.88,NW,4.3,10.6,"Cemetery*, The Dalles, Wasco County",100008,Cemetery*,2020-12-19 14:25:16.643631
2020-07-31,16:00,87.2,57.1,36.1,0.0,528,29.88,NW,4.2,12.8,"Cemetery*, The Dalles, Wasco County",100008,Cemetery*,2020-12-19 14:25:16.643631
2020-07-31,16:15,86.5,56.5,36.1,0.0,489,29.88,NW,4.1,10.2,"Cemetery*, The Dalles, Wasco County",100008,Cemetery*,2020-12-19 14:25:16.643631
2020-07-31,16:30,86.0,55.9,35.8,0.0,448,29.89,NW,4.3,12.3,"Cemetery*, The Dalles, Wasco County",100008,Cemetery*,2020-12-19 14:25:16.643631
2020-07-31,16:45,85.9,54.6,34.4,0.0,392,29.89,NW,4.8,16.6,"Cemetery*, The Dalles, Wasco County",100008,Cemetery*,2020-12-19 14:25:16.643631
2020-07-31,17:00,85.3,54.0,34.3,0.0,353,29.89,NW,4.6,14.5,"Cemetery*, The Dalles, Wasco County",100008,Cemetery*,2020-12-19 14:25:16.643631
2020-07-31,17:15,84.8,53.6,34.3,0.0,259,29.89,NW,4.1,11.6,"Cemetery*, The Dalles, Wasco County",100008,Cemetery*,2020-12-19 14:25:16.643631
2020-07-31,17:30,84.1,53.2,34.6,0.0,207,29.9,NW,3.9,14.0,"Cemetery*, The Dalles, Wasco County",100008,Cemetery*,2020-12-19 14:25:16.643631
2020-07-31,17:45,83.9,53.4,35.0,0.0,195,29.9,NW,3.4,9.6,"Cemetery*, The Dalles, Wasco County",100008,Cemetery*,2020-12-19 14:25:16.643631
2020-07-31,18:00,83.2,53.6,36.1,0.0,108,29.9,NW,3.4,10.1,"Cemetery*, The Dalles, Wasco County",100008,Cemetery*,2020-12-19 14:25:16.643631
2020-07-31,18:15,82.9,53.3,36.0,0.0,121,29.9,NW,3.4,11.0,"Cemetery*, The Dalles, Wasco County",100008,Cemetery*,2020-12-19 14:25:16.643631
2020-07-31,18:30,82.3,53.6,37.2,0.0,63,29.91,N,3.2,10.6,"Cemetery*, The Dalles, Wasco County",100008,Cemetery*,2020-12-19 14:25:16.643631
2020-07-31,18:45,81.3,54.1,39.1,0.0,49,29.91,N,2.2,6.6,"Cemetery*, The Dalles, Wasco County",100008,Cemetery*,2020-12-19 14:25:16.643631
2020-07-31,19:00,80.2,54.1,40.5,0.0,32,29.92,N,1.9,6.6,"Cemetery*, The Dalles, Wasco County",100008,Cemetery*,2020-12-19 14:25:16.643631
2020-07-31,19:15,79.9,53.9,40.6,0.0,11,29.92,NW,2.6,6.4,"Cemetery*, The Dalles, Wasco County",100008,Cemetery*,2020-12-19 14:25:16.643631
2020-07-31,19:30,79.2,54.3,42.2,0.0,4,29.93,NW,2.3,6.6,"Cemetery*, The Dalles, Wasco County",100008,Cemetery*,2020-12-19 14:25:16.643631
2020-07-31,19:45,79.3,54.7,42.7,0.0,1,29.93,NW,2.5,7.9,"Cemetery*, The Dalles, Wasco County",100008,Cemetery*,2020-12-19 14:25:16.643631
2020-07-31,20:00,78.9,54.6,43.1,0.0,0,29.94,NW,2.4,5.8,"Cemetery*, The Dalles, Wasco County",100008,Cemetery*,2020-12-19 14:25:16.643631
2020-07-31,20:15,78.3,54.5,43.9,0.0,0,29.95,NW,2.1,6.2,"Cemetery*, The Dalles, Wasco County",100008,Cemetery*,2020-12-19 14:25:16.643631
2020-07-31,20:30,77.9,54.7,44.7,0.0,0,29.95,NW,2.1,8.1,"Cemetery*, The Dalles, Wasco County",100008,Cemetery*,2020-12-19 14:25:16.643631
2020-07-31,20:45,78.3,54.4,43.6,0.0,0,29.95,NW,2.7,7.6,"Cemetery*, The Dalles, Wasco County",100008,Cemetery*,2020-12-19 14:25:16.643631
2020-07-31,21:00,78.3,54.0,43.0,0.0,0,29.95,NW,3.1,9.1,"Cemetery*, The Dalles, Wasco County",100008,Cemetery*,2020-12-19 14:25:16.643631
2020-07-31,21:15,78.1,54.2,43.5,0.0,0,29.95,NW,2.6,7.5,"Cemetery*, The Dalles, Wasco County",100008,Cemetery*,2020-12-19 14:25:16.643631
2020-07-31,21:30,77.5,54.4,44.9,0.0,0,29.96,NW,2.6,6.8,"Cemetery*, The Dalles, Wasco County",100008,Cemetery*,2020-12-19 14:25:16.643631
2020-07-31,21:45,77.2,54.5,45.5,0.0,0,29.96,N,2.2,6.9,"Cemetery*, The Dalles, Wasco County",100008,Cemetery*,2020-12-19 14:25:16.643631
2020-07-31,22:00,77.3,54.2,44.7,0.0,0,29.96,NW,2.7,7.2,"Cemetery*, The Dalles, Wasco County",100008,Cemetery*,2020-12-19 14:25:16.643631
2020-07-31,22:15,77.2,54.2,45.0,0.0,0,29.96,NW,3.1,9.4,"Cemetery*, The Dalles, Wasco County",100008,Cemetery*,2020-12-19 14:25:16.643631
2020-07-31,22:30,77.0,54.3,45.4,0.0,0,29.96,NW,3.1,7.9,"Cemetery*, The Dalles, Wasco County",100008,Cemetery*,2020-12-19 14:25:16.643631
2020-07-31,22:45,76.2,54.6,47.1,0.0,0,29.97,NW,2.2,6.6,"Cemetery*, The Dalles, Wasco County",100008,Cemetery*,2020-12-19 14:25:16.643631
2020-07-31,23:00,75.5,54.9,48.7,0.0,0,29.97,NW,1.7,4.3,"Cemetery*, The Dalles, Wasco County",100008,Cemetery*,2020-12-19 14:25:16.643631
2020-08-01,23:15,75.1,54.9,49.4,0.0,0,29.97,NW,1.7,5.5,"Cemetery*, The Dalles, Wasco County",100008,Cemetery*,2020-12-19 14:25:16.643631
2020-08-01,23:30,74.8,54.4,49.1,0.0,0,29.97,NW,1.8,4.6,"Cemetery*, The Dalles, Wasco County",100008,Cemetery*,2020-12-19 14:25:16.643631
2020-08-01,23:45,73.6,55.3,52.6,0.0,0,29.97,NW,1.9,5.3,"Cemetery*, The Dalles, Wasco County",100008,Cemetery*,2020-12-19 14:25:16.643631
2020-08-01,24:00,73.3,55.5,53.6,0.0,0,29.98,NW,1.8,5.1,"Cemetery*, The Dalles, Wasco County",100008,Cemetery*,2020-12-19 14:25:16.643631
2020-08-01,00:15,72.8,55.6,54.7,0.0,0,29.98,NW,1.8,5.1,"Cemetery*, The Dalles, Wasco County",100008,Cemetery*,2020-12-19 14:25:16.643631
2020-08-01,00:30,72.3,55.6,55.7,0.0,0,29.99,NW,1.4,4.4,"Cemetery*, The Dalles, Wasco County",100008,Cemetery*,2020-12-19 14:25:16.643631
2020-08-01,00:45,71.8,55.5,56.4,0.0,0,29.99,NW,1.6,5.0,"Cemetery*, The Dalles, Wasco County",100008,Cemetery*,2020-12-19 14:25:16.643631
2020-08-01,01:00,71.0,55.2,57.3,0.0,0,30.0,NW,1.1,3.4,"Cemetery*, The Dalles, Wasco County",100008,Cemetery*,2020-12-19 14:25:16.643631
2020-08-01,01:15,70.0,55.0,58.8,0.0,0,29.99,N,1.1,2.6,"Cemetery*, The Dalles, Wasco County",100008,Cemetery*,2020-12-19 14:25:16.643631
2020-08-01,01:30,68.9,55.3,61.9,0.0,0,30.0,NW,1.2,2.9,"Cemetery*, The Dalles, Wasco County",100008,Cemetery*,2020-12-19 14:25:16.643631
2020-08-01,01:45,68.6,55.0,61.9,0.0,0,30.0,NW,1.4,4.0,"Cemetery*, The Dalles, Wasco County",100008,Cemetery*,2020-12-19 14:25:16.643631
2020-08-01,02:00,67.8,55.3,64.2,0.0,0,30.0,NW,1.0,2.4,"Cemetery*, The Dalles, Wasco County",100008,Cemetery*,2020-12-19 14:25:16.643631
2020-08-01,02:15,66.4,55.8,68.6,0.0,0,30.0,NW,1.1,2.5,"Cemetery*, The Dalles, Wasco County",100008,Cemetery*,2020-12-19 14:25:16.643631
2020-08-01,02:30,65.7,56.0,70.9,0.0,0,30.0,NW,0.9,1.8,"Cemetery*, The Dalles, Wasco County",100008,Cemetery*,2020-12-19 14:25:16.643631
2020-08-01,02:45,65.4,55.9,71.3,0.0,0,30.0,NW,1.1,2.2,"Cemetery*, The Dalles, Wasco County",100008,Cemetery*,2020-12-19 14:25:16.643631
2020-08-01,03:00,64.9,55.9,72.6,0.0,0,30.0,NW,0.9,1.9,"Cemetery*, The Dalles, Wasco County",100008,Cemetery*,2020-12-19 14:25:16.643631
2020-08-01,03:15,64.7,55.9,73.0,0.0,0,30.0,NW,1.2,3.1,"Cemetery*, The Dalles, Wasco County",100008,Cemetery*,2020-12-19 14:25:16.643631
2020-08-01,03:30,64.5,55.6,72.9,0.0,0,30.0,NW,1.1,2.3,"Cemetery*, The Dalles, Wasco County",100008,Cemetery*,2020-12-19 14:25:16.643631
2020-08-01,03:45,63.9,55.9,75.1,0.0,0,30.0,NW,0.9,1.5,"Cemetery*, The Dalles, Wasco County",100008,Cemetery*,2020-12-19 14:25:16.643631
2020-08-01,04:00,63.3,56.0,77.1,0.0,0,30.0,NW,0.9,1.5,"Cemetery*, The Dalles, Wasco County",100008,Cemetery*,2020-12-19 14:25:16.643631
2020-08-01,04:15,62.4,56.3,80.3,0.0,0,30.01,NW,0.9,1.6,"Cemetery*, The Dalles, Wasco County",100008,Cemetery*,2020-12-19 14:25:16.643631
2020-08-01,04:30,61.9,56.1,81.1,0.0,0,30.0,NW,1.0,1.6,"Cemetery*, The Dalles, Wasco County",100008,Cemetery*,2020-12-19 14:25:16.643631
2020-08-01,04:45,62.0,55.8,80.1,0.0,0,30.0,W,1.2,2.1,"Cemetery*, The Dalles, Wasco County",100008,Cemetery*,2020-12-19 14:25:16.643631
2020-08-01,05:00,61.6,55.8,81.1,0.0,2,30.0,NW,1.0,1.8,"Cemetery*, The Dalles, Wasco County",100008,Cemetery*,2020-12-19 14:25:16.643631
2020-08-01,05:15,61.9,55.9,80.5,0.0,7,30.01,NW,1.0,1.9,"Cemetery*, The Dalles, Wasco County",100008,Cemetery*,2020-12-19 14:25:16.643631
2020-08-01,05:30,62.4,56.1,79.6,0.0,14,30.01,W,1.0,1.9,"Cemetery*, The Dalles, Wasco County",100008,Cemetery*,2020-12-19 14:25:16.643631
2020-08-01,05:45,63.3,55.7,76.3,0.0,22,30.01,NW,0.9,2.6,"Cemetery*, The Dalles, Wasco County",100008,Cemetery*,2020-12-19 14:25:16.643631
2020-08-01,06:00,63.3,56.0,77.1,0.0,32,30.01,NW,0.9,2.2,"Cemetery*, The Dalles, Wasco County",100008,Cemetery*,2020-12-19 14:25:16.643631
2020-08-01,06:15,63.9,55.7,74.7,0.0,52,30.01,W,1.0,1.7,"Cemetery*, The Dalles, Wasco County",100008,Cemetery*,2020-12-19 14:25:16.643631
2020-08-01,06:30,64.2,56.0,74.8,0.0,67,30.02,NW,0.9,1.8,"Cemetery*, The Dalles, Wasco County",100008,Cemetery*,2020-12-19 14:25:16.643631
2020-08-01,06:45,64.3,57.0,77.1,0.0,65,30.02,W,1.1,2.6,"Cemetery*, The Dalles, Wasco County",100008,Cemetery*,2020-12-19 14:25:16.643631
2020-08-01,07:00,64.7,57.1,76.2,0.0,89,30.01,W,1.1,2.3,"Cemetery*, The Dalles, Wasco County",100008,Cemetery*,2020-12-19 14:25:16.643631
2020-08-01,07:15,65.2,57.6,76.4,0.0,124,30.01,NW,0.9,1.7,"Cemetery*, The Dalles, Wasco County",100008,Cemetery*,2020-12-19 14:25:16.643631
2020-08-01,07:30,66.1,58.7,76.8,0.0,173,30.02,NW,0.9,1.9,"Cemetery*, The Dalles, Wasco County",100008,Cemetery*,2020-12-19 14:25:16.643631
2020-08-01,07:45,67.2,59.4,75.9,0.0,183,30.02,N,0.8,1.8,"Cemetery*, The Dalles, Wasco County",100008,Cemetery*,2020-12-19 14:25:16.643631
2020-08-01,08:00,68.1,59.7,74.4,0.0,234,30.02,NW,0.9,2.1,"Cemetery*, The Dalles, Wasco County",100008,Cemetery*,2020-12-19 14:25:16.643631
2020-08-01,08:15,69.2,60.2,72.9,0.0,220,30.03,N,0.9,1.3,"Cemetery*, The Dalles, Wasco County",100008,Cemetery*,2020-12-19 14:25:16.643631
2020-08-01,08:30,69.5,61.1,74.4,0.0,203,30.03,NW,0.9,1.6,"Cemetery*, The Dalles, Wasco County",100008,Cemetery*,2020-12-19 14:25:16.643631
2020-08-01,08:45,69.8,60.8,72.8,0.0,196,30.03,NW,0.9,1.4,"Cemetery*, The Dalles, Wasco County",100008,Cemetery*,2020-12-19 14:25:16.643631
2020-08-01,09:00,70.3,60.9,72.2,0.0,279,30.03,N ,1.1,3.0,"Cemetery*, The Dalles, Wasco County",100008,Cemetery*,2020-12-19 14:25:16.643631
2020-08-01,09:15,71.7,60.1,66.8,0.0,354,30.02,NE,1.2,3.6,"Cemetery*, The Dalles, Wasco County",100008,Cemetery*,2020-12-19 14:25:16.643631
2020-08-01,09:30,72.0,59.8,65.4,0.0,270,30.03,N,1.5,3.9,"Cemetery*, The Dalles, Wasco County",100008,Cemetery*,2020-12-19 14:25:16.643631
2020-08-01,09:45,72.1,59.6,64.7,0.0,232,30.03,NW,1.2,3.1,"Cemetery*, The Dalles, Wasco County",100008,Cemetery*,2020-12-19 14:25:16.643631
2020-08-01,10:00,71.9,58.8,63.4,0.0,223,30.03,N ,1.1,2.5,"Cemetery*, The Dalles, Wasco County",100008,Cemetery*,2020-12-19 14:25:16.643631
2020-08-01,10:15,71.8,59.0,64.1,0.0,270,30.03,N ,1.3,3.7,"Cemetery*, The Dalles, Wasco County",100008,Cemetery*,2020-12-19 14:25:16.643631
2020-08-01,10:30,72.5,59.5,63.8,0.0,326,30.03,N,1.5,4.4,"Cemetery*, The Dalles, Wasco County",100008,Cemetery*,2020-12-19 14:25:16.643631
2020-08-01,10:45,73.4,58.4,59.3,0.0,416,30.03,N ,1.7,8.8,"Cemetery*, The Dalles, Wasco County",100008,Cemetery*,2020-12-19 14:25:16.643631
2020-08-01,11:00,73.5,57.8,57.9,0.0,433,30.03,N ,2.0,5.5,"Cemetery*, The Dalles, Wasco County",100008,Cemetery*,2020-12-19 14:25:16.643631
2020-08-01,11:15,73.9,57.5,56.6,0.0,452,30.02,N ,2.2,5.5,"Cemetery*, The Dalles, Wasco County",100008,Cemetery*,2020-12-19 14:25:16.643631
2020-08-01,11:30,75.1,57.9,55.0,0.0,564,30.02,N,2.3,6.0,"Cemetery*, The Dalles, Wasco County",100008,Cemetery*,2020-12-19 14:25:16.643631
2020-08-01,11:45,76.8,58.0,52.2,0.0,605,30.02,N ,2.3,6.5,"Cemetery*, The Dalles, Wasco County",100008,Cemetery*,2020-12-19 14:25:16.643631
2020-08-01,12:00,77.8,57.4,49.5,0.0,673,30.01,N,2.7,10.3,"Cemetery*, The Dalles, Wasco County",100008,Cemetery*,2020-12-19 14:25:16.643631
2020-08-01,12:15,78.1,55.9,46.4,0.0,630,30.01,N,3.2,9.8,"Cemetery*, The Dalles, Wasco County",100008,Cemetery*,2020-12-19 14:25:16.643631
2020-08-01,12:30,78.7,55.2,44.2,0.0,637,30.01,N,2.9,10.1,"Cemetery*, The Dalles, Wasco County",100008,Cemetery*,2020-12-19 14:25:16.643631
2020-08-01,12:45,80.3,55.9,43.1,0.0,801,30.01,NW,2.6,7.9,"Cemetery*, The Dalles, Wasco County",100008,Cemetery*,2020-12-19 14:25:16.643631
2020-08-01,13:00,78.4,54.2,43.3,0.0,385,30.01,NW,2.9,8.5,"Cemetery*, The Dalles, Wasco County",100008,Cemetery*,2020-12-19 14:25:16.643631
2020-08-01,13:15,77.9,53.8,43.3,0.0,377,30.01,NW,2.5,7.2,"Cemetery*, The Dalles, Wasco County",100008,Cemetery*,2020-12-19 14:25:16.643631
2020-08-01,13:30,78.5,54.4,43.3,0.0,471,30.01,NW,2.4,7.1,"Cemetery*, The Dalles, Wasco County",100008,Cemetery*,2020-12-19 14:25:16.643631
2020-08-01,13:45,78.6,54.7,43.8,0.0,467,30.01,NW,2.9,8.7,"Cemetery*, The Dalles, Wasco County",100008,Cemetery*,2020-12-19 14:25:16.643631
2020-08-01,14:00,78.9,54.8,43.3,0.0,488,30.01,NW,2.9,11.0,"Cemetery*, The Dalles, Wasco County",100008,Cemetery*,2020-12-19 14:25:16.643631
2020-08-01,14:15,79.0,54.6,42.9,0.0,478,30.0,NW,2.8,8.8,"Cemetery*, The Dalles, Wasco County",100008,Cemetery*,2020-12-19 14:25:16.643631
2020-08-01,14:30,79.5,55.5,43.6,0.0,494,30.0,NW,2.6,9.3,"Cemetery*, The Dalles, Wasco County",100008,Cemetery*,2020-12-19 14:25:16.643631
2020-08-01,14:45,80.3,55.8,43.0,0.0,597,29.99,NW,2.7,6.8,"Cemetery*, The Dalles, Wasco County",100008,Cemetery*,2020-12-19 14:25:16.643631
2020-08-01,15:00,82.5,56.4,40.9,0.0,772,29.99,NW,2.8,8.6,"Cemetery*, The Dalles, Wasco County",100008,Cemetery*,2020-12-19 14:25:16.643631
2020-08-01,15:15,82.2,54.9,39.1,0.0,659,29.99,NW,3.4,10.4,"Cemetery*, The Dalles, Wasco County",100008,Cemetery*,2020-12-19 14:25:16.643631
2020-08-01,15:30,82.2,54.6,38.8,0.0,619,29.99,NW,2.7,7.7,"Cemetery*, The Dalles, Wasco County",100008,Cemetery*,2020-12-19 14:25:16.643631
2020-08-01,15:45,82.4,54.0,37.5,0.0,580,29.98,NW,3.0,12.0,"Cemetery*, The Dalles, Wasco County",100008,Cemetery*,2020-12-19 14:25:16.643631
2020-08-01,16:00,82.4,53.6,37.1,0.0,538,29.98,NW,2.7,8.0,"Cemetery*, The Dalles, Wasco County",100008,Cemetery*,2020-12-19 14:25:16.643631
2020-08-01,16:15,82.5,53.5,36.8,0.0,507,29.97,NW,3.4,10.5,"Cemetery*, The Dalles, Wasco County",100008,Cemetery*,2020-12-19 14:25:16.643631
2020-08-01,16:30,82.3,53.5,37.0,0.0,454,29.97,NW,2.9,12.8,"Cemetery*, The Dalles, Wasco County",100008,Cemetery*,2020-12-19 14:25:16.643631
2020-08-01,16:45,82.1,53.2,36.9,0.0,408,29.97,NW,2.8,7.9,"Cemetery*, The Dalles, Wasco County",100008,Cemetery*,2020-12-19 14:25:16.643631
2020-08-01,17:00,82.0,53.0,36.8,0.0,367,29.97,NW,2.8,7.9,"Cemetery*, The Dalles, Wasco County",100008,Cemetery*,2020-12-19 14:25:16.643631
2020-08-01,17:15,81.5,52.1,36.0,0.0,330,29.97,NW,3.6,12.0,"Cemetery*, The Dalles, Wasco County",100008,Cemetery*,2020-12-19 14:25:16.643631
2020-08-01,17:30,81.1,52.2,36.6,0.0,252,29.96,NW,3.4,8.0,"Cemetery*, The Dalles, Wasco County",100008,Cemetery*,2020-12-19 14:25:16.643631
2020-08-01,17:45,80.9,52.0,36.7,0.0,176,29.96,NW,3.0,10.0,"Cemetery*, The Dalles, Wasco County",100008,Cemetery*,2020-12-19 14:25:16.643631
2020-08-01,18:00,80.1,52.0,37.7,0.0,126,29.96,NW,2.9,8.7,"Cemetery*, The Dalles, Wasco County",100008,Cemetery*,2020-12-19 14:25:16.643631
2020-08-01,18:15,79.2,51.9,38.7,0.0,115,29.97,NW,2.6,10.1,"Cemetery*, The Dalles, Wasco County",100008,Cemetery*,2020-12-19 14:25:16.643631
2020-08-01,18:30,78.9,51.0,37.8,0.0,32,29.97,NW,2.0,7.8,"Cemetery*, The Dalles, Wasco County",100008,Cemetery*,2020-12-19 14:25:16.643631
2020-08-01,18:45,78.6,49.4,35.8,0.0,23,29.97,NW,2.4,6.6,"Cemetery*, The Dalles, Wasco County",100008,Cemetery*,2020-12-19 14:25:16.643631
2020-08-01,19:00,78.1,48.8,35.8,0.0,17,29.98,NW,1.8,4.5,"Cemetery*, The Dalles, Wasco County",100008,Cemetery*,2020-12-19 14:25:16.643631
2020-08-01,19:15,77.8,48.3,35.4,0.0,12,29.98,NW,2.3,6.8,"Cemetery*, The Dalles, Wasco County",100008,Cemetery*,2020-12-19 14:25:16.643631
2020-08-01,19:30,76.9,48.5,36.8,0.0,7,29.98,NW,1.7,5.1,"Cemetery*, The Dalles, Wasco County",100008,Cemetery*,2020-12-19 14:25:16.643631
2020-08-01,19:45,76.4,48.0,36.7,0.0,2,29.98,N,2.0,8.0,"Cemetery*, The Dalles, Wasco County",100008,Cemetery*,2020-12-19 14:25:16.643631
2020-08-01,20:00,76.0,48.0,37.1,0.0,0,29.98,N,2.1,4.9,"Cemetery*, The Dalles, Wasco County",100008,Cemetery*,2020-12-19 14:25:16.643631
2020-08-01,20:15,75.9,48.4,37.7,0.0,0,29.98,NW,2.2,9.3,"Cemetery*, The Dalles, Wasco County",100008,Cemetery*,2020-12-19 14:25:16.643631
2020-08-01,20:30,75.3,48.6,38.9,0.0,0,29.99,NW,2.1,6.1,"Cemetery*, The Dalles, Wasco County",100008,Cemetery*,2020-12-19 14:25:16.643631
2020-08-01,20:45,74.9,48.3,39.0,0.0,0,29.99,NW,2.2,6.5,"Cemetery*, The Dalles, Wasco County",100008,Cemetery*,2020-12-19 14:25:16.643631
2020-08-01,21:00,74.6,48.0,38.9,0.0,0,29.99,NW,2.6,6.5,"Cemetery*, The Dalles, Wasco County",100008,Cemetery*,2020-12-19 14:25:16.643631
2020-08-01,21:15,74.0,47.6,39.1,0.0,0,30.0,NW,2.5,6.2,"Cemetery*, The Dalles, Wasco County",100008,Cemetery*,2020-12-19 14:25:16.643631
2020-08-01,21:30,73.5,47.7,39.9,0.0,0,30.0,NW,2.4,7.3,"Cemetery*, The Dalles, Wasco County",100008,Cemetery*,2020-12-19 14:25:16.643631
2020-08-01,21:45,73.3,48.1,40.8,0.0,0,30.0,NW,2.6,7.6,"Cemetery*, The Dalles, Wasco County",100008,Cemetery*,2020-12-19 14:25:16.643631
2020-08-01,22:00,72.6,48.5,42.4,0.0,0,30.0,NW,1.9,6.6,"Cemetery*, The Dalles, Wasco County",100008,Cemetery*,2020-12-19 14:25:16.643631
2020-08-01,22:15,72.4,49.2,43.9,0.0,0,30.0,NW,2.0,5.8,"Cemetery*, The Dalles, Wasco County",100008,Cemetery*,2020-12-19 14:25:16.643631
2020-08-01,22:30,72.2,50.1,45.8,0.0,0,30.01,NW,1.7,5.2,"Cemetery*, The Dalles, Wasco County",100008,Cemetery*,2020-12-19 14:25:16.643631
2020-08-01,22:45,71.5,50.7,47.8,0.0,0,30.01,NW,1.6,5.7,"Cemetery*, The Dalles, Wasco County",100008,Cemetery*,2020-12-19 14:25:16.643631
2020-08-01,23:00,70.5,51.1,50.1,0.0,0,30.01,N,1.6,4.4,"Cemetery*, The Dalles, Wasco County",100008,Cemetery*,2020-12-19 14:25:16.643631
2020-08-02,23:15,69.6,51.1,51.8,0.0,0,30.01,N ,1.5,4.9,"Cemetery*, The Dalles, Wasco County",100008,Cemetery*,2020-12-19 14:25:16.643631
2020-08-02,23:30,68.2,50.7,53.5,0.0,0,30.01,NW,1.1,3.8,"Cemetery*, The Dalles, Wasco County",100008,Cemetery*,2020-12-19 14:25:16.643631
2020-08-02,23:45,66.6,51.2,57.6,0.0,0,30.02,NW,1.1,2.4,"Cemetery*, The Dalles, Wasco County",100008,Cemetery*,2020-12-19 14:25:16.643631
2020-08-02,24:00,65.4,51.2,60.1,0.0,0,30.01,NW,0.9,1.8,"Cemetery*, The Dalles, Wasco County",100008,Cemetery*,2020-12-19 14:25:16.643631
