Date,Time PST,Air Temp °F, 2<sup>nd</sup> Air Temp °F, Dew Point °F, Rel Hum %, Leaf Wet u., Wind Dir @ Speed mph, Wind Gust mph, 8 in. Soil Tmp °F, Tot Prec in, Solar Rad W/m²,Location,Station ID,Station Name,Download Timestamp
2003-08-19,00:15,74.2,,54.5,50.2,0.0,W@4.4,4.4,83.3,0.0,0,"Quincy, Grant County",330073,Quincy,2017-12-09 10:04:14.017625
2003-08-19,00:30,74.0,,54.5,50.6,0.0,W@4.1,4.1,83.2,0.0,0,"Quincy, Grant County",330073,Quincy,2017-12-09 10:04:14.017625
2003-08-19,00:45,73.9,,54.5,50.8,0.0,NW@4.0,4.0,83.2,0.0,0,"Quincy, Grant County",330073,Quincy,2017-12-09 10:04:14.017625
2003-08-19,01:00,73.4,,54.6,51.9,0.0,NW@3.7,3.7,83.1,0.0,0,"Quincy, Grant County",330073,Quincy,2017-12-09 10:04:14.017625
2003-08-19,01:15,73.1,,54.9,52.9,0.0,NW@3.5,3.5,83.0,0.0,0,"Quincy, Grant County",330073,Quincy,2017-12-09 10:04:14.017625
2003-08-19,01:30,72.5,,54.8,53.7,0.0,NW@3.6,3.6,83.0,0.0,0,"Quincy, Grant County",330073,Quincy,2017-12-09 10:04:14.017625
2003-08-19,01:45,71.8,,55.3,56.0,0.0,NW@2.6,2.6,82.9,0.0,0,"Quincy, Grant County",330073,Quincy,2017-12-09 10:04:14.017625
2003-08-19,02:00,71.2,,55.5,57.6,0.0,W@3.2,3.2,82.8,0.0,0,"Quincy, Grant County",330073,Quincy,2017-12-09 10:04:14.017625
2003-08-19,02:15,71.2,,55.4,57.2,0.0,NW@3.8,3.8,82.8,0.0,0,"Quincy, Grant County",330073,Quincy,2017-12-09 10:04:14.017625
2003-08-19,02:30,71.3,,55.4,57.3,0.0,NW@3.3,3.3,82.7,0.0,0,"Quincy, Grant County",330073,Quincy,2017-12-09 10:04:14.017625
2003-08-19,02:45,70.7,,55.3,58.2,0.0,NW@3.6,3.6,82.7,0.0,0,"Quincy, Grant County",330073,Quincy,2017-12-09 10:04:14.017625
2003-08-19,03:00,70.7,,55.2,57.9,0.0,NW@3.0,3.0,82.6,0.0,0,"Quincy, Grant County",330073,Quincy,2017-12-09 10:04:14.017625
2003-08-19,03:15,70.3,,55.3,58.9,0.0,W@2.9,2.9,82.5,0.0,0,"Quincy, Grant County",330073,Quincy,2017-12-09 10:04:14.017625
2003-08-19,03:30,69.5,,55.4,60.8,0.0,W@3.4,3.4,82.5,0.0,0,"Quincy, Grant County",330073,Quincy,2017-12-09 10:04:14.017625
2003-08-19,03:45,68.8,,55.3,61.9,0.0,W@2.7,2.7,82.4,0.0,0,"Quincy, Grant County",330073,Quincy,2017-12-09 10:04:14.017625
2003-08-19,04:00,68.8,,55.1,61.6,0.0,W@4.1,4.1,82.3,0.0,0,"Quincy, Grant County",330073,Quincy,2017-12-09 10:04:14.017625
2003-08-19,04:15,69.5,,54.6,59.2,0.0,W@4.4,4.4,82.2,0.0,0,"Quincy, Grant County",330073,Quincy,2017-12-09 10:04:14.017625
2003-08-19,04:30,69.4,,54.6,59.2,0.0,W@4.7,4.7,82.1,0.0,0,"Quincy, Grant County",330073,Quincy,2017-12-09 10:04:14.017625
2003-08-19,04:45,69.2,,54.4,59.1,0.0,W@4.6,4.6,82.1,0.0,0,"Quincy, Grant County",330073,Quincy,2017-12-09 10:04:14.017625
2003-08-19,05:00,69.2,,54.0,58.4,0.0,W@4.6,4.6,82.0,0.0,2,"Quincy, Grant County",330073,Quincy,2017-12-09 10:04:14.017625
2003-08-19,05:15,69.1,,53.7,57.9,0.0,W@4.3,4.3,81.9,0.0,8,"Quincy, Grant County",330073,Quincy,2017-12-09 10:04:14.017625
2003-08-19,05:30,68.9,,54.0,59.0,0.0,W@3.9,3.9,81.9,0.0,26,"Quincy, Grant County",330073,Quincy,2017-12-09 10:04:14.017625
2003-08-19,05:45,69.5,,53.8,57.2,0.0,W@4.3,4.3,81.8,0.0,60,"Quincy, Grant County",330073,Quincy,2017-12-09 10:04:14.017625
2003-08-19,06:00,70.0,,53.7,56.1,0.0,W@4.1,4.1,81.7,0.0,107,"Quincy, Grant County",330073,Quincy,2017-12-09 10:04:14.017625
2003-08-19,06:15,71.0,,53.7,54.3,0.0,NW@4.1,4.1,81.6,0.0,151,"Quincy, Grant County",330073,Quincy,2017-12-09 10:04:14.017625
2003-08-19,06:30,71.3,,53.9,54.2,0.0,NW@3.9,3.9,81.5,0.0,194,"Quincy, Grant County",330073,Quincy,2017-12-09 10:04:14.017625
2003-08-19,06:45,72.0,,54.0,53.0,0.0,NW@4.8,4.8,81.4,0.0,240,"Quincy, Grant County",330073,Quincy,2017-12-09 10:04:14.017625
2003-08-19,07:00,72.5,,54.3,52.9,0.0,W@4.4,4.4,81.3,0.0,285,"Quincy, Grant County",330073,Quincy,2017-12-09 10:04:14.017625
2003-08-19,07:15,73.1,,54.6,52.2,0.0,NW@4.3,4.3,81.2,0.0,331,"Quincy, Grant County",330073,Quincy,2017-12-09 10:04:14.017625
2003-08-19,07:30,73.6,,55.2,52.6,0.0,W@4.2,4.2,81.2,0.0,378,"Quincy, Grant County",330073,Quincy,2017-12-09 10:04:14.017625
2003-08-19,07:45,74.4,,55.4,51.4,0.0,NW@3.8,3.8,81.1,0.0,423,"Quincy, Grant County",330073,Quincy,2017-12-09 10:04:14.017625
2003-08-19,08:00,75.2,,55.3,49.9,0.0,W@4.0,4.0,81.0,0.0,466,"Quincy, Grant County",330073,Quincy,2017-12-09 10:04:14.017625
2003-08-19,08:15,76.1,,55.5,48.8,0.0,W@3.9,3.9,80.9,0.0,509,"Quincy, Grant County",330073,Quincy,2017-12-09 10:04:14.017625
2003-08-19,08:30,76.8,,56.0,48.5,0.0,W@3.8,3.8,80.8,0.0,550,"Quincy, Grant County",330073,Quincy,2017-12-09 10:04:14.017625
2003-08-19,08:45,77.8,,56.7,48.3,0.0,W@3.3,3.3,80.9,0.0,589,"Quincy, Grant County",330073,Quincy,2017-12-09 10:04:14.017625
2003-08-19,09:00,78.8,,55.8,45.2,0.0,W@3.5,3.5,80.8,0.0,629,"Quincy, Grant County",330073,Quincy,2017-12-09 10:04:14.017625
2003-08-19,09:15,79.9,,55.6,43.3,0.0,NW@3.0,3.0,80.8,0.0,667,"Quincy, Grant County",330073,Quincy,2017-12-09 10:04:14.017625
2003-08-19,09:30,81.0,,53.9,39.3,0.0,NW@2.9,2.9,80.7,0.0,699,"Quincy, Grant County",330073,Quincy,2017-12-09 10:04:14.017625
2003-08-19,09:45,81.4,,53.1,37.6,0.0,NW@2.7,2.7,80.7,0.0,733,"Quincy, Grant County",330073,Quincy,2017-12-09 10:04:14.017625
2003-08-19,10:00,81.8,,54.0,38.3,0.0,W@3.3,3.3,80.7,0.0,770,"Quincy, Grant County",330073,Quincy,2017-12-09 10:04:14.017625
2003-08-19,10:15,82.1,,53.5,37.2,0.0,NW@3.2,3.2,80.7,0.0,799,"Quincy, Grant County",330073,Quincy,2017-12-09 10:04:14.017625
2003-08-19,10:30,83.0,,52.4,34.8,0.0,W@1.9,1.9,80.7,0.0,784,"Quincy, Grant County",330073,Quincy,2017-12-09 10:04:14.017625
2003-08-19,10:45,83.6,,51.1,32.5,0.0,N@1.9,1.9,80.6,0.0,773,"Quincy, Grant County",330073,Quincy,2017-12-09 10:04:14.017625
2003-08-19,11:00,84.0,,53.4,34.9,0.0,W@1.7,1.7,80.6,0.0,714,"Quincy, Grant County",330073,Quincy,2017-12-09 10:04:14.017625
2003-08-19,11:15,83.3,,54.3,36.8,0.0,W@3.8,3.8,80.7,0.0,718,"Quincy, Grant County",330073,Quincy,2017-12-09 10:04:14.017625
2003-08-19,11:30,82.6,,55.2,39.0,0.0,W@3.4,3.4,80.8,0.0,721,"Quincy, Grant County",330073,Quincy,2017-12-09 10:04:14.017625
2003-08-19,11:45,83.2,,53.8,36.4,0.0,N@1.7,1.7,80.8,0.0,546,"Quincy, Grant County",330073,Quincy,2017-12-09 10:04:14.017625
2003-08-19,12:00,83.2,,59.1,44.0,0.0,N@1.5,1.5,80.9,0.0,502,"Quincy, Grant County",330073,Quincy,2017-12-09 10:04:14.017625
2003-08-19,12:15,83.6,,55.8,38.6,0.0,N@2.5,2.5,80.9,0.0,590,"Quincy, Grant County",330073,Quincy,2017-12-09 10:04:14.017625
2003-08-19,12:30,82.9,,59.6,45.2,0.0,N@1.3,1.3,81.1,0.0,403,"Quincy, Grant County",330073,Quincy,2017-12-09 10:04:14.017625
2003-08-19,12:45,83.1,,62.9,50.6,0.0,W@1.2,1.2,81.2,0.0,557,"Quincy, Grant County",330073,Quincy,2017-12-09 10:04:14.017625
2003-08-19,13:00,83.2,,64.8,53.7,0.0,SW@1.1,1.1,81.2,0.0,840,"Quincy, Grant County",330073,Quincy,2017-12-09 10:04:14.017625
2003-08-19,13:15,85.1,,60.0,42.8,0.0,S@1.9,1.9,81.2,0.0,910,"Quincy, Grant County",330073,Quincy,2017-12-09 10:04:14.017625
2003-08-19,13:30,85.2,,64.6,50.2,0.0,SW@1.4,1.4,81.3,0.0,895,"Quincy, Grant County",330073,Quincy,2017-12-09 10:04:14.017625
2003-08-19,13:45,84.5,,60.7,44.8,0.0,W@2.2,2.2,81.4,0.0,774,"Quincy, Grant County",330073,Quincy,2017-12-09 10:04:14.017625
2003-08-19,14:00,86.4,,57.4,37.4,0.0,N@3.5,3.5,81.6,0.0,836,"Quincy, Grant County",330073,Quincy,2017-12-09 10:04:14.017625
2003-08-19,14:15,85.8,,58.5,39.6,0.0,W@3.2,3.2,81.7,0.0,786,"Quincy, Grant County",330073,Quincy,2017-12-09 10:04:14.017625
2003-08-19,14:30,85.4,,58.5,40.2,0.0,W@2.7,2.7,81.8,0.0,748,"Quincy, Grant County",330073,Quincy,2017-12-09 10:04:14.017625
2003-08-19,14:45,86.2,,58.3,39.0,0.0,NW@2.3,2.3,81.9,0.0,714,"Quincy, Grant County",330073,Quincy,2017-12-09 10:04:14.017625
2003-08-19,15:00,86.8,,56.2,35.4,0.0,N@2.6,2.6,82.0,0.0,677,"Quincy, Grant County",330073,Quincy,2017-12-09 10:04:14.017625
2003-08-19,15:15,85.2,,57.0,38.3,0.0,W@3.5,3.5,82.1,0.0,640,"Quincy, Grant County",330073,Quincy,2017-12-09 10:04:14.017625
2003-08-19,15:30,85.0,,54.7,35.5,0.0,NW@4.3,4.3,82.3,0.0,601,"Quincy, Grant County",330073,Quincy,2017-12-09 10:04:14.017625
2003-08-19,15:45,84.4,,52.5,33.4,0.0,W@4.1,4.1,82.4,0.0,562,"Quincy, Grant County",330073,Quincy,2017-12-09 10:04:14.017625
2003-08-19,16:00,84.0,,50.4,31.3,0.0,W@5.1,5.1,82.5,0.0,522,"Quincy, Grant County",330073,Quincy,2017-12-09 10:04:14.017625
2003-08-19,16:15,83.1,,48.5,30.0,0.0,W@5.5,5.5,82.6,0.0,479,"Quincy, Grant County",330073,Quincy,2017-12-09 10:04:14.017625
2003-08-19,16:30,82.6,,46.6,28.5,0.0,W@5.6,5.6,82.7,0.0,436,"Quincy, Grant County",330073,Quincy,2017-12-09 10:04:14.017625
2003-08-19,16:45,82.1,,45.8,27.9,0.0,NW@5.8,5.8,82.8,0.0,390,"Quincy, Grant County",330073,Quincy,2017-12-09 10:04:14.017625
2003-08-19,17:00,81.7,,44.7,27.2,0.0,W@6.0,6.0,82.9,0.0,346,"Quincy, Grant County",330073,Quincy,2017-12-09 10:04:14.017625
2003-08-19,17:15,80.7,,45.6,29.1,0.0,W@6.7,6.7,83.0,0.0,300,"Quincy, Grant County",330073,Quincy,2017-12-09 10:04:14.017625
2003-08-19,17:30,79.8,,45.1,29.4,0.0,W@7.7,7.7,83.1,0.0,256,"Quincy, Grant County",330073,Quincy,2017-12-09 10:04:14.017625
2003-08-19,17:45,79.2,,44.3,29.1,0.0,NW@7.4,7.4,83.2,0.0,212,"Quincy, Grant County",330073,Quincy,2017-12-09 10:04:14.017625
2003-08-19,18:00,78.3,,44.4,30.0,0.0,W@6.9,6.9,83.3,0.0,169,"Quincy, Grant County",330073,Quincy,2017-12-09 10:04:14.017625
2003-08-19,18:15,77.2,,44.6,31.4,0.0,NW@7.0,7.0,83.4,0.0,120,"Quincy, Grant County",330073,Quincy,2017-12-09 10:04:14.017625
2003-08-19,18:30,76.2,,44.5,32.4,0.0,W@6.5,6.5,83.4,0.0,80,"Quincy, Grant County",330073,Quincy,2017-12-09 10:04:14.017625
2003-08-19,18:45,74.8,,44.5,33.8,0.0,W@7.0,7.0,83.4,0.0,18,"Quincy, Grant County",330073,Quincy,2017-12-09 10:04:14.017625
2003-08-19,19:00,74.1,,44.1,34.2,0.0,W@7.4,7.4,83.5,0.0,10,"Quincy, Grant County",330073,Quincy,2017-12-09 10:04:14.017625
2003-08-19,19:15,73.8,,43.5,33.7,0.0,W@6.9,6.9,83.6,0.0,4,"Quincy, Grant County",330073,Quincy,2017-12-09 10:04:14.017625
2003-08-19,19:30,73.1,,43.2,34.1,0.0,W@4.4,4.4,83.6,0.0,1,"Quincy, Grant County",330073,Quincy,2017-12-09 10:04:14.017625
2003-08-19,19:45,73.0,,42.6,33.5,0.0,W@6.0,6.0,83.7,0.0,0,"Quincy, Grant County",330073,Quincy,2017-12-09 10:04:14.017625
2003-08-19,20:00,72.6,,42.3,33.5,0.0,W@6.5,6.5,83.8,0.0,0,"Quincy, Grant County",330073,Quincy,2017-12-09 10:04:14.017625
2003-08-19,20:15,72.2,,41.8,33.3,0.0,W@7.9,7.9,83.8,0.0,0,"Quincy, Grant County",330073,Quincy,2017-12-09 10:04:14.017625
2003-08-19,20:30,71.7,,41.3,33.2,0.0,W@7.2,7.2,83.8,0.0,0,"Quincy, Grant County",330073,Quincy,2017-12-09 10:04:14.017625
2003-08-19,20:45,71.6,,40.8,32.8,0.0,W@7.0,7.0,83.8,0.0,0,"Quincy, Grant County",330073,Quincy,2017-12-09 10:04:14.017625
2003-08-19,21:00,71.2,,40.9,33.3,0.0,W@7.9,7.9,83.8,0.0,0,"Quincy, Grant County",330073,Quincy,2017-12-09 10:04:14.017625
2003-08-19,21:15,71.3,,40.1,32.3,0.0,W@8.6,8.6,83.8,0.0,0,"Quincy, Grant County",330073,Quincy,2017-12-09 10:04:14.017625
2003-08-19,21:30,70.9,,39.6,31.9,0.0,W@8.7,8.7,83.8,0.0,0,"Quincy, Grant County",330073,Quincy,2017-12-09 10:04:14.017625
2003-08-19,21:45,71.0,,38.3,30.3,0.0,W@8.9,8.9,83.8,0.0,0,"Quincy, Grant County",330073,Quincy,2017-12-09 10:04:14.017625
2003-08-19,22:00,71.0,,36.9,28.6,0.0,W@9.5,9.5,83.8,0.0,0,"Quincy, Grant County",330073,Quincy,2017-12-09 10:04:14.017625
2003-08-19,22:15,71.0,,36.1,27.9,0.0,W@8.5,8.5,83.8,0.0,0,"Quincy, Grant County",330073,Quincy,2017-12-09 10:04:14.017625
2003-08-19,22:30,70.8,,35.7,27.6,0.0,W@8.5,8.5,83.7,0.0,0,"Quincy, Grant County",330073,Quincy,2017-12-09 10:04:14.017625
2003-08-19,22:45,70.3,,36.2,28.5,0.0,W@8.3,8.3,83.6,0.0,0,"Quincy, Grant County",330073,Quincy,2017-12-09 10:04:14.017625
2003-08-19,23:00,69.7,,36.5,29.4,0.0,W@6.6,6.6,83.6,0.0,0,"Quincy, Grant County",330073,Quincy,2017-12-09 10:04:14.017625
2003-08-20,23:15,69.3,,36.5,30.0,0.0,W@6.9,6.9,83.5,0.0,0,"Quincy, Grant County",330073,Quincy,2017-12-09 10:04:14.017625
2003-08-20,23:30,69.0,,36.9,30.7,0.0,W@6.6,6.6,83.4,0.0,0,"Quincy, Grant County",330073,Quincy,2017-12-09 10:04:14.017625
2003-08-20,23:45,68.7,,37.1,31.3,0.0,W@6.9,6.9,83.4,0.0,0,"Quincy, Grant County",330073,Quincy,2017-12-09 10:04:14.017625
2003-08-20,24:00,,,,0.0,,0.0,99999.0,,0.0,0,"Quincy, Grant County",330073,Quincy,2017-12-09 10:04:14.017625
2003-08-20,00:15,68.4,,37.4,32.0,0.0,W@6.9,6.9,83.2,0.0,0,"Quincy, Grant County",330073,Quincy,2017-12-09 10:04:14.017625
2003-08-20,00:30,68.1,,37.8,32.8,0.0,W@6.6,6.6,83.1,0.0,0,"Quincy, Grant County",330073,Quincy,2017-12-09 10:04:14.017625
2003-08-20,00:45,67.8,,38.0,33.4,0.0,W@6.6,6.6,83.1,0.0,0,"Quincy, Grant County",330073,Quincy,2017-12-09 10:04:14.017625
2003-08-20,01:00,67.7,,37.6,33.0,0.0,W@6.8,6.8,83.0,0.0,0,"Quincy, Grant County",330073,Quincy,2017-12-09 10:04:14.017625
2003-08-20,01:15,67.6,,37.8,33.4,0.0,W@7.0,7.0,82.9,0.0,0,"Quincy, Grant County",330073,Quincy,2017-12-09 10:04:14.017625
2003-08-20,01:30,67.2,,38.6,34.9,0.0,W@6.7,6.7,82.8,0.0,0,"Quincy, Grant County",330073,Quincy,2017-12-09 10:04:14.017625
2003-08-20,01:45,66.9,,39.0,35.8,0.0,W@6.5,6.5,82.7,0.0,0,"Quincy, Grant County",330073,Quincy,2017-12-09 10:04:14.017625
2003-08-20,02:00,66.8,,39.0,35.9,0.0,W@6.4,6.4,82.7,0.0,0,"Quincy, Grant County",330073,Quincy,2017-12-09 10:04:14.017625
2003-08-20,02:15,66.5,,39.8,37.6,0.0,W@7.0,7.0,82.6,0.0,0,"Quincy, Grant County",330073,Quincy,2017-12-09 10:04:14.017625
2003-08-20,02:30,66.3,,39.9,37.9,0.0,W@7.0,7.0,82.5,0.0,0,"Quincy, Grant County",330073,Quincy,2017-12-09 10:04:14.017625
2003-08-20,02:45,65.9,,40.7,39.6,0.0,W@6.8,6.8,82.4,0.0,0,"Quincy, Grant County",330073,Quincy,2017-12-09 10:04:14.017625
2003-08-20,03:00,65.5,,41.2,40.9,0.0,W@5.9,5.9,82.3,0.0,0,"Quincy, Grant County",330073,Quincy,2017-12-09 10:04:14.017625
2003-08-20,03:15,65.3,,41.3,41.5,0.0,W@5.7,5.7,82.2,0.0,0,"Quincy, Grant County",330073,Quincy,2017-12-09 10:04:14.017625
2003-08-20,03:30,65.2,,41.4,41.7,0.0,W@6.0,6.0,82.1,0.0,0,"Quincy, Grant County",330073,Quincy,2017-12-09 10:04:14.017625
2003-08-20,03:45,65.2,,41.7,42.1,0.0,W@6.0,6.0,82.0,0.0,0,"Quincy, Grant County",330073,Quincy,2017-12-09 10:04:14.017625
2003-08-20,04:00,65.2,,41.9,42.6,0.0,W@5.5,5.5,82.0,0.0,0,"Quincy, Grant County",330073,Quincy,2017-12-09 10:04:14.017625
2003-08-20,04:15,64.9,,42.5,44.0,0.0,W@5.2,5.2,81.9,0.0,0,"Quincy, Grant County",330073,Quincy,2017-12-09 10:04:14.017625
2003-08-20,04:30,64.5,,42.7,44.9,0.0,W@4.4,4.4,81.8,0.0,0,"Quincy, Grant County",330073,Quincy,2017-12-09 10:04:14.017625
2003-08-20,04:45,64.3,,42.5,45.1,0.0,W@4.1,4.1,81.7,0.0,0,"Quincy, Grant County",330073,Quincy,2017-12-09 10:04:14.017625
2003-08-20,05:00,64.2,,42.8,45.7,0.0,W@4.5,4.5,81.6,0.0,2,"Quincy, Grant County",330073,Quincy,2017-12-09 10:04:14.017625
2003-08-20,05:15,63.9,,43.4,47.2,0.0,W@3.2,3.2,81.5,0.0,6,"Quincy, Grant County",330073,Quincy,2017-12-09 10:04:14.017625
2003-08-20,05:30,63.6,,43.9,48.6,0.0,W@3.4,3.4,81.4,0.0,19,"Quincy, Grant County",330073,Quincy,2017-12-09 10:04:14.017625
2003-08-20,05:45,63.3,,44.5,50.2,0.0,W@3.7,3.7,81.4,0.0,40,"Quincy, Grant County",330073,Quincy,2017-12-09 10:04:14.017625
2003-08-20,06:00,63.8,,44.9,50.2,0.0,W@5.0,5.0,81.3,0.0,70,"Quincy, Grant County",330073,Quincy,2017-12-09 10:04:14.017625
2003-08-20,06:15,64.4,,45.2,49.6,0.0,W@5.2,5.2,81.2,0.0,111,"Quincy, Grant County",330073,Quincy,2017-12-09 10:04:14.017625
2003-08-20,06:30,64.9,,45.5,49.5,0.0,W@4.5,4.5,81.1,0.0,154,"Quincy, Grant County",330073,Quincy,2017-12-09 10:04:14.017625
2003-08-20,06:45,65.4,,45.9,49.2,0.0,NW@4.1,4.1,81.0,0.0,201,"Quincy, Grant County",330073,Quincy,2017-12-09 10:04:14.017625
2003-08-20,07:00,65.9,,46.2,48.9,0.0,W@4.8,4.8,80.9,0.0,243,"Quincy, Grant County",330073,Quincy,2017-12-09 10:04:14.017625
2003-08-20,07:15,66.4,,46.4,48.5,0.0,W@5.2,5.2,80.8,0.0,278,"Quincy, Grant County",330073,Quincy,2017-12-09 10:04:14.017625
2003-08-20,07:30,67.0,,46.9,48.3,0.0,W@4.5,4.5,80.7,0.0,311,"Quincy, Grant County",330073,Quincy,2017-12-09 10:04:14.017625
2003-08-20,07:45,67.2,,47.1,48.3,0.0,W@4.5,4.5,80.6,0.0,354,"Quincy, Grant County",330073,Quincy,2017-12-09 10:04:14.017625
2003-08-20,08:00,67.7,,47.3,47.9,0.0,W@4.3,4.3,80.5,0.0,403,"Quincy, Grant County",330073,Quincy,2017-12-09 10:04:14.017625
2003-08-20,08:15,68.3,,47.8,47.9,0.0,W@4.4,4.4,80.4,0.0,440,"Quincy, Grant County",330073,Quincy,2017-12-09 10:04:14.017625
2003-08-20,08:30,68.8,,48.3,47.9,0.0,W@4.4,4.4,80.3,0.0,473,"Quincy, Grant County",330073,Quincy,2017-12-09 10:04:14.017625
2003-08-20,08:45,69.5,,48.5,47.1,0.0,W@4.2,4.2,80.2,0.0,499,"Quincy, Grant County",330073,Quincy,2017-12-09 10:04:14.017625
2003-08-20,09:00,70.2,,48.9,46.7,0.0,W@4.5,4.5,80.2,0.0,515,"Quincy, Grant County",330073,Quincy,2017-12-09 10:04:14.017625
2003-08-20,09:15,70.8,,48.8,45.6,0.0,W@4.5,4.5,80.1,0.0,550,"Quincy, Grant County",330073,Quincy,2017-12-09 10:04:14.017625
2003-08-20,09:30,71.8,,49.7,45.6,0.0,W@4.1,4.1,80.0,0.0,581,"Quincy, Grant County",330073,Quincy,2017-12-09 10:04:14.017625
2003-08-20,09:45,72.8,,50.2,44.9,0.0,W@3.6,3.6,80.0,0.0,604,"Quincy, Grant County",330073,Quincy,2017-12-09 10:04:14.017625
2003-08-20,10:00,73.6,,51.1,45.2,0.0,W@3.5,3.5,79.9,0.0,622,"Quincy, Grant County",330073,Quincy,2017-12-09 10:04:14.017625
2003-08-20,10:15,74.2,,50.3,43.1,0.0,W@4.4,4.4,79.9,0.0,648,"Quincy, Grant County",330073,Quincy,2017-12-09 10:04:14.017625
2003-08-20,10:30,75.1,,51.2,43.2,0.0,W@3.8,3.8,79.8,0.0,667,"Quincy, Grant County",330073,Quincy,2017-12-09 10:04:14.017625
2003-08-20,10:45,76.9,,51.3,40.7,0.0,W@2.6,2.6,79.8,0.0,714,"Quincy, Grant County",330073,Quincy,2017-12-09 10:04:14.017625
2003-08-20,11:00,78.4,,51.9,39.6,0.0,SW@2.8,2.8,79.8,0.0,723,"Quincy, Grant County",330073,Quincy,2017-12-09 10:04:14.017625
2003-08-20,11:15,78.3,,51.2,38.8,0.0,W@4.0,4.0,79.8,0.0,716,"Quincy, Grant County",330073,Quincy,2017-12-09 10:04:14.017625
2003-08-20,11:30,78.9,,51.8,38.8,0.0,W@3.1,3.1,79.8,0.0,744,"Quincy, Grant County",330073,Quincy,2017-12-09 10:04:14.017625
2003-08-20,11:45,79.8,,50.9,36.6,0.0,SW@2.5,2.5,79.9,0.0,755,"Quincy, Grant County",330073,Quincy,2017-12-09 10:04:14.017625
2003-08-20,12:00,80.3,,50.6,35.5,0.0,SW@3.0,3.0,79.9,0.0,725,"Quincy, Grant County",330073,Quincy,2017-12-09 10:04:14.017625
2003-08-20,12:15,80.8,,50.6,34.9,0.0,S@3.0,3.0,79.9,0.0,760,"Quincy, Grant County",330073,Quincy,2017-12-09 10:04:14.017625
2003-08-20,12:30,80.9,,51.8,36.3,0.0,S@3.7,3.7,79.9,0.0,771,"Quincy, Grant County",330073,Quincy,2017-12-09 10:04:14.017625
2003-08-20,12:45,81.7,,50.6,33.9,0.0,S@3.3,3.3,80.0,0.0,764,"Quincy, Grant County",330073,Quincy,2017-12-09 10:04:14.017625
2003-08-20,13:00,82.6,,49.8,32.1,0.0,SE@2.7,2.7,80.0,0.0,761,"Quincy, Grant County",330073,Quincy,2017-12-09 10:04:14.017625
2003-08-20,13:15,82.5,,50.2,32.6,0.0,S@3.7,3.7,80.1,0.0,746,"Quincy, Grant County",330073,Quincy,2017-12-09 10:04:14.017625
2003-08-20,13:30,82.7,,50.3,32.5,0.0,S@4.0,4.0,80.2,0.0,738,"Quincy, Grant County",330073,Quincy,2017-12-09 10:04:14.017625
2003-08-20,13:45,82.9,,49.5,31.4,0.0,SE@3.7,3.7,80.3,0.0,720,"Quincy, Grant County",330073,Quincy,2017-12-09 10:04:14.017625
2003-08-20,14:00,83.3,,50.3,31.8,0.0,SE@3.6,3.6,80.4,0.0,658,"Quincy, Grant County",330073,Quincy,2017-12-09 10:04:14.017625
2003-08-20,14:15,83.0,,51.4,33.6,0.0,S@4.8,4.8,80.4,0.0,700,"Quincy, Grant County",330073,Quincy,2017-12-09 10:04:14.017625
2003-08-20,14:30,83.0,,51.7,33.9,0.0,S@4.4,4.4,80.6,0.0,665,"Quincy, Grant County",330073,Quincy,2017-12-09 10:04:14.017625
2003-08-20,14:45,82.8,,52.6,35.3,0.0,SE@4.4,4.4,80.7,0.0,632,"Quincy, Grant County",330073,Quincy,2017-12-09 10:04:14.017625
2003-08-20,15:00,82.7,,51.7,34.3,0.0,SE@4.4,4.4,80.7,0.0,604,"Quincy, Grant County",330073,Quincy,2017-12-09 10:04:14.017625
2003-08-20,15:15,82.8,,51.2,33.4,0.0,SE@3.7,3.7,80.8,0.0,573,"Quincy, Grant County",330073,Quincy,2017-12-09 10:04:14.017625
2003-08-20,15:30,82.9,,51.0,33.2,0.0,SE@3.8,3.8,80.9,0.0,538,"Quincy, Grant County",330073,Quincy,2017-12-09 10:04:14.017625
2003-08-20,15:45,83.0,,52.7,35.1,0.0,SE@2.6,2.6,81.0,0.0,497,"Quincy, Grant County",330073,Quincy,2017-12-09 10:04:14.017625
2003-08-20,16:00,82.5,,52.1,35.0,0.0,E@3.6,3.6,81.1,0.0,449,"Quincy, Grant County",330073,Quincy,2017-12-09 10:04:14.017625
2003-08-20,16:15,82.3,,52.1,35.2,0.0,E@2.8,2.8,81.1,0.0,407,"Quincy, Grant County",330073,Quincy,2017-12-09 10:04:14.017625
2003-08-20,16:30,82.0,,51.6,34.8,0.0,E@3.2,3.2,81.2,0.0,362,"Quincy, Grant County",330073,Quincy,2017-12-09 10:04:14.017625
2003-08-20,16:45,81.9,,53.0,36.8,0.0,SE@2.1,2.1,81.3,0.0,315,"Quincy, Grant County",330073,Quincy,2017-12-09 10:04:14.017625
2003-08-20,17:00,81.2,,53.2,37.9,0.0,E@2.5,2.5,81.4,0.0,280,"Quincy, Grant County",330073,Quincy,2017-12-09 10:04:14.017625
2003-08-20,17:15,80.5,,55.5,42.3,0.0,E@1.7,1.7,81.5,0.0,235,"Quincy, Grant County",330073,Quincy,2017-12-09 10:04:14.017625
2003-08-20,17:30,79.7,,58.8,48.9,0.0,SE@1.1,1.1,81.6,0.0,191,"Quincy, Grant County",330073,Quincy,2017-12-09 10:04:14.017625
2003-08-20,17:45,78.6,,60.4,53.7,0.0,S@0.9,0.9,81.7,0.0,150,"Quincy, Grant County",330073,Quincy,2017-12-09 10:04:14.017625
2003-08-20,18:00,76.2,,63.9,65.6,0.0,SW@0.9,0.9,81.8,0.0,114,"Quincy, Grant County",330073,Quincy,2017-12-09 10:04:14.017625
2003-08-20,18:15,73.7,,62.0,66.9,0.0,SW@0.9,0.9,81.9,0.0,75,"Quincy, Grant County",330073,Quincy,2017-12-09 10:04:14.017625
2003-08-20,18:30,70.8,,60.1,68.7,0.0,W@0.9,0.9,81.9,0.0,44,"Quincy, Grant County",330073,Quincy,2017-12-09 10:04:14.017625
2003-08-20,18:45,67.5,,59.4,75.2,0.0,W@1.3,1.3,81.9,0.0,19,"Quincy, Grant County",330073,Quincy,2017-12-09 10:04:14.017625
2003-08-20,19:00,65.6,,58.8,78.6,0.0,W@2.8,2.8,81.9,0.0,8,"Quincy, Grant County",330073,Quincy,2017-12-09 10:04:14.017625
2003-08-20,19:15,64.3,,57.4,78.2,0.0,W@2.6,2.6,81.9,0.0,3,"Quincy, Grant County",330073,Quincy,2017-12-09 10:04:14.017625
2003-08-20,19:30,63.4,,56.5,78.1,0.0,W@2.6,2.6,82.0,0.0,0,"Quincy, Grant County",330073,Quincy,2017-12-09 10:04:14.017625
2003-08-20,19:45,63.4,,56.0,76.9,0.0,W@2.3,2.3,82.1,0.0,0,"Quincy, Grant County",330073,Quincy,2017-12-09 10:04:14.017625
2003-08-20,20:00,63.0,,55.2,75.7,0.0,W@2.3,2.3,82.2,0.0,0,"Quincy, Grant County",330073,Quincy,2017-12-09 10:04:14.017625
2003-08-20,20:15,61.5,,55.7,81.1,0.0,W@2.7,2.7,82.3,0.0,0,"Quincy, Grant County",330073,Quincy,2017-12-09 10:04:14.017625
2003-08-20,20:30,60.9,,55.6,82.8,0.0,W@2.9,2.9,82.3,0.0,0,"Quincy, Grant County",330073,Quincy,2017-12-09 10:04:14.017625
2003-08-20,20:45,61.2,,55.0,80.0,0.0,W@3.3,3.3,82.4,0.0,0,"Quincy, Grant County",330073,Quincy,2017-12-09 10:04:14.017625
2003-08-20,21:00,61.7,,54.0,75.9,0.0,W@2.9,2.9,82.5,0.0,0,"Quincy, Grant County",330073,Quincy,2017-12-09 10:04:14.017625
2003-08-20,21:15,61.0,,53.3,75.7,0.0,W@2.6,2.6,82.5,0.0,0,"Quincy, Grant County",330073,Quincy,2017-12-09 10:04:14.017625
2003-08-20,21:30,60.2,,53.0,77.2,0.0,W@2.0,2.0,82.5,0.0,0,"Quincy, Grant County",330073,Quincy,2017-12-09 10:04:14.017625
2003-08-20,21:45,59.9,,52.6,76.8,0.0,W@1.8,1.8,82.5,0.0,0,"Quincy, Grant County",330073,Quincy,2017-12-09 10:04:14.017625
2003-08-20,22:00,59.0,,52.9,80.1,0.0,W@0.9,0.9,82.5,0.0,0,"Quincy, Grant County",330073,Quincy,2017-12-09 10:04:14.017625
2003-08-20,22:15,58.4,,52.9,82.0,0.0,W@0.9,0.9,82.5,0.0,0,"Quincy, Grant County",330073,Quincy,2017-12-09 10:04:14.017625
2003-08-20,22:30,58.6,,52.9,81.4,0.0,W@0.9,0.9,82.4,0.0,0,"Quincy, Grant County",330073,Quincy,2017-12-09 10:04:14.017625
2003-08-20,22:45,59.3,,51.8,76.0,0.0,W@0.9,0.9,82.4,0.0,0,"Quincy, Grant County",330073,Quincy,2017-12-09 10:04:14.017625
2003-08-20,23:00,58.6,,52.4,79.8,0.0,W@0.9,0.9,82.3,0.0,0,"Quincy, Grant County",330073,Quincy,2017-12-09 10:04:14.017625
2003-08-21,23:15,59.1,,51.5,75.6,0.0,W@0.9,0.9,82.3,0.0,0,"Quincy, Grant County",330073,Quincy,2017-12-09 10:04:14.017625
2003-08-21,23:30,58.0,,53.0,83.5,0.0,W@1.7,1.7,82.2,0.0,0,"Quincy, Grant County",330073,Quincy,2017-12-09 10:04:14.017625
2003-08-21,23:45,57.3,,52.8,84.8,0.0,W@3.0,3.0,82.1,0.0,0,"Quincy, Grant County",330073,Quincy,2017-12-09 10:04:14.017625
2003-08-21,24:00,,,,0.0,,0.0,99999.0,,0.0,0,"Quincy, Grant County",330073,Quincy,2017-12-09 10:04:14.017625
2003-08-21,00:15,57.0,,51.9,82.9,0.0,W@2.5,2.5,82.0,0.0,0,"Quincy, Grant County",330073,Quincy,2017-12-09 10:04:14.017625
2003-08-21,00:30,57.6,,51.7,80.8,0.02,W@3.0,3.0,81.9,0.0,0,"Quincy, Grant County",330073,Quincy,2017-12-09 10:04:14.017625
2003-08-21,00:45,60.4,,48.7,65.3,0.0,W@2.9,2.9,81.8,0.0,0,"Quincy, Grant County",330073,Quincy,2017-12-09 10:04:14.017625
2003-08-21,01:00,60.8,,48.7,64.4,0.0,W@3.0,3.0,81.8,0.0,0,"Quincy, Grant County",330073,Quincy,2017-12-09 10:04:14.017625
2003-08-21,01:15,61.7,,46.6,57.4,0.0,W@2.4,2.4,81.7,0.0,0,"Quincy, Grant County",330073,Quincy,2017-12-09 10:04:14.017625
2003-08-21,01:30,61.1,,48.5,63.2,0.0,W@2.4,2.4,81.6,0.0,0,"Quincy, Grant County",330073,Quincy,2017-12-09 10:04:14.017625
2003-08-21,01:45,61.7,,47.4,59.2,0.0,W@2.1,2.1,81.5,0.0,0,"Quincy, Grant County",330073,Quincy,2017-12-09 10:04:14.017625
2003-08-21,02:00,61.5,,47.4,59.6,0.0,W@2.0,2.0,81.4,0.0,0,"Quincy, Grant County",330073,Quincy,2017-12-09 10:04:14.017625
2003-08-21,02:15,62.4,,46.8,56.6,0.0,W@2.3,2.3,81.3,0.0,0,"Quincy, Grant County",330073,Quincy,2017-12-09 10:04:14.017625
2003-08-21,02:30,62.2,,47.9,59.3,0.0,W@1.8,1.8,81.2,0.0,0,"Quincy, Grant County",330073,Quincy,2017-12-09 10:04:14.017625
2003-08-21,02:45,59.1,,50.0,71.8,0.0,W@0.9,0.9,81.1,0.0,0,"Quincy, Grant County",330073,Quincy,2017-12-09 10:04:14.017625
2003-08-21,03:00,55.9,,50.6,82.3,0.0,W@0.9,0.9,81.1,0.0,0,"Quincy, Grant County",330073,Quincy,2017-12-09 10:04:14.017625
2003-08-21,03:15,55.4,,49.9,81.5,0.0,W@0.9,0.9,81.0,0.0,0,"Quincy, Grant County",330073,Quincy,2017-12-09 10:04:14.017625
2003-08-21,03:30,54.8,,49.6,82.6,0.0,W@0.9,0.9,80.9,0.0,0,"Quincy, Grant County",330073,Quincy,2017-12-09 10:04:14.017625
2003-08-21,03:45,54.2,,49.0,82.4,0.0,W@0.9,0.9,80.8,0.0,0,"Quincy, Grant County",330073,Quincy,2017-12-09 10:04:14.017625
2003-08-21,04:00,53.3,,49.1,85.7,0.0,W@0.9,0.9,80.7,0.0,0,"Quincy, Grant County",330073,Quincy,2017-12-09 10:04:14.017625
2003-08-21,04:15,52.6,,48.9,87.2,0.0,W@0.9,0.9,80.6,0.0,0,"Quincy, Grant County",330073,Quincy,2017-12-09 10:04:14.017625
2003-08-21,04:30,52.6,,48.9,87.2,0.0,W@0.9,0.9,80.5,0.0,0,"Quincy, Grant County",330073,Quincy,2017-12-09 10:04:14.017625
2003-08-21,04:45,53.8,,48.6,82.6,0.0,W@1.6,1.6,80.3,0.0,0,"Quincy, Grant County",330073,Quincy,2017-12-09 10:04:14.017625
2003-08-21,05:00,55.1,,48.4,77.9,0.0,W@1.6,1.6,80.3,0.0,2,"Quincy, Grant County",330073,Quincy,2017-12-09 10:04:14.017625
2003-08-21,05:15,57.0,,46.3,67.3,0.0,NW@1.6,1.6,80.2,0.0,6,"Quincy, Grant County",330073,Quincy,2017-12-09 10:04:14.017625
2003-08-21,05:30,56.9,,47.8,71.4,0.0,W@1.0,1.0,80.1,0.0,17,"Quincy, Grant County",330073,Quincy,2017-12-09 10:04:14.017625
2003-08-21,05:45,57.1,,47.8,70.8,0.0,W@0.9,0.9,80.1,0.0,37,"Quincy, Grant County",330073,Quincy,2017-12-09 10:04:14.017625
2003-08-21,06:00,59.5,,46.6,62.2,0.0,W@2.4,2.4,80.0,0.0,62,"Quincy, Grant County",330073,Quincy,2017-12-09 10:04:14.017625
2003-08-21,06:15,61.6,,47.3,59.4,0.0,W@3.0,3.0,79.8,0.0,91,"Quincy, Grant County",330073,Quincy,2017-12-09 10:04:14.017625
2003-08-21,06:30,62.5,,47.5,58.0,0.0,W@3.5,3.5,79.7,0.0,121,"Quincy, Grant County",330073,Quincy,2017-12-09 10:04:14.017625
2003-08-21,06:45,62.9,,47.2,56.4,0.0,W@2.2,2.2,79.6,0.0,165,"Quincy, Grant County",330073,Quincy,2017-12-09 10:04:14.017625
2003-08-21,07:00,63.7,,47.7,55.8,0.0,W@1.8,1.8,79.5,0.0,214,"Quincy, Grant County",330073,Quincy,2017-12-09 10:04:14.017625
2003-08-21,07:15,65.1,,50.1,58.1,0.0,E@1.6,1.6,79.4,0.0,271,"Quincy, Grant County",330073,Quincy,2017-12-09 10:04:14.017625
2003-08-21,07:30,65.6,,51.4,60.2,0.0,W@1.1,1.1,79.3,0.0,317,"Quincy, Grant County",330073,Quincy,2017-12-09 10:04:14.017625
2003-08-21,07:45,66.0,,51.4,59.2,0.0,NE@3.2,3.2,79.1,0.0,366,"Quincy, Grant County",330073,Quincy,2017-12-09 10:04:14.017625
2003-08-21,08:00,65.4,,52.5,63.0,0.0,NE@1.9,1.9,79.1,0.0,416,"Quincy, Grant County",330073,Quincy,2017-12-09 10:04:14.017625
2003-08-21,08:15,67.3,,51.8,57.5,0.0,SE@2.0,2.0,79.0,0.0,455,"Quincy, Grant County",330073,Quincy,2017-12-09 10:04:14.017625
2003-08-21,08:30,69.0,,51.4,53.4,0.0,SE@1.6,1.6,78.8,0.0,502,"Quincy, Grant County",330073,Quincy,2017-12-09 10:04:14.017625
2003-08-21,08:45,69.8,,52.0,53.1,0.0,S@2.4,2.4,78.7,0.0,544,"Quincy, Grant County",330073,Quincy,2017-12-09 10:04:14.017625
2003-08-21,09:00,71.5,,50.2,46.8,0.0,S@1.6,1.6,78.6,0.0,581,"Quincy, Grant County",330073,Quincy,2017-12-09 10:04:14.017625
2003-08-21,09:15,72.6,,48.7,42.7,0.0,S@1.2,1.2,78.5,0.0,607,"Quincy, Grant County",330073,Quincy,2017-12-09 10:04:14.017625
2003-08-21,09:30,73.8,,49.8,42.9,0.0,S@1.6,1.6,78.5,0.0,646,"Quincy, Grant County",330073,Quincy,2017-12-09 10:04:14.017625
2003-08-21,09:45,74.3,,49.8,42.1,0.0,SE@2.5,2.5,78.5,0.0,669,"Quincy, Grant County",330073,Quincy,2017-12-09 10:04:14.017625
2003-08-21,10:00,75.1,,50.5,42.1,0.0,S@2.5,2.5,78.5,0.0,696,"Quincy, Grant County",330073,Quincy,2017-12-09 10:04:14.017625
2003-08-21,10:15,75.7,,51.5,42.8,0.0,SE@3.6,3.6,78.5,0.0,727,"Quincy, Grant County",330073,Quincy,2017-12-09 10:04:14.017625
2003-08-21,10:30,76.3,,51.2,41.5,0.0,SE@3.9,3.9,78.5,0.0,773,"Quincy, Grant County",330073,Quincy,2017-12-09 10:04:14.017625
2003-08-21,10:45,76.6,,51.3,41.1,0.0,SE@4.9,4.9,78.5,0.0,784,"Quincy, Grant County",330073,Quincy,2017-12-09 10:04:14.017625
2003-08-21,11:00,77.1,,50.5,39.3,0.0,SE@4.8,4.8,78.5,0.0,796,"Quincy, Grant County",330073,Quincy,2017-12-09 10:04:14.017625
2003-08-21,11:15,77.8,,52.3,41.0,0.0,SE@4.3,4.3,78.5,0.0,801,"Quincy, Grant County",330073,Quincy,2017-12-09 10:04:14.017625
2003-08-21,11:30,78.4,,54.3,43.3,0.0,SE@5.2,5.2,78.5,0.0,821,"Quincy, Grant County",330073,Quincy,2017-12-09 10:04:14.017625
2003-08-21,11:45,79.6,,54.4,41.8,0.0,SE@5.2,5.2,78.5,0.0,834,"Quincy, Grant County",330073,Quincy,2017-12-09 10:04:14.017625
2003-08-21,12:00,80.4,,54.0,40.1,0.0,SE@5.7,5.7,78.5,0.0,839,"Quincy, Grant County",330073,Quincy,2017-12-09 10:04:14.017625
2003-08-21,12:15,81.0,,53.9,39.2,0.0,SE@6.5,6.5,78.6,0.0,738,"Quincy, Grant County",330073,Quincy,2017-12-09 10:04:14.017625
2003-08-21,12:30,81.3,,53.8,38.6,0.0,SE@6.2,6.2,78.6,0.0,535,"Quincy, Grant County",330073,Quincy,2017-12-09 10:04:14.017625
2003-08-21,12:45,82.0,,53.2,37.0,0.0,SE@5.8,5.8,78.7,0.0,738,"Quincy, Grant County",330073,Quincy,2017-12-09 10:04:14.017625
2003-08-21,13:00,82.8,,54.1,37.2,0.0,SE@5.8,5.8,78.8,0.0,775,"Quincy, Grant County",330073,Quincy,2017-12-09 10:04:14.017625
2003-08-21,13:15,83.3,,54.0,36.5,0.0,SE@6.2,6.2,78.8,0.0,800,"Quincy, Grant County",330073,Quincy,2017-12-09 10:04:14.017625
2003-08-21,13:30,83.9,,54.0,35.8,0.0,SE@6.0,6.0,78.9,0.0,790,"Quincy, Grant County",330073,Quincy,2017-12-09 10:04:14.017625
2003-08-21,13:45,84.9,,53.3,33.7,0.0,SE@6.0,6.0,79.0,0.0,857,"Quincy, Grant County",330073,Quincy,2017-12-09 10:04:14.017625
2003-08-21,14:00,85.4,,52.6,32.4,0.0,SE@6.0,6.0,79.1,0.0,793,"Quincy, Grant County",330073,Quincy,2017-12-09 10:04:14.017625
2003-08-21,14:15,84.4,,53.6,34.7,0.0,SE@5.2,5.2,79.2,0.0,432,"Quincy, Grant County",330073,Quincy,2017-12-09 10:04:14.017625
2003-08-21,14:30,83.8,,54.3,36.3,0.0,SE@5.4,5.4,79.4,0.0,653,"Quincy, Grant County",330073,Quincy,2017-12-09 10:04:14.017625
2003-08-21,14:45,85.5,,54.2,34.3,0.0,SE@4.8,4.8,79.5,0.0,565,"Quincy, Grant County",330073,Quincy,2017-12-09 10:04:14.017625
2003-08-21,15:00,85.2,,54.3,34.8,0.0,SE@4.7,4.7,79.5,0.0,561,"Quincy, Grant County",330073,Quincy,2017-12-09 10:04:14.017625
2003-08-21,15:15,85.2,,54.4,34.9,0.0,SE@6.0,6.0,79.7,0.0,589,"Quincy, Grant County",330073,Quincy,2017-12-09 10:04:14.017625
2003-08-21,15:30,85.9,,54.6,34.3,0.0,SE@5.6,5.6,79.8,0.0,632,"Quincy, Grant County",330073,Quincy,2017-12-09 10:04:14.017625
2003-08-21,15:45,86.3,,54.0,33.2,0.0,SE@6.2,6.2,79.9,0.0,637,"Quincy, Grant County",330073,Quincy,2017-12-09 10:04:14.017625
2003-08-21,16:00,85.7,,52.4,31.9,0.0,SE@6.0,6.0,80.0,0.0,460,"Quincy, Grant County",330073,Quincy,2017-12-09 10:04:14.017625
2003-08-21,16:15,84.1,,54.0,35.7,0.0,SE@5.0,5.0,80.2,0.0,321,"Quincy, Grant County",330073,Quincy,2017-12-09 10:04:14.017625
2003-08-21,16:30,83.0,,55.5,39.0,0.0,SE@3.9,3.9,80.3,0.0,310,"Quincy, Grant County",330073,Quincy,2017-12-09 10:04:14.017625
2003-08-21,16:45,83.5,,55.2,38.0,0.0,SE@4.2,4.2,80.4,0.0,330,"Quincy, Grant County",330073,Quincy,2017-12-09 10:04:14.017625
2003-08-21,17:00,82.1,,54.6,38.8,0.0,SE@3.3,3.3,80.5,0.0,123,"Quincy, Grant County",330073,Quincy,2017-12-09 10:04:14.017625
2003-08-21,17:15,80.0,,55.6,43.2,0.0,SE@2.6,2.6,80.5,0.0,96,"Quincy, Grant County",330073,Quincy,2017-12-09 10:04:14.017625
2003-08-21,17:30,78.4,,58.4,50.2,0.0,SE@1.2,1.2,80.6,0.0,103,"Quincy, Grant County",330073,Quincy,2017-12-09 10:04:14.017625
2003-08-21,17:45,77.8,,58.5,51.4,0.0,SE@1.5,1.5,80.7,0.0,96,"Quincy, Grant County",330073,Quincy,2017-12-09 10:04:14.017625
2003-08-21,18:00,76.1,,62.4,62.4,0.0,SE@0.9,0.9,80.8,0.0,71,"Quincy, Grant County",330073,Quincy,2017-12-09 10:04:14.017625
2003-08-21,18:15,76.5,,56.7,50.3,0.0,E@1.8,1.8,80.9,0.0,44,"Quincy, Grant County",330073,Quincy,2017-12-09 10:04:14.017625
2003-08-21,18:30,77.6,,55.8,46.9,0.0,E@1.7,1.7,81.0,0.0,37,"Quincy, Grant County",330073,Quincy,2017-12-09 10:04:14.017625
2003-08-21,18:45,72.2,,59.7,64.8,0.0,N@0.9,0.9,81.0,0.0,17,"Quincy, Grant County",330073,Quincy,2017-12-09 10:04:14.017625
2003-08-21,19:00,69.6,,59.1,69.1,0.0,W@0.9,0.9,81.0,0.0,10,"Quincy, Grant County",330073,Quincy,2017-12-09 10:04:14.017625
2003-08-21,19:15,68.0,,59.9,75.1,0.0,W@2.1,2.1,81.1,0.0,4,"Quincy, Grant County",330073,Quincy,2017-12-09 10:04:14.017625
2003-08-21,19:30,66.7,,59.7,78.2,0.0,W@2.9,2.9,81.1,0.0,0,"Quincy, Grant County",330073,Quincy,2017-12-09 10:04:14.017625
2003-08-21,19:45,67.6,,58.5,72.6,0.0,W@1.6,1.6,81.2,0.0,0,"Quincy, Grant County",330073,Quincy,2017-12-09 10:04:14.017625
2003-08-21,20:00,67.4,,59.8,76.6,0.0,W@0.9,0.9,81.3,0.0,0,"Quincy, Grant County",330073,Quincy,2017-12-09 10:04:14.017625
2003-08-21,20:15,68.6,,56.9,66.1,0.0,SW@0.9,0.9,81.3,0.0,0,"Quincy, Grant County",330073,Quincy,2017-12-09 10:04:14.017625
2003-08-21,20:30,69.2,,57.4,66.1,0.0,SW@0.9,0.9,81.4,0.0,0,"Quincy, Grant County",330073,Quincy,2017-12-09 10:04:14.017625
2003-08-21,20:45,66.7,,58.2,74.1,0.0,NW@0.9,0.9,81.4,0.0,0,"Quincy, Grant County",330073,Quincy,2017-12-09 10:04:14.017625
2003-08-21,21:00,64.5,,58.4,80.5,0.0,W@0.9,0.9,81.4,0.0,0,"Quincy, Grant County",330073,Quincy,2017-12-09 10:04:14.017625
2003-08-21,21:15,66.0,,56.9,72.4,0.0,N@1.0,1.0,81.5,0.0,0,"Quincy, Grant County",330073,Quincy,2017-12-09 10:04:14.017625
2003-08-21,21:30,67.0,,55.9,67.3,0.0,N@1.3,1.3,81.5,0.0,0,"Quincy, Grant County",330073,Quincy,2017-12-09 10:04:14.017625
2003-08-21,21:45,66.8,,55.0,65.8,0.0,NW@1.4,1.4,81.5,0.0,0,"Quincy, Grant County",330073,Quincy,2017-12-09 10:04:14.017625
2003-08-21,22:00,66.6,,56.7,70.5,0.0,NW@1.1,1.1,81.5,0.0,0,"Quincy, Grant County",330073,Quincy,2017-12-09 10:04:14.017625
2003-08-21,22:15,65.3,,54.5,67.9,0.0,NW@0.9,0.9,81.5,0.0,0,"Quincy, Grant County",330073,Quincy,2017-12-09 10:04:14.017625
2003-08-21,22:30,64.8,,54.6,69.3,0.0,NW@0.9,0.9,81.5,0.0,0,"Quincy, Grant County",330073,Quincy,2017-12-09 10:04:14.017625
2003-08-21,22:45,65.5,,53.5,65.2,0.0,NW@0.9,0.9,81.4,0.0,0,"Quincy, Grant County",330073,Quincy,2017-12-09 10:04:14.017625
2003-08-21,23:00,66.5,,51.9,59.4,0.0,NW@0.9,0.9,81.4,0.0,0,"Quincy, Grant County",330073,Quincy,2017-12-09 10:04:14.017625
2003-08-22,23:15,67.7,,53.7,60.8,0.0,NW@0.9,0.9,81.4,0.0,0,"Quincy, Grant County",330073,Quincy,2017-12-09 10:04:14.017625
2003-08-22,23:30,64.3,,57.3,77.9,0.0,W@0.9,0.9,81.3,0.0,0,"Quincy, Grant County",330073,Quincy,2017-12-09 10:04:14.017625
2003-08-22,23:45,64.0,,56.9,77.7,0.0,W@0.9,0.9,81.3,0.0,0,"Quincy, Grant County",330073,Quincy,2017-12-09 10:04:14.017625
2003-08-22,24:00,,,,0.0,,0.0,99999.0,,0.0,0,"Quincy, Grant County",330073,Quincy,2017-12-09 10:04:14.017625
2003-08-22,00:15,65.6,,56.0,71.1,0.0,W@0.9,0.9,81.2,0.0,0,"Quincy, Grant County",330073,Quincy,2017-12-09 10:04:14.017625
2003-08-22,00:30,64.7,,56.6,75.1,0.0,W@0.9,0.9,81.1,0.0,0,"Quincy, Grant County",330073,Quincy,2017-12-09 10:04:14.017625
2003-08-22,00:45,65.3,,56.4,72.9,0.0,W@0.9,0.9,81.1,0.0,0,"Quincy, Grant County",330073,Quincy,2017-12-09 10:04:14.017625
2003-08-22,01:00,64.9,,54.5,69.2,0.0,W@1.1,1.1,81.0,0.0,0,"Quincy, Grant County",330073,Quincy,2017-12-09 10:04:14.017625
2003-08-22,01:15,65.6,,53.8,65.6,0.0,W@2.5,2.5,81.0,0.0,0,"Quincy, Grant County",330073,Quincy,2017-12-09 10:04:14.017625
2003-08-22,01:30,64.2,,54.8,71.6,0.0,W@2.4,2.4,80.9,0.0,0,"Quincy, Grant County",330073,Quincy,2017-12-09 10:04:14.017625
2003-08-22,01:45,63.1,,56.0,77.6,0.0,W@2.8,2.8,80.8,0.0,0,"Quincy, Grant County",330073,Quincy,2017-12-09 10:04:14.017625
2003-08-22,02:00,64.3,,54.8,71.3,0.0,W@2.6,2.6,80.8,0.0,0,"Quincy, Grant County",330073,Quincy,2017-12-09 10:04:14.017625
2003-08-22,02:15,67.4,,52.4,58.6,0.0,W@3.0,3.0,80.7,0.0,0,"Quincy, Grant County",330073,Quincy,2017-12-09 10:04:14.017625
2003-08-22,02:30,68.2,,52.3,56.6,0.0,W@2.9,2.9,80.6,0.0,0,"Quincy, Grant County",330073,Quincy,2017-12-09 10:04:14.017625
2003-08-22,02:45,69.2,,51.6,53.4,0.0,W@2.8,2.8,80.5,0.0,0,"Quincy, Grant County",330073,Quincy,2017-12-09 10:04:14.017625
2003-08-22,03:00,69.3,,50.9,51.8,0.0,W@2.5,2.5,80.5,0.0,0,"Quincy, Grant County",330073,Quincy,2017-12-09 10:04:14.017625
2003-08-22,03:15,69.7,,50.4,50.4,0.0,W@3.0,3.0,80.4,0.0,0,"Quincy, Grant County",330073,Quincy,2017-12-09 10:04:14.017625
2003-08-22,03:30,70.2,,49.2,47.3,0.0,W@2.7,2.7,80.3,0.0,0,"Quincy, Grant County",330073,Quincy,2017-12-09 10:04:14.017625
2003-08-22,03:45,71.1,,48.9,45.3,0.0,W@3.0,3.0,80.3,0.0,0,"Quincy, Grant County",330073,Quincy,2017-12-09 10:04:14.017625
2003-08-22,04:00,70.6,,49.0,46.3,0.0,W@3.1,3.1,80.2,0.0,0,"Quincy, Grant County",330073,Quincy,2017-12-09 10:04:14.017625
2003-08-22,04:15,71.2,,47.9,43.5,0.0,NW@2.8,2.8,80.1,0.0,0,"Quincy, Grant County",330073,Quincy,2017-12-09 10:04:14.017625
2003-08-22,04:30,71.0,,48.2,44.3,0.0,NW@2.0,2.0,80.1,0.0,0,"Quincy, Grant County",330073,Quincy,2017-12-09 10:04:14.017625
2003-08-22,04:45,70.5,,48.1,44.8,0.0,NW@2.2,2.2,80.0,0.0,0,"Quincy, Grant County",330073,Quincy,2017-12-09 10:04:14.017625
2003-08-22,05:00,70.1,,48.6,46.3,0.0,W@3.4,3.4,80.0,0.0,0,"Quincy, Grant County",330073,Quincy,2017-12-09 10:04:14.017625
2003-08-22,05:15,70.7,,47.2,43.1,0.0,W@4.3,4.3,79.9,0.0,3,"Quincy, Grant County",330073,Quincy,2017-12-09 10:04:14.017625
2003-08-22,05:30,70.2,,47.6,44.5,0.0,W@4.0,4.0,79.8,0.0,10,"Quincy, Grant County",330073,Quincy,2017-12-09 10:04:14.017625
2003-08-22,05:45,70.3,,47.2,43.6,0.0,W@4.1,4.1,79.8,0.0,11,"Quincy, Grant County",330073,Quincy,2017-12-09 10:04:14.017625
2003-08-22,06:00,70.0,,47.8,45.2,0.0,W@3.3,3.3,79.8,0.0,23,"Quincy, Grant County",330073,Quincy,2017-12-09 10:04:14.017625
2003-08-22,06:15,69.2,,49.6,49.7,0.0,NW@1.4,1.4,79.7,0.0,59,"Quincy, Grant County",330073,Quincy,2017-12-09 10:04:14.017625
2003-08-22,06:30,67.7,,53.4,60.2,0.0,N@1.3,1.3,79.6,0.0,76,"Quincy, Grant County",330073,Quincy,2017-12-09 10:04:14.017625
2003-08-22,06:45,66.1,,55.7,69.1,0.0,N@0.9,0.9,79.6,0.0,67,"Quincy, Grant County",330073,Quincy,2017-12-09 10:04:14.017625
2003-08-22,07:00,65.8,,58.2,76.3,0.0,NW@0.9,0.9,79.6,0.0,99,"Quincy, Grant County",330073,Quincy,2017-12-09 10:04:14.017625
2003-08-22,07:15,66.9,,59.0,75.7,0.0,W@1.0,1.0,79.5,0.0,117,"Quincy, Grant County",330073,Quincy,2017-12-09 10:04:14.017625
2003-08-22,07:30,67.8,,58.3,71.6,0.0,SE@1.3,1.3,79.4,0.0,125,"Quincy, Grant County",330073,Quincy,2017-12-09 10:04:14.017625
2003-08-22,07:45,67.6,,59.2,74.2,0.0,S@1.8,1.8,79.4,0.0,123,"Quincy, Grant County",330073,Quincy,2017-12-09 10:04:14.017625
2003-08-22,08:00,67.4,,57.1,69.3,0.0,W@1.4,1.4,79.3,0.0,65,"Quincy, Grant County",330073,Quincy,2017-12-09 10:04:14.017625
2003-08-22,08:15,67.6,,57.5,70.0,0.0,W@1.3,1.3,79.3,0.0,86,"Quincy, Grant County",330073,Quincy,2017-12-09 10:04:14.017625
2003-08-22,08:30,67.5,,59.5,75.5,0.0,W@1.4,1.4,79.2,0.0,111,"Quincy, Grant County",330073,Quincy,2017-12-09 10:04:14.017625
2003-08-22,08:45,67.7,,60.3,77.1,0.0,E@1.7,1.7,79.2,0.0,96,"Quincy, Grant County",330073,Quincy,2017-12-09 10:04:14.017625
2003-08-22,09:00,67.5,,58.9,73.9,0.81,SW@2.4,2.4,79.2,0.0,73,"Quincy, Grant County",330073,Quincy,2017-12-09 10:04:14.017625
2003-08-22,09:15,67.7,,55.8,65.6,1.0,S@4.7,4.7,79.1,0.0,68,"Quincy, Grant County",330073,Quincy,2017-12-09 10:04:14.017625
2003-08-22,09:30,67.1,,57.6,71.6,1.0,S@4.0,4.0,79.1,0.0,102,"Quincy, Grant County",330073,Quincy,2017-12-09 10:04:14.017625
2003-08-22,09:45,67.9,,57.7,69.9,0.47,SW@3.4,3.4,79.0,0.0,151,"Quincy, Grant County",330073,Quincy,2017-12-09 10:04:14.017625
2003-08-22,10:00,69.2,,56.9,64.9,0.0,SW@4.2,4.2,79.0,0.0,203,"Quincy, Grant County",330073,Quincy,2017-12-09 10:04:14.017625
2003-08-22,10:15,70.1,,57.8,64.9,0.36,S@2.5,2.5,78.9,0.0,120,"Quincy, Grant County",330073,Quincy,2017-12-09 10:04:14.017625
2003-08-22,10:30,69.0,,59.4,71.5,0.96,S@1.9,1.9,78.8,0.0,58,"Quincy, Grant County",330073,Quincy,2017-12-09 10:04:14.017625
2003-08-22,10:45,67.2,,60.3,78.4,1.0,SE@2.4,2.4,78.9,0.01,52,"Quincy, Grant County",330073,Quincy,2017-12-09 10:04:14.017625
2003-08-22,11:00,66.1,,60.0,80.5,1.0,S@3.5,3.5,78.9,0.02,58,"Quincy, Grant County",330073,Quincy,2017-12-09 10:04:14.017625
2003-08-22,11:15,64.8,,60.0,84.2,1.0,S@2.8,2.8,78.9,0.0,79,"Quincy, Grant County",330073,Quincy,2017-12-09 10:04:14.017625
2003-08-22,11:30,64.9,,59.9,83.7,1.0,SE@1.8,1.8,78.8,0.0,111,"Quincy, Grant County",330073,Quincy,2017-12-09 10:04:14.017625
2003-08-22,11:45,65.2,,60.0,83.3,1.0,SE@3.0,3.0,78.8,0.01,130,"Quincy, Grant County",330073,Quincy,2017-12-09 10:04:14.017625
2003-08-22,12:00,65.5,,60.0,82.3,1.0,S@3.4,3.4,78.8,0.0,127,"Quincy, Grant County",330073,Quincy,2017-12-09 10:04:14.017625
2003-08-22,12:15,65.3,,60.7,85.0,1.0,SE@2.9,2.9,78.7,0.0,83,"Quincy, Grant County",330073,Quincy,2017-12-09 10:04:14.017625
2003-08-22,12:30,64.9,,60.6,86.0,0.86,SE@3.4,3.4,78.7,0.0,82,"Quincy, Grant County",330073,Quincy,2017-12-09 10:04:14.017625
2003-08-22,12:45,64.9,,61.4,88.3,0.59,SE@3.0,3.0,78.7,0.0,130,"Quincy, Grant County",330073,Quincy,2017-12-09 10:04:14.017625
2003-08-22,13:00,65.5,,61.3,86.4,0.01,SE@4.0,4.0,78.7,0.0,206,"Quincy, Grant County",330073,Quincy,2017-12-09 10:04:14.017625
2003-08-22,13:15,66.3,,61.6,84.8,0.0,SE@4.6,4.6,78.6,0.0,264,"Quincy, Grant County",330073,Quincy,2017-12-09 10:04:14.017625
2003-08-22,13:30,67.4,,61.1,80.0,0.0,SE@6.2,6.2,78.5,0.0,367,"Quincy, Grant County",330073,Quincy,2017-12-09 10:04:14.017625
2003-08-22,13:45,68.1,,61.0,78.0,0.0,SE@6.6,6.6,78.4,0.0,312,"Quincy, Grant County",330073,Quincy,2017-12-09 10:04:14.017625
2003-08-22,14:00,69.2,,60.5,73.7,0.0,S@7.5,7.5,78.4,0.0,458,"Quincy, Grant County",330073,Quincy,2017-12-09 10:04:14.017625
2003-08-22,14:15,69.9,,59.9,70.7,0.0,S@8.3,8.3,78.3,0.0,429,"Quincy, Grant County",330073,Quincy,2017-12-09 10:04:14.017625
2003-08-22,14:30,70.3,,59.6,68.8,0.0,S@8.5,8.5,78.3,0.0,384,"Quincy, Grant County",330073,Quincy,2017-12-09 10:04:14.017625
2003-08-22,14:45,70.3,,59.5,68.6,0.0,SE@7.7,7.7,78.3,0.0,529,"Quincy, Grant County",330073,Quincy,2017-12-09 10:04:14.017625
2003-08-22,15:00,72.4,,59.7,64.4,0.0,S@9.0,9.0,78.2,0.0,809,"Quincy, Grant County",330073,Quincy,2017-12-09 10:04:14.017625
2003-08-22,15:15,72.2,,58.8,62.7,0.0,SE@7.7,7.7,78.2,0.0,464,"Quincy, Grant County",330073,Quincy,2017-12-09 10:04:14.017625
2003-08-22,15:30,72.2,,58.9,62.9,0.0,S@7.6,7.6,78.2,0.0,500,"Quincy, Grant County",330073,Quincy,2017-12-09 10:04:14.017625
2003-08-22,15:45,71.9,,59.9,65.9,0.0,SE@7.1,7.1,78.2,0.0,401,"Quincy, Grant County",330073,Quincy,2017-12-09 10:04:14.017625
2003-08-22,16:00,71.7,,60.1,66.8,0.0,SE@6.6,6.6,78.2,0.0,427,"Quincy, Grant County",330073,Quincy,2017-12-09 10:04:14.017625
2003-08-22,16:15,71.7,,60.3,67.1,0.0,E@6.6,6.6,78.1,0.0,372,"Quincy, Grant County",330073,Quincy,2017-12-09 10:04:14.017625
2003-08-22,16:30,71.5,,60.0,67.0,0.0,E@7.5,7.5,78.1,0.0,303,"Quincy, Grant County",330073,Quincy,2017-12-09 10:04:14.017625
2003-08-22,16:45,71.4,,61.3,70.4,0.0,SE@6.3,6.3,78.1,0.0,338,"Quincy, Grant County",330073,Quincy,2017-12-09 10:04:14.017625
2003-08-22,17:00,71.6,,62.6,73.3,0.0,SE@7.9,7.9,78.1,0.0,409,"Quincy, Grant County",330073,Quincy,2017-12-09 10:04:14.017625
2003-08-22,17:15,70.8,,62.8,75.9,0.0,SE@7.3,7.3,78.0,0.0,261,"Quincy, Grant County",330073,Quincy,2017-12-09 10:04:14.017625
2003-08-22,17:30,70.0,,62.7,77.6,0.0,E@7.1,7.1,78.1,0.0,233,"Quincy, Grant County",330073,Quincy,2017-12-09 10:04:14.017625
2003-08-22,17:45,69.5,,62.4,78.1,0.0,E@7.1,7.1,78.1,0.0,218,"Quincy, Grant County",330073,Quincy,2017-12-09 10:04:14.017625
2003-08-22,18:00,68.6,,62.0,79.4,0.0,E@7.4,7.4,78.1,0.0,124,"Quincy, Grant County",330073,Quincy,2017-12-09 10:04:14.017625
2003-08-22,18:15,67.2,,61.7,82.5,0.0,E@5.7,5.7,78.1,0.0,30,"Quincy, Grant County",330073,Quincy,2017-12-09 10:04:14.017625
2003-08-22,18:30,66.3,,61.5,84.3,0.0,E@5.0,5.0,78.1,0.0,17,"Quincy, Grant County",330073,Quincy,2017-12-09 10:04:14.017625
2003-08-22,18:45,65.5,,61.2,85.9,0.0,E@4.0,4.0,78.1,0.0,11,"Quincy, Grant County",330073,Quincy,2017-12-09 10:04:14.017625
2003-08-22,19:00,64.7,,60.8,87.0,0.0,E@3.3,3.3,78.1,0.0,5,"Quincy, Grant County",330073,Quincy,2017-12-09 10:04:14.017625
2003-08-22,19:15,64.2,,60.5,87.8,0.0,E@3.3,3.3,78.2,0.0,2,"Quincy, Grant County",330073,Quincy,2017-12-09 10:04:14.017625
2003-08-22,19:30,63.7,,60.3,88.7,0.0,NE@2.8,2.8,78.2,0.0,0,"Quincy, Grant County",330073,Quincy,2017-12-09 10:04:14.017625
2003-08-22,19:45,63.5,,60.4,89.4,0.0,E@2.8,2.8,78.3,0.0,0,"Quincy, Grant County",330073,Quincy,2017-12-09 10:04:14.017625
2003-08-22,20:00,63.2,,60.4,90.4,0.17,E@0.9,0.9,78.3,0.0,0,"Quincy, Grant County",330073,Quincy,2017-12-09 10:04:14.017625
2003-08-22,20:15,62.9,,60.3,91.2,0.43,N@0.9,0.9,78.3,0.0,0,"Quincy, Grant County",330073,Quincy,2017-12-09 10:04:14.017625
2003-08-22,20:30,61.4,,59.8,94.5,1.0,NW@0.9,0.9,78.3,0.0,0,"Quincy, Grant County",330073,Quincy,2017-12-09 10:04:14.017625
2003-08-22,20:45,61.2,,59.6,94.5,1.0,N@0.9,0.9,78.3,0.0,0,"Quincy, Grant County",330073,Quincy,2017-12-09 10:04:14.017625
2003-08-22,21:00,60.6,,59.3,95.4,1.0,N@0.9,0.9,78.3,0.0,0,"Quincy, Grant County",330073,Quincy,2017-12-09 10:04:14.017625
2003-08-22,21:15,60.3,,59.0,95.5,1.0,NW@0.9,0.9,78.3,0.0,0,"Quincy, Grant County",330073,Quincy,2017-12-09 10:04:14.017625
2003-08-22,21:30,59.9,,59.0,96.6,1.0,NW@0.9,0.9,78.2,0.0,0,"Quincy, Grant County",330073,Quincy,2017-12-09 10:04:14.017625
2003-08-22,21:45,60.0,,59.0,96.3,1.0,NW@0.9,0.9,78.2,0.0,0,"Quincy, Grant County",330073,Quincy,2017-12-09 10:04:14.017625
2003-08-22,22:00,60.1,,59.1,96.3,1.0,W@0.9,0.9,78.2,0.0,0,"Quincy, Grant County",330073,Quincy,2017-12-09 10:04:14.017625
2003-08-22,22:15,60.3,,59.1,96.0,1.0,NW@0.9,0.9,78.2,0.0,0,"Quincy, Grant County",330073,Quincy,2017-12-09 10:04:14.017625
2003-08-22,22:30,60.6,,58.7,93.5,1.0,NW@1.1,1.1,78.1,0.0,0,"Quincy, Grant County",330073,Quincy,2017-12-09 10:04:14.017625
2003-08-22,22:45,63.2,,54.0,71.9,0.48,W@3.7,3.7,78.1,0.0,0,"Quincy, Grant County",330073,Quincy,2017-12-09 10:04:14.017625
2003-08-22,23:00,64.4,,51.2,62.2,0.0,W@3.8,3.8,78.0,0.0,0,"Quincy, Grant County",330073,Quincy,2017-12-09 10:04:14.017625
2003-08-23,23:15,65.3,,49.8,57.2,0.0,W@4.9,4.9,77.9,0.0,0,"Quincy, Grant County",330073,Quincy,2017-12-09 10:04:14.017625
2003-08-23,23:30,65.0,,50.6,59.5,0.0,W@3.3,3.3,77.9,0.0,0,"Quincy, Grant County",330073,Quincy,2017-12-09 10:04:14.017625
2003-08-23,23:45,64.7,,48.7,56.2,0.0,W@2.5,2.5,77.8,0.0,0,"Quincy, Grant County",330073,Quincy,2017-12-09 10:04:14.017625
2003-08-23,24:00,,,,0.0,,0.0,99999.0,,0.0,0,"Quincy, Grant County",330073,Quincy,2017-12-09 10:04:14.017625
2003-08-23,00:15,63.0,,47.3,56.6,0.0,W@3.2,3.2,77.8,0.0,0,"Quincy, Grant County",330073,Quincy,2017-12-09 10:04:14.017625
2003-08-23,00:30,63.4,,46.3,53.5,0.0,W@4.0,4.0,77.7,0.0,0,"Quincy, Grant County",330073,Quincy,2017-12-09 10:04:14.017625
2003-08-23,00:45,63.5,,46.1,53.1,0.0,W@3.8,3.8,77.6,0.0,0,"Quincy, Grant County",330073,Quincy,2017-12-09 10:04:14.017625
2003-08-23,01:00,63.0,,46.0,53.8,0.0,W@4.6,4.6,77.6,0.0,0,"Quincy, Grant County",330073,Quincy,2017-12-09 10:04:14.017625
2003-08-23,01:15,62.3,,46.2,55.5,0.0,W@3.7,3.7,77.5,0.0,0,"Quincy, Grant County",330073,Quincy,2017-12-09 10:04:14.017625
2003-08-23,01:30,62.0,,46.2,56.1,0.0,W@4.1,4.1,77.4,0.0,0,"Quincy, Grant County",330073,Quincy,2017-12-09 10:04:14.017625
2003-08-23,01:45,61.9,,46.1,56.1,0.0,W@4.6,4.6,77.4,0.0,0,"Quincy, Grant County",330073,Quincy,2017-12-09 10:04:14.017625
2003-08-23,02:00,61.7,,46.1,56.5,0.0,NW@3.0,3.0,77.3,0.0,0,"Quincy, Grant County",330073,Quincy,2017-12-09 10:04:14.017625
2003-08-23,02:15,60.9,,46.1,58.2,0.0,NW@3.4,3.4,77.3,0.0,0,"Quincy, Grant County",330073,Quincy,2017-12-09 10:04:14.017625
2003-08-23,02:30,60.6,,46.1,58.7,0.0,N@3.3,3.3,77.2,0.0,0,"Quincy, Grant County",330073,Quincy,2017-12-09 10:04:14.017625
2003-08-23,02:45,60.3,,45.7,58.4,0.0,NW@3.8,3.8,77.1,0.0,0,"Quincy, Grant County",330073,Quincy,2017-12-09 10:04:14.017625
2003-08-23,03:00,60.4,,45.3,57.4,0.0,NW@4.3,4.3,77.0,0.0,0,"Quincy, Grant County",330073,Quincy,2017-12-09 10:04:14.017625
2003-08-23,03:15,60.1,,45.2,57.7,0.0,NW@2.9,2.9,77.0,0.0,0,"Quincy, Grant County",330073,Quincy,2017-12-09 10:04:14.017625
2003-08-23,03:30,59.5,,45.0,58.5,0.0,NW@2.7,2.7,76.9,0.0,0,"Quincy, Grant County",330073,Quincy,2017-12-09 10:04:14.017625
2003-08-23,03:45,59.3,,44.5,57.8,0.0,W@3.4,3.4,76.9,0.0,0,"Quincy, Grant County",330073,Quincy,2017-12-09 10:04:14.017625
2003-08-23,04:00,59.3,,43.7,56.2,0.0,W@3.6,3.6,76.8,0.0,0,"Quincy, Grant County",330073,Quincy,2017-12-09 10:04:14.017625
2003-08-23,04:15,58.8,,43.9,57.6,0.0,W@3.4,3.4,76.7,0.0,0,"Quincy, Grant County",330073,Quincy,2017-12-09 10:04:14.017625
2003-08-23,04:30,57.1,,44.5,62.8,0.0,W@2.3,2.3,76.7,0.0,0,"Quincy, Grant County",330073,Quincy,2017-12-09 10:04:14.017625
2003-08-23,04:45,56.7,,43.7,61.5,0.0,W@3.0,3.0,76.6,0.0,0,"Quincy, Grant County",330073,Quincy,2017-12-09 10:04:14.017625
2003-08-23,05:00,56.5,,43.8,62.3,0.0,W@3.4,3.4,76.5,0.0,1,"Quincy, Grant County",330073,Quincy,2017-12-09 10:04:14.017625
2003-08-23,05:15,56.2,,43.6,62.6,0.0,W@2.8,2.8,76.4,0.0,5,"Quincy, Grant County",330073,Quincy,2017-12-09 10:04:14.017625
2003-08-23,05:30,55.9,,43.6,63.2,0.0,W@2.2,2.2,76.4,0.0,18,"Quincy, Grant County",330073,Quincy,2017-12-09 10:04:14.017625
2003-08-23,05:45,55.9,,43.7,63.6,0.0,W@2.1,2.1,76.4,0.0,49,"Quincy, Grant County",330073,Quincy,2017-12-09 10:04:14.017625
2003-08-23,06:00,56.9,,43.9,61.6,0.0,W@1.5,1.5,76.3,0.0,117,"Quincy, Grant County",330073,Quincy,2017-12-09 10:04:14.017625
2003-08-23,06:15,58.4,,43.0,56.5,0.0,NW@2.2,2.2,76.2,0.0,174,"Quincy, Grant County",330073,Quincy,2017-12-09 10:04:14.017625
2003-08-23,06:30,58.9,,42.5,54.3,0.0,NW@1.9,1.9,76.1,0.0,107,"Quincy, Grant County",330073,Quincy,2017-12-09 10:04:14.017625
2003-08-23,06:45,59.0,,42.1,53.4,0.0,NW@2.1,2.1,76.1,0.0,210,"Quincy, Grant County",330073,Quincy,2017-12-09 10:04:14.017625
2003-08-23,07:00,60.4,,42.0,50.5,0.0,NW@4.1,4.1,75.9,0.0,282,"Quincy, Grant County",330073,Quincy,2017-12-09 10:04:14.017625
2003-08-23,07:15,60.6,,41.9,50.0,0.0,NW@4.8,4.8,75.8,0.0,317,"Quincy, Grant County",330073,Quincy,2017-12-09 10:04:14.017625
2003-08-23,07:30,61.4,,42.0,48.7,0.0,NW@4.2,4.2,75.8,0.0,398,"Quincy, Grant County",330073,Quincy,2017-12-09 10:04:14.017625
2003-08-23,07:45,60.6,,41.7,49.6,0.0,NW@4.5,4.5,75.7,0.0,235,"Quincy, Grant County",330073,Quincy,2017-12-09 10:04:14.017625
2003-08-23,08:00,61.6,,42.0,48.5,0.0,W@4.5,4.5,75.7,0.0,390,"Quincy, Grant County",330073,Quincy,2017-12-09 10:04:14.017625
2003-08-23,08:15,62.4,,42.6,48.4,0.0,W@4.4,4.4,75.5,0.0,480,"Quincy, Grant County",330073,Quincy,2017-12-09 10:04:14.017625
2003-08-23,08:30,62.8,,42.8,47.9,0.0,W@4.6,4.6,75.5,0.0,417,"Quincy, Grant County",330073,Quincy,2017-12-09 10:04:14.017625
2003-08-23,08:45,63.3,,43.1,47.7,0.0,W@4.4,4.4,75.4,0.0,500,"Quincy, Grant County",330073,Quincy,2017-12-09 10:04:14.017625
2003-08-23,09:00,64.3,,42.9,45.5,0.0,W@4.1,4.1,75.3,0.0,536,"Quincy, Grant County",330073,Quincy,2017-12-09 10:04:14.017625
2003-08-23,09:15,66.3,,43.3,43.3,0.0,W@2.9,2.9,75.2,0.0,665,"Quincy, Grant County",330073,Quincy,2017-12-09 10:04:14.017625
2003-08-23,09:30,67.8,,43.5,41.4,0.0,W@2.8,2.8,75.1,0.0,674,"Quincy, Grant County",330073,Quincy,2017-12-09 10:04:14.017625
2003-08-23,09:45,68.1,,43.4,40.8,0.0,W@3.5,3.5,75.0,0.0,720,"Quincy, Grant County",330073,Quincy,2017-12-09 10:04:14.017625
2003-08-23,10:00,68.6,,43.6,40.3,0.0,SW@3.7,3.7,75.0,0.0,796,"Quincy, Grant County",330073,Quincy,2017-12-09 10:04:14.017625
2003-08-23,10:15,69.0,,42.5,38.2,0.0,S@3.2,3.2,74.9,0.0,726,"Quincy, Grant County",330073,Quincy,2017-12-09 10:04:14.017625
2003-08-23,10:30,69.0,,41.4,36.7,0.0,S@2.2,2.2,75.0,0.0,651,"Quincy, Grant County",330073,Quincy,2017-12-09 10:04:14.017625
2003-08-23,10:45,69.1,,41.1,36.1,0.0,SE@3.1,3.1,75.0,0.0,613,"Quincy, Grant County",330073,Quincy,2017-12-09 10:04:14.017625
2003-08-23,11:00,69.7,,42.3,37.1,0.0,SE@3.0,3.0,75.1,0.0,732,"Quincy, Grant County",330073,Quincy,2017-12-09 10:04:14.017625
2003-08-23,11:15,70.2,,42.2,36.2,0.0,S@2.0,2.0,75.1,0.0,517,"Quincy, Grant County",330073,Quincy,2017-12-09 10:04:14.017625
2003-08-23,11:30,70.6,,43.2,37.2,0.0,SE@2.3,2.3,75.1,0.0,698,"Quincy, Grant County",330073,Quincy,2017-12-09 10:04:14.017625
2003-08-23,11:45,71.3,,42.3,35.0,0.0,SE@3.2,3.2,75.1,0.0,789,"Quincy, Grant County",330073,Quincy,2017-12-09 10:04:14.017625
2003-08-23,12:00,71.9,,43.2,35.5,0.0,E@4.1,4.1,75.2,0.0,831,"Quincy, Grant County",330073,Quincy,2017-12-09 10:04:14.017625
2003-08-23,12:15,71.3,,43.3,36.5,0.0,SE@4.3,4.3,75.3,0.0,593,"Quincy, Grant County",330073,Quincy,2017-12-09 10:04:14.017625
2003-08-23,12:30,71.0,,44.0,37.8,0.0,SE@4.0,4.0,75.3,0.0,420,"Quincy, Grant County",330073,Quincy,2017-12-09 10:04:14.017625
2003-08-23,12:45,70.6,,43.0,36.8,0.0,E@4.3,4.3,75.3,0.0,426,"Quincy, Grant County",330073,Quincy,2017-12-09 10:04:14.017625
2003-08-23,13:00,72.4,,43.9,35.9,0.0,E@4.4,4.4,75.4,0.0,1010,"Quincy, Grant County",330073,Quincy,2017-12-09 10:04:14.017625
2003-08-23,13:15,73.4,,45.0,36.2,0.0,E@6.0,6.0,75.5,0.0,1036,"Quincy, Grant County",330073,Quincy,2017-12-09 10:04:14.017625
2003-08-23,13:30,73.7,,43.8,34.2,0.0,E@6.4,6.4,75.5,0.0,1105,"Quincy, Grant County",330073,Quincy,2017-12-09 10:04:14.017625
2003-08-23,13:45,73.8,,44.6,35.1,0.0,E@6.8,6.8,75.6,0.0,891,"Quincy, Grant County",330073,Quincy,2017-12-09 10:04:14.017625
2003-08-23,14:00,73.5,,43.1,33.5,0.0,NE@7.1,7.1,75.7,0.0,885,"Quincy, Grant County",330073,Quincy,2017-12-09 10:04:14.017625
2003-08-23,14:15,74.6,,43.9,33.3,0.0,E@7.3,7.3,75.8,0.0,1058,"Quincy, Grant County",330073,Quincy,2017-12-09 10:04:14.017625
2003-08-23,14:30,75.0,,45.1,34.5,0.0,NE@7.7,7.7,75.9,0.0,966,"Quincy, Grant County",330073,Quincy,2017-12-09 10:04:14.017625
2003-08-23,14:45,74.9,,43.2,32.1,0.0,NE@6.2,6.2,76.0,0.0,834,"Quincy, Grant County",330073,Quincy,2017-12-09 10:04:14.017625
2003-08-23,15:00,75.3,,42.7,31.2,0.0,NE@5.7,5.7,76.2,0.0,746,"Quincy, Grant County",330073,Quincy,2017-12-09 10:04:14.017625
2003-08-23,15:15,75.2,,43.0,31.6,0.0,NE@7.1,7.1,76.2,0.0,680,"Quincy, Grant County",330073,Quincy,2017-12-09 10:04:14.017625
2003-08-23,15:30,75.2,,43.8,32.6,0.0,E@6.2,6.2,76.4,0.0,621,"Quincy, Grant County",330073,Quincy,2017-12-09 10:04:14.017625
2003-08-23,15:45,75.1,,43.9,32.8,0.0,NE@5.7,5.7,76.5,0.0,576,"Quincy, Grant County",330073,Quincy,2017-12-09 10:04:14.017625
2003-08-23,16:00,75.1,,43.4,32.1,0.0,NE@5.2,5.2,76.6,0.0,530,"Quincy, Grant County",330073,Quincy,2017-12-09 10:04:14.017625
2003-08-23,16:15,75.1,,43.2,32.0,0.0,E@5.7,5.7,76.7,0.0,483,"Quincy, Grant County",330073,Quincy,2017-12-09 10:04:14.017625
2003-08-23,16:30,75.0,,43.3,32.1,0.0,E@5.3,5.3,76.8,0.0,414,"Quincy, Grant County",330073,Quincy,2017-12-09 10:04:14.017625
2003-08-23,16:45,74.9,,44.3,33.5,0.0,E@3.7,3.7,76.9,0.0,332,"Quincy, Grant County",330073,Quincy,2017-12-09 10:04:14.017625
2003-08-23,17:00,74.2,,44.5,34.6,0.0,E@3.6,3.6,77.1,0.0,222,"Quincy, Grant County",330073,Quincy,2017-12-09 10:04:14.017625
2003-08-23,17:15,74.1,,45.3,35.7,0.0,E@3.9,3.9,77.2,0.0,254,"Quincy, Grant County",330073,Quincy,2017-12-09 10:04:14.017625
2003-08-23,17:30,73.1,,45.2,36.8,0.0,E@3.7,3.7,77.3,0.0,130,"Quincy, Grant County",330073,Quincy,2017-12-09 10:04:14.017625
2003-08-23,17:45,71.3,,45.1,38.9,0.0,E@1.4,1.4,77.5,0.0,56,"Quincy, Grant County",330073,Quincy,2017-12-09 10:04:14.017625
2003-08-23,18:00,70.2,,47.1,43.7,0.0,NE@1.1,1.1,77.6,0.0,68,"Quincy, Grant County",330073,Quincy,2017-12-09 10:04:14.017625
2003-08-23,18:15,67.6,,48.5,50.3,0.0,NE@1.1,1.1,77.6,0.0,42,"Quincy, Grant County",330073,Quincy,2017-12-09 10:04:14.017625
2003-08-23,18:30,64.8,,53.1,65.7,0.0,W@0.9,0.9,77.7,0.0,21,"Quincy, Grant County",330073,Quincy,2017-12-09 10:04:14.017625
2003-08-23,18:45,61.4,,52.7,73.0,0.0,W@0.9,0.9,77.8,0.0,11,"Quincy, Grant County",330073,Quincy,2017-12-09 10:04:14.017625
2003-08-23,19:00,59.9,,52.5,76.3,0.0,W@0.9,0.9,77.9,0.0,4,"Quincy, Grant County",330073,Quincy,2017-12-09 10:04:14.017625
2003-08-23,19:15,59.1,,52.0,77.2,0.0,W@0.9,0.9,78.0,0.0,1,"Quincy, Grant County",330073,Quincy,2017-12-09 10:04:14.017625
2003-08-23,19:30,60.2,,49.7,68.3,0.0,N@0.9,0.9,78.1,0.0,0,"Quincy, Grant County",330073,Quincy,2017-12-09 10:04:14.017625
2003-08-23,19:45,61.9,,48.1,60.3,0.0,N@0.9,0.9,78.2,0.0,0,"Quincy, Grant County",330073,Quincy,2017-12-09 10:04:14.017625
2003-08-23,20:00,60.1,,49.1,67.0,0.0,NW@1.1,1.1,78.3,0.0,0,"Quincy, Grant County",330073,Quincy,2017-12-09 10:04:14.017625
2003-08-23,20:15,60.7,,49.0,65.2,0.0,W@1.2,1.2,78.4,0.0,0,"Quincy, Grant County",330073,Quincy,2017-12-09 10:04:14.017625
2003-08-23,20:30,60.8,,46.0,58.0,0.0,W@1.4,1.4,78.4,0.0,0,"Quincy, Grant County",330073,Quincy,2017-12-09 10:04:14.017625
2003-08-23,20:45,64.4,,40.2,40.9,0.0,W@2.3,2.3,78.4,0.0,0,"Quincy, Grant County",330073,Quincy,2017-12-09 10:04:14.017625
2003-08-23,21:00,64.5,,40.5,41.3,0.0,W@2.3,2.3,78.4,0.0,0,"Quincy, Grant County",330073,Quincy,2017-12-09 10:04:14.017625
2003-08-23,21:15,64.1,,40.8,42.4,0.0,NW@2.0,2.0,78.4,0.0,0,"Quincy, Grant County",330073,Quincy,2017-12-09 10:04:14.017625
2003-08-23,21:30,63.4,,40.8,43.3,0.0,NW@2.0,2.0,78.4,0.0,0,"Quincy, Grant County",330073,Quincy,2017-12-09 10:04:14.017625
2003-08-23,21:45,64.1,,39.5,40.4,0.0,NW@2.7,2.7,78.4,0.0,0,"Quincy, Grant County",330073,Quincy,2017-12-09 10:04:14.017625
2003-08-23,22:00,64.0,,39.9,41.1,0.0,NW@2.4,2.4,78.4,0.0,0,"Quincy, Grant County",330073,Quincy,2017-12-09 10:04:14.017625
2003-08-23,22:15,64.4,,39.3,39.5,0.0,NW@3.5,3.5,78.4,0.0,0,"Quincy, Grant County",330073,Quincy,2017-12-09 10:04:14.017625
2003-08-23,22:30,64.9,,39.2,38.6,0.0,W@4.4,4.4,78.3,0.0,0,"Quincy, Grant County",330073,Quincy,2017-12-09 10:04:14.017625
2003-08-23,22:45,64.3,,39.2,39.5,0.0,W@3.6,3.6,78.3,0.0,0,"Quincy, Grant County",330073,Quincy,2017-12-09 10:04:14.017625
2003-08-23,23:00,63.7,,40.4,42.2,0.0,W@2.5,2.5,78.3,0.0,0,"Quincy, Grant County",330073,Quincy,2017-12-09 10:04:14.017625
2003-08-24,23:15,62.3,,41.7,46.7,0.0,W@3.4,3.4,78.2,0.0,0,"Quincy, Grant County",330073,Quincy,2017-12-09 10:04:14.017625
2003-08-24,23:30,62.0,,41.6,47.1,0.0,W@3.0,3.0,78.2,0.0,0,"Quincy, Grant County",330073,Quincy,2017-12-09 10:04:14.017625
2003-08-24,23:45,62.4,,40.5,44.6,0.0,W@3.6,3.6,78.1,0.0,0,"Quincy, Grant County",330073,Quincy,2017-12-09 10:04:14.017625
2003-08-24,24:00,,,,0.0,,0.0,99999.0,,0.0,0,"Quincy, Grant County",330073,Quincy,2017-12-09 10:04:14.017625
2003-08-24,00:15,63.7,,39.5,41.0,0.0,W@3.6,3.6,78.0,0.0,0,"Quincy, Grant County",330073,Quincy,2017-12-09 10:04:14.017625
2003-08-24,00:30,63.6,,39.4,40.9,0.0,W@4.2,4.2,77.9,0.0,0,"Quincy, Grant County",330073,Quincy,2017-12-09 10:04:14.017625
2003-08-24,00:45,62.8,,39.6,42.3,0.0,W@4.2,4.2,77.8,0.0,0,"Quincy, Grant County",330073,Quincy,2017-12-09 10:04:14.017625
2003-08-24,01:00,62.3,,39.9,43.5,0.0,W@3.2,3.2,77.8,0.0,0,"Quincy, Grant County",330073,Quincy,2017-12-09 10:04:14.017625
2003-08-24,01:15,61.5,,40.1,45.2,0.0,W@3.6,3.6,77.7,0.0,0,"Quincy, Grant County",330073,Quincy,2017-12-09 10:04:14.017625
2003-08-24,01:30,60.9,,40.4,46.7,0.0,W@2.6,2.6,77.6,0.0,0,"Quincy, Grant County",330073,Quincy,2017-12-09 10:04:14.017625
2003-08-24,01:45,60.4,,40.6,47.9,0.0,W@2.5,2.5,77.6,0.0,0,"Quincy, Grant County",330073,Quincy,2017-12-09 10:04:14.017625
2003-08-24,02:00,60.2,,40.5,48.1,0.0,W@3.3,3.3,77.5,0.0,0,"Quincy, Grant County",330073,Quincy,2017-12-09 10:04:14.017625
2003-08-24,02:15,60.4,,40.3,47.4,0.0,W@3.9,3.9,77.5,0.0,0,"Quincy, Grant County",330073,Quincy,2017-12-09 10:04:14.017625
2003-08-24,02:30,60.2,,40.4,47.9,0.0,W@3.6,3.6,77.4,0.0,0,"Quincy, Grant County",330073,Quincy,2017-12-09 10:04:14.017625
2003-08-24,02:45,59.5,,41.0,50.2,0.0,W@3.4,3.4,77.3,0.0,0,"Quincy, Grant County",330073,Quincy,2017-12-09 10:04:14.017625
2003-08-24,03:00,59.4,,40.9,50.2,0.0,W@3.4,3.4,77.2,0.0,0,"Quincy, Grant County",330073,Quincy,2017-12-09 10:04:14.017625
2003-08-24,03:15,59.3,,40.8,50.2,0.0,W@4.0,4.0,77.2,0.0,0,"Quincy, Grant County",330073,Quincy,2017-12-09 10:04:14.017625
2003-08-24,03:30,59.1,,40.8,50.5,0.0,W@3.3,3.3,77.1,0.0,0,"Quincy, Grant County",330073,Quincy,2017-12-09 10:04:14.017625
2003-08-24,03:45,59.1,,40.8,50.6,0.0,W@4.1,4.1,77.0,0.0,0,"Quincy, Grant County",330073,Quincy,2017-12-09 10:04:14.017625
2003-08-24,04:00,58.9,,40.8,50.9,0.0,W@4.3,4.3,76.9,0.0,0,"Quincy, Grant County",330073,Quincy,2017-12-09 10:04:14.017625
2003-08-24,04:15,58.8,,40.8,51.1,0.0,W@4.7,4.7,76.9,0.0,0,"Quincy, Grant County",330073,Quincy,2017-12-09 10:04:14.017625
2003-08-24,04:30,58.9,,40.7,50.8,0.0,W@4.9,4.9,76.8,0.0,0,"Quincy, Grant County",330073,Quincy,2017-12-09 10:04:14.017625
2003-08-24,04:45,58.6,,40.8,51.5,0.0,W@4.9,4.9,76.7,0.0,0,"Quincy, Grant County",330073,Quincy,2017-12-09 10:04:14.017625
2003-08-24,05:00,58.3,,41.0,52.5,0.0,W@4.3,4.3,76.6,0.0,1,"Quincy, Grant County",330073,Quincy,2017-12-09 10:04:14.017625
2003-08-24,05:15,58.0,,41.4,53.8,0.0,W@4.9,4.9,76.6,0.0,5,"Quincy, Grant County",330073,Quincy,2017-12-09 10:04:14.017625
2003-08-24,05:30,57.8,,41.5,54.4,0.0,W@4.9,4.9,76.5,0.0,22,"Quincy, Grant County",330073,Quincy,2017-12-09 10:04:14.017625
2003-08-24,05:45,58.0,,41.8,54.7,0.0,W@3.3,3.3,76.5,0.0,49,"Quincy, Grant County",330073,Quincy,2017-12-09 10:04:14.017625
2003-08-24,06:00,58.9,,42.1,53.6,0.0,W@3.5,3.5,76.4,0.0,128,"Quincy, Grant County",330073,Quincy,2017-12-09 10:04:14.017625
2003-08-24,06:15,60.0,,43.5,54.3,0.0,W@3.3,3.3,76.3,0.0,205,"Quincy, Grant County",330073,Quincy,2017-12-09 10:04:14.017625
2003-08-24,06:30,60.3,,44.2,55.3,0.0,W@2.4,2.4,76.2,0.0,163,"Quincy, Grant County",330073,Quincy,2017-12-09 10:04:14.017625
2003-08-24,06:45,59.8,,46.1,60.5,0.0,W@1.7,1.7,76.1,0.0,144,"Quincy, Grant County",330073,Quincy,2017-12-09 10:04:14.017625
2003-08-24,07:00,59.1,,46.3,62.3,0.0,W@3.8,3.8,76.1,0.0,236,"Quincy, Grant County",330073,Quincy,2017-12-09 10:04:14.017625
2003-08-24,07:15,61.1,,45.4,56.3,0.0,W@4.2,4.2,76.0,0.0,344,"Quincy, Grant County",330073,Quincy,2017-12-09 10:04:14.017625
2003-08-24,07:30,63.0,,43.4,48.7,0.0,W@3.8,3.8,75.8,0.0,395,"Quincy, Grant County",330073,Quincy,2017-12-09 10:04:14.017625
2003-08-24,07:45,63.6,,44.1,48.9,0.0,W@4.2,4.2,75.7,0.0,387,"Quincy, Grant County",330073,Quincy,2017-12-09 10:04:14.017625
2003-08-24,08:00,64.3,,44.9,49.3,0.0,W@4.1,4.1,75.7,0.0,455,"Quincy, Grant County",330073,Quincy,2017-12-09 10:04:14.017625
2003-08-24,08:15,65.2,,44.5,47.0,0.0,W@4.2,4.2,75.6,0.0,496,"Quincy, Grant County",330073,Quincy,2017-12-09 10:04:14.017625
2003-08-24,08:30,65.6,,44.5,46.2,0.0,W@4.6,4.6,75.5,0.0,537,"Quincy, Grant County",330073,Quincy,2017-12-09 10:04:14.017625
2003-08-24,08:45,66.5,,45.3,46.3,0.0,W@4.0,4.0,75.4,0.0,576,"Quincy, Grant County",330073,Quincy,2017-12-09 10:04:14.017625
2003-08-24,09:00,67.2,,45.3,45.2,0.0,W@3.9,3.9,75.4,0.0,614,"Quincy, Grant County",330073,Quincy,2017-12-09 10:04:14.017625
2003-08-24,09:15,68.3,,45.2,43.4,0.0,W@3.8,3.8,75.3,0.0,648,"Quincy, Grant County",330073,Quincy,2017-12-09 10:04:14.017625
2003-08-24,09:30,68.8,,44.5,41.6,0.0,W@4.0,4.0,75.3,0.0,682,"Quincy, Grant County",330073,Quincy,2017-12-09 10:04:14.017625
2003-08-24,09:45,69.6,,44.5,40.4,0.0,W@3.7,3.7,75.2,0.0,712,"Quincy, Grant County",330073,Quincy,2017-12-09 10:04:14.017625
2003-08-24,10:00,70.6,,44.5,39.0,0.0,SW@3.6,3.6,75.2,0.0,740,"Quincy, Grant County",330073,Quincy,2017-12-09 10:04:14.017625
2003-08-24,10:15,71.8,,44.3,37.3,0.0,SW@2.5,2.5,75.2,0.0,767,"Quincy, Grant County",330073,Quincy,2017-12-09 10:04:14.017625
2003-08-24,10:30,72.6,,43.0,34.5,0.0,SW@2.5,2.5,75.2,0.0,789,"Quincy, Grant County",330073,Quincy,2017-12-09 10:04:14.017625
2003-08-24,10:45,73.3,,42.8,33.3,0.0,S@2.7,2.7,75.2,0.0,728,"Quincy, Grant County",330073,Quincy,2017-12-09 10:04:14.017625
2003-08-24,11:00,74.0,,42.3,31.9,0.0,SE@2.5,2.5,75.2,0.0,830,"Quincy, Grant County",330073,Quincy,2017-12-09 10:04:14.017625
2003-08-24,11:15,74.6,,42.0,31.0,0.0,S@2.0,2.0,75.3,0.0,828,"Quincy, Grant County",330073,Quincy,2017-12-09 10:04:14.017625
2003-08-24,11:30,75.5,,43.9,32.4,0.0,E@3.7,3.7,75.3,0.0,849,"Quincy, Grant County",330073,Quincy,2017-12-09 10:04:14.017625
2003-08-24,11:45,75.3,,43.3,31.8,0.0,E@4.0,4.0,75.4,0.0,850,"Quincy, Grant County",330073,Quincy,2017-12-09 10:04:14.017625
2003-08-24,12:00,75.7,,44.0,32.2,0.0,E@4.7,4.7,75.5,0.0,857,"Quincy, Grant County",330073,Quincy,2017-12-09 10:04:14.017625
2003-08-24,12:15,76.2,,44.7,32.6,0.0,E@4.7,4.7,75.5,0.0,853,"Quincy, Grant County",330073,Quincy,2017-12-09 10:04:14.017625
2003-08-24,12:30,77.0,,45.1,32.3,0.0,SE@4.0,4.0,75.6,0.0,844,"Quincy, Grant County",330073,Quincy,2017-12-09 10:04:14.017625
2003-08-24,12:45,77.4,,45.0,31.8,0.0,E@4.8,4.8,75.6,0.0,849,"Quincy, Grant County",330073,Quincy,2017-12-09 10:04:14.017625
2003-08-24,13:00,78.3,,44.4,30.1,0.0,E@4.5,4.5,75.7,0.0,844,"Quincy, Grant County",330073,Quincy,2017-12-09 10:04:14.017625
2003-08-24,13:15,78.9,,43.3,28.3,0.0,E@4.9,4.9,75.8,0.0,837,"Quincy, Grant County",330073,Quincy,2017-12-09 10:04:14.017625
2003-08-24,13:30,79.4,,43.7,28.2,0.0,E@4.7,4.7,75.8,0.0,808,"Quincy, Grant County",330073,Quincy,2017-12-09 10:04:14.017625
2003-08-24,13:45,79.8,,43.5,27.6,0.0,E@5.6,5.6,76.0,0.0,794,"Quincy, Grant County",330073,Quincy,2017-12-09 10:04:14.017625
2003-08-24,14:00,80.4,,43.8,27.4,0.0,E@6.2,6.2,76.1,0.0,750,"Quincy, Grant County",330073,Quincy,2017-12-09 10:04:14.017625
2003-08-24,14:15,81.1,,43.0,26.0,0.0,E@4.9,4.9,76.2,0.0,741,"Quincy, Grant County",330073,Quincy,2017-12-09 10:04:14.017625
2003-08-24,14:30,81.2,,45.9,28.9,0.0,E@6.7,6.7,76.3,0.0,713,"Quincy, Grant County",330073,Quincy,2017-12-09 10:04:14.017625
2003-08-24,14:45,80.7,,45.4,28.8,0.0,E@6.5,6.5,76.4,0.0,693,"Quincy, Grant County",330073,Quincy,2017-12-09 10:04:14.017625
2003-08-24,15:00,81.3,,45.8,28.7,0.0,E@5.8,5.8,76.6,0.0,643,"Quincy, Grant County",330073,Quincy,2017-12-09 10:04:14.017625
2003-08-24,15:15,81.6,,45.4,28.0,0.0,E@6.1,6.1,76.7,0.0,609,"Quincy, Grant County",330073,Quincy,2017-12-09 10:04:14.017625
2003-08-24,15:30,82.4,,45.1,26.9,0.0,E@3.2,3.2,76.9,0.0,526,"Quincy, Grant County",330073,Quincy,2017-12-09 10:04:14.017625
2003-08-24,15:45,83.7,,47.5,28.4,0.0,SW@3.1,3.1,77.1,0.0,530,"Quincy, Grant County",330073,Quincy,2017-12-09 10:04:14.017625
2003-08-24,16:00,82.9,,46.3,27.9,0.0,S@5.0,5.0,77.2,0.0,522,"Quincy, Grant County",330073,Quincy,2017-12-09 10:04:14.017625
2003-08-24,16:15,83.2,,48.3,29.6,0.0,SW@3.9,3.9,77.4,0.0,530,"Quincy, Grant County",330073,Quincy,2017-12-09 10:04:14.017625
2003-08-24,16:30,83.6,,49.1,30.2,0.0,W@2.3,2.3,77.5,0.0,494,"Quincy, Grant County",330073,Quincy,2017-12-09 10:04:14.017625
2003-08-24,16:45,84.6,,51.2,31.6,0.0,NW@1.2,1.2,77.7,0.0,440,"Quincy, Grant County",330073,Quincy,2017-12-09 10:04:14.017625
2003-08-24,17:00,84.0,,50.7,31.6,0.0,SE@1.8,1.8,77.8,0.0,366,"Quincy, Grant County",330073,Quincy,2017-12-09 10:04:14.017625
2003-08-24,17:15,82.0,,55.9,40.8,0.0,SW@1.6,1.6,77.9,0.0,315,"Quincy, Grant County",330073,Quincy,2017-12-09 10:04:14.017625
2003-08-24,17:30,81.6,,55.7,41.1,0.0,S@1.2,1.2,78.0,0.0,282,"Quincy, Grant County",330073,Quincy,2017-12-09 10:04:14.017625
2003-08-24,17:45,79.9,,60.2,51.1,0.0,W@0.9,0.9,78.1,0.0,235,"Quincy, Grant County",330073,Quincy,2017-12-09 10:04:14.017625
2003-08-24,18:00,78.1,,58.5,51.0,0.0,NW@0.9,0.9,78.3,0.0,178,"Quincy, Grant County",330073,Quincy,2017-12-09 10:04:14.017625
2003-08-24,18:15,74.2,,58.1,57.2,0.0,NW@1.1,1.1,78.4,0.0,120,"Quincy, Grant County",330073,Quincy,2017-12-09 10:04:14.017625
2003-08-24,18:30,71.4,,56.9,60.2,0.0,W@1.7,1.7,78.5,0.0,48,"Quincy, Grant County",330073,Quincy,2017-12-09 10:04:14.017625
2003-08-24,18:45,70.2,,54.8,58.0,0.0,W@2.0,2.0,78.5,0.0,18,"Quincy, Grant County",330073,Quincy,2017-12-09 10:04:14.017625
2003-08-24,19:00,69.8,,51.5,52.0,0.0,NW@1.1,1.1,78.5,0.0,4,"Quincy, Grant County",330073,Quincy,2017-12-09 10:04:14.017625
2003-08-24,19:15,70.6,,48.1,44.7,0.0,N@1.0,1.0,78.6,0.0,1,"Quincy, Grant County",330073,Quincy,2017-12-09 10:04:14.017625
2003-08-24,19:30,69.0,,47.6,46.4,0.0,NW@1.1,1.1,78.7,0.0,0,"Quincy, Grant County",330073,Quincy,2017-12-09 10:04:14.017625
2003-08-24,19:45,69.1,,45.9,43.3,0.0,NW@1.9,1.9,78.8,0.0,0,"Quincy, Grant County",330073,Quincy,2017-12-09 10:04:14.017625
2003-08-24,20:00,73.1,,45.0,36.6,0.0,NW@2.2,2.2,78.9,0.0,0,"Quincy, Grant County",330073,Quincy,2017-12-09 10:04:14.017625
2003-08-24,20:15,73.1,,45.1,36.6,0.0,N@1.8,1.8,79.0,0.0,0,"Quincy, Grant County",330073,Quincy,2017-12-09 10:04:14.017625
2003-08-24,20:30,72.9,,44.8,36.5,0.0,N@2.6,2.6,79.1,0.0,0,"Quincy, Grant County",330073,Quincy,2017-12-09 10:04:14.017625
2003-08-24,20:45,73.2,,44.6,35.9,0.0,NW@2.9,2.9,79.2,0.0,0,"Quincy, Grant County",330073,Quincy,2017-12-09 10:04:14.017625
2003-08-24,21:00,73.0,,44.3,35.7,0.0,N@3.3,3.3,79.2,0.0,0,"Quincy, Grant County",330073,Quincy,2017-12-09 10:04:14.017625
2003-08-24,21:15,72.4,,44.3,36.4,0.0,N@2.2,2.2,79.3,0.0,0,"Quincy, Grant County",330073,Quincy,2017-12-09 10:04:14.017625
2003-08-24,21:30,71.9,,44.3,37.0,0.0,N@2.3,2.3,79.3,0.0,0,"Quincy, Grant County",330073,Quincy,2017-12-09 10:04:14.017625
2003-08-24,21:45,71.0,,45.1,39.4,0.0,N@2.1,2.1,79.3,0.0,0,"Quincy, Grant County",330073,Quincy,2017-12-09 10:04:14.017625
2003-08-24,22:00,69.0,,46.6,44.7,0.0,NW@1.4,1.4,79.3,0.0,0,"Quincy, Grant County",330073,Quincy,2017-12-09 10:04:14.017625
2003-08-24,22:15,69.0,,45.6,42.9,0.0,W@2.3,2.3,79.3,0.0,0,"Quincy, Grant County",330073,Quincy,2017-12-09 10:04:14.017625
2003-08-24,22:30,69.7,,44.8,40.6,0.0,W@3.3,3.3,79.3,0.0,0,"Quincy, Grant County",330073,Quincy,2017-12-09 10:04:14.017625
2003-08-24,22:45,70.5,,44.5,39.2,0.0,W@4.6,4.6,79.3,0.0,0,"Quincy, Grant County",330073,Quincy,2017-12-09 10:04:14.017625
2003-08-24,23:00,70.2,,45.1,40.5,0.0,W@2.6,2.6,79.3,0.0,0,"Quincy, Grant County",330073,Quincy,2017-12-09 10:04:14.017625
2003-08-25,23:15,69.2,,45.1,41.9,0.0,NW@1.8,1.8,79.3,0.0,0,"Quincy, Grant County",330073,Quincy,2017-12-09 10:04:14.017625
2003-08-25,23:30,69.1,,44.6,41.4,0.0,NW@2.8,2.8,79.2,0.0,0,"Quincy, Grant County",330073,Quincy,2017-12-09 10:04:14.017625
2003-08-25,23:45,69.4,,44.2,40.3,0.0,W@3.0,3.0,79.2,0.0,0,"Quincy, Grant County",330073,Quincy,2017-12-09 10:04:14.017625
2003-08-25,24:00,,,,0.0,,0.0,99999.0,,0.0,0,"Quincy, Grant County",330073,Quincy,2017-12-09 10:04:14.017625
2003-08-25,00:15,67.1,,45.4,45.6,0.0,W@2.7,2.7,79.1,0.0,0,"Quincy, Grant County",330073,Quincy,2017-12-09 10:04:14.017625
2003-08-25,00:30,68.4,,43.2,40.1,0.0,W@4.4,4.4,79.0,0.0,0,"Quincy, Grant County",330073,Quincy,2017-12-09 10:04:14.017625
2003-08-25,00:45,68.4,,43.3,40.2,0.0,W@3.6,3.6,79.0,0.0,0,"Quincy, Grant County",330073,Quincy,2017-12-09 10:04:14.017625
2003-08-25,01:00,67.4,,43.4,41.8,0.0,W@3.7,3.7,78.9,0.0,0,"Quincy, Grant County",330073,Quincy,2017-12-09 10:04:14.017625
2003-08-25,01:15,66.2,,43.6,43.9,0.0,W@3.0,3.0,78.9,0.0,0,"Quincy, Grant County",330073,Quincy,2017-12-09 10:04:14.017625
2003-08-25,01:30,66.1,,43.3,43.5,0.0,W@2.5,2.5,78.8,0.0,0,"Quincy, Grant County",330073,Quincy,2017-12-09 10:04:14.017625
2003-08-25,01:45,65.6,,44.2,45.8,0.0,W@2.5,2.5,78.8,0.0,0,"Quincy, Grant County",330073,Quincy,2017-12-09 10:04:14.017625
2003-08-25,02:00,65.2,,43.5,45.2,0.0,W@3.6,3.6,78.7,0.0,0,"Quincy, Grant County",330073,Quincy,2017-12-09 10:04:14.017625
2003-08-25,02:15,65.8,,43.3,44.0,0.0,W@3.6,3.6,78.6,0.0,0,"Quincy, Grant County",330073,Quincy,2017-12-09 10:04:14.017625
2003-08-25,02:30,64.9,,43.6,46.0,0.0,W@2.9,2.9,78.5,0.0,0,"Quincy, Grant County",330073,Quincy,2017-12-09 10:04:14.017625
2003-08-25,02:45,64.7,,42.9,45.0,0.0,W@3.0,3.0,78.5,0.0,0,"Quincy, Grant County",330073,Quincy,2017-12-09 10:04:14.017625
2003-08-25,03:00,63.9,,43.7,47.7,0.0,W@3.2,3.2,78.4,0.0,0,"Quincy, Grant County",330073,Quincy,2017-12-09 10:04:14.017625
2003-08-25,03:15,64.1,,42.8,45.8,0.0,W@3.7,3.7,78.4,0.0,0,"Quincy, Grant County",330073,Quincy,2017-12-09 10:04:14.017625
2003-08-25,03:30,63.8,,43.1,46.8,0.0,W@3.7,3.7,78.3,0.0,0,"Quincy, Grant County",330073,Quincy,2017-12-09 10:04:14.017625
2003-08-25,03:45,63.3,,43.1,47.5,0.0,W@3.5,3.5,78.2,0.0,0,"Quincy, Grant County",330073,Quincy,2017-12-09 10:04:14.017625
2003-08-25,04:00,62.9,,42.9,48.0,0.0,W@4.0,4.0,78.2,0.0,0,"Quincy, Grant County",330073,Quincy,2017-12-09 10:04:14.017625
2003-08-25,04:15,63.0,,43.1,48.1,0.0,W@3.4,3.4,78.1,0.0,0,"Quincy, Grant County",330073,Quincy,2017-12-09 10:04:14.017625
2003-08-25,04:30,62.4,,43.4,49.8,0.0,W@3.5,3.5,78.0,0.0,0,"Quincy, Grant County",330073,Quincy,2017-12-09 10:04:14.017625
2003-08-25,04:45,62.0,,43.4,50.4,0.0,W@3.0,3.0,78.0,0.0,0,"Quincy, Grant County",330073,Quincy,2017-12-09 10:04:14.017625
2003-08-25,05:00,62.1,,43.2,49.7,0.0,W@2.8,2.8,77.9,0.0,1,"Quincy, Grant County",330073,Quincy,2017-12-09 10:04:14.017625
2003-08-25,05:15,61.4,,44.9,54.6,0.0,W@1.6,1.6,77.8,0.0,4,"Quincy, Grant County",330073,Quincy,2017-12-09 10:04:14.017625
2003-08-25,05:30,59.9,,46.9,62.0,0.0,W@1.8,1.8,77.8,0.0,17,"Quincy, Grant County",330073,Quincy,2017-12-09 10:04:14.017625
2003-08-25,05:45,60.1,,45.8,59.2,0.0,W@2.7,2.7,77.7,0.0,28,"Quincy, Grant County",330073,Quincy,2017-12-09 10:04:14.017625
2003-08-25,06:00,61.0,,45.0,55.5,0.0,W@2.6,2.6,77.7,0.0,54,"Quincy, Grant County",330073,Quincy,2017-12-09 10:04:14.017625
2003-08-25,06:15,62.0,,44.5,52.6,0.0,W@3.4,3.4,77.5,0.0,98,"Quincy, Grant County",330073,Quincy,2017-12-09 10:04:14.017625
2003-08-25,06:30,62.8,,45.6,53.4,0.0,W@3.0,3.0,77.4,0.0,144,"Quincy, Grant County",330073,Quincy,2017-12-09 10:04:14.017625
2003-08-25,06:45,64.0,,46.5,52.9,0.0,W@2.5,2.5,77.3,0.0,198,"Quincy, Grant County",330073,Quincy,2017-12-09 10:04:14.017625
2003-08-25,07:00,65.2,,47.2,51.9,0.0,W@2.3,2.3,77.2,0.0,267,"Quincy, Grant County",330073,Quincy,2017-12-09 10:04:14.017625
2003-08-25,07:15,67.0,,47.8,49.9,0.0,W@1.8,1.8,77.1,0.0,318,"Quincy, Grant County",330073,Quincy,2017-12-09 10:04:14.017625
2003-08-25,07:30,67.7,,48.0,49.2,0.0,W@2.1,2.1,77.0,0.0,310,"Quincy, Grant County",330073,Quincy,2017-12-09 10:04:14.017625
2003-08-25,07:45,67.9,,48.9,50.5,0.0,W@3.6,3.6,76.9,0.0,410,"Quincy, Grant County",330073,Quincy,2017-12-09 10:04:14.017625
2003-08-25,08:00,68.3,,49.6,51.2,0.0,W@3.5,3.5,76.8,0.0,411,"Quincy, Grant County",330073,Quincy,2017-12-09 10:04:14.017625
2003-08-25,08:15,69.2,,49.2,49.0,0.0,W@3.4,3.4,76.8,0.0,486,"Quincy, Grant County",330073,Quincy,2017-12-09 10:04:14.017625
2003-08-25,08:30,69.8,,49.3,48.1,0.0,W@3.2,3.2,76.7,0.0,524,"Quincy, Grant County",330073,Quincy,2017-12-09 10:04:14.017625
2003-08-25,08:45,70.7,,49.9,47.6,0.0,W@3.3,3.3,76.6,0.0,568,"Quincy, Grant County",330073,Quincy,2017-12-09 10:04:14.017625
2003-08-25,09:00,71.2,,49.5,46.1,0.0,W@4.6,4.6,76.6,0.0,600,"Quincy, Grant County",330073,Quincy,2017-12-09 10:04:14.017625
2003-08-25,09:15,72.2,,49.7,45.0,0.0,W@4.5,4.5,76.6,0.0,623,"Quincy, Grant County",330073,Quincy,2017-12-09 10:04:14.017625
2003-08-25,09:30,73.0,,50.4,44.8,0.0,W@3.8,3.8,76.6,0.0,655,"Quincy, Grant County",330073,Quincy,2017-12-09 10:04:14.017625
2003-08-25,09:45,74.2,,50.2,42.7,0.0,SW@3.9,3.9,76.6,0.0,703,"Quincy, Grant County",330073,Quincy,2017-12-09 10:04:14.017625
2003-08-25,10:00,75.5,,50.3,41.1,0.0,W@3.3,3.3,76.5,0.0,730,"Quincy, Grant County",330073,Quincy,2017-12-09 10:04:14.017625
2003-08-25,10:15,76.9,,49.0,37.5,0.0,SW@1.9,1.9,76.5,0.0,687,"Quincy, Grant County",330073,Quincy,2017-12-09 10:04:14.017625
2003-08-25,10:30,78.5,,49.9,36.7,0.0,S@2.1,2.1,76.4,0.0,746,"Quincy, Grant County",330073,Quincy,2017-12-09 10:04:14.017625
2003-08-25,10:45,79.0,,51.2,38.0,0.0,S@3.3,3.3,76.4,0.0,753,"Quincy, Grant County",330073,Quincy,2017-12-09 10:04:14.017625
2003-08-25,11:00,79.5,,50.4,36.3,0.0,SE@3.5,3.5,76.5,0.0,807,"Quincy, Grant County",330073,Quincy,2017-12-09 10:04:14.017625
2003-08-25,11:15,80.0,,51.3,36.8,0.0,SE@4.0,4.0,76.6,0.0,813,"Quincy, Grant County",330073,Quincy,2017-12-09 10:04:14.017625
2003-08-25,11:30,79.9,,50.8,36.3,0.0,SE@4.7,4.7,76.6,0.0,832,"Quincy, Grant County",330073,Quincy,2017-12-09 10:04:14.017625
2003-08-25,11:45,80.7,,51.7,36.6,0.0,SE@4.0,4.0,76.7,0.0,839,"Quincy, Grant County",330073,Quincy,2017-12-09 10:04:14.017625
2003-08-25,12:00,80.7,,51.6,36.4,0.0,S@4.6,4.6,76.7,0.0,838,"Quincy, Grant County",330073,Quincy,2017-12-09 10:04:14.017625
2003-08-25,12:15,81.1,,52.0,36.5,0.0,SE@3.9,3.9,76.8,0.0,839,"Quincy, Grant County",330073,Quincy,2017-12-09 10:04:14.017625
2003-08-25,12:30,81.6,,51.5,35.3,0.0,SE@3.9,3.9,76.9,0.0,814,"Quincy, Grant County",330073,Quincy,2017-12-09 10:04:14.017625
2003-08-25,12:45,82.0,,51.2,34.4,0.0,SE@3.1,3.1,77.0,0.0,796,"Quincy, Grant County",330073,Quincy,2017-12-09 10:04:14.017625
2003-08-25,13:00,82.3,,50.8,33.5,0.0,S@3.7,3.7,77.1,0.0,790,"Quincy, Grant County",330073,Quincy,2017-12-09 10:04:14.017625
2003-08-25,13:15,82.5,,51.0,33.6,0.0,S@4.2,4.2,77.1,0.0,794,"Quincy, Grant County",330073,Quincy,2017-12-09 10:04:14.017625
2003-08-25,13:30,82.8,,50.7,32.9,0.0,SE@4.0,4.0,77.3,0.0,792,"Quincy, Grant County",330073,Quincy,2017-12-09 10:04:14.017625
2003-08-25,13:45,83.3,,50.9,32.6,0.0,SE@3.6,3.6,77.4,0.0,788,"Quincy, Grant County",330073,Quincy,2017-12-09 10:04:14.017625
2003-08-25,14:00,83.6,,52.0,33.6,0.0,SE@4.1,4.1,77.5,0.0,766,"Quincy, Grant County",330073,Quincy,2017-12-09 10:04:14.017625
2003-08-25,14:15,84.3,,53.5,34.8,0.0,SE@3.3,3.3,77.6,0.0,737,"Quincy, Grant County",330073,Quincy,2017-12-09 10:04:14.017625
2003-08-25,14:30,84.3,,52.7,33.8,0.0,SE@3.7,3.7,77.7,0.0,703,"Quincy, Grant County",330073,Quincy,2017-12-09 10:04:14.017625
2003-08-25,14:45,83.9,,54.5,36.4,0.0,E@4.2,4.2,77.8,0.0,674,"Quincy, Grant County",330073,Quincy,2017-12-09 10:04:14.017625
2003-08-25,15:00,84.4,,54.2,35.5,0.0,E@4.2,4.2,78.0,0.0,640,"Quincy, Grant County",330073,Quincy,2017-12-09 10:04:14.017625
2003-08-25,15:15,84.5,,54.9,36.4,0.0,E@4.3,4.3,78.1,0.0,599,"Quincy, Grant County",330073,Quincy,2017-12-09 10:04:14.017625
2003-08-25,15:30,84.8,,54.7,35.7,0.0,SE@4.4,4.4,78.2,0.0,561,"Quincy, Grant County",330073,Quincy,2017-12-09 10:04:14.017625
2003-08-25,15:45,84.8,,54.0,34.8,0.0,SE@4.3,4.3,78.4,0.0,516,"Quincy, Grant County",330073,Quincy,2017-12-09 10:04:14.017625
2003-08-25,16:00,84.8,,53.7,34.5,0.0,SE@4.4,4.4,78.5,0.0,466,"Quincy, Grant County",330073,Quincy,2017-12-09 10:04:14.017625
2003-08-25,16:15,85.2,,55.8,36.7,0.0,SE@2.2,2.2,78.6,0.0,431,"Quincy, Grant County",330073,Quincy,2017-12-09 10:04:14.017625
2003-08-25,16:30,85.3,,56.0,36.9,0.0,SE@2.1,2.1,78.7,0.0,387,"Quincy, Grant County",330073,Quincy,2017-12-09 10:04:14.017625
2003-08-25,16:45,84.7,,56.9,38.8,0.0,E@2.7,2.7,78.8,0.0,339,"Quincy, Grant County",330073,Quincy,2017-12-09 10:04:14.017625
2003-08-25,17:00,84.1,,57.3,40.1,0.0,E@1.7,1.7,79.0,0.0,296,"Quincy, Grant County",330073,Quincy,2017-12-09 10:04:14.017625
2003-08-25,17:15,83.9,,58.5,42.0,0.0,SE@1.4,1.4,79.1,0.0,252,"Quincy, Grant County",330073,Quincy,2017-12-09 10:04:14.017625
2003-08-25,17:30,82.5,,64.9,55.2,0.0,E@0.9,0.9,79.2,0.0,205,"Quincy, Grant County",330073,Quincy,2017-12-09 10:04:14.017625
2003-08-25,17:45,77.7,,67.7,71.3,0.0,W@1.0,1.0,79.4,0.0,159,"Quincy, Grant County",330073,Quincy,2017-12-09 10:04:14.017625
2003-08-25,18:00,75.8,,65.4,70.1,0.0,W@1.1,1.1,79.5,0.0,119,"Quincy, Grant County",330073,Quincy,2017-12-09 10:04:14.017625
2003-08-25,18:15,72.3,,64.8,77.2,0.0,W@1.5,1.5,79.6,0.0,76,"Quincy, Grant County",330073,Quincy,2017-12-09 10:04:14.017625
2003-08-25,18:30,70.1,,64.7,82.8,0.0,W@1.8,1.8,79.6,0.0,28,"Quincy, Grant County",330073,Quincy,2017-12-09 10:04:14.017625
2003-08-25,18:45,69.2,,63.1,80.7,0.0,W@3.0,3.0,79.7,0.0,13,"Quincy, Grant County",330073,Quincy,2017-12-09 10:04:14.017625
2003-08-25,19:00,67.9,,60.4,77.0,0.0,W@2.9,2.9,79.7,0.0,4,"Quincy, Grant County",330073,Quincy,2017-12-09 10:04:14.017625
2003-08-25,19:15,66.6,,59.1,76.7,0.0,W@2.2,2.2,79.7,0.0,1,"Quincy, Grant County",330073,Quincy,2017-12-09 10:04:14.017625
2003-08-25,19:30,65.2,,58.1,77.7,0.0,W@2.7,2.7,79.8,0.0,0,"Quincy, Grant County",330073,Quincy,2017-12-09 10:04:14.017625
2003-08-25,19:45,63.8,,57.9,81.0,0.0,W@2.6,2.6,80.0,0.0,0,"Quincy, Grant County",330073,Quincy,2017-12-09 10:04:14.017625
2003-08-25,20:00,63.4,,58.1,82.6,0.0,W@2.5,2.5,80.1,0.0,0,"Quincy, Grant County",330073,Quincy,2017-12-09 10:04:14.017625
2003-08-25,20:15,62.9,,57.9,83.4,0.0,W@2.9,2.9,80.2,0.0,0,"Quincy, Grant County",330073,Quincy,2017-12-09 10:04:14.017625
2003-08-25,20:30,63.0,,57.2,81.2,0.0,W@2.6,2.6,80.3,0.0,0,"Quincy, Grant County",330073,Quincy,2017-12-09 10:04:14.017625
2003-08-25,20:45,62.7,,56.7,80.8,0.0,W@3.0,3.0,80.3,0.0,0,"Quincy, Grant County",330073,Quincy,2017-12-09 10:04:14.017625
2003-08-25,21:00,62.3,,56.5,81.2,0.0,W@2.8,2.8,80.4,0.0,0,"Quincy, Grant County",330073,Quincy,2017-12-09 10:04:14.017625
2003-08-25,21:15,63.1,,56.0,77.5,0.0,W@3.1,3.1,80.5,0.0,0,"Quincy, Grant County",330073,Quincy,2017-12-09 10:04:14.017625
2003-08-25,21:30,63.4,,56.6,78.5,0.0,W@3.3,3.3,80.5,0.0,0,"Quincy, Grant County",330073,Quincy,2017-12-09 10:04:14.017625
2003-08-25,21:45,63.5,,56.2,77.2,0.0,W@3.1,3.1,80.5,0.0,0,"Quincy, Grant County",330073,Quincy,2017-12-09 10:04:14.017625
2003-08-25,22:00,63.5,,56.7,78.5,0.0,W@3.2,3.2,80.5,0.0,0,"Quincy, Grant County",330073,Quincy,2017-12-09 10:04:14.017625
2003-08-25,22:15,62.4,,56.2,79.9,0.0,W@2.5,2.5,80.5,0.0,0,"Quincy, Grant County",330073,Quincy,2017-12-09 10:04:14.017625
2003-08-25,22:30,62.4,,55.4,77.8,0.0,W@3.2,3.2,80.4,0.0,0,"Quincy, Grant County",330073,Quincy,2017-12-09 10:04:14.017625
2003-08-25,22:45,65.1,,54.5,68.6,0.0,W@3.0,3.0,80.4,0.0,0,"Quincy, Grant County",330073,Quincy,2017-12-09 10:04:14.017625
2003-08-25,23:00,65.2,,54.0,67.1,0.0,W@2.8,2.8,80.4,0.0,0,"Quincy, Grant County",330073,Quincy,2017-12-09 10:04:14.017625
2003-08-26,23:15,64.8,,54.5,69.1,0.0,W@2.3,2.3,80.3,0.0,0,"Quincy, Grant County",330073,Quincy,2017-12-09 10:04:14.017625
2003-08-26,23:30,65.6,,53.2,64.3,0.0,W@2.1,2.1,80.3,0.0,0,"Quincy, Grant County",330073,Quincy,2017-12-09 10:04:14.017625
2003-08-26,23:45,65.9,,52.5,61.8,0.0,W@2.5,2.5,80.2,0.0,0,"Quincy, Grant County",330073,Quincy,2017-12-09 10:04:14.017625
2003-08-26,24:00,,,,0.0,,0.0,99999.0,,0.0,0,"Quincy, Grant County",330073,Quincy,2017-12-09 10:04:14.017625
