Date,Time PST,Air Temp °F, 2<sup>nd</sup> Air Temp °F, Dew Point °F, Rel Hum %, Leaf Wet u., Wind Dir @ Speed mph, Wind Gust mph, 8 in. Soil Tmp °F, Tot Prec in, Solar Rad W/m²,Location,Station ID,Station Name,Download Timestamp
2016-12-08,00:15,20.2,20.0,8.1,63.1,0.0,NW@3.3,5.7,34.9,0.0,0,"Quincy, Grant County",330073,Quincy,2017-12-14 23:17:48.549524
2016-12-08,00:30,20.3,20.0,8.1,62.9,0.0,NW@3.0,5.3,34.9,0.0,0,"Quincy, Grant County",330073,Quincy,2017-12-14 23:17:48.549524
2016-12-08,00:45,20.2,19.9,8.3,63.5,0.0,NW@2.4,5.3,34.9,0.0,0,"Quincy, Grant County",330073,Quincy,2017-12-14 23:17:48.549524
2016-12-08,01:00,20.0,19.8,8.0,63.1,0.0,N@3.3,6.4,34.9,0.0,0,"Quincy, Grant County",330073,Quincy,2017-12-14 23:17:48.549524
2016-12-08,01:15,19.8,19.6,7.8,63.3,0.0,NW@3.2,6.4,34.9,0.0,0,"Quincy, Grant County",330073,Quincy,2017-12-14 23:17:48.549524
2016-12-08,01:30,19.8,19.5,8.0,64.0,0.0,NW@2.6,5.7,34.9,0.0,0,"Quincy, Grant County",330073,Quincy,2017-12-14 23:17:48.549524
2016-12-08,01:45,19.8,19.5,8.3,64.7,0.0,NW@2.7,4.2,34.9,0.0,0,"Quincy, Grant County",330073,Quincy,2017-12-14 23:17:48.549524
2016-12-08,02:00,19.9,19.5,8.4,64.9,0.0,NW@2.3,4.2,34.9,0.0,0,"Quincy, Grant County",330073,Quincy,2017-12-14 23:17:48.549524
2016-12-08,02:15,19.9,19.5,8.5,65.1,0.0,NW@2.0,3.9,34.9,0.0,0,"Quincy, Grant County",330073,Quincy,2017-12-14 23:17:48.549524
2016-12-08,02:30,19.9,19.6,8.2,64.1,0.0,N@2.8,4.6,34.9,0.0,0,"Quincy, Grant County",330073,Quincy,2017-12-14 23:17:48.549524
2016-12-08,02:45,19.9,19.6,8.3,64.5,0.0,NW@2.8,4.6,34.8,0.0,0,"Quincy, Grant County",330073,Quincy,2017-12-14 23:17:48.549524
2016-12-08,03:00,19.7,19.5,8.2,64.8,0.0,NW@3.2,6.4,34.8,0.0,0,"Quincy, Grant County",330073,Quincy,2017-12-14 23:17:48.549524
2016-12-08,03:15,19.6,19.3,8.3,65.5,0.0,N@3.6,5.7,34.8,0.0,0,"Quincy, Grant County",330073,Quincy,2017-12-14 23:17:48.549524
2016-12-08,03:30,19.5,19.3,8.3,65.6,0.0,N@4.1,7.4,34.8,0.0,0,"Quincy, Grant County",330073,Quincy,2017-12-14 23:17:48.549524
2016-12-08,03:45,19.7,19.5,8.2,65.0,0.0,N@4.0,6.4,34.8,0.0,0,"Quincy, Grant County",330073,Quincy,2017-12-14 23:17:48.549524
2016-12-08,04:00,19.5,19.3,7.8,64.3,0.0,NW@4.0,7.4,34.8,0.0,0,"Quincy, Grant County",330073,Quincy,2017-12-14 23:17:48.549524
2016-12-08,04:15,18.8,18.4,7.4,65.2,0.0,NW@3.4,6.0,34.8,0.0,0,"Quincy, Grant County",330073,Quincy,2017-12-14 23:17:48.549524
2016-12-08,04:30,18.3,17.9,7.1,66.1,0.0,NW@3.5,7.4,34.8,0.0,0,"Quincy, Grant County",330073,Quincy,2017-12-14 23:17:48.549524
2016-12-08,04:45,18.1,17.6,7.0,66.3,0.0,NW@3.5,6.4,34.8,0.0,0,"Quincy, Grant County",330073,Quincy,2017-12-14 23:17:48.549524
2016-12-08,05:00,17.6,17.2,6.8,67.1,0.0,NW@3.1,6.4,34.8,0.0,0,"Quincy, Grant County",330073,Quincy,2017-12-14 23:17:48.549524
2016-12-08,05:15,17.5,17.2,6.7,67.0,0.0,NW@3.7,7.1,34.8,0.0,0,"Quincy, Grant County",330073,Quincy,2017-12-14 23:17:48.549524
2016-12-08,05:30,17.8,17.6,6.6,66.1,0.0,N@3.7,6.0,34.7,0.0,0,"Quincy, Grant County",330073,Quincy,2017-12-14 23:17:48.549524
2016-12-08,05:45,17.7,17.4,6.6,66.2,0.0,N@3.8,6.7,34.7,0.0,0,"Quincy, Grant County",330073,Quincy,2017-12-14 23:17:48.549524
2016-12-08,06:00,17.4,17.1,6.4,66.9,0.0,N@3.6,7.1,34.7,0.0,0,"Quincy, Grant County",330073,Quincy,2017-12-14 23:17:48.549524
2016-12-08,06:15,16.9,16.6,6.2,67.4,0.0,NW@3.9,7.1,34.7,0.0,0,"Quincy, Grant County",330073,Quincy,2017-12-14 23:17:48.549524
2016-12-08,06:30,16.6,16.2,5.9,67.8,0.0,NW@3.9,7.4,34.7,0.0,0,"Quincy, Grant County",330073,Quincy,2017-12-14 23:17:48.549524
2016-12-08,06:45,16.5,16.2,5.7,67.5,0.0,NW@3.8,8.9,34.7,0.0,0,"Quincy, Grant County",330073,Quincy,2017-12-14 23:17:48.549524
2016-12-08,07:00,16.4,16.1,5.5,67.1,0.0,NW@3.9,9.2,34.7,0.0,0,"Quincy, Grant County",330073,Quincy,2017-12-14 23:17:48.549524
2016-12-08,07:15,16.5,16.2,5.4,66.6,0.0,NW@4.3,8.9,34.7,0.0,0,"Quincy, Grant County",330073,Quincy,2017-12-14 23:17:48.549524
2016-12-08,07:30,16.4,16.1,5.3,66.3,0.0,NW@4.1,8.9,34.7,0.0,1,"Quincy, Grant County",330073,Quincy,2017-12-14 23:17:48.549524
2016-12-08,07:45,16.2,15.8,5.1,66.6,0.0,NW@4.0,7.1,34.7,0.0,5,"Quincy, Grant County",330073,Quincy,2017-12-14 23:17:48.549524
2016-12-08,08:00,16.2,15.8,5.0,66.2,0.0,NW@4.1,8.9,34.7,0.0,11,"Quincy, Grant County",330073,Quincy,2017-12-14 23:17:48.549524
2016-12-08,08:15,16.1,15.7,5.0,66.4,0.0,NW@3.8,7.8,34.6,0.0,27,"Quincy, Grant County",330073,Quincy,2017-12-14 23:17:48.549524
2016-12-08,08:30,16.6,16.4,5.1,65.4,0.0,NW@4.2,7.1,34.6,0.0,63,"Quincy, Grant County",330073,Quincy,2017-12-14 23:17:48.549524
2016-12-08,08:45,17.0,16.8,5.2,64.3,0.0,NW@4.9,8.5,34.6,0.0,59,"Quincy, Grant County",330073,Quincy,2017-12-14 23:17:48.549524
2016-12-08,09:00,18.4,18.0,5.7,61.8,0.0,NW@4.8,9.2,34.6,0.0,132,"Quincy, Grant County",330073,Quincy,2017-12-14 23:17:48.549524
2016-12-08,09:15,19.8,19.2,6.3,59.2,0.0,N@4.6,8.5,34.6,0.0,169,"Quincy, Grant County",330073,Quincy,2017-12-14 23:17:48.549524
2016-12-08,09:30,20.4,20.3,6.5,58.2,0.0,NW@4.4,7.1,34.6,0.0,212,"Quincy, Grant County",330073,Quincy,2017-12-14 23:17:48.549524
2016-12-08,09:45,21.8,21.3,7.0,55.6,0.0,N@4.3,7.4,34.6,0.0,223,"Quincy, Grant County",330073,Quincy,2017-12-14 23:17:48.549524
2016-12-08,10:00,22.3,21.7,7.2,54.7,0.0,N@5.0,8.5,34.6,0.0,250,"Quincy, Grant County",330073,Quincy,2017-12-14 23:17:48.549524
2016-12-08,10:15,23.1,22.0,7.5,53.5,0.0,N@5.3,9.2,34.5,0.0,272,"Quincy, Grant County",330073,Quincy,2017-12-14 23:17:48.549524
2016-12-08,10:30,23.3,22.3,7.6,53.2,0.0,N@5.5,9.9,34.5,0.0,288,"Quincy, Grant County",330073,Quincy,2017-12-14 23:17:48.549524
2016-12-08,10:45,23.6,22.6,7.7,52.8,0.0,N@6.1,10.3,34.5,0.0,303,"Quincy, Grant County",330073,Quincy,2017-12-14 23:17:48.549524
2016-12-08,11:00,21.9,21.4,7.3,56.0,0.0,N@5.3,9.6,34.5,0.0,92,"Quincy, Grant County",330073,Quincy,2017-12-14 23:17:48.549524
2016-12-08,11:15,21.9,21.6,7.6,56.9,0.0,N@4.7,8.2,34.5,0.0,122,"Quincy, Grant County",330073,Quincy,2017-12-14 23:17:48.549524
2016-12-08,11:30,22.5,22.1,8.0,56.3,0.0,N@4.8,9.9,34.5,0.0,108,"Quincy, Grant County",330073,Quincy,2017-12-14 23:17:48.549524
2016-12-08,11:45,22.7,22.3,8.1,56.0,0.0,N@4.9,8.5,34.5,0.0,114,"Quincy, Grant County",330073,Quincy,2017-12-14 23:17:48.549524
2016-12-08,12:00,23.3,22.8,8.8,56.1,0.0,N@5.4,11.0,34.5,0.0,148,"Quincy, Grant County",330073,Quincy,2017-12-14 23:17:48.549524
2016-12-08,12:15,23.3,23.0,8.6,55.7,0.0,N@5.4,8.9,34.5,0.0,105,"Quincy, Grant County",330073,Quincy,2017-12-14 23:17:48.549524
2016-12-08,12:30,23.7,23.2,8.6,54.8,0.0,N@5.0,8.5,34.4,0.0,151,"Quincy, Grant County",330073,Quincy,2017-12-14 23:17:48.549524
2016-12-08,12:45,24.3,23.8,9.1,54.2,0.0,N@5.0,8.5,34.4,0.0,166,"Quincy, Grant County",330073,Quincy,2017-12-14 23:17:48.549524
2016-12-08,13:00,24.8,24.2,9.6,54.2,0.0,N@4.5,7.8,34.4,0.0,152,"Quincy, Grant County",330073,Quincy,2017-12-14 23:17:48.549524
2016-12-08,13:15,24.7,24.2,9.4,54.0,0.0,N@5.2,9.2,34.4,0.0,154,"Quincy, Grant County",330073,Quincy,2017-12-14 23:17:48.549524
2016-12-08,13:30,24.9,24.4,9.4,53.5,0.0,N@4.9,8.9,34.4,0.0,127,"Quincy, Grant County",330073,Quincy,2017-12-14 23:17:48.549524
2016-12-08,13:45,24.6,24.2,9.0,53.4,0.0,N@5.9,11.0,34.4,0.0,112,"Quincy, Grant County",330073,Quincy,2017-12-14 23:17:48.549524
2016-12-08,14:00,24.4,24.1,9.1,54.0,0.0,N@5.3,9.9,34.4,0.0,94,"Quincy, Grant County",330073,Quincy,2017-12-14 23:17:48.549524
2016-12-08,14:15,24.3,24.0,8.7,53.4,0.0,N@4.9,7.8,34.4,0.0,58,"Quincy, Grant County",330073,Quincy,2017-12-14 23:17:48.549524
2016-12-08,14:30,24.3,24.0,9.1,54.4,0.0,N@3.9,7.1,34.4,0.0,52,"Quincy, Grant County",330073,Quincy,2017-12-14 23:17:48.549524
2016-12-08,14:45,24.4,24.2,9.1,54.2,0.0,NW@3.3,7.1,34.4,0.0,45,"Quincy, Grant County",330073,Quincy,2017-12-14 23:17:48.549524
2016-12-08,15:00,24.3,24.1,9.0,54.0,0.0,N@3.4,6.7,34.3,0.0,35,"Quincy, Grant County",330073,Quincy,2017-12-14 23:17:48.549524
2016-12-08,15:15,24.1,23.9,10.1,57.4,0.0,NW@3.1,5.3,34.3,0.0,25,"Quincy, Grant County",330073,Quincy,2017-12-14 23:17:48.549524
2016-12-08,15:30,23.5,23.3,10.9,61.2,0.0,N@3.1,5.7,34.3,0.0,19,"Quincy, Grant County",330073,Quincy,2017-12-14 23:17:48.549524
2016-12-08,15:45,23.5,23.3,10.4,59.7,0.0,NW@3.4,6.4,34.3,0.0,14,"Quincy, Grant County",330073,Quincy,2017-12-14 23:17:48.549524
2016-12-08,16:00,23.4,23.2,10.4,60.2,0.0,W@4.7,7.8,34.3,0.0,5,"Quincy, Grant County",330073,Quincy,2017-12-14 23:17:48.549524
2016-12-08,16:15,23.4,23.2,10.3,60.0,0.0,NW@3.5,6.4,34.3,0.0,2,"Quincy, Grant County",330073,Quincy,2017-12-14 23:17:48.549524
2016-12-08,16:30,23.2,23.0,10.5,60.9,0.0,NW@2.8,4.6,34.3,0.0,0,"Quincy, Grant County",330073,Quincy,2017-12-14 23:17:48.549524
2016-12-08,16:45,23.1,22.8,10.8,62.1,0.0,NW@3.5,6.4,34.3,0.0,0,"Quincy, Grant County",330073,Quincy,2017-12-14 23:17:48.549524
2016-12-08,17:00,23.1,22.8,10.6,61.5,0.0,NW@3.5,6.0,34.3,0.0,0,"Quincy, Grant County",330073,Quincy,2017-12-14 23:17:48.549524
2016-12-08,17:15,23.2,22.9,10.6,61.3,0.0,NW@3.2,5.3,34.3,0.0,0,"Quincy, Grant County",330073,Quincy,2017-12-14 23:17:48.549524
2016-12-08,17:30,23.3,23.0,10.7,61.2,0.0,NW@3.2,6.0,34.3,0.0,0,"Quincy, Grant County",330073,Quincy,2017-12-14 23:17:48.549524
2016-12-08,17:45,23.4,23.1,10.6,60.7,0.0,NW@2.9,5.3,34.3,0.0,0,"Quincy, Grant County",330073,Quincy,2017-12-14 23:17:48.549524
2016-12-08,18:00,23.3,23.0,10.9,61.6,0.0,NW@3.0,5.7,34.3,0.0,0,"Quincy, Grant County",330073,Quincy,2017-12-14 23:17:48.549524
2016-12-08,18:15,23.3,23.0,11.0,62.0,0.0,W@3.4,6.4,34.3,0.0,0,"Quincy, Grant County",330073,Quincy,2017-12-14 23:17:48.549524
2016-12-08,18:30,23.3,23.1,11.3,62.7,0.0,NW@3.6,8.2,34.2,0.0,0,"Quincy, Grant County",330073,Quincy,2017-12-14 23:17:48.549524
2016-12-08,18:45,23.2,23.1,11.6,64.0,0.0,NW@3.4,6.0,34.2,0.0,0,"Quincy, Grant County",330073,Quincy,2017-12-14 23:17:48.549524
2016-12-08,19:00,22.8,22.6,13.8,72.0,0.0,N@3.8,7.4,34.2,0.0,0,"Quincy, Grant County",330073,Quincy,2017-12-14 23:17:48.549524
2016-12-08,19:15,21.9,21.7,15.7,81.4,0.0,N@4.0,7.4,34.2,0.0,0,"Quincy, Grant County",330073,Quincy,2017-12-14 23:17:48.549524
2016-12-08,19:30,21.4,21.1,16.6,86.9,0.0,N@3.2,5.7,34.2,0.0,0,"Quincy, Grant County",330073,Quincy,2017-12-14 23:17:48.549524
2016-12-08,19:45,21.1,20.9,16.7,88.5,0.0,NW@3.5,6.4,34.2,0.0,0,"Quincy, Grant County",330073,Quincy,2017-12-14 23:17:48.549524
2016-12-08,20:00,21.1,20.8,16.6,88.3,0.0,NW@3.0,5.7,34.2,0.0,0,"Quincy, Grant County",330073,Quincy,2017-12-14 23:17:48.549524
2016-12-08,20:15,21.0,20.8,17.0,89.8,0.0,NW@3.5,7.4,34.2,0.0,0,"Quincy, Grant County",330073,Quincy,2017-12-14 23:17:48.549524
2016-12-08,20:30,20.9,20.7,17.3,91.4,0.0,NW@3.5,5.7,34.2,0.0,0,"Quincy, Grant County",330073,Quincy,2017-12-14 23:17:48.549524
2016-12-08,20:45,20.9,20.7,17.4,92.2,0.0,W@3.1,5.7,34.2,0.0,0,"Quincy, Grant County",330073,Quincy,2017-12-14 23:17:48.549524
2016-12-08,21:00,20.9,20.6,17.3,91.8,0.0,W@3.0,4.9,34.2,0.0,0,"Quincy, Grant County",330073,Quincy,2017-12-14 23:17:48.549524
2016-12-08,21:15,21.0,20.7,17.1,90.4,0.0,NW@3.1,5.3,34.1,0.0,0,"Quincy, Grant County",330073,Quincy,2017-12-14 23:17:48.549524
2016-12-08,21:30,21.0,20.8,16.7,88.6,0.0,NW@3.4,6.7,34.1,0.0,0,"Quincy, Grant County",330073,Quincy,2017-12-14 23:17:48.549524
2016-12-08,21:45,21.1,20.9,16.6,87.9,0.0,NW@3.5,7.1,34.1,0.0,0,"Quincy, Grant County",330073,Quincy,2017-12-14 23:17:48.549524
2016-12-08,22:00,21.0,20.8,16.2,86.8,0.0,NW@3.4,5.7,34.1,0.0,0,"Quincy, Grant County",330073,Quincy,2017-12-14 23:17:48.549524
2016-12-08,22:15,20.9,20.7,16.5,88.2,0.0,NW@3.4,6.0,34.1,0.0,0,"Quincy, Grant County",330073,Quincy,2017-12-14 23:17:48.549524
2016-12-08,22:30,20.8,20.5,17.2,91.9,0.0,NW@3.4,5.7,34.1,0.0,0,"Quincy, Grant County",330073,Quincy,2017-12-14 23:17:48.549524
2016-12-08,22:45,20.7,20.5,17.3,92.5,0.0,NW@3.1,6.0,34.1,0.0,0,"Quincy, Grant County",330073,Quincy,2017-12-14 23:17:48.549524
2016-12-08,23:00,20.6,20.5,17.1,92.0,0.0,NW@2.9,4.6,34.1,0.0,0,"Quincy, Grant County",330073,Quincy,2017-12-14 23:17:48.549524
2016-12-08,23:15,20.6,20.4,17.3,92.7,0.0,NW@2.9,5.7,34.1,0.0,0,"Quincy, Grant County",330073,Quincy,2017-12-14 23:17:48.549524
2016-12-08,23:30,20.5,20.2,17.5,94.1,0.0,NW@2.8,4.6,34.1,0.0,0,"Quincy, Grant County",330073,Quincy,2017-12-14 23:17:48.549524
2016-12-08,23:45,20.4,20.1,17.5,94.5,0.0,NW@2.8,4.9,34.1,0.0,0,"Quincy, Grant County",330073,Quincy,2017-12-14 23:17:48.549524
2016-12-08,24:00,20.4,20.1,17.3,94.0,0.0,NW@3.1,6.4,34.1,0.0,0,"Quincy, Grant County",330073,Quincy,2017-12-14 23:17:48.549524
2016-12-09,00:15,20.5,20.2,17.2,93.2,0.0,NW@2.5,4.6,34.1,0.0,0,"Quincy, Grant County",330073,Quincy,2017-12-14 23:17:48.549524
2016-12-09,00:30,20.4,20.1,17.1,93.1,0.0,NW@3.0,6.0,34.1,0.0,0,"Quincy, Grant County",330073,Quincy,2017-12-14 23:17:48.549524
2016-12-09,00:45,20.4,20.1,16.9,92.4,0.0,NW@2.9,4.9,34.1,0.0,0,"Quincy, Grant County",330073,Quincy,2017-12-14 23:17:48.549524
2016-12-09,01:00,20.3,20.0,16.8,92.2,0.0,NW@2.5,4.2,34.1,0.0,0,"Quincy, Grant County",330073,Quincy,2017-12-14 23:17:48.549524
2016-12-09,01:15,20.1,19.8,16.6,92.1,0.0,N@2.5,4.2,34.0,0.0,0,"Quincy, Grant County",330073,Quincy,2017-12-14 23:17:48.549524
2016-12-09,01:30,19.9,19.8,16.0,90.7,0.0,N@2.6,4.6,34.0,0.0,0,"Quincy, Grant County",330073,Quincy,2017-12-14 23:17:48.549524
2016-12-09,01:45,20.1,20.1,15.5,88.0,0.0,N@3.5,6.4,34.0,0.0,0,"Quincy, Grant County",330073,Quincy,2017-12-14 23:17:48.549524
2016-12-09,02:00,20.3,20.2,15.1,85.7,0.0,N@3.1,5.3,34.0,0.0,0,"Quincy, Grant County",330073,Quincy,2017-12-14 23:17:48.549524
2016-12-09,02:15,20.4,20.2,15.0,84.6,0.0,N@2.4,4.2,34.0,0.0,0,"Quincy, Grant County",330073,Quincy,2017-12-14 23:17:48.549524
2016-12-09,02:30,20.4,20.1,15.0,84.7,0.0,NW@1.4,3.1,34.0,0.0,0,"Quincy, Grant County",330073,Quincy,2017-12-14 23:17:48.549524
2016-12-09,02:45,20.5,20.1,14.7,83.2,0.0,NW@1.8,3.9,34.0,0.0,0,"Quincy, Grant County",330073,Quincy,2017-12-14 23:17:48.549524
2016-12-09,03:00,20.6,20.2,14.6,82.5,0.0,NW@2.6,4.9,34.0,0.0,0,"Quincy, Grant County",330073,Quincy,2017-12-14 23:17:48.549524
2016-12-09,03:15,20.5,20.1,14.6,83.0,0.0,NW@2.1,4.6,34.0,0.0,0,"Quincy, Grant County",330073,Quincy,2017-12-14 23:17:48.549524
2016-12-09,03:30,20.4,20.1,14.5,82.8,0.0,NW@2.5,4.9,34.0,0.0,0,"Quincy, Grant County",330073,Quincy,2017-12-14 23:17:48.549524
2016-12-09,03:45,20.4,20.1,14.4,82.8,0.0,NW@2.9,5.3,34.0,0.0,0,"Quincy, Grant County",330073,Quincy,2017-12-14 23:17:48.549524
2016-12-09,04:00,20.3,19.9,14.4,83.2,0.0,NW@2.2,3.9,34.0,0.0,0,"Quincy, Grant County",330073,Quincy,2017-12-14 23:17:48.549524
2016-12-09,04:15,20.3,19.9,14.4,83.2,0.0,NW@2.0,3.9,34.0,0.0,0,"Quincy, Grant County",330073,Quincy,2017-12-14 23:17:48.549524
2016-12-09,04:30,20.3,20.0,14.3,82.6,0.0,NW@2.3,4.2,34.0,0.0,0,"Quincy, Grant County",330073,Quincy,2017-12-14 23:17:48.549524
2016-12-09,04:45,20.3,19.9,14.3,82.6,0.0,NW@2.4,4.2,34.0,0.0,0,"Quincy, Grant County",330073,Quincy,2017-12-14 23:17:48.549524
2016-12-09,05:00,20.3,19.9,14.2,82.1,0.0,NW@2.2,4.2,34.0,0.0,0,"Quincy, Grant County",330073,Quincy,2017-12-14 23:17:48.549524
2016-12-09,05:15,20.3,19.9,14.2,82.2,0.0,NW@2.1,3.5,34.0,0.0,0,"Quincy, Grant County",330073,Quincy,2017-12-14 23:17:48.549524
2016-12-09,05:30,20.3,19.9,14.1,82.2,0.0,N@2.3,4.6,34.0,0.0,0,"Quincy, Grant County",330073,Quincy,2017-12-14 23:17:48.549524
2016-12-09,05:45,20.3,20.0,14.1,81.7,0.0,N@1.1,2.8,33.9,0.0,0,"Quincy, Grant County",330073,Quincy,2017-12-14 23:17:48.549524
2016-12-09,06:00,20.3,19.9,14.1,82.2,0.0,N@1.3,3.5,33.9,0.0,0,"Quincy, Grant County",330073,Quincy,2017-12-14 23:17:48.549524
2016-12-09,06:15,20.3,20.0,14.1,81.8,0.0,NW@1.0,3.1,33.9,0.0,0,"Quincy, Grant County",330073,Quincy,2017-12-14 23:17:48.549524
2016-12-09,06:30,20.3,19.9,14.2,82.2,0.0,NW@1.7,3.5,33.9,0.0,0,"Quincy, Grant County",330073,Quincy,2017-12-14 23:17:48.549524
2016-12-09,06:45,20.3,19.9,14.2,82.4,0.0,W@1.6,3.1,33.9,0.0,0,"Quincy, Grant County",330073,Quincy,2017-12-14 23:17:48.549524
2016-12-09,07:00,20.3,19.9,14.2,82.3,0.0,W@1.9,2.8,33.9,0.0,0,"Quincy, Grant County",330073,Quincy,2017-12-14 23:17:48.549524
2016-12-09,07:15,20.3,19.9,14.4,83.0,0.0,W@2.2,3.5,33.9,0.0,0,"Quincy, Grant County",330073,Quincy,2017-12-14 23:17:48.549524
2016-12-09,07:30,20.2,19.8,14.3,83.2,0.0,W@2.0,3.1,33.9,0.0,0,"Quincy, Grant County",330073,Quincy,2017-12-14 23:17:48.549524
2016-12-09,07:45,20.3,19.9,14.2,82.4,0.0,NW@2.2,3.5,33.9,0.0,2,"Quincy, Grant County",330073,Quincy,2017-12-14 23:17:48.549524
2016-12-09,08:00,20.3,20.0,14.3,82.8,0.0,NW@2.4,4.9,33.9,0.0,5,"Quincy, Grant County",330073,Quincy,2017-12-14 23:17:48.549524
2016-12-09,08:15,20.3,20.0,14.4,83.2,0.0,W@2.4,4.2,33.9,0.0,10,"Quincy, Grant County",330073,Quincy,2017-12-14 23:17:48.549524
2016-12-09,08:30,20.4,20.1,14.5,82.9,0.0,W@2.3,4.2,33.9,0.0,11,"Quincy, Grant County",330073,Quincy,2017-12-14 23:17:48.549524
2016-12-09,08:45,20.7,20.4,14.5,82.1,0.0,NW@2.4,4.6,33.9,0.0,21,"Quincy, Grant County",330073,Quincy,2017-12-14 23:17:48.549524
2016-12-09,09:00,21.0,20.7,14.7,81.4,0.0,NW@2.1,3.9,33.9,0.0,34,"Quincy, Grant County",330073,Quincy,2017-12-14 23:17:48.549524
2016-12-09,09:15,21.4,21.1,14.9,80.3,0.0,N@2.6,5.3,33.9,0.0,50,"Quincy, Grant County",330073,Quincy,2017-12-14 23:17:48.549524
2016-12-09,09:30,21.6,21.2,14.9,79.7,0.0,N@2.7,4.9,33.9,0.0,58,"Quincy, Grant County",330073,Quincy,2017-12-14 23:17:48.549524
2016-12-09,09:45,21.7,21.4,15.1,79.9,0.0,N@2.9,6.7,33.9,0.0,45,"Quincy, Grant County",330073,Quincy,2017-12-14 23:17:48.549524
2016-12-09,10:00,22.2,21.7,15.3,79.0,0.0,N@3.0,5.3,33.9,0.0,90,"Quincy, Grant County",330073,Quincy,2017-12-14 23:17:48.549524
2016-12-09,10:15,22.9,22.3,15.8,77.9,0.0,N@3.2,4.9,33.9,0.0,118,"Quincy, Grant County",330073,Quincy,2017-12-14 23:17:48.549524
2016-12-09,10:30,23.3,22.9,16.1,77.8,0.0,NW@3.1,7.1,33.9,0.0,100,"Quincy, Grant County",330073,Quincy,2017-12-14 23:17:48.549524
2016-12-09,10:45,23.0,22.4,16.1,78.7,0.0,N@4.1,6.7,33.8,0.0,119,"Quincy, Grant County",330073,Quincy,2017-12-14 23:17:48.549524
2016-12-09,11:00,23.0,22.4,16.3,79.4,0.0,N@3.4,6.0,33.8,0.0,80,"Quincy, Grant County",330073,Quincy,2017-12-14 23:17:48.549524
2016-12-09,11:15,22.9,22.4,16.4,79.9,0.0,N@3.3,5.7,33.8,0.0,79,"Quincy, Grant County",330073,Quincy,2017-12-14 23:17:48.549524
2016-12-09,11:30,22.6,22.1,16.5,81.4,0.0,N@3.4,6.0,33.8,0.0,76,"Quincy, Grant County",330073,Quincy,2017-12-14 23:17:48.549524
2016-12-09,11:45,22.7,22.0,16.7,82.0,0.0,N@3.1,6.0,33.8,0.0,82,"Quincy, Grant County",330073,Quincy,2017-12-14 23:17:48.549524
2016-12-09,12:00,22.9,22.2,17.1,82.4,0.0,N@3.4,6.0,33.8,0.0,99,"Quincy, Grant County",330073,Quincy,2017-12-14 23:17:48.549524
2016-12-09,12:15,22.8,22.1,17.6,84.6,0.0,N@3.6,6.4,33.8,0.0,99,"Quincy, Grant County",330073,Quincy,2017-12-14 23:17:48.549524
2016-12-09,12:30,22.7,22.0,17.6,85.1,0.0,N@3.7,6.4,33.8,0.0,102,"Quincy, Grant County",330073,Quincy,2017-12-14 23:17:48.549524
2016-12-09,12:45,23.0,22.3,17.7,84.6,0.0,N@3.2,6.0,33.8,0.0,94,"Quincy, Grant County",330073,Quincy,2017-12-14 23:17:48.549524
2016-12-09,13:00,23.1,22.6,17.7,84.2,0.0,N@2.7,4.2,33.8,0.0,74,"Quincy, Grant County",330073,Quincy,2017-12-14 23:17:48.549524
2016-12-09,13:15,23.1,22.4,17.5,83.4,0.0,N@2.6,3.5,33.8,0.0,79,"Quincy, Grant County",330073,Quincy,2017-12-14 23:17:48.549524
2016-12-09,13:30,23.4,22.8,17.3,81.3,0.0,N@2.3,3.9,33.8,0.0,80,"Quincy, Grant County",330073,Quincy,2017-12-14 23:17:48.549524
2016-12-09,13:45,23.6,22.8,17.1,79.9,0.0,N@2.9,4.9,33.8,0.0,94,"Quincy, Grant County",330073,Quincy,2017-12-14 23:17:48.549524
2016-12-09,14:00,23.4,22.8,17.2,81.0,0.0,N@3.2,5.3,33.8,0.0,84,"Quincy, Grant County",330073,Quincy,2017-12-14 23:17:48.549524
2016-12-09,14:15,23.6,23.4,17.4,81.3,0.0,NW@2.4,4.6,33.8,0.0,107,"Quincy, Grant County",330073,Quincy,2017-12-14 23:17:48.549524
2016-12-09,14:30,24.6,24.1,17.9,79.1,0.0,N@2.6,4.6,33.8,0.0,162,"Quincy, Grant County",330073,Quincy,2017-12-14 23:17:48.549524
2016-12-09,14:45,23.9,23.4,17.9,81.6,0.0,N@3.0,5.3,33.8,0.0,52,"Quincy, Grant County",330073,Quincy,2017-12-14 23:17:48.549524
2016-12-09,15:00,23.2,23.0,17.8,84.0,0.0,NW@2.9,5.7,33.8,0.0,44,"Quincy, Grant County",330073,Quincy,2017-12-14 23:17:48.549524
2016-12-09,15:15,23.0,22.7,17.6,84.1,0.0,NW@2.9,4.9,33.8,0.0,33,"Quincy, Grant County",330073,Quincy,2017-12-14 23:17:48.549524
2016-12-09,15:30,22.9,22.5,17.6,84.5,0.0,N@3.0,4.9,33.8,0.0,24,"Quincy, Grant County",330073,Quincy,2017-12-14 23:17:48.549524
2016-12-09,15:45,22.5,22.2,18.1,87.9,0.0,NW@2.6,5.7,33.8,0.0,16,"Quincy, Grant County",330073,Quincy,2017-12-14 23:17:48.549524
2016-12-09,16:00,22.1,21.8,18.3,90.5,0.0,NW@3.0,5.3,33.8,0.0,8,"Quincy, Grant County",330073,Quincy,2017-12-14 23:17:48.549524
2016-12-09,16:15,21.8,21.6,18.4,92.0,0.0,NW@2.9,6.0,33.8,0.0,3,"Quincy, Grant County",330073,Quincy,2017-12-14 23:17:48.549524
2016-12-09,16:30,21.7,21.5,18.5,92.6,0.0,NW@2.0,4.2,33.8,0.0,1,"Quincy, Grant County",330073,Quincy,2017-12-14 23:17:48.549524
2016-12-09,16:45,21.6,21.3,18.5,93.2,0.0,NW@2.1,3.9,33.8,0.0,0,"Quincy, Grant County",330073,Quincy,2017-12-14 23:17:48.549524
2016-12-09,17:00,21.4,21.1,18.4,93.6,0.0,NW@2.2,3.9,33.8,0.0,0,"Quincy, Grant County",330073,Quincy,2017-12-14 23:17:48.549524
2016-12-09,17:15,21.3,21.0,18.4,94.1,0.0,N@1.5,3.5,33.8,0.0,0,"Quincy, Grant County",330073,Quincy,2017-12-14 23:17:48.549524
2016-12-09,17:30,21.3,21.0,18.3,93.8,0.0,N@1.6,2.8,33.8,0.0,0,"Quincy, Grant County",330073,Quincy,2017-12-14 23:17:48.549524
2016-12-09,17:45,21.4,21.1,18.0,92.4,0.0,N@1.3,3.1,33.8,0.0,0,"Quincy, Grant County",330073,Quincy,2017-12-14 23:17:48.549524
2016-12-09,18:00,21.4,21.1,17.8,91.2,0.0,N@1.9,5.3,33.8,0.0,0,"Quincy, Grant County",330073,Quincy,2017-12-14 23:17:48.549524
2016-12-09,18:15,21.3,21.0,17.5,90.5,0.0,NW@2.3,4.2,33.7,0.0,0,"Quincy, Grant County",330073,Quincy,2017-12-14 23:17:48.549524
2016-12-09,18:30,21.3,20.9,17.4,90.2,0.0,NW@1.9,3.1,33.7,0.0,0,"Quincy, Grant County",330073,Quincy,2017-12-14 23:17:48.549524
2016-12-09,18:45,21.3,20.9,17.6,91.3,0.0,NW@1.3,2.8,33.7,0.0,0,"Quincy, Grant County",330073,Quincy,2017-12-14 23:17:48.549524
2016-12-09,19:00,21.2,20.8,17.7,91.6,0.0,NW@1.1,3.5,33.7,0.0,0,"Quincy, Grant County",330073,Quincy,2017-12-14 23:17:48.549524
2016-12-09,19:15,21.1,20.8,17.5,91.3,0.0,N@1.6,3.1,33.7,0.0,0,"Quincy, Grant County",330073,Quincy,2017-12-14 23:17:48.549524
2016-12-09,19:30,21.2,20.9,17.2,90.0,0.0,N@2.6,4.6,33.7,0.0,0,"Quincy, Grant County",330073,Quincy,2017-12-14 23:17:48.549524
2016-12-09,19:45,21.2,20.8,17.1,89.5,0.0,NW@2.3,3.5,33.7,0.0,0,"Quincy, Grant County",330073,Quincy,2017-12-14 23:17:48.549524
2016-12-09,20:00,21.1,20.7,17.0,89.5,0.0,NW@1.5,3.9,33.7,0.0,0,"Quincy, Grant County",330073,Quincy,2017-12-14 23:17:48.549524
2016-12-09,20:15,20.9,20.5,17.0,90.4,0.0,NW@2.2,3.5,33.7,0.0,0,"Quincy, Grant County",330073,Quincy,2017-12-14 23:17:48.549524
2016-12-09,20:30,20.8,20.4,17.1,91.3,0.0,NW@2.0,3.5,33.7,0.0,0,"Quincy, Grant County",330073,Quincy,2017-12-14 23:17:48.549524
2016-12-09,20:45,20.8,20.4,17.1,91.2,0.0,NW@1.7,2.8,33.7,0.0,0,"Quincy, Grant County",330073,Quincy,2017-12-14 23:17:48.549524
2016-12-09,21:00,20.7,20.3,17.1,91.4,0.0,NW@1.3,2.8,33.7,0.0,0,"Quincy, Grant County",330073,Quincy,2017-12-14 23:17:48.549524
2016-12-09,21:15,20.7,20.3,17.0,91.3,0.0,NW@1.9,3.5,33.7,0.0,0,"Quincy, Grant County",330073,Quincy,2017-12-14 23:17:48.549524
2016-12-09,21:30,20.6,20.3,16.8,90.7,0.0,NW@2.4,3.9,33.7,0.0,0,"Quincy, Grant County",330073,Quincy,2017-12-14 23:17:48.549524
2016-12-09,21:45,20.5,20.1,16.9,91.6,0.0,NW@2.0,3.1,33.7,0.0,0,"Quincy, Grant County",330073,Quincy,2017-12-14 23:17:48.549524
2016-12-09,22:00,20.6,20.2,17.0,91.7,0.0,NW@2.3,3.9,33.7,0.0,0,"Quincy, Grant County",330073,Quincy,2017-12-14 23:17:48.549524
2016-12-09,22:15,20.6,20.3,17.0,91.6,0.0,NW@2.1,3.9,33.7,0.0,0,"Quincy, Grant County",330073,Quincy,2017-12-14 23:17:48.549524
2016-12-09,22:30,20.6,20.3,17.2,92.3,0.0,NW@1.9,3.1,33.7,0.0,0,"Quincy, Grant County",330073,Quincy,2017-12-14 23:17:48.549524
2016-12-09,22:45,20.5,20.2,17.4,93.5,0.0,NW@1.9,3.1,33.7,0.0,0,"Quincy, Grant County",330073,Quincy,2017-12-14 23:17:48.549524
2016-12-09,23:00,20.4,20.1,17.4,94.0,0.0,NW@2.4,3.9,33.7,0.0,0,"Quincy, Grant County",330073,Quincy,2017-12-14 23:17:48.549524
2016-12-09,23:15,20.4,20.1,17.4,94.2,0.0,NW@2.6,4.9,33.7,0.0,0,"Quincy, Grant County",330073,Quincy,2017-12-14 23:17:48.549524
2016-12-09,23:30,20.4,20.1,17.5,94.5,0.0,NW@2.3,3.9,33.7,0.0,0,"Quincy, Grant County",330073,Quincy,2017-12-14 23:17:48.549524
2016-12-09,23:45,20.4,20.1,17.5,94.7,0.0,W@2.5,3.9,33.7,0.0,0,"Quincy, Grant County",330073,Quincy,2017-12-14 23:17:48.549524
2016-12-09,24:00,20.4,20.1,17.5,94.5,0.0,W@1.8,3.1,33.7,0.0,0,"Quincy, Grant County",330073,Quincy,2017-12-14 23:17:48.549524
2016-12-10,00:15,20.4,20.1,17.5,94.4,0.0,NW@2.5,4.2,33.7,0.0,0,"Quincy, Grant County",330073,Quincy,2017-12-14 23:17:48.549524
2016-12-10,00:30,20.4,20.1,17.5,94.3,0.0,N@2.9,6.0,33.7,0.0,0,"Quincy, Grant County",330073,Quincy,2017-12-14 23:17:48.549524
2016-12-10,00:45,20.5,20.1,17.5,94.4,0.0,NW@2.5,4.9,33.7,0.0,0,"Quincy, Grant County",330073,Quincy,2017-12-14 23:17:48.549524
2016-12-10,01:00,20.6,20.2,17.7,94.6,0.0,NW@2.6,3.9,33.7,0.0,0,"Quincy, Grant County",330073,Quincy,2017-12-14 23:17:48.549524
2016-12-10,01:15,20.8,20.5,17.8,94.3,0.0,NW@2.5,4.2,33.7,0.0,0,"Quincy, Grant County",330073,Quincy,2017-12-14 23:17:48.549524
2016-12-10,01:30,20.8,20.4,17.8,94.2,0.0,NW@2.2,3.9,33.7,0.0,0,"Quincy, Grant County",330073,Quincy,2017-12-14 23:17:48.549524
2016-12-10,01:45,20.8,20.4,17.7,93.8,0.0,NW@2.7,4.9,33.7,0.0,0,"Quincy, Grant County",330073,Quincy,2017-12-14 23:17:48.549524
2016-12-10,02:00,20.9,20.6,17.6,92.8,0.0,NW@3.5,6.7,33.7,0.0,0,"Quincy, Grant County",330073,Quincy,2017-12-14 23:17:48.549524
2016-12-10,02:15,21.0,20.7,17.7,93.0,0.0,N@3.2,6.4,33.6,0.0,0,"Quincy, Grant County",330073,Quincy,2017-12-14 23:17:48.549524
2016-12-10,02:30,20.8,20.5,17.5,92.8,0.0,NW@3.1,5.7,33.6,0.0,0,"Quincy, Grant County",330073,Quincy,2017-12-14 23:17:48.549524
2016-12-10,02:45,20.7,20.4,17.4,92.6,0.0,NW@2.7,4.9,33.6,0.0,0,"Quincy, Grant County",330073,Quincy,2017-12-14 23:17:48.549524
2016-12-10,03:00,20.6,20.3,17.1,91.9,0.0,NW@2.6,4.6,33.6,0.0,0,"Quincy, Grant County",330073,Quincy,2017-12-14 23:17:48.549524
2016-12-10,03:15,20.6,20.2,17.1,92.2,0.0,NW@2.3,4.6,33.6,0.0,0,"Quincy, Grant County",330073,Quincy,2017-12-14 23:17:48.549524
2016-12-10,03:30,20.5,20.1,17.0,92.2,0.0,NW@2.3,4.6,33.6,0.0,0,"Quincy, Grant County",330073,Quincy,2017-12-14 23:17:48.549524
2016-12-10,03:45,20.3,19.9,16.8,92.0,0.0,NW@2.0,3.5,33.6,0.0,0,"Quincy, Grant County",330073,Quincy,2017-12-14 23:17:48.549524
2016-12-10,04:00,19.4,18.7,15.7,91.8,0.0,NW@2.1,3.1,33.6,0.0,0,"Quincy, Grant County",330073,Quincy,2017-12-14 23:17:48.549524
2016-12-10,04:15,18.5,17.8,15.0,93.2,0.0,NW@2.2,3.5,33.6,0.0,0,"Quincy, Grant County",330073,Quincy,2017-12-14 23:17:48.549524
2016-12-10,04:30,17.8,17.1,14.5,94.1,0.0,W@2.5,3.9,33.6,0.0,0,"Quincy, Grant County",330073,Quincy,2017-12-14 23:17:48.549524
2016-12-10,04:45,17.8,17.2,14.5,94.0,0.0,W@3.0,4.6,33.6,0.0,0,"Quincy, Grant County",330073,Quincy,2017-12-14 23:17:48.549524
2016-12-10,05:00,17.2,16.7,13.9,93.8,0.0,W@3.8,5.7,33.6,0.0,0,"Quincy, Grant County",330073,Quincy,2017-12-14 23:17:48.549524
2016-12-10,05:15,16.7,16.2,13.5,94.5,0.0,W@3.2,4.6,33.6,0.0,0,"Quincy, Grant County",330073,Quincy,2017-12-14 23:17:48.549524
2016-12-10,05:30,17.8,17.2,14.9,95.4,0.0,W@3.0,4.9,33.6,0.0,0,"Quincy, Grant County",330073,Quincy,2017-12-14 23:17:48.549524
2016-12-10,05:45,17.3,16.7,14.1,94.5,0.0,W@2.6,3.9,33.6,0.0,0,"Quincy, Grant County",330073,Quincy,2017-12-14 23:17:48.549524
2016-12-10,06:00,14.6,14.0,10.6,92.0,0.0,W@1.1,3.9,33.6,0.0,0,"Quincy, Grant County",330073,Quincy,2017-12-14 23:17:48.549524
2016-12-10,06:15,14.4,13.7,11.2,95.3,0.0,W@2.4,4.2,33.6,0.0,0,"Quincy, Grant County",330073,Quincy,2017-12-14 23:17:48.549524
2016-12-10,06:30,15.1,14.5,11.8,95.0,0.0,W@2.4,4.2,33.6,0.0,0,"Quincy, Grant County",330073,Quincy,2017-12-14 23:17:48.549524
2016-12-10,06:45,13.9,13.1,10.0,92.7,0.0,W@1.8,3.1,33.6,0.0,0,"Quincy, Grant County",330073,Quincy,2017-12-14 23:17:48.549524
2016-12-10,07:00,12.8,11.8,8.6,91.7,0.0,NW@1.2,2.4,33.6,0.0,0,"Quincy, Grant County",330073,Quincy,2017-12-14 23:17:48.549524
2016-12-10,07:15,11.1,10.0,6.4,90.2,0.0,W@1.5,2.4,33.6,0.0,0,"Quincy, Grant County",330073,Quincy,2017-12-14 23:17:48.549524
2016-12-10,07:30,10.6,9.6,6.3,91.9,0.0,W@1.9,2.8,33.6,0.0,1,"Quincy, Grant County",330073,Quincy,2017-12-14 23:17:48.549524
2016-12-10,07:45,12.4,11.3,8.5,93.4,0.0,W@2.2,3.5,33.6,0.0,6,"Quincy, Grant County",330073,Quincy,2017-12-14 23:17:48.549524
2016-12-10,08:00,13.1,12.3,9.0,92.1,0.0,W@2.4,3.9,33.6,0.0,32,"Quincy, Grant County",330073,Quincy,2017-12-14 23:17:48.549524
2016-12-10,08:15,15.3,14.9,10.7,89.7,0.0,NW@2.2,3.9,33.6,0.0,73,"Quincy, Grant County",330073,Quincy,2017-12-14 23:17:48.549524
2016-12-10,08:30,16.9,16.8,11.7,87.0,0.0,NW@2.2,3.5,33.6,0.0,90,"Quincy, Grant County",330073,Quincy,2017-12-14 23:17:48.549524
2016-12-10,08:45,18.3,18.7,13.1,86.1,0.0,NW@2.4,3.5,33.6,0.0,114,"Quincy, Grant County",330073,Quincy,2017-12-14 23:17:48.549524
2016-12-10,09:00,19.5,20.1,13.9,84.3,0.0,W@2.3,3.9,33.6,0.0,147,"Quincy, Grant County",330073,Quincy,2017-12-14 23:17:48.549524
2016-12-10,09:15,21.8,22.5,15.5,81.1,0.0,W@1.5,3.5,33.6,0.0,177,"Quincy, Grant County",330073,Quincy,2017-12-14 23:17:48.549524
2016-12-10,09:30,21.9,22.7,14.7,78.0,0.48,W@2.6,4.2,33.6,0.0,205,"Quincy, Grant County",330073,Quincy,2017-12-14 23:17:48.549524
2016-12-10,09:45,21.1,21.3,13.9,78.1,0.73,W@3.3,4.9,33.6,0.01,229,"Quincy, Grant County",330073,Quincy,2017-12-14 23:17:48.549524
2016-12-10,10:00,22.0,22.9,14.3,76.3,0.71,NW@2.8,4.9,33.6,0.01,250,"Quincy, Grant County",330073,Quincy,2017-12-14 23:17:48.549524
2016-12-10,10:15,23.7,24.1,15.6,74.5,0.72,NW@2.1,3.5,33.6,0.0,270,"Quincy, Grant County",330073,Quincy,2017-12-14 23:17:48.549524
2016-12-10,10:30,26.7,25.5,17.3,69.6,0.86,N@1.6,3.5,33.6,0.03,295,"Quincy, Grant County",330073,Quincy,2017-12-14 23:17:48.549524
2016-12-10,10:45,27.7,25.1,17.2,66.3,0.87,NE@2.7,4.9,33.5,0.02,311,"Quincy, Grant County",330073,Quincy,2017-12-14 23:17:48.549524
2016-12-10,11:00,29.0,25.2,17.6,63.3,0.85,NE@1.8,4.6,33.5,0.0,290,"Quincy, Grant County",330073,Quincy,2017-12-14 23:17:48.549524
2016-12-10,11:15,25.9,23.8,16.0,68.5,0.8,E@3.0,6.4,33.5,0.0,222,"Quincy, Grant County",330073,Quincy,2017-12-14 23:17:48.549524
2016-12-10,11:30,22.5,21.9,15.2,77.4,0.2,SE@2.8,4.9,33.5,0.0,224,"Quincy, Grant County",330073,Quincy,2017-12-14 23:17:48.549524
2016-12-10,11:45,22.8,22.1,15.4,77.1,0.01,SE@3.1,5.7,33.5,0.0,219,"Quincy, Grant County",330073,Quincy,2017-12-14 23:17:48.549524
2016-12-10,12:00,22.3,21.7,16.1,81.1,0.0,SE@3.1,6.0,33.5,0.0,197,"Quincy, Grant County",330073,Quincy,2017-12-14 23:17:48.549524
2016-12-10,12:15,21.9,21.4,15.9,81.9,0.0,SE@3.6,5.7,33.5,0.0,188,"Quincy, Grant County",330073,Quincy,2017-12-14 23:17:48.549524
2016-12-10,12:30,20.9,20.5,15.7,85.6,0.0,SE@3.8,6.0,33.5,0.0,164,"Quincy, Grant County",330073,Quincy,2017-12-14 23:17:48.549524
2016-12-10,12:45,21.5,20.8,16.6,86.6,0.0,E@3.3,5.7,33.5,0.0,165,"Quincy, Grant County",330073,Quincy,2017-12-14 23:17:48.549524
2016-12-10,13:00,22.0,21.5,17.2,86.6,0.0,SE@2.9,4.6,33.5,0.0,147,"Quincy, Grant County",330073,Quincy,2017-12-14 23:17:48.549524
2016-12-10,13:15,22.3,21.9,17.6,86.7,0.0,SE@2.8,5.3,33.5,0.0,138,"Quincy, Grant County",330073,Quincy,2017-12-14 23:17:48.549524
2016-12-10,13:30,22.2,21.8,17.8,88.0,0.0,SE@1.8,3.5,33.5,0.0,110,"Quincy, Grant County",330073,Quincy,2017-12-14 23:17:48.549524
2016-12-10,13:45,21.9,21.6,17.5,88.1,0.0,SE@2.2,4.6,33.5,0.0,95,"Quincy, Grant County",330073,Quincy,2017-12-14 23:17:48.549524
2016-12-10,14:00,22.2,21.5,18.0,88.9,0.0,E@2.6,5.7,33.5,0.0,95,"Quincy, Grant County",330073,Quincy,2017-12-14 23:17:48.549524
2016-12-10,14:15,21.8,21.4,17.6,88.7,0.0,E@3.3,6.0,33.5,0.0,85,"Quincy, Grant County",330073,Quincy,2017-12-14 23:17:48.549524
2016-12-10,14:30,21.8,21.3,17.3,87.8,0.0,E@3.2,5.3,33.5,0.0,42,"Quincy, Grant County",330073,Quincy,2017-12-14 23:17:48.549524
2016-12-10,14:45,21.7,21.3,17.7,89.8,0.0,SE@2.1,3.5,33.5,0.0,33,"Quincy, Grant County",330073,Quincy,2017-12-14 23:17:48.549524
2016-12-10,15:00,21.9,21.6,17.9,89.7,0.0,S@1.9,5.7,33.5,0.0,42,"Quincy, Grant County",330073,Quincy,2017-12-14 23:17:48.549524
2016-12-10,15:15,21.9,21.7,18.1,90.4,0.0,S@2.7,4.2,33.5,0.0,30,"Quincy, Grant County",330073,Quincy,2017-12-14 23:17:48.549524
2016-12-10,15:30,21.7,21.4,18.2,91.7,0.0,SE@2.7,4.6,33.5,0.0,22,"Quincy, Grant County",330073,Quincy,2017-12-14 23:17:48.549524
2016-12-10,15:45,21.6,21.3,18.3,92.5,0.0,SE@1.9,3.1,33.5,0.0,16,"Quincy, Grant County",330073,Quincy,2017-12-14 23:17:48.549524
2016-12-10,16:00,21.5,21.2,18.2,92.8,0.0,SE@1.2,2.8,33.5,0.0,5,"Quincy, Grant County",330073,Quincy,2017-12-14 23:17:48.549524
2016-12-10,16:15,21.4,21.1,18.1,92.6,0.0,SE@2.6,4.2,33.5,0.0,2,"Quincy, Grant County",330073,Quincy,2017-12-14 23:17:48.549524
2016-12-10,16:30,21.4,21.1,17.9,92.0,0.0,SE@2.6,4.6,33.5,0.0,0,"Quincy, Grant County",330073,Quincy,2017-12-14 23:17:48.549524
2016-12-10,16:45,21.4,21.2,18.0,92.1,0.0,SE@2.8,4.9,33.5,0.0,0,"Quincy, Grant County",330073,Quincy,2017-12-14 23:17:48.549524
2016-12-10,17:00,21.4,21.2,18.0,91.9,0.0,E@3.0,4.9,33.5,0.0,0,"Quincy, Grant County",330073,Quincy,2017-12-14 23:17:48.549524
2016-12-10,17:15,21.3,21.1,17.7,91.4,0.0,E@3.0,5.3,33.5,0.0,0,"Quincy, Grant County",330073,Quincy,2017-12-14 23:17:48.549524
2016-12-10,17:30,21.3,21.1,17.8,91.7,0.0,E@2.7,4.6,33.5,0.0,0,"Quincy, Grant County",330073,Quincy,2017-12-14 23:17:48.549524
2016-12-10,17:45,21.4,21.2,18.0,92.1,0.0,E@3.2,6.7,33.5,0.0,0,"Quincy, Grant County",330073,Quincy,2017-12-14 23:17:48.549524
2016-12-10,18:00,21.5,21.2,18.1,92.0,0.0,E@1.9,2.8,33.5,0.0,0,"Quincy, Grant County",330073,Quincy,2017-12-14 23:17:48.549524
2016-12-10,18:15,21.6,21.2,18.2,92.1,0.0,NE@0.9,2.4,33.5,0.0,0,"Quincy, Grant County",330073,Quincy,2017-12-14 23:17:48.549524
2016-12-10,18:30,21.6,21.2,18.2,92.1,0.0,S@0.0,1.4,33.5,0.0,0,"Quincy, Grant County",330073,Quincy,2017-12-14 23:17:48.549524
2016-12-10,18:45,21.6,21.2,18.2,92.0,0.0,SW@0.6,2.4,33.4,0.0,0,"Quincy, Grant County",330073,Quincy,2017-12-14 23:17:48.549524
2016-12-10,19:00,21.5,21.1,18.1,92.1,0.0,SW@0.3,2.1,33.4,0.0,0,"Quincy, Grant County",330073,Quincy,2017-12-14 23:17:48.549524
2016-12-10,19:15,21.7,21.2,18.4,92.4,0.0,W@0.5,3.5,33.4,0.0,0,"Quincy, Grant County",330073,Quincy,2017-12-14 23:17:48.549524
2016-12-10,19:30,21.6,21.3,18.3,92.5,0.0,W@1.8,3.1,33.4,0.0,0,"Quincy, Grant County",330073,Quincy,2017-12-14 23:17:48.549524
2016-12-10,19:45,21.6,21.2,18.3,92.4,0.0,W@1.6,3.9,33.4,0.0,0,"Quincy, Grant County",330073,Quincy,2017-12-14 23:17:48.549524
2016-12-10,20:00,21.6,21.3,18.4,92.7,0.0,W@2.4,3.9,33.4,0.0,0,"Quincy, Grant County",330073,Quincy,2017-12-14 23:17:48.549524
2016-12-10,20:15,21.6,21.3,18.6,93.8,0.0,W@1.9,3.1,33.4,0.0,0,"Quincy, Grant County",330073,Quincy,2017-12-14 23:17:48.549524
2016-12-10,20:30,21.6,21.2,18.9,95.1,0.0,NW@1.6,3.9,33.4,0.0,0,"Quincy, Grant County",330073,Quincy,2017-12-14 23:17:48.549524
2016-12-10,20:45,21.6,21.2,19.2,96.5,0.0,W@2.4,4.2,33.4,0.0,0,"Quincy, Grant County",330073,Quincy,2017-12-14 23:17:48.549524
2016-12-10,21:00,21.5,21.2,19.5,97.5,0.0,NW@2.2,4.2,33.4,0.0,0,"Quincy, Grant County",330073,Quincy,2017-12-14 23:17:48.549524
2016-12-10,21:15,21.5,21.2,19.6,98.3,0.0,W@2.4,3.9,33.4,0.0,0,"Quincy, Grant County",330073,Quincy,2017-12-14 23:17:48.549524
2016-12-10,21:30,21.6,21.3,19.9,98.9,0.0,NW@1.9,3.5,33.4,0.0,0,"Quincy, Grant County",330073,Quincy,2017-12-14 23:17:48.549524
2016-12-10,21:45,21.6,21.3,20.0,99.1,0.0,W@2.6,4.2,33.4,0.0,0,"Quincy, Grant County",330073,Quincy,2017-12-14 23:17:48.549524
2016-12-10,22:00,21.7,21.4,20.0,99.1,0.0,W@2.3,3.9,33.4,0.0,0,"Quincy, Grant County",330073,Quincy,2017-12-14 23:17:48.549524
2016-12-10,22:15,21.8,21.4,20.0,98.7,0.0,W@1.8,4.6,33.4,0.0,0,"Quincy, Grant County",330073,Quincy,2017-12-14 23:17:48.549524
2016-12-10,22:30,21.9,21.5,20.0,98.1,0.0,W@1.8,3.5,33.4,0.0,0,"Quincy, Grant County",330073,Quincy,2017-12-14 23:17:48.549524
2016-12-10,22:45,22.0,21.6,20.0,97.9,0.0,NW@1.7,3.5,33.4,0.0,0,"Quincy, Grant County",330073,Quincy,2017-12-14 23:17:48.549524
2016-12-10,23:00,22.1,21.7,20.1,97.9,0.0,W@1.8,3.5,33.4,0.0,0,"Quincy, Grant County",330073,Quincy,2017-12-14 23:17:48.549524
2016-12-10,23:15,22.1,21.7,20.2,98.0,0.0,NW@2.1,3.5,33.4,0.0,0,"Quincy, Grant County",330073,Quincy,2017-12-14 23:17:48.549524
2016-12-10,23:30,22.1,21.7,20.2,97.9,0.0,NW@2.0,4.2,33.4,0.0,0,"Quincy, Grant County",330073,Quincy,2017-12-14 23:17:48.549524
2016-12-10,23:45,22.1,21.8,20.2,97.9,0.0,NW@1.3,3.1,33.4,0.0,0,"Quincy, Grant County",330073,Quincy,2017-12-14 23:17:48.549524
2016-12-10,24:00,22.2,21.8,20.3,97.8,0.0,NW@1.5,3.1,33.4,0.0,0,"Quincy, Grant County",330073,Quincy,2017-12-14 23:17:48.549524
2016-12-11,00:15,22.3,21.8,20.3,97.7,0.0,NW@1.1,2.8,33.4,0.0,0,"Quincy, Grant County",330073,Quincy,2017-12-14 23:17:48.549524
2016-12-11,00:30,22.3,21.9,20.3,97.6,0.0,W@0.9,2.8,33.4,0.0,0,"Quincy, Grant County",330073,Quincy,2017-12-14 23:17:48.549524
2016-12-11,00:45,22.3,21.9,20.3,97.5,0.0,N@1.1,2.8,33.4,0.0,0,"Quincy, Grant County",330073,Quincy,2017-12-14 23:17:48.549524
2016-12-11,01:00,22.3,21.9,20.3,97.3,0.0,N@0.7,2.4,33.4,0.0,0,"Quincy, Grant County",330073,Quincy,2017-12-14 23:17:48.549524
2016-12-11,01:15,22.3,21.9,20.2,97.1,0.0,NW@1.2,2.4,33.4,0.0,0,"Quincy, Grant County",330073,Quincy,2017-12-14 23:17:48.549524
2016-12-11,01:30,22.3,21.9,20.2,96.8,0.0,N@0.8,2.8,33.4,0.0,0,"Quincy, Grant County",330073,Quincy,2017-12-14 23:17:48.549524
2016-12-11,01:45,22.3,21.9,20.0,96.5,0.0,NW@1.0,2.8,33.4,0.0,0,"Quincy, Grant County",330073,Quincy,2017-12-14 23:17:48.549524
2016-12-11,02:00,22.3,21.9,20.0,96.3,0.0,W@0.5,2.1,33.4,0.0,0,"Quincy, Grant County",330073,Quincy,2017-12-14 23:17:48.549524
2016-12-11,02:15,22.3,21.8,20.0,96.3,0.0,N@0.1,1.7,33.4,0.0,0,"Quincy, Grant County",330073,Quincy,2017-12-14 23:17:48.549524
2016-12-11,02:30,22.2,21.8,19.9,96.2,0.0,N@0.9,2.8,33.4,0.0,0,"Quincy, Grant County",330073,Quincy,2017-12-14 23:17:48.549524
2016-12-11,02:45,22.2,21.9,19.9,96.1,0.0,NW@1.1,2.4,33.4,0.0,0,"Quincy, Grant County",330073,Quincy,2017-12-14 23:17:48.549524
2016-12-11,03:00,22.2,21.8,19.9,96.0,0.0,W@0.4,2.4,33.4,0.0,0,"Quincy, Grant County",330073,Quincy,2017-12-14 23:17:48.549524
2016-12-11,03:15,22.2,21.8,19.8,96.1,0.0,NE@1.2,2.4,33.4,0.0,0,"Quincy, Grant County",330073,Quincy,2017-12-14 23:17:48.549524
2016-12-11,03:30,22.2,21.8,19.8,96.1,0.0,NE@0.1,2.1,33.4,0.0,0,"Quincy, Grant County",330073,Quincy,2017-12-14 23:17:48.549524
2016-12-11,03:45,22.2,21.8,19.9,96.2,0.0,W@0.4,2.1,33.4,0.0,0,"Quincy, Grant County",330073,Quincy,2017-12-14 23:17:48.549524
2016-12-11,04:00,22.2,21.8,19.8,96.1,0.0,SW@0.5,2.4,33.4,0.0,0,"Quincy, Grant County",330073,Quincy,2017-12-14 23:17:48.549524
2016-12-11,04:15,22.3,21.8,20.0,96.1,0.0,W@0.2,2.8,33.4,0.0,0,"Quincy, Grant County",330073,Quincy,2017-12-14 23:17:48.549524
2016-12-11,04:30,22.2,21.8,19.9,96.2,0.0,W@0.5,2.4,33.4,0.0,0,"Quincy, Grant County",330073,Quincy,2017-12-14 23:17:48.549524
2016-12-11,04:45,22.3,21.8,19.9,96.2,0.0,N@0.0,0.0,33.4,0.0,0,"Quincy, Grant County",330073,Quincy,2017-12-14 23:17:48.549524
2016-12-11,05:00,22.2,21.8,19.9,96.1,0.0,SW@0.3,2.4,33.4,0.0,0,"Quincy, Grant County",330073,Quincy,2017-12-14 23:17:48.549524
2016-12-11,05:15,22.3,21.8,19.9,96.2,0.0,W@0.5,2.4,33.4,0.0,0,"Quincy, Grant County",330073,Quincy,2017-12-14 23:17:48.549524
2016-12-11,05:30,22.3,21.9,20.0,96.3,0.0,E@0.7,2.4,33.4,0.0,0,"Quincy, Grant County",330073,Quincy,2017-12-14 23:17:48.549524
2016-12-11,05:45,22.3,21.9,20.1,96.5,0.0,E@0.9,3.1,33.4,0.0,0,"Quincy, Grant County",330073,Quincy,2017-12-14 23:17:48.549524
2016-12-11,06:00,22.3,21.9,20.1,96.5,0.0,N@1.0,2.8,33.4,0.0,0,"Quincy, Grant County",330073,Quincy,2017-12-14 23:17:48.549524
2016-12-11,06:15,22.2,21.9,20.0,96.6,0.0,W@1.3,3.5,33.4,0.0,0,"Quincy, Grant County",330073,Quincy,2017-12-14 23:17:48.549524
2016-12-11,06:30,22.1,21.7,19.9,97.1,0.0,SW@0.7,2.1,33.4,0.0,0,"Quincy, Grant County",330073,Quincy,2017-12-14 23:17:48.549524
2016-12-11,06:45,22.1,21.7,20.0,97.1,0.0,W@0.5,2.8,33.4,0.0,0,"Quincy, Grant County",330073,Quincy,2017-12-14 23:17:48.549524
2016-12-11,07:00,22.0,21.6,19.8,97.0,0.0,SW@1.3,3.1,33.4,0.0,0,"Quincy, Grant County",330073,Quincy,2017-12-14 23:17:48.549524
2016-12-11,07:15,21.7,21.4,19.6,97.0,0.0,W@2.5,4.2,33.4,0.0,0,"Quincy, Grant County",330073,Quincy,2017-12-14 23:17:48.549524
2016-12-11,07:30,21.7,21.3,19.6,97.1,0.0,W@1.0,2.8,33.3,0.0,0,"Quincy, Grant County",330073,Quincy,2017-12-14 23:17:48.549524
2016-12-11,07:45,21.7,21.3,19.6,97.1,0.0,W@1.5,3.5,33.3,0.0,3,"Quincy, Grant County",330073,Quincy,2017-12-14 23:17:48.549524
2016-12-11,08:00,21.5,21.1,19.3,97.0,0.0,W@2.3,3.9,33.3,0.0,7,"Quincy, Grant County",330073,Quincy,2017-12-14 23:17:48.549524
2016-12-11,08:15,21.4,21.1,19.2,97.4,0.0,W@2.2,3.9,33.3,0.0,17,"Quincy, Grant County",330073,Quincy,2017-12-14 23:17:48.549524
2016-12-11,08:30,21.4,21.1,19.3,97.4,0.0,NW@2.0,3.5,33.3,0.0,25,"Quincy, Grant County",330073,Quincy,2017-12-14 23:17:48.549524
2016-12-11,08:45,21.5,21.2,19.3,97.3,0.0,W@2.3,3.9,33.3,0.0,34,"Quincy, Grant County",330073,Quincy,2017-12-14 23:17:48.549524
2016-12-11,09:00,21.2,21.0,19.0,96.8,0.0,NW@2.5,4.6,33.3,0.0,42,"Quincy, Grant County",330073,Quincy,2017-12-14 23:17:48.549524
2016-12-11,09:15,21.1,20.9,18.8,96.8,0.0,NW@2.7,4.6,33.3,0.0,48,"Quincy, Grant County",330073,Quincy,2017-12-14 23:17:48.549524
2016-12-11,09:30,21.1,20.9,18.9,97.1,0.0,W@3.0,4.9,33.3,0.0,54,"Quincy, Grant County",330073,Quincy,2017-12-14 23:17:48.549524
2016-12-11,09:45,21.2,21.1,19.1,97.2,0.0,W@2.9,4.9,33.3,0.0,59,"Quincy, Grant County",330073,Quincy,2017-12-14 23:17:48.549524
2016-12-11,10:00,21.2,21.0,18.9,97.1,0.0,NW@2.8,4.9,33.3,0.0,78,"Quincy, Grant County",330073,Quincy,2017-12-14 23:17:48.549524
2016-12-11,10:15,21.7,21.6,19.5,97.0,0.0,W@3.3,6.4,33.3,0.0,122,"Quincy, Grant County",330073,Quincy,2017-12-14 23:17:48.549524
2016-12-11,10:30,21.7,21.5,19.3,96.5,0.0,W@3.2,5.3,33.3,0.0,104,"Quincy, Grant County",330073,Quincy,2017-12-14 23:17:48.549524
2016-12-11,10:45,21.7,21.5,19.4,96.5,0.0,W@3.3,5.7,33.3,0.0,106,"Quincy, Grant County",330073,Quincy,2017-12-14 23:17:48.549524
2016-12-11,11:00,21.4,21.3,19.0,96.2,0.0,W@4.0,6.7,33.3,0.0,119,"Quincy, Grant County",330073,Quincy,2017-12-14 23:17:48.549524
2016-12-11,11:15,21.7,21.7,19.3,95.9,0.0,W@3.7,5.3,33.3,0.0,187,"Quincy, Grant County",330073,Quincy,2017-12-14 23:17:48.549524
2016-12-11,11:30,22.7,23.0,20.2,95.2,0.0,NW@3.2,4.9,33.3,0.0,262,"Quincy, Grant County",330073,Quincy,2017-12-14 23:17:48.549524
2016-12-11,11:45,23.2,23.4,20.3,93.4,0.0,NW@3.5,6.4,33.3,0.0,287,"Quincy, Grant County",330073,Quincy,2017-12-14 23:17:48.549524
2016-12-11,12:00,23.3,23.5,20.2,92.9,0.0,W@3.8,7.4,33.3,0.0,231,"Quincy, Grant County",330073,Quincy,2017-12-14 23:17:48.549524
2016-12-11,12:15,23.0,23.0,19.8,92.5,0.0,W@4.0,6.4,33.3,0.0,237,"Quincy, Grant County",330073,Quincy,2017-12-14 23:17:48.549524
2016-12-11,12:30,23.3,23.5,20.0,91.9,0.0,W@3.2,4.9,33.3,0.0,208,"Quincy, Grant County",330073,Quincy,2017-12-14 23:17:48.549524
2016-12-11,12:45,23.0,23.0,19.9,92.8,0.0,W@3.3,4.9,33.3,0.0,176,"Quincy, Grant County",330073,Quincy,2017-12-14 23:17:48.549524
2016-12-11,13:00,22.9,22.8,20.1,94.1,0.0,W@2.9,4.9,33.3,0.0,145,"Quincy, Grant County",330073,Quincy,2017-12-14 23:17:48.549524
2016-12-11,13:15,22.8,22.7,20.2,94.6,0.0,W@3.3,5.7,33.3,0.0,88,"Quincy, Grant County",330073,Quincy,2017-12-14 23:17:48.549524
2016-12-11,13:30,22.9,22.8,20.3,94.8,0.0,W@3.3,5.7,33.3,0.0,110,"Quincy, Grant County",330073,Quincy,2017-12-14 23:17:48.549524
2016-12-11,13:45,23.1,23.0,20.4,94.3,0.0,NW@3.1,4.9,33.3,0.0,96,"Quincy, Grant County",330073,Quincy,2017-12-14 23:17:48.549524
2016-12-11,14:00,23.1,23.1,20.3,93.8,0.0,NW@3.6,5.7,33.3,0.0,86,"Quincy, Grant County",330073,Quincy,2017-12-14 23:17:48.549524
2016-12-11,14:15,23.1,23.0,19.9,92.3,0.0,W@3.5,5.7,33.3,0.0,75,"Quincy, Grant County",330073,Quincy,2017-12-14 23:17:48.549524
2016-12-11,14:30,23.1,23.0,19.7,91.6,0.0,NW@3.6,6.4,33.3,0.0,65,"Quincy, Grant County",330073,Quincy,2017-12-14 23:17:48.549524
2016-12-11,14:45,23.0,22.9,19.5,91.0,0.0,W@3.6,6.7,33.3,0.0,38,"Quincy, Grant County",330073,Quincy,2017-12-14 23:17:48.549524
2016-12-11,15:00,23.1,22.9,19.5,91.0,0.0,W@3.6,6.0,33.3,0.0,44,"Quincy, Grant County",330073,Quincy,2017-12-14 23:17:48.549524
2016-12-11,15:15,23.1,23.0,19.7,91.2,0.0,W@3.5,5.3,33.3,0.0,35,"Quincy, Grant County",330073,Quincy,2017-12-14 23:17:48.549524
2016-12-11,15:30,23.3,23.1,19.9,91.5,0.0,W@3.3,5.7,33.3,0.0,24,"Quincy, Grant County",330073,Quincy,2017-12-14 23:17:48.549524
2016-12-11,15:45,23.3,23.1,19.8,91.3,0.0,W@3.4,5.7,33.3,0.0,15,"Quincy, Grant County",330073,Quincy,2017-12-14 23:17:48.549524
2016-12-11,16:00,23.2,22.9,19.6,91.0,0.0,W@3.0,5.3,33.3,0.0,9,"Quincy, Grant County",330073,Quincy,2017-12-14 23:17:48.549524
2016-12-11,16:15,22.9,22.7,19.5,91.5,0.0,W@3.3,5.7,33.3,0.0,3,"Quincy, Grant County",330073,Quincy,2017-12-14 23:17:48.549524
2016-12-11,16:30,22.9,22.7,19.5,91.6,0.0,W@3.1,4.9,33.3,0.0,0,"Quincy, Grant County",330073,Quincy,2017-12-14 23:17:48.549524
2016-12-11,16:45,22.9,22.7,19.6,91.9,0.0,W@3.1,4.9,33.3,0.0,0,"Quincy, Grant County",330073,Quincy,2017-12-14 23:17:48.549524
2016-12-11,17:00,22.8,22.5,19.7,92.8,0.0,W@2.7,4.6,33.3,0.0,0,"Quincy, Grant County",330073,Quincy,2017-12-14 23:17:48.549524
2016-12-11,17:15,22.7,22.4,20.0,94.3,0.0,W@2.6,5.3,33.3,0.0,0,"Quincy, Grant County",330073,Quincy,2017-12-14 23:17:48.549524
2016-12-11,17:30,22.7,22.4,20.2,95.5,0.0,W@2.7,4.9,33.3,0.0,0,"Quincy, Grant County",330073,Quincy,2017-12-14 23:17:48.549524
2016-12-11,17:45,22.7,22.4,20.6,96.6,0.0,W@2.2,4.2,33.3,0.0,0,"Quincy, Grant County",330073,Quincy,2017-12-14 23:17:48.549524
2016-12-11,18:00,22.8,22.5,20.8,97.4,0.0,NW@1.8,3.5,33.3,0.0,0,"Quincy, Grant County",330073,Quincy,2017-12-14 23:17:48.549524
2016-12-11,18:15,22.7,22.4,20.7,97.5,0.0,NW@2.6,4.6,33.3,0.0,0,"Quincy, Grant County",330073,Quincy,2017-12-14 23:17:48.549524
2016-12-11,18:30,22.6,22.3,20.7,97.8,0.0,NW@2.6,4.2,33.3,0.0,0,"Quincy, Grant County",330073,Quincy,2017-12-14 23:17:48.549524
2016-12-11,18:45,22.7,22.4,21.0,98.2,0.0,W@2.9,5.3,33.3,0.0,0,"Quincy, Grant County",330073,Quincy,2017-12-14 23:17:48.549524
2016-12-11,19:00,22.7,22.4,20.9,98.1,0.0,NW@3.0,4.6,33.3,0.0,0,"Quincy, Grant County",330073,Quincy,2017-12-14 23:17:48.549524
2016-12-11,19:15,22.8,22.5,20.8,97.6,0.0,NW@3.2,5.7,33.3,0.0,0,"Quincy, Grant County",330073,Quincy,2017-12-14 23:17:48.549524
2016-12-11,19:30,22.8,22.5,20.7,96.9,0.0,NW@2.6,5.3,33.3,0.0,0,"Quincy, Grant County",330073,Quincy,2017-12-14 23:17:48.549524
2016-12-11,19:45,22.9,22.6,20.7,96.5,0.0,NW@3.0,5.3,33.3,0.0,0,"Quincy, Grant County",330073,Quincy,2017-12-14 23:17:48.549524
2016-12-11,20:00,22.9,22.6,20.7,96.4,0.0,N@2.9,5.7,33.3,0.0,0,"Quincy, Grant County",330073,Quincy,2017-12-14 23:17:48.549524
2016-12-11,20:15,22.8,22.6,20.4,95.5,0.0,N@2.8,5.3,33.3,0.0,0,"Quincy, Grant County",330073,Quincy,2017-12-14 23:17:48.549524
2016-12-11,20:30,22.7,22.4,20.1,94.8,0.0,N@3.0,5.7,33.3,0.0,0,"Quincy, Grant County",330073,Quincy,2017-12-14 23:17:48.549524
2016-12-11,20:45,22.6,22.4,20.0,94.9,0.0,NW@3.0,5.7,33.3,0.0,0,"Quincy, Grant County",330073,Quincy,2017-12-14 23:17:48.549524
2016-12-11,21:00,22.6,22.4,20.1,95.0,0.0,NW@2.8,4.9,33.3,0.0,0,"Quincy, Grant County",330073,Quincy,2017-12-14 23:17:48.549524
2016-12-11,21:15,22.7,22.4,20.1,94.8,0.0,N@2.7,6.0,33.3,0.0,0,"Quincy, Grant County",330073,Quincy,2017-12-14 23:17:48.549524
2016-12-11,21:30,22.6,22.3,19.7,93.7,0.0,N@3.3,5.3,33.3,0.0,0,"Quincy, Grant County",330073,Quincy,2017-12-14 23:17:48.549524
2016-12-11,21:45,22.5,22.2,19.4,92.8,0.0,N@3.2,5.7,33.3,0.0,0,"Quincy, Grant County",330073,Quincy,2017-12-14 23:17:48.549524
2016-12-11,22:00,22.4,22.1,19.2,92.6,0.0,NW@2.5,4.9,33.3,0.0,0,"Quincy, Grant County",330073,Quincy,2017-12-14 23:17:48.549524
2016-12-11,22:15,22.1,21.8,19.2,93.6,0.0,W@2.9,4.6,33.3,0.0,0,"Quincy, Grant County",330073,Quincy,2017-12-14 23:17:48.549524
2016-12-11,22:30,22.0,21.7,19.3,94.8,0.0,W@2.6,4.6,33.3,0.0,0,"Quincy, Grant County",330073,Quincy,2017-12-14 23:17:48.549524
2016-12-11,22:45,21.9,21.6,19.5,95.7,0.0,W@2.6,4.9,33.3,0.0,0,"Quincy, Grant County",330073,Quincy,2017-12-14 23:17:48.549524
2016-12-11,23:00,22.0,21.7,19.5,95.7,0.0,W@2.3,3.5,33.3,0.0,0,"Quincy, Grant County",330073,Quincy,2017-12-14 23:17:48.549524
2016-12-11,23:15,22.1,21.8,19.4,94.8,0.0,W@2.7,4.2,33.3,0.0,0,"Quincy, Grant County",330073,Quincy,2017-12-14 23:17:48.549524
2016-12-11,23:30,22.2,21.9,19.3,93.8,0.0,W@2.2,3.9,33.3,0.0,0,"Quincy, Grant County",330073,Quincy,2017-12-14 23:17:48.549524
2016-12-11,23:45,22.3,22.0,19.3,93.1,0.0,NW@2.2,3.9,33.3,0.0,0,"Quincy, Grant County",330073,Quincy,2017-12-14 23:17:48.549524
2016-12-11,24:00,22.5,22.1,19.2,92.4,0.0,NW@2.5,3.5,33.3,0.0,0,"Quincy, Grant County",330073,Quincy,2017-12-14 23:17:48.549524
2016-12-12,00:15,22.5,22.1,19.2,92.2,0.0,W@1.9,4.2,33.3,0.0,0,"Quincy, Grant County",330073,Quincy,2017-12-14 23:17:48.549524
2016-12-12,00:30,22.3,21.9,19.1,92.7,0.0,W@2.8,4.6,33.3,0.0,0,"Quincy, Grant County",330073,Quincy,2017-12-14 23:17:48.549524
2016-12-12,00:45,21.7,21.3,18.5,93.2,0.0,W@3.7,6.4,33.3,0.0,0,"Quincy, Grant County",330073,Quincy,2017-12-14 23:17:48.549524
2016-12-12,01:00,21.5,21.1,18.5,93.7,0.0,W@3.7,7.1,33.3,0.0,0,"Quincy, Grant County",330073,Quincy,2017-12-14 23:17:48.549524
2016-12-12,01:15,21.6,21.2,18.7,94.1,0.0,W@3.9,7.4,33.3,0.0,0,"Quincy, Grant County",330073,Quincy,2017-12-14 23:17:48.549524
2016-12-12,01:30,21.8,21.4,19.0,94.5,0.0,W@4.2,6.7,33.3,0.0,0,"Quincy, Grant County",330073,Quincy,2017-12-14 23:17:48.549524
2016-12-12,01:45,21.8,21.5,18.8,94.0,0.0,W@4.9,7.4,33.3,0.0,0,"Quincy, Grant County",330073,Quincy,2017-12-14 23:17:48.549524
2016-12-12,02:00,21.9,21.5,18.9,93.4,0.0,W@3.8,6.0,33.3,0.0,0,"Quincy, Grant County",330073,Quincy,2017-12-14 23:17:48.549524
2016-12-12,02:15,21.8,21.5,18.7,93.3,0.0,W@4.0,6.7,33.3,0.0,0,"Quincy, Grant County",330073,Quincy,2017-12-14 23:17:48.549524
2016-12-12,02:30,22.3,21.9,18.8,91.7,0.0,W@4.5,6.7,33.2,0.0,0,"Quincy, Grant County",330073,Quincy,2017-12-14 23:17:48.549524
2016-12-12,02:45,22.3,21.9,18.9,91.7,0.0,W@4.3,7.1,33.2,0.0,0,"Quincy, Grant County",330073,Quincy,2017-12-14 23:17:48.549524
2016-12-12,03:00,22.3,21.9,18.8,91.5,0.0,W@3.5,6.4,33.2,0.0,0,"Quincy, Grant County",330073,Quincy,2017-12-14 23:17:48.549524
2016-12-12,03:15,22.0,21.5,18.5,91.8,0.0,NW@3.5,6.4,33.2,0.0,0,"Quincy, Grant County",330073,Quincy,2017-12-14 23:17:48.549524
2016-12-12,03:30,22.0,21.5,18.6,91.9,0.0,NW@3.2,5.7,33.2,0.0,0,"Quincy, Grant County",330073,Quincy,2017-12-14 23:17:48.549524
2016-12-12,03:45,21.9,21.5,18.5,92.0,0.0,NW@3.2,5.3,33.2,0.0,0,"Quincy, Grant County",330073,Quincy,2017-12-14 23:17:48.549524
2016-12-12,04:00,22.1,21.6,18.4,90.7,0.0,NW@3.1,4.6,33.2,0.0,0,"Quincy, Grant County",330073,Quincy,2017-12-14 23:17:48.549524
2016-12-12,04:15,22.2,21.8,18.1,88.9,0.0,W@3.2,4.2,33.2,0.0,0,"Quincy, Grant County",330073,Quincy,2017-12-14 23:17:48.549524
2016-12-12,04:30,21.6,21.1,17.3,88.4,0.0,W@3.1,5.3,33.2,0.0,0,"Quincy, Grant County",330073,Quincy,2017-12-14 23:17:48.549524
2016-12-12,04:45,21.8,21.3,17.5,88.4,0.0,W@3.5,6.4,33.2,0.0,0,"Quincy, Grant County",330073,Quincy,2017-12-14 23:17:48.549524
2016-12-12,05:00,21.8,21.3,17.5,88.4,0.0,W@3.5,5.3,33.2,0.0,0,"Quincy, Grant County",330073,Quincy,2017-12-14 23:17:48.549524
2016-12-12,05:15,21.8,21.3,17.6,89.0,0.0,W@3.5,5.7,33.2,0.0,0,"Quincy, Grant County",330073,Quincy,2017-12-14 23:17:48.549524
2016-12-12,05:30,22.0,21.5,17.5,87.8,0.0,W@4.0,7.1,33.2,0.0,0,"Quincy, Grant County",330073,Quincy,2017-12-14 23:17:48.549524
2016-12-12,05:45,22.2,21.8,17.3,86.1,0.0,W@3.7,6.4,33.2,0.0,0,"Quincy, Grant County",330073,Quincy,2017-12-14 23:17:48.549524
2016-12-12,06:00,22.1,21.5,17.1,85.8,0.0,W@3.3,5.3,33.2,0.0,0,"Quincy, Grant County",330073,Quincy,2017-12-14 23:17:48.549524
2016-12-12,06:15,21.7,21.2,16.5,85.0,0.0,W@3.3,4.6,33.2,0.0,0,"Quincy, Grant County",330073,Quincy,2017-12-14 23:17:48.549524
2016-12-12,06:30,21.2,20.6,16.1,86.0,0.0,W@2.9,4.6,33.2,0.0,0,"Quincy, Grant County",330073,Quincy,2017-12-14 23:17:48.549524
2016-12-12,06:45,21.1,20.5,16.3,86.8,0.0,W@2.9,5.3,33.2,0.0,0,"Quincy, Grant County",330073,Quincy,2017-12-14 23:17:48.549524
2016-12-12,07:00,20.2,19.6,15.2,86.3,0.0,W@2.6,3.9,33.2,0.0,0,"Quincy, Grant County",330073,Quincy,2017-12-14 23:17:48.549524
2016-12-12,07:15,19.3,18.7,14.8,88.6,0.0,W@2.9,4.6,33.2,0.0,0,"Quincy, Grant County",330073,Quincy,2017-12-14 23:17:48.549524
2016-12-12,07:30,19.9,19.3,15.0,87.0,0.0,W@3.4,4.9,33.2,0.0,1,"Quincy, Grant County",330073,Quincy,2017-12-14 23:17:48.549524
2016-12-12,07:45,19.5,18.9,14.9,88.3,0.0,W@3.1,4.9,33.2,0.0,5,"Quincy, Grant County",330073,Quincy,2017-12-14 23:17:48.549524
2016-12-12,08:00,20.5,19.9,16.0,88.3,0.0,W@3.4,6.0,33.2,0.0,19,"Quincy, Grant County",330073,Quincy,2017-12-14 23:17:48.549524
2016-12-12,08:15,22.0,21.7,17.1,86.3,0.0,W@4.0,6.0,33.2,0.0,60,"Quincy, Grant County",330073,Quincy,2017-12-14 23:17:48.549524
2016-12-12,08:30,23.2,23.2,18.1,85.0,0.0,W@3.6,6.4,33.2,0.0,68,"Quincy, Grant County",330073,Quincy,2017-12-14 23:17:48.549524
2016-12-12,08:45,23.2,23.1,18.5,86.6,0.0,NW@2.8,5.7,33.2,0.0,57,"Quincy, Grant County",330073,Quincy,2017-12-14 23:17:48.549524
2016-12-12,09:00,23.9,23.6,19.1,85.9,0.0,NW@2.3,4.6,33.2,0.0,80,"Quincy, Grant County",330073,Quincy,2017-12-14 23:17:48.549524
2016-12-12,09:15,24.8,24.3,18.9,81.5,0.0,NW@1.8,3.9,33.2,0.0,81,"Quincy, Grant County",330073,Quincy,2017-12-14 23:17:48.549524
2016-12-12,09:30,25.4,25.3,18.1,76.6,0.01,W@2.1,3.9,33.2,0.0,158,"Quincy, Grant County",330073,Quincy,2017-12-14 23:17:48.549524
2016-12-12,09:45,29.8,28.2,17.5,60.8,0.49,N@3.0,5.7,33.2,0.0,231,"Quincy, Grant County",330073,Quincy,2017-12-14 23:17:48.549524
2016-12-12,10:00,30.5,29.0,16.6,56.5,0.82,N@3.2,4.9,33.2,0.0,241,"Quincy, Grant County",330073,Quincy,2017-12-14 23:17:48.549524
2016-12-12,10:15,30.2,28.2,16.0,55.9,0.84,N@5.1,9.2,33.2,0.0,262,"Quincy, Grant County",330073,Quincy,2017-12-14 23:17:48.549524
2016-12-12,10:30,30.5,28.4,15.9,54.7,0.84,N@4.4,8.2,33.2,0.0,275,"Quincy, Grant County",330073,Quincy,2017-12-14 23:17:48.549524
2016-12-12,10:45,29.9,28.9,15.3,55.1,0.8,N@4.2,6.4,33.2,0.0,292,"Quincy, Grant County",330073,Quincy,2017-12-14 23:17:48.549524
2016-12-12,11:00,30.0,29.8,15.4,54.9,0.69,NW@3.9,7.4,33.1,0.0,265,"Quincy, Grant County",330073,Quincy,2017-12-14 23:17:48.549524
2016-12-12,11:15,28.4,28.6,15.0,58.3,0.15,NW@3.5,6.7,33.1,0.0,169,"Quincy, Grant County",330073,Quincy,2017-12-14 23:17:48.549524
2016-12-12,11:30,28.6,28.3,15.3,58.4,0.1,N@3.8,8.9,33.1,0.0,169,"Quincy, Grant County",330073,Quincy,2017-12-14 23:17:48.549524
2016-12-12,11:45,29.1,28.4,15.1,56.7,0.1,N@4.5,7.4,33.1,0.0,248,"Quincy, Grant County",330073,Quincy,2017-12-14 23:17:48.549524
2016-12-12,12:00,29.7,28.9,15.1,54.8,0.14,N@3.7,6.4,33.1,0.0,156,"Quincy, Grant County",330073,Quincy,2017-12-14 23:17:48.549524
2016-12-12,12:15,28.3,28.1,14.4,57.0,0.06,NW@3.6,6.4,33.1,0.0,127,"Quincy, Grant County",330073,Quincy,2017-12-14 23:17:48.549524
2016-12-12,12:30,29.0,28.8,15.3,57.3,0.09,NW@3.4,6.0,33.1,0.0,187,"Quincy, Grant County",330073,Quincy,2017-12-14 23:17:48.549524
2016-12-12,12:45,30.3,30.4,16.2,56.3,0.21,NW@3.1,5.3,33.1,0.0,211,"Quincy, Grant County",330073,Quincy,2017-12-14 23:17:48.549524
2016-12-12,13:00,30.9,30.5,17.0,56.5,0.39,N@3.5,6.4,33.1,0.0,194,"Quincy, Grant County",330073,Quincy,2017-12-14 23:17:48.549524
2016-12-12,13:15,31.3,30.0,16.6,54.5,0.7,NE@5.3,8.2,33.1,0.0,233,"Quincy, Grant County",330073,Quincy,2017-12-14 23:17:48.549524
2016-12-12,13:30,30.1,29.0,15.7,55.4,0.59,N@5.5,8.2,33.1,0.0,227,"Quincy, Grant County",330073,Quincy,2017-12-14 23:17:48.549524
2016-12-12,13:45,30.0,28.9,15.7,55.6,0.36,NE@5.5,8.2,33.1,0.0,176,"Quincy, Grant County",330073,Quincy,2017-12-14 23:17:48.549524
2016-12-12,14:00,29.2,28.4,15.7,57.8,0.1,N@4.0,6.4,33.1,0.0,110,"Quincy, Grant County",330073,Quincy,2017-12-14 23:17:48.549524
2016-12-12,14:15,28.5,27.9,15.2,58.4,0.06,NE@4.7,8.5,33.1,0.0,89,"Quincy, Grant County",330073,Quincy,2017-12-14 23:17:48.549524
2016-12-12,14:30,28.6,28.0,15.6,59.4,0.06,N@3.8,6.0,33.1,0.0,109,"Quincy, Grant County",330073,Quincy,2017-12-14 23:17:48.549524
2016-12-12,14:45,28.4,27.8,15.4,59.2,0.03,NE@4.7,8.2,33.1,0.0,87,"Quincy, Grant County",330073,Quincy,2017-12-14 23:17:48.549524
2016-12-12,15:00,27.9,27.4,14.3,57.9,0.0,N@4.0,7.4,33.1,0.0,77,"Quincy, Grant County",330073,Quincy,2017-12-14 23:17:48.549524
2016-12-12,15:15,27.4,26.9,14.0,58.3,0.0,N@3.6,5.7,33.1,0.0,60,"Quincy, Grant County",330073,Quincy,2017-12-14 23:17:48.549524
2016-12-12,15:30,26.9,26.4,13.8,59.1,0.0,N@2.6,4.9,33.1,0.0,55,"Quincy, Grant County",330073,Quincy,2017-12-14 23:17:48.549524
2016-12-12,15:45,26.5,26.0,13.7,60.2,0.0,N@2.0,4.6,33.1,0.0,30,"Quincy, Grant County",330073,Quincy,2017-12-14 23:17:48.549524
2016-12-12,16:00,25.7,25.3,13.7,62.5,0.0,NW@1.7,3.1,33.1,0.0,19,"Quincy, Grant County",330073,Quincy,2017-12-14 23:17:48.549524
2016-12-12,16:15,25.2,24.9,13.6,63.6,0.0,N@2.6,4.6,33.1,0.0,6,"Quincy, Grant County",330073,Quincy,2017-12-14 23:17:48.549524
2016-12-12,16:30,24.8,24.7,13.1,63.3,0.0,N@2.5,5.3,33.1,0.0,1,"Quincy, Grant County",330073,Quincy,2017-12-14 23:17:48.549524
2016-12-12,16:45,24.6,24.4,13.1,64.0,0.0,NW@2.8,5.3,33.1,0.0,0,"Quincy, Grant County",330073,Quincy,2017-12-14 23:17:48.549524
2016-12-12,17:00,24.5,24.3,14.3,67.7,0.0,N@4.8,8.5,33.1,0.0,0,"Quincy, Grant County",330073,Quincy,2017-12-14 23:17:48.549524
2016-12-12,17:15,24.4,24.3,14.2,67.6,0.0,N@5.2,9.2,33.1,0.0,0,"Quincy, Grant County",330073,Quincy,2017-12-14 23:17:48.549524
2016-12-12,17:30,24.3,24.1,14.3,68.5,0.0,N@4.2,8.2,33.1,0.0,0,"Quincy, Grant County",330073,Quincy,2017-12-14 23:17:48.549524
2016-12-12,17:45,24.2,23.9,14.2,68.7,0.0,N@3.9,7.4,33.1,0.0,0,"Quincy, Grant County",330073,Quincy,2017-12-14 23:17:48.549524
2016-12-12,18:00,23.9,23.7,13.1,66.1,0.0,N@4.2,7.8,33.1,0.0,0,"Quincy, Grant County",330073,Quincy,2017-12-14 23:17:48.549524
2016-12-12,18:15,23.8,23.6,10.9,60.3,0.0,N@4.7,8.9,33.1,0.0,0,"Quincy, Grant County",330073,Quincy,2017-12-14 23:17:48.549524
2016-12-12,18:30,23.5,23.4,10.6,60.2,0.0,N@4.4,9.2,33.1,0.0,0,"Quincy, Grant County",330073,Quincy,2017-12-14 23:17:48.549524
2016-12-12,18:45,23.2,23.0,10.2,60.0,0.0,N@3.8,7.1,33.1,0.0,0,"Quincy, Grant County",330073,Quincy,2017-12-14 23:17:48.549524
2016-12-12,19:00,22.8,22.4,9.2,58.7,0.0,NW@4.3,7.4,33.1,0.0,0,"Quincy, Grant County",330073,Quincy,2017-12-14 23:17:48.549524
2016-12-12,19:15,22.6,22.3,8.2,56.6,0.0,N@4.4,8.5,33.1,0.0,0,"Quincy, Grant County",330073,Quincy,2017-12-14 23:17:48.549524
2016-12-12,19:30,22.1,21.9,8.0,57.2,0.0,N@3.6,6.4,33.1,0.0,0,"Quincy, Grant County",330073,Quincy,2017-12-14 23:17:48.549524
2016-12-12,19:45,22.0,21.8,7.9,57.4,0.0,N@3.6,6.0,33.1,0.0,0,"Quincy, Grant County",330073,Quincy,2017-12-14 23:17:48.549524
2016-12-12,20:00,21.9,21.7,7.6,56.9,0.0,N@3.1,5.7,33.1,0.0,0,"Quincy, Grant County",330073,Quincy,2017-12-14 23:17:48.549524
2016-12-12,20:15,22.3,22.1,7.5,55.6,0.0,N@3.3,6.0,33.1,0.0,0,"Quincy, Grant County",330073,Quincy,2017-12-14 23:17:48.549524
2016-12-12,20:30,22.6,22.5,7.2,54.1,0.0,N@5.6,10.7,33.1,0.0,0,"Quincy, Grant County",330073,Quincy,2017-12-14 23:17:48.549524
2016-12-12,20:45,22.7,22.5,7.4,54.2,0.0,N@5.5,11.0,33.1,0.0,0,"Quincy, Grant County",330073,Quincy,2017-12-14 23:17:48.549524
2016-12-12,21:00,22.2,22.0,7.1,55.0,0.0,N@5.0,8.9,33.1,0.0,0,"Quincy, Grant County",330073,Quincy,2017-12-14 23:17:48.549524
2016-12-12,21:15,22.1,22.0,6.7,54.2,0.0,N@5.2,11.0,33.1,0.0,0,"Quincy, Grant County",330073,Quincy,2017-12-14 23:17:48.549524
2016-12-12,21:30,22.0,21.8,6.7,54.5,0.0,N@5.4,11.7,33.1,0.0,0,"Quincy, Grant County",330073,Quincy,2017-12-14 23:17:48.549524
2016-12-12,21:45,21.7,21.6,6.7,55.2,0.0,N@5.5,10.3,33.1,0.0,0,"Quincy, Grant County",330073,Quincy,2017-12-14 23:17:48.549524
2016-12-12,22:00,21.4,21.3,6.6,55.8,0.0,N@5.5,10.3,33.1,0.0,0,"Quincy, Grant County",330073,Quincy,2017-12-14 23:17:48.549524
2016-12-12,22:15,21.2,21.1,6.6,56.1,0.0,N@5.9,10.7,33.1,0.0,0,"Quincy, Grant County",330073,Quincy,2017-12-14 23:17:48.549524
2016-12-12,22:30,20.9,20.7,6.1,55.8,0.0,N@4.0,8.2,33.1,0.0,0,"Quincy, Grant County",330073,Quincy,2017-12-14 23:17:48.549524
2016-12-12,22:45,20.7,20.5,5.6,54.9,0.0,N@4.4,8.9,33.0,0.0,0,"Quincy, Grant County",330073,Quincy,2017-12-14 23:17:48.549524
2016-12-12,23:00,20.2,20.0,5.6,56.3,0.0,N@3.8,7.1,33.0,0.0,0,"Quincy, Grant County",330073,Quincy,2017-12-14 23:17:48.549524
2016-12-12,23:15,20.0,19.8,5.6,56.8,0.0,N@4.3,7.4,33.0,0.0,0,"Quincy, Grant County",330073,Quincy,2017-12-14 23:17:48.549524
2016-12-12,23:30,19.9,19.7,5.4,56.4,0.0,N@3.7,6.0,33.0,0.0,0,"Quincy, Grant County",330073,Quincy,2017-12-14 23:17:48.549524
2016-12-12,23:45,20.2,20.0,5.0,55.0,0.0,N@4.5,7.8,33.0,0.0,0,"Quincy, Grant County",330073,Quincy,2017-12-14 23:17:48.549524
2016-12-12,24:00,20.0,19.9,5.0,55.2,0.0,N@4.6,8.5,33.0,0.0,0,"Quincy, Grant County",330073,Quincy,2017-12-14 23:17:48.549524
2016-12-13,00:15,19.9,19.7,5.0,55.6,0.0,N@4.2,9.2,33.0,0.0,0,"Quincy, Grant County",330073,Quincy,2017-12-14 23:17:48.549524
2016-12-13,00:30,19.7,19.4,4.9,56.0,0.0,N@3.7,8.5,33.0,0.0,0,"Quincy, Grant County",330073,Quincy,2017-12-14 23:17:48.549524
2016-12-13,00:45,19.0,18.9,4.4,56.3,0.0,N@3.5,7.8,33.0,0.0,0,"Quincy, Grant County",330073,Quincy,2017-12-14 23:17:48.549524
2016-12-13,01:00,19.0,18.9,4.2,55.9,0.0,N@4.8,9.2,33.0,0.0,0,"Quincy, Grant County",330073,Quincy,2017-12-14 23:17:48.549524
2016-12-13,01:15,19.9,19.8,3.9,52.9,0.0,N@4.9,11.4,33.0,0.0,0,"Quincy, Grant County",330073,Quincy,2017-12-14 23:17:48.549524
2016-12-13,01:30,19.8,19.6,3.8,52.8,0.0,N@4.1,7.8,33.0,0.0,0,"Quincy, Grant County",330073,Quincy,2017-12-14 23:17:48.549524
2016-12-13,01:45,19.3,19.2,4.0,54.6,0.0,N@4.2,8.5,33.0,0.0,0,"Quincy, Grant County",330073,Quincy,2017-12-14 23:17:48.549524
2016-12-13,02:00,19.4,19.2,3.9,54.2,0.0,N@5.9,11.0,33.0,0.0,0,"Quincy, Grant County",330073,Quincy,2017-12-14 23:17:48.549524
2016-12-13,02:15,19.7,19.6,4.0,53.6,0.0,N@6.8,10.3,33.0,0.0,0,"Quincy, Grant County",330073,Quincy,2017-12-14 23:17:48.549524
2016-12-13,02:30,19.6,19.5,4.2,54.3,0.0,N@7.7,12.4,33.0,0.0,0,"Quincy, Grant County",330073,Quincy,2017-12-14 23:17:48.549524
2016-12-13,02:45,19.6,19.5,3.8,53.4,0.0,N@6.9,12.4,33.0,0.0,0,"Quincy, Grant County",330073,Quincy,2017-12-14 23:17:48.549524
2016-12-13,03:00,19.7,19.5,3.7,52.9,0.0,N@5.7,10.3,33.0,0.0,0,"Quincy, Grant County",330073,Quincy,2017-12-14 23:17:48.549524
2016-12-13,03:15,19.6,19.3,4.2,54.5,0.0,N@3.8,7.1,33.0,0.0,0,"Quincy, Grant County",330073,Quincy,2017-12-14 23:17:48.549524
2016-12-13,03:30,19.4,19.2,4.4,55.1,0.0,N@4.1,7.1,33.0,0.0,0,"Quincy, Grant County",330073,Quincy,2017-12-14 23:17:48.549524
2016-12-13,03:45,18.7,18.5,3.7,55.2,0.0,N@4.4,8.2,33.0,0.0,0,"Quincy, Grant County",330073,Quincy,2017-12-14 23:17:48.549524
2016-12-13,04:00,18.4,18.3,3.0,54.5,0.0,N@5.6,9.2,33.0,0.0,0,"Quincy, Grant County",330073,Quincy,2017-12-14 23:17:48.549524
2016-12-13,04:15,18.2,18.0,2.9,54.8,0.0,NW@4.5,8.5,33.0,0.0,0,"Quincy, Grant County",330073,Quincy,2017-12-14 23:17:48.549524
2016-12-13,04:30,17.7,17.4,2.8,55.6,0.0,N@3.6,6.7,32.9,0.0,0,"Quincy, Grant County",330073,Quincy,2017-12-14 23:17:48.549524
2016-12-13,04:45,17.1,16.9,2.6,56.8,0.0,N@2.7,4.9,32.9,0.0,0,"Quincy, Grant County",330073,Quincy,2017-12-14 23:17:48.549524
2016-12-13,05:00,16.4,16.0,2.4,58.1,0.0,SW@0.8,3.1,32.9,0.0,0,"Quincy, Grant County",330073,Quincy,2017-12-14 23:17:48.549524
2016-12-13,05:15,15.7,15.1,2.2,59.7,0.0,NW@0.9,2.8,32.9,0.0,0,"Quincy, Grant County",330073,Quincy,2017-12-14 23:17:48.549524
2016-12-13,05:30,16.0,15.5,1.8,57.7,0.0,NW@2.4,6.0,32.9,0.0,0,"Quincy, Grant County",330073,Quincy,2017-12-14 23:17:48.549524
2016-12-13,05:45,16.2,16.0,2.1,58.0,0.0,N@4.2,8.2,32.9,0.0,0,"Quincy, Grant County",330073,Quincy,2017-12-14 23:17:48.549524
2016-12-13,06:00,16.1,15.8,2.2,58.5,0.0,NW@4.1,7.1,32.9,0.0,0,"Quincy, Grant County",330073,Quincy,2017-12-14 23:17:48.549524
2016-12-13,06:15,16.0,15.8,2.1,58.5,0.0,N@4.3,8.2,32.9,0.0,0,"Quincy, Grant County",330073,Quincy,2017-12-14 23:17:48.549524
2016-12-13,06:30,16.0,15.8,1.9,57.9,0.0,N@4.3,7.4,32.9,0.0,0,"Quincy, Grant County",330073,Quincy,2017-12-14 23:17:48.549524
2016-12-13,06:45,16.0,15.8,1.8,57.7,0.0,N@4.5,8.5,32.9,0.0,0,"Quincy, Grant County",330073,Quincy,2017-12-14 23:17:48.549524
2016-12-13,07:00,16.0,15.8,1.8,57.9,0.0,N@4.0,7.4,32.9,0.0,0,"Quincy, Grant County",330073,Quincy,2017-12-14 23:17:48.549524
2016-12-13,07:15,16.6,16.5,1.6,55.4,0.0,N@4.6,7.4,32.9,0.0,0,"Quincy, Grant County",330073,Quincy,2017-12-14 23:17:48.549524
2016-12-13,07:30,16.6,16.5,1.9,56.3,0.0,N@4.1,7.1,32.9,0.0,1,"Quincy, Grant County",330073,Quincy,2017-12-14 23:17:48.549524
2016-12-13,07:45,16.8,16.7,2.2,56.5,0.0,N@5.1,8.2,32.9,0.0,5,"Quincy, Grant County",330073,Quincy,2017-12-14 23:17:48.549524
2016-12-13,08:00,17.5,17.3,2.7,55.8,0.0,N@5.3,9.6,32.9,0.0,23,"Quincy, Grant County",330073,Quincy,2017-12-14 23:17:48.549524
2016-12-13,08:15,18.9,18.1,3.4,54.2,0.0,N@4.1,8.2,32.9,0.0,65,"Quincy, Grant County",330073,Quincy,2017-12-14 23:17:48.549524
2016-12-13,08:30,19.8,18.8,3.7,52.6,0.0,N@2.9,5.3,32.9,0.0,88,"Quincy, Grant County",330073,Quincy,2017-12-14 23:17:48.549524
2016-12-13,08:45,20.4,19.3,4.1,52.0,0.0,N@3.8,8.2,32.9,0.0,107,"Quincy, Grant County",330073,Quincy,2017-12-14 23:17:48.549524
2016-12-13,09:00,19.0,18.4,3.4,53.8,0.0,N@4.2,7.4,32.8,0.0,44,"Quincy, Grant County",330073,Quincy,2017-12-14 23:17:48.549524
2016-12-13,09:15,19.3,18.6,3.6,53.5,0.0,N@4.4,7.8,32.8,0.0,123,"Quincy, Grant County",330073,Quincy,2017-12-14 23:17:48.549524
2016-12-13,09:30,21.7,20.2,4.5,49.8,0.0,N@5.2,10.7,32.8,0.0,254,"Quincy, Grant County",330073,Quincy,2017-12-14 23:17:48.549524
2016-12-13,09:45,22.4,21.0,4.3,47.9,0.0,N@5.1,9.2,32.8,0.0,248,"Quincy, Grant County",330073,Quincy,2017-12-14 23:17:48.549524
2016-12-13,10:00,20.8,19.7,3.3,49.3,0.0,N@5.7,10.3,32.8,0.0,175,"Quincy, Grant County",330073,Quincy,2017-12-14 23:17:48.549524
2016-12-13,10:15,21.1,20.2,4.0,50.1,0.0,N@4.6,10.3,32.8,0.0,177,"Quincy, Grant County",330073,Quincy,2017-12-14 23:17:48.549524
2016-12-13,10:30,21.3,20.5,4.6,51.0,0.0,N@4.7,7.8,32.8,0.0,177,"Quincy, Grant County",330073,Quincy,2017-12-14 23:17:48.549524
2016-12-13,10:45,21.2,20.4,4.7,51.4,0.0,N@5.0,8.5,32.8,0.0,177,"Quincy, Grant County",330073,Quincy,2017-12-14 23:17:48.549524
2016-12-13,11:00,20.5,19.8,4.2,51.9,0.0,NE@7.7,12.1,32.8,0.0,177,"Quincy, Grant County",330073,Quincy,2017-12-14 23:17:48.549524
2016-12-13,11:15,20.9,20.2,4.8,52.6,0.0,NE@6.4,11.4,32.8,0.0,183,"Quincy, Grant County",330073,Quincy,2017-12-14 23:17:48.549524
2016-12-13,11:30,20.9,20.3,4.7,52.2,0.0,NE@6.8,9.9,32.8,0.0,189,"Quincy, Grant County",330073,Quincy,2017-12-14 23:17:48.549524
2016-12-13,11:45,21.4,20.7,5.4,52.6,0.0,NE@5.3,7.4,32.8,0.0,175,"Quincy, Grant County",330073,Quincy,2017-12-14 23:17:48.549524
2016-12-13,12:00,22.2,21.4,6.8,54.1,0.0,NE@5.0,8.2,32.8,0.0,192,"Quincy, Grant County",330073,Quincy,2017-12-14 23:17:48.549524
2016-12-13,12:15,22.7,21.9,6.9,52.9,0.0,N@5.8,9.9,32.7,0.0,186,"Quincy, Grant County",330073,Quincy,2017-12-14 23:17:48.549524
2016-12-13,12:30,22.4,21.7,5.2,49.9,0.0,N@6.1,11.0,32.7,0.0,176,"Quincy, Grant County",330073,Quincy,2017-12-14 23:17:48.549524
2016-12-13,12:45,22.1,21.4,4.9,49.8,0.0,NE@6.2,11.4,32.7,0.0,169,"Quincy, Grant County",330073,Quincy,2017-12-14 23:17:48.549524
2016-12-13,13:00,21.6,21.1,5.4,52.2,0.0,NE@7.1,10.3,32.7,0.0,161,"Quincy, Grant County",330073,Quincy,2017-12-14 23:17:48.549524
2016-12-13,13:15,21.6,21.0,5.2,51.7,0.0,N@6.0,9.9,32.7,0.0,157,"Quincy, Grant County",330073,Quincy,2017-12-14 23:17:48.549524
2016-12-13,13:30,22.1,21.5,5.4,51.0,0.0,N@6.2,9.6,32.7,0.0,176,"Quincy, Grant County",330073,Quincy,2017-12-14 23:17:48.549524
2016-12-13,13:45,22.3,21.6,5.6,51.1,0.0,N@5.9,10.3,32.7,0.0,150,"Quincy, Grant County",330073,Quincy,2017-12-14 23:17:48.549524
2016-12-13,14:00,22.1,21.6,5.6,51.2,0.0,N@6.7,12.4,32.7,0.0,132,"Quincy, Grant County",330073,Quincy,2017-12-14 23:17:48.549524
2016-12-13,14:15,21.9,21.5,6.2,53.4,0.0,N@7.2,11.7,32.7,0.0,121,"Quincy, Grant County",330073,Quincy,2017-12-14 23:17:48.549524
2016-12-13,14:30,22.1,21.7,6.5,53.5,0.0,NE@6.5,10.7,32.7,0.0,102,"Quincy, Grant County",330073,Quincy,2017-12-14 23:17:48.549524
2016-12-13,14:45,22.3,21.8,6.6,53.5,0.0,NE@6.5,10.3,32.7,0.0,90,"Quincy, Grant County",330073,Quincy,2017-12-14 23:17:48.549524
2016-12-13,15:00,22.4,22.0,6.9,53.9,0.0,N@5.7,8.5,32.7,0.0,73,"Quincy, Grant County",330073,Quincy,2017-12-14 23:17:48.549524
2016-12-13,15:15,22.3,22.0,6.7,53.4,0.0,N@5.2,8.9,32.7,0.0,51,"Quincy, Grant County",330073,Quincy,2017-12-14 23:17:48.549524
2016-12-13,15:30,22.3,21.9,6.8,54.0,0.0,N@4.4,6.7,32.7,0.0,21,"Quincy, Grant County",330073,Quincy,2017-12-14 23:17:48.549524
2016-12-13,15:45,22.2,22.0,7.0,54.5,0.0,N@3.4,4.9,32.7,0.0,14,"Quincy, Grant County",330073,Quincy,2017-12-14 23:17:48.549524
2016-12-13,16:00,22.2,21.9,7.6,56.1,0.0,N@3.6,6.0,32.7,0.0,7,"Quincy, Grant County",330073,Quincy,2017-12-14 23:17:48.549524
2016-12-13,16:15,21.9,21.7,7.6,56.9,0.0,N@3.9,5.7,32.7,0.0,3,"Quincy, Grant County",330073,Quincy,2017-12-14 23:17:48.549524
2016-12-13,16:30,21.7,21.5,7.4,56.9,0.0,N@2.6,3.9,32.7,0.0,0,"Quincy, Grant County",330073,Quincy,2017-12-14 23:17:48.549524
2016-12-13,16:45,21.7,21.5,7.4,57.0,0.0,N@2.8,4.9,32.6,0.0,0,"Quincy, Grant County",330073,Quincy,2017-12-14 23:17:48.549524
2016-12-13,17:00,21.7,21.5,7.6,57.4,0.0,N@2.7,4.2,32.6,0.0,0,"Quincy, Grant County",330073,Quincy,2017-12-14 23:17:48.549524
2016-12-13,17:15,21.8,21.6,8.0,58.2,0.0,N@2.8,4.6,32.6,0.0,0,"Quincy, Grant County",330073,Quincy,2017-12-14 23:17:48.549524
2016-12-13,17:30,22.0,21.8,8.8,59.8,0.0,N@3.2,4.9,32.6,0.0,0,"Quincy, Grant County",330073,Quincy,2017-12-14 23:17:48.549524
2016-12-13,17:45,22.0,21.8,8.5,59.0,0.0,N@3.3,6.0,32.6,0.0,0,"Quincy, Grant County",330073,Quincy,2017-12-14 23:17:48.549524
2016-12-13,18:00,21.9,21.7,8.2,58.5,0.0,NW@2.7,4.9,32.6,0.0,0,"Quincy, Grant County",330073,Quincy,2017-12-14 23:17:48.549524
2016-12-13,18:15,21.8,21.5,8.1,58.4,0.0,NW@2.1,4.6,32.6,0.0,0,"Quincy, Grant County",330073,Quincy,2017-12-14 23:17:48.549524
2016-12-13,18:30,21.7,21.4,7.4,56.9,0.0,NW@3.0,5.7,32.6,0.0,0,"Quincy, Grant County",330073,Quincy,2017-12-14 23:17:48.549524
2016-12-13,18:45,21.8,21.6,5.5,52.1,0.0,N@4.7,8.5,32.6,0.0,0,"Quincy, Grant County",330073,Quincy,2017-12-14 23:17:48.549524
2016-12-13,19:00,21.8,21.6,4.8,50.4,0.0,N@4.3,7.8,32.6,0.0,0,"Quincy, Grant County",330073,Quincy,2017-12-14 23:17:48.549524
2016-12-13,19:15,21.3,21.1,4.9,51.7,0.0,NE@6.1,11.0,32.6,0.0,0,"Quincy, Grant County",330073,Quincy,2017-12-14 23:17:48.549524
2016-12-13,19:30,21.3,21.1,4.4,50.5,0.0,N@5.3,9.6,32.6,0.0,0,"Quincy, Grant County",330073,Quincy,2017-12-14 23:17:48.549524
2016-12-13,19:45,20.8,20.6,4.2,51.2,0.0,N@3.5,5.3,32.6,0.0,0,"Quincy, Grant County",330073,Quincy,2017-12-14 23:17:48.549524
2016-12-13,20:00,20.3,20.1,3.6,51.2,0.0,N@4.2,7.4,32.6,0.0,0,"Quincy, Grant County",330073,Quincy,2017-12-14 23:17:48.549524
2016-12-13,20:15,19.5,19.3,2.9,51.4,0.0,N@4.7,7.4,32.6,0.0,0,"Quincy, Grant County",330073,Quincy,2017-12-14 23:17:48.549524
2016-12-13,20:30,18.6,18.5,2.7,53.0,0.0,N@4.4,7.8,32.6,0.0,0,"Quincy, Grant County",330073,Quincy,2017-12-14 23:17:48.549524
2016-12-13,20:45,18.3,18.3,2.4,53.1,0.0,N@5.2,9.6,32.6,0.0,0,"Quincy, Grant County",330073,Quincy,2017-12-14 23:17:48.549524
2016-12-13,21:00,18.3,18.3,2.3,52.8,0.0,N@5.5,9.2,32.6,0.0,0,"Quincy, Grant County",330073,Quincy,2017-12-14 23:17:48.549524
2016-12-13,21:15,18.0,17.9,2.2,53.4,0.0,N@4.6,8.9,32.6,0.0,0,"Quincy, Grant County",330073,Quincy,2017-12-14 23:17:48.549524
2016-12-13,21:30,17.9,17.8,2.0,53.3,0.0,N@4.7,7.8,32.6,0.0,0,"Quincy, Grant County",330073,Quincy,2017-12-14 23:17:48.549524
2016-12-13,21:45,18.0,18.0,1.8,52.4,0.0,N@5.7,9.6,32.6,0.0,0,"Quincy, Grant County",330073,Quincy,2017-12-14 23:17:48.549524
2016-12-13,22:00,17.8,17.7,1.9,53.3,0.0,N@5.3,7.8,32.6,0.0,0,"Quincy, Grant County",330073,Quincy,2017-12-14 23:17:48.549524
2016-12-13,22:15,17.4,17.4,1.8,54.0,0.0,N@4.5,7.1,32.6,0.0,0,"Quincy, Grant County",330073,Quincy,2017-12-14 23:17:48.549524
2016-12-13,22:30,17.4,17.4,1.8,54.0,0.0,N@4.9,7.8,32.6,0.0,0,"Quincy, Grant County",330073,Quincy,2017-12-14 23:17:48.549524
2016-12-13,22:45,17.3,17.3,1.9,54.3,0.0,N@5.3,9.9,32.6,0.0,0,"Quincy, Grant County",330073,Quincy,2017-12-14 23:17:48.549524
2016-12-13,23:00,17.3,17.1,1.8,54.4,0.0,N@5.9,11.0,32.6,0.0,0,"Quincy, Grant County",330073,Quincy,2017-12-14 23:17:48.549524
2016-12-13,23:15,17.0,16.9,1.8,54.8,0.0,N@4.9,9.2,32.6,0.0,0,"Quincy, Grant County",330073,Quincy,2017-12-14 23:17:48.549524
2016-12-13,23:30,16.2,16.0,1.6,56.4,0.0,N@3.9,7.1,32.5,0.0,0,"Quincy, Grant County",330073,Quincy,2017-12-14 23:17:48.549524
2016-12-13,23:45,15.3,15.2,1.3,58.3,0.0,N@3.9,8.5,32.5,0.0,0,"Quincy, Grant County",330073,Quincy,2017-12-14 23:17:48.549524
2016-12-13,24:00,15.4,15.2,1.2,57.9,0.0,N@4.8,11.4,32.5,0.0,0,"Quincy, Grant County",330073,Quincy,2017-12-14 23:17:48.549524
2016-12-14,00:15,15.8,15.7,1.6,57.5,0.0,NE@5.6,11.7,32.5,0.0,0,"Quincy, Grant County",330073,Quincy,2017-12-14 23:17:48.549524
2016-12-14,00:30,15.7,15.6,1.7,58.2,0.0,N@5.5,9.6,32.5,0.0,0,"Quincy, Grant County",330073,Quincy,2017-12-14 23:17:48.549524
2016-12-14,00:45,15.2,15.0,1.5,59.1,0.0,N@2.8,5.3,32.5,0.0,0,"Quincy, Grant County",330073,Quincy,2017-12-14 23:17:48.549524
2016-12-14,01:00,14.5,14.4,1.4,60.8,0.0,N@3.7,7.1,32.5,0.0,0,"Quincy, Grant County",330073,Quincy,2017-12-14 23:17:48.549524
2016-12-14,01:15,14.9,14.8,1.4,59.8,0.0,N@3.6,6.4,32.5,0.0,0,"Quincy, Grant County",330073,Quincy,2017-12-14 23:17:48.549524
2016-12-14,01:30,15.5,15.3,1.5,58.1,0.0,N@5.7,8.9,32.5,0.0,0,"Quincy, Grant County",330073,Quincy,2017-12-14 23:17:48.549524
2016-12-14,01:45,15.4,15.2,1.7,58.9,0.0,N@6.3,11.0,32.5,0.0,0,"Quincy, Grant County",330073,Quincy,2017-12-14 23:17:48.549524
2016-12-14,02:00,15.1,15.0,1.7,59.9,0.0,N@5.8,10.3,32.5,0.0,0,"Quincy, Grant County",330073,Quincy,2017-12-14 23:17:48.549524
2016-12-14,02:15,15.4,15.4,1.8,59.3,0.0,N@6.9,11.7,32.5,0.0,0,"Quincy, Grant County",330073,Quincy,2017-12-14 23:17:48.549524
2016-12-14,02:30,15.5,15.4,1.8,59.1,0.0,N@7.5,13.5,32.5,0.0,0,"Quincy, Grant County",330073,Quincy,2017-12-14 23:17:48.549524
2016-12-14,02:45,15.6,15.4,1.7,58.5,0.0,N@7.5,11.4,32.5,0.0,0,"Quincy, Grant County",330073,Quincy,2017-12-14 23:17:48.549524
2016-12-14,03:00,15.4,15.2,1.6,58.8,0.0,N@5.5,10.3,32.5,0.0,0,"Quincy, Grant County",330073,Quincy,2017-12-14 23:17:48.549524
2016-12-14,03:15,15.1,14.9,1.5,59.4,0.0,N@5.3,9.2,32.4,0.0,0,"Quincy, Grant County",330073,Quincy,2017-12-14 23:17:48.549524
2016-12-14,03:30,14.4,14.2,1.5,61.4,0.0,N@5.8,9.6,32.4,0.0,0,"Quincy, Grant County",330073,Quincy,2017-12-14 23:17:48.549524
2016-12-14,03:45,13.6,13.4,1.3,63.2,0.0,N@5.3,9.9,32.4,0.0,0,"Quincy, Grant County",330073,Quincy,2017-12-14 23:17:48.549524
2016-12-14,04:00,13.3,13.1,1.2,63.6,0.0,N@5.4,9.2,32.4,0.0,0,"Quincy, Grant County",330073,Quincy,2017-12-14 23:17:48.549524
2016-12-14,04:15,13.3,13.1,1.2,64.0,0.0,N@4.7,9.2,32.4,0.0,0,"Quincy, Grant County",330073,Quincy,2017-12-14 23:17:48.549524
2016-12-14,04:30,13.4,13.3,1.2,63.6,0.0,N@2.7,7.1,32.4,0.0,0,"Quincy, Grant County",330073,Quincy,2017-12-14 23:17:48.549524
2016-12-14,04:45,13.5,13.4,1.3,63.5,0.0,NE@2.9,8.5,32.4,0.0,0,"Quincy, Grant County",330073,Quincy,2017-12-14 23:17:48.549524
2016-12-14,05:00,14.5,14.3,1.1,60.1,0.0,N@5.3,11.0,32.4,0.0,0,"Quincy, Grant County",330073,Quincy,2017-12-14 23:17:48.549524
2016-12-14,05:15,13.9,13.7,1.2,62.0,0.0,N@6.1,11.0,32.4,0.0,0,"Quincy, Grant County",330073,Quincy,2017-12-14 23:17:48.549524
2016-12-14,05:30,13.5,13.3,1.4,64.0,0.0,N@6.7,11.4,32.4,0.0,0,"Quincy, Grant County",330073,Quincy,2017-12-14 23:17:48.549524
2016-12-14,05:45,13.5,13.3,1.7,64.5,0.0,N@6.8,12.4,32.4,0.0,0,"Quincy, Grant County",330073,Quincy,2017-12-14 23:17:48.549524
2016-12-14,06:00,12.9,12.7,1.6,66.3,0.0,N@4.9,8.9,32.4,0.0,0,"Quincy, Grant County",330073,Quincy,2017-12-14 23:17:48.549524
2016-12-14,06:15,12.5,12.3,1.5,67.4,0.0,N@5.5,9.9,32.4,0.0,0,"Quincy, Grant County",330073,Quincy,2017-12-14 23:17:48.549524
2016-12-14,06:30,12.2,11.9,1.5,68.3,0.0,N@5.0,9.6,32.3,0.0,0,"Quincy, Grant County",330073,Quincy,2017-12-14 23:17:48.549524
2016-12-14,06:45,12.0,11.7,1.4,68.7,0.0,NW@4.7,8.5,32.3,0.0,0,"Quincy, Grant County",330073,Quincy,2017-12-14 23:17:48.549524
2016-12-14,07:00,12.0,11.8,1.3,68.3,0.0,NW@4.5,8.5,32.3,0.0,0,"Quincy, Grant County",330073,Quincy,2017-12-14 23:17:48.549524
2016-12-14,07:15,12.4,12.1,1.2,66.7,0.0,NW@5.0,8.5,32.3,0.0,0,"Quincy, Grant County",330073,Quincy,2017-12-14 23:17:48.549524
2016-12-14,07:30,12.6,12.3,1.2,66.2,0.0,NW@4.7,8.5,32.3,0.0,0,"Quincy, Grant County",330073,Quincy,2017-12-14 23:17:48.549524
2016-12-14,07:45,12.7,12.4,1.1,65.5,0.0,NW@4.3,8.2,32.3,0.0,2,"Quincy, Grant County",330073,Quincy,2017-12-14 23:17:48.549524
2016-12-14,08:00,12.6,12.2,1.1,65.8,0.0,NW@3.5,8.5,32.3,0.0,9,"Quincy, Grant County",330073,Quincy,2017-12-14 23:17:48.549524
2016-12-14,08:15,12.6,12.2,1.0,65.6,0.0,NW@3.8,6.7,32.3,0.0,23,"Quincy, Grant County",330073,Quincy,2017-12-14 23:17:48.549524
2016-12-14,08:30,12.7,12.4,1.1,65.2,0.0,N@3.2,6.0,32.3,0.0,44,"Quincy, Grant County",330073,Quincy,2017-12-14 23:17:48.549524
2016-12-14,08:45,13.0,12.7,1.1,64.5,0.0,NW@3.7,8.2,32.3,0.0,64,"Quincy, Grant County",330073,Quincy,2017-12-14 23:17:48.549524
2016-12-14,09:00,13.4,13.1,1.3,63.8,0.0,NW@4.1,8.2,32.3,0.0,82,"Quincy, Grant County",330073,Quincy,2017-12-14 23:17:48.549524
2016-12-14,09:15,13.9,13.6,1.5,63.0,0.0,NW@4.6,9.2,32.3,0.0,101,"Quincy, Grant County",330073,Quincy,2017-12-14 23:17:48.549524
2016-12-14,09:30,14.2,14.0,1.7,62.6,0.0,NW@4.4,8.2,32.2,0.0,128,"Quincy, Grant County",330073,Quincy,2017-12-14 23:17:48.549524
2016-12-14,09:45,14.8,14.6,2.0,61.6,0.0,NW@4.2,7.1,32.2,0.0,141,"Quincy, Grant County",330073,Quincy,2017-12-14 23:17:48.549524
2016-12-14,10:00,15.3,15.0,2.0,60.4,0.0,NW@4.7,8.9,32.2,0.0,155,"Quincy, Grant County",330073,Quincy,2017-12-14 23:17:48.549524
2016-12-14,10:15,15.6,15.3,2.3,60.3,0.0,N@4.8,8.5,32.2,0.0,140,"Quincy, Grant County",330073,Quincy,2017-12-14 23:17:48.549524
2016-12-14,10:30,16.2,15.7,2.7,59.7,0.0,N@4.3,7.8,32.2,0.0,148,"Quincy, Grant County",330073,Quincy,2017-12-14 23:17:48.549524
2016-12-14,10:45,16.2,15.8,2.5,59.1,0.0,N@4.8,7.8,32.2,0.0,158,"Quincy, Grant County",330073,Quincy,2017-12-14 23:17:48.549524
2016-12-14,11:00,16.3,15.9,2.6,58.9,0.0,NW@4.5,8.2,32.2,0.0,164,"Quincy, Grant County",330073,Quincy,2017-12-14 23:17:48.549524
2016-12-14,11:15,16.7,16.3,3.0,59.1,0.0,N@4.1,7.1,32.2,0.0,179,"Quincy, Grant County",330073,Quincy,2017-12-14 23:17:48.549524
2016-12-14,11:30,16.7,16.4,3.1,59.3,0.0,NW@4.5,8.9,32.2,0.0,185,"Quincy, Grant County",330073,Quincy,2017-12-14 23:17:48.549524
2016-12-14,11:45,16.6,16.3,2.9,59.0,0.0,N@5.2,9.2,32.2,0.0,194,"Quincy, Grant County",330073,Quincy,2017-12-14 23:17:48.549524
2016-12-14,12:00,17.0,16.4,3.2,58.7,0.0,N@5.5,8.9,32.2,0.0,186,"Quincy, Grant County",330073,Quincy,2017-12-14 23:17:48.549524
2016-12-14,12:15,17.4,16.7,3.4,58.1,0.0,N@5.2,9.9,32.2,0.0,181,"Quincy, Grant County",330073,Quincy,2017-12-14 23:17:48.549524
2016-12-14,12:30,17.2,16.6,3.4,58.6,0.0,N@6.3,11.4,32.1,0.0,170,"Quincy, Grant County",330073,Quincy,2017-12-14 23:17:48.549524
2016-12-14,12:45,17.6,17.1,4.2,59.6,0.0,N@5.2,9.6,32.1,0.0,156,"Quincy, Grant County",330073,Quincy,2017-12-14 23:17:48.549524
2016-12-14,13:00,17.6,16.9,3.6,58.2,0.0,N@5.8,11.0,32.1,0.0,155,"Quincy, Grant County",330073,Quincy,2017-12-14 23:17:48.549524
2016-12-14,13:15,17.4,16.8,3.4,58.3,0.0,N@5.9,11.4,32.1,0.0,154,"Quincy, Grant County",330073,Quincy,2017-12-14 23:17:48.549524
2016-12-14,13:30,17.6,17.1,4.6,60.9,0.0,N@5.8,11.0,32.1,0.0,139,"Quincy, Grant County",330073,Quincy,2017-12-14 23:17:48.549524
2016-12-14,13:45,17.5,17.0,5.6,64.0,0.0,N@5.8,10.7,32.1,0.0,127,"Quincy, Grant County",330073,Quincy,2017-12-14 23:17:48.549524
2016-12-14,14:00,17.1,16.6,4.9,63.3,0.0,N@5.2,8.5,32.1,0.0,111,"Quincy, Grant County",330073,Quincy,2017-12-14 23:17:48.549524
2016-12-14,14:15,17.5,17.1,6.1,65.4,0.0,N@5.0,8.9,32.1,0.0,91,"Quincy, Grant County",330073,Quincy,2017-12-14 23:17:48.549524
2016-12-14,14:30,17.8,17.5,6.6,66.0,0.0,N@5.0,9.2,32.1,0.0,64,"Quincy, Grant County",330073,Quincy,2017-12-14 23:17:48.549524
2016-12-14,14:45,17.9,17.5,6.7,66.0,0.0,N@5.8,9.6,32.1,0.0,53,"Quincy, Grant County",330073,Quincy,2017-12-14 23:17:48.549524
2016-12-14,15:00,17.8,17.5,6.6,66.1,0.0,N@5.3,8.9,32.1,0.0,39,"Quincy, Grant County",330073,Quincy,2017-12-14 23:17:48.549524
2016-12-14,15:15,17.8,17.5,6.6,65.9,0.0,N@5.5,9.6,32.1,0.0,27,"Quincy, Grant County",330073,Quincy,2017-12-14 23:17:48.549524
2016-12-14,15:30,17.8,17.5,6.4,65.6,0.0,N@5.4,9.9,32.1,0.0,18,"Quincy, Grant County",330073,Quincy,2017-12-14 23:17:48.549524
2016-12-14,15:45,17.7,17.5,5.4,62.7,0.0,N@5.1,9.6,32.1,0.0,10,"Quincy, Grant County",330073,Quincy,2017-12-14 23:17:48.549524
2016-12-14,16:00,17.8,17.6,4.7,60.5,0.0,N@4.8,7.8,32.1,0.0,4,"Quincy, Grant County",330073,Quincy,2017-12-14 23:17:48.549524
2016-12-14,16:15,17.8,17.5,4.6,60.3,0.0,NW@4.9,9.9,32.1,0.0,2,"Quincy, Grant County",330073,Quincy,2017-12-14 23:17:48.549524
2016-12-14,16:30,17.9,17.6,4.5,59.8,0.0,NW@4.5,8.9,32.1,0.0,0,"Quincy, Grant County",330073,Quincy,2017-12-14 23:17:48.549524
2016-12-14,16:45,17.9,17.6,4.6,60.1,0.0,N@4.6,7.8,32.1,0.0,0,"Quincy, Grant County",330073,Quincy,2017-12-14 23:17:48.549524
2016-12-14,17:00,17.8,17.6,4.9,61.0,0.0,NW@4.5,8.2,32.0,0.0,0,"Quincy, Grant County",330073,Quincy,2017-12-14 23:17:48.549524
2016-12-14,17:15,17.7,17.5,5.3,62.6,0.0,NW@4.8,8.5,32.0,0.0,0,"Quincy, Grant County",330073,Quincy,2017-12-14 23:17:48.549524
2016-12-14,17:30,17.7,17.5,5.6,63.2,0.0,N@4.9,10.3,32.0,0.0,0,"Quincy, Grant County",330073,Quincy,2017-12-14 23:17:48.549524
2016-12-14,17:45,17.8,17.6,5.4,62.4,0.0,NW@4.7,8.5,32.0,0.0,0,"Quincy, Grant County",330073,Quincy,2017-12-14 23:17:48.549524
2016-12-14,18:00,18.1,17.9,4.8,59.9,0.0,NW@4.9,9.2,32.0,0.0,0,"Quincy, Grant County",330073,Quincy,2017-12-14 23:17:48.549524
2016-12-14,18:15,18.3,18.1,4.8,59.4,0.0,NW@4.6,9.2,32.0,0.0,0,"Quincy, Grant County",330073,Quincy,2017-12-14 23:17:48.549524
2016-12-14,18:30,18.4,18.1,5.0,59.9,0.0,NW@3.6,6.4,32.0,0.0,0,"Quincy, Grant County",330073,Quincy,2017-12-14 23:17:48.549524
2016-12-14,18:45,18.2,18.0,6.2,63.4,0.0,NW@3.3,7.8,32.0,0.0,0,"Quincy, Grant County",330073,Quincy,2017-12-14 23:17:48.549524
2016-12-14,19:00,17.7,17.6,8.1,70.9,0.0,NW@4.1,7.8,32.0,0.0,0,"Quincy, Grant County",330073,Quincy,2017-12-14 23:17:48.549524
2016-12-14,19:15,17.0,16.9,10.5,81.7,0.0,NW@4.1,6.7,32.0,0.0,0,"Quincy, Grant County",330073,Quincy,2017-12-14 23:17:48.549524
2016-12-14,19:30,16.5,16.4,11.7,88.2,0.0,NW@4.4,8.5,32.0,0.0,0,"Quincy, Grant County",330073,Quincy,2017-12-14 23:17:48.549524
2016-12-14,19:45,16.6,16.5,12.4,90.8,0.0,NW@4.2,7.8,32.0,0.0,0,"Quincy, Grant County",330073,Quincy,2017-12-14 23:17:48.549524
2016-12-14,20:00,16.9,16.8,13.1,92.2,0.0,NW@3.7,7.1,32.0,0.0,0,"Quincy, Grant County",330073,Quincy,2017-12-14 23:17:48.549524
2016-12-14,20:15,17.2,17.0,13.6,93.0,0.0,NW@3.9,8.2,32.0,0.0,0,"Quincy, Grant County",330073,Quincy,2017-12-14 23:17:48.549524
2016-12-14,20:30,17.1,17.0,13.6,93.3,0.0,NW@4.3,7.8,32.0,0.0,0,"Quincy, Grant County",330073,Quincy,2017-12-14 23:17:48.549524
2016-12-14,20:45,17.3,17.2,14.0,93.7,0.0,NW@4.4,9.2,31.9,0.0,0,"Quincy, Grant County",330073,Quincy,2017-12-14 23:17:48.549524
2016-12-14,21:00,17.7,17.6,14.3,93.6,0.0,NW@4.3,9.6,31.9,0.0,0,"Quincy, Grant County",330073,Quincy,2017-12-14 23:17:48.549524
2016-12-14,21:15,18.0,17.9,14.7,93.6,0.0,NW@4.6,8.5,31.9,0.0,0,"Quincy, Grant County",330073,Quincy,2017-12-14 23:17:48.549524
2016-12-14,21:30,17.8,17.7,14.5,93.8,0.0,NW@5.0,8.2,31.9,0.0,0,"Quincy, Grant County",330073,Quincy,2017-12-14 23:17:48.549524
2016-12-14,21:45,17.6,17.5,14.3,93.8,0.0,NW@4.3,8.2,31.9,0.0,0,"Quincy, Grant County",330073,Quincy,2017-12-14 23:17:48.549524
2016-12-14,22:00,17.7,17.6,14.5,94.1,0.0,NW@4.3,7.8,31.9,0.0,0,"Quincy, Grant County",330073,Quincy,2017-12-14 23:17:48.549524
2016-12-14,22:15,18.2,18.0,15.1,94.5,0.0,NW@3.8,6.4,31.9,0.0,0,"Quincy, Grant County",330073,Quincy,2017-12-14 23:17:48.549524
2016-12-14,22:30,18.6,18.4,15.5,94.6,0.0,NW@4.0,6.7,31.9,0.0,0,"Quincy, Grant County",330073,Quincy,2017-12-14 23:17:48.549524
2016-12-14,22:45,18.7,18.6,15.7,94.6,0.0,N@3.8,7.1,31.9,0.0,0,"Quincy, Grant County",330073,Quincy,2017-12-14 23:17:48.549524
2016-12-14,23:00,18.8,18.6,15.7,94.5,0.0,N@3.8,6.0,31.9,0.0,0,"Quincy, Grant County",330073,Quincy,2017-12-14 23:17:48.549524
2016-12-14,23:15,18.8,18.7,15.7,94.4,0.0,N@3.5,6.0,31.9,0.0,0,"Quincy, Grant County",330073,Quincy,2017-12-14 23:17:48.549524
2016-12-14,23:30,18.8,18.7,15.7,94.3,0.0,N@3.2,6.7,31.9,0.0,0,"Quincy, Grant County",330073,Quincy,2017-12-14 23:17:48.549524
2016-12-14,23:45,18.8,18.8,15.6,93.9,0.0,N@2.8,5.7,31.9,0.0,0,"Quincy, Grant County",330073,Quincy,2017-12-14 23:17:48.549524
2016-12-14,24:00,18.5,18.5,15.1,93.2,0.0,N@2.7,5.3,31.9,0.0,0,"Quincy, Grant County",330073,Quincy,2017-12-14 23:17:48.549524
