Date,Time PST,Air Temp °F, 2<sup>nd</sup> Air Temp °F, Dew Point °F, Rel Hum %, Leaf Wet u., Wind Dir @ Speed mph, Wind Gust mph, Bed Temp °F, 2 in. Soil Tmp °F, 8 in. Soil Tmp °F, Soil VWC %, Tot Prec in, Solar Rad W/m², Atm. Press. inHg,Location,Station ID,Station Name,Download Timestamp
2016-05-07,00:15,49.2,48.6,47.6,94.2,0.73,E@0.4,2.8,42.2,62.0,63.9,14.8,0.0,0,30.01,"Grayland, Grayland, Grays Harbor County",300213,Grayland,2017-12-10 22:16:21.147668
2016-05-07,00:30,49.1,48.6,47.7,94.7,0.74,NW@1.6,2.8,41.4,61.7,63.8,14.8,0.0,0,30.01,"Grayland, Grayland, Grays Harbor County",300213,Grayland,2017-12-10 22:16:21.147668
2016-05-07,00:45,48.6,48.1,47.2,95.1,0.75,N@0.1,1.4,41.2,61.5,63.7,14.8,0.0,0,30.0,"Grayland, Grayland, Grays Harbor County",300213,Grayland,2017-12-10 22:16:21.147668
2016-05-07,01:00,47.4,47.0,46.2,95.3,0.76,N@0.0,0.0,41.2,61.2,63.6,14.8,0.0,0,30.0,"Grayland, Grayland, Grays Harbor County",300213,Grayland,2017-12-10 22:16:21.147668
2016-05-07,01:15,47.6,47.1,46.4,95.7,0.77,NW@0.3,2.4,40.6,60.9,63.4,14.8,0.0,0,30.0,"Grayland, Grayland, Grays Harbor County",300213,Grayland,2017-12-10 22:16:21.147668
2016-05-07,01:30,47.5,46.9,46.4,95.9,0.78,SE@1.0,2.4,40.4,60.6,63.3,14.8,0.0,0,30.0,"Grayland, Grayland, Grays Harbor County",300213,Grayland,2017-12-10 22:16:21.147668
2016-05-07,01:45,47.6,47.0,46.6,96.2,0.78,SE@0.4,2.8,39.4,60.4,63.2,14.8,0.0,0,30.01,"Grayland, Grayland, Grays Harbor County",300213,Grayland,2017-12-10 22:16:21.147668
2016-05-07,02:00,47.2,46.7,46.2,96.3,0.78,S@1.4,3.1,39.1,60.1,63.1,14.8,0.0,0,30.0,"Grayland, Grayland, Grays Harbor County",300213,Grayland,2017-12-10 22:16:21.147668
2016-05-07,02:15,46.6,46.0,45.7,96.4,0.78,SE@0.4,2.1,39.4,59.9,63.0,14.8,0.0,0,30.0,"Grayland, Grayland, Grays Harbor County",300213,Grayland,2017-12-10 22:16:21.147668
2016-05-07,02:30,46.1,45.7,45.2,96.5,0.78,SE@1.2,2.4,38.5,59.6,62.9,14.8,0.0,0,30.0,"Grayland, Grayland, Grays Harbor County",300213,Grayland,2017-12-10 22:16:21.147668
2016-05-07,02:45,45.8,45.3,44.9,96.6,0.78,S@0.9,2.8,39.8,59.4,62.7,14.8,0.0,0,30.0,"Grayland, Grayland, Grays Harbor County",300213,Grayland,2017-12-10 22:16:21.147668
2016-05-07,03:00,45.2,44.9,44.4,96.7,0.78,W@0.6,2.8,40.2,59.2,62.6,14.8,0.0,0,30.0,"Grayland, Grayland, Grays Harbor County",300213,Grayland,2017-12-10 22:16:21.147668
2016-05-07,03:15,45.4,45.0,44.6,97.2,0.79,NW@0.9,2.8,40.3,59.0,62.5,14.8,0.0,0,30.0,"Grayland, Grayland, Grays Harbor County",300213,Grayland,2017-12-10 22:16:21.147668
2016-05-07,03:30,46.6,46.2,45.9,97.3,0.79,NW@0.8,2.8,39.9,58.8,62.4,14.8,0.0,0,30.0,"Grayland, Grayland, Grays Harbor County",300213,Grayland,2017-12-10 22:16:21.147668
2016-05-07,03:45,48.1,47.6,47.4,97.5,0.79,NW@1.8,3.1,41.2,58.6,62.3,14.8,0.0,0,30.0,"Grayland, Grayland, Grays Harbor County",300213,Grayland,2017-12-10 22:16:21.147668
2016-05-07,04:00,48.2,47.7,47.5,97.6,0.79,NW@2.2,3.5,42.1,58.4,62.1,14.8,0.0,0,30.0,"Grayland, Grayland, Grays Harbor County",300213,Grayland,2017-12-10 22:16:21.147668
2016-05-07,04:15,48.2,47.7,47.6,97.7,0.79,NW@1.8,3.1,42.2,58.2,62.0,14.8,0.0,0,29.99,"Grayland, Grayland, Grays Harbor County",300213,Grayland,2017-12-10 22:16:21.147668
2016-05-07,04:30,48.6,48.1,48.0,97.8,0.79,NW@2.7,4.2,42.6,58.1,61.9,14.8,0.0,0,29.99,"Grayland, Grayland, Grays Harbor County",300213,Grayland,2017-12-10 22:16:21.147668
2016-05-07,04:45,48.8,48.3,48.2,97.9,0.79,NW@2.0,4.2,42.7,57.9,61.8,14.8,0.0,1,29.99,"Grayland, Grayland, Grays Harbor County",300213,Grayland,2017-12-10 22:16:21.147668
2016-05-07,05:00,48.9,48.4,48.3,98.0,0.79,NW@1.8,3.5,43.1,57.8,61.7,14.8,0.0,5,29.99,"Grayland, Grayland, Grays Harbor County",300213,Grayland,2017-12-10 22:16:21.147668
2016-05-07,05:15,49.2,48.8,48.7,98.0,0.78,NW@1.4,2.4,42.8,57.7,61.6,14.8,0.0,14,29.99,"Grayland, Grayland, Grays Harbor County",300213,Grayland,2017-12-10 22:16:21.147668
2016-05-07,05:30,49.5,49.0,49.0,98.0,0.78,NW@1.5,3.5,44.2,57.6,61.4,14.8,0.0,24,29.99,"Grayland, Grayland, Grays Harbor County",300213,Grayland,2017-12-10 22:16:21.147668
2016-05-07,05:45,50.2,49.7,49.7,98.0,0.79,NW@1.0,2.4,46.9,57.5,61.3,14.8,0.0,39,29.99,"Grayland, Grayland, Grays Harbor County",300213,Grayland,2017-12-10 22:16:21.147668
2016-05-07,06:00,51.4,51.0,50.9,98.1,0.8,N@3.0,6.0,51.0,57.4,61.2,14.8,0.0,55,29.99,"Grayland, Grayland, Grays Harbor County",300213,Grayland,2017-12-10 22:16:21.147668
2016-05-07,06:15,52.3,51.8,51.7,97.9,0.8,N@3.7,6.7,52.7,57.5,61.1,14.8,0.0,83,29.99,"Grayland, Grayland, Grays Harbor County",300213,Grayland,2017-12-10 22:16:21.147668
2016-05-07,06:30,52.4,51.9,51.8,97.7,0.8,N@3.1,6.7,53.5,57.6,61.0,14.8,0.0,124,29.98,"Grayland, Grayland, Grays Harbor County",300213,Grayland,2017-12-10 22:16:21.147668
2016-05-07,06:45,52.9,52.2,52.2,97.5,0.8,NW@2.1,4.2,55.5,57.8,60.9,14.8,0.0,139,29.98,"Grayland, Grayland, Grays Harbor County",300213,Grayland,2017-12-10 22:16:21.147668
2016-05-07,07:00,52.9,52.4,52.2,97.4,0.8,NW@2.7,4.9,56.1,58.0,60.8,14.8,0.0,151,29.98,"Grayland, Grayland, Grays Harbor County",300213,Grayland,2017-12-10 22:16:21.147668
2016-05-07,07:15,53.1,52.7,52.4,97.2,0.8,N@2.1,6.4,57.6,58.1,60.7,14.8,0.0,173,29.98,"Grayland, Grayland, Grays Harbor County",300213,Grayland,2017-12-10 22:16:21.147668
2016-05-07,07:30,53.1,52.6,52.3,97.0,0.8,E@1.2,4.2,57.6,58.4,60.6,14.8,0.0,137,29.98,"Grayland, Grayland, Grays Harbor County",300213,Grayland,2017-12-10 22:16:21.147668
2016-05-07,07:45,54.2,53.5,53.2,96.5,0.8,NW@1.2,3.5,59.4,58.6,60.6,14.8,0.0,287,29.98,"Grayland, Grayland, Grays Harbor County",300213,Grayland,2017-12-10 22:16:21.147668
2016-05-07,08:00,55.9,55.5,54.6,95.3,0.8,NW@2.8,7.1,66.0,58.9,60.5,14.8,0.0,446,29.98,"Grayland, Grayland, Grays Harbor County",300213,Grayland,2017-12-10 22:16:21.147668
2016-05-07,08:15,54.7,54.4,53.1,94.0,0.8,NW@4.4,8.2,60.9,59.2,60.5,14.8,0.0,283,29.98,"Grayland, Grayland, Grays Harbor County",300213,Grayland,2017-12-10 22:16:21.147668
2016-05-07,08:30,53.8,53.3,52.0,93.5,0.81,NW@4.6,8.9,58.4,59.6,60.4,14.8,0.0,258,29.99,"Grayland, Grayland, Grays Harbor County",300213,Grayland,2017-12-10 22:16:21.147668
2016-05-07,08:45,53.5,52.9,51.8,93.9,0.77,NW@5.8,9.6,59.3,60.0,60.4,14.8,0.0,309,29.99,"Grayland, Grayland, Grays Harbor County",300213,Grayland,2017-12-10 22:16:21.147668
2016-05-07,09:00,54.0,53.5,52.3,93.8,0.55,NW@6.2,9.9,60.1,60.4,60.4,14.8,0.0,321,29.99,"Grayland, Grayland, Grays Harbor County",300213,Grayland,2017-12-10 22:16:21.147668
2016-05-07,09:15,54.6,54.2,52.6,92.9,0.4,NW@7.9,13.5,61.0,60.8,60.4,14.8,0.0,359,29.99,"Grayland, Grayland, Grays Harbor County",300213,Grayland,2017-12-10 22:16:21.147668
2016-05-07,09:30,56.3,55.9,53.2,89.2,0.26,NW@9.1,13.5,66.8,61.2,60.4,14.8,0.0,581,30.0,"Grayland, Grayland, Grays Harbor County",300213,Grayland,2017-12-10 22:16:21.147668
2016-05-07,09:45,57.2,56.6,52.5,84.4,0.16,NW@11.1,16.4,67.9,61.6,60.4,14.8,0.0,655,29.99,"Grayland, Grayland, Grays Harbor County",300213,Grayland,2017-12-10 22:16:21.147668
2016-05-07,10:00,58.3,57.6,52.3,80.6,0.1,NW@11.4,18.2,70.3,62.1,60.4,14.8,0.0,762,29.99,"Grayland, Grayland, Grays Harbor County",300213,Grayland,2017-12-10 22:16:21.147668
2016-05-07,10:15,58.6,58.0,52.1,78.8,0.06,NW@12.6,18.2,70.5,62.8,60.5,14.8,0.0,785,30.0,"Grayland, Grayland, Grays Harbor County",300213,Grayland,2017-12-10 22:16:21.147668
2016-05-07,10:30,59.0,58.4,52.1,77.8,0.0,NW@10.9,16.7,73.3,63.6,60.5,14.8,0.0,817,30.0,"Grayland, Grayland, Grays Harbor County",300213,Grayland,2017-12-10 22:16:21.147668
2016-05-07,10:45,59.1,58.4,52.1,77.4,0.0,NW@11.4,16.7,73.4,64.4,60.6,14.8,0.0,833,30.0,"Grayland, Grayland, Grays Harbor County",300213,Grayland,2017-12-10 22:16:21.147668
2016-05-07,11:00,59.6,59.0,52.1,76.3,0.0,NW@10.5,16.4,75.6,65.3,60.6,14.8,0.0,853,30.0,"Grayland, Grayland, Grays Harbor County",300213,Grayland,2017-12-10 22:16:21.147668
2016-05-07,11:15,59.6,58.9,52.3,76.6,0.0,NW@10.3,16.4,77.0,66.2,60.7,14.8,0.0,872,29.99,"Grayland, Grayland, Grays Harbor County",300213,Grayland,2017-12-10 22:16:21.147668
2016-05-07,11:30,59.5,58.8,52.1,76.5,0.0,NW@9.4,15.0,78.5,67.0,60.8,14.8,0.0,881,29.99,"Grayland, Grayland, Grays Harbor County",300213,Grayland,2017-12-10 22:16:21.147668
2016-05-07,11:45,59.5,58.8,52.0,76.1,0.0,NW@9.5,15.3,79.3,67.9,60.9,14.8,0.0,890,29.99,"Grayland, Grayland, Grays Harbor County",300213,Grayland,2017-12-10 22:16:21.147668
2016-05-07,12:00,59.8,59.1,52.0,75.3,0.0,NW@9.7,17.1,78.4,68.7,61.0,14.8,0.0,899,29.99,"Grayland, Grayland, Grays Harbor County",300213,Grayland,2017-12-10 22:16:21.147668
2016-05-07,12:15,59.8,59.2,51.7,74.5,0.0,NW@10.6,17.1,79.0,69.5,61.2,14.8,0.0,904,29.99,"Grayland, Grayland, Grays Harbor County",300213,Grayland,2017-12-10 22:16:21.147668
2016-05-07,12:30,60.2,59.6,51.8,73.6,0.0,NW@10.2,15.3,78.6,70.2,61.3,14.8,0.0,904,29.99,"Grayland, Grayland, Grays Harbor County",300213,Grayland,2017-12-10 22:16:21.147668
2016-05-07,12:45,60.7,60.0,52.1,73.4,0.0,NW@10.3,16.4,78.8,70.9,61.5,14.8,0.0,901,29.99,"Grayland, Grayland, Grays Harbor County",300213,Grayland,2017-12-10 22:16:21.147668
2016-05-07,13:00,60.8,60.2,52.5,74.1,0.0,NW@9.9,16.0,77.1,71.5,61.7,14.8,0.0,893,29.99,"Grayland, Grayland, Grays Harbor County",300213,Grayland,2017-12-10 22:16:21.147668
2016-05-07,13:15,60.1,59.4,52.3,75.4,0.0,NW@10.4,17.8,76.2,72.1,61.8,14.8,0.0,880,29.99,"Grayland, Grayland, Grays Harbor County",300213,Grayland,2017-12-10 22:16:21.147668
2016-05-07,13:30,60.1,59.4,52.3,75.5,0.0,NW@9.7,16.7,76.7,72.6,62.0,14.7,0.0,863,29.99,"Grayland, Grayland, Grays Harbor County",300213,Grayland,2017-12-10 22:16:21.147668
2016-05-07,13:45,60.6,60.0,52.6,75.0,0.0,NW@9.8,15.0,77.3,73.0,62.2,14.7,0.0,842,29.99,"Grayland, Grayland, Grays Harbor County",300213,Grayland,2017-12-10 22:16:21.147668
2016-05-07,14:00,60.5,59.9,52.5,74.7,0.0,NW@9.5,16.4,75.3,73.4,62.4,14.7,0.0,818,29.99,"Grayland, Grayland, Grays Harbor County",300213,Grayland,2017-12-10 22:16:21.147668
2016-05-07,14:15,60.7,60.1,52.6,74.4,0.0,NW@10.3,16.4,75.7,73.8,62.7,14.7,0.0,792,30.0,"Grayland, Grayland, Grays Harbor County",300213,Grayland,2017-12-10 22:16:21.147668
2016-05-07,14:30,60.6,60.0,52.8,75.3,0.0,NW@11.1,16.7,74.3,74.0,62.9,14.7,0.0,763,30.0,"Grayland, Grayland, Grays Harbor County",300213,Grayland,2017-12-10 22:16:21.147668
2016-05-07,14:45,60.4,59.7,52.8,76.0,0.0,NW@11.0,16.7,73.2,74.2,63.1,14.7,0.0,733,30.0,"Grayland, Grayland, Grays Harbor County",300213,Grayland,2017-12-10 22:16:21.147668
2016-05-07,15:00,60.7,60.1,53.2,76.2,0.0,NW@10.1,17.5,72.5,74.4,63.3,14.7,0.0,701,29.99,"Grayland, Grayland, Grays Harbor County",300213,Grayland,2017-12-10 22:16:21.147668
2016-05-07,15:15,59.6,59.0,53.1,78.8,0.0,NW@11.5,17.8,69.8,74.4,63.5,14.7,0.0,536,29.99,"Grayland, Grayland, Grays Harbor County",300213,Grayland,2017-12-10 22:16:21.147668
2016-05-07,15:30,58.9,58.4,53.3,81.4,0.0,NW@11.2,19.6,66.6,74.3,63.7,14.7,0.0,404,29.99,"Grayland, Grayland, Grays Harbor County",300213,Grayland,2017-12-10 22:16:21.147668
2016-05-07,15:45,58.1,57.5,53.3,83.9,0.0,NW@12.2,17.8,64.4,74.0,63.9,14.7,0.0,342,29.99,"Grayland, Grayland, Grays Harbor County",300213,Grayland,2017-12-10 22:16:21.147668
2016-05-07,16:00,57.0,56.5,53.0,86.4,0.0,NW@13.5,21.0,61.1,73.6,64.0,14.7,0.0,216,29.99,"Grayland, Grayland, Grays Harbor County",300213,Grayland,2017-12-10 22:16:21.147668
2016-05-07,16:15,56.2,55.7,52.9,88.8,0.03,NW@12.4,20.7,58.3,73.0,64.2,14.7,0.0,145,30.0,"Grayland, Grayland, Grays Harbor County",300213,Grayland,2017-12-10 22:16:21.147668
2016-05-07,16:30,56.0,55.6,53.1,89.8,0.07,NW@12.3,18.9,58.1,72.3,64.3,14.7,0.0,121,30.0,"Grayland, Grayland, Grays Harbor County",300213,Grayland,2017-12-10 22:16:21.147668
2016-05-07,16:45,55.5,55.0,53.0,91.4,0.12,NW@13.0,19.6,57.2,71.5,64.5,14.7,0.0,110,30.0,"Grayland, Grayland, Grays Harbor County",300213,Grayland,2017-12-10 22:16:21.147668
2016-05-07,17:00,55.1,54.7,53.1,92.7,0.34,NW@11.8,18.9,56.7,70.9,64.6,14.6,0.0,111,30.0,"Grayland, Grayland, Grays Harbor County",300213,Grayland,2017-12-10 22:16:21.147668
2016-05-07,17:15,54.8,54.3,52.9,93.4,0.69,NW@12.8,17.8,56.4,70.2,64.7,14.6,0.0,105,30.0,"Grayland, Grayland, Grays Harbor County",300213,Grayland,2017-12-10 22:16:21.147668
2016-05-07,17:30,54.5,54.1,52.8,94.0,0.76,NW@13.0,22.1,55.8,69.6,64.8,14.6,0.0,91,29.99,"Grayland, Grayland, Grays Harbor County",300213,Grayland,2017-12-10 22:16:21.147668
2016-05-07,17:45,54.2,53.8,52.7,94.4,0.75,NW@12.4,17.5,55.1,69.1,64.8,14.6,0.0,63,29.99,"Grayland, Grayland, Grays Harbor County",300213,Grayland,2017-12-10 22:16:21.147668
2016-05-07,18:00,53.9,53.6,52.5,94.6,0.75,NW@11.8,19.6,54.5,68.6,64.9,14.6,0.0,48,29.99,"Grayland, Grayland, Grays Harbor County",300213,Grayland,2017-12-10 22:16:21.147668
2016-05-07,18:15,53.9,53.5,52.4,94.9,0.71,NW@9.9,15.3,54.0,68.1,64.9,14.6,0.0,41,29.99,"Grayland, Grayland, Grays Harbor County",300213,Grayland,2017-12-10 22:16:21.147668
2016-05-07,18:30,53.6,53.2,52.3,95.3,0.67,NW@10.4,16.0,53.6,67.7,64.9,14.6,0.0,28,29.99,"Grayland, Grayland, Grays Harbor County",300213,Grayland,2017-12-10 22:16:21.147668
2016-05-07,18:45,53.6,53.2,52.4,95.6,0.69,NW@9.4,16.0,53.6,67.2,64.9,14.6,0.0,21,29.99,"Grayland, Grayland, Grays Harbor County",300213,Grayland,2017-12-10 22:16:21.147668
2016-05-07,19:00,53.3,52.9,52.2,95.8,0.7,NW@11.2,18.2,53.2,66.8,64.9,14.6,0.0,12,29.99,"Grayland, Grayland, Grays Harbor County",300213,Grayland,2017-12-10 22:16:21.147668
2016-05-07,19:15,53.4,53.1,52.2,95.7,0.72,NW@10.5,18.9,53.2,66.5,64.9,14.6,0.0,20,29.99,"Grayland, Grayland, Grays Harbor County",300213,Grayland,2017-12-10 22:16:21.147668
2016-05-07,19:30,53.5,53.2,52.2,95.4,0.74,NW@10.8,18.5,53.3,66.1,64.8,14.6,0.0,19,29.99,"Grayland, Grayland, Grays Harbor County",300213,Grayland,2017-12-10 22:16:21.147668
2016-05-07,19:45,53.6,53.4,52.2,94.7,0.71,NW@10.5,17.8,53.2,65.8,64.8,14.6,0.0,4,30.0,"Grayland, Grayland, Grays Harbor County",300213,Grayland,2017-12-10 22:16:21.147668
2016-05-07,20:00,53.8,53.6,52.0,93.5,0.69,NW@10.7,16.0,53.2,65.5,64.7,14.6,0.0,1,30.0,"Grayland, Grayland, Grays Harbor County",300213,Grayland,2017-12-10 22:16:21.147668
2016-05-07,20:15,53.9,53.6,51.9,92.7,0.65,NW@9.9,17.5,53.2,65.2,64.6,14.6,0.0,0,30.01,"Grayland, Grayland, Grays Harbor County",300213,Grayland,2017-12-10 22:16:21.147668
2016-05-07,20:30,53.9,53.6,51.7,92.2,0.62,NW@9.2,14.2,53.1,65.0,64.6,14.6,0.0,0,30.01,"Grayland, Grayland, Grays Harbor County",300213,Grayland,2017-12-10 22:16:21.147668
2016-05-07,20:45,54.0,53.7,51.3,90.5,0.59,NW@10.1,18.2,53.1,64.7,64.5,14.6,0.0,0,30.01,"Grayland, Grayland, Grays Harbor County",300213,Grayland,2017-12-10 22:16:21.147668
2016-05-07,21:00,54.0,53.7,50.8,88.8,0.56,NW@10.7,16.4,53.0,64.5,64.4,14.6,0.0,0,30.01,"Grayland, Grayland, Grays Harbor County",300213,Grayland,2017-12-10 22:16:21.147668
2016-05-07,21:15,53.6,53.2,50.3,88.3,0.55,NW@10.0,15.7,51.6,64.2,64.4,14.6,0.0,0,30.01,"Grayland, Grayland, Grays Harbor County",300213,Grayland,2017-12-10 22:16:21.147668
2016-05-07,21:30,53.1,52.7,50.1,89.6,0.59,NW@10.1,16.7,50.4,64.0,64.3,14.6,0.0,0,30.01,"Grayland, Grayland, Grays Harbor County",300213,Grayland,2017-12-10 22:16:21.147668
2016-05-07,21:45,53.0,52.6,50.0,89.7,0.62,NW@10.0,16.4,50.2,63.8,64.2,14.6,0.0,0,30.01,"Grayland, Grayland, Grays Harbor County",300213,Grayland,2017-12-10 22:16:21.147668
2016-05-07,22:00,52.8,52.4,49.9,89.6,0.63,NW@9.9,18.2,50.2,63.5,64.1,14.6,0.0,0,30.02,"Grayland, Grayland, Grays Harbor County",300213,Grayland,2017-12-10 22:16:21.147668
2016-05-07,22:15,52.5,52.1,49.3,88.9,0.63,NW@10.4,15.7,49.7,63.2,64.0,14.6,0.0,0,30.02,"Grayland, Grayland, Grays Harbor County",300213,Grayland,2017-12-10 22:16:21.147668
2016-05-07,22:30,52.4,52.1,49.2,88.7,0.63,NW@9.6,16.7,49.8,62.9,64.0,14.6,0.0,0,30.02,"Grayland, Grayland, Grays Harbor County",300213,Grayland,2017-12-10 22:16:21.147668
2016-05-07,22:45,52.4,52.0,48.9,88.1,0.62,NW@9.7,19.6,50.0,62.7,63.9,14.6,0.0,0,30.02,"Grayland, Grayland, Grays Harbor County",300213,Grayland,2017-12-10 22:16:21.147668
2016-05-07,23:00,52.3,51.9,48.7,87.6,0.61,NW@9.4,15.7,49.9,62.4,63.8,14.6,0.0,0,30.02,"Grayland, Grayland, Grays Harbor County",300213,Grayland,2017-12-10 22:16:21.147668
2016-05-08,23:15,52.0,51.7,48.0,86.1,0.59,NW@9.3,15.7,49.3,62.2,63.7,14.6,0.0,0,30.02,"Grayland, Grayland, Grays Harbor County",300213,Grayland,2017-12-10 22:16:21.147668
2016-05-08,23:30,52.1,51.8,47.4,84.0,0.51,NW@9.9,19.2,49.8,62.0,63.6,14.6,0.0,0,30.03,"Grayland, Grayland, Grays Harbor County",300213,Grayland,2017-12-10 22:16:21.147668
2016-05-08,23:45,51.9,51.6,46.6,82.2,0.42,NW@9.6,17.1,49.6,61.8,63.5,14.6,0.0,0,30.03,"Grayland, Grayland, Grays Harbor County",300213,Grayland,2017-12-10 22:16:21.147668
2016-05-08,24:00,51.8,51.5,45.3,78.2,0.26,NW@11.5,20.0,49.6,61.6,63.4,14.6,0.0,0,30.03,"Grayland, Grayland, Grays Harbor County",300213,Grayland,2017-12-10 22:16:21.147668
2016-05-08,00:15,52.0,51.7,44.9,76.5,0.18,NW@10.1,17.8,50.3,61.4,63.3,14.6,0.0,0,30.03,"Grayland, Grayland, Grays Harbor County",300213,Grayland,2017-12-10 22:16:21.147668
2016-05-08,00:30,52.0,51.7,44.9,76.5,0.16,NW@10.1,16.0,50.4,61.3,63.2,14.6,0.0,0,30.03,"Grayland, Grayland, Grays Harbor County",300213,Grayland,2017-12-10 22:16:21.147668
2016-05-08,00:45,52.0,51.6,44.1,74.5,0.13,NW@9.7,16.0,50.2,61.1,63.2,14.6,0.0,0,30.03,"Grayland, Grayland, Grays Harbor County",300213,Grayland,2017-12-10 22:16:21.147668
2016-05-08,01:00,51.9,51.6,43.8,73.7,0.11,NW@10.4,18.9,50.2,61.0,63.1,14.6,0.0,0,30.04,"Grayland, Grayland, Grays Harbor County",300213,Grayland,2017-12-10 22:16:21.147668
2016-05-08,01:15,51.9,51.5,42.8,71.1,0.08,NW@11.5,18.2,50.0,60.9,63.0,14.6,0.0,0,30.04,"Grayland, Grayland, Grays Harbor County",300213,Grayland,2017-12-10 22:16:21.147668
2016-05-08,01:30,51.8,51.5,42.8,71.2,0.08,NW@11.1,18.5,50.0,60.8,62.9,14.6,0.0,0,30.04,"Grayland, Grayland, Grays Harbor County",300213,Grayland,2017-12-10 22:16:21.147668
2016-05-08,01:45,51.8,51.4,43.4,73.0,0.08,NW@10.1,18.2,49.9,60.7,62.8,14.6,0.0,0,30.04,"Grayland, Grayland, Grays Harbor County",300213,Grayland,2017-12-10 22:16:21.147668
2016-05-08,02:00,51.7,51.4,43.4,73.0,0.09,NW@8.7,14.6,49.8,60.5,62.7,14.6,0.0,0,30.04,"Grayland, Grayland, Grays Harbor County",300213,Grayland,2017-12-10 22:16:21.147668
2016-05-08,02:15,51.7,51.4,43.4,72.9,0.09,NW@9.3,16.4,49.9,60.4,62.6,14.6,0.0,0,30.05,"Grayland, Grayland, Grays Harbor County",300213,Grayland,2017-12-10 22:16:21.147668
2016-05-08,02:30,51.7,51.4,42.1,69.6,0.07,NW@10.1,17.1,49.8,60.3,62.5,14.6,0.0,0,30.04,"Grayland, Grayland, Grays Harbor County",300213,Grayland,2017-12-10 22:16:21.147668
2016-05-08,02:45,51.8,51.5,42.5,70.3,0.07,NW@9.3,15.7,49.9,60.2,62.4,14.6,0.0,0,30.04,"Grayland, Grayland, Grays Harbor County",300213,Grayland,2017-12-10 22:16:21.147668
2016-05-08,03:00,51.7,51.4,42.4,70.5,0.07,NW@9.6,17.1,49.9,60.1,62.3,14.6,0.0,0,30.04,"Grayland, Grayland, Grays Harbor County",300213,Grayland,2017-12-10 22:16:21.147668
2016-05-08,03:15,51.6,51.3,42.3,70.1,0.07,NW@8.7,15.3,49.7,60.0,62.3,14.6,0.0,0,30.04,"Grayland, Grayland, Grays Harbor County",300213,Grayland,2017-12-10 22:16:21.147668
2016-05-08,03:30,51.6,51.3,42.2,70.0,0.07,NW@9.3,15.7,49.6,59.9,62.2,14.6,0.0,0,30.04,"Grayland, Grayland, Grays Harbor County",300213,Grayland,2017-12-10 22:16:21.147668
2016-05-08,03:45,51.4,51.1,42.5,71.4,0.07,NW@9.4,15.3,49.4,59.8,62.1,14.6,0.0,0,30.04,"Grayland, Grayland, Grays Harbor County",300213,Grayland,2017-12-10 22:16:21.147668
2016-05-08,04:00,51.3,51.0,42.3,71.2,0.07,NW@8.9,15.7,49.3,59.7,62.0,14.6,0.0,0,30.04,"Grayland, Grayland, Grays Harbor County",300213,Grayland,2017-12-10 22:16:21.147668
2016-05-08,04:15,51.3,51.0,42.5,71.8,0.08,NW@7.6,14.6,49.3,59.6,61.9,14.6,0.0,0,30.04,"Grayland, Grayland, Grays Harbor County",300213,Grayland,2017-12-10 22:16:21.147668
2016-05-08,04:30,51.3,50.9,42.4,71.5,0.08,NW@7.9,16.0,49.3,59.6,61.9,14.6,0.0,0,30.04,"Grayland, Grayland, Grays Harbor County",300213,Grayland,2017-12-10 22:16:21.147668
2016-05-08,04:45,51.3,50.9,42.5,71.8,0.08,NW@7.7,14.6,49.2,59.5,61.8,14.6,0.0,0,30.05,"Grayland, Grayland, Grays Harbor County",300213,Grayland,2017-12-10 22:16:21.147668
2016-05-08,05:00,51.3,51.0,42.5,71.8,0.08,NW@7.8,15.0,49.3,59.4,61.7,14.6,0.0,2,30.05,"Grayland, Grayland, Grays Harbor County",300213,Grayland,2017-12-10 22:16:21.147668
2016-05-08,05:15,51.3,51.0,41.7,69.5,0.07,NW@9.4,15.7,49.4,59.3,61.6,14.6,0.0,6,30.05,"Grayland, Grayland, Grays Harbor County",300213,Grayland,2017-12-10 22:16:21.147668
2016-05-08,05:30,51.4,51.1,42.0,70.2,0.07,NW@8.1,14.2,49.6,59.2,61.6,14.6,0.0,12,30.05,"Grayland, Grayland, Grays Harbor County",300213,Grayland,2017-12-10 22:16:21.147668
2016-05-08,05:45,51.4,51.1,42.0,69.9,0.07,NW@8.3,14.6,49.9,59.1,61.5,14.6,0.0,22,30.05,"Grayland, Grayland, Grays Harbor County",300213,Grayland,2017-12-10 22:16:21.147668
2016-05-08,06:00,51.5,51.1,41.9,69.5,0.07,NW@7.3,12.8,50.1,59.1,61.4,14.6,0.0,31,30.05,"Grayland, Grayland, Grays Harbor County",300213,Grayland,2017-12-10 22:16:21.147668
2016-05-08,06:15,51.6,51.2,41.3,67.7,0.07,NW@6.6,10.7,50.5,59.0,61.4,14.6,0.0,50,30.05,"Grayland, Grayland, Grays Harbor County",300213,Grayland,2017-12-10 22:16:21.147668
2016-05-08,06:30,51.7,51.3,41.3,67.5,0.06,NW@7.8,14.2,51.1,59.0,61.3,14.6,0.0,71,30.05,"Grayland, Grayland, Grays Harbor County",300213,Grayland,2017-12-10 22:16:21.147668
2016-05-08,06:45,51.8,51.4,41.7,68.4,0.06,NW@7.3,15.0,51.5,59.0,61.2,14.6,0.0,82,30.06,"Grayland, Grayland, Grays Harbor County",300213,Grayland,2017-12-10 22:16:21.147668
2016-05-08,07:00,51.9,51.5,41.6,67.6,0.06,NW@6.7,11.4,52.3,59.0,61.1,14.6,0.0,105,30.06,"Grayland, Grayland, Grays Harbor County",300213,Grayland,2017-12-10 22:16:21.147668
2016-05-08,07:15,52.1,51.6,41.7,67.7,0.06,NW@6.7,12.1,52.7,59.0,61.1,14.6,0.0,116,30.06,"Grayland, Grayland, Grays Harbor County",300213,Grayland,2017-12-10 22:16:21.147668
2016-05-08,07:30,52.1,51.6,42.1,68.8,0.06,NW@6.3,12.1,52.6,59.1,61.0,14.6,0.0,102,30.06,"Grayland, Grayland, Grays Harbor County",300213,Grayland,2017-12-10 22:16:21.147668
2016-05-08,07:45,52.1,51.7,42.1,68.4,0.06,NW@6.5,14.2,52.8,59.2,61.0,14.6,0.0,119,30.07,"Grayland, Grayland, Grays Harbor County",300213,Grayland,2017-12-10 22:16:21.147668
2016-05-08,08:00,52.2,51.8,42.0,68.0,0.06,NW@6.3,11.7,53.3,59.3,60.9,14.6,0.0,132,30.07,"Grayland, Grayland, Grays Harbor County",300213,Grayland,2017-12-10 22:16:21.147668
2016-05-08,08:15,52.3,51.9,42.3,68.4,0.06,NW@5.2,11.7,53.5,59.3,60.9,14.6,0.0,124,30.07,"Grayland, Grayland, Grays Harbor County",300213,Grayland,2017-12-10 22:16:21.147668
2016-05-08,08:30,52.5,52.0,42.7,69.2,0.06,NW@6.3,12.8,54.3,59.4,60.8,14.6,0.0,151,30.07,"Grayland, Grayland, Grays Harbor County",300213,Grayland,2017-12-10 22:16:21.147668
2016-05-08,08:45,52.7,52.3,43.2,69.9,0.07,NW@6.8,11.0,55.1,59.5,60.8,14.6,0.0,178,30.08,"Grayland, Grayland, Grays Harbor County",300213,Grayland,2017-12-10 22:16:21.147668
2016-05-08,09:00,53.0,52.6,43.2,69.2,0.07,NW@6.2,11.4,55.9,59.6,60.7,14.6,0.0,183,30.07,"Grayland, Grayland, Grays Harbor County",300213,Grayland,2017-12-10 22:16:21.147668
2016-05-08,09:15,53.4,52.9,43.4,68.6,0.06,NW@5.1,8.5,56.7,59.8,60.7,14.6,0.0,223,30.07,"Grayland, Grayland, Grays Harbor County",300213,Grayland,2017-12-10 22:16:21.147668
2016-05-08,09:30,53.9,53.4,43.9,68.5,0.06,NW@4.7,9.2,59.1,59.9,60.7,14.6,0.0,281,30.07,"Grayland, Grayland, Grays Harbor County",300213,Grayland,2017-12-10 22:16:21.147668
2016-05-08,09:45,53.6,53.1,44.0,69.7,0.06,NW@5.4,10.3,58.1,60.1,60.6,14.6,0.0,209,30.07,"Grayland, Grayland, Grays Harbor County",300213,Grayland,2017-12-10 22:16:21.147668
2016-05-08,10:00,54.3,53.7,44.2,68.8,0.05,NW@5.8,11.7,59.6,60.4,60.6,14.6,0.0,357,30.07,"Grayland, Grayland, Grays Harbor County",300213,Grayland,2017-12-10 22:16:21.147668
2016-05-08,10:15,54.9,54.3,44.0,66.5,0.0,NW@6.6,12.4,62.7,60.6,60.6,14.6,0.0,436,30.07,"Grayland, Grayland, Grays Harbor County",300213,Grayland,2017-12-10 22:16:21.147668
2016-05-08,10:30,55.5,54.8,44.1,65.4,0.0,NW@6.3,10.7,64.4,61.0,60.6,14.6,0.0,475,30.07,"Grayland, Grayland, Grays Harbor County",300213,Grayland,2017-12-10 22:16:21.147668
2016-05-08,10:45,55.2,54.6,43.7,65.2,0.0,NW@6.5,13.2,63.4,61.4,60.6,14.5,0.0,427,30.07,"Grayland, Grayland, Grays Harbor County",300213,Grayland,2017-12-10 22:16:21.147668
2016-05-08,11:00,55.2,54.6,44.2,66.3,0.0,NW@5.8,11.0,62.5,61.9,60.6,14.5,0.0,390,30.07,"Grayland, Grayland, Grays Harbor County",300213,Grayland,2017-12-10 22:16:21.147668
2016-05-08,11:15,55.0,54.5,44.2,66.6,0.0,NW@5.8,10.7,60.9,62.3,60.6,14.5,0.0,346,30.07,"Grayland, Grayland, Grays Harbor County",300213,Grayland,2017-12-10 22:16:21.147668
2016-05-08,11:30,54.5,53.9,44.1,67.9,0.0,NW@7.0,12.1,59.8,62.7,60.6,14.5,0.0,308,30.08,"Grayland, Grayland, Grays Harbor County",300213,Grayland,2017-12-10 22:16:21.147668
2016-05-08,11:45,55.2,54.6,44.6,67.5,0.0,NW@6.6,12.8,61.6,63.0,60.7,14.5,0.0,443,30.08,"Grayland, Grayland, Grays Harbor County",300213,Grayland,2017-12-10 22:16:21.147668
2016-05-08,12:00,55.7,55.1,45.0,67.1,0.0,NW@6.7,12.1,64.0,63.2,60.7,14.5,0.0,441,30.08,"Grayland, Grayland, Grays Harbor County",300213,Grayland,2017-12-10 22:16:21.147668
2016-05-08,12:15,56.1,55.4,44.8,65.7,0.0,NW@7.7,13.9,65.0,63.4,60.7,14.5,0.0,488,30.08,"Grayland, Grayland, Grays Harbor County",300213,Grayland,2017-12-10 22:16:21.147668
2016-05-08,12:30,56.0,55.4,45.1,66.6,0.0,NW@6.6,16.0,64.6,63.7,60.8,14.5,0.0,505,30.07,"Grayland, Grayland, Grays Harbor County",300213,Grayland,2017-12-10 22:16:21.147668
2016-05-08,12:45,57.0,56.2,45.1,64.4,0.0,NW@6.4,11.7,68.2,64.0,60.8,14.5,0.0,539,30.07,"Grayland, Grayland, Grays Harbor County",300213,Grayland,2017-12-10 22:16:21.147668
2016-05-08,13:00,56.9,56.2,45.1,64.5,0.0,NW@6.3,11.7,67.8,64.4,60.9,14.5,0.0,721,30.07,"Grayland, Grayland, Grays Harbor County",300213,Grayland,2017-12-10 22:16:21.147668
2016-05-08,13:15,57.7,56.9,45.3,63.3,0.0,NW@7.3,16.4,72.3,64.9,61.0,14.5,0.0,731,30.07,"Grayland, Grayland, Grays Harbor County",300213,Grayland,2017-12-10 22:16:21.147668
2016-05-08,13:30,56.7,56.0,44.9,64.4,0.0,NW@8.2,13.5,68.7,65.6,61.0,14.4,0.0,669,30.07,"Grayland, Grayland, Grays Harbor County",300213,Grayland,2017-12-10 22:16:21.147668
2016-05-08,13:45,56.6,55.9,45.1,65.1,0.0,NW@7.3,11.7,66.4,66.3,61.1,14.4,0.0,513,30.07,"Grayland, Grayland, Grays Harbor County",300213,Grayland,2017-12-10 22:16:21.147668
2016-05-08,14:00,56.4,55.7,45.3,66.2,0.0,NW@7.6,13.9,65.5,66.8,61.2,14.4,0.0,538,30.07,"Grayland, Grayland, Grays Harbor County",300213,Grayland,2017-12-10 22:16:21.147668
2016-05-08,14:15,55.5,54.9,45.0,67.7,0.0,NW@7.5,14.6,61.8,67.2,61.3,14.4,0.0,332,30.08,"Grayland, Grayland, Grays Harbor County",300213,Grayland,2017-12-10 22:16:21.147668
2016-05-08,14:30,55.2,54.7,44.8,67.8,0.0,NW@7.4,13.9,60.7,67.3,61.4,14.4,0.0,343,30.07,"Grayland, Grayland, Grays Harbor County",300213,Grayland,2017-12-10 22:16:21.147668
2016-05-08,14:45,55.3,54.7,44.9,67.6,0.0,NW@7.0,12.8,61.2,67.3,61.5,14.4,0.0,393,30.07,"Grayland, Grayland, Grays Harbor County",300213,Grayland,2017-12-10 22:16:21.147668
2016-05-08,15:00,56.1,55.4,45.2,66.8,0.0,NW@7.6,13.9,64.4,67.2,61.6,14.4,0.0,507,30.07,"Grayland, Grayland, Grays Harbor County",300213,Grayland,2017-12-10 22:16:21.147668
2016-05-08,15:15,55.9,55.2,44.7,66.1,0.0,NW@8.1,13.5,63.5,67.1,61.7,14.4,0.0,457,30.06,"Grayland, Grayland, Grays Harbor County",300213,Grayland,2017-12-10 22:16:21.147668
2016-05-08,15:30,55.7,55.0,44.8,66.7,0.0,NW@7.5,14.6,62.7,67.2,61.8,14.4,0.0,414,30.06,"Grayland, Grayland, Grays Harbor County",300213,Grayland,2017-12-10 22:16:21.147668
2016-05-08,15:45,55.7,55.1,45.0,67.2,0.0,NW@7.7,14.6,62.9,67.3,62.0,14.4,0.0,459,30.06,"Grayland, Grayland, Grays Harbor County",300213,Grayland,2017-12-10 22:16:21.147668
2016-05-08,16:00,55.3,54.7,44.7,67.3,0.0,NW@7.9,13.9,60.8,67.3,62.1,14.4,0.0,361,30.06,"Grayland, Grayland, Grays Harbor County",300213,Grayland,2017-12-10 22:16:21.147668
2016-05-08,16:15,55.5,54.9,44.8,67.2,0.0,NW@7.9,15.0,61.5,67.4,62.2,14.4,0.0,365,30.06,"Grayland, Grayland, Grays Harbor County",300213,Grayland,2017-12-10 22:16:21.147668
2016-05-08,16:30,55.3,54.7,45.2,68.7,0.0,NW@6.4,11.4,60.3,67.4,62.2,14.4,0.0,321,30.05,"Grayland, Grayland, Grays Harbor County",300213,Grayland,2017-12-10 22:16:21.147668
2016-05-08,16:45,55.3,54.7,45.0,68.1,0.0,NW@8.2,20.3,60.5,67.3,62.3,14.4,0.0,385,30.05,"Grayland, Grayland, Grays Harbor County",300213,Grayland,2017-12-10 22:16:21.147668
2016-05-08,17:00,55.7,55.0,45.2,67.5,0.0,NW@8.5,15.7,62.1,67.2,62.4,14.4,0.0,408,30.05,"Grayland, Grayland, Grays Harbor County",300213,Grayland,2017-12-10 22:16:21.147668
2016-05-08,17:15,55.8,55.1,45.3,67.7,0.0,NW@7.6,15.0,60.9,67.2,62.5,14.4,0.0,366,30.05,"Grayland, Grayland, Grays Harbor County",300213,Grayland,2017-12-10 22:16:21.147668
2016-05-08,17:30,54.8,54.2,44.6,68.3,0.0,NW@8.3,16.4,57.9,67.1,62.5,14.4,0.0,260,30.05,"Grayland, Grayland, Grays Harbor County",300213,Grayland,2017-12-10 22:16:21.147668
2016-05-08,17:45,54.2,53.6,44.6,69.8,0.0,NW@7.7,12.8,55.9,67.0,62.6,14.4,0.0,226,30.04,"Grayland, Grayland, Grays Harbor County",300213,Grayland,2017-12-10 22:16:21.147668
2016-05-08,18:00,54.2,53.5,44.6,69.9,0.0,NW@7.3,13.2,56.1,66.8,62.7,14.4,0.0,225,30.04,"Grayland, Grayland, Grays Harbor County",300213,Grayland,2017-12-10 22:16:21.147668
2016-05-08,18:15,54.3,53.6,44.6,69.6,0.0,NW@6.9,12.1,55.9,66.5,62.7,14.4,0.0,199,30.04,"Grayland, Grayland, Grays Harbor County",300213,Grayland,2017-12-10 22:16:21.147668
2016-05-08,18:30,53.2,52.6,44.4,71.8,0.06,NW@7.1,13.9,52.7,66.2,62.8,14.4,0.0,126,30.04,"Grayland, Grayland, Grays Harbor County",300213,Grayland,2017-12-10 22:16:21.147668
2016-05-08,18:45,53.0,52.5,44.5,72.9,0.07,NW@6.6,13.9,52.4,65.8,62.8,14.4,0.0,101,30.04,"Grayland, Grayland, Grays Harbor County",300213,Grayland,2017-12-10 22:16:21.147668
2016-05-08,19:00,52.4,51.9,44.3,74.0,0.08,NW@6.9,12.8,50.9,65.4,62.8,14.4,0.0,48,30.04,"Grayland, Grayland, Grays Harbor County",300213,Grayland,2017-12-10 22:16:21.147668
2016-05-08,19:15,52.1,51.7,44.6,75.3,0.1,NW@7.0,13.9,50.3,65.0,62.8,14.4,0.0,28,30.04,"Grayland, Grayland, Grays Harbor County",300213,Grayland,2017-12-10 22:16:21.147668
2016-05-08,19:30,51.9,51.5,44.4,75.3,0.11,NW@7.4,13.5,50.1,64.5,62.8,14.4,0.0,18,30.04,"Grayland, Grayland, Grays Harbor County",300213,Grayland,2017-12-10 22:16:21.147668
2016-05-08,19:45,51.4,51.0,44.3,76.5,0.13,NW@6.9,14.2,48.2,64.1,62.8,14.4,0.0,5,30.05,"Grayland, Grayland, Grays Harbor County",300213,Grayland,2017-12-10 22:16:21.147668
2016-05-08,20:00,51.3,50.9,44.6,77.7,0.15,NW@7.0,16.0,48.4,63.7,62.8,14.4,0.0,0,30.05,"Grayland, Grayland, Grays Harbor County",300213,Grayland,2017-12-10 22:16:21.147668
2016-05-08,20:15,51.7,51.3,44.6,76.8,0.14,NW@6.5,11.0,49.5,63.3,62.8,14.4,0.0,0,30.05,"Grayland, Grayland, Grays Harbor County",300213,Grayland,2017-12-10 22:16:21.147668
2016-05-08,20:30,51.7,51.4,44.7,76.9,0.14,NW@6.5,11.7,49.7,62.9,62.8,14.4,0.0,0,30.05,"Grayland, Grayland, Grays Harbor County",300213,Grayland,2017-12-10 22:16:21.147668
2016-05-08,20:45,51.8,51.4,44.8,77.1,0.14,NW@6.6,11.7,49.9,62.6,62.7,14.4,0.0,0,30.06,"Grayland, Grayland, Grays Harbor County",300213,Grayland,2017-12-10 22:16:21.147668
2016-05-08,21:00,51.8,51.5,44.8,76.8,0.14,NW@7.0,12.1,50.0,62.3,62.7,14.4,0.0,0,30.06,"Grayland, Grayland, Grays Harbor County",300213,Grayland,2017-12-10 22:16:21.147668
2016-05-08,21:15,51.8,51.5,44.7,76.6,0.14,NW@7.2,12.4,50.0,62.0,62.6,14.4,0.0,0,30.06,"Grayland, Grayland, Grays Harbor County",300213,Grayland,2017-12-10 22:16:21.147668
2016-05-08,21:30,51.8,51.4,45.0,77.6,0.15,NW@6.6,12.8,49.9,61.8,62.6,14.4,0.0,0,30.06,"Grayland, Grayland, Grays Harbor County",300213,Grayland,2017-12-10 22:16:21.147668
2016-05-08,21:45,51.7,51.4,45.1,77.9,0.16,NW@6.4,14.2,49.8,61.6,62.5,14.4,0.0,0,30.06,"Grayland, Grayland, Grays Harbor County",300213,Grayland,2017-12-10 22:16:21.147668
2016-05-08,22:00,51.6,51.3,45.2,78.5,0.17,NW@5.6,9.9,49.4,61.4,62.4,14.4,0.0,0,30.06,"Grayland, Grayland, Grays Harbor County",300213,Grayland,2017-12-10 22:16:21.147668
2016-05-08,22:15,51.6,51.3,45.0,78.1,0.17,NW@5.7,11.0,49.5,61.2,62.4,14.4,0.0,0,30.06,"Grayland, Grayland, Grays Harbor County",300213,Grayland,2017-12-10 22:16:21.147668
2016-05-08,22:30,51.2,50.8,44.7,78.4,0.2,NW@5.8,11.4,48.0,61.1,62.3,14.4,0.0,0,30.06,"Grayland, Grayland, Grays Harbor County",300213,Grayland,2017-12-10 22:16:21.147668
2016-05-08,22:45,51.1,50.7,45.0,79.5,0.21,NW@5.5,10.7,47.9,60.9,62.2,14.4,0.0,0,30.06,"Grayland, Grayland, Grays Harbor County",300213,Grayland,2017-12-10 22:16:21.147668
2016-05-08,23:00,51.0,50.7,44.9,79.3,0.23,NW@4.7,9.9,47.8,60.6,62.2,14.4,0.0,0,30.06,"Grayland, Grayland, Grays Harbor County",300213,Grayland,2017-12-10 22:16:21.147668
2016-05-09,23:15,51.0,50.7,45.0,79.7,0.24,NW@5.3,9.9,47.8,60.4,62.1,14.4,0.0,0,30.06,"Grayland, Grayland, Grays Harbor County",300213,Grayland,2017-12-10 22:16:21.147668
2016-05-09,23:30,51.3,51.0,45.2,79.4,0.23,NW@5.1,9.6,49.0,60.2,62.0,14.4,0.0,0,30.06,"Grayland, Grayland, Grays Harbor County",300213,Grayland,2017-12-10 22:16:21.147668
2016-05-09,23:45,51.5,51.2,45.3,79.2,0.22,NW@5.2,9.2,49.5,60.0,61.9,14.4,0.0,0,30.06,"Grayland, Grayland, Grays Harbor County",300213,Grayland,2017-12-10 22:16:21.147668
2016-05-09,24:00,51.5,51.1,45.6,80.0,0.22,NW@5.0,9.9,49.6,59.9,61.8,14.4,0.0,0,30.06,"Grayland, Grayland, Grays Harbor County",300213,Grayland,2017-12-10 22:16:21.147668
2016-05-09,00:15,51.4,51.1,45.6,80.4,0.23,NW@4.5,7.8,49.5,59.8,61.8,14.4,0.0,0,30.06,"Grayland, Grayland, Grays Harbor County",300213,Grayland,2017-12-10 22:16:21.147668
2016-05-09,00:30,51.4,51.1,45.5,80.3,0.23,NW@4.8,9.9,49.4,59.7,61.7,14.4,0.0,0,30.06,"Grayland, Grayland, Grays Harbor County",300213,Grayland,2017-12-10 22:16:21.147668
2016-05-09,00:45,51.4,51.1,45.6,80.4,0.24,NW@4.2,8.9,49.3,59.6,61.6,14.4,0.0,0,30.06,"Grayland, Grayland, Grays Harbor County",300213,Grayland,2017-12-10 22:16:21.147668
2016-05-09,01:00,51.4,51.0,45.8,81.1,0.25,NW@3.4,9.6,49.4,59.5,61.5,14.4,0.0,0,30.07,"Grayland, Grayland, Grays Harbor County",300213,Grayland,2017-12-10 22:16:21.147668
2016-05-09,01:15,51.2,50.8,45.7,81.3,0.26,NW@3.3,6.0,48.8,59.4,61.5,14.4,0.0,0,30.06,"Grayland, Grayland, Grays Harbor County",300213,Grayland,2017-12-10 22:16:21.147668
2016-05-09,01:30,50.7,50.2,45.6,82.6,0.3,NW@3.2,5.3,47.1,59.3,61.4,14.4,0.0,0,30.07,"Grayland, Grayland, Grays Harbor County",300213,Grayland,2017-12-10 22:16:21.147668
2016-05-09,01:45,50.6,50.2,45.8,83.4,0.34,NW@3.2,6.4,47.1,59.2,61.3,14.4,0.0,0,30.07,"Grayland, Grayland, Grays Harbor County",300213,Grayland,2017-12-10 22:16:21.147668
2016-05-09,02:00,50.9,50.5,46.1,83.5,0.34,NW@3.0,6.0,48.3,59.1,61.2,14.4,0.0,0,30.07,"Grayland, Grayland, Grays Harbor County",300213,Grayland,2017-12-10 22:16:21.147668
2016-05-09,02:15,51.2,50.8,46.3,83.3,0.33,NW@3.0,6.0,48.9,59.0,61.2,14.4,0.0,0,30.07,"Grayland, Grayland, Grays Harbor County",300213,Grayland,2017-12-10 22:16:21.147668
2016-05-09,02:30,51.2,50.8,46.5,83.8,0.34,W@2.7,5.3,49.1,58.9,61.1,14.4,0.0,0,30.07,"Grayland, Grayland, Grays Harbor County",300213,Grayland,2017-12-10 22:16:21.147668
2016-05-09,02:45,51.3,50.9,46.6,84.0,0.35,W@2.3,4.9,48.8,58.8,61.0,14.4,0.0,0,30.07,"Grayland, Grayland, Grays Harbor County",300213,Grayland,2017-12-10 22:16:21.147668
2016-05-09,03:00,51.2,50.8,46.6,84.1,0.36,W@1.8,4.2,48.2,58.7,61.0,14.4,0.0,0,30.07,"Grayland, Grayland, Grays Harbor County",300213,Grayland,2017-12-10 22:16:21.147668
2016-05-09,03:15,51.1,50.6,46.6,84.5,0.39,NW@0.3,1.7,47.3,58.7,60.9,14.4,0.0,0,30.07,"Grayland, Grayland, Grays Harbor County",300213,Grayland,2017-12-10 22:16:21.147668
2016-05-09,03:30,50.8,50.3,46.5,85.1,0.42,N@0.2,1.7,47.4,58.6,60.8,14.4,0.0,0,30.07,"Grayland, Grayland, Grays Harbor County",300213,Grayland,2017-12-10 22:16:21.147668
2016-05-09,03:45,50.8,50.3,46.5,85.1,0.42,SE@0.7,2.4,47.9,58.5,60.8,14.4,0.0,0,30.08,"Grayland, Grayland, Grays Harbor County",300213,Grayland,2017-12-10 22:16:21.147668
2016-05-09,04:00,50.4,49.8,46.5,86.6,0.45,SE@0.2,2.1,48.0,58.5,60.7,14.4,0.0,0,30.08,"Grayland, Grayland, Grays Harbor County",300213,Grayland,2017-12-10 22:16:21.147668
2016-05-09,04:15,50.2,49.7,46.6,87.3,0.47,SE@1.1,2.8,48.1,58.4,60.6,14.4,0.0,0,30.08,"Grayland, Grayland, Grays Harbor County",300213,Grayland,2017-12-10 22:16:21.147668
2016-05-09,04:30,50.1,49.7,46.5,87.2,0.47,N@0.0,0.0,47.9,58.4,60.6,14.4,0.0,0,30.08,"Grayland, Grayland, Grays Harbor County",300213,Grayland,2017-12-10 22:16:21.147668
2016-05-09,04:45,50.1,49.7,46.3,86.7,0.47,E@0.0,1.4,47.7,58.3,60.5,14.4,0.0,0,30.08,"Grayland, Grayland, Grays Harbor County",300213,Grayland,2017-12-10 22:16:21.147668
2016-05-09,05:00,50.1,49.8,46.1,86.0,0.46,SE@1.3,2.8,47.8,58.3,60.5,14.4,0.0,4,30.09,"Grayland, Grayland, Grays Harbor County",300213,Grayland,2017-12-10 22:16:21.147668
2016-05-09,05:15,50.0,49.6,46.1,86.4,0.47,SE@2.1,2.8,47.5,58.3,60.4,14.4,0.0,12,30.09,"Grayland, Grayland, Grays Harbor County",300213,Grayland,2017-12-10 22:16:21.147668
2016-05-09,05:30,49.9,49.4,46.3,87.3,0.5,SE@2.0,2.8,47.2,58.2,60.4,14.4,0.0,25,30.09,"Grayland, Grayland, Grays Harbor County",300213,Grayland,2017-12-10 22:16:21.147668
2016-05-09,05:45,49.7,49.2,46.2,87.5,0.54,E@0.3,2.4,46.7,58.2,60.3,14.4,0.0,44,30.1,"Grayland, Grayland, Grays Harbor County",300213,Grayland,2017-12-10 22:16:21.147668
2016-05-09,06:00,49.8,49.2,46.6,88.7,0.61,SE@1.9,2.8,49.0,58.1,60.3,14.4,0.0,70,30.1,"Grayland, Grayland, Grays Harbor County",300213,Grayland,2017-12-10 22:16:21.147668
2016-05-09,06:15,50.5,49.9,47.3,88.8,0.61,SE@1.8,2.8,51.5,58.0,60.2,14.4,0.0,118,30.11,"Grayland, Grayland, Grays Harbor County",300213,Grayland,2017-12-10 22:16:21.147668
2016-05-09,06:30,52.3,51.7,48.1,85.7,0.51,SE@2.4,3.9,56.8,58.0,60.2,14.4,0.0,187,30.12,"Grayland, Grayland, Grays Harbor County",300213,Grayland,2017-12-10 22:16:21.147668
2016-05-09,06:45,53.2,52.6,48.0,82.5,0.43,SE@4.1,7.1,56.5,58.0,60.1,14.4,0.0,175,30.12,"Grayland, Grayland, Grays Harbor County",300213,Grayland,2017-12-10 22:16:21.147668
2016-05-09,07:00,54.3,53.6,47.9,78.7,0.35,SE@5.0,7.4,60.0,58.1,60.0,14.4,0.0,295,30.12,"Grayland, Grayland, Grays Harbor County",300213,Grayland,2017-12-10 22:16:21.147668
2016-05-09,07:15,55.1,54.4,47.7,76.0,0.26,SE@6.2,10.7,61.9,58.2,60.0,14.4,0.0,350,30.13,"Grayland, Grayland, Grays Harbor County",300213,Grayland,2017-12-10 22:16:21.147668
2016-05-09,07:30,53.8,53.3,46.3,75.5,0.24,SE@5.6,9.9,56.2,58.3,59.9,14.4,0.0,140,30.13,"Grayland, Grayland, Grays Harbor County",300213,Grayland,2017-12-10 22:16:21.147668
2016-05-09,07:45,53.9,53.3,46.3,75.4,0.25,SE@4.9,7.4,56.5,58.6,59.9,14.4,0.0,264,30.13,"Grayland, Grayland, Grays Harbor County",300213,Grayland,2017-12-10 22:16:21.147668
2016-05-09,08:00,54.9,54.3,45.2,69.8,0.17,S@4.0,8.9,59.8,58.8,59.9,14.3,0.0,246,30.14,"Grayland, Grayland, Grays Harbor County",300213,Grayland,2017-12-10 22:16:21.147668
2016-05-09,08:15,54.7,54.2,45.2,70.2,0.17,SE@5.0,8.9,57.9,59.0,59.8,14.3,0.0,241,30.14,"Grayland, Grayland, Grays Harbor County",300213,Grayland,2017-12-10 22:16:21.147668
2016-05-09,08:30,55.5,54.9,45.3,68.4,0.12,S@4.0,7.1,60.4,59.2,59.8,14.3,0.0,339,30.14,"Grayland, Grayland, Grays Harbor County",300213,Grayland,2017-12-10 22:16:21.147668
2016-05-09,08:45,56.2,55.6,45.8,68.0,0.06,SE@4.5,9.2,63.6,59.4,59.8,14.3,0.0,428,30.14,"Grayland, Grayland, Grays Harbor County",300213,Grayland,2017-12-10 22:16:21.147668
2016-05-09,09:00,57.3,56.7,46.2,66.2,0.0,SE@3.5,6.4,68.4,59.7,59.8,14.3,0.0,536,30.15,"Grayland, Grayland, Grays Harbor County",300213,Grayland,2017-12-10 22:16:21.147668
2016-05-09,09:15,58.3,57.6,46.3,64.2,0.0,SE@3.8,7.8,72.6,60.2,59.8,14.3,0.0,652,30.15,"Grayland, Grayland, Grays Harbor County",300213,Grayland,2017-12-10 22:16:21.147668
2016-05-09,09:30,58.8,58.2,46.0,62.3,0.0,SE@4.0,10.7,74.7,60.8,59.8,14.3,0.0,718,30.16,"Grayland, Grayland, Grays Harbor County",300213,Grayland,2017-12-10 22:16:21.147668
2016-05-09,09:45,59.2,58.5,46.0,61.5,0.0,SE@3.8,8.2,74.8,61.6,59.8,14.3,0.0,744,30.16,"Grayland, Grayland, Grays Harbor County",300213,Grayland,2017-12-10 22:16:21.147668
2016-05-09,10:00,59.2,58.4,45.1,59.5,0.0,S@3.8,7.1,75.5,62.5,59.8,14.2,0.0,773,30.16,"Grayland, Grayland, Grays Harbor County",300213,Grayland,2017-12-10 22:16:21.147668
2016-05-09,10:15,59.2,58.5,45.9,61.1,0.0,SE@4.5,10.3,74.8,63.5,59.9,14.2,0.0,796,30.16,"Grayland, Grayland, Grays Harbor County",300213,Grayland,2017-12-10 22:16:21.147668
2016-05-09,10:30,59.2,58.4,45.6,60.7,0.0,S@4.2,7.8,75.9,64.6,59.9,14.2,0.0,820,30.16,"Grayland, Grayland, Grays Harbor County",300213,Grayland,2017-12-10 22:16:21.147668
2016-05-09,10:45,59.6,58.8,45.9,60.5,0.0,SE@3.9,8.2,77.1,65.6,60.0,14.2,0.0,841,30.16,"Grayland, Grayland, Grays Harbor County",300213,Grayland,2017-12-10 22:16:21.147668
2016-05-09,11:00,59.3,58.5,45.9,61.1,0.0,S@4.5,9.2,77.0,66.7,60.1,14.2,0.0,860,30.16,"Grayland, Grayland, Grays Harbor County",300213,Grayland,2017-12-10 22:16:21.147668
2016-05-09,11:15,59.8,59.1,46.6,61.4,0.0,S@3.9,7.4,78.1,67.7,60.2,14.2,0.0,874,30.16,"Grayland, Grayland, Grays Harbor County",300213,Grayland,2017-12-10 22:16:21.147668
2016-05-09,11:30,59.3,58.5,45.8,60.8,0.0,W@4.2,8.9,80.3,68.7,60.4,14.2,0.0,886,30.17,"Grayland, Grayland, Grays Harbor County",300213,Grayland,2017-12-10 22:16:21.147668
2016-05-09,11:45,59.3,58.6,46.5,62.4,0.0,S@4.2,8.5,81.3,69.7,60.5,14.2,0.0,895,30.17,"Grayland, Grayland, Grays Harbor County",300213,Grayland,2017-12-10 22:16:21.147668
2016-05-09,12:00,60.7,60.0,48.0,62.9,0.0,SW@4.0,8.9,81.9,70.6,60.7,14.2,0.0,898,30.17,"Grayland, Grayland, Grays Harbor County",300213,Grayland,2017-12-10 22:16:21.147668
2016-05-09,12:15,59.3,58.5,47.6,65.0,0.0,W@4.7,9.2,82.6,71.5,60.9,14.2,0.0,901,30.17,"Grayland, Grayland, Grays Harbor County",300213,Grayland,2017-12-10 22:16:21.147668
2016-05-09,12:30,60.4,59.7,48.1,63.7,0.0,W@4.3,8.5,83.0,72.3,61.1,14.2,0.0,899,30.17,"Grayland, Grayland, Grays Harbor County",300213,Grayland,2017-12-10 22:16:21.147668
2016-05-09,12:45,58.6,57.7,47.2,65.8,0.0,W@5.8,12.8,80.0,73.1,61.3,14.2,0.0,893,30.17,"Grayland, Grayland, Grays Harbor County",300213,Grayland,2017-12-10 22:16:21.147668
2016-05-09,13:00,59.4,58.7,48.2,66.3,0.0,NW@4.1,9.6,79.4,73.8,61.6,14.2,0.0,886,30.17,"Grayland, Grayland, Grays Harbor County",300213,Grayland,2017-12-10 22:16:21.147668
2016-05-09,13:15,59.9,59.2,48.4,65.7,0.0,W@4.2,8.5,78.0,74.4,61.8,14.2,0.0,878,30.18,"Grayland, Grayland, Grays Harbor County",300213,Grayland,2017-12-10 22:16:21.147668
2016-05-09,13:30,59.3,58.6,48.1,66.3,0.0,W@4.4,9.2,78.6,74.9,62.0,14.2,0.0,860,30.17,"Grayland, Grayland, Grays Harbor County",300213,Grayland,2017-12-10 22:16:21.147668
2016-05-09,13:45,59.5,58.8,48.6,67.2,0.0,W@5.1,8.9,78.4,75.5,62.3,14.2,0.0,840,30.17,"Grayland, Grayland, Grays Harbor County",300213,Grayland,2017-12-10 22:16:21.147668
2016-05-09,14:00,59.2,58.5,48.6,67.7,0.0,W@5.3,9.6,77.7,75.9,62.5,14.1,0.0,818,30.17,"Grayland, Grayland, Grays Harbor County",300213,Grayland,2017-12-10 22:16:21.147668
2016-05-09,14:15,59.1,58.4,48.7,68.3,0.0,W@4.5,10.3,77.2,76.3,62.8,14.1,0.0,799,30.17,"Grayland, Grayland, Grays Harbor County",300213,Grayland,2017-12-10 22:16:21.147668
2016-05-09,14:30,60.3,59.5,49.3,67.0,0.0,W@4.4,9.9,78.5,76.6,63.0,14.1,0.0,772,30.18,"Grayland, Grayland, Grays Harbor County",300213,Grayland,2017-12-10 22:16:21.147668
2016-05-09,14:45,59.7,59.0,48.8,67.0,0.0,W@4.4,8.2,77.3,76.8,63.3,14.1,0.0,745,30.18,"Grayland, Grayland, Grays Harbor County",300213,Grayland,2017-12-10 22:16:21.147668
2016-05-09,15:00,60.0,59.3,49.1,67.2,0.0,SW@4.2,7.8,75.0,77.0,63.5,14.1,0.0,716,30.18,"Grayland, Grayland, Grays Harbor County",300213,Grayland,2017-12-10 22:16:21.147668
2016-05-09,15:15,59.7,59.0,49.0,67.5,0.0,W@4.5,8.2,75.8,77.2,63.8,14.1,0.0,684,30.17,"Grayland, Grayland, Grays Harbor County",300213,Grayland,2017-12-10 22:16:21.147668
2016-05-09,15:30,59.7,58.9,49.3,68.4,0.0,W@4.0,8.2,74.5,77.3,64.0,14.1,0.0,649,30.17,"Grayland, Grayland, Grays Harbor County",300213,Grayland,2017-12-10 22:16:21.147668
2016-05-09,15:45,59.7,59.0,49.4,68.7,0.0,W@3.3,8.2,73.8,77.3,64.2,14.0,0.0,611,30.17,"Grayland, Grayland, Grays Harbor County",300213,Grayland,2017-12-10 22:16:21.147668
2016-05-09,16:00,59.6,58.9,49.8,70.1,0.04,W@4.1,8.2,74.1,77.2,64.4,14.0,0.0,573,30.17,"Grayland, Grayland, Grays Harbor County",300213,Grayland,2017-12-10 22:16:21.147668
2016-05-09,16:15,59.5,58.8,50.1,71.2,0.07,W@4.4,8.5,72.2,77.1,64.6,14.0,0.0,534,30.17,"Grayland, Grayland, Grays Harbor County",300213,Grayland,2017-12-10 22:16:21.147668
2016-05-09,16:30,58.8,58.0,49.8,72.2,0.09,W@5.2,8.5,69.9,76.9,64.8,14.0,0.0,494,30.17,"Grayland, Grayland, Grays Harbor County",300213,Grayland,2017-12-10 22:16:21.147668
2016-05-09,16:45,58.9,58.2,50.2,72.6,0.1,NW@4.7,7.4,69.3,76.7,65.0,14.0,0.0,449,30.17,"Grayland, Grayland, Grays Harbor County",300213,Grayland,2017-12-10 22:16:21.147668
2016-05-09,17:00,58.1,57.3,49.9,74.1,0.14,NW@6.1,9.2,67.9,76.4,65.1,14.0,0.0,405,30.16,"Grayland, Grayland, Grays Harbor County",300213,Grayland,2017-12-10 22:16:21.147668
2016-05-09,17:15,58.1,57.3,50.3,75.3,0.2,NW@5.1,8.9,65.5,76.1,65.3,14.0,0.0,370,30.17,"Grayland, Grayland, Grays Harbor County",300213,Grayland,2017-12-10 22:16:21.147668
2016-05-09,17:30,57.1,56.3,49.8,76.5,0.24,NW@6.2,10.3,64.4,75.6,65.4,14.0,0.0,322,30.17,"Grayland, Grayland, Grays Harbor County",300213,Grayland,2017-12-10 22:16:21.147668
2016-05-09,17:45,56.7,56.1,49.4,76.3,0.25,NW@5.7,9.9,62.6,75.1,65.6,14.0,0.0,272,30.17,"Grayland, Grayland, Grays Harbor County",300213,Grayland,2017-12-10 22:16:21.147668
2016-05-09,18:00,56.8,56.1,49.1,75.4,0.25,NW@5.4,8.9,60.5,74.6,65.6,14.0,0.0,232,30.18,"Grayland, Grayland, Grays Harbor County",300213,Grayland,2017-12-10 22:16:21.147668
2016-05-09,18:15,56.1,55.4,49.3,78.0,0.28,NW@6.4,9.6,58.1,73.9,65.7,14.0,0.0,188,30.17,"Grayland, Grayland, Grays Harbor County",300213,Grayland,2017-12-10 22:16:21.147668
2016-05-09,18:30,55.9,55.3,49.9,80.1,0.34,NW@4.6,7.4,56.3,73.3,65.8,14.0,0.0,150,30.17,"Grayland, Grayland, Grays Harbor County",300213,Grayland,2017-12-10 22:16:21.147668
2016-05-09,18:45,55.3,54.7,50.1,82.5,0.4,NW@5.7,9.2,54.5,72.5,65.9,14.0,0.0,114,30.18,"Grayland, Grayland, Grays Harbor County",300213,Grayland,2017-12-10 22:16:21.147668
2016-05-09,19:00,54.5,53.9,50.2,85.2,0.47,NW@6.0,9.9,51.5,71.8,65.9,14.0,0.0,78,30.18,"Grayland, Grayland, Grays Harbor County",300213,Grayland,2017-12-10 22:16:21.147668
2016-05-09,19:15,53.8,53.3,50.0,86.9,0.54,NW@4.9,6.7,49.8,71.1,65.9,14.0,0.0,47,30.18,"Grayland, Grayland, Grays Harbor County",300213,Grayland,2017-12-10 22:16:21.147668
2016-05-09,19:30,52.8,52.3,49.4,88.2,0.6,NW@4.3,7.1,48.0,70.3,66.0,14.0,0.0,14,30.18,"Grayland, Grayland, Grays Harbor County",300213,Grayland,2017-12-10 22:16:21.147668
2016-05-09,19:45,51.8,51.3,48.7,89.3,0.66,NW@2.8,4.9,46.4,69.6,66.0,14.0,0.0,5,30.19,"Grayland, Grayland, Grays Harbor County",300213,Grayland,2017-12-10 22:16:21.147668
2016-05-09,20:00,51.1,50.5,48.4,90.3,0.72,NW@1.4,3.5,44.3,68.9,65.9,14.0,0.0,1,30.19,"Grayland, Grayland, Grays Harbor County",300213,Grayland,2017-12-10 22:16:21.147668
2016-05-09,20:15,49.9,49.3,47.4,91.2,0.77,SE@2.1,4.6,42.3,68.2,65.9,14.0,0.0,0,30.19,"Grayland, Grayland, Grays Harbor County",300213,Grayland,2017-12-10 22:16:21.147668
2016-05-09,20:30,48.8,48.3,46.7,92.4,0.8,SE@2.4,4.2,41.8,67.6,65.9,14.0,0.0,0,30.2,"Grayland, Grayland, Grays Harbor County",300213,Grayland,2017-12-10 22:16:21.147668
2016-05-09,20:45,49.1,48.5,47.2,93.2,0.82,S@0.6,3.5,42.1,67.0,65.8,14.0,0.0,0,30.21,"Grayland, Grayland, Grays Harbor County",300213,Grayland,2017-12-10 22:16:21.147668
2016-05-09,21:00,48.4,47.8,46.6,93.3,0.83,W@0.5,2.4,41.4,66.4,65.8,14.0,0.0,0,30.21,"Grayland, Grayland, Grays Harbor County",300213,Grayland,2017-12-10 22:16:21.147668
2016-05-09,21:15,47.0,46.4,45.2,93.4,0.84,SE@0.5,2.8,40.1,65.9,65.7,14.0,0.0,0,30.21,"Grayland, Grayland, Grays Harbor County",300213,Grayland,2017-12-10 22:16:21.147668
2016-05-09,21:30,46.4,45.9,44.9,94.1,0.85,W@1.4,3.1,39.7,65.3,65.6,14.0,0.0,0,30.21,"Grayland, Grayland, Grays Harbor County",300213,Grayland,2017-12-10 22:16:21.147668
2016-05-09,21:45,45.1,44.7,43.7,94.5,0.85,W@0.7,2.1,39.9,64.8,65.5,14.0,0.0,0,30.21,"Grayland, Grayland, Grays Harbor County",300213,Grayland,2017-12-10 22:16:21.147668
2016-05-09,22:00,45.3,44.8,43.9,94.8,0.86,N@0.0,0.0,40.0,64.3,65.4,14.0,0.0,0,30.22,"Grayland, Grayland, Grays Harbor County",300213,Grayland,2017-12-10 22:16:21.147668
2016-05-09,22:15,44.4,43.8,43.0,95.0,0.86,E@0.8,3.1,39.4,63.8,65.3,14.0,0.0,0,30.22,"Grayland, Grayland, Grays Harbor County",300213,Grayland,2017-12-10 22:16:21.147668
2016-05-09,22:30,44.9,44.4,43.8,95.6,0.86,SW@2.3,3.5,38.8,63.4,65.1,14.0,0.0,0,30.22,"Grayland, Grayland, Grays Harbor County",300213,Grayland,2017-12-10 22:16:21.147668
2016-05-09,22:45,44.4,43.9,43.3,96.0,0.86,S@2.5,4.6,39.9,63.0,65.0,14.0,0.0,0,30.23,"Grayland, Grayland, Grays Harbor County",300213,Grayland,2017-12-10 22:16:21.147668
2016-05-09,23:00,45.8,45.3,44.8,96.2,0.87,W@1.7,3.9,42.3,62.6,64.9,14.0,0.0,0,30.23,"Grayland, Grayland, Grays Harbor County",300213,Grayland,2017-12-10 22:16:21.147668
2016-05-10,23:15,45.9,45.4,44.9,96.4,0.87,SE@1.4,2.8,42.4,62.3,64.8,14.0,0.0,0,30.24,"Grayland, Grayland, Grays Harbor County",300213,Grayland,2017-12-10 22:16:21.147668
2016-05-10,23:30,47.0,46.5,46.1,96.4,0.87,SW@0.7,2.4,44.3,62.0,64.6,14.0,0.0,0,30.24,"Grayland, Grayland, Grays Harbor County",300213,Grayland,2017-12-10 22:16:21.147668
2016-05-10,23:45,46.4,46.0,45.5,96.3,0.86,NW@0.9,3.1,43.2,61.8,64.5,14.0,0.0,0,30.24,"Grayland, Grayland, Grays Harbor County",300213,Grayland,2017-12-10 22:16:21.147668
2016-05-10,24:00,45.9,45.4,45.0,96.3,0.85,NW@0.8,2.4,40.9,61.6,64.3,14.0,0.0,0,30.24,"Grayland, Grayland, Grays Harbor County",300213,Grayland,2017-12-10 22:16:21.147668
2016-05-10,00:15,45.6,45.1,44.7,96.6,0.85,W@0.6,2.8,39.1,61.4,64.2,14.0,0.0,0,30.24,"Grayland, Grayland, Grays Harbor County",300213,Grayland,2017-12-10 22:16:21.147668
2016-05-10,00:30,44.3,43.9,43.4,96.6,0.85,S@0.6,2.8,38.8,61.2,64.0,14.0,0.0,0,30.25,"Grayland, Grayland, Grays Harbor County",300213,Grayland,2017-12-10 22:16:21.147668
2016-05-10,00:45,44.8,44.3,43.9,96.6,0.85,NW@0.6,2.8,39.3,61.0,63.9,14.0,0.0,0,30.25,"Grayland, Grayland, Grays Harbor County",300213,Grayland,2017-12-10 22:16:21.147668
2016-05-10,01:00,44.5,44.1,43.7,96.8,0.85,SW@0.3,2.1,38.9,60.7,63.8,14.0,0.0,0,30.25,"Grayland, Grayland, Grays Harbor County",300213,Grayland,2017-12-10 22:16:21.147668
2016-05-10,01:15,44.7,44.2,43.9,96.8,0.85,W@0.2,2.1,38.6,60.5,63.7,14.0,0.0,0,30.25,"Grayland, Grayland, Grays Harbor County",300213,Grayland,2017-12-10 22:16:21.147668
2016-05-10,01:30,44.2,43.7,43.4,96.7,0.85,NW@0.9,2.8,39.0,60.3,63.5,14.0,0.0,0,30.25,"Grayland, Grayland, Grays Harbor County",300213,Grayland,2017-12-10 22:16:21.147668
2016-05-10,01:45,44.0,43.6,43.3,97.1,0.85,S@1.0,2.8,38.3,60.0,63.4,14.0,0.0,0,30.25,"Grayland, Grayland, Grays Harbor County",300213,Grayland,2017-12-10 22:16:21.147668
2016-05-10,02:00,45.0,44.5,44.2,97.0,0.85,S@1.1,3.5,40.4,59.8,63.3,14.0,0.0,0,30.25,"Grayland, Grayland, Grays Harbor County",300213,Grayland,2017-12-10 22:16:21.147668
2016-05-10,02:15,44.6,44.1,43.8,97.1,0.85,W@1.0,3.1,41.7,59.6,63.2,14.0,0.0,0,30.25,"Grayland, Grayland, Grays Harbor County",300213,Grayland,2017-12-10 22:16:21.147668
2016-05-10,02:30,45.6,45.1,44.8,97.2,0.85,SW@1.4,3.5,42.9,59.5,63.0,14.0,0.0,0,30.26,"Grayland, Grayland, Grays Harbor County",300213,Grayland,2017-12-10 22:16:21.147668
2016-05-10,02:45,46.0,45.5,45.2,97.1,0.85,NE@1.0,3.1,44.0,59.3,62.9,14.0,0.0,0,30.26,"Grayland, Grayland, Grays Harbor County",300213,Grayland,2017-12-10 22:16:21.147668
2016-05-10,03:00,46.7,46.3,46.0,97.3,0.85,SW@1.2,2.4,45.1,59.2,62.8,14.0,0.0,0,30.26,"Grayland, Grayland, Grays Harbor County",300213,Grayland,2017-12-10 22:16:21.147668
2016-05-10,03:15,47.5,47.0,46.8,97.3,0.86,S@0.3,1.7,45.4,59.2,62.7,14.0,0.0,0,30.26,"Grayland, Grayland, Grays Harbor County",300213,Grayland,2017-12-10 22:16:21.147668
2016-05-10,03:30,48.7,48.3,48.0,97.3,0.86,NW@1.2,4.2,46.5,59.1,62.6,14.0,0.0,0,30.26,"Grayland, Grayland, Grays Harbor County",300213,Grayland,2017-12-10 22:16:21.147668
2016-05-10,03:45,49.2,48.8,48.5,97.2,0.86,NE@1.2,4.6,45.7,59.1,62.4,14.0,0.0,0,30.25,"Grayland, Grayland, Grays Harbor County",300213,Grayland,2017-12-10 22:16:21.147668
2016-05-10,04:00,49.1,48.6,48.3,97.1,0.86,NE@2.3,5.7,44.5,59.1,62.3,14.0,0.0,0,30.24,"Grayland, Grayland, Grays Harbor County",300213,Grayland,2017-12-10 22:16:21.147668
2016-05-10,04:15,48.7,48.3,47.9,97.0,0.85,E@1.8,4.6,44.0,59.0,62.2,14.0,0.0,0,30.24,"Grayland, Grayland, Grays Harbor County",300213,Grayland,2017-12-10 22:16:21.147668
2016-05-10,04:30,48.0,47.5,47.2,97.0,0.85,N@0.5,2.1,41.9,58.9,62.1,14.0,0.0,0,30.24,"Grayland, Grayland, Grays Harbor County",300213,Grayland,2017-12-10 22:16:21.147668
2016-05-10,04:45,47.5,47.0,46.7,97.1,0.85,SE@0.9,2.4,41.1,58.8,62.0,14.0,0.0,2,30.25,"Grayland, Grayland, Grays Harbor County",300213,Grayland,2017-12-10 22:16:21.147668
2016-05-10,05:00,47.1,46.6,46.3,97.2,0.85,SE@0.5,2.4,42.6,58.6,61.9,14.0,0.0,5,30.25,"Grayland, Grayland, Grays Harbor County",300213,Grayland,2017-12-10 22:16:21.147668
2016-05-10,05:15,46.6,46.1,45.8,97.2,0.85,E@1.2,2.4,44.4,58.4,61.8,14.0,0.0,16,30.25,"Grayland, Grayland, Grays Harbor County",300213,Grayland,2017-12-10 22:16:21.147668
2016-05-10,05:30,47.1,46.6,46.4,97.4,0.85,NE@0.6,2.8,45.6,58.3,61.8,14.0,0.0,27,30.26,"Grayland, Grayland, Grays Harbor County",300213,Grayland,2017-12-10 22:16:21.147668
2016-05-10,05:45,47.5,47.0,46.9,97.4,0.83,SE@0.9,4.2,47.8,58.2,61.7,14.0,0.0,38,30.26,"Grayland, Grayland, Grays Harbor County",300213,Grayland,2017-12-10 22:16:21.147668
2016-05-10,06:00,47.4,46.9,46.7,97.5,0.81,SE@2.5,3.9,48.4,58.2,61.6,14.0,0.0,74,30.26,"Grayland, Grayland, Grays Harbor County",300213,Grayland,2017-12-10 22:16:21.147668
2016-05-10,06:15,47.4,46.7,46.7,97.5,0.81,SE@1.7,3.9,49.5,58.3,61.5,14.0,0.0,99,30.26,"Grayland, Grayland, Grays Harbor County",300213,Grayland,2017-12-10 22:16:21.147668
2016-05-10,06:30,47.5,46.9,46.8,97.6,0.82,NW@0.3,1.7,49.8,58.3,61.4,14.0,0.0,107,30.26,"Grayland, Grayland, Grays Harbor County",300213,Grayland,2017-12-10 22:16:21.147668
2016-05-10,06:45,47.8,47.2,47.2,97.6,0.81,W@0.4,2.1,51.3,58.4,61.3,14.0,0.0,121,30.26,"Grayland, Grayland, Grays Harbor County",300213,Grayland,2017-12-10 22:16:21.147668
2016-05-10,07:00,48.8,48.3,48.2,97.6,0.81,N@1.8,3.5,52.6,58.5,61.3,14.0,0.0,170,30.27,"Grayland, Grayland, Grays Harbor County",300213,Grayland,2017-12-10 22:16:21.147668
2016-05-10,07:15,49.4,48.8,48.7,97.4,0.81,N@2.2,4.9,54.6,58.7,61.2,14.0,0.0,216,30.27,"Grayland, Grayland, Grays Harbor County",300213,Grayland,2017-12-10 22:16:21.147668
2016-05-10,07:30,51.1,50.6,50.4,97.1,0.81,N@1.1,3.1,58.4,58.9,61.1,14.0,0.0,345,30.27,"Grayland, Grayland, Grays Harbor County",300213,Grayland,2017-12-10 22:16:21.147668
2016-05-10,07:45,53.2,52.4,52.3,96.5,0.83,NW@1.6,3.5,63.4,59.1,61.1,14.0,0.0,427,30.27,"Grayland, Grayland, Grays Harbor County",300213,Grayland,2017-12-10 22:16:21.147668
2016-05-10,08:00,54.3,54.1,52.9,94.9,0.83,W@2.8,4.2,64.6,59.4,61.0,14.0,0.0,480,30.27,"Grayland, Grayland, Grays Harbor County",300213,Grayland,2017-12-10 22:16:21.147668
2016-05-10,08:15,55.2,55.2,52.4,90.2,0.77,W@3.6,4.9,65.1,59.7,60.9,14.0,0.0,525,30.27,"Grayland, Grayland, Grays Harbor County",300213,Grayland,2017-12-10 22:16:21.147668
2016-05-10,08:30,57.2,56.8,52.1,83.0,0.54,W@3.2,5.3,68.5,60.2,60.9,13.9,0.0,567,30.26,"Grayland, Grayland, Grays Harbor County",300213,Grayland,2017-12-10 22:16:21.147668
2016-05-10,08:45,59.8,59.1,52.3,76.3,0.33,SW@2.5,4.2,72.6,60.7,60.8,14.0,0.0,605,30.26,"Grayland, Grayland, Grays Harbor County",300213,Grayland,2017-12-10 22:16:21.147668
2016-05-10,09:00,62.2,61.4,52.5,70.5,0.17,W@2.9,4.9,75.8,61.3,60.8,13.9,0.0,645,30.26,"Grayland, Grayland, Grays Harbor County",300213,Grayland,2017-12-10 22:16:21.147668
2016-05-10,09:15,64.6,64.1,51.5,62.6,0.06,SW@3.0,7.1,81.0,62.0,60.8,14.0,0.0,681,30.26,"Grayland, Grayland, Grays Harbor County",300213,Grayland,2017-12-10 22:16:21.147668
2016-05-10,09:30,67.2,66.7,46.8,47.9,0.0,E@2.6,5.7,83.9,62.8,60.8,14.0,0.0,711,30.25,"Grayland, Grayland, Grays Harbor County",300213,Grayland,2017-12-10 22:16:21.147668
2016-05-10,09:45,68.0,67.6,45.5,44.4,0.0,NE@3.9,8.9,85.4,63.7,60.9,13.9,0.0,736,30.26,"Grayland, Grayland, Grays Harbor County",300213,Grayland,2017-12-10 22:16:21.147668
2016-05-10,10:00,68.9,68.7,45.0,42.1,0.0,NE@3.8,7.8,86.4,64.7,60.9,13.9,0.0,766,30.26,"Grayland, Grayland, Grays Harbor County",300213,Grayland,2017-12-10 22:16:21.147668
2016-05-10,10:15,69.3,69.0,44.3,40.4,0.0,E@4.4,7.8,86.2,65.8,61.0,13.9,0.0,794,30.25,"Grayland, Grayland, Grays Harbor County",300213,Grayland,2017-12-10 22:16:21.147668
2016-05-10,10:30,69.9,69.4,44.1,39.3,0.0,E@5.7,12.4,85.3,66.9,61.0,13.9,0.0,819,30.25,"Grayland, Grayland, Grays Harbor County",300213,Grayland,2017-12-10 22:16:21.147668
2016-05-10,10:45,70.2,69.6,44.0,38.8,0.0,NE@4.7,9.6,86.2,68.1,61.1,13.9,0.0,816,30.25,"Grayland, Grayland, Grays Harbor County",300213,Grayland,2017-12-10 22:16:21.147668
2016-05-10,11:00,69.2,68.2,48.5,47.7,0.0,N@6.4,11.7,88.6,69.2,61.3,13.8,0.0,845,30.25,"Grayland, Grayland, Grays Harbor County",300213,Grayland,2017-12-10 22:16:21.147668
2016-05-10,11:15,64.2,63.3,52.3,65.1,0.0,NW@8.1,13.2,83.0,70.3,61.4,13.8,0.0,856,30.25,"Grayland, Grayland, Grays Harbor County",300213,Grayland,2017-12-10 22:16:21.147668
2016-05-10,11:30,62.4,61.7,52.3,69.4,0.0,NW@7.6,12.1,82.2,71.2,61.6,13.8,0.0,877,30.25,"Grayland, Grayland, Grays Harbor County",300213,Grayland,2017-12-10 22:16:21.147668
2016-05-10,11:45,61.1,60.4,51.5,70.5,0.0,NW@10.2,15.3,81.4,72.1,61.8,13.8,0.0,894,30.25,"Grayland, Grayland, Grays Harbor County",300213,Grayland,2017-12-10 22:16:21.147668
2016-05-10,12:00,60.8,60.2,52.1,72.9,0.0,NW@9.7,13.9,80.8,72.8,62.0,13.8,0.0,900,30.25,"Grayland, Grayland, Grays Harbor County",300213,Grayland,2017-12-10 22:16:21.147668
2016-05-10,12:15,61.0,60.5,52.0,72.1,0.0,NW@9.7,14.6,80.6,73.4,62.2,13.8,0.0,891,30.25,"Grayland, Grayland, Grays Harbor County",300213,Grayland,2017-12-10 22:16:21.147668
2016-05-10,12:30,62.6,62.2,51.6,67.1,0.0,NW@10.4,14.6,80.2,73.9,62.4,13.8,0.0,898,30.24,"Grayland, Grayland, Grays Harbor County",300213,Grayland,2017-12-10 22:16:21.147668
2016-05-10,12:45,63.8,63.3,50.8,62.6,0.0,NW@8.9,14.2,83.4,74.4,62.7,13.8,0.0,895,30.24,"Grayland, Grayland, Grays Harbor County",300213,Grayland,2017-12-10 22:16:21.147668
2016-05-10,13:00,64.1,63.5,50.5,61.1,0.0,NW@8.3,13.9,82.7,74.9,62.9,13.8,0.0,887,30.24,"Grayland, Grayland, Grays Harbor County",300213,Grayland,2017-12-10 22:16:21.147668
2016-05-10,13:15,64.7,64.2,50.3,59.4,0.0,NW@9.4,13.2,82.0,75.4,63.1,13.7,0.0,877,30.23,"Grayland, Grayland, Grays Harbor County",300213,Grayland,2017-12-10 22:16:21.147668
2016-05-10,13:30,64.3,63.8,48.6,56.6,0.0,NW@9.8,13.2,81.2,75.9,63.4,13.7,0.0,865,30.23,"Grayland, Grayland, Grays Harbor County",300213,Grayland,2017-12-10 22:16:21.147668
2016-05-10,13:45,64.9,64.3,49.7,57.8,0.0,NW@7.0,11.4,81.1,76.3,63.6,13.7,0.0,847,30.23,"Grayland, Grayland, Grays Harbor County",300213,Grayland,2017-12-10 22:16:21.147668
2016-05-10,14:00,64.4,63.8,48.6,56.5,0.0,NW@8.8,14.6,80.9,76.7,63.8,13.7,0.0,829,30.23,"Grayland, Grayland, Grays Harbor County",300213,Grayland,2017-12-10 22:16:21.147668
2016-05-10,14:15,64.6,64.0,47.8,54.4,0.0,NW@9.4,13.5,80.2,77.0,64.0,13.7,0.0,807,30.23,"Grayland, Grayland, Grays Harbor County",300213,Grayland,2017-12-10 22:16:21.147668
2016-05-10,14:30,63.4,62.8,48.2,57.6,0.0,N@10.8,15.0,77.6,77.3,64.2,13.7,0.0,782,30.23,"Grayland, Grayland, Grays Harbor County",300213,Grayland,2017-12-10 22:16:21.147668
2016-05-10,14:45,63.6,63.1,47.9,56.5,0.0,NW@9.8,14.2,77.0,77.5,64.4,13.7,0.0,754,30.23,"Grayland, Grayland, Grays Harbor County",300213,Grayland,2017-12-10 22:16:21.147668
2016-05-10,15:00,64.3,63.7,47.3,53.9,0.0,NW@9.2,13.9,77.1,77.6,64.6,13.7,0.0,724,30.22,"Grayland, Grayland, Grays Harbor County",300213,Grayland,2017-12-10 22:16:21.147668
2016-05-10,15:15,64.4,63.8,47.0,53.1,0.0,NW@8.8,13.9,77.3,77.6,64.9,13.7,0.0,692,30.22,"Grayland, Grayland, Grays Harbor County",300213,Grayland,2017-12-10 22:16:21.147668
2016-05-10,15:30,65.3,64.7,45.4,48.5,0.0,NW@9.6,13.9,77.5,77.6,65.0,13.7,0.0,658,30.22,"Grayland, Grayland, Grays Harbor County",300213,Grayland,2017-12-10 22:16:21.147668
2016-05-10,15:45,65.6,64.9,40.9,40.4,0.0,NW@10.2,15.7,75.6,77.5,65.2,13.7,0.0,623,30.21,"Grayland, Grayland, Grays Harbor County",300213,Grayland,2017-12-10 22:16:21.147668
2016-05-10,16:00,64.6,63.9,40.8,41.7,0.0,NW@9.6,13.9,74.9,77.4,65.4,13.7,0.0,584,30.21,"Grayland, Grayland, Grays Harbor County",300213,Grayland,2017-12-10 22:16:21.147668
2016-05-10,16:15,64.6,64.0,41.2,42.3,0.0,NW@8.9,13.2,74.7,77.2,65.6,13.6,0.0,543,30.21,"Grayland, Grayland, Grays Harbor County",300213,Grayland,2017-12-10 22:16:21.147668
2016-05-10,16:30,63.7,63.1,42.2,45.3,0.0,NW@9.9,13.5,72.7,77.0,65.7,13.6,0.0,502,30.2,"Grayland, Grayland, Grays Harbor County",300213,Grayland,2017-12-10 22:16:21.147668
2016-05-10,16:45,64.0,63.4,44.5,49.0,0.0,NW@8.7,13.2,71.3,76.8,65.9,13.6,0.0,459,30.2,"Grayland, Grayland, Grays Harbor County",300213,Grayland,2017-12-10 22:16:21.147668
2016-05-10,17:00,64.2,63.6,44.2,48.1,0.0,NW@8.6,14.2,70.6,76.5,66.0,13.6,0.0,415,30.2,"Grayland, Grayland, Grays Harbor County",300213,Grayland,2017-12-10 22:16:21.147668
2016-05-10,17:15,64.7,64.0,44.4,47.8,0.0,NW@8.0,13.9,69.4,76.2,66.1,13.6,0.0,371,30.2,"Grayland, Grayland, Grays Harbor County",300213,Grayland,2017-12-10 22:16:21.147668
2016-05-10,17:30,63.1,62.4,45.3,52.2,0.0,NW@9.1,13.5,67.1,75.8,66.2,13.6,0.0,327,30.2,"Grayland, Grayland, Grays Harbor County",300213,Grayland,2017-12-10 22:16:21.147668
2016-05-10,17:45,60.5,59.8,47.9,63.0,0.0,NW@9.3,13.5,64.4,75.4,66.3,13.6,0.0,281,30.19,"Grayland, Grayland, Grays Harbor County",300213,Grayland,2017-12-10 22:16:21.147668
2016-05-10,18:00,59.9,59.2,49.0,67.2,0.0,NW@8.8,12.8,62.4,74.9,66.4,13.6,0.0,238,30.19,"Grayland, Grayland, Grays Harbor County",300213,Grayland,2017-12-10 22:16:21.147668
2016-05-10,18:15,59.0,58.4,48.4,67.8,0.0,NW@8.6,12.1,60.4,74.3,66.5,13.6,0.0,186,30.19,"Grayland, Grayland, Grays Harbor County",300213,Grayland,2017-12-10 22:16:21.147668
2016-05-10,18:30,58.6,58.0,46.3,63.7,0.0,NW@9.4,14.2,58.0,73.7,66.6,13.6,0.0,148,30.19,"Grayland, Grayland, Grays Harbor County",300213,Grayland,2017-12-10 22:16:21.147668
2016-05-10,18:45,57.7,57.2,46.7,66.4,0.0,NW@7.7,11.0,55.9,73.0,66.6,13.6,0.0,112,30.2,"Grayland, Grayland, Grays Harbor County",300213,Grayland,2017-12-10 22:16:21.147668
2016-05-10,19:00,57.1,56.5,47.8,71.1,0.01,NW@6.5,9.6,53.0,72.3,66.7,13.6,0.0,83,30.19,"Grayland, Grayland, Grays Harbor County",300213,Grayland,2017-12-10 22:16:21.147668
2016-05-10,19:15,56.4,55.9,47.4,71.7,0.06,NW@5.9,9.2,51.8,71.5,66.7,13.6,0.0,53,30.19,"Grayland, Grayland, Grays Harbor County",300213,Grayland,2017-12-10 22:16:21.147668
2016-05-10,19:30,55.5,55.0,47.4,74.1,0.09,NW@6.1,9.2,51.2,70.8,66.7,13.6,0.0,19,30.19,"Grayland, Grayland, Grays Harbor County",300213,Grayland,2017-12-10 22:16:21.147668
2016-05-10,19:45,54.6,54.0,48.1,78.7,0.16,NW@5.5,8.2,50.2,70.2,66.7,13.6,0.0,6,30.19,"Grayland, Grayland, Grays Harbor County",300213,Grayland,2017-12-10 22:16:21.147668
2016-05-10,20:00,53.8,53.3,48.7,82.7,0.27,NW@5.2,7.8,49.5,69.5,66.7,13.6,0.0,1,30.19,"Grayland, Grayland, Grays Harbor County",300213,Grayland,2017-12-10 22:16:21.147668
2016-05-10,20:15,53.0,52.5,49.1,86.3,0.42,NW@5.0,7.1,48.6,68.9,66.7,13.6,0.0,0,30.2,"Grayland, Grayland, Grays Harbor County",300213,Grayland,2017-12-10 22:16:21.147668
2016-05-10,20:30,52.4,51.8,49.2,88.9,0.56,NW@4.7,6.7,48.3,68.3,66.6,13.6,0.0,0,30.2,"Grayland, Grayland, Grays Harbor County",300213,Grayland,2017-12-10 22:16:21.147668
2016-05-10,20:45,52.0,51.6,49.3,90.5,0.68,NW@4.6,6.4,47.8,67.7,66.6,13.6,0.0,0,30.2,"Grayland, Grayland, Grays Harbor County",300213,Grayland,2017-12-10 22:16:21.147668
2016-05-10,21:00,52.3,51.9,49.5,90.3,0.74,NW@5.3,7.4,48.4,67.2,66.5,13.6,0.0,0,30.2,"Grayland, Grayland, Grays Harbor County",300213,Grayland,2017-12-10 22:16:21.147668
2016-05-10,21:15,52.2,51.8,49.3,89.7,0.76,NW@5.0,6.7,48.2,66.7,66.4,13.6,0.0,0,30.19,"Grayland, Grayland, Grays Harbor County",300213,Grayland,2017-12-10 22:16:21.147668
2016-05-10,21:30,52.4,52.2,49.0,87.9,0.77,NW@4.5,8.5,47.6,66.3,66.4,13.6,0.0,0,30.19,"Grayland, Grayland, Grays Harbor County",300213,Grayland,2017-12-10 22:16:21.147668
2016-05-10,21:45,51.8,51.4,48.5,88.2,0.76,NW@3.6,5.3,46.7,65.9,66.3,13.6,0.0,0,30.19,"Grayland, Grayland, Grays Harbor County",300213,Grayland,2017-12-10 22:16:21.147668
2016-05-10,22:00,51.2,50.7,48.2,89.4,0.76,NW@3.6,4.9,46.3,65.5,66.2,13.6,0.0,0,30.19,"Grayland, Grayland, Grays Harbor County",300213,Grayland,2017-12-10 22:16:21.147668
2016-05-10,22:15,51.5,51.1,48.7,90.0,0.77,NW@3.8,5.3,46.7,65.1,66.1,13.6,0.0,0,30.19,"Grayland, Grayland, Grays Harbor County",300213,Grayland,2017-12-10 22:16:21.147668
2016-05-10,22:30,51.4,51.0,48.6,90.2,0.78,NW@3.2,4.9,46.4,64.8,66.0,13.6,0.0,0,30.19,"Grayland, Grayland, Grays Harbor County",300213,Grayland,2017-12-10 22:16:21.147668
2016-05-10,22:45,51.4,50.9,48.9,90.9,0.79,W@1.3,3.1,45.5,64.4,65.9,13.6,0.0,0,30.19,"Grayland, Grayland, Grays Harbor County",300213,Grayland,2017-12-10 22:16:21.147668
2016-05-10,23:00,50.3,49.7,47.8,91.2,0.8,SE@0.4,3.5,42.6,64.1,65.7,13.6,0.0,0,30.18,"Grayland, Grayland, Grays Harbor County",300213,Grayland,2017-12-10 22:16:21.147668
2016-05-11,23:15,49.0,48.5,46.9,92.5,0.82,S@1.8,3.1,40.2,63.8,65.6,13.6,0.0,0,30.19,"Grayland, Grayland, Grays Harbor County",300213,Grayland,2017-12-10 22:16:21.147668
2016-05-11,23:30,49.2,48.6,47.3,93.3,0.83,SW@0.3,1.7,39.6,63.4,65.5,13.6,0.0,0,30.18,"Grayland, Grayland, Grays Harbor County",300213,Grayland,2017-12-10 22:16:21.147668
2016-05-11,23:45,47.5,47.0,45.7,93.4,0.83,W@0.5,2.1,38.9,63.1,65.4,13.6,0.0,0,30.18,"Grayland, Grayland, Grays Harbor County",300213,Grayland,2017-12-10 22:16:21.147668
2016-05-11,24:00,46.6,46.0,45.0,94.1,0.83,W@0.5,2.4,39.1,62.7,65.3,13.6,0.0,0,30.18,"Grayland, Grayland, Grays Harbor County",300213,Grayland,2017-12-10 22:16:21.147668
2016-05-11,00:15,46.7,46.2,45.3,94.8,0.84,W@0.2,1.7,41.1,62.4,65.1,13.6,0.0,0,30.17,"Grayland, Grayland, Grays Harbor County",300213,Grayland,2017-12-10 22:16:21.147668
2016-05-11,00:30,46.3,45.7,45.0,95.0,0.84,SE@0.2,2.1,41.1,62.1,65.0,13.6,0.0,0,30.17,"Grayland, Grayland, Grays Harbor County",300213,Grayland,2017-12-10 22:16:21.147668
2016-05-11,00:45,44.8,44.3,43.5,95.3,0.84,NW@0.4,3.1,40.7,61.7,64.9,13.6,0.0,0,30.17,"Grayland, Grayland, Grays Harbor County",300213,Grayland,2017-12-10 22:16:21.147668
2016-05-11,01:00,46.2,45.7,45.1,95.8,0.85,NW@1.0,2.8,40.4,61.4,64.8,13.7,0.0,0,30.17,"Grayland, Grayland, Grays Harbor County",300213,Grayland,2017-12-10 22:16:21.147668
2016-05-11,01:15,45.7,45.2,44.6,95.9,0.85,W@1.5,3.9,40.1,61.1,64.6,13.7,0.0,0,30.16,"Grayland, Grayland, Grays Harbor County",300213,Grayland,2017-12-10 22:16:21.147668
2016-05-11,01:30,47.0,46.7,46.1,96.4,0.85,W@2.2,4.2,39.8,60.9,64.5,13.7,0.0,0,30.16,"Grayland, Grayland, Grays Harbor County",300213,Grayland,2017-12-10 22:16:21.147668
2016-05-11,01:45,48.4,47.9,47.4,96.2,0.86,W@2.0,3.9,42.3,60.6,64.4,13.7,0.0,0,30.16,"Grayland, Grayland, Grays Harbor County",300213,Grayland,2017-12-10 22:16:21.147668
2016-05-11,02:00,47.2,46.7,46.2,96.0,0.85,S@0.6,2.4,40.3,60.4,64.3,13.7,0.0,0,30.16,"Grayland, Grayland, Grays Harbor County",300213,Grayland,2017-12-10 22:16:21.147668
2016-05-11,02:15,45.8,45.4,44.8,96.0,0.85,S@0.1,2.1,38.7,60.2,64.1,13.7,0.0,0,30.15,"Grayland, Grayland, Grays Harbor County",300213,Grayland,2017-12-10 22:16:21.147668
2016-05-11,02:30,46.0,45.6,45.0,96.2,0.85,W@0.2,2.4,38.3,60.0,64.0,13.7,0.0,0,30.15,"Grayland, Grayland, Grays Harbor County",300213,Grayland,2017-12-10 22:16:21.147668
2016-05-11,02:45,44.9,44.3,43.9,96.1,0.85,SW@0.4,2.4,37.7,59.8,63.9,13.7,0.0,0,30.15,"Grayland, Grayland, Grays Harbor County",300213,Grayland,2017-12-10 22:16:21.147668
2016-05-11,03:00,45.0,44.5,44.1,96.5,0.85,S@0.3,1.7,37.0,59.5,63.7,13.7,0.0,0,30.15,"Grayland, Grayland, Grays Harbor County",300213,Grayland,2017-12-10 22:16:21.147668
2016-05-11,03:15,45.2,44.7,44.3,96.6,0.85,N@0.1,1.7,37.1,59.3,63.6,13.7,0.0,0,30.15,"Grayland, Grayland, Grays Harbor County",300213,Grayland,2017-12-10 22:16:21.147668
2016-05-11,03:30,45.1,44.6,44.2,96.6,0.84,S@0.5,2.4,37.1,59.0,63.5,13.7,0.0,0,30.14,"Grayland, Grayland, Grays Harbor County",300213,Grayland,2017-12-10 22:16:21.147668
2016-05-11,03:45,43.7,43.2,42.8,96.6,0.84,E@0.2,1.7,36.4,58.8,63.4,13.7,0.0,0,30.14,"Grayland, Grayland, Grays Harbor County",300213,Grayland,2017-12-10 22:16:21.147668
2016-05-11,04:00,44.3,43.8,43.5,96.8,0.84,S@0.3,2.1,36.3,58.6,63.2,13.7,0.0,0,30.14,"Grayland, Grayland, Grays Harbor County",300213,Grayland,2017-12-10 22:16:21.147668
2016-05-11,04:15,44.3,43.9,43.5,96.9,0.84,N@0.4,2.4,35.9,58.3,63.1,13.7,0.0,0,30.14,"Grayland, Grayland, Grays Harbor County",300213,Grayland,2017-12-10 22:16:21.147668
2016-05-11,04:30,44.2,43.9,43.4,96.8,0.84,W@0.1,1.4,35.9,58.1,63.0,13.7,0.0,0,30.14,"Grayland, Grayland, Grays Harbor County",300213,Grayland,2017-12-10 22:16:21.147668
2016-05-11,04:45,43.4,42.9,42.6,96.9,0.84,NW@1.2,2.8,36.1,57.8,62.9,13.7,0.0,1,30.14,"Grayland, Grayland, Grays Harbor County",300213,Grayland,2017-12-10 22:16:21.147668
2016-05-11,05:00,43.5,43.0,42.7,97.1,0.84,W@1.3,3.1,37.0,57.6,62.7,13.7,0.0,5,30.13,"Grayland, Grayland, Grays Harbor County",300213,Grayland,2017-12-10 22:16:21.147668
2016-05-11,05:15,43.4,42.9,42.6,97.1,0.84,W@0.2,1.7,36.7,57.4,62.6,13.7,0.0,11,30.13,"Grayland, Grayland, Grays Harbor County",300213,Grayland,2017-12-10 22:16:21.147668
2016-05-11,05:30,42.9,42.4,42.1,97.1,0.83,NW@0.0,1.4,37.0,57.2,62.5,13.7,0.0,18,30.13,"Grayland, Grayland, Grays Harbor County",300213,Grayland,2017-12-10 22:16:21.147668
2016-05-11,05:45,43.1,42.5,42.3,97.1,0.83,N@0.0,0.0,38.2,57.1,62.4,13.7,0.0,32,30.13,"Grayland, Grayland, Grays Harbor County",300213,Grayland,2017-12-10 22:16:21.147668
2016-05-11,06:00,44.5,43.7,43.7,97.1,0.83,SW@0.4,2.8,40.7,56.9,62.2,13.7,0.0,96,30.12,"Grayland, Grayland, Grays Harbor County",300213,Grayland,2017-12-10 22:16:21.147668
2016-05-11,06:15,47.5,46.1,46.6,96.5,0.84,E@0.0,1.4,47.6,56.8,62.1,13.7,0.0,202,30.12,"Grayland, Grayland, Grays Harbor County",300213,Grayland,2017-12-10 22:16:21.147668
2016-05-11,06:30,50.0,48.9,49.0,96.1,0.85,NE@0.4,2.1,53.2,56.7,62.0,13.7,0.0,241,30.12,"Grayland, Grayland, Grays Harbor County",300213,Grayland,2017-12-10 22:16:21.147668
2016-05-11,06:45,51.9,50.9,50.6,95.2,0.84,NE@1.2,3.1,57.3,56.7,61.9,13.7,0.0,281,30.11,"Grayland, Grayland, Grays Harbor County",300213,Grayland,2017-12-10 22:16:21.147668
2016-05-11,07:00,54.6,53.5,52.4,92.0,0.83,N@1.5,4.2,61.3,56.8,61.7,13.7,0.0,321,30.11,"Grayland, Grayland, Grays Harbor County",300213,Grayland,2017-12-10 22:16:21.147668
2016-05-11,07:15,57.9,57.0,52.0,80.6,0.82,N@2.0,3.5,63.3,57.0,61.6,13.7,0.0,361,30.11,"Grayland, Grayland, Grays Harbor County",300213,Grayland,2017-12-10 22:16:21.147668
2016-05-11,07:30,60.4,59.1,50.9,70.9,0.82,N@2.6,3.9,66.8,57.3,61.5,13.6,0.0,401,30.1,"Grayland, Grayland, Grays Harbor County",300213,Grayland,2017-12-10 22:16:21.147668
2016-05-11,07:45,61.6,60.4,51.5,69.4,0.57,N@3.6,5.7,68.1,57.7,61.4,13.6,0.0,442,30.1,"Grayland, Grayland, Grays Harbor County",300213,Grayland,2017-12-10 22:16:21.147668
2016-05-11,08:00,62.5,61.5,52.4,69.4,0.32,N@4.0,5.7,69.4,58.2,61.3,13.6,0.0,485,30.1,"Grayland, Grayland, Grays Harbor County",300213,Grayland,2017-12-10 22:16:21.147668
2016-05-11,08:15,63.5,62.6,52.0,66.1,0.15,N@4.6,6.7,71.5,58.8,61.2,13.6,0.0,527,30.09,"Grayland, Grayland, Grays Harbor County",300213,Grayland,2017-12-10 22:16:21.147668
2016-05-11,08:30,64.1,63.4,51.2,62.7,0.05,N@5.1,7.1,74.4,59.5,61.1,13.6,0.0,567,30.09,"Grayland, Grayland, Grays Harbor County",300213,Grayland,2017-12-10 22:16:21.147668
2016-05-11,08:45,65.8,65.0,51.0,58.6,0.0,N@5.0,7.4,77.5,60.2,61.1,13.6,0.0,605,30.08,"Grayland, Grayland, Grays Harbor County",300213,Grayland,2017-12-10 22:16:21.147668
2016-05-11,09:00,66.8,66.0,50.5,55.7,0.0,NW@4.4,7.1,80.5,61.0,61.0,13.6,0.0,642,30.08,"Grayland, Grayland, Grays Harbor County",300213,Grayland,2017-12-10 22:16:21.147668
2016-05-11,09:15,67.0,66.1,52.4,59.3,0.0,NW@4.9,10.3,80.9,61.9,61.0,13.5,0.0,675,30.08,"Grayland, Grayland, Grays Harbor County",300213,Grayland,2017-12-10 22:16:21.147668
2016-05-11,09:30,65.8,65.0,51.5,59.9,0.0,NW@6.4,10.3,80.2,62.9,61.0,13.5,0.0,708,30.08,"Grayland, Grayland, Grays Harbor County",300213,Grayland,2017-12-10 22:16:21.147668
2016-05-11,09:45,64.9,64.2,51.1,60.9,0.0,NW@6.6,9.2,80.5,63.8,61.1,13.5,0.0,739,30.08,"Grayland, Grayland, Grays Harbor County",300213,Grayland,2017-12-10 22:16:21.147668
2016-05-11,10:00,66.9,66.2,51.3,57.3,0.0,NW@6.0,9.6,83.3,64.8,61.1,13.5,0.0,767,30.07,"Grayland, Grayland, Grays Harbor County",300213,Grayland,2017-12-10 22:16:21.147668
2016-05-11,10:15,67.7,66.9,52.3,57.7,0.0,NW@5.4,11.0,83.6,65.8,61.2,13.5,0.0,792,30.07,"Grayland, Grayland, Grays Harbor County",300213,Grayland,2017-12-10 22:16:21.147668
2016-05-11,10:30,66.2,65.4,51.0,57.9,0.0,NW@6.4,10.7,82.0,66.8,61.3,13.5,0.0,816,30.08,"Grayland, Grayland, Grays Harbor County",300213,Grayland,2017-12-10 22:16:21.147668
2016-05-11,10:45,66.7,66.0,51.0,56.8,0.0,NW@5.3,8.9,84.3,67.9,61.4,13.5,0.0,837,30.07,"Grayland, Grayland, Grays Harbor County",300213,Grayland,2017-12-10 22:16:21.147668
2016-05-11,11:00,66.6,65.7,51.7,58.7,0.0,NW@6.7,13.5,85.9,68.9,61.5,13.5,0.0,854,30.07,"Grayland, Grayland, Grays Harbor County",300213,Grayland,2017-12-10 22:16:21.147668
2016-05-11,11:15,61.8,61.1,52.0,70.2,0.0,NW@8.3,13.2,82.3,69.9,61.7,13.4,0.0,869,30.07,"Grayland, Grayland, Grays Harbor County",300213,Grayland,2017-12-10 22:16:21.147668
2016-05-11,11:30,61.3,60.7,51.4,69.8,0.0,NW@9.0,12.8,83.3,70.9,61.8,13.4,0.0,880,30.07,"Grayland, Grayland, Grays Harbor County",300213,Grayland,2017-12-10 22:16:21.147668
2016-05-11,11:45,60.4,59.7,51.6,72.7,0.0,NW@9.2,13.9,81.7,71.7,62.0,13.4,0.0,890,30.08,"Grayland, Grayland, Grays Harbor County",300213,Grayland,2017-12-10 22:16:21.147668
2016-05-11,12:00,59.4,58.6,51.2,74.2,0.0,NW@10.1,15.3,78.8,72.5,62.2,13.4,0.0,896,30.07,"Grayland, Grayland, Grays Harbor County",300213,Grayland,2017-12-10 22:16:21.147668
2016-05-11,12:15,58.7,58.1,51.3,76.2,0.05,NW@10.2,15.0,77.7,73.1,62.4,13.4,0.0,900,30.07,"Grayland, Grayland, Grays Harbor County",300213,Grayland,2017-12-10 22:16:21.147668
2016-05-11,12:30,58.0,57.4,51.0,77.3,0.07,NW@9.3,14.6,78.2,73.7,62.6,13.4,0.0,899,30.07,"Grayland, Grayland, Grays Harbor County",300213,Grayland,2017-12-10 22:16:21.147668
2016-05-11,12:45,58.4,57.9,50.7,75.5,0.07,NW@8.5,12.4,77.9,74.2,62.8,13.4,0.0,894,30.07,"Grayland, Grayland, Grays Harbor County",300213,Grayland,2017-12-10 22:16:21.147668
2016-05-11,13:00,60.4,59.8,50.6,70.2,0.03,N@8.8,11.7,78.9,74.7,63.0,13.4,0.0,886,30.07,"Grayland, Grayland, Grays Harbor County",300213,Grayland,2017-12-10 22:16:21.147668
2016-05-11,13:15,60.7,60.2,50.4,68.5,0.0,NW@8.5,12.4,79.4,75.2,63.3,13.4,0.0,875,30.07,"Grayland, Grayland, Grays Harbor County",300213,Grayland,2017-12-10 22:16:21.147668
2016-05-11,13:30,61.1,60.5,51.0,69.3,0.0,NW@8.2,14.2,79.8,75.6,63.5,13.4,0.0,860,30.07,"Grayland, Grayland, Grays Harbor County",300213,Grayland,2017-12-10 22:16:21.147668
2016-05-11,13:45,60.1,59.5,50.4,70.1,0.0,NW@9.1,13.2,78.2,76.1,63.7,13.3,0.0,845,30.07,"Grayland, Grayland, Grays Harbor County",300213,Grayland,2017-12-10 22:16:21.147668
2016-05-11,14:00,61.3,60.7,49.7,65.7,0.0,NW@9.0,12.8,78.2,76.5,63.9,13.3,0.0,824,30.07,"Grayland, Grayland, Grays Harbor County",300213,Grayland,2017-12-10 22:16:21.147668
2016-05-11,14:15,62.0,61.6,48.8,61.9,0.0,NW@8.7,12.8,78.2,76.8,64.1,13.3,0.0,801,30.06,"Grayland, Grayland, Grays Harbor County",300213,Grayland,2017-12-10 22:16:21.147668
2016-05-11,14:30,63.5,63.0,46.3,53.3,0.0,NW@9.5,12.4,78.3,77.1,64.3,13.3,0.0,777,30.06,"Grayland, Grayland, Grays Harbor County",300213,Grayland,2017-12-10 22:16:21.147668
2016-05-11,14:45,61.7,61.0,48.5,61.9,0.0,NW@9.8,14.2,75.8,77.3,64.5,13.3,0.0,748,30.06,"Grayland, Grayland, Grays Harbor County",300213,Grayland,2017-12-10 22:16:21.147668
2016-05-11,15:00,61.1,60.5,49.2,64.7,0.0,NW@8.7,12.8,75.0,77.4,64.7,13.3,0.0,718,30.05,"Grayland, Grayland, Grays Harbor County",300213,Grayland,2017-12-10 22:16:21.147668
2016-05-11,15:15,61.4,60.6,49.5,65.0,0.0,NW@8.2,12.8,75.8,77.5,64.9,13.3,0.0,686,30.05,"Grayland, Grayland, Grays Harbor County",300213,Grayland,2017-12-10 22:16:21.147668
2016-05-11,15:30,60.1,59.3,51.5,73.3,0.0,NW@10.2,14.2,72.8,77.5,65.1,13.3,0.0,649,30.05,"Grayland, Grayland, Grays Harbor County",300213,Grayland,2017-12-10 22:16:21.147668
2016-05-11,15:45,59.7,59.1,52.2,76.1,0.04,NW@9.1,14.2,72.8,77.4,65.3,13.3,0.0,613,30.05,"Grayland, Grayland, Grays Harbor County",300213,Grayland,2017-12-10 22:16:21.147668
2016-05-11,16:00,59.2,58.6,51.7,76.1,0.06,NW@9.4,13.2,72.1,77.3,65.5,13.3,0.0,576,30.05,"Grayland, Grayland, Grays Harbor County",300213,Grayland,2017-12-10 22:16:21.147668
2016-05-11,16:15,58.9,58.3,51.8,77.1,0.06,NW@7.4,11.4,71.2,77.1,65.6,13.3,0.0,536,30.04,"Grayland, Grayland, Grays Harbor County",300213,Grayland,2017-12-10 22:16:21.147668
2016-05-11,16:30,59.0,58.4,50.8,74.1,0.06,NW@7.9,12.4,70.6,76.9,65.8,13.3,0.0,497,30.04,"Grayland, Grayland, Grays Harbor County",300213,Grayland,2017-12-10 22:16:21.147668
2016-05-11,16:45,58.4,57.7,50.4,74.4,0.06,NW@9.2,13.5,68.1,76.6,65.9,13.3,0.0,455,30.03,"Grayland, Grayland, Grays Harbor County",300213,Grayland,2017-12-10 22:16:21.147668
2016-05-11,17:00,57.6,56.8,51.4,79.9,0.08,NW@10.4,16.0,64.9,76.3,66.1,13.3,0.0,414,30.03,"Grayland, Grayland, Grays Harbor County",300213,Grayland,2017-12-10 22:16:21.147668
2016-05-11,17:15,56.5,55.8,51.6,83.5,0.13,NW@9.2,13.9,63.5,76.0,66.2,13.3,0.0,367,30.03,"Grayland, Grayland, Grays Harbor County",300213,Grayland,2017-12-10 22:16:21.147668
2016-05-11,17:30,56.2,55.6,51.5,84.1,0.18,NW@9.0,12.8,61.8,75.5,66.3,13.3,0.0,325,30.03,"Grayland, Grayland, Grays Harbor County",300213,Grayland,2017-12-10 22:16:21.147668
2016-05-11,17:45,54.8,54.1,51.0,86.8,0.24,NW@8.9,14.2,59.0,74.9,66.4,13.3,0.0,225,30.03,"Grayland, Grayland, Grays Harbor County",300213,Grayland,2017-12-10 22:16:21.147668
2016-05-11,18:00,54.0,53.5,51.0,89.5,0.37,NW@8.3,12.4,54.7,74.3,66.5,13.3,0.0,133,30.03,"Grayland, Grayland, Grays Harbor County",300213,Grayland,2017-12-10 22:16:21.147668
2016-05-11,18:15,54.3,53.9,51.5,89.9,0.43,NW@8.9,13.5,54.6,73.6,66.5,13.3,0.0,99,30.03,"Grayland, Grayland, Grays Harbor County",300213,Grayland,2017-12-10 22:16:21.147668
2016-05-11,18:30,54.3,53.9,51.7,90.9,0.49,NW@9.3,12.4,53.2,72.9,66.6,13.3,0.0,72,30.03,"Grayland, Grayland, Grays Harbor County",300213,Grayland,2017-12-10 22:16:21.147668
2016-05-11,18:45,54.5,54.1,52.0,90.9,0.55,NW@9.7,13.9,53.1,72.1,66.7,13.3,0.0,85,30.02,"Grayland, Grayland, Grays Harbor County",300213,Grayland,2017-12-10 22:16:21.147668
2016-05-11,19:00,54.6,54.1,51.9,90.5,0.56,NW@8.7,13.2,52.6,71.3,66.7,13.3,0.0,72,30.02,"Grayland, Grayland, Grays Harbor County",300213,Grayland,2017-12-10 22:16:21.147668
2016-05-11,19:15,54.2,53.8,51.6,90.8,0.59,NW@7.1,10.7,51.9,70.6,66.7,13.3,0.0,54,30.02,"Grayland, Grayland, Grays Harbor County",300213,Grayland,2017-12-10 22:16:21.147668
2016-05-11,19:30,53.6,53.2,51.2,91.6,0.62,NW@6.9,11.0,51.2,70.0,66.7,13.3,0.0,22,30.02,"Grayland, Grayland, Grays Harbor County",300213,Grayland,2017-12-10 22:16:21.147668
2016-05-11,19:45,53.0,52.5,50.8,92.4,0.68,NW@7.1,10.3,50.2,69.3,66.7,13.3,0.0,7,30.02,"Grayland, Grayland, Grays Harbor County",300213,Grayland,2017-12-10 22:16:21.147668
2016-05-11,20:00,52.5,52.1,50.6,93.1,0.73,NW@7.1,11.0,49.6,68.7,66.6,13.3,0.0,1,30.02,"Grayland, Grayland, Grays Harbor County",300213,Grayland,2017-12-10 22:16:21.147668
2016-05-11,20:15,52.0,51.6,50.2,93.5,0.76,NW@5.9,8.5,49.0,68.2,66.6,13.3,0.0,0,30.02,"Grayland, Grayland, Grays Harbor County",300213,Grayland,2017-12-10 22:16:21.147668
2016-05-11,20:30,51.6,51.2,50.0,94.0,0.78,NW@6.1,8.2,48.7,67.6,66.6,13.3,0.0,0,30.02,"Grayland, Grayland, Grays Harbor County",300213,Grayland,2017-12-10 22:16:21.147668
2016-05-11,20:45,51.4,51.0,49.9,94.3,0.8,NW@5.3,7.4,48.1,67.1,66.5,13.3,0.0,0,30.02,"Grayland, Grayland, Grays Harbor County",300213,Grayland,2017-12-10 22:16:21.147668
2016-05-11,21:00,51.2,50.8,49.7,94.6,0.81,NW@4.2,5.7,47.5,66.6,66.4,13.3,0.0,0,30.02,"Grayland, Grayland, Grays Harbor County",300213,Grayland,2017-12-10 22:16:21.147668
2016-05-11,21:15,50.9,50.5,49.5,94.7,0.82,NW@3.6,5.7,46.5,66.2,66.4,13.3,0.0,0,30.02,"Grayland, Grayland, Grays Harbor County",300213,Grayland,2017-12-10 22:16:21.147668
2016-05-11,21:30,50.7,50.3,49.4,95.0,0.83,NW@3.1,4.6,45.2,65.8,66.3,13.3,0.0,0,30.03,"Grayland, Grayland, Grays Harbor County",300213,Grayland,2017-12-10 22:16:21.147668
2016-05-11,21:45,50.7,50.2,49.4,95.2,0.84,NW@2.7,4.2,44.6,65.4,66.2,13.3,0.0,0,30.03,"Grayland, Grayland, Grays Harbor County",300213,Grayland,2017-12-10 22:16:21.147668
2016-05-11,22:00,50.3,49.8,49.0,95.3,0.84,NW@2.8,4.2,46.4,65.0,66.1,13.3,0.0,0,30.03,"Grayland, Grayland, Grays Harbor County",300213,Grayland,2017-12-10 22:16:21.147668
2016-05-11,22:15,50.6,50.2,49.5,95.6,0.85,NW@3.1,6.0,47.9,64.6,66.0,13.3,0.0,0,30.03,"Grayland, Grayland, Grays Harbor County",300213,Grayland,2017-12-10 22:16:21.147668
2016-05-11,22:30,51.6,51.2,50.5,95.8,0.85,NW@5.3,7.8,48.9,64.3,65.9,13.3,0.0,0,30.03,"Grayland, Grayland, Grays Harbor County",300213,Grayland,2017-12-10 22:16:21.147668
2016-05-11,22:45,51.8,51.4,50.6,95.7,0.86,NW@5.1,7.4,49.5,64.1,65.8,13.3,0.0,0,30.03,"Grayland, Grayland, Grays Harbor County",300213,Grayland,2017-12-10 22:16:21.147668
2016-05-11,23:00,51.9,51.5,50.6,95.5,0.86,NW@5.2,8.5,49.5,63.8,65.7,13.3,0.0,0,30.03,"Grayland, Grayland, Grays Harbor County",300213,Grayland,2017-12-10 22:16:21.147668
2016-05-12,23:15,51.8,51.5,50.5,95.3,0.86,NW@4.7,7.8,49.3,63.6,65.6,13.3,0.0,0,30.03,"Grayland, Grayland, Grays Harbor County",300213,Grayland,2017-12-10 22:16:21.147668
2016-05-12,23:30,51.5,51.1,50.1,95.0,0.86,NW@5.1,7.8,48.3,63.4,65.5,13.3,0.0,0,30.03,"Grayland, Grayland, Grays Harbor County",300213,Grayland,2017-12-10 22:16:21.147668
2016-05-12,23:45,51.3,51.0,50.0,94.9,0.86,NW@5.0,7.4,48.3,63.2,65.3,13.3,0.0,0,30.03,"Grayland, Grayland, Grays Harbor County",300213,Grayland,2017-12-10 22:16:21.147668
2016-05-12,24:00,51.6,51.3,50.1,94.7,0.87,NW@6.1,9.9,49.2,63.0,65.2,13.3,0.0,0,30.03,"Grayland, Grayland, Grays Harbor County",300213,Grayland,2017-12-10 22:16:21.147668
2016-05-12,00:15,51.6,51.3,50.0,94.3,0.88,NW@5.7,9.9,49.3,62.9,65.1,13.3,0.0,0,30.02,"Grayland, Grayland, Grays Harbor County",300213,Grayland,2017-12-10 22:16:21.147668
2016-05-12,00:30,51.6,51.3,50.0,94.3,0.88,NW@5.1,9.9,49.9,62.7,65.0,13.3,0.0,0,30.03,"Grayland, Grayland, Grays Harbor County",300213,Grayland,2017-12-10 22:16:21.147668
2016-05-12,00:45,51.7,51.4,50.0,93.8,0.88,NW@6.2,11.0,50.2,62.5,64.9,13.3,0.0,0,30.03,"Grayland, Grayland, Grays Harbor County",300213,Grayland,2017-12-10 22:16:21.147668
2016-05-12,01:00,51.6,51.4,49.5,92.7,0.87,NW@7.3,10.7,49.8,62.4,64.8,13.3,0.0,0,30.03,"Grayland, Grayland, Grays Harbor County",300213,Grayland,2017-12-10 22:16:21.147668
2016-05-12,01:15,51.6,51.3,49.3,91.8,0.84,NW@6.9,11.0,49.8,62.3,64.7,13.3,0.0,0,30.03,"Grayland, Grayland, Grays Harbor County",300213,Grayland,2017-12-10 22:16:21.147668
2016-05-12,01:30,51.6,51.3,49.1,91.2,0.8,NW@6.3,9.9,49.8,62.2,64.6,13.3,0.0,0,30.03,"Grayland, Grayland, Grays Harbor County",300213,Grayland,2017-12-10 22:16:21.147668
2016-05-12,01:45,51.4,51.1,48.9,91.0,0.78,NW@5.3,8.5,49.4,62.1,64.5,13.3,0.0,0,30.03,"Grayland, Grayland, Grays Harbor County",300213,Grayland,2017-12-10 22:16:21.147668
2016-05-12,02:00,51.4,51.1,48.9,91.0,0.75,NW@4.6,7.1,49.4,62.0,64.4,13.3,0.0,0,30.03,"Grayland, Grayland, Grays Harbor County",300213,Grayland,2017-12-10 22:16:21.147668
2016-05-12,02:15,51.3,51.0,48.8,90.8,0.69,NW@5.1,8.5,49.4,61.9,64.3,13.3,0.0,0,30.03,"Grayland, Grayland, Grays Harbor County",300213,Grayland,2017-12-10 22:16:21.147668
2016-05-12,02:30,51.4,51.1,48.7,90.5,0.63,NW@4.3,7.8,49.4,61.8,64.2,13.3,0.0,0,30.03,"Grayland, Grayland, Grays Harbor County",300213,Grayland,2017-12-10 22:16:21.147668
2016-05-12,02:45,51.2,50.9,48.3,89.8,0.53,NW@4.5,9.2,49.1,61.7,64.1,13.3,0.0,0,30.04,"Grayland, Grayland, Grays Harbor County",300213,Grayland,2017-12-10 22:16:21.147668
2016-05-12,03:00,51.2,50.9,48.2,89.3,0.49,NW@3.8,6.0,49.1,61.6,64.0,13.3,0.0,0,30.04,"Grayland, Grayland, Grays Harbor County",300213,Grayland,2017-12-10 22:16:21.147668
2016-05-12,03:15,51.3,50.9,48.2,89.3,0.45,NW@3.9,8.5,49.3,61.5,63.9,13.3,0.0,0,30.04,"Grayland, Grayland, Grays Harbor County",300213,Grayland,2017-12-10 22:16:21.147668
2016-05-12,03:30,51.1,50.8,47.9,88.4,0.37,NW@4.0,6.4,49.1,61.4,63.8,13.3,0.0,0,30.05,"Grayland, Grayland, Grays Harbor County",300213,Grayland,2017-12-10 22:16:21.147668
2016-05-12,03:45,51.0,50.7,47.6,88.1,0.34,NW@3.3,5.7,48.9,61.4,63.8,13.3,0.0,0,30.04,"Grayland, Grayland, Grays Harbor County",300213,Grayland,2017-12-10 22:16:21.147668
2016-05-12,04:00,50.9,50.6,47.4,87.7,0.31,NW@3.5,6.4,48.8,61.3,63.7,13.3,0.0,0,30.04,"Grayland, Grayland, Grays Harbor County",300213,Grayland,2017-12-10 22:16:21.147668
2016-05-12,04:15,50.9,50.5,47.2,87.3,0.28,NW@3.0,6.0,48.8,61.2,63.6,13.3,0.0,0,30.05,"Grayland, Grayland, Grays Harbor County",300213,Grayland,2017-12-10 22:16:21.147668
2016-05-12,04:30,50.7,50.4,47.0,86.8,0.25,NW@4.4,7.1,48.9,61.1,63.5,13.3,0.0,0,30.05,"Grayland, Grayland, Grays Harbor County",300213,Grayland,2017-12-10 22:16:21.147668
2016-05-12,04:45,50.6,50.3,46.7,86.4,0.22,NW@4.7,7.1,48.9,61.0,63.4,13.3,0.0,1,30.05,"Grayland, Grayland, Grays Harbor County",300213,Grayland,2017-12-10 22:16:21.147668
2016-05-12,05:00,50.7,50.3,46.9,86.7,0.22,NW@4.6,7.8,49.1,61.0,63.4,13.3,0.0,6,30.05,"Grayland, Grayland, Grays Harbor County",300213,Grayland,2017-12-10 22:16:21.147668
2016-05-12,05:15,50.9,50.5,47.0,86.3,0.2,NW@4.6,7.4,49.6,60.9,63.3,13.3,0.0,14,30.05,"Grayland, Grayland, Grays Harbor County",300213,Grayland,2017-12-10 22:16:21.147668
2016-05-12,05:30,50.9,50.6,46.7,85.4,0.17,NW@4.4,7.1,50.0,60.8,63.2,13.3,0.0,24,30.06,"Grayland, Grayland, Grays Harbor County",300213,Grayland,2017-12-10 22:16:21.147668
2016-05-12,05:45,51.2,50.8,47.1,85.6,0.16,NW@3.5,5.3,50.1,60.7,63.1,13.3,0.0,30,30.05,"Grayland, Grayland, Grays Harbor County",300213,Grayland,2017-12-10 22:16:21.147668
2016-05-12,06:00,51.3,50.9,47.0,85.4,0.15,NW@4.1,6.4,49.9,60.7,63.1,13.3,0.0,46,30.06,"Grayland, Grayland, Grays Harbor County",300213,Grayland,2017-12-10 22:16:21.147668
2016-05-12,06:15,51.2,50.9,46.7,84.3,0.12,NW@3.1,7.8,50.4,60.7,63.0,13.3,0.0,50,30.06,"Grayland, Grayland, Grays Harbor County",300213,Grayland,2017-12-10 22:16:21.147668
2016-05-12,06:30,51.6,51.1,47.0,84.2,0.11,N@2.7,4.6,51.1,60.7,62.9,13.3,0.0,64,30.06,"Grayland, Grayland, Grays Harbor County",300213,Grayland,2017-12-10 22:16:21.147668
2016-05-12,06:45,51.5,51.1,46.9,84.0,0.1,NW@3.7,6.7,51.3,60.7,62.9,13.3,0.0,70,30.06,"Grayland, Grayland, Grays Harbor County",300213,Grayland,2017-12-10 22:16:21.147668
2016-05-12,07:00,51.8,51.3,46.9,83.4,0.09,N@2.4,5.7,51.5,60.7,62.8,13.3,0.0,89,30.07,"Grayland, Grayland, Grays Harbor County",300213,Grayland,2017-12-10 22:16:21.147668
2016-05-12,07:15,52.0,51.5,47.0,82.9,0.08,NW@2.6,4.9,52.7,60.8,62.7,13.3,0.0,96,30.07,"Grayland, Grayland, Grays Harbor County",300213,Grayland,2017-12-10 22:16:21.147668
2016-05-12,07:30,52.2,51.7,47.1,82.7,0.07,NW@3.8,7.1,53.0,60.8,62.7,13.3,0.0,116,30.07,"Grayland, Grayland, Grays Harbor County",300213,Grayland,2017-12-10 22:16:21.147668
2016-05-12,07:45,52.2,51.7,46.9,82.0,0.06,N@3.4,6.7,54.1,60.9,62.6,13.3,0.0,163,30.07,"Grayland, Grayland, Grays Harbor County",300213,Grayland,2017-12-10 22:16:21.147668
2016-05-12,08:00,52.7,52.2,47.0,80.8,0.03,N@3.4,6.4,55.1,61.0,62.6,13.3,0.0,197,30.07,"Grayland, Grayland, Grays Harbor County",300213,Grayland,2017-12-10 22:16:21.147668
2016-05-12,08:15,53.0,52.5,46.6,78.8,0.0,NW@3.1,5.3,54.8,61.2,62.5,13.3,0.0,247,30.08,"Grayland, Grayland, Grays Harbor County",300213,Grayland,2017-12-10 22:16:21.147668
2016-05-12,08:30,53.7,53.1,46.7,77.2,0.0,NW@3.7,6.4,56.0,61.4,62.5,13.3,0.0,274,30.08,"Grayland, Grayland, Grays Harbor County",300213,Grayland,2017-12-10 22:16:21.147668
2016-05-12,08:45,54.0,53.4,46.5,75.6,0.0,W@3.4,8.9,58.9,61.7,62.4,13.3,0.0,398,30.08,"Grayland, Grayland, Grays Harbor County",300213,Grayland,2017-12-10 22:16:21.147668
2016-05-12,09:00,54.4,53.8,46.6,74.8,0.0,NW@4.0,8.2,59.8,62.0,62.4,13.3,0.0,375,30.08,"Grayland, Grayland, Grays Harbor County",300213,Grayland,2017-12-10 22:16:21.147668
2016-05-12,09:15,54.5,53.9,46.4,73.9,0.0,W@3.7,6.7,59.7,62.4,62.4,13.3,0.0,469,30.08,"Grayland, Grayland, Grays Harbor County",300213,Grayland,2017-12-10 22:16:21.147668
2016-05-12,09:30,55.3,54.6,46.6,72.6,0.0,W@4.0,7.8,64.4,62.8,62.3,13.3,0.0,515,30.08,"Grayland, Grayland, Grays Harbor County",300213,Grayland,2017-12-10 22:16:21.147668
2016-05-12,09:45,55.8,55.0,46.7,71.5,0.0,NW@4.0,8.9,66.5,63.3,62.3,13.2,0.0,644,30.08,"Grayland, Grayland, Grays Harbor County",300213,Grayland,2017-12-10 22:16:21.147668
2016-05-12,10:00,56.2,55.4,47.0,71.2,0.0,NW@4.5,9.6,68.1,63.9,62.3,13.2,0.0,732,30.08,"Grayland, Grayland, Grays Harbor County",300213,Grayland,2017-12-10 22:16:21.147668
2016-05-12,10:15,56.3,55.5,46.9,70.8,0.0,NW@4.8,10.3,69.2,64.6,62.3,13.2,0.0,691,30.08,"Grayland, Grayland, Grays Harbor County",300213,Grayland,2017-12-10 22:16:21.147668
2016-05-12,10:30,56.0,55.4,46.6,70.5,0.0,NW@5.1,9.9,70.2,65.4,62.3,13.2,0.0,784,30.08,"Grayland, Grayland, Grays Harbor County",300213,Grayland,2017-12-10 22:16:21.147668
2016-05-12,10:45,57.4,56.7,47.2,68.7,0.0,NW@4.1,9.2,76.0,66.3,62.4,13.2,0.0,908,30.08,"Grayland, Grayland, Grays Harbor County",300213,Grayland,2017-12-10 22:16:21.147668
2016-05-12,11:00,57.5,56.7,47.2,68.5,0.0,NW@5.2,9.6,75.5,67.2,62.4,13.1,0.0,875,30.08,"Grayland, Grayland, Grays Harbor County",300213,Grayland,2017-12-10 22:16:21.147668
2016-05-12,11:15,57.4,56.8,47.2,68.7,0.0,W@5.3,9.6,76.5,68.3,62.4,13.1,0.0,868,30.08,"Grayland, Grayland, Grays Harbor County",300213,Grayland,2017-12-10 22:16:21.147668
2016-05-12,11:30,57.4,56.8,47.3,68.8,0.0,NW@5.6,10.3,78.3,69.3,62.5,13.1,0.0,897,30.09,"Grayland, Grayland, Grays Harbor County",300213,Grayland,2017-12-10 22:16:21.147668
2016-05-12,11:45,57.1,56.5,46.9,68.6,0.0,NW@6.2,10.7,79.1,70.3,62.6,13.1,0.0,884,30.09,"Grayland, Grayland, Grays Harbor County",300213,Grayland,2017-12-10 22:16:21.147668
2016-05-12,12:00,57.6,57.0,47.3,68.3,0.0,NW@5.8,9.6,79.5,71.3,62.7,13.1,0.0,935,30.09,"Grayland, Grayland, Grays Harbor County",300213,Grayland,2017-12-10 22:16:21.147668
2016-05-12,12:15,57.5,56.7,47.0,68.1,0.0,NW@4.6,8.9,78.3,72.2,62.9,13.1,0.0,880,30.09,"Grayland, Grayland, Grays Harbor County",300213,Grayland,2017-12-10 22:16:21.147668
2016-05-12,12:30,57.6,56.8,47.0,67.8,0.0,NW@5.5,9.2,78.4,73.0,63.0,13.1,0.0,880,30.09,"Grayland, Grayland, Grays Harbor County",300213,Grayland,2017-12-10 22:16:21.147668
2016-05-12,12:45,57.7,57.0,47.3,68.1,0.0,NW@5.5,12.4,77.9,73.8,63.2,13.1,0.0,898,30.09,"Grayland, Grayland, Grays Harbor County",300213,Grayland,2017-12-10 22:16:21.147668
2016-05-12,13:00,57.2,56.5,46.7,67.9,0.0,NW@6.7,12.1,77.5,74.5,63.3,13.1,0.0,887,30.1,"Grayland, Grayland, Grays Harbor County",300213,Grayland,2017-12-10 22:16:21.147668
2016-05-12,13:15,57.7,57.0,46.8,67.0,0.0,NW@5.8,10.3,76.7,75.1,63.5,13.1,0.0,877,30.1,"Grayland, Grayland, Grays Harbor County",300213,Grayland,2017-12-10 22:16:21.147668
2016-05-12,13:30,57.8,57.1,47.1,67.2,0.0,NW@5.2,8.9,77.3,75.7,63.7,13.1,0.0,864,30.1,"Grayland, Grayland, Grays Harbor County",300213,Grayland,2017-12-10 22:16:21.147668
2016-05-12,13:45,57.8,57.1,47.8,69.2,0.0,NW@5.2,9.2,78.1,76.3,63.9,13.1,0.0,846,30.09,"Grayland, Grayland, Grays Harbor County",300213,Grayland,2017-12-10 22:16:21.147668
2016-05-12,14:00,58.2,57.6,48.5,70.1,0.0,NW@5.5,8.9,76.3,76.8,64.1,13.0,0.0,826,30.09,"Grayland, Grayland, Grays Harbor County",300213,Grayland,2017-12-10 22:16:21.147668
2016-05-12,14:15,57.8,57.1,48.0,69.7,0.0,NW@5.7,9.9,75.1,77.2,64.3,13.0,0.0,805,30.09,"Grayland, Grayland, Grays Harbor County",300213,Grayland,2017-12-10 22:16:21.147668
2016-05-12,14:30,57.8,57.1,48.3,70.6,0.0,NW@6.0,11.4,74.2,77.5,64.5,13.0,0.0,761,30.09,"Grayland, Grayland, Grays Harbor County",300213,Grayland,2017-12-10 22:16:21.147668
2016-05-12,14:45,57.6,56.8,48.1,70.5,0.0,NW@6.0,10.7,75.2,77.8,64.7,13.0,0.0,752,30.09,"Grayland, Grayland, Grays Harbor County",300213,Grayland,2017-12-10 22:16:21.147668
2016-05-12,15:00,58.2,57.5,48.4,69.8,0.0,NW@6.2,12.1,75.2,78.0,64.9,13.0,0.0,734,30.09,"Grayland, Grayland, Grays Harbor County",300213,Grayland,2017-12-10 22:16:21.147668
2016-05-12,15:15,57.7,57.0,48.2,70.4,0.0,NW@6.6,11.7,74.5,78.1,65.2,13.0,0.0,700,30.09,"Grayland, Grayland, Grays Harbor County",300213,Grayland,2017-12-10 22:16:21.147668
2016-05-12,15:30,57.5,56.9,48.0,70.4,0.0,NW@6.7,11.4,73.5,78.2,65.3,12.9,0.0,660,30.09,"Grayland, Grayland, Grays Harbor County",300213,Grayland,2017-12-10 22:16:21.147668
2016-05-12,15:45,57.6,57.0,48.0,70.0,0.0,NW@6.6,12.8,72.4,78.2,65.6,12.9,0.0,620,30.09,"Grayland, Grayland, Grays Harbor County",300213,Grayland,2017-12-10 22:16:21.147668
2016-05-12,16:00,57.8,57.0,48.5,71.2,0.0,NW@6.0,9.9,70.9,78.1,65.7,12.9,0.0,579,30.08,"Grayland, Grayland, Grays Harbor County",300213,Grayland,2017-12-10 22:16:21.147668
2016-05-12,16:15,57.4,56.7,48.2,71.3,0.0,NW@5.7,11.7,69.8,78.0,65.9,12.9,0.0,538,30.08,"Grayland, Grayland, Grays Harbor County",300213,Grayland,2017-12-10 22:16:21.147668
2016-05-12,16:30,57.3,56.5,47.9,70.7,0.0,NW@6.1,12.1,68.8,77.8,66.1,12.9,0.0,498,30.08,"Grayland, Grayland, Grays Harbor County",300213,Grayland,2017-12-10 22:16:21.147668
2016-05-12,16:45,56.5,55.7,47.3,71.1,0.0,NW@7.3,12.1,66.6,77.5,66.2,12.9,0.0,457,30.08,"Grayland, Grayland, Grays Harbor County",300213,Grayland,2017-12-10 22:16:21.147668
2016-05-12,17:00,56.7,56.0,47.8,72.1,0.0,NW@6.0,10.3,64.4,77.2,66.4,12.9,0.0,409,30.08,"Grayland, Grayland, Grays Harbor County",300213,Grayland,2017-12-10 22:16:21.147668
2016-05-12,17:15,56.5,55.7,47.7,72.3,0.0,NW@6.5,11.0,62.3,76.8,66.5,12.9,0.0,344,30.08,"Grayland, Grayland, Grays Harbor County",300213,Grayland,2017-12-10 22:16:21.147668
2016-05-12,17:30,55.9,55.3,47.4,72.8,0.0,NW@7.4,12.1,60.6,76.4,66.6,12.9,0.0,288,30.07,"Grayland, Grayland, Grays Harbor County",300213,Grayland,2017-12-10 22:16:21.147668
2016-05-12,17:45,55.8,55.2,47.5,73.5,0.0,NW@6.7,10.7,59.4,75.8,66.7,12.9,0.0,245,30.07,"Grayland, Grayland, Grays Harbor County",300213,Grayland,2017-12-10 22:16:21.147668
2016-05-12,18:00,55.4,54.8,47.5,74.5,0.0,NW@6.2,9.9,57.8,75.2,66.8,12.9,0.0,191,30.07,"Grayland, Grayland, Grays Harbor County",300213,Grayland,2017-12-10 22:16:21.147668
2016-05-12,18:15,54.8,54.2,47.1,75.0,0.0,NW@7.2,11.4,55.9,74.5,66.9,12.9,0.0,151,30.06,"Grayland, Grayland, Grays Harbor County",300213,Grayland,2017-12-10 22:16:21.147668
2016-05-12,18:30,54.5,53.9,47.1,76.0,0.0,NW@6.5,8.9,54.1,73.8,67.0,12.9,0.0,120,30.06,"Grayland, Grayland, Grays Harbor County",300213,Grayland,2017-12-10 22:16:21.147668
2016-05-12,18:45,54.0,53.5,47.1,77.4,0.0,NW@6.4,9.2,52.6,73.1,67.0,12.9,0.0,81,30.07,"Grayland, Grayland, Grays Harbor County",300213,Grayland,2017-12-10 22:16:21.147668
2016-05-12,19:00,53.6,53.1,47.1,78.6,0.02,NW@5.8,9.2,51.1,72.3,67.1,12.9,0.0,58,30.06,"Grayland, Grayland, Grays Harbor County",300213,Grayland,2017-12-10 22:16:21.147668
2016-05-12,19:15,53.1,52.6,47.2,80.4,0.07,NW@4.7,7.1,50.0,71.6,67.1,12.9,0.0,44,30.06,"Grayland, Grayland, Grays Harbor County",300213,Grayland,2017-12-10 22:16:21.147668
2016-05-12,19:30,52.3,51.9,47.2,82.6,0.11,NW@4.1,6.0,49.0,70.9,67.1,12.9,0.0,21,30.06,"Grayland, Grayland, Grays Harbor County",300213,Grayland,2017-12-10 22:16:21.147668
2016-05-12,19:45,51.6,51.0,47.1,84.7,0.17,NW@3.6,6.0,47.9,70.2,67.1,12.9,0.0,6,30.06,"Grayland, Grayland, Grays Harbor County",300213,Grayland,2017-12-10 22:16:21.147668
2016-05-12,20:00,51.1,50.7,47.0,85.7,0.26,NW@1.7,4.6,46.0,69.6,67.1,12.9,0.0,2,30.07,"Grayland, Grayland, Grays Harbor County",300213,Grayland,2017-12-10 22:16:21.147668
2016-05-12,20:15,50.9,50.4,46.8,85.8,0.45,NW@0.4,2.4,43.9,69.0,67.0,12.9,0.0,0,30.07,"Grayland, Grayland, Grays Harbor County",300213,Grayland,2017-12-10 22:16:21.147668
2016-05-12,20:30,50.4,49.9,46.5,86.6,0.61,W@0.3,1.7,42.0,68.4,67.0,12.9,0.0,0,30.07,"Grayland, Grayland, Grays Harbor County",300213,Grayland,2017-12-10 22:16:21.147668
2016-05-12,20:45,50.0,49.5,46.5,87.6,0.71,W@1.3,2.1,40.1,67.8,67.0,12.9,0.0,0,30.07,"Grayland, Grayland, Grays Harbor County",300213,Grayland,2017-12-10 22:16:21.147668
2016-05-12,21:00,48.2,47.5,44.9,88.3,0.74,S@0.3,2.1,38.5,67.2,66.9,12.9,0.0,0,30.07,"Grayland, Grayland, Grays Harbor County",300213,Grayland,2017-12-10 22:16:21.147668
2016-05-12,21:15,46.9,46.3,44.1,90.0,0.78,SW@0.3,1.7,40.3,66.6,66.8,12.9,0.0,0,30.07,"Grayland, Grayland, Grays Harbor County",300213,Grayland,2017-12-10 22:16:21.147668
2016-05-12,21:30,46.4,45.7,44.0,91.2,0.8,N@0.0,0.0,40.2,66.0,66.8,12.9,0.0,0,30.08,"Grayland, Grayland, Grays Harbor County",300213,Grayland,2017-12-10 22:16:21.147668
2016-05-12,21:45,46.3,45.7,44.3,92.4,0.82,W@0.8,2.4,39.7,65.5,66.7,12.9,0.0,0,30.08,"Grayland, Grayland, Grays Harbor County",300213,Grayland,2017-12-10 22:16:21.147668
2016-05-12,22:00,45.4,44.8,43.6,93.3,0.84,SE@1.0,3.1,39.4,65.0,66.6,12.9,0.0,0,30.08,"Grayland, Grayland, Grays Harbor County",300213,Grayland,2017-12-10 22:16:21.147668
2016-05-12,22:15,45.6,45.0,44.0,94.0,0.85,SW@0.6,2.8,38.0,64.4,66.5,12.9,0.0,0,30.07,"Grayland, Grayland, Grays Harbor County",300213,Grayland,2017-12-10 22:16:21.147668
2016-05-12,22:30,44.6,44.0,43.0,94.3,0.85,NW@1.1,2.8,38.7,64.0,66.4,12.9,0.0,0,30.07,"Grayland, Grayland, Grays Harbor County",300213,Grayland,2017-12-10 22:16:21.147668
2016-05-12,22:45,44.1,43.6,42.7,94.9,0.85,N@0.7,2.8,38.3,63.5,66.3,12.9,0.0,0,30.06,"Grayland, Grayland, Grays Harbor County",300213,Grayland,2017-12-10 22:16:21.147668
2016-05-12,23:00,45.2,44.7,43.9,95.3,0.85,NW@0.7,2.4,38.0,63.1,66.1,12.9,0.0,0,30.06,"Grayland, Grayland, Grays Harbor County",300213,Grayland,2017-12-10 22:16:21.147668
2016-05-13,23:15,46.0,45.5,44.8,95.6,0.86,W@1.1,2.4,38.6,62.7,66.0,12.9,0.0,0,30.06,"Grayland, Grayland, Grays Harbor County",300213,Grayland,2017-12-10 22:16:21.147668
2016-05-13,23:30,45.8,45.3,44.6,95.6,0.86,W@0.9,2.4,38.9,62.3,65.9,13.0,0.0,0,30.06,"Grayland, Grayland, Grays Harbor County",300213,Grayland,2017-12-10 22:16:21.147668
2016-05-13,23:45,44.8,44.4,43.6,95.6,0.86,NW@0.7,2.8,39.1,61.9,65.7,13.0,0.0,0,30.05,"Grayland, Grayland, Grays Harbor County",300213,Grayland,2017-12-10 22:16:21.147668
2016-05-13,24:00,44.1,43.6,43.0,95.9,0.86,S@2.2,4.2,37.4,61.5,65.6,13.0,0.0,0,30.05,"Grayland, Grayland, Grays Harbor County",300213,Grayland,2017-12-10 22:16:21.147668
2016-05-13,00:15,43.7,43.2,42.6,96.0,0.86,SW@0.7,2.8,37.2,61.2,65.5,13.0,0.0,0,30.06,"Grayland, Grayland, Grays Harbor County",300213,Grayland,2017-12-10 22:16:21.147668
2016-05-13,00:30,42.7,42.1,41.6,96.1,0.85,SE@0.3,2.4,36.9,60.9,65.3,13.0,0.0,0,30.05,"Grayland, Grayland, Grays Harbor County",300213,Grayland,2017-12-10 22:16:21.147668
2016-05-13,00:45,43.2,42.6,42.2,96.2,0.86,SW@0.4,2.8,36.3,60.6,65.2,13.0,0.0,0,30.05,"Grayland, Grayland, Grays Harbor County",300213,Grayland,2017-12-10 22:16:21.147668
2016-05-13,01:00,42.6,42.1,41.6,96.3,0.85,E@0.2,2.8,35.8,60.3,65.0,13.0,0.0,0,30.05,"Grayland, Grayland, Grays Harbor County",300213,Grayland,2017-12-10 22:16:21.147668
2016-05-13,01:15,42.5,42.0,41.6,96.3,0.85,W@0.4,2.4,36.4,60.0,64.9,13.0,0.0,0,30.05,"Grayland, Grayland, Grays Harbor County",300213,Grayland,2017-12-10 22:16:21.147668
2016-05-13,01:30,42.1,41.6,41.2,96.5,0.85,N@0.0,0.0,36.6,59.7,64.7,13.0,0.0,0,30.04,"Grayland, Grayland, Grays Harbor County",300213,Grayland,2017-12-10 22:16:21.147668
2016-05-13,01:45,42.3,41.8,41.4,96.5,0.85,N@0.0,0.0,36.1,59.4,64.6,13.0,0.0,0,30.04,"Grayland, Grayland, Grays Harbor County",300213,Grayland,2017-12-10 22:16:21.147668
2016-05-13,02:00,42.1,41.6,41.2,96.6,0.85,N@0.0,0.0,36.0,59.1,64.5,13.0,0.0,0,30.04,"Grayland, Grayland, Grays Harbor County",300213,Grayland,2017-12-10 22:16:21.147668
2016-05-13,02:15,41.7,41.1,40.8,96.6,0.85,N@0.0,0.0,35.8,58.9,64.3,13.0,0.0,0,30.04,"Grayland, Grayland, Grays Harbor County",300213,Grayland,2017-12-10 22:16:21.147668
2016-05-13,02:30,41.8,41.2,40.9,96.7,0.85,N@0.0,0.0,35.3,58.6,64.2,13.0,0.0,0,30.04,"Grayland, Grayland, Grays Harbor County",300213,Grayland,2017-12-10 22:16:21.147668
2016-05-13,02:45,41.3,40.7,40.4,96.7,0.85,N@0.0,0.0,35.6,58.4,64.1,13.0,0.0,0,30.04,"Grayland, Grayland, Grays Harbor County",300213,Grayland,2017-12-10 22:16:21.147668
2016-05-13,03:00,40.8,40.3,40.0,96.8,0.85,NW@0.1,1.7,35.7,58.2,63.9,13.0,0.0,0,30.04,"Grayland, Grayland, Grays Harbor County",300213,Grayland,2017-12-10 22:16:21.147668
2016-05-13,03:15,40.7,40.2,39.9,96.9,0.84,NW@0.0,1.7,35.4,57.9,63.8,13.0,0.0,0,30.03,"Grayland, Grayland, Grays Harbor County",300213,Grayland,2017-12-10 22:16:21.147668
2016-05-13,03:30,40.9,40.4,40.1,97.1,0.84,N@0.0,0.0,34.7,57.7,63.6,13.0,0.0,0,30.03,"Grayland, Grayland, Grays Harbor County",300213,Grayland,2017-12-10 22:16:21.147668
2016-05-13,03:45,41.3,40.8,40.6,97.2,0.84,W@0.3,2.1,34.5,57.5,63.5,13.0,0.0,0,30.03,"Grayland, Grayland, Grays Harbor County",300213,Grayland,2017-12-10 22:16:21.147668
2016-05-13,04:00,40.7,40.1,40.0,97.1,0.84,SE@0.2,1.7,35.1,57.3,63.4,13.0,0.0,0,30.02,"Grayland, Grayland, Grays Harbor County",300213,Grayland,2017-12-10 22:16:21.147668
2016-05-13,04:15,40.6,40.1,39.9,97.3,0.84,W@0.3,1.7,35.4,57.1,63.2,13.0,0.0,0,30.02,"Grayland, Grayland, Grays Harbor County",300213,Grayland,2017-12-10 22:16:21.147668
2016-05-13,04:30,40.1,39.6,39.4,97.4,0.83,SW@0.2,2.1,35.2,56.9,63.1,13.0,0.0,0,30.02,"Grayland, Grayland, Grays Harbor County",300213,Grayland,2017-12-10 22:16:21.147668
2016-05-13,04:45,40.4,39.9,39.7,97.5,0.83,N@0.0,0.0,36.0,56.7,63.0,13.0,0.0,3,30.02,"Grayland, Grayland, Grays Harbor County",300213,Grayland,2017-12-10 22:16:21.147668
2016-05-13,05:00,39.8,39.2,39.1,97.4,0.83,SW@0.2,1.7,36.4,56.5,62.8,13.0,0.0,10,30.01,"Grayland, Grayland, Grays Harbor County",300213,Grayland,2017-12-10 22:16:21.147668
2016-05-13,05:15,39.8,39.3,39.2,97.5,0.83,SE@0.2,1.7,36.6,56.3,62.7,13.0,0.0,18,30.01,"Grayland, Grayland, Grays Harbor County",300213,Grayland,2017-12-10 22:16:21.147668
2016-05-13,05:30,40.4,39.8,39.8,97.6,0.83,SW@0.3,2.1,37.2,56.2,62.6,13.0,0.0,28,30.02,"Grayland, Grayland, Grays Harbor County",300213,Grayland,2017-12-10 22:16:21.147668
2016-05-13,05:45,41.2,40.5,40.6,97.5,0.83,E@0.1,2.4,38.4,56.1,62.5,13.0,0.0,89,30.01,"Grayland, Grayland, Grays Harbor County",300213,Grayland,2017-12-10 22:16:21.147668
2016-05-13,06:00,44.0,42.9,43.2,97.2,0.84,NE@0.1,1.4,43.1,56.0,62.3,13.0,0.0,163,30.01,"Grayland, Grayland, Grays Harbor County",300213,Grayland,2017-12-10 22:16:21.147668
2016-05-13,06:15,46.5,45.4,45.7,96.9,0.84,NE@0.1,1.4,47.9,55.9,62.2,13.0,0.0,202,30.01,"Grayland, Grayland, Grays Harbor County",300213,Grayland,2017-12-10 22:16:21.147668
2016-05-13,06:30,48.6,47.4,47.7,96.6,0.84,NE@0.1,1.7,52.6,55.9,62.1,13.0,0.0,226,30.01,"Grayland, Grayland, Grays Harbor County",300213,Grayland,2017-12-10 22:16:21.147668
2016-05-13,06:45,49.7,48.8,48.7,96.3,0.84,NE@0.6,2.4,54.9,55.9,61.9,13.0,0.0,256,30.01,"Grayland, Grayland, Grays Harbor County",300213,Grayland,2017-12-10 22:16:21.147668
2016-05-13,07:00,52.1,50.9,51.0,95.8,0.83,NE@1.1,2.1,59.0,56.1,61.8,13.0,0.0,319,30.01,"Grayland, Grayland, Grays Harbor County",300213,Grayland,2017-12-10 22:16:21.147668
2016-05-13,07:15,53.8,52.9,52.2,94.3,0.81,N@2.3,5.3,62.4,56.3,61.7,13.0,0.0,340,30.0,"Grayland, Grayland, Grays Harbor County",300213,Grayland,2017-12-10 22:16:21.147668
2016-05-13,07:30,54.6,54.2,51.6,89.5,0.75,NW@4.6,6.4,62.9,56.6,61.6,13.0,0.0,394,30.0,"Grayland, Grayland, Grays Harbor County",300213,Grayland,2017-12-10 22:16:21.147668
2016-05-13,07:45,56.0,55.3,51.3,84.1,0.55,NW@3.7,5.7,63.6,57.0,61.4,13.0,0.0,427,30.0,"Grayland, Grayland, Grays Harbor County",300213,Grayland,2017-12-10 22:16:21.147668
2016-05-13,08:00,57.4,56.6,51.2,79.7,0.35,NW@3.2,5.3,65.3,57.5,61.4,13.0,0.0,460,30.0,"Grayland, Grayland, Grays Harbor County",300213,Grayland,2017-12-10 22:16:21.147668
2016-05-13,08:15,58.7,57.8,51.6,77.2,0.22,N@3.4,5.3,69.0,58.1,61.3,12.9,0.0,513,30.0,"Grayland, Grayland, Grays Harbor County",300213,Grayland,2017-12-10 22:16:21.147668
2016-05-13,08:30,60.0,59.1,52.0,74.8,0.13,NW@2.8,4.9,72.3,58.7,61.2,12.9,0.0,563,29.99,"Grayland, Grayland, Grays Harbor County",300213,Grayland,2017-12-10 22:16:21.147668
2016-05-13,08:45,61.5,60.5,52.6,72.4,0.07,N@3.4,6.0,75.9,59.5,61.2,12.9,0.0,612,29.99,"Grayland, Grayland, Grays Harbor County",300213,Grayland,2017-12-10 22:16:21.147668
2016-05-13,09:00,62.0,61.2,52.9,72.0,0.0,NW@3.8,6.4,77.5,60.3,61.1,12.9,0.0,648,29.98,"Grayland, Grayland, Grays Harbor County",300213,Grayland,2017-12-10 22:16:21.147668
2016-05-13,09:15,62.7,61.8,53.1,70.8,0.0,NW@3.8,6.0,79.7,61.2,61.1,12.9,0.0,680,29.98,"Grayland, Grayland, Grays Harbor County",300213,Grayland,2017-12-10 22:16:21.147668
2016-05-13,09:30,63.1,62.4,53.4,70.4,0.0,W@4.2,7.1,78.2,62.2,61.1,12.9,0.0,703,29.98,"Grayland, Grayland, Grays Harbor County",300213,Grayland,2017-12-10 22:16:21.147668
2016-05-13,09:45,63.8,62.9,53.2,68.3,0.0,NW@3.9,6.7,81.5,63.2,61.1,12.9,0.0,741,29.98,"Grayland, Grayland, Grays Harbor County",300213,Grayland,2017-12-10 22:16:21.147668
2016-05-13,10:00,64.2,63.4,53.1,67.2,0.0,NW@4.2,7.1,81.9,64.2,61.2,12.9,0.0,771,29.98,"Grayland, Grayland, Grays Harbor County",300213,Grayland,2017-12-10 22:16:21.147668
2016-05-13,10:15,63.9,63.2,52.9,67.1,0.0,NW@5.5,9.2,81.0,65.2,61.2,12.9,0.0,786,29.98,"Grayland, Grayland, Grays Harbor County",300213,Grayland,2017-12-10 22:16:21.147668
2016-05-13,10:30,64.6,63.9,53.1,66.4,0.0,NW@4.2,7.8,82.0,66.3,61.3,12.8,0.0,821,29.98,"Grayland, Grayland, Grays Harbor County",300213,Grayland,2017-12-10 22:16:21.147668
2016-05-13,10:45,64.3,63.5,52.8,66.3,0.0,NW@4.5,7.4,81.7,67.4,61.4,12.8,0.0,842,29.98,"Grayland, Grayland, Grays Harbor County",300213,Grayland,2017-12-10 22:16:21.147668
2016-05-13,11:00,62.3,61.5,52.3,69.8,0.0,NW@4.6,8.5,81.6,68.5,61.5,12.8,0.0,855,29.98,"Grayland, Grayland, Grays Harbor County",300213,Grayland,2017-12-10 22:16:21.147668
2016-05-13,11:15,62.2,61.4,52.3,69.9,0.0,NW@4.8,7.8,83.3,69.6,61.6,12.8,0.0,867,29.98,"Grayland, Grayland, Grays Harbor County",300213,Grayland,2017-12-10 22:16:21.147668
2016-05-13,11:30,62.6,61.9,52.7,70.0,0.0,NW@4.6,8.2,83.0,70.6,61.8,12.8,0.0,878,29.98,"Grayland, Grayland, Grays Harbor County",300213,Grayland,2017-12-10 22:16:21.147668
2016-05-13,11:45,62.0,61.2,52.2,70.3,0.0,NW@4.9,8.9,82.7,71.6,62.0,12.8,0.0,887,29.98,"Grayland, Grayland, Grays Harbor County",300213,Grayland,2017-12-10 22:16:21.147668
2016-05-13,12:00,61.9,61.2,52.2,70.5,0.0,NW@5.2,8.9,83.5,72.6,62.2,12.7,0.0,888,29.98,"Grayland, Grayland, Grays Harbor County",300213,Grayland,2017-12-10 22:16:21.147668
2016-05-13,12:15,61.9,61.4,52.1,70.1,0.0,NW@6.2,11.0,82.6,73.4,62.3,12.7,0.0,870,29.98,"Grayland, Grayland, Grays Harbor County",300213,Grayland,2017-12-10 22:16:21.147668
2016-05-13,12:30,61.7,61.1,51.2,68.2,0.0,NW@5.3,8.9,82.9,74.3,62.6,12.7,0.0,852,29.98,"Grayland, Grayland, Grays Harbor County",300213,Grayland,2017-12-10 22:16:21.147668
2016-05-13,12:45,61.6,61.0,51.1,68.3,0.0,NW@6.6,10.3,81.5,75.0,62.8,12.7,0.0,840,29.97,"Grayland, Grayland, Grays Harbor County",300213,Grayland,2017-12-10 22:16:21.147668
2016-05-13,13:00,62.0,61.4,52.2,70.3,0.0,NW@5.6,9.9,80.7,75.7,63.0,12.7,0.0,837,29.98,"Grayland, Grayland, Grays Harbor County",300213,Grayland,2017-12-10 22:16:21.147668
2016-05-13,13:15,62.3,61.6,52.7,70.7,0.0,NW@4.6,7.8,79.5,76.2,63.2,12.7,0.0,789,29.98,"Grayland, Grayland, Grays Harbor County",300213,Grayland,2017-12-10 22:16:21.147668
2016-05-13,13:30,62.3,61.6,53.0,71.4,0.0,NW@4.9,9.2,79.8,76.8,63.5,12.7,0.0,819,29.97,"Grayland, Grayland, Grays Harbor County",300213,Grayland,2017-12-10 22:16:21.147668
2016-05-13,13:45,61.8,61.1,52.7,72.1,0.0,NW@5.0,10.3,79.0,77.2,63.7,12.7,0.0,738,29.97,"Grayland, Grayland, Grays Harbor County",300213,Grayland,2017-12-10 22:16:21.147668
2016-05-13,14:00,61.2,60.5,52.7,73.4,0.0,NW@5.3,8.5,77.2,77.6,63.9,12.7,0.0,727,29.97,"Grayland, Grayland, Grays Harbor County",300213,Grayland,2017-12-10 22:16:21.147668
2016-05-13,14:15,61.9,61.3,53.2,73.1,0.0,NW@5.2,8.9,79.1,77.9,64.2,12.7,0.0,770,29.97,"Grayland, Grayland, Grays Harbor County",300213,Grayland,2017-12-10 22:16:21.147668
2016-05-13,14:30,61.5,60.8,53.3,74.3,0.0,W@4.7,8.5,75.6,78.1,64.4,12.7,0.0,647,29.97,"Grayland, Grayland, Grays Harbor County",300213,Grayland,2017-12-10 22:16:21.147668
2016-05-13,14:45,60.2,59.5,52.8,76.4,0.0,W@4.9,8.5,74.2,78.3,64.6,12.6,0.0,607,29.97,"Grayland, Grayland, Grays Harbor County",300213,Grayland,2017-12-10 22:16:21.147668
2016-05-13,15:00,59.3,58.7,52.7,78.8,0.0,W@4.8,8.2,70.2,78.4,64.9,12.6,0.0,519,29.98,"Grayland, Grayland, Grays Harbor County",300213,Grayland,2017-12-10 22:16:21.147668
2016-05-13,15:15,59.5,58.9,53.0,79.1,0.0,W@4.9,9.9,70.8,78.4,65.1,12.6,0.0,547,29.98,"Grayland, Grayland, Grays Harbor County",300213,Grayland,2017-12-10 22:16:21.147668
2016-05-13,15:30,59.2,58.6,52.8,79.4,0.0,W@4.2,9.2,68.8,78.2,65.3,12.6,0.0,409,29.98,"Grayland, Grayland, Grays Harbor County",300213,Grayland,2017-12-10 22:16:21.147668
2016-05-13,15:45,58.6,58.0,52.4,79.8,0.0,W@4.5,9.6,68.6,77.9,65.5,12.6,0.0,434,29.98,"Grayland, Grayland, Grays Harbor County",300213,Grayland,2017-12-10 22:16:21.147668
2016-05-13,16:00,58.4,57.9,52.3,79.8,0.0,W@4.0,8.9,66.7,77.6,65.7,12.6,0.0,302,29.98,"Grayland, Grayland, Grays Harbor County",300213,Grayland,2017-12-10 22:16:21.147668
2016-05-13,16:15,58.0,57.4,52.4,81.4,0.0,W@3.9,7.1,63.1,77.2,65.9,12.6,0.0,184,29.98,"Grayland, Grayland, Grays Harbor County",300213,Grayland,2017-12-10 22:16:21.147668
2016-05-13,16:30,57.3,56.8,52.6,84.1,0.0,W@4.6,9.6,61.5,76.7,66.1,12.6,0.0,197,29.99,"Grayland, Grayland, Grays Harbor County",300213,Grayland,2017-12-10 22:16:21.147668
2016-05-13,16:45,56.7,56.3,52.1,84.4,0.0,W@4.5,7.1,60.0,76.1,66.3,12.6,0.0,136,29.99,"Grayland, Grayland, Grays Harbor County",300213,Grayland,2017-12-10 22:16:21.147668
2016-05-13,17:00,56.3,55.9,51.7,84.5,0.0,W@4.4,8.2,59.6,75.5,66.4,12.6,0.0,156,29.98,"Grayland, Grayland, Grays Harbor County",300213,Grayland,2017-12-10 22:16:21.147668
2016-05-13,17:15,56.2,55.8,51.6,84.4,0.0,W@3.4,6.4,59.1,74.9,66.6,12.6,0.0,105,29.98,"Grayland, Grayland, Grays Harbor County",300213,Grayland,2017-12-10 22:16:21.147668
2016-05-13,17:30,55.7,55.3,51.2,84.7,0.0,W@3.1,7.1,57.6,74.3,66.7,12.6,0.0,91,29.98,"Grayland, Grayland, Grays Harbor County",300213,Grayland,2017-12-10 22:16:21.147668
2016-05-13,17:45,55.8,55.4,50.9,83.4,0.0,W@2.1,4.6,58.1,73.7,66.8,12.6,0.0,104,29.98,"Grayland, Grayland, Grays Harbor County",300213,Grayland,2017-12-10 22:16:21.147668
2016-05-13,18:00,55.4,54.9,50.4,83.2,0.0,W@2.9,6.0,57.3,73.1,66.9,12.6,0.0,72,29.99,"Grayland, Grayland, Grays Harbor County",300213,Grayland,2017-12-10 22:16:21.147668
2016-05-13,18:15,55.1,54.7,50.4,84.1,0.0,W@2.7,5.7,54.9,72.6,66.9,12.6,0.0,63,29.98,"Grayland, Grayland, Grays Harbor County",300213,Grayland,2017-12-10 22:16:21.147668
2016-05-13,18:30,54.8,54.4,50.3,84.6,0.0,W@2.2,4.9,53.5,72.1,67.0,12.6,0.0,42,29.99,"Grayland, Grayland, Grays Harbor County",300213,Grayland,2017-12-10 22:16:21.147668
2016-05-13,18:45,54.5,54.0,50.1,85.1,0.05,W@2.6,6.4,53.0,71.6,67.0,12.6,0.0,26,29.99,"Grayland, Grayland, Grays Harbor County",300213,Grayland,2017-12-10 22:16:21.147668
2016-05-13,19:00,54.2,53.7,50.0,85.5,0.06,W@2.7,5.7,52.4,71.1,67.1,12.6,0.0,19,29.99,"Grayland, Grayland, Grays Harbor County",300213,Grayland,2017-12-10 22:16:21.147668
2016-05-13,19:15,53.9,53.4,49.8,85.9,0.07,NW@1.5,3.9,52.0,70.7,67.1,12.6,0.0,10,29.98,"Grayland, Grayland, Grays Harbor County",300213,Grayland,2017-12-10 22:16:21.147668
2016-05-13,19:30,53.8,53.3,49.7,86.2,0.07,W@2.4,4.6,51.7,70.2,67.1,12.6,0.0,3,29.98,"Grayland, Grayland, Grays Harbor County",300213,Grayland,2017-12-10 22:16:21.147668
2016-05-13,19:45,53.6,53.2,49.7,86.4,0.08,W@1.0,4.6,51.5,69.8,67.1,12.6,0.0,1,29.98,"Grayland, Grayland, Grays Harbor County",300213,Grayland,2017-12-10 22:16:21.147668
2016-05-13,20:00,53.5,53.0,49.5,86.3,0.08,W@2.2,6.0,51.3,69.4,67.1,12.6,0.0,0,29.99,"Grayland, Grayland, Grays Harbor County",300213,Grayland,2017-12-10 22:16:21.147668
2016-05-13,20:15,53.4,52.9,49.4,86.3,0.08,W@1.1,3.9,51.2,68.9,67.0,12.6,0.0,0,29.99,"Grayland, Grayland, Grays Harbor County",300213,Grayland,2017-12-10 22:16:21.147668
2016-05-13,20:30,53.4,52.9,49.4,86.3,0.09,W@1.8,4.2,51.2,68.6,67.0,12.6,0.0,0,29.99,"Grayland, Grayland, Grays Harbor County",300213,Grayland,2017-12-10 22:16:21.147668
2016-05-13,20:45,53.3,52.9,49.3,86.3,0.09,W@2.0,5.3,51.1,68.2,66.9,12.6,0.0,0,30.0,"Grayland, Grayland, Grays Harbor County",300213,Grayland,2017-12-10 22:16:21.147668
2016-05-13,21:00,53.3,52.9,49.4,86.3,0.09,W@1.5,3.9,51.1,67.8,66.9,12.6,0.0,0,30.0,"Grayland, Grayland, Grays Harbor County",300213,Grayland,2017-12-10 22:16:21.147668
2016-05-13,21:15,53.3,52.9,49.3,86.3,0.09,W@3.1,5.3,51.1,67.5,66.8,12.6,0.0,0,30.0,"Grayland, Grayland, Grays Harbor County",300213,Grayland,2017-12-10 22:16:21.147668
2016-05-13,21:30,53.2,52.8,49.2,86.3,0.09,NW@2.9,6.4,51.1,67.2,66.7,12.6,0.0,0,30.0,"Grayland, Grayland, Grays Harbor County",300213,Grayland,2017-12-10 22:16:21.147668
2016-05-13,21:45,53.0,52.6,49.1,86.3,0.09,W@1.5,5.7,50.9,66.9,66.7,12.6,0.0,0,30.0,"Grayland, Grayland, Grays Harbor County",300213,Grayland,2017-12-10 22:16:21.147668
2016-05-13,22:00,53.0,52.6,49.0,86.0,0.09,W@2.9,5.7,50.9,66.6,66.6,12.6,0.0,0,30.0,"Grayland, Grayland, Grays Harbor County",300213,Grayland,2017-12-10 22:16:21.147668
2016-05-13,22:15,53.0,52.6,48.8,85.7,0.09,W@2.8,5.7,50.8,66.4,66.5,12.6,0.0,0,30.0,"Grayland, Grayland, Grays Harbor County",300213,Grayland,2017-12-10 22:16:21.147668
2016-05-13,22:30,53.0,52.6,48.8,85.4,0.09,W@1.6,4.9,50.8,66.1,66.5,12.6,0.0,0,30.01,"Grayland, Grayland, Grays Harbor County",300213,Grayland,2017-12-10 22:16:21.147668
2016-05-13,22:45,53.0,52.6,48.6,84.8,0.08,W@2.9,5.3,50.7,65.9,66.4,12.6,0.0,0,30.01,"Grayland, Grayland, Grays Harbor County",300213,Grayland,2017-12-10 22:16:21.147668
2016-05-13,23:00,53.0,52.6,48.5,84.5,0.08,W@2.8,5.3,50.7,65.7,66.3,12.6,0.0,0,30.01,"Grayland, Grayland, Grays Harbor County",300213,Grayland,2017-12-10 22:16:21.147668
2016-05-14,23:15,53.0,52.6,48.5,84.4,0.08,W@1.6,4.6,50.7,65.5,66.2,12.6,0.0,0,30.01,"Grayland, Grayland, Grays Harbor County",300213,Grayland,2017-12-10 22:16:21.147668
2016-05-14,23:30,52.9,52.5,48.3,84.1,0.07,W@1.5,4.6,50.6,65.3,66.1,12.6,0.0,0,30.01,"Grayland, Grayland, Grays Harbor County",300213,Grayland,2017-12-10 22:16:21.147668
2016-05-14,23:45,53.0,52.5,48.3,84.1,0.07,W@1.6,4.2,50.6,65.1,66.1,12.7,0.0,0,30.01,"Grayland, Grayland, Grays Harbor County",300213,Grayland,2017-12-10 22:16:21.147668
2016-05-14,24:00,52.9,52.5,48.2,84.0,0.07,W@3.0,4.9,50.7,64.9,66.0,12.6,0.0,0,30.01,"Grayland, Grayland, Grays Harbor County",300213,Grayland,2017-12-10 22:16:21.147668
