Date,Time PST,Air Temp °F, 2<sup>nd</sup> Air Temp °F, Dew Point °F, Rel Hum %, Leaf Wet u., Wind Dir @ Speed mph, Wind Gust mph, 8 in. Soil Tmp °F, Tot Prec in, Solar Rad W/m²,Location,Station ID,Station Name,Download Timestamp
2014-07-22,00:15,67.2,66.6,41.8,39.5,0.0,S@4.8,7.4,78.1,0.0,0,"St. John, Whitman County",300043,St. John,2017-12-06 14:22:13.067500
2014-07-22,00:30,67.2,66.5,42.0,39.9,0.0,S@4.7,7.4,78.1,0.0,0,"St. John, Whitman County",300043,St. John,2017-12-06 14:22:13.067500
2014-07-22,00:45,67.0,66.4,42.2,40.3,0.0,SE@4.3,7.1,78.0,0.0,0,"St. John, Whitman County",300043,St. John,2017-12-06 14:22:13.067500
2014-07-22,01:00,67.2,66.5,42.5,40.5,0.0,SE@4.1,6.4,78.0,0.0,0,"St. John, Whitman County",300043,St. John,2017-12-06 14:22:13.067500
2014-07-22,01:15,65.8,65.0,43.4,44.0,0.0,SE@4.2,6.0,78.0,0.0,0,"St. John, Whitman County",300043,St. John,2017-12-06 14:22:13.067500
2014-07-22,01:30,64.7,64.1,43.6,46.1,0.0,SE@2.2,5.3,77.9,0.0,0,"St. John, Whitman County",300043,St. John,2017-12-06 14:22:13.067500
2014-07-22,01:45,64.8,64.2,43.7,46.3,0.0,E@4.5,6.7,77.9,0.0,0,"St. John, Whitman County",300043,St. John,2017-12-06 14:22:13.067500
2014-07-22,02:00,65.1,64.5,43.4,45.3,0.0,SE@5.4,6.4,77.9,0.0,0,"St. John, Whitman County",300043,St. John,2017-12-06 14:22:13.067500
2014-07-22,02:15,65.7,65.1,42.9,43.5,0.0,SE@5.8,7.4,77.8,0.0,0,"St. John, Whitman County",300043,St. John,2017-12-06 14:22:13.067500
2014-07-22,02:30,65.1,64.3,43.6,45.5,0.0,E@4.4,6.4,77.8,0.0,0,"St. John, Whitman County",300043,St. John,2017-12-06 14:22:13.067500
2014-07-22,02:45,64.9,64.4,43.8,46.3,0.0,E@5.3,7.1,77.7,0.0,0,"St. John, Whitman County",300043,St. John,2017-12-06 14:22:13.067500
2014-07-22,03:00,64.5,64.0,44.3,47.7,0.0,E@4.9,6.4,77.7,0.0,0,"St. John, Whitman County",300043,St. John,2017-12-06 14:22:13.067500
2014-07-22,03:15,64.7,64.1,44.4,47.6,0.0,E@3.8,5.7,77.6,0.0,0,"St. John, Whitman County",300043,St. John,2017-12-06 14:22:13.067500
2014-07-22,03:30,64.3,63.7,44.7,49.0,0.0,E@4.3,6.4,77.6,0.0,0,"St. John, Whitman County",300043,St. John,2017-12-06 14:22:13.067500
2014-07-22,03:45,64.0,63.4,45.1,50.2,0.0,E@4.1,5.7,77.5,0.0,0,"St. John, Whitman County",300043,St. John,2017-12-06 14:22:13.067500
2014-07-22,04:00,64.5,63.9,45.2,49.4,0.0,SE@5.3,7.8,77.5,0.0,0,"St. John, Whitman County",300043,St. John,2017-12-06 14:22:13.067500
2014-07-22,04:15,65.2,64.7,45.0,48.0,0.0,SE@5.0,7.4,77.4,0.0,0,"St. John, Whitman County",300043,St. John,2017-12-06 14:22:13.067500
2014-07-22,04:30,65.7,65.1,45.1,47.3,0.0,S@4.8,7.1,77.4,0.0,2,"St. John, Whitman County",300043,St. John,2017-12-06 14:22:13.067500
2014-07-22,04:45,64.4,63.4,47.9,55.0,0.03,S@5.0,7.8,77.3,0.0,2,"St. John, Whitman County",300043,St. John,2017-12-06 14:22:13.067500
2014-07-22,05:00,61.5,60.6,50.7,67.6,0.24,S@3.8,6.0,77.3,0.0,7,"St. John, Whitman County",300043,St. John,2017-12-06 14:22:13.067500
2014-07-22,05:15,62.3,61.7,49.4,62.6,0.05,SE@4.7,7.8,77.2,0.01,14,"St. John, Whitman County",300043,St. John,2017-12-06 14:22:13.067500
2014-07-22,05:30,62.7,62.1,48.3,59.3,0.0,SE@6.0,10.7,77.1,0.0,17,"St. John, Whitman County",300043,St. John,2017-12-06 14:22:13.067500
2014-07-22,05:45,62.2,61.6,48.8,61.4,0.0,SE@7.2,11.0,77.1,0.0,25,"St. John, Whitman County",300043,St. John,2017-12-06 14:22:13.067500
2014-07-22,06:00,62.6,62.0,48.5,59.8,0.0,SE@6.2,8.5,77.0,0.0,18,"St. John, Whitman County",300043,St. John,2017-12-06 14:22:13.067500
2014-07-22,06:15,61.4,60.6,50.1,66.3,0.37,SE@5.8,8.2,77.0,0.0,23,"St. John, Whitman County",300043,St. John,2017-12-06 14:22:13.067500
2014-07-22,06:30,60.4,59.8,51.0,71.2,0.04,SE@6.9,9.9,76.9,0.0,27,"St. John, Whitman County",300043,St. John,2017-12-06 14:22:13.067500
2014-07-22,06:45,60.3,59.7,51.5,72.6,0.07,SE@6.9,9.9,76.9,0.0,31,"St. John, Whitman County",300043,St. John,2017-12-06 14:22:13.067500
2014-07-22,07:00,60.0,59.4,52.4,75.9,0.42,E@5.8,9.6,76.8,0.0,71,"St. John, Whitman County",300043,St. John,2017-12-06 14:22:13.067500
2014-07-22,07:15,60.0,59.4,53.3,78.4,0.07,E@6.2,10.7,76.7,0.0,72,"St. John, Whitman County",300043,St. John,2017-12-06 14:22:13.067500
2014-07-22,07:30,60.4,59.8,52.9,76.3,0.0,E@7.4,12.1,76.7,0.0,98,"St. John, Whitman County",300043,St. John,2017-12-06 14:22:13.067500
2014-07-22,07:45,60.2,59.6,53.6,78.7,0.0,E@7.6,12.1,76.6,0.0,126,"St. John, Whitman County",300043,St. John,2017-12-06 14:22:13.067500
2014-07-22,08:00,60.7,60.2,54.3,79.4,0.0,E@7.0,10.7,76.6,0.0,138,"St. John, Whitman County",300043,St. John,2017-12-06 14:22:13.067500
2014-07-22,08:15,62.3,61.7,54.9,76.8,0.0,E@7.4,11.7,76.5,0.0,251,"St. John, Whitman County",300043,St. John,2017-12-06 14:22:13.067500
2014-07-22,08:30,62.0,61.2,54.6,76.8,0.02,E@5.9,11.0,76.5,0.0,106,"St. John, Whitman County",300043,St. John,2017-12-06 14:22:13.067500
2014-07-22,08:45,59.4,58.5,55.9,88.2,0.69,E@8.0,14.6,76.4,0.03,82,"St. John, Whitman County",300043,St. John,2017-12-06 14:22:13.067500
2014-07-22,09:00,58.4,57.9,55.8,90.9,0.75,E@10.4,16.0,76.3,0.0,119,"St. John, Whitman County",300043,St. John,2017-12-06 14:22:13.067500
2014-07-22,09:15,58.3,57.8,55.9,91.8,0.75,E@7.2,11.4,76.3,0.0,122,"St. John, Whitman County",300043,St. John,2017-12-06 14:22:13.067500
2014-07-22,09:30,58.4,57.8,56.5,93.4,0.81,E@6.7,9.6,76.2,0.01,118,"St. John, Whitman County",300043,St. John,2017-12-06 14:22:13.067500
2014-07-22,09:45,58.6,58.0,57.1,94.7,0.79,E@9.3,12.4,76.1,0.0,210,"St. John, Whitman County",300043,St. John,2017-12-06 14:22:13.067500
2014-07-22,10:00,59.9,59.3,58.8,96.1,0.29,E@8.5,11.4,76.1,0.0,399,"St. John, Whitman County",300043,St. John,2017-12-06 14:22:13.067500
2014-07-22,10:15,61.5,60.9,60.0,94.6,0.04,NE@10.6,13.5,76.0,0.0,396,"St. John, Whitman County",300043,St. John,2017-12-06 14:22:13.067500
2014-07-22,10:30,64.3,63.6,61.8,91.5,0.01,NE@11.6,15.3,76.0,0.0,813,"St. John, Whitman County",300043,St. John,2017-12-06 14:22:13.067500
2014-07-22,10:45,66.9,66.1,62.4,85.3,0.0,NE@8.6,12.1,75.9,0.0,903,"St. John, Whitman County",300043,St. John,2017-12-06 14:22:13.067500
2014-07-22,11:00,68.4,67.5,60.9,76.7,0.0,NE@8.4,11.7,75.9,0.0,713,"St. John, Whitman County",300043,St. John,2017-12-06 14:22:13.067500
2014-07-22,11:15,69.7,69.0,60.8,73.2,0.0,NE@8.0,11.4,75.8,0.0,701,"St. John, Whitman County",300043,St. John,2017-12-06 14:22:13.067500
2014-07-22,11:30,70.6,69.6,59.8,68.7,0.0,NE@8.3,13.9,75.8,0.0,560,"St. John, Whitman County",300043,St. John,2017-12-06 14:22:13.067500
2014-07-22,11:45,72.1,71.1,59.4,64.4,0.0,NE@8.1,12.4,75.7,0.0,806,"St. John, Whitman County",300043,St. John,2017-12-06 14:22:13.067500
2014-07-22,12:00,72.5,71.6,59.4,63.5,0.0,NE@6.4,12.1,75.7,0.0,520,"St. John, Whitman County",300043,St. John,2017-12-06 14:22:13.067500
2014-07-22,12:15,73.7,72.5,59.8,61.8,0.0,NE@7.7,12.4,75.7,0.0,600,"St. John, Whitman County",300043,St. John,2017-12-06 14:22:13.067500
2014-07-22,12:30,74.4,73.4,59.6,60.0,0.0,NE@6.9,11.7,75.6,0.0,738,"St. John, Whitman County",300043,St. John,2017-12-06 14:22:13.067500
2014-07-22,12:45,75.3,74.2,59.6,58.2,0.0,NE@7.5,12.1,75.6,0.0,630,"St. John, Whitman County",300043,St. John,2017-12-06 14:22:13.067500
2014-07-22,13:00,75.5,74.4,59.4,57.3,0.0,NE@9.1,16.7,75.6,0.0,756,"St. John, Whitman County",300043,St. John,2017-12-06 14:22:13.067500
2014-07-22,13:15,78.0,76.9,59.8,53.4,0.0,NE@5.4,11.4,75.6,0.0,957,"St. John, Whitman County",300043,St. John,2017-12-06 14:22:13.067500
2014-07-22,13:30,77.8,76.6,58.7,51.8,0.0,NE@7.1,11.7,75.6,0.0,667,"St. John, Whitman County",300043,St. John,2017-12-06 14:22:13.067500
2014-07-22,13:45,80.0,79.7,59.1,48.8,0.0,W@3.8,8.2,75.6,0.0,866,"St. John, Whitman County",300043,St. John,2017-12-06 14:22:13.067500
2014-07-22,14:00,81.0,80.0,59.0,47.1,0.0,S@3.1,7.1,75.6,0.0,478,"St. John, Whitman County",300043,St. John,2017-12-06 14:22:13.067500
2014-07-22,14:15,80.7,79.9,58.1,46.0,0.0,SW@5.4,9.9,75.6,0.0,669,"St. John, Whitman County",300043,St. John,2017-12-06 14:22:13.067500
2014-07-22,14:30,80.7,80.3,57.1,44.5,0.0,SW@6.4,12.1,75.6,0.0,718,"St. John, Whitman County",300043,St. John,2017-12-06 14:22:13.067500
2014-07-22,14:45,82.0,81.1,56.9,42.4,0.0,W@8.8,15.3,75.7,0.0,748,"St. John, Whitman County",300043,St. John,2017-12-06 14:22:13.067500
2014-07-22,15:00,82.5,81.5,56.5,41.1,0.0,NW@4.7,10.7,75.7,0.0,493,"St. John, Whitman County",300043,St. John,2017-12-06 14:22:13.067500
2014-07-22,15:15,80.7,80.0,55.8,42.3,0.0,SW@6.1,9.9,75.7,0.0,310,"St. John, Whitman County",300043,St. John,2017-12-06 14:22:13.067500
2014-07-22,15:30,81.9,81.1,55.2,40.0,0.0,SW@6.4,11.4,75.8,0.0,591,"St. John, Whitman County",300043,St. John,2017-12-06 14:22:13.067500
2014-07-22,15:45,82.9,82.2,54.8,38.1,0.0,SW@5.9,10.7,75.8,0.0,604,"St. John, Whitman County",300043,St. John,2017-12-06 14:22:13.067500
2014-07-22,16:00,83.4,82.6,54.5,37.0,0.0,SE@4.1,11.7,75.9,0.0,563,"St. John, Whitman County",300043,St. John,2017-12-06 14:22:13.067500
2014-07-22,16:15,83.6,82.9,54.5,36.9,0.0,W@3.5,6.7,76.0,0.0,539,"St. John, Whitman County",300043,St. John,2017-12-06 14:22:13.067500
2014-07-22,16:30,83.2,82.0,54.2,37.0,0.0,E@3.9,11.4,76.0,0.0,456,"St. John, Whitman County",300043,St. John,2017-12-06 14:22:13.067500
2014-07-22,16:45,81.4,80.1,54.3,39.3,0.0,NE@7.9,12.1,76.1,0.0,331,"St. John, Whitman County",300043,St. John,2017-12-06 14:22:13.067500
2014-07-22,17:00,80.3,79.4,54.4,40.9,0.0,E@4.0,6.4,76.2,0.0,154,"St. John, Whitman County",300043,St. John,2017-12-06 14:22:13.067500
2014-07-22,17:15,80.4,79.5,54.4,40.8,0.0,SE@2.4,4.9,76.2,0.0,86,"St. John, Whitman County",300043,St. John,2017-12-06 14:22:13.067500
2014-07-22,17:30,79.7,78.9,53.8,40.8,0.0,E@2.8,4.9,76.3,0.0,73,"St. John, Whitman County",300043,St. John,2017-12-06 14:22:13.067500
2014-07-22,17:45,79.4,78.6,54.9,42.8,0.0,E@4.0,6.4,76.4,0.0,112,"St. John, Whitman County",300043,St. John,2017-12-06 14:22:13.067500
2014-07-22,18:00,78.5,77.6,55.5,45.1,0.0,SE@3.1,4.9,76.5,0.0,71,"St. John, Whitman County",300043,St. John,2017-12-06 14:22:13.067500
2014-07-22,18:15,78.1,77.3,54.9,44.8,0.0,SE@4.0,6.4,76.5,0.0,39,"St. John, Whitman County",300043,St. John,2017-12-06 14:22:13.067500
2014-07-22,18:30,77.9,77.0,55.0,45.2,0.0,S@3.5,5.3,76.6,0.0,32,"St. John, Whitman County",300043,St. John,2017-12-06 14:22:13.067500
2014-07-22,18:45,76.7,75.9,55.9,48.6,0.0,S@3.2,4.6,76.7,0.0,26,"St. John, Whitman County",300043,St. John,2017-12-06 14:22:13.067500
2014-07-22,19:00,76.8,75.8,56.1,48.9,0.33,E@5.2,8.9,76.7,0.0,66,"St. John, Whitman County",300043,St. John,2017-12-06 14:22:13.067500
2014-07-22,19:15,75.8,75.0,56.6,51.3,0.04,E@4.2,6.4,76.8,0.0,32,"St. John, Whitman County",300043,St. John,2017-12-06 14:22:13.067500
2014-07-22,19:30,75.1,74.2,57.5,54.5,0.04,SE@4.0,6.7,76.9,0.0,8,"St. John, Whitman County",300043,St. John,2017-12-06 14:22:13.067500
2014-07-22,19:45,74.3,73.6,58.0,56.8,0.05,SE@5.1,7.1,76.9,0.0,2,"St. John, Whitman County",300043,St. John,2017-12-06 14:22:13.067500
2014-07-22,20:00,74.3,73.4,57.6,55.9,0.04,SE@3.4,6.7,77.0,0.0,0,"St. John, Whitman County",300043,St. John,2017-12-06 14:22:13.067500
2014-07-22,20:15,73.1,72.2,57.6,58.2,0.07,S@4.7,6.4,77.0,0.0,0,"St. John, Whitman County",300043,St. John,2017-12-06 14:22:13.067500
2014-07-22,20:30,70.7,69.7,58.1,64.4,0.13,S@4.3,7.1,77.0,0.0,0,"St. John, Whitman County",300043,St. John,2017-12-06 14:22:13.067500
2014-07-22,20:45,70.7,70.0,57.8,63.6,0.12,S@4.0,6.7,77.1,0.0,0,"St. John, Whitman County",300043,St. John,2017-12-06 14:22:13.067500
2014-07-22,21:00,69.7,68.8,58.1,66.5,0.14,E@5.4,8.2,77.1,0.0,0,"St. John, Whitman County",300043,St. John,2017-12-06 14:22:13.067500
2014-07-22,21:15,69.5,68.9,58.3,67.6,0.15,SE@5.2,10.3,77.1,0.0,0,"St. John, Whitman County",300043,St. John,2017-12-06 14:22:13.067500
2014-07-22,21:30,70.0,69.3,58.6,67.3,0.12,SE@8.5,13.5,77.1,0.0,0,"St. John, Whitman County",300043,St. John,2017-12-06 14:22:13.067500
2014-07-22,21:45,69.7,69.0,59.1,69.0,0.14,SE@10.1,15.7,77.1,0.0,0,"St. John, Whitman County",300043,St. John,2017-12-06 14:22:13.067500
2014-07-22,22:00,67.9,67.1,60.0,75.6,0.3,SE@11.3,17.5,77.2,0.0,0,"St. John, Whitman County",300043,St. John,2017-12-06 14:22:13.067500
2014-07-22,22:15,65.9,65.3,60.6,82.8,0.52,SE@10.2,16.4,77.1,0.0,0,"St. John, Whitman County",300043,St. John,2017-12-06 14:22:13.067500
2014-07-22,22:30,66.3,65.7,59.9,79.9,0.46,SE@8.8,14.6,77.1,0.0,0,"St. John, Whitman County",300043,St. John,2017-12-06 14:22:13.067500
2014-07-22,22:45,65.0,64.2,60.1,84.1,0.71,S@8.3,13.2,77.1,0.0,0,"St. John, Whitman County",300043,St. John,2017-12-06 14:22:13.067500
2014-07-22,23:00,64.0,63.4,60.0,86.5,0.82,S@12.1,17.5,77.1,0.0,0,"St. John, Whitman County",300043,St. John,2017-12-06 14:22:13.067500
2014-07-23,23:15,63.9,63.3,59.7,86.1,0.77,S@9.9,18.9,77.1,0.0,0,"St. John, Whitman County",300043,St. John,2017-12-06 14:22:13.067500
2014-07-23,23:30,64.1,63.6,59.6,85.2,0.77,S@11.0,19.6,77.1,0.0,0,"St. John, Whitman County",300043,St. John,2017-12-06 14:22:13.067500
2014-07-23,23:45,64.0,63.5,59.6,85.2,0.76,S@12.5,18.5,77.1,0.0,0,"St. John, Whitman County",300043,St. John,2017-12-06 14:22:13.067500
2014-07-23,24:00,63.0,62.4,59.9,89.3,0.86,E@11.7,18.9,77.0,0.0,0,"St. John, Whitman County",300043,St. John,2017-12-06 14:22:13.067500
2014-07-23,00:15,62.5,62.0,60.0,91.5,0.88,E@10.5,17.1,77.0,0.0,0,"St. John, Whitman County",300043,St. John,2017-12-06 14:22:13.067500
2014-07-23,00:30,62.3,61.8,60.1,92.4,0.88,SE@7.4,12.4,77.0,0.0,0,"St. John, Whitman County",300043,St. John,2017-12-06 14:22:13.067500
2014-07-23,00:45,62.6,62.1,59.8,90.6,0.88,W@6.8,11.0,76.9,0.0,0,"St. John, Whitman County",300043,St. John,2017-12-06 14:22:13.067500
2014-07-23,01:00,62.5,61.8,59.7,90.4,0.88,S@5.4,9.6,76.9,0.0,0,"St. John, Whitman County",300043,St. John,2017-12-06 14:22:13.067500
2014-07-23,01:15,62.2,61.6,59.6,91.1,0.9,SE@2.6,4.6,76.8,0.0,0,"St. John, Whitman County",300043,St. John,2017-12-06 14:22:13.067500
2014-07-23,01:30,62.2,61.5,59.5,90.8,0.91,S@3.9,6.0,76.8,0.0,0,"St. John, Whitman County",300043,St. John,2017-12-06 14:22:13.067500
2014-07-23,01:45,61.6,61.0,59.5,92.9,0.92,SE@5.1,10.3,76.7,0.0,0,"St. John, Whitman County",300043,St. John,2017-12-06 14:22:13.067500
2014-07-23,02:00,61.9,61.3,59.8,92.6,0.91,SE@7.4,12.4,76.7,0.0,0,"St. John, Whitman County",300043,St. John,2017-12-06 14:22:13.067500
2014-07-23,02:15,62.0,61.4,59.8,92.6,0.91,SE@7.7,13.2,76.6,0.0,0,"St. John, Whitman County",300043,St. John,2017-12-06 14:22:13.067500
2014-07-23,02:30,62.0,61.4,59.7,92.3,0.9,SE@7.5,12.4,76.6,0.0,0,"St. John, Whitman County",300043,St. John,2017-12-06 14:22:13.067500
2014-07-23,02:45,62.4,61.9,59.7,90.7,0.88,SE@10.8,18.9,76.5,0.0,0,"St. John, Whitman County",300043,St. John,2017-12-06 14:22:13.067500
2014-07-23,03:00,62.2,61.6,59.6,91.3,0.88,E@9.6,17.1,76.4,0.0,0,"St. John, Whitman County",300043,St. John,2017-12-06 14:22:13.067500
2014-07-23,03:15,62.2,61.7,59.5,90.6,0.87,E@8.5,14.2,76.4,0.0,0,"St. John, Whitman County",300043,St. John,2017-12-06 14:22:13.067500
2014-07-23,03:30,62.9,62.4,59.3,87.9,0.84,SE@6.2,14.2,76.3,0.0,0,"St. John, Whitman County",300043,St. John,2017-12-06 14:22:13.067500
2014-07-23,03:45,63.4,62.8,58.9,85.2,0.8,SE@5.0,10.3,76.2,0.0,0,"St. John, Whitman County",300043,St. John,2017-12-06 14:22:13.067500
2014-07-23,04:00,63.2,62.5,58.7,85.1,0.81,E@5.3,8.5,76.2,0.0,0,"St. John, Whitman County",300043,St. John,2017-12-06 14:22:13.067500
2014-07-23,04:15,62.5,61.9,58.5,86.5,0.85,E@6.1,8.2,76.1,0.0,1,"St. John, Whitman County",300043,St. John,2017-12-06 14:22:13.067500
2014-07-23,04:30,61.5,61.0,58.7,90.2,0.91,E@7.1,11.7,76.0,0.0,3,"St. John, Whitman County",300043,St. John,2017-12-06 14:22:13.067500
2014-07-23,04:45,60.9,60.3,58.4,91.7,0.92,NE@7.5,10.3,76.0,0.0,8,"St. John, Whitman County",300043,St. John,2017-12-06 14:22:13.067500
2014-07-23,05:00,61.5,61.0,58.7,90.4,0.91,NE@8.4,11.0,75.9,0.0,50,"St. John, Whitman County",300043,St. John,2017-12-06 14:22:13.067500
2014-07-23,05:15,62.1,61.4,58.9,89.2,0.88,NE@7.4,10.3,75.8,0.0,88,"St. John, Whitman County",300043,St. John,2017-12-06 14:22:13.067500
2014-07-23,05:30,63.1,62.5,59.1,86.7,0.83,NE@7.7,11.7,75.8,0.0,121,"St. John, Whitman County",300043,St. John,2017-12-06 14:22:13.067500
2014-07-23,05:45,63.5,62.9,59.4,86.2,0.79,NE@9.6,11.4,75.7,0.0,156,"St. John, Whitman County",300043,St. John,2017-12-06 14:22:13.067500
2014-07-23,06:00,63.5,63.1,59.5,86.6,0.79,NE@9.2,12.4,75.6,0.0,193,"St. John, Whitman County",300043,St. John,2017-12-06 14:22:13.067500
2014-07-23,06:15,64.6,64.1,59.5,83.6,0.72,NE@7.1,10.3,75.6,0.0,235,"St. John, Whitman County",300043,St. John,2017-12-06 14:22:13.067500
2014-07-23,06:30,66.1,65.4,59.7,79.7,0.64,NE@6.1,8.5,75.5,0.0,276,"St. John, Whitman County",300043,St. John,2017-12-06 14:22:13.067500
2014-07-23,06:45,66.9,66.0,59.9,78.1,0.59,NE@7.5,10.3,75.4,0.0,317,"St. John, Whitman County",300043,St. John,2017-12-06 14:22:13.067500
2014-07-23,07:00,67.7,66.8,59.6,75.3,0.49,NE@8.6,11.7,75.4,0.0,358,"St. John, Whitman County",300043,St. John,2017-12-06 14:22:13.067500
2014-07-23,07:15,69.0,68.1,60.1,73.1,0.42,NE@7.4,10.3,75.3,0.0,400,"St. John, Whitman County",300043,St. John,2017-12-06 14:22:13.067500
2014-07-23,07:30,70.0,69.1,60.1,70.7,0.35,NE@9.5,12.4,75.3,0.0,442,"St. John, Whitman County",300043,St. John,2017-12-06 14:22:13.067500
2014-07-23,07:45,71.6,70.8,59.9,66.7,0.25,NE@9.7,13.9,75.2,0.0,483,"St. John, Whitman County",300043,St. John,2017-12-06 14:22:13.067500
2014-07-23,08:00,73.3,72.3,59.3,61.4,0.14,NE@9.6,13.5,75.1,0.0,530,"St. John, Whitman County",300043,St. John,2017-12-06 14:22:13.067500
2014-07-23,08:15,74.2,73.1,59.0,59.1,0.11,E@9.2,14.6,75.1,0.0,561,"St. John, Whitman County",300043,St. John,2017-12-06 14:22:13.067500
2014-07-23,08:30,75.5,74.3,59.3,57.1,0.08,E@9.9,14.2,75.0,0.0,596,"St. John, Whitman County",300043,St. John,2017-12-06 14:22:13.067500
2014-07-23,08:45,77.5,76.7,60.0,54.7,0.05,E@6.8,13.5,75.0,0.0,632,"St. John, Whitman County",300043,St. John,2017-12-06 14:22:13.067500
2014-07-23,09:00,78.5,77.7,59.8,52.8,0.03,E@6.9,12.4,74.9,0.0,665,"St. John, Whitman County",300043,St. John,2017-12-06 14:22:13.067500
2014-07-23,09:15,79.9,79.0,60.1,50.8,0.02,E@6.6,11.7,74.9,0.0,696,"St. John, Whitman County",300043,St. John,2017-12-06 14:22:13.067500
2014-07-23,09:30,79.7,78.3,60.1,51.2,0.02,E@7.9,12.8,74.9,0.0,731,"St. John, Whitman County",300043,St. John,2017-12-06 14:22:13.067500
2014-07-23,09:45,81.2,80.5,58.9,46.7,0.01,SE@6.6,12.4,74.8,0.0,766,"St. John, Whitman County",300043,St. John,2017-12-06 14:22:13.067500
2014-07-23,10:00,81.0,80.1,58.8,46.7,0.01,SE@7.1,12.4,74.8,0.0,696,"St. John, Whitman County",300043,St. John,2017-12-06 14:22:13.067500
2014-07-23,10:15,81.2,80.8,59.3,47.4,0.01,SE@5.8,12.8,74.8,0.0,748,"St. John, Whitman County",300043,St. John,2017-12-06 14:22:13.067500
2014-07-23,10:30,83.7,82.9,59.9,44.5,0.01,SE@6.3,11.7,74.8,0.0,822,"St. John, Whitman County",300043,St. John,2017-12-06 14:22:13.067500
2014-07-23,10:45,83.4,82.9,59.8,45.0,0.01,SE@6.2,12.1,74.8,0.0,834,"St. John, Whitman County",300043,St. John,2017-12-06 14:22:13.067500
2014-07-23,11:00,84.2,83.5,59.0,42.6,0.0,S@8.1,12.8,74.8,0.0,844,"St. John, Whitman County",300043,St. John,2017-12-06 14:22:13.067500
2014-07-23,11:15,84.6,84.1,59.1,42.2,0.0,S@6.7,13.5,74.8,0.0,862,"St. John, Whitman County",300043,St. John,2017-12-06 14:22:13.067500
2014-07-23,11:30,85.1,84.5,58.4,40.3,0.0,S@7.5,15.3,74.8,0.0,857,"St. John, Whitman County",300043,St. John,2017-12-06 14:22:13.067500
2014-07-23,11:45,86.1,85.4,56.9,37.1,0.0,S@9.8,20.7,74.8,0.0,809,"St. John, Whitman County",300043,St. John,2017-12-06 14:22:13.067500
2014-07-23,12:00,85.3,84.6,55.9,36.7,0.0,S@12.8,20.3,74.8,0.0,770,"St. John, Whitman County",300043,St. John,2017-12-06 14:22:13.067500
2014-07-23,12:15,84.2,83.4,55.4,37.4,0.0,S@12.3,23.2,74.8,0.0,492,"St. John, Whitman County",300043,St. John,2017-12-06 14:22:13.067500
2014-07-23,12:30,84.5,83.9,54.5,35.8,0.0,S@13.3,21.4,74.9,0.0,638,"St. John, Whitman County",300043,St. John,2017-12-06 14:22:13.067500
2014-07-23,12:45,85.6,84.7,55.9,36.4,0.0,SW@16.5,26.4,74.9,0.0,898,"St. John, Whitman County",300043,St. John,2017-12-06 14:22:13.067500
2014-07-23,13:00,86.0,85.2,55.6,35.5,0.0,SW@15.0,24.6,74.9,0.0,869,"St. John, Whitman County",300043,St. John,2017-12-06 14:22:13.067500
2014-07-23,13:15,86.3,85.4,55.6,35.2,0.0,SW@14.1,23.2,75.0,0.0,871,"St. John, Whitman County",300043,St. John,2017-12-06 14:22:13.067500
2014-07-23,13:30,86.3,85.4,55.9,35.6,0.0,SW@12.5,21.4,75.0,0.0,895,"St. John, Whitman County",300043,St. John,2017-12-06 14:22:13.067500
2014-07-23,13:45,87.6,87.0,56.0,34.3,0.0,SW@11.8,23.9,75.1,0.0,930,"St. John, Whitman County",300043,St. John,2017-12-06 14:22:13.067500
2014-07-23,14:00,87.2,86.1,56.1,34.9,0.0,SW@14.5,24.6,75.2,0.0,875,"St. John, Whitman County",300043,St. John,2017-12-06 14:22:13.067500
2014-07-23,14:15,83.4,82.4,54.4,36.9,0.0,SW@15.3,23.2,75.2,0.0,197,"St. John, Whitman County",300043,St. John,2017-12-06 14:22:13.067500
2014-07-23,14:30,80.2,79.4,55.2,42.2,0.0,SW@21.4,29.6,75.3,0.0,102,"St. John, Whitman County",300043,St. John,2017-12-06 14:22:13.067500
2014-07-23,14:45,75.7,74.6,56.9,52.1,0.02,SW@29.6,43.6,75.4,0.0,261,"St. John, Whitman County",300043,St. John,2017-12-06 14:22:13.067500
2014-07-23,15:00,69.2,68.1,57.6,66.4,0.17,SW@23.7,32.5,75.4,0.0,300,"St. John, Whitman County",300043,St. John,2017-12-06 14:22:13.067500
2014-07-23,15:15,66.5,65.7,55.6,68.1,0.26,SW@21.9,30.3,75.5,0.0,62,"St. John, Whitman County",300043,St. John,2017-12-06 14:22:13.067500
2014-07-23,15:30,62.6,61.9,61.9,97.3,0.88,SW@16.7,24.3,75.6,0.1,90,"St. John, Whitman County",300043,St. John,2017-12-06 14:22:13.067500
2014-07-23,15:45,62.3,61.5,61.8,98.1,0.9,SW@24.7,38.2,75.6,0.0,53,"St. John, Whitman County",300043,St. John,2017-12-06 14:22:13.067500
2014-07-23,16:00,59.8,59.3,57.6,92.6,0.91,SW@23.2,33.2,75.7,0.0,156,"St. John, Whitman County",300043,St. John,2017-12-06 14:22:13.067500
2014-07-23,16:15,60.1,59.6,57.3,90.3,0.87,SW@18.8,30.7,75.8,0.0,118,"St. John, Whitman County",300043,St. John,2017-12-06 14:22:13.067500
2014-07-23,16:30,60.6,60.1,57.8,90.3,0.86,SW@11.7,21.8,75.9,0.0,190,"St. John, Whitman County",300043,St. John,2017-12-06 14:22:13.067500
2014-07-23,16:45,60.8,60.2,58.0,90.4,0.87,SW@8.7,13.9,76.0,0.0,154,"St. John, Whitman County",300043,St. John,2017-12-06 14:22:13.067500
2014-07-23,17:00,61.2,60.7,57.5,87.5,0.83,W@9.7,12.8,76.0,0.0,135,"St. John, Whitman County",300043,St. John,2017-12-06 14:22:13.067500
2014-07-23,17:15,63.5,62.9,58.1,82.7,0.7,SW@12.9,18.9,76.1,0.0,357,"St. John, Whitman County",300043,St. John,2017-12-06 14:22:13.067500
2014-07-23,17:30,63.7,62.9,54.9,72.8,0.42,SW@21.4,27.1,76.1,0.0,295,"St. John, Whitman County",300043,St. John,2017-12-06 14:22:13.067500
2014-07-23,17:45,62.7,61.8,53.8,72.7,0.38,SW@19.5,25.0,76.1,0.0,248,"St. John, Whitman County",300043,St. John,2017-12-06 14:22:13.067500
2014-07-23,18:00,62.1,61.3,54.0,74.9,0.43,SW@16.8,25.3,76.2,0.0,216,"St. John, Whitman County",300043,St. John,2017-12-06 14:22:13.067500
2014-07-23,18:15,62.0,61.2,55.1,78.0,0.54,S@14.8,21.4,76.2,0.0,181,"St. John, Whitman County",300043,St. John,2017-12-06 14:22:13.067500
2014-07-23,18:30,62.1,61.4,56.3,81.1,0.61,S@13.6,20.0,76.2,0.0,193,"St. John, Whitman County",300043,St. John,2017-12-06 14:22:13.067500
2014-07-23,18:45,61.2,60.4,56.2,83.6,0.72,SW@17.2,23.9,76.2,0.0,130,"St. John, Whitman County",300043,St. John,2017-12-06 14:22:13.067500
2014-07-23,19:00,60.4,59.7,56.1,85.5,0.8,SW@15.9,23.2,76.2,0.0,87,"St. John, Whitman County",300043,St. John,2017-12-06 14:22:13.067500
2014-07-23,19:15,59.5,58.9,56.0,87.9,0.86,S@11.0,16.4,76.2,0.0,31,"St. John, Whitman County",300043,St. John,2017-12-06 14:22:13.067500
2014-07-23,19:30,59.3,58.8,55.9,88.5,0.9,S@14.8,22.1,76.2,0.0,10,"St. John, Whitman County",300043,St. John,2017-12-06 14:22:13.067500
2014-07-23,19:45,59.3,58.9,55.7,87.6,0.89,S@11.9,17.1,76.2,0.0,2,"St. John, Whitman County",300043,St. John,2017-12-06 14:22:13.067500
2014-07-23,20:00,59.2,58.7,55.3,86.7,0.86,S@11.8,16.7,76.2,0.0,0,"St. John, Whitman County",300043,St. John,2017-12-06 14:22:13.067500
2014-07-23,20:15,59.0,58.5,54.8,86.0,0.87,S@13.1,17.8,76.1,0.0,0,"St. John, Whitman County",300043,St. John,2017-12-06 14:22:13.067500
2014-07-23,20:30,58.7,58.1,54.4,85.8,0.86,S@11.0,16.0,76.1,0.0,0,"St. John, Whitman County",300043,St. John,2017-12-06 14:22:13.067500
2014-07-23,20:45,58.2,57.7,54.4,86.9,0.88,S@8.1,14.2,76.1,0.0,0,"St. John, Whitman County",300043,St. John,2017-12-06 14:22:13.067500
2014-07-23,21:00,58.0,57.4,54.1,87.0,0.9,S@7.4,12.8,76.1,0.0,0,"St. John, Whitman County",300043,St. John,2017-12-06 14:22:13.067500
2014-07-23,21:15,58.2,57.7,54.0,85.9,0.87,S@9.5,15.0,76.0,0.0,0,"St. John, Whitman County",300043,St. John,2017-12-06 14:22:13.067500
2014-07-23,21:30,58.2,57.7,53.7,85.1,0.83,S@10.7,17.1,76.0,0.0,0,"St. John, Whitman County",300043,St. John,2017-12-06 14:22:13.067500
2014-07-23,21:45,58.1,57.6,52.8,82.3,0.77,S@10.5,16.0,75.9,0.0,0,"St. John, Whitman County",300043,St. John,2017-12-06 14:22:13.067500
2014-07-23,22:00,57.5,56.9,50.9,78.5,0.66,S@12.4,21.4,75.9,0.0,0,"St. John, Whitman County",300043,St. John,2017-12-06 14:22:13.067500
2014-07-23,22:15,56.7,56.1,49.5,76.8,0.57,S@10.7,17.1,75.8,0.0,0,"St. John, Whitman County",300043,St. John,2017-12-06 14:22:13.067500
2014-07-23,22:30,56.0,55.4,49.8,79.5,0.7,S@10.8,17.1,75.8,0.0,0,"St. John, Whitman County",300043,St. John,2017-12-06 14:22:13.067500
2014-07-23,22:45,55.1,54.6,49.8,82.2,0.78,S@11.9,17.5,75.7,0.0,0,"St. John, Whitman County",300043,St. John,2017-12-06 14:22:13.067500
2014-07-23,23:00,54.4,53.8,50.0,84.9,0.84,S@11.4,18.2,75.7,0.0,0,"St. John, Whitman County",300043,St. John,2017-12-06 14:22:13.067500
2014-07-24,23:15,53.7,53.2,50.0,87.3,0.9,S@9.9,15.0,75.6,0.0,0,"St. John, Whitman County",300043,St. John,2017-12-06 14:22:13.067500
2014-07-24,23:30,53.3,52.7,50.1,88.7,0.92,S@8.5,13.9,75.5,0.0,0,"St. John, Whitman County",300043,St. John,2017-12-06 14:22:13.067500
2014-07-24,23:45,52.8,52.2,50.0,90.3,0.94,S@7.9,13.5,75.5,0.0,0,"St. John, Whitman County",300043,St. John,2017-12-06 14:22:13.067500
2014-07-24,24:00,52.9,52.4,49.9,89.5,0.93,S@8.7,13.9,75.4,0.0,0,"St. John, Whitman County",300043,St. John,2017-12-06 14:22:13.067500
2014-07-24,00:15,53.0,52.6,49.9,88.9,0.9,S@9.6,15.0,75.3,0.0,0,"St. John, Whitman County",300043,St. John,2017-12-06 14:22:13.067500
2014-07-24,00:30,52.9,52.4,49.8,89.1,0.87,S@10.5,16.4,75.3,0.0,0,"St. John, Whitman County",300043,St. John,2017-12-06 14:22:13.067500
2014-07-24,00:45,52.3,51.7,49.3,89.6,0.89,S@12.0,17.1,75.2,0.0,0,"St. John, Whitman County",300043,St. John,2017-12-06 14:22:13.067500
2014-07-24,01:00,51.7,51.2,49.0,90.4,0.91,S@12.5,19.2,75.1,0.0,0,"St. John, Whitman County",300043,St. John,2017-12-06 14:22:13.067500
2014-07-24,01:15,51.1,50.6,48.6,90.9,0.91,S@11.8,15.7,75.0,0.0,0,"St. John, Whitman County",300043,St. John,2017-12-06 14:22:13.067500
2014-07-24,01:30,51.0,50.5,48.3,90.5,0.9,S@11.1,17.5,75.0,0.0,0,"St. John, Whitman County",300043,St. John,2017-12-06 14:22:13.067500
2014-07-24,01:45,51.0,50.6,47.8,88.6,0.87,S@12.7,20.0,74.9,0.0,0,"St. John, Whitman County",300043,St. John,2017-12-06 14:22:13.067500
2014-07-24,02:00,50.9,50.4,47.5,88.1,0.86,S@12.6,19.2,74.8,0.0,0,"St. John, Whitman County",300043,St. John,2017-12-06 14:22:13.067500
2014-07-24,02:15,50.5,50.0,47.3,88.7,0.87,S@10.0,16.0,74.7,0.0,0,"St. John, Whitman County",300043,St. John,2017-12-06 14:22:13.067500
2014-07-24,02:30,50.2,49.7,47.1,89.1,0.89,S@9.4,17.1,74.6,0.0,0,"St. John, Whitman County",300043,St. John,2017-12-06 14:22:13.067500
2014-07-24,02:45,49.7,49.1,47.0,90.4,0.92,S@9.0,13.9,74.6,0.0,0,"St. John, Whitman County",300043,St. John,2017-12-06 14:22:13.067500
2014-07-24,03:00,49.3,48.8,46.7,90.9,0.93,S@9.3,17.5,74.5,0.0,0,"St. John, Whitman County",300043,St. John,2017-12-06 14:22:13.067500
2014-07-24,03:15,49.1,48.6,46.6,91.2,0.93,S@11.0,17.1,74.4,0.0,0,"St. John, Whitman County",300043,St. John,2017-12-06 14:22:13.067500
2014-07-24,03:30,48.6,48.1,46.6,92.7,0.97,S@8.6,14.2,74.3,0.0,0,"St. John, Whitman County",300043,St. John,2017-12-06 14:22:13.067500
2014-07-24,03:45,48.4,47.9,46.5,93.0,1.0,S@9.5,14.6,74.2,0.0,0,"St. John, Whitman County",300043,St. John,2017-12-06 14:22:13.067500
2014-07-24,04:00,48.1,47.6,46.4,93.9,1.0,S@11.0,16.4,74.1,0.0,0,"St. John, Whitman County",300043,St. John,2017-12-06 14:22:13.067500
2014-07-24,04:15,47.8,47.3,46.3,94.5,1.0,S@8.9,14.6,74.0,0.0,2,"St. John, Whitman County",300043,St. John,2017-12-06 14:22:13.067500
2014-07-24,04:30,47.6,47.2,46.4,95.3,1.0,S@9.9,15.0,73.9,0.0,5,"St. John, Whitman County",300043,St. John,2017-12-06 14:22:13.067500
2014-07-24,04:45,47.6,47.1,46.4,95.4,1.0,S@9.4,14.2,73.8,0.0,19,"St. John, Whitman County",300043,St. John,2017-12-06 14:22:13.067500
2014-07-24,05:00,48.0,47.4,46.5,94.3,1.0,S@9.6,15.3,73.8,0.0,55,"St. John, Whitman County",300043,St. John,2017-12-06 14:22:13.067500
2014-07-24,05:15,48.3,47.7,46.6,93.8,0.94,S@9.5,13.9,73.7,0.0,85,"St. John, Whitman County",300043,St. John,2017-12-06 14:22:13.067500
2014-07-24,05:30,48.6,48.0,46.7,93.2,0.92,S@8.2,13.9,73.6,0.0,120,"St. John, Whitman County",300043,St. John,2017-12-06 14:22:13.067500
2014-07-24,05:45,49.0,48.5,46.9,92.3,0.89,S@10.6,16.4,73.5,0.0,157,"St. John, Whitman County",300043,St. John,2017-12-06 14:22:13.067500
2014-07-24,06:00,49.6,49.2,47.1,90.9,0.85,S@12.9,17.8,73.4,0.0,195,"St. John, Whitman County",300043,St. John,2017-12-06 14:22:13.067500
2014-07-24,06:15,50.8,50.3,47.4,88.0,0.79,SW@15.9,22.5,73.3,0.0,236,"St. John, Whitman County",300043,St. John,2017-12-06 14:22:13.067500
2014-07-24,06:30,52.1,51.5,47.5,84.0,0.68,SW@18.2,23.5,73.2,0.0,292,"St. John, Whitman County",300043,St. John,2017-12-06 14:22:13.067500
2014-07-24,06:45,53.0,52.4,47.4,81.0,0.57,SW@16.4,23.2,73.1,0.0,348,"St. John, Whitman County",300043,St. John,2017-12-06 14:22:13.067500
2014-07-24,07:00,53.5,52.9,46.9,78.3,0.48,SW@17.7,25.7,73.0,0.0,300,"St. John, Whitman County",300043,St. John,2017-12-06 14:22:13.067500
2014-07-24,07:15,54.4,53.7,46.8,75.4,0.38,SW@16.8,23.2,72.9,0.0,373,"St. John, Whitman County",300043,St. John,2017-12-06 14:22:13.067500
2014-07-24,07:30,55.4,54.7,46.9,72.9,0.29,SW@17.3,26.4,72.8,0.0,451,"St. John, Whitman County",300043,St. John,2017-12-06 14:22:13.067500
2014-07-24,07:45,56.6,55.9,47.0,70.0,0.21,SW@17.0,25.0,72.7,0.0,486,"St. John, Whitman County",300043,St. John,2017-12-06 14:22:13.067500
2014-07-24,08:00,57.0,56.3,46.9,69.0,0.19,SW@18.8,26.0,72.6,0.0,537,"St. John, Whitman County",300043,St. John,2017-12-06 14:22:13.067500
2014-07-24,08:15,57.7,57.1,46.9,67.0,0.15,SW@18.7,26.4,72.5,0.0,579,"St. John, Whitman County",300043,St. John,2017-12-06 14:22:13.067500
2014-07-24,08:30,58.9,58.2,46.7,63.7,0.09,SW@19.1,28.6,72.4,0.0,616,"St. John, Whitman County",300043,St. John,2017-12-06 14:22:13.067500
2014-07-24,08:45,58.9,58.2,45.8,61.7,0.05,SW@23.8,30.7,72.4,0.0,642,"St. John, Whitman County",300043,St. John,2017-12-06 14:22:13.067500
2014-07-24,09:00,59.8,59.0,45.9,60.0,0.03,SW@22.0,30.0,72.3,0.0,681,"St. John, Whitman County",300043,St. John,2017-12-06 14:22:13.067500
2014-07-24,09:15,59.8,59.1,45.7,59.4,0.03,SW@22.0,29.6,72.2,0.0,603,"St. John, Whitman County",300043,St. John,2017-12-06 14:22:13.067500
2014-07-24,09:30,60.6,60.0,45.8,58.2,0.02,SW@23.0,31.4,72.1,0.0,667,"St. John, Whitman County",300043,St. John,2017-12-06 14:22:13.067500
2014-07-24,09:45,60.4,59.7,45.7,58.1,0.02,SW@24.0,32.8,72.0,0.0,530,"St. John, Whitman County",300043,St. John,2017-12-06 14:22:13.067500
2014-07-24,10:00,62.2,61.6,46.1,55.5,0.01,SW@22.9,31.1,72.0,0.0,856,"St. John, Whitman County",300043,St. John,2017-12-06 14:22:13.067500
2014-07-24,10:15,62.2,61.6,45.5,54.2,0.01,SW@24.0,31.4,71.9,0.0,746,"St. John, Whitman County",300043,St. John,2017-12-06 14:22:13.067500
2014-07-24,10:30,62.9,62.2,45.5,52.9,0.01,SW@24.1,32.8,71.8,0.0,801,"St. John, Whitman County",300043,St. John,2017-12-06 14:22:13.067500
2014-07-24,10:45,63.0,62.3,45.3,52.4,0.01,SW@24.0,32.8,71.8,0.0,759,"St. John, Whitman County",300043,St. John,2017-12-06 14:22:13.067500
2014-07-24,11:00,63.5,63.0,45.1,50.9,0.0,SW@21.8,30.0,71.7,0.0,751,"St. John, Whitman County",300043,St. John,2017-12-06 14:22:13.067500
2014-07-24,11:15,64.0,63.3,45.3,50.5,0.0,SW@22.5,32.5,71.7,0.0,654,"St. John, Whitman County",300043,St. John,2017-12-06 14:22:13.067500
2014-07-24,11:30,64.1,63.5,45.1,49.8,0.0,SW@22.8,32.8,71.6,0.0,584,"St. John, Whitman County",300043,St. John,2017-12-06 14:22:13.067500
2014-07-24,11:45,65.3,64.7,44.7,47.1,0.0,SW@23.8,32.1,71.6,0.0,807,"St. John, Whitman County",300043,St. John,2017-12-06 14:22:13.067500
2014-07-24,12:00,66.4,65.8,44.7,45.3,0.0,SW@22.8,34.3,71.6,0.0,756,"St. John, Whitman County",300043,St. John,2017-12-06 14:22:13.067500
2014-07-24,12:15,66.5,65.8,44.9,45.5,0.0,SW@20.6,31.4,71.5,0.0,637,"St. John, Whitman County",300043,St. John,2017-12-06 14:22:13.067500
2014-07-24,12:30,65.4,64.8,44.7,47.0,0.0,SW@24.5,33.2,71.5,0.0,677,"St. John, Whitman County",300043,St. John,2017-12-06 14:22:13.067500
2014-07-24,12:45,67.3,66.7,44.5,43.6,0.0,SW@23.7,31.8,71.5,0.0,922,"St. John, Whitman County",300043,St. John,2017-12-06 14:22:13.067500
2014-07-24,13:00,67.3,66.6,44.5,43.7,0.0,SW@21.1,30.3,71.5,0.0,676,"St. John, Whitman County",300043,St. John,2017-12-06 14:22:13.067500
2014-07-24,13:15,67.7,66.9,44.4,42.9,0.0,SW@22.3,32.5,71.5,0.0,624,"St. John, Whitman County",300043,St. John,2017-12-06 14:22:13.067500
2014-07-24,13:30,68.1,67.6,44.3,42.2,0.0,SW@22.9,32.5,71.5,0.0,784,"St. John, Whitman County",300043,St. John,2017-12-06 14:22:13.067500
2014-07-24,13:45,68.0,67.1,43.4,40.9,0.0,SW@21.5,30.3,71.5,0.0,444,"St. John, Whitman County",300043,St. John,2017-12-06 14:22:13.067500
2014-07-24,14:00,67.8,67.2,42.8,40.2,0.0,SW@21.9,30.0,71.5,0.0,530,"St. John, Whitman County",300043,St. John,2017-12-06 14:22:13.067500
2014-07-24,14:15,68.3,67.6,43.4,40.5,0.0,SW@22.1,29.6,71.5,0.0,581,"St. John, Whitman County",300043,St. John,2017-12-06 14:22:13.067500
2014-07-24,14:30,68.2,67.5,43.8,41.1,0.0,SW@22.3,32.1,71.5,0.0,454,"St. John, Whitman County",300043,St. John,2017-12-06 14:22:13.067500
2014-07-24,14:45,67.9,67.1,44.0,42.1,0.0,SW@21.6,31.4,71.6,0.0,461,"St. John, Whitman County",300043,St. John,2017-12-06 14:22:13.067500
2014-07-24,15:00,68.8,68.3,44.6,41.6,0.0,SW@17.8,26.4,71.6,0.0,487,"St. John, Whitman County",300043,St. John,2017-12-06 14:22:13.067500
2014-07-24,15:15,69.2,68.5,45.4,42.3,0.0,SW@17.8,29.6,71.6,0.0,524,"St. John, Whitman County",300043,St. John,2017-12-06 14:22:13.067500
2014-07-24,15:30,69.4,68.6,45.2,41.7,0.0,SW@18.2,29.3,71.6,0.0,455,"St. John, Whitman County",300043,St. John,2017-12-06 14:22:13.067500
2014-07-24,15:45,68.6,68.0,44.9,42.3,0.0,SW@16.4,24.3,71.7,0.0,317,"St. John, Whitman County",300043,St. John,2017-12-06 14:22:13.067500
2014-07-24,16:00,69.1,68.4,45.3,42.5,0.0,SW@16.5,23.9,71.7,0.0,399,"St. John, Whitman County",300043,St. John,2017-12-06 14:22:13.067500
2014-07-24,16:15,70.1,69.4,45.6,41.4,0.0,SW@17.1,26.0,71.8,0.0,462,"St. John, Whitman County",300043,St. John,2017-12-06 14:22:13.067500
2014-07-24,16:30,71.2,70.5,45.7,40.1,0.0,SW@14.7,23.2,71.8,0.0,532,"St. John, Whitman County",300043,St. John,2017-12-06 14:22:13.067500
2014-07-24,16:45,70.1,69.2,45.9,41.9,0.0,SW@13.0,21.0,71.8,0.0,270,"St. John, Whitman County",300043,St. John,2017-12-06 14:22:13.067500
2014-07-24,17:00,69.9,69.4,46.0,42.2,0.0,SW@13.3,20.3,71.9,0.0,239,"St. John, Whitman County",300043,St. John,2017-12-06 14:22:13.067500
2014-07-24,17:15,69.9,69.1,45.6,41.6,0.0,SW@14.2,20.0,71.9,0.0,242,"St. John, Whitman County",300043,St. John,2017-12-06 14:22:13.067500
2014-07-24,17:30,68.5,67.8,45.4,43.3,0.0,SW@12.6,19.2,72.0,0.0,105,"St. John, Whitman County",300043,St. John,2017-12-06 14:22:13.067500
2014-07-24,17:45,68.6,68.0,45.5,43.4,0.0,SW@12.8,19.6,72.0,0.0,111,"St. John, Whitman County",300043,St. John,2017-12-06 14:22:13.067500
2014-07-24,18:00,68.6,68.0,45.6,43.5,0.0,SW@11.8,16.7,72.1,0.0,91,"St. John, Whitman County",300043,St. John,2017-12-06 14:22:13.067500
2014-07-24,18:15,68.4,67.8,45.3,43.4,0.0,SW@12.1,16.7,72.1,0.0,66,"St. John, Whitman County",300043,St. John,2017-12-06 14:22:13.067500
2014-07-24,18:30,68.2,67.6,45.4,43.8,0.0,SW@11.7,15.0,72.2,0.0,66,"St. John, Whitman County",300043,St. John,2017-12-06 14:22:13.067500
2014-07-24,18:45,68.3,67.6,45.3,43.4,0.0,SW@11.3,17.8,72.2,0.0,76,"St. John, Whitman County",300043,St. John,2017-12-06 14:22:13.067500
2014-07-24,19:00,67.1,66.5,45.2,45.3,0.0,SW@11.4,16.0,72.2,0.0,24,"St. John, Whitman County",300043,St. John,2017-12-06 14:22:13.067500
2014-07-24,19:15,66.4,65.8,45.6,47.0,0.0,SW@9.8,14.6,72.3,0.0,29,"St. John, Whitman County",300043,St. John,2017-12-06 14:22:13.067500
2014-07-24,19:30,66.1,65.4,45.7,47.8,0.0,SW@8.3,11.0,72.3,0.0,11,"St. John, Whitman County",300043,St. John,2017-12-06 14:22:13.067500
2014-07-24,19:45,66.2,65.6,46.0,48.1,0.0,SW@9.3,12.1,72.4,0.0,3,"St. John, Whitman County",300043,St. John,2017-12-06 14:22:13.067500
2014-07-24,20:00,65.4,64.7,46.3,50.1,0.01,SW@8.4,11.7,72.4,0.0,1,"St. John, Whitman County",300043,St. John,2017-12-06 14:22:13.067500
2014-07-24,20:15,64.3,63.5,46.4,52.2,0.01,SW@8.8,12.4,72.4,0.0,0,"St. John, Whitman County",300043,St. John,2017-12-06 14:22:13.067500
2014-07-24,20:30,63.0,62.4,46.5,54.7,0.02,SW@9.0,11.0,72.4,0.0,0,"St. John, Whitman County",300043,St. John,2017-12-06 14:22:13.067500
2014-07-24,20:45,61.9,61.1,46.2,56.3,0.03,SW@7.6,10.3,72.5,0.0,0,"St. John, Whitman County",300043,St. John,2017-12-06 14:22:13.067500
2014-07-24,21:00,60.1,59.4,45.9,59.2,0.04,S@7.2,8.2,72.5,0.0,0,"St. John, Whitman County",300043,St. John,2017-12-06 14:22:13.067500
2014-07-24,21:15,59.8,59.2,45.9,59.9,0.04,S@7.1,8.5,72.5,0.0,0,"St. John, Whitman County",300043,St. John,2017-12-06 14:22:13.067500
2014-07-24,21:30,59.4,58.7,46.4,62.1,0.06,S@6.5,8.5,72.5,0.0,0,"St. John, Whitman County",300043,St. John,2017-12-06 14:22:13.067500
2014-07-24,21:45,59.0,58.4,46.3,62.7,0.09,S@6.8,8.9,72.5,0.0,0,"St. John, Whitman County",300043,St. John,2017-12-06 14:22:13.067500
2014-07-24,22:00,59.2,58.6,46.1,61.8,0.08,S@6.7,8.9,72.5,0.0,0,"St. John, Whitman County",300043,St. John,2017-12-06 14:22:13.067500
2014-07-24,22:15,58.5,57.8,46.0,63.2,0.1,SW@7.7,9.6,72.5,0.0,0,"St. John, Whitman County",300043,St. John,2017-12-06 14:22:13.067500
2014-07-24,22:30,57.5,56.9,46.0,65.5,0.13,SW@8.1,9.9,72.5,0.0,0,"St. John, Whitman County",300043,St. John,2017-12-06 14:22:13.067500
2014-07-24,22:45,57.7,57.0,46.1,65.2,0.14,S@6.4,7.8,72.5,0.0,0,"St. John, Whitman County",300043,St. John,2017-12-06 14:22:13.067500
2014-07-24,23:00,57.1,56.4,46.1,66.6,0.17,SW@7.5,9.2,72.5,0.0,0,"St. John, Whitman County",300043,St. John,2017-12-06 14:22:13.067500
2014-07-25,23:15,54.8,54.1,45.9,71.8,0.28,S@6.3,7.8,72.5,0.0,0,"St. John, Whitman County",300043,St. John,2017-12-06 14:22:13.067500
2014-07-25,23:30,56.1,55.5,46.2,69.5,0.24,S@6.7,8.5,72.4,0.0,0,"St. John, Whitman County",300043,St. John,2017-12-06 14:22:13.067500
2014-07-25,23:45,54.5,53.8,46.0,72.9,0.38,S@6.4,8.2,72.4,0.0,0,"St. John, Whitman County",300043,St. John,2017-12-06 14:22:13.067500
2014-07-25,24:00,54.6,54.1,45.9,72.3,0.38,S@6.7,7.8,72.4,0.0,0,"St. John, Whitman County",300043,St. John,2017-12-06 14:22:13.067500
2014-07-25,00:15,54.8,54.1,45.9,72.0,0.38,S@6.7,7.4,72.4,0.0,0,"St. John, Whitman County",300043,St. John,2017-12-06 14:22:13.067500
2014-07-25,00:30,53.3,52.5,45.6,74.9,0.46,S@6.0,7.1,72.3,0.0,0,"St. John, Whitman County",300043,St. John,2017-12-06 14:22:13.067500
2014-07-25,00:45,52.5,51.8,45.5,77.0,0.54,S@6.2,8.2,72.3,0.0,0,"St. John, Whitman County",300043,St. John,2017-12-06 14:22:13.067500
2014-07-25,01:00,51.5,50.9,45.3,79.2,0.63,S@5.3,7.1,72.3,0.0,0,"St. John, Whitman County",300043,St. John,2017-12-06 14:22:13.067500
2014-07-25,01:15,51.5,50.9,45.3,79.1,0.65,S@5.7,9.2,72.2,0.0,0,"St. John, Whitman County",300043,St. John,2017-12-06 14:22:13.067500
2014-07-25,01:30,51.6,51.1,45.5,79.5,0.66,S@5.9,8.5,72.2,0.0,0,"St. John, Whitman County",300043,St. John,2017-12-06 14:22:13.067500
2014-07-25,01:45,50.3,49.6,45.2,82.7,0.72,S@6.4,7.4,72.1,0.0,0,"St. John, Whitman County",300043,St. John,2017-12-06 14:22:13.067500
2014-07-25,02:00,50.5,50.1,45.7,83.6,0.77,S@6.2,9.9,72.1,0.0,0,"St. John, Whitman County",300043,St. John,2017-12-06 14:22:13.067500
2014-07-25,02:15,51.1,50.4,46.0,82.7,0.74,S@7.8,11.0,72.0,0.0,0,"St. John, Whitman County",300043,St. John,2017-12-06 14:22:13.067500
2014-07-25,02:30,50.4,49.9,46.2,85.4,0.8,S@7.2,9.6,72.0,0.0,0,"St. John, Whitman County",300043,St. John,2017-12-06 14:22:13.067500
2014-07-25,02:45,50.6,50.1,46.6,86.0,0.83,S@5.8,9.6,71.9,0.0,0,"St. John, Whitman County",300043,St. John,2017-12-06 14:22:13.067500
2014-07-25,03:00,50.3,49.7,47.0,88.4,0.88,S@5.9,9.9,71.9,0.0,0,"St. John, Whitman County",300043,St. John,2017-12-06 14:22:13.067500
2014-07-25,03:15,50.1,49.5,47.3,90.1,0.91,S@5.5,8.5,71.8,0.0,0,"St. John, Whitman County",300043,St. John,2017-12-06 14:22:13.067500
2014-07-25,03:30,48.9,48.2,46.9,93.0,0.94,S@5.2,7.4,71.8,0.0,0,"St. John, Whitman County",300043,St. John,2017-12-06 14:22:13.067500
2014-07-25,03:45,48.8,48.4,47.6,95.6,0.99,S@5.4,8.5,71.7,0.0,0,"St. John, Whitman County",300043,St. John,2017-12-06 14:22:13.067500
2014-07-25,04:00,48.4,47.8,47.4,96.5,1.0,S@4.9,7.4,71.6,0.0,0,"St. John, Whitman County",300043,St. John,2017-12-06 14:22:13.067500
2014-07-25,04:15,49.3,48.7,48.3,96.4,1.0,S@5.3,8.9,71.6,0.0,2,"St. John, Whitman County",300043,St. John,2017-12-06 14:22:13.067500
2014-07-25,04:30,48.9,48.3,47.9,96.5,1.0,S@5.4,7.1,71.5,0.0,5,"St. John, Whitman County",300043,St. John,2017-12-06 14:22:13.067500
2014-07-25,04:45,49.0,48.5,48.1,96.8,1.0,S@4.8,7.8,71.4,0.0,11,"St. John, Whitman County",300043,St. John,2017-12-06 14:22:13.067500
2014-07-25,05:00,48.9,48.3,48.1,96.8,1.0,S@5.2,8.2,71.4,0.0,32,"St. John, Whitman County",300043,St. John,2017-12-06 14:22:13.067500
2014-07-25,05:15,49.7,49.1,48.5,95.4,1.0,S@5.9,7.8,71.3,0.0,82,"St. John, Whitman County",300043,St. John,2017-12-06 14:22:13.067500
2014-07-25,05:30,50.1,49.5,48.6,94.7,0.95,S@5.4,8.5,71.2,0.0,119,"St. John, Whitman County",300043,St. John,2017-12-06 14:22:13.067500
2014-07-25,05:45,50.7,50.3,49.1,94.2,0.91,S@5.7,7.8,71.2,0.0,154,"St. John, Whitman County",300043,St. John,2017-12-06 14:22:13.067500
2014-07-25,06:00,51.6,51.4,49.5,92.6,0.84,S@5.1,9.6,71.1,0.0,192,"St. John, Whitman County",300043,St. John,2017-12-06 14:22:13.067500
2014-07-25,06:15,52.6,52.2,49.7,89.7,0.73,S@6.5,9.9,71.0,0.0,233,"St. John, Whitman County",300043,St. John,2017-12-06 14:22:13.067500
2014-07-25,06:30,53.7,53.1,49.8,86.5,0.6,S@6.2,9.6,71.0,0.0,274,"St. John, Whitman County",300043,St. John,2017-12-06 14:22:13.067500
2014-07-25,06:45,54.7,54.1,49.8,83.2,0.47,S@8.1,11.4,70.9,0.0,315,"St. John, Whitman County",300043,St. John,2017-12-06 14:22:13.067500
2014-07-25,07:00,55.5,54.8,49.8,81.2,0.38,S@7.8,10.7,70.8,0.0,357,"St. John, Whitman County",300043,St. John,2017-12-06 14:22:13.067500
2014-07-25,07:15,56.4,55.7,49.8,78.4,0.3,SW@9.1,14.6,70.7,0.0,399,"St. John, Whitman County",300043,St. John,2017-12-06 14:22:13.067500
2014-07-25,07:30,57.4,56.8,49.5,74.9,0.2,SW@9.9,14.2,70.7,0.0,441,"St. John, Whitman County",300043,St. John,2017-12-06 14:22:13.067500
2014-07-25,07:45,58.4,57.8,49.2,71.2,0.12,SW@10.5,14.6,70.6,0.0,481,"St. John, Whitman County",300043,St. John,2017-12-06 14:22:13.067500
2014-07-25,08:00,59.5,58.8,49.2,68.7,0.09,SW@11.6,17.1,70.5,0.0,520,"St. John, Whitman County",300043,St. John,2017-12-06 14:22:13.067500
2014-07-25,08:15,60.4,59.7,49.4,66.9,0.07,SW@10.1,14.2,70.5,0.0,557,"St. John, Whitman County",300043,St. John,2017-12-06 14:22:13.067500
2014-07-25,08:30,61.3,60.7,49.7,65.6,0.05,SW@10.4,14.6,70.4,0.0,595,"St. John, Whitman County",300043,St. John,2017-12-06 14:22:13.067500
2014-07-25,08:45,62.0,61.4,49.6,63.6,0.03,SW@11.5,16.0,70.3,0.0,629,"St. John, Whitman County",300043,St. John,2017-12-06 14:22:13.067500
2014-07-25,09:00,63.2,62.7,49.2,60.0,0.01,SW@10.6,19.2,70.3,0.0,663,"St. John, Whitman County",300043,St. John,2017-12-06 14:22:13.067500
2014-07-25,09:15,64.0,63.3,48.7,57.4,0.01,SW@12.0,17.5,70.2,0.0,695,"St. John, Whitman County",300043,St. John,2017-12-06 14:22:13.067500
2014-07-25,09:30,64.7,64.1,48.1,54.7,0.0,SW@11.3,16.7,70.2,0.0,723,"St. John, Whitman County",300043,St. John,2017-12-06 14:22:13.067500
2014-07-25,09:45,66.2,65.6,48.6,52.9,0.0,SW@10.0,17.1,70.1,0.0,750,"St. John, Whitman County",300043,St. John,2017-12-06 14:22:13.067500
2014-07-25,10:00,66.5,65.9,48.1,51.4,0.0,SW@10.3,16.7,70.1,0.0,777,"St. John, Whitman County",300043,St. John,2017-12-06 14:22:13.067500
2014-07-25,10:15,67.3,66.6,47.3,48.5,0.0,SW@10.7,16.4,70.1,0.0,801,"St. John, Whitman County",300043,St. John,2017-12-06 14:22:13.067500
2014-07-25,10:30,67.9,67.3,46.6,46.3,0.0,SW@9.9,15.7,70.0,0.0,825,"St. John, Whitman County",300043,St. John,2017-12-06 14:22:13.067500
2014-07-25,10:45,68.3,67.6,47.1,46.6,0.0,SW@10.0,19.6,70.0,0.0,837,"St. John, Whitman County",300043,St. John,2017-12-06 14:22:13.067500
2014-07-25,11:00,68.7,68.1,47.1,45.9,0.0,SW@9.4,17.1,70.0,0.0,851,"St. John, Whitman County",300043,St. John,2017-12-06 14:22:13.067500
2014-07-25,11:15,70.5,69.9,46.7,42.7,0.0,SW@9.9,18.2,70.0,0.0,863,"St. John, Whitman County",300043,St. John,2017-12-06 14:22:13.067500
2014-07-25,11:30,70.8,70.1,46.3,41.6,0.0,W@8.4,17.8,69.9,0.0,872,"St. John, Whitman County",300043,St. John,2017-12-06 14:22:13.067500
2014-07-25,11:45,71.2,70.5,45.9,40.3,0.0,SW@10.7,18.2,69.9,0.0,879,"St. John, Whitman County",300043,St. John,2017-12-06 14:22:13.067500
2014-07-25,12:00,71.7,71.1,46.3,40.1,0.0,SW@9.6,17.8,69.9,0.0,881,"St. John, Whitman County",300043,St. John,2017-12-06 14:22:13.067500
2014-07-25,12:15,72.3,71.8,46.2,39.4,0.0,SW@10.0,17.5,69.9,0.0,882,"St. John, Whitman County",300043,St. John,2017-12-06 14:22:13.067500
2014-07-25,12:30,73.4,72.8,46.6,38.4,0.0,S@8.9,15.0,69.9,0.0,879,"St. John, Whitman County",300043,St. John,2017-12-06 14:22:13.067500
2014-07-25,12:45,73.4,72.7,46.4,38.1,0.0,W@9.1,14.6,70.0,0.0,872,"St. John, Whitman County",300043,St. John,2017-12-06 14:22:13.067500
2014-07-25,13:00,74.4,73.5,46.5,37.1,0.0,W@9.5,17.5,70.0,0.0,865,"St. John, Whitman County",300043,St. John,2017-12-06 14:22:13.067500
2014-07-25,13:15,73.9,73.2,46.4,37.6,0.0,SW@8.1,17.1,70.0,0.0,852,"St. John, Whitman County",300043,St. John,2017-12-06 14:22:13.067500
2014-07-25,13:30,74.9,74.1,46.2,36.0,0.0,W@9.7,15.0,70.1,0.0,839,"St. John, Whitman County",300043,St. John,2017-12-06 14:22:13.067500
2014-07-25,13:45,74.7,74.0,46.3,36.4,0.0,W@8.1,16.0,70.1,0.0,821,"St. John, Whitman County",300043,St. John,2017-12-06 14:22:13.067500
2014-07-25,14:00,74.5,73.9,46.6,37.0,0.0,W@7.8,15.3,70.2,0.0,799,"St. John, Whitman County",300043,St. John,2017-12-06 14:22:13.067500
2014-07-25,14:15,76.0,75.1,46.9,35.6,0.0,SW@8.8,17.1,70.3,0.0,775,"St. John, Whitman County",300043,St. John,2017-12-06 14:22:13.067500
2014-07-25,14:30,75.8,75.2,46.7,35.5,0.0,W@8.1,15.0,70.4,0.0,748,"St. John, Whitman County",300043,St. John,2017-12-06 14:22:13.067500
2014-07-25,14:45,76.3,75.4,47.7,36.4,0.0,SW@9.0,15.7,70.4,0.0,720,"St. John, Whitman County",300043,St. John,2017-12-06 14:22:13.067500
2014-07-25,15:00,76.6,75.8,47.6,35.9,0.0,SW@10.6,16.0,70.5,0.0,690,"St. John, Whitman County",300043,St. John,2017-12-06 14:22:13.067500
2014-07-25,15:15,76.9,76.2,47.5,35.4,0.0,SW@8.8,16.7,70.6,0.0,656,"St. John, Whitman County",300043,St. John,2017-12-06 14:22:13.067500
2014-07-25,15:30,76.9,76.2,47.6,35.5,0.0,SW@11.7,19.2,70.7,0.0,622,"St. John, Whitman County",300043,St. John,2017-12-06 14:22:13.067500
2014-07-25,15:45,77.3,76.8,47.6,35.0,0.0,SW@7.0,12.8,70.8,0.0,586,"St. John, Whitman County",300043,St. John,2017-12-06 14:22:13.067500
2014-07-25,16:00,77.8,76.9,47.3,34.1,0.0,SW@7.6,13.2,70.9,0.0,547,"St. John, Whitman County",300043,St. John,2017-12-06 14:22:13.067500
2014-07-25,16:15,77.4,76.6,46.6,33.7,0.0,SW@9.8,17.5,71.1,0.0,508,"St. John, Whitman County",300043,St. John,2017-12-06 14:22:13.067500
2014-07-25,16:30,77.4,76.7,46.4,33.4,0.0,W@6.2,12.4,71.2,0.0,467,"St. John, Whitman County",300043,St. John,2017-12-06 14:22:13.067500
2014-07-25,16:45,77.9,77.1,45.4,31.7,0.0,W@9.0,16.0,71.3,0.0,427,"St. John, Whitman County",300043,St. John,2017-12-06 14:22:13.067500
2014-07-25,17:00,77.4,76.6,45.0,31.7,0.0,W@8.1,13.2,71.4,0.0,384,"St. John, Whitman County",300043,St. John,2017-12-06 14:22:13.067500
2014-07-25,17:15,77.4,76.5,44.7,31.3,0.0,W@6.7,13.2,71.6,0.0,343,"St. John, Whitman County",300043,St. John,2017-12-06 14:22:13.067500
2014-07-25,17:30,77.1,76.3,44.2,31.0,0.0,SW@6.9,10.7,71.7,0.0,299,"St. John, Whitman County",300043,St. John,2017-12-06 14:22:13.067500
2014-07-25,17:45,76.8,76.0,44.6,31.8,0.0,W@7.0,11.7,71.8,0.0,256,"St. John, Whitman County",300043,St. John,2017-12-06 14:22:13.067500
2014-07-25,18:00,76.6,75.7,44.5,31.9,0.0,SW@5.7,9.9,71.9,0.0,215,"St. John, Whitman County",300043,St. John,2017-12-06 14:22:13.067500
2014-07-25,18:15,76.5,75.5,44.6,32.1,0.0,W@4.5,7.4,72.1,0.0,175,"St. John, Whitman County",300043,St. John,2017-12-06 14:22:13.067500
2014-07-25,18:30,76.1,74.7,44.3,32.2,0.0,SW@5.0,8.9,72.2,0.0,138,"St. John, Whitman County",300043,St. John,2017-12-06 14:22:13.067500
2014-07-25,18:45,75.7,74.8,44.7,33.1,0.0,W@5.1,6.7,72.3,0.0,103,"St. John, Whitman County",300043,St. John,2017-12-06 14:22:13.067500
2014-07-25,19:00,73.5,72.4,44.8,35.8,0.0,SW@5.2,7.1,72.5,0.0,71,"St. John, Whitman County",300043,St. John,2017-12-06 14:22:13.067500
2014-07-25,19:15,72.2,71.2,44.8,37.4,0.0,SW@4.1,5.3,72.6,0.0,41,"St. John, Whitman County",300043,St. John,2017-12-06 14:22:13.067500
2014-07-25,19:30,71.3,70.5,44.7,38.4,0.0,S@4.1,4.9,72.7,0.0,15,"St. John, Whitman County",300043,St. John,2017-12-06 14:22:13.067500
2014-07-25,19:45,71.0,70.3,44.5,38.5,0.0,S@4.3,4.9,72.8,0.0,3,"St. John, Whitman County",300043,St. John,2017-12-06 14:22:13.067500
2014-07-25,20:00,71.0,70.2,44.1,37.9,0.0,S@4.1,4.6,72.9,0.0,1,"St. John, Whitman County",300043,St. John,2017-12-06 14:22:13.067500
2014-07-25,20:15,70.9,70.2,43.8,37.6,0.0,S@3.9,4.6,73.0,0.0,0,"St. John, Whitman County",300043,St. John,2017-12-06 14:22:13.067500
2014-07-25,20:30,70.4,69.5,43.6,38.0,0.0,S@4.1,5.3,73.1,0.0,0,"St. John, Whitman County",300043,St. John,2017-12-06 14:22:13.067500
2014-07-25,20:45,69.9,69.2,43.5,38.6,0.0,S@3.9,4.2,73.2,0.0,0,"St. John, Whitman County",300043,St. John,2017-12-06 14:22:13.067500
2014-07-25,21:00,69.9,69.2,43.5,38.4,0.0,S@3.9,4.2,73.3,0.0,0,"St. John, Whitman County",300043,St. John,2017-12-06 14:22:13.067500
2014-07-25,21:15,70.6,69.9,43.3,37.3,0.0,S@3.5,4.2,73.3,0.0,0,"St. John, Whitman County",300043,St. John,2017-12-06 14:22:13.067500
2014-07-25,21:30,69.9,69.0,43.2,38.1,0.0,S@3.8,4.2,73.4,0.0,0,"St. John, Whitman County",300043,St. John,2017-12-06 14:22:13.067500
2014-07-25,21:45,69.6,68.8,43.1,38.3,0.0,S@2.0,4.2,73.4,0.0,0,"St. John, Whitman County",300043,St. John,2017-12-06 14:22:13.067500
2014-07-25,22:00,69.1,68.1,43.1,39.0,0.0,SE@0.7,2.4,73.5,0.0,0,"St. John, Whitman County",300043,St. John,2017-12-06 14:22:13.067500
2014-07-25,22:15,68.8,68.2,43.0,39.1,0.0,SE@0.4,2.4,73.5,0.0,0,"St. John, Whitman County",300043,St. John,2017-12-06 14:22:13.067500
2014-07-25,22:30,68.5,67.7,43.2,39.9,0.0,SE@1.1,2.4,73.5,0.0,0,"St. John, Whitman County",300043,St. John,2017-12-06 14:22:13.067500
2014-07-25,22:45,69.8,69.1,43.3,38.3,0.0,S@3.7,4.9,73.5,0.0,0,"St. John, Whitman County",300043,St. John,2017-12-06 14:22:13.067500
2014-07-25,23:00,65.5,63.7,43.6,45.0,0.0,S@2.2,4.9,73.6,0.0,0,"St. John, Whitman County",300043,St. John,2017-12-06 14:22:13.067500
2014-07-26,23:15,62.4,62.1,43.4,49.7,0.0,E@4.5,5.7,73.6,0.0,0,"St. John, Whitman County",300043,St. John,2017-12-06 14:22:13.067500
2014-07-26,23:30,62.6,61.8,43.4,49.3,0.0,E@4.7,6.4,73.6,0.0,0,"St. John, Whitman County",300043,St. John,2017-12-06 14:22:13.067500
2014-07-26,23:45,63.1,62.9,43.2,48.1,0.0,E@5.9,6.7,73.6,0.0,0,"St. John, Whitman County",300043,St. John,2017-12-06 14:22:13.067500
2014-07-26,24:00,62.3,61.5,43.2,49.7,0.0,SE@7.3,8.5,73.5,0.0,0,"St. John, Whitman County",300043,St. John,2017-12-06 14:22:13.067500
2014-07-26,00:15,61.8,61.3,43.3,50.6,0.0,SE@5.8,7.8,73.5,0.0,0,"St. John, Whitman County",300043,St. John,2017-12-06 14:22:13.067500
2014-07-26,00:30,60.6,60.1,43.9,54.0,0.0,SE@7.0,8.2,73.5,0.0,0,"St. John, Whitman County",300043,St. John,2017-12-06 14:22:13.067500
2014-07-26,00:45,61.4,60.7,44.4,53.6,0.0,SE@5.8,7.1,73.5,0.0,0,"St. John, Whitman County",300043,St. John,2017-12-06 14:22:13.067500
2014-07-26,01:00,58.8,57.9,44.6,59.3,0.01,E@6.2,7.1,73.5,0.0,0,"St. John, Whitman County",300043,St. John,2017-12-06 14:22:13.067500
2014-07-26,01:15,56.5,56.0,45.0,65.2,0.04,E@6.2,7.4,73.4,0.0,0,"St. John, Whitman County",300043,St. John,2017-12-06 14:22:13.067500
2014-07-26,01:30,57.9,57.7,45.7,63.7,0.03,E@6.5,7.8,73.4,0.0,0,"St. John, Whitman County",300043,St. John,2017-12-06 14:22:13.067500
2014-07-26,01:45,59.4,58.8,45.8,60.7,0.02,E@6.1,7.4,73.3,0.0,0,"St. John, Whitman County",300043,St. John,2017-12-06 14:22:13.067500
2014-07-26,02:00,58.7,58.2,45.8,61.9,0.03,E@5.6,6.7,73.3,0.0,0,"St. John, Whitman County",300043,St. John,2017-12-06 14:22:13.067500
2014-07-26,02:15,58.0,57.4,45.7,63.5,0.04,E@5.2,6.4,73.3,0.0,0,"St. John, Whitman County",300043,St. John,2017-12-06 14:22:13.067500
2014-07-26,02:30,56.6,55.8,45.6,66.6,0.07,E@5.7,7.8,73.2,0.0,0,"St. John, Whitman County",300043,St. John,2017-12-06 14:22:13.067500
2014-07-26,02:45,56.4,56.0,45.8,67.5,0.08,E@5.8,7.8,73.2,0.0,0,"St. John, Whitman County",300043,St. John,2017-12-06 14:22:13.067500
2014-07-26,03:00,56.5,55.8,45.6,66.8,0.07,E@6.1,7.8,73.1,0.0,0,"St. John, Whitman County",300043,St. John,2017-12-06 14:22:13.067500
2014-07-26,03:15,54.1,53.5,45.5,72.5,0.15,E@7.2,8.5,73.0,0.0,0,"St. John, Whitman County",300043,St. John,2017-12-06 14:22:13.067500
2014-07-26,03:30,53.1,52.6,45.5,75.3,0.21,E@7.0,8.2,73.0,0.0,0,"St. John, Whitman County",300043,St. John,2017-12-06 14:22:13.067500
2014-07-26,03:45,53.4,53.1,45.6,74.5,0.19,E@8.4,10.3,72.9,0.0,0,"St. John, Whitman County",300043,St. John,2017-12-06 14:22:13.067500
2014-07-26,04:00,54.8,54.3,45.6,70.9,0.12,E@8.2,9.6,72.9,0.0,0,"St. John, Whitman County",300043,St. John,2017-12-06 14:22:13.067500
2014-07-26,04:15,54.1,53.7,45.5,72.7,0.15,E@9.1,10.7,72.8,0.0,2,"St. John, Whitman County",300043,St. John,2017-12-06 14:22:13.067500
2014-07-26,04:30,55.1,54.7,45.6,70.1,0.1,E@8.4,9.9,72.7,0.0,6,"St. John, Whitman County",300043,St. John,2017-12-06 14:22:13.067500
2014-07-26,04:45,56.2,55.7,45.6,67.6,0.07,E@9.8,12.1,72.7,0.0,26,"St. John, Whitman County",300043,St. John,2017-12-06 14:22:13.067500
2014-07-26,05:00,56.9,56.2,45.7,66.0,0.05,E@9.4,12.4,72.6,0.0,53,"St. John, Whitman County",300043,St. John,2017-12-06 14:22:13.067500
2014-07-26,05:15,56.3,55.3,45.9,68.0,0.07,E@8.7,11.0,72.5,0.0,81,"St. John, Whitman County",300043,St. John,2017-12-06 14:22:13.067500
2014-07-26,05:30,55.7,54.9,46.2,70.5,0.1,E@7.3,8.5,72.5,0.0,114,"St. John, Whitman County",300043,St. John,2017-12-06 14:22:13.067500
2014-07-26,05:45,57.3,57.1,47.2,68.7,0.07,NE@4.9,7.4,72.4,0.0,150,"St. John, Whitman County",300043,St. John,2017-12-06 14:22:13.067500
2014-07-26,06:00,58.3,58.1,47.5,67.2,0.05,NE@5.1,6.7,72.3,0.0,190,"St. John, Whitman County",300043,St. John,2017-12-06 14:22:13.067500
2014-07-26,06:15,60.9,60.6,47.6,61.4,0.02,NE@7.1,9.2,72.3,0.0,231,"St. John, Whitman County",300043,St. John,2017-12-06 14:22:13.067500
2014-07-26,06:30,63.2,62.5,47.5,56.4,0.01,NE@7.3,9.2,72.2,0.0,273,"St. John, Whitman County",300043,St. John,2017-12-06 14:22:13.067500
2014-07-26,06:45,66.2,65.6,48.1,52.0,0.0,NE@6.0,8.2,72.1,0.0,315,"St. John, Whitman County",300043,St. John,2017-12-06 14:22:13.067500
2014-07-26,07:00,69.6,68.8,48.7,47.4,0.0,E@5.3,8.2,72.1,0.0,358,"St. John, Whitman County",300043,St. John,2017-12-06 14:22:13.067500
2014-07-26,07:15,72.1,71.4,49.2,44.3,0.0,E@4.7,7.4,72.0,0.0,401,"St. John, Whitman County",300043,St. John,2017-12-06 14:22:13.067500
2014-07-26,07:30,73.7,73.2,49.3,42.1,0.0,E@4.0,7.1,72.0,0.0,443,"St. John, Whitman County",300043,St. John,2017-12-06 14:22:13.067500
2014-07-26,07:45,74.1,73.5,49.1,41.4,0.0,SE@4.3,7.8,71.9,0.0,483,"St. John, Whitman County",300043,St. John,2017-12-06 14:22:13.067500
2014-07-26,08:00,73.7,73.2,48.8,41.3,0.0,SE@5.0,9.9,71.8,0.0,522,"St. John, Whitman County",300043,St. John,2017-12-06 14:22:13.067500
2014-07-26,08:15,74.5,73.9,49.1,40.6,0.0,SE@4.2,7.4,71.8,0.0,560,"St. John, Whitman County",300043,St. John,2017-12-06 14:22:13.067500
2014-07-26,08:30,75.0,74.6,48.7,39.3,0.0,SE@5.4,9.9,71.7,0.0,597,"St. John, Whitman County",300043,St. John,2017-12-06 14:22:13.067500
2014-07-26,08:45,77.0,76.3,49.1,37.4,0.0,SE@4.6,8.5,71.7,0.0,632,"St. John, Whitman County",300043,St. John,2017-12-06 14:22:13.067500
2014-07-26,09:00,76.7,76.1,48.7,37.2,0.0,S@5.6,9.9,71.6,0.0,664,"St. John, Whitman County",300043,St. John,2017-12-06 14:22:13.067500
2014-07-26,09:15,77.3,76.7,48.3,36.1,0.0,S@4.5,8.5,71.6,0.0,697,"St. John, Whitman County",300043,St. John,2017-12-06 14:22:13.067500
2014-07-26,09:30,79.4,78.8,48.5,33.8,0.0,SE@4.7,8.5,71.5,0.0,726,"St. John, Whitman County",300043,St. John,2017-12-06 14:22:13.067500
2014-07-26,09:45,79.1,78.4,48.1,33.7,0.0,S@4.7,9.2,71.5,0.0,754,"St. John, Whitman County",300043,St. John,2017-12-06 14:22:13.067500
2014-07-26,10:00,80.6,80.0,47.4,31.3,0.0,S@4.6,8.9,71.5,0.0,782,"St. John, Whitman County",300043,St. John,2017-12-06 14:22:13.067500
2014-07-26,10:15,81.2,80.3,47.1,30.3,0.0,S@5.2,10.7,71.4,0.0,805,"St. John, Whitman County",300043,St. John,2017-12-06 14:22:13.067500
2014-07-26,10:30,81.0,80.4,46.4,29.7,0.0,S@4.7,10.7,71.4,0.0,825,"St. John, Whitman County",300043,St. John,2017-12-06 14:22:13.067500
2014-07-26,10:45,81.7,81.2,46.4,29.0,0.0,S@5.6,10.3,71.4,0.0,842,"St. John, Whitman County",300043,St. John,2017-12-06 14:22:13.067500
2014-07-26,11:00,81.4,80.5,45.4,28.2,0.0,E@4.7,10.3,71.4,0.0,852,"St. John, Whitman County",300043,St. John,2017-12-06 14:22:13.067500
2014-07-26,11:15,83.7,82.5,45.8,26.6,0.0,E@5.2,10.3,71.4,0.0,865,"St. John, Whitman County",300043,St. John,2017-12-06 14:22:13.067500
2014-07-26,11:30,82.3,81.6,45.2,27.2,0.0,E@4.8,13.5,71.4,0.0,878,"St. John, Whitman County",300043,St. John,2017-12-06 14:22:13.067500
2014-07-26,11:45,84.2,83.2,44.7,25.1,0.0,SE@5.4,11.0,71.4,0.0,880,"St. John, Whitman County",300043,St. John,2017-12-06 14:22:13.067500
2014-07-26,12:00,83.5,82.3,44.7,25.6,0.0,E@5.4,11.7,71.4,0.0,886,"St. John, Whitman County",300043,St. John,2017-12-06 14:22:13.067500
2014-07-26,12:15,84.9,84.1,43.9,23.8,0.0,S@6.4,11.0,71.5,0.0,888,"St. John, Whitman County",300043,St. John,2017-12-06 14:22:13.067500
2014-07-26,12:30,85.9,85.2,42.6,21.9,0.0,SW@5.5,13.9,71.5,0.0,887,"St. John, Whitman County",300043,St. John,2017-12-06 14:22:13.067500
2014-07-26,12:45,85.2,84.4,42.7,22.5,0.0,SW@6.2,11.4,71.5,0.0,878,"St. John, Whitman County",300043,St. John,2017-12-06 14:22:13.067500
2014-07-26,13:00,86.1,85.6,41.1,20.6,0.0,W@4.6,10.3,71.6,0.0,876,"St. John, Whitman County",300043,St. John,2017-12-06 14:22:13.067500
2014-07-26,13:15,86.9,86.3,39.1,18.5,0.0,SE@6.2,12.1,71.7,0.0,867,"St. John, Whitman County",300043,St. John,2017-12-06 14:22:13.067500
2014-07-26,13:30,87.5,86.6,39.1,18.2,0.0,SE@6.0,12.1,71.7,0.0,848,"St. John, Whitman County",300043,St. John,2017-12-06 14:22:13.067500
2014-07-26,13:45,86.0,85.0,38.4,18.5,0.0,SE@5.8,11.4,71.8,0.0,828,"St. John, Whitman County",300043,St. John,2017-12-06 14:22:13.067500
2014-07-26,14:00,88.2,87.7,38.7,17.6,0.0,S@5.3,9.6,71.9,0.0,808,"St. John, Whitman County",300043,St. John,2017-12-06 14:22:13.067500
2014-07-26,14:15,87.9,87.0,40.2,18.8,0.0,SW@8.1,14.2,72.0,0.0,782,"St. John, Whitman County",300043,St. John,2017-12-06 14:22:13.067500
2014-07-26,14:30,87.5,86.9,39.9,18.7,0.0,S@9.0,18.9,72.1,0.0,755,"St. John, Whitman County",300043,St. John,2017-12-06 14:22:13.067500
2014-07-26,14:45,87.2,86.2,38.9,18.2,0.0,SW@4.3,9.6,72.2,0.0,729,"St. John, Whitman County",300043,St. John,2017-12-06 14:22:13.067500
2014-07-26,15:00,88.2,87.8,39.7,18.2,0.0,NW@4.4,11.0,72.3,0.0,699,"St. John, Whitman County",300043,St. John,2017-12-06 14:22:13.067500
2014-07-26,15:15,88.6,87.6,38.8,17.4,0.0,SW@9.5,19.2,72.4,0.0,668,"St. John, Whitman County",300043,St. John,2017-12-06 14:22:13.067500
2014-07-26,15:30,87.3,86.6,37.4,17.1,0.0,SW@8.8,18.2,72.6,0.0,636,"St. John, Whitman County",300043,St. John,2017-12-06 14:22:13.067500
2014-07-26,15:45,87.4,86.6,36.3,16.3,0.0,SW@6.8,12.1,72.7,0.0,596,"St. John, Whitman County",300043,St. John,2017-12-06 14:22:13.067500
2014-07-26,16:00,87.6,87.0,36.9,16.6,0.0,SW@6.3,11.4,72.8,0.0,555,"St. John, Whitman County",300043,St. John,2017-12-06 14:22:13.067500
2014-07-26,16:15,88.2,87.5,37.9,16.9,0.0,SW@4.2,8.9,72.9,0.0,516,"St. John, Whitman County",300043,St. John,2017-12-06 14:22:13.067500
2014-07-26,16:30,87.5,86.6,37.6,17.1,0.0,SW@6.8,12.1,73.1,0.0,474,"St. John, Whitman County",300043,St. John,2017-12-06 14:22:13.067500
2014-07-26,16:45,87.6,86.7,37.5,17.1,0.0,W@5.6,9.6,73.2,0.0,432,"St. John, Whitman County",300043,St. John,2017-12-06 14:22:13.067500
2014-07-26,17:00,87.5,86.7,37.4,17.0,0.0,SW@6.1,12.1,73.4,0.0,389,"St. John, Whitman County",300043,St. John,2017-12-06 14:22:13.067500
2014-07-26,17:15,87.4,86.7,37.2,16.9,0.0,SW@5.0,8.2,73.5,0.0,346,"St. John, Whitman County",300043,St. John,2017-12-06 14:22:13.067500
2014-07-26,17:30,87.3,86.3,37.1,16.9,0.0,SW@6.1,9.9,73.7,0.0,302,"St. John, Whitman County",300043,St. John,2017-12-06 14:22:13.067500
2014-07-26,17:45,86.0,85.2,36.6,17.3,0.0,SW@6.2,9.6,73.8,0.0,258,"St. John, Whitman County",300043,St. John,2017-12-06 14:22:13.067500
2014-07-26,18:00,86.6,85.9,36.5,16.9,0.0,SW@3.0,6.0,74.0,0.0,217,"St. John, Whitman County",300043,St. John,2017-12-06 14:22:13.067500
2014-07-26,18:15,85.9,84.7,36.3,17.1,0.0,SW@4.2,6.0,74.1,0.0,177,"St. John, Whitman County",300043,St. John,2017-12-06 14:22:13.067500
2014-07-26,18:30,85.4,84.1,36.4,17.4,0.0,W@3.8,4.9,74.2,0.0,138,"St. John, Whitman County",300043,St. John,2017-12-06 14:22:13.067500
2014-07-26,18:45,85.3,84.2,35.8,17.1,0.0,W@3.4,4.6,74.4,0.0,102,"St. John, Whitman County",300043,St. John,2017-12-06 14:22:13.067500
2014-07-26,19:00,84.7,83.7,36.0,17.6,0.0,SW@2.8,3.5,74.5,0.0,69,"St. John, Whitman County",300043,St. John,2017-12-06 14:22:13.067500
2014-07-26,19:15,83.4,82.3,36.4,18.7,0.0,NW@3.3,4.2,74.6,0.0,39,"St. John, Whitman County",300043,St. John,2017-12-06 14:22:13.067500
2014-07-26,19:30,81.8,80.9,36.5,19.8,0.0,N@2.3,3.5,74.8,0.0,15,"St. John, Whitman County",300043,St. John,2017-12-06 14:22:13.067500
2014-07-26,19:45,81.1,80.3,36.7,20.3,0.0,NE@3.2,4.2,74.9,0.0,3,"St. John, Whitman County",300043,St. John,2017-12-06 14:22:13.067500
2014-07-26,20:00,81.4,80.7,36.7,20.1,0.0,NE@3.2,3.9,75.0,0.0,1,"St. John, Whitman County",300043,St. John,2017-12-06 14:22:13.067500
2014-07-26,20:15,80.5,79.7,36.4,20.5,0.0,NE@2.4,3.1,75.1,0.0,0,"St. John, Whitman County",300043,St. John,2017-12-06 14:22:13.067500
2014-07-26,20:30,80.4,79.6,35.9,20.2,0.0,NE@2.6,3.5,75.2,0.0,0,"St. John, Whitman County",300043,St. John,2017-12-06 14:22:13.067500
2014-07-26,20:45,78.0,76.9,36.4,22.3,0.0,NE@3.2,4.6,75.3,0.0,0,"St. John, Whitman County",300043,St. John,2017-12-06 14:22:13.067500
2014-07-26,21:00,73.9,72.8,38.1,27.2,0.0,NE@6.3,12.8,75.4,0.0,0,"St. John, Whitman County",300043,St. John,2017-12-06 14:22:13.067500
2014-07-26,21:15,73.8,73.2,37.2,26.4,0.0,E@6.8,9.6,75.4,0.0,0,"St. John, Whitman County",300043,St. John,2017-12-06 14:22:13.067500
2014-07-26,21:30,71.5,70.4,37.6,28.9,0.0,NE@5.1,7.4,75.5,0.0,0,"St. John, Whitman County",300043,St. John,2017-12-06 14:22:13.067500
2014-07-26,21:45,69.1,68.4,39.1,33.4,0.0,E@4.6,6.0,75.5,0.0,0,"St. John, Whitman County",300043,St. John,2017-12-06 14:22:13.067500
2014-07-26,22:00,69.1,68.6,41.3,36.4,0.0,E@5.5,7.1,75.6,0.0,0,"St. John, Whitman County",300043,St. John,2017-12-06 14:22:13.067500
2014-07-26,22:15,68.2,67.5,42.0,38.5,0.0,E@5.7,8.2,75.7,0.0,0,"St. John, Whitman County",300043,St. John,2017-12-06 14:22:13.067500
2014-07-26,22:30,66.6,66.1,42.0,40.7,0.0,E@6.1,7.1,75.7,0.0,0,"St. John, Whitman County",300043,St. John,2017-12-06 14:22:13.067500
2014-07-26,22:45,66.5,66.0,42.8,42.1,0.0,E@6.5,9.2,75.7,0.0,0,"St. John, Whitman County",300043,St. John,2017-12-06 14:22:13.067500
2014-07-26,23:00,66.5,65.8,43.2,42.8,0.0,E@4.5,7.8,75.7,0.0,0,"St. John, Whitman County",300043,St. John,2017-12-06 14:22:13.067500
2014-07-27,23:15,66.3,65.8,43.4,43.3,0.0,E@5.6,8.2,75.7,0.0,0,"St. John, Whitman County",300043,St. John,2017-12-06 14:22:13.067500
2014-07-27,23:30,65.3,64.6,43.5,45.0,0.0,E@6.1,7.8,75.7,0.0,0,"St. John, Whitman County",300043,St. John,2017-12-06 14:22:13.067500
2014-07-27,23:45,65.3,65.0,42.7,43.7,0.0,E@6.7,8.2,75.7,0.0,0,"St. John, Whitman County",300043,St. John,2017-12-06 14:22:13.067500
2014-07-27,24:00,65.7,65.2,41.9,41.8,0.0,E@6.5,8.2,75.7,0.0,0,"St. John, Whitman County",300043,St. John,2017-12-06 14:22:13.067500
2014-07-27,00:15,65.1,64.4,41.6,42.2,0.0,E@6.4,7.8,75.7,0.0,0,"St. John, Whitman County",300043,St. John,2017-12-06 14:22:13.067500
2014-07-27,00:30,63.4,62.9,41.8,45.1,0.0,E@6.5,8.2,75.6,0.0,0,"St. John, Whitman County",300043,St. John,2017-12-06 14:22:13.067500
2014-07-27,00:45,64.2,63.7,41.6,43.6,0.0,E@7.8,8.9,75.6,0.0,0,"St. John, Whitman County",300043,St. John,2017-12-06 14:22:13.067500
2014-07-27,01:00,64.1,63.5,41.7,43.9,0.0,E@8.1,9.6,75.6,0.0,0,"St. John, Whitman County",300043,St. John,2017-12-06 14:22:13.067500
2014-07-27,01:15,63.0,62.5,41.7,45.6,0.0,E@8.9,11.0,75.5,0.0,0,"St. John, Whitman County",300043,St. John,2017-12-06 14:22:13.067500
2014-07-27,01:30,61.3,60.7,41.9,48.8,0.0,E@7.1,9.6,75.5,0.0,0,"St. John, Whitman County",300043,St. John,2017-12-06 14:22:13.067500
2014-07-27,01:45,62.4,61.9,42.2,47.4,0.0,E@7.3,11.0,75.4,0.0,0,"St. John, Whitman County",300043,St. John,2017-12-06 14:22:13.067500
2014-07-27,02:00,61.5,61.1,42.3,49.1,0.0,E@6.5,9.2,75.4,0.0,0,"St. John, Whitman County",300043,St. John,2017-12-06 14:22:13.067500
2014-07-27,02:15,62.5,61.9,42.6,48.1,0.0,E@7.3,9.2,75.3,0.0,0,"St. John, Whitman County",300043,St. John,2017-12-06 14:22:13.067500
2014-07-27,02:30,61.7,61.2,42.9,50.1,0.0,E@7.7,10.3,75.3,0.0,0,"St. John, Whitman County",300043,St. John,2017-12-06 14:22:13.067500
2014-07-27,02:45,60.9,60.3,43.3,52.1,0.0,E@6.5,8.5,75.2,0.0,0,"St. John, Whitman County",300043,St. John,2017-12-06 14:22:13.067500
2014-07-27,03:00,60.3,59.9,43.7,54.0,0.0,E@7.6,9.9,75.2,0.0,0,"St. John, Whitman County",300043,St. John,2017-12-06 14:22:13.067500
2014-07-27,03:15,59.4,58.7,43.8,56.3,0.0,E@8.0,9.9,75.1,0.0,0,"St. John, Whitman County",300043,St. John,2017-12-06 14:22:13.067500
2014-07-27,03:30,59.0,58.5,44.0,57.5,0.01,E@9.7,11.0,75.0,0.0,0,"St. John, Whitman County",300043,St. John,2017-12-06 14:22:13.067500
2014-07-27,03:45,58.3,57.8,44.4,59.7,0.01,E@9.9,11.7,75.0,0.0,0,"St. John, Whitman County",300043,St. John,2017-12-06 14:22:13.067500
2014-07-27,04:00,58.0,57.6,44.4,60.2,0.01,E@9.6,11.4,74.9,0.0,0,"St. John, Whitman County",300043,St. John,2017-12-06 14:22:13.067500
2014-07-27,04:15,59.6,59.2,44.4,56.9,0.0,E@10.0,12.8,74.8,0.0,1,"St. John, Whitman County",300043,St. John,2017-12-06 14:22:13.067500
2014-07-27,04:30,59.2,58.7,44.3,57.8,0.01,E@10.0,12.4,74.8,0.0,5,"St. John, Whitman County",300043,St. John,2017-12-06 14:22:13.067500
2014-07-27,04:45,59.3,58.7,44.3,57.5,0.01,E@8.9,11.0,74.7,0.0,25,"St. John, Whitman County",300043,St. John,2017-12-06 14:22:13.067500
2014-07-27,05:00,59.2,58.5,44.5,58.0,0.01,E@8.7,11.4,74.6,0.0,52,"St. John, Whitman County",300043,St. John,2017-12-06 14:22:13.067500
2014-07-27,05:15,59.2,58.5,44.8,58.6,0.01,E@8.6,11.0,74.6,0.0,83,"St. John, Whitman County",300043,St. John,2017-12-06 14:22:13.067500
2014-07-27,05:30,60.1,59.5,45.4,58.2,0.01,NE@8.5,10.7,74.5,0.0,116,"St. John, Whitman County",300043,St. John,2017-12-06 14:22:13.067500
2014-07-27,05:45,60.9,60.5,46.2,58.4,0.01,NE@6.9,8.9,74.4,0.0,152,"St. John, Whitman County",300043,St. John,2017-12-06 14:22:13.067500
2014-07-27,06:00,62.5,62.2,46.6,56.1,0.0,NE@8.7,10.7,74.3,0.0,191,"St. John, Whitman County",300043,St. John,2017-12-06 14:22:13.067500
2014-07-27,06:15,64.8,64.4,46.8,52.2,0.0,NE@8.5,11.7,74.3,0.0,232,"St. John, Whitman County",300043,St. John,2017-12-06 14:22:13.067500
2014-07-27,06:30,67.2,66.5,47.2,48.5,0.0,NE@8.0,10.3,74.2,0.0,274,"St. John, Whitman County",300043,St. John,2017-12-06 14:22:13.067500
2014-07-27,06:45,70.2,69.3,47.6,44.5,0.0,NE@6.4,8.9,74.1,0.0,317,"St. John, Whitman County",300043,St. John,2017-12-06 14:22:13.067500
2014-07-27,07:00,71.1,70.1,47.6,43.1,0.0,NE@7.6,9.6,74.0,0.0,359,"St. John, Whitman County",300043,St. John,2017-12-06 14:22:13.067500
2014-07-27,07:15,71.7,70.6,47.9,42.8,0.0,NE@8.7,11.0,74.0,0.0,402,"St. John, Whitman County",300043,St. John,2017-12-06 14:22:13.067500
2014-07-27,07:30,73.9,73.0,48.3,40.3,0.0,NE@8.7,11.0,73.9,0.0,444,"St. John, Whitman County",300043,St. John,2017-12-06 14:22:13.067500
2014-07-27,07:45,76.0,75.2,47.9,37.0,0.0,NE@8.1,10.7,73.8,0.0,485,"St. John, Whitman County",300043,St. John,2017-12-06 14:22:13.067500
2014-07-27,08:00,78.3,77.2,47.8,34.1,0.0,NE@6.9,10.3,73.8,0.0,525,"St. John, Whitman County",300043,St. John,2017-12-06 14:22:13.067500
2014-07-27,08:15,79.5,78.5,47.8,32.8,0.0,NE@7.1,10.3,73.7,0.0,563,"St. John, Whitman County",300043,St. John,2017-12-06 14:22:13.067500
2014-07-27,08:30,81.1,80.1,47.4,30.7,0.0,NE@6.7,9.6,73.6,0.0,601,"St. John, Whitman County",300043,St. John,2017-12-06 14:22:13.067500
2014-07-27,08:45,82.8,81.9,46.4,27.9,0.0,NE@5.5,8.5,73.6,0.0,637,"St. John, Whitman County",300043,St. John,2017-12-06 14:22:13.067500
2014-07-27,09:00,83.0,82.0,46.4,27.7,0.0,N@5.9,11.0,73.5,0.0,671,"St. John, Whitman County",300043,St. John,2017-12-06 14:22:13.067500
2014-07-27,09:15,84.1,83.2,45.2,25.6,0.0,N@5.8,11.4,73.5,0.0,702,"St. John, Whitman County",300043,St. John,2017-12-06 14:22:13.067500
2014-07-27,09:30,85.1,84.1,43.9,23.6,0.0,NE@5.9,11.4,73.5,0.0,733,"St. John, Whitman County",300043,St. John,2017-12-06 14:22:13.067500
2014-07-27,09:45,86.4,85.5,43.2,22.0,0.0,NE@5.0,9.9,73.4,0.0,758,"St. John, Whitman County",300043,St. John,2017-12-06 14:22:13.067500
2014-07-27,10:00,86.5,85.7,42.7,21.6,0.0,N@4.6,11.4,73.4,0.0,787,"St. John, Whitman County",300043,St. John,2017-12-06 14:22:13.067500
2014-07-27,10:15,86.9,85.5,42.4,21.1,0.0,NE@8.1,12.4,73.4,0.0,812,"St. John, Whitman County",300043,St. John,2017-12-06 14:22:13.067500
2014-07-27,10:30,87.1,86.4,42.5,21.0,0.0,N@7.3,12.4,73.3,0.0,833,"St. John, Whitman County",300043,St. John,2017-12-06 14:22:13.067500
2014-07-27,10:45,88.1,87.0,41.7,19.7,0.0,NE@6.5,11.7,73.3,0.0,847,"St. John, Whitman County",300043,St. John,2017-12-06 14:22:13.067500
2014-07-27,11:00,87.9,86.8,40.9,19.3,0.0,NE@7.0,12.4,73.3,0.0,862,"St. John, Whitman County",300043,St. John,2017-12-06 14:22:13.067500
2014-07-27,11:15,88.1,87.4,40.9,19.1,0.0,NW@5.7,10.3,73.3,0.0,876,"St. John, Whitman County",300043,St. John,2017-12-06 14:22:13.067500
2014-07-27,11:30,89.8,88.5,41.4,18.5,0.0,NE@8.0,15.0,73.4,0.0,885,"St. John, Whitman County",300043,St. John,2017-12-06 14:22:13.067500
2014-07-27,11:45,91.1,89.9,41.1,17.6,0.0,N@7.2,13.9,73.4,0.0,890,"St. John, Whitman County",300043,St. John,2017-12-06 14:22:13.067500
2014-07-27,12:00,90.0,89.1,40.8,17.9,0.0,N@7.3,11.4,73.4,0.0,895,"St. John, Whitman County",300043,St. John,2017-12-06 14:22:13.067500
2014-07-27,12:15,90.7,89.6,40.4,17.3,0.0,N@7.0,10.7,73.4,0.0,897,"St. John, Whitman County",300043,St. John,2017-12-06 14:22:13.067500
2014-07-27,12:30,91.1,90.5,40.3,17.0,0.0,NW@7.2,12.1,73.5,0.0,908,"St. John, Whitman County",300043,St. John,2017-12-06 14:22:13.067500
2014-07-27,12:45,91.0,90.0,39.9,16.8,0.0,NW@5.3,12.1,73.5,0.0,940,"St. John, Whitman County",300043,St. John,2017-12-06 14:22:13.067500
2014-07-27,13:00,92.1,91.1,40.3,16.5,0.0,N@6.4,12.8,73.6,0.0,868,"St. John, Whitman County",300043,St. John,2017-12-06 14:22:13.067500
2014-07-27,13:15,92.1,91.1,39.9,16.2,0.0,N@6.8,12.4,73.7,0.0,850,"St. John, Whitman County",300043,St. John,2017-12-06 14:22:13.067500
2014-07-27,13:30,93.3,92.2,40.0,15.7,0.0,NE@7.9,13.9,73.8,0.0,830,"St. John, Whitman County",300043,St. John,2017-12-06 14:22:13.067500
2014-07-27,13:45,94.1,92.7,40.1,15.4,0.0,NE@4.6,11.4,73.8,0.0,616,"St. John, Whitman County",300043,St. John,2017-12-06 14:22:13.067500
2014-07-27,14:00,93.6,92.3,39.8,15.5,0.0,NE@6.4,12.1,74.0,0.0,779,"St. John, Whitman County",300043,St. John,2017-12-06 14:22:13.067500
2014-07-27,14:15,92.6,91.4,39.6,15.8,0.0,N@8.2,13.2,74.1,0.0,593,"St. John, Whitman County",300043,St. John,2017-12-06 14:22:13.067500
2014-07-27,14:30,94.6,94.0,40.7,15.5,0.0,W@4.2,7.4,74.2,0.0,594,"St. John, Whitman County",300043,St. John,2017-12-06 14:22:13.067500
2014-07-27,14:45,96.3,95.6,41.7,15.3,0.0,NW@5.3,9.9,74.3,0.0,799,"St. John, Whitman County",300043,St. John,2017-12-06 14:22:13.067500
2014-07-27,15:00,95.6,94.9,40.9,15.2,0.0,W@4.9,8.5,74.4,0.0,719,"St. John, Whitman County",300043,St. John,2017-12-06 14:22:13.067500
2014-07-27,15:15,96.6,95.7,41.4,15.0,0.0,SW@4.9,12.1,74.5,0.0,634,"St. John, Whitman County",300043,St. John,2017-12-06 14:22:13.067500
2014-07-27,15:30,94.5,93.1,40.8,15.6,0.0,NE@6.2,11.4,74.7,0.0,636,"St. John, Whitman County",300043,St. John,2017-12-06 14:22:13.067500
2014-07-27,15:45,94.5,93.2,40.9,15.7,0.0,N@3.7,7.1,74.8,0.0,304,"St. John, Whitman County",300043,St. John,2017-12-06 14:22:13.067500
2014-07-27,16:00,93.4,92.2,40.8,16.2,0.0,NE@5.7,9.9,74.9,0.0,441,"St. John, Whitman County",300043,St. John,2017-12-06 14:22:13.067500
2014-07-27,16:15,93.3,92.1,40.8,16.2,0.0,E@4.9,11.0,75.1,0.0,330,"St. John, Whitman County",300043,St. John,2017-12-06 14:22:13.067500
2014-07-27,16:30,93.1,91.9,40.7,16.3,0.0,NE@7.5,10.7,75.2,0.0,354,"St. John, Whitman County",300043,St. John,2017-12-06 14:22:13.067500
2014-07-27,16:45,92.3,91.2,39.9,16.1,0.0,NE@8.5,12.8,75.3,0.0,369,"St. John, Whitman County",300043,St. John,2017-12-06 14:22:13.067500
2014-07-27,17:00,92.9,91.7,41.3,16.7,0.0,NE@12.0,18.5,75.5,0.0,405,"St. John, Whitman County",300043,St. John,2017-12-06 14:22:13.067500
2014-07-27,17:15,92.3,91.1,42.0,17.5,0.0,NE@13.4,18.5,75.6,0.0,353,"St. John, Whitman County",300043,St. John,2017-12-06 14:22:13.067500
2014-07-27,17:30,92.0,90.9,41.6,17.4,0.0,NE@11.5,15.0,75.8,0.0,326,"St. John, Whitman County",300043,St. John,2017-12-06 14:22:13.067500
2014-07-27,17:45,91.4,90.3,41.6,17.7,0.0,NE@9.6,12.8,75.9,0.0,187,"St. John, Whitman County",300043,St. John,2017-12-06 14:22:13.067500
2014-07-27,18:00,90.2,89.3,41.3,18.2,0.0,E@12.5,17.1,76.0,0.0,157,"St. John, Whitman County",300043,St. John,2017-12-06 14:22:13.067500
2014-07-27,18:15,90.2,89.1,41.2,18.2,0.0,NE@13.2,16.0,76.2,0.0,171,"St. John, Whitman County",300043,St. John,2017-12-06 14:22:13.067500
2014-07-27,18:30,88.6,87.7,41.3,19.1,0.0,NE@14.3,18.9,76.3,0.0,63,"St. John, Whitman County",300043,St. John,2017-12-06 14:22:13.067500
2014-07-27,18:45,86.7,85.9,42.4,21.2,0.0,NE@12.9,16.7,76.4,0.0,41,"St. John, Whitman County",300043,St. John,2017-12-06 14:22:13.067500
2014-07-27,19:00,85.5,84.7,44.7,24.0,0.0,NE@11.2,14.2,76.5,0.0,25,"St. John, Whitman County",300043,St. John,2017-12-06 14:22:13.067500
2014-07-27,19:15,84.0,83.2,45.6,26.2,0.0,NE@11.0,14.2,76.7,0.0,17,"St. John, Whitman County",300043,St. John,2017-12-06 14:22:13.067500
2014-07-27,19:30,83.4,82.6,45.4,26.5,0.0,NE@11.5,14.2,76.8,0.0,9,"St. John, Whitman County",300043,St. John,2017-12-06 14:22:13.067500
2014-07-27,19:45,82.4,81.6,45.1,27.0,0.0,E@10.8,14.2,76.9,0.0,3,"St. John, Whitman County",300043,St. John,2017-12-06 14:22:13.067500
2014-07-27,20:00,81.5,80.8,44.6,27.3,0.0,E@10.1,14.6,77.0,0.0,0,"St. John, Whitman County",300043,St. John,2017-12-06 14:22:13.067500
2014-07-27,20:15,81.0,80.3,43.9,26.9,0.0,E@10.3,14.2,77.1,0.0,0,"St. John, Whitman County",300043,St. John,2017-12-06 14:22:13.067500
2014-07-27,20:30,81.4,80.8,42.4,25.2,0.0,E@10.8,14.2,77.1,0.0,0,"St. John, Whitman County",300043,St. John,2017-12-06 14:22:13.067500
2014-07-27,20:45,81.4,80.8,41.3,24.1,0.0,NE@10.0,13.2,77.2,0.0,0,"St. John, Whitman County",300043,St. John,2017-12-06 14:22:13.067500
2014-07-27,21:00,81.2,80.6,40.5,23.5,0.0,NE@10.3,13.2,77.3,0.0,0,"St. John, Whitman County",300043,St. John,2017-12-06 14:22:13.067500
2014-07-27,21:15,80.9,80.2,40.2,23.5,0.0,NE@10.9,15.0,77.3,0.0,0,"St. John, Whitman County",300043,St. John,2017-12-06 14:22:13.067500
2014-07-27,21:30,80.1,79.4,40.4,24.3,0.0,NE@10.3,15.7,77.4,0.0,0,"St. John, Whitman County",300043,St. John,2017-12-06 14:22:13.067500
2014-07-27,21:45,78.9,78.3,40.3,25.1,0.0,E@7.8,10.3,77.4,0.0,0,"St. John, Whitman County",300043,St. John,2017-12-06 14:22:13.067500
2014-07-27,22:00,77.7,76.9,40.1,26.0,0.0,NE@6.5,7.8,77.5,0.0,0,"St. John, Whitman County",300043,St. John,2017-12-06 14:22:13.067500
2014-07-27,22:15,77.1,76.6,40.1,26.4,0.0,NE@7.6,10.3,77.5,0.0,0,"St. John, Whitman County",300043,St. John,2017-12-06 14:22:13.067500
2014-07-27,22:30,77.6,77.0,40.5,26.5,0.0,NE@8.8,10.7,77.5,0.0,0,"St. John, Whitman County",300043,St. John,2017-12-06 14:22:13.067500
2014-07-27,22:45,77.3,76.6,41.4,27.7,0.0,NE@9.3,11.0,77.5,0.0,0,"St. John, Whitman County",300043,St. John,2017-12-06 14:22:13.067500
2014-07-27,23:00,77.1,76.5,41.8,28.3,0.0,NE@9.5,11.7,77.5,0.0,0,"St. John, Whitman County",300043,St. John,2017-12-06 14:22:13.067500
2014-07-28,23:15,77.7,77.2,42.3,28.2,0.0,E@9.1,11.4,77.6,0.0,0,"St. John, Whitman County",300043,St. John,2017-12-06 14:22:13.067500
2014-07-28,23:30,78.0,77.4,43.9,29.7,0.0,E@9.6,13.2,77.6,0.0,0,"St. John, Whitman County",300043,St. John,2017-12-06 14:22:13.067500
2014-07-28,23:45,78.2,77.6,44.5,30.2,0.0,E@10.4,13.9,77.5,0.0,0,"St. John, Whitman County",300043,St. John,2017-12-06 14:22:13.067500
2014-07-28,24:00,77.5,76.8,44.8,31.3,0.0,E@11.6,15.0,77.5,0.0,0,"St. John, Whitman County",300043,St. John,2017-12-06 14:22:13.067500
2014-07-28,00:15,77.4,76.8,45.1,31.8,0.0,E@11.6,16.0,77.5,0.0,0,"St. John, Whitman County",300043,St. John,2017-12-06 14:22:13.067500
2014-07-28,00:30,76.2,75.4,45.5,33.5,0.0,E@9.7,12.8,77.5,0.0,0,"St. John, Whitman County",300043,St. John,2017-12-06 14:22:13.067500
2014-07-28,00:45,75.4,74.6,45.6,34.7,0.0,NE@7.3,9.9,77.5,0.0,0,"St. John, Whitman County",300043,St. John,2017-12-06 14:22:13.067500
2014-07-28,01:00,75.5,75.0,45.4,34.3,0.0,E@8.4,12.4,77.5,0.0,0,"St. John, Whitman County",300043,St. John,2017-12-06 14:22:13.067500
2014-07-28,01:15,76.4,75.7,45.8,33.7,0.0,E@7.8,11.0,77.5,0.0,0,"St. John, Whitman County",300043,St. John,2017-12-06 14:22:13.067500
2014-07-28,01:30,75.5,74.8,45.9,34.8,0.0,E@7.5,9.6,77.4,0.0,0,"St. John, Whitman County",300043,St. John,2017-12-06 14:22:13.067500
2014-07-28,01:45,75.9,75.3,45.7,34.1,0.0,E@7.5,9.9,77.4,0.0,0,"St. John, Whitman County",300043,St. John,2017-12-06 14:22:13.067500
2014-07-28,02:00,75.2,74.4,45.9,35.3,0.0,E@8.4,12.4,77.4,0.0,0,"St. John, Whitman County",300043,St. John,2017-12-06 14:22:13.067500
2014-07-28,02:15,74.5,73.8,46.2,36.5,0.0,NE@9.7,11.4,77.3,0.0,0,"St. John, Whitman County",300043,St. John,2017-12-06 14:22:13.067500
2014-07-28,02:30,74.3,73.8,46.1,36.6,0.0,E@10.7,15.0,77.3,0.0,0,"St. John, Whitman County",300043,St. John,2017-12-06 14:22:13.067500
2014-07-28,02:45,73.2,72.3,46.5,38.6,0.0,NE@8.9,12.4,77.3,0.0,0,"St. John, Whitman County",300043,St. John,2017-12-06 14:22:13.067500
2014-07-28,03:00,71.5,70.8,46.8,41.3,0.0,NE@9.2,13.5,77.2,0.0,0,"St. John, Whitman County",300043,St. John,2017-12-06 14:22:13.067500
2014-07-28,03:15,71.5,70.9,46.7,41.2,0.0,NE@13.7,18.2,77.2,0.0,0,"St. John, Whitman County",300043,St. John,2017-12-06 14:22:13.067500
2014-07-28,03:30,73.6,73.2,46.2,37.7,0.0,E@8.8,19.2,77.1,0.0,0,"St. John, Whitman County",300043,St. John,2017-12-06 14:22:13.067500
2014-07-28,03:45,73.5,72.7,46.3,37.9,0.0,E@12.3,16.0,77.1,0.0,0,"St. John, Whitman County",300043,St. John,2017-12-06 14:22:13.067500
2014-07-28,04:00,73.3,72.7,45.8,37.5,0.0,E@12.5,20.3,77.0,0.0,0,"St. John, Whitman County",300043,St. John,2017-12-06 14:22:13.067500
2014-07-28,04:15,73.8,73.2,45.6,36.5,0.0,E@13.4,21.0,77.0,0.0,0,"St. John, Whitman County",300043,St. John,2017-12-06 14:22:13.067500
2014-07-28,04:30,73.5,72.7,45.8,37.2,0.0,E@10.6,17.1,76.9,0.0,2,"St. John, Whitman County",300043,St. John,2017-12-06 14:22:13.067500
2014-07-28,04:45,73.3,72.7,45.8,37.4,0.0,E@16.2,21.4,76.9,0.0,4,"St. John, Whitman County",300043,St. John,2017-12-06 14:22:13.067500
2014-07-28,05:00,73.8,73.4,45.2,36.0,0.0,NE@11.5,17.5,76.8,0.0,5,"St. John, Whitman County",300043,St. John,2017-12-06 14:22:13.067500
2014-07-28,05:15,75.1,74.3,45.1,34.3,0.0,NE@17.9,25.0,76.8,0.0,14,"St. John, Whitman County",300043,St. John,2017-12-06 14:22:13.067500
2014-07-28,05:30,77.4,77.8,44.7,31.4,0.0,E@14.9,27.8,76.7,0.0,21,"St. John, Whitman County",300043,St. John,2017-12-06 14:22:13.067500
2014-07-28,05:45,84.1,83.2,44.7,25.2,0.0,S@9.6,20.7,76.7,0.0,66,"St. John, Whitman County",300043,St. John,2017-12-06 14:22:13.067500
2014-07-28,06:00,80.1,79.2,46.4,30.5,0.0,SE@5.5,12.8,76.6,0.0,79,"St. John, Whitman County",300043,St. John,2017-12-06 14:22:13.067500
2014-07-28,06:15,79.7,78.9,46.6,31.2,0.0,NE@5.8,13.2,76.6,0.0,101,"St. John, Whitman County",300043,St. John,2017-12-06 14:22:13.067500
2014-07-28,06:30,79.8,78.9,48.4,33.3,0.0,E@5.6,10.7,76.6,0.0,234,"St. John, Whitman County",300043,St. John,2017-12-06 14:22:13.067500
2014-07-28,06:45,81.9,81.3,49.8,32.8,0.0,NE@4.6,9.6,76.5,0.0,324,"St. John, Whitman County",300043,St. John,2017-12-06 14:22:13.067500
2014-07-28,07:00,82.3,81.6,49.9,32.4,0.0,E@2.3,6.4,76.5,0.0,179,"St. John, Whitman County",300043,St. John,2017-12-06 14:22:13.067500
2014-07-28,07:15,80.9,80.1,49.9,34.0,0.0,S@3.2,5.7,76.4,0.0,269,"St. John, Whitman County",300043,St. John,2017-12-06 14:22:13.067500
2014-07-28,07:30,81.7,80.9,49.4,32.4,0.0,SW@6.7,11.4,76.4,0.0,449,"St. John, Whitman County",300043,St. John,2017-12-06 14:22:13.067500
2014-07-28,07:45,81.8,81.0,49.2,32.0,0.0,SW@5.7,9.2,76.3,0.0,376,"St. John, Whitman County",300043,St. John,2017-12-06 14:22:13.067500
2014-07-28,08:00,81.5,80.7,48.6,31.7,0.0,SW@7.3,10.7,76.3,0.0,316,"St. John, Whitman County",300043,St. John,2017-12-06 14:22:13.067500
2014-07-28,08:15,83.6,82.9,48.7,29.7,0.0,W@6.3,9.2,76.2,0.0,589,"St. John, Whitman County",300043,St. John,2017-12-06 14:22:13.067500
2014-07-28,08:30,83.9,83.3,48.7,29.5,0.0,W@5.4,8.9,76.2,0.0,542,"St. John, Whitman County",300043,St. John,2017-12-06 14:22:13.067500
2014-07-28,08:45,86.0,85.4,49.2,28.1,0.0,W@4.0,7.8,76.2,0.0,746,"St. John, Whitman County",300043,St. John,2017-12-06 14:22:13.067500
2014-07-28,09:00,86.1,85.3,49.3,28.1,0.0,W@4.0,7.1,76.1,0.0,511,"St. John, Whitman County",300043,St. John,2017-12-06 14:22:13.067500
2014-07-28,09:15,85.7,84.9,48.5,27.6,0.0,SW@5.2,8.5,76.1,0.0,477,"St. John, Whitman County",300043,St. John,2017-12-06 14:22:13.067500
2014-07-28,09:30,86.4,85.6,48.4,26.9,0.0,W@5.7,9.2,76.1,0.0,578,"St. John, Whitman County",300043,St. John,2017-12-06 14:22:13.067500
2014-07-28,09:45,88.0,87.5,48.5,25.7,0.0,NW@5.1,9.2,76.0,0.0,776,"St. John, Whitman County",300043,St. John,2017-12-06 14:22:13.067500
2014-07-28,10:00,88.2,87.6,48.0,25.0,0.0,W@4.9,8.9,76.0,0.0,595,"St. John, Whitman County",300043,St. John,2017-12-06 14:22:13.067500
2014-07-28,10:15,90.2,89.8,48.1,23.5,0.0,S@4.8,9.9,76.0,0.0,833,"St. John, Whitman County",300043,St. John,2017-12-06 14:22:13.067500
2014-07-28,10:30,91.2,90.3,47.6,22.4,0.0,SW@5.9,12.4,76.0,0.0,745,"St. John, Whitman County",300043,St. John,2017-12-06 14:22:13.067500
2014-07-28,10:45,91.7,91.0,47.9,22.3,0.0,W@4.9,10.3,76.0,0.0,753,"St. John, Whitman County",300043,St. John,2017-12-06 14:22:13.067500
2014-07-28,11:00,90.7,89.9,46.7,22.0,0.0,W@6.7,11.4,76.0,0.0,896,"St. John, Whitman County",300043,St. John,2017-12-06 14:22:13.067500
2014-07-28,11:15,91.8,91.1,47.0,21.5,0.0,SW@6.1,11.4,76.0,0.0,767,"St. John, Whitman County",300043,St. John,2017-12-06 14:22:13.067500
2014-07-28,11:30,93.2,92.6,47.6,21.1,0.0,SW@5.6,9.2,76.0,0.0,811,"St. John, Whitman County",300043,St. John,2017-12-06 14:22:13.067500
2014-07-28,11:45,94.3,93.4,47.8,20.5,0.0,NW@5.8,12.1,76.0,0.0,872,"St. John, Whitman County",300043,St. John,2017-12-06 14:22:13.067500
2014-07-28,12:00,93.5,92.3,46.9,20.3,0.0,N@7.1,14.2,76.0,0.0,868,"St. John, Whitman County",300043,St. John,2017-12-06 14:22:13.067500
2014-07-28,12:15,93.2,92.3,46.2,20.0,0.0,N@8.2,15.7,76.1,0.0,875,"St. John, Whitman County",300043,St. John,2017-12-06 14:22:13.067500
2014-07-28,12:30,94.6,93.5,47.2,19.9,0.0,E@6.1,10.7,76.1,0.0,869,"St. John, Whitman County",300043,St. John,2017-12-06 14:22:13.067500
2014-07-28,12:45,95.8,94.7,47.4,19.3,0.0,N@6.0,12.8,76.2,0.0,862,"St. John, Whitman County",300043,St. John,2017-12-06 14:22:13.067500
2014-07-28,13:00,96.2,95.4,47.3,19.0,0.0,W@5.4,11.0,76.2,0.0,851,"St. John, Whitman County",300043,St. John,2017-12-06 14:22:13.067500
2014-07-28,13:15,96.1,95.2,47.0,18.9,0.0,W@7.3,13.2,76.3,0.0,841,"St. John, Whitman County",300043,St. John,2017-12-06 14:22:13.067500
2014-07-28,13:30,96.6,95.7,46.9,18.5,0.0,N@8.0,17.8,76.4,0.0,823,"St. John, Whitman County",300043,St. John,2017-12-06 14:22:13.067500
2014-07-28,13:45,96.9,96.2,46.6,18.1,0.0,NW@6.4,21.4,76.4,0.0,807,"St. John, Whitman County",300043,St. John,2017-12-06 14:22:13.067500
2014-07-28,14:00,96.4,95.6,46.1,18.1,0.0,NW@12.3,21.8,76.5,0.0,786,"St. John, Whitman County",300043,St. John,2017-12-06 14:22:13.067500
2014-07-28,14:15,98.2,97.4,47.0,17.7,0.0,W@6.5,12.8,76.6,0.0,760,"St. John, Whitman County",300043,St. John,2017-12-06 14:22:13.067500
2014-07-28,14:30,97.9,97.0,46.5,17.5,0.0,NW@8.0,15.7,76.7,0.0,736,"St. John, Whitman County",300043,St. John,2017-12-06 14:22:13.067500
2014-07-28,14:45,97.7,96.8,46.3,17.5,0.0,NW@10.0,18.2,76.8,0.0,709,"St. John, Whitman County",300043,St. John,2017-12-06 14:22:13.067500
2014-07-28,15:00,97.9,97.0,46.2,17.3,0.0,W@6.0,11.4,76.9,0.0,679,"St. John, Whitman County",300043,St. John,2017-12-06 14:22:13.067500
2014-07-28,15:15,100.1,99.5,47.0,16.7,0.0,W@4.4,9.9,77.0,0.0,646,"St. John, Whitman County",300043,St. John,2017-12-06 14:22:13.067500
2014-07-28,15:30,98.8,97.5,46.5,17.0,0.0,NW@9.4,16.7,77.2,0.0,615,"St. John, Whitman County",300043,St. John,2017-12-06 14:22:13.067500
2014-07-28,15:45,97.5,96.5,46.1,17.4,0.0,N@6.2,15.3,77.3,0.0,577,"St. John, Whitman County",300043,St. John,2017-12-06 14:22:13.067500
2014-07-28,16:00,98.1,97.1,46.3,17.2,0.0,NW@9.0,14.6,77.4,0.0,537,"St. John, Whitman County",300043,St. John,2017-12-06 14:22:13.067500
2014-07-28,16:15,97.9,96.8,46.0,17.1,0.0,N@7.5,15.3,77.5,0.0,493,"St. John, Whitman County",300043,St. John,2017-12-06 14:22:13.067500
2014-07-28,16:30,97.8,96.9,45.6,17.0,0.0,NW@7.3,12.4,77.7,0.0,454,"St. John, Whitman County",300043,St. John,2017-12-06 14:22:13.067500
2014-07-28,16:45,98.7,97.8,45.7,16.6,0.0,SW@5.7,10.7,77.8,0.0,413,"St. John, Whitman County",300043,St. John,2017-12-06 14:22:13.067500
2014-07-28,17:00,97.2,96.1,45.4,17.2,0.0,N@10.1,13.2,77.9,0.0,372,"St. John, Whitman County",300043,St. John,2017-12-06 14:22:13.067500
2014-07-28,17:15,97.4,96.5,45.4,17.0,0.0,N@5.7,11.4,78.1,0.0,330,"St. John, Whitman County",300043,St. John,2017-12-06 14:22:13.067500
2014-07-28,17:30,97.6,96.6,45.5,17.0,0.0,NW@6.6,10.3,78.2,0.0,284,"St. John, Whitman County",300043,St. John,2017-12-06 14:22:13.067500
2014-07-28,17:45,98.1,97.3,45.5,16.7,0.0,W@4.7,8.9,78.3,0.0,241,"St. John, Whitman County",300043,St. John,2017-12-06 14:22:13.067500
2014-07-28,18:00,97.3,96.3,45.0,16.9,0.0,NW@5.5,11.0,78.5,0.0,199,"St. John, Whitman County",300043,St. John,2017-12-06 14:22:13.067500
2014-07-28,18:15,96.3,94.9,44.8,17.2,0.0,N@3.4,4.6,78.6,0.0,159,"St. John, Whitman County",300043,St. John,2017-12-06 14:22:13.067500
2014-07-28,18:30,96.4,94.8,44.9,17.3,0.0,N@3.4,5.3,78.8,0.0,121,"St. John, Whitman County",300043,St. John,2017-12-06 14:22:13.067500
2014-07-28,18:45,95.2,93.9,45.3,18.2,0.0,NE@3.8,5.3,78.9,0.0,87,"St. John, Whitman County",300043,St. John,2017-12-06 14:22:13.067500
2014-07-28,19:00,94.6,93.6,45.2,18.4,0.0,NE@3.1,4.2,79.0,0.0,54,"St. John, Whitman County",300043,St. John,2017-12-06 14:22:13.067500
2014-07-28,19:15,93.4,92.4,44.9,18.9,0.0,NE@3.8,5.7,79.1,0.0,27,"St. John, Whitman County",300043,St. John,2017-12-06 14:22:13.067500
2014-07-28,19:30,91.8,90.8,44.6,19.6,0.0,NE@5.4,7.4,79.2,0.0,10,"St. John, Whitman County",300043,St. John,2017-12-06 14:22:13.067500
2014-07-28,19:45,89.6,88.9,45.5,21.8,0.0,E@7.7,10.3,79.4,0.0,2,"St. John, Whitman County",300043,St. John,2017-12-06 14:22:13.067500
2014-07-28,20:00,89.1,88.3,45.9,22.5,0.0,E@8.6,9.9,79.5,0.0,0,"St. John, Whitman County",300043,St. John,2017-12-06 14:22:13.067500
2014-07-28,20:15,88.5,87.7,46.9,23.8,0.0,E@7.9,9.2,79.6,0.0,0,"St. John, Whitman County",300043,St. John,2017-12-06 14:22:13.067500
2014-07-28,20:30,86.7,85.7,47.9,26.1,0.0,E@6.9,8.9,79.6,0.0,0,"St. John, Whitman County",300043,St. John,2017-12-06 14:22:13.067500
2014-07-28,20:45,85.0,84.3,48.1,27.7,0.0,E@7.7,9.6,79.7,0.0,0,"St. John, Whitman County",300043,St. John,2017-12-06 14:22:13.067500
2014-07-28,21:00,84.6,83.8,47.8,27.8,0.0,E@8.3,9.9,79.8,0.0,0,"St. John, Whitman County",300043,St. John,2017-12-06 14:22:13.067500
2014-07-28,21:15,83.6,82.9,47.5,28.4,0.0,E@8.0,9.6,79.9,0.0,0,"St. John, Whitman County",300043,St. John,2017-12-06 14:22:13.067500
2014-07-28,21:30,84.4,83.7,47.3,27.5,0.0,E@8.2,10.3,79.9,0.0,0,"St. John, Whitman County",300043,St. John,2017-12-06 14:22:13.067500
2014-07-28,21:45,83.2,82.5,47.2,28.5,0.0,E@7.1,9.9,80.0,0.0,0,"St. John, Whitman County",300043,St. John,2017-12-06 14:22:13.067500
2014-07-28,22:00,78.4,77.3,47.6,33.8,0.0,NW@4.9,9.2,80.0,0.0,0,"St. John, Whitman County",300043,St. John,2017-12-06 14:22:13.067500
2014-07-28,22:15,78.3,77.6,47.6,33.9,0.0,NW@4.3,6.4,80.0,0.0,0,"St. John, Whitman County",300043,St. John,2017-12-06 14:22:13.067500
2014-07-28,22:30,79.7,79.0,47.7,32.5,0.0,NW@2.9,4.6,80.1,0.0,0,"St. John, Whitman County",300043,St. John,2017-12-06 14:22:13.067500
2014-07-28,22:45,81.2,80.5,47.4,30.6,0.0,W@1.2,2.8,80.1,0.0,0,"St. John, Whitman County",300043,St. John,2017-12-06 14:22:13.067500
2014-07-28,23:00,81.3,80.3,47.4,30.5,0.0,NE@2.2,4.6,80.1,0.0,0,"St. John, Whitman County",300043,St. John,2017-12-06 14:22:13.067500
2014-07-29,23:15,79.7,79.0,47.4,32.1,0.0,E@5.0,6.4,80.1,0.0,0,"St. John, Whitman County",300043,St. John,2017-12-06 14:22:13.067500
2014-07-29,23:30,80.7,80.2,47.0,30.6,0.0,E@5.4,7.1,80.1,0.0,0,"St. John, Whitman County",300043,St. John,2017-12-06 14:22:13.067500
2014-07-29,23:45,80.4,79.7,47.0,31.0,0.0,E@7.9,9.6,80.1,0.0,0,"St. John, Whitman County",300043,St. John,2017-12-06 14:22:13.067500
2014-07-29,24:00,81.0,80.2,46.8,30.1,0.0,E@7.0,8.5,80.1,0.0,0,"St. John, Whitman County",300043,St. John,2017-12-06 14:22:13.067500
