Date,Time PST,Air Temp °F, 2<sup>nd</sup> Air Temp °F, Dew Point °F, Rel Hum %, Leaf Wet u., Wind Dir @ Speed mph, Wind Gust mph, 8 in. Soil Tmp °F, Tot Prec in, Solar Rad W/m²,Location,Station ID,Station Name,Download Timestamp
2012-05-16,00:15,55.6,55.8,37.4,50.2,0.0,SW@4.9,7.4,64.8,0.0,0,"Ritzville, Adams County",300030,Ritzville,2017-12-08 11:51:13.872404
2012-05-16,00:30,56.4,56.0,37.3,48.6,0.0,SW@3.3,6.4,64.7,0.0,0,"Ritzville, Adams County",300030,Ritzville,2017-12-08 11:51:13.872404
2012-05-16,00:45,55.0,54.6,37.4,51.3,0.0,SW@3.8,5.3,64.6,0.0,0,"Ritzville, Adams County",300030,Ritzville,2017-12-08 11:51:13.872404
2012-05-16,01:00,52.8,52.2,37.4,55.6,0.0,SW@4.3,6.0,64.5,0.0,0,"Ritzville, Adams County",300030,Ritzville,2017-12-08 11:51:13.872404
2012-05-16,01:15,50.9,50.5,37.4,59.8,0.0,SW@4.5,6.0,64.5,0.0,0,"Ritzville, Adams County",300030,Ritzville,2017-12-08 11:51:13.872404
2012-05-16,01:30,51.6,51.5,37.8,58.9,0.0,SW@4.5,5.7,64.4,0.0,0,"Ritzville, Adams County",300030,Ritzville,2017-12-08 11:51:13.872404
2012-05-16,01:45,52.0,51.6,37.8,58.2,0.0,SW@4.8,6.7,64.3,0.0,0,"Ritzville, Adams County",300030,Ritzville,2017-12-08 11:51:13.872404
2012-05-16,02:00,50.9,50.7,38.0,61.1,0.0,SW@5.3,8.2,64.2,0.0,0,"Ritzville, Adams County",300030,Ritzville,2017-12-08 11:51:13.872404
2012-05-16,02:15,53.2,53.0,38.0,56.2,0.0,SW@5.4,8.2,64.1,0.0,0,"Ritzville, Adams County",300030,Ritzville,2017-12-08 11:51:13.872404
2012-05-16,02:30,52.2,51.8,37.7,57.6,0.0,SW@4.7,7.8,64.0,0.0,0,"Ritzville, Adams County",300030,Ritzville,2017-12-08 11:51:13.872404
2012-05-16,02:45,51.4,51.0,37.7,59.4,0.0,SW@4.9,6.7,63.9,0.0,0,"Ritzville, Adams County",300030,Ritzville,2017-12-08 11:51:13.872404
2012-05-16,03:00,51.2,50.9,37.6,59.3,0.0,SW@5.8,8.9,63.8,0.0,0,"Ritzville, Adams County",300030,Ritzville,2017-12-08 11:51:13.872404
2012-05-16,03:15,50.0,49.6,37.1,61.0,0.0,SW@5.0,7.4,63.7,0.0,0,"Ritzville, Adams County",300030,Ritzville,2017-12-08 11:51:13.872404
2012-05-16,03:30,49.6,49.3,36.4,60.1,0.0,SW@5.4,7.8,63.5,0.0,0,"Ritzville, Adams County",300030,Ritzville,2017-12-08 11:51:13.872404
2012-05-16,03:45,49.3,48.9,35.8,59.4,0.0,SW@5.9,8.9,63.4,0.0,0,"Ritzville, Adams County",300030,Ritzville,2017-12-08 11:51:13.872404
2012-05-16,04:00,49.0,48.8,35.2,58.7,0.0,SW@5.8,8.2,63.3,0.0,0,"Ritzville, Adams County",300030,Ritzville,2017-12-08 11:51:13.872404
2012-05-16,04:15,49.1,48.8,34.9,57.6,0.0,SW@5.4,8.2,63.2,0.0,2,"Ritzville, Adams County",300030,Ritzville,2017-12-08 11:51:13.872404
2012-05-16,04:30,49.3,49.0,34.6,56.5,0.0,SW@5.2,7.4,63.1,0.0,8,"Ritzville, Adams County",300030,Ritzville,2017-12-08 11:51:13.872404
2012-05-16,04:45,49.3,48.9,34.4,56.2,0.0,SW@5.4,7.8,63.0,0.0,27,"Ritzville, Adams County",300030,Ritzville,2017-12-08 11:51:13.872404
2012-05-16,05:00,49.5,49.2,34.2,55.5,0.0,SW@4.9,7.1,62.9,0.0,37,"Ritzville, Adams County",300030,Ritzville,2017-12-08 11:51:13.872404
2012-05-16,05:15,49.8,49.5,34.5,55.3,0.0,SW@5.2,7.4,62.8,0.0,77,"Ritzville, Adams County",300030,Ritzville,2017-12-08 11:51:13.872404
2012-05-16,05:30,50.8,50.4,35.1,54.9,0.0,SW@5.0,7.4,62.7,0.0,134,"Ritzville, Adams County",300030,Ritzville,2017-12-08 11:51:13.872404
2012-05-16,05:45,52.2,52.1,36.2,54.3,0.0,SW@5.2,8.5,62.5,0.0,183,"Ritzville, Adams County",300030,Ritzville,2017-12-08 11:51:13.872404
2012-05-16,06:00,53.9,53.7,37.8,54.3,0.0,SW@6.0,8.5,62.4,0.0,192,"Ritzville, Adams County",300030,Ritzville,2017-12-08 11:51:13.872404
2012-05-16,06:15,55.5,55.3,39.0,53.7,0.0,SW@5.0,6.7,62.3,0.0,248,"Ritzville, Adams County",300030,Ritzville,2017-12-08 11:51:13.872404
2012-05-16,06:30,58.0,57.8,39.5,50.0,0.0,SW@6.7,10.3,62.2,0.0,261,"Ritzville, Adams County",300030,Ritzville,2017-12-08 11:51:13.872404
2012-05-16,06:45,59.6,59.3,40.0,48.0,0.0,SW@7.7,11.0,62.1,0.0,322,"Ritzville, Adams County",300030,Ritzville,2017-12-08 11:51:13.872404
2012-05-16,07:00,60.1,59.8,39.0,45.5,0.0,SW@8.5,11.0,62.0,0.0,301,"Ritzville, Adams County",300030,Ritzville,2017-12-08 11:51:13.872404
2012-05-16,07:15,61.6,61.3,39.2,43.4,0.0,SW@8.5,12.1,61.9,0.0,327,"Ritzville, Adams County",300030,Ritzville,2017-12-08 11:51:13.872404
2012-05-16,07:30,61.6,61.2,39.5,44.1,0.0,SW@8.2,11.0,61.8,0.0,269,"Ritzville, Adams County",300030,Ritzville,2017-12-08 11:51:13.872404
2012-05-16,07:45,62.9,62.6,38.7,40.7,0.0,SW@7.4,10.3,61.7,0.0,374,"Ritzville, Adams County",300030,Ritzville,2017-12-08 11:51:13.872404
2012-05-16,08:00,66.0,65.7,36.3,33.3,0.0,SW@9.5,12.8,61.6,0.0,639,"Ritzville, Adams County",300030,Ritzville,2017-12-08 11:51:13.872404
2012-05-16,08:15,68.2,67.8,35.3,29.7,0.0,W@9.7,13.2,61.5,0.0,622,"Ritzville, Adams County",300030,Ritzville,2017-12-08 11:51:13.872404
2012-05-16,08:30,68.3,67.9,34.3,28.4,0.0,W@9.8,14.2,61.4,0.0,432,"Ritzville, Adams County",300030,Ritzville,2017-12-08 11:51:13.872404
2012-05-16,08:45,68.3,67.9,34.7,28.8,0.0,W@9.3,12.4,61.3,0.0,418,"Ritzville, Adams County",300030,Ritzville,2017-12-08 11:51:13.872404
2012-05-16,09:00,69.9,69.6,35.6,28.3,0.0,W@10.4,13.9,61.2,0.0,675,"Ritzville, Adams County",300030,Ritzville,2017-12-08 11:51:13.872404
2012-05-16,09:15,70.6,70.2,35.7,27.8,0.0,W@10.4,14.2,61.1,0.0,688,"Ritzville, Adams County",300030,Ritzville,2017-12-08 11:51:13.872404
2012-05-16,09:30,71.5,71.0,34.7,25.9,0.0,W@10.7,15.3,61.1,0.0,698,"Ritzville, Adams County",300030,Ritzville,2017-12-08 11:51:13.872404
2012-05-16,09:45,73.0,72.6,33.7,23.6,0.0,W@11.2,16.0,61.0,0.0,886,"Ritzville, Adams County",300030,Ritzville,2017-12-08 11:51:13.872404
2012-05-16,10:00,74.5,74.0,31.9,20.9,0.0,W@9.8,15.7,61.0,0.0,874,"Ritzville, Adams County",300030,Ritzville,2017-12-08 11:51:13.872404
2012-05-16,10:15,74.9,74.5,32.2,20.8,0.0,W@9.8,15.3,60.9,0.0,808,"Ritzville, Adams County",300030,Ritzville,2017-12-08 11:51:13.872404
2012-05-16,10:30,75.6,75.0,31.7,20.0,0.0,W@9.9,16.0,60.9,0.0,831,"Ritzville, Adams County",300030,Ritzville,2017-12-08 11:51:13.872404
2012-05-16,10:45,76.1,75.5,29.1,17.6,0.0,W@8.0,14.2,60.9,0.0,779,"Ritzville, Adams County",300030,Ritzville,2017-12-08 11:51:13.872404
2012-05-16,11:00,75.2,74.9,28.1,17.5,0.0,W@8.1,15.3,60.9,0.0,457,"Ritzville, Adams County",300030,Ritzville,2017-12-08 11:51:13.872404
2012-05-16,11:15,75.9,75.5,30.1,18.5,0.0,W@10.9,16.7,60.9,0.0,590,"Ritzville, Adams County",300030,Ritzville,2017-12-08 11:51:13.872404
2012-05-16,11:30,74.7,74.2,32.7,21.4,0.0,W@11.5,17.1,60.9,0.0,519,"Ritzville, Adams County",300030,Ritzville,2017-12-08 11:51:13.872404
2012-05-16,11:45,75.9,75.5,33.8,21.5,0.0,SW@12.1,17.1,60.9,0.0,797,"Ritzville, Adams County",300030,Ritzville,2017-12-08 11:51:13.872404
2012-05-16,12:00,76.7,76.2,31.9,19.4,0.0,W@11.0,15.7,61.0,0.0,870,"Ritzville, Adams County",300030,Ritzville,2017-12-08 11:51:13.872404
2012-05-16,12:15,77.0,76.3,34.3,21.1,0.0,W@11.5,19.2,61.0,0.0,767,"Ritzville, Adams County",300030,Ritzville,2017-12-08 11:51:13.872404
2012-05-16,12:30,76.2,75.7,35.2,22.5,0.0,W@12.1,17.8,61.1,0.0,856,"Ritzville, Adams County",300030,Ritzville,2017-12-08 11:51:13.872404
2012-05-16,12:45,76.1,75.7,33.9,21.4,0.0,W@11.6,18.2,61.2,0.0,611,"Ritzville, Adams County",300030,Ritzville,2017-12-08 11:51:13.872404
2012-05-16,13:00,75.5,75.0,33.3,21.4,0.0,SW@13.8,20.0,61.2,0.0,614,"Ritzville, Adams County",300030,Ritzville,2017-12-08 11:51:13.872404
2012-05-16,13:15,77.0,76.5,32.4,19.6,0.0,SW@14.6,22.1,61.3,0.0,958,"Ritzville, Adams County",300030,Ritzville,2017-12-08 11:51:13.872404
2012-05-16,13:30,78.2,77.7,30.7,17.6,0.0,SW@13.2,19.2,61.4,0.0,908,"Ritzville, Adams County",300030,Ritzville,2017-12-08 11:51:13.872404
2012-05-16,13:45,78.1,77.5,29.3,16.7,0.0,SW@13.5,20.7,61.5,0.0,889,"Ritzville, Adams County",300030,Ritzville,2017-12-08 11:51:13.872404
2012-05-16,14:00,78.2,77.7,33.6,19.8,0.0,SW@12.9,19.2,61.6,0.0,820,"Ritzville, Adams County",300030,Ritzville,2017-12-08 11:51:13.872404
2012-05-16,14:15,78.4,78.0,31.0,17.7,0.0,W@12.6,20.7,61.7,0.0,759,"Ritzville, Adams County",300030,Ritzville,2017-12-08 11:51:13.872404
2012-05-16,14:30,78.6,77.9,30.7,17.4,0.0,W@12.6,20.7,61.7,0.0,678,"Ritzville, Adams County",300030,Ritzville,2017-12-08 11:51:13.872404
2012-05-16,14:45,77.3,76.8,30.0,17.6,0.0,W@12.6,18.5,61.8,0.0,498,"Ritzville, Adams County",300030,Ritzville,2017-12-08 11:51:13.872404
2012-05-16,15:00,76.8,76.4,29.1,17.3,0.0,W@12.7,18.5,62.0,0.0,432,"Ritzville, Adams County",300030,Ritzville,2017-12-08 11:51:13.872404
2012-05-16,15:15,76.4,76.1,24.6,14.5,0.0,W@14.3,20.7,62.1,0.0,413,"Ritzville, Adams County",300030,Ritzville,2017-12-08 11:51:13.872404
2012-05-16,15:30,75.9,75.5,24.7,14.8,0.0,W@12.1,19.6,62.2,0.0,349,"Ritzville, Adams County",300030,Ritzville,2017-12-08 11:51:13.872404
2012-05-16,15:45,75.0,74.7,23.6,14.6,0.0,W@11.9,16.7,62.3,0.0,296,"Ritzville, Adams County",300030,Ritzville,2017-12-08 11:51:13.872404
2012-05-16,16:00,75.0,74.7,26.4,16.4,0.0,W@12.3,18.2,62.4,0.0,331,"Ritzville, Adams County",300030,Ritzville,2017-12-08 11:51:13.872404
2012-05-16,16:15,74.2,73.9,28.8,18.6,0.0,W@13.0,17.8,62.6,0.0,271,"Ritzville, Adams County",300030,Ritzville,2017-12-08 11:51:13.872404
2012-05-16,16:30,73.8,73.4,28.2,18.4,0.0,W@13.7,18.5,62.7,0.0,274,"Ritzville, Adams County",300030,Ritzville,2017-12-08 11:51:13.872404
2012-05-16,16:45,73.6,73.3,28.4,18.7,0.0,W@12.4,17.8,62.8,0.0,248,"Ritzville, Adams County",300030,Ritzville,2017-12-08 11:51:13.872404
2012-05-16,17:00,74.9,74.7,29.5,18.6,0.0,W@12.9,18.2,62.9,0.0,451,"Ritzville, Adams County",300030,Ritzville,2017-12-08 11:51:13.872404
2012-05-16,17:15,75.6,75.0,30.9,19.3,0.0,W@11.8,16.7,63.0,0.0,358,"Ritzville, Adams County",300030,Ritzville,2017-12-08 11:51:13.872404
2012-05-16,17:30,74.8,74.3,31.1,20.0,0.0,W@10.7,14.6,63.1,0.0,286,"Ritzville, Adams County",300030,Ritzville,2017-12-08 11:51:13.872404
2012-05-16,17:45,74.1,73.6,30.7,20.1,0.0,W@10.8,14.2,63.3,0.0,238,"Ritzville, Adams County",300030,Ritzville,2017-12-08 11:51:13.872404
2012-05-16,18:00,73.4,72.9,30.6,20.5,0.0,W@10.3,13.9,63.3,0.0,196,"Ritzville, Adams County",300030,Ritzville,2017-12-08 11:51:13.872404
2012-05-16,18:15,72.7,72.3,31.3,21.7,0.0,W@9.8,13.5,63.4,0.0,156,"Ritzville, Adams County",300030,Ritzville,2017-12-08 11:51:13.872404
2012-05-16,18:30,71.3,70.8,33.1,24.4,0.0,W@9.7,13.5,63.5,0.0,117,"Ritzville, Adams County",300030,Ritzville,2017-12-08 11:51:13.872404
2012-05-16,18:45,69.6,69.1,33.9,26.7,0.0,W@7.7,11.7,63.5,0.0,84,"Ritzville, Adams County",300030,Ritzville,2017-12-08 11:51:13.872404
2012-05-16,19:00,66.0,65.3,34.3,30.7,0.0,NW@4.3,7.1,63.6,0.0,29,"Ritzville, Adams County",300030,Ritzville,2017-12-08 11:51:13.872404
2012-05-16,19:15,62.9,62.5,34.0,33.8,0.0,W@4.0,5.3,63.7,0.0,18,"Ritzville, Adams County",300030,Ritzville,2017-12-08 11:51:13.872404
2012-05-16,19:30,60.9,60.2,32.9,34.8,0.0,W@1.6,4.9,63.7,0.0,7,"Ritzville, Adams County",300030,Ritzville,2017-12-08 11:51:13.872404
2012-05-16,19:45,58.4,57.8,33.2,38.4,0.0,SW@2.5,4.9,63.8,0.0,2,"Ritzville, Adams County",300030,Ritzville,2017-12-08 11:51:13.872404
2012-05-16,20:00,57.6,57.2,33.0,39.2,0.0,W@3.7,6.0,63.8,0.0,0,"Ritzville, Adams County",300030,Ritzville,2017-12-08 11:51:13.872404
2012-05-16,20:15,57.1,56.8,33.3,40.5,0.0,W@4.5,6.7,63.8,0.0,0,"Ritzville, Adams County",300030,Ritzville,2017-12-08 11:51:13.872404
2012-05-16,20:30,57.1,56.9,33.1,40.2,0.0,NW@5.5,8.5,63.9,0.0,0,"Ritzville, Adams County",300030,Ritzville,2017-12-08 11:51:13.872404
2012-05-16,20:45,56.9,56.5,33.1,40.4,0.0,NW@4.8,7.1,63.9,0.0,0,"Ritzville, Adams County",300030,Ritzville,2017-12-08 11:51:13.872404
2012-05-16,21:00,54.9,54.4,33.4,44.0,0.0,NW@3.9,6.0,63.9,0.0,0,"Ritzville, Adams County",300030,Ritzville,2017-12-08 11:51:13.872404
2012-05-16,21:15,52.6,52.0,33.4,47.8,0.0,NW@0.1,2.1,63.9,0.0,0,"Ritzville, Adams County",300030,Ritzville,2017-12-08 11:51:13.872404
2012-05-16,21:30,51.1,50.5,33.8,51.3,0.0,SW@2.1,2.8,63.9,0.0,0,"Ritzville, Adams County",300030,Ritzville,2017-12-08 11:51:13.872404
2012-05-16,21:45,49.6,49.2,34.3,55.3,0.0,S@2.2,4.2,63.8,0.0,0,"Ritzville, Adams County",300030,Ritzville,2017-12-08 11:51:13.872404
2012-05-16,22:00,51.5,51.3,34.8,52.7,0.0,SW@4.0,6.7,63.8,0.0,0,"Ritzville, Adams County",300030,Ritzville,2017-12-08 11:51:13.872404
2012-05-16,22:15,50.8,50.4,35.3,55.3,0.0,SW@3.7,6.0,63.8,0.0,0,"Ritzville, Adams County",300030,Ritzville,2017-12-08 11:51:13.872404
2012-05-16,22:30,50.4,50.0,35.7,56.9,0.0,SW@4.1,6.0,63.7,0.0,0,"Ritzville, Adams County",300030,Ritzville,2017-12-08 11:51:13.872404
2012-05-16,22:45,49.4,48.9,35.7,59.1,0.0,SW@4.5,6.4,63.7,0.0,0,"Ritzville, Adams County",300030,Ritzville,2017-12-08 11:51:13.872404
2012-05-16,23:00,48.2,47.9,35.6,61.6,0.0,SW@3.3,4.9,63.6,0.0,0,"Ritzville, Adams County",300030,Ritzville,2017-12-08 11:51:13.872404
2012-05-17,23:15,49.7,49.5,35.4,57.8,0.0,S@4.1,6.7,63.6,0.0,0,"Ritzville, Adams County",300030,Ritzville,2017-12-08 11:51:13.872404
2012-05-17,23:30,50.8,50.5,35.4,55.4,0.0,SW@5.0,7.4,63.5,0.0,0,"Ritzville, Adams County",300030,Ritzville,2017-12-08 11:51:13.872404
2012-05-17,23:45,50.2,49.8,35.2,56.3,0.0,SW@5.0,7.1,63.4,0.0,0,"Ritzville, Adams County",300030,Ritzville,2017-12-08 11:51:13.872404
2012-05-17,24:00,49.8,49.5,35.0,56.6,0.0,SW@4.8,6.7,63.3,0.0,0,"Ritzville, Adams County",300030,Ritzville,2017-12-08 11:51:13.872404
2012-05-17,00:15,49.1,48.7,35.3,58.8,0.0,SW@5.4,8.2,63.3,0.0,0,"Ritzville, Adams County",300030,Ritzville,2017-12-08 11:51:13.872404
2012-05-17,00:30,47.9,47.5,35.8,62.4,0.0,SW@5.2,7.4,63.2,0.0,0,"Ritzville, Adams County",300030,Ritzville,2017-12-08 11:51:13.872404
2012-05-17,00:45,46.7,46.3,35.8,65.7,0.0,SW@4.6,7.1,63.1,0.0,0,"Ritzville, Adams County",300030,Ritzville,2017-12-08 11:51:13.872404
2012-05-17,01:00,47.0,46.8,36.1,65.6,0.0,SW@4.8,6.7,63.0,0.0,0,"Ritzville, Adams County",300030,Ritzville,2017-12-08 11:51:13.872404
2012-05-17,01:15,47.4,47.1,36.2,64.9,0.0,SW@6.0,7.8,62.9,0.0,0,"Ritzville, Adams County",300030,Ritzville,2017-12-08 11:51:13.872404
2012-05-17,01:30,46.8,46.3,36.1,66.2,0.0,SW@5.6,7.1,62.8,0.0,0,"Ritzville, Adams County",300030,Ritzville,2017-12-08 11:51:13.872404
2012-05-17,01:45,46.1,45.7,36.0,67.6,0.0,W@5.1,7.1,62.8,0.0,0,"Ritzville, Adams County",300030,Ritzville,2017-12-08 11:51:13.872404
2012-05-17,02:00,45.8,45.4,35.8,67.8,0.0,SW@5.0,6.7,62.7,0.0,0,"Ritzville, Adams County",300030,Ritzville,2017-12-08 11:51:13.872404
2012-05-17,02:15,45.7,45.4,35.6,67.4,0.0,SW@5.2,7.1,62.6,0.0,0,"Ritzville, Adams County",300030,Ritzville,2017-12-08 11:51:13.872404
2012-05-17,02:30,45.7,45.3,35.4,66.9,0.0,SW@5.9,8.2,62.5,0.0,0,"Ritzville, Adams County",300030,Ritzville,2017-12-08 11:51:13.872404
2012-05-17,02:45,44.8,44.4,35.6,70.1,0.0,SW@5.5,7.8,62.4,0.0,0,"Ritzville, Adams County",300030,Ritzville,2017-12-08 11:51:13.872404
2012-05-17,03:00,44.8,44.5,36.1,71.1,0.0,SW@5.3,7.1,62.3,0.0,0,"Ritzville, Adams County",300030,Ritzville,2017-12-08 11:51:13.872404
2012-05-17,03:15,44.3,43.8,35.7,71.5,0.0,SW@4.6,6.7,62.2,0.0,0,"Ritzville, Adams County",300030,Ritzville,2017-12-08 11:51:13.872404
2012-05-17,03:30,41.9,41.3,35.0,76.3,0.0,SW@3.7,4.9,62.1,0.0,0,"Ritzville, Adams County",300030,Ritzville,2017-12-08 11:51:13.872404
2012-05-17,03:45,40.3,39.9,35.1,81.6,0.0,SW@3.9,6.0,62.0,0.0,0,"Ritzville, Adams County",300030,Ritzville,2017-12-08 11:51:13.872404
2012-05-17,04:00,41.7,41.5,35.8,79.4,0.0,SW@5.3,6.7,61.9,0.0,0,"Ritzville, Adams County",300030,Ritzville,2017-12-08 11:51:13.872404
2012-05-17,04:15,40.5,39.9,34.8,79.9,0.0,SW@4.5,6.0,61.8,0.0,2,"Ritzville, Adams County",300030,Ritzville,2017-12-08 11:51:13.872404
2012-05-17,04:30,39.3,38.9,34.8,83.7,0.0,SW@5.0,6.0,61.7,0.0,9,"Ritzville, Adams County",300030,Ritzville,2017-12-08 11:51:13.872404
2012-05-17,04:45,40.7,40.5,35.6,81.7,0.0,SW@5.4,6.7,61.6,0.0,27,"Ritzville, Adams County",300030,Ritzville,2017-12-08 11:51:13.872404
2012-05-17,05:00,41.8,41.3,35.7,78.6,0.0,SW@4.9,7.1,61.5,0.0,54,"Ritzville, Adams County",300030,Ritzville,2017-12-08 11:51:13.872404
2012-05-17,05:15,42.2,41.9,36.3,79.6,0.0,SW@5.0,6.7,61.4,0.0,87,"Ritzville, Adams County",300030,Ritzville,2017-12-08 11:51:13.872404
2012-05-17,05:30,44.1,43.8,37.2,76.7,0.0,SW@6.0,7.8,61.3,0.0,125,"Ritzville, Adams County",300030,Ritzville,2017-12-08 11:51:13.872404
2012-05-17,05:45,45.6,45.3,37.8,73.8,0.0,SW@6.5,8.5,61.2,0.0,164,"Ritzville, Adams County",300030,Ritzville,2017-12-08 11:51:13.872404
2012-05-17,06:00,46.7,46.4,38.0,71.4,0.0,SW@6.6,8.5,61.1,0.0,207,"Ritzville, Adams County",300030,Ritzville,2017-12-08 11:51:13.872404
2012-05-17,06:15,48.5,48.2,38.6,68.6,0.0,W@6.1,8.2,61.0,0.0,248,"Ritzville, Adams County",300030,Ritzville,2017-12-08 11:51:13.872404
2012-05-17,06:30,50.8,50.4,38.5,62.6,0.0,W@7.1,9.6,60.9,0.0,292,"Ritzville, Adams County",300030,Ritzville,2017-12-08 11:51:13.872404
2012-05-17,06:45,52.2,51.8,38.4,59.3,0.0,W@6.7,9.2,60.8,0.0,326,"Ritzville, Adams County",300030,Ritzville,2017-12-08 11:51:13.872404
2012-05-17,07:00,53.7,53.3,38.6,56.4,0.0,W@7.1,9.2,60.7,0.0,377,"Ritzville, Adams County",300030,Ritzville,2017-12-08 11:51:13.872404
2012-05-17,07:15,55.7,55.2,38.0,51.3,0.0,W@8.2,11.7,60.6,0.0,428,"Ritzville, Adams County",300030,Ritzville,2017-12-08 11:51:13.872404
2012-05-17,07:30,56.9,56.5,37.8,48.5,0.0,NW@8.9,11.7,60.5,0.0,473,"Ritzville, Adams County",300030,Ritzville,2017-12-08 11:51:13.872404
2012-05-17,07:45,58.3,57.8,38.1,46.8,0.0,NW@8.2,11.4,60.4,0.0,529,"Ritzville, Adams County",300030,Ritzville,2017-12-08 11:51:13.872404
2012-05-17,08:00,59.5,59.1,37.8,44.4,0.0,NW@8.1,12.4,60.3,0.0,571,"Ritzville, Adams County",300030,Ritzville,2017-12-08 11:51:13.872404
2012-05-17,08:15,60.5,60.0,37.0,41.5,0.0,W@8.5,11.4,60.2,0.0,614,"Ritzville, Adams County",300030,Ritzville,2017-12-08 11:51:13.872404
2012-05-17,08:30,61.6,61.2,36.9,39.9,0.0,W@8.1,11.7,60.1,0.0,651,"Ritzville, Adams County",300030,Ritzville,2017-12-08 11:51:13.872404
2012-05-17,08:45,62.9,62.4,35.5,35.9,0.0,NW@8.6,15.0,60.0,0.0,688,"Ritzville, Adams County",300030,Ritzville,2017-12-08 11:51:13.872404
2012-05-17,09:00,62.7,62.2,34.9,35.2,0.0,W@8.1,13.5,60.0,0.0,736,"Ritzville, Adams County",300030,Ritzville,2017-12-08 11:51:13.872404
2012-05-17,09:15,63.1,62.6,34.5,34.2,0.0,W@6.8,11.4,59.9,0.0,745,"Ritzville, Adams County",300030,Ritzville,2017-12-08 11:51:13.872404
2012-05-17,09:30,63.7,63.2,34.6,33.6,0.0,W@8.9,14.6,59.8,0.0,765,"Ritzville, Adams County",300030,Ritzville,2017-12-08 11:51:13.872404
2012-05-17,09:45,64.1,63.7,33.6,31.8,0.0,W@8.9,15.0,59.8,0.0,772,"Ritzville, Adams County",300030,Ritzville,2017-12-08 11:51:13.872404
2012-05-17,10:00,64.9,64.3,33.4,30.8,0.0,W@9.2,14.2,59.8,0.0,831,"Ritzville, Adams County",300030,Ritzville,2017-12-08 11:51:13.872404
2012-05-17,10:15,64.9,64.4,32.2,29.3,0.0,W@9.5,15.0,59.7,0.0,877,"Ritzville, Adams County",300030,Ritzville,2017-12-08 11:51:13.872404
2012-05-17,10:30,65.6,65.1,31.6,27.9,0.0,W@9.3,16.7,59.7,0.0,889,"Ritzville, Adams County",300030,Ritzville,2017-12-08 11:51:13.872404
2012-05-17,10:45,65.9,65.5,31.4,27.4,0.0,W@10.1,16.0,59.7,0.0,914,"Ritzville, Adams County",300030,Ritzville,2017-12-08 11:51:13.872404
2012-05-17,11:00,66.8,66.3,31.2,26.3,0.0,W@11.3,17.1,59.7,0.0,900,"Ritzville, Adams County",300030,Ritzville,2017-12-08 11:51:13.872404
2012-05-17,11:15,66.8,66.3,30.9,26.1,0.0,W@10.8,18.5,59.8,0.0,935,"Ritzville, Adams County",300030,Ritzville,2017-12-08 11:51:13.872404
2012-05-17,11:30,67.0,66.4,31.6,26.7,0.0,W@9.8,17.5,59.8,0.0,900,"Ritzville, Adams County",300030,Ritzville,2017-12-08 11:51:13.872404
2012-05-17,11:45,66.8,66.4,32.0,27.2,0.0,W@9.6,16.7,59.9,0.0,846,"Ritzville, Adams County",300030,Ritzville,2017-12-08 11:51:13.872404
2012-05-17,12:00,66.4,65.8,32.3,28.0,0.0,W@9.7,16.0,59.9,0.0,759,"Ritzville, Adams County",300030,Ritzville,2017-12-08 11:51:13.872404
2012-05-17,12:15,67.1,66.6,32.0,26.9,0.0,W@10.6,19.6,60.0,0.0,895,"Ritzville, Adams County",300030,Ritzville,2017-12-08 11:51:13.872404
2012-05-17,12:30,67.1,66.6,31.2,26.1,0.0,W@9.8,18.9,60.1,0.0,887,"Ritzville, Adams County",300030,Ritzville,2017-12-08 11:51:13.872404
2012-05-17,12:45,66.8,66.2,31.3,26.5,0.0,W@10.0,18.2,60.2,0.0,835,"Ritzville, Adams County",300030,Ritzville,2017-12-08 11:51:13.872404
2012-05-17,13:00,67.6,67.1,30.9,25.4,0.0,W@9.4,15.0,60.3,0.0,876,"Ritzville, Adams County",300030,Ritzville,2017-12-08 11:51:13.872404
2012-05-17,13:15,68.1,67.7,31.4,25.4,0.0,W@10.7,17.8,60.3,0.0,906,"Ritzville, Adams County",300030,Ritzville,2017-12-08 11:51:13.872404
2012-05-17,13:30,68.0,67.5,32.3,26.4,0.0,W@9.2,16.0,60.4,0.0,846,"Ritzville, Adams County",300030,Ritzville,2017-12-08 11:51:13.872404
2012-05-17,13:45,68.4,67.9,31.5,25.2,0.0,W@9.5,17.5,60.5,0.0,796,"Ritzville, Adams County",300030,Ritzville,2017-12-08 11:51:13.872404
2012-05-17,14:00,69.0,68.5,30.5,23.8,0.0,W@11.3,24.3,60.7,0.0,842,"Ritzville, Adams County",300030,Ritzville,2017-12-08 11:51:13.872404
2012-05-17,14:15,68.6,68.1,28.3,22.0,0.0,W@11.7,17.8,60.8,0.0,800,"Ritzville, Adams County",300030,Ritzville,2017-12-08 11:51:13.872404
2012-05-17,14:30,69.0,68.5,29.2,22.5,0.0,W@10.4,17.8,60.9,0.0,806,"Ritzville, Adams County",300030,Ritzville,2017-12-08 11:51:13.872404
2012-05-17,14:45,69.1,68.6,28.9,22.2,0.0,W@11.4,18.9,61.0,0.0,743,"Ritzville, Adams County",300030,Ritzville,2017-12-08 11:51:13.872404
2012-05-17,15:00,68.9,68.4,27.1,20.8,0.0,W@12.5,18.9,61.2,0.0,705,"Ritzville, Adams County",300030,Ritzville,2017-12-08 11:51:13.872404
2012-05-17,15:15,69.1,68.6,25.3,19.1,0.0,W@11.1,16.4,61.3,0.0,640,"Ritzville, Adams County",300030,Ritzville,2017-12-08 11:51:13.872404
2012-05-17,15:30,69.3,68.7,25.4,19.1,0.0,W@11.6,21.0,61.5,0.0,652,"Ritzville, Adams County",300030,Ritzville,2017-12-08 11:51:13.872404
2012-05-17,15:45,69.2,68.7,24.1,18.1,0.0,W@11.8,18.5,61.6,0.0,604,"Ritzville, Adams County",300030,Ritzville,2017-12-08 11:51:13.872404
2012-05-17,16:00,69.0,68.4,22.8,17.3,0.0,W@11.7,18.5,61.7,0.0,552,"Ritzville, Adams County",300030,Ritzville,2017-12-08 11:51:13.872404
2012-05-17,16:15,68.8,68.3,22.8,17.4,0.0,W@11.0,16.0,61.9,0.0,510,"Ritzville, Adams County",300030,Ritzville,2017-12-08 11:51:13.872404
2012-05-17,16:30,68.7,68.2,22.7,17.4,0.0,W@10.8,16.7,62.0,0.0,461,"Ritzville, Adams County",300030,Ritzville,2017-12-08 11:51:13.872404
2012-05-17,16:45,68.4,67.9,23.1,17.9,0.0,W@10.3,17.5,62.2,0.0,415,"Ritzville, Adams County",300030,Ritzville,2017-12-08 11:51:13.872404
2012-05-17,17:00,68.5,68.1,23.9,18.4,0.0,W@10.9,16.7,62.3,0.0,371,"Ritzville, Adams County",300030,Ritzville,2017-12-08 11:51:13.872404
2012-05-17,17:15,68.1,67.6,21.8,17.2,0.0,W@11.3,17.1,62.5,0.0,321,"Ritzville, Adams County",300030,Ritzville,2017-12-08 11:51:13.872404
2012-05-17,17:30,67.8,67.4,21.6,17.1,0.0,W@9.8,13.9,62.6,0.0,271,"Ritzville, Adams County",300030,Ritzville,2017-12-08 11:51:13.872404
2012-05-17,17:45,67.0,66.5,24.1,19.5,0.0,W@10.4,13.9,62.7,0.0,228,"Ritzville, Adams County",300030,Ritzville,2017-12-08 11:51:13.872404
2012-05-17,18:00,66.7,66.1,26.4,21.8,0.0,W@7.3,11.0,62.9,0.0,193,"Ritzville, Adams County",300030,Ritzville,2017-12-08 11:51:13.872404
2012-05-17,18:15,65.7,65.2,27.4,23.4,0.0,W@8.1,12.4,63.0,0.0,147,"Ritzville, Adams County",300030,Ritzville,2017-12-08 11:51:13.872404
2012-05-17,18:30,64.5,64.1,29.6,26.8,0.0,W@8.1,13.5,63.1,0.0,101,"Ritzville, Adams County",300030,Ritzville,2017-12-08 11:51:13.872404
2012-05-17,18:45,62.8,62.3,30.9,29.9,0.0,W@7.6,9.9,63.2,0.0,69,"Ritzville, Adams County",300030,Ritzville,2017-12-08 11:51:13.872404
2012-05-17,19:00,62.0,61.6,30.3,30.2,0.0,W@9.5,16.0,63.3,0.0,46,"Ritzville, Adams County",300030,Ritzville,2017-12-08 11:51:13.872404
2012-05-17,19:15,60.4,60.0,27.4,28.3,0.0,W@10.5,16.7,63.4,0.0,24,"Ritzville, Adams County",300030,Ritzville,2017-12-08 11:51:13.872404
2012-05-17,19:30,58.6,58.2,25.7,28.2,0.0,NW@9.6,13.5,63.4,0.0,8,"Ritzville, Adams County",300030,Ritzville,2017-12-08 11:51:13.872404
2012-05-17,19:45,56.6,56.2,26.1,30.8,0.0,W@7.6,11.0,63.5,0.0,2,"Ritzville, Adams County",300030,Ritzville,2017-12-08 11:51:13.872404
2012-05-17,20:00,54.2,53.8,26.2,33.6,0.0,W@5.9,8.2,63.5,0.0,0,"Ritzville, Adams County",300030,Ritzville,2017-12-08 11:51:13.872404
2012-05-17,20:15,52.4,52.0,26.3,36.1,0.0,W@6.0,10.3,63.6,0.0,0,"Ritzville, Adams County",300030,Ritzville,2017-12-08 11:51:13.872404
2012-05-17,20:30,51.7,51.4,26.5,37.3,0.0,W@7.1,9.9,63.6,0.0,0,"Ritzville, Adams County",300030,Ritzville,2017-12-08 11:51:13.872404
2012-05-17,20:45,51.4,51.1,26.0,37.0,0.0,W@8.1,11.4,63.6,0.0,0,"Ritzville, Adams County",300030,Ritzville,2017-12-08 11:51:13.872404
2012-05-17,21:00,49.8,49.3,25.9,39.0,0.0,W@6.7,9.2,63.6,0.0,0,"Ritzville, Adams County",300030,Ritzville,2017-12-08 11:51:13.872404
2012-05-17,21:15,48.9,48.6,25.7,40.1,0.0,W@7.4,9.9,63.6,0.0,0,"Ritzville, Adams County",300030,Ritzville,2017-12-08 11:51:13.872404
2012-05-17,21:30,48.3,47.9,25.3,40.4,0.0,W@7.0,9.2,63.6,0.0,0,"Ritzville, Adams County",300030,Ritzville,2017-12-08 11:51:13.872404
2012-05-17,21:45,46.8,46.3,25.5,43.0,0.0,W@6.5,9.2,63.6,0.0,0,"Ritzville, Adams County",300030,Ritzville,2017-12-08 11:51:13.872404
2012-05-17,22:00,45.2,44.8,25.6,45.8,0.0,W@6.1,7.8,63.6,0.0,0,"Ritzville, Adams County",300030,Ritzville,2017-12-08 11:51:13.872404
2012-05-17,22:15,45.2,45.0,25.2,45.0,0.0,W@6.8,8.5,63.5,0.0,0,"Ritzville, Adams County",300030,Ritzville,2017-12-08 11:51:13.872404
2012-05-17,22:30,45.5,45.0,24.8,43.9,0.0,W@6.2,8.9,63.5,0.0,0,"Ritzville, Adams County",300030,Ritzville,2017-12-08 11:51:13.872404
2012-05-17,22:45,44.0,43.4,24.3,45.6,0.0,W@4.7,7.1,63.5,0.0,0,"Ritzville, Adams County",300030,Ritzville,2017-12-08 11:51:13.872404
2012-05-17,23:00,40.8,40.1,23.8,50.5,0.0,SW@3.6,4.6,63.4,0.0,0,"Ritzville, Adams County",300030,Ritzville,2017-12-08 11:51:13.872404
2012-05-18,23:15,41.2,41.1,24.2,50.4,0.0,W@5.0,6.4,63.3,0.0,0,"Ritzville, Adams County",300030,Ritzville,2017-12-08 11:51:13.872404
2012-05-18,23:30,42.5,42.1,23.9,47.4,0.0,SW@5.1,7.4,63.3,0.0,0,"Ritzville, Adams County",300030,Ritzville,2017-12-08 11:51:13.872404
2012-05-18,23:45,41.7,41.3,23.5,48.0,0.0,SW@5.2,8.2,63.2,0.0,0,"Ritzville, Adams County",300030,Ritzville,2017-12-08 11:51:13.872404
2012-05-18,24:00,41.8,41.6,23.7,48.4,0.0,W@5.6,8.9,63.1,0.0,0,"Ritzville, Adams County",300030,Ritzville,2017-12-08 11:51:13.872404
2012-05-18,00:15,42.8,42.4,23.4,45.9,0.0,W@6.5,9.9,63.0,0.0,0,"Ritzville, Adams County",300030,Ritzville,2017-12-08 11:51:13.872404
2012-05-18,00:30,41.7,41.1,22.9,47.0,0.0,SW@5.8,8.5,62.9,0.0,0,"Ritzville, Adams County",300030,Ritzville,2017-12-08 11:51:13.872404
2012-05-18,00:45,39.6,39.1,22.7,50.4,0.0,SW@6.3,8.5,62.8,0.0,0,"Ritzville, Adams County",300030,Ritzville,2017-12-08 11:51:13.872404
2012-05-18,01:00,39.5,39.2,23.0,51.2,0.0,SW@7.2,9.6,62.7,0.0,0,"Ritzville, Adams County",300030,Ritzville,2017-12-08 11:51:13.872404
2012-05-18,01:15,39.0,38.6,23.1,52.5,0.0,SW@6.2,9.6,62.6,0.0,0,"Ritzville, Adams County",300030,Ritzville,2017-12-08 11:51:13.872404
2012-05-18,01:30,38.8,38.5,23.0,52.6,0.0,SW@7.1,8.9,62.5,0.0,0,"Ritzville, Adams County",300030,Ritzville,2017-12-08 11:51:13.872404
2012-05-18,01:45,37.7,37.2,23.1,55.1,0.0,SW@6.5,8.5,62.4,0.0,0,"Ritzville, Adams County",300030,Ritzville,2017-12-08 11:51:13.872404
2012-05-18,02:00,37.0,36.5,22.9,56.4,0.0,SW@6.1,8.2,62.3,0.0,0,"Ritzville, Adams County",300030,Ritzville,2017-12-08 11:51:13.872404
2012-05-18,02:15,36.0,35.6,22.9,58.4,0.0,SW@5.2,7.4,62.2,0.0,0,"Ritzville, Adams County",300030,Ritzville,2017-12-08 11:51:13.872404
2012-05-18,02:30,35.9,35.4,22.4,57.6,0.0,S@4.0,7.4,62.1,0.0,0,"Ritzville, Adams County",300030,Ritzville,2017-12-08 11:51:13.872404
2012-05-18,02:45,36.5,36.1,22.0,55.4,0.0,S@5.2,7.4,62.0,0.0,0,"Ritzville, Adams County",300030,Ritzville,2017-12-08 11:51:13.872404
2012-05-18,03:00,36.1,35.7,21.5,55.1,0.0,SW@4.7,6.7,61.9,0.0,0,"Ritzville, Adams County",300030,Ritzville,2017-12-08 11:51:13.872404
2012-05-18,03:15,36.8,36.5,21.4,53.2,0.0,SW@6.0,8.2,61.7,0.0,0,"Ritzville, Adams County",300030,Ritzville,2017-12-08 11:51:13.872404
2012-05-18,03:30,36.4,35.9,21.0,53.2,0.0,SW@5.2,7.8,61.6,0.0,0,"Ritzville, Adams County",300030,Ritzville,2017-12-08 11:51:13.872404
2012-05-18,03:45,34.6,34.0,20.8,56.6,0.0,SW@3.9,6.0,61.5,0.0,0,"Ritzville, Adams County",300030,Ritzville,2017-12-08 11:51:13.872404
2012-05-18,04:00,35.1,34.8,20.3,54.2,0.0,SW@4.6,6.7,61.4,0.0,1,"Ritzville, Adams County",300030,Ritzville,2017-12-08 11:51:13.872404
2012-05-18,04:15,35.4,35.0,19.9,52.8,0.0,SW@4.2,6.4,61.3,0.0,3,"Ritzville, Adams County",300030,Ritzville,2017-12-08 11:51:13.872404
2012-05-18,04:30,35.6,35.3,19.2,50.9,0.0,W@3.9,5.7,61.1,0.0,11,"Ritzville, Adams County",300030,Ritzville,2017-12-08 11:51:13.872404
2012-05-18,04:45,36.9,36.5,19.2,48.4,0.0,W@4.4,7.8,61.0,0.0,36,"Ritzville, Adams County",300030,Ritzville,2017-12-08 11:51:13.872404
2012-05-18,05:00,37.1,36.7,19.5,48.7,0.0,SW@2.4,4.9,60.9,0.0,69,"Ritzville, Adams County",300030,Ritzville,2017-12-08 11:51:13.872404
2012-05-18,05:15,39.2,38.9,20.2,46.2,0.0,W@4.5,6.7,60.8,0.0,105,"Ritzville, Adams County",300030,Ritzville,2017-12-08 11:51:13.872404
2012-05-18,05:30,40.5,40.1,20.7,44.7,0.0,W@4.7,6.4,60.6,0.0,145,"Ritzville, Adams County",300030,Ritzville,2017-12-08 11:51:13.872404
2012-05-18,05:45,41.8,41.6,20.9,42.8,0.0,W@4.1,5.7,60.5,0.0,186,"Ritzville, Adams County",300030,Ritzville,2017-12-08 11:51:13.872404
2012-05-18,06:00,42.6,42.3,21.6,42.8,0.0,SW@4.6,6.0,60.4,0.0,228,"Ritzville, Adams County",300030,Ritzville,2017-12-08 11:51:13.872404
2012-05-18,06:15,44.2,43.9,22.7,42.2,0.0,SW@5.9,8.2,60.3,0.0,274,"Ritzville, Adams County",300030,Ritzville,2017-12-08 11:51:13.872404
2012-05-18,06:30,46.8,46.5,22.9,38.5,0.0,W@6.5,11.0,60.1,0.0,320,"Ritzville, Adams County",300030,Ritzville,2017-12-08 11:51:13.872404
2012-05-18,06:45,49.1,48.7,22.2,34.4,0.0,W@8.1,11.0,60.0,0.0,365,"Ritzville, Adams County",300030,Ritzville,2017-12-08 11:51:13.872404
2012-05-18,07:00,51.2,50.9,22.3,31.8,0.0,W@8.7,12.1,59.9,0.0,411,"Ritzville, Adams County",300030,Ritzville,2017-12-08 11:51:13.872404
2012-05-18,07:15,53.0,52.5,22.2,29.7,0.0,NW@9.4,13.2,59.7,0.0,457,"Ritzville, Adams County",300030,Ritzville,2017-12-08 11:51:13.872404
2012-05-18,07:30,54.2,53.7,22.8,29.2,0.0,NW@10.0,13.5,59.6,0.0,503,"Ritzville, Adams County",300030,Ritzville,2017-12-08 11:51:13.872404
2012-05-18,07:45,55.7,55.3,23.0,27.9,0.0,NW@10.6,13.9,59.5,0.0,546,"Ritzville, Adams County",300030,Ritzville,2017-12-08 11:51:13.872404
2012-05-18,08:00,57.0,56.4,22.2,25.8,0.0,NW@11.1,16.0,59.4,0.0,588,"Ritzville, Adams County",300030,Ritzville,2017-12-08 11:51:13.872404
2012-05-18,08:15,57.6,57.1,21.8,24.8,0.0,NW@11.4,17.1,59.3,0.0,629,"Ritzville, Adams County",300030,Ritzville,2017-12-08 11:51:13.872404
2012-05-18,08:30,58.5,57.9,21.8,23.9,0.0,W@11.9,16.4,59.2,0.0,670,"Ritzville, Adams County",300030,Ritzville,2017-12-08 11:51:13.872404
2012-05-18,08:45,59.0,58.5,21.4,23.1,0.0,W@10.3,14.6,59.1,0.0,700,"Ritzville, Adams County",300030,Ritzville,2017-12-08 11:51:13.872404
2012-05-18,09:00,59.4,59.0,21.3,22.6,0.0,NW@10.1,15.3,59.0,0.0,745,"Ritzville, Adams County",300030,Ritzville,2017-12-08 11:51:13.872404
2012-05-18,09:15,59.7,59.2,20.6,21.8,0.0,W@9.8,16.0,58.9,0.0,780,"Ritzville, Adams County",300030,Ritzville,2017-12-08 11:51:13.872404
2012-05-18,09:30,60.2,59.5,20.5,21.3,0.0,W@8.6,13.9,58.9,0.0,813,"Ritzville, Adams County",300030,Ritzville,2017-12-08 11:51:13.872404
2012-05-18,09:45,60.5,60.0,20.1,20.7,0.0,W@9.2,15.7,58.8,0.0,841,"Ritzville, Adams County",300030,Ritzville,2017-12-08 11:51:13.872404
2012-05-18,10:00,60.8,60.2,20.2,20.6,0.0,NW@9.5,15.0,58.8,0.0,865,"Ritzville, Adams County",300030,Ritzville,2017-12-08 11:51:13.872404
2012-05-18,10:15,61.2,60.7,20.4,20.5,0.0,W@8.4,14.6,58.7,0.0,887,"Ritzville, Adams County",300030,Ritzville,2017-12-08 11:51:13.872404
2012-05-18,10:30,62.0,61.5,19.6,19.2,0.0,W@11.0,17.8,58.7,0.0,909,"Ritzville, Adams County",300030,Ritzville,2017-12-08 11:51:13.872404
2012-05-18,10:45,61.9,61.4,20.5,20.1,0.0,W@9.4,16.0,58.7,0.0,924,"Ritzville, Adams County",300030,Ritzville,2017-12-08 11:51:13.872404
2012-05-18,11:00,62.6,62.0,21.1,20.1,0.0,W@9.7,17.1,58.7,0.0,935,"Ritzville, Adams County",300030,Ritzville,2017-12-08 11:51:13.872404
2012-05-18,11:15,62.8,62.3,21.0,19.8,0.0,W@11.0,17.8,58.7,0.0,949,"Ritzville, Adams County",300030,Ritzville,2017-12-08 11:51:13.872404
2012-05-18,11:30,63.1,62.5,20.9,19.6,0.0,W@11.0,17.1,58.8,0.0,956,"Ritzville, Adams County",300030,Ritzville,2017-12-08 11:51:13.872404
2012-05-18,11:45,63.5,63.0,19.9,18.5,0.0,W@10.3,17.1,58.8,0.0,963,"Ritzville, Adams County",300030,Ritzville,2017-12-08 11:51:13.872404
2012-05-18,12:00,62.8,62.3,20.3,19.3,0.0,SW@8.9,16.7,58.9,0.0,962,"Ritzville, Adams County",300030,Ritzville,2017-12-08 11:51:13.872404
2012-05-18,12:15,63.8,63.3,20.7,18.9,0.0,W@10.6,18.9,58.9,0.0,963,"Ritzville, Adams County",300030,Ritzville,2017-12-08 11:51:13.872404
2012-05-18,12:30,63.9,63.5,21.0,19.1,0.0,W@10.0,16.4,59.0,0.0,955,"Ritzville, Adams County",300030,Ritzville,2017-12-08 11:51:13.872404
2012-05-18,12:45,63.9,63.2,21.7,19.7,0.0,SW@9.7,17.5,59.1,0.0,945,"Ritzville, Adams County",300030,Ritzville,2017-12-08 11:51:13.872404
2012-05-18,13:00,64.0,63.5,21.4,19.4,0.0,SW@10.8,17.1,59.2,0.0,931,"Ritzville, Adams County",300030,Ritzville,2017-12-08 11:51:13.872404
2012-05-18,13:15,63.9,63.4,20.2,18.5,0.0,W@9.1,17.1,59.3,0.0,918,"Ritzville, Adams County",300030,Ritzville,2017-12-08 11:51:13.872404
2012-05-18,13:30,64.6,64.1,19.0,17.2,0.0,W@9.3,17.5,59.4,0.0,903,"Ritzville, Adams County",300030,Ritzville,2017-12-08 11:51:13.872404
2012-05-18,13:45,64.7,64.1,19.1,17.1,0.0,W@8.9,17.5,59.5,0.0,878,"Ritzville, Adams County",300030,Ritzville,2017-12-08 11:51:13.872404
2012-05-18,14:00,64.9,64.2,17.4,15.9,0.0,W@9.0,18.2,59.6,0.0,859,"Ritzville, Adams County",300030,Ritzville,2017-12-08 11:51:13.872404
2012-05-18,14:15,65.2,64.8,18.6,16.5,0.0,W@8.8,14.6,59.7,0.0,799,"Ritzville, Adams County",300030,Ritzville,2017-12-08 11:51:13.872404
2012-05-18,14:30,65.5,64.9,18.2,16.0,0.0,W@9.5,16.0,59.9,0.0,813,"Ritzville, Adams County",300030,Ritzville,2017-12-08 11:51:13.872404
2012-05-18,14:45,65.7,65.2,18.0,15.8,0.0,W@8.8,15.3,60.0,0.0,762,"Ritzville, Adams County",300030,Ritzville,2017-12-08 11:51:13.872404
2012-05-18,15:00,66.0,65.4,16.3,14.5,0.0,W@9.6,15.0,60.2,0.0,718,"Ritzville, Adams County",300030,Ritzville,2017-12-08 11:51:13.872404
2012-05-18,15:15,65.4,64.9,16.8,15.1,0.0,W@7.9,14.6,60.3,0.0,631,"Ritzville, Adams County",300030,Ritzville,2017-12-08 11:51:13.872404
2012-05-18,15:30,65.2,64.7,18.8,16.6,0.0,W@8.0,14.6,60.5,0.0,554,"Ritzville, Adams County",300030,Ritzville,2017-12-08 11:51:13.872404
2012-05-18,15:45,65.4,65.0,18.6,16.4,0.0,W@10.3,15.7,60.6,0.0,661,"Ritzville, Adams County",300030,Ritzville,2017-12-08 11:51:13.872404
2012-05-18,16:00,66.1,65.5,16.6,14.6,0.0,W@10.0,16.0,60.8,0.0,651,"Ritzville, Adams County",300030,Ritzville,2017-12-08 11:51:13.872404
2012-05-18,16:15,65.3,64.7,16.0,14.7,0.0,W@9.4,14.2,61.0,0.0,496,"Ritzville, Adams County",300030,Ritzville,2017-12-08 11:51:13.872404
2012-05-18,16:30,65.8,65.3,17.7,15.5,0.0,W@6.5,12.4,61.1,0.0,536,"Ritzville, Adams County",300030,Ritzville,2017-12-08 11:51:13.872404
2012-05-18,16:45,65.5,65.0,17.5,15.5,0.0,W@6.9,10.3,61.3,0.0,456,"Ritzville, Adams County",300030,Ritzville,2017-12-08 11:51:13.872404
2012-05-18,17:00,64.3,63.9,17.4,16.2,0.0,W@6.7,11.0,61.5,0.0,274,"Ritzville, Adams County",300030,Ritzville,2017-12-08 11:51:13.872404
2012-05-18,17:15,64.8,64.4,18.6,16.7,0.0,W@6.5,9.2,61.6,0.0,348,"Ritzville, Adams County",300030,Ritzville,2017-12-08 11:51:13.872404
2012-05-18,17:30,64.5,64.0,18.8,17.0,0.0,W@6.7,10.3,61.8,0.0,257,"Ritzville, Adams County",300030,Ritzville,2017-12-08 11:51:13.872404
2012-05-18,17:45,63.5,63.1,19.6,18.3,0.0,W@4.7,9.2,61.9,0.0,161,"Ritzville, Adams County",300030,Ritzville,2017-12-08 11:51:13.872404
2012-05-18,18:00,62.7,62.2,22.1,20.9,0.0,SW@5.2,9.2,62.1,0.0,118,"Ritzville, Adams County",300030,Ritzville,2017-12-08 11:51:13.872404
2012-05-18,18:15,61.4,61.1,23.4,23.1,0.0,SW@5.5,8.5,62.2,0.0,79,"Ritzville, Adams County",300030,Ritzville,2017-12-08 11:51:13.872404
2012-05-18,18:30,60.4,60.0,23.3,23.8,0.0,SW@4.6,7.1,62.3,0.0,56,"Ritzville, Adams County",300030,Ritzville,2017-12-08 11:51:13.872404
2012-05-18,18:45,59.3,58.9,24.2,25.8,0.0,S@3.3,5.3,62.4,0.0,44,"Ritzville, Adams County",300030,Ritzville,2017-12-08 11:51:13.872404
2012-05-18,19:00,58.1,57.7,24.5,27.2,0.0,S@3.3,4.9,62.5,0.0,26,"Ritzville, Adams County",300030,Ritzville,2017-12-08 11:51:13.872404
2012-05-18,19:15,57.1,56.6,26.0,30.0,0.0,S@3.5,6.4,62.6,0.0,15,"Ritzville, Adams County",300030,Ritzville,2017-12-08 11:51:13.872404
2012-05-18,19:30,56.3,56.0,27.0,32.1,0.0,S@4.0,6.4,62.7,0.0,6,"Ritzville, Adams County",300030,Ritzville,2017-12-08 11:51:13.872404
2012-05-18,19:45,55.5,55.1,28.1,34.7,0.0,S@3.5,6.0,62.8,0.0,2,"Ritzville, Adams County",300030,Ritzville,2017-12-08 11:51:13.872404
2012-05-18,20:00,54.8,54.4,28.0,35.5,0.0,SE@3.2,6.4,62.9,0.0,0,"Ritzville, Adams County",300030,Ritzville,2017-12-08 11:51:13.872404
2012-05-18,20:15,54.0,53.6,27.4,35.6,0.0,S@2.7,5.3,62.9,0.0,0,"Ritzville, Adams County",300030,Ritzville,2017-12-08 11:51:13.872404
2012-05-18,20:30,53.4,53.0,25.6,33.8,0.0,S@2.9,5.3,63.0,0.0,0,"Ritzville, Adams County",300030,Ritzville,2017-12-08 11:51:13.872404
2012-05-18,20:45,53.0,52.6,24.9,33.3,0.0,S@3.6,6.7,63.0,0.0,0,"Ritzville, Adams County",300030,Ritzville,2017-12-08 11:51:13.872404
2012-05-18,21:00,50.9,50.3,25.3,36.6,0.0,SE@3.0,6.4,63.0,0.0,0,"Ritzville, Adams County",300030,Ritzville,2017-12-08 11:51:13.872404
2012-05-18,21:15,49.6,48.9,25.3,38.4,0.0,SE@3.2,6.4,63.0,0.0,0,"Ritzville, Adams County",300030,Ritzville,2017-12-08 11:51:13.872404
2012-05-18,21:30,46.5,45.9,25.8,43.9,0.0,SE@2.4,4.6,63.0,0.0,0,"Ritzville, Adams County",300030,Ritzville,2017-12-08 11:51:13.872404
2012-05-18,21:45,48.8,48.6,24.6,38.3,0.0,SE@2.7,6.4,63.0,0.0,0,"Ritzville, Adams County",300030,Ritzville,2017-12-08 11:51:13.872404
2012-05-18,22:00,49.9,49.7,24.2,36.2,0.0,S@3.8,6.4,63.0,0.0,0,"Ritzville, Adams County",300030,Ritzville,2017-12-08 11:51:13.872404
2012-05-18,22:15,49.7,49.1,24.2,36.6,0.0,S@3.1,6.4,63.0,0.0,0,"Ritzville, Adams County",300030,Ritzville,2017-12-08 11:51:13.872404
2012-05-18,22:30,44.8,43.9,24.9,45.3,0.0,SW@2.6,7.4,62.9,0.0,0,"Ritzville, Adams County",300030,Ritzville,2017-12-08 11:51:13.872404
2012-05-18,22:45,41.7,40.8,26.7,55.0,0.0,SE@3.0,4.2,62.9,0.0,0,"Ritzville, Adams County",300030,Ritzville,2017-12-08 11:51:13.872404
2012-05-18,23:00,41.4,41.3,26.6,55.4,0.0,SE@2.7,4.6,62.9,0.0,0,"Ritzville, Adams County",300030,Ritzville,2017-12-08 11:51:13.872404
2012-05-19,23:15,43.4,42.9,25.0,48.0,0.0,SW@2.0,3.5,62.8,0.0,0,"Ritzville, Adams County",300030,Ritzville,2017-12-08 11:51:13.872404
2012-05-19,23:30,43.1,42.3,25.2,48.8,0.0,SE@2.2,3.5,62.7,0.0,0,"Ritzville, Adams County",300030,Ritzville,2017-12-08 11:51:13.872404
2012-05-19,23:45,38.8,38.2,27.0,62.2,0.0,SE@3.7,5.3,62.7,0.0,0,"Ritzville, Adams County",300030,Ritzville,2017-12-08 11:51:13.872404
2012-05-19,24:00,38.8,38.4,27.4,63.3,0.0,E@1.6,4.2,62.6,0.0,0,"Ritzville, Adams County",300030,Ritzville,2017-12-08 11:51:13.872404
2012-05-19,00:15,38.9,38.4,27.9,64.5,0.0,SE@0.8,3.1,62.5,0.0,0,"Ritzville, Adams County",300030,Ritzville,2017-12-08 11:51:13.872404
2012-05-19,00:30,39.5,39.1,28.5,64.4,0.0,SE@2.7,4.2,62.5,0.0,0,"Ritzville, Adams County",300030,Ritzville,2017-12-08 11:51:13.872404
2012-05-19,00:45,41.9,41.9,28.8,59.5,0.0,E@2.0,3.5,62.4,0.0,0,"Ritzville, Adams County",300030,Ritzville,2017-12-08 11:51:13.872404
2012-05-19,01:00,44.2,43.9,29.3,55.5,0.0,E@1.2,3.9,62.3,0.0,0,"Ritzville, Adams County",300030,Ritzville,2017-12-08 11:51:13.872404
2012-05-19,01:15,45.1,44.8,28.8,52.6,0.0,E@1.0,2.8,62.2,0.0,0,"Ritzville, Adams County",300030,Ritzville,2017-12-08 11:51:13.872404
2012-05-19,01:30,45.9,45.5,27.7,48.8,0.0,NE@0.8,2.8,62.1,0.0,0,"Ritzville, Adams County",300030,Ritzville,2017-12-08 11:51:13.872404
2012-05-19,01:45,45.1,44.6,28.8,52.5,0.0,SE@1.7,3.1,62.0,0.0,0,"Ritzville, Adams County",300030,Ritzville,2017-12-08 11:51:13.872404
2012-05-19,02:00,44.8,44.5,29.8,55.3,0.0,SE@3.6,5.3,61.9,0.0,0,"Ritzville, Adams County",300030,Ritzville,2017-12-08 11:51:13.872404
2012-05-19,02:15,45.4,45.1,28.2,50.6,0.0,SE@5.1,6.7,61.8,0.0,0,"Ritzville, Adams County",300030,Ritzville,2017-12-08 11:51:13.872404
2012-05-19,02:30,45.3,45.0,28.1,50.6,0.0,SE@5.5,7.4,61.7,0.0,0,"Ritzville, Adams County",300030,Ritzville,2017-12-08 11:51:13.872404
2012-05-19,02:45,45.5,45.1,28.1,50.3,0.0,SE@3.6,6.4,61.6,0.0,0,"Ritzville, Adams County",300030,Ritzville,2017-12-08 11:51:13.872404
2012-05-19,03:00,45.7,45.3,28.3,50.3,0.0,SE@5.1,8.2,61.5,0.0,0,"Ritzville, Adams County",300030,Ritzville,2017-12-08 11:51:13.872404
2012-05-19,03:15,44.9,44.3,29.7,55.0,0.0,E@1.1,3.1,61.4,0.0,0,"Ritzville, Adams County",300030,Ritzville,2017-12-08 11:51:13.872404
2012-05-19,03:30,44.6,44.2,29.6,55.4,0.0,E@2.7,7.1,61.3,0.0,0,"Ritzville, Adams County",300030,Ritzville,2017-12-08 11:51:13.872404
2012-05-19,03:45,45.2,44.9,29.1,52.9,0.0,SE@4.6,6.7,61.2,0.0,0,"Ritzville, Adams County",300030,Ritzville,2017-12-08 11:51:13.872404
2012-05-19,04:00,45.2,44.9,29.2,53.2,0.0,SE@5.2,8.2,61.1,0.0,0,"Ritzville, Adams County",300030,Ritzville,2017-12-08 11:51:13.872404
2012-05-19,04:15,45.0,44.6,29.2,53.6,0.0,SE@4.4,6.7,61.0,0.0,2,"Ritzville, Adams County",300030,Ritzville,2017-12-08 11:51:13.872404
2012-05-19,04:30,43.8,43.3,29.4,56.6,0.0,SE@4.1,6.4,60.9,0.0,6,"Ritzville, Adams County",300030,Ritzville,2017-12-08 11:51:13.872404
2012-05-19,04:45,42.8,42.4,29.6,59.1,0.0,SE@3.4,5.7,60.8,0.0,18,"Ritzville, Adams County",300030,Ritzville,2017-12-08 11:51:13.872404
2012-05-19,05:00,43.0,42.5,29.6,58.8,0.0,E@3.7,5.7,60.8,0.0,23,"Ritzville, Adams County",300030,Ritzville,2017-12-08 11:51:13.872404
2012-05-19,05:15,42.6,42.1,30.0,60.8,0.0,SE@3.7,4.9,60.7,0.0,49,"Ritzville, Adams County",300030,Ritzville,2017-12-08 11:51:13.872404
2012-05-19,05:30,43.7,43.4,30.6,59.7,0.0,SE@3.0,4.9,60.6,0.0,91,"Ritzville, Adams County",300030,Ritzville,2017-12-08 11:51:13.872404
2012-05-19,05:45,45.4,45.2,31.4,57.8,0.0,S@3.4,6.7,60.5,0.0,96,"Ritzville, Adams County",300030,Ritzville,2017-12-08 11:51:13.872404
2012-05-19,06:00,47.1,46.9,31.0,53.3,0.0,S@5.0,8.5,60.4,0.0,196,"Ritzville, Adams County",300030,Ritzville,2017-12-08 11:51:13.872404
2012-05-19,06:15,49.3,49.0,31.1,49.2,0.0,SW@6.3,10.3,60.3,0.0,253,"Ritzville, Adams County",300030,Ritzville,2017-12-08 11:51:13.872404
2012-05-19,06:30,50.5,50.0,31.4,47.6,0.0,SW@7.9,12.4,60.2,0.0,315,"Ritzville, Adams County",300030,Ritzville,2017-12-08 11:51:13.872404
2012-05-19,06:45,50.8,50.3,31.2,46.7,0.0,S@8.5,11.7,60.1,0.0,358,"Ritzville, Adams County",300030,Ritzville,2017-12-08 11:51:13.872404
2012-05-19,07:00,51.7,51.2,31.5,45.7,0.0,S@8.5,11.7,60.0,0.0,403,"Ritzville, Adams County",300030,Ritzville,2017-12-08 11:51:13.872404
2012-05-19,07:15,52.8,52.3,31.6,44.3,0.0,S@7.5,11.7,60.0,0.0,451,"Ritzville, Adams County",300030,Ritzville,2017-12-08 11:51:13.872404
2012-05-19,07:30,53.8,53.5,31.8,42.8,0.0,S@7.1,10.7,59.9,0.0,494,"Ritzville, Adams County",300030,Ritzville,2017-12-08 11:51:13.872404
2012-05-19,07:45,55.2,54.8,32.3,41.5,0.0,SW@6.9,10.3,59.8,0.0,537,"Ritzville, Adams County",300030,Ritzville,2017-12-08 11:51:13.872404
2012-05-19,08:00,56.2,55.8,32.4,40.2,0.0,S@6.9,11.0,59.7,0.0,580,"Ritzville, Adams County",300030,Ritzville,2017-12-08 11:51:13.872404
2012-05-19,08:15,57.6,57.3,32.2,37.9,0.0,S@6.8,11.4,59.6,0.0,618,"Ritzville, Adams County",300030,Ritzville,2017-12-08 11:51:13.872404
2012-05-19,08:30,58.5,58.1,31.9,36.3,0.0,SW@7.5,12.8,59.6,0.0,660,"Ritzville, Adams County",300030,Ritzville,2017-12-08 11:51:13.872404
2012-05-19,08:45,59.7,59.1,29.8,32.0,0.0,SW@7.3,11.0,59.5,0.0,699,"Ritzville, Adams County",300030,Ritzville,2017-12-08 11:51:13.872404
2012-05-19,09:00,59.9,59.4,29.7,31.6,0.0,S@6.1,9.9,59.4,0.0,737,"Ritzville, Adams County",300030,Ritzville,2017-12-08 11:51:13.872404
2012-05-19,09:15,60.6,60.1,29.4,30.4,0.0,SW@6.3,13.2,59.4,0.0,770,"Ritzville, Adams County",300030,Ritzville,2017-12-08 11:51:13.872404
2012-05-19,09:30,61.0,60.5,29.7,30.4,0.0,S@5.7,10.3,59.3,0.0,804,"Ritzville, Adams County",300030,Ritzville,2017-12-08 11:51:13.872404
2012-05-19,09:45,61.9,61.4,30.1,30.0,0.0,S@6.9,13.2,59.3,0.0,830,"Ritzville, Adams County",300030,Ritzville,2017-12-08 11:51:13.872404
2012-05-19,10:00,62.6,62.1,28.9,27.7,0.0,SW@6.8,12.8,59.3,0.0,856,"Ritzville, Adams County",300030,Ritzville,2017-12-08 11:51:13.872404
2012-05-19,10:15,62.9,62.4,28.1,26.6,0.0,S@4.5,9.2,59.3,0.0,882,"Ritzville, Adams County",300030,Ritzville,2017-12-08 11:51:13.872404
2012-05-19,10:30,64.0,63.4,28.5,26.1,0.0,S@5.1,9.9,59.3,0.0,901,"Ritzville, Adams County",300030,Ritzville,2017-12-08 11:51:13.872404
2012-05-19,10:45,64.5,64.0,28.3,25.4,0.0,SW@6.2,11.0,59.3,0.0,918,"Ritzville, Adams County",300030,Ritzville,2017-12-08 11:51:13.872404
2012-05-19,11:00,64.4,63.8,27.7,24.9,0.0,S@4.6,10.3,59.3,0.0,930,"Ritzville, Adams County",300030,Ritzville,2017-12-08 11:51:13.872404
2012-05-19,11:15,64.8,64.2,27.4,24.2,0.0,S@6.8,16.4,59.3,0.0,942,"Ritzville, Adams County",300030,Ritzville,2017-12-08 11:51:13.872404
2012-05-19,11:30,65.8,65.3,27.5,23.5,0.0,SW@5.2,10.7,59.4,0.0,950,"Ritzville, Adams County",300030,Ritzville,2017-12-08 11:51:13.872404
2012-05-19,11:45,65.6,65.1,26.9,23.0,0.0,W@4.2,8.9,59.4,0.0,952,"Ritzville, Adams County",300030,Ritzville,2017-12-08 11:51:13.872404
2012-05-19,12:00,65.9,65.4,26.2,22.2,0.0,S@7.6,14.6,59.5,0.0,958,"Ritzville, Adams County",300030,Ritzville,2017-12-08 11:51:13.872404
2012-05-19,12:15,66.3,65.7,25.4,21.1,0.0,S@5.0,10.3,59.6,0.0,957,"Ritzville, Adams County",300030,Ritzville,2017-12-08 11:51:13.872404
2012-05-19,12:30,66.3,65.8,27.4,23.0,0.0,S@5.1,10.7,59.7,0.0,950,"Ritzville, Adams County",300030,Ritzville,2017-12-08 11:51:13.872404
2012-05-19,12:45,67.1,66.7,26.8,21.8,0.0,SW@5.4,10.3,59.8,0.0,942,"Ritzville, Adams County",300030,Ritzville,2017-12-08 11:51:13.872404
2012-05-19,13:00,67.2,66.8,26.6,21.6,0.0,SW@7.3,14.2,59.9,0.0,928,"Ritzville, Adams County",300030,Ritzville,2017-12-08 11:51:13.872404
2012-05-19,13:15,67.6,67.1,25.8,20.6,0.0,S@6.7,13.2,60.0,0.0,920,"Ritzville, Adams County",300030,Ritzville,2017-12-08 11:51:13.872404
2012-05-19,13:30,67.4,66.9,25.4,20.3,0.0,SW@5.9,12.8,60.2,0.0,902,"Ritzville, Adams County",300030,Ritzville,2017-12-08 11:51:13.872404
2012-05-19,13:45,68.0,67.7,26.3,20.7,0.0,S@6.6,12.4,60.3,0.0,869,"Ritzville, Adams County",300030,Ritzville,2017-12-08 11:51:13.872404
2012-05-19,14:00,68.6,68.1,25.9,20.0,0.0,SW@6.5,11.4,60.4,0.0,831,"Ritzville, Adams County",300030,Ritzville,2017-12-08 11:51:13.872404
2012-05-19,14:15,68.9,68.4,26.2,20.0,0.0,W@7.5,15.3,60.6,0.0,817,"Ritzville, Adams County",300030,Ritzville,2017-12-08 11:51:13.872404
2012-05-19,14:30,68.0,67.6,26.5,20.9,0.0,SW@5.3,12.4,60.7,0.0,794,"Ritzville, Adams County",300030,Ritzville,2017-12-08 11:51:13.872404
2012-05-19,14:45,68.6,68.0,26.4,20.4,0.0,SW@6.2,13.2,60.9,0.0,765,"Ritzville, Adams County",300030,Ritzville,2017-12-08 11:51:13.872404
2012-05-19,15:00,69.1,68.6,27.2,20.7,0.0,W@8.4,13.9,61.1,0.0,727,"Ritzville, Adams County",300030,Ritzville,2017-12-08 11:51:13.872404
2012-05-19,15:15,68.2,67.6,28.0,22.1,0.0,E@4.5,13.9,61.3,0.0,643,"Ritzville, Adams County",300030,Ritzville,2017-12-08 11:51:13.872404
2012-05-19,15:30,68.7,68.3,27.9,21.6,0.0,SW@7.4,13.2,61.4,0.0,602,"Ritzville, Adams County",300030,Ritzville,2017-12-08 11:51:13.872404
2012-05-19,15:45,68.3,67.8,27.9,21.9,0.0,W@6.0,11.0,61.6,0.0,519,"Ritzville, Adams County",300030,Ritzville,2017-12-08 11:51:13.872404
2012-05-19,16:00,68.3,67.8,27.3,21.4,0.0,W@6.2,11.7,61.8,0.0,496,"Ritzville, Adams County",300030,Ritzville,2017-12-08 11:51:13.872404
2012-05-19,16:15,68.8,68.4,28.3,21.9,0.0,SW@5.8,11.7,62.0,0.0,513,"Ritzville, Adams County",300030,Ritzville,2017-12-08 11:51:13.872404
2012-05-19,16:30,68.7,68.2,28.6,22.2,0.0,SW@7.5,12.4,62.2,0.0,452,"Ritzville, Adams County",300030,Ritzville,2017-12-08 11:51:13.872404
2012-05-19,16:45,68.5,68.1,29.0,22.7,0.0,SW@8.0,13.9,62.3,0.0,412,"Ritzville, Adams County",300030,Ritzville,2017-12-08 11:51:13.872404
2012-05-19,17:00,68.2,67.7,28.4,22.4,0.0,SW@4.3,9.9,62.5,0.0,352,"Ritzville, Adams County",300030,Ritzville,2017-12-08 11:51:13.872404
2012-05-19,17:15,67.3,66.8,28.6,23.3,0.0,SW@4.2,8.9,62.7,0.0,249,"Ritzville, Adams County",300030,Ritzville,2017-12-08 11:51:13.872404
2012-05-19,17:30,67.3,67.0,28.5,23.2,0.0,W@5.1,8.5,62.9,0.0,270,"Ritzville, Adams County",300030,Ritzville,2017-12-08 11:51:13.872404
2012-05-19,17:45,67.4,66.9,28.7,23.3,0.0,SW@6.2,9.2,63.0,0.0,248,"Ritzville, Adams County",300030,Ritzville,2017-12-08 11:51:13.872404
2012-05-19,18:00,66.7,66.1,29.0,24.2,0.0,SW@5.6,7.4,63.2,0.0,177,"Ritzville, Adams County",300030,Ritzville,2017-12-08 11:51:13.872404
2012-05-19,18:15,65.9,65.5,29.8,25.7,0.0,W@4.9,6.4,63.3,0.0,146,"Ritzville, Adams County",300030,Ritzville,2017-12-08 11:51:13.872404
2012-05-19,18:30,65.3,64.8,31.7,28.4,0.0,SW@3.4,4.9,63.5,0.0,110,"Ritzville, Adams County",300030,Ritzville,2017-12-08 11:51:13.872404
2012-05-19,18:45,63.8,63.3,33.5,32.0,0.0,SW@2.6,3.5,63.6,0.0,72,"Ritzville, Adams County",300030,Ritzville,2017-12-08 11:51:13.872404
2012-05-19,19:00,60.4,59.8,33.8,36.7,0.0,SW@2.7,3.5,63.7,0.0,25,"Ritzville, Adams County",300030,Ritzville,2017-12-08 11:51:13.872404
2012-05-19,19:15,55.9,54.5,37.9,50.6,0.0,SE@2.0,3.5,63.8,0.0,15,"Ritzville, Adams County",300030,Ritzville,2017-12-08 11:51:13.872404
2012-05-19,19:30,50.1,49.6,38.3,63.7,0.0,SE@3.2,4.2,63.9,0.0,7,"Ritzville, Adams County",300030,Ritzville,2017-12-08 11:51:13.872404
2012-05-19,19:45,49.0,48.4,37.6,64.6,0.0,SE@3.1,4.2,64.0,0.0,2,"Ritzville, Adams County",300030,Ritzville,2017-12-08 11:51:13.872404
2012-05-19,20:00,47.6,47.2,37.3,67.2,0.0,SE@3.1,3.9,64.1,0.0,0,"Ritzville, Adams County",300030,Ritzville,2017-12-08 11:51:13.872404
2012-05-19,20:15,47.9,47.7,36.5,64.5,0.0,SE@3.1,3.9,64.1,0.0,0,"Ritzville, Adams County",300030,Ritzville,2017-12-08 11:51:13.872404
2012-05-19,20:30,49.3,49.0,36.8,61.9,0.0,SE@3.6,4.2,64.2,0.0,0,"Ritzville, Adams County",300030,Ritzville,2017-12-08 11:51:13.872404
2012-05-19,20:45,48.9,48.6,38.0,65.8,0.0,SE@3.2,4.2,64.2,0.0,0,"Ritzville, Adams County",300030,Ritzville,2017-12-08 11:51:13.872404
2012-05-19,21:00,49.3,49.0,38.5,66.4,0.0,SE@2.7,3.5,64.2,0.0,0,"Ritzville, Adams County",300030,Ritzville,2017-12-08 11:51:13.872404
2012-05-19,21:15,50.5,50.3,37.5,60.8,0.0,SE@2.1,3.5,64.2,0.0,0,"Ritzville, Adams County",300030,Ritzville,2017-12-08 11:51:13.872404
2012-05-19,21:30,50.9,50.5,38.5,62.2,0.0,E@1.8,3.1,64.2,0.0,0,"Ritzville, Adams County",300030,Ritzville,2017-12-08 11:51:13.872404
2012-05-19,21:45,51.7,51.5,37.4,58.0,0.0,SE@0.8,2.4,64.2,0.0,0,"Ritzville, Adams County",300030,Ritzville,2017-12-08 11:51:13.872404
2012-05-19,22:00,53.3,53.2,34.7,49.1,0.0,SE@1.4,2.8,64.2,0.0,0,"Ritzville, Adams County",300030,Ritzville,2017-12-08 11:51:13.872404
2012-05-19,22:15,53.8,53.4,34.5,47.8,0.0,SE@2.3,3.5,64.2,0.0,0,"Ritzville, Adams County",300030,Ritzville,2017-12-08 11:51:13.872404
2012-05-19,22:30,52.9,52.3,36.3,53.2,0.0,SE@1.6,2.8,64.1,0.0,0,"Ritzville, Adams County",300030,Ritzville,2017-12-08 11:51:13.872404
2012-05-19,22:45,53.5,53.2,34.5,48.3,0.0,SE@2.7,3.5,64.1,0.0,0,"Ritzville, Adams County",300030,Ritzville,2017-12-08 11:51:13.872404
2012-05-19,23:00,52.2,51.6,36.7,55.4,0.0,SE@1.8,4.2,64.0,0.0,0,"Ritzville, Adams County",300030,Ritzville,2017-12-08 11:51:13.872404
2012-05-20,23:15,52.1,51.7,36.1,54.3,0.0,SE@2.9,4.2,64.0,0.0,0,"Ritzville, Adams County",300030,Ritzville,2017-12-08 11:51:13.872404
2012-05-20,23:30,51.9,51.5,35.9,54.1,0.0,E@2.2,3.9,63.9,0.0,0,"Ritzville, Adams County",300030,Ritzville,2017-12-08 11:51:13.872404
2012-05-20,23:45,52.1,51.6,34.9,51.7,0.0,E@1.8,3.9,63.8,0.0,0,"Ritzville, Adams County",300030,Ritzville,2017-12-08 11:51:13.872404
2012-05-20,24:00,50.1,49.5,35.8,57.6,0.0,E@3.0,4.2,63.8,0.0,0,"Ritzville, Adams County",300030,Ritzville,2017-12-08 11:51:13.872404
2012-05-20,00:15,48.7,48.2,35.7,60.7,0.0,E@1.0,2.4,63.7,0.0,0,"Ritzville, Adams County",300030,Ritzville,2017-12-08 11:51:13.872404
2012-05-20,00:30,50.7,50.5,34.2,52.8,0.0,SE@4.0,6.0,63.6,0.0,0,"Ritzville, Adams County",300030,Ritzville,2017-12-08 11:51:13.872404
2012-05-20,00:45,49.1,48.6,35.2,58.5,0.0,SE@4.5,5.7,63.6,0.0,0,"Ritzville, Adams County",300030,Ritzville,2017-12-08 11:51:13.872404
2012-05-20,01:00,47.6,47.2,33.7,58.4,0.0,SE@4.0,5.7,63.5,0.0,0,"Ritzville, Adams County",300030,Ritzville,2017-12-08 11:51:13.872404
2012-05-20,01:15,47.2,46.5,33.4,58.5,0.0,SE@4.7,6.4,63.4,0.0,0,"Ritzville, Adams County",300030,Ritzville,2017-12-08 11:51:13.872404
2012-05-20,01:30,43.5,43.0,34.0,69.2,0.0,SE@4.9,6.4,63.4,0.0,0,"Ritzville, Adams County",300030,Ritzville,2017-12-08 11:51:13.872404
2012-05-20,01:45,44.3,44.0,34.2,67.2,0.0,SE@5.4,7.1,63.3,0.0,0,"Ritzville, Adams County",300030,Ritzville,2017-12-08 11:51:13.872404
2012-05-20,02:00,45.0,44.6,34.2,65.5,0.0,SE@5.1,6.0,63.2,0.0,0,"Ritzville, Adams County",300030,Ritzville,2017-12-08 11:51:13.872404
2012-05-20,02:15,44.6,44.2,34.0,66.1,0.0,SE@5.1,6.0,63.1,0.0,0,"Ritzville, Adams County",300030,Ritzville,2017-12-08 11:51:13.872404
2012-05-20,02:30,46.3,46.2,34.4,62.9,0.0,SE@4.9,6.0,63.1,0.0,0,"Ritzville, Adams County",300030,Ritzville,2017-12-08 11:51:13.872404
2012-05-20,02:45,48.2,48.0,35.0,60.1,0.0,SE@5.0,6.7,63.0,0.0,0,"Ritzville, Adams County",300030,Ritzville,2017-12-08 11:51:13.872404
2012-05-20,03:00,49.1,48.9,34.9,57.7,0.0,SE@5.6,7.1,62.9,0.0,0,"Ritzville, Adams County",300030,Ritzville,2017-12-08 11:51:13.872404
2012-05-20,03:15,50.2,50.0,34.7,55.0,0.0,SE@5.4,7.1,62.8,0.0,0,"Ritzville, Adams County",300030,Ritzville,2017-12-08 11:51:13.872404
2012-05-20,03:30,50.8,50.5,34.9,54.3,0.0,SE@4.7,6.4,62.7,0.0,0,"Ritzville, Adams County",300030,Ritzville,2017-12-08 11:51:13.872404
2012-05-20,03:45,50.8,50.4,35.2,55.0,0.0,SE@5.2,7.4,62.6,0.0,0,"Ritzville, Adams County",300030,Ritzville,2017-12-08 11:51:13.872404
2012-05-20,04:00,50.8,50.5,35.2,55.0,0.0,SE@5.8,7.8,62.5,0.0,1,"Ritzville, Adams County",300030,Ritzville,2017-12-08 11:51:13.872404
2012-05-20,04:15,50.7,50.4,35.8,56.4,0.0,SE@5.5,7.4,62.4,0.0,3,"Ritzville, Adams County",300030,Ritzville,2017-12-08 11:51:13.872404
2012-05-20,04:30,50.7,50.3,36.1,57.2,0.0,NE@2.5,6.0,62.3,0.0,11,"Ritzville, Adams County",300030,Ritzville,2017-12-08 11:51:13.872404
2012-05-20,04:45,50.6,50.3,36.1,57.4,0.0,E@4.0,6.4,62.2,0.0,19,"Ritzville, Adams County",300030,Ritzville,2017-12-08 11:51:13.872404
2012-05-20,05:00,50.4,50.0,37.3,60.6,0.0,SE@5.5,7.4,62.1,0.0,24,"Ritzville, Adams County",300030,Ritzville,2017-12-08 11:51:13.872404
2012-05-20,05:15,50.3,49.9,37.4,61.1,0.0,SE@5.8,7.8,62.1,0.0,49,"Ritzville, Adams County",300030,Ritzville,2017-12-08 11:51:13.872404
2012-05-20,05:30,51.2,51.1,37.4,58.9,0.0,NW@1.7,4.9,62.0,0.0,93,"Ritzville, Adams County",300030,Ritzville,2017-12-08 11:51:13.872404
2012-05-20,05:45,52.5,52.3,38.3,58.1,0.0,SE@4.8,6.7,61.9,0.0,90,"Ritzville, Adams County",300030,Ritzville,2017-12-08 11:51:13.872404
2012-05-20,06:00,52.4,52.1,40.5,63.7,0.0,SE@5.2,7.8,61.8,0.0,102,"Ritzville, Adams County",300030,Ritzville,2017-12-08 11:51:13.872404
2012-05-20,06:15,53.2,53.0,40.8,62.6,0.0,SE@4.4,7.1,61.7,0.0,151,"Ritzville, Adams County",300030,Ritzville,2017-12-08 11:51:13.872404
2012-05-20,06:30,55.2,55.1,41.5,59.8,0.0,SE@3.6,5.7,61.6,0.0,193,"Ritzville, Adams County",300030,Ritzville,2017-12-08 11:51:13.872404
2012-05-20,06:45,56.4,56.1,42.0,58.4,0.0,SE@4.3,6.0,61.5,0.0,195,"Ritzville, Adams County",300030,Ritzville,2017-12-08 11:51:13.872404
2012-05-20,07:00,57.6,57.4,43.0,58.1,0.0,SE@3.9,5.3,61.5,0.0,230,"Ritzville, Adams County",300030,Ritzville,2017-12-08 11:51:13.872404
2012-05-20,07:15,59.2,59.0,43.7,56.3,0.0,SE@5.0,7.1,61.4,0.0,321,"Ritzville, Adams County",300030,Ritzville,2017-12-08 11:51:13.872404
2012-05-20,07:30,61.4,61.2,42.7,50.0,0.0,SE@4.8,7.1,61.3,0.0,440,"Ritzville, Adams County",300030,Ritzville,2017-12-08 11:51:13.872404
2012-05-20,07:45,62.9,62.5,39.7,42.4,0.0,SE@4.7,7.4,61.2,0.0,363,"Ritzville, Adams County",300030,Ritzville,2017-12-08 11:51:13.872404
2012-05-20,08:00,64.1,63.8,40.8,42.3,0.0,SE@4.6,7.4,61.1,0.0,437,"Ritzville, Adams County",300030,Ritzville,2017-12-08 11:51:13.872404
2012-05-20,08:15,65.7,65.4,38.5,36.5,0.0,SE@4.8,10.7,61.1,0.0,570,"Ritzville, Adams County",300030,Ritzville,2017-12-08 11:51:13.872404
2012-05-20,08:30,66.3,65.9,38.9,36.5,0.0,SE@4.1,8.2,61.0,0.0,476,"Ritzville, Adams County",300030,Ritzville,2017-12-08 11:51:13.872404
2012-05-20,08:45,66.5,66.1,38.6,35.8,0.0,S@4.4,9.6,61.0,0.0,496,"Ritzville, Adams County",300030,Ritzville,2017-12-08 11:51:13.872404
2012-05-20,09:00,67.4,67.0,37.7,33.5,0.0,SW@5.4,9.9,60.9,0.0,516,"Ritzville, Adams County",300030,Ritzville,2017-12-08 11:51:13.872404
2012-05-20,09:15,68.1,67.6,36.8,31.6,0.0,SW@5.9,9.6,60.9,0.0,595,"Ritzville, Adams County",300030,Ritzville,2017-12-08 11:51:13.872404
2012-05-20,09:30,68.8,68.5,36.5,30.4,0.0,SW@5.5,8.9,60.8,0.0,798,"Ritzville, Adams County",300030,Ritzville,2017-12-08 11:51:13.872404
2012-05-20,09:45,70.3,69.8,36.4,28.7,0.0,SW@3.9,8.2,60.8,0.0,907,"Ritzville, Adams County",300030,Ritzville,2017-12-08 11:51:13.872404
2012-05-20,10:00,70.5,70.0,35.8,28.0,0.0,SW@6.3,9.6,60.8,0.0,665,"Ritzville, Adams County",300030,Ritzville,2017-12-08 11:51:13.872404
2012-05-20,10:15,70.0,69.5,36.0,28.7,0.0,SW@5.9,10.7,60.8,0.0,688,"Ritzville, Adams County",300030,Ritzville,2017-12-08 11:51:13.872404
2012-05-20,10:30,71.1,70.7,37.0,28.7,0.0,S@5.7,9.6,60.8,0.0,748,"Ritzville, Adams County",300030,Ritzville,2017-12-08 11:51:13.872404
2012-05-20,10:45,71.2,70.8,35.8,27.3,0.0,SW@8.2,13.2,60.8,0.0,655,"Ritzville, Adams County",300030,Ritzville,2017-12-08 11:51:13.872404
2012-05-20,11:00,70.7,70.2,36.0,28.0,0.0,SW@5.4,12.8,60.9,0.0,530,"Ritzville, Adams County",300030,Ritzville,2017-12-08 11:51:13.872404
2012-05-20,11:15,71.1,70.7,35.6,27.1,0.0,SW@8.9,13.2,60.9,0.0,556,"Ritzville, Adams County",300030,Ritzville,2017-12-08 11:51:13.872404
2012-05-20,11:30,71.3,71.0,36.0,27.3,0.02,SW@7.3,12.8,60.9,0.0,628,"Ritzville, Adams County",300030,Ritzville,2017-12-08 11:51:13.872404
2012-05-20,11:45,70.8,70.4,35.9,27.7,0.0,SW@6.3,11.7,61.0,0.0,432,"Ritzville, Adams County",300030,Ritzville,2017-12-08 11:51:13.872404
2012-05-20,12:00,70.8,70.5,35.9,27.7,0.01,SW@7.1,13.2,61.1,0.0,512,"Ritzville, Adams County",300030,Ritzville,2017-12-08 11:51:13.872404
2012-05-20,12:15,70.4,70.0,35.5,27.6,0.02,SW@8.9,15.0,61.1,0.0,541,"Ritzville, Adams County",300030,Ritzville,2017-12-08 11:51:13.872404
2012-05-20,12:30,70.1,69.6,36.1,28.7,0.12,SW@8.1,12.8,61.2,0.0,458,"Ritzville, Adams County",300030,Ritzville,2017-12-08 11:51:13.872404
2012-05-20,12:45,69.5,69.1,35.9,29.0,0.08,S@7.2,13.9,61.3,0.0,410,"Ritzville, Adams County",300030,Ritzville,2017-12-08 11:51:13.872404
2012-05-20,13:00,68.7,68.3,38.0,32.4,0.21,S@6.6,13.5,61.4,0.0,442,"Ritzville, Adams County",300030,Ritzville,2017-12-08 11:51:13.872404
2012-05-20,13:15,68.9,68.5,37.7,31.8,0.18,SW@4.0,10.7,61.5,0.0,521,"Ritzville, Adams County",300030,Ritzville,2017-12-08 11:51:13.872404
2012-05-20,13:30,69.7,69.4,37.0,30.1,0.02,SW@7.2,13.9,61.6,0.0,403,"Ritzville, Adams County",300030,Ritzville,2017-12-08 11:51:13.872404
2012-05-20,13:45,69.4,69.1,37.7,31.3,0.0,SW@7.7,13.5,61.7,0.0,339,"Ritzville, Adams County",300030,Ritzville,2017-12-08 11:51:13.872404
2012-05-20,14:00,69.1,68.8,40.2,34.8,0.03,SW@8.0,12.8,61.8,0.0,306,"Ritzville, Adams County",300030,Ritzville,2017-12-08 11:51:13.872404
2012-05-20,14:15,68.9,68.6,39.4,34.0,0.0,SW@9.1,15.3,61.9,0.0,246,"Ritzville, Adams County",300030,Ritzville,2017-12-08 11:51:13.872404
2012-05-20,14:30,68.9,68.5,40.1,35.0,0.07,SW@9.1,14.2,62.0,0.0,288,"Ritzville, Adams County",300030,Ritzville,2017-12-08 11:51:13.872404
2012-05-20,14:45,68.2,67.9,40.4,36.2,0.04,SW@8.1,11.4,62.1,0.0,286,"Ritzville, Adams County",300030,Ritzville,2017-12-08 11:51:13.872404
2012-05-20,15:00,69.2,69.0,39.5,33.7,0.0,SW@8.1,12.1,62.2,0.0,336,"Ritzville, Adams County",300030,Ritzville,2017-12-08 11:51:13.872404
2012-05-20,15:15,69.4,69.1,40.2,34.5,0.0,SW@9.9,18.5,62.3,0.0,272,"Ritzville, Adams County",300030,Ritzville,2017-12-08 11:51:13.872404
2012-05-20,15:30,68.8,68.5,41.4,36.8,0.02,SW@8.3,14.6,62.4,0.0,305,"Ritzville, Adams County",300030,Ritzville,2017-12-08 11:51:13.872404
2012-05-20,15:45,68.2,67.9,42.9,39.7,0.01,SW@8.2,13.5,62.4,0.0,267,"Ritzville, Adams County",300030,Ritzville,2017-12-08 11:51:13.872404
2012-05-20,16:00,67.7,67.4,43.1,40.7,0.1,SW@8.8,13.2,62.5,0.0,238,"Ritzville, Adams County",300030,Ritzville,2017-12-08 11:51:13.872404
2012-05-20,16:15,66.5,66.2,43.6,43.4,0.07,SW@9.2,13.9,62.6,0.0,169,"Ritzville, Adams County",300030,Ritzville,2017-12-08 11:51:13.872404
2012-05-20,16:30,66.6,66.4,42.8,42.0,0.13,SW@7.9,12.8,62.7,0.0,187,"Ritzville, Adams County",300030,Ritzville,2017-12-08 11:51:13.872404
2012-05-20,16:45,66.8,66.6,42.2,40.8,0.08,SW@6.0,9.6,62.7,0.0,142,"Ritzville, Adams County",300030,Ritzville,2017-12-08 11:51:13.872404
2012-05-20,17:00,66.1,65.8,42.4,42.0,0.16,SW@6.6,10.3,62.8,0.0,85,"Ritzville, Adams County",300030,Ritzville,2017-12-08 11:51:13.872404
2012-05-20,17:15,65.2,64.9,42.7,43.8,0.01,SW@4.4,8.5,62.9,0.0,31,"Ritzville, Adams County",300030,Ritzville,2017-12-08 11:51:13.872404
2012-05-20,17:30,64.5,64.1,43.9,47.2,0.19,SW@3.2,5.7,62.9,0.0,19,"Ritzville, Adams County",300030,Ritzville,2017-12-08 11:51:13.872404
2012-05-20,17:45,63.9,63.5,44.8,49.8,0.14,SW@2.5,4.2,63.0,0.0,25,"Ritzville, Adams County",300030,Ritzville,2017-12-08 11:51:13.872404
2012-05-20,18:00,63.4,63.0,46.3,53.6,0.0,S@1.7,3.9,63.0,0.0,29,"Ritzville, Adams County",300030,Ritzville,2017-12-08 11:51:13.872404
2012-05-20,18:15,61.8,61.3,49.3,63.5,0.0,SE@2.5,3.9,63.0,0.0,26,"Ritzville, Adams County",300030,Ritzville,2017-12-08 11:51:13.872404
2012-05-20,18:30,61.3,60.9,49.9,66.1,0.0,SE@1.9,4.9,63.1,0.0,29,"Ritzville, Adams County",300030,Ritzville,2017-12-08 11:51:13.872404
2012-05-20,18:45,60.8,60.5,49.5,66.2,0.0,SE@4.0,5.7,63.1,0.0,26,"Ritzville, Adams County",300030,Ritzville,2017-12-08 11:51:13.872404
2012-05-20,19:00,60.1,59.7,48.9,66.4,0.0,SE@3.5,4.6,63.1,0.0,21,"Ritzville, Adams County",300030,Ritzville,2017-12-08 11:51:13.872404
2012-05-20,19:15,60.0,59.9,46.9,61.7,0.0,SE@5.2,7.1,63.2,0.0,14,"Ritzville, Adams County",300030,Ritzville,2017-12-08 11:51:13.872404
2012-05-20,19:30,60.1,59.9,46.7,61.0,0.0,SE@5.4,7.1,63.2,0.0,3,"Ritzville, Adams County",300030,Ritzville,2017-12-08 11:51:13.872404
2012-05-20,19:45,59.6,59.3,47.2,63.4,0.03,SE@4.6,7.1,63.2,0.0,1,"Ritzville, Adams County",300030,Ritzville,2017-12-08 11:51:13.872404
2012-05-20,20:00,58.3,58.0,48.3,69.1,0.06,SE@4.1,6.0,63.2,0.0,0,"Ritzville, Adams County",300030,Ritzville,2017-12-08 11:51:13.872404
2012-05-20,20:15,58.3,58.2,47.8,67.9,0.0,SE@5.4,8.2,63.2,0.0,0,"Ritzville, Adams County",300030,Ritzville,2017-12-08 11:51:13.872404
2012-05-20,20:30,59.1,59.0,46.9,63.8,0.02,SE@5.9,8.5,63.2,0.0,0,"Ritzville, Adams County",300030,Ritzville,2017-12-08 11:51:13.872404
2012-05-20,20:45,58.7,58.4,47.5,66.2,0.1,SE@5.9,8.5,63.2,0.0,0,"Ritzville, Adams County",300030,Ritzville,2017-12-08 11:51:13.872404
2012-05-20,21:00,57.8,57.5,48.7,71.6,0.07,SE@4.2,6.4,63.2,0.0,0,"Ritzville, Adams County",300030,Ritzville,2017-12-08 11:51:13.872404
2012-05-20,21:15,57.3,57.1,49.2,74.2,0.0,SE@4.2,6.4,63.2,0.0,0,"Ritzville, Adams County",300030,Ritzville,2017-12-08 11:51:13.872404
2012-05-20,21:30,57.4,57.1,49.2,74.2,0.0,SE@4.0,6.0,63.1,0.0,0,"Ritzville, Adams County",300030,Ritzville,2017-12-08 11:51:13.872404
2012-05-20,21:45,57.7,57.5,49.1,72.9,0.0,SE@4.4,7.4,63.1,0.0,0,"Ritzville, Adams County",300030,Ritzville,2017-12-08 11:51:13.872404
2012-05-20,22:00,58.0,57.8,48.9,71.7,0.07,SE@6.8,9.2,63.1,0.0,0,"Ritzville, Adams County",300030,Ritzville,2017-12-08 11:51:13.872404
2012-05-20,22:15,56.9,56.5,49.3,75.7,0.0,SE@4.8,7.1,63.1,0.0,0,"Ritzville, Adams County",300030,Ritzville,2017-12-08 11:51:13.872404
2012-05-20,22:30,56.4,56.1,49.4,77.4,0.0,SE@5.2,7.8,63.0,0.0,0,"Ritzville, Adams County",300030,Ritzville,2017-12-08 11:51:13.872404
2012-05-20,22:45,56.6,56.3,49.3,76.4,0.0,SE@5.9,8.9,63.0,0.0,0,"Ritzville, Adams County",300030,Ritzville,2017-12-08 11:51:13.872404
2012-05-20,23:00,56.4,56.1,49.1,76.3,0.0,SE@5.6,8.2,63.0,0.0,0,"Ritzville, Adams County",300030,Ritzville,2017-12-08 11:51:13.872404
2012-05-21,23:15,56.2,55.9,48.7,75.8,0.0,SE@5.1,6.7,62.9,0.0,0,"Ritzville, Adams County",300030,Ritzville,2017-12-08 11:51:13.872404
2012-05-21,23:30,56.6,56.5,48.1,72.8,0.0,SE@6.5,8.5,62.9,0.0,0,"Ritzville, Adams County",300030,Ritzville,2017-12-08 11:51:13.872404
2012-05-21,23:45,56.3,55.9,49.0,76.3,0.68,SE@5.6,9.2,62.8,0.0,0,"Ritzville, Adams County",300030,Ritzville,2017-12-08 11:51:13.872404
2012-05-21,24:00,54.8,54.5,50.0,83.7,0.21,SE@4.6,7.1,62.8,0.0,0,"Ritzville, Adams County",300030,Ritzville,2017-12-08 11:51:13.872404
2012-05-21,00:15,55.4,55.2,49.6,80.6,0.0,SE@6.1,9.6,62.7,0.0,0,"Ritzville, Adams County",300030,Ritzville,2017-12-08 11:51:13.872404
2012-05-21,00:30,54.7,54.4,49.7,83.1,0.0,SE@5.2,7.1,62.7,0.0,0,"Ritzville, Adams County",300030,Ritzville,2017-12-08 11:51:13.872404
2012-05-21,00:45,53.7,53.3,49.1,84.3,0.0,SE@4.1,6.4,62.6,0.0,0,"Ritzville, Adams County",300030,Ritzville,2017-12-08 11:51:13.872404
2012-05-21,01:00,53.8,53.5,49.4,85.0,0.0,SE@4.4,6.4,62.6,0.0,0,"Ritzville, Adams County",300030,Ritzville,2017-12-08 11:51:13.872404
2012-05-21,01:15,53.6,53.4,49.8,86.8,0.14,SE@4.4,5.7,62.6,0.0,0,"Ritzville, Adams County",300030,Ritzville,2017-12-08 11:51:13.872404
2012-05-21,01:30,54.6,54.5,50.1,84.5,0.61,E@3.3,6.4,62.5,0.0,0,"Ritzville, Adams County",300030,Ritzville,2017-12-08 11:51:13.872404
2012-05-21,01:45,54.4,54.0,50.3,86.0,1.0,NW@3.5,6.4,62.4,0.0,0,"Ritzville, Adams County",300030,Ritzville,2017-12-08 11:51:13.872404
2012-05-21,02:00,53.9,53.5,51.0,89.9,1.0,SE@3.1,5.3,62.4,0.02,0,"Ritzville, Adams County",300030,Ritzville,2017-12-08 11:51:13.872404
2012-05-21,02:15,53.5,53.2,51.6,93.0,0.98,SE@2.4,3.5,62.3,0.0,0,"Ritzville, Adams County",300030,Ritzville,2017-12-08 11:51:13.872404
2012-05-21,02:30,53.9,53.7,51.8,92.3,0.98,E@5.3,7.4,62.3,0.02,0,"Ritzville, Adams County",300030,Ritzville,2017-12-08 11:51:13.872404
2012-05-21,02:45,53.9,53.7,51.6,92.0,0.93,E@6.2,9.6,62.2,0.02,0,"Ritzville, Adams County",300030,Ritzville,2017-12-08 11:51:13.872404
2012-05-21,03:00,54.3,54.1,51.8,91.4,0.92,E@6.2,8.2,62.2,0.0,0,"Ritzville, Adams County",300030,Ritzville,2017-12-08 11:51:13.872404
2012-05-21,03:15,54.4,54.3,52.0,91.3,0.91,E@6.6,8.5,62.1,0.0,0,"Ritzville, Adams County",300030,Ritzville,2017-12-08 11:51:13.872404
2012-05-21,03:30,54.6,54.4,52.1,91.1,0.9,E@6.3,9.2,62.1,0.0,0,"Ritzville, Adams County",300030,Ritzville,2017-12-08 11:51:13.872404
2012-05-21,03:45,54.2,53.9,52.2,93.1,0.92,NE@5.0,6.7,62.0,0.02,0,"Ritzville, Adams County",300030,Ritzville,2017-12-08 11:51:13.872404
2012-05-21,04:00,54.1,53.9,52.6,94.5,0.94,E@5.5,9.2,62.0,0.01,0,"Ritzville, Adams County",300030,Ritzville,2017-12-08 11:51:13.872404
2012-05-21,04:15,54.0,53.7,52.6,94.9,0.9,E@6.8,9.6,61.9,0.01,1,"Ritzville, Adams County",300030,Ritzville,2017-12-08 11:51:13.872404
2012-05-21,04:30,53.8,53.6,52.6,95.6,0.9,NE@6.5,8.5,61.9,0.0,4,"Ritzville, Adams County",300030,Ritzville,2017-12-08 11:51:13.872404
2012-05-21,04:45,54.0,53.7,52.8,95.6,0.9,NE@5.7,7.8,61.8,0.0,10,"Ritzville, Adams County",300030,Ritzville,2017-12-08 11:51:13.872404
2012-05-21,05:00,54.1,53.9,52.8,95.3,0.91,NE@6.4,8.5,61.8,0.0,18,"Ritzville, Adams County",300030,Ritzville,2017-12-08 11:51:13.872404
2012-05-21,05:15,54.4,54.1,53.0,95.2,0.91,NE@6.4,8.2,61.7,0.0,32,"Ritzville, Adams County",300030,Ritzville,2017-12-08 11:51:13.872404
2012-05-21,05:30,54.7,54.5,53.3,95.0,0.91,NE@6.8,8.9,61.6,0.0,42,"Ritzville, Adams County",300030,Ritzville,2017-12-08 11:51:13.872404
2012-05-21,05:45,55.2,55.0,53.4,93.6,0.89,E@6.4,9.2,61.6,0.0,60,"Ritzville, Adams County",300030,Ritzville,2017-12-08 11:51:13.872404
2012-05-21,06:00,55.7,55.4,53.6,92.8,0.85,E@5.9,7.8,61.5,0.0,68,"Ritzville, Adams County",300030,Ritzville,2017-12-08 11:51:13.872404
2012-05-21,06:15,56.1,55.9,54.1,92.9,0.8,E@5.9,9.2,61.5,0.0,95,"Ritzville, Adams County",300030,Ritzville,2017-12-08 11:51:13.872404
2012-05-21,06:30,56.7,56.5,54.6,92.5,0.75,E@5.8,8.5,61.4,0.0,114,"Ritzville, Adams County",300030,Ritzville,2017-12-08 11:51:13.872404
2012-05-21,06:45,56.8,56.6,54.6,92.3,0.67,E@5.0,7.8,61.4,0.0,83,"Ritzville, Adams County",300030,Ritzville,2017-12-08 11:51:13.872404
2012-05-21,07:00,57.1,56.8,54.7,91.8,0.52,E@5.2,8.9,61.3,0.0,98,"Ritzville, Adams County",300030,Ritzville,2017-12-08 11:51:13.872404
2012-05-21,07:15,57.1,56.8,54.7,91.9,0.51,E@6.1,11.4,61.3,0.0,99,"Ritzville, Adams County",300030,Ritzville,2017-12-08 11:51:13.872404
2012-05-21,07:30,57.5,57.2,54.8,90.5,0.58,SE@5.9,10.3,61.2,0.0,156,"Ritzville, Adams County",300030,Ritzville,2017-12-08 11:51:13.872404
2012-05-21,07:45,57.7,57.4,54.9,90.4,0.35,SE@6.6,10.7,61.2,0.0,190,"Ritzville, Adams County",300030,Ritzville,2017-12-08 11:51:13.872404
2012-05-21,08:00,58.1,57.8,55.4,90.8,0.02,SE@4.4,9.2,61.1,0.0,199,"Ritzville, Adams County",300030,Ritzville,2017-12-08 11:51:13.872404
2012-05-21,08:15,58.5,58.1,55.2,88.9,0.0,S@6.8,11.0,61.1,0.0,337,"Ritzville, Adams County",300030,Ritzville,2017-12-08 11:51:13.872404
2012-05-21,08:30,58.4,58.1,55.1,88.8,0.0,S@5.0,10.3,61.0,0.0,222,"Ritzville, Adams County",300030,Ritzville,2017-12-08 11:51:13.872404
2012-05-21,08:45,57.9,57.6,55.1,90.2,0.0,SE@7.5,13.9,61.0,0.0,177,"Ritzville, Adams County",300030,Ritzville,2017-12-08 11:51:13.872404
2012-05-21,09:00,58.2,58.0,55.7,91.2,0.0,SE@9.5,13.2,61.0,0.0,192,"Ritzville, Adams County",300030,Ritzville,2017-12-08 11:51:13.872404
2012-05-21,09:15,59.3,59.1,56.2,89.4,0.0,SE@9.4,14.6,60.9,0.0,302,"Ritzville, Adams County",300030,Ritzville,2017-12-08 11:51:13.872404
2012-05-21,09:30,60.3,60.1,56.7,87.8,0.0,SE@9.0,14.2,60.9,0.0,297,"Ritzville, Adams County",300030,Ritzville,2017-12-08 11:51:13.872404
2012-05-21,09:45,61.3,61.1,57.2,86.2,0.0,SE@3.7,8.9,60.9,0.0,284,"Ritzville, Adams County",300030,Ritzville,2017-12-08 11:51:13.872404
2012-05-21,10:00,62.1,61.7,56.5,81.9,0.0,SE@3.6,8.2,60.8,0.0,278,"Ritzville, Adams County",300030,Ritzville,2017-12-08 11:51:13.872404
2012-05-21,10:15,61.9,61.6,55.8,80.4,0.0,SE@5.2,9.9,60.8,0.0,334,"Ritzville, Adams County",300030,Ritzville,2017-12-08 11:51:13.872404
2012-05-21,10:30,62.6,62.3,56.3,79.9,0.0,SE@4.4,7.4,60.8,0.0,361,"Ritzville, Adams County",300030,Ritzville,2017-12-08 11:51:13.872404
2012-05-21,10:45,63.6,63.4,56.6,77.8,0.0,S@5.2,10.3,60.8,0.0,432,"Ritzville, Adams County",300030,Ritzville,2017-12-08 11:51:13.872404
2012-05-21,11:00,64.8,64.4,56.4,74.3,0.0,S@6.8,11.4,60.8,0.0,552,"Ritzville, Adams County",300030,Ritzville,2017-12-08 11:51:13.872404
2012-05-21,11:15,66.0,65.7,56.7,71.9,0.0,S@7.1,11.7,60.8,0.0,623,"Ritzville, Adams County",300030,Ritzville,2017-12-08 11:51:13.872404
2012-05-21,11:30,67.7,67.3,56.8,67.9,0.0,SW@7.9,12.1,60.8,0.0,691,"Ritzville, Adams County",300030,Ritzville,2017-12-08 11:51:13.872404
2012-05-21,11:45,67.7,67.4,56.3,66.7,0.0,SW@9.0,13.2,60.8,0.0,629,"Ritzville, Adams County",300030,Ritzville,2017-12-08 11:51:13.872404
2012-05-21,12:00,67.4,67.0,56.4,67.8,0.0,SW@8.7,13.9,60.8,0.0,426,"Ritzville, Adams County",300030,Ritzville,2017-12-08 11:51:13.872404
2012-05-21,12:15,66.1,65.8,55.9,69.4,0.0,SW@9.8,14.2,60.8,0.0,228,"Ritzville, Adams County",300030,Ritzville,2017-12-08 11:51:13.872404
2012-05-21,12:30,65.2,64.8,55.9,71.8,0.01,SW@8.6,12.8,60.8,0.0,151,"Ritzville, Adams County",300030,Ritzville,2017-12-08 11:51:13.872404
2012-05-21,12:45,63.3,62.9,56.4,78.2,0.59,SW@8.0,11.0,60.8,0.0,71,"Ritzville, Adams County",300030,Ritzville,2017-12-08 11:51:13.872404
2012-05-21,13:00,61.8,61.5,57.4,85.3,0.94,W@8.0,12.4,60.9,0.01,160,"Ritzville, Adams County",300030,Ritzville,2017-12-08 11:51:13.872404
2012-05-21,13:15,61.8,61.5,57.8,86.6,0.9,W@8.0,11.7,60.9,0.0,213,"Ritzville, Adams County",300030,Ritzville,2017-12-08 11:51:13.872404
2012-05-21,13:30,62.1,61.8,56.9,82.8,0.82,W@7.7,12.1,61.0,0.0,272,"Ritzville, Adams County",300030,Ritzville,2017-12-08 11:51:13.872404
2012-05-21,13:45,61.2,60.8,54.6,78.9,0.55,W@8.1,11.0,61.0,0.0,116,"Ritzville, Adams County",300030,Ritzville,2017-12-08 11:51:13.872404
2012-05-21,14:00,60.4,60.1,55.3,83.1,0.91,SW@7.3,11.0,61.1,0.01,253,"Ritzville, Adams County",300030,Ritzville,2017-12-08 11:51:13.872404
2012-05-21,14:15,60.5,60.2,54.1,79.3,0.81,SW@7.5,9.9,61.1,0.0,149,"Ritzville, Adams County",300030,Ritzville,2017-12-08 11:51:13.872404
2012-05-21,14:30,60.0,59.7,54.8,83.1,0.89,SW@7.5,11.4,61.2,0.01,154,"Ritzville, Adams County",300030,Ritzville,2017-12-08 11:51:13.872404
2012-05-21,14:45,59.9,59.7,55.1,84.0,0.88,SW@8.4,13.2,61.2,0.0,183,"Ritzville, Adams County",300030,Ritzville,2017-12-08 11:51:13.872404
2012-05-21,15:00,59.9,59.6,55.2,84.3,0.85,SW@9.1,13.2,61.3,0.0,185,"Ritzville, Adams County",300030,Ritzville,2017-12-08 11:51:13.872404
2012-05-21,15:15,59.7,59.5,55.5,85.7,0.76,SW@8.9,13.5,61.3,0.0,194,"Ritzville, Adams County",300030,Ritzville,2017-12-08 11:51:13.872404
2012-05-21,15:30,59.8,59.5,56.0,87.4,0.31,SW@7.8,12.1,61.3,0.0,176,"Ritzville, Adams County",300030,Ritzville,2017-12-08 11:51:13.872404
2012-05-21,15:45,59.4,59.1,56.4,89.6,0.0,S@8.8,15.7,61.4,0.0,95,"Ritzville, Adams County",300030,Ritzville,2017-12-08 11:51:13.872404
2012-05-21,16:00,58.0,57.6,54.6,88.6,0.04,S@10.2,16.7,61.4,0.0,117,"Ritzville, Adams County",300030,Ritzville,2017-12-08 11:51:13.872404
2012-05-21,16:15,57.4,57.1,53.9,88.1,0.0,S@11.3,19.2,61.4,0.0,91,"Ritzville, Adams County",300030,Ritzville,2017-12-08 11:51:13.872404
2012-05-21,16:30,56.3,56.0,52.7,87.6,0.64,SW@11.1,17.1,61.4,0.01,53,"Ritzville, Adams County",300030,Ritzville,2017-12-08 11:51:13.872404
2012-05-21,16:45,55.6,55.3,52.8,90.3,0.85,S@9.3,14.2,61.5,0.01,57,"Ritzville, Adams County",300030,Ritzville,2017-12-08 11:51:13.872404
2012-05-21,17:00,55.6,55.4,52.8,90.2,0.78,SW@11.3,16.7,61.5,0.0,94,"Ritzville, Adams County",300030,Ritzville,2017-12-08 11:51:13.872404
2012-05-21,17:15,55.6,55.4,53.1,91.1,0.47,S@10.1,15.0,61.5,0.0,109,"Ritzville, Adams County",300030,Ritzville,2017-12-08 11:51:13.872404
2012-05-21,17:30,55.7,55.4,53.3,91.5,0.04,S@10.2,20.7,61.5,0.0,97,"Ritzville, Adams County",300030,Ritzville,2017-12-08 11:51:13.872404
2012-05-21,17:45,55.2,55.0,53.1,92.3,0.0,S@10.6,16.0,61.5,0.0,82,"Ritzville, Adams County",300030,Ritzville,2017-12-08 11:51:13.872404
2012-05-21,18:00,55.0,54.7,52.9,92.6,0.0,S@8.4,17.1,61.6,0.0,60,"Ritzville, Adams County",300030,Ritzville,2017-12-08 11:51:13.872404
2012-05-21,18:15,54.7,54.4,52.5,92.2,0.0,S@8.8,15.0,61.6,0.0,52,"Ritzville, Adams County",300030,Ritzville,2017-12-08 11:51:13.872404
2012-05-21,18:30,54.4,54.1,52.3,92.4,0.0,S@9.4,16.0,61.5,0.0,42,"Ritzville, Adams County",300030,Ritzville,2017-12-08 11:51:13.872404
2012-05-21,18:45,54.1,53.8,52.2,93.4,0.0,S@9.1,15.7,61.5,0.0,40,"Ritzville, Adams County",300030,Ritzville,2017-12-08 11:51:13.872404
2012-05-21,19:00,53.8,53.5,52.0,93.6,0.0,S@9.7,16.4,61.5,0.0,24,"Ritzville, Adams County",300030,Ritzville,2017-12-08 11:51:13.872404
2012-05-21,19:15,53.5,53.3,51.7,93.5,0.0,S@10.4,16.0,61.5,0.0,16,"Ritzville, Adams County",300030,Ritzville,2017-12-08 11:51:13.872404
2012-05-21,19:30,53.3,53.0,51.5,93.6,0.0,S@10.1,16.4,61.5,0.0,7,"Ritzville, Adams County",300030,Ritzville,2017-12-08 11:51:13.872404
2012-05-21,19:45,53.3,53.1,51.5,93.6,0.0,S@9.6,16.4,61.5,0.0,2,"Ritzville, Adams County",300030,Ritzville,2017-12-08 11:51:13.872404
2012-05-21,20:00,53.3,53.1,51.6,93.7,0.0,SW@12.3,17.8,61.5,0.0,0,"Ritzville, Adams County",300030,Ritzville,2017-12-08 11:51:13.872404
2012-05-21,20:15,53.4,53.1,51.7,93.7,0.0,SW@10.1,17.5,61.4,0.0,0,"Ritzville, Adams County",300030,Ritzville,2017-12-08 11:51:13.872404
2012-05-21,20:30,53.2,53.0,51.6,94.3,0.0,S@8.9,15.0,61.4,0.0,0,"Ritzville, Adams County",300030,Ritzville,2017-12-08 11:51:13.872404
2012-05-21,20:45,53.1,52.8,51.5,94.1,0.0,S@9.1,14.6,61.4,0.0,0,"Ritzville, Adams County",300030,Ritzville,2017-12-08 11:51:13.872404
2012-05-21,21:00,53.0,52.8,51.4,94.0,0.0,SW@10.8,18.9,61.3,0.0,0,"Ritzville, Adams County",300030,Ritzville,2017-12-08 11:51:13.872404
2012-05-21,21:15,52.9,52.7,50.9,92.7,0.0,SW@10.7,16.4,61.3,0.0,0,"Ritzville, Adams County",300030,Ritzville,2017-12-08 11:51:13.872404
2012-05-21,21:30,53.0,52.8,50.6,91.5,0.0,SW@11.4,17.8,61.3,0.0,0,"Ritzville, Adams County",300030,Ritzville,2017-12-08 11:51:13.872404
2012-05-21,21:45,53.1,52.8,50.5,90.9,0.01,SW@11.5,18.2,61.2,0.01,0,"Ritzville, Adams County",300030,Ritzville,2017-12-08 11:51:13.872404
2012-05-21,22:00,52.5,52.3,50.2,91.5,0.0,SW@10.5,16.7,61.2,0.0,0,"Ritzville, Adams County",300030,Ritzville,2017-12-08 11:51:13.872404
2012-05-21,22:15,52.2,51.9,49.9,91.8,0.0,SW@9.7,14.6,61.1,0.0,0,"Ritzville, Adams County",300030,Ritzville,2017-12-08 11:51:13.872404
2012-05-21,22:30,51.8,51.5,49.7,92.6,0.0,SW@10.3,14.6,61.1,0.0,0,"Ritzville, Adams County",300030,Ritzville,2017-12-08 11:51:13.872404
2012-05-21,22:45,51.5,51.2,49.7,93.3,0.04,SW@9.9,15.7,61.0,0.0,0,"Ritzville, Adams County",300030,Ritzville,2017-12-08 11:51:13.872404
2012-05-21,23:00,51.4,51.2,49.6,93.6,0.08,SW@11.4,16.7,61.0,0.0,0,"Ritzville, Adams County",300030,Ritzville,2017-12-08 11:51:13.872404
2012-05-22,23:15,51.2,50.9,49.4,93.6,0.08,SW@10.0,17.1,60.9,0.0,0,"Ritzville, Adams County",300030,Ritzville,2017-12-08 11:51:13.872404
2012-05-22,23:30,51.3,51.0,49.4,93.4,0.02,SW@11.7,17.8,60.9,0.0,0,"Ritzville, Adams County",300030,Ritzville,2017-12-08 11:51:13.872404
2012-05-22,23:45,51.1,50.7,49.1,93.0,0.0,S@10.1,17.1,60.8,0.0,0,"Ritzville, Adams County",300030,Ritzville,2017-12-08 11:51:13.872404
2012-05-22,24:00,50.7,50.4,48.8,93.0,0.0,SW@10.1,15.7,60.7,0.0,0,"Ritzville, Adams County",300030,Ritzville,2017-12-08 11:51:13.872404
2012-05-22,00:15,50.6,50.3,48.1,91.2,0.0,SW@10.6,17.8,60.7,0.0,0,"Ritzville, Adams County",300030,Ritzville,2017-12-08 11:51:13.872404
2012-05-22,00:30,50.2,49.9,47.4,90.0,0.0,SW@9.1,13.9,60.6,0.0,0,"Ritzville, Adams County",300030,Ritzville,2017-12-08 11:51:13.872404
2012-05-22,00:45,49.8,49.5,47.2,90.7,0.0,S@8.4,13.9,60.6,0.0,0,"Ritzville, Adams County",300030,Ritzville,2017-12-08 11:51:13.872404
2012-05-22,01:00,49.8,49.5,47.1,90.3,0.0,SW@9.4,15.0,60.5,0.0,0,"Ritzville, Adams County",300030,Ritzville,2017-12-08 11:51:13.872404
2012-05-22,01:15,49.9,49.6,46.4,87.9,0.0,SW@11.2,16.4,60.4,0.0,0,"Ritzville, Adams County",300030,Ritzville,2017-12-08 11:51:13.872404
2012-05-22,01:30,49.5,49.2,45.7,86.7,0.0,SW@11.8,17.8,60.4,0.0,0,"Ritzville, Adams County",300030,Ritzville,2017-12-08 11:51:13.872404
2012-05-22,01:45,49.2,48.9,44.8,84.6,0.0,SW@11.3,17.1,60.3,0.0,0,"Ritzville, Adams County",300030,Ritzville,2017-12-08 11:51:13.872404
2012-05-22,02:00,49.0,48.7,44.3,83.7,0.0,SW@10.4,16.0,60.2,0.0,0,"Ritzville, Adams County",300030,Ritzville,2017-12-08 11:51:13.872404
2012-05-22,02:15,48.3,47.9,43.9,84.6,0.0,S@8.5,12.8,60.2,0.0,0,"Ritzville, Adams County",300030,Ritzville,2017-12-08 11:51:13.872404
2012-05-22,02:30,47.7,47.5,43.7,85.6,0.0,SW@10.0,15.0,60.1,0.0,0,"Ritzville, Adams County",300030,Ritzville,2017-12-08 11:51:13.872404
2012-05-22,02:45,47.9,47.6,43.1,83.3,0.0,SW@11.6,16.7,60.0,0.0,0,"Ritzville, Adams County",300030,Ritzville,2017-12-08 11:51:13.872404
2012-05-22,03:00,47.8,47.5,42.9,83.0,0.0,SW@11.3,15.7,60.0,0.0,0,"Ritzville, Adams County",300030,Ritzville,2017-12-08 11:51:13.872404
2012-05-22,03:15,47.8,47.5,42.8,82.6,0.0,SW@11.0,15.7,59.9,0.0,0,"Ritzville, Adams County",300030,Ritzville,2017-12-08 11:51:13.872404
2012-05-22,03:30,47.7,47.4,42.6,82.5,0.0,SW@10.7,15.7,59.8,0.0,0,"Ritzville, Adams County",300030,Ritzville,2017-12-08 11:51:13.872404
2012-05-22,03:45,47.2,46.9,42.4,83.3,0.0,S@8.3,14.2,59.7,0.0,0,"Ritzville, Adams County",300030,Ritzville,2017-12-08 11:51:13.872404
2012-05-22,04:00,46.7,46.4,42.4,84.9,0.0,SW@8.5,16.7,59.7,0.0,1,"Ritzville, Adams County",300030,Ritzville,2017-12-08 11:51:13.872404
2012-05-22,04:15,46.7,46.4,42.1,83.6,0.0,SW@9.1,13.2,59.6,0.0,2,"Ritzville, Adams County",300030,Ritzville,2017-12-08 11:51:13.872404
2012-05-22,04:30,46.3,46.1,41.9,84.3,0.0,SW@9.2,13.9,59.5,0.0,6,"Ritzville, Adams County",300030,Ritzville,2017-12-08 11:51:13.872404
2012-05-22,04:45,46.5,46.2,41.4,82.1,0.0,SW@9.2,14.2,59.5,0.0,14,"Ritzville, Adams County",300030,Ritzville,2017-12-08 11:51:13.872404
2012-05-22,05:00,46.2,45.9,41.1,82.2,0.0,SW@9.2,14.2,59.4,0.0,29,"Ritzville, Adams County",300030,Ritzville,2017-12-08 11:51:13.872404
2012-05-22,05:15,46.2,45.9,40.9,81.4,0.0,SW@9.4,13.5,59.3,0.0,50,"Ritzville, Adams County",300030,Ritzville,2017-12-08 11:51:13.872404
2012-05-22,05:30,46.2,45.9,41.0,81.7,0.0,SW@10.5,14.2,59.3,0.0,75,"Ritzville, Adams County",300030,Ritzville,2017-12-08 11:51:13.872404
2012-05-22,05:45,46.3,46.0,41.4,82.8,0.0,SW@8.9,13.2,59.2,0.0,111,"Ritzville, Adams County",300030,Ritzville,2017-12-08 11:51:13.872404
2012-05-22,06:00,47.1,46.8,41.7,81.4,0.0,SW@10.3,14.6,59.1,0.0,194,"Ritzville, Adams County",300030,Ritzville,2017-12-08 11:51:13.872404
2012-05-22,06:15,48.3,48.0,42.4,79.8,0.0,SW@8.6,12.4,59.0,0.0,258,"Ritzville, Adams County",300030,Ritzville,2017-12-08 11:51:13.872404
2012-05-22,06:30,50.3,49.9,42.9,75.5,0.0,SW@10.0,15.0,59.0,0.0,358,"Ritzville, Adams County",300030,Ritzville,2017-12-08 11:51:13.872404
2012-05-22,06:45,50.6,50.1,42.6,73.9,0.0,SW@11.5,16.0,58.9,0.0,265,"Ritzville, Adams County",300030,Ritzville,2017-12-08 11:51:13.872404
2012-05-22,07:00,50.4,50.1,42.8,74.9,0.0,SW@10.9,15.7,58.8,0.0,242,"Ritzville, Adams County",300030,Ritzville,2017-12-08 11:51:13.872404
2012-05-22,07:15,50.9,50.6,42.7,73.3,0.0,SW@11.4,14.6,58.7,0.0,277,"Ritzville, Adams County",300030,Ritzville,2017-12-08 11:51:13.872404
2012-05-22,07:30,52.3,51.9,42.5,69.1,0.0,SW@13.2,18.9,58.7,0.0,378,"Ritzville, Adams County",300030,Ritzville,2017-12-08 11:51:13.872404
2012-05-22,07:45,52.8,52.4,42.3,67.5,0.0,SW@12.8,17.8,58.6,0.0,344,"Ritzville, Adams County",300030,Ritzville,2017-12-08 11:51:13.872404
2012-05-22,08:00,53.4,52.9,41.9,65.0,0.0,SW@14.5,19.2,58.5,0.0,427,"Ritzville, Adams County",300030,Ritzville,2017-12-08 11:51:13.872404
2012-05-22,08:15,54.3,53.9,41.8,62.4,0.0,SW@13.8,18.9,58.5,0.0,576,"Ritzville, Adams County",300030,Ritzville,2017-12-08 11:51:13.872404
2012-05-22,08:30,55.2,54.8,42.2,61.3,0.0,SW@12.7,18.2,58.4,0.0,605,"Ritzville, Adams County",300030,Ritzville,2017-12-08 11:51:13.872404
2012-05-22,08:45,56.7,56.1,41.4,56.5,0.0,SW@14.2,20.7,58.4,0.0,721,"Ritzville, Adams County",300030,Ritzville,2017-12-08 11:51:13.872404
2012-05-22,09:00,56.3,55.8,40.7,55.7,0.0,SW@14.2,20.0,58.3,0.0,624,"Ritzville, Adams County",300030,Ritzville,2017-12-08 11:51:13.872404
2012-05-22,09:15,58.2,57.8,40.3,51.2,0.0,W@14.5,20.0,58.3,0.0,940,"Ritzville, Adams County",300030,Ritzville,2017-12-08 11:51:13.872404
2012-05-22,09:30,58.7,58.0,39.3,48.5,0.0,W@14.6,19.6,58.2,0.0,789,"Ritzville, Adams County",300030,Ritzville,2017-12-08 11:51:13.872404
2012-05-22,09:45,58.7,58.2,39.1,48.0,0.0,W@14.2,19.6,58.2,0.0,840,"Ritzville, Adams County",300030,Ritzville,2017-12-08 11:51:13.872404
2012-05-22,10:00,59.3,58.7,38.1,45.2,0.0,W@15.0,20.7,58.2,0.0,931,"Ritzville, Adams County",300030,Ritzville,2017-12-08 11:51:13.872404
2012-05-22,10:15,59.9,59.4,37.4,43.1,0.0,W@14.5,19.2,58.2,0.0,986,"Ritzville, Adams County",300030,Ritzville,2017-12-08 11:51:13.872404
2012-05-22,10:30,59.6,58.9,37.5,43.7,0.0,W@14.5,20.3,58.2,0.0,849,"Ritzville, Adams County",300030,Ritzville,2017-12-08 11:51:13.872404
2012-05-22,10:45,59.0,58.5,36.9,43.5,0.0,SW@15.2,21.0,58.2,0.0,830,"Ritzville, Adams County",300030,Ritzville,2017-12-08 11:51:13.872404
2012-05-22,11:00,59.9,59.4,35.9,40.7,0.0,W@15.2,21.0,58.2,0.0,964,"Ritzville, Adams County",300030,Ritzville,2017-12-08 11:51:13.872404
2012-05-22,11:15,60.2,59.7,34.7,38.3,0.0,W@16.2,25.3,58.2,0.0,1018,"Ritzville, Adams County",300030,Ritzville,2017-12-08 11:51:13.872404
2012-05-22,11:30,60.7,60.1,35.0,38.1,0.0,SW@16.7,27.8,58.2,0.0,869,"Ritzville, Adams County",300030,Ritzville,2017-12-08 11:51:13.872404
2012-05-22,11:45,59.1,58.5,34.7,39.7,0.0,W@14.8,21.0,58.3,0.0,573,"Ritzville, Adams County",300030,Ritzville,2017-12-08 11:51:13.872404
2012-05-22,12:00,57.5,57.0,36.3,44.8,0.0,SW@13.9,19.2,58.3,0.0,333,"Ritzville, Adams County",300030,Ritzville,2017-12-08 11:51:13.872404
2012-05-22,12:15,56.9,56.5,36.5,46.2,0.0,SW@13.8,19.2,58.4,0.0,319,"Ritzville, Adams County",300030,Ritzville,2017-12-08 11:51:13.872404
2012-05-22,12:30,58.7,58.3,36.5,43.4,0.0,SW@14.9,18.9,58.4,0.0,598,"Ritzville, Adams County",300030,Ritzville,2017-12-08 11:51:13.872404
2012-05-22,12:45,58.1,57.6,36.4,44.2,0.0,SW@14.8,21.8,58.5,0.0,420,"Ritzville, Adams County",300030,Ritzville,2017-12-08 11:51:13.872404
2012-05-22,13:00,58.6,58.2,36.3,43.2,0.0,SW@14.3,22.8,58.6,0.0,511,"Ritzville, Adams County",300030,Ritzville,2017-12-08 11:51:13.872404
2012-05-22,13:15,58.2,57.8,36.1,43.5,0.0,SW@14.9,21.8,58.6,0.0,449,"Ritzville, Adams County",300030,Ritzville,2017-12-08 11:51:13.872404
2012-05-22,13:30,59.2,58.9,36.2,42.1,0.0,SW@15.2,21.4,58.7,0.0,636,"Ritzville, Adams County",300030,Ritzville,2017-12-08 11:51:13.872404
2012-05-22,13:45,60.9,60.5,36.4,39.9,0.0,SW@15.9,25.3,58.8,0.0,741,"Ritzville, Adams County",300030,Ritzville,2017-12-08 11:51:13.872404
2012-05-22,14:00,61.8,61.2,36.7,39.2,0.0,SW@17.8,26.8,58.9,0.0,884,"Ritzville, Adams County",300030,Ritzville,2017-12-08 11:51:13.872404
2012-05-22,14:15,61.3,60.7,36.8,39.9,0.0,SW@17.3,25.3,58.9,0.0,667,"Ritzville, Adams County",300030,Ritzville,2017-12-08 11:51:13.872404
2012-05-22,14:30,58.5,58.0,36.8,44.3,0.0,SW@16.0,23.2,59.0,0.0,392,"Ritzville, Adams County",300030,Ritzville,2017-12-08 11:51:13.872404
2012-05-22,14:45,59.5,59.0,38.1,44.8,0.0,SW@16.4,22.5,59.1,0.0,549,"Ritzville, Adams County",300030,Ritzville,2017-12-08 11:51:13.872404
2012-05-22,15:00,58.2,57.7,39.2,49.1,0.0,SW@16.3,23.5,59.2,0.0,448,"Ritzville, Adams County",300030,Ritzville,2017-12-08 11:51:13.872404
2012-05-22,15:15,57.3,56.9,38.8,50.0,0.0,SW@14.4,19.6,59.2,0.0,335,"Ritzville, Adams County",300030,Ritzville,2017-12-08 11:51:13.872404
2012-05-22,15:30,57.8,57.5,37.3,46.2,0.0,SW@13.3,20.3,59.3,0.0,415,"Ritzville, Adams County",300030,Ritzville,2017-12-08 11:51:13.872404
2012-05-22,15:45,58.9,58.5,37.9,45.4,0.0,SW@13.1,20.3,59.4,0.0,400,"Ritzville, Adams County",300030,Ritzville,2017-12-08 11:51:13.872404
2012-05-22,16:00,59.2,58.9,38.2,45.5,0.0,SW@14.6,23.5,59.4,0.0,469,"Ritzville, Adams County",300030,Ritzville,2017-12-08 11:51:13.872404
2012-05-22,16:15,59.2,58.8,38.1,45.3,0.0,SW@14.7,20.7,59.5,0.0,395,"Ritzville, Adams County",300030,Ritzville,2017-12-08 11:51:13.872404
2012-05-22,16:30,58.0,57.5,38.5,48.1,0.0,SW@15.2,22.5,59.6,0.0,194,"Ritzville, Adams County",300030,Ritzville,2017-12-08 11:51:13.872404
2012-05-22,16:45,57.3,57.0,39.5,51.2,0.0,SW@15.1,21.4,59.7,0.0,213,"Ritzville, Adams County",300030,Ritzville,2017-12-08 11:51:13.872404
2012-05-22,17:00,57.4,57.0,39.9,51.9,0.0,SW@14.7,21.0,59.7,0.0,204,"Ritzville, Adams County",300030,Ritzville,2017-12-08 11:51:13.872404
2012-05-22,17:15,56.3,55.9,40.3,55.0,0.0,SW@16.0,23.2,59.8,0.0,184,"Ritzville, Adams County",300030,Ritzville,2017-12-08 11:51:13.872404
2012-05-22,17:30,55.5,55.2,39.3,54.3,0.0,SW@14.1,20.3,59.8,0.0,123,"Ritzville, Adams County",300030,Ritzville,2017-12-08 11:51:13.872404
2012-05-22,17:45,54.8,54.6,39.6,56.2,0.0,SW@13.0,18.2,59.9,0.0,86,"Ritzville, Adams County",300030,Ritzville,2017-12-08 11:51:13.872404
2012-05-22,18:00,55.1,54.8,39.3,55.1,0.0,SW@13.9,21.8,60.0,0.0,95,"Ritzville, Adams County",300030,Ritzville,2017-12-08 11:51:13.872404
2012-05-22,18:15,55.2,54.9,40.1,56.8,0.0,SW@13.6,19.2,60.0,0.0,80,"Ritzville, Adams County",300030,Ritzville,2017-12-08 11:51:13.872404
2012-05-22,18:30,54.5,54.2,40.1,58.2,0.0,SW@12.9,18.9,60.1,0.0,41,"Ritzville, Adams County",300030,Ritzville,2017-12-08 11:51:13.872404
2012-05-22,18:45,54.1,53.8,40.4,59.8,0.0,SW@13.1,20.0,60.1,0.0,25,"Ritzville, Adams County",300030,Ritzville,2017-12-08 11:51:13.872404
2012-05-22,19:00,53.9,53.7,40.9,61.2,0.0,SW@12.6,17.5,60.1,0.0,17,"Ritzville, Adams County",300030,Ritzville,2017-12-08 11:51:13.872404
2012-05-22,19:15,53.5,53.2,41.2,62.8,0.0,SW@12.6,17.5,60.2,0.0,11,"Ritzville, Adams County",300030,Ritzville,2017-12-08 11:51:13.872404
2012-05-22,19:30,52.7,52.4,41.4,65.5,0.0,SW@10.8,15.3,60.2,0.0,6,"Ritzville, Adams County",300030,Ritzville,2017-12-08 11:51:13.872404
2012-05-22,19:45,52.0,51.7,41.7,68.0,0.0,SW@10.0,14.2,60.2,0.0,2,"Ritzville, Adams County",300030,Ritzville,2017-12-08 11:51:13.872404
2012-05-22,20:00,51.4,51.1,42.1,70.5,0.0,SW@9.0,13.2,60.2,0.0,1,"Ritzville, Adams County",300030,Ritzville,2017-12-08 11:51:13.872404
2012-05-22,20:15,50.9,50.6,42.6,73.1,0.0,SW@8.4,12.1,60.2,0.0,0,"Ritzville, Adams County",300030,Ritzville,2017-12-08 11:51:13.872404
2012-05-22,20:30,50.5,50.2,43.1,75.5,0.0,SW@7.9,13.2,60.2,0.0,0,"Ritzville, Adams County",300030,Ritzville,2017-12-08 11:51:13.872404
2012-05-22,20:45,49.7,49.4,43.4,78.7,0.0,SW@6.6,9.9,60.2,0.0,0,"Ritzville, Adams County",300030,Ritzville,2017-12-08 11:51:13.872404
2012-05-22,21:00,48.7,48.3,43.2,81.2,0.0,SW@5.6,7.8,60.2,0.0,0,"Ritzville, Adams County",300030,Ritzville,2017-12-08 11:51:13.872404
2012-05-22,21:15,47.2,46.7,42.7,84.3,0.0,SW@4.9,7.8,60.2,0.0,0,"Ritzville, Adams County",300030,Ritzville,2017-12-08 11:51:13.872404
2012-05-22,21:30,46.2,45.9,42.6,87.1,0.0,SW@4.5,6.4,60.2,0.0,0,"Ritzville, Adams County",300030,Ritzville,2017-12-08 11:51:13.872404
2012-05-22,21:45,46.6,46.4,43.1,87.4,0.0,SW@5.6,9.2,60.1,0.0,0,"Ritzville, Adams County",300030,Ritzville,2017-12-08 11:51:13.872404
2012-05-22,22:00,47.7,47.5,42.7,82.7,0.0,SW@6.6,9.2,60.1,0.0,0,"Ritzville, Adams County",300030,Ritzville,2017-12-08 11:51:13.872404
2012-05-22,22:15,48.3,48.1,42.2,79.1,0.0,SW@7.1,12.8,60.1,0.0,0,"Ritzville, Adams County",300030,Ritzville,2017-12-08 11:51:13.872404
2012-05-22,22:30,48.4,48.1,41.9,77.9,0.0,SW@9.5,13.5,60.0,0.0,0,"Ritzville, Adams County",300030,Ritzville,2017-12-08 11:51:13.872404
2012-05-22,22:45,47.8,47.4,41.5,78.6,0.0,SW@10.0,13.5,60.0,0.0,0,"Ritzville, Adams County",300030,Ritzville,2017-12-08 11:51:13.872404
2012-05-22,23:00,46.4,46.0,41.3,82.3,0.0,SW@8.9,12.1,59.9,0.0,0,"Ritzville, Adams County",300030,Ritzville,2017-12-08 11:51:13.872404
2012-05-23,23:15,45.6,45.3,40.9,83.3,0.0,SW@8.7,12.8,59.9,0.0,0,"Ritzville, Adams County",300030,Ritzville,2017-12-08 11:51:13.872404
2012-05-23,23:30,45.7,45.4,39.7,79.3,0.0,SW@9.5,13.9,59.8,0.0,0,"Ritzville, Adams County",300030,Ritzville,2017-12-08 11:51:13.872404
2012-05-23,23:45,45.8,45.5,39.3,77.8,0.0,SW@10.6,15.3,59.8,0.0,0,"Ritzville, Adams County",300030,Ritzville,2017-12-08 11:51:13.872404
2012-05-23,24:00,45.4,45.1,38.8,77.4,0.0,SW@10.4,15.0,59.7,0.0,0,"Ritzville, Adams County",300030,Ritzville,2017-12-08 11:51:13.872404
