Date,Time PST,Air Temp °F, 2<sup>nd</sup> Air Temp °F, Dew Point °F, Rel Hum %, Leaf Wet u., Wind Dir @ Speed mph, Wind Gust mph, 8 in. Soil Tmp °F, Tot Prec in, Solar Rad W/m²,Location,Station ID,Station Name,Download Timestamp
2014-10-18,00:15,51.2,50.7,50.8,98.3,0.83,N@0.0,0.0,55.8,0.0,0,"South Tonasket, Okanogan County",330157,South Tonasket,2017-12-07 02:58:52.830976
2014-10-18,00:30,51.2,50.7,50.8,98.3,0.81,N@0.0,0.0,55.8,0.0,0,"South Tonasket, Okanogan County",330157,South Tonasket,2017-12-07 02:58:52.830976
2014-10-18,00:45,51.2,50.6,50.8,98.6,0.8,N@0.0,0.0,55.8,0.0,0,"South Tonasket, Okanogan County",330157,South Tonasket,2017-12-07 02:58:52.830976
2014-10-18,01:00,51.1,50.7,50.9,99.1,0.78,S@0.0,1.4,55.8,0.0,0,"South Tonasket, Okanogan County",330157,South Tonasket,2017-12-07 02:58:52.830976
2014-10-18,01:15,51.2,50.7,51.0,99.2,0.75,SW@0.3,3.1,55.8,0.0,0,"South Tonasket, Okanogan County",330157,South Tonasket,2017-12-07 02:58:52.830976
2014-10-18,01:30,51.3,50.9,51.0,99.0,0.71,W@0.4,2.8,55.8,0.0,0,"South Tonasket, Okanogan County",330157,South Tonasket,2017-12-07 02:58:52.830976
2014-10-18,01:45,51.4,50.8,51.1,98.8,0.68,W@0.4,3.1,55.8,0.0,0,"South Tonasket, Okanogan County",330157,South Tonasket,2017-12-07 02:58:52.830976
2014-10-18,02:00,51.4,50.8,51.1,98.9,0.65,N@0.0,0.0,55.8,0.0,0,"South Tonasket, Okanogan County",330157,South Tonasket,2017-12-07 02:58:52.830976
2014-10-18,02:15,51.4,50.9,51.1,98.8,0.62,E@0.4,2.8,55.8,0.0,0,"South Tonasket, Okanogan County",330157,South Tonasket,2017-12-07 02:58:52.830976
2014-10-18,02:30,51.5,51.0,51.1,98.6,0.56,N@0.0,0.0,55.8,0.0,0,"South Tonasket, Okanogan County",330157,South Tonasket,2017-12-07 02:58:52.830976
2014-10-18,02:45,51.8,51.3,51.1,97.4,0.49,S@0.2,3.5,55.8,0.0,0,"South Tonasket, Okanogan County",330157,South Tonasket,2017-12-07 02:58:52.830976
2014-10-18,03:00,52.0,51.6,50.9,95.8,0.33,W@0.5,3.1,55.8,0.0,0,"South Tonasket, Okanogan County",330157,South Tonasket,2017-12-07 02:58:52.830976
2014-10-18,03:15,52.2,51.8,50.8,95.0,0.16,SE@0.2,3.5,55.8,0.0,0,"South Tonasket, Okanogan County",330157,South Tonasket,2017-12-07 02:58:52.830976
2014-10-18,03:30,52.2,51.7,50.7,94.5,0.02,S@0.2,3.5,55.8,0.0,0,"South Tonasket, Okanogan County",330157,South Tonasket,2017-12-07 02:58:52.830976
2014-10-18,03:45,52.3,51.9,50.6,93.6,0.0,S@0.3,2.4,55.7,0.0,0,"South Tonasket, Okanogan County",330157,South Tonasket,2017-12-07 02:58:52.830976
2014-10-18,04:00,52.4,51.9,50.5,93.1,0.0,S@0.7,3.1,55.7,0.0,0,"South Tonasket, Okanogan County",330157,South Tonasket,2017-12-07 02:58:52.830976
2014-10-18,04:15,52.2,51.7,50.5,93.7,0.0,S@0.4,2.8,55.7,0.0,0,"South Tonasket, Okanogan County",330157,South Tonasket,2017-12-07 02:58:52.830976
2014-10-18,04:30,52.1,51.6,50.5,94.1,0.0,S@0.2,2.4,55.7,0.0,0,"South Tonasket, Okanogan County",330157,South Tonasket,2017-12-07 02:58:52.830976
2014-10-18,04:45,52.2,51.7,50.4,93.4,0.0,S@0.2,2.4,55.7,0.0,0,"South Tonasket, Okanogan County",330157,South Tonasket,2017-12-07 02:58:52.830976
2014-10-18,05:00,52.4,51.9,50.3,92.6,0.0,S@0.3,2.1,55.7,0.0,0,"South Tonasket, Okanogan County",330157,South Tonasket,2017-12-07 02:58:52.830976
2014-10-18,05:15,52.3,51.8,50.2,92.3,0.0,S@0.1,1.7,55.7,0.0,0,"South Tonasket, Okanogan County",330157,South Tonasket,2017-12-07 02:58:52.830976
2014-10-18,05:30,52.2,51.6,50.1,92.7,0.0,N@0.0,0.0,55.7,0.0,0,"South Tonasket, Okanogan County",330157,South Tonasket,2017-12-07 02:58:52.830976
2014-10-18,05:45,52.3,51.7,50.2,92.7,0.0,SE@0.1,2.4,55.7,0.0,0,"South Tonasket, Okanogan County",330157,South Tonasket,2017-12-07 02:58:52.830976
2014-10-18,06:00,52.3,51.7,50.2,92.6,0.0,N@0.0,0.0,55.7,0.0,0,"South Tonasket, Okanogan County",330157,South Tonasket,2017-12-07 02:58:52.830976
2014-10-18,06:15,52.4,52.0,50.0,91.5,0.0,S@0.2,2.8,55.7,0.0,1,"South Tonasket, Okanogan County",330157,South Tonasket,2017-12-07 02:58:52.830976
2014-10-18,06:30,52.6,52.1,49.9,90.6,0.0,S@0.0,1.4,55.7,0.0,2,"South Tonasket, Okanogan County",330157,South Tonasket,2017-12-07 02:58:52.830976
2014-10-18,06:45,52.6,52.0,50.0,91.0,0.0,E@0.0,1.4,55.7,0.0,4,"South Tonasket, Okanogan County",330157,South Tonasket,2017-12-07 02:58:52.830976
2014-10-18,07:00,52.6,52.1,50.2,91.3,0.0,N@0.0,0.0,55.7,0.0,6,"South Tonasket, Okanogan County",330157,South Tonasket,2017-12-07 02:58:52.830976
2014-10-18,07:15,52.6,52.2,50.3,91.6,0.0,SE@0.4,2.8,55.6,0.0,13,"South Tonasket, Okanogan County",330157,South Tonasket,2017-12-07 02:58:52.830976
2014-10-18,07:30,53.1,52.6,50.5,90.8,0.0,N@0.0,0.0,55.6,0.0,16,"South Tonasket, Okanogan County",330157,South Tonasket,2017-12-07 02:58:52.830976
2014-10-18,07:45,53.2,52.7,50.4,90.1,0.0,S@0.0,1.4,55.6,0.0,12,"South Tonasket, Okanogan County",330157,South Tonasket,2017-12-07 02:58:52.830976
2014-10-18,08:00,53.4,52.8,50.5,89.8,0.0,N@0.0,0.0,55.6,0.0,16,"South Tonasket, Okanogan County",330157,South Tonasket,2017-12-07 02:58:52.830976
2014-10-18,08:15,53.6,53.1,50.7,89.6,0.0,N@0.0,0.0,55.6,0.0,29,"South Tonasket, Okanogan County",330157,South Tonasket,2017-12-07 02:58:52.830976
2014-10-18,08:30,53.9,53.4,50.7,89.0,0.0,S@0.5,3.1,55.6,0.0,30,"South Tonasket, Okanogan County",330157,South Tonasket,2017-12-07 02:58:52.830976
2014-10-18,08:45,54.1,53.6,50.8,88.7,0.0,S@0.1,1.7,55.6,0.0,40,"South Tonasket, Okanogan County",330157,South Tonasket,2017-12-07 02:58:52.830976
2014-10-18,09:00,54.4,53.9,51.2,88.7,0.0,S@0.1,2.8,55.6,0.0,39,"South Tonasket, Okanogan County",330157,South Tonasket,2017-12-07 02:58:52.830976
2014-10-18,09:15,54.4,54.0,50.7,87.1,0.0,S@1.8,4.9,55.6,0.0,36,"South Tonasket, Okanogan County",330157,South Tonasket,2017-12-07 02:58:52.830976
2014-10-18,09:30,54.6,54.2,51.1,87.6,0.0,N@0.0,0.0,55.6,0.0,54,"South Tonasket, Okanogan County",330157,South Tonasket,2017-12-07 02:58:52.830976
2014-10-18,09:45,55.0,54.5,51.3,87.1,0.0,N@0.0,0.0,55.6,0.0,60,"South Tonasket, Okanogan County",330157,South Tonasket,2017-12-07 02:58:52.830976
2014-10-18,10:00,55.2,54.7,51.0,85.7,0.0,SW@0.0,1.7,55.6,0.0,56,"South Tonasket, Okanogan County",330157,South Tonasket,2017-12-07 02:58:52.830976
2014-10-18,10:15,55.4,54.9,51.2,85.6,0.0,SE@0.0,1.7,55.6,0.0,53,"South Tonasket, Okanogan County",330157,South Tonasket,2017-12-07 02:58:52.830976
2014-10-18,10:30,55.6,55.2,51.2,84.9,0.0,SW@0.1,2.1,55.6,0.0,70,"South Tonasket, Okanogan County",330157,South Tonasket,2017-12-07 02:58:52.830976
2014-10-18,10:45,56.2,55.7,51.2,83.5,0.0,S@0.1,2.4,55.6,0.0,95,"South Tonasket, Okanogan County",330157,South Tonasket,2017-12-07 02:58:52.830976
2014-10-18,11:00,56.3,55.9,50.9,82.0,0.0,S@0.8,4.6,55.6,0.0,94,"South Tonasket, Okanogan County",330157,South Tonasket,2017-12-07 02:58:52.830976
2014-10-18,11:15,56.5,56.1,50.9,81.2,0.0,S@1.7,5.7,55.6,0.0,116,"South Tonasket, Okanogan County",330157,South Tonasket,2017-12-07 02:58:52.830976
2014-10-18,11:30,57.1,56.8,50.9,79.7,0.0,S@2.4,5.7,55.6,0.0,158,"South Tonasket, Okanogan County",330157,South Tonasket,2017-12-07 02:58:52.830976
2014-10-18,11:45,58.3,58.0,51.4,77.7,0.0,SW@2.1,6.7,55.6,0.0,268,"South Tonasket, Okanogan County",330157,South Tonasket,2017-12-07 02:58:52.830976
2014-10-18,12:00,59.6,59.2,51.6,74.6,0.0,S@2.6,9.2,55.6,0.0,298,"South Tonasket, Okanogan County",330157,South Tonasket,2017-12-07 02:58:52.830976
2014-10-18,12:15,59.1,58.8,51.0,74.3,0.0,S@2.9,7.4,55.7,0.0,262,"South Tonasket, Okanogan County",330157,South Tonasket,2017-12-07 02:58:52.830976
2014-10-18,12:30,59.5,59.1,50.8,72.9,0.0,S@3.8,7.8,55.7,0.0,242,"South Tonasket, Okanogan County",330157,South Tonasket,2017-12-07 02:58:52.830976
2014-10-18,12:45,59.6,59.1,51.0,73.1,0.0,S@1.9,4.6,55.7,0.0,196,"South Tonasket, Okanogan County",330157,South Tonasket,2017-12-07 02:58:52.830976
2014-10-18,13:00,59.5,59.1,50.9,72.9,0.0,S@2.1,7.8,55.7,0.0,179,"South Tonasket, Okanogan County",330157,South Tonasket,2017-12-07 02:58:52.830976
2014-10-18,13:15,59.4,58.9,50.8,73.0,0.0,S@2.8,6.7,55.7,0.0,157,"South Tonasket, Okanogan County",330157,South Tonasket,2017-12-07 02:58:52.830976
2014-10-18,13:30,59.6,59.2,50.9,72.6,0.0,S@3.6,8.5,55.8,0.0,138,"South Tonasket, Okanogan County",330157,South Tonasket,2017-12-07 02:58:52.830976
2014-10-18,13:45,59.5,59.1,50.9,73.1,0.0,S@3.2,8.5,55.8,0.0,146,"South Tonasket, Okanogan County",330157,South Tonasket,2017-12-07 02:58:52.830976
2014-10-18,14:00,59.7,59.3,51.0,72.9,0.0,S@3.4,7.8,55.8,0.0,129,"South Tonasket, Okanogan County",330157,South Tonasket,2017-12-07 02:58:52.830976
2014-10-18,14:15,59.7,59.3,51.2,73.4,0.0,S@1.3,3.9,55.9,0.0,119,"South Tonasket, Okanogan County",330157,South Tonasket,2017-12-07 02:58:52.830976
2014-10-18,14:30,59.9,59.4,51.5,73.8,0.0,S@1.0,5.3,55.9,0.0,107,"South Tonasket, Okanogan County",330157,South Tonasket,2017-12-07 02:58:52.830976
2014-10-18,14:45,59.8,59.3,51.6,74.0,0.0,S@1.0,7.1,56.0,0.0,86,"South Tonasket, Okanogan County",330157,South Tonasket,2017-12-07 02:58:52.830976
2014-10-18,15:00,59.6,59.2,51.1,73.4,0.0,S@2.8,7.1,56.0,0.0,85,"South Tonasket, Okanogan County",330157,South Tonasket,2017-12-07 02:58:52.830976
2014-10-18,15:15,59.6,59.2,50.9,72.8,0.0,S@4.1,7.8,56.1,0.0,84,"South Tonasket, Okanogan County",330157,South Tonasket,2017-12-07 02:58:52.830976
2014-10-18,15:30,59.3,58.9,50.7,72.8,0.0,S@3.4,6.0,56.1,0.0,53,"South Tonasket, Okanogan County",330157,South Tonasket,2017-12-07 02:58:52.830976
2014-10-18,15:45,59.0,58.5,50.9,74.3,0.0,S@0.7,3.9,56.2,0.0,54,"South Tonasket, Okanogan County",330157,South Tonasket,2017-12-07 02:58:52.830976
2014-10-18,16:00,58.8,58.2,51.0,75.3,0.0,S@0.4,3.9,56.2,0.0,26,"South Tonasket, Okanogan County",330157,South Tonasket,2017-12-07 02:58:52.830976
2014-10-18,16:15,58.1,57.5,51.1,77.3,0.0,W@0.4,2.8,56.3,0.0,18,"South Tonasket, Okanogan County",330157,South Tonasket,2017-12-07 02:58:52.830976
2014-10-18,16:30,57.2,56.6,51.6,81.3,0.0,NE@0.0,2.8,56.3,0.0,9,"South Tonasket, Okanogan County",330157,South Tonasket,2017-12-07 02:58:52.830976
2014-10-18,16:45,56.3,55.7,51.6,84.3,0.0,N@1.3,3.5,56.4,0.0,7,"South Tonasket, Okanogan County",330157,South Tonasket,2017-12-07 02:58:52.830976
2014-10-18,17:00,56.1,55.7,51.1,83.2,0.0,SE@0.3,2.8,56.4,0.0,5,"South Tonasket, Okanogan County",330157,South Tonasket,2017-12-07 02:58:52.830976
2014-10-18,17:15,56.1,55.4,51.1,83.2,0.0,N@0.0,0.0,56.5,0.0,2,"South Tonasket, Okanogan County",330157,South Tonasket,2017-12-07 02:58:52.830976
2014-10-18,17:30,55.0,54.4,51.4,87.4,0.0,NW@0.0,1.4,56.5,0.0,1,"South Tonasket, Okanogan County",330157,South Tonasket,2017-12-07 02:58:52.830976
2014-10-18,17:45,54.9,54.4,51.2,87.3,0.0,N@0.0,0.0,56.6,0.0,0,"South Tonasket, Okanogan County",330157,South Tonasket,2017-12-07 02:58:52.830976
2014-10-18,18:00,54.8,54.2,51.3,87.7,0.0,N@0.0,0.0,56.6,0.0,0,"South Tonasket, Okanogan County",330157,South Tonasket,2017-12-07 02:58:52.830976
2014-10-18,18:15,54.4,53.9,51.6,90.2,0.0,N@0.0,0.0,56.7,0.0,0,"South Tonasket, Okanogan County",330157,South Tonasket,2017-12-07 02:58:52.830976
2014-10-18,18:30,54.0,53.5,51.7,91.8,0.0,N@0.0,0.0,56.7,0.0,0,"South Tonasket, Okanogan County",330157,South Tonasket,2017-12-07 02:58:52.830976
2014-10-18,18:45,53.9,53.4,51.6,91.9,0.0,E@0.0,1.4,56.7,0.0,0,"South Tonasket, Okanogan County",330157,South Tonasket,2017-12-07 02:58:52.830976
2014-10-18,19:00,53.7,53.0,51.2,91.0,0.0,N@0.0,0.0,56.8,0.0,0,"South Tonasket, Okanogan County",330157,South Tonasket,2017-12-07 02:58:52.830976
2014-10-18,19:15,53.2,52.6,50.9,92.0,0.0,N@0.0,0.0,56.8,0.0,0,"South Tonasket, Okanogan County",330157,South Tonasket,2017-12-07 02:58:52.830976
2014-10-18,19:30,52.6,51.9,50.8,93.5,0.0,N@0.0,0.0,56.8,0.0,0,"South Tonasket, Okanogan County",330157,South Tonasket,2017-12-07 02:58:52.830976
2014-10-18,19:45,52.5,51.9,50.6,93.4,0.0,N@0.0,0.0,56.9,0.0,0,"South Tonasket, Okanogan County",330157,South Tonasket,2017-12-07 02:58:52.830976
2014-10-18,20:00,51.8,51.3,49.9,93.1,0.0,N@0.0,0.0,56.9,0.0,0,"South Tonasket, Okanogan County",330157,South Tonasket,2017-12-07 02:58:52.830976
2014-10-18,20:15,51.6,51.1,49.9,93.9,0.0,N@0.0,0.0,56.9,0.0,0,"South Tonasket, Okanogan County",330157,South Tonasket,2017-12-07 02:58:52.830976
2014-10-18,20:30,50.9,50.4,49.4,94.5,0.0,N@0.0,0.0,56.9,0.0,0,"South Tonasket, Okanogan County",330157,South Tonasket,2017-12-07 02:58:52.830976
2014-10-18,20:45,50.8,50.2,49.2,94.4,0.0,N@0.0,0.0,56.9,0.0,0,"South Tonasket, Okanogan County",330157,South Tonasket,2017-12-07 02:58:52.830976
2014-10-18,21:00,51.1,50.8,49.7,95.1,0.0,E@0.5,3.9,56.9,0.0,0,"South Tonasket, Okanogan County",330157,South Tonasket,2017-12-07 02:58:52.830976
2014-10-18,21:15,51.3,50.6,49.7,94.2,0.0,E@0.0,1.4,56.9,0.0,0,"South Tonasket, Okanogan County",330157,South Tonasket,2017-12-07 02:58:52.830976
2014-10-18,21:30,50.8,50.3,49.9,96.4,0.0,E@0.6,3.1,56.9,0.0,0,"South Tonasket, Okanogan County",330157,South Tonasket,2017-12-07 02:58:52.830976
2014-10-18,21:45,51.2,50.8,49.9,95.1,0.0,E@0.2,3.1,56.9,0.0,0,"South Tonasket, Okanogan County",330157,South Tonasket,2017-12-07 02:58:52.830976
2014-10-18,22:00,51.3,50.7,49.8,94.7,0.0,N@0.0,0.0,56.9,0.0,0,"South Tonasket, Okanogan County",330157,South Tonasket,2017-12-07 02:58:52.830976
2014-10-18,22:15,51.0,50.5,49.9,96.1,0.0,N@0.0,0.0,56.9,0.0,0,"South Tonasket, Okanogan County",330157,South Tonasket,2017-12-07 02:58:52.830976
2014-10-18,22:30,51.0,50.6,50.0,96.3,0.0,N@0.0,0.0,56.9,0.0,0,"South Tonasket, Okanogan County",330157,South Tonasket,2017-12-07 02:58:52.830976
2014-10-18,22:45,51.2,50.7,50.1,95.9,0.0,N@0.0,0.0,56.9,0.0,0,"South Tonasket, Okanogan County",330157,South Tonasket,2017-12-07 02:58:52.830976
2014-10-18,23:00,51.4,50.9,50.1,95.2,0.0,N@0.0,0.0,56.9,0.0,0,"South Tonasket, Okanogan County",330157,South Tonasket,2017-12-07 02:58:52.830976
2014-10-19,23:15,51.6,51.1,49.9,93.8,0.0,N@0.0,0.0,56.9,0.0,0,"South Tonasket, Okanogan County",330157,South Tonasket,2017-12-07 02:58:52.830976
2014-10-19,23:30,51.6,51.0,49.9,93.9,0.0,N@0.0,0.0,56.9,0.0,0,"South Tonasket, Okanogan County",330157,South Tonasket,2017-12-07 02:58:52.830976
2014-10-19,23:45,51.6,51.0,50.0,94.1,0.0,N@0.0,0.0,56.9,0.0,0,"South Tonasket, Okanogan County",330157,South Tonasket,2017-12-07 02:58:52.830976
2014-10-19,24:00,51.7,51.2,50.3,94.8,0.0,N@0.0,0.0,56.8,0.0,0,"South Tonasket, Okanogan County",330157,South Tonasket,2017-12-07 02:58:52.830976
2014-10-19,00:15,51.8,51.2,50.4,94.7,0.0,N@0.0,0.0,56.8,0.0,0,"South Tonasket, Okanogan County",330157,South Tonasket,2017-12-07 02:58:52.830976
2014-10-19,00:30,51.9,51.3,50.3,94.3,0.0,N@0.0,0.0,56.8,0.0,0,"South Tonasket, Okanogan County",330157,South Tonasket,2017-12-07 02:58:52.830976
2014-10-19,00:45,51.7,51.1,50.4,95.1,0.0,N@0.0,0.0,56.8,0.0,0,"South Tonasket, Okanogan County",330157,South Tonasket,2017-12-07 02:58:52.830976
2014-10-19,01:00,51.8,51.2,50.4,95.1,0.0,N@0.0,0.0,56.8,0.0,0,"South Tonasket, Okanogan County",330157,South Tonasket,2017-12-07 02:58:52.830976
2014-10-19,01:15,51.8,51.2,50.5,95.1,0.0,N@0.0,0.0,56.7,0.0,0,"South Tonasket, Okanogan County",330157,South Tonasket,2017-12-07 02:58:52.830976
2014-10-19,01:30,51.7,51.1,50.5,95.5,0.0,N@0.0,0.0,56.7,0.0,0,"South Tonasket, Okanogan County",330157,South Tonasket,2017-12-07 02:58:52.830976
2014-10-19,01:45,51.6,51.0,50.5,96.0,0.0,N@0.0,0.0,56.7,0.0,0,"South Tonasket, Okanogan County",330157,South Tonasket,2017-12-07 02:58:52.830976
2014-10-19,02:00,51.6,51.0,50.7,96.6,0.0,N@0.0,0.0,56.7,0.0,0,"South Tonasket, Okanogan County",330157,South Tonasket,2017-12-07 02:58:52.830976
2014-10-19,02:15,51.4,50.9,50.6,97.0,0.0,N@0.0,0.0,56.7,0.0,0,"South Tonasket, Okanogan County",330157,South Tonasket,2017-12-07 02:58:52.830976
2014-10-19,02:30,51.2,50.6,50.4,97.2,0.0,N@0.0,0.0,56.6,0.0,0,"South Tonasket, Okanogan County",330157,South Tonasket,2017-12-07 02:58:52.830976
2014-10-19,02:45,51.0,50.5,50.5,98.1,0.0,N@0.0,0.0,56.6,0.0,0,"South Tonasket, Okanogan County",330157,South Tonasket,2017-12-07 02:58:52.830976
2014-10-19,03:00,51.2,50.8,50.2,96.4,0.0,E@0.3,2.4,56.6,0.0,0,"South Tonasket, Okanogan County",330157,South Tonasket,2017-12-07 02:58:52.830976
2014-10-19,03:15,51.3,50.7,50.1,95.5,0.0,N@0.0,0.0,56.6,0.0,0,"South Tonasket, Okanogan County",330157,South Tonasket,2017-12-07 02:58:52.830976
2014-10-19,03:30,51.1,50.6,50.0,95.8,0.0,N@0.0,0.0,56.6,0.0,0,"South Tonasket, Okanogan County",330157,South Tonasket,2017-12-07 02:58:52.830976
2014-10-19,03:45,50.9,50.4,49.9,96.0,0.0,SW@0.0,2.1,56.6,0.0,0,"South Tonasket, Okanogan County",330157,South Tonasket,2017-12-07 02:58:52.830976
2014-10-19,04:00,50.9,50.3,50.0,96.6,0.0,SE@0.3,2.8,56.5,0.0,0,"South Tonasket, Okanogan County",330157,South Tonasket,2017-12-07 02:58:52.830976
2014-10-19,04:15,50.9,50.4,50.1,96.9,0.0,N@0.0,0.0,56.5,0.0,0,"South Tonasket, Okanogan County",330157,South Tonasket,2017-12-07 02:58:52.830976
2014-10-19,04:30,50.9,50.3,50.2,97.3,0.0,N@0.0,0.0,56.5,0.0,0,"South Tonasket, Okanogan County",330157,South Tonasket,2017-12-07 02:58:52.830976
2014-10-19,04:45,50.9,50.4,50.3,97.9,0.0,N@0.0,0.0,56.5,0.0,0,"South Tonasket, Okanogan County",330157,South Tonasket,2017-12-07 02:58:52.830976
2014-10-19,05:00,51.1,50.6,50.5,97.8,0.0,N@0.0,0.0,56.5,0.0,0,"South Tonasket, Okanogan County",330157,South Tonasket,2017-12-07 02:58:52.830976
2014-10-19,05:15,50.6,50.0,50.1,98.0,0.0,N@0.0,0.0,56.5,0.0,0,"South Tonasket, Okanogan County",330157,South Tonasket,2017-12-07 02:58:52.830976
2014-10-19,05:30,50.4,49.8,50.1,98.8,0.0,N@0.0,0.0,56.4,0.0,0,"South Tonasket, Okanogan County",330157,South Tonasket,2017-12-07 02:58:52.830976
2014-10-19,05:45,50.1,49.5,49.8,98.6,0.0,N@0.0,0.0,56.4,0.0,0,"South Tonasket, Okanogan County",330157,South Tonasket,2017-12-07 02:58:52.830976
2014-10-19,06:00,49.8,49.3,49.6,99.2,0.0,N@0.0,0.0,56.4,0.0,0,"South Tonasket, Okanogan County",330157,South Tonasket,2017-12-07 02:58:52.830976
2014-10-19,06:15,49.6,49.1,49.4,99.3,0.08,N@0.0,0.0,56.4,0.0,2,"South Tonasket, Okanogan County",330157,South Tonasket,2017-12-07 02:58:52.830976
2014-10-19,06:30,49.0,48.3,48.8,99.3,0.2,N@0.0,0.0,56.4,0.0,6,"South Tonasket, Okanogan County",330157,South Tonasket,2017-12-07 02:58:52.830976
2014-10-19,06:45,48.4,47.7,48.3,99.6,0.32,N@0.0,0.0,56.4,0.0,8,"South Tonasket, Okanogan County",330157,South Tonasket,2017-12-07 02:58:52.830976
2014-10-19,07:00,48.0,47.5,48.0,99.9,0.43,N@0.0,0.0,56.3,0.0,12,"South Tonasket, Okanogan County",330157,South Tonasket,2017-12-07 02:58:52.830976
2014-10-19,07:15,47.7,47.0,47.7,100.0,0.49,N@0.0,0.0,56.3,0.0,26,"South Tonasket, Okanogan County",330157,South Tonasket,2017-12-07 02:58:52.830976
2014-10-19,07:30,48.2,47.9,48.2,100.0,0.5,N@0.0,0.0,56.3,0.0,46,"South Tonasket, Okanogan County",330157,South Tonasket,2017-12-07 02:58:52.830976
2014-10-19,07:45,49.3,48.9,49.3,100.0,0.5,N@0.0,0.0,56.3,0.0,50,"South Tonasket, Okanogan County",330157,South Tonasket,2017-12-07 02:58:52.830976
2014-10-19,08:00,49.8,49.4,49.8,100.0,0.5,N@0.0,0.0,56.3,0.0,70,"South Tonasket, Okanogan County",330157,South Tonasket,2017-12-07 02:58:52.830976
2014-10-19,08:15,51.2,51.0,51.1,99.8,0.35,S@0.5,3.1,56.2,0.0,121,"South Tonasket, Okanogan County",330157,South Tonasket,2017-12-07 02:58:52.830976
2014-10-19,08:30,53.2,53.1,52.1,95.9,0.01,S@0.4,3.5,56.2,0.0,157,"South Tonasket, Okanogan County",330157,South Tonasket,2017-12-07 02:58:52.830976
2014-10-19,08:45,54.7,54.4,52.2,91.1,0.0,N@0.0,0.0,56.2,0.0,178,"South Tonasket, Okanogan County",330157,South Tonasket,2017-12-07 02:58:52.830976
2014-10-19,09:00,55.7,55.3,51.9,86.9,0.0,W@0.5,3.5,56.2,0.0,224,"South Tonasket, Okanogan County",330157,South Tonasket,2017-12-07 02:58:52.830976
2014-10-19,09:15,56.9,56.4,52.0,83.4,0.0,W@0.4,2.8,56.2,0.0,293,"South Tonasket, Okanogan County",330157,South Tonasket,2017-12-07 02:58:52.830976
2014-10-19,09:30,58.4,57.8,51.9,78.8,0.0,S@0.0,1.4,56.1,0.0,260,"South Tonasket, Okanogan County",330157,South Tonasket,2017-12-07 02:58:52.830976
2014-10-19,09:45,58.8,58.2,52.2,78.5,0.0,S@0.9,5.3,56.1,0.0,229,"South Tonasket, Okanogan County",330157,South Tonasket,2017-12-07 02:58:52.830976
2014-10-19,10:00,60.8,60.3,52.9,75.2,0.0,S@0.7,3.9,56.1,0.0,375,"South Tonasket, Okanogan County",330157,South Tonasket,2017-12-07 02:58:52.830976
2014-10-19,10:15,61.0,60.3,52.6,73.8,0.0,S@1.5,4.9,56.1,0.0,288,"South Tonasket, Okanogan County",330157,South Tonasket,2017-12-07 02:58:52.830976
2014-10-19,10:30,61.7,61.3,52.9,72.9,0.0,SW@1.3,5.7,56.1,0.0,214,"South Tonasket, Okanogan County",330157,South Tonasket,2017-12-07 02:58:52.830976
2014-10-19,10:45,62.7,62.3,53.3,71.4,0.0,S@2.7,7.4,56.1,0.0,249,"South Tonasket, Okanogan County",330157,South Tonasket,2017-12-07 02:58:52.830976
2014-10-19,11:00,63.1,63.0,53.5,70.8,0.0,S@3.5,7.8,56.1,0.0,412,"South Tonasket, Okanogan County",330157,South Tonasket,2017-12-07 02:58:52.830976
2014-10-19,11:15,64.7,64.7,53.9,67.8,0.0,S@4.3,9.9,56.1,0.0,486,"South Tonasket, Okanogan County",330157,South Tonasket,2017-12-07 02:58:52.830976
2014-10-19,11:30,66.5,66.1,54.5,65.2,0.0,SW@1.8,5.3,56.1,0.0,441,"South Tonasket, Okanogan County",330157,South Tonasket,2017-12-07 02:58:52.830976
2014-10-19,11:45,66.1,65.6,54.2,65.4,0.0,SW@2.7,6.7,56.1,0.0,371,"South Tonasket, Okanogan County",330157,South Tonasket,2017-12-07 02:58:52.830976
2014-10-19,12:00,67.2,66.8,54.5,63.7,0.0,S@2.2,7.4,56.1,0.0,428,"South Tonasket, Okanogan County",330157,South Tonasket,2017-12-07 02:58:52.830976
2014-10-19,12:15,69.0,68.6,54.1,58.9,0.0,S@3.5,8.5,56.2,0.0,512,"South Tonasket, Okanogan County",330157,South Tonasket,2017-12-07 02:58:52.830976
2014-10-19,12:30,70.2,69.6,53.7,55.8,0.0,S@4.2,9.2,56.2,0.0,492,"South Tonasket, Okanogan County",330157,South Tonasket,2017-12-07 02:58:52.830976
2014-10-19,12:45,70.0,69.4,53.1,55.0,0.0,S@5.2,9.6,56.2,0.0,420,"South Tonasket, Okanogan County",330157,South Tonasket,2017-12-07 02:58:52.830976
2014-10-19,13:00,70.3,69.7,53.1,54.3,0.0,S@3.8,9.2,56.3,0.0,369,"South Tonasket, Okanogan County",330157,South Tonasket,2017-12-07 02:58:52.830976
2014-10-19,13:15,70.8,70.2,52.9,53.2,0.0,S@4.8,8.9,56.4,0.0,453,"South Tonasket, Okanogan County",330157,South Tonasket,2017-12-07 02:58:52.830976
2014-10-19,13:30,71.0,70.3,52.7,52.4,0.0,S@4.2,11.0,56.4,0.0,439,"South Tonasket, Okanogan County",330157,South Tonasket,2017-12-07 02:58:52.830976
2014-10-19,13:45,71.0,70.2,52.7,52.4,0.0,S@4.2,9.6,56.5,0.0,410,"South Tonasket, Okanogan County",330157,South Tonasket,2017-12-07 02:58:52.830976
2014-10-19,14:00,70.6,69.8,52.3,52.3,0.0,S@4.7,8.5,56.6,0.0,394,"South Tonasket, Okanogan County",330157,South Tonasket,2017-12-07 02:58:52.830976
2014-10-19,14:15,70.0,68.8,52.0,52.8,0.0,S@4.2,9.6,56.6,0.0,141,"South Tonasket, Okanogan County",330157,South Tonasket,2017-12-07 02:58:52.830976
2014-10-19,14:30,69.1,68.5,52.4,55.2,0.0,SW@2.7,6.4,56.7,0.0,43,"South Tonasket, Okanogan County",330157,South Tonasket,2017-12-07 02:58:52.830976
2014-10-19,14:45,69.1,68.6,52.3,55.1,0.0,S@3.2,7.4,56.8,0.0,38,"South Tonasket, Okanogan County",330157,South Tonasket,2017-12-07 02:58:52.830976
2014-10-19,15:00,69.0,68.6,52.0,54.5,0.0,S@4.7,8.5,56.9,0.0,39,"South Tonasket, Okanogan County",330157,South Tonasket,2017-12-07 02:58:52.830976
2014-10-19,15:15,69.1,68.7,52.2,54.9,0.0,S@3.6,8.2,57.0,0.0,38,"South Tonasket, Okanogan County",330157,South Tonasket,2017-12-07 02:58:52.830976
2014-10-19,15:30,69.2,68.8,52.3,54.9,0.0,S@3.0,8.9,57.1,0.0,34,"South Tonasket, Okanogan County",330157,South Tonasket,2017-12-07 02:58:52.830976
2014-10-19,15:45,69.2,68.9,52.2,54.7,0.0,S@2.8,8.2,57.2,0.0,45,"South Tonasket, Okanogan County",330157,South Tonasket,2017-12-07 02:58:52.830976
2014-10-19,16:00,69.2,68.9,52.1,54.4,0.0,S@3.6,7.4,57.3,0.0,32,"South Tonasket, Okanogan County",330157,South Tonasket,2017-12-07 02:58:52.830976
2014-10-19,16:15,69.0,68.5,52.1,54.8,0.0,S@2.5,7.1,57.4,0.0,22,"South Tonasket, Okanogan County",330157,South Tonasket,2017-12-07 02:58:52.830976
2014-10-19,16:30,68.2,67.6,52.1,56.2,0.0,S@1.6,4.2,57.5,0.0,19,"South Tonasket, Okanogan County",330157,South Tonasket,2017-12-07 02:58:52.830976
2014-10-19,16:45,67.1,66.2,52.2,58.7,0.0,S@1.7,6.0,57.6,0.0,12,"South Tonasket, Okanogan County",330157,South Tonasket,2017-12-07 02:58:52.830976
2014-10-19,17:00,63.8,62.9,52.5,66.4,0.0,N@0.0,0.0,57.7,0.0,6,"South Tonasket, Okanogan County",330157,South Tonasket,2017-12-07 02:58:52.830976
2014-10-19,17:15,62.0,61.2,52.1,69.9,0.0,N@0.0,0.0,57.8,0.0,2,"South Tonasket, Okanogan County",330157,South Tonasket,2017-12-07 02:58:52.830976
2014-10-19,17:30,61.0,60.3,51.7,71.3,0.0,SW@0.3,3.1,57.9,0.0,1,"South Tonasket, Okanogan County",330157,South Tonasket,2017-12-07 02:58:52.830976
2014-10-19,17:45,58.6,57.7,52.0,78.5,0.0,N@0.7,3.5,58.0,0.0,0,"South Tonasket, Okanogan County",330157,South Tonasket,2017-12-07 02:58:52.830976
2014-10-19,18:00,58.0,57.2,51.6,79.1,0.0,N@0.0,0.0,58.1,0.0,0,"South Tonasket, Okanogan County",330157,South Tonasket,2017-12-07 02:58:52.830976
2014-10-19,18:15,56.4,55.5,51.4,83.1,0.0,N@0.0,0.0,58.1,0.0,0,"South Tonasket, Okanogan County",330157,South Tonasket,2017-12-07 02:58:52.830976
2014-10-19,18:30,55.1,54.4,51.9,89.0,0.0,N@0.0,0.0,58.2,0.0,0,"South Tonasket, Okanogan County",330157,South Tonasket,2017-12-07 02:58:52.830976
2014-10-19,18:45,55.1,54.6,50.9,85.6,0.0,N@0.0,0.0,58.3,0.0,0,"South Tonasket, Okanogan County",330157,South Tonasket,2017-12-07 02:58:52.830976
2014-10-19,19:00,53.5,52.7,49.8,87.4,0.0,N@0.0,0.0,58.3,0.0,0,"South Tonasket, Okanogan County",330157,South Tonasket,2017-12-07 02:58:52.830976
2014-10-19,19:15,52.8,52.2,50.7,92.3,0.0,N@0.0,0.0,58.4,0.0,0,"South Tonasket, Okanogan County",330157,South Tonasket,2017-12-07 02:58:52.830976
2014-10-19,19:30,51.9,51.2,49.6,91.8,0.05,N@0.0,0.0,58.4,0.0,0,"South Tonasket, Okanogan County",330157,South Tonasket,2017-12-07 02:58:52.830976
2014-10-19,19:45,51.5,50.9,50.1,94.9,0.22,N@0.0,0.0,58.4,0.0,0,"South Tonasket, Okanogan County",330157,South Tonasket,2017-12-07 02:58:52.830976
2014-10-19,20:00,50.6,50.1,49.4,95.6,0.37,S@0.0,1.4,58.4,0.0,0,"South Tonasket, Okanogan County",330157,South Tonasket,2017-12-07 02:58:52.830976
2014-10-19,20:15,50.8,50.3,49.6,95.5,0.5,N@0.0,0.0,58.4,0.0,0,"South Tonasket, Okanogan County",330157,South Tonasket,2017-12-07 02:58:52.830976
2014-10-19,20:30,50.0,49.4,49.1,96.7,0.59,N@0.0,0.0,58.5,0.0,0,"South Tonasket, Okanogan County",330157,South Tonasket,2017-12-07 02:58:52.830976
2014-10-19,20:45,48.4,47.7,47.5,96.5,0.66,N@0.0,0.0,58.5,0.0,0,"South Tonasket, Okanogan County",330157,South Tonasket,2017-12-07 02:58:52.830976
2014-10-19,21:00,48.1,47.6,47.6,98.0,0.72,N@0.0,0.0,58.5,0.0,0,"South Tonasket, Okanogan County",330157,South Tonasket,2017-12-07 02:58:52.830976
2014-10-19,21:15,47.9,47.3,47.7,99.3,0.78,N@0.0,0.0,58.4,0.0,0,"South Tonasket, Okanogan County",330157,South Tonasket,2017-12-07 02:58:52.830976
2014-10-19,21:30,48.6,48.3,48.6,99.9,0.82,N@0.0,0.0,58.4,0.0,0,"South Tonasket, Okanogan County",330157,South Tonasket,2017-12-07 02:58:52.830976
2014-10-19,21:45,47.7,47.0,47.5,99.3,0.85,N@0.0,0.0,58.4,0.0,0,"South Tonasket, Okanogan County",330157,South Tonasket,2017-12-07 02:58:52.830976
2014-10-19,22:00,46.8,46.3,46.8,99.7,0.86,N@0.0,0.0,58.4,0.0,0,"South Tonasket, Okanogan County",330157,South Tonasket,2017-12-07 02:58:52.830976
2014-10-19,22:15,46.5,46.1,46.5,100.0,0.88,N@0.0,0.0,58.4,0.0,0,"South Tonasket, Okanogan County",330157,South Tonasket,2017-12-07 02:58:52.830976
2014-10-19,22:30,46.5,46.1,46.5,100.0,0.88,N@0.0,0.0,58.3,0.0,0,"South Tonasket, Okanogan County",330157,South Tonasket,2017-12-07 02:58:52.830976
2014-10-19,22:45,46.3,45.9,46.3,100.0,0.89,N@0.0,0.0,58.3,0.0,0,"South Tonasket, Okanogan County",330157,South Tonasket,2017-12-07 02:58:52.830976
2014-10-19,23:00,45.8,45.2,45.8,100.0,0.89,N@0.0,0.0,58.3,0.0,0,"South Tonasket, Okanogan County",330157,South Tonasket,2017-12-07 02:58:52.830976
2014-10-20,23:15,45.5,45.0,45.5,100.0,0.89,N@0.0,0.0,58.2,0.0,0,"South Tonasket, Okanogan County",330157,South Tonasket,2017-12-07 02:58:52.830976
2014-10-20,23:30,45.8,45.5,45.8,100.0,0.89,N@0.0,0.0,58.2,0.0,0,"South Tonasket, Okanogan County",330157,South Tonasket,2017-12-07 02:58:52.830976
2014-10-20,23:45,45.6,44.9,45.6,100.0,0.89,N@0.0,0.0,58.1,0.0,0,"South Tonasket, Okanogan County",330157,South Tonasket,2017-12-07 02:58:52.830976
2014-10-20,24:00,44.5,43.9,44.5,100.0,0.9,N@0.0,0.0,58.1,0.0,0,"South Tonasket, Okanogan County",330157,South Tonasket,2017-12-07 02:58:52.830976
2014-10-20,00:15,44.7,44.4,44.7,100.0,0.9,N@0.0,0.0,58.0,0.0,0,"South Tonasket, Okanogan County",330157,South Tonasket,2017-12-07 02:58:52.830976
2014-10-20,00:30,44.0,43.5,44.0,100.0,0.9,N@0.0,0.0,58.0,0.0,0,"South Tonasket, Okanogan County",330157,South Tonasket,2017-12-07 02:58:52.830976
2014-10-20,00:45,43.9,43.6,43.9,100.0,0.9,N@0.0,0.0,57.9,0.0,0,"South Tonasket, Okanogan County",330157,South Tonasket,2017-12-07 02:58:52.830976
2014-10-20,01:00,44.3,43.8,44.3,100.0,0.91,N@0.0,0.0,57.9,0.0,0,"South Tonasket, Okanogan County",330157,South Tonasket,2017-12-07 02:58:52.830976
2014-10-20,01:15,43.9,43.5,43.9,100.0,0.91,N@0.0,0.0,57.8,0.0,0,"South Tonasket, Okanogan County",330157,South Tonasket,2017-12-07 02:58:52.830976
2014-10-20,01:30,45.0,44.7,45.0,100.0,0.92,N@0.0,0.0,57.7,0.0,0,"South Tonasket, Okanogan County",330157,South Tonasket,2017-12-07 02:58:52.830976
2014-10-20,01:45,45.0,44.6,45.0,100.0,0.92,N@0.0,0.0,57.7,0.0,0,"South Tonasket, Okanogan County",330157,South Tonasket,2017-12-07 02:58:52.830976
2014-10-20,02:00,45.3,44.8,45.3,100.0,0.92,N@0.0,0.0,57.6,0.0,0,"South Tonasket, Okanogan County",330157,South Tonasket,2017-12-07 02:58:52.830976
2014-10-20,02:15,45.5,45.0,45.5,100.0,0.92,N@0.0,0.0,57.5,0.0,0,"South Tonasket, Okanogan County",330157,South Tonasket,2017-12-07 02:58:52.830976
2014-10-20,02:30,45.5,45.1,45.5,100.0,0.92,N@0.0,0.0,57.5,0.0,0,"South Tonasket, Okanogan County",330157,South Tonasket,2017-12-07 02:58:52.830976
2014-10-20,02:45,45.2,44.7,45.2,100.0,0.93,N@0.0,0.0,57.4,0.0,0,"South Tonasket, Okanogan County",330157,South Tonasket,2017-12-07 02:58:52.830976
2014-10-20,03:00,44.6,44.0,44.6,100.0,0.93,N@0.0,0.0,57.3,0.0,0,"South Tonasket, Okanogan County",330157,South Tonasket,2017-12-07 02:58:52.830976
2014-10-20,03:15,44.7,44.3,44.7,100.0,0.93,N@0.0,0.0,57.3,0.0,0,"South Tonasket, Okanogan County",330157,South Tonasket,2017-12-07 02:58:52.830976
2014-10-20,03:30,44.4,44.0,44.4,100.0,0.94,N@0.0,0.0,57.2,0.0,0,"South Tonasket, Okanogan County",330157,South Tonasket,2017-12-07 02:58:52.830976
2014-10-20,03:45,44.6,44.1,44.6,100.0,0.94,N@0.0,0.0,57.1,0.0,0,"South Tonasket, Okanogan County",330157,South Tonasket,2017-12-07 02:58:52.830976
2014-10-20,04:00,44.4,43.9,44.4,100.0,0.94,E@0.0,1.4,57.1,0.0,0,"South Tonasket, Okanogan County",330157,South Tonasket,2017-12-07 02:58:52.830976
2014-10-20,04:15,44.6,44.2,44.6,100.0,0.95,N@0.0,0.0,57.0,0.0,0,"South Tonasket, Okanogan County",330157,South Tonasket,2017-12-07 02:58:52.830976
2014-10-20,04:30,44.7,44.2,44.7,100.0,0.95,N@0.8,2.8,56.9,0.0,0,"South Tonasket, Okanogan County",330157,South Tonasket,2017-12-07 02:58:52.830976
2014-10-20,04:45,44.2,43.8,44.2,100.0,0.95,N@0.2,2.4,56.9,0.0,0,"South Tonasket, Okanogan County",330157,South Tonasket,2017-12-07 02:58:52.830976
2014-10-20,05:00,44.1,43.7,44.1,100.0,0.94,N@0.0,0.0,56.8,0.0,0,"South Tonasket, Okanogan County",330157,South Tonasket,2017-12-07 02:58:52.830976
2014-10-20,05:15,44.5,44.1,44.5,100.0,0.94,N@0.0,0.0,56.7,0.0,0,"South Tonasket, Okanogan County",330157,South Tonasket,2017-12-07 02:58:52.830976
2014-10-20,05:30,44.4,43.8,44.4,100.0,0.95,N@0.0,0.0,56.7,0.0,0,"South Tonasket, Okanogan County",330157,South Tonasket,2017-12-07 02:58:52.830976
2014-10-20,05:45,44.5,44.1,44.5,100.0,0.95,N@0.0,0.0,56.6,0.0,0,"South Tonasket, Okanogan County",330157,South Tonasket,2017-12-07 02:58:52.830976
2014-10-20,06:00,44.6,44.2,44.6,100.0,0.95,N@0.0,0.0,56.6,0.0,0,"South Tonasket, Okanogan County",330157,South Tonasket,2017-12-07 02:58:52.830976
2014-10-20,06:15,44.8,44.3,44.8,100.0,0.95,N@0.0,0.0,56.5,0.0,2,"South Tonasket, Okanogan County",330157,South Tonasket,2017-12-07 02:58:52.830976
2014-10-20,06:30,44.6,44.1,44.6,100.0,0.97,N@0.0,0.0,56.4,0.0,4,"South Tonasket, Okanogan County",330157,South Tonasket,2017-12-07 02:58:52.830976
2014-10-20,06:45,44.1,43.5,44.1,100.0,1.0,N@0.0,0.0,56.4,0.0,9,"South Tonasket, Okanogan County",330157,South Tonasket,2017-12-07 02:58:52.830976
2014-10-20,07:00,44.3,43.9,44.3,100.0,1.0,N@0.0,0.0,56.3,0.0,22,"South Tonasket, Okanogan County",330157,South Tonasket,2017-12-07 02:58:52.830976
2014-10-20,07:15,44.8,44.5,44.8,100.0,0.99,N@0.0,0.0,56.2,0.0,44,"South Tonasket, Okanogan County",330157,South Tonasket,2017-12-07 02:58:52.830976
2014-10-20,07:30,45.6,45.2,45.6,100.0,0.96,N@0.2,2.8,56.2,0.0,45,"South Tonasket, Okanogan County",330157,South Tonasket,2017-12-07 02:58:52.830976
2014-10-20,07:45,46.2,45.8,46.2,100.0,0.95,NE@0.2,2.1,56.1,0.0,69,"South Tonasket, Okanogan County",330157,South Tonasket,2017-12-07 02:58:52.830976
2014-10-20,08:00,47.1,46.7,47.1,100.0,0.98,NE@0.0,1.4,56.1,0.0,74,"South Tonasket, Okanogan County",330157,South Tonasket,2017-12-07 02:58:52.830976
2014-10-20,08:15,47.8,47.4,47.8,100.0,0.99,N@0.0,0.0,56.0,0.0,93,"South Tonasket, Okanogan County",330157,South Tonasket,2017-12-07 02:58:52.830976
2014-10-20,08:30,49.5,49.3,49.5,100.0,0.95,S@0.4,2.8,56.0,0.0,142,"South Tonasket, Okanogan County",330157,South Tonasket,2017-12-07 02:58:52.830976
2014-10-20,08:45,50.6,50.5,50.6,99.8,0.95,N@0.0,0.0,55.9,0.0,147,"South Tonasket, Okanogan County",330157,South Tonasket,2017-12-07 02:58:52.830976
2014-10-20,09:00,52.2,52.0,51.2,96.1,0.94,W@0.7,3.1,55.9,0.0,319,"South Tonasket, Okanogan County",330157,South Tonasket,2017-12-07 02:58:52.830976
2014-10-20,09:15,55.7,55.7,51.0,84.3,0.81,S@3.4,6.7,55.8,0.0,330,"South Tonasket, Okanogan County",330157,South Tonasket,2017-12-07 02:58:52.830976
2014-10-20,09:30,57.2,57.0,50.7,78.8,0.44,S@3.3,7.1,55.8,0.0,327,"South Tonasket, Okanogan County",330157,South Tonasket,2017-12-07 02:58:52.830976
2014-10-20,09:45,57.7,57.2,50.5,76.6,0.26,S@1.7,5.3,55.7,0.0,161,"South Tonasket, Okanogan County",330157,South Tonasket,2017-12-07 02:58:52.830976
2014-10-20,10:00,56.4,56.0,51.0,81.8,0.16,S@1.4,6.0,55.7,0.0,160,"South Tonasket, Okanogan County",330157,South Tonasket,2017-12-07 02:58:52.830976
2014-10-20,10:15,57.3,57.0,51.9,81.9,0.0,S@1.2,4.6,55.7,0.0,208,"South Tonasket, Okanogan County",330157,South Tonasket,2017-12-07 02:58:52.830976
2014-10-20,10:30,58.7,58.4,52.5,79.8,0.0,SW@0.5,3.9,55.6,0.0,244,"South Tonasket, Okanogan County",330157,South Tonasket,2017-12-07 02:58:52.830976
2014-10-20,10:45,60.3,59.8,52.5,75.4,0.0,S@1.2,3.9,55.6,0.0,202,"South Tonasket, Okanogan County",330157,South Tonasket,2017-12-07 02:58:52.830976
2014-10-20,11:00,59.9,59.3,52.0,75.0,0.0,S@1.5,4.9,55.6,0.0,108,"South Tonasket, Okanogan County",330157,South Tonasket,2017-12-07 02:58:52.830976
2014-10-20,11:15,58.2,57.7,51.3,77.6,0.0,S@3.1,7.8,55.6,0.0,46,"South Tonasket, Okanogan County",330157,South Tonasket,2017-12-07 02:58:52.830976
2014-10-20,11:30,57.7,57.3,50.9,78.0,0.0,S@4.4,8.5,55.6,0.0,45,"South Tonasket, Okanogan County",330157,South Tonasket,2017-12-07 02:58:52.830976
2014-10-20,11:45,57.1,56.5,52.1,83.5,0.57,S@4.2,8.2,55.6,0.0,93,"South Tonasket, Okanogan County",330157,South Tonasket,2017-12-07 02:58:52.830976
2014-10-20,12:00,56.2,55.8,53.9,91.9,0.73,S@1.2,5.3,55.6,0.0,73,"South Tonasket, Okanogan County",330157,South Tonasket,2017-12-07 02:58:52.830976
2014-10-20,12:15,56.6,56.1,54.4,92.3,0.78,S@0.0,1.4,55.6,0.01,117,"South Tonasket, Okanogan County",330157,South Tonasket,2017-12-07 02:58:52.830976
2014-10-20,12:30,56.5,56.1,54.4,92.5,0.85,W@2.3,5.3,55.6,0.0,106,"South Tonasket, Okanogan County",330157,South Tonasket,2017-12-07 02:58:52.830976
2014-10-20,12:45,56.9,56.5,54.5,91.6,0.91,NE@0.6,3.5,55.6,0.0,155,"South Tonasket, Okanogan County",330157,South Tonasket,2017-12-07 02:58:52.830976
2014-10-20,13:00,57.3,56.9,54.7,91.1,0.86,N@0.0,0.0,55.6,0.0,127,"South Tonasket, Okanogan County",330157,South Tonasket,2017-12-07 02:58:52.830976
2014-10-20,13:15,57.6,57.2,54.6,89.5,0.8,SE@0.8,4.2,55.7,0.0,83,"South Tonasket, Okanogan County",330157,South Tonasket,2017-12-07 02:58:52.830976
2014-10-20,13:30,58.5,58.2,54.6,86.8,0.52,SE@3.4,6.4,55.7,0.0,155,"South Tonasket, Okanogan County",330157,South Tonasket,2017-12-07 02:58:52.830976
2014-10-20,13:45,58.7,58.4,53.4,82.4,0.02,S@4.1,6.7,55.7,0.0,84,"South Tonasket, Okanogan County",330157,South Tonasket,2017-12-07 02:58:52.830976
2014-10-20,14:00,58.8,58.3,53.3,81.9,0.0,SW@2.0,4.9,55.8,0.0,70,"South Tonasket, Okanogan County",330157,South Tonasket,2017-12-07 02:58:52.830976
2014-10-20,14:15,58.5,57.9,54.0,85.0,0.01,W@0.1,2.1,55.8,0.0,58,"South Tonasket, Okanogan County",330157,South Tonasket,2017-12-07 02:58:52.830976
2014-10-20,14:30,58.5,57.9,54.4,86.3,0.04,W@0.0,1.7,55.8,0.0,73,"South Tonasket, Okanogan County",330157,South Tonasket,2017-12-07 02:58:52.830976
2014-10-20,14:45,58.8,58.3,54.5,85.5,0.03,W@2.1,5.3,55.9,0.0,118,"South Tonasket, Okanogan County",330157,South Tonasket,2017-12-07 02:58:52.830976
2014-10-20,15:00,58.9,58.4,54.0,83.6,0.02,SW@0.3,3.1,55.9,0.0,52,"South Tonasket, Okanogan County",330157,South Tonasket,2017-12-07 02:58:52.830976
2014-10-20,15:15,58.5,57.8,54.4,86.1,0.3,N@0.0,0.0,56.0,0.0,35,"South Tonasket, Okanogan County",330157,South Tonasket,2017-12-07 02:58:52.830976
2014-10-20,15:30,57.9,57.2,54.6,88.5,0.68,S@0.1,3.1,56.0,0.0,29,"South Tonasket, Okanogan County",330157,South Tonasket,2017-12-07 02:58:52.830976
2014-10-20,15:45,57.2,56.6,54.5,90.7,0.79,S@2.8,8.2,56.0,0.01,37,"South Tonasket, Okanogan County",330157,South Tonasket,2017-12-07 02:58:52.830976
2014-10-20,16:00,56.5,56.1,54.2,92.2,0.85,SW@3.4,6.7,56.1,0.0,19,"South Tonasket, Okanogan County",330157,South Tonasket,2017-12-07 02:58:52.830976
2014-10-20,16:15,56.1,55.7,54.3,93.6,0.83,SE@1.8,4.2,56.1,0.0,10,"South Tonasket, Okanogan County",330157,South Tonasket,2017-12-07 02:58:52.830976
2014-10-20,16:30,55.8,55.3,54.3,94.6,0.84,E@1.1,3.9,56.2,0.0,5,"South Tonasket, Okanogan County",330157,South Tonasket,2017-12-07 02:58:52.830976
2014-10-20,16:45,55.3,54.7,54.2,96.2,0.85,NE@0.3,3.1,56.2,0.0,2,"South Tonasket, Okanogan County",330157,South Tonasket,2017-12-07 02:58:52.830976
2014-10-20,17:00,55.2,54.7,54.1,95.8,0.87,E@0.2,2.8,56.2,0.0,2,"South Tonasket, Okanogan County",330157,South Tonasket,2017-12-07 02:58:52.830976
2014-10-20,17:15,54.9,54.3,54.3,97.8,0.9,N@0.0,0.0,56.3,0.0,2,"South Tonasket, Okanogan County",330157,South Tonasket,2017-12-07 02:58:52.830976
2014-10-20,17:30,54.7,54.1,54.4,99.0,0.9,SE@0.0,1.4,56.3,0.0,0,"South Tonasket, Okanogan County",330157,South Tonasket,2017-12-07 02:58:52.830976
2014-10-20,17:45,54.4,53.9,54.4,99.7,0.91,W@0.0,1.7,56.4,0.01,0,"South Tonasket, Okanogan County",330157,South Tonasket,2017-12-07 02:58:52.830976
2014-10-20,18:00,54.2,53.6,54.2,100.0,0.91,S@0.0,1.4,56.4,0.01,0,"South Tonasket, Okanogan County",330157,South Tonasket,2017-12-07 02:58:52.830976
2014-10-20,18:15,54.1,53.5,54.1,100.0,0.9,S@0.2,3.1,56.4,0.01,0,"South Tonasket, Okanogan County",330157,South Tonasket,2017-12-07 02:58:52.830976
2014-10-20,18:30,54.1,53.6,54.1,100.0,0.9,S@1.4,5.7,56.5,0.01,0,"South Tonasket, Okanogan County",330157,South Tonasket,2017-12-07 02:58:52.830976
2014-10-20,18:45,54.4,54.1,54.4,99.8,0.86,W@3.4,7.4,56.5,0.0,0,"South Tonasket, Okanogan County",330157,South Tonasket,2017-12-07 02:58:52.830976
2014-10-20,19:00,54.0,53.6,54.0,100.0,0.83,E@2.6,4.9,56.5,0.01,0,"South Tonasket, Okanogan County",330157,South Tonasket,2017-12-07 02:58:52.830976
2014-10-20,19:15,54.3,53.9,54.3,100.0,0.83,SE@0.9,4.2,56.5,0.0,0,"South Tonasket, Okanogan County",330157,South Tonasket,2017-12-07 02:58:52.830976
2014-10-20,19:30,54.4,53.9,54.3,99.7,0.86,SE@0.4,3.1,56.6,0.0,0,"South Tonasket, Okanogan County",330157,South Tonasket,2017-12-07 02:58:52.830976
2014-10-20,19:45,53.8,53.2,53.8,100.0,0.85,SE@0.3,3.1,56.6,0.0,0,"South Tonasket, Okanogan County",330157,South Tonasket,2017-12-07 02:58:52.830976
2014-10-20,20:00,53.4,53.0,53.4,100.0,0.84,SE@1.7,4.6,56.6,0.0,0,"South Tonasket, Okanogan County",330157,South Tonasket,2017-12-07 02:58:52.830976
2014-10-20,20:15,53.6,53.2,53.6,99.7,0.83,S@0.9,5.3,56.6,0.0,0,"South Tonasket, Okanogan County",330157,South Tonasket,2017-12-07 02:58:52.830976
2014-10-20,20:30,53.1,52.5,53.1,100.0,0.83,W@0.1,1.4,56.6,0.0,0,"South Tonasket, Okanogan County",330157,South Tonasket,2017-12-07 02:58:52.830976
2014-10-20,20:45,52.6,52.1,52.6,100.0,0.84,N@0.0,0.0,56.6,0.0,0,"South Tonasket, Okanogan County",330157,South Tonasket,2017-12-07 02:58:52.830976
2014-10-20,21:00,52.3,51.6,52.3,100.0,0.84,NE@0.0,1.4,56.6,0.0,0,"South Tonasket, Okanogan County",330157,South Tonasket,2017-12-07 02:58:52.830976
2014-10-20,21:15,51.9,51.4,51.9,100.0,0.84,N@0.0,0.0,56.6,0.0,0,"South Tonasket, Okanogan County",330157,South Tonasket,2017-12-07 02:58:52.830976
2014-10-20,21:30,52.0,51.5,52.0,100.0,0.84,S@0.0,1.7,56.6,0.0,0,"South Tonasket, Okanogan County",330157,South Tonasket,2017-12-07 02:58:52.830976
2014-10-20,21:45,52.2,51.7,52.2,100.0,0.84,N@0.0,0.0,56.7,0.0,0,"South Tonasket, Okanogan County",330157,South Tonasket,2017-12-07 02:58:52.830976
2014-10-20,22:00,52.3,51.7,52.3,100.0,0.84,N@0.0,0.0,56.7,0.0,0,"South Tonasket, Okanogan County",330157,South Tonasket,2017-12-07 02:58:52.830976
2014-10-20,22:15,52.2,51.6,52.2,100.0,0.84,N@0.0,0.0,56.7,0.0,0,"South Tonasket, Okanogan County",330157,South Tonasket,2017-12-07 02:58:52.830976
2014-10-20,22:30,52.1,51.5,52.1,100.0,0.83,N@0.0,0.0,56.6,0.0,0,"South Tonasket, Okanogan County",330157,South Tonasket,2017-12-07 02:58:52.830976
2014-10-20,22:45,52.1,51.6,52.1,100.0,0.83,N@0.0,0.0,56.6,0.0,0,"South Tonasket, Okanogan County",330157,South Tonasket,2017-12-07 02:58:52.830976
2014-10-20,23:00,52.1,51.6,52.1,100.0,0.82,NE@0.0,1.4,56.6,0.0,0,"South Tonasket, Okanogan County",330157,South Tonasket,2017-12-07 02:58:52.830976
2014-10-21,23:15,52.4,52.0,52.4,100.0,0.81,S@0.2,3.5,56.6,0.0,0,"South Tonasket, Okanogan County",330157,South Tonasket,2017-12-07 02:58:52.830976
2014-10-21,23:30,52.9,52.6,52.6,98.7,0.8,SW@0.0,1.4,56.6,0.0,0,"South Tonasket, Okanogan County",330157,South Tonasket,2017-12-07 02:58:52.830976
2014-10-21,23:45,53.1,52.7,52.3,96.8,0.8,NE@0.0,1.4,56.6,0.0,0,"South Tonasket, Okanogan County",330157,South Tonasket,2017-12-07 02:58:52.830976
2014-10-21,24:00,53.2,52.8,52.1,95.9,0.8,N@0.0,0.0,56.6,0.0,0,"South Tonasket, Okanogan County",330157,South Tonasket,2017-12-07 02:58:52.830976
2014-10-21,00:15,53.4,53.0,52.0,95.0,0.8,S@0.1,2.8,56.6,0.0,0,"South Tonasket, Okanogan County",330157,South Tonasket,2017-12-07 02:58:52.830976
2014-10-21,00:30,53.4,52.9,52.0,94.9,0.8,S@0.2,4.6,56.6,0.0,0,"South Tonasket, Okanogan County",330157,South Tonasket,2017-12-07 02:58:52.830976
2014-10-21,00:45,53.2,52.6,52.1,96.2,0.81,N@0.0,0.0,56.5,0.0,0,"South Tonasket, Okanogan County",330157,South Tonasket,2017-12-07 02:58:52.830976
2014-10-21,01:00,53.0,52.5,52.1,96.7,0.81,S@0.1,2.1,56.5,0.0,0,"South Tonasket, Okanogan County",330157,South Tonasket,2017-12-07 02:58:52.830976
2014-10-21,01:15,53.4,53.1,51.8,94.2,0.79,S@1.0,4.9,56.5,0.0,0,"South Tonasket, Okanogan County",330157,South Tonasket,2017-12-07 02:58:52.830976
2014-10-21,01:30,53.6,53.2,51.2,91.6,0.74,S@0.9,5.7,56.5,0.0,0,"South Tonasket, Okanogan County",330157,South Tonasket,2017-12-07 02:58:52.830976
2014-10-21,01:45,53.5,53.2,50.9,90.8,0.64,S@2.9,6.0,56.5,0.0,0,"South Tonasket, Okanogan County",330157,South Tonasket,2017-12-07 02:58:52.830976
2014-10-21,02:00,53.2,52.8,50.5,90.6,0.47,S@3.5,6.4,56.5,0.0,0,"South Tonasket, Okanogan County",330157,South Tonasket,2017-12-07 02:58:52.830976
2014-10-21,02:15,52.7,52.3,50.3,91.4,0.32,S@3.3,6.4,56.5,0.0,0,"South Tonasket, Okanogan County",330157,South Tonasket,2017-12-07 02:58:52.830976
2014-10-21,02:30,52.6,52.3,50.3,91.9,0.18,S@3.1,4.6,56.4,0.0,0,"South Tonasket, Okanogan County",330157,South Tonasket,2017-12-07 02:58:52.830976
2014-10-21,02:45,52.6,52.3,50.4,91.8,0.04,S@2.3,4.9,56.4,0.0,0,"South Tonasket, Okanogan County",330157,South Tonasket,2017-12-07 02:58:52.830976
2014-10-21,03:00,52.6,52.2,50.5,92.4,0.0,S@0.8,4.6,56.4,0.0,0,"South Tonasket, Okanogan County",330157,South Tonasket,2017-12-07 02:58:52.830976
2014-10-21,03:15,52.3,51.9,50.3,92.8,0.0,S@2.0,7.4,56.4,0.0,0,"South Tonasket, Okanogan County",330157,South Tonasket,2017-12-07 02:58:52.830976
2014-10-21,03:30,52.9,52.6,50.3,90.7,0.0,S@2.8,6.7,56.4,0.0,0,"South Tonasket, Okanogan County",330157,South Tonasket,2017-12-07 02:58:52.830976
2014-10-21,03:45,52.9,52.6,50.3,90.5,0.0,S@1.7,4.2,56.4,0.0,0,"South Tonasket, Okanogan County",330157,South Tonasket,2017-12-07 02:58:52.830976
2014-10-21,04:00,53.1,52.8,50.1,89.5,0.0,S@4.8,8.5,56.3,0.0,0,"South Tonasket, Okanogan County",330157,South Tonasket,2017-12-07 02:58:52.830976
2014-10-21,04:15,53.2,52.9,50.0,89.1,0.0,S@4.6,9.2,56.3,0.0,0,"South Tonasket, Okanogan County",330157,South Tonasket,2017-12-07 02:58:52.830976
2014-10-21,04:30,52.7,52.3,49.8,89.7,0.0,S@3.4,6.7,56.3,0.0,0,"South Tonasket, Okanogan County",330157,South Tonasket,2017-12-07 02:58:52.830976
2014-10-21,04:45,52.6,52.3,49.8,90.1,0.0,S@3.2,7.4,56.3,0.0,0,"South Tonasket, Okanogan County",330157,South Tonasket,2017-12-07 02:58:52.830976
2014-10-21,05:00,52.7,52.3,50.0,90.5,0.0,S@2.3,7.1,56.3,0.0,0,"South Tonasket, Okanogan County",330157,South Tonasket,2017-12-07 02:58:52.830976
2014-10-21,05:15,52.8,52.5,50.0,90.2,0.0,S@4.2,6.7,56.3,0.0,0,"South Tonasket, Okanogan County",330157,South Tonasket,2017-12-07 02:58:52.830976
2014-10-21,05:30,52.8,52.5,50.1,90.4,0.0,S@3.9,7.4,56.2,0.0,0,"South Tonasket, Okanogan County",330157,South Tonasket,2017-12-07 02:58:52.830976
2014-10-21,05:45,52.7,52.3,50.1,90.7,0.0,S@1.4,4.6,56.2,0.0,0,"South Tonasket, Okanogan County",330157,South Tonasket,2017-12-07 02:58:52.830976
2014-10-21,06:00,52.7,52.3,50.1,90.8,0.0,S@2.1,5.3,56.2,0.0,0,"South Tonasket, Okanogan County",330157,South Tonasket,2017-12-07 02:58:52.830976
2014-10-21,06:15,52.4,51.9,49.8,90.8,0.0,SE@0.9,3.5,56.2,0.0,1,"South Tonasket, Okanogan County",330157,South Tonasket,2017-12-07 02:58:52.830976
2014-10-21,06:30,52.2,51.8,49.5,90.6,0.0,S@3.3,5.3,56.2,0.0,2,"South Tonasket, Okanogan County",330157,South Tonasket,2017-12-07 02:58:52.830976
2014-10-21,06:45,51.9,51.6,49.1,90.1,0.0,S@3.7,5.7,56.1,0.0,5,"South Tonasket, Okanogan County",330157,South Tonasket,2017-12-07 02:58:52.830976
2014-10-21,07:00,51.8,51.5,49.1,90.3,0.0,S@3.3,5.3,56.1,0.0,19,"South Tonasket, Okanogan County",330157,South Tonasket,2017-12-07 02:58:52.830976
2014-10-21,07:15,52.2,51.9,49.1,89.2,0.0,S@2.8,5.7,56.1,0.0,28,"South Tonasket, Okanogan County",330157,South Tonasket,2017-12-07 02:58:52.830976
2014-10-21,07:30,52.0,51.5,49.0,89.3,0.0,S@0.6,3.9,56.1,0.0,46,"South Tonasket, Okanogan County",330157,South Tonasket,2017-12-07 02:58:52.830976
2014-10-21,07:45,52.0,51.7,49.9,92.3,0.0,N@0.0,0.0,56.1,0.0,75,"South Tonasket, Okanogan County",330157,South Tonasket,2017-12-07 02:58:52.830976
2014-10-21,08:00,53.1,52.8,50.3,89.9,0.0,N@0.0,0.0,56.0,0.0,83,"South Tonasket, Okanogan County",330157,South Tonasket,2017-12-07 02:58:52.830976
2014-10-21,08:15,53.6,53.1,49.8,87.0,0.0,S@0.1,3.5,56.0,0.0,83,"South Tonasket, Okanogan County",330157,South Tonasket,2017-12-07 02:58:52.830976
2014-10-21,08:30,53.6,53.3,49.1,84.6,0.0,S@3.4,7.4,56.0,0.0,75,"South Tonasket, Okanogan County",330157,South Tonasket,2017-12-07 02:58:52.830976
2014-10-21,08:45,54.3,54.0,49.4,83.3,0.0,S@3.8,7.1,56.0,0.0,108,"South Tonasket, Okanogan County",330157,South Tonasket,2017-12-07 02:58:52.830976
2014-10-21,09:00,55.0,54.8,49.9,82.6,0.0,S@2.6,5.3,56.0,0.0,155,"South Tonasket, Okanogan County",330157,South Tonasket,2017-12-07 02:58:52.830976
2014-10-21,09:15,57.0,56.9,50.5,78.8,0.0,S@3.5,8.9,56.0,0.0,382,"South Tonasket, Okanogan County",330157,South Tonasket,2017-12-07 02:58:52.830976
2014-10-21,09:30,59.6,59.2,50.6,72.0,0.0,S@4.8,9.2,55.9,0.0,458,"South Tonasket, Okanogan County",330157,South Tonasket,2017-12-07 02:58:52.830976
2014-10-21,09:45,59.8,59.5,50.4,70.8,0.0,S@3.5,8.9,55.9,0.0,485,"South Tonasket, Okanogan County",330157,South Tonasket,2017-12-07 02:58:52.830976
2014-10-21,10:00,58.6,58.0,49.9,72.9,0.0,S@3.0,7.1,55.9,0.0,197,"South Tonasket, Okanogan County",330157,South Tonasket,2017-12-07 02:58:52.830976
2014-10-21,10:15,59.1,58.8,50.6,73.2,0.0,S@2.6,6.4,55.9,0.0,217,"South Tonasket, Okanogan County",330157,South Tonasket,2017-12-07 02:58:52.830976
2014-10-21,10:30,59.4,59.0,49.4,69.3,0.0,S@3.4,8.5,55.9,0.0,179,"South Tonasket, Okanogan County",330157,South Tonasket,2017-12-07 02:58:52.830976
2014-10-21,10:45,59.9,59.5,48.9,66.9,0.0,SW@2.8,7.4,55.9,0.0,269,"South Tonasket, Okanogan County",330157,South Tonasket,2017-12-07 02:58:52.830976
2014-10-21,11:00,60.2,59.7,48.3,64.6,0.0,S@1.5,6.4,55.9,0.0,221,"South Tonasket, Okanogan County",330157,South Tonasket,2017-12-07 02:58:52.830976
2014-10-21,11:15,59.3,58.7,48.1,66.1,0.0,SW@1.3,4.9,55.9,0.0,177,"South Tonasket, Okanogan County",330157,South Tonasket,2017-12-07 02:58:52.830976
2014-10-21,11:30,61.1,61.0,48.2,62.5,0.0,S@4.0,8.5,55.9,0.0,480,"South Tonasket, Okanogan County",330157,South Tonasket,2017-12-07 02:58:52.830976
2014-10-21,11:45,63.4,63.0,48.3,57.7,0.0,W@1.8,4.9,56.0,0.0,553,"South Tonasket, Okanogan County",330157,South Tonasket,2017-12-07 02:58:52.830976
2014-10-21,12:00,64.3,63.5,47.9,55.2,0.0,SW@3.0,7.4,56.0,0.0,512,"South Tonasket, Okanogan County",330157,South Tonasket,2017-12-07 02:58:52.830976
2014-10-21,12:15,64.1,63.5,47.6,54.8,0.0,SW@3.0,7.4,56.0,0.0,545,"South Tonasket, Okanogan County",330157,South Tonasket,2017-12-07 02:58:52.830976
2014-10-21,12:30,63.1,62.2,47.3,56.3,0.0,SW@3.1,7.1,56.1,0.0,392,"South Tonasket, Okanogan County",330157,South Tonasket,2017-12-07 02:58:52.830976
2014-10-21,12:45,63.8,63.3,47.7,55.8,0.0,SW@3.0,9.2,56.1,0.0,488,"South Tonasket, Okanogan County",330157,South Tonasket,2017-12-07 02:58:52.830976
2014-10-21,13:00,64.4,63.7,47.8,54.8,0.0,SW@3.3,8.9,56.1,0.0,504,"South Tonasket, Okanogan County",330157,South Tonasket,2017-12-07 02:58:52.830976
2014-10-21,13:15,64.7,64.1,47.9,54.4,0.0,SW@3.4,9.2,56.2,0.0,471,"South Tonasket, Okanogan County",330157,South Tonasket,2017-12-07 02:58:52.830976
2014-10-21,13:30,64.9,64.2,48.0,54.3,0.0,SW@2.9,7.4,56.3,0.0,442,"South Tonasket, Okanogan County",330157,South Tonasket,2017-12-07 02:58:52.830976
2014-10-21,13:45,64.9,64.2,48.2,54.8,0.0,SW@2.9,7.1,56.3,0.0,414,"South Tonasket, Okanogan County",330157,South Tonasket,2017-12-07 02:58:52.830976
2014-10-21,14:00,64.9,64.2,47.6,53.3,0.0,SW@2.8,6.0,56.4,0.0,392,"South Tonasket, Okanogan County",330157,South Tonasket,2017-12-07 02:58:52.830976
2014-10-21,14:15,64.3,63.3,47.2,53.7,0.0,S@4.4,9.6,56.5,0.0,139,"South Tonasket, Okanogan County",330157,South Tonasket,2017-12-07 02:58:52.830976
2014-10-21,14:30,63.1,62.5,47.2,56.1,0.0,SW@3.3,7.4,56.6,0.0,40,"South Tonasket, Okanogan County",330157,South Tonasket,2017-12-07 02:58:52.830976
2014-10-21,14:45,63.1,62.7,47.1,55.9,0.0,SW@3.0,7.8,56.6,0.0,36,"South Tonasket, Okanogan County",330157,South Tonasket,2017-12-07 02:58:52.830976
2014-10-21,15:00,63.2,62.9,47.4,56.3,0.0,SW@3.1,8.5,56.7,0.0,47,"South Tonasket, Okanogan County",330157,South Tonasket,2017-12-07 02:58:52.830976
2014-10-21,15:15,63.2,63.0,47.2,55.7,0.0,SW@3.0,8.2,56.8,0.0,48,"South Tonasket, Okanogan County",330157,South Tonasket,2017-12-07 02:58:52.830976
2014-10-21,15:30,63.1,62.8,47.1,55.8,0.0,SW@3.0,7.1,56.9,0.0,34,"South Tonasket, Okanogan County",330157,South Tonasket,2017-12-07 02:58:52.830976
2014-10-21,15:45,62.7,62.3,47.4,57.2,0.0,SW@2.4,7.4,57.0,0.0,38,"South Tonasket, Okanogan County",330157,South Tonasket,2017-12-07 02:58:52.830976
2014-10-21,16:00,62.3,61.9,47.2,57.5,0.0,SW@2.7,6.7,57.1,0.0,35,"South Tonasket, Okanogan County",330157,South Tonasket,2017-12-07 02:58:52.830976
2014-10-21,16:15,61.5,60.9,46.8,58.4,0.0,SW@1.4,6.0,57.2,0.0,17,"South Tonasket, Okanogan County",330157,South Tonasket,2017-12-07 02:58:52.830976
2014-10-21,16:30,59.9,59.2,46.4,61.0,0.0,SE@0.5,3.5,57.3,0.0,12,"South Tonasket, Okanogan County",330157,South Tonasket,2017-12-07 02:58:52.830976
2014-10-21,16:45,59.0,58.4,46.3,62.5,0.0,S@1.8,7.8,57.4,0.0,8,"South Tonasket, Okanogan County",330157,South Tonasket,2017-12-07 02:58:52.830976
2014-10-21,17:00,59.2,58.8,46.4,62.5,0.0,S@2.8,6.0,57.5,0.0,3,"South Tonasket, Okanogan County",330157,South Tonasket,2017-12-07 02:58:52.830976
2014-10-21,17:15,58.9,58.4,46.9,64.4,0.0,S@0.7,3.9,57.6,0.0,2,"South Tonasket, Okanogan County",330157,South Tonasket,2017-12-07 02:58:52.830976
2014-10-21,17:30,57.8,57.2,47.2,67.5,0.0,SE@0.1,2.8,57.6,0.0,1,"South Tonasket, Okanogan County",330157,South Tonasket,2017-12-07 02:58:52.830976
2014-10-21,17:45,57.5,57.0,47.0,67.8,0.0,E@0.1,2.4,57.7,0.0,0,"South Tonasket, Okanogan County",330157,South Tonasket,2017-12-07 02:58:52.830976
2014-10-21,18:00,57.2,56.6,47.0,68.5,0.0,SE@0.1,2.8,57.7,0.0,0,"South Tonasket, Okanogan County",330157,South Tonasket,2017-12-07 02:58:52.830976
2014-10-21,18:15,56.5,56.0,47.1,70.5,0.0,W@0.0,1.7,57.8,0.0,0,"South Tonasket, Okanogan County",330157,South Tonasket,2017-12-07 02:58:52.830976
2014-10-21,18:30,56.6,56.1,46.6,69.1,0.0,N@0.0,0.0,57.8,0.0,0,"South Tonasket, Okanogan County",330157,South Tonasket,2017-12-07 02:58:52.830976
2014-10-21,18:45,56.8,56.5,46.0,67.0,0.0,S@0.0,1.4,57.9,0.0,0,"South Tonasket, Okanogan County",330157,South Tonasket,2017-12-07 02:58:52.830976
2014-10-21,19:00,56.8,56.3,45.9,66.6,0.0,S@0.1,2.8,57.9,0.0,0,"South Tonasket, Okanogan County",330157,South Tonasket,2017-12-07 02:58:52.830976
2014-10-21,19:15,56.4,55.8,44.9,65.1,0.0,S@0.0,1.7,57.9,0.0,0,"South Tonasket, Okanogan County",330157,South Tonasket,2017-12-07 02:58:52.830976
2014-10-21,19:30,55.4,54.8,44.2,65.7,0.0,S@0.1,2.4,58.0,0.0,0,"South Tonasket, Okanogan County",330157,South Tonasket,2017-12-07 02:58:52.830976
2014-10-21,19:45,54.1,53.4,43.8,67.9,0.0,S@0.4,2.4,58.0,0.0,0,"South Tonasket, Okanogan County",330157,South Tonasket,2017-12-07 02:58:52.830976
2014-10-21,20:00,52.6,52.0,44.2,73.0,0.0,N@0.0,1.4,58.0,0.0,0,"South Tonasket, Okanogan County",330157,South Tonasket,2017-12-07 02:58:52.830976
2014-10-21,20:15,51.5,50.9,44.0,75.4,0.0,N@0.0,0.0,58.0,0.0,0,"South Tonasket, Okanogan County",330157,South Tonasket,2017-12-07 02:58:52.830976
2014-10-21,20:30,50.1,49.4,44.0,79.6,0.0,N@0.0,0.0,58.0,0.0,0,"South Tonasket, Okanogan County",330157,South Tonasket,2017-12-07 02:58:52.830976
2014-10-21,20:45,48.9,48.3,44.2,83.8,0.0,NE@0.6,3.5,58.0,0.0,0,"South Tonasket, Okanogan County",330157,South Tonasket,2017-12-07 02:58:52.830976
2014-10-21,21:00,48.1,47.5,44.5,87.4,0.0,N@0.0,2.1,58.0,0.0,0,"South Tonasket, Okanogan County",330157,South Tonasket,2017-12-07 02:58:52.830976
2014-10-21,21:15,47.0,46.5,44.0,89.1,0.0,W@0.3,3.5,58.0,0.0,0,"South Tonasket, Okanogan County",330157,South Tonasket,2017-12-07 02:58:52.830976
2014-10-21,21:30,46.6,46.2,43.8,90.0,0.0,NE@1.1,3.5,57.9,0.0,0,"South Tonasket, Okanogan County",330157,South Tonasket,2017-12-07 02:58:52.830976
2014-10-21,21:45,46.8,46.5,43.2,87.2,0.0,S@0.3,2.8,57.9,0.0,0,"South Tonasket, Okanogan County",330157,South Tonasket,2017-12-07 02:58:52.830976
2014-10-21,22:00,50.2,50.0,43.8,78.5,0.0,SE@1.6,7.4,57.9,0.0,0,"South Tonasket, Okanogan County",330157,South Tonasket,2017-12-07 02:58:52.830976
2014-10-21,22:15,49.4,48.7,43.5,79.9,0.0,N@0.0,0.0,57.9,0.0,0,"South Tonasket, Okanogan County",330157,South Tonasket,2017-12-07 02:58:52.830976
2014-10-21,22:30,48.5,48.0,43.4,82.5,0.0,SW@0.3,3.5,57.8,0.0,0,"South Tonasket, Okanogan County",330157,South Tonasket,2017-12-07 02:58:52.830976
2014-10-21,22:45,47.8,47.2,43.3,84.3,0.0,W@0.5,3.1,57.8,0.0,0,"South Tonasket, Okanogan County",330157,South Tonasket,2017-12-07 02:58:52.830976
2014-10-21,23:00,48.0,47.6,43.3,83.9,0.0,N@0.0,0.0,57.7,0.0,0,"South Tonasket, Okanogan County",330157,South Tonasket,2017-12-07 02:58:52.830976
2014-10-22,23:15,47.2,46.6,43.2,86.1,0.0,N@0.0,0.0,57.7,0.0,0,"South Tonasket, Okanogan County",330157,South Tonasket,2017-12-07 02:58:52.830976
2014-10-22,23:30,47.4,47.2,43.7,86.9,0.0,SW@0.1,3.1,57.7,0.0,0,"South Tonasket, Okanogan County",330157,South Tonasket,2017-12-07 02:58:52.830976
2014-10-22,23:45,48.2,47.6,43.3,83.1,0.0,N@0.0,0.0,57.6,0.0,0,"South Tonasket, Okanogan County",330157,South Tonasket,2017-12-07 02:58:52.830976
2014-10-22,24:00,47.7,47.2,43.3,84.8,0.0,N@0.0,0.0,57.6,0.0,0,"South Tonasket, Okanogan County",330157,South Tonasket,2017-12-07 02:58:52.830976
2014-10-22,00:15,47.3,46.7,42.8,84.3,0.0,N@0.0,0.0,57.5,0.0,0,"South Tonasket, Okanogan County",330157,South Tonasket,2017-12-07 02:58:52.830976
2014-10-22,00:30,47.1,46.7,43.0,85.5,0.0,S@0.2,3.1,57.4,0.0,0,"South Tonasket, Okanogan County",330157,South Tonasket,2017-12-07 02:58:52.830976
2014-10-22,00:45,46.8,46.4,42.7,85.5,0.0,SE@0.3,3.5,57.4,0.0,0,"South Tonasket, Okanogan County",330157,South Tonasket,2017-12-07 02:58:52.830976
2014-10-22,01:00,46.9,46.7,42.8,85.6,0.0,SE@0.2,2.8,57.3,0.0,0,"South Tonasket, Okanogan County",330157,South Tonasket,2017-12-07 02:58:52.830976
2014-10-22,01:15,46.9,46.3,43.4,87.6,0.0,W@0.6,3.5,57.3,0.0,0,"South Tonasket, Okanogan County",330157,South Tonasket,2017-12-07 02:58:52.830976
2014-10-22,01:30,47.0,46.9,43.4,87.1,0.0,W@0.1,2.8,57.2,0.0,0,"South Tonasket, Okanogan County",330157,South Tonasket,2017-12-07 02:58:52.830976
2014-10-22,01:45,46.8,46.3,43.2,87.1,0.0,N@0.0,0.0,57.1,0.0,0,"South Tonasket, Okanogan County",330157,South Tonasket,2017-12-07 02:58:52.830976
2014-10-22,02:00,46.8,46.4,43.3,87.6,0.0,N@0.2,3.1,57.1,0.0,0,"South Tonasket, Okanogan County",330157,South Tonasket,2017-12-07 02:58:52.830976
2014-10-22,02:15,46.7,46.4,43.8,89.4,0.0,E@0.5,3.1,57.0,0.0,0,"South Tonasket, Okanogan County",330157,South Tonasket,2017-12-07 02:58:52.830976
2014-10-22,02:30,47.7,47.6,44.3,87.6,0.0,E@1.7,5.3,56.9,0.0,0,"South Tonasket, Okanogan County",330157,South Tonasket,2017-12-07 02:58:52.830976
2014-10-22,02:45,49.6,49.3,44.4,82.2,0.0,SE@0.3,3.1,56.9,0.0,0,"South Tonasket, Okanogan County",330157,South Tonasket,2017-12-07 02:58:52.830976
2014-10-22,03:00,49.2,48.8,44.7,84.5,0.0,NE@0.4,2.8,56.8,0.0,0,"South Tonasket, Okanogan County",330157,South Tonasket,2017-12-07 02:58:52.830976
2014-10-22,03:15,49.6,49.3,44.8,83.3,0.05,NE@0.5,3.1,56.7,0.0,0,"South Tonasket, Okanogan County",330157,South Tonasket,2017-12-07 02:58:52.830976
2014-10-22,03:30,50.3,49.9,44.8,81.4,0.1,NE@0.8,3.5,56.7,0.0,0,"South Tonasket, Okanogan County",330157,South Tonasket,2017-12-07 02:58:52.830976
2014-10-22,03:45,50.4,50.1,45.0,81.6,0.59,NW@0.3,2.4,56.6,0.0,0,"South Tonasket, Okanogan County",330157,South Tonasket,2017-12-07 02:58:52.830976
2014-10-22,04:00,50.6,50.2,45.8,83.7,0.86,W@0.3,3.1,56.5,0.01,0,"South Tonasket, Okanogan County",330157,South Tonasket,2017-12-07 02:58:52.830976
2014-10-22,04:15,50.3,49.8,46.5,86.6,0.87,N@0.0,0.0,56.5,0.0,0,"South Tonasket, Okanogan County",330157,South Tonasket,2017-12-07 02:58:52.830976
2014-10-22,04:30,49.6,49.1,46.9,90.3,0.87,N@0.1,2.1,56.4,0.0,0,"South Tonasket, Okanogan County",330157,South Tonasket,2017-12-07 02:58:52.830976
2014-10-22,04:45,48.9,48.4,47.4,94.4,0.85,N@0.0,0.0,56.3,0.01,0,"South Tonasket, Okanogan County",330157,South Tonasket,2017-12-07 02:58:52.830976
2014-10-22,05:00,48.9,48.5,47.7,95.6,0.83,E@0.0,1.4,56.3,0.0,0,"South Tonasket, Okanogan County",330157,South Tonasket,2017-12-07 02:58:52.830976
2014-10-22,05:15,49.1,48.6,48.0,96.0,0.84,S@0.7,3.5,56.2,0.0,0,"South Tonasket, Okanogan County",330157,South Tonasket,2017-12-07 02:58:52.830976
2014-10-22,05:30,48.8,48.3,48.0,97.0,0.83,S@0.0,1.7,56.2,0.01,0,"South Tonasket, Okanogan County",330157,South Tonasket,2017-12-07 02:58:52.830976
2014-10-22,05:45,48.6,48.1,48.1,98.2,0.83,SE@0.6,3.9,56.1,0.01,0,"South Tonasket, Okanogan County",330157,South Tonasket,2017-12-07 02:58:52.830976
2014-10-22,06:00,48.7,48.3,48.4,98.6,0.82,SE@0.4,3.5,56.1,0.01,0,"South Tonasket, Okanogan County",330157,South Tonasket,2017-12-07 02:58:52.830976
2014-10-22,06:15,48.7,48.2,48.4,98.7,0.81,SE@0.2,3.1,56.0,0.01,0,"South Tonasket, Okanogan County",330157,South Tonasket,2017-12-07 02:58:52.830976
2014-10-22,06:30,48.5,48.1,48.3,99.2,0.8,SE@0.3,2.4,56.0,0.01,1,"South Tonasket, Okanogan County",330157,South Tonasket,2017-12-07 02:58:52.830976
2014-10-22,06:45,48.5,48.0,48.5,100.0,0.79,N@0.0,0.0,55.9,0.01,2,"South Tonasket, Okanogan County",330157,South Tonasket,2017-12-07 02:58:52.830976
2014-10-22,07:00,48.5,48.0,48.5,100.0,0.77,S@0.1,2.1,55.9,0.0,3,"South Tonasket, Okanogan County",330157,South Tonasket,2017-12-07 02:58:52.830976
2014-10-22,07:15,48.5,48.0,48.5,100.0,0.78,W@0.0,1.4,55.8,0.0,7,"South Tonasket, Okanogan County",330157,South Tonasket,2017-12-07 02:58:52.830976
2014-10-22,07:30,48.6,48.1,48.6,100.0,0.78,N@0.0,0.0,55.8,0.0,9,"South Tonasket, Okanogan County",330157,South Tonasket,2017-12-07 02:58:52.830976
2014-10-22,07:45,48.7,48.2,48.7,100.0,0.81,S@0.1,2.4,55.7,0.0,16,"South Tonasket, Okanogan County",330157,South Tonasket,2017-12-07 02:58:52.830976
2014-10-22,08:00,48.8,48.3,48.8,100.0,0.82,N@0.0,0.0,55.7,0.0,14,"South Tonasket, Okanogan County",330157,South Tonasket,2017-12-07 02:58:52.830976
2014-10-22,08:15,48.9,48.4,48.9,100.0,0.81,N@0.0,0.0,55.7,0.01,17,"South Tonasket, Okanogan County",330157,South Tonasket,2017-12-07 02:58:52.830976
2014-10-22,08:30,49.1,48.6,49.1,100.0,0.82,N@0.0,0.0,55.6,0.0,26,"South Tonasket, Okanogan County",330157,South Tonasket,2017-12-07 02:58:52.830976
2014-10-22,08:45,49.4,48.8,49.4,100.0,0.8,N@0.0,0.0,55.6,0.0,35,"South Tonasket, Okanogan County",330157,South Tonasket,2017-12-07 02:58:52.830976
2014-10-22,09:00,49.5,49.1,49.5,100.0,0.82,NE@0.0,1.4,55.6,0.0,64,"South Tonasket, Okanogan County",330157,South Tonasket,2017-12-07 02:58:52.830976
2014-10-22,09:15,49.5,49.2,49.5,99.9,0.79,NE@0.2,2.4,55.5,0.0,58,"South Tonasket, Okanogan County",330157,South Tonasket,2017-12-07 02:58:52.830976
2014-10-22,09:30,49.8,49.4,49.7,99.7,0.8,E@0.2,2.4,55.5,0.0,56,"South Tonasket, Okanogan County",330157,South Tonasket,2017-12-07 02:58:52.830976
2014-10-22,09:45,50.2,49.9,50.1,99.4,0.8,N@0.0,0.0,55.5,0.0,66,"South Tonasket, Okanogan County",330157,South Tonasket,2017-12-07 02:58:52.830976
2014-10-22,10:00,50.7,50.2,50.4,98.9,0.8,SE@0.0,1.4,55.5,0.0,77,"South Tonasket, Okanogan County",330157,South Tonasket,2017-12-07 02:58:52.830976
2014-10-22,10:15,50.8,50.3,50.5,98.8,0.8,N@0.0,0.0,55.4,0.01,51,"South Tonasket, Okanogan County",330157,South Tonasket,2017-12-07 02:58:52.830976
2014-10-22,10:30,50.7,50.2,50.2,98.3,0.79,SE@0.1,1.7,55.4,0.0,46,"South Tonasket, Okanogan County",330157,South Tonasket,2017-12-07 02:58:52.830976
2014-10-22,10:45,50.4,49.9,49.9,97.9,0.8,S@0.4,5.7,55.4,0.0,41,"South Tonasket, Okanogan County",330157,South Tonasket,2017-12-07 02:58:52.830976
2014-10-22,11:00,50.1,49.7,49.6,98.0,0.83,S@1.5,4.9,55.4,0.01,37,"South Tonasket, Okanogan County",330157,South Tonasket,2017-12-07 02:58:52.830976
2014-10-22,11:15,50.1,49.7,49.6,98.3,0.83,S@1.9,5.3,55.4,0.02,46,"South Tonasket, Okanogan County",330157,South Tonasket,2017-12-07 02:58:52.830976
2014-10-22,11:30,50.1,49.6,50.0,99.6,0.81,W@0.2,2.8,55.3,0.02,33,"South Tonasket, Okanogan County",330157,South Tonasket,2017-12-07 02:58:52.830976
2014-10-22,11:45,50.1,49.6,50.1,100.0,0.79,N@0.0,0.0,55.3,0.02,34,"South Tonasket, Okanogan County",330157,South Tonasket,2017-12-07 02:58:52.830976
2014-10-22,12:00,50.1,49.6,50.1,100.0,0.79,S@0.1,2.1,55.3,0.02,42,"South Tonasket, Okanogan County",330157,South Tonasket,2017-12-07 02:58:52.830976
2014-10-22,12:15,50.1,49.6,50.1,100.0,0.78,S@1.6,4.6,55.3,0.02,44,"South Tonasket, Okanogan County",330157,South Tonasket,2017-12-07 02:58:52.830976
2014-10-22,12:30,50.1,49.7,50.1,100.0,0.78,S@2.6,5.7,55.3,0.01,48,"South Tonasket, Okanogan County",330157,South Tonasket,2017-12-07 02:58:52.830976
2014-10-22,12:45,50.2,49.8,50.2,100.0,0.78,S@2.5,5.3,55.3,0.02,52,"South Tonasket, Okanogan County",330157,South Tonasket,2017-12-07 02:58:52.830976
2014-10-22,13:00,50.4,50.0,50.4,100.0,0.77,SE@1.5,4.2,55.3,0.01,47,"South Tonasket, Okanogan County",330157,South Tonasket,2017-12-07 02:58:52.830976
2014-10-22,13:15,50.5,50.1,50.5,100.0,0.78,S@0.8,3.9,55.3,0.0,37,"South Tonasket, Okanogan County",330157,South Tonasket,2017-12-07 02:58:52.830976
2014-10-22,13:30,50.5,50.1,50.5,100.0,0.78,S@0.7,4.6,55.3,0.02,40,"South Tonasket, Okanogan County",330157,South Tonasket,2017-12-07 02:58:52.830976
2014-10-22,13:45,50.6,50.2,50.6,100.0,0.78,S@0.9,4.6,55.3,0.0,45,"South Tonasket, Okanogan County",330157,South Tonasket,2017-12-07 02:58:52.830976
2014-10-22,14:00,50.7,50.3,50.7,100.0,0.77,S@1.1,4.6,55.3,0.01,37,"South Tonasket, Okanogan County",330157,South Tonasket,2017-12-07 02:58:52.830976
2014-10-22,14:15,50.7,50.4,50.7,100.0,0.76,S@1.5,4.6,55.3,0.0,33,"South Tonasket, Okanogan County",330157,South Tonasket,2017-12-07 02:58:52.830976
2014-10-22,14:30,50.7,50.4,50.7,100.0,0.78,S@1.7,5.7,55.3,0.01,24,"South Tonasket, Okanogan County",330157,South Tonasket,2017-12-07 02:58:52.830976
2014-10-22,14:45,50.8,50.4,50.8,100.0,0.79,S@0.7,4.9,55.3,0.0,24,"South Tonasket, Okanogan County",330157,South Tonasket,2017-12-07 02:58:52.830976
2014-10-22,15:00,50.9,50.5,50.9,100.0,0.78,S@1.3,3.9,55.3,0.01,24,"South Tonasket, Okanogan County",330157,South Tonasket,2017-12-07 02:58:52.830976
2014-10-22,15:15,50.9,50.6,50.9,100.0,0.78,S@1.7,4.2,55.3,0.01,19,"South Tonasket, Okanogan County",330157,South Tonasket,2017-12-07 02:58:52.830976
2014-10-22,15:30,51.0,50.7,51.0,100.0,0.78,S@1.0,4.6,55.3,0.0,13,"South Tonasket, Okanogan County",330157,South Tonasket,2017-12-07 02:58:52.830976
2014-10-22,15:45,51.2,50.8,51.2,100.0,0.79,S@0.9,4.2,55.3,0.01,12,"South Tonasket, Okanogan County",330157,South Tonasket,2017-12-07 02:58:52.830976
2014-10-22,16:00,51.3,50.9,51.3,100.0,0.78,S@1.4,6.0,55.3,0.01,12,"South Tonasket, Okanogan County",330157,South Tonasket,2017-12-07 02:58:52.830976
2014-10-22,16:15,51.3,50.9,51.3,100.0,0.78,S@0.4,2.8,55.3,0.0,9,"South Tonasket, Okanogan County",330157,South Tonasket,2017-12-07 02:58:52.830976
2014-10-22,16:30,51.2,50.8,51.2,100.0,0.78,S@0.3,3.5,55.3,0.01,3,"South Tonasket, Okanogan County",330157,South Tonasket,2017-12-07 02:58:52.830976
2014-10-22,16:45,51.1,50.6,51.1,100.0,0.79,N@0.0,0.0,55.3,0.01,2,"South Tonasket, Okanogan County",330157,South Tonasket,2017-12-07 02:58:52.830976
2014-10-22,17:00,51.1,50.6,51.1,100.0,0.76,N@0.0,0.0,55.3,0.01,2,"South Tonasket, Okanogan County",330157,South Tonasket,2017-12-07 02:58:52.830976
2014-10-22,17:15,51.1,50.5,51.1,100.0,0.77,N@0.0,0.0,55.3,0.01,1,"South Tonasket, Okanogan County",330157,South Tonasket,2017-12-07 02:58:52.830976
2014-10-22,17:30,50.9,50.4,50.9,100.0,0.76,N@0.0,0.0,55.3,0.01,0,"South Tonasket, Okanogan County",330157,South Tonasket,2017-12-07 02:58:52.830976
2014-10-22,17:45,50.9,50.4,50.9,100.0,0.75,N@0.0,0.0,55.3,0.01,0,"South Tonasket, Okanogan County",330157,South Tonasket,2017-12-07 02:58:52.830976
2014-10-22,18:00,50.8,50.4,50.8,100.0,0.74,E@0.0,1.4,55.3,0.03,0,"South Tonasket, Okanogan County",330157,South Tonasket,2017-12-07 02:58:52.830976
2014-10-22,18:15,50.8,50.3,50.8,100.0,0.73,N@0.0,0.0,55.3,0.03,0,"South Tonasket, Okanogan County",330157,South Tonasket,2017-12-07 02:58:52.830976
2014-10-22,18:30,50.7,50.3,50.7,100.0,0.73,NE@0.1,2.1,55.3,0.02,0,"South Tonasket, Okanogan County",330157,South Tonasket,2017-12-07 02:58:52.830976
2014-10-22,18:45,50.7,50.3,50.7,100.0,0.72,N@0.0,0.0,55.3,0.03,0,"South Tonasket, Okanogan County",330157,South Tonasket,2017-12-07 02:58:52.830976
2014-10-22,19:00,50.8,50.3,50.8,100.0,0.72,NE@0.3,2.4,55.3,0.03,0,"South Tonasket, Okanogan County",330157,South Tonasket,2017-12-07 02:58:52.830976
2014-10-22,19:15,50.7,50.2,50.7,100.0,0.72,NE@0.3,3.1,55.3,0.02,0,"South Tonasket, Okanogan County",330157,South Tonasket,2017-12-07 02:58:52.830976
2014-10-22,19:30,50.7,50.2,50.7,100.0,0.73,NE@0.3,2.4,55.3,0.01,0,"South Tonasket, Okanogan County",330157,South Tonasket,2017-12-07 02:58:52.830976
2014-10-22,19:45,50.6,50.3,50.6,100.0,0.73,W@0.6,4.6,55.2,0.01,0,"South Tonasket, Okanogan County",330157,South Tonasket,2017-12-07 02:58:52.830976
2014-10-22,20:00,50.7,50.4,50.7,100.0,0.76,E@0.9,4.2,55.2,0.0,0,"South Tonasket, Okanogan County",330157,South Tonasket,2017-12-07 02:58:52.830976
2014-10-22,20:15,50.8,50.5,50.8,100.0,0.76,E@0.3,4.6,55.2,0.01,0,"South Tonasket, Okanogan County",330157,South Tonasket,2017-12-07 02:58:52.830976
2014-10-22,20:30,50.8,50.5,50.8,100.0,0.75,N@0.2,3.5,55.2,0.0,0,"South Tonasket, Okanogan County",330157,South Tonasket,2017-12-07 02:58:52.830976
2014-10-22,20:45,50.9,50.5,50.9,100.0,0.75,E@0.8,4.2,55.2,0.0,0,"South Tonasket, Okanogan County",330157,South Tonasket,2017-12-07 02:58:52.830976
2014-10-22,21:00,51.1,50.7,51.1,100.0,0.73,NE@1.2,5.3,55.2,0.01,0,"South Tonasket, Okanogan County",330157,South Tonasket,2017-12-07 02:58:52.830976
2014-10-22,21:15,51.3,50.9,51.3,100.0,0.73,NE@0.5,4.9,55.2,0.0,0,"South Tonasket, Okanogan County",330157,South Tonasket,2017-12-07 02:58:52.830976
2014-10-22,21:30,51.6,51.2,51.6,100.0,0.75,W@0.3,4.2,55.2,0.0,0,"South Tonasket, Okanogan County",330157,South Tonasket,2017-12-07 02:58:52.830976
2014-10-22,21:45,52.9,52.8,52.9,100.0,0.76,S@2.1,7.1,55.1,0.0,0,"South Tonasket, Okanogan County",330157,South Tonasket,2017-12-07 02:58:52.830976
2014-10-22,22:00,53.8,53.6,53.8,100.0,0.73,S@1.2,4.9,55.1,0.0,0,"South Tonasket, Okanogan County",330157,South Tonasket,2017-12-07 02:58:52.830976
2014-10-22,22:15,54.0,53.7,54.0,100.0,0.72,S@1.1,4.6,55.1,0.0,0,"South Tonasket, Okanogan County",330157,South Tonasket,2017-12-07 02:58:52.830976
2014-10-22,22:30,54.4,54.2,54.3,99.6,0.71,S@1.6,6.0,55.1,0.0,0,"South Tonasket, Okanogan County",330157,South Tonasket,2017-12-07 02:58:52.830976
2014-10-22,22:45,54.8,54.5,54.2,97.7,0.71,S@1.2,4.9,55.1,0.0,0,"South Tonasket, Okanogan County",330157,South Tonasket,2017-12-07 02:58:52.830976
2014-10-22,23:00,54.9,54.5,53.9,96.4,0.71,S@1.0,6.7,55.1,0.0,0,"South Tonasket, Okanogan County",330157,South Tonasket,2017-12-07 02:58:52.830976
2014-10-23,23:15,54.9,54.6,53.6,95.4,0.7,S@0.7,4.6,55.0,0.0,0,"South Tonasket, Okanogan County",330157,South Tonasket,2017-12-07 02:58:52.830976
2014-10-23,23:30,54.7,54.4,53.5,95.4,0.68,W@0.5,3.9,55.0,0.0,0,"South Tonasket, Okanogan County",330157,South Tonasket,2017-12-07 02:58:52.830976
2014-10-23,23:45,55.3,55.1,53.5,93.4,0.63,SE@0.6,4.6,55.0,0.0,0,"South Tonasket, Okanogan County",330157,South Tonasket,2017-12-07 02:58:52.830976
2014-10-23,24:00,55.8,55.5,53.4,91.8,0.55,S@2.0,7.4,55.0,0.0,0,"South Tonasket, Okanogan County",330157,South Tonasket,2017-12-07 02:58:52.830976
2014-10-23,00:15,55.7,55.3,53.2,91.4,0.42,S@2.3,7.4,55.0,0.0,0,"South Tonasket, Okanogan County",330157,South Tonasket,2017-12-07 02:58:52.830976
2014-10-23,00:30,55.1,54.8,53.3,93.3,0.4,S@1.1,8.2,55.0,0.0,0,"South Tonasket, Okanogan County",330157,South Tonasket,2017-12-07 02:58:52.830976
2014-10-23,00:45,55.2,54.7,53.2,93.0,0.38,S@0.8,4.2,55.0,0.0,0,"South Tonasket, Okanogan County",330157,South Tonasket,2017-12-07 02:58:52.830976
2014-10-23,01:00,54.9,54.5,53.1,93.8,0.38,S@0.9,5.3,55.0,0.0,0,"South Tonasket, Okanogan County",330157,South Tonasket,2017-12-07 02:58:52.830976
2014-10-23,01:15,54.9,54.5,53.2,93.7,0.64,S@0.6,3.9,54.9,0.0,0,"South Tonasket, Okanogan County",330157,South Tonasket,2017-12-07 02:58:52.830976
2014-10-23,01:30,55.0,54.7,53.2,93.5,0.71,S@1.7,7.1,54.9,0.0,0,"South Tonasket, Okanogan County",330157,South Tonasket,2017-12-07 02:58:52.830976
2014-10-23,01:45,55.2,54.9,52.8,91.6,0.66,S@2.1,5.3,54.9,0.0,0,"South Tonasket, Okanogan County",330157,South Tonasket,2017-12-07 02:58:52.830976
2014-10-23,02:00,54.8,54.3,52.5,91.8,0.62,S@1.4,4.9,54.9,0.0,0,"South Tonasket, Okanogan County",330157,South Tonasket,2017-12-07 02:58:52.830976
2014-10-23,02:15,54.3,54.0,51.6,90.5,0.62,S@2.0,5.3,54.9,0.0,0,"South Tonasket, Okanogan County",330157,South Tonasket,2017-12-07 02:58:52.830976
2014-10-23,02:30,53.6,53.1,50.7,89.9,0.62,S@0.6,4.9,54.9,0.0,0,"South Tonasket, Okanogan County",330157,South Tonasket,2017-12-07 02:58:52.830976
2014-10-23,02:45,53.3,53.0,49.7,87.6,0.6,S@3.2,6.4,54.9,0.0,0,"South Tonasket, Okanogan County",330157,South Tonasket,2017-12-07 02:58:52.830976
2014-10-23,03:00,53.6,53.5,48.2,81.9,0.47,S@5.4,8.5,54.9,0.0,0,"South Tonasket, Okanogan County",330157,South Tonasket,2017-12-07 02:58:52.830976
2014-10-23,03:15,53.4,53.1,47.9,81.4,0.26,S@3.9,7.4,54.9,0.0,0,"South Tonasket, Okanogan County",330157,South Tonasket,2017-12-07 02:58:52.830976
2014-10-23,03:30,52.4,51.8,47.6,83.5,0.11,S@0.8,6.4,54.9,0.0,0,"South Tonasket, Okanogan County",330157,South Tonasket,2017-12-07 02:58:52.830976
2014-10-23,03:45,52.8,52.7,47.4,81.8,0.0,S@3.5,6.4,54.9,0.0,0,"South Tonasket, Okanogan County",330157,South Tonasket,2017-12-07 02:58:52.830976
2014-10-23,04:00,53.1,52.8,47.0,79.6,0.0,S@3.2,7.8,54.9,0.0,0,"South Tonasket, Okanogan County",330157,South Tonasket,2017-12-07 02:58:52.830976
2014-10-23,04:15,52.8,52.5,46.6,79.4,0.0,S@3.0,6.7,54.9,0.0,0,"South Tonasket, Okanogan County",330157,South Tonasket,2017-12-07 02:58:52.830976
2014-10-23,04:30,52.6,52.4,46.2,78.6,0.0,S@3.7,6.4,54.8,0.0,0,"South Tonasket, Okanogan County",330157,South Tonasket,2017-12-07 02:58:52.830976
2014-10-23,04:45,52.2,52.0,45.9,78.8,0.0,S@2.3,6.0,54.8,0.0,0,"South Tonasket, Okanogan County",330157,South Tonasket,2017-12-07 02:58:52.830976
2014-10-23,05:00,52.3,51.9,45.3,76.9,0.0,S@1.3,4.9,54.8,0.0,0,"South Tonasket, Okanogan County",330157,South Tonasket,2017-12-07 02:58:52.830976
2014-10-23,05:15,52.0,51.5,44.9,76.8,0.0,N@0.0,0.0,54.8,0.0,0,"South Tonasket, Okanogan County",330157,South Tonasket,2017-12-07 02:58:52.830976
2014-10-23,05:30,51.2,50.5,45.4,80.7,0.0,N@0.0,0.0,54.8,0.0,0,"South Tonasket, Okanogan County",330157,South Tonasket,2017-12-07 02:58:52.830976
2014-10-23,05:45,50.4,49.8,45.6,83.4,0.0,N@0.0,0.0,54.8,0.0,0,"South Tonasket, Okanogan County",330157,South Tonasket,2017-12-07 02:58:52.830976
2014-10-23,06:00,50.7,50.4,45.6,82.5,0.0,SW@0.6,4.6,54.7,0.0,0,"South Tonasket, Okanogan County",330157,South Tonasket,2017-12-07 02:58:52.830976
2014-10-23,06:15,51.5,51.2,45.5,79.7,0.0,S@0.3,3.1,54.7,0.0,1,"South Tonasket, Okanogan County",330157,South Tonasket,2017-12-07 02:58:52.830976
2014-10-23,06:30,52.1,51.7,45.6,78.5,0.0,W@0.4,4.2,54.7,0.0,2,"South Tonasket, Okanogan County",330157,South Tonasket,2017-12-07 02:58:52.830976
2014-10-23,06:45,52.7,52.4,45.9,77.7,0.0,SE@1.4,4.2,54.7,0.0,2,"South Tonasket, Okanogan County",330157,South Tonasket,2017-12-07 02:58:52.830976
2014-10-23,07:00,52.5,52.1,46.2,79.0,0.0,N@0.0,0.0,54.7,0.0,20,"South Tonasket, Okanogan County",330157,South Tonasket,2017-12-07 02:58:52.830976
2014-10-23,07:15,52.2,51.7,46.9,82.1,0.0,NW@0.1,2.4,54.6,0.0,41,"South Tonasket, Okanogan County",330157,South Tonasket,2017-12-07 02:58:52.830976
2014-10-23,07:30,52.6,52.3,47.2,81.7,0.0,NE@0.0,2.1,54.6,0.0,54,"South Tonasket, Okanogan County",330157,South Tonasket,2017-12-07 02:58:52.830976
2014-10-23,07:45,53.4,53.1,46.5,77.5,0.0,S@1.0,4.6,54.6,0.0,50,"South Tonasket, Okanogan County",330157,South Tonasket,2017-12-07 02:58:52.830976
2014-10-23,08:00,53.6,53.2,46.8,77.6,0.01,S@0.3,4.6,54.5,0.0,53,"South Tonasket, Okanogan County",330157,South Tonasket,2017-12-07 02:58:52.830976
2014-10-23,08:15,54.1,53.7,47.5,78.4,0.44,N@0.0,0.0,54.5,0.0,102,"South Tonasket, Okanogan County",330157,South Tonasket,2017-12-07 02:58:52.830976
2014-10-23,08:30,55.0,54.7,48.8,79.6,0.63,S@1.0,4.6,54.5,0.0,136,"South Tonasket, Okanogan County",330157,South Tonasket,2017-12-07 02:58:52.830976
2014-10-23,08:45,55.7,55.4,47.9,74.9,0.13,S@2.3,5.7,54.5,0.0,149,"South Tonasket, Okanogan County",330157,South Tonasket,2017-12-07 02:58:52.830976
2014-10-23,09:00,57.0,56.8,47.7,70.9,0.0,S@2.3,4.9,54.4,0.0,253,"South Tonasket, Okanogan County",330157,South Tonasket,2017-12-07 02:58:52.830976
2014-10-23,09:15,56.6,56.2,47.2,70.6,0.0,SE@2.0,4.6,54.4,0.0,225,"South Tonasket, Okanogan County",330157,South Tonasket,2017-12-07 02:58:52.830976
2014-10-23,09:30,58.7,58.6,47.3,65.8,0.0,SE@1.4,4.6,54.4,0.0,257,"South Tonasket, Okanogan County",330157,South Tonasket,2017-12-07 02:58:52.830976
2014-10-23,09:45,58.1,57.7,47.3,67.2,0.0,S@3.1,5.7,54.4,0.0,176,"South Tonasket, Okanogan County",330157,South Tonasket,2017-12-07 02:58:52.830976
2014-10-23,10:00,58.5,58.1,47.6,67.1,0.0,S@2.5,6.4,54.4,0.0,250,"South Tonasket, Okanogan County",330157,South Tonasket,2017-12-07 02:58:52.830976
2014-10-23,10:15,59.5,59.1,48.1,65.9,0.0,SW@3.0,8.5,54.4,0.0,201,"South Tonasket, Okanogan County",330157,South Tonasket,2017-12-07 02:58:52.830976
2014-10-23,10:30,58.8,58.3,47.3,65.4,0.0,SW@3.5,8.9,54.4,0.0,230,"South Tonasket, Okanogan County",330157,South Tonasket,2017-12-07 02:58:52.830976
2014-10-23,10:45,58.3,57.9,47.4,66.9,0.0,SW@3.3,8.2,54.4,0.0,176,"South Tonasket, Okanogan County",330157,South Tonasket,2017-12-07 02:58:52.830976
2014-10-23,11:00,57.9,57.6,46.9,66.7,0.0,S@4.5,9.6,54.4,0.0,199,"South Tonasket, Okanogan County",330157,South Tonasket,2017-12-07 02:58:52.830976
2014-10-23,11:15,59.2,59.2,48.0,66.4,0.0,SW@3.9,11.0,54.4,0.0,383,"South Tonasket, Okanogan County",330157,South Tonasket,2017-12-07 02:58:52.830976
2014-10-23,11:30,60.5,60.1,49.0,65.8,0.0,W@3.7,13.5,54.4,0.0,526,"South Tonasket, Okanogan County",330157,South Tonasket,2017-12-07 02:58:52.830976
2014-10-23,11:45,60.4,59.9,49.0,65.9,0.0,SW@3.6,8.9,54.4,0.0,466,"South Tonasket, Okanogan County",330157,South Tonasket,2017-12-07 02:58:52.830976
2014-10-23,12:00,60.8,60.1,48.4,63.6,0.0,SW@4.6,13.9,54.4,0.0,350,"South Tonasket, Okanogan County",330157,South Tonasket,2017-12-07 02:58:52.830976
2014-10-23,12:15,60.2,59.8,48.6,65.4,0.0,SW@3.7,8.9,54.5,0.0,429,"South Tonasket, Okanogan County",330157,South Tonasket,2017-12-07 02:58:52.830976
2014-10-23,12:30,61.2,60.7,48.6,63.0,0.0,S@4.2,9.2,54.5,0.0,487,"South Tonasket, Okanogan County",330157,South Tonasket,2017-12-07 02:58:52.830976
2014-10-23,12:45,61.5,60.9,48.5,62.2,0.0,SW@4.2,8.9,54.6,0.0,483,"South Tonasket, Okanogan County",330157,South Tonasket,2017-12-07 02:58:52.830976
2014-10-23,13:00,61.7,61.1,47.6,59.8,0.0,SW@3.9,10.3,54.6,0.0,441,"South Tonasket, Okanogan County",330157,South Tonasket,2017-12-07 02:58:52.830976
2014-10-23,13:15,61.4,60.7,46.7,58.5,0.0,SW@4.4,9.6,54.7,0.0,374,"South Tonasket, Okanogan County",330157,South Tonasket,2017-12-07 02:58:52.830976
2014-10-23,13:30,61.0,60.4,46.5,58.9,0.0,S@4.6,12.4,54.7,0.0,295,"South Tonasket, Okanogan County",330157,South Tonasket,2017-12-07 02:58:52.830976
2014-10-23,13:45,59.9,59.3,46.7,61.6,0.0,S@3.8,9.6,54.8,0.0,131,"South Tonasket, Okanogan County",330157,South Tonasket,2017-12-07 02:58:52.830976
2014-10-23,14:00,57.6,57.0,46.9,67.4,0.01,S@3.3,6.7,54.9,0.0,23,"South Tonasket, Okanogan County",330157,South Tonasket,2017-12-07 02:58:52.830976
2014-10-23,14:15,55.3,54.6,49.1,79.5,0.67,SW@2.1,7.4,55.0,0.01,40,"South Tonasket, Okanogan County",330157,South Tonasket,2017-12-07 02:58:52.830976
2014-10-23,14:30,53.7,53.1,50.7,89.5,0.77,S@1.4,4.9,55.1,0.0,23,"South Tonasket, Okanogan County",330157,South Tonasket,2017-12-07 02:58:52.830976
2014-10-23,14:45,55.4,55.2,49.1,79.4,0.61,SW@2.4,7.8,55.2,0.0,21,"South Tonasket, Okanogan County",330157,South Tonasket,2017-12-07 02:58:52.830976
2014-10-23,15:00,57.4,57.2,48.1,71.0,0.29,SW@2.3,7.1,55.3,0.0,25,"South Tonasket, Okanogan County",330157,South Tonasket,2017-12-07 02:58:52.830976
2014-10-23,15:15,58.6,58.5,46.5,64.0,0.01,S@3.6,9.6,55.4,0.0,32,"South Tonasket, Okanogan County",330157,South Tonasket,2017-12-07 02:58:52.830976
2014-10-23,15:30,59.3,59.0,45.6,60.4,0.0,SW@4.0,11.4,55.5,0.0,37,"South Tonasket, Okanogan County",330157,South Tonasket,2017-12-07 02:58:52.830976
2014-10-23,15:45,59.2,59.0,45.6,60.5,0.0,S@3.9,8.5,55.6,0.0,34,"South Tonasket, Okanogan County",330157,South Tonasket,2017-12-07 02:58:52.830976
2014-10-23,16:00,59.0,58.8,44.2,57.6,0.0,S@4.0,11.7,55.7,0.0,39,"South Tonasket, Okanogan County",330157,South Tonasket,2017-12-07 02:58:52.830976
2014-10-23,16:15,58.2,57.7,42.9,56.8,0.0,S@4.1,7.4,55.8,0.0,17,"South Tonasket, Okanogan County",330157,South Tonasket,2017-12-07 02:58:52.830976
2014-10-23,16:30,57.0,56.5,41.8,56.6,0.0,SW@2.6,6.4,55.9,0.0,13,"South Tonasket, Okanogan County",330157,South Tonasket,2017-12-07 02:58:52.830976
2014-10-23,16:45,55.5,54.8,41.1,58.3,0.0,S@1.4,7.1,55.9,0.0,7,"South Tonasket, Okanogan County",330157,South Tonasket,2017-12-07 02:58:52.830976
2014-10-23,17:00,54.5,53.9,40.0,57.8,0.0,S@1.9,4.6,56.0,0.0,3,"South Tonasket, Okanogan County",330157,South Tonasket,2017-12-07 02:58:52.830976
2014-10-23,17:15,53.4,52.9,39.6,59.2,0.0,S@0.8,3.9,56.0,0.0,2,"South Tonasket, Okanogan County",330157,South Tonasket,2017-12-07 02:58:52.830976
2014-10-23,17:30,53.0,52.5,39.2,59.2,0.0,S@1.8,4.2,56.1,0.0,1,"South Tonasket, Okanogan County",330157,South Tonasket,2017-12-07 02:58:52.830976
2014-10-23,17:45,53.5,53.3,38.2,55.9,0.0,S@4.2,8.2,56.1,0.0,0,"South Tonasket, Okanogan County",330157,South Tonasket,2017-12-07 02:58:52.830976
2014-10-23,18:00,53.9,53.6,37.5,53.7,0.0,S@4.8,8.5,56.1,0.0,0,"South Tonasket, Okanogan County",330157,South Tonasket,2017-12-07 02:58:52.830976
2014-10-23,18:15,53.6,53.4,37.3,53.9,0.0,S@4.9,8.5,56.2,0.0,0,"South Tonasket, Okanogan County",330157,South Tonasket,2017-12-07 02:58:52.830976
2014-10-23,18:30,52.8,52.4,37.3,55.5,0.0,S@3.8,6.4,56.2,0.0,0,"South Tonasket, Okanogan County",330157,South Tonasket,2017-12-07 02:58:52.830976
2014-10-23,18:45,51.7,51.4,37.2,57.5,0.0,S@4.4,7.4,56.2,0.0,0,"South Tonasket, Okanogan County",330157,South Tonasket,2017-12-07 02:58:52.830976
2014-10-23,19:00,52.0,51.6,36.9,56.4,0.0,S@3.3,6.7,56.2,0.0,0,"South Tonasket, Okanogan County",330157,South Tonasket,2017-12-07 02:58:52.830976
2014-10-23,19:15,50.0,49.2,37.1,61.0,0.0,SW@0.2,2.8,56.2,0.0,0,"South Tonasket, Okanogan County",330157,South Tonasket,2017-12-07 02:58:52.830976
2014-10-23,19:30,49.3,49.1,37.1,62.5,0.0,S@2.5,6.4,56.1,0.0,0,"South Tonasket, Okanogan County",330157,South Tonasket,2017-12-07 02:58:52.830976
2014-10-23,19:45,50.4,50.0,37.0,59.9,0.0,S@3.6,5.7,56.1,0.0,0,"South Tonasket, Okanogan County",330157,South Tonasket,2017-12-07 02:58:52.830976
2014-10-23,20:00,49.8,49.3,37.0,61.1,0.0,S@1.9,5.7,56.1,0.0,0,"South Tonasket, Okanogan County",330157,South Tonasket,2017-12-07 02:58:52.830976
2014-10-23,20:15,49.1,48.5,37.1,63.1,0.0,S@0.9,3.5,56.1,0.0,0,"South Tonasket, Okanogan County",330157,South Tonasket,2017-12-07 02:58:52.830976
2014-10-23,20:30,48.5,48.0,37.0,64.3,0.0,S@1.0,3.9,56.0,0.0,0,"South Tonasket, Okanogan County",330157,South Tonasket,2017-12-07 02:58:52.830976
2014-10-23,20:45,47.4,46.7,37.4,67.9,0.0,SW@0.0,1.4,56.0,0.0,0,"South Tonasket, Okanogan County",330157,South Tonasket,2017-12-07 02:58:52.830976
2014-10-23,21:00,46.0,45.5,37.0,70.7,0.0,NE@0.5,2.8,55.9,0.0,0,"South Tonasket, Okanogan County",330157,South Tonasket,2017-12-07 02:58:52.830976
2014-10-23,21:15,45.8,45.3,36.9,70.8,0.0,SE@0.3,2.8,55.9,0.0,0,"South Tonasket, Okanogan County",330157,South Tonasket,2017-12-07 02:58:52.830976
2014-10-23,21:30,45.2,44.7,37.0,72.8,0.0,S@0.2,2.1,55.8,0.0,0,"South Tonasket, Okanogan County",330157,South Tonasket,2017-12-07 02:58:52.830976
2014-10-23,21:45,43.2,42.4,37.9,81.3,0.0,NE@1.5,4.2,55.8,0.0,0,"South Tonasket, Okanogan County",330157,South Tonasket,2017-12-07 02:58:52.830976
2014-10-23,22:00,42.4,42.0,37.6,83.0,0.0,NE@1.2,3.9,55.7,0.0,0,"South Tonasket, Okanogan County",330157,South Tonasket,2017-12-07 02:58:52.830976
2014-10-23,22:15,41.7,41.2,37.1,83.8,0.0,NE@0.1,2.4,55.6,0.0,0,"South Tonasket, Okanogan County",330157,South Tonasket,2017-12-07 02:58:52.830976
2014-10-23,22:30,40.6,40.1,37.0,86.7,0.0,NW@0.3,2.8,55.6,0.0,0,"South Tonasket, Okanogan County",330157,South Tonasket,2017-12-07 02:58:52.830976
2014-10-23,22:45,40.7,40.2,37.6,88.7,0.0,N@0.0,0.0,55.5,0.0,0,"South Tonasket, Okanogan County",330157,South Tonasket,2017-12-07 02:58:52.830976
2014-10-23,23:00,40.2,39.8,37.6,90.5,0.0,N@0.0,0.0,55.4,0.0,0,"South Tonasket, Okanogan County",330157,South Tonasket,2017-12-07 02:58:52.830976
2014-10-24,23:15,39.6,39.1,37.3,91.2,0.0,NE@1.6,4.6,55.4,0.0,0,"South Tonasket, Okanogan County",330157,South Tonasket,2017-12-07 02:58:52.830976
2014-10-24,23:30,40.1,39.6,37.0,88.8,0.0,N@0.3,3.1,55.3,0.0,0,"South Tonasket, Okanogan County",330157,South Tonasket,2017-12-07 02:58:52.830976
2014-10-24,23:45,39.8,39.4,36.9,89.0,0.0,N@0.0,0.0,55.2,0.0,0,"South Tonasket, Okanogan County",330157,South Tonasket,2017-12-07 02:58:52.830976
2014-10-24,24:00,38.6,38.1,36.3,91.2,0.01,N@0.0,0.0,55.1,0.0,0,"South Tonasket, Okanogan County",330157,South Tonasket,2017-12-07 02:58:52.830976
2014-10-24,00:15,38.4,38.0,36.7,93.4,0.08,E@0.8,3.5,55.0,0.0,0,"South Tonasket, Okanogan County",330157,South Tonasket,2017-12-07 02:58:52.830976
2014-10-24,00:30,38.9,38.7,36.9,92.3,0.1,E@0.3,2.8,55.0,0.0,0,"South Tonasket, Okanogan County",330157,South Tonasket,2017-12-07 02:58:52.830976
2014-10-24,00:45,38.5,38.0,36.5,92.3,0.11,N@0.0,0.0,54.9,0.0,0,"South Tonasket, Okanogan County",330157,South Tonasket,2017-12-07 02:58:52.830976
2014-10-24,01:00,38.7,38.5,36.9,93.2,0.12,N@0.0,0.0,54.8,0.0,0,"South Tonasket, Okanogan County",330157,South Tonasket,2017-12-07 02:58:52.830976
2014-10-24,01:15,39.6,39.2,36.8,89.4,0.12,S@0.6,2.8,54.7,0.0,0,"South Tonasket, Okanogan County",330157,South Tonasket,2017-12-07 02:58:52.830976
2014-10-24,01:30,39.2,38.9,36.9,91.3,0.12,S@0.0,1.4,54.6,0.0,0,"South Tonasket, Okanogan County",330157,South Tonasket,2017-12-07 02:58:52.830976
2014-10-24,01:45,38.0,37.6,35.7,91.3,0.12,N@0.0,0.0,54.5,0.0,0,"South Tonasket, Okanogan County",330157,South Tonasket,2017-12-07 02:58:52.830976
2014-10-24,02:00,38.6,38.5,36.8,93.3,0.13,N@0.0,0.0,54.4,0.0,0,"South Tonasket, Okanogan County",330157,South Tonasket,2017-12-07 02:58:52.830976
2014-10-24,02:15,38.5,37.9,36.4,92.3,0.11,N@0.0,0.0,54.3,0.0,0,"South Tonasket, Okanogan County",330157,South Tonasket,2017-12-07 02:58:52.830976
2014-10-24,02:30,38.7,38.3,36.9,93.3,0.09,N@0.0,0.0,54.2,0.0,0,"South Tonasket, Okanogan County",330157,South Tonasket,2017-12-07 02:58:52.830976
2014-10-24,02:45,38.5,38.0,37.0,94.5,0.09,S@0.0,1.4,54.1,0.0,0,"South Tonasket, Okanogan County",330157,South Tonasket,2017-12-07 02:58:52.830976
2014-10-24,03:00,39.6,39.6,37.7,92.7,0.04,SE@0.1,1.7,54.0,0.0,0,"South Tonasket, Okanogan County",330157,South Tonasket,2017-12-07 02:58:52.830976
2014-10-24,03:15,39.6,39.0,37.1,90.6,0.0,N@0.0,0.0,54.0,0.0,0,"South Tonasket, Okanogan County",330157,South Tonasket,2017-12-07 02:58:52.830976
2014-10-24,03:30,39.2,38.9,37.8,94.5,0.0,SE@0.0,1.4,53.9,0.0,0,"South Tonasket, Okanogan County",330157,South Tonasket,2017-12-07 02:58:52.830976
2014-10-24,03:45,39.8,39.4,38.1,93.5,0.0,S@0.0,1.4,53.8,0.0,0,"South Tonasket, Okanogan County",330157,South Tonasket,2017-12-07 02:58:52.830976
2014-10-24,04:00,39.7,39.2,37.5,91.9,0.0,N@0.0,0.0,53.7,0.0,0,"South Tonasket, Okanogan County",330157,South Tonasket,2017-12-07 02:58:52.830976
2014-10-24,04:15,38.9,38.3,36.9,92.3,0.0,N@0.0,0.0,53.6,0.0,0,"South Tonasket, Okanogan County",330157,South Tonasket,2017-12-07 02:58:52.830976
2014-10-24,04:30,38.9,38.7,37.2,93.3,0.0,SE@0.4,2.8,53.5,0.0,0,"South Tonasket, Okanogan County",330157,South Tonasket,2017-12-07 02:58:52.830976
2014-10-24,04:45,39.3,38.8,37.5,93.0,0.0,N@0.0,0.0,53.4,0.0,0,"South Tonasket, Okanogan County",330157,South Tonasket,2017-12-07 02:58:52.830976
2014-10-24,05:00,38.8,38.4,37.5,95.0,0.04,E@1.0,3.9,53.3,0.0,0,"South Tonasket, Okanogan County",330157,South Tonasket,2017-12-07 02:58:52.830976
2014-10-24,05:15,38.1,37.6,36.7,94.6,0.12,N@0.0,0.0,53.3,0.0,0,"South Tonasket, Okanogan County",330157,South Tonasket,2017-12-07 02:58:52.830976
2014-10-24,05:30,38.3,38.0,36.5,93.4,0.17,N@0.0,0.0,53.2,0.0,0,"South Tonasket, Okanogan County",330157,South Tonasket,2017-12-07 02:58:52.830976
2014-10-24,05:45,37.8,37.2,35.7,92.1,0.19,N@0.0,2.1,53.1,0.0,0,"South Tonasket, Okanogan County",330157,South Tonasket,2017-12-07 02:58:52.830976
2014-10-24,06:00,37.3,36.9,35.9,94.7,0.25,N@0.0,0.0,53.0,0.0,0,"South Tonasket, Okanogan County",330157,South Tonasket,2017-12-07 02:58:52.830976
2014-10-24,06:15,37.3,36.7,35.9,94.8,0.3,N@0.0,0.0,52.9,0.0,1,"South Tonasket, Okanogan County",330157,South Tonasket,2017-12-07 02:58:52.830976
2014-10-24,06:30,36.3,35.9,35.2,95.6,0.35,N@0.0,0.0,52.8,0.0,2,"South Tonasket, Okanogan County",330157,South Tonasket,2017-12-07 02:58:52.830976
2014-10-24,06:45,36.3,35.9,35.4,96.2,0.41,N@0.0,0.0,52.8,0.0,5,"South Tonasket, Okanogan County",330157,South Tonasket,2017-12-07 02:58:52.830976
2014-10-24,07:00,36.7,36.3,35.7,95.9,0.44,N@0.0,0.0,52.7,0.0,17,"South Tonasket, Okanogan County",330157,South Tonasket,2017-12-07 02:58:52.830976
2014-10-24,07:15,36.6,36.2,35.5,95.7,0.46,N@0.0,0.0,52.6,0.0,32,"South Tonasket, Okanogan County",330157,South Tonasket,2017-12-07 02:58:52.830976
2014-10-24,07:30,37.1,36.8,36.3,97.1,0.48,N@0.0,0.0,52.5,0.0,50,"South Tonasket, Okanogan County",330157,South Tonasket,2017-12-07 02:58:52.830976
2014-10-24,07:45,37.9,37.6,37.4,97.7,0.49,N@0.0,0.0,52.5,0.0,64,"South Tonasket, Okanogan County",330157,South Tonasket,2017-12-07 02:58:52.830976
2014-10-24,08:00,38.9,38.6,38.2,97.4,0.49,N@0.0,0.0,52.4,0.0,81,"South Tonasket, Okanogan County",330157,South Tonasket,2017-12-07 02:58:52.830976
2014-10-24,08:15,40.0,39.7,39.1,96.7,0.46,N@0.0,0.0,52.3,0.0,99,"South Tonasket, Okanogan County",330157,South Tonasket,2017-12-07 02:58:52.830976
2014-10-24,08:30,40.8,40.6,39.7,95.6,0.35,N@0.3,2.1,52.3,0.0,101,"South Tonasket, Okanogan County",330157,South Tonasket,2017-12-07 02:58:52.830976
2014-10-24,08:45,41.1,40.8,39.7,94.8,0.19,NE@0.0,1.4,52.2,0.0,110,"South Tonasket, Okanogan County",330157,South Tonasket,2017-12-07 02:58:52.830976
2014-10-24,09:00,41.7,41.5,39.6,92.1,0.01,N@0.0,0.0,52.1,0.0,127,"South Tonasket, Okanogan County",330157,South Tonasket,2017-12-07 02:58:52.830976
2014-10-24,09:15,42.9,42.7,40.0,89.2,0.0,N@1.8,3.9,52.0,0.0,203,"South Tonasket, Okanogan County",330157,South Tonasket,2017-12-07 02:58:52.830976
2014-10-24,09:30,44.5,44.5,40.2,84.5,0.0,N@1.7,3.5,52.0,0.0,224,"South Tonasket, Okanogan County",330157,South Tonasket,2017-12-07 02:58:52.830976
2014-10-24,09:45,45.7,45.7,39.9,80.2,0.0,NE@2.7,5.3,51.9,0.0,253,"South Tonasket, Okanogan County",330157,South Tonasket,2017-12-07 02:58:52.830976
2014-10-24,10:00,47.2,47.1,39.8,75.2,0.0,N@3.1,5.7,51.8,0.0,295,"South Tonasket, Okanogan County",330157,South Tonasket,2017-12-07 02:58:52.830976
2014-10-24,10:15,48.7,48.6,39.4,70.0,0.0,N@4.6,7.1,51.8,0.0,199,"South Tonasket, Okanogan County",330157,South Tonasket,2017-12-07 02:58:52.830976
2014-10-24,10:30,49.4,49.2,38.7,66.4,0.0,NE@4.1,7.1,51.7,0.0,237,"South Tonasket, Okanogan County",330157,South Tonasket,2017-12-07 02:58:52.830976
2014-10-24,10:45,50.2,50.1,38.7,64.5,0.0,NE@3.9,6.4,51.7,0.0,254,"South Tonasket, Okanogan County",330157,South Tonasket,2017-12-07 02:58:52.830976
2014-10-24,11:00,51.3,51.2,38.9,62.4,0.0,NE@3.0,5.7,51.7,0.0,253,"South Tonasket, Okanogan County",330157,South Tonasket,2017-12-07 02:58:52.830976
2014-10-24,11:15,51.7,51.7,38.5,60.6,0.0,N@2.2,4.6,51.6,0.0,283,"South Tonasket, Okanogan County",330157,South Tonasket,2017-12-07 02:58:52.830976
2014-10-24,11:30,52.6,52.5,38.3,58.2,0.0,NE@2.1,4.6,51.6,0.0,343,"South Tonasket, Okanogan County",330157,South Tonasket,2017-12-07 02:58:52.830976
2014-10-24,11:45,52.8,52.7,38.1,57.2,0.0,E@2.0,3.9,51.6,0.0,398,"South Tonasket, Okanogan County",330157,South Tonasket,2017-12-07 02:58:52.830976
2014-10-24,12:00,53.9,53.9,38.7,56.0,0.0,E@1.3,4.2,51.6,0.0,460,"South Tonasket, Okanogan County",330157,South Tonasket,2017-12-07 02:58:52.830976
2014-10-24,12:15,55.9,55.3,39.5,54.0,0.0,NE@0.3,3.5,51.6,0.0,460,"South Tonasket, Okanogan County",330157,South Tonasket,2017-12-07 02:58:52.830976
2014-10-24,12:30,55.6,54.7,37.9,51.3,0.0,W@0.1,2.1,51.6,0.0,399,"South Tonasket, Okanogan County",330157,South Tonasket,2017-12-07 02:58:52.830976
2014-10-24,12:45,56.7,56.3,38.0,49.3,0.0,N@0.0,0.0,51.6,0.0,432,"South Tonasket, Okanogan County",330157,South Tonasket,2017-12-07 02:58:52.830976
2014-10-24,13:00,56.9,56.4,37.5,48.2,0.0,NE@1.6,4.2,51.6,0.0,407,"South Tonasket, Okanogan County",330157,South Tonasket,2017-12-07 02:58:52.830976
2014-10-24,13:15,56.8,56.3,37.9,49.0,0.0,W@1.4,4.2,51.7,0.0,298,"South Tonasket, Okanogan County",330157,South Tonasket,2017-12-07 02:58:52.830976
2014-10-24,13:30,56.1,55.7,38.2,50.8,0.0,N@1.6,4.2,51.7,0.0,233,"South Tonasket, Okanogan County",330157,South Tonasket,2017-12-07 02:58:52.830976
2014-10-24,13:45,56.5,56.1,38.4,50.5,0.0,SW@0.2,2.4,51.8,0.0,206,"South Tonasket, Okanogan County",330157,South Tonasket,2017-12-07 02:58:52.830976
2014-10-24,14:00,56.4,55.8,39.6,53.3,0.0,SE@0.1,2.8,51.8,0.0,142,"South Tonasket, Okanogan County",330157,South Tonasket,2017-12-07 02:58:52.830976
2014-10-24,14:15,56.0,55.4,40.3,55.6,0.0,N@0.0,0.0,51.9,0.0,151,"South Tonasket, Okanogan County",330157,South Tonasket,2017-12-07 02:58:52.830976
2014-10-24,14:30,56.0,55.4,40.6,56.0,0.0,N@0.0,0.0,52.0,0.0,129,"South Tonasket, Okanogan County",330157,South Tonasket,2017-12-07 02:58:52.830976
2014-10-24,14:45,55.7,55.1,40.8,57.1,0.0,SE@0.1,3.1,52.1,0.0,108,"South Tonasket, Okanogan County",330157,South Tonasket,2017-12-07 02:58:52.830976
2014-10-24,15:00,55.5,54.9,41.2,58.4,0.0,N@0.0,0.0,52.2,0.0,94,"South Tonasket, Okanogan County",330157,South Tonasket,2017-12-07 02:58:52.830976
2014-10-24,15:15,55.1,54.4,41.9,61.0,0.0,N@0.0,0.0,52.3,0.0,79,"South Tonasket, Okanogan County",330157,South Tonasket,2017-12-07 02:58:52.830976
2014-10-24,15:30,54.8,54.2,41.5,60.6,0.0,N@0.0,0.0,52.4,0.0,67,"South Tonasket, Okanogan County",330157,South Tonasket,2017-12-07 02:58:52.830976
2014-10-24,15:45,54.3,53.6,41.8,62.4,0.0,N@0.0,0.0,52.5,0.0,47,"South Tonasket, Okanogan County",330157,South Tonasket,2017-12-07 02:58:52.830976
2014-10-24,16:00,53.7,53.0,42.2,65.0,0.0,N@0.0,0.0,52.5,0.0,30,"South Tonasket, Okanogan County",330157,South Tonasket,2017-12-07 02:58:52.830976
2014-10-24,16:15,52.8,52.1,41.9,66.3,0.0,N@0.0,0.0,52.6,0.0,20,"South Tonasket, Okanogan County",330157,South Tonasket,2017-12-07 02:58:52.830976
2014-10-24,16:30,52.0,51.5,41.0,65.9,0.0,N@0.0,0.0,52.7,0.0,10,"South Tonasket, Okanogan County",330157,South Tonasket,2017-12-07 02:58:52.830976
2014-10-24,16:45,51.0,50.4,43.1,74.0,0.0,N@0.0,0.0,52.8,0.0,4,"South Tonasket, Okanogan County",330157,South Tonasket,2017-12-07 02:58:52.830976
2014-10-24,17:00,50.4,49.8,43.0,75.5,0.0,N@0.0,0.0,52.9,0.0,2,"South Tonasket, Okanogan County",330157,South Tonasket,2017-12-07 02:58:52.830976
2014-10-24,17:15,49.7,49.3,41.5,73.3,0.0,E@0.6,3.5,53.0,0.0,1,"South Tonasket, Okanogan County",330157,South Tonasket,2017-12-07 02:58:52.830976
2014-10-24,17:30,48.9,48.2,42.6,78.7,0.0,N@0.0,0.0,53.1,0.0,0,"South Tonasket, Okanogan County",330157,South Tonasket,2017-12-07 02:58:52.830976
2014-10-24,17:45,48.7,48.3,42.0,77.4,0.0,N@0.0,0.0,53.1,0.0,0,"South Tonasket, Okanogan County",330157,South Tonasket,2017-12-07 02:58:52.830976
2014-10-24,18:00,47.8,47.3,42.4,81.2,0.0,N@0.0,0.0,53.2,0.0,0,"South Tonasket, Okanogan County",330157,South Tonasket,2017-12-07 02:58:52.830976
2014-10-24,18:15,47.5,47.1,42.4,82.2,0.0,NE@0.0,1.4,53.3,0.0,0,"South Tonasket, Okanogan County",330157,South Tonasket,2017-12-07 02:58:52.830976
2014-10-24,18:30,47.4,46.8,42.7,83.5,0.0,N@0.0,0.0,53.3,0.0,0,"South Tonasket, Okanogan County",330157,South Tonasket,2017-12-07 02:58:52.830976
2014-10-24,18:45,47.2,46.8,43.1,85.3,0.0,N@0.0,0.0,53.4,0.0,0,"South Tonasket, Okanogan County",330157,South Tonasket,2017-12-07 02:58:52.830976
2014-10-24,19:00,47.0,46.5,43.3,87.0,0.0,N@0.0,0.0,53.4,0.0,0,"South Tonasket, Okanogan County",330157,South Tonasket,2017-12-07 02:58:52.830976
2014-10-24,19:15,46.8,46.3,43.2,87.2,0.0,N@0.0,0.0,53.4,0.0,0,"South Tonasket, Okanogan County",330157,South Tonasket,2017-12-07 02:58:52.830976
2014-10-24,19:30,46.9,46.5,42.6,84.8,0.0,N@0.0,0.0,53.4,0.0,0,"South Tonasket, Okanogan County",330157,South Tonasket,2017-12-07 02:58:52.830976
2014-10-24,19:45,46.8,46.3,42.8,85.7,0.0,N@0.0,0.0,53.5,0.0,0,"South Tonasket, Okanogan County",330157,South Tonasket,2017-12-07 02:58:52.830976
2014-10-24,20:00,46.7,46.0,43.4,88.2,0.0,N@0.0,0.0,53.5,0.0,0,"South Tonasket, Okanogan County",330157,South Tonasket,2017-12-07 02:58:52.830976
2014-10-24,20:15,46.3,45.9,43.3,89.1,0.0,N@0.0,0.0,53.5,0.0,0,"South Tonasket, Okanogan County",330157,South Tonasket,2017-12-07 02:58:52.830976
2014-10-24,20:30,46.3,45.9,43.4,89.4,0.0,N@0.0,0.0,53.5,0.0,0,"South Tonasket, Okanogan County",330157,South Tonasket,2017-12-07 02:58:52.830976
2014-10-24,20:45,46.1,45.6,43.6,90.7,0.01,N@0.0,0.0,53.5,0.0,0,"South Tonasket, Okanogan County",330157,South Tonasket,2017-12-07 02:58:52.830976
2014-10-24,21:00,45.8,45.5,43.4,91.3,0.12,E@0.1,2.1,53.5,0.0,0,"South Tonasket, Okanogan County",330157,South Tonasket,2017-12-07 02:58:52.830976
2014-10-24,21:15,46.5,46.2,43.4,88.8,0.0,SE@0.1,1.7,53.5,0.0,0,"South Tonasket, Okanogan County",330157,South Tonasket,2017-12-07 02:58:52.830976
2014-10-24,21:30,46.9,46.6,43.3,87.2,0.19,E@1.8,4.2,53.5,0.0,0,"South Tonasket, Okanogan County",330157,South Tonasket,2017-12-07 02:58:52.830976
2014-10-24,21:45,47.5,47.1,43.1,84.6,0.57,N@0.3,2.4,53.5,0.0,0,"South Tonasket, Okanogan County",330157,South Tonasket,2017-12-07 02:58:52.830976
2014-10-24,22:00,47.0,46.5,43.7,88.2,0.86,N@0.0,0.0,53.5,0.0,0,"South Tonasket, Okanogan County",330157,South Tonasket,2017-12-07 02:58:52.830976
2014-10-24,22:15,46.6,46.0,44.3,91.5,0.88,N@0.0,0.0,53.4,0.0,0,"South Tonasket, Okanogan County",330157,South Tonasket,2017-12-07 02:58:52.830976
2014-10-24,22:30,46.3,45.7,45.0,95.2,0.87,N@0.0,0.0,53.4,0.0,0,"South Tonasket, Okanogan County",330157,South Tonasket,2017-12-07 02:58:52.830976
2014-10-24,22:45,46.0,45.4,45.2,96.9,0.86,W@0.0,1.4,53.4,0.01,0,"South Tonasket, Okanogan County",330157,South Tonasket,2017-12-07 02:58:52.830976
2014-10-24,23:00,46.0,45.5,45.5,97.9,0.87,N@0.0,0.0,53.4,0.0,0,"South Tonasket, Okanogan County",330157,South Tonasket,2017-12-07 02:58:52.830976
2014-10-25,23:15,45.8,45.3,45.5,99.0,0.85,NE@0.4,2.8,53.4,0.0,0,"South Tonasket, Okanogan County",330157,South Tonasket,2017-12-07 02:58:52.830976
2014-10-25,23:30,45.7,45.4,45.5,99.0,0.81,NE@0.3,2.8,53.3,0.01,0,"South Tonasket, Okanogan County",330157,South Tonasket,2017-12-07 02:58:52.830976
2014-10-25,23:45,45.6,45.1,45.5,99.5,0.79,N@0.0,0.0,53.3,0.01,0,"South Tonasket, Okanogan County",330157,South Tonasket,2017-12-07 02:58:52.830976
2014-10-25,24:00,45.7,45.2,45.7,100.0,0.77,N@0.0,0.0,53.3,0.01,0,"South Tonasket, Okanogan County",330157,South Tonasket,2017-12-07 02:58:52.830976
