Date,Time PDT,Air Temp °F, 2<sup>nd</sup> Air Temp °F, Dew Point °F, Rel Hum %, Leaf Wet u., Wind Dir @ Speed mph, Wind Gust mph, 2 in. Soil Tmp °F, 8 in. Soil Tmp °F, Soil VWC %, Tot Prec in, Solar Rad W/m², Atm. Press. inHg,Location,Station ID,Station Name,Download Timestamp
2018-02-13,23:15,37.8,37.3,-12.2,10.9,0.0,S@9.2,12.8,34.2,35.7,37.6,0.0,0,29.91,"Dayton, Dayton, Columbia County",300208,Dayton,2018-05-15 12:22:13.943384
2018-02-13,23:30,38.2,37.7,-13.4,10.1,0.0,S@9.3,11.4,34.2,35.7,37.6,0.0,0,29.9,"Dayton, Dayton, Columbia County",300208,Dayton,2018-05-15 12:22:13.943384
2018-02-13,23:45,38.8,38.3,-13.8,9.7,0.0,S@10.2,13.5,34.2,35.7,37.6,0.0,0,29.9,"Dayton, Dayton, Columbia County",300208,Dayton,2018-05-15 12:22:13.943384
2018-02-13,24:00,38.3,37.8,-9.4,12.3,0.0,S@9.1,12.4,34.2,35.7,37.6,0.0,0,29.89,"Dayton, Dayton, Columbia County",300208,Dayton,2018-05-15 12:22:13.943384
2018-02-14,00:15,38.4,37.9,-1.4,18.0,0.0,S@8.5,11.7,34.2,35.7,37.6,0.0,0,29.89,"Dayton, Dayton, Columbia County",300208,Dayton,2018-05-15 12:22:13.943384
2018-02-14,00:30,38.3,37.8,9.8,30.3,0.0,S@8.3,11.7,34.2,35.7,37.6,0.0,0,29.89,"Dayton, Dayton, Columbia County",300208,Dayton,2018-05-15 12:22:13.943384
2018-02-14,00:45,37.4,36.9,11.6,33.9,0.0,S@7.5,9.9,34.2,35.6,37.6,0.0,0,29.89,"Dayton, Dayton, Columbia County",300208,Dayton,2018-05-15 12:22:13.943384
2018-02-14,01:00,36.1,35.5,15.1,41.8,0.0,SW@4.6,7.4,34.2,35.6,37.6,0.0,0,29.89,"Dayton, Dayton, Columbia County",300208,Dayton,2018-05-15 12:22:13.943384
2018-02-14,01:15,35.8,35.3,19.4,50.9,0.0,SW@5.8,9.6,34.2,35.6,37.6,0.0,0,29.9,"Dayton, Dayton, Columbia County",300208,Dayton,2018-05-15 12:22:13.943384
2018-02-14,01:30,36.1,35.6,18.6,48.5,0.0,S@9.6,12.4,34.2,35.6,37.6,0.0,0,29.89,"Dayton, Dayton, Columbia County",300208,Dayton,2018-05-15 12:22:13.943384
2018-02-14,01:45,35.8,35.3,18.5,48.9,0.0,SW@9.6,12.4,34.2,35.6,37.6,0.0,0,29.89,"Dayton, Dayton, Columbia County",300208,Dayton,2018-05-15 12:22:13.943384
2018-02-14,02:00,36.3,35.8,18.0,47.0,0.0,SW@10.2,13.5,34.2,35.6,37.6,0.0,0,29.89,"Dayton, Dayton, Columbia County",300208,Dayton,2018-05-15 12:22:13.943384
2018-02-14,02:15,36.1,35.5,18.6,48.8,0.0,SW@8.3,13.2,34.2,35.6,37.6,0.0,0,29.89,"Dayton, Dayton, Columbia County",300208,Dayton,2018-05-15 12:22:13.943384
2018-02-14,02:30,34.6,34.1,19.7,54.1,0.0,SW@6.5,9.6,34.2,35.6,37.6,0.0,0,29.9,"Dayton, Dayton, Columbia County",300208,Dayton,2018-05-15 12:22:13.943384
2018-02-14,02:45,34.1,33.5,16.2,47.6,0.0,W@4.2,6.7,34.2,35.6,37.6,0.0,0,29.91,"Dayton, Dayton, Columbia County",300208,Dayton,2018-05-15 12:22:13.943384
2018-02-14,03:00,33.5,32.9,9.5,36.1,0.0,W@3.0,5.7,34.2,35.6,37.6,0.0,0,29.9,"Dayton, Dayton, Columbia County",300208,Dayton,2018-05-15 12:22:13.943384
2018-02-14,03:15,33.1,32.4,15.6,48.2,0.0,S@4.7,6.4,34.2,35.6,37.6,0.0,0,29.89,"Dayton, Dayton, Columbia County",300208,Dayton,2018-05-15 12:22:13.943384
2018-02-14,03:30,33.2,32.6,18.6,54.5,0.0,S@7.6,13.2,34.2,35.6,37.5,0.0,0,29.88,"Dayton, Dayton, Columbia County",300208,Dayton,2018-05-15 12:22:13.943384
2018-02-14,03:45,33.6,33.1,19.6,56.0,0.0,S@10.8,16.0,34.2,35.6,37.4,0.0,0,29.88,"Dayton, Dayton, Columbia County",300208,Dayton,2018-05-15 12:22:13.943384
2018-02-14,04:00,34.3,33.8,18.8,52.8,0.0,S@11.6,21.0,34.2,35.6,37.4,0.0,0,29.89,"Dayton, Dayton, Columbia County",300208,Dayton,2018-05-15 12:22:13.943384
2018-02-14,04:15,34.1,33.5,20.0,55.9,0.0,SW@16.1,25.7,34.2,35.6,37.4,0.0,0,29.89,"Dayton, Dayton, Columbia County",300208,Dayton,2018-05-15 12:22:13.943384
2018-02-14,04:30,31.5,30.8,24.8,76.6,0.0,SW@16.3,27.8,34.2,35.6,37.4,0.0,0,29.89,"Dayton, Dayton, Columbia County",300208,Dayton,2018-05-15 12:22:13.943384
2018-02-14,04:45,30.3,29.7,28.3,93.7,0.0,SW@20.4,27.5,34.2,35.6,37.3,0.0,0,29.88,"Dayton, Dayton, Columbia County",300208,Dayton,2018-05-15 12:22:13.943384
2018-02-14,05:00,29.8,29.2,28.1,94.9,0.0,S@21.1,26.8,34.2,35.6,37.3,0.0,0,29.88,"Dayton, Dayton, Columbia County",300208,Dayton,2018-05-15 12:22:13.943384
2018-02-14,05:15,29.5,28.9,27.8,95.2,0.0,S@22.8,27.8,34.2,35.6,37.3,0.0,0,29.88,"Dayton, Dayton, Columbia County",300208,Dayton,2018-05-15 12:22:13.943384
2018-02-14,05:30,29.2,28.6,27.3,94.3,0.0,S@23.2,32.5,34.2,35.6,37.4,0.0,0,29.87,"Dayton, Dayton, Columbia County",300208,Dayton,2018-05-15 12:22:13.943384
2018-02-14,05:45,29.0,28.5,27.1,94.3,0.0,S@23.0,30.0,34.2,35.6,37.4,0.0,0,29.87,"Dayton, Dayton, Columbia County",300208,Dayton,2018-05-15 12:22:13.943384
2018-02-14,06:00,29.4,28.8,27.5,94.4,0.0,S@21.1,28.6,34.2,35.6,37.4,0.0,0,29.87,"Dayton, Dayton, Columbia County",300208,Dayton,2018-05-15 12:22:13.943384
2018-02-14,06:15,30.4,29.8,28.5,93.9,0.0,S@21.8,28.6,34.2,35.6,37.4,0.0,0,29.87,"Dayton, Dayton, Columbia County",300208,Dayton,2018-05-15 12:22:13.943384
2018-02-14,06:30,31.1,30.5,29.2,93.6,0.0,S@21.4,27.1,34.2,35.6,37.4,0.0,0,29.87,"Dayton, Dayton, Columbia County",300208,Dayton,2018-05-15 12:22:13.943384
2018-02-14,06:45,31.8,31.2,29.9,93.2,0.0,S@20.4,27.1,34.2,35.6,37.4,0.0,0,29.87,"Dayton, Dayton, Columbia County",300208,Dayton,2018-05-15 12:22:13.943384
2018-02-14,07:00,32.3,31.7,30.8,94.3,0.05,S@19.8,24.6,34.2,35.6,37.4,0.0,0,29.87,"Dayton, Dayton, Columbia County",300208,Dayton,2018-05-15 12:22:13.943384
2018-02-14,07:15,32.8,32.2,31.4,94.6,0.06,S@21.0,26.4,34.2,35.6,37.3,0.0,3,29.87,"Dayton, Dayton, Columbia County",300208,Dayton,2018-05-15 12:22:13.943384
2018-02-14,07:30,33.3,32.6,32.1,95.1,0.07,S@21.4,31.8,34.2,35.6,37.3,0.0,9,29.87,"Dayton, Dayton, Columbia County",300208,Dayton,2018-05-15 12:22:13.943384
2018-02-14,07:45,33.5,32.9,32.4,95.6,0.08,S@23.8,30.7,34.2,35.6,37.3,0.0,16,29.87,"Dayton, Dayton, Columbia County",300208,Dayton,2018-05-15 12:22:13.943384
2018-02-14,08:00,33.2,32.7,32.3,96.5,0.11,S@24.1,29.6,34.2,35.5,37.3,0.0,16,29.88,"Dayton, Dayton, Columbia County",300208,Dayton,2018-05-15 12:22:13.943384
2018-02-14,08:15,33.3,32.7,32.5,96.8,0.14,S@24.9,32.5,34.2,35.5,37.3,0.0,29,29.88,"Dayton, Dayton, Columbia County",300208,Dayton,2018-05-15 12:22:13.943384
2018-02-14,08:30,33.2,32.6,32.4,96.8,0.16,S@22.8,29.3,34.2,35.5,37.3,0.01,51,29.88,"Dayton, Dayton, Columbia County",300208,Dayton,2018-05-15 12:22:13.943384
2018-02-14,08:45,33.2,32.5,32.4,96.9,0.19,S@21.9,27.8,34.2,35.5,37.2,0.01,84,29.88,"Dayton, Dayton, Columbia County",300208,Dayton,2018-05-15 12:22:13.943384
2018-02-14,09:00,33.1,32.4,32.4,96.9,0.21,S@22.4,27.5,34.2,35.5,37.2,0.01,101,29.89,"Dayton, Dayton, Columbia County",300208,Dayton,2018-05-15 12:22:13.943384
2018-02-14,09:15,33.1,32.3,32.3,97.1,0.19,S@22.4,26.8,34.2,35.5,37.2,0.0,104,29.89,"Dayton, Dayton, Columbia County",300208,Dayton,2018-05-15 12:22:13.943384
2018-02-14,09:30,32.9,32.2,32.3,97.4,0.2,S@22.1,27.5,34.2,35.5,37.2,0.0,110,29.89,"Dayton, Dayton, Columbia County",300208,Dayton,2018-05-15 12:22:13.943384
2018-02-14,09:45,32.9,32.1,32.3,97.5,0.2,S@21.8,29.3,34.2,35.5,37.2,0.0,127,29.89,"Dayton, Dayton, Columbia County",300208,Dayton,2018-05-15 12:22:13.943384
2018-02-14,10:00,32.9,32.1,32.3,97.6,0.21,S@21.1,26.8,34.2,35.5,37.2,0.0,121,29.9,"Dayton, Dayton, Columbia County",300208,Dayton,2018-05-15 12:22:13.943384
2018-02-14,10:15,32.8,32.0,32.3,97.7,0.22,S@20.7,26.0,34.2,35.5,37.2,0.01,129,29.9,"Dayton, Dayton, Columbia County",300208,Dayton,2018-05-15 12:22:13.943384
2018-02-14,10:30,32.8,32.0,32.2,97.8,0.22,S@21.2,26.0,34.2,35.5,37.2,0.01,149,29.9,"Dayton, Dayton, Columbia County",300208,Dayton,2018-05-15 12:22:13.943384
2018-02-14,10:45,32.8,32.1,32.3,97.8,0.22,S@21.5,26.4,34.2,35.5,37.2,0.0,170,29.9,"Dayton, Dayton, Columbia County",300208,Dayton,2018-05-15 12:22:13.943384
2018-02-14,11:00,32.9,32.2,32.4,97.9,0.23,S@20.9,26.0,34.2,35.5,37.2,0.0,184,29.91,"Dayton, Dayton, Columbia County",300208,Dayton,2018-05-15 12:22:13.943384
2018-02-14,11:15,33.2,32.5,32.6,97.7,0.22,S@22.9,30.7,34.2,35.5,37.2,0.0,217,29.91,"Dayton, Dayton, Columbia County",300208,Dayton,2018-05-15 12:22:13.943384
2018-02-14,11:30,33.5,33.0,32.8,97.3,0.21,S@21.8,26.8,34.2,35.5,37.2,0.0,200,29.91,"Dayton, Dayton, Columbia County",300208,Dayton,2018-05-15 12:22:13.943384
2018-02-14,11:45,33.6,33.4,32.9,97.1,0.16,S@24.4,32.1,34.2,35.5,37.2,0.0,197,29.91,"Dayton, Dayton, Columbia County",300208,Dayton,2018-05-15 12:22:13.943384
2018-02-14,12:00,34.0,33.5,33.0,96.4,0.16,S@23.8,30.0,34.2,35.5,37.2,0.0,251,29.91,"Dayton, Dayton, Columbia County",300208,Dayton,2018-05-15 12:22:13.943384
2018-02-14,12:15,34.2,33.7,32.8,94.7,0.13,SW@22.9,29.6,34.2,35.5,37.2,0.0,193,29.9,"Dayton, Dayton, Columbia County",300208,Dayton,2018-05-15 12:22:13.943384
2018-02-14,12:30,34.4,33.8,32.6,93.1,0.11,SW@22.9,30.3,34.2,35.5,37.2,0.0,162,29.9,"Dayton, Dayton, Columbia County",300208,Dayton,2018-05-15 12:22:13.943384
2018-02-14,12:45,34.4,33.7,32.4,92.1,0.11,SW@17.9,23.5,34.2,35.5,37.2,0.0,153,29.91,"Dayton, Dayton, Columbia County",300208,Dayton,2018-05-15 12:22:13.943384
2018-02-14,13:00,34.1,33.4,32.3,93.2,0.11,SW@19.1,23.9,34.2,35.5,37.2,0.0,135,29.91,"Dayton, Dayton, Columbia County",300208,Dayton,2018-05-15 12:22:13.943384
2018-02-14,13:15,34.1,33.3,32.3,93.2,0.12,SW@20.1,25.0,34.2,35.5,37.2,0.0,183,29.9,"Dayton, Dayton, Columbia County",300208,Dayton,2018-05-15 12:22:13.943384
2018-02-14,13:30,33.9,33.1,32.5,94.5,0.13,SW@19.2,24.6,34.2,35.5,37.2,0.0,166,29.9,"Dayton, Dayton, Columbia County",300208,Dayton,2018-05-15 12:22:13.943384
2018-02-14,13:45,33.5,32.7,32.4,96.0,0.16,SW@18.3,22.5,34.2,35.5,37.2,0.0,112,29.91,"Dayton, Dayton, Columbia County",300208,Dayton,2018-05-15 12:22:13.943384
2018-02-14,14:00,33.2,32.5,32.5,96.9,0.18,SW@17.6,22.8,34.2,35.5,37.2,0.0,140,29.91,"Dayton, Dayton, Columbia County",300208,Dayton,2018-05-15 12:22:13.943384
2018-02-14,14:15,33.1,32.4,32.4,97.1,0.19,SW@17.2,22.8,34.2,35.5,37.2,0.0,129,29.91,"Dayton, Dayton, Columbia County",300208,Dayton,2018-05-15 12:22:13.943384
2018-02-14,14:30,33.2,32.5,32.5,97.4,0.2,SW@13.6,18.2,34.2,35.5,37.2,0.0,119,29.92,"Dayton, Dayton, Columbia County",300208,Dayton,2018-05-15 12:22:13.943384
2018-02-14,14:45,33.3,32.6,32.6,97.5,0.21,SW@13.9,17.1,34.2,35.5,37.2,0.0,103,29.92,"Dayton, Dayton, Columbia County",300208,Dayton,2018-05-15 12:22:13.943384
2018-02-14,15:00,33.6,32.9,32.9,97.4,0.21,S@15.2,21.0,34.2,35.5,37.2,0.0,145,29.92,"Dayton, Dayton, Columbia County",300208,Dayton,2018-05-15 12:22:13.943384
2018-02-14,15:15,33.9,33.2,32.9,96.3,0.2,SW@14.1,17.8,34.2,35.5,37.2,0.0,118,29.93,"Dayton, Dayton, Columbia County",300208,Dayton,2018-05-15 12:22:13.943384
2018-02-14,15:30,34.0,33.4,32.9,95.8,0.2,SW@11.9,15.3,34.2,35.5,37.2,0.0,82,29.93,"Dayton, Dayton, Columbia County",300208,Dayton,2018-05-15 12:22:13.943384
2018-02-14,15:45,34.3,33.7,32.9,94.7,0.19,SW@10.5,13.9,34.2,35.5,37.2,0.0,67,29.94,"Dayton, Dayton, Columbia County",300208,Dayton,2018-05-15 12:22:13.943384
2018-02-14,16:00,34.5,33.9,32.9,93.9,0.18,S@11.2,14.6,34.2,35.5,37.2,0.0,56,29.94,"Dayton, Dayton, Columbia County",300208,Dayton,2018-05-15 12:22:13.943384
2018-02-14,16:15,34.7,34.1,32.9,93.2,0.17,SW@12.8,18.2,34.2,35.5,37.2,0.0,39,29.94,"Dayton, Dayton, Columbia County",300208,Dayton,2018-05-15 12:22:13.943384
2018-02-14,16:30,34.7,34.2,33.1,93.7,0.17,SW@12.5,16.7,34.2,35.5,37.2,0.0,22,29.95,"Dayton, Dayton, Columbia County",300208,Dayton,2018-05-15 12:22:13.943384
2018-02-14,16:45,34.8,34.2,33.1,93.4,0.16,SW@12.3,16.7,34.2,35.5,37.2,0.0,18,29.95,"Dayton, Dayton, Columbia County",300208,Dayton,2018-05-15 12:22:13.943384
2018-02-14,17:00,34.8,34.2,33.0,93.2,0.16,SW@12.0,16.4,34.2,35.5,37.2,0.0,10,29.95,"Dayton, Dayton, Columbia County",300208,Dayton,2018-05-15 12:22:13.943384
2018-02-14,17:15,34.7,34.2,33.1,93.5,0.16,SW@14.0,18.9,34.2,35.5,37.2,0.0,4,29.96,"Dayton, Dayton, Columbia County",300208,Dayton,2018-05-15 12:22:13.943384
2018-02-14,17:30,34.6,34.0,33.1,94.2,0.17,SW@14.7,19.6,34.2,35.5,37.2,0.0,2,29.96,"Dayton, Dayton, Columbia County",300208,Dayton,2018-05-15 12:22:13.943384
2018-02-14,17:45,34.2,33.6,33.1,95.6,0.2,SW@13.7,17.8,34.2,35.5,37.2,0.0,0,29.97,"Dayton, Dayton, Columbia County",300208,Dayton,2018-05-15 12:22:13.943384
2018-02-14,18:00,34.0,33.4,33.1,96.4,0.23,SW@14.0,17.1,34.2,35.4,37.2,0.0,0,29.98,"Dayton, Dayton, Columbia County",300208,Dayton,2018-05-15 12:22:13.943384
2018-02-14,18:15,33.7,33.0,32.9,97.1,0.28,SW@12.1,15.3,34.2,35.4,37.2,0.0,0,29.98,"Dayton, Dayton, Columbia County",300208,Dayton,2018-05-15 12:22:13.943384
2018-02-14,18:30,33.7,33.2,32.5,95.2,0.24,SW@11.9,15.0,34.2,35.4,37.2,0.0,0,29.99,"Dayton, Dayton, Columbia County",300208,Dayton,2018-05-15 12:22:13.943384
2018-02-14,18:45,33.5,32.8,32.3,95.3,0.26,SW@11.0,13.9,34.2,35.4,37.2,0.0,0,29.99,"Dayton, Dayton, Columbia County",300208,Dayton,2018-05-15 12:22:13.943384
2018-02-14,19:00,33.2,32.6,32.1,95.8,0.27,SW@9.8,13.5,34.1,35.4,37.2,0.0,0,30.0,"Dayton, Dayton, Columbia County",300208,Dayton,2018-05-15 12:22:13.943384
2018-02-14,19:15,33.1,32.4,32.0,95.9,0.3,SW@9.4,11.7,34.2,35.4,37.2,0.0,0,30.0,"Dayton, Dayton, Columbia County",300208,Dayton,2018-05-15 12:22:13.943384
2018-02-14,19:30,32.8,32.2,31.8,95.9,0.31,SW@9.0,11.4,34.1,35.4,37.2,0.0,0,30.01,"Dayton, Dayton, Columbia County",300208,Dayton,2018-05-15 12:22:13.943384
2018-02-14,19:45,32.6,31.9,31.8,96.9,0.36,S@8.9,11.7,34.1,35.4,37.2,0.0,0,30.02,"Dayton, Dayton, Columbia County",300208,Dayton,2018-05-15 12:22:13.943384
2018-02-14,20:00,32.8,32.2,31.5,94.8,0.3,S@9.2,12.4,34.1,35.4,37.2,0.0,0,30.02,"Dayton, Dayton, Columbia County",300208,Dayton,2018-05-15 12:22:13.943384
2018-02-14,20:15,32.8,32.1,31.1,93.6,0.27,S@8.4,11.0,34.1,35.4,37.2,0.0,0,30.03,"Dayton, Dayton, Columbia County",300208,Dayton,2018-05-15 12:22:13.943384
2018-02-14,20:30,32.7,32.1,30.7,92.0,0.23,S@9.0,11.4,34.1,35.4,37.2,0.0,0,30.04,"Dayton, Dayton, Columbia County",300208,Dayton,2018-05-15 12:22:13.943384
2018-02-14,20:45,32.7,32.1,30.3,90.7,0.21,S@9.5,11.7,34.1,35.4,37.2,0.0,0,30.04,"Dayton, Dayton, Columbia County",300208,Dayton,2018-05-15 12:22:13.943384
2018-02-14,21:00,32.6,32.0,30.1,90.4,0.19,S@8.8,11.0,34.1,35.4,37.2,0.0,0,30.05,"Dayton, Dayton, Columbia County",300208,Dayton,2018-05-15 12:22:13.943384
2018-02-14,21:15,32.6,31.9,29.9,89.8,0.18,SW@7.2,8.9,34.1,35.4,37.2,0.0,0,30.06,"Dayton, Dayton, Columbia County",300208,Dayton,2018-05-15 12:22:13.943384
2018-02-14,21:30,32.3,31.6,29.7,90.1,0.18,S@6.6,8.2,34.1,35.4,37.2,0.0,0,30.07,"Dayton, Dayton, Columbia County",300208,Dayton,2018-05-15 12:22:13.943384
2018-02-14,21:45,31.6,30.9,29.3,91.7,0.22,S@7.3,8.9,34.1,35.4,37.2,0.0,0,30.07,"Dayton, Dayton, Columbia County",300208,Dayton,2018-05-15 12:22:13.943384
2018-02-14,22:00,31.6,30.9,29.3,91.9,0.21,S@7.8,10.7,34.1,35.4,37.2,0.0,0,30.08,"Dayton, Dayton, Columbia County",300208,Dayton,2018-05-15 12:22:13.943384
2018-02-14,22:15,32.1,31.5,29.9,91.2,0.17,S@9.2,11.7,34.1,35.4,37.2,0.0,0,30.09,"Dayton, Dayton, Columbia County",300208,Dayton,2018-05-15 12:22:13.943384
2018-02-14,22:30,32.4,31.8,30.2,91.4,0.16,S@9.7,12.1,34.1,35.4,37.2,0.0,0,30.09,"Dayton, Dayton, Columbia County",300208,Dayton,2018-05-15 12:22:13.943384
2018-02-14,22:45,32.8,32.2,30.5,91.3,0.15,S@9.0,11.7,34.1,35.4,37.2,0.0,0,30.09,"Dayton, Dayton, Columbia County",300208,Dayton,2018-05-15 12:22:13.943384
2018-02-14,23:00,32.9,32.2,31.0,92.6,0.16,S@9.0,12.1,34.1,35.4,37.2,0.0,0,30.09,"Dayton, Dayton, Columbia County",300208,Dayton,2018-05-15 12:22:13.943384
2018-02-14,23:15,33.3,32.6,31.5,93.1,0.16,S@11.2,14.6,34.1,35.4,37.2,0.0,0,30.09,"Dayton, Dayton, Columbia County",300208,Dayton,2018-05-15 12:22:13.943384
2018-02-14,23:30,33.3,32.7,31.6,93.6,0.17,S@11.8,15.0,34.1,35.4,37.2,0.0,0,30.09,"Dayton, Dayton, Columbia County",300208,Dayton,2018-05-15 12:22:13.943384
2018-02-14,23:45,33.2,32.6,31.7,94.0,0.17,SW@11.0,13.9,34.1,35.4,37.2,0.0,0,30.1,"Dayton, Dayton, Columbia County",300208,Dayton,2018-05-15 12:22:13.943384
2018-02-14,24:00,33.4,32.8,31.9,94.2,0.18,S@11.7,15.0,34.1,35.4,37.2,0.0,0,30.1,"Dayton, Dayton, Columbia County",300208,Dayton,2018-05-15 12:22:13.943384
2018-02-15,00:15,33.7,33.1,31.8,92.7,0.17,S@11.5,14.6,34.1,35.4,37.2,0.0,0,30.1,"Dayton, Dayton, Columbia County",300208,Dayton,2018-05-15 12:22:13.943384
2018-02-15,00:30,33.5,32.9,30.9,90.0,0.15,S@10.2,13.9,34.1,35.4,37.2,0.0,0,30.1,"Dayton, Dayton, Columbia County",300208,Dayton,2018-05-15 12:22:13.943384
2018-02-15,00:45,33.2,32.5,30.4,89.6,0.13,SW@8.9,11.4,34.1,35.4,37.2,0.0,0,30.1,"Dayton, Dayton, Columbia County",300208,Dayton,2018-05-15 12:22:13.943384
2018-02-15,01:00,33.0,32.3,30.7,91.3,0.14,SW@11.3,15.7,34.1,35.4,37.2,0.0,0,30.11,"Dayton, Dayton, Columbia County",300208,Dayton,2018-05-15 12:22:13.943384
2018-02-15,01:15,33.1,32.5,31.2,92.3,0.14,SW@13.0,16.7,34.1,35.4,37.2,0.0,0,30.11,"Dayton, Dayton, Columbia County",300208,Dayton,2018-05-15 12:22:13.943384
2018-02-15,01:30,33.1,32.5,31.0,91.9,0.14,SW@14.8,20.7,34.1,35.4,37.2,0.0,0,30.12,"Dayton, Dayton, Columbia County",300208,Dayton,2018-05-15 12:22:13.943384
2018-02-15,01:45,33.1,32.4,31.0,91.9,0.14,SW@16.1,19.2,34.1,35.4,37.2,0.0,0,30.12,"Dayton, Dayton, Columbia County",300208,Dayton,2018-05-15 12:22:13.943384
2018-02-15,02:00,32.9,32.3,30.9,92.2,0.14,SW@16.1,20.3,34.1,35.4,37.2,0.0,0,30.13,"Dayton, Dayton, Columbia County",300208,Dayton,2018-05-15 12:22:13.943384
2018-02-15,02:15,32.8,32.2,30.6,91.5,0.13,SW@14.2,19.2,34.1,35.4,37.2,0.0,0,30.14,"Dayton, Dayton, Columbia County",300208,Dayton,2018-05-15 12:22:13.943384
2018-02-15,02:30,32.6,32.0,30.6,92.1,0.13,SW@14.2,18.9,34.1,35.4,37.2,0.0,0,30.15,"Dayton, Dayton, Columbia County",300208,Dayton,2018-05-15 12:22:13.943384
2018-02-15,02:45,32.2,31.6,30.6,93.4,0.15,SW@14.6,18.9,34.1,35.4,37.2,0.0,0,30.15,"Dayton, Dayton, Columbia County",300208,Dayton,2018-05-15 12:22:13.943384
2018-02-15,03:00,32.2,31.6,30.4,93.1,0.15,SW@15.5,22.1,34.1,35.4,37.2,0.0,0,30.16,"Dayton, Dayton, Columbia County",300208,Dayton,2018-05-15 12:22:13.943384
2018-02-15,03:15,32.1,31.5,30.3,92.6,0.14,SW@14.8,20.0,34.1,35.4,37.2,0.0,0,30.16,"Dayton, Dayton, Columbia County",300208,Dayton,2018-05-15 12:22:13.943384
2018-02-15,03:30,32.1,31.4,30.2,92.6,0.14,SW@15.0,18.9,34.1,35.4,37.2,0.0,0,30.17,"Dayton, Dayton, Columbia County",300208,Dayton,2018-05-15 12:22:13.943384
2018-02-15,03:45,31.9,31.2,30.0,93.0,0.14,SW@14.4,19.6,34.1,35.4,37.2,0.0,0,30.17,"Dayton, Dayton, Columbia County",300208,Dayton,2018-05-15 12:22:13.943384
2018-02-15,04:00,31.8,31.1,29.4,91.3,0.13,SW@16.4,20.7,34.1,35.4,37.2,0.0,0,30.18,"Dayton, Dayton, Columbia County",300208,Dayton,2018-05-15 12:22:13.943384
2018-02-15,04:15,31.4,30.8,28.9,91.0,0.12,SW@16.1,19.6,34.1,35.3,37.2,0.0,0,30.19,"Dayton, Dayton, Columbia County",300208,Dayton,2018-05-15 12:22:13.943384
2018-02-15,04:30,31.4,30.8,29.0,91.3,0.12,SW@14.6,19.6,34.1,35.4,37.2,0.0,0,30.2,"Dayton, Dayton, Columbia County",300208,Dayton,2018-05-15 12:22:13.943384
2018-02-15,04:45,31.4,30.8,29.4,92.8,0.12,SW@13.8,17.8,34.1,35.4,37.2,0.0,0,30.2,"Dayton, Dayton, Columbia County",300208,Dayton,2018-05-15 12:22:13.943384
2018-02-15,05:00,31.2,30.5,29.2,93.1,0.14,SW@15.2,18.9,34.1,35.4,37.2,0.0,0,30.2,"Dayton, Dayton, Columbia County",300208,Dayton,2018-05-15 12:22:13.943384
2018-02-15,05:15,31.0,30.4,28.4,91.0,0.13,SW@15.4,19.6,34.1,35.4,37.2,0.0,0,30.2,"Dayton, Dayton, Columbia County",300208,Dayton,2018-05-15 12:22:13.943384
2018-02-15,05:30,30.9,30.3,27.9,89.5,0.12,SW@14.5,17.8,34.1,35.3,37.2,0.0,0,30.21,"Dayton, Dayton, Columbia County",300208,Dayton,2018-05-15 12:22:13.943384
2018-02-15,05:45,30.8,30.2,27.8,89.2,0.11,S@14.2,18.2,34.1,35.4,37.2,0.0,0,30.21,"Dayton, Dayton, Columbia County",300208,Dayton,2018-05-15 12:22:13.943384
2018-02-15,06:00,30.8,30.2,27.6,88.8,0.1,SW@14.1,18.2,34.1,35.3,37.2,0.0,0,30.22,"Dayton, Dayton, Columbia County",300208,Dayton,2018-05-15 12:22:13.943384
2018-02-15,06:15,30.7,30.0,27.0,87.4,0.09,SW@14.1,18.2,34.1,35.3,37.2,0.0,0,30.22,"Dayton, Dayton, Columbia County",300208,Dayton,2018-05-15 12:22:13.943384
2018-02-15,06:30,30.2,29.6,26.3,86.5,0.09,S@10.9,13.5,34.1,35.3,37.2,0.0,0,30.23,"Dayton, Dayton, Columbia County",300208,Dayton,2018-05-15 12:22:13.943384
2018-02-15,06:45,30.7,30.1,26.6,85.5,0.08,S@11.6,14.2,34.1,35.3,37.1,0.0,0,30.24,"Dayton, Dayton, Columbia County",300208,Dayton,2018-05-15 12:22:13.943384
2018-02-15,07:00,30.8,30.1,26.6,85.3,0.07,SW@9.8,12.4,34.1,35.3,37.1,0.0,3,30.25,"Dayton, Dayton, Columbia County",300208,Dayton,2018-05-15 12:22:13.943384
2018-02-15,07:15,30.4,29.7,26.4,86.4,0.07,SW@10.2,12.4,34.1,35.3,37.1,0.0,10,30.26,"Dayton, Dayton, Columbia County",300208,Dayton,2018-05-15 12:22:13.943384
2018-02-15,07:30,30.3,29.7,26.4,86.5,0.07,SW@11.2,14.2,34.1,35.3,37.1,0.0,22,30.27,"Dayton, Dayton, Columbia County",300208,Dayton,2018-05-15 12:22:13.943384
2018-02-15,07:45,30.0,29.2,26.3,87.3,0.07,S@10.7,13.2,34.1,35.3,37.1,0.0,31,30.28,"Dayton, Dayton, Columbia County",300208,Dayton,2018-05-15 12:22:13.943384
2018-02-15,08:00,29.8,29.0,26.1,87.6,0.07,SW@11.8,14.6,34.1,35.3,37.1,0.0,47,30.28,"Dayton, Dayton, Columbia County",300208,Dayton,2018-05-15 12:22:13.943384
2018-02-15,08:15,31.0,30.1,26.8,85.4,0.07,S@11.3,15.0,34.1,35.3,37.1,0.0,114,30.29,"Dayton, Dayton, Columbia County",300208,Dayton,2018-05-15 12:22:13.943384
2018-02-15,08:30,31.3,30.3,27.1,84.9,0.06,S@9.6,14.6,34.1,35.3,37.1,0.0,189,30.3,"Dayton, Dayton, Columbia County",300208,Dayton,2018-05-15 12:22:13.943384
2018-02-15,08:45,32.4,31.3,27.5,81.9,0.04,S@9.8,12.1,34.1,35.3,37.1,0.0,307,30.31,"Dayton, Dayton, Columbia County",300208,Dayton,2018-05-15 12:22:13.943384
2018-02-15,09:00,33.0,31.9,28.0,81.3,0.0,SW@10.9,15.0,34.1,35.3,37.1,0.0,354,30.31,"Dayton, Dayton, Columbia County",300208,Dayton,2018-05-15 12:22:13.943384
2018-02-15,09:15,34.0,32.8,28.4,79.8,0.0,SW@12.4,15.3,34.1,35.3,37.1,0.0,395,30.32,"Dayton, Dayton, Columbia County",300208,Dayton,2018-05-15 12:22:13.943384
2018-02-15,09:30,34.2,33.0,28.5,79.6,0.0,SW@13.2,17.5,34.1,35.3,37.1,0.0,385,30.33,"Dayton, Dayton, Columbia County",300208,Dayton,2018-05-15 12:22:13.943384
2018-02-15,09:45,34.1,33.0,28.6,79.9,0.0,SW@13.4,17.5,34.1,35.3,37.1,0.0,393,30.33,"Dayton, Dayton, Columbia County",300208,Dayton,2018-05-15 12:22:13.943384
2018-02-15,10:00,34.3,33.1,28.6,79.5,0.0,SW@13.2,17.8,34.1,35.3,37.1,0.0,422,30.33,"Dayton, Dayton, Columbia County",300208,Dayton,2018-05-15 12:22:13.943384
2018-02-15,10:15,34.6,33.4,28.7,78.8,0.0,SW@13.8,18.2,34.1,35.3,37.1,0.0,467,30.34,"Dayton, Dayton, Columbia County",300208,Dayton,2018-05-15 12:22:13.943384
2018-02-15,10:30,34.6,33.4,29.0,80.1,0.0,SW@13.7,17.8,34.1,35.3,37.1,0.0,407,30.34,"Dayton, Dayton, Columbia County",300208,Dayton,2018-05-15 12:22:13.943384
2018-02-15,10:45,34.6,33.5,29.0,79.8,0.0,SW@14.2,20.3,34.1,35.3,37.1,0.0,425,30.34,"Dayton, Dayton, Columbia County",300208,Dayton,2018-05-15 12:22:13.943384
2018-02-15,11:00,35.3,34.2,28.5,75.8,0.0,S@15.8,20.7,34.1,35.3,37.1,0.0,534,30.34,"Dayton, Dayton, Columbia County",300208,Dayton,2018-05-15 12:22:13.943384
2018-02-15,11:15,35.4,34.2,28.2,74.6,0.0,SW@17.4,21.4,34.1,35.3,37.1,0.0,635,30.34,"Dayton, Dayton, Columbia County",300208,Dayton,2018-05-15 12:22:13.943384
2018-02-15,11:30,35.5,34.5,28.2,74.5,0.0,SW@16.2,20.7,34.1,35.3,37.1,0.0,475,30.34,"Dayton, Dayton, Columbia County",300208,Dayton,2018-05-15 12:22:13.943384
2018-02-15,11:45,35.8,34.8,28.5,74.4,0.0,S@14.6,18.2,34.1,35.3,37.1,0.0,527,30.34,"Dayton, Dayton, Columbia County",300208,Dayton,2018-05-15 12:22:13.943384
2018-02-15,12:00,36.8,35.6,28.7,72.3,0.0,SW@14.0,18.5,34.1,35.3,37.1,0.0,603,30.34,"Dayton, Dayton, Columbia County",300208,Dayton,2018-05-15 12:22:13.943384
2018-02-15,12:15,36.5,35.4,28.4,72.2,0.0,SW@15.1,19.6,34.1,35.3,37.1,0.0,524,30.34,"Dayton, Dayton, Columbia County",300208,Dayton,2018-05-15 12:22:13.943384
2018-02-15,12:30,36.6,35.5,28.5,72.3,0.0,S@15.7,21.4,34.1,35.3,37.1,0.0,563,30.34,"Dayton, Dayton, Columbia County",300208,Dayton,2018-05-15 12:22:13.943384
2018-02-15,12:45,36.9,35.9,27.9,69.7,0.0,S@15.8,21.8,34.1,35.3,37.1,0.0,562,30.34,"Dayton, Dayton, Columbia County",300208,Dayton,2018-05-15 12:22:13.943384
2018-02-15,13:00,37.3,36.3,28.1,69.0,0.0,SW@14.0,18.9,34.1,35.3,37.1,0.0,554,30.34,"Dayton, Dayton, Columbia County",300208,Dayton,2018-05-15 12:22:13.943384
2018-02-15,13:15,36.8,35.9,27.5,68.7,0.0,SW@14.2,18.5,34.1,35.3,37.1,0.0,369,30.33,"Dayton, Dayton, Columbia County",300208,Dayton,2018-05-15 12:22:13.943384
2018-02-15,13:30,38.0,37.0,27.6,65.9,0.0,SW@13.4,17.8,34.1,35.3,37.1,0.0,596,30.33,"Dayton, Dayton, Columbia County",300208,Dayton,2018-05-15 12:22:13.943384
2018-02-15,13:45,37.6,36.7,26.9,64.9,0.0,S@14.3,20.7,34.1,35.3,37.1,0.0,425,30.33,"Dayton, Dayton, Columbia County",300208,Dayton,2018-05-15 12:22:13.943384
2018-02-15,14:00,38.0,37.1,27.4,65.2,0.0,SW@12.7,16.7,34.1,35.3,37.1,0.0,395,30.33,"Dayton, Dayton, Columbia County",300208,Dayton,2018-05-15 12:22:13.943384
2018-02-15,14:15,38.5,37.5,26.8,62.5,0.0,SW@13.0,16.7,34.2,35.3,37.1,0.0,446,30.33,"Dayton, Dayton, Columbia County",300208,Dayton,2018-05-15 12:22:13.943384
2018-02-15,14:30,38.7,37.7,26.5,61.2,0.0,S@13.5,17.8,34.2,35.3,37.1,0.0,413,30.33,"Dayton, Dayton, Columbia County",300208,Dayton,2018-05-15 12:22:13.943384
2018-02-15,14:45,39.0,38.1,26.9,61.4,0.0,S@12.8,17.8,34.2,35.3,37.1,0.0,391,30.32,"Dayton, Dayton, Columbia County",300208,Dayton,2018-05-15 12:22:13.943384
2018-02-15,15:00,39.3,38.4,27.3,61.9,0.0,S@12.1,16.0,34.3,35.3,37.1,0.0,353,30.32,"Dayton, Dayton, Columbia County",300208,Dayton,2018-05-15 12:22:13.943384
2018-02-15,15:15,39.4,38.5,27.7,62.5,0.0,S@12.0,16.0,34.3,35.3,37.1,0.0,306,30.32,"Dayton, Dayton, Columbia County",300208,Dayton,2018-05-15 12:22:13.943384
2018-02-15,15:30,39.0,38.2,27.5,62.9,0.0,S@13.3,17.5,34.3,35.3,37.1,0.0,252,30.32,"Dayton, Dayton, Columbia County",300208,Dayton,2018-05-15 12:22:13.943384
2018-02-15,15:45,39.0,38.2,27.6,63.4,0.0,S@12.1,16.4,34.4,35.3,37.1,0.0,212,30.32,"Dayton, Dayton, Columbia County",300208,Dayton,2018-05-15 12:22:13.943384
2018-02-15,16:00,38.4,37.7,27.4,64.3,0.0,S@11.0,15.0,34.4,35.3,37.1,0.0,153,30.32,"Dayton, Dayton, Columbia County",300208,Dayton,2018-05-15 12:22:13.943384
2018-02-15,16:15,37.8,37.1,27.3,65.6,0.0,S@10.3,13.9,34.5,35.3,37.1,0.0,116,30.32,"Dayton, Dayton, Columbia County",300208,Dayton,2018-05-15 12:22:13.943384
2018-02-15,16:30,37.0,36.3,27.5,68.3,0.0,S@9.0,11.0,34.5,35.3,37.1,0.0,77,30.32,"Dayton, Dayton, Columbia County",300208,Dayton,2018-05-15 12:22:13.943384
2018-02-15,16:45,36.1,35.5,27.1,69.5,0.0,S@8.2,10.3,34.6,35.3,37.1,0.0,50,30.32,"Dayton, Dayton, Columbia County",300208,Dayton,2018-05-15 12:22:13.943384
2018-02-15,17:00,35.7,35.0,26.8,69.8,0.0,S@7.8,9.6,34.6,35.4,37.1,0.0,27,30.32,"Dayton, Dayton, Columbia County",300208,Dayton,2018-05-15 12:22:13.943384
2018-02-15,17:15,35.8,35.2,26.4,68.5,0.0,S@7.3,10.3,34.6,35.4,37.1,0.0,9,30.32,"Dayton, Dayton, Columbia County",300208,Dayton,2018-05-15 12:22:13.943384
2018-02-15,17:30,35.9,35.3,26.0,67.0,0.0,S@7.6,10.3,34.7,35.4,37.1,0.0,2,30.32,"Dayton, Dayton, Columbia County",300208,Dayton,2018-05-15 12:22:13.943384
2018-02-15,17:45,36.0,35.5,25.6,65.5,0.0,S@7.5,9.9,34.7,35.4,37.1,0.0,0,30.32,"Dayton, Dayton, Columbia County",300208,Dayton,2018-05-15 12:22:13.943384
2018-02-15,18:00,35.9,35.4,25.7,65.9,0.0,S@7.5,9.9,34.7,35.4,37.1,0.0,0,30.33,"Dayton, Dayton, Columbia County",300208,Dayton,2018-05-15 12:22:13.943384
2018-02-15,18:15,35.8,35.2,25.6,66.3,0.0,S@8.1,9.9,34.7,35.4,37.1,0.0,0,30.32,"Dayton, Dayton, Columbia County",300208,Dayton,2018-05-15 12:22:13.943384
2018-02-15,18:30,35.8,35.2,25.3,65.3,0.0,S@8.3,10.7,34.7,35.4,37.1,0.0,0,30.32,"Dayton, Dayton, Columbia County",300208,Dayton,2018-05-15 12:22:13.943384
2018-02-15,18:45,35.9,35.4,25.2,64.6,0.0,S@8.2,11.0,34.7,35.4,37.1,0.0,0,30.32,"Dayton, Dayton, Columbia County",300208,Dayton,2018-05-15 12:22:13.943384
2018-02-15,19:00,35.7,35.1,25.3,65.4,0.0,S@7.6,9.9,34.7,35.4,37.1,0.0,0,30.32,"Dayton, Dayton, Columbia County",300208,Dayton,2018-05-15 12:22:13.943384
2018-02-15,19:15,35.6,35.0,25.3,65.9,0.0,S@7.6,9.9,34.7,35.5,37.1,0.0,0,30.32,"Dayton, Dayton, Columbia County",300208,Dayton,2018-05-15 12:22:13.943384
2018-02-15,19:30,36.1,35.6,25.0,63.6,0.0,S@8.2,11.4,34.7,35.5,37.1,0.0,0,30.31,"Dayton, Dayton, Columbia County",300208,Dayton,2018-05-15 12:22:13.943384
2018-02-15,19:45,36.4,35.8,24.9,62.6,0.0,S@7.9,11.4,34.7,35.5,37.1,0.0,0,30.3,"Dayton, Dayton, Columbia County",300208,Dayton,2018-05-15 12:22:13.943384
2018-02-15,20:00,35.9,35.3,25.6,65.7,0.0,S@8.1,10.7,34.7,35.5,37.1,0.0,0,30.3,"Dayton, Dayton, Columbia County",300208,Dayton,2018-05-15 12:22:13.943384
2018-02-15,20:15,36.0,35.5,26.2,67.1,0.0,S@9.6,13.5,34.7,35.5,37.1,0.0,0,30.3,"Dayton, Dayton, Columbia County",300208,Dayton,2018-05-15 12:22:13.943384
2018-02-15,20:30,36.0,35.4,26.4,68.0,0.0,S@10.1,13.9,34.7,35.5,37.1,0.0,0,30.3,"Dayton, Dayton, Columbia County",300208,Dayton,2018-05-15 12:22:13.943384
2018-02-15,20:45,35.7,35.1,26.8,69.6,0.0,S@10.0,12.4,34.6,35.5,37.1,0.0,0,30.3,"Dayton, Dayton, Columbia County",300208,Dayton,2018-05-15 12:22:13.943384
2018-02-15,21:00,35.9,35.3,27.2,70.4,0.0,S@10.2,13.9,34.6,35.5,37.1,0.0,0,30.3,"Dayton, Dayton, Columbia County",300208,Dayton,2018-05-15 12:22:13.943384
2018-02-15,21:15,36.5,35.9,27.5,69.7,0.0,S@9.2,16.0,34.6,35.5,37.1,0.0,0,30.3,"Dayton, Dayton, Columbia County",300208,Dayton,2018-05-15 12:22:13.943384
2018-02-15,21:30,36.5,35.9,27.6,69.8,0.0,SW@8.1,12.1,34.6,35.5,37.1,0.0,0,30.29,"Dayton, Dayton, Columbia County",300208,Dayton,2018-05-15 12:22:13.943384
2018-02-15,21:45,36.2,35.6,27.7,70.9,0.0,S@7.6,11.0,34.6,35.5,37.1,0.0,0,30.29,"Dayton, Dayton, Columbia County",300208,Dayton,2018-05-15 12:22:13.943384
2018-02-15,22:00,36.4,35.8,27.4,69.7,0.0,S@7.8,10.3,34.6,35.5,37.1,0.0,0,30.29,"Dayton, Dayton, Columbia County",300208,Dayton,2018-05-15 12:22:13.943384
2018-02-15,22:15,36.3,35.7,27.2,69.4,0.0,S@9.0,13.2,34.6,35.5,37.1,0.0,0,30.28,"Dayton, Dayton, Columbia County",300208,Dayton,2018-05-15 12:22:13.943384
2018-02-15,22:30,36.1,35.5,27.1,69.6,0.0,S@9.7,15.3,34.6,35.5,37.1,0.0,0,30.28,"Dayton, Dayton, Columbia County",300208,Dayton,2018-05-15 12:22:13.943384
2018-02-15,22:45,36.3,35.7,27.3,69.6,0.0,S@14.6,21.0,34.6,35.5,37.1,0.0,0,30.27,"Dayton, Dayton, Columbia County",300208,Dayton,2018-05-15 12:22:13.943384
2018-02-15,23:00,36.4,35.9,27.9,71.0,0.0,S@19.4,25.3,34.5,35.5,37.1,0.0,0,30.26,"Dayton, Dayton, Columbia County",300208,Dayton,2018-05-15 12:22:13.943384
2018-02-15,23:15,36.3,35.8,28.4,72.7,0.0,S@24.3,34.3,34.5,35.5,37.1,0.0,0,30.25,"Dayton, Dayton, Columbia County",300208,Dayton,2018-05-15 12:22:13.943384
2018-02-15,23:30,35.9,35.3,28.7,74.8,0.0,S@22.5,31.4,34.5,35.5,37.1,0.0,0,30.25,"Dayton, Dayton, Columbia County",300208,Dayton,2018-05-15 12:22:13.943384
2018-02-15,23:45,35.8,35.3,28.7,74.9,0.0,SW@21.4,27.8,34.5,35.5,37.1,0.0,0,30.26,"Dayton, Dayton, Columbia County",300208,Dayton,2018-05-15 12:22:13.943384
2018-02-15,24:00,35.9,35.4,28.5,74.1,0.0,SW@20.1,25.7,34.5,35.5,37.1,0.0,0,30.26,"Dayton, Dayton, Columbia County",300208,Dayton,2018-05-15 12:22:13.943384
2018-02-16,00:15,35.7,35.1,28.7,75.2,0.0,SW@19.4,28.2,34.5,35.5,37.1,0.0,0,30.26,"Dayton, Dayton, Columbia County",300208,Dayton,2018-05-15 12:22:13.943384
2018-02-16,00:30,35.4,34.8,29.0,77.4,0.0,SW@18.7,27.8,34.5,35.5,37.1,0.0,0,30.27,"Dayton, Dayton, Columbia County",300208,Dayton,2018-05-15 12:22:13.943384
2018-02-16,00:45,35.2,34.6,29.2,78.3,0.0,SW@19.9,27.8,34.5,35.5,37.1,0.0,0,30.27,"Dayton, Dayton, Columbia County",300208,Dayton,2018-05-15 12:22:13.943384
2018-02-16,01:00,35.1,34.5,29.2,78.7,0.0,SW@19.4,26.0,34.5,35.5,37.1,0.0,0,30.26,"Dayton, Dayton, Columbia County",300208,Dayton,2018-05-15 12:22:13.943384
2018-02-16,01:15,34.9,34.3,29.1,79.3,0.0,SW@18.2,24.6,34.4,35.5,37.1,0.0,0,30.26,"Dayton, Dayton, Columbia County",300208,Dayton,2018-05-15 12:22:13.943384
2018-02-16,01:30,35.0,34.4,29.0,78.6,0.0,SW@19.6,26.0,34.4,35.5,37.1,0.0,0,30.26,"Dayton, Dayton, Columbia County",300208,Dayton,2018-05-15 12:22:13.943384
2018-02-16,01:45,34.9,34.4,29.1,78.8,0.0,SW@20.9,27.8,34.4,35.5,37.1,0.0,0,30.25,"Dayton, Dayton, Columbia County",300208,Dayton,2018-05-15 12:22:13.943384
2018-02-16,02:00,34.7,34.1,28.9,79.1,0.0,SW@20.2,28.2,34.4,35.5,37.1,0.0,0,30.24,"Dayton, Dayton, Columbia County",300208,Dayton,2018-05-15 12:22:13.943384
2018-02-16,02:15,34.5,33.9,28.9,79.7,0.0,S@19.5,27.1,34.4,35.5,37.1,0.0,0,30.23,"Dayton, Dayton, Columbia County",300208,Dayton,2018-05-15 12:22:13.943384
2018-02-16,02:30,34.5,34.0,28.9,79.6,0.0,SW@20.4,26.4,34.4,35.5,37.1,0.0,0,30.22,"Dayton, Dayton, Columbia County",300208,Dayton,2018-05-15 12:22:13.943384
2018-02-16,02:45,34.7,34.1,29.0,79.5,0.0,SW@22.2,29.6,34.4,35.5,37.1,0.0,0,30.21,"Dayton, Dayton, Columbia County",300208,Dayton,2018-05-15 12:22:13.943384
2018-02-16,03:00,34.8,34.2,29.0,79.0,0.0,SW@24.0,30.0,34.4,35.5,37.1,0.0,0,30.2,"Dayton, Dayton, Columbia County",300208,Dayton,2018-05-15 12:22:13.943384
2018-02-16,03:15,34.9,34.3,29.1,79.2,0.0,SW@23.6,30.7,34.4,35.4,37.1,0.0,0,30.21,"Dayton, Dayton, Columbia County",300208,Dayton,2018-05-15 12:22:13.943384
2018-02-16,03:30,35.0,34.5,29.0,78.4,0.0,SW@21.3,25.3,34.4,35.4,37.1,0.0,0,30.21,"Dayton, Dayton, Columbia County",300208,Dayton,2018-05-15 12:22:13.943384
2018-02-16,03:45,35.2,34.7,28.8,77.1,0.0,SW@23.1,32.8,34.4,35.4,37.1,0.0,0,30.2,"Dayton, Dayton, Columbia County",300208,Dayton,2018-05-15 12:22:13.943384
2018-02-16,04:00,35.1,34.5,29.1,78.6,0.0,SW@22.4,28.6,34.4,35.4,37.1,0.0,0,30.2,"Dayton, Dayton, Columbia County",300208,Dayton,2018-05-15 12:22:13.943384
2018-02-16,04:15,35.0,34.4,29.1,78.9,0.0,SW@23.3,35.3,34.3,35.4,37.1,0.0,0,30.19,"Dayton, Dayton, Columbia County",300208,Dayton,2018-05-15 12:22:13.943384
2018-02-16,04:30,34.9,34.4,29.0,78.8,0.0,SW@23.8,31.4,34.3,35.4,37.1,0.0,0,30.18,"Dayton, Dayton, Columbia County",300208,Dayton,2018-05-15 12:22:13.943384
2018-02-16,04:45,34.9,34.3,28.9,78.4,0.0,SW@24.2,31.8,34.3,35.4,37.1,0.0,0,30.18,"Dayton, Dayton, Columbia County",300208,Dayton,2018-05-15 12:22:13.943384
2018-02-16,05:00,34.9,34.3,28.8,78.2,0.0,S@24.5,31.4,34.3,35.4,37.1,0.0,0,30.17,"Dayton, Dayton, Columbia County",300208,Dayton,2018-05-15 12:22:13.943384
2018-02-16,05:15,34.7,34.1,29.0,79.5,0.0,S@23.9,29.6,34.3,35.4,37.1,0.0,0,30.18,"Dayton, Dayton, Columbia County",300208,Dayton,2018-05-15 12:22:13.943384
2018-02-16,05:30,34.6,34.1,29.2,80.3,0.0,S@21.3,27.5,34.3,35.4,37.1,0.0,0,30.18,"Dayton, Dayton, Columbia County",300208,Dayton,2018-05-15 12:22:13.943384
2018-02-16,05:45,34.8,34.2,28.9,79.0,0.0,SW@22.2,29.6,34.3,35.4,37.1,0.0,0,30.18,"Dayton, Dayton, Columbia County",300208,Dayton,2018-05-15 12:22:13.943384
2018-02-16,06:00,34.6,34.0,29.0,79.5,0.0,SW@20.4,27.1,34.3,35.4,37.1,0.0,0,30.18,"Dayton, Dayton, Columbia County",300208,Dayton,2018-05-15 12:22:13.943384
2018-02-16,06:15,33.9,33.3,29.6,84.3,0.0,SW@19.7,26.8,34.3,35.4,37.1,0.0,0,30.18,"Dayton, Dayton, Columbia County",300208,Dayton,2018-05-15 12:22:13.943384
2018-02-16,06:30,33.2,32.5,30.7,90.3,0.0,SW@22.7,30.0,34.3,35.4,37.1,0.0,0,30.17,"Dayton, Dayton, Columbia County",300208,Dayton,2018-05-15 12:22:13.943384
2018-02-16,06:45,32.6,31.9,31.1,94.2,0.02,S@20.6,25.3,34.3,35.4,37.1,0.0,0,30.17,"Dayton, Dayton, Columbia County",300208,Dayton,2018-05-15 12:22:13.943384
2018-02-16,07:00,32.3,31.7,31.1,95.4,0.07,SW@22.0,27.1,34.3,35.4,37.1,0.0,1,30.16,"Dayton, Dayton, Columbia County",300208,Dayton,2018-05-15 12:22:13.943384
2018-02-16,07:15,32.1,31.5,31.1,95.9,0.09,SW@21.7,29.6,34.3,35.4,37.1,0.0,4,30.16,"Dayton, Dayton, Columbia County",300208,Dayton,2018-05-15 12:22:13.943384
2018-02-16,07:30,32.0,31.4,31.2,96.6,0.11,SW@21.3,28.2,34.3,35.4,37.1,0.0,6,30.16,"Dayton, Dayton, Columbia County",300208,Dayton,2018-05-15 12:22:13.943384
2018-02-16,07:45,32.0,31.4,31.2,97.1,0.14,SW@20.5,25.7,34.3,35.4,37.1,0.0,17,30.16,"Dayton, Dayton, Columbia County",300208,Dayton,2018-05-15 12:22:13.943384
2018-02-16,08:00,32.0,31.4,31.2,96.9,0.14,S@22.1,26.8,34.3,35.4,37.1,0.0,21,30.15,"Dayton, Dayton, Columbia County",300208,Dayton,2018-05-15 12:22:13.943384
2018-02-16,08:15,32.2,31.5,31.3,96.3,0.14,S@21.6,28.2,34.3,35.4,37.1,0.0,27,30.14,"Dayton, Dayton, Columbia County",300208,Dayton,2018-05-15 12:22:13.943384
2018-02-16,08:30,32.3,31.7,31.3,95.9,0.14,S@23.0,30.0,34.3,35.4,37.1,0.0,44,30.14,"Dayton, Dayton, Columbia County",300208,Dayton,2018-05-15 12:22:13.943384
2018-02-16,08:45,32.5,31.8,31.4,95.6,0.14,S@25.1,31.4,34.3,35.3,37.0,0.0,66,30.13,"Dayton, Dayton, Columbia County",300208,Dayton,2018-05-15 12:22:13.943384
2018-02-16,09:00,32.9,32.1,31.6,95.0,0.13,S@24.9,30.7,34.2,35.3,37.0,0.0,115,30.13,"Dayton, Dayton, Columbia County",300208,Dayton,2018-05-15 12:22:13.943384
2018-02-16,09:15,33.2,32.3,31.6,94.0,0.11,S@25.2,30.7,34.2,35.3,37.0,0.0,141,30.13,"Dayton, Dayton, Columbia County",300208,Dayton,2018-05-15 12:22:13.943384
2018-02-16,09:30,33.6,32.8,31.7,92.4,0.09,S@25.3,33.6,34.2,35.3,37.0,0.01,184,30.12,"Dayton, Dayton, Columbia County",300208,Dayton,2018-05-15 12:22:13.943384
2018-02-16,09:45,34.8,33.9,31.4,87.2,0.06,S@28.5,37.9,34.2,35.3,37.0,0.0,328,30.1,"Dayton, Dayton, Columbia County",300208,Dayton,2018-05-15 12:22:13.943384
2018-02-16,10:00,35.1,34.3,31.3,85.9,0.01,S@27.9,35.3,34.2,35.3,37.0,0.0,248,30.1,"Dayton, Dayton, Columbia County",300208,Dayton,2018-05-15 12:22:13.943384
2018-02-16,10:15,35.5,34.7,31.3,84.5,0.0,SW@29.5,36.1,34.2,35.3,37.0,0.0,284,30.09,"Dayton, Dayton, Columbia County",300208,Dayton,2018-05-15 12:22:13.943384
2018-02-16,10:30,36.1,35.2,31.1,82.0,0.0,S@30.3,40.4,34.2,35.3,37.0,0.0,405,30.08,"Dayton, Dayton, Columbia County",300208,Dayton,2018-05-15 12:22:13.943384
2018-02-16,10:45,36.8,35.9,31.2,79.9,0.0,S@29.1,36.1,34.2,35.3,37.0,0.0,577,30.08,"Dayton, Dayton, Columbia County",300208,Dayton,2018-05-15 12:22:13.943384
2018-02-16,11:00,37.2,36.4,30.9,77.7,0.0,SW@28.5,36.1,34.2,35.3,37.0,0.0,496,30.08,"Dayton, Dayton, Columbia County",300208,Dayton,2018-05-15 12:22:13.943384
2018-02-16,11:15,37.4,36.7,30.8,76.8,0.0,S@28.5,36.4,34.2,35.3,37.0,0.0,307,30.07,"Dayton, Dayton, Columbia County",300208,Dayton,2018-05-15 12:22:13.943384
2018-02-16,11:30,37.8,37.1,30.4,74.6,0.0,S@30.2,38.2,34.2,35.3,37.0,0.0,285,30.06,"Dayton, Dayton, Columbia County",300208,Dayton,2018-05-15 12:22:13.943384
2018-02-16,11:45,38.0,37.4,30.5,74.1,0.0,S@29.4,37.1,34.2,35.3,37.0,0.0,231,30.06,"Dayton, Dayton, Columbia County",300208,Dayton,2018-05-15 12:22:13.943384
2018-02-16,12:00,38.3,37.7,30.6,73.7,0.0,S@27.4,37.9,34.3,35.3,37.0,0.0,211,30.05,"Dayton, Dayton, Columbia County",300208,Dayton,2018-05-15 12:22:13.943384
2018-02-16,12:15,38.6,38.0,31.5,75.1,0.0,SW@28.2,37.1,34.3,35.3,37.0,0.0,205,30.04,"Dayton, Dayton, Columbia County",300208,Dayton,2018-05-15 12:22:13.943384
2018-02-16,12:30,38.9,38.3,31.7,75.0,0.0,SW@28.2,37.1,34.3,35.3,37.0,0.0,215,30.04,"Dayton, Dayton, Columbia County",300208,Dayton,2018-05-15 12:22:13.943384
2018-02-16,12:45,39.2,38.6,31.5,73.7,0.0,S@25.8,33.2,34.3,35.3,37.0,0.0,224,30.03,"Dayton, Dayton, Columbia County",300208,Dayton,2018-05-15 12:22:13.943384
2018-02-16,13:00,39.2,38.6,31.3,73.0,0.0,S@25.8,32.8,34.3,35.3,37.0,0.0,145,30.03,"Dayton, Dayton, Columbia County",300208,Dayton,2018-05-15 12:22:13.943384
2018-02-16,13:15,39.3,38.7,31.8,74.4,0.0,S@24.8,32.8,34.4,35.3,37.0,0.0,126,30.02,"Dayton, Dayton, Columbia County",300208,Dayton,2018-05-15 12:22:13.943384
2018-02-16,13:30,39.9,39.4,32.2,73.7,0.0,SW@25.8,32.1,34.4,35.3,37.0,0.0,153,30.01,"Dayton, Dayton, Columbia County",300208,Dayton,2018-05-15 12:22:13.943384
2018-02-16,13:45,40.4,39.9,32.1,72.1,0.0,SW@24.7,31.1,34.5,35.3,37.0,0.0,117,30.01,"Dayton, Dayton, Columbia County",300208,Dayton,2018-05-15 12:22:13.943384
2018-02-16,14:00,40.8,40.3,31.9,70.4,0.0,SW@25.4,35.0,34.5,35.3,37.0,0.0,109,30.0,"Dayton, Dayton, Columbia County",300208,Dayton,2018-05-15 12:22:13.943384
2018-02-16,14:15,40.9,40.4,31.7,69.5,0.0,SW@25.9,33.2,34.6,35.3,37.0,0.0,77,30.0,"Dayton, Dayton, Columbia County",300208,Dayton,2018-05-15 12:22:13.943384
2018-02-16,14:30,41.2,40.6,32.0,69.6,0.0,SW@26.3,35.3,34.7,35.3,37.0,0.0,90,30.0,"Dayton, Dayton, Columbia County",300208,Dayton,2018-05-15 12:22:13.943384
2018-02-16,14:45,41.4,40.9,31.8,68.3,0.0,SW@27.7,37.1,34.8,35.4,37.0,0.0,102,30.0,"Dayton, Dayton, Columbia County",300208,Dayton,2018-05-15 12:22:13.943384
2018-02-16,15:00,41.3,40.8,32.5,70.5,0.0,SW@23.3,30.7,34.8,35.4,37.0,0.0,89,30.01,"Dayton, Dayton, Columbia County",300208,Dayton,2018-05-15 12:22:13.943384
2018-02-16,15:15,41.3,40.8,33.1,72.2,0.0,SW@18.7,24.3,34.9,35.4,37.0,0.0,89,30.01,"Dayton, Dayton, Columbia County",300208,Dayton,2018-05-15 12:22:13.943384
2018-02-16,15:30,41.7,41.1,33.1,71.5,0.0,SW@25.0,37.5,35.0,35.4,37.0,0.0,70,30.01,"Dayton, Dayton, Columbia County",300208,Dayton,2018-05-15 12:22:13.943384
2018-02-16,15:45,41.9,41.4,33.1,70.9,0.0,SW@29.8,37.1,35.1,35.4,37.0,0.0,73,30.0,"Dayton, Dayton, Columbia County",300208,Dayton,2018-05-15 12:22:13.943384
2018-02-16,16:00,41.9,41.4,33.6,72.1,0.0,SW@25.9,35.0,35.2,35.4,37.0,0.0,85,30.0,"Dayton, Dayton, Columbia County",300208,Dayton,2018-05-15 12:22:13.943384
2018-02-16,16:15,41.8,41.3,33.8,72.9,0.0,SW@23.4,30.0,35.3,35.4,37.0,0.0,59,30.01,"Dayton, Dayton, Columbia County",300208,Dayton,2018-05-15 12:22:13.943384
2018-02-16,16:30,41.8,41.3,34.1,73.8,0.0,SW@20.7,27.1,35.4,35.5,37.0,0.0,58,30.01,"Dayton, Dayton, Columbia County",300208,Dayton,2018-05-15 12:22:13.943384
2018-02-16,16:45,41.6,41.1,33.9,73.9,0.0,SW@19.5,27.1,35.4,35.5,37.0,0.0,19,30.01,"Dayton, Dayton, Columbia County",300208,Dayton,2018-05-15 12:22:13.943384
2018-02-16,17:00,41.4,40.9,33.8,74.3,0.0,SW@19.4,28.2,35.5,35.5,37.0,0.0,26,30.01,"Dayton, Dayton, Columbia County",300208,Dayton,2018-05-15 12:22:13.943384
2018-02-16,17:15,41.3,40.8,33.6,73.8,0.0,SW@22.8,30.0,35.6,35.6,37.0,0.0,14,30.01,"Dayton, Dayton, Columbia County",300208,Dayton,2018-05-15 12:22:13.943384
2018-02-16,17:30,41.2,40.7,33.5,74.0,0.0,SW@22.8,29.6,35.6,35.6,37.0,0.0,3,30.02,"Dayton, Dayton, Columbia County",300208,Dayton,2018-05-15 12:22:13.943384
2018-02-16,17:45,40.8,40.3,33.9,76.2,0.0,SW@18.1,24.3,35.7,35.6,37.0,0.0,0,30.03,"Dayton, Dayton, Columbia County",300208,Dayton,2018-05-15 12:22:13.943384
2018-02-16,18:00,40.8,40.3,34.0,76.6,0.0,SW@21.4,30.0,35.7,35.6,37.0,0.0,0,30.03,"Dayton, Dayton, Columbia County",300208,Dayton,2018-05-15 12:22:13.943384
2018-02-16,18:15,40.7,40.2,33.9,76.5,0.0,SW@23.8,31.1,35.8,35.7,37.0,0.0,0,30.03,"Dayton, Dayton, Columbia County",300208,Dayton,2018-05-15 12:22:13.943384
2018-02-16,18:30,40.1,39.6,34.2,79.2,0.0,SW@20.7,29.3,35.8,35.7,37.0,0.0,0,30.04,"Dayton, Dayton, Columbia County",300208,Dayton,2018-05-15 12:22:13.943384
2018-02-16,18:45,39.9,39.4,34.4,80.4,0.0,SW@21.2,26.4,35.8,35.7,37.0,0.0,0,30.04,"Dayton, Dayton, Columbia County",300208,Dayton,2018-05-15 12:22:13.943384
2018-02-16,19:00,39.6,39.1,34.5,81.6,0.0,SW@20.4,26.4,35.9,35.8,37.0,0.0,0,30.05,"Dayton, Dayton, Columbia County",300208,Dayton,2018-05-15 12:22:13.943384
2018-02-16,19:15,39.4,38.9,34.6,82.5,0.0,SW@23.3,29.3,35.9,35.8,37.1,0.0,0,30.04,"Dayton, Dayton, Columbia County",300208,Dayton,2018-05-15 12:22:13.943384
2018-02-16,19:30,39.4,38.9,34.6,82.5,0.0,S@23.6,29.3,35.9,35.8,37.1,0.0,0,30.05,"Dayton, Dayton, Columbia County",300208,Dayton,2018-05-15 12:22:13.943384
2018-02-16,19:45,39.4,38.9,34.6,82.5,0.0,SW@23.4,30.0,35.9,35.9,37.1,0.0,0,30.05,"Dayton, Dayton, Columbia County",300208,Dayton,2018-05-15 12:22:13.943384
2018-02-16,20:00,39.4,38.9,34.6,82.7,0.0,SW@24.8,32.8,35.9,35.9,37.1,0.0,0,30.05,"Dayton, Dayton, Columbia County",300208,Dayton,2018-05-15 12:22:13.943384
2018-02-16,20:15,39.4,38.9,34.7,83.1,0.0,SW@23.9,31.8,35.9,35.9,37.1,0.0,0,30.05,"Dayton, Dayton, Columbia County",300208,Dayton,2018-05-15 12:22:13.943384
2018-02-16,20:30,39.3,38.8,34.9,84.1,0.0,SW@22.7,29.6,35.9,35.9,37.1,0.0,0,30.06,"Dayton, Dayton, Columbia County",300208,Dayton,2018-05-15 12:22:13.943384
2018-02-16,20:45,39.2,38.7,35.1,85.3,0.0,SW@22.3,29.3,35.9,35.9,37.1,0.0,0,30.07,"Dayton, Dayton, Columbia County",300208,Dayton,2018-05-15 12:22:13.943384
2018-02-16,21:00,39.0,38.5,35.2,86.0,0.0,SW@21.0,28.2,35.9,36.0,37.1,0.0,0,30.07,"Dayton, Dayton, Columbia County",300208,Dayton,2018-05-15 12:22:13.943384
2018-02-16,21:15,39.0,38.5,35.3,86.4,0.0,SW@21.4,27.8,36.0,36.0,37.1,0.0,0,30.07,"Dayton, Dayton, Columbia County",300208,Dayton,2018-05-15 12:22:13.943384
2018-02-16,21:30,39.0,38.4,35.4,86.7,0.0,SW@20.4,27.5,36.0,36.0,37.1,0.0,0,30.07,"Dayton, Dayton, Columbia County",300208,Dayton,2018-05-15 12:22:13.943384
2018-02-16,21:45,38.9,38.4,35.3,86.7,0.0,SW@19.7,25.3,36.0,36.0,37.1,0.0,0,30.07,"Dayton, Dayton, Columbia County",300208,Dayton,2018-05-15 12:22:13.943384
2018-02-16,22:00,39.0,38.5,35.3,86.3,0.0,SW@20.1,26.4,36.0,36.0,37.1,0.0,0,30.08,"Dayton, Dayton, Columbia County",300208,Dayton,2018-05-15 12:22:13.943384
2018-02-16,22:15,39.0,38.5,35.2,86.1,0.0,SW@19.1,28.9,36.0,36.0,37.1,0.0,0,30.08,"Dayton, Dayton, Columbia County",300208,Dayton,2018-05-15 12:22:13.943384
2018-02-16,22:30,39.1,38.5,35.0,85.3,0.0,SW@17.6,23.5,36.0,36.1,37.1,0.0,0,30.08,"Dayton, Dayton, Columbia County",300208,Dayton,2018-05-15 12:22:13.943384
2018-02-16,22:45,39.2,38.7,34.8,84.0,0.0,SW@19.3,23.9,36.0,36.1,37.1,0.0,0,30.07,"Dayton, Dayton, Columbia County",300208,Dayton,2018-05-15 12:22:13.943384
2018-02-16,23:00,39.3,38.8,34.6,83.1,0.0,SW@21.0,28.9,36.0,36.1,37.1,0.01,0,30.06,"Dayton, Dayton, Columbia County",300208,Dayton,2018-05-15 12:22:13.943384
2018-02-16,23:15,39.2,38.7,34.7,83.5,0.0,SW@19.9,25.3,36.0,36.1,37.1,0.0,0,30.06,"Dayton, Dayton, Columbia County",300208,Dayton,2018-05-15 12:22:13.943384
2018-02-16,23:30,39.3,38.8,34.9,84.0,0.0,SW@23.0,31.1,36.0,36.1,37.1,0.0,0,30.06,"Dayton, Dayton, Columbia County",300208,Dayton,2018-05-15 12:22:13.943384
2018-02-16,23:45,39.5,38.9,35.1,84.1,0.0,SW@22.8,28.6,36.1,36.1,37.1,0.0,0,30.05,"Dayton, Dayton, Columbia County",300208,Dayton,2018-05-15 12:22:13.943384
2018-02-16,24:00,39.6,39.0,34.9,83.2,0.0,SW@23.4,28.9,36.1,36.1,37.1,0.0,0,30.05,"Dayton, Dayton, Columbia County",300208,Dayton,2018-05-15 12:22:13.943384
2018-02-17,00:15,39.6,39.1,34.8,82.7,0.0,SW@23.8,32.1,36.1,36.2,37.1,0.0,0,30.04,"Dayton, Dayton, Columbia County",300208,Dayton,2018-05-15 12:22:13.943384
2018-02-17,00:30,39.7,39.2,34.5,81.4,0.0,S@23.8,30.0,36.1,36.2,37.1,0.0,0,30.04,"Dayton, Dayton, Columbia County",300208,Dayton,2018-05-15 12:22:13.943384
2018-02-17,00:45,39.7,39.2,34.3,80.9,0.0,S@23.8,29.3,36.1,36.2,37.1,0.0,0,30.03,"Dayton, Dayton, Columbia County",300208,Dayton,2018-05-15 12:22:13.943384
2018-02-17,01:00,39.8,39.3,34.3,80.3,0.0,SW@24.3,31.8,36.1,36.2,37.1,0.0,0,30.03,"Dayton, Dayton, Columbia County",300208,Dayton,2018-05-15 12:22:13.943384
2018-02-17,01:15,39.9,39.4,34.5,80.8,0.0,S@23.6,29.3,36.1,36.2,37.1,0.0,0,30.03,"Dayton, Dayton, Columbia County",300208,Dayton,2018-05-15 12:22:13.943384
2018-02-17,01:30,39.9,39.4,34.3,80.1,0.0,SW@21.2,28.9,36.1,36.2,37.1,0.0,0,30.03,"Dayton, Dayton, Columbia County",300208,Dayton,2018-05-15 12:22:13.943384
2018-02-17,01:45,40.1,39.6,34.2,79.4,0.0,SW@23.1,31.1,36.1,36.2,37.1,0.0,0,30.03,"Dayton, Dayton, Columbia County",300208,Dayton,2018-05-15 12:22:13.943384
2018-02-17,02:00,40.2,39.7,34.2,79.0,0.0,SW@23.3,29.6,36.1,36.2,37.1,0.0,0,30.03,"Dayton, Dayton, Columbia County",300208,Dayton,2018-05-15 12:22:13.943384
2018-02-17,02:15,40.2,39.7,34.2,78.9,0.0,SW@20.7,27.8,36.1,36.3,37.1,0.0,0,30.03,"Dayton, Dayton, Columbia County",300208,Dayton,2018-05-15 12:22:13.943384
2018-02-17,02:30,40.3,39.8,34.1,78.5,0.0,SW@22.0,29.3,36.2,36.3,37.1,0.0,0,30.02,"Dayton, Dayton, Columbia County",300208,Dayton,2018-05-15 12:22:13.943384
2018-02-17,02:45,40.4,39.9,34.0,77.8,0.0,SW@22.1,28.2,36.2,36.3,37.1,0.0,0,30.02,"Dayton, Dayton, Columbia County",300208,Dayton,2018-05-15 12:22:13.943384
2018-02-17,03:00,40.4,39.9,34.0,77.8,0.0,SW@21.1,31.1,36.2,36.3,37.1,0.0,0,30.02,"Dayton, Dayton, Columbia County",300208,Dayton,2018-05-15 12:22:13.943384
2018-02-17,03:15,40.3,39.8,33.8,77.4,0.0,SW@22.0,27.1,36.2,36.3,37.1,0.0,0,30.0,"Dayton, Dayton, Columbia County",300208,Dayton,2018-05-15 12:22:13.943384
2018-02-17,03:30,40.3,39.8,33.3,75.9,0.0,S@23.1,30.3,36.2,36.3,37.1,0.0,0,29.98,"Dayton, Dayton, Columbia County",300208,Dayton,2018-05-15 12:22:13.943384
2018-02-17,03:45,40.4,40.0,33.3,75.3,0.0,S@24.1,30.3,36.2,36.3,37.1,0.0,0,29.98,"Dayton, Dayton, Columbia County",300208,Dayton,2018-05-15 12:22:13.943384
2018-02-17,04:00,40.6,40.2,33.5,75.3,0.0,S@24.3,30.7,36.2,36.3,37.1,0.0,0,29.97,"Dayton, Dayton, Columbia County",300208,Dayton,2018-05-15 12:22:13.943384
2018-02-17,04:15,40.8,40.4,33.4,74.4,0.0,S@26.5,33.9,36.3,36.3,37.1,0.0,0,29.96,"Dayton, Dayton, Columbia County",300208,Dayton,2018-05-15 12:22:13.943384
2018-02-17,04:30,40.8,40.3,33.2,74.1,0.0,S@25.4,33.2,36.3,36.4,37.1,0.0,0,29.95,"Dayton, Dayton, Columbia County",300208,Dayton,2018-05-15 12:22:13.943384
2018-02-17,04:45,40.8,40.4,33.1,73.9,0.0,S@24.1,33.6,36.3,36.4,37.1,0.0,0,29.95,"Dayton, Dayton, Columbia County",300208,Dayton,2018-05-15 12:22:13.943384
2018-02-17,05:00,41.1,40.6,32.9,72.4,0.0,S@25.3,32.1,36.3,36.4,37.1,0.0,0,29.94,"Dayton, Dayton, Columbia County",300208,Dayton,2018-05-15 12:22:13.943384
2018-02-17,05:15,41.1,40.6,32.7,71.9,0.0,S@24.6,32.1,36.3,36.4,37.1,0.0,0,29.93,"Dayton, Dayton, Columbia County",300208,Dayton,2018-05-15 12:22:13.943384
2018-02-17,05:30,41.1,40.6,32.7,71.6,0.0,S@24.2,32.5,36.3,36.4,37.1,0.0,0,29.92,"Dayton, Dayton, Columbia County",300208,Dayton,2018-05-15 12:22:13.943384
2018-02-17,05:45,41.2,40.8,32.6,71.2,0.0,S@23.7,30.0,36.3,36.4,37.1,0.0,0,29.91,"Dayton, Dayton, Columbia County",300208,Dayton,2018-05-15 12:22:13.943384
2018-02-17,06:00,41.4,40.9,32.7,71.0,0.0,S@22.4,29.3,36.3,36.4,37.1,0.0,0,29.9,"Dayton, Dayton, Columbia County",300208,Dayton,2018-05-15 12:22:13.943384
2018-02-17,06:15,41.3,40.8,32.8,71.5,0.0,SW@20.4,26.4,36.3,36.4,37.1,0.0,0,29.89,"Dayton, Dayton, Columbia County",300208,Dayton,2018-05-15 12:22:13.943384
2018-02-17,06:30,41.0,40.5,33.3,73.8,0.0,SW@18.8,24.3,36.3,36.4,37.1,0.0,0,29.89,"Dayton, Dayton, Columbia County",300208,Dayton,2018-05-15 12:22:13.943384
2018-02-17,06:45,41.2,40.7,33.0,72.2,0.0,SW@16.6,22.8,36.3,36.4,37.1,0.0,0,29.89,"Dayton, Dayton, Columbia County",300208,Dayton,2018-05-15 12:22:13.943384
2018-02-17,07:00,41.3,40.9,32.6,70.7,0.0,SW@14.3,19.6,36.3,36.5,37.1,0.0,0,29.89,"Dayton, Dayton, Columbia County",300208,Dayton,2018-05-15 12:22:13.943384
2018-02-17,07:15,41.6,41.2,32.3,69.3,0.0,SW@15.3,20.3,36.3,36.5,37.1,0.0,3,29.87,"Dayton, Dayton, Columbia County",300208,Dayton,2018-05-15 12:22:13.943384
2018-02-17,07:30,42.2,41.7,32.2,67.4,0.0,SW@17.5,23.9,36.3,36.5,37.1,0.0,6,29.85,"Dayton, Dayton, Columbia County",300208,Dayton,2018-05-15 12:22:13.943384
2018-02-17,07:45,41.8,41.3,33.1,70.9,0.0,SW@23.2,37.9,36.3,36.5,37.1,0.0,9,29.84,"Dayton, Dayton, Columbia County",300208,Dayton,2018-05-15 12:22:13.943384
2018-02-17,08:00,39.9,39.4,35.0,82.4,0.0,SW@25.2,34.6,36.3,36.5,37.1,0.01,13,29.83,"Dayton, Dayton, Columbia County",300208,Dayton,2018-05-15 12:22:13.943384
2018-02-17,08:15,39.5,39.0,35.3,84.7,0.0,SW@26.3,34.3,36.4,36.5,37.0,0.01,15,29.82,"Dayton, Dayton, Columbia County",300208,Dayton,2018-05-15 12:22:13.943384
2018-02-17,08:30,39.2,38.6,35.4,86.2,0.0,S@26.1,37.1,36.4,36.5,37.0,0.02,18,29.81,"Dayton, Dayton, Columbia County",300208,Dayton,2018-05-15 12:22:13.943384
2018-02-17,08:45,38.5,37.9,35.5,88.9,0.05,S@25.1,32.8,36.4,36.5,37.0,0.01,20,29.81,"Dayton, Dayton, Columbia County",300208,Dayton,2018-05-15 12:22:13.943384
2018-02-17,09:00,37.8,37.3,35.1,90.1,0.07,S@23.0,30.7,36.4,36.5,37.0,0.02,20,29.8,"Dayton, Dayton, Columbia County",300208,Dayton,2018-05-15 12:22:13.943384
2018-02-17,09:15,37.4,36.9,34.9,90.4,0.08,S@19.8,26.4,36.4,36.5,37.0,0.02,22,29.79,"Dayton, Dayton, Columbia County",300208,Dayton,2018-05-15 12:22:13.943384
2018-02-17,09:30,38.2,37.7,35.3,89.0,0.11,S@22.4,29.6,36.4,36.5,37.0,0.02,28,29.78,"Dayton, Dayton, Columbia County",300208,Dayton,2018-05-15 12:22:13.943384
2018-02-17,09:45,38.8,38.2,35.8,88.8,0.13,S@22.2,29.3,36.5,36.6,37.0,0.02,34,29.77,"Dayton, Dayton, Columbia County",300208,Dayton,2018-05-15 12:22:13.943384
2018-02-17,10:00,39.2,38.6,35.9,87.9,0.15,S@25.8,35.0,36.5,36.6,37.0,0.02,34,29.75,"Dayton, Dayton, Columbia County",300208,Dayton,2018-05-15 12:22:13.943384
2018-02-17,10:15,39.2,38.7,36.0,88.2,0.16,S@26.8,36.4,36.5,36.6,37.0,0.03,35,29.74,"Dayton, Dayton, Columbia County",300208,Dayton,2018-05-15 12:22:13.943384
2018-02-17,10:30,39.7,39.2,36.3,87.5,0.15,S@28.1,37.1,36.5,36.6,37.1,0.02,47,29.72,"Dayton, Dayton, Columbia County",300208,Dayton,2018-05-15 12:22:13.943384
2018-02-17,10:45,39.9,39.4,36.7,88.2,0.15,S@23.7,29.3,36.5,36.6,37.1,0.0,66,29.71,"Dayton, Dayton, Columbia County",300208,Dayton,2018-05-15 12:22:13.943384
2018-02-17,11:00,40.8,40.3,37.5,88.0,0.15,S@25.9,35.0,36.5,36.6,37.1,0.01,67,29.7,"Dayton, Dayton, Columbia County",300208,Dayton,2018-05-15 12:22:13.943384
2018-02-17,11:15,41.7,41.2,38.4,87.7,0.15,S@26.8,37.9,36.6,36.6,37.2,0.0,82,29.69,"Dayton, Dayton, Columbia County",300208,Dayton,2018-05-15 12:22:13.943384
2018-02-17,11:30,42.3,41.8,39.2,88.8,0.17,S@29.3,36.1,36.6,36.6,37.3,0.01,69,29.67,"Dayton, Dayton, Columbia County",300208,Dayton,2018-05-15 12:22:13.943384
2018-02-17,11:45,42.9,42.4,39.6,88.1,0.2,S@28.3,40.0,36.7,36.6,37.4,0.01,56,29.66,"Dayton, Dayton, Columbia County",300208,Dayton,2018-05-15 12:22:13.943384
2018-02-17,12:00,42.9,42.5,39.8,88.7,0.2,S@30.5,38.2,36.7,36.6,37.5,0.02,39,29.64,"Dayton, Dayton, Columbia County",300208,Dayton,2018-05-15 12:22:13.943384
2018-02-17,12:15,43.1,42.7,39.6,87.3,0.2,S@28.5,38.6,36.8,36.6,37.7,0.01,38,29.63,"Dayton, Dayton, Columbia County",300208,Dayton,2018-05-15 12:22:13.943384
2018-02-17,12:30,43.1,42.7,39.9,88.1,0.21,S@29.0,40.4,36.8,36.7,37.8,0.01,54,29.61,"Dayton, Dayton, Columbia County",300208,Dayton,2018-05-15 12:22:13.943384
2018-02-17,12:45,43.7,43.3,39.4,84.7,0.23,S@31.0,41.1,36.9,36.7,37.9,0.02,85,29.59,"Dayton, Dayton, Columbia County",300208,Dayton,2018-05-15 12:22:13.943384
2018-02-17,13:00,43.8,43.4,38.8,82.4,0.25,S@31.0,40.0,37.0,36.7,38.0,0.0,70,29.57,"Dayton, Dayton, Columbia County",300208,Dayton,2018-05-15 12:22:13.943384
2018-02-17,13:15,44.1,43.6,38.0,79.0,0.25,S@30.8,41.4,37.1,36.7,38.1,0.0,88,29.54,"Dayton, Dayton, Columbia County",300208,Dayton,2018-05-15 12:22:13.943384
2018-02-17,13:30,44.2,43.6,38.6,80.4,0.25,S@35.0,44.3,37.2,36.7,38.3,0.0,77,29.5,"Dayton, Dayton, Columbia County",300208,Dayton,2018-05-15 12:22:13.943384
2018-02-17,13:45,44.6,44.1,38.3,78.2,0.24,SW@27.5,35.3,37.3,36.7,38.4,0.0,82,29.53,"Dayton, Dayton, Columbia County",300208,Dayton,2018-05-15 12:22:13.943384
2018-02-17,14:00,45.1,44.6,40.4,83.4,0.21,SW@25.5,32.5,37.4,36.8,38.4,0.0,38,29.53,"Dayton, Dayton, Columbia County",300208,Dayton,2018-05-15 12:22:13.943384
2018-02-17,14:15,44.7,44.3,40.2,83.9,0.19,SW@23.5,30.3,37.4,36.8,38.5,0.0,24,29.54,"Dayton, Dayton, Columbia County",300208,Dayton,2018-05-15 12:22:13.943384
2018-02-17,14:30,44.8,44.3,40.4,84.7,0.18,SW@22.7,31.8,37.5,36.8,38.5,0.0,34,29.53,"Dayton, Dayton, Columbia County",300208,Dayton,2018-05-15 12:22:13.943384
2018-02-17,14:45,45.8,45.4,40.8,82.4,0.17,SW@25.9,41.4,37.6,36.9,38.6,0.01,54,29.52,"Dayton, Dayton, Columbia County",300208,Dayton,2018-05-15 12:22:13.943384
2018-02-17,15:00,46.4,45.9,40.6,80.3,0.16,SW@31.1,43.6,37.7,36.9,38.6,0.0,36,29.51,"Dayton, Dayton, Columbia County",300208,Dayton,2018-05-15 12:22:13.943384
2018-02-17,15:15,46.5,46.1,40.8,80.2,0.14,SW@31.4,43.6,37.8,36.9,38.6,0.0,57,29.51,"Dayton, Dayton, Columbia County",300208,Dayton,2018-05-15 12:22:13.943384
2018-02-17,15:30,46.5,45.9,40.3,78.7,0.14,SW@33.4,42.5,37.9,37.0,38.6,0.0,109,29.51,"Dayton, Dayton, Columbia County",300208,Dayton,2018-05-15 12:22:13.943384
2018-02-17,15:45,46.7,46.0,41.4,81.6,0.13,SW@28.9,44.3,38.0,37.0,38.6,0.0,262,29.52,"Dayton, Dayton, Columbia County",300208,Dayton,2018-05-15 12:22:13.943384
2018-02-17,16:00,46.8,46.1,40.3,77.9,0.12,SW@32.9,56.8,38.0,37.0,38.7,0.0,203,29.5,"Dayton, Dayton, Columbia County",300208,Dayton,2018-05-15 12:22:13.943384
2018-02-17,16:15,46.5,45.7,38.6,73.7,0.1,SW@38.7,51.8,38.1,37.1,38.7,0.0,167,29.5,"Dayton, Dayton, Columbia County",300208,Dayton,2018-05-15 12:22:13.943384
2018-02-17,16:30,45.6,44.9,38.5,75.9,0.1,SW@33.7,42.5,38.2,37.1,38.7,0.0,129,29.53,"Dayton, Dayton, Columbia County",300208,Dayton,2018-05-15 12:22:13.943384
2018-02-17,16:45,45.6,45.0,36.2,69.4,0.08,SW@38.1,48.9,38.3,37.1,38.7,0.0,90,29.51,"Dayton, Dayton, Columbia County",300208,Dayton,2018-05-15 12:22:13.943384
2018-02-17,17:00,44.8,44.2,36.3,71.8,0.07,SW@35.2,47.2,38.4,37.2,38.7,0.0,54,29.51,"Dayton, Dayton, Columbia County",300208,Dayton,2018-05-15 12:22:13.943384
2018-02-17,17:15,44.7,44.2,34.6,67.6,0.06,SW@42.4,57.5,38.4,37.2,38.7,0.0,22,29.49,"Dayton, Dayton, Columbia County",300208,Dayton,2018-05-15 12:22:13.943384
2018-02-17,17:30,44.1,43.6,34.4,68.4,0.06,SW@39.6,50.4,38.5,37.3,38.7,0.0,5,29.5,"Dayton, Dayton, Columbia County",300208,Dayton,2018-05-15 12:22:13.943384
2018-02-17,17:45,43.6,43.2,34.3,69.5,0.02,SW@34.6,45.7,38.5,37.3,38.7,0.0,1,29.52,"Dayton, Dayton, Columbia County",300208,Dayton,2018-05-15 12:22:13.943384
2018-02-17,18:00,43.0,42.5,34.0,70.5,0.0,SW@29.2,40.0,38.5,37.3,38.8,0.0,0,29.55,"Dayton, Dayton, Columbia County",300208,Dayton,2018-05-15 12:22:13.943384
2018-02-17,18:15,43.0,42.5,32.8,67.1,0.0,SW@33.7,44.7,38.5,37.4,38.8,0.0,0,29.55,"Dayton, Dayton, Columbia County",300208,Dayton,2018-05-15 12:22:13.943384
2018-02-17,18:30,42.5,42.0,31.4,64.7,0.0,SW@31.4,42.1,38.5,37.4,38.8,0.0,0,29.56,"Dayton, Dayton, Columbia County",300208,Dayton,2018-05-15 12:22:13.943384
2018-02-17,18:45,41.0,40.5,9.6,27.0,0.0,SW@23.5,30.3,38.5,37.5,38.8,0.0,0,29.58,"Dayton, Dayton, Columbia County",300208,Dayton,2018-05-15 12:22:13.943384
2018-02-17,19:00,40.8,40.3,9.3,26.9,0.0,SW@22.2,27.5,38.4,37.5,38.9,0.0,0,29.59,"Dayton, Dayton, Columbia County",300208,Dayton,2018-05-15 12:22:13.943384
2018-02-17,19:15,41.1,40.6,9.0,26.2,0.0,SW@24.4,32.8,38.4,37.5,38.9,0.0,0,29.58,"Dayton, Dayton, Columbia County",300208,Dayton,2018-05-15 12:22:13.943384
2018-02-17,19:30,41.1,40.6,8.5,25.7,0.0,SW@25.0,34.3,38.3,37.6,38.9,0.0,0,29.59,"Dayton, Dayton, Columbia County",300208,Dayton,2018-05-15 12:22:13.943384
2018-02-17,19:45,40.6,40.1,9.8,27.7,0.0,SW@22.7,31.1,38.3,37.6,38.9,0.0,0,29.59,"Dayton, Dayton, Columbia County",300208,Dayton,2018-05-15 12:22:13.943384
2018-02-17,20:00,40.5,40.1,9.2,27.1,0.0,SW@25.0,32.1,38.2,37.6,38.9,0.0,0,29.59,"Dayton, Dayton, Columbia County",300208,Dayton,2018-05-15 12:22:13.943384
2018-02-17,20:15,40.1,39.6,11.1,30.0,0.0,SW@22.5,33.2,38.1,37.6,38.9,0.0,0,29.59,"Dayton, Dayton, Columbia County",300208,Dayton,2018-05-15 12:22:13.943384
2018-02-17,20:30,39.9,39.5,12.4,31.9,0.0,SW@23.7,33.6,38.1,37.6,39.0,0.0,0,29.59,"Dayton, Dayton, Columbia County",300208,Dayton,2018-05-15 12:22:13.943384
2018-02-17,20:45,39.7,39.2,12.7,32.6,0.0,SW@25.7,33.2,38.0,37.7,39.0,0.0,0,29.59,"Dayton, Dayton, Columbia County",300208,Dayton,2018-05-15 12:22:13.943384
2018-02-17,21:00,39.6,39.1,13.0,33.3,0.0,SW@25.1,35.0,38.0,37.7,39.0,0.0,0,29.6,"Dayton, Dayton, Columbia County",300208,Dayton,2018-05-15 12:22:13.943384
2018-02-17,21:15,39.4,39.0,14.5,35.6,0.0,SW@27.0,36.1,37.9,37.7,39.0,0.0,0,29.59,"Dayton, Dayton, Columbia County",300208,Dayton,2018-05-15 12:22:13.943384
2018-02-17,21:30,39.1,38.6,30.0,69.6,0.0,SW@28.0,40.4,37.9,37.7,39.0,0.0,0,29.59,"Dayton, Dayton, Columbia County",300208,Dayton,2018-05-15 12:22:13.943384
2018-02-17,21:45,38.7,38.2,6.2,25.3,0.0,SW@27.2,35.0,37.8,37.7,39.0,0.0,0,29.59,"Dayton, Dayton, Columbia County",300208,Dayton,2018-05-15 12:22:13.943384
2018-02-17,22:00,38.6,38.1,6.9,26.3,0.0,SW@27.8,37.5,37.8,37.7,39.1,0.0,0,29.59,"Dayton, Dayton, Columbia County",300208,Dayton,2018-05-15 12:22:13.943384
2018-02-17,22:15,38.1,37.6,9.6,30.2,0.0,SW@27.9,36.1,37.7,37.7,39.1,0.0,0,29.58,"Dayton, Dayton, Columbia County",300208,Dayton,2018-05-15 12:22:13.943384
2018-02-17,22:30,37.7,37.2,19.3,47.1,0.0,S@27.9,36.4,37.7,37.7,39.1,0.0,0,29.58,"Dayton, Dayton, Columbia County",300208,Dayton,2018-05-15 12:22:13.943384
2018-02-17,22:45,37.6,37.0,29.1,71.2,0.0,S@29.2,38.6,37.6,37.7,39.1,0.0,0,29.58,"Dayton, Dayton, Columbia County",300208,Dayton,2018-05-15 12:22:13.943384
2018-02-17,23:00,37.5,36.9,30.6,75.9,0.0,SW@29.7,39.6,37.6,37.7,39.1,0.0,0,29.58,"Dayton, Dayton, Columbia County",300208,Dayton,2018-05-15 12:22:13.943384
2018-02-17,23:15,37.3,36.8,31.0,77.5,0.0,SW@27.2,35.0,37.5,37.7,39.1,0.0,0,29.59,"Dayton, Dayton, Columbia County",300208,Dayton,2018-05-15 12:22:13.943384
2018-02-17,23:30,37.4,36.9,30.9,77.1,0.0,SW@28.6,35.0,37.4,37.7,39.1,0.0,0,29.58,"Dayton, Dayton, Columbia County",300208,Dayton,2018-05-15 12:22:13.943384
2018-02-17,23:45,37.2,36.6,30.7,77.3,0.0,SW@28.0,36.4,37.4,37.7,39.1,0.0,0,29.58,"Dayton, Dayton, Columbia County",300208,Dayton,2018-05-15 12:22:13.943384
2018-02-17,24:00,36.9,36.3,28.7,71.9,0.0,SW@26.5,38.9,37.3,37.7,39.2,0.0,0,29.59,"Dayton, Dayton, Columbia County",300208,Dayton,2018-05-15 12:22:13.943384
2018-02-18,00:15,36.6,36.0,25.2,63.1,0.0,SW@23.5,30.7,37.2,37.6,39.2,0.0,0,29.59,"Dayton, Dayton, Columbia County",300208,Dayton,2018-05-15 12:22:13.943384
2018-02-18,00:30,36.5,36.0,17.4,45.4,0.0,SW@24.5,31.8,37.2,37.6,39.2,0.0,0,29.59,"Dayton, Dayton, Columbia County",300208,Dayton,2018-05-15 12:22:13.943384
2018-02-18,00:45,36.6,36.0,16.0,42.6,0.0,SW@23.8,35.3,37.1,37.6,39.2,0.0,0,29.59,"Dayton, Dayton, Columbia County",300208,Dayton,2018-05-15 12:22:13.943384
2018-02-18,01:00,36.4,35.8,25.8,65.1,0.0,SW@25.8,35.3,37.1,37.6,39.2,0.0,0,29.59,"Dayton, Dayton, Columbia County",300208,Dayton,2018-05-15 12:22:13.943384
2018-02-18,01:15,36.2,35.7,16.3,43.9,0.0,SW@25.3,35.3,37.0,37.6,39.2,0.0,0,29.59,"Dayton, Dayton, Columbia County",300208,Dayton,2018-05-15 12:22:13.943384
2018-02-18,01:30,36.1,35.5,15.4,42.3,0.0,SW@18.2,26.0,36.9,37.6,39.2,0.0,0,29.6,"Dayton, Dayton, Columbia County",300208,Dayton,2018-05-15 12:22:13.943384
2018-02-18,01:45,36.4,35.9,16.1,43.0,0.0,SW@19.4,26.0,36.9,37.6,39.2,0.0,0,29.6,"Dayton, Dayton, Columbia County",300208,Dayton,2018-05-15 12:22:13.943384
2018-02-18,02:00,36.6,36.0,17.7,45.9,0.0,SW@18.3,26.4,36.8,37.6,39.2,0.0,0,29.6,"Dayton, Dayton, Columbia County",300208,Dayton,2018-05-15 12:22:13.943384
2018-02-18,02:15,36.6,36.0,17.6,45.7,0.0,SW@19.5,28.6,36.7,37.5,39.2,0.0,0,29.59,"Dayton, Dayton, Columbia County",300208,Dayton,2018-05-15 12:22:13.943384
2018-02-18,02:30,36.3,35.8,16.2,43.5,0.0,SW@19.2,26.4,36.6,37.5,39.2,0.0,0,29.59,"Dayton, Dayton, Columbia County",300208,Dayton,2018-05-15 12:22:13.943384
2018-02-18,02:45,36.4,35.8,16.2,43.2,0.0,SW@22.0,30.7,36.6,37.5,39.3,0.0,0,29.58,"Dayton, Dayton, Columbia County",300208,Dayton,2018-05-15 12:22:13.943384
2018-02-18,03:00,36.2,35.7,16.4,44.1,0.0,SW@20.8,29.3,36.5,37.5,39.3,0.0,0,29.58,"Dayton, Dayton, Columbia County",300208,Dayton,2018-05-15 12:22:13.943384
2018-02-18,03:15,36.0,35.5,17.4,46.2,0.0,SW@21.1,29.3,36.5,37.5,39.3,0.0,0,29.58,"Dayton, Dayton, Columbia County",300208,Dayton,2018-05-15 12:22:13.943384
2018-02-18,03:30,35.9,35.3,18.9,49.6,0.0,SW@21.4,27.5,36.4,37.4,39.3,0.0,0,29.58,"Dayton, Dayton, Columbia County",300208,Dayton,2018-05-15 12:22:13.943384
2018-02-18,03:45,35.9,35.4,19.0,49.9,0.0,SW@22.5,31.4,36.4,37.4,39.3,0.0,0,29.57,"Dayton, Dayton, Columbia County",300208,Dayton,2018-05-15 12:22:13.943384
2018-02-18,04:00,35.5,34.9,22.9,59.8,0.0,SW@23.4,30.7,36.3,37.4,39.3,0.0,0,29.57,"Dayton, Dayton, Columbia County",300208,Dayton,2018-05-15 12:22:13.943384
2018-02-18,04:15,35.2,34.7,25.7,67.8,0.0,SW@23.2,32.1,36.3,37.4,39.3,0.0,0,29.57,"Dayton, Dayton, Columbia County",300208,Dayton,2018-05-15 12:22:13.943384
2018-02-18,04:30,35.0,34.5,20.0,53.7,0.0,SW@21.4,27.1,36.3,37.3,39.3,0.0,0,29.57,"Dayton, Dayton, Columbia County",300208,Dayton,2018-05-15 12:22:13.943384
2018-02-18,04:45,34.9,34.3,22.8,60.9,0.0,SW@22.3,27.5,36.2,37.3,39.3,0.0,0,29.57,"Dayton, Dayton, Columbia County",300208,Dayton,2018-05-15 12:22:13.943384
2018-02-18,05:00,34.7,34.2,27.2,73.7,0.0,SW@22.3,28.2,36.2,37.3,39.3,0.0,0,29.57,"Dayton, Dayton, Columbia County",300208,Dayton,2018-05-15 12:22:13.943384
2018-02-18,05:15,34.3,33.7,27.3,75.3,0.0,SW@22.9,30.0,36.1,37.3,39.3,0.0,0,29.58,"Dayton, Dayton, Columbia County",300208,Dayton,2018-05-15 12:22:13.943384
2018-02-18,05:30,34.1,33.5,26.4,73.1,0.0,SW@24.6,31.8,36.1,37.2,39.3,0.0,0,29.58,"Dayton, Dayton, Columbia County",300208,Dayton,2018-05-15 12:22:13.943384
2018-02-18,05:45,33.8,33.2,27.2,76.7,0.0,SW@25.3,31.8,36.1,37.2,39.3,0.0,0,29.58,"Dayton, Dayton, Columbia County",300208,Dayton,2018-05-15 12:22:13.943384
2018-02-18,06:00,33.7,33.1,27.9,79.0,0.0,SW@25.2,32.5,36.0,37.2,39.3,0.0,0,29.58,"Dayton, Dayton, Columbia County",300208,Dayton,2018-05-15 12:22:13.943384
2018-02-18,06:15,33.4,32.8,28.0,80.4,0.0,SW@24.5,32.5,36.0,37.2,39.3,0.0,0,29.58,"Dayton, Dayton, Columbia County",300208,Dayton,2018-05-15 12:22:13.943384
2018-02-18,06:30,33.1,32.5,22.4,64.4,0.0,S@23.4,30.3,35.9,37.2,39.3,0.0,0,29.58,"Dayton, Dayton, Columbia County",300208,Dayton,2018-05-15 12:22:13.943384
2018-02-18,06:45,32.9,32.3,23.3,67.3,0.0,S@22.5,28.6,35.9,37.1,39.3,0.0,1,29.58,"Dayton, Dayton, Columbia County",300208,Dayton,2018-05-15 12:22:13.943384
2018-02-18,07:00,32.6,32.0,26.2,77.0,0.0,SW@20.9,25.7,35.8,37.1,39.3,0.0,5,29.58,"Dayton, Dayton, Columbia County",300208,Dayton,2018-05-15 12:22:13.943384
2018-02-18,07:15,32.3,31.7,21.8,64.8,0.0,SW@20.4,28.9,35.8,37.1,39.3,0.0,34,29.58,"Dayton, Dayton, Columbia County",300208,Dayton,2018-05-15 12:22:13.943384
2018-02-18,07:30,32.4,31.7,18.9,57.3,0.0,SW@23.1,31.4,35.8,37.1,39.3,0.0,35,29.58,"Dayton, Dayton, Columbia County",300208,Dayton,2018-05-15 12:22:13.943384
2018-02-18,07:45,32.1,31.5,20.6,62.1,0.0,SW@22.9,30.7,35.7,37.0,39.3,0.0,15,29.59,"Dayton, Dayton, Columbia County",300208,Dayton,2018-05-15 12:22:13.943384
2018-02-18,08:00,31.9,31.2,22.4,67.9,0.0,SW@24.1,30.0,35.7,37.0,39.3,0.0,40,29.59,"Dayton, Dayton, Columbia County",300208,Dayton,2018-05-15 12:22:13.943384
2018-02-18,08:15,31.7,31.1,23.1,70.6,0.0,SW@24.6,32.8,35.7,37.0,39.3,0.0,32,29.6,"Dayton, Dayton, Columbia County",300208,Dayton,2018-05-15 12:22:13.943384
2018-02-18,08:30,31.6,31.0,26.0,79.8,0.0,SW@21.9,31.8,35.6,37.0,39.3,0.0,64,29.6,"Dayton, Dayton, Columbia County",300208,Dayton,2018-05-15 12:22:13.943384
2018-02-18,08:45,31.6,30.9,26.0,79.8,0.0,SW@18.9,25.7,35.6,37.0,39.3,0.0,76,29.62,"Dayton, Dayton, Columbia County",300208,Dayton,2018-05-15 12:22:13.943384
2018-02-18,09:00,31.4,30.7,25.8,80.1,0.0,SW@19.5,26.8,35.6,36.9,39.3,0.0,75,29.62,"Dayton, Dayton, Columbia County",300208,Dayton,2018-05-15 12:22:13.943384
2018-02-18,09:15,31.3,30.6,26.2,81.9,0.0,SW@21.1,29.3,35.5,36.9,39.3,0.0,99,29.62,"Dayton, Dayton, Columbia County",300208,Dayton,2018-05-15 12:22:13.943384
2018-02-18,09:30,31.1,30.4,26.2,82.7,0.0,SW@22.0,29.3,35.5,36.9,39.3,0.0,96,29.62,"Dayton, Dayton, Columbia County",300208,Dayton,2018-05-15 12:22:13.943384
2018-02-18,09:45,31.3,30.6,26.0,81.5,0.0,SW@21.0,27.8,35.5,36.9,39.3,0.0,104,29.63,"Dayton, Dayton, Columbia County",300208,Dayton,2018-05-15 12:22:13.943384
2018-02-18,10:00,31.5,30.8,25.4,78.5,0.0,SW@21.8,27.8,35.5,36.8,39.3,0.0,118,29.63,"Dayton, Dayton, Columbia County",300208,Dayton,2018-05-15 12:22:13.943384
2018-02-18,10:15,31.6,30.9,25.4,78.0,0.0,SW@21.9,30.3,35.4,36.8,39.3,0.0,164,29.63,"Dayton, Dayton, Columbia County",300208,Dayton,2018-05-15 12:22:13.943384
2018-02-18,10:30,31.9,31.2,25.1,76.1,0.0,SW@20.5,30.0,35.4,36.8,39.2,0.0,185,29.63,"Dayton, Dayton, Columbia County",300208,Dayton,2018-05-15 12:22:13.943384
2018-02-18,10:45,32.6,31.8,25.0,73.2,0.0,SW@23.1,34.3,35.4,36.8,39.2,0.0,342,29.63,"Dayton, Dayton, Columbia County",300208,Dayton,2018-05-15 12:22:13.943384
2018-02-18,11:00,32.9,32.1,24.8,71.7,0.0,SW@24.3,33.2,35.4,36.8,39.2,0.0,335,29.62,"Dayton, Dayton, Columbia County",300208,Dayton,2018-05-15 12:22:13.943384
2018-02-18,11:15,33.2,32.4,25.4,72.9,0.0,SW@21.2,28.2,35.4,36.7,39.2,0.0,345,29.63,"Dayton, Dayton, Columbia County",300208,Dayton,2018-05-15 12:22:13.943384
2018-02-18,11:30,34.0,33.2,25.7,71.1,0.0,SW@19.6,26.0,35.4,36.7,39.3,0.0,447,29.63,"Dayton, Dayton, Columbia County",300208,Dayton,2018-05-15 12:22:13.943384
2018-02-18,11:45,34.6,33.7,23.8,64.2,0.0,SW@24.2,33.2,35.4,36.7,39.3,0.0,397,29.62,"Dayton, Dayton, Columbia County",300208,Dayton,2018-05-15 12:22:13.943384
2018-02-18,12:00,34.5,33.6,24.5,66.6,0.0,SW@20.7,30.0,35.4,36.7,39.3,0.0,500,29.62,"Dayton, Dayton, Columbia County",300208,Dayton,2018-05-15 12:22:13.943384
2018-02-18,12:15,35.2,34.3,24.3,64.3,0.0,SW@25.4,33.9,35.5,36.7,39.3,0.0,584,29.62,"Dayton, Dayton, Columbia County",300208,Dayton,2018-05-15 12:22:13.943384
2018-02-18,12:30,34.7,33.9,22.4,60.5,0.0,SW@23.7,30.0,35.6,36.7,39.3,0.0,336,29.62,"Dayton, Dayton, Columbia County",300208,Dayton,2018-05-15 12:22:13.943384
2018-02-18,12:45,35.6,34.8,23.7,61.6,0.0,SW@20.6,28.9,35.7,36.6,39.3,0.0,454,29.63,"Dayton, Dayton, Columbia County",300208,Dayton,2018-05-15 12:22:13.943384
2018-02-18,13:00,35.4,34.6,23.4,61.1,0.0,SW@21.5,28.2,35.8,36.6,39.3,0.0,394,29.63,"Dayton, Dayton, Columbia County",300208,Dayton,2018-05-15 12:22:13.943384
2018-02-18,13:15,35.1,34.1,28.2,75.6,0.0,W@11.4,25.3,35.9,36.6,39.3,0.0,612,29.64,"Dayton, Dayton, Columbia County",300208,Dayton,2018-05-15 12:22:13.943384
2018-02-18,13:30,31.5,30.7,28.7,89.7,0.0,NW@10.0,16.0,36.1,36.6,39.3,0.0,205,29.65,"Dayton, Dayton, Columbia County",300208,Dayton,2018-05-15 12:22:13.943384
2018-02-18,13:45,30.5,29.7,28.4,93.2,0.0,NW@10.0,13.2,36.2,36.6,39.3,0.0,179,29.65,"Dayton, Dayton, Columbia County",300208,Dayton,2018-05-15 12:22:13.943384
2018-02-18,14:00,29.4,28.6,27.3,93.9,0.0,NW@9.5,12.8,36.4,36.6,39.3,0.0,136,29.66,"Dayton, Dayton, Columbia County",300208,Dayton,2018-05-15 12:22:13.943384
2018-02-18,14:15,30.4,29.6,28.5,94.0,0.0,NW@8.6,11.7,36.6,36.6,39.3,0.0,251,29.66,"Dayton, Dayton, Columbia County",300208,Dayton,2018-05-15 12:22:13.943384
2018-02-18,14:30,30.0,29.2,28.1,93.9,0.0,NW@9.2,13.2,36.7,36.6,39.3,0.0,205,29.66,"Dayton, Dayton, Columbia County",300208,Dayton,2018-05-15 12:22:13.943384
2018-02-18,14:45,29.9,29.1,27.8,93.5,0.0,NW@7.9,11.4,36.8,36.7,39.3,0.0,244,29.66,"Dayton, Dayton, Columbia County",300208,Dayton,2018-05-15 12:22:13.943384
2018-02-18,15:00,30.1,29.3,27.7,92.2,0.04,NW@5.4,7.8,36.9,36.7,39.3,0.0,241,29.67,"Dayton, Dayton, Columbia County",300208,Dayton,2018-05-15 12:22:13.943384
2018-02-18,15:15,29.4,28.7,26.9,92.1,0.08,NW@4.1,6.7,37.0,36.7,39.3,0.0,109,29.67,"Dayton, Dayton, Columbia County",300208,Dayton,2018-05-15 12:22:13.943384
2018-02-18,15:30,29.1,28.3,26.9,93.5,0.09,W@4.4,6.4,37.1,36.7,39.3,0.0,112,29.68,"Dayton, Dayton, Columbia County",300208,Dayton,2018-05-15 12:22:13.943384
2018-02-18,15:45,29.2,28.4,26.9,93.2,0.1,NW@3.9,6.0,37.2,36.8,39.3,0.0,121,29.68,"Dayton, Dayton, Columbia County",300208,Dayton,2018-05-15 12:22:13.943384
2018-02-18,16:00,29.3,28.6,26.9,92.5,0.1,NW@3.4,6.0,37.2,36.8,39.3,0.0,103,29.68,"Dayton, Dayton, Columbia County",300208,Dayton,2018-05-15 12:22:13.943384
2018-02-18,16:15,29.4,28.6,27.2,93.4,0.11,NW@4.9,7.1,37.3,36.9,39.3,0.0,67,29.69,"Dayton, Dayton, Columbia County",300208,Dayton,2018-05-15 12:22:13.943384
2018-02-18,16:30,28.8,28.1,27.0,95.1,0.12,NW@5.1,7.4,37.3,36.9,39.3,0.0,40,29.69,"Dayton, Dayton, Columbia County",300208,Dayton,2018-05-15 12:22:13.943384
2018-02-18,16:45,28.0,27.4,25.0,91.0,0.12,NW@4.8,7.1,37.4,36.9,39.3,0.0,15,29.69,"Dayton, Dayton, Columbia County",300208,Dayton,2018-05-15 12:22:13.943384
2018-02-18,17:00,27.6,26.9,25.8,95.4,0.13,NW@5.5,7.4,37.4,36.9,39.3,0.0,7,29.69,"Dayton, Dayton, Columbia County",300208,Dayton,2018-05-15 12:22:13.943384
2018-02-18,17:15,27.0,26.3,24.9,95.0,0.13,N@6.3,8.5,37.4,37.0,39.3,0.0,4,29.7,"Dayton, Dayton, Columbia County",300208,Dayton,2018-05-15 12:22:13.943384
2018-02-18,17:30,26.1,25.5,24.8,98.2,0.13,NW@5.2,8.5,37.4,37.0,39.3,0.0,1,29.7,"Dayton, Dayton, Columbia County",300208,Dayton,2018-05-15 12:22:13.943384
2018-02-18,17:45,25.4,24.7,23.9,98.2,0.13,NW@4.9,6.7,37.3,37.0,39.3,0.0,0,29.71,"Dayton, Dayton, Columbia County",300208,Dayton,2018-05-15 12:22:13.943384
2018-02-18,18:00,25.0,24.3,23.4,97.7,0.12,NW@4.7,7.1,37.3,37.1,39.3,0.0,0,29.71,"Dayton, Dayton, Columbia County",300208,Dayton,2018-05-15 12:22:13.943384
2018-02-18,18:15,24.3,23.6,22.5,97.2,0.12,NW@5.7,7.8,37.2,37.1,39.3,0.0,0,29.72,"Dayton, Dayton, Columbia County",300208,Dayton,2018-05-15 12:22:13.943384
2018-02-18,18:30,24.0,23.3,22.1,96.9,0.12,NW@4.6,6.7,37.1,37.1,39.3,0.0,0,29.72,"Dayton, Dayton, Columbia County",300208,Dayton,2018-05-15 12:22:13.943384
2018-02-18,18:45,23.5,22.8,21.3,96.0,0.11,NW@4.0,6.0,37.0,37.1,39.3,0.0,0,29.72,"Dayton, Dayton, Columbia County",300208,Dayton,2018-05-15 12:22:13.943384
2018-02-18,19:00,23.2,22.4,20.9,95.9,0.11,NW@3.8,5.3,37.0,37.1,39.3,0.0,0,29.72,"Dayton, Dayton, Columbia County",300208,Dayton,2018-05-15 12:22:13.943384
2018-02-18,19:15,22.5,21.7,20.0,95.3,0.1,NW@3.9,5.7,36.9,37.1,39.3,0.0,0,29.72,"Dayton, Dayton, Columbia County",300208,Dayton,2018-05-15 12:22:13.943384
2018-02-18,19:30,21.6,20.8,19.1,95.7,0.09,NW@5.1,7.1,36.8,37.1,39.3,0.0,0,29.72,"Dayton, Dayton, Columbia County",300208,Dayton,2018-05-15 12:22:13.943384
2018-02-18,19:45,20.5,19.7,17.9,95.6,0.09,NW@5.6,7.1,36.7,37.2,39.3,0.0,0,29.73,"Dayton, Dayton, Columbia County",300208,Dayton,2018-05-15 12:22:13.943384
2018-02-18,20:00,20.2,19.4,17.5,95.3,0.08,NW@4.7,7.4,36.6,37.2,39.3,0.0,0,29.73,"Dayton, Dayton, Columbia County",300208,Dayton,2018-05-15 12:22:13.943384
2018-02-18,20:15,20.1,19.3,17.3,94.9,0.08,NW@5.3,7.4,36.5,37.1,39.3,0.0,0,29.73,"Dayton, Dayton, Columbia County",300208,Dayton,2018-05-15 12:22:13.943384
2018-02-18,20:30,20.0,19.2,17.1,94.8,0.08,NW@4.4,6.4,36.5,37.2,39.2,0.0,0,29.74,"Dayton, Dayton, Columbia County",300208,Dayton,2018-05-15 12:22:13.943384
2018-02-18,20:45,20.2,19.4,17.4,94.8,0.08,NW@3.8,5.7,36.4,37.1,39.2,0.0,0,29.74,"Dayton, Dayton, Columbia County",300208,Dayton,2018-05-15 12:22:13.943384
2018-02-18,21:00,20.3,19.5,17.5,94.8,0.08,NW@4.1,5.3,36.3,37.1,39.2,0.0,0,29.74,"Dayton, Dayton, Columbia County",300208,Dayton,2018-05-15 12:22:13.943384
2018-02-18,21:15,20.2,19.3,17.3,94.8,0.08,NW@3.6,5.7,36.3,37.1,39.2,0.0,0,29.74,"Dayton, Dayton, Columbia County",300208,Dayton,2018-05-15 12:22:13.943384
2018-02-18,21:30,20.5,19.6,17.5,94.2,0.08,N@4.1,6.4,36.2,37.1,39.2,0.0,0,29.74,"Dayton, Dayton, Columbia County",300208,Dayton,2018-05-15 12:22:13.943384
2018-02-18,21:45,20.7,19.8,17.5,93.2,0.08,N@4.1,6.0,36.1,37.1,39.2,0.0,0,29.75,"Dayton, Dayton, Columbia County",300208,Dayton,2018-05-15 12:22:13.943384
2018-02-18,22:00,20.5,19.7,17.1,92.3,0.08,NW@4.6,6.0,36.1,37.1,39.2,0.0,0,29.75,"Dayton, Dayton, Columbia County",300208,Dayton,2018-05-15 12:22:13.943384
2018-02-18,22:15,20.4,19.6,16.4,90.5,0.08,NW@5.1,6.4,36.0,37.0,39.2,0.0,0,29.76,"Dayton, Dayton, Columbia County",300208,Dayton,2018-05-15 12:22:13.943384
2018-02-18,22:30,20.1,19.3,15.9,89.2,0.07,NW@6.2,8.2,36.0,37.0,39.2,0.0,0,29.76,"Dayton, Dayton, Columbia County",300208,Dayton,2018-05-15 12:22:13.943384
2018-02-18,22:45,19.5,18.7,15.3,89.6,0.07,NW@6.5,9.9,35.9,37.0,39.2,0.0,0,29.77,"Dayton, Dayton, Columbia County",300208,Dayton,2018-05-15 12:22:13.943384
2018-02-18,23:00,18.9,18.1,14.6,89.2,0.06,NW@6.1,8.2,35.9,37.0,39.2,0.0,0,29.77,"Dayton, Dayton, Columbia County",300208,Dayton,2018-05-15 12:22:13.943384
2018-02-18,23:15,18.4,17.5,13.6,87.8,0.06,NW@7.2,9.9,35.8,37.0,39.2,0.0,0,29.78,"Dayton, Dayton, Columbia County",300208,Dayton,2018-05-15 12:22:13.943384
2018-02-18,23:30,18.4,17.6,13.6,87.5,0.06,NW@6.6,9.9,35.8,36.9,39.2,0.0,0,29.78,"Dayton, Dayton, Columbia County",300208,Dayton,2018-05-15 12:22:13.943384
2018-02-18,23:45,18.1,17.3,13.0,86.6,0.05,NW@5.7,9.2,35.7,36.9,39.2,0.0,0,29.79,"Dayton, Dayton, Columbia County",300208,Dayton,2018-05-15 12:22:13.943384
2018-02-18,24:00,18.0,17.2,12.8,86.3,0.03,NW@5.0,7.1,35.7,36.9,39.2,0.0,0,29.79,"Dayton, Dayton, Columbia County",300208,Dayton,2018-05-15 12:22:13.943384
2018-02-19,00:15,18.2,17.3,13.1,86.7,0.01,NW@4.9,7.1,35.6,36.9,39.2,0.0,0,29.79,"Dayton, Dayton, Columbia County",300208,Dayton,2018-05-15 12:22:13.943384
2018-02-19,00:30,18.1,17.2,12.6,85.4,0.0,NW@5.0,6.7,35.6,36.9,39.2,0.0,0,29.8,"Dayton, Dayton, Columbia County",300208,Dayton,2018-05-15 12:22:13.943384
2018-02-19,00:45,18.0,17.2,12.4,84.7,0.0,NW@5.6,8.2,35.6,36.8,39.2,0.0,0,29.8,"Dayton, Dayton, Columbia County",300208,Dayton,2018-05-15 12:22:13.943384
2018-02-19,01:00,17.8,17.0,12.0,84.3,0.0,W@5.9,8.5,35.5,36.8,39.2,0.0,0,29.8,"Dayton, Dayton, Columbia County",300208,Dayton,2018-05-15 12:22:13.943384
2018-02-19,01:15,17.8,17.0,12.1,84.3,0.0,W@5.7,7.8,35.5,36.8,39.2,0.0,0,29.81,"Dayton, Dayton, Columbia County",300208,Dayton,2018-05-15 12:22:13.943384
2018-02-19,01:30,17.6,16.8,11.7,84.0,0.0,W@5.9,8.2,35.5,36.8,39.1,0.0,0,29.81,"Dayton, Dayton, Columbia County",300208,Dayton,2018-05-15 12:22:13.943384
2018-02-19,01:45,17.4,16.5,11.8,84.9,0.0,W@5.2,7.1,35.4,36.8,39.1,0.0,0,29.82,"Dayton, Dayton, Columbia County",300208,Dayton,2018-05-15 12:22:13.943384
2018-02-19,02:00,17.4,16.6,12.1,86.3,0.0,W@6.4,8.5,35.4,36.7,39.1,0.0,0,29.83,"Dayton, Dayton, Columbia County",300208,Dayton,2018-05-15 12:22:13.943384
2018-02-19,02:15,17.3,16.5,12.1,86.6,0.0,W@6.4,8.5,35.4,36.7,39.1,0.0,0,29.83,"Dayton, Dayton, Columbia County",300208,Dayton,2018-05-15 12:22:13.943384
2018-02-19,02:30,17.2,16.4,11.7,85.6,0.0,W@7.2,10.7,35.3,36.7,39.1,0.0,0,29.84,"Dayton, Dayton, Columbia County",300208,Dayton,2018-05-15 12:22:13.943384
2018-02-19,02:45,16.9,16.1,11.5,86.0,0.0,W@7.4,10.7,35.3,36.7,39.1,0.0,0,29.85,"Dayton, Dayton, Columbia County",300208,Dayton,2018-05-15 12:22:13.943384
2018-02-19,03:00,16.6,15.8,11.6,87.4,0.0,W@7.0,9.9,35.3,36.6,39.1,0.0,0,29.85,"Dayton, Dayton, Columbia County",300208,Dayton,2018-05-15 12:22:13.943384
2018-02-19,03:15,16.5,15.6,11.5,87.7,0.0,W@7.4,9.9,35.3,36.6,39.1,0.0,0,29.85,"Dayton, Dayton, Columbia County",300208,Dayton,2018-05-15 12:22:13.943384
2018-02-19,03:30,16.1,15.3,11.3,88.3,0.0,W@7.7,10.3,35.2,36.6,39.1,0.0,0,29.86,"Dayton, Dayton, Columbia County",300208,Dayton,2018-05-15 12:22:13.943384
2018-02-19,03:45,15.8,15.0,11.0,88.5,0.0,W@7.8,11.0,35.2,36.6,39.1,0.0,0,29.86,"Dayton, Dayton, Columbia County",300208,Dayton,2018-05-15 12:22:13.943384
2018-02-19,04:00,15.5,14.7,11.1,90.1,0.0,NW@6.5,9.6,35.2,36.6,39.1,0.0,0,29.87,"Dayton, Dayton, Columbia County",300208,Dayton,2018-05-15 12:22:13.943384
2018-02-19,04:15,15.5,14.7,10.9,89.4,0.0,W@6.8,9.2,35.1,36.5,39.1,0.0,0,29.88,"Dayton, Dayton, Columbia County",300208,Dayton,2018-05-15 12:22:13.943384
2018-02-19,04:30,15.5,14.7,10.3,87.1,0.0,W@6.9,9.2,35.1,36.5,39.1,0.0,0,29.89,"Dayton, Dayton, Columbia County",300208,Dayton,2018-05-15 12:22:13.943384
2018-02-19,04:45,15.6,14.8,9.2,82.6,0.0,W@6.2,9.2,35.1,36.5,39.1,0.0,0,29.9,"Dayton, Dayton, Columbia County",300208,Dayton,2018-05-15 12:22:13.943384
2018-02-19,05:00,15.9,15.0,8.3,78.3,0.0,NW@5.8,8.2,35.1,36.5,39.1,0.0,0,29.9,"Dayton, Dayton, Columbia County",300208,Dayton,2018-05-15 12:22:13.943384
2018-02-19,05:15,15.9,15.1,7.9,76.8,0.0,W@6.1,8.5,35.0,36.5,39.1,0.0,0,29.91,"Dayton, Dayton, Columbia County",300208,Dayton,2018-05-15 12:22:13.943384
2018-02-19,05:30,15.7,14.8,7.4,75.7,0.0,W@6.7,9.9,35.0,36.4,39.1,0.0,0,29.91,"Dayton, Dayton, Columbia County",300208,Dayton,2018-05-15 12:22:13.943384
2018-02-19,05:45,15.2,14.4,7.0,76.0,0.0,W@6.5,8.9,35.0,36.4,39.1,0.0,0,29.92,"Dayton, Dayton, Columbia County",300208,Dayton,2018-05-15 12:22:13.943384
2018-02-19,06:00,14.9,14.0,6.7,76.1,0.0,W@5.9,8.2,35.0,36.4,39.1,0.0,0,29.93,"Dayton, Dayton, Columbia County",300208,Dayton,2018-05-15 12:22:13.943384
2018-02-19,06:15,14.3,13.4,5.9,75.6,0.0,W@5.4,6.7,34.9,36.4,39.1,0.0,0,29.93,"Dayton, Dayton, Columbia County",300208,Dayton,2018-05-15 12:22:13.943384
2018-02-19,06:30,13.7,12.8,5.5,76.3,0.0,W@5.4,8.5,34.9,36.4,39.1,0.0,0,29.93,"Dayton, Dayton, Columbia County",300208,Dayton,2018-05-15 12:22:13.943384
2018-02-19,06:45,13.2,12.3,5.0,76.6,0.0,W@6.0,8.5,34.9,36.3,39.1,0.0,1,29.94,"Dayton, Dayton, Columbia County",300208,Dayton,2018-05-15 12:22:13.943384
2018-02-19,07:00,12.8,11.9,4.4,75.9,0.0,W@5.7,7.4,34.9,36.3,39.1,0.0,5,29.94,"Dayton, Dayton, Columbia County",300208,Dayton,2018-05-15 12:22:13.943384
2018-02-19,07:15,12.7,11.9,4.2,75.4,0.0,W@5.6,7.4,34.8,36.3,39.1,0.0,13,29.95,"Dayton, Dayton, Columbia County",300208,Dayton,2018-05-15 12:22:13.943384
2018-02-19,07:30,12.9,12.1,4.1,74.5,0.0,W@5.2,7.4,34.8,36.3,39.1,0.0,22,29.96,"Dayton, Dayton, Columbia County",300208,Dayton,2018-05-15 12:22:13.943384
2018-02-19,07:45,12.9,12.0,3.4,72.2,0.0,W@4.8,7.8,34.8,36.3,39.1,0.0,32,29.97,"Dayton, Dayton, Columbia County",300208,Dayton,2018-05-15 12:22:13.943384
2018-02-19,08:00,13.1,12.2,3.2,70.8,0.0,W@4.7,6.7,34.8,36.3,39.0,0.0,41,29.97,"Dayton, Dayton, Columbia County",300208,Dayton,2018-05-15 12:22:13.943384
2018-02-19,08:15,13.2,12.3,2.9,69.3,0.0,W@4.8,7.1,34.7,36.2,39.0,0.0,43,29.97,"Dayton, Dayton, Columbia County",300208,Dayton,2018-05-15 12:22:13.943384
2018-02-19,08:30,13.4,12.5,3.2,69.7,0.0,SW@6.0,8.2,34.7,36.2,39.0,0.0,55,29.98,"Dayton, Dayton, Columbia County",300208,Dayton,2018-05-15 12:22:13.943384
2018-02-19,08:45,13.8,12.9,3.9,70.8,0.0,SW@6.0,8.2,34.7,36.2,39.0,0.0,99,29.98,"Dayton, Dayton, Columbia County",300208,Dayton,2018-05-15 12:22:13.943384
2018-02-19,09:00,14.1,13.2,4.5,71.4,0.0,SW@6.5,8.5,34.7,36.2,39.0,0.0,108,29.98,"Dayton, Dayton, Columbia County",300208,Dayton,2018-05-15 12:22:13.943384
2018-02-19,09:15,14.8,13.8,4.7,69.9,0.0,SW@7.5,11.0,34.7,36.2,39.0,0.0,157,29.98,"Dayton, Dayton, Columbia County",300208,Dayton,2018-05-15 12:22:13.943384
2018-02-19,09:30,17.1,16.0,6.7,68.6,0.0,SW@8.7,13.2,34.6,36.1,39.0,0.0,335,29.99,"Dayton, Dayton, Columbia County",300208,Dayton,2018-05-15 12:22:13.943384
2018-02-19,09:45,17.4,16.4,7.3,69.3,0.0,SW@10.4,15.3,34.6,36.1,39.0,0.0,269,29.99,"Dayton, Dayton, Columbia County",300208,Dayton,2018-05-15 12:22:13.943384
2018-02-19,10:00,16.9,16.0,7.4,71.5,0.0,SW@11.2,15.3,34.6,36.1,39.0,0.0,135,30.0,"Dayton, Dayton, Columbia County",300208,Dayton,2018-05-15 12:22:13.943384
2018-02-19,10:15,16.8,15.9,6.9,70.0,0.0,SW@11.4,17.5,34.6,36.1,39.0,0.0,125,30.0,"Dayton, Dayton, Columbia County",300208,Dayton,2018-05-15 12:22:13.943384
2018-02-19,10:30,17.3,16.4,6.5,67.3,0.0,SW@11.9,16.4,34.5,36.1,39.0,0.0,228,30.01,"Dayton, Dayton, Columbia County",300208,Dayton,2018-05-15 12:22:13.943384
2018-02-19,10:45,17.4,16.5,6.4,66.8,0.0,SW@12.5,17.5,34.5,36.1,39.0,0.0,204,30.01,"Dayton, Dayton, Columbia County",300208,Dayton,2018-05-15 12:22:13.943384
2018-02-19,11:00,17.8,16.9,6.7,66.4,0.0,SW@11.4,17.1,34.5,36.0,39.0,0.0,211,30.02,"Dayton, Dayton, Columbia County",300208,Dayton,2018-05-15 12:22:13.943384
2018-02-19,11:15,18.0,17.1,6.0,63.6,0.0,SW@11.8,17.1,34.5,36.0,39.0,0.0,228,30.02,"Dayton, Dayton, Columbia County",300208,Dayton,2018-05-15 12:22:13.943384
2018-02-19,11:30,18.8,17.7,6.1,61.7,0.0,SW@11.8,16.7,34.5,36.0,39.0,0.0,496,30.03,"Dayton, Dayton, Columbia County",300208,Dayton,2018-05-15 12:22:13.943384
2018-02-19,11:45,19.1,18.1,6.5,62.0,0.0,SW@11.5,15.7,34.4,36.0,39.0,0.0,312,30.03,"Dayton, Dayton, Columbia County",300208,Dayton,2018-05-15 12:22:13.943384
2018-02-19,12:00,18.6,17.7,5.5,60.4,0.0,W@9.9,15.3,34.4,36.0,39.0,0.0,208,30.03,"Dayton, Dayton, Columbia County",300208,Dayton,2018-05-15 12:22:13.943384
2018-02-19,12:15,18.8,17.9,5.6,60.1,0.0,SW@9.8,15.0,34.4,36.0,39.0,0.0,228,30.03,"Dayton, Dayton, Columbia County",300208,Dayton,2018-05-15 12:22:13.943384
2018-02-19,12:30,19.0,18.0,5.7,60.0,0.0,SW@9.3,15.3,34.4,35.9,39.0,0.0,243,30.03,"Dayton, Dayton, Columbia County",300208,Dayton,2018-05-15 12:22:13.943384
2018-02-19,12:45,19.6,18.7,5.7,58.2,0.0,W@9.8,16.7,34.4,35.9,39.0,0.0,252,30.03,"Dayton, Dayton, Columbia County",300208,Dayton,2018-05-15 12:22:13.943384
2018-02-19,13:00,19.6,18.7,5.7,58.2,0.0,W@10.2,15.3,34.4,35.9,39.0,0.0,205,30.03,"Dayton, Dayton, Columbia County",300208,Dayton,2018-05-15 12:22:13.943384
2018-02-19,13:15,19.9,19.0,5.5,56.9,0.0,W@8.4,12.1,34.4,35.9,39.0,0.0,191,30.03,"Dayton, Dayton, Columbia County",300208,Dayton,2018-05-15 12:22:13.943384
2018-02-19,13:30,20.3,19.4,5.7,56.3,0.0,W@8.6,12.1,34.4,35.9,39.0,0.0,178,30.03,"Dayton, Dayton, Columbia County",300208,Dayton,2018-05-15 12:22:13.943384
2018-02-19,13:45,20.5,19.6,5.1,54.3,0.0,W@8.1,11.7,34.3,35.9,39.0,0.0,246,30.04,"Dayton, Dayton, Columbia County",300208,Dayton,2018-05-15 12:22:13.943384
2018-02-19,14:00,20.5,19.6,5.0,54.0,0.0,W@8.2,13.5,34.3,35.9,38.9,0.0,173,30.04,"Dayton, Dayton, Columbia County",300208,Dayton,2018-05-15 12:22:13.943384
2018-02-19,14:15,20.2,19.3,3.9,52.2,0.0,W@7.3,11.4,34.3,35.9,38.9,0.0,157,30.04,"Dayton, Dayton, Columbia County",300208,Dayton,2018-05-15 12:22:13.943384
2018-02-19,14:30,20.6,19.7,3.9,51.0,0.0,W@8.9,13.9,34.3,35.8,38.9,0.0,169,30.05,"Dayton, Dayton, Columbia County",300208,Dayton,2018-05-15 12:22:13.943384
2018-02-19,14:45,21.1,20.2,3.5,48.9,0.0,W@8.7,13.2,34.3,35.8,38.9,0.0,212,30.05,"Dayton, Dayton, Columbia County",300208,Dayton,2018-05-15 12:22:13.943384
2018-02-19,15:00,21.5,20.6,4.0,49.2,0.0,W@7.8,12.4,34.3,35.8,38.9,0.0,243,30.05,"Dayton, Dayton, Columbia County",300208,Dayton,2018-05-15 12:22:13.943384
2018-02-19,15:15,21.8,20.9,3.3,47.0,0.0,W@8.2,15.0,34.3,35.8,38.9,0.0,226,30.06,"Dayton, Dayton, Columbia County",300208,Dayton,2018-05-15 12:22:13.943384
2018-02-19,15:30,21.2,20.3,3.2,48.1,0.0,W@7.9,11.7,34.3,35.8,39.2,0.0,126,30.06,"Dayton, Dayton, Columbia County",300208,Dayton,2018-05-15 12:22:13.943384
2018-02-19,15:45,20.8,20.0,2.8,48.2,0.0,W@7.8,11.7,34.3,35.8,39.0,0.0,97,30.06,"Dayton, Dayton, Columbia County",300208,Dayton,2018-05-15 12:22:13.943384
2018-02-19,16:00,20.7,19.9,2.8,48.4,0.0,W@6.3,9.6,34.2,35.8,38.9,0.0,84,30.06,"Dayton, Dayton, Columbia County",300208,Dayton,2018-05-15 12:22:13.943384
2018-02-19,16:15,20.5,19.7,2.1,47.2,0.0,W@5.3,9.6,34.2,35.7,38.9,0.0,61,30.06,"Dayton, Dayton, Columbia County",300208,Dayton,2018-05-15 12:22:13.943384
2018-02-19,16:30,20.7,19.9,2.7,48.0,0.0,W@5.3,10.3,34.2,35.7,38.9,0.0,60,30.06,"Dayton, Dayton, Columbia County",300208,Dayton,2018-05-15 12:22:13.943384
2018-02-19,16:45,20.3,19.5,2.1,47.6,0.0,W@5.0,6.7,34.2,35.7,38.9,0.0,40,30.06,"Dayton, Dayton, Columbia County",300208,Dayton,2018-05-15 12:22:13.943384
2018-02-19,17:00,20.4,19.6,2.8,48.8,0.0,W@5.0,7.1,34.2,35.7,38.9,0.0,41,30.06,"Dayton, Dayton, Columbia County",300208,Dayton,2018-05-15 12:22:13.943384
2018-02-19,17:15,20.0,19.2,2.5,49.1,0.0,W@5.0,6.4,34.2,35.7,39.1,0.0,29,30.06,"Dayton, Dayton, Columbia County",300208,Dayton,2018-05-15 12:22:13.943384
2018-02-19,17:30,18.5,17.7,3.4,55.2,0.0,NW@3.5,5.3,34.2,35.7,39.2,0.0,6,30.06,"Dayton, Dayton, Columbia County",300208,Dayton,2018-05-15 12:22:13.943384
2018-02-19,17:45,17.9,17.1,3.4,56.6,0.0,NW@1.8,3.9,34.2,35.7,39.2,0.0,0,30.06,"Dayton, Dayton, Columbia County",300208,Dayton,2018-05-15 12:22:13.943384
2018-02-19,18:00,18.0,17.0,4.0,58.0,0.0,SW@1.3,2.8,34.2,35.7,39.2,0.0,0,30.06,"Dayton, Dayton, Columbia County",300208,Dayton,2018-05-15 12:22:13.943384
2018-02-19,18:15,18.0,17.1,5.1,61.0,0.0,S@1.9,2.8,34.2,35.6,39.2,0.0,0,30.06,"Dayton, Dayton, Columbia County",300208,Dayton,2018-05-15 12:22:13.943384
2018-02-19,18:30,17.8,16.9,5.1,61.6,0.0,S@2.5,3.5,34.2,35.6,39.2,0.0,0,30.06,"Dayton, Dayton, Columbia County",300208,Dayton,2018-05-15 12:22:13.943384
2018-02-19,18:45,17.2,16.3,5.2,63.6,0.0,S@3.3,4.9,34.2,35.6,39.1,0.0,0,30.07,"Dayton, Dayton, Columbia County",300208,Dayton,2018-05-15 12:22:13.943384
2018-02-19,19:00,16.4,15.6,5.2,66.0,0.0,S@4.8,6.0,34.1,35.6,39.1,0.0,0,30.07,"Dayton, Dayton, Columbia County",300208,Dayton,2018-05-15 12:22:13.943384
2018-02-19,19:15,15.9,15.1,5.6,68.9,0.0,S@4.9,6.0,34.1,35.6,39.1,0.0,0,30.07,"Dayton, Dayton, Columbia County",300208,Dayton,2018-05-15 12:22:13.943384
2018-02-19,19:30,15.7,14.8,5.7,70.2,0.0,S@4.9,6.0,34.1,35.6,39.1,0.0,0,30.07,"Dayton, Dayton, Columbia County",300208,Dayton,2018-05-15 12:22:13.943384
2018-02-19,19:45,15.3,14.4,5.6,71.1,0.0,S@4.0,4.9,34.1,35.6,39.1,0.0,0,30.07,"Dayton, Dayton, Columbia County",300208,Dayton,2018-05-15 12:22:13.943384
2018-02-19,20:00,15.1,14.3,5.3,70.7,0.0,S@4.4,5.3,34.1,35.6,39.1,0.0,0,30.07,"Dayton, Dayton, Columbia County",300208,Dayton,2018-05-15 12:22:13.943384
2018-02-19,20:15,14.9,14.0,5.2,71.3,0.0,S@4.6,6.4,34.1,35.6,39.1,0.0,0,30.07,"Dayton, Dayton, Columbia County",300208,Dayton,2018-05-15 12:22:13.943384
2018-02-19,20:30,14.4,13.6,5.0,72.0,0.0,S@7.2,8.9,34.1,35.6,39.1,0.0,0,30.08,"Dayton, Dayton, Columbia County",300208,Dayton,2018-05-15 12:22:13.943384
2018-02-19,20:45,14.2,13.4,5.1,73.0,0.0,S@6.5,8.5,34.1,35.6,39.1,0.0,0,30.08,"Dayton, Dayton, Columbia County",300208,Dayton,2018-05-15 12:22:13.943384
2018-02-19,21:00,14.7,13.8,5.7,73.6,0.0,S@6.5,8.2,34.1,35.5,39.1,0.0,0,30.09,"Dayton, Dayton, Columbia County",300208,Dayton,2018-05-15 12:22:13.943384
2018-02-19,21:15,15.0,14.2,5.9,73.1,0.0,S@7.2,8.9,34.0,35.5,39.1,0.0,0,30.09,"Dayton, Dayton, Columbia County",300208,Dayton,2018-05-15 12:22:13.943384
2018-02-19,21:30,15.2,14.4,6.0,72.5,0.0,S@8.2,10.3,34.0,35.5,39.1,0.0,0,30.09,"Dayton, Dayton, Columbia County",300208,Dayton,2018-05-15 12:22:13.943384
2018-02-19,21:45,15.4,14.6,6.2,72.7,0.0,S@8.8,11.4,34.0,35.5,39.1,0.0,0,30.09,"Dayton, Dayton, Columbia County",300208,Dayton,2018-05-15 12:22:13.943384
2018-02-19,22:00,15.4,14.5,6.2,72.8,0.0,S@8.1,10.7,34.0,35.5,39.1,0.0,0,30.1,"Dayton, Dayton, Columbia County",300208,Dayton,2018-05-15 12:22:13.943384
2018-02-19,22:15,15.3,14.5,6.1,72.7,0.0,S@7.6,9.6,34.0,35.5,39.1,0.0,0,30.1,"Dayton, Dayton, Columbia County",300208,Dayton,2018-05-15 12:22:13.943384
2018-02-19,22:30,15.2,14.4,6.1,73.1,0.0,S@7.6,10.3,33.9,35.5,39.1,0.0,0,30.1,"Dayton, Dayton, Columbia County",300208,Dayton,2018-05-15 12:22:13.943384
2018-02-19,22:45,15.3,14.5,5.9,72.0,0.0,S@8.2,10.3,33.9,35.5,39.1,0.0,0,30.1,"Dayton, Dayton, Columbia County",300208,Dayton,2018-05-15 12:22:13.943384
2018-02-19,23:00,15.4,14.6,5.8,71.4,0.0,S@7.9,9.9,33.9,35.5,39.1,0.0,0,30.1,"Dayton, Dayton, Columbia County",300208,Dayton,2018-05-15 12:22:13.943384
2018-02-19,23:15,15.7,14.9,5.8,70.3,0.0,S@8.4,11.0,33.9,35.4,39.1,0.0,0,30.1,"Dayton, Dayton, Columbia County",300208,Dayton,2018-05-15 12:22:13.943384
2018-02-19,23:30,16.2,15.4,6.1,69.7,0.0,S@7.6,9.9,33.9,35.4,39.0,0.0,0,30.11,"Dayton, Dayton, Columbia County",300208,Dayton,2018-05-15 12:22:13.943384
2018-02-19,23:45,16.4,15.6,6.4,69.9,0.0,S@7.9,10.3,33.9,35.4,39.0,0.0,0,30.11,"Dayton, Dayton, Columbia County",300208,Dayton,2018-05-15 12:22:13.943384
2018-02-19,24:00,16.0,15.2,6.2,70.5,0.0,S@7.5,9.2,33.8,35.4,39.0,0.0,0,30.11,"Dayton, Dayton, Columbia County",300208,Dayton,2018-05-15 12:22:13.943384
2018-02-20,00:15,15.9,15.0,6.0,70.4,0.0,S@7.0,9.6,33.8,35.4,39.0,0.0,0,30.1,"Dayton, Dayton, Columbia County",300208,Dayton,2018-05-15 12:22:13.943384
2018-02-20,00:30,15.9,15.1,5.8,69.5,0.0,S@6.6,8.2,33.8,35.4,39.0,0.0,0,30.1,"Dayton, Dayton, Columbia County",300208,Dayton,2018-05-15 12:22:13.943384
2018-02-20,00:45,15.9,15.1,5.6,68.9,0.0,S@5.7,8.2,33.8,35.4,39.0,0.0,0,30.11,"Dayton, Dayton, Columbia County",300208,Dayton,2018-05-15 12:22:13.943384
2018-02-20,01:00,15.7,14.9,5.6,69.6,0.0,S@5.8,7.4,33.8,35.4,39.0,0.0,0,30.11,"Dayton, Dayton, Columbia County",300208,Dayton,2018-05-15 12:22:13.943384
2018-02-20,01:15,15.9,15.1,5.4,68.5,0.0,S@5.9,8.2,33.8,35.4,39.0,0.0,0,30.11,"Dayton, Dayton, Columbia County",300208,Dayton,2018-05-15 12:22:13.943384
2018-02-20,01:30,16.0,15.2,5.3,67.8,0.0,SE@6.0,7.8,33.7,35.3,39.0,0.0,0,30.11,"Dayton, Dayton, Columbia County",300208,Dayton,2018-05-15 12:22:13.943384
2018-02-20,01:45,15.1,14.2,5.3,71.0,0.0,SE@6.7,8.9,33.7,35.3,39.0,0.0,0,30.11,"Dayton, Dayton, Columbia County",300208,Dayton,2018-05-15 12:22:13.943384
2018-02-20,02:00,14.8,14.0,5.4,72.0,0.0,SE@7.1,8.9,33.7,35.3,39.0,0.0,0,30.11,"Dayton, Dayton, Columbia County",300208,Dayton,2018-05-15 12:22:13.943384
2018-02-20,02:15,15.4,14.6,5.3,69.6,0.0,SE@6.6,9.6,33.7,35.3,39.0,0.0,0,30.11,"Dayton, Dayton, Columbia County",300208,Dayton,2018-05-15 12:22:13.943384
2018-02-20,02:30,15.7,14.8,5.1,68.1,0.0,SE@6.9,9.9,33.7,35.3,39.0,0.0,0,30.11,"Dayton, Dayton, Columbia County",300208,Dayton,2018-05-15 12:22:13.943384
2018-02-20,02:45,15.9,15.0,5.1,67.7,0.0,SE@6.6,9.2,33.7,35.3,39.0,0.0,0,30.1,"Dayton, Dayton, Columbia County",300208,Dayton,2018-05-15 12:22:13.943384
2018-02-20,03:00,15.5,14.6,5.1,68.7,0.0,SE@7.0,8.5,33.6,35.3,39.0,0.0,0,30.1,"Dayton, Dayton, Columbia County",300208,Dayton,2018-05-15 12:22:13.943384
2018-02-20,03:15,15.2,14.3,5.2,70.2,0.0,SE@7.5,8.9,33.6,35.2,38.9,0.0,0,30.1,"Dayton, Dayton, Columbia County",300208,Dayton,2018-05-15 12:22:13.943384
2018-02-20,03:30,15.3,14.5,5.2,69.5,0.0,SE@7.5,9.2,33.6,35.2,38.9,0.0,0,30.1,"Dayton, Dayton, Columbia County",300208,Dayton,2018-05-15 12:22:13.943384
2018-02-20,03:45,15.6,14.8,5.1,68.4,0.0,SE@7.4,8.9,33.6,35.2,38.9,0.0,0,30.1,"Dayton, Dayton, Columbia County",300208,Dayton,2018-05-15 12:22:13.943384
2018-02-20,04:00,15.5,14.6,5.0,68.5,0.0,SE@7.6,8.9,33.6,35.2,38.9,0.0,0,30.1,"Dayton, Dayton, Columbia County",300208,Dayton,2018-05-15 12:22:13.943384
2018-02-20,04:15,15.4,14.6,4.8,68.3,0.0,SE@7.6,8.9,33.6,35.2,38.9,0.0,0,30.1,"Dayton, Dayton, Columbia County",300208,Dayton,2018-05-15 12:22:13.943384
2018-02-20,04:30,15.6,14.8,4.8,67.5,0.0,SE@7.5,8.5,33.5,35.2,38.9,0.0,0,30.1,"Dayton, Dayton, Columbia County",300208,Dayton,2018-05-15 12:22:13.943384
2018-02-20,04:45,15.7,14.8,4.6,66.5,0.0,SE@7.6,8.9,33.5,35.2,38.9,0.0,0,30.11,"Dayton, Dayton, Columbia County",300208,Dayton,2018-05-15 12:22:13.943384
2018-02-20,05:00,15.8,15.0,4.4,65.7,0.0,SE@7.4,8.5,33.5,35.2,38.9,0.0,0,30.11,"Dayton, Dayton, Columbia County",300208,Dayton,2018-05-15 12:22:13.943384
2018-02-20,05:15,16.0,15.1,4.1,64.4,0.0,SE@7.0,8.2,33.5,35.1,38.9,0.0,0,30.11,"Dayton, Dayton, Columbia County",300208,Dayton,2018-05-15 12:22:13.943384
2018-02-20,05:30,15.9,15.0,3.9,63.9,0.0,SE@6.9,7.8,33.5,35.1,38.9,0.0,0,30.11,"Dayton, Dayton, Columbia County",300208,Dayton,2018-05-15 12:22:13.943384
2018-02-20,05:45,16.2,15.4,3.5,61.6,0.0,SE@7.0,8.2,33.5,35.1,38.9,0.0,0,30.11,"Dayton, Dayton, Columbia County",300208,Dayton,2018-05-15 12:22:13.943384
2018-02-20,06:00,16.6,15.8,2.9,59.0,0.0,SE@7.2,8.2,33.4,35.1,38.9,0.0,0,30.11,"Dayton, Dayton, Columbia County",300208,Dayton,2018-05-15 12:22:13.943384
2018-02-20,06:15,16.4,15.5,2.7,59.0,0.0,E@6.8,8.9,33.4,35.1,38.9,0.0,0,30.11,"Dayton, Dayton, Columbia County",300208,Dayton,2018-05-15 12:22:13.943384
2018-02-20,06:30,15.9,15.1,2.4,59.5,0.0,E@6.2,8.5,33.4,35.1,38.9,0.0,0,30.11,"Dayton, Dayton, Columbia County",300208,Dayton,2018-05-15 12:22:13.943384
2018-02-20,06:45,15.9,15.1,2.1,58.7,0.0,E@7.0,10.7,33.4,35.1,38.9,0.0,2,30.11,"Dayton, Dayton, Columbia County",300208,Dayton,2018-05-15 12:22:13.943384
2018-02-20,07:00,16.3,15.4,2.0,57.5,0.0,E@7.2,9.6,33.4,35.1,38.9,0.0,9,30.11,"Dayton, Dayton, Columbia County",300208,Dayton,2018-05-15 12:22:13.943384
2018-02-20,07:15,16.8,16.0,2.7,57.7,0.0,E@6.8,9.2,33.4,35.1,38.9,0.0,37,30.11,"Dayton, Dayton, Columbia County",300208,Dayton,2018-05-15 12:22:13.943384
2018-02-20,07:30,19.1,18.2,3.7,54.4,0.0,SE@5.1,8.2,33.4,35.0,38.9,0.0,110,30.11,"Dayton, Dayton, Columbia County",300208,Dayton,2018-05-15 12:22:13.943384
2018-02-20,07:45,20.1,19.2,4.0,52.4,0.0,SE@5.8,8.2,33.3,35.0,38.9,0.0,114,30.11,"Dayton, Dayton, Columbia County",300208,Dayton,2018-05-15 12:22:13.943384
2018-02-20,08:00,21.2,20.1,4.1,50.0,0.0,E@6.2,8.9,33.3,35.0,38.8,0.0,165,30.11,"Dayton, Dayton, Columbia County",300208,Dayton,2018-05-15 12:22:13.943384
2018-02-20,08:15,22.0,20.9,4.7,49.5,0.0,SE@6.1,8.5,33.3,35.0,38.8,0.0,204,30.12,"Dayton, Dayton, Columbia County",300208,Dayton,2018-05-15 12:22:13.943384
2018-02-20,08:30,22.9,21.8,5.0,48.1,0.0,SE@5.7,7.4,33.3,35.0,38.8,0.0,248,30.12,"Dayton, Dayton, Columbia County",300208,Dayton,2018-05-15 12:22:13.943384
2018-02-20,08:45,23.8,22.8,3.8,43.6,0.0,SE@4.6,6.7,33.3,35.0,38.7,0.0,286,30.13,"Dayton, Dayton, Columbia County",300208,Dayton,2018-05-15 12:22:13.943384
2018-02-20,09:00,24.1,23.1,3.1,41.7,0.0,SE@4.3,6.4,33.3,35.0,38.7,0.0,324,30.13,"Dayton, Dayton, Columbia County",300208,Dayton,2018-05-15 12:22:13.943384
2018-02-20,09:15,24.6,23.6,2.5,39.6,0.0,SE@4.2,7.1,33.3,35.0,38.6,0.0,387,30.13,"Dayton, Dayton, Columbia County",300208,Dayton,2018-05-15 12:22:13.943384
2018-02-20,09:30,24.7,23.6,1.5,37.7,0.0,S@4.4,8.5,33.2,34.9,38.6,0.0,433,30.13,"Dayton, Dayton, Columbia County",300208,Dayton,2018-05-15 12:22:13.943384
2018-02-20,09:45,25.1,24.1,1.2,36.6,0.0,SW@4.6,9.2,33.2,34.9,38.6,0.0,376,30.13,"Dayton, Dayton, Columbia County",300208,Dayton,2018-05-15 12:22:13.943384
2018-02-20,10:00,25.1,24.1,2.8,39.2,0.0,SW@4.3,8.2,33.2,34.9,38.6,0.0,443,30.14,"Dayton, Dayton, Columbia County",300208,Dayton,2018-05-15 12:22:13.943384
2018-02-20,10:15,24.8,23.9,3.3,40.7,0.0,SW@4.7,8.2,33.2,34.9,38.6,0.0,325,30.14,"Dayton, Dayton, Columbia County",300208,Dayton,2018-05-15 12:22:13.943384
2018-02-20,10:30,24.4,23.5,2.8,40.7,0.0,S@5.5,9.6,33.2,34.9,38.6,0.0,318,30.13,"Dayton, Dayton, Columbia County",300208,Dayton,2018-05-15 12:22:13.943384
2018-02-20,10:45,24.5,23.6,3.1,40.9,0.0,SW@6.2,9.2,33.2,34.9,38.6,0.0,306,30.14,"Dayton, Dayton, Columbia County",300208,Dayton,2018-05-15 12:22:13.943384
2018-02-20,11:00,25.1,24.2,4.0,41.5,0.0,S@5.1,8.9,33.2,34.9,38.8,0.0,340,30.14,"Dayton, Dayton, Columbia County",300208,Dayton,2018-05-15 12:22:13.943384
2018-02-20,11:15,25.9,25.0,5.3,42.5,0.0,SW@5.0,8.5,33.2,34.8,38.9,0.0,360,30.14,"Dayton, Dayton, Columbia County",300208,Dayton,2018-05-15 12:22:13.943384
2018-02-20,11:30,25.4,24.5,6.4,45.7,0.0,W@6.3,10.3,33.2,34.8,38.8,0.0,332,30.14,"Dayton, Dayton, Columbia County",300208,Dayton,2018-05-15 12:22:13.943384
2018-02-20,11:45,25.6,24.7,8.0,48.7,0.0,SW@5.8,11.0,33.2,34.8,38.8,0.0,318,30.14,"Dayton, Dayton, Columbia County",300208,Dayton,2018-05-15 12:22:13.943384
2018-02-20,12:00,25.4,24.6,9.1,51.5,0.0,SW@6.1,11.7,33.2,34.8,38.9,0.0,280,30.14,"Dayton, Dayton, Columbia County",300208,Dayton,2018-05-15 12:22:13.943384
2018-02-20,12:15,25.8,24.9,9.9,52.5,0.0,SW@4.3,9.2,33.1,34.8,38.9,0.0,304,30.13,"Dayton, Dayton, Columbia County",300208,Dayton,2018-05-15 12:22:13.943384
2018-02-20,12:30,26.1,25.1,11.1,54.7,0.0,SW@7.5,10.7,33.1,34.8,38.9,0.0,353,30.13,"Dayton, Dayton, Columbia County",300208,Dayton,2018-05-15 12:22:13.943384
2018-02-20,12:45,26.6,25.7,11.5,54.5,0.0,SW@6.2,10.7,33.1,34.8,38.9,0.0,398,30.13,"Dayton, Dayton, Columbia County",300208,Dayton,2018-05-15 12:22:13.943384
2018-02-20,13:00,26.7,25.9,12.0,55.1,0.0,SW@6.0,9.9,33.1,34.8,38.8,0.0,313,30.12,"Dayton, Dayton, Columbia County",300208,Dayton,2018-05-15 12:22:13.943384
2018-02-20,13:15,26.4,25.6,12.3,56.8,0.0,SW@5.9,9.9,33.1,34.8,38.8,0.0,247,30.12,"Dayton, Dayton, Columbia County",300208,Dayton,2018-05-15 12:22:13.943384
2018-02-20,13:30,27.1,26.3,13.0,56.8,0.0,SW@6.7,10.3,33.1,34.8,38.8,0.0,273,30.11,"Dayton, Dayton, Columbia County",300208,Dayton,2018-05-15 12:22:13.943384
2018-02-20,13:45,26.9,26.1,13.0,57.1,0.0,W@6.7,11.7,33.1,34.7,38.8,0.0,255,30.11,"Dayton, Dayton, Columbia County",300208,Dayton,2018-05-15 12:22:13.943384
2018-02-20,14:00,26.8,26.1,12.5,56.2,0.0,SW@7.3,10.7,33.1,34.7,38.8,0.0,232,30.11,"Dayton, Dayton, Columbia County",300208,Dayton,2018-05-15 12:22:13.943384
2018-02-20,14:15,26.8,26.1,12.9,57.1,0.0,SW@6.8,10.7,33.1,34.7,38.8,0.0,221,30.11,"Dayton, Dayton, Columbia County",300208,Dayton,2018-05-15 12:22:13.943384
2018-02-20,14:30,27.0,26.2,12.8,56.6,0.0,SW@6.1,8.5,33.1,34.7,38.8,0.0,173,30.11,"Dayton, Dayton, Columbia County",300208,Dayton,2018-05-15 12:22:13.943384
2018-02-20,14:45,27.1,26.3,12.4,55.4,0.0,SW@6.7,11.0,33.1,34.7,38.8,0.0,153,30.11,"Dayton, Dayton, Columbia County",300208,Dayton,2018-05-15 12:22:13.943384
2018-02-20,15:00,27.4,26.6,12.8,55.4,0.0,SW@7.0,10.3,33.1,34.7,38.7,0.0,172,30.11,"Dayton, Dayton, Columbia County",300208,Dayton,2018-05-15 12:22:13.943384
2018-02-20,15:15,27.0,26.3,13.4,57.7,0.0,SE@5.1,8.5,33.1,34.7,38.7,0.0,107,30.11,"Dayton, Dayton, Columbia County",300208,Dayton,2018-05-15 12:22:13.943384
2018-02-20,15:30,26.9,26.2,13.0,57.2,0.0,S@5.2,7.4,33.1,34.7,38.8,0.0,105,30.11,"Dayton, Dayton, Columbia County",300208,Dayton,2018-05-15 12:22:13.943384
2018-02-20,15:45,27.2,26.5,13.5,57.7,0.0,SW@4.4,7.4,33.1,34.7,38.8,0.0,109,30.11,"Dayton, Dayton, Columbia County",300208,Dayton,2018-05-15 12:22:13.943384
2018-02-20,16:00,26.7,26.0,13.0,57.6,0.0,N@4.9,8.5,33.1,34.7,38.8,0.0,76,30.11,"Dayton, Dayton, Columbia County",300208,Dayton,2018-05-15 12:22:13.943384
2018-02-20,16:15,26.5,25.7,14.0,60.8,0.0,N@6.2,11.0,33.1,34.7,38.8,0.0,54,30.11,"Dayton, Dayton, Columbia County",300208,Dayton,2018-05-15 12:22:13.943384
2018-02-20,16:30,26.0,25.2,15.4,66.5,0.0,NE@9.8,13.2,33.1,34.7,38.8,0.0,39,30.11,"Dayton, Dayton, Columbia County",300208,Dayton,2018-05-15 12:22:13.943384
2018-02-20,16:45,25.6,24.8,15.3,67.5,0.0,NE@8.3,11.4,33.1,34.6,38.8,0.0,25,30.12,"Dayton, Dayton, Columbia County",300208,Dayton,2018-05-15 12:22:13.943384
2018-02-20,17:00,25.3,24.6,15.1,67.7,0.0,NE@7.9,11.0,33.1,34.6,38.8,0.0,14,30.12,"Dayton, Dayton, Columbia County",300208,Dayton,2018-05-15 12:22:13.943384
2018-02-20,17:15,24.9,24.1,15.5,70.1,0.0,NE@7.4,9.9,33.1,34.6,38.8,0.0,7,30.12,"Dayton, Dayton, Columbia County",300208,Dayton,2018-05-15 12:22:13.943384
2018-02-20,17:30,24.3,23.6,16.9,76.8,0.0,NE@8.1,10.7,33.1,34.6,38.8,0.0,2,30.12,"Dayton, Dayton, Columbia County",300208,Dayton,2018-05-15 12:22:13.943384
2018-02-20,17:45,23.9,23.1,17.7,81.0,0.0,NE@7.0,9.2,33.1,34.6,38.8,0.0,0,30.12,"Dayton, Dayton, Columbia County",300208,Dayton,2018-05-15 12:22:13.943384
2018-02-20,18:00,23.3,22.6,17.5,82.3,0.0,NE@6.6,8.9,33.1,34.6,38.8,0.0,0,30.13,"Dayton, Dayton, Columbia County",300208,Dayton,2018-05-15 12:22:13.943384
2018-02-20,18:15,23.5,22.8,17.3,81.1,0.0,NE@6.8,9.2,33.1,34.6,38.8,0.0,0,30.13,"Dayton, Dayton, Columbia County",300208,Dayton,2018-05-15 12:22:13.943384
2018-02-20,18:30,23.6,22.9,17.3,80.4,0.0,NE@6.6,9.9,33.1,34.6,38.8,0.0,0,30.13,"Dayton, Dayton, Columbia County",300208,Dayton,2018-05-15 12:22:13.943384
2018-02-20,18:45,23.7,22.9,17.3,80.3,0.0,NE@6.2,8.2,33.1,34.6,38.8,0.0,0,30.13,"Dayton, Dayton, Columbia County",300208,Dayton,2018-05-15 12:22:13.943384
2018-02-20,19:00,23.7,23.0,17.4,80.5,0.0,E@5.7,7.8,33.1,34.6,38.8,0.0,0,30.13,"Dayton, Dayton, Columbia County",300208,Dayton,2018-05-15 12:22:13.943384
2018-02-20,19:15,23.7,23.0,17.7,81.8,0.0,E@5.7,8.2,33.1,34.6,38.8,0.0,0,30.13,"Dayton, Dayton, Columbia County",300208,Dayton,2018-05-15 12:22:13.943384
2018-02-20,19:30,23.5,22.7,18.1,84.2,0.0,E@5.9,8.5,33.1,34.6,38.8,0.0,0,30.13,"Dayton, Dayton, Columbia County",300208,Dayton,2018-05-15 12:22:13.943384
2018-02-20,19:45,23.4,22.7,18.6,86.0,0.0,NE@5.6,7.8,33.1,34.6,38.8,0.0,0,30.13,"Dayton, Dayton, Columbia County",300208,Dayton,2018-05-15 12:22:13.943384
2018-02-20,20:00,23.5,22.7,19.0,87.3,0.0,NE@6.2,8.9,33.1,34.6,38.8,0.0,0,30.14,"Dayton, Dayton, Columbia County",300208,Dayton,2018-05-15 12:22:13.943384
2018-02-20,20:15,23.2,22.5,19.0,88.3,0.0,NE@6.3,8.9,33.1,34.6,38.8,0.0,0,30.14,"Dayton, Dayton, Columbia County",300208,Dayton,2018-05-15 12:22:13.943384
2018-02-20,20:30,23.1,22.3,18.7,88.0,0.0,NE@6.5,8.5,33.1,34.6,38.8,0.0,0,30.14,"Dayton, Dayton, Columbia County",300208,Dayton,2018-05-15 12:22:13.943384
2018-02-20,20:45,23.1,22.4,18.6,87.4,0.0,NE@6.0,7.4,33.1,34.6,38.8,0.0,0,30.14,"Dayton, Dayton, Columbia County",300208,Dayton,2018-05-15 12:22:13.943384
2018-02-20,21:00,23.0,22.3,18.6,87.5,0.0,NE@5.7,7.1,33.1,34.6,38.8,0.0,0,30.15,"Dayton, Dayton, Columbia County",300208,Dayton,2018-05-15 12:22:13.943384
2018-02-20,21:15,22.9,22.1,18.6,88.2,0.0,NE@6.1,7.8,33.1,34.6,38.8,0.0,0,30.15,"Dayton, Dayton, Columbia County",300208,Dayton,2018-05-15 12:22:13.943384
2018-02-20,21:30,22.8,22.0,18.5,88.3,0.0,NE@6.1,7.8,33.1,34.5,38.8,0.0,0,30.15,"Dayton, Dayton, Columbia County",300208,Dayton,2018-05-15 12:22:13.943384
2018-02-20,21:45,22.8,22.0,18.4,88.1,0.0,NE@5.7,7.4,33.1,34.5,38.8,0.0,0,30.15,"Dayton, Dayton, Columbia County",300208,Dayton,2018-05-15 12:22:13.943384
2018-02-20,22:00,22.7,21.9,18.3,87.7,0.0,NE@5.5,7.1,33.0,34.5,38.8,0.0,0,30.15,"Dayton, Dayton, Columbia County",300208,Dayton,2018-05-15 12:22:13.943384
2018-02-20,22:15,22.6,21.8,18.2,87.9,0.0,NE@5.5,7.4,33.0,34.5,38.8,0.0,0,30.15,"Dayton, Dayton, Columbia County",300208,Dayton,2018-05-15 12:22:13.943384
2018-02-20,22:30,22.4,21.6,17.9,87.5,0.0,NE@5.3,7.8,33.0,34.5,38.8,0.0,0,30.15,"Dayton, Dayton, Columbia County",300208,Dayton,2018-05-15 12:22:13.943384
2018-02-20,22:45,22.3,21.5,17.7,86.9,0.0,NE@5.4,7.8,33.0,34.5,38.8,0.0,0,30.15,"Dayton, Dayton, Columbia County",300208,Dayton,2018-05-15 12:22:13.943384
2018-02-20,23:00,21.7,20.8,17.2,87.9,0.0,E@3.6,5.7,33.0,34.5,38.8,0.0,0,30.15,"Dayton, Dayton, Columbia County",300208,Dayton,2018-05-15 12:22:13.943384
