Date,Time PDT,Air Temp °F, 2<sup>nd</sup> Air Temp °F, Dew Point °F, Rel Hum %, Leaf Wet u., Wind Dir @ Speed mph, Wind Gust mph, 8 in. Soil Tmp °F, Tot Prec in, Solar Rad W/m²,Location,Station ID,Station Name,Download Timestamp
2019-03-02,23:15,26.7,26.5,9.9,50.4,0.0,NE@4.4,8.2,,0.0,0,"Hamilton (WSU Hamilton), Prosser, Benton County",110029,Hamilton,2019-06-26 01:48:13.073858
2019-03-02,23:30,26.6,26.4,9.8,50.3,0.0,NE@3.3,6.4,,0.0,0,"Hamilton (WSU Hamilton), Prosser, Benton County",110029,Hamilton,2019-06-26 01:48:13.073858
2019-03-02,23:45,26.5,26.3,9.8,50.5,0.0,NE@4.5,8.2,,0.0,0,"Hamilton (WSU Hamilton), Prosser, Benton County",110029,Hamilton,2019-06-26 01:48:13.073858
2019-03-02,24:00,26.3,26.1,9.5,50.3,0.0,NE@4.8,8.2,,0.0,0,"Hamilton (WSU Hamilton), Prosser, Benton County",110029,Hamilton,2019-06-26 01:48:13.073858
2019-03-03,00:15,26.3,26.1,9.3,49.8,0.0,NE@7.5,15.3,,0.0,0,"Hamilton (WSU Hamilton), Prosser, Benton County",110029,Hamilton,2019-06-26 01:48:13.073858
2019-03-03,00:30,26.0,25.8,9.1,50.3,0.0,NE@8.1,15.3,,0.0,0,"Hamilton (WSU Hamilton), Prosser, Benton County",110029,Hamilton,2019-06-26 01:48:13.073858
2019-03-03,00:45,25.7,25.5,8.8,50.3,0.0,NE@8.4,17.1,,0.0,0,"Hamilton (WSU Hamilton), Prosser, Benton County",110029,Hamilton,2019-06-26 01:48:13.073858
2019-03-03,01:00,25.4,25.2,8.2,49.6,0.0,NE@7.4,13.5,,0.0,0,"Hamilton (WSU Hamilton), Prosser, Benton County",110029,Hamilton,2019-06-26 01:48:13.073858
2019-03-03,01:15,25.0,24.8,7.3,48.3,0.0,NE@9.1,20.7,,0.0,0,"Hamilton (WSU Hamilton), Prosser, Benton County",110029,Hamilton,2019-06-26 01:48:13.073858
2019-03-03,01:30,24.7,24.5,7.0,48.5,0.0,NE@9.6,18.9,,0.0,0,"Hamilton (WSU Hamilton), Prosser, Benton County",110029,Hamilton,2019-06-26 01:48:13.073858
2019-03-03,01:45,24.5,24.3,6.5,47.8,0.0,NE@8.0,17.1,,0.0,0,"Hamilton (WSU Hamilton), Prosser, Benton County",110029,Hamilton,2019-06-26 01:48:13.073858
2019-03-03,02:00,24.0,23.8,6.1,48.2,0.0,NE@8.6,15.3,,0.0,0,"Hamilton (WSU Hamilton), Prosser, Benton County",110029,Hamilton,2019-06-26 01:48:13.073858
2019-03-03,02:15,23.4,23.2,5.6,48.3,0.0,NE@7.2,15.3,,0.0,0,"Hamilton (WSU Hamilton), Prosser, Benton County",110029,Hamilton,2019-06-26 01:48:13.073858
2019-03-03,02:30,22.7,22.5,5.5,49.9,0.0,NE@7.5,17.1,,0.0,0,"Hamilton (WSU Hamilton), Prosser, Benton County",110029,Hamilton,2019-06-26 01:48:13.073858
2019-03-03,02:45,22.6,22.4,4.6,48.1,0.0,NE@8.3,13.5,,0.0,0,"Hamilton (WSU Hamilton), Prosser, Benton County",110029,Hamilton,2019-06-26 01:48:13.073858
2019-03-03,03:00,22.1,21.9,4.4,48.8,0.0,NE@6.7,13.5,,0.0,0,"Hamilton (WSU Hamilton), Prosser, Benton County",110029,Hamilton,2019-06-26 01:48:13.073858
2019-03-03,03:15,21.9,21.7,4.5,49.5,0.0,NE@6.8,15.3,,0.0,0,"Hamilton (WSU Hamilton), Prosser, Benton County",110029,Hamilton,2019-06-26 01:48:13.073858
2019-03-03,03:30,21.9,21.7,4.5,49.4,0.0,NE@7.8,18.9,,0.0,0,"Hamilton (WSU Hamilton), Prosser, Benton County",110029,Hamilton,2019-06-26 01:48:13.073858
2019-03-03,03:45,21.9,21.7,4.4,49.2,0.0,NE@6.8,15.3,,0.0,0,"Hamilton (WSU Hamilton), Prosser, Benton County",110029,Hamilton,2019-06-26 01:48:13.073858
2019-03-03,04:00,22.0,21.8,4.5,49.1,0.0,NE@5.3,13.5,,0.0,0,"Hamilton (WSU Hamilton), Prosser, Benton County",110029,Hamilton,2019-06-26 01:48:13.073858
2019-03-03,04:15,21.8,21.7,4.3,49.1,0.0,NE@7.4,15.3,,0.0,0,"Hamilton (WSU Hamilton), Prosser, Benton County",110029,Hamilton,2019-06-26 01:48:13.073858
2019-03-03,04:30,21.6,21.4,4.7,50.5,0.0,NE@6.4,13.5,,0.0,0,"Hamilton (WSU Hamilton), Prosser, Benton County",110029,Hamilton,2019-06-26 01:48:13.073858
2019-03-03,04:45,21.6,21.4,4.5,50.1,0.0,NE@6.9,17.1,,0.0,0,"Hamilton (WSU Hamilton), Prosser, Benton County",110029,Hamilton,2019-06-26 01:48:13.073858
2019-03-03,05:00,21.6,21.4,4.3,49.6,0.0,NE@5.1,9.9,,0.0,0,"Hamilton (WSU Hamilton), Prosser, Benton County",110029,Hamilton,2019-06-26 01:48:13.073858
2019-03-03,05:15,21.8,21.6,4.3,49.1,0.0,NE@4.5,11.7,,0.0,0,"Hamilton (WSU Hamilton), Prosser, Benton County",110029,Hamilton,2019-06-26 01:48:13.073858
2019-03-03,05:30,21.7,21.5,3.8,48.2,0.0,NE@3.8,9.9,,0.0,0,"Hamilton (WSU Hamilton), Prosser, Benton County",110029,Hamilton,2019-06-26 01:48:13.073858
2019-03-03,05:45,21.6,21.3,3.5,48.0,0.0,NE@4.2,15.3,,0.0,0,"Hamilton (WSU Hamilton), Prosser, Benton County",110029,Hamilton,2019-06-26 01:48:13.073858
2019-03-03,06:00,21.5,21.3,3.9,48.8,0.0,NE@3.9,9.9,,0.0,0,"Hamilton (WSU Hamilton), Prosser, Benton County",110029,Hamilton,2019-06-26 01:48:13.073858
2019-03-03,06:15,21.3,21.0,3.3,48.1,0.0,NE@2.5,6.4,,0.0,0,"Hamilton (WSU Hamilton), Prosser, Benton County",110029,Hamilton,2019-06-26 01:48:13.073858
2019-03-03,06:30,20.6,20.4,3.9,51.0,0.0,E@0.6,4.6,,0.0,1,"Hamilton (WSU Hamilton), Prosser, Benton County",110029,Hamilton,2019-06-26 01:48:13.073858
2019-03-03,06:45,20.6,20.4,3.8,50.7,0.0,NE@5.6,13.5,,0.0,6,"Hamilton (WSU Hamilton), Prosser, Benton County",110029,Hamilton,2019-06-26 01:48:13.073858
2019-03-03,07:00,20.7,20.5,3.5,50.0,0.0,E@8.1,15.3,,0.0,17,"Hamilton (WSU Hamilton), Prosser, Benton County",110029,Hamilton,2019-06-26 01:48:13.073858
2019-03-03,07:15,20.8,20.6,3.0,48.5,0.0,NE@6.5,13.5,,0.0,35,"Hamilton (WSU Hamilton), Prosser, Benton County",110029,Hamilton,2019-06-26 01:48:13.073858
2019-03-03,07:30,21.0,20.7,3.0,48.1,0.0,NE@3.3,6.4,,0.0,59,"Hamilton (WSU Hamilton), Prosser, Benton County",110029,Hamilton,2019-06-26 01:48:13.073858
2019-03-03,07:45,21.3,21.0,3.1,47.8,0.0,E@3.1,8.2,,0.0,86,"Hamilton (WSU Hamilton), Prosser, Benton County",110029,Hamilton,2019-06-26 01:48:13.073858
2019-03-03,08:00,21.4,21.1,3.0,47.3,0.0,NE@3.0,8.2,,0.0,119,"Hamilton (WSU Hamilton), Prosser, Benton County",110029,Hamilton,2019-06-26 01:48:13.073858
2019-03-03,08:15,21.7,21.3,2.4,45.4,0.0,S@3.5,9.9,,0.0,157,"Hamilton (WSU Hamilton), Prosser, Benton County",110029,Hamilton,2019-06-26 01:48:13.073858
2019-03-03,08:30,22.1,21.8,2.8,45.1,0.0,NE@2.8,9.9,,0.0,187,"Hamilton (WSU Hamilton), Prosser, Benton County",110029,Hamilton,2019-06-26 01:48:13.073858
2019-03-03,08:45,22.1,21.8,2.4,44.4,0.0,NE@3.8,13.5,,0.0,220,"Hamilton (WSU Hamilton), Prosser, Benton County",110029,Hamilton,2019-06-26 01:48:13.073858
2019-03-03,09:00,22.3,21.9,2.4,44.1,0.0,E@3.6,8.2,,0.0,259,"Hamilton (WSU Hamilton), Prosser, Benton County",110029,Hamilton,2019-06-26 01:48:13.073858
2019-03-03,09:15,22.6,22.4,1.9,42.3,0.0,NE@5.8,15.3,,0.0,289,"Hamilton (WSU Hamilton), Prosser, Benton County",110029,Hamilton,2019-06-26 01:48:13.073858
2019-03-03,09:30,22.1,21.8,2.1,43.9,0.0,NE@8.2,15.3,,0.0,333,"Hamilton (WSU Hamilton), Prosser, Benton County",110029,Hamilton,2019-06-26 01:48:13.073858
2019-03-03,09:45,22.6,22.3,1.8,42.2,0.0,NE@8.0,17.1,,0.0,372,"Hamilton (WSU Hamilton), Prosser, Benton County",110029,Hamilton,2019-06-26 01:48:13.073858
2019-03-03,10:00,22.2,21.9,1.7,42.8,0.0,N@8.1,18.9,,0.0,407,"Hamilton (WSU Hamilton), Prosser, Benton County",110029,Hamilton,2019-06-26 01:48:13.073858
2019-03-03,10:15,22.6,22.2,1.9,42.5,0.0,NE@6.6,13.5,,0.0,439,"Hamilton (WSU Hamilton), Prosser, Benton County",110029,Hamilton,2019-06-26 01:48:13.073858
2019-03-03,10:30,23.5,23.1,2.1,40.9,0.0,NE@5.3,9.9,,0.0,484,"Hamilton (WSU Hamilton), Prosser, Benton County",110029,Hamilton,2019-06-26 01:48:13.073858
2019-03-03,10:45,23.9,23.5,2.2,40.4,0.0,E@5.5,9.9,,0.0,512,"Hamilton (WSU Hamilton), Prosser, Benton County",110029,Hamilton,2019-06-26 01:48:13.073858
2019-03-03,11:00,24.8,24.5,2.8,39.7,0.0,NE@4.8,9.9,,0.0,596,"Hamilton (WSU Hamilton), Prosser, Benton County",110029,Hamilton,2019-06-26 01:48:13.073858
2019-03-03,11:15,25.0,24.6,2.9,39.6,0.0,NE@6.4,13.5,,0.0,603,"Hamilton (WSU Hamilton), Prosser, Benton County",110029,Hamilton,2019-06-26 01:48:13.073858
2019-03-03,11:30,25.1,25.1,3.1,39.8,0.0,N@7.5,13.5,,0.0,581,"Hamilton (WSU Hamilton), Prosser, Benton County",110029,Hamilton,2019-06-26 01:48:13.073858
2019-03-03,11:45,25.9,25.1,3.2,38.4,0.0,W@3.9,8.2,,0.0,617,"Hamilton (WSU Hamilton), Prosser, Benton County",110029,Hamilton,2019-06-26 01:48:13.073858
2019-03-03,12:00,26.5,26.3,3.3,37.7,0.0,N@4.4,8.2,,0.0,631,"Hamilton (WSU Hamilton), Prosser, Benton County",110029,Hamilton,2019-06-26 01:48:13.073858
2019-03-03,12:15,26.3,25.9,2.9,37.2,0.0,NE@4.2,8.2,,0.0,701,"Hamilton (WSU Hamilton), Prosser, Benton County",110029,Hamilton,2019-06-26 01:48:13.073858
2019-03-03,12:30,29.0,28.4,5.3,36.7,0.0,N@1.9,6.4,,0.0,556,"Hamilton (WSU Hamilton), Prosser, Benton County",110029,Hamilton,2019-06-26 01:48:13.073858
2019-03-03,12:45,28.1,27.2,3.4,35.1,0.0,NW@5.2,11.7,,0.0,532,"Hamilton (WSU Hamilton), Prosser, Benton County",110029,Hamilton,2019-06-26 01:48:13.073858
2019-03-03,13:00,25.4,25.0,2.7,38.4,0.0,NE@7.9,15.3,,0.0,649,"Hamilton (WSU Hamilton), Prosser, Benton County",110029,Hamilton,2019-06-26 01:48:13.073858
2019-03-03,13:15,27.2,26.4,3.7,37.1,0.0,NW@5.4,15.3,,0.0,639,"Hamilton (WSU Hamilton), Prosser, Benton County",110029,Hamilton,2019-06-26 01:48:13.073858
2019-03-03,13:30,27.1,26.6,2.9,35.8,0.0,N@5.0,8.2,,0.0,628,"Hamilton (WSU Hamilton), Prosser, Benton County",110029,Hamilton,2019-06-26 01:48:13.073858
2019-03-03,13:45,27.8,27.4,3.6,35.9,0.0,N@5.4,11.7,,0.0,612,"Hamilton (WSU Hamilton), Prosser, Benton County",110029,Hamilton,2019-06-26 01:48:13.073858
2019-03-03,14:00,28.1,28.4,2.8,34.2,0.0,N@4.5,9.9,,0.0,586,"Hamilton (WSU Hamilton), Prosser, Benton County",110029,Hamilton,2019-06-26 01:48:13.073858
2019-03-03,14:15,26.5,26.0,2.7,36.7,0.0,NE@6.0,11.7,,0.0,560,"Hamilton (WSU Hamilton), Prosser, Benton County",110029,Hamilton,2019-06-26 01:48:13.073858
2019-03-03,14:30,26.1,25.7,2.6,37.2,0.0,NE@7.6,13.5,,0.0,533,"Hamilton (WSU Hamilton), Prosser, Benton County",110029,Hamilton,2019-06-26 01:48:13.073858
2019-03-03,14:45,25.6,25.1,2.2,37.4,0.0,NE@8.3,15.3,,0.0,503,"Hamilton (WSU Hamilton), Prosser, Benton County",110029,Hamilton,2019-06-26 01:48:13.073858
2019-03-03,15:00,26.0,25.7,3.0,38.1,0.0,N@7.9,13.5,,0.0,471,"Hamilton (WSU Hamilton), Prosser, Benton County",110029,Hamilton,2019-06-26 01:48:13.073858
2019-03-03,15:15,26.8,26.7,3.7,37.8,0.0,N@4.7,9.9,,0.0,436,"Hamilton (WSU Hamilton), Prosser, Benton County",110029,Hamilton,2019-06-26 01:48:13.073858
2019-03-03,15:30,26.5,26.2,3.5,38.1,0.0,E@4.9,11.7,,0.0,398,"Hamilton (WSU Hamilton), Prosser, Benton County",110029,Hamilton,2019-06-26 01:48:13.073858
2019-03-03,15:45,25.8,25.5,3.2,38.6,0.0,E@5.2,9.9,,0.0,360,"Hamilton (WSU Hamilton), Prosser, Benton County",110029,Hamilton,2019-06-26 01:48:13.073858
2019-03-03,16:00,27.5,27.3,3.4,36.1,0.0,N@4.1,9.9,,0.0,318,"Hamilton (WSU Hamilton), Prosser, Benton County",110029,Hamilton,2019-06-26 01:48:13.073858
2019-03-03,16:15,27.4,27.3,2.9,35.6,0.0,N@3.1,9.9,,0.0,275,"Hamilton (WSU Hamilton), Prosser, Benton County",110029,Hamilton,2019-06-26 01:48:13.073858
2019-03-03,16:30,27.1,27.0,2.4,35.1,0.0,SW@2.0,4.6,,0.0,232,"Hamilton (WSU Hamilton), Prosser, Benton County",110029,Hamilton,2019-06-26 01:48:13.073858
2019-03-03,16:45,25.7,25.3,2.9,38.3,0.0,SW@2.7,4.6,,0.0,171,"Hamilton (WSU Hamilton), Prosser, Benton County",110029,Hamilton,2019-06-26 01:48:13.073858
2019-03-03,17:00,24.7,24.4,1.4,37.6,0.0,SE@3.1,4.6,,0.0,51,"Hamilton (WSU Hamilton), Prosser, Benton County",110029,Hamilton,2019-06-26 01:48:13.073858
2019-03-03,17:15,23.7,23.5,0.4,37.5,0.0,E@4.4,9.9,,0.0,24,"Hamilton (WSU Hamilton), Prosser, Benton County",110029,Hamilton,2019-06-26 01:48:13.073858
2019-03-03,17:30,23.3,23.1,0.6,38.4,0.0,NE@4.2,8.2,,0.0,18,"Hamilton (WSU Hamilton), Prosser, Benton County",110029,Hamilton,2019-06-26 01:48:13.073858
2019-03-03,17:45,23.0,22.7,0.7,39.4,0.0,N@5.0,9.9,,0.0,10,"Hamilton (WSU Hamilton), Prosser, Benton County",110029,Hamilton,2019-06-26 01:48:13.073858
2019-03-03,18:00,22.4,21.8,1.0,41.1,0.0,N@3.7,6.4,,0.0,3,"Hamilton (WSU Hamilton), Prosser, Benton County",110029,Hamilton,2019-06-26 01:48:13.073858
2019-03-03,18:15,21.5,20.9,0.7,42.1,0.0,NW@2.7,4.6,,0.0,0,"Hamilton (WSU Hamilton), Prosser, Benton County",110029,Hamilton,2019-06-26 01:48:13.073858
2019-03-03,18:30,21.5,21.0,1.1,43.0,0.0,N@2.3,4.6,,0.0,0,"Hamilton (WSU Hamilton), Prosser, Benton County",110029,Hamilton,2019-06-26 01:48:13.073858
2019-03-03,18:45,21.0,20.5,0.8,43.4,0.0,N@3.6,6.4,,0.0,0,"Hamilton (WSU Hamilton), Prosser, Benton County",110029,Hamilton,2019-06-26 01:48:13.073858
2019-03-03,19:00,20.9,20.4,1.0,43.9,0.0,N@4.8,6.4,,0.0,0,"Hamilton (WSU Hamilton), Prosser, Benton County",110029,Hamilton,2019-06-26 01:48:13.073858
2019-03-03,19:15,20.7,20.3,1.0,44.4,0.0,N@4.0,6.4,,0.0,0,"Hamilton (WSU Hamilton), Prosser, Benton County",110029,Hamilton,2019-06-26 01:48:13.073858
2019-03-03,19:30,20.0,19.6,1.4,46.8,0.0,N@3.4,4.6,,0.0,0,"Hamilton (WSU Hamilton), Prosser, Benton County",110029,Hamilton,2019-06-26 01:48:13.073858
2019-03-03,19:45,20.5,20.1,1.8,46.5,0.0,N@4.1,6.4,,0.0,0,"Hamilton (WSU Hamilton), Prosser, Benton County",110029,Hamilton,2019-06-26 01:48:13.073858
2019-03-03,20:00,19.2,18.8,2.7,51.6,0.0,N@4.5,6.4,,0.0,0,"Hamilton (WSU Hamilton), Prosser, Benton County",110029,Hamilton,2019-06-26 01:48:13.073858
2019-03-03,20:15,18.0,17.6,2.9,55.2,0.0,N@4.5,6.4,,0.0,0,"Hamilton (WSU Hamilton), Prosser, Benton County",110029,Hamilton,2019-06-26 01:48:13.073858
2019-03-03,20:30,17.1,16.7,3.1,58.0,0.0,NW@3.6,6.4,,0.0,0,"Hamilton (WSU Hamilton), Prosser, Benton County",110029,Hamilton,2019-06-26 01:48:13.073858
2019-03-03,20:45,16.4,16.0,3.0,59.8,0.0,NW@2.6,4.6,,0.0,0,"Hamilton (WSU Hamilton), Prosser, Benton County",110029,Hamilton,2019-06-26 01:48:13.073858
2019-03-03,21:00,14.8,14.4,2.1,61.8,0.0,NW@1.0,4.6,,0.0,0,"Hamilton (WSU Hamilton), Prosser, Benton County",110029,Hamilton,2019-06-26 01:48:13.073858
2019-03-03,21:15,15.8,15.3,3.4,62.6,0.0,NW@2.9,4.6,,0.0,0,"Hamilton (WSU Hamilton), Prosser, Benton County",110029,Hamilton,2019-06-26 01:48:13.073858
2019-03-03,21:30,15.3,14.8,3.2,63.6,0.0,NW@2.9,4.6,,0.0,0,"Hamilton (WSU Hamilton), Prosser, Benton County",110029,Hamilton,2019-06-26 01:48:13.073858
2019-03-03,21:45,14.2,13.7,2.7,65.6,0.0,NW@2.5,4.6,,0.0,0,"Hamilton (WSU Hamilton), Prosser, Benton County",110029,Hamilton,2019-06-26 01:48:13.073858
2019-03-03,22:00,12.2,11.9,1.0,66.5,0.0,NW@1.0,4.6,,0.0,0,"Hamilton (WSU Hamilton), Prosser, Benton County",110029,Hamilton,2019-06-26 01:48:13.073858
2019-03-03,22:15,12.4,12.2,2.1,69.6,0.0,W@2.8,6.4,,0.0,0,"Hamilton (WSU Hamilton), Prosser, Benton County",110029,Hamilton,2019-06-26 01:48:13.073858
2019-03-03,22:30,12.5,12.2,2.2,69.8,0.0,W@2.7,6.4,,0.0,0,"Hamilton (WSU Hamilton), Prosser, Benton County",110029,Hamilton,2019-06-26 01:48:13.073858
2019-03-03,22:45,11.8,11.5,1.7,70.5,0.0,W@1.9,4.6,,0.0,0,"Hamilton (WSU Hamilton), Prosser, Benton County",110029,Hamilton,2019-06-26 01:48:13.073858
2019-03-03,23:00,11.5,11.2,1.6,71.0,0.0,W@3.2,4.6,,0.0,0,"Hamilton (WSU Hamilton), Prosser, Benton County",110029,Hamilton,2019-06-26 01:48:13.073858
2019-03-03,23:15,11.2,10.8,1.4,71.5,0.0,NW@2.6,4.6,,0.0,0,"Hamilton (WSU Hamilton), Prosser, Benton County",110029,Hamilton,2019-06-26 01:48:13.073858
2019-03-03,23:30,11.5,11.0,1.9,71.8,0.0,NW@3.3,4.6,,0.0,0,"Hamilton (WSU Hamilton), Prosser, Benton County",110029,Hamilton,2019-06-26 01:48:13.073858
2019-03-03,23:45,11.7,11.3,1.8,70.8,0.0,NW@3.2,6.4,,0.0,0,"Hamilton (WSU Hamilton), Prosser, Benton County",110029,Hamilton,2019-06-26 01:48:13.073858
2019-03-03,24:00,11.7,11.3,1.8,70.9,0.0,NW@2.8,4.6,,0.0,0,"Hamilton (WSU Hamilton), Prosser, Benton County",110029,Hamilton,2019-06-26 01:48:13.073858
2019-03-04,00:15,11.6,11.3,1.8,71.1,0.0,NW@3.4,6.4,,0.0,0,"Hamilton (WSU Hamilton), Prosser, Benton County",110029,Hamilton,2019-06-26 01:48:13.073858
2019-03-04,00:30,11.1,10.6,1.4,71.8,0.0,N@2.3,4.6,,0.0,0,"Hamilton (WSU Hamilton), Prosser, Benton County",110029,Hamilton,2019-06-26 01:48:13.073858
2019-03-04,00:45,11.0,10.5,1.4,72.0,0.0,N@2.4,4.6,,0.0,0,"Hamilton (WSU Hamilton), Prosser, Benton County",110029,Hamilton,2019-06-26 01:48:13.073858
2019-03-04,01:00,10.0,9.7,0.4,72.1,0.0,W@2.3,6.4,,0.0,0,"Hamilton (WSU Hamilton), Prosser, Benton County",110029,Hamilton,2019-06-26 01:48:13.073858
2019-03-04,01:15,10.1,9.9,0.6,72.4,0.0,NW@3.0,6.4,,0.0,0,"Hamilton (WSU Hamilton), Prosser, Benton County",110029,Hamilton,2019-06-26 01:48:13.073858
2019-03-04,01:30,10.0,9.7,0.5,72.7,0.0,NW@2.8,4.6,,0.0,0,"Hamilton (WSU Hamilton), Prosser, Benton County",110029,Hamilton,2019-06-26 01:48:13.073858
2019-03-04,01:45,9.8,9.6,0.2,72.2,0.0,W@2.9,4.6,,0.0,0,"Hamilton (WSU Hamilton), Prosser, Benton County",110029,Hamilton,2019-06-26 01:48:13.073858
2019-03-04,02:00,9.5,9.2,0.2,73.6,0.0,NW@2.0,4.6,,0.0,0,"Hamilton (WSU Hamilton), Prosser, Benton County",110029,Hamilton,2019-06-26 01:48:13.073858
2019-03-04,02:15,9.4,9.2,0.1,73.3,0.0,W@2.1,4.6,,0.0,0,"Hamilton (WSU Hamilton), Prosser, Benton County",110029,Hamilton,2019-06-26 01:48:13.073858
2019-03-04,02:30,10.2,9.8,0.7,72.6,0.0,NW@2.5,4.6,,0.0,0,"Hamilton (WSU Hamilton), Prosser, Benton County",110029,Hamilton,2019-06-26 01:48:13.073858
2019-03-04,02:45,10.4,10.0,0.5,71.3,0.0,N@2.1,6.4,,0.0,0,"Hamilton (WSU Hamilton), Prosser, Benton County",110029,Hamilton,2019-06-26 01:48:13.073858
2019-03-04,03:00,8.3,8.0,-1.0,73.5,0.0,N@2.1,4.6,,0.0,0,"Hamilton (WSU Hamilton), Prosser, Benton County",110029,Hamilton,2019-06-26 01:48:13.073858
2019-03-04,03:15,8.4,8.1,-0.8,73.9,0.0,W@2.5,6.4,,0.0,0,"Hamilton (WSU Hamilton), Prosser, Benton County",110029,Hamilton,2019-06-26 01:48:13.073858
2019-03-04,03:30,9.4,9.2,0.2,73.6,0.0,N@2.7,6.4,,0.0,0,"Hamilton (WSU Hamilton), Prosser, Benton County",110029,Hamilton,2019-06-26 01:48:13.073858
2019-03-04,03:45,8.7,8.4,-0.9,72.4,0.0,N@3.4,6.4,,0.0,0,"Hamilton (WSU Hamilton), Prosser, Benton County",110029,Hamilton,2019-06-26 01:48:13.073858
2019-03-04,04:00,8.1,7.7,-1.0,74.0,0.0,N@2.3,4.6,,0.0,0,"Hamilton (WSU Hamilton), Prosser, Benton County",110029,Hamilton,2019-06-26 01:48:13.073858
2019-03-04,04:15,8.1,7.7,-1.0,74.0,0.0,NW@2.0,6.4,,0.0,0,"Hamilton (WSU Hamilton), Prosser, Benton County",110029,Hamilton,2019-06-26 01:48:13.073858
2019-03-04,04:30,9.0,8.6,0.1,74.9,0.0,N@3.0,6.4,,0.0,0,"Hamilton (WSU Hamilton), Prosser, Benton County",110029,Hamilton,2019-06-26 01:48:13.073858
2019-03-04,04:45,10.7,10.3,1.2,72.3,0.0,NW@2.6,4.6,,0.0,0,"Hamilton (WSU Hamilton), Prosser, Benton County",110029,Hamilton,2019-06-26 01:48:13.073858
2019-03-04,05:00,11.3,11.0,1.0,69.8,0.0,NW@3.2,6.4,,0.0,0,"Hamilton (WSU Hamilton), Prosser, Benton County",110029,Hamilton,2019-06-26 01:48:13.073858
2019-03-04,05:15,11.7,11.3,1.2,69.1,0.0,NW@2.8,4.6,,0.0,0,"Hamilton (WSU Hamilton), Prosser, Benton County",110029,Hamilton,2019-06-26 01:48:13.073858
2019-03-04,05:30,12.1,11.9,1.4,68.4,0.0,NW@3.5,6.4,,0.0,0,"Hamilton (WSU Hamilton), Prosser, Benton County",110029,Hamilton,2019-06-26 01:48:13.073858
2019-03-04,05:45,12.6,12.3,1.6,67.2,0.0,W@3.7,6.4,,0.0,0,"Hamilton (WSU Hamilton), Prosser, Benton County",110029,Hamilton,2019-06-26 01:48:13.073858
2019-03-04,06:00,10.9,10.6,1.3,72.3,0.0,E@0.9,4.6,,0.0,0,"Hamilton (WSU Hamilton), Prosser, Benton County",110029,Hamilton,2019-06-26 01:48:13.073858
2019-03-04,06:15,11.2,10.9,1.8,72.6,0.0,E@2.5,4.6,,0.0,0,"Hamilton (WSU Hamilton), Prosser, Benton County",110029,Hamilton,2019-06-26 01:48:13.073858
2019-03-04,06:30,11.4,11.2,1.7,71.5,0.0,NE@1.1,4.6,,0.0,1,"Hamilton (WSU Hamilton), Prosser, Benton County",110029,Hamilton,2019-06-26 01:48:13.073858
2019-03-04,06:45,11.5,11.2,1.6,71.0,0.0,E@0.5,2.8,,0.0,6,"Hamilton (WSU Hamilton), Prosser, Benton County",110029,Hamilton,2019-06-26 01:48:13.073858
2019-03-04,07:00,12.3,12.0,2.0,69.7,0.0,E@2.4,4.6,,0.0,18,"Hamilton (WSU Hamilton), Prosser, Benton County",110029,Hamilton,2019-06-26 01:48:13.073858
2019-03-04,07:15,13.0,12.7,2.1,67.5,0.0,E@1.3,4.6,,0.0,36,"Hamilton (WSU Hamilton), Prosser, Benton County",110029,Hamilton,2019-06-26 01:48:13.073858
2019-03-04,07:30,13.7,13.4,2.5,66.5,0.0,N@0.0,0.0,,0.0,60,"Hamilton (WSU Hamilton), Prosser, Benton County",110029,Hamilton,2019-06-26 01:48:13.073858
2019-03-04,07:45,15.0,14.5,3.1,64.4,0.0,W@1.3,6.4,,0.0,88,"Hamilton (WSU Hamilton), Prosser, Benton County",110029,Hamilton,2019-06-26 01:48:13.073858
2019-03-04,08:00,16.2,15.8,2.1,57.8,0.0,SE@2.9,4.6,,0.0,124,"Hamilton (WSU Hamilton), Prosser, Benton County",110029,Hamilton,2019-06-26 01:48:13.073858
2019-03-04,08:15,16.5,16.1,1.9,56.7,0.0,SE@4.2,6.4,,0.0,163,"Hamilton (WSU Hamilton), Prosser, Benton County",110029,Hamilton,2019-06-26 01:48:13.073858
2019-03-04,08:30,16.9,16.5,1.9,55.6,0.0,E@4.0,6.4,,0.0,189,"Hamilton (WSU Hamilton), Prosser, Benton County",110029,Hamilton,2019-06-26 01:48:13.073858
2019-03-04,08:45,17.3,16.9,2.2,55.3,0.0,E@3.6,6.4,,0.0,210,"Hamilton (WSU Hamilton), Prosser, Benton County",110029,Hamilton,2019-06-26 01:48:13.073858
2019-03-04,09:00,17.7,17.3,2.4,54.8,0.0,E@3.5,6.4,,0.0,236,"Hamilton (WSU Hamilton), Prosser, Benton County",110029,Hamilton,2019-06-26 01:48:13.073858
2019-03-04,09:15,19.0,18.6,3.2,53.3,0.0,E@2.0,4.6,,0.0,271,"Hamilton (WSU Hamilton), Prosser, Benton County",110029,Hamilton,2019-06-26 01:48:13.073858
2019-03-04,09:30,18.9,18.3,2.5,51.9,0.0,SE@3.3,6.4,,0.0,282,"Hamilton (WSU Hamilton), Prosser, Benton County",110029,Hamilton,2019-06-26 01:48:13.073858
2019-03-04,09:45,18.7,18.1,2.7,52.9,0.0,SE@4.1,9.9,,0.0,294,"Hamilton (WSU Hamilton), Prosser, Benton County",110029,Hamilton,2019-06-26 01:48:13.073858
2019-03-04,10:00,18.9,18.4,3.5,54.3,0.0,SE@5.3,9.9,,0.0,323,"Hamilton (WSU Hamilton), Prosser, Benton County",110029,Hamilton,2019-06-26 01:48:13.073858
2019-03-04,10:15,19.3,18.8,4.2,55.0,0.0,SE@5.1,8.2,,0.0,351,"Hamilton (WSU Hamilton), Prosser, Benton County",110029,Hamilton,2019-06-26 01:48:13.073858
2019-03-04,10:30,19.7,19.1,4.0,53.6,0.0,SE@5.7,9.9,,0.0,368,"Hamilton (WSU Hamilton), Prosser, Benton County",110029,Hamilton,2019-06-26 01:48:13.073858
2019-03-04,10:45,19.1,18.5,4.5,56.5,0.0,SE@6.7,9.9,,0.0,364,"Hamilton (WSU Hamilton), Prosser, Benton County",110029,Hamilton,2019-06-26 01:48:13.073858
2019-03-04,11:00,18.2,17.7,4.7,59.5,0.0,E@6.4,11.7,,0.0,371,"Hamilton (WSU Hamilton), Prosser, Benton County",110029,Hamilton,2019-06-26 01:48:13.073858
2019-03-04,11:15,18.2,17.7,4.9,59.9,0.0,SE@6.1,9.9,,0.0,385,"Hamilton (WSU Hamilton), Prosser, Benton County",110029,Hamilton,2019-06-26 01:48:13.073858
2019-03-04,11:30,18.4,17.9,5.4,60.7,0.0,E@6.4,9.9,,0.0,396,"Hamilton (WSU Hamilton), Prosser, Benton County",110029,Hamilton,2019-06-26 01:48:13.073858
2019-03-04,11:45,18.5,18.1,5.6,61.1,0.0,E@6.7,9.9,,0.0,404,"Hamilton (WSU Hamilton), Prosser, Benton County",110029,Hamilton,2019-06-26 01:48:13.073858
2019-03-04,12:00,19.4,18.9,6.7,61.4,0.0,E@6.0,9.9,,0.0,418,"Hamilton (WSU Hamilton), Prosser, Benton County",110029,Hamilton,2019-06-26 01:48:13.073858
2019-03-04,12:15,19.7,19.1,7.0,61.5,0.0,E@6.5,9.9,,0.0,451,"Hamilton (WSU Hamilton), Prosser, Benton County",110029,Hamilton,2019-06-26 01:48:13.073858
2019-03-04,12:30,20.1,19.6,7.6,61.9,0.0,E@6.4,8.2,,0.0,478,"Hamilton (WSU Hamilton), Prosser, Benton County",110029,Hamilton,2019-06-26 01:48:13.073858
2019-03-04,12:45,20.8,20.3,8.2,61.4,0.0,E@6.2,9.9,,0.0,477,"Hamilton (WSU Hamilton), Prosser, Benton County",110029,Hamilton,2019-06-26 01:48:13.073858
2019-03-04,13:00,21.5,20.9,8.6,60.7,0.0,E@6.6,9.9,,0.0,474,"Hamilton (WSU Hamilton), Prosser, Benton County",110029,Hamilton,2019-06-26 01:48:13.073858
2019-03-04,13:15,21.8,21.2,8.8,60.5,0.0,E@6.3,9.9,,0.0,476,"Hamilton (WSU Hamilton), Prosser, Benton County",110029,Hamilton,2019-06-26 01:48:13.073858
2019-03-04,13:30,21.9,21.3,8.7,59.7,0.0,SE@7.2,11.7,,0.0,489,"Hamilton (WSU Hamilton), Prosser, Benton County",110029,Hamilton,2019-06-26 01:48:13.073858
2019-03-04,13:45,21.9,21.3,8.6,59.6,0.0,SE@7.2,11.7,,0.0,448,"Hamilton (WSU Hamilton), Prosser, Benton County",110029,Hamilton,2019-06-26 01:48:13.073858
2019-03-04,14:00,22.2,21.7,8.9,59.6,0.0,E@6.4,9.9,,0.0,409,"Hamilton (WSU Hamilton), Prosser, Benton County",110029,Hamilton,2019-06-26 01:48:13.073858
2019-03-04,14:15,22.5,22.0,9.1,59.4,0.0,E@6.0,8.2,,0.0,389,"Hamilton (WSU Hamilton), Prosser, Benton County",110029,Hamilton,2019-06-26 01:48:13.073858
2019-03-04,14:30,22.7,22.2,9.1,58.5,0.0,E@5.6,9.9,,0.0,371,"Hamilton (WSU Hamilton), Prosser, Benton County",110029,Hamilton,2019-06-26 01:48:13.073858
2019-03-04,14:45,23.0,22.5,8.8,57.0,0.0,SE@5.9,8.2,,0.0,361,"Hamilton (WSU Hamilton), Prosser, Benton County",110029,Hamilton,2019-06-26 01:48:13.073858
2019-03-04,15:00,23.4,22.9,9.0,56.4,0.0,SE@6.0,9.9,,0.0,326,"Hamilton (WSU Hamilton), Prosser, Benton County",110029,Hamilton,2019-06-26 01:48:13.073858
2019-03-04,15:15,23.5,23.0,8.8,55.7,0.0,SE@5.8,9.9,,0.0,292,"Hamilton (WSU Hamilton), Prosser, Benton County",110029,Hamilton,2019-06-26 01:48:13.073858
2019-03-04,15:30,23.6,23.2,9.1,56.0,0.0,SE@5.0,8.2,,0.0,259,"Hamilton (WSU Hamilton), Prosser, Benton County",110029,Hamilton,2019-06-26 01:48:13.073858
2019-03-04,15:45,23.7,23.3,8.8,55.1,0.0,SE@4.4,6.4,,0.0,216,"Hamilton (WSU Hamilton), Prosser, Benton County",110029,Hamilton,2019-06-26 01:48:13.073858
2019-03-04,16:00,24.2,23.7,9.0,54.4,0.0,SE@2.1,4.6,,0.0,180,"Hamilton (WSU Hamilton), Prosser, Benton County",110029,Hamilton,2019-06-26 01:48:13.073858
2019-03-04,16:15,24.0,23.5,8.7,54.3,0.0,SE@3.4,6.4,,0.0,151,"Hamilton (WSU Hamilton), Prosser, Benton County",110029,Hamilton,2019-06-26 01:48:13.073858
2019-03-04,16:30,23.9,23.4,8.6,54.1,0.0,SE@2.6,4.6,,0.0,121,"Hamilton (WSU Hamilton), Prosser, Benton County",110029,Hamilton,2019-06-26 01:48:13.073858
2019-03-04,16:45,23.8,23.4,8.4,53.8,0.0,SE@2.1,4.6,,0.0,93,"Hamilton (WSU Hamilton), Prosser, Benton County",110029,Hamilton,2019-06-26 01:48:13.073858
2019-03-04,17:00,23.8,23.5,8.1,53.1,0.0,SE@0.3,2.8,,0.0,68,"Hamilton (WSU Hamilton), Prosser, Benton County",110029,Hamilton,2019-06-26 01:48:13.073858
2019-03-04,17:15,23.9,23.6,8.1,53.0,0.0,SE@0.2,2.8,,0.0,47,"Hamilton (WSU Hamilton), Prosser, Benton County",110029,Hamilton,2019-06-26 01:48:13.073858
2019-03-04,17:30,23.5,23.2,7.8,53.3,0.0,N@0.0,0.0,,0.0,27,"Hamilton (WSU Hamilton), Prosser, Benton County",110029,Hamilton,2019-06-26 01:48:13.073858
2019-03-04,17:45,23.1,22.8,7.7,54.2,0.0,N@0.0,0.0,,0.0,12,"Hamilton (WSU Hamilton), Prosser, Benton County",110029,Hamilton,2019-06-26 01:48:13.073858
2019-03-04,18:00,22.8,22.5,7.7,54.8,0.0,N@0.0,0.0,,0.0,4,"Hamilton (WSU Hamilton), Prosser, Benton County",110029,Hamilton,2019-06-26 01:48:13.073858
2019-03-04,18:15,22.0,21.6,8.4,58.6,0.0,N@0.0,0.0,,0.0,0,"Hamilton (WSU Hamilton), Prosser, Benton County",110029,Hamilton,2019-06-26 01:48:13.073858
2019-03-04,18:30,21.8,21.3,8.6,59.9,0.0,N@0.2,2.8,,0.0,0,"Hamilton (WSU Hamilton), Prosser, Benton County",110029,Hamilton,2019-06-26 01:48:13.073858
2019-03-04,18:45,21.7,21.2,8.4,59.6,0.0,N@1.0,2.8,,0.0,0,"Hamilton (WSU Hamilton), Prosser, Benton County",110029,Hamilton,2019-06-26 01:48:13.073858
2019-03-04,19:00,21.8,21.4,8.8,60.2,0.0,N@0.8,2.8,,0.0,0,"Hamilton (WSU Hamilton), Prosser, Benton County",110029,Hamilton,2019-06-26 01:48:13.073858
2019-03-04,19:15,20.9,20.5,8.4,61.9,0.0,N@1.2,2.8,,0.0,0,"Hamilton (WSU Hamilton), Prosser, Benton County",110029,Hamilton,2019-06-26 01:48:13.073858
2019-03-04,19:30,20.8,20.4,8.5,62.4,0.0,NE@1.3,2.8,,0.0,0,"Hamilton (WSU Hamilton), Prosser, Benton County",110029,Hamilton,2019-06-26 01:48:13.073858
2019-03-04,19:45,19.8,19.4,8.1,64.3,0.0,N@0.6,2.8,,0.0,0,"Hamilton (WSU Hamilton), Prosser, Benton County",110029,Hamilton,2019-06-26 01:48:13.073858
2019-03-04,20:00,20.0,19.6,8.9,66.1,0.0,N@0.0,0.0,,0.0,0,"Hamilton (WSU Hamilton), Prosser, Benton County",110029,Hamilton,2019-06-26 01:48:13.073858
2019-03-04,20:15,19.6,19.4,9.0,67.3,0.0,N@0.0,0.0,,0.0,0,"Hamilton (WSU Hamilton), Prosser, Benton County",110029,Hamilton,2019-06-26 01:48:13.073858
2019-03-04,20:30,19.1,18.8,8.6,67.9,0.0,E@0.8,4.6,,0.0,0,"Hamilton (WSU Hamilton), Prosser, Benton County",110029,Hamilton,2019-06-26 01:48:13.073858
2019-03-04,20:45,17.0,16.6,6.8,69.3,0.0,NW@1.8,4.6,,0.0,0,"Hamilton (WSU Hamilton), Prosser, Benton County",110029,Hamilton,2019-06-26 01:48:13.073858
2019-03-04,21:00,16.0,15.9,7.3,74.0,0.0,NW@1.8,4.6,,0.0,0,"Hamilton (WSU Hamilton), Prosser, Benton County",110029,Hamilton,2019-06-26 01:48:13.073858
2019-03-04,21:15,16.4,15.8,7.9,74.8,0.0,N@0.2,2.8,,0.0,0,"Hamilton (WSU Hamilton), Prosser, Benton County",110029,Hamilton,2019-06-26 01:48:13.073858
2019-03-04,21:30,16.7,16.3,8.1,74.4,0.0,NE@2.3,4.6,,0.0,0,"Hamilton (WSU Hamilton), Prosser, Benton County",110029,Hamilton,2019-06-26 01:48:13.073858
2019-03-04,21:45,16.3,16.1,7.1,72.6,0.0,N@3.4,4.6,,0.0,0,"Hamilton (WSU Hamilton), Prosser, Benton County",110029,Hamilton,2019-06-26 01:48:13.073858
2019-03-04,22:00,14.5,14.3,5.7,74.1,0.0,N@4.3,6.4,,0.0,0,"Hamilton (WSU Hamilton), Prosser, Benton County",110029,Hamilton,2019-06-26 01:48:13.073858
2019-03-04,22:15,12.7,12.4,4.2,75.4,0.0,N@3.9,6.4,,0.0,0,"Hamilton (WSU Hamilton), Prosser, Benton County",110029,Hamilton,2019-06-26 01:48:13.073858
2019-03-04,22:30,12.2,11.9,3.9,76.4,0.0,N@5.2,6.4,,0.0,0,"Hamilton (WSU Hamilton), Prosser, Benton County",110029,Hamilton,2019-06-26 01:48:13.073858
2019-03-04,22:45,11.2,10.9,2.8,76.3,0.0,N@4.3,6.4,,0.0,0,"Hamilton (WSU Hamilton), Prosser, Benton County",110029,Hamilton,2019-06-26 01:48:13.073858
2019-03-04,23:00,10.8,10.5,2.2,75.5,0.0,N@4.7,6.4,,0.0,0,"Hamilton (WSU Hamilton), Prosser, Benton County",110029,Hamilton,2019-06-26 01:48:13.073858
2019-03-04,23:15,10.2,9.9,1.5,75.1,0.0,N@5.3,8.2,,0.0,0,"Hamilton (WSU Hamilton), Prosser, Benton County",110029,Hamilton,2019-06-26 01:48:13.073858
2019-03-04,23:30,10.0,9.7,1.2,74.8,0.0,N@3.9,6.4,,0.0,0,"Hamilton (WSU Hamilton), Prosser, Benton County",110029,Hamilton,2019-06-26 01:48:13.073858
2019-03-04,23:45,10.0,9.5,1.2,74.9,0.0,N@3.6,6.4,,0.0,0,"Hamilton (WSU Hamilton), Prosser, Benton County",110029,Hamilton,2019-06-26 01:48:13.073858
2019-03-04,24:00,10.1,9.7,1.0,74.0,0.0,N@4.2,6.4,,0.0,0,"Hamilton (WSU Hamilton), Prosser, Benton County",110029,Hamilton,2019-06-26 01:48:13.073858
2019-03-05,00:15,9.8,9.4,0.6,73.7,0.0,N@4.6,6.4,,0.0,0,"Hamilton (WSU Hamilton), Prosser, Benton County",110029,Hamilton,2019-06-26 01:48:13.073858
2019-03-05,00:30,9.7,9.4,0.5,73.6,0.0,N@4.1,6.4,,0.0,0,"Hamilton (WSU Hamilton), Prosser, Benton County",110029,Hamilton,2019-06-26 01:48:13.073858
2019-03-05,00:45,9.0,8.6,0.0,74.5,0.0,N@4.4,6.4,,0.0,0,"Hamilton (WSU Hamilton), Prosser, Benton County",110029,Hamilton,2019-06-26 01:48:13.073858
2019-03-05,01:00,9.2,8.9,0.4,74.9,0.0,N@5.3,6.4,,0.0,0,"Hamilton (WSU Hamilton), Prosser, Benton County",110029,Hamilton,2019-06-26 01:48:13.073858
2019-03-05,01:15,9.6,9.2,0.8,75.1,0.0,N@4.7,6.4,,0.0,0,"Hamilton (WSU Hamilton), Prosser, Benton County",110029,Hamilton,2019-06-26 01:48:13.073858
2019-03-05,01:30,9.3,9.0,0.3,74.3,0.0,N@4.6,6.4,,0.0,0,"Hamilton (WSU Hamilton), Prosser, Benton County",110029,Hamilton,2019-06-26 01:48:13.073858
2019-03-05,01:45,9.1,8.7,-0.2,73.6,0.0,N@5.4,8.2,,0.0,0,"Hamilton (WSU Hamilton), Prosser, Benton County",110029,Hamilton,2019-06-26 01:48:13.073858
2019-03-05,02:00,8.5,8.3,-0.9,72.8,0.0,N@5.6,6.4,,0.0,0,"Hamilton (WSU Hamilton), Prosser, Benton County",110029,Hamilton,2019-06-26 01:48:13.073858
2019-03-05,02:15,7.9,7.6,-1.3,73.9,0.0,N@5.1,6.4,,0.0,0,"Hamilton (WSU Hamilton), Prosser, Benton County",110029,Hamilton,2019-06-26 01:48:13.073858
2019-03-05,02:30,8.1,7.7,-1.1,74.1,0.0,N@4.7,6.4,,0.0,0,"Hamilton (WSU Hamilton), Prosser, Benton County",110029,Hamilton,2019-06-26 01:48:13.073858
2019-03-05,02:45,8.6,8.2,-0.4,74.5,0.0,N@4.9,6.4,,0.0,0,"Hamilton (WSU Hamilton), Prosser, Benton County",110029,Hamilton,2019-06-26 01:48:13.073858
2019-03-05,03:00,9.4,8.9,0.4,74.3,0.0,N@5.2,8.2,,0.0,0,"Hamilton (WSU Hamilton), Prosser, Benton County",110029,Hamilton,2019-06-26 01:48:13.073858
2019-03-05,03:15,9.6,9.2,0.3,73.3,0.0,N@3.7,6.4,,0.0,0,"Hamilton (WSU Hamilton), Prosser, Benton County",110029,Hamilton,2019-06-26 01:48:13.073858
2019-03-05,03:30,9.6,9.0,0.3,73.4,0.0,N@2.2,4.6,,0.0,0,"Hamilton (WSU Hamilton), Prosser, Benton County",110029,Hamilton,2019-06-26 01:48:13.073858
2019-03-05,03:45,8.0,7.6,-1.2,73.5,0.0,N@0.0,0.0,,0.0,0,"Hamilton (WSU Hamilton), Prosser, Benton County",110029,Hamilton,2019-06-26 01:48:13.073858
2019-03-05,04:00,8.2,7.5,-0.6,75.5,0.0,N@1.3,4.6,,0.0,0,"Hamilton (WSU Hamilton), Prosser, Benton County",110029,Hamilton,2019-06-26 01:48:13.073858
2019-03-05,04:15,8.3,7.9,-0.6,75.0,0.0,N@2.6,4.6,,0.0,0,"Hamilton (WSU Hamilton), Prosser, Benton County",110029,Hamilton,2019-06-26 01:48:13.073858
2019-03-05,04:30,7.8,7.4,-0.9,75.7,0.0,N@3.1,6.4,,0.0,0,"Hamilton (WSU Hamilton), Prosser, Benton County",110029,Hamilton,2019-06-26 01:48:13.073858
2019-03-05,04:45,8.8,8.5,0.2,75.9,0.0,N@5.1,6.4,,0.0,0,"Hamilton (WSU Hamilton), Prosser, Benton County",110029,Hamilton,2019-06-26 01:48:13.073858
2019-03-05,05:00,9.3,9.0,0.4,74.8,0.0,NE@4.3,6.4,,0.0,0,"Hamilton (WSU Hamilton), Prosser, Benton County",110029,Hamilton,2019-06-26 01:48:13.073858
2019-03-05,05:15,10.6,10.4,1.4,73.4,0.0,NE@4.0,6.4,,0.0,0,"Hamilton (WSU Hamilton), Prosser, Benton County",110029,Hamilton,2019-06-26 01:48:13.073858
2019-03-05,05:30,10.3,10.1,1.1,73.3,0.0,E@3.1,6.4,,0.0,0,"Hamilton (WSU Hamilton), Prosser, Benton County",110029,Hamilton,2019-06-26 01:48:13.073858
2019-03-05,05:45,8.5,8.2,-0.1,76.0,0.0,E@3.5,4.6,,0.0,0,"Hamilton (WSU Hamilton), Prosser, Benton County",110029,Hamilton,2019-06-26 01:48:13.073858
2019-03-05,06:00,9.5,9.3,1.1,76.4,0.0,NE@3.6,4.6,,0.0,0,"Hamilton (WSU Hamilton), Prosser, Benton County",110029,Hamilton,2019-06-26 01:48:13.073858
2019-03-05,06:15,10.6,10.3,1.6,74.3,0.0,NE@2.8,4.6,,0.0,0,"Hamilton (WSU Hamilton), Prosser, Benton County",110029,Hamilton,2019-06-26 01:48:13.073858
2019-03-05,06:30,10.6,10.3,1.7,74.6,0.0,E@3.4,4.6,,0.0,2,"Hamilton (WSU Hamilton), Prosser, Benton County",110029,Hamilton,2019-06-26 01:48:13.073858
2019-03-05,06:45,10.9,10.7,2.8,77.1,0.0,E@3.4,4.6,,0.0,7,"Hamilton (WSU Hamilton), Prosser, Benton County",110029,Hamilton,2019-06-26 01:48:13.073858
2019-03-05,07:00,11.7,11.5,4.0,78.6,0.0,E@2.8,4.6,,0.0,19,"Hamilton (WSU Hamilton), Prosser, Benton County",110029,Hamilton,2019-06-26 01:48:13.073858
2019-03-05,07:15,12.8,12.5,5.7,80.7,0.0,E@5.2,8.2,,0.0,31,"Hamilton (WSU Hamilton), Prosser, Benton County",110029,Hamilton,2019-06-26 01:48:13.073858
2019-03-05,07:30,13.4,13.1,7.1,83.3,0.0,E@5.2,8.2,,0.0,58,"Hamilton (WSU Hamilton), Prosser, Benton County",110029,Hamilton,2019-06-26 01:48:13.073858
2019-03-05,07:45,14.0,13.8,7.9,84.0,0.0,E@6.1,8.2,,0.0,74,"Hamilton (WSU Hamilton), Prosser, Benton County",110029,Hamilton,2019-06-26 01:48:13.073858
2019-03-05,08:00,14.1,13.8,8.1,84.5,0.0,E@5.3,8.2,,0.0,100,"Hamilton (WSU Hamilton), Prosser, Benton County",110029,Hamilton,2019-06-26 01:48:13.073858
2019-03-05,08:15,14.6,14.3,8.6,84.2,0.0,E@5.6,9.9,,0.0,169,"Hamilton (WSU Hamilton), Prosser, Benton County",110029,Hamilton,2019-06-26 01:48:13.073858
2019-03-05,08:30,15.0,14.6,8.8,83.3,0.0,E@6.0,9.9,,0.0,199,"Hamilton (WSU Hamilton), Prosser, Benton County",110029,Hamilton,2019-06-26 01:48:13.073858
2019-03-05,08:45,14.9,14.6,8.7,83.4,0.0,E@6.3,9.9,,0.0,221,"Hamilton (WSU Hamilton), Prosser, Benton County",110029,Hamilton,2019-06-26 01:48:13.073858
2019-03-05,09:00,15.2,14.9,9.1,83.7,0.0,E@6.1,9.9,,0.0,218,"Hamilton (WSU Hamilton), Prosser, Benton County",110029,Hamilton,2019-06-26 01:48:13.073858
2019-03-05,09:15,15.9,15.6,9.8,83.3,0.0,E@5.2,9.9,,0.0,214,"Hamilton (WSU Hamilton), Prosser, Benton County",110029,Hamilton,2019-06-26 01:48:13.073858
2019-03-05,09:30,16.1,15.8,9.7,82.2,0.0,E@4.6,9.9,,0.0,213,"Hamilton (WSU Hamilton), Prosser, Benton County",110029,Hamilton,2019-06-26 01:48:13.073858
2019-03-05,09:45,16.4,16.1,9.9,81.6,0.0,E@5.2,8.2,,0.0,210,"Hamilton (WSU Hamilton), Prosser, Benton County",110029,Hamilton,2019-06-26 01:48:13.073858
2019-03-05,10:00,17.5,17.1,10.7,80.4,0.0,E@5.2,9.9,,0.0,272,"Hamilton (WSU Hamilton), Prosser, Benton County",110029,Hamilton,2019-06-26 01:48:13.073858
2019-03-05,10:15,18.9,18.4,11.7,78.7,0.0,E@5.2,8.2,,0.0,482,"Hamilton (WSU Hamilton), Prosser, Benton County",110029,Hamilton,2019-06-26 01:48:13.073858
2019-03-05,10:30,18.9,18.3,11.6,78.5,0.0,E@5.4,8.2,,0.0,413,"Hamilton (WSU Hamilton), Prosser, Benton County",110029,Hamilton,2019-06-26 01:48:13.073858
2019-03-05,10:45,18.8,18.3,11.5,78.4,0.0,SE@5.8,9.9,,0.0,376,"Hamilton (WSU Hamilton), Prosser, Benton County",110029,Hamilton,2019-06-26 01:48:13.073858
2019-03-05,11:00,19.3,18.7,11.9,78.2,0.0,SE@5.6,9.9,,0.0,409,"Hamilton (WSU Hamilton), Prosser, Benton County",110029,Hamilton,2019-06-26 01:48:13.073858
2019-03-05,11:15,19.6,19.0,12.1,77.9,0.0,SE@5.1,8.2,,0.0,393,"Hamilton (WSU Hamilton), Prosser, Benton County",110029,Hamilton,2019-06-26 01:48:13.073858
2019-03-05,11:30,20.7,20.0,13.0,76.6,0.0,E@3.4,6.4,,0.0,471,"Hamilton (WSU Hamilton), Prosser, Benton County",110029,Hamilton,2019-06-26 01:48:13.073858
2019-03-05,11:45,24.7,23.8,15.3,70.2,0.0,SE@0.9,4.6,,0.0,508,"Hamilton (WSU Hamilton), Prosser, Benton County",110029,Hamilton,2019-06-26 01:48:13.073858
2019-03-05,12:00,24.9,24.1,13.6,64.6,0.0,S@1.3,4.6,,0.0,525,"Hamilton (WSU Hamilton), Prosser, Benton County",110029,Hamilton,2019-06-26 01:48:13.073858
2019-03-05,12:15,23.9,23.0,12.6,64.6,0.0,S@3.0,6.4,,0.0,631,"Hamilton (WSU Hamilton), Prosser, Benton County",110029,Hamilton,2019-06-26 01:48:13.073858
2019-03-05,12:30,23.7,22.9,12.8,66.0,0.0,S@2.6,6.4,,0.0,585,"Hamilton (WSU Hamilton), Prosser, Benton County",110029,Hamilton,2019-06-26 01:48:13.073858
2019-03-05,12:45,25.3,24.4,13.9,64.1,0.0,SW@1.5,4.6,,0.0,536,"Hamilton (WSU Hamilton), Prosser, Benton County",110029,Hamilton,2019-06-26 01:48:13.073858
2019-03-05,13:00,23.9,23.4,12.5,64.4,0.0,S@2.1,6.4,,0.0,409,"Hamilton (WSU Hamilton), Prosser, Benton County",110029,Hamilton,2019-06-26 01:48:13.073858
2019-03-05,13:15,25.5,24.8,14.0,63.8,0.0,SW@1.2,4.6,,0.0,402,"Hamilton (WSU Hamilton), Prosser, Benton County",110029,Hamilton,2019-06-26 01:48:13.073858
2019-03-05,13:30,23.7,22.9,11.1,61.4,0.0,SW@4.0,6.4,,0.0,402,"Hamilton (WSU Hamilton), Prosser, Benton County",110029,Hamilton,2019-06-26 01:48:13.073858
2019-03-05,13:45,24.4,23.5,11.8,61.0,0.0,W@2.7,6.4,,0.0,410,"Hamilton (WSU Hamilton), Prosser, Benton County",110029,Hamilton,2019-06-26 01:48:13.073858
2019-03-05,14:00,24.3,23.6,10.8,58.8,0.0,SW@2.8,6.4,,0.0,365,"Hamilton (WSU Hamilton), Prosser, Benton County",110029,Hamilton,2019-06-26 01:48:13.073858
2019-03-05,14:15,24.1,23.4,10.6,58.9,0.0,SW@2.2,4.6,,0.0,291,"Hamilton (WSU Hamilton), Prosser, Benton County",110029,Hamilton,2019-06-26 01:48:13.073858
2019-03-05,14:30,23.9,23.4,10.2,58.1,0.0,S@2.8,4.6,,0.0,258,"Hamilton (WSU Hamilton), Prosser, Benton County",110029,Hamilton,2019-06-26 01:48:13.073858
2019-03-05,14:45,23.5,23.1,10.6,60.3,0.0,SW@3.5,6.4,,0.0,185,"Hamilton (WSU Hamilton), Prosser, Benton County",110029,Hamilton,2019-06-26 01:48:13.073858
2019-03-05,15:00,23.4,23.0,10.6,60.7,0.0,SW@3.1,6.4,,0.0,156,"Hamilton (WSU Hamilton), Prosser, Benton County",110029,Hamilton,2019-06-26 01:48:13.073858
2019-03-05,15:15,23.8,23.2,10.1,58.2,0.0,W@2.0,4.6,,0.0,155,"Hamilton (WSU Hamilton), Prosser, Benton County",110029,Hamilton,2019-06-26 01:48:13.073858
2019-03-05,15:30,25.1,24.5,10.7,56.3,0.0,W@0.3,2.8,,0.0,159,"Hamilton (WSU Hamilton), Prosser, Benton County",110029,Hamilton,2019-06-26 01:48:13.073858
2019-03-05,15:45,25.0,24.6,10.2,55.4,0.0,SW@0.1,2.8,,0.0,154,"Hamilton (WSU Hamilton), Prosser, Benton County",110029,Hamilton,2019-06-26 01:48:13.073858
2019-03-05,16:00,24.2,23.8,10.3,57.6,0.0,S@1.4,6.4,,0.0,130,"Hamilton (WSU Hamilton), Prosser, Benton County",110029,Hamilton,2019-06-26 01:48:13.073858
2019-03-05,16:15,23.4,23.0,12.2,65.2,0.0,SE@3.6,6.4,,0.0,101,"Hamilton (WSU Hamilton), Prosser, Benton County",110029,Hamilton,2019-06-26 01:48:13.073858
2019-03-05,16:30,23.0,22.7,14.1,72.0,0.0,S@3.5,6.4,,0.0,92,"Hamilton (WSU Hamilton), Prosser, Benton County",110029,Hamilton,2019-06-26 01:48:13.073858
2019-03-05,16:45,22.9,22.6,14.5,73.5,0.0,SE@4.2,6.4,,0.0,81,"Hamilton (WSU Hamilton), Prosser, Benton County",110029,Hamilton,2019-06-26 01:48:13.073858
2019-03-05,17:00,22.6,22.3,14.7,75.5,0.0,E@3.6,6.4,,0.0,59,"Hamilton (WSU Hamilton), Prosser, Benton County",110029,Hamilton,2019-06-26 01:48:13.073858
2019-03-05,17:15,22.6,22.4,15.0,76.4,0.0,SE@3.1,4.6,,0.0,35,"Hamilton (WSU Hamilton), Prosser, Benton County",110029,Hamilton,2019-06-26 01:48:13.073858
2019-03-05,17:30,22.8,22.5,14.5,74.2,0.0,SE@3.2,4.6,,0.0,19,"Hamilton (WSU Hamilton), Prosser, Benton County",110029,Hamilton,2019-06-26 01:48:13.073858
2019-03-05,17:45,22.6,22.4,14.3,74.3,0.0,SE@3.6,6.4,,0.0,7,"Hamilton (WSU Hamilton), Prosser, Benton County",110029,Hamilton,2019-06-26 01:48:13.073858
2019-03-05,18:00,22.4,22.1,14.3,75.1,0.0,S@3.4,6.4,,0.0,1,"Hamilton (WSU Hamilton), Prosser, Benton County",110029,Hamilton,2019-06-26 01:48:13.073858
2019-03-05,18:15,21.9,21.7,14.5,77.5,0.0,S@3.6,6.4,,0.0,0,"Hamilton (WSU Hamilton), Prosser, Benton County",110029,Hamilton,2019-06-26 01:48:13.073858
2019-03-05,18:30,21.9,21.7,15.0,78.9,0.0,S@2.7,6.4,,0.0,0,"Hamilton (WSU Hamilton), Prosser, Benton County",110029,Hamilton,2019-06-26 01:48:13.073858
2019-03-05,18:45,22.0,21.8,15.1,78.9,0.0,S@2.8,6.4,,0.0,0,"Hamilton (WSU Hamilton), Prosser, Benton County",110029,Hamilton,2019-06-26 01:48:13.073858
2019-03-05,19:00,22.0,21.8,14.8,77.8,0.0,SE@2.8,6.4,,0.0,0,"Hamilton (WSU Hamilton), Prosser, Benton County",110029,Hamilton,2019-06-26 01:48:13.073858
2019-03-05,19:15,22.0,21.8,14.8,78.0,0.0,SE@1.7,4.6,,0.0,0,"Hamilton (WSU Hamilton), Prosser, Benton County",110029,Hamilton,2019-06-26 01:48:13.073858
2019-03-05,19:30,22.1,21.8,15.1,78.7,0.0,SE@1.8,4.6,,0.0,0,"Hamilton (WSU Hamilton), Prosser, Benton County",110029,Hamilton,2019-06-26 01:48:13.073858
2019-03-05,19:45,22.3,22.0,15.2,78.3,0.0,E@1.0,2.8,,0.0,0,"Hamilton (WSU Hamilton), Prosser, Benton County",110029,Hamilton,2019-06-26 01:48:13.073858
2019-03-05,20:00,22.3,22.1,15.2,78.0,0.0,E@2.5,4.6,,0.0,0,"Hamilton (WSU Hamilton), Prosser, Benton County",110029,Hamilton,2019-06-26 01:48:13.073858
2019-03-05,20:15,22.3,22.0,15.2,78.4,0.0,SE@3.1,4.6,,0.0,0,"Hamilton (WSU Hamilton), Prosser, Benton County",110029,Hamilton,2019-06-26 01:48:13.073858
2019-03-05,20:30,21.8,21.6,15.2,79.8,0.0,SE@3.5,6.4,,0.0,0,"Hamilton (WSU Hamilton), Prosser, Benton County",110029,Hamilton,2019-06-26 01:48:13.073858
2019-03-05,20:45,21.7,21.5,15.0,79.5,0.0,SE@4.5,8.2,,0.0,0,"Hamilton (WSU Hamilton), Prosser, Benton County",110029,Hamilton,2019-06-26 01:48:13.073858
2019-03-05,21:00,21.5,21.3,14.2,77.6,0.0,S@5.3,9.9,,0.0,0,"Hamilton (WSU Hamilton), Prosser, Benton County",110029,Hamilton,2019-06-26 01:48:13.073858
2019-03-05,21:15,21.4,21.2,13.9,77.2,0.0,S@5.7,11.7,,0.0,0,"Hamilton (WSU Hamilton), Prosser, Benton County",110029,Hamilton,2019-06-26 01:48:13.073858
2019-03-05,21:30,21.3,21.1,13.7,76.8,0.0,S@6.4,9.9,,0.0,0,"Hamilton (WSU Hamilton), Prosser, Benton County",110029,Hamilton,2019-06-26 01:48:13.073858
2019-03-05,21:45,21.5,21.3,14.0,77.2,0.0,S@4.6,9.9,,0.0,0,"Hamilton (WSU Hamilton), Prosser, Benton County",110029,Hamilton,2019-06-26 01:48:13.073858
2019-03-05,22:00,21.9,21.7,14.2,76.1,0.0,SE@3.7,6.4,,0.0,0,"Hamilton (WSU Hamilton), Prosser, Benton County",110029,Hamilton,2019-06-26 01:48:13.073858
2019-03-05,22:15,22.2,22.0,14.4,75.9,0.0,SE@2.8,4.6,,0.0,0,"Hamilton (WSU Hamilton), Prosser, Benton County",110029,Hamilton,2019-06-26 01:48:13.073858
2019-03-05,22:30,22.2,22.0,14.5,76.0,0.0,S@3.2,6.4,,0.0,0,"Hamilton (WSU Hamilton), Prosser, Benton County",110029,Hamilton,2019-06-26 01:48:13.073858
2019-03-05,22:45,22.4,22.2,14.9,76.9,0.0,S@4.2,8.2,,0.0,0,"Hamilton (WSU Hamilton), Prosser, Benton County",110029,Hamilton,2019-06-26 01:48:13.073858
2019-03-05,23:00,22.5,22.2,15.1,77.1,0.0,SE@3.3,6.4,,0.0,0,"Hamilton (WSU Hamilton), Prosser, Benton County",110029,Hamilton,2019-06-26 01:48:13.073858
2019-03-05,23:15,22.3,22.0,15.2,78.4,0.0,E@1.9,4.6,,0.0,0,"Hamilton (WSU Hamilton), Prosser, Benton County",110029,Hamilton,2019-06-26 01:48:13.073858
2019-03-05,23:30,22.3,22.0,15.3,78.8,0.0,E@1.5,2.8,,0.0,0,"Hamilton (WSU Hamilton), Prosser, Benton County",110029,Hamilton,2019-06-26 01:48:13.073858
2019-03-05,23:45,22.5,22.2,15.1,77.3,0.0,NE@1.0,2.8,,0.0,0,"Hamilton (WSU Hamilton), Prosser, Benton County",110029,Hamilton,2019-06-26 01:48:13.073858
2019-03-05,24:00,22.7,22.5,15.1,76.2,0.0,NE@0.8,2.8,,0.0,0,"Hamilton (WSU Hamilton), Prosser, Benton County",110029,Hamilton,2019-06-26 01:48:13.073858
2019-03-06,00:15,22.9,22.6,15.3,76.4,0.0,E@0.5,2.8,,0.0,0,"Hamilton (WSU Hamilton), Prosser, Benton County",110029,Hamilton,2019-06-26 01:48:13.073858
2019-03-06,00:30,22.9,22.6,15.4,76.6,0.0,S@1.7,4.6,,0.0,0,"Hamilton (WSU Hamilton), Prosser, Benton County",110029,Hamilton,2019-06-26 01:48:13.073858
2019-03-06,00:45,22.5,22.3,16.4,81.7,0.0,SE@4.2,6.4,,0.0,0,"Hamilton (WSU Hamilton), Prosser, Benton County",110029,Hamilton,2019-06-26 01:48:13.073858
2019-03-06,01:00,21.9,21.7,16.8,85.2,0.0,E@4.1,6.4,,0.0,0,"Hamilton (WSU Hamilton), Prosser, Benton County",110029,Hamilton,2019-06-26 01:48:13.073858
2019-03-06,01:15,21.7,21.5,17.2,87.9,0.0,E@4.8,8.2,,0.0,0,"Hamilton (WSU Hamilton), Prosser, Benton County",110029,Hamilton,2019-06-26 01:48:13.073858
2019-03-06,01:30,21.6,21.4,17.3,88.3,0.0,SE@5.9,9.9,,0.0,0,"Hamilton (WSU Hamilton), Prosser, Benton County",110029,Hamilton,2019-06-26 01:48:13.073858
2019-03-06,01:45,21.1,20.9,16.6,87.9,0.0,SE@5.4,9.9,,0.0,0,"Hamilton (WSU Hamilton), Prosser, Benton County",110029,Hamilton,2019-06-26 01:48:13.073858
2019-03-06,02:00,20.4,20.2,15.7,87.5,0.0,SE@4.6,9.9,,0.0,0,"Hamilton (WSU Hamilton), Prosser, Benton County",110029,Hamilton,2019-06-26 01:48:13.073858
2019-03-06,02:15,20.7,20.4,16.1,88.0,0.0,SE@0.6,4.6,,0.0,0,"Hamilton (WSU Hamilton), Prosser, Benton County",110029,Hamilton,2019-06-26 01:48:13.073858
2019-03-06,02:30,21.0,20.8,16.6,88.3,0.0,SE@2.0,4.6,,0.0,0,"Hamilton (WSU Hamilton), Prosser, Benton County",110029,Hamilton,2019-06-26 01:48:13.073858
2019-03-06,02:45,20.8,20.6,16.1,87.5,0.0,S@3.4,6.4,,0.0,0,"Hamilton (WSU Hamilton), Prosser, Benton County",110029,Hamilton,2019-06-26 01:48:13.073858
2019-03-06,03:00,21.0,20.7,16.1,86.8,0.0,SE@2.9,6.4,,0.0,0,"Hamilton (WSU Hamilton), Prosser, Benton County",110029,Hamilton,2019-06-26 01:48:13.073858
2019-03-06,03:15,21.3,21.0,16.4,86.6,0.0,E@2.8,6.4,,0.0,0,"Hamilton (WSU Hamilton), Prosser, Benton County",110029,Hamilton,2019-06-26 01:48:13.073858
2019-03-06,03:30,21.2,21.0,16.4,87.0,0.0,E@4.3,6.4,,0.0,0,"Hamilton (WSU Hamilton), Prosser, Benton County",110029,Hamilton,2019-06-26 01:48:13.073858
2019-03-06,03:45,21.2,21.0,16.7,87.7,0.0,SE@5.3,9.9,,0.0,0,"Hamilton (WSU Hamilton), Prosser, Benton County",110029,Hamilton,2019-06-26 01:48:13.073858
2019-03-06,04:00,21.1,20.9,16.7,88.5,0.0,SE@5.2,9.9,,0.0,0,"Hamilton (WSU Hamilton), Prosser, Benton County",110029,Hamilton,2019-06-26 01:48:13.073858
2019-03-06,04:15,21.1,20.9,16.9,89.0,0.0,SE@4.2,6.4,,0.0,0,"Hamilton (WSU Hamilton), Prosser, Benton County",110029,Hamilton,2019-06-26 01:48:13.073858
2019-03-06,04:30,21.0,20.8,17.0,89.7,0.0,E@4.2,6.4,,0.0,0,"Hamilton (WSU Hamilton), Prosser, Benton County",110029,Hamilton,2019-06-26 01:48:13.073858
2019-03-06,04:45,21.0,20.8,17.2,90.8,0.0,E@4.4,6.4,,0.0,0,"Hamilton (WSU Hamilton), Prosser, Benton County",110029,Hamilton,2019-06-26 01:48:13.073858
2019-03-06,05:00,21.0,20.8,17.6,92.1,0.0,E@4.1,6.4,,0.0,0,"Hamilton (WSU Hamilton), Prosser, Benton County",110029,Hamilton,2019-06-26 01:48:13.073858
2019-03-06,05:15,21.1,20.9,18.0,93.2,0.0,E@3.4,4.6,,0.0,0,"Hamilton (WSU Hamilton), Prosser, Benton County",110029,Hamilton,2019-06-26 01:48:13.073858
2019-03-06,05:30,21.3,21.1,18.4,94.0,0.0,E@4.2,6.4,,0.0,0,"Hamilton (WSU Hamilton), Prosser, Benton County",110029,Hamilton,2019-06-26 01:48:13.073858
2019-03-06,05:45,21.2,20.9,18.2,94.1,0.0,E@4.3,6.4,,0.0,0,"Hamilton (WSU Hamilton), Prosser, Benton County",110029,Hamilton,2019-06-26 01:48:13.073858
2019-03-06,06:00,21.0,20.8,18.3,94.9,0.0,E@4.6,8.2,,0.0,0,"Hamilton (WSU Hamilton), Prosser, Benton County",110029,Hamilton,2019-06-26 01:48:13.073858
2019-03-06,06:15,21.0,20.8,18.4,95.5,0.0,E@3.9,6.4,,0.0,0,"Hamilton (WSU Hamilton), Prosser, Benton County",110029,Hamilton,2019-06-26 01:48:13.073858
2019-03-06,06:30,21.1,20.9,18.7,96.3,0.0,E@3.3,6.4,,0.0,1,"Hamilton (WSU Hamilton), Prosser, Benton County",110029,Hamilton,2019-06-26 01:48:13.073858
2019-03-06,06:45,21.1,20.9,18.9,96.9,0.0,E@3.7,6.4,,0.0,4,"Hamilton (WSU Hamilton), Prosser, Benton County",110029,Hamilton,2019-06-26 01:48:13.073858
2019-03-06,07:00,21.0,20.7,18.8,97.4,0.0,SE@5.4,9.9,,0.0,10,"Hamilton (WSU Hamilton), Prosser, Benton County",110029,Hamilton,2019-06-26 01:48:13.073858
2019-03-06,07:15,20.9,20.6,18.8,97.8,0.0,SE@5.3,9.9,,0.0,18,"Hamilton (WSU Hamilton), Prosser, Benton County",110029,Hamilton,2019-06-26 01:48:13.073858
2019-03-06,07:30,21.0,20.7,19.0,98.3,0.0,SE@5.0,8.2,,0.0,30,"Hamilton (WSU Hamilton), Prosser, Benton County",110029,Hamilton,2019-06-26 01:48:13.073858
2019-03-06,07:45,21.0,20.8,19.1,98.5,0.0,E@4.8,8.2,,0.0,44,"Hamilton (WSU Hamilton), Prosser, Benton County",110029,Hamilton,2019-06-26 01:48:13.073858
2019-03-06,08:00,21.2,20.9,19.3,98.3,0.0,E@4.6,8.2,,0.0,90,"Hamilton (WSU Hamilton), Prosser, Benton County",110029,Hamilton,2019-06-26 01:48:13.073858
2019-03-06,08:15,21.7,21.3,19.7,97.7,0.0,E@4.6,6.4,,0.0,186,"Hamilton (WSU Hamilton), Prosser, Benton County",110029,Hamilton,2019-06-26 01:48:13.073858
2019-03-06,08:30,21.8,21.5,19.7,96.9,0.0,E@4.9,8.2,,0.0,200,"Hamilton (WSU Hamilton), Prosser, Benton County",110029,Hamilton,2019-06-26 01:48:13.073858
2019-03-06,08:45,21.9,21.4,19.6,96.4,0.0,E@4.7,8.2,,0.0,159,"Hamilton (WSU Hamilton), Prosser, Benton County",110029,Hamilton,2019-06-26 01:48:13.073858
2019-03-06,09:00,22.2,21.7,20.0,96.6,0.0,E@3.4,4.6,,0.0,174,"Hamilton (WSU Hamilton), Prosser, Benton County",110029,Hamilton,2019-06-26 01:48:13.073858
2019-03-06,09:15,22.7,22.2,20.2,95.6,0.0,E@4.0,6.4,,0.0,221,"Hamilton (WSU Hamilton), Prosser, Benton County",110029,Hamilton,2019-06-26 01:48:13.073858
2019-03-06,09:30,22.7,22.2,20.1,94.6,0.0,SE@4.8,6.4,,0.0,246,"Hamilton (WSU Hamilton), Prosser, Benton County",110029,Hamilton,2019-06-26 01:48:13.073858
2019-03-06,09:45,22.7,22.2,20.0,94.5,0.0,SE@4.9,8.2,,0.0,250,"Hamilton (WSU Hamilton), Prosser, Benton County",110029,Hamilton,2019-06-26 01:48:13.073858
2019-03-06,10:00,23.2,22.5,20.5,94.5,0.0,SE@4.4,8.2,,0.01,302,"Hamilton (WSU Hamilton), Prosser, Benton County",110029,Hamilton,2019-06-26 01:48:13.073858
2019-03-06,10:15,23.5,22.9,20.7,93.9,0.0,E@4.2,8.2,,0.0,265,"Hamilton (WSU Hamilton), Prosser, Benton County",110029,Hamilton,2019-06-26 01:48:13.073858
2019-03-06,10:30,23.4,22.9,20.7,94.0,0.0,E@4.6,8.2,,0.0,234,"Hamilton (WSU Hamilton), Prosser, Benton County",110029,Hamilton,2019-06-26 01:48:13.073858
2019-03-06,10:45,23.4,22.9,20.9,94.7,0.0,SE@4.6,8.2,,0.0,213,"Hamilton (WSU Hamilton), Prosser, Benton County",110029,Hamilton,2019-06-26 01:48:13.073858
2019-03-06,11:00,23.5,22.9,20.9,94.8,0.0,SE@5.8,8.2,,0.0,317,"Hamilton (WSU Hamilton), Prosser, Benton County",110029,Hamilton,2019-06-26 01:48:13.073858
2019-03-06,11:15,23.9,23.2,21.4,94.9,0.0,SE@4.3,6.4,,0.0,312,"Hamilton (WSU Hamilton), Prosser, Benton County",110029,Hamilton,2019-06-26 01:48:13.073858
2019-03-06,11:30,24.5,23.8,22.0,94.2,0.05,E@3.2,4.6,,0.0,355,"Hamilton (WSU Hamilton), Prosser, Benton County",110029,Hamilton,2019-06-26 01:48:13.073858
2019-03-06,11:45,25.5,24.7,22.7,92.8,0.75,E@2.2,4.6,,0.0,323,"Hamilton (WSU Hamilton), Prosser, Benton County",110029,Hamilton,2019-06-26 01:48:13.073858
2019-03-06,12:00,25.5,24.7,22.4,91.8,0.99,SE@3.2,6.4,,0.0,406,"Hamilton (WSU Hamilton), Prosser, Benton County",110029,Hamilton,2019-06-26 01:48:13.073858
2019-03-06,12:15,25.2,24.5,22.4,92.6,0.9,SE@3.1,4.6,,0.0,321,"Hamilton (WSU Hamilton), Prosser, Benton County",110029,Hamilton,2019-06-26 01:48:13.073858
2019-03-06,12:30,25.2,24.5,22.3,92.2,0.7,SE@3.5,6.4,,0.02,337,"Hamilton (WSU Hamilton), Prosser, Benton County",110029,Hamilton,2019-06-26 01:48:13.073858
2019-03-06,12:45,24.7,24.1,21.9,93.2,0.11,SE@4.4,8.2,,0.01,266,"Hamilton (WSU Hamilton), Prosser, Benton County",110029,Hamilton,2019-06-26 01:48:13.073858
2019-03-06,13:00,24.6,24.0,21.9,93.6,0.06,SE@3.9,6.4,,0.0,257,"Hamilton (WSU Hamilton), Prosser, Benton County",110029,Hamilton,2019-06-26 01:48:13.073858
2019-03-06,13:15,24.7,24.1,22.0,93.5,0.03,SE@3.8,6.4,,0.0,232,"Hamilton (WSU Hamilton), Prosser, Benton County",110029,Hamilton,2019-06-26 01:48:13.073858
2019-03-06,13:30,25.1,24.4,22.6,94.3,0.1,SE@3.8,6.4,,0.0,300,"Hamilton (WSU Hamilton), Prosser, Benton County",110029,Hamilton,2019-06-26 01:48:13.073858
2019-03-06,13:45,25.1,24.5,22.7,94.3,0.12,SE@3.8,6.4,,0.01,263,"Hamilton (WSU Hamilton), Prosser, Benton County",110029,Hamilton,2019-06-26 01:48:13.073858
2019-03-06,14:00,25.4,24.9,22.6,92.8,0.05,S@3.8,6.4,,0.0,270,"Hamilton (WSU Hamilton), Prosser, Benton County",110029,Hamilton,2019-06-26 01:48:13.073858
2019-03-06,14:15,25.5,25.0,22.5,92.2,0.01,S@2.8,4.6,,0.01,217,"Hamilton (WSU Hamilton), Prosser, Benton County",110029,Hamilton,2019-06-26 01:48:13.073858
2019-03-06,14:30,25.8,25.3,22.8,91.9,0.01,SW@2.9,4.6,,0.01,224,"Hamilton (WSU Hamilton), Prosser, Benton County",110029,Hamilton,2019-06-26 01:48:13.073858
2019-03-06,14:45,25.2,24.8,22.1,91.7,0.0,S@4.3,6.4,,0.0,198,"Hamilton (WSU Hamilton), Prosser, Benton County",110029,Hamilton,2019-06-26 01:48:13.073858
2019-03-06,15:00,25.2,24.8,22.1,91.9,0.0,SW@4.5,6.4,,0.0,216,"Hamilton (WSU Hamilton), Prosser, Benton County",110029,Hamilton,2019-06-26 01:48:13.073858
2019-03-06,15:15,25.8,25.2,23.3,93.8,0.0,W@3.2,6.4,,0.0,214,"Hamilton (WSU Hamilton), Prosser, Benton County",110029,Hamilton,2019-06-26 01:48:13.073858
2019-03-06,15:30,26.4,25.8,23.8,93.2,0.0,W@0.7,4.6,,0.01,149,"Hamilton (WSU Hamilton), Prosser, Benton County",110029,Hamilton,2019-06-26 01:48:13.073858
2019-03-06,15:45,27.1,26.7,24.0,90.9,0.03,N@0.0,0.0,,0.01,131,"Hamilton (WSU Hamilton), Prosser, Benton County",110029,Hamilton,2019-06-26 01:48:13.073858
2019-03-06,16:00,27.6,27.1,24.0,88.9,0.18,N@0.0,0.0,,0.0,130,"Hamilton (WSU Hamilton), Prosser, Benton County",110029,Hamilton,2019-06-26 01:48:13.073858
2019-03-06,16:15,27.2,26.8,23.5,88.5,0.34,N@0.0,0.0,,0.01,131,"Hamilton (WSU Hamilton), Prosser, Benton County",110029,Hamilton,2019-06-26 01:48:13.073858
2019-03-06,16:30,28.3,27.9,24.9,89.5,0.46,N@0.0,0.0,,0.0,112,"Hamilton (WSU Hamilton), Prosser, Benton County",110029,Hamilton,2019-06-26 01:48:13.073858
2019-03-06,16:45,27.4,27.0,23.7,88.7,0.25,SE@0.1,2.8,,0.01,106,"Hamilton (WSU Hamilton), Prosser, Benton County",110029,Hamilton,2019-06-26 01:48:13.073858
2019-03-06,17:00,27.5,27.1,24.2,90.0,0.18,N@0.0,0.0,,0.0,88,"Hamilton (WSU Hamilton), Prosser, Benton County",110029,Hamilton,2019-06-26 01:48:13.073858
2019-03-06,17:15,27.1,26.7,23.5,89.3,0.14,S@0.8,6.4,,0.0,88,"Hamilton (WSU Hamilton), Prosser, Benton County",110029,Hamilton,2019-06-26 01:48:13.073858
2019-03-06,17:30,26.1,25.8,22.8,90.4,0.1,S@0.3,2.8,,0.0,42,"Hamilton (WSU Hamilton), Prosser, Benton County",110029,Hamilton,2019-06-26 01:48:13.073858
2019-03-06,17:45,24.9,24.6,21.8,91.8,0.07,SE@2.6,6.4,,0.0,13,"Hamilton (WSU Hamilton), Prosser, Benton County",110029,Hamilton,2019-06-26 01:48:13.073858
2019-03-06,18:00,24.0,23.7,21.0,92.5,0.07,SE@2.8,6.4,,0.0,3,"Hamilton (WSU Hamilton), Prosser, Benton County",110029,Hamilton,2019-06-26 01:48:13.073858
2019-03-06,18:15,24.0,23.7,21.3,93.7,0.07,SE@2.9,4.6,,0.0,0,"Hamilton (WSU Hamilton), Prosser, Benton County",110029,Hamilton,2019-06-26 01:48:13.073858
2019-03-06,18:30,24.4,24.1,21.9,94.6,0.07,SE@2.8,6.4,,0.0,0,"Hamilton (WSU Hamilton), Prosser, Benton County",110029,Hamilton,2019-06-26 01:48:13.073858
2019-03-06,18:45,24.4,24.2,22.1,95.2,0.07,S@3.7,8.2,,0.0,0,"Hamilton (WSU Hamilton), Prosser, Benton County",110029,Hamilton,2019-06-26 01:48:13.073858
2019-03-06,19:00,24.2,24.0,22.1,96.1,0.07,SE@3.5,6.4,,0.0,0,"Hamilton (WSU Hamilton), Prosser, Benton County",110029,Hamilton,2019-06-26 01:48:13.073858
2019-03-06,19:15,24.0,23.7,22.0,96.8,0.07,SE@2.6,4.6,,0.0,0,"Hamilton (WSU Hamilton), Prosser, Benton County",110029,Hamilton,2019-06-26 01:48:13.073858
2019-03-06,19:30,23.9,23.6,22.0,97.1,0.06,E@2.8,4.6,,0.0,0,"Hamilton (WSU Hamilton), Prosser, Benton County",110029,Hamilton,2019-06-26 01:48:13.073858
2019-03-06,19:45,23.6,23.3,21.8,97.4,0.07,SE@3.2,6.4,,0.0,0,"Hamilton (WSU Hamilton), Prosser, Benton County",110029,Hamilton,2019-06-26 01:48:13.073858
2019-03-06,20:00,23.5,23.2,21.8,98.3,0.06,E@4.1,8.2,,0.0,0,"Hamilton (WSU Hamilton), Prosser, Benton County",110029,Hamilton,2019-06-26 01:48:13.073858
2019-03-06,20:15,23.7,23.4,22.2,99.2,0.07,SE@2.8,6.4,,0.0,0,"Hamilton (WSU Hamilton), Prosser, Benton County",110029,Hamilton,2019-06-26 01:48:13.073858
2019-03-06,20:30,23.9,23.6,22.4,98.8,0.07,S@3.9,8.2,,0.0,0,"Hamilton (WSU Hamilton), Prosser, Benton County",110029,Hamilton,2019-06-26 01:48:13.073858
2019-03-06,20:45,24.0,23.7,22.5,99.1,0.07,S@3.8,8.2,,0.0,0,"Hamilton (WSU Hamilton), Prosser, Benton County",110029,Hamilton,2019-06-26 01:48:13.073858
2019-03-06,21:00,24.2,24.0,22.9,99.4,0.07,SE@4.7,8.2,,0.0,0,"Hamilton (WSU Hamilton), Prosser, Benton County",110029,Hamilton,2019-06-26 01:48:13.073858
2019-03-06,21:15,24.7,24.5,23.3,99.0,0.07,SE@5.8,11.7,,0.0,0,"Hamilton (WSU Hamilton), Prosser, Benton County",110029,Hamilton,2019-06-26 01:48:13.073858
2019-03-06,21:30,24.9,24.7,23.3,98.0,0.07,S@7.1,13.5,,0.0,0,"Hamilton (WSU Hamilton), Prosser, Benton County",110029,Hamilton,2019-06-26 01:48:13.073858
2019-03-06,21:45,24.9,24.7,23.0,96.8,0.07,S@7.1,15.3,,0.0,0,"Hamilton (WSU Hamilton), Prosser, Benton County",110029,Hamilton,2019-06-26 01:48:13.073858
2019-03-06,22:00,24.5,24.2,22.5,96.5,0.07,S@6.4,13.5,,0.0,0,"Hamilton (WSU Hamilton), Prosser, Benton County",110029,Hamilton,2019-06-26 01:48:13.073858
2019-03-06,22:15,24.4,24.2,22.4,96.4,0.07,S@5.1,9.9,,0.0,0,"Hamilton (WSU Hamilton), Prosser, Benton County",110029,Hamilton,2019-06-26 01:48:13.073858
2019-03-06,22:30,24.5,24.2,22.3,95.9,0.06,SE@6.2,11.7,,0.0,0,"Hamilton (WSU Hamilton), Prosser, Benton County",110029,Hamilton,2019-06-26 01:48:13.073858
2019-03-06,22:45,24.3,24.1,22.2,96.0,0.06,S@6.2,9.9,,0.0,0,"Hamilton (WSU Hamilton), Prosser, Benton County",110029,Hamilton,2019-06-26 01:48:13.073858
2019-03-06,23:00,24.2,23.9,22.1,96.2,0.06,SE@4.4,8.2,,0.0,0,"Hamilton (WSU Hamilton), Prosser, Benton County",110029,Hamilton,2019-06-26 01:48:13.073858
2019-03-06,23:15,24.1,23.9,22.0,96.2,0.06,SE@3.8,6.4,,0.0,0,"Hamilton (WSU Hamilton), Prosser, Benton County",110029,Hamilton,2019-06-26 01:48:13.073858
2019-03-06,23:30,24.2,23.9,22.1,96.1,0.06,S@5.0,9.9,,0.0,0,"Hamilton (WSU Hamilton), Prosser, Benton County",110029,Hamilton,2019-06-26 01:48:13.073858
2019-03-06,23:45,24.2,24.0,22.1,96.2,0.06,S@6.4,9.9,,0.0,0,"Hamilton (WSU Hamilton), Prosser, Benton County",110029,Hamilton,2019-06-26 01:48:13.073858
2019-03-06,24:00,24.5,24.3,22.3,95.7,0.06,S@5.6,11.7,,0.0,0,"Hamilton (WSU Hamilton), Prosser, Benton County",110029,Hamilton,2019-06-26 01:48:13.073858
2019-03-07,00:15,24.3,24.1,22.0,95.3,0.06,S@2.9,8.2,,0.0,0,"Hamilton (WSU Hamilton), Prosser, Benton County",110029,Hamilton,2019-06-26 01:48:13.073858
2019-03-07,00:30,23.6,23.2,21.2,95.4,0.02,NW@0.5,2.8,,0.0,0,"Hamilton (WSU Hamilton), Prosser, Benton County",110029,Hamilton,2019-06-26 01:48:13.073858
2019-03-07,00:45,23.0,22.6,20.8,96.4,0.0,NE@0.7,4.6,,0.0,0,"Hamilton (WSU Hamilton), Prosser, Benton County",110029,Hamilton,2019-06-26 01:48:13.073858
2019-03-07,01:00,22.1,21.8,20.0,97.4,0.0,N@3.5,6.4,,0.0,0,"Hamilton (WSU Hamilton), Prosser, Benton County",110029,Hamilton,2019-06-26 01:48:13.073858
2019-03-07,01:15,20.5,20.2,18.4,97.7,0.0,NE@3.7,6.4,,0.0,0,"Hamilton (WSU Hamilton), Prosser, Benton County",110029,Hamilton,2019-06-26 01:48:13.073858
2019-03-07,01:30,18.9,18.6,16.6,97.9,0.0,N@4.2,6.4,,0.0,0,"Hamilton (WSU Hamilton), Prosser, Benton County",110029,Hamilton,2019-06-26 01:48:13.073858
2019-03-07,01:45,16.7,16.4,14.2,97.3,0.0,N@3.6,6.4,,0.0,0,"Hamilton (WSU Hamilton), Prosser, Benton County",110029,Hamilton,2019-06-26 01:48:13.073858
2019-03-07,02:00,15.5,14.9,12.8,97.3,0.0,NW@3.1,6.4,,0.0,0,"Hamilton (WSU Hamilton), Prosser, Benton County",110029,Hamilton,2019-06-26 01:48:13.073858
2019-03-07,02:15,15.9,15.6,13.6,98.6,0.0,NE@0.8,4.6,,0.0,0,"Hamilton (WSU Hamilton), Prosser, Benton County",110029,Hamilton,2019-06-26 01:48:13.073858
2019-03-07,02:30,16.9,16.5,14.7,99.1,0.0,NW@3.5,6.4,,0.0,0,"Hamilton (WSU Hamilton), Prosser, Benton County",110029,Hamilton,2019-06-26 01:48:13.073858
2019-03-07,02:45,16.2,15.8,14.1,99.4,0.0,NW@4.7,6.4,,0.0,0,"Hamilton (WSU Hamilton), Prosser, Benton County",110029,Hamilton,2019-06-26 01:48:13.073858
2019-03-07,03:00,15.4,15.1,12.9,98.3,0.0,NW@4.0,6.4,,0.0,0,"Hamilton (WSU Hamilton), Prosser, Benton County",110029,Hamilton,2019-06-26 01:48:13.073858
2019-03-07,03:15,17.0,16.7,14.8,99.0,0.0,NW@3.9,6.4,,0.0,0,"Hamilton (WSU Hamilton), Prosser, Benton County",110029,Hamilton,2019-06-26 01:48:13.073858
2019-03-07,03:30,18.0,17.8,16.0,99.4,0.0,NW@4.1,8.2,,0.0,0,"Hamilton (WSU Hamilton), Prosser, Benton County",110029,Hamilton,2019-06-26 01:48:13.073858
2019-03-07,03:45,16.9,16.6,14.8,99.4,0.0,NW@2.7,6.4,,0.0,0,"Hamilton (WSU Hamilton), Prosser, Benton County",110029,Hamilton,2019-06-26 01:48:13.073858
2019-03-07,04:00,16.2,16.0,14.0,99.4,0.0,W@1.3,6.4,,0.0,0,"Hamilton (WSU Hamilton), Prosser, Benton County",110029,Hamilton,2019-06-26 01:48:13.073858
2019-03-07,04:15,16.0,15.7,13.8,99.3,0.0,N@0.0,0.0,,0.0,0,"Hamilton (WSU Hamilton), Prosser, Benton County",110029,Hamilton,2019-06-26 01:48:13.073858
2019-03-07,04:30,13.8,13.6,11.2,98.2,0.0,N@0.0,0.0,,0.0,0,"Hamilton (WSU Hamilton), Prosser, Benton County",110029,Hamilton,2019-06-26 01:48:13.073858
2019-03-07,04:45,12.7,12.4,9.8,97.2,0.0,N@0.0,0.0,,0.0,0,"Hamilton (WSU Hamilton), Prosser, Benton County",110029,Hamilton,2019-06-26 01:48:13.073858
2019-03-07,05:00,13.1,12.8,10.2,97.3,0.0,N@0.0,0.0,,0.0,0,"Hamilton (WSU Hamilton), Prosser, Benton County",110029,Hamilton,2019-06-26 01:48:13.073858
2019-03-07,05:15,12.5,12.3,9.5,97.0,0.0,N@0.0,0.0,,0.0,0,"Hamilton (WSU Hamilton), Prosser, Benton County",110029,Hamilton,2019-06-26 01:48:13.073858
2019-03-07,05:30,10.3,10.0,6.8,95.5,0.0,N@0.0,0.0,,0.0,0,"Hamilton (WSU Hamilton), Prosser, Benton County",110029,Hamilton,2019-06-26 01:48:13.073858
2019-03-07,05:45,9.7,9.4,6.0,94.9,0.0,N@0.0,0.0,,0.0,0,"Hamilton (WSU Hamilton), Prosser, Benton County",110029,Hamilton,2019-06-26 01:48:13.073858
2019-03-07,06:00,10.1,9.7,6.6,95.2,0.0,N@0.0,0.0,,0.0,0,"Hamilton (WSU Hamilton), Prosser, Benton County",110029,Hamilton,2019-06-26 01:48:13.073858
2019-03-07,06:15,9.6,9.2,5.9,94.8,0.0,N@0.0,0.0,,0.0,0,"Hamilton (WSU Hamilton), Prosser, Benton County",110029,Hamilton,2019-06-26 01:48:13.073858
2019-03-07,06:30,12.3,12.0,9.0,96.0,0.0,N@0.0,0.0,,0.0,4,"Hamilton (WSU Hamilton), Prosser, Benton County",110029,Hamilton,2019-06-26 01:48:13.073858
2019-03-07,06:45,15.8,15.5,13.3,98.1,0.0,N@0.0,0.0,,0.0,12,"Hamilton (WSU Hamilton), Prosser, Benton County",110029,Hamilton,2019-06-26 01:48:13.073858
2019-03-07,07:00,17.0,16.8,14.8,98.7,0.0,N@0.0,0.0,,0.0,62,"Hamilton (WSU Hamilton), Prosser, Benton County",110029,Hamilton,2019-06-26 01:48:13.073858
2019-03-07,07:15,19.0,18.9,17.1,99.4,0.0,N@0.0,0.0,,0.0,105,"Hamilton (WSU Hamilton), Prosser, Benton County",110029,Hamilton,2019-06-26 01:48:13.073858
2019-03-07,07:30,21.4,21.1,19.8,99.4,0.0,N@0.0,0.0,,0.0,146,"Hamilton (WSU Hamilton), Prosser, Benton County",110029,Hamilton,2019-06-26 01:48:13.073858
2019-03-07,07:45,24.0,23.2,22.6,99.4,0.05,N@0.0,0.0,,0.0,186,"Hamilton (WSU Hamilton), Prosser, Benton County",110029,Hamilton,2019-06-26 01:48:13.073858
2019-03-07,08:00,25.3,24.9,24.0,99.1,0.09,N@0.0,0.0,,0.0,226,"Hamilton (WSU Hamilton), Prosser, Benton County",110029,Hamilton,2019-06-26 01:48:13.073858
2019-03-07,08:15,24.9,24.8,23.1,97.4,0.08,N@3.3,6.4,,0.0,268,"Hamilton (WSU Hamilton), Prosser, Benton County",110029,Hamilton,2019-06-26 01:48:13.073858
2019-03-07,08:30,27.8,27.5,25.9,95.0,0.14,NE@3.7,6.4,,0.0,308,"Hamilton (WSU Hamilton), Prosser, Benton County",110029,Hamilton,2019-06-26 01:48:13.073858
2019-03-07,08:45,29.9,29.1,27.0,90.6,0.55,NE@3.8,6.4,,0.0,347,"Hamilton (WSU Hamilton), Prosser, Benton County",110029,Hamilton,2019-06-26 01:48:13.073858
2019-03-07,09:00,31.9,31.0,27.7,84.9,0.99,NE@3.3,6.4,,0.01,387,"Hamilton (WSU Hamilton), Prosser, Benton County",110029,Hamilton,2019-06-26 01:48:13.073858
2019-03-07,09:15,37.2,35.8,30.7,77.1,1.0,E@0.1,2.8,,0.0,371,"Hamilton (WSU Hamilton), Prosser, Benton County",110029,Hamilton,2019-06-26 01:48:13.073858
2019-03-07,09:30,40.0,37.7,28.8,64.1,0.94,N@0.0,0.0,,0.0,0,"Hamilton (WSU Hamilton), Prosser, Benton County",110029,Hamilton,2019-06-26 01:48:13.073858
2019-03-07,09:45,38.5,36.4,26.8,62.3,0.88,N@0.0,0.0,,0.0,0,"Hamilton (WSU Hamilton), Prosser, Benton County",110029,Hamilton,2019-06-26 01:48:13.073858
2019-03-07,10:00,37.4,35.9,26.1,63.4,0.42,S@0.4,4.6,,0.0,381,"Hamilton (WSU Hamilton), Prosser, Benton County",110029,Hamilton,2019-06-26 01:48:13.073858
2019-03-07,10:15,41.0,40.0,28.6,61.1,0.0,N@0.0,0.0,,0.0,292,"Hamilton (WSU Hamilton), Prosser, Benton County",110029,Hamilton,2019-06-26 01:48:13.073858
2019-03-07,10:30,40.9,39.7,26.4,55.8,0.0,SE@0.1,2.8,,0.0,156,"Hamilton (WSU Hamilton), Prosser, Benton County",110029,Hamilton,2019-06-26 01:48:13.073858
2019-03-07,10:45,37.2,35.8,24.6,60.0,0.0,SE@3.1,6.4,,0.0,498,"Hamilton (WSU Hamilton), Prosser, Benton County",110029,Hamilton,2019-06-26 01:48:13.073858
2019-03-07,11:00,39.2,37.9,26.8,60.6,0.0,SE@1.0,4.6,,0.0,607,"Hamilton (WSU Hamilton), Prosser, Benton County",110029,Hamilton,2019-06-26 01:48:13.073858
2019-03-07,11:15,38.8,37.7,25.1,57.6,0.0,S@2.8,4.6,,0.0,659,"Hamilton (WSU Hamilton), Prosser, Benton County",110029,Hamilton,2019-06-26 01:48:13.073858
2019-03-07,11:30,36.7,36.0,24.7,61.4,0.0,SE@3.8,6.4,,0.0,446,"Hamilton (WSU Hamilton), Prosser, Benton County",110029,Hamilton,2019-06-26 01:48:13.073858
2019-03-07,11:45,37.4,36.5,25.5,61.9,0.0,SE@3.5,6.4,,0.0,490,"Hamilton (WSU Hamilton), Prosser, Benton County",110029,Hamilton,2019-06-26 01:48:13.073858
2019-03-07,12:00,37.9,37.1,25.7,61.1,0.0,S@3.4,6.4,,0.0,667,"Hamilton (WSU Hamilton), Prosser, Benton County",110029,Hamilton,2019-06-26 01:48:13.073858
2019-03-07,12:15,39.3,38.6,26.4,59.4,0.0,S@1.5,6.4,,0.0,510,"Hamilton (WSU Hamilton), Prosser, Benton County",110029,Hamilton,2019-06-26 01:48:13.073858
2019-03-07,12:30,35.4,34.9,25.0,65.5,0.0,S@4.5,9.9,,0.0,472,"Hamilton (WSU Hamilton), Prosser, Benton County",110029,Hamilton,2019-06-26 01:48:13.073858
2019-03-07,12:45,35.1,34.4,25.9,69.0,0.0,S@4.6,8.2,,0.0,542,"Hamilton (WSU Hamilton), Prosser, Benton County",110029,Hamilton,2019-06-26 01:48:13.073858
2019-03-07,13:00,36.4,35.7,26.4,66.7,0.0,S@5.3,9.9,,0.0,572,"Hamilton (WSU Hamilton), Prosser, Benton County",110029,Hamilton,2019-06-26 01:48:13.073858
2019-03-07,13:15,39.5,38.5,27.3,61.5,0.0,SE@3.7,6.4,,0.0,669,"Hamilton (WSU Hamilton), Prosser, Benton County",110029,Hamilton,2019-06-26 01:48:13.073858
2019-03-07,13:30,40.8,39.9,27.6,59.1,0.0,SE@2.0,6.4,,0.0,635,"Hamilton (WSU Hamilton), Prosser, Benton County",110029,Hamilton,2019-06-26 01:48:13.073858
2019-03-07,13:45,41.1,40.3,27.1,57.1,0.0,SE@2.9,6.4,,0.0,557,"Hamilton (WSU Hamilton), Prosser, Benton County",110029,Hamilton,2019-06-26 01:48:13.073858
2019-03-07,14:00,41.4,40.5,27.5,57.5,0.0,S@1.9,4.6,,0.0,554,"Hamilton (WSU Hamilton), Prosser, Benton County",110029,Hamilton,2019-06-26 01:48:13.073858
2019-03-07,14:15,43.3,42.5,27.8,53.9,0.0,SE@0.9,4.6,,0.0,300,"Hamilton (WSU Hamilton), Prosser, Benton County",110029,Hamilton,2019-06-26 01:48:13.073858
2019-03-07,14:30,39.4,39.1,26.7,60.0,0.0,E@2.5,4.6,,0.0,308,"Hamilton (WSU Hamilton), Prosser, Benton County",110029,Hamilton,2019-06-26 01:48:13.073858
2019-03-07,14:45,39.6,39.3,27.4,61.2,0.0,NE@1.7,4.6,,0.0,303,"Hamilton (WSU Hamilton), Prosser, Benton County",110029,Hamilton,2019-06-26 01:48:13.073858
2019-03-07,15:00,41.8,41.5,27.7,57.0,0.0,S@0.4,4.6,,0.0,273,"Hamilton (WSU Hamilton), Prosser, Benton County",110029,Hamilton,2019-06-26 01:48:13.073858
2019-03-07,15:15,41.2,40.5,27.3,57.4,0.0,SW@3.4,9.9,,0.0,390,"Hamilton (WSU Hamilton), Prosser, Benton County",110029,Hamilton,2019-06-26 01:48:13.073858
2019-03-07,15:30,38.5,38.0,26.9,62.9,0.0,SW@4.0,8.2,,0.0,202,"Hamilton (WSU Hamilton), Prosser, Benton County",110029,Hamilton,2019-06-26 01:48:13.073858
2019-03-07,15:45,40.9,40.2,28.0,59.9,0.0,W@0.1,2.8,,0.0,289,"Hamilton (WSU Hamilton), Prosser, Benton County",110029,Hamilton,2019-06-26 01:48:13.073858
2019-03-07,16:00,41.2,40.5,27.7,58.5,0.0,SE@2.1,6.4,,0.0,358,"Hamilton (WSU Hamilton), Prosser, Benton County",110029,Hamilton,2019-06-26 01:48:13.073858
2019-03-07,16:15,43.9,43.8,28.0,53.3,0.0,S@0.4,2.8,,0.0,303,"Hamilton (WSU Hamilton), Prosser, Benton County",110029,Hamilton,2019-06-26 01:48:13.073858
2019-03-07,16:30,45.6,45.6,28.0,49.9,0.0,SE@0.6,4.6,,0.0,264,"Hamilton (WSU Hamilton), Prosser, Benton County",110029,Hamilton,2019-06-26 01:48:13.073858
2019-03-07,16:45,39.4,39.1,26.3,59.0,0.0,S@2.3,4.6,,0.0,104,"Hamilton (WSU Hamilton), Prosser, Benton County",110029,Hamilton,2019-06-26 01:48:13.073858
2019-03-07,17:00,40.0,39.4,27.1,59.6,0.0,W@3.8,8.2,,0.0,138,"Hamilton (WSU Hamilton), Prosser, Benton County",110029,Hamilton,2019-06-26 01:48:13.073858
2019-03-07,17:15,39.8,39.3,26.9,59.6,0.0,W@5.6,9.9,,0.0,110,"Hamilton (WSU Hamilton), Prosser, Benton County",110029,Hamilton,2019-06-26 01:48:13.073858
2019-03-07,17:30,38.2,37.9,26.4,62.1,0.0,SW@2.6,6.4,,0.0,29,"Hamilton (WSU Hamilton), Prosser, Benton County",110029,Hamilton,2019-06-26 01:48:13.073858
2019-03-07,17:45,35.4,35.1,25.8,67.7,0.0,SE@2.2,6.4,,0.0,16,"Hamilton (WSU Hamilton), Prosser, Benton County",110029,Hamilton,2019-06-26 01:48:13.073858
2019-03-07,18:00,35.7,35.5,26.1,67.8,0.0,E@3.2,6.4,,0.0,6,"Hamilton (WSU Hamilton), Prosser, Benton County",110029,Hamilton,2019-06-26 01:48:13.073858
2019-03-07,18:15,34.3,34.0,25.4,69.8,0.0,NW@0.9,4.6,,0.0,1,"Hamilton (WSU Hamilton), Prosser, Benton County",110029,Hamilton,2019-06-26 01:48:13.073858
2019-03-07,18:30,34.5,33.8,26.2,71.3,0.0,N@2.5,4.6,,0.0,0,"Hamilton (WSU Hamilton), Prosser, Benton County",110029,Hamilton,2019-06-26 01:48:13.073858
2019-03-07,18:45,33.3,33.0,25.8,73.8,0.0,NE@4.2,6.4,,0.0,0,"Hamilton (WSU Hamilton), Prosser, Benton County",110029,Hamilton,2019-06-26 01:48:13.073858
2019-03-07,19:00,33.8,33.6,26.3,73.9,0.0,E@3.6,6.4,,0.0,0,"Hamilton (WSU Hamilton), Prosser, Benton County",110029,Hamilton,2019-06-26 01:48:13.073858
2019-03-07,19:15,34.1,33.9,27.0,74.7,0.0,S@3.4,6.4,,0.0,0,"Hamilton (WSU Hamilton), Prosser, Benton County",110029,Hamilton,2019-06-26 01:48:13.073858
2019-03-07,19:30,33.1,32.8,26.5,76.5,0.0,N@2.6,6.4,,0.0,0,"Hamilton (WSU Hamilton), Prosser, Benton County",110029,Hamilton,2019-06-26 01:48:13.073858
2019-03-07,19:45,32.4,32.3,26.6,78.9,0.0,E@3.2,6.4,,0.0,0,"Hamilton (WSU Hamilton), Prosser, Benton County",110029,Hamilton,2019-06-26 01:48:13.073858
2019-03-07,20:00,31.9,31.6,25.9,78.6,0.0,SW@1.7,4.6,,0.0,0,"Hamilton (WSU Hamilton), Prosser, Benton County",110029,Hamilton,2019-06-26 01:48:13.073858
2019-03-07,20:15,28.9,28.6,23.9,83.0,0.05,SW@1.2,6.4,,0.0,0,"Hamilton (WSU Hamilton), Prosser, Benton County",110029,Hamilton,2019-06-26 01:48:13.073858
2019-03-07,20:30,26.9,26.6,23.1,88.5,0.11,W@3.3,6.4,,0.0,0,"Hamilton (WSU Hamilton), Prosser, Benton County",110029,Hamilton,2019-06-26 01:48:13.073858
2019-03-07,20:45,26.7,26.5,24.0,92.5,0.23,W@3.2,6.4,,0.0,0,"Hamilton (WSU Hamilton), Prosser, Benton County",110029,Hamilton,2019-06-26 01:48:13.073858
2019-03-07,21:00,26.5,26.1,24.0,93.6,0.43,NW@3.4,6.4,,0.0,0,"Hamilton (WSU Hamilton), Prosser, Benton County",110029,Hamilton,2019-06-26 01:48:13.073858
2019-03-07,21:15,26.4,26.1,24.2,94.6,0.48,NW@4.4,8.2,,0.0,0,"Hamilton (WSU Hamilton), Prosser, Benton County",110029,Hamilton,2019-06-26 01:48:13.073858
2019-03-07,21:30,26.8,26.3,24.6,94.4,0.09,N@4.8,6.4,,0.0,0,"Hamilton (WSU Hamilton), Prosser, Benton County",110029,Hamilton,2019-06-26 01:48:13.073858
2019-03-07,21:45,26.5,26.0,23.9,93.2,0.09,N@5.0,6.4,,0.0,0,"Hamilton (WSU Hamilton), Prosser, Benton County",110029,Hamilton,2019-06-26 01:48:13.073858
2019-03-07,22:00,27.9,27.4,25.4,92.8,0.09,N@4.8,8.2,,0.0,0,"Hamilton (WSU Hamilton), Prosser, Benton County",110029,Hamilton,2019-06-26 01:48:13.073858
2019-03-07,22:15,28.9,28.4,26.3,92.3,0.02,N@4.3,8.2,,0.0,0,"Hamilton (WSU Hamilton), Prosser, Benton County",110029,Hamilton,2019-06-26 01:48:13.073858
2019-03-07,22:30,26.9,26.5,23.9,91.5,0.0,W@2.2,4.6,,0.0,0,"Hamilton (WSU Hamilton), Prosser, Benton County",110029,Hamilton,2019-06-26 01:48:13.073858
2019-03-07,22:45,25.4,25.2,23.1,94.6,0.0,SW@2.2,4.6,,0.0,0,"Hamilton (WSU Hamilton), Prosser, Benton County",110029,Hamilton,2019-06-26 01:48:13.073858
2019-03-07,23:00,25.6,25.4,23.6,95.9,0.01,SW@2.5,4.6,,0.0,0,"Hamilton (WSU Hamilton), Prosser, Benton County",110029,Hamilton,2019-06-26 01:48:13.073858
2019-03-07,23:15,25.6,25.3,23.7,96.5,0.04,W@1.9,4.6,,0.0,0,"Hamilton (WSU Hamilton), Prosser, Benton County",110029,Hamilton,2019-06-26 01:48:13.073858
2019-03-07,23:30,25.4,25.1,23.6,96.8,0.06,SE@0.8,4.6,,0.0,0,"Hamilton (WSU Hamilton), Prosser, Benton County",110029,Hamilton,2019-06-26 01:48:13.073858
2019-03-07,23:45,25.5,25.2,23.9,97.6,0.07,W@1.9,4.6,,0.0,0,"Hamilton (WSU Hamilton), Prosser, Benton County",110029,Hamilton,2019-06-26 01:48:13.073858
2019-03-07,24:00,25.5,25.3,24.1,98.1,0.07,NW@1.8,4.6,,0.0,0,"Hamilton (WSU Hamilton), Prosser, Benton County",110029,Hamilton,2019-06-26 01:48:13.073858
2019-03-08,00:15,25.6,25.2,24.1,98.2,0.07,NW@3.9,6.4,,0.0,0,"Hamilton (WSU Hamilton), Prosser, Benton County",110029,Hamilton,2019-06-26 01:48:13.073858
2019-03-08,00:30,26.1,25.8,24.7,98.0,0.07,NW@1.9,6.4,,0.0,0,"Hamilton (WSU Hamilton), Prosser, Benton County",110029,Hamilton,2019-06-26 01:48:13.073858
2019-03-08,00:45,26.0,25.6,24.4,97.6,0.07,N@0.1,2.8,,0.0,0,"Hamilton (WSU Hamilton), Prosser, Benton County",110029,Hamilton,2019-06-26 01:48:13.073858
2019-03-08,01:00,26.2,25.9,24.8,97.9,0.07,NW@0.6,4.6,,0.0,0,"Hamilton (WSU Hamilton), Prosser, Benton County",110029,Hamilton,2019-06-26 01:48:13.073858
2019-03-08,01:15,25.9,25.5,24.3,97.6,0.07,NW@2.9,4.6,,0.0,0,"Hamilton (WSU Hamilton), Prosser, Benton County",110029,Hamilton,2019-06-26 01:48:13.073858
2019-03-08,01:30,25.4,25.1,23.9,97.9,0.06,W@0.7,4.6,,0.0,0,"Hamilton (WSU Hamilton), Prosser, Benton County",110029,Hamilton,2019-06-26 01:48:13.073858
2019-03-08,01:45,25.3,24.9,24.0,98.6,0.06,NW@2.1,4.6,,0.0,0,"Hamilton (WSU Hamilton), Prosser, Benton County",110029,Hamilton,2019-06-26 01:48:13.073858
2019-03-08,02:00,26.4,26.0,25.3,99.3,0.07,N@4.8,8.2,,0.0,0,"Hamilton (WSU Hamilton), Prosser, Benton County",110029,Hamilton,2019-06-26 01:48:13.073858
2019-03-08,02:15,25.8,25.6,24.5,98.6,0.07,NW@4.1,8.2,,0.0,0,"Hamilton (WSU Hamilton), Prosser, Benton County",110029,Hamilton,2019-06-26 01:48:13.073858
2019-03-08,02:30,25.3,24.9,24.0,99.0,0.06,SW@1.0,4.6,,0.0,0,"Hamilton (WSU Hamilton), Prosser, Benton County",110029,Hamilton,2019-06-26 01:48:13.073858
2019-03-08,02:45,24.9,24.5,23.7,99.4,0.06,W@0.7,2.8,,0.0,0,"Hamilton (WSU Hamilton), Prosser, Benton County",110029,Hamilton,2019-06-26 01:48:13.073858
2019-03-08,03:00,24.7,24.4,23.4,99.4,0.04,NW@1.8,4.6,,0.0,0,"Hamilton (WSU Hamilton), Prosser, Benton County",110029,Hamilton,2019-06-26 01:48:13.073858
2019-03-08,03:15,24.6,24.3,23.3,99.4,0.03,W@2.2,4.6,,0.0,0,"Hamilton (WSU Hamilton), Prosser, Benton County",110029,Hamilton,2019-06-26 01:48:13.073858
2019-03-08,03:30,23.5,23.1,22.1,99.4,0.0,NW@3.2,4.6,,0.0,0,"Hamilton (WSU Hamilton), Prosser, Benton County",110029,Hamilton,2019-06-26 01:48:13.073858
2019-03-08,03:45,23.5,23.1,22.1,99.4,0.0,N@2.1,4.6,,0.0,0,"Hamilton (WSU Hamilton), Prosser, Benton County",110029,Hamilton,2019-06-26 01:48:13.073858
2019-03-08,04:00,22.0,21.7,20.5,99.4,0.0,NE@1.0,4.6,,0.0,0,"Hamilton (WSU Hamilton), Prosser, Benton County",110029,Hamilton,2019-06-26 01:48:13.073858
2019-03-08,04:15,22.0,21.6,20.4,99.4,0.0,NW@1.9,4.6,,0.0,0,"Hamilton (WSU Hamilton), Prosser, Benton County",110029,Hamilton,2019-06-26 01:48:13.073858
2019-03-08,04:30,21.1,20.7,19.4,99.4,0.0,NW@3.1,4.6,,0.0,0,"Hamilton (WSU Hamilton), Prosser, Benton County",110029,Hamilton,2019-06-26 01:48:13.073858
2019-03-08,04:45,20.3,19.9,18.5,99.4,0.0,N@4.6,6.4,,0.0,0,"Hamilton (WSU Hamilton), Prosser, Benton County",110029,Hamilton,2019-06-26 01:48:13.073858
2019-03-08,05:00,20.2,19.7,18.4,99.4,0.0,N@4.2,6.4,,0.0,0,"Hamilton (WSU Hamilton), Prosser, Benton County",110029,Hamilton,2019-06-26 01:48:13.073858
2019-03-08,05:15,19.4,19.0,17.6,99.4,0.0,NW@2.8,6.4,,0.0,0,"Hamilton (WSU Hamilton), Prosser, Benton County",110029,Hamilton,2019-06-26 01:48:13.073858
2019-03-08,05:30,18.9,18.6,17.0,99.4,0.0,W@2.7,6.4,,0.0,0,"Hamilton (WSU Hamilton), Prosser, Benton County",110029,Hamilton,2019-06-26 01:48:13.073858
2019-03-08,05:45,18.4,18.1,16.5,99.4,0.0,W@2.1,4.6,,0.0,0,"Hamilton (WSU Hamilton), Prosser, Benton County",110029,Hamilton,2019-06-26 01:48:13.073858
2019-03-08,06:00,18.7,18.4,16.8,99.4,0.0,SW@1.1,4.6,,0.0,0,"Hamilton (WSU Hamilton), Prosser, Benton County",110029,Hamilton,2019-06-26 01:48:13.073858
2019-03-08,06:15,18.9,18.6,17.0,99.4,0.0,S@2.1,4.6,,0.0,0,"Hamilton (WSU Hamilton), Prosser, Benton County",110029,Hamilton,2019-06-26 01:48:13.073858
2019-03-08,06:30,18.7,18.4,16.7,99.4,0.0,SE@1.4,4.6,,0.0,2,"Hamilton (WSU Hamilton), Prosser, Benton County",110029,Hamilton,2019-06-26 01:48:13.073858
2019-03-08,06:45,18.8,18.5,16.9,99.4,0.0,NE@0.5,2.8,,0.0,10,"Hamilton (WSU Hamilton), Prosser, Benton County",110029,Hamilton,2019-06-26 01:48:13.073858
2019-03-08,07:00,19.1,18.8,17.3,99.4,0.0,N@0.0,0.0,,0.0,22,"Hamilton (WSU Hamilton), Prosser, Benton County",110029,Hamilton,2019-06-26 01:48:13.073858
2019-03-08,07:15,19.2,18.9,17.3,99.4,0.0,W@2.6,4.6,,0.0,51,"Hamilton (WSU Hamilton), Prosser, Benton County",110029,Hamilton,2019-06-26 01:48:13.073858
2019-03-08,07:30,19.6,19.2,17.7,99.4,0.0,W@1.4,4.6,,0.0,70,"Hamilton (WSU Hamilton), Prosser, Benton County",110029,Hamilton,2019-06-26 01:48:13.073858
2019-03-08,07:45,20.4,20.0,18.7,99.4,0.03,S@0.3,2.8,,0.0,96,"Hamilton (WSU Hamilton), Prosser, Benton County",110029,Hamilton,2019-06-26 01:48:13.073858
2019-03-08,08:00,20.9,20.4,19.2,99.4,0.06,S@0.8,4.6,,0.0,151,"Hamilton (WSU Hamilton), Prosser, Benton County",110029,Hamilton,2019-06-26 01:48:13.073858
2019-03-08,08:15,20.7,20.3,18.9,99.4,0.04,SW@3.4,4.6,,0.0,132,"Hamilton (WSU Hamilton), Prosser, Benton County",110029,Hamilton,2019-06-26 01:48:13.073858
2019-03-08,08:30,20.1,19.7,18.3,99.4,0.02,W@3.8,6.4,,0.0,157,"Hamilton (WSU Hamilton), Prosser, Benton County",110029,Hamilton,2019-06-26 01:48:13.073858
2019-03-08,08:45,20.5,19.9,18.7,99.4,0.06,W@2.4,6.4,,0.0,219,"Hamilton (WSU Hamilton), Prosser, Benton County",110029,Hamilton,2019-06-26 01:48:13.073858
2019-03-08,09:00,20.1,19.6,18.3,99.4,0.07,S@3.0,4.6,,0.0,253,"Hamilton (WSU Hamilton), Prosser, Benton County",110029,Hamilton,2019-06-26 01:48:13.073858
2019-03-08,09:15,20.8,20.2,19.1,99.4,0.11,S@0.8,4.6,,0.0,313,"Hamilton (WSU Hamilton), Prosser, Benton County",110029,Hamilton,2019-06-26 01:48:13.073858
2019-03-08,09:30,21.1,20.5,19.5,99.4,0.16,SW@0.7,2.8,,0.0,336,"Hamilton (WSU Hamilton), Prosser, Benton County",110029,Hamilton,2019-06-26 01:48:13.073858
2019-03-08,09:45,22.3,21.3,20.8,99.4,0.38,SW@1.5,4.6,,0.0,422,"Hamilton (WSU Hamilton), Prosser, Benton County",110029,Hamilton,2019-06-26 01:48:13.073858
2019-03-08,10:00,23.6,22.7,22.2,99.4,0.83,S@0.9,4.6,,0.0,466,"Hamilton (WSU Hamilton), Prosser, Benton County",110029,Hamilton,2019-06-26 01:48:13.073858
2019-03-08,10:15,23.1,22.3,21.6,99.4,0.78,S@1.7,4.6,,0.0,490,"Hamilton (WSU Hamilton), Prosser, Benton County",110029,Hamilton,2019-06-26 01:48:13.073858
2019-03-08,10:30,25.5,24.9,24.4,99.4,0.85,S@0.8,4.6,,0.0,550,"Hamilton (WSU Hamilton), Prosser, Benton County",110029,Hamilton,2019-06-26 01:48:13.073858
2019-03-08,10:45,28.0,26.6,27.2,99.5,0.28,S@0.0,2.8,,0.0,242,"Hamilton (WSU Hamilton), Prosser, Benton County",110029,Hamilton,2019-06-26 01:48:13.073858
2019-03-08,11:00,28.6,27.9,27.9,99.5,0.0,SW@0.9,4.6,,0.0,27,"Hamilton (WSU Hamilton), Prosser, Benton County",110029,Hamilton,2019-06-26 01:48:13.073858
2019-03-08,11:15,27.8,26.9,27.0,99.5,0.0,SW@1.6,4.6,,0.0,647,"Hamilton (WSU Hamilton), Prosser, Benton County",110029,Hamilton,2019-06-26 01:48:13.073858
2019-03-08,11:30,30.3,28.7,29.8,99.4,0.0,SW@0.9,4.6,,0.0,402,"Hamilton (WSU Hamilton), Prosser, Benton County",110029,Hamilton,2019-06-26 01:48:13.073858
2019-03-08,11:45,32.3,31.0,32.2,99.4,0.0,S@0.3,2.8,,0.0,293,"Hamilton (WSU Hamilton), Prosser, Benton County",110029,Hamilton,2019-06-26 01:48:13.073858
2019-03-08,12:00,32.3,31.4,31.8,97.8,0.0,SW@1.2,4.6,,0.0,332,"Hamilton (WSU Hamilton), Prosser, Benton County",110029,Hamilton,2019-06-26 01:48:13.073858
2019-03-08,12:15,37.0,36.2,34.5,90.5,0.0,N@0.0,0.0,,0.0,155,"Hamilton (WSU Hamilton), Prosser, Benton County",110029,Hamilton,2019-06-26 01:48:13.073858
2019-03-08,12:30,38.3,38.2,35.4,89.2,0.0,SW@0.0,2.8,,0.0,0,"Hamilton (WSU Hamilton), Prosser, Benton County",110029,Hamilton,2019-06-26 01:48:13.073858
2019-03-08,12:45,40.6,40.2,34.6,79.0,0.0,N@0.0,0.0,,0.0,0,"Hamilton (WSU Hamilton), Prosser, Benton County",110029,Hamilton,2019-06-26 01:48:13.073858
2019-03-08,13:00,37.6,36.5,27.3,66.1,0.0,E@0.5,4.6,,0.0,0,"Hamilton (WSU Hamilton), Prosser, Benton County",110029,Hamilton,2019-06-26 01:48:13.073858
2019-03-08,13:15,37.3,36.3,25.0,60.7,0.0,S@0.6,2.8,,0.0,0,"Hamilton (WSU Hamilton), Prosser, Benton County",110029,Hamilton,2019-06-26 01:48:13.073858
2019-03-08,13:30,36.5,35.6,23.3,58.3,0.0,S@2.3,4.6,,0.0,362,"Hamilton (WSU Hamilton), Prosser, Benton County",110029,Hamilton,2019-06-26 01:48:13.073858
2019-03-08,13:45,35.2,34.3,22.7,60.1,0.0,SE@4.2,6.4,,0.0,622,"Hamilton (WSU Hamilton), Prosser, Benton County",110029,Hamilton,2019-06-26 01:48:13.073858
2019-03-08,14:00,35.0,34.3,23.3,61.9,0.0,SE@6.0,9.9,,0.0,601,"Hamilton (WSU Hamilton), Prosser, Benton County",110029,Hamilton,2019-06-26 01:48:13.073858
2019-03-08,14:15,35.4,34.7,24.9,65.2,0.0,SE@4.8,8.2,,0.0,522,"Hamilton (WSU Hamilton), Prosser, Benton County",110029,Hamilton,2019-06-26 01:48:13.073858
2019-03-08,14:30,35.8,35.2,25.7,66.5,0.0,E@3.9,6.4,,0.0,486,"Hamilton (WSU Hamilton), Prosser, Benton County",110029,Hamilton,2019-06-26 01:48:13.073858
2019-03-08,14:45,36.3,35.6,26.4,66.8,0.0,SE@4.4,6.4,,0.0,499,"Hamilton (WSU Hamilton), Prosser, Benton County",110029,Hamilton,2019-06-26 01:48:13.073858
2019-03-08,15:00,35.9,35.3,26.5,68.5,0.0,E@4.3,6.4,,0.0,411,"Hamilton (WSU Hamilton), Prosser, Benton County",110029,Hamilton,2019-06-26 01:48:13.073858
2019-03-08,15:15,35.6,35.1,26.7,70.0,0.0,E@4.5,6.4,,0.0,377,"Hamilton (WSU Hamilton), Prosser, Benton County",110029,Hamilton,2019-06-26 01:48:13.073858
2019-03-08,15:30,35.7,35.2,26.9,70.3,0.0,E@4.8,8.2,,0.0,400,"Hamilton (WSU Hamilton), Prosser, Benton County",110029,Hamilton,2019-06-26 01:48:13.073858
2019-03-08,15:45,34.9,34.6,26.0,69.6,0.0,E@5.3,8.2,,0.0,294,"Hamilton (WSU Hamilton), Prosser, Benton County",110029,Hamilton,2019-06-26 01:48:13.073858
2019-03-08,16:00,33.6,33.4,25.2,70.8,0.0,E@4.3,8.2,,0.0,79,"Hamilton (WSU Hamilton), Prosser, Benton County",110029,Hamilton,2019-06-26 01:48:13.073858
2019-03-08,16:15,33.2,32.9,25.1,71.6,0.0,E@3.3,6.4,,0.0,84,"Hamilton (WSU Hamilton), Prosser, Benton County",110029,Hamilton,2019-06-26 01:48:13.073858
2019-03-08,16:30,33.3,33.0,25.4,72.4,0.0,E@3.6,4.6,,0.0,101,"Hamilton (WSU Hamilton), Prosser, Benton County",110029,Hamilton,2019-06-26 01:48:13.073858
2019-03-08,16:45,33.0,32.7,25.9,74.9,0.0,E@3.4,4.6,,0.0,100,"Hamilton (WSU Hamilton), Prosser, Benton County",110029,Hamilton,2019-06-26 01:48:13.073858
2019-03-08,17:00,33.1,32.8,26.1,75.4,0.0,E@2.8,4.6,,0.0,59,"Hamilton (WSU Hamilton), Prosser, Benton County",110029,Hamilton,2019-06-26 01:48:13.073858
2019-03-08,17:15,33.0,32.7,26.2,75.8,0.0,E@2.5,4.6,,0.0,42,"Hamilton (WSU Hamilton), Prosser, Benton County",110029,Hamilton,2019-06-26 01:48:13.073858
2019-03-08,17:30,32.8,32.5,26.3,76.8,0.0,E@1.4,4.6,,0.0,27,"Hamilton (WSU Hamilton), Prosser, Benton County",110029,Hamilton,2019-06-26 01:48:13.073858
2019-03-08,17:45,32.6,32.3,26.1,76.9,0.0,E@0.7,4.6,,0.0,14,"Hamilton (WSU Hamilton), Prosser, Benton County",110029,Hamilton,2019-06-26 01:48:13.073858
2019-03-08,18:00,32.3,32.1,26.0,77.2,0.0,NE@2.3,4.6,,0.0,4,"Hamilton (WSU Hamilton), Prosser, Benton County",110029,Hamilton,2019-06-26 01:48:13.073858
2019-03-08,18:15,32.2,31.9,25.8,76.9,0.0,E@0.4,2.8,,0.0,1,"Hamilton (WSU Hamilton), Prosser, Benton County",110029,Hamilton,2019-06-26 01:48:13.073858
2019-03-08,18:30,32.1,31.8,25.7,77.1,0.0,N@0.0,0.0,,0.0,0,"Hamilton (WSU Hamilton), Prosser, Benton County",110029,Hamilton,2019-06-26 01:48:13.073858
2019-03-08,18:45,31.3,31.0,25.3,78.9,0.0,N@0.0,0.0,,0.0,0,"Hamilton (WSU Hamilton), Prosser, Benton County",110029,Hamilton,2019-06-26 01:48:13.073858
2019-03-08,19:00,30.3,29.9,25.2,82.4,0.0,N@0.0,0.0,,0.0,0,"Hamilton (WSU Hamilton), Prosser, Benton County",110029,Hamilton,2019-06-26 01:48:13.073858
2019-03-08,19:15,29.9,29.6,25.8,86.1,0.0,N@0.0,0.0,,0.0,0,"Hamilton (WSU Hamilton), Prosser, Benton County",110029,Hamilton,2019-06-26 01:48:13.073858
2019-03-08,19:30,30.7,30.5,27.0,86.9,0.0,W@4.1,6.4,,0.0,0,"Hamilton (WSU Hamilton), Prosser, Benton County",110029,Hamilton,2019-06-26 01:48:13.073858
2019-03-08,19:45,30.3,30.0,27.6,91.2,0.04,W@5.0,8.2,,0.0,0,"Hamilton (WSU Hamilton), Prosser, Benton County",110029,Hamilton,2019-06-26 01:48:13.073858
2019-03-08,20:00,29.3,29.1,28.0,96.5,0.08,W@4.9,8.2,,0.0,0,"Hamilton (WSU Hamilton), Prosser, Benton County",110029,Hamilton,2019-06-26 01:48:13.073858
2019-03-08,20:15,28.8,28.6,27.6,97.7,0.09,W@3.7,8.2,,0.0,0,"Hamilton (WSU Hamilton), Prosser, Benton County",110029,Hamilton,2019-06-26 01:48:13.073858
2019-03-08,20:30,28.5,28.3,27.5,98.5,0.11,W@4.0,6.4,,0.0,0,"Hamilton (WSU Hamilton), Prosser, Benton County",110029,Hamilton,2019-06-26 01:48:13.073858
2019-03-08,20:45,27.7,27.4,26.7,99.0,0.17,W@3.0,4.6,,0.0,0,"Hamilton (WSU Hamilton), Prosser, Benton County",110029,Hamilton,2019-06-26 01:48:13.073858
2019-03-08,21:00,26.9,26.6,26.0,99.4,0.23,W@2.7,4.6,,0.0,0,"Hamilton (WSU Hamilton), Prosser, Benton County",110029,Hamilton,2019-06-26 01:48:13.073858
2019-03-08,21:15,26.8,26.5,25.8,99.4,0.21,W@3.7,4.6,,0.0,0,"Hamilton (WSU Hamilton), Prosser, Benton County",110029,Hamilton,2019-06-26 01:48:13.073858
2019-03-08,21:30,26.5,26.1,25.5,99.4,0.16,NW@0.3,2.8,,0.0,0,"Hamilton (WSU Hamilton), Prosser, Benton County",110029,Hamilton,2019-06-26 01:48:13.073858
2019-03-08,21:45,26.4,25.9,25.3,99.4,0.18,NW@0.8,2.8,,0.0,0,"Hamilton (WSU Hamilton), Prosser, Benton County",110029,Hamilton,2019-06-26 01:48:13.073858
2019-03-08,22:00,26.5,26.1,25.5,99.4,0.18,NW@0.1,2.8,,0.0,0,"Hamilton (WSU Hamilton), Prosser, Benton County",110029,Hamilton,2019-06-26 01:48:13.073858
2019-03-08,22:15,26.4,26.0,25.3,99.4,0.18,W@1.2,4.6,,0.0,0,"Hamilton (WSU Hamilton), Prosser, Benton County",110029,Hamilton,2019-06-26 01:48:13.073858
2019-03-08,22:30,27.2,26.9,26.2,99.4,0.24,NW@2.0,6.4,,0.0,0,"Hamilton (WSU Hamilton), Prosser, Benton County",110029,Hamilton,2019-06-26 01:48:13.073858
2019-03-08,22:45,27.4,27.0,26.5,99.4,0.25,NW@1.5,4.6,,0.0,0,"Hamilton (WSU Hamilton), Prosser, Benton County",110029,Hamilton,2019-06-26 01:48:13.073858
2019-03-08,23:00,27.4,27.0,26.5,99.4,0.25,N@3.1,6.4,,0.0,0,"Hamilton (WSU Hamilton), Prosser, Benton County",110029,Hamilton,2019-06-26 01:48:13.073858
2019-03-08,23:15,27.4,27.1,26.5,99.4,0.26,NW@3.4,6.4,,0.0,0,"Hamilton (WSU Hamilton), Prosser, Benton County",110029,Hamilton,2019-06-26 01:48:13.073858
2019-03-08,23:30,27.5,27.2,26.6,99.4,0.26,NW@2.5,6.4,,0.0,0,"Hamilton (WSU Hamilton), Prosser, Benton County",110029,Hamilton,2019-06-26 01:48:13.073858
2019-03-08,23:45,27.5,27.2,26.6,99.4,0.26,NW@2.4,4.6,,0.0,0,"Hamilton (WSU Hamilton), Prosser, Benton County",110029,Hamilton,2019-06-26 01:48:13.073858
2019-03-08,24:00,27.7,27.4,26.8,99.5,0.26,W@0.9,2.8,,0.0,0,"Hamilton (WSU Hamilton), Prosser, Benton County",110029,Hamilton,2019-06-26 01:48:13.073858
2019-03-09,00:15,27.8,27.5,27.0,99.5,0.26,NW@0.4,2.8,,0.0,0,"Hamilton (WSU Hamilton), Prosser, Benton County",110029,Hamilton,2019-06-26 01:48:13.073858
2019-03-09,00:30,28.0,27.7,27.2,99.4,0.26,NW@1.0,4.6,,0.0,0,"Hamilton (WSU Hamilton), Prosser, Benton County",110029,Hamilton,2019-06-26 01:48:13.073858
2019-03-09,00:45,27.8,27.5,26.9,99.5,0.25,N@1.8,4.6,,0.0,0,"Hamilton (WSU Hamilton), Prosser, Benton County",110029,Hamilton,2019-06-26 01:48:13.073858
2019-03-09,01:00,27.8,27.5,26.9,99.4,0.25,N@2.7,4.6,,0.0,0,"Hamilton (WSU Hamilton), Prosser, Benton County",110029,Hamilton,2019-06-26 01:48:13.073858
2019-03-09,01:15,27.8,27.5,27.0,99.4,0.25,N@3.4,4.6,,0.0,0,"Hamilton (WSU Hamilton), Prosser, Benton County",110029,Hamilton,2019-06-26 01:48:13.073858
2019-03-09,01:30,27.3,27.0,26.4,99.4,0.23,N@4.0,6.4,,0.0,0,"Hamilton (WSU Hamilton), Prosser, Benton County",110029,Hamilton,2019-06-26 01:48:13.073858
2019-03-09,01:45,27.2,26.9,26.3,99.4,0.22,N@3.9,6.4,,0.0,0,"Hamilton (WSU Hamilton), Prosser, Benton County",110029,Hamilton,2019-06-26 01:48:13.073858
2019-03-09,02:00,27.7,27.4,26.8,99.4,0.23,N@2.2,4.6,,0.0,0,"Hamilton (WSU Hamilton), Prosser, Benton County",110029,Hamilton,2019-06-26 01:48:13.073858
2019-03-09,02:15,27.6,27.3,26.8,99.4,0.22,N@0.0,0.0,,0.0,0,"Hamilton (WSU Hamilton), Prosser, Benton County",110029,Hamilton,2019-06-26 01:48:13.073858
2019-03-09,02:30,27.0,26.7,26.1,99.4,0.2,S@1.6,4.6,,0.0,0,"Hamilton (WSU Hamilton), Prosser, Benton County",110029,Hamilton,2019-06-26 01:48:13.073858
2019-03-09,02:45,26.2,25.9,25.2,99.4,0.18,SW@0.4,4.6,,0.0,0,"Hamilton (WSU Hamilton), Prosser, Benton County",110029,Hamilton,2019-06-26 01:48:13.073858
2019-03-09,03:00,26.6,26.2,25.6,99.4,0.19,N@0.0,0.0,,0.0,0,"Hamilton (WSU Hamilton), Prosser, Benton County",110029,Hamilton,2019-06-26 01:48:13.073858
2019-03-09,03:15,26.8,26.4,25.8,99.4,0.19,N@0.0,0.0,,0.0,0,"Hamilton (WSU Hamilton), Prosser, Benton County",110029,Hamilton,2019-06-26 01:48:13.073858
2019-03-09,03:30,26.5,26.1,25.4,99.5,0.18,S@0.3,2.8,,0.0,0,"Hamilton (WSU Hamilton), Prosser, Benton County",110029,Hamilton,2019-06-26 01:48:13.073858
2019-03-09,03:45,26.4,26.0,25.4,99.5,0.18,N@0.0,0.0,,0.0,0,"Hamilton (WSU Hamilton), Prosser, Benton County",110029,Hamilton,2019-06-26 01:48:13.073858
2019-03-09,04:00,26.6,26.1,25.6,99.5,0.19,N@0.5,2.8,,0.0,0,"Hamilton (WSU Hamilton), Prosser, Benton County",110029,Hamilton,2019-06-26 01:48:13.073858
2019-03-09,04:15,26.8,26.5,25.8,99.5,0.2,N@2.1,4.6,,0.0,0,"Hamilton (WSU Hamilton), Prosser, Benton County",110029,Hamilton,2019-06-26 01:48:13.073858
2019-03-09,04:30,26.8,26.5,25.8,99.5,0.2,NE@1.8,4.6,,0.0,0,"Hamilton (WSU Hamilton), Prosser, Benton County",110029,Hamilton,2019-06-26 01:48:13.073858
2019-03-09,04:45,27.0,26.8,26.1,99.5,0.21,E@2.0,4.6,,0.0,0,"Hamilton (WSU Hamilton), Prosser, Benton County",110029,Hamilton,2019-06-26 01:48:13.073858
2019-03-09,05:00,26.5,26.2,25.4,99.5,0.19,E@4.1,8.2,,0.0,0,"Hamilton (WSU Hamilton), Prosser, Benton County",110029,Hamilton,2019-06-26 01:48:13.073858
2019-03-09,05:15,25.6,25.4,24.4,99.5,0.17,E@3.8,6.4,,0.0,0,"Hamilton (WSU Hamilton), Prosser, Benton County",110029,Hamilton,2019-06-26 01:48:13.073858
2019-03-09,05:30,25.4,25.2,24.2,99.4,0.16,E@3.6,4.6,,0.0,0,"Hamilton (WSU Hamilton), Prosser, Benton County",110029,Hamilton,2019-06-26 01:48:13.073858
2019-03-09,05:45,25.1,24.8,23.9,99.4,0.15,E@3.9,6.4,,0.0,0,"Hamilton (WSU Hamilton), Prosser, Benton County",110029,Hamilton,2019-06-26 01:48:13.073858
2019-03-09,06:00,24.7,24.4,23.4,99.4,0.14,E@4.0,6.4,,0.0,0,"Hamilton (WSU Hamilton), Prosser, Benton County",110029,Hamilton,2019-06-26 01:48:13.073858
2019-03-09,06:15,24.3,24.1,23.0,99.4,0.13,E@3.2,6.4,,0.0,0,"Hamilton (WSU Hamilton), Prosser, Benton County",110029,Hamilton,2019-06-26 01:48:13.073858
2019-03-09,06:30,24.5,24.3,23.3,99.4,0.13,NE@3.3,6.4,,0.0,3,"Hamilton (WSU Hamilton), Prosser, Benton County",110029,Hamilton,2019-06-26 01:48:13.073858
2019-03-09,06:45,24.9,24.6,23.7,99.4,0.14,NE@0.6,4.6,,0.0,8,"Hamilton (WSU Hamilton), Prosser, Benton County",110029,Hamilton,2019-06-26 01:48:13.073858
2019-03-09,07:00,25.3,25.0,24.1,99.4,0.15,NE@1.1,4.6,,0.0,18,"Hamilton (WSU Hamilton), Prosser, Benton County",110029,Hamilton,2019-06-26 01:48:13.073858
2019-03-09,07:15,25.7,25.5,24.6,99.4,0.16,NE@1.0,4.6,,0.0,32,"Hamilton (WSU Hamilton), Prosser, Benton County",110029,Hamilton,2019-06-26 01:48:13.073858
2019-03-09,07:30,26.4,25.9,25.3,99.4,0.18,NW@0.6,2.8,,0.0,51,"Hamilton (WSU Hamilton), Prosser, Benton County",110029,Hamilton,2019-06-26 01:48:13.073858
2019-03-09,07:45,27.6,27.4,26.5,98.4,0.16,N@0.0,0.0,,0.0,78,"Hamilton (WSU Hamilton), Prosser, Benton County",110029,Hamilton,2019-06-26 01:48:13.073858
2019-03-09,08:00,28.2,28.3,26.4,95.5,0.03,N@0.0,0.0,,0.0,102,"Hamilton (WSU Hamilton), Prosser, Benton County",110029,Hamilton,2019-06-26 01:48:13.073858
2019-03-09,08:15,28.1,28.0,26.2,95.3,0.0,N@1.8,4.6,,0.0,122,"Hamilton (WSU Hamilton), Prosser, Benton County",110029,Hamilton,2019-06-26 01:48:13.073858
2019-03-09,08:30,28.1,27.9,26.6,96.5,0.0,W@1.6,6.4,,0.0,137,"Hamilton (WSU Hamilton), Prosser, Benton County",110029,Hamilton,2019-06-26 01:48:13.073858
2019-03-09,08:45,27.7,27.1,26.7,99.0,0.0,W@3.4,6.4,,0.0,152,"Hamilton (WSU Hamilton), Prosser, Benton County",110029,Hamilton,2019-06-26 01:48:13.073858
2019-03-09,09:00,27.6,27.1,26.7,99.4,0.0,W@4.1,6.4,,0.0,173,"Hamilton (WSU Hamilton), Prosser, Benton County",110029,Hamilton,2019-06-26 01:48:13.073858
2019-03-09,09:15,27.8,27.4,26.9,99.2,0.0,W@4.1,6.4,,0.0,213,"Hamilton (WSU Hamilton), Prosser, Benton County",110029,Hamilton,2019-06-26 01:48:13.073858
2019-03-09,09:30,28.2,27.7,27.1,98.3,0.0,SW@3.9,6.4,,0.0,270,"Hamilton (WSU Hamilton), Prosser, Benton County",110029,Hamilton,2019-06-26 01:48:13.073858
2019-03-09,09:45,28.7,28.0,27.4,97.4,0.0,W@4.4,6.4,,0.0,318,"Hamilton (WSU Hamilton), Prosser, Benton County",110029,Hamilton,2019-06-26 01:48:13.073858
2019-03-09,10:00,28.9,28.4,27.4,96.2,0.0,W@5.1,8.2,,0.0,334,"Hamilton (WSU Hamilton), Prosser, Benton County",110029,Hamilton,2019-06-26 01:48:13.073858
2019-03-09,10:15,29.2,28.6,26.8,92.3,0.0,W@5.8,9.9,,0.0,367,"Hamilton (WSU Hamilton), Prosser, Benton County",110029,Hamilton,2019-06-26 01:48:13.073858
2019-03-09,10:30,29.8,29.1,26.9,90.5,0.0,W@6.1,8.2,,0.0,410,"Hamilton (WSU Hamilton), Prosser, Benton County",110029,Hamilton,2019-06-26 01:48:13.073858
2019-03-09,10:45,30.4,29.7,27.3,89.1,0.0,W@6.4,8.2,,0.0,474,"Hamilton (WSU Hamilton), Prosser, Benton County",110029,Hamilton,2019-06-26 01:48:13.073858
2019-03-09,11:00,31.0,30.2,27.4,87.3,0.0,W@6.8,9.9,,0.0,530,"Hamilton (WSU Hamilton), Prosser, Benton County",110029,Hamilton,2019-06-26 01:48:13.073858
2019-03-09,11:15,31.0,30.3,27.2,86.7,0.0,W@7.0,9.9,,0.0,482,"Hamilton (WSU Hamilton), Prosser, Benton County",110029,Hamilton,2019-06-26 01:48:13.073858
2019-03-09,11:30,30.9,30.2,26.4,84.3,0.0,W@9.0,13.5,,0.0,454,"Hamilton (WSU Hamilton), Prosser, Benton County",110029,Hamilton,2019-06-26 01:48:13.073858
2019-03-09,11:45,31.4,30.6,26.5,82.4,0.0,W@7.6,11.7,,0.0,527,"Hamilton (WSU Hamilton), Prosser, Benton County",110029,Hamilton,2019-06-26 01:48:13.073858
2019-03-09,12:00,32.0,31.1,26.4,80.1,0.0,W@7.8,11.7,,0.0,516,"Hamilton (WSU Hamilton), Prosser, Benton County",110029,Hamilton,2019-06-26 01:48:13.073858
2019-03-09,12:15,32.6,31.8,26.8,78.9,0.0,W@7.1,11.7,,0.0,531,"Hamilton (WSU Hamilton), Prosser, Benton County",110029,Hamilton,2019-06-26 01:48:13.073858
2019-03-09,12:30,33.6,32.7,27.0,76.7,0.0,W@7.1,11.7,,0.0,542,"Hamilton (WSU Hamilton), Prosser, Benton County",110029,Hamilton,2019-06-26 01:48:13.073858
2019-03-09,12:45,36.7,36.2,27.7,69.6,0.0,N@2.7,6.4,,0.0,568,"Hamilton (WSU Hamilton), Prosser, Benton County",110029,Hamilton,2019-06-26 01:48:13.073858
2019-03-09,13:00,37.1,36.6,26.1,64.0,0.0,NW@3.6,9.9,,0.0,499,"Hamilton (WSU Hamilton), Prosser, Benton County",110029,Hamilton,2019-06-26 01:48:13.073858
2019-03-09,13:15,36.3,35.0,26.4,66.8,0.0,W@4.7,9.9,,0.0,721,"Hamilton (WSU Hamilton), Prosser, Benton County",110029,Hamilton,2019-06-26 01:48:13.073858
2019-03-09,13:30,35.9,34.6,26.2,67.5,0.0,W@5.2,9.9,,0.0,680,"Hamilton (WSU Hamilton), Prosser, Benton County",110029,Hamilton,2019-06-26 01:48:13.073858
2019-03-09,13:45,36.8,35.5,26.9,67.1,0.0,W@4.1,9.9,,0.0,652,"Hamilton (WSU Hamilton), Prosser, Benton County",110029,Hamilton,2019-06-26 01:48:13.073858
2019-03-09,14:00,36.8,35.6,26.2,65.4,0.0,NW@4.3,8.2,,0.0,604,"Hamilton (WSU Hamilton), Prosser, Benton County",110029,Hamilton,2019-06-26 01:48:13.073858
2019-03-09,14:15,36.6,35.6,25.9,64.7,0.0,NW@4.8,11.7,,0.0,583,"Hamilton (WSU Hamilton), Prosser, Benton County",110029,Hamilton,2019-06-26 01:48:13.073858
2019-03-09,14:30,36.4,35.8,25.8,65.3,0.0,NW@6.1,11.7,,0.0,561,"Hamilton (WSU Hamilton), Prosser, Benton County",110029,Hamilton,2019-06-26 01:48:13.073858
2019-03-09,14:45,35.9,35.8,25.7,66.1,0.0,N@5.8,9.9,,0.0,534,"Hamilton (WSU Hamilton), Prosser, Benton County",110029,Hamilton,2019-06-26 01:48:13.073858
2019-03-09,15:00,35.8,35.8,25.5,65.7,0.0,NW@5.3,8.2,,0.0,461,"Hamilton (WSU Hamilton), Prosser, Benton County",110029,Hamilton,2019-06-26 01:48:13.073858
2019-03-09,15:15,36.7,36.6,25.8,64.3,0.0,NW@4.0,8.2,,0.0,457,"Hamilton (WSU Hamilton), Prosser, Benton County",110029,Hamilton,2019-06-26 01:48:13.073858
2019-03-09,15:30,37.0,36.5,25.8,63.5,0.0,NW@3.5,6.4,,0.0,417,"Hamilton (WSU Hamilton), Prosser, Benton County",110029,Hamilton,2019-06-26 01:48:13.073858
2019-03-09,15:45,36.7,36.3,25.5,63.7,0.0,NW@4.1,8.2,,0.0,375,"Hamilton (WSU Hamilton), Prosser, Benton County",110029,Hamilton,2019-06-26 01:48:13.073858
2019-03-09,16:00,36.7,35.7,25.3,62.9,0.0,W@3.7,6.4,,0.0,333,"Hamilton (WSU Hamilton), Prosser, Benton County",110029,Hamilton,2019-06-26 01:48:13.073858
2019-03-09,16:15,36.6,35.6,25.2,63.1,0.0,W@3.2,6.4,,0.0,288,"Hamilton (WSU Hamilton), Prosser, Benton County",110029,Hamilton,2019-06-26 01:48:13.073858
2019-03-09,16:30,36.0,35.1,25.1,64.3,0.0,W@4.0,8.2,,0.0,244,"Hamilton (WSU Hamilton), Prosser, Benton County",110029,Hamilton,2019-06-26 01:48:13.073858
2019-03-09,16:45,34.9,34.2,25.0,67.0,0.0,W@4.6,8.2,,0.0,199,"Hamilton (WSU Hamilton), Prosser, Benton County",110029,Hamilton,2019-06-26 01:48:13.073858
2019-03-09,17:00,33.7,33.1,24.7,69.1,0.0,W@5.6,9.9,,0.0,157,"Hamilton (WSU Hamilton), Prosser, Benton County",110029,Hamilton,2019-06-26 01:48:13.073858
2019-03-09,17:15,31.6,31.1,24.7,76.0,0.0,W@6.1,9.9,,0.0,111,"Hamilton (WSU Hamilton), Prosser, Benton County",110029,Hamilton,2019-06-26 01:48:13.073858
2019-03-09,17:30,30.8,30.6,24.8,78.9,0.0,W@6.5,9.9,,0.0,71,"Hamilton (WSU Hamilton), Prosser, Benton County",110029,Hamilton,2019-06-26 01:48:13.073858
2019-03-09,17:45,30.1,29.9,24.3,79.7,0.0,W@6.2,9.9,,0.0,25,"Hamilton (WSU Hamilton), Prosser, Benton County",110029,Hamilton,2019-06-26 01:48:13.073858
2019-03-09,18:00,29.6,29.4,24.1,81.2,0.0,W@5.5,8.2,,0.0,8,"Hamilton (WSU Hamilton), Prosser, Benton County",110029,Hamilton,2019-06-26 01:48:13.073858
2019-03-09,18:15,29.1,28.9,23.6,81.5,0.0,W@4.3,6.4,,0.0,2,"Hamilton (WSU Hamilton), Prosser, Benton County",110029,Hamilton,2019-06-26 01:48:13.073858
2019-03-09,18:30,28.2,27.9,22.7,81.7,0.03,NW@1.9,6.4,,0.0,0,"Hamilton (WSU Hamilton), Prosser, Benton County",110029,Hamilton,2019-06-26 01:48:13.073858
2019-03-09,18:45,27.4,26.8,22.3,83.4,0.1,NW@0.1,2.8,,0.0,0,"Hamilton (WSU Hamilton), Prosser, Benton County",110029,Hamilton,2019-06-26 01:48:13.073858
2019-03-09,19:00,27.3,26.5,22.3,83.9,0.1,N@2.7,4.6,,0.0,0,"Hamilton (WSU Hamilton), Prosser, Benton County",110029,Hamilton,2019-06-26 01:48:13.073858
2019-03-09,19:15,26.9,26.2,22.0,84.5,0.09,N@3.0,4.6,,0.0,0,"Hamilton (WSU Hamilton), Prosser, Benton County",110029,Hamilton,2019-06-26 01:48:13.073858
2019-03-09,19:30,26.1,25.5,21.5,85.6,0.1,N@2.7,4.6,,0.0,0,"Hamilton (WSU Hamilton), Prosser, Benton County",110029,Hamilton,2019-06-26 01:48:13.073858
2019-03-09,19:45,25.5,24.8,21.2,87.2,0.12,N@3.6,6.4,,0.0,0,"Hamilton (WSU Hamilton), Prosser, Benton County",110029,Hamilton,2019-06-26 01:48:13.073858
2019-03-09,20:00,25.0,24.5,20.7,87.2,0.09,N@3.7,4.6,,0.0,0,"Hamilton (WSU Hamilton), Prosser, Benton County",110029,Hamilton,2019-06-26 01:48:13.073858
2019-03-09,20:15,24.5,24.0,20.0,86.8,0.07,N@3.8,6.4,,0.0,0,"Hamilton (WSU Hamilton), Prosser, Benton County",110029,Hamilton,2019-06-26 01:48:13.073858
2019-03-09,20:30,24.4,23.8,19.6,85.9,0.02,N@4.0,6.4,,0.0,0,"Hamilton (WSU Hamilton), Prosser, Benton County",110029,Hamilton,2019-06-26 01:48:13.073858
2019-03-09,20:45,23.9,23.4,19.2,86.3,0.04,N@4.2,6.4,,0.0,0,"Hamilton (WSU Hamilton), Prosser, Benton County",110029,Hamilton,2019-06-26 01:48:13.073858
2019-03-09,21:00,23.3,22.8,18.7,86.7,0.06,N@3.9,6.4,,0.0,0,"Hamilton (WSU Hamilton), Prosser, Benton County",110029,Hamilton,2019-06-26 01:48:13.073858
2019-03-09,21:15,22.2,21.7,17.7,87.6,0.07,N@3.7,6.4,,0.0,0,"Hamilton (WSU Hamilton), Prosser, Benton County",110029,Hamilton,2019-06-26 01:48:13.073858
2019-03-09,21:30,21.4,21.0,17.2,88.9,0.08,N@4.1,6.4,,0.0,0,"Hamilton (WSU Hamilton), Prosser, Benton County",110029,Hamilton,2019-06-26 01:48:13.073858
2019-03-09,21:45,21.2,20.8,17.2,89.8,0.07,N@3.9,6.4,,0.0,0,"Hamilton (WSU Hamilton), Prosser, Benton County",110029,Hamilton,2019-06-26 01:48:13.073858
2019-03-09,22:00,20.4,20.1,16.3,89.9,0.03,NW@2.7,4.6,,0.0,0,"Hamilton (WSU Hamilton), Prosser, Benton County",110029,Hamilton,2019-06-26 01:48:13.073858
2019-03-09,22:15,20.9,20.6,17.3,91.3,0.07,NW@3.1,4.6,,0.0,0,"Hamilton (WSU Hamilton), Prosser, Benton County",110029,Hamilton,2019-06-26 01:48:13.073858
2019-03-09,22:30,21.4,21.1,17.8,91.6,0.05,NW@3.7,4.6,,0.0,0,"Hamilton (WSU Hamilton), Prosser, Benton County",110029,Hamilton,2019-06-26 01:48:13.073858
2019-03-09,22:45,21.1,20.8,17.6,91.5,0.07,NW@1.8,4.6,,0.0,0,"Hamilton (WSU Hamilton), Prosser, Benton County",110029,Hamilton,2019-06-26 01:48:13.073858
2019-03-09,23:00,20.1,19.6,16.5,92.0,0.03,NW@1.3,4.6,,0.0,0,"Hamilton (WSU Hamilton), Prosser, Benton County",110029,Hamilton,2019-06-26 01:48:13.073858
