Date,Time PST,1.5m Air Temp °F, 1.5m Dew Point °F, 1.5m Rel Hum %, Tot Prec in, Solar Rad W/m², Atm. 2m Press. inHg, Wind Direction, Wind Speed mph, 2m Wind Gust mph, 1.5m Leaf Wet u., 8 in. Soil Tmp °F,Location,Station ID,Station Name,Download Timestamp
2020-07-05,00:15,65.9,41.8,41.3,0.0,0,30.08,NW,4.1,12.1,0.0,78.9,"Wenatch.W, Wenatchee, Chelan County",330141,Wenatch.W,2020-12-13 21:57:36.203894
2020-07-05,00:30,65.5,42.0,42.1,0.0,0,30.08,NW,4.7,9.9,0.0,78.9,"Wenatch.W, Wenatchee, Chelan County",330141,Wenatch.W,2020-12-13 21:57:36.203894
2020-07-05,00:45,65.3,41.9,42.4,0.0,0,30.08,NW,3.7,9.6,0.0,78.8,"Wenatch.W, Wenatchee, Chelan County",330141,Wenatch.W,2020-12-13 21:57:36.203894
2020-07-05,01:00,65.0,42.2,43.2,0.0,0,30.08,NW,3.9,10.3,0.0,78.7,"Wenatch.W, Wenatchee, Chelan County",330141,Wenatch.W,2020-12-13 21:57:36.203894
2020-07-05,01:15,64.9,42.4,43.7,0.0,0,30.09,NW,4.6,9.2,0.0,78.7,"Wenatch.W, Wenatchee, Chelan County",330141,Wenatch.W,2020-12-13 21:57:36.203894
2020-07-05,01:30,64.9,42.1,43.4,0.0,0,30.08,NW,4.8,10.7,0.0,78.6,"Wenatch.W, Wenatchee, Chelan County",330141,Wenatch.W,2020-12-13 21:57:36.203894
2020-07-05,01:45,64.3,42.0,44.1,0.0,0,30.08,NW,4.0,8.5,0.0,78.5,"Wenatch.W, Wenatchee, Chelan County",330141,Wenatch.W,2020-12-13 21:57:36.203894
2020-07-05,02:00,64.3,41.9,43.9,0.0,0,30.08,NW,4.3,12.1,0.0,78.4,"Wenatch.W, Wenatchee, Chelan County",330141,Wenatch.W,2020-12-13 21:57:36.203894
2020-07-05,02:15,64.1,41.5,43.6,0.0,0,30.08,NW,4.0,9.6,0.0,78.4,"Wenatch.W, Wenatchee, Chelan County",330141,Wenatch.W,2020-12-13 21:57:36.203894
2020-07-05,02:30,64.3,41.5,43.2,0.0,0,30.08,NW,3.7,10.3,0.0,78.3,"Wenatch.W, Wenatchee, Chelan County",330141,Wenatch.W,2020-12-13 21:57:36.203894
2020-07-05,02:45,64.2,41.4,43.2,0.0,0,30.08,W,3.9,11.7,0.0,78.2,"Wenatch.W, Wenatchee, Chelan County",330141,Wenatch.W,2020-12-13 21:57:36.203894
2020-07-05,03:00,62.4,42.5,48.0,0.0,0,30.09,S,3.6,9.6,0.0,78.1,"Wenatch.W, Wenatchee, Chelan County",330141,Wenatch.W,2020-12-13 21:57:36.203894
2020-07-05,03:15,60.8,42.9,51.5,0.0,0,30.09,SE,1.5,4.6,0.0,78.0,"Wenatch.W, Wenatchee, Chelan County",330141,Wenatch.W,2020-12-13 21:57:36.203894
2020-07-05,03:30,60.2,43.0,52.8,0.0,0,30.09,S,2.1,5.3,0.0,78.0,"Wenatch.W, Wenatchee, Chelan County",330141,Wenatch.W,2020-12-13 21:57:36.203894
2020-07-05,03:45,59.8,43.0,53.7,0.0,0,30.1,S,3.1,6.4,0.0,77.9,"Wenatch.W, Wenatchee, Chelan County",330141,Wenatch.W,2020-12-13 21:57:36.203894
2020-07-05,04:00,59.1,43.2,55.4,0.0,0,30.1,S,3.0,6.4,0.0,77.8,"Wenatch.W, Wenatchee, Chelan County",330141,Wenatch.W,2020-12-13 21:57:36.203894
2020-07-05,04:15,58.8,43.2,56.2,0.0,3,30.1,SE,2.2,6.4,0.0,77.7,"Wenatch.W, Wenatchee, Chelan County",330141,Wenatch.W,2020-12-13 21:57:36.203894
2020-07-05,04:30,57.9,43.4,58.4,0.0,8,30.11,S,2.9,5.3,0.0,77.6,"Wenatch.W, Wenatchee, Chelan County",330141,Wenatch.W,2020-12-13 21:57:36.203894
2020-07-05,04:45,57.4,43.4,59.4,0.0,16,30.11,SW,2.2,5.7,0.0,77.6,"Wenatch.W, Wenatchee, Chelan County",330141,Wenatch.W,2020-12-13 21:57:36.203894
2020-07-05,05:00,57.9,43.5,58.4,0.0,53,30.11,S,2.2,5.7,0.0,77.5,"Wenatch.W, Wenatchee, Chelan County",330141,Wenatch.W,2020-12-13 21:57:36.203894
2020-07-05,05:15,58.5,43.8,58.0,0.0,85,30.11,S,2.4,4.9,0.0,77.4,"Wenatch.W, Wenatchee, Chelan County",330141,Wenatch.W,2020-12-13 21:57:36.203894
2020-07-05,05:30,59.3,44.1,57.1,0.0,117,30.11,S,2.4,5.3,0.0,77.3,"Wenatch.W, Wenatchee, Chelan County",330141,Wenatch.W,2020-12-13 21:57:36.203894
2020-07-05,05:45,60.1,44.1,55.2,0.0,152,30.11,SW,2.1,6.0,0.0,77.2,"Wenatch.W, Wenatchee, Chelan County",330141,Wenatch.W,2020-12-13 21:57:36.203894
2020-07-05,06:00,61.2,44.1,53.3,0.0,188,30.11,SE,2.7,5.7,0.0,77.1,"Wenatch.W, Wenatchee, Chelan County",330141,Wenatch.W,2020-12-13 21:57:36.203894
2020-07-05,06:15,61.7,44.3,52.7,0.0,227,30.11,SE,3.7,6.0,0.0,77.1,"Wenatch.W, Wenatchee, Chelan County",330141,Wenatch.W,2020-12-13 21:57:36.203894
2020-07-05,06:30,62.9,44.4,50.8,0.0,268,30.11,SE,3.0,4.6,0.0,77.0,"Wenatch.W, Wenatchee, Chelan County",330141,Wenatch.W,2020-12-13 21:57:36.203894
2020-07-05,06:45,63.6,44.3,49.3,0.0,309,30.1,SE,3.4,5.3,0.0,76.9,"Wenatch.W, Wenatchee, Chelan County",330141,Wenatch.W,2020-12-13 21:57:36.203894
2020-07-05,07:00,65.0,44.2,46.9,0.0,350,30.1,SE,3.9,6.4,0.0,76.8,"Wenatch.W, Wenatchee, Chelan County",330141,Wenatch.W,2020-12-13 21:57:36.203894
2020-07-05,07:15,66.7,44.0,43.9,0.0,392,30.09,SE,3.1,5.3,0.0,76.7,"Wenatch.W, Wenatchee, Chelan County",330141,Wenatch.W,2020-12-13 21:57:36.203894
2020-07-05,07:30,66.9,44.4,44.1,0.0,433,30.09,S,3.8,6.4,0.0,76.6,"Wenatch.W, Wenatchee, Chelan County",330141,Wenatch.W,2020-12-13 21:57:36.203894
2020-07-05,07:45,68.2,44.2,41.9,0.0,473,30.09,S,3.5,8.5,0.0,76.5,"Wenatch.W, Wenatchee, Chelan County",330141,Wenatch.W,2020-12-13 21:57:36.203894
2020-07-05,08:00,70.3,43.5,38.0,0.0,513,30.08,N,4.0,8.9,0.0,76.5,"Wenatch.W, Wenatchee, Chelan County",330141,Wenatch.W,2020-12-13 21:57:36.203894
2020-07-05,08:15,70.5,43.6,37.8,0.0,552,30.08,N,5.0,12.1,0.0,76.4,"Wenatch.W, Wenatchee, Chelan County",330141,Wenatch.W,2020-12-13 21:57:36.203894
2020-07-05,08:30,72.2,43.9,36.1,0.0,590,30.07,N,4.2,11.4,0.0,76.3,"Wenatch.W, Wenatchee, Chelan County",330141,Wenatch.W,2020-12-13 21:57:36.203894
2020-07-05,08:45,71.3,43.5,36.8,0.0,625,30.07,N,7.2,11.0,0.0,76.3,"Wenatch.W, Wenatchee, Chelan County",330141,Wenatch.W,2020-12-13 21:57:36.203894
2020-07-05,09:00,72.0,43.2,35.4,0.0,658,30.06,N,6.6,11.0,0.0,76.3,"Wenatch.W, Wenatchee, Chelan County",330141,Wenatch.W,2020-12-13 21:57:36.203894
2020-07-05,09:15,73.2,43.3,34.1,0.0,692,30.06,N ,6.3,10.7,0.0,76.2,"Wenatch.W, Wenatchee, Chelan County",330141,Wenatch.W,2020-12-13 21:57:36.203894
2020-07-05,09:30,74.6,43.4,32.7,0.0,722,30.06,N,5.0,9.2,0.0,76.2,"Wenatch.W, Wenatchee, Chelan County",330141,Wenatch.W,2020-12-13 21:57:36.203894
2020-07-05,09:45,75.1,42.8,31.4,0.0,750,30.05,N ,5.4,8.5,0.0,76.2,"Wenatch.W, Wenatchee, Chelan County",330141,Wenatch.W,2020-12-13 21:57:36.203894
2020-07-05,10:00,75.6,42.1,30.1,0.0,776,30.05,N ,4.7,9.6,0.0,76.2,"Wenatch.W, Wenatchee, Chelan County",330141,Wenatch.W,2020-12-13 21:57:36.203894
2020-07-05,10:15,76.4,42.1,29.2,0.0,800,30.06,E,3.5,6.4,0.0,76.2,"Wenatch.W, Wenatchee, Chelan County",330141,Wenatch.W,2020-12-13 21:57:36.203894
2020-07-05,10:30,76.9,41.7,28.4,0.0,822,30.05,E,3.4,7.4,0.0,76.3,"Wenatch.W, Wenatchee, Chelan County",330141,Wenatch.W,2020-12-13 21:57:36.203894
2020-07-05,10:45,77.0,40.6,27.1,0.0,840,30.05,E,2.9,5.7,0.0,76.3,"Wenatch.W, Wenatchee, Chelan County",330141,Wenatch.W,2020-12-13 21:57:36.203894
2020-07-05,11:00,78.2,40.0,25.4,0.0,855,30.05,E,2.5,6.7,0.0,76.3,"Wenatch.W, Wenatchee, Chelan County",330141,Wenatch.W,2020-12-13 21:57:36.203894
2020-07-05,11:15,78.1,39.9,25.4,0.0,868,30.05,N ,3.2,6.4,0.0,76.4,"Wenatch.W, Wenatchee, Chelan County",330141,Wenatch.W,2020-12-13 21:57:36.203894
2020-07-05,11:30,79.3,40.0,24.6,0.0,880,30.04,N ,3.3,7.8,0.0,76.4,"Wenatch.W, Wenatchee, Chelan County",330141,Wenatch.W,2020-12-13 21:57:36.203894
2020-07-05,11:45,80.1,40.4,24.3,0.0,886,30.04,N ,2.9,7.4,0.0,76.5,"Wenatch.W, Wenatchee, Chelan County",330141,Wenatch.W,2020-12-13 21:57:36.203894
2020-07-05,12:00,81.1,40.4,23.5,0.0,891,30.03,SE,2.6,5.7,0.0,76.6,"Wenatch.W, Wenatchee, Chelan County",330141,Wenatch.W,2020-12-13 21:57:36.203894
2020-07-05,12:15,81.2,40.1,23.1,0.0,891,30.03,SE,3.5,7.8,0.0,76.6,"Wenatch.W, Wenatchee, Chelan County",330141,Wenatch.W,2020-12-13 21:57:36.203894
2020-07-05,12:30,82.1,40.5,22.9,0.0,888,30.02,SE,3.3,7.1,0.0,76.7,"Wenatch.W, Wenatchee, Chelan County",330141,Wenatch.W,2020-12-13 21:57:36.203894
2020-07-05,12:45,82.9,40.8,22.5,0.0,881,30.02,SE,2.9,5.3,0.0,76.8,"Wenatch.W, Wenatchee, Chelan County",330141,Wenatch.W,2020-12-13 21:57:36.203894
2020-07-05,13:00,82.6,40.2,22.2,0.0,872,30.01,E,3.5,7.4,0.0,76.9,"Wenatch.W, Wenatchee, Chelan County",330141,Wenatch.W,2020-12-13 21:57:36.203894
2020-07-05,13:15,83.2,40.1,21.7,0.0,858,30.0,SE,3.2,6.7,0.0,77.1,"Wenatch.W, Wenatchee, Chelan County",330141,Wenatch.W,2020-12-13 21:57:36.203894
2020-07-05,13:30,84.0,40.2,21.2,0.0,845,30.0,SE,2.9,6.7,0.0,77.2,"Wenatch.W, Wenatchee, Chelan County",330141,Wenatch.W,2020-12-13 21:57:36.203894
2020-07-05,13:45,83.7,40.0,21.3,0.0,829,29.99,E,4.2,7.1,0.0,77.3,"Wenatch.W, Wenatchee, Chelan County",330141,Wenatch.W,2020-12-13 21:57:36.203894
2020-07-05,14:00,84.0,39.5,20.7,0.0,809,29.98,NE,3.4,7.1,0.0,77.5,"Wenatch.W, Wenatchee, Chelan County",330141,Wenatch.W,2020-12-13 21:57:36.203894
2020-07-05,14:15,84.5,39.4,20.2,0.0,784,29.98,SE,3.4,7.8,0.0,77.6,"Wenatch.W, Wenatchee, Chelan County",330141,Wenatch.W,2020-12-13 21:57:36.203894
2020-07-05,14:30,85.3,39.4,19.7,0.0,759,29.97,NE,3.5,8.5,0.0,77.8,"Wenatch.W, Wenatchee, Chelan County",330141,Wenatch.W,2020-12-13 21:57:36.203894
2020-07-05,14:45,85.1,39.0,19.5,0.0,731,29.97,NE,3.7,7.4,0.0,77.9,"Wenatch.W, Wenatchee, Chelan County",330141,Wenatch.W,2020-12-13 21:57:36.203894
2020-07-05,15:00,85.9,38.9,19.0,0.0,703,29.97,E,3.3,7.1,0.0,78.1,"Wenatch.W, Wenatchee, Chelan County",330141,Wenatch.W,2020-12-13 21:57:36.203894
2020-07-05,15:15,85.6,38.8,19.1,0.0,672,29.96,E,3.0,5.7,0.0,78.2,"Wenatch.W, Wenatchee, Chelan County",330141,Wenatch.W,2020-12-13 21:57:36.203894
2020-07-05,15:30,86.4,38.7,18.5,0.0,639,29.95,SE,3.3,7.8,0.0,78.4,"Wenatch.W, Wenatchee, Chelan County",330141,Wenatch.W,2020-12-13 21:57:36.203894
2020-07-05,15:45,86.1,38.8,18.8,0.0,602,29.95,SE,3.3,7.4,0.0,78.5,"Wenatch.W, Wenatchee, Chelan County",330141,Wenatch.W,2020-12-13 21:57:36.203894
2020-07-05,16:00,86.4,38.7,18.5,0.0,565,29.94,SE,3.9,9.2,0.0,78.7,"Wenatch.W, Wenatchee, Chelan County",330141,Wenatch.W,2020-12-13 21:57:36.203894
2020-07-05,16:15,86.2,38.5,18.6,0.0,529,29.94,SE,4.2,8.9,0.0,78.9,"Wenatch.W, Wenatchee, Chelan County",330141,Wenatch.W,2020-12-13 21:57:36.203894
2020-07-05,16:30,86.1,38.6,18.7,0.0,490,29.93,SE,5.0,9.2,0.0,79.0,"Wenatch.W, Wenatchee, Chelan County",330141,Wenatch.W,2020-12-13 21:57:36.203894
2020-07-05,16:45,86.3,38.7,18.6,0.0,451,29.93,SE,4.4,11.0,0.0,79.2,"Wenatch.W, Wenatchee, Chelan County",330141,Wenatch.W,2020-12-13 21:57:36.203894
2020-07-05,17:00,85.9,38.3,18.6,0.0,412,29.92,SE,4.5,8.5,0.0,79.3,"Wenatch.W, Wenatchee, Chelan County",330141,Wenatch.W,2020-12-13 21:57:36.203894
2020-07-05,17:15,85.7,38.2,18.6,0.0,369,29.92,SE,3.4,6.4,0.0,79.4,"Wenatch.W, Wenatchee, Chelan County",330141,Wenatch.W,2020-12-13 21:57:36.203894
2020-07-05,17:30,85.8,38.6,18.9,0.0,328,29.92,SE,3.8,7.8,0.0,79.6,"Wenatch.W, Wenatchee, Chelan County",330141,Wenatch.W,2020-12-13 21:57:36.203894
2020-07-05,17:45,85.6,38.5,18.8,0.0,284,29.92,SE,3.8,8.2,0.0,79.7,"Wenatch.W, Wenatchee, Chelan County",330141,Wenatch.W,2020-12-13 21:57:36.203894
2020-07-05,18:00,85.5,39.0,19.3,0.0,242,29.92,SE,3.6,7.1,0.0,79.8,"Wenatch.W, Wenatchee, Chelan County",330141,Wenatch.W,2020-12-13 21:57:36.203894
2020-07-05,18:15,85.0,39.7,20.2,0.0,203,29.91,SE,3.4,6.0,0.0,79.9,"Wenatch.W, Wenatchee, Chelan County",330141,Wenatch.W,2020-12-13 21:57:36.203894
2020-07-05,18:30,84.6,40.3,20.8,0.0,167,29.91,SE,2.7,5.3,0.0,80.0,"Wenatch.W, Wenatchee, Chelan County",330141,Wenatch.W,2020-12-13 21:57:36.203894
2020-07-05,18:45,84.1,40.4,21.3,0.0,130,29.91,SE,2.7,5.7,0.0,80.0,"Wenatch.W, Wenatchee, Chelan County",330141,Wenatch.W,2020-12-13 21:57:36.203894
2020-07-05,19:00,83.4,41.4,22.6,0.0,99,29.91,S,1.8,4.6,0.0,80.1,"Wenatch.W, Wenatchee, Chelan County",330141,Wenatch.W,2020-12-13 21:57:36.203894
2020-07-05,19:15,80.2,42.5,26.3,0.0,30,29.91,SW,1.0,3.1,0.0,80.2,"Wenatch.W, Wenatchee, Chelan County",330141,Wenatch.W,2020-12-13 21:57:36.203894
2020-07-05,19:30,77.8,44.7,30.8,0.0,21,29.91,NW,0.9,4.9,0.0,80.3,"Wenatch.W, Wenatchee, Chelan County",330141,Wenatch.W,2020-12-13 21:57:36.203894
2020-07-05,19:45,78.4,45.0,30.7,0.0,15,29.9,NW,2.2,7.1,0.0,80.3,"Wenatch.W, Wenatchee, Chelan County",330141,Wenatch.W,2020-12-13 21:57:36.203894
2020-07-05,20:00,78.6,45.1,30.5,0.0,8,29.9,NW,3.9,9.2,0.0,80.4,"Wenatch.W, Wenatchee, Chelan County",330141,Wenatch.W,2020-12-13 21:57:36.203894
2020-07-05,20:15,77.9,45.2,31.4,0.0,3,29.9,NW,3.3,9.9,0.0,80.4,"Wenatch.W, Wenatchee, Chelan County",330141,Wenatch.W,2020-12-13 21:57:36.203894
2020-07-05,20:30,77.4,45.2,32.0,0.0,0,29.91,NW,4.5,10.7,0.0,80.5,"Wenatch.W, Wenatchee, Chelan County",330141,Wenatch.W,2020-12-13 21:57:36.203894
2020-07-05,20:45,76.7,45.2,32.7,0.0,0,29.91,NW,4.0,10.7,0.0,80.5,"Wenatch.W, Wenatchee, Chelan County",330141,Wenatch.W,2020-12-13 21:57:36.203894
2020-07-05,21:00,76.1,45.0,33.1,0.0,0,29.91,NW,4.9,11.4,0.0,80.6,"Wenatch.W, Wenatchee, Chelan County",330141,Wenatch.W,2020-12-13 21:57:36.203894
2020-07-05,21:15,75.6,44.9,33.5,0.0,0,29.92,NW,5.2,14.6,0.0,80.6,"Wenatch.W, Wenatchee, Chelan County",330141,Wenatch.W,2020-12-13 21:57:36.203894
2020-07-05,21:30,75.2,44.8,33.7,0.0,0,29.92,NW,5.2,10.3,0.0,80.6,"Wenatch.W, Wenatchee, Chelan County",330141,Wenatch.W,2020-12-13 21:57:36.203894
2020-07-05,21:45,74.5,44.9,34.7,0.0,0,29.92,W,5.0,11.7,0.0,80.6,"Wenatch.W, Wenatchee, Chelan County",330141,Wenatch.W,2020-12-13 21:57:36.203894
2020-07-05,22:00,73.8,45.1,35.9,0.0,0,29.93,NW,4.8,12.8,0.0,80.6,"Wenatch.W, Wenatchee, Chelan County",330141,Wenatch.W,2020-12-13 21:57:36.203894
2020-07-05,22:15,73.2,45.2,36.7,0.0,0,29.93,NW,5.1,12.8,0.0,80.6,"Wenatch.W, Wenatchee, Chelan County",330141,Wenatch.W,2020-12-13 21:57:36.203894
2020-07-05,22:30,72.4,45.4,37.9,0.0,0,29.93,NW,4.8,12.8,0.0,80.6,"Wenatch.W, Wenatchee, Chelan County",330141,Wenatch.W,2020-12-13 21:57:36.203894
2020-07-05,22:45,72.1,45.5,38.5,0.0,0,29.93,NW,6.0,12.8,0.0,80.5,"Wenatch.W, Wenatchee, Chelan County",330141,Wenatch.W,2020-12-13 21:57:36.203894
2020-07-05,23:00,71.6,45.6,39.2,0.0,0,29.93,NW,5.7,12.4,0.0,80.5,"Wenatch.W, Wenatchee, Chelan County",330141,Wenatch.W,2020-12-13 21:57:36.203894
2020-07-06,23:15,71.0,45.6,40.0,0.0,0,29.93,NW,5.3,12.8,0.0,80.5,"Wenatch.W, Wenatchee, Chelan County",330141,Wenatch.W,2020-12-13 21:57:36.203894
2020-07-06,23:30,70.7,45.6,40.6,0.0,0,29.93,NW,5.6,11.7,0.0,80.4,"Wenatch.W, Wenatchee, Chelan County",330141,Wenatch.W,2020-12-13 21:57:36.203894
2020-07-06,23:45,70.6,45.4,40.4,0.0,0,29.93,NW,5.7,13.2,0.0,80.4,"Wenatch.W, Wenatchee, Chelan County",330141,Wenatch.W,2020-12-13 21:57:36.203894
2020-07-06,24:00,70.2,45.3,40.8,0.0,0,29.94,NW,5.5,13.2,0.0,80.3,"Wenatch.W, Wenatchee, Chelan County",330141,Wenatch.W,2020-12-13 21:57:36.203894
2020-07-06,00:15,69.7,45.4,41.6,0.0,0,29.93,NW,5.6,11.0,0.0,80.2,"Wenatch.W, Wenatchee, Chelan County",330141,Wenatch.W,2020-12-13 21:57:36.203894
2020-07-06,00:30,69.4,45.3,41.9,0.0,0,29.94,NW,5.2,12.4,0.0,80.2,"Wenatch.W, Wenatchee, Chelan County",330141,Wenatch.W,2020-12-13 21:57:36.203894
2020-07-06,00:45,68.9,45.4,42.8,0.0,0,29.94,NW,5.2,11.7,0.0,80.1,"Wenatch.W, Wenatchee, Chelan County",330141,Wenatch.W,2020-12-13 21:57:36.203894
2020-07-06,01:00,68.5,45.5,43.5,0.0,0,29.94,NW,5.2,12.4,0.0,80.1,"Wenatch.W, Wenatchee, Chelan County",330141,Wenatch.W,2020-12-13 21:57:36.203894
2020-07-06,01:15,68.0,45.6,44.4,0.0,0,29.94,NW,4.9,13.9,0.0,80.0,"Wenatch.W, Wenatchee, Chelan County",330141,Wenatch.W,2020-12-13 21:57:36.203894
2020-07-06,01:30,68.0,45.5,44.2,0.0,0,29.93,NW,5.6,12.1,0.0,80.0,"Wenatch.W, Wenatchee, Chelan County",330141,Wenatch.W,2020-12-13 21:57:36.203894
2020-07-06,01:45,67.7,45.4,44.7,0.0,0,29.93,W,5.6,13.5,0.0,79.9,"Wenatch.W, Wenatchee, Chelan County",330141,Wenatch.W,2020-12-13 21:57:36.203894
2020-07-06,02:00,67.7,45.1,44.0,0.0,0,29.94,W,4.5,9.6,0.0,79.9,"Wenatch.W, Wenatchee, Chelan County",330141,Wenatch.W,2020-12-13 21:57:36.203894
2020-07-06,02:15,67.7,44.8,43.7,0.0,0,29.94,W,4.2,10.7,0.0,79.8,"Wenatch.W, Wenatchee, Chelan County",330141,Wenatch.W,2020-12-13 21:57:36.203894
2020-07-06,02:30,67.4,44.9,44.3,0.0,0,29.94,W,3.9,9.6,0.0,79.7,"Wenatch.W, Wenatchee, Chelan County",330141,Wenatch.W,2020-12-13 21:57:36.203894
2020-07-06,02:45,67.5,44.9,44.0,0.0,0,29.94,SW,4.0,9.6,0.0,79.6,"Wenatch.W, Wenatchee, Chelan County",330141,Wenatch.W,2020-12-13 21:57:36.203894
2020-07-06,03:00,66.5,45.4,46.4,0.0,0,29.94,SE,3.1,8.5,0.0,79.6,"Wenatch.W, Wenatchee, Chelan County",330141,Wenatch.W,2020-12-13 21:57:36.203894
2020-07-06,03:15,65.4,45.7,48.8,0.0,0,29.95,SE,4.0,9.6,0.0,79.5,"Wenatch.W, Wenatchee, Chelan County",330141,Wenatch.W,2020-12-13 21:57:36.203894
2020-07-06,03:30,66.0,45.3,47.2,0.0,0,29.94,S,4.8,10.3,0.0,79.4,"Wenatch.W, Wenatchee, Chelan County",330141,Wenatch.W,2020-12-13 21:57:36.203894
2020-07-06,03:45,65.1,45.8,49.5,0.0,0,29.95,S,3.1,11.0,0.0,79.3,"Wenatch.W, Wenatchee, Chelan County",330141,Wenatch.W,2020-12-13 21:57:36.203894
2020-07-06,04:00,63.0,46.4,54.5,0.0,0,29.95,S,4.2,9.6,0.0,79.3,"Wenatch.W, Wenatchee, Chelan County",330141,Wenatch.W,2020-12-13 21:57:36.203894
2020-07-06,04:15,62.2,46.6,56.5,0.0,4,29.95,SW,3.5,8.9,0.0,79.2,"Wenatch.W, Wenatchee, Chelan County",330141,Wenatch.W,2020-12-13 21:57:36.203894
2020-07-06,04:30,61.5,46.6,58.0,0.0,12,29.95,SW,1.9,5.7,0.0,79.1,"Wenatch.W, Wenatchee, Chelan County",330141,Wenatch.W,2020-12-13 21:57:36.203894
2020-07-06,04:45,61.9,46.6,57.2,0.0,21,29.95,SE,1.7,6.0,0.0,79.0,"Wenatch.W, Wenatchee, Chelan County",330141,Wenatch.W,2020-12-13 21:57:36.203894
2020-07-06,05:00,62.3,46.7,56.4,0.0,50,29.96,S,2.5,5.7,0.0,78.9,"Wenatch.W, Wenatchee, Chelan County",330141,Wenatch.W,2020-12-13 21:57:36.203894
2020-07-06,05:15,62.7,46.8,56.0,0.0,76,29.96,SW,1.5,3.5,0.0,78.9,"Wenatch.W, Wenatchee, Chelan County",330141,Wenatch.W,2020-12-13 21:57:36.203894
2020-07-06,05:30,63.1,46.9,55.4,0.0,86,29.96,SW,0.9,3.9,0.0,78.8,"Wenatch.W, Wenatchee, Chelan County",330141,Wenatch.W,2020-12-13 21:57:36.203894
2020-07-06,05:45,63.8,47.3,54.9,0.0,121,29.96,S,1.7,4.2,0.0,78.7,"Wenatch.W, Wenatchee, Chelan County",330141,Wenatch.W,2020-12-13 21:57:36.203894
2020-07-06,06:00,63.8,47.2,54.7,0.0,122,29.96,SE,2.9,7.4,0.0,78.6,"Wenatch.W, Wenatchee, Chelan County",330141,Wenatch.W,2020-12-13 21:57:36.203894
2020-07-06,06:15,64.9,47.3,52.7,0.0,217,29.96,S,2.9,5.7,0.0,78.5,"Wenatch.W, Wenatchee, Chelan County",330141,Wenatch.W,2020-12-13 21:57:36.203894
2020-07-06,06:30,65.8,47.6,51.8,0.0,257,29.95,S,3.3,5.7,0.0,78.4,"Wenatch.W, Wenatchee, Chelan County",330141,Wenatch.W,2020-12-13 21:57:36.203894
2020-07-06,06:45,66.8,47.4,49.6,0.0,300,29.94,S,2.8,5.3,0.0,78.4,"Wenatch.W, Wenatchee, Chelan County",330141,Wenatch.W,2020-12-13 21:57:36.203894
2020-07-06,07:00,68.1,47.2,47.1,0.0,343,29.94,SE,3.1,6.7,0.0,78.3,"Wenatch.W, Wenatchee, Chelan County",330141,Wenatch.W,2020-12-13 21:57:36.203894
2020-07-06,07:15,68.9,47.0,45.5,0.0,376,29.94,SE,4.0,6.4,0.0,78.2,"Wenatch.W, Wenatchee, Chelan County",330141,Wenatch.W,2020-12-13 21:57:36.203894
2020-07-06,07:30,70.0,46.9,43.6,0.0,396,29.94,S,3.7,6.4,0.0,78.1,"Wenatch.W, Wenatchee, Chelan County",330141,Wenatch.W,2020-12-13 21:57:36.203894
2020-07-06,07:45,71.1,47.1,42.3,0.0,465,29.93,SE,2.5,7.4,0.0,78.0,"Wenatch.W, Wenatchee, Chelan County",330141,Wenatch.W,2020-12-13 21:57:36.203894
2020-07-06,08:00,72.4,46.5,39.7,0.0,504,29.93,NW,3.7,10.7,0.0,78.0,"Wenatch.W, Wenatchee, Chelan County",330141,Wenatch.W,2020-12-13 21:57:36.203894
2020-07-06,08:15,73.7,46.2,37.5,0.0,543,29.92,NW,3.4,8.9,0.0,77.9,"Wenatch.W, Wenatchee, Chelan County",330141,Wenatch.W,2020-12-13 21:57:36.203894
2020-07-06,08:30,74.3,46.0,36.5,0.0,581,29.92,N,4.5,9.9,0.0,77.8,"Wenatch.W, Wenatchee, Chelan County",330141,Wenatch.W,2020-12-13 21:57:36.203894
2020-07-06,08:45,74.4,46.4,36.9,0.0,615,29.92,N,5.8,10.3,0.0,77.8,"Wenatch.W, Wenatchee, Chelan County",330141,Wenatch.W,2020-12-13 21:57:36.203894
2020-07-06,09:00,75.3,46.6,36.1,0.0,649,29.91,N,6.6,12.4,0.0,77.8,"Wenatch.W, Wenatchee, Chelan County",330141,Wenatch.W,2020-12-13 21:57:36.203894
2020-07-06,09:15,76.6,46.9,34.9,0.0,682,29.91,N,5.0,12.1,0.0,77.7,"Wenatch.W, Wenatchee, Chelan County",330141,Wenatch.W,2020-12-13 21:57:36.203894
2020-07-06,09:30,76.9,47.0,34.8,0.0,713,29.91,N ,5.8,9.6,0.0,77.7,"Wenatch.W, Wenatchee, Chelan County",330141,Wenatch.W,2020-12-13 21:57:36.203894
2020-07-06,09:45,77.6,47.1,34.1,0.0,740,29.91,N ,6.8,11.0,0.0,77.7,"Wenatch.W, Wenatchee, Chelan County",330141,Wenatch.W,2020-12-13 21:57:36.203894
2020-07-06,10:00,78.3,46.2,32.2,0.0,767,29.91,N ,5.1,9.6,0.0,77.7,"Wenatch.W, Wenatchee, Chelan County",330141,Wenatch.W,2020-12-13 21:57:36.203894
2020-07-06,10:15,78.7,45.6,31.0,0.0,791,29.91,N ,3.7,7.8,0.0,77.7,"Wenatch.W, Wenatchee, Chelan County",330141,Wenatch.W,2020-12-13 21:57:36.203894
2020-07-06,10:30,79.0,45.5,30.6,0.0,814,29.9,NE,4.2,9.2,0.0,77.7,"Wenatch.W, Wenatchee, Chelan County",330141,Wenatch.W,2020-12-13 21:57:36.203894
2020-07-06,10:45,79.7,45.2,29.6,0.0,835,29.9,E,3.7,7.1,0.0,77.8,"Wenatch.W, Wenatchee, Chelan County",330141,Wenatch.W,2020-12-13 21:57:36.203894
2020-07-06,11:00,80.3,45.0,28.8,0.0,850,29.9,E,3.0,6.0,0.0,77.8,"Wenatch.W, Wenatchee, Chelan County",330141,Wenatch.W,2020-12-13 21:57:36.203894
2020-07-06,11:15,80.8,45.0,28.3,0.0,861,29.89,N,2.7,5.7,0.0,77.9,"Wenatch.W, Wenatchee, Chelan County",330141,Wenatch.W,2020-12-13 21:57:36.203894
2020-07-06,11:30,81.3,45.0,27.9,0.0,871,29.89,E,3.3,7.4,0.0,77.9,"Wenatch.W, Wenatchee, Chelan County",330141,Wenatch.W,2020-12-13 21:57:36.203894
2020-07-06,11:45,81.7,45.4,27.9,0.0,878,29.88,E,3.1,8.2,0.0,78.0,"Wenatch.W, Wenatchee, Chelan County",330141,Wenatch.W,2020-12-13 21:57:36.203894
2020-07-06,12:00,82.7,45.9,27.5,0.0,883,29.87,SE,4.3,8.9,0.0,78.0,"Wenatch.W, Wenatchee, Chelan County",330141,Wenatch.W,2020-12-13 21:57:36.203894
2020-07-06,12:15,84.1,46.0,26.4,0.0,884,29.87,SE,3.6,7.4,0.0,78.1,"Wenatch.W, Wenatchee, Chelan County",330141,Wenatch.W,2020-12-13 21:57:36.203894
2020-07-06,12:30,84.1,45.9,26.3,0.0,886,29.86,E,4.0,8.9,0.0,78.2,"Wenatch.W, Wenatchee, Chelan County",330141,Wenatch.W,2020-12-13 21:57:36.203894
2020-07-06,12:45,84.9,45.2,25.0,0.0,881,29.85,SE,3.4,7.8,0.0,78.3,"Wenatch.W, Wenatchee, Chelan County",330141,Wenatch.W,2020-12-13 21:57:36.203894
2020-07-06,13:00,85.1,46.6,26.1,0.0,874,29.84,E,3.9,8.2,0.0,78.4,"Wenatch.W, Wenatchee, Chelan County",330141,Wenatch.W,2020-12-13 21:57:36.203894
2020-07-06,13:15,85.9,45.2,24.2,0.0,862,29.84,S,3.5,9.6,0.0,78.5,"Wenatch.W, Wenatchee, Chelan County",330141,Wenatch.W,2020-12-13 21:57:36.203894
2020-07-06,13:30,85.9,44.2,23.3,0.0,853,29.83,S,3.0,8.5,0.0,78.6,"Wenatch.W, Wenatchee, Chelan County",330141,Wenatch.W,2020-12-13 21:57:36.203894
2020-07-06,13:45,86.4,44.2,23.0,0.0,842,29.83,NE,4.1,8.5,0.0,78.8,"Wenatch.W, Wenatchee, Chelan County",330141,Wenatch.W,2020-12-13 21:57:36.203894
2020-07-06,14:00,86.7,42.2,21.1,0.0,803,29.82,E,3.3,8.9,0.0,78.9,"Wenatch.W, Wenatchee, Chelan County",330141,Wenatch.W,2020-12-13 21:57:36.203894
2020-07-06,14:15,86.8,40.1,19.3,0.0,777,29.81,NE,3.5,8.2,0.0,79.0,"Wenatch.W, Wenatchee, Chelan County",330141,Wenatch.W,2020-12-13 21:57:36.203894
2020-07-06,14:30,86.4,39.5,19.2,0.0,602,29.81,E,4.4,11.0,0.0,79.2,"Wenatch.W, Wenatchee, Chelan County",330141,Wenatch.W,2020-12-13 21:57:36.203894
2020-07-06,14:45,87.3,39.3,18.5,0.0,742,29.81,SE,3.8,7.1,0.0,79.3,"Wenatch.W, Wenatchee, Chelan County",330141,Wenatch.W,2020-12-13 21:57:36.203894
2020-07-06,15:00,88.5,39.5,17.9,0.0,544,29.8,E,1.3,6.4,0.0,79.5,"Wenatch.W, Wenatchee, Chelan County",330141,Wenatch.W,2020-12-13 21:57:36.203894
2020-07-06,15:15,87.9,39.9,18.5,0.0,651,29.8,E,3.0,7.8,0.0,79.6,"Wenatch.W, Wenatchee, Chelan County",330141,Wenatch.W,2020-12-13 21:57:36.203894
2020-07-06,15:30,88.2,40.0,18.4,0.0,652,29.79,SE,3.4,7.4,0.0,79.8,"Wenatch.W, Wenatchee, Chelan County",330141,Wenatch.W,2020-12-13 21:57:36.203894
2020-07-06,15:45,87.8,39.5,18.3,0.0,616,29.79,E,2.4,6.4,0.0,79.9,"Wenatch.W, Wenatchee, Chelan County",330141,Wenatch.W,2020-12-13 21:57:36.203894
2020-07-06,16:00,86.8,39.5,18.9,0.0,344,29.78,E,2.9,7.1,0.0,80.1,"Wenatch.W, Wenatchee, Chelan County",330141,Wenatch.W,2020-12-13 21:57:36.203894
2020-07-06,16:15,85.2,40.4,20.6,0.0,106,29.78,SE,1.5,3.9,0.0,80.2,"Wenatch.W, Wenatchee, Chelan County",330141,Wenatch.W,2020-12-13 21:57:36.203894
2020-07-06,16:30,84.2,43.9,24.3,0.0,88,29.78,W,2.5,6.7,0.0,80.4,"Wenatch.W, Wenatchee, Chelan County",330141,Wenatch.W,2020-12-13 21:57:36.203894
2020-07-06,16:45,84.7,44.7,24.7,0.0,355,29.77,NW,4.1,11.0,0.0,80.5,"Wenatch.W, Wenatchee, Chelan County",330141,Wenatch.W,2020-12-13 21:57:36.203894
2020-07-06,17:00,86.2,44.8,23.6,0.0,456,29.78,NW,4.6,11.7,0.0,80.6,"Wenatch.W, Wenatchee, Chelan County",330141,Wenatch.W,2020-12-13 21:57:36.203894
2020-07-06,17:15,86.0,44.8,23.8,0.0,412,29.78,NW,4.6,8.9,0.0,80.8,"Wenatch.W, Wenatchee, Chelan County",330141,Wenatch.W,2020-12-13 21:57:36.203894
2020-07-06,17:30,85.2,44.4,24.0,0.0,346,29.78,NW,5.1,11.7,0.0,80.9,"Wenatch.W, Wenatchee, Chelan County",330141,Wenatch.W,2020-12-13 21:57:36.203894
2020-07-06,17:45,84.3,44.1,24.4,0.0,301,29.78,NW,5.0,9.9,0.0,81.0,"Wenatch.W, Wenatchee, Chelan County",330141,Wenatch.W,2020-12-13 21:57:36.203894
2020-07-06,18:00,83.7,43.6,24.4,0.0,253,29.78,NW,5.1,9.9,0.0,81.1,"Wenatch.W, Wenatchee, Chelan County",330141,Wenatch.W,2020-12-13 21:57:36.203894
2020-07-06,18:15,82.8,43.5,25.1,0.0,223,29.78,NW,4.6,10.3,0.0,81.2,"Wenatch.W, Wenatchee, Chelan County",330141,Wenatch.W,2020-12-13 21:57:36.203894
2020-07-06,18:30,81.6,43.5,26.0,0.0,189,29.78,W,5.3,10.3,0.0,81.2,"Wenatch.W, Wenatchee, Chelan County",330141,Wenatch.W,2020-12-13 21:57:36.203894
2020-07-06,18:45,80.6,43.1,26.5,0.0,157,29.78,W,6.2,12.1,0.0,81.3,"Wenatch.W, Wenatchee, Chelan County",330141,Wenatch.W,2020-12-13 21:57:36.203894
2020-07-06,19:00,79.3,42.7,27.3,0.0,113,29.78,W,7.1,13.9,0.0,81.4,"Wenatch.W, Wenatchee, Chelan County",330141,Wenatch.W,2020-12-13 21:57:36.203894
2020-07-06,19:15,77.7,42.6,28.6,0.0,49,29.78,NW,6.9,12.1,0.0,81.4,"Wenatch.W, Wenatchee, Chelan County",330141,Wenatch.W,2020-12-13 21:57:36.203894
2020-07-06,19:30,76.7,42.5,29.5,0.0,38,29.78,NW,7.4,15.7,0.0,81.5,"Wenatch.W, Wenatchee, Chelan County",330141,Wenatch.W,2020-12-13 21:57:36.203894
2020-07-06,19:45,75.5,42.0,30.1,0.0,23,29.78,NW,7.8,15.7,0.0,81.5,"Wenatch.W, Wenatchee, Chelan County",330141,Wenatch.W,2020-12-13 21:57:36.203894
2020-07-06,20:00,74.5,41.3,30.2,0.0,10,29.78,NW,7.3,16.0,0.0,81.5,"Wenatch.W, Wenatchee, Chelan County",330141,Wenatch.W,2020-12-13 21:57:36.203894
2020-07-06,20:15,73.6,40.9,30.7,0.0,2,29.78,NW,8.8,16.4,0.0,81.6,"Wenatch.W, Wenatchee, Chelan County",330141,Wenatch.W,2020-12-13 21:57:36.203894
2020-07-06,20:30,72.7,40.8,31.5,0.0,0,29.78,NW,8.6,17.1,0.0,81.6,"Wenatch.W, Wenatchee, Chelan County",330141,Wenatch.W,2020-12-13 21:57:36.203894
2020-07-06,20:45,71.9,40.6,32.1,0.0,0,29.78,NW,9.1,18.5,0.0,81.6,"Wenatch.W, Wenatchee, Chelan County",330141,Wenatch.W,2020-12-13 21:57:36.203894
2020-07-06,21:00,71.2,40.5,32.7,0.0,0,29.79,NW,7.8,17.1,0.0,81.6,"Wenatch.W, Wenatchee, Chelan County",330141,Wenatch.W,2020-12-13 21:57:36.203894
2020-07-06,21:15,70.7,40.1,32.8,0.0,0,29.8,NW,7.9,16.7,0.0,81.6,"Wenatch.W, Wenatchee, Chelan County",330141,Wenatch.W,2020-12-13 21:57:36.203894
2020-07-06,21:30,70.1,39.9,33.3,0.0,0,29.81,NW,6.1,16.7,0.0,81.6,"Wenatch.W, Wenatchee, Chelan County",330141,Wenatch.W,2020-12-13 21:57:36.203894
2020-07-06,21:45,69.5,40.2,34.3,0.0,0,29.81,NW,7.0,20.7,0.0,81.6,"Wenatch.W, Wenatchee, Chelan County",330141,Wenatch.W,2020-12-13 21:57:36.203894
2020-07-06,22:00,69.1,40.0,34.5,0.0,0,29.82,NW,6.2,13.9,0.0,81.6,"Wenatch.W, Wenatchee, Chelan County",330141,Wenatch.W,2020-12-13 21:57:36.203894
2020-07-06,22:15,68.5,39.8,34.9,0.0,0,29.83,NW,5.3,12.8,0.0,81.6,"Wenatch.W, Wenatchee, Chelan County",330141,Wenatch.W,2020-12-13 21:57:36.203894
2020-07-06,22:30,68.2,39.6,35.1,0.0,0,29.83,NW,5.7,14.6,0.0,81.5,"Wenatch.W, Wenatchee, Chelan County",330141,Wenatch.W,2020-12-13 21:57:36.203894
2020-07-06,22:45,68.1,39.6,35.2,0.0,0,29.83,NW,5.6,12.8,0.0,81.5,"Wenatch.W, Wenatchee, Chelan County",330141,Wenatch.W,2020-12-13 21:57:36.203894
2020-07-06,23:00,67.9,39.6,35.4,0.0,0,29.83,NW,5.6,12.8,0.0,81.5,"Wenatch.W, Wenatchee, Chelan County",330141,Wenatch.W,2020-12-13 21:57:36.203894
2020-07-07,23:15,67.6,39.6,35.8,0.0,0,29.83,NW,5.2,12.4,0.0,81.4,"Wenatch.W, Wenatchee, Chelan County",330141,Wenatch.W,2020-12-13 21:57:36.203894
2020-07-07,23:30,67.6,39.7,36.0,0.0,0,29.83,NW,5.6,13.9,0.0,81.4,"Wenatch.W, Wenatchee, Chelan County",330141,Wenatch.W,2020-12-13 21:57:36.203894
2020-07-07,23:45,67.4,40.0,36.7,0.0,0,29.83,NW,5.6,11.4,0.0,81.3,"Wenatch.W, Wenatchee, Chelan County",330141,Wenatch.W,2020-12-13 21:57:36.203894
2020-07-07,24:00,67.0,40.7,38.2,0.0,0,29.84,W,6.5,10.7,0.0,81.2,"Wenatch.W, Wenatchee, Chelan County",330141,Wenatch.W,2020-12-13 21:57:36.203894
2020-07-07,00:15,66.7,40.5,38.2,0.0,0,29.84,W,6.2,13.5,0.0,81.2,"Wenatch.W, Wenatchee, Chelan County",330141,Wenatch.W,2020-12-13 21:57:36.203894
2020-07-07,00:30,66.5,40.4,38.4,0.0,0,29.84,W,6.3,15.3,0.0,81.1,"Wenatch.W, Wenatchee, Chelan County",330141,Wenatch.W,2020-12-13 21:57:36.203894
2020-07-07,00:45,66.3,40.5,38.8,0.0,0,29.84,W,6.5,12.1,0.0,81.0,"Wenatch.W, Wenatchee, Chelan County",330141,Wenatch.W,2020-12-13 21:57:36.203894
2020-07-07,01:00,65.8,40.8,39.9,0.0,0,29.84,W,5.6,14.2,0.0,80.9,"Wenatch.W, Wenatchee, Chelan County",330141,Wenatch.W,2020-12-13 21:57:36.203894
2020-07-07,01:15,65.8,40.8,39.8,0.0,0,29.83,W,6.7,12.4,0.0,80.8,"Wenatch.W, Wenatchee, Chelan County",330141,Wenatch.W,2020-12-13 21:57:36.203894
2020-07-07,01:30,65.5,41.0,40.7,0.0,0,29.83,W,5.5,12.1,0.0,80.8,"Wenatch.W, Wenatchee, Chelan County",330141,Wenatch.W,2020-12-13 21:57:36.203894
2020-07-07,01:45,65.4,41.1,40.9,0.0,0,29.84,W,5.4,10.7,0.0,80.7,"Wenatch.W, Wenatchee, Chelan County",330141,Wenatch.W,2020-12-13 21:57:36.203894
2020-07-07,02:00,65.0,41.2,41.7,0.0,0,29.84,W,4.9,11.0,0.0,80.6,"Wenatch.W, Wenatchee, Chelan County",330141,Wenatch.W,2020-12-13 21:57:36.203894
2020-07-07,02:15,64.9,41.4,42.1,0.0,0,29.84,W,5.7,10.3,0.0,80.5,"Wenatch.W, Wenatchee, Chelan County",330141,Wenatch.W,2020-12-13 21:57:36.203894
2020-07-07,02:30,64.9,41.7,42.6,0.0,0,29.84,W,5.9,11.0,0.0,80.4,"Wenatch.W, Wenatchee, Chelan County",330141,Wenatch.W,2020-12-13 21:57:36.203894
2020-07-07,02:45,64.9,41.8,42.8,0.0,0,29.84,W,7.2,14.6,0.0,80.3,"Wenatch.W, Wenatchee, Chelan County",330141,Wenatch.W,2020-12-13 21:57:36.203894
2020-07-07,03:00,64.5,41.9,43.6,0.0,0,29.85,W,5.7,12.1,0.0,80.2,"Wenatch.W, Wenatchee, Chelan County",330141,Wenatch.W,2020-12-13 21:57:36.203894
2020-07-07,03:15,64.5,41.9,43.7,0.0,0,29.86,W,6.1,12.4,0.0,80.2,"Wenatch.W, Wenatchee, Chelan County",330141,Wenatch.W,2020-12-13 21:57:36.203894
2020-07-07,03:30,64.2,41.8,43.9,0.0,0,29.86,W,5.7,14.2,0.0,80.1,"Wenatch.W, Wenatchee, Chelan County",330141,Wenatch.W,2020-12-13 21:57:36.203894
2020-07-07,03:45,63.7,41.8,44.6,0.0,0,29.87,W,3.9,10.3,0.0,80.0,"Wenatch.W, Wenatchee, Chelan County",330141,Wenatch.W,2020-12-13 21:57:36.203894
2020-07-07,04:00,63.5,41.7,44.8,0.0,0,29.87,W,4.6,9.6,0.0,79.9,"Wenatch.W, Wenatchee, Chelan County",330141,Wenatch.W,2020-12-13 21:57:36.203894
2020-07-07,04:15,63.7,41.5,44.2,0.0,2,29.88,W,5.2,11.7,0.0,79.8,"Wenatch.W, Wenatchee, Chelan County",330141,Wenatch.W,2020-12-13 21:57:36.203894
2020-07-07,04:30,63.4,41.4,44.5,0.0,6,29.88,W,4.8,11.4,0.0,79.7,"Wenatch.W, Wenatchee, Chelan County",330141,Wenatch.W,2020-12-13 21:57:36.203894
2020-07-07,04:45,63.1,41.3,44.8,0.0,13,29.88,W,3.8,9.2,0.0,79.6,"Wenatch.W, Wenatchee, Chelan County",330141,Wenatch.W,2020-12-13 21:57:36.203894
2020-07-07,05:00,63.6,41.2,43.9,0.0,52,29.88,W,5.5,10.7,0.0,79.5,"Wenatch.W, Wenatchee, Chelan County",330141,Wenatch.W,2020-12-13 21:57:36.203894
2020-07-07,05:15,64.0,41.2,43.2,0.0,85,29.89,W,4.7,9.9,0.0,79.4,"Wenatch.W, Wenatchee, Chelan County",330141,Wenatch.W,2020-12-13 21:57:36.203894
2020-07-07,05:30,64.4,41.1,42.4,0.0,118,29.89,W,5.0,10.7,0.0,79.3,"Wenatch.W, Wenatchee, Chelan County",330141,Wenatch.W,2020-12-13 21:57:36.203894
2020-07-07,05:45,65.0,41.0,41.4,0.0,153,29.89,W,5.2,10.7,0.0,79.2,"Wenatch.W, Wenatchee, Chelan County",330141,Wenatch.W,2020-12-13 21:57:36.203894
2020-07-07,06:00,65.4,40.9,40.7,0.0,188,29.89,NW,5.9,11.7,0.0,79.1,"Wenatch.W, Wenatchee, Chelan County",330141,Wenatch.W,2020-12-13 21:57:36.203894
2020-07-07,06:15,65.9,40.9,39.9,0.0,227,29.89,W,5.2,11.7,0.0,79.0,"Wenatch.W, Wenatchee, Chelan County",330141,Wenatch.W,2020-12-13 21:57:36.203894
2020-07-07,06:30,66.3,40.8,39.2,0.0,268,29.89,W,6.1,11.4,0.0,78.9,"Wenatch.W, Wenatchee, Chelan County",330141,Wenatch.W,2020-12-13 21:57:36.203894
2020-07-07,06:45,66.8,40.6,38.3,0.0,317,29.89,NW,5.7,12.1,0.0,78.8,"Wenatch.W, Wenatchee, Chelan County",330141,Wenatch.W,2020-12-13 21:57:36.203894
2020-07-07,07:00,67.1,40.6,37.8,0.0,242,29.89,NW,4.9,10.7,0.0,78.8,"Wenatch.W, Wenatchee, Chelan County",330141,Wenatch.W,2020-12-13 21:57:36.203894
2020-07-07,07:15,65.5,40.3,39.7,0.0,141,29.89,NW,4.2,10.7,0.0,78.7,"Wenatch.W, Wenatchee, Chelan County",330141,Wenatch.W,2020-12-13 21:57:36.203894
2020-07-07,07:30,66.4,40.1,38.1,0.0,158,29.9,NW,4.8,12.4,0.0,78.6,"Wenatch.W, Wenatchee, Chelan County",330141,Wenatch.W,2020-12-13 21:57:36.203894
2020-07-07,07:45,67.2,40.1,37.0,0.0,361,29.9,NW,5.3,10.7,0.0,78.5,"Wenatch.W, Wenatchee, Chelan County",330141,Wenatch.W,2020-12-13 21:57:36.203894
2020-07-07,08:00,70.0,40.1,33.7,0.0,665,29.9,NW,5.1,12.1,0.0,78.4,"Wenatch.W, Wenatchee, Chelan County",330141,Wenatch.W,2020-12-13 21:57:36.203894
2020-07-07,08:15,70.4,40.1,33.2,0.0,683,29.9,NW,5.2,9.9,0.0,78.4,"Wenatch.W, Wenatchee, Chelan County",330141,Wenatch.W,2020-12-13 21:57:36.203894
2020-07-07,08:30,70.0,39.9,33.3,0.0,604,29.9,NW,4.7,9.9,0.0,78.3,"Wenatch.W, Wenatchee, Chelan County",330141,Wenatch.W,2020-12-13 21:57:36.203894
2020-07-07,08:45,70.8,39.5,32.0,0.0,673,29.9,NW,5.3,11.4,0.0,78.2,"Wenatch.W, Wenatchee, Chelan County",330141,Wenatch.W,2020-12-13 21:57:36.203894
2020-07-07,09:00,71.6,39.2,30.7,0.0,696,29.9,NW,4.0,10.7,0.0,78.2,"Wenatch.W, Wenatchee, Chelan County",330141,Wenatch.W,2020-12-13 21:57:36.203894
2020-07-07,09:15,71.6,38.8,30.2,0.0,696,29.9,NW,5.0,10.7,0.0,78.1,"Wenatch.W, Wenatchee, Chelan County",330141,Wenatch.W,2020-12-13 21:57:36.203894
2020-07-07,09:30,71.7,38.4,29.7,0.0,724,29.91,NW,5.7,16.7,0.0,78.1,"Wenatch.W, Wenatchee, Chelan County",330141,Wenatch.W,2020-12-13 21:57:36.203894
2020-07-07,09:45,72.3,38.5,29.2,0.0,752,29.91,NW,5.5,16.0,0.0,78.0,"Wenatch.W, Wenatchee, Chelan County",330141,Wenatch.W,2020-12-13 21:57:36.203894
2020-07-07,10:00,72.8,37.9,28.1,0.0,780,29.91,N,5.7,14.2,0.0,78.0,"Wenatch.W, Wenatchee, Chelan County",330141,Wenatch.W,2020-12-13 21:57:36.203894
2020-07-07,10:15,73.3,38.0,27.8,0.0,804,29.91,NW,4.8,13.9,0.0,78.0,"Wenatch.W, Wenatchee, Chelan County",330141,Wenatch.W,2020-12-13 21:57:36.203894
2020-07-07,10:30,73.9,38.2,27.3,0.0,826,29.91,NW,5.3,11.4,0.0,78.0,"Wenatch.W, Wenatchee, Chelan County",330141,Wenatch.W,2020-12-13 21:57:36.203894
2020-07-07,10:45,74.4,38.4,27.1,0.0,845,29.92,NW,5.3,13.2,0.0,78.0,"Wenatch.W, Wenatchee, Chelan County",330141,Wenatch.W,2020-12-13 21:57:36.203894
2020-07-07,11:00,74.5,38.1,26.7,0.0,862,29.92,NW,6.1,14.6,0.0,78.0,"Wenatch.W, Wenatchee, Chelan County",330141,Wenatch.W,2020-12-13 21:57:36.203894
2020-07-07,11:15,74.3,38.5,27.4,0.0,875,29.92,NW,5.4,13.2,0.0,78.1,"Wenatch.W, Wenatchee, Chelan County",330141,Wenatch.W,2020-12-13 21:57:36.203894
2020-07-07,11:30,74.5,38.9,27.6,0.0,885,29.92,NW,5.6,10.7,0.0,78.1,"Wenatch.W, Wenatchee, Chelan County",330141,Wenatch.W,2020-12-13 21:57:36.203894
2020-07-07,11:45,74.4,38.5,27.2,0.0,892,29.92,NW,5.8,13.2,0.0,78.1,"Wenatch.W, Wenatchee, Chelan County",330141,Wenatch.W,2020-12-13 21:57:36.203894
2020-07-07,12:00,74.8,38.6,27.0,0.0,897,29.92,NW,6.0,13.5,0.0,78.2,"Wenatch.W, Wenatchee, Chelan County",330141,Wenatch.W,2020-12-13 21:57:36.203894
2020-07-07,12:15,75.1,38.5,26.5,0.0,899,29.92,NW,5.9,12.4,0.0,78.2,"Wenatch.W, Wenatchee, Chelan County",330141,Wenatch.W,2020-12-13 21:57:36.203894
2020-07-07,12:30,75.4,39.0,26.8,0.0,897,29.92,NW,5.7,13.5,0.0,78.3,"Wenatch.W, Wenatchee, Chelan County",330141,Wenatch.W,2020-12-13 21:57:36.203894
2020-07-07,12:45,75.9,39.2,26.6,0.0,889,29.92,NW,5.3,12.8,0.0,78.4,"Wenatch.W, Wenatchee, Chelan County",330141,Wenatch.W,2020-12-13 21:57:36.203894
2020-07-07,13:00,75.9,39.4,26.8,0.0,881,29.92,NW,6.1,13.2,0.0,78.5,"Wenatch.W, Wenatchee, Chelan County",330141,Wenatch.W,2020-12-13 21:57:36.203894
2020-07-07,13:15,75.5,39.4,27.2,0.0,869,29.93,NW,6.3,15.0,0.0,78.5,"Wenatch.W, Wenatchee, Chelan County",330141,Wenatch.W,2020-12-13 21:57:36.203894
2020-07-07,13:30,75.8,39.3,26.8,0.0,855,29.93,NW,5.9,19.2,0.0,78.6,"Wenatch.W, Wenatchee, Chelan County",330141,Wenatch.W,2020-12-13 21:57:36.203894
2020-07-07,13:45,75.6,39.2,27.0,0.0,837,29.93,NW,7.0,16.7,0.0,78.7,"Wenatch.W, Wenatchee, Chelan County",330141,Wenatch.W,2020-12-13 21:57:36.203894
2020-07-07,14:00,75.8,39.2,26.7,0.0,819,29.93,NW,5.9,17.5,0.0,78.8,"Wenatch.W, Wenatchee, Chelan County",330141,Wenatch.W,2020-12-13 21:57:36.203894
2020-07-07,14:15,75.3,39.5,27.4,0.0,799,29.93,NW,7.2,18.5,0.0,78.9,"Wenatch.W, Wenatchee, Chelan County",330141,Wenatch.W,2020-12-13 21:57:36.203894
2020-07-07,14:30,76.0,39.1,26.5,0.0,772,29.93,NW,5.9,12.4,0.0,79.1,"Wenatch.W, Wenatchee, Chelan County",330141,Wenatch.W,2020-12-13 21:57:36.203894
2020-07-07,14:45,75.6,39.2,26.9,0.0,739,29.93,NW,6.0,14.2,0.0,79.2,"Wenatch.W, Wenatchee, Chelan County",330141,Wenatch.W,2020-12-13 21:57:36.203894
2020-07-07,15:00,75.8,39.3,26.8,0.0,710,29.93,NW,5.8,13.9,0.0,79.3,"Wenatch.W, Wenatchee, Chelan County",330141,Wenatch.W,2020-12-13 21:57:36.203894
2020-07-07,15:15,75.3,39.1,27.1,0.0,676,29.93,NW,6.6,17.1,0.0,79.4,"Wenatch.W, Wenatchee, Chelan County",330141,Wenatch.W,2020-12-13 21:57:36.203894
2020-07-07,15:30,74.9,39.1,27.3,0.0,643,29.93,NW,6.5,14.2,0.0,79.5,"Wenatch.W, Wenatchee, Chelan County",330141,Wenatch.W,2020-12-13 21:57:36.203894
2020-07-07,15:45,74.7,38.6,27.1,0.0,610,29.93,NW,6.7,16.7,0.0,79.6,"Wenatch.W, Wenatchee, Chelan County",330141,Wenatch.W,2020-12-13 21:57:36.203894
2020-07-07,16:00,74.3,38.3,27.1,0.0,574,29.93,NW,6.5,13.5,0.0,79.7,"Wenatch.W, Wenatchee, Chelan County",330141,Wenatch.W,2020-12-13 21:57:36.203894
2020-07-07,16:15,73.5,37.9,27.5,0.0,536,29.93,NW,8.0,21.8,0.0,79.8,"Wenatch.W, Wenatchee, Chelan County",330141,Wenatch.W,2020-12-13 21:57:36.203894
2020-07-07,16:30,73.3,38.2,27.9,0.0,498,29.93,NW,7.1,17.5,0.0,80.0,"Wenatch.W, Wenatchee, Chelan County",330141,Wenatch.W,2020-12-13 21:57:36.203894
2020-07-07,16:45,72.8,38.5,28.7,0.0,456,29.93,NW,6.7,13.5,0.0,80.1,"Wenatch.W, Wenatchee, Chelan County",330141,Wenatch.W,2020-12-13 21:57:36.203894
2020-07-07,17:00,72.4,39.1,29.8,0.0,416,29.93,NW,5.9,12.8,0.0,80.1,"Wenatch.W, Wenatchee, Chelan County",330141,Wenatch.W,2020-12-13 21:57:36.203894
2020-07-07,17:15,72.4,39.4,30.2,0.0,374,29.93,NW,5.1,15.3,0.0,80.2,"Wenatch.W, Wenatchee, Chelan County",330141,Wenatch.W,2020-12-13 21:57:36.203894
2020-07-07,17:30,71.7,39.3,30.7,0.0,331,29.93,NW,5.8,14.2,0.0,80.3,"Wenatch.W, Wenatchee, Chelan County",330141,Wenatch.W,2020-12-13 21:57:36.203894
2020-07-07,17:45,71.1,39.2,31.3,0.0,288,29.93,NW,6.3,18.2,0.0,80.4,"Wenatch.W, Wenatchee, Chelan County",330141,Wenatch.W,2020-12-13 21:57:36.203894
2020-07-07,18:00,70.1,39.4,32.6,0.0,245,29.93,NW,7.2,15.0,0.0,80.4,"Wenatch.W, Wenatchee, Chelan County",330141,Wenatch.W,2020-12-13 21:57:36.203894
2020-07-07,18:15,69.9,39.7,33.3,0.0,205,29.93,NW,5.7,13.9,0.0,80.5,"Wenatch.W, Wenatchee, Chelan County",330141,Wenatch.W,2020-12-13 21:57:36.203894
2020-07-07,18:30,69.6,40.1,34.1,0.0,169,29.93,NW,5.0,12.8,0.0,80.5,"Wenatch.W, Wenatchee, Chelan County",330141,Wenatch.W,2020-12-13 21:57:36.203894
2020-07-07,18:45,69.2,40.0,34.4,0.0,135,29.94,NW,5.9,11.7,0.0,80.6,"Wenatch.W, Wenatchee, Chelan County",330141,Wenatch.W,2020-12-13 21:57:36.203894
2020-07-07,19:00,68.5,40.2,35.5,0.0,100,29.94,NW,6.0,13.2,0.0,80.6,"Wenatch.W, Wenatchee, Chelan County",330141,Wenatch.W,2020-12-13 21:57:36.203894
2020-07-07,19:15,67.2,40.4,37.4,0.0,22,29.94,NW,5.3,11.7,0.0,80.6,"Wenatch.W, Wenatchee, Chelan County",330141,Wenatch.W,2020-12-13 21:57:36.203894
2020-07-07,19:30,66.8,40.3,37.8,0.0,17,29.94,NW,5.8,12.1,0.0,80.7,"Wenatch.W, Wenatchee, Chelan County",330141,Wenatch.W,2020-12-13 21:57:36.203894
2020-07-07,19:45,66.3,40.2,38.3,0.0,12,29.95,NW,5.7,12.8,0.0,80.7,"Wenatch.W, Wenatchee, Chelan County",330141,Wenatch.W,2020-12-13 21:57:36.203894
2020-07-07,20:00,65.9,40.3,39.1,0.0,6,29.95,NW,6.0,12.4,0.0,80.7,"Wenatch.W, Wenatchee, Chelan County",330141,Wenatch.W,2020-12-13 21:57:36.203894
2020-07-07,20:15,65.7,40.3,39.4,0.0,2,29.96,NW,6.9,12.1,0.0,80.7,"Wenatch.W, Wenatchee, Chelan County",330141,Wenatch.W,2020-12-13 21:57:36.203894
2020-07-07,20:30,65.3,40.4,40.1,0.0,0,29.96,NW,6.0,11.4,0.0,80.7,"Wenatch.W, Wenatchee, Chelan County",330141,Wenatch.W,2020-12-13 21:57:36.203894
2020-07-07,20:45,65.2,40.4,40.2,0.0,0,29.97,W,7.3,15.0,0.0,80.7,"Wenatch.W, Wenatchee, Chelan County",330141,Wenatch.W,2020-12-13 21:57:36.203894
2020-07-07,21:00,65.1,40.5,40.4,0.0,0,29.97,W,6.3,12.8,0.0,80.7,"Wenatch.W, Wenatchee, Chelan County",330141,Wenatch.W,2020-12-13 21:57:36.203894
2020-07-07,21:15,65.1,40.6,40.6,0.0,0,29.98,NW,6.4,12.1,0.0,80.7,"Wenatch.W, Wenatchee, Chelan County",330141,Wenatch.W,2020-12-13 21:57:36.203894
2020-07-07,21:30,65.0,40.9,41.2,0.0,0,29.98,NW,5.7,12.4,0.0,80.6,"Wenatch.W, Wenatchee, Chelan County",330141,Wenatch.W,2020-12-13 21:57:36.203894
2020-07-07,21:45,64.8,41.1,41.8,0.0,0,29.98,NW,4.8,13.2,0.0,80.6,"Wenatch.W, Wenatchee, Chelan County",330141,Wenatch.W,2020-12-13 21:57:36.203894
2020-07-07,22:00,64.5,41.2,42.4,0.0,0,29.99,NW,4.2,12.1,0.0,80.5,"Wenatch.W, Wenatchee, Chelan County",330141,Wenatch.W,2020-12-13 21:57:36.203894
2020-07-07,22:15,64.3,41.1,42.6,0.0,0,29.99,NW,4.4,10.3,0.0,80.5,"Wenatch.W, Wenatchee, Chelan County",330141,Wenatch.W,2020-12-13 21:57:36.203894
2020-07-07,22:30,64.2,40.8,42.2,0.0,0,29.99,NW,4.3,8.9,0.0,80.5,"Wenatch.W, Wenatchee, Chelan County",330141,Wenatch.W,2020-12-13 21:57:36.203894
2020-07-07,22:45,64.1,40.4,41.7,0.0,0,29.99,NW,4.7,11.4,0.0,80.4,"Wenatch.W, Wenatchee, Chelan County",330141,Wenatch.W,2020-12-13 21:57:36.203894
2020-07-07,23:00,63.8,40.2,42.0,0.0,0,30.0,NW,4.3,11.4,0.0,80.3,"Wenatch.W, Wenatchee, Chelan County",330141,Wenatch.W,2020-12-13 21:57:36.203894
2020-07-08,23:15,63.7,39.9,41.6,0.0,0,30.0,NW,3.7,9.9,0.0,80.2,"Wenatch.W, Wenatchee, Chelan County",330141,Wenatch.W,2020-12-13 21:57:36.203894
2020-07-08,23:30,63.2,39.6,41.8,0.0,0,30.0,NW,3.0,8.2,0.0,80.2,"Wenatch.W, Wenatchee, Chelan County",330141,Wenatch.W,2020-12-13 21:57:36.203894
2020-07-08,23:45,62.6,39.6,42.7,0.0,0,30.0,NW,2.8,9.9,0.0,80.1,"Wenatch.W, Wenatchee, Chelan County",330141,Wenatch.W,2020-12-13 21:57:36.203894
2020-07-08,24:00,62.2,39.6,43.2,0.0,0,30.0,NW,2.3,7.1,0.0,80.0,"Wenatch.W, Wenatchee, Chelan County",330141,Wenatch.W,2020-12-13 21:57:36.203894
2020-07-08,00:15,61.9,39.5,43.5,0.0,0,30.01,W,3.3,7.8,0.0,80.0,"Wenatch.W, Wenatchee, Chelan County",330141,Wenatch.W,2020-12-13 21:57:36.203894
2020-07-08,00:30,61.6,39.5,44.0,0.0,0,30.01,NW,2.7,5.7,0.0,79.9,"Wenatch.W, Wenatchee, Chelan County",330141,Wenatch.W,2020-12-13 21:57:36.203894
2020-07-08,00:45,61.3,39.4,44.2,0.0,0,30.01,NW,2.4,7.8,0.0,79.8,"Wenatch.W, Wenatchee, Chelan County",330141,Wenatch.W,2020-12-13 21:57:36.203894
2020-07-08,01:00,61.2,39.1,44.0,0.0,0,30.01,NW,1.9,9.2,0.0,79.7,"Wenatch.W, Wenatchee, Chelan County",330141,Wenatch.W,2020-12-13 21:57:36.203894
2020-07-08,01:15,61.7,38.9,42.8,0.0,0,30.01,W,2.6,7.4,0.0,79.6,"Wenatch.W, Wenatchee, Chelan County",330141,Wenatch.W,2020-12-13 21:57:36.203894
2020-07-08,01:30,61.5,38.9,43.2,0.0,0,30.01,W,2.3,6.7,0.0,79.5,"Wenatch.W, Wenatchee, Chelan County",330141,Wenatch.W,2020-12-13 21:57:36.203894
2020-07-08,01:45,61.1,39.1,44.0,0.0,0,30.01,NW,2.5,9.2,0.0,79.4,"Wenatch.W, Wenatchee, Chelan County",330141,Wenatch.W,2020-12-13 21:57:36.203894
2020-07-08,02:00,61.5,38.9,43.2,0.0,0,30.01,NW,3.4,9.9,0.0,79.3,"Wenatch.W, Wenatchee, Chelan County",330141,Wenatch.W,2020-12-13 21:57:36.203894
2020-07-08,02:15,61.2,38.9,43.5,0.0,0,30.01,NW,2.6,8.9,0.0,79.2,"Wenatch.W, Wenatchee, Chelan County",330141,Wenatch.W,2020-12-13 21:57:36.203894
2020-07-08,02:30,61.3,38.7,43.1,0.0,0,30.01,NW,3.9,8.5,0.0,79.2,"Wenatch.W, Wenatchee, Chelan County",330141,Wenatch.W,2020-12-13 21:57:36.203894
2020-07-08,02:45,60.9,39.0,44.2,0.0,0,30.01,NW,3.4,8.2,0.0,79.1,"Wenatch.W, Wenatchee, Chelan County",330141,Wenatch.W,2020-12-13 21:57:36.203894
2020-07-08,03:00,60.0,39.2,45.9,0.0,0,30.02,NW,2.0,8.2,0.0,79.0,"Wenatch.W, Wenatchee, Chelan County",330141,Wenatch.W,2020-12-13 21:57:36.203894
2020-07-08,03:15,59.0,39.1,47.5,0.0,0,30.02,W,1.4,4.6,0.0,78.9,"Wenatch.W, Wenatchee, Chelan County",330141,Wenatch.W,2020-12-13 21:57:36.203894
2020-07-08,03:30,58.8,39.2,47.9,0.0,0,30.02,W,3.8,7.1,0.0,78.8,"Wenatch.W, Wenatchee, Chelan County",330141,Wenatch.W,2020-12-13 21:57:36.203894
2020-07-08,03:45,58.2,39.3,49.1,0.0,0,30.02,W,2.9,5.3,0.0,78.7,"Wenatch.W, Wenatchee, Chelan County",330141,Wenatch.W,2020-12-13 21:57:36.203894
2020-07-08,04:00,57.8,39.1,49.4,0.0,0,30.02,NW,1.3,4.2,0.0,78.6,"Wenatch.W, Wenatchee, Chelan County",330141,Wenatch.W,2020-12-13 21:57:36.203894
2020-07-08,04:15,57.7,39.7,50.9,0.0,3,30.02,NW,0.6,3.1,0.0,78.5,"Wenatch.W, Wenatchee, Chelan County",330141,Wenatch.W,2020-12-13 21:57:36.203894
2020-07-08,04:30,57.2,39.8,52.1,0.0,8,30.02,NW,1.8,3.9,0.0,78.4,"Wenatch.W, Wenatchee, Chelan County",330141,Wenatch.W,2020-12-13 21:57:36.203894
2020-07-08,04:45,57.0,39.8,52.4,0.0,13,30.02,NW,2.7,6.0,0.0,78.3,"Wenatch.W, Wenatchee, Chelan County",330141,Wenatch.W,2020-12-13 21:57:36.203894
2020-07-08,05:00,57.6,40.1,51.8,0.0,54,30.03,NW,2.1,4.6,0.0,78.2,"Wenatch.W, Wenatchee, Chelan County",330141,Wenatch.W,2020-12-13 21:57:36.203894
2020-07-08,05:15,60.4,39.6,46.2,0.0,86,30.03,NW,2.2,6.0,0.0,78.1,"Wenatch.W, Wenatchee, Chelan County",330141,Wenatch.W,2020-12-13 21:57:36.203894
2020-07-08,05:30,63.0,39.0,40.9,0.0,119,30.02,NW,3.8,8.9,0.0,78.0,"Wenatch.W, Wenatchee, Chelan County",330141,Wenatch.W,2020-12-13 21:57:36.203894
2020-07-08,05:45,64.1,39.0,39.6,0.0,154,30.02,NW,3.8,8.5,0.0,78.0,"Wenatch.W, Wenatchee, Chelan County",330141,Wenatch.W,2020-12-13 21:57:36.203894
2020-07-08,06:00,63.6,40.0,41.8,0.0,190,30.02,N,3.2,7.8,0.0,77.8,"Wenatch.W, Wenatchee, Chelan County",330141,Wenatch.W,2020-12-13 21:57:36.203894
2020-07-08,06:15,63.5,40.4,42.7,0.0,229,30.02,N,3.8,8.9,0.0,77.8,"Wenatch.W, Wenatchee, Chelan County",330141,Wenatch.W,2020-12-13 21:57:36.203894
2020-07-08,06:30,63.5,41.0,43.6,0.0,269,30.02,N,3.6,8.2,0.0,77.6,"Wenatch.W, Wenatchee, Chelan County",330141,Wenatch.W,2020-12-13 21:57:36.203894
2020-07-08,06:45,64.4,41.0,42.2,0.0,309,30.02,N,3.9,8.5,0.0,77.6,"Wenatch.W, Wenatchee, Chelan County",330141,Wenatch.W,2020-12-13 21:57:36.203894
2020-07-08,07:00,66.1,40.3,38.7,0.0,347,30.02,N,3.1,7.8,0.0,77.5,"Wenatch.W, Wenatchee, Chelan County",330141,Wenatch.W,2020-12-13 21:57:36.203894
2020-07-08,07:15,67.6,39.8,36.2,0.0,394,30.02,NW,2.8,6.7,0.0,77.4,"Wenatch.W, Wenatchee, Chelan County",330141,Wenatch.W,2020-12-13 21:57:36.203894
2020-07-08,07:30,68.4,39.9,35.2,0.0,421,30.01,NW,2.6,7.4,0.0,77.3,"Wenatch.W, Wenatchee, Chelan County",330141,Wenatch.W,2020-12-13 21:57:36.203894
2020-07-08,07:45,69.1,39.8,34.3,0.0,479,30.01,NW,2.9,7.1,0.0,77.2,"Wenatch.W, Wenatchee, Chelan County",330141,Wenatch.W,2020-12-13 21:57:36.203894
2020-07-08,08:00,70.2,39.9,33.1,0.0,504,30.01,NW,2.5,6.7,0.0,77.1,"Wenatch.W, Wenatchee, Chelan County",330141,Wenatch.W,2020-12-13 21:57:36.203894
2020-07-08,08:15,70.7,39.9,32.6,0.0,550,30.01,N,3.2,7.4,0.0,77.0,"Wenatch.W, Wenatchee, Chelan County",330141,Wenatch.W,2020-12-13 21:57:36.203894
2020-07-08,08:30,71.2,39.9,32.0,0.0,593,30.01,NW,2.9,7.4,0.0,77.0,"Wenatch.W, Wenatchee, Chelan County",330141,Wenatch.W,2020-12-13 21:57:36.203894
2020-07-08,08:45,71.8,39.8,31.2,0.0,623,30.01,NW,3.2,8.5,0.0,76.9,"Wenatch.W, Wenatchee, Chelan County",330141,Wenatch.W,2020-12-13 21:57:36.203894
2020-07-08,09:00,72.5,39.7,30.5,0.0,662,30.01,NW,2.9,5.7,0.0,76.9,"Wenatch.W, Wenatchee, Chelan County",330141,Wenatch.W,2020-12-13 21:57:36.203894
2020-07-08,09:15,73.5,39.2,28.9,0.0,714,30.0,W,3.8,9.6,0.0,76.8,"Wenatch.W, Wenatchee, Chelan County",330141,Wenatch.W,2020-12-13 21:57:36.203894
2020-07-08,09:30,73.5,38.9,28.5,0.0,669,30.0,N,3.8,8.5,0.0,76.8,"Wenatch.W, Wenatchee, Chelan County",330141,Wenatch.W,2020-12-13 21:57:36.203894
2020-07-08,09:45,73.8,39.3,28.6,0.0,587,30.0,NW,3.6,8.2,0.0,76.8,"Wenatch.W, Wenatchee, Chelan County",330141,Wenatch.W,2020-12-13 21:57:36.203894
2020-07-08,10:00,74.1,39.2,28.3,0.0,560,30.0,NW,3.4,10.3,0.0,76.8,"Wenatch.W, Wenatchee, Chelan County",330141,Wenatch.W,2020-12-13 21:57:36.203894
2020-07-08,10:15,74.9,39.2,27.6,0.0,735,30.0,NW,3.4,7.8,0.0,76.8,"Wenatch.W, Wenatchee, Chelan County",330141,Wenatch.W,2020-12-13 21:57:36.203894
2020-07-08,10:30,75.1,39.3,27.4,0.0,793,29.99,N,4.5,12.1,0.0,76.9,"Wenatch.W, Wenatchee, Chelan County",330141,Wenatch.W,2020-12-13 21:57:36.203894
2020-07-08,10:45,75.4,39.3,27.2,0.0,826,29.99,N ,5.8,10.3,0.0,76.9,"Wenatch.W, Wenatchee, Chelan County",330141,Wenatch.W,2020-12-13 21:57:36.203894
2020-07-08,11:00,76.8,39.5,26.1,0.0,870,29.98,N ,5.6,10.7,0.0,76.9,"Wenatch.W, Wenatchee, Chelan County",330141,Wenatch.W,2020-12-13 21:57:36.203894
2020-07-08,11:15,76.8,39.4,26.0,0.0,884,29.98,NE,3.8,8.2,0.0,77.0,"Wenatch.W, Wenatchee, Chelan County",330141,Wenatch.W,2020-12-13 21:57:36.203894
2020-07-08,11:30,77.7,39.5,25.4,0.0,894,29.98,E,4.4,9.6,0.0,77.0,"Wenatch.W, Wenatchee, Chelan County",330141,Wenatch.W,2020-12-13 21:57:36.203894
2020-07-08,11:45,77.8,39.3,25.1,0.0,910,29.98,E,3.3,7.4,0.0,77.1,"Wenatch.W, Wenatchee, Chelan County",330141,Wenatch.W,2020-12-13 21:57:36.203894
2020-07-08,12:00,78.7,39.5,24.6,0.0,889,29.97,SE,4.0,7.8,0.0,77.1,"Wenatch.W, Wenatchee, Chelan County",330141,Wenatch.W,2020-12-13 21:57:36.203894
2020-07-08,12:15,79.2,39.1,23.8,0.0,920,29.97,SE,3.5,9.2,0.0,77.2,"Wenatch.W, Wenatchee, Chelan County",330141,Wenatch.W,2020-12-13 21:57:36.203894
2020-07-08,12:30,79.3,39.2,23.7,0.0,920,29.96,S,3.4,7.4,0.0,77.3,"Wenatch.W, Wenatchee, Chelan County",330141,Wenatch.W,2020-12-13 21:57:36.203894
2020-07-08,12:45,79.1,39.4,24.2,0.0,916,29.96,NE,3.5,7.8,0.0,77.4,"Wenatch.W, Wenatchee, Chelan County",330141,Wenatch.W,2020-12-13 21:57:36.203894
2020-07-08,13:00,80.4,39.9,23.6,0.0,909,29.95,NE,3.7,8.2,0.0,77.5,"Wenatch.W, Wenatchee, Chelan County",330141,Wenatch.W,2020-12-13 21:57:36.203894
2020-07-08,13:15,80.3,39.9,23.6,0.0,803,29.95,NE,4.0,8.9,0.0,77.6,"Wenatch.W, Wenatchee, Chelan County",330141,Wenatch.W,2020-12-13 21:57:36.203894
2020-07-08,13:30,80.4,40.1,23.8,0.0,887,29.94,E,4.4,9.2,0.0,77.7,"Wenatch.W, Wenatchee, Chelan County",330141,Wenatch.W,2020-12-13 21:57:36.203894
2020-07-08,13:45,81.2,39.8,22.9,0.0,831,29.94,NE,4.7,9.2,0.0,77.8,"Wenatch.W, Wenatchee, Chelan County",330141,Wenatch.W,2020-12-13 21:57:36.203894
2020-07-08,14:00,81.4,39.7,22.7,0.0,802,29.94,E,3.5,6.4,0.0,78.0,"Wenatch.W, Wenatchee, Chelan County",330141,Wenatch.W,2020-12-13 21:57:36.203894
2020-07-08,14:15,81.9,39.5,22.1,0.0,789,29.93,E,3.4,9.6,0.0,78.1,"Wenatch.W, Wenatchee, Chelan County",330141,Wenatch.W,2020-12-13 21:57:36.203894
2020-07-08,14:30,82.8,39.6,21.5,0.0,715,29.93,NE,2.7,7.4,0.0,78.3,"Wenatch.W, Wenatchee, Chelan County",330141,Wenatch.W,2020-12-13 21:57:36.203894
2020-07-08,14:45,82.4,39.6,21.9,0.0,600,29.92,NE,2.7,6.0,0.0,78.4,"Wenatch.W, Wenatchee, Chelan County",330141,Wenatch.W,2020-12-13 21:57:36.203894
2020-07-08,15:00,82.1,40.2,22.6,0.0,496,29.92,E,3.0,7.8,0.0,78.6,"Wenatch.W, Wenatchee, Chelan County",330141,Wenatch.W,2020-12-13 21:57:36.203894
2020-07-08,15:15,82.7,40.1,22.1,0.0,586,29.92,SE,2.8,6.4,0.0,78.7,"Wenatch.W, Wenatchee, Chelan County",330141,Wenatch.W,2020-12-13 21:57:36.203894
2020-07-08,15:30,83.1,40.2,21.9,0.0,560,29.91,NE,3.5,7.8,0.0,78.9,"Wenatch.W, Wenatchee, Chelan County",330141,Wenatch.W,2020-12-13 21:57:36.203894
2020-07-08,15:45,83.3,40.5,21.9,0.0,403,29.91,NE,1.9,6.7,0.0,79.0,"Wenatch.W, Wenatchee, Chelan County",330141,Wenatch.W,2020-12-13 21:57:36.203894
2020-07-08,16:00,82.9,40.2,22.0,0.0,444,29.91,E,2.5,6.0,0.0,79.2,"Wenatch.W, Wenatchee, Chelan County",330141,Wenatch.W,2020-12-13 21:57:36.203894
2020-07-08,16:15,82.4,40.9,23.0,0.0,326,29.9,SE,1.7,4.6,0.0,79.3,"Wenatch.W, Wenatchee, Chelan County",330141,Wenatch.W,2020-12-13 21:57:36.203894
2020-07-08,16:30,84.4,40.2,21.0,0.0,459,29.9,SW,1.9,6.7,0.0,79.5,"Wenatch.W, Wenatchee, Chelan County",330141,Wenatch.W,2020-12-13 21:57:36.203894
2020-07-08,16:45,82.8,40.6,22.4,0.0,246,29.9,W,1.3,4.6,0.0,79.6,"Wenatch.W, Wenatchee, Chelan County",330141,Wenatch.W,2020-12-13 21:57:36.203894
2020-07-08,17:00,81.9,40.7,23.2,0.0,154,29.89,SW,0.8,2.8,0.0,79.7,"Wenatch.W, Wenatchee, Chelan County",330141,Wenatch.W,2020-12-13 21:57:36.203894
2020-07-08,17:15,81.9,41.5,23.9,0.0,185,29.89,W,0.4,3.5,0.0,79.8,"Wenatch.W, Wenatchee, Chelan County",330141,Wenatch.W,2020-12-13 21:57:36.203894
2020-07-08,17:30,83.1,40.9,22.5,0.0,320,29.89,NW,0.8,3.1,0.0,79.9,"Wenatch.W, Wenatchee, Chelan County",330141,Wenatch.W,2020-12-13 21:57:36.203894
2020-07-08,17:45,83.3,41.4,22.8,0.0,262,29.89,NW,0.9,3.9,0.0,80.1,"Wenatch.W, Wenatchee, Chelan County",330141,Wenatch.W,2020-12-13 21:57:36.203894
2020-07-08,18:00,82.4,41.4,23.4,0.0,235,29.89,NW,2.9,7.8,0.0,80.2,"Wenatch.W, Wenatchee, Chelan County",330141,Wenatch.W,2020-12-13 21:57:36.203894
2020-07-08,18:15,81.3,41.4,24.3,0.0,207,29.89,NW,3.7,7.8,0.0,80.3,"Wenatch.W, Wenatchee, Chelan County",330141,Wenatch.W,2020-12-13 21:57:36.203894
2020-07-08,18:30,80.1,40.9,24.7,0.0,189,29.88,NW,4.3,9.2,0.0,80.4,"Wenatch.W, Wenatchee, Chelan County",330141,Wenatch.W,2020-12-13 21:57:36.203894
2020-07-08,18:45,79.7,41.1,25.2,0.0,147,29.88,NW,3.4,8.9,0.0,80.4,"Wenatch.W, Wenatchee, Chelan County",330141,Wenatch.W,2020-12-13 21:57:36.203894
2020-07-08,19:00,79.0,40.8,25.6,0.0,99,29.88,NW,3.9,10.7,0.0,80.5,"Wenatch.W, Wenatchee, Chelan County",330141,Wenatch.W,2020-12-13 21:57:36.203894
2020-07-08,19:15,77.2,41.2,27.5,0.0,26,29.88,NW,3.3,8.9,0.0,80.6,"Wenatch.W, Wenatchee, Chelan County",330141,Wenatch.W,2020-12-13 21:57:36.203894
2020-07-08,19:30,76.3,41.4,28.5,0.0,22,29.88,NW,4.1,8.5,0.0,80.6,"Wenatch.W, Wenatchee, Chelan County",330141,Wenatch.W,2020-12-13 21:57:36.203894
2020-07-08,19:45,75.8,41.4,29.2,0.0,19,29.88,NW,5.0,11.0,0.0,80.7,"Wenatch.W, Wenatchee, Chelan County",330141,Wenatch.W,2020-12-13 21:57:36.203894
2020-07-08,20:00,75.0,41.4,29.9,0.0,6,29.88,NW,3.7,9.6,0.0,80.7,"Wenatch.W, Wenatchee, Chelan County",330141,Wenatch.W,2020-12-13 21:57:36.203894
2020-07-08,20:15,74.3,41.6,30.8,0.0,1,29.88,NW,3.8,8.9,0.0,80.8,"Wenatch.W, Wenatchee, Chelan County",330141,Wenatch.W,2020-12-13 21:57:36.203894
2020-07-08,20:30,73.9,41.6,31.3,0.0,0,29.88,NW,3.6,9.2,0.0,80.8,"Wenatch.W, Wenatchee, Chelan County",330141,Wenatch.W,2020-12-13 21:57:36.203894
2020-07-08,20:45,73.5,41.6,31.6,0.0,0,29.89,NW,4.1,9.6,0.0,80.8,"Wenatch.W, Wenatchee, Chelan County",330141,Wenatch.W,2020-12-13 21:57:36.203894
2020-07-08,21:00,73.2,41.5,31.9,0.0,0,29.89,NW,4.4,8.9,0.0,80.9,"Wenatch.W, Wenatchee, Chelan County",330141,Wenatch.W,2020-12-13 21:57:36.203894
2020-07-08,21:15,72.9,41.7,32.4,0.0,0,29.9,NW,4.5,9.9,0.0,80.9,"Wenatch.W, Wenatchee, Chelan County",330141,Wenatch.W,2020-12-13 21:57:36.203894
2020-07-08,21:30,72.4,41.9,33.2,0.0,0,29.9,NW,4.0,9.2,0.0,80.9,"Wenatch.W, Wenatchee, Chelan County",330141,Wenatch.W,2020-12-13 21:57:36.203894
2020-07-08,21:45,72.1,42.0,33.7,0.0,0,29.9,NW,3.2,10.3,0.0,80.8,"Wenatch.W, Wenatchee, Chelan County",330141,Wenatch.W,2020-12-13 21:57:36.203894
2020-07-08,22:00,71.6,42.1,34.4,0.0,0,29.9,NW,3.0,7.8,0.0,80.8,"Wenatch.W, Wenatchee, Chelan County",330141,Wenatch.W,2020-12-13 21:57:36.203894
2020-07-08,22:15,71.3,42.4,35.2,0.0,0,29.91,NW,3.2,7.8,0.0,80.8,"Wenatch.W, Wenatchee, Chelan County",330141,Wenatch.W,2020-12-13 21:57:36.203894
2020-07-08,22:30,70.9,42.8,36.1,0.0,0,29.91,NW,4.1,11.0,0.0,80.8,"Wenatch.W, Wenatchee, Chelan County",330141,Wenatch.W,2020-12-13 21:57:36.203894
2020-07-08,22:45,70.5,43.1,37.0,0.0,0,29.91,NW,4.2,9.9,0.0,80.8,"Wenatch.W, Wenatchee, Chelan County",330141,Wenatch.W,2020-12-13 21:57:36.203894
2020-07-08,23:00,70.2,43.4,37.8,0.0,0,29.91,NW,4.0,10.7,0.0,80.7,"Wenatch.W, Wenatchee, Chelan County",330141,Wenatch.W,2020-12-13 21:57:36.203894
2020-07-09,23:15,69.6,43.8,39.3,0.0,0,29.91,NW,3.5,9.2,0.0,80.7,"Wenatch.W, Wenatchee, Chelan County",330141,Wenatch.W,2020-12-13 21:57:36.203894
2020-07-09,23:30,69.2,44.0,40.2,0.0,0,29.92,NW,3.7,11.4,0.0,80.6,"Wenatch.W, Wenatchee, Chelan County",330141,Wenatch.W,2020-12-13 21:57:36.203894
2020-07-09,23:45,69.0,44.2,40.8,0.0,0,29.91,NW,4.4,9.6,0.0,80.6,"Wenatch.W, Wenatchee, Chelan County",330141,Wenatch.W,2020-12-13 21:57:36.203894
2020-07-09,24:00,68.9,44.2,41.0,0.0,0,29.91,NW,4.8,10.3,0.0,80.5,"Wenatch.W, Wenatchee, Chelan County",330141,Wenatch.W,2020-12-13 21:57:36.203894
2020-07-09,00:15,68.5,44.4,41.7,0.0,0,29.91,NW,5.2,10.7,0.0,80.5,"Wenatch.W, Wenatchee, Chelan County",330141,Wenatch.W,2020-12-13 21:57:36.203894
2020-07-09,00:30,68.1,44.6,42.6,0.0,0,29.91,NW,4.5,11.0,0.0,80.4,"Wenatch.W, Wenatchee, Chelan County",330141,Wenatch.W,2020-12-13 21:57:36.203894
2020-07-09,00:45,68.0,44.5,42.6,0.0,0,29.91,NW,4.4,11.7,0.0,80.4,"Wenatch.W, Wenatchee, Chelan County",330141,Wenatch.W,2020-12-13 21:57:36.203894
2020-07-09,01:00,67.9,44.5,42.8,0.0,0,29.91,NW,4.4,11.4,0.0,80.3,"Wenatch.W, Wenatchee, Chelan County",330141,Wenatch.W,2020-12-13 21:57:36.203894
2020-07-09,01:15,67.9,44.4,42.8,0.0,0,29.91,NW,3.9,9.9,0.0,80.2,"Wenatch.W, Wenatchee, Chelan County",330141,Wenatch.W,2020-12-13 21:57:36.203894
2020-07-09,01:30,68.0,44.2,42.3,0.0,0,29.91,NW,4.7,11.7,0.0,80.1,"Wenatch.W, Wenatchee, Chelan County",330141,Wenatch.W,2020-12-13 21:57:36.203894
2020-07-09,01:45,67.7,44.4,42.9,0.0,0,29.91,W,3.8,10.7,0.0,80.1,"Wenatch.W, Wenatchee, Chelan County",330141,Wenatch.W,2020-12-13 21:57:36.203894
2020-07-09,02:00,66.9,44.7,44.6,0.0,0,29.92,N,2.4,9.2,0.0,80.0,"Wenatch.W, Wenatchee, Chelan County",330141,Wenatch.W,2020-12-13 21:57:36.203894
2020-07-09,02:15,64.9,45.6,49.5,0.0,0,29.92,S,4.0,9.9,0.0,79.9,"Wenatch.W, Wenatchee, Chelan County",330141,Wenatch.W,2020-12-13 21:57:36.203894
2020-07-09,02:30,63.6,46.0,52.7,0.0,0,29.92,S,3.2,6.0,0.0,79.9,"Wenatch.W, Wenatchee, Chelan County",330141,Wenatch.W,2020-12-13 21:57:36.203894
2020-07-09,02:45,63.7,45.9,52.3,0.0,0,29.92,SW,3.4,7.4,0.0,79.8,"Wenatch.W, Wenatchee, Chelan County",330141,Wenatch.W,2020-12-13 21:57:36.203894
2020-07-09,03:00,64.2,45.9,51.3,0.0,0,29.92,SW,3.1,7.1,0.0,79.7,"Wenatch.W, Wenatchee, Chelan County",330141,Wenatch.W,2020-12-13 21:57:36.203894
2020-07-09,03:15,63.1,46.3,54.2,0.0,0,29.92,S,2.6,6.4,0.0,79.6,"Wenatch.W, Wenatchee, Chelan County",330141,Wenatch.W,2020-12-13 21:57:36.203894
2020-07-09,03:30,62.5,46.2,55.1,0.0,0,29.92,S,3.2,7.1,0.0,79.5,"Wenatch.W, Wenatchee, Chelan County",330141,Wenatch.W,2020-12-13 21:57:36.203894
2020-07-09,03:45,62.2,45.9,55.2,0.0,0,29.92,S,3.3,9.2,0.0,79.5,"Wenatch.W, Wenatchee, Chelan County",330141,Wenatch.W,2020-12-13 21:57:36.203894
2020-07-09,04:00,61.1,46.1,57.5,0.0,0,29.92,S,2.1,4.6,0.0,79.4,"Wenatch.W, Wenatchee, Chelan County",330141,Wenatch.W,2020-12-13 21:57:36.203894
2020-07-09,04:15,61.2,46.2,57.6,0.0,2,29.92,SW,2.8,6.7,0.0,79.3,"Wenatch.W, Wenatchee, Chelan County",330141,Wenatch.W,2020-12-13 21:57:36.203894
2020-07-09,04:30,61.3,46.1,57.4,0.0,5,29.92,S,2.4,5.3,0.0,79.2,"Wenatch.W, Wenatchee, Chelan County",330141,Wenatch.W,2020-12-13 21:57:36.203894
2020-07-09,04:45,60.6,46.3,59.0,0.0,11,29.92,S,3.4,7.4,0.0,79.2,"Wenatch.W, Wenatchee, Chelan County",330141,Wenatch.W,2020-12-13 21:57:36.203894
2020-07-09,05:00,60.8,46.3,58.8,0.0,32,29.92,S,4.2,7.1,0.0,79.1,"Wenatch.W, Wenatchee, Chelan County",330141,Wenatch.W,2020-12-13 21:57:36.203894
2020-07-09,05:15,61.2,46.5,58.3,0.0,74,29.92,NW,0.6,3.1,0.0,79.0,"Wenatch.W, Wenatchee, Chelan County",330141,Wenatch.W,2020-12-13 21:57:36.203894
2020-07-09,05:30,61.9,46.8,57.5,0.0,67,29.92,NE,0.5,3.1,0.0,78.9,"Wenatch.W, Wenatchee, Chelan County",330141,Wenatch.W,2020-12-13 21:57:36.203894
2020-07-09,05:45,62.2,47.2,57.8,0.0,123,29.92,E,0.9,3.1,0.0,78.8,"Wenatch.W, Wenatchee, Chelan County",330141,Wenatch.W,2020-12-13 21:57:36.203894
2020-07-09,06:00,62.8,47.5,57.3,0.0,131,29.92,S,1.0,4.6,0.0,78.7,"Wenatch.W, Wenatchee, Chelan County",330141,Wenatch.W,2020-12-13 21:57:36.203894
2020-07-09,06:15,63.7,47.5,55.5,0.0,150,29.92,SE,0.8,3.9,0.0,78.7,"Wenatch.W, Wenatchee, Chelan County",330141,Wenatch.W,2020-12-13 21:57:36.203894
2020-07-09,06:30,64.7,47.4,53.3,0.0,208,29.92,S,0.6,3.1,0.0,78.6,"Wenatch.W, Wenatchee, Chelan County",330141,Wenatch.W,2020-12-13 21:57:36.203894
2020-07-09,06:45,65.7,47.4,51.5,0.0,277,29.92,SE,1.3,3.5,0.0,78.5,"Wenatch.W, Wenatchee, Chelan County",330141,Wenatch.W,2020-12-13 21:57:36.203894
2020-07-09,07:00,67.0,47.4,49.3,0.0,372,29.92,E,1.3,4.2,0.0,78.4,"Wenatch.W, Wenatchee, Chelan County",330141,Wenatch.W,2020-12-13 21:57:36.203894
2020-07-09,07:15,67.9,47.6,48.1,0.0,390,29.91,SE,2.8,5.7,0.0,78.3,"Wenatch.W, Wenatchee, Chelan County",330141,Wenatch.W,2020-12-13 21:57:36.203894
2020-07-09,07:30,68.0,47.2,47.3,0.0,239,29.91,SE,2.7,5.7,0.0,78.2,"Wenatch.W, Wenatchee, Chelan County",330141,Wenatch.W,2020-12-13 21:57:36.203894
2020-07-09,07:45,68.0,47.7,48.1,0.0,283,29.91,SE,3.7,6.0,0.0,78.2,"Wenatch.W, Wenatchee, Chelan County",330141,Wenatch.W,2020-12-13 21:57:36.203894
2020-07-09,08:00,68.8,47.6,46.7,0.0,335,29.91,SE,3.7,6.4,0.0,78.1,"Wenatch.W, Wenatchee, Chelan County",330141,Wenatch.W,2020-12-13 21:57:36.203894
2020-07-09,08:15,70.1,47.1,43.9,0.0,315,29.9,SE,2.5,5.7,0.0,78.0,"Wenatch.W, Wenatchee, Chelan County",330141,Wenatch.W,2020-12-13 21:57:36.203894
2020-07-09,08:30,71.4,46.9,41.6,0.0,430,29.9,S,2.7,8.2,0.0,78.0,"Wenatch.W, Wenatchee, Chelan County",330141,Wenatch.W,2020-12-13 21:57:36.203894
2020-07-09,08:45,71.5,47.0,41.7,0.0,365,29.9,SW,3.4,8.2,0.0,77.9,"Wenatch.W, Wenatchee, Chelan County",330141,Wenatch.W,2020-12-13 21:57:36.203894
2020-07-09,09:00,72.6,45.5,37.9,0.0,349,29.89,NW,2.2,7.1,0.0,77.9,"Wenatch.W, Wenatchee, Chelan County",330141,Wenatch.W,2020-12-13 21:57:36.203894
2020-07-09,09:15,73.2,45.6,37.3,0.0,384,29.89,SW,3.2,9.2,0.0,77.8,"Wenatch.W, Wenatchee, Chelan County",330141,Wenatch.W,2020-12-13 21:57:36.203894
2020-07-09,09:30,73.7,45.2,36.1,0.0,381,29.89,NW,4.0,12.4,0.0,77.8,"Wenatch.W, Wenatchee, Chelan County",330141,Wenatch.W,2020-12-13 21:57:36.203894
2020-07-09,09:45,74.8,44.3,33.6,0.0,437,29.89,NW,3.0,7.8,0.0,77.8,"Wenatch.W, Wenatchee, Chelan County",330141,Wenatch.W,2020-12-13 21:57:36.203894
2020-07-09,10:00,74.5,44.6,34.3,0.0,413,29.89,NW,3.6,8.2,0.0,77.8,"Wenatch.W, Wenatchee, Chelan County",330141,Wenatch.W,2020-12-13 21:57:36.203894
2020-07-09,10:15,75.2,45.7,35.1,0.0,428,29.89,NW,2.8,8.9,0.0,77.8,"Wenatch.W, Wenatchee, Chelan County",330141,Wenatch.W,2020-12-13 21:57:36.203894
2020-07-09,10:30,75.6,45.1,33.7,0.0,362,29.89,NW,2.6,5.3,0.0,77.8,"Wenatch.W, Wenatchee, Chelan County",330141,Wenatch.W,2020-12-13 21:57:36.203894
2020-07-09,10:45,76.0,44.2,32.1,0.0,451,29.9,NW,3.2,7.4,0.0,77.8,"Wenatch.W, Wenatchee, Chelan County",330141,Wenatch.W,2020-12-13 21:57:36.203894
2020-07-09,11:00,76.8,44.3,31.5,0.0,470,29.9,NW,3.1,7.8,0.0,77.8,"Wenatch.W, Wenatchee, Chelan County",330141,Wenatch.W,2020-12-13 21:57:36.203894
2020-07-09,11:15,77.3,44.8,31.5,0.0,502,29.89,NW,4.0,11.4,0.0,77.8,"Wenatch.W, Wenatchee, Chelan County",330141,Wenatch.W,2020-12-13 21:57:36.203894
2020-07-09,11:30,77.0,43.0,29.8,0.0,326,29.89,NW,3.0,7.4,0.0,77.9,"Wenatch.W, Wenatchee, Chelan County",330141,Wenatch.W,2020-12-13 21:57:36.203894
2020-07-09,11:45,78.0,43.7,29.6,0.0,574,29.89,N,3.1,10.3,0.0,77.9,"Wenatch.W, Wenatchee, Chelan County",330141,Wenatch.W,2020-12-13 21:57:36.203894
2020-07-09,12:00,80.1,43.0,26.8,0.0,794,29.88,N,5.9,11.7,0.0,77.9,"Wenatch.W, Wenatchee, Chelan County",330141,Wenatch.W,2020-12-13 21:57:36.203894
2020-07-09,12:15,81.7,43.4,25.9,0.0,987,29.88,NW,5.5,12.8,0.0,78.0,"Wenatch.W, Wenatchee, Chelan County",330141,Wenatch.W,2020-12-13 21:57:36.203894
2020-07-09,12:30,82.3,43.8,25.8,0.0,925,29.88,NW,5.0,12.8,0.0,78.0,"Wenatch.W, Wenatchee, Chelan County",330141,Wenatch.W,2020-12-13 21:57:36.203894
2020-07-09,12:45,81.1,44.1,27.1,0.0,666,29.89,NW,5.1,10.7,0.0,78.1,"Wenatch.W, Wenatchee, Chelan County",330141,Wenatch.W,2020-12-13 21:57:36.203894
2020-07-09,13:00,80.2,44.1,27.8,0.0,559,29.89,NW,4.7,11.4,0.0,78.1,"Wenatch.W, Wenatchee, Chelan County",330141,Wenatch.W,2020-12-13 21:57:36.203894
2020-07-09,13:15,78.5,44.1,29.4,0.0,383,29.89,NW,5.3,12.8,0.0,78.1,"Wenatch.W, Wenatchee, Chelan County",330141,Wenatch.W,2020-12-13 21:57:36.203894
2020-07-09,13:30,78.4,43.9,29.4,0.0,480,29.89,NW,5.4,12.4,0.0,78.2,"Wenatch.W, Wenatchee, Chelan County",330141,Wenatch.W,2020-12-13 21:57:36.203894
2020-07-09,13:45,77.6,44.6,30.9,0.0,377,29.89,NW,5.0,11.0,0.0,78.3,"Wenatch.W, Wenatchee, Chelan County",330141,Wenatch.W,2020-12-13 21:57:36.203894
2020-07-09,14:00,77.3,45.2,32.0,0.0,366,29.89,NW,4.9,11.0,0.0,78.3,"Wenatch.W, Wenatchee, Chelan County",330141,Wenatch.W,2020-12-13 21:57:36.203894
2020-07-09,14:15,78.0,44.8,30.9,0.0,384,29.89,NW,4.5,11.0,0.0,78.4,"Wenatch.W, Wenatchee, Chelan County",330141,Wenatch.W,2020-12-13 21:57:36.203894
2020-07-09,14:30,78.3,44.4,30.0,0.0,456,29.89,NW,4.7,11.7,0.0,78.5,"Wenatch.W, Wenatchee, Chelan County",330141,Wenatch.W,2020-12-13 21:57:36.203894
2020-07-09,14:45,78.7,44.8,30.1,0.0,367,29.89,NW,4.9,9.9,0.0,78.6,"Wenatch.W, Wenatchee, Chelan County",330141,Wenatch.W,2020-12-13 21:57:36.203894
2020-07-09,15:00,78.9,44.8,29.9,0.0,539,29.89,NW,4.5,11.0,0.0,78.7,"Wenatch.W, Wenatchee, Chelan County",330141,Wenatch.W,2020-12-13 21:57:36.203894
2020-07-09,15:15,80.4,45.0,28.7,0.0,495,29.89,NW,4.6,11.0,0.0,78.8,"Wenatch.W, Wenatchee, Chelan County",330141,Wenatch.W,2020-12-13 21:57:36.203894
2020-07-09,15:30,79.5,44.8,29.3,0.0,368,29.89,NW,4.4,12.1,0.0,78.9,"Wenatch.W, Wenatchee, Chelan County",330141,Wenatch.W,2020-12-13 21:57:36.203894
2020-07-09,15:45,80.2,44.5,28.3,0.0,734,29.89,NW,5.1,12.4,0.0,79.0,"Wenatch.W, Wenatchee, Chelan County",330141,Wenatch.W,2020-12-13 21:57:36.203894
2020-07-09,16:00,81.2,45.0,28.0,0.0,619,29.9,NW,5.2,11.7,0.0,79.1,"Wenatch.W, Wenatchee, Chelan County",330141,Wenatch.W,2020-12-13 21:57:36.203894
2020-07-09,16:15,78.4,44.3,29.9,0.0,439,29.9,NW,5.0,11.4,0.0,79.2,"Wenatch.W, Wenatchee, Chelan County",330141,Wenatch.W,2020-12-13 21:57:36.203894
2020-07-09,16:30,80.7,44.2,27.6,0.0,669,29.9,NW,4.8,11.7,0.0,79.2,"Wenatch.W, Wenatchee, Chelan County",330141,Wenatch.W,2020-12-13 21:57:36.203894
2020-07-09,16:45,80.7,44.1,27.5,0.0,580,29.9,NW,4.8,12.4,0.0,79.3,"Wenatch.W, Wenatchee, Chelan County",330141,Wenatch.W,2020-12-13 21:57:36.203894
2020-07-09,17:00,80.4,44.0,27.6,0.0,502,29.9,NW,4.4,11.0,0.0,79.4,"Wenatch.W, Wenatchee, Chelan County",330141,Wenatch.W,2020-12-13 21:57:36.203894
2020-07-09,17:15,80.3,43.6,27.3,0.0,437,29.9,NW,3.9,8.5,0.0,79.5,"Wenatch.W, Wenatchee, Chelan County",330141,Wenatch.W,2020-12-13 21:57:36.203894
2020-07-09,17:30,79.5,43.7,28.1,0.0,333,29.9,NW,4.0,10.3,0.0,79.5,"Wenatch.W, Wenatchee, Chelan County",330141,Wenatch.W,2020-12-13 21:57:36.203894
2020-07-09,17:45,78.7,43.2,28.3,0.0,304,29.9,NW,3.9,12.8,0.0,79.6,"Wenatch.W, Wenatchee, Chelan County",330141,Wenatch.W,2020-12-13 21:57:36.203894
2020-07-09,18:00,78.3,43.1,28.6,0.0,254,29.9,NW,4.2,11.0,0.0,79.7,"Wenatch.W, Wenatchee, Chelan County",330141,Wenatch.W,2020-12-13 21:57:36.203894
2020-07-09,18:15,77.6,43.5,29.7,0.0,283,29.91,NW,4.2,11.7,0.0,79.7,"Wenatch.W, Wenatchee, Chelan County",330141,Wenatch.W,2020-12-13 21:57:36.203894
2020-07-09,18:30,76.4,44.0,31.5,0.0,219,29.91,NW,5.1,11.0,0.0,79.8,"Wenatch.W, Wenatchee, Chelan County",330141,Wenatch.W,2020-12-13 21:57:36.203894
2020-07-09,18:45,75.5,43.8,32.2,0.0,146,29.91,NW,4.9,10.3,0.0,79.9,"Wenatch.W, Wenatchee, Chelan County",330141,Wenatch.W,2020-12-13 21:57:36.203894
2020-07-09,19:00,74.6,43.3,32.6,0.0,97,29.91,NW,5.2,10.7,0.0,79.9,"Wenatch.W, Wenatchee, Chelan County",330141,Wenatch.W,2020-12-13 21:57:36.203894
2020-07-09,19:15,73.2,43.1,34.0,0.0,19,29.9,NW,3.5,10.3,0.0,80.0,"Wenatch.W, Wenatchee, Chelan County",330141,Wenatch.W,2020-12-13 21:57:36.203894
2020-07-09,19:30,72.5,43.3,35.0,0.0,15,29.9,NW,3.5,7.4,0.0,80.1,"Wenatch.W, Wenatchee, Chelan County",330141,Wenatch.W,2020-12-13 21:57:36.203894
2020-07-09,19:45,71.9,43.4,35.9,0.0,11,29.9,NW,2.6,7.1,0.0,80.1,"Wenatch.W, Wenatchee, Chelan County",330141,Wenatch.W,2020-12-13 21:57:36.203894
2020-07-09,20:00,71.2,43.9,37.3,0.0,6,29.91,NW,2.5,7.1,0.0,80.1,"Wenatch.W, Wenatchee, Chelan County",330141,Wenatch.W,2020-12-13 21:57:36.203894
2020-07-09,20:15,70.4,44.1,38.7,0.0,1,29.91,NW,2.4,6.0,0.0,80.2,"Wenatch.W, Wenatchee, Chelan County",330141,Wenatch.W,2020-12-13 21:57:36.203894
2020-07-09,20:30,69.9,44.6,40.1,0.0,0,29.92,NW,3.3,7.8,0.0,80.2,"Wenatch.W, Wenatchee, Chelan County",330141,Wenatch.W,2020-12-13 21:57:36.203894
2020-07-09,20:45,69.1,45.0,41.8,0.0,0,29.93,NW,3.7,9.6,0.0,80.2,"Wenatch.W, Wenatchee, Chelan County",330141,Wenatch.W,2020-12-13 21:57:36.203894
2020-07-09,21:00,67.8,44.9,43.5,0.0,0,29.93,NW,2.3,6.4,0.0,80.3,"Wenatch.W, Wenatchee, Chelan County",330141,Wenatch.W,2020-12-13 21:57:36.203894
2020-07-09,21:15,67.7,44.9,43.6,0.0,0,29.94,NW,2.2,8.5,0.0,80.3,"Wenatch.W, Wenatchee, Chelan County",330141,Wenatch.W,2020-12-13 21:57:36.203894
2020-07-09,21:30,67.8,44.9,43.6,0.0,0,29.94,NW,2.6,7.4,0.0,80.3,"Wenatch.W, Wenatchee, Chelan County",330141,Wenatch.W,2020-12-13 21:57:36.203894
2020-07-09,21:45,67.5,44.8,43.9,0.0,0,29.94,NW,1.5,4.6,0.0,80.3,"Wenatch.W, Wenatchee, Chelan County",330141,Wenatch.W,2020-12-13 21:57:36.203894
2020-07-09,22:00,67.5,44.6,43.6,0.0,0,29.95,NW,2.5,7.1,0.0,80.3,"Wenatch.W, Wenatchee, Chelan County",330141,Wenatch.W,2020-12-13 21:57:36.203894
2020-07-09,22:15,67.5,44.7,43.7,0.0,0,29.95,NW,2.7,7.8,0.0,80.3,"Wenatch.W, Wenatchee, Chelan County",330141,Wenatch.W,2020-12-13 21:57:36.203894
2020-07-09,22:30,66.8,45.0,45.4,0.0,0,29.96,N,1.2,4.6,0.0,80.2,"Wenatch.W, Wenatchee, Chelan County",330141,Wenatch.W,2020-12-13 21:57:36.203894
2020-07-09,22:45,64.0,45.8,51.4,0.0,0,29.97,NW,0.4,2.4,0.0,80.2,"Wenatch.W, Wenatchee, Chelan County",330141,Wenatch.W,2020-12-13 21:57:36.203894
2020-07-09,23:00,63.6,45.7,52.1,0.0,0,29.97,W,1.2,3.5,0.0,80.1,"Wenatch.W, Wenatchee, Chelan County",330141,Wenatch.W,2020-12-13 21:57:36.203894
2020-07-10,23:15,62.3,46.0,55.2,0.0,0,29.97,NW,0.8,2.8,0.0,80.1,"Wenatch.W, Wenatchee, Chelan County",330141,Wenatch.W,2020-12-13 21:57:36.203894
2020-07-10,23:30,61.7,46.1,56.3,0.0,0,29.98,NW,0.8,3.5,0.0,80.0,"Wenatch.W, Wenatchee, Chelan County",330141,Wenatch.W,2020-12-13 21:57:36.203894
2020-07-10,23:45,64.1,44.9,49.5,0.0,0,29.98,NW,2.5,5.3,0.0,80.0,"Wenatch.W, Wenatchee, Chelan County",330141,Wenatch.W,2020-12-13 21:57:36.203894
2020-07-10,24:00,65.1,44.9,47.8,0.0,0,29.99,NW,1.3,4.9,0.0,79.9,"Wenatch.W, Wenatchee, Chelan County",330141,Wenatch.W,2020-12-13 21:57:36.203894
2020-07-10,00:15,63.3,45.3,51.7,0.0,0,29.99,NW,0.9,3.1,0.0,79.9,"Wenatch.W, Wenatchee, Chelan County",330141,Wenatch.W,2020-12-13 21:57:36.203894
2020-07-10,00:30,62.6,45.4,53.3,0.0,0,29.99,NW,1.4,3.1,0.0,79.8,"Wenatch.W, Wenatchee, Chelan County",330141,Wenatch.W,2020-12-13 21:57:36.203894
2020-07-10,00:45,62.2,45.4,54.1,0.0,0,29.99,NW,2.0,4.2,0.0,79.7,"Wenatch.W, Wenatchee, Chelan County",330141,Wenatch.W,2020-12-13 21:57:36.203894
2020-07-10,01:00,62.0,45.5,54.8,0.0,0,30.0,W,1.7,4.9,0.0,79.7,"Wenatch.W, Wenatchee, Chelan County",330141,Wenatch.W,2020-12-13 21:57:36.203894
2020-07-10,01:15,61.2,45.5,56.1,0.0,0,30.0,NW,0.7,2.4,0.0,79.6,"Wenatch.W, Wenatchee, Chelan County",330141,Wenatch.W,2020-12-13 21:57:36.203894
2020-07-10,01:30,60.9,45.2,56.2,0.0,0,30.0,NW,0.3,2.1,0.0,79.5,"Wenatch.W, Wenatchee, Chelan County",330141,Wenatch.W,2020-12-13 21:57:36.203894
2020-07-10,01:45,59.3,45.8,60.9,0.0,0,30.0,NW,0.2,2.1,0.0,79.4,"Wenatch.W, Wenatchee, Chelan County",330141,Wenatch.W,2020-12-13 21:57:36.203894
2020-07-10,02:00,60.4,45.1,57.0,0.0,0,30.01,W,1.8,4.2,0.0,79.3,"Wenatch.W, Wenatchee, Chelan County",330141,Wenatch.W,2020-12-13 21:57:36.203894
2020-07-10,02:15,60.4,45.0,56.8,0.0,0,30.01,NW,1.0,3.5,0.0,79.2,"Wenatch.W, Wenatchee, Chelan County",330141,Wenatch.W,2020-12-13 21:57:36.203894
2020-07-10,02:30,60.1,44.9,57.3,0.0,0,30.01,NW,1.3,4.2,0.0,79.1,"Wenatch.W, Wenatchee, Chelan County",330141,Wenatch.W,2020-12-13 21:57:36.203894
2020-07-10,02:45,60.7,45.1,56.3,0.0,0,30.02,NW,1.0,4.6,0.0,79.0,"Wenatch.W, Wenatchee, Chelan County",330141,Wenatch.W,2020-12-13 21:57:36.203894
2020-07-10,03:00,61.2,45.0,55.0,0.0,0,30.02,NW,0.9,3.5,0.0,79.0,"Wenatch.W, Wenatchee, Chelan County",330141,Wenatch.W,2020-12-13 21:57:36.203894
2020-07-10,03:15,61.9,44.9,53.6,0.0,0,30.03,NW,1.2,4.9,0.0,78.9,"Wenatch.W, Wenatchee, Chelan County",330141,Wenatch.W,2020-12-13 21:57:36.203894
2020-07-10,03:30,62.0,44.8,53.4,0.0,0,30.03,NW,1.0,4.2,0.0,78.8,"Wenatch.W, Wenatchee, Chelan County",330141,Wenatch.W,2020-12-13 21:57:36.203894
2020-07-10,03:45,61.7,44.9,54.0,0.0,0,30.03,NW,1.4,4.9,0.0,78.7,"Wenatch.W, Wenatchee, Chelan County",330141,Wenatch.W,2020-12-13 21:57:36.203894
2020-07-10,04:00,59.7,45.0,58.0,0.0,0,30.03,NW,0.7,2.8,0.0,78.6,"Wenatch.W, Wenatchee, Chelan County",330141,Wenatch.W,2020-12-13 21:57:36.203894
2020-07-10,04:15,59.9,45.1,57.9,0.0,2,30.04,NW,0.7,4.9,0.0,78.5,"Wenatch.W, Wenatchee, Chelan County",330141,Wenatch.W,2020-12-13 21:57:36.203894
2020-07-10,04:30,57.6,45.5,63.7,0.0,7,30.04,S,0.1,1.7,0.0,78.4,"Wenatch.W, Wenatchee, Chelan County",330141,Wenatch.W,2020-12-13 21:57:36.203894
2020-07-10,04:45,56.4,45.6,67.1,0.0,13,30.05,S,0.6,2.8,0.0,78.3,"Wenatch.W, Wenatchee, Chelan County",330141,Wenatch.W,2020-12-13 21:57:36.203894
2020-07-10,05:00,56.9,46.0,66.8,0.0,45,30.06,S,0.3,2.4,0.0,78.2,"Wenatch.W, Wenatchee, Chelan County",330141,Wenatch.W,2020-12-13 21:57:36.203894
2020-07-10,05:15,58.4,46.6,64.8,0.0,80,30.06,S,1.6,4.2,0.0,78.1,"Wenatch.W, Wenatchee, Chelan County",330141,Wenatch.W,2020-12-13 21:57:36.203894
2020-07-10,05:30,60.0,47.0,62.2,0.0,111,30.07,S,1.7,4.6,0.0,78.0,"Wenatch.W, Wenatchee, Chelan County",330141,Wenatch.W,2020-12-13 21:57:36.203894
2020-07-10,05:45,61.2,47.2,59.9,0.0,146,30.08,SE,2.1,3.9,0.0,78.0,"Wenatch.W, Wenatchee, Chelan County",330141,Wenatch.W,2020-12-13 21:57:36.203894
2020-07-10,06:00,62.1,47.2,58.2,0.0,183,30.08,S,1.6,4.9,0.0,77.8,"Wenatch.W, Wenatchee, Chelan County",330141,Wenatch.W,2020-12-13 21:57:36.203894
2020-07-10,06:15,62.9,47.2,56.5,0.0,221,30.08,SE,2.5,4.6,0.0,77.7,"Wenatch.W, Wenatchee, Chelan County",330141,Wenatch.W,2020-12-13 21:57:36.203894
2020-07-10,06:30,64.4,46.9,52.9,0.0,262,30.08,E,1.9,5.7,0.0,77.7,"Wenatch.W, Wenatchee, Chelan County",330141,Wenatch.W,2020-12-13 21:57:36.203894
2020-07-10,06:45,65.9,47.0,50.5,0.0,303,30.08,E,2.0,5.3,0.0,77.6,"Wenatch.W, Wenatchee, Chelan County",330141,Wenatch.W,2020-12-13 21:57:36.203894
2020-07-10,07:00,66.5,46.5,48.5,0.0,345,30.07,SE,3.2,7.1,0.0,77.5,"Wenatch.W, Wenatchee, Chelan County",330141,Wenatch.W,2020-12-13 21:57:36.203894
2020-07-10,07:15,68.0,46.3,45.5,0.0,387,30.07,S,2.6,4.9,0.0,77.4,"Wenatch.W, Wenatchee, Chelan County",330141,Wenatch.W,2020-12-13 21:57:36.203894
2020-07-10,07:30,71.1,42.9,36.0,0.0,429,30.07,NW,3.5,9.2,0.0,77.3,"Wenatch.W, Wenatchee, Chelan County",330141,Wenatch.W,2020-12-13 21:57:36.203894
2020-07-10,07:45,72.3,42.6,34.2,0.0,469,30.07,NW,3.8,11.7,0.0,77.2,"Wenatch.W, Wenatchee, Chelan County",330141,Wenatch.W,2020-12-13 21:57:36.203894
2020-07-10,08:00,72.4,42.4,33.8,0.0,509,30.07,NW,4.0,10.3,0.0,77.1,"Wenatch.W, Wenatchee, Chelan County",330141,Wenatch.W,2020-12-13 21:57:36.203894
2020-07-10,08:15,73.2,41.7,32.1,0.0,548,30.08,NW,4.2,9.9,0.0,77.0,"Wenatch.W, Wenatchee, Chelan County",330141,Wenatch.W,2020-12-13 21:57:36.203894
2020-07-10,08:30,73.6,41.3,31.2,0.0,586,30.08,NW,3.8,9.6,0.0,77.0,"Wenatch.W, Wenatchee, Chelan County",330141,Wenatch.W,2020-12-13 21:57:36.203894
2020-07-10,08:45,75.0,41.5,29.9,0.0,623,30.08,NW,3.1,7.4,0.0,76.9,"Wenatch.W, Wenatchee, Chelan County",330141,Wenatch.W,2020-12-13 21:57:36.203894
2020-07-10,09:00,75.4,41.1,29.2,0.0,658,30.08,N,4.4,12.4,0.0,76.9,"Wenatch.W, Wenatchee, Chelan County",330141,Wenatch.W,2020-12-13 21:57:36.203894
2020-07-10,09:15,76.7,41.5,28.4,0.0,691,30.08,NW,3.3,8.5,0.0,76.8,"Wenatch.W, Wenatchee, Chelan County",330141,Wenatch.W,2020-12-13 21:57:36.203894
2020-07-10,09:30,76.7,41.7,28.6,0.0,722,30.08,N,4.5,11.7,0.0,76.8,"Wenatch.W, Wenatchee, Chelan County",330141,Wenatch.W,2020-12-13 21:57:36.203894
2020-07-10,09:45,76.9,42.1,28.8,0.0,749,30.08,N,5.9,13.2,0.0,76.8,"Wenatch.W, Wenatchee, Chelan County",330141,Wenatch.W,2020-12-13 21:57:36.203894
2020-07-10,10:00,77.2,41.9,28.3,0.0,776,30.08,N ,5.4,11.0,0.0,76.8,"Wenatch.W, Wenatchee, Chelan County",330141,Wenatch.W,2020-12-13 21:57:36.203894
2020-07-10,10:15,77.2,41.1,27.4,0.0,801,30.08,N ,5.6,9.2,0.0,76.8,"Wenatch.W, Wenatchee, Chelan County",330141,Wenatch.W,2020-12-13 21:57:36.203894
2020-07-10,10:30,78.0,39.2,24.9,0.0,820,30.08,N ,4.0,8.5,0.0,76.8,"Wenatch.W, Wenatchee, Chelan County",330141,Wenatch.W,2020-12-13 21:57:36.203894
2020-07-10,10:45,78.4,39.7,25.0,0.0,838,30.09,NE,3.7,7.4,0.0,76.9,"Wenatch.W, Wenatchee, Chelan County",330141,Wenatch.W,2020-12-13 21:57:36.203894
2020-07-10,11:00,78.6,40.3,25.4,0.0,857,30.08,NE,3.7,8.5,0.0,76.9,"Wenatch.W, Wenatchee, Chelan County",330141,Wenatch.W,2020-12-13 21:57:36.203894
2020-07-10,11:15,79.0,40.4,25.1,0.0,870,30.08,E,2.7,6.0,0.0,77.0,"Wenatch.W, Wenatchee, Chelan County",330141,Wenatch.W,2020-12-13 21:57:36.203894
2020-07-10,11:30,79.8,41.0,25.0,0.0,879,30.08,E,3.6,7.4,0.0,77.0,"Wenatch.W, Wenatchee, Chelan County",330141,Wenatch.W,2020-12-13 21:57:36.203894
2020-07-10,11:45,78.6,47.3,33.2,,874,30.08,SE,3.3,6.7,0.0,77.1,"Wenatch.W, Wenatchee, Chelan County",330141,Wenatch.W,2020-12-13 21:57:36.203894
2020-07-10,12:00,80.2,41.0,24.7,0.0,889,30.08,E,3.2,7.8,0.0,77.1,"Wenatch.W, Wenatchee, Chelan County",330141,Wenatch.W,2020-12-13 21:57:36.203894
2020-07-10,12:15,81.4,41.0,23.9,0.0,888,30.07,SE,4.0,8.2,0.0,77.2,"Wenatch.W, Wenatchee, Chelan County",330141,Wenatch.W,2020-12-13 21:57:36.203894
2020-07-10,12:30,81.6,40.6,23.3,0.0,886,30.07,SE,3.4,7.8,0.0,77.3,"Wenatch.W, Wenatchee, Chelan County",330141,Wenatch.W,2020-12-13 21:57:36.203894
2020-07-10,12:45,82.4,41.3,23.3,0.0,881,30.07,NE,3.4,6.4,0.0,77.4,"Wenatch.W, Wenatchee, Chelan County",330141,Wenatch.W,2020-12-13 21:57:36.203894
2020-07-10,13:00,82.4,42.1,24.1,0.0,872,30.06,NE,3.2,6.4,0.0,77.5,"Wenatch.W, Wenatchee, Chelan County",330141,Wenatch.W,2020-12-13 21:57:36.203894
2020-07-10,13:15,82.5,41.9,23.8,0.0,860,30.06,E,3.3,6.7,0.0,77.6,"Wenatch.W, Wenatchee, Chelan County",330141,Wenatch.W,2020-12-13 21:57:36.203894
2020-07-10,13:30,83.6,42.1,23.2,0.0,846,30.06,E,2.5,7.1,0.0,77.8,"Wenatch.W, Wenatchee, Chelan County",330141,Wenatch.W,2020-12-13 21:57:36.203894
2020-07-10,13:45,84.0,41.9,22.7,0.0,822,30.05,E,2.9,6.4,0.0,77.9,"Wenatch.W, Wenatchee, Chelan County",330141,Wenatch.W,2020-12-13 21:57:36.203894
2020-07-10,14:00,84.4,41.8,22.3,0.0,792,30.05,E,2.8,6.4,0.0,78.0,"Wenatch.W, Wenatchee, Chelan County",330141,Wenatch.W,2020-12-13 21:57:36.203894
2020-07-10,14:15,85.4,40.6,20.6,0.0,779,30.05,NE,3.1,6.4,0.0,78.2,"Wenatch.W, Wenatchee, Chelan County",330141,Wenatch.W,2020-12-13 21:57:36.203894
2020-07-10,14:30,85.8,40.1,19.9,0.0,754,30.04,NE,4.7,9.6,0.0,78.3,"Wenatch.W, Wenatchee, Chelan County",330141,Wenatch.W,2020-12-13 21:57:36.203894
2020-07-10,14:45,85.9,39.6,19.5,0.0,733,30.04,N ,5.0,10.3,0.0,78.5,"Wenatch.W, Wenatchee, Chelan County",330141,Wenatch.W,2020-12-13 21:57:36.203894
2020-07-10,15:00,86.2,38.6,18.6,0.0,702,30.04,E,3.2,9.2,0.0,78.6,"Wenatch.W, Wenatchee, Chelan County",330141,Wenatch.W,2020-12-13 21:57:36.203894
2020-07-10,15:15,86.6,38.0,17.9,0.0,670,30.03,NE,3.9,10.3,0.0,78.8,"Wenatch.W, Wenatchee, Chelan County",330141,Wenatch.W,2020-12-13 21:57:36.203894
2020-07-10,15:30,86.9,37.7,17.6,0.0,637,30.03,N ,5.0,10.3,0.0,78.9,"Wenatch.W, Wenatchee, Chelan County",330141,Wenatch.W,2020-12-13 21:57:36.203894
2020-07-10,15:45,87.4,38.0,17.5,0.0,600,30.02,NE,3.4,8.5,0.0,79.1,"Wenatch.W, Wenatchee, Chelan County",330141,Wenatch.W,2020-12-13 21:57:36.203894
2020-07-10,16:00,87.3,37.7,17.4,0.0,564,30.02,N ,4.4,9.2,0.0,79.2,"Wenatch.W, Wenatchee, Chelan County",330141,Wenatch.W,2020-12-13 21:57:36.203894
2020-07-10,16:15,88.0,37.6,16.9,0.0,523,30.02,N ,2.1,6.7,0.0,79.4,"Wenatch.W, Wenatchee, Chelan County",330141,Wenatch.W,2020-12-13 21:57:36.203894
2020-07-10,16:30,88.3,38.3,17.2,0.0,483,30.02,NE,2.8,7.4,0.0,79.5,"Wenatch.W, Wenatchee, Chelan County",330141,Wenatch.W,2020-12-13 21:57:36.203894
2020-07-10,16:45,87.9,38.7,17.7,0.0,444,30.02,SE,3.8,6.7,0.0,79.7,"Wenatch.W, Wenatchee, Chelan County",330141,Wenatch.W,2020-12-13 21:57:36.203894
2020-07-10,17:00,87.3,38.3,17.8,0.0,404,30.01,SE,3.9,8.2,0.0,79.8,"Wenatch.W, Wenatchee, Chelan County",330141,Wenatch.W,2020-12-13 21:57:36.203894
2020-07-10,17:15,87.2,38.8,18.1,0.0,361,30.01,SE,3.6,8.2,0.0,79.9,"Wenatch.W, Wenatchee, Chelan County",330141,Wenatch.W,2020-12-13 21:57:36.203894
2020-07-10,17:30,87.0,39.0,18.4,0.0,318,30.01,SE,3.5,7.8,0.0,80.1,"Wenatch.W, Wenatchee, Chelan County",330141,Wenatch.W,2020-12-13 21:57:36.203894
2020-07-10,17:45,86.7,39.2,18.7,0.0,276,30.01,SE,4.0,7.8,0.0,80.2,"Wenatch.W, Wenatchee, Chelan County",330141,Wenatch.W,2020-12-13 21:57:36.203894
2020-07-10,18:00,86.2,39.3,19.1,0.0,228,30.01,SE,3.7,7.4,0.0,80.3,"Wenatch.W, Wenatchee, Chelan County",330141,Wenatch.W,2020-12-13 21:57:36.203894
2020-07-10,18:15,85.6,39.7,19.7,0.0,191,30.01,SE,4.3,8.5,0.0,80.4,"Wenatch.W, Wenatchee, Chelan County",330141,Wenatch.W,2020-12-13 21:57:36.203894
2020-07-10,18:30,85.3,40.4,20.6,0.0,157,30.01,SE,3.5,7.8,0.0,80.5,"Wenatch.W, Wenatchee, Chelan County",330141,Wenatch.W,2020-12-13 21:57:36.203894
2020-07-10,18:45,84.7,40.3,20.9,0.0,125,30.02,SE,3.4,8.2,0.0,80.6,"Wenatch.W, Wenatchee, Chelan County",330141,Wenatch.W,2020-12-13 21:57:36.203894
2020-07-10,19:00,84.1,40.7,21.6,0.0,86,30.02,SE,2.8,7.1,0.0,80.6,"Wenatch.W, Wenatchee, Chelan County",330141,Wenatch.W,2020-12-13 21:57:36.203894
2020-07-10,19:15,82.9,40.9,22.6,0.0,23,30.02,SE,2.0,5.3,0.0,80.7,"Wenatch.W, Wenatchee, Chelan County",330141,Wenatch.W,2020-12-13 21:57:36.203894
2020-07-10,19:30,80.3,42.0,25.6,0.0,19,30.01,W,1.8,5.7,0.0,80.8,"Wenatch.W, Wenatchee, Chelan County",330141,Wenatch.W,2020-12-13 21:57:36.203894
2020-07-10,19:45,77.3,42.6,29.0,0.0,12,30.01,W,1.4,4.6,0.0,80.8,"Wenatch.W, Wenatchee, Chelan County",330141,Wenatch.W,2020-12-13 21:57:36.203894
2020-07-10,20:00,76.2,42.0,29.4,0.0,5,30.01,W,1.1,4.9,0.0,80.9,"Wenatch.W, Wenatchee, Chelan County",330141,Wenatch.W,2020-12-13 21:57:36.203894
2020-07-10,20:15,77.4,41.3,27.5,0.0,1,30.01,NW,2.5,6.7,0.0,80.9,"Wenatch.W, Wenatchee, Chelan County",330141,Wenatch.W,2020-12-13 21:57:36.203894
2020-07-10,20:30,76.4,42.2,29.4,0.0,0,30.01,NW,1.3,5.3,0.0,81.0,"Wenatch.W, Wenatchee, Chelan County",330141,Wenatch.W,2020-12-13 21:57:36.203894
2020-07-10,20:45,77.1,42.7,29.2,0.0,0,30.02,NW,2.4,6.7,0.0,81.0,"Wenatch.W, Wenatchee, Chelan County",330141,Wenatch.W,2020-12-13 21:57:36.203894
2020-07-10,21:00,76.6,43.2,30.3,0.0,0,30.02,NW,2.2,7.4,0.0,81.1,"Wenatch.W, Wenatchee, Chelan County",330141,Wenatch.W,2020-12-13 21:57:36.203894
2020-07-10,21:15,76.4,43.3,30.7,0.0,0,30.02,NW,1.2,4.6,0.0,81.1,"Wenatch.W, Wenatchee, Chelan County",330141,Wenatch.W,2020-12-13 21:57:36.203894
2020-07-10,21:30,76.0,43.1,30.8,0.0,0,30.02,NW,2.3,7.8,0.0,81.1,"Wenatch.W, Wenatchee, Chelan County",330141,Wenatch.W,2020-12-13 21:57:36.203894
2020-07-10,21:45,76.2,42.7,30.1,0.0,0,30.03,NW,2.5,7.4,0.0,81.1,"Wenatch.W, Wenatchee, Chelan County",330141,Wenatch.W,2020-12-13 21:57:36.203894
2020-07-10,22:00,75.7,42.3,30.2,0.0,0,30.03,NW,2.1,6.7,0.0,81.1,"Wenatch.W, Wenatchee, Chelan County",330141,Wenatch.W,2020-12-13 21:57:36.203894
2020-07-10,22:15,75.4,42.0,30.2,0.0,0,30.03,NW,2.3,6.4,0.0,81.1,"Wenatch.W, Wenatchee, Chelan County",330141,Wenatch.W,2020-12-13 21:57:36.203894
2020-07-10,22:30,74.2,42.2,31.6,0.0,0,30.03,W,1.3,6.4,0.0,81.1,"Wenatch.W, Wenatchee, Chelan County",330141,Wenatch.W,2020-12-13 21:57:36.203894
2020-07-10,22:45,74.0,43.1,32.9,0.0,0,30.03,SW,3.0,6.4,0.0,81.0,"Wenatch.W, Wenatchee, Chelan County",330141,Wenatch.W,2020-12-13 21:57:36.203894
2020-07-10,23:00,71.2,44.5,38.3,0.0,0,30.03,SW,1.4,4.2,0.0,81.0,"Wenatch.W, Wenatchee, Chelan County",330141,Wenatch.W,2020-12-13 21:57:36.203894
2020-07-11,23:15,71.2,43.5,36.8,0.0,0,30.04,SW,2.5,7.4,0.0,80.9,"Wenatch.W, Wenatchee, Chelan County",330141,Wenatch.W,2020-12-13 21:57:36.203894
2020-07-11,23:30,70.8,44.0,38.1,0.0,0,30.04,S,2.9,6.4,0.0,80.9,"Wenatch.W, Wenatchee, Chelan County",330141,Wenatch.W,2020-12-13 21:57:36.203894
2020-07-11,23:45,70.1,44.6,39.8,0.0,0,30.04,S,3.4,6.0,0.0,80.8,"Wenatch.W, Wenatchee, Chelan County",330141,Wenatch.W,2020-12-13 21:57:36.203894
2020-07-11,24:00,67.8,45.0,43.8,0.0,0,30.04,SW,1.3,3.1,0.0,80.8,"Wenatch.W, Wenatchee, Chelan County",330141,Wenatch.W,2020-12-13 21:57:36.203894
2020-07-11,00:15,67.2,45.0,44.7,0.0,0,30.04,SW,1.7,6.0,0.0,80.7,"Wenatch.W, Wenatchee, Chelan County",330141,Wenatch.W,2020-12-13 21:57:36.203894
2020-07-11,00:30,65.9,45.2,47.1,0.0,0,30.04,W,0.8,2.8,0.0,80.7,"Wenatch.W, Wenatchee, Chelan County",330141,Wenatch.W,2020-12-13 21:57:36.203894
2020-07-11,00:45,64.6,45.4,49.6,0.0,0,30.04,SW,0.9,3.5,0.0,80.7,"Wenatch.W, Wenatchee, Chelan County",330141,Wenatch.W,2020-12-13 21:57:36.203894
2020-07-11,01:00,63.4,45.4,51.8,0.0,0,30.04,SW,1.6,4.2,0.0,80.6,"Wenatch.W, Wenatchee, Chelan County",330141,Wenatch.W,2020-12-13 21:57:36.203894
2020-07-11,01:15,64.1,45.0,49.8,0.0,0,30.04,SW,1.3,3.9,0.0,80.5,"Wenatch.W, Wenatchee, Chelan County",330141,Wenatch.W,2020-12-13 21:57:36.203894
2020-07-11,01:30,63.0,45.6,52.9,0.0,0,30.04,W,1.4,4.6,0.0,80.4,"Wenatch.W, Wenatchee, Chelan County",330141,Wenatch.W,2020-12-13 21:57:36.203894
2020-07-11,01:45,61.7,45.8,55.9,0.0,0,30.05,S,0.7,3.5,0.0,80.4,"Wenatch.W, Wenatchee, Chelan County",330141,Wenatch.W,2020-12-13 21:57:36.203894
2020-07-11,02:00,60.8,45.7,57.5,0.0,0,30.05,SW,1.6,4.6,0.0,80.3,"Wenatch.W, Wenatchee, Chelan County",330141,Wenatch.W,2020-12-13 21:57:36.203894
2020-07-11,02:15,59.8,45.5,59.0,0.0,0,30.05,SW,0.6,2.8,0.0,80.2,"Wenatch.W, Wenatchee, Chelan County",330141,Wenatch.W,2020-12-13 21:57:36.203894
2020-07-11,02:30,59.5,45.6,59.9,0.0,0,30.05,W,1.4,3.9,0.0,80.1,"Wenatch.W, Wenatchee, Chelan County",330141,Wenatch.W,2020-12-13 21:57:36.203894
2020-07-11,02:45,58.6,46.1,62.9,0.0,0,30.05,N ,0.0,0.0,0.0,80.1,"Wenatch.W, Wenatchee, Chelan County",330141,Wenatch.W,2020-12-13 21:57:36.203894
2020-07-11,03:00,57.7,46.1,65.2,0.0,0,30.05,SW,0.1,3.1,0.0,80.0,"Wenatch.W, Wenatchee, Chelan County",330141,Wenatch.W,2020-12-13 21:57:36.203894
2020-07-11,03:15,56.9,46.1,67.0,0.0,0,30.05,NW,0.0,1.4,0.0,79.9,"Wenatch.W, Wenatchee, Chelan County",330141,Wenatch.W,2020-12-13 21:57:36.203894
2020-07-11,03:30,56.3,46.2,68.9,0.0,0,30.05,N ,0.0,0.0,0.0,79.8,"Wenatch.W, Wenatchee, Chelan County",330141,Wenatch.W,2020-12-13 21:57:36.203894
2020-07-11,03:45,55.8,46.1,69.7,0.0,0,30.05,S,0.2,2.1,0.0,79.7,"Wenatch.W, Wenatchee, Chelan County",330141,Wenatch.W,2020-12-13 21:57:36.203894
2020-07-11,04:00,56.7,45.8,66.8,0.0,0,30.06,S,0.9,3.5,0.0,79.6,"Wenatch.W, Wenatchee, Chelan County",330141,Wenatch.W,2020-12-13 21:57:36.203894
2020-07-11,04:15,56.3,45.3,66.6,0.0,2,30.06,SW,0.8,2.4,0.0,79.6,"Wenatch.W, Wenatchee, Chelan County",330141,Wenatch.W,2020-12-13 21:57:36.203894
2020-07-11,04:30,55.1,45.6,70.3,0.0,7,30.06,SW,0.3,2.4,0.0,79.5,"Wenatch.W, Wenatchee, Chelan County",330141,Wenatch.W,2020-12-13 21:57:36.203894
2020-07-11,04:45,54.9,45.6,70.9,0.0,13,30.06,W,0.9,3.5,0.0,79.4,"Wenatch.W, Wenatchee, Chelan County",330141,Wenatch.W,2020-12-13 21:57:36.203894
2020-07-11,05:00,56.6,46.2,68.2,0.0,41,30.06,S,0.6,3.9,0.0,79.3,"Wenatch.W, Wenatchee, Chelan County",330141,Wenatch.W,2020-12-13 21:57:36.203894
2020-07-11,05:15,58.6,46.7,64.7,0.0,78,30.06,S,0.7,3.9,0.0,79.2,"Wenatch.W, Wenatchee, Chelan County",330141,Wenatch.W,2020-12-13 21:57:36.203894
2020-07-11,05:30,61.0,46.9,59.7,0.0,110,30.06,N ,0.0,0.0,0.0,79.1,"Wenatch.W, Wenatchee, Chelan County",330141,Wenatch.W,2020-12-13 21:57:36.203894
2020-07-11,05:45,63.2,46.5,54.4,0.0,144,30.05,SW,0.1,2.1,0.0,79.0,"Wenatch.W, Wenatchee, Chelan County",330141,Wenatch.W,2020-12-13 21:57:36.203894
2020-07-11,06:00,63.8,46.4,52.9,0.0,182,30.05,S,1.0,2.8,0.0,78.9,"Wenatch.W, Wenatchee, Chelan County",330141,Wenatch.W,2020-12-13 21:57:36.203894
2020-07-11,06:15,64.7,46.8,52.3,0.0,222,30.05,S,1.6,4.9,0.0,78.8,"Wenatch.W, Wenatchee, Chelan County",330141,Wenatch.W,2020-12-13 21:57:36.203894
2020-07-11,06:30,65.6,46.1,49.2,0.0,257,30.04,SE,2.1,3.9,0.0,78.7,"Wenatch.W, Wenatchee, Chelan County",330141,Wenatch.W,2020-12-13 21:57:36.203894
2020-07-11,06:45,66.8,46.2,47.5,0.0,301,30.04,E,1.9,3.5,0.0,78.6,"Wenatch.W, Wenatchee, Chelan County",330141,Wenatch.W,2020-12-13 21:57:36.203894
2020-07-11,07:00,67.6,46.3,46.3,0.0,341,30.03,SE,1.7,3.5,0.0,78.5,"Wenatch.W, Wenatchee, Chelan County",330141,Wenatch.W,2020-12-13 21:57:36.203894
2020-07-11,07:15,68.2,46.4,45.4,0.0,388,30.03,S,1.4,3.1,0.0,78.4,"Wenatch.W, Wenatchee, Chelan County",330141,Wenatch.W,2020-12-13 21:57:36.203894
2020-07-11,07:30,68.7,46.2,44.5,0.0,433,30.02,SE,2.3,5.3,0.0,78.3,"Wenatch.W, Wenatchee, Chelan County",330141,Wenatch.W,2020-12-13 21:57:36.203894
2020-07-11,07:45,69.4,46.3,43.6,0.0,465,30.02,SE,2.8,5.3,0.0,78.2,"Wenatch.W, Wenatchee, Chelan County",330141,Wenatch.W,2020-12-13 21:57:36.203894
2020-07-11,08:00,70.5,46.1,41.7,0.0,505,30.02,S,2.5,4.9,0.0,78.1,"Wenatch.W, Wenatchee, Chelan County",330141,Wenatch.W,2020-12-13 21:57:36.203894
2020-07-11,08:15,71.6,46.0,40.0,0.0,516,30.01,E,1.4,3.5,0.0,78.0,"Wenatch.W, Wenatchee, Chelan County",330141,Wenatch.W,2020-12-13 21:57:36.203894
2020-07-11,08:30,72.3,46.3,39.4,0.0,587,30.01,E,1.9,4.6,0.0,77.9,"Wenatch.W, Wenatchee, Chelan County",330141,Wenatch.W,2020-12-13 21:57:36.203894
2020-07-11,08:45,74.0,46.5,37.6,0.0,611,30.0,E,1.8,4.6,0.0,77.9,"Wenatch.W, Wenatchee, Chelan County",330141,Wenatch.W,2020-12-13 21:57:36.203894
2020-07-11,09:00,74.9,45.4,34.9,0.0,664,30.0,E,1.5,4.6,0.0,77.8,"Wenatch.W, Wenatchee, Chelan County",330141,Wenatch.W,2020-12-13 21:57:36.203894
2020-07-11,09:15,75.5,44.2,32.7,0.0,667,30.0,NE,2.5,6.0,0.0,77.8,"Wenatch.W, Wenatchee, Chelan County",330141,Wenatch.W,2020-12-13 21:57:36.203894
2020-07-11,09:30,76.0,43.6,31.4,0.0,710,29.99,N ,3.0,6.4,0.0,77.8,"Wenatch.W, Wenatchee, Chelan County",330141,Wenatch.W,2020-12-13 21:57:36.203894
2020-07-11,09:45,78.2,43.8,29.5,0.0,727,29.99,E,1.9,4.9,0.0,77.8,"Wenatch.W, Wenatchee, Chelan County",330141,Wenatch.W,2020-12-13 21:57:36.203894
2020-07-11,10:00,79.4,43.5,28.0,0.0,791,29.98,N ,2.2,4.6,0.0,77.8,"Wenatch.W, Wenatchee, Chelan County",330141,Wenatch.W,2020-12-13 21:57:36.203894
2020-07-11,10:15,79.3,42.6,27.1,0.0,745,29.98,E,2.8,5.7,0.0,77.8,"Wenatch.W, Wenatchee, Chelan County",330141,Wenatch.W,2020-12-13 21:57:36.203894
2020-07-11,10:30,80.3,42.5,26.2,0.0,743,29.98,NE,2.0,4.6,0.0,77.8,"Wenatch.W, Wenatchee, Chelan County",330141,Wenatch.W,2020-12-13 21:57:36.203894
2020-07-11,10:45,81.5,42.4,25.0,0.0,878,29.97,E,2.5,7.1,0.0,77.8,"Wenatch.W, Wenatchee, Chelan County",330141,Wenatch.W,2020-12-13 21:57:36.203894
2020-07-11,11:00,82.4,42.8,24.7,0.0,768,29.96,SE,2.3,6.0,0.0,77.9,"Wenatch.W, Wenatchee, Chelan County",330141,Wenatch.W,2020-12-13 21:57:36.203894
2020-07-11,11:15,83.4,43.6,24.7,0.0,707,29.95,NE,2.5,5.3,0.0,77.9,"Wenatch.W, Wenatchee, Chelan County",330141,Wenatch.W,2020-12-13 21:57:36.203894
2020-07-11,11:30,83.0,43.5,24.8,0.0,698,29.94,NE,2.5,6.4,0.0,78.0,"Wenatch.W, Wenatchee, Chelan County",330141,Wenatch.W,2020-12-13 21:57:36.203894
2020-07-11,11:45,85.0,43.6,23.4,0.0,879,29.93,SE,3.1,6.0,0.0,78.0,"Wenatch.W, Wenatchee, Chelan County",330141,Wenatch.W,2020-12-13 21:57:36.203894
2020-07-11,12:00,85.9,44.1,23.3,0.0,877,29.93,E,2.8,6.4,0.0,78.1,"Wenatch.W, Wenatchee, Chelan County",330141,Wenatch.W,2020-12-13 21:57:36.203894
2020-07-11,12:15,86.6,44.1,22.8,0.0,870,29.92,E,2.5,5.3,0.0,78.2,"Wenatch.W, Wenatchee, Chelan County",330141,Wenatch.W,2020-12-13 21:57:36.203894
2020-07-11,12:30,87.4,43.0,21.2,0.0,852,29.91,N,2.3,5.3,0.0,78.3,"Wenatch.W, Wenatchee, Chelan County",330141,Wenatch.W,2020-12-13 21:57:36.203894
2020-07-11,12:45,88.3,42.7,20.4,0.0,685,29.9,SE,2.3,5.3,0.0,78.4,"Wenatch.W, Wenatchee, Chelan County",330141,Wenatch.W,2020-12-13 21:57:36.203894
2020-07-11,13:00,89.2,41.8,19.2,0.0,759,29.9,N ,2.7,5.7,0.0,78.5,"Wenatch.W, Wenatchee, Chelan County",330141,Wenatch.W,2020-12-13 21:57:36.203894
2020-07-11,13:15,90.2,41.6,18.4,0.0,672,29.89,E,2.1,4.6,0.0,78.6,"Wenatch.W, Wenatchee, Chelan County",330141,Wenatch.W,2020-12-13 21:57:36.203894
2020-07-11,13:30,89.5,41.4,18.7,0.0,532,29.89,NE,1.9,6.0,0.0,78.7,"Wenatch.W, Wenatchee, Chelan County",330141,Wenatch.W,2020-12-13 21:57:36.203894
2020-07-11,13:45,89.7,41.8,18.8,0.0,532,29.88,NE,1.7,4.6,0.0,78.9,"Wenatch.W, Wenatchee, Chelan County",330141,Wenatch.W,2020-12-13 21:57:36.203894
2020-07-11,14:00,88.9,41.7,19.2,0.0,406,29.88,SE,3.3,6.4,0.0,79.0,"Wenatch.W, Wenatchee, Chelan County",330141,Wenatch.W,2020-12-13 21:57:36.203894
2020-07-11,14:15,90.0,38.3,16.3,0.0,550,29.88,S,5.0,11.4,0.0,79.1,"Wenatch.W, Wenatchee, Chelan County",330141,Wenatch.W,2020-12-13 21:57:36.203894
2020-07-11,14:30,90.4,37.1,15.4,0.0,614,29.87,S,5.6,11.4,0.0,79.3,"Wenatch.W, Wenatchee, Chelan County",330141,Wenatch.W,2020-12-13 21:57:36.203894
2020-07-11,14:45,91.3,34.4,13.4,0.0,613,29.87,SW,5.3,18.9,0.0,79.5,"Wenatch.W, Wenatchee, Chelan County",330141,Wenatch.W,2020-12-13 21:57:36.203894
2020-07-11,15:00,90.0,33.3,13.4,0.0,468,29.87,S,7.8,16.7,0.0,79.6,"Wenatch.W, Wenatchee, Chelan County",330141,Wenatch.W,2020-12-13 21:57:36.203894
2020-07-11,15:15,89.6,32.4,13.1,0.0,396,29.87,SW,4.6,12.1,0.0,79.7,"Wenatch.W, Wenatchee, Chelan County",330141,Wenatch.W,2020-12-13 21:57:36.203894
2020-07-11,15:30,88.5,38.4,17.2,0.0,374,29.88,NW,5.0,13.5,0.0,79.9,"Wenatch.W, Wenatchee, Chelan County",330141,Wenatch.W,2020-12-13 21:57:36.203894
2020-07-11,15:45,86.1,41.0,20.5,0.0,321,29.89,NW,5.8,13.5,0.0,80.0,"Wenatch.W, Wenatchee, Chelan County",330141,Wenatch.W,2020-12-13 21:57:36.203894
2020-07-11,16:00,85.0,41.7,21.7,0.0,258,29.9,NW,4.4,11.7,0.0,80.2,"Wenatch.W, Wenatchee, Chelan County",330141,Wenatch.W,2020-12-13 21:57:36.203894
2020-07-11,16:15,83.9,41.1,22.1,0.0,197,29.91,NW,4.7,13.9,0.0,80.3,"Wenatch.W, Wenatchee, Chelan County",330141,Wenatch.W,2020-12-13 21:57:36.203894
2020-07-11,16:30,83.0,39.7,21.5,0.0,181,29.91,NW,3.8,11.4,0.0,80.4,"Wenatch.W, Wenatchee, Chelan County",330141,Wenatch.W,2020-12-13 21:57:36.203894
2020-07-11,16:45,81.5,37.4,20.6,0.0,157,29.92,NW,5.0,13.5,0.0,80.6,"Wenatch.W, Wenatchee, Chelan County",330141,Wenatch.W,2020-12-13 21:57:36.203894
2020-07-11,17:00,80.1,35.7,20.2,0.0,98,29.92,NW,4.5,9.6,0.0,80.7,"Wenatch.W, Wenatchee, Chelan County",330141,Wenatch.W,2020-12-13 21:57:36.203894
2020-07-11,17:15,79.3,36.0,21.0,0.0,53,29.93,NW,4.3,9.6,0.0,80.8,"Wenatch.W, Wenatchee, Chelan County",330141,Wenatch.W,2020-12-13 21:57:36.203894
2020-07-11,17:30,78.4,35.9,21.5,0.0,48,29.92,NW,4.3,11.4,0.0,80.9,"Wenatch.W, Wenatchee, Chelan County",330141,Wenatch.W,2020-12-13 21:57:36.203894
2020-07-11,17:45,77.7,36.8,22.8,0.0,64,29.92,NW,4.8,12.1,0.0,81.0,"Wenatch.W, Wenatchee, Chelan County",330141,Wenatch.W,2020-12-13 21:57:36.203894
2020-07-11,18:00,77.5,37.3,23.4,0.0,76,29.93,NW,4.0,10.3,0.0,81.1,"Wenatch.W, Wenatchee, Chelan County",330141,Wenatch.W,2020-12-13 21:57:36.203894
2020-07-11,18:15,77.6,37.7,23.7,0.0,94,29.92,NW,3.1,8.5,0.0,81.2,"Wenatch.W, Wenatchee, Chelan County",330141,Wenatch.W,2020-12-13 21:57:36.203894
2020-07-11,18:30,77.7,38.0,23.9,0.0,94,29.92,NW,2.6,7.8,0.0,81.2,"Wenatch.W, Wenatchee, Chelan County",330141,Wenatch.W,2020-12-13 21:57:36.203894
2020-07-11,18:45,78.9,38.2,23.2,0.0,170,29.92,NW,2.7,9.9,0.0,81.3,"Wenatch.W, Wenatchee, Chelan County",330141,Wenatch.W,2020-12-13 21:57:36.203894
2020-07-11,19:00,78.3,38.0,23.5,0.0,129,29.93,NW,4.6,10.3,0.0,81.3,"Wenatch.W, Wenatchee, Chelan County",330141,Wenatch.W,2020-12-13 21:57:36.203894
2020-07-11,19:15,76.6,38.7,25.5,0.0,62,29.93,NW,4.3,9.2,0.0,81.4,"Wenatch.W, Wenatchee, Chelan County",330141,Wenatch.W,2020-12-13 21:57:36.203894
2020-07-11,19:30,76.0,39.4,26.8,0.0,53,29.93,NW,4.2,10.3,0.0,81.4,"Wenatch.W, Wenatchee, Chelan County",330141,Wenatch.W,2020-12-13 21:57:36.203894
2020-07-11,19:45,75.1,39.8,28.0,0.0,28,29.93,NW,4.6,8.5,0.0,81.4,"Wenatch.W, Wenatchee, Chelan County",330141,Wenatch.W,2020-12-13 21:57:36.203894
2020-07-11,20:00,74.0,40.1,29.3,0.0,11,29.93,NW,4.3,9.6,0.0,81.4,"Wenatch.W, Wenatchee, Chelan County",330141,Wenatch.W,2020-12-13 21:57:36.203894
2020-07-11,20:15,73.0,40.1,30.3,0.0,2,29.94,NW,4.2,9.6,0.0,81.4,"Wenatch.W, Wenatchee, Chelan County",330141,Wenatch.W,2020-12-13 21:57:36.203894
2020-07-11,20:30,71.8,40.5,32.1,0.0,0,29.95,NW,2.7,7.8,0.0,81.4,"Wenatch.W, Wenatchee, Chelan County",330141,Wenatch.W,2020-12-13 21:57:36.203894
2020-07-11,20:45,70.7,41.2,34.3,0.0,0,29.96,NW,2.0,4.9,0.0,81.4,"Wenatch.W, Wenatchee, Chelan County",330141,Wenatch.W,2020-12-13 21:57:36.203894
2020-07-11,21:00,70.0,40.4,34.0,0.0,0,29.96,NW,3.3,9.9,0.0,81.4,"Wenatch.W, Wenatchee, Chelan County",330141,Wenatch.W,2020-12-13 21:57:36.203894
2020-07-11,21:15,69.7,40.2,34.1,0.0,0,29.97,NW,1.1,4.2,0.0,81.4,"Wenatch.W, Wenatchee, Chelan County",330141,Wenatch.W,2020-12-13 21:57:36.203894
2020-07-11,21:30,68.1,40.8,36.8,0.0,0,29.97,NW,0.6,2.8,0.0,81.3,"Wenatch.W, Wenatchee, Chelan County",330141,Wenatch.W,2020-12-13 21:57:36.203894
2020-07-11,21:45,67.3,41.0,38.2,0.0,0,29.98,NW,1.4,5.3,0.0,81.3,"Wenatch.W, Wenatchee, Chelan County",330141,Wenatch.W,2020-12-13 21:57:36.203894
2020-07-11,22:00,67.7,41.3,38.2,0.0,0,29.98,NW,1.2,6.7,0.0,81.3,"Wenatch.W, Wenatchee, Chelan County",330141,Wenatch.W,2020-12-13 21:57:36.203894
2020-07-11,22:15,66.7,41.7,40.1,0.0,0,29.99,W,1.1,5.7,0.0,81.3,"Wenatch.W, Wenatchee, Chelan County",330141,Wenatch.W,2020-12-13 21:57:36.203894
2020-07-11,22:30,65.6,42.3,42.6,0.0,0,29.99,NW,1.3,9.2,0.0,81.2,"Wenatch.W, Wenatchee, Chelan County",330141,Wenatch.W,2020-12-13 21:57:36.203894
2020-07-11,22:45,67.6,42.7,40.3,0.0,0,29.99,NW,3.1,7.8,0.0,81.2,"Wenatch.W, Wenatchee, Chelan County",330141,Wenatch.W,2020-12-13 21:57:36.203894
2020-07-11,23:00,67.2,43.2,41.8,0.0,0,30.0,NW,3.2,8.2,0.0,81.1,"Wenatch.W, Wenatchee, Chelan County",330141,Wenatch.W,2020-12-13 21:57:36.203894
2020-07-12,23:15,67.0,43.4,42.4,0.0,0,30.0,NW,4.1,9.6,0.0,81.1,"Wenatch.W, Wenatchee, Chelan County",330141,Wenatch.W,2020-12-13 21:57:36.203894
2020-07-12,23:30,66.9,43.5,42.6,0.0,0,30.0,NW,5.1,9.9,0.0,81.0,"Wenatch.W, Wenatchee, Chelan County",330141,Wenatch.W,2020-12-13 21:57:36.203894
2020-07-12,23:45,66.5,43.7,43.6,0.0,0,30.0,NW,4.9,10.3,0.0,80.9,"Wenatch.W, Wenatchee, Chelan County",330141,Wenatch.W,2020-12-13 21:57:36.203894
2020-07-12,24:00,66.1,44.0,44.7,0.0,0,30.0,NW,4.2,9.2,0.0,80.8,"Wenatch.W, Wenatchee, Chelan County",330141,Wenatch.W,2020-12-13 21:57:36.203894
