Date,Time PST,Air Temp °F, 2<sup>nd</sup> Air Temp °F, Dew Point °F, Rel Hum %, Leaf Wet u., Wind Dir @ Speed mph, Wind Gust mph, 8 in. Soil Tmp °F, Tot Prec in, Solar Rad W/m², Atm. Press. inHg,Location,Station ID,Station Name,Download Timestamp
1997-01-08,00:15,27.6,,25.9,95.1,0.0,S@1.3,99999.0,33.8,0.0,0,,"WSU TFREC, Wenatchee, Chelan County",330141,WSU TFREC,2017-11-21 18:30:00.920326
1997-01-08,00:30,27.1,,25.1,94.3,0.0,SW@1.0,99999.0,33.8,0.0,0,,"WSU TFREC, Wenatchee, Chelan County",330141,WSU TFREC,2017-11-21 18:30:00.920326
1997-01-08,00:45,26.5,,24.4,94.4,0.0,S@0.9,99999.0,33.7,0.0,0,,"WSU TFREC, Wenatchee, Chelan County",330141,WSU TFREC,2017-11-21 18:30:00.920326
1997-01-08,01:00,25.9,,23.9,95.0,0.0,S@1.5,99999.0,33.7,0.0,0,,"WSU TFREC, Wenatchee, Chelan County",330141,WSU TFREC,2017-11-21 18:30:00.920326
1997-01-08,01:15,27.6,,26.2,96.5,0.0,S@1.0,99999.0,33.8,0.0,0,,"WSU TFREC, Wenatchee, Chelan County",330141,WSU TFREC,2017-11-21 18:30:00.920326
1997-01-08,01:30,27.7,,25.8,94.8,0.0,SW@1.3,99999.0,33.8,0.0,0,,"WSU TFREC, Wenatchee, Chelan County",330141,WSU TFREC,2017-11-21 18:30:00.920326
1997-01-08,01:45,28.1,,26.4,95.3,0.0,S@1.6,99999.0,33.8,0.0,0,,"WSU TFREC, Wenatchee, Chelan County",330141,WSU TFREC,2017-11-21 18:30:00.920326
1997-01-08,02:00,28.4,,26.5,94.1,0.0,S@1.0,99999.0,33.8,0.0,0,,"WSU TFREC, Wenatchee, Chelan County",330141,WSU TFREC,2017-11-21 18:30:00.920326
1997-01-08,02:15,27.8,,25.7,93.8,0.0,S@1.0,99999.0,33.8,0.0,0,,"WSU TFREC, Wenatchee, Chelan County",330141,WSU TFREC,2017-11-21 18:30:00.920326
1997-01-08,02:30,28.8,,27.4,96.0,0.0,S@1.1,99999.0,33.7,0.0,0,,"WSU TFREC, Wenatchee, Chelan County",330141,WSU TFREC,2017-11-21 18:30:00.920326
1997-01-08,02:45,29.1,,27.2,94.2,0.0,S@1.2,99999.0,33.8,0.0,0,,"WSU TFREC, Wenatchee, Chelan County",330141,WSU TFREC,2017-11-21 18:30:00.920326
1997-01-08,03:00,28.9,,27.0,94.1,0.0,S@1.1,99999.0,33.8,0.0,0,,"WSU TFREC, Wenatchee, Chelan County",330141,WSU TFREC,2017-11-21 18:30:00.920326
1997-01-08,03:15,29.5,,27.7,94.5,0.0,SE@1.9,99999.0,33.9,0.0,0,,"WSU TFREC, Wenatchee, Chelan County",330141,WSU TFREC,2017-11-21 18:30:00.920326
1997-01-08,03:30,29.9,,27.8,93.0,0.0,SW@1.2,99999.0,33.9,0.0,0,,"WSU TFREC, Wenatchee, Chelan County",330141,WSU TFREC,2017-11-21 18:30:00.920326
1997-01-08,03:45,30.1,,28.1,93.1,0.0,S@1.0,99999.0,33.9,0.0,0,,"WSU TFREC, Wenatchee, Chelan County",330141,WSU TFREC,2017-11-21 18:30:00.920326
1997-01-08,04:00,30.0,,28.3,94.3,0.0,S@1.3,99999.0,33.9,0.0,0,,"WSU TFREC, Wenatchee, Chelan County",330141,WSU TFREC,2017-11-21 18:30:00.920326
1997-01-08,04:15,31.5,,29.7,93.2,0.0,S@1.3,99999.0,33.9,0.0,0,,"WSU TFREC, Wenatchee, Chelan County",330141,WSU TFREC,2017-11-21 18:30:00.920326
1997-01-08,04:30,32.2,,30.1,91.8,0.0,S@1.9,99999.0,33.9,0.0,0,,"WSU TFREC, Wenatchee, Chelan County",330141,WSU TFREC,2017-11-21 18:30:00.920326
1997-01-08,04:45,31.4,,28.9,90.9,0.0,NW@2.3,99999.0,33.9,0.0,0,,"WSU TFREC, Wenatchee, Chelan County",330141,WSU TFREC,2017-11-21 18:30:00.920326
1997-01-08,05:00,31.3,,29.0,91.4,0.0,S@0.9,99999.0,33.8,0.0,0,,"WSU TFREC, Wenatchee, Chelan County",330141,WSU TFREC,2017-11-21 18:30:00.920326
1997-01-08,05:15,31.7,,29.8,92.4,0.0,S@1.3,99999.0,33.8,0.0,0,,"WSU TFREC, Wenatchee, Chelan County",330141,WSU TFREC,2017-11-21 18:30:00.920326
1997-01-08,05:30,35.0,,31.4,86.5,0.0,SW@1.3,99999.0,34.0,0.0,0,,"WSU TFREC, Wenatchee, Chelan County",330141,WSU TFREC,2017-11-21 18:30:00.920326
1997-01-08,05:45,38.2,,32.1,78.4,0.0,SW@1.8,99999.0,34.0,0.0,0,,"WSU TFREC, Wenatchee, Chelan County",330141,WSU TFREC,2017-11-21 18:30:00.920326
1997-01-08,06:00,38.5,,31.8,76.5,0.0,SW@1.6,99999.0,34.1,0.0,0,,"WSU TFREC, Wenatchee, Chelan County",330141,WSU TFREC,2017-11-21 18:30:00.920326
1997-01-08,06:15,36.8,,31.4,80.4,0.0,NE@1.8,99999.0,34.0,0.0,0,,"WSU TFREC, Wenatchee, Chelan County",330141,WSU TFREC,2017-11-21 18:30:00.920326
1997-01-08,06:30,35.0,,30.9,85.0,0.0,SW@1.7,99999.0,33.9,0.0,0,,"WSU TFREC, Wenatchee, Chelan County",330141,WSU TFREC,2017-11-21 18:30:00.920326
1997-01-08,06:45,35.8,,31.4,83.6,0.0,S@1.2,99999.0,33.9,0.0,0,,"WSU TFREC, Wenatchee, Chelan County",330141,WSU TFREC,2017-11-21 18:30:00.920326
1997-01-08,07:00,35.9,,31.5,83.6,0.0,S@1.4,99999.0,33.9,0.0,0,,"WSU TFREC, Wenatchee, Chelan County",330141,WSU TFREC,2017-11-21 18:30:00.920326
1997-01-08,07:15,36.5,,31.6,82.3,0.0,S@1.0,99999.0,33.9,0.0,0,,"WSU TFREC, Wenatchee, Chelan County",330141,WSU TFREC,2017-11-21 18:30:00.920326
1997-01-08,07:30,36.3,,31.6,82.7,0.0,SW@0.9,99999.0,33.9,0.0,0,,"WSU TFREC, Wenatchee, Chelan County",330141,WSU TFREC,2017-11-21 18:30:00.920326
1997-01-08,07:45,38.1,,31.8,77.9,0.0,S@1.2,99999.0,33.9,0.0,0,,"WSU TFREC, Wenatchee, Chelan County",330141,WSU TFREC,2017-11-21 18:30:00.920326
1997-01-08,08:00,39.5,,31.9,74.1,0.0,S@1.5,99999.0,34.0,0.0,1,,"WSU TFREC, Wenatchee, Chelan County",330141,WSU TFREC,2017-11-21 18:30:00.920326
1997-01-08,08:15,39.5,,31.9,73.9,0.0,W@1.5,99999.0,34.0,0.0,3,,"WSU TFREC, Wenatchee, Chelan County",330141,WSU TFREC,2017-11-21 18:30:00.920326
1997-01-08,08:30,39.1,,31.8,74.6,0.0,SW@1.0,99999.0,34.0,0.0,7,,"WSU TFREC, Wenatchee, Chelan County",330141,WSU TFREC,2017-11-21 18:30:00.920326
1997-01-08,08:45,38.8,,31.8,75.6,0.0,S@1.2,99999.0,33.9,0.0,12,,"WSU TFREC, Wenatchee, Chelan County",330141,WSU TFREC,2017-11-21 18:30:00.920326
1997-01-08,09:00,38.7,,31.9,76.3,0.0,S@1.6,99999.0,34.0,0.0,23,,"WSU TFREC, Wenatchee, Chelan County",330141,WSU TFREC,2017-11-21 18:30:00.920326
1997-01-08,09:15,39.2,,31.9,75.0,0.0,S@0.9,99999.0,34.0,0.0,29,,"WSU TFREC, Wenatchee, Chelan County",330141,WSU TFREC,2017-11-21 18:30:00.920326
1997-01-08,09:30,39.3,,32.0,74.8,0.0,S@1.4,99999.0,34.0,0.0,37,,"WSU TFREC, Wenatchee, Chelan County",330141,WSU TFREC,2017-11-21 18:30:00.920326
1997-01-08,09:45,41.1,,31.9,69.3,0.0,SE@2.5,99999.0,34.1,0.0,43,,"WSU TFREC, Wenatchee, Chelan County",330141,WSU TFREC,2017-11-21 18:30:00.920326
1997-01-08,10:00,41.8,,31.7,67.1,0.0,SE@2.3,99999.0,34.2,0.0,51,,"WSU TFREC, Wenatchee, Chelan County",330141,WSU TFREC,2017-11-21 18:30:00.920326
1997-01-08,10:15,46.3,,31.3,55.6,0.0,W@9.3,99999.0,34.6,0.0,71,,"WSU TFREC, Wenatchee, Chelan County",330141,WSU TFREC,2017-11-21 18:30:00.920326
1997-01-08,10:30,46.9,,31.4,54.6,0.0,NW@8.6,99999.0,34.6,0.0,103,,"WSU TFREC, Wenatchee, Chelan County",330141,WSU TFREC,2017-11-21 18:30:00.920326
1997-01-08,10:45,47.2,,31.4,54.0,0.5,W@6.3,99999.0,34.5,0.0,137,,"WSU TFREC, Wenatchee, Chelan County",330141,WSU TFREC,2017-11-21 18:30:00.920326
1997-01-08,11:00,47.3,,31.4,53.9,,W@3.6,99999.0,34.4,0.0,136,,"WSU TFREC, Wenatchee, Chelan County",330141,WSU TFREC,2017-11-21 18:30:00.920326
1997-01-08,11:15,45.0,,32.0,59.9,,NW@2.6,99999.0,34.2,0.0,128,,"WSU TFREC, Wenatchee, Chelan County",330141,WSU TFREC,2017-11-21 18:30:00.920326
1997-01-08,11:30,36.2,,30.5,79.6,,NE@3.3,99999.0,33.7,0.0,115,,"WSU TFREC, Wenatchee, Chelan County",330141,WSU TFREC,2017-11-21 18:30:00.920326
1997-01-08,11:45,35.6,,30.5,81.8,,N@2.4,99999.0,33.7,0.0,137,,"WSU TFREC, Wenatchee, Chelan County",330141,WSU TFREC,2017-11-21 18:30:00.920326
1997-01-08,12:00,36.1,,30.6,80.2,,NE@2.2,99999.0,33.7,0.0,179,,"WSU TFREC, Wenatchee, Chelan County",330141,WSU TFREC,2017-11-21 18:30:00.920326
1997-01-08,12:15,37.0,,30.6,77.3,,N@1.4,99999.0,33.8,0.0,185,,"WSU TFREC, Wenatchee, Chelan County",330141,WSU TFREC,2017-11-21 18:30:00.920326
1997-01-08,12:30,36.6,,30.7,78.8,,N@2.3,99999.0,33.8,0.0,160,,"WSU TFREC, Wenatchee, Chelan County",330141,WSU TFREC,2017-11-21 18:30:00.920326
1997-01-08,12:45,36.6,,30.8,79.3,,N@2.4,99999.0,33.8,0.0,205,,"WSU TFREC, Wenatchee, Chelan County",330141,WSU TFREC,2017-11-21 18:30:00.920326
1997-01-08,13:00,36.6,,30.5,78.2,,N@3.5,99999.0,33.8,0.0,221,,"WSU TFREC, Wenatchee, Chelan County",330141,WSU TFREC,2017-11-21 18:30:00.920326
1997-01-08,13:15,36.9,,30.5,77.4,,N@2.6,99999.0,33.8,0.0,308,,"WSU TFREC, Wenatchee, Chelan County",330141,WSU TFREC,2017-11-21 18:30:00.920326
1997-01-08,13:30,37.9,,30.5,74.3,,N@2.5,99999.0,34.0,0.0,348,,"WSU TFREC, Wenatchee, Chelan County",330141,WSU TFREC,2017-11-21 18:30:00.920326
1997-01-08,13:45,37.3,,30.4,75.8,,N@3.5,99999.0,33.9,0.0,280,,"WSU TFREC, Wenatchee, Chelan County",330141,WSU TFREC,2017-11-21 18:30:00.920326
1997-01-08,14:00,36.5,,30.1,77.3,,NW@2.5,99999.0,33.7,0.0,174,,"WSU TFREC, Wenatchee, Chelan County",330141,WSU TFREC,2017-11-21 18:30:00.920326
1997-01-08,14:15,36.3,,30.2,78.5,,N@3.4,99999.0,33.7,0.0,137,,"WSU TFREC, Wenatchee, Chelan County",330141,WSU TFREC,2017-11-21 18:30:00.920326
1997-01-08,14:30,35.7,,30.1,79.8,,NW@2.4,99999.0,33.6,0.0,95,,"WSU TFREC, Wenatchee, Chelan County",330141,WSU TFREC,2017-11-21 18:30:00.920326
1997-01-08,14:45,36.2,,30.2,78.5,,E@1.9,99999.0,33.7,0.0,45,,"WSU TFREC, Wenatchee, Chelan County",330141,WSU TFREC,2017-11-21 18:30:00.920326
1997-01-08,15:00,34.9,,30.1,82.5,,N@3.3,99999.0,33.6,0.0,41,,"WSU TFREC, Wenatchee, Chelan County",330141,WSU TFREC,2017-11-21 18:30:00.920326
1997-01-08,15:15,34.5,,30.1,84.0,,N@3.5,99999.0,33.6,0.0,30,,"WSU TFREC, Wenatchee, Chelan County",330141,WSU TFREC,2017-11-21 18:30:00.920326
1997-01-08,15:30,34.4,,30.0,83.9,,NW@2.7,99999.0,33.6,0.0,24,,"WSU TFREC, Wenatchee, Chelan County",330141,WSU TFREC,2017-11-21 18:30:00.920326
1997-01-08,15:45,34.3,,30.1,84.5,,NW@3.2,99999.0,33.7,0.0,18,,"WSU TFREC, Wenatchee, Chelan County",330141,WSU TFREC,2017-11-21 18:30:00.920326
1997-01-08,16:00,34.3,,30.1,84.4,,NW@2.6,99999.0,33.7,0.0,16,,"WSU TFREC, Wenatchee, Chelan County",330141,WSU TFREC,2017-11-21 18:30:00.920326
1997-01-08,16:15,34.4,,30.2,84.6,,W@1.2,99999.0,33.7,0.0,8,,"WSU TFREC, Wenatchee, Chelan County",330141,WSU TFREC,2017-11-21 18:30:00.920326
1997-01-08,16:30,34.0,,30.4,86.4,,NW@1.4,99999.0,33.7,0.0,3,,"WSU TFREC, Wenatchee, Chelan County",330141,WSU TFREC,2017-11-21 18:30:00.920326
1997-01-08,16:45,33.8,,30.1,86.2,,N@2.6,99999.0,33.7,0.0,1,,"WSU TFREC, Wenatchee, Chelan County",330141,WSU TFREC,2017-11-21 18:30:00.920326
1997-01-08,17:00,33.8,,29.9,85.6,,N@3.2,99999.0,33.7,0.0,0,,"WSU TFREC, Wenatchee, Chelan County",330141,WSU TFREC,2017-11-21 18:30:00.920326
1997-01-08,17:15,33.6,,29.9,86.1,,NW@3.1,99999.0,33.7,0.0,0,,"WSU TFREC, Wenatchee, Chelan County",330141,WSU TFREC,2017-11-21 18:30:00.920326
1997-01-08,17:30,33.5,,29.8,86.3,,NW@4.0,99999.0,33.7,0.0,0,,"WSU TFREC, Wenatchee, Chelan County",330141,WSU TFREC,2017-11-21 18:30:00.920326
1997-01-08,17:45,33.4,,29.9,87.0,,NW@2.7,99999.0,33.7,0.0,0,,"WSU TFREC, Wenatchee, Chelan County",330141,WSU TFREC,2017-11-21 18:30:00.920326
1997-01-08,18:00,33.5,,29.8,86.2,,NW@1.9,99999.0,33.7,0.0,0,,"WSU TFREC, Wenatchee, Chelan County",330141,WSU TFREC,2017-11-21 18:30:00.920326
1997-01-08,18:15,33.5,,29.9,86.5,,NW@2.6,99999.0,33.7,0.0,0,,"WSU TFREC, Wenatchee, Chelan County",330141,WSU TFREC,2017-11-21 18:30:00.920326
1997-01-08,18:30,33.4,,29.8,86.8,,N@1.3,99999.0,33.8,0.0,0,,"WSU TFREC, Wenatchee, Chelan County",330141,WSU TFREC,2017-11-21 18:30:00.920326
1997-01-08,18:45,33.2,,30.0,87.8,,N@2.1,99999.0,33.8,0.0,0,,"WSU TFREC, Wenatchee, Chelan County",330141,WSU TFREC,2017-11-21 18:30:00.920326
1997-01-08,19:00,33.0,,30.0,88.7,,N@1.8,99999.0,33.8,0.0,0,,"WSU TFREC, Wenatchee, Chelan County",330141,WSU TFREC,2017-11-21 18:30:00.920326
1997-01-08,19:15,32.9,,30.0,89.1,,NW@2.1,99999.0,33.8,0.0,0,,"WSU TFREC, Wenatchee, Chelan County",330141,WSU TFREC,2017-11-21 18:30:00.920326
1997-01-08,19:30,32.9,,30.1,89.1,,N@2.3,99999.0,33.8,0.0,0,,"WSU TFREC, Wenatchee, Chelan County",330141,WSU TFREC,2017-11-21 18:30:00.920326
1997-01-08,19:45,32.8,,29.9,88.9,,SE@0.9,99999.0,33.8,0.0,0,,"WSU TFREC, Wenatchee, Chelan County",330141,WSU TFREC,2017-11-21 18:30:00.920326
1997-01-08,20:00,32.6,,29.8,89.4,,W@1.6,99999.0,33.7,0.0,0,,"WSU TFREC, Wenatchee, Chelan County",330141,WSU TFREC,2017-11-21 18:30:00.920326
1997-01-08,20:15,32.5,,29.8,89.7,,W@1.5,99999.0,33.7,0.0,0,,"WSU TFREC, Wenatchee, Chelan County",330141,WSU TFREC,2017-11-21 18:30:00.920326
1997-01-08,20:30,32.4,,29.6,89.4,,NW@2.7,99999.0,33.8,0.0,0,,"WSU TFREC, Wenatchee, Chelan County",330141,WSU TFREC,2017-11-21 18:30:00.920326
1997-01-08,20:45,32.4,,29.8,89.8,,S@2.0,99999.0,33.8,0.0,0,,"WSU TFREC, Wenatchee, Chelan County",330141,WSU TFREC,2017-11-21 18:30:00.920326
1997-01-08,21:00,32.7,,29.8,88.9,,E@2.6,99999.0,33.8,0.0,0,,"WSU TFREC, Wenatchee, Chelan County",330141,WSU TFREC,2017-11-21 18:30:00.920326
1997-01-08,21:15,32.0,,29.4,90.0,,N@3.3,99999.0,33.7,0.0,0,,"WSU TFREC, Wenatchee, Chelan County",330141,WSU TFREC,2017-11-21 18:30:00.920326
1997-01-08,21:30,31.7,,29.4,91.1,,SW@1.6,99999.0,33.7,0.0,0,,"WSU TFREC, Wenatchee, Chelan County",330141,WSU TFREC,2017-11-21 18:30:00.920326
1997-01-08,21:45,31.7,,29.4,91.3,,N@2.7,99999.0,33.7,0.0,0,,"WSU TFREC, Wenatchee, Chelan County",330141,WSU TFREC,2017-11-21 18:30:00.920326
1997-01-08,22:00,31.5,,29.2,91.5,,NW@1.2,99999.0,33.7,0.0,0,,"WSU TFREC, Wenatchee, Chelan County",330141,WSU TFREC,2017-11-21 18:30:00.920326
1997-01-08,22:15,31.1,,29.0,92.2,,SW@0.9,99999.0,33.7,0.0,0,,"WSU TFREC, Wenatchee, Chelan County",330141,WSU TFREC,2017-11-21 18:30:00.920326
1997-01-08,22:30,30.8,,29.0,93.5,,W@1.0,99999.0,33.7,0.0,0,,"WSU TFREC, Wenatchee, Chelan County",330141,WSU TFREC,2017-11-21 18:30:00.920326
1997-01-08,22:45,30.9,,29.0,93.2,,NW@1.1,99999.0,33.7,0.0,0,,"WSU TFREC, Wenatchee, Chelan County",330141,WSU TFREC,2017-11-21 18:30:00.920326
1997-01-08,23:00,30.7,,28.7,92.9,,NW@1.0,99999.0,33.7,0.0,0,,"WSU TFREC, Wenatchee, Chelan County",330141,WSU TFREC,2017-11-21 18:30:00.920326
1997-01-08,23:15,30.3,,28.4,93.4,,SW@0.9,99999.0,33.7,0.0,0,,"WSU TFREC, Wenatchee, Chelan County",330141,WSU TFREC,2017-11-21 18:30:00.920326
1997-01-08,23:30,29.8,,27.9,93.5,,NW@0.9,99999.0,33.7,0.0,0,,"WSU TFREC, Wenatchee, Chelan County",330141,WSU TFREC,2017-11-21 18:30:00.920326
1997-01-08,23:45,29.6,,27.8,93.8,,SW@0.9,99999.0,33.7,0.0,0,,"WSU TFREC, Wenatchee, Chelan County",330141,WSU TFREC,2017-11-21 18:30:00.920326
1997-01-08,24:00,32.6,,30.9,93.1,,S@1.2,99999.0,33.7,0.0,0,,"WSU TFREC, Wenatchee, Chelan County",330141,WSU TFREC,2017-11-21 18:30:00.920326
1997-01-09,00:15,28.9,,27.3,95.2,,SW@0.9,99999.0,33.7,0.0,0,,"WSU TFREC, Wenatchee, Chelan County",330141,WSU TFREC,2017-11-21 18:30:00.920326
1997-01-09,00:30,28.9,,27.3,95.5,,S@0.9,99999.0,33.7,0.0,0,,"WSU TFREC, Wenatchee, Chelan County",330141,WSU TFREC,2017-11-21 18:30:00.920326
1997-01-09,00:45,29.4,,27.9,95.0,,SW@0.9,99999.0,33.7,0.0,0,,"WSU TFREC, Wenatchee, Chelan County",330141,WSU TFREC,2017-11-21 18:30:00.920326
1997-01-09,01:00,28.9,,27.1,94.5,,W@0.9,99999.0,33.7,0.0,0,,"WSU TFREC, Wenatchee, Chelan County",330141,WSU TFREC,2017-11-21 18:30:00.920326
1997-01-09,01:15,28.4,,26.7,95.2,,W@0.9,99999.0,33.7,0.0,0,,"WSU TFREC, Wenatchee, Chelan County",330141,WSU TFREC,2017-11-21 18:30:00.920326
1997-01-09,01:30,28.2,,26.7,96.1,,SW@1.0,99999.0,33.7,0.0,0,,"WSU TFREC, Wenatchee, Chelan County",330141,WSU TFREC,2017-11-21 18:30:00.920326
1997-01-09,01:45,29.2,,27.9,96.4,,W@1.4,99999.0,33.8,0.0,0,,"WSU TFREC, Wenatchee, Chelan County",330141,WSU TFREC,2017-11-21 18:30:00.920326
1997-01-09,02:00,28.5,,26.8,95.0,,S@0.9,99999.0,33.7,0.0,0,,"WSU TFREC, Wenatchee, Chelan County",330141,WSU TFREC,2017-11-21 18:30:00.920326
1997-01-09,02:15,28.1,,26.6,95.9,,S@0.9,99999.0,33.7,0.0,0,,"WSU TFREC, Wenatchee, Chelan County",330141,WSU TFREC,2017-11-21 18:30:00.920326
1997-01-09,02:30,27.7,,26.3,96.3,,SE@0.9,99999.0,33.6,0.0,0,,"WSU TFREC, Wenatchee, Chelan County",330141,WSU TFREC,2017-11-21 18:30:00.920326
1997-01-09,02:45,27.1,,25.5,96.2,,N@0.9,99999.0,33.6,0.0,0,,"WSU TFREC, Wenatchee, Chelan County",330141,WSU TFREC,2017-11-21 18:30:00.920326
1997-01-09,03:00,27.6,,26.3,97.3,,SW@0.9,99999.0,33.7,0.0,0,,"WSU TFREC, Wenatchee, Chelan County",330141,WSU TFREC,2017-11-21 18:30:00.920326
1997-01-09,03:15,27.4,,26.0,96.8,,S@0.9,99999.0,33.7,0.0,0,,"WSU TFREC, Wenatchee, Chelan County",330141,WSU TFREC,2017-11-21 18:30:00.920326
1997-01-09,03:30,27.0,,25.6,96.9,,SE@0.9,99999.0,33.7,0.0,0,,"WSU TFREC, Wenatchee, Chelan County",330141,WSU TFREC,2017-11-21 18:30:00.920326
1997-01-09,03:45,27.1,,25.7,97.3,,SW@0.9,99999.0,33.7,0.0,0,,"WSU TFREC, Wenatchee, Chelan County",330141,WSU TFREC,2017-11-21 18:30:00.920326
1997-01-09,04:00,27.1,,25.8,97.4,,S@0.9,99999.0,33.7,0.0,0,,"WSU TFREC, Wenatchee, Chelan County",330141,WSU TFREC,2017-11-21 18:30:00.920326
1997-01-09,04:15,27.1,,25.8,97.5,,NW@0.9,99999.0,33.7,0.0,0,,"WSU TFREC, Wenatchee, Chelan County",330141,WSU TFREC,2017-11-21 18:30:00.920326
1997-01-09,04:30,27.6,,26.4,97.6,,NW@1.5,99999.0,33.8,0.0,0,,"WSU TFREC, Wenatchee, Chelan County",330141,WSU TFREC,2017-11-21 18:30:00.920326
1997-01-09,04:45,28.2,,27.0,97.4,,NW@0.9,99999.0,33.8,0.0,0,,"WSU TFREC, Wenatchee, Chelan County",330141,WSU TFREC,2017-11-21 18:30:00.920326
1997-01-09,05:00,28.2,,27.0,97.4,,W@0.9,99999.0,33.8,0.0,0,,"WSU TFREC, Wenatchee, Chelan County",330141,WSU TFREC,2017-11-21 18:30:00.920326
1997-01-09,05:15,28.1,,26.9,97.3,,S@1.0,99999.0,33.8,0.0,0,,"WSU TFREC, Wenatchee, Chelan County",330141,WSU TFREC,2017-11-21 18:30:00.920326
1997-01-09,05:30,28.1,,26.9,97.1,,S@1.0,99999.0,33.8,0.0,0,,"WSU TFREC, Wenatchee, Chelan County",330141,WSU TFREC,2017-11-21 18:30:00.920326
1997-01-09,05:45,28.2,,27.0,97.1,,SE@0.9,99999.0,33.8,0.0,0,,"WSU TFREC, Wenatchee, Chelan County",330141,WSU TFREC,2017-11-21 18:30:00.920326
1997-01-09,06:00,28.2,,27.0,97.1,,NW@1.9,99999.0,33.8,0.0,0,,"WSU TFREC, Wenatchee, Chelan County",330141,WSU TFREC,2017-11-21 18:30:00.920326
1997-01-09,06:15,29.0,,27.6,96.0,,N@1.8,99999.0,33.9,0.0,0,,"WSU TFREC, Wenatchee, Chelan County",330141,WSU TFREC,2017-11-21 18:30:00.920326
1997-01-09,06:30,29.0,,27.5,95.3,,W@0.9,99999.0,33.8,0.0,0,,"WSU TFREC, Wenatchee, Chelan County",330141,WSU TFREC,2017-11-21 18:30:00.920326
1997-01-09,06:45,28.9,,27.4,95.6,,SW@0.9,99999.0,33.8,0.0,0,,"WSU TFREC, Wenatchee, Chelan County",330141,WSU TFREC,2017-11-21 18:30:00.920326
1997-01-09,07:00,29.1,,27.7,95.8,,W@1.0,99999.0,33.8,0.0,0,,"WSU TFREC, Wenatchee, Chelan County",330141,WSU TFREC,2017-11-21 18:30:00.920326
1997-01-09,07:15,29.6,,27.9,94.5,,W@1.1,99999.0,33.8,0.0,0,,"WSU TFREC, Wenatchee, Chelan County",330141,WSU TFREC,2017-11-21 18:30:00.920326
1997-01-09,07:30,29.8,,27.8,93.4,,W@1.2,99999.0,33.8,0.0,0,,"WSU TFREC, Wenatchee, Chelan County",330141,WSU TFREC,2017-11-21 18:30:00.920326
1997-01-09,07:45,30.1,,27.9,92.3,,NW@2.6,99999.0,33.8,0.0,1,,"WSU TFREC, Wenatchee, Chelan County",330141,WSU TFREC,2017-11-21 18:30:00.920326
1997-01-09,08:00,30.4,,28.0,91.4,,NW@2.1,99999.0,33.8,0.0,3,,"WSU TFREC, Wenatchee, Chelan County",330141,WSU TFREC,2017-11-21 18:30:00.920326
1997-01-09,08:15,30.4,,28.0,91.4,,NW@2.3,99999.0,33.8,0.0,7,,"WSU TFREC, Wenatchee, Chelan County",330141,WSU TFREC,2017-11-21 18:30:00.920326
1997-01-09,08:30,30.6,,28.1,90.7,,N@3.4,99999.0,33.8,0.0,13,,"WSU TFREC, Wenatchee, Chelan County",330141,WSU TFREC,2017-11-21 18:30:00.920326
1997-01-09,08:45,30.8,,28.2,90.6,,N@2.2,99999.0,33.9,0.0,20,,"WSU TFREC, Wenatchee, Chelan County",330141,WSU TFREC,2017-11-21 18:30:00.920326
1997-01-09,09:00,30.9,,28.5,91.1,,N@0.9,99999.0,33.9,0.0,39,,"WSU TFREC, Wenatchee, Chelan County",330141,WSU TFREC,2017-11-21 18:30:00.920326
1997-01-09,09:15,31.3,,28.6,90.2,,NW@0.9,99999.0,33.9,0.0,54,,"WSU TFREC, Wenatchee, Chelan County",330141,WSU TFREC,2017-11-21 18:30:00.920326
1997-01-09,09:30,31.8,,28.8,88.6,,NW@0.9,99999.0,33.9,0.0,52,,"WSU TFREC, Wenatchee, Chelan County",330141,WSU TFREC,2017-11-21 18:30:00.920326
1997-01-09,09:45,32.0,,28.9,88.1,,W@0.9,99999.0,33.9,0.0,49,,"WSU TFREC, Wenatchee, Chelan County",330141,WSU TFREC,2017-11-21 18:30:00.920326
1997-01-09,10:00,32.5,,29.1,87.0,,N@0.9,99999.0,33.9,0.0,65,,"WSU TFREC, Wenatchee, Chelan County",330141,WSU TFREC,2017-11-21 18:30:00.920326
1997-01-09,10:15,32.9,,29.2,86.2,,N@0.9,99999.0,34.0,0.0,89,,"WSU TFREC, Wenatchee, Chelan County",330141,WSU TFREC,2017-11-21 18:30:00.920326
1997-01-09,10:30,33.2,,29.3,85.4,,N@0.9,99999.0,34.0,0.0,107,,"WSU TFREC, Wenatchee, Chelan County",330141,WSU TFREC,2017-11-21 18:30:00.920326
1997-01-09,10:45,34.2,,29.6,83.2,,NW@0.9,99999.0,34.1,0.0,133,,"WSU TFREC, Wenatchee, Chelan County",330141,WSU TFREC,2017-11-21 18:30:00.920326
1997-01-09,11:00,34.2,,29.7,83.3,,N@0.9,99999.0,34.1,0.0,128,,"WSU TFREC, Wenatchee, Chelan County",330141,WSU TFREC,2017-11-21 18:30:00.920326
1997-01-09,11:15,34.3,,29.6,82.5,,NW@0.9,99999.0,34.1,0.0,117,,"WSU TFREC, Wenatchee, Chelan County",330141,WSU TFREC,2017-11-21 18:30:00.920326
1997-01-09,11:30,34.2,,29.5,82.4,,E@0.9,99999.0,34.0,0.0,95,,"WSU TFREC, Wenatchee, Chelan County",330141,WSU TFREC,2017-11-21 18:30:00.920326
1997-01-09,11:45,34.1,,29.6,83.4,,NE@1.4,99999.0,34.0,0.0,92,,"WSU TFREC, Wenatchee, Chelan County",330141,WSU TFREC,2017-11-21 18:30:00.920326
1997-01-09,12:00,33.5,,29.6,85.5,,N@1.9,99999.0,33.9,0.0,98,,"WSU TFREC, Wenatchee, Chelan County",330141,WSU TFREC,2017-11-21 18:30:00.920326
1997-01-09,12:15,33.5,,29.6,85.3,,NW@2.2,99999.0,33.9,0.0,106,,"WSU TFREC, Wenatchee, Chelan County",330141,WSU TFREC,2017-11-21 18:30:00.920326
1997-01-09,12:30,33.9,,29.7,84.4,,W@1.8,99999.0,33.9,0.0,104,,"WSU TFREC, Wenatchee, Chelan County",330141,WSU TFREC,2017-11-21 18:30:00.920326
1997-01-09,12:45,34.3,,29.7,83.2,,NW@2.2,99999.0,34.0,0.0,111,,"WSU TFREC, Wenatchee, Chelan County",330141,WSU TFREC,2017-11-21 18:30:00.920326
1997-01-09,13:00,34.5,,30.0,83.2,,N@2.3,99999.0,33.9,0.0,95,,"WSU TFREC, Wenatchee, Chelan County",330141,WSU TFREC,2017-11-21 18:30:00.920326
1997-01-09,13:15,34.1,,30.2,85.3,,N@3.5,99999.0,33.8,0.0,84,,"WSU TFREC, Wenatchee, Chelan County",330141,WSU TFREC,2017-11-21 18:30:00.920326
1997-01-09,13:30,34.1,,30.4,86.3,,N@2.2,99999.0,33.9,0.0,88,,"WSU TFREC, Wenatchee, Chelan County",330141,WSU TFREC,2017-11-21 18:30:00.920326
1997-01-09,13:45,34.5,,30.4,84.6,,NW@1.2,99999.0,33.9,0.0,86,,"WSU TFREC, Wenatchee, Chelan County",330141,WSU TFREC,2017-11-21 18:30:00.920326
1997-01-09,14:00,34.8,,30.1,82.7,,NW@2.1,99999.0,33.9,0.0,98,,"WSU TFREC, Wenatchee, Chelan County",330141,WSU TFREC,2017-11-21 18:30:00.920326
1997-01-09,14:15,34.8,,30.0,82.6,,NW@2.4,99999.0,33.9,0.0,103,,"WSU TFREC, Wenatchee, Chelan County",330141,WSU TFREC,2017-11-21 18:30:00.920326
1997-01-09,14:30,34.7,,30.1,82.9,,NW@1.7,99999.0,33.9,0.0,89,,"WSU TFREC, Wenatchee, Chelan County",330141,WSU TFREC,2017-11-21 18:30:00.920326
1997-01-09,14:45,35.1,,30.2,82.2,,W@1.2,99999.0,33.9,0.0,69,,"WSU TFREC, Wenatchee, Chelan County",330141,WSU TFREC,2017-11-21 18:30:00.920326
1997-01-09,15:00,35.4,,30.3,81.6,,NW@1.7,99999.0,33.9,0.0,62,,"WSU TFREC, Wenatchee, Chelan County",330141,WSU TFREC,2017-11-21 18:30:00.920326
1997-01-09,15:15,34.9,,30.4,83.5,,N@3.0,99999.0,33.8,0.0,55,,"WSU TFREC, Wenatchee, Chelan County",330141,WSU TFREC,2017-11-21 18:30:00.920326
1997-01-09,15:30,34.5,,30.5,85.1,,NW@2.4,99999.0,33.8,0.0,41,,"WSU TFREC, Wenatchee, Chelan County",330141,WSU TFREC,2017-11-21 18:30:00.920326
1997-01-09,15:45,34.4,,30.7,85.9,,N@2.7,99999.0,33.8,0.0,41,,"WSU TFREC, Wenatchee, Chelan County",330141,WSU TFREC,2017-11-21 18:30:00.920326
1997-01-09,16:00,34.4,,30.6,85.6,,N@2.4,99999.0,33.8,0.0,31,,"WSU TFREC, Wenatchee, Chelan County",330141,WSU TFREC,2017-11-21 18:30:00.920326
1997-01-09,16:15,34.4,,30.5,85.5,,N@1.7,99999.0,33.8,0.0,13,,"WSU TFREC, Wenatchee, Chelan County",330141,WSU TFREC,2017-11-21 18:30:00.920326
1997-01-09,16:30,34.1,,30.5,86.7,,NW@1.0,99999.0,33.7,0.0,8,,"WSU TFREC, Wenatchee, Chelan County",330141,WSU TFREC,2017-11-21 18:30:00.920326
1997-01-09,16:45,33.9,,30.6,87.5,,SW@0.9,99999.0,33.7,0.0,3,,"WSU TFREC, Wenatchee, Chelan County",330141,WSU TFREC,2017-11-21 18:30:00.920326
1997-01-09,17:00,33.6,,30.6,88.7,,SW@0.9,99999.0,33.7,0.0,0,,"WSU TFREC, Wenatchee, Chelan County",330141,WSU TFREC,2017-11-21 18:30:00.920326
1997-01-09,17:15,33.3,,30.5,89.5,,SW@0.9,99999.0,33.7,0.0,0,,"WSU TFREC, Wenatchee, Chelan County",330141,WSU TFREC,2017-11-21 18:30:00.920326
1997-01-09,17:30,33.1,,30.7,91.1,,NW@1.1,99999.0,33.7,0.0,0,,"WSU TFREC, Wenatchee, Chelan County",330141,WSU TFREC,2017-11-21 18:30:00.920326
1997-01-09,17:45,32.9,,30.8,92.0,,SW@0.9,99999.0,33.7,0.0,0,,"WSU TFREC, Wenatchee, Chelan County",330141,WSU TFREC,2017-11-21 18:30:00.920326
1997-01-09,18:00,33.0,,30.8,91.3,,S@1.2,99999.0,33.7,0.0,0,,"WSU TFREC, Wenatchee, Chelan County",330141,WSU TFREC,2017-11-21 18:30:00.920326
1997-01-09,18:15,33.2,,30.8,90.7,,SW@1.0,99999.0,33.8,0.0,0,,"WSU TFREC, Wenatchee, Chelan County",330141,WSU TFREC,2017-11-21 18:30:00.920326
1997-01-09,18:30,33.0,,30.8,91.8,,W@1.0,99999.0,33.8,0.0,0,,"WSU TFREC, Wenatchee, Chelan County",330141,WSU TFREC,2017-11-21 18:30:00.920326
1997-01-09,18:45,32.8,,30.8,92.3,,S@1.0,99999.0,33.7,0.0,0,,"WSU TFREC, Wenatchee, Chelan County",330141,WSU TFREC,2017-11-21 18:30:00.920326
1997-01-09,19:00,33.0,,30.8,91.6,,S@1.0,99999.0,33.7,0.0,0,,"WSU TFREC, Wenatchee, Chelan County",330141,WSU TFREC,2017-11-21 18:30:00.920326
1997-01-09,19:15,32.9,,30.8,92.0,,SW@1.0,99999.0,33.8,0.0,0,,"WSU TFREC, Wenatchee, Chelan County",330141,WSU TFREC,2017-11-21 18:30:00.920326
1997-01-09,19:30,32.9,,30.8,91.6,,SW@1.2,99999.0,33.8,0.0,0,,"WSU TFREC, Wenatchee, Chelan County",330141,WSU TFREC,2017-11-21 18:30:00.920326
1997-01-09,19:45,33.3,,30.8,90.4,,W@1.4,99999.0,33.8,0.0,0,,"WSU TFREC, Wenatchee, Chelan County",330141,WSU TFREC,2017-11-21 18:30:00.920326
1997-01-09,20:00,33.8,,30.8,88.9,,N@1.6,99999.0,33.8,0.0,0,,"WSU TFREC, Wenatchee, Chelan County",330141,WSU TFREC,2017-11-21 18:30:00.920326
1997-01-09,20:15,33.3,,30.8,90.4,,S@1.1,99999.0,33.8,0.0,0,,"WSU TFREC, Wenatchee, Chelan County",330141,WSU TFREC,2017-11-21 18:30:00.920326
1997-01-09,20:30,33.1,,30.8,91.0,,S@0.9,99999.0,33.8,0.0,0,,"WSU TFREC, Wenatchee, Chelan County",330141,WSU TFREC,2017-11-21 18:30:00.920326
1997-01-09,20:45,32.8,,30.7,91.9,,S@1.0,99999.0,33.8,0.0,0,,"WSU TFREC, Wenatchee, Chelan County",330141,WSU TFREC,2017-11-21 18:30:00.920326
1997-01-09,21:00,32.7,,30.8,92.3,,S@0.9,99999.0,33.8,0.0,0,,"WSU TFREC, Wenatchee, Chelan County",330141,WSU TFREC,2017-11-21 18:30:00.920326
1997-01-09,21:15,32.8,,30.8,92.4,,S@0.9,99999.0,33.8,0.0,0,,"WSU TFREC, Wenatchee, Chelan County",330141,WSU TFREC,2017-11-21 18:30:00.920326
1997-01-09,21:30,33.1,,31.0,91.9,,SW@1.2,99999.0,33.8,0.0,0,,"WSU TFREC, Wenatchee, Chelan County",330141,WSU TFREC,2017-11-21 18:30:00.920326
1997-01-09,21:45,33.3,,31.0,91.0,,S@1.3,99999.0,33.8,0.0,0,,"WSU TFREC, Wenatchee, Chelan County",330141,WSU TFREC,2017-11-21 18:30:00.920326
1997-01-09,22:00,33.9,,31.2,89.8,,SE@1.8,99999.0,33.8,0.0,0,,"WSU TFREC, Wenatchee, Chelan County",330141,WSU TFREC,2017-11-21 18:30:00.920326
1997-01-09,22:15,34.2,,31.2,88.7,,NE@2.0,99999.0,33.8,0.0,0,,"WSU TFREC, Wenatchee, Chelan County",330141,WSU TFREC,2017-11-21 18:30:00.920326
1997-01-09,22:30,34.1,,31.2,88.8,,W@2.8,99999.0,33.8,0.0,0,,"WSU TFREC, Wenatchee, Chelan County",330141,WSU TFREC,2017-11-21 18:30:00.920326
1997-01-09,22:45,34.1,,31.1,88.6,,W@2.4,99999.0,33.8,0.0,0,,"WSU TFREC, Wenatchee, Chelan County",330141,WSU TFREC,2017-11-21 18:30:00.920326
1997-01-09,23:00,33.8,,31.1,89.8,,N@3.2,99999.0,33.8,0.0,0,,"WSU TFREC, Wenatchee, Chelan County",330141,WSU TFREC,2017-11-21 18:30:00.920326
1997-01-09,23:15,33.6,,31.2,90.8,,N@2.7,99999.0,33.8,0.0,0,,"WSU TFREC, Wenatchee, Chelan County",330141,WSU TFREC,2017-11-21 18:30:00.920326
1997-01-09,23:30,33.3,,31.0,91.2,,NW@1.4,99999.0,33.7,0.0,0,,"WSU TFREC, Wenatchee, Chelan County",330141,WSU TFREC,2017-11-21 18:30:00.920326
1997-01-09,23:45,32.8,,30.9,92.7,,SW@0.9,99999.0,33.7,0.0,0,,"WSU TFREC, Wenatchee, Chelan County",330141,WSU TFREC,2017-11-21 18:30:00.920326
1997-01-09,24:00,31.1,,29.8,95.4,,W@1.8,99999.0,33.7,0.0,0,,"WSU TFREC, Wenatchee, Chelan County",330141,WSU TFREC,2017-11-21 18:30:00.920326
1997-01-10,00:15,32.5,,30.8,93.4,,S@1.0,99999.0,33.7,0.0,0,,"WSU TFREC, Wenatchee, Chelan County",330141,WSU TFREC,2017-11-21 18:30:00.920326
1997-01-10,00:30,32.2,,30.7,94.1,,W@0.9,99999.0,33.7,0.0,0,,"WSU TFREC, Wenatchee, Chelan County",330141,WSU TFREC,2017-11-21 18:30:00.920326
1997-01-10,00:45,32.5,,30.9,93.7,,W@1.1,99999.0,33.7,0.0,0,,"WSU TFREC, Wenatchee, Chelan County",330141,WSU TFREC,2017-11-21 18:30:00.920326
1997-01-10,01:00,33.1,,31.0,91.9,,W@1.2,99999.0,33.8,0.0,0,,"WSU TFREC, Wenatchee, Chelan County",330141,WSU TFREC,2017-11-21 18:30:00.920326
1997-01-10,01:15,32.6,,30.6,92.2,,NE@0.9,99999.0,33.7,0.0,0,,"WSU TFREC, Wenatchee, Chelan County",330141,WSU TFREC,2017-11-21 18:30:00.920326
1997-01-10,01:30,32.5,,30.8,93.4,,SW@1.0,99999.0,33.8,0.0,0,,"WSU TFREC, Wenatchee, Chelan County",330141,WSU TFREC,2017-11-21 18:30:00.920326
1997-01-10,01:45,32.6,,30.8,93.3,,S@1.2,99999.0,33.7,0.0,0,,"WSU TFREC, Wenatchee, Chelan County",330141,WSU TFREC,2017-11-21 18:30:00.920326
1997-01-10,02:00,32.5,,30.7,93.2,,S@1.0,99999.0,33.8,0.0,0,,"WSU TFREC, Wenatchee, Chelan County",330141,WSU TFREC,2017-11-21 18:30:00.920326
1997-01-10,02:15,33.3,,31.2,92.0,,W@1.4,99999.0,33.8,0.0,0,,"WSU TFREC, Wenatchee, Chelan County",330141,WSU TFREC,2017-11-21 18:30:00.920326
1997-01-10,02:30,33.4,,31.0,90.8,,W@1.1,99999.0,33.8,0.0,0,,"WSU TFREC, Wenatchee, Chelan County",330141,WSU TFREC,2017-11-21 18:30:00.920326
1997-01-10,02:45,33.2,,30.8,90.7,,NW@2.3,99999.0,33.7,0.0,0,,"WSU TFREC, Wenatchee, Chelan County",330141,WSU TFREC,2017-11-21 18:30:00.920326
1997-01-10,03:00,33.1,,30.6,90.4,,W@1.9,99999.0,33.7,0.0,0,,"WSU TFREC, Wenatchee, Chelan County",330141,WSU TFREC,2017-11-21 18:30:00.920326
1997-01-10,03:15,32.6,,30.2,90.8,,SW@1.7,99999.0,33.7,0.0,0,,"WSU TFREC, Wenatchee, Chelan County",330141,WSU TFREC,2017-11-21 18:30:00.920326
1997-01-10,03:30,31.3,,29.1,92.0,,NW@2.1,99999.0,33.6,0.0,0,,"WSU TFREC, Wenatchee, Chelan County",330141,WSU TFREC,2017-11-21 18:30:00.920326
1997-01-10,03:45,31.0,,29.1,92.9,,W@1.7,99999.0,33.6,0.0,0,,"WSU TFREC, Wenatchee, Chelan County",330141,WSU TFREC,2017-11-21 18:30:00.920326
1997-01-10,04:00,31.2,,29.8,94.9,,SW@1.3,99999.0,33.7,0.0,0,,"WSU TFREC, Wenatchee, Chelan County",330141,WSU TFREC,2017-11-21 18:30:00.920326
1997-01-10,04:15,31.1,,29.8,95.1,,SW@0.9,99999.0,33.7,0.0,0,,"WSU TFREC, Wenatchee, Chelan County",330141,WSU TFREC,2017-11-21 18:30:00.920326
1997-01-10,04:30,31.6,,30.3,95.0,,S@1.3,99999.0,33.7,0.0,0,,"WSU TFREC, Wenatchee, Chelan County",330141,WSU TFREC,2017-11-21 18:30:00.920326
1997-01-10,04:45,31.2,,29.8,94.8,,S@1.1,99999.0,33.7,0.0,0,,"WSU TFREC, Wenatchee, Chelan County",330141,WSU TFREC,2017-11-21 18:30:00.920326
1997-01-10,05:00,30.7,,29.3,95.0,,S@1.0,99999.0,33.7,0.0,0,,"WSU TFREC, Wenatchee, Chelan County",330141,WSU TFREC,2017-11-21 18:30:00.920326
1997-01-10,05:15,31.1,,29.9,95.9,,S@1.3,99999.0,33.7,0.0,0,,"WSU TFREC, Wenatchee, Chelan County",330141,WSU TFREC,2017-11-21 18:30:00.920326
1997-01-10,05:30,31.7,,30.5,95.4,,SW@1.1,99999.0,33.7,0.0,0,,"WSU TFREC, Wenatchee, Chelan County",330141,WSU TFREC,2017-11-21 18:30:00.920326
1997-01-10,05:45,31.6,,30.2,94.7,,W@1.1,99999.0,33.7,0.0,0,,"WSU TFREC, Wenatchee, Chelan County",330141,WSU TFREC,2017-11-21 18:30:00.920326
1997-01-10,06:00,31.5,,29.8,93.4,,W@1.1,99999.0,33.7,0.0,0,,"WSU TFREC, Wenatchee, Chelan County",330141,WSU TFREC,2017-11-21 18:30:00.920326
1997-01-10,06:15,31.5,,29.5,92.1,,NW@1.7,99999.0,33.7,0.0,0,,"WSU TFREC, Wenatchee, Chelan County",330141,WSU TFREC,2017-11-21 18:30:00.920326
1997-01-10,06:30,30.8,,28.9,93.1,,W@1.3,99999.0,33.7,0.0,0,,"WSU TFREC, Wenatchee, Chelan County",330141,WSU TFREC,2017-11-21 18:30:00.920326
1997-01-10,06:45,31.6,,30.0,93.7,,SW@1.4,99999.0,33.7,0.0,0,,"WSU TFREC, Wenatchee, Chelan County",330141,WSU TFREC,2017-11-21 18:30:00.920326
1997-01-10,07:00,31.8,,29.5,91.4,,SW@1.3,99999.0,33.7,0.0,0,,"WSU TFREC, Wenatchee, Chelan County",330141,WSU TFREC,2017-11-21 18:30:00.920326
1997-01-10,07:15,30.7,,28.5,92.0,,S@1.0,99999.0,33.7,0.0,0,,"WSU TFREC, Wenatchee, Chelan County",330141,WSU TFREC,2017-11-21 18:30:00.920326
1997-01-10,07:30,29.5,,27.6,93.6,,W@1.2,99999.0,33.6,0.0,0,,"WSU TFREC, Wenatchee, Chelan County",330141,WSU TFREC,2017-11-21 18:30:00.920326
1997-01-10,07:45,31.6,,29.9,93.3,,NW@1.8,99999.0,33.7,0.0,2,,"WSU TFREC, Wenatchee, Chelan County",330141,WSU TFREC,2017-11-21 18:30:00.920326
1997-01-10,08:00,33.1,,30.4,90.0,,NW@1.7,99999.0,33.9,0.0,9,,"WSU TFREC, Wenatchee, Chelan County",330141,WSU TFREC,2017-11-21 18:30:00.920326
1997-01-10,08:15,33.1,,30.5,90.0,,NW@1.7,99999.0,33.9,0.0,19,,"WSU TFREC, Wenatchee, Chelan County",330141,WSU TFREC,2017-11-21 18:30:00.920326
1997-01-10,08:30,33.4,,30.4,88.9,,N@2.1,99999.0,33.9,0.0,28,,"WSU TFREC, Wenatchee, Chelan County",330141,WSU TFREC,2017-11-21 18:30:00.920326
1997-01-10,08:45,33.2,,30.5,89.6,,W@1.4,99999.0,33.9,0.0,45,,"WSU TFREC, Wenatchee, Chelan County",330141,WSU TFREC,2017-11-21 18:30:00.920326
1997-01-10,09:00,33.4,,30.0,87.4,,NE@0.9,99999.0,33.8,0.0,51,,"WSU TFREC, Wenatchee, Chelan County",330141,WSU TFREC,2017-11-21 18:30:00.920326
1997-01-10,09:15,32.2,,29.3,89.0,,W@1.0,99999.0,33.8,0.0,54,,"WSU TFREC, Wenatchee, Chelan County",330141,WSU TFREC,2017-11-21 18:30:00.920326
1997-01-10,09:30,32.2,,29.4,89.4,,SW@0.9,99999.0,33.8,0.0,63,,"WSU TFREC, Wenatchee, Chelan County",330141,WSU TFREC,2017-11-21 18:30:00.920326
1997-01-10,09:45,32.7,,29.6,88.4,,S@1.0,99999.0,33.8,0.0,78,,"WSU TFREC, Wenatchee, Chelan County",330141,WSU TFREC,2017-11-21 18:30:00.920326
1997-01-10,10:00,34.5,,30.9,86.5,,E@1.9,99999.0,34.1,0.0,183,,"WSU TFREC, Wenatchee, Chelan County",330141,WSU TFREC,2017-11-21 18:30:00.920326
1997-01-10,10:15,35.8,,31.5,84.2,,N@1.8,99999.0,34.6,0.0,185,,"WSU TFREC, Wenatchee, Chelan County",330141,WSU TFREC,2017-11-21 18:30:00.920326
1997-01-10,10:30,36.2,,31.5,83.0,,N@2.0,99999.0,34.6,0.0,186,,"WSU TFREC, Wenatchee, Chelan County",330141,WSU TFREC,2017-11-21 18:30:00.920326
1997-01-10,10:45,35.7,,31.7,85.1,,NE@2.0,99999.0,34.3,0.0,216,,"WSU TFREC, Wenatchee, Chelan County",330141,WSU TFREC,2017-11-21 18:30:00.920326
1997-01-10,11:00,37.8,,32.1,79.8,,W@1.6,99999.0,34.6,0.0,185,,"WSU TFREC, Wenatchee, Chelan County",330141,WSU TFREC,2017-11-21 18:30:00.920326
1997-01-10,11:15,37.3,,32.0,80.9,,S@1.3,99999.0,34.2,0.0,140,,"WSU TFREC, Wenatchee, Chelan County",330141,WSU TFREC,2017-11-21 18:30:00.920326
1997-01-10,11:30,37.8,,32.2,79.8,,S@1.8,99999.0,34.0,0.0,129,,"WSU TFREC, Wenatchee, Chelan County",330141,WSU TFREC,2017-11-21 18:30:00.920326
1997-01-10,11:45,38.3,,32.3,78.9,,SE@1.3,99999.0,34.0,0.0,150,,"WSU TFREC, Wenatchee, Chelan County",330141,WSU TFREC,2017-11-21 18:30:00.920326
1997-01-10,12:00,39.6,,32.7,76.1,,N@1.6,99999.0,34.2,0.0,264,,"WSU TFREC, Wenatchee, Chelan County",330141,WSU TFREC,2017-11-21 18:30:00.920326
1997-01-10,12:15,40.1,,32.6,74.3,,NW@1.4,99999.0,34.4,0.0,247,,"WSU TFREC, Wenatchee, Chelan County",330141,WSU TFREC,2017-11-21 18:30:00.920326
1997-01-10,12:30,40.2,,32.6,74.0,,N@1.0,99999.0,34.2,0.0,131,,"WSU TFREC, Wenatchee, Chelan County",330141,WSU TFREC,2017-11-21 18:30:00.920326
1997-01-10,12:45,38.0,,32.5,80.4,,N@1.4,99999.0,33.9,0.0,112,,"WSU TFREC, Wenatchee, Chelan County",330141,WSU TFREC,2017-11-21 18:30:00.920326
1997-01-10,13:00,38.9,,32.7,78.0,,NW@1.8,99999.0,33.8,0.0,305,,"WSU TFREC, Wenatchee, Chelan County",330141,WSU TFREC,2017-11-21 18:30:00.920326
1997-01-10,13:15,40.0,,32.5,74.3,,NW@2.2,99999.0,34.0,0.0,301,,"WSU TFREC, Wenatchee, Chelan County",330141,WSU TFREC,2017-11-21 18:30:00.920326
1997-01-10,13:30,41.1,,32.5,71.3,,W@2.2,99999.0,34.1,0.0,290,,"WSU TFREC, Wenatchee, Chelan County",330141,WSU TFREC,2017-11-21 18:30:00.920326
1997-01-10,13:45,40.5,,32.8,73.8,,NE@3.7,99999.0,33.8,0.0,277,,"WSU TFREC, Wenatchee, Chelan County",330141,WSU TFREC,2017-11-21 18:30:00.920326
1997-01-10,14:00,40.4,,33.0,74.7,,N@2.4,99999.0,33.6,0.0,264,,"WSU TFREC, Wenatchee, Chelan County",330141,WSU TFREC,2017-11-21 18:30:00.920326
1997-01-10,14:15,41.9,,32.9,70.1,,N@1.8,99999.0,33.7,0.0,260,,"WSU TFREC, Wenatchee, Chelan County",330141,WSU TFREC,2017-11-21 18:30:00.920326
1997-01-10,14:30,43.0,,32.7,66.7,,W@2.2,99999.0,33.6,0.0,234,,"WSU TFREC, Wenatchee, Chelan County",330141,WSU TFREC,2017-11-21 18:30:00.920326
1997-01-10,14:45,42.0,,32.7,69.3,,NW@2.8,99999.0,33.5,0.0,212,,"WSU TFREC, Wenatchee, Chelan County",330141,WSU TFREC,2017-11-21 18:30:00.920326
1997-01-10,15:00,41.2,,32.7,71.5,,NW@3.5,99999.0,33.5,0.0,193,,"WSU TFREC, Wenatchee, Chelan County",330141,WSU TFREC,2017-11-21 18:30:00.920326
1997-01-10,15:15,40.4,,32.7,73.9,,NW@3.6,99999.0,33.5,0.0,168,,"WSU TFREC, Wenatchee, Chelan County",330141,WSU TFREC,2017-11-21 18:30:00.920326
1997-01-10,15:30,39.7,,32.7,76.0,,NW@4.5,99999.0,33.5,0.0,110,,"WSU TFREC, Wenatchee, Chelan County",330141,WSU TFREC,2017-11-21 18:30:00.920326
1997-01-10,15:45,38.9,,32.6,78.0,,NW@4.0,99999.0,33.4,0.0,45,,"WSU TFREC, Wenatchee, Chelan County",330141,WSU TFREC,2017-11-21 18:30:00.920326
1997-01-10,16:00,38.7,,32.6,78.2,,NW@3.1,99999.0,33.5,0.0,28,,"WSU TFREC, Wenatchee, Chelan County",330141,WSU TFREC,2017-11-21 18:30:00.920326
1997-01-10,16:15,38.8,,32.6,78.2,,NW@2.3,99999.0,33.5,0.0,11,,"WSU TFREC, Wenatchee, Chelan County",330141,WSU TFREC,2017-11-21 18:30:00.920326
1997-01-10,16:30,37.5,,32.3,81.5,,W@1.1,99999.0,33.4,0.0,7,,"WSU TFREC, Wenatchee, Chelan County",330141,WSU TFREC,2017-11-21 18:30:00.920326
1997-01-10,16:45,36.1,,31.7,83.9,,SW@1.2,99999.0,33.4,0.0,3,,"WSU TFREC, Wenatchee, Chelan County",330141,WSU TFREC,2017-11-21 18:30:00.920326
1997-01-10,17:00,34.6,,31.2,87.3,,S@1.1,99999.0,33.4,0.0,1,,"WSU TFREC, Wenatchee, Chelan County",330141,WSU TFREC,2017-11-21 18:30:00.920326
1997-01-10,17:15,34.2,,31.4,89.3,,S@1.5,99999.0,33.4,0.0,0,,"WSU TFREC, Wenatchee, Chelan County",330141,WSU TFREC,2017-11-21 18:30:00.920326
1997-01-10,17:30,34.1,,31.3,89.1,,NW@2.1,99999.0,33.5,0.0,0,,"WSU TFREC, Wenatchee, Chelan County",330141,WSU TFREC,2017-11-21 18:30:00.920326
1997-01-10,17:45,34.0,,31.2,89.3,,S@1.6,99999.0,33.5,0.0,0,,"WSU TFREC, Wenatchee, Chelan County",330141,WSU TFREC,2017-11-21 18:30:00.920326
1997-01-10,18:00,33.4,,31.2,91.5,,SW@1.3,99999.0,33.5,0.0,0,,"WSU TFREC, Wenatchee, Chelan County",330141,WSU TFREC,2017-11-21 18:30:00.920326
1997-01-10,18:15,33.3,,30.4,89.1,,SW@1.5,99999.0,33.5,0.0,0,,"WSU TFREC, Wenatchee, Chelan County",330141,WSU TFREC,2017-11-21 18:30:00.920326
1997-01-10,18:30,32.4,,30.3,91.8,,SW@1.7,99999.0,33.5,0.0,0,,"WSU TFREC, Wenatchee, Chelan County",330141,WSU TFREC,2017-11-21 18:30:00.920326
1997-01-10,18:45,32.3,,29.8,90.3,,S@1.5,99999.0,33.5,0.0,0,,"WSU TFREC, Wenatchee, Chelan County",330141,WSU TFREC,2017-11-21 18:30:00.920326
1997-01-10,19:00,32.0,,30.0,92.4,,W@2.6,99999.0,33.6,0.0,0,,"WSU TFREC, Wenatchee, Chelan County",330141,WSU TFREC,2017-11-21 18:30:00.920326
1997-01-10,19:15,32.8,,30.2,90.2,,S@2.1,99999.0,33.6,0.0,0,,"WSU TFREC, Wenatchee, Chelan County",330141,WSU TFREC,2017-11-21 18:30:00.920326
1997-01-10,19:30,32.7,,30.4,91.0,,SE@2.4,99999.0,33.6,0.0,0,,"WSU TFREC, Wenatchee, Chelan County",330141,WSU TFREC,2017-11-21 18:30:00.920326
1997-01-10,19:45,32.9,,30.6,91.1,,SW@1.5,99999.0,33.7,0.0,0,,"WSU TFREC, Wenatchee, Chelan County",330141,WSU TFREC,2017-11-21 18:30:00.920326
1997-01-10,20:00,32.7,,30.6,92.1,,S@2.1,99999.0,33.6,0.0,0,,"WSU TFREC, Wenatchee, Chelan County",330141,WSU TFREC,2017-11-21 18:30:00.920326
1997-01-10,20:15,31.7,,29.8,92.8,,W@2.2,99999.0,33.6,0.0,0,,"WSU TFREC, Wenatchee, Chelan County",330141,WSU TFREC,2017-11-21 18:30:00.920326
1997-01-10,20:30,32.5,,30.4,92.0,,S@1.7,99999.0,33.7,0.0,0,,"WSU TFREC, Wenatchee, Chelan County",330141,WSU TFREC,2017-11-21 18:30:00.920326
1997-01-10,20:45,32.9,,30.6,91.2,,S@3.1,99999.0,33.7,0.0,0,,"WSU TFREC, Wenatchee, Chelan County",330141,WSU TFREC,2017-11-21 18:30:00.920326
1997-01-10,21:00,34.0,,31.0,88.7,,NW@1.9,99999.0,33.8,0.0,0,,"WSU TFREC, Wenatchee, Chelan County",330141,WSU TFREC,2017-11-21 18:30:00.920326
1997-01-10,21:15,33.5,,30.6,89.1,,E@1.3,99999.0,33.7,0.0,0,,"WSU TFREC, Wenatchee, Chelan County",330141,WSU TFREC,2017-11-21 18:30:00.920326
1997-01-10,21:30,33.1,,30.5,90.1,,NW@2.1,99999.0,33.7,0.0,0,,"WSU TFREC, Wenatchee, Chelan County",330141,WSU TFREC,2017-11-21 18:30:00.920326
1997-01-10,21:45,32.3,,29.9,90.8,,NW@1.3,99999.0,33.6,0.0,0,,"WSU TFREC, Wenatchee, Chelan County",330141,WSU TFREC,2017-11-21 18:30:00.920326
1997-01-10,22:00,31.9,,29.9,92.2,,SW@0.9,99999.0,33.6,0.0,0,,"WSU TFREC, Wenatchee, Chelan County",330141,WSU TFREC,2017-11-21 18:30:00.920326
1997-01-10,22:15,30.6,,28.7,93.2,,S@1.2,99999.0,33.6,0.0,0,,"WSU TFREC, Wenatchee, Chelan County",330141,WSU TFREC,2017-11-21 18:30:00.920326
1997-01-10,22:30,31.1,,29.5,94.1,,S@2.2,99999.0,33.6,0.0,0,,"WSU TFREC, Wenatchee, Chelan County",330141,WSU TFREC,2017-11-21 18:30:00.920326
1997-01-10,22:45,31.1,,29.3,93.5,,S@1.0,99999.0,33.6,0.0,0,,"WSU TFREC, Wenatchee, Chelan County",330141,WSU TFREC,2017-11-21 18:30:00.920326
1997-01-10,23:00,29.9,,28.0,93.2,,S@1.2,99999.0,33.5,0.0,0,,"WSU TFREC, Wenatchee, Chelan County",330141,WSU TFREC,2017-11-21 18:30:00.920326
1997-01-10,23:15,29.8,,28.4,95.6,,S@1.3,99999.0,33.6,0.0,0,,"WSU TFREC, Wenatchee, Chelan County",330141,WSU TFREC,2017-11-21 18:30:00.920326
1997-01-10,23:30,30.2,,28.7,95.1,,S@1.6,99999.0,33.6,0.0,0,,"WSU TFREC, Wenatchee, Chelan County",330141,WSU TFREC,2017-11-21 18:30:00.920326
1997-01-10,23:45,29.4,,27.6,94.3,,SW@1.4,99999.0,33.6,0.0,0,,"WSU TFREC, Wenatchee, Chelan County",330141,WSU TFREC,2017-11-21 18:30:00.920326
1997-01-10,24:00,24.5,,9.7,54.7,,SW@1.0,99999.0,33.3,0.0,0,,"WSU TFREC, Wenatchee, Chelan County",330141,WSU TFREC,2017-11-21 18:30:00.920326
1997-01-11,00:15,30.7,,28.6,92.3,,S@2.3,99999.0,33.7,0.0,0,,"WSU TFREC, Wenatchee, Chelan County",330141,WSU TFREC,2017-11-21 18:30:00.920326
1997-01-11,00:30,30.6,,28.4,92.4,,SW@1.9,99999.0,33.7,0.0,0,,"WSU TFREC, Wenatchee, Chelan County",330141,WSU TFREC,2017-11-21 18:30:00.920326
1997-01-11,00:45,29.1,,27.0,93.0,,S@1.3,99999.0,33.6,0.0,0,,"WSU TFREC, Wenatchee, Chelan County",330141,WSU TFREC,2017-11-21 18:30:00.920326
1997-01-11,01:00,27.9,,25.9,94.2,,SW@1.5,99999.0,33.5,0.0,0,,"WSU TFREC, Wenatchee, Chelan County",330141,WSU TFREC,2017-11-21 18:30:00.920326
1997-01-11,01:15,27.8,,26.3,95.8,,SW@1.8,99999.0,33.5,0.0,0,,"WSU TFREC, Wenatchee, Chelan County",330141,WSU TFREC,2017-11-21 18:30:00.920326
1997-01-11,01:30,28.3,,26.6,95.0,,W@1.7,99999.0,33.6,0.0,0,,"WSU TFREC, Wenatchee, Chelan County",330141,WSU TFREC,2017-11-21 18:30:00.920326
1997-01-11,01:45,27.7,,26.2,96.2,,SW@1.3,99999.0,33.6,0.0,0,,"WSU TFREC, Wenatchee, Chelan County",330141,WSU TFREC,2017-11-21 18:30:00.920326
1997-01-11,02:00,28.0,,26.8,97.0,,SW@1.1,99999.0,33.6,0.0,0,,"WSU TFREC, Wenatchee, Chelan County",330141,WSU TFREC,2017-11-21 18:30:00.920326
1997-01-11,02:15,27.9,,26.6,96.9,,S@1.1,99999.0,33.5,0.0,0,,"WSU TFREC, Wenatchee, Chelan County",330141,WSU TFREC,2017-11-21 18:30:00.920326
1997-01-11,02:30,27.3,,25.9,96.9,,S@1.0,99999.0,33.5,0.0,0,,"WSU TFREC, Wenatchee, Chelan County",330141,WSU TFREC,2017-11-21 18:30:00.920326
1997-01-11,02:45,27.2,,25.8,97.0,,S@1.1,99999.0,33.6,0.0,0,,"WSU TFREC, Wenatchee, Chelan County",330141,WSU TFREC,2017-11-21 18:30:00.920326
1997-01-11,03:00,26.5,,25.1,97.0,,W@1.0,99999.0,33.6,0.0,0,,"WSU TFREC, Wenatchee, Chelan County",330141,WSU TFREC,2017-11-21 18:30:00.920326
1997-01-11,03:15,26.8,,25.4,97.2,,SW@1.7,99999.0,33.6,0.0,0,,"WSU TFREC, Wenatchee, Chelan County",330141,WSU TFREC,2017-11-21 18:30:00.920326
1997-01-11,03:30,27.1,,25.7,96.9,,S@1.3,99999.0,33.6,0.0,0,,"WSU TFREC, Wenatchee, Chelan County",330141,WSU TFREC,2017-11-21 18:30:00.920326
1997-01-11,03:45,26.3,,24.8,96.6,,NW@1.5,99999.0,33.6,0.0,0,,"WSU TFREC, Wenatchee, Chelan County",330141,WSU TFREC,2017-11-21 18:30:00.920326
1997-01-11,04:00,26.2,,24.6,96.7,,SW@0.9,99999.0,33.6,0.0,0,,"WSU TFREC, Wenatchee, Chelan County",330141,WSU TFREC,2017-11-21 18:30:00.920326
1997-01-11,04:15,25.8,,24.3,96.9,,S@0.9,99999.0,33.6,0.0,0,,"WSU TFREC, Wenatchee, Chelan County",330141,WSU TFREC,2017-11-21 18:30:00.920326
1997-01-11,04:30,25.5,,23.9,97.0,,S@1.0,99999.0,33.5,0.0,0,,"WSU TFREC, Wenatchee, Chelan County",330141,WSU TFREC,2017-11-21 18:30:00.920326
1997-01-11,04:45,25.1,,23.4,96.6,,S@1.1,99999.0,33.6,0.0,0,,"WSU TFREC, Wenatchee, Chelan County",330141,WSU TFREC,2017-11-21 18:30:00.920326
1997-01-11,05:00,24.0,,22.1,96.1,,S@0.9,99999.0,33.5,0.0,0,,"WSU TFREC, Wenatchee, Chelan County",330141,WSU TFREC,2017-11-21 18:30:00.920326
1997-01-11,05:15,24.5,,23.0,97.5,,S@1.0,99999.0,33.5,0.0,0,,"WSU TFREC, Wenatchee, Chelan County",330141,WSU TFREC,2017-11-21 18:30:00.920326
1997-01-11,05:30,24.3,,22.6,97.2,,S@0.9,99999.0,33.5,0.0,0,,"WSU TFREC, Wenatchee, Chelan County",330141,WSU TFREC,2017-11-21 18:30:00.920326
1997-01-11,05:45,23.9,,22.1,97.1,,SE@1.0,99999.0,33.5,0.0,0,,"WSU TFREC, Wenatchee, Chelan County",330141,WSU TFREC,2017-11-21 18:30:00.920326
1997-01-11,06:00,23.9,,22.3,97.5,0.0,S@1.1,99999.0,33.5,0.0,0,,"WSU TFREC, Wenatchee, Chelan County",330141,WSU TFREC,2017-11-21 18:30:00.920326
1997-01-11,06:15,23.9,,22.2,97.3,0.0,S@0.9,99999.0,33.5,0.0,0,,"WSU TFREC, Wenatchee, Chelan County",330141,WSU TFREC,2017-11-21 18:30:00.920326
1997-01-11,06:30,23.4,,21.6,97.3,0.0,S@0.9,99999.0,33.5,0.0,0,,"WSU TFREC, Wenatchee, Chelan County",330141,WSU TFREC,2017-11-21 18:30:00.920326
1997-01-11,06:45,23.8,,22.1,97.5,0.0,S@0.9,99999.0,33.5,0.0,0,,"WSU TFREC, Wenatchee, Chelan County",330141,WSU TFREC,2017-11-21 18:30:00.920326
1997-01-11,07:00,23.2,,21.3,97.0,0.0,S@0.9,99999.0,33.5,0.0,0,,"WSU TFREC, Wenatchee, Chelan County",330141,WSU TFREC,2017-11-21 18:30:00.920326
1997-01-11,07:15,23.5,,21.7,97.4,0.0,S@1.0,99999.0,33.5,0.0,0,,"WSU TFREC, Wenatchee, Chelan County",330141,WSU TFREC,2017-11-21 18:30:00.920326
1997-01-11,07:30,22.2,,20.1,96.1,0.0,S@0.9,99999.0,33.6,0.0,0,,"WSU TFREC, Wenatchee, Chelan County",330141,WSU TFREC,2017-11-21 18:30:00.920326
1997-01-11,07:45,22.4,,20.4,96.7,0.0,S@1.0,99999.0,33.5,0.0,2,,"WSU TFREC, Wenatchee, Chelan County",330141,WSU TFREC,2017-11-21 18:30:00.920326
1997-01-11,08:00,21.4,,19.0,95.9,0.0,S@0.9,99999.0,33.6,0.0,6,,"WSU TFREC, Wenatchee, Chelan County",330141,WSU TFREC,2017-11-21 18:30:00.920326
1997-01-11,08:15,21.5,,19.2,96.2,0.0,S@0.9,99999.0,33.6,0.0,12,,"WSU TFREC, Wenatchee, Chelan County",330141,WSU TFREC,2017-11-21 18:30:00.920326
1997-01-11,08:30,22.3,,20.3,97.0,0.0,S@0.9,99999.0,33.6,0.0,20,,"WSU TFREC, Wenatchee, Chelan County",330141,WSU TFREC,2017-11-21 18:30:00.920326
1997-01-11,08:45,23.5,,21.7,97.2,0.0,S@0.9,99999.0,33.9,0.0,57,,"WSU TFREC, Wenatchee, Chelan County",330141,WSU TFREC,2017-11-21 18:30:00.920326
1997-01-11,09:00,25.0,,23.1,95.9,0.0,S@0.9,99999.0,34.3,0.0,79,,"WSU TFREC, Wenatchee, Chelan County",330141,WSU TFREC,2017-11-21 18:30:00.920326
1997-01-11,09:15,26.6,,24.9,96.1,0.0,S@0.9,99999.0,34.5,0.0,106,,"WSU TFREC, Wenatchee, Chelan County",330141,WSU TFREC,2017-11-21 18:30:00.920326
1997-01-11,09:30,28.5,,26.9,95.2,0.0,NW@0.9,99999.0,34.6,0.0,162,,"WSU TFREC, Wenatchee, Chelan County",330141,WSU TFREC,2017-11-21 18:30:00.920326
1997-01-11,09:45,30.5,,28.6,93.4,0.0,NW@0.9,99999.0,34.7,0.0,198,,"WSU TFREC, Wenatchee, Chelan County",330141,WSU TFREC,2017-11-21 18:30:00.920326
1997-01-11,10:00,32.6,,29.8,89.5,0.0,N@0.9,99999.0,34.9,0.0,219,,"WSU TFREC, Wenatchee, Chelan County",330141,WSU TFREC,2017-11-21 18:30:00.920326
1997-01-11,10:15,34.4,,29.8,83.2,0.0,S@0.9,99999.0,35.0,0.0,244,,"WSU TFREC, Wenatchee, Chelan County",330141,WSU TFREC,2017-11-21 18:30:00.920326
1997-01-11,10:30,33.5,,29.6,85.4,0.0,NW@0.9,99999.0,35.0,0.0,264,,"WSU TFREC, Wenatchee, Chelan County",330141,WSU TFREC,2017-11-21 18:30:00.920326
1997-01-11,10:45,36.6,,30.3,77.8,0.0,S@1.0,99999.0,34.9,0.0,281,,"WSU TFREC, Wenatchee, Chelan County",330141,WSU TFREC,2017-11-21 18:30:00.920326
1997-01-11,11:00,38.1,,30.4,73.5,0.0,S@1.1,99999.0,34.9,0.0,296,,"WSU TFREC, Wenatchee, Chelan County",330141,WSU TFREC,2017-11-21 18:30:00.920326
1997-01-11,11:15,37.2,,30.3,75.6,0.0,NW@1.4,99999.0,34.9,0.0,304,,"WSU TFREC, Wenatchee, Chelan County",330141,WSU TFREC,2017-11-21 18:30:00.920326
1997-01-11,11:30,36.8,,30.2,76.9,0.0,N@1.3,99999.0,34.8,0.0,312,,"WSU TFREC, Wenatchee, Chelan County",330141,WSU TFREC,2017-11-21 18:30:00.920326
1997-01-11,11:45,37.4,,30.2,74.9,0.0,NE@1.3,99999.0,34.7,0.0,319,,"WSU TFREC, Wenatchee, Chelan County",330141,WSU TFREC,2017-11-21 18:30:00.920326
1997-01-11,12:00,39.1,,30.2,70.2,0.0,SW@1.2,99999.0,34.6,0.0,329,,"WSU TFREC, Wenatchee, Chelan County",330141,WSU TFREC,2017-11-21 18:30:00.920326
1997-01-11,12:15,39.7,,30.4,69.0,0.0,N@1.9,99999.0,34.5,0.0,359,,"WSU TFREC, Wenatchee, Chelan County",330141,WSU TFREC,2017-11-21 18:30:00.920326
1997-01-11,12:30,37.0,,30.6,77.3,0.0,NE@2.1,99999.0,34.3,0.0,365,,"WSU TFREC, Wenatchee, Chelan County",330141,WSU TFREC,2017-11-21 18:30:00.920326
1997-01-11,12:45,37.7,,31.0,76.3,,N@1.6,99999.0,34.1,0.0,261,,"WSU TFREC, Wenatchee, Chelan County",330141,WSU TFREC,2017-11-21 18:30:00.920326
1997-01-11,13:00,38.2,,31.2,75.6,,NW@1.0,99999.0,34.0,0.0,186,,"WSU TFREC, Wenatchee, Chelan County",330141,WSU TFREC,2017-11-21 18:30:00.920326
1997-01-11,13:15,37.0,,30.9,78.2,,NW@1.6,99999.0,33.8,0.0,157,,"WSU TFREC, Wenatchee, Chelan County",330141,WSU TFREC,2017-11-21 18:30:00.920326
1997-01-11,13:30,37.5,,31.1,77.3,,NW@1.2,99999.0,33.8,0.0,130,,"WSU TFREC, Wenatchee, Chelan County",330141,WSU TFREC,2017-11-21 18:30:00.920326
1997-01-11,13:45,37.3,,30.9,77.5,,NE@1.8,99999.0,33.7,0.0,125,,"WSU TFREC, Wenatchee, Chelan County",330141,WSU TFREC,2017-11-21 18:30:00.920326
1997-01-11,14:00,36.2,,30.7,80.2,,N@1.8,99999.0,33.6,0.0,114,,"WSU TFREC, Wenatchee, Chelan County",330141,WSU TFREC,2017-11-21 18:30:00.920326
1997-01-11,14:15,36.0,,30.6,80.5,,N@1.7,99999.0,33.5,0.0,120,,"WSU TFREC, Wenatchee, Chelan County",330141,WSU TFREC,2017-11-21 18:30:00.920326
1997-01-11,14:30,37.5,,30.8,76.4,,N@1.3,99999.0,33.5,0.0,224,,"WSU TFREC, Wenatchee, Chelan County",330141,WSU TFREC,2017-11-21 18:30:00.920326
1997-01-11,14:45,38.2,,30.6,73.8,,NW@1.8,99999.0,33.4,0.0,203,,"WSU TFREC, Wenatchee, Chelan County",330141,WSU TFREC,2017-11-21 18:30:00.920326
1997-01-11,15:00,38.3,,30.6,73.4,,NW@1.4,99999.0,33.3,0.0,188,,"WSU TFREC, Wenatchee, Chelan County",330141,WSU TFREC,2017-11-21 18:30:00.920326
1997-01-11,15:15,38.9,,30.6,71.9,,NW@1.3,99999.0,33.5,0.0,132,,"WSU TFREC, Wenatchee, Chelan County",330141,WSU TFREC,2017-11-21 18:30:00.920326
1997-01-11,15:30,37.5,,30.7,76.0,,W@1.1,99999.0,33.5,0.0,24,,"WSU TFREC, Wenatchee, Chelan County",330141,WSU TFREC,2017-11-21 18:30:00.920326
1997-01-11,15:45,36.7,,31.0,79.7,,W@1.9,99999.0,33.5,0.0,15,,"WSU TFREC, Wenatchee, Chelan County",330141,WSU TFREC,2017-11-21 18:30:00.920326
1997-01-11,16:00,36.6,,31.2,80.6,,SW@2.6,99999.0,33.5,0.0,8,,"WSU TFREC, Wenatchee, Chelan County",330141,WSU TFREC,2017-11-21 18:30:00.920326
1997-01-11,16:15,36.7,,31.4,80.9,,SW@2.5,99999.0,33.5,0.0,4,,"WSU TFREC, Wenatchee, Chelan County",330141,WSU TFREC,2017-11-21 18:30:00.920326
1997-01-11,16:30,37.5,,31.6,79.1,,S@1.8,99999.0,33.6,0.0,2,,"WSU TFREC, Wenatchee, Chelan County",330141,WSU TFREC,2017-11-21 18:30:00.920326
1997-01-11,16:45,37.3,,31.5,79.4,,S@2.2,99999.0,33.6,0.0,1,,"WSU TFREC, Wenatchee, Chelan County",330141,WSU TFREC,2017-11-21 18:30:00.920326
1997-01-11,17:00,38.0,,31.5,77.1,,S@1.8,99999.0,33.6,0.0,0,,"WSU TFREC, Wenatchee, Chelan County",330141,WSU TFREC,2017-11-21 18:30:00.920326
1997-01-11,17:15,37.2,,31.3,78.9,,S@2.0,99999.0,33.6,0.0,0,,"WSU TFREC, Wenatchee, Chelan County",330141,WSU TFREC,2017-11-21 18:30:00.920326
1997-01-11,17:30,38.9,,30.6,72.0,,S@3.5,99999.0,33.7,0.0,0,,"WSU TFREC, Wenatchee, Chelan County",330141,WSU TFREC,2017-11-21 18:30:00.920326
1997-01-11,17:45,39.3,,30.1,69.2,,S@3.1,99999.0,33.7,0.0,0,,"WSU TFREC, Wenatchee, Chelan County",330141,WSU TFREC,2017-11-21 18:30:00.920326
1997-01-11,18:00,39.4,,27.0,60.8,,S@4.3,99999.0,33.8,0.0,0,,"WSU TFREC, Wenatchee, Chelan County",330141,WSU TFREC,2017-11-21 18:30:00.920326
1997-01-11,18:15,38.5,,25.2,58.4,,S@4.5,99999.0,33.7,0.0,0,,"WSU TFREC, Wenatchee, Chelan County",330141,WSU TFREC,2017-11-21 18:30:00.920326
1997-01-11,18:30,38.0,,21.6,51.3,,S@4.4,99999.0,33.7,0.0,0,,"WSU TFREC, Wenatchee, Chelan County",330141,WSU TFREC,2017-11-21 18:30:00.920326
1997-01-11,18:45,37.7,,19.7,47.8,,SE@4.7,99999.0,33.7,0.0,0,,"WSU TFREC, Wenatchee, Chelan County",330141,WSU TFREC,2017-11-21 18:30:00.920326
1997-01-11,19:00,37.5,,15.3,40.0,,SE@5.8,99999.0,33.6,0.0,0,,"WSU TFREC, Wenatchee, Chelan County",330141,WSU TFREC,2017-11-21 18:30:00.920326
1997-01-11,19:15,36.9,,13.2,37.3,,SE@4.9,99999.0,33.6,0.0,0,,"WSU TFREC, Wenatchee, Chelan County",330141,WSU TFREC,2017-11-21 18:30:00.920326
1997-01-11,19:30,36.5,,12.4,36.4,,SE@4.8,99999.0,33.6,0.0,0,,"WSU TFREC, Wenatchee, Chelan County",330141,WSU TFREC,2017-11-21 18:30:00.920326
1997-01-11,19:45,36.0,,12.5,37.5,,SE@4.0,99999.0,33.6,0.0,0,,"WSU TFREC, Wenatchee, Chelan County",330141,WSU TFREC,2017-11-21 18:30:00.920326
1997-01-11,20:00,35.2,,12.6,38.8,,SE@4.4,99999.0,33.6,0.0,0,,"WSU TFREC, Wenatchee, Chelan County",330141,WSU TFREC,2017-11-21 18:30:00.920326
1997-01-11,20:15,34.7,,10.5,36.1,,SE@4.7,99999.0,33.6,0.0,0,,"WSU TFREC, Wenatchee, Chelan County",330141,WSU TFREC,2017-11-21 18:30:00.920326
1997-01-11,20:30,34.1,,11.1,38.0,,SE@3.9,99999.0,33.5,0.0,0,,"WSU TFREC, Wenatchee, Chelan County",330141,WSU TFREC,2017-11-21 18:30:00.920326
1997-01-11,20:45,33.4,,11.8,40.2,,S@3.8,99999.0,33.5,0.0,0,,"WSU TFREC, Wenatchee, Chelan County",330141,WSU TFREC,2017-11-21 18:30:00.920326
1997-01-11,21:00,32.8,,12.7,43.0,,S@3.2,99999.0,33.5,0.0,0,,"WSU TFREC, Wenatchee, Chelan County",330141,WSU TFREC,2017-11-21 18:30:00.920326
1997-01-11,21:15,32.4,,11.9,42.0,,S@3.1,99999.0,33.5,0.0,0,,"WSU TFREC, Wenatchee, Chelan County",330141,WSU TFREC,2017-11-21 18:30:00.920326
1997-01-11,21:30,32.1,,12.0,42.9,,S@2.0,99999.0,33.5,0.0,0,,"WSU TFREC, Wenatchee, Chelan County",330141,WSU TFREC,2017-11-21 18:30:00.920326
1997-01-11,21:45,31.6,,12.6,44.9,,SW@1.4,99999.0,33.5,0.0,0,,"WSU TFREC, Wenatchee, Chelan County",330141,WSU TFREC,2017-11-21 18:30:00.920326
1997-01-11,22:00,31.2,,11.6,43.8,,S@1.8,99999.0,33.5,0.0,0,,"WSU TFREC, Wenatchee, Chelan County",330141,WSU TFREC,2017-11-21 18:30:00.920326
1997-01-11,22:15,31.9,,9.0,37.8,,SE@2.2,99999.0,33.5,0.0,0,,"WSU TFREC, Wenatchee, Chelan County",330141,WSU TFREC,2017-11-21 18:30:00.920326
1997-01-11,22:30,31.2,,7.0,35.7,,SE@3.2,99999.0,33.5,0.0,0,,"WSU TFREC, Wenatchee, Chelan County",330141,WSU TFREC,2017-11-21 18:30:00.920326
1997-01-11,22:45,30.7,,7.8,37.8,,NE@1.2,99999.0,33.5,0.0,0,,"WSU TFREC, Wenatchee, Chelan County",330141,WSU TFREC,2017-11-21 18:30:00.920326
1997-01-11,23:00,29.0,,9.1,43.3,,SW@1.0,99999.0,33.4,0.0,0,,"WSU TFREC, Wenatchee, Chelan County",330141,WSU TFREC,2017-11-21 18:30:00.920326
1997-01-11,23:15,28.1,,8.9,44.8,,S@2.0,99999.0,33.3,0.0,0,,"WSU TFREC, Wenatchee, Chelan County",330141,WSU TFREC,2017-11-21 18:30:00.920326
1997-01-11,23:30,27.3,,9.8,48.2,,S@1.6,99999.0,33.3,0.0,0,,"WSU TFREC, Wenatchee, Chelan County",330141,WSU TFREC,2017-11-21 18:30:00.920326
1997-01-11,23:45,25.9,,9.5,50.8,,S@1.0,99999.0,33.2,0.0,0,,"WSU TFREC, Wenatchee, Chelan County",330141,WSU TFREC,2017-11-21 18:30:00.920326
1997-01-11,24:00,5.2,,-2.1,82.5,0.0,S@0.9,99999.0,33.4,0.0,0,,"WSU TFREC, Wenatchee, Chelan County",330141,WSU TFREC,2017-11-21 18:30:00.920326
1997-01-12,00:15,24.0,,7.4,50.6,,S@1.9,99999.0,33.3,0.0,0,,"WSU TFREC, Wenatchee, Chelan County",330141,WSU TFREC,2017-11-21 18:30:00.920326
1997-01-12,00:30,26.4,,4.8,40.2,,S@3.3,99999.0,33.5,0.0,0,,"WSU TFREC, Wenatchee, Chelan County",330141,WSU TFREC,2017-11-21 18:30:00.920326
1997-01-12,00:45,26.1,,4.9,41.1,,S@2.0,99999.0,33.5,0.0,0,,"WSU TFREC, Wenatchee, Chelan County",330141,WSU TFREC,2017-11-21 18:30:00.920326
1997-01-12,01:00,25.3,,4.0,40.9,,S@1.8,99999.0,33.4,0.0,0,,"WSU TFREC, Wenatchee, Chelan County",330141,WSU TFREC,2017-11-21 18:30:00.920326
1997-01-12,01:15,24.0,,4.5,44.4,,S@2.0,99999.0,33.2,0.0,0,,"WSU TFREC, Wenatchee, Chelan County",330141,WSU TFREC,2017-11-21 18:30:00.920326
1997-01-12,01:30,23.1,,4.8,47.0,,S@1.9,99999.0,33.2,0.0,0,,"WSU TFREC, Wenatchee, Chelan County",330141,WSU TFREC,2017-11-21 18:30:00.920326
1997-01-12,01:45,21.2,,4.9,51.5,,S@1.6,99999.0,33.3,0.0,0,,"WSU TFREC, Wenatchee, Chelan County",330141,WSU TFREC,2017-11-21 18:30:00.920326
1997-01-12,02:00,21.4,,5.0,51.4,,S@2.3,99999.0,33.4,0.0,0,,"WSU TFREC, Wenatchee, Chelan County",330141,WSU TFREC,2017-11-21 18:30:00.920326
1997-01-12,02:15,19.7,,3.6,52.3,0.0,SW@1.8,99999.0,33.3,0.0,0,,"WSU TFREC, Wenatchee, Chelan County",330141,WSU TFREC,2017-11-21 18:30:00.920326
1997-01-12,02:30,18.4,,3.3,54.8,0.0,S@1.2,99999.0,33.4,0.0,0,,"WSU TFREC, Wenatchee, Chelan County",330141,WSU TFREC,2017-11-21 18:30:00.920326
1997-01-12,02:45,17.3,,2.9,56.8,0.0,S@1.9,99999.0,33.3,0.0,0,,"WSU TFREC, Wenatchee, Chelan County",330141,WSU TFREC,2017-11-21 18:30:00.920326
1997-01-12,03:00,17.5,,2.3,54.9,0.0,S@1.5,99999.0,33.3,0.0,0,,"WSU TFREC, Wenatchee, Chelan County",330141,WSU TFREC,2017-11-21 18:30:00.920326
1997-01-12,03:15,16.5,,2.4,57.9,0.0,S@1.8,99999.0,33.4,0.0,0,,"WSU TFREC, Wenatchee, Chelan County",330141,WSU TFREC,2017-11-21 18:30:00.920326
1997-01-12,03:30,16.1,,1.7,57.2,0.0,SW@1.7,99999.0,33.4,0.0,0,,"WSU TFREC, Wenatchee, Chelan County",330141,WSU TFREC,2017-11-21 18:30:00.920326
1997-01-12,03:45,15.9,,1.9,58.2,0.0,SW@1.4,99999.0,33.4,0.0,0,,"WSU TFREC, Wenatchee, Chelan County",330141,WSU TFREC,2017-11-21 18:30:00.920326
1997-01-12,04:00,15.8,,2.0,58.7,0.0,S@1.6,99999.0,33.5,0.0,0,,"WSU TFREC, Wenatchee, Chelan County",330141,WSU TFREC,2017-11-21 18:30:00.920326
1997-01-12,04:15,14.5,,2.3,63.4,0.0,S@1.4,99999.0,33.4,0.0,0,,"WSU TFREC, Wenatchee, Chelan County",330141,WSU TFREC,2017-11-21 18:30:00.920326
1997-01-12,04:30,14.6,,2.2,62.8,0.0,S@1.4,99999.0,33.4,0.0,0,,"WSU TFREC, Wenatchee, Chelan County",330141,WSU TFREC,2017-11-21 18:30:00.920326
1997-01-12,04:45,14.0,,1.8,63.5,0.0,S@1.6,99999.0,33.3,0.0,0,,"WSU TFREC, Wenatchee, Chelan County",330141,WSU TFREC,2017-11-21 18:30:00.920326
1997-01-12,05:00,13.8,,1.7,63.8,0.0,S@1.8,99999.0,33.4,0.0,0,,"WSU TFREC, Wenatchee, Chelan County",330141,WSU TFREC,2017-11-21 18:30:00.920326
1997-01-12,05:15,12.6,,1.0,65.7,0.0,S@1.0,99999.0,33.5,0.0,0,,"WSU TFREC, Wenatchee, Chelan County",330141,WSU TFREC,2017-11-21 18:30:00.920326
1997-01-12,05:30,11.3,,0.5,68.4,0.0,S@1.5,99999.0,33.4,0.0,0,,"WSU TFREC, Wenatchee, Chelan County",330141,WSU TFREC,2017-11-21 18:30:00.920326
1997-01-12,05:45,11.7,,1.0,68.7,0.0,S@1.5,99999.0,33.4,0.0,0,,"WSU TFREC, Wenatchee, Chelan County",330141,WSU TFREC,2017-11-21 18:30:00.920326
1997-01-12,06:00,10.8,,0.4,70.0,0.0,S@1.4,99999.0,33.5,0.0,0,,"WSU TFREC, Wenatchee, Chelan County",330141,WSU TFREC,2017-11-21 18:30:00.920326
1997-01-12,06:15,10.8,,0.2,69.2,0.0,S@1.2,99999.0,33.5,0.0,0,,"WSU TFREC, Wenatchee, Chelan County",330141,WSU TFREC,2017-11-21 18:30:00.920326
1997-01-12,06:30,9.7,,0.1,72.7,0.0,S@1.8,99999.0,33.5,0.0,0,,"WSU TFREC, Wenatchee, Chelan County",330141,WSU TFREC,2017-11-21 18:30:00.920326
1997-01-12,06:45,10.2,,0.4,71.8,0.0,S@1.5,99999.0,33.5,0.0,0,,"WSU TFREC, Wenatchee, Chelan County",330141,WSU TFREC,2017-11-21 18:30:00.920326
1997-01-12,07:00,10.0,,0.6,73.3,0.0,S@1.6,99999.0,33.5,0.0,0,,"WSU TFREC, Wenatchee, Chelan County",330141,WSU TFREC,2017-11-21 18:30:00.920326
1997-01-12,07:15,10.0,,-0.4,69.9,0.0,S@1.4,99999.0,33.5,0.0,0,,"WSU TFREC, Wenatchee, Chelan County",330141,WSU TFREC,2017-11-21 18:30:00.920326
1997-01-12,07:30,9.7,,-0.4,71.0,0.0,S@1.3,99999.0,33.4,0.0,0,,"WSU TFREC, Wenatchee, Chelan County",330141,WSU TFREC,2017-11-21 18:30:00.920326
1997-01-12,07:45,8.4,,-0.8,74.5,0.0,S@1.2,99999.0,33.5,0.0,2,,"WSU TFREC, Wenatchee, Chelan County",330141,WSU TFREC,2017-11-21 18:30:00.920326
1997-01-12,08:00,8.4,,-0.6,75.2,0.0,S@1.5,99999.0,33.5,0.0,6,,"WSU TFREC, Wenatchee, Chelan County",330141,WSU TFREC,2017-11-21 18:30:00.920326
1997-01-12,08:15,8.4,,-1.3,72.5,0.0,S@1.7,99999.0,33.5,0.0,11,,"WSU TFREC, Wenatchee, Chelan County",330141,WSU TFREC,2017-11-21 18:30:00.920326
1997-01-12,08:30,8.8,,-0.5,74.1,0.0,S@1.9,99999.0,33.6,0.0,21,,"WSU TFREC, Wenatchee, Chelan County",330141,WSU TFREC,2017-11-21 18:30:00.920326
1997-01-12,08:45,10.8,,0.5,70.3,0.0,S@1.0,99999.0,33.9,0.0,70,,"WSU TFREC, Wenatchee, Chelan County",330141,WSU TFREC,2017-11-21 18:30:00.920326
1997-01-12,09:00,13.6,,1.5,63.7,0.0,W@0.9,99999.0,34.5,0.0,102,,"WSU TFREC, Wenatchee, Chelan County",330141,WSU TFREC,2017-11-21 18:30:00.920326
1997-01-12,09:15,16.1,,3.0,60.6,0.0,S@1.7,99999.0,34.8,0.0,129,,"WSU TFREC, Wenatchee, Chelan County",330141,WSU TFREC,2017-11-21 18:30:00.920326
1997-01-12,09:30,17.6,,3.1,56.8,0.0,N@1.1,99999.0,35.0,0.0,173,,"WSU TFREC, Wenatchee, Chelan County",330141,WSU TFREC,2017-11-21 18:30:00.920326
1997-01-12,09:45,18.8,,4.2,56.1,0.0,NW@0.9,99999.0,35.1,0.0,198,,"WSU TFREC, Wenatchee, Chelan County",330141,WSU TFREC,2017-11-21 18:30:00.920326
1997-01-12,10:00,20.0,,4.4,53.5,0.0,NW@1.5,99999.0,35.2,0.0,223,,"WSU TFREC, Wenatchee, Chelan County",330141,WSU TFREC,2017-11-21 18:30:00.920326
1997-01-12,10:15,21.2,,4.6,50.9,0.0,NW@1.1,99999.0,35.3,0.0,248,,"WSU TFREC, Wenatchee, Chelan County",330141,WSU TFREC,2017-11-21 18:30:00.920326
1997-01-12,10:30,23.4,,5.1,47.1,0.0,NW@1.1,99999.0,35.3,0.0,270,,"WSU TFREC, Wenatchee, Chelan County",330141,WSU TFREC,2017-11-21 18:30:00.920326
1997-01-12,10:45,23.6,,4.9,46.0,0.0,NW@1.5,99999.0,35.1,0.0,288,,"WSU TFREC, Wenatchee, Chelan County",330141,WSU TFREC,2017-11-21 18:30:00.920326
1997-01-12,11:00,24.6,,5.6,45.3,0.0,N@1.1,99999.0,35.1,0.0,304,,"WSU TFREC, Wenatchee, Chelan County",330141,WSU TFREC,2017-11-21 18:30:00.920326
1997-01-12,11:15,25.3,,6.3,45.3,0.0,N@1.5,99999.0,34.9,0.0,317,,"WSU TFREC, Wenatchee, Chelan County",330141,WSU TFREC,2017-11-21 18:30:00.920326
1997-01-12,11:30,25.8,,6.9,45.6,0.0,N@1.2,99999.0,34.7,0.0,328,,"WSU TFREC, Wenatchee, Chelan County",330141,WSU TFREC,2017-11-21 18:30:00.920326
1997-01-12,11:45,26.1,,7.0,45.1,0.0,N@1.3,99999.0,34.6,0.0,337,,"WSU TFREC, Wenatchee, Chelan County",330141,WSU TFREC,2017-11-21 18:30:00.920326
1997-01-12,12:00,26.3,,7.1,44.8,0.0,N@1.6,99999.0,34.4,0.0,342,,"WSU TFREC, Wenatchee, Chelan County",330141,WSU TFREC,2017-11-21 18:30:00.920326
1997-01-12,12:15,25.5,,6.4,45.1,0.0,N@1.9,99999.0,34.1,0.0,344,,"WSU TFREC, Wenatchee, Chelan County",330141,WSU TFREC,2017-11-21 18:30:00.920326
1997-01-12,12:30,27.0,,6.9,43.0,0.0,N@0.9,99999.0,34.0,0.0,345,,"WSU TFREC, Wenatchee, Chelan County",330141,WSU TFREC,2017-11-21 18:30:00.920326
1997-01-12,12:45,27.8,,6.5,40.8,0.0,NW@1.1,99999.0,33.9,0.0,342,,"WSU TFREC, Wenatchee, Chelan County",330141,WSU TFREC,2017-11-21 18:30:00.920326
1997-01-12,13:00,26.9,,6.0,41.5,0.0,NW@1.4,99999.0,33.6,0.0,334,,"WSU TFREC, Wenatchee, Chelan County",330141,WSU TFREC,2017-11-21 18:30:00.920326
1997-01-12,13:15,28.2,,6.6,40.2,0.0,N@1.0,99999.0,33.3,0.0,325,,"WSU TFREC, Wenatchee, Chelan County",330141,WSU TFREC,2017-11-21 18:30:00.920326
1997-01-12,13:30,27.2,,6.4,41.7,0.0,N@1.5,99999.0,33.3,0.0,312,,"WSU TFREC, Wenatchee, Chelan County",330141,WSU TFREC,2017-11-21 18:30:00.920326
1997-01-12,13:45,28.0,,7.1,41.4,0.0,SW@1.7,99999.0,33.2,0.0,296,,"WSU TFREC, Wenatchee, Chelan County",330141,WSU TFREC,2017-11-21 18:30:00.920326
1997-01-12,14:00,27.8,,7.3,42.3,0.0,NW@1.6,99999.0,33.0,0.0,276,,"WSU TFREC, Wenatchee, Chelan County",330141,WSU TFREC,2017-11-21 18:30:00.920326
1997-01-12,14:15,27.8,,8.8,45.2,0.0,N@1.5,99999.0,32.9,0.0,255,,"WSU TFREC, Wenatchee, Chelan County",330141,WSU TFREC,2017-11-21 18:30:00.920326
1997-01-12,14:30,27.4,,9.2,46.7,0.0,NW@1.7,99999.0,32.7,0.0,232,,"WSU TFREC, Wenatchee, Chelan County",330141,WSU TFREC,2017-11-21 18:30:00.920326
1997-01-12,14:45,27.3,,9.3,47.3,0.0,NW@1.3,99999.0,32.6,0.0,208,,"WSU TFREC, Wenatchee, Chelan County",330141,WSU TFREC,2017-11-21 18:30:00.920326
1997-01-12,15:00,27.1,,9.3,47.7,0.0,NW@1.3,99999.0,32.6,0.0,182,,"WSU TFREC, Wenatchee, Chelan County",330141,WSU TFREC,2017-11-21 18:30:00.920326
1997-01-12,15:15,26.6,,9.6,49.7,0.0,NW@1.0,99999.0,32.6,0.0,146,,"WSU TFREC, Wenatchee, Chelan County",330141,WSU TFREC,2017-11-21 18:30:00.920326
1997-01-12,15:30,25.2,,9.8,53.4,0.0,W@1.3,99999.0,32.8,0.0,81,,"WSU TFREC, Wenatchee, Chelan County",330141,WSU TFREC,2017-11-21 18:30:00.920326
1997-01-12,15:45,22.2,,9.5,60.8,0.0,SW@1.0,99999.0,32.7,0.0,19,,"WSU TFREC, Wenatchee, Chelan County",330141,WSU TFREC,2017-11-21 18:30:00.920326
1997-01-12,16:00,19.8,,8.6,65.4,0.0,SW@1.4,99999.0,32.8,0.0,15,,"WSU TFREC, Wenatchee, Chelan County",330141,WSU TFREC,2017-11-21 18:30:00.920326
1997-01-12,16:15,18.5,,7.8,67.3,0.0,S@1.1,99999.0,32.8,0.0,12,,"WSU TFREC, Wenatchee, Chelan County",330141,WSU TFREC,2017-11-21 18:30:00.920326
1997-01-12,16:30,17.6,,7.7,69.6,0.0,SW@1.5,99999.0,32.9,0.0,8,,"WSU TFREC, Wenatchee, Chelan County",330141,WSU TFREC,2017-11-21 18:30:00.920326
1997-01-12,16:45,15.9,,6.7,72.7,0.0,S@1.0,99999.0,33.0,0.0,4,,"WSU TFREC, Wenatchee, Chelan County",330141,WSU TFREC,2017-11-21 18:30:00.920326
1997-01-12,17:00,15.2,,6.6,74.8,0.0,S@1.2,99999.0,33.1,0.0,1,,"WSU TFREC, Wenatchee, Chelan County",330141,WSU TFREC,2017-11-21 18:30:00.920326
1997-01-12,17:15,15.1,,6.1,73.5,0.0,S@1.3,99999.0,33.2,0.0,0,,"WSU TFREC, Wenatchee, Chelan County",330141,WSU TFREC,2017-11-21 18:30:00.920326
1997-01-12,17:30,14.8,,5.7,73.3,0.0,S@1.3,99999.0,33.2,0.0,0,,"WSU TFREC, Wenatchee, Chelan County",330141,WSU TFREC,2017-11-21 18:30:00.920326
1997-01-12,17:45,14.0,,4.8,72.9,0.0,S@1.1,99999.0,33.3,0.0,0,,"WSU TFREC, Wenatchee, Chelan County",330141,WSU TFREC,2017-11-21 18:30:00.920326
1997-01-12,18:00,12.9,,4.1,74.5,0.0,S@1.2,99999.0,33.3,0.0,0,,"WSU TFREC, Wenatchee, Chelan County",330141,WSU TFREC,2017-11-21 18:30:00.920326
1997-01-12,18:15,12.7,,3.4,73.0,0.0,S@1.3,99999.0,33.4,0.0,0,,"WSU TFREC, Wenatchee, Chelan County",330141,WSU TFREC,2017-11-21 18:30:00.920326
1997-01-12,18:30,12.7,,4.4,76.2,0.0,S@1.7,99999.0,33.4,0.0,0,,"WSU TFREC, Wenatchee, Chelan County",330141,WSU TFREC,2017-11-21 18:30:00.920326
1997-01-12,18:45,12.6,,3.6,74.3,0.0,S@1.2,99999.0,33.4,0.0,0,,"WSU TFREC, Wenatchee, Chelan County",330141,WSU TFREC,2017-11-21 18:30:00.920326
1997-01-12,19:00,11.3,,2.3,74.4,0.0,S@1.3,99999.0,33.5,0.0,0,,"WSU TFREC, Wenatchee, Chelan County",330141,WSU TFREC,2017-11-21 18:30:00.920326
1997-01-12,19:15,10.8,,2.5,77.0,0.0,S@1.5,99999.0,33.4,0.0,0,,"WSU TFREC, Wenatchee, Chelan County",330141,WSU TFREC,2017-11-21 18:30:00.920326
1997-01-12,19:30,11.1,,2.9,77.1,0.0,S@1.7,99999.0,33.5,0.0,0,,"WSU TFREC, Wenatchee, Chelan County",330141,WSU TFREC,2017-11-21 18:30:00.920326
1997-01-12,19:45,9.9,,1.6,77.3,0.0,SE@1.4,99999.0,33.5,0.0,0,,"WSU TFREC, Wenatchee, Chelan County",330141,WSU TFREC,2017-11-21 18:30:00.920326
1997-01-12,20:00,9.9,,2.7,81.3,0.0,S@1.6,99999.0,33.5,0.0,0,,"WSU TFREC, Wenatchee, Chelan County",330141,WSU TFREC,2017-11-21 18:30:00.920326
1997-01-12,20:15,10.2,,2.5,79.4,0.0,S@1.4,99999.0,33.6,0.0,0,,"WSU TFREC, Wenatchee, Chelan County",330141,WSU TFREC,2017-11-21 18:30:00.920326
1997-01-12,20:30,10.0,,1.7,77.1,0.0,S@2.0,99999.0,33.5,0.0,0,,"WSU TFREC, Wenatchee, Chelan County",330141,WSU TFREC,2017-11-21 18:30:00.920326
1997-01-12,20:45,9.7,,1.8,78.8,0.0,S@1.3,99999.0,33.5,0.0,0,,"WSU TFREC, Wenatchee, Chelan County",330141,WSU TFREC,2017-11-21 18:30:00.920326
1997-01-12,21:00,8.4,,1.0,80.8,0.0,S@0.9,99999.0,33.5,0.0,0,,"WSU TFREC, Wenatchee, Chelan County",330141,WSU TFREC,2017-11-21 18:30:00.920326
1997-01-12,21:15,8.4,,0.9,80.7,0.0,S@0.9,99999.0,33.5,0.0,0,,"WSU TFREC, Wenatchee, Chelan County",330141,WSU TFREC,2017-11-21 18:30:00.920326
1997-01-12,21:30,8.1,,0.9,81.9,0.0,S@0.9,99999.0,33.5,0.0,0,,"WSU TFREC, Wenatchee, Chelan County",330141,WSU TFREC,2017-11-21 18:30:00.920326
1997-01-12,21:45,7.9,,0.1,79.6,0.0,S@0.9,99999.0,33.5,0.0,0,,"WSU TFREC, Wenatchee, Chelan County",330141,WSU TFREC,2017-11-21 18:30:00.920326
1997-01-12,22:00,7.2,,-0.4,80.9,0.0,S@0.9,99999.0,33.5,0.0,0,,"WSU TFREC, Wenatchee, Chelan County",330141,WSU TFREC,2017-11-21 18:30:00.920326
1997-01-12,22:15,7.0,,-0.8,79.8,0.0,S@0.9,99999.0,33.4,0.0,0,,"WSU TFREC, Wenatchee, Chelan County",330141,WSU TFREC,2017-11-21 18:30:00.920326
1997-01-12,22:30,6.1,,-1.0,83.1,0.0,S@0.9,99999.0,33.4,0.0,0,,"WSU TFREC, Wenatchee, Chelan County",330141,WSU TFREC,2017-11-21 18:30:00.920326
1997-01-12,22:45,5.5,,-1.5,83.2,0.0,S@0.9,99999.0,33.5,0.0,0,,"WSU TFREC, Wenatchee, Chelan County",330141,WSU TFREC,2017-11-21 18:30:00.920326
1997-01-12,23:00,6.8,,-0.1,83.3,0.0,S@0.9,99999.0,33.5,0.0,0,,"WSU TFREC, Wenatchee, Chelan County",330141,WSU TFREC,2017-11-21 18:30:00.920326
1997-01-12,23:15,6.4,,-0.8,82.0,0.0,S@0.9,99999.0,33.5,0.0,0,,"WSU TFREC, Wenatchee, Chelan County",330141,WSU TFREC,2017-11-21 18:30:00.920326
1997-01-12,23:30,6.3,,-1.0,82.0,0.0,S@0.9,99999.0,33.5,0.0,0,,"WSU TFREC, Wenatchee, Chelan County",330141,WSU TFREC,2017-11-21 18:30:00.920326
1997-01-12,23:45,5.5,,-2.1,81.1,0.0,S@0.9,99999.0,33.5,0.0,0,,"WSU TFREC, Wenatchee, Chelan County",330141,WSU TFREC,2017-11-21 18:30:00.920326
1997-01-12,24:00,3.7,,-2.4,87.7,0.0,S@0.9,99999.0,33.5,0.0,0,,"WSU TFREC, Wenatchee, Chelan County",330141,WSU TFREC,2017-11-21 18:30:00.920326
1997-01-13,00:15,5.0,,-2.5,81.5,0.0,S@0.9,99999.0,33.4,0.0,0,,"WSU TFREC, Wenatchee, Chelan County",330141,WSU TFREC,2017-11-21 18:30:00.920326
1997-01-13,00:30,5.0,,-2.3,82.5,0.0,S@0.9,99999.0,33.4,0.0,0,,"WSU TFREC, Wenatchee, Chelan County",330141,WSU TFREC,2017-11-21 18:30:00.920326
1997-01-13,00:45,5.4,,-2.3,80.9,0.0,S@0.9,99999.0,33.4,0.0,0,,"WSU TFREC, Wenatchee, Chelan County",330141,WSU TFREC,2017-11-21 18:30:00.920326
1997-01-13,01:00,5.5,,-2.2,80.7,0.0,S@0.9,99999.0,33.4,0.0,0,,"WSU TFREC, Wenatchee, Chelan County",330141,WSU TFREC,2017-11-21 18:30:00.920326
1997-01-13,01:15,3.7,,-3.9,81.6,0.0,SW@0.9,99999.0,33.4,0.0,0,,"WSU TFREC, Wenatchee, Chelan County",330141,WSU TFREC,2017-11-21 18:30:00.920326
1997-01-13,01:30,4.1,,-2.4,86.0,0.0,S@0.9,99999.0,33.5,0.0,0,,"WSU TFREC, Wenatchee, Chelan County",330141,WSU TFREC,2017-11-21 18:30:00.920326
1997-01-13,01:45,4.3,,-3.2,82.0,0.0,S@0.9,99999.0,33.4,0.0,0,,"WSU TFREC, Wenatchee, Chelan County",330141,WSU TFREC,2017-11-21 18:30:00.920326
1997-01-13,02:00,3.0,,-4.5,82.2,0.0,S@0.9,99999.0,33.4,0.0,0,,"WSU TFREC, Wenatchee, Chelan County",330141,WSU TFREC,2017-11-21 18:30:00.920326
1997-01-13,02:15,2.7,,-4.2,84.9,0.0,S@0.9,99999.0,33.4,0.0,0,,"WSU TFREC, Wenatchee, Chelan County",330141,WSU TFREC,2017-11-21 18:30:00.920326
1997-01-13,02:30,4.3,,-2.5,84.8,0.0,S@0.9,99999.0,33.5,0.0,0,,"WSU TFREC, Wenatchee, Chelan County",330141,WSU TFREC,2017-11-21 18:30:00.920326
1997-01-13,02:45,3.4,,-4.3,81.5,0.0,S@0.9,99999.0,33.4,0.0,0,,"WSU TFREC, Wenatchee, Chelan County",330141,WSU TFREC,2017-11-21 18:30:00.920326
1997-01-13,03:00,2.7,,-4.4,83.9,0.0,S@1.4,99999.0,33.4,0.0,0,,"WSU TFREC, Wenatchee, Chelan County",330141,WSU TFREC,2017-11-21 18:30:00.920326
1997-01-13,03:15,2.7,,-4.0,85.7,0.0,S@1.5,99999.0,33.4,0.0,0,,"WSU TFREC, Wenatchee, Chelan County",330141,WSU TFREC,2017-11-21 18:30:00.920326
1997-01-13,03:30,2.7,,-4.7,82.8,0.0,S@1.3,99999.0,33.4,0.0,0,,"WSU TFREC, Wenatchee, Chelan County",330141,WSU TFREC,2017-11-21 18:30:00.920326
1997-01-13,03:45,1.9,,-5.3,83.5,0.0,S@1.2,99999.0,33.4,0.0,0,,"WSU TFREC, Wenatchee, Chelan County",330141,WSU TFREC,2017-11-21 18:30:00.920326
1997-01-13,04:00,2.8,,-3.8,85.8,0.0,S@1.5,99999.0,33.4,0.0,0,,"WSU TFREC, Wenatchee, Chelan County",330141,WSU TFREC,2017-11-21 18:30:00.920326
1997-01-13,04:15,3.7,,-2.9,85.3,0.0,SW@1.6,99999.0,33.4,0.0,0,,"WSU TFREC, Wenatchee, Chelan County",330141,WSU TFREC,2017-11-21 18:30:00.920326
1997-01-13,04:30,3.9,,-3.2,83.3,0.0,S@1.7,99999.0,33.5,0.0,0,,"WSU TFREC, Wenatchee, Chelan County",330141,WSU TFREC,2017-11-21 18:30:00.920326
1997-01-13,04:45,2.5,,-4.9,82.8,0.0,S@1.2,99999.0,33.5,0.0,0,,"WSU TFREC, Wenatchee, Chelan County",330141,WSU TFREC,2017-11-21 18:30:00.920326
1997-01-13,05:00,1.9,,-5.2,83.9,0.0,SW@1.3,99999.0,33.4,0.0,0,,"WSU TFREC, Wenatchee, Chelan County",330141,WSU TFREC,2017-11-21 18:30:00.920326
1997-01-13,05:15,1.6,,-5.3,85.0,0.0,S@1.6,99999.0,33.4,0.0,0,,"WSU TFREC, Wenatchee, Chelan County",330141,WSU TFREC,2017-11-21 18:30:00.920326
1997-01-13,05:30,2.5,,-4.4,84.9,0.0,S@1.6,99999.0,33.4,0.0,0,,"WSU TFREC, Wenatchee, Chelan County",330141,WSU TFREC,2017-11-21 18:30:00.920326
1997-01-13,05:45,1.6,,-5.9,82.8,0.0,S@1.1,99999.0,33.4,0.0,0,,"WSU TFREC, Wenatchee, Chelan County",330141,WSU TFREC,2017-11-21 18:30:00.920326
1997-01-13,06:00,1.9,,-5.0,84.6,0.0,S@1.5,99999.0,33.3,0.0,0,,"WSU TFREC, Wenatchee, Chelan County",330141,WSU TFREC,2017-11-21 18:30:00.920326
1997-01-13,06:15,1.4,,-6.2,82.3,0.0,S@0.9,99999.0,33.4,0.0,0,,"WSU TFREC, Wenatchee, Chelan County",330141,WSU TFREC,2017-11-21 18:30:00.920326
1997-01-13,06:30,1.4,,-5.4,85.5,0.0,S@1.2,99999.0,33.4,0.0,0,,"WSU TFREC, Wenatchee, Chelan County",330141,WSU TFREC,2017-11-21 18:30:00.920326
1997-01-13,06:45,1.4,,-6.1,82.7,0.0,S@1.7,99999.0,33.4,0.0,0,,"WSU TFREC, Wenatchee, Chelan County",330141,WSU TFREC,2017-11-21 18:30:00.920326
1997-01-13,07:00,0.7,,-6.6,83.7,0.0,S@1.3,99999.0,33.4,0.0,0,,"WSU TFREC, Wenatchee, Chelan County",330141,WSU TFREC,2017-11-21 18:30:00.920326
1997-01-13,07:15,0.9,,-6.7,82.6,0.0,S@1.3,99999.0,33.4,0.0,0,,"WSU TFREC, Wenatchee, Chelan County",330141,WSU TFREC,2017-11-21 18:30:00.920326
1997-01-13,07:30,0.0,,-7.0,85.4,0.0,S@1.4,99999.0,33.4,0.0,0,,"WSU TFREC, Wenatchee, Chelan County",330141,WSU TFREC,2017-11-21 18:30:00.920326
1997-01-13,07:45,1.4,,-5.2,86.3,0.0,S@1.5,99999.0,33.4,0.0,2,,"WSU TFREC, Wenatchee, Chelan County",330141,WSU TFREC,2017-11-21 18:30:00.920326
1997-01-13,08:00,0.5,,-6.9,83.4,0.0,S@1.7,99999.0,33.4,0.0,6,,"WSU TFREC, Wenatchee, Chelan County",330141,WSU TFREC,2017-11-21 18:30:00.920326
1997-01-13,08:15,1.2,,-5.7,85.3,0.0,S@1.8,99999.0,33.5,0.0,12,,"WSU TFREC, Wenatchee, Chelan County",330141,WSU TFREC,2017-11-21 18:30:00.920326
1997-01-13,08:30,5.0,,-1.4,85.8,0.0,S@2.0,99999.0,33.8,0.0,21,,"WSU TFREC, Wenatchee, Chelan County",330141,WSU TFREC,2017-11-21 18:30:00.920326
1997-01-13,08:45,5.0,,-2.1,83.2,0.0,SW@1.1,99999.0,34.1,0.0,64,,"WSU TFREC, Wenatchee, Chelan County",330141,WSU TFREC,2017-11-21 18:30:00.920326
1997-01-13,09:00,7.2,,0.1,82.6,0.0,S@1.1,99999.0,34.6,0.0,99,,"WSU TFREC, Wenatchee, Chelan County",330141,WSU TFREC,2017-11-21 18:30:00.920326
1997-01-13,09:15,9.1,,1.8,80.9,0.0,S@1.7,99999.0,34.8,0.0,137,,"WSU TFREC, Wenatchee, Chelan County",330141,WSU TFREC,2017-11-21 18:30:00.920326
1997-01-13,09:30,10.0,,1.3,75.7,0.0,E@1.6,99999.0,34.8,0.0,179,,"WSU TFREC, Wenatchee, Chelan County",330141,WSU TFREC,2017-11-21 18:30:00.920326
1997-01-13,09:45,12.0,,3.5,75.7,0.0,N@1.7,99999.0,34.9,0.0,207,,"WSU TFREC, Wenatchee, Chelan County",330141,WSU TFREC,2017-11-21 18:30:00.920326
1997-01-13,10:00,13.1,,4.2,74.3,0.0,E@1.2,99999.0,35.0,0.0,231,,"WSU TFREC, Wenatchee, Chelan County",330141,WSU TFREC,2017-11-21 18:30:00.920326
1997-01-13,10:15,14.2,,4.2,70.4,0.0,SW@1.5,99999.0,35.0,0.0,255,,"WSU TFREC, Wenatchee, Chelan County",330141,WSU TFREC,2017-11-21 18:30:00.920326
1997-01-13,10:30,15.6,,4.6,66.8,0.0,N@1.4,99999.0,35.0,0.0,275,,"WSU TFREC, Wenatchee, Chelan County",330141,WSU TFREC,2017-11-21 18:30:00.920326
1997-01-13,10:45,15.4,,4.8,68.0,0.0,NW@1.8,99999.0,34.9,0.0,287,,"WSU TFREC, Wenatchee, Chelan County",330141,WSU TFREC,2017-11-21 18:30:00.920326
1997-01-13,11:00,16.0,,5.1,67.3,0.0,NW@1.8,99999.0,34.8,0.0,302,,"WSU TFREC, Wenatchee, Chelan County",330141,WSU TFREC,2017-11-21 18:30:00.920326
1997-01-13,11:15,17.4,,5.8,64.8,0.0,NW@1.4,99999.0,34.8,0.0,317,,"WSU TFREC, Wenatchee, Chelan County",330141,WSU TFREC,2017-11-21 18:30:00.920326
1997-01-13,11:30,19.7,,5.5,57.3,0.0,SE@1.3,99999.0,34.8,0.0,330,,"WSU TFREC, Wenatchee, Chelan County",330141,WSU TFREC,2017-11-21 18:30:00.920326
1997-01-13,11:45,21.5,,5.8,53.0,0.0,NW@1.5,99999.0,34.6,0.0,337,,"WSU TFREC, Wenatchee, Chelan County",330141,WSU TFREC,2017-11-21 18:30:00.920326
1997-01-13,12:00,20.7,,5.5,54.3,0.0,NW@1.4,99999.0,34.5,0.0,341,,"WSU TFREC, Wenatchee, Chelan County",330141,WSU TFREC,2017-11-21 18:30:00.920326
1997-01-13,12:15,21.5,,5.1,51.4,0.0,N@1.2,99999.0,34.4,0.0,346,,"WSU TFREC, Wenatchee, Chelan County",330141,WSU TFREC,2017-11-21 18:30:00.920326
1997-01-13,12:30,22.2,,5.3,50.2,0.0,N@1.2,99999.0,34.2,0.0,345,,"WSU TFREC, Wenatchee, Chelan County",330141,WSU TFREC,2017-11-21 18:30:00.920326
1997-01-13,12:45,22.5,,5.5,49.9,0.0,NW@1.4,99999.0,34.0,0.0,338,,"WSU TFREC, Wenatchee, Chelan County",330141,WSU TFREC,2017-11-21 18:30:00.920326
1997-01-13,13:00,23.8,,6.2,48.3,0.0,SW@1.4,99999.0,33.7,0.0,330,,"WSU TFREC, Wenatchee, Chelan County",330141,WSU TFREC,2017-11-21 18:30:00.920326
1997-01-13,13:15,23.7,,5.8,48.0,0.0,SW@1.8,99999.0,33.4,0.0,316,,"WSU TFREC, Wenatchee, Chelan County",330141,WSU TFREC,2017-11-21 18:30:00.920326
1997-01-13,13:30,23.7,,6.5,49.5,0.0,N@1.3,99999.0,33.4,0.0,306,,"WSU TFREC, Wenatchee, Chelan County",330141,WSU TFREC,2017-11-21 18:30:00.920326
1997-01-13,13:45,23.0,,6.5,51.1,0.0,NW@1.8,99999.0,33.3,0.0,290,,"WSU TFREC, Wenatchee, Chelan County",330141,WSU TFREC,2017-11-21 18:30:00.920326
1997-01-13,14:00,23.1,,6.4,50.7,0.0,W@1.8,99999.0,33.2,0.0,272,,"WSU TFREC, Wenatchee, Chelan County",330141,WSU TFREC,2017-11-21 18:30:00.920326
1997-01-13,14:15,23.5,,6.8,50.5,0.0,N@1.6,99999.0,33.1,0.0,253,,"WSU TFREC, Wenatchee, Chelan County",330141,WSU TFREC,2017-11-21 18:30:00.920326
1997-01-13,14:30,24.6,,7.2,48.9,0.0,NW@1.3,99999.0,32.9,0.0,231,,"WSU TFREC, Wenatchee, Chelan County",330141,WSU TFREC,2017-11-21 18:30:00.920326
1997-01-13,14:45,24.8,,7.4,48.8,0.0,W@1.2,99999.0,32.8,0.0,208,,"WSU TFREC, Wenatchee, Chelan County",330141,WSU TFREC,2017-11-21 18:30:00.920326
1997-01-13,15:00,25.3,,8.0,49.2,0.0,W@1.0,99999.0,32.8,0.0,182,,"WSU TFREC, Wenatchee, Chelan County",330141,WSU TFREC,2017-11-21 18:30:00.920326
1997-01-13,15:15,24.8,,8.0,50.3,0.0,W@1.0,99999.0,32.7,0.0,149,,"WSU TFREC, Wenatchee, Chelan County",330141,WSU TFREC,2017-11-21 18:30:00.920326
1997-01-13,15:30,22.5,,7.4,54.5,0.0,SW@1.5,99999.0,32.9,0.0,82,,"WSU TFREC, Wenatchee, Chelan County",330141,WSU TFREC,2017-11-21 18:30:00.920326
1997-01-13,15:45,19.1,,6.6,61.7,0.0,SW@2.0,99999.0,32.8,0.0,21,,"WSU TFREC, Wenatchee, Chelan County",330141,WSU TFREC,2017-11-21 18:30:00.920326
1997-01-13,16:00,17.3,,6.2,66.1,0.0,SW@1.4,99999.0,32.9,0.0,16,,"WSU TFREC, Wenatchee, Chelan County",330141,WSU TFREC,2017-11-21 18:30:00.920326
1997-01-13,16:15,16.0,,5.8,69.5,0.0,S@1.2,99999.0,32.9,0.0,12,,"WSU TFREC, Wenatchee, Chelan County",330141,WSU TFREC,2017-11-21 18:30:00.920326
1997-01-13,16:30,14.6,,5.4,72.9,0.0,S@1.6,99999.0,33.0,0.0,8,,"WSU TFREC, Wenatchee, Chelan County",330141,WSU TFREC,2017-11-21 18:30:00.920326
1997-01-13,16:45,13.6,,5.0,75.0,0.0,S@1.4,99999.0,33.1,0.0,4,,"WSU TFREC, Wenatchee, Chelan County",330141,WSU TFREC,2017-11-21 18:30:00.920326
1997-01-13,17:00,12.9,,4.8,76.9,0.0,S@1.6,99999.0,33.1,0.0,1,,"WSU TFREC, Wenatchee, Chelan County",330141,WSU TFREC,2017-11-21 18:30:00.920326
1997-01-13,17:15,12.2,,3.9,76.7,0.0,S@1.3,99999.0,33.2,0.0,0,,"WSU TFREC, Wenatchee, Chelan County",330141,WSU TFREC,2017-11-21 18:30:00.920326
1997-01-13,17:30,10.6,,3.3,80.8,0.0,S@1.0,99999.0,33.2,0.0,0,,"WSU TFREC, Wenatchee, Chelan County",330141,WSU TFREC,2017-11-21 18:30:00.920326
1997-01-13,17:45,10.9,,3.6,80.5,0.0,SW@1.6,99999.0,33.3,0.0,0,,"WSU TFREC, Wenatchee, Chelan County",330141,WSU TFREC,2017-11-21 18:30:00.920326
1997-01-13,18:00,10.4,,3.5,82.1,0.0,SW@1.3,99999.0,33.3,0.0,0,,"WSU TFREC, Wenatchee, Chelan County",330141,WSU TFREC,2017-11-21 18:30:00.920326
1997-01-13,18:15,10.0,,2.6,80.4,0.0,S@1.2,99999.0,33.4,0.0,0,,"WSU TFREC, Wenatchee, Chelan County",330141,WSU TFREC,2017-11-21 18:30:00.920326
1997-01-13,18:30,10.0,,3.0,81.8,0.0,S@1.0,99999.0,33.4,0.0,0,,"WSU TFREC, Wenatchee, Chelan County",330141,WSU TFREC,2017-11-21 18:30:00.920326
1997-01-13,18:45,9.5,,2.7,82.9,0.0,S@0.9,99999.0,33.4,0.0,0,,"WSU TFREC, Wenatchee, Chelan County",330141,WSU TFREC,2017-11-21 18:30:00.920326
1997-01-13,19:00,9.3,,2.1,81.3,0.0,S@1.0,99999.0,33.5,0.0,0,,"WSU TFREC, Wenatchee, Chelan County",330141,WSU TFREC,2017-11-21 18:30:00.920326
1997-01-13,19:15,8.8,,1.8,82.4,0.0,SW@1.3,99999.0,33.5,0.0,0,,"WSU TFREC, Wenatchee, Chelan County",330141,WSU TFREC,2017-11-21 18:30:00.920326
1997-01-13,19:30,8.4,,1.2,81.7,0.0,S@1.5,99999.0,33.5,0.0,0,,"WSU TFREC, Wenatchee, Chelan County",330141,WSU TFREC,2017-11-21 18:30:00.920326
1997-01-13,19:45,8.4,,1.7,83.7,0.0,S@1.7,99999.0,33.5,0.0,0,,"WSU TFREC, Wenatchee, Chelan County",330141,WSU TFREC,2017-11-21 18:30:00.920326
1997-01-13,20:00,9.5,,2.6,82.6,0.0,S@1.8,99999.0,33.5,0.0,0,,"WSU TFREC, Wenatchee, Chelan County",330141,WSU TFREC,2017-11-21 18:30:00.920326
1997-01-13,20:15,9.3,,1.9,80.5,0.0,S@1.4,99999.0,33.5,0.0,0,,"WSU TFREC, Wenatchee, Chelan County",330141,WSU TFREC,2017-11-21 18:30:00.920326
1997-01-13,20:30,8.1,,1.1,82.6,0.0,S@1.4,99999.0,33.5,0.0,0,,"WSU TFREC, Wenatchee, Chelan County",330141,WSU TFREC,2017-11-21 18:30:00.920326
1997-01-13,20:45,7.5,,0.6,83.0,0.0,S@1.9,99999.0,33.4,0.0,0,,"WSU TFREC, Wenatchee, Chelan County",330141,WSU TFREC,2017-11-21 18:30:00.920326
1997-01-13,21:00,8.2,,0.4,79.5,0.0,S@1.4,99999.0,33.5,0.0,0,,"WSU TFREC, Wenatchee, Chelan County",330141,WSU TFREC,2017-11-21 18:30:00.920326
1997-01-13,21:15,6.3,,-0.4,84.7,0.0,S@1.0,99999.0,33.5,0.0,0,,"WSU TFREC, Wenatchee, Chelan County",330141,WSU TFREC,2017-11-21 18:30:00.920326
1997-01-13,21:30,6.4,,0.1,85.7,0.0,S@1.7,99999.0,33.5,0.0,0,,"WSU TFREC, Wenatchee, Chelan County",330141,WSU TFREC,2017-11-21 18:30:00.920326
1997-01-13,21:45,7.5,,0.7,83.5,0.0,S@1.8,99999.0,33.5,0.0,0,,"WSU TFREC, Wenatchee, Chelan County",330141,WSU TFREC,2017-11-21 18:30:00.920326
1997-01-13,22:00,5.7,,-1.3,83.4,0.0,SW@1.1,99999.0,33.4,0.0,0,,"WSU TFREC, Wenatchee, Chelan County",330141,WSU TFREC,2017-11-21 18:30:00.920326
1997-01-13,22:15,6.4,,0.4,87.1,0.0,S@1.6,99999.0,33.5,0.0,0,,"WSU TFREC, Wenatchee, Chelan County",330141,WSU TFREC,2017-11-21 18:30:00.920326
1997-01-13,22:30,5.5,,-1.7,82.5,0.0,S@1.0,99999.0,33.5,0.0,0,,"WSU TFREC, Wenatchee, Chelan County",330141,WSU TFREC,2017-11-21 18:30:00.920326
1997-01-13,22:45,4.6,,-1.8,85.9,0.0,S@0.9,99999.0,33.4,0.0,0,,"WSU TFREC, Wenatchee, Chelan County",330141,WSU TFREC,2017-11-21 18:30:00.920326
1997-01-13,23:00,4.1,,-2.4,85.9,0.0,S@0.9,99999.0,33.4,0.0,0,,"WSU TFREC, Wenatchee, Chelan County",330141,WSU TFREC,2017-11-21 18:30:00.920326
1997-01-13,23:15,3.7,,-2.6,86.5,0.0,S@1.1,99999.0,33.4,0.0,0,,"WSU TFREC, Wenatchee, Chelan County",330141,WSU TFREC,2017-11-21 18:30:00.920326
1997-01-13,23:30,3.9,,-2.7,85.5,0.0,S@1.3,99999.0,33.4,0.0,0,,"WSU TFREC, Wenatchee, Chelan County",330141,WSU TFREC,2017-11-21 18:30:00.920326
1997-01-13,23:45,3.4,,-3.0,86.7,0.0,S@0.9,99999.0,33.4,0.0,0,,"WSU TFREC, Wenatchee, Chelan County",330141,WSU TFREC,2017-11-21 18:30:00.920326
1997-01-13,24:00,3.2,,-3.2,86.5,0.0,S@0.9,99999.0,33.4,0.0,0,,"WSU TFREC, Wenatchee, Chelan County",330141,WSU TFREC,2017-11-21 18:30:00.920326
1997-01-14,00:15,4.6,,-1.5,87.1,0.0,S@1.4,99999.0,33.5,0.0,0,,"WSU TFREC, Wenatchee, Chelan County",330141,WSU TFREC,2017-11-21 18:30:00.920326
1997-01-14,00:30,4.5,,-1.8,86.6,0.0,S@1.8,99999.0,33.5,0.0,0,,"WSU TFREC, Wenatchee, Chelan County",330141,WSU TFREC,2017-11-21 18:30:00.920326
1997-01-14,00:45,3.9,,-3.1,84.0,0.0,S@1.2,99999.0,33.5,0.0,0,,"WSU TFREC, Wenatchee, Chelan County",330141,WSU TFREC,2017-11-21 18:30:00.920326
1997-01-14,01:00,2.5,,-4.2,85.7,0.0,S@1.2,99999.0,33.4,0.0,0,,"WSU TFREC, Wenatchee, Chelan County",330141,WSU TFREC,2017-11-21 18:30:00.920326
1997-01-14,01:15,2.5,,-4.0,86.4,0.0,S@0.9,99999.0,33.4,0.0,0,,"WSU TFREC, Wenatchee, Chelan County",330141,WSU TFREC,2017-11-21 18:30:00.920326
1997-01-14,01:30,2.7,,-3.5,87.7,0.0,S@1.4,99999.0,33.4,0.0,0,,"WSU TFREC, Wenatchee, Chelan County",330141,WSU TFREC,2017-11-21 18:30:00.920326
1997-01-14,01:45,3.7,,-2.5,87.1,0.0,S@1.7,99999.0,33.4,0.0,0,,"WSU TFREC, Wenatchee, Chelan County",330141,WSU TFREC,2017-11-21 18:30:00.920326
1997-01-14,02:00,1.6,,-5.9,82.8,0.0,SW@1.2,99999.0,33.5,0.0,0,,"WSU TFREC, Wenatchee, Chelan County",330141,WSU TFREC,2017-11-21 18:30:00.920326
1997-01-14,02:15,1.6,,-4.7,87.7,0.0,S@1.0,99999.0,33.4,0.0,0,,"WSU TFREC, Wenatchee, Chelan County",330141,WSU TFREC,2017-11-21 18:30:00.920326
1997-01-14,02:30,2.1,,-4.2,87.2,0.0,S@0.9,99999.0,33.4,0.0,0,,"WSU TFREC, Wenatchee, Chelan County",330141,WSU TFREC,2017-11-21 18:30:00.920326
1997-01-14,02:45,1.9,,-4.7,86.2,0.0,S@0.9,99999.0,33.4,0.0,0,,"WSU TFREC, Wenatchee, Chelan County",330141,WSU TFREC,2017-11-21 18:30:00.920326
1997-01-14,03:00,1.2,,-5.6,85.6,0.0,S@0.9,99999.0,33.4,0.0,0,,"WSU TFREC, Wenatchee, Chelan County",330141,WSU TFREC,2017-11-21 18:30:00.920326
1997-01-14,03:15,1.9,,-4.3,87.5,0.0,S@0.9,99999.0,33.5,0.0,0,,"WSU TFREC, Wenatchee, Chelan County",330141,WSU TFREC,2017-11-21 18:30:00.920326
1997-01-14,03:30,1.4,,-5.3,86.1,0.0,SE@1.2,99999.0,33.4,0.0,0,,"WSU TFREC, Wenatchee, Chelan County",330141,WSU TFREC,2017-11-21 18:30:00.920326
1997-01-14,03:45,1.2,,-5.5,86.1,0.0,S@1.3,99999.0,33.4,0.0,0,,"WSU TFREC, Wenatchee, Chelan County",330141,WSU TFREC,2017-11-21 18:30:00.920326
1997-01-14,04:00,1.6,,-4.8,87.4,0.0,S@1.6,99999.0,33.4,0.0,0,,"WSU TFREC, Wenatchee, Chelan County",330141,WSU TFREC,2017-11-21 18:30:00.920326
1997-01-14,04:15,1.8,,-4.8,86.5,0.0,S@1.2,99999.0,33.5,0.0,0,,"WSU TFREC, Wenatchee, Chelan County",330141,WSU TFREC,2017-11-21 18:30:00.920326
1997-01-14,04:30,0.5,,-6.9,83.4,0.0,SW@0.9,99999.0,33.4,0.0,0,,"WSU TFREC, Wenatchee, Chelan County",330141,WSU TFREC,2017-11-21 18:30:00.920326
1997-01-14,04:45,0.3,,-6.2,87.2,0.0,S@0.9,99999.0,33.4,0.0,0,,"WSU TFREC, Wenatchee, Chelan County",330141,WSU TFREC,2017-11-21 18:30:00.920326
1997-01-14,05:00,1.2,,-5.3,86.6,0.0,S@1.1,99999.0,33.4,0.0,0,,"WSU TFREC, Wenatchee, Chelan County",330141,WSU TFREC,2017-11-21 18:30:00.920326
1997-01-14,05:15,1.0,,-5.7,86.0,0.0,S@1.3,99999.0,33.4,0.0,0,,"WSU TFREC, Wenatchee, Chelan County",330141,WSU TFREC,2017-11-21 18:30:00.920326
1997-01-14,05:30,1.2,,-5.6,85.7,0.0,W@1.1,99999.0,33.5,0.0,0,,"WSU TFREC, Wenatchee, Chelan County",330141,WSU TFREC,2017-11-21 18:30:00.920326
1997-01-14,05:45,1.4,,-5.3,86.1,0.0,S@0.9,99999.0,33.4,0.0,0,,"WSU TFREC, Wenatchee, Chelan County",330141,WSU TFREC,2017-11-21 18:30:00.920326
1997-01-14,06:00,1.2,,-5.5,85.8,0.0,S@0.9,99999.0,33.4,0.0,0,,"WSU TFREC, Wenatchee, Chelan County",330141,WSU TFREC,2017-11-21 18:30:00.920326
1997-01-14,06:15,0.1,,-7.0,84.5,0.0,S@1.3,99999.0,33.3,0.0,0,,"WSU TFREC, Wenatchee, Chelan County",330141,WSU TFREC,2017-11-21 18:30:00.920326
1997-01-14,06:30,1.4,,-4.8,88.2,0.0,S@1.2,99999.0,33.3,0.0,0,,"WSU TFREC, Wenatchee, Chelan County",330141,WSU TFREC,2017-11-21 18:30:00.920326
1997-01-14,06:45,1.6,,-5.1,85.8,0.0,NW@1.5,99999.0,33.4,0.0,0,,"WSU TFREC, Wenatchee, Chelan County",330141,WSU TFREC,2017-11-21 18:30:00.920326
1997-01-14,07:00,0.1,,-7.0,84.5,0.0,S@0.9,99999.0,33.4,0.0,0,,"WSU TFREC, Wenatchee, Chelan County",330141,WSU TFREC,2017-11-21 18:30:00.920326
1997-01-14,07:15,-0.9,,-8.5,83.0,0.0,S@0.9,99999.0,33.4,0.0,0,,"WSU TFREC, Wenatchee, Chelan County",330141,WSU TFREC,2017-11-21 18:30:00.920326
1997-01-14,07:30,-0.4,,-7.1,86.7,0.0,S@0.9,99999.0,33.4,0.0,0,,"WSU TFREC, Wenatchee, Chelan County",330141,WSU TFREC,2017-11-21 18:30:00.920326
1997-01-14,07:45,-0.2,,-7.3,84.7,0.0,S@0.9,99999.0,33.4,0.0,2,,"WSU TFREC, Wenatchee, Chelan County",330141,WSU TFREC,2017-11-21 18:30:00.920326
1997-01-14,08:00,-0.6,,-7.9,83.9,0.0,S@0.9,99999.0,33.3,0.0,6,,"WSU TFREC, Wenatchee, Chelan County",330141,WSU TFREC,2017-11-21 18:30:00.920326
1997-01-14,08:15,-0.8,,-7.9,85.0,0.0,S@0.9,99999.0,33.4,0.0,12,,"WSU TFREC, Wenatchee, Chelan County",330141,WSU TFREC,2017-11-21 18:30:00.920326
1997-01-14,08:30,0.5,,-6.5,85.2,0.0,S@0.9,99999.0,33.4,0.0,21,,"WSU TFREC, Wenatchee, Chelan County",330141,WSU TFREC,2017-11-21 18:30:00.920326
1997-01-14,08:45,1.6,,-5.3,85.0,0.0,S@0.9,99999.0,33.7,0.0,48,,"WSU TFREC, Wenatchee, Chelan County",330141,WSU TFREC,2017-11-21 18:30:00.920326
1997-01-14,09:00,3.9,,-2.9,84.6,0.0,SE@0.9,99999.0,34.2,0.0,78,,"WSU TFREC, Wenatchee, Chelan County",330141,WSU TFREC,2017-11-21 18:30:00.920326
1997-01-14,09:15,6.4,,0.1,85.8,0.0,S@0.9,99999.0,34.7,0.0,107,,"WSU TFREC, Wenatchee, Chelan County",330141,WSU TFREC,2017-11-21 18:30:00.920326
1997-01-14,09:30,7.9,,1.3,84.2,0.0,N@0.9,99999.0,34.8,0.0,132,,"WSU TFREC, Wenatchee, Chelan County",330141,WSU TFREC,2017-11-21 18:30:00.920326
1997-01-14,09:45,9.0,,2.2,83.3,0.0,NW@0.9,99999.0,34.7,0.0,151,,"WSU TFREC, Wenatchee, Chelan County",330141,WSU TFREC,2017-11-21 18:30:00.920326
1997-01-14,10:00,10.9,,4.0,81.9,0.0,NW@0.9,99999.0,34.9,0.0,212,,"WSU TFREC, Wenatchee, Chelan County",330141,WSU TFREC,2017-11-21 18:30:00.920326
1997-01-14,10:15,15.1,,8.9,83.2,0.0,N@0.9,99999.0,35.3,0.0,243,,"WSU TFREC, Wenatchee, Chelan County",330141,WSU TFREC,2017-11-21 18:30:00.920326
1997-01-14,10:30,17.9,,8.4,70.8,0.0,N@0.9,99999.0,35.3,0.0,266,,"WSU TFREC, Wenatchee, Chelan County",330141,WSU TFREC,2017-11-21 18:30:00.920326
1997-01-14,10:45,18.8,,8.3,67.9,0.0,SE@0.9,99999.0,35.1,0.0,285,,"WSU TFREC, Wenatchee, Chelan County",330141,WSU TFREC,2017-11-21 18:30:00.920326
1997-01-14,11:00,19.5,,8.0,64.8,0.0,NW@0.9,99999.0,34.9,0.0,302,,"WSU TFREC, Wenatchee, Chelan County",330141,WSU TFREC,2017-11-21 18:30:00.920326
1997-01-14,11:15,16.8,,7.3,71.2,0.0,N@1.5,99999.0,34.7,0.0,317,,"WSU TFREC, Wenatchee, Chelan County",330141,WSU TFREC,2017-11-21 18:30:00.920326
1997-01-14,11:30,17.6,,7.8,70.4,0.0,NW@1.2,99999.0,34.6,0.0,330,,"WSU TFREC, Wenatchee, Chelan County",330141,WSU TFREC,2017-11-21 18:30:00.920326
1997-01-14,11:45,18.2,,7.7,68.0,0.0,NW@1.3,99999.0,34.4,0.0,339,,"WSU TFREC, Wenatchee, Chelan County",330141,WSU TFREC,2017-11-21 18:30:00.920326
1997-01-14,12:00,17.5,,7.6,70.0,0.0,N@1.8,99999.0,34.3,0.0,342,,"WSU TFREC, Wenatchee, Chelan County",330141,WSU TFREC,2017-11-21 18:30:00.920326
1997-01-14,12:15,18.4,,7.8,67.4,0.0,W@1.4,99999.0,34.2,0.0,345,,"WSU TFREC, Wenatchee, Chelan County",330141,WSU TFREC,2017-11-21 18:30:00.920326
1997-01-14,12:30,19.2,,8.1,65.9,0.0,W@1.3,99999.0,34.1,0.0,345,,"WSU TFREC, Wenatchee, Chelan County",330141,WSU TFREC,2017-11-21 18:30:00.920326
1997-01-14,12:45,18.5,,7.9,67.6,0.0,W@1.6,99999.0,33.9,0.0,341,,"WSU TFREC, Wenatchee, Chelan County",330141,WSU TFREC,2017-11-21 18:30:00.920326
1997-01-14,13:00,20.1,,8.1,63.2,0.0,NW@1.4,99999.0,33.6,0.0,334,,"WSU TFREC, Wenatchee, Chelan County",330141,WSU TFREC,2017-11-21 18:30:00.920326
1997-01-14,13:15,19.5,,7.5,63.3,0.0,W@1.4,99999.0,33.3,0.0,324,,"WSU TFREC, Wenatchee, Chelan County",330141,WSU TFREC,2017-11-21 18:30:00.920326
1997-01-14,13:30,20.0,,7.4,61.3,0.0,NW@1.8,99999.0,33.2,0.0,312,,"WSU TFREC, Wenatchee, Chelan County",330141,WSU TFREC,2017-11-21 18:30:00.920326
1997-01-14,13:45,19.1,,7.2,63.3,0.0,NW@2.2,99999.0,33.2,0.0,297,,"WSU TFREC, Wenatchee, Chelan County",330141,WSU TFREC,2017-11-21 18:30:00.920326
1997-01-14,14:00,20.1,,7.5,61.3,0.0,NE@1.0,99999.0,33.1,0.0,279,,"WSU TFREC, Wenatchee, Chelan County",330141,WSU TFREC,2017-11-21 18:30:00.920326
1997-01-14,14:15,21.3,,7.4,57.6,0.0,N@1.1,99999.0,33.0,0.0,259,,"WSU TFREC, Wenatchee, Chelan County",330141,WSU TFREC,2017-11-21 18:30:00.920326
1997-01-14,14:30,21.4,,7.2,56.8,0.0,SW@1.3,99999.0,32.8,0.0,234,,"WSU TFREC, Wenatchee, Chelan County",330141,WSU TFREC,2017-11-21 18:30:00.920326
1997-01-14,14:45,21.4,,7.3,57.0,0.0,NW@1.6,99999.0,32.6,0.0,211,,"WSU TFREC, Wenatchee, Chelan County",330141,WSU TFREC,2017-11-21 18:30:00.920326
1997-01-14,15:00,20.4,,7.3,59.8,0.0,SW@1.7,99999.0,32.6,0.0,183,,"WSU TFREC, Wenatchee, Chelan County",330141,WSU TFREC,2017-11-21 18:30:00.920326
1997-01-14,15:15,19.9,,7.2,61.1,0.0,W@1.7,99999.0,32.7,0.0,152,,"WSU TFREC, Wenatchee, Chelan County",330141,WSU TFREC,2017-11-21 18:30:00.920326
1997-01-14,15:30,19.7,,7.1,61.4,0.0,SW@1.0,99999.0,32.8,0.0,87,,"WSU TFREC, Wenatchee, Chelan County",330141,WSU TFREC,2017-11-21 18:30:00.920326
1997-01-14,15:45,16.5,,5.9,68.0,0.0,SW@1.6,99999.0,32.8,0.0,23,,"WSU TFREC, Wenatchee, Chelan County",330141,WSU TFREC,2017-11-21 18:30:00.920326
1997-01-14,16:00,14.5,,5.2,72.7,0.0,SW@1.9,99999.0,32.9,0.0,17,,"WSU TFREC, Wenatchee, Chelan County",330141,WSU TFREC,2017-11-21 18:30:00.920326
1997-01-14,16:15,12.7,,3.7,73.8,0.0,SW@1.2,99999.0,32.9,0.0,12,,"WSU TFREC, Wenatchee, Chelan County",330141,WSU TFREC,2017-11-21 18:30:00.920326
1997-01-14,16:30,12.0,,4.3,78.6,0.0,SW@1.7,99999.0,33.0,0.0,8,,"WSU TFREC, Wenatchee, Chelan County",330141,WSU TFREC,2017-11-21 18:30:00.920326
1997-01-14,16:45,11.3,,3.5,78.5,0.0,SE@0.9,99999.0,33.0,0.0,4,,"WSU TFREC, Wenatchee, Chelan County",330141,WSU TFREC,2017-11-21 18:30:00.920326
1997-01-14,17:00,10.9,,3.6,80.6,0.0,S@1.5,99999.0,33.1,0.0,1,,"WSU TFREC, Wenatchee, Chelan County",330141,WSU TFREC,2017-11-21 18:30:00.920326
1997-01-14,17:15,10.2,,3.2,81.7,0.0,S@0.9,99999.0,33.2,0.0,0,,"WSU TFREC, Wenatchee, Chelan County",330141,WSU TFREC,2017-11-21 18:30:00.920326
1997-01-14,17:30,10.4,,3.8,83.3,0.0,SW@1.4,99999.0,33.3,0.0,0,,"WSU TFREC, Wenatchee, Chelan County",330141,WSU TFREC,2017-11-21 18:30:00.920326
1997-01-14,17:45,10.2,,3.7,83.8,0.0,SW@1.6,99999.0,33.3,0.0,0,,"WSU TFREC, Wenatchee, Chelan County",330141,WSU TFREC,2017-11-21 18:30:00.920326
1997-01-14,18:00,10.6,,4.2,84.0,0.0,SW@1.6,99999.0,33.4,0.0,0,,"WSU TFREC, Wenatchee, Chelan County",330141,WSU TFREC,2017-11-21 18:30:00.920326
1997-01-14,18:15,10.9,,4.5,83.7,0.0,SW@0.9,99999.0,33.4,0.0,0,,"WSU TFREC, Wenatchee, Chelan County",330141,WSU TFREC,2017-11-21 18:30:00.920326
1997-01-14,18:30,10.0,,3.3,83.0,0.0,S@0.9,99999.0,33.4,0.0,0,,"WSU TFREC, Wenatchee, Chelan County",330141,WSU TFREC,2017-11-21 18:30:00.920326
1997-01-14,18:45,10.0,,3.6,84.0,0.0,S@0.9,99999.0,33.5,0.0,0,,"WSU TFREC, Wenatchee, Chelan County",330141,WSU TFREC,2017-11-21 18:30:00.920326
1997-01-14,19:00,9.1,,2.5,83.7,0.0,S@0.9,99999.0,33.5,0.0,0,,"WSU TFREC, Wenatchee, Chelan County",330141,WSU TFREC,2017-11-21 18:30:00.920326
1997-01-14,19:15,7.9,,1.2,84.1,0.0,S@0.9,99999.0,33.4,0.0,0,,"WSU TFREC, Wenatchee, Chelan County",330141,WSU TFREC,2017-11-21 18:30:00.920326
1997-01-14,19:30,7.5,,1.5,86.8,0.0,S@0.9,99999.0,33.4,0.0,0,,"WSU TFREC, Wenatchee, Chelan County",330141,WSU TFREC,2017-11-21 18:30:00.920326
1997-01-14,19:45,7.5,,1.6,86.9,0.0,S@0.9,99999.0,33.5,0.0,0,,"WSU TFREC, Wenatchee, Chelan County",330141,WSU TFREC,2017-11-21 18:30:00.920326
1997-01-14,20:00,7.3,,1.7,88.3,0.0,S@0.9,99999.0,33.5,0.0,0,,"WSU TFREC, Wenatchee, Chelan County",330141,WSU TFREC,2017-11-21 18:30:00.920326
1997-01-14,20:15,7.5,,2.0,88.7,0.0,S@0.9,99999.0,33.4,0.0,0,,"WSU TFREC, Wenatchee, Chelan County",330141,WSU TFREC,2017-11-21 18:30:00.920326
1997-01-14,20:30,6.8,,1.0,87.8,0.0,S@0.9,99999.0,33.5,0.0,0,,"WSU TFREC, Wenatchee, Chelan County",330141,WSU TFREC,2017-11-21 18:30:00.920326
1997-01-14,20:45,5.9,,-0.3,86.3,0.0,S@0.9,99999.0,33.4,0.0,0,,"WSU TFREC, Wenatchee, Chelan County",330141,WSU TFREC,2017-11-21 18:30:00.920326
1997-01-14,21:00,5.4,,-0.6,87.5,0.0,S@0.9,99999.0,33.4,0.0,0,,"WSU TFREC, Wenatchee, Chelan County",330141,WSU TFREC,2017-11-21 18:30:00.920326
1997-01-14,21:15,6.1,,0.6,89.5,0.0,S@0.9,99999.0,33.4,0.0,0,,"WSU TFREC, Wenatchee, Chelan County",330141,WSU TFREC,2017-11-21 18:30:00.920326
1997-01-14,21:30,6.3,,0.3,87.3,0.0,S@0.9,99999.0,33.5,0.0,0,,"WSU TFREC, Wenatchee, Chelan County",330141,WSU TFREC,2017-11-21 18:30:00.920326
1997-01-14,21:45,4.8,,-1.7,85.5,0.0,SE@0.9,99999.0,33.4,0.0,0,,"WSU TFREC, Wenatchee, Chelan County",330141,WSU TFREC,2017-11-21 18:30:00.920326
1997-01-14,22:00,3.9,,-2.3,87.2,0.0,S@0.9,99999.0,33.3,0.0,0,,"WSU TFREC, Wenatchee, Chelan County",330141,WSU TFREC,2017-11-21 18:30:00.920326
1997-01-14,22:15,4.3,,-1.6,88.4,0.0,S@0.9,99999.0,33.4,0.0,0,,"WSU TFREC, Wenatchee, Chelan County",330141,WSU TFREC,2017-11-21 18:30:00.920326
1997-01-14,22:30,4.8,,-1.4,86.7,0.0,S@0.9,99999.0,33.4,0.0,0,,"WSU TFREC, Wenatchee, Chelan County",330141,WSU TFREC,2017-11-21 18:30:00.920326
1997-01-14,22:45,3.0,,-3.9,84.7,0.0,S@0.9,99999.0,33.4,0.0,0,,"WSU TFREC, Wenatchee, Chelan County",330141,WSU TFREC,2017-11-21 18:30:00.920326
1997-01-14,23:00,4.1,,-1.7,88.6,0.0,S@0.9,99999.0,33.4,0.0,0,,"WSU TFREC, Wenatchee, Chelan County",330141,WSU TFREC,2017-11-21 18:30:00.920326
1997-01-14,23:15,4.6,,-1.2,88.3,0.0,S@0.9,99999.0,33.5,0.0,0,,"WSU TFREC, Wenatchee, Chelan County",330141,WSU TFREC,2017-11-21 18:30:00.920326
1997-01-14,23:30,5.2,,-1.0,86.7,0.0,S@0.9,99999.0,33.4,0.0,0,,"WSU TFREC, Wenatchee, Chelan County",330141,WSU TFREC,2017-11-21 18:30:00.920326
1997-01-14,23:45,3.7,,-3.0,85.0,0.0,SE@0.9,99999.0,33.4,0.0,0,,"WSU TFREC, Wenatchee, Chelan County",330141,WSU TFREC,2017-11-21 18:30:00.920326
1997-01-14,24:00,7.0,,1.6,89.4,0.0,S@1.7,99999.0,33.4,0.0,0,,"WSU TFREC, Wenatchee, Chelan County",330141,WSU TFREC,2017-11-21 18:30:00.920326
