Date,Time PST,Air Temp °F, 2<sup>nd</sup> Air Temp °F, Dew Point °F, Rel Hum %, Leaf Wet u., Wind Dir @ Speed mph, Wind Gust mph, 8 in. Soil Tmp °F, Tot Prec in, Solar Rad W/m², Atm. Press. inHg,Location,Station ID,Station Name,Download Timestamp
2017-08-03,00:15,65.0,64.9,50.1,58.3,0.0,N@0.0,0.0,82.8,0.0,0,29.99,"WSU TFREC, Wenatchee, Chelan County",330141,WSU TFREC,2017-11-26 01:44:20.800582
2017-08-03,00:30,63.8,63.8,49.6,60.0,0.0,N@0.0,0.0,82.8,0.0,0,29.99,"WSU TFREC, Wenatchee, Chelan County",330141,WSU TFREC,2017-11-26 01:44:20.800582
2017-08-03,00:45,63.6,63.5,49.3,59.5,0.0,S@0.9,3.9,82.8,0.0,0,29.99,"WSU TFREC, Wenatchee, Chelan County",330141,WSU TFREC,2017-11-26 01:44:20.800582
2017-08-03,01:00,63.2,63.2,49.7,61.3,0.0,N@0.0,0.0,82.8,0.0,0,30.0,"WSU TFREC, Wenatchee, Chelan County",330141,WSU TFREC,2017-11-26 01:44:20.800582
2017-08-03,01:15,63.5,63.3,49.2,59.6,0.0,N@0.0,0.0,82.7,0.0,0,30.0,"WSU TFREC, Wenatchee, Chelan County",330141,WSU TFREC,2017-11-26 01:44:20.800582
2017-08-03,01:30,63.3,63.3,49.5,60.6,0.0,N@0.0,0.0,82.7,0.0,0,30.0,"WSU TFREC, Wenatchee, Chelan County",330141,WSU TFREC,2017-11-26 01:44:20.800582
2017-08-03,01:45,61.9,61.8,49.4,63.4,0.0,N@0.0,0.0,82.7,0.0,0,30.0,"WSU TFREC, Wenatchee, Chelan County",330141,WSU TFREC,2017-11-26 01:44:20.800582
2017-08-03,02:00,61.2,61.0,48.5,62.7,0.0,N@0.0,0.0,82.6,0.0,0,30.0,"WSU TFREC, Wenatchee, Chelan County",330141,WSU TFREC,2017-11-26 01:44:20.800582
2017-08-03,02:15,60.8,60.6,48.5,63.7,0.0,N@0.0,0.0,82.6,0.0,0,30.01,"WSU TFREC, Wenatchee, Chelan County",330141,WSU TFREC,2017-11-26 01:44:20.800582
2017-08-03,02:30,60.0,59.9,48.5,65.7,0.0,N@0.0,0.0,82.6,0.0,0,30.01,"WSU TFREC, Wenatchee, Chelan County",330141,WSU TFREC,2017-11-26 01:44:20.800582
2017-08-03,02:45,61.5,61.3,48.0,61.1,0.0,SW@0.7,3.1,82.5,0.0,0,30.01,"WSU TFREC, Wenatchee, Chelan County",330141,WSU TFREC,2017-11-26 01:44:20.800582
2017-08-03,03:00,60.6,60.5,48.7,64.8,0.0,N@0.0,0.0,82.5,0.0,0,30.01,"WSU TFREC, Wenatchee, Chelan County",330141,WSU TFREC,2017-11-26 01:44:20.800582
2017-08-03,03:15,60.3,60.1,47.9,63.5,0.0,N@0.0,0.0,82.4,0.0,0,30.01,"WSU TFREC, Wenatchee, Chelan County",330141,WSU TFREC,2017-11-26 01:44:20.800582
2017-08-03,03:30,60.3,60.2,47.5,62.5,0.0,N@0.0,0.0,82.4,0.0,0,30.02,"WSU TFREC, Wenatchee, Chelan County",330141,WSU TFREC,2017-11-26 01:44:20.800582
2017-08-03,03:45,59.4,59.4,47.7,65.1,0.0,N@0.0,0.0,82.3,0.0,0,30.02,"WSU TFREC, Wenatchee, Chelan County",330141,WSU TFREC,2017-11-26 01:44:20.800582
2017-08-03,04:00,59.1,58.9,47.6,65.5,0.0,N@0.0,0.0,82.3,0.0,0,30.02,"WSU TFREC, Wenatchee, Chelan County",330141,WSU TFREC,2017-11-26 01:44:20.800582
2017-08-03,04:15,59.0,59.1,47.1,64.6,0.0,W@1.0,2.8,82.2,0.0,0,30.02,"WSU TFREC, Wenatchee, Chelan County",330141,WSU TFREC,2017-11-26 01:44:20.800582
2017-08-03,04:30,58.4,58.4,47.0,65.6,0.0,SW@0.0,1.7,82.2,0.0,0,30.03,"WSU TFREC, Wenatchee, Chelan County",330141,WSU TFREC,2017-11-26 01:44:20.800582
2017-08-03,04:45,58.6,58.4,46.6,64.4,0.0,N@0.0,0.0,82.1,0.0,2,30.03,"WSU TFREC, Wenatchee, Chelan County",330141,WSU TFREC,2017-11-26 01:44:20.800582
2017-08-03,05:00,58.1,57.8,46.8,66.1,0.0,N@0.0,0.0,82.1,0.0,6,30.03,"WSU TFREC, Wenatchee, Chelan County",330141,WSU TFREC,2017-11-26 01:44:20.800582
2017-08-03,05:15,57.9,57.8,47.3,67.5,0.0,N@0.0,0.0,82.0,0.0,15,30.03,"WSU TFREC, Wenatchee, Chelan County",330141,WSU TFREC,2017-11-26 01:44:20.800582
2017-08-03,05:30,58.2,58.1,48.3,69.4,0.0,N@0.0,0.0,82.0,0.0,29,30.04,"WSU TFREC, Wenatchee, Chelan County",330141,WSU TFREC,2017-11-26 01:44:20.800582
2017-08-03,05:45,59.2,59.1,49.3,69.6,0.0,N@0.0,0.0,81.9,0.0,50,30.04,"WSU TFREC, Wenatchee, Chelan County",330141,WSU TFREC,2017-11-26 01:44:20.800582
2017-08-03,06:00,61.3,61.1,50.6,67.7,0.0,N@0.0,0.0,81.8,0.0,75,30.04,"WSU TFREC, Wenatchee, Chelan County",330141,WSU TFREC,2017-11-26 01:44:20.800582
2017-08-03,06:15,63.5,63.3,51.9,65.8,0.0,N@0.0,0.0,81.8,0.0,106,30.04,"WSU TFREC, Wenatchee, Chelan County",330141,WSU TFREC,2017-11-26 01:44:20.800582
2017-08-03,06:30,67.0,66.5,53.2,61.0,0.0,N@0.0,0.0,81.7,0.0,142,30.05,"WSU TFREC, Wenatchee, Chelan County",330141,WSU TFREC,2017-11-26 01:44:20.800582
2017-08-03,06:45,69.3,68.9,49.7,49.7,0.0,N@0.0,0.0,81.7,0.0,178,30.04,"WSU TFREC, Wenatchee, Chelan County",330141,WSU TFREC,2017-11-26 01:44:20.800582
2017-08-03,07:00,69.8,70.1,49.6,48.6,0.0,N@0.0,0.0,81.6,0.0,215,30.04,"WSU TFREC, Wenatchee, Chelan County",330141,WSU TFREC,2017-11-26 01:44:20.800582
2017-08-03,07:15,71.3,71.6,49.3,45.6,0.0,S@0.6,2.8,81.6,0.0,250,30.04,"WSU TFREC, Wenatchee, Chelan County",330141,WSU TFREC,2017-11-26 01:44:20.800582
2017-08-03,07:30,72.9,73.0,47.7,40.7,0.0,SE@1.0,2.8,81.5,0.0,288,30.03,"WSU TFREC, Wenatchee, Chelan County",330141,WSU TFREC,2017-11-26 01:44:20.800582
2017-08-03,07:45,73.7,74.3,47.8,39.7,0.0,S@0.9,2.8,81.4,0.0,329,30.03,"WSU TFREC, Wenatchee, Chelan County",330141,WSU TFREC,2017-11-26 01:44:20.800582
2017-08-03,08:00,74.5,74.8,48.1,39.3,0.0,SE@1.6,3.5,81.4,0.0,369,30.03,"WSU TFREC, Wenatchee, Chelan County",330141,WSU TFREC,2017-11-26 01:44:20.800582
2017-08-03,08:15,76.1,76.5,48.0,36.9,0.0,SE@0.6,3.1,81.3,0.0,402,30.03,"WSU TFREC, Wenatchee, Chelan County",330141,WSU TFREC,2017-11-26 01:44:20.800582
2017-08-03,08:30,77.3,77.5,48.0,35.6,0.0,SE@1.4,3.1,81.2,0.0,443,30.03,"WSU TFREC, Wenatchee, Chelan County",330141,WSU TFREC,2017-11-26 01:44:20.800582
2017-08-03,08:45,77.7,78.4,48.8,36.2,0.0,SE@2.1,3.5,81.2,0.0,483,30.03,"WSU TFREC, Wenatchee, Chelan County",330141,WSU TFREC,2017-11-26 01:44:20.800582
2017-08-03,09:00,79.2,79.5,49.9,35.9,0.0,E@2.5,5.3,81.1,0.0,516,30.03,"WSU TFREC, Wenatchee, Chelan County",330141,WSU TFREC,2017-11-26 01:44:20.800582
2017-08-03,09:15,79.9,80.8,50.0,35.3,0.0,NE@2.3,5.3,81.1,0.0,555,30.02,"WSU TFREC, Wenatchee, Chelan County",330141,WSU TFREC,2017-11-26 01:44:20.800582
2017-08-03,09:30,81.0,81.3,50.0,33.9,0.0,NE@1.8,3.9,81.0,0.0,590,30.02,"WSU TFREC, Wenatchee, Chelan County",330141,WSU TFREC,2017-11-26 01:44:20.800582
2017-08-03,09:45,83.1,84.0,50.4,32.1,0.0,N@1.7,3.9,81.0,0.0,621,30.02,"WSU TFREC, Wenatchee, Chelan County",330141,WSU TFREC,2017-11-26 01:44:20.800582
2017-08-03,10:00,84.4,84.9,49.5,29.9,0.0,SE@2.0,3.9,80.9,0.0,650,30.02,"WSU TFREC, Wenatchee, Chelan County",330141,WSU TFREC,2017-11-26 01:44:20.800582
2017-08-03,10:15,84.7,84.9,49.1,29.1,0.0,SW@2.5,4.6,80.9,0.0,673,30.01,"WSU TFREC, Wenatchee, Chelan County",330141,WSU TFREC,2017-11-26 01:44:20.800582
2017-08-03,10:30,86.4,86.4,47.8,26.3,0.0,SE@2.1,3.9,80.8,0.0,689,30.0,"WSU TFREC, Wenatchee, Chelan County",330141,WSU TFREC,2017-11-26 01:44:20.800582
2017-08-03,10:45,87.0,87.2,47.3,25.3,0.0,E@2.9,7.4,80.8,0.0,714,30.0,"WSU TFREC, Wenatchee, Chelan County",330141,WSU TFREC,2017-11-26 01:44:20.800582
2017-08-03,11:00,87.4,88.5,46.9,24.6,0.0,N@2.2,5.3,80.8,0.0,728,29.99,"WSU TFREC, Wenatchee, Chelan County",330141,WSU TFREC,2017-11-26 01:44:20.800582
2017-08-03,11:15,90.1,90.1,47.2,22.9,0.0,NE@2.2,3.9,80.8,0.0,738,29.98,"WSU TFREC, Wenatchee, Chelan County",330141,WSU TFREC,2017-11-26 01:44:20.800582
2017-08-03,11:30,90.7,91.0,45.6,21.1,0.0,S@2.2,4.2,80.7,0.0,744,29.97,"WSU TFREC, Wenatchee, Chelan County",330141,WSU TFREC,2017-11-26 01:44:20.800582
2017-08-03,11:45,91.8,92.0,44.3,19.4,0.0,SE@2.9,4.9,80.7,0.0,758,29.96,"WSU TFREC, Wenatchee, Chelan County",330141,WSU TFREC,2017-11-26 01:44:20.800582
2017-08-03,12:00,93.3,93.4,43.7,18.1,0.0,SE@2.7,4.6,80.7,0.0,772,29.95,"WSU TFREC, Wenatchee, Chelan County",330141,WSU TFREC,2017-11-26 01:44:20.800582
2017-08-03,12:15,94.7,95.1,43.6,17.3,0.0,E@2.5,4.6,80.7,0.0,782,29.95,"WSU TFREC, Wenatchee, Chelan County",330141,WSU TFREC,2017-11-26 01:44:20.800582
2017-08-03,12:30,95.9,96.3,42.0,15.7,0.0,E@2.3,3.9,80.7,0.0,790,29.94,"WSU TFREC, Wenatchee, Chelan County",330141,WSU TFREC,2017-11-26 01:44:20.800582
2017-08-03,12:45,96.3,96.6,37.3,12.9,0.0,E@2.7,5.3,80.8,0.0,783,29.93,"WSU TFREC, Wenatchee, Chelan County",330141,WSU TFREC,2017-11-26 01:44:20.800582
2017-08-03,13:00,97.5,97.9,38.1,12.8,0.0,E@2.4,4.6,80.8,0.0,768,29.92,"WSU TFREC, Wenatchee, Chelan County",330141,WSU TFREC,2017-11-26 01:44:20.800582
2017-08-03,13:15,98.6,99.0,37.7,12.2,0.0,NE@2.5,4.6,80.8,0.0,762,29.91,"WSU TFREC, Wenatchee, Chelan County",330141,WSU TFREC,2017-11-26 01:44:20.800582
2017-08-03,13:30,100.0,100.0,37.8,11.7,0.0,S@2.6,4.9,80.8,0.0,746,29.9,"WSU TFREC, Wenatchee, Chelan County",330141,WSU TFREC,2017-11-26 01:44:20.800582
2017-08-03,13:45,100.8,100.7,37.3,11.3,0.0,SE@2.5,4.2,80.9,0.0,721,29.89,"WSU TFREC, Wenatchee, Chelan County",330141,WSU TFREC,2017-11-26 01:44:20.800582
2017-08-03,14:00,101.0,100.9,36.6,10.9,0.0,SE@2.1,5.3,80.9,0.0,694,29.88,"WSU TFREC, Wenatchee, Chelan County",330141,WSU TFREC,2017-11-26 01:44:20.800582
2017-08-03,14:15,101.7,101.9,38.8,11.6,0.0,SE@2.6,7.1,81.0,0.0,668,29.87,"WSU TFREC, Wenatchee, Chelan County",330141,WSU TFREC,2017-11-26 01:44:20.800582
2017-08-03,14:30,101.4,101.4,37.4,11.1,0.0,SE@3.3,7.1,81.0,0.0,639,29.86,"WSU TFREC, Wenatchee, Chelan County",330141,WSU TFREC,2017-11-26 01:44:20.800582
2017-08-03,14:45,101.7,101.9,36.5,10.6,0.0,SE@3.1,6.7,81.1,0.0,611,29.85,"WSU TFREC, Wenatchee, Chelan County",330141,WSU TFREC,2017-11-26 01:44:20.800582
2017-08-03,15:00,101.7,101.8,35.9,10.4,0.0,E@3.5,6.0,81.1,0.0,583,29.85,"WSU TFREC, Wenatchee, Chelan County",330141,WSU TFREC,2017-11-26 01:44:20.800582
2017-08-03,15:15,101.7,101.7,36.6,10.6,0.0,SE@3.7,7.1,81.2,0.0,545,29.84,"WSU TFREC, Wenatchee, Chelan County",330141,WSU TFREC,2017-11-26 01:44:20.800582
2017-08-03,15:30,101.6,101.6,41.2,12.8,0.0,SE@3.7,6.4,81.3,0.0,502,29.84,"WSU TFREC, Wenatchee, Chelan County",330141,WSU TFREC,2017-11-26 01:44:20.800582
2017-08-03,15:45,101.1,101.2,42.8,13.8,0.0,E@4.2,8.5,81.3,0.0,470,29.83,"WSU TFREC, Wenatchee, Chelan County",330141,WSU TFREC,2017-11-26 01:44:20.800582
2017-08-03,16:00,100.5,100.5,43.5,14.4,0.0,E@4.3,8.2,81.4,0.0,430,29.83,"WSU TFREC, Wenatchee, Chelan County",330141,WSU TFREC,2017-11-26 01:44:20.800582
2017-08-03,16:15,100.6,100.6,44.2,14.8,0.0,SE@4.4,8.5,81.5,0.0,395,29.82,"WSU TFREC, Wenatchee, Chelan County",330141,WSU TFREC,2017-11-26 01:44:20.800582
2017-08-03,16:30,100.3,100.3,45.9,16.0,0.0,SE@4.0,7.4,81.6,0.0,357,29.82,"WSU TFREC, Wenatchee, Chelan County",330141,WSU TFREC,2017-11-26 01:44:20.800582
2017-08-03,16:45,99.8,99.8,46.3,16.4,0.0,E@3.5,6.7,81.7,0.0,317,29.82,"WSU TFREC, Wenatchee, Chelan County",330141,WSU TFREC,2017-11-26 01:44:20.800582
2017-08-03,17:00,99.5,99.6,46.9,17.0,0.0,E@3.0,6.0,81.7,0.0,278,29.81,"WSU TFREC, Wenatchee, Chelan County",330141,WSU TFREC,2017-11-26 01:44:20.800582
2017-08-03,17:15,98.8,98.9,47.4,17.6,0.0,SE@3.2,6.4,81.8,0.0,243,29.81,"WSU TFREC, Wenatchee, Chelan County",330141,WSU TFREC,2017-11-26 01:44:20.800582
2017-08-03,17:30,98.0,98.1,47.6,18.2,0.0,S@3.4,7.4,81.9,0.0,209,29.8,"WSU TFREC, Wenatchee, Chelan County",330141,WSU TFREC,2017-11-26 01:44:20.800582
2017-08-03,17:45,96.6,96.7,50.6,21.2,0.0,S@2.2,6.4,82.0,0.0,173,29.8,"WSU TFREC, Wenatchee, Chelan County",330141,WSU TFREC,2017-11-26 01:44:20.800582
2017-08-03,18:00,94.9,94.8,51.7,23.3,0.0,S@1.3,4.9,82.1,0.0,139,29.8,"WSU TFREC, Wenatchee, Chelan County",330141,WSU TFREC,2017-11-26 01:44:20.800582
2017-08-03,18:15,90.2,90.7,56.7,32.4,0.0,SW@0.0,1.4,82.1,0.0,108,29.8,"WSU TFREC, Wenatchee, Chelan County",330141,WSU TFREC,2017-11-26 01:44:20.800582
2017-08-03,18:30,87.6,88.3,57.6,36.4,0.0,SW@0.4,2.8,82.2,0.0,80,29.8,"WSU TFREC, Wenatchee, Chelan County",330141,WSU TFREC,2017-11-26 01:44:20.800582
2017-08-03,18:45,84.7,84.9,56.6,38.5,0.0,S@0.3,2.1,82.3,0.0,43,29.8,"WSU TFREC, Wenatchee, Chelan County",330141,WSU TFREC,2017-11-26 01:44:20.800582
2017-08-03,19:00,82.4,82.4,55.3,39.4,0.0,SE@0.2,1.7,82.4,0.0,30,29.8,"WSU TFREC, Wenatchee, Chelan County",330141,WSU TFREC,2017-11-26 01:44:20.800582
2017-08-03,19:15,81.3,81.2,54.2,39.3,0.0,S@0.7,2.8,82.4,0.0,19,29.79,"WSU TFREC, Wenatchee, Chelan County",330141,WSU TFREC,2017-11-26 01:44:20.800582
2017-08-03,19:30,80.3,80.4,53.0,38.9,0.0,SW@1.0,3.1,82.5,0.0,9,29.79,"WSU TFREC, Wenatchee, Chelan County",330141,WSU TFREC,2017-11-26 01:44:20.800582
2017-08-03,19:45,78.3,78.4,55.2,45.0,0.0,S@0.5,2.4,82.6,0.0,3,29.79,"WSU TFREC, Wenatchee, Chelan County",330141,WSU TFREC,2017-11-26 01:44:20.800582
2017-08-03,20:00,76.7,76.6,53.5,44.4,0.0,N@0.0,0.0,82.6,0.0,0,29.79,"WSU TFREC, Wenatchee, Chelan County",330141,WSU TFREC,2017-11-26 01:44:20.800582
2017-08-03,20:15,77.8,77.6,50.8,38.9,0.0,S@1.6,3.5,82.7,0.0,0,29.79,"WSU TFREC, Wenatchee, Chelan County",330141,WSU TFREC,2017-11-26 01:44:20.800582
2017-08-03,20:30,78.6,78.4,51.4,38.8,0.0,SW@0.5,3.1,82.7,0.0,0,29.79,"WSU TFREC, Wenatchee, Chelan County",330141,WSU TFREC,2017-11-26 01:44:20.800582
2017-08-03,20:45,77.3,77.0,50.8,39.4,0.0,N@0.0,0.0,82.8,0.0,0,29.8,"WSU TFREC, Wenatchee, Chelan County",330141,WSU TFREC,2017-11-26 01:44:20.800582
2017-08-03,21:00,76.3,76.2,50.7,40.6,0.0,N@0.0,0.0,82.8,0.0,0,29.8,"WSU TFREC, Wenatchee, Chelan County",330141,WSU TFREC,2017-11-26 01:44:20.800582
2017-08-03,21:15,74.6,74.6,51.9,44.9,0.0,N@0.0,0.0,82.9,0.0,0,29.8,"WSU TFREC, Wenatchee, Chelan County",330141,WSU TFREC,2017-11-26 01:44:20.800582
2017-08-03,21:30,73.3,73.4,51.9,46.9,0.0,N@0.0,0.0,82.9,0.0,0,29.8,"WSU TFREC, Wenatchee, Chelan County",330141,WSU TFREC,2017-11-26 01:44:20.800582
2017-08-03,21:45,71.9,71.9,51.7,48.9,0.0,N@0.0,0.0,83.0,0.0,0,29.8,"WSU TFREC, Wenatchee, Chelan County",330141,WSU TFREC,2017-11-26 01:44:20.800582
2017-08-03,22:00,71.6,71.6,49.8,46.0,0.0,N@0.0,0.0,83.0,0.0,0,29.79,"WSU TFREC, Wenatchee, Chelan County",330141,WSU TFREC,2017-11-26 01:44:20.800582
2017-08-03,22:15,72.1,71.9,48.5,43.1,0.0,N@0.0,0.0,83.0,0.0,0,29.8,"WSU TFREC, Wenatchee, Chelan County",330141,WSU TFREC,2017-11-26 01:44:20.800582
2017-08-03,22:30,70.5,70.4,49.0,46.3,0.0,N@0.0,0.0,83.0,0.0,0,29.8,"WSU TFREC, Wenatchee, Chelan County",330141,WSU TFREC,2017-11-26 01:44:20.800582
2017-08-03,22:45,69.9,69.9,51.3,51.5,0.0,N@0.0,0.0,83.0,0.0,0,29.8,"WSU TFREC, Wenatchee, Chelan County",330141,WSU TFREC,2017-11-26 01:44:20.800582
2017-08-03,23:00,70.9,70.7,52.1,51.3,0.0,S@0.8,2.8,83.1,0.0,0,29.8,"WSU TFREC, Wenatchee, Chelan County",330141,WSU TFREC,2017-11-26 01:44:20.800582
2017-08-04,23:15,73.4,73.3,52.1,47.2,0.0,S@2.5,4.6,83.1,0.0,0,29.8,"WSU TFREC, Wenatchee, Chelan County",330141,WSU TFREC,2017-11-26 01:44:20.800582
2017-08-04,23:30,74.2,74.3,51.1,44.3,0.0,SW@2.3,4.2,83.1,0.0,0,29.8,"WSU TFREC, Wenatchee, Chelan County",330141,WSU TFREC,2017-11-26 01:44:20.800582
2017-08-04,23:45,70.9,71.0,51.9,51.0,0.0,N@0.0,0.0,83.1,0.0,0,29.8,"WSU TFREC, Wenatchee, Chelan County",330141,WSU TFREC,2017-11-26 01:44:20.800582
2017-08-04,24:00,68.2,68.3,51.7,55.5,0.0,SW@0.4,2.8,83.1,0.0,0,29.81,"WSU TFREC, Wenatchee, Chelan County",330141,WSU TFREC,2017-11-26 01:44:20.800582
2017-08-04,00:15,68.5,68.4,50.3,52.3,0.0,S@0.3,2.8,83.1,0.0,0,29.81,"WSU TFREC, Wenatchee, Chelan County",330141,WSU TFREC,2017-11-26 01:44:20.800582
2017-08-04,00:30,70.8,70.8,48.5,45.1,0.0,SW@2.4,5.3,83.1,0.0,0,29.81,"WSU TFREC, Wenatchee, Chelan County",330141,WSU TFREC,2017-11-26 01:44:20.800582
2017-08-04,00:45,71.6,71.7,47.8,42.7,0.0,S@2.5,3.9,83.1,0.0,0,29.81,"WSU TFREC, Wenatchee, Chelan County",330141,WSU TFREC,2017-11-26 01:44:20.800582
2017-08-04,01:00,72.3,72.3,47.1,40.7,0.0,SW@2.2,4.2,83.0,0.0,0,29.8,"WSU TFREC, Wenatchee, Chelan County",330141,WSU TFREC,2017-11-26 01:44:20.800582
2017-08-04,01:15,69.7,69.8,48.8,47.2,0.0,SW@1.0,3.5,83.0,0.0,0,29.8,"WSU TFREC, Wenatchee, Chelan County",330141,WSU TFREC,2017-11-26 01:44:20.800582
2017-08-04,01:30,67.3,67.3,47.9,49.6,0.0,SW@1.1,3.9,83.0,0.0,0,29.79,"WSU TFREC, Wenatchee, Chelan County",330141,WSU TFREC,2017-11-26 01:44:20.800582
2017-08-04,01:45,66.0,66.2,47.7,51.5,0.0,W@2.3,3.5,83.0,0.0,0,29.8,"WSU TFREC, Wenatchee, Chelan County",330141,WSU TFREC,2017-11-26 01:44:20.800582
2017-08-04,02:00,65.8,65.8,47.1,50.7,0.0,SW@1.0,3.1,82.9,0.0,0,29.8,"WSU TFREC, Wenatchee, Chelan County",330141,WSU TFREC,2017-11-26 01:44:20.800582
2017-08-04,02:15,63.9,63.9,47.9,56.0,0.0,W@1.5,4.6,82.9,0.0,0,29.8,"WSU TFREC, Wenatchee, Chelan County",330141,WSU TFREC,2017-11-26 01:44:20.800582
2017-08-04,02:30,66.0,66.3,44.6,45.8,0.0,W@2.1,4.6,82.9,0.0,0,29.81,"WSU TFREC, Wenatchee, Chelan County",330141,WSU TFREC,2017-11-26 01:44:20.800582
2017-08-04,02:45,64.5,64.6,45.6,50.4,0.0,SW@2.1,4.2,82.8,0.0,0,29.81,"WSU TFREC, Wenatchee, Chelan County",330141,WSU TFREC,2017-11-26 01:44:20.800582
2017-08-04,03:00,65.3,65.2,46.0,49.7,0.0,W@1.7,3.9,82.8,0.0,0,29.81,"WSU TFREC, Wenatchee, Chelan County",330141,WSU TFREC,2017-11-26 01:44:20.800582
2017-08-04,03:15,62.8,62.8,47.2,56.8,0.0,SW@0.8,2.4,82.8,0.0,0,29.81,"WSU TFREC, Wenatchee, Chelan County",330141,WSU TFREC,2017-11-26 01:44:20.800582
2017-08-04,03:30,62.1,62.0,47.1,57.8,0.0,SW@1.0,2.8,82.7,0.0,0,29.81,"WSU TFREC, Wenatchee, Chelan County",330141,WSU TFREC,2017-11-26 01:44:20.800582
2017-08-04,03:45,62.4,62.4,46.0,54.9,0.0,S@1.9,3.1,82.7,0.0,0,29.81,"WSU TFREC, Wenatchee, Chelan County",330141,WSU TFREC,2017-11-26 01:44:20.800582
2017-08-04,04:00,62.8,62.8,45.8,53.7,0.0,S@1.4,3.1,82.7,0.0,0,29.81,"WSU TFREC, Wenatchee, Chelan County",330141,WSU TFREC,2017-11-26 01:44:20.800582
2017-08-04,04:15,61.8,61.8,46.0,56.1,0.0,SW@1.7,3.5,82.6,0.0,0,29.82,"WSU TFREC, Wenatchee, Chelan County",330141,WSU TFREC,2017-11-26 01:44:20.800582
2017-08-04,04:30,61.2,61.2,46.3,57.9,0.0,W@1.3,3.1,82.5,0.0,0,29.82,"WSU TFREC, Wenatchee, Chelan County",330141,WSU TFREC,2017-11-26 01:44:20.800582
2017-08-04,04:45,60.9,60.8,46.7,59.6,0.0,S@0.9,2.4,82.5,0.0,2,29.82,"WSU TFREC, Wenatchee, Chelan County",330141,WSU TFREC,2017-11-26 01:44:20.800582
2017-08-04,05:00,59.8,59.8,46.9,62.3,0.0,W@0.9,2.4,82.4,0.0,7,29.83,"WSU TFREC, Wenatchee, Chelan County",330141,WSU TFREC,2017-11-26 01:44:20.800582
2017-08-04,05:15,59.2,59.2,46.9,63.6,0.0,SW@0.1,1.7,82.4,0.0,16,29.83,"WSU TFREC, Wenatchee, Chelan County",330141,WSU TFREC,2017-11-26 01:44:20.800582
2017-08-04,05:30,60.5,60.4,46.7,60.3,0.0,SW@0.0,1.4,82.3,0.0,33,29.84,"WSU TFREC, Wenatchee, Chelan County",330141,WSU TFREC,2017-11-26 01:44:20.800582
2017-08-04,05:45,61.5,61.4,48.0,61.2,0.0,S@0.3,2.4,82.3,0.0,57,29.84,"WSU TFREC, Wenatchee, Chelan County",330141,WSU TFREC,2017-11-26 01:44:20.800582
2017-08-04,06:00,64.0,63.9,49.8,59.9,0.0,SE@0.0,1.4,82.2,0.0,84,29.84,"WSU TFREC, Wenatchee, Chelan County",330141,WSU TFREC,2017-11-26 01:44:20.800582
2017-08-04,06:15,65.8,65.8,51.4,59.5,0.0,S@0.5,2.4,82.2,0.0,114,29.84,"WSU TFREC, Wenatchee, Chelan County",330141,WSU TFREC,2017-11-26 01:44:20.800582
2017-08-04,06:30,68.7,68.2,52.4,56.0,0.0,SW@0.2,2.1,82.1,0.0,147,29.84,"WSU TFREC, Wenatchee, Chelan County",330141,WSU TFREC,2017-11-26 01:44:20.800582
2017-08-04,06:45,71.0,70.6,51.7,50.4,0.0,N@0.0,0.0,82.1,0.0,178,29.84,"WSU TFREC, Wenatchee, Chelan County",330141,WSU TFREC,2017-11-26 01:44:20.800582
2017-08-04,07:00,73.2,73.1,49.6,43.4,0.0,N@0.0,0.0,82.0,0.0,205,29.84,"WSU TFREC, Wenatchee, Chelan County",330141,WSU TFREC,2017-11-26 01:44:20.800582
2017-08-04,07:15,73.1,73.2,48.3,41.4,0.0,SW@1.7,4.6,81.9,0.0,237,29.84,"WSU TFREC, Wenatchee, Chelan County",330141,WSU TFREC,2017-11-26 01:44:20.800582
2017-08-04,07:30,74.3,74.6,47.9,39.2,0.0,S@2.2,3.9,81.9,0.0,268,29.84,"WSU TFREC, Wenatchee, Chelan County",330141,WSU TFREC,2017-11-26 01:44:20.800582
2017-08-04,07:45,75.9,76.2,47.6,36.7,0.0,SE@2.2,3.5,81.8,0.0,303,29.84,"WSU TFREC, Wenatchee, Chelan County",330141,WSU TFREC,2017-11-26 01:44:20.800582
2017-08-04,08:00,77.5,77.9,47.0,34.1,0.0,S@2.4,3.9,81.7,0.0,351,29.84,"WSU TFREC, Wenatchee, Chelan County",330141,WSU TFREC,2017-11-26 01:44:20.800582
2017-08-04,08:15,78.2,78.5,46.4,32.5,0.0,SE@2.3,4.2,81.7,0.0,369,29.84,"WSU TFREC, Wenatchee, Chelan County",330141,WSU TFREC,2017-11-26 01:44:20.800582
2017-08-04,08:30,80.1,80.4,46.3,30.4,0.0,S@1.3,3.1,81.6,0.0,403,29.84,"WSU TFREC, Wenatchee, Chelan County",330141,WSU TFREC,2017-11-26 01:44:20.800582
2017-08-04,08:45,79.9,80.2,47.6,32.1,0.0,S@2.8,4.2,81.6,0.0,421,29.84,"WSU TFREC, Wenatchee, Chelan County",330141,WSU TFREC,2017-11-26 01:44:20.800582
2017-08-04,09:00,80.6,80.7,47.1,30.8,0.0,SE@3.3,6.4,81.5,0.0,438,29.84,"WSU TFREC, Wenatchee, Chelan County",330141,WSU TFREC,2017-11-26 01:44:20.800582
2017-08-04,09:15,81.0,81.1,46.9,30.2,0.0,SE@2.9,5.7,81.5,0.0,457,29.84,"WSU TFREC, Wenatchee, Chelan County",330141,WSU TFREC,2017-11-26 01:44:20.800582
2017-08-04,09:30,81.6,81.9,47.0,29.8,0.0,NE@3.1,5.3,81.4,0.0,487,29.84,"WSU TFREC, Wenatchee, Chelan County",330141,WSU TFREC,2017-11-26 01:44:20.800582
2017-08-04,09:45,82.8,83.3,44.2,25.8,0.0,NE@2.0,4.9,81.4,0.0,533,29.84,"WSU TFREC, Wenatchee, Chelan County",330141,WSU TFREC,2017-11-26 01:44:20.800582
2017-08-04,10:00,84.7,84.9,43.8,23.9,0.0,SE@2.2,4.6,81.3,0.0,573,29.84,"WSU TFREC, Wenatchee, Chelan County",330141,WSU TFREC,2017-11-26 01:44:20.800582
2017-08-04,10:15,85.1,85.3,41.7,21.8,0.0,E@2.6,4.9,81.3,0.0,609,29.83,"WSU TFREC, Wenatchee, Chelan County",330141,WSU TFREC,2017-11-26 01:44:20.800582
2017-08-04,10:30,86.0,86.3,43.3,22.4,0.0,NE@2.3,4.6,81.2,0.0,632,29.83,"WSU TFREC, Wenatchee, Chelan County",330141,WSU TFREC,2017-11-26 01:44:20.800582
2017-08-04,10:45,86.6,87.1,42.6,21.4,0.0,NE@2.9,6.0,81.2,0.0,670,29.82,"WSU TFREC, Wenatchee, Chelan County",330141,WSU TFREC,2017-11-26 01:44:20.800582
2017-08-04,11:00,87.7,88.2,39.3,18.2,0.0,NE@2.5,4.2,81.2,0.0,662,29.82,"WSU TFREC, Wenatchee, Chelan County",330141,WSU TFREC,2017-11-26 01:44:20.800582
2017-08-04,11:15,87.9,88.6,39.3,18.1,0.0,NE@3.5,6.4,81.2,0.0,712,29.81,"WSU TFREC, Wenatchee, Chelan County",330141,WSU TFREC,2017-11-26 01:44:20.800582
2017-08-04,11:30,90.0,90.0,41.5,18.4,0.0,N@2.6,4.9,81.1,0.0,773,29.81,"WSU TFREC, Wenatchee, Chelan County",330141,WSU TFREC,2017-11-26 01:44:20.800582
2017-08-04,11:45,90.5,91.0,41.0,17.8,0.0,NW@2.2,5.7,81.1,0.0,788,29.8,"WSU TFREC, Wenatchee, Chelan County",330141,WSU TFREC,2017-11-26 01:44:20.800582
2017-08-04,12:00,91.6,92.1,40.8,17.1,0.0,NE@2.7,5.3,81.1,0.0,793,29.79,"WSU TFREC, Wenatchee, Chelan County",330141,WSU TFREC,2017-11-26 01:44:20.800582
2017-08-04,12:15,92.2,93.2,45.4,20.0,0.0,NE@3.3,6.4,81.1,0.0,796,29.78,"WSU TFREC, Wenatchee, Chelan County",330141,WSU TFREC,2017-11-26 01:44:20.800582
2017-08-04,12:30,91.4,92.1,45.1,20.3,0.0,N@4.7,8.2,81.1,0.0,790,29.77,"WSU TFREC, Wenatchee, Chelan County",330141,WSU TFREC,2017-11-26 01:44:20.800582
2017-08-04,12:45,91.5,92.1,42.4,18.3,0.0,NE@3.8,7.4,81.1,0.0,782,29.77,"WSU TFREC, Wenatchee, Chelan County",330141,WSU TFREC,2017-11-26 01:44:20.800582
2017-08-04,13:00,93.0,93.5,42.9,17.7,0.0,N@4.2,6.7,81.1,0.0,771,29.77,"WSU TFREC, Wenatchee, Chelan County",330141,WSU TFREC,2017-11-26 01:44:20.800582
2017-08-04,13:15,93.2,93.6,40.9,16.3,0.0,N@4.3,8.9,81.2,0.0,736,29.77,"WSU TFREC, Wenatchee, Chelan County",330141,WSU TFREC,2017-11-26 01:44:20.800582
2017-08-04,13:30,94.1,94.7,41.2,16.1,0.0,N@3.7,8.5,81.2,0.0,687,29.76,"WSU TFREC, Wenatchee, Chelan County",330141,WSU TFREC,2017-11-26 01:44:20.800582
2017-08-04,13:45,94.9,95.1,42.1,16.3,0.0,N@3.3,6.7,81.2,0.0,662,29.75,"WSU TFREC, Wenatchee, Chelan County",330141,WSU TFREC,2017-11-26 01:44:20.800582
2017-08-04,14:00,95.9,96.0,42.0,15.7,0.0,NE@2.0,5.3,81.2,0.0,632,29.75,"WSU TFREC, Wenatchee, Chelan County",330141,WSU TFREC,2017-11-26 01:44:20.800582
2017-08-04,14:15,96.8,97.3,42.3,15.5,0.0,NE@2.4,5.3,81.3,0.0,595,29.74,"WSU TFREC, Wenatchee, Chelan County",330141,WSU TFREC,2017-11-26 01:44:20.800582
2017-08-04,14:30,96.5,96.9,42.6,15.8,0.0,N@2.7,6.4,81.3,0.0,564,29.74,"WSU TFREC, Wenatchee, Chelan County",330141,WSU TFREC,2017-11-26 01:44:20.800582
2017-08-04,14:45,95.4,95.9,42.9,16.4,0.0,N@4.4,7.1,81.4,0.0,521,29.73,"WSU TFREC, Wenatchee, Chelan County",330141,WSU TFREC,2017-11-26 01:44:20.800582
2017-08-04,15:00,95.2,95.6,43.1,16.7,0.0,N@3.7,7.1,81.4,0.0,480,29.73,"WSU TFREC, Wenatchee, Chelan County",330141,WSU TFREC,2017-11-26 01:44:20.800582
2017-08-04,15:15,95.5,95.9,42.3,16.1,0.0,N@3.2,5.7,81.5,0.0,445,29.73,"WSU TFREC, Wenatchee, Chelan County",330141,WSU TFREC,2017-11-26 01:44:20.800582
2017-08-04,15:30,95.2,95.5,43.1,16.7,0.0,N@3.4,6.0,81.6,0.0,419,29.73,"WSU TFREC, Wenatchee, Chelan County",330141,WSU TFREC,2017-11-26 01:44:20.800582
2017-08-04,15:45,94.8,95.1,43.1,16.9,0.0,N@3.5,5.7,81.6,0.0,376,29.73,"WSU TFREC, Wenatchee, Chelan County",330141,WSU TFREC,2017-11-26 01:44:20.800582
2017-08-04,16:00,94.8,95.2,43.3,17.0,0.0,N@2.9,6.0,81.7,0.0,326,29.72,"WSU TFREC, Wenatchee, Chelan County",330141,WSU TFREC,2017-11-26 01:44:20.800582
2017-08-04,16:15,95.0,95.0,45.0,18.1,0.0,N@1.4,3.5,81.8,0.0,295,29.72,"WSU TFREC, Wenatchee, Chelan County",330141,WSU TFREC,2017-11-26 01:44:20.800582
2017-08-04,16:30,94.6,94.8,43.9,17.5,0.0,N@2.0,4.9,81.8,0.0,263,29.73,"WSU TFREC, Wenatchee, Chelan County",330141,WSU TFREC,2017-11-26 01:44:20.800582
2017-08-04,16:45,93.9,93.8,47.3,20.4,0.0,N@1.8,4.2,81.9,0.0,229,29.73,"WSU TFREC, Wenatchee, Chelan County",330141,WSU TFREC,2017-11-26 01:44:20.800582
2017-08-04,17:00,91.8,91.9,52.0,25.9,0.0,W@1.5,3.5,82.0,0.0,195,29.73,"WSU TFREC, Wenatchee, Chelan County",330141,WSU TFREC,2017-11-26 01:44:20.800582
2017-08-04,17:15,90.1,90.3,51.1,26.5,0.0,W@0.9,3.1,82.0,0.0,162,29.73,"WSU TFREC, Wenatchee, Chelan County",330141,WSU TFREC,2017-11-26 01:44:20.800582
2017-08-04,17:30,88.9,89.1,50.0,26.3,0.0,NW@2.0,4.2,82.1,0.0,140,29.73,"WSU TFREC, Wenatchee, Chelan County",330141,WSU TFREC,2017-11-26 01:44:20.800582
2017-08-04,17:45,89.7,89.7,46.7,22.7,0.0,N@2.4,5.3,82.2,0.0,114,29.73,"WSU TFREC, Wenatchee, Chelan County",330141,WSU TFREC,2017-11-26 01:44:20.800582
2017-08-04,18:00,87.7,87.6,47.2,24.7,0.0,SW@2.0,3.5,82.3,0.0,89,29.74,"WSU TFREC, Wenatchee, Chelan County",330141,WSU TFREC,2017-11-26 01:44:20.800582
2017-08-04,18:15,85.6,85.8,47.2,26.4,0.0,S@0.1,2.4,82.3,0.0,73,29.74,"WSU TFREC, Wenatchee, Chelan County",330141,WSU TFREC,2017-11-26 01:44:20.800582
2017-08-04,18:30,85.2,85.3,44.7,24.3,0.0,SW@1.9,4.2,82.4,0.0,58,29.74,"WSU TFREC, Wenatchee, Chelan County",330141,WSU TFREC,2017-11-26 01:44:20.800582
2017-08-04,18:45,83.6,83.9,45.0,25.8,0.0,SW@1.5,4.2,82.5,0.0,40,29.75,"WSU TFREC, Wenatchee, Chelan County",330141,WSU TFREC,2017-11-26 01:44:20.800582
2017-08-04,19:00,82.5,82.6,44.3,26.1,0.0,SW@1.0,3.9,82.5,0.0,24,29.75,"WSU TFREC, Wenatchee, Chelan County",330141,WSU TFREC,2017-11-26 01:44:20.800582
2017-08-04,19:15,81.7,81.9,43.6,26.1,0.0,SW@1.4,4.6,82.6,0.0,12,29.75,"WSU TFREC, Wenatchee, Chelan County",330141,WSU TFREC,2017-11-26 01:44:20.800582
2017-08-04,19:30,78.9,78.9,46.6,32.0,0.0,SW@0.4,2.8,82.6,0.0,5,29.75,"WSU TFREC, Wenatchee, Chelan County",330141,WSU TFREC,2017-11-26 01:44:20.800582
2017-08-04,19:45,77.0,77.0,46.9,34.5,0.0,S@1.2,2.8,82.7,0.0,1,29.75,"WSU TFREC, Wenatchee, Chelan County",330141,WSU TFREC,2017-11-26 01:44:20.800582
2017-08-04,20:00,75.1,75.2,46.8,36.6,0.0,N@0.0,0.0,82.7,0.0,0,29.75,"WSU TFREC, Wenatchee, Chelan County",330141,WSU TFREC,2017-11-26 01:44:20.800582
2017-08-04,20:15,73.7,73.6,47.7,39.8,0.0,SW@0.7,2.8,82.8,0.0,0,29.76,"WSU TFREC, Wenatchee, Chelan County",330141,WSU TFREC,2017-11-26 01:44:20.800582
2017-08-04,20:30,73.8,73.8,46.8,38.3,0.0,SW@1.5,3.1,82.8,0.0,0,29.76,"WSU TFREC, Wenatchee, Chelan County",330141,WSU TFREC,2017-11-26 01:44:20.800582
2017-08-04,20:45,73.1,73.2,47.2,39.8,0.0,S@0.9,2.8,82.9,0.0,0,29.76,"WSU TFREC, Wenatchee, Chelan County",330141,WSU TFREC,2017-11-26 01:44:20.800582
2017-08-04,21:00,72.6,72.7,46.9,39.8,0.0,W@1.3,3.1,82.9,0.0,0,29.77,"WSU TFREC, Wenatchee, Chelan County",330141,WSU TFREC,2017-11-26 01:44:20.800582
2017-08-04,21:15,72.0,71.9,47.8,42.1,0.0,SW@0.2,1.7,82.9,0.0,0,29.77,"WSU TFREC, Wenatchee, Chelan County",330141,WSU TFREC,2017-11-26 01:44:20.800582
2017-08-04,21:30,71.3,71.3,49.4,45.8,0.0,SW@1.2,3.1,83.0,0.0,0,29.77,"WSU TFREC, Wenatchee, Chelan County",330141,WSU TFREC,2017-11-26 01:44:20.800582
2017-08-04,21:45,71.6,71.9,48.9,44.5,0.0,NW@2.2,3.1,83.0,0.0,0,29.77,"WSU TFREC, Wenatchee, Chelan County",330141,WSU TFREC,2017-11-26 01:44:20.800582
2017-08-04,22:00,72.1,72.2,48.5,43.1,0.0,SW@0.9,3.1,83.0,0.0,0,29.78,"WSU TFREC, Wenatchee, Chelan County",330141,WSU TFREC,2017-11-26 01:44:20.800582
2017-08-04,22:15,70.5,70.5,48.7,45.9,0.0,S@0.6,2.8,83.0,0.0,0,29.78,"WSU TFREC, Wenatchee, Chelan County",330141,WSU TFREC,2017-11-26 01:44:20.800582
2017-08-04,22:30,69.1,69.1,47.7,46.3,0.0,S@0.5,2.4,83.0,0.0,0,29.79,"WSU TFREC, Wenatchee, Chelan County",330141,WSU TFREC,2017-11-26 01:44:20.800582
2017-08-04,22:45,68.2,67.9,47.2,47.0,0.0,S@0.0,1.7,83.0,0.0,0,29.79,"WSU TFREC, Wenatchee, Chelan County",330141,WSU TFREC,2017-11-26 01:44:20.800582
2017-08-04,23:00,67.4,67.1,47.2,48.1,0.0,N@0.0,0.0,83.0,0.0,0,29.79,"WSU TFREC, Wenatchee, Chelan County",330141,WSU TFREC,2017-11-26 01:44:20.800582
2017-08-05,23:15,67.6,67.6,47.8,48.9,0.0,N@0.0,0.0,83.0,0.0,0,29.79,"WSU TFREC, Wenatchee, Chelan County",330141,WSU TFREC,2017-11-26 01:44:20.800582
2017-08-05,23:30,67.8,67.9,47.2,47.5,0.0,SW@0.9,2.8,83.0,0.0,0,29.79,"WSU TFREC, Wenatchee, Chelan County",330141,WSU TFREC,2017-11-26 01:44:20.800582
2017-08-05,23:45,68.1,68.0,47.4,47.5,0.0,S@1.5,3.1,83.0,0.0,0,29.8,"WSU TFREC, Wenatchee, Chelan County",330141,WSU TFREC,2017-11-26 01:44:20.800582
2017-08-05,24:00,67.6,67.5,47.3,48.1,0.0,NW@0.2,2.1,83.0,0.0,0,29.8,"WSU TFREC, Wenatchee, Chelan County",330141,WSU TFREC,2017-11-26 01:44:20.800582
2017-08-05,00:15,67.5,67.7,47.7,49.0,0.0,W@0.9,4.2,83.0,0.0,0,29.8,"WSU TFREC, Wenatchee, Chelan County",330141,WSU TFREC,2017-11-26 01:44:20.800582
2017-08-05,00:30,67.6,67.6,47.9,49.1,0.0,SW@0.2,2.1,83.0,0.0,0,29.8,"WSU TFREC, Wenatchee, Chelan County",330141,WSU TFREC,2017-11-26 01:44:20.800582
2017-08-05,00:45,66.1,66.0,48.0,52.0,0.0,N@0.0,0.0,83.0,0.0,0,29.8,"WSU TFREC, Wenatchee, Chelan County",330141,WSU TFREC,2017-11-26 01:44:20.800582
2017-08-05,01:00,65.0,64.8,48.1,54.3,0.0,N@0.0,0.0,82.9,0.0,0,29.81,"WSU TFREC, Wenatchee, Chelan County",330141,WSU TFREC,2017-11-26 01:44:20.800582
2017-08-05,01:15,64.7,64.6,47.6,53.8,0.0,N@0.0,0.0,82.9,0.0,0,29.81,"WSU TFREC, Wenatchee, Chelan County",330141,WSU TFREC,2017-11-26 01:44:20.800582
2017-08-05,01:30,64.7,64.7,48.1,54.9,0.0,N@0.0,0.0,82.9,0.0,0,29.81,"WSU TFREC, Wenatchee, Chelan County",330141,WSU TFREC,2017-11-26 01:44:20.800582
2017-08-05,01:45,64.1,64.1,48.3,56.5,0.0,SW@0.9,3.1,82.8,0.0,0,29.82,"WSU TFREC, Wenatchee, Chelan County",330141,WSU TFREC,2017-11-26 01:44:20.800582
2017-08-05,02:00,63.7,63.6,48.3,57.2,0.0,SW@0.3,2.8,82.8,0.0,0,29.82,"WSU TFREC, Wenatchee, Chelan County",330141,WSU TFREC,2017-11-26 01:44:20.800582
2017-08-05,02:15,63.1,62.9,48.5,58.9,0.0,W@0.2,2.8,82.8,0.0,0,29.82,"WSU TFREC, Wenatchee, Chelan County",330141,WSU TFREC,2017-11-26 01:44:20.800582
2017-08-05,02:30,62.6,62.5,48.1,58.8,0.0,W@0.3,2.1,82.7,0.0,0,29.83,"WSU TFREC, Wenatchee, Chelan County",330141,WSU TFREC,2017-11-26 01:44:20.800582
2017-08-05,02:45,62.4,62.5,47.9,59.0,0.0,S@0.6,2.8,82.7,0.0,0,29.83,"WSU TFREC, Wenatchee, Chelan County",330141,WSU TFREC,2017-11-26 01:44:20.800582
2017-08-05,03:00,61.8,61.8,47.9,60.2,0.0,NW@0.1,2.4,82.6,0.0,0,29.83,"WSU TFREC, Wenatchee, Chelan County",330141,WSU TFREC,2017-11-26 01:44:20.800582
2017-08-05,03:15,62.0,61.9,48.7,61.5,0.0,N@0.0,0.0,82.6,0.0,0,29.83,"WSU TFREC, Wenatchee, Chelan County",330141,WSU TFREC,2017-11-26 01:44:20.800582
2017-08-05,03:30,61.4,61.2,48.6,62.8,0.0,S@0.4,2.8,82.6,0.0,0,29.84,"WSU TFREC, Wenatchee, Chelan County",330141,WSU TFREC,2017-11-26 01:44:20.800582
2017-08-05,03:45,60.8,60.7,49.2,65.5,0.0,W@0.1,1.7,82.5,0.0,0,29.84,"WSU TFREC, Wenatchee, Chelan County",330141,WSU TFREC,2017-11-26 01:44:20.800582
2017-08-05,04:00,60.5,60.4,49.5,67.0,0.0,N@0.0,0.0,82.5,0.0,0,29.84,"WSU TFREC, Wenatchee, Chelan County",330141,WSU TFREC,2017-11-26 01:44:20.800582
2017-08-05,04:15,60.6,60.5,49.6,67.0,0.0,N@0.0,0.0,82.4,0.0,0,29.84,"WSU TFREC, Wenatchee, Chelan County",330141,WSU TFREC,2017-11-26 01:44:20.800582
2017-08-05,04:30,60.1,59.9,49.6,68.2,0.0,N@0.0,0.0,82.3,0.0,0,29.85,"WSU TFREC, Wenatchee, Chelan County",330141,WSU TFREC,2017-11-26 01:44:20.800582
2017-08-05,04:45,60.0,59.7,49.0,66.9,0.0,N@0.0,0.0,82.3,0.0,1,29.85,"WSU TFREC, Wenatchee, Chelan County",330141,WSU TFREC,2017-11-26 01:44:20.800582
2017-08-05,05:00,59.7,59.5,48.9,67.4,0.0,N@0.0,0.0,82.3,0.0,5,29.85,"WSU TFREC, Wenatchee, Chelan County",330141,WSU TFREC,2017-11-26 01:44:20.800582
2017-08-05,05:15,60.9,60.8,49.0,64.7,0.0,N@0.0,0.0,82.2,0.0,12,29.86,"WSU TFREC, Wenatchee, Chelan County",330141,WSU TFREC,2017-11-26 01:44:20.800582
2017-08-05,05:30,61.0,60.8,49.4,65.4,0.0,SW@0.5,3.1,82.1,0.0,23,29.86,"WSU TFREC, Wenatchee, Chelan County",330141,WSU TFREC,2017-11-26 01:44:20.800582
2017-08-05,05:45,61.5,61.4,50.5,67.1,0.0,N@0.0,0.0,82.1,0.0,40,29.86,"WSU TFREC, Wenatchee, Chelan County",330141,WSU TFREC,2017-11-26 01:44:20.800582
2017-08-05,06:00,62.7,62.6,51.0,65.5,0.0,S@0.4,2.8,82.0,0.0,61,29.87,"WSU TFREC, Wenatchee, Chelan County",330141,WSU TFREC,2017-11-26 01:44:20.800582
2017-08-05,06:15,63.8,63.8,51.7,64.8,0.0,NW@0.4,2.4,82.0,0.0,85,29.87,"WSU TFREC, Wenatchee, Chelan County",330141,WSU TFREC,2017-11-26 01:44:20.800582
2017-08-05,06:30,65.6,65.5,51.9,61.2,0.0,W@0.5,2.8,81.9,0.0,109,29.87,"WSU TFREC, Wenatchee, Chelan County",330141,WSU TFREC,2017-11-26 01:44:20.800582
2017-08-05,06:45,68.2,68.1,51.3,54.6,0.0,N@0.0,0.0,81.9,0.0,136,29.87,"WSU TFREC, Wenatchee, Chelan County",330141,WSU TFREC,2017-11-26 01:44:20.800582
2017-08-05,07:00,70.2,70.0,51.6,51.7,0.0,N@0.0,0.0,81.8,0.0,165,29.87,"WSU TFREC, Wenatchee, Chelan County",330141,WSU TFREC,2017-11-26 01:44:20.800582
2017-08-05,07:15,71.0,71.1,50.8,48.8,0.0,SE@0.9,3.5,81.7,0.0,196,29.87,"WSU TFREC, Wenatchee, Chelan County",330141,WSU TFREC,2017-11-26 01:44:20.800582
2017-08-05,07:30,71.9,72.0,50.3,46.4,0.0,SE@1.4,3.1,81.7,0.0,232,29.87,"WSU TFREC, Wenatchee, Chelan County",330141,WSU TFREC,2017-11-26 01:44:20.800582
2017-08-05,07:45,72.7,73.0,50.2,44.9,0.0,SE@1.3,3.1,81.6,0.0,275,29.87,"WSU TFREC, Wenatchee, Chelan County",330141,WSU TFREC,2017-11-26 01:44:20.800582
2017-08-05,08:00,73.7,74.1,50.2,43.5,0.0,S@1.5,3.1,81.6,0.0,308,29.87,"WSU TFREC, Wenatchee, Chelan County",330141,WSU TFREC,2017-11-26 01:44:20.800582
2017-08-05,08:15,74.6,74.8,50.3,42.4,0.0,SE@2.2,3.5,81.5,0.0,343,29.87,"WSU TFREC, Wenatchee, Chelan County",330141,WSU TFREC,2017-11-26 01:44:20.800582
2017-08-05,08:30,75.0,75.1,50.6,42.4,0.0,SE@3.0,5.7,81.4,0.0,371,29.87,"WSU TFREC, Wenatchee, Chelan County",330141,WSU TFREC,2017-11-26 01:44:20.800582
2017-08-05,08:45,75.8,76.0,50.5,41.1,0.0,SE@2.4,4.2,81.4,0.0,400,29.87,"WSU TFREC, Wenatchee, Chelan County",330141,WSU TFREC,2017-11-26 01:44:20.800582
2017-08-05,09:00,77.6,77.8,50.7,39.0,0.0,SE@1.5,3.5,81.3,0.0,432,29.87,"WSU TFREC, Wenatchee, Chelan County",330141,WSU TFREC,2017-11-26 01:44:20.800582
2017-08-05,09:15,78.5,78.5,50.2,37.1,0.0,SE@1.5,3.5,81.3,0.0,468,29.87,"WSU TFREC, Wenatchee, Chelan County",330141,WSU TFREC,2017-11-26 01:44:20.800582
2017-08-05,09:30,79.2,79.7,50.9,37.1,0.0,E@2.3,3.9,81.2,0.0,497,29.87,"WSU TFREC, Wenatchee, Chelan County",330141,WSU TFREC,2017-11-26 01:44:20.800582
2017-08-05,09:45,79.5,79.7,50.3,36.0,0.0,E@2.7,4.2,81.2,0.0,529,29.88,"WSU TFREC, Wenatchee, Chelan County",330141,WSU TFREC,2017-11-26 01:44:20.800582
2017-08-05,10:00,81.1,81.4,50.0,33.9,0.0,SE@2.5,4.2,81.1,0.0,557,29.88,"WSU TFREC, Wenatchee, Chelan County",330141,WSU TFREC,2017-11-26 01:44:20.800582
2017-08-05,10:15,81.9,82.1,49.7,32.6,0.0,E@2.4,4.6,81.1,0.0,583,29.88,"WSU TFREC, Wenatchee, Chelan County",330141,WSU TFREC,2017-11-26 01:44:20.800582
2017-08-05,10:30,82.5,82.7,49.2,31.4,0.0,E@2.4,4.9,81.0,0.0,604,29.88,"WSU TFREC, Wenatchee, Chelan County",330141,WSU TFREC,2017-11-26 01:44:20.800582
2017-08-05,10:45,82.9,83.2,49.3,31.1,0.0,E@2.8,5.3,81.0,0.0,635,29.88,"WSU TFREC, Wenatchee, Chelan County",330141,WSU TFREC,2017-11-26 01:44:20.800582
2017-08-05,11:00,83.9,84.1,49.5,30.3,0.0,SE@2.5,5.7,81.0,0.0,644,29.87,"WSU TFREC, Wenatchee, Chelan County",330141,WSU TFREC,2017-11-26 01:44:20.800582
2017-08-05,11:15,85.4,85.8,49.4,28.8,0.0,E@2.4,4.9,80.9,0.0,650,29.87,"WSU TFREC, Wenatchee, Chelan County",330141,WSU TFREC,2017-11-26 01:44:20.800582
2017-08-05,11:30,86.0,86.4,49.6,28.4,0.0,E@2.5,4.6,80.9,0.0,664,29.87,"WSU TFREC, Wenatchee, Chelan County",330141,WSU TFREC,2017-11-26 01:44:20.800582
2017-08-05,11:45,87.8,87.7,49.2,26.5,0.0,E@1.3,4.2,80.9,0.0,666,29.86,"WSU TFREC, Wenatchee, Chelan County",330141,WSU TFREC,2017-11-26 01:44:20.800582
2017-08-05,12:00,87.5,87.9,48.8,26.4,0.0,NE@3.1,5.3,80.9,0.0,684,29.86,"WSU TFREC, Wenatchee, Chelan County",330141,WSU TFREC,2017-11-26 01:44:20.800582
2017-08-05,12:15,88.2,88.6,48.1,25.1,0.0,NE@2.6,5.7,80.9,0.0,684,29.85,"WSU TFREC, Wenatchee, Chelan County",330141,WSU TFREC,2017-11-26 01:44:20.800582
2017-08-05,12:30,88.6,89.3,48.0,24.7,0.0,N@3.4,5.7,80.9,0.0,674,29.85,"WSU TFREC, Wenatchee, Chelan County",330141,WSU TFREC,2017-11-26 01:44:20.800582
2017-08-05,12:45,89.9,90.7,47.1,22.9,0.0,N@2.3,5.3,80.9,0.0,665,29.84,"WSU TFREC, Wenatchee, Chelan County",330141,WSU TFREC,2017-11-26 01:44:20.800582
2017-08-05,13:00,92.1,92.4,47.3,21.6,0.0,N@1.8,3.9,80.9,0.0,654,29.84,"WSU TFREC, Wenatchee, Chelan County",330141,WSU TFREC,2017-11-26 01:44:20.800582
2017-08-05,13:15,92.7,93.1,45.4,19.7,0.0,E@2.0,3.9,80.9,0.0,635,29.83,"WSU TFREC, Wenatchee, Chelan County",330141,WSU TFREC,2017-11-26 01:44:20.800582
2017-08-05,13:30,94.1,94.1,43.0,17.2,0.0,E@2.2,4.9,80.9,0.0,632,29.83,"WSU TFREC, Wenatchee, Chelan County",330141,WSU TFREC,2017-11-26 01:44:20.800582
2017-08-05,13:45,94.2,94.2,41.6,16.2,0.0,SE@2.4,3.9,80.9,0.0,615,29.82,"WSU TFREC, Wenatchee, Chelan County",330141,WSU TFREC,2017-11-26 01:44:20.800582
2017-08-05,14:00,94.6,94.7,41.5,16.0,0.0,NE@2.4,5.3,81.0,0.0,589,29.82,"WSU TFREC, Wenatchee, Chelan County",330141,WSU TFREC,2017-11-26 01:44:20.800582
2017-08-05,14:15,95.1,95.4,39.3,14.5,0.0,S@2.4,4.9,81.0,0.0,569,29.81,"WSU TFREC, Wenatchee, Chelan County",330141,WSU TFREC,2017-11-26 01:44:20.800582
2017-08-05,14:30,95.6,95.4,40.8,15.1,0.0,W@1.8,4.6,81.0,0.0,543,29.81,"WSU TFREC, Wenatchee, Chelan County",330141,WSU TFREC,2017-11-26 01:44:20.800582
2017-08-05,14:45,95.8,95.8,39.1,14.0,0.0,E@2.5,4.9,81.1,0.0,518,29.8,"WSU TFREC, Wenatchee, Chelan County",330141,WSU TFREC,2017-11-26 01:44:20.800582
2017-08-05,15:00,96.2,96.6,40.9,14.9,0.0,E@1.1,3.9,81.1,0.0,492,29.8,"WSU TFREC, Wenatchee, Chelan County",330141,WSU TFREC,2017-11-26 01:44:20.800582
2017-08-05,15:15,95.4,95.6,40.1,14.8,0.0,SW@1.8,4.9,81.2,0.0,456,29.8,"WSU TFREC, Wenatchee, Chelan County",330141,WSU TFREC,2017-11-26 01:44:20.800582
2017-08-05,15:30,96.6,96.5,40.6,14.6,0.0,S@1.8,4.2,81.2,0.0,421,29.79,"WSU TFREC, Wenatchee, Chelan County",330141,WSU TFREC,2017-11-26 01:44:20.800582
2017-08-05,15:45,96.8,96.9,40.3,14.3,0.0,E@0.3,2.4,81.3,0.0,380,29.79,"WSU TFREC, Wenatchee, Chelan County",330141,WSU TFREC,2017-11-26 01:44:20.800582
2017-08-05,16:00,97.0,97.1,42.1,15.2,0.0,S@0.2,2.4,81.3,0.0,361,29.78,"WSU TFREC, Wenatchee, Chelan County",330141,WSU TFREC,2017-11-26 01:44:20.800582
2017-08-05,16:15,95.8,95.6,47.8,19.6,0.0,N@0.0,0.0,81.4,0.0,328,29.78,"WSU TFREC, Wenatchee, Chelan County",330141,WSU TFREC,2017-11-26 01:44:20.800582
2017-08-05,16:30,94.2,94.1,49.9,22.3,0.0,N@0.0,0.0,81.5,0.0,299,29.78,"WSU TFREC, Wenatchee, Chelan County",330141,WSU TFREC,2017-11-26 01:44:20.800582
2017-08-05,16:45,94.3,94.2,48.6,21.1,0.0,N@0.0,0.0,81.5,0.0,263,29.78,"WSU TFREC, Wenatchee, Chelan County",330141,WSU TFREC,2017-11-26 01:44:20.800582
2017-08-05,17:00,93.0,92.9,50.6,23.7,0.0,N@0.0,0.0,81.6,0.0,230,29.78,"WSU TFREC, Wenatchee, Chelan County",330141,WSU TFREC,2017-11-26 01:44:20.800582
2017-08-05,17:15,91.0,90.9,52.3,26.9,0.0,N@0.0,0.0,81.6,0.0,195,29.78,"WSU TFREC, Wenatchee, Chelan County",330141,WSU TFREC,2017-11-26 01:44:20.800582
2017-08-05,17:30,89.1,89.2,54.9,31.4,0.0,N@0.0,0.0,81.7,0.0,161,29.78,"WSU TFREC, Wenatchee, Chelan County",330141,WSU TFREC,2017-11-26 01:44:20.800582
2017-08-05,17:45,87.2,87.3,56.7,35.6,0.0,N@0.0,0.0,81.7,0.0,131,29.78,"WSU TFREC, Wenatchee, Chelan County",330141,WSU TFREC,2017-11-26 01:44:20.800582
2017-08-05,18:00,85.7,85.7,55.4,35.6,0.0,N@0.0,0.0,81.8,0.0,102,29.78,"WSU TFREC, Wenatchee, Chelan County",330141,WSU TFREC,2017-11-26 01:44:20.800582
2017-08-05,18:15,83.4,83.7,55.4,38.3,0.0,N@0.0,0.0,81.9,0.0,79,29.78,"WSU TFREC, Wenatchee, Chelan County",330141,WSU TFREC,2017-11-26 01:44:20.800582
2017-08-05,18:30,81.0,81.3,54.7,40.4,0.0,N@0.0,0.0,81.9,0.0,59,29.78,"WSU TFREC, Wenatchee, Chelan County",330141,WSU TFREC,2017-11-26 01:44:20.800582
2017-08-05,18:45,79.7,79.7,52.9,39.4,0.0,N@0.0,0.0,82.0,0.0,39,29.78,"WSU TFREC, Wenatchee, Chelan County",330141,WSU TFREC,2017-11-26 01:44:20.800582
2017-08-05,19:00,79.1,79.1,51.4,38.0,0.0,N@0.0,0.0,82.0,0.0,25,29.78,"WSU TFREC, Wenatchee, Chelan County",330141,WSU TFREC,2017-11-26 01:44:20.800582
2017-08-05,19:15,77.4,77.2,51.2,40.0,0.0,N@0.0,0.0,82.1,0.0,15,29.78,"WSU TFREC, Wenatchee, Chelan County",330141,WSU TFREC,2017-11-26 01:44:20.800582
2017-08-05,19:30,75.7,75.7,51.3,42.3,0.0,N@0.0,0.0,82.1,0.0,6,29.78,"WSU TFREC, Wenatchee, Chelan County",330141,WSU TFREC,2017-11-26 01:44:20.800582
2017-08-05,19:45,73.5,73.5,52.7,48.0,0.0,N@0.0,0.0,82.2,0.0,1,29.78,"WSU TFREC, Wenatchee, Chelan County",330141,WSU TFREC,2017-11-26 01:44:20.800582
2017-08-05,20:00,74.2,74.1,51.4,44.7,0.0,N@0.0,0.0,82.2,0.0,0,29.79,"WSU TFREC, Wenatchee, Chelan County",330141,WSU TFREC,2017-11-26 01:44:20.800582
2017-08-05,20:15,74.4,74.3,50.1,42.4,0.0,N@0.0,0.0,82.3,0.0,0,29.79,"WSU TFREC, Wenatchee, Chelan County",330141,WSU TFREC,2017-11-26 01:44:20.800582
2017-08-05,20:30,74.9,74.7,49.0,40.0,0.0,N@0.0,0.0,82.3,0.0,0,29.8,"WSU TFREC, Wenatchee, Chelan County",330141,WSU TFREC,2017-11-26 01:44:20.800582
2017-08-05,20:45,73.9,73.8,49.8,42.6,0.0,N@0.0,0.0,82.4,0.0,0,29.8,"WSU TFREC, Wenatchee, Chelan County",330141,WSU TFREC,2017-11-26 01:44:20.800582
2017-08-05,21:00,72.3,72.3,49.5,44.5,0.0,N@0.0,0.0,82.4,0.0,0,29.81,"WSU TFREC, Wenatchee, Chelan County",330141,WSU TFREC,2017-11-26 01:44:20.800582
2017-08-05,21:15,71.4,71.5,50.0,46.7,0.0,N@0.0,0.0,82.4,0.0,0,29.81,"WSU TFREC, Wenatchee, Chelan County",330141,WSU TFREC,2017-11-26 01:44:20.800582
2017-08-05,21:30,70.2,70.3,50.2,49.1,0.0,N@0.0,0.0,82.5,0.0,0,29.81,"WSU TFREC, Wenatchee, Chelan County",330141,WSU TFREC,2017-11-26 01:44:20.800582
2017-08-05,21:45,70.3,70.3,49.2,47.0,0.0,W@0.3,3.1,82.5,0.0,0,29.82,"WSU TFREC, Wenatchee, Chelan County",330141,WSU TFREC,2017-11-26 01:44:20.800582
2017-08-05,22:00,70.0,69.9,48.9,47.1,0.0,S@1.3,3.1,82.5,0.0,0,29.82,"WSU TFREC, Wenatchee, Chelan County",330141,WSU TFREC,2017-11-26 01:44:20.800582
2017-08-05,22:15,69.8,69.8,49.9,49.3,0.0,SW@1.0,3.5,82.5,0.0,0,29.82,"WSU TFREC, Wenatchee, Chelan County",330141,WSU TFREC,2017-11-26 01:44:20.800582
2017-08-05,22:30,71.6,71.8,51.5,49.1,0.0,W@2.4,4.6,82.5,0.0,0,29.82,"WSU TFREC, Wenatchee, Chelan County",330141,WSU TFREC,2017-11-26 01:44:20.800582
2017-08-05,22:45,73.1,73.2,51.0,45.8,0.0,SW@2.0,5.3,82.5,0.0,0,29.83,"WSU TFREC, Wenatchee, Chelan County",330141,WSU TFREC,2017-11-26 01:44:20.800582
2017-08-05,23:00,71.8,72.0,50.8,47.4,0.0,NW@1.8,3.9,82.5,0.0,0,29.83,"WSU TFREC, Wenatchee, Chelan County",330141,WSU TFREC,2017-11-26 01:44:20.800582
2017-08-06,23:15,70.3,70.4,50.8,49.9,0.0,SW@1.1,3.9,82.5,0.0,0,29.83,"WSU TFREC, Wenatchee, Chelan County",330141,WSU TFREC,2017-11-26 01:44:20.800582
2017-08-06,23:30,69.7,69.7,49.7,49.0,0.0,SW@1.6,3.5,82.5,0.0,0,29.83,"WSU TFREC, Wenatchee, Chelan County",330141,WSU TFREC,2017-11-26 01:44:20.800582
2017-08-06,23:45,69.1,69.2,50.4,51.2,0.0,S@0.8,3.5,82.5,0.0,0,29.83,"WSU TFREC, Wenatchee, Chelan County",330141,WSU TFREC,2017-11-26 01:44:20.800582
2017-08-06,24:00,70.0,70.0,49.6,48.4,0.0,W@2.1,4.2,82.5,0.0,0,29.83,"WSU TFREC, Wenatchee, Chelan County",330141,WSU TFREC,2017-11-26 01:44:20.800582
2017-08-06,00:15,67.8,67.9,50.4,53.5,0.0,N@0.0,0.0,82.5,0.0,0,29.84,"WSU TFREC, Wenatchee, Chelan County",330141,WSU TFREC,2017-11-26 01:44:20.800582
2017-08-06,00:30,67.2,67.3,49.9,53.8,0.0,SW@0.8,3.5,82.5,0.0,0,29.84,"WSU TFREC, Wenatchee, Chelan County",330141,WSU TFREC,2017-11-26 01:44:20.800582
2017-08-06,00:45,67.3,67.4,49.7,53.0,0.0,W@1.4,4.6,82.5,0.0,0,29.85,"WSU TFREC, Wenatchee, Chelan County",330141,WSU TFREC,2017-11-26 01:44:20.800582
2017-08-06,01:00,66.4,66.6,49.5,54.4,0.0,SW@1.2,2.8,82.4,0.0,0,29.85,"WSU TFREC, Wenatchee, Chelan County",330141,WSU TFREC,2017-11-26 01:44:20.800582
2017-08-06,01:15,67.1,67.3,49.1,52.5,0.0,W@1.2,3.9,82.4,0.0,0,29.85,"WSU TFREC, Wenatchee, Chelan County",330141,WSU TFREC,2017-11-26 01:44:20.800582
2017-08-06,01:30,66.7,66.7,49.0,53.0,0.0,W@1.0,3.9,82.4,0.0,0,29.86,"WSU TFREC, Wenatchee, Chelan County",330141,WSU TFREC,2017-11-26 01:44:20.800582
2017-08-06,01:45,66.1,66.2,49.2,54.3,0.0,N@0.0,0.0,82.4,0.0,0,29.86,"WSU TFREC, Wenatchee, Chelan County",330141,WSU TFREC,2017-11-26 01:44:20.800582
2017-08-06,02:00,65.6,65.6,48.8,54.6,0.0,N@0.0,0.0,82.3,0.0,0,29.87,"WSU TFREC, Wenatchee, Chelan County",330141,WSU TFREC,2017-11-26 01:44:20.800582
2017-08-06,02:15,65.0,64.9,48.6,55.3,0.0,N@0.0,0.0,82.3,0.0,0,29.87,"WSU TFREC, Wenatchee, Chelan County",330141,WSU TFREC,2017-11-26 01:44:20.800582
2017-08-06,02:30,64.2,64.2,48.9,57.3,0.0,N@0.0,0.0,82.3,0.0,0,29.87,"WSU TFREC, Wenatchee, Chelan County",330141,WSU TFREC,2017-11-26 01:44:20.800582
2017-08-06,02:45,63.3,63.1,48.7,58.8,0.0,N@0.0,0.0,82.2,0.0,0,29.87,"WSU TFREC, Wenatchee, Chelan County",330141,WSU TFREC,2017-11-26 01:44:20.800582
2017-08-06,03:00,63.3,63.1,48.2,57.6,0.0,N@0.0,0.0,82.2,0.0,0,29.88,"WSU TFREC, Wenatchee, Chelan County",330141,WSU TFREC,2017-11-26 01:44:20.800582
2017-08-06,03:15,62.3,62.0,48.7,61.0,0.0,N@0.0,0.0,82.1,0.0,0,29.88,"WSU TFREC, Wenatchee, Chelan County",330141,WSU TFREC,2017-11-26 01:44:20.800582
2017-08-06,03:30,62.8,62.7,48.7,59.8,0.0,S@0.5,3.9,82.1,0.0,0,29.89,"WSU TFREC, Wenatchee, Chelan County",330141,WSU TFREC,2017-11-26 01:44:20.800582
2017-08-06,03:45,62.6,62.6,49.2,61.5,0.0,N@0.0,0.0,82.1,0.0,0,29.89,"WSU TFREC, Wenatchee, Chelan County",330141,WSU TFREC,2017-11-26 01:44:20.800582
2017-08-06,04:00,62.6,62.5,49.3,61.7,0.0,S@0.0,1.4,82.0,0.0,0,29.89,"WSU TFREC, Wenatchee, Chelan County",330141,WSU TFREC,2017-11-26 01:44:20.800582
2017-08-06,04:15,62.6,62.4,48.6,60.2,0.0,N@0.0,0.0,82.0,0.0,0,29.89,"WSU TFREC, Wenatchee, Chelan County",330141,WSU TFREC,2017-11-26 01:44:20.800582
2017-08-06,04:30,61.3,61.2,48.9,63.6,0.0,N@0.0,0.0,81.9,0.0,0,29.9,"WSU TFREC, Wenatchee, Chelan County",330141,WSU TFREC,2017-11-26 01:44:20.800582
2017-08-06,04:45,61.4,61.3,48.5,62.5,0.0,S@0.0,1.4,81.9,0.0,1,29.9,"WSU TFREC, Wenatchee, Chelan County",330141,WSU TFREC,2017-11-26 01:44:20.800582
2017-08-06,05:00,60.8,60.7,48.4,63.7,0.0,W@0.1,2.4,81.8,0.0,4,29.9,"WSU TFREC, Wenatchee, Chelan County",330141,WSU TFREC,2017-11-26 01:44:20.800582
2017-08-06,05:15,60.6,60.5,48.7,64.7,0.0,S@0.2,2.1,81.8,0.0,11,29.91,"WSU TFREC, Wenatchee, Chelan County",330141,WSU TFREC,2017-11-26 01:44:20.800582
2017-08-06,05:30,61.2,61.2,48.9,63.9,0.0,SW@0.8,3.5,81.7,0.0,21,29.91,"WSU TFREC, Wenatchee, Chelan County",330141,WSU TFREC,2017-11-26 01:44:20.800582
2017-08-06,05:45,62.1,62.1,48.8,61.7,0.0,SW@2.0,2.8,81.7,0.0,36,29.92,"WSU TFREC, Wenatchee, Chelan County",330141,WSU TFREC,2017-11-26 01:44:20.800582
2017-08-06,06:00,64.3,64.3,48.8,57.1,0.0,SW@1.8,3.9,81.6,0.0,55,29.92,"WSU TFREC, Wenatchee, Chelan County",330141,WSU TFREC,2017-11-26 01:44:20.800582
2017-08-06,06:15,65.8,65.8,50.7,58.1,0.0,SW@0.7,2.8,81.6,0.0,77,29.92,"WSU TFREC, Wenatchee, Chelan County",330141,WSU TFREC,2017-11-26 01:44:20.800582
2017-08-06,06:30,66.1,66.1,52.4,61.2,0.0,N@0.0,0.0,81.5,0.0,101,29.92,"WSU TFREC, Wenatchee, Chelan County",330141,WSU TFREC,2017-11-26 01:44:20.800582
2017-08-06,06:45,67.5,67.4,51.7,56.9,0.0,N@0.0,0.0,81.5,0.0,127,29.93,"WSU TFREC, Wenatchee, Chelan County",330141,WSU TFREC,2017-11-26 01:44:20.800582
2017-08-06,07:00,70.1,69.7,52.3,53.3,0.0,N@0.0,0.0,81.4,0.0,156,29.93,"WSU TFREC, Wenatchee, Chelan County",330141,WSU TFREC,2017-11-26 01:44:20.800582
2017-08-06,07:15,70.8,70.9,50.7,49.0,0.0,S@1.3,4.6,81.3,0.0,191,29.92,"WSU TFREC, Wenatchee, Chelan County",330141,WSU TFREC,2017-11-26 01:44:20.800582
2017-08-06,07:30,71.3,71.6,50.6,47.9,0.0,SE@1.8,3.5,81.3,0.0,226,29.92,"WSU TFREC, Wenatchee, Chelan County",330141,WSU TFREC,2017-11-26 01:44:20.800582
2017-08-06,07:45,72.5,72.7,50.9,46.6,0.0,S@1.6,3.5,81.2,0.0,262,29.92,"WSU TFREC, Wenatchee, Chelan County",330141,WSU TFREC,2017-11-26 01:44:20.800582
2017-08-06,08:00,73.5,73.6,50.3,44.1,0.0,S@1.8,3.5,81.2,0.0,298,29.93,"WSU TFREC, Wenatchee, Chelan County",330141,WSU TFREC,2017-11-26 01:44:20.800582
2017-08-06,08:15,74.5,74.6,50.7,43.2,0.0,SE@1.8,3.5,81.1,0.0,337,29.93,"WSU TFREC, Wenatchee, Chelan County",330141,WSU TFREC,2017-11-26 01:44:20.800582
2017-08-06,08:30,75.4,75.8,50.6,41.8,0.0,SE@1.8,3.5,81.1,0.0,374,29.92,"WSU TFREC, Wenatchee, Chelan County",330141,WSU TFREC,2017-11-26 01:44:20.800582
2017-08-06,08:45,76.0,76.5,51.1,41.8,0.0,NE@0.6,3.1,81.0,0.0,409,29.93,"WSU TFREC, Wenatchee, Chelan County",330141,WSU TFREC,2017-11-26 01:44:20.800582
2017-08-06,09:00,76.7,77.4,51.4,41.3,0.0,NE@1.2,3.9,81.0,0.0,445,29.93,"WSU TFREC, Wenatchee, Chelan County",330141,WSU TFREC,2017-11-26 01:44:20.800582
2017-08-06,09:15,78.4,78.9,51.4,39.0,0.0,NE@1.2,5.3,80.9,0.0,478,29.93,"WSU TFREC, Wenatchee, Chelan County",330141,WSU TFREC,2017-11-26 01:44:20.800582
2017-08-06,09:30,79.6,79.9,50.7,36.4,0.0,N@2.1,4.6,80.9,0.0,510,29.93,"WSU TFREC, Wenatchee, Chelan County",330141,WSU TFREC,2017-11-26 01:44:20.800582
2017-08-06,09:45,80.1,80.6,49.8,34.8,0.0,E@2.3,3.9,80.8,0.0,541,29.93,"WSU TFREC, Wenatchee, Chelan County",330141,WSU TFREC,2017-11-26 01:44:20.800582
2017-08-06,10:00,81.3,81.5,49.8,33.4,0.0,E@1.6,3.9,80.8,0.0,563,29.93,"WSU TFREC, Wenatchee, Chelan County",330141,WSU TFREC,2017-11-26 01:44:20.800582
2017-08-06,10:15,81.5,81.8,50.1,33.5,0.0,E@2.7,4.6,80.7,0.0,585,29.93,"WSU TFREC, Wenatchee, Chelan County",330141,WSU TFREC,2017-11-26 01:44:20.800582
2017-08-06,10:30,82.6,82.8,49.4,31.6,0.0,SE@2.5,4.6,80.7,0.0,607,29.93,"WSU TFREC, Wenatchee, Chelan County",330141,WSU TFREC,2017-11-26 01:44:20.800582
2017-08-06,10:45,83.7,83.8,49.6,30.7,0.0,E@2.4,4.6,80.6,0.0,615,29.92,"WSU TFREC, Wenatchee, Chelan County",330141,WSU TFREC,2017-11-26 01:44:20.800582
2017-08-06,11:00,85.3,85.4,48.4,27.9,0.0,SE@2.3,3.5,80.6,0.0,640,29.92,"WSU TFREC, Wenatchee, Chelan County",330141,WSU TFREC,2017-11-26 01:44:20.800582
2017-08-06,11:15,86.4,86.9,47.3,25.9,0.0,NE@2.3,4.9,80.6,0.0,659,29.92,"WSU TFREC, Wenatchee, Chelan County",330141,WSU TFREC,2017-11-26 01:44:20.800582
2017-08-06,11:30,86.4,86.9,47.3,25.7,0.0,N@3.0,5.7,80.6,0.0,669,29.91,"WSU TFREC, Wenatchee, Chelan County",330141,WSU TFREC,2017-11-26 01:44:20.800582
2017-08-06,11:45,87.4,88.0,47.1,24.8,0.0,NE@2.9,5.3,80.6,0.0,680,29.91,"WSU TFREC, Wenatchee, Chelan County",330141,WSU TFREC,2017-11-26 01:44:20.800582
2017-08-06,12:00,88.8,89.5,46.6,23.3,0.0,NE@2.7,4.6,80.6,0.0,691,29.9,"WSU TFREC, Wenatchee, Chelan County",330141,WSU TFREC,2017-11-26 01:44:20.800582
2017-08-06,12:15,89.0,89.4,46.4,23.0,0.0,NE@3.1,5.3,80.5,0.0,691,29.9,"WSU TFREC, Wenatchee, Chelan County",330141,WSU TFREC,2017-11-26 01:44:20.800582
2017-08-06,12:30,90.1,90.3,46.7,22.5,0.0,N@2.5,4.9,80.5,0.0,675,29.89,"WSU TFREC, Wenatchee, Chelan County",330141,WSU TFREC,2017-11-26 01:44:20.800582
2017-08-06,12:45,91.6,92.3,46.5,21.2,0.0,NE@2.4,4.2,80.5,0.0,693,29.88,"WSU TFREC, Wenatchee, Chelan County",330141,WSU TFREC,2017-11-26 01:44:20.800582
2017-08-06,13:00,93.0,93.1,45.3,19.5,0.0,SE@1.9,3.9,80.5,0.0,637,29.88,"WSU TFREC, Wenatchee, Chelan County",330141,WSU TFREC,2017-11-26 01:44:20.800582
2017-08-06,13:15,93.3,93.4,44.8,18.9,0.0,S@2.8,5.3,80.5,0.0,663,29.87,"WSU TFREC, Wenatchee, Chelan County",330141,WSU TFREC,2017-11-26 01:44:20.800582
2017-08-06,13:30,94.0,94.1,45.1,18.7,0.0,S@2.9,6.0,80.6,0.0,657,29.86,"WSU TFREC, Wenatchee, Chelan County",330141,WSU TFREC,2017-11-26 01:44:20.800582
2017-08-06,13:45,95.6,95.7,45.4,18.0,0.0,SW@2.9,4.6,80.6,0.0,635,29.86,"WSU TFREC, Wenatchee, Chelan County",330141,WSU TFREC,2017-11-26 01:44:20.800582
2017-08-06,14:00,95.7,95.8,44.7,17.5,0.0,S@2.7,4.9,80.6,0.0,613,29.85,"WSU TFREC, Wenatchee, Chelan County",330141,WSU TFREC,2017-11-26 01:44:20.800582
2017-08-06,14:15,96.4,96.4,45.5,17.6,0.0,S@2.5,5.3,80.7,0.0,591,29.85,"WSU TFREC, Wenatchee, Chelan County",330141,WSU TFREC,2017-11-26 01:44:20.800582
2017-08-06,14:30,96.8,97.0,44.5,16.8,0.0,E@2.7,6.7,80.7,0.0,565,29.84,"WSU TFREC, Wenatchee, Chelan County",330141,WSU TFREC,2017-11-26 01:44:20.800582
2017-08-06,14:45,97.0,97.1,42.5,15.4,0.0,SE@3.2,6.7,80.8,0.0,495,29.84,"WSU TFREC, Wenatchee, Chelan County",330141,WSU TFREC,2017-11-26 01:44:20.800582
2017-08-06,15:00,97.4,97.4,41.8,14.9,0.0,SE@3.7,7.4,80.8,0.0,525,29.84,"WSU TFREC, Wenatchee, Chelan County",330141,WSU TFREC,2017-11-26 01:44:20.800582
2017-08-06,15:15,97.7,97.8,42.1,14.9,0.0,SE@4.0,8.9,80.9,0.0,471,29.83,"WSU TFREC, Wenatchee, Chelan County",330141,WSU TFREC,2017-11-26 01:44:20.800582
2017-08-06,15:30,97.0,97.0,42.1,15.2,0.0,SE@4.4,8.9,80.9,0.0,424,29.83,"WSU TFREC, Wenatchee, Chelan County",330141,WSU TFREC,2017-11-26 01:44:20.800582
2017-08-06,15:45,96.9,96.9,42.4,15.4,0.0,SE@4.8,8.2,81.0,0.0,410,29.83,"WSU TFREC, Wenatchee, Chelan County",330141,WSU TFREC,2017-11-26 01:44:20.800582
2017-08-06,16:00,96.6,96.6,42.6,15.7,0.0,E@4.2,8.5,81.0,0.0,339,29.82,"WSU TFREC, Wenatchee, Chelan County",330141,WSU TFREC,2017-11-26 01:44:20.800582
2017-08-06,16:15,96.7,96.7,42.7,15.7,0.0,E@4.0,7.4,81.1,0.0,330,29.82,"WSU TFREC, Wenatchee, Chelan County",330141,WSU TFREC,2017-11-26 01:44:20.800582
2017-08-06,16:30,96.5,96.5,43.7,16.4,0.0,SE@3.1,6.7,81.2,0.0,288,29.82,"WSU TFREC, Wenatchee, Chelan County",330141,WSU TFREC,2017-11-26 01:44:20.800582
2017-08-06,16:45,95.8,95.9,43.7,16.8,0.0,SE@3.2,6.0,81.2,0.0,257,29.82,"WSU TFREC, Wenatchee, Chelan County",330141,WSU TFREC,2017-11-26 01:44:20.800582
2017-08-06,17:00,94.9,95.0,44.9,18.1,0.0,SE@3.0,6.4,81.3,0.0,195,29.82,"WSU TFREC, Wenatchee, Chelan County",330141,WSU TFREC,2017-11-26 01:44:20.800582
2017-08-06,17:15,94.4,94.4,44.8,18.3,0.0,SE@2.5,4.9,81.4,0.0,173,29.83,"WSU TFREC, Wenatchee, Chelan County",330141,WSU TFREC,2017-11-26 01:44:20.800582
2017-08-06,17:30,93.5,93.5,47.2,20.5,0.0,S@2.4,4.2,81.4,0.0,164,29.83,"WSU TFREC, Wenatchee, Chelan County",330141,WSU TFREC,2017-11-26 01:44:20.800582
2017-08-06,17:45,92.3,92.3,48.0,22.0,0.0,S@2.4,6.0,81.5,0.0,128,29.83,"WSU TFREC, Wenatchee, Chelan County",330141,WSU TFREC,2017-11-26 01:44:20.800582
2017-08-06,18:00,88.0,88.2,53.3,30.6,0.0,W@1.1,2.4,81.6,0.0,80,29.84,"WSU TFREC, Wenatchee, Chelan County",330141,WSU TFREC,2017-11-26 01:44:20.800582
2017-08-06,18:15,85.4,85.4,55.6,36.3,0.0,SW@0.8,2.8,81.6,0.0,62,29.84,"WSU TFREC, Wenatchee, Chelan County",330141,WSU TFREC,2017-11-26 01:44:20.800582
2017-08-06,18:30,83.5,83.6,55.1,37.8,0.0,W@1.2,2.4,81.7,0.0,50,29.84,"WSU TFREC, Wenatchee, Chelan County",330141,WSU TFREC,2017-11-26 01:44:20.800582
2017-08-06,18:45,82.1,82.2,54.5,38.7,0.0,SW@0.9,2.4,81.8,0.0,46,29.83,"WSU TFREC, Wenatchee, Chelan County",330141,WSU TFREC,2017-11-26 01:44:20.800582
2017-08-06,19:00,81.3,81.4,53.2,37.8,0.0,W@1.2,3.5,81.8,0.0,36,29.83,"WSU TFREC, Wenatchee, Chelan County",330141,WSU TFREC,2017-11-26 01:44:20.800582
2017-08-06,19:15,80.1,80.1,53.3,39.5,0.0,SW@0.9,3.5,81.9,0.0,20,29.83,"WSU TFREC, Wenatchee, Chelan County",330141,WSU TFREC,2017-11-26 01:44:20.800582
2017-08-06,19:30,78.8,78.8,52.5,40.0,0.0,N@0.0,0.0,81.9,0.0,6,29.83,"WSU TFREC, Wenatchee, Chelan County",330141,WSU TFREC,2017-11-26 01:44:20.800582
2017-08-06,19:45,77.8,77.6,51.1,39.3,0.0,SW@0.6,2.4,82.0,0.0,3,29.83,"WSU TFREC, Wenatchee, Chelan County",330141,WSU TFREC,2017-11-26 01:44:20.800582
2017-08-06,20:00,77.0,76.9,50.9,40.1,0.0,SW@1.2,2.4,82.0,0.0,0,29.84,"WSU TFREC, Wenatchee, Chelan County",330141,WSU TFREC,2017-11-26 01:44:20.800582
2017-08-06,20:15,75.7,75.5,50.6,41.4,0.0,SW@0.5,2.1,82.1,0.0,0,29.84,"WSU TFREC, Wenatchee, Chelan County",330141,WSU TFREC,2017-11-26 01:44:20.800582
2017-08-06,20:30,74.4,74.3,50.6,43.1,0.0,SW@0.2,2.1,82.1,0.0,0,29.84,"WSU TFREC, Wenatchee, Chelan County",330141,WSU TFREC,2017-11-26 01:44:20.800582
2017-08-06,20:45,73.9,73.8,50.3,43.3,0.0,SW@1.0,2.4,82.2,0.0,0,29.84,"WSU TFREC, Wenatchee, Chelan County",330141,WSU TFREC,2017-11-26 01:44:20.800582
2017-08-06,21:00,74.6,74.4,50.5,42.8,0.0,S@0.7,2.4,82.2,0.0,0,29.85,"WSU TFREC, Wenatchee, Chelan County",330141,WSU TFREC,2017-11-26 01:44:20.800582
2017-08-06,21:15,73.0,72.8,50.8,45.7,0.0,SW@0.4,2.1,82.2,0.0,0,29.85,"WSU TFREC, Wenatchee, Chelan County",330141,WSU TFREC,2017-11-26 01:44:20.800582
2017-08-06,21:30,72.3,72.1,50.7,46.6,0.0,S@0.8,2.8,82.3,0.0,0,29.85,"WSU TFREC, Wenatchee, Chelan County",330141,WSU TFREC,2017-11-26 01:44:20.800582
2017-08-06,21:45,71.6,71.4,50.6,47.4,0.0,S@0.3,2.8,82.3,0.0,0,29.85,"WSU TFREC, Wenatchee, Chelan County",330141,WSU TFREC,2017-11-26 01:44:20.800582
2017-08-06,22:00,70.6,70.5,50.7,49.4,0.0,N@0.0,0.0,82.3,0.0,0,29.86,"WSU TFREC, Wenatchee, Chelan County",330141,WSU TFREC,2017-11-26 01:44:20.800582
2017-08-06,22:15,69.5,69.3,50.7,51.1,0.0,N@0.0,0.0,82.3,0.0,0,29.86,"WSU TFREC, Wenatchee, Chelan County",330141,WSU TFREC,2017-11-26 01:44:20.800582
2017-08-06,22:30,70.3,70.2,49.5,47.6,0.0,N@0.0,0.0,82.4,0.0,0,29.86,"WSU TFREC, Wenatchee, Chelan County",330141,WSU TFREC,2017-11-26 01:44:20.800582
2017-08-06,22:45,69.1,68.9,49.7,49.9,0.0,N@0.0,0.0,82.4,0.0,0,29.86,"WSU TFREC, Wenatchee, Chelan County",330141,WSU TFREC,2017-11-26 01:44:20.800582
2017-08-06,23:00,69.9,69.9,49.3,47.8,0.0,SW@0.8,4.2,82.4,0.0,0,29.87,"WSU TFREC, Wenatchee, Chelan County",330141,WSU TFREC,2017-11-26 01:44:20.800582
2017-08-07,23:15,71.5,71.7,50.7,47.8,0.0,W@1.3,2.8,82.4,0.0,0,29.87,"WSU TFREC, Wenatchee, Chelan County",330141,WSU TFREC,2017-11-26 01:44:20.800582
2017-08-07,23:30,69.2,69.4,51.7,53.5,0.0,W@1.7,3.1,82.4,0.0,0,29.87,"WSU TFREC, Wenatchee, Chelan County",330141,WSU TFREC,2017-11-26 01:44:20.800582
2017-08-07,23:45,68.0,68.0,51.2,54.8,0.0,SW@0.2,2.1,82.4,0.0,0,29.88,"WSU TFREC, Wenatchee, Chelan County",330141,WSU TFREC,2017-11-26 01:44:20.800582
2017-08-07,24:00,68.0,68.1,51.0,54.4,0.0,SW@1.8,2.8,82.4,0.0,0,29.88,"WSU TFREC, Wenatchee, Chelan County",330141,WSU TFREC,2017-11-26 01:44:20.800582
2017-08-07,00:15,67.3,67.3,51.3,56.3,0.0,SW@0.7,2.4,82.4,0.0,0,29.88,"WSU TFREC, Wenatchee, Chelan County",330141,WSU TFREC,2017-11-26 01:44:20.800582
2017-08-07,00:30,67.5,67.4,51.3,56.0,0.0,S@1.2,2.8,82.4,0.0,0,29.88,"WSU TFREC, Wenatchee, Chelan County",330141,WSU TFREC,2017-11-26 01:44:20.800582
2017-08-07,00:45,66.1,66.2,51.7,59.7,0.0,W@1.0,2.8,82.3,0.0,0,29.89,"WSU TFREC, Wenatchee, Chelan County",330141,WSU TFREC,2017-11-26 01:44:20.800582
2017-08-07,01:00,66.0,66.0,51.6,59.7,0.0,SW@0.7,2.8,82.3,0.0,0,29.89,"WSU TFREC, Wenatchee, Chelan County",330141,WSU TFREC,2017-11-26 01:44:20.800582
2017-08-07,01:15,65.2,65.2,51.6,61.4,0.0,SW@0.9,2.8,82.3,0.0,0,29.89,"WSU TFREC, Wenatchee, Chelan County",330141,WSU TFREC,2017-11-26 01:44:20.800582
2017-08-07,01:30,64.5,64.4,51.2,62.1,0.0,S@0.3,2.1,82.3,0.0,0,29.9,"WSU TFREC, Wenatchee, Chelan County",330141,WSU TFREC,2017-11-26 01:44:20.800582
2017-08-07,01:45,65.6,65.6,50.7,58.5,0.0,SW@1.2,4.2,82.2,0.0,0,29.9,"WSU TFREC, Wenatchee, Chelan County",330141,WSU TFREC,2017-11-26 01:44:20.800582
2017-08-07,02:00,65.4,65.4,50.6,58.7,0.0,SW@0.6,2.8,82.2,0.0,0,29.9,"WSU TFREC, Wenatchee, Chelan County",330141,WSU TFREC,2017-11-26 01:44:20.800582
2017-08-07,02:15,65.0,64.8,50.2,58.6,0.0,N@0.0,0.0,82.2,0.0,0,29.9,"WSU TFREC, Wenatchee, Chelan County",330141,WSU TFREC,2017-11-26 01:44:20.800582
2017-08-07,02:30,64.1,64.0,50.2,60.5,0.0,N@0.0,0.0,82.2,0.0,0,29.9,"WSU TFREC, Wenatchee, Chelan County",330141,WSU TFREC,2017-11-26 01:44:20.800582
2017-08-07,02:45,63.2,63.2,49.7,61.3,0.0,N@0.0,0.0,82.1,0.0,0,29.91,"WSU TFREC, Wenatchee, Chelan County",330141,WSU TFREC,2017-11-26 01:44:20.800582
2017-08-07,03:00,64.2,64.1,49.2,58.0,0.0,SW@1.0,3.1,82.1,0.0,0,29.91,"WSU TFREC, Wenatchee, Chelan County",330141,WSU TFREC,2017-11-26 01:44:20.800582
2017-08-07,03:15,63.7,63.6,49.3,59.4,0.0,SW@1.1,3.1,82.1,0.0,0,29.91,"WSU TFREC, Wenatchee, Chelan County",330141,WSU TFREC,2017-11-26 01:44:20.800582
2017-08-07,03:30,63.0,62.9,49.2,60.5,0.0,S@0.2,2.4,82.0,0.0,0,29.91,"WSU TFREC, Wenatchee, Chelan County",330141,WSU TFREC,2017-11-26 01:44:20.800582
2017-08-07,03:45,62.6,62.5,49.4,61.9,0.0,N@0.0,0.0,82.0,0.0,0,29.91,"WSU TFREC, Wenatchee, Chelan County",330141,WSU TFREC,2017-11-26 01:44:20.800582
2017-08-07,04:00,62.3,62.1,49.2,62.1,0.0,N@0.0,0.0,81.9,0.0,0,29.91,"WSU TFREC, Wenatchee, Chelan County",330141,WSU TFREC,2017-11-26 01:44:20.800582
2017-08-07,04:15,61.6,61.6,49.1,63.4,0.0,N@0.0,0.0,81.9,0.0,0,29.92,"WSU TFREC, Wenatchee, Chelan County",330141,WSU TFREC,2017-11-26 01:44:20.800582
2017-08-07,04:30,61.7,61.6,49.3,63.7,0.0,SW@0.7,3.9,81.9,0.0,0,29.92,"WSU TFREC, Wenatchee, Chelan County",330141,WSU TFREC,2017-11-26 01:44:20.800582
2017-08-07,04:45,61.2,61.1,48.9,63.8,0.0,N@0.0,0.0,81.8,0.0,2,29.93,"WSU TFREC, Wenatchee, Chelan County",330141,WSU TFREC,2017-11-26 01:44:20.800582
2017-08-07,05:00,60.9,60.6,48.9,64.4,0.0,N@0.0,0.0,81.8,0.0,5,29.93,"WSU TFREC, Wenatchee, Chelan County",330141,WSU TFREC,2017-11-26 01:44:20.800582
2017-08-07,05:15,60.7,60.4,48.6,64.4,0.0,N@0.0,0.0,81.7,0.0,14,29.94,"WSU TFREC, Wenatchee, Chelan County",330141,WSU TFREC,2017-11-26 01:44:20.800582
2017-08-07,05:30,60.8,60.7,49.4,66.0,0.0,N@0.0,0.0,81.7,0.0,27,29.94,"WSU TFREC, Wenatchee, Chelan County",330141,WSU TFREC,2017-11-26 01:44:20.800582
2017-08-07,05:45,61.6,61.5,50.1,65.8,0.0,N@0.0,0.0,81.6,0.0,45,29.95,"WSU TFREC, Wenatchee, Chelan County",330141,WSU TFREC,2017-11-26 01:44:20.800582
2017-08-07,06:00,63.5,63.5,49.9,61.0,0.0,NW@0.5,3.1,81.6,0.0,66,29.95,"WSU TFREC, Wenatchee, Chelan County",330141,WSU TFREC,2017-11-26 01:44:20.800582
2017-08-07,06:15,65.2,65.2,51.5,61.1,0.0,W@0.2,2.1,81.5,0.0,90,29.96,"WSU TFREC, Wenatchee, Chelan County",330141,WSU TFREC,2017-11-26 01:44:20.800582
2017-08-07,06:30,66.8,66.5,52.5,59.9,0.0,N@0.0,0.0,81.5,0.0,115,29.95,"WSU TFREC, Wenatchee, Chelan County",330141,WSU TFREC,2017-11-26 01:44:20.800582
2017-08-07,06:45,68.7,68.7,53.2,57.7,0.0,S@0.3,2.4,81.4,0.0,144,29.95,"WSU TFREC, Wenatchee, Chelan County",330141,WSU TFREC,2017-11-26 01:44:20.800582
2017-08-07,07:00,70.3,70.5,51.1,50.5,0.0,SE@1.2,2.4,81.4,0.0,176,29.95,"WSU TFREC, Wenatchee, Chelan County",330141,WSU TFREC,2017-11-26 01:44:20.800582
2017-08-07,07:15,71.9,71.7,51.2,48.1,0.0,NE@0.2,1.7,81.3,0.0,219,29.95,"WSU TFREC, Wenatchee, Chelan County",330141,WSU TFREC,2017-11-26 01:44:20.800582
2017-08-07,07:30,73.5,73.6,50.6,44.4,0.0,N@0.0,0.0,81.2,0.0,221,29.95,"WSU TFREC, Wenatchee, Chelan County",330141,WSU TFREC,2017-11-26 01:44:20.800582
2017-08-07,07:45,74.6,74.7,49.7,41.5,0.0,SE@1.3,2.8,81.2,0.0,288,29.95,"WSU TFREC, Wenatchee, Chelan County",330141,WSU TFREC,2017-11-26 01:44:20.800582
2017-08-07,08:00,74.8,75.0,49.6,41.0,0.0,SE@1.8,4.2,81.1,0.0,324,29.94,"WSU TFREC, Wenatchee, Chelan County",330141,WSU TFREC,2017-11-26 01:44:20.800582
2017-08-07,08:15,76.0,76.2,49.7,39.6,0.0,SE@2.6,4.6,81.1,0.0,363,29.95,"WSU TFREC, Wenatchee, Chelan County",330141,WSU TFREC,2017-11-26 01:44:20.800582
2017-08-07,08:30,77.5,77.6,48.7,36.2,0.0,SE@2.5,3.9,81.0,0.0,398,29.94,"WSU TFREC, Wenatchee, Chelan County",330141,WSU TFREC,2017-11-26 01:44:20.800582
2017-08-07,08:45,78.4,78.8,47.6,33.8,0.0,S@2.7,4.6,81.0,0.0,431,29.95,"WSU TFREC, Wenatchee, Chelan County",330141,WSU TFREC,2017-11-26 01:44:20.800582
2017-08-07,09:00,79.0,79.2,47.6,33.1,0.0,SE@3.0,4.6,80.9,0.0,469,29.95,"WSU TFREC, Wenatchee, Chelan County",330141,WSU TFREC,2017-11-26 01:44:20.800582
2017-08-07,09:15,80.1,80.4,47.6,32.0,0.0,SE@2.3,4.2,80.8,0.0,507,29.95,"WSU TFREC, Wenatchee, Chelan County",330141,WSU TFREC,2017-11-26 01:44:20.800582
2017-08-07,09:30,81.2,81.7,48.4,31.7,0.0,SE@2.3,4.6,80.8,0.0,542,29.95,"WSU TFREC, Wenatchee, Chelan County",330141,WSU TFREC,2017-11-26 01:44:20.800582
2017-08-07,09:45,82.4,82.4,48.7,30.9,0.0,SE@2.1,4.2,80.7,0.0,566,29.95,"WSU TFREC, Wenatchee, Chelan County",330141,WSU TFREC,2017-11-26 01:44:20.800582
2017-08-07,10:00,82.9,83.7,49.1,30.9,0.0,N@3.8,6.7,80.7,0.0,593,29.95,"WSU TFREC, Wenatchee, Chelan County",330141,WSU TFREC,2017-11-26 01:44:20.800582
2017-08-07,10:15,84.0,84.3,48.3,28.9,0.0,N@2.5,4.6,80.7,0.0,624,29.94,"WSU TFREC, Wenatchee, Chelan County",330141,WSU TFREC,2017-11-26 01:44:20.800582
2017-08-07,10:30,85.1,85.8,47.7,27.3,0.0,NE@2.6,4.9,80.6,0.0,643,29.94,"WSU TFREC, Wenatchee, Chelan County",330141,WSU TFREC,2017-11-26 01:44:20.800582
2017-08-07,10:45,86.5,86.8,46.6,25.1,0.0,E@2.2,5.3,80.6,0.0,663,29.94,"WSU TFREC, Wenatchee, Chelan County",330141,WSU TFREC,2017-11-26 01:44:20.800582
2017-08-07,11:00,88.0,88.4,46.8,24.0,0.0,E@2.2,4.2,80.6,0.0,680,29.93,"WSU TFREC, Wenatchee, Chelan County",330141,WSU TFREC,2017-11-26 01:44:20.800582
2017-08-07,11:15,88.1,88.3,46.4,23.7,0.0,E@2.3,4.6,80.6,0.0,695,29.93,"WSU TFREC, Wenatchee, Chelan County",330141,WSU TFREC,2017-11-26 01:44:20.800582
2017-08-07,11:30,89.3,89.5,45.6,22.1,0.0,E@2.6,4.2,80.5,0.0,708,29.92,"WSU TFREC, Wenatchee, Chelan County",330141,WSU TFREC,2017-11-26 01:44:20.800582
2017-08-07,11:45,90.7,90.8,45.5,21.0,0.0,SW@2.1,3.9,80.5,0.0,717,29.92,"WSU TFREC, Wenatchee, Chelan County",330141,WSU TFREC,2017-11-26 01:44:20.800582
2017-08-07,12:00,92.1,92.3,45.5,20.2,0.0,SE@2.2,3.9,80.5,0.0,720,29.91,"WSU TFREC, Wenatchee, Chelan County",330141,WSU TFREC,2017-11-26 01:44:20.800582
2017-08-07,12:15,92.7,92.8,43.2,18.1,0.0,E@2.7,4.9,80.5,0.0,720,29.9,"WSU TFREC, Wenatchee, Chelan County",330141,WSU TFREC,2017-11-26 01:44:20.800582
2017-08-07,12:30,93.1,93.6,43.6,18.2,0.0,E@2.7,4.6,80.5,0.0,721,29.89,"WSU TFREC, Wenatchee, Chelan County",330141,WSU TFREC,2017-11-26 01:44:20.800582
2017-08-07,12:45,94.1,94.3,43.6,17.6,0.0,NE@2.3,3.9,80.5,0.0,718,29.89,"WSU TFREC, Wenatchee, Chelan County",330141,WSU TFREC,2017-11-26 01:44:20.800582
2017-08-07,13:00,96.1,96.2,42.9,16.1,0.0,S@1.9,4.9,80.6,0.0,715,29.88,"WSU TFREC, Wenatchee, Chelan County",330141,WSU TFREC,2017-11-26 01:44:20.800582
2017-08-07,13:15,96.7,96.7,41.3,14.9,0.0,SE@2.6,4.2,80.6,0.0,701,29.87,"WSU TFREC, Wenatchee, Chelan County",330141,WSU TFREC,2017-11-26 01:44:20.800582
2017-08-07,13:30,97.7,97.7,40.8,14.2,0.0,S@3.2,5.7,80.6,0.0,686,29.87,"WSU TFREC, Wenatchee, Chelan County",330141,WSU TFREC,2017-11-26 01:44:20.800582
2017-08-07,13:45,98.3,98.6,40.6,13.8,0.0,S@3.0,5.3,80.6,0.0,666,29.86,"WSU TFREC, Wenatchee, Chelan County",330141,WSU TFREC,2017-11-26 01:44:20.800582
2017-08-07,14:00,99.0,99.1,40.9,13.7,0.0,E@3.3,6.0,80.7,0.0,644,29.85,"WSU TFREC, Wenatchee, Chelan County",330141,WSU TFREC,2017-11-26 01:44:20.800582
2017-08-07,14:15,99.6,99.6,40.9,13.4,0.0,SE@2.9,5.3,80.7,0.0,625,29.84,"WSU TFREC, Wenatchee, Chelan County",330141,WSU TFREC,2017-11-26 01:44:20.800582
2017-08-07,14:30,100.2,100.0,41.9,13.7,0.0,SE@3.2,5.7,80.8,0.0,596,29.84,"WSU TFREC, Wenatchee, Chelan County",330141,WSU TFREC,2017-11-26 01:44:20.800582
2017-08-07,14:45,100.1,100.2,40.9,13.2,0.0,SE@3.2,5.3,80.8,0.0,570,29.84,"WSU TFREC, Wenatchee, Chelan County",330141,WSU TFREC,2017-11-26 01:44:20.800582
2017-08-07,15:00,100.4,100.5,38.8,12.1,0.0,SE@3.6,6.7,80.9,0.0,538,29.83,"WSU TFREC, Wenatchee, Chelan County",330141,WSU TFREC,2017-11-26 01:44:20.800582
2017-08-07,15:15,101.0,101.0,39.1,12.0,0.0,SE@3.0,6.0,80.9,0.0,504,29.83,"WSU TFREC, Wenatchee, Chelan County",330141,WSU TFREC,2017-11-26 01:44:20.800582
2017-08-07,15:30,100.8,100.8,39.9,12.4,0.0,SE@2.8,6.0,81.0,0.0,470,29.83,"WSU TFREC, Wenatchee, Chelan County",330141,WSU TFREC,2017-11-26 01:44:20.800582
2017-08-07,15:45,100.7,100.7,39.3,12.2,0.0,SE@3.5,6.7,81.0,0.0,433,29.83,"WSU TFREC, Wenatchee, Chelan County",330141,WSU TFREC,2017-11-26 01:44:20.800582
2017-08-07,16:00,100.0,100.1,39.4,12.5,0.0,SE@3.5,6.4,81.1,0.0,396,29.82,"WSU TFREC, Wenatchee, Chelan County",330141,WSU TFREC,2017-11-26 01:44:20.800582
2017-08-07,16:15,100.5,100.5,40.3,12.8,0.0,SE@2.6,4.9,81.2,0.0,359,29.82,"WSU TFREC, Wenatchee, Chelan County",330141,WSU TFREC,2017-11-26 01:44:20.800582
2017-08-07,16:30,100.1,100.2,40.4,13.0,0.0,E@3.0,6.0,81.3,0.0,324,29.82,"WSU TFREC, Wenatchee, Chelan County",330141,WSU TFREC,2017-11-26 01:44:20.800582
2017-08-07,16:45,99.6,99.7,39.9,12.9,0.0,E@3.2,6.4,81.3,0.0,283,29.82,"WSU TFREC, Wenatchee, Chelan County",330141,WSU TFREC,2017-11-26 01:44:20.800582
2017-08-07,17:00,99.1,99.1,43.6,15.1,0.0,S@2.3,4.6,81.4,0.0,244,29.82,"WSU TFREC, Wenatchee, Chelan County",330141,WSU TFREC,2017-11-26 01:44:20.800582
2017-08-07,17:15,97.6,97.6,47.0,18.0,0.0,S@1.6,4.2,81.5,0.0,209,29.82,"WSU TFREC, Wenatchee, Chelan County",330141,WSU TFREC,2017-11-26 01:44:20.800582
2017-08-07,17:30,94.3,94.5,49.7,22.1,0.0,SW@1.4,3.1,81.6,0.0,176,29.82,"WSU TFREC, Wenatchee, Chelan County",330141,WSU TFREC,2017-11-26 01:44:20.800582
2017-08-07,17:45,92.0,92.0,52.8,26.5,0.0,SW@0.6,2.1,81.6,0.0,146,29.82,"WSU TFREC, Wenatchee, Chelan County",330141,WSU TFREC,2017-11-26 01:44:20.800582
2017-08-07,18:00,90.6,90.7,55.1,30.1,0.0,SW@0.3,2.4,81.7,0.0,117,29.83,"WSU TFREC, Wenatchee, Chelan County",330141,WSU TFREC,2017-11-26 01:44:20.800582
2017-08-07,18:15,88.2,88.5,55.8,33.3,0.0,N@0.0,0.0,81.8,0.0,90,29.83,"WSU TFREC, Wenatchee, Chelan County",330141,WSU TFREC,2017-11-26 01:44:20.800582
2017-08-07,18:30,85.7,86.2,55.3,35.4,0.0,N@0.0,0.0,81.9,0.0,61,29.83,"WSU TFREC, Wenatchee, Chelan County",330141,WSU TFREC,2017-11-26 01:44:20.800582
2017-08-07,18:45,82.0,82.1,54.9,39.3,0.0,SW@0.7,2.1,81.9,0.0,39,29.83,"WSU TFREC, Wenatchee, Chelan County",330141,WSU TFREC,2017-11-26 01:44:20.800582
2017-08-07,19:00,79.8,80.0,53.1,39.5,0.0,W@0.7,2.8,82.0,0.0,25,29.83,"WSU TFREC, Wenatchee, Chelan County",330141,WSU TFREC,2017-11-26 01:44:20.800582
2017-08-07,19:15,82.2,82.2,49.5,32.0,0.0,W@1.5,4.2,82.0,0.0,14,29.83,"WSU TFREC, Wenatchee, Chelan County",330141,WSU TFREC,2017-11-26 01:44:20.800582
2017-08-07,19:30,86.8,86.9,44.4,22.8,0.0,W@2.7,5.3,82.1,0.0,5,29.84,"WSU TFREC, Wenatchee, Chelan County",330141,WSU TFREC,2017-11-26 01:44:20.800582
2017-08-07,19:45,87.2,87.6,43.6,21.8,0.0,NW@2.3,4.2,82.2,0.0,1,29.85,"WSU TFREC, Wenatchee, Chelan County",330141,WSU TFREC,2017-11-26 01:44:20.800582
2017-08-07,20:00,87.8,88.1,43.2,21.1,0.0,NW@3.0,6.0,82.2,0.0,0,29.86,"WSU TFREC, Wenatchee, Chelan County",330141,WSU TFREC,2017-11-26 01:44:20.800582
2017-08-07,20:15,87.6,88.0,43.5,21.5,0.0,W@2.9,6.0,82.3,0.0,0,29.86,"WSU TFREC, Wenatchee, Chelan County",330141,WSU TFREC,2017-11-26 01:44:20.800582
2017-08-07,20:30,81.7,81.7,46.1,28.7,0.0,S@1.5,2.8,82.3,0.0,0,29.86,"WSU TFREC, Wenatchee, Chelan County",330141,WSU TFREC,2017-11-26 01:44:20.800582
2017-08-07,20:45,80.5,80.5,45.4,29.1,0.0,SW@1.7,3.1,82.4,0.0,0,29.86,"WSU TFREC, Wenatchee, Chelan County",330141,WSU TFREC,2017-11-26 01:44:20.800582
2017-08-07,21:00,80.0,79.9,45.7,29.8,0.0,S@2.5,4.6,82.4,0.0,0,29.86,"WSU TFREC, Wenatchee, Chelan County",330141,WSU TFREC,2017-11-26 01:44:20.800582
2017-08-07,21:15,81.7,81.6,44.8,27.3,0.0,S@2.1,6.7,82.5,0.0,0,29.86,"WSU TFREC, Wenatchee, Chelan County",330141,WSU TFREC,2017-11-26 01:44:20.800582
2017-08-07,21:30,81.9,81.9,46.6,29.0,0.0,S@2.0,3.9,82.5,0.0,0,29.87,"WSU TFREC, Wenatchee, Chelan County",330141,WSU TFREC,2017-11-26 01:44:20.800582
2017-08-07,21:45,77.4,77.5,47.5,34.7,0.0,SW@2.3,4.2,82.5,0.0,0,29.87,"WSU TFREC, Wenatchee, Chelan County",330141,WSU TFREC,2017-11-26 01:44:20.800582
2017-08-07,22:00,79.3,79.4,45.4,30.2,0.0,S@2.7,4.6,82.6,0.0,0,29.87,"WSU TFREC, Wenatchee, Chelan County",330141,WSU TFREC,2017-11-26 01:44:20.800582
2017-08-07,22:15,81.1,81.3,43.3,26.3,0.0,SW@2.6,4.6,82.6,0.0,0,29.87,"WSU TFREC, Wenatchee, Chelan County",330141,WSU TFREC,2017-11-26 01:44:20.800582
2017-08-07,22:30,82.5,82.6,42.4,24.3,0.0,SW@2.6,4.9,82.6,0.0,0,29.87,"WSU TFREC, Wenatchee, Chelan County",330141,WSU TFREC,2017-11-26 01:44:20.800582
2017-08-07,22:45,79.8,79.9,44.7,29.0,0.0,S@2.0,5.7,82.6,0.0,0,29.87,"WSU TFREC, Wenatchee, Chelan County",330141,WSU TFREC,2017-11-26 01:44:20.800582
2017-08-07,23:00,81.4,81.5,43.4,26.1,0.0,S@2.5,8.9,82.6,0.0,0,29.88,"WSU TFREC, Wenatchee, Chelan County",330141,WSU TFREC,2017-11-26 01:44:20.800582
2017-08-08,23:15,79.9,80.0,44.5,28.6,0.0,S@3.0,5.3,82.6,0.0,0,29.88,"WSU TFREC, Wenatchee, Chelan County",330141,WSU TFREC,2017-11-26 01:44:20.800582
2017-08-08,23:30,78.7,78.8,45.4,30.7,0.0,SW@3.2,6.4,82.6,0.0,0,29.88,"WSU TFREC, Wenatchee, Chelan County",330141,WSU TFREC,2017-11-26 01:44:20.800582
2017-08-08,23:45,78.3,78.5,45.4,31.2,0.0,SE@3.5,7.1,82.6,0.0,0,29.88,"WSU TFREC, Wenatchee, Chelan County",330141,WSU TFREC,2017-11-26 01:44:20.800582
2017-08-08,24:00,76.8,77.0,46.3,33.9,0.0,SW@2.4,4.2,82.7,0.0,0,29.89,"WSU TFREC, Wenatchee, Chelan County",330141,WSU TFREC,2017-11-26 01:44:20.800582
2017-08-08,00:15,75.1,75.2,46.5,36.1,0.0,SW@2.2,4.6,82.6,0.0,0,29.89,"WSU TFREC, Wenatchee, Chelan County",330141,WSU TFREC,2017-11-26 01:44:20.800582
2017-08-08,00:30,75.9,75.9,46.0,34.6,0.0,SW@3.2,6.4,82.6,0.0,0,29.89,"WSU TFREC, Wenatchee, Chelan County",330141,WSU TFREC,2017-11-26 01:44:20.800582
2017-08-08,00:45,74.4,74.5,46.3,36.8,0.0,SW@1.7,3.9,82.6,0.0,0,29.89,"WSU TFREC, Wenatchee, Chelan County",330141,WSU TFREC,2017-11-26 01:44:20.800582
2017-08-08,01:00,73.1,73.2,46.4,38.5,0.0,SW@2.5,4.9,82.6,0.0,0,29.89,"WSU TFREC, Wenatchee, Chelan County",330141,WSU TFREC,2017-11-26 01:44:20.800582
2017-08-08,01:15,74.6,74.7,46.1,36.2,0.0,SW@2.8,5.3,82.6,0.0,0,29.89,"WSU TFREC, Wenatchee, Chelan County",330141,WSU TFREC,2017-11-26 01:44:20.800582
2017-08-08,01:30,71.8,71.9,46.9,41.1,0.0,SW@2.1,4.2,82.6,0.0,0,29.9,"WSU TFREC, Wenatchee, Chelan County",330141,WSU TFREC,2017-11-26 01:44:20.800582
2017-08-08,01:45,71.6,71.7,46.5,40.7,0.0,W@2.2,3.9,82.5,0.0,0,29.9,"WSU TFREC, Wenatchee, Chelan County",330141,WSU TFREC,2017-11-26 01:44:20.800582
2017-08-08,02:00,70.5,70.6,46.7,42.7,0.0,W@1.3,3.1,82.5,0.0,0,29.9,"WSU TFREC, Wenatchee, Chelan County",330141,WSU TFREC,2017-11-26 01:44:20.800582
2017-08-08,02:15,69.0,69.2,46.9,45.1,0.0,W@2.1,3.5,82.5,0.0,0,29.91,"WSU TFREC, Wenatchee, Chelan County",330141,WSU TFREC,2017-11-26 01:44:20.800582
2017-08-08,02:30,68.2,68.3,47.2,46.8,0.0,SW@1.6,2.8,82.5,0.0,0,29.91,"WSU TFREC, Wenatchee, Chelan County",330141,WSU TFREC,2017-11-26 01:44:20.800582
2017-08-08,02:45,66.8,66.8,47.5,49.8,0.0,SW@1.4,3.9,82.4,0.0,0,29.91,"WSU TFREC, Wenatchee, Chelan County",330141,WSU TFREC,2017-11-26 01:44:20.800582
2017-08-08,03:00,67.8,67.6,47.2,47.7,0.0,SW@0.9,2.8,82.4,0.0,0,29.92,"WSU TFREC, Wenatchee, Chelan County",330141,WSU TFREC,2017-11-26 01:44:20.800582
2017-08-08,03:15,65.6,65.5,48.0,52.9,0.0,W@0.2,3.1,82.4,0.0,0,29.92,"WSU TFREC, Wenatchee, Chelan County",330141,WSU TFREC,2017-11-26 01:44:20.800582
2017-08-08,03:30,66.3,66.3,47.3,50.3,0.0,SW@1.0,2.8,82.4,0.0,0,29.93,"WSU TFREC, Wenatchee, Chelan County",330141,WSU TFREC,2017-11-26 01:44:20.800582
2017-08-08,03:45,65.3,65.5,47.5,52.3,0.0,S@1.1,3.1,82.3,0.0,0,29.92,"WSU TFREC, Wenatchee, Chelan County",330141,WSU TFREC,2017-11-26 01:44:20.800582
2017-08-08,04:00,64.4,64.4,47.8,54.7,0.0,W@0.2,2.1,82.3,0.0,0,29.93,"WSU TFREC, Wenatchee, Chelan County",330141,WSU TFREC,2017-11-26 01:44:20.800582
2017-08-08,04:15,63.7,63.6,47.3,55.1,0.0,S@0.4,2.4,82.3,0.0,0,29.93,"WSU TFREC, Wenatchee, Chelan County",330141,WSU TFREC,2017-11-26 01:44:20.800582
2017-08-08,04:30,63.5,63.5,47.4,55.6,0.0,SW@0.7,3.1,82.2,0.0,0,29.93,"WSU TFREC, Wenatchee, Chelan County",330141,WSU TFREC,2017-11-26 01:44:20.800582
2017-08-08,04:45,63.2,63.1,47.8,57.2,0.0,N@0.0,0.0,82.2,0.0,1,29.94,"WSU TFREC, Wenatchee, Chelan County",330141,WSU TFREC,2017-11-26 01:44:20.800582
2017-08-08,05:00,62.7,62.6,47.4,57.4,0.0,S@0.1,2.1,82.2,0.0,4,29.94,"WSU TFREC, Wenatchee, Chelan County",330141,WSU TFREC,2017-11-26 01:44:20.800582
2017-08-08,05:15,62.0,62.0,48.0,60.1,0.0,SW@0.5,2.8,82.1,0.0,13,29.95,"WSU TFREC, Wenatchee, Chelan County",330141,WSU TFREC,2017-11-26 01:44:20.800582
2017-08-08,05:30,63.1,63.1,47.9,57.5,0.0,SW@1.0,3.1,82.1,0.0,25,29.95,"WSU TFREC, Wenatchee, Chelan County",330141,WSU TFREC,2017-11-26 01:44:20.800582
2017-08-08,05:45,63.9,63.9,48.9,57.9,0.0,SE@0.2,2.4,82.0,0.0,42,29.95,"WSU TFREC, Wenatchee, Chelan County",330141,WSU TFREC,2017-11-26 01:44:20.800582
2017-08-08,06:00,64.7,64.7,49.8,58.4,0.0,SE@0.2,1.7,82.0,0.0,64,29.96,"WSU TFREC, Wenatchee, Chelan County",330141,WSU TFREC,2017-11-26 01:44:20.800582
2017-08-08,06:15,66.6,66.6,50.8,56.6,0.0,W@1.0,3.1,81.9,0.0,89,29.95,"WSU TFREC, Wenatchee, Chelan County",330141,WSU TFREC,2017-11-26 01:44:20.800582
2017-08-08,06:30,69.2,69.1,49.3,49.1,0.0,S@1.8,3.1,81.9,0.0,119,29.96,"WSU TFREC, Wenatchee, Chelan County",330141,WSU TFREC,2017-11-26 01:44:20.800582
2017-08-08,06:45,70.7,70.7,48.9,45.9,0.0,S@0.8,2.4,81.8,0.0,151,29.95,"WSU TFREC, Wenatchee, Chelan County",330141,WSU TFREC,2017-11-26 01:44:20.800582
2017-08-08,07:00,72.2,72.4,49.0,43.8,0.0,S@0.2,2.8,81.8,0.0,185,29.95,"WSU TFREC, Wenatchee, Chelan County",330141,WSU TFREC,2017-11-26 01:44:20.800582
2017-08-08,07:15,73.2,73.6,48.4,41.3,0.0,S@0.3,3.9,81.7,0.0,221,29.95,"WSU TFREC, Wenatchee, Chelan County",330141,WSU TFREC,2017-11-26 01:44:20.800582
2017-08-08,07:30,74.4,74.6,48.3,39.7,0.0,S@0.4,3.5,81.7,0.0,259,29.95,"WSU TFREC, Wenatchee, Chelan County",330141,WSU TFREC,2017-11-26 01:44:20.800582
2017-08-08,07:45,76.1,76.3,48.9,38.4,0.0,E@1.4,2.8,81.6,0.0,297,29.94,"WSU TFREC, Wenatchee, Chelan County",330141,WSU TFREC,2017-11-26 01:44:20.800582
2017-08-08,08:00,76.9,77.0,47.8,35.8,0.0,SE@1.7,3.5,81.6,0.0,336,29.95,"WSU TFREC, Wenatchee, Chelan County",330141,WSU TFREC,2017-11-26 01:44:20.800582
2017-08-08,08:15,77.7,78.0,47.8,34.9,0.0,SE@2.5,4.2,81.5,0.0,375,29.95,"WSU TFREC, Wenatchee, Chelan County",330141,WSU TFREC,2017-11-26 01:44:20.800582
2017-08-08,08:30,78.3,78.6,48.0,34.3,0.0,SE@2.5,4.6,81.5,0.0,411,29.95,"WSU TFREC, Wenatchee, Chelan County",330141,WSU TFREC,2017-11-26 01:44:20.800582
2017-08-08,08:45,79.2,79.7,47.4,32.7,0.0,S@2.5,4.2,81.4,0.0,448,29.95,"WSU TFREC, Wenatchee, Chelan County",330141,WSU TFREC,2017-11-26 01:44:20.800582
2017-08-08,09:00,80.5,80.8,47.2,31.1,0.0,S@2.4,4.2,81.4,0.0,484,29.95,"WSU TFREC, Wenatchee, Chelan County",330141,WSU TFREC,2017-11-26 01:44:20.800582
2017-08-08,09:15,81.3,81.6,46.4,29.4,0.0,S@2.4,4.2,81.3,0.0,516,29.95,"WSU TFREC, Wenatchee, Chelan County",330141,WSU TFREC,2017-11-26 01:44:20.800582
2017-08-08,09:30,83.1,83.3,46.7,28.0,0.0,S@1.6,3.5,81.3,0.0,547,29.95,"WSU TFREC, Wenatchee, Chelan County",330141,WSU TFREC,2017-11-26 01:44:20.800582
2017-08-08,09:45,83.8,84.2,48.2,29.0,0.0,NE@2.5,4.2,81.2,0.0,578,29.95,"WSU TFREC, Wenatchee, Chelan County",330141,WSU TFREC,2017-11-26 01:44:20.800582
2017-08-08,10:00,83.9,84.4,47.2,27.8,0.0,SW@2.3,4.2,81.2,0.0,606,29.94,"WSU TFREC, Wenatchee, Chelan County",330141,WSU TFREC,2017-11-26 01:44:20.800582
2017-08-08,10:15,85.5,85.7,46.4,25.6,0.0,SE@2.1,4.2,81.1,0.0,627,29.94,"WSU TFREC, Wenatchee, Chelan County",330141,WSU TFREC,2017-11-26 01:44:20.800582
2017-08-08,10:30,86.2,86.5,46.3,25.0,0.0,E@2.0,3.9,81.1,0.0,647,29.93,"WSU TFREC, Wenatchee, Chelan County",330141,WSU TFREC,2017-11-26 01:44:20.800582
2017-08-08,10:45,87.7,87.8,46.7,24.2,0.0,SE@2.5,4.6,81.1,0.0,668,29.93,"WSU TFREC, Wenatchee, Chelan County",330141,WSU TFREC,2017-11-26 01:44:20.800582
2017-08-08,11:00,87.5,87.7,48.3,25.9,0.0,NE@2.4,4.6,81.1,0.0,671,29.93,"WSU TFREC, Wenatchee, Chelan County",330141,WSU TFREC,2017-11-26 01:44:20.800582
2017-08-08,11:15,88.6,88.7,48.4,25.0,0.0,NE@1.3,4.6,81.0,0.0,692,29.92,"WSU TFREC, Wenatchee, Chelan County",330141,WSU TFREC,2017-11-26 01:44:20.800582
2017-08-08,11:30,89.5,89.6,47.6,23.6,0.0,E@2.2,4.9,81.0,0.0,702,29.91,"WSU TFREC, Wenatchee, Chelan County",330141,WSU TFREC,2017-11-26 01:44:20.800582
2017-08-08,11:45,90.6,90.6,46.3,21.8,0.0,NE@1.9,4.6,81.0,0.0,709,29.91,"WSU TFREC, Wenatchee, Chelan County",330141,WSU TFREC,2017-11-26 01:44:20.800582
2017-08-08,12:00,91.0,91.2,47.5,22.4,0.0,N@2.5,4.6,81.0,0.0,715,29.9,"WSU TFREC, Wenatchee, Chelan County",330141,WSU TFREC,2017-11-26 01:44:20.800582
2017-08-08,12:15,92.7,92.8,46.2,20.3,0.0,E@0.6,3.5,81.0,0.0,718,29.89,"WSU TFREC, Wenatchee, Chelan County",330141,WSU TFREC,2017-11-26 01:44:20.800582
2017-08-08,12:30,92.5,92.7,47.4,21.4,0.0,NE@0.8,4.2,81.0,0.0,715,29.89,"WSU TFREC, Wenatchee, Chelan County",330141,WSU TFREC,2017-11-26 01:44:20.800582
2017-08-08,12:45,94.6,94.7,46.6,19.4,0.0,N@0.0,0.0,81.0,0.0,712,29.88,"WSU TFREC, Wenatchee, Chelan County",330141,WSU TFREC,2017-11-26 01:44:20.800582
2017-08-08,13:00,96.1,96.1,46.4,18.4,0.0,E@2.2,3.9,81.1,0.0,703,29.87,"WSU TFREC, Wenatchee, Chelan County",330141,WSU TFREC,2017-11-26 01:44:20.800582
2017-08-08,13:15,95.4,95.6,47.2,19.4,0.0,N@2.5,4.9,81.1,0.0,696,29.86,"WSU TFREC, Wenatchee, Chelan County",330141,WSU TFREC,2017-11-26 01:44:20.800582
2017-08-08,13:30,95.5,95.7,45.4,18.0,0.0,N@2.7,4.9,81.1,0.0,683,29.85,"WSU TFREC, Wenatchee, Chelan County",330141,WSU TFREC,2017-11-26 01:44:20.800582
2017-08-08,13:45,97.2,97.2,43.8,16.1,0.0,NE@2.2,4.2,81.1,0.0,671,29.85,"WSU TFREC, Wenatchee, Chelan County",330141,WSU TFREC,2017-11-26 01:44:20.800582
2017-08-08,14:00,99.0,98.9,42.8,14.7,0.0,SE@2.2,3.9,81.2,0.0,655,29.84,"WSU TFREC, Wenatchee, Chelan County",330141,WSU TFREC,2017-11-26 01:44:20.800582
2017-08-08,14:15,99.6,99.6,43.6,14.9,0.0,SE@2.4,4.2,81.2,0.0,629,29.83,"WSU TFREC, Wenatchee, Chelan County",330141,WSU TFREC,2017-11-26 01:44:20.800582
2017-08-08,14:30,100.0,100.0,42.3,14.0,0.0,SE@2.5,6.7,81.3,0.0,605,29.83,"WSU TFREC, Wenatchee, Chelan County",330141,WSU TFREC,2017-11-26 01:44:20.800582
2017-08-08,14:45,99.8,99.8,42.4,14.1,0.0,E@2.3,5.7,81.3,0.0,572,29.82,"WSU TFREC, Wenatchee, Chelan County",330141,WSU TFREC,2017-11-26 01:44:20.800582
2017-08-08,15:00,100.2,100.3,43.0,14.3,0.0,SE@2.3,4.9,81.4,0.0,537,29.82,"WSU TFREC, Wenatchee, Chelan County",330141,WSU TFREC,2017-11-26 01:44:20.800582
2017-08-08,15:15,101.4,101.7,45.1,14.9,0.0,S@1.9,4.6,81.4,0.0,503,29.81,"WSU TFREC, Wenatchee, Chelan County",330141,WSU TFREC,2017-11-26 01:44:20.800582
2017-08-08,15:30,100.9,100.9,42.8,13.9,0.0,SE@3.3,7.4,81.5,0.0,460,29.81,"WSU TFREC, Wenatchee, Chelan County",330141,WSU TFREC,2017-11-26 01:44:20.800582
2017-08-08,15:45,100.2,100.2,42.0,13.7,0.0,E@4.0,7.4,81.5,0.0,422,29.8,"WSU TFREC, Wenatchee, Chelan County",330141,WSU TFREC,2017-11-26 01:44:20.800582
2017-08-08,16:00,100.3,100.3,43.1,14.3,0.0,SE@3.9,8.5,81.6,0.0,382,29.8,"WSU TFREC, Wenatchee, Chelan County",330141,WSU TFREC,2017-11-26 01:44:20.800582
2017-08-08,16:15,100.1,100.1,45.0,15.5,0.0,SE@2.8,7.1,81.7,0.0,285,29.8,"WSU TFREC, Wenatchee, Chelan County",330141,WSU TFREC,2017-11-26 01:44:20.800582
2017-08-08,16:30,98.7,98.7,44.9,16.1,0.0,SE@3.0,6.0,81.7,0.0,155,29.8,"WSU TFREC, Wenatchee, Chelan County",330141,WSU TFREC,2017-11-26 01:44:20.800582
2017-08-08,16:45,98.3,98.3,46.3,17.2,0.0,SE@2.5,6.4,81.8,0.0,237,29.8,"WSU TFREC, Wenatchee, Chelan County",330141,WSU TFREC,2017-11-26 01:44:20.800582
2017-08-08,17:00,99.2,99.3,45.9,16.4,0.0,SE@2.3,4.6,81.9,0.0,249,29.8,"WSU TFREC, Wenatchee, Chelan County",330141,WSU TFREC,2017-11-26 01:44:20.800582
2017-08-08,17:15,97.9,98.0,49.5,19.5,0.0,S@1.5,4.2,81.9,0.0,206,29.8,"WSU TFREC, Wenatchee, Chelan County",330141,WSU TFREC,2017-11-26 01:44:20.800582
2017-08-08,17:30,94.7,94.8,51.5,23.3,0.0,SW@1.2,2.1,82.0,0.0,154,29.8,"WSU TFREC, Wenatchee, Chelan County",330141,WSU TFREC,2017-11-26 01:44:20.800582
2017-08-08,17:45,91.1,91.1,54.8,29.4,0.0,SW@0.4,2.4,82.1,0.0,100,29.8,"WSU TFREC, Wenatchee, Chelan County",330141,WSU TFREC,2017-11-26 01:44:20.800582
2017-08-08,18:00,87.7,87.8,57.8,36.3,0.0,W@1.3,2.4,82.2,0.0,56,29.81,"WSU TFREC, Wenatchee, Chelan County",330141,WSU TFREC,2017-11-26 01:44:20.800582
2017-08-08,18:15,84.5,84.5,57.1,39.3,0.0,SW@0.3,1.7,82.2,0.0,46,29.81,"WSU TFREC, Wenatchee, Chelan County",330141,WSU TFREC,2017-11-26 01:44:20.800582
2017-08-08,18:30,83.6,83.5,56.1,39.0,0.0,SW@0.9,3.1,82.3,0.0,49,29.81,"WSU TFREC, Wenatchee, Chelan County",330141,WSU TFREC,2017-11-26 01:44:20.800582
2017-08-08,18:45,83.2,83.2,54.7,37.6,0.0,S@1.0,4.2,82.4,0.0,38,29.81,"WSU TFREC, Wenatchee, Chelan County",330141,WSU TFREC,2017-11-26 01:44:20.800582
2017-08-08,19:00,82.9,83.0,54.2,37.2,0.0,SE@0.1,2.4,82.4,0.0,24,29.81,"WSU TFREC, Wenatchee, Chelan County",330141,WSU TFREC,2017-11-26 01:44:20.800582
2017-08-08,19:15,81.1,81.1,53.0,37.8,0.0,N@0.0,0.0,82.5,0.0,14,29.81,"WSU TFREC, Wenatchee, Chelan County",330141,WSU TFREC,2017-11-26 01:44:20.800582
2017-08-08,19:30,79.5,79.4,52.2,38.7,0.0,SW@0.4,3.5,82.5,0.0,5,29.81,"WSU TFREC, Wenatchee, Chelan County",330141,WSU TFREC,2017-11-26 01:44:20.800582
2017-08-08,19:45,78.5,78.3,53.0,41.2,0.0,W@0.1,3.1,82.6,0.0,0,29.81,"WSU TFREC, Wenatchee, Chelan County",330141,WSU TFREC,2017-11-26 01:44:20.800582
2017-08-08,20:00,76.6,76.4,53.0,43.8,0.0,N@0.0,0.0,82.7,0.0,0,29.81,"WSU TFREC, Wenatchee, Chelan County",330141,WSU TFREC,2017-11-26 01:44:20.800582
2017-08-08,20:15,76.0,75.8,52.4,43.7,0.0,N@0.0,0.0,82.7,0.0,0,29.82,"WSU TFREC, Wenatchee, Chelan County",330141,WSU TFREC,2017-11-26 01:44:20.800582
2017-08-08,20:30,75.2,75.0,51.7,43.8,0.0,N@0.0,0.0,82.8,0.0,0,29.82,"WSU TFREC, Wenatchee, Chelan County",330141,WSU TFREC,2017-11-26 01:44:20.800582
2017-08-08,20:45,74.7,74.7,52.6,46.0,0.0,N@0.0,0.0,82.8,0.0,0,29.82,"WSU TFREC, Wenatchee, Chelan County",330141,WSU TFREC,2017-11-26 01:44:20.800582
2017-08-08,21:00,75.1,75.0,50.4,41.9,0.0,N@0.0,0.0,82.9,0.0,0,29.82,"WSU TFREC, Wenatchee, Chelan County",330141,WSU TFREC,2017-11-26 01:44:20.800582
2017-08-08,21:15,74.4,74.5,50.9,43.6,0.0,N@0.0,0.0,82.9,0.0,0,29.83,"WSU TFREC, Wenatchee, Chelan County",330141,WSU TFREC,2017-11-26 01:44:20.800582
2017-08-08,21:30,74.1,74.0,50.8,44.0,0.0,S@1.0,3.1,82.9,0.0,0,29.83,"WSU TFREC, Wenatchee, Chelan County",330141,WSU TFREC,2017-11-26 01:44:20.800582
2017-08-08,21:45,72.4,72.2,51.1,47.1,0.0,SW@0.4,2.4,83.0,0.0,0,29.84,"WSU TFREC, Wenatchee, Chelan County",330141,WSU TFREC,2017-11-26 01:44:20.800582
2017-08-08,22:00,72.9,72.6,51.6,47.0,0.0,SW@0.8,3.1,83.0,0.0,0,29.84,"WSU TFREC, Wenatchee, Chelan County",330141,WSU TFREC,2017-11-26 01:44:20.800582
2017-08-08,22:15,71.4,71.4,52.2,50.6,0.0,N@0.0,0.0,83.0,0.0,0,29.84,"WSU TFREC, Wenatchee, Chelan County",330141,WSU TFREC,2017-11-26 01:44:20.800582
2017-08-08,22:30,71.6,71.4,53.0,51.8,0.0,SW@0.5,3.1,83.0,0.0,0,29.85,"WSU TFREC, Wenatchee, Chelan County",330141,WSU TFREC,2017-11-26 01:44:20.800582
2017-08-08,22:45,71.8,71.7,52.8,51.2,0.0,SW@0.4,2.8,83.0,0.0,0,29.85,"WSU TFREC, Wenatchee, Chelan County",330141,WSU TFREC,2017-11-26 01:44:20.800582
2017-08-08,23:00,71.3,71.2,53.0,52.2,0.0,S@1.2,3.1,83.0,0.0,0,29.85,"WSU TFREC, Wenatchee, Chelan County",330141,WSU TFREC,2017-11-26 01:44:20.800582
2017-08-09,23:15,69.9,69.8,53.0,54.9,0.0,N@0.0,0.0,83.0,0.0,0,29.86,"WSU TFREC, Wenatchee, Chelan County",330141,WSU TFREC,2017-11-26 01:44:20.800582
2017-08-09,23:30,69.6,69.4,52.2,53.7,0.0,N@0.0,0.0,83.0,0.0,0,29.86,"WSU TFREC, Wenatchee, Chelan County",330141,WSU TFREC,2017-11-26 01:44:20.800582
2017-08-09,23:45,69.8,69.6,52.2,53.5,0.0,N@0.0,0.0,83.0,0.0,0,29.86,"WSU TFREC, Wenatchee, Chelan County",330141,WSU TFREC,2017-11-26 01:44:20.800582
2017-08-09,24:00,68.9,68.8,53.0,56.8,0.0,N@0.0,0.0,83.0,0.0,0,29.87,"WSU TFREC, Wenatchee, Chelan County",330141,WSU TFREC,2017-11-26 01:44:20.800582
2017-08-09,00:15,68.1,67.9,51.8,55.9,0.0,N@0.0,0.0,83.0,0.0,0,29.87,"WSU TFREC, Wenatchee, Chelan County",330141,WSU TFREC,2017-11-26 01:44:20.800582
2017-08-09,00:30,67.8,67.5,51.6,56.1,0.0,N@0.0,0.0,83.0,0.0,0,29.87,"WSU TFREC, Wenatchee, Chelan County",330141,WSU TFREC,2017-11-26 01:44:20.800582
2017-08-09,00:45,68.3,68.1,51.1,54.0,0.0,S@0.2,3.1,83.0,0.0,0,29.88,"WSU TFREC, Wenatchee, Chelan County",330141,WSU TFREC,2017-11-26 01:44:20.800582
2017-08-09,01:00,68.1,68.1,51.5,55.3,0.0,N@0.0,0.0,83.0,0.0,0,29.88,"WSU TFREC, Wenatchee, Chelan County",330141,WSU TFREC,2017-11-26 01:44:20.800582
2017-08-09,01:15,66.7,66.6,51.4,57.8,0.0,N@0.0,0.0,83.0,0.0,0,29.88,"WSU TFREC, Wenatchee, Chelan County",330141,WSU TFREC,2017-11-26 01:44:20.800582
2017-08-09,01:30,66.3,66.1,51.2,58.2,0.0,N@0.0,0.0,83.0,0.0,0,29.89,"WSU TFREC, Wenatchee, Chelan County",330141,WSU TFREC,2017-11-26 01:44:20.800582
2017-08-09,01:45,66.4,66.2,50.5,56.6,0.0,N@0.0,0.0,82.9,0.0,0,29.89,"WSU TFREC, Wenatchee, Chelan County",330141,WSU TFREC,2017-11-26 01:44:20.800582
2017-08-09,02:00,66.9,66.8,50.3,55.1,0.0,S@1.3,3.1,82.9,0.0,0,29.89,"WSU TFREC, Wenatchee, Chelan County",330141,WSU TFREC,2017-11-26 01:44:20.800582
2017-08-09,02:15,66.8,66.7,50.4,55.4,0.0,SW@1.3,2.8,82.8,0.0,0,29.89,"WSU TFREC, Wenatchee, Chelan County",330141,WSU TFREC,2017-11-26 01:44:20.800582
2017-08-09,02:30,65.5,65.5,50.5,58.4,0.0,W@0.7,3.1,82.8,0.0,0,29.9,"WSU TFREC, Wenatchee, Chelan County",330141,WSU TFREC,2017-11-26 01:44:20.800582
2017-08-09,02:45,65.2,65.2,50.4,58.6,0.0,N@0.0,0.0,82.8,0.0,0,29.9,"WSU TFREC, Wenatchee, Chelan County",330141,WSU TFREC,2017-11-26 01:44:20.800582
2017-08-09,03:00,64.5,64.5,50.3,59.9,0.0,N@0.0,0.0,82.8,0.0,0,29.9,"WSU TFREC, Wenatchee, Chelan County",330141,WSU TFREC,2017-11-26 01:44:20.800582
2017-08-09,03:15,64.2,64.0,49.9,59.7,0.0,N@0.0,0.0,82.7,0.0,0,29.9,"WSU TFREC, Wenatchee, Chelan County",330141,WSU TFREC,2017-11-26 01:44:20.800582
2017-08-09,03:30,63.2,63.0,50.4,63.0,0.0,N@0.0,0.0,82.7,0.0,0,29.9,"WSU TFREC, Wenatchee, Chelan County",330141,WSU TFREC,2017-11-26 01:44:20.800582
2017-08-09,03:45,62.5,62.4,50.4,64.5,0.0,N@0.0,0.0,82.6,0.0,0,29.9,"WSU TFREC, Wenatchee, Chelan County",330141,WSU TFREC,2017-11-26 01:44:20.800582
2017-08-09,04:00,62.2,62.1,50.7,65.8,0.0,N@0.0,0.0,82.6,0.0,0,29.91,"WSU TFREC, Wenatchee, Chelan County",330141,WSU TFREC,2017-11-26 01:44:20.800582
2017-08-09,04:15,61.6,61.6,50.5,66.8,0.0,N@0.0,0.0,82.6,0.0,0,29.91,"WSU TFREC, Wenatchee, Chelan County",330141,WSU TFREC,2017-11-26 01:44:20.800582
2017-08-09,04:30,61.7,61.5,50.0,65.4,0.0,N@0.0,0.0,82.5,0.0,0,29.91,"WSU TFREC, Wenatchee, Chelan County",330141,WSU TFREC,2017-11-26 01:44:20.800582
2017-08-09,04:45,61.0,60.9,50.2,67.5,0.0,N@0.0,0.0,82.5,0.0,0,29.92,"WSU TFREC, Wenatchee, Chelan County",330141,WSU TFREC,2017-11-26 01:44:20.800582
2017-08-09,05:00,61.3,61.2,49.9,66.1,0.0,N@0.0,0.0,82.4,0.0,4,29.92,"WSU TFREC, Wenatchee, Chelan County",330141,WSU TFREC,2017-11-26 01:44:20.800582
2017-08-09,05:15,60.8,60.6,50.1,67.9,0.0,N@0.0,0.0,82.4,0.0,10,29.93,"WSU TFREC, Wenatchee, Chelan County",330141,WSU TFREC,2017-11-26 01:44:20.800582
2017-08-09,05:30,61.1,60.9,50.5,68.1,0.0,N@0.0,0.0,82.3,0.0,21,29.93,"WSU TFREC, Wenatchee, Chelan County",330141,WSU TFREC,2017-11-26 01:44:20.800582
2017-08-09,05:45,62.1,62.0,51.3,67.6,0.0,N@0.0,0.0,82.3,0.0,37,29.93,"WSU TFREC, Wenatchee, Chelan County",330141,WSU TFREC,2017-11-26 01:44:20.800582
2017-08-09,06:00,63.1,63.1,52.2,67.4,0.0,N@0.0,0.0,82.2,0.0,59,29.94,"WSU TFREC, Wenatchee, Chelan County",330141,WSU TFREC,2017-11-26 01:44:20.800582
2017-08-09,06:15,64.7,64.7,53.3,66.4,0.0,N@0.0,0.0,82.2,0.0,86,29.94,"WSU TFREC, Wenatchee, Chelan County",330141,WSU TFREC,2017-11-26 01:44:20.800582
2017-08-09,06:30,67.4,67.2,54.7,63.6,0.0,N@0.0,0.0,82.1,0.0,117,29.94,"WSU TFREC, Wenatchee, Chelan County",330141,WSU TFREC,2017-11-26 01:44:20.800582
2017-08-09,06:45,69.8,69.6,54.1,57.4,0.0,N@0.0,0.0,82.1,0.0,150,29.94,"WSU TFREC, Wenatchee, Chelan County",330141,WSU TFREC,2017-11-26 01:44:20.800582
2017-08-09,07:00,72.4,72.5,51.7,48.0,0.0,N@0.0,0.0,82.0,0.0,188,29.93,"WSU TFREC, Wenatchee, Chelan County",330141,WSU TFREC,2017-11-26 01:44:20.800582
2017-08-09,07:15,73.5,73.8,51.6,46.2,0.0,N@0.0,0.0,81.9,0.0,226,29.93,"WSU TFREC, Wenatchee, Chelan County",330141,WSU TFREC,2017-11-26 01:44:20.800582
2017-08-09,07:30,73.9,74.2,52.0,46.2,0.0,SE@0.7,2.8,81.9,0.0,258,29.93,"WSU TFREC, Wenatchee, Chelan County",330141,WSU TFREC,2017-11-26 01:44:20.800582
2017-08-09,07:45,75.1,75.4,51.8,44.0,0.0,SE@1.8,2.8,81.8,0.0,292,29.93,"WSU TFREC, Wenatchee, Chelan County",330141,WSU TFREC,2017-11-26 01:44:20.800582
2017-08-09,08:00,75.7,75.9,52.0,43.5,0.0,SE@2.3,3.9,81.8,0.0,339,29.93,"WSU TFREC, Wenatchee, Chelan County",330141,WSU TFREC,2017-11-26 01:44:20.800582
2017-08-09,08:15,77.0,77.3,51.8,41.4,0.0,SE@2.3,3.9,81.7,0.0,384,29.93,"WSU TFREC, Wenatchee, Chelan County",330141,WSU TFREC,2017-11-26 01:44:20.800582
2017-08-09,08:30,78.2,78.5,50.3,37.6,0.0,SE@1.9,3.9,81.6,0.0,423,29.94,"WSU TFREC, Wenatchee, Chelan County",330141,WSU TFREC,2017-11-26 01:44:20.800582
2017-08-09,08:45,79.6,79.9,50.3,35.9,0.0,SE@2.2,3.5,81.6,0.0,470,29.94,"WSU TFREC, Wenatchee, Chelan County",330141,WSU TFREC,2017-11-26 01:44:20.800582
2017-08-09,09:00,81.0,81.2,50.4,34.4,0.0,E@1.7,3.1,81.5,0.0,513,29.94,"WSU TFREC, Wenatchee, Chelan County",330141,WSU TFREC,2017-11-26 01:44:20.800582
2017-08-09,09:15,81.8,82.1,51.0,34.3,0.0,SE@2.1,3.1,81.5,0.0,550,29.94,"WSU TFREC, Wenatchee, Chelan County",330141,WSU TFREC,2017-11-26 01:44:20.800582
2017-08-09,09:30,82.8,83.0,50.5,32.6,0.0,NE@2.5,4.2,81.4,0.0,582,29.94,"WSU TFREC, Wenatchee, Chelan County",330141,WSU TFREC,2017-11-26 01:44:20.800582
2017-08-09,09:45,83.9,84.3,50.3,31.2,0.0,NE@2.3,4.2,81.4,0.0,615,29.94,"WSU TFREC, Wenatchee, Chelan County",330141,WSU TFREC,2017-11-26 01:44:20.800582
2017-08-09,10:00,85.2,85.5,48.9,28.4,0.0,E@2.2,3.9,81.4,0.0,642,29.94,"WSU TFREC, Wenatchee, Chelan County",330141,WSU TFREC,2017-11-26 01:44:20.800582
2017-08-09,10:15,86.4,86.6,49.3,27.8,0.0,E@2.4,3.9,81.3,0.0,670,29.94,"WSU TFREC, Wenatchee, Chelan County",330141,WSU TFREC,2017-11-26 01:44:20.800582
2017-08-09,10:30,88.1,88.3,49.9,26.9,0.0,SE@2.5,4.9,81.3,0.0,692,29.93,"WSU TFREC, Wenatchee, Chelan County",330141,WSU TFREC,2017-11-26 01:44:20.800582
2017-08-09,10:45,88.1,88.3,50.4,27.5,0.0,E@2.5,4.6,81.2,0.0,706,29.92,"WSU TFREC, Wenatchee, Chelan County",330141,WSU TFREC,2017-11-26 01:44:20.800582
2017-08-09,11:00,89.0,89.1,49.2,25.5,0.0,E@2.9,4.9,81.2,0.0,718,29.92,"WSU TFREC, Wenatchee, Chelan County",330141,WSU TFREC,2017-11-26 01:44:20.800582
2017-08-09,11:15,89.3,89.2,47.2,23.5,0.0,E@2.6,5.3,81.2,0.0,730,29.91,"WSU TFREC, Wenatchee, Chelan County",330141,WSU TFREC,2017-11-26 01:44:20.800582
2017-08-09,11:30,90.6,90.7,47.3,22.6,0.0,SE@2.7,4.6,81.2,0.0,736,29.9,"WSU TFREC, Wenatchee, Chelan County",330141,WSU TFREC,2017-11-26 01:44:20.800582
2017-08-09,11:45,92.0,92.2,48.0,22.2,0.0,E@2.4,4.9,81.2,0.0,745,29.9,"WSU TFREC, Wenatchee, Chelan County",330141,WSU TFREC,2017-11-26 01:44:20.800582
2017-08-09,12:00,93.0,93.0,47.2,20.9,0.0,E@2.3,4.6,81.2,0.0,749,29.89,"WSU TFREC, Wenatchee, Chelan County",330141,WSU TFREC,2017-11-26 01:44:20.800582
2017-08-09,12:15,93.5,93.6,47.2,20.6,0.0,E@3.0,4.9,81.2,0.0,749,29.88,"WSU TFREC, Wenatchee, Chelan County",330141,WSU TFREC,2017-11-26 01:44:20.800582
2017-08-09,12:30,95.1,95.2,44.8,17.9,0.0,SE@2.4,3.5,81.2,0.0,744,29.88,"WSU TFREC, Wenatchee, Chelan County",330141,WSU TFREC,2017-11-26 01:44:20.800582
2017-08-09,12:45,96.0,96.1,44.9,17.5,0.0,NE@2.1,4.9,81.2,0.0,740,29.87,"WSU TFREC, Wenatchee, Chelan County",330141,WSU TFREC,2017-11-26 01:44:20.800582
2017-08-09,13:00,97.5,97.6,44.9,16.7,0.0,E@2.4,4.2,81.2,0.0,734,29.86,"WSU TFREC, Wenatchee, Chelan County",330141,WSU TFREC,2017-11-26 01:44:20.800582
2017-08-09,13:15,98.0,98.1,43.9,15.8,0.0,W@1.9,3.5,81.2,0.0,724,29.86,"WSU TFREC, Wenatchee, Chelan County",330141,WSU TFREC,2017-11-26 01:44:20.800582
2017-08-09,13:30,99.7,99.6,41.9,13.9,0.0,E@2.4,4.6,81.3,0.0,707,29.85,"WSU TFREC, Wenatchee, Chelan County",330141,WSU TFREC,2017-11-26 01:44:20.800582
2017-08-09,13:45,100.5,100.7,41.5,13.4,0.0,S@2.3,4.2,81.3,0.0,702,29.84,"WSU TFREC, Wenatchee, Chelan County",330141,WSU TFREC,2017-11-26 01:44:20.800582
2017-08-09,14:00,99.6,99.8,41.5,13.7,0.0,NE@2.6,3.9,81.3,0.0,683,29.84,"WSU TFREC, Wenatchee, Chelan County",330141,WSU TFREC,2017-11-26 01:44:20.800582
2017-08-09,14:15,100.5,100.6,42.5,13.9,0.0,E@2.8,6.0,81.4,0.0,650,29.83,"WSU TFREC, Wenatchee, Chelan County",330141,WSU TFREC,2017-11-26 01:44:20.800582
2017-08-09,14:30,101.6,101.7,41.4,12.9,0.0,SE@3.2,4.9,81.4,0.0,624,29.83,"WSU TFREC, Wenatchee, Chelan County",330141,WSU TFREC,2017-11-26 01:44:20.800582
2017-08-09,14:45,101.9,101.9,41.1,12.6,0.0,S@3.4,5.7,81.5,0.0,604,29.82,"WSU TFREC, Wenatchee, Chelan County",330141,WSU TFREC,2017-11-26 01:44:20.800582
2017-08-09,15:00,102.3,102.4,40.2,12.0,0.0,SE@3.2,6.7,81.5,0.0,561,29.81,"WSU TFREC, Wenatchee, Chelan County",330141,WSU TFREC,2017-11-26 01:44:20.800582
2017-08-09,15:15,102.7,102.8,39.7,11.7,0.0,SE@3.0,6.7,81.6,0.0,525,29.81,"WSU TFREC, Wenatchee, Chelan County",330141,WSU TFREC,2017-11-26 01:44:20.800582
2017-08-09,15:30,102.5,102.6,38.9,11.4,0.0,SE@3.9,6.4,81.7,0.0,496,29.81,"WSU TFREC, Wenatchee, Chelan County",330141,WSU TFREC,2017-11-26 01:44:20.800582
2017-08-09,15:45,102.1,102.2,37.4,10.8,0.0,SE@3.4,6.4,81.7,0.0,450,29.8,"WSU TFREC, Wenatchee, Chelan County",330141,WSU TFREC,2017-11-26 01:44:20.800582
2017-08-09,16:00,102.1,102.1,39.8,11.9,0.0,SE@4.2,7.8,81.8,0.0,411,29.8,"WSU TFREC, Wenatchee, Chelan County",330141,WSU TFREC,2017-11-26 01:44:20.800582
2017-08-09,16:15,101.4,101.4,40.3,12.4,0.0,SE@4.0,7.8,81.9,0.0,371,29.8,"WSU TFREC, Wenatchee, Chelan County",330141,WSU TFREC,2017-11-26 01:44:20.800582
2017-08-09,16:30,101.3,101.3,41.7,13.1,0.0,SE@3.6,6.7,81.9,0.0,336,29.8,"WSU TFREC, Wenatchee, Chelan County",330141,WSU TFREC,2017-11-26 01:44:20.800582
2017-08-09,16:45,100.9,101.0,43.0,14.0,0.0,SE@3.1,5.3,82.0,0.0,297,29.8,"WSU TFREC, Wenatchee, Chelan County",330141,WSU TFREC,2017-11-26 01:44:20.800582
2017-08-09,17:00,100.5,100.6,41.9,13.6,0.0,SE@3.2,6.4,82.1,0.0,253,29.8,"WSU TFREC, Wenatchee, Chelan County",330141,WSU TFREC,2017-11-26 01:44:20.800582
2017-08-09,17:15,99.2,99.3,48.4,18.0,0.0,S@1.1,3.1,82.2,0.0,212,29.8,"WSU TFREC, Wenatchee, Chelan County",330141,WSU TFREC,2017-11-26 01:44:20.800582
2017-08-09,17:30,97.0,97.2,50.4,20.8,0.0,S@1.1,2.8,82.3,0.0,174,29.8,"WSU TFREC, Wenatchee, Chelan County",330141,WSU TFREC,2017-11-26 01:44:20.800582
2017-08-09,17:45,94.3,94.4,55.8,27.6,0.0,SW@0.2,1.7,82.3,0.0,142,29.8,"WSU TFREC, Wenatchee, Chelan County",330141,WSU TFREC,2017-11-26 01:44:20.800582
2017-08-09,18:00,92.0,92.2,56.4,30.2,0.0,W@0.6,3.1,82.4,0.0,109,29.8,"WSU TFREC, Wenatchee, Chelan County",330141,WSU TFREC,2017-11-26 01:44:20.800582
2017-08-09,18:15,88.5,88.8,57.7,35.4,0.0,SW@0.4,1.7,82.5,0.0,80,29.81,"WSU TFREC, Wenatchee, Chelan County",330141,WSU TFREC,2017-11-26 01:44:20.800582
2017-08-09,18:30,86.2,86.4,56.2,36.0,0.0,S@0.3,2.4,82.5,0.0,54,29.81,"WSU TFREC, Wenatchee, Chelan County",330141,WSU TFREC,2017-11-26 01:44:20.800582
2017-08-09,18:45,83.7,83.7,55.9,38.6,0.0,SW@0.8,2.8,82.6,0.0,35,29.81,"WSU TFREC, Wenatchee, Chelan County",330141,WSU TFREC,2017-11-26 01:44:20.800582
2017-08-09,19:00,82.2,82.1,55.2,39.5,0.0,S@0.6,2.4,82.7,0.0,22,29.81,"WSU TFREC, Wenatchee, Chelan County",330141,WSU TFREC,2017-11-26 01:44:20.800582
2017-08-09,19:15,81.4,81.3,53.1,37.6,0.0,S@0.8,2.4,82.7,0.0,12,29.81,"WSU TFREC, Wenatchee, Chelan County",330141,WSU TFREC,2017-11-26 01:44:20.800582
2017-08-09,19:30,80.3,80.2,51.7,36.9,0.0,SW@0.5,3.9,82.8,0.0,4,29.82,"WSU TFREC, Wenatchee, Chelan County",330141,WSU TFREC,2017-11-26 01:44:20.800582
2017-08-09,19:45,81.3,81.2,51.3,35.3,0.0,SW@1.3,3.5,82.9,0.0,0,29.82,"WSU TFREC, Wenatchee, Chelan County",330141,WSU TFREC,2017-11-26 01:44:20.800582
2017-08-09,20:00,78.7,78.6,51.7,39.0,0.0,W@1.2,3.1,82.9,0.0,0,29.82,"WSU TFREC, Wenatchee, Chelan County",330141,WSU TFREC,2017-11-26 01:44:20.800582
2017-08-09,20:15,79.3,79.2,50.8,36.9,0.0,SW@1.7,3.5,83.0,0.0,0,29.82,"WSU TFREC, Wenatchee, Chelan County",330141,WSU TFREC,2017-11-26 01:44:20.800582
2017-08-09,20:30,78.0,78.1,51.1,39.1,0.0,S@1.7,3.1,83.0,0.0,0,29.83,"WSU TFREC, Wenatchee, Chelan County",330141,WSU TFREC,2017-11-26 01:44:20.800582
2017-08-09,20:45,76.7,76.7,51.7,41.7,0.0,N@0.0,0.0,83.1,0.0,0,29.83,"WSU TFREC, Wenatchee, Chelan County",330141,WSU TFREC,2017-11-26 01:44:20.800582
2017-08-09,21:00,75.8,75.8,51.1,42.0,0.0,S@0.9,3.1,83.1,0.0,0,29.83,"WSU TFREC, Wenatchee, Chelan County",330141,WSU TFREC,2017-11-26 01:44:20.800582
2017-08-09,21:15,75.4,75.4,50.4,41.5,0.0,NW@0.1,2.1,83.2,0.0,0,29.84,"WSU TFREC, Wenatchee, Chelan County",330141,WSU TFREC,2017-11-26 01:44:20.800582
2017-08-09,21:30,76.0,75.9,48.8,38.4,0.0,SW@1.1,4.2,83.2,0.0,0,29.84,"WSU TFREC, Wenatchee, Chelan County",330141,WSU TFREC,2017-11-26 01:44:20.800582
2017-08-09,21:45,75.1,75.2,49.9,41.0,0.0,SW@0.4,2.8,83.2,0.0,0,29.84,"WSU TFREC, Wenatchee, Chelan County",330141,WSU TFREC,2017-11-26 01:44:20.800582
2017-08-09,22:00,75.5,75.5,49.7,40.2,0.0,S@1.3,3.1,83.3,0.0,0,29.85,"WSU TFREC, Wenatchee, Chelan County",330141,WSU TFREC,2017-11-26 01:44:20.800582
2017-08-09,22:15,74.3,74.5,51.5,44.7,0.0,W@1.8,3.9,83.3,0.0,0,29.85,"WSU TFREC, Wenatchee, Chelan County",330141,WSU TFREC,2017-11-26 01:44:20.800582
2017-08-09,22:30,73.4,73.3,51.3,45.8,0.0,SW@2.0,3.1,83.3,0.0,0,29.85,"WSU TFREC, Wenatchee, Chelan County",330141,WSU TFREC,2017-11-26 01:44:20.800582
2017-08-09,22:45,73.6,73.7,50.9,44.7,0.0,SE@1.3,3.1,83.3,0.0,0,29.85,"WSU TFREC, Wenatchee, Chelan County",330141,WSU TFREC,2017-11-26 01:44:20.800582
2017-08-09,23:00,72.5,72.6,51.5,47.6,0.0,W@1.3,3.1,83.3,0.0,0,29.86,"WSU TFREC, Wenatchee, Chelan County",330141,WSU TFREC,2017-11-26 01:44:20.800582
2017-08-10,23:15,71.3,71.4,51.5,49.5,0.0,SW@1.5,2.8,83.3,0.0,0,29.86,"WSU TFREC, Wenatchee, Chelan County",330141,WSU TFREC,2017-11-26 01:44:20.800582
2017-08-10,23:30,71.6,71.7,50.7,47.5,0.0,SW@0.6,4.2,83.3,0.0,0,29.86,"WSU TFREC, Wenatchee, Chelan County",330141,WSU TFREC,2017-11-26 01:44:20.800582
2017-08-10,23:45,71.2,71.2,50.8,48.4,0.0,W@1.2,3.9,83.3,0.0,0,29.87,"WSU TFREC, Wenatchee, Chelan County",330141,WSU TFREC,2017-11-26 01:44:20.800582
2017-08-10,24:00,70.9,70.8,50.5,48.4,0.0,SW@0.8,3.5,83.3,0.0,0,29.87,"WSU TFREC, Wenatchee, Chelan County",330141,WSU TFREC,2017-11-26 01:44:20.800582
