Date,Time PST,Air Temp °F, 2<sup>nd</sup> Air Temp °F, Dew Point °F, Rel Hum %, Leaf Wet u., Wind Dir @ Speed mph, Wind Gust mph, 8 in. Soil Tmp °F, Tot Prec in, Solar Rad W/m², Atm. Press. inHg,Location,Station ID,Station Name,Download Timestamp
2008-02-13,00:15,40.4,,27.5,59.9,0.04,NW@6.6,16.6,33.2,0.0,0,,"WSU TFREC, Wenatchee, Chelan County",330141,WSU TFREC,2017-11-24 08:25:05.063831
2008-02-13,00:30,40.8,,27.6,58.9,0.04,NW@12.4,23.2,33.2,0.0,0,,"WSU TFREC, Wenatchee, Chelan County",330141,WSU TFREC,2017-11-24 08:25:05.063831
2008-02-13,00:45,41.6,,27.5,57.2,0.04,NW@11.2,28.3,33.2,0.0,0,,"WSU TFREC, Wenatchee, Chelan County",330141,WSU TFREC,2017-11-24 08:25:05.063831
2008-02-13,01:00,41.5,,27.8,57.8,0.04,NW@9.5,21.3,33.2,0.0,0,,"WSU TFREC, Wenatchee, Chelan County",330141,WSU TFREC,2017-11-24 08:25:05.063831
2008-02-13,01:15,41.1,,28.0,59.3,0.04,NW@13.4,28.2,33.2,0.0,0,,"WSU TFREC, Wenatchee, Chelan County",330141,WSU TFREC,2017-11-24 08:25:05.063831
2008-02-13,01:30,41.1,,28.1,59.6,0.04,NW@15.9,25.9,33.2,0.0,0,,"WSU TFREC, Wenatchee, Chelan County",330141,WSU TFREC,2017-11-24 08:25:05.063831
2008-02-13,01:45,41.4,,28.1,58.8,0.04,NW@18.0,26.1,33.2,0.0,0,,"WSU TFREC, Wenatchee, Chelan County",330141,WSU TFREC,2017-11-24 08:25:05.063831
2008-02-13,02:00,41.6,,28.1,58.5,0.04,NW@18.0,27.6,33.2,0.0,0,,"WSU TFREC, Wenatchee, Chelan County",330141,WSU TFREC,2017-11-24 08:25:05.063831
2008-02-13,02:15,41.3,,28.3,59.6,0.04,NW@16.4,39.9,33.2,0.0,0,,"WSU TFREC, Wenatchee, Chelan County",330141,WSU TFREC,2017-11-24 08:25:05.063831
2008-02-13,02:30,40.9,,28.7,61.3,0.04,NW@14.5,28.3,33.2,0.0,0,,"WSU TFREC, Wenatchee, Chelan County",330141,WSU TFREC,2017-11-24 08:25:05.063831
2008-02-13,02:45,40.1,,29.2,64.5,0.04,NW@15.1,29.0,33.2,0.0,0,,"WSU TFREC, Wenatchee, Chelan County",330141,WSU TFREC,2017-11-24 08:25:05.063831
2008-02-13,03:00,39.8,,29.1,65.2,0.04,NW@12.4,25.7,33.2,0.0,0,,"WSU TFREC, Wenatchee, Chelan County",330141,WSU TFREC,2017-11-24 08:25:05.063831
2008-02-13,03:15,39.2,,28.9,66.2,0.04,NW@8.8,20.2,33.2,0.0,0,,"WSU TFREC, Wenatchee, Chelan County",330141,WSU TFREC,2017-11-24 08:25:05.063831
2008-02-13,03:30,38.2,,28.2,67.1,0.04,NW@5.4,9.0,33.2,0.0,0,,"WSU TFREC, Wenatchee, Chelan County",330141,WSU TFREC,2017-11-24 08:25:05.063831
2008-02-13,03:45,38.5,,27.3,63.6,0.04,NW@7.6,21.4,33.2,0.0,0,,"WSU TFREC, Wenatchee, Chelan County",330141,WSU TFREC,2017-11-24 08:25:05.063831
2008-02-13,04:00,38.4,,27.0,63.4,0.04,NW@6.3,13.1,33.2,0.0,0,,"WSU TFREC, Wenatchee, Chelan County",330141,WSU TFREC,2017-11-24 08:25:05.063831
2008-02-13,04:15,38.7,,26.3,60.7,0.04,NW@5.4,13.3,33.2,0.0,0,,"WSU TFREC, Wenatchee, Chelan County",330141,WSU TFREC,2017-11-24 08:25:05.063831
2008-02-13,04:30,37.2,,27.3,67.3,0.04,N@3.6,10.2,33.2,0.0,0,,"WSU TFREC, Wenatchee, Chelan County",330141,WSU TFREC,2017-11-24 08:25:05.063831
2008-02-13,04:45,35.6,,27.4,71.8,0.04,NW@3.2,6.6,33.2,0.0,0,,"WSU TFREC, Wenatchee, Chelan County",330141,WSU TFREC,2017-11-24 08:25:05.063831
2008-02-13,05:00,38.8,,26.6,61.3,0.04,NW@8.7,20.0,33.2,0.0,0,,"WSU TFREC, Wenatchee, Chelan County",330141,WSU TFREC,2017-11-24 08:25:05.063831
2008-02-13,05:15,39.3,,26.8,60.7,0.04,NW@6.0,12.6,33.3,0.0,0,,"WSU TFREC, Wenatchee, Chelan County",330141,WSU TFREC,2017-11-24 08:25:05.063831
2008-02-13,05:30,39.7,,26.9,59.9,0.04,NW@9.3,16.1,33.3,0.0,0,,"WSU TFREC, Wenatchee, Chelan County",330141,WSU TFREC,2017-11-24 08:25:05.063831
2008-02-13,05:45,40.3,,27.3,59.4,0.04,NW@8.9,16.2,33.3,0.0,0,,"WSU TFREC, Wenatchee, Chelan County",330141,WSU TFREC,2017-11-24 08:25:05.063831
2008-02-13,06:00,40.3,,27.4,59.7,0.04,NW@8.3,16.1,33.3,0.0,0,,"WSU TFREC, Wenatchee, Chelan County",330141,WSU TFREC,2017-11-24 08:25:05.063831
2008-02-13,06:15,39.9,,27.8,61.6,0.04,NW@7.2,17.8,33.3,0.0,0,,"WSU TFREC, Wenatchee, Chelan County",330141,WSU TFREC,2017-11-24 08:25:05.063831
2008-02-13,06:30,40.0,,27.8,61.3,0.04,NW@8.3,19.2,33.3,0.0,0,,"WSU TFREC, Wenatchee, Chelan County",330141,WSU TFREC,2017-11-24 08:25:05.063831
2008-02-13,06:45,39.7,,27.8,62.2,0.04,NW@6.2,14.7,33.3,0.0,0,,"WSU TFREC, Wenatchee, Chelan County",330141,WSU TFREC,2017-11-24 08:25:05.063831
2008-02-13,07:00,38.8,,27.9,64.6,0.04,N@2.7,5.2,33.3,0.0,0,,"WSU TFREC, Wenatchee, Chelan County",330141,WSU TFREC,2017-11-24 08:25:05.063831
2008-02-13,07:15,38.4,,27.9,65.7,0.04,N@3.8,8.8,33.3,0.0,0,,"WSU TFREC, Wenatchee, Chelan County",330141,WSU TFREC,2017-11-24 08:25:05.063831
2008-02-13,07:30,39.1,,27.9,63.8,0.04,NW@5.8,22.6,33.3,0.0,2,,"WSU TFREC, Wenatchee, Chelan County",330141,WSU TFREC,2017-11-24 08:25:05.063831
2008-02-13,07:45,40.7,,27.8,60.0,0.04,NW@6.0,12.6,33.3,0.0,21,,"WSU TFREC, Wenatchee, Chelan County",330141,WSU TFREC,2017-11-24 08:25:05.063831
2008-02-13,08:00,41.4,,28.1,58.8,0.04,NW@4.2,7.6,33.3,0.0,69,,"WSU TFREC, Wenatchee, Chelan County",330141,WSU TFREC,2017-11-24 08:25:05.063831
2008-02-13,08:15,41.6,,28.3,59.0,0.04,N@3.0,5.4,33.3,0.0,113,,"WSU TFREC, Wenatchee, Chelan County",330141,WSU TFREC,2017-11-24 08:25:05.063831
2008-02-13,08:30,41.9,,28.4,58.5,0.04,N@2.2,6.6,33.3,0.0,150,,"WSU TFREC, Wenatchee, Chelan County",330141,WSU TFREC,2017-11-24 08:25:05.063831
2008-02-13,08:45,42.7,,28.6,57.2,0.04,N@1.2,3.3,33.3,0.0,186,,"WSU TFREC, Wenatchee, Chelan County",330141,WSU TFREC,2017-11-24 08:25:05.063831
2008-02-13,09:00,43.3,,28.3,55.1,0.04,NW@1.6,3.8,33.3,0.0,223,,"WSU TFREC, Wenatchee, Chelan County",330141,WSU TFREC,2017-11-24 08:25:05.063831
2008-02-13,09:15,43.3,,28.1,54.8,0.04,NW@4.1,8.6,33.3,0.0,258,,"WSU TFREC, Wenatchee, Chelan County",330141,WSU TFREC,2017-11-24 08:25:05.063831
2008-02-13,09:30,43.3,,28.1,54.6,0.04,NW@4.8,8.3,33.3,0.0,292,,"WSU TFREC, Wenatchee, Chelan County",330141,WSU TFREC,2017-11-24 08:25:05.063831
2008-02-13,09:45,43.6,,27.5,52.7,0.04,NW@5.5,9.3,33.3,0.0,324,,"WSU TFREC, Wenatchee, Chelan County",330141,WSU TFREC,2017-11-24 08:25:05.063831
2008-02-13,10:00,43.7,,27.5,52.5,0.03,NW@6.7,10.7,33.3,0.0,355,,"WSU TFREC, Wenatchee, Chelan County",330141,WSU TFREC,2017-11-24 08:25:05.063831
2008-02-13,10:15,44.2,,27.6,51.8,0.03,NW@6.5,10.0,33.3,0.0,382,,"WSU TFREC, Wenatchee, Chelan County",330141,WSU TFREC,2017-11-24 08:25:05.063831
2008-02-13,10:30,44.4,,27.3,50.9,0.03,NW@7.4,15.9,33.3,0.0,408,,"WSU TFREC, Wenatchee, Chelan County",330141,WSU TFREC,2017-11-24 08:25:05.063831
2008-02-13,10:45,44.5,,27.8,51.7,0.03,NW@7.3,13.0,33.3,0.0,430,,"WSU TFREC, Wenatchee, Chelan County",330141,WSU TFREC,2017-11-24 08:25:05.063831
2008-02-13,11:00,44.7,,27.6,50.7,0.03,NW@6.9,11.9,33.3,0.0,450,,"WSU TFREC, Wenatchee, Chelan County",330141,WSU TFREC,2017-11-24 08:25:05.063831
2008-02-13,11:15,45.2,,27.4,49.5,0.03,NW@7.0,10.9,33.3,0.0,467,,"WSU TFREC, Wenatchee, Chelan County",330141,WSU TFREC,2017-11-24 08:25:05.063831
2008-02-13,11:30,45.8,,27.0,47.5,0.03,NW@7.4,10.9,33.3,0.0,480,,"WSU TFREC, Wenatchee, Chelan County",330141,WSU TFREC,2017-11-24 08:25:05.063831
2008-02-13,11:45,45.8,,27.1,47.7,0.03,NW@6.7,11.2,33.3,0.0,491,,"WSU TFREC, Wenatchee, Chelan County",330141,WSU TFREC,2017-11-24 08:25:05.063831
2008-02-13,12:00,46.4,,26.8,46.1,0.03,NW@6.2,14.0,33.3,0.0,497,,"WSU TFREC, Wenatchee, Chelan County",330141,WSU TFREC,2017-11-24 08:25:05.063831
2008-02-13,12:15,46.7,,27.1,46.1,0.03,NW@6.4,10.2,33.3,0.0,500,,"WSU TFREC, Wenatchee, Chelan County",330141,WSU TFREC,2017-11-24 08:25:05.063831
2008-02-13,12:30,47.1,,26.9,45.1,0.03,NW@6.4,13.3,33.3,0.0,500,,"WSU TFREC, Wenatchee, Chelan County",330141,WSU TFREC,2017-11-24 08:25:05.063831
2008-02-13,12:45,47.4,,25.6,42.2,0.03,NW@7.8,18.5,33.3,0.0,498,,"WSU TFREC, Wenatchee, Chelan County",330141,WSU TFREC,2017-11-24 08:25:05.063831
2008-02-13,13:00,47.0,,26.2,44.1,0.03,NW@8.9,21.1,33.2,0.0,492,,"WSU TFREC, Wenatchee, Chelan County",330141,WSU TFREC,2017-11-24 08:25:05.063831
2008-02-13,13:15,47.0,,26.1,43.8,0.03,NW@9.3,14.7,33.2,0.0,477,,"WSU TFREC, Wenatchee, Chelan County",330141,WSU TFREC,2017-11-24 08:25:05.063831
2008-02-13,13:30,46.5,,25.9,44.3,0.03,NW@8.4,14.0,33.2,0.0,340,,"WSU TFREC, Wenatchee, Chelan County",330141,WSU TFREC,2017-11-24 08:25:05.063831
2008-02-13,13:45,46.7,,25.7,43.6,0.03,NW@9.3,16.4,33.2,0.0,451,,"WSU TFREC, Wenatchee, Chelan County",330141,WSU TFREC,2017-11-24 08:25:05.063831
2008-02-13,14:00,46.9,,25.7,43.2,0.03,NW@8.5,13.7,33.2,0.0,432,,"WSU TFREC, Wenatchee, Chelan County",330141,WSU TFREC,2017-11-24 08:25:05.063831
2008-02-13,14:15,46.9,,25.6,43.1,0.03,NW@8.8,15.9,33.2,0.0,409,,"WSU TFREC, Wenatchee, Chelan County",330141,WSU TFREC,2017-11-24 08:25:05.063831
2008-02-13,14:30,46.7,,25.5,43.2,0.03,NW@9.3,16.1,33.2,0.0,384,,"WSU TFREC, Wenatchee, Chelan County",330141,WSU TFREC,2017-11-24 08:25:05.063831
2008-02-13,14:45,46.6,,25.7,43.6,0.03,NW@9.0,13.8,33.2,0.0,356,,"WSU TFREC, Wenatchee, Chelan County",330141,WSU TFREC,2017-11-24 08:25:05.063831
2008-02-13,15:00,46.6,,26.0,44.2,0.03,NW@8.3,14.2,33.2,0.0,326,,"WSU TFREC, Wenatchee, Chelan County",330141,WSU TFREC,2017-11-24 08:25:05.063831
2008-02-13,15:15,46.5,,25.9,44.1,0.04,NW@7.9,12.8,33.2,0.0,293,,"WSU TFREC, Wenatchee, Chelan County",330141,WSU TFREC,2017-11-24 08:25:05.063831
2008-02-13,15:30,46.5,,25.7,43.9,0.04,NW@8.2,13.0,33.2,0.0,259,,"WSU TFREC, Wenatchee, Chelan County",330141,WSU TFREC,2017-11-24 08:25:05.063831
2008-02-13,15:45,46.1,,26.1,45.4,0.04,NW@6.8,13.0,33.2,0.0,223,,"WSU TFREC, Wenatchee, Chelan County",330141,WSU TFREC,2017-11-24 08:25:05.063831
2008-02-13,16:00,45.7,,25.9,45.7,0.04,NW@6.9,17.5,33.2,0.0,189,,"WSU TFREC, Wenatchee, Chelan County",330141,WSU TFREC,2017-11-24 08:25:05.063831
2008-02-13,16:15,45.3,,25.7,45.9,0.04,NW@7.9,18.1,33.2,0.0,95,,"WSU TFREC, Wenatchee, Chelan County",330141,WSU TFREC,2017-11-24 08:25:05.063831
2008-02-13,16:30,44.9,,25.4,46.0,0.04,NW@8.2,14.2,33.2,0.0,22,,"WSU TFREC, Wenatchee, Chelan County",330141,WSU TFREC,2017-11-24 08:25:05.063831
2008-02-13,16:45,44.4,,25.6,47.2,0.04,NW@7.7,13.7,33.2,0.0,10,,"WSU TFREC, Wenatchee, Chelan County",330141,WSU TFREC,2017-11-24 08:25:05.063831
2008-02-13,17:00,43.9,,25.7,48.4,0.04,NW@7.0,17.3,33.2,0.0,6,,"WSU TFREC, Wenatchee, Chelan County",330141,WSU TFREC,2017-11-24 08:25:05.063831
2008-02-13,17:15,43.6,,25.6,48.9,0.04,NW@7.2,11.1,33.2,0.0,1,,"WSU TFREC, Wenatchee, Chelan County",330141,WSU TFREC,2017-11-24 08:25:05.063831
2008-02-13,17:30,43.6,,25.6,48.8,0.04,NW@9.3,20.9,33.2,0.0,0,,"WSU TFREC, Wenatchee, Chelan County",330141,WSU TFREC,2017-11-24 08:25:05.063831
2008-02-13,17:45,43.1,,25.7,49.8,0.04,NW@7.9,21.1,33.2,0.0,0,,"WSU TFREC, Wenatchee, Chelan County",330141,WSU TFREC,2017-11-24 08:25:05.063831
2008-02-13,18:00,42.9,,25.6,50.2,0.04,NW@8.0,12.6,33.2,0.0,0,,"WSU TFREC, Wenatchee, Chelan County",330141,WSU TFREC,2017-11-24 08:25:05.063831
2008-02-13,18:15,43.1,,25.4,49.4,0.04,NW@9.0,23.7,33.2,0.0,0,,"WSU TFREC, Wenatchee, Chelan County",330141,WSU TFREC,2017-11-24 08:25:05.063831
2008-02-13,18:30,42.9,,25.3,49.6,0.04,NW@7.0,13.7,33.2,0.0,0,,"WSU TFREC, Wenatchee, Chelan County",330141,WSU TFREC,2017-11-24 08:25:05.063831
2008-02-13,18:45,42.6,,25.4,50.1,0.04,NW@7.0,14.7,33.3,0.0,0,,"WSU TFREC, Wenatchee, Chelan County",330141,WSU TFREC,2017-11-24 08:25:05.063831
2008-02-13,19:00,42.9,,25.5,50.0,0.04,NW@8.2,12.6,33.3,0.0,0,,"WSU TFREC, Wenatchee, Chelan County",330141,WSU TFREC,2017-11-24 08:25:05.063831
2008-02-13,19:15,42.0,,26.0,52.7,0.04,N@3.9,9.3,33.3,0.0,0,,"WSU TFREC, Wenatchee, Chelan County",330141,WSU TFREC,2017-11-24 08:25:05.063831
2008-02-13,19:30,41.8,,25.8,52.9,0.04,N@2.9,7.4,33.3,0.0,0,,"WSU TFREC, Wenatchee, Chelan County",330141,WSU TFREC,2017-11-24 08:25:05.063831
2008-02-13,19:45,41.6,,26.0,53.7,0.04,NW@2.2,7.3,33.3,0.0,0,,"WSU TFREC, Wenatchee, Chelan County",330141,WSU TFREC,2017-11-24 08:25:05.063831
2008-02-13,20:00,41.1,,26.2,55.1,0.04,NW@1.8,4.0,33.3,0.0,0,,"WSU TFREC, Wenatchee, Chelan County",330141,WSU TFREC,2017-11-24 08:25:05.063831
2008-02-13,20:15,40.0,,26.3,57.7,0.04,N@1.0,3.5,33.3,0.0,0,,"WSU TFREC, Wenatchee, Chelan County",330141,WSU TFREC,2017-11-24 08:25:05.063831
2008-02-13,20:30,38.3,,26.6,62.4,0.04,W@0.5,2.6,33.3,0.0,0,,"WSU TFREC, Wenatchee, Chelan County",330141,WSU TFREC,2017-11-24 08:25:05.063831
2008-02-13,20:45,39.5,,26.4,59.0,0.04,N@2.6,7.8,33.3,0.0,0,,"WSU TFREC, Wenatchee, Chelan County",330141,WSU TFREC,2017-11-24 08:25:05.063831
2008-02-13,21:00,40.4,,26.5,57.5,0.04,NW@3.8,12.6,33.3,0.0,0,,"WSU TFREC, Wenatchee, Chelan County",330141,WSU TFREC,2017-11-24 08:25:05.063831
2008-02-13,21:15,38.6,,26.6,61.8,0.04,S@2.1,6.6,33.3,0.0,0,,"WSU TFREC, Wenatchee, Chelan County",330141,WSU TFREC,2017-11-24 08:25:05.063831
2008-02-13,21:30,37.3,,26.6,64.8,0.04,SW@1.3,4.1,33.3,0.0,0,,"WSU TFREC, Wenatchee, Chelan County",330141,WSU TFREC,2017-11-24 08:25:05.063831
2008-02-13,21:45,38.5,,26.5,61.8,0.04,W@4.1,14.2,33.3,0.0,0,,"WSU TFREC, Wenatchee, Chelan County",330141,WSU TFREC,2017-11-24 08:25:05.063831
2008-02-13,22:00,40.8,,26.4,56.1,0.04,W@6.4,13.1,33.3,0.0,0,,"WSU TFREC, Wenatchee, Chelan County",330141,WSU TFREC,2017-11-24 08:25:05.063831
2008-02-13,22:15,40.7,,26.2,55.9,0.04,S@4.7,13.1,33.3,0.0,0,,"WSU TFREC, Wenatchee, Chelan County",330141,WSU TFREC,2017-11-24 08:25:05.063831
2008-02-13,22:30,39.2,,26.5,60.0,0.04,SE@5.8,20.2,33.3,0.0,0,,"WSU TFREC, Wenatchee, Chelan County",330141,WSU TFREC,2017-11-24 08:25:05.063831
2008-02-13,22:45,37.8,,26.8,64.1,0.04,S@2.7,11.8,33.3,0.0,0,,"WSU TFREC, Wenatchee, Chelan County",330141,WSU TFREC,2017-11-24 08:25:05.063831
2008-02-13,23:00,39.8,,26.4,58.4,0.04,NW@8.4,15.6,33.4,0.0,0,,"WSU TFREC, Wenatchee, Chelan County",330141,WSU TFREC,2017-11-24 08:25:05.063831
2008-02-13,23:15,40.1,,26.5,57.8,0.04,NW@6.2,18.7,33.4,0.0,0,,"WSU TFREC, Wenatchee, Chelan County",330141,WSU TFREC,2017-11-24 08:25:05.063831
2008-02-13,23:30,39.5,,26.7,59.6,0.04,SW@5.5,27.0,33.4,0.0,0,,"WSU TFREC, Wenatchee, Chelan County",330141,WSU TFREC,2017-11-24 08:25:05.063831
2008-02-13,23:45,39.1,,26.8,61.0,0.04,W@5.4,11.9,33.4,0.0,0,,"WSU TFREC, Wenatchee, Chelan County",330141,WSU TFREC,2017-11-24 08:25:05.063831
2008-02-13,24:00,36.6,,26.9,67.6,0.04,S@5.2,19.0,33.4,0.0,0,,"WSU TFREC, Wenatchee, Chelan County",330141,WSU TFREC,2017-11-24 08:25:05.063831
2008-02-14,00:15,34.7,,26.9,72.8,0.04,SW@3.6,11.2,33.4,0.0,0,,"WSU TFREC, Wenatchee, Chelan County",330141,WSU TFREC,2017-11-24 08:25:05.063831
2008-02-14,00:30,34.4,,26.9,73.7,0.04,S@4.0,7.9,33.4,0.0,0,,"WSU TFREC, Wenatchee, Chelan County",330141,WSU TFREC,2017-11-24 08:25:05.063831
2008-02-14,00:45,34.2,,26.8,74.2,0.04,S@6.7,16.9,33.4,0.0,0,,"WSU TFREC, Wenatchee, Chelan County",330141,WSU TFREC,2017-11-24 08:25:05.063831
2008-02-14,01:00,33.4,,26.7,76.1,0.04,SW@3.6,8.3,33.4,0.0,0,,"WSU TFREC, Wenatchee, Chelan County",330141,WSU TFREC,2017-11-24 08:25:05.063831
2008-02-14,01:15,33.2,,26.7,76.6,0.04,SW@2.1,4.7,33.4,0.0,0,,"WSU TFREC, Wenatchee, Chelan County",330141,WSU TFREC,2017-11-24 08:25:05.063831
2008-02-14,01:30,32.8,,26.6,77.8,0.04,SW@4.0,9.3,33.4,0.0,0,,"WSU TFREC, Wenatchee, Chelan County",330141,WSU TFREC,2017-11-24 08:25:05.063831
2008-02-14,01:45,33.5,,26.8,76.1,0.04,S@4.7,9.3,33.4,0.0,0,,"WSU TFREC, Wenatchee, Chelan County",330141,WSU TFREC,2017-11-24 08:25:05.063831
2008-02-14,02:00,32.6,,26.6,78.1,0.04,S@5.4,14.0,33.4,0.0,0,,"WSU TFREC, Wenatchee, Chelan County",330141,WSU TFREC,2017-11-24 08:25:05.063831
2008-02-14,02:15,32.6,,26.5,78.0,0.04,SW@4.8,10.4,33.4,0.0,0,,"WSU TFREC, Wenatchee, Chelan County",330141,WSU TFREC,2017-11-24 08:25:05.063831
2008-02-14,02:30,31.8,,26.3,79.9,0.04,N@3.5,8.3,33.4,0.0,0,,"WSU TFREC, Wenatchee, Chelan County",330141,WSU TFREC,2017-11-24 08:25:05.063831
2008-02-14,02:45,31.4,,26.3,81.2,0.04,W@2.9,6.6,33.4,0.0,0,,"WSU TFREC, Wenatchee, Chelan County",330141,WSU TFREC,2017-11-24 08:25:05.063831
2008-02-14,03:00,31.0,,26.2,82.3,0.04,W@2.8,6.6,33.4,0.0,0,,"WSU TFREC, Wenatchee, Chelan County",330141,WSU TFREC,2017-11-24 08:25:05.063831
2008-02-14,03:15,31.1,,26.1,81.9,0.04,NW@2.4,9.0,33.4,0.0,0,,"WSU TFREC, Wenatchee, Chelan County",330141,WSU TFREC,2017-11-24 08:25:05.063831
2008-02-14,03:30,30.5,,25.8,83.1,0.04,SW@1.7,5.5,33.4,0.0,0,,"WSU TFREC, Wenatchee, Chelan County",330141,WSU TFREC,2017-11-24 08:25:05.063831
2008-02-14,03:45,30.6,,25.9,83.2,0.04,W@3.9,8.6,33.4,0.0,0,,"WSU TFREC, Wenatchee, Chelan County",330141,WSU TFREC,2017-11-24 08:25:05.063831
2008-02-14,04:00,30.9,,25.9,82.2,0.04,SW@2.8,9.0,33.4,0.0,0,,"WSU TFREC, Wenatchee, Chelan County",330141,WSU TFREC,2017-11-24 08:25:05.063831
2008-02-14,04:15,30.5,,25.7,82.8,0.04,W@2.7,7.6,33.4,0.0,0,,"WSU TFREC, Wenatchee, Chelan County",330141,WSU TFREC,2017-11-24 08:25:05.063831
2008-02-14,04:30,30.5,,25.9,83.2,0.04,W@3.4,6.6,33.4,0.0,0,,"WSU TFREC, Wenatchee, Chelan County",330141,WSU TFREC,2017-11-24 08:25:05.063831
2008-02-14,04:45,29.3,,25.5,86.6,0.04,SW@2.4,5.0,33.4,0.0,0,,"WSU TFREC, Wenatchee, Chelan County",330141,WSU TFREC,2017-11-24 08:25:05.063831
2008-02-14,05:00,28.3,,24.8,88.5,0.04,SW@1.7,3.3,33.4,0.0,0,,"WSU TFREC, Wenatchee, Chelan County",330141,WSU TFREC,2017-11-24 08:25:05.063831
2008-02-14,05:15,28.1,,24.9,89.5,0.04,S@2.3,9.0,33.4,0.0,0,,"WSU TFREC, Wenatchee, Chelan County",330141,WSU TFREC,2017-11-24 08:25:05.063831
2008-02-14,05:30,29.3,,25.3,86.2,0.04,W@4.1,8.3,33.4,0.0,0,,"WSU TFREC, Wenatchee, Chelan County",330141,WSU TFREC,2017-11-24 08:25:05.063831
2008-02-14,05:45,29.9,,25.4,83.8,0.04,SW@2.7,5.2,33.4,0.0,0,,"WSU TFREC, Wenatchee, Chelan County",330141,WSU TFREC,2017-11-24 08:25:05.063831
2008-02-14,06:00,29.3,,25.3,85.9,0.04,W@2.1,5.2,33.4,0.0,0,,"WSU TFREC, Wenatchee, Chelan County",330141,WSU TFREC,2017-11-24 08:25:05.063831
2008-02-14,06:15,28.7,,25.0,87.1,0.04,NW@1.4,4.7,33.4,0.0,0,,"WSU TFREC, Wenatchee, Chelan County",330141,WSU TFREC,2017-11-24 08:25:05.063831
2008-02-14,06:30,27.5,,24.5,90.5,0.04,SW@2.7,5.5,33.4,0.0,0,,"WSU TFREC, Wenatchee, Chelan County",330141,WSU TFREC,2017-11-24 08:25:05.063831
2008-02-14,06:45,27.4,,24.4,90.7,0.04,W@1.4,6.7,33.4,0.0,0,,"WSU TFREC, Wenatchee, Chelan County",330141,WSU TFREC,2017-11-24 08:25:05.063831
2008-02-14,07:00,27.2,,24.6,92.2,0.04,W@0.7,2.4,33.4,0.0,0,,"WSU TFREC, Wenatchee, Chelan County",330141,WSU TFREC,2017-11-24 08:25:05.063831
2008-02-14,07:15,27.6,,24.9,91.7,0.04,S@2.2,4.1,33.4,0.0,0,,"WSU TFREC, Wenatchee, Chelan County",330141,WSU TFREC,2017-11-24 08:25:05.063831
2008-02-14,07:30,28.2,,25.3,90.6,0.04,S@2.3,3.6,33.4,0.0,10,,"WSU TFREC, Wenatchee, Chelan County",330141,WSU TFREC,2017-11-24 08:25:05.063831
2008-02-14,07:45,28.7,,25.8,90.4,0.04,SW@0.9,3.6,33.4,0.0,17,,"WSU TFREC, Wenatchee, Chelan County",330141,WSU TFREC,2017-11-24 08:25:05.063831
2008-02-14,08:00,29.2,,25.9,88.8,0.04,NW@0.2,1.4,33.4,0.0,22,,"WSU TFREC, Wenatchee, Chelan County",330141,WSU TFREC,2017-11-24 08:25:05.063831
2008-02-14,08:15,30.2,,26.4,86.3,0.04,SW@0.6,1.9,33.4,0.0,52,,"WSU TFREC, Wenatchee, Chelan County",330141,WSU TFREC,2017-11-24 08:25:05.063831
2008-02-14,08:30,31.3,,26.6,82.9,0.04,SW@3.3,5.5,33.4,0.0,66,,"WSU TFREC, Wenatchee, Chelan County",330141,WSU TFREC,2017-11-24 08:25:05.063831
2008-02-14,08:45,32.0,,26.9,81.1,0.04,SW@3.1,6.7,33.4,0.0,82,,"WSU TFREC, Wenatchee, Chelan County",330141,WSU TFREC,2017-11-24 08:25:05.063831
2008-02-14,09:00,32.8,,27.1,79.4,0.04,E@1.3,4.5,33.4,0.0,110,,"WSU TFREC, Wenatchee, Chelan County",330141,WSU TFREC,2017-11-24 08:25:05.063831
2008-02-14,09:15,32.8,,27.5,80.5,0.04,SE@1.2,3.8,33.4,0.0,119,,"WSU TFREC, Wenatchee, Chelan County",330141,WSU TFREC,2017-11-24 08:25:05.063831
2008-02-14,09:30,33.4,,27.3,78.2,0.04,SW@2.5,5.0,33.4,0.0,228,,"WSU TFREC, Wenatchee, Chelan County",330141,WSU TFREC,2017-11-24 08:25:05.063831
2008-02-14,09:45,35.3,,27.3,72.5,0.04,S@1.9,6.2,33.4,0.0,325,,"WSU TFREC, Wenatchee, Chelan County",330141,WSU TFREC,2017-11-24 08:25:05.063831
2008-02-14,10:00,36.5,,27.2,68.7,0.04,SE@2.1,4.1,33.4,0.0,350,,"WSU TFREC, Wenatchee, Chelan County",330141,WSU TFREC,2017-11-24 08:25:05.063831
2008-02-14,10:15,36.4,,27.1,68.7,0.04,S@1.5,3.1,33.4,0.0,194,,"WSU TFREC, Wenatchee, Chelan County",330141,WSU TFREC,2017-11-24 08:25:05.063831
2008-02-14,10:30,36.5,,27.4,69.1,0.04,S@0.8,2.9,33.4,0.0,163,,"WSU TFREC, Wenatchee, Chelan County",330141,WSU TFREC,2017-11-24 08:25:05.063831
2008-02-14,10:45,36.6,,27.0,67.9,0.04,S@1.8,4.0,33.4,0.0,144,,"WSU TFREC, Wenatchee, Chelan County",330141,WSU TFREC,2017-11-24 08:25:05.063831
2008-02-14,11:00,36.8,,27.5,68.6,0.04,W@0.2,1.9,33.4,0.0,144,,"WSU TFREC, Wenatchee, Chelan County",330141,WSU TFREC,2017-11-24 08:25:05.063831
2008-02-14,11:15,37.1,,27.7,68.5,0.04,S@1.1,4.7,33.4,0.0,126,,"WSU TFREC, Wenatchee, Chelan County",330141,WSU TFREC,2017-11-24 08:25:05.063831
2008-02-14,11:30,37.3,,27.4,67.3,0.04,SE@0.9,4.8,33.4,0.0,132,,"WSU TFREC, Wenatchee, Chelan County",330141,WSU TFREC,2017-11-24 08:25:05.063831
2008-02-14,11:45,36.8,,28.5,71.6,0.04,NE@2.7,6.0,33.4,0.0,176,,"WSU TFREC, Wenatchee, Chelan County",330141,WSU TFREC,2017-11-24 08:25:05.063831
2008-02-14,12:00,36.9,,28.3,70.7,0.04,E@2.1,4.5,33.4,0.0,224,,"WSU TFREC, Wenatchee, Chelan County",330141,WSU TFREC,2017-11-24 08:25:05.063831
2008-02-14,12:15,37.3,,28.0,68.7,0.04,N@1.2,2.9,33.4,0.0,264,,"WSU TFREC, Wenatchee, Chelan County",330141,WSU TFREC,2017-11-24 08:25:05.063831
2008-02-14,12:30,38.6,,28.2,66.0,0.04,NW@0.8,2.6,33.4,0.0,294,,"WSU TFREC, Wenatchee, Chelan County",330141,WSU TFREC,2017-11-24 08:25:05.063831
2008-02-14,12:45,39.1,,28.3,64.9,0.04,SE@0.6,2.1,33.4,0.0,248,,"WSU TFREC, Wenatchee, Chelan County",330141,WSU TFREC,2017-11-24 08:25:05.063831
2008-02-14,13:00,39.5,,28.8,65.2,0.04,SW@0.9,2.2,33.4,0.0,250,,"WSU TFREC, Wenatchee, Chelan County",330141,WSU TFREC,2017-11-24 08:25:05.063831
2008-02-14,13:15,39.9,,28.9,64.4,0.04,SW@0.8,2.1,33.4,0.0,250,,"WSU TFREC, Wenatchee, Chelan County",330141,WSU TFREC,2017-11-24 08:25:05.063831
2008-02-14,13:30,40.8,,28.8,62.1,0.04,W@0.4,1.7,33.4,0.0,249,,"WSU TFREC, Wenatchee, Chelan County",330141,WSU TFREC,2017-11-24 08:25:05.063831
2008-02-14,13:45,41.9,,28.4,58.5,0.04,SE@1.0,3.3,33.4,0.0,239,,"WSU TFREC, Wenatchee, Chelan County",330141,WSU TFREC,2017-11-24 08:25:05.063831
2008-02-14,14:00,41.4,,28.6,60.1,0.04,NE@2.1,4.1,33.4,0.0,236,,"WSU TFREC, Wenatchee, Chelan County",330141,WSU TFREC,2017-11-24 08:25:05.063831
2008-02-14,14:15,41.5,,28.1,58.6,0.04,NE@1.6,4.3,33.4,0.0,214,,"WSU TFREC, Wenatchee, Chelan County",330141,WSU TFREC,2017-11-24 08:25:05.063831
2008-02-14,14:30,41.9,,27.3,55.9,0.04,S@0.9,2.6,33.4,0.0,144,,"WSU TFREC, Wenatchee, Chelan County",330141,WSU TFREC,2017-11-24 08:25:05.063831
2008-02-14,14:45,41.7,,27.7,57.2,0.04,S@2.2,3.8,33.4,0.0,143,,"WSU TFREC, Wenatchee, Chelan County",330141,WSU TFREC,2017-11-24 08:25:05.063831
2008-02-14,15:00,41.4,,28.7,60.2,0.04,SW@2.2,5.4,33.4,0.0,106,,"WSU TFREC, Wenatchee, Chelan County",330141,WSU TFREC,2017-11-24 08:25:05.063831
2008-02-14,15:15,41.3,,29.1,61.4,0.05,SW@0.3,1.2,33.4,0.0,107,,"WSU TFREC, Wenatchee, Chelan County",330141,WSU TFREC,2017-11-24 08:25:05.063831
2008-02-14,15:30,41.1,,30.3,65.1,0.04,NE@2.3,4.3,33.4,0.0,125,,"WSU TFREC, Wenatchee, Chelan County",330141,WSU TFREC,2017-11-24 08:25:05.063831
2008-02-14,15:45,40.3,,30.1,66.6,0.04,NE@2.4,4.7,33.4,0.0,91,,"WSU TFREC, Wenatchee, Chelan County",330141,WSU TFREC,2017-11-24 08:25:05.063831
2008-02-14,16:00,40.1,,29.4,65.4,0.04,NE@2.0,3.5,33.4,0.0,76,,"WSU TFREC, Wenatchee, Chelan County",330141,WSU TFREC,2017-11-24 08:25:05.063831
2008-02-14,16:15,40.1,,29.4,65.1,0.04,NE@2.4,4.3,33.4,0.0,46,,"WSU TFREC, Wenatchee, Chelan County",330141,WSU TFREC,2017-11-24 08:25:05.063831
2008-02-14,16:30,39.9,,29.4,65.7,0.04,N@2.3,5.7,33.4,0.0,39,,"WSU TFREC, Wenatchee, Chelan County",330141,WSU TFREC,2017-11-24 08:25:05.063831
2008-02-14,16:45,39.8,,29.6,66.6,0.04,N@1.4,5.4,33.4,0.0,31,,"WSU TFREC, Wenatchee, Chelan County",330141,WSU TFREC,2017-11-24 08:25:05.063831
2008-02-14,17:00,39.9,,29.6,66.3,0.04,NE@1.0,5.0,33.4,0.0,14,,"WSU TFREC, Wenatchee, Chelan County",330141,WSU TFREC,2017-11-24 08:25:05.063831
2008-02-14,17:15,39.4,,30.4,70.0,0.04,SW@0.4,2.2,33.4,0.0,1,,"WSU TFREC, Wenatchee, Chelan County",330141,WSU TFREC,2017-11-24 08:25:05.063831
2008-02-14,17:30,38.4,,31.0,74.5,0.04,W@0.2,1.0,33.4,0.0,0,,"WSU TFREC, Wenatchee, Chelan County",330141,WSU TFREC,2017-11-24 08:25:05.063831
2008-02-14,17:45,37.8,,30.4,74.5,0.04,NW@0.4,1.2,33.4,0.0,0,,"WSU TFREC, Wenatchee, Chelan County",330141,WSU TFREC,2017-11-24 08:25:05.063831
2008-02-14,18:00,37.2,,30.2,75.7,0.04,SW@0.2,1.2,33.4,0.0,0,,"WSU TFREC, Wenatchee, Chelan County",330141,WSU TFREC,2017-11-24 08:25:05.063831
2008-02-14,18:15,35.9,,30.7,81.5,0.04,SW@0.2,1.2,33.4,0.0,0,,"WSU TFREC, Wenatchee, Chelan County",330141,WSU TFREC,2017-11-24 08:25:05.063831
2008-02-14,18:30,34.9,,30.5,83.6,0.04,SW@0.4,3.5,33.4,0.0,0,,"WSU TFREC, Wenatchee, Chelan County",330141,WSU TFREC,2017-11-24 08:25:05.063831
2008-02-14,18:45,35.6,,29.7,78.8,0.04,W@1.2,3.6,33.4,0.0,0,,"WSU TFREC, Wenatchee, Chelan County",330141,WSU TFREC,2017-11-24 08:25:05.063831
2008-02-14,19:00,36.9,,29.5,74.1,0.04,SW@0.6,3.1,33.4,0.0,0,,"WSU TFREC, Wenatchee, Chelan County",330141,WSU TFREC,2017-11-24 08:25:05.063831
2008-02-14,19:15,36.9,,29.6,74.6,0.04,SW@0.9,5.4,33.4,0.0,0,,"WSU TFREC, Wenatchee, Chelan County",330141,WSU TFREC,2017-11-24 08:25:05.063831
2008-02-14,19:30,37.1,,29.8,74.5,0.04,S@2.3,6.9,33.4,0.0,0,,"WSU TFREC, Wenatchee, Chelan County",330141,WSU TFREC,2017-11-24 08:25:05.063831
2008-02-14,19:45,37.1,,29.9,75.0,0.04,S@2.3,4.7,33.4,0.0,0,,"WSU TFREC, Wenatchee, Chelan County",330141,WSU TFREC,2017-11-24 08:25:05.063831
2008-02-14,20:00,36.7,,30.0,76.4,0.04,SW@1.9,4.7,33.5,0.0,0,,"WSU TFREC, Wenatchee, Chelan County",330141,WSU TFREC,2017-11-24 08:25:05.063831
2008-02-14,20:15,36.1,,30.2,78.9,0.04,SW@0.7,2.2,33.5,0.0,0,,"WSU TFREC, Wenatchee, Chelan County",330141,WSU TFREC,2017-11-24 08:25:05.063831
2008-02-14,20:30,36.2,,30.3,79.0,0.04,NW@0.9,3.5,33.5,0.0,0,,"WSU TFREC, Wenatchee, Chelan County",330141,WSU TFREC,2017-11-24 08:25:05.063831
2008-02-14,20:45,35.7,,30.1,79.8,0.04,W@1.3,2.8,33.5,0.0,0,,"WSU TFREC, Wenatchee, Chelan County",330141,WSU TFREC,2017-11-24 08:25:05.063831
2008-02-14,21:00,34.8,,29.8,81.8,0.04,W@0.9,3.5,33.5,0.0,0,,"WSU TFREC, Wenatchee, Chelan County",330141,WSU TFREC,2017-11-24 08:25:05.063831
2008-02-14,21:15,33.8,,29.6,84.5,0.04,SW@0.6,2.9,33.5,0.0,0,,"WSU TFREC, Wenatchee, Chelan County",330141,WSU TFREC,2017-11-24 08:25:05.063831
2008-02-14,21:30,32.9,,29.4,86.5,0.04,SW@0.6,3.6,33.5,0.0,0,,"WSU TFREC, Wenatchee, Chelan County",330141,WSU TFREC,2017-11-24 08:25:05.063831
2008-02-14,21:45,32.5,,29.1,87.3,0.04,S@0.6,2.1,33.5,0.0,0,,"WSU TFREC, Wenatchee, Chelan County",330141,WSU TFREC,2017-11-24 08:25:05.063831
2008-02-14,22:00,31.7,,29.0,89.9,0.04,S@1.3,3.5,33.5,0.0,0,,"WSU TFREC, Wenatchee, Chelan County",330141,WSU TFREC,2017-11-24 08:25:05.063831
2008-02-14,22:15,31.9,,29.0,89.0,0.04,SW@0.8,3.3,33.6,0.0,0,,"WSU TFREC, Wenatchee, Chelan County",330141,WSU TFREC,2017-11-24 08:25:05.063831
2008-02-14,22:30,31.4,,28.9,90.4,0.04,SW@0.9,4.1,33.6,0.0,0,,"WSU TFREC, Wenatchee, Chelan County",330141,WSU TFREC,2017-11-24 08:25:05.063831
2008-02-14,22:45,31.5,,28.7,89.6,0.04,S@0.3,2.8,33.6,0.0,0,,"WSU TFREC, Wenatchee, Chelan County",330141,WSU TFREC,2017-11-24 08:25:05.063831
2008-02-14,23:00,30.6,,28.5,92.5,0.04,W@0.6,3.1,33.6,0.0,0,,"WSU TFREC, Wenatchee, Chelan County",330141,WSU TFREC,2017-11-24 08:25:05.063831
2008-02-14,23:15,29.8,,28.0,94.0,0.05,SW@0.0,0.9,33.6,0.0,0,,"WSU TFREC, Wenatchee, Chelan County",330141,WSU TFREC,2017-11-24 08:25:05.063831
2008-02-14,23:30,29.8,,28.4,95.4,0.05,S@0.3,1.6,33.6,0.0,0,,"WSU TFREC, Wenatchee, Chelan County",330141,WSU TFREC,2017-11-24 08:25:05.063831
2008-02-14,23:45,29.5,,28.2,96.1,0.05,SW@1.1,3.5,33.6,0.0,0,,"WSU TFREC, Wenatchee, Chelan County",330141,WSU TFREC,2017-11-24 08:25:05.063831
2008-02-14,24:00,30.3,,28.6,94.2,0.05,SW@2.2,6.2,33.6,0.0,0,,"WSU TFREC, Wenatchee, Chelan County",330141,WSU TFREC,2017-11-24 08:25:05.063831
2008-02-15,00:15,31.3,,28.8,90.8,0.05,W@1.7,12.4,33.6,0.0,0,,"WSU TFREC, Wenatchee, Chelan County",330141,WSU TFREC,2017-11-24 08:25:05.063831
2008-02-15,00:30,32.2,,29.0,87.9,0.04,S@1.0,4.0,33.6,0.0,0,,"WSU TFREC, Wenatchee, Chelan County",330141,WSU TFREC,2017-11-24 08:25:05.063831
2008-02-15,00:45,31.5,,29.1,90.8,0.04,W@0.5,2.6,33.6,0.0,0,,"WSU TFREC, Wenatchee, Chelan County",330141,WSU TFREC,2017-11-24 08:25:05.063831
2008-02-15,01:00,30.3,,28.4,93.4,0.05,SW@0.0,0.9,33.6,0.0,0,,"WSU TFREC, Wenatchee, Chelan County",330141,WSU TFREC,2017-11-24 08:25:05.063831
2008-02-15,01:15,29.4,,28.0,96.0,0.05,NW@0.7,3.8,33.6,0.0,0,,"WSU TFREC, Wenatchee, Chelan County",330141,WSU TFREC,2017-11-24 08:25:05.063831
2008-02-15,01:30,29.3,,28.0,96.3,0.05,SW@0.4,3.3,33.6,0.0,0,,"WSU TFREC, Wenatchee, Chelan County",330141,WSU TFREC,2017-11-24 08:25:05.063831
2008-02-15,01:45,28.9,,27.9,97.5,0.06,N@0.0,0.0,33.6,0.0,0,,"WSU TFREC, Wenatchee, Chelan County",330141,WSU TFREC,2017-11-24 08:25:05.063831
2008-02-15,02:00,28.9,,28.0,98.2,0.07,S@0.9,3.5,33.6,0.0,0,,"WSU TFREC, Wenatchee, Chelan County",330141,WSU TFREC,2017-11-24 08:25:05.063831
2008-02-15,02:15,28.7,,27.7,97.6,0.07,SW@0.3,2.4,33.6,0.0,0,,"WSU TFREC, Wenatchee, Chelan County",330141,WSU TFREC,2017-11-24 08:25:05.063831
2008-02-15,02:30,28.5,,27.8,99.4,0.08,SW@0.3,1.9,33.6,0.0,0,,"WSU TFREC, Wenatchee, Chelan County",330141,WSU TFREC,2017-11-24 08:25:05.063831
2008-02-15,02:45,28.9,,28.1,98.0,0.08,S@1.0,3.8,33.6,0.0,0,,"WSU TFREC, Wenatchee, Chelan County",330141,WSU TFREC,2017-11-24 08:25:05.063831
2008-02-15,03:00,28.6,,27.5,97.3,0.09,SE@0.2,2.1,33.6,0.0,0,,"WSU TFREC, Wenatchee, Chelan County",330141,WSU TFREC,2017-11-24 08:25:05.063831
2008-02-15,03:15,28.7,,27.7,97.8,0.1,SW@1.3,3.5,33.6,0.0,0,,"WSU TFREC, Wenatchee, Chelan County",330141,WSU TFREC,2017-11-24 08:25:05.063831
2008-02-15,03:30,28.4,,27.4,98.1,0.1,SW@0.0,0.7,33.6,0.0,0,,"WSU TFREC, Wenatchee, Chelan County",330141,WSU TFREC,2017-11-24 08:25:05.063831
2008-02-15,03:45,28.0,,27.2,98.9,0.11,N@0.0,0.0,33.6,0.0,0,,"WSU TFREC, Wenatchee, Chelan County",330141,WSU TFREC,2017-11-24 08:25:05.063831
2008-02-15,04:00,27.6,,27.0,100.0,0.12,SE@0.0,0.9,33.6,0.0,0,,"WSU TFREC, Wenatchee, Chelan County",330141,WSU TFREC,2017-11-24 08:25:05.063831
2008-02-15,04:15,27.4,,27.4,100.0,0.13,W@0.3,1.6,33.6,0.0,0,,"WSU TFREC, Wenatchee, Chelan County",330141,WSU TFREC,2017-11-24 08:25:05.063831
2008-02-15,04:30,27.6,,27.0,100.0,0.14,SW@1.2,3.8,33.6,0.0,0,,"WSU TFREC, Wenatchee, Chelan County",330141,WSU TFREC,2017-11-24 08:25:05.063831
2008-02-15,04:45,27.7,,27.1,99.8,0.15,W@0.4,2.1,33.6,0.0,0,,"WSU TFREC, Wenatchee, Chelan County",330141,WSU TFREC,2017-11-24 08:25:05.063831
2008-02-15,05:00,27.9,,27.3,100.0,0.16,W@0.7,4.1,33.6,0.0,0,,"WSU TFREC, Wenatchee, Chelan County",330141,WSU TFREC,2017-11-24 08:25:05.063831
2008-02-15,05:15,28.7,,27.9,98.6,0.15,W@1.8,4.1,33.6,0.0,0,,"WSU TFREC, Wenatchee, Chelan County",330141,WSU TFREC,2017-11-24 08:25:05.063831
2008-02-15,05:30,29.5,,28.1,95.4,0.13,W@1.0,5.4,33.6,0.0,0,,"WSU TFREC, Wenatchee, Chelan County",330141,WSU TFREC,2017-11-24 08:25:05.063831
2008-02-15,05:45,29.9,,28.2,94.2,0.11,NW@1.6,4.0,33.6,0.0,0,,"WSU TFREC, Wenatchee, Chelan County",330141,WSU TFREC,2017-11-24 08:25:05.063831
2008-02-15,06:00,29.7,,27.9,94.1,0.09,SW@0.3,1.6,33.6,0.0,0,,"WSU TFREC, Wenatchee, Chelan County",330141,WSU TFREC,2017-11-24 08:25:05.063831
2008-02-15,06:15,28.5,,27.2,96.9,0.09,W@0.1,0.9,33.6,0.0,0,,"WSU TFREC, Wenatchee, Chelan County",330141,WSU TFREC,2017-11-24 08:25:05.063831
2008-02-15,06:30,27.4,,26.6,99.0,0.11,W@0.4,1.9,33.6,0.0,0,,"WSU TFREC, Wenatchee, Chelan County",330141,WSU TFREC,2017-11-24 08:25:05.063831
2008-02-15,06:45,27.0,,27.0,100.0,0.12,S@0.8,2.9,33.6,0.0,0,,"WSU TFREC, Wenatchee, Chelan County",330141,WSU TFREC,2017-11-24 08:25:05.063831
2008-02-15,07:00,27.1,,27.1,100.0,0.11,SW@0.6,2.9,33.6,0.0,0,,"WSU TFREC, Wenatchee, Chelan County",330141,WSU TFREC,2017-11-24 08:25:05.063831
2008-02-15,07:15,27.5,,27.5,100.0,0.09,SE@0.3,1.9,33.6,0.0,1,,"WSU TFREC, Wenatchee, Chelan County",330141,WSU TFREC,2017-11-24 08:25:05.063831
2008-02-15,07:30,27.9,,27.4,100.0,0.07,NW@0.4,2.2,33.6,0.0,4,,"WSU TFREC, Wenatchee, Chelan County",330141,WSU TFREC,2017-11-24 08:25:05.063831
2008-02-15,07:45,28.4,,28.4,100.0,0.06,NW@0.2,2.1,33.6,0.0,11,,"WSU TFREC, Wenatchee, Chelan County",330141,WSU TFREC,2017-11-24 08:25:05.063831
2008-02-15,08:00,29.0,,28.5,99.6,0.05,S@0.7,3.1,33.6,0.0,26,,"WSU TFREC, Wenatchee, Chelan County",330141,WSU TFREC,2017-11-24 08:25:05.063831
2008-02-15,08:15,29.4,,28.8,98.7,0.05,W@0.2,2.9,33.6,0.0,54,,"WSU TFREC, Wenatchee, Chelan County",330141,WSU TFREC,2017-11-24 08:25:05.063831
2008-02-15,08:30,30.1,,29.1,96.8,0.04,S@1.1,4.3,33.6,0.0,55,,"WSU TFREC, Wenatchee, Chelan County",330141,WSU TFREC,2017-11-24 08:25:05.063831
2008-02-15,08:45,30.5,,29.3,96.1,0.04,SE@0.7,2.9,33.6,0.0,49,,"WSU TFREC, Wenatchee, Chelan County",330141,WSU TFREC,2017-11-24 08:25:05.063831
2008-02-15,09:00,30.7,,29.6,96.5,0.04,S@1.7,5.9,33.6,0.0,55,,"WSU TFREC, Wenatchee, Chelan County",330141,WSU TFREC,2017-11-24 08:25:05.063831
2008-02-15,09:15,31.1,,30.0,96.0,0.04,S@1.1,3.1,33.6,0.0,96,,"WSU TFREC, Wenatchee, Chelan County",330141,WSU TFREC,2017-11-24 08:25:05.063831
2008-02-15,09:30,31.9,,30.3,93.9,0.04,NW@0.3,2.2,33.6,0.0,150,,"WSU TFREC, Wenatchee, Chelan County",330141,WSU TFREC,2017-11-24 08:25:05.063831
2008-02-15,09:45,32.5,,30.2,91.2,0.04,N@1.7,3.5,33.6,0.0,152,,"WSU TFREC, Wenatchee, Chelan County",330141,WSU TFREC,2017-11-24 08:25:05.063831
2008-02-15,10:00,33.0,,29.7,87.5,0.04,N@2.1,5.9,33.6,0.0,165,,"WSU TFREC, Wenatchee, Chelan County",330141,WSU TFREC,2017-11-24 08:25:05.063831
2008-02-15,10:15,33.6,,29.7,85.5,0.04,N@1.3,5.0,33.6,0.0,302,,"WSU TFREC, Wenatchee, Chelan County",330141,WSU TFREC,2017-11-24 08:25:05.063831
2008-02-15,10:30,34.5,,29.8,82.5,0.04,S@1.8,9.2,33.6,0.0,310,,"WSU TFREC, Wenatchee, Chelan County",330141,WSU TFREC,2017-11-24 08:25:05.063831
2008-02-15,10:45,35.2,,29.5,79.5,0.04,W@1.1,6.2,33.5,0.0,235,,"WSU TFREC, Wenatchee, Chelan County",330141,WSU TFREC,2017-11-24 08:25:05.063831
2008-02-15,11:00,36.3,,29.7,77.0,0.04,N@0.8,3.3,33.5,0.0,323,,"WSU TFREC, Wenatchee, Chelan County",330141,WSU TFREC,2017-11-24 08:25:05.063831
2008-02-15,11:15,36.7,,29.6,75.1,0.04,NE@1.3,4.0,33.5,0.0,393,,"WSU TFREC, Wenatchee, Chelan County",330141,WSU TFREC,2017-11-24 08:25:05.063831
2008-02-15,11:30,37.5,,30.1,74.1,0.04,N@1.0,2.9,33.5,0.0,416,,"WSU TFREC, Wenatchee, Chelan County",330141,WSU TFREC,2017-11-24 08:25:05.063831
2008-02-15,11:45,38.2,,30.2,72.5,0.03,NE@1.1,2.9,33.5,0.0,514,,"WSU TFREC, Wenatchee, Chelan County",330141,WSU TFREC,2017-11-24 08:25:05.063831
2008-02-15,12:00,38.8,,30.3,71.1,0.04,E@1.0,3.6,33.5,0.0,305,,"WSU TFREC, Wenatchee, Chelan County",330141,WSU TFREC,2017-11-24 08:25:05.063831
2008-02-15,12:15,38.5,,30.5,72.6,0.04,SE@0.7,2.9,33.5,0.0,237,,"WSU TFREC, Wenatchee, Chelan County",330141,WSU TFREC,2017-11-24 08:25:05.063831
2008-02-15,12:30,38.9,,30.9,72.7,0.04,NW@0.6,2.9,33.5,0.0,219,,"WSU TFREC, Wenatchee, Chelan County",330141,WSU TFREC,2017-11-24 08:25:05.063831
2008-02-15,12:45,39.0,,30.6,71.6,0.04,E@0.8,2.6,33.5,0.0,233,,"WSU TFREC, Wenatchee, Chelan County",330141,WSU TFREC,2017-11-24 08:25:05.063831
2008-02-15,13:00,39.1,,30.6,71.3,0.04,NE@1.2,3.1,33.5,0.0,228,,"WSU TFREC, Wenatchee, Chelan County",330141,WSU TFREC,2017-11-24 08:25:05.063831
2008-02-15,13:15,39.0,,30.5,71.5,0.04,NE@1.7,4.5,33.5,0.0,254,,"WSU TFREC, Wenatchee, Chelan County",330141,WSU TFREC,2017-11-24 08:25:05.063831
2008-02-15,13:30,39.5,,30.6,70.2,0.04,NE@0.8,2.2,33.5,0.0,257,,"WSU TFREC, Wenatchee, Chelan County",330141,WSU TFREC,2017-11-24 08:25:05.063831
2008-02-15,13:45,39.9,,30.6,69.1,0.04,NE@1.3,2.6,33.5,0.0,244,,"WSU TFREC, Wenatchee, Chelan County",330141,WSU TFREC,2017-11-24 08:25:05.063831
2008-02-15,14:00,40.3,,30.8,68.4,0.04,S@1.0,2.8,33.5,0.0,213,,"WSU TFREC, Wenatchee, Chelan County",330141,WSU TFREC,2017-11-24 08:25:05.063831
2008-02-15,14:15,40.8,,31.0,67.8,0.04,SE@0.9,2.8,33.5,0.0,234,,"WSU TFREC, Wenatchee, Chelan County",330141,WSU TFREC,2017-11-24 08:25:05.063831
2008-02-15,14:30,41.0,,31.2,67.9,0.04,SE@1.2,3.3,33.5,0.0,217,,"WSU TFREC, Wenatchee, Chelan County",330141,WSU TFREC,2017-11-24 08:25:05.063831
2008-02-15,14:45,40.2,,31.5,70.9,0.04,NE@3.4,7.1,33.5,0.0,221,,"WSU TFREC, Wenatchee, Chelan County",330141,WSU TFREC,2017-11-24 08:25:05.063831
2008-02-15,15:00,40.0,,31.4,71.0,0.04,NE@3.4,5.4,33.5,0.0,175,,"WSU TFREC, Wenatchee, Chelan County",330141,WSU TFREC,2017-11-24 08:25:05.063831
2008-02-15,15:15,39.8,,32.0,73.4,0.14,NE@4.4,8.3,33.5,0.0,137,,"WSU TFREC, Wenatchee, Chelan County",330141,WSU TFREC,2017-11-24 08:25:05.063831
2008-02-15,15:30,39.2,,31.8,74.6,0.1,NE@4.3,10.5,33.5,0.0,82,,"WSU TFREC, Wenatchee, Chelan County",330141,WSU TFREC,2017-11-24 08:25:05.063831
2008-02-15,15:45,38.7,,32.0,76.5,0.08,E@2.7,5.4,33.5,0.0,54,,"WSU TFREC, Wenatchee, Chelan County",330141,WSU TFREC,2017-11-24 08:25:05.063831
2008-02-15,16:00,38.5,,31.9,76.9,0.06,NE@1.4,3.8,33.5,0.0,65,,"WSU TFREC, Wenatchee, Chelan County",330141,WSU TFREC,2017-11-24 08:25:05.063831
2008-02-15,16:15,38.6,,31.8,76.3,0.04,SE@0.3,3.3,33.6,0.0,41,,"WSU TFREC, Wenatchee, Chelan County",330141,WSU TFREC,2017-11-24 08:25:05.063831
2008-02-15,16:30,38.6,,31.9,76.7,0.04,S@1.0,3.1,33.6,0.0,33,,"WSU TFREC, Wenatchee, Chelan County",330141,WSU TFREC,2017-11-24 08:25:05.063831
2008-02-15,16:45,38.3,,32.3,78.9,0.04,S@1.3,3.1,33.6,0.0,13,,"WSU TFREC, Wenatchee, Chelan County",330141,WSU TFREC,2017-11-24 08:25:05.063831
2008-02-15,17:00,38.2,,32.3,79.2,0.04,S@0.3,1.7,33.6,0.0,14,,"WSU TFREC, Wenatchee, Chelan County",330141,WSU TFREC,2017-11-24 08:25:05.063831
2008-02-15,17:15,37.9,,32.3,80.2,0.04,SW@0.2,1.9,33.6,0.0,1,,"WSU TFREC, Wenatchee, Chelan County",330141,WSU TFREC,2017-11-24 08:25:05.063831
2008-02-15,17:30,37.3,,32.6,83.1,0.04,SW@0.3,1.7,33.6,0.0,0,,"WSU TFREC, Wenatchee, Chelan County",330141,WSU TFREC,2017-11-24 08:25:05.063831
2008-02-15,17:45,37.1,,32.6,83.7,0.04,N@0.0,0.0,33.6,0.0,0,,"WSU TFREC, Wenatchee, Chelan County",330141,WSU TFREC,2017-11-24 08:25:05.063831
2008-02-15,18:00,36.6,,32.6,85.4,0.04,W@0.4,2.2,33.6,0.0,0,,"WSU TFREC, Wenatchee, Chelan County",330141,WSU TFREC,2017-11-24 08:25:05.063831
2008-02-15,18:15,35.4,,32.5,88.9,0.04,SW@0.8,3.3,33.6,0.0,0,,"WSU TFREC, Wenatchee, Chelan County",330141,WSU TFREC,2017-11-24 08:25:05.063831
2008-02-15,18:30,34.9,,32.2,89.5,0.04,SW@1.2,6.6,33.6,0.0,0,,"WSU TFREC, Wenatchee, Chelan County",330141,WSU TFREC,2017-11-24 08:25:05.063831
2008-02-15,18:45,33.6,,31.9,93.6,0.05,SE@0.9,4.5,33.6,0.0,0,,"WSU TFREC, Wenatchee, Chelan County",330141,WSU TFREC,2017-11-24 08:25:05.063831
2008-02-15,19:00,33.9,,32.0,92.6,0.05,W@0.4,2.6,33.6,0.0,0,,"WSU TFREC, Wenatchee, Chelan County",330141,WSU TFREC,2017-11-24 08:25:05.063831
2008-02-15,19:15,32.8,,31.5,95.0,0.05,W@1.0,5.0,33.6,0.0,0,,"WSU TFREC, Wenatchee, Chelan County",330141,WSU TFREC,2017-11-24 08:25:05.063831
2008-02-15,19:30,33.1,,31.5,93.6,0.05,NW@2.6,5.0,33.6,0.0,0,,"WSU TFREC, Wenatchee, Chelan County",330141,WSU TFREC,2017-11-24 08:25:05.063831
2008-02-15,19:45,33.4,,31.6,92.9,0.04,SW@2.0,4.8,33.6,0.0,0,,"WSU TFREC, Wenatchee, Chelan County",330141,WSU TFREC,2017-11-24 08:25:05.063831
2008-02-15,20:00,33.8,,32.0,93.2,0.05,S@2.9,9.0,33.6,0.0,0,,"WSU TFREC, Wenatchee, Chelan County",330141,WSU TFREC,2017-11-24 08:25:05.063831
2008-02-15,20:15,34.8,,32.8,92.3,0.14,S@1.3,3.6,33.6,0.0,0,,"WSU TFREC, Wenatchee, Chelan County",330141,WSU TFREC,2017-11-24 08:25:05.063831
2008-02-15,20:30,34.1,,32.9,95.6,0.28,W@1.4,3.6,33.6,0.0,0,,"WSU TFREC, Wenatchee, Chelan County",330141,WSU TFREC,2017-11-24 08:25:05.063831
2008-02-15,20:45,33.7,,33.0,97.2,0.35,W@1.2,2.8,33.6,0.0,0,,"WSU TFREC, Wenatchee, Chelan County",330141,WSU TFREC,2017-11-24 08:25:05.063831
2008-02-15,21:00,33.5,,32.7,97.0,0.37,SW@1.2,4.0,33.6,0.0,0,,"WSU TFREC, Wenatchee, Chelan County",330141,WSU TFREC,2017-11-24 08:25:05.063831
2008-02-15,21:15,32.5,,32.2,99.1,0.39,NW@0.5,2.1,33.6,0.0,0,,"WSU TFREC, Wenatchee, Chelan County",330141,WSU TFREC,2017-11-24 08:25:05.063831
2008-02-15,21:30,32.3,,32.2,99.6,0.43,W@2.3,6.2,33.6,0.0,0,,"WSU TFREC, Wenatchee, Chelan County",330141,WSU TFREC,2017-11-24 08:25:05.063831
2008-02-15,21:45,31.3,,31.2,99.8,0.44,W@1.6,3.6,33.6,0.0,0,,"WSU TFREC, Wenatchee, Chelan County",330141,WSU TFREC,2017-11-24 08:25:05.063831
2008-02-15,22:00,31.6,,31.4,99.2,0.47,SW@4.0,11.1,33.6,0.0,0,,"WSU TFREC, Wenatchee, Chelan County",330141,WSU TFREC,2017-11-24 08:25:05.063831
2008-02-15,22:15,32.9,,31.7,95.5,0.43,SE@3.1,5.9,33.6,0.0,0,,"WSU TFREC, Wenatchee, Chelan County",330141,WSU TFREC,2017-11-24 08:25:05.063831
2008-02-15,22:30,32.1,,31.6,98.1,0.42,W@4.6,9.7,33.6,0.0,0,,"WSU TFREC, Wenatchee, Chelan County",330141,WSU TFREC,2017-11-24 08:25:05.063831
2008-02-15,22:45,32.8,,32.0,97.1,0.38,W@3.7,6.6,33.6,0.0,0,,"WSU TFREC, Wenatchee, Chelan County",330141,WSU TFREC,2017-11-24 08:25:05.063831
2008-02-15,23:00,34.0,,33.2,96.8,0.33,SW@2.6,8.1,33.6,0.0,0,,"WSU TFREC, Wenatchee, Chelan County",330141,WSU TFREC,2017-11-24 08:25:05.063831
2008-02-15,23:15,33.1,,32.4,97.3,0.32,E@3.9,7.8,33.6,0.0,0,,"WSU TFREC, Wenatchee, Chelan County",330141,WSU TFREC,2017-11-24 08:25:05.063831
2008-02-15,23:30,31.3,,31.1,99.5,0.31,W@4.7,7.6,33.6,0.0,0,,"WSU TFREC, Wenatchee, Chelan County",330141,WSU TFREC,2017-11-24 08:25:05.063831
2008-02-15,23:45,31.6,,31.6,100.0,0.32,SW@3.7,7.6,33.6,0.0,0,,"WSU TFREC, Wenatchee, Chelan County",330141,WSU TFREC,2017-11-24 08:25:05.063831
2008-02-15,24:00,32.5,,32.3,99.3,0.31,SW@3.2,9.3,33.6,0.0,0,,"WSU TFREC, Wenatchee, Chelan County",330141,WSU TFREC,2017-11-24 08:25:05.063831
2008-02-16,00:15,32.4,,32.0,98.3,0.32,NW@1.8,4.8,33.6,0.0,0,,"WSU TFREC, Wenatchee, Chelan County",330141,WSU TFREC,2017-11-24 08:25:05.063831
2008-02-16,00:30,32.2,,31.6,97.5,0.32,NW@0.8,2.9,33.6,0.0,0,,"WSU TFREC, Wenatchee, Chelan County",330141,WSU TFREC,2017-11-24 08:25:05.063831
2008-02-16,00:45,31.8,,31.1,97.2,0.33,NW@2.0,5.9,33.6,0.0,0,,"WSU TFREC, Wenatchee, Chelan County",330141,WSU TFREC,2017-11-24 08:25:05.063831
2008-02-16,01:00,31.1,,30.8,99.0,0.34,SW@1.0,3.3,33.6,0.0,0,,"WSU TFREC, Wenatchee, Chelan County",330141,WSU TFREC,2017-11-24 08:25:05.063831
2008-02-16,01:15,30.9,,30.5,99.1,0.36,S@3.3,5.5,33.6,0.0,0,,"WSU TFREC, Wenatchee, Chelan County",330141,WSU TFREC,2017-11-24 08:25:05.063831
2008-02-16,01:30,31.2,,30.7,98.5,0.36,SW@4.2,6.6,33.6,0.0,0,,"WSU TFREC, Wenatchee, Chelan County",330141,WSU TFREC,2017-11-24 08:25:05.063831
2008-02-16,01:45,30.9,,30.3,98.2,0.35,SW@1.5,4.0,33.6,0.0,0,,"WSU TFREC, Wenatchee, Chelan County",330141,WSU TFREC,2017-11-24 08:25:05.063831
2008-02-16,02:00,31.0,,30.5,98.5,0.35,W@2.0,4.7,33.6,0.0,0,,"WSU TFREC, Wenatchee, Chelan County",330141,WSU TFREC,2017-11-24 08:25:05.063831
2008-02-16,02:15,30.3,,29.9,99.3,0.36,NW@1.1,5.5,33.6,0.0,0,,"WSU TFREC, Wenatchee, Chelan County",330141,WSU TFREC,2017-11-24 08:25:05.063831
2008-02-16,02:30,31.0,,30.4,97.8,0.36,NW@3.3,6.7,33.6,0.0,0,,"WSU TFREC, Wenatchee, Chelan County",330141,WSU TFREC,2017-11-24 08:25:05.063831
2008-02-16,02:45,31.4,,30.3,96.2,0.32,NW@1.3,4.5,33.6,0.0,0,,"WSU TFREC, Wenatchee, Chelan County",330141,WSU TFREC,2017-11-24 08:25:05.063831
2008-02-16,03:00,31.0,,30.2,97.5,0.32,W@2.9,6.2,33.6,0.0,0,,"WSU TFREC, Wenatchee, Chelan County",330141,WSU TFREC,2017-11-24 08:25:05.063831
2008-02-16,03:15,31.2,,30.2,96.6,0.27,NW@3.6,6.2,33.6,0.0,0,,"WSU TFREC, Wenatchee, Chelan County",330141,WSU TFREC,2017-11-24 08:25:05.063831
2008-02-16,03:30,31.0,,30.0,96.5,0.24,W@1.0,4.7,33.6,0.0,0,,"WSU TFREC, Wenatchee, Chelan County",330141,WSU TFREC,2017-11-24 08:25:05.063831
2008-02-16,03:45,29.7,,28.9,98.3,0.26,S@0.1,1.0,33.6,0.0,0,,"WSU TFREC, Wenatchee, Chelan County",330141,WSU TFREC,2017-11-24 08:25:05.063831
2008-02-16,04:00,28.8,,28.4,100.0,0.31,W@1.4,3.8,33.6,0.0,0,,"WSU TFREC, Wenatchee, Chelan County",330141,WSU TFREC,2017-11-24 08:25:05.063831
2008-02-16,04:15,28.9,,28.9,100.0,0.27,W@1.4,4.5,33.6,0.0,0,,"WSU TFREC, Wenatchee, Chelan County",330141,WSU TFREC,2017-11-24 08:25:05.063831
2008-02-16,04:30,28.5,,28.5,100.0,0.13,SW@1.0,3.1,33.6,0.0,0,,"WSU TFREC, Wenatchee, Chelan County",330141,WSU TFREC,2017-11-24 08:25:05.063831
2008-02-16,04:45,27.8,,27.8,100.0,0.12,SW@0.5,3.1,33.6,0.0,0,,"WSU TFREC, Wenatchee, Chelan County",330141,WSU TFREC,2017-11-24 08:25:05.063831
2008-02-16,05:00,27.4,,27.4,100.0,0.11,W@1.0,3.6,33.6,0.0,0,,"WSU TFREC, Wenatchee, Chelan County",330141,WSU TFREC,2017-11-24 08:25:05.063831
2008-02-16,05:15,26.9,,26.9,100.0,0.11,S@0.9,3.3,33.6,0.0,0,,"WSU TFREC, Wenatchee, Chelan County",330141,WSU TFREC,2017-11-24 08:25:05.063831
2008-02-16,05:30,26.9,,26.9,100.0,0.11,SW@0.9,3.1,33.6,0.0,0,,"WSU TFREC, Wenatchee, Chelan County",330141,WSU TFREC,2017-11-24 08:25:05.063831
2008-02-16,05:45,26.8,,26.8,100.0,0.11,SW@0.7,2.8,33.6,0.0,0,,"WSU TFREC, Wenatchee, Chelan County",330141,WSU TFREC,2017-11-24 08:25:05.063831
2008-02-16,06:00,26.7,,26.7,100.0,0.11,W@0.3,1.6,33.6,0.0,0,,"WSU TFREC, Wenatchee, Chelan County",330141,WSU TFREC,2017-11-24 08:25:05.063831
2008-02-16,06:15,26.8,,26.8,100.0,0.11,SW@0.7,2.9,33.6,0.0,0,,"WSU TFREC, Wenatchee, Chelan County",330141,WSU TFREC,2017-11-24 08:25:05.063831
2008-02-16,06:30,26.7,,26.7,100.0,0.11,SE@0.1,0.9,33.6,0.0,0,,"WSU TFREC, Wenatchee, Chelan County",330141,WSU TFREC,2017-11-24 08:25:05.063831
2008-02-16,06:45,26.8,,26.8,100.0,0.11,W@0.0,0.5,33.6,0.0,0,,"WSU TFREC, Wenatchee, Chelan County",330141,WSU TFREC,2017-11-24 08:25:05.063831
2008-02-16,07:00,27.2,,27.2,100.0,0.11,S@1.0,3.3,33.6,0.0,0,,"WSU TFREC, Wenatchee, Chelan County",330141,WSU TFREC,2017-11-24 08:25:05.063831
2008-02-16,07:15,27.6,,27.6,100.0,0.12,NW@0.4,2.1,33.6,0.0,0,,"WSU TFREC, Wenatchee, Chelan County",330141,WSU TFREC,2017-11-24 08:25:05.063831
2008-02-16,07:30,27.7,,27.7,100.0,0.12,N@0.0,0.0,33.6,0.0,6,,"WSU TFREC, Wenatchee, Chelan County",330141,WSU TFREC,2017-11-24 08:25:05.063831
2008-02-16,07:45,27.8,,27.8,100.0,0.12,W@0.0,0.5,33.6,0.0,23,,"WSU TFREC, Wenatchee, Chelan County",330141,WSU TFREC,2017-11-24 08:25:05.063831
2008-02-16,08:00,28.4,,28.4,100.0,0.13,N@0.3,2.1,33.6,0.0,44,,"WSU TFREC, Wenatchee, Chelan County",330141,WSU TFREC,2017-11-24 08:25:05.063831
2008-02-16,08:15,29.2,,29.2,100.0,0.15,SW@1.4,4.5,33.6,0.0,74,,"WSU TFREC, Wenatchee, Chelan County",330141,WSU TFREC,2017-11-24 08:25:05.063831
2008-02-16,08:30,30.3,,30.3,100.0,0.18,SW@0.1,1.9,33.6,0.0,105,,"WSU TFREC, Wenatchee, Chelan County",330141,WSU TFREC,2017-11-24 08:25:05.063831
2008-02-16,08:45,31.2,,31.2,100.0,0.2,SW@1.0,3.8,33.6,0.0,116,,"WSU TFREC, Wenatchee, Chelan County",330141,WSU TFREC,2017-11-24 08:25:05.063831
2008-02-16,09:00,32.2,,32.0,99.3,0.24,E@0.4,2.4,33.6,0.0,166,,"WSU TFREC, Wenatchee, Chelan County",330141,WSU TFREC,2017-11-24 08:25:05.063831
2008-02-16,09:15,32.6,,32.2,98.4,0.29,NE@2.9,7.4,33.6,0.0,173,,"WSU TFREC, Wenatchee, Chelan County",330141,WSU TFREC,2017-11-24 08:25:05.063831
2008-02-16,09:30,32.6,,32.2,98.3,0.29,E@1.3,5.0,33.6,0.0,159,,"WSU TFREC, Wenatchee, Chelan County",330141,WSU TFREC,2017-11-24 08:25:05.063831
2008-02-16,09:45,33.2,,32.3,96.5,0.32,NE@0.2,2.6,33.6,0.0,182,,"WSU TFREC, Wenatchee, Chelan County",330141,WSU TFREC,2017-11-24 08:25:05.063831
2008-02-16,10:00,34.0,,32.5,94.2,0.47,N@1.9,4.1,33.6,0.0,308,,"WSU TFREC, Wenatchee, Chelan County",330141,WSU TFREC,2017-11-24 08:25:05.063831
2008-02-16,10:15,35.2,,33.0,91.4,0.26,NE@1.0,3.3,33.6,0.0,376,,"WSU TFREC, Wenatchee, Chelan County",330141,WSU TFREC,2017-11-24 08:25:05.063831
2008-02-16,10:30,36.6,,33.7,89.1,0.05,NE@1.2,5.2,33.6,0.0,395,,"WSU TFREC, Wenatchee, Chelan County",330141,WSU TFREC,2017-11-24 08:25:05.063831
2008-02-16,10:45,38.5,,34.4,85.1,0.04,S@1.0,2.4,33.6,0.0,383,,"WSU TFREC, Wenatchee, Chelan County",330141,WSU TFREC,2017-11-24 08:25:05.063831
2008-02-16,11:00,40.0,,35.0,82.2,0.04,S@0.7,2.8,33.6,0.0,410,,"WSU TFREC, Wenatchee, Chelan County",330141,WSU TFREC,2017-11-24 08:25:05.063831
2008-02-16,11:15,40.7,,35.5,81.7,0.03,NE@2.5,5.4,33.6,0.0,455,,"WSU TFREC, Wenatchee, Chelan County",330141,WSU TFREC,2017-11-24 08:25:05.063831
2008-02-16,11:30,41.0,,35.5,80.6,0.03,NE@2.3,5.2,33.6,0.0,506,,"WSU TFREC, Wenatchee, Chelan County",330141,WSU TFREC,2017-11-24 08:25:05.063831
2008-02-16,11:45,42.8,,35.4,74.8,0.03,E@1.7,5.5,33.6,0.0,494,,"WSU TFREC, Wenatchee, Chelan County",330141,WSU TFREC,2017-11-24 08:25:05.063831
2008-02-16,12:00,42.4,,35.0,75.0,0.03,E@1.9,4.5,33.6,0.0,467,,"WSU TFREC, Wenatchee, Chelan County",330141,WSU TFREC,2017-11-24 08:25:05.063831
2008-02-16,12:15,42.9,,35.2,73.9,0.03,NE@2.1,5.0,33.6,0.0,487,,"WSU TFREC, Wenatchee, Chelan County",330141,WSU TFREC,2017-11-24 08:25:05.063831
2008-02-16,12:30,43.4,,35.1,72.4,0.03,E@2.3,5.0,33.6,0.0,463,,"WSU TFREC, Wenatchee, Chelan County",330141,WSU TFREC,2017-11-24 08:25:05.063831
2008-02-16,12:45,42.6,,34.2,71.8,0.03,NE@3.0,5.9,33.6,0.0,433,,"WSU TFREC, Wenatchee, Chelan County",330141,WSU TFREC,2017-11-24 08:25:05.063831
2008-02-16,13:00,43.1,,34.2,70.6,0.03,E@2.0,7.4,33.6,0.0,438,,"WSU TFREC, Wenatchee, Chelan County",330141,WSU TFREC,2017-11-24 08:25:05.063831
2008-02-16,13:15,47.7,,31.4,53.0,0.03,N@5.8,11.1,33.6,0.0,442,,"WSU TFREC, Wenatchee, Chelan County",330141,WSU TFREC,2017-11-24 08:25:05.063831
2008-02-16,13:30,51.5,,28.3,40.5,0.03,NW@7.4,13.1,33.6,0.0,469,,"WSU TFREC, Wenatchee, Chelan County",330141,WSU TFREC,2017-11-24 08:25:05.063831
2008-02-16,13:45,51.5,,27.7,39.6,0.03,NW@8.8,22.6,33.6,0.0,448,,"WSU TFREC, Wenatchee, Chelan County",330141,WSU TFREC,2017-11-24 08:25:05.063831
2008-02-16,14:00,51.0,,28.0,40.7,0.03,NW@8.4,14.5,33.6,0.0,412,,"WSU TFREC, Wenatchee, Chelan County",330141,WSU TFREC,2017-11-24 08:25:05.063831
2008-02-16,14:15,51.1,,28.4,41.2,0.03,NW@6.5,12.6,33.6,0.0,418,,"WSU TFREC, Wenatchee, Chelan County",330141,WSU TFREC,2017-11-24 08:25:05.063831
2008-02-16,14:30,51.4,,28.1,40.2,0.03,NW@6.8,14.5,33.6,0.0,375,,"WSU TFREC, Wenatchee, Chelan County",330141,WSU TFREC,2017-11-24 08:25:05.063831
2008-02-16,14:45,51.3,,28.1,40.5,0.03,NW@7.0,11.6,33.6,0.0,340,,"WSU TFREC, Wenatchee, Chelan County",330141,WSU TFREC,2017-11-24 08:25:05.063831
2008-02-16,15:00,50.7,,28.4,41.9,0.03,NW@8.0,12.3,33.6,0.0,308,,"WSU TFREC, Wenatchee, Chelan County",330141,WSU TFREC,2017-11-24 08:25:05.063831
2008-02-16,15:15,50.1,,28.8,43.7,0.04,NW@8.0,14.0,33.7,0.0,272,,"WSU TFREC, Wenatchee, Chelan County",330141,WSU TFREC,2017-11-24 08:25:05.063831
2008-02-16,15:30,49.8,,28.6,43.7,0.04,NW@8.9,17.6,33.7,0.0,226,,"WSU TFREC, Wenatchee, Chelan County",330141,WSU TFREC,2017-11-24 08:25:05.063831
2008-02-16,15:45,49.7,,28.6,43.8,0.04,NW@8.0,13.3,33.7,0.0,187,,"WSU TFREC, Wenatchee, Chelan County",330141,WSU TFREC,2017-11-24 08:25:05.063831
2008-02-16,16:00,49.4,,28.7,44.7,0.04,NW@6.4,10.9,33.7,0.0,151,,"WSU TFREC, Wenatchee, Chelan County",330141,WSU TFREC,2017-11-24 08:25:05.063831
2008-02-16,16:15,49.0,,28.7,45.2,0.04,NW@5.6,14.2,33.8,0.0,104,,"WSU TFREC, Wenatchee, Chelan County",330141,WSU TFREC,2017-11-24 08:25:05.063831
2008-02-16,16:30,46.0,,31.3,56.2,0.04,N@3.5,8.1,33.8,0.0,46,,"WSU TFREC, Wenatchee, Chelan County",330141,WSU TFREC,2017-11-24 08:25:05.063831
2008-02-16,16:45,42.1,,32.8,69.4,0.04,N@2.3,4.5,33.9,0.0,24,,"WSU TFREC, Wenatchee, Chelan County",330141,WSU TFREC,2017-11-24 08:25:05.063831
2008-02-16,17:00,43.5,,31.3,61.9,0.04,NW@4.5,10.7,34.0,0.0,16,,"WSU TFREC, Wenatchee, Chelan County",330141,WSU TFREC,2017-11-24 08:25:05.063831
2008-02-16,17:15,44.6,,31.6,60.0,0.04,N@4.2,8.3,34.0,0.0,7,,"WSU TFREC, Wenatchee, Chelan County",330141,WSU TFREC,2017-11-24 08:25:05.063831
2008-02-16,17:30,40.3,,32.5,73.6,0.04,N@5.7,10.2,34.1,0.0,0,,"WSU TFREC, Wenatchee, Chelan County",330141,WSU TFREC,2017-11-24 08:25:05.063831
2008-02-16,17:45,39.7,,32.5,75.2,0.04,N@6.6,10.9,34.1,0.0,0,,"WSU TFREC, Wenatchee, Chelan County",330141,WSU TFREC,2017-11-24 08:25:05.063831
2008-02-16,18:00,39.6,,32.3,74.6,0.04,NW@3.9,8.1,34.1,0.0,0,,"WSU TFREC, Wenatchee, Chelan County",330141,WSU TFREC,2017-11-24 08:25:05.063831
2008-02-16,18:15,39.2,,31.9,74.9,0.04,N@1.9,4.5,34.2,0.0,0,,"WSU TFREC, Wenatchee, Chelan County",330141,WSU TFREC,2017-11-24 08:25:05.063831
2008-02-16,18:30,38.8,,32.0,76.1,0.04,NE@1.0,3.6,34.2,0.0,0,,"WSU TFREC, Wenatchee, Chelan County",330141,WSU TFREC,2017-11-24 08:25:05.063831
2008-02-16,18:45,37.3,,31.8,80.4,0.04,N@1.7,5.9,34.3,0.0,0,,"WSU TFREC, Wenatchee, Chelan County",330141,WSU TFREC,2017-11-24 08:25:05.063831
2008-02-16,19:00,37.1,,32.4,83.0,0.04,NW@1.6,6.0,34.3,0.0,0,,"WSU TFREC, Wenatchee, Chelan County",330141,WSU TFREC,2017-11-24 08:25:05.063831
2008-02-16,19:15,36.8,,32.5,84.4,0.04,NW@2.3,4.7,34.4,0.0,0,,"WSU TFREC, Wenatchee, Chelan County",330141,WSU TFREC,2017-11-24 08:25:05.063831
2008-02-16,19:30,36.5,,32.3,84.5,0.04,NW@2.1,5.9,34.4,0.0,0,,"WSU TFREC, Wenatchee, Chelan County",330141,WSU TFREC,2017-11-24 08:25:05.063831
2008-02-16,19:45,35.7,,32.1,86.6,0.04,S@1.7,5.0,34.4,0.0,0,,"WSU TFREC, Wenatchee, Chelan County",330141,WSU TFREC,2017-11-24 08:25:05.063831
2008-02-16,20:00,35.3,,32.2,88.2,0.04,S@1.7,4.8,34.4,0.0,0,,"WSU TFREC, Wenatchee, Chelan County",330141,WSU TFREC,2017-11-24 08:25:05.063831
2008-02-16,20:15,34.9,,31.9,88.6,0.04,SW@1.6,4.5,34.4,0.0,0,,"WSU TFREC, Wenatchee, Chelan County",330141,WSU TFREC,2017-11-24 08:25:05.063831
2008-02-16,20:30,33.3,,31.0,91.2,0.04,W@0.7,2.8,34.4,0.0,0,,"WSU TFREC, Wenatchee, Chelan County",330141,WSU TFREC,2017-11-24 08:25:05.063831
2008-02-16,20:45,32.6,,31.2,94.5,0.05,SW@0.8,3.5,34.4,0.0,0,,"WSU TFREC, Wenatchee, Chelan County",330141,WSU TFREC,2017-11-24 08:25:05.063831
2008-02-16,21:00,32.8,,31.3,94.2,0.05,S@1.8,5.0,34.3,0.0,0,,"WSU TFREC, Wenatchee, Chelan County",330141,WSU TFREC,2017-11-24 08:25:05.063831
2008-02-16,21:15,33.1,,31.3,93.1,0.06,W@1.2,5.9,34.3,0.0,0,,"WSU TFREC, Wenatchee, Chelan County",330141,WSU TFREC,2017-11-24 08:25:05.063831
2008-02-16,21:30,32.2,,30.8,94.6,0.06,S@1.1,3.3,34.2,0.0,0,,"WSU TFREC, Wenatchee, Chelan County",330141,WSU TFREC,2017-11-24 08:25:05.063831
2008-02-16,21:45,31.4,,30.4,96.2,0.07,SW@0.4,2.8,34.2,0.0,0,,"WSU TFREC, Wenatchee, Chelan County",330141,WSU TFREC,2017-11-24 08:25:05.063831
2008-02-16,22:00,30.7,,30.0,98.1,0.1,S@0.8,2.6,34.2,0.0,0,,"WSU TFREC, Wenatchee, Chelan County",330141,WSU TFREC,2017-11-24 08:25:05.063831
2008-02-16,22:15,30.6,,29.9,98.2,0.12,SW@0.9,2.1,34.2,0.0,0,,"WSU TFREC, Wenatchee, Chelan County",330141,WSU TFREC,2017-11-24 08:25:05.063831
2008-02-16,22:30,30.5,,29.7,97.6,0.14,SW@0.4,1.9,34.2,0.0,0,,"WSU TFREC, Wenatchee, Chelan County",330141,WSU TFREC,2017-11-24 08:25:05.063831
2008-02-16,22:45,30.2,,29.7,99.3,0.17,SW@1.1,2.6,34.1,0.0,0,,"WSU TFREC, Wenatchee, Chelan County",330141,WSU TFREC,2017-11-24 08:25:05.063831
2008-02-16,23:00,29.8,,29.3,99.2,0.2,SW@0.2,1.6,34.1,0.0,0,,"WSU TFREC, Wenatchee, Chelan County",330141,WSU TFREC,2017-11-24 08:25:05.063831
2008-02-16,23:15,29.5,,29.1,99.8,0.24,SW@1.3,4.1,34.1,0.0,0,,"WSU TFREC, Wenatchee, Chelan County",330141,WSU TFREC,2017-11-24 08:25:05.063831
2008-02-16,23:30,29.6,,29.1,99.1,0.25,SE@0.5,3.1,34.1,0.0,0,,"WSU TFREC, Wenatchee, Chelan County",330141,WSU TFREC,2017-11-24 08:25:05.063831
2008-02-16,23:45,30.4,,30.0,99.1,0.28,SW@1.7,3.1,34.1,0.0,0,,"WSU TFREC, Wenatchee, Chelan County",330141,WSU TFREC,2017-11-24 08:25:05.063831
2008-02-16,24:00,30.1,,29.5,98.3,0.28,SW@0.3,2.6,34.1,0.0,0,,"WSU TFREC, Wenatchee, Chelan County",330141,WSU TFREC,2017-11-24 08:25:05.063831
2008-02-17,00:15,29.7,,29.4,99.8,0.3,SW@0.6,1.9,34.1,0.0,0,,"WSU TFREC, Wenatchee, Chelan County",330141,WSU TFREC,2017-11-24 08:25:05.063831
2008-02-17,00:30,29.3,,29.3,100.0,0.33,W@0.4,2.6,34.1,0.0,0,,"WSU TFREC, Wenatchee, Chelan County",330141,WSU TFREC,2017-11-24 08:25:05.063831
2008-02-17,00:45,29.0,,29.0,100.0,0.35,W@0.6,2.6,34.1,0.0,0,,"WSU TFREC, Wenatchee, Chelan County",330141,WSU TFREC,2017-11-24 08:25:05.063831
2008-02-17,01:00,29.0,,29.0,100.0,0.37,SW@0.4,2.6,34.0,0.0,0,,"WSU TFREC, Wenatchee, Chelan County",330141,WSU TFREC,2017-11-24 08:25:05.063831
2008-02-17,01:15,28.8,,28.8,100.0,0.38,S@0.2,2.9,34.0,0.0,0,,"WSU TFREC, Wenatchee, Chelan County",330141,WSU TFREC,2017-11-24 08:25:05.063831
2008-02-17,01:30,28.7,,28.7,100.0,0.41,W@0.7,2.9,34.0,0.0,0,,"WSU TFREC, Wenatchee, Chelan County",330141,WSU TFREC,2017-11-24 08:25:05.063831
2008-02-17,01:45,28.7,,28.7,100.0,0.43,SW@0.3,1.9,34.0,0.0,0,,"WSU TFREC, Wenatchee, Chelan County",330141,WSU TFREC,2017-11-24 08:25:05.063831
2008-02-17,02:00,28.8,,28.8,100.0,0.44,E@0.0,0.5,34.0,0.0,0,,"WSU TFREC, Wenatchee, Chelan County",330141,WSU TFREC,2017-11-24 08:25:05.063831
2008-02-17,02:15,28.5,,28.5,100.0,0.46,SW@0.1,1.0,34.0,0.0,0,,"WSU TFREC, Wenatchee, Chelan County",330141,WSU TFREC,2017-11-24 08:25:05.063831
2008-02-17,02:30,28.7,,28.7,100.0,0.49,S@1.1,4.5,34.0,0.0,0,,"WSU TFREC, Wenatchee, Chelan County",330141,WSU TFREC,2017-11-24 08:25:05.063831
2008-02-17,02:45,29.7,,29.4,100.0,0.51,SW@3.3,6.6,34.0,0.0,0,,"WSU TFREC, Wenatchee, Chelan County",330141,WSU TFREC,2017-11-24 08:25:05.063831
2008-02-17,03:00,29.5,,29.2,99.9,0.5,SW@1.8,4.5,33.9,0.0,0,,"WSU TFREC, Wenatchee, Chelan County",330141,WSU TFREC,2017-11-24 08:25:05.063831
2008-02-17,03:15,29.0,,29.0,100.0,0.51,S@0.2,2.8,33.9,0.0,0,,"WSU TFREC, Wenatchee, Chelan County",330141,WSU TFREC,2017-11-24 08:25:05.063831
2008-02-17,03:30,28.4,,28.4,100.0,0.37,W@0.9,3.6,33.9,0.0,0,,"WSU TFREC, Wenatchee, Chelan County",330141,WSU TFREC,2017-11-24 08:25:05.063831
2008-02-17,03:45,27.9,,27.9,100.0,0.13,NW@0.2,1.0,33.9,0.0,0,,"WSU TFREC, Wenatchee, Chelan County",330141,WSU TFREC,2017-11-24 08:25:05.063831
2008-02-17,04:00,27.3,,27.3,100.0,0.11,W@0.2,1.4,33.9,0.0,0,,"WSU TFREC, Wenatchee, Chelan County",330141,WSU TFREC,2017-11-24 08:25:05.063831
2008-02-17,04:15,27.4,,27.4,100.0,0.12,W@0.6,2.2,33.9,0.0,0,,"WSU TFREC, Wenatchee, Chelan County",330141,WSU TFREC,2017-11-24 08:25:05.063831
2008-02-17,04:30,27.2,,27.2,100.0,0.11,S@0.1,1.0,33.9,0.0,0,,"WSU TFREC, Wenatchee, Chelan County",330141,WSU TFREC,2017-11-24 08:25:05.063831
2008-02-17,04:45,26.9,,26.9,100.0,0.11,SW@0.3,1.9,33.9,0.0,0,,"WSU TFREC, Wenatchee, Chelan County",330141,WSU TFREC,2017-11-24 08:25:05.063831
2008-02-17,05:00,26.9,,26.9,100.0,0.1,SW@0.5,2.1,33.9,0.0,0,,"WSU TFREC, Wenatchee, Chelan County",330141,WSU TFREC,2017-11-24 08:25:05.063831
2008-02-17,05:15,26.8,,26.8,100.0,0.1,SW@0.3,1.7,33.9,0.0,0,,"WSU TFREC, Wenatchee, Chelan County",330141,WSU TFREC,2017-11-24 08:25:05.063831
2008-02-17,05:30,26.3,,26.3,100.0,0.09,W@0.3,1.6,33.9,0.0,0,,"WSU TFREC, Wenatchee, Chelan County",330141,WSU TFREC,2017-11-24 08:25:05.063831
2008-02-17,05:45,26.5,,26.5,100.0,0.1,SW@0.8,2.9,33.9,0.0,0,,"WSU TFREC, Wenatchee, Chelan County",330141,WSU TFREC,2017-11-24 08:25:05.063831
2008-02-17,06:00,26.2,,26.2,100.0,0.1,SW@0.3,1.4,33.9,0.0,0,,"WSU TFREC, Wenatchee, Chelan County",330141,WSU TFREC,2017-11-24 08:25:05.063831
2008-02-17,06:15,25.8,,25.8,100.0,0.09,W@0.1,0.9,33.9,0.0,0,,"WSU TFREC, Wenatchee, Chelan County",330141,WSU TFREC,2017-11-24 08:25:05.063831
2008-02-17,06:30,25.7,,25.7,100.0,0.09,S@0.8,3.1,33.8,0.0,0,,"WSU TFREC, Wenatchee, Chelan County",330141,WSU TFREC,2017-11-24 08:25:05.063831
2008-02-17,06:45,25.8,,25.8,100.0,0.09,SW@0.5,2.4,33.8,0.0,0,,"WSU TFREC, Wenatchee, Chelan County",330141,WSU TFREC,2017-11-24 08:25:05.063831
2008-02-17,07:00,25.6,,25.6,100.0,0.09,SW@0.4,1.9,33.8,0.0,0,,"WSU TFREC, Wenatchee, Chelan County",330141,WSU TFREC,2017-11-24 08:25:05.063831
2008-02-17,07:15,26.1,,26.1,100.0,0.1,SW@1.3,3.5,33.8,0.0,1,,"WSU TFREC, Wenatchee, Chelan County",330141,WSU TFREC,2017-11-24 08:25:05.063831
2008-02-17,07:30,26.0,,26.0,100.0,0.09,S@0.3,1.6,33.8,0.0,8,,"WSU TFREC, Wenatchee, Chelan County",330141,WSU TFREC,2017-11-24 08:25:05.063831
2008-02-17,07:45,25.8,,25.8,100.0,0.09,NW@0.2,1.9,33.8,0.0,16,,"WSU TFREC, Wenatchee, Chelan County",330141,WSU TFREC,2017-11-24 08:25:05.063831
2008-02-17,08:00,26.1,,26.1,100.0,0.09,W@0.3,2.4,33.8,0.0,30,,"WSU TFREC, Wenatchee, Chelan County",330141,WSU TFREC,2017-11-24 08:25:05.063831
2008-02-17,08:15,27.2,,27.2,100.0,0.11,S@0.3,2.1,33.8,0.0,84,,"WSU TFREC, Wenatchee, Chelan County",330141,WSU TFREC,2017-11-24 08:25:05.063831
2008-02-17,08:30,29.6,,29.3,99.9,0.16,N@0.0,0.0,33.8,0.0,166,,"WSU TFREC, Wenatchee, Chelan County",330141,WSU TFREC,2017-11-24 08:25:05.063831
2008-02-17,08:45,32.6,,30.6,92.2,0.25,NE@0.6,1.9,33.8,0.0,210,,"WSU TFREC, Wenatchee, Chelan County",330141,WSU TFREC,2017-11-24 08:25:05.063831
2008-02-17,09:00,32.5,,30.5,92.0,0.3,NE@1.7,4.1,33.7,0.0,242,,"WSU TFREC, Wenatchee, Chelan County",330141,WSU TFREC,2017-11-24 08:25:05.063831
2008-02-17,09:15,33.3,,30.7,89.9,0.36,NE@0.8,3.1,33.7,0.0,274,,"WSU TFREC, Wenatchee, Chelan County",330141,WSU TFREC,2017-11-24 08:25:05.063831
2008-02-17,09:30,34.7,,31.2,86.9,0.55,E@1.0,3.8,33.7,0.0,305,,"WSU TFREC, Wenatchee, Chelan County",330141,WSU TFREC,2017-11-24 08:25:05.063831
2008-02-17,09:45,35.4,,31.3,84.7,0.7,NE@0.5,1.9,33.7,0.0,336,,"WSU TFREC, Wenatchee, Chelan County",330141,WSU TFREC,2017-11-24 08:25:05.063831
2008-02-17,10:00,35.8,,31.2,83.4,0.64,NE@0.5,2.2,33.7,0.0,365,,"WSU TFREC, Wenatchee, Chelan County",330141,WSU TFREC,2017-11-24 08:25:05.063831
2008-02-17,10:15,36.6,,31.5,81.7,0.28,E@1.3,3.3,33.7,0.0,395,,"WSU TFREC, Wenatchee, Chelan County",330141,WSU TFREC,2017-11-24 08:25:05.063831
2008-02-17,10:30,36.9,,31.5,80.7,0.05,NE@1.5,3.8,33.7,0.0,415,,"WSU TFREC, Wenatchee, Chelan County",330141,WSU TFREC,2017-11-24 08:25:05.063831
2008-02-17,10:45,37.6,,31.7,79.0,0.03,SE@0.6,2.2,33.7,0.0,440,,"WSU TFREC, Wenatchee, Chelan County",330141,WSU TFREC,2017-11-24 08:25:05.063831
2008-02-17,11:00,38.6,,31.9,76.5,0.03,E@1.4,2.9,33.7,0.0,463,,"WSU TFREC, Wenatchee, Chelan County",330141,WSU TFREC,2017-11-24 08:25:05.063831
2008-02-17,11:15,38.8,,31.8,75.8,0.03,NE@1.3,5.2,33.7,0.0,481,,"WSU TFREC, Wenatchee, Chelan County",330141,WSU TFREC,2017-11-24 08:25:05.063831
2008-02-17,11:30,39.2,,32.0,75.3,0.03,NE@1.5,3.1,33.7,0.0,495,,"WSU TFREC, Wenatchee, Chelan County",330141,WSU TFREC,2017-11-24 08:25:05.063831
2008-02-17,11:45,40.1,,32.3,73.6,0.03,N@0.9,3.5,33.7,0.0,506,,"WSU TFREC, Wenatchee, Chelan County",330141,WSU TFREC,2017-11-24 08:25:05.063831
2008-02-17,12:00,41.6,,32.1,69.0,0.03,NE@0.4,2.9,33.7,0.0,513,,"WSU TFREC, Wenatchee, Chelan County",330141,WSU TFREC,2017-11-24 08:25:05.063831
2008-02-17,12:15,43.0,,32.0,64.8,0.03,SE@0.9,3.3,33.7,0.0,518,,"WSU TFREC, Wenatchee, Chelan County",330141,WSU TFREC,2017-11-24 08:25:05.063831
2008-02-17,12:30,43.1,,31.7,63.9,0.03,NE@0.5,2.6,33.7,0.0,518,,"WSU TFREC, Wenatchee, Chelan County",330141,WSU TFREC,2017-11-24 08:25:05.063831
2008-02-17,12:45,43.5,,32.0,63.5,0.03,E@1.6,3.3,33.7,0.0,514,,"WSU TFREC, Wenatchee, Chelan County",330141,WSU TFREC,2017-11-24 08:25:05.063831
2008-02-17,13:00,44.4,,32.6,63.0,0.03,SE@1.1,3.3,33.7,0.0,506,,"WSU TFREC, Wenatchee, Chelan County",330141,WSU TFREC,2017-11-24 08:25:05.063831
2008-02-17,13:15,45.5,,32.4,60.1,0.03,SW@0.5,2.4,33.7,0.0,493,,"WSU TFREC, Wenatchee, Chelan County",330141,WSU TFREC,2017-11-24 08:25:05.063831
2008-02-17,13:30,45.4,,31.7,58.4,0.03,E@1.7,4.0,33.7,0.0,479,,"WSU TFREC, Wenatchee, Chelan County",330141,WSU TFREC,2017-11-24 08:25:05.063831
2008-02-17,13:45,45.4,,31.8,58.6,0.03,E@1.8,5.5,33.7,0.0,462,,"WSU TFREC, Wenatchee, Chelan County",330141,WSU TFREC,2017-11-24 08:25:05.063831
2008-02-17,14:00,46.6,,31.5,55.4,0.03,SE@0.9,3.3,33.8,0.0,447,,"WSU TFREC, Wenatchee, Chelan County",330141,WSU TFREC,2017-11-24 08:25:05.063831
2008-02-17,14:15,48.1,,31.4,52.2,0.03,SW@1.3,3.6,33.9,0.0,428,,"WSU TFREC, Wenatchee, Chelan County",330141,WSU TFREC,2017-11-24 08:25:05.063831
2008-02-17,14:30,47.9,,30.9,51.5,0.03,S@2.0,3.8,34.0,0.0,403,,"WSU TFREC, Wenatchee, Chelan County",330141,WSU TFREC,2017-11-24 08:25:05.063831
2008-02-17,14:45,47.7,,31.1,52.3,0.03,S@2.1,4.8,34.1,0.0,365,,"WSU TFREC, Wenatchee, Chelan County",330141,WSU TFREC,2017-11-24 08:25:05.063831
2008-02-17,15:00,47.4,,30.5,51.6,0.03,SE@2.0,4.5,34.3,0.0,323,,"WSU TFREC, Wenatchee, Chelan County",330141,WSU TFREC,2017-11-24 08:25:05.063831
2008-02-17,15:15,47.4,,31.8,54.3,0.03,S@2.7,7.3,34.5,0.0,283,,"WSU TFREC, Wenatchee, Chelan County",330141,WSU TFREC,2017-11-24 08:25:05.063831
2008-02-17,15:30,47.1,,32.5,56.6,0.04,S@3.0,7.3,34.6,0.0,253,,"WSU TFREC, Wenatchee, Chelan County",330141,WSU TFREC,2017-11-24 08:25:05.063831
2008-02-17,15:45,46.5,,33.5,60.3,0.04,S@2.9,5.4,34.9,0.0,225,,"WSU TFREC, Wenatchee, Chelan County",330141,WSU TFREC,2017-11-24 08:25:05.063831
2008-02-17,16:00,46.0,,34.1,63.0,0.04,S@2.9,6.7,35.0,0.0,177,,"WSU TFREC, Wenatchee, Chelan County",330141,WSU TFREC,2017-11-24 08:25:05.063831
2008-02-17,16:15,44.9,,33.9,65.0,0.04,S@3.0,5.2,35.2,0.0,152,,"WSU TFREC, Wenatchee, Chelan County",330141,WSU TFREC,2017-11-24 08:25:05.063831
2008-02-17,16:30,43.6,,33.4,67.1,0.04,SW@2.9,4.5,35.3,0.0,50,,"WSU TFREC, Wenatchee, Chelan County",330141,WSU TFREC,2017-11-24 08:25:05.063831
2008-02-17,16:45,42.3,,33.1,69.5,0.04,SW@2.3,6.7,35.5,0.0,14,,"WSU TFREC, Wenatchee, Chelan County",330141,WSU TFREC,2017-11-24 08:25:05.063831
2008-02-17,17:00,41.5,,33.0,71.6,0.04,S@1.6,3.1,35.6,0.0,9,,"WSU TFREC, Wenatchee, Chelan County",330141,WSU TFREC,2017-11-24 08:25:05.063831
2008-02-17,17:15,40.1,,32.8,74.9,0.04,SW@0.4,1.9,35.8,0.0,5,,"WSU TFREC, Wenatchee, Chelan County",330141,WSU TFREC,2017-11-24 08:25:05.063831
2008-02-17,17:30,38.9,,32.4,77.1,0.04,SW@1.0,2.4,35.9,0.0,0,,"WSU TFREC, Wenatchee, Chelan County",330141,WSU TFREC,2017-11-24 08:25:05.063831
2008-02-17,17:45,37.6,,32.3,80.9,0.04,SW@1.1,2.6,36.0,0.0,0,,"WSU TFREC, Wenatchee, Chelan County",330141,WSU TFREC,2017-11-24 08:25:05.063831
2008-02-17,18:00,37.3,,32.4,82.2,0.04,SW@1.8,4.0,36.1,0.0,0,,"WSU TFREC, Wenatchee, Chelan County",330141,WSU TFREC,2017-11-24 08:25:05.063831
2008-02-17,18:15,35.5,,31.5,85.3,0.04,SW@0.4,1.9,36.1,0.0,0,,"WSU TFREC, Wenatchee, Chelan County",330141,WSU TFREC,2017-11-24 08:25:05.063831
2008-02-17,18:30,33.5,,30.8,89.9,0.05,SW@0.1,1.6,36.1,0.0,0,,"WSU TFREC, Wenatchee, Chelan County",330141,WSU TFREC,2017-11-24 08:25:05.063831
2008-02-17,18:45,33.1,,31.0,91.9,0.05,SW@0.9,2.8,36.1,0.0,0,,"WSU TFREC, Wenatchee, Chelan County",330141,WSU TFREC,2017-11-24 08:25:05.063831
2008-02-17,19:00,33.8,,31.4,90.6,0.05,SW@1.2,3.1,36.1,0.0,0,,"WSU TFREC, Wenatchee, Chelan County",330141,WSU TFREC,2017-11-24 08:25:05.063831
2008-02-17,19:15,34.4,,31.2,87.9,0.05,S@1.2,4.5,36.1,0.0,0,,"WSU TFREC, Wenatchee, Chelan County",330141,WSU TFREC,2017-11-24 08:25:05.063831
2008-02-17,19:30,33.3,,30.6,89.8,0.05,W@0.2,2.4,36.1,0.0,0,,"WSU TFREC, Wenatchee, Chelan County",330141,WSU TFREC,2017-11-24 08:25:05.063831
2008-02-17,19:45,31.8,,30.1,93.2,0.05,N@0.0,0.0,36.1,0.0,0,,"WSU TFREC, Wenatchee, Chelan County",330141,WSU TFREC,2017-11-24 08:25:05.063831
2008-02-17,20:00,31.9,,30.9,96.2,0.06,SW@2.2,6.2,36.1,0.0,0,,"WSU TFREC, Wenatchee, Chelan County",330141,WSU TFREC,2017-11-24 08:25:05.063831
2008-02-17,20:15,33.1,,31.3,93.0,0.05,SW@1.3,3.3,36.0,0.0,0,,"WSU TFREC, Wenatchee, Chelan County",330141,WSU TFREC,2017-11-24 08:25:05.063831
2008-02-17,20:30,32.1,,30.7,94.8,0.06,SW@0.5,1.6,35.9,0.0,0,,"WSU TFREC, Wenatchee, Chelan County",330141,WSU TFREC,2017-11-24 08:25:05.063831
2008-02-17,20:45,31.3,,30.6,97.3,0.08,W@0.8,2.6,35.9,0.0,0,,"WSU TFREC, Wenatchee, Chelan County",330141,WSU TFREC,2017-11-24 08:25:05.063831
2008-02-17,21:00,31.4,,30.4,96.6,0.1,S@0.1,1.6,35.8,0.0,0,,"WSU TFREC, Wenatchee, Chelan County",330141,WSU TFREC,2017-11-24 08:25:05.063831
2008-02-17,21:15,30.7,,30.1,98.3,0.12,SW@0.9,2.9,35.8,0.0,0,,"WSU TFREC, Wenatchee, Chelan County",330141,WSU TFREC,2017-11-24 08:25:05.063831
2008-02-17,21:30,30.1,,29.5,98.5,0.15,NE@0.0,0.7,35.7,0.0,0,,"WSU TFREC, Wenatchee, Chelan County",330141,WSU TFREC,2017-11-24 08:25:05.063831
2008-02-17,21:45,29.6,,29.2,99.8,0.2,NW@1.1,3.8,35.6,0.0,0,,"WSU TFREC, Wenatchee, Chelan County",330141,WSU TFREC,2017-11-24 08:25:05.063831
2008-02-17,22:00,29.4,,29.0,99.9,0.11,W@0.1,1.0,35.6,0.0,0,,"WSU TFREC, Wenatchee, Chelan County",330141,WSU TFREC,2017-11-24 08:25:05.063831
2008-02-17,22:15,28.8,,28.8,100.0,0.08,S@0.0,0.5,35.5,0.0,0,,"WSU TFREC, Wenatchee, Chelan County",330141,WSU TFREC,2017-11-24 08:25:05.063831
2008-02-17,22:30,28.6,,28.6,100.0,0.08,SW@0.0,0.2,35.5,0.0,0,,"WSU TFREC, Wenatchee, Chelan County",330141,WSU TFREC,2017-11-24 08:25:05.063831
2008-02-17,22:45,28.3,,28.3,100.0,0.08,N@0.0,0.0,35.4,0.0,0,,"WSU TFREC, Wenatchee, Chelan County",330141,WSU TFREC,2017-11-24 08:25:05.063831
2008-02-17,23:00,27.6,,27.6,100.0,0.07,N@0.0,0.0,35.4,0.0,0,,"WSU TFREC, Wenatchee, Chelan County",330141,WSU TFREC,2017-11-24 08:25:05.063831
2008-02-17,23:15,27.2,,27.2,100.0,0.07,N@0.0,0.0,35.3,0.0,0,,"WSU TFREC, Wenatchee, Chelan County",330141,WSU TFREC,2017-11-24 08:25:05.063831
2008-02-17,23:30,27.4,,27.4,100.0,0.08,SW@0.0,0.2,35.3,0.0,0,,"WSU TFREC, Wenatchee, Chelan County",330141,WSU TFREC,2017-11-24 08:25:05.063831
2008-02-17,23:45,27.7,,27.7,100.0,0.08,SW@2.0,4.8,35.3,0.0,0,,"WSU TFREC, Wenatchee, Chelan County",330141,WSU TFREC,2017-11-24 08:25:05.063831
2008-02-17,24:00,27.2,,27.2,100.0,0.08,N@0.2,1.2,35.2,0.0,0,,"WSU TFREC, Wenatchee, Chelan County",330141,WSU TFREC,2017-11-24 08:25:05.063831
2008-02-18,00:15,26.7,,26.7,100.0,0.07,W@0.1,0.9,35.2,0.0,0,,"WSU TFREC, Wenatchee, Chelan County",330141,WSU TFREC,2017-11-24 08:25:05.063831
2008-02-18,00:30,26.8,,26.8,100.0,0.07,W@0.1,1.0,35.1,0.0,0,,"WSU TFREC, Wenatchee, Chelan County",330141,WSU TFREC,2017-11-24 08:25:05.063831
2008-02-18,00:45,26.9,,26.9,100.0,0.07,SW@0.3,2.6,35.1,0.0,0,,"WSU TFREC, Wenatchee, Chelan County",330141,WSU TFREC,2017-11-24 08:25:05.063831
2008-02-18,01:00,26.7,,26.7,100.0,0.07,N@0.7,3.8,35.1,0.0,0,,"WSU TFREC, Wenatchee, Chelan County",330141,WSU TFREC,2017-11-24 08:25:05.063831
2008-02-18,01:15,26.2,,26.2,100.0,0.07,SW@0.3,2.4,35.1,0.0,0,,"WSU TFREC, Wenatchee, Chelan County",330141,WSU TFREC,2017-11-24 08:25:05.063831
2008-02-18,01:30,26.1,,26.1,100.0,0.07,S@0.1,1.9,35.0,0.0,0,,"WSU TFREC, Wenatchee, Chelan County",330141,WSU TFREC,2017-11-24 08:25:05.063831
2008-02-18,01:45,26.0,,26.0,100.0,0.07,S@0.7,2.8,35.0,0.0,0,,"WSU TFREC, Wenatchee, Chelan County",330141,WSU TFREC,2017-11-24 08:25:05.063831
2008-02-18,02:00,26.0,,26.0,100.0,0.07,SW@1.3,5.2,34.9,0.0,0,,"WSU TFREC, Wenatchee, Chelan County",330141,WSU TFREC,2017-11-24 08:25:05.063831
2008-02-18,02:15,26.0,,26.0,100.0,0.07,SW@0.1,1.6,34.9,0.0,0,,"WSU TFREC, Wenatchee, Chelan County",330141,WSU TFREC,2017-11-24 08:25:05.063831
2008-02-18,02:30,25.6,,25.6,100.0,0.07,S@0.1,1.0,34.9,0.0,0,,"WSU TFREC, Wenatchee, Chelan County",330141,WSU TFREC,2017-11-24 08:25:05.063831
2008-02-18,02:45,25.0,,25.0,100.0,0.06,S@0.1,1.0,34.9,0.0,0,,"WSU TFREC, Wenatchee, Chelan County",330141,WSU TFREC,2017-11-24 08:25:05.063831
2008-02-18,03:00,25.0,,25.0,100.0,0.07,W@0.6,3.5,34.8,0.0,0,,"WSU TFREC, Wenatchee, Chelan County",330141,WSU TFREC,2017-11-24 08:25:05.063831
2008-02-18,03:15,25.0,,25.0,100.0,0.07,S@0.4,2.4,34.8,0.0,0,,"WSU TFREC, Wenatchee, Chelan County",330141,WSU TFREC,2017-11-24 08:25:05.063831
2008-02-18,03:30,24.5,,24.5,100.0,0.06,S@0.0,0.2,34.8,0.0,0,,"WSU TFREC, Wenatchee, Chelan County",330141,WSU TFREC,2017-11-24 08:25:05.063831
2008-02-18,03:45,24.2,,24.2,100.0,0.06,SW@0.1,0.9,34.7,0.0,0,,"WSU TFREC, Wenatchee, Chelan County",330141,WSU TFREC,2017-11-24 08:25:05.063831
2008-02-18,04:00,24.4,,24.4,100.0,0.06,SW@0.1,1.0,34.7,0.0,0,,"WSU TFREC, Wenatchee, Chelan County",330141,WSU TFREC,2017-11-24 08:25:05.063831
2008-02-18,04:15,24.3,,24.3,100.0,0.06,SE@0.0,0.2,34.7,0.0,0,,"WSU TFREC, Wenatchee, Chelan County",330141,WSU TFREC,2017-11-24 08:25:05.063831
2008-02-18,04:30,23.9,,23.9,100.0,0.06,SW@0.0,0.3,34.7,0.0,0,,"WSU TFREC, Wenatchee, Chelan County",330141,WSU TFREC,2017-11-24 08:25:05.063831
2008-02-18,04:45,24.4,,24.4,100.0,0.06,SW@0.0,1.0,34.6,0.0,0,,"WSU TFREC, Wenatchee, Chelan County",330141,WSU TFREC,2017-11-24 08:25:05.063831
2008-02-18,05:00,24.4,,24.4,100.0,0.06,S@0.0,0.5,34.6,0.0,0,,"WSU TFREC, Wenatchee, Chelan County",330141,WSU TFREC,2017-11-24 08:25:05.063831
2008-02-18,05:15,23.6,,23.6,100.0,0.06,N@0.0,0.0,34.6,0.0,0,,"WSU TFREC, Wenatchee, Chelan County",330141,WSU TFREC,2017-11-24 08:25:05.063831
2008-02-18,05:30,23.1,,23.1,100.0,0.06,N@0.0,0.0,34.6,0.0,0,,"WSU TFREC, Wenatchee, Chelan County",330141,WSU TFREC,2017-11-24 08:25:05.063831
2008-02-18,05:45,22.9,,22.9,100.0,0.06,SE@0.1,1.7,34.6,0.0,0,,"WSU TFREC, Wenatchee, Chelan County",330141,WSU TFREC,2017-11-24 08:25:05.063831
2008-02-18,06:00,22.9,,22.9,100.0,0.06,SW@0.0,0.2,34.5,0.0,0,,"WSU TFREC, Wenatchee, Chelan County",330141,WSU TFREC,2017-11-24 08:25:05.063831
2008-02-18,06:15,22.8,,22.8,100.0,0.06,N@0.0,0.0,34.5,0.0,0,,"WSU TFREC, Wenatchee, Chelan County",330141,WSU TFREC,2017-11-24 08:25:05.063831
2008-02-18,06:30,22.9,,22.9,100.0,0.06,SE@0.2,2.1,34.5,0.0,0,,"WSU TFREC, Wenatchee, Chelan County",330141,WSU TFREC,2017-11-24 08:25:05.063831
2008-02-18,06:45,22.7,,22.7,100.0,0.06,SW@0.2,2.1,34.5,0.0,0,,"WSU TFREC, Wenatchee, Chelan County",330141,WSU TFREC,2017-11-24 08:25:05.063831
2008-02-18,07:00,22.4,,22.4,100.0,0.06,NW@0.0,0.2,34.5,0.0,0,,"WSU TFREC, Wenatchee, Chelan County",330141,WSU TFREC,2017-11-24 08:25:05.063831
2008-02-18,07:15,22.0,,22.0,100.0,0.06,N@0.0,0.0,34.5,0.0,1,,"WSU TFREC, Wenatchee, Chelan County",330141,WSU TFREC,2017-11-24 08:25:05.063831
2008-02-18,07:30,22.1,,22.1,100.0,0.06,S@0.0,0.5,34.5,0.0,10,,"WSU TFREC, Wenatchee, Chelan County",330141,WSU TFREC,2017-11-24 08:25:05.063831
2008-02-18,07:45,23.7,,23.7,100.0,0.06,S@0.1,0.9,34.5,0.0,37,,"WSU TFREC, Wenatchee, Chelan County",330141,WSU TFREC,2017-11-24 08:25:05.063831
2008-02-18,08:00,25.6,,25.6,100.0,0.07,NE@0.2,1.4,34.5,0.0,66,,"WSU TFREC, Wenatchee, Chelan County",330141,WSU TFREC,2017-11-24 08:25:05.063831
2008-02-18,08:15,27.7,,27.7,100.0,0.13,N@0.0,0.0,34.5,0.0,105,,"WSU TFREC, Wenatchee, Chelan County",330141,WSU TFREC,2017-11-24 08:25:05.063831
2008-02-18,08:30,28.6,,28.1,100.0,0.13,W@0.1,0.9,34.5,0.0,146,,"WSU TFREC, Wenatchee, Chelan County",330141,WSU TFREC,2017-11-24 08:25:05.063831
2008-02-18,08:45,30.5,,29.6,97.2,0.15,N@0.0,0.0,34.4,0.0,197,,"WSU TFREC, Wenatchee, Chelan County",330141,WSU TFREC,2017-11-24 08:25:05.063831
2008-02-18,09:00,31.7,,29.1,90.4,0.17,NE@0.4,2.6,34.4,0.0,255,,"WSU TFREC, Wenatchee, Chelan County",330141,WSU TFREC,2017-11-24 08:25:05.063831
2008-02-18,09:15,31.6,,29.0,90.2,0.19,NE@0.2,1.4,34.4,0.0,286,,"WSU TFREC, Wenatchee, Chelan County",330141,WSU TFREC,2017-11-24 08:25:05.063831
2008-02-18,09:30,32.6,,29.2,86.8,0.21,SW@0.6,2.9,34.3,0.0,318,,"WSU TFREC, Wenatchee, Chelan County",330141,WSU TFREC,2017-11-24 08:25:05.063831
2008-02-18,09:45,32.9,,28.9,85.1,0.24,SW@0.4,2.1,34.2,0.0,349,,"WSU TFREC, Wenatchee, Chelan County",330141,WSU TFREC,2017-11-24 08:25:05.063831
2008-02-18,10:00,34.2,,29.4,82.3,0.31,SE@0.6,1.9,34.2,0.0,378,,"WSU TFREC, Wenatchee, Chelan County",330141,WSU TFREC,2017-11-24 08:25:05.063831
2008-02-18,10:15,34.0,,28.9,81.5,0.31,E@0.8,2.2,34.2,0.0,401,,"WSU TFREC, Wenatchee, Chelan County",330141,WSU TFREC,2017-11-24 08:25:05.063831
2008-02-18,10:30,35.2,,29.0,78.0,0.36,E@1.3,7.4,34.2,0.0,425,,"WSU TFREC, Wenatchee, Chelan County",330141,WSU TFREC,2017-11-24 08:25:05.063831
2008-02-18,10:45,34.4,,28.0,77.2,0.34,NE@1.8,5.9,34.1,0.0,448,,"WSU TFREC, Wenatchee, Chelan County",330141,WSU TFREC,2017-11-24 08:25:05.063831
2008-02-18,11:00,34.8,,27.8,75.3,0.34,NE@3.1,7.8,34.1,0.0,467,,"WSU TFREC, Wenatchee, Chelan County",330141,WSU TFREC,2017-11-24 08:25:05.063831
2008-02-18,11:15,35.1,,27.9,74.7,0.32,NE@3.5,7.9,34.1,0.0,484,,"WSU TFREC, Wenatchee, Chelan County",330141,WSU TFREC,2017-11-24 08:25:05.063831
2008-02-18,11:30,35.8,,28.5,74.7,0.52,NE@3.8,7.8,34.1,0.0,497,,"WSU TFREC, Wenatchee, Chelan County",330141,WSU TFREC,2017-11-24 08:25:05.063831
2008-02-18,11:45,36.7,,29.1,73.8,0.84,E@2.1,5.7,34.1,0.0,507,,"WSU TFREC, Wenatchee, Chelan County",330141,WSU TFREC,2017-11-24 08:25:05.063831
2008-02-18,12:00,38.2,,29.9,71.9,0.78,SE@0.9,2.2,34.1,0.0,516,,"WSU TFREC, Wenatchee, Chelan County",330141,WSU TFREC,2017-11-24 08:25:05.063831
2008-02-18,12:15,39.6,,30.6,69.9,0.55,SE@0.9,2.9,34.1,0.0,520,,"WSU TFREC, Wenatchee, Chelan County",330141,WSU TFREC,2017-11-24 08:25:05.063831
2008-02-18,12:30,39.2,,30.6,71.0,0.18,NE@1.4,4.0,34.1,0.0,520,,"WSU TFREC, Wenatchee, Chelan County",330141,WSU TFREC,2017-11-24 08:25:05.063831
2008-02-18,12:45,39.2,,30.8,71.4,0.03,NE@1.5,3.5,34.1,0.0,516,,"WSU TFREC, Wenatchee, Chelan County",330141,WSU TFREC,2017-11-24 08:25:05.063831
2008-02-18,13:00,40.3,,30.5,67.9,0.03,E@1.4,3.6,34.1,0.0,510,,"WSU TFREC, Wenatchee, Chelan County",330141,WSU TFREC,2017-11-24 08:25:05.063831
2008-02-18,13:15,41.5,,30.9,65.7,0.03,SE@1.4,5.0,34.0,0.0,500,,"WSU TFREC, Wenatchee, Chelan County",330141,WSU TFREC,2017-11-24 08:25:05.063831
2008-02-18,13:30,41.9,,31.1,65.2,0.03,NE@1.8,5.7,34.0,0.0,482,,"WSU TFREC, Wenatchee, Chelan County",330141,WSU TFREC,2017-11-24 08:25:05.063831
2008-02-18,13:45,41.4,,30.7,65.5,0.03,NE@1.6,5.2,34.0,0.0,465,,"WSU TFREC, Wenatchee, Chelan County",330141,WSU TFREC,2017-11-24 08:25:05.063831
2008-02-18,14:00,42.6,,30.8,62.6,0.03,E@1.0,2.8,34.1,0.0,446,,"WSU TFREC, Wenatchee, Chelan County",330141,WSU TFREC,2017-11-24 08:25:05.063831
2008-02-18,14:15,42.9,,31.1,63.0,0.03,N@1.4,3.6,34.1,0.0,422,,"WSU TFREC, Wenatchee, Chelan County",330141,WSU TFREC,2017-11-24 08:25:05.063831
2008-02-18,14:30,43.6,,31.4,61.7,0.03,SE@1.7,3.5,34.2,0.0,397,,"WSU TFREC, Wenatchee, Chelan County",330141,WSU TFREC,2017-11-24 08:25:05.063831
2008-02-18,14:45,43.4,,31.0,61.4,0.03,NE@2.5,4.5,34.4,0.0,370,,"WSU TFREC, Wenatchee, Chelan County",330141,WSU TFREC,2017-11-24 08:25:05.063831
2008-02-18,15:00,43.3,,30.5,60.4,0.03,NE@2.4,4.0,34.6,0.0,339,,"WSU TFREC, Wenatchee, Chelan County",330141,WSU TFREC,2017-11-24 08:25:05.063831
2008-02-18,15:15,43.4,,30.7,60.6,0.03,NE@2.3,4.0,34.7,0.0,306,,"WSU TFREC, Wenatchee, Chelan County",330141,WSU TFREC,2017-11-24 08:25:05.063831
2008-02-18,15:30,43.3,,30.4,59.9,0.04,NE@2.9,6.2,34.9,0.0,269,,"WSU TFREC, Wenatchee, Chelan County",330141,WSU TFREC,2017-11-24 08:25:05.063831
2008-02-18,15:45,43.1,,30.2,60.0,0.04,NE@2.5,4.7,35.1,0.0,232,,"WSU TFREC, Wenatchee, Chelan County",330141,WSU TFREC,2017-11-24 08:25:05.063831
2008-02-18,16:00,43.2,,30.1,59.7,0.04,NE@2.5,4.1,35.3,0.0,197,,"WSU TFREC, Wenatchee, Chelan County",330141,WSU TFREC,2017-11-24 08:25:05.063831
2008-02-18,16:15,42.8,,29.9,60.0,0.04,NE@2.8,6.6,35.4,0.0,155,,"WSU TFREC, Wenatchee, Chelan County",330141,WSU TFREC,2017-11-24 08:25:05.063831
2008-02-18,16:30,42.0,,29.8,61.8,0.04,NE@3.1,8.6,35.6,0.0,49,,"WSU TFREC, Wenatchee, Chelan County",330141,WSU TFREC,2017-11-24 08:25:05.063831
2008-02-18,16:45,41.2,,29.9,63.9,0.04,NE@1.8,4.1,35.8,0.0,18,,"WSU TFREC, Wenatchee, Chelan County",330141,WSU TFREC,2017-11-24 08:25:05.063831
2008-02-18,17:00,40.3,,29.9,66.0,0.04,N@1.2,3.1,35.9,0.0,12,,"WSU TFREC, Wenatchee, Chelan County",330141,WSU TFREC,2017-11-24 08:25:05.063831
2008-02-18,17:15,38.5,,30.2,71.7,0.04,SW@1.9,2.9,36.1,0.0,6,,"WSU TFREC, Wenatchee, Chelan County",330141,WSU TFREC,2017-11-24 08:25:05.063831
2008-02-18,17:30,37.8,,30.0,73.1,0.04,SW@2.5,6.6,36.2,0.0,1,,"WSU TFREC, Wenatchee, Chelan County",330141,WSU TFREC,2017-11-24 08:25:05.063831
2008-02-18,17:45,37.7,,30.0,73.3,0.04,SW@0.7,2.2,36.3,0.0,0,,"WSU TFREC, Wenatchee, Chelan County",330141,WSU TFREC,2017-11-24 08:25:05.063831
2008-02-18,18:00,35.6,,29.7,78.9,0.04,SW@2.0,6.9,36.4,0.0,0,,"WSU TFREC, Wenatchee, Chelan County",330141,WSU TFREC,2017-11-24 08:25:05.063831
2008-02-18,18:15,35.9,,29.7,78.0,0.04,W@1.5,10.2,36.5,0.0,0,,"WSU TFREC, Wenatchee, Chelan County",330141,WSU TFREC,2017-11-24 08:25:05.063831
2008-02-18,18:30,37.1,,29.7,74.3,0.04,W@2.3,5.9,36.5,0.0,0,,"WSU TFREC, Wenatchee, Chelan County",330141,WSU TFREC,2017-11-24 08:25:05.063831
2008-02-18,18:45,36.0,,29.5,77.1,0.04,SW@0.9,5.0,36.5,0.0,0,,"WSU TFREC, Wenatchee, Chelan County",330141,WSU TFREC,2017-11-24 08:25:05.063831
2008-02-18,19:00,35.7,,29.4,77.8,0.04,SW@1.1,5.0,36.5,0.0,0,,"WSU TFREC, Wenatchee, Chelan County",330141,WSU TFREC,2017-11-24 08:25:05.063831
2008-02-18,19:15,35.5,,29.4,78.4,0.04,E@2.5,13.5,36.5,0.0,0,,"WSU TFREC, Wenatchee, Chelan County",330141,WSU TFREC,2017-11-24 08:25:05.063831
2008-02-18,19:30,34.6,,29.3,80.7,0.04,SW@1.1,5.0,36.5,0.0,0,,"WSU TFREC, Wenatchee, Chelan County",330141,WSU TFREC,2017-11-24 08:25:05.063831
2008-02-18,19:45,33.0,,28.9,84.7,0.04,SW@0.8,4.3,36.5,0.0,0,,"WSU TFREC, Wenatchee, Chelan County",330141,WSU TFREC,2017-11-24 08:25:05.063831
2008-02-18,20:00,32.9,,29.0,85.3,0.04,S@1.5,5.4,36.4,0.0,0,,"WSU TFREC, Wenatchee, Chelan County",330141,WSU TFREC,2017-11-24 08:25:05.063831
2008-02-18,20:15,33.0,,29.0,85.1,0.04,SW@1.3,7.1,36.3,0.0,0,,"WSU TFREC, Wenatchee, Chelan County",330141,WSU TFREC,2017-11-24 08:25:05.063831
2008-02-18,20:30,32.0,,28.7,87.5,0.04,SW@0.4,3.1,36.2,0.0,0,,"WSU TFREC, Wenatchee, Chelan County",330141,WSU TFREC,2017-11-24 08:25:05.063831
2008-02-18,20:45,31.0,,28.4,90.5,0.05,SW@0.9,4.5,36.1,0.0,0,,"WSU TFREC, Wenatchee, Chelan County",330141,WSU TFREC,2017-11-24 08:25:05.063831
2008-02-18,21:00,30.6,,28.4,91.8,0.05,SW@0.5,3.1,36.1,0.0,0,,"WSU TFREC, Wenatchee, Chelan County",330141,WSU TFREC,2017-11-24 08:25:05.063831
2008-02-18,21:15,30.2,,28.2,93.1,0.05,SW@0.6,3.8,36.1,0.0,0,,"WSU TFREC, Wenatchee, Chelan County",330141,WSU TFREC,2017-11-24 08:25:05.063831
2008-02-18,21:30,29.8,,28.0,94.0,0.06,S@1.2,3.5,36.0,0.0,0,,"WSU TFREC, Wenatchee, Chelan County",330141,WSU TFREC,2017-11-24 08:25:05.063831
2008-02-18,21:45,30.2,,28.0,92.1,0.06,S@2.8,6.6,35.9,0.0,0,,"WSU TFREC, Wenatchee, Chelan County",330141,WSU TFREC,2017-11-24 08:25:05.063831
2008-02-18,22:00,30.4,,27.8,90.8,0.05,SW@2.5,8.3,35.8,0.0,0,,"WSU TFREC, Wenatchee, Chelan County",330141,WSU TFREC,2017-11-24 08:25:05.063831
2008-02-18,22:15,30.5,,28.2,91.6,0.05,SW@2.8,6.6,35.8,0.0,0,,"WSU TFREC, Wenatchee, Chelan County",330141,WSU TFREC,2017-11-24 08:25:05.063831
2008-02-18,22:30,30.7,,28.0,89.9,0.05,SW@2.9,6.4,35.8,0.0,0,,"WSU TFREC, Wenatchee, Chelan County",330141,WSU TFREC,2017-11-24 08:25:05.063831
2008-02-18,22:45,30.0,,27.7,92.0,0.05,W@1.6,4.8,35.7,0.0,0,,"WSU TFREC, Wenatchee, Chelan County",330141,WSU TFREC,2017-11-24 08:25:05.063831
2008-02-18,23:00,30.3,,27.6,90.2,0.05,SW@1.6,7.1,35.6,0.0,0,,"WSU TFREC, Wenatchee, Chelan County",330141,WSU TFREC,2017-11-24 08:25:05.063831
2008-02-18,23:15,28.8,,26.7,93.5,0.06,S@0.7,3.1,35.6,0.0,0,,"WSU TFREC, Wenatchee, Chelan County",330141,WSU TFREC,2017-11-24 08:25:05.063831
2008-02-18,23:30,27.5,,26.2,97.0,0.07,SW@0.1,1.4,35.5,0.0,0,,"WSU TFREC, Wenatchee, Chelan County",330141,WSU TFREC,2017-11-24 08:25:05.063831
2008-02-18,23:45,26.9,,26.0,99.0,0.09,W@1.2,2.8,35.5,0.0,0,,"WSU TFREC, Wenatchee, Chelan County",330141,WSU TFREC,2017-11-24 08:25:05.063831
2008-02-18,24:00,26.7,,25.7,98.7,0.11,N@0.0,0.0,35.5,0.0,0,,"WSU TFREC, Wenatchee, Chelan County",330141,WSU TFREC,2017-11-24 08:25:05.063831
2008-02-19,00:15,26.4,,26.4,100.0,0.14,W@0.0,0.7,35.4,0.0,0,,"WSU TFREC, Wenatchee, Chelan County",330141,WSU TFREC,2017-11-24 08:25:05.063831
2008-02-19,00:30,26.0,,26.0,100.0,0.18,SE@0.1,1.4,35.4,0.0,0,,"WSU TFREC, Wenatchee, Chelan County",330141,WSU TFREC,2017-11-24 08:25:05.063831
2008-02-19,00:45,25.7,,25.7,100.0,0.14,N@0.0,0.0,35.3,0.0,0,,"WSU TFREC, Wenatchee, Chelan County",330141,WSU TFREC,2017-11-24 08:25:05.063831
2008-02-19,01:00,25.5,,25.5,100.0,0.07,SW@0.1,0.9,35.3,0.0,0,,"WSU TFREC, Wenatchee, Chelan County",330141,WSU TFREC,2017-11-24 08:25:05.063831
2008-02-19,01:15,25.7,,25.7,100.0,0.07,S@0.7,3.1,35.3,0.0,0,,"WSU TFREC, Wenatchee, Chelan County",330141,WSU TFREC,2017-11-24 08:25:05.063831
2008-02-19,01:30,25.7,,25.7,100.0,0.07,SW@0.5,3.1,35.2,0.0,0,,"WSU TFREC, Wenatchee, Chelan County",330141,WSU TFREC,2017-11-24 08:25:05.063831
2008-02-19,01:45,25.8,,25.8,100.0,0.07,SW@0.0,0.7,35.2,0.0,0,,"WSU TFREC, Wenatchee, Chelan County",330141,WSU TFREC,2017-11-24 08:25:05.063831
2008-02-19,02:00,25.2,,25.2,100.0,0.07,SW@0.2,2.4,35.2,0.0,0,,"WSU TFREC, Wenatchee, Chelan County",330141,WSU TFREC,2017-11-24 08:25:05.063831
2008-02-19,02:15,25.1,,25.1,100.0,0.07,S@1.4,5.2,35.1,0.0,0,,"WSU TFREC, Wenatchee, Chelan County",330141,WSU TFREC,2017-11-24 08:25:05.063831
2008-02-19,02:30,25.2,,25.2,100.0,0.07,NW@1.8,5.4,35.1,0.0,0,,"WSU TFREC, Wenatchee, Chelan County",330141,WSU TFREC,2017-11-24 08:25:05.063831
2008-02-19,02:45,25.6,,25.6,100.0,0.07,W@1.8,4.5,35.1,0.0,0,,"WSU TFREC, Wenatchee, Chelan County",330141,WSU TFREC,2017-11-24 08:25:05.063831
2008-02-19,03:00,25.2,,25.2,100.0,0.07,W@0.8,3.8,35.1,0.0,0,,"WSU TFREC, Wenatchee, Chelan County",330141,WSU TFREC,2017-11-24 08:25:05.063831
2008-02-19,03:15,24.6,,24.6,100.0,0.07,NE@0.2,1.6,35.1,0.0,0,,"WSU TFREC, Wenatchee, Chelan County",330141,WSU TFREC,2017-11-24 08:25:05.063831
2008-02-19,03:30,24.2,,24.2,100.0,0.06,SW@0.4,2.2,35.0,0.0,0,,"WSU TFREC, Wenatchee, Chelan County",330141,WSU TFREC,2017-11-24 08:25:05.063831
2008-02-19,03:45,24.1,,24.1,100.0,0.06,S@0.3,1.6,35.0,0.0,0,,"WSU TFREC, Wenatchee, Chelan County",330141,WSU TFREC,2017-11-24 08:25:05.063831
2008-02-19,04:00,23.8,,23.8,100.0,0.06,W@0.0,0.3,34.9,0.0,0,,"WSU TFREC, Wenatchee, Chelan County",330141,WSU TFREC,2017-11-24 08:25:05.063831
2008-02-19,04:15,23.7,,23.7,100.0,0.06,SW@0.2,1.0,34.9,0.0,0,,"WSU TFREC, Wenatchee, Chelan County",330141,WSU TFREC,2017-11-24 08:25:05.063831
2008-02-19,04:30,23.3,,23.3,100.0,0.06,SW@0.0,1.0,34.9,0.0,0,,"WSU TFREC, Wenatchee, Chelan County",330141,WSU TFREC,2017-11-24 08:25:05.063831
2008-02-19,04:45,23.0,,23.0,100.0,0.06,SW@0.2,2.4,34.9,0.0,0,,"WSU TFREC, Wenatchee, Chelan County",330141,WSU TFREC,2017-11-24 08:25:05.063831
2008-02-19,05:00,23.2,,23.2,100.0,0.06,SW@0.4,2.8,34.9,0.0,0,,"WSU TFREC, Wenatchee, Chelan County",330141,WSU TFREC,2017-11-24 08:25:05.063831
2008-02-19,05:15,22.9,,22.9,100.0,0.06,W@0.0,0.5,34.8,0.0,0,,"WSU TFREC, Wenatchee, Chelan County",330141,WSU TFREC,2017-11-24 08:25:05.063831
2008-02-19,05:30,23.3,,23.3,100.0,0.06,SW@1.5,4.3,34.8,0.0,0,,"WSU TFREC, Wenatchee, Chelan County",330141,WSU TFREC,2017-11-24 08:25:05.063831
2008-02-19,05:45,23.2,,23.2,100.0,0.06,W@0.6,3.3,34.8,0.0,0,,"WSU TFREC, Wenatchee, Chelan County",330141,WSU TFREC,2017-11-24 08:25:05.063831
2008-02-19,06:00,22.7,,22.7,100.0,0.06,W@0.0,0.2,34.7,0.0,0,,"WSU TFREC, Wenatchee, Chelan County",330141,WSU TFREC,2017-11-24 08:25:05.063831
2008-02-19,06:15,22.7,,22.7,100.0,0.06,SW@1.3,3.8,34.7,0.0,0,,"WSU TFREC, Wenatchee, Chelan County",330141,WSU TFREC,2017-11-24 08:25:05.063831
2008-02-19,06:30,22.8,,22.8,100.0,0.06,SW@0.7,2.9,34.7,0.0,0,,"WSU TFREC, Wenatchee, Chelan County",330141,WSU TFREC,2017-11-24 08:25:05.063831
2008-02-19,06:45,22.5,,22.5,100.0,0.06,NW@0.0,0.3,34.7,0.0,0,,"WSU TFREC, Wenatchee, Chelan County",330141,WSU TFREC,2017-11-24 08:25:05.063831
2008-02-19,07:00,22.2,,22.2,100.0,0.06,SW@0.1,0.7,34.7,0.0,0,,"WSU TFREC, Wenatchee, Chelan County",330141,WSU TFREC,2017-11-24 08:25:05.063831
2008-02-19,07:15,22.2,,22.2,100.0,0.06,SW@0.0,0.3,34.6,0.0,1,,"WSU TFREC, Wenatchee, Chelan County",330141,WSU TFREC,2017-11-24 08:25:05.063831
2008-02-19,07:30,22.7,,22.7,100.0,0.06,S@0.4,2.1,34.6,0.0,14,,"WSU TFREC, Wenatchee, Chelan County",330141,WSU TFREC,2017-11-24 08:25:05.063831
2008-02-19,07:45,23.5,,23.5,100.0,0.07,NW@0.3,1.6,34.6,0.0,49,,"WSU TFREC, Wenatchee, Chelan County",330141,WSU TFREC,2017-11-24 08:25:05.063831
2008-02-19,08:00,25.6,,25.6,100.0,0.07,W@0.2,1.6,34.6,0.0,92,,"WSU TFREC, Wenatchee, Chelan County",330141,WSU TFREC,2017-11-24 08:25:05.063831
2008-02-19,08:15,27.7,,26.7,97.8,0.09,SE@0.5,1.9,34.5,0.0,139,,"WSU TFREC, Wenatchee, Chelan County",330141,WSU TFREC,2017-11-24 08:25:05.063831
2008-02-19,08:30,28.3,,26.4,94.4,0.09,NE@1.6,4.1,34.5,0.0,176,,"WSU TFREC, Wenatchee, Chelan County",330141,WSU TFREC,2017-11-24 08:25:05.063831
2008-02-19,08:45,28.6,,26.6,93.9,0.1,NE@1.2,3.1,34.5,0.0,212,,"WSU TFREC, Wenatchee, Chelan County",330141,WSU TFREC,2017-11-24 08:25:05.063831
2008-02-19,09:00,29.5,,27.0,91.5,0.11,E@1.3,3.3,34.5,0.0,250,,"WSU TFREC, Wenatchee, Chelan County",330141,WSU TFREC,2017-11-24 08:25:05.063831
2008-02-19,09:15,30.8,,27.6,88.3,0.13,NE@1.6,6.4,34.5,0.0,282,,"WSU TFREC, Wenatchee, Chelan County",330141,WSU TFREC,2017-11-24 08:25:05.063831
2008-02-19,09:30,31.4,,27.8,86.7,0.14,NE@1.2,6.4,34.5,0.0,315,,"WSU TFREC, Wenatchee, Chelan County",330141,WSU TFREC,2017-11-24 08:25:05.063831
2008-02-19,09:45,32.5,,28.2,83.9,0.16,E@1.3,4.7,34.5,0.0,345,,"WSU TFREC, Wenatchee, Chelan County",330141,WSU TFREC,2017-11-24 08:25:05.063831
2008-02-19,10:00,32.1,,28.2,85.4,0.17,E@3.3,10.2,34.5,0.0,371,,"WSU TFREC, Wenatchee, Chelan County",330141,WSU TFREC,2017-11-24 08:25:05.063831
2008-02-19,10:15,33.9,,29.1,82.5,0.2,S@1.0,4.7,34.5,0.0,398,,"WSU TFREC, Wenatchee, Chelan County",330141,WSU TFREC,2017-11-24 08:25:05.063831
2008-02-19,10:30,34.6,,29.0,80.0,0.08,E@1.3,3.6,34.4,0.0,423,,"WSU TFREC, Wenatchee, Chelan County",330141,WSU TFREC,2017-11-24 08:25:05.063831
2008-02-19,10:45,35.4,,29.5,78.9,0.04,S@1.2,4.1,34.4,0.0,447,,"WSU TFREC, Wenatchee, Chelan County",330141,WSU TFREC,2017-11-24 08:25:05.063831
2008-02-19,11:00,36.0,,29.6,77.4,0.03,S@2.2,5.0,34.4,0.0,466,,"WSU TFREC, Wenatchee, Chelan County",330141,WSU TFREC,2017-11-24 08:25:05.063831
2008-02-19,11:15,36.4,,29.6,75.9,0.03,E@1.8,5.4,34.4,0.0,483,,"WSU TFREC, Wenatchee, Chelan County",330141,WSU TFREC,2017-11-24 08:25:05.063831
2008-02-19,11:30,37.5,,30.0,74.1,0.03,S@1.6,4.1,34.3,0.0,496,,"WSU TFREC, Wenatchee, Chelan County",330141,WSU TFREC,2017-11-24 08:25:05.063831
2008-02-19,11:45,38.6,,30.4,71.9,0.03,E@1.4,3.6,34.3,0.0,507,,"WSU TFREC, Wenatchee, Chelan County",330141,WSU TFREC,2017-11-24 08:25:05.063831
2008-02-19,12:00,38.3,,30.4,72.9,0.03,NE@2.7,4.8,34.3,0.0,513,,"WSU TFREC, Wenatchee, Chelan County",330141,WSU TFREC,2017-11-24 08:25:05.063831
2008-02-19,12:15,38.6,,30.3,72.0,0.03,E@1.6,4.7,34.2,0.0,517,,"WSU TFREC, Wenatchee, Chelan County",330141,WSU TFREC,2017-11-24 08:25:05.063831
2008-02-19,12:30,39.5,,30.4,69.6,0.03,NE@2.1,4.0,34.2,0.0,518,,"WSU TFREC, Wenatchee, Chelan County",330141,WSU TFREC,2017-11-24 08:25:05.063831
2008-02-19,12:45,39.9,,30.5,68.9,0.03,E@1.3,3.6,34.2,0.0,515,,"WSU TFREC, Wenatchee, Chelan County",330141,WSU TFREC,2017-11-24 08:25:05.063831
2008-02-19,13:00,40.5,,30.4,66.9,0.03,NE@1.5,3.8,34.2,0.0,508,,"WSU TFREC, Wenatchee, Chelan County",330141,WSU TFREC,2017-11-24 08:25:05.063831
2008-02-19,13:15,41.3,,30.7,65.7,0.03,E@1.4,5.4,34.2,0.0,497,,"WSU TFREC, Wenatchee, Chelan County",330141,WSU TFREC,2017-11-24 08:25:05.063831
2008-02-19,13:30,42.2,,31.0,64.2,0.03,NW@0.8,2.4,34.2,0.0,484,,"WSU TFREC, Wenatchee, Chelan County",330141,WSU TFREC,2017-11-24 08:25:05.063831
2008-02-19,13:45,43.8,,31.1,60.5,0.03,SE@0.8,2.8,34.2,0.0,469,,"WSU TFREC, Wenatchee, Chelan County",330141,WSU TFREC,2017-11-24 08:25:05.063831
2008-02-19,14:00,43.5,,30.6,60.1,0.03,NE@1.7,3.6,34.2,0.0,449,,"WSU TFREC, Wenatchee, Chelan County",330141,WSU TFREC,2017-11-24 08:25:05.063831
2008-02-19,14:15,44.0,,30.4,58.5,0.03,N@0.8,2.1,34.4,0.0,426,,"WSU TFREC, Wenatchee, Chelan County",330141,WSU TFREC,2017-11-24 08:25:05.063831
2008-02-19,14:30,44.9,,30.6,57.0,0.03,E@1.2,3.1,34.5,0.0,401,,"WSU TFREC, Wenatchee, Chelan County",330141,WSU TFREC,2017-11-24 08:25:05.063831
2008-02-19,14:45,44.9,,30.4,56.5,0.03,N@1.2,5.7,34.6,0.0,373,,"WSU TFREC, Wenatchee, Chelan County",330141,WSU TFREC,2017-11-24 08:25:05.063831
2008-02-19,15:00,45.3,,30.5,55.8,0.03,NE@1.7,5.5,34.8,0.0,342,,"WSU TFREC, Wenatchee, Chelan County",330141,WSU TFREC,2017-11-24 08:25:05.063831
2008-02-19,15:15,45.4,,30.3,55.3,0.03,E@0.8,3.1,34.9,0.0,308,,"WSU TFREC, Wenatchee, Chelan County",330141,WSU TFREC,2017-11-24 08:25:05.063831
2008-02-19,15:30,45.5,,30.3,55.0,0.04,NE@1.8,3.1,35.1,0.0,271,,"WSU TFREC, Wenatchee, Chelan County",330141,WSU TFREC,2017-11-24 08:25:05.063831
2008-02-19,15:45,45.5,,29.9,54.2,0.04,NE@1.9,3.5,35.3,0.0,236,,"WSU TFREC, Wenatchee, Chelan County",330141,WSU TFREC,2017-11-24 08:25:05.063831
2008-02-19,16:00,45.1,,29.7,54.7,0.04,NE@1.4,3.6,35.5,0.0,150,,"WSU TFREC, Wenatchee, Chelan County",330141,WSU TFREC,2017-11-24 08:25:05.063831
2008-02-19,16:15,44.7,,30.0,55.9,0.04,NE@2.2,4.3,35.7,0.0,147,,"WSU TFREC, Wenatchee, Chelan County",330141,WSU TFREC,2017-11-24 08:25:05.063831
2008-02-19,16:30,43.7,,30.3,58.9,0.04,NE@1.2,2.6,35.9,0.0,35,,"WSU TFREC, Wenatchee, Chelan County",330141,WSU TFREC,2017-11-24 08:25:05.063831
2008-02-19,16:45,42.7,,30.5,61.8,0.04,NE@0.8,2.8,36.1,0.0,15,,"WSU TFREC, Wenatchee, Chelan County",330141,WSU TFREC,2017-11-24 08:25:05.063831
2008-02-19,17:00,40.6,,30.7,67.6,0.04,W@0.2,1.4,36.3,0.0,8,,"WSU TFREC, Wenatchee, Chelan County",330141,WSU TFREC,2017-11-24 08:25:05.063831
2008-02-19,17:15,38.5,,30.9,73.8,0.04,W@0.4,2.1,36.5,0.0,3,,"WSU TFREC, Wenatchee, Chelan County",330141,WSU TFREC,2017-11-24 08:25:05.063831
2008-02-19,17:30,36.7,,30.7,78.6,0.04,W@0.2,1.7,36.5,0.0,0,,"WSU TFREC, Wenatchee, Chelan County",330141,WSU TFREC,2017-11-24 08:25:05.063831
2008-02-19,17:45,35.7,,30.3,80.6,0.04,SW@0.6,2.6,36.8,0.0,0,,"WSU TFREC, Wenatchee, Chelan County",330141,WSU TFREC,2017-11-24 08:25:05.063831
2008-02-19,18:00,34.8,,30.3,83.3,0.04,SW@0.3,2.4,36.8,0.0,0,,"WSU TFREC, Wenatchee, Chelan County",330141,WSU TFREC,2017-11-24 08:25:05.063831
2008-02-19,18:15,34.5,,30.2,84.2,0.04,S@1.2,4.1,36.8,0.0,0,,"WSU TFREC, Wenatchee, Chelan County",330141,WSU TFREC,2017-11-24 08:25:05.063831
2008-02-19,18:30,34.6,,30.2,83.5,0.04,SW@2.2,6.2,36.9,0.0,0,,"WSU TFREC, Wenatchee, Chelan County",330141,WSU TFREC,2017-11-24 08:25:05.063831
2008-02-19,18:45,34.8,,30.2,83.2,0.04,SW@1.6,6.0,36.9,0.0,0,,"WSU TFREC, Wenatchee, Chelan County",330141,WSU TFREC,2017-11-24 08:25:05.063831
2008-02-19,19:00,34.4,,30.1,84.1,0.04,NW@0.4,2.1,36.9,0.0,0,,"WSU TFREC, Wenatchee, Chelan County",330141,WSU TFREC,2017-11-24 08:25:05.063831
2008-02-19,19:15,33.9,,29.9,84.9,0.04,S@0.8,4.0,36.9,0.0,0,,"WSU TFREC, Wenatchee, Chelan County",330141,WSU TFREC,2017-11-24 08:25:05.063831
2008-02-19,19:30,33.6,,29.8,85.6,0.04,SW@0.8,3.3,36.9,0.0,0,,"WSU TFREC, Wenatchee, Chelan County",330141,WSU TFREC,2017-11-24 08:25:05.063831
2008-02-19,19:45,33.0,,29.4,86.4,0.04,S@0.2,2.1,36.8,0.0,0,,"WSU TFREC, Wenatchee, Chelan County",330141,WSU TFREC,2017-11-24 08:25:05.063831
2008-02-19,20:00,31.9,,29.3,90.0,0.05,N@0.1,1.0,36.8,0.0,0,,"WSU TFREC, Wenatchee, Chelan County",330141,WSU TFREC,2017-11-24 08:25:05.063831
2008-02-19,20:15,31.6,,29.3,91.5,0.05,SW@0.3,1.9,36.8,0.0,0,,"WSU TFREC, Wenatchee, Chelan County",330141,WSU TFREC,2017-11-24 08:25:05.063831
2008-02-19,20:30,31.7,,29.2,90.4,0.05,SW@0.9,2.9,36.8,0.0,0,,"WSU TFREC, Wenatchee, Chelan County",330141,WSU TFREC,2017-11-24 08:25:05.063831
2008-02-19,20:45,31.0,,28.9,92.3,0.05,W@0.2,1.6,36.7,0.0,0,,"WSU TFREC, Wenatchee, Chelan County",330141,WSU TFREC,2017-11-24 08:25:05.063831
2008-02-19,21:00,30.6,,28.7,93.2,0.05,S@0.0,0.9,36.6,0.0,0,,"WSU TFREC, Wenatchee, Chelan County",330141,WSU TFREC,2017-11-24 08:25:05.063831
2008-02-19,21:15,30.0,,28.4,94.6,0.06,S@0.0,0.9,36.5,0.0,0,,"WSU TFREC, Wenatchee, Chelan County",330141,WSU TFREC,2017-11-24 08:25:05.063831
2008-02-19,21:30,29.4,,28.2,96.3,0.07,S@0.2,1.6,36.5,0.0,0,,"WSU TFREC, Wenatchee, Chelan County",330141,WSU TFREC,2017-11-24 08:25:05.063831
2008-02-19,21:45,29.1,,28.0,97.3,0.09,SW@0.0,0.7,36.5,0.0,0,,"WSU TFREC, Wenatchee, Chelan County",330141,WSU TFREC,2017-11-24 08:25:05.063831
2008-02-19,22:00,29.1,,28.2,97.9,0.11,SW@1.6,5.0,36.4,0.0,0,,"WSU TFREC, Wenatchee, Chelan County",330141,WSU TFREC,2017-11-24 08:25:05.063831
2008-02-19,22:15,29.2,,28.3,97.8,0.12,SW@1.3,5.2,36.3,0.0,0,,"WSU TFREC, Wenatchee, Chelan County",330141,WSU TFREC,2017-11-24 08:25:05.063831
2008-02-19,22:30,29.4,,28.3,96.8,0.12,SW@0.4,2.6,36.2,0.0,0,,"WSU TFREC, Wenatchee, Chelan County",330141,WSU TFREC,2017-11-24 08:25:05.063831
2008-02-19,22:45,28.9,,27.9,97.5,0.14,SW@0.1,1.0,36.1,0.0,0,,"WSU TFREC, Wenatchee, Chelan County",330141,WSU TFREC,2017-11-24 08:25:05.063831
2008-02-19,23:00,28.4,,27.7,99.0,0.16,W@0.3,2.4,36.1,0.0,0,,"WSU TFREC, Wenatchee, Chelan County",330141,WSU TFREC,2017-11-24 08:25:05.063831
2008-02-19,23:15,28.3,,27.7,99.8,0.18,SW@0.6,3.1,36.1,0.0,0,,"WSU TFREC, Wenatchee, Chelan County",330141,WSU TFREC,2017-11-24 08:25:05.063831
2008-02-19,23:30,28.9,,28.1,98.6,0.2,S@0.2,1.6,36.0,0.0,0,,"WSU TFREC, Wenatchee, Chelan County",330141,WSU TFREC,2017-11-24 08:25:05.063831
2008-02-19,23:45,28.6,,27.8,98.8,0.21,SW@0.8,4.1,35.9,0.0,0,,"WSU TFREC, Wenatchee, Chelan County",330141,WSU TFREC,2017-11-24 08:25:05.063831
2008-02-19,24:00,28.0,,27.4,99.4,0.22,S@0.1,0.9,35.8,0.0,0,,"WSU TFREC, Wenatchee, Chelan County",330141,WSU TFREC,2017-11-24 08:25:05.063831
