Date,Time PST,1.5m Air Temp °F, 1.5m Dew Point °F, 1.5m Rel Hum %, Tot Prec in, Solar Rad W/m², Atm. 2m Press. inHg, Wind Direction, Wind Speed mph, 2m Wind Gust mph, 1.5m Leaf Wet u., 8 in. Soil Tmp °F, 8 in. SWP kPa,Location,Station ID,Station Name,Download Timestamp
2014-07-16,00:15,66.6,57.2,71.6,0.0,0,,N ,0.0,0.0,0.0,78.6,,"Corvallis*, Linn County",100052,Corvallis*,2020-12-17 09:54:49.634357
2014-07-16,00:30,65.3,57.0,74.4,0.0,0,,N ,0.0,0.0,0.0,78.5,,"Corvallis*, Linn County",100052,Corvallis*,2020-12-17 09:54:49.634357
2014-07-16,00:45,64.4,56.1,74.3,0.0,0,,N ,0.0,0.0,0.0,78.4,,"Corvallis*, Linn County",100052,Corvallis*,2020-12-17 09:54:49.634357
2014-07-16,01:00,64.0,56.7,77.0,0.0,0,,NE,0.0,1.4,0.0,78.3,,"Corvallis*, Linn County",100052,Corvallis*,2020-12-17 09:54:49.634357
2014-07-16,01:15,63.7,56.7,77.8,0.0,0,,N ,0.0,0.0,0.0,78.2,,"Corvallis*, Linn County",100052,Corvallis*,2020-12-17 09:54:49.634357
2014-07-16,01:30,63.0,56.5,79.2,0.0,0,,N ,0.0,0.0,0.0,78.1,,"Corvallis*, Linn County",100052,Corvallis*,2020-12-17 09:54:49.634357
2014-07-16,01:45,62.1,56.4,81.5,0.0,0,,N ,0.0,0.0,0.0,78.0,,"Corvallis*, Linn County",100052,Corvallis*,2020-12-17 09:54:49.634357
2014-07-16,02:00,61.5,56.2,82.7,0.0,0,,N ,0.0,0.0,0.0,77.9,,"Corvallis*, Linn County",100052,Corvallis*,2020-12-17 09:54:49.634357
2014-07-16,02:15,60.7,55.6,83.3,0.0,0,,N ,0.0,0.0,0.0,77.8,,"Corvallis*, Linn County",100052,Corvallis*,2020-12-17 09:54:49.634357
2014-07-16,02:30,60.4,56.2,86.0,0.0,0,,N ,0.0,0.0,0.28,77.7,,"Corvallis*, Linn County",100052,Corvallis*,2020-12-17 09:54:49.634357
2014-07-16,02:45,60.1,56.0,86.2,0.0,0,,N ,0.0,0.0,1.0,77.6,,"Corvallis*, Linn County",100052,Corvallis*,2020-12-17 09:54:49.634357
2014-07-16,03:00,60.0,56.1,86.9,0.0,0,,N ,0.0,0.0,1.0,77.4,,"Corvallis*, Linn County",100052,Corvallis*,2020-12-17 09:54:49.634357
2014-07-16,03:15,59.7,55.3,85.4,0.0,0,,N ,0.0,0.0,1.0,77.3,,"Corvallis*, Linn County",100052,Corvallis*,2020-12-17 09:54:49.634357
2014-07-16,03:30,59.0,54.9,86.4,0.0,0,,N ,0.0,0.0,1.0,77.2,,"Corvallis*, Linn County",100052,Corvallis*,2020-12-17 09:54:49.634357
2014-07-16,03:45,58.6,54.9,87.5,0.0,0,,SE,0.1,2.1,1.0,77.1,,"Corvallis*, Linn County",100052,Corvallis*,2020-12-17 09:54:49.634357
2014-07-16,04:00,58.5,55.0,88.0,0.0,0,,N ,0.0,0.0,1.0,77.0,,"Corvallis*, Linn County",100052,Corvallis*,2020-12-17 09:54:49.634357
2014-07-16,04:15,58.6,55.1,88.0,0.0,0,,N ,0.0,0.0,1.0,76.9,,"Corvallis*, Linn County",100052,Corvallis*,2020-12-17 09:54:49.634357
2014-07-16,04:30,58.3,55.0,88.8,0.0,0,,N ,0.0,0.0,1.0,76.8,,"Corvallis*, Linn County",100052,Corvallis*,2020-12-17 09:54:49.634357
2014-07-16,04:45,58.3,55.1,89.2,0.0,3,,N ,0.0,0.0,1.0,76.7,,"Corvallis*, Linn County",100052,Corvallis*,2020-12-17 09:54:49.634357
2014-07-16,05:00,57.6,54.4,88.9,0.0,9,,N ,0.0,0.0,1.0,76.6,,"Corvallis*, Linn County",100052,Corvallis*,2020-12-17 09:54:49.634357
2014-07-16,05:15,57.8,54.5,88.7,0.0,17,,N ,0.0,0.0,1.0,76.5,,"Corvallis*, Linn County",100052,Corvallis*,2020-12-17 09:54:49.634357
2014-07-16,05:30,58.6,55.3,88.7,0.0,48,,N ,0.0,0.0,1.0,76.4,,"Corvallis*, Linn County",100052,Corvallis*,2020-12-17 09:54:49.634357
2014-07-16,05:45,61.5,56.5,83.4,0.0,82,,N ,0.0,0.0,0.99,76.3,,"Corvallis*, Linn County",100052,Corvallis*,2020-12-17 09:54:49.634357
2014-07-16,06:00,65.0,57.7,77.3,0.0,114,,N ,0.0,0.0,0.0,76.2,,"Corvallis*, Linn County",100052,Corvallis*,2020-12-17 09:54:49.634357
2014-07-16,06:15,66.8,57.0,70.7,0.0,147,,N ,0.0,0.0,0.0,76.1,,"Corvallis*, Linn County",100052,Corvallis*,2020-12-17 09:54:49.634357
2014-07-16,06:30,68.5,56.0,64.3,0.0,185,,N ,0.0,0.0,0.0,76.0,,"Corvallis*, Linn County",100052,Corvallis*,2020-12-17 09:54:49.634357
2014-07-16,06:45,69.2,56.4,63.5,0.0,224,,E,0.5,3.5,0.0,75.9,,"Corvallis*, Linn County",100052,Corvallis*,2020-12-17 09:54:49.634357
2014-07-16,07:00,70.2,56.4,61.6,0.0,265,,E,0.6,3.5,0.0,75.9,,"Corvallis*, Linn County",100052,Corvallis*,2020-12-17 09:54:49.634357
2014-07-16,07:15,70.8,56.9,61.5,0.0,308,,E,1.0,3.1,0.0,75.8,,"Corvallis*, Linn County",100052,Corvallis*,2020-12-17 09:54:49.634357
2014-07-16,07:30,71.7,57.0,59.8,0.0,350,,E,0.1,2.4,0.0,75.7,,"Corvallis*, Linn County",100052,Corvallis*,2020-12-17 09:54:49.634357
2014-07-16,07:45,72.9,57.0,57.4,0.0,393,,S,0.3,2.4,0.0,75.6,,"Corvallis*, Linn County",100052,Corvallis*,2020-12-17 09:54:49.634357
2014-07-16,08:00,73.8,56.8,55.2,0.0,436,,SE,0.6,3.5,0.0,75.6,,"Corvallis*, Linn County",100052,Corvallis*,2020-12-17 09:54:49.634357
2014-07-16,08:15,74.8,56.7,53.2,0.0,477,,N,0.2,2.4,0.0,75.5,,"Corvallis*, Linn County",100052,Corvallis*,2020-12-17 09:54:49.634357
2014-07-16,08:30,76.3,57.0,51.3,0.0,520,,E,1.2,3.5,0.0,75.5,,"Corvallis*, Linn County",100052,Corvallis*,2020-12-17 09:54:49.634357
2014-07-16,08:45,77.0,57.6,51.2,0.0,559,,NW,1.8,4.2,0.0,75.5,,"Corvallis*, Linn County",100052,Corvallis*,2020-12-17 09:54:49.634357
2014-07-16,09:00,79.2,57.9,48.1,0.0,594,,SW,1.5,8.9,0.0,75.5,,"Corvallis*, Linn County",100052,Corvallis*,2020-12-17 09:54:49.634357
2014-07-16,09:15,80.2,58.2,47.1,0.0,623,,NW,1.9,4.6,0.0,75.5,,"Corvallis*, Linn County",100052,Corvallis*,2020-12-17 09:54:49.634357
2014-07-16,09:30,81.3,57.8,44.8,0.0,662,,NE,1.6,6.0,0.0,75.5,,"Corvallis*, Linn County",100052,Corvallis*,2020-12-17 09:54:49.634357
2014-07-16,09:45,80.7,56.5,43.6,0.0,687,,N,2.1,5.7,0.0,75.6,,"Corvallis*, Linn County",100052,Corvallis*,2020-12-17 09:54:49.634357
2014-07-16,10:00,83.3,57.1,40.9,0.0,716,,W,1.2,5.3,0.0,75.6,,"Corvallis*, Linn County",100052,Corvallis*,2020-12-17 09:54:49.634357
2014-07-16,10:15,83.8,57.4,40.6,0.0,749,,W,3.2,6.7,0.0,75.7,,"Corvallis*, Linn County",100052,Corvallis*,2020-12-17 09:54:49.634357
2014-07-16,10:30,84.2,57.1,39.6,0.0,781,,W,3.8,6.4,0.0,75.7,,"Corvallis*, Linn County",100052,Corvallis*,2020-12-17 09:54:49.634357
2014-07-16,10:45,84.7,57.3,39.3,0.0,803,,NW,3.2,7.8,0.0,75.8,,"Corvallis*, Linn County",100052,Corvallis*,2020-12-17 09:54:49.634357
2014-07-16,11:00,86.1,57.1,37.4,0.0,826,,W,2.5,7.4,0.0,75.8,,"Corvallis*, Linn County",100052,Corvallis*,2020-12-17 09:54:49.634357
2014-07-16,11:15,85.2,56.7,37.9,0.0,844,,N ,2.2,7.1,0.0,75.9,,"Corvallis*, Linn County",100052,Corvallis*,2020-12-17 09:54:49.634357
2014-07-16,11:30,86.6,56.9,36.5,0.0,860,,NW,2.4,4.6,0.0,75.9,,"Corvallis*, Linn County",100052,Corvallis*,2020-12-17 09:54:49.634357
2014-07-16,11:45,87.4,56.4,34.9,0.0,874,,NW,3.4,6.7,0.0,76.0,,"Corvallis*, Linn County",100052,Corvallis*,2020-12-17 09:54:49.634357
2014-07-16,12:00,87.7,56.0,34.1,0.0,883,,SW,5.0,8.5,0.0,76.0,,"Corvallis*, Linn County",100052,Corvallis*,2020-12-17 09:54:49.634357
2014-07-16,12:15,88.8,55.9,32.9,0.0,887,,SW,4.7,7.8,0.0,76.1,,"Corvallis*, Linn County",100052,Corvallis*,2020-12-17 09:54:49.634357
2014-07-16,12:30,90.2,56.2,31.8,0.0,889,,SW,5.7,9.9,0.0,76.1,,"Corvallis*, Linn County",100052,Corvallis*,2020-12-17 09:54:49.634357
2014-07-16,12:45,90.2,56.3,31.9,0.0,889,,SW,6.1,10.3,0.0,76.2,,"Corvallis*, Linn County",100052,Corvallis*,2020-12-17 09:54:49.634357
2014-07-16,13:00,90.3,55.6,31.0,0.0,886,,SW,5.9,9.6,0.0,76.3,,"Corvallis*, Linn County",100052,Corvallis*,2020-12-17 09:54:49.634357
2014-07-16,13:15,91.7,55.9,30.0,0.0,881,,SW,3.9,9.6,0.0,76.5,,"Corvallis*, Linn County",100052,Corvallis*,2020-12-17 09:54:49.634357
2014-07-16,13:30,92.8,56.4,29.5,0.0,873,,SW,6.1,10.3,0.0,76.7,,"Corvallis*, Linn County",100052,Corvallis*,2020-12-17 09:54:49.634357
2014-07-16,13:45,92.3,55.3,28.8,0.0,861,,W,7.7,11.0,0.0,76.9,,"Corvallis*, Linn County",100052,Corvallis*,2020-12-17 09:54:49.634357
2014-07-16,14:00,92.5,54.0,27.2,0.0,845,,SW,8.5,12.8,0.0,77.1,,"Corvallis*, Linn County",100052,Corvallis*,2020-12-17 09:54:49.634357
2014-07-16,14:15,92.9,54.3,27.3,0.0,826,,SW,8.9,13.9,0.0,77.3,,"Corvallis*, Linn County",100052,Corvallis*,2020-12-17 09:54:49.634357
2014-07-16,14:30,92.7,54.1,27.2,0.0,805,,SW,9.7,15.0,0.0,77.6,,"Corvallis*, Linn County",100052,Corvallis*,2020-12-17 09:54:49.634357
2014-07-16,14:45,92.7,53.9,27.0,0.0,781,,W,9.2,13.5,0.0,77.9,,"Corvallis*, Linn County",100052,Corvallis*,2020-12-17 09:54:49.634357
2014-07-16,15:00,93.0,54.8,27.7,0.0,754,,W,8.5,12.8,0.0,78.2,,"Corvallis*, Linn County",100052,Corvallis*,2020-12-17 09:54:49.634357
2014-07-16,15:15,92.1,56.0,29.7,0.0,724,,W,9.1,13.5,0.0,78.4,,"Corvallis*, Linn County",100052,Corvallis*,2020-12-17 09:54:49.634357
2014-07-16,15:30,92.4,56.9,30.5,0.0,691,,SW,9.5,14.6,0.0,78.6,,"Corvallis*, Linn County",100052,Corvallis*,2020-12-17 09:54:49.634357
2014-07-16,15:45,91.2,57.0,31.8,0.0,656,,W,9.7,15.0,0.0,78.9,,"Corvallis*, Linn County",100052,Corvallis*,2020-12-17 09:54:49.634357
2014-07-16,16:00,90.0,57.0,32.9,0.0,620,,W,8.9,14.6,0.0,79.1,,"Corvallis*, Linn County",100052,Corvallis*,2020-12-17 09:54:49.634357
2014-07-16,16:15,89.6,57.5,33.9,0.0,582,,W,8.0,13.9,0.0,79.3,,"Corvallis*, Linn County",100052,Corvallis*,2020-12-17 09:54:49.634357
2014-07-16,16:30,88.6,56.9,34.2,0.0,542,,SW,9.3,14.6,0.0,79.5,,"Corvallis*, Linn County",100052,Corvallis*,2020-12-17 09:54:49.634357
2014-07-16,16:45,87.4,56.4,34.9,0.0,503,,W,9.5,14.2,0.0,79.7,,"Corvallis*, Linn County",100052,Corvallis*,2020-12-17 09:54:49.634357
2014-07-16,17:00,86.8,55.9,35.0,0.0,461,,W,9.4,15.0,0.0,79.9,,"Corvallis*, Linn County",100052,Corvallis*,2020-12-17 09:54:49.634357
2014-07-16,17:15,85.9,55.8,35.9,0.0,419,,W,9.0,13.9,0.0,80.0,,"Corvallis*, Linn County",100052,Corvallis*,2020-12-17 09:54:49.634357
2014-07-16,17:30,85.3,56.1,37.0,0.0,376,,W,8.1,13.5,0.0,80.2,,"Corvallis*, Linn County",100052,Corvallis*,2020-12-17 09:54:49.634357
2014-07-16,17:45,84.4,56.0,37.9,0.0,332,,W,8.5,13.5,0.0,80.3,,"Corvallis*, Linn County",100052,Corvallis*,2020-12-17 09:54:49.634357
2014-07-16,18:00,83.2,55.9,39.3,0.0,289,,W,8.3,12.4,0.0,80.4,,"Corvallis*, Linn County",100052,Corvallis*,2020-12-17 09:54:49.634357
2014-07-16,18:15,82.0,55.7,40.5,0.0,246,,W,7.5,11.7,0.0,80.4,,"Corvallis*, Linn County",100052,Corvallis*,2020-12-17 09:54:49.634357
2014-07-16,18:30,81.5,55.9,41.5,0.0,204,,W,6.0,9.9,0.0,80.5,,"Corvallis*, Linn County",100052,Corvallis*,2020-12-17 09:54:49.634357
2014-07-16,18:45,80.2,55.7,43.0,0.0,164,,W,6.8,10.7,0.0,80.6,,"Corvallis*, Linn County",100052,Corvallis*,2020-12-17 09:54:49.634357
2014-07-16,19:00,78.3,55.3,45.1,0.0,127,,W,8.1,12.1,0.0,80.6,,"Corvallis*, Linn County",100052,Corvallis*,2020-12-17 09:54:49.634357
2014-07-16,19:15,76.6,55.3,47.7,0.0,90,,SW,6.3,10.7,0.0,80.7,,"Corvallis*, Linn County",100052,Corvallis*,2020-12-17 09:54:49.634357
2014-07-16,19:30,74.4,54.9,50.6,0.0,52,,SW,6.9,10.7,0.0,80.7,,"Corvallis*, Linn County",100052,Corvallis*,2020-12-17 09:54:49.634357
2014-07-16,19:45,72.4,54.6,53.5,0.0,17,,W,6.5,11.0,0.0,80.7,,"Corvallis*, Linn County",100052,Corvallis*,2020-12-17 09:54:49.634357
2014-07-16,20:00,70.8,54.5,56.3,0.0,5,,SW,5.4,8.5,0.0,80.7,,"Corvallis*, Linn County",100052,Corvallis*,2020-12-17 09:54:49.634357
2014-07-16,20:15,69.6,54.5,58.5,0.0,2,,W,5.1,9.2,0.0,80.7,,"Corvallis*, Linn County",100052,Corvallis*,2020-12-17 09:54:49.634357
2014-07-16,20:30,68.4,54.0,59.9,0.0,0,,SW,6.3,10.3,0.0,80.7,,"Corvallis*, Linn County",100052,Corvallis*,2020-12-17 09:54:49.634357
2014-07-16,20:45,67.5,53.4,60.5,0.0,0,,SW,5.6,8.9,0.0,80.7,,"Corvallis*, Linn County",100052,Corvallis*,2020-12-17 09:54:49.634357
2014-07-16,21:00,66.8,52.7,60.4,0.0,0,,SW,5.9,9.2,0.0,80.6,,"Corvallis*, Linn County",100052,Corvallis*,2020-12-17 09:54:49.634357
2014-07-16,21:15,66.3,52.3,60.5,0.0,0,,SW,5.4,9.2,0.0,80.6,,"Corvallis*, Linn County",100052,Corvallis*,2020-12-17 09:54:49.634357
2014-07-16,21:30,65.7,52.3,61.9,0.0,0,,SW,5.1,9.2,0.0,80.5,,"Corvallis*, Linn County",100052,Corvallis*,2020-12-17 09:54:49.634357
2014-07-16,21:45,65.3,52.2,62.6,0.0,0,,W,6.2,9.6,0.0,80.4,,"Corvallis*, Linn County",100052,Corvallis*,2020-12-17 09:54:49.634357
2014-07-16,22:00,64.3,52.3,64.9,0.0,0,,W,5.6,8.5,0.0,80.3,,"Corvallis*, Linn County",100052,Corvallis*,2020-12-17 09:54:49.634357
2014-07-16,22:15,63.7,52.2,66.1,0.0,0,,SW,4.2,7.1,0.0,80.2,,"Corvallis*, Linn County",100052,Corvallis*,2020-12-17 09:54:49.634357
2014-07-16,22:30,63.2,52.0,66.9,0.0,0,,SW,4.3,7.8,0.0,80.2,,"Corvallis*, Linn County",100052,Corvallis*,2020-12-17 09:54:49.634357
2014-07-16,22:45,62.7,52.1,68.0,0.0,0,,SW,4.2,6.4,0.0,80.1,,"Corvallis*, Linn County",100052,Corvallis*,2020-12-17 09:54:49.634357
2014-07-16,23:00,62.2,52.1,69.5,0.0,0,,SW,4.6,8.2,0.0,79.9,,"Corvallis*, Linn County",100052,Corvallis*,2020-12-17 09:54:49.634357
2014-07-17,23:15,61.9,52.0,69.9,0.0,0,,SW,4.1,6.7,0.0,79.8,,"Corvallis*, Linn County",100052,Corvallis*,2020-12-17 09:54:49.634357
2014-07-17,23:30,61.2,52.0,71.6,0.0,0,,SW,2.9,4.2,0.0,79.7,,"Corvallis*, Linn County",100052,Corvallis*,2020-12-17 09:54:49.634357
2014-07-17,23:45,60.6,52.1,73.5,0.0,0,,SW,3.0,4.6,0.0,79.6,,"Corvallis*, Linn County",100052,Corvallis*,2020-12-17 09:54:49.634357
2014-07-17,24:00,59.9,51.9,74.7,0.0,0,,SW,1.2,3.9,0.0,79.5,,"Corvallis*, Linn County",100052,Corvallis*,2020-12-17 09:54:49.634357
2014-07-17,00:15,59.6,52.0,76.0,0.0,0,,N ,0.0,0.0,0.0,79.3,,"Corvallis*, Linn County",100052,Corvallis*,2020-12-17 09:54:49.634357
2014-07-17,00:30,59.2,52.1,77.2,0.0,0,,SW,0.4,2.8,0.0,79.2,,"Corvallis*, Linn County",100052,Corvallis*,2020-12-17 09:54:49.634357
2014-07-17,00:45,59.1,52.1,77.5,0.0,0,,W,0.3,2.1,0.0,79.1,,"Corvallis*, Linn County",100052,Corvallis*,2020-12-17 09:54:49.634357
2014-07-17,01:00,58.0,51.0,77.6,0.0,0,,S,0.1,1.7,0.0,79.0,,"Corvallis*, Linn County",100052,Corvallis*,2020-12-17 09:54:49.634357
2014-07-17,01:15,56.5,50.6,80.6,0.0,0,,S,0.3,2.1,0.0,78.8,,"Corvallis*, Linn County",100052,Corvallis*,2020-12-17 09:54:49.634357
2014-07-17,01:30,55.9,50.6,82.3,0.0,0,,S,0.1,2.1,0.0,78.7,,"Corvallis*, Linn County",100052,Corvallis*,2020-12-17 09:54:49.634357
2014-07-17,01:45,55.9,51.0,83.6,0.0,0,,N ,0.0,0.0,0.01,78.6,,"Corvallis*, Linn County",100052,Corvallis*,2020-12-17 09:54:49.634357
2014-07-17,02:00,55.7,50.9,83.8,0.0,0,,W,0.0,1.4,1.0,78.4,,"Corvallis*, Linn County",100052,Corvallis*,2020-12-17 09:54:49.634357
2014-07-17,02:15,55.5,51.2,85.2,0.0,0,,W,0.4,2.1,1.0,78.3,,"Corvallis*, Linn County",100052,Corvallis*,2020-12-17 09:54:49.634357
2014-07-17,02:30,56.0,51.2,83.8,0.0,0,,SW,0.9,3.5,1.0,78.2,,"Corvallis*, Linn County",100052,Corvallis*,2020-12-17 09:54:49.634357
2014-07-17,02:45,55.9,50.6,82.1,0.0,0,,W,2.1,3.9,1.0,78.0,,"Corvallis*, Linn County",100052,Corvallis*,2020-12-17 09:54:49.634357
2014-07-17,03:00,55.4,50.3,82.9,0.0,0,,W,1.8,3.9,1.0,77.9,,"Corvallis*, Linn County",100052,Corvallis*,2020-12-17 09:54:49.634357
2014-07-17,03:15,55.2,50.1,82.8,0.0,0,,W,0.6,3.5,1.0,77.8,,"Corvallis*, Linn County",100052,Corvallis*,2020-12-17 09:54:49.634357
2014-07-17,03:30,54.3,49.5,83.7,0.0,0,,NW,0.0,1.4,1.0,77.6,,"Corvallis*, Linn County",100052,Corvallis*,2020-12-17 09:54:49.634357
2014-07-17,03:45,53.1,48.7,85.0,0.0,0,,N ,0.0,0.0,1.0,77.5,,"Corvallis*, Linn County",100052,Corvallis*,2020-12-17 09:54:49.634357
2014-07-17,04:00,52.2,47.9,85.3,0.0,0,,N ,0.0,0.0,1.0,77.4,,"Corvallis*, Linn County",100052,Corvallis*,2020-12-17 09:54:49.634357
2014-07-17,04:15,52.3,48.6,87.0,0.0,0,,N ,0.0,0.0,1.0,77.2,,"Corvallis*, Linn County",100052,Corvallis*,2020-12-17 09:54:49.634357
2014-07-17,04:30,51.9,48.2,87.2,0.0,0,,NE,0.2,2.8,1.0,77.1,,"Corvallis*, Linn County",100052,Corvallis*,2020-12-17 09:54:49.634357
2014-07-17,04:45,51.8,48.5,88.7,0.0,3,,E,0.1,2.1,1.0,77.0,,"Corvallis*, Linn County",100052,Corvallis*,2020-12-17 09:54:49.634357
2014-07-17,05:00,51.8,48.5,88.4,0.0,8,,N ,0.0,0.0,1.0,76.8,,"Corvallis*, Linn County",100052,Corvallis*,2020-12-17 09:54:49.634357
2014-07-17,05:15,52.2,48.8,88.1,0.0,17,,N ,0.0,0.0,1.0,76.7,,"Corvallis*, Linn County",100052,Corvallis*,2020-12-17 09:54:49.634357
2014-07-17,05:30,53.0,49.6,88.0,0.0,49,,N ,0.0,0.0,1.0,76.6,,"Corvallis*, Linn County",100052,Corvallis*,2020-12-17 09:54:49.634357
2014-07-17,05:45,56.3,51.8,84.8,0.0,86,,N ,0.0,0.0,1.0,76.4,,"Corvallis*, Linn County",100052,Corvallis*,2020-12-17 09:54:49.634357
2014-07-17,06:00,58.8,52.8,80.4,0.0,119,,N ,0.0,0.0,0.28,76.3,,"Corvallis*, Linn County",100052,Corvallis*,2020-12-17 09:54:49.634357
2014-07-17,06:15,59.9,53.2,78.3,0.0,150,,NE,1.8,3.9,0.0,76.2,,"Corvallis*, Linn County",100052,Corvallis*,2020-12-17 09:54:49.634357
2014-07-17,06:30,60.9,53.4,76.1,0.0,188,,NE,1.1,3.1,0.0,76.1,,"Corvallis*, Linn County",100052,Corvallis*,2020-12-17 09:54:49.634357
2014-07-17,06:45,61.7,52.7,72.3,0.0,230,,N ,1.5,4.6,0.0,76.0,,"Corvallis*, Linn County",100052,Corvallis*,2020-12-17 09:54:49.634357
2014-07-17,07:00,62.0,52.7,71.3,0.0,271,,NE,1.6,3.9,0.0,75.9,,"Corvallis*, Linn County",100052,Corvallis*,2020-12-17 09:54:49.634357
2014-07-17,07:15,62.7,52.8,70.1,0.0,313,,N,1.9,4.6,0.0,75.8,,"Corvallis*, Linn County",100052,Corvallis*,2020-12-17 09:54:49.634357
2014-07-17,07:30,63.0,53.3,70.5,0.0,354,,NE,2.3,4.6,0.0,75.7,,"Corvallis*, Linn County",100052,Corvallis*,2020-12-17 09:54:49.634357
2014-07-17,07:45,63.5,53.1,68.8,0.0,396,,E,1.7,4.9,0.0,75.6,,"Corvallis*, Linn County",100052,Corvallis*,2020-12-17 09:54:49.634357
2014-07-17,08:00,64.8,53.3,66.2,0.0,440,,NE,1.8,4.2,0.0,75.5,,"Corvallis*, Linn County",100052,Corvallis*,2020-12-17 09:54:49.634357
2014-07-17,08:15,65.7,53.4,64.4,0.0,481,,NE,1.8,4.6,0.0,75.5,,"Corvallis*, Linn County",100052,Corvallis*,2020-12-17 09:54:49.634357
2014-07-17,08:30,66.8,53.3,61.9,0.0,523,,SE,1.4,3.5,0.0,75.4,,"Corvallis*, Linn County",100052,Corvallis*,2020-12-17 09:54:49.634357
2014-07-17,08:45,67.1,53.4,61.4,0.0,563,,NE,1.8,4.9,0.0,75.4,,"Corvallis*, Linn County",100052,Corvallis*,2020-12-17 09:54:49.634357
2014-07-17,09:00,68.4,53.1,58.1,0.0,602,,N ,2.7,6.0,0.0,75.4,,"Corvallis*, Linn County",100052,Corvallis*,2020-12-17 09:54:49.634357
2014-07-17,09:15,69.4,53.2,56.2,0.0,637,,NW,2.7,4.9,0.0,75.4,,"Corvallis*, Linn County",100052,Corvallis*,2020-12-17 09:54:49.634357
2014-07-17,09:30,70.2,53.1,54.6,0.0,673,,N,2.6,6.0,0.0,75.4,,"Corvallis*, Linn County",100052,Corvallis*,2020-12-17 09:54:49.634357
2014-07-17,09:45,72.1,53.0,51.1,0.0,707,,N ,2.5,5.7,0.0,75.4,,"Corvallis*, Linn County",100052,Corvallis*,2020-12-17 09:54:49.634357
2014-07-17,10:00,72.8,53.4,50.5,0.0,737,,N ,3.8,11.0,0.0,75.4,,"Corvallis*, Linn County",100052,Corvallis*,2020-12-17 09:54:49.634357
2014-07-17,10:15,73.5,52.8,48.2,0.0,766,,E,3.1,8.9,0.0,75.5,,"Corvallis*, Linn County",100052,Corvallis*,2020-12-17 09:54:49.634357
2014-07-17,10:30,74.1,53.0,47.6,0.0,792,,E,3.4,7.1,0.0,75.5,,"Corvallis*, Linn County",100052,Corvallis*,2020-12-17 09:54:49.634357
2014-07-17,10:45,75.5,53.0,45.5,0.0,818,,E,3.3,7.4,0.0,75.5,,"Corvallis*, Linn County",100052,Corvallis*,2020-12-17 09:54:49.634357
2014-07-17,11:00,77.0,52.7,42.7,0.0,840,,NW,3.6,7.4,0.0,75.6,,"Corvallis*, Linn County",100052,Corvallis*,2020-12-17 09:54:49.634357
2014-07-17,11:15,77.5,52.1,41.2,0.0,860,,NE,4.5,8.2,0.0,75.6,,"Corvallis*, Linn County",100052,Corvallis*,2020-12-17 09:54:49.634357
2014-07-17,11:30,78.2,51.8,39.7,0.0,772,,N ,4.3,9.9,0.0,75.6,,"Corvallis*, Linn County",100052,Corvallis*,2020-12-17 09:54:49.634357
2014-07-17,11:45,79.5,50.9,36.9,0.0,874,,NE,4.5,9.6,0.0,75.6,,"Corvallis*, Linn County",100052,Corvallis*,2020-12-17 09:54:49.634357
2014-07-17,12:00,80.0,49.9,35.0,0.0,896,,E,3.1,8.2,0.0,75.7,,"Corvallis*, Linn County",100052,Corvallis*,2020-12-17 09:54:49.634357
2014-07-17,12:15,81.3,49.3,32.8,0.0,896,,NE,3.7,7.4,0.0,75.7,,"Corvallis*, Linn County",100052,Corvallis*,2020-12-17 09:54:49.634357
2014-07-17,12:30,82.4,48.3,30.5,0.0,899,,E,4.6,12.1,0.0,75.7,,"Corvallis*, Linn County",100052,Corvallis*,2020-12-17 09:54:49.634357
2014-07-17,12:45,83.7,47.2,28.1,0.0,903,,NE,6.9,12.4,0.0,75.8,,"Corvallis*, Linn County",100052,Corvallis*,2020-12-17 09:54:49.634357
2014-07-17,13:00,84.6,46.7,26.7,0.0,900,,NE,7.8,15.0,0.0,75.9,,"Corvallis*, Linn County",100052,Corvallis*,2020-12-17 09:54:49.634357
2014-07-17,13:15,85.8,44.5,23.7,0.0,895,,NE,8.0,13.9,0.0,76.0,,"Corvallis*, Linn County",100052,Corvallis*,2020-12-17 09:54:49.634357
2014-07-17,13:30,85.9,44.6,23.7,0.0,882,,NE,8.0,12.1,0.0,76.2,,"Corvallis*, Linn County",100052,Corvallis*,2020-12-17 09:54:49.634357
2014-07-17,13:45,86.3,45.5,24.2,0.0,868,,N ,8.0,13.9,0.0,76.3,,"Corvallis*, Linn County",100052,Corvallis*,2020-12-17 09:54:49.634357
2014-07-17,14:00,86.8,45.4,23.7,0.0,849,,NE,6.0,14.2,0.0,76.6,,"Corvallis*, Linn County",100052,Corvallis*,2020-12-17 09:54:49.634357
2014-07-17,14:15,86.7,45.8,24.2,0.0,826,,NE,6.1,10.3,0.0,76.7,,"Corvallis*, Linn County",100052,Corvallis*,2020-12-17 09:54:49.634357
2014-07-17,14:30,87.2,48.1,25.9,0.0,798,,N,7.0,12.4,0.0,77.0,,"Corvallis*, Linn County",100052,Corvallis*,2020-12-17 09:54:49.634357
2014-07-17,14:45,88.1,51.1,28.1,0.0,774,,W,7.9,15.7,0.0,77.2,,"Corvallis*, Linn County",100052,Corvallis*,2020-12-17 09:54:49.634357
2014-07-17,15:00,88.3,51.9,28.8,0.0,745,,W,8.4,14.2,0.0,77.4,,"Corvallis*, Linn County",100052,Corvallis*,2020-12-17 09:54:49.634357
2014-07-17,15:15,87.2,51.7,29.6,0.0,716,,W,10.0,17.1,0.0,77.7,,"Corvallis*, Linn County",100052,Corvallis*,2020-12-17 09:54:49.634357
2014-07-17,15:30,86.4,51.5,30.1,0.0,681,,SW,11.2,16.4,0.0,77.9,,"Corvallis*, Linn County",100052,Corvallis*,2020-12-17 09:54:49.634357
2014-07-17,15:45,86.4,51.6,30.3,0.0,649,,W,10.7,20.0,0.0,78.1,,"Corvallis*, Linn County",100052,Corvallis*,2020-12-17 09:54:49.634357
2014-07-17,16:00,86.2,51.9,30.9,0.0,616,,W,11.4,21.0,0.0,78.2,,"Corvallis*, Linn County",100052,Corvallis*,2020-12-17 09:54:49.634357
2014-07-17,16:15,85.6,51.8,31.3,0.0,578,,W,10.6,17.1,0.0,78.4,,"Corvallis*, Linn County",100052,Corvallis*,2020-12-17 09:54:49.634357
2014-07-17,16:30,85.0,51.9,32.0,0.0,538,,W,10.8,16.4,0.0,78.6,,"Corvallis*, Linn County",100052,Corvallis*,2020-12-17 09:54:49.634357
2014-07-17,16:45,84.7,51.1,31.4,0.0,499,,W,10.4,17.1,0.0,78.8,,"Corvallis*, Linn County",100052,Corvallis*,2020-12-17 09:54:49.634357
2014-07-17,17:00,83.9,51.2,32.3,0.0,456,,W,10.3,15.7,0.0,79.0,,"Corvallis*, Linn County",100052,Corvallis*,2020-12-17 09:54:49.634357
2014-07-17,17:15,83.0,51.1,33.2,0.0,416,,W,11.1,17.1,0.0,79.2,,"Corvallis*, Linn County",100052,Corvallis*,2020-12-17 09:54:49.634357
2014-07-17,17:30,82.4,51.5,34.3,0.0,378,,W,9.7,15.0,0.0,79.4,,"Corvallis*, Linn County",100052,Corvallis*,2020-12-17 09:54:49.634357
2014-07-17,17:45,81.3,51.2,35.2,0.0,332,,W,10.5,16.4,0.0,79.5,,"Corvallis*, Linn County",100052,Corvallis*,2020-12-17 09:54:49.634357
2014-07-17,18:00,80.5,51.3,36.3,0.0,289,,W,9.7,15.7,0.0,79.7,,"Corvallis*, Linn County",100052,Corvallis*,2020-12-17 09:54:49.634357
2014-07-17,18:15,79.6,51.1,37.0,0.0,245,,W,9.2,13.9,0.0,79.8,,"Corvallis*, Linn County",100052,Corvallis*,2020-12-17 09:54:49.634357
2014-07-17,18:30,79.0,50.9,37.5,0.0,202,,W,8.2,13.5,0.0,79.8,,"Corvallis*, Linn County",100052,Corvallis*,2020-12-17 09:54:49.634357
2014-07-17,18:45,78.1,50.4,37.9,0.0,160,,W,9.1,12.1,0.0,79.9,,"Corvallis*, Linn County",100052,Corvallis*,2020-12-17 09:54:49.634357
2014-07-17,19:00,77.2,50.3,39.0,0.0,119,,W,8.2,12.8,0.0,79.9,,"Corvallis*, Linn County",100052,Corvallis*,2020-12-17 09:54:49.634357
2014-07-17,19:15,76.1,50.5,40.6,0.0,81,,W,6.9,11.0,0.0,79.9,,"Corvallis*, Linn County",100052,Corvallis*,2020-12-17 09:54:49.634357
2014-07-17,19:30,74.8,50.5,42.4,0.0,45,,W,5.2,9.2,0.0,79.9,,"Corvallis*, Linn County",100052,Corvallis*,2020-12-17 09:54:49.634357
2014-07-17,19:45,73.2,50.7,45.2,0.0,16,,W,5.0,8.5,0.0,79.9,,"Corvallis*, Linn County",100052,Corvallis*,2020-12-17 09:54:49.634357
2014-07-17,20:00,71.9,50.4,46.6,0.0,4,,W,4.6,7.4,0.0,79.8,,"Corvallis*, Linn County",100052,Corvallis*,2020-12-17 09:54:49.634357
2014-07-17,20:15,70.3,50.6,49.6,0.0,1,,W,3.0,4.6,0.0,79.8,,"Corvallis*, Linn County",100052,Corvallis*,2020-12-17 09:54:49.634357
2014-07-17,20:30,68.7,50.5,52.2,0.0,0,,W,3.4,6.0,0.0,79.7,,"Corvallis*, Linn County",100052,Corvallis*,2020-12-17 09:54:49.634357
2014-07-17,20:45,67.7,50.4,53.9,0.0,0,,W,2.1,3.9,0.0,79.6,,"Corvallis*, Linn County",100052,Corvallis*,2020-12-17 09:54:49.634357
2014-07-17,21:00,66.8,50.4,55.4,0.0,0,,W,3.1,6.4,0.0,79.6,,"Corvallis*, Linn County",100052,Corvallis*,2020-12-17 09:54:49.634357
2014-07-17,21:15,65.5,50.2,57.6,0.0,0,,SW,3.6,6.0,0.0,79.5,,"Corvallis*, Linn County",100052,Corvallis*,2020-12-17 09:54:49.634357
2014-07-17,21:30,65.1,49.7,57.3,0.0,0,,SW,2.1,4.9,0.0,79.4,,"Corvallis*, Linn County",100052,Corvallis*,2020-12-17 09:54:49.634357
2014-07-17,21:45,64.3,49.4,58.4,0.0,0,,W,2.3,3.9,0.0,79.3,,"Corvallis*, Linn County",100052,Corvallis*,2020-12-17 09:54:49.634357
2014-07-17,22:00,62.9,49.0,60.5,0.0,0,,SW,0.4,3.1,0.0,79.2,,"Corvallis*, Linn County",100052,Corvallis*,2020-12-17 09:54:49.634357
2014-07-17,22:15,62.0,48.4,61.0,0.0,0,,SW,1.6,3.5,0.0,79.1,,"Corvallis*, Linn County",100052,Corvallis*,2020-12-17 09:54:49.634357
2014-07-17,22:30,61.6,48.8,62.7,0.0,0,,S,1.4,3.5,0.0,79.0,,"Corvallis*, Linn County",100052,Corvallis*,2020-12-17 09:54:49.634357
2014-07-17,22:45,61.1,48.6,63.4,0.0,0,,S,3.1,4.6,0.0,78.8,,"Corvallis*, Linn County",100052,Corvallis*,2020-12-17 09:54:49.634357
2014-07-17,23:00,61.2,48.3,62.4,0.0,0,,SW,2.7,5.3,0.0,78.7,,"Corvallis*, Linn County",100052,Corvallis*,2020-12-17 09:54:49.634357
2014-07-18,23:15,60.2,48.1,64.1,0.0,0,,SW,2.4,3.9,0.0,78.6,,"Corvallis*, Linn County",100052,Corvallis*,2020-12-17 09:54:49.634357
2014-07-18,23:30,59.4,47.9,65.5,0.0,0,,W,1.2,2.8,0.0,78.5,,"Corvallis*, Linn County",100052,Corvallis*,2020-12-17 09:54:49.634357
2014-07-18,23:45,58.1,48.4,70.3,0.0,0,,W,0.6,2.8,0.0,78.4,,"Corvallis*, Linn County",100052,Corvallis*,2020-12-17 09:54:49.634357
2014-07-18,24:00,56.8,47.9,72.1,0.0,0,,NE,0.4,3.5,0.0,78.2,,"Corvallis*, Linn County",100052,Corvallis*,2020-12-17 09:54:49.634357
2014-07-18,00:15,55.9,47.8,74.1,0.0,0,,NE,0.7,3.5,0.0,78.1,,"Corvallis*, Linn County",100052,Corvallis*,2020-12-17 09:54:49.634357
2014-07-18,00:30,55.3,47.8,75.9,0.0,0,,NE,1.1,4.2,0.0,78.0,,"Corvallis*, Linn County",100052,Corvallis*,2020-12-17 09:54:49.634357
2014-07-18,00:45,55.6,48.7,77.6,0.0,0,,N ,0.0,0.0,0.0,77.8,,"Corvallis*, Linn County",100052,Corvallis*,2020-12-17 09:54:49.634357
2014-07-18,01:00,54.1,47.2,77.5,0.0,0,,N ,0.0,0.0,0.0,77.7,,"Corvallis*, Linn County",100052,Corvallis*,2020-12-17 09:54:49.634357
2014-07-18,01:15,53.3,47.2,79.7,0.0,0,,N ,0.0,0.0,0.0,77.6,,"Corvallis*, Linn County",100052,Corvallis*,2020-12-17 09:54:49.634357
2014-07-18,01:30,52.1,46.4,80.9,0.0,0,,NW,0.2,3.1,0.0,77.4,,"Corvallis*, Linn County",100052,Corvallis*,2020-12-17 09:54:49.634357
2014-07-18,01:45,52.7,47.3,81.8,0.0,0,,NE,2.6,5.7,0.0,77.3,,"Corvallis*, Linn County",100052,Corvallis*,2020-12-17 09:54:49.634357
2014-07-18,02:00,53.3,47.6,80.9,0.0,0,,N ,1.4,3.5,0.0,77.2,,"Corvallis*, Linn County",100052,Corvallis*,2020-12-17 09:54:49.634357
2014-07-18,02:15,53.0,46.7,79.0,0.0,0,,N ,0.0,0.0,0.0,77.0,,"Corvallis*, Linn County",100052,Corvallis*,2020-12-17 09:54:49.634357
2014-07-18,02:30,52.6,46.8,80.6,0.0,0,,N,2.6,7.4,0.27,76.9,,"Corvallis*, Linn County",100052,Corvallis*,2020-12-17 09:54:49.634357
2014-07-18,02:45,53.9,46.9,76.9,0.0,0,,SE,2.8,5.7,0.0,76.8,,"Corvallis*, Linn County",100052,Corvallis*,2020-12-17 09:54:49.634357
2014-07-18,03:00,52.9,46.0,77.2,0.0,0,,N ,0.0,0.0,0.0,76.6,,"Corvallis*, Linn County",100052,Corvallis*,2020-12-17 09:54:49.634357
2014-07-18,03:15,51.6,45.6,79.7,0.0,0,,N ,0.0,0.0,0.0,76.5,,"Corvallis*, Linn County",100052,Corvallis*,2020-12-17 09:54:49.634357
2014-07-18,03:30,50.1,44.5,80.9,0.0,0,,SE,0.1,2.1,0.03,76.4,,"Corvallis*, Linn County",100052,Corvallis*,2020-12-17 09:54:49.634357
2014-07-18,03:45,49.4,44.7,83.8,0.0,0,,N ,0.0,0.0,0.76,76.2,,"Corvallis*, Linn County",100052,Corvallis*,2020-12-17 09:54:49.634357
2014-07-18,04:00,48.5,44.0,84.4,0.0,0,,N ,0.0,0.0,1.0,76.1,,"Corvallis*, Linn County",100052,Corvallis*,2020-12-17 09:54:49.634357
2014-07-18,04:15,48.6,44.5,85.5,0.0,0,,N ,0.0,0.0,1.0,76.0,,"Corvallis*, Linn County",100052,Corvallis*,2020-12-17 09:54:49.634357
2014-07-18,04:30,48.8,44.7,85.9,0.0,0,,NW,2.5,5.3,1.0,75.8,,"Corvallis*, Linn County",100052,Corvallis*,2020-12-17 09:54:49.634357
2014-07-18,04:45,51.4,46.4,82.7,0.0,2,,N ,1.0,4.9,1.0,75.7,,"Corvallis*, Linn County",100052,Corvallis*,2020-12-17 09:54:49.634357
2014-07-18,05:00,50.7,45.8,83.1,0.0,7,,N ,0.0,0.0,1.0,75.5,,"Corvallis*, Linn County",100052,Corvallis*,2020-12-17 09:54:49.634357
2014-07-18,05:15,50.4,45.6,83.4,0.0,14,,E,0.1,2.1,1.0,75.4,,"Corvallis*, Linn County",100052,Corvallis*,2020-12-17 09:54:49.634357
2014-07-18,05:30,51.8,46.8,82.9,0.0,43,,N ,0.7,2.8,1.0,75.3,,"Corvallis*, Linn County",100052,Corvallis*,2020-12-17 09:54:49.634357
2014-07-18,05:45,53.7,47.3,78.9,0.0,80,,S,0.3,2.8,0.55,75.2,,"Corvallis*, Linn County",100052,Corvallis*,2020-12-17 09:54:49.634357
2014-07-18,06:00,55.3,48.4,77.4,0.0,116,,E,0.2,2.1,0.0,75.0,,"Corvallis*, Linn County",100052,Corvallis*,2020-12-17 09:54:49.634357
2014-07-18,06:15,58.0,49.5,73.3,0.0,152,,NE,1.1,3.5,0.0,74.9,,"Corvallis*, Linn County",100052,Corvallis*,2020-12-17 09:54:49.634357
2014-07-18,06:30,58.7,49.6,71.9,0.0,190,,NE,2.7,4.2,0.0,74.8,,"Corvallis*, Linn County",100052,Corvallis*,2020-12-17 09:54:49.634357
2014-07-18,06:45,59.9,49.6,68.7,0.0,231,,NE,3.6,5.7,0.0,74.6,,"Corvallis*, Linn County",100052,Corvallis*,2020-12-17 09:54:49.634357
2014-07-18,07:00,60.7,49.2,65.8,0.0,274,,N ,6.5,12.1,0.0,74.5,,"Corvallis*, Linn County",100052,Corvallis*,2020-12-17 09:54:49.634357
2014-07-18,07:15,61.0,48.8,64.3,0.0,317,,N ,7.7,11.4,0.0,74.4,,"Corvallis*, Linn County",100052,Corvallis*,2020-12-17 09:54:49.634357
2014-07-18,07:30,61.3,48.9,63.6,0.0,360,,N ,8.0,12.1,0.0,74.3,,"Corvallis*, Linn County",100052,Corvallis*,2020-12-17 09:54:49.634357
2014-07-18,07:45,62.4,49.2,62.0,0.0,402,,N ,7.3,12.4,0.0,74.2,,"Corvallis*, Linn County",100052,Corvallis*,2020-12-17 09:54:49.634357
2014-07-18,08:00,62.8,49.2,61.1,0.0,443,,N,7.9,11.4,0.0,74.1,,"Corvallis*, Linn County",100052,Corvallis*,2020-12-17 09:54:49.634357
2014-07-18,08:15,63.7,49.2,59.0,0.0,483,,N,7.4,12.8,0.0,74.0,,"Corvallis*, Linn County",100052,Corvallis*,2020-12-17 09:54:49.634357
2014-07-18,08:30,64.8,49.1,56.7,0.0,525,,N ,6.9,11.0,0.0,74.0,,"Corvallis*, Linn County",100052,Corvallis*,2020-12-17 09:54:49.634357
2014-07-18,08:45,65.6,49.4,55.7,0.0,562,,NE,5.7,8.9,0.0,74.0,,"Corvallis*, Linn County",100052,Corvallis*,2020-12-17 09:54:49.634357
2014-07-18,09:00,66.7,49.3,53.4,0.0,603,,NE,6.8,10.7,0.0,73.9,,"Corvallis*, Linn County",100052,Corvallis*,2020-12-17 09:54:49.634357
2014-07-18,09:15,67.3,48.7,51.3,0.0,640,,NE,6.4,10.7,0.0,73.9,,"Corvallis*, Linn County",100052,Corvallis*,2020-12-17 09:54:49.634357
2014-07-18,09:30,68.1,48.7,49.8,0.0,670,,NE,6.1,10.3,0.0,74.0,,"Corvallis*, Linn County",100052,Corvallis*,2020-12-17 09:54:49.634357
2014-07-18,09:45,69.4,49.1,48.4,0.0,705,,NE,6.3,9.9,0.0,74.0,,"Corvallis*, Linn County",100052,Corvallis*,2020-12-17 09:54:49.634357
2014-07-18,10:00,70.4,49.1,46.7,0.0,738,,NE,5.4,11.0,0.0,74.0,,"Corvallis*, Linn County",100052,Corvallis*,2020-12-17 09:54:49.634357
2014-07-18,10:15,71.6,49.1,44.9,0.0,768,,N ,6.0,10.7,0.0,74.0,,"Corvallis*, Linn County",100052,Corvallis*,2020-12-17 09:54:49.634357
2014-07-18,10:30,72.9,48.7,42.3,0.0,796,,NE,5.1,9.2,0.0,74.1,,"Corvallis*, Linn County",100052,Corvallis*,2020-12-17 09:54:49.634357
2014-07-18,10:45,73.8,48.7,41.1,0.0,822,,NE,5.7,9.9,0.0,74.1,,"Corvallis*, Linn County",100052,Corvallis*,2020-12-17 09:54:49.634357
2014-07-18,11:00,74.3,48.3,39.8,0.0,846,,NE,5.1,10.7,0.0,74.1,,"Corvallis*, Linn County",100052,Corvallis*,2020-12-17 09:54:49.634357
2014-07-18,11:15,75.7,48.1,37.6,0.0,826,,NE,5.1,10.3,0.0,74.1,,"Corvallis*, Linn County",100052,Corvallis*,2020-12-17 09:54:49.634357
2014-07-18,11:30,76.5,47.1,35.4,0.0,858,,NE,5.5,11.0,0.0,74.2,,"Corvallis*, Linn County",100052,Corvallis*,2020-12-17 09:54:49.634357
2014-07-18,11:45,76.8,46.3,34.0,0.0,813,,NE,7.0,12.8,0.0,74.2,,"Corvallis*, Linn County",100052,Corvallis*,2020-12-17 09:54:49.634357
2014-07-18,12:00,77.5,46.3,33.1,0.0,802,,NE,6.1,9.9,0.0,74.2,,"Corvallis*, Linn County",100052,Corvallis*,2020-12-17 09:54:49.634357
2014-07-18,12:15,78.3,46.6,32.7,0.0,743,,NE,7.0,11.7,0.0,74.3,,"Corvallis*, Linn County",100052,Corvallis*,2020-12-17 09:54:49.634357
2014-07-18,12:30,79.5,46.8,31.6,0.0,890,,N ,7.7,12.4,0.0,74.4,,"Corvallis*, Linn County",100052,Corvallis*,2020-12-17 09:54:49.634357
2014-07-18,12:45,79.5,45.4,30.0,0.0,821,,NE,9.4,14.6,0.0,74.5,,"Corvallis*, Linn County",100052,Corvallis*,2020-12-17 09:54:49.634357
2014-07-18,13:00,80.1,45.9,30.0,0.0,854,,NE,8.6,14.6,0.0,74.6,,"Corvallis*, Linn County",100052,Corvallis*,2020-12-17 09:54:49.634357
2014-07-18,13:15,80.2,45.8,29.7,0.0,539,,NE,7.5,12.4,0.0,74.7,,"Corvallis*, Linn County",100052,Corvallis*,2020-12-17 09:54:49.634357
2014-07-18,13:30,80.9,45.8,29.1,0.0,845,,NE,7.9,12.8,0.0,74.8,,"Corvallis*, Linn County",100052,Corvallis*,2020-12-17 09:54:49.634357
2014-07-18,13:45,81.8,45.4,27.9,0.0,901,,NE,8.8,14.6,0.0,74.9,,"Corvallis*, Linn County",100052,Corvallis*,2020-12-17 09:54:49.634357
2014-07-18,14:00,81.2,45.4,28.4,0.0,718,,NE,8.5,13.2,0.0,75.1,,"Corvallis*, Linn County",100052,Corvallis*,2020-12-17 09:54:49.634357
2014-07-18,14:15,82.4,46.5,28.5,0.0,787,,N ,7.5,11.4,0.0,75.3,,"Corvallis*, Linn County",100052,Corvallis*,2020-12-17 09:54:49.634357
2014-07-18,14:30,82.2,46.6,28.8,0.0,754,,NE,8.2,12.8,0.0,75.5,,"Corvallis*, Linn County",100052,Corvallis*,2020-12-17 09:54:49.634357
2014-07-18,14:45,83.3,47.2,28.4,0.0,772,,NE,8.4,12.8,0.0,75.7,,"Corvallis*, Linn County",100052,Corvallis*,2020-12-17 09:54:49.634357
2014-07-18,15:00,82.9,47.5,29.0,0.0,739,,N ,9.4,14.6,0.0,75.9,,"Corvallis*, Linn County",100052,Corvallis*,2020-12-17 09:54:49.634357
2014-07-18,15:15,83.4,48.2,29.4,0.0,704,,NE,9.2,14.2,0.0,76.1,,"Corvallis*, Linn County",100052,Corvallis*,2020-12-17 09:54:49.634357
2014-07-18,15:30,83.4,48.7,29.9,0.0,670,,NE,8.6,13.9,0.0,76.3,,"Corvallis*, Linn County",100052,Corvallis*,2020-12-17 09:54:49.634357
2014-07-18,15:45,83.8,48.8,29.7,0.0,634,,NE,8.9,14.2,0.0,76.5,,"Corvallis*, Linn County",100052,Corvallis*,2020-12-17 09:54:49.634357
2014-07-18,16:00,84.0,48.3,29.0,0.0,598,,N ,8.8,13.5,0.0,76.7,,"Corvallis*, Linn County",100052,Corvallis*,2020-12-17 09:54:49.634357
2014-07-18,16:15,83.5,48.0,29.0,0.0,561,,NE,9.4,14.2,0.0,76.9,,"Corvallis*, Linn County",100052,Corvallis*,2020-12-17 09:54:49.634357
2014-07-18,16:30,84.0,48.8,29.4,0.0,523,,N ,8.5,13.2,0.0,77.1,,"Corvallis*, Linn County",100052,Corvallis*,2020-12-17 09:54:49.634357
2014-07-18,16:45,83.5,49.3,30.5,0.0,482,,NE,8.2,13.5,0.0,77.2,,"Corvallis*, Linn County",100052,Corvallis*,2020-12-17 09:54:49.634357
2014-07-18,17:00,83.7,50.1,31.3,0.0,439,,NE,6.7,13.2,0.0,77.4,,"Corvallis*, Linn County",100052,Corvallis*,2020-12-17 09:54:49.634357
2014-07-18,17:15,83.5,50.7,32.1,0.0,398,,N ,7.2,11.7,0.0,77.6,,"Corvallis*, Linn County",100052,Corvallis*,2020-12-17 09:54:49.634357
2014-07-18,17:30,83.3,50.9,32.6,0.0,356,,NE,6.9,11.0,0.0,77.8,,"Corvallis*, Linn County",100052,Corvallis*,2020-12-17 09:54:49.634357
2014-07-18,17:45,82.9,51.0,33.2,0.0,312,,NE,6.3,9.9,0.0,77.9,,"Corvallis*, Linn County",100052,Corvallis*,2020-12-17 09:54:49.634357
2014-07-18,18:00,82.6,51.3,33.9,0.0,270,,NE,5.1,7.8,0.0,78.0,,"Corvallis*, Linn County",100052,Corvallis*,2020-12-17 09:54:49.634357
2014-07-18,18:15,82.5,51.6,34.3,0.0,229,,N ,6.5,10.3,0.0,78.1,,"Corvallis*, Linn County",100052,Corvallis*,2020-12-17 09:54:49.634357
2014-07-18,18:30,82.0,51.7,35.0,0.0,187,,N ,6.5,10.3,0.0,78.1,,"Corvallis*, Linn County",100052,Corvallis*,2020-12-17 09:54:49.634357
2014-07-18,18:45,81.5,52.2,36.2,0.0,147,,NE,5.1,9.2,0.0,78.2,,"Corvallis*, Linn County",100052,Corvallis*,2020-12-17 09:54:49.634357
2014-07-18,19:00,80.6,52.3,37.4,0.0,113,,N ,5.7,9.6,0.0,78.2,,"Corvallis*, Linn County",100052,Corvallis*,2020-12-17 09:54:49.634357
2014-07-18,19:15,79.8,52.7,39.1,0.0,75,,N ,5.0,7.1,0.0,78.2,,"Corvallis*, Linn County",100052,Corvallis*,2020-12-17 09:54:49.634357
2014-07-18,19:30,78.7,53.0,40.9,0.0,43,,N ,3.9,6.7,0.0,78.2,,"Corvallis*, Linn County",100052,Corvallis*,2020-12-17 09:54:49.634357
2014-07-18,19:45,77.3,54.0,44.5,0.0,15,,NW,2.6,4.9,0.0,78.2,,"Corvallis*, Linn County",100052,Corvallis*,2020-12-17 09:54:49.634357
2014-07-18,20:00,74.8,55.6,51.1,0.0,5,,W,3.0,4.2,0.0,78.2,,"Corvallis*, Linn County",100052,Corvallis*,2020-12-17 09:54:49.634357
2014-07-18,20:15,73.0,56.1,55.2,0.0,1,,W,3.7,5.7,0.0,78.2,,"Corvallis*, Linn County",100052,Corvallis*,2020-12-17 09:54:49.634357
2014-07-18,20:30,72.1,55.7,56.2,0.0,0,,W,3.2,5.3,0.0,78.2,,"Corvallis*, Linn County",100052,Corvallis*,2020-12-17 09:54:49.634357
2014-07-18,20:45,71.2,55.3,57.2,0.0,0,,W,3.6,6.0,0.0,78.1,,"Corvallis*, Linn County",100052,Corvallis*,2020-12-17 09:54:49.634357
2014-07-18,21:00,70.4,55.3,58.9,0.0,0,,W,3.0,5.7,0.0,78.1,,"Corvallis*, Linn County",100052,Corvallis*,2020-12-17 09:54:49.634357
2014-07-18,21:15,69.4,55.3,60.8,0.0,0,,NW,0.4,3.1,0.0,78.1,,"Corvallis*, Linn County",100052,Corvallis*,2020-12-17 09:54:49.634357
2014-07-18,21:30,68.2,55.0,62.5,0.0,0,,E,0.0,1.4,0.0,78.0,,"Corvallis*, Linn County",100052,Corvallis*,2020-12-17 09:54:49.634357
2014-07-18,21:45,67.3,55.0,64.5,0.0,0,,E,3.3,5.3,0.0,78.0,,"Corvallis*, Linn County",100052,Corvallis*,2020-12-17 09:54:49.634357
2014-07-18,22:00,68.1,55.4,63.6,0.0,0,,N ,1.5,3.9,0.0,77.9,,"Corvallis*, Linn County",100052,Corvallis*,2020-12-17 09:54:49.634357
2014-07-18,22:15,66.4,55.6,68.1,0.0,0,,NW,1.5,3.5,0.0,77.8,,"Corvallis*, Linn County",100052,Corvallis*,2020-12-17 09:54:49.634357
2014-07-18,22:30,65.0,55.7,71.7,0.0,0,,N ,0.0,0.0,0.0,77.7,,"Corvallis*, Linn County",100052,Corvallis*,2020-12-17 09:54:49.634357
2014-07-18,22:45,64.1,54.9,71.9,0.0,0,,N ,0.0,0.0,0.0,77.7,,"Corvallis*, Linn County",100052,Corvallis*,2020-12-17 09:54:49.634357
2014-07-18,23:00,64.7,55.5,72.0,0.0,0,,SE,1.0,3.1,0.0,77.6,,"Corvallis*, Linn County",100052,Corvallis*,2020-12-17 09:54:49.634357
2014-07-19,23:15,64.7,55.3,71.6,0.0,0,,N ,1.2,2.8,0.0,77.5,,"Corvallis*, Linn County",100052,Corvallis*,2020-12-17 09:54:49.634357
2014-07-19,23:30,64.4,55.1,71.6,0.0,0,,NE,0.2,2.4,0.0,77.4,,"Corvallis*, Linn County",100052,Corvallis*,2020-12-17 09:54:49.634357
2014-07-19,23:45,63.7,54.8,72.5,0.0,0,,E,0.9,3.5,0.0,77.4,,"Corvallis*, Linn County",100052,Corvallis*,2020-12-17 09:54:49.634357
2014-07-19,24:00,63.5,54.9,73.4,0.0,0,,NE,2.2,4.2,0.0,77.3,,"Corvallis*, Linn County",100052,Corvallis*,2020-12-17 09:54:49.634357
2014-07-19,00:15,64.5,55.3,71.8,0.0,0,,NE,3.3,5.3,0.0,77.2,,"Corvallis*, Linn County",100052,Corvallis*,2020-12-17 09:54:49.634357
2014-07-19,00:30,64.3,55.2,72.3,0.0,0,,N ,2.6,4.6,0.0,77.1,,"Corvallis*, Linn County",100052,Corvallis*,2020-12-17 09:54:49.634357
2014-07-19,00:45,63.4,55.3,74.8,0.0,0,,W,0.2,2.4,0.0,77.0,,"Corvallis*, Linn County",100052,Corvallis*,2020-12-17 09:54:49.634357
2014-07-19,01:00,62.5,55.4,77.6,0.0,0,,W,0.2,2.8,0.0,76.9,,"Corvallis*, Linn County",100052,Corvallis*,2020-12-17 09:54:49.634357
2014-07-19,01:15,62.9,55.2,75.7,0.0,0,,S,0.0,1.4,0.0,76.8,,"Corvallis*, Linn County",100052,Corvallis*,2020-12-17 09:54:49.634357
2014-07-19,01:30,61.6,54.4,77.2,0.0,0,,N ,0.0,0.0,0.0,76.7,,"Corvallis*, Linn County",100052,Corvallis*,2020-12-17 09:54:49.634357
2014-07-19,01:45,60.8,55.0,81.2,0.0,0,,N ,0.0,0.0,0.0,76.6,,"Corvallis*, Linn County",100052,Corvallis*,2020-12-17 09:54:49.634357
2014-07-19,02:00,60.7,55.2,81.8,0.0,0,,NW,0.1,1.7,0.0,76.5,,"Corvallis*, Linn County",100052,Corvallis*,2020-12-17 09:54:49.634357
2014-07-19,02:15,60.0,54.3,81.3,0.0,0,,N ,0.0,0.0,0.0,76.4,,"Corvallis*, Linn County",100052,Corvallis*,2020-12-17 09:54:49.634357
2014-07-19,02:30,59.9,54.2,81.4,0.0,0,,N ,0.0,0.0,0.0,76.3,,"Corvallis*, Linn County",100052,Corvallis*,2020-12-17 09:54:49.634357
2014-07-19,02:45,59.8,54.1,81.5,0.0,0,,N ,0.0,0.0,0.0,76.3,,"Corvallis*, Linn County",100052,Corvallis*,2020-12-17 09:54:49.634357
2014-07-19,03:00,60.1,54.6,81.8,0.0,0,,NE,0.2,2.8,0.0,76.2,,"Corvallis*, Linn County",100052,Corvallis*,2020-12-17 09:54:49.634357
2014-07-19,03:15,60.4,54.5,80.7,0.0,0,,N ,0.4,3.1,0.0,76.1,,"Corvallis*, Linn County",100052,Corvallis*,2020-12-17 09:54:49.634357
2014-07-19,03:30,61.1,54.9,80.0,0.0,0,,NE,0.6,3.1,0.0,76.0,,"Corvallis*, Linn County",100052,Corvallis*,2020-12-17 09:54:49.634357
2014-07-19,03:45,61.1,54.9,80.0,0.0,0,,NE,0.2,3.5,0.0,75.9,,"Corvallis*, Linn County",100052,Corvallis*,2020-12-17 09:54:49.634357
2014-07-19,04:00,60.7,54.7,80.5,0.0,0,,N ,0.0,0.0,0.0,75.8,,"Corvallis*, Linn County",100052,Corvallis*,2020-12-17 09:54:49.634357
2014-07-19,04:15,60.2,54.7,82.1,0.0,0,,N ,0.2,3.5,0.0,75.7,,"Corvallis*, Linn County",100052,Corvallis*,2020-12-17 09:54:49.634357
2014-07-19,04:30,60.9,55.1,81.2,0.0,0,,NE,0.0,1.7,0.0,75.7,,"Corvallis*, Linn County",100052,Corvallis*,2020-12-17 09:54:49.634357
2014-07-19,04:45,60.9,55.2,81.4,0.0,2,,N ,0.0,0.0,0.0,75.6,,"Corvallis*, Linn County",100052,Corvallis*,2020-12-17 09:54:49.634357
2014-07-19,05:00,60.2,54.4,81.0,0.0,6,,E,0.2,2.4,0.0,75.5,,"Corvallis*, Linn County",100052,Corvallis*,2020-12-17 09:54:49.634357
2014-07-19,05:15,59.6,54.2,82.2,0.0,11,,SE,0.1,3.1,0.0,75.4,,"Corvallis*, Linn County",100052,Corvallis*,2020-12-17 09:54:49.634357
2014-07-19,05:30,60.7,55.1,81.6,0.0,39,,S,1.1,3.9,0.0,75.3,,"Corvallis*, Linn County",100052,Corvallis*,2020-12-17 09:54:49.634357
2014-07-19,05:45,63.3,55.7,76.2,0.0,76,,NW,0.0,1.4,0.0,75.2,,"Corvallis*, Linn County",100052,Corvallis*,2020-12-17 09:54:49.634357
2014-07-19,06:00,64.2,55.9,74.2,0.0,111,,E,0.0,1.4,0.0,75.2,,"Corvallis*, Linn County",100052,Corvallis*,2020-12-17 09:54:49.634357
2014-07-19,06:15,67.2,56.5,68.7,0.0,146,,N ,0.4,2.4,0.0,75.1,,"Corvallis*, Linn County",100052,Corvallis*,2020-12-17 09:54:49.634357
2014-07-19,06:30,67.8,57.0,68.3,0.0,184,,N ,2.3,4.6,0.0,75.0,,"Corvallis*, Linn County",100052,Corvallis*,2020-12-17 09:54:49.634357
2014-07-19,06:45,68.1,57.2,68.0,0.0,223,,N ,4.1,6.0,0.0,75.0,,"Corvallis*, Linn County",100052,Corvallis*,2020-12-17 09:54:49.634357
2014-07-19,07:00,68.7,57.3,66.9,0.0,263,,NE,4.8,7.8,0.0,74.9,,"Corvallis*, Linn County",100052,Corvallis*,2020-12-17 09:54:49.634357
2014-07-19,07:15,69.0,57.4,66.5,0.0,304,,NE,6.5,9.6,0.0,74.8,,"Corvallis*, Linn County",100052,Corvallis*,2020-12-17 09:54:49.634357
2014-07-19,07:30,69.0,57.6,66.9,0.0,347,,N ,7.4,11.0,0.0,74.8,,"Corvallis*, Linn County",100052,Corvallis*,2020-12-17 09:54:49.634357
2014-07-19,07:45,69.8,58.1,66.2,0.0,389,,N ,6.1,8.9,0.0,74.7,,"Corvallis*, Linn County",100052,Corvallis*,2020-12-17 09:54:49.634357
2014-07-19,08:00,71.1,58.3,63.9,0.0,430,,NE,5.9,9.9,0.0,74.7,,"Corvallis*, Linn County",100052,Corvallis*,2020-12-17 09:54:49.634357
2014-07-19,08:15,71.5,58.3,63.0,0.0,470,,NE,6.1,11.0,0.0,74.6,,"Corvallis*, Linn County",100052,Corvallis*,2020-12-17 09:54:49.634357
2014-07-19,08:30,72.4,58.4,61.5,0.0,510,,NE,6.1,11.4,0.0,74.6,,"Corvallis*, Linn County",100052,Corvallis*,2020-12-17 09:54:49.634357
2014-07-19,08:45,72.8,58.6,61.0,0.0,549,,N ,6.6,10.3,0.0,74.6,,"Corvallis*, Linn County",100052,Corvallis*,2020-12-17 09:54:49.634357
2014-07-19,09:00,73.9,58.6,58.7,0.0,587,,N ,6.3,12.1,0.0,74.6,,"Corvallis*, Linn County",100052,Corvallis*,2020-12-17 09:54:49.634357
2014-07-19,09:15,74.2,58.5,58.0,0.0,623,,N,5.9,10.7,0.0,74.6,,"Corvallis*, Linn County",100052,Corvallis*,2020-12-17 09:54:49.634357
2014-07-19,09:30,75.3,58.6,56.1,0.0,658,,NE,5.5,9.2,0.0,74.6,,"Corvallis*, Linn County",100052,Corvallis*,2020-12-17 09:54:49.634357
2014-07-19,09:45,76.2,58.5,54.1,0.0,690,,N ,3.3,7.8,0.0,74.7,,"Corvallis*, Linn County",100052,Corvallis*,2020-12-17 09:54:49.634357
2014-07-19,10:00,77.3,58.5,52.3,0.0,720,,N,3.9,10.7,0.0,74.7,,"Corvallis*, Linn County",100052,Corvallis*,2020-12-17 09:54:49.634357
2014-07-19,10:15,78.3,58.6,50.6,0.0,751,,NE,3.5,7.8,0.0,74.8,,"Corvallis*, Linn County",100052,Corvallis*,2020-12-17 09:54:49.634357
2014-07-19,10:30,79.0,58.4,49.2,0.0,748,,N ,4.4,7.1,0.0,74.8,,"Corvallis*, Linn County",100052,Corvallis*,2020-12-17 09:54:49.634357
2014-07-19,10:45,79.3,58.3,48.7,0.0,795,,NE,4.1,7.1,0.0,74.9,,"Corvallis*, Linn County",100052,Corvallis*,2020-12-17 09:54:49.634357
2014-07-19,11:00,80.5,58.4,47.0,0.0,814,,NE,4.1,9.2,0.0,74.9,,"Corvallis*, Linn County",100052,Corvallis*,2020-12-17 09:54:49.634357
2014-07-19,11:15,80.8,58.4,46.4,0.0,837,,N ,4.0,8.5,0.0,75.0,,"Corvallis*, Linn County",100052,Corvallis*,2020-12-17 09:54:49.634357
2014-07-19,11:30,82.4,58.4,44.2,0.0,850,,N,3.5,9.6,0.0,75.0,,"Corvallis*, Linn County",100052,Corvallis*,2020-12-17 09:54:49.634357
2014-07-19,11:45,82.9,58.3,43.2,0.0,859,,NE,5.0,10.7,0.0,75.1,,"Corvallis*, Linn County",100052,Corvallis*,2020-12-17 09:54:49.634357
2014-07-19,12:00,83.3,58.2,42.5,0.0,870,,NE,3.8,9.2,0.0,75.1,,"Corvallis*, Linn County",100052,Corvallis*,2020-12-17 09:54:49.634357
2014-07-19,12:15,84.6,58.0,40.6,0.0,876,,E,2.7,5.3,0.0,75.2,,"Corvallis*, Linn County",100052,Corvallis*,2020-12-17 09:54:49.634357
2014-07-19,12:30,85.4,58.2,39.8,0.0,879,,N ,4.5,8.9,0.0,75.2,,"Corvallis*, Linn County",100052,Corvallis*,2020-12-17 09:54:49.634357
2014-07-19,12:45,86.1,58.0,38.6,0.0,875,,S,4.6,7.8,0.0,75.3,,"Corvallis*, Linn County",100052,Corvallis*,2020-12-17 09:54:49.634357
2014-07-19,13:00,86.7,57.6,37.4,0.0,868,,NW,3.0,8.9,0.0,75.5,,"Corvallis*, Linn County",100052,Corvallis*,2020-12-17 09:54:49.634357
2014-07-19,13:15,86.9,57.2,36.5,0.0,866,,E,3.4,9.6,0.0,75.6,,"Corvallis*, Linn County",100052,Corvallis*,2020-12-17 09:54:49.634357
2014-07-19,13:30,87.3,57.2,36.2,0.0,856,,S,4.2,9.2,0.0,75.8,,"Corvallis*, Linn County",100052,Corvallis*,2020-12-17 09:54:49.634357
2014-07-19,13:45,88.2,56.8,34.6,0.0,841,,S,3.6,6.4,0.0,76.0,,"Corvallis*, Linn County",100052,Corvallis*,2020-12-17 09:54:49.634357
2014-07-19,14:00,88.4,57.1,34.7,0.0,822,,SW,5.1,8.9,0.0,76.2,,"Corvallis*, Linn County",100052,Corvallis*,2020-12-17 09:54:49.634357
2014-07-19,14:15,89.4,57.2,33.8,0.0,804,,SW,4.3,8.5,0.0,76.4,,"Corvallis*, Linn County",100052,Corvallis*,2020-12-17 09:54:49.634357
2014-07-19,14:30,90.0,57.0,32.9,0.0,781,,SW,3.0,6.7,0.0,76.7,,"Corvallis*, Linn County",100052,Corvallis*,2020-12-17 09:54:49.634357
2014-07-19,14:45,89.2,56.7,33.4,0.0,758,,S,5.4,11.0,0.0,76.9,,"Corvallis*, Linn County",100052,Corvallis*,2020-12-17 09:54:49.634357
2014-07-19,15:00,90.3,56.8,32.4,0.0,738,,E,4.5,7.8,0.0,77.2,,"Corvallis*, Linn County",100052,Corvallis*,2020-12-17 09:54:49.634357
2014-07-19,15:15,89.7,56.6,32.7,0.0,709,,E,4.2,8.2,0.0,77.4,,"Corvallis*, Linn County",100052,Corvallis*,2020-12-17 09:54:49.634357
2014-07-19,15:30,90.0,56.8,32.7,0.0,676,,E,4.6,10.3,0.0,77.7,,"Corvallis*, Linn County",100052,Corvallis*,2020-12-17 09:54:49.634357
2014-07-19,15:45,89.6,57.0,33.3,0.0,506,,NE,5.7,9.9,0.0,77.9,,"Corvallis*, Linn County",100052,Corvallis*,2020-12-17 09:54:49.634357
2014-07-19,16:00,89.3,57.0,33.6,0.0,566,,NE,5.1,9.2,0.0,78.1,,"Corvallis*, Linn County",100052,Corvallis*,2020-12-17 09:54:49.634357
2014-07-19,16:15,89.8,57.3,33.4,0.0,523,,N ,4.9,8.2,0.0,78.3,,"Corvallis*, Linn County",100052,Corvallis*,2020-12-17 09:54:49.634357
2014-07-19,16:30,90.5,57.5,33.0,0.0,539,,W,9.8,17.5,0.0,78.5,,"Corvallis*, Linn County",100052,Corvallis*,2020-12-17 09:54:49.634357
2014-07-19,16:45,89.5,55.7,31.9,0.0,491,,W,11.0,16.7,0.0,78.7,,"Corvallis*, Linn County",100052,Corvallis*,2020-12-17 09:54:49.634357
2014-07-19,17:00,88.7,54.7,31.5,0.0,446,,W,10.3,17.1,0.0,78.8,,"Corvallis*, Linn County",100052,Corvallis*,2020-12-17 09:54:49.634357
2014-07-19,17:15,88.2,54.3,31.6,0.0,403,,W,11.2,16.7,0.0,79.0,,"Corvallis*, Linn County",100052,Corvallis*,2020-12-17 09:54:49.634357
2014-07-19,17:30,87.5,54.7,32.8,0.0,359,,W,10.2,17.1,0.0,79.1,,"Corvallis*, Linn County",100052,Corvallis*,2020-12-17 09:54:49.634357
2014-07-19,17:45,86.8,54.9,33.7,0.0,315,,W,10.5,17.1,0.0,79.1,,"Corvallis*, Linn County",100052,Corvallis*,2020-12-17 09:54:49.634357
2014-07-19,18:00,85.6,54.6,34.7,0.0,272,,W,10.0,15.3,0.0,79.1,,"Corvallis*, Linn County",100052,Corvallis*,2020-12-17 09:54:49.634357
2014-07-19,18:15,85.0,54.7,35.5,0.0,231,,W,9.3,15.0,0.0,79.2,,"Corvallis*, Linn County",100052,Corvallis*,2020-12-17 09:54:49.634357
2014-07-19,18:30,84.1,55.2,37.1,0.0,191,,W,8.1,15.0,0.0,79.2,,"Corvallis*, Linn County",100052,Corvallis*,2020-12-17 09:54:49.634357
2014-07-19,18:45,82.9,55.5,39.1,0.0,153,,W,7.7,15.7,0.0,79.3,,"Corvallis*, Linn County",100052,Corvallis*,2020-12-17 09:54:49.634357
2014-07-19,19:00,81.6,55.7,41.1,0.0,116,,W,8.7,15.3,0.0,79.3,,"Corvallis*, Linn County",100052,Corvallis*,2020-12-17 09:54:49.634357
2014-07-19,19:15,80.0,55.9,43.5,0.0,83,,W,9.0,15.3,0.0,79.3,,"Corvallis*, Linn County",100052,Corvallis*,2020-12-17 09:54:49.634357
2014-07-19,19:30,78.7,55.7,45.1,0.0,48,,W,7.8,12.4,0.0,79.4,,"Corvallis*, Linn County",100052,Corvallis*,2020-12-17 09:54:49.634357
2014-07-19,19:45,77.5,55.4,46.4,0.0,15,,W,7.0,13.2,0.0,79.4,,"Corvallis*, Linn County",100052,Corvallis*,2020-12-17 09:54:49.634357
2014-07-19,20:00,76.4,55.9,49.2,0.0,4,,W,7.0,12.1,0.0,79.5,,"Corvallis*, Linn County",100052,Corvallis*,2020-12-17 09:54:49.634357
2014-07-19,20:15,75.4,56.2,51.2,0.0,1,,W,6.7,11.7,0.0,79.5,,"Corvallis*, Linn County",100052,Corvallis*,2020-12-17 09:54:49.634357
2014-07-19,20:30,74.6,56.5,53.3,0.0,0,,W,5.9,12.1,0.0,79.5,,"Corvallis*, Linn County",100052,Corvallis*,2020-12-17 09:54:49.634357
2014-07-19,20:45,74.1,56.9,55.0,0.0,0,,W,5.3,7.8,0.0,79.5,,"Corvallis*, Linn County",100052,Corvallis*,2020-12-17 09:54:49.634357
2014-07-19,21:00,73.9,56.8,55.0,0.0,0,,W,6.2,14.6,0.0,79.5,,"Corvallis*, Linn County",100052,Corvallis*,2020-12-17 09:54:49.634357
2014-07-19,21:15,73.4,56.9,56.3,0.0,0,,W,6.1,12.8,0.0,79.5,,"Corvallis*, Linn County",100052,Corvallis*,2020-12-17 09:54:49.634357
2014-07-19,21:30,73.0,56.8,56.8,0.0,0,,W,6.7,10.7,0.0,79.4,,"Corvallis*, Linn County",100052,Corvallis*,2020-12-17 09:54:49.634357
2014-07-19,21:45,73.1,56.7,56.4,0.0,0,,W,5.9,11.4,0.0,79.4,,"Corvallis*, Linn County",100052,Corvallis*,2020-12-17 09:54:49.634357
2014-07-19,22:00,72.8,55.1,53.8,0.0,0,,W,6.4,10.3,0.0,79.4,,"Corvallis*, Linn County",100052,Corvallis*,2020-12-17 09:54:49.634357
2014-07-19,22:15,72.4,55.0,54.4,0.0,0,,SW,5.2,8.5,0.0,79.3,,"Corvallis*, Linn County",100052,Corvallis*,2020-12-17 09:54:49.634357
2014-07-19,22:30,71.8,56.3,58.1,0.0,0,,SW,4.3,7.8,0.0,79.3,,"Corvallis*, Linn County",100052,Corvallis*,2020-12-17 09:54:49.634357
2014-07-19,22:45,70.6,57.1,62.2,0.0,0,,S,3.8,6.0,0.0,79.2,,"Corvallis*, Linn County",100052,Corvallis*,2020-12-17 09:54:49.634357
2014-07-19,23:00,69.7,57.6,65.3,0.0,0,,S,4.1,7.1,0.0,79.1,,"Corvallis*, Linn County",100052,Corvallis*,2020-12-17 09:54:49.634357
2014-07-20,23:15,69.1,58.1,67.7,0.0,0,,SW,4.9,8.9,0.0,79.0,,"Corvallis*, Linn County",100052,Corvallis*,2020-12-17 09:54:49.634357
2014-07-20,23:30,68.6,58.4,70.0,0.0,0,,W,6.6,10.3,0.0,78.9,,"Corvallis*, Linn County",100052,Corvallis*,2020-12-17 09:54:49.634357
2014-07-20,23:45,67.7,58.5,72.1,0.0,0,,W,4.4,7.4,0.0,78.9,,"Corvallis*, Linn County",100052,Corvallis*,2020-12-17 09:54:49.634357
2014-07-20,24:00,67.0,58.6,74.3,0.0,0,,W,3.7,6.0,0.0,78.8,,"Corvallis*, Linn County",100052,Corvallis*,2020-12-17 09:54:49.634357
2014-07-20,00:15,66.3,58.5,76.0,0.0,0,,W,2.7,4.2,0.0,78.7,,"Corvallis*, Linn County",100052,Corvallis*,2020-12-17 09:54:49.634357
2014-07-20,00:30,65.6,58.3,77.0,0.0,0,,SW,3.6,5.3,0.0,78.6,,"Corvallis*, Linn County",100052,Corvallis*,2020-12-17 09:54:49.634357
2014-07-20,00:45,65.3,58.2,77.6,0.0,0,,SW,4.7,6.4,0.0,78.5,,"Corvallis*, Linn County",100052,Corvallis*,2020-12-17 09:54:49.634357
2014-07-20,01:00,65.0,58.1,78.3,0.0,0,,W,3.9,6.4,0.0,78.4,,"Corvallis*, Linn County",100052,Corvallis*,2020-12-17 09:54:49.634357
2014-07-20,01:15,64.8,57.9,78.4,0.0,0,,W,4.9,8.9,0.0,78.3,,"Corvallis*, Linn County",100052,Corvallis*,2020-12-17 09:54:49.634357
2014-07-20,01:30,64.5,57.6,78.2,0.0,0,,W,6.5,11.4,0.0,78.2,,"Corvallis*, Linn County",100052,Corvallis*,2020-12-17 09:54:49.634357
2014-07-20,01:45,64.0,57.2,78.3,0.0,0,,W,6.5,12.4,0.0,78.1,,"Corvallis*, Linn County",100052,Corvallis*,2020-12-17 09:54:49.634357
2014-07-20,02:00,63.6,57.0,79.1,0.0,0,,W,5.9,12.1,0.0,78.0,,"Corvallis*, Linn County",100052,Corvallis*,2020-12-17 09:54:49.634357
2014-07-20,02:15,63.3,56.7,79.1,0.0,0,,W,6.6,11.4,0.0,77.9,,"Corvallis*, Linn County",100052,Corvallis*,2020-12-17 09:54:49.634357
2014-07-20,02:30,63.2,56.6,79.1,0.0,0,,W,7.6,15.0,0.0,77.8,,"Corvallis*, Linn County",100052,Corvallis*,2020-12-17 09:54:49.634357
2014-07-20,02:45,62.9,56.5,79.5,0.0,0,,W,5.4,8.9,0.0,77.7,,"Corvallis*, Linn County",100052,Corvallis*,2020-12-17 09:54:49.634357
2014-07-20,03:00,62.9,56.3,78.9,0.0,0,,NW,4.0,8.9,0.0,77.6,,"Corvallis*, Linn County",100052,Corvallis*,2020-12-17 09:54:49.634357
2014-07-20,03:15,62.9,56.0,78.0,0.0,0,,W,1.1,5.7,0.0,77.5,,"Corvallis*, Linn County",100052,Corvallis*,2020-12-17 09:54:49.634357
2014-07-20,03:30,61.7,55.4,79.8,0.0,0,,E,1.0,3.9,0.0,77.4,,"Corvallis*, Linn County",100052,Corvallis*,2020-12-17 09:54:49.634357
2014-07-20,03:45,60.4,55.3,83.3,0.0,0,,E,2.3,4.2,0.0,77.4,,"Corvallis*, Linn County",100052,Corvallis*,2020-12-17 09:54:49.634357
2014-07-20,04:00,60.1,55.2,83.8,0.0,0,,E,0.2,1.7,0.0,77.3,,"Corvallis*, Linn County",100052,Corvallis*,2020-12-17 09:54:49.634357
2014-07-20,04:15,59.3,54.8,84.7,0.0,0,,S,0.1,2.1,0.0,77.2,,"Corvallis*, Linn County",100052,Corvallis*,2020-12-17 09:54:49.634357
2014-07-20,04:30,59.3,55.3,86.6,0.0,0,,N ,0.0,0.0,0.0,77.1,,"Corvallis*, Linn County",100052,Corvallis*,2020-12-17 09:54:49.634357
2014-07-20,04:45,60.6,56.3,85.8,0.0,1,,N ,0.0,0.0,0.0,77.0,,"Corvallis*, Linn County",100052,Corvallis*,2020-12-17 09:54:49.634357
2014-07-20,05:00,61.4,56.6,84.1,0.0,2,,N ,0.0,0.0,0.0,76.9,,"Corvallis*, Linn County",100052,Corvallis*,2020-12-17 09:54:49.634357
2014-07-20,05:15,62.1,56.3,81.0,0.0,5,,W,1.6,6.0,0.0,76.9,,"Corvallis*, Linn County",100052,Corvallis*,2020-12-17 09:54:49.634357
2014-07-20,05:30,62.9,55.4,76.3,0.0,8,,W,5.2,9.6,0.0,76.8,,"Corvallis*, Linn County",100052,Corvallis*,2020-12-17 09:54:49.634357
2014-07-20,05:45,63.1,54.8,74.3,0.0,14,,W,6.0,8.5,0.0,76.7,,"Corvallis*, Linn County",100052,Corvallis*,2020-12-17 09:54:49.634357
2014-07-20,06:00,63.0,54.5,73.7,0.0,20,,W,6.8,10.3,0.0,76.6,,"Corvallis*, Linn County",100052,Corvallis*,2020-12-17 09:54:49.634357
2014-07-20,06:15,63.1,54.6,73.6,0.0,34,,W,4.4,7.4,0.0,76.6,,"Corvallis*, Linn County",100052,Corvallis*,2020-12-17 09:54:49.634357
2014-07-20,06:30,63.4,54.6,73.0,0.0,53,,W,4.3,8.5,0.0,76.5,,"Corvallis*, Linn County",100052,Corvallis*,2020-12-17 09:54:49.634357
2014-07-20,06:45,63.6,54.4,72.0,0.0,59,,W,6.6,11.4,0.0,76.4,,"Corvallis*, Linn County",100052,Corvallis*,2020-12-17 09:54:49.634357
2014-07-20,07:00,63.6,54.2,71.4,0.0,62,,W,5.4,7.8,0.0,76.4,,"Corvallis*, Linn County",100052,Corvallis*,2020-12-17 09:54:49.634357
2014-07-20,07:15,63.9,54.0,70.1,0.0,76,,W,5.4,8.2,0.0,76.3,,"Corvallis*, Linn County",100052,Corvallis*,2020-12-17 09:54:49.634357
2014-07-20,07:30,64.3,54.0,69.2,0.0,100,,W,4.1,7.8,0.0,76.2,,"Corvallis*, Linn County",100052,Corvallis*,2020-12-17 09:54:49.634357
2014-07-20,07:45,64.5,53.6,67.8,0.0,107,,W,5.5,8.9,0.0,76.1,,"Corvallis*, Linn County",100052,Corvallis*,2020-12-17 09:54:49.634357
2014-07-20,08:00,64.2,53.7,68.4,0.0,113,,W,5.0,9.2,0.0,76.1,,"Corvallis*, Linn County",100052,Corvallis*,2020-12-17 09:54:49.634357
2014-07-20,08:15,63.7,56.0,76.0,0.0,143,,N ,3.5,5.3,0.0,76.0,,"Corvallis*, Linn County",100052,Corvallis*,2020-12-17 09:54:49.634357
2014-07-20,08:30,63.2,56.1,77.7,0.0,154,,NE,5.1,7.8,0.0,75.9,,"Corvallis*, Linn County",100052,Corvallis*,2020-12-17 09:54:49.634357
2014-07-20,08:45,63.4,56.0,76.5,0.0,177,,NE,4.7,7.1,0.0,75.9,,"Corvallis*, Linn County",100052,Corvallis*,2020-12-17 09:54:49.634357
2014-07-20,09:00,63.5,55.9,76.1,0.0,184,,N ,4.4,8.5,0.0,75.8,,"Corvallis*, Linn County",100052,Corvallis*,2020-12-17 09:54:49.634357
2014-07-20,09:15,63.4,55.9,76.6,0.0,189,,N,2.8,5.7,0.0,75.7,,"Corvallis*, Linn County",100052,Corvallis*,2020-12-17 09:54:49.634357
2014-07-20,09:30,63.3,56.2,77.7,0.0,152,,NE,2.5,6.4,0.08,75.7,,"Corvallis*, Linn County",100052,Corvallis*,2020-12-17 09:54:49.634357
2014-07-20,09:45,62.4,57.3,83.3,0.0,168,,N ,3.9,6.7,1.0,75.6,,"Corvallis*, Linn County",100052,Corvallis*,2020-12-17 09:54:49.634357
2014-07-20,10:00,61.9,58.0,86.8,0.0,201,,N,4.1,6.7,1.0,75.6,,"Corvallis*, Linn County",100052,Corvallis*,2020-12-17 09:54:49.634357
2014-07-20,10:15,62.0,58.0,86.8,0.0,232,,N ,4.7,7.4,1.0,75.5,,"Corvallis*, Linn County",100052,Corvallis*,2020-12-17 09:54:49.634357
2014-07-20,10:30,61.9,57.8,86.0,0.0,195,,NE,3.8,6.4,1.0,75.5,,"Corvallis*, Linn County",100052,Corvallis*,2020-12-17 09:54:49.634357
2014-07-20,10:45,62.4,57.9,85.2,0.0,237,,NE,5.1,7.4,1.0,75.4,,"Corvallis*, Linn County",100052,Corvallis*,2020-12-17 09:54:49.634357
2014-07-20,11:00,62.8,58.0,84.4,0.0,248,,NE,5.4,7.4,1.0,75.4,,"Corvallis*, Linn County",100052,Corvallis*,2020-12-17 09:54:49.634357
2014-07-20,11:15,63.8,57.9,81.0,0.0,335,,N ,5.5,7.8,1.0,75.3,,"Corvallis*, Linn County",100052,Corvallis*,2020-12-17 09:54:49.634357
2014-07-20,11:30,65.0,56.7,74.5,0.0,389,,N,5.3,7.4,0.29,75.3,,"Corvallis*, Linn County",100052,Corvallis*,2020-12-17 09:54:49.634357
2014-07-20,11:45,65.9,56.9,72.6,0.0,585,,N,5.6,8.9,0.0,75.2,,"Corvallis*, Linn County",100052,Corvallis*,2020-12-17 09:54:49.634357
2014-07-20,12:00,67.7,56.1,66.3,0.0,729,,NE,4.6,8.2,0.0,75.2,,"Corvallis*, Linn County",100052,Corvallis*,2020-12-17 09:54:49.634357
2014-07-20,12:15,68.2,55.4,63.6,0.0,508,,N,3.9,8.5,0.0,75.2,,"Corvallis*, Linn County",100052,Corvallis*,2020-12-17 09:54:49.634357
2014-07-20,12:30,69.8,54.9,59.0,0.0,456,,NW,2.9,7.4,0.0,75.1,,"Corvallis*, Linn County",100052,Corvallis*,2020-12-17 09:54:49.634357
2014-07-20,12:45,69.6,54.8,59.2,0.0,560,,NE,4.7,8.2,0.0,75.1,,"Corvallis*, Linn County",100052,Corvallis*,2020-12-17 09:54:49.634357
2014-07-20,13:00,70.2,54.5,57.5,0.0,553,,E,2.9,8.2,0.0,75.1,,"Corvallis*, Linn County",100052,Corvallis*,2020-12-17 09:54:49.634357
2014-07-20,13:15,71.5,54.6,55.1,0.0,760,,SE,3.3,6.0,0.0,75.1,,"Corvallis*, Linn County",100052,Corvallis*,2020-12-17 09:54:49.634357
2014-07-20,13:30,71.9,54.5,54.2,0.0,761,,N ,4.0,8.5,0.0,75.1,,"Corvallis*, Linn County",100052,Corvallis*,2020-12-17 09:54:49.634357
2014-07-20,13:45,74.0,54.5,50.5,0.0,860,,NE,4.4,8.9,0.0,75.2,,"Corvallis*, Linn County",100052,Corvallis*,2020-12-17 09:54:49.634357
2014-07-20,14:00,73.4,54.3,51.2,0.0,705,,NE,5.2,10.3,0.0,75.3,,"Corvallis*, Linn County",100052,Corvallis*,2020-12-17 09:54:49.634357
2014-07-20,14:15,74.1,54.0,49.5,0.0,802,,E,4.4,10.3,0.0,75.3,,"Corvallis*, Linn County",100052,Corvallis*,2020-12-17 09:54:49.634357
2014-07-20,14:30,74.6,54.0,48.6,0.0,783,,N ,5.3,10.7,0.0,75.4,,"Corvallis*, Linn County",100052,Corvallis*,2020-12-17 09:54:49.634357
2014-07-20,14:45,73.8,53.9,49.6,0.0,517,,N ,4.7,8.5,0.0,75.5,,"Corvallis*, Linn County",100052,Corvallis*,2020-12-17 09:54:49.634357
2014-07-20,15:00,74.1,53.8,49.0,0.0,576,,NE,3.8,8.5,0.0,75.6,,"Corvallis*, Linn County",100052,Corvallis*,2020-12-17 09:54:49.634357
2014-07-20,15:15,76.2,53.4,45.1,0.0,825,,NW,4.2,8.5,0.0,75.7,,"Corvallis*, Linn County",100052,Corvallis*,2020-12-17 09:54:49.634357
2014-07-20,15:30,76.9,52.6,42.8,0.0,710,,W,2.5,5.3,0.0,75.7,,"Corvallis*, Linn County",100052,Corvallis*,2020-12-17 09:54:49.634357
2014-07-20,15:45,77.6,52.9,42.2,0.0,468,,N,4.3,10.7,0.0,75.8,,"Corvallis*, Linn County",100052,Corvallis*,2020-12-17 09:54:49.634357
2014-07-20,16:00,75.5,53.0,45.4,0.0,305,,N,3.0,7.8,0.0,75.9,,"Corvallis*, Linn County",100052,Corvallis*,2020-12-17 09:54:49.634357
2014-07-20,16:15,75.3,53.0,45.8,0.0,253,,NW,3.3,7.4,0.0,76.0,,"Corvallis*, Linn County",100052,Corvallis*,2020-12-17 09:54:49.634357
2014-07-20,16:30,74.8,52.6,45.9,0.0,278,,NE,5.0,8.9,0.0,76.1,,"Corvallis*, Linn County",100052,Corvallis*,2020-12-17 09:54:49.634357
2014-07-20,16:45,73.8,53.4,48.8,0.0,248,,NE,5.9,9.2,0.0,76.1,,"Corvallis*, Linn County",100052,Corvallis*,2020-12-17 09:54:49.634357
2014-07-20,17:00,73.9,53.4,48.7,0.0,252,,NE,3.5,7.1,0.0,76.2,,"Corvallis*, Linn County",100052,Corvallis*,2020-12-17 09:54:49.634357
2014-07-20,17:15,74.0,53.4,48.4,0.0,221,,NE,4.0,7.4,0.0,76.3,,"Corvallis*, Linn County",100052,Corvallis*,2020-12-17 09:54:49.634357
2014-07-20,17:30,73.9,53.3,48.5,0.0,246,,NE,4.5,6.7,0.0,76.3,,"Corvallis*, Linn County",100052,Corvallis*,2020-12-17 09:54:49.634357
2014-07-20,17:45,74.1,53.5,48.5,0.0,303,,NE,3.2,6.0,0.0,76.4,,"Corvallis*, Linn County",100052,Corvallis*,2020-12-17 09:54:49.634357
2014-07-20,18:00,74.9,53.0,46.5,0.0,315,,N,3.1,11.7,0.0,76.4,,"Corvallis*, Linn County",100052,Corvallis*,2020-12-17 09:54:49.634357
2014-07-20,18:15,74.7,51.5,44.1,0.0,246,,W,7.2,12.4,0.0,76.4,,"Corvallis*, Linn County",100052,Corvallis*,2020-12-17 09:54:49.634357
2014-07-20,18:30,73.3,51.0,45.4,0.0,199,,W,8.0,13.5,0.0,76.4,,"Corvallis*, Linn County",100052,Corvallis*,2020-12-17 09:54:49.634357
2014-07-20,18:45,72.7,51.1,46.6,0.0,168,,W,7.4,11.4,0.0,76.4,,"Corvallis*, Linn County",100052,Corvallis*,2020-12-17 09:54:49.634357
2014-07-20,19:00,71.4,50.8,48.2,0.0,121,,W,7.3,12.4,0.0,76.4,,"Corvallis*, Linn County",100052,Corvallis*,2020-12-17 09:54:49.634357
2014-07-20,19:15,70.2,51.2,50.9,0.0,79,,W,5.6,9.6,0.0,76.4,,"Corvallis*, Linn County",100052,Corvallis*,2020-12-17 09:54:49.634357
2014-07-20,19:30,68.7,51.1,53.2,0.0,41,,W,6.5,10.3,0.0,76.4,,"Corvallis*, Linn County",100052,Corvallis*,2020-12-17 09:54:49.634357
2014-07-20,19:45,67.0,50.9,56.2,0.0,9,,W,7.1,11.0,0.0,76.3,,"Corvallis*, Linn County",100052,Corvallis*,2020-12-17 09:54:49.634357
2014-07-20,20:00,65.9,50.7,58.0,0.0,4,,W,5.9,8.2,0.0,76.3,,"Corvallis*, Linn County",100052,Corvallis*,2020-12-17 09:54:49.634357
2014-07-20,20:15,65.0,50.4,59.0,0.0,1,,W,6.7,11.4,0.0,76.2,,"Corvallis*, Linn County",100052,Corvallis*,2020-12-17 09:54:49.634357
2014-07-20,20:30,64.2,49.9,59.8,0.0,0,,W,6.4,10.3,0.0,76.2,,"Corvallis*, Linn County",100052,Corvallis*,2020-12-17 09:54:49.634357
2014-07-20,20:45,63.5,49.6,60.6,0.0,0,,W,5.9,9.2,0.0,76.1,,"Corvallis*, Linn County",100052,Corvallis*,2020-12-17 09:54:49.634357
2014-07-20,21:00,62.8,49.6,61.8,0.0,0,,W,4.6,7.8,0.0,76.0,,"Corvallis*, Linn County",100052,Corvallis*,2020-12-17 09:54:49.634357
2014-07-20,21:15,62.2,49.6,63.2,0.0,0,,NW,3.3,5.7,0.0,76.0,,"Corvallis*, Linn County",100052,Corvallis*,2020-12-17 09:54:49.634357
2014-07-20,21:30,62.0,49.9,64.4,0.0,0,,NW,3.2,4.6,0.0,75.9,,"Corvallis*, Linn County",100052,Corvallis*,2020-12-17 09:54:49.634357
2014-07-20,21:45,61.4,49.9,65.8,0.0,0,,NW,0.8,2.8,0.0,75.8,,"Corvallis*, Linn County",100052,Corvallis*,2020-12-17 09:54:49.634357
2014-07-20,22:00,60.1,49.7,68.6,0.0,0,,NW,0.5,4.2,0.0,75.8,,"Corvallis*, Linn County",100052,Corvallis*,2020-12-17 09:54:49.634357
2014-07-20,22:15,59.8,50.0,70.0,0.0,0,,NW,1.1,4.9,0.0,75.7,,"Corvallis*, Linn County",100052,Corvallis*,2020-12-17 09:54:49.634357
2014-07-20,22:30,59.2,50.0,71.4,0.0,0,,N ,0.0,0.0,0.0,75.6,,"Corvallis*, Linn County",100052,Corvallis*,2020-12-17 09:54:49.634357
2014-07-20,22:45,58.1,49.4,72.8,0.0,0,,N ,0.0,0.0,0.0,75.5,,"Corvallis*, Linn County",100052,Corvallis*,2020-12-17 09:54:49.634357
2014-07-20,23:00,57.6,49.3,73.8,0.0,0,,N ,0.0,0.0,0.0,75.4,,"Corvallis*, Linn County",100052,Corvallis*,2020-12-17 09:54:49.634357
2014-07-21,23:15,57.1,49.4,75.3,0.0,0,,N ,0.0,0.0,0.0,75.3,,"Corvallis*, Linn County",100052,Corvallis*,2020-12-17 09:54:49.634357
2014-07-21,23:30,56.4,49.3,77.1,0.0,0,,N ,0.0,0.0,0.0,75.2,,"Corvallis*, Linn County",100052,Corvallis*,2020-12-17 09:54:49.634357
2014-07-21,23:45,55.6,48.2,76.2,0.0,0,,N ,0.0,0.0,0.0,75.2,,"Corvallis*, Linn County",100052,Corvallis*,2020-12-17 09:54:49.634357
2014-07-21,24:00,54.9,48.4,78.6,0.0,0,,N ,0.0,0.0,0.0,75.1,,"Corvallis*, Linn County",100052,Corvallis*,2020-12-17 09:54:49.634357
2014-07-21,00:15,54.5,48.5,80.2,0.0,0,,N ,0.0,0.0,0.0,75.0,,"Corvallis*, Linn County",100052,Corvallis*,2020-12-17 09:54:49.634357
2014-07-21,00:30,54.1,48.7,81.8,0.0,0,,N ,0.0,0.0,0.0,74.9,,"Corvallis*, Linn County",100052,Corvallis*,2020-12-17 09:54:49.634357
2014-07-21,00:45,54.1,48.8,82.0,0.0,0,,N ,0.0,0.0,0.0,74.8,,"Corvallis*, Linn County",100052,Corvallis*,2020-12-17 09:54:49.634357
2014-07-21,01:00,54.3,49.0,82.0,0.0,0,,N,0.1,2.4,0.0,74.7,,"Corvallis*, Linn County",100052,Corvallis*,2020-12-17 09:54:49.634357
2014-07-21,01:15,55.8,50.3,81.5,0.0,0,,NE,0.0,1.4,0.0,74.6,,"Corvallis*, Linn County",100052,Corvallis*,2020-12-17 09:54:49.634357
2014-07-21,01:30,57.4,50.0,76.2,0.0,0,,N,0.0,1.4,0.0,74.5,,"Corvallis*, Linn County",100052,Corvallis*,2020-12-17 09:54:49.634357
2014-07-21,01:45,59.7,49.0,67.6,0.0,0,,N ,1.5,4.2,0.0,74.4,,"Corvallis*, Linn County",100052,Corvallis*,2020-12-17 09:54:49.634357
2014-07-21,02:00,60.8,48.4,63.6,0.0,0,,N ,2.7,5.7,0.0,74.3,,"Corvallis*, Linn County",100052,Corvallis*,2020-12-17 09:54:49.634357
2014-07-21,02:15,61.0,48.1,62.4,0.0,0,,N ,3.9,6.4,0.0,74.2,,"Corvallis*, Linn County",100052,Corvallis*,2020-12-17 09:54:49.634357
2014-07-21,02:30,61.0,48.1,62.4,0.0,0,,N ,4.5,6.7,0.0,74.1,,"Corvallis*, Linn County",100052,Corvallis*,2020-12-17 09:54:49.634357
2014-07-21,02:45,60.8,48.0,62.5,0.0,0,,N ,5.2,8.2,0.0,74.0,,"Corvallis*, Linn County",100052,Corvallis*,2020-12-17 09:54:49.634357
2014-07-21,03:00,60.4,47.8,63.1,0.0,0,,N ,4.2,7.8,0.0,73.9,,"Corvallis*, Linn County",100052,Corvallis*,2020-12-17 09:54:49.634357
2014-07-21,03:15,60.1,47.9,63.9,0.0,0,,N ,3.9,6.7,0.0,73.8,,"Corvallis*, Linn County",100052,Corvallis*,2020-12-17 09:54:49.634357
2014-07-21,03:30,59.5,47.8,65.2,0.0,0,,N ,3.6,5.7,0.0,73.7,,"Corvallis*, Linn County",100052,Corvallis*,2020-12-17 09:54:49.634357
2014-07-21,03:45,59.1,47.9,66.1,0.0,0,,N ,3.8,6.0,0.0,73.6,,"Corvallis*, Linn County",100052,Corvallis*,2020-12-17 09:54:49.634357
2014-07-21,04:00,59.0,47.8,66.3,0.0,0,,NE,2.8,4.9,0.0,73.5,,"Corvallis*, Linn County",100052,Corvallis*,2020-12-17 09:54:49.634357
2014-07-21,04:15,59.1,47.8,66.0,0.0,0,,NE,3.1,5.3,0.0,73.4,,"Corvallis*, Linn County",100052,Corvallis*,2020-12-17 09:54:49.634357
2014-07-21,04:30,59.3,47.7,65.5,0.0,0,,N ,4.3,8.9,0.0,73.3,,"Corvallis*, Linn County",100052,Corvallis*,2020-12-17 09:54:49.634357
2014-07-21,04:45,59.1,47.5,65.3,0.0,2,,N ,5.5,9.6,0.0,73.2,,"Corvallis*, Linn County",100052,Corvallis*,2020-12-17 09:54:49.634357
2014-07-21,05:00,59.3,47.5,65.0,0.0,4,,N ,4.7,8.2,0.0,73.1,,"Corvallis*, Linn County",100052,Corvallis*,2020-12-17 09:54:49.634357
2014-07-21,05:15,59.4,47.7,65.1,0.0,9,,N ,6.0,9.2,0.0,73.0,,"Corvallis*, Linn County",100052,Corvallis*,2020-12-17 09:54:49.634357
2014-07-21,05:30,59.5,47.9,65.2,0.0,22,,N,7.5,11.4,0.0,72.9,,"Corvallis*, Linn County",100052,Corvallis*,2020-12-17 09:54:49.634357
2014-07-21,05:45,59.6,47.9,65.0,0.0,39,,N ,6.2,9.9,0.0,72.8,,"Corvallis*, Linn County",100052,Corvallis*,2020-12-17 09:54:49.634357
2014-07-21,06:00,59.7,48.0,65.2,0.0,75,,N ,6.7,10.3,0.0,72.7,,"Corvallis*, Linn County",100052,Corvallis*,2020-12-17 09:54:49.634357
2014-07-21,06:15,60.0,48.2,65.0,0.0,100,,N,7.4,11.4,0.0,72.6,,"Corvallis*, Linn County",100052,Corvallis*,2020-12-17 09:54:49.634357
2014-07-21,06:30,60.3,48.3,64.4,0.0,126,,N ,6.7,12.1,0.0,72.5,,"Corvallis*, Linn County",100052,Corvallis*,2020-12-17 09:54:49.634357
2014-07-21,06:45,60.8,48.4,63.8,0.0,172,,N ,7.1,10.7,0.0,72.5,,"Corvallis*, Linn County",100052,Corvallis*,2020-12-17 09:54:49.634357
2014-07-21,07:00,61.5,48.6,62.4,0.0,214,,N ,6.7,10.3,0.0,72.4,,"Corvallis*, Linn County",100052,Corvallis*,2020-12-17 09:54:49.634357
2014-07-21,07:15,62.1,48.5,61.0,0.0,258,,N ,8.0,12.8,0.0,72.3,,"Corvallis*, Linn County",100052,Corvallis*,2020-12-17 09:54:49.634357
2014-07-21,07:30,62.3,48.4,60.1,0.0,291,,N ,8.6,13.9,0.0,72.2,,"Corvallis*, Linn County",100052,Corvallis*,2020-12-17 09:54:49.634357
2014-07-21,07:45,62.9,48.3,58.8,0.0,328,,N ,9.5,15.7,0.0,72.1,,"Corvallis*, Linn County",100052,Corvallis*,2020-12-17 09:54:49.634357
2014-07-21,08:00,62.8,48.4,59.1,0.0,289,,N ,8.5,12.4,0.0,72.1,,"Corvallis*, Linn County",100052,Corvallis*,2020-12-17 09:54:49.634357
2014-07-21,08:15,63.1,48.6,59.0,0.0,345,,N ,8.8,14.2,0.0,72.0,,"Corvallis*, Linn County",100052,Corvallis*,2020-12-17 09:54:49.634357
2014-07-21,08:30,63.2,48.8,59.3,0.0,308,,N ,7.5,11.7,0.0,71.9,,"Corvallis*, Linn County",100052,Corvallis*,2020-12-17 09:54:49.634357
2014-07-21,08:45,62.9,48.8,59.9,0.0,263,,N ,7.5,11.7,0.0,71.9,,"Corvallis*, Linn County",100052,Corvallis*,2020-12-17 09:54:49.634357
2014-07-21,09:00,63.8,48.8,58.2,0.0,365,,N ,6.9,12.1,0.0,71.9,,"Corvallis*, Linn County",100052,Corvallis*,2020-12-17 09:54:49.634357
2014-07-21,09:15,64.4,49.1,57.4,0.0,435,,N,7.3,10.7,0.0,71.9,,"Corvallis*, Linn County",100052,Corvallis*,2020-12-17 09:54:49.634357
2014-07-21,09:30,65.7,48.8,54.4,0.0,508,,N ,6.7,10.3,0.0,71.9,,"Corvallis*, Linn County",100052,Corvallis*,2020-12-17 09:54:49.634357
2014-07-21,09:45,66.6,48.7,52.4,0.0,438,,N ,6.1,11.4,0.0,71.9,,"Corvallis*, Linn County",100052,Corvallis*,2020-12-17 09:54:49.634357
2014-07-21,10:00,67.9,48.5,49.8,0.0,704,,N ,6.3,9.6,0.0,71.9,,"Corvallis*, Linn County",100052,Corvallis*,2020-12-17 09:54:49.634357
2014-07-21,10:15,68.0,48.1,48.8,0.0,418,,N ,6.8,10.7,0.0,71.9,,"Corvallis*, Linn County",100052,Corvallis*,2020-12-17 09:54:49.634357
2014-07-21,10:30,67.6,48.3,49.9,0.0,348,,N ,6.2,9.2,0.0,72.0,,"Corvallis*, Linn County",100052,Corvallis*,2020-12-17 09:54:49.634357
2014-07-21,10:45,68.3,48.3,48.7,0.0,368,,N ,5.5,8.5,0.0,72.0,,"Corvallis*, Linn County",100052,Corvallis*,2020-12-17 09:54:49.634357
2014-07-21,11:00,68.3,48.6,49.3,0.0,409,,N,6.3,9.9,0.0,72.0,,"Corvallis*, Linn County",100052,Corvallis*,2020-12-17 09:54:49.634357
2014-07-21,11:15,68.9,48.7,48.5,0.0,394,,N,5.5,7.8,0.0,72.1,,"Corvallis*, Linn County",100052,Corvallis*,2020-12-17 09:54:49.634357
2014-07-21,11:30,69.3,48.7,47.9,0.0,453,,N,5.7,8.5,0.0,72.1,,"Corvallis*, Linn County",100052,Corvallis*,2020-12-17 09:54:49.634357
2014-07-21,11:45,69.9,48.9,47.3,0.0,451,,N ,4.8,8.9,0.0,72.2,,"Corvallis*, Linn County",100052,Corvallis*,2020-12-17 09:54:49.634357
2014-07-21,12:00,70.2,49.4,47.6,0.0,482,,N,4.5,7.8,0.0,72.3,,"Corvallis*, Linn County",100052,Corvallis*,2020-12-17 09:54:49.634357
2014-07-21,12:15,71.8,49.5,45.2,0.0,611,,NE,3.1,6.4,0.0,72.4,,"Corvallis*, Linn County",100052,Corvallis*,2020-12-17 09:54:49.634357
2014-07-21,12:30,72.5,49.6,44.3,0.0,545,,NE,3.9,9.2,0.0,72.4,,"Corvallis*, Linn County",100052,Corvallis*,2020-12-17 09:54:49.634357
2014-07-21,12:45,72.5,49.4,44.1,0.0,492,,NE,2.9,6.4,0.0,72.5,,"Corvallis*, Linn County",100052,Corvallis*,2020-12-17 09:54:49.634357
2014-07-21,13:00,73.3,49.7,43.4,0.0,447,,E,2.2,5.7,0.0,72.6,,"Corvallis*, Linn County",100052,Corvallis*,2020-12-17 09:54:49.634357
2014-07-21,13:15,73.1,50.1,44.3,0.0,479,,NE,3.5,6.7,0.0,72.7,,"Corvallis*, Linn County",100052,Corvallis*,2020-12-17 09:54:49.634357
2014-07-21,13:30,73.9,50.3,43.4,0.0,540,,S,3.5,5.7,0.0,72.9,,"Corvallis*, Linn County",100052,Corvallis*,2020-12-17 09:54:49.634357
2014-07-21,13:45,75.5,50.5,41.6,0.0,787,,SE,2.7,5.3,0.0,73.0,,"Corvallis*, Linn County",100052,Corvallis*,2020-12-17 09:54:49.634357
2014-07-21,14:00,77.4,50.9,39.6,0.0,855,,W,3.2,6.7,0.0,73.2,,"Corvallis*, Linn County",100052,Corvallis*,2020-12-17 09:54:49.634357
2014-07-21,14:15,78.3,50.6,37.9,0.0,918,,SW,3.5,7.8,0.0,73.4,,"Corvallis*, Linn County",100052,Corvallis*,2020-12-17 09:54:49.634357
2014-07-21,14:30,78.7,48.8,35.1,0.0,841,,SW,4.3,6.7,0.0,73.5,,"Corvallis*, Linn County",100052,Corvallis*,2020-12-17 09:54:49.634357
2014-07-21,14:45,78.1,47.3,33.8,0.0,604,,SW,3.1,7.8,0.0,73.7,,"Corvallis*, Linn County",100052,Corvallis*,2020-12-17 09:54:49.634357
2014-07-21,15:00,78.1,48.6,35.5,0.0,674,,S,4.7,9.2,0.0,73.9,,"Corvallis*, Linn County",100052,Corvallis*,2020-12-17 09:54:49.634357
2014-07-21,15:15,77.5,49.6,37.5,0.0,529,,SE,3.7,7.8,0.0,74.1,,"Corvallis*, Linn County",100052,Corvallis*,2020-12-17 09:54:49.634357
2014-07-21,15:30,78.3,49.8,36.9,0.0,681,,S,4.9,9.6,0.0,74.2,,"Corvallis*, Linn County",100052,Corvallis*,2020-12-17 09:54:49.634357
2014-07-21,15:45,78.2,49.5,36.6,0.0,513,,S,3.8,9.6,0.0,74.4,,"Corvallis*, Linn County",100052,Corvallis*,2020-12-17 09:54:49.634357
2014-07-21,16:00,77.9,50.3,38.0,0.0,526,,S,5.1,8.9,0.0,74.5,,"Corvallis*, Linn County",100052,Corvallis*,2020-12-17 09:54:49.634357
2014-07-21,16:15,78.6,50.3,37.1,0.0,445,,S,4.3,9.6,0.0,74.7,,"Corvallis*, Linn County",100052,Corvallis*,2020-12-17 09:54:49.634357
2014-07-21,16:30,78.9,50.5,37.1,0.0,556,,S,4.1,8.9,0.0,74.8,,"Corvallis*, Linn County",100052,Corvallis*,2020-12-17 09:54:49.634357
2014-07-21,16:45,79.7,50.6,36.2,0.0,579,,S,5.2,9.6,0.0,75.0,,"Corvallis*, Linn County",100052,Corvallis*,2020-12-17 09:54:49.634357
2014-07-21,17:00,78.7,50.4,37.1,0.0,391,,S,5.6,8.9,0.0,75.1,,"Corvallis*, Linn County",100052,Corvallis*,2020-12-17 09:54:49.634357
2014-07-21,17:15,78.3,50.8,38.2,0.0,281,,S,5.3,7.8,0.0,75.2,,"Corvallis*, Linn County",100052,Corvallis*,2020-12-17 09:54:49.634357
2014-07-21,17:30,77.6,51.0,39.4,0.0,149,,S,5.9,8.5,0.0,75.3,,"Corvallis*, Linn County",100052,Corvallis*,2020-12-17 09:54:49.634357
2014-07-21,17:45,77.4,50.9,39.5,0.0,186,,S,5.5,8.5,0.0,75.4,,"Corvallis*, Linn County",100052,Corvallis*,2020-12-17 09:54:49.634357
2014-07-21,18:00,77.7,51.9,40.6,0.0,167,,SW,5.8,9.9,0.0,75.5,,"Corvallis*, Linn County",100052,Corvallis*,2020-12-17 09:54:49.634357
2014-07-21,18:15,77.4,52.4,41.8,0.0,182,,W,5.8,9.2,0.0,75.6,,"Corvallis*, Linn County",100052,Corvallis*,2020-12-17 09:54:49.634357
2014-07-21,18:30,76.4,52.4,43.1,0.0,123,,W,6.4,11.0,0.0,75.7,,"Corvallis*, Linn County",100052,Corvallis*,2020-12-17 09:54:49.634357
2014-07-21,18:45,75.4,52.2,44.3,0.0,99,,W,5.7,9.2,0.0,75.7,,"Corvallis*, Linn County",100052,Corvallis*,2020-12-17 09:54:49.634357
2014-07-21,19:00,74.0,51.9,45.9,0.0,34,,SW,4.8,7.8,0.0,75.8,,"Corvallis*, Linn County",100052,Corvallis*,2020-12-17 09:54:49.634357
2014-07-21,19:15,73.1,51.6,46.9,0.0,18,,SW,4.5,7.4,0.0,75.8,,"Corvallis*, Linn County",100052,Corvallis*,2020-12-17 09:54:49.634357
2014-07-21,19:30,71.9,51.2,48.0,0.0,19,,SW,6.7,10.7,0.0,75.8,,"Corvallis*, Linn County",100052,Corvallis*,2020-12-17 09:54:49.634357
2014-07-21,19:45,71.0,50.9,48.9,0.0,16,,SW,6.2,9.9,0.0,75.8,,"Corvallis*, Linn County",100052,Corvallis*,2020-12-17 09:54:49.634357
2014-07-21,20:00,70.2,50.6,49.7,0.0,8,,SW,6.6,9.9,0.0,75.8,,"Corvallis*, Linn County",100052,Corvallis*,2020-12-17 09:54:49.634357
2014-07-21,20:15,69.6,50.5,50.7,0.0,0,,SW,6.5,11.4,0.0,75.8,,"Corvallis*, Linn County",100052,Corvallis*,2020-12-17 09:54:49.634357
2014-07-21,20:30,69.2,50.6,51.4,0.0,0,,SW,5.5,8.9,0.0,75.8,,"Corvallis*, Linn County",100052,Corvallis*,2020-12-17 09:54:49.634357
2014-07-21,20:45,68.7,50.7,52.6,0.0,0,,SW,6.4,11.0,0.12,75.8,,"Corvallis*, Linn County",100052,Corvallis*,2020-12-17 09:54:49.634357
2014-07-21,21:00,68.1,50.9,53.9,0.0,0,,SW,6.8,10.7,0.36,75.7,,"Corvallis*, Linn County",100052,Corvallis*,2020-12-17 09:54:49.634357
2014-07-21,21:15,67.8,50.9,54.7,0.0,0,,SW,5.2,8.5,0.09,75.7,,"Corvallis*, Linn County",100052,Corvallis*,2020-12-17 09:54:49.634357
2014-07-21,21:30,67.4,50.8,55.2,0.0,0,,SW,5.4,9.9,0.19,75.7,,"Corvallis*, Linn County",100052,Corvallis*,2020-12-17 09:54:49.634357
2014-07-21,21:45,67.1,50.2,54.5,0.0,0,,W,5.9,9.6,0.0,75.6,,"Corvallis*, Linn County",100052,Corvallis*,2020-12-17 09:54:49.634357
2014-07-21,22:00,67.0,49.7,53.7,0.0,0,,SW,5.5,8.9,0.0,75.6,,"Corvallis*, Linn County",100052,Corvallis*,2020-12-17 09:54:49.634357
2014-07-21,22:15,66.8,49.0,52.7,0.0,0,,SW,5.4,9.6,0.0,75.5,,"Corvallis*, Linn County",100052,Corvallis*,2020-12-17 09:54:49.634357
2014-07-21,22:30,66.5,48.4,52.0,0.0,0,,SW,5.8,10.3,0.0,75.5,,"Corvallis*, Linn County",100052,Corvallis*,2020-12-17 09:54:49.634357
2014-07-21,22:45,66.3,48.2,52.1,0.0,0,,SW,5.7,8.9,0.04,75.4,,"Corvallis*, Linn County",100052,Corvallis*,2020-12-17 09:54:49.634357
2014-07-21,23:00,65.9,48.4,53.2,0.0,0,,SW,5.0,8.5,0.05,75.4,,"Corvallis*, Linn County",100052,Corvallis*,2020-12-17 09:54:49.634357
2014-07-22,23:15,65.6,48.4,53.8,0.0,0,,SW,4.7,7.4,0.05,75.3,,"Corvallis*, Linn County",100052,Corvallis*,2020-12-17 09:54:49.634357
2014-07-22,23:30,65.5,48.6,54.1,0.0,0,,W,4.0,7.8,0.0,75.3,,"Corvallis*, Linn County",100052,Corvallis*,2020-12-17 09:54:49.634357
2014-07-22,23:45,65.6,48.4,53.8,0.0,0,,SW,4.2,6.7,0.0,75.2,,"Corvallis*, Linn County",100052,Corvallis*,2020-12-17 09:54:49.634357
2014-07-22,24:00,65.5,48.1,53.2,0.0,0,,SW,3.8,6.0,0.0,75.1,,"Corvallis*, Linn County",100052,Corvallis*,2020-12-17 09:54:49.634357
2014-07-22,00:15,65.4,47.9,53.1,0.0,0,,SW,3.8,6.0,0.0,75.1,,"Corvallis*, Linn County",100052,Corvallis*,2020-12-17 09:54:49.634357
2014-07-22,00:30,65.2,48.1,53.9,0.0,0,,SW,3.0,4.6,0.0,75.0,,"Corvallis*, Linn County",100052,Corvallis*,2020-12-17 09:54:49.634357
2014-07-22,00:45,65.0,48.1,54.2,0.0,0,,SW,2.9,4.9,0.0,75.0,,"Corvallis*, Linn County",100052,Corvallis*,2020-12-17 09:54:49.634357
2014-07-22,01:00,64.7,47.4,53.5,0.0,0,,W,3.9,6.7,0.26,74.9,,"Corvallis*, Linn County",100052,Corvallis*,2020-12-17 09:54:49.634357
2014-07-22,01:15,64.2,47.4,54.4,0.0,0,,SW,3.0,4.9,0.0,74.9,,"Corvallis*, Linn County",100052,Corvallis*,2020-12-17 09:54:49.634357
2014-07-22,01:30,64.1,47.3,54.5,0.0,0,,SW,3.9,6.0,0.0,74.8,,"Corvallis*, Linn County",100052,Corvallis*,2020-12-17 09:54:49.634357
2014-07-22,01:45,63.8,47.3,54.8,0.0,0,,SW,3.8,7.4,0.0,74.7,,"Corvallis*, Linn County",100052,Corvallis*,2020-12-17 09:54:49.634357
2014-07-22,02:00,63.5,47.8,56.5,0.0,0,,S,2.0,4.6,0.0,74.7,,"Corvallis*, Linn County",100052,Corvallis*,2020-12-17 09:54:49.634357
2014-07-22,02:15,63.0,48.4,58.8,0.0,0,,S,3.0,4.9,0.37,74.7,,"Corvallis*, Linn County",100052,Corvallis*,2020-12-17 09:54:49.634357
2014-07-22,02:30,62.1,50.2,64.9,0.0,0,,SW,2.4,3.5,0.57,74.6,,"Corvallis*, Linn County",100052,Corvallis*,2020-12-17 09:54:49.634357
2014-07-22,02:45,61.5,51.3,69.1,0.0,0,,SW,0.5,3.1,0.0,74.5,,"Corvallis*, Linn County",100052,Corvallis*,2020-12-17 09:54:49.634357
2014-07-22,03:00,61.5,51.0,68.2,0.0,0,,SW,2.4,4.9,0.41,74.5,,"Corvallis*, Linn County",100052,Corvallis*,2020-12-17 09:54:49.634357
2014-07-22,03:15,61.1,51.7,71.1,0.0,0,,S,1.7,4.6,1.0,74.4,,"Corvallis*, Linn County",100052,Corvallis*,2020-12-17 09:54:49.634357
2014-07-22,03:30,60.2,52.1,74.6,0.0,0,,S,2.9,4.6,1.0,74.4,,"Corvallis*, Linn County",100052,Corvallis*,2020-12-17 09:54:49.634357
2014-07-22,03:45,59.8,53.2,79.0,0.0,0,,S,1.9,4.9,1.0,74.3,,"Corvallis*, Linn County",100052,Corvallis*,2020-12-17 09:54:49.634357
2014-07-22,04:00,59.4,53.7,81.5,0.01,0,,S,0.6,3.9,1.0,74.2,,"Corvallis*, Linn County",100052,Corvallis*,2020-12-17 09:54:49.634357
2014-07-22,04:15,59.0,53.9,83.2,0.0,0,,N ,0.0,0.0,1.0,74.2,,"Corvallis*, Linn County",100052,Corvallis*,2020-12-17 09:54:49.634357
2014-07-22,04:30,59.1,54.6,85.0,0.0,0,,N ,0.0,0.0,1.0,74.1,,"Corvallis*, Linn County",100052,Corvallis*,2020-12-17 09:54:49.634357
2014-07-22,04:45,59.3,54.8,85.2,0.0,0,,N ,0.0,0.0,1.0,74.0,,"Corvallis*, Linn County",100052,Corvallis*,2020-12-17 09:54:49.634357
2014-07-22,05:00,59.5,54.6,83.7,0.0,0,,W,1.3,4.9,0.92,73.9,,"Corvallis*, Linn County",100052,Corvallis*,2020-12-17 09:54:49.634357
2014-07-22,05:15,59.6,53.3,79.4,0.0,1,,W,2.2,6.0,0.0,73.9,,"Corvallis*, Linn County",100052,Corvallis*,2020-12-17 09:54:49.634357
2014-07-22,05:30,59.7,53.7,80.3,0.0,5,,S,0.4,2.4,0.0,73.8,,"Corvallis*, Linn County",100052,Corvallis*,2020-12-17 09:54:49.634357
2014-07-22,05:45,59.9,53.9,80.6,0.0,19,,S,1.7,3.5,0.0,73.7,,"Corvallis*, Linn County",100052,Corvallis*,2020-12-17 09:54:49.634357
2014-07-22,06:00,60.2,53.6,78.6,0.0,35,,S,1.9,3.5,0.0,73.6,,"Corvallis*, Linn County",100052,Corvallis*,2020-12-17 09:54:49.634357
2014-07-22,06:15,60.5,53.6,78.0,0.0,65,,S,2.6,4.2,0.0,73.6,,"Corvallis*, Linn County",100052,Corvallis*,2020-12-17 09:54:49.634357
2014-07-22,06:30,61.1,54.0,77.5,0.0,85,,SW,1.9,3.5,0.0,73.5,,"Corvallis*, Linn County",100052,Corvallis*,2020-12-17 09:54:49.634357
2014-07-22,06:45,61.3,53.4,75.1,0.0,95,,S,2.4,4.2,0.0,73.4,,"Corvallis*, Linn County",100052,Corvallis*,2020-12-17 09:54:49.634357
2014-07-22,07:00,61.9,53.6,74.3,0.0,139,,SW,2.5,4.9,0.0,73.3,,"Corvallis*, Linn County",100052,Corvallis*,2020-12-17 09:54:49.634357
2014-07-22,07:15,63.0,53.6,71.4,0.0,141,,SW,1.0,4.2,0.0,73.3,,"Corvallis*, Linn County",100052,Corvallis*,2020-12-17 09:54:49.634357
2014-07-22,07:30,63.4,53.3,69.4,0.0,154,,W,1.5,3.5,0.0,73.2,,"Corvallis*, Linn County",100052,Corvallis*,2020-12-17 09:54:49.634357
2014-07-22,07:45,64.2,52.7,66.4,0.0,204,,W,0.1,2.4,0.0,73.1,,"Corvallis*, Linn County",100052,Corvallis*,2020-12-17 09:54:49.634357
2014-07-22,08:00,64.5,52.8,65.8,0.0,246,,NW,0.4,2.4,0.0,73.1,,"Corvallis*, Linn County",100052,Corvallis*,2020-12-17 09:54:49.634357
2014-07-22,08:15,65.1,52.8,64.3,0.0,241,,S,1.0,3.1,0.0,73.0,,"Corvallis*, Linn County",100052,Corvallis*,2020-12-17 09:54:49.634357
2014-07-22,08:30,65.8,51.8,60.5,0.0,457,,S,1.7,3.9,0.0,73.0,,"Corvallis*, Linn County",100052,Corvallis*,2020-12-17 09:54:49.634357
2014-07-22,08:45,67.3,51.4,56.7,0.0,346,,S,1.6,5.7,0.0,73.0,,"Corvallis*, Linn County",100052,Corvallis*,2020-12-17 09:54:49.634357
2014-07-22,09:00,67.6,51.7,56.7,0.0,559,,S,2.4,6.0,0.0,73.0,,"Corvallis*, Linn County",100052,Corvallis*,2020-12-17 09:54:49.634357
2014-07-22,09:15,67.9,51.6,56.0,0.0,503,,S,4.0,7.4,0.0,72.9,,"Corvallis*, Linn County",100052,Corvallis*,2020-12-17 09:54:49.634357
2014-07-22,09:30,68.4,51.9,55.5,0.0,553,,S,3.7,7.4,0.0,72.9,,"Corvallis*, Linn County",100052,Corvallis*,2020-12-17 09:54:49.634357
2014-07-22,09:45,70.0,52.5,53.7,0.0,663,,S,3.3,7.8,0.0,72.9,,"Corvallis*, Linn County",100052,Corvallis*,2020-12-17 09:54:49.634357
2014-07-22,10:00,70.4,52.8,53.5,0.0,751,,S,4.8,9.2,0.0,73.0,,"Corvallis*, Linn County",100052,Corvallis*,2020-12-17 09:54:49.634357
2014-07-22,10:15,71.3,53.6,53.6,0.0,753,,S,4.0,8.2,0.0,73.0,,"Corvallis*, Linn County",100052,Corvallis*,2020-12-17 09:54:49.634357
2014-07-22,10:30,72.1,52.8,50.6,0.0,780,,S,3.8,8.5,0.0,73.0,,"Corvallis*, Linn County",100052,Corvallis*,2020-12-17 09:54:49.634357
2014-07-22,10:45,71.4,52.0,50.3,0.0,441,,S,3.6,8.9,0.0,73.0,,"Corvallis*, Linn County",100052,Corvallis*,2020-12-17 09:54:49.634357
2014-07-22,11:00,71.3,52.1,50.7,0.0,366,,S,2.8,8.9,0.0,73.0,,"Corvallis*, Linn County",100052,Corvallis*,2020-12-17 09:54:49.634357
2014-07-22,11:15,71.7,52.9,51.6,0.0,308,,S,3.3,8.5,0.0,73.1,,"Corvallis*, Linn County",100052,Corvallis*,2020-12-17 09:54:49.634357
2014-07-22,11:30,71.7,53.1,51.8,0.0,334,,S,4.2,8.9,0.0,73.1,,"Corvallis*, Linn County",100052,Corvallis*,2020-12-17 09:54:49.634357
2014-07-22,11:45,70.1,53.5,55.6,0.0,165,,S,5.1,8.9,0.56,73.1,,"Corvallis*, Linn County",100052,Corvallis*,2020-12-17 09:54:49.634357
2014-07-22,12:00,67.3,56.2,67.6,0.0,321,,S,4.9,8.9,0.54,73.2,,"Corvallis*, Linn County",100052,Corvallis*,2020-12-17 09:54:49.634357
2014-07-22,12:15,68.7,56.6,65.3,0.0,316,,S,4.5,7.8,0.0,73.2,,"Corvallis*, Linn County",100052,Corvallis*,2020-12-17 09:54:49.634357
2014-07-22,12:30,69.3,55.4,61.3,0.0,358,,S,6.2,9.9,0.0,73.3,,"Corvallis*, Linn County",100052,Corvallis*,2020-12-17 09:54:49.634357
2014-07-22,12:45,70.7,54.8,57.1,0.0,442,,S,5.8,10.3,0.0,73.3,,"Corvallis*, Linn County",100052,Corvallis*,2020-12-17 09:54:49.634357
2014-07-22,13:00,71.4,53.7,53.6,0.0,411,,S,6.2,8.5,0.0,73.4,,"Corvallis*, Linn County",100052,Corvallis*,2020-12-17 09:54:49.634357
2014-07-22,13:15,71.4,54.3,54.6,0.0,291,,S,3.7,7.8,0.0,73.4,,"Corvallis*, Linn County",100052,Corvallis*,2020-12-17 09:54:49.634357
2014-07-22,13:30,71.5,54.7,55.3,0.0,456,,S,5.1,8.2,0.24,73.5,,"Corvallis*, Linn County",100052,Corvallis*,2020-12-17 09:54:49.634357
2014-07-22,13:45,71.3,53.7,53.7,0.0,241,,S,5.0,8.2,0.0,73.6,,"Corvallis*, Linn County",100052,Corvallis*,2020-12-17 09:54:49.634357
2014-07-22,14:00,71.5,54.8,55.5,0.0,297,,S,4.0,7.1,0.08,73.7,,"Corvallis*, Linn County",100052,Corvallis*,2020-12-17 09:54:49.634357
2014-07-22,14:15,71.5,55.4,56.9,0.0,368,,S,3.8,7.1,0.12,73.7,,"Corvallis*, Linn County",100052,Corvallis*,2020-12-17 09:54:49.634357
2014-07-22,14:30,72.1,54.7,54.2,0.0,306,,SE,2.5,5.7,0.0,73.8,,"Corvallis*, Linn County",100052,Corvallis*,2020-12-17 09:54:49.634357
2014-07-22,14:45,72.7,54.8,53.4,0.0,199,,S,1.9,4.9,0.19,73.8,,"Corvallis*, Linn County",100052,Corvallis*,2020-12-17 09:54:49.634357
2014-07-22,15:00,70.9,58.2,64.2,0.0,264,,S,0.9,4.9,0.89,73.9,,"Corvallis*, Linn County",100052,Corvallis*,2020-12-17 09:54:49.634357
2014-07-22,15:15,71.7,57.6,61.2,0.0,378,,N ,0.0,0.0,0.0,73.9,,"Corvallis*, Linn County",100052,Corvallis*,2020-12-17 09:54:49.634357
2014-07-22,15:30,73.1,56.9,56.8,0.0,318,,S,0.6,3.5,0.0,74.0,,"Corvallis*, Linn County",100052,Corvallis*,2020-12-17 09:54:49.634357
2014-07-22,15:45,74.5,56.2,52.7,0.0,374,,W,1.5,4.2,0.0,74.0,,"Corvallis*, Linn County",100052,Corvallis*,2020-12-17 09:54:49.634357
2014-07-22,16:00,75.4,54.4,48.1,0.0,322,,SW,1.3,3.9,0.0,74.0,,"Corvallis*, Linn County",100052,Corvallis*,2020-12-17 09:54:49.634357
2014-07-22,16:15,75.3,54.5,48.5,0.0,313,,SW,1.2,3.5,0.0,74.0,,"Corvallis*, Linn County",100052,Corvallis*,2020-12-17 09:54:49.634357
2014-07-22,16:30,75.5,52.6,44.8,0.0,390,,S,1.4,4.6,0.0,74.1,,"Corvallis*, Linn County",100052,Corvallis*,2020-12-17 09:54:49.634357
2014-07-22,16:45,77.2,52.8,42.6,0.0,568,,SE,1.9,4.9,0.0,74.1,,"Corvallis*, Linn County",100052,Corvallis*,2020-12-17 09:54:49.634357
2014-07-22,17:00,77.2,52.7,42.5,0.0,362,,SE,1.8,4.6,0.0,74.1,,"Corvallis*, Linn County",100052,Corvallis*,2020-12-17 09:54:49.634357
2014-07-22,17:15,76.8,52.8,43.3,0.0,353,,S,2.8,5.3,0.0,74.1,,"Corvallis*, Linn County",100052,Corvallis*,2020-12-17 09:54:49.634357
2014-07-22,17:30,76.8,52.6,42.8,0.0,218,,SE,1.5,5.3,0.0,74.2,,"Corvallis*, Linn County",100052,Corvallis*,2020-12-17 09:54:49.634357
2014-07-22,17:45,76.3,52.4,43.3,0.0,172,,E,1.8,4.9,0.0,74.2,,"Corvallis*, Linn County",100052,Corvallis*,2020-12-17 09:54:49.634357
2014-07-22,18:00,76.0,53.2,45.0,0.0,130,,S,1.2,3.1,0.0,74.2,,"Corvallis*, Linn County",100052,Corvallis*,2020-12-17 09:54:49.634357
2014-07-22,18:15,75.6,53.7,46.5,0.0,111,,S,1.4,3.5,0.0,74.2,,"Corvallis*, Linn County",100052,Corvallis*,2020-12-17 09:54:49.634357
2014-07-22,18:30,75.3,55.1,49.4,0.0,96,,SW,2.8,8.9,0.0,74.2,,"Corvallis*, Linn County",100052,Corvallis*,2020-12-17 09:54:49.634357
2014-07-22,18:45,74.7,53.1,46.9,0.0,57,,W,5.8,9.9,0.0,74.2,,"Corvallis*, Linn County",100052,Corvallis*,2020-12-17 09:54:49.634357
2014-07-22,19:00,73.7,52.4,47.3,0.0,45,,W,4.7,10.7,0.0,74.2,,"Corvallis*, Linn County",100052,Corvallis*,2020-12-17 09:54:49.634357
2014-07-22,19:15,72.8,51.5,47.0,0.0,40,,W,5.5,9.6,0.0,74.2,,"Corvallis*, Linn County",100052,Corvallis*,2020-12-17 09:54:49.634357
2014-07-22,19:30,72.1,50.5,46.4,0.0,37,,W,4.9,7.8,0.0,74.2,,"Corvallis*, Linn County",100052,Corvallis*,2020-12-17 09:54:49.634357
2014-07-22,19:45,71.5,50.2,46.9,0.0,16,,W,4.0,7.8,0.0,74.1,,"Corvallis*, Linn County",100052,Corvallis*,2020-12-17 09:54:49.634357
2014-07-22,20:00,70.6,49.7,47.4,0.0,4,,W,3.8,6.4,0.0,74.1,,"Corvallis*, Linn County",100052,Corvallis*,2020-12-17 09:54:49.634357
2014-07-22,20:15,70.0,47.5,44.6,0.0,0,,W,5.6,8.5,0.0,74.1,,"Corvallis*, Linn County",100052,Corvallis*,2020-12-17 09:54:49.634357
2014-07-22,20:30,69.6,45.2,41.5,0.0,0,,W,5.3,9.2,0.0,74.0,,"Corvallis*, Linn County",100052,Corvallis*,2020-12-17 09:54:49.634357
2014-07-22,20:45,68.8,45.0,42.2,0.0,0,,W,5.4,9.2,0.0,74.0,,"Corvallis*, Linn County",100052,Corvallis*,2020-12-17 09:54:49.634357
2014-07-22,21:00,68.0,46.3,45.7,0.0,0,,W,6.5,11.4,0.0,74.0,,"Corvallis*, Linn County",100052,Corvallis*,2020-12-17 09:54:49.634357
2014-07-22,21:15,67.2,47.3,48.6,0.0,0,,W,4.6,7.8,0.0,73.9,,"Corvallis*, Linn County",100052,Corvallis*,2020-12-17 09:54:49.634357
2014-07-22,21:30,66.5,47.6,50.4,0.0,0,,W,4.7,8.2,0.0,73.9,,"Corvallis*, Linn County",100052,Corvallis*,2020-12-17 09:54:49.634357
2014-07-22,21:45,65.9,47.6,51.5,0.0,0,,W,5.4,9.2,0.0,73.8,,"Corvallis*, Linn County",100052,Corvallis*,2020-12-17 09:54:49.634357
2014-07-22,22:00,65.2,47.3,52.3,0.0,0,,W,6.1,9.6,0.0,73.8,,"Corvallis*, Linn County",100052,Corvallis*,2020-12-17 09:54:49.634357
2014-07-22,22:15,64.7,46.9,52.3,0.0,0,,SW,6.2,10.7,0.0,73.7,,"Corvallis*, Linn County",100052,Corvallis*,2020-12-17 09:54:49.634357
2014-07-22,22:30,64.5,46.8,52.6,0.0,0,,SW,5.9,8.9,0.0,73.7,,"Corvallis*, Linn County",100052,Corvallis*,2020-12-17 09:54:49.634357
2014-07-22,22:45,64.4,46.5,52.2,0.0,0,,SW,6.6,10.7,0.0,73.6,,"Corvallis*, Linn County",100052,Corvallis*,2020-12-17 09:54:49.634357
2014-07-22,23:00,64.1,46.3,52.4,0.0,0,,SW,8.0,14.2,0.0,73.5,,"Corvallis*, Linn County",100052,Corvallis*,2020-12-17 09:54:49.634357
2014-07-23,23:15,64.0,46.1,52.0,0.0,0,,SW,7.6,12.1,0.0,73.5,,"Corvallis*, Linn County",100052,Corvallis*,2020-12-17 09:54:49.634357
2014-07-23,23:30,64.1,45.9,51.6,0.0,0,,SW,6.4,9.9,0.0,73.4,,"Corvallis*, Linn County",100052,Corvallis*,2020-12-17 09:54:49.634357
2014-07-23,23:45,63.7,46.1,52.6,0.0,0,,SW,7.0,10.7,0.0,73.3,,"Corvallis*, Linn County",100052,Corvallis*,2020-12-17 09:54:49.634357
2014-07-23,24:00,63.5,46.2,53.3,0.0,0,,SW,6.4,11.0,0.0,73.2,,"Corvallis*, Linn County",100052,Corvallis*,2020-12-17 09:54:49.634357
