Date,Time PST,Air Temp °F, 2<sup>nd</sup> Air Temp °F, Dew Point °F, Rel Hum %, Leaf Wet u., Wind Dir @ Speed mph, Wind Gust mph, 2 in. Soil Tmp °F, 8 in. Soil Tmp °F, Soil VWC %, Tot Prec in, Solar Rad W/m², Atm. Press. inHg,Location,Station ID,Station Name,Download Timestamp
2013-07-02,00:15,83.6,82.7,60.3,45.3,0.0,N@7.5,11.0,,75.5,0.0,0.0,0,,"George West, George, Grant County",330033,George West,2017-12-12 20:00:45.590055
2013-07-02,00:30,83.0,82.1,60.2,46.2,0.0,N@7.9,10.7,,75.5,0.0,0.0,0,,"George West, George, Grant County",330033,George West,2017-12-12 20:00:45.590055
2013-07-02,00:45,82.4,81.6,60.1,46.8,0.0,NW@7.5,10.7,,75.5,0.0,0.0,0,,"George West, George, Grant County",330033,George West,2017-12-12 20:00:45.590055
2013-07-02,01:00,81.8,80.9,59.9,47.5,0.0,N@7.9,9.9,,75.5,0.0,0.0,0,,"George West, George, Grant County",330033,George West,2017-12-12 20:00:45.590055
2013-07-02,01:15,81.5,80.7,59.8,47.7,0.0,N@7.8,10.3,,75.5,0.0,0.0,0,,"George West, George, Grant County",330033,George West,2017-12-12 20:00:45.590055
2013-07-02,01:30,81.4,80.6,59.4,47.3,0.0,NW@8.0,11.4,,75.5,0.0,0.0,0,,"George West, George, Grant County",330033,George West,2017-12-12 20:00:45.590055
2013-07-02,01:45,80.9,80.0,59.1,47.5,0.0,N@7.3,9.2,,75.5,0.0,0.0,0,,"George West, George, Grant County",330033,George West,2017-12-12 20:00:45.590055
2013-07-02,02:00,80.3,79.5,58.8,47.9,0.0,N@6.5,10.3,,75.5,0.0,0.0,0,,"George West, George, Grant County",330033,George West,2017-12-12 20:00:45.590055
2013-07-02,02:15,80.3,79.5,58.6,47.6,0.0,N@7.2,9.2,,75.4,0.0,0.0,0,,"George West, George, Grant County",330033,George West,2017-12-12 20:00:45.590055
2013-07-02,02:30,80.3,79.5,58.5,47.3,0.0,N@7.1,9.9,,75.4,0.0,0.0,0,,"George West, George, Grant County",330033,George West,2017-12-12 20:00:45.590055
2013-07-02,02:45,80.1,79.3,58.4,47.5,0.0,NW@7.4,9.6,,75.4,0.0,0.0,0,,"George West, George, Grant County",330033,George West,2017-12-12 20:00:45.590055
2013-07-02,03:00,79.7,78.9,58.5,48.2,0.0,NW@7.8,10.7,,75.4,0.0,0.0,0,,"George West, George, Grant County",330033,George West,2017-12-12 20:00:45.590055
2013-07-02,03:15,79.2,78.4,58.4,49.0,0.0,NW@7.4,10.3,,75.4,0.0,0.0,0,,"George West, George, Grant County",330033,George West,2017-12-12 20:00:45.590055
2013-07-02,03:30,79.3,78.4,58.3,48.7,0.0,NW@7.2,9.9,,75.3,0.0,0.0,0,,"George West, George, Grant County",330033,George West,2017-12-12 20:00:45.590055
2013-07-02,03:45,79.1,78.3,58.3,49.0,0.0,NW@6.3,9.2,,75.3,0.0,0.0,0,,"George West, George, Grant County",330033,George West,2017-12-12 20:00:45.590055
2013-07-02,04:00,78.9,78.1,58.3,49.4,0.0,N@7.9,11.0,,75.3,0.0,0.0,1,,"George West, George, Grant County",330033,George West,2017-12-12 20:00:45.590055
2013-07-02,04:15,78.3,77.4,58.4,50.4,0.0,NW@7.3,11.0,,75.2,0.0,0.0,3,,"George West, George, Grant County",330033,George West,2017-12-12 20:00:45.590055
2013-07-02,04:30,78.0,77.2,58.2,50.7,0.0,NW@5.5,7.4,,75.2,0.0,0.0,13,,"George West, George, Grant County",330033,George West,2017-12-12 20:00:45.590055
2013-07-02,04:45,77.3,76.4,58.3,52.0,0.0,NW@4.6,6.4,,75.2,0.0,0.0,27,,"George West, George, Grant County",330033,George West,2017-12-12 20:00:45.590055
2013-07-02,05:00,77.2,76.5,58.2,51.8,0.0,NW@4.6,6.7,,75.1,0.0,0.0,47,,"George West, George, Grant County",330033,George West,2017-12-12 20:00:45.590055
2013-07-02,05:15,78.2,77.4,58.3,50.4,0.0,NW@4.4,7.1,,75.1,0.0,0.0,70,,"George West, George, Grant County",330033,George West,2017-12-12 20:00:45.590055
2013-07-02,05:30,79.4,78.7,58.5,48.9,0.0,NW@4.7,6.0,,75.1,0.0,0.0,94,,"George West, George, Grant County",330033,George West,2017-12-12 20:00:45.590055
2013-07-02,05:45,79.4,78.7,58.8,49.3,0.0,NW@3.9,5.3,,75.0,0.0,0.0,119,,"George West, George, Grant County",330033,George West,2017-12-12 20:00:45.590055
2013-07-02,06:00,80.4,79.7,58.3,46.9,0.0,NW@4.0,5.3,,75.0,0.0,0.0,148,,"George West, George, Grant County",330033,George West,2017-12-12 20:00:45.590055
2013-07-02,06:15,81.4,80.6,58.5,45.7,0.0,NW@4.3,5.7,,74.9,0.0,0.0,179,,"George West, George, Grant County",330033,George West,2017-12-12 20:00:45.590055
2013-07-02,06:30,81.9,81.2,58.7,45.3,0.0,N@3.8,4.9,,74.9,0.0,0.0,214,,"George West, George, Grant County",330033,George West,2017-12-12 20:00:45.590055
2013-07-02,06:45,83.3,82.5,59.0,43.8,0.0,N@4.5,6.0,,74.9,0.0,0.0,249,,"George West, George, Grant County",330033,George West,2017-12-12 20:00:45.590055
2013-07-02,07:00,83.6,82.7,59.1,43.5,0.0,NW@3.9,5.7,,74.8,0.0,0.0,284,,"George West, George, Grant County",330033,George West,2017-12-12 20:00:45.590055
2013-07-02,07:15,84.2,83.4,59.1,42.6,0.0,N@4.5,6.7,,74.8,0.0,0.0,318,,"George West, George, Grant County",330033,George West,2017-12-12 20:00:45.590055
2013-07-02,07:30,85.3,84.4,59.5,41.8,0.0,N@4.2,6.4,,74.7,0.0,0.0,349,,"George West, George, Grant County",330033,George West,2017-12-12 20:00:45.590055
2013-07-02,07:45,86.3,85.3,59.4,40.4,0.0,N@4.2,6.4,,74.7,0.0,0.0,371,,"George West, George, Grant County",330033,George West,2017-12-12 20:00:45.590055
2013-07-02,08:00,87.1,86.0,59.7,39.7,0.0,N@4.1,6.4,,74.6,0.0,0.0,416,,"George West, George, Grant County",330033,George West,2017-12-12 20:00:45.590055
2013-07-02,08:15,87.5,86.6,60.0,39.6,0.0,N@3.7,5.7,,74.5,0.0,0.0,447,,"George West, George, Grant County",330033,George West,2017-12-12 20:00:45.590055
2013-07-02,08:30,88.8,87.5,60.1,38.3,0.0,N@3.4,6.0,,74.5,0.0,0.0,478,,"George West, George, Grant County",330033,George West,2017-12-12 20:00:45.590055
2013-07-02,08:45,90.0,88.7,60.5,37.3,0.0,N@2.8,4.6,,74.6,0.0,0.0,492,,"George West, George, Grant County",330033,George West,2017-12-12 20:00:45.590055
2013-07-02,09:00,91.3,90.0,60.9,36.3,0.0,E@2.3,4.9,,74.4,0.0,0.0,514,,"George West, George, Grant County",330033,George West,2017-12-12 20:00:45.590055
2013-07-02,09:15,91.4,90.1,61.5,37.1,0.0,SE@3.0,6.0,,74.4,0.0,0.0,552,,"George West, George, Grant County",330033,George West,2017-12-12 20:00:45.590055
2013-07-02,09:30,91.7,90.4,62.7,38.2,0.0,SE@3.4,6.4,,74.4,0.0,0.0,572,,"George West, George, Grant County",330033,George West,2017-12-12 20:00:45.590055
2013-07-02,09:45,92.6,91.3,63.7,38.5,0.0,SE@4.0,7.1,,74.4,0.0,0.0,601,,"George West, George, Grant County",330033,George West,2017-12-12 20:00:45.590055
2013-07-02,10:00,92.8,91.5,64.5,39.3,0.0,SE@6.3,8.9,,74.5,0.0,0.0,624,,"George West, George, Grant County",330033,George West,2017-12-12 20:00:45.590055
2013-07-02,10:15,93.3,92.2,64.8,39.1,0.0,SE@6.6,9.9,,74.5,0.0,0.0,645,,"George West, George, Grant County",330033,George West,2017-12-12 20:00:45.590055
2013-07-02,10:30,93.7,92.4,64.7,38.5,0.0,SE@7.0,9.6,,74.5,0.0,0.0,662,,"George West, George, Grant County",330033,George West,2017-12-12 20:00:45.590055
2013-07-02,10:45,95.0,93.9,63.9,36.0,0.0,SE@6.8,9.6,,74.5,0.0,0.0,679,,"George West, George, Grant County",330033,George West,2017-12-12 20:00:45.590055
2013-07-02,11:00,95.8,94.5,63.5,34.7,0.0,SE@7.2,12.1,,74.6,0.0,0.0,693,,"George West, George, Grant County",330033,George West,2017-12-12 20:00:45.590055
2013-07-02,11:15,96.0,94.7,63.1,33.9,0.0,E@6.7,10.3,,74.7,0.0,0.0,704,,"George West, George, Grant County",330033,George West,2017-12-12 20:00:45.590055
2013-07-02,11:30,96.5,95.2,62.6,32.8,0.0,E@6.6,9.9,,74.8,0.0,0.0,713,,"George West, George, Grant County",330033,George West,2017-12-12 20:00:45.590055
2013-07-02,11:45,96.9,95.7,61.6,31.3,0.0,SE@6.2,9.2,,74.8,0.0,0.0,722,,"George West, George, Grant County",330033,George West,2017-12-12 20:00:45.590055
2013-07-02,12:00,97.2,95.8,63.0,32.6,0.0,E@6.4,9.9,,75.0,0.0,0.0,726,,"George West, George, Grant County",330033,George West,2017-12-12 20:00:45.590055
2013-07-02,12:15,97.9,96.6,64.0,33.0,0.0,E@6.6,10.3,,75.1,0.0,0.0,723,,"George West, George, Grant County",330033,George West,2017-12-12 20:00:45.590055
2013-07-02,12:30,98.6,97.3,64.3,32.7,0.0,E@7.0,10.3,,75.2,0.0,0.0,705,,"George West, George, Grant County",330033,George West,2017-12-12 20:00:45.590055
2013-07-02,12:45,99.7,98.4,63.4,30.6,0.0,E@5.8,9.6,,75.3,0.0,0.0,716,,"George West, George, Grant County",330033,George West,2017-12-12 20:00:45.590055
2013-07-02,13:00,100.7,99.3,60.8,27.2,0.0,E@5.4,9.9,,75.5,0.0,0.0,713,,"George West, George, Grant County",330033,George West,2017-12-12 20:00:45.590055
2013-07-02,13:15,101.6,100.2,60.1,25.9,0.0,E@5.9,9.9,,75.6,0.0,0.0,698,,"George West, George, Grant County",330033,George West,2017-12-12 20:00:45.590055
2013-07-02,13:30,101.9,100.3,58.5,24.2,0.0,E@7.5,12.8,,75.9,0.0,0.0,689,,"George West, George, Grant County",330033,George West,2017-12-12 20:00:45.590055
2013-07-02,13:45,99.9,98.3,63.1,30.2,0.0,SW@4.9,10.7,,75.9,0.0,0.0,677,,"George West, George, Grant County",330033,George West,2017-12-12 20:00:45.590055
2013-07-02,14:00,101.0,99.7,59.6,25.8,0.0,SW@6.4,11.7,,75.9,0.0,0.0,668,,"George West, George, Grant County",330033,George West,2017-12-12 20:00:45.590055
2013-07-02,14:15,101.2,99.7,59.1,25.2,0.0,SW@7.1,12.8,,76.1,0.0,0.0,651,,"George West, George, Grant County",330033,George West,2017-12-12 20:00:45.590055
2013-07-02,14:30,102.4,101.0,58.1,23.5,0.0,SW@7.8,13.9,,76.3,0.0,0.0,632,,"George West, George, Grant County",330033,George West,2017-12-12 20:00:45.590055
2013-07-02,14:45,100.8,99.2,59.8,26.1,0.0,SW@8.4,13.2,,76.4,0.0,0.0,615,,"George West, George, Grant County",330033,George West,2017-12-12 20:00:45.590055
2013-07-02,15:00,101.7,100.6,58.8,24.5,0.0,SW@8.2,18.9,,76.5,0.0,0.0,594,,"George West, George, Grant County",330033,George West,2017-12-12 20:00:45.590055
2013-07-02,15:15,102.6,101.0,57.5,22.8,0.0,SW@8.3,18.2,,76.6,0.0,0.0,564,,"George West, George, Grant County",330033,George West,2017-12-12 20:00:45.590055
2013-07-02,15:30,101.8,100.3,57.6,23.4,0.0,SW@8.4,14.2,,76.7,0.0,0.0,537,,"George West, George, Grant County",330033,George West,2017-12-12 20:00:45.590055
2013-07-02,15:45,103.3,102.2,57.3,22.1,0.0,W@6.1,12.8,,76.8,0.0,0.0,507,,"George West, George, Grant County",330033,George West,2017-12-12 20:00:45.590055
2013-07-02,16:00,104.7,103.4,55.0,19.6,0.0,W@8.6,16.4,,77.0,0.0,0.0,476,,"George West, George, Grant County",330033,George West,2017-12-12 20:00:45.590055
2013-07-02,16:15,104.4,102.9,54.4,19.3,0.0,W@9.5,17.1,,76.9,0.0,0.0,447,,"George West, George, Grant County",330033,George West,2017-12-12 20:00:45.590055
2013-07-02,16:30,104.2,102.9,55.1,19.9,0.0,W@7.8,17.1,,77.0,0.0,0.0,414,,"George West, George, Grant County",330033,George West,2017-12-12 20:00:45.590055
2013-07-02,16:45,103.3,101.8,56.1,21.2,0.0,W@7.2,12.1,,77.1,0.0,0.0,379,,"George West, George, Grant County",330033,George West,2017-12-12 20:00:45.590055
2013-07-02,17:00,101.3,99.7,59.7,25.6,0.0,SW@5.5,8.5,,77.2,0.0,0.0,350,,"George West, George, Grant County",330033,George West,2017-12-12 20:00:45.590055
2013-07-02,17:15,101.8,100.8,57.3,23.2,0.0,W@6.6,11.7,,77.4,0.0,0.0,317,,"George West, George, Grant County",330033,George West,2017-12-12 20:00:45.590055
2013-07-02,17:30,102.0,100.5,57.7,23.4,0.0,W@8.5,13.2,,77.4,0.0,0.0,286,,"George West, George, Grant County",330033,George West,2017-12-12 20:00:45.590055
2013-07-02,17:45,99.7,98.4,59.0,26.3,0.0,W@8.1,13.2,,77.4,0.0,0.0,256,,"George West, George, Grant County",330033,George West,2017-12-12 20:00:45.590055
2013-07-02,18:00,100.2,98.8,57.0,24.1,0.0,W@9.9,14.2,,77.5,0.0,0.0,222,,"George West, George, Grant County",330033,George West,2017-12-12 20:00:45.590055
2013-07-02,18:15,99.1,97.9,56.0,24.0,0.0,W@10.0,16.0,,77.6,0.0,0.0,190,,"George West, George, Grant County",330033,George West,2017-12-12 20:00:45.590055
2013-07-02,18:30,99.2,97.9,52.8,21.3,0.0,W@10.2,17.1,,77.6,0.0,0.0,159,,"George West, George, Grant County",330033,George West,2017-12-12 20:00:45.590055
2013-07-02,18:45,98.2,96.8,52.3,21.5,0.0,W@10.6,16.4,,77.7,0.0,0.0,132,,"George West, George, Grant County",330033,George West,2017-12-12 20:00:45.590055
2013-07-02,19:00,97.2,95.9,51.3,21.4,0.0,W@11.7,18.2,,77.8,0.0,0.0,107,,"George West, George, Grant County",330033,George West,2017-12-12 20:00:45.590055
2013-07-02,19:15,96.1,94.9,50.9,21.8,0.0,W@12.5,17.8,,77.8,0.0,0.0,82,,"George West, George, Grant County",330033,George West,2017-12-12 20:00:45.590055
2013-07-02,19:30,94.6,93.4,52.9,24.6,0.0,W@8.5,15.3,,77.8,0.0,0.0,57,,"George West, George, Grant County",330033,George West,2017-12-12 20:00:45.590055
2013-07-02,19:45,93.6,92.5,52.7,25.2,0.0,W@6.2,9.6,,77.9,0.0,0.0,25,,"George West, George, Grant County",330033,George West,2017-12-12 20:00:45.590055
2013-07-02,20:00,90.9,89.7,53.4,28.1,0.0,N@8.4,14.2,,78.0,0.0,0.0,9,,"George West, George, Grant County",330033,George West,2017-12-12 20:00:45.590055
2013-07-02,20:15,88.9,88.0,53.1,29.5,0.0,NW@8.7,13.2,,78.0,0.0,0.0,4,,"George West, George, Grant County",330033,George West,2017-12-12 20:00:45.590055
2013-07-02,20:30,87.7,86.8,52.8,30.4,0.0,W@7.1,10.3,,78.0,0.0,0.0,0,,"George West, George, Grant County",330033,George West,2017-12-12 20:00:45.590055
2013-07-02,20:45,86.8,85.9,52.5,30.8,0.0,NW@6.3,11.0,,78.1,0.0,0.0,0,,"George West, George, Grant County",330033,George West,2017-12-12 20:00:45.590055
2013-07-02,21:00,85.8,84.8,52.1,31.5,0.0,N@4.7,8.9,,78.1,0.0,0.0,0,,"George West, George, Grant County",330033,George West,2017-12-12 20:00:45.590055
2013-07-02,21:15,83.9,82.9,52.3,33.7,0.0,NW@2.1,6.7,,78.2,0.0,0.0,0,,"George West, George, Grant County",330033,George West,2017-12-12 20:00:45.590055
2013-07-02,21:30,83.4,82.5,50.8,32.4,0.0,N@4.2,9.2,,78.2,0.0,0.0,0,,"George West, George, Grant County",330033,George West,2017-12-12 20:00:45.590055
2013-07-02,21:45,83.3,82.4,50.2,31.8,0.0,N@5.2,8.2,,78.2,0.0,0.0,0,,"George West, George, Grant County",330033,George West,2017-12-12 20:00:45.590055
2013-07-02,22:00,82.4,81.6,49.8,32.1,0.0,N@6.6,9.9,,78.2,0.0,0.0,0,,"George West, George, Grant County",330033,George West,2017-12-12 20:00:45.590055
2013-07-02,22:15,81.7,80.9,49.4,32.5,0.0,N@6.3,8.2,,78.2,0.0,0.0,0,,"George West, George, Grant County",330033,George West,2017-12-12 20:00:45.590055
2013-07-02,22:30,81.1,80.2,49.0,32.7,0.0,N@5.3,8.2,,78.2,0.0,0.0,0,,"George West, George, Grant County",330033,George West,2017-12-12 20:00:45.590055
2013-07-02,22:45,80.5,79.6,48.8,33.0,0.0,N@5.7,9.6,,78.2,0.0,0.0,0,,"George West, George, Grant County",330033,George West,2017-12-12 20:00:45.590055
2013-07-02,23:00,80.1,79.3,48.8,33.4,0.0,N@6.5,12.1,,78.2,0.0,0.0,0,,"George West, George, Grant County",330033,George West,2017-12-12 20:00:45.590055
2013-07-03,23:15,79.6,78.8,48.9,34.0,0.0,N@6.0,10.3,,78.1,0.0,0.0,0,,"George West, George, Grant County",330033,George West,2017-12-12 20:00:45.590055
2013-07-03,23:30,79.3,78.5,49.0,34.7,0.0,N@6.5,9.9,,78.1,0.0,0.0,0,,"George West, George, Grant County",330033,George West,2017-12-12 20:00:45.590055
2013-07-03,23:45,78.7,77.9,49.2,35.6,0.0,NW@5.5,8.9,,78.1,0.0,0.0,0,,"George West, George, Grant County",330033,George West,2017-12-12 20:00:45.590055
2013-07-03,24:00,78.5,77.6,49.3,35.9,0.0,NW@5.7,8.9,,78.1,0.0,0.0,0,,"George West, George, Grant County",330033,George West,2017-12-12 20:00:45.590055
2013-07-03,00:15,77.8,77.0,49.5,36.9,0.0,N@6.0,8.9,,78.1,0.0,0.0,0,,"George West, George, Grant County",330033,George West,2017-12-12 20:00:45.590055
2013-07-03,00:30,77.1,76.1,49.7,38.1,0.0,NW@4.5,8.2,,78.0,0.0,0.0,0,,"George West, George, Grant County",330033,George West,2017-12-12 20:00:45.590055
2013-07-03,00:45,76.3,75.1,49.9,39.5,0.0,NW@4.2,7.1,,78.0,0.0,0.0,0,,"George West, George, Grant County",330033,George West,2017-12-12 20:00:45.590055
2013-07-03,01:00,75.6,74.5,50.0,40.6,0.0,N@6.0,8.2,,78.0,0.0,0.0,0,,"George West, George, Grant County",330033,George West,2017-12-12 20:00:45.590055
2013-07-03,01:15,74.9,73.6,50.1,41.8,0.0,N@3.7,6.4,,77.9,0.0,0.0,0,,"George West, George, Grant County",330033,George West,2017-12-12 20:00:45.590055
2013-07-03,01:30,73.2,72.0,50.0,44.0,0.0,N@3.5,6.0,,77.9,0.0,0.0,0,,"George West, George, Grant County",330033,George West,2017-12-12 20:00:45.590055
2013-07-03,01:45,73.8,72.9,49.9,42.9,0.0,N@4.8,7.8,,77.8,0.0,0.0,0,,"George West, George, Grant County",330033,George West,2017-12-12 20:00:45.590055
2013-07-03,02:00,73.8,72.8,50.0,43.1,0.0,NW@3.8,6.4,,77.8,0.0,0.0,0,,"George West, George, Grant County",330033,George West,2017-12-12 20:00:45.590055
2013-07-03,02:15,72.8,71.8,49.5,43.8,0.0,NW@3.5,5.3,,77.7,0.0,0.0,0,,"George West, George, Grant County",330033,George West,2017-12-12 20:00:45.590055
2013-07-03,02:30,74.2,73.4,49.5,41.8,0.0,NW@4.5,8.5,,77.7,0.0,0.0,0,,"George West, George, Grant County",330033,George West,2017-12-12 20:00:45.590055
2013-07-03,02:45,74.1,73.0,49.8,42.4,0.0,NW@4.7,7.4,,77.6,0.0,0.0,0,,"George West, George, Grant County",330033,George West,2017-12-12 20:00:45.590055
2013-07-03,03:00,71.1,69.9,49.4,46.1,0.0,W@2.9,7.1,,77.6,0.0,0.0,0,,"George West, George, Grant County",330033,George West,2017-12-12 20:00:45.590055
2013-07-03,03:15,70.1,69.0,49.4,47.7,0.0,W@1.8,4.9,,77.5,0.0,0.0,0,,"George West, George, Grant County",330033,George West,2017-12-12 20:00:45.590055
2013-07-03,03:30,67.1,66.2,51.3,56.8,0.0,SE@3.6,5.7,,77.5,0.0,0.0,0,,"George West, George, Grant County",330033,George West,2017-12-12 20:00:45.590055
2013-07-03,03:45,67.5,66.7,50.4,54.2,0.0,E@4.1,5.7,,77.4,0.0,0.0,0,,"George West, George, Grant County",330033,George West,2017-12-12 20:00:45.590055
2013-07-03,04:00,66.6,65.5,50.5,56.1,0.0,SE@2.5,4.9,,77.4,0.0,0.0,1,,"George West, George, Grant County",330033,George West,2017-12-12 20:00:45.590055
2013-07-03,04:15,64.5,63.6,52.5,64.8,0.0,SE@3.0,4.2,,77.3,0.0,0.0,5,,"George West, George, Grant County",330033,George West,2017-12-12 20:00:45.590055
2013-07-03,04:30,64.3,63.4,52.9,66.4,0.0,SE@3.8,4.9,,77.2,0.0,0.0,18,,"George West, George, Grant County",330033,George West,2017-12-12 20:00:45.590055
2013-07-03,04:45,64.8,63.9,52.7,64.7,0.0,SE@3.3,4.6,,77.2,0.0,0.0,35,,"George West, George, Grant County",330033,George West,2017-12-12 20:00:45.590055
2013-07-03,05:00,65.9,65.3,52.3,61.4,0.0,SE@3.2,4.6,,77.1,0.0,0.0,56,,"George West, George, Grant County",330033,George West,2017-12-12 20:00:45.590055
2013-07-03,05:15,67.4,66.7,52.9,59.8,0.0,SE@2.5,3.5,,77.1,0.0,0.0,81,,"George West, George, Grant County",330033,George West,2017-12-12 20:00:45.590055
2013-07-03,05:30,68.1,67.5,53.3,59.2,0.0,SE@3.3,5.7,,77.0,0.0,0.0,110,,"George West, George, Grant County",330033,George West,2017-12-12 20:00:45.590055
2013-07-03,05:45,67.9,67.3,54.5,62.2,0.0,SE@3.1,6.0,,76.9,0.0,0.0,139,,"George West, George, Grant County",330033,George West,2017-12-12 20:00:45.590055
2013-07-03,06:00,70.1,69.4,54.6,57.8,0.0,SE@3.3,5.3,,76.8,0.0,0.0,168,,"George West, George, Grant County",330033,George West,2017-12-12 20:00:45.590055
2013-07-03,06:15,72.7,72.0,54.6,52.9,0.0,E@3.7,6.0,,76.8,0.0,0.0,194,,"George West, George, Grant County",330033,George West,2017-12-12 20:00:45.590055
2013-07-03,06:30,74.6,73.7,54.3,49.1,0.0,E@3.8,6.0,,76.7,0.0,0.0,225,,"George West, George, Grant County",330033,George West,2017-12-12 20:00:45.590055
2013-07-03,06:45,76.1,75.1,52.8,44.2,0.0,E@3.5,5.7,,76.6,0.0,0.0,258,,"George West, George, Grant County",330033,George West,2017-12-12 20:00:45.590055
2013-07-03,07:00,77.5,76.3,52.4,41.7,0.0,E@3.3,5.7,,76.5,0.0,0.0,291,,"George West, George, Grant County",330033,George West,2017-12-12 20:00:45.590055
2013-07-03,07:15,78.5,77.1,51.8,39.4,0.0,E@0.7,4.9,,76.4,0.0,0.0,324,,"George West, George, Grant County",330033,George West,2017-12-12 20:00:45.590055
2013-07-03,07:30,79.5,78.2,51.5,37.7,0.0,NE@1.4,6.0,,76.3,0.0,0.0,358,,"George West, George, Grant County",330033,George West,2017-12-12 20:00:45.590055
2013-07-03,07:45,80.1,78.4,51.2,36.6,0.0,N@2.9,6.0,,76.3,0.0,0.0,393,,"George West, George, Grant County",330033,George West,2017-12-12 20:00:45.590055
2013-07-03,08:00,79.7,78.4,52.3,38.6,0.0,W@3.2,6.0,,76.2,0.0,0.0,424,,"George West, George, Grant County",330033,George West,2017-12-12 20:00:45.590055
2013-07-03,08:15,79.4,78.1,52.6,39.4,0.0,S@3.6,6.0,,76.1,0.0,0.0,449,,"George West, George, Grant County",330033,George West,2017-12-12 20:00:45.590055
2013-07-03,08:30,80.1,78.8,52.0,37.6,0.0,S@3.0,4.6,,75.9,0.0,0.0,491,,"George West, George, Grant County",330033,George West,2017-12-12 20:00:45.590055
2013-07-03,08:45,80.7,79.3,53.4,38.9,0.0,S@3.5,4.9,,76.0,0.0,0.0,522,,"George West, George, Grant County",330033,George West,2017-12-12 20:00:45.590055
2013-07-03,09:00,81.5,80.2,53.1,37.4,0.0,S@3.3,5.3,,75.9,0.0,0.0,552,,"George West, George, Grant County",330033,George West,2017-12-12 20:00:45.590055
2013-07-03,09:15,82.3,80.8,52.6,36.0,0.0,S@3.6,6.0,,75.9,0.0,0.0,580,,"George West, George, Grant County",330033,George West,2017-12-12 20:00:45.590055
2013-07-03,09:30,82.6,81.2,53.4,36.6,0.0,S@3.8,6.4,,75.8,0.0,0.0,605,,"George West, George, Grant County",330033,George West,2017-12-12 20:00:45.590055
2013-07-03,09:45,83.4,82.0,52.4,34.3,0.0,SW@3.3,5.3,,75.7,0.0,0.0,629,,"George West, George, Grant County",330033,George West,2017-12-12 20:00:45.590055
2013-07-03,10:00,84.2,82.8,51.9,32.9,0.0,S@2.5,7.8,,75.7,0.0,0.0,643,,"George West, George, Grant County",330033,George West,2017-12-12 20:00:45.590055
2013-07-03,10:15,85.2,83.8,51.8,31.7,0.0,SE@3.5,6.4,,75.7,0.0,0.0,673,,"George West, George, Grant County",330033,George West,2017-12-12 20:00:45.590055
2013-07-03,10:30,85.9,84.4,52.4,31.7,0.0,S@3.3,6.7,,75.6,0.0,0.0,687,,"George West, George, Grant County",330033,George West,2017-12-12 20:00:45.590055
2013-07-03,10:45,85.8,84.4,52.2,31.5,0.0,S@4.2,7.1,,75.5,0.0,0.0,707,,"George West, George, Grant County",330033,George West,2017-12-12 20:00:45.590055
2013-07-03,11:00,86.3,84.9,50.6,29.3,0.0,S@2.6,5.7,,75.5,0.0,0.0,717,,"George West, George, Grant County",330033,George West,2017-12-12 20:00:45.590055
2013-07-03,11:15,87.4,86.3,51.0,28.7,0.0,SE@3.4,8.2,,75.5,0.0,0.0,727,,"George West, George, Grant County",330033,George West,2017-12-12 20:00:45.590055
2013-07-03,11:30,87.7,86.5,50.3,27.7,0.0,SE@5.0,8.9,,75.4,0.0,0.0,738,,"George West, George, Grant County",330033,George West,2017-12-12 20:00:45.590055
2013-07-03,11:45,88.5,87.2,48.5,25.3,0.0,E@4.4,7.4,,75.4,0.0,0.0,749,,"George West, George, Grant County",330033,George West,2017-12-12 20:00:45.590055
2013-07-03,12:00,89.7,88.4,49.8,25.5,0.0,SE@5.2,9.2,,75.5,0.0,0.0,755,,"George West, George, Grant County",330033,George West,2017-12-12 20:00:45.590055
2013-07-03,12:15,89.5,88.1,51.6,27.4,0.0,SE@5.9,9.6,,75.4,0.0,0.0,757,,"George West, George, Grant County",330033,George West,2017-12-12 20:00:45.590055
2013-07-03,12:30,90.3,88.7,50.9,26.1,0.0,SE@6.1,9.6,,75.5,0.0,0.0,759,,"George West, George, Grant County",330033,George West,2017-12-12 20:00:45.590055
2013-07-03,12:45,90.4,89.1,50.7,25.8,0.0,SE@7.1,10.7,,75.7,0.0,0.0,759,,"George West, George, Grant County",330033,George West,2017-12-12 20:00:45.590055
2013-07-03,13:00,91.6,90.2,49.5,23.8,0.0,SE@6.7,11.4,,75.6,0.0,0.0,753,,"George West, George, Grant County",330033,George West,2017-12-12 20:00:45.590055
2013-07-03,13:15,92.6,91.1,45.8,20.1,0.0,SE@7.5,12.4,,75.6,0.0,0.0,749,,"George West, George, Grant County",330033,George West,2017-12-12 20:00:45.590055
2013-07-03,13:30,92.2,90.8,43.4,18.5,0.0,S@7.5,13.5,,75.6,0.0,0.0,745,,"George West, George, Grant County",330033,George West,2017-12-12 20:00:45.590055
2013-07-03,13:45,92.7,91.2,39.5,15.7,0.0,SW@10.4,18.2,,75.6,0.0,0.0,727,,"George West, George, Grant County",330033,George West,2017-12-12 20:00:45.590055
2013-07-03,14:00,92.7,91.3,40.2,16.1,0.0,SW@13.1,20.7,,75.6,0.0,0.0,707,,"George West, George, Grant County",330033,George West,2017-12-12 20:00:45.590055
2013-07-03,14:15,94.4,92.9,41.7,16.2,0.0,SW@11.4,19.6,,75.7,0.0,0.0,686,,"George West, George, Grant County",330033,George West,2017-12-12 20:00:45.590055
2013-07-03,14:30,95.3,93.9,41.8,15.9,0.0,W@11.4,21.4,,75.8,0.0,0.0,664,,"George West, George, Grant County",330033,George West,2017-12-12 20:00:45.590055
2013-07-03,14:45,96.2,94.8,40.7,14.7,0.0,NW@7.5,13.9,,75.8,0.0,0.0,641,,"George West, George, Grant County",330033,George West,2017-12-12 20:00:45.590055
2013-07-03,15:00,96.1,94.3,43.1,16.2,0.0,NW@8.4,15.3,,76.0,0.0,0.0,619,,"George West, George, Grant County",330033,George West,2017-12-12 20:00:45.590055
2013-07-03,15:15,96.0,94.4,43.7,16.7,0.0,N@8.4,16.0,,76.0,0.0,0.0,594,,"George West, George, Grant County",330033,George West,2017-12-12 20:00:45.590055
2013-07-03,15:30,95.2,93.6,47.2,19.5,0.0,N@5.1,10.3,,76.1,0.0,0.0,536,,"George West, George, Grant County",330033,George West,2017-12-12 20:00:45.590055
2013-07-03,15:45,95.9,94.2,46.3,18.5,0.0,NE@4.3,13.5,,76.1,0.0,0.0,533,,"George West, George, Grant County",330033,George West,2017-12-12 20:00:45.590055
2013-07-03,16:00,96.1,94.5,41.7,15.4,0.0,N@6.5,14.6,,76.2,0.0,0.0,506,,"George West, George, Grant County",330033,George West,2017-12-12 20:00:45.590055
2013-07-03,16:15,96.6,94.9,38.8,13.6,0.0,NW@9.2,15.0,,76.2,0.0,0.0,476,,"George West, George, Grant County",330033,George West,2017-12-12 20:00:45.590055
2013-07-03,16:30,96.9,95.4,33.9,11.1,0.0,W@10.9,17.5,,76.3,0.0,0.0,446,,"George West, George, Grant County",330033,George West,2017-12-12 20:00:45.590055
2013-07-03,16:45,96.7,95.1,31.4,10.1,0.0,NW@10.7,16.7,,76.3,0.0,0.0,414,,"George West, George, Grant County",330033,George West,2017-12-12 20:00:45.590055
2013-07-03,17:00,96.3,94.7,36.9,12.7,0.0,W@9.3,16.4,,76.4,0.0,0.0,378,,"George West, George, Grant County",330033,George West,2017-12-12 20:00:45.590055
2013-07-03,17:15,94.8,93.2,44.9,18.1,0.0,NW@7.8,11.4,,76.5,0.0,0.0,341,,"George West, George, Grant County",330033,George West,2017-12-12 20:00:45.590055
2013-07-03,17:30,93.7,92.3,42.9,17.3,0.0,N@10.0,13.9,,76.6,0.0,0.0,307,,"George West, George, Grant County",330033,George West,2017-12-12 20:00:45.590055
2013-07-03,17:45,92.7,91.3,41.7,17.1,0.0,N@10.5,14.2,,76.6,0.0,0.0,272,,"George West, George, Grant County",330033,George West,2017-12-12 20:00:45.590055
2013-07-03,18:00,91.8,90.4,40.2,16.6,0.0,N@11.2,17.5,,76.7,0.0,0.0,238,,"George West, George, Grant County",330033,George West,2017-12-12 20:00:45.590055
2013-07-03,18:15,91.2,89.7,40.0,16.7,0.0,N@10.3,15.0,,76.8,0.0,0.0,205,,"George West, George, Grant County",330033,George West,2017-12-12 20:00:45.590055
2013-07-03,18:30,90.2,88.6,39.7,17.1,0.0,N@9.7,14.6,,76.8,0.0,0.0,173,,"George West, George, Grant County",330033,George West,2017-12-12 20:00:45.590055
2013-07-03,18:45,89.6,87.8,40.4,17.9,0.0,N@7.4,11.4,,76.9,0.0,0.0,141,,"George West, George, Grant County",330033,George West,2017-12-12 20:00:45.590055
2013-07-03,19:00,89.0,87.0,40.4,18.2,0.0,N@6.8,11.0,,76.9,0.0,0.0,112,,"George West, George, Grant County",330033,George West,2017-12-12 20:00:45.590055
2013-07-03,19:15,87.9,85.9,40.3,18.8,0.0,N@7.8,13.2,,77.0,0.0,0.0,87,,"George West, George, Grant County",330033,George West,2017-12-12 20:00:45.590055
2013-07-03,19:30,86.4,84.3,39.8,19.4,0.0,N@10.5,15.7,,77.0,0.0,0.0,59,,"George West, George, Grant County",330033,George West,2017-12-12 20:00:45.590055
2013-07-03,19:45,85.8,82.9,40.4,20.2,0.0,N@9.5,14.2,,77.0,0.0,0.0,21,,"George West, George, Grant County",330033,George West,2017-12-12 20:00:45.590055
2013-07-03,20:00,83.7,81.3,39.5,20.8,0.0,NW@5.8,11.7,,77.1,0.0,0.0,6,,"George West, George, Grant County",330033,George West,2017-12-12 20:00:45.590055
2013-07-03,20:15,80.1,77.6,43.7,27.6,0.0,W@4.3,6.7,,77.2,0.0,0.0,3,,"George West, George, Grant County",330033,George West,2017-12-12 20:00:45.590055
2013-07-03,20:30,74.5,73.0,46.5,36.9,0.0,S@4.8,6.0,,77.2,0.0,0.0,0,,"George West, George, Grant County",330033,George West,2017-12-12 20:00:45.590055
2013-07-03,20:45,72.9,71.3,48.7,42.3,0.0,S@3.8,5.3,,77.3,0.0,0.0,0,,"George West, George, Grant County",330033,George West,2017-12-12 20:00:45.590055
2013-07-03,21:00,72.2,70.8,46.4,39.8,0.0,SE@2.7,6.4,,77.3,0.0,0.0,0,,"George West, George, Grant County",330033,George West,2017-12-12 20:00:45.590055
2013-07-03,21:15,73.0,71.8,46.5,38.9,0.0,SW@3.3,4.2,,77.3,0.0,0.0,0,,"George West, George, Grant County",330033,George West,2017-12-12 20:00:45.590055
2013-07-03,21:30,72.2,70.3,48.3,42.7,0.0,S@2.1,3.5,,77.4,0.0,0.0,0,,"George West, George, Grant County",330033,George West,2017-12-12 20:00:45.590055
2013-07-03,21:45,68.3,66.6,49.5,51.0,0.0,SE@2.7,3.9,,77.4,0.0,0.0,0,,"George West, George, Grant County",330033,George West,2017-12-12 20:00:45.590055
2013-07-03,22:00,69.2,67.8,49.3,49.0,0.0,S@3.4,5.3,,77.4,0.0,0.0,0,,"George West, George, Grant County",330033,George West,2017-12-12 20:00:45.590055
2013-07-03,22:15,68.3,66.5,49.5,50.9,0.0,SE@3.9,5.7,,77.4,0.0,0.0,0,,"George West, George, Grant County",330033,George West,2017-12-12 20:00:45.590055
2013-07-03,22:30,66.0,64.0,51.5,59.5,0.0,S@4.0,5.3,,77.4,0.0,0.0,0,,"George West, George, Grant County",330033,George West,2017-12-12 20:00:45.590055
2013-07-03,22:45,67.1,65.5,51.3,56.8,0.0,S@3.1,5.7,,77.4,0.0,0.0,0,,"George West, George, Grant County",330033,George West,2017-12-12 20:00:45.590055
2013-07-03,23:00,67.3,65.3,51.4,56.6,0.0,S@4.2,6.0,,77.4,0.0,0.0,0,,"George West, George, Grant County",330033,George West,2017-12-12 20:00:45.590055
2013-07-04,23:15,66.1,64.2,51.7,59.6,0.0,S@4.2,5.7,,77.4,0.0,0.0,0,,"George West, George, Grant County",330033,George West,2017-12-12 20:00:45.590055
2013-07-04,23:30,65.4,63.6,51.8,61.5,0.0,S@4.2,5.7,,77.4,0.0,0.0,0,,"George West, George, Grant County",330033,George West,2017-12-12 20:00:45.590055
2013-07-04,23:45,66.7,65.0,50.5,56.0,0.0,S@5.1,6.0,,77.4,0.0,0.0,0,,"George West, George, Grant County",330033,George West,2017-12-12 20:00:45.590055
2013-07-04,24:00,67.3,65.6,50.7,55.0,0.0,SW@4.0,4.9,,77.3,0.0,0.0,0,,"George West, George, Grant County",330033,George West,2017-12-12 20:00:45.590055
2013-07-04,00:15,65.3,62.9,51.2,60.2,0.0,SE@3.0,4.2,,77.3,0.0,0.0,0,,"George West, George, Grant County",330033,George West,2017-12-12 20:00:45.590055
2013-07-04,00:30,63.4,61.6,50.8,63.5,0.0,SE@2.8,4.6,,77.3,0.0,0.0,0,,"George West, George, Grant County",330033,George West,2017-12-12 20:00:45.590055
2013-07-04,00:45,64.2,62.7,51.7,63.7,0.0,SW@2.1,4.2,,77.3,0.0,0.0,0,,"George West, George, Grant County",330033,George West,2017-12-12 20:00:45.590055
2013-07-04,01:00,68.1,66.3,48.9,50.3,0.0,S@0.1,3.1,,77.3,0.0,0.0,0,,"George West, George, Grant County",330033,George West,2017-12-12 20:00:45.590055
2013-07-04,01:15,66.1,63.7,49.5,55.1,0.0,S@3.7,5.7,,77.2,0.0,0.0,0,,"George West, George, Grant County",330033,George West,2017-12-12 20:00:45.590055
2013-07-04,01:30,63.6,61.6,49.5,60.0,0.0,SE@3.4,4.2,,77.2,0.0,0.0,0,,"George West, George, Grant County",330033,George West,2017-12-12 20:00:45.590055
2013-07-04,01:45,62.0,60.0,50.0,64.5,0.0,SE@3.4,4.9,,77.1,0.0,0.0,0,,"George West, George, Grant County",330033,George West,2017-12-12 20:00:45.590055
2013-07-04,02:00,61.3,59.5,49.9,66.0,0.0,S@3.7,5.7,,77.1,0.0,0.0,0,,"George West, George, Grant County",330033,George West,2017-12-12 20:00:45.590055
2013-07-04,02:15,62.3,60.6,49.9,63.8,0.0,SE@3.7,4.9,,77.1,0.0,0.0,0,,"George West, George, Grant County",330033,George West,2017-12-12 20:00:45.590055
2013-07-04,02:30,62.5,60.8,50.2,63.9,0.0,SE@3.9,4.9,,77.0,0.0,0.0,0,,"George West, George, Grant County",330033,George West,2017-12-12 20:00:45.590055
2013-07-04,02:45,62.7,60.8,49.8,62.6,0.0,SE@4.0,4.9,,77.0,0.0,0.0,0,,"George West, George, Grant County",330033,George West,2017-12-12 20:00:45.590055
2013-07-04,03:00,62.0,60.1,50.1,64.9,0.0,SE@3.6,4.9,,76.9,0.0,0.0,0,,"George West, George, Grant County",330033,George West,2017-12-12 20:00:45.590055
2013-07-04,03:15,61.4,59.6,51.1,68.7,0.0,S@3.5,4.6,,76.9,0.0,0.0,0,,"George West, George, Grant County",330033,George West,2017-12-12 20:00:45.590055
2013-07-04,03:30,62.9,61.3,49.1,60.8,0.0,S@4.1,5.3,,76.8,0.0,0.0,0,,"George West, George, Grant County",330033,George West,2017-12-12 20:00:45.590055
2013-07-04,03:45,63.1,61.0,48.6,59.0,0.0,S@2.8,5.3,,76.7,0.0,0.0,0,,"George West, George, Grant County",330033,George West,2017-12-12 20:00:45.590055
2013-07-04,04:00,60.9,59.2,47.3,60.7,0.0,S@0.3,2.8,,76.7,0.0,0.0,1,,"George West, George, Grant County",330033,George West,2017-12-12 20:00:45.590055
2013-07-04,04:15,64.3,62.5,47.0,53.4,0.0,SW@0.2,2.1,,76.6,0.0,0.0,5,,"George West, George, Grant County",330033,George West,2017-12-12 20:00:45.590055
2013-07-04,04:30,65.0,62.8,47.4,53.0,0.0,S@1.1,4.2,,76.5,0.0,0.0,19,,"George West, George, Grant County",330033,George West,2017-12-12 20:00:45.590055
2013-07-04,04:45,62.7,60.6,49.5,62.0,0.0,S@0.1,2.1,,76.5,0.0,0.0,36,,"George West, George, Grant County",330033,George West,2017-12-12 20:00:45.590055
2013-07-04,05:00,63.2,61.2,49.7,61.3,0.0,S@2.8,4.9,,76.4,0.0,0.0,58,,"George West, George, Grant County",330033,George West,2017-12-12 20:00:45.590055
2013-07-04,05:15,63.8,62.3,50.8,62.5,0.0,S@0.2,1.7,,76.3,0.0,0.0,82,,"George West, George, Grant County",330033,George West,2017-12-12 20:00:45.590055
2013-07-04,05:30,66.4,66.0,51.8,59.4,0.0,N@0.0,0.0,,76.3,0.0,0.0,111,,"George West, George, Grant County",330033,George West,2017-12-12 20:00:45.590055
2013-07-04,05:45,68.7,67.4,53.7,58.6,0.0,SE@0.5,3.5,,76.2,0.0,0.0,142,,"George West, George, Grant County",330033,George West,2017-12-12 20:00:45.590055
2013-07-04,06:00,69.0,67.1,52.9,56.4,0.0,SE@3.2,4.6,,76.1,0.0,0.0,175,,"George West, George, Grant County",330033,George West,2017-12-12 20:00:45.590055
2013-07-04,06:15,70.6,68.7,52.6,52.8,0.0,SE@3.3,4.9,,76.0,0.0,0.0,204,,"George West, George, Grant County",330033,George West,2017-12-12 20:00:45.590055
2013-07-04,06:30,70.6,68.5,54.1,56.0,0.0,SE@3.7,5.3,,75.9,0.0,0.0,230,,"George West, George, Grant County",330033,George West,2017-12-12 20:00:45.590055
2013-07-04,06:45,71.9,69.8,53.4,52.1,0.0,SE@3.6,5.3,,75.8,0.0,0.0,259,,"George West, George, Grant County",330033,George West,2017-12-12 20:00:45.590055
2013-07-04,07:00,73.2,71.0,52.7,48.5,0.0,S@3.6,4.9,,75.8,0.0,0.0,297,,"George West, George, Grant County",330033,George West,2017-12-12 20:00:45.590055
2013-07-04,07:15,74.8,72.8,50.1,41.8,0.0,S@1.6,3.5,,75.7,0.0,0.0,333,,"George West, George, Grant County",330033,George West,2017-12-12 20:00:45.590055
2013-07-04,07:30,75.7,73.3,49.7,39.9,0.0,S@3.4,4.9,,75.6,0.0,0.0,367,,"George West, George, Grant County",330033,George West,2017-12-12 20:00:45.590055
2013-07-04,07:45,76.2,73.8,50.3,40.2,0.0,S@3.5,5.3,,75.5,0.0,0.0,401,,"George West, George, Grant County",330033,George West,2017-12-12 20:00:45.590055
2013-07-04,08:00,77.3,75.0,47.7,35.2,0.0,SE@4.2,6.7,,75.5,0.0,0.0,436,,"George West, George, Grant County",330033,George West,2017-12-12 20:00:45.590055
2013-07-04,08:15,78.0,75.7,46.9,33.4,0.0,SE@3.9,6.0,,75.3,0.0,0.0,468,,"George West, George, Grant County",330033,George West,2017-12-12 20:00:45.590055
2013-07-04,08:30,78.8,76.5,47.1,32.6,0.0,SE@3.5,5.7,,75.3,0.0,0.0,499,,"George West, George, Grant County",330033,George West,2017-12-12 20:00:45.590055
2013-07-04,08:45,79.4,76.9,47.3,32.3,0.0,E@3.6,6.4,,75.2,0.0,0.0,529,,"George West, George, Grant County",330033,George West,2017-12-12 20:00:45.590055
2013-07-04,09:00,80.1,77.4,47.7,32.0,0.0,NE@2.7,5.3,,75.2,0.0,0.0,557,,"George West, George, Grant County",330033,George West,2017-12-12 20:00:45.590055
2013-07-04,09:15,80.9,78.2,49.0,32.8,0.0,SE@3.9,7.1,,75.1,0.0,0.0,584,,"George West, George, Grant County",330033,George West,2017-12-12 20:00:45.590055
2013-07-04,09:30,81.1,78.5,49.2,32.8,0.0,S@3.6,6.4,,74.9,0.0,0.0,609,,"George West, George, Grant County",330033,George West,2017-12-12 20:00:45.590055
2013-07-04,09:45,82.0,79.6,45.7,27.9,0.0,E@3.5,6.4,,75.0,0.0,0.0,634,,"George West, George, Grant County",330033,George West,2017-12-12 20:00:45.590055
2013-07-04,10:00,82.6,80.1,44.8,26.5,0.0,E@3.1,6.4,,75.0,0.0,0.0,656,,"George West, George, Grant County",330033,George West,2017-12-12 20:00:45.590055
2013-07-04,10:15,83.2,80.5,46.5,27.7,0.0,S@3.7,6.4,,74.9,0.0,0.0,677,,"George West, George, Grant County",330033,George West,2017-12-12 20:00:45.590055
2013-07-04,10:30,83.4,80.9,47.3,28.3,0.0,S@4.4,7.4,,74.8,0.0,0.0,698,,"George West, George, Grant County",330033,George West,2017-12-12 20:00:45.590055
2013-07-04,10:45,83.6,81.1,46.8,27.7,0.0,S@4.5,6.7,,74.9,0.0,0.0,618,,"George West, George, Grant County",330033,George West,2017-12-12 20:00:45.590055
2013-07-04,11:00,84.0,81.4,46.8,27.3,0.0,S@4.4,8.9,,74.9,0.0,0.0,726,,"George West, George, Grant County",330033,George West,2017-12-12 20:00:45.590055
2013-07-04,11:15,84.5,81.9,46.0,26.1,0.0,SE@5.0,8.2,,74.7,0.0,0.0,739,,"George West, George, Grant County",330033,George West,2017-12-12 20:00:45.590055
2013-07-04,11:30,85.2,82.7,46.6,26.1,0.0,S@4.2,7.4,,74.7,0.0,0.0,746,,"George West, George, Grant County",330033,George West,2017-12-12 20:00:45.590055
2013-07-04,11:45,85.5,83.1,47.3,26.5,0.0,SE@4.6,8.5,,74.7,0.0,0.0,752,,"George West, George, Grant County",330033,George West,2017-12-12 20:00:45.590055
2013-07-04,12:00,86.4,84.0,46.1,24.7,0.0,E@4.4,7.4,,74.7,0.0,0.0,741,,"George West, George, Grant County",330033,George West,2017-12-12 20:00:45.590055
2013-07-04,12:15,86.8,84.5,47.1,25.2,0.0,SE@5.6,9.2,,74.8,0.0,0.0,755,,"George West, George, Grant County",330033,George West,2017-12-12 20:00:45.590055
2013-07-04,12:30,87.2,84.9,47.4,25.2,0.0,SE@4.2,9.2,,74.6,0.0,0.0,751,,"George West, George, Grant County",330033,George West,2017-12-12 20:00:45.590055
2013-07-04,12:45,87.4,85.4,47.5,25.1,0.0,SE@5.3,9.9,,74.8,0.0,0.0,720,,"George West, George, Grant County",330033,George West,2017-12-12 20:00:45.590055
2013-07-04,13:00,88.0,85.9,47.6,24.8,0.0,SE@4.4,9.9,,74.5,0.0,0.0,744,,"George West, George, Grant County",330033,George West,2017-12-12 20:00:45.590055
2013-07-04,13:15,87.3,85.3,50.1,27.8,0.0,SW@6.0,12.4,,74.8,0.0,0.0,735,,"George West, George, Grant County",330033,George West,2017-12-12 20:00:45.590055
2013-07-04,13:30,86.7,84.8,51.6,29.9,0.0,SW@8.6,15.7,,74.7,0.0,0.0,728,,"George West, George, Grant County",330033,George West,2017-12-12 20:00:45.590055
2013-07-04,13:45,87.2,85.4,47.9,25.7,0.0,W@9.9,16.7,,74.7,0.0,0.0,713,,"George West, George, Grant County",330033,George West,2017-12-12 20:00:45.590055
2013-07-04,14:00,87.5,85.7,49.0,26.5,0.0,SW@7.9,16.0,,74.7,0.0,0.0,698,,"George West, George, Grant County",330033,George West,2017-12-12 20:00:45.590055
2013-07-04,14:15,87.6,85.8,48.6,26.1,0.0,W@14.3,22.1,,74.8,0.0,0.0,680,,"George West, George, Grant County",330033,George West,2017-12-12 20:00:45.590055
2013-07-04,14:30,87.4,85.5,48.6,26.3,0.0,W@10.7,20.3,,74.9,0.0,0.0,660,,"George West, George, Grant County",330033,George West,2017-12-12 20:00:45.590055
2013-07-04,14:45,88.0,86.2,47.9,25.1,0.0,W@10.3,21.4,,75.0,0.0,0.0,638,,"George West, George, Grant County",330033,George West,2017-12-12 20:00:45.590055
2013-07-04,15:00,88.4,86.7,47.0,24.0,0.0,W@11.5,18.2,,74.9,0.0,0.0,615,,"George West, George, Grant County",330033,George West,2017-12-12 20:00:45.590055
2013-07-04,15:15,88.5,86.7,47.5,24.3,0.0,W@12.4,19.6,,75.0,0.0,0.0,591,,"George West, George, Grant County",330033,George West,2017-12-12 20:00:45.590055
2013-07-04,15:30,88.4,86.7,46.4,23.4,0.0,W@11.8,21.0,,75.1,0.0,0.0,564,,"George West, George, Grant County",330033,George West,2017-12-12 20:00:45.590055
2013-07-04,15:45,87.7,85.9,47.1,24.6,0.0,W@10.5,20.3,,75.1,0.0,0.0,535,,"George West, George, Grant County",330033,George West,2017-12-12 20:00:45.590055
2013-07-04,16:00,86.7,84.9,47.9,26.1,0.0,W@10.8,17.5,,75.3,0.0,0.0,505,,"George West, George, Grant County",330033,George West,2017-12-12 20:00:45.590055
2013-07-04,16:15,86.5,84.7,47.8,26.2,0.0,W@11.1,17.1,,75.2,0.0,0.0,474,,"George West, George, Grant County",330033,George West,2017-12-12 20:00:45.590055
2013-07-04,16:30,87.0,85.2,47.5,25.4,0.0,W@10.7,17.5,,75.3,0.0,0.0,441,,"George West, George, Grant County",330033,George West,2017-12-12 20:00:45.590055
2013-07-04,16:45,85.7,83.2,48.4,27.5,0.0,SW@10.8,18.2,,75.4,0.0,0.0,409,,"George West, George, Grant County",330033,George West,2017-12-12 20:00:45.590055
2013-07-04,17:00,85.1,82.6,49.3,29.0,0.0,W@10.7,20.0,,75.4,0.0,0.0,374,,"George West, George, Grant County",330033,George West,2017-12-12 20:00:45.590055
2013-07-04,17:15,85.5,83.1,48.7,28.0,0.0,W@10.6,15.7,,75.5,0.0,0.0,339,,"George West, George, Grant County",330033,George West,2017-12-12 20:00:45.590055
2013-07-04,17:30,84.9,82.4,49.2,29.1,0.0,W@9.1,16.0,,75.6,0.0,0.0,304,,"George West, George, Grant County",330033,George West,2017-12-12 20:00:45.590055
2013-07-04,17:45,84.3,81.8,48.8,29.2,0.0,W@7.6,13.2,,75.6,0.0,0.0,270,,"George West, George, Grant County",330033,George West,2017-12-12 20:00:45.590055
2013-07-04,18:00,82.7,80.2,49.5,31.5,0.0,SW@7.8,15.7,,75.8,0.0,0.0,235,,"George West, George, Grant County",330033,George West,2017-12-12 20:00:45.590055
2013-07-04,18:15,81.6,79.1,49.7,33.0,0.0,SW@8.2,13.2,,75.8,0.0,0.0,201,,"George West, George, Grant County",330033,George West,2017-12-12 20:00:45.590055
2013-07-04,18:30,80.7,78.2,50.0,34.3,0.0,SW@7.9,13.2,,75.9,0.0,0.0,169,,"George West, George, Grant County",330033,George West,2017-12-12 20:00:45.590055
2013-07-04,18:45,79.5,77.0,50.0,35.6,0.0,SW@7.8,11.7,,76.0,0.0,0.0,137,,"George West, George, Grant County",330033,George West,2017-12-12 20:00:45.590055
2013-07-04,19:00,78.4,75.9,50.4,37.5,0.0,SW@4.0,6.0,,76.1,0.0,0.0,106,,"George West, George, Grant County",330033,George West,2017-12-12 20:00:45.590055
2013-07-04,19:15,76.6,74.3,51.0,40.8,0.0,S@4.2,7.1,,76.1,0.0,0.0,81,,"George West, George, Grant County",330033,George West,2017-12-12 20:00:45.590055
2013-07-04,19:30,76.3,74.1,49.9,39.4,0.0,E@4.2,8.2,,76.2,0.0,0.0,57,,"George West, George, Grant County",330033,George West,2017-12-12 20:00:45.590055
2013-07-04,19:45,77.7,75.6,42.5,28.6,0.0,N@8.9,14.2,,76.3,0.0,0.0,20,,"George West, George, Grant County",330033,George West,2017-12-12 20:00:45.590055
2013-07-04,20:00,77.4,75.2,42.5,28.8,0.0,NW@8.4,14.2,,76.3,0.0,0.0,6,,"George West, George, Grant County",330033,George West,2017-12-12 20:00:45.590055
2013-07-04,20:15,72.3,69.5,49.0,43.6,0.0,S@3.6,5.7,,76.4,0.0,0.0,2,,"George West, George, Grant County",330033,George West,2017-12-12 20:00:45.590055
2013-07-04,20:30,69.9,67.9,48.8,47.0,0.0,S@3.3,6.0,,76.4,0.0,0.0,0,,"George West, George, Grant County",330033,George West,2017-12-12 20:00:45.590055
2013-07-04,20:45,69.2,67.5,48.4,47.5,0.0,S@2.9,6.7,,76.5,0.0,0.0,0,,"George West, George, Grant County",330033,George West,2017-12-12 20:00:45.590055
2013-07-04,21:00,69.1,67.1,47.7,46.4,0.0,W@3.6,7.4,,76.5,0.0,0.0,0,,"George West, George, Grant County",330033,George West,2017-12-12 20:00:45.590055
2013-07-04,21:15,66.1,63.6,50.9,57.9,0.0,S@3.7,4.6,,76.5,0.0,0.0,0,,"George West, George, Grant County",330033,George West,2017-12-12 20:00:45.590055
2013-07-04,21:30,64.0,61.9,50.2,60.6,0.0,S@3.3,5.3,,76.6,0.0,0.0,0,,"George West, George, Grant County",330033,George West,2017-12-12 20:00:45.590055
2013-07-04,21:45,63.5,61.5,49.4,60.0,0.0,S@4.4,6.0,,76.6,0.0,0.0,0,,"George West, George, Grant County",330033,George West,2017-12-12 20:00:45.590055
2013-07-04,22:00,64.8,63.0,47.4,53.1,0.0,SE@3.0,8.2,,76.6,0.0,0.0,0,,"George West, George, Grant County",330033,George West,2017-12-12 20:00:45.590055
2013-07-04,22:15,67.6,66.0,44.2,42.7,0.0,N@4.4,7.8,,76.6,0.0,0.0,0,,"George West, George, Grant County",330033,George West,2017-12-12 20:00:45.590055
2013-07-04,22:30,66.3,63.9,46.3,48.3,0.0,S@3.2,6.4,,76.6,0.0,0.0,0,,"George West, George, Grant County",330033,George West,2017-12-12 20:00:45.590055
2013-07-04,22:45,63.5,61.0,48.0,57.0,0.0,S@3.0,4.9,,76.6,0.0,0.0,0,,"George West, George, Grant County",330033,George West,2017-12-12 20:00:45.590055
2013-07-04,23:00,60.8,58.6,48.6,64.1,0.0,S@3.6,5.7,,76.6,0.0,0.0,0,,"George West, George, Grant County",330033,George West,2017-12-12 20:00:45.590055
2013-07-05,23:15,59.7,57.7,48.8,67.0,0.0,S@3.3,4.2,,76.6,0.0,0.0,0,,"George West, George, Grant County",330033,George West,2017-12-12 20:00:45.590055
2013-07-05,23:30,59.5,57.4,48.3,66.2,0.0,SE@2.8,4.2,,76.6,0.0,0.0,0,,"George West, George, Grant County",330033,George West,2017-12-12 20:00:45.590055
2013-07-05,23:45,59.0,56.9,48.4,67.7,0.0,SE@3.7,5.3,,76.6,0.0,0.0,0,,"George West, George, Grant County",330033,George West,2017-12-12 20:00:45.590055
2013-07-05,24:00,59.2,57.2,47.8,65.8,0.0,NE@0.1,2.4,,76.6,0.0,0.0,0,,"George West, George, Grant County",330033,George West,2017-12-12 20:00:45.590055
2013-07-05,00:15,58.3,56.1,48.0,68.3,0.0,S@2.3,4.9,,76.6,0.0,0.0,0,,"George West, George, Grant County",330033,George West,2017-12-12 20:00:45.590055
2013-07-05,00:30,58.5,56.7,48.0,67.9,0.0,S@3.5,4.9,,76.6,0.0,0.0,0,,"George West, George, Grant County",330033,George West,2017-12-12 20:00:45.590055
2013-07-05,00:45,59.1,57.2,47.7,65.7,0.0,S@4.6,5.3,,76.5,0.0,0.0,0,,"George West, George, Grant County",330033,George West,2017-12-12 20:00:45.590055
2013-07-05,01:00,59.5,57.7,47.1,63.4,0.0,S@3.8,4.6,,76.5,0.0,0.0,0,,"George West, George, Grant County",330033,George West,2017-12-12 20:00:45.590055
2013-07-05,01:15,60.5,58.3,46.8,60.4,0.0,S@4.3,6.0,,76.5,0.0,0.0,0,,"George West, George, Grant County",330033,George West,2017-12-12 20:00:45.590055
2013-07-05,01:30,58.8,56.8,47.4,65.8,0.0,S@3.6,4.2,,76.4,0.0,0.0,0,,"George West, George, Grant County",330033,George West,2017-12-12 20:00:45.590055
2013-07-05,01:45,58.7,56.5,47.3,65.7,0.0,S@3.0,4.2,,76.4,0.0,0.0,0,,"George West, George, Grant County",330033,George West,2017-12-12 20:00:45.590055
2013-07-05,02:00,57.5,55.4,47.5,69.4,0.0,S@4.5,5.3,,76.3,0.0,0.0,0,,"George West, George, Grant County",330033,George West,2017-12-12 20:00:45.590055
2013-07-05,02:15,57.6,55.7,47.2,68.1,0.0,S@5.1,6.7,,76.3,0.0,0.0,0,,"George West, George, Grant County",330033,George West,2017-12-12 20:00:45.590055
2013-07-05,02:30,58.3,56.5,46.6,64.9,0.0,S@4.7,6.0,,76.2,0.0,0.0,0,,"George West, George, Grant County",330033,George West,2017-12-12 20:00:45.590055
2013-07-05,02:45,58.1,56.0,46.8,65.8,0.0,S@4.7,6.0,,76.2,0.0,0.0,0,,"George West, George, Grant County",330033,George West,2017-12-12 20:00:45.590055
2013-07-05,03:00,57.6,55.8,46.7,66.8,0.0,S@4.3,5.7,,76.1,0.0,0.0,0,,"George West, George, Grant County",330033,George West,2017-12-12 20:00:45.590055
2013-07-05,03:15,58.1,56.0,46.6,65.3,0.0,S@3.8,4.9,,76.0,0.0,0.0,0,,"George West, George, Grant County",330033,George West,2017-12-12 20:00:45.590055
2013-07-05,03:30,57.0,55.0,46.7,68.3,0.0,S@4.7,6.0,,76.0,0.0,0.0,0,,"George West, George, Grant County",330033,George West,2017-12-12 20:00:45.590055
2013-07-05,03:45,57.3,55.3,46.5,67.1,0.0,S@4.9,6.4,,75.9,0.0,0.0,0,,"George West, George, Grant County",330033,George West,2017-12-12 20:00:45.590055
2013-07-05,04:00,57.4,55.5,46.4,66.4,0.0,S@4.7,6.0,,75.8,0.0,0.0,0,,"George West, George, Grant County",330033,George West,2017-12-12 20:00:45.590055
2013-07-05,04:15,58.4,56.4,45.6,62.3,0.0,S@1.9,4.6,,75.8,0.0,0.0,4,,"George West, George, Grant County",330033,George West,2017-12-12 20:00:45.590055
2013-07-05,04:30,57.9,55.7,46.2,64.8,0.0,S@1.2,4.6,,75.7,0.0,0.0,16,,"George West, George, Grant County",330033,George West,2017-12-12 20:00:45.590055
2013-07-05,04:45,57.8,55.8,46.2,65.1,0.0,S@4.5,5.3,,75.6,0.0,0.0,34,,"George West, George, Grant County",330033,George West,2017-12-12 20:00:45.590055
2013-07-05,05:00,58.4,56.3,46.5,64.4,0.0,S@3.9,4.9,,75.6,0.0,0.0,56,,"George West, George, Grant County",330033,George West,2017-12-12 20:00:45.590055
2013-07-05,05:15,59.9,58.0,46.6,61.3,0.0,S@3.2,4.9,,75.5,0.0,0.0,81,,"George West, George, Grant County",330033,George West,2017-12-12 20:00:45.590055
2013-07-05,05:30,61.1,59.5,47.8,61.7,0.0,N@0.0,0.0,,75.4,0.0,0.0,110,,"George West, George, Grant County",330033,George West,2017-12-12 20:00:45.590055
2013-07-05,05:45,62.4,60.8,48.2,59.6,0.0,N@0.0,0.0,,75.3,0.0,0.0,141,,"George West, George, Grant County",330033,George West,2017-12-12 20:00:45.590055
2013-07-05,06:00,64.4,62.6,48.6,56.5,0.0,N@0.0,0.0,,75.2,0.0,0.0,173,,"George West, George, Grant County",330033,George West,2017-12-12 20:00:45.590055
2013-07-05,06:15,67.7,66.3,45.1,44.1,0.0,N@0.0,0.0,,75.1,0.0,0.0,204,,"George West, George, Grant County",330033,George West,2017-12-12 20:00:45.590055
2013-07-05,06:30,69.8,68.1,43.5,38.6,0.0,N@0.2,3.1,,75.1,0.0,0.0,233,,"George West, George, Grant County",330033,George West,2017-12-12 20:00:45.590055
2013-07-05,06:45,70.6,68.0,44.1,38.5,0.0,N@1.6,3.5,,75.0,0.0,0.0,264,,"George West, George, Grant County",330033,George West,2017-12-12 20:00:45.590055
2013-07-05,07:00,70.7,68.2,44.0,38.2,0.0,N@2.4,4.9,,74.9,0.0,0.0,300,,"George West, George, Grant County",330033,George West,2017-12-12 20:00:45.590055
2013-07-05,07:15,70.6,68.4,43.8,37.9,0.0,N@2.8,6.0,,74.8,0.0,0.0,336,,"George West, George, Grant County",330033,George West,2017-12-12 20:00:45.590055
2013-07-05,07:30,71.3,69.1,43.8,37.1,0.0,N@3.3,6.4,,74.7,0.0,0.0,371,,"George West, George, Grant County",330033,George West,2017-12-12 20:00:45.590055
2013-07-05,07:45,72.7,70.4,44.3,36.0,0.0,NE@1.9,6.0,,74.6,0.0,0.0,402,,"George West, George, Grant County",330033,George West,2017-12-12 20:00:45.590055
2013-07-05,08:00,73.0,70.4,44.5,36.0,0.0,NE@2.9,5.3,,74.6,0.0,0.0,436,,"George West, George, Grant County",330033,George West,2017-12-12 20:00:45.590055
2013-07-05,08:15,73.7,71.1,45.3,36.2,0.0,E@3.5,7.1,,74.5,0.0,0.0,468,,"George West, George, Grant County",330033,George West,2017-12-12 20:00:45.590055
2013-07-05,08:30,73.3,70.9,46.3,38.1,0.0,SE@5.0,8.2,,74.4,0.0,0.0,501,,"George West, George, Grant County",330033,George West,2017-12-12 20:00:45.590055
2013-07-05,08:45,74.3,71.9,46.4,37.0,0.0,SE@3.2,6.4,,74.4,0.0,0.0,532,,"George West, George, Grant County",330033,George West,2017-12-12 20:00:45.590055
2013-07-05,09:00,74.7,72.2,45.9,35.9,0.0,SE@4.7,7.8,,74.2,0.0,0.0,561,,"George West, George, Grant County",330033,George West,2017-12-12 20:00:45.590055
2013-07-05,09:15,75.3,72.7,45.1,34.0,0.0,SE@4.1,7.4,,74.1,0.0,0.0,587,,"George West, George, Grant County",330033,George West,2017-12-12 20:00:45.590055
2013-07-05,09:30,75.3,72.9,45.3,34.3,0.0,S@4.4,6.7,,74.1,0.0,0.0,612,,"George West, George, Grant County",330033,George West,2017-12-12 20:00:45.590055
2013-07-05,09:45,76.6,74.1,46.0,33.7,0.0,S@3.9,6.4,,74.0,0.0,0.0,636,,"George West, George, Grant County",330033,George West,2017-12-12 20:00:45.590055
2013-07-05,10:00,77.4,74.9,45.6,32.3,0.0,SE@4.2,8.5,,74.0,0.0,0.0,658,,"George West, George, Grant County",330033,George West,2017-12-12 20:00:45.590055
2013-07-05,10:15,78.0,75.3,45.6,31.8,0.0,E@4.9,7.8,,74.0,0.0,0.0,678,,"George West, George, Grant County",330033,George West,2017-12-12 20:00:45.590055
2013-07-05,10:30,78.4,75.8,45.9,31.7,0.0,SE@4.4,8.9,,73.9,0.0,0.0,695,,"George West, George, Grant County",330033,George West,2017-12-12 20:00:45.590055
2013-07-05,10:45,78.9,76.4,45.9,31.3,0.0,SE@4.6,8.5,,73.9,0.0,0.0,711,,"George West, George, Grant County",330033,George West,2017-12-12 20:00:45.590055
2013-07-05,11:00,79.2,76.7,46.3,31.4,0.0,SE@5.7,9.2,,73.8,0.0,0.0,727,,"George West, George, Grant County",330033,George West,2017-12-12 20:00:45.590055
2013-07-05,11:15,80.0,77.5,45.3,29.3,0.0,SE@5.3,9.6,,73.8,0.0,0.0,740,,"George West, George, Grant County",330033,George West,2017-12-12 20:00:45.590055
2013-07-05,11:30,80.7,78.1,45.7,29.2,0.0,SE@5.0,7.8,,73.8,0.0,0.0,748,,"George West, George, Grant County",330033,George West,2017-12-12 20:00:45.590055
2013-07-05,11:45,81.3,78.8,46.6,29.6,0.0,SE@5.6,9.6,,73.9,0.0,0.0,754,,"George West, George, Grant County",330033,George West,2017-12-12 20:00:45.590055
2013-07-05,12:00,81.8,79.1,47.4,30.0,0.0,SE@4.3,8.2,,73.7,0.0,0.0,756,,"George West, George, Grant County",330033,George West,2017-12-12 20:00:45.590055
2013-07-05,12:15,82.5,79.9,48.5,30.6,0.0,SE@6.5,10.7,,73.8,0.0,0.0,758,,"George West, George, Grant County",330033,George West,2017-12-12 20:00:45.590055
2013-07-05,12:30,82.8,80.2,48.3,30.0,0.0,SE@6.5,11.4,,73.7,0.0,0.0,757,,"George West, George, Grant County",330033,George West,2017-12-12 20:00:45.590055
2013-07-05,12:45,83.2,80.5,48.4,29.8,0.0,SE@6.5,10.3,,73.5,0.0,0.0,753,,"George West, George, Grant County",330033,George West,2017-12-12 20:00:45.590055
2013-07-05,13:00,83.3,80.7,48.6,29.9,0.0,SE@6.4,11.0,,73.7,0.0,0.0,730,,"George West, George, Grant County",330033,George West,2017-12-12 20:00:45.590055
2013-07-05,13:15,84.0,81.4,48.2,28.8,0.0,E@5.3,9.2,,73.7,0.0,0.0,737,,"George West, George, Grant County",330033,George West,2017-12-12 20:00:45.590055
2013-07-05,13:30,84.1,81.4,48.2,28.8,0.0,SE@5.6,9.9,,73.7,0.0,0.0,729,,"George West, George, Grant County",330033,George West,2017-12-12 20:00:45.590055
2013-07-05,13:45,84.6,81.8,47.9,28.0,0.0,SW@4.0,7.1,,73.7,0.0,0.0,715,,"George West, George, Grant County",330033,George West,2017-12-12 20:00:45.590055
2013-07-05,14:00,85.9,83.3,48.2,27.0,0.0,SE@4.6,8.9,,73.8,0.0,0.0,699,,"George West, George, Grant County",330033,George West,2017-12-12 20:00:45.590055
2013-07-05,14:15,85.2,82.4,49.3,28.9,0.0,SE@6.4,11.0,,73.8,0.0,0.0,680,,"George West, George, Grant County",330033,George West,2017-12-12 20:00:45.590055
2013-07-05,14:30,85.5,83.1,49.6,28.9,0.0,SE@4.5,8.9,,73.9,0.0,0.0,659,,"George West, George, Grant County",330033,George West,2017-12-12 20:00:45.590055
2013-07-05,14:45,85.8,82.9,50.7,29.8,0.0,SW@6.8,18.5,,73.9,0.0,0.0,639,,"George West, George, Grant County",330033,George West,2017-12-12 20:00:45.590055
2013-07-05,15:00,86.0,83.5,50.8,29.8,0.0,SW@5.6,15.0,,73.9,0.0,0.0,564,,"George West, George, Grant County",330033,George West,2017-12-12 20:00:45.590055
2013-07-05,15:15,84.7,81.9,52.5,33.0,0.0,SW@7.7,14.2,,74.0,0.0,0.0,589,,"George West, George, Grant County",330033,George West,2017-12-12 20:00:45.590055
2013-07-05,15:30,84.9,82.1,52.3,32.6,0.0,SW@6.5,10.7,,74.1,0.0,0.0,564,,"George West, George, Grant County",330033,George West,2017-12-12 20:00:45.590055
2013-07-05,15:45,85.4,82.7,50.2,29.8,0.0,W@6.2,10.3,,74.1,0.0,0.0,535,,"George West, George, Grant County",330033,George West,2017-12-12 20:00:45.590055
2013-07-05,16:00,84.3,81.4,52.5,33.5,0.0,SW@8.4,12.1,,74.2,0.0,0.0,501,,"George West, George, Grant County",330033,George West,2017-12-12 20:00:45.590055
2013-07-05,16:15,84.2,81.6,51.3,32.1,0.0,SW@7.2,11.4,,74.2,0.0,0.0,471,,"George West, George, Grant County",330033,George West,2017-12-12 20:00:45.590055
2013-07-05,16:30,84.2,81.4,51.2,32.0,0.0,SW@7.0,11.0,,74.3,0.0,0.0,438,,"George West, George, Grant County",330033,George West,2017-12-12 20:00:45.590055
2013-07-05,16:45,83.4,80.6,50.9,32.6,0.0,SW@7.7,11.7,,74.5,0.0,0.0,404,,"George West, George, Grant County",330033,George West,2017-12-12 20:00:45.590055
2013-07-05,17:00,83.6,80.9,51.0,32.3,0.0,SW@7.0,10.7,,74.5,0.0,0.0,370,,"George West, George, Grant County",330033,George West,2017-12-12 20:00:45.590055
2013-07-05,17:15,83.4,80.7,51.5,33.2,0.0,SW@6.4,12.1,,74.7,0.0,0.0,336,,"George West, George, Grant County",330033,George West,2017-12-12 20:00:45.590055
2013-07-05,17:30,83.0,80.2,50.6,32.5,0.0,SW@8.2,12.8,,74.8,0.0,0.0,300,,"George West, George, Grant County",330033,George West,2017-12-12 20:00:45.590055
2013-07-05,17:45,83.0,80.3,49.4,31.1,0.0,W@8.0,11.7,,74.8,0.0,0.0,265,,"George West, George, Grant County",330033,George West,2017-12-12 20:00:45.590055
2013-07-05,18:00,83.3,80.6,49.0,30.5,0.0,W@8.1,14.2,,74.9,0.0,0.0,231,,"George West, George, Grant County",330033,George West,2017-12-12 20:00:45.590055
2013-07-05,18:15,82.2,79.6,49.9,32.6,0.0,W@6.7,10.7,,75.0,0.0,0.0,197,,"George West, George, Grant County",330033,George West,2017-12-12 20:00:45.590055
2013-07-05,18:30,81.8,79.1,49.6,32.6,0.0,W@6.3,9.9,,75.1,0.0,0.0,164,,"George West, George, Grant County",330033,George West,2017-12-12 20:00:45.590055
2013-07-05,18:45,81.1,78.2,50.4,34.3,0.0,NW@6.5,12.1,,75.1,0.0,0.0,133,,"George West, George, Grant County",330033,George West,2017-12-12 20:00:45.590055
2013-07-05,19:00,79.5,76.8,50.2,36.0,0.0,N@8.4,11.7,,75.2,0.0,0.0,103,,"George West, George, Grant County",330033,George West,2017-12-12 20:00:45.590055
2013-07-05,19:15,78.0,75.5,49.7,37.0,0.0,N@8.5,11.4,,75.3,0.0,0.0,75,,"George West, George, Grant County",330033,George West,2017-12-12 20:00:45.590055
2013-07-05,19:30,76.9,74.5,49.4,38.0,0.0,N@8.4,11.4,,75.4,0.0,0.0,50,,"George West, George, Grant County",330033,George West,2017-12-12 20:00:45.590055
2013-07-05,19:45,75.7,73.2,49.0,39.0,0.0,N@7.3,12.4,,75.5,0.0,0.0,18,,"George West, George, Grant County",330033,George West,2017-12-12 20:00:45.590055
2013-07-05,20:00,74.2,71.8,48.8,40.5,0.0,N@6.0,8.9,,75.5,0.0,0.0,6,,"George West, George, Grant County",330033,George West,2017-12-12 20:00:45.590055
2013-07-05,20:15,73.3,70.8,48.6,41.6,0.0,N@4.1,7.1,,75.6,0.0,0.0,2,,"George West, George, Grant County",330033,George West,2017-12-12 20:00:45.590055
2013-07-05,20:30,72.4,69.9,48.6,42.8,0.0,N@5.2,8.2,,75.7,0.0,0.0,0,,"George West, George, Grant County",330033,George West,2017-12-12 20:00:45.590055
2013-07-05,20:45,71.7,69.3,48.5,43.8,0.0,N@4.4,8.5,,75.7,0.0,0.0,0,,"George West, George, Grant County",330033,George West,2017-12-12 20:00:45.590055
2013-07-05,21:00,71.1,68.7,48.2,44.1,0.0,N@2.9,9.2,,75.8,0.0,0.0,0,,"George West, George, Grant County",330033,George West,2017-12-12 20:00:45.590055
2013-07-05,21:15,70.8,68.5,48.0,44.2,0.0,N@6.0,8.5,,75.9,0.0,0.0,0,,"George West, George, Grant County",330033,George West,2017-12-12 20:00:45.590055
2013-07-05,21:30,70.3,67.9,47.8,44.7,0.0,N@6.6,10.7,,75.9,0.0,0.0,0,,"George West, George, Grant County",330033,George West,2017-12-12 20:00:45.590055
2013-07-05,21:45,69.9,67.5,47.6,45.0,0.0,N@6.4,9.2,,75.9,0.0,0.0,0,,"George West, George, Grant County",330033,George West,2017-12-12 20:00:45.590055
2013-07-05,22:00,69.2,66.8,47.6,46.1,0.0,N@5.1,7.1,,75.9,0.0,0.0,0,,"George West, George, Grant County",330033,George West,2017-12-12 20:00:45.590055
2013-07-05,22:15,68.7,66.4,47.7,46.9,0.0,N@5.8,8.5,,76.0,0.0,0.0,0,,"George West, George, Grant County",330033,George West,2017-12-12 20:00:45.590055
2013-07-05,22:30,68.0,65.6,47.7,48.2,0.0,N@5.0,6.7,,76.0,0.0,0.0,0,,"George West, George, Grant County",330033,George West,2017-12-12 20:00:45.590055
2013-07-05,22:45,67.8,65.4,47.7,48.6,0.0,N@4.1,6.0,,76.0,0.0,0.0,0,,"George West, George, Grant County",330033,George West,2017-12-12 20:00:45.590055
2013-07-05,23:00,67.4,65.1,47.7,49.1,0.0,N@4.2,6.0,,76.0,0.0,0.0,0,,"George West, George, Grant County",330033,George West,2017-12-12 20:00:45.590055
2013-07-06,23:15,66.8,64.4,47.9,50.6,0.0,N@3.6,4.9,,76.0,0.0,0.0,0,,"George West, George, Grant County",330033,George West,2017-12-12 20:00:45.590055
2013-07-06,23:30,65.9,63.4,48.2,52.8,0.0,N@3.0,5.3,,76.0,0.0,0.0,0,,"George West, George, Grant County",330033,George West,2017-12-12 20:00:45.590055
2013-07-06,23:45,65.7,63.3,48.0,52.9,0.0,NW@3.3,5.3,,76.0,0.0,0.0,0,,"George West, George, Grant County",330033,George West,2017-12-12 20:00:45.590055
2013-07-06,24:00,64.6,62.4,47.7,54.2,0.0,NW@3.4,4.9,,76.0,0.0,0.0,0,,"George West, George, Grant County",330033,George West,2017-12-12 20:00:45.590055
2013-07-06,00:15,63.8,61.7,48.0,56.3,0.0,NW@3.9,4.6,,76.0,0.0,0.0,0,,"George West, George, Grant County",330033,George West,2017-12-12 20:00:45.590055
2013-07-06,00:30,64.6,62.5,48.4,55.8,0.0,NW@4.2,7.8,,76.0,0.0,0.0,0,,"George West, George, Grant County",330033,George West,2017-12-12 20:00:45.590055
2013-07-06,00:45,64.4,62.1,48.3,55.9,0.0,W@4.1,7.1,,75.9,0.0,0.0,0,,"George West, George, Grant County",330033,George West,2017-12-12 20:00:45.590055
2013-07-06,01:00,63.2,61.0,48.5,58.8,0.0,W@3.5,4.2,,75.9,0.0,0.0,0,,"George West, George, Grant County",330033,George West,2017-12-12 20:00:45.590055
2013-07-06,01:15,62.8,60.4,48.0,58.4,0.0,N@2.7,3.9,,75.9,0.0,0.0,0,,"George West, George, Grant County",330033,George West,2017-12-12 20:00:45.590055
2013-07-06,01:30,62.6,60.3,48.3,59.6,0.0,NW@2.3,4.2,,75.9,0.0,0.0,0,,"George West, George, Grant County",330033,George West,2017-12-12 20:00:45.590055
2013-07-06,01:45,62.6,60.5,48.1,59.0,0.0,N@3.9,5.3,,75.8,0.0,0.0,0,,"George West, George, Grant County",330033,George West,2017-12-12 20:00:45.590055
2013-07-06,02:00,63.3,61.2,48.9,59.3,0.0,N@5.0,8.2,,75.8,0.0,0.0,0,,"George West, George, Grant County",330033,George West,2017-12-12 20:00:45.590055
2013-07-06,02:15,63.7,61.6,49.1,58.9,0.0,N@5.7,8.5,,75.8,0.0,0.0,0,,"George West, George, Grant County",330033,George West,2017-12-12 20:00:45.590055
2013-07-06,02:30,63.5,61.4,49.1,59.3,0.0,N@5.2,7.1,,75.7,0.0,0.0,0,,"George West, George, Grant County",330033,George West,2017-12-12 20:00:45.590055
2013-07-06,02:45,63.3,61.2,49.1,59.7,0.0,N@5.6,7.8,,75.7,0.0,0.0,0,,"George West, George, Grant County",330033,George West,2017-12-12 20:00:45.590055
2013-07-06,03:00,63.2,61.1,49.1,59.8,0.0,N@5.2,7.8,,75.6,0.0,0.0,0,,"George West, George, Grant County",330033,George West,2017-12-12 20:00:45.590055
2013-07-06,03:15,62.9,60.8,48.9,60.2,0.0,NW@4.7,7.8,,75.6,0.0,0.0,0,,"George West, George, Grant County",330033,George West,2017-12-12 20:00:45.590055
2013-07-06,03:30,62.5,60.4,48.7,60.7,0.0,NW@4.2,6.4,,75.5,0.0,0.0,0,,"George West, George, Grant County",330033,George West,2017-12-12 20:00:45.590055
2013-07-06,03:45,62.4,60.3,48.8,61.0,0.0,N@4.6,7.1,,75.5,0.0,0.0,0,,"George West, George, Grant County",330033,George West,2017-12-12 20:00:45.590055
2013-07-06,04:00,61.6,59.4,48.9,63.1,0.0,N@3.9,5.7,,75.4,0.0,0.0,0,,"George West, George, Grant County",330033,George West,2017-12-12 20:00:45.590055
2013-07-06,04:15,61.9,59.9,48.8,62.1,0.0,N@4.7,7.1,,75.4,0.0,0.0,3,,"George West, George, Grant County",330033,George West,2017-12-12 20:00:45.590055
2013-07-06,04:30,62.2,60.1,49.0,61.9,0.0,NW@4.3,6.4,,75.3,0.0,0.0,11,,"George West, George, Grant County",330033,George West,2017-12-12 20:00:45.590055
2013-07-06,04:45,62.4,60.3,48.9,61.1,0.0,N@4.6,6.7,,75.3,0.0,0.0,29,,"George West, George, Grant County",330033,George West,2017-12-12 20:00:45.590055
2013-07-06,05:00,63.3,61.3,49.0,59.5,0.0,NW@4.5,6.0,,75.2,0.0,0.0,52,,"George West, George, Grant County",330033,George West,2017-12-12 20:00:45.590055
2013-07-06,05:15,64.1,62.1,49.1,58.2,0.0,NW@4.7,7.4,,75.1,0.0,0.0,77,,"George West, George, Grant County",330033,George West,2017-12-12 20:00:45.590055
2013-07-06,05:30,64.6,62.6,49.4,57.9,0.0,NW@4.3,7.1,,75.1,0.0,0.0,105,,"George West, George, Grant County",330033,George West,2017-12-12 20:00:45.590055
2013-07-06,05:45,65.2,63.2,49.4,56.7,0.0,NW@4.4,6.4,,75.0,0.0,0.0,135,,"George West, George, Grant County",330033,George West,2017-12-12 20:00:45.590055
2013-07-06,06:00,65.9,63.9,49.4,55.1,0.0,NW@4.7,7.1,,74.9,0.0,0.0,167,,"George West, George, Grant County",330033,George West,2017-12-12 20:00:45.590055
2013-07-06,06:15,66.4,64.3,49.8,55.1,0.0,NW@4.9,6.7,,74.9,0.0,0.0,201,,"George West, George, Grant County",330033,George West,2017-12-12 20:00:45.590055
2013-07-06,06:30,67.2,65.1,50.2,54.4,0.0,NW@5.3,8.2,,74.8,0.0,0.0,236,,"George West, George, Grant County",330033,George West,2017-12-12 20:00:45.590055
2013-07-06,06:45,67.9,65.8,50.3,53.2,0.0,NW@4.9,7.4,,74.7,0.0,0.0,270,,"George West, George, Grant County",330033,George West,2017-12-12 20:00:45.590055
2013-07-06,07:00,68.9,66.8,50.7,52.2,0.0,NW@5.3,7.4,,74.7,0.0,0.0,302,,"George West, George, Grant County",330033,George West,2017-12-12 20:00:45.590055
2013-07-06,07:15,70.1,68.0,51.0,50.6,0.0,NW@5.8,8.9,,74.6,0.0,0.0,334,,"George West, George, Grant County",330033,George West,2017-12-12 20:00:45.590055
2013-07-06,07:30,71.1,68.9,51.1,49.2,0.0,NW@5.9,8.5,,74.5,0.0,0.0,366,,"George West, George, Grant County",330033,George West,2017-12-12 20:00:45.590055
2013-07-06,07:45,72.3,70.1,51.5,47.9,0.0,N@7.4,10.7,,74.5,0.0,0.0,398,,"George West, George, Grant County",330033,George West,2017-12-12 20:00:45.590055
2013-07-06,08:00,73.3,71.1,51.3,46.1,0.0,N@8.7,11.4,,74.4,0.0,0.0,431,,"George West, George, Grant County",330033,George West,2017-12-12 20:00:45.590055
2013-07-06,08:15,74.8,72.5,51.4,43.9,0.0,N@8.9,11.7,,74.3,0.0,0.0,461,,"George West, George, Grant County",330033,George West,2017-12-12 20:00:45.590055
2013-07-06,08:30,76.0,73.7,51.0,41.6,0.0,N@8.9,11.4,,74.3,0.0,0.0,491,,"George West, George, Grant County",330033,George West,2017-12-12 20:00:45.590055
2013-07-06,08:45,77.3,74.8,50.9,39.7,0.0,N@8.0,10.7,,74.1,0.0,0.0,520,,"George West, George, Grant County",330033,George West,2017-12-12 20:00:45.590055
2013-07-06,09:00,78.3,75.8,50.9,38.4,0.0,N@7.5,11.0,,74.2,0.0,0.0,548,,"George West, George, Grant County",330033,George West,2017-12-12 20:00:45.590055
2013-07-06,09:15,79.1,76.5,51.1,37.6,0.0,N@6.8,11.7,,74.1,0.0,0.0,575,,"George West, George, Grant County",330033,George West,2017-12-12 20:00:45.590055
2013-07-06,09:30,79.3,76.6,51.0,37.3,0.0,N@5.0,10.3,,74.0,0.0,0.0,600,,"George West, George, Grant County",330033,George West,2017-12-12 20:00:45.590055
2013-07-06,09:45,80.5,77.7,51.4,36.4,0.0,N@3.7,6.7,,73.9,0.0,0.0,623,,"George West, George, Grant County",330033,George West,2017-12-12 20:00:45.590055
2013-07-06,10:00,81.2,78.2,51.8,36.1,0.0,N@4.4,8.2,,73.9,0.0,0.0,644,,"George West, George, Grant County",330033,George West,2017-12-12 20:00:45.590055
2013-07-06,10:15,81.6,78.6,52.1,36.0,0.0,NE@3.9,8.5,,73.8,0.0,0.0,665,,"George West, George, Grant County",330033,George West,2017-12-12 20:00:45.590055
2013-07-06,10:30,82.2,79.2,52.3,35.5,0.0,NE@4.6,9.2,,73.9,0.0,0.0,684,,"George West, George, Grant County",330033,George West,2017-12-12 20:00:45.590055
2013-07-06,10:45,82.7,79.8,52.8,35.6,0.0,NE@6.4,11.4,,73.8,0.0,0.0,696,,"George West, George, Grant County",330033,George West,2017-12-12 20:00:45.590055
2013-07-06,11:00,83.2,80.4,54.2,36.9,0.0,E@6.1,10.7,,73.7,0.0,0.0,715,,"George West, George, Grant County",330033,George West,2017-12-12 20:00:45.590055
2013-07-06,11:15,83.3,80.4,54.6,37.3,0.0,E@6.8,9.9,,73.7,0.0,0.0,727,,"George West, George, Grant County",330033,George West,2017-12-12 20:00:45.590055
2013-07-06,11:30,83.6,80.9,54.8,37.2,0.0,E@6.4,11.0,,73.5,0.0,0.0,736,,"George West, George, Grant County",330033,George West,2017-12-12 20:00:45.590055
2013-07-06,11:45,83.9,81.0,55.5,37.8,0.0,E@6.8,12.1,,73.7,0.0,0.0,742,,"George West, George, Grant County",330033,George West,2017-12-12 20:00:45.590055
2013-07-06,12:00,84.3,81.4,55.8,37.9,0.0,SE@6.2,10.3,,73.5,0.0,0.0,742,,"George West, George, Grant County",330033,George West,2017-12-12 20:00:45.590055
2013-07-06,12:15,84.6,81.8,56.2,37.9,0.0,SE@5.5,9.2,,73.6,0.0,0.0,743,,"George West, George, Grant County",330033,George West,2017-12-12 20:00:45.590055
2013-07-06,12:30,85.5,82.7,55.3,35.7,0.0,E@4.9,8.9,,73.6,0.0,0.0,750,,"George West, George, Grant County",330033,George West,2017-12-12 20:00:45.590055
2013-07-06,12:45,85.4,82.5,56.0,36.7,0.0,SE@5.1,9.6,,73.5,0.0,0.0,740,,"George West, George, Grant County",330033,George West,2017-12-12 20:00:45.590055
2013-07-06,13:00,85.5,82.8,56.3,36.9,0.0,SE@5.1,7.8,,73.6,0.0,0.0,740,,"George West, George, Grant County",330033,George West,2017-12-12 20:00:45.590055
2013-07-06,13:15,86.5,83.8,53.3,32.1,0.0,SE@4.7,9.2,,73.8,0.0,0.0,735,,"George West, George, Grant County",330033,George West,2017-12-12 20:00:45.590055
2013-07-06,13:30,86.7,84.0,52.6,31.1,0.0,SE@4.9,9.2,,73.6,0.0,0.0,722,,"George West, George, Grant County",330033,George West,2017-12-12 20:00:45.590055
2013-07-06,13:45,87.3,84.4,48.6,26.3,0.0,E@3.9,8.5,,73.7,0.0,0.0,717,,"George West, George, Grant County",330033,George West,2017-12-12 20:00:45.590055
2013-07-06,14:00,87.0,84.0,49.6,27.6,0.0,E@4.9,9.9,,73.7,0.0,0.0,703,,"George West, George, Grant County",330033,George West,2017-12-12 20:00:45.590055
2013-07-06,14:15,87.4,84.6,50.1,27.7,0.0,SE@5.3,8.5,,73.7,0.0,0.0,686,,"George West, George, Grant County",330033,George West,2017-12-12 20:00:45.590055
2013-07-06,14:30,87.5,84.6,49.3,26.9,0.0,SE@5.3,8.9,,73.8,0.0,0.0,660,,"George West, George, Grant County",330033,George West,2017-12-12 20:00:45.590055
2013-07-06,14:45,87.5,84.7,50.1,27.7,0.0,SE@5.4,9.9,,73.8,0.0,0.0,635,,"George West, George, Grant County",330033,George West,2017-12-12 20:00:45.590055
2013-07-06,15:00,87.8,85.0,48.1,25.4,0.0,SE@5.3,8.9,,73.9,0.0,0.0,611,,"George West, George, Grant County",330033,George West,2017-12-12 20:00:45.590055
2013-07-06,15:15,87.9,85.1,50.4,27.6,0.0,SE@5.7,9.6,,73.9,0.0,0.0,588,,"George West, George, Grant County",330033,George West,2017-12-12 20:00:45.590055
2013-07-06,15:30,87.7,84.8,49.7,27.1,0.0,SE@5.4,10.7,,74.0,0.0,0.0,561,,"George West, George, Grant County",330033,George West,2017-12-12 20:00:45.590055
2013-07-06,15:45,87.9,85.2,50.1,27.3,0.0,SE@5.5,8.9,,74.1,0.0,0.0,534,,"George West, George, Grant County",330033,George West,2017-12-12 20:00:45.590055
2013-07-06,16:00,88.4,85.5,51.7,28.5,0.0,SE@5.8,8.5,,74.2,0.0,0.0,502,,"George West, George, Grant County",330033,George West,2017-12-12 20:00:45.590055
2013-07-06,16:15,88.0,85.1,51.6,28.8,0.0,SE@5.2,9.2,,74.3,0.0,0.0,466,,"George West, George, Grant County",330033,George West,2017-12-12 20:00:45.590055
2013-07-06,16:30,87.9,85.2,51.3,28.5,0.0,SE@5.6,7.8,,74.3,0.0,0.0,432,,"George West, George, Grant County",330033,George West,2017-12-12 20:00:45.590055
2013-07-06,16:45,88.0,85.2,52.4,29.6,0.0,SE@5.4,9.2,,74.4,0.0,0.0,396,,"George West, George, Grant County",330033,George West,2017-12-12 20:00:45.590055
2013-07-06,17:00,87.4,84.6,53.3,31.2,0.0,SE@5.6,8.5,,74.5,0.0,0.0,361,,"George West, George, Grant County",330033,George West,2017-12-12 20:00:45.590055
2013-07-06,17:15,87.2,84.4,54.3,32.6,0.0,SE@5.6,8.2,,74.6,0.0,0.0,326,,"George West, George, Grant County",330033,George West,2017-12-12 20:00:45.590055
2013-07-06,17:30,86.6,83.8,54.7,33.7,0.0,SE@5.4,7.4,,74.8,0.0,0.0,291,,"George West, George, Grant County",330033,George West,2017-12-12 20:00:45.590055
2013-07-06,17:45,86.4,83.6,56.0,35.5,0.0,SE@4.9,6.7,,74.9,0.0,0.0,256,,"George West, George, Grant County",330033,George West,2017-12-12 20:00:45.590055
2013-07-06,18:00,86.3,83.6,53.7,32.8,0.0,SE@4.4,6.4,,75.0,0.0,0.0,222,,"George West, George, Grant County",330033,George West,2017-12-12 20:00:45.590055
2013-07-06,18:15,85.8,83.0,54.7,34.5,0.0,SE@4.2,6.0,,75.0,0.0,0.0,188,,"George West, George, Grant County",330033,George West,2017-12-12 20:00:45.590055
2013-07-06,18:30,85.1,82.2,56.5,37.7,0.0,SE@3.7,5.7,,75.1,0.0,0.0,156,,"George West, George, Grant County",330033,George West,2017-12-12 20:00:45.590055
2013-07-06,18:45,83.8,80.8,60.1,44.7,0.0,SE@2.7,4.2,,75.2,0.0,0.0,126,,"George West, George, Grant County",330033,George West,2017-12-12 20:00:45.590055
2013-07-06,19:00,82.5,79.5,60.7,47.7,0.0,SE@2.7,3.9,,75.3,0.0,0.0,97,,"George West, George, Grant County",330033,George West,2017-12-12 20:00:45.590055
2013-07-06,19:15,80.5,77.6,60.2,49.9,0.0,S@2.8,3.9,,75.4,0.0,0.0,69,,"George West, George, Grant County",330033,George West,2017-12-12 20:00:45.590055
2013-07-06,19:30,78.4,75.6,59.3,51.8,0.0,S@3.3,3.9,,75.5,0.0,0.0,22,,"George West, George, Grant County",330033,George West,2017-12-12 20:00:45.590055
2013-07-06,19:45,76.2,73.6,57.9,53.1,0.0,S@3.7,4.2,,75.6,0.0,0.0,13,,"George West, George, Grant County",330033,George West,2017-12-12 20:00:45.590055
2013-07-06,20:00,75.7,73.2,56.5,51.3,0.0,S@4.1,4.6,,75.7,0.0,0.0,5,,"George West, George, Grant County",330033,George West,2017-12-12 20:00:45.590055
2013-07-06,20:15,75.3,73.0,55.3,49.8,0.0,S@4.0,4.6,,75.7,0.0,0.0,1,,"George West, George, Grant County",330033,George West,2017-12-12 20:00:45.590055
2013-07-06,20:30,75.3,72.8,54.7,48.7,0.0,S@4.1,4.6,,75.8,0.0,0.0,0,,"George West, George, Grant County",330033,George West,2017-12-12 20:00:45.590055
2013-07-06,20:45,75.8,73.4,53.5,45.8,0.0,S@3.9,4.6,,75.9,0.0,0.0,0,,"George West, George, Grant County",330033,George West,2017-12-12 20:00:45.590055
2013-07-06,21:00,76.1,73.7,53.1,44.7,0.0,SW@4.1,4.6,,75.9,0.0,0.0,0,,"George West, George, Grant County",330033,George West,2017-12-12 20:00:45.590055
2013-07-06,21:15,75.3,72.8,52.9,45.6,0.0,SW@4.2,4.6,,76.0,0.0,0.0,0,,"George West, George, Grant County",330033,George West,2017-12-12 20:00:45.590055
2013-07-06,21:30,75.0,72.6,52.1,44.7,0.0,SW@3.6,4.2,,76.1,0.0,0.0,0,,"George West, George, Grant County",330033,George West,2017-12-12 20:00:45.590055
2013-07-06,21:45,76.7,74.4,50.5,39.8,0.0,W@3.2,3.5,,76.1,0.0,0.0,0,,"George West, George, Grant County",330033,George West,2017-12-12 20:00:45.590055
2013-07-06,22:00,76.8,74.1,50.3,39.4,0.0,NW@3.2,3.9,,76.1,0.0,0.0,0,,"George West, George, Grant County",330033,George West,2017-12-12 20:00:45.590055
2013-07-06,22:15,75.1,72.6,49.7,40.8,0.0,NW@3.3,3.9,,76.2,0.0,0.0,0,,"George West, George, Grant County",330033,George West,2017-12-12 20:00:45.590055
2013-07-06,22:30,73.4,70.8,51.9,46.9,0.0,W@3.5,5.3,,76.2,0.0,0.0,0,,"George West, George, Grant County",330033,George West,2017-12-12 20:00:45.590055
2013-07-06,22:45,74.2,71.9,50.1,42.7,0.0,NW@2.8,3.5,,76.2,0.0,0.0,0,,"George West, George, Grant County",330033,George West,2017-12-12 20:00:45.590055
2013-07-06,23:00,74.3,71.9,49.5,41.6,0.0,NW@5.5,9.6,,76.3,0.0,0.0,0,,"George West, George, Grant County",330033,George West,2017-12-12 20:00:45.590055
2013-07-07,23:15,73.7,71.4,50.5,43.9,0.0,N@6.5,8.9,,76.3,0.0,0.0,0,,"George West, George, Grant County",330033,George West,2017-12-12 20:00:45.590055
2013-07-07,23:30,73.8,71.4,50.6,44.1,0.0,N@5.0,8.2,,76.3,0.0,0.0,0,,"George West, George, Grant County",330033,George West,2017-12-12 20:00:45.590055
2013-07-07,23:45,74.8,72.5,52.0,44.8,0.0,N@7.4,11.4,,76.3,0.0,0.0,0,,"George West, George, Grant County",330033,George West,2017-12-12 20:00:45.590055
2013-07-07,24:00,75.3,72.9,51.8,43.7,0.0,N@7.6,11.4,,76.3,0.0,0.0,0,,"George West, George, Grant County",330033,George West,2017-12-12 20:00:45.590055
2013-07-07,00:15,75.1,72.7,50.4,42.0,0.0,N@7.7,11.7,,76.3,0.0,0.0,0,,"George West, George, Grant County",330033,George West,2017-12-12 20:00:45.590055
2013-07-07,00:30,75.0,72.6,49.5,40.7,0.0,N@7.6,10.3,,76.3,0.0,0.0,0,,"George West, George, Grant County",330033,George West,2017-12-12 20:00:45.590055
2013-07-07,00:45,74.7,72.3,50.6,42.6,0.0,N@7.1,9.9,,76.3,0.0,0.0,0,,"George West, George, Grant County",330033,George West,2017-12-12 20:00:45.590055
2013-07-07,01:00,74.3,71.8,51.2,44.4,0.0,N@7.2,10.7,,76.2,0.0,0.0,0,,"George West, George, Grant County",330033,George West,2017-12-12 20:00:45.590055
2013-07-07,01:15,74.3,71.9,50.8,43.8,0.0,N@7.4,10.7,,76.2,0.0,0.0,0,,"George West, George, Grant County",330033,George West,2017-12-12 20:00:45.590055
2013-07-07,01:30,73.9,71.5,50.4,43.6,0.0,N@7.3,10.7,,76.2,0.0,0.0,0,,"George West, George, Grant County",330033,George West,2017-12-12 20:00:45.590055
2013-07-07,01:45,73.1,70.7,51.9,47.3,0.0,N@6.9,10.3,,76.2,0.0,0.0,0,,"George West, George, Grant County",330033,George West,2017-12-12 20:00:45.590055
2013-07-07,02:00,72.8,70.5,54.3,52.2,0.0,N@8.5,12.1,,76.2,0.0,0.0,0,,"George West, George, Grant County",330033,George West,2017-12-12 20:00:45.590055
2013-07-07,02:15,72.5,70.1,54.8,53.9,0.0,N@8.9,13.2,,76.1,0.0,0.0,0,,"George West, George, Grant County",330033,George West,2017-12-12 20:00:45.590055
2013-07-07,02:30,72.3,69.9,55.1,54.8,0.0,N@9.5,14.2,,76.1,0.0,0.0,0,,"George West, George, Grant County",330033,George West,2017-12-12 20:00:45.590055
2013-07-07,02:45,71.7,69.3,55.3,56.2,0.0,N@9.3,12.8,,76.1,0.0,0.0,0,,"George West, George, Grant County",330033,George West,2017-12-12 20:00:45.590055
2013-07-07,03:00,71.2,68.8,55.4,57.4,0.0,N@8.7,12.8,,76.0,0.0,0.0,0,,"George West, George, Grant County",330033,George West,2017-12-12 20:00:45.590055
2013-07-07,03:15,70.7,68.3,55.4,58.4,0.0,N@7.8,11.0,,76.0,0.0,0.0,0,,"George West, George, Grant County",330033,George West,2017-12-12 20:00:45.590055
2013-07-07,03:30,70.2,67.9,55.5,59.5,0.0,N@8.2,12.4,,76.0,0.0,0.0,0,,"George West, George, Grant County",330033,George West,2017-12-12 20:00:45.590055
2013-07-07,03:45,70.0,67.6,55.4,59.9,0.0,N@8.1,11.0,,75.9,0.0,0.0,0,,"George West, George, Grant County",330033,George West,2017-12-12 20:00:45.590055
2013-07-07,04:00,69.6,67.3,55.3,60.5,0.0,N@8.0,11.7,,75.9,0.0,0.0,0,,"George West, George, Grant County",330033,George West,2017-12-12 20:00:45.590055
2013-07-07,04:15,69.3,66.9,55.3,61.2,0.0,N@8.1,11.4,,75.9,0.0,0.0,3,,"George West, George, Grant County",330033,George West,2017-12-12 20:00:45.590055
2013-07-07,04:30,69.3,67.1,55.5,61.3,0.0,N@9.4,12.4,,75.8,0.0,0.0,12,,"George West, George, Grant County",330033,George West,2017-12-12 20:00:45.590055
2013-07-07,04:45,69.3,67.0,55.8,62.0,0.0,N@8.9,12.4,,75.8,0.0,0.0,28,,"George West, George, Grant County",330033,George West,2017-12-12 20:00:45.590055
2013-07-07,05:00,69.5,67.2,55.8,61.7,0.0,N@8.8,11.4,,75.7,0.0,0.0,45,,"George West, George, Grant County",330033,George West,2017-12-12 20:00:45.590055
2013-07-07,05:15,69.8,67.5,56.1,61.6,0.0,N@9.0,12.8,,75.7,0.0,0.0,79,,"George West, George, Grant County",330033,George West,2017-12-12 20:00:45.590055
2013-07-07,05:30,70.4,68.2,56.1,60.4,0.0,N@9.3,13.5,,75.6,0.0,0.0,112,,"George West, George, Grant County",330033,George West,2017-12-12 20:00:45.590055
2013-07-07,05:45,70.9,68.8,55.9,59.0,0.0,N@8.5,12.4,,75.6,0.0,0.0,134,,"George West, George, Grant County",330033,George West,2017-12-12 20:00:45.590055
2013-07-07,06:00,71.4,69.1,55.8,57.8,0.0,N@8.6,11.4,,75.5,0.0,0.0,132,,"George West, George, Grant County",330033,George West,2017-12-12 20:00:45.590055
2013-07-07,06:15,72.2,69.9,55.7,56.1,0.0,N@8.4,12.4,,75.5,0.0,0.0,192,,"George West, George, Grant County",330033,George West,2017-12-12 20:00:45.590055
2013-07-07,06:30,73.1,70.7,55.5,53.9,0.0,N@8.8,12.8,,75.4,0.0,0.0,221,,"George West, George, Grant County",330033,George West,2017-12-12 20:00:45.590055
2013-07-07,06:45,73.6,71.2,55.6,53.3,0.0,N@9.3,12.4,,75.4,0.0,0.0,254,,"George West, George, Grant County",330033,George West,2017-12-12 20:00:45.590055
2013-07-07,07:00,74.5,72.1,55.3,51.0,0.0,N@9.3,12.8,,75.3,0.0,0.0,288,,"George West, George, Grant County",330033,George West,2017-12-12 20:00:45.590055
2013-07-07,07:15,75.6,73.2,55.0,48.7,0.0,N@9.0,12.4,,75.3,0.0,0.0,322,,"George West, George, Grant County",330033,George West,2017-12-12 20:00:45.590055
2013-07-07,07:30,76.5,74.1,54.2,46.0,0.0,N@9.0,12.4,,75.2,0.0,0.0,355,,"George West, George, Grant County",330033,George West,2017-12-12 20:00:45.590055
2013-07-07,07:45,77.2,74.7,54.0,44.5,0.0,N@9.6,12.8,,75.2,0.0,0.0,388,,"George West, George, Grant County",330033,George West,2017-12-12 20:00:45.590055
2013-07-07,08:00,78.4,75.8,53.7,42.3,0.0,N@8.7,11.7,,75.1,0.0,0.0,423,,"George West, George, Grant County",330033,George West,2017-12-12 20:00:45.590055
2013-07-07,08:15,79.2,76.6,53.0,40.2,0.0,N@9.1,12.8,,75.1,0.0,0.0,455,,"George West, George, Grant County",330033,George West,2017-12-12 20:00:45.590055
2013-07-07,08:30,79.9,77.3,53.6,40.1,0.0,N@8.8,12.4,,75.0,0.0,0.0,484,,"George West, George, Grant County",330033,George West,2017-12-12 20:00:45.590055
2013-07-07,08:45,80.9,78.3,52.9,37.8,0.0,N@8.4,12.1,,75.0,0.0,0.0,514,,"George West, George, Grant County",330033,George West,2017-12-12 20:00:45.590055
2013-07-07,09:00,81.5,78.9,51.9,35.9,0.0,N@7.1,10.7,,74.9,0.0,0.0,543,,"George West, George, Grant County",330033,George West,2017-12-12 20:00:45.590055
2013-07-07,09:15,82.7,80.0,50.5,32.8,0.0,N@5.8,9.9,,74.9,0.0,0.0,570,,"George West, George, Grant County",330033,George West,2017-12-12 20:00:45.590055
2013-07-07,09:30,83.6,80.8,49.4,30.5,0.0,NE@4.1,7.4,,74.8,0.0,0.0,596,,"George West, George, Grant County",330033,George West,2017-12-12 20:00:45.590055
2013-07-07,09:45,84.5,81.6,49.8,30.0,0.0,E@3.7,8.2,,74.8,0.0,0.0,620,,"George West, George, Grant County",330033,George West,2017-12-12 20:00:45.590055
2013-07-07,10:00,84.9,81.8,50.2,30.2,0.0,NE@3.5,7.4,,74.8,0.0,0.0,642,,"George West, George, Grant County",330033,George West,2017-12-12 20:00:45.590055
2013-07-07,10:15,85.2,82.4,50.6,30.4,0.0,E@5.1,8.2,,74.7,0.0,0.0,664,,"George West, George, Grant County",330033,George West,2017-12-12 20:00:45.590055
2013-07-07,10:30,85.4,82.5,50.6,30.2,0.0,SE@4.7,8.9,,74.6,0.0,0.0,679,,"George West, George, Grant County",330033,George West,2017-12-12 20:00:45.590055
2013-07-07,10:45,85.6,82.7,49.4,28.7,0.0,E@4.9,8.9,,74.6,0.0,0.0,688,,"George West, George, Grant County",330033,George West,2017-12-12 20:00:45.590055
2013-07-07,11:00,86.2,83.5,49.2,27.8,0.0,E@4.8,9.2,,74.6,0.0,0.0,714,,"George West, George, Grant County",330033,George West,2017-12-12 20:00:45.590055
2013-07-07,11:15,87.1,84.2,49.8,27.7,0.0,SE@4.3,8.5,,74.7,0.0,0.0,726,,"George West, George, Grant County",330033,George West,2017-12-12 20:00:45.590055
2013-07-07,11:30,86.7,83.8,51.2,29.6,0.0,SE@5.3,9.6,,74.6,0.0,0.0,735,,"George West, George, Grant County",330033,George West,2017-12-12 20:00:45.590055
2013-07-07,11:45,87.3,84.4,51.3,29.2,0.0,SE@5.3,8.9,,74.6,0.0,0.0,742,,"George West, George, Grant County",330033,George West,2017-12-12 20:00:45.590055
2013-07-07,12:00,88.1,85.2,51.2,28.3,0.0,SE@4.3,8.2,,74.6,0.0,0.0,747,,"George West, George, Grant County",330033,George West,2017-12-12 20:00:45.590055
2013-07-07,12:15,87.8,85.0,52.1,29.5,0.0,S@4.8,7.4,,74.6,0.0,0.0,750,,"George West, George, Grant County",330033,George West,2017-12-12 20:00:45.590055
2013-07-07,12:30,88.5,85.7,51.3,28.1,0.0,SE@4.7,8.2,,74.5,0.0,0.0,751,,"George West, George, Grant County",330033,George West,2017-12-12 20:00:45.590055
2013-07-07,12:45,89.1,86.3,51.6,27.7,0.0,SE@5.5,9.6,,74.5,0.0,0.0,749,,"George West, George, Grant County",330033,George West,2017-12-12 20:00:45.590055
2013-07-07,13:00,89.6,86.7,50.9,26.7,0.0,SE@5.9,8.9,,74.6,0.0,0.0,742,,"George West, George, Grant County",330033,George West,2017-12-12 20:00:45.590055
2013-07-07,13:15,90.0,87.2,51.9,27.3,0.0,SE@6.0,11.0,,74.7,0.0,0.0,733,,"George West, George, Grant County",330033,George West,2017-12-12 20:00:45.590055
2013-07-07,13:30,90.4,87.6,51.2,26.2,0.0,SE@6.6,11.7,,74.6,0.0,0.0,720,,"George West, George, Grant County",330033,George West,2017-12-12 20:00:45.590055
2013-07-07,13:45,91.0,88.1,50.2,24.8,0.0,E@5.7,11.7,,74.6,0.0,0.0,708,,"George West, George, Grant County",330033,George West,2017-12-12 20:00:45.590055
2013-07-07,14:00,91.1,88.1,50.7,25.2,0.0,E@5.8,10.3,,74.7,0.0,0.0,686,,"George West, George, Grant County",330033,George West,2017-12-12 20:00:45.590055
2013-07-07,14:15,91.3,88.4,50.9,25.3,0.0,SE@6.3,11.7,,74.7,0.0,0.0,673,,"George West, George, Grant County",330033,George West,2017-12-12 20:00:45.590055
2013-07-07,14:30,91.7,88.8,52.1,26.1,0.0,E@6.7,9.9,,74.7,0.0,0.0,650,,"George West, George, Grant County",330033,George West,2017-12-12 20:00:45.590055
2013-07-07,14:45,91.8,88.9,52.3,26.2,0.0,SE@6.7,10.3,,74.8,0.0,0.0,629,,"George West, George, Grant County",330033,George West,2017-12-12 20:00:45.590055
2013-07-07,15:00,92.3,89.4,53.1,26.5,0.0,SE@7.5,12.4,,74.9,0.0,0.0,611,,"George West, George, Grant County",330033,George West,2017-12-12 20:00:45.590055
2013-07-07,15:15,91.9,88.9,52.0,25.8,0.0,E@6.4,9.9,,74.9,0.0,0.0,568,,"George West, George, Grant County",330033,George West,2017-12-12 20:00:45.590055
2013-07-07,15:30,91.1,88.1,52.5,26.9,0.0,E@7.0,11.4,,75.0,0.0,0.0,328,,"George West, George, Grant County",330033,George West,2017-12-12 20:00:45.590055
2013-07-07,15:45,90.0,87.3,53.3,28.8,0.0,SE@6.6,10.3,,75.2,0.0,0.0,351,,"George West, George, Grant County",330033,George West,2017-12-12 20:00:45.590055
2013-07-07,16:00,91.0,88.1,52.6,27.1,0.0,E@5.7,9.6,,75.2,0.0,0.0,396,,"George West, George, Grant County",330033,George West,2017-12-12 20:00:45.590055
2013-07-07,16:15,90.0,87.1,52.3,27.8,0.0,E@5.9,10.7,,75.3,0.0,0.0,177,,"George West, George, Grant County",330033,George West,2017-12-12 20:00:45.590055
2013-07-07,16:30,88.3,85.5,53.3,30.4,0.0,E@5.2,7.8,,75.3,0.0,0.0,106,,"George West, George, Grant County",330033,George West,2017-12-12 20:00:45.590055
2013-07-07,16:45,87.4,84.5,54.9,33.1,0.0,E@4.1,6.4,,75.5,0.0,0.0,72,,"George West, George, Grant County",330033,George West,2017-12-12 20:00:45.590055
2013-07-07,17:00,87.8,85.1,55.3,33.2,0.0,E@4.5,7.8,,75.6,0.0,0.0,199,,"George West, George, Grant County",330033,George West,2017-12-12 20:00:45.590055
2013-07-07,17:15,89.3,86.3,54.2,30.4,0.0,E@4.4,7.1,,75.7,0.0,0.0,143,,"George West, George, Grant County",330033,George West,2017-12-12 20:00:45.590055
2013-07-07,17:30,88.9,85.9,53.6,30.1,0.0,E@3.7,6.4,,75.8,0.0,0.0,131,,"George West, George, Grant County",330033,George West,2017-12-12 20:00:45.590055
2013-07-07,17:45,89.1,86.0,53.5,29.9,0.0,NE@3.0,4.6,,75.9,0.0,0.0,157,,"George West, George, Grant County",330033,George West,2017-12-12 20:00:45.590055
2013-07-07,18:00,88.8,85.9,54.2,30.8,0.0,N@4.2,6.4,,75.9,0.0,0.0,91,,"George West, George, Grant County",330033,George West,2017-12-12 20:00:45.590055
2013-07-07,18:15,87.3,84.4,52.7,30.7,0.0,NW@6.2,9.6,,76.0,0.0,0.0,60,,"George West, George, Grant County",330033,George West,2017-12-12 20:00:45.590055
2013-07-07,18:30,86.7,83.8,51.8,30.3,0.0,N@6.6,17.1,,76.1,0.0,0.0,41,,"George West, George, Grant County",330033,George West,2017-12-12 20:00:45.590055
2013-07-07,18:45,84.1,81.2,53.2,34.6,0.0,N@10.5,15.7,,76.2,0.0,0.0,23,,"George West, George, Grant County",330033,George West,2017-12-12 20:00:45.590055
2013-07-07,19:00,82.6,79.9,53.5,36.6,0.0,N@8.8,13.9,,76.3,0.0,0.0,13,,"George West, George, Grant County",330033,George West,2017-12-12 20:00:45.590055
2013-07-07,19:15,82.3,79.6,53.4,36.9,0.0,NW@8.3,13.5,,76.4,0.0,0.0,8,,"George West, George, Grant County",330033,George West,2017-12-12 20:00:45.590055
2013-07-07,19:30,81.9,79.1,52.8,36.6,0.0,NW@9.7,15.0,,76.4,0.0,0.0,7,,"George West, George, Grant County",330033,George West,2017-12-12 20:00:45.590055
2013-07-07,19:45,80.7,77.8,53.3,38.7,0.0,N@10.5,15.0,,76.5,0.0,0.0,5,,"George West, George, Grant County",330033,George West,2017-12-12 20:00:45.590055
2013-07-07,20:00,79.7,76.9,53.4,40.2,0.0,N@10.7,14.6,,76.6,0.0,0.0,3,,"George West, George, Grant County",330033,George West,2017-12-12 20:00:45.590055
2013-07-07,20:15,79.1,76.4,54.2,42.2,0.0,N@10.9,16.0,,76.6,0.0,0.0,0,,"George West, George, Grant County",330033,George West,2017-12-12 20:00:45.590055
2013-07-07,20:30,78.6,76.0,55.1,44.3,0.0,N@10.7,16.0,,76.7,0.0,0.0,0,,"George West, George, Grant County",330033,George West,2017-12-12 20:00:45.590055
2013-07-07,20:45,77.4,74.7,56.4,48.4,0.0,N@10.0,14.2,,76.8,0.0,0.0,0,,"George West, George, Grant County",330033,George West,2017-12-12 20:00:45.590055
2013-07-07,21:00,77.0,74.4,56.8,49.7,0.0,N@8.9,13.5,,76.8,0.0,0.0,0,,"George West, George, Grant County",330033,George West,2017-12-12 20:00:45.590055
2013-07-07,21:15,76.8,74.3,56.7,49.7,0.0,N@8.8,12.1,,76.8,0.0,0.0,0,,"George West, George, Grant County",330033,George West,2017-12-12 20:00:45.590055
2013-07-07,21:30,76.8,74.3,56.1,48.7,0.0,N@9.4,14.6,,76.9,0.0,0.0,0,,"George West, George, Grant County",330033,George West,2017-12-12 20:00:45.590055
2013-07-07,21:45,76.8,74.2,55.7,48.0,0.0,N@8.6,12.8,,76.9,0.0,0.0,0,,"George West, George, Grant County",330033,George West,2017-12-12 20:00:45.590055
2013-07-07,22:00,76.3,73.6,55.3,48.0,0.0,N@5.8,8.5,,77.0,0.0,0.0,0,,"George West, George, Grant County",330033,George West,2017-12-12 20:00:45.590055
2013-07-07,22:15,75.8,73.0,55.3,48.9,0.0,N@5.8,9.2,,77.0,0.0,0.0,0,,"George West, George, Grant County",330033,George West,2017-12-12 20:00:45.590055
2013-07-07,22:30,75.5,72.7,55.3,49.5,0.0,N@7.1,11.0,,77.0,0.0,0.0,0,,"George West, George, Grant County",330033,George West,2017-12-12 20:00:45.590055
2013-07-07,22:45,75.1,72.3,55.3,50.1,0.0,N@6.0,9.6,,77.0,0.0,0.0,0,,"George West, George, Grant County",330033,George West,2017-12-12 20:00:45.590055
2013-07-07,23:00,74.6,71.7,55.6,51.6,0.0,N@6.2,10.7,,77.0,0.0,0.0,0,,"George West, George, Grant County",330033,George West,2017-12-12 20:00:45.590055
2013-07-08,23:15,73.7,70.7,55.9,53.8,0.0,N@5.8,8.9,,77.0,0.0,0.0,0,,"George West, George, Grant County",330033,George West,2017-12-12 20:00:45.590055
2013-07-08,23:30,73.4,70.7,55.6,53.6,0.0,N@7.5,11.7,,77.0,0.0,0.0,0,,"George West, George, Grant County",330033,George West,2017-12-12 20:00:45.590055
2013-07-08,23:45,73.5,70.8,55.2,52.8,0.0,N@8.1,12.4,,77.0,0.0,0.0,0,,"George West, George, Grant County",330033,George West,2017-12-12 20:00:45.590055
2013-07-08,24:00,70.8,68.1,54.5,56.3,0.0,NE@4.9,7.8,,77.0,0.0,0.0,0,,"George West, George, Grant County",330033,George West,2017-12-12 20:00:45.590055
2013-07-08,00:15,68.8,66.5,54.2,59.8,0.0,NE@4.0,6.4,,77.0,0.0,0.0,0,,"George West, George, Grant County",330033,George West,2017-12-12 20:00:45.590055
2013-07-08,00:30,69.3,67.2,55.4,61.2,0.0,N@5.0,8.5,,77.0,0.0,0.0,0,,"George West, George, Grant County",330033,George West,2017-12-12 20:00:45.590055
2013-07-08,00:45,70.4,68.1,56.6,61.6,0.0,N@5.0,8.2,,77.0,0.0,0.0,0,,"George West, George, Grant County",330033,George West,2017-12-12 20:00:45.590055
2013-07-08,01:00,69.8,67.6,56.8,63.2,0.0,NW@4.3,6.7,,77.0,0.0,0.0,0,,"George West, George, Grant County",330033,George West,2017-12-12 20:00:45.590055
2013-07-08,01:15,69.7,67.4,56.8,63.5,0.0,NW@4.9,7.4,,77.0,0.0,0.0,0,,"George West, George, Grant County",330033,George West,2017-12-12 20:00:45.590055
2013-07-08,01:30,69.3,67.0,56.3,63.2,0.0,NW@4.6,7.4,,77.0,0.0,0.0,0,,"George West, George, Grant County",330033,George West,2017-12-12 20:00:45.590055
2013-07-08,01:45,67.2,64.3,56.6,68.9,0.0,SW@4.0,5.3,,77.0,0.0,0.0,0,,"George West, George, Grant County",330033,George West,2017-12-12 20:00:45.590055
2013-07-08,02:00,66.5,63.6,56.7,70.8,0.0,SW@3.6,5.3,,77.0,0.0,0.0,0,,"George West, George, Grant County",330033,George West,2017-12-12 20:00:45.590055
2013-07-08,02:15,66.8,64.1,56.1,68.3,0.0,SW@3.6,4.2,,76.9,0.0,0.0,0,,"George West, George, Grant County",330033,George West,2017-12-12 20:00:45.590055
2013-07-08,02:30,67.4,64.2,55.8,66.1,0.0,SW@0.5,3.1,,76.9,0.0,0.0,0,,"George West, George, Grant County",330033,George West,2017-12-12 20:00:45.590055
2013-07-08,02:45,65.7,62.8,55.4,69.3,0.0,N@0.0,0.0,,76.9,0.0,0.0,0,,"George West, George, Grant County",330033,George West,2017-12-12 20:00:45.590055
2013-07-08,03:00,67.2,63.8,56.2,67.8,0.0,N@0.0,0.0,,76.8,0.0,0.0,0,,"George West, George, Grant County",330033,George West,2017-12-12 20:00:45.590055
2013-07-08,03:15,64.1,60.9,55.4,73.3,0.0,N@0.0,0.0,,76.8,0.0,0.0,0,,"George West, George, Grant County",330033,George West,2017-12-12 20:00:45.590055
2013-07-08,03:30,65.4,62.7,55.7,70.7,0.0,N@0.0,0.0,,76.8,0.0,0.0,0,,"George West, George, Grant County",330033,George West,2017-12-12 20:00:45.590055
2013-07-08,03:45,65.3,62.3,55.8,71.3,0.0,N@0.0,0.0,,76.8,0.0,0.0,0,,"George West, George, Grant County",330033,George West,2017-12-12 20:00:45.590055
2013-07-08,04:00,65.9,63.0,55.7,69.4,0.0,N@0.0,0.0,,76.7,0.0,0.0,0,,"George West, George, Grant County",330033,George West,2017-12-12 20:00:45.590055
2013-07-08,04:15,65.7,62.7,54.7,67.5,0.0,N@3.0,4.2,,76.7,0.0,0.0,2,,"George West, George, Grant County",330033,George West,2017-12-12 20:00:45.590055
2013-07-08,04:30,66.4,63.5,54.6,65.7,0.0,N@4.5,6.0,,76.7,0.0,0.0,9,,"George West, George, Grant County",330033,George West,2017-12-12 20:00:45.590055
2013-07-08,04:45,67.3,64.5,54.7,64.0,0.0,NW@4.8,7.1,,76.7,0.0,0.0,25,,"George West, George, Grant County",330033,George West,2017-12-12 20:00:45.590055
2013-07-08,05:00,68.1,65.2,54.9,62.6,0.0,NW@4.6,7.1,,76.6,0.0,0.0,55,,"George West, George, Grant County",330033,George West,2017-12-12 20:00:45.590055
2013-07-08,05:15,68.7,65.9,55.1,61.7,0.0,NW@4.5,6.4,,76.6,0.0,0.0,79,,"George West, George, Grant County",330033,George West,2017-12-12 20:00:45.590055
2013-07-08,05:30,69.1,66.4,55.1,61.0,0.0,NW@4.3,6.0,,76.5,0.0,0.0,92,,"George West, George, Grant County",330033,George West,2017-12-12 20:00:45.590055
2013-07-08,05:45,69.9,67.3,55.2,59.4,0.0,NW@4.3,5.7,,76.5,0.0,0.0,132,,"George West, George, Grant County",330033,George West,2017-12-12 20:00:45.590055
2013-07-08,06:00,70.6,67.9,55.1,57.8,0.0,NW@5.5,7.8,,76.4,0.0,0.0,166,,"George West, George, Grant County",330033,George West,2017-12-12 20:00:45.590055
2013-07-08,06:15,71.2,68.3,54.9,56.4,0.0,NW@6.4,10.7,,76.3,0.0,0.0,160,,"George West, George, Grant County",330033,George West,2017-12-12 20:00:45.590055
2013-07-08,06:30,70.4,67.5,54.8,57.5,0.0,NW@5.7,8.9,,76.3,0.0,0.0,157,,"George West, George, Grant County",330033,George West,2017-12-12 20:00:45.590055
2013-07-08,06:45,72.2,69.3,55.0,54.5,0.0,NW@6.8,9.6,,76.2,0.0,0.0,259,,"George West, George, Grant County",330033,George West,2017-12-12 20:00:45.590055
2013-07-08,07:00,73.1,70.0,54.7,52.5,0.0,NW@6.4,8.9,,76.2,0.0,0.0,289,,"George West, George, Grant County",330033,George West,2017-12-12 20:00:45.590055
2013-07-08,07:15,74.2,71.3,54.3,49.9,0.0,N@6.0,9.2,,76.1,0.0,0.0,321,,"George West, George, Grant County",330033,George West,2017-12-12 20:00:45.590055
2013-07-08,07:30,75.4,72.3,54.1,47.5,0.0,N@7.5,10.7,,76.0,0.0,0.0,354,,"George West, George, Grant County",330033,George West,2017-12-12 20:00:45.590055
2013-07-08,07:45,76.3,73.2,54.2,46.2,0.0,N@7.2,10.3,,75.9,0.0,0.0,387,,"George West, George, Grant County",330033,George West,2017-12-12 20:00:45.590055
2013-07-08,08:00,77.3,74.1,54.4,45.0,0.0,N@7.0,11.0,,75.9,0.0,0.0,419,,"George West, George, Grant County",330033,George West,2017-12-12 20:00:45.590055
2013-07-08,08:15,77.8,74.5,54.3,44.3,0.0,N@6.6,10.3,,75.8,0.0,0.0,451,,"George West, George, Grant County",330033,George West,2017-12-12 20:00:45.590055
2013-07-08,08:30,78.2,74.9,54.6,44.1,0.0,NW@5.0,8.5,,75.8,0.0,0.0,482,,"George West, George, Grant County",330033,George West,2017-12-12 20:00:45.590055
2013-07-08,08:45,78.7,75.6,55.0,44.0,0.0,SW@3.0,7.4,,75.8,0.0,0.0,510,,"George West, George, Grant County",330033,George West,2017-12-12 20:00:45.590055
2013-07-08,09:00,79.8,76.3,54.9,42.3,0.0,NE@4.0,7.4,,75.5,0.0,0.0,539,,"George West, George, Grant County",330033,George West,2017-12-12 20:00:45.590055
2013-07-08,09:15,80.5,76.8,54.6,40.9,0.0,N@2.7,5.7,,75.6,0.0,0.0,567,,"George West, George, Grant County",330033,George West,2017-12-12 20:00:45.590055
2013-07-08,09:30,81.0,77.6,53.5,38.6,0.0,N@2.5,6.4,,75.5,0.0,0.0,592,,"George West, George, Grant County",330033,George West,2017-12-12 20:00:45.590055
2013-07-08,09:45,81.4,77.8,52.6,36.9,0.0,SE@3.5,6.4,,75.6,0.0,0.0,620,,"George West, George, Grant County",330033,George West,2017-12-12 20:00:45.590055
2013-07-08,10:00,81.8,78.5,53.6,37.7,0.0,S@3.5,7.1,,75.5,0.0,0.0,644,,"George West, George, Grant County",330033,George West,2017-12-12 20:00:45.590055
2013-07-08,10:15,82.8,79.3,52.9,35.6,0.0,SE@3.6,6.4,,75.5,0.0,0.0,665,,"George West, George, Grant County",330033,George West,2017-12-12 20:00:45.590055
2013-07-08,10:30,83.3,79.9,54.0,36.6,0.0,SE@4.3,7.4,,75.5,0.0,0.0,683,,"George West, George, Grant County",330033,George West,2017-12-12 20:00:45.590055
2013-07-08,10:45,83.7,80.3,53.9,35.9,0.0,E@3.5,6.4,,75.5,0.0,0.0,696,,"George West, George, Grant County",330033,George West,2017-12-12 20:00:45.590055
2013-07-08,11:00,83.8,80.3,54.5,36.6,0.0,S@3.9,7.4,,75.5,0.0,0.0,709,,"George West, George, Grant County",330033,George West,2017-12-12 20:00:45.590055
2013-07-08,11:15,84.5,81.1,54.7,36.1,0.0,E@5.7,9.6,,75.6,0.0,0.0,723,,"George West, George, Grant County",330033,George West,2017-12-12 20:00:45.590055
2013-07-08,11:30,84.7,81.2,54.2,35.2,0.0,E@4.5,9.2,,75.6,0.0,0.0,724,,"George West, George, Grant County",330033,George West,2017-12-12 20:00:45.590055
2013-07-08,11:45,85.2,81.8,54.1,34.5,0.0,SE@6.0,9.2,,75.7,0.0,0.0,741,,"George West, George, Grant County",330033,George West,2017-12-12 20:00:45.590055
2013-07-08,12:00,85.7,82.4,54.1,34.0,0.0,SE@4.7,8.5,,75.7,0.0,0.0,746,,"George West, George, Grant County",330033,George West,2017-12-12 20:00:45.590055
2013-07-08,12:15,86.0,82.6,52.4,31.6,0.0,SE@5.6,9.6,,75.8,0.0,0.0,744,,"George West, George, Grant County",330033,George West,2017-12-12 20:00:45.590055
2013-07-08,12:30,86.8,83.5,52.0,30.3,0.0,E@4.1,7.1,,75.9,0.0,0.0,749,,"George West, George, Grant County",330033,George West,2017-12-12 20:00:45.590055
2013-07-08,12:45,87.0,83.7,53.2,31.4,0.0,SE@5.9,9.6,,76.0,0.0,0.0,742,,"George West, George, Grant County",330033,George West,2017-12-12 20:00:45.590055
2013-07-08,13:00,87.3,83.9,53.4,31.5,0.0,SE@6.0,11.0,,76.0,0.0,0.0,732,,"George West, George, Grant County",330033,George West,2017-12-12 20:00:45.590055
2013-07-08,13:15,87.6,84.1,53.0,30.7,0.0,SE@5.0,10.3,,76.2,0.0,0.0,728,,"George West, George, Grant County",330033,George West,2017-12-12 20:00:45.590055
2013-07-08,13:30,87.8,84.4,53.6,31.1,0.0,SE@5.8,9.9,,76.3,0.0,0.0,710,,"George West, George, Grant County",330033,George West,2017-12-12 20:00:45.590055
2013-07-08,13:45,88.3,84.9,53.3,30.4,0.0,SE@5.5,9.6,,76.4,0.0,0.0,705,,"George West, George, Grant County",330033,George West,2017-12-12 20:00:45.590055
2013-07-08,14:00,88.5,85.1,53.2,30.0,0.0,SE@5.5,9.2,,76.4,0.0,0.0,689,,"George West, George, Grant County",330033,George West,2017-12-12 20:00:45.590055
2013-07-08,14:15,88.7,85.3,52.9,29.6,0.0,SE@5.3,10.7,,76.6,0.0,0.0,675,,"George West, George, Grant County",330033,George West,2017-12-12 20:00:45.590055
2013-07-08,14:30,88.9,85.4,53.4,29.9,0.0,SE@5.3,9.2,,76.7,0.0,0.0,657,,"George West, George, Grant County",330033,George West,2017-12-12 20:00:45.590055
2013-07-08,14:45,89.3,85.8,53.8,30.0,0.0,SE@6.2,9.9,,76.8,0.0,0.0,633,,"George West, George, Grant County",330033,George West,2017-12-12 20:00:45.590055
2013-07-08,15:00,89.6,86.3,53.8,29.6,0.0,SE@5.2,9.2,,76.9,0.0,0.0,613,,"George West, George, Grant County",330033,George West,2017-12-12 20:00:45.590055
2013-07-08,15:15,89.6,86.2,53.7,29.6,0.0,SE@5.0,8.5,,77.1,0.0,0.0,558,,"George West, George, Grant County",330033,George West,2017-12-12 20:00:45.590055
2013-07-08,15:30,90.1,86.8,54.3,29.7,0.0,SE@5.9,8.5,,77.2,0.0,0.0,551,,"George West, George, Grant County",330033,George West,2017-12-12 20:00:45.590055
2013-07-08,15:45,89.9,86.5,53.8,29.4,0.0,SE@6.0,10.3,,77.2,0.0,0.0,524,,"George West, George, Grant County",330033,George West,2017-12-12 20:00:45.590055
2013-07-08,16:00,90.1,86.7,54.4,29.8,0.0,SE@6.3,9.9,,77.2,0.0,0.0,487,,"George West, George, Grant County",330033,George West,2017-12-12 20:00:45.590055
2013-07-08,16:15,90.5,87.2,54.0,29.0,0.0,SE@6.5,10.3,,77.4,0.0,0.0,471,,"George West, George, Grant County",330033,George West,2017-12-12 20:00:45.590055
2013-07-08,16:30,90.5,87.0,53.7,28.8,0.0,SE@6.5,9.6,,77.4,0.0,0.0,435,,"George West, George, Grant County",330033,George West,2017-12-12 20:00:45.590055
2013-07-08,16:45,90.7,87.3,53.3,28.2,0.0,E@6.1,9.2,,77.5,0.0,0.0,402,,"George West, George, Grant County",330033,George West,2017-12-12 20:00:45.590055
2013-07-08,17:00,90.4,87.0,54.0,29.2,0.0,E@6.0,9.9,,77.5,0.0,0.0,368,,"George West, George, Grant County",330033,George West,2017-12-12 20:00:45.590055
2013-07-08,17:15,90.7,87.3,50.1,24.9,0.0,E@6.1,9.6,,77.6,0.0,0.0,336,,"George West, George, Grant County",330033,George West,2017-12-12 20:00:45.590055
2013-07-08,17:30,89.4,85.8,56.4,32.8,0.0,SE@6.0,9.2,,77.7,0.0,0.0,288,,"George West, George, Grant County",330033,George West,2017-12-12 20:00:45.590055
2013-07-08,17:45,87.5,84.0,57.5,36.3,0.0,SE@5.8,9.6,,77.8,0.0,0.0,214,,"George West, George, Grant County",330033,George West,2017-12-12 20:00:45.590055
2013-07-08,18:00,87.6,84.3,54.1,31.9,0.0,E@5.6,8.2,,77.9,0.0,0.0,190,,"George West, George, Grant County",330033,George West,2017-12-12 20:00:45.590055
2013-07-08,18:15,87.0,83.5,55.9,34.7,0.0,SE@5.0,8.5,,77.9,0.0,0.0,209,,"George West, George, Grant County",330033,George West,2017-12-12 20:00:45.590055
2013-07-08,18:30,86.0,82.5,57.3,37.8,0.0,SE@5.2,9.9,,78.0,0.0,0.0,180,,"George West, George, Grant County",330033,George West,2017-12-12 20:00:45.590055
2013-07-08,18:45,85.9,82.5,54.9,34.7,0.0,E@4.2,12.1,,78.0,0.0,0.0,98,,"George West, George, Grant County",330033,George West,2017-12-12 20:00:45.590055
2013-07-08,19:00,85.4,82.0,55.2,35.7,0.0,SW@1.8,7.4,,78.1,0.0,0.0,88,,"George West, George, Grant County",330033,George West,2017-12-12 20:00:45.590055
2013-07-08,19:15,83.6,80.3,55.0,37.5,0.0,SW@4.8,6.7,,78.1,0.0,0.0,74,,"George West, George, Grant County",330033,George West,2017-12-12 20:00:45.590055
2013-07-08,19:30,82.1,78.9,55.3,39.8,0.0,S@5.5,8.2,,78.1,0.0,0.0,47,,"George West, George, Grant County",330033,George West,2017-12-12 20:00:45.590055
2013-07-08,19:45,81.4,78.3,54.9,40.1,0.0,SW@5.8,9.6,,78.2,0.0,0.0,21,,"George West, George, Grant County",330033,George West,2017-12-12 20:00:45.590055
2013-07-08,20:00,80.8,77.8,54.2,39.9,0.0,SW@5.9,8.2,,78.2,0.0,0.0,8,,"George West, George, Grant County",330033,George West,2017-12-12 20:00:45.590055
2013-07-08,20:15,79.4,76.3,54.4,42.0,0.0,SW@5.3,7.4,,78.2,0.0,0.0,3,,"George West, George, Grant County",330033,George West,2017-12-12 20:00:45.590055
2013-07-08,20:30,78.5,75.4,54.0,42.7,0.0,SW@5.0,6.4,,78.3,0.0,0.0,0,,"George West, George, Grant County",330033,George West,2017-12-12 20:00:45.590055
2013-07-08,20:45,77.3,74.3,54.2,44.7,0.0,SW@4.2,5.3,,78.3,0.0,0.0,0,,"George West, George, Grant County",330033,George West,2017-12-12 20:00:45.590055
2013-07-08,21:00,77.6,74.5,53.1,42.5,0.0,W@3.1,4.6,,78.3,0.0,0.0,0,,"George West, George, Grant County",330033,George West,2017-12-12 20:00:45.590055
2013-07-08,21:15,78.8,75.8,50.8,37.6,0.0,W@3.3,7.1,,78.3,0.0,0.0,0,,"George West, George, Grant County",330033,George West,2017-12-12 20:00:45.590055
2013-07-08,21:30,74.6,71.2,53.5,47.7,0.0,S@3.6,6.0,,78.3,0.0,0.0,0,,"George West, George, Grant County",330033,George West,2017-12-12 20:00:45.590055
2013-07-08,21:45,74.1,71.2,53.9,49.2,0.0,S@3.5,4.6,,78.3,0.0,0.0,0,,"George West, George, Grant County",330033,George West,2017-12-12 20:00:45.590055
2013-07-08,22:00,73.5,70.7,54.3,50.9,0.0,S@1.2,3.9,,78.3,0.0,0.0,0,,"George West, George, Grant County",330033,George West,2017-12-12 20:00:45.590055
2013-07-08,22:15,74.7,71.7,54.0,48.5,0.0,SE@0.5,3.5,,78.3,0.0,0.0,0,,"George West, George, Grant County",330033,George West,2017-12-12 20:00:45.590055
2013-07-08,22:30,73.8,70.9,53.3,48.7,0.0,N@0.0,0.0,,78.2,0.0,0.0,0,,"George West, George, Grant County",330033,George West,2017-12-12 20:00:45.590055
2013-07-08,22:45,73.9,70.9,53.5,48.9,0.0,N@0.0,0.0,,78.2,0.0,0.0,0,,"George West, George, Grant County",330033,George West,2017-12-12 20:00:45.590055
2013-07-08,23:00,72.1,69.4,55.3,55.5,0.0,SW@2.2,5.3,,78.2,0.0,0.0,0,,"George West, George, Grant County",330033,George West,2017-12-12 20:00:45.590055
2013-07-09,23:15,74.9,71.7,54.2,48.5,0.0,N@0.0,0.0,,78.2,0.0,0.0,0,,"George West, George, Grant County",330033,George West,2017-12-12 20:00:45.590055
2013-07-09,23:30,73.5,70.1,54.7,51.8,0.0,N@0.0,0.0,,78.2,0.0,0.0,0,,"George West, George, Grant County",330033,George West,2017-12-12 20:00:45.590055
2013-07-09,23:45,73.7,70.7,54.4,50.8,0.0,N@1.8,5.3,,78.1,0.0,0.0,0,,"George West, George, Grant County",330033,George West,2017-12-12 20:00:45.590055
2013-07-09,24:00,74.3,71.4,53.7,48.4,0.0,N@3.6,4.9,,78.1,0.0,0.0,0,,"George West, George, Grant County",330033,George West,2017-12-12 20:00:45.590055
