Date,Time PDT,Air Temp °F, Dew Point °F, Rel Hum %, Tot Prec in, Wind Dir @ Speed mph, Wind Gust mph, Leaf Wet u., Solar Rad W/m², 8 in. Soil Tmp °F,Location,Station ID,Station Name,Download Timestamp
2009-03-04,23:15,36.5,31.9,83.2,0.0,N@4.2,5.7,0.0,0,44.2,"Prosser.NE (WSU Hamilton), Prosser, Benton County",110029,Hamilton,2020-06-01 13:46:41.380393
2009-03-04,23:30,36.4,32.0,84.0,0.0,W@3.6,6.0,0.0,0,44.2,"Prosser.NE (WSU Hamilton), Prosser, Benton County",110029,Hamilton,2020-06-01 13:46:41.380393
2009-03-04,23:45,36.8,32.0,82.4,0.0,NE@2.8,4.2,0.0,0,44.1,"Prosser.NE (WSU Hamilton), Prosser, Benton County",110029,Hamilton,2020-06-01 13:46:41.380393
2009-03-04,24:00,36.2,31.9,84.2,0.0,W@0.5,3.1,0.0,0,44.1,"Prosser.NE (WSU Hamilton), Prosser, Benton County",110029,Hamilton,2020-06-01 13:46:41.380393
2009-03-05,00:15,35.9,32.0,85.5,0.0,NW@1.2,3.9,0.0,0,44.0,"Prosser.NE (WSU Hamilton), Prosser, Benton County",110029,Hamilton,2020-06-01 13:46:41.380393
2009-03-05,00:30,37.3,32.3,82.0,0.0,W@2.7,3.9,0.0,0,44.0,"Prosser.NE (WSU Hamilton), Prosser, Benton County",110029,Hamilton,2020-06-01 13:46:41.380393
2009-03-05,00:45,37.2,32.1,81.6,0.0,SE@3.0,4.6,0.0,0,43.9,"Prosser.NE (WSU Hamilton), Prosser, Benton County",110029,Hamilton,2020-06-01 13:46:41.380393
2009-03-05,01:00,37.6,32.2,80.6,0.0,SW@3.0,4.2,0.0,0,43.9,"Prosser.NE (WSU Hamilton), Prosser, Benton County",110029,Hamilton,2020-06-01 13:46:41.380393
2009-03-05,01:15,36.9,32.2,82.7,0.0,W@2.9,5.7,0.0,0,43.8,"Prosser.NE (WSU Hamilton), Prosser, Benton County",110029,Hamilton,2020-06-01 13:46:41.380393
2009-03-05,01:30,38.2,31.9,77.7,0.0,NW@0.9,3.9,0.0,0,43.8,"Prosser.NE (WSU Hamilton), Prosser, Benton County",110029,Hamilton,2020-06-01 13:46:41.380393
2009-03-05,01:45,39.1,32.2,76.0,0.0,W@0.1,1.7,0.0,0,43.7,"Prosser.NE (WSU Hamilton), Prosser, Benton County",110029,Hamilton,2020-06-01 13:46:41.380393
2009-03-05,02:00,39.8,31.7,72.4,0.0,NW@0.9,2.4,0.0,0,43.6,"Prosser.NE (WSU Hamilton), Prosser, Benton County",110029,Hamilton,2020-06-01 13:46:41.380393
2009-03-05,02:15,40.5,31.5,70.0,0.0,W@1.4,4.2,0.0,0,43.6,"Prosser.NE (WSU Hamilton), Prosser, Benton County",110029,Hamilton,2020-06-01 13:46:41.380393
2009-03-05,02:30,39.7,31.7,72.9,0.0,W@0.1,2.1,0.0,0,43.5,"Prosser.NE (WSU Hamilton), Prosser, Benton County",110029,Hamilton,2020-06-01 13:46:41.380393
2009-03-05,02:45,39.6,31.6,72.7,0.0,W@0.1,2.4,0.0,0,43.5,"Prosser.NE (WSU Hamilton), Prosser, Benton County",110029,Hamilton,2020-06-01 13:46:41.380393
2009-03-05,03:00,40.1,32.0,72.5,0.0,S@0.7,2.8,0.0,0,43.4,"Prosser.NE (WSU Hamilton), Prosser, Benton County",110029,Hamilton,2020-06-01 13:46:41.380393
2009-03-05,03:15,39.9,31.9,72.7,0.0,SW@2.3,5.7,0.0,0,43.4,"Prosser.NE (WSU Hamilton), Prosser, Benton County",110029,Hamilton,2020-06-01 13:46:41.380393
2009-03-05,03:30,41.3,32.1,69.5,0.0,W@4.7,7.1,0.0,0,43.3,"Prosser.NE (WSU Hamilton), Prosser, Benton County",110029,Hamilton,2020-06-01 13:46:41.380393
2009-03-05,03:45,41.5,32.4,69.7,0.0,W@3.4,6.0,0.0,0,43.2,"Prosser.NE (WSU Hamilton), Prosser, Benton County",110029,Hamilton,2020-06-01 13:46:41.380393
2009-03-05,04:00,41.4,32.5,70.3,0.0,SW@3.7,6.7,0.0,0,43.2,"Prosser.NE (WSU Hamilton), Prosser, Benton County",110029,Hamilton,2020-06-01 13:46:41.380393
2009-03-05,04:15,41.5,32.5,70.3,0.0,SW@4.1,7.4,0.0,0,43.1,"Prosser.NE (WSU Hamilton), Prosser, Benton County",110029,Hamilton,2020-06-01 13:46:41.380393
2009-03-05,04:30,43.0,32.4,65.8,0.0,W@4.8,11.0,0.0,0,43.1,"Prosser.NE (WSU Hamilton), Prosser, Benton County",110029,Hamilton,2020-06-01 13:46:41.380393
2009-03-05,04:45,44.2,32.3,62.6,0.0,W@8.0,14.2,0.0,0,43.0,"Prosser.NE (WSU Hamilton), Prosser, Benton County",110029,Hamilton,2020-06-01 13:46:41.380393
2009-03-05,05:00,44.6,32.4,61.9,0.0,W@13.3,20.0,0.0,0,43.0,"Prosser.NE (WSU Hamilton), Prosser, Benton County",110029,Hamilton,2020-06-01 13:46:41.380393
2009-03-05,05:15,44.6,32.8,63.0,0.0,W@17.4,25.0,0.0,0,42.9,"Prosser.NE (WSU Hamilton), Prosser, Benton County",110029,Hamilton,2020-06-01 13:46:41.380393
2009-03-05,05:30,43.6,33.6,67.4,0.0,W@13.8,20.3,0.0,0,42.9,"Prosser.NE (WSU Hamilton), Prosser, Benton County",110029,Hamilton,2020-06-01 13:46:41.380393
2009-03-05,05:45,43.3,33.9,69.1,0.0,W@13.2,19.2,0.0,0,42.8,"Prosser.NE (WSU Hamilton), Prosser, Benton County",110029,Hamilton,2020-06-01 13:46:41.380393
2009-03-05,06:00,43.0,34.1,70.6,0.0,SW@14.4,22.5,0.0,0,42.7,"Prosser.NE (WSU Hamilton), Prosser, Benton County",110029,Hamilton,2020-06-01 13:46:41.380393
2009-03-05,06:15,42.6,34.5,73.0,0.0,SW@16.0,23.9,0.0,0,42.7,"Prosser.NE (WSU Hamilton), Prosser, Benton County",110029,Hamilton,2020-06-01 13:46:41.380393
2009-03-05,06:30,42.2,34.5,73.8,0.0,SW@14.8,25.3,0.0,1,42.7,"Prosser.NE (WSU Hamilton), Prosser, Benton County",110029,Hamilton,2020-06-01 13:46:41.380393
2009-03-05,06:45,41.9,34.5,74.7,0.0,SW@15.2,23.9,0.0,3,42.6,"Prosser.NE (WSU Hamilton), Prosser, Benton County",110029,Hamilton,2020-06-01 13:46:41.380393
2009-03-05,07:00,41.9,34.8,75.5,0.0,SW@14.2,23.5,0.0,7,42.6,"Prosser.NE (WSU Hamilton), Prosser, Benton County",110029,Hamilton,2020-06-01 13:46:41.380393
2009-03-05,07:15,42.1,34.5,74.3,0.0,SW@14.2,20.7,0.0,13,42.5,"Prosser.NE (WSU Hamilton), Prosser, Benton County",110029,Hamilton,2020-06-01 13:46:41.380393
2009-03-05,07:30,42.5,34.4,72.8,0.0,SW@14.3,21.4,0.0,19,42.5,"Prosser.NE (WSU Hamilton), Prosser, Benton County",110029,Hamilton,2020-06-01 13:46:41.380393
2009-03-05,07:45,42.5,34.5,73.1,0.0,SW@13.8,23.2,0.0,26,42.4,"Prosser.NE (WSU Hamilton), Prosser, Benton County",110029,Hamilton,2020-06-01 13:46:41.380393
2009-03-05,08:00,42.5,34.5,73.2,0.0,SW@13.3,20.3,0.0,31,42.4,"Prosser.NE (WSU Hamilton), Prosser, Benton County",110029,Hamilton,2020-06-01 13:46:41.380393
2009-03-05,08:15,42.8,34.8,73.3,0.0,SW@12.6,22.5,0.0,29,42.3,"Prosser.NE (WSU Hamilton), Prosser, Benton County",110029,Hamilton,2020-06-01 13:46:41.380393
2009-03-05,08:30,43.1,34.6,71.8,0.0,SW@13.1,20.3,0.0,60,42.3,"Prosser.NE (WSU Hamilton), Prosser, Benton County",110029,Hamilton,2020-06-01 13:46:41.380393
2009-03-05,08:45,43.1,35.0,72.7,0.0,SW@11.1,21.8,0.0,82,42.3,"Prosser.NE (WSU Hamilton), Prosser, Benton County",110029,Hamilton,2020-06-01 13:46:41.380393
2009-03-05,09:00,43.1,35.1,73.1,0.0,SW@10.1,15.3,0.0,100,42.2,"Prosser.NE (WSU Hamilton), Prosser, Benton County",110029,Hamilton,2020-06-01 13:46:41.380393
2009-03-05,09:15,43.9,35.2,71.4,0.0,SW@12.0,17.8,0.0,161,42.2,"Prosser.NE (WSU Hamilton), Prosser, Benton County",110029,Hamilton,2020-06-01 13:46:41.380393
2009-03-05,09:30,44.4,34.8,68.8,0.0,SW@12.7,20.3,0.0,140,42.2,"Prosser.NE (WSU Hamilton), Prosser, Benton County",110029,Hamilton,2020-06-01 13:46:41.380393
2009-03-05,09:45,45.1,35.1,67.7,0.0,SW@13.2,18.5,0.0,347,42.2,"Prosser.NE (WSU Hamilton), Prosser, Benton County",110029,Hamilton,2020-06-01 13:46:41.380393
2009-03-05,10:00,46.9,35.8,65.1,0.0,SW@12.3,18.5,0.0,479,42.1,"Prosser.NE (WSU Hamilton), Prosser, Benton County",110029,Hamilton,2020-06-01 13:46:41.380393
2009-03-05,10:15,48.5,35.8,61.4,0.0,SW@10.3,15.7,0.0,513,42.1,"Prosser.NE (WSU Hamilton), Prosser, Benton County",110029,Hamilton,2020-06-01 13:46:41.380393
2009-03-05,10:30,50.1,32.2,49.9,0.0,W@12.1,20.3,0.0,611,42.1,"Prosser.NE (WSU Hamilton), Prosser, Benton County",110029,Hamilton,2020-06-01 13:46:41.380393
2009-03-05,10:45,50.4,30.6,46.2,0.0,W@17.0,27.5,0.0,683,42.1,"Prosser.NE (WSU Hamilton), Prosser, Benton County",110029,Hamilton,2020-06-01 13:46:41.380393
2009-03-05,11:00,49.8,30.2,46.6,0.0,W@16.3,23.2,0.0,412,42.0,"Prosser.NE (WSU Hamilton), Prosser, Benton County",110029,Hamilton,2020-06-01 13:46:41.380393
2009-03-05,11:15,49.6,29.6,46.0,0.0,SW@15.7,23.5,0.0,351,42.0,"Prosser.NE (WSU Hamilton), Prosser, Benton County",110029,Hamilton,2020-06-01 13:46:41.380393
2009-03-05,11:30,50.0,29.4,44.8,0.0,W@18.1,25.3,0.0,435,42.0,"Prosser.NE (WSU Hamilton), Prosser, Benton County",110029,Hamilton,2020-06-01 13:46:41.380393
2009-03-05,11:45,49.9,28.8,43.9,0.0,W@16.1,24.6,0.0,428,42.0,"Prosser.NE (WSU Hamilton), Prosser, Benton County",110029,Hamilton,2020-06-01 13:46:41.380393
2009-03-05,12:00,49.9,29.0,44.2,0.0,W@14.2,23.2,0.0,366,42.0,"Prosser.NE (WSU Hamilton), Prosser, Benton County",110029,Hamilton,2020-06-01 13:46:41.380393
2009-03-05,12:15,49.9,29.4,44.9,0.0,W@12.7,21.4,0.02,369,42.0,"Prosser.NE (WSU Hamilton), Prosser, Benton County",110029,Hamilton,2020-06-01 13:46:41.380393
2009-03-05,12:30,49.5,29.7,46.2,0.0,W@9.2,16.7,0.03,270,42.0,"Prosser.NE (WSU Hamilton), Prosser, Benton County",110029,Hamilton,2020-06-01 13:46:41.380393
2009-03-05,12:45,47.7,31.5,53.1,0.0,NW@9.0,17.1,0.42,200,42.0,"Prosser.NE (WSU Hamilton), Prosser, Benton County",110029,Hamilton,2020-06-01 13:46:41.380393
2009-03-05,13:00,45.5,33.1,61.6,0.0,NW@6.8,12.8,0.71,215,42.1,"Prosser.NE (WSU Hamilton), Prosser, Benton County",110029,Hamilton,2020-06-01 13:46:41.380393
2009-03-05,13:15,47.0,34.9,62.7,0.0,W@5.2,8.9,0.58,406,42.1,"Prosser.NE (WSU Hamilton), Prosser, Benton County",110029,Hamilton,2020-06-01 13:46:41.380393
2009-03-05,13:30,48.3,33.3,55.9,0.0,W@9.5,21.0,0.13,214,42.2,"Prosser.NE (WSU Hamilton), Prosser, Benton County",110029,Hamilton,2020-06-01 13:46:41.380393
2009-03-05,13:45,46.0,32.9,59.8,0.0,W@14.9,28.2,0.16,69,42.2,"Prosser.NE (WSU Hamilton), Prosser, Benton County",110029,Hamilton,2020-06-01 13:46:41.380393
2009-03-05,14:00,43.4,35.3,73.1,0.0,W@5.9,13.5,0.76,109,42.3,"Prosser.NE (WSU Hamilton), Prosser, Benton County",110029,Hamilton,2020-06-01 13:46:41.380393
2009-03-05,14:15,44.6,36.0,71.6,0.0,W@9.1,15.7,0.91,215,42.3,"Prosser.NE (WSU Hamilton), Prosser, Benton County",110029,Hamilton,2020-06-01 13:46:41.380393
2009-03-05,14:30,45.7,35.8,68.2,0.0,NW@7.1,14.2,0.61,156,42.4,"Prosser.NE (WSU Hamilton), Prosser, Benton County",110029,Hamilton,2020-06-01 13:46:41.380393
2009-03-05,14:45,45.0,35.5,69.0,0.0,NW@7.6,10.7,0.07,236,42.4,"Prosser.NE (WSU Hamilton), Prosser, Benton County",110029,Hamilton,2020-06-01 13:46:41.380393
2009-03-05,15:00,46.2,35.5,66.0,0.0,NW@4.2,7.4,0.0,295,42.5,"Prosser.NE (WSU Hamilton), Prosser, Benton County",110029,Hamilton,2020-06-01 13:46:41.380393
2009-03-05,15:15,47.8,35.9,63.1,0.0,W@8.0,20.3,0.1,548,42.5,"Prosser.NE (WSU Hamilton), Prosser, Benton County",110029,Hamilton,2020-06-01 13:46:41.380393
2009-03-05,15:30,46.1,34.8,64.5,0.0,W@13.4,18.5,0.01,212,42.6,"Prosser.NE (WSU Hamilton), Prosser, Benton County",110029,Hamilton,2020-06-01 13:46:41.380393
2009-03-05,15:45,45.8,34.1,63.5,0.0,W@12.8,18.2,0.0,209,42.6,"Prosser.NE (WSU Hamilton), Prosser, Benton County",110029,Hamilton,2020-06-01 13:46:41.380393
2009-03-05,16:00,46.7,34.3,61.6,0.0,W@9.9,16.4,0.0,192,42.7,"Prosser.NE (WSU Hamilton), Prosser, Benton County",110029,Hamilton,2020-06-01 13:46:41.380393
2009-03-05,16:15,46.9,34.3,61.1,0.0,W@11.3,18.5,0.0,152,42.7,"Prosser.NE (WSU Hamilton), Prosser, Benton County",110029,Hamilton,2020-06-01 13:46:41.380393
2009-03-05,16:30,46.5,33.0,59.0,0.0,W@8.4,14.6,0.0,64,42.8,"Prosser.NE (WSU Hamilton), Prosser, Benton County",110029,Hamilton,2020-06-01 13:46:41.380393
2009-03-05,16:45,42.5,34.6,73.4,0.0,S@10.6,17.8,0.01,75,42.8,"Prosser.NE (WSU Hamilton), Prosser, Benton County",110029,Hamilton,2020-06-01 13:46:41.380393
2009-03-05,17:00,41.1,35.0,78.7,0.0,NE@6.2,9.6,0.0,64,42.9,"Prosser.NE (WSU Hamilton), Prosser, Benton County",110029,Hamilton,2020-06-01 13:46:41.380393
2009-03-05,17:15,41.4,34.8,77.4,0.0,NE@5.3,9.2,0.0,53,42.9,"Prosser.NE (WSU Hamilton), Prosser, Benton County",110029,Hamilton,2020-06-01 13:46:41.380393
2009-03-05,17:30,40.6,34.9,80.0,0.0,E@3.9,7.4,0.0,35,43.0,"Prosser.NE (WSU Hamilton), Prosser, Benton County",110029,Hamilton,2020-06-01 13:46:41.380393
2009-03-05,17:45,39.8,34.6,81.6,0.0,SE@2.4,6.4,0.0,13,43.0,"Prosser.NE (WSU Hamilton), Prosser, Benton County",110029,Hamilton,2020-06-01 13:46:41.380393
2009-03-05,18:00,40.3,34.2,78.6,0.0,SW@1.9,4.2,0.0,3,43.1,"Prosser.NE (WSU Hamilton), Prosser, Benton County",110029,Hamilton,2020-06-01 13:46:41.380393
2009-03-05,18:15,40.0,34.3,79.8,0.0,S@1.9,4.6,0.0,0,43.1,"Prosser.NE (WSU Hamilton), Prosser, Benton County",110029,Hamilton,2020-06-01 13:46:41.380393
2009-03-05,18:30,41.1,32.3,70.6,0.0,W@4.6,16.4,0.04,0,43.2,"Prosser.NE (WSU Hamilton), Prosser, Benton County",110029,Hamilton,2020-06-01 13:46:41.380393
2009-03-05,18:45,41.6,30.5,64.6,0.0,W@6.1,15.3,0.03,0,43.2,"Prosser.NE (WSU Hamilton), Prosser, Benton County",110029,Hamilton,2020-06-01 13:46:41.380393
2009-03-05,19:00,38.4,31.5,76.0,0.0,S@11.0,20.3,0.0,0,43.2,"Prosser.NE (WSU Hamilton), Prosser, Benton County",110029,Hamilton,2020-06-01 13:46:41.380393
2009-03-05,19:15,37.3,30.6,76.6,0.0,S@10.8,16.4,0.0,0,43.2,"Prosser.NE (WSU Hamilton), Prosser, Benton County",110029,Hamilton,2020-06-01 13:46:41.380393
2009-03-05,19:30,36.8,29.5,74.5,0.0,W@7.6,14.2,0.0,0,43.3,"Prosser.NE (WSU Hamilton), Prosser, Benton County",110029,Hamilton,2020-06-01 13:46:41.380393
2009-03-05,19:45,35.9,28.4,73.9,0.0,E@5.1,11.0,0.0,0,43.3,"Prosser.NE (WSU Hamilton), Prosser, Benton County",110029,Hamilton,2020-06-01 13:46:41.380393
2009-03-05,20:00,35.6,28.4,74.8,0.0,E@4.4,7.4,0.0,0,43.3,"Prosser.NE (WSU Hamilton), Prosser, Benton County",110029,Hamilton,2020-06-01 13:46:41.380393
2009-03-05,20:15,35.2,27.8,74.1,0.0,E@4.2,9.6,0.0,0,43.3,"Prosser.NE (WSU Hamilton), Prosser, Benton County",110029,Hamilton,2020-06-01 13:46:41.380393
2009-03-05,20:30,34.6,27.8,75.8,0.0,SE@6.2,14.6,0.0,0,43.3,"Prosser.NE (WSU Hamilton), Prosser, Benton County",110029,Hamilton,2020-06-01 13:46:41.380393
2009-03-05,20:45,34.7,27.1,73.4,0.0,E@8.6,16.4,0.0,0,43.3,"Prosser.NE (WSU Hamilton), Prosser, Benton County",110029,Hamilton,2020-06-01 13:46:41.380393
2009-03-05,21:00,35.1,25.2,66.7,0.0,NE@7.9,14.6,0.0,0,43.3,"Prosser.NE (WSU Hamilton), Prosser, Benton County",110029,Hamilton,2020-06-01 13:46:41.380393
2009-03-05,21:15,34.9,25.4,68.0,0.0,E@8.3,16.7,0.0,0,43.3,"Prosser.NE (WSU Hamilton), Prosser, Benton County",110029,Hamilton,2020-06-01 13:46:41.380393
2009-03-05,21:30,35.2,22.8,60.2,0.0,E@10.9,17.5,0.0,0,43.2,"Prosser.NE (WSU Hamilton), Prosser, Benton County",110029,Hamilton,2020-06-01 13:46:41.380393
2009-03-05,21:45,35.3,21.7,57.2,0.0,E@9.3,15.3,0.0,0,43.2,"Prosser.NE (WSU Hamilton), Prosser, Benton County",110029,Hamilton,2020-06-01 13:46:41.380393
2009-03-05,22:00,35.2,20.7,55.1,0.0,NE@9.3,15.0,0.0,0,43.2,"Prosser.NE (WSU Hamilton), Prosser, Benton County",110029,Hamilton,2020-06-01 13:46:41.380393
2009-03-05,22:15,35.0,21.9,58.4,0.0,E@9.0,16.4,0.0,0,43.2,"Prosser.NE (WSU Hamilton), Prosser, Benton County",110029,Hamilton,2020-06-01 13:46:41.380393
2009-03-05,22:30,34.8,22.2,59.6,0.0,E@8.8,14.6,0.0,0,43.1,"Prosser.NE (WSU Hamilton), Prosser, Benton County",110029,Hamilton,2020-06-01 13:46:41.380393
2009-03-05,22:45,34.8,20.0,54.3,0.0,E@9.8,20.0,0.0,0,43.1,"Prosser.NE (WSU Hamilton), Prosser, Benton County",110029,Hamilton,2020-06-01 13:46:41.380393
2009-03-05,23:00,34.6,19.3,53.0,0.0,E@10.5,20.3,0.0,0,43.1,"Prosser.NE (WSU Hamilton), Prosser, Benton County",110029,Hamilton,2020-06-01 13:46:41.380393
2009-03-05,23:15,34.2,18.4,52.1,0.0,E@9.3,14.6,0.0,0,43.1,"Prosser.NE (WSU Hamilton), Prosser, Benton County",110029,Hamilton,2020-06-01 13:46:41.380393
2009-03-05,23:30,34.2,16.6,48.2,0.0,NE@8.3,14.2,0.0,0,43.0,"Prosser.NE (WSU Hamilton), Prosser, Benton County",110029,Hamilton,2020-06-01 13:46:41.380393
2009-03-05,23:45,34.0,16.1,47.5,0.0,NE@7.8,12.4,0.0,0,43.0,"Prosser.NE (WSU Hamilton), Prosser, Benton County",110029,Hamilton,2020-06-01 13:46:41.380393
2009-03-05,24:00,33.7,16.4,48.7,0.0,E@8.3,13.5,0.0,0,42.9,"Prosser.NE (WSU Hamilton), Prosser, Benton County",110029,Hamilton,2020-06-01 13:46:41.380393
2009-03-06,00:15,33.2,16.3,49.4,0.0,SW@9.7,18.9,0.0,0,42.9,"Prosser.NE (WSU Hamilton), Prosser, Benton County",110029,Hamilton,2020-06-01 13:46:41.380393
2009-03-06,00:30,33.0,15.4,48.0,0.0,SW@8.7,14.6,0.0,0,42.8,"Prosser.NE (WSU Hamilton), Prosser, Benton County",110029,Hamilton,2020-06-01 13:46:41.380393
2009-03-06,00:45,33.0,15.2,47.5,0.0,SW@5.3,11.7,0.0,0,42.8,"Prosser.NE (WSU Hamilton), Prosser, Benton County",110029,Hamilton,2020-06-01 13:46:41.380393
2009-03-06,01:00,32.8,15.4,48.1,0.0,S@2.2,4.6,0.0,0,42.7,"Prosser.NE (WSU Hamilton), Prosser, Benton County",110029,Hamilton,2020-06-01 13:46:41.380393
2009-03-06,01:15,33.3,13.7,44.1,0.0,W@4.5,10.3,0.0,0,42.7,"Prosser.NE (WSU Hamilton), Prosser, Benton County",110029,Hamilton,2020-06-01 13:46:41.380393
2009-03-06,01:30,33.3,13.4,43.3,0.0,SW@2.0,4.6,0.0,0,42.6,"Prosser.NE (WSU Hamilton), Prosser, Benton County",110029,Hamilton,2020-06-01 13:46:41.380393
2009-03-06,01:45,33.3,14.1,44.7,0.0,W@2.2,3.9,0.0,0,42.6,"Prosser.NE (WSU Hamilton), Prosser, Benton County",110029,Hamilton,2020-06-01 13:46:41.380393
2009-03-06,02:00,33.3,13.4,43.4,0.0,W@3.1,6.4,0.0,0,42.5,"Prosser.NE (WSU Hamilton), Prosser, Benton County",110029,Hamilton,2020-06-01 13:46:41.380393
2009-03-06,02:15,33.8,12.6,41.0,0.0,W@0.8,3.5,0.0,0,42.4,"Prosser.NE (WSU Hamilton), Prosser, Benton County",110029,Hamilton,2020-06-01 13:46:41.380393
2009-03-06,02:30,33.2,15.7,48.1,0.0,SW@0.0,1.4,0.0,0,42.4,"Prosser.NE (WSU Hamilton), Prosser, Benton County",110029,Hamilton,2020-06-01 13:46:41.380393
2009-03-06,02:45,33.3,14.3,45.2,0.0,N @0.0,0.0,0.0,0,42.3,"Prosser.NE (WSU Hamilton), Prosser, Benton County",110029,Hamilton,2020-06-01 13:46:41.380393
2009-03-06,03:00,32.6,14.8,47.3,0.0,W@0.7,3.1,0.0,0,42.3,"Prosser.NE (WSU Hamilton), Prosser, Benton County",110029,Hamilton,2020-06-01 13:46:41.380393
2009-03-06,03:15,32.1,15.4,49.6,0.0,NW@2.0,4.9,0.0,0,42.2,"Prosser.NE (WSU Hamilton), Prosser, Benton County",110029,Hamilton,2020-06-01 13:46:41.380393
2009-03-06,03:30,32.5,15.7,49.4,0.0,W@2.1,4.6,0.0,0,42.1,"Prosser.NE (WSU Hamilton), Prosser, Benton County",110029,Hamilton,2020-06-01 13:46:41.380393
2009-03-06,03:45,32.8,16.9,51.6,0.0,NW@0.6,2.8,0.0,0,42.1,"Prosser.NE (WSU Hamilton), Prosser, Benton County",110029,Hamilton,2020-06-01 13:46:41.380393
2009-03-06,04:00,32.2,21.6,64.6,0.0,NW@2.2,3.5,0.0,0,42.0,"Prosser.NE (WSU Hamilton), Prosser, Benton County",110029,Hamilton,2020-06-01 13:46:41.380393
2009-03-06,04:15,31.9,23.7,71.8,0.0,NW@0.4,2.4,0.0,0,41.9,"Prosser.NE (WSU Hamilton), Prosser, Benton County",110029,Hamilton,2020-06-01 13:46:41.380393
2009-03-06,04:30,31.3,24.8,77.2,0.0,NW@2.7,4.6,0.0,0,41.9,"Prosser.NE (WSU Hamilton), Prosser, Benton County",110029,Hamilton,2020-06-01 13:46:41.380393
2009-03-06,04:45,31.0,25.7,81.3,0.0,SW@4.2,5.7,0.0,0,41.8,"Prosser.NE (WSU Hamilton), Prosser, Benton County",110029,Hamilton,2020-06-01 13:46:41.380393
2009-03-06,05:00,31.0,25.4,80.3,0.0,SW@3.5,5.3,0.0,0,41.8,"Prosser.NE (WSU Hamilton), Prosser, Benton County",110029,Hamilton,2020-06-01 13:46:41.380393
2009-03-06,05:15,30.5,25.1,81.2,0.0,SE@1.8,3.9,0.0,0,41.7,"Prosser.NE (WSU Hamilton), Prosser, Benton County",110029,Hamilton,2020-06-01 13:46:41.380393
2009-03-06,05:30,30.2,24.7,80.8,0.0,E@0.3,2.4,0.0,0,41.6,"Prosser.NE (WSU Hamilton), Prosser, Benton County",110029,Hamilton,2020-06-01 13:46:41.380393
2009-03-06,05:45,29.0,24.2,83.9,0.0,NW@1.5,3.1,0.01,0,41.6,"Prosser.NE (WSU Hamilton), Prosser, Benton County",110029,Hamilton,2020-06-01 13:46:41.380393
2009-03-06,06:00,28.4,23.7,84.4,0.0,NW@1.8,3.5,0.02,0,41.5,"Prosser.NE (WSU Hamilton), Prosser, Benton County",110029,Hamilton,2020-06-01 13:46:41.380393
2009-03-06,06:15,28.6,22.7,80.2,0.0,NW@3.3,7.4,0.0,0,41.5,"Prosser.NE (WSU Hamilton), Prosser, Benton County",110029,Hamilton,2020-06-01 13:46:41.380393
2009-03-06,06:30,28.5,21.9,77.8,0.0,S@2.1,4.2,0.0,4,41.4,"Prosser.NE (WSU Hamilton), Prosser, Benton County",110029,Hamilton,2020-06-01 13:46:41.380393
2009-03-06,06:45,27.9,19.9,73.8,0.0,W@3.9,6.0,0.0,14,41.3,"Prosser.NE (WSU Hamilton), Prosser, Benton County",110029,Hamilton,2020-06-01 13:46:41.380393
2009-03-06,07:00,28.9,19.9,70.5,0.0,W@2.6,7.1,0.0,54,41.3,"Prosser.NE (WSU Hamilton), Prosser, Benton County",110029,Hamilton,2020-06-01 13:46:41.380393
2009-03-06,07:15,31.2,20.3,64.3,0.0,SE@2.1,5.7,0.0,87,41.2,"Prosser.NE (WSU Hamilton), Prosser, Benton County",110029,Hamilton,2020-06-01 13:46:41.380393
2009-03-06,07:30,32.9,21.8,63.2,0.0,SW@1.2,3.9,0.0,144,41.2,"Prosser.NE (WSU Hamilton), Prosser, Benton County",110029,Hamilton,2020-06-01 13:46:41.380393
2009-03-06,07:45,34.1,21.7,60.1,0.0,S@0.6,2.4,0.0,167,41.1,"Prosser.NE (WSU Hamilton), Prosser, Benton County",110029,Hamilton,2020-06-01 13:46:41.380393
2009-03-06,08:00,36.2,22.4,56.9,0.0,SE@0.3,2.1,0.0,207,41.1,"Prosser.NE (WSU Hamilton), Prosser, Benton County",110029,Hamilton,2020-06-01 13:46:41.380393
2009-03-06,08:15,34.7,20.8,56.4,0.0,SW@0.8,2.1,0.0,133,41.0,"Prosser.NE (WSU Hamilton), Prosser, Benton County",110029,Hamilton,2020-06-01 13:46:41.380393
2009-03-06,08:30,34.8,20.7,56.1,0.0,SW@0.5,2.1,0.0,200,40.9,"Prosser.NE (WSU Hamilton), Prosser, Benton County",110029,Hamilton,2020-06-01 13:46:41.380393
2009-03-06,08:45,35.8,20.7,53.9,0.0,N @0.0,0.0,0.0,214,40.9,"Prosser.NE (WSU Hamilton), Prosser, Benton County",110029,Hamilton,2020-06-01 13:46:41.380393
2009-03-06,09:00,36.4,20.2,51.4,0.0,S@0.8,2.8,0.0,218,40.8,"Prosser.NE (WSU Hamilton), Prosser, Benton County",110029,Hamilton,2020-06-01 13:46:41.380393
2009-03-06,09:15,36.0,18.7,48.9,0.0,S@3.2,7.8,0.0,266,40.8,"Prosser.NE (WSU Hamilton), Prosser, Benton County",110029,Hamilton,2020-06-01 13:46:41.380393
2009-03-06,09:30,36.4,20.0,51.1,0.0,SW@4.5,9.6,0.0,366,40.7,"Prosser.NE (WSU Hamilton), Prosser, Benton County",110029,Hamilton,2020-06-01 13:46:41.380393
2009-03-06,09:45,36.4,19.7,50.2,0.0,W@4.0,6.7,0.0,296,40.7,"Prosser.NE (WSU Hamilton), Prosser, Benton County",110029,Hamilton,2020-06-01 13:46:41.380393
2009-03-06,10:00,36.8,19.1,48.3,0.0,SW@4.8,9.6,0.0,323,40.6,"Prosser.NE (WSU Hamilton), Prosser, Benton County",110029,Hamilton,2020-06-01 13:46:41.380393
2009-03-06,10:15,37.2,18.3,45.9,0.0,W@3.4,7.8,0.0,364,40.6,"Prosser.NE (WSU Hamilton), Prosser, Benton County",110029,Hamilton,2020-06-01 13:46:41.380393
2009-03-06,10:30,37.8,17.9,44.2,0.0,SW@3.3,6.4,0.0,356,40.5,"Prosser.NE (WSU Hamilton), Prosser, Benton County",110029,Hamilton,2020-06-01 13:46:41.380393
2009-03-06,10:45,38.2,18.4,44.4,0.0,W@3.9,9.6,0.0,459,40.5,"Prosser.NE (WSU Hamilton), Prosser, Benton County",110029,Hamilton,2020-06-01 13:46:41.380393
2009-03-06,11:00,38.4,19.1,45.3,0.0,SW@5.4,9.9,0.0,515,40.4,"Prosser.NE (WSU Hamilton), Prosser, Benton County",110029,Hamilton,2020-06-01 13:46:41.380393
2009-03-06,11:15,38.3,18.1,43.7,0.0,S@3.5,7.4,0.0,431,40.4,"Prosser.NE (WSU Hamilton), Prosser, Benton County",110029,Hamilton,2020-06-01 13:46:41.380393
2009-03-06,11:30,39.7,18.4,41.9,0.0,SW@3.9,10.3,0.0,677,40.4,"Prosser.NE (WSU Hamilton), Prosser, Benton County",110029,Hamilton,2020-06-01 13:46:41.380393
2009-03-06,11:45,39.8,18.9,42.6,0.0,SW@3.7,8.2,0.0,502,40.4,"Prosser.NE (WSU Hamilton), Prosser, Benton County",110029,Hamilton,2020-06-01 13:46:41.380393
2009-03-06,12:00,39.6,20.7,46.3,0.0,SW@5.9,12.4,0.0,585,40.3,"Prosser.NE (WSU Hamilton), Prosser, Benton County",110029,Hamilton,2020-06-01 13:46:41.380393
2009-03-06,12:15,39.8,21.2,46.9,0.0,SW@5.7,12.8,0.0,458,40.3,"Prosser.NE (WSU Hamilton), Prosser, Benton County",110029,Hamilton,2020-06-01 13:46:41.380393
2009-03-06,12:30,40.3,21.6,46.9,0.0,SW@5.7,11.0,0.0,648,40.3,"Prosser.NE (WSU Hamilton), Prosser, Benton County",110029,Hamilton,2020-06-01 13:46:41.380393
2009-03-06,12:45,41.0,21.4,45.2,0.0,S@5.1,12.4,0.0,677,40.4,"Prosser.NE (WSU Hamilton), Prosser, Benton County",110029,Hamilton,2020-06-01 13:46:41.380393
2009-03-06,13:00,41.0,21.4,45.2,0.0,SW@5.4,11.7,0.0,492,40.4,"Prosser.NE (WSU Hamilton), Prosser, Benton County",110029,Hamilton,2020-06-01 13:46:41.380393
2009-03-06,13:15,41.3,21.4,44.6,0.0,S@8.3,22.5,0.0,631,40.4,"Prosser.NE (WSU Hamilton), Prosser, Benton County",110029,Hamilton,2020-06-01 13:46:41.380393
2009-03-06,13:30,41.6,20.9,43.3,0.0,SW@5.1,10.3,0.0,615,40.5,"Prosser.NE (WSU Hamilton), Prosser, Benton County",110029,Hamilton,2020-06-01 13:46:41.380393
2009-03-06,13:45,41.9,21.7,44.2,0.0,SW@6.8,12.1,0.0,597,40.5,"Prosser.NE (WSU Hamilton), Prosser, Benton County",110029,Hamilton,2020-06-01 13:46:41.380393
2009-03-06,14:00,42.5,22.4,44.6,0.0,S@6.8,13.9,0.0,579,40.5,"Prosser.NE (WSU Hamilton), Prosser, Benton County",110029,Hamilton,2020-06-01 13:46:41.380393
2009-03-06,14:15,42.4,22.7,45.3,0.0,S@7.9,13.2,0.0,554,40.6,"Prosser.NE (WSU Hamilton), Prosser, Benton County",110029,Hamilton,2020-06-01 13:46:41.380393
2009-03-06,14:30,43.2,23.9,46.2,0.0,S@7.4,13.5,0.0,536,40.7,"Prosser.NE (WSU Hamilton), Prosser, Benton County",110029,Hamilton,2020-06-01 13:46:41.380393
2009-03-06,14:45,42.6,22.7,44.8,0.0,S@7.7,14.6,0.0,499,40.8,"Prosser.NE (WSU Hamilton), Prosser, Benton County",110029,Hamilton,2020-06-01 13:46:41.380393
2009-03-06,15:00,43.0,23.3,45.4,0.0,S@7.5,12.8,0.0,468,40.8,"Prosser.NE (WSU Hamilton), Prosser, Benton County",110029,Hamilton,2020-06-01 13:46:41.380393
2009-03-06,15:15,42.8,23.3,45.5,0.0,S@7.5,15.3,0.0,404,40.9,"Prosser.NE (WSU Hamilton), Prosser, Benton County",110029,Hamilton,2020-06-01 13:46:41.380393
2009-03-06,15:30,42.8,23.2,45.4,0.0,S@8.3,12.8,0.0,395,41.0,"Prosser.NE (WSU Hamilton), Prosser, Benton County",110029,Hamilton,2020-06-01 13:46:41.380393
2009-03-06,15:45,42.9,22.7,44.4,0.0,S@7.5,13.5,0.0,351,41.1,"Prosser.NE (WSU Hamilton), Prosser, Benton County",110029,Hamilton,2020-06-01 13:46:41.380393
2009-03-06,16:00,42.9,22.7,44.4,0.0,S@8.3,12.1,0.0,311,41.2,"Prosser.NE (WSU Hamilton), Prosser, Benton County",110029,Hamilton,2020-06-01 13:46:41.380393
2009-03-06,16:15,42.7,22.5,44.4,0.0,S@7.3,11.7,0.0,267,41.3,"Prosser.NE (WSU Hamilton), Prosser, Benton County",110029,Hamilton,2020-06-01 13:46:41.380393
2009-03-06,16:30,42.0,21.7,43.9,0.0,S@7.7,11.7,0.0,192,41.4,"Prosser.NE (WSU Hamilton), Prosser, Benton County",110029,Hamilton,2020-06-01 13:46:41.380393
2009-03-06,16:45,41.8,21.9,44.8,0.0,S@7.0,12.1,0.0,181,41.5,"Prosser.NE (WSU Hamilton), Prosser, Benton County",110029,Hamilton,2020-06-01 13:46:41.380393
2009-03-06,17:00,41.1,21.1,44.5,0.0,S@7.8,13.2,0.0,141,41.6,"Prosser.NE (WSU Hamilton), Prosser, Benton County",110029,Hamilton,2020-06-01 13:46:41.380393
2009-03-06,17:15,40.4,20.4,44.4,0.0,S@7.5,12.8,0.0,103,41.7,"Prosser.NE (WSU Hamilton), Prosser, Benton County",110029,Hamilton,2020-06-01 13:46:41.380393
2009-03-06,17:30,40.0,20.3,44.9,0.0,S@5.8,9.6,0.0,66,41.8,"Prosser.NE (WSU Hamilton), Prosser, Benton County",110029,Hamilton,2020-06-01 13:46:41.380393
2009-03-06,17:45,39.1,20.3,46.5,0.0,S@5.0,9.6,0.0,23,41.8,"Prosser.NE (WSU Hamilton), Prosser, Benton County",110029,Hamilton,2020-06-01 13:46:41.380393
2009-03-06,18:00,38.4,19.7,46.6,0.0,S@5.0,9.2,0.0,6,41.9,"Prosser.NE (WSU Hamilton), Prosser, Benton County",110029,Hamilton,2020-06-01 13:46:41.380393
2009-03-06,18:15,38.0,19.6,47.1,0.0,S@4.9,7.8,0.0,1,42.0,"Prosser.NE (WSU Hamilton), Prosser, Benton County",110029,Hamilton,2020-06-01 13:46:41.380393
2009-03-06,18:30,37.8,19.8,47.8,0.0,S@2.9,7.1,0.0,0,42.0,"Prosser.NE (WSU Hamilton), Prosser, Benton County",110029,Hamilton,2020-06-01 13:46:41.380393
2009-03-06,18:45,37.4,20.0,48.9,0.0,SE@1.2,5.7,0.0,0,42.1,"Prosser.NE (WSU Hamilton), Prosser, Benton County",110029,Hamilton,2020-06-01 13:46:41.380393
2009-03-06,19:00,36.9,20.7,51.4,0.0,E@1.4,8.9,0.0,0,42.1,"Prosser.NE (WSU Hamilton), Prosser, Benton County",110029,Hamilton,2020-06-01 13:46:41.380393
2009-03-06,19:15,36.6,21.6,54.0,0.0,SW@2.7,4.9,0.0,0,42.1,"Prosser.NE (WSU Hamilton), Prosser, Benton County",110029,Hamilton,2020-06-01 13:46:41.380393
2009-03-06,19:30,36.8,21.5,53.5,0.0,SW@1.9,4.9,0.0,0,42.2,"Prosser.NE (WSU Hamilton), Prosser, Benton County",110029,Hamilton,2020-06-01 13:46:41.380393
2009-03-06,19:45,36.9,21.3,52.9,0.0,SW@1.3,3.5,0.0,0,42.2,"Prosser.NE (WSU Hamilton), Prosser, Benton County",110029,Hamilton,2020-06-01 13:46:41.380393
2009-03-06,20:00,36.7,21.6,54.0,0.0,NW@2.2,3.9,0.0,0,42.2,"Prosser.NE (WSU Hamilton), Prosser, Benton County",110029,Hamilton,2020-06-01 13:46:41.380393
2009-03-06,20:15,36.9,21.5,53.3,0.0,E@3.1,6.4,0.0,0,42.2,"Prosser.NE (WSU Hamilton), Prosser, Benton County",110029,Hamilton,2020-06-01 13:46:41.380393
2009-03-06,20:30,36.0,21.8,55.9,0.0,E@3.2,7.4,0.0,0,42.2,"Prosser.NE (WSU Hamilton), Prosser, Benton County",110029,Hamilton,2020-06-01 13:46:41.380393
2009-03-06,20:45,35.8,21.5,55.7,0.0,SE@3.6,8.5,0.0,0,42.2,"Prosser.NE (WSU Hamilton), Prosser, Benton County",110029,Hamilton,2020-06-01 13:46:41.380393
2009-03-06,21:00,35.3,21.5,56.8,0.0,S@3.2,7.4,0.0,0,42.2,"Prosser.NE (WSU Hamilton), Prosser, Benton County",110029,Hamilton,2020-06-01 13:46:41.380393
2009-03-06,21:15,35.2,21.5,57.1,0.0,E@3.1,6.4,0.0,0,42.2,"Prosser.NE (WSU Hamilton), Prosser, Benton County",110029,Hamilton,2020-06-01 13:46:41.380393
2009-03-06,21:30,34.2,22.0,60.4,0.0,SE@2.2,4.6,0.0,0,42.2,"Prosser.NE (WSU Hamilton), Prosser, Benton County",110029,Hamilton,2020-06-01 13:46:41.380393
2009-03-06,21:45,34.2,22.0,60.6,0.0,SE@2.6,6.4,0.0,0,42.1,"Prosser.NE (WSU Hamilton), Prosser, Benton County",110029,Hamilton,2020-06-01 13:46:41.380393
2009-03-06,22:00,33.9,22.4,62.4,0.0,SE@2.5,5.3,0.0,0,42.1,"Prosser.NE (WSU Hamilton), Prosser, Benton County",110029,Hamilton,2020-06-01 13:46:41.380393
2009-03-06,22:15,34.2,21.9,60.4,0.0,SE@3.6,6.4,0.0,0,42.1,"Prosser.NE (WSU Hamilton), Prosser, Benton County",110029,Hamilton,2020-06-01 13:46:41.380393
2009-03-06,22:30,34.0,21.8,60.8,0.0,SE@3.8,7.1,0.0,0,42.0,"Prosser.NE (WSU Hamilton), Prosser, Benton County",110029,Hamilton,2020-06-01 13:46:41.380393
2009-03-06,22:45,33.7,21.9,61.5,0.0,SE@4.5,6.4,0.0,0,42.0,"Prosser.NE (WSU Hamilton), Prosser, Benton County",110029,Hamilton,2020-06-01 13:46:41.380393
2009-03-06,23:00,33.5,21.8,61.8,0.0,SE@4.0,7.1,0.0,0,42.0,"Prosser.NE (WSU Hamilton), Prosser, Benton County",110029,Hamilton,2020-06-01 13:46:41.380393
2009-03-06,23:15,33.3,22.2,63.3,0.0,SE@2.6,5.3,0.0,0,41.9,"Prosser.NE (WSU Hamilton), Prosser, Benton County",110029,Hamilton,2020-06-01 13:46:41.380393
2009-03-06,23:30,32.2,21.8,65.1,0.0,NE@3.1,4.9,0.0,0,41.9,"Prosser.NE (WSU Hamilton), Prosser, Benton County",110029,Hamilton,2020-06-01 13:46:41.380393
2009-03-06,23:45,33.0,21.7,62.9,0.0,E@2.8,4.2,0.0,0,41.8,"Prosser.NE (WSU Hamilton), Prosser, Benton County",110029,Hamilton,2020-06-01 13:46:41.380393
2009-03-06,24:00,33.5,21.5,61.2,0.0,E@2.3,3.5,0.0,0,41.8,"Prosser.NE (WSU Hamilton), Prosser, Benton County",110029,Hamilton,2020-06-01 13:46:41.380393
2009-03-07,00:15,32.6,21.7,63.8,0.0,NE@2.7,4.6,0.0,0,41.7,"Prosser.NE (WSU Hamilton), Prosser, Benton County",110029,Hamilton,2020-06-01 13:46:41.380393
2009-03-07,00:30,31.6,22.0,67.7,0.0,NE@2.6,4.6,0.0,0,41.7,"Prosser.NE (WSU Hamilton), Prosser, Benton County",110029,Hamilton,2020-06-01 13:46:41.380393
2009-03-07,00:45,31.8,21.9,66.8,0.0,E@1.8,3.5,0.0,0,41.6,"Prosser.NE (WSU Hamilton), Prosser, Benton County",110029,Hamilton,2020-06-01 13:46:41.380393
2009-03-07,01:00,32.5,22.2,65.3,0.0,S@0.9,6.0,0.0,0,41.6,"Prosser.NE (WSU Hamilton), Prosser, Benton County",110029,Hamilton,2020-06-01 13:46:41.380393
2009-03-07,01:15,31.8,22.4,68.2,0.0,SE@3.0,4.9,0.0,0,41.5,"Prosser.NE (WSU Hamilton), Prosser, Benton County",110029,Hamilton,2020-06-01 13:46:41.380393
2009-03-07,01:30,31.4,22.6,70.1,0.0,SE@2.2,3.9,0.0,0,41.5,"Prosser.NE (WSU Hamilton), Prosser, Benton County",110029,Hamilton,2020-06-01 13:46:41.380393
2009-03-07,01:45,30.8,22.5,71.8,0.0,SE@1.2,2.8,0.0,0,41.4,"Prosser.NE (WSU Hamilton), Prosser, Benton County",110029,Hamilton,2020-06-01 13:46:41.380393
2009-03-07,02:00,30.6,22.7,73.0,0.0,E@1.4,3.1,0.0,0,41.3,"Prosser.NE (WSU Hamilton), Prosser, Benton County",110029,Hamilton,2020-06-01 13:46:41.380393
2009-03-07,02:15,30.4,22.8,73.8,0.0,E@0.3,2.1,0.0,0,41.3,"Prosser.NE (WSU Hamilton), Prosser, Benton County",110029,Hamilton,2020-06-01 13:46:41.380393
2009-03-07,02:30,30.4,23.1,75.0,0.0,SE@1.9,5.7,0.0,0,41.2,"Prosser.NE (WSU Hamilton), Prosser, Benton County",110029,Hamilton,2020-06-01 13:46:41.380393
2009-03-07,02:45,30.8,23.3,74.3,0.0,SE@4.3,6.4,0.0,0,41.2,"Prosser.NE (WSU Hamilton), Prosser, Benton County",110029,Hamilton,2020-06-01 13:46:41.380393
2009-03-07,03:00,30.1,23.1,76.1,0.0,S@0.6,2.8,0.0,0,41.1,"Prosser.NE (WSU Hamilton), Prosser, Benton County",110029,Hamilton,2020-06-01 13:46:41.380393
2009-03-07,03:15,30.6,23.3,75.0,0.0,SE@4.7,7.4,0.0,0,41.1,"Prosser.NE (WSU Hamilton), Prosser, Benton County",110029,Hamilton,2020-06-01 13:46:41.380393
2009-03-07,03:30,29.7,22.9,76.9,0.0,E@2.8,4.6,0.0,0,41.0,"Prosser.NE (WSU Hamilton), Prosser, Benton County",110029,Hamilton,2020-06-01 13:46:41.380393
2009-03-07,03:45,28.3,22.7,81.2,0.0,NE@3.3,4.2,0.0,0,40.9,"Prosser.NE (WSU Hamilton), Prosser, Benton County",110029,Hamilton,2020-06-01 13:46:41.380393
2009-03-07,04:00,28.8,23.2,80.9,0.0,NE@3.0,4.2,0.0,0,40.9,"Prosser.NE (WSU Hamilton), Prosser, Benton County",110029,Hamilton,2020-06-01 13:46:41.380393
2009-03-07,04:15,29.0,23.1,79.9,0.0,NE@3.0,3.9,0.0,0,40.8,"Prosser.NE (WSU Hamilton), Prosser, Benton County",110029,Hamilton,2020-06-01 13:46:41.380393
2009-03-07,04:30,29.4,23.2,78.8,0.0,NE@3.1,3.9,0.0,0,40.8,"Prosser.NE (WSU Hamilton), Prosser, Benton County",110029,Hamilton,2020-06-01 13:46:41.380393
2009-03-07,04:45,28.8,23.1,81.1,0.0,NE@3.3,4.2,0.0,0,40.7,"Prosser.NE (WSU Hamilton), Prosser, Benton County",110029,Hamilton,2020-06-01 13:46:41.380393
2009-03-07,05:00,29.9,23.7,79.1,0.0,E@2.1,3.9,0.0,0,40.7,"Prosser.NE (WSU Hamilton), Prosser, Benton County",110029,Hamilton,2020-06-01 13:46:41.380393
2009-03-07,05:15,29.5,23.6,79.7,0.0,NE@3.2,4.2,0.0,0,40.6,"Prosser.NE (WSU Hamilton), Prosser, Benton County",110029,Hamilton,2020-06-01 13:46:41.380393
2009-03-07,05:30,29.2,23.4,80.4,0.0,E@1.5,3.9,0.0,0,40.5,"Prosser.NE (WSU Hamilton), Prosser, Benton County",110029,Hamilton,2020-06-01 13:46:41.380393
2009-03-07,05:45,29.2,23.6,80.9,0.0,N @0.0,0.0,0.0,0,40.5,"Prosser.NE (WSU Hamilton), Prosser, Benton County",110029,Hamilton,2020-06-01 13:46:41.380393
2009-03-07,06:00,29.4,23.6,80.4,0.0,NE@1.2,3.9,0.0,0,40.4,"Prosser.NE (WSU Hamilton), Prosser, Benton County",110029,Hamilton,2020-06-01 13:46:41.380393
2009-03-07,06:15,28.5,23.3,82.5,0.0,NE@3.2,3.9,0.0,0,40.4,"Prosser.NE (WSU Hamilton), Prosser, Benton County",110029,Hamilton,2020-06-01 13:46:41.380393
2009-03-07,06:30,28.6,23.4,82.5,0.0,NE@3.4,4.6,0.0,4,40.3,"Prosser.NE (WSU Hamilton), Prosser, Benton County",110029,Hamilton,2020-06-01 13:46:41.380393
2009-03-07,06:45,29.0,23.9,82.7,0.0,E@2.7,4.2,0.0,16,40.3,"Prosser.NE (WSU Hamilton), Prosser, Benton County",110029,Hamilton,2020-06-01 13:46:41.380393
2009-03-07,07:00,29.6,24.6,82.8,0.0,E@3.0,5.3,0.0,48,40.2,"Prosser.NE (WSU Hamilton), Prosser, Benton County",110029,Hamilton,2020-06-01 13:46:41.380393
2009-03-07,07:15,31.0,25.9,81.9,0.0,E@3.6,7.1,0.0,76,40.2,"Prosser.NE (WSU Hamilton), Prosser, Benton County",110029,Hamilton,2020-06-01 13:46:41.380393
2009-03-07,07:30,32.4,26.4,78.5,0.0,E@4.6,7.1,0.0,115,40.1,"Prosser.NE (WSU Hamilton), Prosser, Benton County",110029,Hamilton,2020-06-01 13:46:41.380393
2009-03-07,07:45,33.2,27.0,77.7,0.0,NE@3.9,5.7,0.0,159,40.1,"Prosser.NE (WSU Hamilton), Prosser, Benton County",110029,Hamilton,2020-06-01 13:46:41.380393
2009-03-07,08:00,34.4,27.6,75.9,0.0,NE@4.5,6.4,0.0,201,40.0,"Prosser.NE (WSU Hamilton), Prosser, Benton County",110029,Hamilton,2020-06-01 13:46:41.380393
2009-03-07,08:15,35.9,28.7,74.7,0.0,E@4.6,6.0,0.0,245,40.0,"Prosser.NE (WSU Hamilton), Prosser, Benton County",110029,Hamilton,2020-06-01 13:46:41.380393
2009-03-07,08:30,37.3,29.5,73.1,0.0,E@4.9,7.4,0.0,286,39.9,"Prosser.NE (WSU Hamilton), Prosser, Benton County",110029,Hamilton,2020-06-01 13:46:41.380393
2009-03-07,08:45,39.0,29.7,69.0,0.0,E@4.5,6.7,0.0,330,39.9,"Prosser.NE (WSU Hamilton), Prosser, Benton County",110029,Hamilton,2020-06-01 13:46:41.380393
2009-03-07,09:00,40.7,30.2,66.0,0.0,E@3.5,6.4,0.0,370,39.8,"Prosser.NE (WSU Hamilton), Prosser, Benton County",110029,Hamilton,2020-06-01 13:46:41.380393
2009-03-07,09:15,43.5,31.1,61.3,0.0,SW@2.5,5.3,0.0,410,39.8,"Prosser.NE (WSU Hamilton), Prosser, Benton County",110029,Hamilton,2020-06-01 13:46:41.380393
2009-03-07,09:30,44.9,31.6,59.2,0.0,S@1.7,4.4,0.0,447,39.7,"Prosser.NE (WSU Hamilton), Prosser, Benton County",110029,Hamilton,2020-06-01 13:46:41.380393
2009-03-07,09:45,47.1,31.9,55.2,0.0,W@2.4,5.3,0.0,480,39.7,"Prosser.NE (WSU Hamilton), Prosser, Benton County",110029,Hamilton,2020-06-01 13:46:41.380393
2009-03-07,10:00,47.1,31.5,54.4,0.0,SW@2.8,6.4,0.0,512,39.6,"Prosser.NE (WSU Hamilton), Prosser, Benton County",110029,Hamilton,2020-06-01 13:46:41.380393
2009-03-07,10:15,47.2,31.3,53.9,0.0,W@5.2,12.1,0.0,541,39.6,"Prosser.NE (WSU Hamilton), Prosser, Benton County",110029,Hamilton,2020-06-01 13:46:41.380393
2009-03-07,10:30,48.2,31.5,52.1,0.0,W@10.2,16.7,0.0,566,39.5,"Prosser.NE (WSU Hamilton), Prosser, Benton County",110029,Hamilton,2020-06-01 13:46:41.380393
2009-03-07,10:45,48.9,31.6,51.0,0.0,W@10.5,16.0,0.0,589,39.5,"Prosser.NE (WSU Hamilton), Prosser, Benton County",110029,Hamilton,2020-06-01 13:46:41.380393
2009-03-07,11:00,49.8,30.8,47.9,0.0,W@15.9,23.5,0.0,611,39.4,"Prosser.NE (WSU Hamilton), Prosser, Benton County",110029,Hamilton,2020-06-01 13:46:41.380393
2009-03-07,11:15,50.2,31.1,47.7,0.0,W@16.3,23.9,0.0,627,39.4,"Prosser.NE (WSU Hamilton), Prosser, Benton County",110029,Hamilton,2020-06-01 13:46:41.380393
2009-03-07,11:30,50.1,31.5,48.7,0.0,W@18.6,28.6,0.0,638,39.4,"Prosser.NE (WSU Hamilton), Prosser, Benton County",110029,Hamilton,2020-06-01 13:46:41.380393
2009-03-07,11:45,50.1,30.5,46.7,0.0,W@19.7,26.8,0.0,651,39.4,"Prosser.NE (WSU Hamilton), Prosser, Benton County",110029,Hamilton,2020-06-01 13:46:41.380393
2009-03-07,12:00,50.4,30.8,46.7,0.0,W@19.8,27.5,0.0,657,39.4,"Prosser.NE (WSU Hamilton), Prosser, Benton County",110029,Hamilton,2020-06-01 13:46:41.380393
2009-03-07,12:15,50.7,30.3,45.2,0.0,W@20.0,28.2,0.0,662,39.4,"Prosser.NE (WSU Hamilton), Prosser, Benton County",110029,Hamilton,2020-06-01 13:46:41.380393
2009-03-07,12:30,51.5,30.1,43.5,0.0,W@19.3,27.8,0.0,666,39.4,"Prosser.NE (WSU Hamilton), Prosser, Benton County",110029,Hamilton,2020-06-01 13:46:41.380393
2009-03-07,12:45,51.7,29.2,41.7,0.0,W@19.1,31.1,0.0,667,39.4,"Prosser.NE (WSU Hamilton), Prosser, Benton County",110029,Hamilton,2020-06-01 13:46:41.380393
2009-03-07,13:00,52.0,28.7,40.4,0.0,W@18.0,29.6,0.0,722,39.5,"Prosser.NE (WSU Hamilton), Prosser, Benton County",110029,Hamilton,2020-06-01 13:46:41.380393
2009-03-07,13:15,52.1,28.2,39.5,0.0,W@19.4,27.8,0.0,691,39.6,"Prosser.NE (WSU Hamilton), Prosser, Benton County",110029,Hamilton,2020-06-01 13:46:41.380393
2009-03-07,13:30,51.4,26.8,38.3,0.0,W@20.4,30.7,0.0,630,39.6,"Prosser.NE (WSU Hamilton), Prosser, Benton County",110029,Hamilton,2020-06-01 13:46:41.380393
2009-03-07,13:45,51.0,25.0,36.0,0.0,W@20.2,33.2,0.0,607,39.7,"Prosser.NE (WSU Hamilton), Prosser, Benton County",110029,Hamilton,2020-06-01 13:46:41.380393
2009-03-07,14:00,51.2,20.4,29.3,0.0,W@13.6,27.8,0.0,588,39.8,"Prosser.NE (WSU Hamilton), Prosser, Benton County",110029,Hamilton,2020-06-01 13:46:41.380393
2009-03-07,14:15,50.8,19.5,28.7,0.0,W@10.8,25.0,0.0,574,39.9,"Prosser.NE (WSU Hamilton), Prosser, Benton County",110029,Hamilton,2020-06-01 13:46:41.380393
2009-03-07,14:30,50.6,18.9,28.2,0.0,W@10.5,20.3,0.0,600,40.0,"Prosser.NE (WSU Hamilton), Prosser, Benton County",110029,Hamilton,2020-06-01 13:46:41.380393
2009-03-07,14:45,50.1,18.5,28.3,0.0,W@11.5,22.5,0.0,515,40.1,"Prosser.NE (WSU Hamilton), Prosser, Benton County",110029,Hamilton,2020-06-01 13:46:41.380393
2009-03-07,15:00,48.1,19.9,32.3,0.0,NW@8.9,18.9,0.0,202,40.2,"Prosser.NE (WSU Hamilton), Prosser, Benton County",110029,Hamilton,2020-06-01 13:46:41.380393
2009-03-07,15:15,47.5,18.1,30.6,0.0,W@11.2,23.9,0.0,156,40.3,"Prosser.NE (WSU Hamilton), Prosser, Benton County",110029,Hamilton,2020-06-01 13:46:41.380393
2009-03-07,15:30,47.0,19.0,32.5,0.0,W@9.8,19.6,0.0,123,40.4,"Prosser.NE (WSU Hamilton), Prosser, Benton County",110029,Hamilton,2020-06-01 13:46:41.380393
2009-03-07,15:45,46.4,20.0,34.6,0.0,W@9.2,18.5,0.0,155,40.5,"Prosser.NE (WSU Hamilton), Prosser, Benton County",110029,Hamilton,2020-06-01 13:46:41.380393
2009-03-07,16:00,46.0,20.9,36.5,0.0,W@10.2,19.6,0.0,144,40.7,"Prosser.NE (WSU Hamilton), Prosser, Benton County",110029,Hamilton,2020-06-01 13:46:41.380393
2009-03-07,16:15,46.6,20.0,34.4,0.0,W@12.0,21.8,0.0,284,40.8,"Prosser.NE (WSU Hamilton), Prosser, Benton County",110029,Hamilton,2020-06-01 13:46:41.380393
2009-03-07,16:30,46.4,21.2,36.4,0.0,W@10.4,16.0,0.0,235,40.9,"Prosser.NE (WSU Hamilton), Prosser, Benton County",110029,Hamilton,2020-06-01 13:46:41.380393
2009-03-07,16:45,45.7,21.9,38.6,0.0,W@11.4,21.4,0.0,195,41.0,"Prosser.NE (WSU Hamilton), Prosser, Benton County",110029,Hamilton,2020-06-01 13:46:41.380393
2009-03-07,17:00,44.9,19.6,36.1,0.0,W@12.1,21.0,0.0,151,41.1,"Prosser.NE (WSU Hamilton), Prosser, Benton County",110029,Hamilton,2020-06-01 13:46:41.380393
2009-03-07,17:15,44.6,19.2,35.8,0.0,W@8.4,15.0,0.0,110,41.2,"Prosser.NE (WSU Hamilton), Prosser, Benton County",110029,Hamilton,2020-06-01 13:46:41.380393
2009-03-07,17:30,43.6,20.3,39.0,0.0,W@12.8,21.0,0.0,76,41.3,"Prosser.NE (WSU Hamilton), Prosser, Benton County",110029,Hamilton,2020-06-01 13:46:41.380393
2009-03-07,17:45,42.3,22.0,44.1,0.0,W@13.0,22.8,0.0,22,41.4,"Prosser.NE (WSU Hamilton), Prosser, Benton County",110029,Hamilton,2020-06-01 13:46:41.380393
2009-03-07,18:00,41.5,21.9,45.4,0.0,W@12.2,22.1,0.0,6,41.5,"Prosser.NE (WSU Hamilton), Prosser, Benton County",110029,Hamilton,2020-06-01 13:46:41.380393
2009-03-07,18:15,40.5,22.3,47.9,0.0,W@12.0,20.3,0.0,1,41.6,"Prosser.NE (WSU Hamilton), Prosser, Benton County",110029,Hamilton,2020-06-01 13:46:41.380393
2009-03-07,18:30,39.6,22.7,50.4,0.0,W@10.3,18.2,0.0,0,41.7,"Prosser.NE (WSU Hamilton), Prosser, Benton County",110029,Hamilton,2020-06-01 13:46:41.380393
2009-03-07,18:45,39.2,23.2,52.2,0.0,W@8.2,13.5,0.0,0,41.7,"Prosser.NE (WSU Hamilton), Prosser, Benton County",110029,Hamilton,2020-06-01 13:46:41.380393
2009-03-07,19:00,38.6,23.4,54.0,0.0,W@6.0,15.0,0.0,0,41.8,"Prosser.NE (WSU Hamilton), Prosser, Benton County",110029,Hamilton,2020-06-01 13:46:41.380393
2009-03-07,19:15,38.0,23.6,55.8,0.0,W@3.7,9.2,0.0,0,41.9,"Prosser.NE (WSU Hamilton), Prosser, Benton County",110029,Hamilton,2020-06-01 13:46:41.380393
2009-03-07,19:30,37.2,23.3,56.9,0.0,W@3.6,6.7,0.0,0,41.9,"Prosser.NE (WSU Hamilton), Prosser, Benton County",110029,Hamilton,2020-06-01 13:46:41.380393
2009-03-07,19:45,36.6,23.5,58.7,0.0,W@3.6,5.7,0.0,0,41.9,"Prosser.NE (WSU Hamilton), Prosser, Benton County",110029,Hamilton,2020-06-01 13:46:41.380393
2009-03-07,20:00,36.0,23.7,60.4,0.0,W@2.8,4.6,0.0,0,42.0,"Prosser.NE (WSU Hamilton), Prosser, Benton County",110029,Hamilton,2020-06-01 13:46:41.380393
2009-03-07,20:15,35.9,23.8,61.1,0.0,W@2.7,5.7,0.0,0,42.0,"Prosser.NE (WSU Hamilton), Prosser, Benton County",110029,Hamilton,2020-06-01 13:46:41.380393
2009-03-07,20:30,34.9,24.3,64.8,0.0,SW@2.3,4.6,0.0,0,42.0,"Prosser.NE (WSU Hamilton), Prosser, Benton County",110029,Hamilton,2020-06-01 13:46:41.380393
2009-03-07,20:45,33.2,24.3,69.3,0.0,W@0.0,1.4,0.0,0,42.0,"Prosser.NE (WSU Hamilton), Prosser, Benton County",110029,Hamilton,2020-06-01 13:46:41.380393
2009-03-07,21:00,31.9,24.0,72.7,0.0,NW@0.3,2.4,0.0,0,42.0,"Prosser.NE (WSU Hamilton), Prosser, Benton County",110029,Hamilton,2020-06-01 13:46:41.380393
2009-03-07,21:15,32.9,24.5,70.9,0.0,S@1.2,4.6,0.0,0,42.0,"Prosser.NE (WSU Hamilton), Prosser, Benton County",110029,Hamilton,2020-06-01 13:46:41.380393
2009-03-07,21:30,35.5,24.2,63.1,0.0,W@8.2,17.1,0.0,0,42.0,"Prosser.NE (WSU Hamilton), Prosser, Benton County",110029,Hamilton,2020-06-01 13:46:41.380393
2009-03-07,21:45,36.3,23.9,60.2,0.0,W@11.2,17.8,0.0,0,42.0,"Prosser.NE (WSU Hamilton), Prosser, Benton County",110029,Hamilton,2020-06-01 13:46:41.380393
2009-03-07,22:00,36.5,24.5,61.5,0.0,W@8.9,14.2,0.0,0,42.0,"Prosser.NE (WSU Hamilton), Prosser, Benton County",110029,Hamilton,2020-06-01 13:46:41.380393
2009-03-07,22:15,36.7,22.9,57.2,0.0,W@10.3,16.4,0.0,0,42.0,"Prosser.NE (WSU Hamilton), Prosser, Benton County",110029,Hamilton,2020-06-01 13:46:41.380393
2009-03-07,22:30,36.0,22.9,58.7,0.0,W@8.5,13.5,0.0,0,41.9,"Prosser.NE (WSU Hamilton), Prosser, Benton County",110029,Hamilton,2020-06-01 13:46:41.380393
2009-03-07,22:45,35.2,23.5,62.1,0.0,W@7.0,11.0,0.0,0,41.9,"Prosser.NE (WSU Hamilton), Prosser, Benton County",110029,Hamilton,2020-06-01 13:46:41.380393
2009-03-07,23:00,33.8,24.0,67.1,0.0,W@4.8,7.1,0.0,0,41.9,"Prosser.NE (WSU Hamilton), Prosser, Benton County",110029,Hamilton,2020-06-01 13:46:41.380393
2009-03-07,23:15,32.7,24.3,70.9,0.0,W@4.4,7.1,0.0,0,41.9,"Prosser.NE (WSU Hamilton), Prosser, Benton County",110029,Hamilton,2020-06-01 13:46:41.380393
2009-03-07,23:30,31.2,23.8,74.3,0.0,SW@2.0,4.2,0.0,0,41.8,"Prosser.NE (WSU Hamilton), Prosser, Benton County",110029,Hamilton,2020-06-01 13:46:41.380393
2009-03-07,23:45,30.5,23.4,75.6,0.0,S@1.0,3.5,0.0,0,41.8,"Prosser.NE (WSU Hamilton), Prosser, Benton County",110029,Hamilton,2020-06-01 13:46:41.380393
2009-03-07,24:00,29.8,22.9,76.8,0.0,NE@3.3,5.7,0.0,0,41.7,"Prosser.NE (WSU Hamilton), Prosser, Benton County",110029,Hamilton,2020-06-01 13:46:41.380393
2009-03-08,00:15,30.4,22.8,74.3,0.0,NE@2.8,4.9,0.0,0,41.7,"Prosser.NE (WSU Hamilton), Prosser, Benton County",110029,Hamilton,2020-06-01 13:46:41.380393
2009-03-08,00:30,29.5,22.7,77.0,0.0,NE@3.8,5.3,0.0,0,41.7,"Prosser.NE (WSU Hamilton), Prosser, Benton County",110029,Hamilton,2020-06-01 13:46:41.380393
2009-03-08,00:45,30.2,22.5,73.7,0.0,W@2.6,5.7,0.0,0,41.6,"Prosser.NE (WSU Hamilton), Prosser, Benton County",110029,Hamilton,2020-06-01 13:46:41.380393
2009-03-08,01:00,30.8,22.2,70.7,0.0,NW@2.0,4.9,0.0,0,41.6,"Prosser.NE (WSU Hamilton), Prosser, Benton County",110029,Hamilton,2020-06-01 13:46:41.380393
2009-03-08,01:15,29.0,21.5,74.8,0.0,W@3.4,6.4,0.0,0,41.5,"Prosser.NE (WSU Hamilton), Prosser, Benton County",110029,Hamilton,2020-06-01 13:46:41.380393
2009-03-08,01:30,29.3,21.7,74.6,0.0,W@4.8,7.1,0.0,0,41.4,"Prosser.NE (WSU Hamilton), Prosser, Benton County",110029,Hamilton,2020-06-01 13:46:41.380393
2009-03-08,01:45,29.8,21.9,73.1,0.0,NW@2.8,4.9,0.0,0,41.4,"Prosser.NE (WSU Hamilton), Prosser, Benton County",110029,Hamilton,2020-06-01 13:46:41.380393
2009-03-08,03:00,29.5,21.9,74.3,0.0,NW@2.6,4.2,0.0,0,41.3,"Prosser.NE (WSU Hamilton), Prosser, Benton County",110029,Hamilton,2020-06-01 13:46:41.380393
2009-03-08,03:15,27.0,20.4,78.6,0.0,SE@2.2,4.6,0.0,0,41.3,"Prosser.NE (WSU Hamilton), Prosser, Benton County",110029,Hamilton,2020-06-01 13:46:41.380393
2009-03-08,03:30,27.0,20.8,79.9,0.0,NE@3.4,4.6,0.0,0,41.2,"Prosser.NE (WSU Hamilton), Prosser, Benton County",110029,Hamilton,2020-06-01 13:46:41.380393
2009-03-08,03:45,27.8,20.6,76.0,0.0,S@3.2,6.4,0.0,0,41.2,"Prosser.NE (WSU Hamilton), Prosser, Benton County",110029,Hamilton,2020-06-01 13:46:41.380393
2009-03-08,04:00,27.9,20.1,74.2,0.0,W@2.8,4.6,0.0,0,41.1,"Prosser.NE (WSU Hamilton), Prosser, Benton County",110029,Hamilton,2020-06-01 13:46:41.380393
2009-03-08,04:15,26.4,19.6,78.0,0.0,W@4.9,7.1,0.0,0,41.1,"Prosser.NE (WSU Hamilton), Prosser, Benton County",110029,Hamilton,2020-06-01 13:46:41.380393
2009-03-08,04:30,27.2,19.7,75.4,0.0,W@4.5,7.1,0.0,0,41.0,"Prosser.NE (WSU Hamilton), Prosser, Benton County",110029,Hamilton,2020-06-01 13:46:41.380393
2009-03-08,04:45,27.6,19.5,73.5,0.0,SW@1.4,4.2,0.0,0,40.9,"Prosser.NE (WSU Hamilton), Prosser, Benton County",110029,Hamilton,2020-06-01 13:46:41.380393
2009-03-08,05:00,27.1,19.2,74.3,0.0,S@1.2,3.9,0.0,0,40.9,"Prosser.NE (WSU Hamilton), Prosser, Benton County",110029,Hamilton,2020-06-01 13:46:41.380393
2009-03-08,05:15,26.0,19.1,77.9,0.0,E@2.3,4.2,0.0,0,40.8,"Prosser.NE (WSU Hamilton), Prosser, Benton County",110029,Hamilton,2020-06-01 13:46:41.380393
2009-03-08,05:30,27.5,19.8,74.9,0.0,SE@2.0,4.9,0.0,0,40.8,"Prosser.NE (WSU Hamilton), Prosser, Benton County",110029,Hamilton,2020-06-01 13:46:41.380393
2009-03-08,05:45,28.3,19.7,71.8,0.0,SW@0.6,3.9,0.0,0,40.7,"Prosser.NE (WSU Hamilton), Prosser, Benton County",110029,Hamilton,2020-06-01 13:46:41.380393
2009-03-08,06:00,27.2,19.0,73.3,0.0,W@2.2,5.3,0.0,0,40.6,"Prosser.NE (WSU Hamilton), Prosser, Benton County",110029,Hamilton,2020-06-01 13:46:41.380393
2009-03-08,06:15,26.6,19.0,75.3,0.0,SW@1.9,4.2,0.0,0,40.6,"Prosser.NE (WSU Hamilton), Prosser, Benton County",110029,Hamilton,2020-06-01 13:46:41.380393
2009-03-08,06:30,26.5,18.8,74.9,0.0,E@0.2,3.1,0.0,0,40.5,"Prosser.NE (WSU Hamilton), Prosser, Benton County",110029,Hamilton,2020-06-01 13:46:41.380393
2009-03-08,06:45,27.5,19.0,72.2,0.0,SW@2.3,4.6,0.0,0,40.5,"Prosser.NE (WSU Hamilton), Prosser, Benton County",110029,Hamilton,2020-06-01 13:46:41.380393
2009-03-08,07:00,27.4,18.8,71.7,0.0,NW@2.7,3.9,0.0,0,40.4,"Prosser.NE (WSU Hamilton), Prosser, Benton County",110029,Hamilton,2020-06-01 13:46:41.380393
2009-03-08,07:15,27.4,19.2,73.4,0.0,S@3.8,5.7,0.0,0,40.4,"Prosser.NE (WSU Hamilton), Prosser, Benton County",110029,Hamilton,2020-06-01 13:46:41.380393
2009-03-08,07:30,27.5,19.7,74.3,0.0,SW@1.2,3.5,0.0,4,40.3,"Prosser.NE (WSU Hamilton), Prosser, Benton County",110029,Hamilton,2020-06-01 13:46:41.380393
2009-03-08,07:45,26.7,19.7,77.4,0.0,SE@0.1,2.4,0.0,14,40.2,"Prosser.NE (WSU Hamilton), Prosser, Benton County",110029,Hamilton,2020-06-01 13:46:41.380393
2009-03-08,08:00,27.3,20.4,77.2,0.0,W@0.9,3.5,0.0,36,40.2,"Prosser.NE (WSU Hamilton), Prosser, Benton County",110029,Hamilton,2020-06-01 13:46:41.380393
2009-03-08,08:15,28.1,21.0,76.6,0.0,E@2.4,3.9,0.0,40,40.1,"Prosser.NE (WSU Hamilton), Prosser, Benton County",110029,Hamilton,2020-06-01 13:46:41.380393
2009-03-08,08:30,28.9,21.3,74.5,0.0,SE@0.9,3.1,0.0,67,40.1,"Prosser.NE (WSU Hamilton), Prosser, Benton County",110029,Hamilton,2020-06-01 13:46:41.380393
2009-03-08,08:45,29.8,22.3,74.6,0.0,NE@1.3,3.5,0.0,90,40.0,"Prosser.NE (WSU Hamilton), Prosser, Benton County",110029,Hamilton,2020-06-01 13:46:41.380393
2009-03-08,09:00,30.7,22.8,73.2,0.0,NW@1.3,3.5,0.0,102,40.0,"Prosser.NE (WSU Hamilton), Prosser, Benton County",110029,Hamilton,2020-06-01 13:46:41.380393
2009-03-08,09:15,32.4,22.1,65.5,0.0,SW@1.1,2.8,0.0,225,39.9,"Prosser.NE (WSU Hamilton), Prosser, Benton County",110029,Hamilton,2020-06-01 13:46:41.380393
2009-03-08,09:30,34.3,21.4,58.9,0.0,SW@1.2,3.5,0.0,359,39.9,"Prosser.NE (WSU Hamilton), Prosser, Benton County",110029,Hamilton,2020-06-01 13:46:41.380393
2009-03-08,09:45,35.2,20.8,55.4,0.0,S@2.1,4.9,0.0,323,39.8,"Prosser.NE (WSU Hamilton), Prosser, Benton County",110029,Hamilton,2020-06-01 13:46:41.380393
2009-03-08,10:00,35.5,20.0,52.7,0.0,S@3.8,6.7,0.0,369,39.8,"Prosser.NE (WSU Hamilton), Prosser, Benton County",110029,Hamilton,2020-06-01 13:46:41.380393
2009-03-08,10:15,36.8,20.6,51.4,0.0,SW@3.4,6.7,0.0,387,39.7,"Prosser.NE (WSU Hamilton), Prosser, Benton County",110029,Hamilton,2020-06-01 13:46:41.380393
2009-03-08,10:30,36.3,19.1,49.3,0.0,SW@3.5,6.0,0.0,275,39.6,"Prosser.NE (WSU Hamilton), Prosser, Benton County",110029,Hamilton,2020-06-01 13:46:41.380393
2009-03-08,10:45,37.6,19.8,48.2,0.0,SW@4.3,6.7,0.0,417,39.6,"Prosser.NE (WSU Hamilton), Prosser, Benton County",110029,Hamilton,2020-06-01 13:46:41.380393
2009-03-08,11:00,38.1,18.4,44.7,0.0,S@3.5,7.8,0.0,442,39.5,"Prosser.NE (WSU Hamilton), Prosser, Benton County",110029,Hamilton,2020-06-01 13:46:41.380393
2009-03-08,11:15,38.9,17.1,40.8,0.0,S@3.6,6.4,0.0,536,39.5,"Prosser.NE (WSU Hamilton), Prosser, Benton County",110029,Hamilton,2020-06-01 13:46:41.380393
2009-03-08,11:30,39.4,17.9,41.3,0.0,S@2.5,5.3,0.0,485,39.4,"Prosser.NE (WSU Hamilton), Prosser, Benton County",110029,Hamilton,2020-06-01 13:46:41.380393
2009-03-08,11:45,39.9,18.9,42.4,0.0,S@3.4,7.8,0.0,613,39.4,"Prosser.NE (WSU Hamilton), Prosser, Benton County",110029,Hamilton,2020-06-01 13:46:41.380393
2009-03-08,12:00,40.4,19.8,43.1,0.0,S@4.2,8.2,0.0,624,39.4,"Prosser.NE (WSU Hamilton), Prosser, Benton County",110029,Hamilton,2020-06-01 13:46:41.380393
2009-03-08,12:15,41.1,20.2,42.9,0.0,S@5.3,10.7,0.0,658,39.3,"Prosser.NE (WSU Hamilton), Prosser, Benton County",110029,Hamilton,2020-06-01 13:46:41.380393
2009-03-08,12:30,41.3,20.4,42.9,0.0,SW@5.6,9.6,0.0,690,39.3,"Prosser.NE (WSU Hamilton), Prosser, Benton County",110029,Hamilton,2020-06-01 13:46:41.380393
2009-03-08,12:45,41.4,19.2,40.5,0.0,S@4.7,10.3,0.0,623,39.2,"Prosser.NE (WSU Hamilton), Prosser, Benton County",110029,Hamilton,2020-06-01 13:46:41.380393
2009-03-08,13:00,41.3,18.9,40.1,0.0,SW@5.4,10.3,0.0,574,39.2,"Prosser.NE (WSU Hamilton), Prosser, Benton County",110029,Hamilton,2020-06-01 13:46:41.380393
2009-03-08,13:15,41.1,17.3,37.8,0.0,W@5.4,8.5,0.0,453,39.2,"Prosser.NE (WSU Hamilton), Prosser, Benton County",110029,Hamilton,2020-06-01 13:46:41.380393
2009-03-08,13:30,41.2,16.5,36.3,0.0,W@4.7,7.8,0.0,389,39.2,"Prosser.NE (WSU Hamilton), Prosser, Benton County",110029,Hamilton,2020-06-01 13:46:41.380393
2009-03-08,13:45,41.4,15.7,34.8,0.0,W@4.6,7.8,0.0,375,39.2,"Prosser.NE (WSU Hamilton), Prosser, Benton County",110029,Hamilton,2020-06-01 13:46:41.380393
2009-03-08,14:00,41.6,16.0,34.9,0.0,NW@4.3,7.8,0.0,354,39.2,"Prosser.NE (WSU Hamilton), Prosser, Benton County",110029,Hamilton,2020-06-01 13:46:41.380393
2009-03-08,14:15,42.1,16.4,35.0,0.0,NW@4.9,8.5,0.0,397,39.2,"Prosser.NE (WSU Hamilton), Prosser, Benton County",110029,Hamilton,2020-06-01 13:46:41.380393
2009-03-08,14:30,42.8,14.8,31.7,0.0,W@5.4,9.2,0.0,544,39.2,"Prosser.NE (WSU Hamilton), Prosser, Benton County",110029,Hamilton,2020-06-01 13:46:41.380393
2009-03-08,14:45,44.0,14.2,29.5,0.0,SW@3.7,8.2,0.0,559,39.3,"Prosser.NE (WSU Hamilton), Prosser, Benton County",110029,Hamilton,2020-06-01 13:46:41.380393
2009-03-08,15:00,43.0,13.2,29.4,0.0,W@4.6,7.4,0.0,421,39.3,"Prosser.NE (WSU Hamilton), Prosser, Benton County",110029,Hamilton,2020-06-01 13:46:41.380393
2009-03-08,15:15,43.4,13.2,28.8,0.0,SW@1.5,4.6,0.0,372,39.4,"Prosser.NE (WSU Hamilton), Prosser, Benton County",110029,Hamilton,2020-06-01 13:46:41.380393
2009-03-08,15:30,42.8,13.2,29.5,0.0,S@2.8,7.1,0.0,337,39.4,"Prosser.NE (WSU Hamilton), Prosser, Benton County",110029,Hamilton,2020-06-01 13:46:41.380393
2009-03-08,15:45,42.5,13.7,30.7,0.0,S@3.0,5.7,0.0,244,39.5,"Prosser.NE (WSU Hamilton), Prosser, Benton County",110029,Hamilton,2020-06-01 13:46:41.380393
2009-03-08,16:00,42.6,13.4,30.1,0.0,S@2.0,4.6,0.0,290,39.6,"Prosser.NE (WSU Hamilton), Prosser, Benton County",110029,Hamilton,2020-06-01 13:46:41.380393
2009-03-08,16:15,43.1,13.8,30.1,0.0,SE@2.9,5.7,0.0,302,39.7,"Prosser.NE (WSU Hamilton), Prosser, Benton County",110029,Hamilton,2020-06-01 13:46:41.380393
2009-03-08,16:30,43.5,13.8,29.6,0.0,S@2.4,5.3,0.0,348,39.8,"Prosser.NE (WSU Hamilton), Prosser, Benton County",110029,Hamilton,2020-06-01 13:46:41.380393
2009-03-08,16:45,44.6,15.1,30.0,0.0,SW@2.2,6.7,0.0,360,39.9,"Prosser.NE (WSU Hamilton), Prosser, Benton County",110029,Hamilton,2020-06-01 13:46:41.380393
2009-03-08,17:00,43.6,21.9,41.7,0.0,S@7.6,12.8,0.0,359,40.0,"Prosser.NE (WSU Hamilton), Prosser, Benton County",110029,Hamilton,2020-06-01 13:46:41.380393
2009-03-08,17:15,42.5,24.6,48.7,0.0,S@9.0,13.9,0.0,288,40.1,"Prosser.NE (WSU Hamilton), Prosser, Benton County",110029,Hamilton,2020-06-01 13:46:41.380393
2009-03-08,17:30,41.9,25.0,50.9,0.0,S@8.4,11.4,0.0,236,40.2,"Prosser.NE (WSU Hamilton), Prosser, Benton County",110029,Hamilton,2020-06-01 13:46:41.380393
2009-03-08,17:45,41.9,24.1,48.8,0.0,S@6.8,11.4,0.0,205,40.3,"Prosser.NE (WSU Hamilton), Prosser, Benton County",110029,Hamilton,2020-06-01 13:46:41.380393
2009-03-08,18:00,41.7,24.4,49.9,0.0,SW@5.9,8.9,0.0,159,40.4,"Prosser.NE (WSU Hamilton), Prosser, Benton County",110029,Hamilton,2020-06-01 13:46:41.380393
2009-03-08,18:15,40.6,24.4,52.2,0.0,SW@5.3,7.1,0.0,67,40.5,"Prosser.NE (WSU Hamilton), Prosser, Benton County",110029,Hamilton,2020-06-01 13:46:41.380393
2009-03-08,18:30,40.1,24.4,53.0,0.0,W@3.0,4.9,0.0,47,40.6,"Prosser.NE (WSU Hamilton), Prosser, Benton County",110029,Hamilton,2020-06-01 13:46:41.380393
2009-03-08,18:45,39.6,24.0,53.2,0.0,NW@0.9,2.8,0.0,18,40.6,"Prosser.NE (WSU Hamilton), Prosser, Benton County",110029,Hamilton,2020-06-01 13:46:41.380393
2009-03-08,19:00,38.4,23.6,54.9,0.0,NW@3.0,4.2,0.0,7,40.7,"Prosser.NE (WSU Hamilton), Prosser, Benton County",110029,Hamilton,2020-06-01 13:46:41.380393
2009-03-08,19:15,38.0,24.0,56.6,0.0,N@2.8,3.5,0.0,1,40.8,"Prosser.NE (WSU Hamilton), Prosser, Benton County",110029,Hamilton,2020-06-01 13:46:41.380393
2009-03-08,19:30,36.5,24.6,61.6,0.0,N@3.2,4.2,0.0,0,40.9,"Prosser.NE (WSU Hamilton), Prosser, Benton County",110029,Hamilton,2020-06-01 13:46:41.380393
2009-03-08,19:45,36.5,24.3,60.7,0.0,N@3.7,6.0,0.0,0,40.9,"Prosser.NE (WSU Hamilton), Prosser, Benton County",110029,Hamilton,2020-06-01 13:46:41.380393
2009-03-08,20:00,35.5,25.0,65.4,0.0,NW@4.9,6.0,0.0,0,41.0,"Prosser.NE (WSU Hamilton), Prosser, Benton County",110029,Hamilton,2020-06-01 13:46:41.380393
2009-03-08,20:15,35.3,25.2,66.4,0.0,W@2.0,4.9,0.0,0,41.0,"Prosser.NE (WSU Hamilton), Prosser, Benton County",110029,Hamilton,2020-06-01 13:46:41.380393
2009-03-08,20:30,35.3,24.8,65.2,0.0,SW@0.3,2.8,0.0,0,41.1,"Prosser.NE (WSU Hamilton), Prosser, Benton County",110029,Hamilton,2020-06-01 13:46:41.380393
2009-03-08,20:45,35.3,25.0,65.8,0.0,W@1.3,3.9,0.0,0,41.1,"Prosser.NE (WSU Hamilton), Prosser, Benton County",110029,Hamilton,2020-06-01 13:46:41.380393
2009-03-08,21:00,35.4,25.2,65.9,0.0,W@2.7,5.7,0.0,0,41.1,"Prosser.NE (WSU Hamilton), Prosser, Benton County",110029,Hamilton,2020-06-01 13:46:41.380393
2009-03-08,21:15,34.5,25.3,68.7,0.0,NW@1.0,3.9,0.0,0,41.2,"Prosser.NE (WSU Hamilton), Prosser, Benton County",110029,Hamilton,2020-06-01 13:46:41.380393
2009-03-08,21:30,34.4,26.2,71.5,0.0,W@1.1,2.8,0.0,0,41.2,"Prosser.NE (WSU Hamilton), Prosser, Benton County",110029,Hamilton,2020-06-01 13:46:41.380393
2009-03-08,21:45,34.2,26.8,74.1,0.0,NW@2.9,4.6,0.0,0,41.2,"Prosser.NE (WSU Hamilton), Prosser, Benton County",110029,Hamilton,2020-06-01 13:46:41.380393
2009-03-08,22:00,33.4,26.7,76.3,0.0,NW@3.7,5.7,0.0,0,41.2,"Prosser.NE (WSU Hamilton), Prosser, Benton County",110029,Hamilton,2020-06-01 13:46:41.380393
2009-03-08,22:15,32.9,26.7,77.6,0.0,W@2.2,5.7,0.0,0,41.2,"Prosser.NE (WSU Hamilton), Prosser, Benton County",110029,Hamilton,2020-06-01 13:46:41.380393
2009-03-08,22:30,32.7,26.7,78.4,0.0,W@2.6,4.2,0.0,0,41.2,"Prosser.NE (WSU Hamilton), Prosser, Benton County",110029,Hamilton,2020-06-01 13:46:41.380393
2009-03-08,22:45,32.4,26.7,79.2,0.0,W@2.3,5.3,0.0,0,41.2,"Prosser.NE (WSU Hamilton), Prosser, Benton County",110029,Hamilton,2020-06-01 13:46:41.380393
2009-03-08,23:00,32.3,26.9,80.1,0.0,W@0.4,3.5,0.0,0,41.2,"Prosser.NE (WSU Hamilton), Prosser, Benton County",110029,Hamilton,2020-06-01 13:46:41.380393
2009-03-08,23:15,31.9,26.6,81.2,0.0,W@1.1,3.1,0.0,0,41.2,"Prosser.NE (WSU Hamilton), Prosser, Benton County",110029,Hamilton,2020-06-01 13:46:41.380393
2009-03-08,23:30,31.5,26.6,82.5,0.0,NW@2.6,3.9,0.0,0,41.2,"Prosser.NE (WSU Hamilton), Prosser, Benton County",110029,Hamilton,2020-06-01 13:46:41.380393
2009-03-08,23:45,31.5,26.7,82.8,0.0,NW@2.1,3.1,0.0,0,41.1,"Prosser.NE (WSU Hamilton), Prosser, Benton County",110029,Hamilton,2020-06-01 13:46:41.380393
2009-03-08,24:00,31.5,26.7,83.0,0.0,NW@0.1,2.1,0.0,0,41.1,"Prosser.NE (WSU Hamilton), Prosser, Benton County",110029,Hamilton,2020-06-01 13:46:41.380393
2009-03-09,00:15,31.0,26.7,84.8,0.0,NW@2.4,4.2,0.0,0,41.1,"Prosser.NE (WSU Hamilton), Prosser, Benton County",110029,Hamilton,2020-06-01 13:46:41.380393
2009-03-09,00:30,30.6,26.7,86.4,0.0,NW@2.7,4.9,0.0,0,41.1,"Prosser.NE (WSU Hamilton), Prosser, Benton County",110029,Hamilton,2020-06-01 13:46:41.380393
2009-03-09,00:45,30.4,26.7,87.0,0.0,NW@1.5,3.9,0.0,0,41.0,"Prosser.NE (WSU Hamilton), Prosser, Benton County",110029,Hamilton,2020-06-01 13:46:41.380393
2009-03-09,01:00,30.6,26.8,86.7,0.0,NW@2.7,3.9,0.0,0,41.0,"Prosser.NE (WSU Hamilton), Prosser, Benton County",110029,Hamilton,2020-06-01 13:46:41.380393
2009-03-09,01:15,31.2,27.0,85.1,0.0,NW@3.3,4.6,0.0,0,41.0,"Prosser.NE (WSU Hamilton), Prosser, Benton County",110029,Hamilton,2020-06-01 13:46:41.380393
2009-03-09,01:30,30.4,26.6,86.8,0.0,W@0.7,2.8,0.0,0,40.9,"Prosser.NE (WSU Hamilton), Prosser, Benton County",110029,Hamilton,2020-06-01 13:46:41.380393
2009-03-09,01:45,30.2,26.6,87.6,0.0,N @0.0,0.0,0.01,0,40.9,"Prosser.NE (WSU Hamilton), Prosser, Benton County",110029,Hamilton,2020-06-01 13:46:41.380393
2009-03-09,02:00,30.1,26.4,87.0,0.0,NW@0.8,2.4,0.01,0,40.9,"Prosser.NE (WSU Hamilton), Prosser, Benton County",110029,Hamilton,2020-06-01 13:46:41.380393
2009-03-09,02:15,30.0,26.1,86.5,0.0,N@2.1,2.8,0.01,0,40.8,"Prosser.NE (WSU Hamilton), Prosser, Benton County",110029,Hamilton,2020-06-01 13:46:41.380393
2009-03-09,02:30,30.1,25.9,85.7,0.0,NW@2.4,3.1,0.01,0,40.8,"Prosser.NE (WSU Hamilton), Prosser, Benton County",110029,Hamilton,2020-06-01 13:46:41.380393
2009-03-09,02:45,29.7,25.5,85.8,0.0,NW@2.5,3.5,0.01,0,40.7,"Prosser.NE (WSU Hamilton), Prosser, Benton County",110029,Hamilton,2020-06-01 13:46:41.380393
2009-03-09,03:00,29.3,25.4,86.8,0.0,NW@2.7,3.5,0.01,0,40.7,"Prosser.NE (WSU Hamilton), Prosser, Benton County",110029,Hamilton,2020-06-01 13:46:41.380393
2009-03-09,03:15,28.7,24.9,87.5,0.0,NW@3.2,3.9,0.01,0,40.6,"Prosser.NE (WSU Hamilton), Prosser, Benton County",110029,Hamilton,2020-06-01 13:46:41.380393
2009-03-09,03:30,28.1,24.5,88.5,0.0,N@3.4,4.2,0.01,0,40.6,"Prosser.NE (WSU Hamilton), Prosser, Benton County",110029,Hamilton,2020-06-01 13:46:41.380393
2009-03-09,03:45,27.1,23.6,89.5,0.0,NW@3.6,4.6,0.02,0,40.5,"Prosser.NE (WSU Hamilton), Prosser, Benton County",110029,Hamilton,2020-06-01 13:46:41.380393
2009-03-09,04:00,26.8,23.6,90.7,0.0,NW@3.7,4.9,0.02,0,40.5,"Prosser.NE (WSU Hamilton), Prosser, Benton County",110029,Hamilton,2020-06-01 13:46:41.380393
2009-03-09,04:15,27.1,23.8,89.9,0.0,NW@3.7,4.6,0.02,0,40.5,"Prosser.NE (WSU Hamilton), Prosser, Benton County",110029,Hamilton,2020-06-01 13:46:41.380393
2009-03-09,04:30,26.8,23.3,89.5,0.0,NW@2.7,4.6,0.01,0,40.4,"Prosser.NE (WSU Hamilton), Prosser, Benton County",110029,Hamilton,2020-06-01 13:46:41.380393
2009-03-09,04:45,26.5,22.9,89.4,0.0,N @0.0,0.0,0.02,0,40.4,"Prosser.NE (WSU Hamilton), Prosser, Benton County",110029,Hamilton,2020-06-01 13:46:41.380393
2009-03-09,05:00,26.2,22.7,89.9,0.0,NW@2.1,3.9,0.03,0,40.3,"Prosser.NE (WSU Hamilton), Prosser, Benton County",110029,Hamilton,2020-06-01 13:46:41.380393
2009-03-09,05:15,25.9,22.3,89.5,0.0,SE@1.7,3.9,0.03,0,40.3,"Prosser.NE (WSU Hamilton), Prosser, Benton County",110029,Hamilton,2020-06-01 13:46:41.380393
2009-03-09,05:30,25.5,22.0,90.1,0.0,SW@1.1,3.1,0.04,0,40.2,"Prosser.NE (WSU Hamilton), Prosser, Benton County",110029,Hamilton,2020-06-01 13:46:41.380393
2009-03-09,05:45,25.5,22.0,89.8,0.0,NW@0.7,3.1,0.05,0,40.2,"Prosser.NE (WSU Hamilton), Prosser, Benton County",110029,Hamilton,2020-06-01 13:46:41.380393
2009-03-09,06:00,25.1,21.6,90.2,0.0,N@2.8,3.9,0.06,0,40.1,"Prosser.NE (WSU Hamilton), Prosser, Benton County",110029,Hamilton,2020-06-01 13:46:41.380393
2009-03-09,06:15,25.1,21.7,90.8,0.0,N@3.0,4.2,0.05,0,40.1,"Prosser.NE (WSU Hamilton), Prosser, Benton County",110029,Hamilton,2020-06-01 13:46:41.380393
2009-03-09,06:30,25.3,21.9,90.6,0.0,W@3.6,4.9,0.04,0,40.0,"Prosser.NE (WSU Hamilton), Prosser, Benton County",110029,Hamilton,2020-06-01 13:46:41.380393
2009-03-09,06:45,25.7,22.2,90.3,0.0,SE@3.9,5.7,0.04,0,40.0,"Prosser.NE (WSU Hamilton), Prosser, Benton County",110029,Hamilton,2020-06-01 13:46:41.380393
2009-03-09,07:00,25.5,21.9,89.6,0.0,W@2.7,4.6,0.04,0,40.0,"Prosser.NE (WSU Hamilton), Prosser, Benton County",110029,Hamilton,2020-06-01 13:46:41.380393
2009-03-09,07:15,24.9,21.3,90.1,0.0,NW@4.1,5.3,0.02,1,39.9,"Prosser.NE (WSU Hamilton), Prosser, Benton County",110029,Hamilton,2020-06-01 13:46:41.380393
2009-03-09,07:30,24.6,21.0,89.9,0.0,W@3.1,4.2,0.02,5,39.9,"Prosser.NE (WSU Hamilton), Prosser, Benton County",110029,Hamilton,2020-06-01 13:46:41.380393
2009-03-09,07:45,24.4,20.8,90.2,0.0,NW@3.6,4.6,0.02,16,39.8,"Prosser.NE (WSU Hamilton), Prosser, Benton County",110029,Hamilton,2020-06-01 13:46:41.380393
2009-03-09,08:00,25.5,21.7,88.9,0.0,N@2.9,4.6,0.02,69,39.8,"Prosser.NE (WSU Hamilton), Prosser, Benton County",110029,Hamilton,2020-06-01 13:46:41.380393
2009-03-09,08:15,27.5,23.5,87.4,0.0,S@2.1,4.2,0.02,105,39.7,"Prosser.NE (WSU Hamilton), Prosser, Benton County",110029,Hamilton,2020-06-01 13:46:41.380393
2009-03-09,08:30,30.4,25.7,83.7,0.0,SW@0.7,2.8,0.02,138,39.7,"Prosser.NE (WSU Hamilton), Prosser, Benton County",110029,Hamilton,2020-06-01 13:46:41.380393
2009-03-09,08:45,30.3,25.7,84.1,0.0,W@1.2,3.1,0.01,175,39.6,"Prosser.NE (WSU Hamilton), Prosser, Benton County",110029,Hamilton,2020-06-01 13:46:41.380393
2009-03-09,09:00,31.3,26.3,82.1,0.0,SW@1.1,3.1,0.0,217,39.6,"Prosser.NE (WSU Hamilton), Prosser, Benton County",110029,Hamilton,2020-06-01 13:46:41.380393
2009-03-09,09:15,31.9,27.0,82.2,0.0,SW@2.5,6.4,0.0,261,39.5,"Prosser.NE (WSU Hamilton), Prosser, Benton County",110029,Hamilton,2020-06-01 13:46:41.380393
2009-03-09,09:30,32.1,27.1,81.9,0.0,SW@3.6,5.3,0.0,305,39.5,"Prosser.NE (WSU Hamilton), Prosser, Benton County",110029,Hamilton,2020-06-01 13:46:41.380393
2009-03-09,09:45,33.2,27.2,78.4,0.0,SW@3.2,4.9,0.0,347,39.5,"Prosser.NE (WSU Hamilton), Prosser, Benton County",110029,Hamilton,2020-06-01 13:46:41.380393
2009-03-09,10:00,34.5,26.3,71.6,0.0,S@2.3,4.2,0.0,391,39.4,"Prosser.NE (WSU Hamilton), Prosser, Benton County",110029,Hamilton,2020-06-01 13:46:41.380393
2009-03-09,10:15,35.6,25.3,65.8,0.0,SW@2.8,6.4,0.0,439,39.4,"Prosser.NE (WSU Hamilton), Prosser, Benton County",110029,Hamilton,2020-06-01 13:46:41.380393
2009-03-09,10:30,36.0,24.0,61.3,0.0,W@4.4,8.9,0.0,490,39.3,"Prosser.NE (WSU Hamilton), Prosser, Benton County",110029,Hamilton,2020-06-01 13:46:41.380393
2009-03-09,10:45,37.1,24.1,59.0,0.0,SW@5.1,9.9,0.0,506,39.3,"Prosser.NE (WSU Hamilton), Prosser, Benton County",110029,Hamilton,2020-06-01 13:46:41.380393
2009-03-09,11:00,37.6,23.4,56.2,0.0,SW@6.0,9.9,0.0,549,39.2,"Prosser.NE (WSU Hamilton), Prosser, Benton County",110029,Hamilton,2020-06-01 13:46:41.380393
2009-03-09,11:15,38.7,23.2,53.3,0.0,SW@6.0,10.7,0.0,620,39.2,"Prosser.NE (WSU Hamilton), Prosser, Benton County",110029,Hamilton,2020-06-01 13:46:41.380393
2009-03-09,11:30,39.7,23.5,52.0,0.0,SW@5.2,9.2,0.0,638,39.1,"Prosser.NE (WSU Hamilton), Prosser, Benton County",110029,Hamilton,2020-06-01 13:46:41.380393
2009-03-09,11:45,39.9,25.7,56.5,0.0,S@6.3,9.9,0.0,666,39.1,"Prosser.NE (WSU Hamilton), Prosser, Benton County",110029,Hamilton,2020-06-01 13:46:41.380393
2009-03-09,12:00,40.7,23.0,49.0,0.0,SE@4.2,8.9,0.0,523,39.1,"Prosser.NE (WSU Hamilton), Prosser, Benton County",110029,Hamilton,2020-06-01 13:46:41.380393
2009-03-09,12:15,40.2,24.4,52.9,0.0,S@5.1,13.9,0.0,227,39.0,"Prosser.NE (WSU Hamilton), Prosser, Benton County",110029,Hamilton,2020-06-01 13:46:41.380393
2009-03-09,12:30,39.3,26.6,59.8,0.0,SW@14.4,23.5,0.0,235,39.0,"Prosser.NE (WSU Hamilton), Prosser, Benton County",110029,Hamilton,2020-06-01 13:46:41.380393
2009-03-09,12:45,39.2,26.6,60.3,0.0,W@12.6,22.1,0.0,220,39.0,"Prosser.NE (WSU Hamilton), Prosser, Benton County",110029,Hamilton,2020-06-01 13:46:41.380393
2009-03-09,13:00,39.4,26.5,59.4,0.0,SW@7.8,15.7,0.0,172,39.0,"Prosser.NE (WSU Hamilton), Prosser, Benton County",110029,Hamilton,2020-06-01 13:46:41.380393
2009-03-09,13:15,40.5,25.2,54.1,0.0,SW@8.8,14.6,0.0,229,39.0,"Prosser.NE (WSU Hamilton), Prosser, Benton County",110029,Hamilton,2020-06-01 13:46:41.380393
2009-03-09,13:30,40.9,24.8,52.2,0.0,SW@10.9,18.2,0.0,206,39.0,"Prosser.NE (WSU Hamilton), Prosser, Benton County",110029,Hamilton,2020-06-01 13:46:41.380393
2009-03-09,13:45,41.2,24.4,51.0,0.0,SW@11.1,17.5,0.0,311,39.1,"Prosser.NE (WSU Hamilton), Prosser, Benton County",110029,Hamilton,2020-06-01 13:46:41.380393
2009-03-09,14:00,43.6,25.4,48.2,0.0,SW@11.1,18.9,0.0,655,39.1,"Prosser.NE (WSU Hamilton), Prosser, Benton County",110029,Hamilton,2020-06-01 13:46:41.380393
2009-03-09,14:15,43.4,25.9,49.7,0.0,SW@14.7,22.1,0.0,516,39.1,"Prosser.NE (WSU Hamilton), Prosser, Benton County",110029,Hamilton,2020-06-01 13:46:41.380393
2009-03-09,14:30,42.9,24.8,48.6,0.0,SW@16.1,25.7,0.0,305,39.2,"Prosser.NE (WSU Hamilton), Prosser, Benton County",110029,Hamilton,2020-06-01 13:46:41.380393
2009-03-09,14:45,40.1,26.9,59.0,0.0,NW@10.1,17.1,0.0,283,39.3,"Prosser.NE (WSU Hamilton), Prosser, Benton County",110029,Hamilton,2020-06-01 13:46:41.380393
2009-03-09,15:00,38.8,27.3,63.1,0.0,NW@8.9,15.7,0.0,141,39.3,"Prosser.NE (WSU Hamilton), Prosser, Benton County",110029,Hamilton,2020-06-01 13:46:41.380393
2009-03-09,15:15,37.9,26.7,63.6,0.0,NW@7.7,14.2,0.0,131,39.4,"Prosser.NE (WSU Hamilton), Prosser, Benton County",110029,Hamilton,2020-06-01 13:46:41.380393
2009-03-09,15:30,38.1,25.7,60.7,0.0,W@6.5,13.2,0.0,215,39.4,"Prosser.NE (WSU Hamilton), Prosser, Benton County",110029,Hamilton,2020-06-01 13:46:41.380393
2009-03-09,15:45,40.2,24.3,52.7,0.0,W@9.4,17.8,0.0,478,39.5,"Prosser.NE (WSU Hamilton), Prosser, Benton County",110029,Hamilton,2020-06-01 13:46:41.380393
2009-03-09,16:00,41.9,25.6,52.2,0.0,W@7.1,15.3,0.0,410,39.5,"Prosser.NE (WSU Hamilton), Prosser, Benton County",110029,Hamilton,2020-06-01 13:46:41.380393
2009-03-09,16:15,40.6,26.0,55.5,0.0,W@6.4,13.9,0.0,358,39.6,"Prosser.NE (WSU Hamilton), Prosser, Benton County",110029,Hamilton,2020-06-01 13:46:41.380393
2009-03-09,16:30,42.2,25.7,51.8,0.0,W@5.6,16.0,0.0,426,39.7,"Prosser.NE (WSU Hamilton), Prosser, Benton County",110029,Hamilton,2020-06-01 13:46:41.380393
2009-03-09,16:45,42.1,20.9,42.3,0.0,W@9.8,16.4,0.0,336,39.7,"Prosser.NE (WSU Hamilton), Prosser, Benton County",110029,Hamilton,2020-06-01 13:46:41.380393
2009-03-09,17:00,42.6,21.1,42.1,0.0,W@6.6,11.7,0.0,259,39.8,"Prosser.NE (WSU Hamilton), Prosser, Benton County",110029,Hamilton,2020-06-01 13:46:41.380393
2009-03-09,17:15,41.2,21.0,44.0,0.0,W@4.9,8.2,0.0,62,39.8,"Prosser.NE (WSU Hamilton), Prosser, Benton County",110029,Hamilton,2020-06-01 13:46:41.380393
2009-03-09,17:30,41.2,22.8,47.6,0.0,NW@6.3,14.6,0.0,140,39.9,"Prosser.NE (WSU Hamilton), Prosser, Benton County",110029,Hamilton,2020-06-01 13:46:41.380393
2009-03-09,17:45,41.9,23.9,48.5,0.0,NW@5.5,14.6,0.0,281,40.0,"Prosser.NE (WSU Hamilton), Prosser, Benton County",110029,Hamilton,2020-06-01 13:46:41.380393
2009-03-09,18:00,40.7,26.1,55.7,0.0,W@9.9,15.7,0.0,224,40.0,"Prosser.NE (WSU Hamilton), Prosser, Benton County",110029,Hamilton,2020-06-01 13:46:41.380393
2009-03-09,18:15,39.2,26.4,59.8,0.0,SE@7.2,10.7,0.0,89,40.1,"Prosser.NE (WSU Hamilton), Prosser, Benton County",110029,Hamilton,2020-06-01 13:46:41.380393
2009-03-09,18:30,39.0,26.3,60.0,0.0,SE@5.1,7.8,0.0,79,40.1,"Prosser.NE (WSU Hamilton), Prosser, Benton County",110029,Hamilton,2020-06-01 13:46:41.380393
2009-03-09,18:45,38.3,26.0,60.7,0.0,W@2.9,4.9,0.0,23,40.2,"Prosser.NE (WSU Hamilton), Prosser, Benton County",110029,Hamilton,2020-06-01 13:46:41.380393
2009-03-09,19:00,38.1,24.2,57.1,0.0,W@7.0,13.5,0.0,7,40.2,"Prosser.NE (WSU Hamilton), Prosser, Benton County",110029,Hamilton,2020-06-01 13:46:41.380393
2009-03-09,19:15,37.0,25.1,61.7,0.0,NW@8.0,16.0,0.0,1,40.3,"Prosser.NE (WSU Hamilton), Prosser, Benton County",110029,Hamilton,2020-06-01 13:46:41.380393
2009-03-09,19:30,33.6,26.9,76.4,0.0,SW@9.2,16.4,0.0,0,40.3,"Prosser.NE (WSU Hamilton), Prosser, Benton County",110029,Hamilton,2020-06-01 13:46:41.380393
2009-03-09,19:45,33.7,25.6,71.8,0.0,SW@3.0,6.4,0.0,0,40.3,"Prosser.NE (WSU Hamilton), Prosser, Benton County",110029,Hamilton,2020-06-01 13:46:41.380393
2009-03-09,20:00,32.6,25.2,74.0,0.0,NW@1.5,3.5,0.0,0,40.4,"Prosser.NE (WSU Hamilton), Prosser, Benton County",110029,Hamilton,2020-06-01 13:46:41.380393
2009-03-09,20:15,31.3,25.4,78.9,0.0,W@2.9,4.9,0.0,0,40.4,"Prosser.NE (WSU Hamilton), Prosser, Benton County",110029,Hamilton,2020-06-01 13:46:41.380393
2009-03-09,20:30,31.6,25.4,78.0,0.0,NW@2.4,4.9,0.0,0,40.4,"Prosser.NE (WSU Hamilton), Prosser, Benton County",110029,Hamilton,2020-06-01 13:46:41.380393
2009-03-09,20:45,31.0,25.0,78.9,0.0,NW@1.5,3.9,0.0,0,40.5,"Prosser.NE (WSU Hamilton), Prosser, Benton County",110029,Hamilton,2020-06-01 13:46:41.380393
2009-03-09,21:00,30.3,24.5,80.0,0.0,SE@2.5,4.9,0.0,0,40.5,"Prosser.NE (WSU Hamilton), Prosser, Benton County",110029,Hamilton,2020-06-01 13:46:41.380393
2009-03-09,21:15,29.1,23.5,80.9,0.0,SW@3.9,4.9,0.0,0,40.5,"Prosser.NE (WSU Hamilton), Prosser, Benton County",110029,Hamilton,2020-06-01 13:46:41.380393
2009-03-09,21:30,28.4,22.9,81.8,0.0,N@4.2,5.3,0.0,0,40.5,"Prosser.NE (WSU Hamilton), Prosser, Benton County",110029,Hamilton,2020-06-01 13:46:41.380393
2009-03-09,21:45,27.5,22.2,83.0,0.0,NW@3.6,6.0,0.0,0,40.5,"Prosser.NE (WSU Hamilton), Prosser, Benton County",110029,Hamilton,2020-06-01 13:46:41.380393
2009-03-09,22:00,27.2,21.9,83.0,0.0,W@1.8,3.5,0.0,0,40.5,"Prosser.NE (WSU Hamilton), Prosser, Benton County",110029,Hamilton,2020-06-01 13:46:41.380393
2009-03-09,22:15,26.8,21.3,82.2,0.0,N@3.5,4.6,0.0,0,40.5,"Prosser.NE (WSU Hamilton), Prosser, Benton County",110029,Hamilton,2020-06-01 13:46:41.380393
2009-03-09,22:30,27.5,21.4,80.2,0.0,NW@4.6,6.7,0.0,0,40.5,"Prosser.NE (WSU Hamilton), Prosser, Benton County",110029,Hamilton,2020-06-01 13:46:41.380393
2009-03-09,22:45,27.7,21.4,79.2,0.0,NW@5.1,6.4,0.0,0,40.5,"Prosser.NE (WSU Hamilton), Prosser, Benton County",110029,Hamilton,2020-06-01 13:46:41.380393
2009-03-09,23:00,28.1,22.1,79.9,0.0,NW@3.6,6.4,0.0,0,40.4,"Prosser.NE (WSU Hamilton), Prosser, Benton County",110029,Hamilton,2020-06-01 13:46:41.380393
2009-03-09,23:15,27.6,21.5,80.0,0.0,NW@3.9,6.0,0.0,0,40.4,"Prosser.NE (WSU Hamilton), Prosser, Benton County",110029,Hamilton,2020-06-01 13:46:41.380393
2009-03-09,23:30,29.5,21.1,71.9,0.0,SW@1.7,5.3,0.0,0,40.4,"Prosser.NE (WSU Hamilton), Prosser, Benton County",110029,Hamilton,2020-06-01 13:46:41.380393
2009-03-09,23:45,30.1,20.7,68.9,0.0,S@0.7,2.8,0.0,0,40.4,"Prosser.NE (WSU Hamilton), Prosser, Benton County",110029,Hamilton,2020-06-01 13:46:41.380393
2009-03-09,24:00,29.0,20.1,70.6,0.0,E@1.6,4.2,0.0,0,40.3,"Prosser.NE (WSU Hamilton), Prosser, Benton County",110029,Hamilton,2020-06-01 13:46:41.380393
2009-03-10,00:15,27.7,20.2,75.1,0.0,S@1.1,4.2,0.0,0,40.3,"Prosser.NE (WSU Hamilton), Prosser, Benton County",110029,Hamilton,2020-06-01 13:46:41.380393
2009-03-10,00:30,27.5,19.8,74.9,0.0,E@1.4,3.9,0.0,0,40.3,"Prosser.NE (WSU Hamilton), Prosser, Benton County",110029,Hamilton,2020-06-01 13:46:41.380393
2009-03-10,00:45,27.4,19.7,74.7,0.0,N @0.0,0.0,0.0,0,40.2,"Prosser.NE (WSU Hamilton), Prosser, Benton County",110029,Hamilton,2020-06-01 13:46:41.380393
2009-03-10,01:00,27.6,19.5,73.3,0.0,S@0.6,3.1,0.0,0,40.2,"Prosser.NE (WSU Hamilton), Prosser, Benton County",110029,Hamilton,2020-06-01 13:46:41.380393
2009-03-10,01:15,26.7,18.9,74.5,0.0,NW@3.0,4.9,0.0,0,40.2,"Prosser.NE (WSU Hamilton), Prosser, Benton County",110029,Hamilton,2020-06-01 13:46:41.380393
2009-03-10,01:30,26.5,18.8,75.2,0.0,E@1.2,3.5,0.0,0,40.1,"Prosser.NE (WSU Hamilton), Prosser, Benton County",110029,Hamilton,2020-06-01 13:46:41.380393
2009-03-10,01:45,25.5,18.6,78.2,0.0,NE@0.4,2.8,0.0,0,40.1,"Prosser.NE (WSU Hamilton), Prosser, Benton County",110029,Hamilton,2020-06-01 13:46:41.380393
2009-03-10,02:00,26.5,18.8,75.0,0.0,S@1.6,4.2,0.0,0,40.0,"Prosser.NE (WSU Hamilton), Prosser, Benton County",110029,Hamilton,2020-06-01 13:46:41.380393
2009-03-10,02:15,25.9,18.7,76.8,0.0,NE@3.1,4.6,0.0,0,40.0,"Prosser.NE (WSU Hamilton), Prosser, Benton County",110029,Hamilton,2020-06-01 13:46:41.380393
2009-03-10,02:30,24.9,18.3,79.1,0.0,NE@4.2,6.4,0.0,0,39.9,"Prosser.NE (WSU Hamilton), Prosser, Benton County",110029,Hamilton,2020-06-01 13:46:41.380393
2009-03-10,02:45,26.2,18.7,75.7,0.0,S@2.2,5.3,0.0,0,39.9,"Prosser.NE (WSU Hamilton), Prosser, Benton County",110029,Hamilton,2020-06-01 13:46:41.380393
2009-03-10,03:00,24.7,17.8,78.1,0.0,W@2.9,5.3,0.0,0,39.9,"Prosser.NE (WSU Hamilton), Prosser, Benton County",110029,Hamilton,2020-06-01 13:46:41.380393
2009-03-10,03:15,25.0,18.1,78.1,0.0,SE@3.1,7.4,0.0,0,39.8,"Prosser.NE (WSU Hamilton), Prosser, Benton County",110029,Hamilton,2020-06-01 13:46:41.380393
2009-03-10,03:30,25.1,18.1,77.8,0.0,E@1.9,4.2,0.0,0,39.8,"Prosser.NE (WSU Hamilton), Prosser, Benton County",110029,Hamilton,2020-06-01 13:46:41.380393
2009-03-10,03:45,25.3,18.3,77.4,0.0,NE@3.5,5.3,0.0,0,39.7,"Prosser.NE (WSU Hamilton), Prosser, Benton County",110029,Hamilton,2020-06-01 13:46:41.380393
2009-03-10,04:00,25.7,18.6,77.2,0.0,NE@4.4,6.7,0.0,0,39.7,"Prosser.NE (WSU Hamilton), Prosser, Benton County",110029,Hamilton,2020-06-01 13:46:41.380393
2009-03-10,04:15,25.2,18.3,78.1,0.0,NE@3.5,5.3,0.0,0,39.6,"Prosser.NE (WSU Hamilton), Prosser, Benton County",110029,Hamilton,2020-06-01 13:46:41.380393
2009-03-10,04:30,24.6,17.9,79.0,0.0,E@3.6,6.4,0.0,0,39.5,"Prosser.NE (WSU Hamilton), Prosser, Benton County",110029,Hamilton,2020-06-01 13:46:41.380393
2009-03-10,04:45,24.6,17.4,77.4,0.0,E@4.7,7.1,0.0,0,39.5,"Prosser.NE (WSU Hamilton), Prosser, Benton County",110029,Hamilton,2020-06-01 13:46:41.380393
2009-03-10,05:00,24.6,15.8,71.9,0.0,E@5.2,8.2,0.0,0,39.5,"Prosser.NE (WSU Hamilton), Prosser, Benton County",110029,Hamilton,2020-06-01 13:46:41.380393
2009-03-10,05:15,24.5,14.8,69.4,0.0,E@4.2,7.8,0.0,0,39.4,"Prosser.NE (WSU Hamilton), Prosser, Benton County",110029,Hamilton,2020-06-01 13:46:41.380393
2009-03-10,05:30,24.2,14.3,69.0,0.0,E@5.6,8.5,0.0,0,39.4,"Prosser.NE (WSU Hamilton), Prosser, Benton County",110029,Hamilton,2020-06-01 13:46:41.380393
2009-03-10,05:45,24.1,13.6,67.2,0.0,E@6.6,9.9,0.0,0,39.3,"Prosser.NE (WSU Hamilton), Prosser, Benton County",110029,Hamilton,2020-06-01 13:46:41.380393
2009-03-10,06:00,23.8,13.1,66.5,0.0,E@6.3,9.2,0.0,0,39.3,"Prosser.NE (WSU Hamilton), Prosser, Benton County",110029,Hamilton,2020-06-01 13:46:41.380393
2009-03-10,06:15,23.7,12.5,64.9,0.0,E@6.1,10.3,0.0,0,39.2,"Prosser.NE (WSU Hamilton), Prosser, Benton County",110029,Hamilton,2020-06-01 13:46:41.380393
2009-03-10,06:30,23.4,11.5,62.9,0.0,E@6.7,11.4,0.0,0,39.2,"Prosser.NE (WSU Hamilton), Prosser, Benton County",110029,Hamilton,2020-06-01 13:46:41.380393
2009-03-10,06:45,23.3,10.2,59.9,0.0,E@7.4,10.7,0.0,0,39.1,"Prosser.NE (WSU Hamilton), Prosser, Benton County",110029,Hamilton,2020-06-01 13:46:41.380393
2009-03-10,07:00,22.9,8.9,57.5,0.0,E@6.9,9.6,0.0,0,39.1,"Prosser.NE (WSU Hamilton), Prosser, Benton County",110029,Hamilton,2020-06-01 13:46:41.380393
2009-03-10,07:15,22.2,8.0,57.1,0.0,E@7.4,11.4,0.0,1,39.0,"Prosser.NE (WSU Hamilton), Prosser, Benton County",110029,Hamilton,2020-06-01 13:46:41.380393
2009-03-10,07:30,21.9,7.3,56.1,0.0,E@7.9,11.7,0.0,6,39.0,"Prosser.NE (WSU Hamilton), Prosser, Benton County",110029,Hamilton,2020-06-01 13:46:41.380393
2009-03-10,07:45,21.5,6.8,56.0,0.0,E@7.7,11.4,0.0,15,38.9,"Prosser.NE (WSU Hamilton), Prosser, Benton County",110029,Hamilton,2020-06-01 13:46:41.380393
2009-03-10,08:00,21.5,6.1,54.2,0.0,E@7.9,11.7,0.0,24,38.9,"Prosser.NE (WSU Hamilton), Prosser, Benton County",110029,Hamilton,2020-06-01 13:46:41.380393
2009-03-10,08:15,21.6,5.8,53.2,0.0,E@8.1,11.7,0.0,51,38.8,"Prosser.NE (WSU Hamilton), Prosser, Benton County",110029,Hamilton,2020-06-01 13:46:41.380393
2009-03-10,08:30,21.7,5.5,52.3,0.0,E@8.1,11.0,0.0,55,38.8,"Prosser.NE (WSU Hamilton), Prosser, Benton County",110029,Hamilton,2020-06-01 13:46:41.380393
2009-03-10,08:45,22.7,5.9,50.8,0.0,E@7.8,11.4,0.0,171,38.7,"Prosser.NE (WSU Hamilton), Prosser, Benton County",110029,Hamilton,2020-06-01 13:46:41.380393
2009-03-10,09:00,23.9,5.4,46.9,0.0,E@8.2,11.4,0.0,258,38.7,"Prosser.NE (WSU Hamilton), Prosser, Benton County",110029,Hamilton,2020-06-01 13:46:41.380393
2009-03-10,09:15,23.6,4.9,46.4,0.0,E@8.2,13.2,0.0,143,38.6,"Prosser.NE (WSU Hamilton), Prosser, Benton County",110029,Hamilton,2020-06-01 13:46:41.380393
2009-03-10,09:30,22.9,3.5,45.1,0.0,E@9.3,13.5,0.0,132,38.6,"Prosser.NE (WSU Hamilton), Prosser, Benton County",110029,Hamilton,2020-06-01 13:46:41.380393
2009-03-10,09:45,23.6,4.0,44.6,0.0,E@9.2,13.2,0.0,209,38.5,"Prosser.NE (WSU Hamilton), Prosser, Benton County",110029,Hamilton,2020-06-01 13:46:41.380393
2009-03-10,10:00,24.0,4.1,43.8,0.0,E@9.2,12.8,0.0,245,38.5,"Prosser.NE (WSU Hamilton), Prosser, Benton County",110029,Hamilton,2020-06-01 13:46:41.380393
2009-03-10,10:15,25.9,5.3,42.4,0.0,E@9.3,14.2,0.0,440,38.4,"Prosser.NE (WSU Hamilton), Prosser, Benton County",110029,Hamilton,2020-06-01 13:46:41.380393
2009-03-10,10:30,26.6,5.5,41.3,0.0,E@10.4,16.4,0.0,478,38.4,"Prosser.NE (WSU Hamilton), Prosser, Benton County",110029,Hamilton,2020-06-01 13:46:41.380393
2009-03-10,10:45,27.5,5.9,40.5,0.0,E@10.0,13.5,0.0,512,38.4,"Prosser.NE (WSU Hamilton), Prosser, Benton County",110029,Hamilton,2020-06-01 13:46:41.380393
2009-03-10,11:00,28.5,6.8,40.2,0.0,E@10.2,14.6,0.0,542,38.3,"Prosser.NE (WSU Hamilton), Prosser, Benton County",110029,Hamilton,2020-06-01 13:46:41.380393
2009-03-10,11:15,28.7,6.5,39.3,0.0,E@10.7,16.7,0.0,569,38.3,"Prosser.NE (WSU Hamilton), Prosser, Benton County",110029,Hamilton,2020-06-01 13:46:41.380393
2009-03-10,11:30,28.8,6.4,38.9,0.0,E@11.4,17.1,0.0,598,38.2,"Prosser.NE (WSU Hamilton), Prosser, Benton County",110029,Hamilton,2020-06-01 13:46:41.380393
2009-03-10,11:45,29.2,6.4,38.1,0.0,E@10.8,15.0,0.0,620,38.2,"Prosser.NE (WSU Hamilton), Prosser, Benton County",110029,Hamilton,2020-06-01 13:46:41.380393
2009-03-10,12:00,29.2,5.5,36.8,0.0,E@11.4,16.0,0.0,640,38.2,"Prosser.NE (WSU Hamilton), Prosser, Benton County",110029,Hamilton,2020-06-01 13:46:41.380393
2009-03-10,12:15,30.0,6.3,36.8,0.0,E@10.4,14.2,0.0,660,38.1,"Prosser.NE (WSU Hamilton), Prosser, Benton County",110029,Hamilton,2020-06-01 13:46:41.380393
2009-03-10,12:30,30.7,7.2,37.0,0.0,E@10.1,14.2,0.0,671,38.1,"Prosser.NE (WSU Hamilton), Prosser, Benton County",110029,Hamilton,2020-06-01 13:46:41.380393
2009-03-10,12:45,30.6,7.2,37.0,0.0,E@10.2,13.9,0.0,671,38.0,"Prosser.NE (WSU Hamilton), Prosser, Benton County",110029,Hamilton,2020-06-01 13:46:41.380393
2009-03-10,13:00,30.9,6.9,36.0,0.0,E@10.0,14.6,0.0,673,38.0,"Prosser.NE (WSU Hamilton), Prosser, Benton County",110029,Hamilton,2020-06-01 13:46:41.380393
2009-03-10,13:15,31.3,6.6,34.9,0.0,E@9.4,14.6,0.0,690,38.0,"Prosser.NE (WSU Hamilton), Prosser, Benton County",110029,Hamilton,2020-06-01 13:46:41.380393
2009-03-10,13:30,31.3,6.5,34.8,0.0,E@9.8,13.5,0.0,678,37.9,"Prosser.NE (WSU Hamilton), Prosser, Benton County",110029,Hamilton,2020-06-01 13:46:41.380393
2009-03-10,13:45,31.2,6.5,35.0,0.0,E@9.0,14.6,0.0,676,37.9,"Prosser.NE (WSU Hamilton), Prosser, Benton County",110029,Hamilton,2020-06-01 13:46:41.380393
2009-03-10,14:00,31.5,6.5,34.5,0.0,E@8.8,13.5,0.0,675,37.9,"Prosser.NE (WSU Hamilton), Prosser, Benton County",110029,Hamilton,2020-06-01 13:46:41.380393
2009-03-10,14:15,31.8,7.0,34.8,0.0,E@9.2,15.3,0.0,661,37.8,"Prosser.NE (WSU Hamilton), Prosser, Benton County",110029,Hamilton,2020-06-01 13:46:41.380393
2009-03-10,14:30,31.9,7.3,35.1,0.0,E@9.6,15.3,0.0,644,37.8,"Prosser.NE (WSU Hamilton), Prosser, Benton County",110029,Hamilton,2020-06-01 13:46:41.380393
2009-03-10,14:45,32.3,7.4,34.4,0.0,E@8.4,12.8,0.0,627,37.8,"Prosser.NE (WSU Hamilton), Prosser, Benton County",110029,Hamilton,2020-06-01 13:46:41.380393
2009-03-10,15:00,32.4,7.4,34.4,0.0,E@8.0,12.8,0.0,604,37.7,"Prosser.NE (WSU Hamilton), Prosser, Benton County",110029,Hamilton,2020-06-01 13:46:41.380393
2009-03-10,15:15,32.8,7.4,33.9,0.0,E@8.4,12.1,0.0,587,37.7,"Prosser.NE (WSU Hamilton), Prosser, Benton County",110029,Hamilton,2020-06-01 13:46:41.380393
2009-03-10,15:30,32.8,7.0,33.2,0.0,E@8.3,13.5,0.0,560,37.7,"Prosser.NE (WSU Hamilton), Prosser, Benton County",110029,Hamilton,2020-06-01 13:46:41.380393
2009-03-10,15:45,32.9,6.5,32.3,0.0,E@8.1,12.4,0.0,524,37.7,"Prosser.NE (WSU Hamilton), Prosser, Benton County",110029,Hamilton,2020-06-01 13:46:41.380393
2009-03-10,16:00,33.0,6.3,31.9,0.0,E@8.5,14.2,0.0,491,37.7,"Prosser.NE (WSU Hamilton), Prosser, Benton County",110029,Hamilton,2020-06-01 13:46:41.380393
2009-03-10,16:15,32.8,5.6,31.1,0.0,E@6.8,10.7,0.0,455,37.7,"Prosser.NE (WSU Hamilton), Prosser, Benton County",110029,Hamilton,2020-06-01 13:46:41.380393
2009-03-10,16:30,33.2,6.0,31.2,0.0,E@7.6,12.1,0.0,418,37.8,"Prosser.NE (WSU Hamilton), Prosser, Benton County",110029,Hamilton,2020-06-01 13:46:41.380393
2009-03-10,16:45,33.2,5.8,30.9,0.0,E@7.7,11.7,0.0,378,37.8,"Prosser.NE (WSU Hamilton), Prosser, Benton County",110029,Hamilton,2020-06-01 13:46:41.380393
2009-03-10,17:00,32.7,5.4,31.0,0.0,E@7.2,11.0,0.0,336,37.8,"Prosser.NE (WSU Hamilton), Prosser, Benton County",110029,Hamilton,2020-06-01 13:46:41.380393
2009-03-10,17:15,32.7,5.7,31.4,0.0,E@6.9,9.9,0.0,292,37.9,"Prosser.NE (WSU Hamilton), Prosser, Benton County",110029,Hamilton,2020-06-01 13:46:41.380393
2009-03-10,17:30,32.5,5.5,31.4,0.0,E@6.7,10.3,0.0,248,38.0,"Prosser.NE (WSU Hamilton), Prosser, Benton County",110029,Hamilton,2020-06-01 13:46:41.380393
2009-03-10,17:45,32.3,5.7,31.9,0.0,E@6.6,10.7,0.0,204,38.0,"Prosser.NE (WSU Hamilton), Prosser, Benton County",110029,Hamilton,2020-06-01 13:46:41.380393
2009-03-10,18:00,32.1,5.8,32.5,0.0,E@6.3,10.3,0.0,161,38.1,"Prosser.NE (WSU Hamilton), Prosser, Benton County",110029,Hamilton,2020-06-01 13:46:41.380393
2009-03-10,18:15,31.4,5.5,33.1,0.0,E@6.4,9.2,0.0,118,38.1,"Prosser.NE (WSU Hamilton), Prosser, Benton County",110029,Hamilton,2020-06-01 13:46:41.380393
2009-03-10,18:30,30.6,5.3,34.1,0.0,E@5.4,8.9,0.0,59,38.2,"Prosser.NE (WSU Hamilton), Prosser, Benton County",110029,Hamilton,2020-06-01 13:46:41.380393
2009-03-10,18:45,29.4,5.5,36.4,0.0,E@4.3,6.0,0.0,19,38.3,"Prosser.NE (WSU Hamilton), Prosser, Benton County",110029,Hamilton,2020-06-01 13:46:41.380393
2009-03-10,19:00,28.6,5.6,38.0,0.0,E@3.7,6.0,0.0,9,38.3,"Prosser.NE (WSU Hamilton), Prosser, Benton County",110029,Hamilton,2020-06-01 13:46:41.380393
2009-03-10,19:15,28.1,5.4,38.3,0.0,NE@3.3,6.0,0.0,2,38.4,"Prosser.NE (WSU Hamilton), Prosser, Benton County",110029,Hamilton,2020-06-01 13:46:41.380393
2009-03-10,19:30,27.7,5.9,40.1,0.0,NE@3.1,6.0,0.0,0,38.4,"Prosser.NE (WSU Hamilton), Prosser, Benton County",110029,Hamilton,2020-06-01 13:46:41.380393
2009-03-10,19:45,27.4,6.4,41.5,0.0,NE@3.1,5.7,0.0,0,38.5,"Prosser.NE (WSU Hamilton), Prosser, Benton County",110029,Hamilton,2020-06-01 13:46:41.380393
2009-03-10,20:00,27.4,6.7,42.1,0.0,NE@3.5,5.3,0.0,0,38.5,"Prosser.NE (WSU Hamilton), Prosser, Benton County",110029,Hamilton,2020-06-01 13:46:41.380393
2009-03-10,20:15,27.3,8.1,45.1,0.0,E@2.9,4.6,0.0,0,38.5,"Prosser.NE (WSU Hamilton), Prosser, Benton County",110029,Hamilton,2020-06-01 13:46:41.380393
2009-03-10,20:30,27.0,9.6,48.9,0.0,E@2.2,3.1,0.0,0,38.6,"Prosser.NE (WSU Hamilton), Prosser, Benton County",110029,Hamilton,2020-06-01 13:46:41.380393
2009-03-10,20:45,27.3,7.9,44.6,0.0,E@3.3,8.5,0.0,0,38.6,"Prosser.NE (WSU Hamilton), Prosser, Benton County",110029,Hamilton,2020-06-01 13:46:41.380393
2009-03-10,21:00,27.9,6.4,40.6,0.0,E@3.7,6.7,0.0,0,38.6,"Prosser.NE (WSU Hamilton), Prosser, Benton County",110029,Hamilton,2020-06-01 13:46:41.380393
2009-03-10,21:15,27.7,7.6,43.2,0.0,E@2.7,4.9,0.0,0,38.6,"Prosser.NE (WSU Hamilton), Prosser, Benton County",110029,Hamilton,2020-06-01 13:46:41.380393
2009-03-10,21:30,26.5,9.6,50.2,0.0,E@1.8,3.9,0.0,0,38.6,"Prosser.NE (WSU Hamilton), Prosser, Benton County",110029,Hamilton,2020-06-01 13:46:41.380393
2009-03-10,21:45,25.4,9.4,52.1,0.0,NE@2.1,3.5,0.0,0,38.6,"Prosser.NE (WSU Hamilton), Prosser, Benton County",110029,Hamilton,2020-06-01 13:46:41.380393
2009-03-10,22:00,25.6,9.4,51.7,0.0,E@0.0,1.4,0.0,0,38.6,"Prosser.NE (WSU Hamilton), Prosser, Benton County",110029,Hamilton,2020-06-01 13:46:41.380393
2009-03-10,22:15,25.9,9.1,50.6,0.0,E@1.3,3.1,0.0,0,38.6,"Prosser.NE (WSU Hamilton), Prosser, Benton County",110029,Hamilton,2020-06-01 13:46:41.380393
2009-03-10,22:30,25.6,9.2,51.4,0.0,E@0.6,2.4,0.0,0,38.6,"Prosser.NE (WSU Hamilton), Prosser, Benton County",110029,Hamilton,2020-06-01 13:46:41.380393
2009-03-10,22:45,25.8,9.1,50.5,0.0,N @0.0,0.0,0.0,0,38.6,"Prosser.NE (WSU Hamilton), Prosser, Benton County",110029,Hamilton,2020-06-01 13:46:41.380393
2009-03-10,23:00,26.0,8.6,49.1,0.0,N @0.0,0.0,0.0,0,38.6,"Prosser.NE (WSU Hamilton), Prosser, Benton County",110029,Hamilton,2020-06-01 13:46:41.380393
2009-03-10,23:15,26.3,8.4,47.9,0.0,N @0.0,0.0,0.0,0,38.6,"Prosser.NE (WSU Hamilton), Prosser, Benton County",110029,Hamilton,2020-06-01 13:46:41.380393
2009-03-10,23:30,26.2,10.0,51.8,0.0,E@0.4,3.1,0.0,0,38.6,"Prosser.NE (WSU Hamilton), Prosser, Benton County",110029,Hamilton,2020-06-01 13:46:41.380393
2009-03-10,23:45,25.3,10.8,56.0,0.0,NE@0.0,1.4,0.0,0,38.6,"Prosser.NE (WSU Hamilton), Prosser, Benton County",110029,Hamilton,2020-06-01 13:46:41.380393
2009-03-10,24:00,25.6,10.0,53.3,0.0,NE@1.5,3.5,0.0,0,38.6,"Prosser.NE (WSU Hamilton), Prosser, Benton County",110029,Hamilton,2020-06-01 13:46:41.380393
2009-03-11,00:15,26.3,8.6,48.5,0.0,E@2.7,4.2,0.0,0,38.5,"Prosser.NE (WSU Hamilton), Prosser, Benton County",110029,Hamilton,2020-06-01 13:46:41.380393
2009-03-11,00:30,26.5,8.3,47.3,0.0,E@2.0,3.9,0.0,0,38.5,"Prosser.NE (WSU Hamilton), Prosser, Benton County",110029,Hamilton,2020-06-01 13:46:41.380393
2009-03-11,00:45,26.7,7.6,45.3,0.0,E@2.8,3.9,0.0,0,38.5,"Prosser.NE (WSU Hamilton), Prosser, Benton County",110029,Hamilton,2020-06-01 13:46:41.380393
2009-03-11,01:00,26.9,6.6,43.1,0.0,NE@3.0,5.3,0.0,0,38.5,"Prosser.NE (WSU Hamilton), Prosser, Benton County",110029,Hamilton,2020-06-01 13:46:41.380393
2009-03-11,01:15,27.2,6.5,42.2,0.0,E@3.6,5.3,0.0,0,38.5,"Prosser.NE (WSU Hamilton), Prosser, Benton County",110029,Hamilton,2020-06-01 13:46:41.380393
2009-03-11,01:30,26.9,6.9,43.4,0.0,E@2.7,5.7,0.0,0,38.4,"Prosser.NE (WSU Hamilton), Prosser, Benton County",110029,Hamilton,2020-06-01 13:46:41.380393
2009-03-11,01:45,26.9,6.4,42.5,0.0,E@3.4,5.3,0.0,0,38.4,"Prosser.NE (WSU Hamilton), Prosser, Benton County",110029,Hamilton,2020-06-01 13:46:41.380393
2009-03-11,02:00,26.9,6.4,42.6,0.0,E@3.6,5.3,0.0,0,38.4,"Prosser.NE (WSU Hamilton), Prosser, Benton County",110029,Hamilton,2020-06-01 13:46:41.380393
2009-03-11,02:15,26.5,5.9,42.6,0.0,E@3.4,5.3,0.0,0,38.3,"Prosser.NE (WSU Hamilton), Prosser, Benton County",110029,Hamilton,2020-06-01 13:46:41.380393
2009-03-11,02:30,26.5,5.9,42.4,0.0,E@3.6,4.9,0.0,0,38.3,"Prosser.NE (WSU Hamilton), Prosser, Benton County",110029,Hamilton,2020-06-01 13:46:41.380393
2009-03-11,02:45,26.5,5.1,41.0,0.0,E@4.5,7.1,0.0,0,38.3,"Prosser.NE (WSU Hamilton), Prosser, Benton County",110029,Hamilton,2020-06-01 13:46:41.380393
2009-03-11,03:00,26.5,4.4,39.6,0.0,E@5.8,8.2,0.0,0,38.3,"Prosser.NE (WSU Hamilton), Prosser, Benton County",110029,Hamilton,2020-06-01 13:46:41.380393
2009-03-11,03:15,26.5,4.9,40.6,0.0,E@5.1,7.4,0.0,0,38.2,"Prosser.NE (WSU Hamilton), Prosser, Benton County",110029,Hamilton,2020-06-01 13:46:41.380393
2009-03-11,03:30,26.5,5.5,41.7,0.0,E@4.9,7.1,0.0,0,38.2,"Prosser.NE (WSU Hamilton), Prosser, Benton County",110029,Hamilton,2020-06-01 13:46:41.380393
2009-03-11,03:45,26.0,5.7,43.0,0.0,E@4.5,7.8,0.0,0,38.2,"Prosser.NE (WSU Hamilton), Prosser, Benton County",110029,Hamilton,2020-06-01 13:46:41.380393
2009-03-11,04:00,26.0,5.6,42.7,0.0,NE@3.6,6.0,0.0,0,38.2,"Prosser.NE (WSU Hamilton), Prosser, Benton County",110029,Hamilton,2020-06-01 13:46:41.380393
2009-03-11,04:15,26.5,5.4,41.5,0.0,NE@4.1,6.7,0.0,0,38.1,"Prosser.NE (WSU Hamilton), Prosser, Benton County",110029,Hamilton,2020-06-01 13:46:41.380393
2009-03-11,04:30,26.5,5.3,41.3,0.0,NE@3.7,6.0,0.0,0,38.1,"Prosser.NE (WSU Hamilton), Prosser, Benton County",110029,Hamilton,2020-06-01 13:46:41.380393
2009-03-11,04:45,26.1,5.5,42.3,0.0,NE@2.8,4.6,0.0,0,38.1,"Prosser.NE (WSU Hamilton), Prosser, Benton County",110029,Hamilton,2020-06-01 13:46:41.380393
2009-03-11,05:00,26.2,5.0,41.3,0.0,NE@3.4,6.0,0.0,0,38.0,"Prosser.NE (WSU Hamilton), Prosser, Benton County",110029,Hamilton,2020-06-01 13:46:41.380393
2009-03-11,05:15,25.7,5.6,43.4,0.0,NE@2.2,3.9,0.0,0,38.0,"Prosser.NE (WSU Hamilton), Prosser, Benton County",110029,Hamilton,2020-06-01 13:46:41.380393
2009-03-11,05:30,25.5,5.4,43.4,0.0,NE@1.8,3.9,0.0,0,38.0,"Prosser.NE (WSU Hamilton), Prosser, Benton County",110029,Hamilton,2020-06-01 13:46:41.380393
2009-03-11,05:45,24.7,4.7,43.6,0.0,E@3.2,4.6,0.0,0,37.9,"Prosser.NE (WSU Hamilton), Prosser, Benton County",110029,Hamilton,2020-06-01 13:46:41.380393
2009-03-11,06:00,24.5,4.7,43.9,0.0,NE@2.6,3.9,0.0,0,37.9,"Prosser.NE (WSU Hamilton), Prosser, Benton County",110029,Hamilton,2020-06-01 13:46:41.380393
2009-03-11,06:15,24.2,4.3,44.0,0.0,NE@1.8,3.1,0.0,0,37.9,"Prosser.NE (WSU Hamilton), Prosser, Benton County",110029,Hamilton,2020-06-01 13:46:41.380393
2009-03-11,06:30,24.0,3.7,43.0,0.0,NE@2.4,6.4,0.0,0,37.9,"Prosser.NE (WSU Hamilton), Prosser, Benton County",110029,Hamilton,2020-06-01 13:46:41.380393
2009-03-11,06:45,23.9,2.7,41.2,0.0,NE@2.8,4.9,0.0,0,37.8,"Prosser.NE (WSU Hamilton), Prosser, Benton County",110029,Hamilton,2020-06-01 13:46:41.380393
2009-03-11,07:00,24.0,6.9,49.9,0.0,E@3.0,4.9,0.0,0,37.8,"Prosser.NE (WSU Hamilton), Prosser, Benton County",110029,Hamilton,2020-06-01 13:46:41.380393
2009-03-11,07:15,24.2,7.5,50.7,0.0,SE@3.3,5.3,0.0,1,37.8,"Prosser.NE (WSU Hamilton), Prosser, Benton County",110029,Hamilton,2020-06-01 13:46:41.380393
2009-03-11,07:30,24.4,6.4,47.9,0.0,SE@3.1,7.4,0.0,7,37.7,"Prosser.NE (WSU Hamilton), Prosser, Benton County",110029,Hamilton,2020-06-01 13:46:41.380393
2009-03-11,07:45,22.8,6.1,50.9,0.0,S@0.5,2.1,0.0,17,37.7,"Prosser.NE (WSU Hamilton), Prosser, Benton County",110029,Hamilton,2020-06-01 13:46:41.380393
2009-03-11,08:00,22.1,6.8,54.2,0.0,SE@1.0,3.9,0.0,36,37.7,"Prosser.NE (WSU Hamilton), Prosser, Benton County",110029,Hamilton,2020-06-01 13:46:41.380393
2009-03-11,08:15,23.9,6.5,49.2,0.0,SE@1.0,3.9,0.0,78,37.7,"Prosser.NE (WSU Hamilton), Prosser, Benton County",110029,Hamilton,2020-06-01 13:46:41.380393
2009-03-11,08:30,25.4,8.2,49.6,0.0,E@2.5,3.9,0.0,155,37.6,"Prosser.NE (WSU Hamilton), Prosser, Benton County",110029,Hamilton,2020-06-01 13:46:41.380393
2009-03-11,08:45,26.7,8.2,46.6,0.0,E@3.1,4.9,0.0,187,37.6,"Prosser.NE (WSU Hamilton), Prosser, Benton County",110029,Hamilton,2020-06-01 13:46:41.380393
2009-03-11,09:00,27.7,8.7,45.5,0.0,E@3.6,5.7,0.0,167,37.6,"Prosser.NE (WSU Hamilton), Prosser, Benton County",110029,Hamilton,2020-06-01 13:46:41.380393
2009-03-11,09:15,28.9,8.7,43.1,0.0,E@3.7,6.0,0.0,279,37.5,"Prosser.NE (WSU Hamilton), Prosser, Benton County",110029,Hamilton,2020-06-01 13:46:41.380393
2009-03-11,09:30,29.5,8.4,41.2,0.0,E@4.6,7.8,0.0,279,37.5,"Prosser.NE (WSU Hamilton), Prosser, Benton County",110029,Hamilton,2020-06-01 13:46:41.380393
2009-03-11,09:45,30.0,6.9,37.8,0.0,E@5.4,9.6,0.0,259,37.5,"Prosser.NE (WSU Hamilton), Prosser, Benton County",110029,Hamilton,2020-06-01 13:46:41.380393
2009-03-11,10:00,30.8,5.7,34.3,0.0,E@5.0,8.9,0.0,270,37.5,"Prosser.NE (WSU Hamilton), Prosser, Benton County",110029,Hamilton,2020-06-01 13:46:41.380393
2009-03-11,10:15,31.4,5.4,33.0,0.0,E@4.9,9.6,0.0,306,37.4,"Prosser.NE (WSU Hamilton), Prosser, Benton County",110029,Hamilton,2020-06-01 13:46:41.380393
2009-03-11,10:30,32.2,6.5,33.3,0.0,E@5.6,12.4,0.0,363,37.4,"Prosser.NE (WSU Hamilton), Prosser, Benton County",110029,Hamilton,2020-06-01 13:46:41.380393
2009-03-11,10:45,32.7,6.8,33.0,0.0,E@6.5,10.3,0.0,379,37.4,"Prosser.NE (WSU Hamilton), Prosser, Benton County",110029,Hamilton,2020-06-01 13:46:41.380393
2009-03-11,11:00,33.0,6.0,31.5,0.0,S@5.3,8.9,0.0,425,37.3,"Prosser.NE (WSU Hamilton), Prosser, Benton County",110029,Hamilton,2020-06-01 13:46:41.380393
2009-03-11,11:15,34.2,5.8,29.8,0.0,SE@3.5,6.7,0.0,479,37.3,"Prosser.NE (WSU Hamilton), Prosser, Benton County",110029,Hamilton,2020-06-01 13:46:41.380393
2009-03-11,11:30,33.7,5.7,30.1,0.0,SE@3.5,9.2,0.0,472,37.3,"Prosser.NE (WSU Hamilton), Prosser, Benton County",110029,Hamilton,2020-06-01 13:46:41.380393
2009-03-11,11:45,35.0,6.3,29.5,0.0,SE@3.1,7.4,0.0,582,37.3,"Prosser.NE (WSU Hamilton), Prosser, Benton County",110029,Hamilton,2020-06-01 13:46:41.380393
2009-03-11,12:00,35.3,6.7,29.8,0.0,NE@5.5,9.6,0.0,624,37.2,"Prosser.NE (WSU Hamilton), Prosser, Benton County",110029,Hamilton,2020-06-01 13:46:41.380393
2009-03-11,12:15,35.0,6.3,29.5,0.0,SE@4.6,8.5,0.0,651,37.2,"Prosser.NE (WSU Hamilton), Prosser, Benton County",110029,Hamilton,2020-06-01 13:46:41.380393
2009-03-11,12:30,36.2,7.1,29.1,0.0,SE@4.6,8.5,0.0,663,37.2,"Prosser.NE (WSU Hamilton), Prosser, Benton County",110029,Hamilton,2020-06-01 13:46:41.380393
2009-03-11,12:45,36.1,7.1,29.4,0.0,E@5.2,9.9,0.0,674,37.2,"Prosser.NE (WSU Hamilton), Prosser, Benton County",110029,Hamilton,2020-06-01 13:46:41.380393
2009-03-11,13:00,36.0,7.4,29.7,0.0,E@5.5,11.7,0.0,679,37.1,"Prosser.NE (WSU Hamilton), Prosser, Benton County",110029,Hamilton,2020-06-01 13:46:41.380393
2009-03-11,13:15,37.0,8.0,29.4,0.0,E@5.1,9.9,0.0,681,37.1,"Prosser.NE (WSU Hamilton), Prosser, Benton County",110029,Hamilton,2020-06-01 13:46:41.380393
2009-03-11,13:30,36.2,7.3,29.4,0.0,E@7.1,11.4,0.0,681,37.1,"Prosser.NE (WSU Hamilton), Prosser, Benton County",110029,Hamilton,2020-06-01 13:46:41.380393
2009-03-11,13:45,37.0,8.0,29.3,0.0,E@6.1,11.0,0.0,677,37.1,"Prosser.NE (WSU Hamilton), Prosser, Benton County",110029,Hamilton,2020-06-01 13:46:41.380393
2009-03-11,14:00,37.3,8.7,30.0,0.0,SE@6.3,10.7,0.0,671,37.1,"Prosser.NE (WSU Hamilton), Prosser, Benton County",110029,Hamilton,2020-06-01 13:46:41.380393
2009-03-11,14:15,37.2,9.2,30.7,0.0,NE@7.1,12.1,0.0,661,37.0,"Prosser.NE (WSU Hamilton), Prosser, Benton County",110029,Hamilton,2020-06-01 13:46:41.380393
2009-03-11,14:30,37.9,9.9,30.9,0.0,E@5.9,10.7,0.0,646,37.1,"Prosser.NE (WSU Hamilton), Prosser, Benton County",110029,Hamilton,2020-06-01 13:46:41.380393
2009-03-11,14:45,37.7,10.0,31.4,0.0,E@6.6,14.6,0.0,628,37.1,"Prosser.NE (WSU Hamilton), Prosser, Benton County",110029,Hamilton,2020-06-01 13:46:41.380393
2009-03-11,15:00,37.8,10.4,31.8,0.0,SE@7.0,13.2,0.0,608,37.1,"Prosser.NE (WSU Hamilton), Prosser, Benton County",110029,Hamilton,2020-06-01 13:46:41.380393
2009-03-11,15:15,38.2,10.8,31.9,0.0,SE@6.7,13.2,0.0,584,37.1,"Prosser.NE (WSU Hamilton), Prosser, Benton County",110029,Hamilton,2020-06-01 13:46:41.380393
2009-03-11,15:30,38.3,10.7,31.6,0.0,S@7.4,13.2,0.0,558,37.2,"Prosser.NE (WSU Hamilton), Prosser, Benton County",110029,Hamilton,2020-06-01 13:46:41.380393
2009-03-11,15:45,38.0,10.5,31.7,0.0,E@5.9,9.9,0.0,528,37.2,"Prosser.NE (WSU Hamilton), Prosser, Benton County",110029,Hamilton,2020-06-01 13:46:41.380393
2009-03-11,16:00,38.8,10.5,30.7,0.0,SW@5.8,9.9,0.0,497,37.3,"Prosser.NE (WSU Hamilton), Prosser, Benton County",110029,Hamilton,2020-06-01 13:46:41.380393
2009-03-11,16:15,38.4,10.7,31.4,0.0,E@5.6,9.9,0.0,459,37.4,"Prosser.NE (WSU Hamilton), Prosser, Benton County",110029,Hamilton,2020-06-01 13:46:41.380393
2009-03-11,16:30,38.0,10.6,31.8,0.0,E@7.1,12.8,0.0,418,37.5,"Prosser.NE (WSU Hamilton), Prosser, Benton County",110029,Hamilton,2020-06-01 13:46:41.380393
2009-03-11,16:45,37.8,10.8,32.4,0.0,E@6.8,10.7,0.0,365,37.6,"Prosser.NE (WSU Hamilton), Prosser, Benton County",110029,Hamilton,2020-06-01 13:46:41.380393
2009-03-11,17:00,38.0,11.3,32.8,0.0,E@7.4,12.8,0.0,336,37.7,"Prosser.NE (WSU Hamilton), Prosser, Benton County",110029,Hamilton,2020-06-01 13:46:41.380393
2009-03-11,17:15,37.8,11.2,32.9,0.0,NE@6.1,9.6,0.0,282,37.8,"Prosser.NE (WSU Hamilton), Prosser, Benton County",110029,Hamilton,2020-06-01 13:46:41.380393
2009-03-11,17:30,38.1,11.7,33.3,0.0,E@5.5,11.4,0.0,249,37.9,"Prosser.NE (WSU Hamilton), Prosser, Benton County",110029,Hamilton,2020-06-01 13:46:41.380393
2009-03-11,17:45,37.9,12.1,34.1,0.0,NE@5.7,8.5,0.0,218,38.0,"Prosser.NE (WSU Hamilton), Prosser, Benton County",110029,Hamilton,2020-06-01 13:46:41.380393
2009-03-11,18:00,37.6,12.2,34.7,0.0,NE@5.4,8.5,0.0,160,38.1,"Prosser.NE (WSU Hamilton), Prosser, Benton County",110029,Hamilton,2020-06-01 13:46:41.380393
2009-03-11,18:15,36.7,12.2,35.9,0.0,E@6.3,10.7,0.0,123,38.2,"Prosser.NE (WSU Hamilton), Prosser, Benton County",110029,Hamilton,2020-06-01 13:46:41.380393
2009-03-11,18:30,36.0,12.5,37.3,0.0,NE@5.3,9.2,0.0,75,38.3,"Prosser.NE (WSU Hamilton), Prosser, Benton County",110029,Hamilton,2020-06-01 13:46:41.380393
2009-03-11,18:45,35.0,12.5,38.9,0.0,NE@5.1,9.2,0.0,29,38.4,"Prosser.NE (WSU Hamilton), Prosser, Benton County",110029,Hamilton,2020-06-01 13:46:41.380393
2009-03-11,19:00,34.1,12.6,40.5,0.0,NE@4.9,8.9,0.0,12,38.5,"Prosser.NE (WSU Hamilton), Prosser, Benton County",110029,Hamilton,2020-06-01 13:46:41.380393
2009-03-11,19:15,33.4,12.9,42.2,0.0,NE@4.7,9.9,0.0,3,38.6,"Prosser.NE (WSU Hamilton), Prosser, Benton County",110029,Hamilton,2020-06-01 13:46:41.380393
2009-03-11,19:30,32.8,13.2,43.9,0.0,E@5.0,7.8,0.0,0,38.7,"Prosser.NE (WSU Hamilton), Prosser, Benton County",110029,Hamilton,2020-06-01 13:46:41.380393
2009-03-11,19:45,32.3,13.5,45.3,0.0,E@4.5,7.4,0.0,0,38.7,"Prosser.NE (WSU Hamilton), Prosser, Benton County",110029,Hamilton,2020-06-01 13:46:41.380393
2009-03-11,20:00,32.0,13.4,46.0,0.0,E@4.3,7.1,0.0,0,38.8,"Prosser.NE (WSU Hamilton), Prosser, Benton County",110029,Hamilton,2020-06-01 13:46:41.380393
2009-03-11,20:15,31.6,13.2,46.3,0.0,NE@3.8,6.4,0.0,0,38.9,"Prosser.NE (WSU Hamilton), Prosser, Benton County",110029,Hamilton,2020-06-01 13:46:41.380393
2009-03-11,20:30,31.6,13.3,46.5,0.0,NE@4.2,6.4,0.0,0,38.9,"Prosser.NE (WSU Hamilton), Prosser, Benton County",110029,Hamilton,2020-06-01 13:46:41.380393
2009-03-11,20:45,31.5,13.1,46.4,0.0,NE@4.9,8.9,0.0,0,39.0,"Prosser.NE (WSU Hamilton), Prosser, Benton County",110029,Hamilton,2020-06-01 13:46:41.380393
2009-03-11,21:00,31.5,13.2,46.6,0.0,NE@5.8,11.0,0.0,0,39.0,"Prosser.NE (WSU Hamilton), Prosser, Benton County",110029,Hamilton,2020-06-01 13:46:41.380393
2009-03-11,21:15,31.1,13.3,47.7,0.0,E@5.3,8.9,0.0,0,39.1,"Prosser.NE (WSU Hamilton), Prosser, Benton County",110029,Hamilton,2020-06-01 13:46:41.380393
2009-03-11,21:30,31.0,13.2,47.5,0.0,NE@4.2,6.4,0.0,0,39.1,"Prosser.NE (WSU Hamilton), Prosser, Benton County",110029,Hamilton,2020-06-01 13:46:41.380393
2009-03-11,21:45,31.0,12.9,47.0,0.0,NE@5.1,8.2,0.0,0,39.1,"Prosser.NE (WSU Hamilton), Prosser, Benton County",110029,Hamilton,2020-06-01 13:46:41.380393
2009-03-11,22:00,30.8,12.6,46.9,0.0,E@3.7,6.7,0.0,0,39.1,"Prosser.NE (WSU Hamilton), Prosser, Benton County",110029,Hamilton,2020-06-01 13:46:41.380393
2009-03-11,22:15,30.0,12.8,49.2,0.0,SE@2.7,5.7,0.0,0,39.1,"Prosser.NE (WSU Hamilton), Prosser, Benton County",110029,Hamilton,2020-06-01 13:46:41.380393
2009-03-11,22:30,28.1,13.3,54.7,0.0,SE@0.4,3.1,0.0,0,39.1,"Prosser.NE (WSU Hamilton), Prosser, Benton County",110029,Hamilton,2020-06-01 13:46:41.380393
2009-03-11,22:45,28.4,13.0,53.4,0.0,SE@3.0,6.0,0.0,0,39.1,"Prosser.NE (WSU Hamilton), Prosser, Benton County",110029,Hamilton,2020-06-01 13:46:41.380393
2009-03-11,23:00,29.3,12.8,50.6,0.0,SE@1.1,5.7,0.0,0,39.1,"Prosser.NE (WSU Hamilton), Prosser, Benton County",110029,Hamilton,2020-06-01 13:46:41.380393
2009-03-11,23:15,27.5,13.1,55.9,0.0,SE@0.3,2.4,0.0,0,39.1,"Prosser.NE (WSU Hamilton), Prosser, Benton County",110029,Hamilton,2020-06-01 13:46:41.380393
2009-03-11,23:30,26.7,13.1,58.1,0.0,SW@0.8,3.1,0.0,0,39.1,"Prosser.NE (WSU Hamilton), Prosser, Benton County",110029,Hamilton,2020-06-01 13:46:41.380393
2009-03-11,23:45,26.5,13.1,58.5,0.0,W@0.7,2.8,0.0,0,39.1,"Prosser.NE (WSU Hamilton), Prosser, Benton County",110029,Hamilton,2020-06-01 13:46:41.380393
2009-03-11,24:00,25.9,12.7,59.2,0.0,NW@2.5,3.5,0.0,0,39.0,"Prosser.NE (WSU Hamilton), Prosser, Benton County",110029,Hamilton,2020-06-01 13:46:41.380393
