Date,Time PST,Air Temp °F, 2<sup>nd</sup> Air Temp °F, Dew Point °F, Rel Hum %, Leaf Wet u., Wind Dir @ Speed mph, Wind Gust mph, 8 in. Soil Tmp °F, Tot Prec in, Solar Rad W/m²,Location,Station ID,Station Name,Download Timestamp
2007-09-20,00:15,39.4,,37.3,92.2,0.04,E@0.6,1.9,60.6,0.0,0,"College Place, Walla Walla County",300133,College Place,2017-12-09 20:55:17.722925
2007-09-20,00:30,38.5,,36.7,93.1,0.06,NE@0.2,1.4,60.2,0.0,0,"College Place, Walla Walla County",300133,College Place,2017-12-09 20:55:17.722925
2007-09-20,00:45,38.0,,36.6,94.4,0.08,E@0.7,1.9,59.7,0.0,0,"College Place, Walla Walla County",300133,College Place,2017-12-09 20:55:17.722925
2007-09-20,01:00,37.8,,36.6,95.3,0.09,E@0.8,1.6,59.2,0.0,0,"College Place, Walla Walla County",300133,College Place,2017-12-09 20:55:17.722925
2007-09-20,01:15,37.8,,36.8,96.1,0.09,E@0.4,1.6,58.6,0.0,0,"College Place, Walla Walla County",300133,College Place,2017-12-09 20:55:17.722925
2007-09-20,01:30,37.4,,36.5,96.3,0.11,E@0.5,2.2,58.0,0.0,0,"College Place, Walla Walla County",300133,College Place,2017-12-09 20:55:17.722925
2007-09-20,01:45,37.7,,37.1,97.7,0.13,E@0.4,1.2,57.4,0.0,0,"College Place, Walla Walla County",300133,College Place,2017-12-09 20:55:17.722925
2007-09-20,02:00,37.6,,36.9,97.0,0.12,E@0.6,1.7,56.7,0.0,0,"College Place, Walla Walla County",300133,College Place,2017-12-09 20:55:17.722925
2007-09-20,02:15,37.7,,37.1,97.4,0.12,E@0.9,1.9,56.2,0.0,0,"College Place, Walla Walla County",300133,College Place,2017-12-09 20:55:17.722925
2007-09-20,02:30,37.5,,36.8,97.3,0.13,E@1.0,1.7,55.6,0.0,0,"College Place, Walla Walla County",300133,College Place,2017-12-09 20:55:17.722925
2007-09-20,02:45,38.5,,38.0,98.0,0.11,E@0.4,1.2,55.1,0.0,0,"College Place, Walla Walla County",300133,College Place,2017-12-09 20:55:17.722925
2007-09-20,03:00,38.7,,38.0,97.3,0.11,E@0.3,1.4,54.4,0.0,0,"College Place, Walla Walla County",300133,College Place,2017-12-09 20:55:17.722925
2007-09-20,03:15,39.3,,38.5,96.7,0.09,E@0.0,0.5,53.9,0.0,0,"College Place, Walla Walla County",300133,College Place,2017-12-09 20:55:17.722925
2007-09-20,03:30,40.2,,39.0,95.6,0.06,E@0.1,0.7,53.3,0.0,0,"College Place, Walla Walla County",300133,College Place,2017-12-09 20:55:17.722925
2007-09-20,03:45,40.0,,38.1,92.8,0.06,NE@0.3,1.2,52.9,0.0,0,"College Place, Walla Walla County",300133,College Place,2017-12-09 20:55:17.722925
2007-09-20,04:00,38.9,,37.0,92.7,0.09,NE@1.0,2.2,52.4,0.0,0,"College Place, Walla Walla County",300133,College Place,2017-12-09 20:55:17.722925
2007-09-20,04:15,37.6,,35.9,93.6,0.12,E@1.1,2.1,51.6,0.0,0,"College Place, Walla Walla County",300133,College Place,2017-12-09 20:55:17.722925
2007-09-20,04:30,36.8,,35.5,95.0,0.15,NE@0.9,1.9,50.8,0.0,0,"College Place, Walla Walla County",300133,College Place,2017-12-09 20:55:17.722925
2007-09-20,04:45,36.3,,35.4,96.3,0.19,NE@1.0,1.9,49.9,0.0,0,"College Place, Walla Walla County",300133,College Place,2017-12-09 20:55:17.722925
2007-09-20,05:00,36.2,,35.5,97.5,0.22,NE@1.3,2.2,49.0,0.0,0,"College Place, Walla Walla County",300133,College Place,2017-12-09 20:55:17.722925
2007-09-20,05:15,36.2,,35.8,98.7,0.27,E@1.5,2.2,48.0,0.0,0,"College Place, Walla Walla County",300133,College Place,2017-12-09 20:55:17.722925
2007-09-20,05:30,36.1,,35.9,99.1,0.29,E@1.1,1.9,46.9,0.0,0,"College Place, Walla Walla County",300133,College Place,2017-12-09 20:55:17.722925
2007-09-20,05:45,35.8,,35.7,99.7,0.34,NE@1.4,2.2,45.5,0.0,0,"College Place, Walla Walla County",300133,College Place,2017-12-09 20:55:17.722925
2007-09-20,06:00,36.7,,36.7,100.0,0.37,E@1.0,2.2,44.2,0.0,0,"College Place, Walla Walla County",300133,College Place,2017-12-09 20:55:17.722925
2007-09-20,06:15,37.0,,37.0,100.0,0.39,NE@0.6,1.4,42.8,0.0,3,"College Place, Walla Walla County",300133,College Place,2017-12-09 20:55:17.722925
2007-09-20,06:30,38.6,,38.6,100.0,0.39,NE@0.5,1.4,41.0,0.0,45,"College Place, Walla Walla County",300133,College Place,2017-12-09 20:55:17.722925
2007-09-20,06:45,41.9,,41.9,100.0,0.21,E@0.1,0.7,39.6,0.0,89,"College Place, Walla Walla County",300133,College Place,2017-12-09 20:55:17.722925
2007-09-20,07:00,46.2,,46.2,100.0,0.04,NE@0.0,0.2,38.3,0.0,159,"College Place, Walla Walla County",300133,College Place,2017-12-09 20:55:17.722925
2007-09-20,07:15,50.1,,50.1,99.9,0.02,N@0.0,0.2,37.1,0.0,139,"College Place, Walla Walla County",300133,College Place,2017-12-09 20:55:17.722925
2007-09-20,07:30,52.9,,52.2,97.4,0.02,N@0.0,0.0,36.0,0.0,150,"College Place, Walla Walla County",300133,College Place,2017-12-09 20:55:17.722925
2007-09-20,07:45,55.4,,53.1,91.9,0.02,NW@0.0,0.2,35.4,0.0,183,"College Place, Walla Walla County",300133,College Place,2017-12-09 20:55:17.722925
2007-09-20,08:00,57.9,,52.8,83.3,0.01,NW@0.3,1.7,34.9,0.0,220,"College Place, Walla Walla County",300133,College Place,2017-12-09 20:55:17.722925
2007-09-20,08:15,59.7,,51.0,72.8,0.01,W@0.6,1.9,34.7,0.0,289,"College Place, Walla Walla County",300133,College Place,2017-12-09 20:55:17.722925
2007-09-20,08:30,61.7,,48.8,62.4,0.01,SW@0.2,1.9,34.7,0.0,287,"College Place, Walla Walla County",300133,College Place,2017-12-09 20:55:17.722925
2007-09-20,08:45,64.9,,44.4,47.4,0.01,S@1.5,3.1,34.8,0.0,410,"College Place, Walla Walla County",300133,College Place,2017-12-09 20:55:17.722925
2007-09-20,09:00,67.3,,42.9,41.1,0.01,S@2.1,4.3,35.0,0.0,399,"College Place, Walla Walla County",300133,College Place,2017-12-09 20:55:17.722925
2007-09-20,09:15,68.2,,42.8,39.7,0.01,S@1.9,4.1,35.3,0.0,406,"College Place, Walla Walla County",300133,College Place,2017-12-09 20:55:17.722925
2007-09-20,09:30,69.9,,43.7,38.8,0.01,SW@1.6,4.3,35.6,0.0,424,"College Place, Walla Walla County",300133,College Place,2017-12-09 20:55:17.722925
2007-09-20,09:45,72.2,,44.4,36.9,0.0,SW@2.1,4.3,35.8,0.0,587,"College Place, Walla Walla County",300133,College Place,2017-12-09 20:55:17.722925
2007-09-20,10:00,73.6,,43.0,33.3,0.0,SW@3.9,6.7,36.5,0.0,564,"College Place, Walla Walla County",300133,College Place,2017-12-09 20:55:17.722925
2007-09-20,10:15,73.1,,43.2,34.1,0.0,SW@3.1,5.7,37.4,0.0,517,"College Place, Walla Walla County",300133,College Place,2017-12-09 20:55:17.722925
2007-09-20,10:30,74.7,,43.3,32.5,0.0,S@2.9,5.9,38.6,0.0,465,"College Place, Walla Walla County",300133,College Place,2017-12-09 20:55:17.722925
2007-09-20,10:45,73.6,,42.4,32.5,0.0,S@3.4,7.6,39.7,0.0,398,"College Place, Walla Walla County",300133,College Place,2017-12-09 20:55:17.722925
2007-09-20,11:00,72.2,,41.6,33.2,0.0,S@3.6,8.1,40.9,0.0,332,"College Place, Walla Walla County",300133,College Place,2017-12-09 20:55:17.722925
2007-09-20,11:15,72.5,,41.2,32.2,0.0,SW@4.2,7.4,42.1,0.0,341,"College Place, Walla Walla County",300133,College Place,2017-12-09 20:55:17.722925
2007-09-20,11:30,73.3,,41.3,31.5,0.0,W@4.9,9.2,43.2,0.0,353,"College Place, Walla Walla County",300133,College Place,2017-12-09 20:55:17.722925
2007-09-20,11:45,73.4,,41.4,31.5,0.0,W@4.8,10.9,44.4,0.0,305,"College Place, Walla Walla County",300133,College Place,2017-12-09 20:55:17.722925
2007-09-20,12:00,74.1,,41.5,30.8,0.0,W@4.5,8.3,45.4,0.0,378,"College Place, Walla Walla County",300133,College Place,2017-12-09 20:55:17.722925
2007-09-20,12:15,75.5,,41.3,29.3,0.0,W@4.3,7.6,47.0,0.0,315,"College Place, Walla Walla County",300133,College Place,2017-12-09 20:55:17.722925
2007-09-20,12:30,74.1,,42.8,32.5,0.0,W@6.1,10.9,48.2,0.0,272,"College Place, Walla Walla County",300133,College Place,2017-12-09 20:55:17.722925
2007-09-20,12:45,73.3,,43.4,34.2,0.0,W@4.2,7.1,49.4,0.0,237,"College Place, Walla Walla County",300133,College Place,2017-12-09 20:55:17.722925
2007-09-20,13:00,73.4,,42.4,32.8,0.01,W@4.1,7.3,50.6,0.0,237,"College Place, Walla Walla County",300133,College Place,2017-12-09 20:55:17.722925
2007-09-20,13:15,73.0,,44.2,35.7,0.01,W@4.7,8.1,51.8,0.0,164,"College Place, Walla Walla County",300133,College Place,2017-12-09 20:55:17.722925
2007-09-20,13:30,71.4,,46.8,41.6,0.01,NW@4.3,8.1,52.9,0.0,154,"College Place, Walla Walla County",300133,College Place,2017-12-09 20:55:17.722925
2007-09-20,13:45,70.2,,48.2,45.5,0.01,NW@3.4,5.5,54.0,0.0,135,"College Place, Walla Walla County",300133,College Place,2017-12-09 20:55:17.722925
2007-09-20,14:00,69.3,,48.5,47.5,0.01,NW@3.5,5.5,54.9,0.0,118,"College Place, Walla Walla County",300133,College Place,2017-12-09 20:55:17.722925
2007-09-20,14:15,68.6,,49.6,50.6,0.01,NW@3.3,5.2,55.7,0.0,133,"College Place, Walla Walla County",300133,College Place,2017-12-09 20:55:17.722925
2007-09-20,14:30,68.5,,51.0,53.4,0.01,NW@2.3,3.6,56.4,0.0,86,"College Place, Walla Walla County",300133,College Place,2017-12-09 20:55:17.722925
2007-09-20,14:45,67.9,,47.3,47.6,0.01,W@1.9,5.0,57.2,0.0,59,"College Place, Walla Walla County",300133,College Place,2017-12-09 20:55:17.722925
2007-09-20,15:00,68.1,,44.2,42.0,0.01,SW@1.0,4.3,58.0,0.0,82,"College Place, Walla Walla County",300133,College Place,2017-12-09 20:55:17.722925
2007-09-20,15:15,69.9,,40.2,33.9,0.01,SW@3.2,7.1,58.6,0.0,97,"College Place, Walla Walla County",300133,College Place,2017-12-09 20:55:17.722925
2007-09-20,15:30,71.0,,38.9,31.0,0.01,SW@3.0,6.2,59.3,0.0,75,"College Place, Walla Walla County",300133,College Place,2017-12-09 20:55:17.722925
2007-09-20,15:45,70.6,,41.7,35.1,0.01,W@4.4,7.4,60.0,0.0,48,"College Place, Walla Walla County",300133,College Place,2017-12-09 20:55:17.722925
2007-09-20,16:00,69.5,,47.6,45.6,0.01,NW@2.0,4.5,60.5,0.0,59,"College Place, Walla Walla County",300133,College Place,2017-12-09 20:55:17.722925
2007-09-20,16:15,69.0,,49.8,50.4,0.01,W@1.0,2.8,61.1,0.0,75,"College Place, Walla Walla County",300133,College Place,2017-12-09 20:55:17.722925
2007-09-20,16:30,68.8,,49.3,49.7,0.01,W@1.0,4.1,61.6,0.0,114,"College Place, Walla Walla County",300133,College Place,2017-12-09 20:55:17.722925
2007-09-20,16:45,69.1,,46.2,43.9,0.01,W@1.2,3.3,62.0,0.0,95,"College Place, Walla Walla County",300133,College Place,2017-12-09 20:55:17.722925
2007-09-20,17:00,69.4,,44.5,40.7,0.01,W@2.8,6.7,62.6,0.0,3,"College Place, Walla Walla County",300133,College Place,2017-12-09 20:55:17.722925
2007-09-20,17:15,68.1,,45.1,43.6,0.01,W@5.0,7.6,62.9,0.0,16,"College Place, Walla Walla County",300133,College Place,2017-12-09 20:55:17.722925
2007-09-20,17:30,66.8,,44.7,44.7,0.01,W@4.7,7.9,63.3,0.0,0,"College Place, Walla Walla County",300133,College Place,2017-12-09 20:55:17.722925
2007-09-20,17:45,65.3,,44.1,46.2,0.01,W@2.4,5.2,63.8,0.0,0,"College Place, Walla Walla County",300133,College Place,2017-12-09 20:55:17.722925
2007-09-20,18:00,63.1,,44.1,49.8,0.01,SW@0.8,1.9,64.1,0.0,0,"College Place, Walla Walla County",300133,College Place,2017-12-09 20:55:17.722925
2007-09-20,18:15,59.7,,44.0,56.1,0.01,NW@1.5,4.0,64.3,0.0,0,"College Place, Walla Walla County",300133,College Place,2017-12-09 20:55:17.722925
2007-09-20,18:30,57.0,,43.1,59.5,0.01,NW@0.5,2.2,64.5,0.0,0,"College Place, Walla Walla County",300133,College Place,2017-12-09 20:55:17.722925
2007-09-20,18:45,56.3,,41.0,56.4,0.01,E@0.3,1.4,64.7,0.0,0,"College Place, Walla Walla County",300133,College Place,2017-12-09 20:55:17.722925
2007-09-20,19:00,55.9,,41.4,58.2,0.01,W@0.3,2.6,64.9,0.0,0,"College Place, Walla Walla County",300133,College Place,2017-12-09 20:55:17.722925
2007-09-20,19:15,55.4,,41.7,59.9,0.01,S@0.3,1.6,65.0,0.0,0,"College Place, Walla Walla County",300133,College Place,2017-12-09 20:55:17.722925
2007-09-20,19:30,54.0,,42.0,63.7,0.01,SW@0.5,2.9,65.0,0.0,0,"College Place, Walla Walla County",300133,College Place,2017-12-09 20:55:17.722925
2007-09-20,19:45,52.4,,42.1,67.9,0.01,SE@0.3,1.7,65.0,0.0,0,"College Place, Walla Walla County",300133,College Place,2017-12-09 20:55:17.722925
2007-09-20,20:00,51.9,,42.8,71.0,0.01,NE@0.3,1.7,65.0,0.0,0,"College Place, Walla Walla County",300133,College Place,2017-12-09 20:55:17.722925
2007-09-20,20:15,49.7,,42.1,75.0,0.02,E@1.3,2.2,65.0,0.0,0,"College Place, Walla Walla County",300133,College Place,2017-12-09 20:55:17.722925
2007-09-20,20:30,48.2,,42.0,78.9,0.02,NE@0.4,1.9,65.0,0.0,0,"College Place, Walla Walla County",300133,College Place,2017-12-09 20:55:17.722925
2007-09-20,20:45,48.1,,42.1,79.7,0.02,E@0.7,2.1,64.9,0.0,0,"College Place, Walla Walla County",300133,College Place,2017-12-09 20:55:17.722925
2007-09-20,21:00,47.9,,42.1,80.0,0.02,E@0.0,0.2,64.8,0.0,0,"College Place, Walla Walla County",300133,College Place,2017-12-09 20:55:17.722925
2007-09-20,21:15,47.1,,41.6,80.9,0.02,NE@0.1,1.0,64.7,0.0,0,"College Place, Walla Walla County",300133,College Place,2017-12-09 20:55:17.722925
2007-09-20,21:30,46.6,,41.3,81.8,0.02,S@0.3,2.1,64.5,0.0,0,"College Place, Walla Walla County",300133,College Place,2017-12-09 20:55:17.722925
2007-09-20,21:45,46.6,,41.9,83.6,0.02,NW@0.5,2.2,64.3,0.0,0,"College Place, Walla Walla County",300133,College Place,2017-12-09 20:55:17.722925
2007-09-20,22:00,46.2,,41.7,84.2,0.02,W@0.1,1.0,64.1,0.0,0,"College Place, Walla Walla County",300133,College Place,2017-12-09 20:55:17.722925
2007-09-20,22:15,46.2,,41.8,84.6,0.02,SE@0.0,0.7,63.9,0.0,0,"College Place, Walla Walla County",300133,College Place,2017-12-09 20:55:17.722925
2007-09-20,22:30,46.5,,42.0,84.2,0.02,NE@0.1,1.0,63.7,0.0,0,"College Place, Walla Walla County",300133,College Place,2017-12-09 20:55:17.722925
2007-09-20,22:45,45.8,,41.5,84.8,0.03,E@0.7,2.2,63.6,0.0,0,"College Place, Walla Walla County",300133,College Place,2017-12-09 20:55:17.722925
2007-09-20,23:00,45.0,,41.0,85.9,0.03,SE@0.2,1.7,63.4,0.0,0,"College Place, Walla Walla County",300133,College Place,2017-12-09 20:55:17.722925
2007-09-21,23:15,44.3,,41.2,88.5,0.04,E@1.0,2.1,63.1,0.0,0,"College Place, Walla Walla County",300133,College Place,2017-12-09 20:55:17.722925
2007-09-21,23:30,43.9,,41.3,90.4,0.05,NE@0.7,2.1,62.9,0.0,0,"College Place, Walla Walla County",300133,College Place,2017-12-09 20:55:17.722925
2007-09-21,23:45,43.2,,40.7,90.9,0.07,NE@1.0,1.9,62.6,0.0,0,"College Place, Walla Walla County",300133,College Place,2017-12-09 20:55:17.722925
2007-09-21,24:00,42.7,,40.8,92.6,0.08,E@0.7,2.1,62.4,0.0,0,"College Place, Walla Walla County",300133,College Place,2017-12-09 20:55:17.722925
2007-09-21,00:15,42.4,,40.7,93.6,0.1,E@0.6,1.6,62.1,0.0,0,"College Place, Walla Walla County",300133,College Place,2017-12-09 20:55:17.722925
2007-09-21,00:30,42.6,,40.9,93.4,0.08,E@0.9,2.4,61.8,0.0,0,"College Place, Walla Walla County",300133,College Place,2017-12-09 20:55:17.722925
2007-09-21,00:45,41.9,,40.2,93.5,0.13,E@0.8,1.9,61.6,0.0,0,"College Place, Walla Walla County",300133,College Place,2017-12-09 20:55:17.722925
2007-09-21,01:00,42.1,,40.9,95.7,0.14,E@1.2,2.6,61.3,0.0,0,"College Place, Walla Walla County",300133,College Place,2017-12-09 20:55:17.722925
2007-09-21,01:15,43.3,,42.0,95.0,0.08,SE@0.4,2.6,60.9,0.0,0,"College Place, Walla Walla County",300133,College Place,2017-12-09 20:55:17.722925
2007-09-21,01:30,44.5,,42.8,93.6,0.07,S@0.5,2.8,60.6,0.0,0,"College Place, Walla Walla County",300133,College Place,2017-12-09 20:55:17.722925
2007-09-21,01:45,45.4,,42.8,90.3,0.05,S@0.4,1.7,60.2,0.0,0,"College Place, Walla Walla County",300133,College Place,2017-12-09 20:55:17.722925
2007-09-21,02:00,45.7,,42.5,88.5,0.04,S@0.3,1.0,59.9,0.0,0,"College Place, Walla Walla County",300133,College Place,2017-12-09 20:55:17.722925
2007-09-21,02:15,45.1,,41.5,87.0,0.05,E@1.1,2.1,59.6,0.0,0,"College Place, Walla Walla County",300133,College Place,2017-12-09 20:55:17.722925
2007-09-21,02:30,43.6,,41.1,90.5,0.06,E@1.3,2.6,59.3,0.0,0,"College Place, Walla Walla County",300133,College Place,2017-12-09 20:55:17.722925
2007-09-21,02:45,44.2,,42.0,92.2,0.06,NE@0.0,0.3,58.9,0.0,0,"College Place, Walla Walla County",300133,College Place,2017-12-09 20:55:17.722925
2007-09-21,03:00,43.8,,41.2,90.6,0.08,NE@0.1,0.7,58.5,0.0,0,"College Place, Walla Walla County",300133,College Place,2017-12-09 20:55:17.722925
2007-09-21,03:15,42.6,,40.4,91.9,0.11,E@1.1,2.6,58.1,0.0,0,"College Place, Walla Walla County",300133,College Place,2017-12-09 20:55:17.722925
2007-09-21,03:30,42.3,,40.1,92.0,0.08,E@0.8,1.7,57.7,0.0,0,"College Place, Walla Walla County",300133,College Place,2017-12-09 20:55:17.722925
2007-09-21,03:45,40.6,,38.3,91.5,0.14,NE@0.7,1.7,57.3,0.0,0,"College Place, Walla Walla County",300133,College Place,2017-12-09 20:55:17.722925
2007-09-21,04:00,40.0,,38.8,95.2,0.23,E@1.1,2.1,56.8,0.0,0,"College Place, Walla Walla County",300133,College Place,2017-12-09 20:55:17.722925
2007-09-21,04:15,40.5,,39.8,97.5,0.24,E@1.0,2.2,56.3,0.0,0,"College Place, Walla Walla County",300133,College Place,2017-12-09 20:55:17.722925
2007-09-21,04:30,40.7,,40.3,98.5,0.27,SE@0.8,1.9,55.9,0.0,0,"College Place, Walla Walla County",300133,College Place,2017-12-09 20:55:17.722925
2007-09-21,04:45,40.9,,40.3,97.8,0.23,NE@0.4,1.9,55.4,0.0,0,"College Place, Walla Walla County",300133,College Place,2017-12-09 20:55:17.722925
2007-09-21,05:00,40.3,,39.6,97.3,0.28,E@0.4,1.4,54.9,0.0,0,"College Place, Walla Walla County",300133,College Place,2017-12-09 20:55:17.722925
2007-09-21,05:15,39.7,,39.1,97.7,0.31,E@1.3,2.1,54.5,0.0,0,"College Place, Walla Walla County",300133,College Place,2017-12-09 20:55:17.722925
2007-09-21,05:30,39.1,,38.6,98.1,0.37,NE@1.2,2.6,54.0,0.0,0,"College Place, Walla Walla County",300133,College Place,2017-12-09 20:55:17.722925
2007-09-21,05:45,38.6,,38.3,98.7,0.42,E@1.0,1.9,53.5,0.0,0,"College Place, Walla Walla County",300133,College Place,2017-12-09 20:55:17.722925
2007-09-21,06:00,38.4,,38.3,99.6,0.46,NE@0.9,2.1,52.8,0.0,0,"College Place, Walla Walla County",300133,College Place,2017-12-09 20:55:17.722925
2007-09-21,06:15,38.7,,38.7,100.0,0.51,E@0.6,1.7,52.2,0.0,2,"College Place, Walla Walla County",300133,College Place,2017-12-09 20:55:17.722925
2007-09-21,06:30,40.6,,40.6,100.0,0.5,NE@0.6,1.9,51.5,0.0,53,"College Place, Walla Walla County",300133,College Place,2017-12-09 20:55:17.722925
2007-09-21,06:45,43.7,,43.7,100.0,0.27,NE@0.7,2.8,51.0,0.0,100,"College Place, Walla Walla County",300133,College Place,2017-12-09 20:55:17.722925
2007-09-21,07:00,47.1,,47.1,100.0,0.07,NE@0.2,1.2,50.5,0.0,132,"College Place, Walla Walla County",300133,College Place,2017-12-09 20:55:17.722925
2007-09-21,07:15,50.3,,50.0,99.1,0.02,NE@0.2,1.4,50.1,0.0,149,"College Place, Walla Walla County",300133,College Place,2017-12-09 20:55:17.722925
2007-09-21,07:30,53.2,,50.6,90.8,0.02,NE@0.1,1.7,49.8,0.0,196,"College Place, Walla Walla County",300133,College Place,2017-12-09 20:55:17.722925
2007-09-21,07:45,56.6,,49.8,77.9,0.01,NE@0.0,0.5,49.6,0.0,246,"College Place, Walla Walla County",300133,College Place,2017-12-09 20:55:17.722925
2007-09-21,08:00,59.7,,49.0,67.6,0.01,N@0.1,1.4,49.6,0.0,298,"College Place, Walla Walla County",300133,College Place,2017-12-09 20:55:17.722925
2007-09-21,08:15,62.6,,49.7,62.5,0.01,NW@0.0,0.5,49.5,0.0,346,"College Place, Walla Walla County",300133,College Place,2017-12-09 20:55:17.722925
2007-09-21,08:30,65.1,,50.0,58.0,0.01,NW@1.3,2.9,49.4,0.0,389,"College Place, Walla Walla County",300133,College Place,2017-12-09 20:55:17.722925
2007-09-21,08:45,66.6,,49.6,54.2,0.01,NW@0.6,2.4,49.4,0.0,435,"College Place, Walla Walla County",300133,College Place,2017-12-09 20:55:17.722925
2007-09-21,09:00,70.2,,49.4,47.6,0.01,W@1.0,3.1,49.3,0.0,478,"College Place, Walla Walla County",300133,College Place,2017-12-09 20:55:17.722925
2007-09-21,09:15,72.1,,49.5,44.7,0.01,W@1.5,4.0,49.3,0.0,507,"College Place, Walla Walla County",300133,College Place,2017-12-09 20:55:17.722925
2007-09-21,09:30,73.4,,49.8,43.4,0.01,NW@2.0,4.0,49.3,0.0,531,"College Place, Walla Walla County",300133,College Place,2017-12-09 20:55:17.722925
2007-09-21,09:45,74.3,,50.5,43.1,0.01,W@2.3,5.7,49.4,0.0,584,"College Place, Walla Walla County",300133,College Place,2017-12-09 20:55:17.722925
2007-09-21,10:00,75.0,,50.2,41.7,0.01,W@2.2,5.0,49.6,0.0,601,"College Place, Walla Walla County",300133,College Place,2017-12-09 20:55:17.722925
2007-09-21,10:15,76.0,,50.1,40.3,0.0,NW@2.7,6.0,49.8,0.0,629,"College Place, Walla Walla County",300133,College Place,2017-12-09 20:55:17.722925
2007-09-21,10:30,75.6,,50.0,40.5,0.0,NW@1.8,5.0,50.1,0.0,664,"College Place, Walla Walla County",300133,College Place,2017-12-09 20:55:17.722925
2007-09-21,10:45,76.4,,50.8,40.7,0.0,NW@2.6,6.0,50.5,0.0,679,"College Place, Walla Walla County",300133,College Place,2017-12-09 20:55:17.722925
2007-09-21,11:00,77.0,,50.5,39.4,0.0,NW@1.8,5.2,50.8,0.0,701,"College Place, Walla Walla County",300133,College Place,2017-12-09 20:55:17.722925
2007-09-21,11:15,78.6,,50.1,36.9,0.0,NW@1.7,5.9,51.4,0.0,691,"College Place, Walla Walla County",300133,College Place,2017-12-09 20:55:17.722925
2007-09-21,11:30,78.8,,51.2,38.1,0.0,NW@2.9,5.7,52.0,0.0,680,"College Place, Walla Walla County",300133,College Place,2017-12-09 20:55:17.722925
2007-09-21,11:45,76.9,,51.0,40.3,0.0,NW@3.3,6.9,52.4,0.0,730,"College Place, Walla Walla County",300133,College Place,2017-12-09 20:55:17.722925
2007-09-21,12:00,76.9,,50.8,40.1,0.0,NW@3.1,6.7,53.1,0.0,726,"College Place, Walla Walla County",300133,College Place,2017-12-09 20:55:17.722925
2007-09-21,12:15,78.9,,50.6,37.2,0.0,NW@1.1,6.6,54.1,0.0,715,"College Place, Walla Walla County",300133,College Place,2017-12-09 20:55:17.722925
2007-09-21,12:30,82.9,,50.9,33.0,0.0,NW@1.8,6.6,54.9,0.0,713,"College Place, Walla Walla County",300133,College Place,2017-12-09 20:55:17.722925
2007-09-21,12:45,83.7,,51.1,32.4,0.0,W@3.0,6.4,55.3,0.0,700,"College Place, Walla Walla County",300133,College Place,2017-12-09 20:55:17.722925
2007-09-21,13:00,86.3,,50.7,29.4,0.0,W@1.9,5.9,56.2,0.0,681,"College Place, Walla Walla County",300133,College Place,2017-12-09 20:55:17.722925
2007-09-21,13:15,85.5,,52.1,31.8,0.0,W@2.5,5.5,56.8,0.0,673,"College Place, Walla Walla County",300133,College Place,2017-12-09 20:55:17.722925
2007-09-21,13:30,85.7,,52.0,31.5,0.0,NW@2.0,5.9,57.9,0.0,651,"College Place, Walla Walla County",300133,College Place,2017-12-09 20:55:17.722925
2007-09-21,13:45,82.3,,51.5,34.4,0.0,NW@3.5,7.9,58.5,0.0,622,"College Place, Walla Walla County",300133,College Place,2017-12-09 20:55:17.722925
2007-09-21,14:00,80.9,,51.1,35.6,0.0,NW@2.6,6.0,59.4,0.0,598,"College Place, Walla Walla County",300133,College Place,2017-12-09 20:55:17.722925
2007-09-21,14:15,83.3,,50.5,32.1,0.0,NW@0.7,4.7,60.3,0.0,564,"College Place, Walla Walla County",300133,College Place,2017-12-09 20:55:17.722925
2007-09-21,14:30,86.2,,52.5,31.5,0.0,NW@2.2,4.1,61.1,0.0,531,"College Place, Walla Walla County",300133,College Place,2017-12-09 20:55:17.722925
2007-09-21,14:45,86.1,,50.7,29.6,0.0,SW@1.3,3.3,61.8,0.0,494,"College Place, Walla Walla County",300133,College Place,2017-12-09 20:55:17.722925
2007-09-21,15:00,85.0,,48.5,28.3,0.0,S@0.9,2.2,62.3,0.0,453,"College Place, Walla Walla County",300133,College Place,2017-12-09 20:55:17.722925
2007-09-21,15:15,83.4,,50.4,31.9,0.0,W@1.2,5.0,63.1,0.0,410,"College Place, Walla Walla County",300133,College Place,2017-12-09 20:55:17.722925
2007-09-21,15:30,83.7,,48.7,29.6,0.0,SW@1.1,3.5,63.9,0.0,365,"College Place, Walla Walla County",300133,College Place,2017-12-09 20:55:17.722925
2007-09-21,15:45,82.8,,48.5,30.2,0.0,SW@0.4,2.1,64.7,0.0,320,"College Place, Walla Walla County",300133,College Place,2017-12-09 20:55:17.722925
2007-09-21,16:00,81.9,,49.1,31.9,0.01,SW@0.0,0.7,65.5,0.0,276,"College Place, Walla Walla County",300133,College Place,2017-12-09 20:55:17.722925
2007-09-21,16:15,80.8,,50.6,35.0,0.01,N@0.0,0.0,66.3,0.0,228,"College Place, Walla Walla County",300133,College Place,2017-12-09 20:55:17.722925
2007-09-21,16:30,78.7,,55.0,44.0,0.01,NW@1.5,2.6,66.8,0.0,178,"College Place, Walla Walla County",300133,College Place,2017-12-09 20:55:17.722925
2007-09-21,16:45,75.4,,54.9,48.8,0.01,NW@1.8,3.1,67.3,0.0,133,"College Place, Walla Walla County",300133,College Place,2017-12-09 20:55:17.722925
2007-09-21,17:00,72.1,,52.8,50.6,0.01,NW@0.5,2.2,67.8,0.0,89,"College Place, Walla Walla County",300133,College Place,2017-12-09 20:55:17.722925
2007-09-21,17:15,70.0,,48.7,46.7,0.01,N@0.0,0.3,68.3,0.0,42,"College Place, Walla Walla County",300133,College Place,2017-12-09 20:55:17.722925
2007-09-21,17:30,68.7,,50.3,51.8,0.01,N@0.0,0.7,68.7,0.0,3,"College Place, Walla Walla County",300133,College Place,2017-12-09 20:55:17.722925
2007-09-21,17:45,67.0,,48.6,51.7,0.01,SE@0.0,0.3,69.2,0.0,0,"College Place, Walla Walla County",300133,College Place,2017-12-09 20:55:17.722925
2007-09-21,18:00,64.4,,46.9,52.9,0.01,SE@0.2,1.0,69.5,0.0,0,"College Place, Walla Walla County",300133,College Place,2017-12-09 20:55:17.722925
2007-09-21,18:15,61.4,,47.1,59.3,0.01,NE@1.4,2.1,69.7,0.0,0,"College Place, Walla Walla County",300133,College Place,2017-12-09 20:55:17.722925
2007-09-21,18:30,58.0,,46.3,64.8,0.01,SE@0.7,2.1,69.9,0.0,0,"College Place, Walla Walla County",300133,College Place,2017-12-09 20:55:17.722925
2007-09-21,18:45,56.2,,46.3,69.3,0.01,E@1.2,2.4,70.0,0.0,0,"College Place, Walla Walla County",300133,College Place,2017-12-09 20:55:17.722925
2007-09-21,19:00,55.2,,47.1,74.0,0.01,E@1.6,2.8,70.1,0.0,0,"College Place, Walla Walla County",300133,College Place,2017-12-09 20:55:17.722925
2007-09-21,19:15,53.8,,46.0,74.7,0.02,NE@1.0,2.9,70.2,0.0,0,"College Place, Walla Walla County",300133,College Place,2017-12-09 20:55:17.722925
2007-09-21,19:30,52.0,,44.9,76.4,0.02,E@0.4,1.4,70.2,0.0,0,"College Place, Walla Walla County",300133,College Place,2017-12-09 20:55:17.722925
2007-09-21,19:45,50.7,,43.7,76.8,0.02,SE@0.8,1.9,70.2,0.0,0,"College Place, Walla Walla County",300133,College Place,2017-12-09 20:55:17.722925
2007-09-21,20:00,50.3,,44.1,79.0,0.02,E@1.2,2.6,70.1,0.0,0,"College Place, Walla Walla County",300133,College Place,2017-12-09 20:55:17.722925
2007-09-21,20:15,49.0,,43.7,81.9,0.02,E@1.4,2.4,70.0,0.0,0,"College Place, Walla Walla County",300133,College Place,2017-12-09 20:55:17.722925
2007-09-21,20:30,48.5,,43.6,83.1,0.02,E@1.4,2.2,69.8,0.0,0,"College Place, Walla Walla County",300133,College Place,2017-12-09 20:55:17.722925
2007-09-21,20:45,48.2,,43.3,83.2,0.03,E@1.7,2.8,69.7,0.0,0,"College Place, Walla Walla County",300133,College Place,2017-12-09 20:55:17.722925
2007-09-21,21:00,48.0,,43.1,83.1,0.03,E@1.2,2.1,69.6,0.0,0,"College Place, Walla Walla County",300133,College Place,2017-12-09 20:55:17.722925
2007-09-21,21:15,48.2,,42.8,81.2,0.02,E@1.2,2.6,69.3,0.0,0,"College Place, Walla Walla County",300133,College Place,2017-12-09 20:55:17.722925
2007-09-21,21:30,48.5,,42.7,80.0,0.02,E@1.2,2.2,69.2,0.0,0,"College Place, Walla Walla County",300133,College Place,2017-12-09 20:55:17.722925
2007-09-21,21:45,47.3,,42.3,82.5,0.03,NE@1.1,2.6,69.0,0.0,0,"College Place, Walla Walla County",300133,College Place,2017-12-09 20:55:17.722925
2007-09-21,22:00,46.2,,41.8,84.5,0.03,E@0.5,1.6,68.7,0.0,0,"College Place, Walla Walla County",300133,College Place,2017-12-09 20:55:17.722925
2007-09-21,22:15,45.7,,41.7,85.6,0.03,E@1.1,2.4,68.5,0.0,0,"College Place, Walla Walla County",300133,College Place,2017-12-09 20:55:17.722925
2007-09-21,22:30,47.4,,42.2,82.3,0.02,SE@1.4,3.1,68.2,0.0,0,"College Place, Walla Walla County",300133,College Place,2017-12-09 20:55:17.722925
2007-09-21,22:45,48.8,,42.8,79.5,0.02,N@0.0,0.5,68.0,0.0,0,"College Place, Walla Walla County",300133,College Place,2017-12-09 20:55:17.722925
2007-09-21,23:00,48.3,,41.7,77.8,0.02,S@0.2,1.9,67.8,0.0,0,"College Place, Walla Walla County",300133,College Place,2017-12-09 20:55:17.722925
2007-09-22,23:15,49.3,,42.4,76.9,0.02,SE@0.5,3.3,67.4,0.0,0,"College Place, Walla Walla County",300133,College Place,2017-12-09 20:55:17.722925
2007-09-22,23:30,52.6,,43.2,70.4,0.02,E@0.4,2.1,67.1,0.0,0,"College Place, Walla Walla County",300133,College Place,2017-12-09 20:55:17.722925
2007-09-22,23:45,55.1,,43.4,64.4,0.01,E@0.1,1.2,66.9,0.0,0,"College Place, Walla Walla County",300133,College Place,2017-12-09 20:55:17.722925
2007-09-22,24:00,55.1,,42.8,63.0,0.01,SE@0.1,1.6,66.7,0.0,0,"College Place, Walla Walla County",300133,College Place,2017-12-09 20:55:17.722925
2007-09-22,00:15,56.0,,42.9,61.2,0.01,S@1.1,2.9,66.5,0.0,0,"College Place, Walla Walla County",300133,College Place,2017-12-09 20:55:17.722925
2007-09-22,00:30,59.3,,42.7,54.0,0.01,S@1.3,4.0,66.4,0.0,0,"College Place, Walla Walla County",300133,College Place,2017-12-09 20:55:17.722925
2007-09-22,00:45,62.7,,41.8,46.3,0.01,SW@2.9,6.6,66.3,0.0,0,"College Place, Walla Walla County",300133,College Place,2017-12-09 20:55:17.722925
2007-09-22,01:00,64.4,,40.8,41.9,0.01,S@4.5,8.1,66.3,0.0,0,"College Place, Walla Walla County",300133,College Place,2017-12-09 20:55:17.722925
2007-09-22,01:15,64.7,,41.2,42.1,0.01,S@4.7,9.2,66.1,0.0,0,"College Place, Walla Walla County",300133,College Place,2017-12-09 20:55:17.722925
2007-09-22,01:30,64.1,,41.5,43.5,0.01,S@4.9,9.3,66.1,0.0,0,"College Place, Walla Walla County",300133,College Place,2017-12-09 20:55:17.722925
2007-09-22,01:45,64.5,,42.1,43.9,0.01,S@4.9,8.3,66.1,0.0,0,"College Place, Walla Walla County",300133,College Place,2017-12-09 20:55:17.722925
2007-09-22,02:00,64.4,,41.7,43.4,0.01,S@3.4,6.9,66.2,0.0,0,"College Place, Walla Walla County",300133,College Place,2017-12-09 20:55:17.722925
2007-09-22,02:15,63.7,,41.7,44.5,0.01,SW@2.7,4.5,66.3,0.0,0,"College Place, Walla Walla County",300133,College Place,2017-12-09 20:55:17.722925
2007-09-22,02:30,62.4,,41.2,45.7,0.01,S@2.2,5.4,66.3,0.0,0,"College Place, Walla Walla County",300133,College Place,2017-12-09 20:55:17.722925
2007-09-22,02:45,62.1,,40.9,45.5,0.01,S@2.8,5.7,66.3,0.0,0,"College Place, Walla Walla County",300133,College Place,2017-12-09 20:55:17.722925
2007-09-22,03:00,61.6,,40.9,46.4,0.01,SW@0.8,2.4,66.3,0.0,0,"College Place, Walla Walla County",300133,College Place,2017-12-09 20:55:17.722925
2007-09-22,03:15,59.0,,40.4,50.0,0.01,S@2.0,5.2,66.3,0.0,0,"College Place, Walla Walla County",300133,College Place,2017-12-09 20:55:17.722925
2007-09-22,03:30,58.5,,41.1,52.3,0.01,S@2.3,3.8,66.3,0.0,0,"College Place, Walla Walla County",300133,College Place,2017-12-09 20:55:17.722925
2007-09-22,03:45,58.4,,41.3,52.8,0.01,S@0.5,2.6,66.3,0.0,0,"College Place, Walla Walla County",300133,College Place,2017-12-09 20:55:17.722925
2007-09-22,04:00,57.4,,41.6,55.4,0.01,E@1.4,2.8,66.3,0.0,0,"College Place, Walla Walla County",300133,College Place,2017-12-09 20:55:17.722925
2007-09-22,04:15,55.5,,42.3,61.0,0.01,E@1.4,2.6,66.3,0.0,0,"College Place, Walla Walla County",300133,College Place,2017-12-09 20:55:17.722925
2007-09-22,04:30,55.6,,43.3,63.3,0.01,E@1.3,2.9,66.3,0.0,0,"College Place, Walla Walla County",300133,College Place,2017-12-09 20:55:17.722925
2007-09-22,04:45,53.9,,43.5,67.7,0.01,SE@1.7,2.6,66.3,0.0,0,"College Place, Walla Walla County",300133,College Place,2017-12-09 20:55:17.722925
2007-09-22,05:00,54.9,,44.7,68.4,0.01,SE@1.5,4.3,66.3,0.0,0,"College Place, Walla Walla County",300133,College Place,2017-12-09 20:55:17.722925
2007-09-22,05:15,55.9,,44.9,66.4,0.01,S@1.4,3.8,66.2,0.0,0,"College Place, Walla Walla County",300133,College Place,2017-12-09 20:55:17.722925
2007-09-22,05:30,56.6,,45.4,65.9,0.01,S@2.3,4.3,66.2,0.0,0,"College Place, Walla Walla County",300133,College Place,2017-12-09 20:55:17.722925
2007-09-22,05:45,56.7,,46.0,67.2,0.01,S@2.3,4.3,66.2,0.0,0,"College Place, Walla Walla County",300133,College Place,2017-12-09 20:55:17.722925
2007-09-22,06:00,57.8,,47.5,68.3,0.01,S@2.6,5.4,66.3,0.0,0,"College Place, Walla Walla County",300133,College Place,2017-12-09 20:55:17.722925
2007-09-22,06:15,58.4,,48.4,69.3,0.01,S@1.6,3.8,66.2,0.0,0,"College Place, Walla Walla County",300133,College Place,2017-12-09 20:55:17.722925
2007-09-22,06:30,57.9,,48.7,71.3,0.01,S@1.7,3.6,66.2,0.0,0,"College Place, Walla Walla County",300133,College Place,2017-12-09 20:55:17.722925
2007-09-22,06:45,58.6,,49.8,72.3,0.01,S@2.3,5.5,66.1,0.0,20,"College Place, Walla Walla County",300133,College Place,2017-12-09 20:55:17.722925
2007-09-22,07:00,60.0,,50.2,69.8,0.01,S@1.1,3.1,66.2,0.0,3,"College Place, Walla Walla County",300133,College Place,2017-12-09 20:55:17.722925
2007-09-22,07:15,59.3,,50.3,72.0,0.01,S@0.1,1.9,66.1,0.0,23,"College Place, Walla Walla County",300133,College Place,2017-12-09 20:55:17.722925
2007-09-22,07:30,59.7,,51.1,73.0,0.01,W@0.5,2.1,66.1,0.0,59,"College Place, Walla Walla County",300133,College Place,2017-12-09 20:55:17.722925
2007-09-22,07:45,60.8,,52.7,74.5,0.01,NW@0.3,2.2,66.1,0.0,100,"College Place, Walla Walla County",300133,College Place,2017-12-09 20:55:17.722925
2007-09-22,08:00,62.4,,53.3,71.9,0.01,SW@0.1,1.4,66.1,0.0,167,"College Place, Walla Walla County",300133,College Place,2017-12-09 20:55:17.722925
2007-09-22,08:15,64.3,,52.1,64.7,0.01,S@0.6,3.1,66.0,0.0,211,"College Place, Walla Walla County",300133,College Place,2017-12-09 20:55:17.722925
2007-09-22,08:30,66.0,,51.9,60.3,0.01,SW@1.7,4.7,66.0,0.0,251,"College Place, Walla Walla County",300133,College Place,2017-12-09 20:55:17.722925
2007-09-22,08:45,67.4,,51.9,57.5,0.01,W@4.3,8.8,66.0,0.0,300,"College Place, Walla Walla County",300133,College Place,2017-12-09 20:55:17.722925
2007-09-22,09:00,67.8,,51.2,55.2,0.01,W@5.1,8.8,65.6,0.0,405,"College Place, Walla Walla County",300133,College Place,2017-12-09 20:55:17.722925
2007-09-22,09:15,69.4,,52.7,55.3,0.01,NW@4.4,8.3,66.4,0.0,286,"College Place, Walla Walla County",300133,College Place,2017-12-09 20:55:17.722925
2007-09-22,09:30,68.1,,52.7,57.7,0.01,NW@4.7,7.9,65.8,0.0,422,"College Place, Walla Walla County",300133,College Place,2017-12-09 20:55:17.722925
2007-09-22,09:45,70.5,,54.0,55.9,0.0,NW@3.6,7.1,65.7,0.0,598,"College Place, Walla Walla County",300133,College Place,2017-12-09 20:55:17.722925
2007-09-22,10:00,73.1,,53.7,50.6,0.0,W@2.2,5.7,66.4,0.0,540,"College Place, Walla Walla County",300133,College Place,2017-12-09 20:55:17.722925
2007-09-22,10:15,75.7,,51.8,43.3,0.0,SW@2.6,6.7,66.2,0.0,591,"College Place, Walla Walla County",300133,College Place,2017-12-09 20:55:17.722925
2007-09-22,10:30,75.7,,52.4,44.3,0.0,W@3.9,7.4,66.5,0.0,532,"College Place, Walla Walla County",300133,College Place,2017-12-09 20:55:17.722925
2007-09-22,10:45,75.4,,52.0,44.0,0.0,W@2.5,6.9,66.8,0.0,529,"College Place, Walla Walla County",300133,College Place,2017-12-09 20:55:17.722925
2007-09-22,11:00,76.5,,52.5,43.2,0.0,W@3.5,7.3,66.3,0.0,703,"College Place, Walla Walla County",300133,College Place,2017-12-09 20:55:17.722925
2007-09-22,11:15,77.3,,53.1,43.0,0.0,NW@3.6,6.7,67.4,0.0,619,"College Place, Walla Walla County",300133,College Place,2017-12-09 20:55:17.722925
2007-09-22,11:30,75.6,,52.6,44.7,0.0,W@3.7,8.5,67.5,0.0,602,"College Place, Walla Walla County",300133,College Place,2017-12-09 20:55:17.722925
2007-09-22,11:45,76.3,,52.2,43.0,0.0,W@3.0,6.4,67.6,0.0,669,"College Place, Walla Walla County",300133,College Place,2017-12-09 20:55:17.722925
2007-09-22,12:00,78.0,,52.3,40.8,0.0,W@2.2,6.0,68.2,0.0,547,"College Place, Walla Walla County",300133,College Place,2017-12-09 20:55:17.722925
2007-09-22,12:15,75.6,,53.3,45.8,0.0,NW@3.6,7.9,68.6,0.0,455,"College Place, Walla Walla County",300133,College Place,2017-12-09 20:55:17.722925
2007-09-22,12:30,73.2,,53.5,50.1,0.0,NW@4.8,7.4,68.4,0.0,500,"College Place, Walla Walla County",300133,College Place,2017-12-09 20:55:17.722925
2007-09-22,12:45,73.5,,52.1,47.2,0.0,W@3.0,7.6,68.5,0.0,595,"College Place, Walla Walla County",300133,College Place,2017-12-09 20:55:17.722925
2007-09-22,13:00,76.4,,52.2,42.9,0.0,W@2.3,7.9,69.7,0.0,440,"College Place, Walla Walla County",300133,College Place,2017-12-09 20:55:17.722925
2007-09-22,13:15,75.3,,52.9,45.7,0.0,NW@3.4,7.6,70.0,0.0,430,"College Place, Walla Walla County",300133,College Place,2017-12-09 20:55:17.722925
2007-09-22,13:30,73.5,,52.5,47.7,0.0,NW@3.0,6.4,70.1,0.0,443,"College Place, Walla Walla County",300133,College Place,2017-12-09 20:55:17.722925
2007-09-22,13:45,73.3,,52.2,47.5,0.01,NW@3.4,5.9,70.7,0.0,366,"College Place, Walla Walla County",300133,College Place,2017-12-09 20:55:17.722925
2007-09-22,14:00,73.2,,52.2,47.6,0.07,NW@2.8,5.0,70.5,0.0,430,"College Place, Walla Walla County",300133,College Place,2017-12-09 20:55:17.722925
2007-09-22,14:15,74.9,,52.1,44.8,0.06,NW@2.2,5.5,71.6,0.0,268,"College Place, Walla Walla County",300133,College Place,2017-12-09 20:55:17.722925
2007-09-22,14:30,73.9,,51.3,45.1,0.03,NW@1.0,3.6,72.1,0.0,146,"College Place, Walla Walla County",300133,College Place,2017-12-09 20:55:17.722925
2007-09-22,14:45,72.0,,50.8,47.2,0.01,NW@3.5,7.3,72.2,0.0,158,"College Place, Walla Walla County",300133,College Place,2017-12-09 20:55:17.722925
2007-09-22,15:00,68.4,,50.0,51.8,0.01,NW@4.3,8.1,72.4,0.0,149,"College Place, Walla Walla County",300133,College Place,2017-12-09 20:55:17.722925
2007-09-22,15:15,67.4,,51.1,55.7,0.01,NW@2.2,5.0,72.8,0.0,110,"College Place, Walla Walla County",300133,College Place,2017-12-09 20:55:17.722925
2007-09-22,15:30,66.8,,50.1,54.9,0.01,NW@3.0,5.2,72.9,0.0,132,"College Place, Walla Walla County",300133,College Place,2017-12-09 20:55:17.722925
2007-09-22,15:45,66.3,,49.3,54.1,0.01,NW@3.1,6.0,73.0,0.0,102,"College Place, Walla Walla County",300133,College Place,2017-12-09 20:55:17.722925
2007-09-22,16:00,65.8,,49.7,56.0,0.01,NW@3.1,4.8,73.2,0.0,85,"College Place, Walla Walla County",300133,College Place,2017-12-09 20:55:17.722925
2007-09-22,16:15,65.2,,49.4,56.6,0.01,NW@3.3,5.5,73.5,0.0,43,"College Place, Walla Walla County",300133,College Place,2017-12-09 20:55:17.722925
2007-09-22,16:30,64.1,,49.5,58.9,0.01,NW@2.7,5.4,73.5,0.0,11,"College Place, Walla Walla County",300133,College Place,2017-12-09 20:55:17.722925
2007-09-22,16:45,63.2,,49.8,61.4,0.01,NW@1.9,3.6,73.6,0.0,4,"College Place, Walla Walla County",300133,College Place,2017-12-09 20:55:17.722925
2007-09-22,17:00,62.3,,50.5,65.2,0.01,NW@1.1,1.9,73.8,0.0,5,"College Place, Walla Walla County",300133,College Place,2017-12-09 20:55:17.722925
2007-09-22,17:15,61.1,,48.6,63.4,0.01,NW@1.8,3.1,74.0,0.0,5,"College Place, Walla Walla County",300133,College Place,2017-12-09 20:55:17.722925
2007-09-22,17:30,59.4,,46.2,61.5,0.01,NW@1.1,2.4,74.0,0.0,0,"College Place, Walla Walla County",300133,College Place,2017-12-09 20:55:17.722925
2007-09-22,17:45,58.4,,42.3,55.0,0.01,N@0.3,1.4,74.0,0.0,0,"College Place, Walla Walla County",300133,College Place,2017-12-09 20:55:17.722925
2007-09-22,18:00,58.5,,42.4,55.0,0.01,E@0.7,1.4,74.0,0.0,0,"College Place, Walla Walla County",300133,College Place,2017-12-09 20:55:17.722925
2007-09-22,18:15,58.2,,43.8,58.7,0.01,E@0.1,0.9,74.1,0.0,0,"College Place, Walla Walla County",300133,College Place,2017-12-09 20:55:17.722925
2007-09-22,18:30,57.6,,45.1,63.0,0.01,N@0.0,0.0,74.0,0.0,0,"College Place, Walla Walla County",300133,College Place,2017-12-09 20:55:17.722925
2007-09-22,18:45,56.7,,44.8,64.4,0.01,NE@0.2,1.0,74.0,0.0,0,"College Place, Walla Walla County",300133,College Place,2017-12-09 20:55:17.722925
2007-09-22,19:00,55.5,,43.3,63.5,0.01,E@0.0,0.5,73.8,0.0,0,"College Place, Walla Walla County",300133,College Place,2017-12-09 20:55:17.722925
2007-09-22,19:15,54.7,,44.2,67.7,0.01,E@1.2,1.9,73.7,0.0,0,"College Place, Walla Walla County",300133,College Place,2017-12-09 20:55:17.722925
2007-09-22,19:30,52.9,,43.8,71.0,0.01,E@1.1,1.9,73.5,0.0,0,"College Place, Walla Walla County",300133,College Place,2017-12-09 20:55:17.722925
2007-09-22,19:45,52.4,,43.8,72.3,0.01,E@0.4,1.6,73.3,0.0,0,"College Place, Walla Walla County",300133,College Place,2017-12-09 20:55:17.722925
2007-09-22,20:00,52.4,,44.4,74.0,0.02,W@0.0,0.2,73.1,0.0,0,"College Place, Walla Walla County",300133,College Place,2017-12-09 20:55:17.722925
2007-09-22,20:15,51.5,,44.2,76.0,0.02,SE@0.1,1.0,72.9,0.0,0,"College Place, Walla Walla County",300133,College Place,2017-12-09 20:55:17.722925
2007-09-22,20:30,50.0,,43.4,77.6,0.02,W@1.6,3.6,72.7,0.0,0,"College Place, Walla Walla County",300133,College Place,2017-12-09 20:55:17.722925
2007-09-22,20:45,49.3,,42.8,78.1,0.02,W@0.9,2.2,72.4,0.0,0,"College Place, Walla Walla County",300133,College Place,2017-12-09 20:55:17.722925
2007-09-22,21:00,48.7,,41.9,77.2,0.02,W@0.5,1.4,72.1,0.0,0,"College Place, Walla Walla County",300133,College Place,2017-12-09 20:55:17.722925
2007-09-22,21:15,48.2,,41.8,78.4,0.02,SW@0.2,1.2,71.9,0.0,0,"College Place, Walla Walla County",300133,College Place,2017-12-09 20:55:17.722925
2007-09-22,21:30,48.0,,41.9,79.2,0.02,SW@0.2,1.4,71.7,0.0,0,"College Place, Walla Walla County",300133,College Place,2017-12-09 20:55:17.722925
2007-09-22,21:45,48.6,,41.8,77.1,0.02,S@0.2,0.9,71.6,0.0,0,"College Place, Walla Walla County",300133,College Place,2017-12-09 20:55:17.722925
2007-09-22,22:00,49.1,,41.5,74.9,0.02,S@0.1,0.7,71.4,0.0,0,"College Place, Walla Walla County",300133,College Place,2017-12-09 20:55:17.722925
2007-09-22,22:15,48.8,,41.0,74.4,0.02,SW@0.2,0.9,71.1,0.0,0,"College Place, Walla Walla County",300133,College Place,2017-12-09 20:55:17.722925
2007-09-22,22:30,49.1,,41.1,73.9,0.01,SW@0.5,2.1,70.9,0.0,0,"College Place, Walla Walla County",300133,College Place,2017-12-09 20:55:17.722925
2007-09-22,22:45,50.5,,41.6,71.4,0.01,S@0.6,1.7,70.7,0.0,0,"College Place, Walla Walla County",300133,College Place,2017-12-09 20:55:17.722925
2007-09-22,23:00,50.8,,41.7,70.8,0.01,S@0.4,2.1,70.5,0.0,0,"College Place, Walla Walla County",300133,College Place,2017-12-09 20:55:17.722925
2007-09-23,23:15,50.8,,41.2,69.6,0.01,SW@1.2,3.8,70.4,0.0,0,"College Place, Walla Walla County",300133,College Place,2017-12-09 20:55:17.722925
2007-09-23,23:30,50.6,,40.0,66.7,0.01,SW@1.9,3.8,70.1,0.0,0,"College Place, Walla Walla County",300133,College Place,2017-12-09 20:55:17.722925
2007-09-23,23:45,50.2,,39.5,66.4,0.01,S@1.9,3.3,70.0,0.0,0,"College Place, Walla Walla County",300133,College Place,2017-12-09 20:55:17.722925
2007-09-23,24:00,50.8,,39.7,65.4,0.01,S@2.2,4.0,69.8,0.0,0,"College Place, Walla Walla County",300133,College Place,2017-12-09 20:55:17.722925
2007-09-23,00:15,51.3,,39.8,64.6,0.01,W@2.3,3.8,69.6,0.0,0,"College Place, Walla Walla County",300133,College Place,2017-12-09 20:55:17.722925
2007-09-23,00:30,51.0,,40.2,66.3,0.01,W@1.2,2.8,69.4,0.0,0,"College Place, Walla Walla County",300133,College Place,2017-12-09 20:55:17.722925
2007-09-23,00:45,50.1,,39.8,67.6,0.01,SW@0.5,1.7,69.2,0.0,0,"College Place, Walla Walla County",300133,College Place,2017-12-09 20:55:17.722925
2007-09-23,01:00,49.1,,40.3,71.4,0.01,SW@0.8,3.1,69.0,0.0,0,"College Place, Walla Walla County",300133,College Place,2017-12-09 20:55:17.722925
2007-09-23,01:15,48.0,,39.2,71.4,0.01,S@0.2,1.2,68.8,0.0,0,"College Place, Walla Walla County",300133,College Place,2017-12-09 20:55:17.722925
2007-09-23,01:30,47.3,,39.4,73.8,0.02,NE@0.4,1.6,68.6,0.0,0,"College Place, Walla Walla County",300133,College Place,2017-12-09 20:55:17.722925
2007-09-23,01:45,46.1,,38.8,75.6,0.02,S@0.3,1.0,68.4,0.0,0,"College Place, Walla Walla County",300133,College Place,2017-12-09 20:55:17.722925
2007-09-23,02:00,46.4,,39.4,76.4,0.02,S@0.8,2.8,68.2,0.0,0,"College Place, Walla Walla County",300133,College Place,2017-12-09 20:55:17.722925
2007-09-23,02:15,47.7,,39.4,72.8,0.02,S@0.8,1.9,68.0,0.0,0,"College Place, Walla Walla County",300133,College Place,2017-12-09 20:55:17.722925
2007-09-23,02:30,48.2,,39.3,71.1,0.02,S@0.6,1.7,67.8,0.0,0,"College Place, Walla Walla County",300133,College Place,2017-12-09 20:55:17.722925
2007-09-23,02:45,48.1,,39.4,71.5,0.02,SW@0.1,0.9,67.6,0.0,0,"College Place, Walla Walla County",300133,College Place,2017-12-09 20:55:17.722925
2007-09-23,03:00,47.2,,39.1,73.2,0.02,S@0.3,2.1,67.3,0.0,0,"College Place, Walla Walla County",300133,College Place,2017-12-09 20:55:17.722925
2007-09-23,03:15,46.6,,39.0,74.8,0.02,S@0.5,1.9,67.0,0.0,0,"College Place, Walla Walla County",300133,College Place,2017-12-09 20:55:17.722925
2007-09-23,03:30,46.2,,39.3,76.5,0.02,SW@0.4,1.6,66.8,0.0,0,"College Place, Walla Walla County",300133,College Place,2017-12-09 20:55:17.722925
2007-09-23,03:45,46.1,,39.8,78.5,0.02,E@0.1,1.0,66.4,0.0,0,"College Place, Walla Walla County",300133,College Place,2017-12-09 20:55:17.722925
2007-09-23,04:00,46.0,,39.7,78.5,0.02,SE@0.0,0.5,66.1,0.0,0,"College Place, Walla Walla County",300133,College Place,2017-12-09 20:55:17.722925
2007-09-23,04:15,46.0,,39.8,78.7,0.02,NE@0.0,0.9,65.8,0.0,0,"College Place, Walla Walla County",300133,College Place,2017-12-09 20:55:17.722925
2007-09-23,04:30,45.9,,39.8,78.9,0.02,E@0.1,0.7,65.5,0.0,0,"College Place, Walla Walla County",300133,College Place,2017-12-09 20:55:17.722925
2007-09-23,04:45,45.6,,39.8,79.9,0.02,E@0.1,0.9,65.3,0.0,0,"College Place, Walla Walla County",300133,College Place,2017-12-09 20:55:17.722925
2007-09-23,05:00,44.8,,39.5,81.5,0.02,NE@0.1,0.9,65.0,0.0,0,"College Place, Walla Walla County",300133,College Place,2017-12-09 20:55:17.722925
2007-09-23,05:15,44.3,,39.7,83.6,0.02,N@0.0,0.0,64.7,0.0,0,"College Place, Walla Walla County",300133,College Place,2017-12-09 20:55:17.722925
2007-09-23,05:30,44.4,,39.6,83.3,0.02,E@0.0,0.2,64.3,0.0,0,"College Place, Walla Walla County",300133,College Place,2017-12-09 20:55:17.722925
2007-09-23,05:45,44.4,,40.1,84.8,0.02,NE@0.0,1.0,63.9,0.0,0,"College Place, Walla Walla County",300133,College Place,2017-12-09 20:55:17.722925
2007-09-23,06:00,44.2,,40.6,87.2,0.03,E@0.3,1.4,63.7,0.0,0,"College Place, Walla Walla County",300133,College Place,2017-12-09 20:55:17.722925
2007-09-23,06:15,44.2,,40.9,88.2,0.02,NE@0.1,0.9,63.2,0.0,1,"College Place, Walla Walla County",300133,College Place,2017-12-09 20:55:17.722925
2007-09-23,06:30,44.9,,42.1,89.8,0.03,N@0.0,0.0,62.8,0.0,24,"College Place, Walla Walla County",300133,College Place,2017-12-09 20:55:17.722925
2007-09-23,06:45,46.9,,44.3,90.7,0.02,E@0.0,0.2,62.5,0.0,80,"College Place, Walla Walla County",300133,College Place,2017-12-09 20:55:17.722925
2007-09-23,07:00,50.2,,44.2,79.8,0.01,SE@0.8,2.9,62.3,0.0,194,"College Place, Walla Walla County",300133,College Place,2017-12-09 20:55:17.722925
2007-09-23,07:15,54.4,,42.6,64.1,0.01,S@0.4,1.7,62.0,0.0,216,"College Place, Walla Walla County",300133,College Place,2017-12-09 20:55:17.722925
2007-09-23,07:30,57.1,,42.6,58.2,0.01,SW@0.1,0.9,61.9,0.0,213,"College Place, Walla Walla County",300133,College Place,2017-12-09 20:55:17.722925
2007-09-23,07:45,58.9,,42.3,53.9,0.01,W@1.2,5.5,61.8,0.0,256,"College Place, Walla Walla County",300133,College Place,2017-12-09 20:55:17.722925
2007-09-23,08:00,59.9,,42.3,51.9,0.01,SW@1.5,4.1,61.6,0.0,302,"College Place, Walla Walla County",300133,College Place,2017-12-09 20:55:17.722925
2007-09-23,08:15,61.2,,42.7,50.5,0.01,W@2.6,4.7,61.5,0.0,345,"College Place, Walla Walla County",300133,College Place,2017-12-09 20:55:17.722925
2007-09-23,08:30,62.1,,42.8,49.2,0.01,W@2.5,5.9,61.4,0.0,387,"College Place, Walla Walla County",300133,College Place,2017-12-09 20:55:17.722925
2007-09-23,08:45,63.8,,43.2,47.0,0.01,W@2.1,5.0,61.3,0.0,429,"College Place, Walla Walla County",300133,College Place,2017-12-09 20:55:17.722925
2007-09-23,09:00,65.9,,41.9,41.6,0.01,W@3.9,8.5,61.2,0.0,468,"College Place, Walla Walla County",300133,College Place,2017-12-09 20:55:17.722925
2007-09-23,09:15,63.7,,42.0,45.0,0.01,W@5.1,9.9,60.8,0.0,507,"College Place, Walla Walla County",300133,College Place,2017-12-09 20:55:17.722925
2007-09-23,09:30,64.2,,42.5,45.0,0.01,NW@4.5,9.9,60.9,0.0,543,"College Place, Walla Walla County",300133,College Place,2017-12-09 20:55:17.722925
2007-09-23,09:45,66.5,,41.1,39.5,0.0,W@3.9,9.0,60.8,0.0,578,"College Place, Walla Walla County",300133,College Place,2017-12-09 20:55:17.722925
2007-09-23,10:00,67.6,,42.6,40.2,0.0,W@5.2,8.6,60.7,0.0,631,"College Place, Walla Walla County",300133,College Place,2017-12-09 20:55:17.722925
2007-09-23,10:15,65.6,,43.2,44.1,0.0,NW@6.3,10.9,60.7,0.0,621,"College Place, Walla Walla County",300133,College Place,2017-12-09 20:55:17.722925
2007-09-23,10:30,66.2,,42.1,41.4,0.0,NW@5.3,12.4,60.8,0.0,669,"College Place, Walla Walla County",300133,College Place,2017-12-09 20:55:17.722925
2007-09-23,10:45,67.8,,43.1,40.7,0.0,NW@5.2,10.5,60.7,0.0,789,"College Place, Walla Walla County",300133,College Place,2017-12-09 20:55:17.722925
2007-09-23,11:00,69.0,,42.2,37.7,0.01,NW@6.9,12.3,61.5,0.0,456,"College Place, Walla Walla County",300133,College Place,2017-12-09 20:55:17.722925
2007-09-23,11:15,65.9,,42.3,42.2,0.0,NW@6.0,11.4,60.6,0.0,642,"College Place, Walla Walla County",300133,College Place,2017-12-09 20:55:17.722925
2007-09-23,11:30,64.2,,42.1,44.4,0.0,NW@6.0,9.9,61.2,0.0,493,"College Place, Walla Walla County",300133,College Place,2017-12-09 20:55:17.722925
2007-09-23,11:45,70.0,,42.5,37.0,0.0,W@4.0,7.8,61.0,0.0,862,"College Place, Walla Walla County",300133,College Place,2017-12-09 20:55:17.722925
2007-09-23,12:00,73.3,,43.4,34.1,0.0,W@4.5,10.7,61.5,0.0,731,"College Place, Walla Walla County",300133,College Place,2017-12-09 20:55:17.722925
2007-09-23,12:15,73.6,,42.7,32.9,0.0,W@5.4,11.4,62.4,0.0,567,"College Place, Walla Walla County",300133,College Place,2017-12-09 20:55:17.722925
2007-09-23,12:30,69.8,,42.6,37.3,0.0,NW@4.5,7.9,63.2,0.0,391,"College Place, Walla Walla County",300133,College Place,2017-12-09 20:55:17.722925
2007-09-23,12:45,69.5,,41.9,36.6,0.0,W@2.5,6.9,63.0,0.0,503,"College Place, Walla Walla County",300133,College Place,2017-12-09 20:55:17.722925
2007-09-23,13:00,70.5,,42.9,36.8,0.01,NW@3.0,9.2,64.6,0.0,267,"College Place, Walla Walla County",300133,College Place,2017-12-09 20:55:17.722925
2007-09-23,13:15,70.0,,42.2,36.5,0.0,W@3.6,10.2,64.1,0.0,406,"College Place, Walla Walla County",300133,College Place,2017-12-09 20:55:17.722925
2007-09-23,13:30,70.7,,42.4,35.9,0.0,W@3.8,8.3,63.5,0.0,587,"College Place, Walla Walla County",300133,College Place,2017-12-09 20:55:17.722925
2007-09-23,13:45,74.5,,43.0,32.4,0.0,W@3.6,10.2,64.0,0.0,693,"College Place, Walla Walla County",300133,College Place,2017-12-09 20:55:17.722925
2007-09-23,14:00,77.3,,42.3,28.7,0.0,W@3.4,6.4,65.2,0.0,447,"College Place, Walla Walla County",300133,College Place,2017-12-09 20:55:17.722925
2007-09-23,14:15,74.5,,43.6,33.1,0.0,W@4.8,10.0,64.6,0.0,625,"College Place, Walla Walla County",300133,College Place,2017-12-09 20:55:17.722925
2007-09-23,14:30,74.5,,40.3,29.1,0.01,SW@2.2,4.3,66.5,0.0,236,"College Place, Walla Walla County",300133,College Place,2017-12-09 20:55:17.722925
2007-09-23,14:45,70.5,,42.3,36.0,0.0,W@1.1,2.8,65.9,0.0,406,"College Place, Walla Walla County",300133,College Place,2017-12-09 20:55:17.722925
2007-09-23,15:00,73.7,,41.5,31.3,0.0,SW@1.3,4.3,66.8,0.0,481,"College Place, Walla Walla County",300133,College Place,2017-12-09 20:55:17.722925
2007-09-23,15:15,76.1,,41.5,28.9,0.0,W@3.1,5.4,67.3,0.0,418,"College Place, Walla Walla County",300133,College Place,2017-12-09 20:55:17.722925
2007-09-23,15:30,75.0,,42.9,31.6,0.01,W@2.7,5.0,68.1,0.0,249,"College Place, Walla Walla County",300133,College Place,2017-12-09 20:55:17.722925
2007-09-23,15:45,70.9,,41.2,34.0,0.01,W@3.5,7.6,68.4,0.0,174,"College Place, Walla Walla County",300133,College Place,2017-12-09 20:55:17.722925
2007-09-23,16:00,68.6,,40.1,35.3,0.01,W@2.0,6.7,68.5,0.0,246,"College Place, Walla Walla County",300133,College Place,2017-12-09 20:55:17.722925
2007-09-23,16:15,69.1,,40.2,34.8,0.01,W@4.4,7.8,69.0,0.0,221,"College Place, Walla Walla County",300133,College Place,2017-12-09 20:55:17.722925
2007-09-23,16:30,67.8,,38.2,33.7,0.01,W@3.4,5.9,69.4,0.0,179,"College Place, Walla Walla County",300133,College Place,2017-12-09 20:55:17.722925
2007-09-23,16:45,67.0,,38.3,34.6,0.01,W@3.1,6.2,69.8,0.0,127,"College Place, Walla Walla County",300133,College Place,2017-12-09 20:55:17.722925
2007-09-23,17:00,65.5,,39.6,38.5,0.01,W@2.9,6.2,70.1,0.0,81,"College Place, Walla Walla County",300133,College Place,2017-12-09 20:55:17.722925
2007-09-23,17:15,63.5,,39.4,40.9,0.01,SW@1.0,2.8,70.4,0.0,33,"College Place, Walla Walla County",300133,College Place,2017-12-09 20:55:17.722925
2007-09-23,17:30,60.9,,39.9,45.8,0.01,SW@0.5,2.2,70.7,0.0,1,"College Place, Walla Walla County",300133,College Place,2017-12-09 20:55:17.722925
2007-09-23,17:45,58.6,,39.3,48.6,0.01,S@0.0,0.3,70.8,0.0,0,"College Place, Walla Walla County",300133,College Place,2017-12-09 20:55:17.722925
2007-09-23,18:00,56.5,,38.7,51.1,0.01,N@0.0,0.0,70.9,0.0,0,"College Place, Walla Walla County",300133,College Place,2017-12-09 20:55:17.722925
2007-09-23,18:15,54.8,,39.1,55.4,0.01,S@0.1,1.4,70.9,0.0,0,"College Place, Walla Walla County",300133,College Place,2017-12-09 20:55:17.722925
2007-09-23,18:30,52.3,,39.6,61.7,0.01,E@1.1,1.7,70.9,0.0,0,"College Place, Walla Walla County",300133,College Place,2017-12-09 20:55:17.722925
2007-09-23,18:45,51.0,,39.9,65.6,0.01,E@0.8,1.4,70.9,0.0,0,"College Place, Walla Walla County",300133,College Place,2017-12-09 20:55:17.722925
2007-09-23,19:00,50.2,,40.0,67.9,0.01,E@1.3,2.1,70.8,0.0,0,"College Place, Walla Walla County",300133,College Place,2017-12-09 20:55:17.722925
2007-09-23,19:15,47.4,,39.3,73.1,0.01,E@1.8,2.4,70.7,0.0,0,"College Place, Walla Walla County",300133,College Place,2017-12-09 20:55:17.722925
2007-09-23,19:30,45.2,,38.5,77.1,0.02,E@1.8,3.3,70.6,0.0,0,"College Place, Walla Walla County",300133,College Place,2017-12-09 20:55:17.722925
2007-09-23,19:45,44.7,,37.9,76.9,0.02,E@1.6,2.6,70.5,0.0,0,"College Place, Walla Walla County",300133,College Place,2017-12-09 20:55:17.722925
2007-09-23,20:00,44.7,,37.9,76.9,0.02,E@1.9,2.9,70.4,0.0,0,"College Place, Walla Walla County",300133,College Place,2017-12-09 20:55:17.722925
2007-09-23,20:15,43.4,,37.7,80.0,0.02,NE@1.5,2.6,70.1,0.0,0,"College Place, Walla Walla County",300133,College Place,2017-12-09 20:55:17.722925
2007-09-23,20:30,42.8,,37.8,82.2,0.02,E@1.8,4.0,70.0,0.0,0,"College Place, Walla Walla County",300133,College Place,2017-12-09 20:55:17.722925
2007-09-23,20:45,42.8,,38.4,84.2,0.02,E@2.0,3.6,69.8,0.0,0,"College Place, Walla Walla County",300133,College Place,2017-12-09 20:55:17.722925
2007-09-23,21:00,44.8,,39.8,82.5,0.02,E@1.1,2.1,69.6,0.0,0,"College Place, Walla Walla County",300133,College Place,2017-12-09 20:55:17.722925
2007-09-23,21:15,47.0,,40.8,78.8,0.02,E@1.1,2.6,69.4,0.0,0,"College Place, Walla Walla County",300133,College Place,2017-12-09 20:55:17.722925
2007-09-23,21:30,48.2,,40.2,73.6,0.02,SE@1.3,2.1,69.1,0.0,0,"College Place, Walla Walla County",300133,College Place,2017-12-09 20:55:17.722925
2007-09-23,21:45,49.0,,40.1,71.3,0.02,SE@1.4,2.8,68.8,0.0,0,"College Place, Walla Walla County",300133,College Place,2017-12-09 20:55:17.722925
2007-09-23,22:00,49.0,,40.2,71.5,0.02,SE@0.8,2.1,68.6,0.0,0,"College Place, Walla Walla County",300133,College Place,2017-12-09 20:55:17.722925
2007-09-23,22:15,49.0,,40.1,71.2,0.02,S@1.7,2.9,68.3,0.0,0,"College Place, Walla Walla County",300133,College Place,2017-12-09 20:55:17.722925
2007-09-23,22:30,50.4,,40.3,68.2,0.02,S@1.8,3.3,68.0,0.0,0,"College Place, Walla Walla County",300133,College Place,2017-12-09 20:55:17.722925
2007-09-23,22:45,50.1,,39.8,67.5,0.02,S@1.9,2.9,67.8,0.0,0,"College Place, Walla Walla County",300133,College Place,2017-12-09 20:55:17.722925
2007-09-23,23:00,50.2,,39.8,67.2,0.01,S@1.8,3.5,67.6,0.0,0,"College Place, Walla Walla County",300133,College Place,2017-12-09 20:55:17.722925
2007-09-24,23:15,50.1,,39.6,66.9,0.01,S@1.4,2.9,67.4,0.0,0,"College Place, Walla Walla County",300133,College Place,2017-12-09 20:55:17.722925
2007-09-24,23:30,48.9,,38.8,67.9,0.01,S@1.1,1.9,67.3,0.0,0,"College Place, Walla Walla County",300133,College Place,2017-12-09 20:55:17.722925
2007-09-24,23:45,47.7,,38.6,70.6,0.01,S@1.0,2.6,67.0,0.0,0,"College Place, Walla Walla County",300133,College Place,2017-12-09 20:55:17.722925
2007-09-24,24:00,46.9,,38.5,72.1,0.02,SE@1.6,2.9,66.8,0.0,0,"College Place, Walla Walla County",300133,College Place,2017-12-09 20:55:17.722925
2007-09-24,00:15,46.8,,38.6,72.7,0.02,S@1.9,3.1,66.5,0.0,0,"College Place, Walla Walla County",300133,College Place,2017-12-09 20:55:17.722925
2007-09-24,00:30,47.1,,38.8,72.6,0.02,SE@0.9,2.6,66.2,0.0,0,"College Place, Walla Walla County",300133,College Place,2017-12-09 20:55:17.722925
2007-09-24,00:45,46.7,,38.5,72.7,0.02,SE@1.3,2.1,66.0,0.0,0,"College Place, Walla Walla County",300133,College Place,2017-12-09 20:55:17.722925
2007-09-24,01:00,45.5,,38.2,75.2,0.02,E@1.4,2.2,65.8,0.0,0,"College Place, Walla Walla County",300133,College Place,2017-12-09 20:55:17.722925
2007-09-24,01:15,44.8,,38.1,77.1,0.02,SE@1.1,2.2,65.5,0.0,0,"College Place, Walla Walla County",300133,College Place,2017-12-09 20:55:17.722925
2007-09-24,01:30,44.7,,38.3,78.0,0.02,SE@1.1,2.1,65.3,0.0,0,"College Place, Walla Walla County",300133,College Place,2017-12-09 20:55:17.722925
2007-09-24,01:45,44.8,,38.3,77.9,0.02,SE@0.6,1.4,65.1,0.0,0,"College Place, Walla Walla County",300133,College Place,2017-12-09 20:55:17.722925
2007-09-24,02:00,44.5,,38.3,78.7,0.02,SE@1.5,2.8,64.9,0.0,0,"College Place, Walla Walla County",300133,College Place,2017-12-09 20:55:17.722925
2007-09-24,02:15,44.5,,38.6,79.4,0.02,SE@1.9,2.9,64.6,0.0,0,"College Place, Walla Walla County",300133,College Place,2017-12-09 20:55:17.722925
2007-09-24,02:30,44.8,,38.5,78.4,0.02,SE@1.4,2.6,64.3,0.0,0,"College Place, Walla Walla County",300133,College Place,2017-12-09 20:55:17.722925
2007-09-24,02:45,44.9,,38.4,77.5,0.02,SE@1.2,2.2,63.9,0.0,0,"College Place, Walla Walla County",300133,College Place,2017-12-09 20:55:17.722925
2007-09-24,03:00,44.6,,37.9,77.1,0.02,SE@1.0,1.7,63.5,0.0,0,"College Place, Walla Walla County",300133,College Place,2017-12-09 20:55:17.722925
2007-09-24,03:15,44.2,,37.8,78.0,0.02,SE@0.8,2.6,63.2,0.0,0,"College Place, Walla Walla County",300133,College Place,2017-12-09 20:55:17.722925
2007-09-24,03:30,43.8,,37.5,78.3,0.02,SE@1.2,1.7,62.9,0.0,0,"College Place, Walla Walla County",300133,College Place,2017-12-09 20:55:17.722925
2007-09-24,03:45,42.9,,37.3,80.5,0.02,SE@1.1,1.9,62.6,0.0,0,"College Place, Walla Walla County",300133,College Place,2017-12-09 20:55:17.722925
2007-09-24,04:00,42.7,,37.5,81.8,0.02,SE@1.2,1.9,62.3,0.0,0,"College Place, Walla Walla County",300133,College Place,2017-12-09 20:55:17.722925
2007-09-24,04:15,42.4,,37.5,82.6,0.02,E@1.3,1.7,62.0,0.0,0,"College Place, Walla Walla County",300133,College Place,2017-12-09 20:55:17.722925
2007-09-24,04:30,40.5,,36.0,83.8,0.02,E@1.5,2.1,61.6,0.0,0,"College Place, Walla Walla County",300133,College Place,2017-12-09 20:55:17.722925
2007-09-24,04:45,38.8,,35.7,88.8,0.03,E@1.3,1.9,61.2,0.0,0,"College Place, Walla Walla County",300133,College Place,2017-12-09 20:55:17.722925
2007-09-24,05:00,37.9,,35.8,92.0,0.04,E@1.8,2.8,60.9,0.0,0,"College Place, Walla Walla County",300133,College Place,2017-12-09 20:55:17.722925
2007-09-24,05:15,37.6,,36.0,93.7,0.05,E@1.6,2.8,60.4,0.0,0,"College Place, Walla Walla County",300133,College Place,2017-12-09 20:55:17.722925
2007-09-24,05:30,37.1,,35.9,95.2,0.07,E@1.6,2.2,59.7,0.0,0,"College Place, Walla Walla County",300133,College Place,2017-12-09 20:55:17.722925
2007-09-24,05:45,37.7,,36.9,96.8,0.07,SE@1.1,2.1,59.0,0.0,0,"College Place, Walla Walla County",300133,College Place,2017-12-09 20:55:17.722925
2007-09-24,06:00,40.6,,39.3,95.0,0.05,S@1.2,2.4,58.4,0.0,0,"College Place, Walla Walla County",300133,College Place,2017-12-09 20:55:17.722925
2007-09-24,06:15,41.9,,39.1,89.5,0.03,S@1.5,2.8,57.7,0.0,0,"College Place, Walla Walla County",300133,College Place,2017-12-09 20:55:17.722925
2007-09-24,06:30,43.6,,39.8,86.1,0.02,S@1.6,2.9,57.1,0.0,15,"College Place, Walla Walla County",300133,College Place,2017-12-09 20:55:17.722925
2007-09-24,06:45,46.4,,40.5,79.7,0.02,S@1.0,2.6,56.6,0.0,68,"College Place, Walla Walla County",300133,College Place,2017-12-09 20:55:17.722925
2007-09-24,07:00,48.8,,41.0,74.4,0.02,S@0.6,2.2,56.1,0.0,116,"College Place, Walla Walla County",300133,College Place,2017-12-09 20:55:17.722925
2007-09-24,07:15,51.6,,41.7,68.8,0.02,S@0.8,3.1,55.6,0.0,163,"College Place, Walla Walla County",300133,College Place,2017-12-09 20:55:17.722925
2007-09-24,07:30,54.2,,41.8,62.8,0.01,S@0.7,2.2,55.3,0.0,211,"College Place, Walla Walla County",300133,College Place,2017-12-09 20:55:17.722925
2007-09-24,07:45,56.7,,42.3,58.4,0.01,S@0.7,2.4,55.1,0.0,255,"College Place, Walla Walla County",300133,College Place,2017-12-09 20:55:17.722925
2007-09-24,08:00,59.1,,42.4,53.7,0.01,S@0.8,2.4,54.9,0.0,295,"College Place, Walla Walla County",300133,College Place,2017-12-09 20:55:17.722925
2007-09-24,08:15,60.9,,42.1,49.8,0.01,S@1.2,2.9,54.8,0.0,342,"College Place, Walla Walla County",300133,College Place,2017-12-09 20:55:17.722925
2007-09-24,08:30,62.5,,41.8,46.5,0.01,SW@1.2,4.1,54.7,0.0,382,"College Place, Walla Walla County",300133,College Place,2017-12-09 20:55:17.722925
2007-09-24,08:45,64.9,,42.1,43.3,0.01,SW@1.7,4.1,54.7,0.0,421,"College Place, Walla Walla County",300133,College Place,2017-12-09 20:55:17.722925
2007-09-24,09:00,67.2,,42.5,40.7,0.01,SW@0.7,2.6,54.7,0.0,459,"College Place, Walla Walla County",300133,College Place,2017-12-09 20:55:17.722925
2007-09-24,09:15,68.7,,42.2,38.1,0.0,S@1.6,4.0,54.5,0.0,498,"College Place, Walla Walla County",300133,College Place,2017-12-09 20:55:17.722925
2007-09-24,09:30,69.1,,41.4,36.5,0.0,S@1.9,5.0,54.4,0.0,535,"College Place, Walla Walla County",300133,College Place,2017-12-09 20:55:17.722925
2007-09-24,09:45,68.8,,41.2,36.7,0.0,S@2.1,4.0,54.3,0.0,569,"College Place, Walla Walla County",300133,College Place,2017-12-09 20:55:17.722925
2007-09-24,10:00,69.7,,41.4,35.7,0.0,S@1.9,3.6,54.4,0.0,598,"College Place, Walla Walla County",300133,College Place,2017-12-09 20:55:17.722925
2007-09-24,10:15,71.6,,42.0,34.4,0.0,SW@1.8,3.8,54.9,0.0,620,"College Place, Walla Walla County",300133,College Place,2017-12-09 20:55:17.722925
2007-09-24,10:30,71.9,,41.5,33.3,0.0,S@1.7,5.2,55.0,0.0,644,"College Place, Walla Walla County",300133,College Place,2017-12-09 20:55:17.722925
2007-09-24,10:45,73.6,,42.4,32.6,0.0,SW@1.7,3.8,55.7,0.0,663,"College Place, Walla Walla County",300133,College Place,2017-12-09 20:55:17.722925
2007-09-24,11:00,75.4,,43.0,31.3,0.0,S@0.7,3.3,56.6,0.0,676,"College Place, Walla Walla County",300133,College Place,2017-12-09 20:55:17.722925
2007-09-24,11:15,75.6,,44.5,33.0,0.0,W@2.9,7.1,57.3,0.0,691,"College Place, Walla Walla County",300133,College Place,2017-12-09 20:55:17.722925
2007-09-24,11:30,74.6,,44.4,34.0,0.0,W@2.3,5.0,57.5,0.0,698,"College Place, Walla Walla County",300133,College Place,2017-12-09 20:55:17.722925
2007-09-24,11:45,75.8,,43.8,31.8,0.0,W@1.9,5.4,58.3,0.0,704,"College Place, Walla Walla County",300133,College Place,2017-12-09 20:55:17.722925
2007-09-24,12:00,77.5,,45.4,32.0,0.0,NW@2.8,5.5,59.3,0.0,706,"College Place, Walla Walla County",300133,College Place,2017-12-09 20:55:17.722925
2007-09-24,12:15,77.5,,43.7,30.0,0.0,SW@2.1,6.6,59.6,0.0,703,"College Place, Walla Walla County",300133,College Place,2017-12-09 20:55:17.722925
2007-09-24,12:30,79.2,,45.1,30.0,0.0,W@2.2,6.2,60.1,0.0,694,"College Place, Walla Walla County",300133,College Place,2017-12-09 20:55:17.722925
2007-09-24,12:45,78.9,,45.7,31.0,0.0,W@2.7,8.1,61.1,0.0,685,"College Place, Walla Walla County",300133,College Place,2017-12-09 20:55:17.722925
2007-09-24,13:00,80.0,,45.3,29.5,0.0,W@2.3,6.0,61.6,0.0,668,"College Place, Walla Walla County",300133,College Place,2017-12-09 20:55:17.722925
2007-09-24,13:15,80.1,,45.7,29.8,0.0,NW@3.2,7.1,62.2,0.0,647,"College Place, Walla Walla County",300133,College Place,2017-12-09 20:55:17.722925
2007-09-24,13:30,76.8,,47.0,34.7,0.0,NW@3.5,6.7,63.0,0.0,630,"College Place, Walla Walla County",300133,College Place,2017-12-09 20:55:17.722925
2007-09-24,13:45,76.3,,46.3,34.5,0.0,NW@1.9,6.9,64.1,0.0,599,"College Place, Walla Walla County",300133,College Place,2017-12-09 20:55:17.722925
2007-09-24,14:00,76.7,,46.7,34.6,0.0,NW@3.4,6.9,65.0,0.0,534,"College Place, Walla Walla County",300133,College Place,2017-12-09 20:55:17.722925
2007-09-24,14:15,76.9,,44.6,31.7,0.0,NW@1.2,2.8,65.5,0.0,542,"College Place, Walla Walla County",300133,College Place,2017-12-09 20:55:17.722925
2007-09-24,14:30,79.4,,45.7,30.4,0.0,NW@2.2,5.2,66.1,0.0,507,"College Place, Walla Walla County",300133,College Place,2017-12-09 20:55:17.722925
2007-09-24,14:45,79.1,,45.0,30.0,0.0,W@2.9,6.2,66.6,0.0,475,"College Place, Walla Walla County",300133,College Place,2017-12-09 20:55:17.722925
2007-09-24,15:00,77.7,,45.8,32.3,0.01,NW@1.8,4.8,67.1,0.0,433,"College Place, Walla Walla County",300133,College Place,2017-12-09 20:55:17.722925
2007-09-24,15:15,78.1,,44.2,30.0,0.01,W@1.4,4.1,67.8,0.0,390,"College Place, Walla Walla County",300133,College Place,2017-12-09 20:55:17.722925
2007-09-24,15:30,78.5,,45.1,30.6,0.01,NW@1.7,4.1,68.3,0.0,346,"College Place, Walla Walla County",300133,College Place,2017-12-09 20:55:17.722925
2007-09-24,15:45,77.0,,46.5,34.0,0.01,NW@1.4,3.6,69.0,0.0,299,"College Place, Walla Walla County",300133,College Place,2017-12-09 20:55:17.722925
2007-09-24,16:00,74.9,,43.7,32.7,0.01,NW@0.6,2.4,69.1,0.0,254,"College Place, Walla Walla County",300133,College Place,2017-12-09 20:55:17.722925
2007-09-24,16:15,73.6,,46.8,38.6,0.01,NW@1.3,3.5,69.5,0.0,208,"College Place, Walla Walla County",300133,College Place,2017-12-09 20:55:17.722925
2007-09-24,16:30,72.1,,41.6,33.2,0.01,NW@0.2,1.2,69.9,0.0,163,"College Place, Walla Walla County",300133,College Place,2017-12-09 20:55:17.722925
2007-09-24,16:45,69.6,,35.0,27.9,0.01,E@0.3,1.4,70.2,0.0,117,"College Place, Walla Walla County",300133,College Place,2017-12-09 20:55:17.722925
2007-09-24,17:00,67.4,,36.1,31.4,0.01,E@0.1,1.0,70.4,0.0,73,"College Place, Walla Walla County",300133,College Place,2017-12-09 20:55:17.722925
2007-09-24,17:15,65.9,,34.7,31.3,0.01,N@0.0,0.0,70.8,0.0,23,"College Place, Walla Walla County",300133,College Place,2017-12-09 20:55:17.722925
2007-09-24,17:30,64.1,,37.1,36.7,0.01,N@0.0,0.0,71.0,0.0,0,"College Place, Walla Walla County",300133,College Place,2017-12-09 20:55:17.722925
2007-09-24,17:45,61.4,,37.3,40.7,0.01,E@0.1,1.2,71.1,0.0,0,"College Place, Walla Walla County",300133,College Place,2017-12-09 20:55:17.722925
2007-09-24,18:00,58.1,,39.6,49.9,0.01,E@1.4,2.2,71.3,0.0,0,"College Place, Walla Walla County",300133,College Place,2017-12-09 20:55:17.722925
2007-09-24,18:15,54.3,,38.8,55.7,0.01,E@1.8,2.4,71.4,0.0,0,"College Place, Walla Walla County",300133,College Place,2017-12-09 20:55:17.722925
2007-09-24,18:30,50.5,,39.3,65.2,0.01,NE@1.9,2.4,71.3,0.0,0,"College Place, Walla Walla County",300133,College Place,2017-12-09 20:55:17.722925
2007-09-24,18:45,48.2,,38.9,70.0,0.01,E@1.6,2.6,71.2,0.0,0,"College Place, Walla Walla County",300133,College Place,2017-12-09 20:55:17.722925
2007-09-24,19:00,48.0,,39.8,73.1,0.01,E@1.6,2.4,71.0,0.0,0,"College Place, Walla Walla County",300133,College Place,2017-12-09 20:55:17.722925
2007-09-24,19:15,47.1,,38.3,71.1,0.01,SE@1.1,2.4,70.9,0.0,0,"College Place, Walla Walla County",300133,College Place,2017-12-09 20:55:17.722925
2007-09-24,19:30,46.2,,38.1,73.2,0.02,E@2.0,2.9,70.7,0.0,0,"College Place, Walla Walla County",300133,College Place,2017-12-09 20:55:17.722925
2007-09-24,19:45,44.5,,37.5,76.2,0.02,E@2.0,2.6,70.5,0.0,0,"College Place, Walla Walla County",300133,College Place,2017-12-09 20:55:17.722925
2007-09-24,20:00,42.5,,36.5,79.0,0.02,E@2.0,2.6,70.3,0.0,0,"College Place, Walla Walla County",300133,College Place,2017-12-09 20:55:17.722925
2007-09-24,20:15,41.4,,36.4,82.3,0.02,NE@1.9,2.4,70.2,0.0,0,"College Place, Walla Walla County",300133,College Place,2017-12-09 20:55:17.722925
2007-09-24,20:30,41.1,,36.8,84.5,0.02,E@1.7,2.6,70.0,0.0,0,"College Place, Walla Walla County",300133,College Place,2017-12-09 20:55:17.722925
2007-09-24,20:45,41.1,,36.7,83.9,0.02,NE@1.7,2.2,69.8,0.0,0,"College Place, Walla Walla County",300133,College Place,2017-12-09 20:55:17.722925
2007-09-24,21:00,40.5,,36.3,85.0,0.02,E@1.9,2.8,69.6,0.0,0,"College Place, Walla Walla County",300133,College Place,2017-12-09 20:55:17.722925
2007-09-24,21:15,40.0,,36.1,85.8,0.02,E@1.0,1.9,69.2,0.0,0,"College Place, Walla Walla County",300133,College Place,2017-12-09 20:55:17.722925
2007-09-24,21:30,39.6,,36.3,87.9,0.03,E@1.2,3.1,69.0,0.0,0,"College Place, Walla Walla County",300133,College Place,2017-12-09 20:55:17.722925
2007-09-24,21:45,39.6,,36.5,88.6,0.03,E@0.5,2.2,68.6,0.0,0,"College Place, Walla Walla County",300133,College Place,2017-12-09 20:55:17.722925
2007-09-24,22:00,39.2,,36.5,89.8,0.04,E@0.6,2.2,68.3,0.0,0,"College Place, Walla Walla County",300133,College Place,2017-12-09 20:55:17.722925
2007-09-24,22:15,39.3,,36.5,89.6,0.03,E@0.4,1.7,68.0,0.0,0,"College Place, Walla Walla County",300133,College Place,2017-12-09 20:55:17.722925
2007-09-24,22:30,39.5,,36.4,88.4,0.03,NE@1.0,2.1,67.7,0.0,0,"College Place, Walla Walla County",300133,College Place,2017-12-09 20:55:17.722925
2007-09-24,22:45,38.4,,35.6,89.5,0.04,E@0.6,1.4,67.3,0.0,0,"College Place, Walla Walla County",300133,College Place,2017-12-09 20:55:17.722925
2007-09-24,23:00,38.4,,36.3,92.0,0.04,E@0.6,1.4,66.8,0.0,0,"College Place, Walla Walla County",300133,College Place,2017-12-09 20:55:17.722925
2007-09-25,23:15,38.4,,35.8,90.2,0.04,E@1.4,2.2,66.5,0.0,0,"College Place, Walla Walla County",300133,College Place,2017-12-09 20:55:17.722925
2007-09-25,23:30,38.1,,35.8,91.1,0.04,E@1.4,2.4,65.9,0.0,0,"College Place, Walla Walla County",300133,College Place,2017-12-09 20:55:17.722925
2007-09-25,23:45,37.6,,35.5,91.9,0.05,E@1.3,2.4,65.2,0.0,0,"College Place, Walla Walla County",300133,College Place,2017-12-09 20:55:17.722925
2007-09-25,24:00,37.3,,35.7,93.8,0.06,E@0.7,1.7,64.6,0.0,0,"College Place, Walla Walla County",300133,College Place,2017-12-09 20:55:17.722925
2007-09-25,00:15,37.7,,36.4,95.0,0.07,E@0.8,1.6,64.1,0.0,0,"College Place, Walla Walla County",300133,College Place,2017-12-09 20:55:17.722925
2007-09-25,00:30,37.9,,36.2,93.4,0.05,E@0.8,1.6,63.5,0.0,0,"College Place, Walla Walla County",300133,College Place,2017-12-09 20:55:17.722925
2007-09-25,00:45,37.6,,35.8,93.3,0.05,E@0.7,1.6,63.1,0.0,0,"College Place, Walla Walla County",300133,College Place,2017-12-09 20:55:17.722925
2007-09-25,01:00,37.3,,35.4,92.8,0.06,E@0.4,1.4,62.5,0.0,0,"College Place, Walla Walla County",300133,College Place,2017-12-09 20:55:17.722925
2007-09-25,01:15,36.9,,35.4,94.2,0.07,E@0.8,1.6,62.1,0.0,0,"College Place, Walla Walla County",300133,College Place,2017-12-09 20:55:17.722925
2007-09-25,01:30,37.1,,35.7,94.7,0.06,E@0.9,1.7,61.7,0.0,0,"College Place, Walla Walla County",300133,College Place,2017-12-09 20:55:17.722925
2007-09-25,01:45,37.1,,35.7,94.4,0.06,E@0.3,1.4,61.2,0.0,0,"College Place, Walla Walla County",300133,College Place,2017-12-09 20:55:17.722925
2007-09-25,02:00,36.9,,35.7,95.3,0.07,NE@0.2,1.7,60.7,0.0,0,"College Place, Walla Walla County",300133,College Place,2017-12-09 20:55:17.722925
2007-09-25,02:15,36.2,,35.1,95.5,0.09,E@0.3,1.6,60.1,0.0,0,"College Place, Walla Walla County",300133,College Place,2017-12-09 20:55:17.722925
2007-09-25,02:30,36.5,,35.5,96.3,0.08,E@0.0,0.5,59.6,0.0,0,"College Place, Walla Walla County",300133,College Place,2017-12-09 20:55:17.722925
2007-09-25,02:45,36.0,,34.8,95.4,0.08,E@0.5,1.9,58.8,0.0,0,"College Place, Walla Walla County",300133,College Place,2017-12-09 20:55:17.722925
2007-09-25,03:00,36.2,,35.5,97.3,0.08,E@1.2,2.4,58.2,0.0,0,"College Place, Walla Walla County",300133,College Place,2017-12-09 20:55:17.722925
2007-09-25,03:15,36.6,,35.8,96.9,0.11,NE@1.6,2.6,57.5,0.0,0,"College Place, Walla Walla County",300133,College Place,2017-12-09 20:55:17.722925
2007-09-25,03:30,36.5,,35.8,97.4,0.13,E@1.6,2.6,56.7,0.0,0,"College Place, Walla Walla County",300133,College Place,2017-12-09 20:55:17.722925
2007-09-25,03:45,37.2,,36.1,95.9,0.07,E@1.1,2.6,56.1,0.0,0,"College Place, Walla Walla County",300133,College Place,2017-12-09 20:55:17.722925
2007-09-25,04:00,37.2,,35.8,94.7,0.07,NE@1.2,2.2,55.4,0.0,0,"College Place, Walla Walla County",300133,College Place,2017-12-09 20:55:17.722925
2007-09-25,04:15,36.9,,35.7,95.3,0.08,NE@1.0,1.7,54.6,0.0,0,"College Place, Walla Walla County",300133,College Place,2017-12-09 20:55:17.722925
2007-09-25,04:30,37.8,,36.9,96.4,0.06,SE@1.0,2.4,53.7,0.0,0,"College Place, Walla Walla County",300133,College Place,2017-12-09 20:55:17.722925
2007-09-25,04:45,40.1,,37.9,91.5,0.03,E@0.5,1.9,52.8,0.0,0,"College Place, Walla Walla County",300133,College Place,2017-12-09 20:55:17.722925
2007-09-25,05:00,40.6,,36.6,85.5,0.02,E@0.4,1.4,51.9,0.0,0,"College Place, Walla Walla County",300133,College Place,2017-12-09 20:55:17.722925
2007-09-25,05:15,40.2,,36.0,84.7,0.02,E@0.9,1.6,51.2,0.0,0,"College Place, Walla Walla County",300133,College Place,2017-12-09 20:55:17.722925
2007-09-25,05:30,41.4,,37.7,86.7,0.02,S@1.0,2.6,50.3,0.0,0,"College Place, Walla Walla County",300133,College Place,2017-12-09 20:55:17.722925
2007-09-25,05:45,42.7,,37.8,82.5,0.02,E@0.9,2.2,49.5,0.0,0,"College Place, Walla Walla County",300133,College Place,2017-12-09 20:55:17.722925
2007-09-25,06:00,41.6,,37.3,84.6,0.02,SE@0.2,1.2,48.8,0.0,0,"College Place, Walla Walla County",300133,College Place,2017-12-09 20:55:17.722925
2007-09-25,06:15,42.1,,37.4,83.5,0.02,E@1.3,2.2,48.0,0.0,0,"College Place, Walla Walla County",300133,College Place,2017-12-09 20:55:17.722925
2007-09-25,06:30,41.8,,38.0,86.3,0.02,NE@1.1,2.4,47.3,0.0,6,"College Place, Walla Walla County",300133,College Place,2017-12-09 20:55:17.722925
2007-09-25,06:45,43.0,,40.2,89.8,0.02,E@0.4,1.7,46.5,0.0,55,"College Place, Walla Walla County",300133,College Place,2017-12-09 20:55:17.722925
2007-09-25,07:00,46.4,,42.3,85.5,0.02,SE@0.4,1.6,45.9,0.0,95,"College Place, Walla Walla County",300133,College Place,2017-12-09 20:55:17.722925
2007-09-25,07:15,50.3,,43.8,78.1,0.02,S@0.1,1.0,45.5,0.0,142,"College Place, Walla Walla County",300133,College Place,2017-12-09 20:55:17.722925
2007-09-25,07:30,55.4,,42.9,62.8,0.01,SE@0.5,2.4,45.2,0.0,185,"College Place, Walla Walla County",300133,College Place,2017-12-09 20:55:17.722925
2007-09-25,07:45,59.5,,43.5,55.2,0.01,S@0.1,1.0,45.0,0.0,230,"College Place, Walla Walla County",300133,College Place,2017-12-09 20:55:17.722925
2007-09-25,08:00,63.0,,44.7,51.2,0.01,W@0.1,0.9,45.0,0.0,274,"College Place, Walla Walla County",300133,College Place,2017-12-09 20:55:17.722925
2007-09-25,08:15,65.6,,45.8,48.7,0.01,SW@0.5,2.6,45.1,0.0,318,"College Place, Walla Walla County",300133,College Place,2017-12-09 20:55:17.722925
2007-09-25,08:30,67.5,,43.3,41.5,0.01,S@1.4,3.1,45.1,0.0,363,"College Place, Walla Walla County",300133,College Place,2017-12-09 20:55:17.722925
2007-09-25,08:45,69.3,,43.3,39.0,0.01,S@1.4,3.3,45.2,0.0,406,"College Place, Walla Walla County",300133,College Place,2017-12-09 20:55:17.722925
2007-09-25,09:00,71.3,,43.3,36.3,0.01,SW@2.8,5.9,45.4,0.0,445,"College Place, Walla Walla County",300133,College Place,2017-12-09 20:55:17.722925
2007-09-25,09:15,71.7,,46.8,41.0,0.0,NW@3.7,7.4,46.0,0.0,484,"College Place, Walla Walla County",300133,College Place,2017-12-09 20:55:17.722925
2007-09-25,09:30,72.8,,45.4,37.5,0.0,W@3.1,6.0,46.6,0.0,518,"College Place, Walla Walla County",300133,College Place,2017-12-09 20:55:17.722925
2007-09-25,09:45,75.0,,44.4,33.5,0.0,SW@2.4,5.9,47.1,0.0,551,"College Place, Walla Walla County",300133,College Place,2017-12-09 20:55:17.722925
2007-09-25,10:00,75.9,,42.1,29.7,0.0,SW@2.8,5.4,47.6,0.0,581,"College Place, Walla Walla County",300133,College Place,2017-12-09 20:55:17.722925
2007-09-25,10:15,77.4,,42.1,28.3,0.0,SW@3.1,6.4,48.2,0.0,608,"College Place, Walla Walla County",300133,College Place,2017-12-09 20:55:17.722925
2007-09-25,10:30,76.7,,41.3,28.1,0.0,SW@3.3,6.4,48.6,0.0,632,"College Place, Walla Walla County",300133,College Place,2017-12-09 20:55:17.722925
2007-09-25,10:45,77.4,,42.2,28.5,0.0,W@4.0,7.4,49.5,0.0,652,"College Place, Walla Walla County",300133,College Place,2017-12-09 20:55:17.722925
2007-09-25,11:00,78.8,,42.2,27.2,0.0,W@3.5,6.6,50.4,0.0,667,"College Place, Walla Walla County",300133,College Place,2017-12-09 20:55:17.722925
2007-09-25,11:15,80.6,,43.2,26.5,0.0,W@3.9,11.2,51.5,0.0,677,"College Place, Walla Walla County",300133,College Place,2017-12-09 20:55:17.722925
2007-09-25,11:30,80.0,,42.0,25.9,0.0,W@3.8,9.2,52.3,0.0,683,"College Place, Walla Walla County",300133,College Place,2017-12-09 20:55:17.722925
2007-09-25,11:45,80.4,,43.2,26.8,0.0,W@5.1,8.6,53.5,0.0,689,"College Place, Walla Walla County",300133,College Place,2017-12-09 20:55:17.722925
2007-09-25,12:00,79.0,,43.8,28.7,0.0,W@6.5,10.0,54.5,0.0,690,"College Place, Walla Walla County",300133,College Place,2017-12-09 20:55:17.722925
2007-09-25,12:15,77.7,,42.8,28.8,0.0,W@6.2,10.2,55.4,0.0,685,"College Place, Walla Walla County",300133,College Place,2017-12-09 20:55:17.722925
2007-09-25,12:30,80.5,,41.6,25.1,0.0,W@5.2,8.6,56.6,0.0,678,"College Place, Walla Walla County",300133,College Place,2017-12-09 20:55:17.722925
2007-09-25,12:45,82.3,,41.5,23.6,0.0,W@4.9,10.7,57.8,0.0,667,"College Place, Walla Walla County",300133,College Place,2017-12-09 20:55:17.722925
2007-09-25,13:00,81.6,,43.0,25.5,0.0,W@6.4,11.1,58.9,0.0,655,"College Place, Walla Walla County",300133,College Place,2017-12-09 20:55:17.722925
2007-09-25,13:15,80.9,,41.9,25.0,0.0,W@4.4,9.2,59.9,0.0,637,"College Place, Walla Walla County",300133,College Place,2017-12-09 20:55:17.722925
2007-09-25,13:30,82.9,,42.7,24.2,0.0,W@4.9,10.7,61.0,0.0,614,"College Place, Walla Walla County",300133,College Place,2017-12-09 20:55:17.722925
2007-09-25,13:45,81.7,,43.1,25.7,0.0,W@5.6,9.7,61.9,0.0,590,"College Place, Walla Walla County",300133,College Place,2017-12-09 20:55:17.722925
2007-09-25,14:00,79.0,,41.7,26.5,0.0,W@6.5,9.9,62.7,0.0,564,"College Place, Walla Walla County",300133,College Place,2017-12-09 20:55:17.722925
2007-09-25,14:15,78.9,,42.7,27.7,0.0,NW@5.7,8.6,63.8,0.0,531,"College Place, Walla Walla County",300133,College Place,2017-12-09 20:55:17.722925
2007-09-25,14:30,79.8,,42.0,26.1,0.0,W@4.3,8.3,64.8,0.0,495,"College Place, Walla Walla County",300133,College Place,2017-12-09 20:55:17.722925
2007-09-25,14:45,81.4,,43.3,26.0,0.0,W@4.1,7.1,65.7,0.0,457,"College Place, Walla Walla County",300133,College Place,2017-12-09 20:55:17.722925
2007-09-25,15:00,81.5,,45.4,28.1,0.0,NW@3.8,6.7,66.6,0.0,416,"College Place, Walla Walla County",300133,College Place,2017-12-09 20:55:17.722925
2007-09-25,15:15,81.2,,43.1,26.0,0.0,W@3.3,7.4,67.6,0.0,373,"College Place, Walla Walla County",300133,College Place,2017-12-09 20:55:17.722925
2007-09-25,15:30,79.7,,45.4,29.9,0.0,W@4.1,7.3,68.2,0.0,329,"College Place, Walla Walla County",300133,College Place,2017-12-09 20:55:17.722925
2007-09-25,15:45,77.8,,45.3,31.6,0.01,W@4.5,9.5,68.8,0.0,285,"College Place, Walla Walla County",300133,College Place,2017-12-09 20:55:17.722925
2007-09-25,16:00,76.8,,45.4,32.7,0.01,W@3.9,7.6,69.5,0.0,241,"College Place, Walla Walla County",300133,College Place,2017-12-09 20:55:17.722925
2007-09-25,16:15,75.6,,46.7,35.9,0.01,W@4.7,7.3,70.2,0.0,198,"College Place, Walla Walla County",300133,College Place,2017-12-09 20:55:17.722925
2007-09-25,16:30,73.5,,47.2,39.2,0.01,W@3.7,8.3,70.8,0.0,156,"College Place, Walla Walla County",300133,College Place,2017-12-09 20:55:17.722925
2007-09-25,16:45,72.7,,50.7,45.9,0.01,NW@2.1,4.3,71.4,0.0,112,"College Place, Walla Walla County",300133,College Place,2017-12-09 20:55:17.722925
2007-09-25,17:00,71.0,,51.4,49.8,0.01,NW@1.4,5.0,71.9,0.0,64,"College Place, Walla Walla County",300133,College Place,2017-12-09 20:55:17.722925
2007-09-25,17:15,69.1,,51.0,52.5,0.01,NW@0.4,2.1,72.5,0.0,15,"College Place, Walla Walla County",300133,College Place,2017-12-09 20:55:17.722925
2007-09-25,17:30,67.0,,46.8,48.2,0.01,NW@0.3,1.4,72.7,0.0,0,"College Place, Walla Walla County",300133,College Place,2017-12-09 20:55:17.722925
2007-09-25,17:45,65.2,,45.9,49.5,0.01,SE@0.0,0.2,73.2,0.0,0,"College Place, Walla Walla County",300133,College Place,2017-12-09 20:55:17.722925
2007-09-25,18:00,61.3,,46.6,58.4,0.01,E@0.3,1.7,73.5,0.0,0,"College Place, Walla Walla County",300133,College Place,2017-12-09 20:55:17.722925
2007-09-25,18:15,57.2,,46.0,66.1,0.01,E@1.9,2.4,73.7,0.0,0,"College Place, Walla Walla County",300133,College Place,2017-12-09 20:55:17.722925
2007-09-25,18:30,55.0,,46.2,71.9,0.01,E@1.3,2.2,73.9,0.0,0,"College Place, Walla Walla County",300133,College Place,2017-12-09 20:55:17.722925
2007-09-25,18:45,55.6,,46.0,70.1,0.01,SE@1.7,4.8,74.1,0.0,0,"College Place, Walla Walla County",300133,College Place,2017-12-09 20:55:17.722925
2007-09-25,19:00,57.4,,45.1,63.4,0.01,E@1.2,2.9,74.1,0.0,0,"College Place, Walla Walla County",300133,College Place,2017-12-09 20:55:17.722925
2007-09-25,19:15,56.0,,44.9,66.2,0.01,NE@1.7,3.6,74.2,0.0,0,"College Place, Walla Walla County",300133,College Place,2017-12-09 20:55:17.722925
2007-09-25,19:30,54.3,,44.4,68.9,0.01,E@0.9,3.1,74.4,0.0,0,"College Place, Walla Walla County",300133,College Place,2017-12-09 20:55:17.722925
2007-09-25,19:45,54.4,,44.2,68.3,0.01,E@0.9,2.6,74.3,0.0,0,"College Place, Walla Walla County",300133,College Place,2017-12-09 20:55:17.722925
2007-09-25,20:00,54.6,,44.4,68.4,0.01,E@0.9,2.1,74.3,0.0,0,"College Place, Walla Walla County",300133,College Place,2017-12-09 20:55:17.722925
2007-09-25,20:15,53.1,,44.3,71.9,0.01,E@1.2,2.8,74.2,0.0,0,"College Place, Walla Walla County",300133,College Place,2017-12-09 20:55:17.722925
2007-09-25,20:30,51.7,,44.3,75.6,0.01,NE@0.7,2.6,74.0,0.0,0,"College Place, Walla Walla County",300133,College Place,2017-12-09 20:55:17.722925
2007-09-25,20:45,51.5,,44.5,76.7,0.02,NE@0.7,2.6,73.9,0.0,0,"College Place, Walla Walla County",300133,College Place,2017-12-09 20:55:17.722925
2007-09-25,21:00,51.0,,44.6,78.4,0.02,NE@0.8,2.1,73.8,0.0,0,"College Place, Walla Walla County",300133,College Place,2017-12-09 20:55:17.722925
2007-09-25,21:15,50.5,,43.9,77.9,0.02,SE@0.5,1.9,73.7,0.0,0,"College Place, Walla Walla County",300133,College Place,2017-12-09 20:55:17.722925
2007-09-25,21:30,50.4,,44.6,80.3,0.02,E@0.4,1.7,73.6,0.0,0,"College Place, Walla Walla County",300133,College Place,2017-12-09 20:55:17.722925
2007-09-25,21:45,49.7,,44.4,81.8,0.02,E@0.1,0.7,73.6,0.0,0,"College Place, Walla Walla County",300133,College Place,2017-12-09 20:55:17.722925
2007-09-25,22:00,49.7,,44.5,82.3,0.02,E@1.4,2.6,73.6,0.0,0,"College Place, Walla Walla County",300133,College Place,2017-12-09 20:55:17.722925
2007-09-25,22:15,48.8,,44.4,84.9,0.02,E@1.5,2.6,73.3,0.0,0,"College Place, Walla Walla County",300133,College Place,2017-12-09 20:55:17.722925
2007-09-25,22:30,48.6,,44.8,86.7,0.03,SE@0.7,2.8,73.2,0.0,0,"College Place, Walla Walla County",300133,College Place,2017-12-09 20:55:17.722925
2007-09-25,22:45,50.0,,45.7,85.0,0.02,S@0.4,3.1,73.0,0.0,0,"College Place, Walla Walla County",300133,College Place,2017-12-09 20:55:17.722925
2007-09-25,23:00,50.1,,45.3,83.6,0.03,NE@0.2,1.2,72.8,0.0,0,"College Place, Walla Walla County",300133,College Place,2017-12-09 20:55:17.722925
2007-09-26,23:15,49.2,,44.5,83.7,0.03,E@1.4,2.4,72.6,0.0,0,"College Place, Walla Walla County",300133,College Place,2017-12-09 20:55:17.722925
2007-09-26,23:30,47.9,,44.2,86.8,0.05,E@0.8,1.4,72.3,0.0,0,"College Place, Walla Walla County",300133,College Place,2017-12-09 20:55:17.722925
2007-09-26,23:45,47.0,,43.5,87.3,0.05,E@1.3,3.1,72.0,0.0,0,"College Place, Walla Walla County",300133,College Place,2017-12-09 20:55:17.722925
2007-09-26,24:00,46.2,,43.7,91.1,0.09,E@1.1,2.6,71.6,0.0,0,"College Place, Walla Walla County",300133,College Place,2017-12-09 20:55:17.722925
2007-09-26,00:15,45.6,,43.4,91.8,0.15,E@1.4,2.1,71.3,0.0,0,"College Place, Walla Walla County",300133,College Place,2017-12-09 20:55:17.722925
2007-09-26,00:30,44.9,,43.2,93.8,0.16,E@1.1,2.1,71.0,0.0,0,"College Place, Walla Walla County",300133,College Place,2017-12-09 20:55:17.722925
2007-09-26,00:45,45.5,,44.1,94.8,0.14,NE@0.3,1.7,70.7,0.0,0,"College Place, Walla Walla County",300133,College Place,2017-12-09 20:55:17.722925
2007-09-26,01:00,45.5,,43.8,93.6,0.18,NE@1.0,2.1,70.5,0.0,0,"College Place, Walla Walla County",300133,College Place,2017-12-09 20:55:17.722925
2007-09-26,01:15,44.7,,43.1,94.3,0.26,E@1.0,1.7,70.3,0.0,0,"College Place, Walla Walla County",300133,College Place,2017-12-09 20:55:17.722925
2007-09-26,01:30,44.1,,42.9,95.5,0.35,NE@0.8,1.9,70.1,0.0,0,"College Place, Walla Walla County",300133,College Place,2017-12-09 20:55:17.722925
2007-09-26,01:45,44.5,,43.7,96.9,0.35,E@0.4,1.7,69.8,0.0,0,"College Place, Walla Walla County",300133,College Place,2017-12-09 20:55:17.722925
2007-09-26,02:00,45.4,,44.6,96.9,0.25,SE@0.1,1.7,69.5,0.0,0,"College Place, Walla Walla County",300133,College Place,2017-12-09 20:55:17.722925
2007-09-26,02:15,46.0,,44.7,95.1,0.18,SE@0.6,1.9,69.3,0.0,0,"College Place, Walla Walla County",300133,College Place,2017-12-09 20:55:17.722925
2007-09-26,02:30,46.9,,45.3,94.0,0.13,SE@1.8,3.8,69.1,0.0,0,"College Place, Walla Walla County",300133,College Place,2017-12-09 20:55:17.722925
2007-09-26,02:45,48.4,,45.4,89.3,0.06,S@2.5,4.7,68.9,0.0,0,"College Place, Walla Walla County",300133,College Place,2017-12-09 20:55:17.722925
2007-09-26,03:00,49.1,,45.1,85.8,0.04,S@2.7,4.7,68.7,0.0,0,"College Place, Walla Walla County",300133,College Place,2017-12-09 20:55:17.722925
2007-09-26,03:15,49.8,,44.9,83.1,0.02,S@3.0,4.8,68.6,0.0,0,"College Place, Walla Walla County",300133,College Place,2017-12-09 20:55:17.722925
2007-09-26,03:30,50.5,,44.9,80.9,0.02,S@2.4,4.1,68.5,0.0,0,"College Place, Walla Walla County",300133,College Place,2017-12-09 20:55:17.722925
2007-09-26,03:45,49.9,,44.3,80.7,0.02,S@0.6,1.7,68.4,0.0,0,"College Place, Walla Walla County",300133,College Place,2017-12-09 20:55:17.722925
2007-09-26,04:00,48.9,,43.6,81.9,0.03,NE@0.1,0.5,68.1,0.0,0,"College Place, Walla Walla County",300133,College Place,2017-12-09 20:55:17.722925
2007-09-26,04:15,47.0,,42.6,84.4,0.06,NE@0.4,1.9,67.9,0.0,0,"College Place, Walla Walla County",300133,College Place,2017-12-09 20:55:17.722925
2007-09-26,04:30,45.4,,41.8,86.9,0.08,E@1.2,2.2,67.8,0.0,0,"College Place, Walla Walla County",300133,College Place,2017-12-09 20:55:17.722925
2007-09-26,04:45,43.6,,41.1,90.6,0.14,E@0.7,2.2,67.7,0.0,0,"College Place, Walla Walla County",300133,College Place,2017-12-09 20:55:17.722925
2007-09-26,05:00,43.5,,41.8,93.5,0.15,E@0.2,1.0,67.4,0.0,0,"College Place, Walla Walla County",300133,College Place,2017-12-09 20:55:17.722925
2007-09-26,05:15,43.1,,41.5,94.1,0.21,NE@1.2,2.1,67.2,0.0,0,"College Place, Walla Walla County",300133,College Place,2017-12-09 20:55:17.722925
2007-09-26,05:30,42.2,,40.9,95.1,0.29,E@1.4,2.1,66.9,0.0,0,"College Place, Walla Walla County",300133,College Place,2017-12-09 20:55:17.722925
2007-09-26,05:45,41.5,,40.5,96.0,0.33,NE@1.0,2.1,66.7,0.0,0,"College Place, Walla Walla County",300133,College Place,2017-12-09 20:55:17.722925
2007-09-26,06:00,41.2,,40.5,97.4,0.42,E@0.9,1.9,66.6,0.0,0,"College Place, Walla Walla County",300133,College Place,2017-12-09 20:55:17.722925
2007-09-26,06:15,41.5,,41.3,99.3,0.44,E@0.9,2.1,66.3,0.0,0,"College Place, Walla Walla County",300133,College Place,2017-12-09 20:55:17.722925
2007-09-26,06:30,42.4,,42.4,99.9,0.42,NE@1.1,2.1,66.0,0.0,7,"College Place, Walla Walla County",300133,College Place,2017-12-09 20:55:17.722925
2007-09-26,06:45,44.4,,44.4,100.0,0.28,NE@0.8,1.7,65.6,0.0,69,"College Place, Walla Walla County",300133,College Place,2017-12-09 20:55:17.722925
2007-09-26,07:00,47.3,,47.3,100.0,0.08,NE@0.2,1.4,65.3,0.0,80,"College Place, Walla Walla County",300133,College Place,2017-12-09 20:55:17.722925
2007-09-26,07:15,49.9,,49.1,97.1,0.02,E@0.3,1.4,64.9,0.0,134,"College Place, Walla Walla County",300133,College Place,2017-12-09 20:55:17.722925
2007-09-26,07:30,53.5,,49.8,86.9,0.01,SE@0.1,1.7,64.7,0.0,176,"College Place, Walla Walla County",300133,College Place,2017-12-09 20:55:17.722925
2007-09-26,07:45,57.7,,50.4,76.5,0.01,SW@0.1,0.7,64.8,0.0,225,"College Place, Walla Walla County",300133,College Place,2017-12-09 20:55:17.722925
2007-09-26,08:00,61.3,,51.2,69.3,0.01,NW@0.6,2.2,64.8,0.0,272,"College Place, Walla Walla County",300133,College Place,2017-12-09 20:55:17.722925
2007-09-26,08:15,64.0,,51.0,62.5,0.01,NW@0.8,2.8,64.7,0.0,288,"College Place, Walla Walla County",300133,College Place,2017-12-09 20:55:17.722925
2007-09-26,08:30,65.9,,51.0,58.5,0.01,W@1.3,2.6,64.6,0.0,359,"College Place, Walla Walla County",300133,College Place,2017-12-09 20:55:17.722925
2007-09-26,08:45,68.1,,50.3,52.8,0.01,NW@1.5,3.1,64.6,0.0,392,"College Place, Walla Walla County",300133,College Place,2017-12-09 20:55:17.722925
2007-09-26,09:00,70.5,,50.1,48.2,0.01,W@1.7,5.2,64.5,0.0,433,"College Place, Walla Walla County",300133,College Place,2017-12-09 20:55:17.722925
2007-09-26,09:15,72.2,,50.6,46.6,0.01,NW@2.1,4.3,64.5,0.0,472,"College Place, Walla Walla County",300133,College Place,2017-12-09 20:55:17.722925
2007-09-26,09:30,73.1,,50.9,45.6,0.01,NW@1.8,4.7,64.6,0.0,510,"College Place, Walla Walla County",300133,College Place,2017-12-09 20:55:17.722925
2007-09-26,09:45,75.2,,50.2,41.5,0.01,NW@1.8,3.6,64.7,0.0,539,"College Place, Walla Walla County",300133,College Place,2017-12-09 20:55:17.722925
2007-09-26,10:00,76.4,,50.9,40.9,0.01,NW@2.2,4.1,64.7,0.0,583,"College Place, Walla Walla County",300133,College Place,2017-12-09 20:55:17.722925
2007-09-26,10:15,77.6,,50.6,38.8,0.01,NW@1.2,4.1,65.0,0.0,566,"College Place, Walla Walla County",300133,College Place,2017-12-09 20:55:17.722925
2007-09-26,10:30,79.0,,50.4,36.8,0.01,NW@1.7,5.4,65.2,0.0,593,"College Place, Walla Walla County",300133,College Place,2017-12-09 20:55:17.722925
2007-09-26,10:45,79.3,,50.9,37.1,0.0,NW@2.4,5.0,65.3,0.0,634,"College Place, Walla Walla County",300133,College Place,2017-12-09 20:55:17.722925
2007-09-26,11:00,80.1,,49.9,35.0,0.0,W@1.6,4.7,65.6,0.0,651,"College Place, Walla Walla County",300133,College Place,2017-12-09 20:55:17.722925
2007-09-26,11:15,81.7,,51.2,34.8,0.0,W@2.4,5.4,65.9,0.0,667,"College Place, Walla Walla County",300133,College Place,2017-12-09 20:55:17.722925
2007-09-26,11:30,82.7,,49.2,31.3,0.0,W@2.9,5.5,66.1,0.0,673,"College Place, Walla Walla County",300133,College Place,2017-12-09 20:55:17.722925
2007-09-26,11:45,82.2,,49.9,32.6,0.0,W@4.1,7.8,66.1,0.0,676,"College Place, Walla Walla County",300133,College Place,2017-12-09 20:55:17.722925
2007-09-26,12:00,82.2,,49.1,31.6,0.0,W@3.5,8.1,66.3,0.0,676,"College Place, Walla Walla County",300133,College Place,2017-12-09 20:55:17.722925
2007-09-26,12:15,81.9,,50.4,33.5,0.0,NW@2.9,6.0,66.8,0.0,672,"College Place, Walla Walla County",300133,College Place,2017-12-09 20:55:17.722925
2007-09-26,12:30,83.5,,50.2,31.5,0.0,W@3.2,6.6,67.4,0.0,667,"College Place, Walla Walla County",300133,College Place,2017-12-09 20:55:17.722925
2007-09-26,12:45,83.1,,49.9,31.5,0.0,W@2.2,6.7,67.8,0.0,655,"College Place, Walla Walla County",300133,College Place,2017-12-09 20:55:17.722925
2007-09-26,13:00,86.2,,50.0,28.7,0.0,W@2.8,7.3,68.6,0.0,642,"College Place, Walla Walla County",300133,College Place,2017-12-09 20:55:17.722925
2007-09-26,13:15,87.6,,48.7,26.2,0.0,SW@2.0,6.0,69.0,0.0,624,"College Place, Walla Walla County",300133,College Place,2017-12-09 20:55:17.722925
2007-09-26,13:30,87.7,,49.9,27.2,0.0,W@3.6,8.8,69.4,0.0,601,"College Place, Walla Walla County",300133,College Place,2017-12-09 20:55:17.722925
2007-09-26,13:45,83.0,,52.2,34.5,0.0,NW@4.7,7.9,69.7,0.0,575,"College Place, Walla Walla County",300133,College Place,2017-12-09 20:55:17.722925
2007-09-26,14:00,80.0,,50.8,36.2,0.0,NW@4.2,7.3,70.6,0.0,547,"College Place, Walla Walla County",300133,College Place,2017-12-09 20:55:17.722925
2007-09-26,14:15,80.5,,52.0,37.1,0.0,NW@2.9,6.7,71.4,0.0,516,"College Place, Walla Walla County",300133,College Place,2017-12-09 20:55:17.722925
2007-09-26,14:30,81.7,,51.9,35.6,0.0,NW@3.7,7.1,72.3,0.0,482,"College Place, Walla Walla County",300133,College Place,2017-12-09 20:55:17.722925
2007-09-26,14:45,81.2,,50.8,34.8,0.01,NW@3.0,6.4,72.8,0.0,444,"College Place, Walla Walla County",300133,College Place,2017-12-09 20:55:17.722925
2007-09-26,15:00,82.1,,52.7,36.2,0.03,NW@2.7,5.9,73.8,0.0,405,"College Place, Walla Walla County",300133,College Place,2017-12-09 20:55:17.722925
2007-09-26,15:15,80.6,,53.0,38.4,0.01,NW@2.1,4.8,74.4,0.0,361,"College Place, Walla Walla County",300133,College Place,2017-12-09 20:55:17.722925
2007-09-26,15:30,79.9,,53.4,39.9,0.01,NW@2.4,4.5,74.9,0.0,321,"College Place, Walla Walla County",300133,College Place,2017-12-09 20:55:17.722925
2007-09-26,15:45,79.7,,53.0,39.6,0.01,NW@1.4,4.0,75.3,0.0,278,"College Place, Walla Walla County",300133,College Place,2017-12-09 20:55:17.722925
2007-09-26,16:00,79.9,,50.5,35.7,0.01,W@1.7,4.0,75.9,0.0,233,"College Place, Walla Walla County",300133,College Place,2017-12-09 20:55:17.722925
2007-09-26,16:15,78.8,,48.9,35.0,0.01,W@1.9,4.3,76.5,0.0,187,"College Place, Walla Walla County",300133,College Place,2017-12-09 20:55:17.722925
2007-09-26,16:30,77.5,,52.5,41.7,0.01,NW@1.8,2.4,76.9,0.0,142,"College Place, Walla Walla County",300133,College Place,2017-12-09 20:55:17.722925
2007-09-26,16:45,75.7,,51.4,42.6,0.01,W@0.6,2.1,77.2,0.0,98,"College Place, Walla Walla County",300133,College Place,2017-12-09 20:55:17.722925
2007-09-26,17:00,73.5,,47.3,39.4,0.01,S@0.0,0.3,77.6,0.0,56,"College Place, Walla Walla County",300133,College Place,2017-12-09 20:55:17.722925
2007-09-26,17:15,71.1,,49.6,46.6,0.01,S@0.0,0.2,77.9,0.0,10,"College Place, Walla Walla County",300133,College Place,2017-12-09 20:55:17.722925
2007-09-26,17:30,69.0,,50.3,51.2,0.01,NE@0.2,1.2,78.2,0.0,0,"College Place, Walla Walla County",300133,College Place,2017-12-09 20:55:17.722925
2007-09-26,17:45,66.0,,48.3,52.7,0.01,E@0.1,0.9,78.2,0.0,0,"College Place, Walla Walla County",300133,College Place,2017-12-09 20:55:17.722925
2007-09-26,18:00,63.3,,48.1,57.6,0.01,E@0.7,1.7,78.3,0.0,0,"College Place, Walla Walla County",300133,College Place,2017-12-09 20:55:17.722925
2007-09-26,18:15,59.6,,47.3,63.9,0.01,E@0.3,1.0,78.4,0.0,0,"College Place, Walla Walla County",300133,College Place,2017-12-09 20:55:17.722925
2007-09-26,18:30,57.9,,46.9,66.8,0.01,E@1.0,1.9,78.4,0.0,0,"College Place, Walla Walla County",300133,College Place,2017-12-09 20:55:17.722925
2007-09-26,18:45,55.4,,47.2,73.8,0.01,E@1.7,2.8,78.2,0.0,0,"College Place, Walla Walla County",300133,College Place,2017-12-09 20:55:17.722925
2007-09-26,19:00,54.9,,46.7,73.8,0.01,SE@1.3,2.4,78.1,0.0,0,"College Place, Walla Walla County",300133,College Place,2017-12-09 20:55:17.722925
2007-09-26,19:15,54.7,,46.2,73.0,0.01,E@1.6,2.6,78.1,0.0,0,"College Place, Walla Walla County",300133,College Place,2017-12-09 20:55:17.722925
2007-09-26,19:30,53.4,,44.5,71.6,0.01,E@1.6,2.4,78.2,0.0,0,"College Place, Walla Walla County",300133,College Place,2017-12-09 20:55:17.722925
2007-09-26,19:45,53.6,,44.2,70.4,0.01,E@1.3,2.2,78.1,0.0,0,"College Place, Walla Walla County",300133,College Place,2017-12-09 20:55:17.722925
2007-09-26,20:00,52.4,,43.7,71.9,0.01,SE@0.9,1.7,77.8,0.0,0,"College Place, Walla Walla County",300133,College Place,2017-12-09 20:55:17.722925
2007-09-26,20:15,51.5,,42.9,72.4,0.01,SE@1.2,2.8,77.9,0.0,0,"College Place, Walla Walla County",300133,College Place,2017-12-09 20:55:17.722925
2007-09-26,20:30,51.5,,43.4,73.5,0.01,E@1.8,2.4,77.8,0.0,0,"College Place, Walla Walla County",300133,College Place,2017-12-09 20:55:17.722925
2007-09-26,20:45,49.9,,43.1,77.4,0.02,E@1.8,2.8,77.4,0.0,0,"College Place, Walla Walla County",300133,College Place,2017-12-09 20:55:17.722925
2007-09-26,21:00,48.9,,42.5,78.4,0.02,E@0.9,1.7,77.4,0.0,0,"College Place, Walla Walla County",300133,College Place,2017-12-09 20:55:17.722925
2007-09-26,21:15,48.2,,42.9,81.8,0.02,E@0.6,1.4,77.1,0.0,0,"College Place, Walla Walla County",300133,College Place,2017-12-09 20:55:17.722925
2007-09-26,21:30,47.9,,43.2,83.7,0.02,E@0.1,1.0,77.1,0.0,0,"College Place, Walla Walla County",300133,College Place,2017-12-09 20:55:17.722925
2007-09-26,21:45,47.5,,42.8,83.5,0.03,NE@0.6,1.9,76.8,0.0,0,"College Place, Walla Walla County",300133,College Place,2017-12-09 20:55:17.722925
2007-09-26,22:00,46.5,,42.0,84.2,0.03,NE@1.2,2.4,76.6,0.0,0,"College Place, Walla Walla County",300133,College Place,2017-12-09 20:55:17.722925
2007-09-26,22:15,45.7,,41.9,86.7,0.04,NE@0.2,1.2,76.3,0.0,0,"College Place, Walla Walla County",300133,College Place,2017-12-09 20:55:17.722925
2007-09-26,22:30,46.6,,42.7,86.0,0.03,NE@0.1,1.4,76.1,0.0,0,"College Place, Walla Walla County",300133,College Place,2017-12-09 20:55:17.722925
2007-09-26,22:45,46.8,,42.4,84.6,0.03,E@0.3,1.2,75.8,0.0,0,"College Place, Walla Walla County",300133,College Place,2017-12-09 20:55:17.722925
2007-09-26,23:00,46.6,,42.4,85.1,0.03,NE@0.1,1.2,75.4,0.0,0,"College Place, Walla Walla County",300133,College Place,2017-12-09 20:55:17.722925
2007-09-27,23:15,46.3,,42.3,85.7,0.03,E@0.6,1.7,75.2,0.0,0,"College Place, Walla Walla County",300133,College Place,2017-12-09 20:55:17.722925
2007-09-27,23:30,44.8,,41.1,86.7,0.04,NE@1.4,2.4,74.7,0.0,0,"College Place, Walla Walla County",300133,College Place,2017-12-09 20:55:17.722925
2007-09-27,23:45,43.8,,41.2,90.3,0.08,E@1.6,2.1,74.5,0.0,0,"College Place, Walla Walla County",300133,College Place,2017-12-09 20:55:17.722925
2007-09-27,24:00,43.2,,41.2,92.4,0.14,NE@0.9,1.7,74.2,0.0,0,"College Place, Walla Walla County",300133,College Place,2017-12-09 20:55:17.722925
