Date,Time PST,Air Temp °F, 2<sup>nd</sup> Air Temp °F, Dew Point °F, Rel Hum %, Leaf Wet u., Wind Dir @ Speed mph, Wind Gust mph, 8 in. Soil Tmp °F, Tot Prec in, Solar Rad W/m²,Location,Station ID,Station Name,Download Timestamp
2009-02-03,00:15,33.3,,33.0,98.9,0.86,SW@0.9,2.4,40.8,0.0,0,"Fir Island, Skagit County",330021,Fir Island,2017-12-09 15:41:17.873060
2009-02-03,00:30,33.7,,33.5,99.3,0.87,W@0.9,2.1,40.8,0.0,0,"Fir Island, Skagit County",330021,Fir Island,2017-12-09 15:41:17.873060
2009-02-03,00:45,34.0,,33.7,99.1,0.89,W@0.5,2.8,40.8,0.0,0,"Fir Island, Skagit County",330021,Fir Island,2017-12-09 15:41:17.873060
2009-02-03,01:00,33.7,,33.5,99.1,0.9,SW@0.9,2.8,40.7,0.0,0,"Fir Island, Skagit County",330021,Fir Island,2017-12-09 15:41:17.873060
2009-02-03,01:15,33.3,,33.1,99.2,0.91,SW@0.9,2.8,40.7,0.0,0,"Fir Island, Skagit County",330021,Fir Island,2017-12-09 15:41:17.873060
2009-02-03,01:30,33.9,,33.8,99.6,0.93,SW@1.3,2.8,40.7,0.0,0,"Fir Island, Skagit County",330021,Fir Island,2017-12-09 15:41:17.873060
2009-02-03,01:45,32.6,,32.4,99.2,0.93,E@1.6,3.5,40.7,0.0,0,"Fir Island, Skagit County",330021,Fir Island,2017-12-09 15:41:17.873060
2009-02-03,02:00,32.7,,32.7,99.8,0.94,E@1.4,3.1,40.6,0.0,0,"Fir Island, Skagit County",330021,Fir Island,2017-12-09 15:41:17.873060
2009-02-03,02:15,33.1,,33.0,99.6,0.95,SW@0.3,1.7,40.6,0.0,0,"Fir Island, Skagit County",330021,Fir Island,2017-12-09 15:41:17.873060
2009-02-03,02:30,33.1,,33.0,99.7,0.99,SE@0.8,2.1,40.6,0.0,0,"Fir Island, Skagit County",330021,Fir Island,2017-12-09 15:41:17.873060
2009-02-03,02:45,33.3,,33.2,99.6,1.0,NW@1.5,2.8,40.5,0.0,0,"Fir Island, Skagit County",330021,Fir Island,2017-12-09 15:41:17.873060
2009-02-03,03:00,33.1,,33.0,99.7,0.91,SW@1.6,4.2,40.5,0.0,0,"Fir Island, Skagit County",330021,Fir Island,2017-12-09 15:41:17.873060
2009-02-03,03:15,32.4,,32.3,99.8,0.75,E@1.4,2.8,40.5,0.0,0,"Fir Island, Skagit County",330021,Fir Island,2017-12-09 15:41:17.873060
2009-02-03,03:30,32.1,,32.0,99.8,0.6,S@1.0,2.4,40.5,0.0,0,"Fir Island, Skagit County",330021,Fir Island,2017-12-09 15:41:17.873060
2009-02-03,03:45,31.7,,31.5,99.7,0.59,SE@1.3,2.8,40.4,0.0,0,"Fir Island, Skagit County",330021,Fir Island,2017-12-09 15:41:17.873060
2009-02-03,04:00,32.3,,32.2,99.8,0.64,E@1.4,2.8,40.4,0.0,0,"Fir Island, Skagit County",330021,Fir Island,2017-12-09 15:41:17.873060
2009-02-03,04:15,32.9,,32.8,99.8,0.69,S@1.5,3.5,40.4,0.0,0,"Fir Island, Skagit County",330021,Fir Island,2017-12-09 15:41:17.873060
2009-02-03,04:30,32.2,,32.2,99.7,0.62,SW@0.5,2.8,40.3,0.0,0,"Fir Island, Skagit County",330021,Fir Island,2017-12-09 15:41:17.873060
2009-02-03,04:45,32.3,,32.2,99.8,0.6,E@0.8,2.4,40.3,0.0,0,"Fir Island, Skagit County",330021,Fir Island,2017-12-09 15:41:17.873060
2009-02-03,05:00,32.2,,32.2,99.8,0.61,E@1.4,2.8,40.3,0.0,0,"Fir Island, Skagit County",330021,Fir Island,2017-12-09 15:41:17.873060
2009-02-03,05:15,31.8,,31.6,99.8,0.6,SE@1.7,3.1,40.2,0.0,0,"Fir Island, Skagit County",330021,Fir Island,2017-12-09 15:41:17.873060
2009-02-03,05:30,31.4,,31.1,99.7,0.51,SW@0.6,1.7,40.2,0.0,0,"Fir Island, Skagit County",330021,Fir Island,2017-12-09 15:41:17.873060
2009-02-03,05:45,31.3,,31.1,99.8,0.57,E@2.0,3.5,40.2,0.0,0,"Fir Island, Skagit County",330021,Fir Island,2017-12-09 15:41:17.873060
2009-02-03,06:00,31.4,,31.2,99.8,0.6,NE@1.7,3.9,40.1,0.0,0,"Fir Island, Skagit County",330021,Fir Island,2017-12-09 15:41:17.873060
2009-02-03,06:15,31.3,,31.1,99.8,0.54,SW@1.1,2.4,40.1,0.0,0,"Fir Island, Skagit County",330021,Fir Island,2017-12-09 15:41:17.873060
2009-02-03,06:30,31.6,,31.4,99.8,0.58,NW@1.5,2.4,40.0,0.0,0,"Fir Island, Skagit County",330021,Fir Island,2017-12-09 15:41:17.873060
2009-02-03,06:45,32.0,,32.0,99.8,0.6,W@1.2,2.8,40.0,0.0,0,"Fir Island, Skagit County",330021,Fir Island,2017-12-09 15:41:17.873060
2009-02-03,07:00,31.2,,30.9,99.8,0.53,S@1.6,3.5,40.0,0.0,0,"Fir Island, Skagit County",330021,Fir Island,2017-12-09 15:41:17.873060
2009-02-03,07:15,30.7,,30.4,99.8,0.5,E@1.2,2.4,39.9,0.0,0,"Fir Island, Skagit County",330021,Fir Island,2017-12-09 15:41:17.873060
2009-02-03,07:30,30.5,,30.1,99.8,0.5,S@1.3,2.1,39.9,0.0,5,"Fir Island, Skagit County",330021,Fir Island,2017-12-09 15:41:17.873060
2009-02-03,07:45,31.1,,30.8,99.8,0.53,W@0.8,2.8,39.9,0.0,7,"Fir Island, Skagit County",330021,Fir Island,2017-12-09 15:41:17.873060
2009-02-03,08:00,31.8,,31.6,99.8,0.55,S@0.8,2.4,39.9,0.0,20,"Fir Island, Skagit County",330021,Fir Island,2017-12-09 15:41:17.873060
2009-02-03,08:15,31.6,,31.4,99.8,0.64,NE@2.1,3.5,39.8,0.0,41,"Fir Island, Skagit County",330021,Fir Island,2017-12-09 15:41:17.873060
2009-02-03,08:30,31.7,,31.4,99.8,0.69,E@2.4,3.9,39.8,0.0,79,"Fir Island, Skagit County",330021,Fir Island,2017-12-09 15:41:17.873060
2009-02-03,08:45,31.9,,31.7,99.8,0.79,NE@2.7,3.5,39.7,0.0,109,"Fir Island, Skagit County",330021,Fir Island,2017-12-09 15:41:17.873060
2009-02-03,09:00,33.5,,33.3,99.5,0.87,W@1.0,2.8,39.7,0.0,143,"Fir Island, Skagit County",330021,Fir Island,2017-12-09 15:41:17.873060
2009-02-03,09:15,34.5,,34.4,99.6,0.97,SW@0.9,2.8,39.7,0.0,174,"Fir Island, Skagit County",330021,Fir Island,2017-12-09 15:41:17.873060
2009-02-03,09:30,35.2,,34.8,98.5,1.0,S@2.6,3.9,39.7,0.0,214,"Fir Island, Skagit County",330021,Fir Island,2017-12-09 15:41:17.873060
2009-02-03,09:45,35.4,,35.0,98.7,1.0,SE@2.2,3.5,39.6,0.0,247,"Fir Island, Skagit County",330021,Fir Island,2017-12-09 15:41:17.873060
2009-02-03,10:00,36.1,,35.6,97.8,1.0,SE@3.0,4.2,39.6,0.0,256,"Fir Island, Skagit County",330021,Fir Island,2017-12-09 15:41:17.873060
2009-02-03,10:15,36.7,,36.1,97.8,1.0,SE@2.0,3.1,39.6,0.0,230,"Fir Island, Skagit County",330021,Fir Island,2017-12-09 15:41:17.873060
2009-02-03,10:30,37.6,,36.6,96.2,1.0,SE@2.6,3.9,39.5,0.0,264,"Fir Island, Skagit County",330021,Fir Island,2017-12-09 15:41:17.873060
2009-02-03,10:45,39.0,,37.1,93.0,1.0,S@1.4,3.5,39.5,0.0,290,"Fir Island, Skagit County",330021,Fir Island,2017-12-09 15:41:17.873060
2009-02-03,11:00,40.6,,37.9,89.8,1.0,NE@2.9,4.9,39.5,0.0,337,"Fir Island, Skagit County",330021,Fir Island,2017-12-09 15:41:17.873060
2009-02-03,11:15,41.9,,37.5,84.2,0.96,NE@2.6,4.6,39.4,0.0,330,"Fir Island, Skagit County",330021,Fir Island,2017-12-09 15:41:17.873060
2009-02-03,11:30,44.8,,38.3,77.9,0.93,W@1.8,3.1,39.4,0.0,329,"Fir Island, Skagit County",330021,Fir Island,2017-12-09 15:41:17.873060
2009-02-03,11:45,45.5,,39.4,79.0,0.91,W@1.6,3.1,39.4,0.0,297,"Fir Island, Skagit County",330021,Fir Island,2017-12-09 15:41:17.873060
2009-02-03,12:00,45.4,,38.2,75.8,0.88,E@2.2,4.9,39.4,0.0,257,"Fir Island, Skagit County",330021,Fir Island,2017-12-09 15:41:17.873060
2009-02-03,12:15,44.6,,38.2,78.0,0.83,NE@3.5,4.6,39.4,0.0,272,"Fir Island, Skagit County",330021,Fir Island,2017-12-09 15:41:17.873060
2009-02-03,12:30,45.6,,38.7,76.6,0.75,S@1.8,4.6,39.4,0.0,306,"Fir Island, Skagit County",330021,Fir Island,2017-12-09 15:41:17.873060
2009-02-03,12:45,46.6,,38.7,73.8,0.52,E@2.0,4.6,39.4,0.0,286,"Fir Island, Skagit County",330021,Fir Island,2017-12-09 15:41:17.873060
2009-02-03,13:00,46.2,,39.0,75.9,0.16,NE@3.2,4.6,39.3,0.0,309,"Fir Island, Skagit County",330021,Fir Island,2017-12-09 15:41:17.873060
2009-02-03,13:15,46.7,,39.6,76.2,0.03,SE@2.9,4.6,39.3,0.0,315,"Fir Island, Skagit County",330021,Fir Island,2017-12-09 15:41:17.873060
2009-02-03,13:30,48.1,,40.4,74.7,0.0,S@1.6,4.9,39.3,0.0,306,"Fir Island, Skagit County",330021,Fir Island,2017-12-09 15:41:17.873060
2009-02-03,13:45,47.7,,39.9,74.3,0.0,NW@2.9,4.9,39.4,0.0,298,"Fir Island, Skagit County",330021,Fir Island,2017-12-09 15:41:17.873060
2009-02-03,14:00,47.2,,38.7,72.1,0.0,SE@3.5,6.4,39.4,0.0,293,"Fir Island, Skagit County",330021,Fir Island,2017-12-09 15:41:17.873060
2009-02-03,14:15,47.0,,37.8,70.1,0.0,E@3.9,7.1,39.4,0.0,250,"Fir Island, Skagit County",330021,Fir Island,2017-12-09 15:41:17.873060
2009-02-03,14:30,47.3,,37.9,69.6,0.0,SE@2.8,5.7,39.4,0.0,198,"Fir Island, Skagit County",330021,Fir Island,2017-12-09 15:41:17.873060
2009-02-03,14:45,47.1,,38.6,72.2,0.0,NE@3.6,5.7,39.4,0.0,242,"Fir Island, Skagit County",330021,Fir Island,2017-12-09 15:41:17.873060
2009-02-03,15:00,47.2,,40.0,75.9,0.0,E@3.0,4.9,39.5,0.0,227,"Fir Island, Skagit County",330021,Fir Island,2017-12-09 15:41:17.873060
2009-02-03,15:15,47.7,,40.1,74.8,0.0,NE@2.3,3.5,39.5,0.0,177,"Fir Island, Skagit County",330021,Fir Island,2017-12-09 15:41:17.873060
2009-02-03,15:30,47.7,,40.5,75.7,0.0,W@1.6,2.8,39.5,0.0,124,"Fir Island, Skagit County",330021,Fir Island,2017-12-09 15:41:17.873060
2009-02-03,15:45,47.7,,40.7,76.5,0.0,W@0.3,2.1,39.5,0.0,117,"Fir Island, Skagit County",330021,Fir Island,2017-12-09 15:41:17.873060
2009-02-03,16:00,47.3,,40.2,76.1,0.0,NE@2.6,4.6,39.6,0.0,126,"Fir Island, Skagit County",330021,Fir Island,2017-12-09 15:41:17.873060
2009-02-03,16:15,46.8,,39.9,76.8,0.0,NE@3.2,4.6,39.6,0.0,112,"Fir Island, Skagit County",330021,Fir Island,2017-12-09 15:41:17.873060
2009-02-03,16:30,46.7,,39.5,75.8,0.0,NE@3.1,4.9,39.7,0.0,70,"Fir Island, Skagit County",330021,Fir Island,2017-12-09 15:41:17.873060
2009-02-03,16:45,46.1,,40.0,79.2,0.0,NE@2.5,3.9,39.7,0.0,36,"Fir Island, Skagit County",330021,Fir Island,2017-12-09 15:41:17.873060
2009-02-03,17:00,45.4,,39.4,79.3,0.01,SE@1.2,3.5,39.7,0.0,17,"Fir Island, Skagit County",330021,Fir Island,2017-12-09 15:41:17.873060
2009-02-03,17:15,44.8,,39.1,80.3,0.01,S@0.6,2.4,39.8,0.0,6,"Fir Island, Skagit County",330021,Fir Island,2017-12-09 15:41:17.873060
2009-02-03,17:30,43.3,,38.8,83.9,0.02,NW@1.6,3.1,39.8,0.0,0,"Fir Island, Skagit County",330021,Fir Island,2017-12-09 15:41:17.873060
2009-02-03,17:45,42.5,,39.0,87.2,0.03,NW@1.1,2.8,39.9,0.0,0,"Fir Island, Skagit County",330021,Fir Island,2017-12-09 15:41:17.873060
2009-02-03,18:00,41.8,,38.0,86.4,0.03,W@1.6,2.8,39.9,0.0,0,"Fir Island, Skagit County",330021,Fir Island,2017-12-09 15:41:17.873060
2009-02-03,18:15,41.1,,37.8,88.1,0.05,NW@2.2,3.1,39.9,0.0,0,"Fir Island, Skagit County",330021,Fir Island,2017-12-09 15:41:17.873060
2009-02-03,18:30,39.8,,37.7,92.0,0.07,SW@2.1,3.5,40.0,0.0,0,"Fir Island, Skagit County",330021,Fir Island,2017-12-09 15:41:17.873060
2009-02-03,18:45,39.1,,37.3,93.3,0.11,W@0.9,3.9,40.0,0.0,0,"Fir Island, Skagit County",330021,Fir Island,2017-12-09 15:41:17.873060
2009-02-03,19:00,38.4,,36.9,94.5,0.18,SE@1.1,3.5,40.0,0.0,0,"Fir Island, Skagit County",330021,Fir Island,2017-12-09 15:41:17.873060
2009-02-03,19:15,38.3,,37.4,96.8,0.26,SW@0.7,2.8,40.1,0.0,0,"Fir Island, Skagit County",330021,Fir Island,2017-12-09 15:41:17.873060
2009-02-03,19:30,38.3,,37.4,96.2,0.33,NW@1.8,3.1,40.1,0.0,0,"Fir Island, Skagit County",330021,Fir Island,2017-12-09 15:41:17.873060
2009-02-03,19:45,37.9,,36.9,96.3,0.38,W@1.6,4.2,40.1,0.0,0,"Fir Island, Skagit County",330021,Fir Island,2017-12-09 15:41:17.873060
2009-02-03,20:00,37.5,,36.4,95.9,0.42,W@1.4,3.1,40.1,0.0,0,"Fir Island, Skagit County",330021,Fir Island,2017-12-09 15:41:17.873060
2009-02-03,20:15,38.0,,36.9,96.0,0.46,SW@1.5,3.5,40.2,0.0,0,"Fir Island, Skagit County",330021,Fir Island,2017-12-09 15:41:17.873060
2009-02-03,20:30,38.0,,36.9,95.5,0.48,SW@0.8,2.8,40.2,0.0,0,"Fir Island, Skagit County",330021,Fir Island,2017-12-09 15:41:17.873060
2009-02-03,20:45,37.6,,36.2,94.6,0.51,E@2.6,4.6,40.2,0.0,0,"Fir Island, Skagit County",330021,Fir Island,2017-12-09 15:41:17.873060
2009-02-03,21:00,37.2,,35.9,95.0,0.53,NE@4.5,6.0,40.2,0.0,0,"Fir Island, Skagit County",330021,Fir Island,2017-12-09 15:41:17.873060
2009-02-03,21:15,38.2,,36.7,94.2,0.54,NE@4.0,5.7,40.2,0.0,0,"Fir Island, Skagit County",330021,Fir Island,2017-12-09 15:41:17.873060
2009-02-03,21:30,39.0,,36.9,92.1,0.54,NE@3.0,5.3,40.2,0.0,0,"Fir Island, Skagit County",330021,Fir Island,2017-12-09 15:41:17.873060
2009-02-03,21:45,39.0,,36.7,91.2,0.55,E@2.7,4.6,40.2,0.0,0,"Fir Island, Skagit County",330021,Fir Island,2017-12-09 15:41:17.873060
2009-02-03,22:00,37.3,,35.6,93.4,0.55,SW@2.7,4.2,40.2,0.0,0,"Fir Island, Skagit County",330021,Fir Island,2017-12-09 15:41:17.873060
2009-02-03,22:15,36.4,,35.5,96.4,0.56,NW@2.3,3.1,40.2,0.0,0,"Fir Island, Skagit County",330021,Fir Island,2017-12-09 15:41:17.873060
2009-02-03,22:30,36.8,,35.6,95.4,0.57,SW@0.7,2.4,40.2,0.0,0,"Fir Island, Skagit County",330021,Fir Island,2017-12-09 15:41:17.873060
2009-02-03,22:45,35.7,,34.7,96.2,0.59,E@0.7,2.4,40.2,0.0,0,"Fir Island, Skagit County",330021,Fir Island,2017-12-09 15:41:17.873060
2009-02-03,23:00,35.8,,35.1,97.5,0.62,W@0.7,3.1,40.2,0.0,0,"Fir Island, Skagit County",330021,Fir Island,2017-12-09 15:41:17.873060
2009-02-03,23:15,35.0,,34.6,98.4,0.65,W@1.7,3.1,40.2,0.0,0,"Fir Island, Skagit County",330021,Fir Island,2017-12-09 15:41:17.873060
2009-02-03,23:30,34.9,,34.4,98.2,0.67,SW@0.4,2.4,40.2,0.0,0,"Fir Island, Skagit County",330021,Fir Island,2017-12-09 15:41:17.873060
2009-02-03,23:45,35.0,,34.7,98.9,0.7,W@0.8,3.1,40.1,0.0,0,"Fir Island, Skagit County",330021,Fir Island,2017-12-09 15:41:17.873060
2009-02-03,24:00,34.8,,34.4,98.6,0.73,NW@0.8,2.8,40.1,0.0,0,"Fir Island, Skagit County",330021,Fir Island,2017-12-09 15:41:17.873060
2009-02-04,00:15,34.6,,34.2,98.6,0.76,W@0.4,2.8,40.1,0.0,0,"Fir Island, Skagit County",330021,Fir Island,2017-12-09 15:41:17.873060
2009-02-04,00:30,33.4,,33.0,98.2,0.77,E@0.5,3.1,40.1,0.0,0,"Fir Island, Skagit County",330021,Fir Island,2017-12-09 15:41:17.873060
2009-02-04,00:45,33.2,,33.0,99.1,0.8,NE@1.9,3.9,40.1,0.0,0,"Fir Island, Skagit County",330021,Fir Island,2017-12-09 15:41:17.873060
2009-02-04,01:00,33.5,,33.2,99.1,0.82,E@2.4,3.9,40.0,0.0,0,"Fir Island, Skagit County",330021,Fir Island,2017-12-09 15:41:17.873060
2009-02-04,01:15,33.0,,32.8,99.5,0.83,E@2.6,5.7,40.0,0.0,0,"Fir Island, Skagit County",330021,Fir Island,2017-12-09 15:41:17.873060
2009-02-04,01:30,33.2,,33.1,99.5,0.84,NE@3.2,5.3,40.0,0.0,0,"Fir Island, Skagit County",330021,Fir Island,2017-12-09 15:41:17.873060
2009-02-04,01:45,33.7,,33.6,99.5,0.85,S@2.3,3.5,40.0,0.0,0,"Fir Island, Skagit County",330021,Fir Island,2017-12-09 15:41:17.873060
2009-02-04,02:00,34.1,,33.9,99.5,0.86,E@2.6,4.9,39.9,0.0,0,"Fir Island, Skagit County",330021,Fir Island,2017-12-09 15:41:17.873060
2009-02-04,02:15,35.1,,34.8,99.0,0.87,S@2.0,4.6,39.9,0.0,0,"Fir Island, Skagit County",330021,Fir Island,2017-12-09 15:41:17.873060
2009-02-04,02:30,34.6,,34.0,97.9,0.87,W@0.7,2.8,39.9,0.0,0,"Fir Island, Skagit County",330021,Fir Island,2017-12-09 15:41:17.873060
2009-02-04,02:45,33.1,,32.7,98.3,0.88,W@2.6,3.9,39.9,0.0,0,"Fir Island, Skagit County",330021,Fir Island,2017-12-09 15:41:17.873060
2009-02-04,03:00,33.3,,33.3,99.6,0.88,W@2.5,3.5,39.9,0.0,0,"Fir Island, Skagit County",330021,Fir Island,2017-12-09 15:41:17.873060
2009-02-04,03:15,34.0,,33.7,98.7,0.89,W@2.3,3.9,39.8,0.0,0,"Fir Island, Skagit County",330021,Fir Island,2017-12-09 15:41:17.873060
2009-02-04,03:30,34.1,,33.8,98.8,0.89,SW@2.2,3.9,39.8,0.0,0,"Fir Island, Skagit County",330021,Fir Island,2017-12-09 15:41:17.873060
2009-02-04,03:45,34.9,,34.4,98.2,0.89,SE@1.9,4.6,39.8,0.0,0,"Fir Island, Skagit County",330021,Fir Island,2017-12-09 15:41:17.873060
2009-02-04,04:00,34.2,,33.7,98.0,0.9,SE@1.2,3.5,39.8,0.0,0,"Fir Island, Skagit County",330021,Fir Island,2017-12-09 15:41:17.873060
2009-02-04,04:15,34.5,,34.0,98.0,0.9,SE@0.4,2.1,39.7,0.0,0,"Fir Island, Skagit County",330021,Fir Island,2017-12-09 15:41:17.873060
2009-02-04,04:30,34.1,,33.6,97.9,0.91,S@1.5,3.5,39.7,0.0,0,"Fir Island, Skagit County",330021,Fir Island,2017-12-09 15:41:17.873060
2009-02-04,04:45,34.9,,34.7,99.3,0.92,SW@2.0,4.9,39.7,0.0,0,"Fir Island, Skagit County",330021,Fir Island,2017-12-09 15:41:17.873060
2009-02-04,05:00,36.0,,35.2,97.1,0.92,S@2.0,3.9,39.6,0.0,0,"Fir Island, Skagit County",330021,Fir Island,2017-12-09 15:41:17.873060
2009-02-04,05:15,35.4,,34.3,95.9,0.92,E@2.6,4.9,39.7,0.0,0,"Fir Island, Skagit County",330021,Fir Island,2017-12-09 15:41:17.873060
2009-02-04,05:30,36.9,,35.4,94.5,0.92,SW@1.9,3.9,39.6,0.0,0,"Fir Island, Skagit County",330021,Fir Island,2017-12-09 15:41:17.873060
2009-02-04,05:45,36.9,,35.3,93.8,0.92,SE@1.8,3.9,39.6,0.0,0,"Fir Island, Skagit County",330021,Fir Island,2017-12-09 15:41:17.873060
2009-02-04,06:00,36.0,,34.7,94.7,0.92,SE@1.8,4.9,39.6,0.0,0,"Fir Island, Skagit County",330021,Fir Island,2017-12-09 15:41:17.873060
2009-02-04,06:15,36.1,,34.3,93.0,0.92,W@1.1,2.8,39.6,0.0,0,"Fir Island, Skagit County",330021,Fir Island,2017-12-09 15:41:17.873060
2009-02-04,06:30,36.1,,34.4,93.6,0.92,W@1.9,3.5,39.5,0.0,0,"Fir Island, Skagit County",330021,Fir Island,2017-12-09 15:41:17.873060
2009-02-04,06:45,35.5,,34.0,94.2,0.92,S@0.9,3.5,39.5,0.0,0,"Fir Island, Skagit County",330021,Fir Island,2017-12-09 15:41:17.873060
2009-02-04,07:00,34.1,,32.9,95.4,0.92,E@2.0,4.9,39.5,0.0,0,"Fir Island, Skagit County",330021,Fir Island,2017-12-09 15:41:17.873060
2009-02-04,07:15,33.3,,32.6,97.1,0.92,NE@2.0,3.9,39.5,0.0,0,"Fir Island, Skagit County",330021,Fir Island,2017-12-09 15:41:17.873060
2009-02-04,07:30,33.4,,32.9,98.0,0.93,NE@3.1,4.9,39.4,0.0,0,"Fir Island, Skagit County",330021,Fir Island,2017-12-09 15:41:17.873060
2009-02-04,07:45,34.0,,33.5,98.0,0.93,E@2.0,4.6,39.4,0.0,5,"Fir Island, Skagit County",330021,Fir Island,2017-12-09 15:41:17.873060
2009-02-04,08:00,34.2,,33.5,97.2,0.93,SW@2.6,3.9,39.4,0.0,18,"Fir Island, Skagit County",330021,Fir Island,2017-12-09 15:41:17.873060
2009-02-04,08:15,34.3,,33.6,97.2,0.94,SE@2.6,4.9,39.4,0.0,32,"Fir Island, Skagit County",330021,Fir Island,2017-12-09 15:41:17.873060
2009-02-04,08:30,34.8,,34.1,97.2,0.94,W@2.4,3.1,39.3,0.0,48,"Fir Island, Skagit County",330021,Fir Island,2017-12-09 15:41:17.873060
2009-02-04,08:45,34.8,,33.9,96.5,0.94,SW@1.2,2.4,39.3,0.0,63,"Fir Island, Skagit County",330021,Fir Island,2017-12-09 15:41:17.873060
2009-02-04,09:00,35.6,,34.8,96.9,0.94,W@1.2,2.4,39.3,0.0,69,"Fir Island, Skagit County",330021,Fir Island,2017-12-09 15:41:17.873060
2009-02-04,09:15,35.9,,34.9,96.2,0.94,W@1.1,3.9,39.3,0.0,92,"Fir Island, Skagit County",330021,Fir Island,2017-12-09 15:41:17.873060
2009-02-04,09:30,37.1,,35.9,95.4,0.94,NW@0.7,2.8,39.3,0.0,92,"Fir Island, Skagit County",330021,Fir Island,2017-12-09 15:41:17.873060
2009-02-04,09:45,37.3,,36.0,95.1,0.94,NW@1.5,2.8,39.2,0.0,86,"Fir Island, Skagit County",330021,Fir Island,2017-12-09 15:41:17.873060
2009-02-04,10:00,38.5,,36.7,93.3,0.94,NW@1.2,3.5,39.2,0.0,112,"Fir Island, Skagit County",330021,Fir Island,2017-12-09 15:41:17.873060
2009-02-04,10:15,39.9,,37.6,91.5,0.94,NW@0.8,2.4,39.2,0.0,150,"Fir Island, Skagit County",330021,Fir Island,2017-12-09 15:41:17.873060
2009-02-04,10:30,41.0,,38.4,90.4,0.93,E@1.2,3.1,39.2,0.0,171,"Fir Island, Skagit County",330021,Fir Island,2017-12-09 15:41:17.873060
2009-02-04,10:45,41.0,,38.9,92.3,0.93,SE@1.7,3.1,39.2,0.0,194,"Fir Island, Skagit County",330021,Fir Island,2017-12-09 15:41:17.873060
2009-02-04,11:00,41.8,,39.1,89.9,0.92,E@2.2,3.9,39.2,0.0,213,"Fir Island, Skagit County",330021,Fir Island,2017-12-09 15:41:17.873060
2009-02-04,11:15,41.5,,38.9,90.2,0.91,E@1.9,3.5,39.1,0.0,204,"Fir Island, Skagit County",330021,Fir Island,2017-12-09 15:41:17.873060
2009-02-04,11:30,42.8,,39.3,87.3,0.9,SE@1.1,2.8,39.1,0.0,251,"Fir Island, Skagit County",330021,Fir Island,2017-12-09 15:41:17.873060
2009-02-04,11:45,43.8,,39.0,83.1,0.88,S@2.8,3.9,39.1,0.0,340,"Fir Island, Skagit County",330021,Fir Island,2017-12-09 15:41:17.873060
2009-02-04,12:00,44.8,,39.9,82.8,0.86,SE@2.6,3.9,39.1,0.0,315,"Fir Island, Skagit County",330021,Fir Island,2017-12-09 15:41:17.873060
2009-02-04,12:15,45.1,,39.7,81.1,0.82,SE@2.2,3.5,39.1,0.0,212,"Fir Island, Skagit County",330021,Fir Island,2017-12-09 15:41:17.873060
2009-02-04,12:30,45.1,,40.2,82.7,0.76,SE@2.6,4.2,39.1,0.0,211,"Fir Island, Skagit County",330021,Fir Island,2017-12-09 15:41:17.873060
2009-02-04,12:45,45.2,,39.8,81.2,0.62,SE@2.7,3.5,39.1,0.0,240,"Fir Island, Skagit County",330021,Fir Island,2017-12-09 15:41:17.873060
2009-02-04,13:00,45.7,,39.1,77.4,0.33,S@2.3,3.5,39.1,0.0,256,"Fir Island, Skagit County",330021,Fir Island,2017-12-09 15:41:17.873060
2009-02-04,13:15,45.9,,39.6,78.5,0.09,SW@2.6,3.9,39.1,0.0,217,"Fir Island, Skagit County",330021,Fir Island,2017-12-09 15:41:17.873060
2009-02-04,13:30,45.9,,40.1,79.9,0.02,SW@2.8,3.9,39.1,0.0,221,"Fir Island, Skagit County",330021,Fir Island,2017-12-09 15:41:17.873060
2009-02-04,13:45,46.0,,40.4,80.9,0.01,W@2.8,4.2,39.1,0.0,271,"Fir Island, Skagit County",330021,Fir Island,2017-12-09 15:41:17.873060
2009-02-04,14:00,46.9,,41.0,79.9,0.0,SW@2.5,3.9,39.1,0.0,259,"Fir Island, Skagit County",330021,Fir Island,2017-12-09 15:41:17.873060
2009-02-04,14:15,48.5,,41.2,75.8,0.0,SW@1.8,3.5,39.1,0.0,265,"Fir Island, Skagit County",330021,Fir Island,2017-12-09 15:41:17.873060
2009-02-04,14:30,48.8,,41.8,76.7,0.0,S@2.8,3.9,39.1,0.0,216,"Fir Island, Skagit County",330021,Fir Island,2017-12-09 15:41:17.873060
2009-02-04,14:45,48.5,,42.8,80.6,0.0,SE@2.9,4.2,39.2,0.0,283,"Fir Island, Skagit County",330021,Fir Island,2017-12-09 15:41:17.873060
2009-02-04,15:00,48.3,,43.6,83.6,0.0,S@3.1,4.2,39.2,0.0,254,"Fir Island, Skagit County",330021,Fir Island,2017-12-09 15:41:17.873060
2009-02-04,15:15,48.7,,43.3,81.6,0.0,S@2.3,3.9,39.2,0.0,251,"Fir Island, Skagit County",330021,Fir Island,2017-12-09 15:41:17.873060
2009-02-04,15:30,48.9,,43.7,82.0,0.0,SE@2.5,3.9,39.3,0.0,201,"Fir Island, Skagit County",330021,Fir Island,2017-12-09 15:41:17.873060
2009-02-04,15:45,49.3,,42.7,77.7,0.0,SE@2.3,5.3,39.3,0.0,122,"Fir Island, Skagit County",330021,Fir Island,2017-12-09 15:41:17.873060
2009-02-04,16:00,49.7,,41.5,73.1,0.0,S@1.9,3.5,39.3,0.0,115,"Fir Island, Skagit County",330021,Fir Island,2017-12-09 15:41:17.873060
2009-02-04,16:15,50.3,,41.0,70.3,0.0,NW@1.1,2.8,39.4,0.0,99,"Fir Island, Skagit County",330021,Fir Island,2017-12-09 15:41:17.873060
2009-02-04,16:30,48.3,,44.1,85.2,0.01,W@1.6,4.9,39.4,0.0,52,"Fir Island, Skagit County",330021,Fir Island,2017-12-09 15:41:17.873060
2009-02-04,16:45,47.2,,42.2,82.6,0.01,S@0.7,3.9,39.4,0.0,37,"Fir Island, Skagit County",330021,Fir Island,2017-12-09 15:41:17.873060
2009-02-04,17:00,46.5,,41.1,81.2,0.02,S@0.6,4.6,39.5,0.0,17,"Fir Island, Skagit County",330021,Fir Island,2017-12-09 15:41:17.873060
2009-02-04,17:15,45.4,,41.4,85.9,0.04,N@0.0,0.0,39.5,0.0,5,"Fir Island, Skagit County",330021,Fir Island,2017-12-09 15:41:17.873060
2009-02-04,17:30,43.9,,40.7,88.5,0.1,W@0.0,1.4,39.6,0.0,1,"Fir Island, Skagit County",330021,Fir Island,2017-12-09 15:41:17.873060
2009-02-04,17:45,42.8,,39.6,88.6,0.12,W@1.4,3.1,39.6,0.0,0,"Fir Island, Skagit County",330021,Fir Island,2017-12-09 15:41:17.873060
2009-02-04,18:00,42.0,,38.9,88.8,0.1,W@1.4,2.8,39.6,0.0,0,"Fir Island, Skagit County",330021,Fir Island,2017-12-09 15:41:17.873060
2009-02-04,18:15,41.6,,38.7,89.5,0.11,SW@0.7,2.8,39.7,0.0,0,"Fir Island, Skagit County",330021,Fir Island,2017-12-09 15:41:17.873060
2009-02-04,18:30,40.9,,38.6,91.2,0.17,NE@0.1,2.4,39.7,0.0,0,"Fir Island, Skagit County",330021,Fir Island,2017-12-09 15:41:17.873060
2009-02-04,18:45,41.2,,38.9,91.4,0.24,NE@0.3,2.4,39.8,0.0,0,"Fir Island, Skagit County",330021,Fir Island,2017-12-09 15:41:17.873060
2009-02-04,19:00,40.7,,38.3,91.2,0.29,NE@0.6,3.1,39.8,0.0,0,"Fir Island, Skagit County",330021,Fir Island,2017-12-09 15:41:17.873060
2009-02-04,19:15,39.8,,38.4,94.8,0.35,S@1.9,3.9,39.8,0.0,0,"Fir Island, Skagit County",330021,Fir Island,2017-12-09 15:41:17.873060
2009-02-04,19:30,38.9,,37.7,95.3,0.39,W@0.9,3.5,39.8,0.0,0,"Fir Island, Skagit County",330021,Fir Island,2017-12-09 15:41:17.873060
2009-02-04,19:45,38.7,,37.5,95.3,0.44,SW@1.0,3.1,39.9,0.0,0,"Fir Island, Skagit County",330021,Fir Island,2017-12-09 15:41:17.873060
2009-02-04,20:00,38.1,,37.2,96.8,0.47,W@0.3,2.1,39.9,0.0,0,"Fir Island, Skagit County",330021,Fir Island,2017-12-09 15:41:17.873060
2009-02-04,20:15,37.3,,36.5,96.9,0.5,W@0.7,3.1,39.9,0.0,0,"Fir Island, Skagit County",330021,Fir Island,2017-12-09 15:41:17.873060
2009-02-04,20:30,36.8,,36.3,97.8,0.53,NW@0.1,2.1,39.9,0.0,0,"Fir Island, Skagit County",330021,Fir Island,2017-12-09 15:41:17.873060
2009-02-04,20:45,36.5,,35.9,97.7,0.55,SE@0.6,3.1,40.0,0.0,0,"Fir Island, Skagit County",330021,Fir Island,2017-12-09 15:41:17.873060
2009-02-04,21:00,36.1,,36.0,99.4,0.59,NE@0.7,3.1,40.0,0.0,0,"Fir Island, Skagit County",330021,Fir Island,2017-12-09 15:41:17.873060
2009-02-04,21:15,36.8,,36.6,99.3,0.62,SE@0.0,1.4,40.0,0.0,0,"Fir Island, Skagit County",330021,Fir Island,2017-12-09 15:41:17.873060
2009-02-04,21:30,37.1,,37.0,99.5,0.66,SW@0.1,2.4,40.0,0.0,0,"Fir Island, Skagit County",330021,Fir Island,2017-12-09 15:41:17.873060
2009-02-04,21:45,36.5,,36.2,99.0,0.69,N@0.0,0.0,40.0,0.0,0,"Fir Island, Skagit County",330021,Fir Island,2017-12-09 15:41:17.873060
2009-02-04,22:00,36.5,,36.4,99.5,0.74,N@0.0,0.0,40.0,0.0,0,"Fir Island, Skagit County",330021,Fir Island,2017-12-09 15:41:17.873060
2009-02-04,22:15,36.4,,36.3,99.6,0.78,N@0.0,0.0,40.0,0.0,0,"Fir Island, Skagit County",330021,Fir Island,2017-12-09 15:41:17.873060
2009-02-04,22:30,36.1,,36.0,99.5,0.81,N@0.0,0.0,40.0,0.0,0,"Fir Island, Skagit County",330021,Fir Island,2017-12-09 15:41:17.873060
2009-02-04,22:45,34.3,,34.1,99.0,0.83,N@0.0,0.0,40.0,0.0,0,"Fir Island, Skagit County",330021,Fir Island,2017-12-09 15:41:17.873060
2009-02-04,23:00,32.7,,32.5,99.3,0.86,E@0.9,3.1,40.0,0.0,0,"Fir Island, Skagit County",330021,Fir Island,2017-12-09 15:41:17.873060
2009-02-04,23:15,33.2,,33.2,99.8,0.89,E@1.6,3.5,40.0,0.0,0,"Fir Island, Skagit County",330021,Fir Island,2017-12-09 15:41:17.873060
2009-02-04,23:30,34.0,,34.0,99.8,0.91,W@1.3,2.8,39.9,0.0,0,"Fir Island, Skagit County",330021,Fir Island,2017-12-09 15:41:17.873060
2009-02-04,23:45,33.4,,33.3,99.8,0.92,E@2.0,3.9,39.9,0.0,0,"Fir Island, Skagit County",330021,Fir Island,2017-12-09 15:41:17.873060
2009-02-04,24:00,33.2,,33.2,99.8,0.93,NE@3.3,4.2,39.9,0.0,0,"Fir Island, Skagit County",330021,Fir Island,2017-12-09 15:41:17.873060
2009-02-05,00:15,34.2,,34.2,99.8,0.94,E@1.2,2.8,39.9,0.0,0,"Fir Island, Skagit County",330021,Fir Island,2017-12-09 15:41:17.873060
2009-02-05,00:30,34.1,,34.1,99.8,0.94,N@0.0,0.0,39.9,0.0,0,"Fir Island, Skagit County",330021,Fir Island,2017-12-09 15:41:17.873060
2009-02-05,00:45,33.7,,33.6,99.8,0.95,SW@0.8,3.1,39.9,0.0,0,"Fir Island, Skagit County",330021,Fir Island,2017-12-09 15:41:17.873060
2009-02-05,01:00,33.9,,33.8,99.8,0.96,S@0.4,2.8,39.9,0.0,0,"Fir Island, Skagit County",330021,Fir Island,2017-12-09 15:41:17.873060
2009-02-05,01:15,33.9,,33.9,99.8,1.0,SW@0.2,2.1,39.8,0.0,0,"Fir Island, Skagit County",330021,Fir Island,2017-12-09 15:41:17.873060
2009-02-05,01:30,33.1,,33.0,99.8,1.0,E@2.6,3.9,39.8,0.0,0,"Fir Island, Skagit County",330021,Fir Island,2017-12-09 15:41:17.873060
2009-02-05,01:45,33.5,,33.5,99.8,1.0,E@1.4,3.5,39.8,0.0,0,"Fir Island, Skagit County",330021,Fir Island,2017-12-09 15:41:17.873060
2009-02-05,02:00,34.1,,34.0,99.8,1.0,W@0.0,1.4,39.8,0.0,0,"Fir Island, Skagit County",330021,Fir Island,2017-12-09 15:41:17.873060
2009-02-05,02:15,33.9,,33.9,99.8,1.0,W@1.3,3.1,39.8,0.0,0,"Fir Island, Skagit County",330021,Fir Island,2017-12-09 15:41:17.873060
2009-02-05,02:30,33.8,,33.7,99.8,1.0,W@1.0,2.8,39.7,0.0,0,"Fir Island, Skagit County",330021,Fir Island,2017-12-09 15:41:17.873060
2009-02-05,02:45,34.0,,34.0,99.8,1.0,NW@0.5,2.1,39.7,0.0,0,"Fir Island, Skagit County",330021,Fir Island,2017-12-09 15:41:17.873060
2009-02-05,03:00,34.9,,34.9,99.8,1.0,W@0.8,3.5,39.7,0.0,0,"Fir Island, Skagit County",330021,Fir Island,2017-12-09 15:41:17.873060
2009-02-05,03:15,34.6,,34.6,99.8,1.0,NE@3.7,5.7,39.7,0.0,0,"Fir Island, Skagit County",330021,Fir Island,2017-12-09 15:41:17.873060
2009-02-05,03:30,33.7,,33.7,99.8,1.0,NE@3.8,4.9,39.7,0.0,0,"Fir Island, Skagit County",330021,Fir Island,2017-12-09 15:41:17.873060
2009-02-05,03:45,33.9,,33.9,99.8,1.0,NE@3.2,4.6,39.7,0.0,0,"Fir Island, Skagit County",330021,Fir Island,2017-12-09 15:41:17.873060
2009-02-05,04:00,34.2,,34.2,99.8,1.0,SW@1.7,5.3,39.6,0.0,0,"Fir Island, Skagit County",330021,Fir Island,2017-12-09 15:41:17.873060
2009-02-05,04:15,34.5,,34.5,99.8,1.0,W@2.0,3.5,39.6,0.0,0,"Fir Island, Skagit County",330021,Fir Island,2017-12-09 15:41:17.873060
2009-02-05,04:30,35.3,,35.3,99.8,1.0,W@1.5,2.8,39.6,0.0,0,"Fir Island, Skagit County",330021,Fir Island,2017-12-09 15:41:17.873060
2009-02-05,04:45,34.9,,34.8,99.8,1.0,NE@1.8,3.1,39.6,0.0,0,"Fir Island, Skagit County",330021,Fir Island,2017-12-09 15:41:17.873060
2009-02-05,05:00,34.5,,34.5,99.8,1.0,S@1.4,3.1,39.5,0.0,0,"Fir Island, Skagit County",330021,Fir Island,2017-12-09 15:41:17.873060
2009-02-05,05:15,34.9,,34.8,99.7,1.0,E@2.1,4.2,39.5,0.0,0,"Fir Island, Skagit County",330021,Fir Island,2017-12-09 15:41:17.873060
2009-02-05,05:30,34.1,,34.0,99.8,1.0,NE@3.0,3.9,39.5,0.0,0,"Fir Island, Skagit County",330021,Fir Island,2017-12-09 15:41:17.873060
2009-02-05,05:45,34.6,,34.6,99.8,1.0,S@1.8,3.9,39.5,0.0,0,"Fir Island, Skagit County",330021,Fir Island,2017-12-09 15:41:17.873060
2009-02-05,06:00,35.0,,34.9,99.8,1.0,NW@2.1,2.8,39.4,0.0,0,"Fir Island, Skagit County",330021,Fir Island,2017-12-09 15:41:17.873060
2009-02-05,06:15,34.9,,34.9,99.8,1.0,W@1.5,2.8,39.4,0.0,0,"Fir Island, Skagit County",330021,Fir Island,2017-12-09 15:41:17.873060
2009-02-05,06:30,35.5,,35.5,99.6,1.0,SW@1.2,4.2,39.4,0.0,0,"Fir Island, Skagit County",330021,Fir Island,2017-12-09 15:41:17.873060
2009-02-05,06:45,34.4,,34.2,99.1,1.0,SE@1.5,3.9,39.4,0.0,0,"Fir Island, Skagit County",330021,Fir Island,2017-12-09 15:41:17.873060
2009-02-05,07:00,33.2,,33.2,99.7,1.0,NE@2.8,4.9,39.4,0.0,0,"Fir Island, Skagit County",330021,Fir Island,2017-12-09 15:41:17.873060
2009-02-05,07:15,32.9,,32.8,99.7,1.0,E@2.1,3.1,39.3,0.0,0,"Fir Island, Skagit County",330021,Fir Island,2017-12-09 15:41:17.873060
2009-02-05,07:30,33.2,,33.1,99.8,1.0,E@1.2,3.5,39.3,0.0,0,"Fir Island, Skagit County",330021,Fir Island,2017-12-09 15:41:17.873060
2009-02-05,07:45,33.4,,33.4,99.8,1.0,S@1.8,3.5,39.3,0.0,4,"Fir Island, Skagit County",330021,Fir Island,2017-12-09 15:41:17.873060
2009-02-05,08:00,33.6,,33.6,99.8,1.0,W@0.4,2.8,39.3,0.0,10,"Fir Island, Skagit County",330021,Fir Island,2017-12-09 15:41:17.873060
2009-02-05,08:15,34.1,,34.1,99.8,1.0,S@0.0,1.7,39.2,0.0,22,"Fir Island, Skagit County",330021,Fir Island,2017-12-09 15:41:17.873060
2009-02-05,08:30,34.6,,34.6,99.7,1.0,W@0.6,2.4,39.2,0.0,51,"Fir Island, Skagit County",330021,Fir Island,2017-12-09 15:41:17.873060
2009-02-05,08:45,35.9,,35.8,99.8,1.0,N@0.0,0.0,39.2,0.0,99,"Fir Island, Skagit County",330021,Fir Island,2017-12-09 15:41:17.873060
2009-02-05,09:00,36.6,,36.4,99.5,1.0,S@0.0,1.4,39.2,0.0,95,"Fir Island, Skagit County",330021,Fir Island,2017-12-09 15:41:17.873060
2009-02-05,09:15,36.2,,36.1,99.4,1.0,E@2.0,3.9,39.2,0.0,81,"Fir Island, Skagit County",330021,Fir Island,2017-12-09 15:41:17.873060
2009-02-05,09:30,36.2,,36.2,99.8,1.0,NE@1.8,3.5,39.2,0.0,105,"Fir Island, Skagit County",330021,Fir Island,2017-12-09 15:41:17.873060
2009-02-05,09:45,37.2,,37.1,99.6,1.0,SE@1.6,2.8,39.2,0.0,180,"Fir Island, Skagit County",330021,Fir Island,2017-12-09 15:41:17.873060
2009-02-05,10:00,39.1,,38.3,97.0,1.0,S@0.0,1.4,39.1,0.0,249,"Fir Island, Skagit County",330021,Fir Island,2017-12-09 15:41:17.873060
2009-02-05,10:15,40.6,,38.6,92.8,1.0,SE@0.1,2.1,39.1,0.0,189,"Fir Island, Skagit County",330021,Fir Island,2017-12-09 15:41:17.873060
2009-02-05,10:30,40.4,,38.8,94.0,1.0,SE@0.4,2.4,39.1,0.0,149,"Fir Island, Skagit County",330021,Fir Island,2017-12-09 15:41:17.873060
2009-02-05,10:45,41.2,,39.6,93.9,1.0,N@0.0,0.0,39.1,0.0,176,"Fir Island, Skagit County",330021,Fir Island,2017-12-09 15:41:17.873060
2009-02-05,11:00,41.6,,39.8,93.2,1.0,S@0.2,3.1,39.1,0.0,201,"Fir Island, Skagit County",330021,Fir Island,2017-12-09 15:41:17.873060
2009-02-05,11:15,41.1,,40.3,96.9,1.0,SW@2.8,3.9,39.1,0.0,180,"Fir Island, Skagit County",330021,Fir Island,2017-12-09 15:41:17.873060
2009-02-05,11:30,41.1,,40.8,98.9,1.0,S@0.6,3.1,39.1,0.0,198,"Fir Island, Skagit County",330021,Fir Island,2017-12-09 15:41:17.873060
2009-02-05,11:45,42.2,,41.5,97.4,1.0,S@0.9,2.4,39.1,0.0,195,"Fir Island, Skagit County",330021,Fir Island,2017-12-09 15:41:17.873060
2009-02-05,12:00,42.3,,41.3,96.4,0.99,S@1.1,3.9,39.1,0.0,161,"Fir Island, Skagit County",330021,Fir Island,2017-12-09 15:41:17.873060
2009-02-05,12:15,42.3,,41.3,96.0,0.95,E@1.5,2.8,39.1,0.0,161,"Fir Island, Skagit County",330021,Fir Island,2017-12-09 15:41:17.873060
2009-02-05,12:30,43.1,,41.5,93.9,0.94,E@0.5,2.8,39.1,0.0,155,"Fir Island, Skagit County",330021,Fir Island,2017-12-09 15:41:17.873060
2009-02-05,12:45,43.8,,41.5,91.2,0.93,S@0.3,2.8,39.1,0.0,139,"Fir Island, Skagit County",330021,Fir Island,2017-12-09 15:41:17.873060
2009-02-05,13:00,44.1,,41.6,90.9,0.91,SE@1.1,3.9,39.1,0.0,105,"Fir Island, Skagit County",330021,Fir Island,2017-12-09 15:41:17.873060
2009-02-05,13:15,44.5,,41.9,90.3,0.9,E@2.3,4.6,39.1,0.0,103,"Fir Island, Skagit County",330021,Fir Island,2017-12-09 15:41:17.873060
2009-02-05,13:30,44.6,,42.4,91.8,0.88,W@2.4,5.3,39.1,0.0,134,"Fir Island, Skagit County",330021,Fir Island,2017-12-09 15:41:17.873060
2009-02-05,13:45,43.7,,42.1,94.0,0.85,W@3.3,4.9,39.1,0.0,166,"Fir Island, Skagit County",330021,Fir Island,2017-12-09 15:41:17.873060
2009-02-05,14:00,43.3,,42.0,95.3,0.8,W@2.5,4.9,39.1,0.0,117,"Fir Island, Skagit County",330021,Fir Island,2017-12-09 15:41:17.873060
2009-02-05,14:15,43.6,,41.8,93.3,0.73,W@1.8,4.6,39.1,0.0,88,"Fir Island, Skagit County",330021,Fir Island,2017-12-09 15:41:17.873060
2009-02-05,14:30,43.6,,41.7,92.8,0.6,SW@2.4,4.9,39.2,0.0,99,"Fir Island, Skagit County",330021,Fir Island,2017-12-09 15:41:17.873060
2009-02-05,14:45,42.8,,41.6,95.3,0.4,SE@4.6,7.4,39.2,0.0,79,"Fir Island, Skagit County",330021,Fir Island,2017-12-09 15:41:17.873060
2009-02-05,15:00,43.4,,41.7,93.7,0.23,SE@2.2,7.8,39.2,0.0,67,"Fir Island, Skagit County",330021,Fir Island,2017-12-09 15:41:17.873060
2009-02-05,15:15,44.0,,41.8,91.8,0.12,W@1.4,3.5,39.2,0.0,51,"Fir Island, Skagit County",330021,Fir Island,2017-12-09 15:41:17.873060
2009-02-05,15:30,44.0,,41.7,91.5,0.07,SW@1.3,3.1,39.3,0.0,47,"Fir Island, Skagit County",330021,Fir Island,2017-12-09 15:41:17.873060
2009-02-05,15:45,43.6,,41.4,91.7,0.05,SW@1.8,3.1,39.3,0.0,44,"Fir Island, Skagit County",330021,Fir Island,2017-12-09 15:41:17.873060
2009-02-05,16:00,43.6,,41.4,91.7,0.04,S@0.9,2.8,39.3,0.0,24,"Fir Island, Skagit County",330021,Fir Island,2017-12-09 15:41:17.873060
2009-02-05,16:15,43.2,,41.5,93.6,0.05,S@2.0,3.1,39.3,0.0,29,"Fir Island, Skagit County",330021,Fir Island,2017-12-09 15:41:17.873060
2009-02-05,16:30,43.1,,41.7,94.4,0.06,S@0.5,2.8,39.4,0.0,19,"Fir Island, Skagit County",330021,Fir Island,2017-12-09 15:41:17.873060
2009-02-05,16:45,43.0,,41.6,94.8,0.08,S@1.2,3.1,39.4,0.0,12,"Fir Island, Skagit County",330021,Fir Island,2017-12-09 15:41:17.873060
2009-02-05,17:00,42.4,,41.4,96.3,0.1,S@3.1,4.2,39.4,0.0,8,"Fir Island, Skagit County",330021,Fir Island,2017-12-09 15:41:17.873060
2009-02-05,17:15,42.4,,41.4,96.2,0.12,SW@1.1,3.1,39.5,0.0,4,"Fir Island, Skagit County",330021,Fir Island,2017-12-09 15:41:17.873060
2009-02-05,17:30,42.7,,41.6,95.8,0.14,NW@0.5,2.1,39.5,0.0,0,"Fir Island, Skagit County",330021,Fir Island,2017-12-09 15:41:17.873060
2009-02-05,17:45,42.4,,41.6,96.8,0.19,NW@0.0,1.4,39.5,0.0,0,"Fir Island, Skagit County",330021,Fir Island,2017-12-09 15:41:17.873060
2009-02-05,18:00,42.5,,41.7,97.0,0.25,SW@0.5,2.4,39.6,0.0,0,"Fir Island, Skagit County",330021,Fir Island,2017-12-09 15:41:17.873060
2009-02-05,18:15,41.8,,41.5,98.8,0.3,SE@2.8,4.2,39.6,0.0,0,"Fir Island, Skagit County",330021,Fir Island,2017-12-09 15:41:17.873060
2009-02-05,18:30,42.0,,41.8,99.2,0.33,SW@3.3,5.7,39.6,0.0,0,"Fir Island, Skagit County",330021,Fir Island,2017-12-09 15:41:17.873060
2009-02-05,18:45,42.3,,41.7,97.7,0.31,W@2.3,3.5,39.7,0.0,0,"Fir Island, Skagit County",330021,Fir Island,2017-12-09 15:41:17.873060
2009-02-05,19:00,42.3,,41.5,97.2,0.31,SW@0.6,3.1,39.7,0.0,0,"Fir Island, Skagit County",330021,Fir Island,2017-12-09 15:41:17.873060
2009-02-05,19:15,41.9,,41.2,97.4,0.33,W@1.3,2.8,39.7,0.0,0,"Fir Island, Skagit County",330021,Fir Island,2017-12-09 15:41:17.873060
2009-02-05,19:30,42.2,,41.5,97.3,0.35,W@0.3,2.8,39.7,0.0,0,"Fir Island, Skagit County",330021,Fir Island,2017-12-09 15:41:17.873060
2009-02-05,19:45,41.8,,41.1,97.1,0.4,N@0.0,0.0,39.7,0.0,0,"Fir Island, Skagit County",330021,Fir Island,2017-12-09 15:41:17.873060
2009-02-05,20:00,41.9,,41.1,96.8,0.59,S@0.0,1.4,39.8,0.0,0,"Fir Island, Skagit County",330021,Fir Island,2017-12-09 15:41:17.873060
2009-02-05,20:15,41.0,,40.7,98.8,0.75,NE@1.4,3.1,39.8,0.0,0,"Fir Island, Skagit County",330021,Fir Island,2017-12-09 15:41:17.873060
2009-02-05,20:30,40.9,,40.8,99.6,0.77,NE@0.6,3.1,39.8,0.0,0,"Fir Island, Skagit County",330021,Fir Island,2017-12-09 15:41:17.873060
2009-02-05,20:45,40.9,,40.7,99.4,0.78,N@0.0,0.0,39.8,0.0,0,"Fir Island, Skagit County",330021,Fir Island,2017-12-09 15:41:17.873060
2009-02-05,21:00,40.9,,40.7,99.2,0.79,N@0.0,0.0,39.8,0.0,0,"Fir Island, Skagit County",330021,Fir Island,2017-12-09 15:41:17.873060
2009-02-05,21:15,40.9,,40.6,99.0,0.8,N@0.0,0.0,39.8,0.0,0,"Fir Island, Skagit County",330021,Fir Island,2017-12-09 15:41:17.873060
2009-02-05,21:30,40.9,,40.6,99.0,0.88,N@0.0,0.0,39.9,0.0,0,"Fir Island, Skagit County",330021,Fir Island,2017-12-09 15:41:17.873060
2009-02-05,21:45,40.7,,40.5,99.3,0.99,E@0.5,2.4,39.9,0.0,0,"Fir Island, Skagit County",330021,Fir Island,2017-12-09 15:41:17.873060
2009-02-05,22:00,40.4,,40.4,99.8,1.0,E@0.9,2.1,39.9,0.0,0,"Fir Island, Skagit County",330021,Fir Island,2017-12-09 15:41:17.873060
2009-02-05,22:15,40.4,,40.4,99.8,1.0,E@0.1,1.4,39.9,0.0,0,"Fir Island, Skagit County",330021,Fir Island,2017-12-09 15:41:17.873060
2009-02-05,22:30,40.8,,40.8,99.7,1.0,S@0.0,1.4,39.9,0.0,0,"Fir Island, Skagit County",330021,Fir Island,2017-12-09 15:41:17.873060
2009-02-05,22:45,40.8,,40.6,99.5,1.0,N@0.0,0.0,39.9,0.01,0,"Fir Island, Skagit County",330021,Fir Island,2017-12-09 15:41:17.873060
2009-02-05,23:00,40.9,,40.8,99.6,1.0,S@0.0,1.4,39.9,0.0,0,"Fir Island, Skagit County",330021,Fir Island,2017-12-09 15:41:17.873060
2009-02-05,23:15,40.9,,40.8,99.4,1.0,S@0.0,1.4,39.9,0.0,0,"Fir Island, Skagit County",330021,Fir Island,2017-12-09 15:41:17.873060
2009-02-05,23:30,40.9,,40.8,99.4,1.0,N@0.0,0.0,39.9,0.01,0,"Fir Island, Skagit County",330021,Fir Island,2017-12-09 15:41:17.873060
2009-02-05,23:45,40.7,,40.6,99.7,1.0,S@1.2,3.1,39.9,0.0,0,"Fir Island, Skagit County",330021,Fir Island,2017-12-09 15:41:17.873060
2009-02-05,24:00,40.9,,40.8,99.8,1.0,SE@0.0,1.4,39.9,0.0,0,"Fir Island, Skagit County",330021,Fir Island,2017-12-09 15:41:17.873060
2009-02-06,00:15,41.1,,41.0,99.7,1.0,SE@0.7,2.8,39.9,0.0,0,"Fir Island, Skagit County",330021,Fir Island,2017-12-09 15:41:17.873060
2009-02-06,00:30,40.9,,40.8,99.8,1.0,S@2.1,2.8,39.9,0.01,0,"Fir Island, Skagit County",330021,Fir Island,2017-12-09 15:41:17.873060
2009-02-06,00:45,40.9,,40.8,99.8,1.0,S@0.6,2.1,40.0,0.0,0,"Fir Island, Skagit County",330021,Fir Island,2017-12-09 15:41:17.873060
2009-02-06,01:00,41.3,,41.2,99.8,1.0,SW@0.1,1.7,40.0,0.0,0,"Fir Island, Skagit County",330021,Fir Island,2017-12-09 15:41:17.873060
2009-02-06,01:15,41.1,,41.0,99.7,1.0,E@0.0,1.4,40.0,0.0,0,"Fir Island, Skagit County",330021,Fir Island,2017-12-09 15:41:17.873060
2009-02-06,01:30,40.9,,40.8,99.8,1.0,SE@0.9,3.1,40.0,0.0,0,"Fir Island, Skagit County",330021,Fir Island,2017-12-09 15:41:17.873060
2009-02-06,01:45,40.9,,40.8,99.8,1.0,SE@1.7,2.8,40.0,0.0,0,"Fir Island, Skagit County",330021,Fir Island,2017-12-09 15:41:17.873060
2009-02-06,02:00,41.2,,41.1,99.8,1.0,E@0.3,2.8,40.0,0.0,0,"Fir Island, Skagit County",330021,Fir Island,2017-12-09 15:41:17.873060
2009-02-06,02:15,41.5,,41.4,99.8,1.0,N@0.0,0.0,40.0,0.0,0,"Fir Island, Skagit County",330021,Fir Island,2017-12-09 15:41:17.873060
2009-02-06,02:30,41.7,,41.7,99.8,1.0,E@0.1,1.7,40.0,0.0,0,"Fir Island, Skagit County",330021,Fir Island,2017-12-09 15:41:17.873060
2009-02-06,02:45,41.3,,41.2,99.8,1.0,SE@0.7,2.4,40.0,0.0,0,"Fir Island, Skagit County",330021,Fir Island,2017-12-09 15:41:17.873060
2009-02-06,03:00,41.7,,41.7,99.8,1.0,N@0.0,0.0,40.0,0.0,0,"Fir Island, Skagit County",330021,Fir Island,2017-12-09 15:41:17.873060
2009-02-06,03:15,41.4,,41.3,99.8,1.0,E@0.1,1.7,40.0,0.01,0,"Fir Island, Skagit County",330021,Fir Island,2017-12-09 15:41:17.873060
2009-02-06,03:30,41.6,,41.6,99.8,1.0,N@0.0,0.0,40.0,0.0,0,"Fir Island, Skagit County",330021,Fir Island,2017-12-09 15:41:17.873060
2009-02-06,03:45,41.8,,41.7,99.8,1.0,N@0.0,0.0,40.0,0.0,0,"Fir Island, Skagit County",330021,Fir Island,2017-12-09 15:41:17.873060
2009-02-06,04:00,41.8,,41.7,99.7,1.0,N@0.0,0.0,40.0,0.0,0,"Fir Island, Skagit County",330021,Fir Island,2017-12-09 15:41:17.873060
2009-02-06,04:15,41.8,,41.7,99.8,1.0,N@0.0,0.0,40.0,0.01,0,"Fir Island, Skagit County",330021,Fir Island,2017-12-09 15:41:17.873060
2009-02-06,04:30,41.8,,41.7,99.8,1.0,N@0.0,0.0,40.0,0.01,0,"Fir Island, Skagit County",330021,Fir Island,2017-12-09 15:41:17.873060
2009-02-06,04:45,41.8,,41.7,99.8,1.0,N@0.0,0.0,40.0,0.0,0,"Fir Island, Skagit County",330021,Fir Island,2017-12-09 15:41:17.873060
2009-02-06,05:00,41.8,,41.8,99.8,1.0,N@0.0,0.0,40.1,0.0,0,"Fir Island, Skagit County",330021,Fir Island,2017-12-09 15:41:17.873060
2009-02-06,05:15,41.8,,41.7,99.8,1.0,N@0.0,0.0,40.1,0.0,0,"Fir Island, Skagit County",330021,Fir Island,2017-12-09 15:41:17.873060
2009-02-06,05:30,41.8,,41.7,99.8,1.0,S@1.0,3.1,40.1,0.0,0,"Fir Island, Skagit County",330021,Fir Island,2017-12-09 15:41:17.873060
2009-02-06,05:45,41.8,,41.7,99.8,1.0,SE@3.3,4.9,40.1,0.0,0,"Fir Island, Skagit County",330021,Fir Island,2017-12-09 15:41:17.873060
2009-02-06,06:00,41.8,,41.7,99.8,1.0,W@2.3,3.9,40.1,0.01,0,"Fir Island, Skagit County",330021,Fir Island,2017-12-09 15:41:17.873060
2009-02-06,06:15,41.8,,41.7,99.8,1.0,E@3.7,6.7,40.1,0.0,0,"Fir Island, Skagit County",330021,Fir Island,2017-12-09 15:41:17.873060
2009-02-06,06:30,41.8,,41.7,99.8,1.0,SE@3.5,6.0,40.1,0.0,0,"Fir Island, Skagit County",330021,Fir Island,2017-12-09 15:41:17.873060
2009-02-06,06:45,41.8,,41.7,99.8,1.0,S@3.6,6.7,40.1,0.0,0,"Fir Island, Skagit County",330021,Fir Island,2017-12-09 15:41:17.873060
2009-02-06,07:00,41.8,,41.7,99.8,1.0,SW@3.7,8.2,40.1,0.0,0,"Fir Island, Skagit County",330021,Fir Island,2017-12-09 15:41:17.873060
2009-02-06,07:15,41.8,,41.7,99.8,1.0,SW@4.2,9.2,40.1,0.0,0,"Fir Island, Skagit County",330021,Fir Island,2017-12-09 15:41:17.873060
2009-02-06,07:30,41.8,,41.7,99.8,1.0,S@3.9,8.9,40.1,0.0,0,"Fir Island, Skagit County",330021,Fir Island,2017-12-09 15:41:17.873060
2009-02-06,07:45,41.8,,41.7,99.8,1.0,S@3.4,8.2,40.1,0.0,0,"Fir Island, Skagit County",330021,Fir Island,2017-12-09 15:41:17.873060
2009-02-06,08:00,41.8,,41.7,99.8,1.0,SW@3.5,6.4,40.1,0.01,0,"Fir Island, Skagit County",330021,Fir Island,2017-12-09 15:41:17.873060
2009-02-06,08:15,41.8,,41.7,99.8,1.0,SW@4.5,8.5,40.1,0.0,3,"Fir Island, Skagit County",330021,Fir Island,2017-12-09 15:41:17.873060
2009-02-06,08:30,41.8,,41.7,99.5,1.0,SW@3.6,8.2,40.1,0.0,9,"Fir Island, Skagit County",330021,Fir Island,2017-12-09 15:41:17.873060
2009-02-06,08:45,41.8,,41.6,99.3,1.0,S@3.8,8.2,40.1,0.0,15,"Fir Island, Skagit County",330021,Fir Island,2017-12-09 15:41:17.873060
2009-02-06,09:00,41.8,,41.5,98.9,1.0,SW@3.7,6.4,40.1,0.01,25,"Fir Island, Skagit County",330021,Fir Island,2017-12-09 15:41:17.873060
2009-02-06,09:15,41.8,,41.4,98.4,1.0,SW@4.2,7.8,40.1,0.0,35,"Fir Island, Skagit County",330021,Fir Island,2017-12-09 15:41:17.873060
2009-02-06,09:30,42.3,,41.7,97.9,1.0,S@4.7,11.7,40.1,0.0,39,"Fir Island, Skagit County",330021,Fir Island,2017-12-09 15:41:17.873060
2009-02-06,09:45,42.3,,41.7,97.8,1.0,SW@4.1,6.7,40.2,0.01,64,"Fir Island, Skagit County",330021,Fir Island,2017-12-09 15:41:17.873060
2009-02-06,10:00,42.7,,42.0,97.5,1.0,W@3.5,8.2,40.2,0.0,81,"Fir Island, Skagit County",330021,Fir Island,2017-12-09 15:41:17.873060
2009-02-06,10:15,42.6,,41.9,97.3,1.0,SW@4.1,6.7,40.2,0.0,59,"Fir Island, Skagit County",330021,Fir Island,2017-12-09 15:41:17.873060
2009-02-06,10:30,42.6,,41.9,97.1,1.0,SW@4.3,8.9,40.2,0.0,53,"Fir Island, Skagit County",330021,Fir Island,2017-12-09 15:41:17.873060
2009-02-06,10:45,42.7,,42.0,97.1,1.0,SW@4.3,7.4,40.2,0.0,60,"Fir Island, Skagit County",330021,Fir Island,2017-12-09 15:41:17.873060
2009-02-06,11:00,42.7,,42.0,97.0,1.0,SW@3.9,6.7,40.2,0.0,70,"Fir Island, Skagit County",330021,Fir Island,2017-12-09 15:41:17.873060
2009-02-06,11:15,42.7,,41.6,95.6,1.0,SW@4.4,7.4,40.2,0.0,79,"Fir Island, Skagit County",330021,Fir Island,2017-12-09 15:41:17.873060
2009-02-06,11:30,42.7,,41.4,95.3,1.0,SW@4.7,8.9,40.2,0.0,70,"Fir Island, Skagit County",330021,Fir Island,2017-12-09 15:41:17.873060
2009-02-06,11:45,42.4,,41.3,95.8,1.0,SW@4.1,7.4,40.2,0.01,59,"Fir Island, Skagit County",330021,Fir Island,2017-12-09 15:41:17.873060
2009-02-06,12:00,42.3,,41.1,95.6,1.0,SW@4.7,9.2,40.2,0.01,57,"Fir Island, Skagit County",330021,Fir Island,2017-12-09 15:41:17.873060
2009-02-06,12:15,42.6,,41.5,96.0,1.0,SW@3.7,9.2,40.3,0.01,108,"Fir Island, Skagit County",330021,Fir Island,2017-12-09 15:41:17.873060
2009-02-06,12:30,42.7,,41.5,95.3,1.0,SW@4.1,8.9,40.3,0.0,135,"Fir Island, Skagit County",330021,Fir Island,2017-12-09 15:41:17.873060
2009-02-06,12:45,42.8,,41.5,95.0,1.0,SW@4.5,11.0,40.3,0.0,132,"Fir Island, Skagit County",330021,Fir Island,2017-12-09 15:41:17.873060
2009-02-06,13:00,42.9,,41.5,94.9,1.0,SW@4.3,7.8,40.3,0.0,105,"Fir Island, Skagit County",330021,Fir Island,2017-12-09 15:41:17.873060
2009-02-06,13:15,42.7,,41.4,95.0,1.0,W@3.9,9.6,40.3,0.0,79,"Fir Island, Skagit County",330021,Fir Island,2017-12-09 15:41:17.873060
2009-02-06,13:30,42.9,,41.6,94.9,1.0,W@4.1,7.8,40.3,0.0,129,"Fir Island, Skagit County",330021,Fir Island,2017-12-09 15:41:17.873060
2009-02-06,13:45,43.7,,42.3,94.7,1.0,W@2.7,6.0,40.3,0.0,153,"Fir Island, Skagit County",330021,Fir Island,2017-12-09 15:41:17.873060
2009-02-06,14:00,43.6,,42.1,94.2,1.0,W@3.1,6.4,40.3,0.0,77,"Fir Island, Skagit County",330021,Fir Island,2017-12-09 15:41:17.873060
2009-02-06,14:15,43.6,,42.0,93.9,1.0,NW@2.9,5.7,40.4,0.0,37,"Fir Island, Skagit County",330021,Fir Island,2017-12-09 15:41:17.873060
2009-02-06,14:30,43.6,,42.1,94.5,1.0,W@2.7,4.6,40.4,0.0,44,"Fir Island, Skagit County",330021,Fir Island,2017-12-09 15:41:17.873060
2009-02-06,14:45,43.6,,42.2,94.5,0.97,W@3.8,7.4,40.4,0.0,33,"Fir Island, Skagit County",330021,Fir Island,2017-12-09 15:41:17.873060
2009-02-06,15:00,43.6,,42.1,94.3,0.94,W@3.5,7.1,40.4,0.0,34,"Fir Island, Skagit County",330021,Fir Island,2017-12-09 15:41:17.873060
2009-02-06,15:15,43.6,,41.9,93.6,0.93,SW@3.9,6.7,40.4,0.0,27,"Fir Island, Skagit County",330021,Fir Island,2017-12-09 15:41:17.873060
2009-02-06,15:30,43.6,,41.6,92.5,0.92,SW@4.6,11.0,40.4,0.0,20,"Fir Island, Skagit County",330021,Fir Island,2017-12-09 15:41:17.873060
2009-02-06,15:45,43.6,,41.4,92.0,0.91,W@4.8,9.2,40.4,0.0,23,"Fir Island, Skagit County",330021,Fir Island,2017-12-09 15:41:17.873060
2009-02-06,16:00,43.6,,41.2,91.0,0.88,SW@4.3,9.9,40.5,0.0,23,"Fir Island, Skagit County",330021,Fir Island,2017-12-09 15:41:17.873060
2009-02-06,16:15,43.6,,41.1,90.9,0.85,W@4.9,11.0,40.5,0.0,15,"Fir Island, Skagit County",330021,Fir Island,2017-12-09 15:41:17.873060
2009-02-06,16:30,43.6,,41.0,90.3,0.81,W@4.3,8.9,40.5,0.0,13,"Fir Island, Skagit County",330021,Fir Island,2017-12-09 15:41:17.873060
2009-02-06,16:45,43.6,,40.5,88.7,0.71,W@4.5,9.6,40.5,0.0,10,"Fir Island, Skagit County",330021,Fir Island,2017-12-09 15:41:17.873060
2009-02-06,17:00,43.6,,40.3,88.1,0.5,W@4.2,9.6,40.6,0.0,7,"Fir Island, Skagit County",330021,Fir Island,2017-12-09 15:41:17.873060
2009-02-06,17:15,43.8,,40.3,87.5,0.22,SW@3.8,8.5,40.6,0.0,7,"Fir Island, Skagit County",330021,Fir Island,2017-12-09 15:41:17.873060
2009-02-06,17:30,43.9,,40.5,87.7,0.07,W@3.5,6.0,40.6,0.0,1,"Fir Island, Skagit County",330021,Fir Island,2017-12-09 15:41:17.873060
2009-02-06,17:45,43.6,,40.5,88.7,0.02,SW@3.2,6.4,40.6,0.0,0,"Fir Island, Skagit County",330021,Fir Island,2017-12-09 15:41:17.873060
2009-02-06,18:00,43.6,,40.8,89.6,0.01,W@2.7,6.7,40.6,0.0,0,"Fir Island, Skagit County",330021,Fir Island,2017-12-09 15:41:17.873060
2009-02-06,18:15,43.6,,41.0,90.3,0.01,W@2.8,4.6,40.6,0.0,0,"Fir Island, Skagit County",330021,Fir Island,2017-12-09 15:41:17.873060
2009-02-06,18:30,43.0,,40.4,90.4,0.03,W@2.2,4.2,40.7,0.0,0,"Fir Island, Skagit County",330021,Fir Island,2017-12-09 15:41:17.873060
2009-02-06,18:45,42.1,,39.7,91.1,0.07,NW@2.3,4.9,40.7,0.0,0,"Fir Island, Skagit County",330021,Fir Island,2017-12-09 15:41:17.873060
2009-02-06,19:00,41.8,,39.4,91.1,0.1,NW@2.4,4.2,40.7,0.0,0,"Fir Island, Skagit County",330021,Fir Island,2017-12-09 15:41:17.873060
2009-02-06,19:15,41.4,,39.2,91.8,0.14,NW@1.9,3.9,40.7,0.0,0,"Fir Island, Skagit County",330021,Fir Island,2017-12-09 15:41:17.873060
2009-02-06,19:30,41.2,,39.0,91.9,0.17,NW@2.1,3.9,40.7,0.0,0,"Fir Island, Skagit County",330021,Fir Island,2017-12-09 15:41:17.873060
2009-02-06,19:45,40.1,,38.2,92.7,0.22,SE@1.9,3.5,40.7,0.0,0,"Fir Island, Skagit County",330021,Fir Island,2017-12-09 15:41:17.873060
2009-02-06,20:00,38.5,,37.2,94.9,0.27,SE@1.3,3.9,40.7,0.0,0,"Fir Island, Skagit County",330021,Fir Island,2017-12-09 15:41:17.873060
2009-02-06,20:15,37.3,,36.7,97.9,0.33,NE@3.7,5.3,40.7,0.0,0,"Fir Island, Skagit County",330021,Fir Island,2017-12-09 15:41:17.873060
2009-02-06,20:30,37.6,,36.7,96.7,0.37,SE@1.9,4.6,40.8,0.0,0,"Fir Island, Skagit County",330021,Fir Island,2017-12-09 15:41:17.873060
2009-02-06,20:45,36.4,,35.7,97.2,0.4,NW@0.5,2.1,40.8,0.0,0,"Fir Island, Skagit County",330021,Fir Island,2017-12-09 15:41:17.873060
2009-02-06,21:00,37.9,,37.8,99.5,0.46,NW@0.9,3.5,40.8,0.0,0,"Fir Island, Skagit County",330021,Fir Island,2017-12-09 15:41:17.873060
2009-02-06,21:15,38.5,,37.5,96.3,0.5,SE@2.4,5.3,40.8,0.0,0,"Fir Island, Skagit County",330021,Fir Island,2017-12-09 15:41:17.873060
2009-02-06,21:30,37.3,,36.6,97.0,0.53,E@2.0,4.9,40.8,0.0,0,"Fir Island, Skagit County",330021,Fir Island,2017-12-09 15:41:17.873060
2009-02-06,21:45,37.1,,36.5,97.7,0.56,E@2.3,4.9,40.8,0.0,0,"Fir Island, Skagit County",330021,Fir Island,2017-12-09 15:41:17.873060
2009-02-06,22:00,36.5,,36.1,98.5,0.6,NW@1.0,2.8,40.8,0.0,0,"Fir Island, Skagit County",330021,Fir Island,2017-12-09 15:41:17.873060
2009-02-06,22:15,35.9,,35.6,98.7,0.65,W@0.4,2.8,40.7,0.0,0,"Fir Island, Skagit County",330021,Fir Island,2017-12-09 15:41:17.873060
2009-02-06,22:30,35.5,,35.2,99.1,0.69,W@1.0,3.5,40.7,0.0,0,"Fir Island, Skagit County",330021,Fir Island,2017-12-09 15:41:17.873060
2009-02-06,22:45,34.9,,34.8,99.7,0.73,NW@0.3,2.8,40.7,0.0,0,"Fir Island, Skagit County",330021,Fir Island,2017-12-09 15:41:17.873060
2009-02-06,23:00,35.1,,35.0,99.6,0.77,NW@0.1,2.4,40.7,0.0,0,"Fir Island, Skagit County",330021,Fir Island,2017-12-09 15:41:17.873060
2009-02-06,23:15,33.9,,33.7,99.3,0.8,SW@1.7,4.6,40.7,0.0,0,"Fir Island, Skagit County",330021,Fir Island,2017-12-09 15:41:17.873060
2009-02-06,23:30,33.6,,33.5,99.6,0.83,SE@1.0,2.8,40.7,0.0,0,"Fir Island, Skagit County",330021,Fir Island,2017-12-09 15:41:17.873060
2009-02-06,23:45,33.5,,33.5,99.8,0.85,SE@1.5,3.9,40.7,0.0,0,"Fir Island, Skagit County",330021,Fir Island,2017-12-09 15:41:17.873060
2009-02-06,24:00,33.6,,33.5,99.8,0.87,NW@1.0,2.8,40.7,0.0,0,"Fir Island, Skagit County",330021,Fir Island,2017-12-09 15:41:17.873060
2009-02-07,00:15,33.1,,33.1,99.8,0.89,E@3.7,5.7,40.7,0.0,0,"Fir Island, Skagit County",330021,Fir Island,2017-12-09 15:41:17.873060
2009-02-07,00:30,32.5,,32.4,99.8,0.91,NE@2.5,4.2,40.6,0.0,0,"Fir Island, Skagit County",330021,Fir Island,2017-12-09 15:41:17.873060
2009-02-07,00:45,32.1,,32.1,99.8,0.92,S@1.2,3.1,40.6,0.0,0,"Fir Island, Skagit County",330021,Fir Island,2017-12-09 15:41:17.873060
2009-02-07,01:00,32.7,,32.6,99.8,0.92,N@0.0,0.0,40.6,0.0,0,"Fir Island, Skagit County",330021,Fir Island,2017-12-09 15:41:17.873060
2009-02-07,01:15,33.6,,33.6,99.8,0.93,N@0.0,0.0,40.6,0.0,0,"Fir Island, Skagit County",330021,Fir Island,2017-12-09 15:41:17.873060
2009-02-07,01:30,34.2,,34.1,99.8,0.94,N@0.0,0.0,40.5,0.0,0,"Fir Island, Skagit County",330021,Fir Island,2017-12-09 15:41:17.873060
2009-02-07,01:45,35.5,,35.4,99.8,0.94,NW@0.7,3.1,40.5,0.0,0,"Fir Island, Skagit County",330021,Fir Island,2017-12-09 15:41:17.873060
2009-02-07,02:00,36.4,,36.3,99.8,0.96,S@0.1,2.1,40.5,0.0,0,"Fir Island, Skagit County",330021,Fir Island,2017-12-09 15:41:17.873060
2009-02-07,02:15,35.5,,35.4,99.8,1.0,S@2.1,4.6,40.5,0.0,0,"Fir Island, Skagit County",330021,Fir Island,2017-12-09 15:41:17.873060
2009-02-07,02:30,33.9,,33.9,99.8,1.0,SE@2.7,4.6,40.5,0.0,0,"Fir Island, Skagit County",330021,Fir Island,2017-12-09 15:41:17.873060
2009-02-07,02:45,34.3,,34.3,99.8,1.0,S@1.3,2.8,40.4,0.0,0,"Fir Island, Skagit County",330021,Fir Island,2017-12-09 15:41:17.873060
2009-02-07,03:00,34.9,,34.8,99.8,1.0,SE@1.8,2.8,40.4,0.0,0,"Fir Island, Skagit County",330021,Fir Island,2017-12-09 15:41:17.873060
2009-02-07,03:15,35.1,,35.1,99.8,1.0,W@0.4,2.4,40.4,0.0,0,"Fir Island, Skagit County",330021,Fir Island,2017-12-09 15:41:17.873060
2009-02-07,03:30,35.6,,35.6,99.8,1.0,NE@1.5,2.8,40.3,0.0,0,"Fir Island, Skagit County",330021,Fir Island,2017-12-09 15:41:17.873060
2009-02-07,03:45,34.9,,34.9,99.8,1.0,E@2.0,3.1,40.3,0.0,0,"Fir Island, Skagit County",330021,Fir Island,2017-12-09 15:41:17.873060
2009-02-07,04:00,34.8,,34.8,99.8,1.0,NE@0.7,2.1,40.3,0.0,0,"Fir Island, Skagit County",330021,Fir Island,2017-12-09 15:41:17.873060
2009-02-07,04:15,35.0,,34.9,99.8,1.0,SE@0.1,1.7,40.3,0.0,0,"Fir Island, Skagit County",330021,Fir Island,2017-12-09 15:41:17.873060
2009-02-07,04:30,35.0,,34.9,99.8,1.0,W@0.5,1.7,40.2,0.0,0,"Fir Island, Skagit County",330021,Fir Island,2017-12-09 15:41:17.873060
2009-02-07,04:45,35.0,,35.0,99.8,1.0,SE@1.8,3.1,40.2,0.0,0,"Fir Island, Skagit County",330021,Fir Island,2017-12-09 15:41:17.873060
2009-02-07,05:00,34.5,,34.4,99.8,1.0,SE@2.9,6.0,40.2,0.0,0,"Fir Island, Skagit County",330021,Fir Island,2017-12-09 15:41:17.873060
2009-02-07,05:15,35.0,,34.9,99.8,1.0,SE@2.0,4.2,40.2,0.0,0,"Fir Island, Skagit County",330021,Fir Island,2017-12-09 15:41:17.873060
2009-02-07,05:30,33.9,,33.9,99.8,1.0,NE@2.7,4.6,40.2,0.0,0,"Fir Island, Skagit County",330021,Fir Island,2017-12-09 15:41:17.873060
2009-02-07,05:45,32.5,,32.4,99.8,1.0,NE@3.2,4.6,40.1,0.0,0,"Fir Island, Skagit County",330021,Fir Island,2017-12-09 15:41:17.873060
2009-02-07,06:00,32.0,,31.9,99.8,1.0,NE@2.7,4.9,40.1,0.0,0,"Fir Island, Skagit County",330021,Fir Island,2017-12-09 15:41:17.873060
2009-02-07,06:15,31.8,,31.7,99.8,1.0,NE@2.6,3.9,40.1,0.0,0,"Fir Island, Skagit County",330021,Fir Island,2017-12-09 15:41:17.873060
2009-02-07,06:30,32.2,,32.1,99.8,1.0,NE@3.4,4.6,40.1,0.0,0,"Fir Island, Skagit County",330021,Fir Island,2017-12-09 15:41:17.873060
2009-02-07,06:45,32.2,,32.2,99.8,1.0,NE@3.9,5.3,40.0,0.0,0,"Fir Island, Skagit County",330021,Fir Island,2017-12-09 15:41:17.873060
2009-02-07,07:00,32.3,,32.3,99.8,1.0,NE@3.6,5.3,40.0,0.0,0,"Fir Island, Skagit County",330021,Fir Island,2017-12-09 15:41:17.873060
2009-02-07,07:15,33.0,,32.9,99.8,1.0,NE@2.9,4.2,40.0,0.0,0,"Fir Island, Skagit County",330021,Fir Island,2017-12-09 15:41:17.873060
2009-02-07,07:30,33.3,,33.3,99.8,1.0,E@2.2,3.9,40.0,0.0,3,"Fir Island, Skagit County",330021,Fir Island,2017-12-09 15:41:17.873060
2009-02-07,07:45,33.9,,33.9,99.8,1.0,SE@1.3,3.5,39.9,0.0,9,"Fir Island, Skagit County",330021,Fir Island,2017-12-09 15:41:17.873060
2009-02-07,08:00,34.1,,34.0,99.8,1.0,E@1.1,4.9,39.9,0.0,17,"Fir Island, Skagit County",330021,Fir Island,2017-12-09 15:41:17.873060
2009-02-07,08:15,34.1,,34.0,99.8,1.0,SE@1.1,3.1,39.9,0.0,21,"Fir Island, Skagit County",330021,Fir Island,2017-12-09 15:41:17.873060
2009-02-07,08:30,34.1,,34.0,99.8,1.0,SE@1.0,3.1,39.9,0.0,33,"Fir Island, Skagit County",330021,Fir Island,2017-12-09 15:41:17.873060
2009-02-07,08:45,34.0,,33.9,99.8,1.0,NE@2.7,4.2,39.9,0.0,64,"Fir Island, Skagit County",330021,Fir Island,2017-12-09 15:41:17.873060
2009-02-07,09:00,33.5,,33.5,99.8,1.0,NE@3.5,4.6,39.9,0.0,92,"Fir Island, Skagit County",330021,Fir Island,2017-12-09 15:41:17.873060
2009-02-07,09:15,33.7,,33.6,99.8,1.0,NE@2.7,3.5,39.8,0.0,113,"Fir Island, Skagit County",330021,Fir Island,2017-12-09 15:41:17.873060
2009-02-07,09:30,34.1,,34.0,99.8,1.0,NE@2.4,3.5,39.8,0.0,137,"Fir Island, Skagit County",330021,Fir Island,2017-12-09 15:41:17.873060
2009-02-07,09:45,35.7,,35.6,99.8,1.0,SW@0.9,3.1,39.8,0.0,182,"Fir Island, Skagit County",330021,Fir Island,2017-12-09 15:41:17.873060
2009-02-07,10:00,37.1,,37.0,99.8,1.0,W@1.8,3.1,39.8,0.0,268,"Fir Island, Skagit County",330021,Fir Island,2017-12-09 15:41:17.873060
2009-02-07,10:15,37.9,,37.8,99.8,1.0,S@2.0,5.3,39.8,0.0,175,"Fir Island, Skagit County",330021,Fir Island,2017-12-09 15:41:17.873060
2009-02-07,10:30,37.4,,37.4,99.8,1.0,SE@3.4,4.9,39.7,0.0,175,"Fir Island, Skagit County",330021,Fir Island,2017-12-09 15:41:17.873060
2009-02-07,10:45,37.8,,37.7,99.8,1.0,SW@2.3,4.6,39.7,0.0,136,"Fir Island, Skagit County",330021,Fir Island,2017-12-09 15:41:17.873060
2009-02-07,11:00,38.5,,38.4,99.8,0.98,SW@1.5,3.1,39.7,0.0,292,"Fir Island, Skagit County",330021,Fir Island,2017-12-09 15:41:17.873060
2009-02-07,11:15,38.9,,38.9,99.8,0.94,W@1.3,3.5,39.7,0.0,195,"Fir Island, Skagit County",330021,Fir Island,2017-12-09 15:41:17.873060
2009-02-07,11:30,39.5,,39.5,99.8,0.94,S@1.1,3.9,39.7,0.0,266,"Fir Island, Skagit County",330021,Fir Island,2017-12-09 15:41:17.873060
2009-02-07,11:45,39.3,,39.3,99.8,0.93,SW@3.4,5.3,39.7,0.0,312,"Fir Island, Skagit County",330021,Fir Island,2017-12-09 15:41:17.873060
2009-02-07,12:00,39.7,,39.5,99.2,0.92,S@4.6,6.4,39.7,0.0,324,"Fir Island, Skagit County",330021,Fir Island,2017-12-09 15:41:17.873060
2009-02-07,12:15,40.4,,39.2,95.3,0.9,S@5.0,8.2,39.7,0.0,438,"Fir Island, Skagit County",330021,Fir Island,2017-12-09 15:41:17.873060
2009-02-07,12:30,40.1,,38.9,95.4,0.89,S@5.8,8.2,39.7,0.0,455,"Fir Island, Skagit County",330021,Fir Island,2017-12-09 15:41:17.873060
2009-02-07,12:45,40.5,,39.0,94.2,0.87,SW@4.9,7.4,39.7,0.0,476,"Fir Island, Skagit County",330021,Fir Island,2017-12-09 15:41:17.873060
2009-02-07,13:00,41.7,,39.0,90.3,0.84,SW@3.2,5.3,39.7,0.0,427,"Fir Island, Skagit County",330021,Fir Island,2017-12-09 15:41:17.873060
2009-02-07,13:15,41.6,,38.9,90.1,0.77,SW@4.3,7.1,39.7,0.0,426,"Fir Island, Skagit County",330021,Fir Island,2017-12-09 15:41:17.873060
2009-02-07,13:30,41.7,,39.1,90.6,0.64,S@4.6,6.7,39.7,0.0,400,"Fir Island, Skagit County",330021,Fir Island,2017-12-09 15:41:17.873060
2009-02-07,13:45,41.9,,39.2,90.1,0.35,S@4.2,6.4,39.7,0.0,404,"Fir Island, Skagit County",330021,Fir Island,2017-12-09 15:41:17.873060
2009-02-07,14:00,42.3,,39.6,90.3,0.09,S@3.6,6.7,39.8,0.0,373,"Fir Island, Skagit County",330021,Fir Island,2017-12-09 15:41:17.873060
2009-02-07,14:15,42.8,,40.1,90.3,0.02,S@2.6,6.0,39.8,0.0,406,"Fir Island, Skagit County",330021,Fir Island,2017-12-09 15:41:17.873060
2009-02-07,14:30,43.9,,40.8,88.5,0.0,SE@1.9,3.9,39.8,0.0,384,"Fir Island, Skagit County",330021,Fir Island,2017-12-09 15:41:17.873060
2009-02-07,14:45,43.9,,40.9,89.3,0.0,SE@2.0,4.2,39.9,0.0,331,"Fir Island, Skagit County",330021,Fir Island,2017-12-09 15:41:17.873060
2009-02-07,15:00,43.6,,40.8,89.9,0.0,S@2.5,4.2,39.9,0.0,260,"Fir Island, Skagit County",330021,Fir Island,2017-12-09 15:41:17.873060
2009-02-07,15:15,43.9,,41.2,89.8,0.0,S@2.0,4.6,39.9,0.0,174,"Fir Island, Skagit County",330021,Fir Island,2017-12-09 15:41:17.873060
2009-02-07,15:30,43.7,,41.2,90.7,0.0,SW@2.6,4.2,40.0,0.0,166,"Fir Island, Skagit County",330021,Fir Island,2017-12-09 15:41:17.873060
2009-02-07,15:45,43.8,,41.3,91.0,0.0,SW@1.9,3.9,40.0,0.0,139,"Fir Island, Skagit County",330021,Fir Island,2017-12-09 15:41:17.873060
2009-02-07,16:00,44.3,,41.6,90.0,0.01,W@1.9,3.5,40.1,0.0,146,"Fir Island, Skagit County",330021,Fir Island,2017-12-09 15:41:17.873060
2009-02-07,16:15,44.5,,41.4,88.7,0.01,W@1.5,3.5,40.1,0.0,136,"Fir Island, Skagit County",330021,Fir Island,2017-12-09 15:41:17.873060
2009-02-07,16:30,44.1,,41.1,89.1,0.01,SW@2.5,3.9,40.1,0.0,133,"Fir Island, Skagit County",330021,Fir Island,2017-12-09 15:41:17.873060
2009-02-07,16:45,43.5,,40.8,90.2,0.01,SW@2.8,4.6,40.2,0.0,69,"Fir Island, Skagit County",330021,Fir Island,2017-12-09 15:41:17.873060
2009-02-07,17:00,42.9,,40.5,91.1,0.02,W@0.5,2.4,40.2,0.0,28,"Fir Island, Skagit County",330021,Fir Island,2017-12-09 15:41:17.873060
2009-02-07,17:15,42.3,,40.5,93.2,0.04,SW@2.2,3.9,40.3,0.0,13,"Fir Island, Skagit County",330021,Fir Island,2017-12-09 15:41:17.873060
2009-02-07,17:30,41.2,,39.9,95.0,0.09,N@0.0,0.0,40.3,0.0,3,"Fir Island, Skagit County",330021,Fir Island,2017-12-09 15:41:17.873060
2009-02-07,17:45,40.9,,39.8,95.9,0.15,N@0.0,0.0,40.4,0.0,0,"Fir Island, Skagit County",330021,Fir Island,2017-12-09 15:41:17.873060
2009-02-07,18:00,40.5,,39.5,96.2,0.2,N@0.0,0.0,40.4,0.0,0,"Fir Island, Skagit County",330021,Fir Island,2017-12-09 15:41:17.873060
2009-02-07,18:15,40.0,,39.2,96.8,0.26,N@0.0,0.0,40.5,0.0,0,"Fir Island, Skagit County",330021,Fir Island,2017-12-09 15:41:17.873060
2009-02-07,18:30,40.0,,39.2,97.0,0.31,N@0.0,0.0,40.5,0.0,0,"Fir Island, Skagit County",330021,Fir Island,2017-12-09 15:41:17.873060
2009-02-07,18:45,40.0,,39.2,97.0,0.35,N@0.0,0.0,40.5,0.0,0,"Fir Island, Skagit County",330021,Fir Island,2017-12-09 15:41:17.873060
2009-02-07,19:00,39.6,,38.9,97.1,0.38,N@0.0,0.0,40.6,0.0,0,"Fir Island, Skagit County",330021,Fir Island,2017-12-09 15:41:17.873060
2009-02-07,19:15,39.4,,38.7,97.3,0.41,N@0.0,0.0,40.6,0.0,0,"Fir Island, Skagit County",330021,Fir Island,2017-12-09 15:41:17.873060
2009-02-07,19:30,39.1,,38.6,98.1,0.43,N@0.0,0.0,40.6,0.0,0,"Fir Island, Skagit County",330021,Fir Island,2017-12-09 15:41:17.873060
2009-02-07,19:45,39.1,,38.9,99.2,0.46,NE@1.6,3.5,40.6,0.0,0,"Fir Island, Skagit County",330021,Fir Island,2017-12-09 15:41:17.873060
2009-02-07,20:00,39.1,,39.0,99.6,0.49,NE@0.9,3.1,40.6,0.0,0,"Fir Island, Skagit County",330021,Fir Island,2017-12-09 15:41:17.873060
2009-02-07,20:15,38.8,,38.6,99.3,0.51,SW@0.3,2.4,40.7,0.0,0,"Fir Island, Skagit County",330021,Fir Island,2017-12-09 15:41:17.873060
2009-02-07,20:30,37.9,,37.7,99.5,0.53,W@0.0,1.4,40.7,0.0,0,"Fir Island, Skagit County",330021,Fir Island,2017-12-09 15:41:17.873060
2009-02-07,20:45,37.4,,37.3,99.6,0.56,NW@0.8,2.1,40.7,0.0,0,"Fir Island, Skagit County",330021,Fir Island,2017-12-09 15:41:17.873060
2009-02-07,21:00,37.3,,37.2,99.8,0.58,NW@0.4,1.7,40.7,0.0,0,"Fir Island, Skagit County",330021,Fir Island,2017-12-09 15:41:17.873060
2009-02-07,21:15,37.2,,37.1,99.7,0.6,S@0.0,1.4,40.7,0.0,0,"Fir Island, Skagit County",330021,Fir Island,2017-12-09 15:41:17.873060
2009-02-07,21:30,37.1,,37.0,99.7,0.64,S@0.5,2.8,40.7,0.0,0,"Fir Island, Skagit County",330021,Fir Island,2017-12-09 15:41:17.873060
2009-02-07,21:45,37.0,,37.0,99.8,0.68,NE@2.5,3.1,40.7,0.0,0,"Fir Island, Skagit County",330021,Fir Island,2017-12-09 15:41:17.873060
2009-02-07,22:00,36.6,,36.5,99.8,0.7,NE@2.6,3.9,40.7,0.0,0,"Fir Island, Skagit County",330021,Fir Island,2017-12-09 15:41:17.873060
2009-02-07,22:15,36.4,,36.3,99.8,0.73,NE@2.2,3.5,40.7,0.0,0,"Fir Island, Skagit County",330021,Fir Island,2017-12-09 15:41:17.873060
2009-02-07,22:30,36.0,,36.0,99.8,0.75,W@0.1,1.7,40.7,0.0,0,"Fir Island, Skagit County",330021,Fir Island,2017-12-09 15:41:17.873060
2009-02-07,22:45,35.5,,35.5,99.8,0.78,W@0.0,1.4,40.7,0.0,0,"Fir Island, Skagit County",330021,Fir Island,2017-12-09 15:41:17.873060
2009-02-07,23:00,35.6,,35.5,99.8,0.81,N@0.0,0.0,40.7,0.0,0,"Fir Island, Skagit County",330021,Fir Island,2017-12-09 15:41:17.873060
2009-02-07,23:15,35.1,,35.0,99.8,0.83,NW@0.5,2.4,40.7,0.0,0,"Fir Island, Skagit County",330021,Fir Island,2017-12-09 15:41:17.873060
2009-02-07,23:30,35.0,,34.9,99.8,0.85,N@0.0,0.0,40.7,0.0,0,"Fir Island, Skagit County",330021,Fir Island,2017-12-09 15:41:17.873060
2009-02-07,23:45,35.0,,35.0,99.8,0.87,NW@0.1,1.7,40.7,0.0,0,"Fir Island, Skagit County",330021,Fir Island,2017-12-09 15:41:17.873060
2009-02-07,24:00,34.6,,34.5,99.8,0.88,N@0.0,0.0,40.7,0.0,0,"Fir Island, Skagit County",330021,Fir Island,2017-12-09 15:41:17.873060
2009-02-08,00:15,34.1,,34.0,99.7,0.89,N@0.0,0.0,40.7,0.0,0,"Fir Island, Skagit County",330021,Fir Island,2017-12-09 15:41:17.873060
2009-02-08,00:30,34.5,,34.4,99.8,0.9,NW@0.7,2.4,40.7,0.0,0,"Fir Island, Skagit County",330021,Fir Island,2017-12-09 15:41:17.873060
2009-02-08,00:45,34.3,,34.2,99.8,0.91,SE@1.4,3.5,40.7,0.0,0,"Fir Island, Skagit County",330021,Fir Island,2017-12-09 15:41:17.873060
2009-02-08,01:00,33.3,,33.3,99.8,0.91,E@1.7,3.5,40.7,0.0,0,"Fir Island, Skagit County",330021,Fir Island,2017-12-09 15:41:17.873060
2009-02-08,01:15,33.9,,33.8,99.8,0.92,S@0.0,1.4,40.6,0.0,0,"Fir Island, Skagit County",330021,Fir Island,2017-12-09 15:41:17.873060
2009-02-08,01:30,34.0,,33.9,99.8,0.93,W@0.3,2.8,40.6,0.0,0,"Fir Island, Skagit County",330021,Fir Island,2017-12-09 15:41:17.873060
2009-02-08,01:45,33.6,,33.6,99.8,0.93,W@1.6,3.9,40.6,0.0,0,"Fir Island, Skagit County",330021,Fir Island,2017-12-09 15:41:17.873060
2009-02-08,02:00,34.1,,34.0,99.8,0.93,N@0.0,0.0,40.6,0.0,0,"Fir Island, Skagit County",330021,Fir Island,2017-12-09 15:41:17.873060
2009-02-08,02:15,34.1,,34.0,99.8,0.93,N@0.0,0.0,40.6,0.0,0,"Fir Island, Skagit County",330021,Fir Island,2017-12-09 15:41:17.873060
2009-02-08,02:30,33.7,,33.6,99.8,0.93,E@0.7,2.4,40.6,0.0,0,"Fir Island, Skagit County",330021,Fir Island,2017-12-09 15:41:17.873060
2009-02-08,02:45,33.4,,33.3,99.8,0.94,E@2.3,3.5,40.5,0.0,0,"Fir Island, Skagit County",330021,Fir Island,2017-12-09 15:41:17.873060
2009-02-08,03:00,33.2,,33.2,99.8,0.94,E@1.8,3.1,40.5,0.0,0,"Fir Island, Skagit County",330021,Fir Island,2017-12-09 15:41:17.873060
2009-02-08,03:15,33.7,,33.7,99.8,0.94,SE@1.1,2.8,40.5,0.0,0,"Fir Island, Skagit County",330021,Fir Island,2017-12-09 15:41:17.873060
2009-02-08,03:30,34.0,,33.9,99.8,0.94,SE@0.1,1.7,40.5,0.0,0,"Fir Island, Skagit County",330021,Fir Island,2017-12-09 15:41:17.873060
2009-02-08,03:45,34.1,,34.0,99.8,0.95,N@0.0,0.0,40.5,0.0,0,"Fir Island, Skagit County",330021,Fir Island,2017-12-09 15:41:17.873060
2009-02-08,04:00,34.0,,34.0,99.8,0.95,NE@2.1,3.9,40.4,0.0,0,"Fir Island, Skagit County",330021,Fir Island,2017-12-09 15:41:17.873060
2009-02-08,04:15,34.1,,34.1,99.8,0.95,E@1.2,3.1,40.4,0.0,0,"Fir Island, Skagit County",330021,Fir Island,2017-12-09 15:41:17.873060
2009-02-08,04:30,34.4,,34.3,99.8,0.95,SW@1.0,2.8,40.4,0.0,0,"Fir Island, Skagit County",330021,Fir Island,2017-12-09 15:41:17.873060
2009-02-08,04:45,34.6,,34.5,99.8,0.97,SE@0.7,2.4,40.4,0.0,0,"Fir Island, Skagit County",330021,Fir Island,2017-12-09 15:41:17.873060
2009-02-08,05:00,35.1,,35.0,99.8,1.0,NW@0.2,2.1,40.3,0.0,0,"Fir Island, Skagit County",330021,Fir Island,2017-12-09 15:41:17.873060
2009-02-08,05:15,35.3,,35.2,99.8,1.0,NW@0.6,2.1,40.3,0.0,0,"Fir Island, Skagit County",330021,Fir Island,2017-12-09 15:41:17.873060
2009-02-08,05:30,35.2,,35.1,99.8,1.0,NE@2.6,3.9,40.3,0.0,0,"Fir Island, Skagit County",330021,Fir Island,2017-12-09 15:41:17.873060
2009-02-08,05:45,34.2,,34.1,99.8,1.0,E@2.0,3.9,40.3,0.0,0,"Fir Island, Skagit County",330021,Fir Island,2017-12-09 15:41:17.873060
2009-02-08,06:00,34.1,,34.0,99.8,1.0,NE@2.2,3.5,40.3,0.0,0,"Fir Island, Skagit County",330021,Fir Island,2017-12-09 15:41:17.873060
2009-02-08,06:15,34.1,,34.0,99.8,1.0,NE@2.0,2.8,40.2,0.0,0,"Fir Island, Skagit County",330021,Fir Island,2017-12-09 15:41:17.873060
2009-02-08,06:30,34.1,,34.0,99.8,1.0,NE@1.8,3.1,40.2,0.0,0,"Fir Island, Skagit County",330021,Fir Island,2017-12-09 15:41:17.873060
2009-02-08,06:45,34.1,,34.0,99.8,1.0,E@2.6,4.2,40.2,0.0,0,"Fir Island, Skagit County",330021,Fir Island,2017-12-09 15:41:17.873060
2009-02-08,07:00,34.2,,34.2,99.8,1.0,NE@3.2,4.6,40.2,0.0,0,"Fir Island, Skagit County",330021,Fir Island,2017-12-09 15:41:17.873060
2009-02-08,07:15,34.5,,34.5,99.8,1.0,SE@3.6,5.3,40.2,0.0,0,"Fir Island, Skagit County",330021,Fir Island,2017-12-09 15:41:17.873060
2009-02-08,07:30,34.5,,34.5,99.8,1.0,E@1.8,3.5,40.2,0.0,5,"Fir Island, Skagit County",330021,Fir Island,2017-12-09 15:41:17.873060
2009-02-08,07:45,34.5,,34.5,99.8,1.0,NE@2.9,4.2,40.1,0.0,12,"Fir Island, Skagit County",330021,Fir Island,2017-12-09 15:41:17.873060
2009-02-08,08:00,34.7,,34.7,99.8,1.0,SE@1.4,4.2,40.1,0.0,18,"Fir Island, Skagit County",330021,Fir Island,2017-12-09 15:41:17.873060
2009-02-08,08:15,35.0,,34.9,99.8,1.0,NW@1.1,2.8,40.1,0.0,18,"Fir Island, Skagit County",330021,Fir Island,2017-12-09 15:41:17.873060
2009-02-08,08:30,34.7,,34.7,99.8,1.0,SW@1.1,2.8,40.1,0.0,23,"Fir Island, Skagit County",330021,Fir Island,2017-12-09 15:41:17.873060
2009-02-08,08:45,35.0,,35.0,99.8,1.0,W@0.7,2.4,40.1,0.0,37,"Fir Island, Skagit County",330021,Fir Island,2017-12-09 15:41:17.873060
2009-02-08,09:00,35.2,,35.1,99.8,1.0,W@2.2,3.5,40.0,0.0,54,"Fir Island, Skagit County",330021,Fir Island,2017-12-09 15:41:17.873060
2009-02-08,09:15,35.7,,35.7,99.8,1.0,W@1.2,3.5,40.0,0.0,85,"Fir Island, Skagit County",330021,Fir Island,2017-12-09 15:41:17.873060
2009-02-08,09:30,36.2,,36.2,99.8,1.0,SW@2.0,3.1,40.0,0.0,88,"Fir Island, Skagit County",330021,Fir Island,2017-12-09 15:41:17.873060
2009-02-08,09:45,36.4,,36.4,99.8,1.0,SW@1.1,2.8,40.0,0.0,93,"Fir Island, Skagit County",330021,Fir Island,2017-12-09 15:41:17.873060
2009-02-08,10:00,36.3,,36.2,99.8,1.0,S@2.4,4.9,40.0,0.0,104,"Fir Island, Skagit County",330021,Fir Island,2017-12-09 15:41:17.873060
2009-02-08,10:15,36.1,,36.0,99.8,1.0,S@3.6,5.7,40.0,0.0,104,"Fir Island, Skagit County",330021,Fir Island,2017-12-09 15:41:17.873060
2009-02-08,10:30,36.7,,36.6,99.8,1.0,S@4.9,7.1,40.0,0.0,108,"Fir Island, Skagit County",330021,Fir Island,2017-12-09 15:41:17.873060
2009-02-08,10:45,37.1,,37.1,99.8,1.0,S@4.9,7.1,39.9,0.0,128,"Fir Island, Skagit County",330021,Fir Island,2017-12-09 15:41:17.873060
2009-02-08,11:00,37.3,,37.1,99.2,0.95,S@3.7,5.3,39.9,0.0,142,"Fir Island, Skagit County",330021,Fir Island,2017-12-09 15:41:17.873060
2009-02-08,11:15,37.9,,37.0,96.3,0.94,SE@3.1,4.2,39.9,0.0,154,"Fir Island, Skagit County",330021,Fir Island,2017-12-09 15:41:17.873060
2009-02-08,11:30,38.6,,37.1,94.3,0.93,SE@1.7,3.5,39.9,0.0,144,"Fir Island, Skagit County",330021,Fir Island,2017-12-09 15:41:17.873060
2009-02-08,11:45,39.6,,37.4,91.6,0.92,SE@0.3,2.4,39.9,0.0,141,"Fir Island, Skagit County",330021,Fir Island,2017-12-09 15:41:17.873060
2009-02-08,12:00,40.0,,37.1,89.3,0.91,SW@1.3,3.9,39.9,0.0,141,"Fir Island, Skagit County",330021,Fir Island,2017-12-09 15:41:17.873060
2009-02-08,12:15,40.0,,36.8,88.0,0.88,SW@5.7,8.9,39.9,0.01,153,"Fir Island, Skagit County",330021,Fir Island,2017-12-09 15:41:17.873060
2009-02-08,12:30,40.4,,37.6,89.8,0.84,SW@6.2,8.9,39.9,0.0,185,"Fir Island, Skagit County",330021,Fir Island,2017-12-09 15:41:17.873060
2009-02-08,12:45,40.4,,37.9,90.6,0.77,S@6.5,8.5,39.9,0.0,175,"Fir Island, Skagit County",330021,Fir Island,2017-12-09 15:41:17.873060
2009-02-08,13:00,40.9,,38.7,91.7,0.66,S@5.5,7.8,39.9,0.0,169,"Fir Island, Skagit County",330021,Fir Island,2017-12-09 15:41:17.873060
2009-02-08,13:15,41.3,,38.1,88.4,0.42,SE@5.8,8.2,39.9,0.0,172,"Fir Island, Skagit County",330021,Fir Island,2017-12-09 15:41:17.873060
2009-02-08,13:30,42.6,,38.1,83.9,0.11,SE@6.1,8.5,39.9,0.0,154,"Fir Island, Skagit County",330021,Fir Island,2017-12-09 15:41:17.873060
2009-02-08,13:45,42.5,,39.4,88.5,0.02,SE@5.3,7.1,39.9,0.0,96,"Fir Island, Skagit County",330021,Fir Island,2017-12-09 15:41:17.873060
2009-02-08,14:00,42.6,,39.5,88.9,0.01,E@3.4,6.0,39.9,0.0,106,"Fir Island, Skagit County",330021,Fir Island,2017-12-09 15:41:17.873060
2009-02-08,14:15,43.1,,39.4,86.6,0.0,E@4.2,6.0,39.9,0.0,134,"Fir Island, Skagit County",330021,Fir Island,2017-12-09 15:41:17.873060
2009-02-08,14:30,44.4,,40.0,84.4,0.0,SW@3.5,6.0,39.9,0.0,145,"Fir Island, Skagit County",330021,Fir Island,2017-12-09 15:41:17.873060
2009-02-08,14:45,44.6,,40.4,85.0,0.0,SW@3.4,5.7,39.9,0.0,142,"Fir Island, Skagit County",330021,Fir Island,2017-12-09 15:41:17.873060
2009-02-08,15:00,44.4,,40.5,86.1,0.0,SW@4.7,8.2,40.0,0.0,132,"Fir Island, Skagit County",330021,Fir Island,2017-12-09 15:41:17.873060
2009-02-08,15:15,43.9,,40.9,88.9,0.0,SW@4.4,7.4,40.0,0.0,146,"Fir Island, Skagit County",330021,Fir Island,2017-12-09 15:41:17.873060
2009-02-08,15:30,44.4,,41.1,88.0,0.0,SW@3.8,6.4,40.0,0.0,130,"Fir Island, Skagit County",330021,Fir Island,2017-12-09 15:41:17.873060
2009-02-08,15:45,44.0,,40.6,87.6,0.0,W@3.3,6.0,40.0,0.0,89,"Fir Island, Skagit County",330021,Fir Island,2017-12-09 15:41:17.873060
2009-02-08,16:00,43.9,,40.6,88.2,0.0,W@2.8,4.2,40.0,0.0,72,"Fir Island, Skagit County",330021,Fir Island,2017-12-09 15:41:17.873060
2009-02-08,16:15,43.6,,40.5,88.5,0.0,SW@2.7,4.2,40.1,0.0,46,"Fir Island, Skagit County",330021,Fir Island,2017-12-09 15:41:17.873060
2009-02-08,16:30,43.6,,40.5,88.7,0.0,SW@2.6,3.9,40.1,0.0,17,"Fir Island, Skagit County",330021,Fir Island,2017-12-09 15:41:17.873060
2009-02-08,16:45,43.6,,40.7,89.4,0.01,W@1.8,3.1,40.1,0.0,8,"Fir Island, Skagit County",330021,Fir Island,2017-12-09 15:41:17.873060
2009-02-08,17:00,43.3,,40.7,90.2,0.01,W@1.3,3.5,40.1,0.0,4,"Fir Island, Skagit County",330021,Fir Island,2017-12-09 15:41:17.873060
2009-02-08,17:15,43.0,,40.4,90.3,0.01,W@2.4,3.5,40.1,0.0,3,"Fir Island, Skagit County",330021,Fir Island,2017-12-09 15:41:17.873060
2009-02-08,17:30,42.7,,40.5,91.8,0.01,W@2.6,4.2,40.1,0.0,3,"Fir Island, Skagit County",330021,Fir Island,2017-12-09 15:41:17.873060
2009-02-08,17:45,43.1,,40.3,89.6,0.01,W@0.9,3.1,40.1,0.0,0,"Fir Island, Skagit County",330021,Fir Island,2017-12-09 15:41:17.873060
2009-02-08,18:00,43.3,,40.3,88.9,0.01,SW@1.6,3.9,40.2,0.0,0,"Fir Island, Skagit County",330021,Fir Island,2017-12-09 15:41:17.873060
2009-02-08,18:15,43.4,,40.4,89.2,0.01,SW@3.2,5.3,40.2,0.0,0,"Fir Island, Skagit County",330021,Fir Island,2017-12-09 15:41:17.873060
2009-02-08,18:30,43.4,,39.7,86.5,0.0,S@4.7,8.9,40.2,0.0,0,"Fir Island, Skagit County",330021,Fir Island,2017-12-09 15:41:17.873060
2009-02-08,18:45,43.6,,39.7,86.0,0.0,S@4.3,7.1,40.2,0.0,0,"Fir Island, Skagit County",330021,Fir Island,2017-12-09 15:41:17.873060
2009-02-08,19:00,43.6,,39.0,83.4,0.0,S@5.6,10.3,40.2,0.0,0,"Fir Island, Skagit County",330021,Fir Island,2017-12-09 15:41:17.873060
2009-02-08,19:15,44.4,,38.7,80.3,0.0,S@8.6,12.4,40.3,0.0,0,"Fir Island, Skagit County",330021,Fir Island,2017-12-09 15:41:17.873060
2009-02-08,19:30,43.9,,38.6,81.7,0.0,S@7.5,10.7,40.3,0.0,0,"Fir Island, Skagit County",330021,Fir Island,2017-12-09 15:41:17.873060
2009-02-08,19:45,43.7,,38.6,82.0,0.0,S@7.9,12.1,40.3,0.0,0,"Fir Island, Skagit County",330021,Fir Island,2017-12-09 15:41:17.873060
2009-02-08,20:00,43.7,,38.5,81.7,0.0,S@8.5,11.4,40.3,0.0,0,"Fir Island, Skagit County",330021,Fir Island,2017-12-09 15:41:17.873060
2009-02-08,20:15,43.5,,38.5,82.3,0.0,SE@8.3,11.4,40.3,0.0,0,"Fir Island, Skagit County",330021,Fir Island,2017-12-09 15:41:17.873060
2009-02-08,20:30,43.4,,38.4,82.4,0.0,SE@7.0,9.6,40.4,0.0,0,"Fir Island, Skagit County",330021,Fir Island,2017-12-09 15:41:17.873060
2009-02-08,20:45,43.4,,38.4,82.6,0.0,S@8.4,13.2,40.4,0.0,0,"Fir Island, Skagit County",330021,Fir Island,2017-12-09 15:41:17.873060
2009-02-08,21:00,43.6,,38.5,82.0,0.0,SE@11.0,17.8,40.3,0.0,0,"Fir Island, Skagit County",330021,Fir Island,2017-12-09 15:41:17.873060
2009-02-08,21:15,43.2,,38.6,83.5,0.0,SE@10.0,16.0,40.4,0.0,0,"Fir Island, Skagit County",330021,Fir Island,2017-12-09 15:41:17.873060
2009-02-08,21:30,43.4,,38.8,83.4,0.0,SE@10.3,15.0,40.3,0.0,0,"Fir Island, Skagit County",330021,Fir Island,2017-12-09 15:41:17.873060
2009-02-08,21:45,43.6,,38.8,82.9,0.0,S@11.3,15.0,40.4,0.0,0,"Fir Island, Skagit County",330021,Fir Island,2017-12-09 15:41:17.873060
2009-02-08,22:00,43.2,,39.0,84.9,0.0,S@10.8,15.3,40.4,0.0,0,"Fir Island, Skagit County",330021,Fir Island,2017-12-09 15:41:17.873060
2009-02-08,22:15,42.8,,38.9,86.1,0.0,S@9.5,13.2,40.4,0.0,0,"Fir Island, Skagit County",330021,Fir Island,2017-12-09 15:41:17.873060
2009-02-08,22:30,42.3,,39.3,88.8,0.0,S@9.5,12.4,40.4,0.0,0,"Fir Island, Skagit County",330021,Fir Island,2017-12-09 15:41:17.873060
2009-02-08,22:45,42.1,,39.6,90.8,0.0,S@9.1,12.1,40.4,0.0,0,"Fir Island, Skagit County",330021,Fir Island,2017-12-09 15:41:17.873060
2009-02-08,23:00,40.4,,38.5,92.9,0.45,SW@6.2,11.0,40.4,0.01,0,"Fir Island, Skagit County",330021,Fir Island,2017-12-09 15:41:17.873060
2009-02-08,23:15,38.6,,37.9,97.1,0.9,W@6.2,9.2,40.4,0.02,0,"Fir Island, Skagit County",330021,Fir Island,2017-12-09 15:41:17.873060
2009-02-08,23:30,38.5,,37.9,97.7,0.9,W@5.0,8.5,40.4,0.01,0,"Fir Island, Skagit County",330021,Fir Island,2017-12-09 15:41:17.873060
2009-02-08,23:45,38.5,,37.6,96.8,0.91,W@4.9,8.2,40.5,0.0,0,"Fir Island, Skagit County",330021,Fir Island,2017-12-09 15:41:17.873060
2009-02-08,24:00,38.5,,37.3,95.6,0.92,W@5.8,10.3,40.5,0.0,0,"Fir Island, Skagit County",330021,Fir Island,2017-12-09 15:41:17.873060
2009-02-09,00:15,38.4,,36.6,93.4,0.93,W@6.4,9.9,40.5,0.01,0,"Fir Island, Skagit County",330021,Fir Island,2017-12-09 15:41:17.873060
2009-02-09,00:30,38.6,,35.8,89.5,0.93,W@6.2,10.3,40.5,0.0,0,"Fir Island, Skagit County",330021,Fir Island,2017-12-09 15:41:17.873060
2009-02-09,00:45,38.3,,36.1,91.7,0.95,W@5.9,8.5,40.5,0.0,0,"Fir Island, Skagit County",330021,Fir Island,2017-12-09 15:41:17.873060
2009-02-09,01:00,38.0,,35.6,91.1,0.97,W@6.6,13.9,40.5,0.0,0,"Fir Island, Skagit County",330021,Fir Island,2017-12-09 15:41:17.873060
2009-02-09,01:15,38.2,,35.3,89.0,0.99,W@6.3,11.4,40.5,0.01,0,"Fir Island, Skagit County",330021,Fir Island,2017-12-09 15:41:17.873060
2009-02-09,01:30,39.2,,34.6,83.5,0.98,W@6.0,10.7,40.5,0.0,0,"Fir Island, Skagit County",330021,Fir Island,2017-12-09 15:41:17.873060
2009-02-09,01:45,39.7,,35.1,83.2,0.94,W@5.4,9.2,40.5,0.0,0,"Fir Island, Skagit County",330021,Fir Island,2017-12-09 15:41:17.873060
2009-02-09,02:00,40.0,,34.6,80.7,0.91,W@6.0,10.7,40.5,0.0,0,"Fir Island, Skagit County",330021,Fir Island,2017-12-09 15:41:17.873060
2009-02-09,02:15,40.4,,34.4,79.1,0.84,W@5.8,9.6,40.5,0.0,0,"Fir Island, Skagit County",330021,Fir Island,2017-12-09 15:41:17.873060
2009-02-09,02:30,40.4,,34.4,78.9,0.75,W@5.5,8.9,40.5,0.0,0,"Fir Island, Skagit County",330021,Fir Island,2017-12-09 15:41:17.873060
2009-02-09,02:45,40.4,,34.3,78.7,0.59,W@5.0,7.8,40.5,0.0,0,"Fir Island, Skagit County",330021,Fir Island,2017-12-09 15:41:17.873060
2009-02-09,03:00,40.4,,34.3,78.6,0.31,W@4.5,8.2,40.5,0.0,0,"Fir Island, Skagit County",330021,Fir Island,2017-12-09 15:41:17.873060
2009-02-09,03:15,40.4,,34.1,77.8,0.09,W@5.4,8.5,40.5,0.0,0,"Fir Island, Skagit County",330021,Fir Island,2017-12-09 15:41:17.873060
2009-02-09,03:30,40.2,,34.0,78.2,0.03,W@4.8,7.8,40.5,0.0,0,"Fir Island, Skagit County",330021,Fir Island,2017-12-09 15:41:17.873060
2009-02-09,03:45,40.1,,33.7,77.5,0.01,W@5.6,9.6,40.5,0.0,0,"Fir Island, Skagit County",330021,Fir Island,2017-12-09 15:41:17.873060
2009-02-09,04:00,40.0,,33.5,77.4,0.0,W@4.8,8.9,40.5,0.0,0,"Fir Island, Skagit County",330021,Fir Island,2017-12-09 15:41:17.873060
2009-02-09,04:15,40.0,,33.2,76.7,0.0,W@4.8,9.2,40.5,0.0,0,"Fir Island, Skagit County",330021,Fir Island,2017-12-09 15:41:17.873060
2009-02-09,04:30,39.5,,33.1,77.5,0.0,W@4.0,6.4,40.5,0.0,0,"Fir Island, Skagit County",330021,Fir Island,2017-12-09 15:41:17.873060
2009-02-09,04:45,39.5,,33.5,78.8,0.0,W@3.8,7.1,40.5,0.0,0,"Fir Island, Skagit County",330021,Fir Island,2017-12-09 15:41:17.873060
2009-02-09,05:00,39.9,,34.0,79.2,0.0,W@4.1,7.8,40.4,0.0,0,"Fir Island, Skagit County",330021,Fir Island,2017-12-09 15:41:17.873060
2009-02-09,05:15,39.8,,33.8,78.8,0.0,W@4.4,7.8,40.4,0.0,0,"Fir Island, Skagit County",330021,Fir Island,2017-12-09 15:41:17.873060
2009-02-09,05:30,39.9,,33.8,78.9,0.0,W@4.8,8.5,40.4,0.0,0,"Fir Island, Skagit County",330021,Fir Island,2017-12-09 15:41:17.873060
2009-02-09,05:45,40.0,,34.1,79.4,0.0,W@5.0,9.6,40.4,0.0,0,"Fir Island, Skagit County",330021,Fir Island,2017-12-09 15:41:17.873060
2009-02-09,06:00,39.7,,33.9,79.6,0.0,W@4.6,7.4,40.4,0.0,0,"Fir Island, Skagit County",330021,Fir Island,2017-12-09 15:41:17.873060
2009-02-09,06:15,39.2,,33.2,78.9,0.0,W@4.2,7.1,40.4,0.0,0,"Fir Island, Skagit County",330021,Fir Island,2017-12-09 15:41:17.873060
2009-02-09,06:30,38.6,,32.9,79.7,0.0,W@3.8,5.3,40.4,0.0,0,"Fir Island, Skagit County",330021,Fir Island,2017-12-09 15:41:17.873060
2009-02-09,06:45,37.4,,33.7,86.2,0.01,SW@6.7,9.9,40.4,0.0,0,"Fir Island, Skagit County",330021,Fir Island,2017-12-09 15:41:17.873060
2009-02-09,07:00,35.9,,34.5,94.6,0.03,S@8.0,11.4,40.4,0.0,0,"Fir Island, Skagit County",330021,Fir Island,2017-12-09 15:41:17.873060
2009-02-09,07:15,36.2,,34.5,93.7,0.05,S@8.4,12.1,40.3,0.0,0,"Fir Island, Skagit County",330021,Fir Island,2017-12-09 15:41:17.873060
2009-02-09,07:30,35.8,,34.7,95.9,0.05,S@6.1,8.5,40.3,0.0,3,"Fir Island, Skagit County",330021,Fir Island,2017-12-09 15:41:17.873060
2009-02-09,07:45,35.9,,34.8,95.9,0.05,S@5.5,7.8,40.3,0.0,3,"Fir Island, Skagit County",330021,Fir Island,2017-12-09 15:41:17.873060
2009-02-09,08:00,36.1,,35.0,95.8,0.04,S@6.0,8.9,40.3,0.0,12,"Fir Island, Skagit County",330021,Fir Island,2017-12-09 15:41:17.873060
2009-02-09,08:15,36.3,,35.1,95.6,0.04,S@6.7,9.2,40.2,0.0,29,"Fir Island, Skagit County",330021,Fir Island,2017-12-09 15:41:17.873060
2009-02-09,08:30,36.2,,35.1,95.5,0.03,S@5.4,8.2,40.2,0.0,33,"Fir Island, Skagit County",330021,Fir Island,2017-12-09 15:41:17.873060
2009-02-09,08:45,35.9,,34.7,95.2,0.03,SE@5.0,7.1,40.2,0.0,39,"Fir Island, Skagit County",330021,Fir Island,2017-12-09 15:41:17.873060
2009-02-09,09:00,36.2,,35.0,95.5,0.03,SE@5.2,7.8,40.2,0.0,32,"Fir Island, Skagit County",330021,Fir Island,2017-12-09 15:41:17.873060
2009-02-09,09:15,36.3,,35.2,95.6,0.04,SE@4.5,7.4,40.2,0.0,78,"Fir Island, Skagit County",330021,Fir Island,2017-12-09 15:41:17.873060
2009-02-09,09:30,36.8,,35.5,95.0,0.04,SE@5.3,8.9,40.2,0.0,75,"Fir Island, Skagit County",330021,Fir Island,2017-12-09 15:41:17.873060
2009-02-09,09:45,36.9,,35.6,94.9,0.03,SE@5.8,8.5,40.1,0.0,84,"Fir Island, Skagit County",330021,Fir Island,2017-12-09 15:41:17.873060
2009-02-09,10:00,37.2,,35.9,94.7,0.02,S@6.4,8.9,40.1,0.0,72,"Fir Island, Skagit County",330021,Fir Island,2017-12-09 15:41:17.873060
2009-02-09,10:15,37.7,,36.3,94.9,0.02,SE@6.7,9.6,40.1,0.0,198,"Fir Island, Skagit County",330021,Fir Island,2017-12-09 15:41:17.873060
2009-02-09,10:30,39.3,,37.2,92.1,0.01,S@7.9,12.1,40.0,0.0,403,"Fir Island, Skagit County",330021,Fir Island,2017-12-09 15:41:17.873060
2009-02-09,10:45,40.0,,37.3,90.2,0.01,S@8.9,12.1,40.0,0.0,517,"Fir Island, Skagit County",330021,Fir Island,2017-12-09 15:41:17.873060
2009-02-09,11:00,40.6,,37.7,89.4,0.0,S@9.8,13.9,40.0,0.0,384,"Fir Island, Skagit County",330021,Fir Island,2017-12-09 15:41:17.873060
2009-02-09,11:15,39.8,,37.3,90.6,0.0,S@9.4,13.2,40.0,0.0,278,"Fir Island, Skagit County",330021,Fir Island,2017-12-09 15:41:17.873060
2009-02-09,11:30,40.7,,37.8,89.0,0.0,S@10.3,14.6,40.0,0.0,394,"Fir Island, Skagit County",330021,Fir Island,2017-12-09 15:41:17.873060
2009-02-09,11:45,40.7,,37.5,88.2,0.0,S@10.4,14.6,40.1,0.0,270,"Fir Island, Skagit County",330021,Fir Island,2017-12-09 15:41:17.873060
2009-02-09,12:00,40.8,,37.3,87.2,0.0,S@10.3,14.2,40.1,0.0,307,"Fir Island, Skagit County",330021,Fir Island,2017-12-09 15:41:17.873060
2009-02-09,12:15,41.4,,37.6,86.2,0.0,S@11.7,14.6,40.1,0.0,396,"Fir Island, Skagit County",330021,Fir Island,2017-12-09 15:41:17.873060
2009-02-09,12:30,41.8,,37.7,85.3,0.0,S@12.1,15.0,40.1,0.0,435,"Fir Island, Skagit County",330021,Fir Island,2017-12-09 15:41:17.873060
2009-02-09,12:45,42.0,,37.6,84.0,0.0,S@11.2,15.0,40.1,0.0,374,"Fir Island, Skagit County",330021,Fir Island,2017-12-09 15:41:17.873060
2009-02-09,13:00,42.4,,36.5,79.4,0.0,S@9.3,13.5,40.1,0.0,371,"Fir Island, Skagit County",330021,Fir Island,2017-12-09 15:41:17.873060
2009-02-09,13:15,42.3,,37.6,83.3,0.0,S@9.8,14.2,40.1,0.0,265,"Fir Island, Skagit County",330021,Fir Island,2017-12-09 15:41:17.873060
2009-02-09,13:30,41.6,,35.8,79.5,0.15,W@5.1,11.7,40.2,0.0,53,"Fir Island, Skagit County",330021,Fir Island,2017-12-09 15:41:17.873060
2009-02-09,13:45,40.2,,35.6,83.6,0.91,W@2.3,3.5,40.2,0.0,68,"Fir Island, Skagit County",330021,Fir Island,2017-12-09 15:41:17.873060
2009-02-09,14:00,39.9,,36.3,86.9,0.98,NW@2.3,5.3,40.2,0.01,59,"Fir Island, Skagit County",330021,Fir Island,2017-12-09 15:41:17.873060
2009-02-09,14:15,38.5,,35.7,89.4,1.0,SW@2.6,4.2,40.2,0.02,29,"Fir Island, Skagit County",330021,Fir Island,2017-12-09 15:41:17.873060
2009-02-09,14:30,36.6,,34.4,91.7,0.95,SW@2.5,4.9,40.2,0.01,33,"Fir Island, Skagit County",330021,Fir Island,2017-12-09 15:41:17.873060
2009-02-09,14:45,36.8,,34.8,92.5,0.94,SE@2.1,4.2,40.3,0.04,58,"Fir Island, Skagit County",330021,Fir Island,2017-12-09 15:41:17.873060
2009-02-09,15:00,37.5,,35.7,93.1,0.94,SE@2.3,4.2,40.3,0.01,102,"Fir Island, Skagit County",330021,Fir Island,2017-12-09 15:41:17.873060
2009-02-09,15:15,38.0,,36.8,95.4,0.94,E@2.1,3.9,40.3,0.0,87,"Fir Island, Skagit County",330021,Fir Island,2017-12-09 15:41:17.873060
2009-02-09,15:30,38.0,,36.1,92.9,0.95,E@3.8,6.4,40.3,0.0,45,"Fir Island, Skagit County",330021,Fir Island,2017-12-09 15:41:17.873060
2009-02-09,15:45,38.1,,36.3,93.1,0.96,E@3.9,6.4,40.3,0.01,16,"Fir Island, Skagit County",330021,Fir Island,2017-12-09 15:41:17.873060
2009-02-09,16:00,37.3,,35.9,94.8,1.0,E@3.6,5.3,40.3,0.0,16,"Fir Island, Skagit County",330021,Fir Island,2017-12-09 15:41:17.873060
2009-02-09,16:15,37.3,,35.7,93.9,1.0,SE@4.5,13.9,40.3,0.01,9,"Fir Island, Skagit County",330021,Fir Island,2017-12-09 15:41:17.873060
2009-02-09,16:30,36.7,,35.4,94.8,1.0,SW@6.9,13.9,40.3,0.0,7,"Fir Island, Skagit County",330021,Fir Island,2017-12-09 15:41:17.873060
2009-02-09,16:45,36.0,,35.1,96.6,1.0,SW@7.5,12.8,40.4,0.0,10,"Fir Island, Skagit County",330021,Fir Island,2017-12-09 15:41:17.873060
2009-02-09,17:00,35.9,,35.1,97.1,1.0,SW@8.5,13.9,40.4,0.0,10,"Fir Island, Skagit County",330021,Fir Island,2017-12-09 15:41:17.873060
2009-02-09,17:15,35.7,,34.9,96.8,1.0,SW@9.1,13.9,40.4,0.0,5,"Fir Island, Skagit County",330021,Fir Island,2017-12-09 15:41:17.873060
2009-02-09,17:30,35.7,,35.0,97.1,1.0,SW@5.7,9.9,40.4,0.0,1,"Fir Island, Skagit County",330021,Fir Island,2017-12-09 15:41:17.873060
2009-02-09,17:45,36.3,,35.2,95.7,1.0,SW@4.4,7.4,40.4,0.0,0,"Fir Island, Skagit County",330021,Fir Island,2017-12-09 15:41:17.873060
2009-02-09,18:00,36.8,,35.1,93.5,0.98,SW@3.9,7.1,40.4,0.0,0,"Fir Island, Skagit County",330021,Fir Island,2017-12-09 15:41:17.873060
2009-02-09,18:15,37.1,,35.1,92.4,0.94,SW@4.0,6.7,40.4,0.0,0,"Fir Island, Skagit County",330021,Fir Island,2017-12-09 15:41:17.873060
2009-02-09,18:30,37.3,,35.0,91.4,0.94,SW@4.5,7.1,40.4,0.0,0,"Fir Island, Skagit County",330021,Fir Island,2017-12-09 15:41:17.873060
2009-02-09,18:45,37.2,,34.9,91.5,0.93,S@3.2,4.9,40.4,0.0,0,"Fir Island, Skagit County",330021,Fir Island,2017-12-09 15:41:17.873060
2009-02-09,19:00,35.7,,34.5,95.4,0.93,SE@4.6,7.1,40.4,0.0,0,"Fir Island, Skagit County",330021,Fir Island,2017-12-09 15:41:17.873060
2009-02-09,19:15,35.4,,34.0,94.6,0.92,SE@2.5,5.3,40.4,0.0,0,"Fir Island, Skagit County",330021,Fir Island,2017-12-09 15:41:17.873060
2009-02-09,19:30,34.8,,33.6,95.3,0.93,E@2.9,5.3,40.4,0.0,0,"Fir Island, Skagit County",330021,Fir Island,2017-12-09 15:41:17.873060
2009-02-09,19:45,34.6,,33.6,96.2,0.93,E@2.9,4.9,40.4,0.0,0,"Fir Island, Skagit County",330021,Fir Island,2017-12-09 15:41:17.873060
2009-02-09,20:00,34.5,,33.6,96.3,0.93,E@2.5,3.9,40.4,0.0,0,"Fir Island, Skagit County",330021,Fir Island,2017-12-09 15:41:17.873060
2009-02-09,20:15,34.2,,33.3,96.5,0.93,SE@3.5,4.6,40.3,0.0,0,"Fir Island, Skagit County",330021,Fir Island,2017-12-09 15:41:17.873060
2009-02-09,20:30,34.0,,33.0,96.1,0.93,S@1.8,4.2,40.3,0.0,0,"Fir Island, Skagit County",330021,Fir Island,2017-12-09 15:41:17.873060
2009-02-09,20:45,33.3,,32.3,96.1,0.93,S@2.1,3.1,40.3,0.0,0,"Fir Island, Skagit County",330021,Fir Island,2017-12-09 15:41:17.873060
2009-02-09,21:00,32.9,,32.2,97.2,0.94,S@3.7,6.0,40.3,0.0,0,"Fir Island, Skagit County",330021,Fir Island,2017-12-09 15:41:17.873060
2009-02-09,21:15,32.7,,32.1,97.7,0.94,S@4.5,5.7,40.3,0.0,0,"Fir Island, Skagit County",330021,Fir Island,2017-12-09 15:41:17.873060
2009-02-09,21:30,33.1,,32.6,98.2,0.94,S@3.1,4.9,40.3,0.0,0,"Fir Island, Skagit County",330021,Fir Island,2017-12-09 15:41:17.873060
2009-02-09,21:45,33.3,,32.8,98.1,0.94,S@3.9,5.3,40.3,0.0,0,"Fir Island, Skagit County",330021,Fir Island,2017-12-09 15:41:17.873060
2009-02-09,22:00,34.0,,33.3,97.5,0.94,S@2.9,4.9,40.2,0.0,0,"Fir Island, Skagit County",330021,Fir Island,2017-12-09 15:41:17.873060
2009-02-09,22:15,33.6,,32.9,97.4,0.94,S@4.0,6.4,40.2,0.0,0,"Fir Island, Skagit County",330021,Fir Island,2017-12-09 15:41:17.873060
2009-02-09,22:30,33.6,,33.1,98.0,0.94,S@7.0,9.6,40.2,0.0,0,"Fir Island, Skagit County",330021,Fir Island,2017-12-09 15:41:17.873060
2009-02-09,22:45,33.6,,33.1,98.2,0.94,S@6.6,9.6,40.2,0.0,0,"Fir Island, Skagit County",330021,Fir Island,2017-12-09 15:41:17.873060
2009-02-09,23:00,33.2,,32.9,98.7,0.94,S@7.4,9.2,40.2,0.01,0,"Fir Island, Skagit County",330021,Fir Island,2017-12-09 15:41:17.873060
2009-02-09,23:15,33.2,,32.7,98.1,0.93,SE@6.4,8.5,40.1,0.0,0,"Fir Island, Skagit County",330021,Fir Island,2017-12-09 15:41:17.873060
2009-02-09,23:30,33.2,,32.5,97.4,0.92,SE@5.6,7.8,40.1,0.0,0,"Fir Island, Skagit County",330021,Fir Island,2017-12-09 15:41:17.873060
2009-02-09,23:45,33.2,,32.6,97.9,0.89,S@3.5,6.0,40.0,0.0,0,"Fir Island, Skagit County",330021,Fir Island,2017-12-09 15:41:17.873060
2009-02-09,24:00,32.7,,32.3,98.2,0.72,SE@3.1,4.2,40.0,0.0,0,"Fir Island, Skagit County",330021,Fir Island,2017-12-09 15:41:17.873060
