Date,Time PDT,Air Temp °F, Dew Point °F, Rel Hum %, Tot Prec in, Wind Dir @ Speed mph, Wind Gust mph, Leaf Wet u., Solar Rad W/m², 8 in. Soil Tmp °F,Location,Station ID,Station Name,Download Timestamp
2009-10-29,00:15,42.5,42.0,98.1,0.0,SE@1.7,2.8,0.92,0,49.0,"Woodinvill (21 Acres), Woodinville, King County",330026,Woodinvill,2020-06-01 00:33:27.321290
2009-10-29,00:30,42.7,42.2,98.1,0.01,SE@1.1,2.8,0.91,0,49.0,"Woodinvill (21 Acres), Woodinville, King County",330026,Woodinvill,2020-06-01 00:33:27.321290
2009-10-29,00:45,42.5,42.0,98.0,0.0,SE@0.8,3.9,0.91,0,49.0,"Woodinvill (21 Acres), Woodinville, King County",330026,Woodinvill,2020-06-01 00:33:27.321290
2009-10-29,01:00,42.2,41.7,98.2,0.0,SE@1.1,2.1,0.91,0,49.0,"Woodinvill (21 Acres), Woodinville, King County",330026,Woodinvill,2020-06-01 00:33:27.321290
2009-10-29,01:15,42.2,41.7,98.1,0.0,SE@0.8,2.4,0.91,0,49.0,"Woodinvill (21 Acres), Woodinville, King County",330026,Woodinvill,2020-06-01 00:33:27.321290
2009-10-29,01:30,42.2,41.7,98.1,0.0,SE@1.3,3.5,0.91,0,49.0,"Woodinvill (21 Acres), Woodinville, King County",330026,Woodinvill,2020-06-01 00:33:27.321290
2009-10-29,01:45,42.2,41.8,98.3,0.0,S@1.4,3.1,0.91,0,48.9,"Woodinvill (21 Acres), Woodinville, King County",330026,Woodinvill,2020-06-01 00:33:27.321290
2009-10-29,02:00,42.2,41.8,98.4,0.01,SE@1.7,3.1,0.91,0,48.9,"Woodinvill (21 Acres), Woodinville, King County",330026,Woodinvill,2020-06-01 00:33:27.321290
2009-10-29,02:15,42.2,41.8,98.2,0.0,SE@1.0,2.4,0.91,0,48.9,"Woodinvill (21 Acres), Woodinville, King County",330026,Woodinvill,2020-06-01 00:33:27.321290
2009-10-29,02:30,42.2,41.8,98.3,0.01,SE@0.9,2.4,0.91,0,48.9,"Woodinvill (21 Acres), Woodinville, King County",330026,Woodinvill,2020-06-01 00:33:27.321290
2009-10-29,02:45,42.1,41.7,98.6,0.0,S@1.6,2.8,0.91,0,48.9,"Woodinvill (21 Acres), Woodinville, King County",330026,Woodinvill,2020-06-01 00:33:27.321290
2009-10-29,03:00,42.2,41.8,98.6,0.0,SE@1.2,2.8,0.91,0,48.9,"Woodinvill (21 Acres), Woodinville, King County",330026,Woodinvill,2020-06-01 00:33:27.321290
2009-10-29,03:15,42.2,41.9,98.8,0.01,SE@0.9,2.1,0.91,0,48.9,"Woodinvill (21 Acres), Woodinville, King County",330026,Woodinvill,2020-06-01 00:33:27.321290
2009-10-29,03:30,42.2,41.9,98.9,0.0,SE@1.3,3.1,0.91,0,48.8,"Woodinvill (21 Acres), Woodinville, King County",330026,Woodinvill,2020-06-01 00:33:27.321290
2009-10-29,03:45,42.0,41.7,99.0,0.01,S@1.2,2.8,0.91,0,48.8,"Woodinvill (21 Acres), Woodinville, King County",330026,Woodinvill,2020-06-01 00:33:27.321290
2009-10-29,04:00,42.2,41.9,99.0,0.0,E@1.1,3.1,0.91,0,48.8,"Woodinvill (21 Acres), Woodinville, King County",330026,Woodinvill,2020-06-01 00:33:27.321290
2009-10-29,04:15,42.2,41.9,98.9,0.0,SE@0.5,2.1,0.91,0,48.8,"Woodinvill (21 Acres), Woodinville, King County",330026,Woodinvill,2020-06-01 00:33:27.321290
2009-10-29,04:30,42.2,41.9,98.9,0.01,SE@0.5,2.1,0.91,0,48.8,"Woodinvill (21 Acres), Woodinville, King County",330026,Woodinvill,2020-06-01 00:33:27.321290
2009-10-29,04:45,42.2,41.9,98.9,0.01,S@0.7,2.4,0.91,0,48.8,"Woodinvill (21 Acres), Woodinville, King County",330026,Woodinvill,2020-06-01 00:33:27.321290
2009-10-29,05:00,41.8,41.6,99.2,0.01,S@2.1,5.3,0.9,0,48.7,"Woodinvill (21 Acres), Woodinville, King County",330026,Woodinvill,2020-06-01 00:33:27.321290
2009-10-29,05:15,42.0,41.8,99.1,0.0,S@2.2,4.6,0.9,0,48.7,"Woodinvill (21 Acres), Woodinville, King County",330026,Woodinvill,2020-06-01 00:33:27.321290
2009-10-29,05:30,42.2,41.9,98.9,0.01,S@3.6,6.7,0.9,0,48.7,"Woodinvill (21 Acres), Woodinville, King County",330026,Woodinvill,2020-06-01 00:33:27.321290
2009-10-29,05:45,42.2,41.6,97.8,0.0,S@2.5,5.3,0.9,0,48.7,"Woodinvill (21 Acres), Woodinville, King County",330026,Woodinvill,2020-06-01 00:33:27.321290
2009-10-29,06:00,42.2,41.6,97.5,0.01,SE@0.5,2.1,0.91,0,48.7,"Woodinvill (21 Acres), Woodinville, King County",330026,Woodinvill,2020-06-01 00:33:27.321290
2009-10-29,06:15,42.3,41.7,97.6,0.0,SE@0.8,3.1,0.9,0,48.7,"Woodinvill (21 Acres), Woodinville, King County",330026,Woodinvill,2020-06-01 00:33:27.321290
2009-10-29,06:30,42.2,41.7,98.2,0.01,S@2.2,4.2,0.9,0,48.7,"Woodinvill (21 Acres), Woodinville, King County",330026,Woodinvill,2020-06-01 00:33:27.321290
2009-10-29,06:45,42.2,41.7,98.0,0.0,S@2.8,5.3,0.9,0,48.6,"Woodinvill (21 Acres), Woodinville, King County",330026,Woodinvill,2020-06-01 00:33:27.321290
2009-10-29,07:00,42.2,41.7,98.0,0.0,S@2.0,3.5,0.91,0,48.6,"Woodinvill (21 Acres), Woodinville, King County",330026,Woodinvill,2020-06-01 00:33:27.321290
2009-10-29,07:15,42.2,41.8,98.3,0.0,S@2.2,3.9,0.91,0,48.6,"Woodinvill (21 Acres), Woodinville, King County",330026,Woodinvill,2020-06-01 00:33:27.321290
2009-10-29,07:30,42.2,41.8,98.5,0.0,SE@2.3,4.2,0.91,0,48.6,"Woodinvill (21 Acres), Woodinville, King County",330026,Woodinvill,2020-06-01 00:33:27.321290
2009-10-29,07:45,42.2,41.8,98.6,0.01,S@2.6,5.7,0.91,1,48.6,"Woodinvill (21 Acres), Woodinville, King County",330026,Woodinvill,2020-06-01 00:33:27.321290
2009-10-29,08:00,42.2,41.9,98.7,0.0,SE@2.4,4.9,0.91,2,48.6,"Woodinvill (21 Acres), Woodinville, King County",330026,Woodinvill,2020-06-01 00:33:27.321290
2009-10-29,08:15,42.2,41.8,98.5,0.02,SE@2.1,3.9,0.9,2,48.5,"Woodinvill (21 Acres), Woodinville, King County",330026,Woodinvill,2020-06-01 00:33:27.321290
2009-10-29,08:30,42.3,41.9,98.7,0.02,S@1.0,2.8,0.9,4,48.5,"Woodinvill (21 Acres), Woodinville, King County",330026,Woodinvill,2020-06-01 00:33:27.321290
2009-10-29,08:45,42.7,42.4,98.7,0.02,S@1.3,3.1,0.9,8,48.5,"Woodinvill (21 Acres), Woodinville, King County",330026,Woodinvill,2020-06-01 00:33:27.321290
2009-10-29,09:00,42.5,42.3,99.3,0.01,S@2.2,3.9,0.9,11,48.5,"Woodinvill (21 Acres), Woodinville, King County",330026,Woodinvill,2020-06-01 00:33:27.321290
2009-10-29,09:15,42.9,42.7,99.5,0.0,S@1.9,3.9,0.9,19,48.5,"Woodinvill (21 Acres), Woodinville, King County",330026,Woodinvill,2020-06-01 00:33:27.321290
2009-10-29,09:30,43.1,42.9,99.2,0.01,SE@1.2,3.1,0.9,16,48.4,"Woodinvill (21 Acres), Woodinville, King County",330026,Woodinvill,2020-06-01 00:33:27.321290
2009-10-29,09:45,43.2,43.1,99.5,0.0,S@2.1,3.9,0.9,19,48.4,"Woodinvill (21 Acres), Woodinville, King County",330026,Woodinvill,2020-06-01 00:33:27.321290
2009-10-29,10:00,43.8,43.6,99.0,0.0,SW@0.2,1.7,0.9,16,48.4,"Woodinvill (21 Acres), Woodinville, King County",330026,Woodinvill,2020-06-01 00:33:27.321290
2009-10-29,10:15,44.0,43.7,98.6,0.01,NW@0.1,1.4,0.9,24,48.4,"Woodinvill (21 Acres), Woodinville, King County",330026,Woodinvill,2020-06-01 00:33:27.321290
2009-10-29,10:30,44.0,43.7,98.8,0.01,S@1.2,2.8,0.89,40,48.4,"Woodinvill (21 Acres), Woodinville, King County",330026,Woodinvill,2020-06-01 00:33:27.321290
2009-10-29,10:45,44.3,44.2,99.7,0.0,S@2.9,6.4,0.89,69,48.4,"Woodinvill (21 Acres), Woodinville, King County",330026,Woodinvill,2020-06-01 00:33:27.321290
2009-10-29,11:00,44.3,44.3,99.8,0.0,S@4.0,6.7,0.89,57,48.3,"Woodinvill (21 Acres), Woodinville, King County",330026,Woodinvill,2020-06-01 00:33:27.321290
2009-10-29,11:15,44.5,44.4,99.6,0.0,S@3.1,4.9,0.89,26,48.3,"Woodinvill (21 Acres), Woodinville, King County",330026,Woodinvill,2020-06-01 00:33:27.321290
2009-10-29,11:30,44.9,44.8,99.4,0.01,S@2.2,5.3,0.9,38,48.3,"Woodinvill (21 Acres), Woodinville, King County",330026,Woodinvill,2020-06-01 00:33:27.321290
2009-10-29,11:45,45.0,44.9,99.5,0.0,S@2.9,4.6,0.9,42,48.3,"Woodinvill (21 Acres), Woodinville, King County",330026,Woodinvill,2020-06-01 00:33:27.321290
2009-10-29,12:00,45.0,44.9,99.5,0.0,S@2.6,4.6,0.9,31,48.3,"Woodinvill (21 Acres), Woodinville, King County",330026,Woodinvill,2020-06-01 00:33:27.321290
2009-10-29,12:15,45.3,45.1,99.3,0.0,S@3.3,5.3,0.9,35,48.3,"Woodinvill (21 Acres), Woodinville, King County",330026,Woodinvill,2020-06-01 00:33:27.321290
2009-10-29,12:30,45.5,45.2,98.9,0.0,S@2.2,3.9,0.9,29,48.3,"Woodinvill (21 Acres), Woodinville, King County",330026,Woodinvill,2020-06-01 00:33:27.321290
2009-10-29,12:45,45.8,45.5,98.9,0.0,S@2.0,5.3,0.9,48,48.3,"Woodinvill (21 Acres), Woodinville, King County",330026,Woodinvill,2020-06-01 00:33:27.321290
2009-10-29,13:00,46.1,45.8,98.9,0.0,S@3.0,4.9,0.9,63,48.3,"Woodinvill (21 Acres), Woodinville, King County",330026,Woodinvill,2020-06-01 00:33:27.321290
2009-10-29,13:15,46.2,45.7,98.2,0.0,S@4.8,7.4,0.9,51,48.3,"Woodinvill (21 Acres), Woodinville, King County",330026,Woodinvill,2020-06-01 00:33:27.321290
2009-10-29,13:30,46.2,45.6,97.5,0.0,S@3.7,6.4,0.9,34,48.3,"Woodinvill (21 Acres), Woodinville, King County",330026,Woodinvill,2020-06-01 00:33:27.321290
2009-10-29,13:45,46.6,45.9,97.5,0.01,S@2.7,5.7,0.91,58,48.3,"Woodinvill (21 Acres), Woodinville, King County",330026,Woodinvill,2020-06-01 00:33:27.321290
2009-10-29,14:00,47.1,46.4,97.6,0.0,S@1.3,3.1,0.91,55,48.4,"Woodinvill (21 Acres), Woodinville, King County",330026,Woodinvill,2020-06-01 00:33:27.321290
2009-10-29,14:15,47.5,46.6,96.9,0.01,S@1.0,2.4,0.91,43,48.4,"Woodinvill (21 Acres), Woodinville, King County",330026,Woodinvill,2020-06-01 00:33:27.321290
2009-10-29,14:30,47.5,46.8,97.4,0.0,S@1.4,2.8,0.91,43,48.4,"Woodinvill (21 Acres), Woodinville, King County",330026,Woodinvill,2020-06-01 00:33:27.321290
2009-10-29,14:45,47.3,46.8,98.0,0.01,SE@2.0,3.5,0.91,44,48.4,"Woodinvill (21 Acres), Woodinville, King County",330026,Woodinvill,2020-06-01 00:33:27.321290
2009-10-29,15:00,47.3,46.9,98.6,0.0,SE@2.2,4.2,0.91,45,48.4,"Woodinvill (21 Acres), Woodinville, King County",330026,Woodinvill,2020-06-01 00:33:27.321290
2009-10-29,15:15,47.2,47.0,99.1,0.01,S@2.2,3.9,0.9,36,48.4,"Woodinvill (21 Acres), Woodinville, King County",330026,Woodinvill,2020-06-01 00:33:27.321290
2009-10-29,15:30,47.6,47.5,99.6,0.0,S@1.3,3.5,0.9,34,48.4,"Woodinvill (21 Acres), Woodinville, King County",330026,Woodinvill,2020-06-01 00:33:27.321290
2009-10-29,15:45,47.8,47.7,99.5,0.0,S@1.8,3.9,0.9,25,48.5,"Woodinvill (21 Acres), Woodinville, King County",330026,Woodinvill,2020-06-01 00:33:27.321290
2009-10-29,16:00,47.7,47.7,99.8,0.0,S@2.4,4.6,0.9,20,48.5,"Woodinvill (21 Acres), Woodinville, King County",330026,Woodinvill,2020-06-01 00:33:27.321290
2009-10-29,16:15,47.8,47.8,100.0,0.0,S@2.5,5.3,0.9,17,48.5,"Woodinvill (21 Acres), Woodinville, King County",330026,Woodinvill,2020-06-01 00:33:27.321290
2009-10-29,16:30,47.9,47.9,100.0,0.0,SE@2.4,4.6,0.9,12,48.5,"Woodinvill (21 Acres), Woodinville, King County",330026,Woodinvill,2020-06-01 00:33:27.321290
2009-10-29,16:45,48.0,48.0,99.9,0.0,SE@2.3,4.6,0.9,8,48.5,"Woodinvill (21 Acres), Woodinville, King County",330026,Woodinvill,2020-06-01 00:33:27.321290
2009-10-29,17:00,47.9,47.9,99.9,0.0,SE@1.9,4.2,0.9,7,48.6,"Woodinvill (21 Acres), Woodinville, King County",330026,Woodinvill,2020-06-01 00:33:27.321290
2009-10-29,17:15,48.1,48.2,100.0,0.0,S@2.3,3.1,0.91,5,48.6,"Woodinvill (21 Acres), Woodinville, King County",330026,Woodinvill,2020-06-01 00:33:27.321290
2009-10-29,17:30,48.3,48.3,99.8,0.0,S@0.8,3.5,0.91,2,48.6,"Woodinvill (21 Acres), Woodinville, King County",330026,Woodinvill,2020-06-01 00:33:27.321290
2009-10-29,17:45,48.5,48.4,99.6,0.0,S@0.8,2.4,0.91,2,48.6,"Woodinvill (21 Acres), Woodinville, King County",330026,Woodinvill,2020-06-01 00:33:27.321290
2009-10-29,18:00,48.5,48.4,99.5,0.0,NE@0.5,2.1,0.91,2,48.7,"Woodinvill (21 Acres), Woodinville, King County",330026,Woodinvill,2020-06-01 00:33:27.321290
2009-10-29,18:15,48.6,48.4,99.3,0.0,S@0.3,2.4,0.91,1,48.7,"Woodinvill (21 Acres), Woodinville, King County",330026,Woodinvill,2020-06-01 00:33:27.321290
2009-10-29,18:30,48.6,48.4,99.3,0.0,N @0.2,2.1,0.91,0,48.7,"Woodinvill (21 Acres), Woodinville, King County",330026,Woodinvill,2020-06-01 00:33:27.321290
2009-10-29,18:45,49.0,48.7,99.2,0.0,N @0.0,0.0,0.91,0,48.7,"Woodinvill (21 Acres), Woodinville, King County",330026,Woodinvill,2020-06-01 00:33:27.321290
2009-10-29,19:00,48.8,48.6,99.4,0.0,E@0.5,2.1,0.91,0,48.7,"Woodinvill (21 Acres), Woodinville, King County",330026,Woodinvill,2020-06-01 00:33:27.321290
2009-10-29,19:15,49.0,48.9,99.5,0.0,NW@0.2,2.1,0.91,0,48.8,"Woodinvill (21 Acres), Woodinville, King County",330026,Woodinvill,2020-06-01 00:33:27.321290
2009-10-29,19:30,49.2,49.1,99.5,0.0,SE@0.5,1.7,0.91,0,48.8,"Woodinvill (21 Acres), Woodinville, King County",330026,Woodinvill,2020-06-01 00:33:27.321290
2009-10-29,19:45,49.3,49.2,99.6,0.0,SW@0.6,2.1,0.91,0,48.8,"Woodinvill (21 Acres), Woodinville, King County",330026,Woodinvill,2020-06-01 00:33:27.321290
2009-10-29,20:00,49.3,49.2,99.7,0.0,S@0.8,2.1,0.91,0,48.8,"Woodinvill (21 Acres), Woodinville, King County",330026,Woodinvill,2020-06-01 00:33:27.321290
2009-10-29,20:15,49.0,49.0,100.0,0.0,SE@1.2,2.4,0.92,0,48.8,"Woodinvill (21 Acres), Woodinville, King County",330026,Woodinvill,2020-06-01 00:33:27.321290
2009-10-29,20:30,49.4,49.4,100.0,0.02,SE@1.1,2.8,0.92,0,48.8,"Woodinvill (21 Acres), Woodinville, King County",330026,Woodinvill,2020-06-01 00:33:27.321290
2009-10-29,20:45,49.5,49.5,100.0,0.0,S@1.6,3.5,0.92,0,48.9,"Woodinvill (21 Acres), Woodinville, King County",330026,Woodinvill,2020-06-01 00:33:27.321290
2009-10-29,21:00,49.5,49.5,100.0,0.0,SE@1.7,3.5,0.91,0,48.9,"Woodinvill (21 Acres), Woodinville, King County",330026,Woodinvill,2020-06-01 00:33:27.321290
2009-10-29,21:15,49.9,49.9,100.0,0.0,S@1.6,3.5,0.91,0,48.9,"Woodinvill (21 Acres), Woodinville, King County",330026,Woodinvill,2020-06-01 00:33:27.321290
2009-10-29,21:30,50.3,50.3,100.0,0.0,SE@1.3,2.4,0.91,0,48.9,"Woodinvill (21 Acres), Woodinville, King County",330026,Woodinvill,2020-06-01 00:33:27.321290
2009-10-29,21:45,50.7,50.7,100.0,0.0,SE@1.6,4.2,0.91,0,48.9,"Woodinvill (21 Acres), Woodinville, King County",330026,Woodinvill,2020-06-01 00:33:27.321290
2009-10-29,22:00,50.6,50.6,100.0,0.0,S@2.1,3.5,0.91,0,48.9,"Woodinvill (21 Acres), Woodinville, King County",330026,Woodinvill,2020-06-01 00:33:27.321290
2009-10-29,22:15,50.4,50.4,100.0,0.0,E@2.2,3.5,0.91,0,49.0,"Woodinvill (21 Acres), Woodinville, King County",330026,Woodinvill,2020-06-01 00:33:27.321290
2009-10-29,22:30,51.2,51.2,100.0,0.0,E@1.1,2.8,0.91,0,49.0,"Woodinvill (21 Acres), Woodinville, King County",330026,Woodinvill,2020-06-01 00:33:27.321290
2009-10-29,22:45,51.4,51.4,100.0,0.0,S@0.3,1.7,0.92,0,49.0,"Woodinvill (21 Acres), Woodinville, King County",330026,Woodinvill,2020-06-01 00:33:27.321290
2009-10-29,23:00,51.3,51.3,100.0,0.0,SE@1.2,3.1,0.92,0,49.0,"Woodinvill (21 Acres), Woodinville, King County",330026,Woodinvill,2020-06-01 00:33:27.321290
2009-10-29,23:15,52.1,52.1,100.0,0.0,S@1.1,2.8,0.93,0,49.0,"Woodinvill (21 Acres), Woodinville, King County",330026,Woodinvill,2020-06-01 00:33:27.321290
2009-10-29,23:30,52.2,52.2,100.0,0.01,NW@1.2,2.4,0.93,0,49.0,"Woodinvill (21 Acres), Woodinville, King County",330026,Woodinvill,2020-06-01 00:33:27.321290
2009-10-29,23:45,52.4,52.4,100.0,0.0,W@0.7,2.4,0.92,0,49.0,"Woodinvill (21 Acres), Woodinville, King County",330026,Woodinvill,2020-06-01 00:33:27.321290
2009-10-29,24:00,52.2,52.2,100.0,0.01,N@0.9,2.4,0.92,0,49.1,"Woodinvill (21 Acres), Woodinville, King County",330026,Woodinvill,2020-06-01 00:33:27.321290
2009-10-30,00:15,52.2,52.2,100.0,0.0,N @0.4,2.1,0.92,0,49.1,"Woodinvill (21 Acres), Woodinville, King County",330026,Woodinvill,2020-06-01 00:33:27.321290
2009-10-30,00:30,52.2,52.2,100.0,0.0,SE@1.6,3.1,0.91,0,49.1,"Woodinvill (21 Acres), Woodinville, King County",330026,Woodinvill,2020-06-01 00:33:27.321290
2009-10-30,00:45,52.4,52.4,100.0,0.01,SE@1.9,3.5,0.91,0,49.1,"Woodinvill (21 Acres), Woodinville, King County",330026,Woodinvill,2020-06-01 00:33:27.321290
2009-10-30,01:00,53.2,53.2,100.0,0.0,SW@2.3,3.5,0.91,0,49.1,"Woodinvill (21 Acres), Woodinville, King County",330026,Woodinvill,2020-06-01 00:33:27.321290
2009-10-30,01:15,53.6,53.6,100.0,0.0,SE@1.3,2.8,0.91,0,49.2,"Woodinvill (21 Acres), Woodinville, King County",330026,Woodinvill,2020-06-01 00:33:27.321290
2009-10-30,01:30,53.8,53.8,100.0,0.0,S@2.0,3.9,0.91,0,49.2,"Woodinvill (21 Acres), Woodinville, King County",330026,Woodinvill,2020-06-01 00:33:27.321290
2009-10-30,01:45,53.9,53.9,100.0,0.0,SE@1.6,3.5,0.92,0,49.2,"Woodinvill (21 Acres), Woodinville, King County",330026,Woodinvill,2020-06-01 00:33:27.321290
2009-10-30,02:00,54.0,54.0,100.0,0.0,S@2.2,3.5,0.92,0,49.2,"Woodinvill (21 Acres), Woodinville, King County",330026,Woodinvill,2020-06-01 00:33:27.321290
2009-10-30,02:15,54.4,54.5,100.0,0.0,S@2.3,4.6,0.92,0,49.2,"Woodinvill (21 Acres), Woodinville, King County",330026,Woodinvill,2020-06-01 00:33:27.321290
2009-10-30,02:30,54.5,54.5,100.0,0.0,S@3.2,5.7,0.92,0,49.3,"Woodinvill (21 Acres), Woodinville, King County",330026,Woodinvill,2020-06-01 00:33:27.321290
2009-10-30,02:45,54.8,54.8,100.0,0.0,S@3.0,5.7,0.92,0,49.3,"Woodinvill (21 Acres), Woodinville, King County",330026,Woodinvill,2020-06-01 00:33:27.321290
2009-10-30,03:00,54.9,55.0,100.0,0.0,S@2.0,3.9,0.92,0,49.3,"Woodinvill (21 Acres), Woodinville, King County",330026,Woodinvill,2020-06-01 00:33:27.321290
2009-10-30,03:15,54.9,54.9,100.0,0.0,SE@2.2,4.6,0.92,0,49.3,"Woodinvill (21 Acres), Woodinville, King County",330026,Woodinvill,2020-06-01 00:33:27.321290
2009-10-30,03:30,55.1,55.1,100.0,0.0,S@2.6,6.0,0.92,0,49.4,"Woodinvill (21 Acres), Woodinville, King County",330026,Woodinvill,2020-06-01 00:33:27.321290
2009-10-30,03:45,55.5,55.5,100.0,0.0,S@2.6,5.7,0.92,0,49.4,"Woodinvill (21 Acres), Woodinville, King County",330026,Woodinvill,2020-06-01 00:33:27.321290
2009-10-30,04:00,55.9,55.9,100.0,0.0,S@2.5,5.7,0.92,0,49.4,"Woodinvill (21 Acres), Woodinville, King County",330026,Woodinvill,2020-06-01 00:33:27.321290
2009-10-30,04:15,56.1,56.1,100.0,0.0,S@2.1,5.3,0.92,0,49.5,"Woodinvill (21 Acres), Woodinville, King County",330026,Woodinvill,2020-06-01 00:33:27.321290
2009-10-30,04:30,56.3,56.3,100.0,0.0,S@2.3,4.6,0.92,0,49.5,"Woodinvill (21 Acres), Woodinville, King County",330026,Woodinvill,2020-06-01 00:33:27.321290
2009-10-30,04:45,56.3,56.3,99.9,0.0,S@3.0,6.7,0.92,0,49.5,"Woodinvill (21 Acres), Woodinville, King County",330026,Woodinvill,2020-06-01 00:33:27.321290
2009-10-30,05:00,56.3,56.2,99.4,0.0,S@2.8,4.9,0.92,0,49.5,"Woodinvill (21 Acres), Woodinville, King County",330026,Woodinvill,2020-06-01 00:33:27.321290
2009-10-30,05:15,56.3,56.1,99.2,0.0,S@2.6,4.6,0.92,0,49.6,"Woodinvill (21 Acres), Woodinville, King County",330026,Woodinvill,2020-06-01 00:33:27.321290
2009-10-30,05:30,56.5,56.2,98.8,0.0,SE@2.3,5.7,0.92,0,49.6,"Woodinvill (21 Acres), Woodinville, King County",330026,Woodinvill,2020-06-01 00:33:27.321290
2009-10-30,05:45,56.8,56.3,98.4,0.0,SE@2.0,4.2,0.92,0,49.6,"Woodinvill (21 Acres), Woodinville, King County",330026,Woodinvill,2020-06-01 00:33:27.321290
2009-10-30,06:00,56.7,56.3,98.4,0.0,SE@2.2,5.3,0.92,0,49.7,"Woodinvill (21 Acres), Woodinville, King County",330026,Woodinvill,2020-06-01 00:33:27.321290
2009-10-30,06:15,56.4,56.0,98.5,0.0,SE@1.5,2.8,0.92,0,49.7,"Woodinvill (21 Acres), Woodinville, King County",330026,Woodinvill,2020-06-01 00:33:27.321290
2009-10-30,06:30,56.7,56.3,98.7,0.0,SE@2.6,6.0,0.92,0,49.7,"Woodinvill (21 Acres), Woodinville, King County",330026,Woodinvill,2020-06-01 00:33:27.321290
2009-10-30,06:45,56.5,56.1,98.5,0.0,S@2.8,5.3,0.92,0,49.8,"Woodinvill (21 Acres), Woodinville, King County",330026,Woodinvill,2020-06-01 00:33:27.321290
2009-10-30,07:00,56.8,56.4,98.3,0.0,S@3.6,7.4,0.92,0,49.8,"Woodinvill (21 Acres), Woodinville, King County",330026,Woodinvill,2020-06-01 00:33:27.321290
2009-10-30,07:15,57.3,56.5,97.2,0.0,SE@2.3,6.7,0.92,0,49.8,"Woodinvill (21 Acres), Woodinville, King County",330026,Woodinvill,2020-06-01 00:33:27.321290
2009-10-30,07:30,57.3,56.3,96.6,0.0,SE@2.4,5.7,0.91,0,49.9,"Woodinvill (21 Acres), Woodinville, King County",330026,Woodinvill,2020-06-01 00:33:27.321290
2009-10-30,07:45,57.3,56.2,96.0,0.0,SE@2.0,6.0,0.9,1,49.9,"Woodinvill (21 Acres), Woodinville, King County",330026,Woodinvill,2020-06-01 00:33:27.321290
2009-10-30,08:00,57.3,55.9,95.0,0.0,S@3.3,8.2,0.89,2,49.9,"Woodinvill (21 Acres), Woodinville, King County",330026,Woodinvill,2020-06-01 00:33:27.321290
2009-10-30,08:15,57.4,55.8,94.5,0.0,SE@2.0,5.7,0.88,3,50.0,"Woodinvill (21 Acres), Woodinville, King County",330026,Woodinvill,2020-06-01 00:33:27.321290
2009-10-30,08:30,57.3,56.0,95.3,0.0,S@2.2,4.9,0.87,14,50.0,"Woodinvill (21 Acres), Woodinville, King County",330026,Woodinvill,2020-06-01 00:33:27.321290
2009-10-30,08:45,57.9,56.0,93.4,0.0,S@4.2,10.3,0.85,26,50.0,"Woodinvill (21 Acres), Woodinville, King County",330026,Woodinvill,2020-06-01 00:33:27.321290
2009-10-30,09:00,58.2,55.6,91.1,0.0,S@5.4,9.2,0.8,42,50.1,"Woodinvill (21 Acres), Woodinville, King County",330026,Woodinvill,2020-06-01 00:33:27.321290
2009-10-30,09:15,58.5,55.5,89.7,0.0,S@5.7,10.3,0.7,64,50.1,"Woodinvill (21 Acres), Woodinville, King County",330026,Woodinvill,2020-06-01 00:33:27.321290
2009-10-30,09:30,58.8,55.3,88.1,0.01,S@7.4,20.7,0.6,42,50.1,"Woodinvill (21 Acres), Woodinville, King County",330026,Woodinvill,2020-06-01 00:33:27.321290
2009-10-30,09:45,58.7,55.1,87.7,0.0,S@8.8,15.3,0.76,49,50.2,"Woodinvill (21 Acres), Woodinville, King County",330026,Woodinvill,2020-06-01 00:33:27.321290
2009-10-30,10:00,58.9,55.2,87.2,0.0,S@8.4,15.0,0.67,47,50.2,"Woodinvill (21 Acres), Woodinville, King County",330026,Woodinvill,2020-06-01 00:33:27.321290
2009-10-30,10:15,59.1,54.9,86.1,0.0,S@9.4,19.6,0.41,57,50.2,"Woodinvill (21 Acres), Woodinville, King County",330026,Woodinvill,2020-06-01 00:33:27.321290
2009-10-30,10:30,59.1,55.0,86.3,0.0,S@7.0,13.5,0.1,85,50.3,"Woodinvill (21 Acres), Woodinville, King County",330026,Woodinvill,2020-06-01 00:33:27.321290
2009-10-30,10:45,59.1,55.5,87.9,0.0,S@7.5,16.0,0.0,134,50.3,"Woodinvill (21 Acres), Woodinville, King County",330026,Woodinvill,2020-06-01 00:33:27.321290
2009-10-30,11:00,59.1,55.7,88.3,0.0,S@8.4,15.3,0.0,160,50.3,"Woodinvill (21 Acres), Woodinville, King County",330026,Woodinvill,2020-06-01 00:33:27.321290
2009-10-30,11:15,59.8,55.9,86.7,0.0,S@8.9,16.0,0.0,223,50.4,"Woodinvill (21 Acres), Woodinville, King County",330026,Woodinvill,2020-06-01 00:33:27.321290
2009-10-30,11:30,60.3,55.5,84.0,0.0,S@9.2,16.0,0.0,224,50.4,"Woodinvill (21 Acres), Woodinville, King County",330026,Woodinvill,2020-06-01 00:33:27.321290
2009-10-30,11:45,60.4,55.3,83.1,0.0,S@9.0,17.8,0.0,216,50.5,"Woodinvill (21 Acres), Woodinville, King County",330026,Woodinvill,2020-06-01 00:33:27.321290
2009-10-30,12:00,60.6,55.0,81.7,0.0,S@9.7,18.2,0.0,260,50.5,"Woodinvill (21 Acres), Woodinville, King County",330026,Woodinvill,2020-06-01 00:33:27.321290
2009-10-30,12:15,61.1,55.0,80.5,0.0,S@7.4,13.9,0.0,291,50.5,"Woodinvill (21 Acres), Woodinville, King County",330026,Woodinvill,2020-06-01 00:33:27.321290
2009-10-30,12:30,61.4,54.8,78.9,0.0,S@7.1,12.8,0.0,191,50.6,"Woodinvill (21 Acres), Woodinville, King County",330026,Woodinvill,2020-06-01 00:33:27.321290
2009-10-30,12:45,61.3,54.0,77.0,0.0,S@8.0,16.7,0.0,158,50.7,"Woodinvill (21 Acres), Woodinville, King County",330026,Woodinvill,2020-06-01 00:33:27.321290
2009-10-30,13:00,61.6,54.5,77.4,0.0,S@6.8,12.8,0.0,273,50.7,"Woodinvill (21 Acres), Woodinville, King County",330026,Woodinvill,2020-06-01 00:33:27.321290
2009-10-30,13:15,63.3,54.8,73.9,0.0,S@9.6,17.5,0.0,471,50.8,"Woodinvill (21 Acres), Woodinville, King County",330026,Woodinvill,2020-06-01 00:33:27.321290
2009-10-30,13:30,63.0,54.6,73.9,0.0,S@9.6,15.3,0.0,309,50.8,"Woodinvill (21 Acres), Woodinville, King County",330026,Woodinvill,2020-06-01 00:33:27.321290
2009-10-30,13:45,62.4,54.2,74.5,0.0,S@9.2,19.2,0.0,203,50.9,"Woodinvill (21 Acres), Woodinville, King County",330026,Woodinvill,2020-06-01 00:33:27.321290
2009-10-30,14:00,62.0,54.0,75.1,0.0,S@8.3,15.0,0.0,169,51.0,"Woodinvill (21 Acres), Woodinville, King County",330026,Woodinvill,2020-06-01 00:33:27.321290
2009-10-30,14:15,61.5,53.8,75.7,0.0,S@8.6,17.5,0.0,73,51.0,"Woodinvill (21 Acres), Woodinville, King County",330026,Woodinvill,2020-06-01 00:33:27.321290
2009-10-30,14:30,61.1,53.5,76.1,0.0,S@7.5,13.5,0.0,65,51.1,"Woodinvill (21 Acres), Woodinville, King County",330026,Woodinvill,2020-06-01 00:33:27.321290
2009-10-30,14:45,61.1,53.4,75.7,0.0,S@7.1,15.0,0.0,45,51.2,"Woodinvill (21 Acres), Woodinville, King County",330026,Woodinvill,2020-06-01 00:33:27.321290
2009-10-30,15:00,60.9,53.4,76.2,0.0,S@7.3,13.5,0.0,49,51.2,"Woodinvill (21 Acres), Woodinville, King County",330026,Woodinvill,2020-06-01 00:33:27.321290
2009-10-30,15:15,60.9,53.4,76.3,0.0,S@6.8,12.4,0.0,70,51.3,"Woodinvill (21 Acres), Woodinville, King County",330026,Woodinvill,2020-06-01 00:33:27.321290
2009-10-30,15:30,60.9,53.4,76.2,0.0,S@7.7,15.3,0.0,32,51.4,"Woodinvill (21 Acres), Woodinville, King County",330026,Woodinvill,2020-06-01 00:33:27.321290
2009-10-30,15:45,60.4,53.2,77.2,0.0,S@8.3,16.0,0.0,21,51.4,"Woodinvill (21 Acres), Woodinville, King County",330026,Woodinvill,2020-06-01 00:33:27.321290
2009-10-30,16:00,60.2,53.1,77.4,0.0,S@7.6,15.0,0.0,17,51.5,"Woodinvill (21 Acres), Woodinville, King County",330026,Woodinvill,2020-06-01 00:33:27.321290
2009-10-30,16:15,60.3,53.1,77.1,0.0,S@8.3,16.4,0.0,25,51.5,"Woodinvill (21 Acres), Woodinville, King County",330026,Woodinvill,2020-06-01 00:33:27.321290
2009-10-30,16:30,60.4,52.9,76.3,0.0,S@9.2,18.9,0.0,16,51.6,"Woodinvill (21 Acres), Woodinville, King County",330026,Woodinvill,2020-06-01 00:33:27.321290
2009-10-30,16:45,60.4,53.0,76.4,0.0,S@7.6,18.2,0.0,24,51.6,"Woodinvill (21 Acres), Woodinville, King County",330026,Woodinvill,2020-06-01 00:33:27.321290
2009-10-30,17:00,60.6,53.4,77.0,0.0,S@5.8,13.5,0.0,33,51.7,"Woodinvill (21 Acres), Woodinville, King County",330026,Woodinvill,2020-06-01 00:33:27.321290
2009-10-30,17:15,60.9,53.1,75.6,0.0,S@7.7,13.5,0.0,29,51.7,"Woodinvill (21 Acres), Woodinville, King County",330026,Woodinvill,2020-06-01 00:33:27.321290
2009-10-30,17:30,60.9,52.8,74.8,0.0,S@9.3,18.5,0.0,26,51.8,"Woodinvill (21 Acres), Woodinville, King County",330026,Woodinvill,2020-06-01 00:33:27.321290
2009-10-30,17:45,60.4,52.6,75.3,0.0,S@7.2,14.2,0.0,10,51.8,"Woodinvill (21 Acres), Woodinville, King County",330026,Woodinvill,2020-06-01 00:33:27.321290
2009-10-30,18:00,60.2,52.5,75.5,0.0,S@6.3,12.4,0.0,2,51.8,"Woodinvill (21 Acres), Woodinville, King County",330026,Woodinvill,2020-06-01 00:33:27.321290
2009-10-30,18:15,60.1,52.2,74.9,0.0,S@8.9,17.1,0.0,1,51.8,"Woodinvill (21 Acres), Woodinville, King County",330026,Woodinvill,2020-06-01 00:33:27.321290
2009-10-30,18:30,59.9,52.3,75.6,0.0,S@7.8,14.6,0.0,0,51.9,"Woodinvill (21 Acres), Woodinville, King County",330026,Woodinvill,2020-06-01 00:33:27.321290
2009-10-30,18:45,59.8,52.7,77.4,0.0,S@6.3,10.3,0.0,0,51.9,"Woodinvill (21 Acres), Woodinville, King County",330026,Woodinvill,2020-06-01 00:33:27.321290
2009-10-30,19:00,59.5,52.8,78.4,0.0,S@5.7,12.1,0.0,0,51.9,"Woodinvill (21 Acres), Woodinville, King County",330026,Woodinvill,2020-06-01 00:33:27.321290
2009-10-30,19:15,59.6,52.7,77.8,0.0,S@5.8,13.9,0.0,0,52.0,"Woodinvill (21 Acres), Woodinville, King County",330026,Woodinvill,2020-06-01 00:33:27.321290
2009-10-30,19:30,58.2,53.7,85.0,0.0,SE@3.3,6.0,0.39,0,52.0,"Woodinvill (21 Acres), Woodinville, King County",330026,Woodinvill,2020-06-01 00:33:27.321290
2009-10-30,19:45,57.2,54.2,89.4,0.0,SE@3.4,6.4,0.65,0,52.0,"Woodinvill (21 Acres), Woodinville, King County",330026,Woodinvill,2020-06-01 00:33:27.321290
2009-10-30,20:00,56.9,54.4,91.3,0.0,SE@4.1,9.6,0.88,0,52.0,"Woodinvill (21 Acres), Woodinville, King County",330026,Woodinvill,2020-06-01 00:33:27.321290
2009-10-30,20:15,56.3,54.2,92.4,0.0,SE@5.5,12.8,0.93,0,52.0,"Woodinvill (21 Acres), Woodinville, King County",330026,Woodinvill,2020-06-01 00:33:27.321290
2009-10-30,20:30,56.6,54.0,90.9,0.0,SE@4.6,9.2,0.93,0,52.0,"Woodinvill (21 Acres), Woodinville, King County",330026,Woodinvill,2020-06-01 00:33:27.321290
2009-10-30,20:45,56.4,53.9,91.3,0.0,S@5.4,11.4,0.91,0,52.1,"Woodinvill (21 Acres), Woodinville, King County",330026,Woodinvill,2020-06-01 00:33:27.321290
2009-10-30,21:00,56.8,53.8,89.7,0.0,S@5.9,12.1,0.91,0,52.1,"Woodinvill (21 Acres), Woodinville, King County",330026,Woodinvill,2020-06-01 00:33:27.321290
2009-10-30,21:15,56.0,54.0,93.2,0.01,S@5.0,10.7,0.93,0,52.1,"Woodinvill (21 Acres), Woodinville, King County",330026,Woodinvill,2020-06-01 00:33:27.321290
2009-10-30,21:30,55.4,54.4,96.4,0.01,SE@2.6,4.9,0.94,0,52.1,"Woodinvill (21 Acres), Woodinville, King County",330026,Woodinvill,2020-06-01 00:33:27.321290
2009-10-30,21:45,55.0,54.4,97.8,0.01,S@3.5,9.2,0.93,0,52.1,"Woodinvill (21 Acres), Woodinville, King County",330026,Woodinvill,2020-06-01 00:33:27.321290
2009-10-30,22:00,54.7,54.4,98.7,0.01,S@3.6,7.1,0.93,0,52.1,"Woodinvill (21 Acres), Woodinville, King County",330026,Woodinvill,2020-06-01 00:33:27.321290
2009-10-30,22:15,54.5,54.3,99.2,0.0,S@4.0,7.4,0.93,0,52.1,"Woodinvill (21 Acres), Woodinville, King County",330026,Woodinvill,2020-06-01 00:33:27.321290
2009-10-30,22:30,54.5,54.4,99.6,0.03,S@3.7,8.2,0.92,0,52.2,"Woodinvill (21 Acres), Woodinville, King County",330026,Woodinvill,2020-06-01 00:33:27.321290
2009-10-30,22:45,54.5,54.4,99.8,0.03,S@3.9,7.8,0.92,0,52.2,"Woodinvill (21 Acres), Woodinville, King County",330026,Woodinvill,2020-06-01 00:33:27.321290
2009-10-30,23:00,54.5,54.5,100.0,0.03,S@3.9,6.0,0.91,0,52.3,"Woodinvill (21 Acres), Woodinville, King County",330026,Woodinvill,2020-06-01 00:33:27.321290
2009-10-30,23:15,54.5,54.5,100.0,0.01,S@3.6,6.0,0.92,0,52.4,"Woodinvill (21 Acres), Woodinville, King County",330026,Woodinvill,2020-06-01 00:33:27.321290
2009-10-30,23:30,54.5,54.4,99.9,0.0,S@2.7,5.7,0.92,0,52.4,"Woodinvill (21 Acres), Woodinville, King County",330026,Woodinvill,2020-06-01 00:33:27.321290
2009-10-30,23:45,54.5,54.4,99.6,0.0,SE@2.6,6.4,0.92,0,52.5,"Woodinvill (21 Acres), Woodinville, King County",330026,Woodinvill,2020-06-01 00:33:27.321290
2009-10-30,24:00,54.5,54.3,99.2,0.0,SE@1.4,4.2,0.92,0,52.4,"Woodinvill (21 Acres), Woodinville, King County",330026,Woodinvill,2020-06-01 00:33:27.321290
2009-10-31,00:15,54.5,54.3,99.1,0.0,SE@1.7,3.9,0.92,0,52.4,"Woodinvill (21 Acres), Woodinville, King County",330026,Woodinvill,2020-06-01 00:33:27.321290
2009-10-31,00:30,54.5,54.3,99.2,0.0,S@2.5,3.9,0.92,0,52.4,"Woodinvill (21 Acres), Woodinville, King County",330026,Woodinvill,2020-06-01 00:33:27.321290
2009-10-31,00:45,54.7,54.5,99.2,0.0,S@2.6,6.0,0.92,0,52.4,"Woodinvill (21 Acres), Woodinville, King County",330026,Woodinvill,2020-06-01 00:33:27.321290
2009-10-31,01:00,54.9,54.7,99.1,0.0,SE@2.1,6.0,0.92,0,52.4,"Woodinvill (21 Acres), Woodinville, King County",330026,Woodinvill,2020-06-01 00:33:27.321290
2009-10-31,01:15,54.8,54.6,99.1,0.0,S@2.9,6.0,0.92,0,52.4,"Woodinvill (21 Acres), Woodinville, King County",330026,Woodinvill,2020-06-01 00:33:27.321290
2009-10-31,01:30,54.8,54.6,99.4,0.01,S@4.8,9.9,0.92,0,52.4,"Woodinvill (21 Acres), Woodinville, King County",330026,Woodinvill,2020-06-01 00:33:27.321290
2009-10-31,01:45,55.4,54.7,97.4,0.0,S@6.0,10.7,0.92,0,52.4,"Woodinvill (21 Acres), Woodinville, King County",330026,Woodinvill,2020-06-01 00:33:27.321290
2009-10-31,02:00,55.8,54.7,96.0,0.0,S@7.9,16.0,0.92,0,52.4,"Woodinvill (21 Acres), Woodinville, King County",330026,Woodinvill,2020-06-01 00:33:27.321290
2009-10-31,02:15,56.0,54.3,94.0,0.0,S@9.9,16.4,0.91,0,52.4,"Woodinvill (21 Acres), Woodinville, King County",330026,Woodinvill,2020-06-01 00:33:27.321290
2009-10-31,02:30,55.8,53.8,93.0,0.0,S@9.3,16.4,0.9,0,52.3,"Woodinvill (21 Acres), Woodinville, King County",330026,Woodinvill,2020-06-01 00:33:27.321290
2009-10-31,02:45,55.3,52.6,90.5,0.0,S@9.1,17.1,0.87,0,52.3,"Woodinvill (21 Acres), Woodinville, King County",330026,Woodinvill,2020-06-01 00:33:27.321290
2009-10-31,03:00,55.0,51.5,88.1,0.0,S@7.3,15.0,0.84,0,52.3,"Woodinvill (21 Acres), Woodinville, King County",330026,Woodinvill,2020-06-01 00:33:27.321290
2009-10-31,03:15,54.5,51.3,88.6,0.0,S@7.8,15.3,0.77,0,52.3,"Woodinvill (21 Acres), Woodinville, King County",330026,Woodinvill,2020-06-01 00:33:27.321290
2009-10-31,03:30,54.6,51.3,88.8,0.0,S@5.8,13.9,0.64,0,52.3,"Woodinvill (21 Acres), Woodinville, King County",330026,Woodinvill,2020-06-01 00:33:27.321290
2009-10-31,03:45,54.9,51.5,88.2,0.0,S@4.3,10.3,0.47,0,52.3,"Woodinvill (21 Acres), Woodinville, King County",330026,Woodinvill,2020-06-01 00:33:27.321290
2009-10-31,04:00,54.9,51.5,88.2,0.0,S@5.6,11.7,0.23,0,52.3,"Woodinvill (21 Acres), Woodinville, King County",330026,Woodinvill,2020-06-01 00:33:27.321290
2009-10-31,04:15,54.7,51.4,88.7,0.0,S@4.0,8.2,0.04,0,52.3,"Woodinvill (21 Acres), Woodinville, King County",330026,Woodinvill,2020-06-01 00:33:27.321290
2009-10-31,04:30,54.8,51.3,87.9,0.0,S@5.2,11.0,0.0,0,52.3,"Woodinvill (21 Acres), Woodinville, King County",330026,Woodinvill,2020-06-01 00:33:27.321290
2009-10-31,04:45,54.5,51.5,89.7,0.0,S@4.8,9.6,0.0,0,52.3,"Woodinvill (21 Acres), Woodinville, King County",330026,Woodinvill,2020-06-01 00:33:27.321290
2009-10-31,05:00,54.7,51.4,88.5,0.0,S@6.9,17.5,0.0,0,52.3,"Woodinvill (21 Acres), Woodinville, King County",330026,Woodinvill,2020-06-01 00:33:27.321290
2009-10-31,05:15,54.7,51.3,88.2,0.0,S@6.1,12.1,0.0,0,52.3,"Woodinvill (21 Acres), Woodinville, King County",330026,Woodinvill,2020-06-01 00:33:27.321290
2009-10-31,05:30,54.5,51.4,89.4,0.0,S@7.6,14.2,0.0,0,52.3,"Woodinvill (21 Acres), Woodinville, King County",330026,Woodinvill,2020-06-01 00:33:27.321290
2009-10-31,05:45,54.4,51.7,90.5,0.0,S@8.3,14.6,0.0,0,52.3,"Woodinvill (21 Acres), Woodinville, King County",330026,Woodinvill,2020-06-01 00:33:27.321290
2009-10-31,06:00,53.9,51.7,92.1,0.0,S@8.5,13.9,0.0,0,52.3,"Woodinvill (21 Acres), Woodinville, King County",330026,Woodinvill,2020-06-01 00:33:27.321290
2009-10-31,06:15,54.0,52.0,92.8,0.0,S@7.8,14.6,0.0,0,52.2,"Woodinvill (21 Acres), Woodinville, King County",330026,Woodinvill,2020-06-01 00:33:27.321290
2009-10-31,06:30,53.9,51.7,92.3,0.0,S@6.7,12.1,0.01,0,52.2,"Woodinvill (21 Acres), Woodinville, King County",330026,Woodinvill,2020-06-01 00:33:27.321290
2009-10-31,06:45,53.9,51.4,91.0,0.0,S@6.7,13.2,0.0,0,52.2,"Woodinvill (21 Acres), Woodinville, King County",330026,Woodinvill,2020-06-01 00:33:27.321290
2009-10-31,07:00,54.1,50.8,88.3,0.0,S@7.0,15.0,0.0,0,52.2,"Woodinvill (21 Acres), Woodinville, King County",330026,Woodinvill,2020-06-01 00:33:27.321290
2009-10-31,07:15,54.4,50.2,85.7,0.0,S@8.5,15.3,0.0,0,52.2,"Woodinvill (21 Acres), Woodinville, King County",330026,Woodinvill,2020-06-01 00:33:27.321290
2009-10-31,07:30,54.3,50.0,85.5,0.0,S@8.2,15.7,0.0,1,52.2,"Woodinvill (21 Acres), Woodinville, King County",330026,Woodinvill,2020-06-01 00:33:27.321290
2009-10-31,07:45,53.9,49.9,86.3,0.0,S@6.4,13.5,0.0,2,52.2,"Woodinvill (21 Acres), Woodinville, King County",330026,Woodinvill,2020-06-01 00:33:27.321290
2009-10-31,08:00,53.7,49.7,86.2,0.0,S@6.3,10.3,0.0,4,52.2,"Woodinvill (21 Acres), Woodinville, King County",330026,Woodinvill,2020-06-01 00:33:27.321290
2009-10-31,08:15,53.7,49.8,86.6,0.0,S@6.6,12.4,0.0,8,52.2,"Woodinvill (21 Acres), Woodinville, King County",330026,Woodinvill,2020-06-01 00:33:27.321290
2009-10-31,08:30,54.0,50.0,86.4,0.0,S@4.4,12.8,0.0,15,52.2,"Woodinvill (21 Acres), Woodinville, King County",330026,Woodinvill,2020-06-01 00:33:27.321290
2009-10-31,08:45,54.3,50.2,85.7,0.0,S@3.6,8.9,0.0,25,52.1,"Woodinvill (21 Acres), Woodinville, King County",330026,Woodinvill,2020-06-01 00:33:27.321290
2009-10-31,09:00,54.3,50.5,86.8,0.0,S@3.0,6.0,0.0,27,52.1,"Woodinvill (21 Acres), Woodinville, King County",330026,Woodinvill,2020-06-01 00:33:27.321290
2009-10-31,09:15,54.2,50.0,85.6,0.0,S@4.7,8.2,0.0,40,52.1,"Woodinvill (21 Acres), Woodinville, King County",330026,Woodinvill,2020-06-01 00:33:27.321290
2009-10-31,09:30,54.4,49.9,84.7,0.0,S@4.4,8.2,0.0,69,52.1,"Woodinvill (21 Acres), Woodinville, King County",330026,Woodinvill,2020-06-01 00:33:27.321290
2009-10-31,09:45,54.5,49.8,83.9,0.0,S@4.3,7.8,0.0,94,52.1,"Woodinvill (21 Acres), Woodinville, King County",330026,Woodinvill,2020-06-01 00:33:27.321290
2009-10-31,10:00,56.3,50.6,80.9,0.0,S@4.1,7.4,0.0,220,52.1,"Woodinvill (21 Acres), Woodinville, King County",330026,Woodinvill,2020-06-01 00:33:27.321290
2009-10-31,10:15,57.4,50.5,77.8,0.0,S@5.6,12.1,0.0,249,52.1,"Woodinvill (21 Acres), Woodinville, King County",330026,Woodinvill,2020-06-01 00:33:27.321290
2009-10-31,10:30,56.7,50.0,78.2,0.0,S@5.5,11.4,0.0,135,52.1,"Woodinvill (21 Acres), Woodinville, King County",330026,Woodinvill,2020-06-01 00:33:27.321290
2009-10-31,10:45,56.3,49.6,78.0,0.0,S@6.2,13.2,0.0,125,52.0,"Woodinvill (21 Acres), Woodinville, King County",330026,Woodinvill,2020-06-01 00:33:27.321290
2009-10-31,11:00,56.1,49.3,77.8,0.0,SW@5.4,10.3,0.0,141,52.0,"Woodinvill (21 Acres), Woodinville, King County",330026,Woodinvill,2020-06-01 00:33:27.321290
2009-10-31,11:15,57.0,49.7,76.6,0.0,S@5.5,10.3,0.0,170,52.0,"Woodinvill (21 Acres), Woodinville, King County",330026,Woodinvill,2020-06-01 00:33:27.321290
2009-10-31,11:30,56.4,49.8,78.3,0.0,S@4.6,10.7,0.0,143,52.1,"Woodinvill (21 Acres), Woodinville, King County",330026,Woodinvill,2020-06-01 00:33:27.321290
2009-10-31,11:45,57.0,49.7,76.5,0.0,S@4.3,8.2,0.0,213,52.1,"Woodinvill (21 Acres), Woodinville, King County",330026,Woodinvill,2020-06-01 00:33:27.321290
2009-10-31,12:00,58.5,49.6,72.3,0.0,S@5.9,14.6,0.0,360,52.1,"Woodinvill (21 Acres), Woodinville, King County",330026,Woodinvill,2020-06-01 00:33:27.321290
2009-10-31,12:15,58.2,48.3,69.4,0.0,S@7.3,12.1,0.0,426,52.1,"Woodinvill (21 Acres), Woodinville, King County",330026,Woodinvill,2020-06-01 00:33:27.321290
2009-10-31,12:30,59.3,48.6,67.7,0.0,S@6.0,13.2,0.0,438,52.1,"Woodinvill (21 Acres), Woodinville, King County",330026,Woodinvill,2020-06-01 00:33:27.321290
2009-10-31,12:45,59.2,48.1,66.6,0.0,S@7.0,13.2,0.0,449,52.1,"Woodinvill (21 Acres), Woodinville, King County",330026,Woodinvill,2020-06-01 00:33:27.321290
2009-10-31,13:00,58.8,47.5,66.0,0.0,S@6.2,11.7,0.0,327,52.2,"Woodinvill (21 Acres), Woodinville, King County",330026,Woodinvill,2020-06-01 00:33:27.321290
2009-10-31,13:15,59.1,47.9,66.4,0.0,SW@5.5,10.7,0.0,389,52.2,"Woodinvill (21 Acres), Woodinville, King County",330026,Woodinvill,2020-06-01 00:33:27.321290
2009-10-31,13:30,58.6,47.8,67.0,0.0,S@7.7,17.5,0.0,342,52.3,"Woodinvill (21 Acres), Woodinville, King County",330026,Woodinvill,2020-06-01 00:33:27.321290
2009-10-31,13:45,59.2,48.4,67.3,0.0,S@6.5,12.4,0.0,385,52.3,"Woodinvill (21 Acres), Woodinville, King County",330026,Woodinvill,2020-06-01 00:33:27.321290
2009-10-31,14:00,60.1,48.9,66.5,0.0,S@5.6,11.4,0.0,379,52.4,"Woodinvill (21 Acres), Woodinville, King County",330026,Woodinvill,2020-06-01 00:33:27.321290
2009-10-31,14:15,58.0,48.3,69.9,0.0,S@6.1,12.1,0.0,217,52.4,"Woodinvill (21 Acres), Woodinville, King County",330026,Woodinvill,2020-06-01 00:33:27.321290
2009-10-31,14:30,57.3,48.0,71.2,0.0,S@5.7,11.7,0.0,96,52.5,"Woodinvill (21 Acres), Woodinville, King County",330026,Woodinvill,2020-06-01 00:33:27.321290
2009-10-31,14:45,54.9,46.8,74.1,0.0,NW@6.3,15.0,0.0,29,52.5,"Woodinvill (21 Acres), Woodinville, King County",330026,Woodinvill,2020-06-01 00:33:27.321290
2009-10-31,15:00,52.8,46.1,77.9,0.0,N@6.6,10.3,0.0,43,52.6,"Woodinvill (21 Acres), Woodinville, King County",330026,Woodinvill,2020-06-01 00:33:27.321290
2009-10-31,15:15,52.4,45.9,78.5,0.0,N@5.1,8.9,0.0,33,52.7,"Woodinvill (21 Acres), Woodinville, King County",330026,Woodinvill,2020-06-01 00:33:27.321290
2009-10-31,15:30,52.0,45.7,79.2,0.0,N@5.5,9.6,0.0,50,52.7,"Woodinvill (21 Acres), Woodinville, King County",330026,Woodinvill,2020-06-01 00:33:27.321290
2009-10-31,15:45,51.7,46.3,81.7,0.0,N@4.3,8.5,0.0,74,52.8,"Woodinvill (21 Acres), Woodinville, King County",330026,Woodinvill,2020-06-01 00:33:27.321290
2009-10-31,16:00,51.4,46.2,82.2,0.0,N @3.7,8.2,0.0,46,52.9,"Woodinvill (21 Acres), Woodinville, King County",330026,Woodinvill,2020-06-01 00:33:27.321290
2009-10-31,16:15,51.3,45.6,80.7,0.0,N @4.5,8.5,0.2,62,52.9,"Woodinvill (21 Acres), Woodinville, King County",330026,Woodinvill,2020-06-01 00:33:27.321290
2009-10-31,16:30,51.3,45.7,81.0,0.0,N@3.9,6.7,0.35,53,52.9,"Woodinvill (21 Acres), Woodinville, King County",330026,Woodinvill,2020-06-01 00:33:27.321290
2009-10-31,16:45,51.3,45.1,79.1,0.0,N@3.4,5.7,0.06,35,52.9,"Woodinvill (21 Acres), Woodinville, King County",330026,Woodinvill,2020-06-01 00:33:27.321290
2009-10-31,17:00,51.4,45.0,78.7,0.0,N@1.8,4.2,0.01,20,53.0,"Woodinvill (21 Acres), Woodinville, King County",330026,Woodinvill,2020-06-01 00:33:27.321290
2009-10-31,17:15,51.4,44.7,77.9,0.0,E@3.0,5.3,0.0,23,53.0,"Woodinvill (21 Acres), Woodinville, King County",330026,Woodinvill,2020-06-01 00:33:27.321290
2009-10-31,17:30,51.2,44.9,78.9,0.0,NE@2.8,5.7,0.0,19,53.0,"Woodinvill (21 Acres), Woodinville, King County",330026,Woodinvill,2020-06-01 00:33:27.321290
2009-10-31,17:45,50.8,45.6,82.1,0.0,E@3.5,7.1,0.0,5,53.0,"Woodinvill (21 Acres), Woodinville, King County",330026,Woodinvill,2020-06-01 00:33:27.321290
2009-10-31,18:00,50.5,45.6,83.2,0.0,SE@1.9,4.6,0.0,2,53.0,"Woodinvill (21 Acres), Woodinville, King County",330026,Woodinvill,2020-06-01 00:33:27.321290
2009-10-31,18:15,50.4,46.0,85.0,0.0,SE@1.7,4.2,0.0,2,53.0,"Woodinvill (21 Acres), Woodinville, King County",330026,Woodinvill,2020-06-01 00:33:27.321290
2009-10-31,18:30,50.1,46.3,86.8,0.0,SE@1.5,4.2,0.0,0,53.0,"Woodinvill (21 Acres), Woodinville, King County",330026,Woodinvill,2020-06-01 00:33:27.321290
2009-10-31,18:45,49.9,46.5,88.0,0.0,SE@1.6,3.1,0.0,0,53.0,"Woodinvill (21 Acres), Woodinville, King County",330026,Woodinvill,2020-06-01 00:33:27.321290
2009-10-31,19:00,49.8,46.6,88.6,0.0,E@0.5,2.4,0.25,0,53.0,"Woodinvill (21 Acres), Woodinville, King County",330026,Woodinvill,2020-06-01 00:33:27.321290
2009-10-31,19:15,49.4,46.6,89.7,0.0,SE@0.5,3.1,0.73,0,53.0,"Woodinvill (21 Acres), Woodinville, King County",330026,Woodinvill,2020-06-01 00:33:27.321290
2009-10-31,19:30,49.0,46.6,91.3,0.0,SE@1.5,2.8,0.73,0,53.0,"Woodinvill (21 Acres), Woodinville, King County",330026,Woodinvill,2020-06-01 00:33:27.321290
2009-10-31,19:45,49.0,47.1,93.3,0.0,SE@0.3,2.1,0.72,0,53.0,"Woodinvill (21 Acres), Woodinville, King County",330026,Woodinvill,2020-06-01 00:33:27.321290
2009-10-31,20:00,48.6,47.0,94.3,0.0,E@0.4,1.7,0.72,0,52.9,"Woodinvill (21 Acres), Woodinville, King County",330026,Woodinvill,2020-06-01 00:33:27.321290
2009-10-31,20:15,48.5,47.0,94.4,0.0,NE@0.3,2.1,0.73,0,52.9,"Woodinvill (21 Acres), Woodinville, King County",330026,Woodinvill,2020-06-01 00:33:27.321290
2009-10-31,20:30,48.5,47.1,94.6,0.0,NE@0.0,1.4,0.73,0,52.9,"Woodinvill (21 Acres), Woodinville, King County",330026,Woodinvill,2020-06-01 00:33:27.321290
2009-10-31,20:45,48.5,47.2,95.1,0.0,N @0.0,0.0,0.74,0,52.9,"Woodinvill (21 Acres), Woodinville, King County",330026,Woodinvill,2020-06-01 00:33:27.321290
2009-10-31,21:00,48.1,46.9,95.7,0.0,S@0.1,1.7,0.76,0,52.9,"Woodinvill (21 Acres), Woodinville, King County",330026,Woodinvill,2020-06-01 00:33:27.321290
2009-10-31,21:15,48.0,46.9,95.8,0.0,N @0.1,1.4,0.76,0,52.8,"Woodinvill (21 Acres), Woodinville, King County",330026,Woodinvill,2020-06-01 00:33:27.321290
2009-10-31,21:30,47.7,46.7,96.4,0.0,NE@0.7,2.1,0.81,0,52.8,"Woodinvill (21 Acres), Woodinville, King County",330026,Woodinvill,2020-06-01 00:33:27.321290
2009-10-31,21:45,47.9,46.9,96.0,0.0,S@0.2,1.7,0.91,0,52.8,"Woodinvill (21 Acres), Woodinville, King County",330026,Woodinvill,2020-06-01 00:33:27.321290
2009-10-31,22:00,47.7,46.9,97.1,0.0,SE@1.2,2.4,0.92,0,52.8,"Woodinvill (21 Acres), Woodinville, King County",330026,Woodinvill,2020-06-01 00:33:27.321290
2009-10-31,22:15,47.5,46.8,97.4,0.0,S@1.0,2.1,0.92,0,52.7,"Woodinvill (21 Acres), Woodinville, King County",330026,Woodinvill,2020-06-01 00:33:27.321290
2009-10-31,22:30,47.5,46.8,97.2,0.0,SE@1.2,2.4,0.92,0,52.7,"Woodinvill (21 Acres), Woodinville, King County",330026,Woodinvill,2020-06-01 00:33:27.321290
2009-10-31,22:45,47.7,46.2,94.6,0.0,E@1.6,4.2,0.93,0,52.7,"Woodinvill (21 Acres), Woodinville, King County",330026,Woodinvill,2020-06-01 00:33:27.321290
2009-10-31,23:00,47.1,45.6,94.4,0.01,S@1.7,2.8,0.94,0,52.7,"Woodinvill (21 Acres), Woodinville, King County",330026,Woodinvill,2020-06-01 00:33:27.321290
2009-10-31,23:15,47.2,46.0,95.6,0.0,E@2.3,3.9,0.94,0,52.6,"Woodinvill (21 Acres), Woodinville, King County",330026,Woodinvill,2020-06-01 00:33:27.321290
2009-10-31,23:30,46.9,45.8,95.9,0.0,SE@1.7,2.8,0.94,0,52.6,"Woodinvill (21 Acres), Woodinville, King County",330026,Woodinvill,2020-06-01 00:33:27.321290
2009-10-31,23:45,46.7,45.9,96.8,0.0,SE@1.4,2.8,0.95,0,52.6,"Woodinvill (21 Acres), Woodinville, King County",330026,Woodinvill,2020-06-01 00:33:27.321290
2009-10-31,24:00,46.2,45.5,97.4,0.0,S@1.5,2.8,0.95,0,52.5,"Woodinvill (21 Acres), Woodinville, King County",330026,Woodinvill,2020-06-01 00:33:27.321290
2009-11-01,00:15,46.0,45.6,98.3,0.0,SE@1.6,2.8,0.94,0,52.5,"Woodinvill (21 Acres), Woodinville, King County",330026,Woodinvill,2020-06-01 00:33:27.321290
2009-11-01,00:30,46.0,45.6,98.2,0.0,SE@1.7,3.5,0.94,0,52.5,"Woodinvill (21 Acres), Woodinville, King County",330026,Woodinvill,2020-06-01 00:33:27.321290
2009-11-01,00:45,45.7,45.0,97.2,0.0,SE@0.7,2.8,0.94,0,52.5,"Woodinvill (21 Acres), Woodinville, King County",330026,Woodinvill,2020-06-01 00:33:27.321290
2009-11-01,01:00,44.4,43.6,96.9,0.0,SE@0.3,1.7,0.94,0,52.4,"Woodinvill (21 Acres), Woodinville, King County",330026,Woodinvill,2020-06-01 00:33:27.321290
2009-11-01,01:15,43.8,43.2,97.8,0.0,SE@0.1,1.4,0.94,0,52.4,"Woodinvill (21 Acres), Woodinville, King County",330026,Woodinvill,2020-06-01 00:33:27.321290
2009-11-01,01:30,44.0,43.5,98.2,0.0,E@0.7,2.4,0.94,0,52.4,"Woodinvill (21 Acres), Woodinville, King County",330026,Woodinvill,2020-06-01 00:33:27.321290
2009-11-01,01:45,44.4,44.1,98.9,0.0,E@1.2,2.8,0.94,0,52.3,"Woodinvill (21 Acres), Woodinville, King County",330026,Woodinvill,2020-06-01 00:33:27.321290
2009-11-01,01:00,44.4,44.0,98.5,0.0,S@0.8,2.4,0.94,0,52.3,"Woodinvill (21 Acres), Woodinville, King County",330026,Woodinvill,2020-06-01 00:33:27.321290
2009-11-01,01:15,44.4,44.0,98.3,0.0,E@0.5,1.7,0.94,0,52.3,"Woodinvill (21 Acres), Woodinville, King County",330026,Woodinvill,2020-06-01 00:33:27.321290
2009-11-01,01:30,43.8,43.3,98.2,0.0,N @0.0,0.0,0.94,0,52.2,"Woodinvill (21 Acres), Woodinville, King County",330026,Woodinvill,2020-06-01 00:33:27.321290
2009-11-01,01:45,43.1,42.7,98.3,0.0,E@0.7,2.1,0.94,0,52.2,"Woodinvill (21 Acres), Woodinville, King County",330026,Woodinvill,2020-06-01 00:33:27.321290
2009-11-01,02:00,42.2,41.8,98.5,0.0,SW@0.2,2.1,0.94,0,52.1,"Woodinvill (21 Acres), Woodinville, King County",330026,Woodinvill,2020-06-01 00:33:27.321290
2009-11-01,02:15,41.8,41.4,98.5,0.0,N @0.0,0.0,0.94,0,52.1,"Woodinvill (21 Acres), Woodinville, King County",330026,Woodinvill,2020-06-01 00:33:27.321290
2009-11-01,02:30,41.6,41.3,99.0,0.0,E@0.1,1.7,0.94,0,52.0,"Woodinvill (21 Acres), Woodinville, King County",330026,Woodinvill,2020-06-01 00:33:27.321290
2009-11-01,02:45,41.8,41.6,99.1,0.0,NW@0.0,1.7,0.94,0,52.0,"Woodinvill (21 Acres), Woodinville, King County",330026,Woodinvill,2020-06-01 00:33:27.321290
2009-11-01,03:00,42.0,41.9,99.4,0.0,W@1.5,2.4,0.94,0,52.0,"Woodinvill (21 Acres), Woodinville, King County",330026,Woodinvill,2020-06-01 00:33:27.321290
2009-11-01,03:15,41.7,41.5,99.2,0.0,SW@0.2,1.7,0.94,0,51.9,"Woodinvill (21 Acres), Woodinville, King County",330026,Woodinvill,2020-06-01 00:33:27.321290
2009-11-01,03:30,41.0,40.8,99.3,0.0,S@0.6,2.1,0.94,0,51.8,"Woodinvill (21 Acres), Woodinville, King County",330026,Woodinvill,2020-06-01 00:33:27.321290
2009-11-01,03:45,39.6,39.4,99.3,0.0,S@0.3,2.1,0.94,0,51.8,"Woodinvill (21 Acres), Woodinville, King County",330026,Woodinvill,2020-06-01 00:33:27.321290
2009-11-01,04:00,39.4,39.2,99.4,0.0,N@0.8,2.4,0.94,0,51.7,"Woodinvill (21 Acres), Woodinville, King County",330026,Woodinvill,2020-06-01 00:33:27.321290
2009-11-01,04:15,39.4,39.3,99.6,0.0,SW@0.2,1.7,0.94,0,51.7,"Woodinvill (21 Acres), Woodinville, King County",330026,Woodinvill,2020-06-01 00:33:27.321290
2009-11-01,04:30,38.4,38.3,99.4,0.0,E@0.3,1.7,0.94,0,51.6,"Woodinvill (21 Acres), Woodinville, King County",330026,Woodinvill,2020-06-01 00:33:27.321290
2009-11-01,04:45,38.9,38.8,99.8,0.0,NW@0.5,1.7,0.94,0,51.6,"Woodinvill (21 Acres), Woodinville, King County",330026,Woodinvill,2020-06-01 00:33:27.321290
2009-11-01,05:00,38.8,38.7,99.6,0.0,SW@0.6,2.1,0.94,0,51.5,"Woodinvill (21 Acres), Woodinville, King County",330026,Woodinvill,2020-06-01 00:33:27.321290
2009-11-01,05:15,38.8,38.8,99.8,0.0,N @0.8,2.4,0.94,0,51.5,"Woodinvill (21 Acres), Woodinville, King County",330026,Woodinvill,2020-06-01 00:33:27.321290
2009-11-01,05:30,39.4,39.3,99.8,0.0,SE@0.4,2.1,0.94,0,51.4,"Woodinvill (21 Acres), Woodinville, King County",330026,Woodinvill,2020-06-01 00:33:27.321290
2009-11-01,05:45,38.7,38.7,99.8,0.0,S@0.6,1.7,0.94,0,51.4,"Woodinvill (21 Acres), Woodinville, King County",330026,Woodinvill,2020-06-01 00:33:27.321290
2009-11-01,06:00,38.6,38.5,99.5,0.0,NW@0.4,1.7,0.94,0,51.3,"Woodinvill (21 Acres), Woodinville, King County",330026,Woodinvill,2020-06-01 00:33:27.321290
2009-11-01,06:15,38.2,38.1,99.6,0.0,N@0.2,1.7,0.94,0,51.2,"Woodinvill (21 Acres), Woodinville, King County",330026,Woodinvill,2020-06-01 00:33:27.321290
2009-11-01,06:30,38.6,38.6,100.0,0.0,NE@0.8,2.1,0.94,0,51.2,"Woodinvill (21 Acres), Woodinville, King County",330026,Woodinvill,2020-06-01 00:33:27.321290
2009-11-01,06:45,38.7,38.6,99.7,0.0,W@0.0,1.4,0.94,2,51.1,"Woodinvill (21 Acres), Woodinville, King County",330026,Woodinvill,2020-06-01 00:33:27.321290
2009-11-01,07:00,38.7,38.6,99.8,0.0,E@0.0,1.7,0.94,4,51.0,"Woodinvill (21 Acres), Woodinville, King County",330026,Woodinvill,2020-06-01 00:33:27.321290
2009-11-01,07:15,38.6,38.6,100.0,0.0,SE@0.8,2.4,0.94,9,51.0,"Woodinvill (21 Acres), Woodinville, King County",330026,Woodinvill,2020-06-01 00:33:27.321290
2009-11-01,07:30,38.6,38.6,100.0,0.0,SE@0.7,2.4,0.94,24,50.9,"Woodinvill (21 Acres), Woodinville, King County",330026,Woodinvill,2020-06-01 00:33:27.321290
2009-11-01,07:45,38.9,38.9,100.0,0.0,SE@1.0,2.8,0.94,40,50.9,"Woodinvill (21 Acres), Woodinville, King County",330026,Woodinvill,2020-06-01 00:33:27.321290
2009-11-01,08:00,39.3,39.3,100.0,0.0,S@1.9,3.9,0.94,58,50.8,"Woodinvill (21 Acres), Woodinville, King County",330026,Woodinvill,2020-06-01 00:33:27.321290
2009-11-01,08:15,39.5,39.5,100.0,0.0,SE@1.5,2.4,0.93,86,50.8,"Woodinvill (21 Acres), Woodinville, King County",330026,Woodinvill,2020-06-01 00:33:27.321290
2009-11-01,08:30,40.0,40.0,100.0,0.0,SE@0.5,2.1,0.93,102,50.7,"Woodinvill (21 Acres), Woodinville, King County",330026,Woodinvill,2020-06-01 00:33:27.321290
2009-11-01,08:45,40.8,40.8,99.9,0.0,SW@0.2,2.1,0.93,104,50.7,"Woodinvill (21 Acres), Woodinville, King County",330026,Woodinvill,2020-06-01 00:33:27.321290
2009-11-01,09:00,41.1,41.1,99.9,0.0,S@1.0,2.8,0.93,133,50.6,"Woodinvill (21 Acres), Woodinville, King County",330026,Woodinvill,2020-06-01 00:33:27.321290
2009-11-01,09:15,42.0,42.1,100.0,0.0,SW@1.2,2.4,0.93,178,50.6,"Woodinvill (21 Acres), Woodinville, King County",330026,Woodinvill,2020-06-01 00:33:27.321290
2009-11-01,09:30,42.8,42.8,100.0,0.0,S@1.3,3.1,0.93,199,50.5,"Woodinvill (21 Acres), Woodinville, King County",330026,Woodinvill,2020-06-01 00:33:27.321290
2009-11-01,09:45,45.3,45.3,99.8,0.0,SE@1.3,3.1,0.93,287,50.5,"Woodinvill (21 Acres), Woodinville, King County",330026,Woodinvill,2020-06-01 00:33:27.321290
2009-11-01,10:00,46.6,46.5,99.6,0.0,S@2.1,3.9,0.93,322,50.5,"Woodinvill (21 Acres), Woodinville, King County",330026,Woodinvill,2020-06-01 00:33:27.321290
2009-11-01,10:15,48.4,47.8,97.4,0.0,S@2.5,3.9,0.93,336,50.5,"Woodinvill (21 Acres), Woodinville, King County",330026,Woodinvill,2020-06-01 00:33:27.321290
2009-11-01,10:30,49.8,47.5,91.6,0.0,S@2.4,4.6,0.93,354,50.5,"Woodinvill (21 Acres), Woodinville, King County",330026,Woodinvill,2020-06-01 00:33:27.321290
2009-11-01,10:45,52.0,47.4,84.0,0.0,S@2.2,3.9,0.91,368,50.4,"Woodinvill (21 Acres), Woodinville, King County",330026,Woodinvill,2020-06-01 00:33:27.321290
2009-11-01,11:00,53.3,45.8,75.6,0.0,S@2.4,3.9,0.87,379,50.4,"Woodinvill (21 Acres), Woodinville, King County",330026,Woodinvill,2020-06-01 00:33:27.321290
2009-11-01,11:15,54.1,45.9,73.7,0.0,S@3.1,5.3,0.77,398,50.5,"Woodinvill (21 Acres), Woodinville, King County",330026,Woodinvill,2020-06-01 00:33:27.321290
2009-11-01,11:30,55.0,46.1,71.7,0.0,SW@2.6,4.6,0.55,412,50.5,"Woodinvill (21 Acres), Woodinville, King County",330026,Woodinvill,2020-06-01 00:33:27.321290
2009-11-01,11:45,55.7,45.7,69.0,0.0,S@2.2,4.2,0.18,416,50.5,"Woodinvill (21 Acres), Woodinville, King County",330026,Woodinvill,2020-06-01 00:33:27.321290
2009-11-01,12:00,57.0,46.2,67.0,0.0,S@2.5,5.7,0.0,467,50.6,"Woodinvill (21 Acres), Woodinville, King County",330026,Woodinvill,2020-06-01 00:33:27.321290
2009-11-01,12:15,57.2,46.1,66.4,0.0,S@2.8,5.7,0.0,461,50.6,"Woodinvill (21 Acres), Woodinville, King County",330026,Woodinvill,2020-06-01 00:33:27.321290
2009-11-01,12:30,57.1,45.8,65.8,0.0,SE@2.7,4.2,0.0,483,50.7,"Woodinvill (21 Acres), Woodinville, King County",330026,Woodinvill,2020-06-01 00:33:27.321290
2009-11-01,12:45,58.1,44.5,60.5,0.0,SW@2.9,6.4,0.0,502,50.8,"Woodinvill (21 Acres), Woodinville, King County",330026,Woodinvill,2020-06-01 00:33:27.321290
2009-11-01,13:00,56.4,42.3,59.1,0.0,E@3.6,8.5,0.0,255,50.8,"Woodinvill (21 Acres), Woodinville, King County",330026,Woodinvill,2020-06-01 00:33:27.321290
2009-11-01,13:15,54.5,40.8,59.9,0.0,E@2.1,4.9,0.0,80,50.9,"Woodinvill (21 Acres), Woodinville, King County",330026,Woodinvill,2020-06-01 00:33:27.321290
2009-11-01,13:30,53.8,41.5,62.9,0.0,NE@2.2,4.2,0.0,59,51.0,"Woodinvill (21 Acres), Woodinville, King County",330026,Woodinvill,2020-06-01 00:33:27.321290
2009-11-01,13:45,55.1,42.0,61.2,0.0,N@2.1,3.5,0.0,274,51.1,"Woodinvill (21 Acres), Woodinville, King County",330026,Woodinvill,2020-06-01 00:33:27.321290
2009-11-01,14:00,58.0,42.2,55.5,0.0,SW@2.3,3.9,0.0,309,51.2,"Woodinvill (21 Acres), Woodinville, King County",330026,Woodinvill,2020-06-01 00:33:27.321290
2009-11-01,14:15,57.9,40.4,52.0,0.0,N @2.5,6.4,0.0,285,51.3,"Woodinvill (21 Acres), Woodinville, King County",330026,Woodinvill,2020-06-01 00:33:27.321290
2009-11-01,14:30,57.9,40.6,52.4,0.0,S@2.5,4.2,0.0,260,51.4,"Woodinvill (21 Acres), Woodinville, King County",330026,Woodinvill,2020-06-01 00:33:27.321290
2009-11-01,14:45,58.5,40.5,51.0,0.0,W@2.2,4.2,0.0,237,51.5,"Woodinvill (21 Acres), Woodinville, King County",330026,Woodinvill,2020-06-01 00:33:27.321290
2009-11-01,15:00,58.6,40.5,50.9,0.0,W@1.6,3.9,0.0,205,51.6,"Woodinvill (21 Acres), Woodinville, King County",330026,Woodinvill,2020-06-01 00:33:27.321290
2009-11-01,15:15,58.3,39.4,49.3,0.0,NW@2.1,3.9,0.0,175,51.7,"Woodinvill (21 Acres), Woodinville, King County",330026,Woodinvill,2020-06-01 00:33:27.321290
2009-11-01,15:30,58.2,41.4,53.4,0.0,W@1.8,3.5,0.0,146,51.8,"Woodinvill (21 Acres), Woodinville, King County",330026,Woodinvill,2020-06-01 00:33:27.321290
2009-11-01,15:45,57.1,40.3,53.2,0.0,NW@2.3,5.3,0.0,117,51.9,"Woodinvill (21 Acres), Woodinville, King County",330026,Woodinvill,2020-06-01 00:33:27.321290
2009-11-01,16:00,56.0,39.5,53.9,0.0,N@1.9,4.6,0.0,88,51.9,"Woodinvill (21 Acres), Woodinville, King County",330026,Woodinvill,2020-06-01 00:33:27.321290
2009-11-01,16:15,54.9,41.8,61.2,0.0,W@1.1,2.8,0.0,59,52.0,"Woodinvill (21 Acres), Woodinville, King County",330026,Woodinvill,2020-06-01 00:33:27.321290
2009-11-01,16:30,50.2,42.7,75.5,0.0,S@0.4,2.1,0.0,17,52.1,"Woodinvill (21 Acres), Woodinville, King County",330026,Woodinvill,2020-06-01 00:33:27.321290
2009-11-01,16:45,47.9,42.1,80.1,0.0,W@0.1,1.4,0.0,9,52.1,"Woodinvill (21 Acres), Woodinville, King County",330026,Woodinvill,2020-06-01 00:33:27.321290
2009-11-01,17:00,45.8,42.1,86.8,0.0,N@1.0,2.4,0.02,4,52.1,"Woodinvill (21 Acres), Woodinville, King County",330026,Woodinvill,2020-06-01 00:33:27.321290
2009-11-01,17:15,45.1,42.1,89.3,0.0,E@0.1,1.7,0.04,2,52.2,"Woodinvill (21 Acres), Woodinville, King County",330026,Woodinvill,2020-06-01 00:33:27.321290
2009-11-01,17:30,44.2,42.0,91.7,0.0,NE@1.7,2.8,0.06,1,52.2,"Woodinvill (21 Acres), Woodinville, King County",330026,Woodinvill,2020-06-01 00:33:27.321290
2009-11-01,17:45,43.1,41.1,92.5,0.0,N@0.9,2.4,0.09,0,52.2,"Woodinvill (21 Acres), Woodinville, King County",330026,Woodinvill,2020-06-01 00:33:27.321290
2009-11-01,18:00,43.0,41.3,93.9,0.0,NE@0.4,2.1,0.15,0,52.2,"Woodinvill (21 Acres), Woodinville, King County",330026,Woodinvill,2020-06-01 00:33:27.321290
2009-11-01,18:15,42.0,40.5,94.5,0.0,W@0.2,2.1,0.24,0,52.2,"Woodinvill (21 Acres), Woodinville, King County",330026,Woodinvill,2020-06-01 00:33:27.321290
2009-11-01,18:30,41.4,40.3,95.9,0.0,NE@0.2,1.4,0.35,0,52.2,"Woodinvill (21 Acres), Woodinville, King County",330026,Woodinvill,2020-06-01 00:33:27.321290
2009-11-01,18:45,41.1,40.2,96.5,0.0,NE@0.6,2.4,0.44,0,52.2,"Woodinvill (21 Acres), Woodinville, King County",330026,Woodinvill,2020-06-01 00:33:27.321290
2009-11-01,19:00,40.9,40.0,96.5,0.0,NW@0.9,2.4,0.53,0,52.1,"Woodinvill (21 Acres), Woodinville, King County",330026,Woodinvill,2020-06-01 00:33:27.321290
2009-11-01,19:15,40.1,39.3,97.0,0.0,E@0.5,1.7,0.6,0,52.1,"Woodinvill (21 Acres), Woodinville, King County",330026,Woodinvill,2020-06-01 00:33:27.321290
2009-11-01,19:30,39.4,38.8,97.5,0.0,S@0.5,2.4,0.66,0,52.0,"Woodinvill (21 Acres), Woodinville, King County",330026,Woodinvill,2020-06-01 00:33:27.321290
2009-11-01,19:45,39.4,38.9,98.1,0.0,E@0.6,2.4,0.71,0,52.0,"Woodinvill (21 Acres), Woodinville, King County",330026,Woodinvill,2020-06-01 00:33:27.321290
2009-11-01,20:00,39.0,38.4,97.6,0.0,N@0.1,1.4,0.76,0,51.9,"Woodinvill (21 Acres), Woodinville, King County",330026,Woodinvill,2020-06-01 00:33:27.321290
2009-11-01,20:15,38.8,38.5,98.5,0.0,S@0.1,1.7,0.8,0,51.9,"Woodinvill (21 Acres), Woodinville, King County",330026,Woodinvill,2020-06-01 00:33:27.321290
2009-11-01,20:30,38.5,38.1,98.3,0.0,E@0.1,1.4,0.82,0,51.8,"Woodinvill (21 Acres), Woodinville, King County",330026,Woodinvill,2020-06-01 00:33:27.321290
2009-11-01,20:45,38.4,38.0,98.7,0.0,NW@0.5,2.1,0.84,0,51.7,"Woodinvill (21 Acres), Woodinville, King County",330026,Woodinvill,2020-06-01 00:33:27.321290
2009-11-01,21:00,38.2,38.0,99.0,0.0,N@0.5,2.1,0.86,0,51.7,"Woodinvill (21 Acres), Woodinville, King County",330026,Woodinvill,2020-06-01 00:33:27.321290
2009-11-01,21:15,37.7,37.4,98.5,0.0,W@0.2,1.7,0.87,0,51.6,"Woodinvill (21 Acres), Woodinville, King County",330026,Woodinvill,2020-06-01 00:33:27.321290
2009-11-01,21:30,37.2,36.9,98.9,0.0,NE@0.5,2.1,0.88,0,51.5,"Woodinvill (21 Acres), Woodinville, King County",330026,Woodinvill,2020-06-01 00:33:27.321290
2009-11-01,21:45,36.7,36.4,98.7,0.0,NW@0.1,1.7,0.89,0,51.4,"Woodinvill (21 Acres), Woodinville, King County",330026,Woodinvill,2020-06-01 00:33:27.321290
2009-11-01,22:00,35.7,35.4,98.6,0.0,N@0.6,3.1,0.89,0,51.3,"Woodinvill (21 Acres), Woodinville, King County",330026,Woodinvill,2020-06-01 00:33:27.321290
2009-11-01,22:15,36.6,36.5,99.7,0.0,NE@0.9,2.4,0.9,0,51.3,"Woodinvill (21 Acres), Woodinville, King County",330026,Woodinvill,2020-06-01 00:33:27.321290
2009-11-01,22:30,36.9,36.7,99.0,0.0,N @0.3,1.7,0.91,0,51.2,"Woodinvill (21 Acres), Woodinville, King County",330026,Woodinvill,2020-06-01 00:33:27.321290
2009-11-01,22:45,36.5,36.4,99.3,0.0,N @0.6,2.1,0.91,0,51.1,"Woodinvill (21 Acres), Woodinville, King County",330026,Woodinvill,2020-06-01 00:33:27.321290
2009-11-01,23:00,35.6,35.3,98.9,0.0,NW@0.4,2.8,0.91,0,51.0,"Woodinvill (21 Acres), Woodinville, King County",330026,Woodinvill,2020-06-01 00:33:27.321290
2009-11-01,23:15,35.7,35.6,99.6,0.0,NW@1.0,2.8,0.92,0,50.9,"Woodinvill (21 Acres), Woodinville, King County",330026,Woodinvill,2020-06-01 00:33:27.321290
2009-11-01,23:30,35.5,35.3,99.2,0.0,NE@0.1,1.4,0.92,0,50.8,"Woodinvill (21 Acres), Woodinville, King County",330026,Woodinvill,2020-06-01 00:33:27.321290
2009-11-01,23:45,35.1,34.8,98.9,0.0,N @0.2,2.1,0.92,0,50.8,"Woodinvill (21 Acres), Woodinville, King County",330026,Woodinvill,2020-06-01 00:33:27.321290
2009-11-01,24:00,34.8,34.6,99.2,0.0,N@1.0,2.4,0.92,0,50.7,"Woodinvill (21 Acres), Woodinville, King County",330026,Woodinvill,2020-06-01 00:33:27.321290
2009-11-02,00:15,34.1,33.9,99.2,0.0,SE@1.5,4.6,0.92,0,50.6,"Woodinvill (21 Acres), Woodinville, King County",330026,Woodinvill,2020-06-01 00:33:27.321290
2009-11-02,00:30,33.6,33.3,99.1,0.0,N@2.0,3.9,0.92,0,50.5,"Woodinvill (21 Acres), Woodinville, King County",330026,Woodinvill,2020-06-01 00:33:27.321290
2009-11-02,00:45,33.5,33.4,99.8,0.0,SE@1.9,3.5,0.92,0,50.4,"Woodinvill (21 Acres), Woodinville, King County",330026,Woodinvill,2020-06-01 00:33:27.321290
2009-11-02,01:00,34.0,34.0,99.7,0.0,SE@1.8,3.5,0.93,0,50.4,"Woodinvill (21 Acres), Woodinville, King County",330026,Woodinvill,2020-06-01 00:33:27.321290
2009-11-02,01:15,33.4,33.1,99.2,0.0,N@0.5,2.1,0.93,0,50.3,"Woodinvill (21 Acres), Woodinville, King County",330026,Woodinvill,2020-06-01 00:33:27.321290
2009-11-02,01:30,33.1,32.9,99.4,0.0,NE@0.7,2.1,0.93,0,50.2,"Woodinvill (21 Acres), Woodinville, King County",330026,Woodinvill,2020-06-01 00:33:27.321290
2009-11-02,01:45,33.6,33.5,99.7,0.0,N @1.4,3.1,0.93,0,50.1,"Woodinvill (21 Acres), Woodinville, King County",330026,Woodinvill,2020-06-01 00:33:27.321290
2009-11-02,02:00,33.8,33.6,99.2,0.0,S@0.4,2.4,0.93,0,50.0,"Woodinvill (21 Acres), Woodinville, King County",330026,Woodinvill,2020-06-01 00:33:27.321290
2009-11-02,02:15,33.6,33.6,99.8,0.0,S@1.1,2.4,0.93,0,50.0,"Woodinvill (21 Acres), Woodinville, King County",330026,Woodinvill,2020-06-01 00:33:27.321290
2009-11-02,02:30,34.3,34.2,99.6,0.0,SE@0.4,2.1,0.93,0,49.9,"Woodinvill (21 Acres), Woodinville, King County",330026,Woodinvill,2020-06-01 00:33:27.321290
2009-11-02,02:45,34.5,34.4,99.5,0.0,NW@1.0,2.1,0.93,0,49.8,"Woodinvill (21 Acres), Woodinville, King County",330026,Woodinvill,2020-06-01 00:33:27.321290
2009-11-02,03:00,34.0,33.8,99.2,0.0,W@0.7,3.1,0.93,0,49.7,"Woodinvill (21 Acres), Woodinville, King County",330026,Woodinvill,2020-06-01 00:33:27.321290
2009-11-02,03:15,34.3,34.2,99.7,0.0,E@0.4,1.7,0.93,0,49.7,"Woodinvill (21 Acres), Woodinville, King County",330026,Woodinvill,2020-06-01 00:33:27.321290
2009-11-02,03:30,34.6,34.5,99.5,0.0,SE@0.0,1.4,0.93,0,49.6,"Woodinvill (21 Acres), Woodinville, King County",330026,Woodinvill,2020-06-01 00:33:27.321290
2009-11-02,03:45,34.8,34.7,99.7,0.0,S@1.0,2.4,0.93,0,49.5,"Woodinvill (21 Acres), Woodinville, King County",330026,Woodinvill,2020-06-01 00:33:27.321290
2009-11-02,04:00,35.0,34.9,99.6,0.0,N @0.6,2.1,0.93,0,49.5,"Woodinvill (21 Acres), Woodinville, King County",330026,Woodinvill,2020-06-01 00:33:27.321290
2009-11-02,04:15,35.5,35.4,99.8,0.0,NE@0.8,2.1,0.93,0,49.4,"Woodinvill (21 Acres), Woodinville, King County",330026,Woodinvill,2020-06-01 00:33:27.321290
2009-11-02,04:30,35.4,35.3,99.5,0.0,SW@0.9,2.1,0.94,0,49.3,"Woodinvill (21 Acres), Woodinville, King County",330026,Woodinvill,2020-06-01 00:33:27.321290
2009-11-02,04:45,35.5,35.4,99.7,0.0,E@0.7,2.1,0.94,0,49.3,"Woodinvill (21 Acres), Woodinville, King County",330026,Woodinvill,2020-06-01 00:33:27.321290
2009-11-02,05:00,35.6,35.5,99.7,0.0,W@1.0,2.8,0.94,0,49.2,"Woodinvill (21 Acres), Woodinville, King County",330026,Woodinvill,2020-06-01 00:33:27.321290
2009-11-02,05:15,35.3,35.2,99.6,0.0,N@0.7,2.4,0.93,0,49.2,"Woodinvill (21 Acres), Woodinville, King County",330026,Woodinvill,2020-06-01 00:33:27.321290
2009-11-02,05:30,35.2,35.0,99.5,0.0,W@0.6,2.1,0.93,0,49.1,"Woodinvill (21 Acres), Woodinville, King County",330026,Woodinvill,2020-06-01 00:33:27.321290
2009-11-02,05:45,35.2,35.1,99.6,0.0,S@0.4,2.1,0.94,0,49.1,"Woodinvill (21 Acres), Woodinville, King County",330026,Woodinvill,2020-06-01 00:33:27.321290
2009-11-02,06:00,35.3,35.2,99.8,0.0,SE@1.1,2.4,0.94,0,49.0,"Woodinvill (21 Acres), Woodinville, King County",330026,Woodinvill,2020-06-01 00:33:27.321290
2009-11-02,06:15,36.0,35.9,99.6,0.0,SE@0.2,1.4,0.94,0,49.0,"Woodinvill (21 Acres), Woodinville, King County",330026,Woodinvill,2020-06-01 00:33:27.321290
2009-11-02,06:30,36.0,35.9,99.7,0.0,SE@1.2,3.5,0.94,0,48.9,"Woodinvill (21 Acres), Woodinville, King County",330026,Woodinvill,2020-06-01 00:33:27.321290
2009-11-02,06:45,36.3,36.2,100.0,0.0,SE@2.3,4.2,0.94,1,48.9,"Woodinvill (21 Acres), Woodinville, King County",330026,Woodinvill,2020-06-01 00:33:27.321290
2009-11-02,07:00,36.9,36.9,100.0,0.0,E@1.9,3.1,0.94,2,48.8,"Woodinvill (21 Acres), Woodinville, King County",330026,Woodinvill,2020-06-01 00:33:27.321290
2009-11-02,07:15,37.3,37.3,99.9,0.0,N@1.8,3.9,0.94,6,48.8,"Woodinvill (21 Acres), Woodinville, King County",330026,Woodinvill,2020-06-01 00:33:27.321290
2009-11-02,07:30,37.9,37.9,99.9,0.0,NE@2.3,4.2,0.94,16,48.8,"Woodinvill (21 Acres), Woodinville, King County",330026,Woodinvill,2020-06-01 00:33:27.321290
2009-11-02,07:45,38.6,38.6,100.0,0.0,SW@1.2,2.4,0.94,26,48.7,"Woodinvill (21 Acres), Woodinville, King County",330026,Woodinvill,2020-06-01 00:33:27.321290
2009-11-02,08:00,38.9,38.9,99.9,0.0,SE@0.7,2.4,0.94,36,48.7,"Woodinvill (21 Acres), Woodinville, King County",330026,Woodinvill,2020-06-01 00:33:27.321290
2009-11-02,08:15,39.4,39.3,99.7,0.0,SW@0.2,1.7,0.94,39,48.6,"Woodinvill (21 Acres), Woodinville, King County",330026,Woodinvill,2020-06-01 00:33:27.321290
2009-11-02,08:30,39.5,39.4,99.6,0.0,S@1.1,2.4,0.94,33,48.6,"Woodinvill (21 Acres), Woodinville, King County",330026,Woodinvill,2020-06-01 00:33:27.321290
2009-11-02,08:45,40.1,40.1,100.0,0.0,S@1.2,3.1,0.94,54,48.6,"Woodinvill (21 Acres), Woodinville, King County",330026,Woodinvill,2020-06-01 00:33:27.321290
2009-11-02,09:00,41.1,41.0,99.8,0.0,SE@1.8,3.5,0.94,95,48.6,"Woodinvill (21 Acres), Woodinville, King County",330026,Woodinvill,2020-06-01 00:33:27.321290
2009-11-02,09:15,41.6,41.5,99.5,0.0,SE@1.8,3.9,0.95,111,48.5,"Woodinvill (21 Acres), Woodinville, King County",330026,Woodinvill,2020-06-01 00:33:27.321290
2009-11-02,09:30,43.0,42.9,99.4,0.0,SE@2.2,4.6,0.95,147,48.5,"Woodinvill (21 Acres), Woodinville, King County",330026,Woodinvill,2020-06-01 00:33:27.321290
2009-11-02,09:45,43.6,43.1,97.8,0.0,SE@1.3,3.9,0.95,105,48.5,"Woodinvill (21 Acres), Woodinville, King County",330026,Woodinvill,2020-06-01 00:33:27.321290
2009-11-02,10:00,44.7,44.0,97.5,0.0,S@2.2,3.9,0.95,150,48.5,"Woodinvill (21 Acres), Woodinville, King County",330026,Woodinvill,2020-06-01 00:33:27.321290
2009-11-02,10:15,47.9,46.4,94.4,0.0,SE@1.6,3.1,0.98,307,48.5,"Woodinvill (21 Acres), Woodinville, King County",330026,Woodinvill,2020-06-01 00:33:27.321290
2009-11-02,10:30,50.0,45.5,84.6,0.0,S@2.2,4.2,0.98,265,48.5,"Woodinvill (21 Acres), Woodinville, King County",330026,Woodinvill,2020-06-01 00:33:27.321290
2009-11-02,10:45,50.9,45.0,80.3,0.0,S@2.9,4.6,0.95,217,48.5,"Woodinvill (21 Acres), Woodinville, King County",330026,Woodinvill,2020-06-01 00:33:27.321290
2009-11-02,11:00,50.5,44.7,80.2,0.0,S@2.5,4.9,0.93,208,48.5,"Woodinvill (21 Acres), Woodinville, King County",330026,Woodinvill,2020-06-01 00:33:27.321290
2009-11-02,11:15,53.8,44.7,71.2,0.0,SE@2.7,4.9,0.9,413,48.5,"Woodinvill (21 Acres), Woodinville, King County",330026,Woodinvill,2020-06-01 00:33:27.321290
2009-11-02,11:30,55.5,45.1,67.9,0.0,SE@2.8,4.6,0.79,359,48.5,"Woodinvill (21 Acres), Woodinville, King County",330026,Woodinvill,2020-06-01 00:33:27.321290
2009-11-02,11:45,57.1,44.5,62.6,0.0,SE@3.7,7.8,0.51,406,48.6,"Woodinvill (21 Acres), Woodinville, King County",330026,Woodinvill,2020-06-01 00:33:27.321290
2009-11-02,12:00,57.3,41.2,54.9,0.0,S@6.4,11.0,0.05,513,48.6,"Woodinvill (21 Acres), Woodinville, King County",330026,Woodinvill,2020-06-01 00:33:27.321290
2009-11-02,12:15,58.0,40.9,52.7,0.0,S@5.7,10.3,0.0,470,48.7,"Woodinvill (21 Acres), Woodinville, King County",330026,Woodinvill,2020-06-01 00:33:27.321290
2009-11-02,12:30,59.5,40.3,48.9,0.0,S@5.0,9.9,0.0,489,48.7,"Woodinvill (21 Acres), Woodinville, King County",330026,Woodinvill,2020-06-01 00:33:27.321290
2009-11-02,12:45,56.7,39.2,51.7,0.0,S@5.4,9.2,0.0,202,48.8,"Woodinvill (21 Acres), Woodinville, King County",330026,Woodinvill,2020-06-01 00:33:27.321290
2009-11-02,13:00,55.7,37.7,50.7,0.0,S@7.1,15.7,0.0,103,48.9,"Woodinvill (21 Acres), Woodinville, King County",330026,Woodinvill,2020-06-01 00:33:27.321290
2009-11-02,13:15,54.8,37.3,51.4,0.0,S@6.0,12.8,0.0,89,49.0,"Woodinvill (21 Acres), Woodinville, King County",330026,Woodinvill,2020-06-01 00:33:27.321290
2009-11-02,13:30,54.5,38.5,54.7,0.0,S@5.9,12.1,0.0,99,49.1,"Woodinvill (21 Acres), Woodinville, King County",330026,Woodinvill,2020-06-01 00:33:27.321290
2009-11-02,13:45,55.0,39.0,54.6,0.0,S@4.7,8.5,0.0,96,49.2,"Woodinvill (21 Acres), Woodinville, King County",330026,Woodinvill,2020-06-01 00:33:27.321290
2009-11-02,14:00,54.9,37.7,52.2,0.0,S@4.8,11.0,0.0,56,49.3,"Woodinvill (21 Acres), Woodinville, King County",330026,Woodinvill,2020-06-01 00:33:27.321290
2009-11-02,14:15,54.5,37.5,52.5,0.0,S@4.2,7.8,0.0,47,49.4,"Woodinvill (21 Acres), Woodinville, King County",330026,Woodinvill,2020-06-01 00:33:27.321290
2009-11-02,14:30,54.5,38.4,54.5,0.0,S@2.8,5.7,0.0,47,49.5,"Woodinvill (21 Acres), Woodinville, King County",330026,Woodinvill,2020-06-01 00:33:27.321290
2009-11-02,14:45,54.0,40.2,59.4,0.0,S@2.0,4.2,0.02,38,49.5,"Woodinvill (21 Acres), Woodinville, King County",330026,Woodinvill,2020-06-01 00:33:27.321290
2009-11-02,15:00,52.9,42.4,67.4,0.0,SE@2.3,6.4,0.02,40,49.6,"Woodinvill (21 Acres), Woodinville, King County",330026,Woodinvill,2020-06-01 00:33:27.321290
2009-11-02,15:15,53.0,44.2,72.1,0.0,S@0.3,1.7,0.0,51,49.7,"Woodinvill (21 Acres), Woodinville, King County",330026,Woodinvill,2020-06-01 00:33:27.321290
2009-11-02,15:30,52.5,46.5,80.1,0.0,S@2.2,3.9,0.0,82,49.7,"Woodinvill (21 Acres), Woodinville, King County",330026,Woodinvill,2020-06-01 00:33:27.321290
2009-11-02,15:45,52.6,46.6,79.8,0.0,S@1.1,2.4,0.0,45,49.8,"Woodinvill (21 Acres), Woodinville, King County",330026,Woodinvill,2020-06-01 00:33:27.321290
2009-11-02,16:00,52.4,46.4,80.0,0.0,S@1.5,3.1,0.0,23,49.8,"Woodinvill (21 Acres), Woodinville, King County",330026,Woodinvill,2020-06-01 00:33:27.321290
2009-11-02,16:15,51.8,45.5,78.8,0.0,S@1.9,3.9,0.0,17,49.9,"Woodinvill (21 Acres), Woodinville, King County",330026,Woodinvill,2020-06-01 00:33:27.321290
2009-11-02,16:30,51.8,43.8,73.8,0.0,S@2.1,3.5,0.0,9,49.9,"Woodinvill (21 Acres), Woodinville, King County",330026,Woodinvill,2020-06-01 00:33:27.321290
2009-11-02,16:45,51.3,44.1,76.1,0.0,S@2.6,4.2,0.0,6,50.0,"Woodinvill (21 Acres), Woodinville, King County",330026,Woodinvill,2020-06-01 00:33:27.321290
2009-11-02,17:00,50.7,44.0,77.8,0.0,S@2.6,4.6,0.0,2,50.0,"Woodinvill (21 Acres), Woodinville, King County",330026,Woodinvill,2020-06-01 00:33:27.321290
2009-11-02,17:15,51.0,43.3,74.7,0.0,S@3.0,6.7,0.0,1,50.1,"Woodinvill (21 Acres), Woodinville, King County",330026,Woodinvill,2020-06-01 00:33:27.321290
2009-11-02,17:30,51.1,42.4,72.1,0.0,SE@3.2,7.8,0.0,0,50.1,"Woodinvill (21 Acres), Woodinville, King County",330026,Woodinvill,2020-06-01 00:33:27.321290
2009-11-02,17:45,51.1,41.6,69.9,0.0,SE@3.6,8.5,0.0,0,50.1,"Woodinvill (21 Acres), Woodinville, King County",330026,Woodinvill,2020-06-01 00:33:27.321290
2009-11-02,18:00,50.4,42.0,72.8,0.0,SE@2.8,7.1,0.0,0,50.1,"Woodinvill (21 Acres), Woodinville, King County",330026,Woodinvill,2020-06-01 00:33:27.321290
2009-11-02,18:15,50.0,42.5,75.3,0.0,S@3.2,7.1,0.0,0,50.2,"Woodinvill (21 Acres), Woodinville, King County",330026,Woodinvill,2020-06-01 00:33:27.321290
2009-11-02,18:30,49.5,42.8,77.4,0.0,S@3.0,6.7,0.0,0,50.2,"Woodinvill (21 Acres), Woodinville, King County",330026,Woodinvill,2020-06-01 00:33:27.321290
2009-11-02,18:45,49.5,43.0,78.2,0.0,SE@1.6,3.9,0.0,0,50.2,"Woodinvill (21 Acres), Woodinville, King County",330026,Woodinvill,2020-06-01 00:33:27.321290
2009-11-02,19:00,49.5,43.1,78.6,0.0,S@2.1,3.5,0.0,0,50.2,"Woodinvill (21 Acres), Woodinville, King County",330026,Woodinvill,2020-06-01 00:33:27.321290
2009-11-02,19:15,49.5,43.3,79.2,0.0,S@2.4,4.9,0.0,0,50.2,"Woodinvill (21 Acres), Woodinville, King County",330026,Woodinvill,2020-06-01 00:33:27.321290
2009-11-02,19:30,49.0,43.8,82.1,0.0,S@1.6,4.2,0.01,0,50.2,"Woodinvill (21 Acres), Woodinville, King County",330026,Woodinvill,2020-06-01 00:33:27.321290
2009-11-02,19:45,48.5,44.4,85.6,0.0,E@0.7,1.7,0.11,0,50.3,"Woodinvill (21 Acres), Woodinville, King County",330026,Woodinvill,2020-06-01 00:33:27.321290
2009-11-02,20:00,48.5,45.0,87.5,0.0,E@0.6,2.1,0.16,0,50.3,"Woodinvill (21 Acres), Woodinville, King County",330026,Woodinvill,2020-06-01 00:33:27.321290
2009-11-02,20:15,48.2,45.6,90.4,0.0,N @0.0,0.0,0.11,0,50.3,"Woodinvill (21 Acres), Woodinville, King County",330026,Woodinvill,2020-06-01 00:33:27.321290
2009-11-02,20:30,47.8,45.6,92.0,0.0,N @0.0,0.0,0.08,0,50.3,"Woodinvill (21 Acres), Woodinville, King County",330026,Woodinvill,2020-06-01 00:33:27.321290
2009-11-02,20:45,47.8,45.7,92.5,0.0,N@0.4,2.4,0.06,0,50.3,"Woodinvill (21 Acres), Woodinville, King County",330026,Woodinvill,2020-06-01 00:33:27.321290
2009-11-02,21:00,47.8,45.5,91.8,0.0,N@0.5,2.4,0.08,0,50.3,"Woodinvill (21 Acres), Woodinville, King County",330026,Woodinvill,2020-06-01 00:33:27.321290
2009-11-02,21:15,47.7,45.7,92.8,0.0,N @0.0,0.0,0.26,0,50.3,"Woodinvill (21 Acres), Woodinville, King County",330026,Woodinvill,2020-06-01 00:33:27.321290
2009-11-02,21:30,47.7,45.9,93.5,0.0,NW@0.9,2.8,0.49,0,50.3,"Woodinvill (21 Acres), Woodinville, King County",330026,Woodinvill,2020-06-01 00:33:27.321290
2009-11-02,21:45,47.5,46.0,94.5,0.0,S@1.0,2.4,0.46,0,50.3,"Woodinvill (21 Acres), Woodinville, King County",330026,Woodinvill,2020-06-01 00:33:27.321290
2009-11-02,22:00,47.4,46.1,95.1,0.0,E@1.1,2.4,0.47,0,50.3,"Woodinvill (21 Acres), Woodinville, King County",330026,Woodinvill,2020-06-01 00:33:27.321290
2009-11-02,22:15,46.1,44.9,95.4,0.0,NW@0.9,2.4,0.49,0,50.3,"Woodinvill (21 Acres), Woodinville, King County",330026,Woodinvill,2020-06-01 00:33:27.321290
2009-11-02,22:30,45.5,44.6,96.4,0.0,SW@0.5,2.1,0.54,0,50.3,"Woodinvill (21 Acres), Woodinville, King County",330026,Woodinvill,2020-06-01 00:33:27.321290
2009-11-02,22:45,43.7,42.8,96.5,0.0,N@0.0,1.7,0.59,0,50.3,"Woodinvill (21 Acres), Woodinville, King County",330026,Woodinvill,2020-06-01 00:33:27.321290
2009-11-02,23:00,42.6,41.9,97.1,0.0,N@0.6,2.1,0.65,0,50.3,"Woodinvill (21 Acres), Woodinville, King County",330026,Woodinvill,2020-06-01 00:33:27.321290
2009-11-02,23:15,41.7,41.1,97.8,0.0,N @0.0,0.0,0.71,0,50.3,"Woodinvill (21 Acres), Woodinville, King County",330026,Woodinvill,2020-06-01 00:33:27.321290
2009-11-02,23:30,41.1,40.6,98.1,0.0,NW@0.4,2.1,0.76,0,50.2,"Woodinvill (21 Acres), Woodinville, King County",330026,Woodinvill,2020-06-01 00:33:27.321290
2009-11-02,23:45,40.8,40.6,99.0,0.0,NE@0.5,2.1,0.81,0,50.2,"Woodinvill (21 Acres), Woodinville, King County",330026,Woodinvill,2020-06-01 00:33:27.321290
2009-11-02,24:00,40.2,39.8,98.4,0.0,N @0.0,0.0,0.83,0,50.2,"Woodinvill (21 Acres), Woodinville, King County",330026,Woodinvill,2020-06-01 00:33:27.321290
2009-11-03,00:15,39.8,39.6,98.9,0.0,NE@0.0,1.4,0.85,0,50.2,"Woodinvill (21 Acres), Woodinville, King County",330026,Woodinvill,2020-06-01 00:33:27.321290
2009-11-03,00:30,39.8,39.6,99.3,0.0,N @0.0,0.0,0.87,0,50.2,"Woodinvill (21 Acres), Woodinville, King County",330026,Woodinvill,2020-06-01 00:33:27.321290
2009-11-03,00:45,39.8,39.5,98.7,0.0,N @0.0,0.0,0.88,0,50.1,"Woodinvill (21 Acres), Woodinville, King County",330026,Woodinvill,2020-06-01 00:33:27.321290
2009-11-03,01:00,38.9,38.6,98.7,0.0,N @0.0,0.0,0.89,0,50.1,"Woodinvill (21 Acres), Woodinville, King County",330026,Woodinvill,2020-06-01 00:33:27.321290
2009-11-03,01:15,38.3,38.1,99.1,0.0,N@0.4,1.7,0.9,0,50.1,"Woodinvill (21 Acres), Woodinville, King County",330026,Woodinvill,2020-06-01 00:33:27.321290
2009-11-03,01:30,38.5,38.5,99.6,0.0,N@0.8,2.1,0.91,0,50.0,"Woodinvill (21 Acres), Woodinville, King County",330026,Woodinvill,2020-06-01 00:33:27.321290
2009-11-03,01:45,38.2,38.0,99.1,0.0,N@0.1,1.4,0.92,0,50.0,"Woodinvill (21 Acres), Woodinville, King County",330026,Woodinvill,2020-06-01 00:33:27.321290
2009-11-03,02:00,37.8,37.6,99.2,0.0,N@0.1,1.4,0.92,0,49.9,"Woodinvill (21 Acres), Woodinville, King County",330026,Woodinvill,2020-06-01 00:33:27.321290
2009-11-03,02:15,37.3,37.1,99.2,0.0,NW@0.2,1.4,0.93,0,49.8,"Woodinvill (21 Acres), Woodinville, King County",330026,Woodinvill,2020-06-01 00:33:27.321290
2009-11-03,02:30,36.6,36.4,99.3,0.0,N@0.3,1.7,0.93,0,49.8,"Woodinvill (21 Acres), Woodinville, King County",330026,Woodinvill,2020-06-01 00:33:27.321290
2009-11-03,02:45,36.6,36.4,99.3,0.0,N @0.0,0.0,0.93,0,49.7,"Woodinvill (21 Acres), Woodinville, King County",330026,Woodinvill,2020-06-01 00:33:27.321290
2009-11-03,03:00,35.9,35.8,99.4,0.0,N @0.0,1.4,0.93,0,49.7,"Woodinvill (21 Acres), Woodinville, King County",330026,Woodinvill,2020-06-01 00:33:27.321290
2009-11-03,03:15,36.2,36.0,99.2,0.0,N @0.0,1.4,0.93,0,49.6,"Woodinvill (21 Acres), Woodinville, King County",330026,Woodinvill,2020-06-01 00:33:27.321290
2009-11-03,03:30,35.8,35.5,98.9,0.0,N @0.0,0.0,0.93,0,49.5,"Woodinvill (21 Acres), Woodinville, King County",330026,Woodinvill,2020-06-01 00:33:27.321290
2009-11-03,03:45,35.4,35.1,98.8,0.0,N @0.0,0.0,0.94,0,49.5,"Woodinvill (21 Acres), Woodinville, King County",330026,Woodinvill,2020-06-01 00:33:27.321290
2009-11-03,04:00,35.3,35.1,99.2,0.0,NW@0.8,2.4,0.94,0,49.4,"Woodinvill (21 Acres), Woodinville, King County",330026,Woodinvill,2020-06-01 00:33:27.321290
2009-11-03,04:15,35.0,34.9,99.4,0.0,N@1.6,2.8,0.94,0,49.3,"Woodinvill (21 Acres), Woodinville, King County",330026,Woodinvill,2020-06-01 00:33:27.321290
2009-11-03,04:30,35.9,35.9,100.0,0.0,NE@1.7,2.8,0.94,0,49.3,"Woodinvill (21 Acres), Woodinville, King County",330026,Woodinvill,2020-06-01 00:33:27.321290
2009-11-03,04:45,36.1,36.1,99.6,0.0,NE@0.5,1.7,0.94,0,49.2,"Woodinvill (21 Acres), Woodinville, King County",330026,Woodinvill,2020-06-01 00:33:27.321290
2009-11-03,05:00,35.0,34.8,99.1,0.0,N @0.0,0.0,0.94,0,49.1,"Woodinvill (21 Acres), Woodinville, King County",330026,Woodinvill,2020-06-01 00:33:27.321290
2009-11-03,05:15,34.7,34.7,99.8,0.0,N @0.0,0.0,0.94,0,49.1,"Woodinvill (21 Acres), Woodinville, King County",330026,Woodinvill,2020-06-01 00:33:27.321290
2009-11-03,05:30,35.0,34.9,99.5,0.0,N@0.7,2.1,0.94,0,49.0,"Woodinvill (21 Acres), Woodinville, King County",330026,Woodinvill,2020-06-01 00:33:27.321290
2009-11-03,05:45,34.5,34.3,99.3,0.0,NW@0.7,2.4,0.94,0,48.9,"Woodinvill (21 Acres), Woodinville, King County",330026,Woodinvill,2020-06-01 00:33:27.321290
2009-11-03,06:00,34.7,34.7,99.7,0.0,N @1.9,3.1,0.94,0,48.9,"Woodinvill (21 Acres), Woodinville, King County",330026,Woodinvill,2020-06-01 00:33:27.321290
2009-11-03,06:15,34.7,34.7,99.9,0.0,N@1.7,3.1,0.94,0,48.8,"Woodinvill (21 Acres), Woodinville, King County",330026,Woodinvill,2020-06-01 00:33:27.321290
2009-11-03,06:30,35.0,35.0,99.7,0.0,NE@0.9,2.1,0.94,0,48.8,"Woodinvill (21 Acres), Woodinville, King County",330026,Woodinvill,2020-06-01 00:33:27.321290
2009-11-03,06:45,35.0,34.8,99.4,0.0,NE@0.0,1.4,0.94,2,48.7,"Woodinvill (21 Acres), Woodinville, King County",330026,Woodinvill,2020-06-01 00:33:27.321290
2009-11-03,07:00,34.7,34.6,99.5,0.0,NE@0.0,1.4,0.94,3,48.6,"Woodinvill (21 Acres), Woodinville, King County",330026,Woodinvill,2020-06-01 00:33:27.321290
2009-11-03,07:15,34.1,33.8,99.0,0.0,N @0.0,0.0,0.94,7,48.6,"Woodinvill (21 Acres), Woodinville, King County",330026,Woodinvill,2020-06-01 00:33:27.321290
2009-11-03,07:30,33.4,33.2,99.3,0.0,N@1.0,2.8,0.94,17,48.5,"Woodinvill (21 Acres), Woodinville, King County",330026,Woodinvill,2020-06-01 00:33:27.321290
2009-11-03,07:45,34.5,34.4,99.6,0.0,N @0.0,0.0,0.94,24,48.5,"Woodinvill (21 Acres), Woodinville, King County",330026,Woodinvill,2020-06-01 00:33:27.321290
2009-11-03,08:00,35.5,35.4,99.7,0.0,SW@0.2,1.7,0.94,90,48.4,"Woodinvill (21 Acres), Woodinville, King County",330026,Woodinvill,2020-06-01 00:33:27.321290
2009-11-03,08:15,38.3,38.2,99.7,0.0,SE@0.9,2.4,0.95,149,48.4,"Woodinvill (21 Acres), Woodinville, King County",330026,Woodinvill,2020-06-01 00:33:27.321290
2009-11-03,08:30,37.3,37.1,99.4,0.0,SE@0.9,2.4,0.95,58,48.3,"Woodinvill (21 Acres), Woodinville, King County",330026,Woodinvill,2020-06-01 00:33:27.321290
2009-11-03,08:45,38.5,38.5,99.9,0.0,SE@1.0,2.8,0.95,113,48.3,"Woodinvill (21 Acres), Woodinville, King County",330026,Woodinvill,2020-06-01 00:33:27.321290
2009-11-03,09:00,40.8,40.8,99.8,0.0,SE@0.9,2.4,0.99,230,48.2,"Woodinvill (21 Acres), Woodinville, King County",330026,Woodinvill,2020-06-01 00:33:27.321290
2009-11-03,09:15,43.2,43.0,99.0,0.0,NW@2.8,5.3,1.0,259,48.2,"Woodinvill (21 Acres), Woodinville, King County",330026,Woodinvill,2020-06-01 00:33:27.321290
2009-11-03,09:30,45.8,44.8,96.1,0.0,N@3.7,6.7,1.0,288,48.1,"Woodinvill (21 Acres), Woodinville, King County",330026,Woodinvill,2020-06-01 00:33:27.321290
2009-11-03,09:45,46.9,44.6,91.4,0.0,NW@4.4,7.1,1.0,289,48.1,"Woodinvill (21 Acres), Woodinville, King County",330026,Woodinvill,2020-06-01 00:33:27.321290
2009-11-03,10:00,47.6,44.3,87.9,0.0,N@5.0,7.8,0.98,320,48.0,"Woodinvill (21 Acres), Woodinville, King County",330026,Woodinvill,2020-06-01 00:33:27.321290
2009-11-03,10:15,48.4,43.3,82.3,0.0,NE@3.6,7.4,0.94,319,48.0,"Woodinvill (21 Acres), Woodinville, King County",330026,Woodinvill,2020-06-01 00:33:27.321290
2009-11-03,10:30,49.1,43.1,79.6,0.0,N @3.7,7.1,0.9,343,48.0,"Woodinvill (21 Acres), Woodinville, King County",330026,Woodinvill,2020-06-01 00:33:27.321290
2009-11-03,10:45,50.7,43.9,77.5,0.0,N@4.6,9.2,0.8,352,48.0,"Woodinvill (21 Acres), Woodinville, King County",330026,Woodinvill,2020-06-01 00:33:27.321290
2009-11-03,11:00,51.5,44.1,75.6,0.0,N@4.4,7.4,0.57,374,48.0,"Woodinvill (21 Acres), Woodinville, King County",330026,Woodinvill,2020-06-01 00:33:27.321290
2009-11-03,11:15,51.4,43.7,74.9,0.0,N@4.5,8.2,0.24,296,48.0,"Woodinvill (21 Acres), Woodinville, King County",330026,Woodinvill,2020-06-01 00:33:27.321290
2009-11-03,11:30,51.5,44.0,75.2,0.0,N@2.7,5.3,0.01,165,48.0,"Woodinvill (21 Acres), Woodinville, King County",330026,Woodinvill,2020-06-01 00:33:27.321290
2009-11-03,11:45,52.5,44.9,75.1,0.0,N @3.1,4.9,0.0,317,48.0,"Woodinvill (21 Acres), Woodinville, King County",330026,Woodinvill,2020-06-01 00:33:27.321290
2009-11-03,12:00,54.1,45.3,72.0,0.0,N@2.8,5.3,0.0,276,48.1,"Woodinvill (21 Acres), Woodinville, King County",330026,Woodinvill,2020-06-01 00:33:27.321290
2009-11-03,12:15,55.0,45.2,69.4,0.0,NE@4.0,7.4,0.0,401,48.1,"Woodinvill (21 Acres), Woodinville, King County",330026,Woodinvill,2020-06-01 00:33:27.321290
2009-11-03,12:30,54.2,43.9,68.0,0.0,N @3.9,7.8,0.0,242,48.2,"Woodinvill (21 Acres), Woodinville, King County",330026,Woodinvill,2020-06-01 00:33:27.321290
2009-11-03,12:45,54.5,43.6,66.3,0.0,N@4.9,9.2,0.0,261,48.3,"Woodinvill (21 Acres), Woodinville, King County",330026,Woodinvill,2020-06-01 00:33:27.321290
2009-11-03,13:00,54.0,43.2,66.7,0.0,NW@5.5,8.5,0.0,275,48.4,"Woodinvill (21 Acres), Woodinville, King County",330026,Woodinvill,2020-06-01 00:33:27.321290
2009-11-03,13:15,55.3,43.5,64.5,0.0,N @3.8,7.4,0.0,335,48.4,"Woodinvill (21 Acres), Woodinville, King County",330026,Woodinvill,2020-06-01 00:33:27.321290
2009-11-03,13:30,55.4,43.7,64.4,0.0,N@4.4,7.4,0.0,339,48.5,"Woodinvill (21 Acres), Woodinville, King County",330026,Woodinvill,2020-06-01 00:33:27.321290
2009-11-03,13:45,55.8,43.3,62.8,0.0,N @4.8,8.5,0.0,317,48.6,"Woodinvill (21 Acres), Woodinville, King County",330026,Woodinvill,2020-06-01 00:33:27.321290
2009-11-03,14:00,56.3,43.3,61.4,0.0,N@4.2,7.4,0.0,297,48.7,"Woodinvill (21 Acres), Woodinville, King County",330026,Woodinvill,2020-06-01 00:33:27.321290
2009-11-03,14:15,56.5,42.9,60.3,0.0,N@4.5,8.9,0.0,293,48.8,"Woodinvill (21 Acres), Woodinville, King County",330026,Woodinvill,2020-06-01 00:33:27.321290
2009-11-03,14:30,56.6,43.0,60.0,0.0,N@4.1,7.8,0.0,256,48.9,"Woodinvill (21 Acres), Woodinville, King County",330026,Woodinvill,2020-06-01 00:33:27.321290
2009-11-03,14:45,56.7,42.6,59.0,0.0,N@3.5,5.7,0.0,221,49.0,"Woodinvill (21 Acres), Woodinville, King County",330026,Woodinvill,2020-06-01 00:33:27.321290
2009-11-03,15:00,56.2,42.2,59.3,0.0,N@4.1,7.1,0.0,185,49.1,"Woodinvill (21 Acres), Woodinville, King County",330026,Woodinvill,2020-06-01 00:33:27.321290
2009-11-03,15:15,55.0,42.0,61.4,0.0,N@5.5,7.8,0.0,150,49.2,"Woodinvill (21 Acres), Woodinville, King County",330026,Woodinvill,2020-06-01 00:33:27.321290
2009-11-03,15:30,53.7,41.8,63.8,0.0,N@5.2,8.5,0.0,63,49.3,"Woodinvill (21 Acres), Woodinville, King County",330026,Woodinvill,2020-06-01 00:33:27.321290
2009-11-03,15:45,52.3,41.9,67.4,0.0,N@3.7,5.7,0.0,44,49.4,"Woodinvill (21 Acres), Woodinville, King County",330026,Woodinvill,2020-06-01 00:33:27.321290
2009-11-03,16:00,51.7,42.4,70.4,0.0,NW@2.3,4.6,0.0,35,49.4,"Woodinvill (21 Acres), Woodinville, King County",330026,Woodinvill,2020-06-01 00:33:27.321290
2009-11-03,16:15,51.1,42.4,71.9,0.0,N@4.3,8.2,0.0,23,49.5,"Woodinvill (21 Acres), Woodinville, King County",330026,Woodinvill,2020-06-01 00:33:27.321290
2009-11-03,16:30,50.3,42.6,74.9,0.0,N@4.4,6.7,0.0,13,49.6,"Woodinvill (21 Acres), Woodinville, King County",330026,Woodinvill,2020-06-01 00:33:27.321290
2009-11-03,16:45,49.5,42.8,77.5,0.0,N@3.7,6.7,0.0,4,49.6,"Woodinvill (21 Acres), Woodinville, King County",330026,Woodinvill,2020-06-01 00:33:27.321290
2009-11-03,17:00,49.1,42.8,78.8,0.0,N@4.6,6.7,0.0,2,49.7,"Woodinvill (21 Acres), Woodinville, King County",330026,Woodinvill,2020-06-01 00:33:27.321290
2009-11-03,17:15,48.6,42.7,80.1,0.0,N@3.7,6.0,0.0,1,49.8,"Woodinvill (21 Acres), Woodinville, King County",330026,Woodinvill,2020-06-01 00:33:27.321290
2009-11-03,17:30,48.3,42.7,80.8,0.0,N@3.8,5.3,0.0,0,49.8,"Woodinvill (21 Acres), Woodinville, King County",330026,Woodinvill,2020-06-01 00:33:27.321290
2009-11-03,17:45,47.9,42.5,81.4,0.0,N@3.6,5.3,0.0,0,49.8,"Woodinvill (21 Acres), Woodinville, King County",330026,Woodinvill,2020-06-01 00:33:27.321290
2009-11-03,18:00,47.6,42.5,82.4,0.0,N@3.3,6.4,0.0,0,49.9,"Woodinvill (21 Acres), Woodinville, King County",330026,Woodinvill,2020-06-01 00:33:27.321290
2009-11-03,18:15,46.9,42.5,84.7,0.0,N@3.0,4.9,0.0,0,49.9,"Woodinvill (21 Acres), Woodinville, King County",330026,Woodinvill,2020-06-01 00:33:27.321290
2009-11-03,18:30,46.6,42.6,85.9,0.0,N@2.4,3.9,0.0,0,49.9,"Woodinvill (21 Acres), Woodinville, King County",330026,Woodinvill,2020-06-01 00:33:27.321290
2009-11-03,18:45,45.7,42.2,87.5,0.0,NW@1.7,2.8,0.0,0,49.9,"Woodinvill (21 Acres), Woodinville, King County",330026,Woodinvill,2020-06-01 00:33:27.321290
2009-11-03,19:00,45.2,42.3,89.5,0.0,NW@1.7,3.5,0.01,0,49.9,"Woodinvill (21 Acres), Woodinville, King County",330026,Woodinvill,2020-06-01 00:33:27.321290
2009-11-03,19:15,45.4,42.5,89.3,0.0,NW@2.0,3.5,0.01,0,49.9,"Woodinvill (21 Acres), Woodinville, King County",330026,Woodinvill,2020-06-01 00:33:27.321290
2009-11-03,19:30,45.3,42.3,89.4,0.0,N@1.9,4.2,0.01,0,49.9,"Woodinvill (21 Acres), Woodinville, King County",330026,Woodinvill,2020-06-01 00:33:27.321290
2009-11-03,19:45,44.8,42.2,90.5,0.0,N @1.1,2.4,0.02,0,49.9,"Woodinvill (21 Acres), Woodinville, King County",330026,Woodinvill,2020-06-01 00:33:27.321290
2009-11-03,20:00,43.7,41.6,92.1,0.0,N @1.0,2.4,0.05,0,49.9,"Woodinvill (21 Acres), Woodinville, King County",330026,Woodinvill,2020-06-01 00:33:27.321290
2009-11-03,20:15,42.9,41.3,94.1,0.0,N @1.9,3.1,0.08,0,49.9,"Woodinvill (21 Acres), Woodinville, King County",330026,Woodinvill,2020-06-01 00:33:27.321290
2009-11-03,20:30,42.2,41.0,95.3,0.0,N@2.3,3.5,0.11,0,49.9,"Woodinvill (21 Acres), Woodinville, King County",330026,Woodinvill,2020-06-01 00:33:27.321290
2009-11-03,20:45,41.6,40.4,95.5,0.0,N@2.9,4.6,0.16,0,49.9,"Woodinvill (21 Acres), Woodinville, King County",330026,Woodinvill,2020-06-01 00:33:27.321290
2009-11-03,21:00,41.9,41.0,96.7,0.0,N @2.9,4.6,0.24,0,49.8,"Woodinvill (21 Acres), Woodinville, King County",330026,Woodinvill,2020-06-01 00:33:27.321290
2009-11-03,21:15,41.8,40.7,96.0,0.0,NW@2.1,4.6,0.31,0,49.8,"Woodinvill (21 Acres), Woodinville, King County",330026,Woodinvill,2020-06-01 00:33:27.321290
2009-11-03,21:30,41.1,40.2,96.5,0.0,N@1.6,2.8,0.39,0,49.7,"Woodinvill (21 Acres), Woodinville, King County",330026,Woodinvill,2020-06-01 00:33:27.321290
2009-11-03,21:45,41.0,40.2,97.0,0.0,N @1.8,2.8,0.49,0,49.7,"Woodinvill (21 Acres), Woodinville, King County",330026,Woodinvill,2020-06-01 00:33:27.321290
2009-11-03,22:00,40.6,39.8,96.9,0.0,N@1.5,2.8,0.56,0,49.7,"Woodinvill (21 Acres), Woodinville, King County",330026,Woodinvill,2020-06-01 00:33:27.321290
2009-11-03,22:15,40.1,39.5,97.7,0.0,N@2.4,3.1,0.63,0,49.6,"Woodinvill (21 Acres), Woodinville, King County",330026,Woodinvill,2020-06-01 00:33:27.321290
2009-11-03,22:30,40.0,39.4,97.8,0.0,NW@1.7,2.8,0.68,0,49.6,"Woodinvill (21 Acres), Woodinville, King County",330026,Woodinvill,2020-06-01 00:33:27.321290
2009-11-03,22:45,39.6,39.1,98.3,0.0,N@2.6,4.6,0.72,0,49.5,"Woodinvill (21 Acres), Woodinville, King County",330026,Woodinvill,2020-06-01 00:33:27.321290
2009-11-03,23:00,40.3,39.9,98.3,0.0,N@2.4,5.3,0.76,0,49.5,"Woodinvill (21 Acres), Woodinville, King County",330026,Woodinvill,2020-06-01 00:33:27.321290
2009-11-03,23:15,40.3,39.7,98.0,0.0,N @0.9,2.4,0.78,0,49.4,"Woodinvill (21 Acres), Woodinville, King County",330026,Woodinvill,2020-06-01 00:33:27.321290
2009-11-03,23:30,39.7,39.2,97.8,0.0,N @2.3,4.2,0.82,0,49.4,"Woodinvill (21 Acres), Woodinville, King County",330026,Woodinvill,2020-06-01 00:33:27.321290
2009-11-03,23:45,38.8,38.3,98.0,0.0,N@2.3,3.9,0.84,0,49.3,"Woodinvill (21 Acres), Woodinville, King County",330026,Woodinvill,2020-06-01 00:33:27.321290
2009-11-03,24:00,38.6,38.1,98.2,0.0,N@1.8,4.2,0.86,0,49.3,"Woodinvill (21 Acres), Woodinville, King County",330026,Woodinvill,2020-06-01 00:33:27.321290
2009-11-04,00:15,37.9,37.5,98.4,0.0,N@2.2,3.9,0.87,0,49.2,"Woodinvill (21 Acres), Woodinville, King County",330026,Woodinvill,2020-06-01 00:33:27.321290
2009-11-04,00:30,38.0,37.7,98.8,0.0,N@2.2,4.2,0.89,0,49.2,"Woodinvill (21 Acres), Woodinville, King County",330026,Woodinvill,2020-06-01 00:33:27.321290
2009-11-04,00:45,37.8,37.4,98.4,0.0,N@1.9,4.9,0.89,0,49.1,"Woodinvill (21 Acres), Woodinville, King County",330026,Woodinvill,2020-06-01 00:33:27.321290
2009-11-04,01:00,37.4,37.1,98.7,0.0,N@2.3,4.2,0.9,0,49.1,"Woodinvill (21 Acres), Woodinville, King County",330026,Woodinvill,2020-06-01 00:33:27.321290
2009-11-04,01:15,37.7,37.4,98.8,0.0,N @2.2,4.2,0.91,0,49.0,"Woodinvill (21 Acres), Woodinville, King County",330026,Woodinvill,2020-06-01 00:33:27.321290
2009-11-04,01:30,37.8,37.4,98.3,0.0,NE@1.1,2.8,0.91,0,49.0,"Woodinvill (21 Acres), Woodinville, King County",330026,Woodinvill,2020-06-01 00:33:27.321290
2009-11-04,01:45,36.1,35.5,97.5,0.0,S@0.1,1.7,0.91,0,48.9,"Woodinvill (21 Acres), Woodinville, King County",330026,Woodinvill,2020-06-01 00:33:27.321290
2009-11-04,02:00,36.1,35.8,98.7,0.0,N @1.2,2.1,0.91,0,48.9,"Woodinvill (21 Acres), Woodinville, King County",330026,Woodinvill,2020-06-01 00:33:27.321290
2009-11-04,02:15,35.9,35.4,98.2,0.0,NW@1.7,3.1,0.92,0,48.8,"Woodinvill (21 Acres), Woodinville, King County",330026,Woodinvill,2020-06-01 00:33:27.321290
2009-11-04,02:30,35.4,35.1,98.6,0.0,N@1.6,3.1,0.92,0,48.8,"Woodinvill (21 Acres), Woodinville, King County",330026,Woodinvill,2020-06-01 00:33:27.321290
2009-11-04,02:45,36.0,35.9,99.4,0.0,N @1.4,3.1,0.93,0,48.7,"Woodinvill (21 Acres), Woodinville, King County",330026,Woodinvill,2020-06-01 00:33:27.321290
2009-11-04,03:00,36.3,36.0,98.9,0.0,N@1.4,3.5,0.93,0,48.7,"Woodinvill (21 Acres), Woodinville, King County",330026,Woodinvill,2020-06-01 00:33:27.321290
2009-11-04,03:15,36.1,35.8,99.0,0.0,N @1.4,3.5,0.93,0,48.6,"Woodinvill (21 Acres), Woodinville, King County",330026,Woodinvill,2020-06-01 00:33:27.321290
2009-11-04,03:30,36.3,36.1,99.2,0.0,NE@1.5,2.8,0.93,0,48.5,"Woodinvill (21 Acres), Woodinville, King County",330026,Woodinvill,2020-06-01 00:33:27.321290
2009-11-04,03:45,36.6,36.3,99.0,0.0,N@2.1,3.9,0.93,0,48.5,"Woodinvill (21 Acres), Woodinville, King County",330026,Woodinvill,2020-06-01 00:33:27.321290
2009-11-04,04:00,36.8,36.5,99.1,0.0,N @2.1,3.9,0.93,0,48.4,"Woodinvill (21 Acres), Woodinville, King County",330026,Woodinvill,2020-06-01 00:33:27.321290
2009-11-04,04:15,36.8,36.5,98.8,0.0,N@1.3,2.8,0.93,0,48.4,"Woodinvill (21 Acres), Woodinville, King County",330026,Woodinvill,2020-06-01 00:33:27.321290
2009-11-04,04:30,36.4,36.0,98.6,0.0,E@1.2,2.8,0.93,0,48.3,"Woodinvill (21 Acres), Woodinville, King County",330026,Woodinvill,2020-06-01 00:33:27.321290
2009-11-04,04:45,35.1,34.7,98.3,0.0,SE@1.2,2.4,0.93,0,48.3,"Woodinvill (21 Acres), Woodinville, King County",330026,Woodinvill,2020-06-01 00:33:27.321290
2009-11-04,05:00,35.3,34.9,98.5,0.0,N @0.0,0.0,0.93,0,48.2,"Woodinvill (21 Acres), Woodinville, King County",330026,Woodinvill,2020-06-01 00:33:27.321290
2009-11-04,05:15,35.1,34.7,98.5,0.0,NE@0.2,2.4,0.93,0,48.2,"Woodinvill (21 Acres), Woodinville, King County",330026,Woodinvill,2020-06-01 00:33:27.321290
2009-11-04,05:30,35.3,35.0,98.6,0.0,N@0.0,1.4,0.93,0,48.1,"Woodinvill (21 Acres), Woodinville, King County",330026,Woodinvill,2020-06-01 00:33:27.321290
2009-11-04,05:45,35.1,34.8,98.5,0.0,N@0.4,2.1,0.94,0,48.1,"Woodinvill (21 Acres), Woodinville, King County",330026,Woodinvill,2020-06-01 00:33:27.321290
2009-11-04,06:00,34.9,34.5,98.7,0.0,S@0.2,2.1,0.94,0,48.0,"Woodinvill (21 Acres), Woodinville, King County",330026,Woodinvill,2020-06-01 00:33:27.321290
2009-11-04,06:15,34.0,33.6,98.4,0.0,N @0.2,1.7,0.93,0,48.0,"Woodinvill (21 Acres), Woodinville, King County",330026,Woodinvill,2020-06-01 00:33:27.321290
2009-11-04,06:30,34.3,34.1,99.2,0.0,N @0.0,0.0,0.94,0,47.9,"Woodinvill (21 Acres), Woodinville, King County",330026,Woodinvill,2020-06-01 00:33:27.321290
2009-11-04,06:45,34.4,34.1,98.8,0.0,W@0.2,1.7,0.94,1,47.9,"Woodinvill (21 Acres), Woodinville, King County",330026,Woodinvill,2020-06-01 00:33:27.321290
2009-11-04,07:00,34.1,33.9,99.0,0.0,N @0.0,0.0,0.94,4,47.8,"Woodinvill (21 Acres), Woodinville, King County",330026,Woodinvill,2020-06-01 00:33:27.321290
2009-11-04,07:15,33.8,33.4,98.6,0.0,N @0.0,0.0,0.94,9,47.8,"Woodinvill (21 Acres), Woodinville, King County",330026,Woodinvill,2020-06-01 00:33:27.321290
2009-11-04,07:30,34.1,33.9,99.2,0.0,NE@0.3,2.1,0.94,21,47.7,"Woodinvill (21 Acres), Woodinville, King County",330026,Woodinvill,2020-06-01 00:33:27.321290
2009-11-04,07:45,34.9,34.7,99.1,0.0,N@0.0,1.4,0.94,35,47.7,"Woodinvill (21 Acres), Woodinville, King County",330026,Woodinvill,2020-06-01 00:33:27.321290
2009-11-04,08:00,35.4,35.2,99.1,0.0,N @0.0,0.0,0.94,61,47.6,"Woodinvill (21 Acres), Woodinville, King County",330026,Woodinvill,2020-06-01 00:33:27.321290
2009-11-04,08:15,36.9,36.7,99.3,0.0,N @0.0,1.4,0.94,81,47.6,"Woodinvill (21 Acres), Woodinville, King County",330026,Woodinvill,2020-06-01 00:33:27.321290
2009-11-04,08:30,38.5,38.4,99.6,0.0,NW@0.9,2.8,0.94,93,47.5,"Woodinvill (21 Acres), Woodinville, King County",330026,Woodinvill,2020-06-01 00:33:27.321290
2009-11-04,08:45,40.5,40.3,98.9,0.0,NW@1.7,2.4,0.95,127,47.5,"Woodinvill (21 Acres), Woodinville, King County",330026,Woodinvill,2020-06-01 00:33:27.321290
2009-11-04,09:00,42.5,41.7,97.0,0.0,W@0.7,2.1,0.95,155,47.4,"Woodinvill (21 Acres), Woodinville, King County",330026,Woodinvill,2020-06-01 00:33:27.321290
2009-11-04,09:15,43.8,42.5,94.9,0.0,S@1.0,2.8,0.97,196,47.4,"Woodinvill (21 Acres), Woodinville, King County",330026,Woodinvill,2020-06-01 00:33:27.321290
2009-11-04,09:30,44.6,42.5,92.2,0.0,S@1.5,3.1,1.0,209,47.3,"Woodinvill (21 Acres), Woodinville, King County",330026,Woodinvill,2020-06-01 00:33:27.321290
2009-11-04,09:45,46.1,43.0,88.8,0.0,SW@0.7,2.1,1.0,198,47.3,"Woodinvill (21 Acres), Woodinville, King County",330026,Woodinvill,2020-06-01 00:33:27.321290
2009-11-04,10:00,48.0,44.1,86.1,0.0,W@0.8,2.1,1.0,231,47.3,"Woodinvill (21 Acres), Woodinville, King County",330026,Woodinvill,2020-06-01 00:33:27.321290
2009-11-04,10:15,49.7,44.7,83.0,0.0,S@0.9,2.8,0.98,278,47.3,"Woodinvill (21 Acres), Woodinville, King County",330026,Woodinvill,2020-06-01 00:33:27.321290
2009-11-04,10:30,52.6,45.4,76.5,0.0,S@1.6,3.1,0.94,312,47.3,"Woodinvill (21 Acres), Woodinville, King County",330026,Woodinvill,2020-06-01 00:33:27.321290
2009-11-04,10:45,53.8,45.3,72.8,0.0,S@1.1,2.4,0.91,278,47.3,"Woodinvill (21 Acres), Woodinville, King County",330026,Woodinvill,2020-06-01 00:33:27.321290
2009-11-04,11:00,55.2,46.1,71.1,0.0,S@1.7,2.8,0.86,306,47.3,"Woodinvill (21 Acres), Woodinville, King County",330026,Woodinvill,2020-06-01 00:33:27.321290
2009-11-04,11:15,56.8,45.6,66.1,0.0,W@0.9,2.4,0.72,315,47.3,"Woodinvill (21 Acres), Woodinville, King County",330026,Woodinvill,2020-06-01 00:33:27.321290
2009-11-04,11:30,58.9,44.6,58.9,0.0,SW@1.7,4.2,0.4,367,47.3,"Woodinvill (21 Acres), Woodinville, King County",330026,Woodinvill,2020-06-01 00:33:27.321290
2009-11-04,11:45,59.9,44.0,55.7,0.0,SW@1.1,2.8,0.02,311,47.4,"Woodinvill (21 Acres), Woodinville, King County",330026,Woodinvill,2020-06-01 00:33:27.321290
2009-11-04,12:00,61.0,44.7,54.8,0.0,N@2.2,3.9,0.0,299,47.4,"Woodinvill (21 Acres), Woodinville, King County",330026,Woodinvill,2020-06-01 00:33:27.321290
2009-11-04,12:15,61.0,44.4,54.4,0.0,NW@2.8,4.6,0.0,323,47.5,"Woodinvill (21 Acres), Woodinville, King County",330026,Woodinvill,2020-06-01 00:33:27.321290
2009-11-04,12:30,61.9,44.2,52.3,0.0,N@2.5,4.2,0.0,307,47.6,"Woodinvill (21 Acres), Woodinville, King County",330026,Woodinvill,2020-06-01 00:33:27.321290
2009-11-04,12:45,62.0,43.6,50.9,0.0,NW@2.4,4.9,0.0,285,47.7,"Woodinvill (21 Acres), Woodinville, King County",330026,Woodinvill,2020-06-01 00:33:27.321290
2009-11-04,13:00,62.8,44.3,50.7,0.0,N@2.4,4.2,0.0,279,47.8,"Woodinvill (21 Acres), Woodinville, King County",330026,Woodinvill,2020-06-01 00:33:27.321290
2009-11-04,13:15,63.5,44.4,49.8,0.0,NW@1.7,2.8,0.0,243,47.9,"Woodinvill (21 Acres), Woodinville, King County",330026,Woodinvill,2020-06-01 00:33:27.321290
2009-11-04,13:30,63.8,43.7,47.9,0.0,NW@1.4,2.8,0.0,238,48.0,"Woodinvill (21 Acres), Woodinville, King County",330026,Woodinvill,2020-06-01 00:33:27.321290
2009-11-04,13:45,63.6,44.1,48.9,0.0,NW@1.6,3.1,0.0,211,48.1,"Woodinvill (21 Acres), Woodinville, King County",330026,Woodinvill,2020-06-01 00:33:27.321290
2009-11-04,14:00,64.2,43.8,47.4,0.0,NW@0.9,2.8,0.0,204,48.2,"Woodinvill (21 Acres), Woodinville, King County",330026,Woodinvill,2020-06-01 00:33:27.321290
2009-11-04,14:15,64.4,45.0,49.3,0.0,SW@0.9,2.1,0.0,173,48.3,"Woodinvill (21 Acres), Woodinville, King County",330026,Woodinvill,2020-06-01 00:33:27.321290
2009-11-04,14:30,64.5,46.9,52.7,0.0,E@0.4,2.1,0.0,170,48.4,"Woodinvill (21 Acres), Woodinville, King County",330026,Woodinvill,2020-06-01 00:33:27.321290
2009-11-04,14:45,64.7,47.4,53.5,0.0,SE@0.6,3.5,0.0,166,48.5,"Woodinvill (21 Acres), Woodinville, King County",330026,Woodinvill,2020-06-01 00:33:27.321290
2009-11-04,15:00,64.7,46.5,51.5,0.0,S@1.3,4.2,0.0,179,48.7,"Woodinvill (21 Acres), Woodinville, King County",330026,Woodinvill,2020-06-01 00:33:27.321290
2009-11-04,15:15,65.3,44.1,46.2,0.0,S@1.6,4.6,0.0,128,48.8,"Woodinvill (21 Acres), Woodinville, King County",330026,Woodinvill,2020-06-01 00:33:27.321290
2009-11-04,15:30,62.9,45.0,51.9,0.0,NE@1.2,2.8,0.0,73,48.9,"Woodinvill (21 Acres), Woodinville, King County",330026,Woodinvill,2020-06-01 00:33:27.321290
2009-11-04,15:45,60.1,46.4,60.5,0.0,NE@1.3,2.8,0.0,54,49.0,"Woodinvill (21 Acres), Woodinville, King County",330026,Woodinvill,2020-06-01 00:33:27.321290
2009-11-04,16:00,58.4,45.8,63.0,0.0,E@0.7,2.1,0.0,35,49.1,"Woodinvill (21 Acres), Woodinville, King County",330026,Woodinvill,2020-06-01 00:33:27.321290
2009-11-04,16:15,56.1,47.6,72.8,0.0,SW@0.3,2.1,0.0,26,49.2,"Woodinvill (21 Acres), Woodinville, King County",330026,Woodinvill,2020-06-01 00:33:27.321290
2009-11-04,16:30,54.4,46.8,75.5,0.0,N @1.3,3.1,0.0,13,49.3,"Woodinvill (21 Acres), Woodinville, King County",330026,Woodinvill,2020-06-01 00:33:27.321290
2009-11-04,16:45,52.9,47.0,80.2,0.0,SE@1.2,2.4,0.0,5,49.4,"Woodinvill (21 Acres), Woodinville, King County",330026,Woodinvill,2020-06-01 00:33:27.321290
2009-11-04,17:00,51.5,46.7,83.6,0.0,N @1.1,2.4,0.0,2,49.5,"Woodinvill (21 Acres), Woodinville, King County",330026,Woodinvill,2020-06-01 00:33:27.321290
2009-11-04,17:15,51.1,46.3,83.6,0.0,NE@1.1,2.4,0.0,1,49.5,"Woodinvill (21 Acres), Woodinville, King County",330026,Woodinvill,2020-06-01 00:33:27.321290
2009-11-04,17:30,49.4,45.6,86.7,0.0,S@1.3,2.4,0.01,0,49.6,"Woodinvill (21 Acres), Woodinville, King County",330026,Woodinvill,2020-06-01 00:33:27.321290
2009-11-04,17:45,48.7,45.6,89.0,0.0,NE@1.7,3.1,0.01,0,49.6,"Woodinvill (21 Acres), Woodinville, King County",330026,Woodinvill,2020-06-01 00:33:27.321290
2009-11-04,18:00,48.2,44.8,87.9,0.0,SW@1.0,2.8,0.02,0,49.7,"Woodinvill (21 Acres), Woodinville, King County",330026,Woodinvill,2020-06-01 00:33:27.321290
2009-11-04,18:15,47.0,44.6,91.2,0.0,NE@1.1,2.4,0.03,0,49.7,"Woodinvill (21 Acres), Woodinville, King County",330026,Woodinvill,2020-06-01 00:33:27.321290
2009-11-04,18:30,46.1,44.0,92.5,0.0,SW@1.6,3.9,0.04,0,49.7,"Woodinvill (21 Acres), Woodinville, King County",330026,Woodinvill,2020-06-01 00:33:27.321290
2009-11-04,18:45,45.2,43.6,94.0,0.0,E@0.8,2.8,0.06,0,49.8,"Woodinvill (21 Acres), Woodinville, King County",330026,Woodinvill,2020-06-01 00:33:27.321290
2009-11-04,19:00,44.9,43.5,94.8,0.0,NE@0.6,2.4,0.09,0,49.8,"Woodinvill (21 Acres), Woodinville, King County",330026,Woodinvill,2020-06-01 00:33:27.321290
2009-11-04,19:15,45.0,43.5,94.7,0.0,SW@0.3,2.1,0.12,0,49.8,"Woodinvill (21 Acres), Woodinville, King County",330026,Woodinvill,2020-06-01 00:33:27.321290
2009-11-04,19:30,44.1,42.9,95.2,0.0,E@0.5,2.4,0.15,0,49.8,"Woodinvill (21 Acres), Woodinville, King County",330026,Woodinvill,2020-06-01 00:33:27.321290
2009-11-04,19:45,43.4,42.3,96.0,0.0,NW@0.4,2.1,0.18,0,49.8,"Woodinvill (21 Acres), Woodinville, King County",330026,Woodinvill,2020-06-01 00:33:27.321290
2009-11-04,20:00,43.4,42.5,96.3,0.0,NE@0.7,2.8,0.25,0,49.7,"Woodinvill (21 Acres), Woodinville, King County",330026,Woodinvill,2020-06-01 00:33:27.321290
2009-11-04,20:15,42.7,41.8,96.8,0.0,N@1.1,2.1,0.34,0,49.7,"Woodinvill (21 Acres), Woodinville, King County",330026,Woodinvill,2020-06-01 00:33:27.321290
2009-11-04,20:30,42.4,41.6,97.0,0.0,NW@0.7,2.1,0.42,0,49.7,"Woodinvill (21 Acres), Woodinville, King County",330026,Woodinvill,2020-06-01 00:33:27.321290
2009-11-04,20:45,41.6,41.0,97.6,0.0,N @0.5,2.4,0.5,0,49.7,"Woodinvill (21 Acres), Woodinville, King County",330026,Woodinvill,2020-06-01 00:33:27.321290
2009-11-04,21:00,41.7,41.0,97.5,0.0,W@0.8,2.1,0.58,0,49.6,"Woodinvill (21 Acres), Woodinville, King County",330026,Woodinvill,2020-06-01 00:33:27.321290
2009-11-04,21:15,41.0,40.6,98.3,0.0,N@1.2,2.4,0.65,0,49.6,"Woodinvill (21 Acres), Woodinville, King County",330026,Woodinvill,2020-06-01 00:33:27.321290
2009-11-04,21:30,42.1,41.8,98.8,0.0,NE@1.1,3.1,0.71,0,49.6,"Woodinvill (21 Acres), Woodinville, King County",330026,Woodinvill,2020-06-01 00:33:27.321290
2009-11-04,21:45,40.8,40.2,97.5,0.0,NE@1.2,2.8,0.75,0,49.5,"Woodinvill (21 Acres), Woodinville, King County",330026,Woodinvill,2020-06-01 00:33:27.321290
2009-11-04,22:00,41.0,40.5,98.4,0.0,NE@0.6,2.4,0.78,0,49.5,"Woodinvill (21 Acres), Woodinville, King County",330026,Woodinvill,2020-06-01 00:33:27.321290
2009-11-04,22:15,40.4,40.0,98.3,0.0,NW@0.8,2.4,0.81,0,49.4,"Woodinvill (21 Acres), Woodinville, King County",330026,Woodinvill,2020-06-01 00:33:27.321290
2009-11-04,22:30,40.4,40.1,98.9,0.0,NE@1.0,2.4,0.84,0,49.4,"Woodinvill (21 Acres), Woodinville, King County",330026,Woodinvill,2020-06-01 00:33:27.321290
2009-11-04,22:45,40.4,40.0,98.7,0.0,N@1.1,2.1,0.85,0,49.3,"Woodinvill (21 Acres), Woodinville, King County",330026,Woodinvill,2020-06-01 00:33:27.321290
2009-11-04,23:00,39.9,39.5,98.6,0.0,SE@0.9,2.8,0.86,0,49.3,"Woodinvill (21 Acres), Woodinville, King County",330026,Woodinvill,2020-06-01 00:33:27.321290
