Date,Time PST,Air Temp °F, 2<sup>nd</sup> Air Temp °F, Dew Point °F, Rel Hum %, Leaf Wet u., Wind Dir @ Speed mph, Wind Gust mph, 8 in. Soil Tmp °F, Tot Prec in, Solar Rad W/m²,Location,Station ID,Station Name,Download Timestamp
2016-08-06,00:15,65.1,65.3,39.2,38.4,0.0,W@6.9,12.4,77.9,0.0,0,"Wenatchee Heights, Chelan County",330165,Wenatchee Heights,2017-12-01 13:56:34.998280
2016-08-06,00:30,65.1,65.2,39.3,38.6,0.0,NW@6.8,11.0,77.8,0.0,0,"Wenatchee Heights, Chelan County",330165,Wenatchee Heights,2017-12-01 13:56:34.998280
2016-08-06,00:45,64.5,64.6,39.2,39.2,0.0,W@5.6,10.7,77.8,0.0,0,"Wenatchee Heights, Chelan County",330165,Wenatchee Heights,2017-12-01 13:56:34.998280
2016-08-06,01:00,64.1,64.2,39.1,39.6,0.0,W@4.8,10.3,77.7,0.0,0,"Wenatchee Heights, Chelan County",330165,Wenatchee Heights,2017-12-01 13:56:34.998280
2016-08-06,01:15,63.7,63.8,38.9,39.8,0.0,W@4.4,11.4,77.7,0.0,0,"Wenatchee Heights, Chelan County",330165,Wenatchee Heights,2017-12-01 13:56:34.998280
2016-08-06,01:30,63.5,63.6,38.6,39.7,0.0,W@5.0,11.0,77.6,0.0,0,"Wenatchee Heights, Chelan County",330165,Wenatchee Heights,2017-12-01 13:56:34.998280
2016-08-06,01:45,63.4,63.5,38.2,39.2,0.0,W@6.2,11.7,77.5,0.0,0,"Wenatchee Heights, Chelan County",330165,Wenatchee Heights,2017-12-01 13:56:34.998280
2016-08-06,02:00,62.9,63.0,38.1,39.8,0.0,W@5.3,11.0,77.4,0.0,0,"Wenatchee Heights, Chelan County",330165,Wenatchee Heights,2017-12-01 13:56:34.998280
2016-08-06,02:15,62.7,62.9,37.8,39.6,0.0,W@6.6,11.4,77.4,0.0,0,"Wenatchee Heights, Chelan County",330165,Wenatchee Heights,2017-12-01 13:56:34.998280
2016-08-06,02:30,62.4,62.5,37.8,40.1,0.0,W@6.2,11.7,77.3,0.0,0,"Wenatchee Heights, Chelan County",330165,Wenatchee Heights,2017-12-01 13:56:34.998280
2016-08-06,02:45,62.2,62.3,37.7,40.1,0.0,W@5.3,9.2,77.2,0.0,0,"Wenatchee Heights, Chelan County",330165,Wenatchee Heights,2017-12-01 13:56:34.998280
2016-08-06,03:00,62.2,62.3,37.2,39.3,0.0,W@4.7,8.9,77.2,0.0,0,"Wenatchee Heights, Chelan County",330165,Wenatchee Heights,2017-12-01 13:56:34.998280
2016-08-06,03:15,62.2,62.2,36.2,38.0,0.0,W@5.4,10.3,77.1,0.0,0,"Wenatchee Heights, Chelan County",330165,Wenatchee Heights,2017-12-01 13:56:34.998280
2016-08-06,03:30,61.4,61.5,37.5,41.0,0.0,SW@6.2,13.2,77.0,0.0,0,"Wenatchee Heights, Chelan County",330165,Wenatchee Heights,2017-12-01 13:56:34.998280
2016-08-06,03:45,61.0,61.1,37.0,40.6,0.0,W@3.7,7.8,76.9,0.0,0,"Wenatchee Heights, Chelan County",330165,Wenatchee Heights,2017-12-01 13:56:34.998280
2016-08-06,04:00,61.0,61.0,36.6,40.2,0.0,W@4.6,8.2,76.9,0.0,0,"Wenatchee Heights, Chelan County",330165,Wenatchee Heights,2017-12-01 13:56:34.998280
2016-08-06,04:15,61.4,61.5,35.7,38.1,0.0,W@4.6,9.6,76.8,0.0,0,"Wenatchee Heights, Chelan County",330165,Wenatchee Heights,2017-12-01 13:56:34.998280
2016-08-06,04:30,61.0,61.1,35.5,38.4,0.0,W@4.5,10.3,76.7,0.0,0,"Wenatchee Heights, Chelan County",330165,Wenatchee Heights,2017-12-01 13:56:34.998280
2016-08-06,04:45,60.9,61.0,35.6,38.7,0.0,W@6.3,15.7,76.6,0.0,2,"Wenatchee Heights, Chelan County",330165,Wenatchee Heights,2017-12-01 13:56:34.998280
2016-08-06,05:00,60.4,60.5,35.5,39.2,0.0,W@5.2,13.5,76.5,0.0,5,"Wenatchee Heights, Chelan County",330165,Wenatchee Heights,2017-12-01 13:56:34.998280
2016-08-06,05:15,58.4,58.4,35.8,42.6,0.0,SW@4.3,6.7,76.4,0.0,13,"Wenatchee Heights, Chelan County",330165,Wenatchee Heights,2017-12-01 13:56:34.998280
2016-08-06,05:30,58.2,57.9,36.5,44.2,0.0,S@0.2,2.8,76.3,0.0,23,"Wenatchee Heights, Chelan County",330165,Wenatchee Heights,2017-12-01 13:56:34.998280
2016-08-06,05:45,57.6,57.6,37.1,46.2,0.0,SW@1.6,4.2,76.2,0.0,59,"Wenatchee Heights, Chelan County",330165,Wenatchee Heights,2017-12-01 13:56:34.998280
2016-08-06,06:00,61.1,60.9,34.9,37.4,0.0,W@3.9,8.9,76.1,0.0,137,"Wenatchee Heights, Chelan County",330165,Wenatchee Heights,2017-12-01 13:56:34.998280
2016-08-06,06:15,61.7,61.5,35.5,37.5,0.0,W@2.9,6.7,76.1,0.0,189,"Wenatchee Heights, Chelan County",330165,Wenatchee Heights,2017-12-01 13:56:34.998280
2016-08-06,06:30,62.8,62.4,35.3,35.7,0.0,NW@3.2,6.0,76.0,0.0,233,"Wenatchee Heights, Chelan County",330165,Wenatchee Heights,2017-12-01 13:56:34.998280
2016-08-06,06:45,63.0,62.5,35.6,36.0,0.0,NW@3.6,7.4,75.9,0.0,278,"Wenatchee Heights, Chelan County",330165,Wenatchee Heights,2017-12-01 13:56:34.998280
2016-08-06,07:00,64.8,64.1,35.6,33.7,0.0,N@1.7,4.6,75.8,0.0,323,"Wenatchee Heights, Chelan County",330165,Wenatchee Heights,2017-12-01 13:56:34.998280
2016-08-06,07:15,65.4,65.0,36.1,33.7,0.0,N@2.9,4.6,75.7,0.0,369,"Wenatchee Heights, Chelan County",330165,Wenatchee Heights,2017-12-01 13:56:34.998280
2016-08-06,07:30,65.1,65.2,38.6,37.5,0.0,NE@3.8,5.7,75.6,0.0,413,"Wenatchee Heights, Chelan County",330165,Wenatchee Heights,2017-12-01 13:56:34.998280
2016-08-06,07:45,65.1,65.0,41.0,41.3,0.0,E@4.1,7.8,75.5,0.0,457,"Wenatchee Heights, Chelan County",330165,Wenatchee Heights,2017-12-01 13:56:34.998280
2016-08-06,08:00,65.9,65.7,40.8,39.8,0.0,SE@2.7,5.3,75.4,0.0,500,"Wenatchee Heights, Chelan County",330165,Wenatchee Heights,2017-12-01 13:56:34.998280
2016-08-06,08:15,66.5,66.4,39.9,37.6,0.0,E@3.6,5.7,75.3,0.0,542,"Wenatchee Heights, Chelan County",330165,Wenatchee Heights,2017-12-01 13:56:34.998280
2016-08-06,08:30,67.3,67.3,40.4,37.3,0.0,NE@3.6,6.4,75.2,0.0,582,"Wenatchee Heights, Chelan County",330165,Wenatchee Heights,2017-12-01 13:56:34.998280
2016-08-06,08:45,68.4,68.5,39.4,34.6,0.0,N@4.3,6.7,75.1,0.0,620,"Wenatchee Heights, Chelan County",330165,Wenatchee Heights,2017-12-01 13:56:34.998280
2016-08-06,09:00,68.4,68.4,38.7,33.7,0.0,NE@4.4,8.2,75.0,0.0,656,"Wenatchee Heights, Chelan County",330165,Wenatchee Heights,2017-12-01 13:56:34.998280
2016-08-06,09:15,69.0,68.5,38.4,32.5,0.0,N@4.8,8.2,75.0,0.0,690,"Wenatchee Heights, Chelan County",330165,Wenatchee Heights,2017-12-01 13:56:34.998280
2016-08-06,09:30,70.0,70.0,38.6,31.8,0.0,NE@4.1,7.1,74.9,0.0,721,"Wenatchee Heights, Chelan County",330165,Wenatchee Heights,2017-12-01 13:56:34.998280
2016-08-06,09:45,71.6,71.6,38.2,29.5,0.0,NE@3.9,7.8,74.8,0.0,750,"Wenatchee Heights, Chelan County",330165,Wenatchee Heights,2017-12-01 13:56:34.998280
2016-08-06,10:00,71.8,71.9,36.4,27.4,0.0,E@3.1,9.2,74.8,0.0,776,"Wenatchee Heights, Chelan County",330165,Wenatchee Heights,2017-12-01 13:56:34.998280
2016-08-06,10:15,73.4,72.9,37.0,26.6,0.0,N@3.6,6.7,74.7,0.0,799,"Wenatchee Heights, Chelan County",330165,Wenatchee Heights,2017-12-01 13:56:34.998280
2016-08-06,10:30,73.9,73.4,34.7,23.8,0.0,N@4.6,7.8,74.7,0.0,820,"Wenatchee Heights, Chelan County",330165,Wenatchee Heights,2017-12-01 13:56:34.998280
2016-08-06,10:45,74.6,73.8,34.0,22.7,0.0,NW@4.3,7.4,74.6,0.0,836,"Wenatchee Heights, Chelan County",330165,Wenatchee Heights,2017-12-01 13:56:34.998280
2016-08-06,11:00,76.1,75.4,34.1,21.6,0.0,N@5.8,8.9,74.6,0.0,852,"Wenatchee Heights, Chelan County",330165,Wenatchee Heights,2017-12-01 13:56:34.998280
2016-08-06,11:15,75.7,75.3,34.2,22.1,0.0,N@5.1,9.2,74.6,0.0,865,"Wenatchee Heights, Chelan County",330165,Wenatchee Heights,2017-12-01 13:56:34.998280
2016-08-06,11:30,77.0,76.2,32.3,19.5,0.0,N@5.2,9.6,74.6,0.0,875,"Wenatchee Heights, Chelan County",330165,Wenatchee Heights,2017-12-01 13:56:34.998280
2016-08-06,11:45,77.4,76.7,33.2,20.0,0.0,N@5.1,8.5,74.6,0.0,882,"Wenatchee Heights, Chelan County",330165,Wenatchee Heights,2017-12-01 13:56:34.998280
2016-08-06,12:00,77.9,77.5,33.6,19.9,0.0,N@4.8,8.5,74.6,0.0,885,"Wenatchee Heights, Chelan County",330165,Wenatchee Heights,2017-12-01 13:56:34.998280
2016-08-06,12:15,78.8,78.4,33.8,19.5,0.0,NE@4.5,9.9,74.7,0.0,886,"Wenatchee Heights, Chelan County",330165,Wenatchee Heights,2017-12-01 13:56:34.998280
2016-08-06,12:30,77.9,77.7,32.6,19.1,0.0,NE@5.2,11.4,74.7,0.0,882,"Wenatchee Heights, Chelan County",330165,Wenatchee Heights,2017-12-01 13:56:34.998280
2016-08-06,12:45,79.0,78.7,33.3,19.0,0.0,E@4.8,9.2,74.7,0.0,876,"Wenatchee Heights, Chelan County",330165,Wenatchee Heights,2017-12-01 13:56:34.998280
2016-08-06,13:00,79.7,79.4,33.9,19.0,0.0,E@3.9,7.8,74.8,0.0,869,"Wenatchee Heights, Chelan County",330165,Wenatchee Heights,2017-12-01 13:56:34.998280
2016-08-06,13:15,80.4,80.1,34.2,18.8,0.0,E@4.6,8.9,74.9,0.0,859,"Wenatchee Heights, Chelan County",330165,Wenatchee Heights,2017-12-01 13:56:34.998280
2016-08-06,13:30,80.5,80.1,33.9,18.6,0.0,E@5.0,9.6,75.0,0.0,844,"Wenatchee Heights, Chelan County",330165,Wenatchee Heights,2017-12-01 13:56:34.998280
2016-08-06,13:45,80.6,80.2,33.8,18.5,0.0,E@4.8,10.3,75.1,0.0,824,"Wenatchee Heights, Chelan County",330165,Wenatchee Heights,2017-12-01 13:56:34.998280
2016-08-06,14:00,81.4,81.1,34.0,18.1,0.0,E@4.1,7.8,75.2,0.0,800,"Wenatchee Heights, Chelan County",330165,Wenatchee Heights,2017-12-01 13:56:34.998280
2016-08-06,14:15,81.7,81.4,34.2,18.0,0.0,E@4.8,10.7,75.3,0.0,776,"Wenatchee Heights, Chelan County",330165,Wenatchee Heights,2017-12-01 13:56:34.998280
2016-08-06,14:30,81.5,81.2,34.3,18.2,0.0,E@6.4,10.7,75.4,0.0,748,"Wenatchee Heights, Chelan County",330165,Wenatchee Heights,2017-12-01 13:56:34.998280
2016-08-06,14:45,81.5,81.1,35.2,19.0,0.0,E@5.9,10.7,75.5,0.0,715,"Wenatchee Heights, Chelan County",330165,Wenatchee Heights,2017-12-01 13:56:34.998280
2016-08-06,15:00,81.7,81.4,36.5,19.8,0.0,E@5.4,11.7,75.6,0.0,681,"Wenatchee Heights, Chelan County",330165,Wenatchee Heights,2017-12-01 13:56:34.998280
2016-08-06,15:15,81.6,81.3,35.6,19.2,0.0,E@5.6,9.9,75.8,0.0,647,"Wenatchee Heights, Chelan County",330165,Wenatchee Heights,2017-12-01 13:56:34.998280
2016-08-06,15:30,81.3,81.0,35.3,19.1,0.0,E@5.9,11.4,75.9,0.0,612,"Wenatchee Heights, Chelan County",330165,Wenatchee Heights,2017-12-01 13:56:34.998280
2016-08-06,15:45,82.2,82.0,34.4,17.9,0.0,E@5.7,10.3,76.0,0.0,575,"Wenatchee Heights, Chelan County",330165,Wenatchee Heights,2017-12-01 13:56:34.998280
2016-08-06,16:00,82.6,82.3,33.7,17.2,0.0,E@5.4,11.4,76.1,0.0,536,"Wenatchee Heights, Chelan County",330165,Wenatchee Heights,2017-12-01 13:56:34.998280
2016-08-06,16:15,82.4,82.2,33.4,17.1,0.0,E@5.1,10.3,76.3,0.0,495,"Wenatchee Heights, Chelan County",330165,Wenatchee Heights,2017-12-01 13:56:34.998280
2016-08-06,16:30,82.6,82.4,32.2,16.1,0.0,NE@5.9,8.5,76.4,0.0,453,"Wenatchee Heights, Chelan County",330165,Wenatchee Heights,2017-12-01 13:56:34.998280
2016-08-06,16:45,82.2,81.9,31.8,16.1,0.0,E@5.8,10.3,76.5,0.0,413,"Wenatchee Heights, Chelan County",330165,Wenatchee Heights,2017-12-01 13:56:34.998280
2016-08-06,17:00,81.5,81.3,33.9,17.9,0.0,E@4.3,7.8,76.7,0.0,371,"Wenatchee Heights, Chelan County",330165,Wenatchee Heights,2017-12-01 13:56:34.998280
2016-08-06,17:15,81.0,80.8,34.1,18.4,0.0,E@4.1,7.4,76.8,0.0,328,"Wenatchee Heights, Chelan County",330165,Wenatchee Heights,2017-12-01 13:56:34.998280
2016-08-06,17:30,80.9,80.8,35.4,19.4,0.0,E@3.6,6.4,76.9,0.0,286,"Wenatchee Heights, Chelan County",330165,Wenatchee Heights,2017-12-01 13:56:34.998280
2016-08-06,17:45,80.0,80.0,35.6,20.2,0.0,E@3.5,6.0,77.0,0.0,244,"Wenatchee Heights, Chelan County",330165,Wenatchee Heights,2017-12-01 13:56:34.998280
2016-08-06,18:00,79.1,79.2,36.1,21.2,0.0,E@3.4,5.3,77.1,0.0,202,"Wenatchee Heights, Chelan County",330165,Wenatchee Heights,2017-12-01 13:56:34.998280
2016-08-06,18:15,78.0,78.5,37.0,22.7,0.0,SE@2.7,5.7,77.3,0.0,149,"Wenatchee Heights, Chelan County",330165,Wenatchee Heights,2017-12-01 13:56:34.998280
2016-08-06,18:30,76.8,77.0,44.7,31.9,0.0,S@1.8,3.1,77.4,0.0,44,"Wenatchee Heights, Chelan County",330165,Wenatchee Heights,2017-12-01 13:56:34.998280
2016-08-06,18:45,73.8,74.3,46.2,37.4,0.0,S@1.5,2.4,77.5,0.0,87,"Wenatchee Heights, Chelan County",330165,Wenatchee Heights,2017-12-01 13:56:34.998280
2016-08-06,19:00,72.1,72.0,44.8,37.6,0.0,S@1.0,3.1,77.6,0.0,56,"Wenatchee Heights, Chelan County",330165,Wenatchee Heights,2017-12-01 13:56:34.998280
2016-08-06,19:15,72.7,72.7,39.0,29.4,0.0,S@1.3,3.1,77.6,0.0,22,"Wenatchee Heights, Chelan County",330165,Wenatchee Heights,2017-12-01 13:56:34.998280
2016-08-06,19:30,71.2,71.3,39.3,31.3,0.0,S@2.9,7.4,77.7,0.0,6,"Wenatchee Heights, Chelan County",330165,Wenatchee Heights,2017-12-01 13:56:34.998280
2016-08-06,19:45,71.3,71.4,38.9,30.7,0.0,S@2.4,5.3,77.8,0.0,2,"Wenatchee Heights, Chelan County",330165,Wenatchee Heights,2017-12-01 13:56:34.998280
2016-08-06,20:00,69.1,69.1,39.9,34.4,0.0,S@1.8,4.2,77.8,0.0,0,"Wenatchee Heights, Chelan County",330165,Wenatchee Heights,2017-12-01 13:56:34.998280
2016-08-06,20:15,69.4,69.3,39.7,33.8,0.0,S@1.0,2.4,77.9,0.0,0,"Wenatchee Heights, Chelan County",330165,Wenatchee Heights,2017-12-01 13:56:34.998280
2016-08-06,20:30,68.6,68.7,40.2,35.4,0.0,SW@2.0,9.2,78.0,0.0,0,"Wenatchee Heights, Chelan County",330165,Wenatchee Heights,2017-12-01 13:56:34.998280
2016-08-06,20:45,68.5,68.4,39.9,35.2,0.0,SW@2.5,6.0,78.0,0.0,0,"Wenatchee Heights, Chelan County",330165,Wenatchee Heights,2017-12-01 13:56:34.998280
2016-08-06,21:00,68.0,68.1,40.2,36.2,0.0,S@2.3,4.6,78.0,0.0,0,"Wenatchee Heights, Chelan County",330165,Wenatchee Heights,2017-12-01 13:56:34.998280
2016-08-06,21:15,68.0,67.9,39.9,35.7,0.0,SW@2.0,3.9,78.1,0.0,0,"Wenatchee Heights, Chelan County",330165,Wenatchee Heights,2017-12-01 13:56:34.998280
2016-08-06,21:30,68.2,68.3,40.5,36.2,0.0,SW@3.4,7.8,78.1,0.0,0,"Wenatchee Heights, Chelan County",330165,Wenatchee Heights,2017-12-01 13:56:34.998280
2016-08-06,21:45,67.2,67.2,41.6,39.2,0.0,SW@3.2,7.8,78.1,0.0,0,"Wenatchee Heights, Chelan County",330165,Wenatchee Heights,2017-12-01 13:56:34.998280
2016-08-06,22:00,66.0,66.1,41.5,40.7,0.0,SW@2.5,5.7,78.1,0.0,0,"Wenatchee Heights, Chelan County",330165,Wenatchee Heights,2017-12-01 13:56:34.998280
2016-08-06,22:15,67.5,67.6,41.6,38.9,0.0,SW@3.3,7.1,78.1,0.0,0,"Wenatchee Heights, Chelan County",330165,Wenatchee Heights,2017-12-01 13:56:34.998280
2016-08-06,22:30,65.3,65.3,42.4,43.2,0.0,SW@2.5,5.7,78.0,0.0,0,"Wenatchee Heights, Chelan County",330165,Wenatchee Heights,2017-12-01 13:56:34.998280
2016-08-06,22:45,65.5,65.5,42.0,42.2,0.0,SW@2.7,6.4,78.0,0.0,0,"Wenatchee Heights, Chelan County",330165,Wenatchee Heights,2017-12-01 13:56:34.998280
2016-08-06,23:00,66.2,66.3,41.9,41.0,0.0,W@3.5,8.2,78.0,0.0,0,"Wenatchee Heights, Chelan County",330165,Wenatchee Heights,2017-12-01 13:56:34.998280
2016-08-07,23:15,64.6,64.7,42.5,44.4,0.0,SW@3.1,5.7,77.9,0.0,0,"Wenatchee Heights, Chelan County",330165,Wenatchee Heights,2017-12-01 13:56:34.998280
2016-08-07,23:30,62.2,62.3,42.8,48.9,0.0,SE@1.4,3.5,77.9,0.0,0,"Wenatchee Heights, Chelan County",330165,Wenatchee Heights,2017-12-01 13:56:34.998280
2016-08-07,23:45,61.3,61.5,43.2,51.2,0.0,SE@1.7,3.1,77.8,0.0,0,"Wenatchee Heights, Chelan County",330165,Wenatchee Heights,2017-12-01 13:56:34.998280
2016-08-07,24:00,60.2,60.6,43.4,53.9,0.0,S@1.4,3.1,77.7,0.0,0,"Wenatchee Heights, Chelan County",330165,Wenatchee Heights,2017-12-01 13:56:34.998280
2016-08-07,00:15,57.8,58.0,43.8,59.5,0.0,S@1.2,2.8,77.7,0.0,0,"Wenatchee Heights, Chelan County",330165,Wenatchee Heights,2017-12-01 13:56:34.998280
2016-08-07,00:30,58.9,59.0,43.7,56.9,0.0,S@2.6,5.7,77.7,0.0,0,"Wenatchee Heights, Chelan County",330165,Wenatchee Heights,2017-12-01 13:56:34.998280
2016-08-07,00:45,60.5,60.6,43.5,53.5,0.0,S@2.0,4.9,77.6,0.0,0,"Wenatchee Heights, Chelan County",330165,Wenatchee Heights,2017-12-01 13:56:34.998280
2016-08-07,01:00,58.5,58.9,43.6,57.5,0.0,S@1.7,3.1,77.5,0.0,0,"Wenatchee Heights, Chelan County",330165,Wenatchee Heights,2017-12-01 13:56:34.998280
2016-08-07,01:15,57.7,58.0,44.3,60.8,0.0,S@1.9,3.5,77.5,0.0,0,"Wenatchee Heights, Chelan County",330165,Wenatchee Heights,2017-12-01 13:56:34.998280
2016-08-07,01:30,57.3,57.5,44.4,61.9,0.0,S@1.8,4.2,77.4,0.0,0,"Wenatchee Heights, Chelan County",330165,Wenatchee Heights,2017-12-01 13:56:34.998280
2016-08-07,01:45,56.1,56.1,44.5,64.8,0.0,S@1.2,3.9,77.3,0.0,0,"Wenatchee Heights, Chelan County",330165,Wenatchee Heights,2017-12-01 13:56:34.998280
2016-08-07,02:00,59.4,59.5,43.4,55.4,0.0,SW@3.1,6.4,77.2,0.0,0,"Wenatchee Heights, Chelan County",330165,Wenatchee Heights,2017-12-01 13:56:34.998280
2016-08-07,02:15,59.7,59.8,43.1,54.2,0.0,W@2.1,5.7,77.2,0.0,0,"Wenatchee Heights, Chelan County",330165,Wenatchee Heights,2017-12-01 13:56:34.998280
2016-08-07,02:30,58.6,58.7,42.9,55.7,0.0,W@2.7,6.0,77.1,0.0,0,"Wenatchee Heights, Chelan County",330165,Wenatchee Heights,2017-12-01 13:56:34.998280
2016-08-07,02:45,56.3,56.2,43.6,62.4,0.0,S@2.7,4.6,77.0,0.0,0,"Wenatchee Heights, Chelan County",330165,Wenatchee Heights,2017-12-01 13:56:34.998280
2016-08-07,03:00,54.4,54.5,45.2,71.1,0.0,SE@1.5,3.1,76.9,0.0,0,"Wenatchee Heights, Chelan County",330165,Wenatchee Heights,2017-12-01 13:56:34.998280
2016-08-07,03:15,53.0,53.0,45.1,74.5,0.0,SE@0.4,3.1,76.8,0.0,0,"Wenatchee Heights, Chelan County",330165,Wenatchee Heights,2017-12-01 13:56:34.998280
2016-08-07,03:30,55.1,55.1,44.2,66.6,0.0,SW@2.6,5.7,76.7,0.0,0,"Wenatchee Heights, Chelan County",330165,Wenatchee Heights,2017-12-01 13:56:34.998280
2016-08-07,03:45,57.3,57.3,43.5,59.6,0.0,S@3.5,6.7,76.6,0.0,0,"Wenatchee Heights, Chelan County",330165,Wenatchee Heights,2017-12-01 13:56:34.998280
2016-08-07,04:00,56.2,56.2,43.5,62.3,0.0,S@2.1,6.0,76.6,0.0,0,"Wenatchee Heights, Chelan County",330165,Wenatchee Heights,2017-12-01 13:56:34.998280
2016-08-07,04:15,57.9,57.9,42.5,56.3,0.0,W@4.1,9.2,76.5,0.0,0,"Wenatchee Heights, Chelan County",330165,Wenatchee Heights,2017-12-01 13:56:34.998280
2016-08-07,04:30,58.4,58.4,42.0,54.3,0.0,SW@5.3,8.9,76.4,0.0,0,"Wenatchee Heights, Chelan County",330165,Wenatchee Heights,2017-12-01 13:56:34.998280
2016-08-07,04:45,57.5,57.5,42.4,57.1,0.0,SW@2.7,6.7,76.3,0.0,2,"Wenatchee Heights, Chelan County",330165,Wenatchee Heights,2017-12-01 13:56:34.998280
2016-08-07,05:00,57.0,57.1,42.0,57.1,0.0,NW@2.5,6.4,76.2,0.0,4,"Wenatchee Heights, Chelan County",330165,Wenatchee Heights,2017-12-01 13:56:34.998280
2016-08-07,05:15,55.4,55.3,42.8,62.4,0.0,E@1.1,3.5,76.1,0.0,9,"Wenatchee Heights, Chelan County",330165,Wenatchee Heights,2017-12-01 13:56:34.998280
2016-08-07,05:30,52.9,52.8,43.7,70.9,0.0,SE@1.4,4.2,76.0,0.0,15,"Wenatchee Heights, Chelan County",330165,Wenatchee Heights,2017-12-01 13:56:34.998280
2016-08-07,05:45,53.7,53.7,43.7,68.7,0.0,S@2.5,3.9,75.9,0.0,84,"Wenatchee Heights, Chelan County",330165,Wenatchee Heights,2017-12-01 13:56:34.998280
2016-08-07,06:00,56.3,56.1,44.1,63.6,0.0,S@1.1,3.9,75.8,0.0,126,"Wenatchee Heights, Chelan County",330165,Wenatchee Heights,2017-12-01 13:56:34.998280
2016-08-07,06:15,58.6,58.1,43.2,56.5,0.0,SW@0.9,4.2,75.7,0.0,177,"Wenatchee Heights, Chelan County",330165,Wenatchee Heights,2017-12-01 13:56:34.998280
2016-08-07,06:30,60.3,60.0,40.9,48.7,0.0,SW@4.5,7.1,75.6,0.0,220,"Wenatchee Heights, Chelan County",330165,Wenatchee Heights,2017-12-01 13:56:34.998280
2016-08-07,06:45,61.3,61.0,40.5,46.2,0.0,SW@4.2,7.1,75.5,0.0,264,"Wenatchee Heights, Chelan County",330165,Wenatchee Heights,2017-12-01 13:56:34.998280
2016-08-07,07:00,61.7,61.5,41.0,46.5,0.0,SW@4.2,6.7,75.4,0.0,310,"Wenatchee Heights, Chelan County",330165,Wenatchee Heights,2017-12-01 13:56:34.998280
2016-08-07,07:15,62.7,62.5,40.4,43.8,0.0,SW@4.0,8.5,75.3,0.0,355,"Wenatchee Heights, Chelan County",330165,Wenatchee Heights,2017-12-01 13:56:34.998280
2016-08-07,07:30,64.1,63.9,40.2,41.4,0.0,W@1.8,5.3,75.2,0.0,400,"Wenatchee Heights, Chelan County",330165,Wenatchee Heights,2017-12-01 13:56:34.998280
2016-08-07,07:45,65.2,64.7,40.3,39.9,0.0,NW@2.3,4.2,75.1,0.0,444,"Wenatchee Heights, Chelan County",330165,Wenatchee Heights,2017-12-01 13:56:34.998280
2016-08-07,08:00,66.0,66.1,39.3,37.4,0.0,N@3.3,5.3,75.0,0.0,486,"Wenatchee Heights, Chelan County",330165,Wenatchee Heights,2017-12-01 13:56:34.998280
2016-08-07,08:15,66.1,65.9,40.7,39.3,0.0,NW@2.7,4.6,74.9,0.0,526,"Wenatchee Heights, Chelan County",330165,Wenatchee Heights,2017-12-01 13:56:34.998280
2016-08-07,08:30,66.9,66.7,39.8,36.9,0.0,N@3.0,4.9,74.9,0.0,566,"Wenatchee Heights, Chelan County",330165,Wenatchee Heights,2017-12-01 13:56:34.998280
2016-08-07,08:45,67.6,67.6,39.6,35.8,0.0,NE@4.4,7.4,74.8,0.0,602,"Wenatchee Heights, Chelan County",330165,Wenatchee Heights,2017-12-01 13:56:34.998280
2016-08-07,09:00,68.4,68.5,38.8,33.8,0.0,NE@4.6,9.2,74.7,0.0,638,"Wenatchee Heights, Chelan County",330165,Wenatchee Heights,2017-12-01 13:56:34.998280
2016-08-07,09:15,67.8,67.5,41.4,38.2,0.0,E@6.3,11.0,74.6,0.0,670,"Wenatchee Heights, Chelan County",330165,Wenatchee Heights,2017-12-01 13:56:34.998280
2016-08-07,09:30,68.4,68.3,41.0,36.8,0.0,E@4.9,9.2,74.5,0.0,701,"Wenatchee Heights, Chelan County",330165,Wenatchee Heights,2017-12-01 13:56:34.998280
2016-08-07,09:45,70.0,70.1,39.7,33.1,0.0,NE@4.5,7.8,74.4,0.0,732,"Wenatchee Heights, Chelan County",330165,Wenatchee Heights,2017-12-01 13:56:34.998280
2016-08-07,10:00,70.6,70.5,39.2,31.8,0.0,N@5.0,8.9,74.4,0.0,759,"Wenatchee Heights, Chelan County",330165,Wenatchee Heights,2017-12-01 13:56:34.998280
2016-08-07,10:15,72.5,72.0,38.6,29.1,0.0,N@4.1,8.2,74.3,0.0,784,"Wenatchee Heights, Chelan County",330165,Wenatchee Heights,2017-12-01 13:56:34.998280
2016-08-07,10:30,73.0,72.7,38.4,28.4,0.0,NE@4.9,8.9,74.3,0.0,806,"Wenatchee Heights, Chelan County",330165,Wenatchee Heights,2017-12-01 13:56:34.998280
2016-08-07,10:45,72.5,72.6,38.3,28.8,0.0,NE@5.1,8.9,74.3,0.0,825,"Wenatchee Heights, Chelan County",330165,Wenatchee Heights,2017-12-01 13:56:34.998280
2016-08-07,11:00,73.7,73.7,39.2,28.7,0.0,NE@5.3,8.9,74.2,0.0,843,"Wenatchee Heights, Chelan County",330165,Wenatchee Heights,2017-12-01 13:56:34.998280
2016-08-07,11:15,74.0,73.7,39.2,28.4,0.0,NE@5.7,11.7,74.2,0.0,857,"Wenatchee Heights, Chelan County",330165,Wenatchee Heights,2017-12-01 13:56:34.998280
2016-08-07,11:30,74.2,74.1,39.8,28.8,0.0,N@6.3,11.7,74.2,0.0,868,"Wenatchee Heights, Chelan County",330165,Wenatchee Heights,2017-12-01 13:56:34.998280
2016-08-07,11:45,74.1,73.7,39.9,29.0,0.0,N@6.5,10.3,74.2,0.0,879,"Wenatchee Heights, Chelan County",330165,Wenatchee Heights,2017-12-01 13:56:34.998280
2016-08-07,12:00,75.1,74.8,39.9,28.1,0.0,N@6.2,10.7,74.2,0.0,890,"Wenatchee Heights, Chelan County",330165,Wenatchee Heights,2017-12-01 13:56:34.998280
2016-08-07,12:15,75.5,74.3,39.8,27.6,0.0,NW@5.3,8.9,74.3,0.0,921,"Wenatchee Heights, Chelan County",330165,Wenatchee Heights,2017-12-01 13:56:34.998280
2016-08-07,12:30,76.8,75.8,40.1,26.8,0.0,N@5.6,9.6,74.3,0.0,760,"Wenatchee Heights, Chelan County",330165,Wenatchee Heights,2017-12-01 13:56:34.998280
2016-08-07,12:45,74.0,73.6,39.7,28.9,0.0,N@5.2,9.6,74.4,0.0,404,"Wenatchee Heights, Chelan County",330165,Wenatchee Heights,2017-12-01 13:56:34.998280
2016-08-07,13:00,73.8,73.4,39.9,29.3,0.0,N@5.6,9.2,74.4,0.0,516,"Wenatchee Heights, Chelan County",330165,Wenatchee Heights,2017-12-01 13:56:34.998280
2016-08-07,13:15,75.0,74.8,39.9,28.2,0.0,N@4.5,9.9,74.5,0.0,591,"Wenatchee Heights, Chelan County",330165,Wenatchee Heights,2017-12-01 13:56:34.998280
2016-08-07,13:30,75.1,74.3,40.1,28.3,0.0,N@5.6,10.3,74.5,0.0,597,"Wenatchee Heights, Chelan County",330165,Wenatchee Heights,2017-12-01 13:56:34.998280
2016-08-07,13:45,76.1,75.6,40.8,28.1,0.0,NW@4.8,10.3,74.7,0.0,689,"Wenatchee Heights, Chelan County",330165,Wenatchee Heights,2017-12-01 13:56:34.998280
2016-08-07,14:00,75.2,74.7,40.7,28.9,0.0,N@7.0,11.4,74.7,0.0,326,"Wenatchee Heights, Chelan County",330165,Wenatchee Heights,2017-12-01 13:56:34.998280
2016-08-07,14:15,75.5,75.3,40.6,28.5,0.0,N@6.9,13.5,74.8,0.0,471,"Wenatchee Heights, Chelan County",330165,Wenatchee Heights,2017-12-01 13:56:34.998280
2016-08-07,14:30,74.0,73.7,39.8,29.1,0.0,N@7.6,14.2,74.9,0.0,228,"Wenatchee Heights, Chelan County",330165,Wenatchee Heights,2017-12-01 13:56:34.998280
2016-08-07,14:45,72.9,72.6,36.2,26.2,0.0,NW@10.8,20.0,75.1,0.0,329,"Wenatchee Heights, Chelan County",330165,Wenatchee Heights,2017-12-01 13:56:34.998280
2016-08-07,15:00,73.6,73.2,35.8,25.2,0.0,NW@9.0,16.7,75.2,0.0,510,"Wenatchee Heights, Chelan County",330165,Wenatchee Heights,2017-12-01 13:56:34.998280
2016-08-07,15:15,74.3,73.8,36.5,25.3,0.0,W@7.6,21.8,75.3,0.0,672,"Wenatchee Heights, Chelan County",330165,Wenatchee Heights,2017-12-01 13:56:34.998280
2016-08-07,15:30,74.1,73.6,36.3,25.2,0.0,W@6.9,14.6,75.4,0.0,619,"Wenatchee Heights, Chelan County",330165,Wenatchee Heights,2017-12-01 13:56:34.998280
2016-08-07,15:45,73.8,73.3,36.6,25.8,0.0,W@8.3,16.7,75.5,0.0,579,"Wenatchee Heights, Chelan County",330165,Wenatchee Heights,2017-12-01 13:56:34.998280
2016-08-07,16:00,73.4,72.9,36.5,26.0,0.0,W@10.1,20.7,75.6,0.0,538,"Wenatchee Heights, Chelan County",330165,Wenatchee Heights,2017-12-01 13:56:34.998280
2016-08-07,16:15,73.8,73.3,36.7,25.8,0.0,NW@10.2,16.7,75.7,0.0,500,"Wenatchee Heights, Chelan County",330165,Wenatchee Heights,2017-12-01 13:56:34.998280
2016-08-07,16:30,74.4,73.8,37.1,25.8,0.0,NW@9.1,16.7,75.8,0.0,458,"Wenatchee Heights, Chelan County",330165,Wenatchee Heights,2017-12-01 13:56:34.998280
2016-08-07,16:45,73.6,73.1,37.5,26.9,0.0,W@7.8,16.4,75.9,0.0,417,"Wenatchee Heights, Chelan County",330165,Wenatchee Heights,2017-12-01 13:56:34.998280
2016-08-07,17:00,73.6,73.1,38.1,27.6,0.0,NW@7.9,15.3,76.0,0.0,374,"Wenatchee Heights, Chelan County",330165,Wenatchee Heights,2017-12-01 13:56:34.998280
2016-08-07,17:15,72.4,71.9,39.0,29.6,0.0,NW@8.6,16.7,76.1,0.0,329,"Wenatchee Heights, Chelan County",330165,Wenatchee Heights,2017-12-01 13:56:34.998280
2016-08-07,17:30,73.0,72.5,40.1,30.4,0.0,NW@6.5,12.1,76.2,0.0,287,"Wenatchee Heights, Chelan County",330165,Wenatchee Heights,2017-12-01 13:56:34.998280
2016-08-07,17:45,71.8,71.4,39.9,31.3,0.0,NW@7.2,13.2,76.2,0.0,243,"Wenatchee Heights, Chelan County",330165,Wenatchee Heights,2017-12-01 13:56:34.998280
2016-08-07,18:00,71.7,71.4,40.0,31.7,0.0,NW@6.1,12.4,76.3,0.0,201,"Wenatchee Heights, Chelan County",330165,Wenatchee Heights,2017-12-01 13:56:34.998280
2016-08-07,18:15,70.3,70.4,39.5,32.5,0.0,NW@6.8,14.6,76.4,0.0,158,"Wenatchee Heights, Chelan County",330165,Wenatchee Heights,2017-12-01 13:56:34.998280
2016-08-07,18:30,68.9,68.7,38.5,32.8,0.0,W@7.4,16.0,76.4,0.0,35,"Wenatchee Heights, Chelan County",330165,Wenatchee Heights,2017-12-01 13:56:34.998280
2016-08-07,18:45,67.3,67.4,37.9,33.8,0.0,W@8.5,16.0,76.5,0.0,88,"Wenatchee Heights, Chelan County",330165,Wenatchee Heights,2017-12-01 13:56:34.998280
2016-08-07,19:00,66.6,66.5,37.2,33.8,0.0,NW@5.7,11.7,76.5,0.0,42,"Wenatchee Heights, Chelan County",330165,Wenatchee Heights,2017-12-01 13:56:34.998280
2016-08-07,19:15,65.1,65.2,37.4,35.8,0.0,W@7.2,20.0,76.6,0.0,9,"Wenatchee Heights, Chelan County",330165,Wenatchee Heights,2017-12-01 13:56:34.998280
2016-08-07,19:30,64.7,64.8,37.1,35.9,0.0,W@7.8,18.5,76.7,0.0,4,"Wenatchee Heights, Chelan County",330165,Wenatchee Heights,2017-12-01 13:56:34.998280
2016-08-07,19:45,64.1,64.2,37.5,37.3,0.0,W@7.6,12.8,76.7,0.0,1,"Wenatchee Heights, Chelan County",330165,Wenatchee Heights,2017-12-01 13:56:34.998280
2016-08-07,20:00,63.4,63.5,38.1,39.1,0.0,W@5.6,12.8,76.7,0.0,0,"Wenatchee Heights, Chelan County",330165,Wenatchee Heights,2017-12-01 13:56:34.998280
2016-08-07,20:15,62.9,63.0,38.5,40.4,0.0,W@5.4,11.7,76.8,0.0,0,"Wenatchee Heights, Chelan County",330165,Wenatchee Heights,2017-12-01 13:56:34.998280
2016-08-07,20:30,62.5,62.6,38.8,41.4,0.0,W@6.9,12.1,76.8,0.0,0,"Wenatchee Heights, Chelan County",330165,Wenatchee Heights,2017-12-01 13:56:34.998280
2016-08-07,20:45,62.1,62.1,39.1,42.6,0.0,W@7.3,13.2,76.8,0.0,0,"Wenatchee Heights, Chelan County",330165,Wenatchee Heights,2017-12-01 13:56:34.998280
2016-08-07,21:00,61.6,61.6,39.3,43.6,0.0,W@6.3,10.7,76.8,0.0,0,"Wenatchee Heights, Chelan County",330165,Wenatchee Heights,2017-12-01 13:56:34.998280
2016-08-07,21:15,61.0,61.0,39.5,44.9,0.0,W@6.1,9.6,76.8,0.0,0,"Wenatchee Heights, Chelan County",330165,Wenatchee Heights,2017-12-01 13:56:34.998280
2016-08-07,21:30,60.0,60.0,39.7,46.9,0.0,W@5.4,9.9,76.8,0.0,0,"Wenatchee Heights, Chelan County",330165,Wenatchee Heights,2017-12-01 13:56:34.998280
2016-08-07,21:45,59.9,59.9,39.8,47.2,0.0,W@5.5,8.2,76.8,0.0,0,"Wenatchee Heights, Chelan County",330165,Wenatchee Heights,2017-12-01 13:56:34.998280
2016-08-07,22:00,59.9,59.9,40.0,47.7,0.0,W@6.4,11.0,76.8,0.0,0,"Wenatchee Heights, Chelan County",330165,Wenatchee Heights,2017-12-01 13:56:34.998280
2016-08-07,22:15,59.3,59.4,40.0,48.7,0.0,W@5.2,9.6,76.8,0.0,0,"Wenatchee Heights, Chelan County",330165,Wenatchee Heights,2017-12-01 13:56:34.998280
2016-08-07,22:30,58.4,58.4,40.3,51.0,0.0,W@4.7,9.9,76.7,0.0,0,"Wenatchee Heights, Chelan County",330165,Wenatchee Heights,2017-12-01 13:56:34.998280
2016-08-07,22:45,58.0,58.0,40.4,51.8,0.0,W@3.8,7.8,76.7,0.0,0,"Wenatchee Heights, Chelan County",330165,Wenatchee Heights,2017-12-01 13:56:34.998280
2016-08-07,23:00,58.1,58.1,40.4,51.6,0.0,W@4.8,10.3,76.6,0.0,0,"Wenatchee Heights, Chelan County",330165,Wenatchee Heights,2017-12-01 13:56:34.998280
2016-08-08,23:15,58.2,58.3,40.3,51.1,0.0,W@4.7,10.7,76.6,0.0,0,"Wenatchee Heights, Chelan County",330165,Wenatchee Heights,2017-12-01 13:56:34.998280
2016-08-08,23:30,57.9,57.9,40.3,51.9,0.0,W@4.6,7.4,76.5,0.0,0,"Wenatchee Heights, Chelan County",330165,Wenatchee Heights,2017-12-01 13:56:34.998280
2016-08-08,23:45,57.3,57.3,40.4,53.2,0.0,W@3.3,6.4,76.5,0.0,0,"Wenatchee Heights, Chelan County",330165,Wenatchee Heights,2017-12-01 13:56:34.998280
2016-08-08,24:00,57.1,57.2,40.5,53.6,0.0,W@5.0,8.5,76.4,0.0,0,"Wenatchee Heights, Chelan County",330165,Wenatchee Heights,2017-12-01 13:56:34.998280
2016-08-08,00:15,57.0,57.0,40.4,53.7,0.0,W@5.9,8.2,76.3,0.0,0,"Wenatchee Heights, Chelan County",330165,Wenatchee Heights,2017-12-01 13:56:34.998280
2016-08-08,00:30,57.0,57.0,40.3,53.5,0.0,W@6.3,8.9,76.3,0.0,0,"Wenatchee Heights, Chelan County",330165,Wenatchee Heights,2017-12-01 13:56:34.998280
2016-08-08,00:45,56.6,56.6,40.6,54.9,0.0,W@5.2,9.6,76.2,0.0,0,"Wenatchee Heights, Chelan County",330165,Wenatchee Heights,2017-12-01 13:56:34.998280
2016-08-08,01:00,56.4,56.5,40.8,55.8,0.0,NW@4.7,8.2,76.1,0.0,0,"Wenatchee Heights, Chelan County",330165,Wenatchee Heights,2017-12-01 13:56:34.998280
2016-08-08,01:15,56.5,56.6,40.9,55.7,0.0,NW@5.1,9.2,76.1,0.0,0,"Wenatchee Heights, Chelan County",330165,Wenatchee Heights,2017-12-01 13:56:34.998280
2016-08-08,01:30,55.5,55.5,40.9,57.8,0.0,W@3.4,6.4,76.0,0.0,0,"Wenatchee Heights, Chelan County",330165,Wenatchee Heights,2017-12-01 13:56:34.998280
2016-08-08,01:45,56.4,56.4,40.8,55.8,0.0,W@6.4,10.7,75.9,0.0,0,"Wenatchee Heights, Chelan County",330165,Wenatchee Heights,2017-12-01 13:56:34.998280
2016-08-08,02:00,56.6,56.6,41.0,55.7,0.0,W@5.4,10.3,75.8,0.0,0,"Wenatchee Heights, Chelan County",330165,Wenatchee Heights,2017-12-01 13:56:34.998280
2016-08-08,02:15,56.6,56.7,41.0,55.6,0.0,W@4.9,8.5,75.7,0.0,0,"Wenatchee Heights, Chelan County",330165,Wenatchee Heights,2017-12-01 13:56:34.998280
2016-08-08,02:30,56.5,56.5,40.9,55.8,0.0,W@3.8,7.4,75.7,0.0,0,"Wenatchee Heights, Chelan County",330165,Wenatchee Heights,2017-12-01 13:56:34.998280
2016-08-08,02:45,56.7,56.7,41.0,55.6,0.0,W@4.2,9.2,75.6,0.0,0,"Wenatchee Heights, Chelan County",330165,Wenatchee Heights,2017-12-01 13:56:34.998280
2016-08-08,03:00,56.7,56.7,40.9,55.4,0.0,W@3.6,7.1,75.5,0.0,0,"Wenatchee Heights, Chelan County",330165,Wenatchee Heights,2017-12-01 13:56:34.998280
2016-08-08,03:15,56.4,56.4,40.7,55.6,0.0,W@4.5,9.2,75.4,0.0,0,"Wenatchee Heights, Chelan County",330165,Wenatchee Heights,2017-12-01 13:56:34.998280
2016-08-08,03:30,56.7,56.7,40.7,55.0,0.0,W@4.9,8.5,75.3,0.0,0,"Wenatchee Heights, Chelan County",330165,Wenatchee Heights,2017-12-01 13:56:34.998280
2016-08-08,03:45,56.7,56.7,40.8,55.2,0.0,W@5.4,7.8,75.3,0.0,0,"Wenatchee Heights, Chelan County",330165,Wenatchee Heights,2017-12-01 13:56:34.998280
2016-08-08,04:00,56.2,56.2,40.9,56.5,0.0,W@5.0,8.2,75.2,0.0,0,"Wenatchee Heights, Chelan County",330165,Wenatchee Heights,2017-12-01 13:56:34.998280
2016-08-08,04:15,56.3,56.4,40.9,56.1,0.0,W@4.6,8.2,75.1,0.0,0,"Wenatchee Heights, Chelan County",330165,Wenatchee Heights,2017-12-01 13:56:34.998280
2016-08-08,04:30,55.6,55.7,40.9,57.5,0.0,W@4.0,6.4,75.0,0.0,0,"Wenatchee Heights, Chelan County",330165,Wenatchee Heights,2017-12-01 13:56:34.998280
2016-08-08,04:45,56.3,56.3,40.9,56.1,0.0,W@5.7,9.6,74.9,0.0,2,"Wenatchee Heights, Chelan County",330165,Wenatchee Heights,2017-12-01 13:56:34.998280
2016-08-08,05:00,56.2,56.2,40.8,56.1,0.0,NW@4.6,8.5,74.8,0.0,9,"Wenatchee Heights, Chelan County",330165,Wenatchee Heights,2017-12-01 13:56:34.998280
2016-08-08,05:15,56.7,56.5,40.7,54.8,0.0,NW@4.8,8.5,74.7,0.0,28,"Wenatchee Heights, Chelan County",330165,Wenatchee Heights,2017-12-01 13:56:34.998280
2016-08-08,05:30,56.9,56.8,40.8,54.7,0.0,W@3.2,7.8,74.6,0.0,50,"Wenatchee Heights, Chelan County",330165,Wenatchee Heights,2017-12-01 13:56:34.998280
2016-08-08,05:45,57.8,57.5,40.9,53.2,0.0,NW@3.9,7.4,74.5,0.0,130,"Wenatchee Heights, Chelan County",330165,Wenatchee Heights,2017-12-01 13:56:34.998280
2016-08-08,06:00,58.4,58.0,40.9,52.0,0.0,NW@4.8,9.2,74.5,0.0,164,"Wenatchee Heights, Chelan County",330165,Wenatchee Heights,2017-12-01 13:56:34.998280
2016-08-08,06:15,58.6,58.2,41.0,52.0,0.0,NW@4.6,9.9,74.4,0.0,195,"Wenatchee Heights, Chelan County",330165,Wenatchee Heights,2017-12-01 13:56:34.998280
2016-08-08,06:30,59.0,58.5,41.3,51.7,0.0,N@3.3,6.0,74.3,0.0,211,"Wenatchee Heights, Chelan County",330165,Wenatchee Heights,2017-12-01 13:56:34.998280
2016-08-08,06:45,58.5,58.4,42.1,54.5,0.0,N@1.4,3.9,74.2,0.0,154,"Wenatchee Heights, Chelan County",330165,Wenatchee Heights,2017-12-01 13:56:34.998280
2016-08-08,07:00,59.5,59.3,41.7,51.7,0.0,W@3.6,8.9,74.1,0.0,323,"Wenatchee Heights, Chelan County",330165,Wenatchee Heights,2017-12-01 13:56:34.998280
2016-08-08,07:15,60.4,59.9,41.0,48.7,0.0,NW@5.1,11.4,74.0,0.0,363,"Wenatchee Heights, Chelan County",330165,Wenatchee Heights,2017-12-01 13:56:34.998280
2016-08-08,07:30,61.8,61.7,41.8,47.7,0.0,N@3.5,7.1,73.9,0.0,385,"Wenatchee Heights, Chelan County",330165,Wenatchee Heights,2017-12-01 13:56:34.998280
2016-08-08,07:45,62.1,62.4,41.7,47.1,0.0,NE@3.8,6.0,73.8,0.0,450,"Wenatchee Heights, Chelan County",330165,Wenatchee Heights,2017-12-01 13:56:34.998280
2016-08-08,08:00,62.3,62.5,41.6,46.4,0.0,N@4.0,6.4,73.7,0.0,425,"Wenatchee Heights, Chelan County",330165,Wenatchee Heights,2017-12-01 13:56:34.998280
2016-08-08,08:15,62.6,62.4,41.9,46.7,0.0,N@4.1,6.4,73.6,0.0,419,"Wenatchee Heights, Chelan County",330165,Wenatchee Heights,2017-12-01 13:56:34.998280
2016-08-08,08:30,62.4,62.5,41.7,46.6,0.0,N@3.8,7.1,73.6,0.0,235,"Wenatchee Heights, Chelan County",330165,Wenatchee Heights,2017-12-01 13:56:34.998280
2016-08-08,08:45,62.1,62.0,41.2,46.0,0.0,N@4.4,7.1,73.5,0.0,186,"Wenatchee Heights, Chelan County",330165,Wenatchee Heights,2017-12-01 13:56:34.998280
2016-08-08,09:00,62.3,62.1,41.1,45.8,0.0,N@4.8,7.4,73.4,0.0,189,"Wenatchee Heights, Chelan County",330165,Wenatchee Heights,2017-12-01 13:56:34.998280
2016-08-08,09:15,62.6,62.4,41.2,45.4,0.0,N@4.1,7.8,73.4,0.0,254,"Wenatchee Heights, Chelan County",330165,Wenatchee Heights,2017-12-01 13:56:34.998280
2016-08-08,09:30,63.6,63.4,41.4,44.1,0.0,N@5.2,9.2,73.3,0.0,376,"Wenatchee Heights, Chelan County",330165,Wenatchee Heights,2017-12-01 13:56:34.998280
2016-08-08,09:45,64.8,64.5,41.5,42.4,0.0,N@5.6,11.4,73.2,0.0,503,"Wenatchee Heights, Chelan County",330165,Wenatchee Heights,2017-12-01 13:56:34.998280
2016-08-08,10:00,64.9,64.8,41.1,41.7,0.0,N@5.5,8.5,73.2,0.0,359,"Wenatchee Heights, Chelan County",330165,Wenatchee Heights,2017-12-01 13:56:34.998280
2016-08-08,10:15,63.9,63.9,41.1,43.2,0.0,N@6.3,11.0,73.1,0.0,275,"Wenatchee Heights, Chelan County",330165,Wenatchee Heights,2017-12-01 13:56:34.998280
2016-08-08,10:30,63.3,63.3,41.5,44.7,0.0,N@6.9,11.0,73.1,0.0,246,"Wenatchee Heights, Chelan County",330165,Wenatchee Heights,2017-12-01 13:56:34.998280
2016-08-08,10:45,62.9,62.9,42.2,46.6,0.0,N@7.8,11.4,73.0,0.0,234,"Wenatchee Heights, Chelan County",330165,Wenatchee Heights,2017-12-01 13:56:34.998280
2016-08-08,11:00,62.5,62.6,43.8,50.4,0.18,N@6.9,9.6,73.0,0.0,253,"Wenatchee Heights, Chelan County",330165,Wenatchee Heights,2017-12-01 13:56:34.998280
2016-08-08,11:15,62.3,62.3,45.9,54.8,0.22,N@6.8,11.4,73.0,0.0,409,"Wenatchee Heights, Chelan County",330165,Wenatchee Heights,2017-12-01 13:56:34.998280
2016-08-08,11:30,64.5,64.1,44.5,48.2,0.01,N@6.6,9.2,73.0,0.0,440,"Wenatchee Heights, Chelan County",330165,Wenatchee Heights,2017-12-01 13:56:34.998280
2016-08-08,11:45,61.3,60.9,44.5,53.9,0.0,SW@8.1,15.0,73.0,0.0,239,"Wenatchee Heights, Chelan County",330165,Wenatchee Heights,2017-12-01 13:56:34.998280
2016-08-08,12:00,57.4,57.3,44.7,62.3,0.0,SW@9.7,15.0,72.9,0.0,186,"Wenatchee Heights, Chelan County",330165,Wenatchee Heights,2017-12-01 13:56:34.998280
2016-08-08,12:15,56.6,56.4,46.5,68.6,0.05,SW@9.8,15.0,72.9,0.0,343,"Wenatchee Heights, Chelan County",330165,Wenatchee Heights,2017-12-01 13:56:34.998280
2016-08-08,12:30,56.9,56.8,46.6,68.2,0.0,SW@7.9,11.0,72.9,0.0,266,"Wenatchee Heights, Chelan County",330165,Wenatchee Heights,2017-12-01 13:56:34.998280
2016-08-08,12:45,56.8,56.6,46.7,68.8,0.1,SW@8.0,11.4,72.9,0.0,260,"Wenatchee Heights, Chelan County",330165,Wenatchee Heights,2017-12-01 13:56:34.998280
2016-08-08,13:00,57.2,56.9,46.0,66.1,0.0,SW@5.6,9.6,72.9,0.0,284,"Wenatchee Heights, Chelan County",330165,Wenatchee Heights,2017-12-01 13:56:34.998280
2016-08-08,13:15,58.1,57.9,46.5,65.2,0.11,W@3.3,6.7,72.9,0.0,303,"Wenatchee Heights, Chelan County",330165,Wenatchee Heights,2017-12-01 13:56:34.998280
2016-08-08,13:30,58.8,58.6,46.6,63.8,0.13,NW@3.6,8.5,72.9,0.0,272,"Wenatchee Heights, Chelan County",330165,Wenatchee Heights,2017-12-01 13:56:34.998280
2016-08-08,13:45,58.6,58.4,45.9,62.6,0.0,NW@4.6,9.2,72.9,0.0,240,"Wenatchee Heights, Chelan County",330165,Wenatchee Heights,2017-12-01 13:56:34.998280
2016-08-08,14:00,57.6,57.4,44.9,62.5,0.01,W@5.7,12.8,72.9,0.0,250,"Wenatchee Heights, Chelan County",330165,Wenatchee Heights,2017-12-01 13:56:34.998280
2016-08-08,14:15,57.3,57.0,45.2,63.9,0.12,NW@6.4,11.4,72.9,0.0,237,"Wenatchee Heights, Chelan County",330165,Wenatchee Heights,2017-12-01 13:56:34.998280
2016-08-08,14:30,56.9,56.6,46.5,68.0,0.16,W@5.8,9.9,72.9,0.0,238,"Wenatchee Heights, Chelan County",330165,Wenatchee Heights,2017-12-01 13:56:34.998280
2016-08-08,14:45,57.5,57.2,46.2,65.9,0.19,W@6.1,11.4,72.9,0.0,319,"Wenatchee Heights, Chelan County",330165,Wenatchee Heights,2017-12-01 13:56:34.998280
2016-08-08,15:00,58.6,58.2,45.3,61.2,0.12,W@6.4,10.7,72.9,0.0,438,"Wenatchee Heights, Chelan County",330165,Wenatchee Heights,2017-12-01 13:56:34.998280
2016-08-08,15:15,59.8,59.4,45.0,57.9,0.0,W@6.0,11.4,72.9,0.0,450,"Wenatchee Heights, Chelan County",330165,Wenatchee Heights,2017-12-01 13:56:34.998280
2016-08-08,15:30,60.5,60.0,44.8,56.1,0.0,W@8.4,13.5,72.9,0.0,475,"Wenatchee Heights, Chelan County",330165,Wenatchee Heights,2017-12-01 13:56:34.998280
2016-08-08,15:45,60.9,60.5,44.4,54.5,0.0,W@8.3,12.4,72.9,0.0,422,"Wenatchee Heights, Chelan County",330165,Wenatchee Heights,2017-12-01 13:56:34.998280
2016-08-08,16:00,62.9,62.3,44.2,50.3,0.0,W@8.7,16.4,72.9,0.0,646,"Wenatchee Heights, Chelan County",330165,Wenatchee Heights,2017-12-01 13:56:34.998280
2016-08-08,16:15,62.4,61.8,45.1,53.0,0.0,W@9.6,15.3,72.9,0.0,568,"Wenatchee Heights, Chelan County",330165,Wenatchee Heights,2017-12-01 13:56:34.998280
2016-08-08,16:30,62.8,62.2,45.8,53.7,0.0,NW@8.5,15.3,72.9,0.0,502,"Wenatchee Heights, Chelan County",330165,Wenatchee Heights,2017-12-01 13:56:34.998280
2016-08-08,16:45,62.4,61.7,45.4,53.7,0.0,NW@8.8,17.8,72.9,0.0,435,"Wenatchee Heights, Chelan County",330165,Wenatchee Heights,2017-12-01 13:56:34.998280
2016-08-08,17:00,61.7,61.2,44.6,53.5,0.0,W@9.5,18.2,72.9,0.0,339,"Wenatchee Heights, Chelan County",330165,Wenatchee Heights,2017-12-01 13:56:34.998280
2016-08-08,17:15,60.3,60.0,43.8,54.4,0.0,W@9.0,17.5,72.9,0.0,159,"Wenatchee Heights, Chelan County",330165,Wenatchee Heights,2017-12-01 13:56:34.998280
2016-08-08,17:30,60.3,60.0,43.0,52.8,0.0,W@5.6,9.6,72.8,0.0,146,"Wenatchee Heights, Chelan County",330165,Wenatchee Heights,2017-12-01 13:56:34.998280
2016-08-08,17:45,60.8,60.5,44.4,54.5,0.0,W@6.1,11.0,72.8,0.0,147,"Wenatchee Heights, Chelan County",330165,Wenatchee Heights,2017-12-01 13:56:34.998280
2016-08-08,18:00,59.1,59.0,45.2,59.9,0.0,W@4.7,10.7,72.8,0.0,62,"Wenatchee Heights, Chelan County",330165,Wenatchee Heights,2017-12-01 13:56:34.998280
2016-08-08,18:15,59.0,59.0,45.3,60.2,0.0,W@4.1,8.5,72.8,0.0,51,"Wenatchee Heights, Chelan County",330165,Wenatchee Heights,2017-12-01 13:56:34.998280
2016-08-08,18:30,58.4,58.4,45.6,62.3,0.0,W@3.7,6.7,72.8,0.0,32,"Wenatchee Heights, Chelan County",330165,Wenatchee Heights,2017-12-01 13:56:34.998280
2016-08-08,18:45,58.2,58.2,46.1,64.1,0.0,W@3.5,6.4,72.9,0.0,28,"Wenatchee Heights, Chelan County",330165,Wenatchee Heights,2017-12-01 13:56:34.998280
2016-08-08,19:00,56.8,56.8,47.1,69.9,0.0,SW@4.6,7.8,72.9,0.0,14,"Wenatchee Heights, Chelan County",330165,Wenatchee Heights,2017-12-01 13:56:34.998280
2016-08-08,19:15,56.4,56.4,47.8,72.8,0.0,SW@6.1,9.6,72.9,0.0,8,"Wenatchee Heights, Chelan County",330165,Wenatchee Heights,2017-12-01 13:56:34.998280
2016-08-08,19:30,56.4,56.4,48.0,73.2,0.0,SW@6.2,12.8,72.9,0.0,3,"Wenatchee Heights, Chelan County",330165,Wenatchee Heights,2017-12-01 13:56:34.998280
2016-08-08,19:45,56.2,56.3,47.8,73.1,0.0,W@5.0,8.5,72.9,0.0,1,"Wenatchee Heights, Chelan County",330165,Wenatchee Heights,2017-12-01 13:56:34.998280
2016-08-08,20:00,56.3,56.3,47.6,72.4,0.0,W@6.5,11.4,72.9,0.0,0,"Wenatchee Heights, Chelan County",330165,Wenatchee Heights,2017-12-01 13:56:34.998280
2016-08-08,20:15,55.7,55.7,47.7,74.4,0.0,SW@6.2,11.4,72.9,0.0,0,"Wenatchee Heights, Chelan County",330165,Wenatchee Heights,2017-12-01 13:56:34.998280
2016-08-08,20:30,55.7,55.7,47.5,73.8,0.0,SW@5.7,8.9,72.9,0.0,0,"Wenatchee Heights, Chelan County",330165,Wenatchee Heights,2017-12-01 13:56:34.998280
2016-08-08,20:45,55.6,55.7,47.3,73.4,0.0,SW@5.1,9.9,72.9,0.0,0,"Wenatchee Heights, Chelan County",330165,Wenatchee Heights,2017-12-01 13:56:34.998280
2016-08-08,21:00,55.5,55.5,47.1,73.2,0.0,SW@4.9,7.8,72.9,0.0,0,"Wenatchee Heights, Chelan County",330165,Wenatchee Heights,2017-12-01 13:56:34.998280
2016-08-08,21:15,55.5,55.5,46.8,72.5,0.0,SW@4.5,9.2,72.9,0.0,0,"Wenatchee Heights, Chelan County",330165,Wenatchee Heights,2017-12-01 13:56:34.998280
2016-08-08,21:30,55.5,55.5,46.6,72.0,0.0,SW@5.7,11.0,72.9,0.0,0,"Wenatchee Heights, Chelan County",330165,Wenatchee Heights,2017-12-01 13:56:34.998280
2016-08-08,21:45,55.8,55.8,46.2,70.1,0.0,SW@5.8,9.6,72.8,0.0,0,"Wenatchee Heights, Chelan County",330165,Wenatchee Heights,2017-12-01 13:56:34.998280
2016-08-08,22:00,56.0,56.0,45.6,68.1,0.0,SW@5.5,9.9,72.8,0.0,0,"Wenatchee Heights, Chelan County",330165,Wenatchee Heights,2017-12-01 13:56:34.998280
2016-08-08,22:15,55.9,55.9,45.3,67.4,0.0,SW@4.5,7.8,72.8,0.0,0,"Wenatchee Heights, Chelan County",330165,Wenatchee Heights,2017-12-01 13:56:34.998280
2016-08-08,22:30,56.1,56.1,44.9,65.8,0.0,SW@4.5,8.5,72.7,0.0,0,"Wenatchee Heights, Chelan County",330165,Wenatchee Heights,2017-12-01 13:56:34.998280
2016-08-08,22:45,56.1,56.2,44.5,64.8,0.0,SW@4.7,9.2,72.7,0.0,0,"Wenatchee Heights, Chelan County",330165,Wenatchee Heights,2017-12-01 13:56:34.998280
2016-08-08,23:00,56.5,56.6,44.4,63.6,0.0,SW@5.4,11.0,72.7,0.0,0,"Wenatchee Heights, Chelan County",330165,Wenatchee Heights,2017-12-01 13:56:34.998280
2016-08-09,23:15,56.5,56.6,44.4,63.7,0.0,SW@5.2,8.5,72.6,0.0,0,"Wenatchee Heights, Chelan County",330165,Wenatchee Heights,2017-12-01 13:56:34.998280
2016-08-09,23:30,56.5,56.5,44.4,63.8,0.0,SW@4.7,9.6,72.6,0.0,0,"Wenatchee Heights, Chelan County",330165,Wenatchee Heights,2017-12-01 13:56:34.998280
2016-08-09,23:45,56.5,56.5,44.4,63.8,0.0,SW@5.4,10.7,72.5,0.0,0,"Wenatchee Heights, Chelan County",330165,Wenatchee Heights,2017-12-01 13:56:34.998280
2016-08-09,24:00,56.5,56.5,44.3,63.6,0.0,SW@4.5,11.0,72.5,0.0,0,"Wenatchee Heights, Chelan County",330165,Wenatchee Heights,2017-12-01 13:56:34.998280
2016-08-09,00:15,56.2,56.2,44.3,64.3,0.0,SW@3.8,6.0,72.4,0.0,0,"Wenatchee Heights, Chelan County",330165,Wenatchee Heights,2017-12-01 13:56:34.998280
2016-08-09,00:30,55.5,55.4,44.5,66.4,0.0,SW@3.2,4.9,72.3,0.0,0,"Wenatchee Heights, Chelan County",330165,Wenatchee Heights,2017-12-01 13:56:34.998280
2016-08-09,00:45,54.5,54.5,44.7,69.2,0.0,SW@3.3,5.7,72.3,0.0,0,"Wenatchee Heights, Chelan County",330165,Wenatchee Heights,2017-12-01 13:56:34.998280
2016-08-09,01:00,54.4,54.3,44.5,69.1,0.0,SW@3.8,5.7,72.2,0.0,0,"Wenatchee Heights, Chelan County",330165,Wenatchee Heights,2017-12-01 13:56:34.998280
2016-08-09,01:15,54.3,54.2,44.4,69.2,0.0,SW@2.8,4.2,72.2,0.0,0,"Wenatchee Heights, Chelan County",330165,Wenatchee Heights,2017-12-01 13:56:34.998280
2016-08-09,01:30,54.2,54.1,44.6,69.9,0.0,S@2.4,4.2,72.1,0.0,0,"Wenatchee Heights, Chelan County",330165,Wenatchee Heights,2017-12-01 13:56:34.998280
2016-08-09,01:45,53.6,53.5,44.6,71.4,0.0,SW@2.8,3.9,72.1,0.0,0,"Wenatchee Heights, Chelan County",330165,Wenatchee Heights,2017-12-01 13:56:34.998280
2016-08-09,02:00,54.5,54.4,44.5,68.9,0.0,SW@3.8,4.9,72.0,0.0,0,"Wenatchee Heights, Chelan County",330165,Wenatchee Heights,2017-12-01 13:56:34.998280
2016-08-09,02:15,54.9,54.8,44.8,68.6,0.0,SW@2.8,4.9,71.9,0.0,0,"Wenatchee Heights, Chelan County",330165,Wenatchee Heights,2017-12-01 13:56:34.998280
2016-08-09,02:30,54.7,54.6,44.8,69.3,0.0,SW@2.8,3.9,71.9,0.0,0,"Wenatchee Heights, Chelan County",330165,Wenatchee Heights,2017-12-01 13:56:34.998280
2016-08-09,02:45,53.8,53.6,44.9,72.0,0.0,S@2.7,4.2,71.8,0.0,0,"Wenatchee Heights, Chelan County",330165,Wenatchee Heights,2017-12-01 13:56:34.998280
2016-08-09,03:00,54.2,54.1,44.8,70.3,0.0,S@1.7,4.2,71.7,0.0,0,"Wenatchee Heights, Chelan County",330165,Wenatchee Heights,2017-12-01 13:56:34.998280
2016-08-09,03:15,53.4,53.4,44.9,72.6,0.0,S@2.0,4.2,71.7,0.0,0,"Wenatchee Heights, Chelan County",330165,Wenatchee Heights,2017-12-01 13:56:34.998280
2016-08-09,03:30,54.0,53.9,44.6,70.4,0.0,S@4.0,6.0,71.6,0.0,0,"Wenatchee Heights, Chelan County",330165,Wenatchee Heights,2017-12-01 13:56:34.998280
2016-08-09,03:45,54.0,53.9,44.5,70.1,0.0,SW@4.1,6.0,71.5,0.0,0,"Wenatchee Heights, Chelan County",330165,Wenatchee Heights,2017-12-01 13:56:34.998280
2016-08-09,04:00,54.1,54.0,44.4,69.8,0.0,S@4.2,5.7,71.5,0.0,0,"Wenatchee Heights, Chelan County",330165,Wenatchee Heights,2017-12-01 13:56:34.998280
2016-08-09,04:15,53.2,53.2,44.5,72.2,0.0,S@3.4,5.3,71.4,0.0,0,"Wenatchee Heights, Chelan County",330165,Wenatchee Heights,2017-12-01 13:56:34.998280
2016-08-09,04:30,53.4,53.4,44.5,71.7,0.0,SW@4.9,7.1,71.3,0.0,0,"Wenatchee Heights, Chelan County",330165,Wenatchee Heights,2017-12-01 13:56:34.998280
2016-08-09,04:45,54.1,54.0,44.6,70.2,0.0,SW@4.6,7.8,71.3,0.0,1,"Wenatchee Heights, Chelan County",330165,Wenatchee Heights,2017-12-01 13:56:34.998280
2016-08-09,05:00,54.6,54.6,44.5,68.6,0.0,SW@4.3,8.9,71.2,0.0,3,"Wenatchee Heights, Chelan County",330165,Wenatchee Heights,2017-12-01 13:56:34.998280
2016-08-09,05:15,53.8,53.7,44.7,71.0,0.0,SW@3.1,4.6,71.1,0.0,8,"Wenatchee Heights, Chelan County",330165,Wenatchee Heights,2017-12-01 13:56:34.998280
2016-08-09,05:30,52.3,52.1,44.9,75.8,0.0,S@3.5,4.6,71.1,0.0,17,"Wenatchee Heights, Chelan County",330165,Wenatchee Heights,2017-12-01 13:56:34.998280
2016-08-09,05:45,52.4,52.3,44.9,75.4,0.0,SW@3.8,5.7,71.0,0.0,21,"Wenatchee Heights, Chelan County",330165,Wenatchee Heights,2017-12-01 13:56:34.998280
2016-08-09,06:00,53.4,53.3,44.9,72.9,0.0,SW@4.0,6.4,70.9,0.0,37,"Wenatchee Heights, Chelan County",330165,Wenatchee Heights,2017-12-01 13:56:34.998280
2016-08-09,06:15,54.8,54.8,44.7,68.5,0.0,SW@4.3,7.1,70.9,0.0,28,"Wenatchee Heights, Chelan County",330165,Wenatchee Heights,2017-12-01 13:56:34.998280
2016-08-09,06:30,55.7,55.7,44.7,66.5,0.0,SW@3.8,6.4,70.8,0.0,32,"Wenatchee Heights, Chelan County",330165,Wenatchee Heights,2017-12-01 13:56:34.998280
2016-08-09,06:45,56.4,56.3,44.7,64.9,0.0,SW@4.0,8.2,70.8,0.0,40,"Wenatchee Heights, Chelan County",330165,Wenatchee Heights,2017-12-01 13:56:34.998280
2016-08-09,07:00,56.3,56.2,45.0,65.7,0.0,SW@4.3,7.1,70.7,0.0,40,"Wenatchee Heights, Chelan County",330165,Wenatchee Heights,2017-12-01 13:56:34.998280
2016-08-09,07:15,56.8,56.8,44.9,64.3,0.0,SW@4.4,7.4,70.6,0.0,63,"Wenatchee Heights, Chelan County",330165,Wenatchee Heights,2017-12-01 13:56:34.998280
2016-08-09,07:30,56.9,56.9,45.1,64.6,0.0,SW@5.6,10.7,70.6,0.0,101,"Wenatchee Heights, Chelan County",330165,Wenatchee Heights,2017-12-01 13:56:34.998280
2016-08-09,07:45,57.5,57.5,45.2,63.4,0.0,SW@5.6,8.9,70.5,0.0,110,"Wenatchee Heights, Chelan County",330165,Wenatchee Heights,2017-12-01 13:56:34.998280
2016-08-09,08:00,57.9,57.8,45.2,62.4,0.0,SW@4.0,7.4,70.4,0.0,100,"Wenatchee Heights, Chelan County",330165,Wenatchee Heights,2017-12-01 13:56:34.998280
2016-08-09,08:15,57.9,57.9,45.1,62.2,0.0,SW@4.7,8.2,70.4,0.0,97,"Wenatchee Heights, Chelan County",330165,Wenatchee Heights,2017-12-01 13:56:34.998280
2016-08-09,08:30,60.1,59.9,45.8,59.0,0.0,SW@3.5,8.2,70.3,0.0,522,"Wenatchee Heights, Chelan County",330165,Wenatchee Heights,2017-12-01 13:56:34.998280
2016-08-09,08:45,63.3,62.8,45.1,51.5,0.0,W@3.3,6.0,70.2,0.0,619,"Wenatchee Heights, Chelan County",330165,Wenatchee Heights,2017-12-01 13:56:34.998280
2016-08-09,09:00,64.5,63.9,45.2,49.5,0.0,N@2.9,4.9,70.2,0.0,644,"Wenatchee Heights, Chelan County",330165,Wenatchee Heights,2017-12-01 13:56:34.998280
2016-08-09,09:15,65.4,65.1,45.1,47.8,0.0,N@4.2,6.7,70.1,0.0,685,"Wenatchee Heights, Chelan County",330165,Wenatchee Heights,2017-12-01 13:56:34.998280
2016-08-09,09:30,65.8,65.2,45.2,47.3,0.0,N@4.0,6.4,70.1,0.0,637,"Wenatchee Heights, Chelan County",330165,Wenatchee Heights,2017-12-01 13:56:34.998280
2016-08-09,09:45,65.8,64.7,45.9,48.6,0.0,N@4.4,6.0,70.0,0.0,653,"Wenatchee Heights, Chelan County",330165,Wenatchee Heights,2017-12-01 13:56:34.998280
2016-08-09,10:00,66.8,65.8,45.0,45.3,0.0,NW@4.4,7.4,70.0,0.0,755,"Wenatchee Heights, Chelan County",330165,Wenatchee Heights,2017-12-01 13:56:34.998280
2016-08-09,10:15,67.4,66.7,44.4,43.4,0.0,N@4.3,7.4,69.9,0.0,797,"Wenatchee Heights, Chelan County",330165,Wenatchee Heights,2017-12-01 13:56:34.998280
2016-08-09,10:30,68.9,68.5,45.0,42.1,0.0,N@4.7,7.4,69.9,0.0,812,"Wenatchee Heights, Chelan County",330165,Wenatchee Heights,2017-12-01 13:56:34.998280
2016-08-09,10:45,68.9,68.2,44.6,41.4,0.0,NW@4.1,8.2,69.8,0.0,825,"Wenatchee Heights, Chelan County",330165,Wenatchee Heights,2017-12-01 13:56:34.998280
2016-08-09,11:00,69.2,69.1,43.0,38.7,0.0,N@4.2,7.4,69.8,0.0,838,"Wenatchee Heights, Chelan County",330165,Wenatchee Heights,2017-12-01 13:56:34.998280
2016-08-09,11:15,70.6,70.4,42.6,36.3,0.0,NE@4.0,8.2,69.8,0.0,850,"Wenatchee Heights, Chelan County",330165,Wenatchee Heights,2017-12-01 13:56:34.998280
2016-08-09,11:30,71.9,71.4,44.0,36.6,0.0,N@5.2,9.9,69.8,0.0,861,"Wenatchee Heights, Chelan County",330165,Wenatchee Heights,2017-12-01 13:56:34.998280
2016-08-09,11:45,71.2,71.0,44.7,38.6,0.0,E@5.7,11.0,69.8,0.0,871,"Wenatchee Heights, Chelan County",330165,Wenatchee Heights,2017-12-01 13:56:34.998280
2016-08-09,12:00,70.4,70.0,44.1,38.7,0.0,E@5.8,10.7,69.8,0.0,872,"Wenatchee Heights, Chelan County",330165,Wenatchee Heights,2017-12-01 13:56:34.998280
2016-08-09,12:15,71.0,70.6,45.2,39.5,0.0,E@5.9,12.4,69.8,0.0,872,"Wenatchee Heights, Chelan County",330165,Wenatchee Heights,2017-12-01 13:56:34.998280
2016-08-09,12:30,71.7,71.3,45.8,39.6,0.0,SE@4.8,9.9,69.9,0.0,872,"Wenatchee Heights, Chelan County",330165,Wenatchee Heights,2017-12-01 13:56:34.998280
2016-08-09,12:45,72.1,71.7,45.3,38.1,0.0,SE@5.4,12.1,69.9,0.0,869,"Wenatchee Heights, Chelan County",330165,Wenatchee Heights,2017-12-01 13:56:34.998280
2016-08-09,13:00,72.5,72.0,44.5,36.5,0.0,E@6.3,12.8,70.0,0.0,881,"Wenatchee Heights, Chelan County",330165,Wenatchee Heights,2017-12-01 13:56:34.998280
2016-08-09,13:15,74.2,73.7,44.9,35.0,0.0,E@5.6,11.4,70.0,0.0,990,"Wenatchee Heights, Chelan County",330165,Wenatchee Heights,2017-12-01 13:56:34.998280
2016-08-09,13:30,74.5,74.0,44.2,33.8,0.0,E@6.5,12.1,70.1,0.0,839,"Wenatchee Heights, Chelan County",330165,Wenatchee Heights,2017-12-01 13:56:34.998280
2016-08-09,13:45,71.3,71.1,43.7,37.0,0.0,NE@6.7,11.0,70.2,0.0,450,"Wenatchee Heights, Chelan County",330165,Wenatchee Heights,2017-12-01 13:56:34.998280
2016-08-09,14:00,71.3,71.0,44.6,38.3,0.0,E@5.2,11.0,70.3,0.0,416,"Wenatchee Heights, Chelan County",330165,Wenatchee Heights,2017-12-01 13:56:34.998280
2016-08-09,14:15,73.0,72.5,44.4,35.9,0.0,S@4.6,16.4,70.5,0.0,779,"Wenatchee Heights, Chelan County",330165,Wenatchee Heights,2017-12-01 13:56:34.998280
2016-08-09,14:30,74.6,74.4,44.2,33.6,0.0,NE@4.0,8.5,70.6,0.0,735,"Wenatchee Heights, Chelan County",330165,Wenatchee Heights,2017-12-01 13:56:34.998280
2016-08-09,14:45,75.0,74.9,44.4,33.4,0.0,NE@4.2,10.3,70.7,0.0,714,"Wenatchee Heights, Chelan County",330165,Wenatchee Heights,2017-12-01 13:56:34.998280
2016-08-09,15:00,75.9,75.4,44.8,33.0,0.0,N@5.5,10.3,70.8,0.0,684,"Wenatchee Heights, Chelan County",330165,Wenatchee Heights,2017-12-01 13:56:34.998280
2016-08-09,15:15,74.4,73.9,45.1,35.1,0.0,E@8.0,13.9,71.0,0.0,656,"Wenatchee Heights, Chelan County",330165,Wenatchee Heights,2017-12-01 13:56:34.998280
2016-08-09,15:30,72.0,71.9,45.0,37.9,0.0,E@6.3,11.4,71.1,0.0,212,"Wenatchee Heights, Chelan County",330165,Wenatchee Heights,2017-12-01 13:56:34.998280
2016-08-09,15:45,70.1,70.1,44.9,40.2,0.0,E@4.4,9.9,71.2,0.0,125,"Wenatchee Heights, Chelan County",330165,Wenatchee Heights,2017-12-01 13:56:34.998280
2016-08-09,16:00,69.8,69.8,45.0,40.9,0.0,E@4.7,9.2,71.3,0.0,71,"Wenatchee Heights, Chelan County",330165,Wenatchee Heights,2017-12-01 13:56:34.998280
2016-08-09,16:15,69.9,69.9,44.5,40.0,0.0,NE@4.2,8.2,71.5,0.0,74,"Wenatchee Heights, Chelan County",330165,Wenatchee Heights,2017-12-01 13:56:34.998280
2016-08-09,16:30,70.0,70.0,46.2,42.6,0.0,E@1.2,4.9,71.6,0.0,87,"Wenatchee Heights, Chelan County",330165,Wenatchee Heights,2017-12-01 13:56:34.998280
2016-08-09,16:45,70.9,70.9,45.6,40.3,0.0,NE@1.5,3.5,71.7,0.0,208,"Wenatchee Heights, Chelan County",330165,Wenatchee Heights,2017-12-01 13:56:34.998280
2016-08-09,17:00,72.3,72.3,44.5,36.9,0.0,N@4.4,7.4,71.9,0.0,152,"Wenatchee Heights, Chelan County",330165,Wenatchee Heights,2017-12-01 13:56:34.998280
2016-08-09,17:15,71.6,71.5,44.1,37.2,0.0,N@4.0,6.7,72.0,0.0,200,"Wenatchee Heights, Chelan County",330165,Wenatchee Heights,2017-12-01 13:56:34.998280
2016-08-09,17:30,72.8,72.6,43.9,35.5,0.0,N@7.8,16.4,72.1,0.0,184,"Wenatchee Heights, Chelan County",330165,Wenatchee Heights,2017-12-01 13:56:34.998280
2016-08-09,17:45,71.9,71.6,43.3,35.6,0.0,NW@9.0,14.6,72.3,0.0,235,"Wenatchee Heights, Chelan County",330165,Wenatchee Heights,2017-12-01 13:56:34.998280
2016-08-09,18:00,70.6,70.5,43.0,36.8,0.0,N@8.9,13.5,72.4,0.0,155,"Wenatchee Heights, Chelan County",330165,Wenatchee Heights,2017-12-01 13:56:34.998280
2016-08-09,18:15,70.9,70.8,43.0,36.5,0.0,N@9.6,15.0,72.5,0.0,180,"Wenatchee Heights, Chelan County",330165,Wenatchee Heights,2017-12-01 13:56:34.998280
2016-08-09,18:30,70.2,69.9,43.1,37.4,0.0,N@9.7,17.5,72.6,0.0,74,"Wenatchee Heights, Chelan County",330165,Wenatchee Heights,2017-12-01 13:56:34.998280
2016-08-09,18:45,69.2,69.2,42.7,38.3,0.0,N@11.2,16.7,72.7,0.0,107,"Wenatchee Heights, Chelan County",330165,Wenatchee Heights,2017-12-01 13:56:34.998280
2016-08-09,19:00,68.4,68.2,42.8,39.3,0.0,N@10.3,15.7,72.7,0.0,68,"Wenatchee Heights, Chelan County",330165,Wenatchee Heights,2017-12-01 13:56:34.998280
2016-08-09,19:15,67.0,67.0,42.6,41.0,0.0,N@9.8,17.1,72.8,0.0,26,"Wenatchee Heights, Chelan County",330165,Wenatchee Heights,2017-12-01 13:56:34.998280
2016-08-09,19:30,66.4,66.4,42.4,41.6,0.0,NW@8.7,16.4,72.9,0.0,6,"Wenatchee Heights, Chelan County",330165,Wenatchee Heights,2017-12-01 13:56:34.998280
2016-08-09,19:45,65.9,66.0,42.4,42.3,0.0,NW@7.3,14.2,72.9,0.0,1,"Wenatchee Heights, Chelan County",330165,Wenatchee Heights,2017-12-01 13:56:34.998280
2016-08-09,20:00,65.1,65.1,42.5,43.6,0.0,W@4.6,9.2,73.0,0.0,0,"Wenatchee Heights, Chelan County",330165,Wenatchee Heights,2017-12-01 13:56:34.998280
2016-08-09,20:15,64.9,65.0,42.2,43.4,0.0,W@5.3,9.6,73.0,0.0,0,"Wenatchee Heights, Chelan County",330165,Wenatchee Heights,2017-12-01 13:56:34.998280
2016-08-09,20:30,64.5,64.5,42.0,43.7,0.0,W@4.2,7.8,73.1,0.0,0,"Wenatchee Heights, Chelan County",330165,Wenatchee Heights,2017-12-01 13:56:34.998280
2016-08-09,20:45,63.7,63.8,42.1,45.3,0.0,W@3.3,7.1,73.1,0.0,0,"Wenatchee Heights, Chelan County",330165,Wenatchee Heights,2017-12-01 13:56:34.998280
2016-08-09,21:00,63.5,63.5,42.5,46.2,0.0,W@4.0,8.5,73.1,0.0,0,"Wenatchee Heights, Chelan County",330165,Wenatchee Heights,2017-12-01 13:56:34.998280
2016-08-09,21:15,63.0,63.0,43.0,47.9,0.0,NW@4.6,9.2,73.2,0.0,0,"Wenatchee Heights, Chelan County",330165,Wenatchee Heights,2017-12-01 13:56:34.998280
2016-08-09,21:30,61.3,61.4,43.7,52.3,0.0,NW@2.2,4.9,73.2,0.0,0,"Wenatchee Heights, Chelan County",330165,Wenatchee Heights,2017-12-01 13:56:34.998280
2016-08-09,21:45,61.8,61.9,44.0,51.8,0.0,SW@4.3,12.1,73.2,0.0,0,"Wenatchee Heights, Chelan County",330165,Wenatchee Heights,2017-12-01 13:56:34.998280
2016-08-09,22:00,62.1,62.1,44.4,52.2,0.0,W@6.8,13.9,73.2,0.0,0,"Wenatchee Heights, Chelan County",330165,Wenatchee Heights,2017-12-01 13:56:34.998280
2016-08-09,22:15,61.8,61.9,44.5,52.9,0.0,W@6.4,13.5,73.2,0.0,0,"Wenatchee Heights, Chelan County",330165,Wenatchee Heights,2017-12-01 13:56:34.998280
2016-08-09,22:30,61.5,61.6,44.8,54.0,0.0,W@7.0,12.1,73.2,0.0,0,"Wenatchee Heights, Chelan County",330165,Wenatchee Heights,2017-12-01 13:56:34.998280
2016-08-09,22:45,61.3,61.3,44.9,54.8,0.0,SW@6.8,13.2,73.2,0.0,0,"Wenatchee Heights, Chelan County",330165,Wenatchee Heights,2017-12-01 13:56:34.998280
2016-08-09,23:00,61.2,61.2,44.9,55.0,0.0,W@7.2,15.0,73.2,0.0,0,"Wenatchee Heights, Chelan County",330165,Wenatchee Heights,2017-12-01 13:56:34.998280
2016-08-10,23:15,61.1,61.1,45.0,55.3,0.0,W@6.5,12.8,73.2,0.0,0,"Wenatchee Heights, Chelan County",330165,Wenatchee Heights,2017-12-01 13:56:34.998280
2016-08-10,23:30,60.5,60.5,45.0,56.6,0.0,SW@4.4,8.5,73.1,0.0,0,"Wenatchee Heights, Chelan County",330165,Wenatchee Heights,2017-12-01 13:56:34.998280
2016-08-10,23:45,60.9,60.9,45.1,55.9,0.0,W@5.5,13.9,73.1,0.0,0,"Wenatchee Heights, Chelan County",330165,Wenatchee Heights,2017-12-01 13:56:34.998280
2016-08-10,24:00,60.8,60.8,45.3,56.6,0.0,W@6.5,12.1,73.1,0.0,0,"Wenatchee Heights, Chelan County",330165,Wenatchee Heights,2017-12-01 13:56:34.998280
2016-08-10,00:15,60.6,60.7,45.5,57.3,0.0,W@6.3,12.1,73.1,0.0,0,"Wenatchee Heights, Chelan County",330165,Wenatchee Heights,2017-12-01 13:56:34.998280
2016-08-10,00:30,60.6,60.7,45.7,57.8,0.0,W@8.4,14.2,73.0,0.0,0,"Wenatchee Heights, Chelan County",330165,Wenatchee Heights,2017-12-01 13:56:34.998280
2016-08-10,00:45,60.5,60.5,45.8,58.3,0.0,W@6.7,12.8,73.0,0.0,0,"Wenatchee Heights, Chelan County",330165,Wenatchee Heights,2017-12-01 13:56:34.998280
2016-08-10,01:00,59.8,59.8,45.8,59.9,0.0,SW@4.8,9.2,72.9,0.0,0,"Wenatchee Heights, Chelan County",330165,Wenatchee Heights,2017-12-01 13:56:34.998280
2016-08-10,01:15,59.8,59.8,46.0,60.3,0.0,SW@5.1,8.9,72.9,0.0,0,"Wenatchee Heights, Chelan County",330165,Wenatchee Heights,2017-12-01 13:56:34.998280
2016-08-10,01:30,59.6,59.7,46.1,60.7,0.0,SW@4.7,8.5,72.8,0.0,0,"Wenatchee Heights, Chelan County",330165,Wenatchee Heights,2017-12-01 13:56:34.998280
2016-08-10,01:45,59.9,59.9,46.1,60.1,0.0,SW@4.7,8.9,72.8,0.0,0,"Wenatchee Heights, Chelan County",330165,Wenatchee Heights,2017-12-01 13:56:34.998280
2016-08-10,02:00,59.8,59.8,46.1,60.5,0.0,SW@4.8,9.9,72.7,0.0,0,"Wenatchee Heights, Chelan County",330165,Wenatchee Heights,2017-12-01 13:56:34.998280
2016-08-10,02:15,59.8,59.8,46.1,60.3,0.0,W@4.5,7.8,72.7,0.0,0,"Wenatchee Heights, Chelan County",330165,Wenatchee Heights,2017-12-01 13:56:34.998280
2016-08-10,02:30,59.9,60.0,46.1,60.1,0.0,W@4.5,8.9,72.6,0.0,0,"Wenatchee Heights, Chelan County",330165,Wenatchee Heights,2017-12-01 13:56:34.998280
2016-08-10,02:45,60.0,60.0,46.2,60.3,0.0,SW@4.8,8.9,72.5,0.0,0,"Wenatchee Heights, Chelan County",330165,Wenatchee Heights,2017-12-01 13:56:34.998280
2016-08-10,03:00,60.0,60.1,46.3,60.5,0.0,SW@5.4,11.7,72.5,0.0,0,"Wenatchee Heights, Chelan County",330165,Wenatchee Heights,2017-12-01 13:56:34.998280
2016-08-10,03:15,60.0,60.1,46.4,60.5,0.0,SW@4.8,8.9,72.4,0.0,0,"Wenatchee Heights, Chelan County",330165,Wenatchee Heights,2017-12-01 13:56:34.998280
2016-08-10,03:30,60.0,60.0,46.4,60.6,0.0,SW@4.7,8.2,72.4,0.0,0,"Wenatchee Heights, Chelan County",330165,Wenatchee Heights,2017-12-01 13:56:34.998280
2016-08-10,03:45,59.8,59.8,46.3,60.9,0.0,W@3.4,7.1,72.3,0.0,0,"Wenatchee Heights, Chelan County",330165,Wenatchee Heights,2017-12-01 13:56:34.998280
2016-08-10,04:00,60.2,60.3,46.2,59.7,0.0,SW@4.6,9.2,72.2,0.0,0,"Wenatchee Heights, Chelan County",330165,Wenatchee Heights,2017-12-01 13:56:34.998280
2016-08-10,04:15,60.2,60.2,46.3,60.0,0.0,SW@4.9,8.2,72.2,0.0,0,"Wenatchee Heights, Chelan County",330165,Wenatchee Heights,2017-12-01 13:56:34.998280
2016-08-10,04:30,60.1,60.1,46.3,60.1,0.0,SW@4.2,8.2,72.1,0.0,0,"Wenatchee Heights, Chelan County",330165,Wenatchee Heights,2017-12-01 13:56:34.998280
2016-08-10,04:45,60.1,60.1,46.3,60.2,0.0,SW@4.4,8.5,72.1,0.0,1,"Wenatchee Heights, Chelan County",330165,Wenatchee Heights,2017-12-01 13:56:34.998280
2016-08-10,05:00,59.7,59.8,46.3,61.1,0.0,W@3.6,7.1,72.0,0.0,4,"Wenatchee Heights, Chelan County",330165,Wenatchee Heights,2017-12-01 13:56:34.998280
2016-08-10,05:15,59.2,59.1,46.4,62.4,0.0,SW@3.5,6.4,71.9,0.0,13,"Wenatchee Heights, Chelan County",330165,Wenatchee Heights,2017-12-01 13:56:34.998280
2016-08-10,05:30,58.6,58.5,46.7,64.6,0.0,SW@3.0,4.9,71.9,0.0,23,"Wenatchee Heights, Chelan County",330165,Wenatchee Heights,2017-12-01 13:56:34.998280
2016-08-10,05:45,58.1,58.0,47.0,66.6,0.0,SW@2.9,5.3,71.8,0.0,37,"Wenatchee Heights, Chelan County",330165,Wenatchee Heights,2017-12-01 13:56:34.998280
2016-08-10,06:00,59.1,58.9,47.2,64.6,0.0,SW@3.5,6.0,71.7,0.0,122,"Wenatchee Heights, Chelan County",330165,Wenatchee Heights,2017-12-01 13:56:34.998280
2016-08-10,06:15,60.2,60.0,47.3,62.5,0.0,SW@3.1,4.6,71.7,0.0,152,"Wenatchee Heights, Chelan County",330165,Wenatchee Heights,2017-12-01 13:56:34.998280
2016-08-10,06:30,61.6,61.3,47.2,59.0,0.0,W@2.2,4.6,71.6,0.0,203,"Wenatchee Heights, Chelan County",330165,Wenatchee Heights,2017-12-01 13:56:34.998280
2016-08-10,06:45,63.0,62.8,47.1,56.1,0.0,SW@1.5,4.2,71.6,0.0,250,"Wenatchee Heights, Chelan County",330165,Wenatchee Heights,2017-12-01 13:56:34.998280
2016-08-10,07:00,63.9,63.6,46.9,53.8,0.0,N@2.3,4.6,71.5,0.0,297,"Wenatchee Heights, Chelan County",330165,Wenatchee Heights,2017-12-01 13:56:34.998280
2016-08-10,07:15,64.8,64.4,47.0,52.4,0.0,N@2.1,4.9,71.4,0.0,345,"Wenatchee Heights, Chelan County",330165,Wenatchee Heights,2017-12-01 13:56:34.998280
2016-08-10,07:30,64.5,64.9,46.9,52.7,0.0,N@2.6,4.9,71.4,0.0,299,"Wenatchee Heights, Chelan County",330165,Wenatchee Heights,2017-12-01 13:56:34.998280
2016-08-10,07:45,65.1,65.1,46.9,51.6,0.0,N@2.7,4.6,71.3,0.0,392,"Wenatchee Heights, Chelan County",330165,Wenatchee Heights,2017-12-01 13:56:34.998280
2016-08-10,08:00,65.5,65.6,47.0,51.2,0.0,NE@3.7,5.3,71.2,0.0,414,"Wenatchee Heights, Chelan County",330165,Wenatchee Heights,2017-12-01 13:56:34.998280
2016-08-10,08:15,66.3,65.9,47.2,50.0,0.0,N@4.1,6.0,71.2,0.0,512,"Wenatchee Heights, Chelan County",330165,Wenatchee Heights,2017-12-01 13:56:34.998280
2016-08-10,08:30,67.1,66.5,47.2,48.7,0.0,N@4.6,7.1,71.1,0.0,559,"Wenatchee Heights, Chelan County",330165,Wenatchee Heights,2017-12-01 13:56:34.998280
2016-08-10,08:45,67.6,67.4,47.2,47.9,0.0,N@5.4,8.2,71.1,0.0,606,"Wenatchee Heights, Chelan County",330165,Wenatchee Heights,2017-12-01 13:56:34.998280
2016-08-10,09:00,67.5,67.4,47.2,48.0,0.0,N@4.9,7.1,71.0,0.0,482,"Wenatchee Heights, Chelan County",330165,Wenatchee Heights,2017-12-01 13:56:34.998280
2016-08-10,09:15,67.6,67.8,47.4,48.2,0.0,N@4.1,7.8,71.0,0.0,614,"Wenatchee Heights, Chelan County",330165,Wenatchee Heights,2017-12-01 13:56:34.998280
2016-08-10,09:30,69.4,68.9,47.9,46.1,0.0,N@4.5,7.4,70.9,0.0,675,"Wenatchee Heights, Chelan County",330165,Wenatchee Heights,2017-12-01 13:56:34.998280
2016-08-10,09:45,69.3,69.0,47.2,45.1,0.0,N@4.0,7.1,70.9,0.0,445,"Wenatchee Heights, Chelan County",330165,Wenatchee Heights,2017-12-01 13:56:34.998280
2016-08-10,10:00,68.7,68.7,46.8,45.3,0.0,N@3.8,6.4,70.8,0.0,449,"Wenatchee Heights, Chelan County",330165,Wenatchee Heights,2017-12-01 13:56:34.998280
2016-08-10,10:15,69.4,68.9,46.7,44.3,0.0,N@4.0,7.4,70.8,0.0,451,"Wenatchee Heights, Chelan County",330165,Wenatchee Heights,2017-12-01 13:56:34.998280
2016-08-10,10:30,70.3,69.8,46.9,43.2,0.0,N@4.7,7.8,70.8,0.0,729,"Wenatchee Heights, Chelan County",330165,Wenatchee Heights,2017-12-01 13:56:34.998280
2016-08-10,10:45,71.8,71.2,47.0,41.1,0.0,NW@4.8,8.9,70.8,0.0,818,"Wenatchee Heights, Chelan County",330165,Wenatchee Heights,2017-12-01 13:56:34.998280
2016-08-10,11:00,73.4,72.7,47.5,39.7,0.0,N@5.1,8.9,70.8,0.0,826,"Wenatchee Heights, Chelan County",330165,Wenatchee Heights,2017-12-01 13:56:34.998280
2016-08-10,11:15,73.7,73.4,48.0,40.1,0.0,NE@4.5,9.9,70.8,0.0,837,"Wenatchee Heights, Chelan County",330165,Wenatchee Heights,2017-12-01 13:56:34.998280
2016-08-10,11:30,74.2,74.0,48.0,39.6,0.0,NE@5.0,11.4,70.8,0.0,845,"Wenatchee Heights, Chelan County",330165,Wenatchee Heights,2017-12-01 13:56:34.998280
2016-08-10,11:45,74.4,74.1,47.7,38.8,0.0,E@5.8,9.6,70.8,0.0,852,"Wenatchee Heights, Chelan County",330165,Wenatchee Heights,2017-12-01 13:56:34.998280
2016-08-10,12:00,74.2,73.8,47.9,39.4,0.0,E@5.4,10.3,70.9,0.0,855,"Wenatchee Heights, Chelan County",330165,Wenatchee Heights,2017-12-01 13:56:34.998280
2016-08-10,12:15,75.0,74.6,47.5,37.8,0.0,E@5.3,11.4,70.9,0.0,857,"Wenatchee Heights, Chelan County",330165,Wenatchee Heights,2017-12-01 13:56:34.998280
2016-08-10,12:30,75.7,75.5,46.9,36.0,0.0,NE@5.8,11.4,70.9,0.0,854,"Wenatchee Heights, Chelan County",330165,Wenatchee Heights,2017-12-01 13:56:34.998280
2016-08-10,12:45,75.6,75.6,46.3,35.4,0.0,NE@6.1,12.1,71.0,0.0,848,"Wenatchee Heights, Chelan County",330165,Wenatchee Heights,2017-12-01 13:56:34.998280
2016-08-10,13:00,76.0,75.8,46.2,34.8,0.0,NE@6.2,11.4,71.0,0.0,839,"Wenatchee Heights, Chelan County",330165,Wenatchee Heights,2017-12-01 13:56:34.998280
2016-08-10,13:15,76.7,76.3,46.5,34.2,0.0,NE@5.3,11.4,71.1,0.0,830,"Wenatchee Heights, Chelan County",330165,Wenatchee Heights,2017-12-01 13:56:34.998280
2016-08-10,13:30,76.3,76.0,46.8,35.2,0.0,E@5.8,9.2,71.2,0.0,810,"Wenatchee Heights, Chelan County",330165,Wenatchee Heights,2017-12-01 13:56:34.998280
2016-08-10,13:45,76.7,76.3,47.1,35.0,0.0,E@6.1,11.4,71.3,0.0,797,"Wenatchee Heights, Chelan County",330165,Wenatchee Heights,2017-12-01 13:56:34.998280
2016-08-10,14:00,77.1,76.6,47.3,34.9,0.0,E@5.8,11.7,71.4,0.0,773,"Wenatchee Heights, Chelan County",330165,Wenatchee Heights,2017-12-01 13:56:34.998280
2016-08-10,14:15,78.3,77.8,47.0,33.2,0.0,E@6.7,12.1,71.5,0.0,748,"Wenatchee Heights, Chelan County",330165,Wenatchee Heights,2017-12-01 13:56:34.998280
2016-08-10,14:30,78.3,77.8,46.9,33.1,0.0,E@6.4,10.3,71.6,0.0,722,"Wenatchee Heights, Chelan County",330165,Wenatchee Heights,2017-12-01 13:56:34.998280
2016-08-10,14:45,78.2,77.8,47.2,33.4,0.0,E@6.2,11.4,71.7,0.0,695,"Wenatchee Heights, Chelan County",330165,Wenatchee Heights,2017-12-01 13:56:34.998280
2016-08-10,15:00,78.1,77.7,46.9,33.3,0.0,E@5.9,9.9,71.8,0.0,658,"Wenatchee Heights, Chelan County",330165,Wenatchee Heights,2017-12-01 13:56:34.998280
2016-08-10,15:15,78.0,77.8,47.3,33.8,0.0,E@4.7,9.2,72.0,0.0,474,"Wenatchee Heights, Chelan County",330165,Wenatchee Heights,2017-12-01 13:56:34.998280
2016-08-10,15:30,78.1,77.8,47.6,34.0,0.0,E@5.4,9.6,72.1,0.0,548,"Wenatchee Heights, Chelan County",330165,Wenatchee Heights,2017-12-01 13:56:34.998280
2016-08-10,15:45,79.0,78.7,47.6,33.1,0.0,E@5.0,11.7,72.2,0.0,558,"Wenatchee Heights, Chelan County",330165,Wenatchee Heights,2017-12-01 13:56:34.998280
2016-08-10,16:00,79.1,78.8,47.3,32.6,0.0,NE@6.2,11.4,72.4,0.0,521,"Wenatchee Heights, Chelan County",330165,Wenatchee Heights,2017-12-01 13:56:34.998280
2016-08-10,16:15,79.3,78.9,47.7,32.9,0.0,E@5.6,9.6,72.5,0.0,482,"Wenatchee Heights, Chelan County",330165,Wenatchee Heights,2017-12-01 13:56:34.998280
2016-08-10,16:30,78.8,78.4,47.4,33.1,0.0,E@6.5,11.4,72.6,0.0,440,"Wenatchee Heights, Chelan County",330165,Wenatchee Heights,2017-12-01 13:56:34.998280
2016-08-10,16:45,79.1,78.7,47.6,33.0,0.0,E@5.8,8.9,72.8,0.0,397,"Wenatchee Heights, Chelan County",330165,Wenatchee Heights,2017-12-01 13:56:34.998280
2016-08-10,17:00,78.4,78.1,47.9,34.2,0.0,E@4.8,8.5,72.9,0.0,354,"Wenatchee Heights, Chelan County",330165,Wenatchee Heights,2017-12-01 13:56:34.998280
2016-08-10,17:15,78.6,78.3,48.1,34.3,0.0,E@4.5,8.9,73.0,0.0,311,"Wenatchee Heights, Chelan County",330165,Wenatchee Heights,2017-12-01 13:56:34.998280
2016-08-10,17:30,79.0,78.8,48.5,34.4,0.0,SE@3.1,5.7,73.2,0.0,268,"Wenatchee Heights, Chelan County",330165,Wenatchee Heights,2017-12-01 13:56:34.998280
2016-08-10,17:45,78.5,78.2,48.8,35.3,0.0,SE@3.2,5.7,73.3,0.0,225,"Wenatchee Heights, Chelan County",330165,Wenatchee Heights,2017-12-01 13:56:34.998280
2016-08-10,18:00,77.8,77.7,49.1,36.4,0.0,SE@3.2,5.7,73.4,0.0,184,"Wenatchee Heights, Chelan County",330165,Wenatchee Heights,2017-12-01 13:56:34.998280
2016-08-10,18:15,76.3,76.8,49.3,38.7,0.0,SE@3.0,4.9,73.6,0.0,141,"Wenatchee Heights, Chelan County",330165,Wenatchee Heights,2017-12-01 13:56:34.998280
2016-08-10,18:30,75.3,75.5,50.1,41.2,0.0,SE@1.6,3.5,73.7,0.0,43,"Wenatchee Heights, Chelan County",330165,Wenatchee Heights,2017-12-01 13:56:34.998280
2016-08-10,18:45,73.5,73.6,51.2,45.6,0.0,S@1.9,3.5,73.8,0.0,67,"Wenatchee Heights, Chelan County",330165,Wenatchee Heights,2017-12-01 13:56:34.998280
2016-08-10,19:00,71.8,71.8,51.3,48.5,0.0,S@2.7,3.9,73.9,0.0,44,"Wenatchee Heights, Chelan County",330165,Wenatchee Heights,2017-12-01 13:56:34.998280
2016-08-10,19:15,69.4,69.3,50.9,51.7,0.0,S@2.3,4.2,74.0,0.0,10,"Wenatchee Heights, Chelan County",330165,Wenatchee Heights,2017-12-01 13:56:34.998280
2016-08-10,19:30,68.8,68.7,49.6,50.2,0.0,S@1.4,7.1,74.1,0.0,4,"Wenatchee Heights, Chelan County",330165,Wenatchee Heights,2017-12-01 13:56:34.998280
2016-08-10,19:45,71.3,71.3,48.6,44.6,0.0,N@4.8,8.2,74.1,0.0,1,"Wenatchee Heights, Chelan County",330165,Wenatchee Heights,2017-12-01 13:56:34.998280
2016-08-10,20:00,70.8,70.9,50.6,48.7,0.0,N@5.4,7.8,74.2,0.0,0,"Wenatchee Heights, Chelan County",330165,Wenatchee Heights,2017-12-01 13:56:34.998280
2016-08-10,20:15,69.9,69.9,51.0,51.1,0.0,NW@3.3,6.7,74.3,0.0,0,"Wenatchee Heights, Chelan County",330165,Wenatchee Heights,2017-12-01 13:56:34.998280
2016-08-10,20:30,67.0,67.0,51.5,57.2,0.0,S@1.4,3.9,74.4,0.0,0,"Wenatchee Heights, Chelan County",330165,Wenatchee Heights,2017-12-01 13:56:34.998280
2016-08-10,20:45,67.3,67.3,51.1,55.9,0.0,S@2.8,4.6,74.4,0.0,0,"Wenatchee Heights, Chelan County",330165,Wenatchee Heights,2017-12-01 13:56:34.998280
2016-08-10,21:00,66.5,66.5,51.2,57.8,0.0,S@3.6,5.7,74.5,0.0,0,"Wenatchee Heights, Chelan County",330165,Wenatchee Heights,2017-12-01 13:56:34.998280
2016-08-10,21:15,65.8,65.7,51.2,59.2,0.0,SW@1.7,2.8,74.5,0.0,0,"Wenatchee Heights, Chelan County",330165,Wenatchee Heights,2017-12-01 13:56:34.998280
2016-08-10,21:30,64.9,64.9,51.3,61.2,0.0,S@1.6,3.1,74.6,0.0,0,"Wenatchee Heights, Chelan County",330165,Wenatchee Heights,2017-12-01 13:56:34.998280
2016-08-10,21:45,63.3,63.4,51.3,64.8,0.0,S@1.4,3.5,74.6,0.0,0,"Wenatchee Heights, Chelan County",330165,Wenatchee Heights,2017-12-01 13:56:34.998280
2016-08-10,22:00,63.9,63.9,51.2,63.3,0.0,S@1.9,3.1,74.6,0.0,0,"Wenatchee Heights, Chelan County",330165,Wenatchee Heights,2017-12-01 13:56:34.998280
2016-08-10,22:15,62.4,62.4,51.4,67.3,0.0,S@0.1,2.1,74.6,0.0,0,"Wenatchee Heights, Chelan County",330165,Wenatchee Heights,2017-12-01 13:56:34.998280
2016-08-10,22:30,61.7,61.9,51.5,69.0,0.0,S@0.9,3.1,74.6,0.0,0,"Wenatchee Heights, Chelan County",330165,Wenatchee Heights,2017-12-01 13:56:34.998280
2016-08-10,22:45,60.2,60.2,51.4,72.6,0.0,SE@0.3,2.8,74.6,0.0,0,"Wenatchee Heights, Chelan County",330165,Wenatchee Heights,2017-12-01 13:56:34.998280
2016-08-10,23:00,63.2,63.1,50.6,63.3,0.0,SW@2.2,6.0,74.6,0.0,0,"Wenatchee Heights, Chelan County",330165,Wenatchee Heights,2017-12-01 13:56:34.998280
2016-08-11,23:15,64.4,64.4,50.1,59.7,0.0,SW@3.4,6.0,74.6,0.0,0,"Wenatchee Heights, Chelan County",330165,Wenatchee Heights,2017-12-01 13:56:34.998280
2016-08-11,23:30,62.7,62.7,50.4,64.2,0.0,S@2.7,4.9,74.6,0.0,0,"Wenatchee Heights, Chelan County",330165,Wenatchee Heights,2017-12-01 13:56:34.998280
2016-08-11,23:45,62.0,62.0,50.4,65.6,0.0,S@2.6,6.7,74.5,0.0,0,"Wenatchee Heights, Chelan County",330165,Wenatchee Heights,2017-12-01 13:56:34.998280
2016-08-11,24:00,64.0,64.0,50.1,60.5,0.0,SW@3.2,6.0,74.5,0.0,0,"Wenatchee Heights, Chelan County",330165,Wenatchee Heights,2017-12-01 13:56:34.998280
2016-08-11,00:15,61.5,61.4,50.4,66.9,0.0,S@2.2,4.9,74.5,0.0,0,"Wenatchee Heights, Chelan County",330165,Wenatchee Heights,2017-12-01 13:56:34.998280
2016-08-11,00:30,62.5,62.5,50.2,63.8,0.0,SW@3.8,8.9,74.5,0.0,0,"Wenatchee Heights, Chelan County",330165,Wenatchee Heights,2017-12-01 13:56:34.998280
2016-08-11,00:45,63.7,63.7,49.9,60.9,0.0,SW@3.9,7.4,74.4,0.0,0,"Wenatchee Heights, Chelan County",330165,Wenatchee Heights,2017-12-01 13:56:34.998280
2016-08-11,01:00,64.2,64.3,49.9,59.6,0.0,SW@4.3,8.2,74.4,0.0,0,"Wenatchee Heights, Chelan County",330165,Wenatchee Heights,2017-12-01 13:56:34.998280
2016-08-11,01:15,63.6,63.7,49.8,60.7,0.0,W@2.6,5.7,74.3,0.0,0,"Wenatchee Heights, Chelan County",330165,Wenatchee Heights,2017-12-01 13:56:34.998280
2016-08-11,01:30,61.7,61.6,50.0,65.4,0.0,SW@2.9,4.9,74.3,0.0,0,"Wenatchee Heights, Chelan County",330165,Wenatchee Heights,2017-12-01 13:56:34.998280
2016-08-11,01:45,60.8,60.8,49.9,67.2,0.0,SW@3.2,4.2,74.2,0.0,0,"Wenatchee Heights, Chelan County",330165,Wenatchee Heights,2017-12-01 13:56:34.998280
2016-08-11,02:00,60.7,60.7,49.9,67.4,0.0,S@1.7,3.1,74.1,0.0,0,"Wenatchee Heights, Chelan County",330165,Wenatchee Heights,2017-12-01 13:56:34.998280
2016-08-11,02:15,59.5,59.3,50.0,70.9,0.0,N@0.0,0.0,74.1,0.0,0,"Wenatchee Heights, Chelan County",330165,Wenatchee Heights,2017-12-01 13:56:34.998280
2016-08-11,02:30,59.5,59.4,49.9,70.3,0.0,S@0.4,3.9,74.0,0.0,0,"Wenatchee Heights, Chelan County",330165,Wenatchee Heights,2017-12-01 13:56:34.998280
2016-08-11,02:45,59.5,59.6,49.8,70.1,0.0,SE@0.0,1.4,73.9,0.0,0,"Wenatchee Heights, Chelan County",330165,Wenatchee Heights,2017-12-01 13:56:34.998280
2016-08-11,03:00,57.6,57.8,49.9,75.4,0.0,S@0.3,3.1,73.9,0.0,0,"Wenatchee Heights, Chelan County",330165,Wenatchee Heights,2017-12-01 13:56:34.998280
2016-08-11,03:15,57.4,57.6,49.8,75.5,0.0,SE@2.1,3.5,73.8,0.0,0,"Wenatchee Heights, Chelan County",330165,Wenatchee Heights,2017-12-01 13:56:34.998280
2016-08-11,03:30,57.6,57.9,49.9,75.4,0.0,SE@2.5,3.9,73.8,0.0,0,"Wenatchee Heights, Chelan County",330165,Wenatchee Heights,2017-12-01 13:56:34.998280
2016-08-11,03:45,57.2,57.4,50.0,76.9,0.0,SE@2.5,3.9,73.7,0.0,0,"Wenatchee Heights, Chelan County",330165,Wenatchee Heights,2017-12-01 13:56:34.998280
2016-08-11,04:00,57.0,57.2,49.9,77.2,0.01,SE@2.0,3.5,73.6,0.0,0,"Wenatchee Heights, Chelan County",330165,Wenatchee Heights,2017-12-01 13:56:34.998280
2016-08-11,04:15,57.0,57.1,49.8,77.0,0.07,SE@0.0,1.4,73.6,0.0,0,"Wenatchee Heights, Chelan County",330165,Wenatchee Heights,2017-12-01 13:56:34.998280
2016-08-11,04:30,57.0,56.8,49.9,76.8,0.08,N@0.0,0.0,73.5,0.0,0,"Wenatchee Heights, Chelan County",330165,Wenatchee Heights,2017-12-01 13:56:34.998280
2016-08-11,04:45,56.6,56.2,49.9,78.1,0.1,N@0.0,0.0,73.4,0.0,1,"Wenatchee Heights, Chelan County",330165,Wenatchee Heights,2017-12-01 13:56:34.998280
2016-08-11,05:00,57.9,57.4,49.9,74.5,0.12,N@0.0,0.0,73.4,0.0,4,"Wenatchee Heights, Chelan County",330165,Wenatchee Heights,2017-12-01 13:56:34.998280
2016-08-11,05:15,56.6,56.2,49.9,78.2,0.13,N@0.0,0.0,73.3,0.0,13,"Wenatchee Heights, Chelan County",330165,Wenatchee Heights,2017-12-01 13:56:34.998280
2016-08-11,05:30,57.1,57.1,49.8,76.6,0.13,S@0.7,2.8,73.2,0.0,38,"Wenatchee Heights, Chelan County",330165,Wenatchee Heights,2017-12-01 13:56:34.998280
2016-08-11,05:45,58.7,58.7,50.4,73.8,0.12,E@0.0,1.7,73.2,0.0,80,"Wenatchee Heights, Chelan County",330165,Wenatchee Heights,2017-12-01 13:56:34.998280
2016-08-11,06:00,60.5,60.2,50.4,69.2,0.1,N@0.0,0.0,73.1,0.0,112,"Wenatchee Heights, Chelan County",330165,Wenatchee Heights,2017-12-01 13:56:34.998280
2016-08-11,06:15,62.2,61.7,51.2,67.0,0.07,N@0.0,0.0,73.0,0.0,160,"Wenatchee Heights, Chelan County",330165,Wenatchee Heights,2017-12-01 13:56:34.998280
2016-08-11,06:30,64.1,63.1,51.6,63.8,0.02,N@0.0,0.0,72.9,0.0,201,"Wenatchee Heights, Chelan County",330165,Wenatchee Heights,2017-12-01 13:56:34.998280
2016-08-11,06:45,65.6,65.1,52.3,62.1,0.0,SE@1.4,3.9,72.9,0.0,244,"Wenatchee Heights, Chelan County",330165,Wenatchee Heights,2017-12-01 13:56:34.998280
2016-08-11,07:00,64.2,64.0,51.6,63.4,0.0,S@2.2,4.2,72.8,0.0,287,"Wenatchee Heights, Chelan County",330165,Wenatchee Heights,2017-12-01 13:56:34.998280
2016-08-11,07:15,65.9,65.1,51.0,58.6,0.0,NW@1.6,3.9,72.7,0.0,331,"Wenatchee Heights, Chelan County",330165,Wenatchee Heights,2017-12-01 13:56:34.998280
2016-08-11,07:30,66.3,65.9,50.9,57.4,0.0,N@2.5,4.2,72.6,0.0,375,"Wenatchee Heights, Chelan County",330165,Wenatchee Heights,2017-12-01 13:56:34.998280
2016-08-11,07:45,66.8,66.4,51.3,57.5,0.0,N@2.8,4.9,72.6,0.0,418,"Wenatchee Heights, Chelan County",330165,Wenatchee Heights,2017-12-01 13:56:34.998280
2016-08-11,08:00,66.5,66.1,51.3,58.1,0.0,N@2.9,4.2,72.5,0.0,460,"Wenatchee Heights, Chelan County",330165,Wenatchee Heights,2017-12-01 13:56:34.998280
2016-08-11,08:15,67.9,67.8,51.9,56.6,0.0,N@2.6,5.7,72.4,0.0,501,"Wenatchee Heights, Chelan County",330165,Wenatchee Heights,2017-12-01 13:56:34.998280
2016-08-11,08:30,69.2,69.0,52.1,54.4,0.0,NE@2.1,4.2,72.4,0.0,540,"Wenatchee Heights, Chelan County",330165,Wenatchee Heights,2017-12-01 13:56:34.998280
2016-08-11,08:45,69.9,69.7,51.9,52.7,0.0,W@2.4,4.2,72.3,0.0,578,"Wenatchee Heights, Chelan County",330165,Wenatchee Heights,2017-12-01 13:56:34.998280
2016-08-11,09:00,69.6,69.1,51.9,53.4,0.0,NW@3.1,3.9,72.2,0.0,615,"Wenatchee Heights, Chelan County",330165,Wenatchee Heights,2017-12-01 13:56:34.998280
2016-08-11,09:15,71.8,71.6,52.4,50.4,0.0,NW@3.1,4.6,72.2,0.0,649,"Wenatchee Heights, Chelan County",330165,Wenatchee Heights,2017-12-01 13:56:34.998280
2016-08-11,09:30,72.1,71.0,52.3,49.8,0.0,NW@4.1,5.7,72.1,0.0,681,"Wenatchee Heights, Chelan County",330165,Wenatchee Heights,2017-12-01 13:56:34.998280
2016-08-11,09:45,72.3,71.1,52.3,49.2,0.0,NW@4.3,6.0,72.1,0.0,710,"Wenatchee Heights, Chelan County",330165,Wenatchee Heights,2017-12-01 13:56:34.998280
2016-08-11,10:00,73.5,72.6,52.3,47.3,0.0,NW@3.6,6.0,72.0,0.0,736,"Wenatchee Heights, Chelan County",330165,Wenatchee Heights,2017-12-01 13:56:34.998280
2016-08-11,10:15,74.6,73.7,51.7,44.7,0.0,NW@4.3,5.7,72.0,0.0,762,"Wenatchee Heights, Chelan County",330165,Wenatchee Heights,2017-12-01 13:56:34.998280
2016-08-11,10:30,75.6,74.5,51.0,42.2,0.0,NW@4.6,6.4,72.0,0.0,784,"Wenatchee Heights, Chelan County",330165,Wenatchee Heights,2017-12-01 13:56:34.998280
2016-08-11,10:45,76.3,75.5,50.6,40.5,0.0,NW@4.3,6.0,71.9,0.0,804,"Wenatchee Heights, Chelan County",330165,Wenatchee Heights,2017-12-01 13:56:34.998280
2016-08-11,11:00,77.8,77.0,50.7,38.7,0.0,N@4.2,6.7,72.0,0.0,823,"Wenatchee Heights, Chelan County",330165,Wenatchee Heights,2017-12-01 13:56:34.998280
2016-08-11,11:15,78.9,77.7,50.5,37.1,0.0,N@4.8,7.8,72.0,0.0,835,"Wenatchee Heights, Chelan County",330165,Wenatchee Heights,2017-12-01 13:56:34.998280
2016-08-11,11:30,79.9,79.0,49.8,34.9,0.0,NW@5.2,8.2,72.0,0.0,845,"Wenatchee Heights, Chelan County",330165,Wenatchee Heights,2017-12-01 13:56:34.998280
2016-08-11,11:45,81.3,80.5,49.6,33.2,0.0,N@4.6,8.2,72.0,0.0,852,"Wenatchee Heights, Chelan County",330165,Wenatchee Heights,2017-12-01 13:56:34.998280
2016-08-11,12:00,81.7,80.9,49.6,32.7,0.0,N@4.4,8.9,72.0,0.0,855,"Wenatchee Heights, Chelan County",330165,Wenatchee Heights,2017-12-01 13:56:34.998280
2016-08-11,12:15,81.9,80.9,49.2,32.0,0.0,NW@4.6,10.3,72.1,0.0,854,"Wenatchee Heights, Chelan County",330165,Wenatchee Heights,2017-12-01 13:56:34.998280
2016-08-11,12:30,82.7,82.2,49.2,31.2,0.0,N@5.8,10.7,72.1,0.0,852,"Wenatchee Heights, Chelan County",330165,Wenatchee Heights,2017-12-01 13:56:34.998280
2016-08-11,12:45,83.0,82.7,48.6,30.2,0.0,N@5.6,9.9,72.2,0.0,847,"Wenatchee Heights, Chelan County",330165,Wenatchee Heights,2017-12-01 13:56:34.998280
2016-08-11,13:00,82.9,82.8,48.4,30.0,0.0,NE@5.4,9.6,72.3,0.0,840,"Wenatchee Heights, Chelan County",330165,Wenatchee Heights,2017-12-01 13:56:34.998280
2016-08-11,13:15,82.9,82.6,47.3,28.8,0.0,NE@5.1,9.9,72.4,0.0,828,"Wenatchee Heights, Chelan County",330165,Wenatchee Heights,2017-12-01 13:56:34.998280
2016-08-11,13:30,83.4,83.1,46.9,28.0,0.0,NE@4.7,9.6,72.5,0.0,811,"Wenatchee Heights, Chelan County",330165,Wenatchee Heights,2017-12-01 13:56:34.998280
2016-08-11,13:45,84.4,84.1,48.5,28.8,0.0,E@4.1,8.2,72.6,0.0,792,"Wenatchee Heights, Chelan County",330165,Wenatchee Heights,2017-12-01 13:56:34.998280
2016-08-11,14:00,84.1,83.7,49.0,29.6,0.0,E@4.3,9.9,72.7,0.0,771,"Wenatchee Heights, Chelan County",330165,Wenatchee Heights,2017-12-01 13:56:34.998280
2016-08-11,14:15,85.0,84.7,49.6,29.4,0.0,SE@4.2,8.2,72.8,0.0,749,"Wenatchee Heights, Chelan County",330165,Wenatchee Heights,2017-12-01 13:56:34.998280
2016-08-11,14:30,84.7,84.4,49.4,29.5,0.0,E@4.4,9.6,72.9,0.0,721,"Wenatchee Heights, Chelan County",330165,Wenatchee Heights,2017-12-01 13:56:34.998280
2016-08-11,14:45,85.5,85.2,49.3,28.7,0.0,SE@4.0,8.2,73.1,0.0,692,"Wenatchee Heights, Chelan County",330165,Wenatchee Heights,2017-12-01 13:56:34.998280
2016-08-11,15:00,85.3,85.0,48.2,27.7,0.0,E@4.6,9.9,73.2,0.0,661,"Wenatchee Heights, Chelan County",330165,Wenatchee Heights,2017-12-01 13:56:34.998280
2016-08-11,15:15,85.4,85.2,47.5,26.8,0.0,NE@5.8,10.7,73.4,0.0,629,"Wenatchee Heights, Chelan County",330165,Wenatchee Heights,2017-12-01 13:56:34.998280
2016-08-11,15:30,86.0,85.7,47.0,25.9,0.0,E@4.2,9.6,73.5,0.0,592,"Wenatchee Heights, Chelan County",330165,Wenatchee Heights,2017-12-01 13:56:34.998280
2016-08-11,15:45,85.9,85.6,47.1,26.0,0.0,E@4.6,9.6,73.7,0.0,554,"Wenatchee Heights, Chelan County",330165,Wenatchee Heights,2017-12-01 13:56:34.998280
2016-08-11,16:00,86.3,86.0,47.4,26.0,0.0,E@5.0,9.6,73.8,0.0,515,"Wenatchee Heights, Chelan County",330165,Wenatchee Heights,2017-12-01 13:56:34.998280
2016-08-11,16:15,85.6,85.3,46.6,25.8,0.0,E@5.5,9.9,74.0,0.0,473,"Wenatchee Heights, Chelan County",330165,Wenatchee Heights,2017-12-01 13:56:34.998280
2016-08-11,16:30,85.7,85.5,47.2,26.3,0.0,E@4.6,9.2,74.1,0.0,432,"Wenatchee Heights, Chelan County",330165,Wenatchee Heights,2017-12-01 13:56:34.998280
2016-08-11,16:45,85.4,85.3,46.3,25.6,0.0,NE@4.9,8.5,74.2,0.0,391,"Wenatchee Heights, Chelan County",330165,Wenatchee Heights,2017-12-01 13:56:34.998280
2016-08-11,17:00,85.4,85.3,45.7,25.1,0.0,E@4.4,8.2,74.4,0.0,351,"Wenatchee Heights, Chelan County",330165,Wenatchee Heights,2017-12-01 13:56:34.998280
2016-08-11,17:15,84.8,84.6,45.5,25.4,0.0,E@4.3,7.1,74.5,0.0,306,"Wenatchee Heights, Chelan County",330165,Wenatchee Heights,2017-12-01 13:56:34.998280
2016-08-11,17:30,84.3,84.2,47.7,28.0,0.0,E@3.9,6.4,74.7,0.0,275,"Wenatchee Heights, Chelan County",330165,Wenatchee Heights,2017-12-01 13:56:34.998280
2016-08-11,17:45,84.5,84.4,48.3,28.4,0.0,E@3.5,7.1,74.8,0.0,252,"Wenatchee Heights, Chelan County",330165,Wenatchee Heights,2017-12-01 13:56:34.998280
2016-08-11,18:00,84.0,84.1,49.2,29.9,0.0,SE@3.2,5.3,75.0,0.0,228,"Wenatchee Heights, Chelan County",330165,Wenatchee Heights,2017-12-01 13:56:34.998280
2016-08-11,18:15,83.4,83.6,49.2,30.5,0.0,S@3.5,6.4,75.1,0.0,179,"Wenatchee Heights, Chelan County",330165,Wenatchee Heights,2017-12-01 13:56:34.998280
2016-08-11,18:30,82.3,82.1,49.2,31.6,0.0,S@4.3,7.8,75.2,0.0,76,"Wenatchee Heights, Chelan County",330165,Wenatchee Heights,2017-12-01 13:56:34.998280
2016-08-11,18:45,80.6,80.7,49.3,33.5,0.0,S@4.1,7.1,75.3,0.0,60,"Wenatchee Heights, Chelan County",330165,Wenatchee Heights,2017-12-01 13:56:34.998280
2016-08-11,19:00,78.5,78.6,48.6,35.1,0.0,S@4.9,7.1,75.5,0.0,17,"Wenatchee Heights, Chelan County",330165,Wenatchee Heights,2017-12-01 13:56:34.998280
2016-08-11,19:15,76.9,77.0,48.7,37.1,0.0,S@6.8,9.6,75.6,0.0,9,"Wenatchee Heights, Chelan County",330165,Wenatchee Heights,2017-12-01 13:56:34.998280
2016-08-11,19:30,77.0,77.2,48.1,36.1,0.0,S@8.2,11.4,75.7,0.0,3,"Wenatchee Heights, Chelan County",330165,Wenatchee Heights,2017-12-01 13:56:34.998280
2016-08-11,19:45,76.8,77.0,47.9,36.0,0.0,S@9.4,13.2,75.8,0.0,1,"Wenatchee Heights, Chelan County",330165,Wenatchee Heights,2017-12-01 13:56:34.998280
2016-08-11,20:00,76.9,77.0,47.4,35.2,0.0,S@9.4,12.4,75.8,0.0,0,"Wenatchee Heights, Chelan County",330165,Wenatchee Heights,2017-12-01 13:56:34.998280
2016-08-11,20:15,77.3,77.4,46.5,33.6,0.0,S@8.6,11.7,75.9,0.0,0,"Wenatchee Heights, Chelan County",330165,Wenatchee Heights,2017-12-01 13:56:34.998280
2016-08-11,20:30,77.3,77.4,45.8,32.8,0.0,S@6.3,8.9,76.0,0.0,0,"Wenatchee Heights, Chelan County",330165,Wenatchee Heights,2017-12-01 13:56:34.998280
2016-08-11,20:45,76.8,76.9,45.4,32.7,0.0,S@5.7,7.8,76.1,0.0,0,"Wenatchee Heights, Chelan County",330165,Wenatchee Heights,2017-12-01 13:56:34.998280
2016-08-11,21:00,76.4,76.5,45.3,33.0,0.0,SW@4.8,7.8,76.1,0.0,0,"Wenatchee Heights, Chelan County",330165,Wenatchee Heights,2017-12-01 13:56:34.998280
2016-08-11,21:15,75.9,75.9,45.4,33.8,0.0,SW@4.3,8.2,76.2,0.0,0,"Wenatchee Heights, Chelan County",330165,Wenatchee Heights,2017-12-01 13:56:34.998280
2016-08-11,21:30,73.5,73.6,46.5,38.1,0.0,E@2.0,6.0,76.2,0.0,0,"Wenatchee Heights, Chelan County",330165,Wenatchee Heights,2017-12-01 13:56:34.998280
2016-08-11,21:45,74.7,75.0,48.6,39.7,0.0,N@3.4,8.2,76.2,0.0,0,"Wenatchee Heights, Chelan County",330165,Wenatchee Heights,2017-12-01 13:56:34.998280
2016-08-11,22:00,72.6,72.7,48.9,42.9,0.0,N@2.1,3.9,76.2,0.0,0,"Wenatchee Heights, Chelan County",330165,Wenatchee Heights,2017-12-01 13:56:34.998280
2016-08-11,22:15,71.2,71.2,49.5,46.3,0.0,SE@1.4,3.9,76.2,0.0,0,"Wenatchee Heights, Chelan County",330165,Wenatchee Heights,2017-12-01 13:56:34.998280
2016-08-11,22:30,71.0,70.9,49.3,46.1,0.0,S@1.9,3.1,76.2,0.0,0,"Wenatchee Heights, Chelan County",330165,Wenatchee Heights,2017-12-01 13:56:34.998280
2016-08-11,22:45,70.5,70.4,48.9,46.3,0.0,S@3.5,4.9,76.3,0.0,0,"Wenatchee Heights, Chelan County",330165,Wenatchee Heights,2017-12-01 13:56:34.998280
2016-08-11,23:00,70.2,70.3,48.3,45.7,0.0,S@3.0,4.2,76.3,0.0,0,"Wenatchee Heights, Chelan County",330165,Wenatchee Heights,2017-12-01 13:56:34.998280
2016-08-12,23:15,71.9,71.9,48.7,43.8,0.0,S@4.3,5.7,76.2,0.0,0,"Wenatchee Heights, Chelan County",330165,Wenatchee Heights,2017-12-01 13:56:34.998280
2016-08-12,23:30,71.2,71.2,49.6,46.4,0.0,S@4.1,5.3,76.2,0.0,0,"Wenatchee Heights, Chelan County",330165,Wenatchee Heights,2017-12-01 13:56:34.998280
2016-08-12,23:45,71.4,71.4,50.0,46.8,0.0,SW@4.5,6.0,76.2,0.0,0,"Wenatchee Heights, Chelan County",330165,Wenatchee Heights,2017-12-01 13:56:34.998280
2016-08-12,24:00,71.9,72.0,50.2,46.2,0.0,SW@4.2,5.7,76.2,0.0,0,"Wenatchee Heights, Chelan County",330165,Wenatchee Heights,2017-12-01 13:56:34.998280
2016-08-12,00:15,70.7,70.6,51.2,50.0,0.0,S@3.9,5.3,76.2,0.0,0,"Wenatchee Heights, Chelan County",330165,Wenatchee Heights,2017-12-01 13:56:34.998280
2016-08-12,00:30,70.4,70.4,51.3,50.8,0.0,S@3.6,5.3,76.1,0.0,0,"Wenatchee Heights, Chelan County",330165,Wenatchee Heights,2017-12-01 13:56:34.998280
2016-08-12,00:45,68.4,68.4,52.0,55.7,0.0,S@1.1,3.5,76.1,0.0,0,"Wenatchee Heights, Chelan County",330165,Wenatchee Heights,2017-12-01 13:56:34.998280
2016-08-12,01:00,68.7,68.6,51.6,54.4,0.0,S@0.6,2.8,76.0,0.0,0,"Wenatchee Heights, Chelan County",330165,Wenatchee Heights,2017-12-01 13:56:34.998280
2016-08-12,01:15,67.3,66.9,51.9,57.7,0.0,S@0.0,1.4,76.0,0.0,0,"Wenatchee Heights, Chelan County",330165,Wenatchee Heights,2017-12-01 13:56:34.998280
2016-08-12,01:30,67.6,67.4,51.5,56.3,0.0,N@0.0,0.0,75.9,0.0,0,"Wenatchee Heights, Chelan County",330165,Wenatchee Heights,2017-12-01 13:56:34.998280
2016-08-12,01:45,68.1,67.8,51.6,55.4,0.0,S@0.3,2.1,75.9,0.0,0,"Wenatchee Heights, Chelan County",330165,Wenatchee Heights,2017-12-01 13:56:34.998280
2016-08-12,02:00,66.2,65.9,51.5,59.1,0.0,S@0.0,1.4,75.8,0.0,0,"Wenatchee Heights, Chelan County",330165,Wenatchee Heights,2017-12-01 13:56:34.998280
2016-08-12,02:15,65.4,65.3,51.2,60.1,0.0,SE@0.1,1.7,75.8,0.0,0,"Wenatchee Heights, Chelan County",330165,Wenatchee Heights,2017-12-01 13:56:34.998280
2016-08-12,02:30,65.6,66.0,51.1,59.3,0.0,S@0.5,3.1,75.7,0.0,0,"Wenatchee Heights, Chelan County",330165,Wenatchee Heights,2017-12-01 13:56:34.998280
2016-08-12,02:45,66.6,66.7,51.0,57.1,0.0,S@0.5,2.8,75.7,0.0,0,"Wenatchee Heights, Chelan County",330165,Wenatchee Heights,2017-12-01 13:56:34.998280
2016-08-12,03:00,65.3,65.2,51.2,60.2,0.0,SE@0.2,3.1,75.6,0.0,0,"Wenatchee Heights, Chelan County",330165,Wenatchee Heights,2017-12-01 13:56:34.998280
2016-08-12,03:15,66.6,66.6,50.9,57.0,0.0,S@1.1,3.5,75.6,0.0,0,"Wenatchee Heights, Chelan County",330165,Wenatchee Heights,2017-12-01 13:56:34.998280
2016-08-12,03:30,66.2,66.2,51.1,58.2,0.0,S@0.3,2.1,75.5,0.0,0,"Wenatchee Heights, Chelan County",330165,Wenatchee Heights,2017-12-01 13:56:34.998280
2016-08-12,03:45,64.5,64.4,51.4,62.3,0.0,N@0.0,0.0,75.4,0.0,0,"Wenatchee Heights, Chelan County",330165,Wenatchee Heights,2017-12-01 13:56:34.998280
2016-08-12,04:00,64.4,64.0,51.1,61.9,0.0,N@0.0,0.0,75.4,0.0,0,"Wenatchee Heights, Chelan County",330165,Wenatchee Heights,2017-12-01 13:56:34.998280
2016-08-12,04:15,63.2,63.1,51.1,64.6,0.0,SE@0.4,2.8,75.3,0.0,0,"Wenatchee Heights, Chelan County",330165,Wenatchee Heights,2017-12-01 13:56:34.998280
2016-08-12,04:30,63.3,63.3,51.2,64.6,0.0,S@0.5,3.1,75.2,0.0,0,"Wenatchee Heights, Chelan County",330165,Wenatchee Heights,2017-12-01 13:56:34.998280
2016-08-12,04:45,62.1,62.3,51.3,67.5,0.0,N@0.0,0.0,75.2,0.0,1,"Wenatchee Heights, Chelan County",330165,Wenatchee Heights,2017-12-01 13:56:34.998280
2016-08-12,05:00,62.4,62.2,51.1,66.5,0.0,N@0.0,0.0,75.1,0.0,4,"Wenatchee Heights, Chelan County",330165,Wenatchee Heights,2017-12-01 13:56:34.998280
2016-08-12,05:15,62.5,62.4,51.2,66.3,0.0,N@0.0,0.0,75.0,0.0,11,"Wenatchee Heights, Chelan County",330165,Wenatchee Heights,2017-12-01 13:56:34.998280
2016-08-12,05:30,63.0,63.0,51.4,65.9,0.0,SE@0.8,3.9,75.0,0.0,38,"Wenatchee Heights, Chelan County",330165,Wenatchee Heights,2017-12-01 13:56:34.998280
2016-08-12,05:45,64.0,64.2,51.9,64.6,0.0,SE@0.5,2.8,74.9,0.0,77,"Wenatchee Heights, Chelan County",330165,Wenatchee Heights,2017-12-01 13:56:34.998280
2016-08-12,06:00,64.9,64.9,52.2,63.3,0.0,SE@1.3,3.5,74.8,0.0,107,"Wenatchee Heights, Chelan County",330165,Wenatchee Heights,2017-12-01 13:56:34.998280
2016-08-12,06:15,66.7,66.6,52.5,60.1,0.0,SE@0.9,2.8,74.8,0.0,155,"Wenatchee Heights, Chelan County",330165,Wenatchee Heights,2017-12-01 13:56:34.998280
2016-08-12,06:30,69.8,69.3,52.8,54.7,0.0,N@0.3,2.4,74.7,0.0,196,"Wenatchee Heights, Chelan County",330165,Wenatchee Heights,2017-12-01 13:56:34.998280
2016-08-12,06:45,71.1,71.3,53.5,53.6,0.0,E@1.5,5.7,74.6,0.0,239,"Wenatchee Heights, Chelan County",330165,Wenatchee Heights,2017-12-01 13:56:34.998280
2016-08-12,07:00,70.6,70.6,53.4,54.4,0.0,E@3.3,5.7,74.6,0.0,282,"Wenatchee Heights, Chelan County",330165,Wenatchee Heights,2017-12-01 13:56:34.998280
2016-08-12,07:15,71.4,71.4,53.3,52.7,0.0,E@3.4,5.3,74.5,0.0,326,"Wenatchee Heights, Chelan County",330165,Wenatchee Heights,2017-12-01 13:56:34.998280
2016-08-12,07:30,72.1,71.9,54.0,52.9,0.0,SE@2.8,5.3,74.4,0.0,370,"Wenatchee Heights, Chelan County",330165,Wenatchee Heights,2017-12-01 13:56:34.998280
2016-08-12,07:45,72.4,72.1,53.5,51.4,0.0,SE@2.9,4.9,74.3,0.0,414,"Wenatchee Heights, Chelan County",330165,Wenatchee Heights,2017-12-01 13:56:34.998280
2016-08-12,08:00,73.1,72.8,53.7,50.5,0.0,SE@2.6,4.9,74.3,0.0,456,"Wenatchee Heights, Chelan County",330165,Wenatchee Heights,2017-12-01 13:56:34.998280
2016-08-12,08:15,74.8,74.5,53.5,47.3,0.0,NW@1.7,3.9,74.2,0.0,497,"Wenatchee Heights, Chelan County",330165,Wenatchee Heights,2017-12-01 13:56:34.998280
2016-08-12,08:30,74.6,74.5,53.2,47.3,0.0,N@3.0,4.2,74.1,0.0,537,"Wenatchee Heights, Chelan County",330165,Wenatchee Heights,2017-12-01 13:56:34.998280
2016-08-12,08:45,76.2,76.2,53.3,44.9,0.0,N@2.8,4.9,74.0,0.0,575,"Wenatchee Heights, Chelan County",330165,Wenatchee Heights,2017-12-01 13:56:34.998280
2016-08-12,09:00,76.8,75.6,53.0,43.4,0.0,NW@2.9,4.2,74.0,0.0,611,"Wenatchee Heights, Chelan County",330165,Wenatchee Heights,2017-12-01 13:56:34.998280
2016-08-12,09:15,77.4,76.4,53.4,43.3,0.0,NW@2.9,4.6,73.9,0.0,646,"Wenatchee Heights, Chelan County",330165,Wenatchee Heights,2017-12-01 13:56:34.998280
2016-08-12,09:30,77.0,76.1,53.1,43.5,0.0,NW@2.9,4.9,73.9,0.0,678,"Wenatchee Heights, Chelan County",330165,Wenatchee Heights,2017-12-01 13:56:34.998280
2016-08-12,09:45,78.3,77.4,52.4,40.6,0.0,N@3.1,4.9,73.8,0.0,707,"Wenatchee Heights, Chelan County",330165,Wenatchee Heights,2017-12-01 13:56:34.998280
2016-08-12,10:00,79.4,78.2,51.8,38.2,0.0,NW@3.5,6.0,73.8,0.0,734,"Wenatchee Heights, Chelan County",330165,Wenatchee Heights,2017-12-01 13:56:34.998280
2016-08-12,10:15,80.3,79.0,49.7,34.3,0.0,N@4.5,6.7,73.8,0.0,759,"Wenatchee Heights, Chelan County",330165,Wenatchee Heights,2017-12-01 13:56:34.998280
2016-08-12,10:30,81.1,79.8,48.7,32.2,0.0,N@4.4,6.7,73.7,0.0,780,"Wenatchee Heights, Chelan County",330165,Wenatchee Heights,2017-12-01 13:56:34.998280
2016-08-12,10:45,81.4,80.2,49.0,32.2,0.0,N@3.8,7.8,73.7,0.0,799,"Wenatchee Heights, Chelan County",330165,Wenatchee Heights,2017-12-01 13:56:34.998280
2016-08-12,11:00,82.2,81.2,49.3,31.8,0.0,N@4.4,7.1,73.7,0.0,815,"Wenatchee Heights, Chelan County",330165,Wenatchee Heights,2017-12-01 13:56:34.998280
2016-08-12,11:15,82.7,81.9,50.1,32.2,0.0,NW@4.3,7.8,73.7,0.0,827,"Wenatchee Heights, Chelan County",330165,Wenatchee Heights,2017-12-01 13:56:34.998280
2016-08-12,11:30,83.6,82.7,50.0,31.2,0.0,NW@4.7,7.8,73.8,0.0,837,"Wenatchee Heights, Chelan County",330165,Wenatchee Heights,2017-12-01 13:56:34.998280
2016-08-12,11:45,85.0,84.2,49.9,29.7,0.0,N@6.1,9.9,73.8,0.0,845,"Wenatchee Heights, Chelan County",330165,Wenatchee Heights,2017-12-01 13:56:34.998280
2016-08-12,12:00,86.0,85.4,48.9,27.8,0.0,N@6.0,9.9,73.8,0.0,850,"Wenatchee Heights, Chelan County",330165,Wenatchee Heights,2017-12-01 13:56:34.998280
2016-08-12,12:15,86.0,85.9,47.6,26.4,0.0,N@4.8,9.9,73.8,0.0,852,"Wenatchee Heights, Chelan County",330165,Wenatchee Heights,2017-12-01 13:56:34.998280
2016-08-12,12:30,86.5,86.3,47.4,25.8,0.0,E@4.5,10.3,73.9,0.0,849,"Wenatchee Heights, Chelan County",330165,Wenatchee Heights,2017-12-01 13:56:34.998280
2016-08-12,12:45,86.7,86.5,47.6,25.8,0.0,E@5.2,9.9,74.0,0.0,843,"Wenatchee Heights, Chelan County",330165,Wenatchee Heights,2017-12-01 13:56:34.998280
2016-08-12,13:00,87.1,87.0,47.4,25.3,0.0,NE@4.8,9.6,74.1,0.0,833,"Wenatchee Heights, Chelan County",330165,Wenatchee Heights,2017-12-01 13:56:34.998280
2016-08-12,13:15,86.9,86.6,48.5,26.5,0.0,E@5.1,11.4,74.1,0.0,820,"Wenatchee Heights, Chelan County",330165,Wenatchee Heights,2017-12-01 13:56:34.998280
2016-08-12,13:30,88.0,87.8,47.6,24.8,0.0,NE@5.3,13.9,74.2,0.0,805,"Wenatchee Heights, Chelan County",330165,Wenatchee Heights,2017-12-01 13:56:34.998280
2016-08-12,13:45,87.9,87.6,47.1,24.4,0.0,E@6.3,12.4,74.3,0.0,787,"Wenatchee Heights, Chelan County",330165,Wenatchee Heights,2017-12-01 13:56:34.998280
2016-08-12,14:00,88.3,88.0,47.2,24.2,0.0,E@4.5,8.9,74.5,0.0,765,"Wenatchee Heights, Chelan County",330165,Wenatchee Heights,2017-12-01 13:56:34.998280
2016-08-12,14:15,88.8,88.5,47.3,24.0,0.0,E@4.8,8.5,74.6,0.0,742,"Wenatchee Heights, Chelan County",330165,Wenatchee Heights,2017-12-01 13:56:34.998280
2016-08-12,14:30,88.8,88.4,47.4,24.0,0.0,E@4.7,9.2,74.7,0.0,715,"Wenatchee Heights, Chelan County",330165,Wenatchee Heights,2017-12-01 13:56:34.998280
2016-08-12,14:45,88.9,88.6,47.2,23.7,0.0,E@5.4,10.7,74.8,0.0,687,"Wenatchee Heights, Chelan County",330165,Wenatchee Heights,2017-12-01 13:56:34.998280
2016-08-12,15:00,89.1,88.8,47.4,23.8,0.0,E@5.3,12.4,75.0,0.0,653,"Wenatchee Heights, Chelan County",330165,Wenatchee Heights,2017-12-01 13:56:34.998280
2016-08-12,15:15,89.5,89.2,47.1,23.3,0.0,SE@4.3,8.5,75.1,0.0,621,"Wenatchee Heights, Chelan County",330165,Wenatchee Heights,2017-12-01 13:56:34.998280
2016-08-12,15:30,89.1,88.8,47.0,23.4,0.0,E@5.2,9.9,75.2,0.0,586,"Wenatchee Heights, Chelan County",330165,Wenatchee Heights,2017-12-01 13:56:34.998280
2016-08-12,15:45,88.9,88.6,46.8,23.4,0.0,E@5.1,8.9,75.4,0.0,549,"Wenatchee Heights, Chelan County",330165,Wenatchee Heights,2017-12-01 13:56:34.998280
2016-08-12,16:00,88.9,88.7,46.7,23.3,0.0,E@5.6,10.7,75.5,0.0,512,"Wenatchee Heights, Chelan County",330165,Wenatchee Heights,2017-12-01 13:56:34.998280
2016-08-12,16:15,88.7,88.4,46.3,23.2,0.0,E@5.3,9.9,75.6,0.0,473,"Wenatchee Heights, Chelan County",330165,Wenatchee Heights,2017-12-01 13:56:34.998280
2016-08-12,16:30,88.2,87.9,46.2,23.4,0.0,E@4.7,8.2,75.8,0.0,408,"Wenatchee Heights, Chelan County",330165,Wenatchee Heights,2017-12-01 13:56:34.998280
2016-08-12,16:45,87.7,87.6,46.2,23.8,0.0,E@4.5,9.9,75.9,0.0,348,"Wenatchee Heights, Chelan County",330165,Wenatchee Heights,2017-12-01 13:56:34.998280
2016-08-12,17:00,87.5,87.3,46.1,23.8,0.0,SE@4.6,8.2,76.1,0.0,355,"Wenatchee Heights, Chelan County",330165,Wenatchee Heights,2017-12-01 13:56:34.998280
2016-08-12,17:15,87.7,87.3,45.8,23.4,0.0,SE@4.5,8.2,76.2,0.0,317,"Wenatchee Heights, Chelan County",330165,Wenatchee Heights,2017-12-01 13:56:34.998280
2016-08-12,17:30,86.5,86.3,45.6,24.1,0.0,SE@4.4,8.5,76.4,0.0,259,"Wenatchee Heights, Chelan County",330165,Wenatchee Heights,2017-12-01 13:56:34.998280
2016-08-12,17:45,86.5,86.2,45.6,24.1,0.0,SE@4.3,7.1,76.5,0.0,224,"Wenatchee Heights, Chelan County",330165,Wenatchee Heights,2017-12-01 13:56:34.998280
2016-08-12,18:00,85.5,85.4,45.4,24.7,0.0,S@4.0,6.7,76.6,0.0,178,"Wenatchee Heights, Chelan County",330165,Wenatchee Heights,2017-12-01 13:56:34.998280
2016-08-12,18:15,84.4,84.5,45.5,25.7,0.0,S@4.2,10.3,76.7,0.0,137,"Wenatchee Heights, Chelan County",330165,Wenatchee Heights,2017-12-01 13:56:34.998280
2016-08-12,18:30,83.9,83.9,45.2,25.8,0.0,S@4.5,8.5,76.9,0.0,58,"Wenatchee Heights, Chelan County",330165,Wenatchee Heights,2017-12-01 13:56:34.998280
2016-08-12,18:45,82.7,82.8,45.2,26.8,0.0,S@4.5,8.5,77.0,0.0,40,"Wenatchee Heights, Chelan County",330165,Wenatchee Heights,2017-12-01 13:56:34.998280
2016-08-12,19:00,81.8,81.9,45.2,27.6,0.0,S@4.6,8.2,77.1,0.0,19,"Wenatchee Heights, Chelan County",330165,Wenatchee Heights,2017-12-01 13:56:34.998280
2016-08-12,19:15,80.7,80.8,45.2,28.7,0.0,S@3.6,6.0,77.2,0.0,9,"Wenatchee Heights, Chelan County",330165,Wenatchee Heights,2017-12-01 13:56:34.998280
2016-08-12,19:30,77.8,77.8,46.9,33.6,0.0,S@3.5,6.0,77.3,0.0,2,"Wenatchee Heights, Chelan County",330165,Wenatchee Heights,2017-12-01 13:56:34.998280
2016-08-12,19:45,77.6,77.9,46.7,33.6,0.0,S@4.5,7.8,77.4,0.0,1,"Wenatchee Heights, Chelan County",330165,Wenatchee Heights,2017-12-01 13:56:34.998280
2016-08-12,20:00,79.3,79.4,46.3,31.3,0.0,S@8.2,12.8,77.4,0.0,0,"Wenatchee Heights, Chelan County",330165,Wenatchee Heights,2017-12-01 13:56:34.998280
2016-08-12,20:15,78.4,78.5,46.1,31.9,0.0,S@5.5,7.4,77.5,0.0,0,"Wenatchee Heights, Chelan County",330165,Wenatchee Heights,2017-12-01 13:56:34.998280
2016-08-12,20:30,77.1,77.3,45.9,33.2,0.0,S@4.9,6.7,77.6,0.0,0,"Wenatchee Heights, Chelan County",330165,Wenatchee Heights,2017-12-01 13:56:34.998280
2016-08-12,20:45,75.7,75.8,45.9,34.7,0.0,S@3.6,5.3,77.6,0.0,0,"Wenatchee Heights, Chelan County",330165,Wenatchee Heights,2017-12-01 13:56:34.998280
2016-08-12,21:00,76.4,76.5,45.1,32.9,0.0,S@3.0,4.6,77.7,0.0,0,"Wenatchee Heights, Chelan County",330165,Wenatchee Heights,2017-12-01 13:56:34.998280
2016-08-12,21:15,75.5,75.5,45.1,33.9,0.0,S@1.5,3.5,77.7,0.0,0,"Wenatchee Heights, Chelan County",330165,Wenatchee Heights,2017-12-01 13:56:34.998280
2016-08-12,21:30,74.6,74.5,44.9,34.6,0.0,S@0.9,2.4,77.7,0.0,0,"Wenatchee Heights, Chelan County",330165,Wenatchee Heights,2017-12-01 13:56:34.998280
2016-08-12,21:45,75.6,75.5,45.1,33.7,0.0,S@0.3,2.1,77.7,0.0,0,"Wenatchee Heights, Chelan County",330165,Wenatchee Heights,2017-12-01 13:56:34.998280
2016-08-12,22:00,74.6,74.4,45.2,35.1,0.0,S@0.5,2.8,77.7,0.0,0,"Wenatchee Heights, Chelan County",330165,Wenatchee Heights,2017-12-01 13:56:34.998280
2016-08-12,22:15,73.8,73.6,45.4,36.3,0.0,S@1.1,2.8,77.7,0.0,0,"Wenatchee Heights, Chelan County",330165,Wenatchee Heights,2017-12-01 13:56:34.998280
2016-08-12,22:30,73.4,73.2,45.4,36.8,0.0,SW@1.0,3.9,77.7,0.0,0,"Wenatchee Heights, Chelan County",330165,Wenatchee Heights,2017-12-01 13:56:34.998280
2016-08-12,22:45,73.4,73.5,46.3,38.0,0.0,SE@1.0,2.8,77.7,0.0,0,"Wenatchee Heights, Chelan County",330165,Wenatchee Heights,2017-12-01 13:56:34.998280
2016-08-12,23:00,73.0,73.1,46.3,38.5,0.0,N@1.1,4.6,77.7,0.0,0,"Wenatchee Heights, Chelan County",330165,Wenatchee Heights,2017-12-01 13:56:34.998280
2016-08-13,23:15,72.7,72.6,46.3,38.9,0.0,S@0.3,2.4,77.7,0.0,0,"Wenatchee Heights, Chelan County",330165,Wenatchee Heights,2017-12-01 13:56:34.998280
2016-08-13,23:30,71.1,71.0,46.6,41.6,0.0,S@1.6,2.8,77.7,0.0,0,"Wenatchee Heights, Chelan County",330165,Wenatchee Heights,2017-12-01 13:56:34.998280
2016-08-13,23:45,71.1,71.5,46.6,41.5,0.0,S@2.5,3.1,77.7,0.0,0,"Wenatchee Heights, Chelan County",330165,Wenatchee Heights,2017-12-01 13:56:34.998280
2016-08-13,24:00,70.1,70.5,46.9,43.5,0.0,S@2.0,3.1,77.6,0.0,0,"Wenatchee Heights, Chelan County",330165,Wenatchee Heights,2017-12-01 13:56:34.998280
