Date,Time PST,Air Temp °F, 2<sup>nd</sup> Air Temp °F, Dew Point °F, Rel Hum %, Leaf Wet u., Wind Dir @ Speed mph, Wind Gust mph, 8 in. Soil Tmp °F, Tot Prec in, Solar Rad W/m²,Location,Station ID,Station Name,Download Timestamp
2009-02-25,00:15,41.4,,30.0,63.6,0.0,5.4,12.4,31.9,0.0,0,"Wenatchee Heights, Chelan County",330165,Wenatchee Heights,2017-11-29 19:19:40.589368
2009-02-25,00:30,40.3,,30.4,67.5,0.0,4.0,7.8,31.9,0.0,0,"Wenatchee Heights, Chelan County",330165,Wenatchee Heights,2017-11-29 19:19:40.589368
2009-02-25,00:45,39.1,,30.7,71.5,0.0,5.4,7.4,31.9,0.0,0,"Wenatchee Heights, Chelan County",330165,Wenatchee Heights,2017-11-29 19:19:40.589368
2009-02-25,01:00,39.1,,30.6,71.0,0.0,3.1,5.3,31.9,0.0,0,"Wenatchee Heights, Chelan County",330165,Wenatchee Heights,2017-11-29 19:19:40.589368
2009-02-25,01:15,39.6,,30.1,68.5,0.0,4.3,7.8,31.9,0.0,0,"Wenatchee Heights, Chelan County",330165,Wenatchee Heights,2017-11-29 19:19:40.589368
2009-02-25,01:30,40.3,,30.0,66.5,0.0,4.8,6.0,31.9,0.0,0,"Wenatchee Heights, Chelan County",330165,Wenatchee Heights,2017-11-29 19:19:40.589368
2009-02-25,01:45,41.3,,29.8,63.3,0.0,3.3,5.3,31.9,0.0,0,"Wenatchee Heights, Chelan County",330165,Wenatchee Heights,2017-11-29 19:19:40.589368
2009-02-25,02:00,41.2,,29.5,62.7,0.0,3.9,5.7,31.9,0.0,0,"Wenatchee Heights, Chelan County",330165,Wenatchee Heights,2017-11-29 19:19:40.589368
2009-02-25,02:15,40.9,,29.4,63.2,0.0,3.1,4.6,31.9,0.0,0,"Wenatchee Heights, Chelan County",330165,Wenatchee Heights,2017-11-29 19:19:40.589368
2009-02-25,02:30,38.7,,29.2,68.3,0.0,2.7,4.9,31.9,0.0,0,"Wenatchee Heights, Chelan County",330165,Wenatchee Heights,2017-11-29 19:19:40.589368
2009-02-25,02:45,40.4,,29.2,64.0,0.0,1.9,3.9,31.9,0.0,0,"Wenatchee Heights, Chelan County",330165,Wenatchee Heights,2017-11-29 19:19:40.589368
2009-02-25,03:00,40.8,,28.8,62.2,0.0,3.6,5.7,31.9,0.0,0,"Wenatchee Heights, Chelan County",330165,Wenatchee Heights,2017-11-29 19:19:40.589368
2009-02-25,03:15,40.7,,29.0,62.8,0.0,3.3,5.3,31.9,0.0,0,"Wenatchee Heights, Chelan County",330165,Wenatchee Heights,2017-11-29 19:19:40.589368
2009-02-25,03:30,40.0,,29.3,65.3,0.0,2.4,5.7,31.9,0.0,0,"Wenatchee Heights, Chelan County",330165,Wenatchee Heights,2017-11-29 19:19:40.589368
2009-02-25,03:45,38.7,,29.7,69.7,0.0,3.0,4.6,31.9,0.0,0,"Wenatchee Heights, Chelan County",330165,Wenatchee Heights,2017-11-29 19:19:40.589368
2009-02-25,04:00,39.9,,29.4,65.8,0.0,2.6,6.7,31.9,0.0,0,"Wenatchee Heights, Chelan County",330165,Wenatchee Heights,2017-11-29 19:19:40.589368
2009-02-25,04:15,40.7,,30.1,65.7,0.0,4.9,7.8,31.9,0.0,0,"Wenatchee Heights, Chelan County",330165,Wenatchee Heights,2017-11-29 19:19:40.589368
2009-02-25,04:30,39.9,,30.2,67.9,0.0,4.3,6.7,31.9,0.0,0,"Wenatchee Heights, Chelan County",330165,Wenatchee Heights,2017-11-29 19:19:40.589368
2009-02-25,04:45,40.5,,30.4,67.0,0.0,3.5,5.3,31.9,0.0,0,"Wenatchee Heights, Chelan County",330165,Wenatchee Heights,2017-11-29 19:19:40.589368
2009-02-25,05:00,40.4,,30.3,66.8,0.0,3.6,5.3,31.9,0.0,0,"Wenatchee Heights, Chelan County",330165,Wenatchee Heights,2017-11-29 19:19:40.589368
2009-02-25,05:15,40.4,,29.8,65.7,0.0,3.9,6.7,31.9,0.0,0,"Wenatchee Heights, Chelan County",330165,Wenatchee Heights,2017-11-29 19:19:40.589368
2009-02-25,05:30,40.5,,29.5,64.6,0.0,5.0,6.7,31.9,0.0,0,"Wenatchee Heights, Chelan County",330165,Wenatchee Heights,2017-11-29 19:19:40.589368
2009-02-25,05:45,40.5,,29.6,64.8,0.0,5.2,8.5,31.9,0.0,0,"Wenatchee Heights, Chelan County",330165,Wenatchee Heights,2017-11-29 19:19:40.589368
2009-02-25,06:00,40.6,,29.1,63.3,0.0,6.6,9.6,31.9,0.0,0,"Wenatchee Heights, Chelan County",330165,Wenatchee Heights,2017-11-29 19:19:40.589368
2009-02-25,06:15,40.9,,28.8,61.7,0.0,5.7,7.8,31.9,0.0,0,"Wenatchee Heights, Chelan County",330165,Wenatchee Heights,2017-11-29 19:19:40.589368
2009-02-25,06:30,40.5,,28.7,62.5,0.0,2.8,6.4,31.9,0.0,0,"Wenatchee Heights, Chelan County",330165,Wenatchee Heights,2017-11-29 19:19:40.589368
2009-02-25,06:45,39.9,,28.9,64.4,0.0,1.0,3.5,31.9,0.0,1,"Wenatchee Heights, Chelan County",330165,Wenatchee Heights,2017-11-29 19:19:40.589368
2009-02-25,07:00,40.0,,28.7,63.7,0.0,3.8,6.0,31.9,0.0,3,"Wenatchee Heights, Chelan County",330165,Wenatchee Heights,2017-11-29 19:19:40.589368
2009-02-25,07:15,40.3,,28.7,63.0,0.0,3.4,5.3,31.9,0.0,13,"Wenatchee Heights, Chelan County",330165,Wenatchee Heights,2017-11-29 19:19:40.589368
2009-02-25,07:30,39.5,,28.7,65.1,0.0,1.4,3.1,31.9,0.0,31,"Wenatchee Heights, Chelan County",330165,Wenatchee Heights,2017-11-29 19:19:40.589368
2009-02-25,07:45,38.5,,29.4,69.2,0.0,4.1,5.7,31.9,0.0,46,"Wenatchee Heights, Chelan County",330165,Wenatchee Heights,2017-11-29 19:19:40.589368
2009-02-25,08:00,38.8,,29.9,70.1,0.0,3.8,5.3,31.9,0.0,72,"Wenatchee Heights, Chelan County",330165,Wenatchee Heights,2017-11-29 19:19:40.589368
2009-02-25,08:15,39.7,,29.8,67.5,0.0,3.7,4.6,31.9,0.0,80,"Wenatchee Heights, Chelan County",330165,Wenatchee Heights,2017-11-29 19:19:40.589368
2009-02-25,08:30,40.5,,29.7,65.1,0.0,3.1,3.9,31.9,0.0,117,"Wenatchee Heights, Chelan County",330165,Wenatchee Heights,2017-11-29 19:19:40.589368
2009-02-25,08:45,41.2,,29.9,63.8,0.0,2.8,3.9,31.9,0.0,144,"Wenatchee Heights, Chelan County",330165,Wenatchee Heights,2017-11-29 19:19:40.589368
2009-02-25,09:00,39.2,,30.9,71.8,0.0,2.1,3.9,31.9,0.0,154,"Wenatchee Heights, Chelan County",330165,Wenatchee Heights,2017-11-29 19:19:40.589368
2009-02-25,09:15,39.0,,31.1,73.2,0.0,1.3,3.9,31.9,0.0,180,"Wenatchee Heights, Chelan County",330165,Wenatchee Heights,2017-11-29 19:19:40.589368
2009-02-25,09:30,40.1,,31.1,69.9,0.0,2.0,4.6,31.9,0.0,210,"Wenatchee Heights, Chelan County",330165,Wenatchee Heights,2017-11-29 19:19:40.589368
2009-02-25,09:45,40.7,,31.0,68.1,0.0,1.2,3.9,31.9,0.0,194,"Wenatchee Heights, Chelan County",330165,Wenatchee Heights,2017-11-29 19:19:40.589368
2009-02-25,10:00,40.4,,31.4,70.0,0.0,2.6,6.0,31.9,0.0,177,"Wenatchee Heights, Chelan County",330165,Wenatchee Heights,2017-11-29 19:19:40.589368
2009-02-25,10:15,39.1,,32.7,77.5,0.0,3.1,5.7,31.9,0.0,203,"Wenatchee Heights, Chelan County",330165,Wenatchee Heights,2017-11-29 19:19:40.589368
2009-02-25,10:30,39.1,,32.8,77.8,0.0,2.6,4.2,31.8,0.0,196,"Wenatchee Heights, Chelan County",330165,Wenatchee Heights,2017-11-29 19:19:40.589368
2009-02-25,10:45,39.8,,33.4,77.6,0.0,2.9,5.7,31.9,0.0,301,"Wenatchee Heights, Chelan County",330165,Wenatchee Heights,2017-11-29 19:19:40.589368
2009-02-25,11:00,41.7,,34.3,74.7,0.0,2.9,4.6,31.9,0.0,488,"Wenatchee Heights, Chelan County",330165,Wenatchee Heights,2017-11-29 19:19:40.589368
2009-02-25,11:15,45.4,,33.1,61.9,0.0,1.5,3.5,31.9,0.0,580,"Wenatchee Heights, Chelan County",330165,Wenatchee Heights,2017-11-29 19:19:40.589368
2009-02-25,11:30,46.2,,32.5,58.5,0.0,2.0,5.3,31.9,0.0,604,"Wenatchee Heights, Chelan County",330165,Wenatchee Heights,2017-11-29 19:19:40.589368
2009-02-25,11:45,47.1,,34.1,60.3,0.0,3.1,6.7,31.9,0.0,638,"Wenatchee Heights, Chelan County",330165,Wenatchee Heights,2017-11-29 19:19:40.589368
2009-02-25,12:00,46.7,,33.6,60.0,0.0,3.5,6.7,31.9,0.0,554,"Wenatchee Heights, Chelan County",330165,Wenatchee Heights,2017-11-29 19:19:40.589368
2009-02-25,12:15,47.3,,33.0,57.3,0.0,3.6,7.4,31.9,0.0,661,"Wenatchee Heights, Chelan County",330165,Wenatchee Heights,2017-11-29 19:19:40.589368
2009-02-25,12:30,47.9,,29.9,49.4,0.0,7.7,16.4,31.9,0.0,639,"Wenatchee Heights, Chelan County",330165,Wenatchee Heights,2017-11-29 19:19:40.589368
2009-02-25,12:45,47.9,,32.3,54.4,0.0,6.1,16.4,31.9,0.0,726,"Wenatchee Heights, Chelan County",330165,Wenatchee Heights,2017-11-29 19:19:40.589368
2009-02-25,13:00,47.8,,28.9,47.6,0.0,8.8,14.2,31.9,0.0,697,"Wenatchee Heights, Chelan County",330165,Wenatchee Heights,2017-11-29 19:19:40.589368
2009-02-25,13:15,47.8,,28.6,47.1,0.0,8.5,15.7,31.9,0.0,575,"Wenatchee Heights, Chelan County",330165,Wenatchee Heights,2017-11-29 19:19:40.589368
2009-02-25,13:30,47.9,,28.9,47.5,0.0,8.1,16.7,31.9,0.0,624,"Wenatchee Heights, Chelan County",330165,Wenatchee Heights,2017-11-29 19:19:40.589368
2009-02-25,13:45,48.4,,29.3,47.3,0.0,6.6,15.7,31.9,0.0,595,"Wenatchee Heights, Chelan County",330165,Wenatchee Heights,2017-11-29 19:19:40.589368
2009-02-25,14:00,47.8,,29.2,48.2,0.0,8.5,17.5,31.9,0.0,495,"Wenatchee Heights, Chelan County",330165,Wenatchee Heights,2017-11-29 19:19:40.589368
2009-02-25,14:15,47.3,,28.6,47.8,0.0,10.2,18.2,32.0,0.0,314,"Wenatchee Heights, Chelan County",330165,Wenatchee Heights,2017-11-29 19:19:40.589368
2009-02-25,14:30,46.3,,30.9,54.7,0.0,9.9,15.3,32.0,0.0,265,"Wenatchee Heights, Chelan County",330165,Wenatchee Heights,2017-11-29 19:19:40.589368
2009-02-25,14:45,44.6,,32.5,62.4,0.0,6.6,10.7,32.0,0.0,111,"Wenatchee Heights, Chelan County",330165,Wenatchee Heights,2017-11-29 19:19:40.589368
2009-02-25,15:00,43.4,,32.6,65.3,0.05,3.8,10.7,32.0,0.0,77,"Wenatchee Heights, Chelan County",330165,Wenatchee Heights,2017-11-29 19:19:40.589368
2009-02-25,15:15,43.6,,32.4,64.6,0.38,3.0,6.4,32.0,0.0,75,"Wenatchee Heights, Chelan County",330165,Wenatchee Heights,2017-11-29 19:19:40.589368
2009-02-25,15:30,42.8,,33.9,70.4,0.8,3.6,6.7,32.1,0.0,72,"Wenatchee Heights, Chelan County",330165,Wenatchee Heights,2017-11-29 19:19:40.589368
2009-02-25,15:45,42.0,,34.8,75.3,0.89,3.1,6.7,32.1,0.0,90,"Wenatchee Heights, Chelan County",330165,Wenatchee Heights,2017-11-29 19:19:40.589368
2009-02-25,16:00,41.5,,34.9,77.0,0.89,2.9,6.7,32.1,0.0,44,"Wenatchee Heights, Chelan County",330165,Wenatchee Heights,2017-11-29 19:19:40.589368
2009-02-25,16:15,40.7,,35.3,80.7,0.92,4.9,8.9,32.1,0.0,26,"Wenatchee Heights, Chelan County",330165,Wenatchee Heights,2017-11-29 19:19:40.589368
2009-02-25,16:30,39.6,,35.5,84.9,0.92,4.9,8.2,32.1,0.01,43,"Wenatchee Heights, Chelan County",330165,Wenatchee Heights,2017-11-29 19:19:40.589368
2009-02-25,16:45,39.7,,35.5,84.7,0.91,4.1,6.7,32.1,0.0,77,"Wenatchee Heights, Chelan County",330165,Wenatchee Heights,2017-11-29 19:19:40.589368
2009-02-25,17:00,39.4,,35.5,85.8,0.89,1.7,4.2,32.1,0.0,43,"Wenatchee Heights, Chelan County",330165,Wenatchee Heights,2017-11-29 19:19:40.589368
2009-02-25,17:15,39.3,,35.6,86.3,0.89,1.2,4.6,32.2,0.0,24,"Wenatchee Heights, Chelan County",330165,Wenatchee Heights,2017-11-29 19:19:40.589368
2009-02-25,17:30,38.7,,34.8,85.7,0.89,4.3,12.8,32.2,0.01,8,"Wenatchee Heights, Chelan County",330165,Wenatchee Heights,2017-11-29 19:19:40.589368
2009-02-25,17:45,38.9,,31.3,73.8,0.83,10.9,20.3,32.2,0.0,4,"Wenatchee Heights, Chelan County",330165,Wenatchee Heights,2017-11-29 19:19:40.589368
2009-02-25,18:00,39.2,,30.0,69.4,0.54,9.4,17.8,32.2,0.0,1,"Wenatchee Heights, Chelan County",330165,Wenatchee Heights,2017-11-29 19:19:40.589368
2009-02-25,18:15,38.3,,30.4,73.0,0.1,4.3,10.7,32.2,0.0,0,"Wenatchee Heights, Chelan County",330165,Wenatchee Heights,2017-11-29 19:19:40.589368
2009-02-25,18:30,38.5,,29.7,70.4,0.0,3.2,7.1,32.2,0.0,0,"Wenatchee Heights, Chelan County",330165,Wenatchee Heights,2017-11-29 19:19:40.589368
2009-02-25,18:45,38.5,,29.4,69.5,0.0,2.5,5.7,32.2,0.0,0,"Wenatchee Heights, Chelan County",330165,Wenatchee Heights,2017-11-29 19:19:40.589368
2009-02-25,19:00,38.1,,29.2,70.0,0.0,3.3,8.2,32.2,0.0,0,"Wenatchee Heights, Chelan County",330165,Wenatchee Heights,2017-11-29 19:19:40.589368
2009-02-25,19:15,38.2,,28.8,68.7,0.0,2.3,6.0,32.2,0.0,0,"Wenatchee Heights, Chelan County",330165,Wenatchee Heights,2017-11-29 19:19:40.589368
2009-02-25,19:30,38.1,,28.6,68.2,0.0,4.0,10.3,32.2,0.0,0,"Wenatchee Heights, Chelan County",330165,Wenatchee Heights,2017-11-29 19:19:40.589368
2009-02-25,19:45,37.7,,28.7,69.5,0.0,5.3,12.1,32.2,0.0,0,"Wenatchee Heights, Chelan County",330165,Wenatchee Heights,2017-11-29 19:19:40.589368
2009-02-25,20:00,37.5,,27.1,65.9,0.0,7.0,17.1,32.2,0.0,0,"Wenatchee Heights, Chelan County",330165,Wenatchee Heights,2017-11-29 19:19:40.589368
2009-02-25,20:15,36.7,,28.1,70.7,0.0,4.6,9.6,32.2,0.0,0,"Wenatchee Heights, Chelan County",330165,Wenatchee Heights,2017-11-29 19:19:40.589368
2009-02-25,20:30,36.8,,27.6,69.0,0.0,4.8,9.2,32.2,0.0,0,"Wenatchee Heights, Chelan County",330165,Wenatchee Heights,2017-11-29 19:19:40.589368
2009-02-25,20:45,36.8,,27.9,69.7,0.0,4.3,10.7,32.2,0.0,0,"Wenatchee Heights, Chelan County",330165,Wenatchee Heights,2017-11-29 19:19:40.589368
2009-02-25,21:00,35.7,,28.5,74.9,0.0,5.7,11.0,32.2,0.0,0,"Wenatchee Heights, Chelan County",330165,Wenatchee Heights,2017-11-29 19:19:40.589368
2009-02-25,21:15,34.6,,29.7,82.0,0.0,3.9,7.8,32.2,0.0,0,"Wenatchee Heights, Chelan County",330165,Wenatchee Heights,2017-11-29 19:19:40.589368
2009-02-25,21:30,35.2,,28.1,75.0,0.0,4.8,9.6,32.2,0.0,0,"Wenatchee Heights, Chelan County",330165,Wenatchee Heights,2017-11-29 19:19:40.589368
2009-02-25,21:45,35.1,,27.2,72.7,0.0,4.0,7.1,32.1,0.0,0,"Wenatchee Heights, Chelan County",330165,Wenatchee Heights,2017-11-29 19:19:40.589368
2009-02-25,22:00,34.8,,28.0,76.1,0.0,1.9,3.5,32.1,0.0,0,"Wenatchee Heights, Chelan County",330165,Wenatchee Heights,2017-11-29 19:19:40.589368
2009-02-25,22:15,33.9,,28.6,80.8,0.0,1.8,4.6,32.1,0.0,0,"Wenatchee Heights, Chelan County",330165,Wenatchee Heights,2017-11-29 19:19:40.589368
2009-02-25,22:30,34.4,,27.8,76.5,0.0,3.9,6.7,32.1,0.0,0,"Wenatchee Heights, Chelan County",330165,Wenatchee Heights,2017-11-29 19:19:40.589368
2009-02-25,22:45,34.5,,26.7,72.8,0.0,3.3,6.0,32.1,0.0,0,"Wenatchee Heights, Chelan County",330165,Wenatchee Heights,2017-11-29 19:19:40.589368
2009-02-25,23:00,33.7,,27.5,77.9,0.0,3.4,7.1,32.1,0.0,0,"Wenatchee Heights, Chelan County",330165,Wenatchee Heights,2017-11-29 19:19:40.589368
2009-02-25,23:15,32.8,,28.5,83.8,0.0,1.6,4.6,32.1,0.0,0,"Wenatchee Heights, Chelan County",330165,Wenatchee Heights,2017-11-29 19:19:40.589368
2009-02-25,23:30,33.5,,27.2,77.4,0.0,2.9,6.0,32.1,0.0,0,"Wenatchee Heights, Chelan County",330165,Wenatchee Heights,2017-11-29 19:19:40.589368
2009-02-25,23:45,34.4,,25.0,68.2,0.0,1.9,4.6,32.1,0.0,0,"Wenatchee Heights, Chelan County",330165,Wenatchee Heights,2017-11-29 19:19:40.589368
2009-02-25,24:00,33.6,,26.2,74.1,0.0,1.8,3.9,32.1,0.0,0,"Wenatchee Heights, Chelan County",330165,Wenatchee Heights,2017-11-29 19:19:40.589368
2009-02-26,00:15,32.9,,26.3,76.4,0.0,2.0,4.2,32.1,0.0,0,"Wenatchee Heights, Chelan County",330165,Wenatchee Heights,2017-11-29 19:19:40.589368
2009-02-26,00:30,32.7,,26.4,77.5,0.0,4.8,6.4,32.0,0.0,0,"Wenatchee Heights, Chelan County",330165,Wenatchee Heights,2017-11-29 19:19:40.589368
2009-02-26,00:45,32.0,,28.6,87.4,0.0,2.5,6.7,32.0,0.0,0,"Wenatchee Heights, Chelan County",330165,Wenatchee Heights,2017-11-29 19:19:40.589368
2009-02-26,01:00,33.0,,27.6,80.3,0.0,2.9,4.2,32.0,0.0,0,"Wenatchee Heights, Chelan County",330165,Wenatchee Heights,2017-11-29 19:19:40.589368
2009-02-26,01:15,32.3,,28.3,85.2,0.0,2.3,5.3,32.0,0.0,0,"Wenatchee Heights, Chelan County",330165,Wenatchee Heights,2017-11-29 19:19:40.589368
2009-02-26,01:30,31.5,,27.7,86.1,0.0,3.6,5.3,32.0,0.0,0,"Wenatchee Heights, Chelan County",330165,Wenatchee Heights,2017-11-29 19:19:40.589368
2009-02-26,01:45,31.9,,26.2,79.8,0.0,3.8,6.0,32.0,0.0,0,"Wenatchee Heights, Chelan County",330165,Wenatchee Heights,2017-11-29 19:19:40.589368
2009-02-26,02:00,32.8,,24.5,71.2,0.0,5.0,10.7,32.0,0.0,0,"Wenatchee Heights, Chelan County",330165,Wenatchee Heights,2017-11-29 19:19:40.589368
2009-02-26,02:15,32.4,,24.0,70.9,0.0,5.2,10.3,32.0,0.0,0,"Wenatchee Heights, Chelan County",330165,Wenatchee Heights,2017-11-29 19:19:40.589368
2009-02-26,02:30,32.0,,23.2,69.5,0.0,4.3,6.7,32.0,0.0,0,"Wenatchee Heights, Chelan County",330165,Wenatchee Heights,2017-11-29 19:19:40.589368
2009-02-26,02:45,32.3,,22.1,65.5,0.0,3.2,6.7,32.0,0.0,0,"Wenatchee Heights, Chelan County",330165,Wenatchee Heights,2017-11-29 19:19:40.589368
2009-02-26,03:00,31.4,,22.5,69.9,0.0,1.5,3.1,32.0,0.0,0,"Wenatchee Heights, Chelan County",330165,Wenatchee Heights,2017-11-29 19:19:40.589368
2009-02-26,03:15,30.6,,24.4,78.4,0.0,3.8,6.0,32.0,0.0,0,"Wenatchee Heights, Chelan County",330165,Wenatchee Heights,2017-11-29 19:19:40.589368
2009-02-26,03:30,30.9,,24.3,77.2,0.0,3.9,5.7,31.9,0.0,0,"Wenatchee Heights, Chelan County",330165,Wenatchee Heights,2017-11-29 19:19:40.589368
2009-02-26,03:45,30.9,,24.3,77.1,0.0,4.8,7.8,31.9,0.0,0,"Wenatchee Heights, Chelan County",330165,Wenatchee Heights,2017-11-29 19:19:40.589368
2009-02-26,04:00,30.3,,24.5,80.0,0.0,5.6,11.4,31.9,0.0,0,"Wenatchee Heights, Chelan County",330165,Wenatchee Heights,2017-11-29 19:19:40.589368
2009-02-26,04:15,30.5,,22.8,73.7,0.0,4.3,7.8,31.9,0.0,0,"Wenatchee Heights, Chelan County",330165,Wenatchee Heights,2017-11-29 19:19:40.589368
2009-02-26,04:30,30.3,,21.9,71.6,0.0,4.7,8.5,31.9,0.0,0,"Wenatchee Heights, Chelan County",330165,Wenatchee Heights,2017-11-29 19:19:40.589368
2009-02-26,04:45,30.3,,19.6,65.1,0.0,3.4,7.8,31.9,0.0,0,"Wenatchee Heights, Chelan County",330165,Wenatchee Heights,2017-11-29 19:19:40.589368
2009-02-26,05:00,30.4,,16.7,57.0,0.0,2.6,7.8,31.9,0.0,0,"Wenatchee Heights, Chelan County",330165,Wenatchee Heights,2017-11-29 19:19:40.589368
2009-02-26,05:15,30.3,,14.4,51.9,0.0,3.8,7.8,31.9,0.0,0,"Wenatchee Heights, Chelan County",330165,Wenatchee Heights,2017-11-29 19:19:40.589368
2009-02-26,05:30,30.1,,12.1,47.3,0.0,3.0,7.1,31.9,0.0,0,"Wenatchee Heights, Chelan County",330165,Wenatchee Heights,2017-11-29 19:19:40.589368
2009-02-26,05:45,29.7,,10.5,44.9,0.0,4.9,13.5,31.9,0.0,0,"Wenatchee Heights, Chelan County",330165,Wenatchee Heights,2017-11-29 19:19:40.589368
2009-02-26,06:00,29.2,,12.6,50.4,0.0,8.4,13.2,31.9,0.0,0,"Wenatchee Heights, Chelan County",330165,Wenatchee Heights,2017-11-29 19:19:40.589368
2009-02-26,06:15,28.8,,12.3,50.8,0.0,8.7,12.4,31.9,0.0,0,"Wenatchee Heights, Chelan County",330165,Wenatchee Heights,2017-11-29 19:19:40.589368
2009-02-26,06:30,28.6,,10.9,48.3,0.0,6.9,11.7,31.9,0.0,0,"Wenatchee Heights, Chelan County",330165,Wenatchee Heights,2017-11-29 19:19:40.589368
2009-02-26,06:45,28.6,,10.4,47.2,0.0,10.4,17.5,31.9,0.0,1,"Wenatchee Heights, Chelan County",330165,Wenatchee Heights,2017-11-29 19:19:40.589368
2009-02-26,07:00,28.4,,10.7,48.2,0.0,10.5,16.0,31.9,0.0,6,"Wenatchee Heights, Chelan County",330165,Wenatchee Heights,2017-11-29 19:19:40.589368
2009-02-26,07:15,28.6,,10.3,47.0,0.0,7.7,17.8,31.9,0.0,17,"Wenatchee Heights, Chelan County",330165,Wenatchee Heights,2017-11-29 19:19:40.589368
2009-02-26,07:30,28.5,,10.1,46.6,0.0,5.0,9.6,31.9,0.0,27,"Wenatchee Heights, Chelan County",330165,Wenatchee Heights,2017-11-29 19:19:40.589368
2009-02-26,07:45,28.6,,8.8,43.8,0.0,8.5,17.8,31.9,0.0,39,"Wenatchee Heights, Chelan County",330165,Wenatchee Heights,2017-11-29 19:19:40.589368
2009-02-26,08:00,29.0,,7.9,41.4,0.0,11.0,22.5,31.9,0.0,118,"Wenatchee Heights, Chelan County",330165,Wenatchee Heights,2017-11-29 19:19:40.589368
2009-02-26,08:15,29.8,,8.3,40.6,0.0,7.6,16.0,31.9,0.0,179,"Wenatchee Heights, Chelan County",330165,Wenatchee Heights,2017-11-29 19:19:40.589368
2009-02-26,08:30,30.2,,8.3,39.7,0.0,7.6,14.2,31.9,0.0,236,"Wenatchee Heights, Chelan County",330165,Wenatchee Heights,2017-11-29 19:19:40.589368
2009-02-26,08:45,30.4,,8.9,40.4,0.0,9.4,15.0,31.9,0.0,328,"Wenatchee Heights, Chelan County",330165,Wenatchee Heights,2017-11-29 19:19:40.589368
2009-02-26,09:00,30.9,,9.2,40.1,0.0,9.3,16.0,31.9,0.0,394,"Wenatchee Heights, Chelan County",330165,Wenatchee Heights,2017-11-29 19:19:40.589368
2009-02-26,09:15,31.6,,9.7,39.6,0.0,7.7,15.0,31.9,0.0,456,"Wenatchee Heights, Chelan County",330165,Wenatchee Heights,2017-11-29 19:19:40.589368
2009-02-26,09:30,33.2,,12.3,41.4,0.0,5.7,8.5,31.9,0.0,519,"Wenatchee Heights, Chelan County",330165,Wenatchee Heights,2017-11-29 19:19:40.589368
2009-02-26,09:45,32.9,,14.2,45.6,0.0,9.1,13.5,31.9,0.0,574,"Wenatchee Heights, Chelan County",330165,Wenatchee Heights,2017-11-29 19:19:40.589368
2009-02-26,10:00,31.9,,14.3,47.8,0.0,10.1,16.0,31.9,0.0,398,"Wenatchee Heights, Chelan County",330165,Wenatchee Heights,2017-11-29 19:19:40.589368
2009-02-26,10:15,30.4,,16.0,55.3,0.0,11.1,15.3,31.9,0.0,261,"Wenatchee Heights, Chelan County",330165,Wenatchee Heights,2017-11-29 19:19:40.589368
2009-02-26,10:30,29.3,,18.4,64.7,0.0,6.0,9.6,31.9,0.0,228,"Wenatchee Heights, Chelan County",330165,Wenatchee Heights,2017-11-29 19:19:40.589368
2009-02-26,10:45,30.4,,18.3,61.3,0.0,4.3,7.1,31.9,0.0,309,"Wenatchee Heights, Chelan County",330165,Wenatchee Heights,2017-11-29 19:19:40.589368
2009-02-26,11:00,31.9,,17.8,55.8,0.0,4.2,6.4,31.9,0.0,483,"Wenatchee Heights, Chelan County",330165,Wenatchee Heights,2017-11-29 19:19:40.589368
2009-02-26,11:15,33.4,,18.2,53.2,0.0,6.1,10.7,31.9,0.0,554,"Wenatchee Heights, Chelan County",330165,Wenatchee Heights,2017-11-29 19:19:40.589368
2009-02-26,11:30,33.5,,18.6,53.8,0.0,7.0,14.2,31.9,0.0,504,"Wenatchee Heights, Chelan County",330165,Wenatchee Heights,2017-11-29 19:19:40.589368
2009-02-26,11:45,33.5,,18.0,52.5,0.0,9.7,13.2,31.9,0.0,437,"Wenatchee Heights, Chelan County",330165,Wenatchee Heights,2017-11-29 19:19:40.589368
2009-02-26,12:00,32.0,,19.3,59.3,0.0,7.7,12.8,31.8,0.0,317,"Wenatchee Heights, Chelan County",330165,Wenatchee Heights,2017-11-29 19:19:40.589368
2009-02-26,12:15,30.9,,21.1,67.6,0.0,5.4,8.2,31.9,0.0,264,"Wenatchee Heights, Chelan County",330165,Wenatchee Heights,2017-11-29 19:19:40.589368
2009-02-26,12:30,29.7,,20.6,69.7,0.0,4.0,7.4,31.9,0.0,224,"Wenatchee Heights, Chelan County",330165,Wenatchee Heights,2017-11-29 19:19:40.589368
2009-02-26,12:45,30.4,,19.0,63.2,0.0,5.2,10.7,31.9,0.0,235,"Wenatchee Heights, Chelan County",330165,Wenatchee Heights,2017-11-29 19:19:40.589368
2009-02-26,13:00,32.2,,17.8,54.8,0.0,7.5,12.1,31.9,0.0,394,"Wenatchee Heights, Chelan County",330165,Wenatchee Heights,2017-11-29 19:19:40.589368
2009-02-26,13:15,33.7,,18.0,52.1,0.0,7.0,10.3,31.9,0.0,411,"Wenatchee Heights, Chelan County",330165,Wenatchee Heights,2017-11-29 19:19:40.589368
2009-02-26,13:30,33.6,,18.3,53.0,0.0,5.8,8.5,31.9,0.0,382,"Wenatchee Heights, Chelan County",330165,Wenatchee Heights,2017-11-29 19:19:40.589368
2009-02-26,13:45,35.3,,17.5,47.8,0.0,8.4,14.2,31.9,0.0,629,"Wenatchee Heights, Chelan County",330165,Wenatchee Heights,2017-11-29 19:19:40.589368
2009-02-26,14:00,35.8,,18.0,48.0,0.0,8.2,13.9,31.9,0.0,466,"Wenatchee Heights, Chelan County",330165,Wenatchee Heights,2017-11-29 19:19:40.589368
2009-02-26,14:15,34.4,,15.3,45.1,0.0,9.5,17.1,32.0,0.0,260,"Wenatchee Heights, Chelan County",330165,Wenatchee Heights,2017-11-29 19:19:40.589368
2009-02-26,14:30,35.5,,17.0,46.3,0.0,10.9,22.1,32.0,0.0,380,"Wenatchee Heights, Chelan County",330165,Wenatchee Heights,2017-11-29 19:19:40.589368
2009-02-26,14:45,36.6,,17.2,44.9,0.0,10.2,16.0,32.0,0.0,547,"Wenatchee Heights, Chelan County",330165,Wenatchee Heights,2017-11-29 19:19:40.589368
2009-02-26,15:00,36.8,,17.5,45.0,0.0,10.4,16.0,32.0,0.0,478,"Wenatchee Heights, Chelan County",330165,Wenatchee Heights,2017-11-29 19:19:40.589368
2009-02-26,15:15,36.7,,17.9,46.0,0.0,10.5,15.0,32.1,0.0,414,"Wenatchee Heights, Chelan County",330165,Wenatchee Heights,2017-11-29 19:19:40.589368
2009-02-26,15:30,37.2,,18.0,45.3,0.0,9.9,13.5,32.1,0.0,421,"Wenatchee Heights, Chelan County",330165,Wenatchee Heights,2017-11-29 19:19:40.589368
2009-02-26,15:45,36.7,,17.3,44.8,0.0,9.8,14.6,32.1,0.0,319,"Wenatchee Heights, Chelan County",330165,Wenatchee Heights,2017-11-29 19:19:40.589368
2009-02-26,16:00,36.4,,17.6,46.1,0.0,10.4,15.3,32.2,0.0,236,"Wenatchee Heights, Chelan County",330165,Wenatchee Heights,2017-11-29 19:19:40.589368
2009-02-26,16:15,36.2,,16.8,44.7,0.0,9.1,15.3,32.2,0.0,217,"Wenatchee Heights, Chelan County",330165,Wenatchee Heights,2017-11-29 19:19:40.589368
2009-02-26,16:30,36.3,,16.8,44.7,0.0,8.1,13.2,32.2,0.0,173,"Wenatchee Heights, Chelan County",330165,Wenatchee Heights,2017-11-29 19:19:40.589368
2009-02-26,16:45,35.9,,18.1,48.1,0.0,7.9,12.1,32.3,0.0,133,"Wenatchee Heights, Chelan County",330165,Wenatchee Heights,2017-11-29 19:19:40.589368
2009-02-26,17:00,35.4,,18.6,49.9,0.0,5.0,8.9,32.3,0.0,95,"Wenatchee Heights, Chelan County",330165,Wenatchee Heights,2017-11-29 19:19:40.589368
2009-02-26,17:15,33.3,,17.8,52.5,0.0,5.6,11.4,32.3,0.0,19,"Wenatchee Heights, Chelan County",330165,Wenatchee Heights,2017-11-29 19:19:40.589368
2009-02-26,17:30,32.0,,18.6,57.3,0.0,5.9,9.9,32.3,0.0,13,"Wenatchee Heights, Chelan County",330165,Wenatchee Heights,2017-11-29 19:19:40.589368
2009-02-26,17:45,31.5,,18.1,57.8,0.0,7.7,11.0,32.4,0.0,7,"Wenatchee Heights, Chelan County",330165,Wenatchee Heights,2017-11-29 19:19:40.589368
2009-02-26,18:00,31.0,,18.7,60.8,0.0,8.0,12.4,32.4,0.0,2,"Wenatchee Heights, Chelan County",330165,Wenatchee Heights,2017-11-29 19:19:40.589368
2009-02-26,18:15,30.7,,18.2,60.1,0.0,8.9,17.1,32.4,0.0,0,"Wenatchee Heights, Chelan County",330165,Wenatchee Heights,2017-11-29 19:19:40.589368
2009-02-26,18:30,30.2,,17.7,60.3,0.0,5.9,12.4,32.4,0.0,0,"Wenatchee Heights, Chelan County",330165,Wenatchee Heights,2017-11-29 19:19:40.589368
2009-02-26,18:45,29.9,,17.5,60.6,0.0,3.9,9.2,32.4,0.0,0,"Wenatchee Heights, Chelan County",330165,Wenatchee Heights,2017-11-29 19:19:40.589368
2009-02-26,19:00,29.5,,17.5,61.7,0.0,3.0,5.7,32.4,0.0,0,"Wenatchee Heights, Chelan County",330165,Wenatchee Heights,2017-11-29 19:19:40.589368
2009-02-26,19:15,29.2,,17.2,61.9,0.0,1.9,3.9,32.3,0.0,0,"Wenatchee Heights, Chelan County",330165,Wenatchee Heights,2017-11-29 19:19:40.589368
2009-02-26,19:30,29.6,,16.8,59.5,0.0,3.0,5.7,32.3,0.0,0,"Wenatchee Heights, Chelan County",330165,Wenatchee Heights,2017-11-29 19:19:40.589368
2009-02-26,19:45,29.4,,16.7,59.7,0.0,2.3,3.5,32.3,0.0,0,"Wenatchee Heights, Chelan County",330165,Wenatchee Heights,2017-11-29 19:19:40.589368
2009-02-26,20:00,29.5,,16.0,58.0,0.0,2.1,4.9,32.3,0.0,0,"Wenatchee Heights, Chelan County",330165,Wenatchee Heights,2017-11-29 19:19:40.589368
2009-02-26,20:15,29.1,,15.3,57.2,0.0,1.7,4.2,32.3,0.0,0,"Wenatchee Heights, Chelan County",330165,Wenatchee Heights,2017-11-29 19:19:40.589368
2009-02-26,20:30,29.0,,15.5,57.8,0.0,2.0,4.9,32.2,0.0,0,"Wenatchee Heights, Chelan County",330165,Wenatchee Heights,2017-11-29 19:19:40.589368
2009-02-26,20:45,28.6,,15.1,57.9,0.0,3.7,6.0,32.2,0.0,0,"Wenatchee Heights, Chelan County",330165,Wenatchee Heights,2017-11-29 19:19:40.589368
2009-02-26,21:00,28.8,,14.9,56.8,0.0,3.8,6.4,32.2,0.0,0,"Wenatchee Heights, Chelan County",330165,Wenatchee Heights,2017-11-29 19:19:40.589368
2009-02-26,21:15,28.4,,14.7,57.6,0.0,3.1,5.3,32.2,0.0,0,"Wenatchee Heights, Chelan County",330165,Wenatchee Heights,2017-11-29 19:19:40.589368
2009-02-26,21:30,28.1,,14.9,58.7,0.0,3.9,6.0,32.1,0.0,0,"Wenatchee Heights, Chelan County",330165,Wenatchee Heights,2017-11-29 19:19:40.589368
2009-02-26,21:45,28.1,,14.9,58.6,0.0,3.7,6.0,32.1,0.0,0,"Wenatchee Heights, Chelan County",330165,Wenatchee Heights,2017-11-29 19:19:40.589368
2009-02-26,22:00,28.1,,14.8,58.4,0.0,3.7,6.0,32.1,0.0,0,"Wenatchee Heights, Chelan County",330165,Wenatchee Heights,2017-11-29 19:19:40.589368
2009-02-26,22:15,28.0,,14.8,58.8,0.0,2.8,5.7,32.1,0.0,0,"Wenatchee Heights, Chelan County",330165,Wenatchee Heights,2017-11-29 19:19:40.589368
2009-02-26,22:30,28.1,,14.6,58.2,0.0,2.1,4.9,32.1,0.0,0,"Wenatchee Heights, Chelan County",330165,Wenatchee Heights,2017-11-29 19:19:40.589368
2009-02-26,22:45,27.5,,14.9,60.3,0.0,1.0,2.8,32.1,0.0,0,"Wenatchee Heights, Chelan County",330165,Wenatchee Heights,2017-11-29 19:19:40.589368
2009-02-26,23:00,27.7,,14.7,59.2,0.0,3.3,5.7,32.0,0.0,0,"Wenatchee Heights, Chelan County",330165,Wenatchee Heights,2017-11-29 19:19:40.589368
2009-02-26,23:15,27.5,,14.6,59.8,0.0,2.1,4.6,32.0,0.0,0,"Wenatchee Heights, Chelan County",330165,Wenatchee Heights,2017-11-29 19:19:40.589368
2009-02-26,23:30,27.2,,14.9,61.4,0.0,2.4,6.4,32.0,0.0,0,"Wenatchee Heights, Chelan County",330165,Wenatchee Heights,2017-11-29 19:19:40.589368
2009-02-26,23:45,27.0,,14.4,60.5,0.0,4.3,7.4,32.0,0.0,0,"Wenatchee Heights, Chelan County",330165,Wenatchee Heights,2017-11-29 19:19:40.589368
2009-02-26,24:00,27.2,,14.5,60.1,0.0,3.3,4.9,32.0,0.0,0,"Wenatchee Heights, Chelan County",330165,Wenatchee Heights,2017-11-29 19:19:40.589368
2009-02-27,00:15,27.3,,14.2,59.2,0.0,3.6,4.9,32.0,0.0,0,"Wenatchee Heights, Chelan County",330165,Wenatchee Heights,2017-11-29 19:19:40.589368
2009-02-27,00:30,27.0,,14.5,60.7,0.0,3.4,5.3,32.0,0.0,0,"Wenatchee Heights, Chelan County",330165,Wenatchee Heights,2017-11-29 19:19:40.589368
2009-02-27,00:45,26.8,,14.4,61.2,0.0,3.1,4.9,32.0,0.0,0,"Wenatchee Heights, Chelan County",330165,Wenatchee Heights,2017-11-29 19:19:40.589368
2009-02-27,01:00,26.7,,14.5,61.7,0.0,2.5,4.6,32.0,0.0,0,"Wenatchee Heights, Chelan County",330165,Wenatchee Heights,2017-11-29 19:19:40.589368
2009-02-27,01:15,26.3,,14.1,61.6,0.0,2.9,4.2,32.0,0.0,0,"Wenatchee Heights, Chelan County",330165,Wenatchee Heights,2017-11-29 19:19:40.589368
2009-02-27,01:30,26.3,,14.1,61.7,0.0,2.7,3.1,32.0,0.0,0,"Wenatchee Heights, Chelan County",330165,Wenatchee Heights,2017-11-29 19:19:40.589368
2009-02-27,01:45,26.5,,13.9,60.5,0.0,1.9,2.8,31.9,0.0,0,"Wenatchee Heights, Chelan County",330165,Wenatchee Heights,2017-11-29 19:19:40.589368
2009-02-27,02:00,26.4,,14.1,61.5,0.0,0.5,2.4,31.9,0.0,0,"Wenatchee Heights, Chelan County",330165,Wenatchee Heights,2017-11-29 19:19:40.589368
2009-02-27,02:15,25.4,,14.1,64.4,0.0,1.4,2.8,31.9,0.0,0,"Wenatchee Heights, Chelan County",330165,Wenatchee Heights,2017-11-29 19:19:40.589368
2009-02-27,02:30,25.0,,13.9,64.9,0.0,1.6,2.8,31.9,0.0,0,"Wenatchee Heights, Chelan County",330165,Wenatchee Heights,2017-11-29 19:19:40.589368
2009-02-27,02:45,25.1,,14.2,65.7,0.0,0.3,2.1,31.9,0.0,0,"Wenatchee Heights, Chelan County",330165,Wenatchee Heights,2017-11-29 19:19:40.589368
2009-02-27,03:00,24.3,,14.7,69.9,0.0,0.0,0.0,31.9,0.0,0,"Wenatchee Heights, Chelan County",330165,Wenatchee Heights,2017-11-29 19:19:40.589368
2009-02-27,03:15,23.8,,14.3,70.2,0.0,1.3,3.9,31.9,0.0,0,"Wenatchee Heights, Chelan County",330165,Wenatchee Heights,2017-11-29 19:19:40.589368
2009-02-27,03:30,23.9,,14.1,69.1,0.0,2.7,3.9,31.9,0.0,0,"Wenatchee Heights, Chelan County",330165,Wenatchee Heights,2017-11-29 19:19:40.589368
2009-02-27,03:45,23.6,,13.9,69.3,0.0,2.8,3.9,31.9,0.0,0,"Wenatchee Heights, Chelan County",330165,Wenatchee Heights,2017-11-29 19:19:40.589368
2009-02-27,04:00,23.6,,13.7,68.8,0.0,3.5,4.9,31.9,0.0,0,"Wenatchee Heights, Chelan County",330165,Wenatchee Heights,2017-11-29 19:19:40.589368
2009-02-27,04:15,23.5,,14.0,70.2,0.0,3.2,4.6,31.9,0.0,0,"Wenatchee Heights, Chelan County",330165,Wenatchee Heights,2017-11-29 19:19:40.589368
2009-02-27,04:30,23.4,,13.7,69.9,0.0,2.6,3.5,31.9,0.0,0,"Wenatchee Heights, Chelan County",330165,Wenatchee Heights,2017-11-29 19:19:40.589368
2009-02-27,04:45,22.8,,13.9,72.2,0.0,3.6,4.9,31.9,0.0,0,"Wenatchee Heights, Chelan County",330165,Wenatchee Heights,2017-11-29 19:19:40.589368
2009-02-27,05:00,22.4,,13.7,72.9,0.0,3.4,4.6,31.9,0.0,0,"Wenatchee Heights, Chelan County",330165,Wenatchee Heights,2017-11-29 19:19:40.589368
2009-02-27,05:15,21.9,,14.1,75.8,0.0,1.6,2.8,31.9,0.0,0,"Wenatchee Heights, Chelan County",330165,Wenatchee Heights,2017-11-29 19:19:40.589368
2009-02-27,05:30,21.9,,13.6,74.3,0.0,2.4,3.1,31.9,0.0,0,"Wenatchee Heights, Chelan County",330165,Wenatchee Heights,2017-11-29 19:19:40.589368
2009-02-27,05:45,21.8,,14.1,76.3,0.0,1.8,3.1,31.9,0.0,0,"Wenatchee Heights, Chelan County",330165,Wenatchee Heights,2017-11-29 19:19:40.589368
2009-02-27,06:00,20.9,,14.1,79.8,0.0,0.4,3.5,31.9,0.0,0,"Wenatchee Heights, Chelan County",330165,Wenatchee Heights,2017-11-29 19:19:40.589368
2009-02-27,06:15,20.0,,13.7,81.9,0.0,0.4,2.1,31.9,0.0,0,"Wenatchee Heights, Chelan County",330165,Wenatchee Heights,2017-11-29 19:19:40.589368
2009-02-27,06:30,19.9,,13.9,82.9,0.0,0.0,1.4,31.9,0.0,0,"Wenatchee Heights, Chelan County",330165,Wenatchee Heights,2017-11-29 19:19:40.589368
2009-02-27,06:45,19.6,,13.7,83.1,0.0,1.5,3.1,31.9,0.0,3,"Wenatchee Heights, Chelan County",330165,Wenatchee Heights,2017-11-29 19:19:40.589368
2009-02-27,07:00,19.4,,13.7,84.1,0.0,0.1,2.1,31.9,0.0,10,"Wenatchee Heights, Chelan County",330165,Wenatchee Heights,2017-11-29 19:19:40.589368
2009-02-27,07:15,19.2,,13.5,84.1,0.01,0.6,3.1,31.9,0.0,22,"Wenatchee Heights, Chelan County",330165,Wenatchee Heights,2017-11-29 19:19:40.589368
2009-02-27,07:30,19.8,,13.3,81.0,0.0,2.6,3.5,31.9,0.0,84,"Wenatchee Heights, Chelan County",330165,Wenatchee Heights,2017-11-29 19:19:40.589368
2009-02-27,07:45,20.8,,13.5,78.2,0.0,3.3,4.6,31.9,0.0,134,"Wenatchee Heights, Chelan County",330165,Wenatchee Heights,2017-11-29 19:19:40.589368
2009-02-27,08:00,20.7,,13.4,78.1,0.0,3.7,4.9,31.9,0.0,177,"Wenatchee Heights, Chelan County",330165,Wenatchee Heights,2017-11-29 19:19:40.589368
2009-02-27,08:15,20.8,,13.5,78.0,0.0,3.9,5.3,31.9,0.0,220,"Wenatchee Heights, Chelan County",330165,Wenatchee Heights,2017-11-29 19:19:40.589368
2009-02-27,08:30,21.3,,13.7,76.7,0.0,3.9,5.7,31.9,0.0,263,"Wenatchee Heights, Chelan County",330165,Wenatchee Heights,2017-11-29 19:19:40.589368
2009-02-27,08:45,21.9,,13.9,75.1,0.0,3.7,5.7,31.9,0.0,306,"Wenatchee Heights, Chelan County",330165,Wenatchee Heights,2017-11-29 19:19:40.589368
2009-02-27,09:00,22.5,,14.2,74.0,0.0,3.1,4.6,31.9,0.0,347,"Wenatchee Heights, Chelan County",330165,Wenatchee Heights,2017-11-29 19:19:40.589368
2009-02-27,09:15,23.3,,14.5,72.2,0.0,2.5,3.5,31.9,0.0,387,"Wenatchee Heights, Chelan County",330165,Wenatchee Heights,2017-11-29 19:19:40.589368
2009-02-27,09:30,24.1,,14.7,70.3,0.0,2.5,3.9,31.9,0.0,425,"Wenatchee Heights, Chelan County",330165,Wenatchee Heights,2017-11-29 19:19:40.589368
2009-02-27,09:45,24.6,,15.4,70.9,0.0,3.0,4.2,31.9,0.0,458,"Wenatchee Heights, Chelan County",330165,Wenatchee Heights,2017-11-29 19:19:40.589368
2009-02-27,10:00,25.0,,16.1,71.4,0.0,2.7,3.9,31.9,0.0,490,"Wenatchee Heights, Chelan County",330165,Wenatchee Heights,2017-11-29 19:19:40.589368
2009-02-27,10:15,25.8,,16.3,69.5,0.0,3.2,4.2,31.9,0.0,523,"Wenatchee Heights, Chelan County",330165,Wenatchee Heights,2017-11-29 19:19:40.589368
2009-02-27,10:30,26.1,,16.6,69.7,0.0,3.1,3.9,31.9,0.0,543,"Wenatchee Heights, Chelan County",330165,Wenatchee Heights,2017-11-29 19:19:40.589368
2009-02-27,10:45,26.7,,16.7,68.1,0.0,3.5,4.9,31.9,0.0,552,"Wenatchee Heights, Chelan County",330165,Wenatchee Heights,2017-11-29 19:19:40.589368
2009-02-27,11:00,27.4,,17.3,67.7,0.0,3.5,6.0,31.9,0.0,592,"Wenatchee Heights, Chelan County",330165,Wenatchee Heights,2017-11-29 19:19:40.589368
2009-02-27,11:15,28.4,,18.2,67.0,0.0,4.1,6.7,31.9,0.0,609,"Wenatchee Heights, Chelan County",330165,Wenatchee Heights,2017-11-29 19:19:40.589368
2009-02-27,11:30,28.9,,18.9,67.2,0.0,4.0,6.4,31.8,0.0,612,"Wenatchee Heights, Chelan County",330165,Wenatchee Heights,2017-11-29 19:19:40.589368
2009-02-27,11:45,29.7,,19.3,65.9,0.0,4.1,6.7,31.8,0.0,657,"Wenatchee Heights, Chelan County",330165,Wenatchee Heights,2017-11-29 19:19:40.589368
2009-02-27,12:00,30.0,,19.1,64.4,0.0,4.2,7.4,31.8,0.0,639,"Wenatchee Heights, Chelan County",330165,Wenatchee Heights,2017-11-29 19:19:40.589368
2009-02-27,12:15,30.0,,19.2,65.0,0.0,5.4,9.2,31.8,0.0,609,"Wenatchee Heights, Chelan County",330165,Wenatchee Heights,2017-11-29 19:19:40.589368
2009-02-27,12:30,30.0,,19.0,64.3,0.0,5.6,9.9,31.8,0.0,613,"Wenatchee Heights, Chelan County",330165,Wenatchee Heights,2017-11-29 19:19:40.589368
2009-02-27,12:45,30.7,,19.7,63.9,0.0,5.2,11.0,31.8,0.0,615,"Wenatchee Heights, Chelan County",330165,Wenatchee Heights,2017-11-29 19:19:40.589368
2009-02-27,13:00,31.6,,20.3,63.1,0.0,4.8,8.5,31.8,0.0,601,"Wenatchee Heights, Chelan County",330165,Wenatchee Heights,2017-11-29 19:19:40.589368
2009-02-27,13:15,32.4,,20.9,62.2,0.0,4.8,9.9,31.9,0.0,585,"Wenatchee Heights, Chelan County",330165,Wenatchee Heights,2017-11-29 19:19:40.589368
2009-02-27,13:30,31.8,,20.3,62.3,0.0,5.0,8.5,31.8,0.0,490,"Wenatchee Heights, Chelan County",330165,Wenatchee Heights,2017-11-29 19:19:40.589368
2009-02-27,13:45,30.0,,19.2,64.6,0.0,5.2,9.2,31.8,0.0,210,"Wenatchee Heights, Chelan County",330165,Wenatchee Heights,2017-11-29 19:19:40.589368
2009-02-27,14:00,30.9,,20.2,64.9,0.0,5.3,10.3,31.8,0.0,277,"Wenatchee Heights, Chelan County",330165,Wenatchee Heights,2017-11-29 19:19:40.589368
2009-02-27,14:15,32.5,,20.4,60.6,0.0,5.0,8.2,31.8,0.0,462,"Wenatchee Heights, Chelan County",330165,Wenatchee Heights,2017-11-29 19:19:40.589368
2009-02-27,14:30,32.3,,20.8,62.2,0.0,5.4,9.9,31.8,0.0,426,"Wenatchee Heights, Chelan County",330165,Wenatchee Heights,2017-11-29 19:19:40.589368
2009-02-27,14:45,31.5,,20.4,63.6,0.0,4.3,6.7,31.8,0.0,262,"Wenatchee Heights, Chelan County",330165,Wenatchee Heights,2017-11-29 19:19:40.589368
2009-02-27,15:00,33.6,,21.4,60.5,0.0,4.3,7.8,31.8,0.0,484,"Wenatchee Heights, Chelan County",330165,Wenatchee Heights,2017-11-29 19:19:40.589368
2009-02-27,15:15,32.1,,20.5,61.8,0.0,5.3,9.6,31.8,0.0,244,"Wenatchee Heights, Chelan County",330165,Wenatchee Heights,2017-11-29 19:19:40.589368
2009-02-27,15:30,31.0,,20.7,65.8,0.0,5.0,7.8,31.9,0.0,133,"Wenatchee Heights, Chelan County",330165,Wenatchee Heights,2017-11-29 19:19:40.589368
2009-02-27,15:45,30.8,,21.2,67.8,0.0,5.6,8.2,31.9,0.0,112,"Wenatchee Heights, Chelan County",330165,Wenatchee Heights,2017-11-29 19:19:40.589368
2009-02-27,16:00,30.6,,21.4,69.4,0.0,5.5,10.3,31.9,0.0,90,"Wenatchee Heights, Chelan County",330165,Wenatchee Heights,2017-11-29 19:19:40.589368
2009-02-27,16:15,30.4,,21.2,69.4,0.0,4.6,7.8,31.9,0.0,70,"Wenatchee Heights, Chelan County",330165,Wenatchee Heights,2017-11-29 19:19:40.589368
2009-02-27,16:30,29.9,,21.0,70.1,0.0,4.5,6.4,31.9,0.0,50,"Wenatchee Heights, Chelan County",330165,Wenatchee Heights,2017-11-29 19:19:40.589368
2009-02-27,16:45,29.6,,20.9,71.0,0.0,4.7,6.4,31.9,0.0,49,"Wenatchee Heights, Chelan County",330165,Wenatchee Heights,2017-11-29 19:19:40.589368
2009-02-27,17:00,29.3,,20.7,71.5,0.0,4.4,6.7,31.9,0.0,31,"Wenatchee Heights, Chelan County",330165,Wenatchee Heights,2017-11-29 19:19:40.589368
2009-02-27,17:15,29.1,,20.8,72.3,0.0,3.4,5.7,32.0,0.0,20,"Wenatchee Heights, Chelan County",330165,Wenatchee Heights,2017-11-29 19:19:40.589368
2009-02-27,17:30,29.1,,20.7,72.1,0.0,3.5,4.6,32.0,0.0,10,"Wenatchee Heights, Chelan County",330165,Wenatchee Heights,2017-11-29 19:19:40.589368
2009-02-27,17:45,28.8,,20.8,73.3,0.0,3.1,4.2,32.0,0.0,6,"Wenatchee Heights, Chelan County",330165,Wenatchee Heights,2017-11-29 19:19:40.589368
2009-02-27,18:00,28.6,,20.9,74.2,0.0,3.2,4.6,32.0,0.0,2,"Wenatchee Heights, Chelan County",330165,Wenatchee Heights,2017-11-29 19:19:40.589368
2009-02-27,18:15,28.3,,20.9,75.5,0.0,4.0,6.4,32.0,0.0,0,"Wenatchee Heights, Chelan County",330165,Wenatchee Heights,2017-11-29 19:19:40.589368
2009-02-27,18:30,27.9,,21.2,77.9,0.0,3.2,6.4,32.0,0.0,0,"Wenatchee Heights, Chelan County",330165,Wenatchee Heights,2017-11-29 19:19:40.589368
2009-02-27,18:45,28.2,,21.5,77.8,0.0,3.4,4.6,32.0,0.0,0,"Wenatchee Heights, Chelan County",330165,Wenatchee Heights,2017-11-29 19:19:40.589368
2009-02-27,19:00,27.9,,21.6,79.3,0.0,4.3,6.0,32.0,0.0,0,"Wenatchee Heights, Chelan County",330165,Wenatchee Heights,2017-11-29 19:19:40.589368
2009-02-27,19:15,27.4,,21.6,81.1,0.0,4.2,6.0,32.0,0.0,0,"Wenatchee Heights, Chelan County",330165,Wenatchee Heights,2017-11-29 19:19:40.589368
2009-02-27,19:30,27.3,,21.7,81.6,0.0,4.8,7.4,32.0,0.0,0,"Wenatchee Heights, Chelan County",330165,Wenatchee Heights,2017-11-29 19:19:40.589368
2009-02-27,19:45,27.4,,21.7,81.4,0.0,5.0,7.8,32.0,0.0,0,"Wenatchee Heights, Chelan County",330165,Wenatchee Heights,2017-11-29 19:19:40.589368
2009-02-27,20:00,27.5,,21.8,81.3,0.0,4.5,6.7,32.0,0.0,0,"Wenatchee Heights, Chelan County",330165,Wenatchee Heights,2017-11-29 19:19:40.589368
2009-02-27,20:15,27.8,,21.6,79.3,0.0,5.1,8.5,32.0,0.0,0,"Wenatchee Heights, Chelan County",330165,Wenatchee Heights,2017-11-29 19:19:40.589368
2009-02-27,20:30,28.2,,21.8,79.0,0.0,4.3,7.1,32.0,0.0,0,"Wenatchee Heights, Chelan County",330165,Wenatchee Heights,2017-11-29 19:19:40.589368
2009-02-27,20:45,28.2,,21.6,78.2,0.0,3.4,5.7,32.0,0.0,0,"Wenatchee Heights, Chelan County",330165,Wenatchee Heights,2017-11-29 19:19:40.589368
2009-02-27,21:00,27.9,,21.4,78.2,0.0,4.2,7.1,32.0,0.0,0,"Wenatchee Heights, Chelan County",330165,Wenatchee Heights,2017-11-29 19:19:40.589368
2009-02-27,21:15,28.0,,21.4,77.9,0.0,4.5,6.7,32.0,0.0,0,"Wenatchee Heights, Chelan County",330165,Wenatchee Heights,2017-11-29 19:19:40.589368
2009-02-27,21:30,28.2,,21.4,77.7,0.0,3.7,5.3,32.0,0.0,0,"Wenatchee Heights, Chelan County",330165,Wenatchee Heights,2017-11-29 19:19:40.589368
2009-02-27,21:45,28.2,,21.4,77.5,0.0,3.7,6.4,32.0,0.0,0,"Wenatchee Heights, Chelan County",330165,Wenatchee Heights,2017-11-29 19:19:40.589368
2009-02-27,22:00,28.2,,21.3,77.1,0.0,3.8,5.3,31.9,0.0,0,"Wenatchee Heights, Chelan County",330165,Wenatchee Heights,2017-11-29 19:19:40.589368
2009-02-27,22:15,28.3,,21.5,77.3,0.0,3.7,4.9,31.9,0.0,0,"Wenatchee Heights, Chelan County",330165,Wenatchee Heights,2017-11-29 19:19:40.589368
2009-02-27,22:30,28.6,,21.8,77.3,0.0,3.4,4.2,31.9,0.0,0,"Wenatchee Heights, Chelan County",330165,Wenatchee Heights,2017-11-29 19:19:40.589368
2009-02-27,22:45,28.6,,21.9,77.4,0.0,3.3,4.6,31.9,0.0,0,"Wenatchee Heights, Chelan County",330165,Wenatchee Heights,2017-11-29 19:19:40.589368
2009-02-27,23:00,28.6,,21.9,77.3,0.0,3.4,4.6,31.9,0.0,0,"Wenatchee Heights, Chelan County",330165,Wenatchee Heights,2017-11-29 19:19:40.589368
2009-02-27,23:15,28.6,,21.8,77.2,0.0,3.3,4.6,31.9,0.0,0,"Wenatchee Heights, Chelan County",330165,Wenatchee Heights,2017-11-29 19:19:40.589368
2009-02-27,23:30,28.4,,21.8,78.1,0.0,3.6,4.9,31.9,0.0,0,"Wenatchee Heights, Chelan County",330165,Wenatchee Heights,2017-11-29 19:19:40.589368
2009-02-27,23:45,28.6,,21.7,76.9,0.0,3.4,5.3,31.9,0.0,0,"Wenatchee Heights, Chelan County",330165,Wenatchee Heights,2017-11-29 19:19:40.589368
2009-02-27,24:00,28.6,,22.0,77.8,0.0,2.8,4.2,31.9,0.0,0,"Wenatchee Heights, Chelan County",330165,Wenatchee Heights,2017-11-29 19:19:40.589368
2009-02-28,00:15,28.0,,22.0,80.0,0.0,3.5,5.3,31.9,0.0,0,"Wenatchee Heights, Chelan County",330165,Wenatchee Heights,2017-11-29 19:19:40.589368
2009-02-28,00:30,27.5,,21.4,79.9,0.0,3.5,5.7,31.9,0.0,0,"Wenatchee Heights, Chelan County",330165,Wenatchee Heights,2017-11-29 19:19:40.589368
2009-02-28,00:45,27.8,,21.4,79.0,0.0,2.5,3.9,31.9,0.0,0,"Wenatchee Heights, Chelan County",330165,Wenatchee Heights,2017-11-29 19:19:40.589368
2009-02-28,01:00,28.1,,21.6,78.5,0.0,3.5,4.9,31.9,0.0,0,"Wenatchee Heights, Chelan County",330165,Wenatchee Heights,2017-11-29 19:19:40.589368
2009-02-28,01:15,28.2,,21.5,77.7,0.0,3.4,4.9,31.9,0.0,0,"Wenatchee Heights, Chelan County",330165,Wenatchee Heights,2017-11-29 19:19:40.589368
2009-02-28,01:30,28.4,,21.6,77.2,0.0,3.1,4.2,31.9,0.0,0,"Wenatchee Heights, Chelan County",330165,Wenatchee Heights,2017-11-29 19:19:40.589368
2009-02-28,01:45,28.6,,21.6,76.7,0.0,3.5,4.9,31.9,0.0,0,"Wenatchee Heights, Chelan County",330165,Wenatchee Heights,2017-11-29 19:19:40.589368
2009-02-28,02:00,28.6,,21.8,77.2,0.0,3.8,5.3,31.9,0.0,0,"Wenatchee Heights, Chelan County",330165,Wenatchee Heights,2017-11-29 19:19:40.589368
2009-02-28,02:15,28.3,,21.7,78.2,0.0,3.0,4.6,31.9,0.0,0,"Wenatchee Heights, Chelan County",330165,Wenatchee Heights,2017-11-29 19:19:40.589368
2009-02-28,02:30,28.2,,21.6,78.2,0.0,2.8,3.5,31.9,0.0,0,"Wenatchee Heights, Chelan County",330165,Wenatchee Heights,2017-11-29 19:19:40.589368
2009-02-28,02:45,28.2,,21.3,77.2,0.0,3.5,4.9,31.9,0.0,0,"Wenatchee Heights, Chelan County",330165,Wenatchee Heights,2017-11-29 19:19:40.589368
2009-02-28,03:00,28.4,,21.4,76.8,0.0,3.1,4.2,31.9,0.0,0,"Wenatchee Heights, Chelan County",330165,Wenatchee Heights,2017-11-29 19:19:40.589368
2009-02-28,03:15,28.6,,21.7,76.8,0.0,3.5,5.3,31.9,0.0,0,"Wenatchee Heights, Chelan County",330165,Wenatchee Heights,2017-11-29 19:19:40.589368
2009-02-28,03:30,28.6,,21.7,76.7,0.0,3.0,4.9,31.9,0.0,0,"Wenatchee Heights, Chelan County",330165,Wenatchee Heights,2017-11-29 19:19:40.589368
2009-02-28,03:45,28.6,,21.4,76.0,0.0,3.4,4.6,31.9,0.0,0,"Wenatchee Heights, Chelan County",330165,Wenatchee Heights,2017-11-29 19:19:40.589368
2009-02-28,04:00,28.6,,21.3,75.6,0.0,3.7,5.7,31.9,0.0,0,"Wenatchee Heights, Chelan County",330165,Wenatchee Heights,2017-11-29 19:19:40.589368
2009-02-28,04:15,28.7,,21.6,76.3,0.0,1.7,4.6,31.9,0.0,0,"Wenatchee Heights, Chelan County",330165,Wenatchee Heights,2017-11-29 19:19:40.589368
2009-02-28,04:30,28.9,,21.7,75.9,0.0,3.0,4.2,31.9,0.0,0,"Wenatchee Heights, Chelan County",330165,Wenatchee Heights,2017-11-29 19:19:40.589368
2009-02-28,04:45,28.7,,21.9,77.2,0.0,3.4,4.6,31.9,0.0,0,"Wenatchee Heights, Chelan County",330165,Wenatchee Heights,2017-11-29 19:19:40.589368
2009-02-28,05:00,29.1,,22.1,76.4,0.0,2.9,4.2,31.9,0.0,0,"Wenatchee Heights, Chelan County",330165,Wenatchee Heights,2017-11-29 19:19:40.589368
2009-02-28,05:15,29.1,,21.5,74.6,0.0,2.7,3.9,31.9,0.0,0,"Wenatchee Heights, Chelan County",330165,Wenatchee Heights,2017-11-29 19:19:40.589368
2009-02-28,05:30,29.1,,21.5,74.5,0.0,2.8,3.9,31.9,0.0,0,"Wenatchee Heights, Chelan County",330165,Wenatchee Heights,2017-11-29 19:19:40.589368
2009-02-28,05:45,29.1,,22.0,76.3,0.0,2.4,3.5,31.9,0.0,0,"Wenatchee Heights, Chelan County",330165,Wenatchee Heights,2017-11-29 19:19:40.589368
2009-02-28,06:00,28.8,,21.7,76.4,0.0,2.3,3.5,31.9,0.0,0,"Wenatchee Heights, Chelan County",330165,Wenatchee Heights,2017-11-29 19:19:40.589368
2009-02-28,06:15,28.1,,22.0,79.7,0.0,1.7,3.1,31.9,0.0,0,"Wenatchee Heights, Chelan County",330165,Wenatchee Heights,2017-11-29 19:19:40.589368
2009-02-28,06:30,28.1,,22.4,81.3,0.0,2.4,3.5,31.9,0.0,1,"Wenatchee Heights, Chelan County",330165,Wenatchee Heights,2017-11-29 19:19:40.589368
2009-02-28,06:45,28.2,,22.2,80.1,0.0,2.6,3.9,31.9,0.0,3,"Wenatchee Heights, Chelan County",330165,Wenatchee Heights,2017-11-29 19:19:40.589368
2009-02-28,07:00,27.8,,21.7,79.9,0.0,2.1,3.1,31.9,0.0,9,"Wenatchee Heights, Chelan County",330165,Wenatchee Heights,2017-11-29 19:19:40.589368
2009-02-28,07:15,27.7,,21.3,78.7,0.0,1.2,2.4,31.9,0.0,27,"Wenatchee Heights, Chelan County",330165,Wenatchee Heights,2017-11-29 19:19:40.589368
2009-02-28,07:30,28.1,,21.5,77.9,0.0,2.6,4.6,31.9,0.0,91,"Wenatchee Heights, Chelan County",330165,Wenatchee Heights,2017-11-29 19:19:40.589368
2009-02-28,07:45,29.6,,21.5,72.9,0.0,1.7,3.5,31.9,0.0,139,"Wenatchee Heights, Chelan County",330165,Wenatchee Heights,2017-11-29 19:19:40.589368
2009-02-28,08:00,30.4,,22.1,71.9,0.0,1.5,3.5,31.9,0.0,185,"Wenatchee Heights, Chelan County",330165,Wenatchee Heights,2017-11-29 19:19:40.589368
2009-02-28,08:15,31.0,,22.3,70.4,0.0,2.1,3.1,31.9,0.0,240,"Wenatchee Heights, Chelan County",330165,Wenatchee Heights,2017-11-29 19:19:40.589368
2009-02-28,08:30,30.4,,21.7,70.9,0.0,2.5,3.5,31.9,0.0,215,"Wenatchee Heights, Chelan County",330165,Wenatchee Heights,2017-11-29 19:19:40.589368
2009-02-28,08:45,30.6,,22.0,70.8,0.0,2.5,3.1,31.9,0.0,295,"Wenatchee Heights, Chelan County",330165,Wenatchee Heights,2017-11-29 19:19:40.589368
2009-02-28,09:00,31.7,,22.4,68.5,0.0,2.9,4.2,31.9,0.0,340,"Wenatchee Heights, Chelan County",330165,Wenatchee Heights,2017-11-29 19:19:40.589368
2009-02-28,09:15,31.8,,22.6,69.0,0.0,3.0,4.6,31.9,0.0,393,"Wenatchee Heights, Chelan County",330165,Wenatchee Heights,2017-11-29 19:19:40.589368
2009-02-28,09:30,33.4,,23.1,65.7,0.0,1.2,3.5,31.9,0.0,428,"Wenatchee Heights, Chelan County",330165,Wenatchee Heights,2017-11-29 19:19:40.589368
2009-02-28,09:45,34.1,,22.9,63.2,0.0,2.2,3.5,31.9,0.0,470,"Wenatchee Heights, Chelan County",330165,Wenatchee Heights,2017-11-29 19:19:40.589368
2009-02-28,10:00,35.4,,21.7,57.1,0.0,1.9,3.1,31.9,0.0,482,"Wenatchee Heights, Chelan County",330165,Wenatchee Heights,2017-11-29 19:19:40.589368
2009-02-28,10:15,34.2,,21.4,59.0,0.0,2.4,3.1,31.9,0.0,289,"Wenatchee Heights, Chelan County",330165,Wenatchee Heights,2017-11-29 19:19:40.589368
2009-02-28,10:30,33.5,,22.8,64.4,0.0,1.7,3.1,31.9,0.0,282,"Wenatchee Heights, Chelan County",330165,Wenatchee Heights,2017-11-29 19:19:40.589368
2009-02-28,10:45,33.8,,22.5,62.8,0.0,2.8,4.6,31.8,0.0,389,"Wenatchee Heights, Chelan County",330165,Wenatchee Heights,2017-11-29 19:19:40.589368
2009-02-28,11:00,34.0,,23.1,63.9,0.0,3.4,5.7,31.8,0.0,435,"Wenatchee Heights, Chelan County",330165,Wenatchee Heights,2017-11-29 19:19:40.589368
2009-02-28,11:15,34.7,,23.1,62.3,0.0,3.3,5.3,31.8,0.0,471,"Wenatchee Heights, Chelan County",330165,Wenatchee Heights,2017-11-29 19:19:40.589368
2009-02-28,11:30,34.0,,23.2,64.1,0.0,3.4,5.7,31.9,0.0,323,"Wenatchee Heights, Chelan County",330165,Wenatchee Heights,2017-11-29 19:19:40.589368
2009-02-28,11:45,34.1,,23.4,64.4,0.0,3.1,5.3,31.8,0.0,309,"Wenatchee Heights, Chelan County",330165,Wenatchee Heights,2017-11-29 19:19:40.589368
2009-02-28,12:00,34.8,,23.5,62.9,0.0,3.6,6.7,31.8,0.0,386,"Wenatchee Heights, Chelan County",330165,Wenatchee Heights,2017-11-29 19:19:40.589368
2009-02-28,12:15,34.8,,23.4,62.8,0.0,3.2,5.3,31.9,0.0,319,"Wenatchee Heights, Chelan County",330165,Wenatchee Heights,2017-11-29 19:19:40.589368
2009-02-28,12:30,35.5,,23.3,60.9,0.0,3.0,4.9,31.9,0.0,356,"Wenatchee Heights, Chelan County",330165,Wenatchee Heights,2017-11-29 19:19:40.589368
2009-02-28,12:45,36.1,,23.6,59.9,0.0,3.4,7.1,31.9,0.0,384,"Wenatchee Heights, Chelan County",330165,Wenatchee Heights,2017-11-29 19:19:40.589368
2009-02-28,13:00,35.5,,23.5,61.2,0.0,4.7,7.8,31.9,0.0,334,"Wenatchee Heights, Chelan County",330165,Wenatchee Heights,2017-11-29 19:19:40.589368
2009-02-28,13:15,36.4,,24.1,60.6,0.0,4.5,8.5,31.9,0.0,476,"Wenatchee Heights, Chelan County",330165,Wenatchee Heights,2017-11-29 19:19:40.589368
2009-02-28,13:30,37.1,,24.4,59.8,0.0,5.5,8.9,31.9,0.0,477,"Wenatchee Heights, Chelan County",330165,Wenatchee Heights,2017-11-29 19:19:40.589368
2009-02-28,13:45,36.5,,23.9,60.0,0.0,5.5,8.5,31.9,0.0,379,"Wenatchee Heights, Chelan County",330165,Wenatchee Heights,2017-11-29 19:19:40.589368
2009-02-28,14:00,36.9,,23.8,58.7,0.0,4.9,7.8,32.0,0.0,421,"Wenatchee Heights, Chelan County",330165,Wenatchee Heights,2017-11-29 19:19:40.589368
2009-02-28,14:15,36.7,,23.6,58.7,0.0,5.0,8.2,32.0,0.0,343,"Wenatchee Heights, Chelan County",330165,Wenatchee Heights,2017-11-29 19:19:40.589368
2009-02-28,14:30,36.7,,23.5,58.4,0.0,4.5,7.4,32.1,0.0,277,"Wenatchee Heights, Chelan County",330165,Wenatchee Heights,2017-11-29 19:19:40.589368
2009-02-28,14:45,36.6,,23.0,57.4,0.0,3.8,6.0,32.1,0.0,318,"Wenatchee Heights, Chelan County",330165,Wenatchee Heights,2017-11-29 19:19:40.589368
2009-02-28,15:00,36.9,,23.3,57.3,0.0,3.8,5.7,32.2,0.0,272,"Wenatchee Heights, Chelan County",330165,Wenatchee Heights,2017-11-29 19:19:40.589368
2009-02-28,15:15,36.4,,23.6,59.2,0.0,4.0,6.7,32.3,0.0,159,"Wenatchee Heights, Chelan County",330165,Wenatchee Heights,2017-11-29 19:19:40.589368
2009-02-28,15:30,36.3,,23.7,59.9,0.0,3.7,4.9,32.3,0.0,158,"Wenatchee Heights, Chelan County",330165,Wenatchee Heights,2017-11-29 19:19:40.589368
2009-02-28,15:45,36.2,,23.4,59.4,0.0,4.1,7.1,32.4,0.0,138,"Wenatchee Heights, Chelan County",330165,Wenatchee Heights,2017-11-29 19:19:40.589368
2009-02-28,16:00,36.0,,23.7,60.7,0.0,3.3,6.0,32.5,0.0,120,"Wenatchee Heights, Chelan County",330165,Wenatchee Heights,2017-11-29 19:19:40.589368
2009-02-28,16:15,36.0,,24.0,61.5,0.0,3.3,4.9,32.5,0.0,81,"Wenatchee Heights, Chelan County",330165,Wenatchee Heights,2017-11-29 19:19:40.589368
2009-02-28,16:30,35.9,,24.0,61.5,0.0,3.4,4.9,32.6,0.0,79,"Wenatchee Heights, Chelan County",330165,Wenatchee Heights,2017-11-29 19:19:40.589368
2009-02-28,16:45,35.3,,24.1,63.4,0.0,3.6,4.9,32.6,0.0,52,"Wenatchee Heights, Chelan County",330165,Wenatchee Heights,2017-11-29 19:19:40.589368
2009-02-28,17:00,34.5,,23.9,64.8,0.0,3.9,6.0,32.7,0.0,35,"Wenatchee Heights, Chelan County",330165,Wenatchee Heights,2017-11-29 19:19:40.589368
2009-02-28,17:15,34.1,,23.6,65.1,0.0,3.1,4.9,32.7,0.0,23,"Wenatchee Heights, Chelan County",330165,Wenatchee Heights,2017-11-29 19:19:40.589368
2009-02-28,17:30,34.1,,23.4,64.6,0.0,2.9,4.6,32.8,0.0,15,"Wenatchee Heights, Chelan County",330165,Wenatchee Heights,2017-11-29 19:19:40.589368
2009-02-28,17:45,33.7,,22.8,64.0,0.0,2.7,4.2,32.8,0.0,4,"Wenatchee Heights, Chelan County",330165,Wenatchee Heights,2017-11-29 19:19:40.589368
2009-02-28,18:00,33.6,,22.4,63.3,0.0,2.6,4.2,32.8,0.0,1,"Wenatchee Heights, Chelan County",330165,Wenatchee Heights,2017-11-29 19:19:40.589368
2009-02-28,18:15,33.7,,22.4,62.9,0.0,3.8,6.4,32.8,0.0,0,"Wenatchee Heights, Chelan County",330165,Wenatchee Heights,2017-11-29 19:19:40.589368
2009-02-28,18:30,33.5,,22.5,63.4,0.0,3.8,5.3,32.8,0.0,0,"Wenatchee Heights, Chelan County",330165,Wenatchee Heights,2017-11-29 19:19:40.589368
2009-02-28,18:45,33.6,,22.4,63.1,0.0,3.4,6.0,32.8,0.0,0,"Wenatchee Heights, Chelan County",330165,Wenatchee Heights,2017-11-29 19:19:40.589368
2009-02-28,19:00,33.4,,22.5,64.0,0.0,3.7,6.0,32.8,0.0,0,"Wenatchee Heights, Chelan County",330165,Wenatchee Heights,2017-11-29 19:19:40.589368
2009-02-28,19:15,33.2,,22.6,64.5,0.0,3.7,6.0,32.8,0.0,0,"Wenatchee Heights, Chelan County",330165,Wenatchee Heights,2017-11-29 19:19:40.589368
2009-02-28,19:30,33.2,,22.6,64.7,0.0,2.8,6.0,32.8,0.0,0,"Wenatchee Heights, Chelan County",330165,Wenatchee Heights,2017-11-29 19:19:40.589368
2009-02-28,19:45,33.2,,22.5,64.3,0.0,5.1,7.8,32.8,0.0,0,"Wenatchee Heights, Chelan County",330165,Wenatchee Heights,2017-11-29 19:19:40.589368
2009-02-28,20:00,33.2,,22.7,64.8,0.0,3.5,5.3,32.8,0.0,0,"Wenatchee Heights, Chelan County",330165,Wenatchee Heights,2017-11-29 19:19:40.589368
2009-02-28,20:15,33.2,,22.6,64.7,0.0,4.7,6.7,32.8,0.0,0,"Wenatchee Heights, Chelan County",330165,Wenatchee Heights,2017-11-29 19:19:40.589368
2009-02-28,20:30,33.2,,22.6,64.6,0.0,4.5,6.7,32.8,0.0,0,"Wenatchee Heights, Chelan County",330165,Wenatchee Heights,2017-11-29 19:19:40.589368
2009-02-28,20:45,33.2,,22.6,64.6,0.0,3.6,5.7,32.7,0.0,0,"Wenatchee Heights, Chelan County",330165,Wenatchee Heights,2017-11-29 19:19:40.589368
2009-02-28,21:00,33.2,,22.5,64.4,0.0,3.5,5.3,32.7,0.0,0,"Wenatchee Heights, Chelan County",330165,Wenatchee Heights,2017-11-29 19:19:40.589368
2009-02-28,21:15,33.2,,22.5,64.4,0.0,3.5,4.9,32.7,0.0,0,"Wenatchee Heights, Chelan County",330165,Wenatchee Heights,2017-11-29 19:19:40.589368
2009-02-28,21:30,33.2,,22.5,64.5,0.0,3.7,5.3,32.7,0.0,0,"Wenatchee Heights, Chelan County",330165,Wenatchee Heights,2017-11-29 19:19:40.589368
2009-02-28,21:45,33.2,,22.5,64.3,0.0,3.6,4.9,32.7,0.0,0,"Wenatchee Heights, Chelan County",330165,Wenatchee Heights,2017-11-29 19:19:40.589368
2009-02-28,22:00,33.4,,22.8,64.6,0.0,3.4,5.7,32.6,0.0,0,"Wenatchee Heights, Chelan County",330165,Wenatchee Heights,2017-11-29 19:19:40.589368
2009-02-28,22:15,33.3,,24.4,69.6,0.0,4.7,6.7,32.6,0.0,0,"Wenatchee Heights, Chelan County",330165,Wenatchee Heights,2017-11-29 19:19:40.589368
2009-02-28,22:30,32.3,,27.0,80.5,0.0,5.2,7.4,32.6,0.0,0,"Wenatchee Heights, Chelan County",330165,Wenatchee Heights,2017-11-29 19:19:40.589368
2009-02-28,22:45,32.1,,27.1,81.6,0.0,4.3,6.4,32.6,0.0,0,"Wenatchee Heights, Chelan County",330165,Wenatchee Heights,2017-11-29 19:19:40.589368
2009-02-28,23:00,31.5,,27.6,85.8,0.0,5.1,7.1,32.6,0.0,0,"Wenatchee Heights, Chelan County",330165,Wenatchee Heights,2017-11-29 19:19:40.589368
2009-02-28,23:15,31.1,,27.6,87.8,0.0,4.6,6.7,32.5,0.0,0,"Wenatchee Heights, Chelan County",330165,Wenatchee Heights,2017-11-29 19:19:40.589368
2009-02-28,23:30,31.0,,27.0,85.9,0.0,4.2,8.2,32.5,0.0,0,"Wenatchee Heights, Chelan County",330165,Wenatchee Heights,2017-11-29 19:19:40.589368
2009-02-28,23:45,30.5,,26.8,87.1,0.01,5.9,10.3,32.5,0.0,0,"Wenatchee Heights, Chelan County",330165,Wenatchee Heights,2017-11-29 19:19:40.589368
2009-02-28,24:00,29.9,,27.5,92.2,0.03,4.3,6.7,32.5,0.0,0,"Wenatchee Heights, Chelan County",330165,Wenatchee Heights,2017-11-29 19:19:40.589368
2009-03-01,00:15,29.6,,27.6,93.8,0.03,3.7,5.3,32.5,0.0,0,"Wenatchee Heights, Chelan County",330165,Wenatchee Heights,2017-11-29 19:19:40.589368
2009-03-01,00:30,30.0,,27.7,92.5,0.04,3.5,4.9,32.4,0.0,0,"Wenatchee Heights, Chelan County",330165,Wenatchee Heights,2017-11-29 19:19:40.589368
2009-03-01,00:45,30.1,,27.8,92.6,0.04,2.3,4.6,32.4,0.0,0,"Wenatchee Heights, Chelan County",330165,Wenatchee Heights,2017-11-29 19:19:40.589368
2009-03-01,01:00,30.5,,28.0,91.6,0.04,1.1,2.4,32.4,0.0,0,"Wenatchee Heights, Chelan County",330165,Wenatchee Heights,2017-11-29 19:19:40.589368
2009-03-01,01:15,30.7,,28.2,91.5,0.05,3.3,6.4,32.4,0.0,0,"Wenatchee Heights, Chelan County",330165,Wenatchee Heights,2017-11-29 19:19:40.589368
2009-03-01,01:30,30.4,,28.0,92.0,0.04,3.6,5.7,32.4,0.0,0,"Wenatchee Heights, Chelan County",330165,Wenatchee Heights,2017-11-29 19:19:40.589368
2009-03-01,01:45,30.8,,28.4,91.9,0.05,3.8,5.7,32.4,0.0,0,"Wenatchee Heights, Chelan County",330165,Wenatchee Heights,2017-11-29 19:19:40.589368
2009-03-01,02:00,30.9,,28.4,91.1,0.04,3.6,5.3,32.3,0.0,0,"Wenatchee Heights, Chelan County",330165,Wenatchee Heights,2017-11-29 19:19:40.589368
2009-03-01,02:15,30.9,,28.0,89.9,0.04,3.2,4.9,32.3,0.0,0,"Wenatchee Heights, Chelan County",330165,Wenatchee Heights,2017-11-29 19:19:40.589368
2009-03-01,02:30,31.3,,27.8,87.2,0.04,2.3,4.2,32.3,0.0,0,"Wenatchee Heights, Chelan County",330165,Wenatchee Heights,2017-11-29 19:19:40.589368
2009-03-01,02:45,31.4,,27.6,86.2,0.03,2.7,4.2,32.3,0.0,0,"Wenatchee Heights, Chelan County",330165,Wenatchee Heights,2017-11-29 19:19:40.589368
2009-03-01,03:00,31.4,,27.7,86.7,0.03,3.3,4.9,32.3,0.0,0,"Wenatchee Heights, Chelan County",330165,Wenatchee Heights,2017-11-29 19:19:40.589368
2009-03-01,03:15,31.4,,27.9,87.5,0.02,3.4,4.6,32.2,0.0,0,"Wenatchee Heights, Chelan County",330165,Wenatchee Heights,2017-11-29 19:19:40.589368
2009-03-01,03:30,31.4,,28.0,87.7,0.01,3.0,4.9,32.2,0.0,0,"Wenatchee Heights, Chelan County",330165,Wenatchee Heights,2017-11-29 19:19:40.589368
2009-03-01,03:45,31.4,,28.0,87.8,0.01,3.3,5.3,32.2,0.0,0,"Wenatchee Heights, Chelan County",330165,Wenatchee Heights,2017-11-29 19:19:40.589368
2009-03-01,04:00,31.1,,28.2,89.8,0.01,3.6,4.9,32.2,0.0,0,"Wenatchee Heights, Chelan County",330165,Wenatchee Heights,2017-11-29 19:19:40.589368
2009-03-01,04:15,31.4,,28.4,89.3,0.0,3.9,6.4,32.2,0.0,0,"Wenatchee Heights, Chelan County",330165,Wenatchee Heights,2017-11-29 19:19:40.589368
2009-03-01,04:30,31.0,,28.3,90.5,0.0,4.2,6.7,32.2,0.0,0,"Wenatchee Heights, Chelan County",330165,Wenatchee Heights,2017-11-29 19:19:40.589368
2009-03-01,04:45,31.0,,28.4,91.2,0.0,4.9,6.7,32.2,0.0,0,"Wenatchee Heights, Chelan County",330165,Wenatchee Heights,2017-11-29 19:19:40.589368
2009-03-01,05:00,31.1,,28.7,91.8,0.0,3.5,4.9,32.1,0.0,0,"Wenatchee Heights, Chelan County",330165,Wenatchee Heights,2017-11-29 19:19:40.589368
2009-03-01,05:15,31.3,,28.9,91.8,0.0,3.7,6.4,32.1,0.0,0,"Wenatchee Heights, Chelan County",330165,Wenatchee Heights,2017-11-29 19:19:40.589368
2009-03-01,05:30,31.2,,29.0,92.6,0.0,3.1,4.6,32.1,0.0,0,"Wenatchee Heights, Chelan County",330165,Wenatchee Heights,2017-11-29 19:19:40.589368
2009-03-01,05:45,31.2,,29.2,92.9,0.0,2.6,3.5,32.1,0.0,0,"Wenatchee Heights, Chelan County",330165,Wenatchee Heights,2017-11-29 19:19:40.589368
2009-03-01,06:00,31.4,,29.1,91.9,0.0,3.0,4.6,32.1,0.0,0,"Wenatchee Heights, Chelan County",330165,Wenatchee Heights,2017-11-29 19:19:40.589368
2009-03-01,06:15,31.9,,29.2,90.2,0.0,2.5,4.2,32.1,0.0,0,"Wenatchee Heights, Chelan County",330165,Wenatchee Heights,2017-11-29 19:19:40.589368
2009-03-01,06:30,31.9,,29.1,89.5,0.0,3.3,5.3,32.1,0.0,0,"Wenatchee Heights, Chelan County",330165,Wenatchee Heights,2017-11-29 19:19:40.589368
2009-03-01,06:45,31.2,,28.8,91.6,0.01,3.9,5.7,32.1,0.0,2,"Wenatchee Heights, Chelan County",330165,Wenatchee Heights,2017-11-29 19:19:40.589368
2009-03-01,07:00,31.0,,29.0,93.0,0.01,3.8,5.7,32.1,0.0,8,"Wenatchee Heights, Chelan County",330165,Wenatchee Heights,2017-11-29 19:19:40.589368
2009-03-01,07:15,31.4,,28.9,91.0,0.01,3.5,5.7,32.1,0.0,23,"Wenatchee Heights, Chelan County",330165,Wenatchee Heights,2017-11-29 19:19:40.589368
2009-03-01,07:30,31.5,,29.1,91.4,0.01,2.8,5.3,32.0,0.0,45,"Wenatchee Heights, Chelan County",330165,Wenatchee Heights,2017-11-29 19:19:40.589368
2009-03-01,07:45,31.3,,29.2,92.7,0.01,1.5,4.6,32.0,0.0,59,"Wenatchee Heights, Chelan County",330165,Wenatchee Heights,2017-11-29 19:19:40.589368
2009-03-01,08:00,31.5,,29.4,92.5,0.01,2.5,4.2,32.0,0.0,57,"Wenatchee Heights, Chelan County",330165,Wenatchee Heights,2017-11-29 19:19:40.589368
2009-03-01,08:15,32.2,,29.8,90.7,0.01,1.7,4.6,32.0,0.0,73,"Wenatchee Heights, Chelan County",330165,Wenatchee Heights,2017-11-29 19:19:40.589368
2009-03-01,08:30,32.0,,29.8,91.3,0.01,1.6,3.9,32.0,0.0,111,"Wenatchee Heights, Chelan County",330165,Wenatchee Heights,2017-11-29 19:19:40.589368
2009-03-01,08:45,32.5,,30.0,90.6,0.01,0.9,2.8,32.0,0.0,132,"Wenatchee Heights, Chelan County",330165,Wenatchee Heights,2017-11-29 19:19:40.589368
2009-03-01,09:00,33.2,,30.2,88.7,0.0,2.1,4.6,32.0,0.0,143,"Wenatchee Heights, Chelan County",330165,Wenatchee Heights,2017-11-29 19:19:40.589368
2009-03-01,09:15,33.1,,30.0,88.3,0.0,2.7,5.3,32.0,0.0,168,"Wenatchee Heights, Chelan County",330165,Wenatchee Heights,2017-11-29 19:19:40.589368
2009-03-01,09:30,33.4,,30.3,88.2,0.0,2.8,4.2,32.0,0.0,149,"Wenatchee Heights, Chelan County",330165,Wenatchee Heights,2017-11-29 19:19:40.589368
2009-03-01,09:45,32.9,,30.3,89.9,0.0,2.8,3.9,32.0,0.0,208,"Wenatchee Heights, Chelan County",330165,Wenatchee Heights,2017-11-29 19:19:40.589368
2009-03-01,10:00,33.0,,30.1,88.8,0.0,2.0,3.9,32.0,0.0,221,"Wenatchee Heights, Chelan County",330165,Wenatchee Heights,2017-11-29 19:19:40.589368
2009-03-01,10:15,34.3,,30.7,86.4,0.0,1.5,3.5,32.0,0.0,262,"Wenatchee Heights, Chelan County",330165,Wenatchee Heights,2017-11-29 19:19:40.589368
2009-03-01,10:30,35.6,,31.6,85.1,0.0,1.1,2.4,32.0,0.0,301,"Wenatchee Heights, Chelan County",330165,Wenatchee Heights,2017-11-29 19:19:40.589368
2009-03-01,10:45,35.6,,32.7,89.1,0.0,2.0,3.1,32.0,0.0,336,"Wenatchee Heights, Chelan County",330165,Wenatchee Heights,2017-11-29 19:19:40.589368
2009-03-01,11:00,36.0,,32.0,85.2,0.0,2.7,4.9,32.1,0.0,342,"Wenatchee Heights, Chelan County",330165,Wenatchee Heights,2017-11-29 19:19:40.589368
2009-03-01,11:15,36.4,,32.4,85.4,0.0,2.1,3.9,32.1,0.0,335,"Wenatchee Heights, Chelan County",330165,Wenatchee Heights,2017-11-29 19:19:40.589368
2009-03-01,11:30,35.7,,32.8,89.3,0.0,2.3,3.9,32.2,0.0,354,"Wenatchee Heights, Chelan County",330165,Wenatchee Heights,2017-11-29 19:19:40.589368
2009-03-01,11:45,37.3,,33.0,84.2,0.0,1.9,3.5,32.2,0.0,419,"Wenatchee Heights, Chelan County",330165,Wenatchee Heights,2017-11-29 19:19:40.589368
2009-03-01,12:00,37.8,,32.5,81.0,0.0,2.3,3.9,32.3,0.0,388,"Wenatchee Heights, Chelan County",330165,Wenatchee Heights,2017-11-29 19:19:40.589368
2009-03-01,12:15,38.9,,32.2,76.6,0.0,2.4,4.2,32.3,0.0,412,"Wenatchee Heights, Chelan County",330165,Wenatchee Heights,2017-11-29 19:19:40.589368
2009-03-01,12:30,38.8,,31.7,75.2,0.0,2.2,3.9,32.4,0.0,400,"Wenatchee Heights, Chelan County",330165,Wenatchee Heights,2017-11-29 19:19:40.589368
2009-03-01,12:45,37.9,,31.8,78.4,0.0,2.7,3.9,32.5,0.0,305,"Wenatchee Heights, Chelan County",330165,Wenatchee Heights,2017-11-29 19:19:40.589368
2009-03-01,13:00,38.7,,31.9,76.3,0.0,1.9,3.1,32.6,0.0,305,"Wenatchee Heights, Chelan County",330165,Wenatchee Heights,2017-11-29 19:19:40.589368
2009-03-01,13:15,38.6,,31.9,76.6,0.0,2.7,4.2,32.7,0.0,232,"Wenatchee Heights, Chelan County",330165,Wenatchee Heights,2017-11-29 19:19:40.589368
2009-03-01,13:30,37.8,,32.2,80.1,0.0,2.5,4.2,32.8,0.0,190,"Wenatchee Heights, Chelan County",330165,Wenatchee Heights,2017-11-29 19:19:40.589368
2009-03-01,13:45,37.5,,32.3,81.3,0.0,2.9,4.2,32.9,0.0,108,"Wenatchee Heights, Chelan County",330165,Wenatchee Heights,2017-11-29 19:19:40.589368
2009-03-01,14:00,37.2,,32.5,82.7,0.0,2.3,4.2,33.0,0.0,91,"Wenatchee Heights, Chelan County",330165,Wenatchee Heights,2017-11-29 19:19:40.589368
2009-03-01,14:15,37.7,,32.0,79.9,0.0,2.7,3.9,33.1,0.0,88,"Wenatchee Heights, Chelan County",330165,Wenatchee Heights,2017-11-29 19:19:40.589368
2009-03-01,14:30,37.9,,32.2,79.7,0.0,2.3,3.5,33.2,0.0,79,"Wenatchee Heights, Chelan County",330165,Wenatchee Heights,2017-11-29 19:19:40.589368
2009-03-01,14:45,37.7,,31.9,79.2,0.0,3.4,4.9,33.3,0.0,74,"Wenatchee Heights, Chelan County",330165,Wenatchee Heights,2017-11-29 19:19:40.589368
2009-03-01,15:00,37.7,,32.1,80.0,0.0,3.1,4.9,33.4,0.0,65,"Wenatchee Heights, Chelan County",330165,Wenatchee Heights,2017-11-29 19:19:40.589368
2009-03-01,15:15,37.8,,32.5,80.8,0.0,2.5,4.6,33.5,0.0,37,"Wenatchee Heights, Chelan County",330165,Wenatchee Heights,2017-11-29 19:19:40.589368
2009-03-01,15:30,37.4,,32.3,81.3,0.26,4.4,7.1,33.6,0.0,30,"Wenatchee Heights, Chelan County",330165,Wenatchee Heights,2017-11-29 19:19:40.589368
2009-03-01,15:45,36.4,,32.9,87.1,0.77,4.4,6.0,33.7,0.0,21,"Wenatchee Heights, Chelan County",330165,Wenatchee Heights,2017-11-29 19:19:40.589368
2009-03-01,16:00,35.3,,33.1,91.6,0.88,4.8,6.4,33.7,0.01,20,"Wenatchee Heights, Chelan County",330165,Wenatchee Heights,2017-11-29 19:19:40.589368
2009-03-01,16:15,34.3,,32.9,94.7,0.89,3.8,5.3,33.8,0.01,15,"Wenatchee Heights, Chelan County",330165,Wenatchee Heights,2017-11-29 19:19:40.589368
2009-03-01,16:30,33.4,,32.5,96.6,0.9,2.7,3.9,33.8,0.01,13,"Wenatchee Heights, Chelan County",330165,Wenatchee Heights,2017-11-29 19:19:40.589368
2009-03-01,16:45,33.2,,32.6,97.8,0.91,0.8,3.1,33.9,0.0,10,"Wenatchee Heights, Chelan County",330165,Wenatchee Heights,2017-11-29 19:19:40.589368
2009-03-01,17:00,33.1,,32.6,97.9,0.91,0.0,0.0,33.9,0.0,11,"Wenatchee Heights, Chelan County",330165,Wenatchee Heights,2017-11-29 19:19:40.589368
2009-03-01,17:15,32.7,,32.2,98.3,0.91,0.9,2.4,33.9,0.0,8,"Wenatchee Heights, Chelan County",330165,Wenatchee Heights,2017-11-29 19:19:40.589368
2009-03-01,17:30,32.3,,32.1,99.2,0.91,2.2,3.1,33.9,0.0,5,"Wenatchee Heights, Chelan County",330165,Wenatchee Heights,2017-11-29 19:19:40.589368
2009-03-01,17:45,32.3,,32.1,99.5,0.91,2.6,4.2,33.9,0.0,4,"Wenatchee Heights, Chelan County",330165,Wenatchee Heights,2017-11-29 19:19:40.589368
2009-03-01,18:00,32.2,,32.1,99.9,0.91,3.7,5.3,33.9,0.0,1,"Wenatchee Heights, Chelan County",330165,Wenatchee Heights,2017-11-29 19:19:40.589368
2009-03-01,18:15,32.3,,32.3,100.0,0.91,3.9,5.3,33.9,0.0,0,"Wenatchee Heights, Chelan County",330165,Wenatchee Heights,2017-11-29 19:19:40.589368
2009-03-01,18:30,32.3,,32.3,100.0,0.91,3.4,5.3,33.9,0.0,0,"Wenatchee Heights, Chelan County",330165,Wenatchee Heights,2017-11-29 19:19:40.589368
2009-03-01,18:45,32.3,,32.3,100.0,0.91,3.2,4.9,33.9,0.0,0,"Wenatchee Heights, Chelan County",330165,Wenatchee Heights,2017-11-29 19:19:40.589368
2009-03-01,19:00,32.3,,32.3,100.0,0.92,2.8,4.6,33.9,0.0,0,"Wenatchee Heights, Chelan County",330165,Wenatchee Heights,2017-11-29 19:19:40.589368
2009-03-01,19:15,32.3,,32.3,100.0,0.92,2.6,3.5,33.9,0.0,0,"Wenatchee Heights, Chelan County",330165,Wenatchee Heights,2017-11-29 19:19:40.589368
2009-03-01,19:30,32.3,,32.3,100.0,0.92,3.1,4.2,33.9,0.0,0,"Wenatchee Heights, Chelan County",330165,Wenatchee Heights,2017-11-29 19:19:40.589368
2009-03-01,19:45,32.3,,32.3,100.0,0.92,3.3,4.6,33.9,0.0,0,"Wenatchee Heights, Chelan County",330165,Wenatchee Heights,2017-11-29 19:19:40.589368
2009-03-01,20:00,32.3,,32.3,100.0,0.93,2.9,4.2,33.8,0.0,0,"Wenatchee Heights, Chelan County",330165,Wenatchee Heights,2017-11-29 19:19:40.589368
2009-03-01,20:15,32.3,,32.3,100.0,0.94,3.7,4.9,33.8,0.0,0,"Wenatchee Heights, Chelan County",330165,Wenatchee Heights,2017-11-29 19:19:40.589368
2009-03-01,20:30,32.5,,32.5,100.0,0.94,3.4,4.9,33.8,0.0,0,"Wenatchee Heights, Chelan County",330165,Wenatchee Heights,2017-11-29 19:19:40.589368
2009-03-01,20:45,32.7,,32.7,100.0,0.93,3.1,4.2,33.8,0.0,0,"Wenatchee Heights, Chelan County",330165,Wenatchee Heights,2017-11-29 19:19:40.589368
2009-03-01,21:00,32.9,,32.9,100.0,0.92,3.6,5.3,33.8,0.0,0,"Wenatchee Heights, Chelan County",330165,Wenatchee Heights,2017-11-29 19:19:40.589368
2009-03-01,21:15,32.9,,32.9,99.9,0.91,4.1,6.0,33.7,0.0,0,"Wenatchee Heights, Chelan County",330165,Wenatchee Heights,2017-11-29 19:19:40.589368
2009-03-01,21:30,32.4,,32.4,100.0,0.91,3.6,5.3,33.7,0.0,0,"Wenatchee Heights, Chelan County",330165,Wenatchee Heights,2017-11-29 19:19:40.589368
2009-03-01,21:45,32.4,,32.4,100.0,0.9,3.5,5.7,33.7,0.0,0,"Wenatchee Heights, Chelan County",330165,Wenatchee Heights,2017-11-29 19:19:40.589368
2009-03-01,22:00,32.7,,32.7,100.0,0.89,2.9,4.6,33.7,0.0,0,"Wenatchee Heights, Chelan County",330165,Wenatchee Heights,2017-11-29 19:19:40.589368
2009-03-01,22:15,33.1,,33.1,100.0,0.89,3.6,4.9,33.7,0.0,0,"Wenatchee Heights, Chelan County",330165,Wenatchee Heights,2017-11-29 19:19:40.589368
2009-03-01,22:30,32.8,,32.7,99.4,0.88,3.3,4.6,33.6,0.0,0,"Wenatchee Heights, Chelan County",330165,Wenatchee Heights,2017-11-29 19:19:40.589368
2009-03-01,22:45,32.3,,32.3,99.9,0.87,3.5,6.0,33.6,0.0,0,"Wenatchee Heights, Chelan County",330165,Wenatchee Heights,2017-11-29 19:19:40.589368
2009-03-01,23:00,32.9,,32.9,100.0,0.86,2.9,4.9,33.6,0.0,0,"Wenatchee Heights, Chelan County",330165,Wenatchee Heights,2017-11-29 19:19:40.589368
2009-03-01,23:15,33.2,,33.1,99.7,0.85,3.3,5.3,33.6,0.0,0,"Wenatchee Heights, Chelan County",330165,Wenatchee Heights,2017-11-29 19:19:40.589368
2009-03-01,23:30,33.2,,33.1,99.4,0.86,3.1,5.3,33.6,0.0,0,"Wenatchee Heights, Chelan County",330165,Wenatchee Heights,2017-11-29 19:19:40.589368
2009-03-01,23:45,33.1,,32.9,99.0,0.86,3.1,5.3,33.6,0.0,0,"Wenatchee Heights, Chelan County",330165,Wenatchee Heights,2017-11-29 19:19:40.589368
2009-03-01,24:00,33.1,,32.9,98.8,0.86,3.7,6.0,33.5,0.01,0,"Wenatchee Heights, Chelan County",330165,Wenatchee Heights,2017-11-29 19:19:40.589368
2009-03-02,00:15,33.2,,32.8,98.7,0.86,3.3,5.3,33.5,0.0,0,"Wenatchee Heights, Chelan County",330165,Wenatchee Heights,2017-11-29 19:19:40.589368
2009-03-02,00:30,33.7,,33.2,97.9,0.86,3.2,5.7,33.5,0.01,0,"Wenatchee Heights, Chelan County",330165,Wenatchee Heights,2017-11-29 19:19:40.589368
2009-03-02,00:45,34.1,,33.3,97.1,0.86,2.6,4.2,33.5,0.01,0,"Wenatchee Heights, Chelan County",330165,Wenatchee Heights,2017-11-29 19:19:40.589368
2009-03-02,01:00,33.6,,33.0,97.6,0.86,1.9,4.2,33.5,0.01,0,"Wenatchee Heights, Chelan County",330165,Wenatchee Heights,2017-11-29 19:19:40.589368
2009-03-02,01:15,33.2,,33.0,99.1,0.87,2.5,3.5,33.5,0.0,0,"Wenatchee Heights, Chelan County",330165,Wenatchee Heights,2017-11-29 19:19:40.589368
2009-03-02,01:30,33.2,,33.0,99.2,0.89,2.4,4.2,33.5,0.01,0,"Wenatchee Heights, Chelan County",330165,Wenatchee Heights,2017-11-29 19:19:40.589368
2009-03-02,01:45,33.5,,33.1,98.6,0.89,3.4,4.2,33.5,0.02,0,"Wenatchee Heights, Chelan County",330165,Wenatchee Heights,2017-11-29 19:19:40.589368
2009-03-02,02:00,33.3,,33.0,98.8,0.88,2.5,3.9,33.5,0.01,0,"Wenatchee Heights, Chelan County",330165,Wenatchee Heights,2017-11-29 19:19:40.589368
2009-03-02,02:15,33.5,,33.2,98.9,0.88,0.5,2.8,33.5,0.02,0,"Wenatchee Heights, Chelan County",330165,Wenatchee Heights,2017-11-29 19:19:40.589368
2009-03-02,02:30,33.3,,33.0,98.9,0.88,1.3,2.8,33.5,0.01,0,"Wenatchee Heights, Chelan County",330165,Wenatchee Heights,2017-11-29 19:19:40.589368
2009-03-02,02:45,32.6,,32.4,99.0,0.88,1.7,5.3,33.5,0.01,0,"Wenatchee Heights, Chelan County",330165,Wenatchee Heights,2017-11-29 19:19:40.589368
2009-03-02,03:00,32.7,,32.6,99.9,0.87,2.7,5.3,33.5,0.01,0,"Wenatchee Heights, Chelan County",330165,Wenatchee Heights,2017-11-29 19:19:40.589368
2009-03-02,03:15,32.9,,32.9,99.8,0.87,2.5,5.7,33.5,0.0,0,"Wenatchee Heights, Chelan County",330165,Wenatchee Heights,2017-11-29 19:19:40.589368
2009-03-02,03:30,32.7,,32.7,99.9,0.87,1.9,4.2,33.5,0.0,0,"Wenatchee Heights, Chelan County",330165,Wenatchee Heights,2017-11-29 19:19:40.589368
2009-03-02,03:45,33.2,,33.2,100.0,0.88,2.3,4.6,33.5,0.01,0,"Wenatchee Heights, Chelan County",330165,Wenatchee Heights,2017-11-29 19:19:40.589368
2009-03-02,04:00,33.2,,33.2,100.0,0.88,4.1,6.4,33.5,0.0,0,"Wenatchee Heights, Chelan County",330165,Wenatchee Heights,2017-11-29 19:19:40.589368
2009-03-02,04:15,33.2,,33.2,100.0,0.88,2.9,4.9,33.5,0.01,0,"Wenatchee Heights, Chelan County",330165,Wenatchee Heights,2017-11-29 19:19:40.589368
2009-03-02,04:30,33.2,,33.2,100.0,0.88,3.3,4.9,33.5,0.0,0,"Wenatchee Heights, Chelan County",330165,Wenatchee Heights,2017-11-29 19:19:40.589368
2009-03-02,04:45,33.2,,33.2,100.0,0.88,2.5,3.9,33.5,0.01,0,"Wenatchee Heights, Chelan County",330165,Wenatchee Heights,2017-11-29 19:19:40.589368
2009-03-02,05:00,33.2,,33.2,100.0,0.89,3.5,6.0,33.5,0.0,0,"Wenatchee Heights, Chelan County",330165,Wenatchee Heights,2017-11-29 19:19:40.589368
2009-03-02,05:15,33.2,,33.2,100.0,0.89,2.6,3.9,33.5,0.0,0,"Wenatchee Heights, Chelan County",330165,Wenatchee Heights,2017-11-29 19:19:40.589368
2009-03-02,05:30,33.7,,33.7,100.0,0.89,1.7,3.1,33.5,0.01,0,"Wenatchee Heights, Chelan County",330165,Wenatchee Heights,2017-11-29 19:19:40.589368
2009-03-02,05:45,33.7,,33.7,100.0,0.89,3.7,5.3,33.5,0.01,0,"Wenatchee Heights, Chelan County",330165,Wenatchee Heights,2017-11-29 19:19:40.589368
2009-03-02,06:00,33.8,,33.8,100.0,0.88,3.4,5.7,33.5,0.02,0,"Wenatchee Heights, Chelan County",330165,Wenatchee Heights,2017-11-29 19:19:40.589368
2009-03-02,06:15,33.9,,33.9,100.0,0.87,6.3,11.0,33.5,0.02,0,"Wenatchee Heights, Chelan County",330165,Wenatchee Heights,2017-11-29 19:19:40.589368
2009-03-02,06:30,35.4,,35.0,98.6,0.87,4.4,6.7,33.5,0.03,0,"Wenatchee Heights, Chelan County",330165,Wenatchee Heights,2017-11-29 19:19:40.589368
2009-03-02,06:45,34.9,,34.5,98.5,0.86,5.4,9.9,33.5,0.0,1,"Wenatchee Heights, Chelan County",330165,Wenatchee Heights,2017-11-29 19:19:40.589368
2009-03-02,07:00,33.3,,33.1,99.5,0.86,2.7,6.7,33.5,0.01,2,"Wenatchee Heights, Chelan County",330165,Wenatchee Heights,2017-11-29 19:19:40.589368
2009-03-02,07:15,33.6,,33.6,100.0,0.86,5.4,8.5,33.5,0.0,7,"Wenatchee Heights, Chelan County",330165,Wenatchee Heights,2017-11-29 19:19:40.589368
2009-03-02,07:30,34.3,,34.3,100.0,0.87,5.4,10.7,33.5,0.0,22,"Wenatchee Heights, Chelan County",330165,Wenatchee Heights,2017-11-29 19:19:40.589368
2009-03-02,07:45,34.5,,34.2,98.9,0.86,3.6,11.0,33.5,0.0,29,"Wenatchee Heights, Chelan County",330165,Wenatchee Heights,2017-11-29 19:19:40.589368
2009-03-02,08:00,34.4,,34.4,99.9,0.86,2.1,4.6,33.5,0.0,67,"Wenatchee Heights, Chelan County",330165,Wenatchee Heights,2017-11-29 19:19:40.589368
2009-03-02,08:15,34.8,,34.7,99.8,0.87,2.8,5.7,33.5,0.0,94,"Wenatchee Heights, Chelan County",330165,Wenatchee Heights,2017-11-29 19:19:40.589368
2009-03-02,08:30,33.9,,33.8,99.8,0.86,4.1,9.6,33.5,0.0,53,"Wenatchee Heights, Chelan County",330165,Wenatchee Heights,2017-11-29 19:19:40.589368
2009-03-02,08:45,32.5,,32.5,100.0,0.86,4.3,8.9,33.5,0.0,40,"Wenatchee Heights, Chelan County",330165,Wenatchee Heights,2017-11-29 19:19:40.589368
2009-03-02,09:00,32.8,,32.8,100.0,0.87,3.3,6.0,33.5,0.0,60,"Wenatchee Heights, Chelan County",330165,Wenatchee Heights,2017-11-29 19:19:40.589368
2009-03-02,09:15,33.5,,33.5,100.0,0.87,4.3,6.4,33.5,0.0,105,"Wenatchee Heights, Chelan County",330165,Wenatchee Heights,2017-11-29 19:19:40.589368
2009-03-02,09:30,34.2,,34.2,100.0,0.87,2.3,5.3,33.5,0.0,79,"Wenatchee Heights, Chelan County",330165,Wenatchee Heights,2017-11-29 19:19:40.589368
2009-03-02,09:45,34.9,,34.9,100.0,0.87,0.9,3.5,33.6,0.0,82,"Wenatchee Heights, Chelan County",330165,Wenatchee Heights,2017-11-29 19:19:40.589368
2009-03-02,10:00,35.2,,35.2,99.9,0.87,3.0,4.2,33.6,0.0,196,"Wenatchee Heights, Chelan County",330165,Wenatchee Heights,2017-11-29 19:19:40.589368
2009-03-02,10:15,35.7,,35.6,99.8,0.87,3.0,4.9,33.6,0.0,238,"Wenatchee Heights, Chelan County",330165,Wenatchee Heights,2017-11-29 19:19:40.589368
2009-03-02,10:30,35.8,,35.7,99.6,0.85,1.5,3.5,33.6,0.0,197,"Wenatchee Heights, Chelan County",330165,Wenatchee Heights,2017-11-29 19:19:40.589368
2009-03-02,10:45,37.2,,36.8,98.4,0.83,5.0,8.5,33.7,0.0,431,"Wenatchee Heights, Chelan County",330165,Wenatchee Heights,2017-11-29 19:19:40.589368
2009-03-02,11:00,40.4,,38.5,92.7,0.8,1.4,4.6,33.7,0.0,499,"Wenatchee Heights, Chelan County",330165,Wenatchee Heights,2017-11-29 19:19:40.589368
2009-03-02,11:15,42.0,,39.0,89.1,0.76,2.3,4.2,33.8,0.0,529,"Wenatchee Heights, Chelan County",330165,Wenatchee Heights,2017-11-29 19:19:40.589368
2009-03-02,11:30,40.3,,37.3,88.9,0.68,0.9,4.2,33.8,0.0,278,"Wenatchee Heights, Chelan County",330165,Wenatchee Heights,2017-11-29 19:19:40.589368
2009-03-02,11:45,40.7,,38.3,91.2,0.5,2.9,5.7,33.9,0.0,464,"Wenatchee Heights, Chelan County",330165,Wenatchee Heights,2017-11-29 19:19:40.589368
2009-03-02,12:00,39.8,,38.3,94.3,0.15,5.6,8.2,34.0,0.0,248,"Wenatchee Heights, Chelan County",330165,Wenatchee Heights,2017-11-29 19:19:40.589368
2009-03-02,12:15,38.5,,37.5,96.1,0.02,4.0,5.7,34.1,0.0,191,"Wenatchee Heights, Chelan County",330165,Wenatchee Heights,2017-11-29 19:19:40.589368
2009-03-02,12:30,39.0,,37.6,94.7,0.0,4.2,5.7,34.2,0.0,290,"Wenatchee Heights, Chelan County",330165,Wenatchee Heights,2017-11-29 19:19:40.589368
2009-03-02,12:45,39.8,,37.9,92.6,0.0,3.8,6.7,34.3,0.0,416,"Wenatchee Heights, Chelan County",330165,Wenatchee Heights,2017-11-29 19:19:40.589368
2009-03-02,13:00,40.5,,38.0,90.7,0.0,2.8,5.3,34.4,0.0,306,"Wenatchee Heights, Chelan County",330165,Wenatchee Heights,2017-11-29 19:19:40.589368
2009-03-02,13:15,41.2,,38.4,89.7,0.0,3.0,4.6,34.5,0.0,449,"Wenatchee Heights, Chelan County",330165,Wenatchee Heights,2017-11-29 19:19:40.589368
2009-03-02,13:30,40.2,,38.1,92.2,0.0,3.7,7.1,34.6,0.0,190,"Wenatchee Heights, Chelan County",330165,Wenatchee Heights,2017-11-29 19:19:40.589368
2009-03-02,13:45,39.9,,38.1,93.0,0.0,2.9,4.9,34.8,0.0,141,"Wenatchee Heights, Chelan County",330165,Wenatchee Heights,2017-11-29 19:19:40.589368
2009-03-02,14:00,40.2,,38.2,92.2,0.0,3.5,5.7,34.9,0.0,146,"Wenatchee Heights, Chelan County",330165,Wenatchee Heights,2017-11-29 19:19:40.589368
2009-03-02,14:15,40.8,,38.6,91.8,0.0,3.7,5.7,35.0,0.0,289,"Wenatchee Heights, Chelan County",330165,Wenatchee Heights,2017-11-29 19:19:40.589368
2009-03-02,14:30,41.9,,39.3,90.3,0.0,3.3,8.9,35.2,0.0,254,"Wenatchee Heights, Chelan County",330165,Wenatchee Heights,2017-11-29 19:19:40.589368
2009-03-02,14:45,41.2,,38.8,91.2,0.0,0.8,4.2,35.3,0.0,141,"Wenatchee Heights, Chelan County",330165,Wenatchee Heights,2017-11-29 19:19:40.589368
2009-03-02,15:00,41.5,,38.8,90.2,0.0,0.2,3.1,35.4,0.0,81,"Wenatchee Heights, Chelan County",330165,Wenatchee Heights,2017-11-29 19:19:40.589368
2009-03-02,15:15,41.2,,38.8,91.0,0.0,2.3,3.5,35.6,0.0,79,"Wenatchee Heights, Chelan County",330165,Wenatchee Heights,2017-11-29 19:19:40.589368
2009-03-02,15:30,41.3,,38.8,90.8,0.0,0.7,2.8,35.7,0.0,79,"Wenatchee Heights, Chelan County",330165,Wenatchee Heights,2017-11-29 19:19:40.589368
2009-03-02,15:45,41.9,,38.7,88.4,0.0,0.0,1.4,35.8,0.0,114,"Wenatchee Heights, Chelan County",330165,Wenatchee Heights,2017-11-29 19:19:40.589368
2009-03-02,16:00,41.6,,38.7,89.2,0.0,1.9,4.2,36.0,0.0,100,"Wenatchee Heights, Chelan County",330165,Wenatchee Heights,2017-11-29 19:19:40.589368
2009-03-02,16:15,41.2,,38.6,90.2,0.0,0.6,3.5,36.1,0.0,70,"Wenatchee Heights, Chelan County",330165,Wenatchee Heights,2017-11-29 19:19:40.589368
2009-03-02,16:30,41.1,,38.5,90.4,0.0,1.9,3.5,36.2,0.0,58,"Wenatchee Heights, Chelan County",330165,Wenatchee Heights,2017-11-29 19:19:40.589368
2009-03-02,16:45,41.2,,38.7,90.6,0.0,1.5,2.8,36.3,0.0,67,"Wenatchee Heights, Chelan County",330165,Wenatchee Heights,2017-11-29 19:19:40.589368
2009-03-02,17:00,40.5,,38.8,93.4,0.0,2.7,3.9,36.4,0.0,23,"Wenatchee Heights, Chelan County",330165,Wenatchee Heights,2017-11-29 19:19:40.589368
2009-03-02,17:15,40.1,,38.8,95.0,0.0,1.9,3.9,36.5,0.0,18,"Wenatchee Heights, Chelan County",330165,Wenatchee Heights,2017-11-29 19:19:40.589368
2009-03-02,17:30,40.4,,38.8,94.2,0.0,0.7,3.5,36.6,0.0,8,"Wenatchee Heights, Chelan County",330165,Wenatchee Heights,2017-11-29 19:19:40.589368
2009-03-02,17:45,40.2,,38.6,94.1,0.0,0.6,2.4,36.7,0.0,2,"Wenatchee Heights, Chelan County",330165,Wenatchee Heights,2017-11-29 19:19:40.589368
2009-03-02,18:00,40.0,,38.5,94.5,0.0,0.0,1.4,36.8,0.0,1,"Wenatchee Heights, Chelan County",330165,Wenatchee Heights,2017-11-29 19:19:40.589368
2009-03-02,18:15,39.6,,38.4,95.1,0.01,2.0,4.2,36.9,0.0,0,"Wenatchee Heights, Chelan County",330165,Wenatchee Heights,2017-11-29 19:19:40.589368
2009-03-02,18:30,39.5,,38.2,95.0,0.01,0.8,3.1,36.9,0.0,0,"Wenatchee Heights, Chelan County",330165,Wenatchee Heights,2017-11-29 19:19:40.589368
2009-03-02,18:45,39.5,,38.4,95.7,0.01,1.0,3.5,37.0,0.0,0,"Wenatchee Heights, Chelan County",330165,Wenatchee Heights,2017-11-29 19:19:40.589368
2009-03-02,19:00,39.4,,38.3,96.0,0.01,0.7,2.4,37.1,0.0,0,"Wenatchee Heights, Chelan County",330165,Wenatchee Heights,2017-11-29 19:19:40.589368
2009-03-02,19:15,39.8,,38.5,95.2,0.01,0.0,1.4,37.1,0.0,0,"Wenatchee Heights, Chelan County",330165,Wenatchee Heights,2017-11-29 19:19:40.589368
2009-03-02,19:30,39.5,,38.4,95.7,0.01,0.0,0.0,37.2,0.0,0,"Wenatchee Heights, Chelan County",330165,Wenatchee Heights,2017-11-29 19:19:40.589368
2009-03-02,19:45,39.3,,38.3,96.2,0.01,1.4,3.5,37.2,0.0,0,"Wenatchee Heights, Chelan County",330165,Wenatchee Heights,2017-11-29 19:19:40.589368
2009-03-02,20:00,39.5,,38.5,96.1,0.01,0.8,3.1,37.2,0.0,0,"Wenatchee Heights, Chelan County",330165,Wenatchee Heights,2017-11-29 19:19:40.589368
2009-03-02,20:15,39.2,,38.3,96.6,0.01,2.5,4.2,37.3,0.0,0,"Wenatchee Heights, Chelan County",330165,Wenatchee Heights,2017-11-29 19:19:40.589368
2009-03-02,20:30,38.6,,38.3,98.7,0.02,1.1,3.1,37.3,0.0,0,"Wenatchee Heights, Chelan County",330165,Wenatchee Heights,2017-11-29 19:19:40.589368
2009-03-02,20:45,38.6,,38.2,98.3,0.03,1.2,3.1,37.3,0.0,0,"Wenatchee Heights, Chelan County",330165,Wenatchee Heights,2017-11-29 19:19:40.589368
2009-03-02,21:00,38.8,,38.4,98.2,0.04,0.1,3.1,37.3,0.0,0,"Wenatchee Heights, Chelan County",330165,Wenatchee Heights,2017-11-29 19:19:40.589368
2009-03-02,21:15,38.6,,38.2,98.2,0.04,3.3,4.9,37.4,0.0,0,"Wenatchee Heights, Chelan County",330165,Wenatchee Heights,2017-11-29 19:19:40.589368
2009-03-02,21:30,38.6,,38.2,98.3,0.04,2.2,3.5,37.4,0.0,0,"Wenatchee Heights, Chelan County",330165,Wenatchee Heights,2017-11-29 19:19:40.589368
2009-03-02,21:45,38.6,,38.0,97.7,0.04,0.6,2.8,37.4,0.0,0,"Wenatchee Heights, Chelan County",330165,Wenatchee Heights,2017-11-29 19:19:40.589368
2009-03-02,22:00,38.6,,38.0,97.7,0.05,0.1,1.7,37.4,0.0,0,"Wenatchee Heights, Chelan County",330165,Wenatchee Heights,2017-11-29 19:19:40.589368
2009-03-02,22:15,38.5,,38.1,98.5,0.06,0.0,0.0,37.4,0.0,0,"Wenatchee Heights, Chelan County",330165,Wenatchee Heights,2017-11-29 19:19:40.589368
2009-03-02,22:30,38.2,,37.9,98.8,0.07,0.8,3.1,37.4,0.0,0,"Wenatchee Heights, Chelan County",330165,Wenatchee Heights,2017-11-29 19:19:40.589368
2009-03-02,22:45,38.0,,37.8,99.3,0.08,0.0,1.4,37.4,0.0,0,"Wenatchee Heights, Chelan County",330165,Wenatchee Heights,2017-11-29 19:19:40.589368
2009-03-02,23:00,38.2,,38.0,99.1,0.08,0.6,3.1,37.4,0.0,0,"Wenatchee Heights, Chelan County",330165,Wenatchee Heights,2017-11-29 19:19:40.589368
2009-03-02,23:15,38.1,,37.9,99.4,0.08,1.5,3.9,37.4,0.0,0,"Wenatchee Heights, Chelan County",330165,Wenatchee Heights,2017-11-29 19:19:40.589368
2009-03-02,23:30,38.7,,38.3,98.4,0.08,0.0,0.0,37.4,0.0,0,"Wenatchee Heights, Chelan County",330165,Wenatchee Heights,2017-11-29 19:19:40.589368
2009-03-02,23:45,38.6,,38.2,98.4,0.08,0.0,0.0,37.4,0.0,0,"Wenatchee Heights, Chelan County",330165,Wenatchee Heights,2017-11-29 19:19:40.589368
2009-03-02,24:00,38.4,,38.1,98.7,0.1,0.1,1.7,37.4,0.0,0,"Wenatchee Heights, Chelan County",330165,Wenatchee Heights,2017-11-29 19:19:40.589368
2009-03-03,00:15,38.2,,37.9,99.0,0.11,0.7,2.8,37.4,0.0,0,"Wenatchee Heights, Chelan County",330165,Wenatchee Heights,2017-11-29 19:19:40.589368
2009-03-03,00:30,37.9,,37.7,99.1,0.11,0.0,1.7,37.4,0.0,0,"Wenatchee Heights, Chelan County",330165,Wenatchee Heights,2017-11-29 19:19:40.589368
2009-03-03,00:45,38.0,,37.8,99.0,0.13,0.0,1.4,37.4,0.0,0,"Wenatchee Heights, Chelan County",330165,Wenatchee Heights,2017-11-29 19:19:40.589368
2009-03-03,01:00,38.1,,37.8,98.9,0.14,0.0,0.0,37.4,0.0,0,"Wenatchee Heights, Chelan County",330165,Wenatchee Heights,2017-11-29 19:19:40.589368
2009-03-03,01:15,37.7,,37.5,99.4,0.22,0.0,0.0,37.4,0.0,0,"Wenatchee Heights, Chelan County",330165,Wenatchee Heights,2017-11-29 19:19:40.589368
2009-03-03,01:30,37.4,,37.3,99.7,0.37,0.1,1.4,37.4,0.0,0,"Wenatchee Heights, Chelan County",330165,Wenatchee Heights,2017-11-29 19:19:40.589368
2009-03-03,01:45,37.7,,37.6,99.9,0.45,0.0,0.0,37.4,0.0,0,"Wenatchee Heights, Chelan County",330165,Wenatchee Heights,2017-11-29 19:19:40.589368
2009-03-03,02:00,37.7,,37.6,99.5,0.47,0.0,0.0,37.4,0.0,0,"Wenatchee Heights, Chelan County",330165,Wenatchee Heights,2017-11-29 19:19:40.589368
2009-03-03,02:15,37.2,,37.1,99.7,0.49,0.4,2.4,37.4,0.0,0,"Wenatchee Heights, Chelan County",330165,Wenatchee Heights,2017-11-29 19:19:40.589368
2009-03-03,02:30,37.4,,37.3,99.9,0.5,0.0,0.0,37.4,0.0,0,"Wenatchee Heights, Chelan County",330165,Wenatchee Heights,2017-11-29 19:19:40.589368
2009-03-03,02:45,37.2,,37.1,99.8,0.51,0.4,2.1,37.4,0.0,0,"Wenatchee Heights, Chelan County",330165,Wenatchee Heights,2017-11-29 19:19:40.589368
2009-03-03,03:00,37.1,,37.1,99.9,0.53,0.0,1.4,37.4,0.0,0,"Wenatchee Heights, Chelan County",330165,Wenatchee Heights,2017-11-29 19:19:40.589368
2009-03-03,03:15,37.0,,37.0,99.8,0.53,0.0,0.0,37.4,0.0,0,"Wenatchee Heights, Chelan County",330165,Wenatchee Heights,2017-11-29 19:19:40.589368
2009-03-03,03:30,37.0,,36.9,99.8,0.69,0.1,1.7,37.4,0.0,0,"Wenatchee Heights, Chelan County",330165,Wenatchee Heights,2017-11-29 19:19:40.589368
2009-03-03,03:45,36.6,,36.6,100.0,0.88,0.4,2.8,37.4,0.0,0,"Wenatchee Heights, Chelan County",330165,Wenatchee Heights,2017-11-29 19:19:40.589368
2009-03-03,04:00,36.7,,36.7,99.9,0.9,0.0,0.0,37.4,0.0,0,"Wenatchee Heights, Chelan County",330165,Wenatchee Heights,2017-11-29 19:19:40.589368
2009-03-03,04:15,36.8,,36.8,99.9,0.9,0.0,0.0,37.4,0.01,0,"Wenatchee Heights, Chelan County",330165,Wenatchee Heights,2017-11-29 19:19:40.589368
2009-03-03,04:30,36.7,,36.7,100.0,0.9,0.5,2.8,37.4,0.0,0,"Wenatchee Heights, Chelan County",330165,Wenatchee Heights,2017-11-29 19:19:40.589368
2009-03-03,04:45,36.8,,36.8,100.0,0.9,1.4,3.1,37.4,0.0,0,"Wenatchee Heights, Chelan County",330165,Wenatchee Heights,2017-11-29 19:19:40.589368
2009-03-03,05:00,36.8,,36.8,100.0,0.9,0.3,2.1,37.4,0.01,0,"Wenatchee Heights, Chelan County",330165,Wenatchee Heights,2017-11-29 19:19:40.589368
2009-03-03,05:15,36.3,,36.3,100.0,0.89,2.1,3.1,37.4,0.01,0,"Wenatchee Heights, Chelan County",330165,Wenatchee Heights,2017-11-29 19:19:40.589368
2009-03-03,05:30,36.4,,36.4,100.0,0.89,2.6,3.1,37.4,0.01,0,"Wenatchee Heights, Chelan County",330165,Wenatchee Heights,2017-11-29 19:19:40.589368
2009-03-03,05:45,36.1,,36.1,100.0,0.88,2.6,4.2,37.3,0.01,0,"Wenatchee Heights, Chelan County",330165,Wenatchee Heights,2017-11-29 19:19:40.589368
2009-03-03,06:00,36.2,,36.2,100.0,0.88,0.7,3.5,37.3,0.02,0,"Wenatchee Heights, Chelan County",330165,Wenatchee Heights,2017-11-29 19:19:40.589368
2009-03-03,06:15,36.2,,36.2,100.0,0.88,0.8,2.8,37.3,0.02,0,"Wenatchee Heights, Chelan County",330165,Wenatchee Heights,2017-11-29 19:19:40.589368
2009-03-03,06:30,36.1,,36.1,100.0,0.87,0.0,0.0,37.3,0.02,0,"Wenatchee Heights, Chelan County",330165,Wenatchee Heights,2017-11-29 19:19:40.589368
2009-03-03,06:45,35.9,,35.9,100.0,0.87,1.9,4.2,37.3,0.02,0,"Wenatchee Heights, Chelan County",330165,Wenatchee Heights,2017-11-29 19:19:40.589368
2009-03-03,07:00,35.2,,35.2,99.9,0.87,4.3,5.7,37.3,0.03,2,"Wenatchee Heights, Chelan County",330165,Wenatchee Heights,2017-11-29 19:19:40.589368
2009-03-03,07:15,34.2,,34.1,99.6,0.87,3.5,5.3,37.3,0.03,7,"Wenatchee Heights, Chelan County",330165,Wenatchee Heights,2017-11-29 19:19:40.589368
2009-03-03,07:30,34.1,,33.9,99.4,0.87,4.2,6.0,37.3,0.0,14,"Wenatchee Heights, Chelan County",330165,Wenatchee Heights,2017-11-29 19:19:40.589368
2009-03-03,07:45,34.1,,33.9,99.2,0.87,4.7,6.0,37.3,0.01,17,"Wenatchee Heights, Chelan County",330165,Wenatchee Heights,2017-11-29 19:19:40.589368
2009-03-03,08:00,34.1,,33.8,98.9,0.87,4.4,6.0,37.3,0.0,34,"Wenatchee Heights, Chelan County",330165,Wenatchee Heights,2017-11-29 19:19:40.589368
2009-03-03,08:15,35.0,,34.6,98.1,0.87,1.4,3.9,37.3,0.01,88,"Wenatchee Heights, Chelan County",330165,Wenatchee Heights,2017-11-29 19:19:40.589368
2009-03-03,08:30,36.3,,35.5,97.1,0.88,0.6,3.1,37.3,0.0,115,"Wenatchee Heights, Chelan County",330165,Wenatchee Heights,2017-11-29 19:19:40.589368
2009-03-03,08:45,36.1,,35.4,97.2,0.88,1.6,3.9,37.3,0.0,104,"Wenatchee Heights, Chelan County",330165,Wenatchee Heights,2017-11-29 19:19:40.589368
2009-03-03,09:00,36.2,,35.5,97.5,0.88,1.7,4.6,37.3,0.0,148,"Wenatchee Heights, Chelan County",330165,Wenatchee Heights,2017-11-29 19:19:40.589368
2009-03-03,09:15,37.8,,36.3,94.2,0.88,0.6,3.5,37.3,0.0,246,"Wenatchee Heights, Chelan County",330165,Wenatchee Heights,2017-11-29 19:19:40.589368
2009-03-03,09:30,37.4,,36.6,97.0,0.87,4.2,6.4,37.3,0.0,315,"Wenatchee Heights, Chelan County",330165,Wenatchee Heights,2017-11-29 19:19:40.589368
2009-03-03,09:45,36.8,,36.7,99.4,0.87,4.0,5.7,37.3,0.0,220,"Wenatchee Heights, Chelan County",330165,Wenatchee Heights,2017-11-29 19:19:40.589368
2009-03-03,10:00,36.9,,36.9,99.7,0.87,4.1,5.7,37.3,0.0,225,"Wenatchee Heights, Chelan County",330165,Wenatchee Heights,2017-11-29 19:19:40.589368
2009-03-03,10:15,36.8,,36.8,99.7,0.87,5.3,8.5,37.3,0.0,137,"Wenatchee Heights, Chelan County",330165,Wenatchee Heights,2017-11-29 19:19:40.589368
2009-03-03,10:30,36.8,,36.8,99.8,0.87,3.8,7.1,37.3,0.0,285,"Wenatchee Heights, Chelan County",330165,Wenatchee Heights,2017-11-29 19:19:40.589368
2009-03-03,10:45,38.2,,37.7,98.0,0.84,3.9,6.4,37.4,0.0,367,"Wenatchee Heights, Chelan County",330165,Wenatchee Heights,2017-11-29 19:19:40.589368
2009-03-03,11:00,39.8,,38.3,94.3,0.8,3.0,6.4,37.4,0.0,482,"Wenatchee Heights, Chelan County",330165,Wenatchee Heights,2017-11-29 19:19:40.589368
2009-03-03,11:15,39.4,,37.9,94.3,0.73,3.4,5.7,37.5,0.0,276,"Wenatchee Heights, Chelan County",330165,Wenatchee Heights,2017-11-29 19:19:40.589368
2009-03-03,11:30,39.8,,38.3,94.3,0.57,3.3,5.3,37.6,0.0,326,"Wenatchee Heights, Chelan County",330165,Wenatchee Heights,2017-11-29 19:19:40.589368
2009-03-03,11:45,39.2,,38.7,97.8,0.34,3.2,6.0,37.7,0.0,350,"Wenatchee Heights, Chelan County",330165,Wenatchee Heights,2017-11-29 19:19:40.589368
2009-03-03,12:00,41.4,,39.2,91.7,0.06,2.1,5.3,37.8,0.0,549,"Wenatchee Heights, Chelan County",330165,Wenatchee Heights,2017-11-29 19:19:40.589368
2009-03-03,12:15,42.1,,38.9,88.3,0.0,1.0,3.9,37.9,0.0,359,"Wenatchee Heights, Chelan County",330165,Wenatchee Heights,2017-11-29 19:19:40.589368
2009-03-03,12:30,43.9,,39.3,83.7,0.0,2.6,6.0,38.1,0.0,672,"Wenatchee Heights, Chelan County",330165,Wenatchee Heights,2017-11-29 19:19:40.589368
2009-03-03,12:45,42.8,,39.5,87.9,0.0,3.5,5.7,38.2,0.0,505,"Wenatchee Heights, Chelan County",330165,Wenatchee Heights,2017-11-29 19:19:40.589368
2009-03-03,13:00,42.2,,39.2,88.9,0.0,2.0,6.0,38.4,0.0,299,"Wenatchee Heights, Chelan County",330165,Wenatchee Heights,2017-11-29 19:19:40.589368
2009-03-03,13:15,42.8,,39.2,86.8,0.0,2.1,4.2,38.5,0.0,309,"Wenatchee Heights, Chelan County",330165,Wenatchee Heights,2017-11-29 19:19:40.589368
2009-03-03,13:30,44.3,,39.6,83.1,0.0,2.8,4.9,38.7,0.0,405,"Wenatchee Heights, Chelan County",330165,Wenatchee Heights,2017-11-29 19:19:40.589368
2009-03-03,13:45,43.5,,39.7,86.1,0.0,1.5,3.5,38.9,0.0,359,"Wenatchee Heights, Chelan County",330165,Wenatchee Heights,2017-11-29 19:19:40.589368
2009-03-03,14:00,47.0,,38.8,73.0,0.0,1.5,4.6,39.1,0.0,526,"Wenatchee Heights, Chelan County",330165,Wenatchee Heights,2017-11-29 19:19:40.589368
2009-03-03,14:15,44.6,,37.9,77.0,0.0,2.5,4.2,39.3,0.0,199,"Wenatchee Heights, Chelan County",330165,Wenatchee Heights,2017-11-29 19:19:40.589368
2009-03-03,14:30,45.1,,38.2,76.5,0.0,2.5,7.4,39.5,0.0,340,"Wenatchee Heights, Chelan County",330165,Wenatchee Heights,2017-11-29 19:19:40.589368
2009-03-03,14:45,45.1,,37.9,75.6,0.0,2.1,4.9,39.7,0.0,238,"Wenatchee Heights, Chelan County",330165,Wenatchee Heights,2017-11-29 19:19:40.589368
2009-03-03,15:00,44.6,,36.8,73.8,0.0,1.7,4.6,39.9,0.0,174,"Wenatchee Heights, Chelan County",330165,Wenatchee Heights,2017-11-29 19:19:40.589368
2009-03-03,15:15,44.5,,38.2,78.6,0.0,1.5,4.2,40.1,0.0,157,"Wenatchee Heights, Chelan County",330165,Wenatchee Heights,2017-11-29 19:19:40.589368
2009-03-03,15:30,44.5,,38.9,80.3,0.0,1.0,3.1,40.2,0.0,157,"Wenatchee Heights, Chelan County",330165,Wenatchee Heights,2017-11-29 19:19:40.589368
2009-03-03,15:45,44.4,,38.2,78.7,0.0,1.1,3.5,40.4,0.0,125,"Wenatchee Heights, Chelan County",330165,Wenatchee Heights,2017-11-29 19:19:40.589368
2009-03-03,16:00,44.5,,37.8,77.4,0.0,0.0,0.0,40.6,0.0,101,"Wenatchee Heights, Chelan County",330165,Wenatchee Heights,2017-11-29 19:19:40.589368
2009-03-03,16:15,43.4,,38.8,83.6,0.0,1.9,4.6,40.8,0.0,85,"Wenatchee Heights, Chelan County",330165,Wenatchee Heights,2017-11-29 19:19:40.589368
2009-03-03,16:30,42.3,,38.6,86.5,0.0,3.9,7.4,40.9,0.0,81,"Wenatchee Heights, Chelan County",330165,Wenatchee Heights,2017-11-29 19:19:40.589368
2009-03-03,16:45,41.7,,38.3,87.5,0.0,2.0,3.9,41.1,0.0,68,"Wenatchee Heights, Chelan County",330165,Wenatchee Heights,2017-11-29 19:19:40.589368
2009-03-03,17:00,41.2,,37.9,87.8,0.0,1.3,3.9,41.2,0.0,44,"Wenatchee Heights, Chelan County",330165,Wenatchee Heights,2017-11-29 19:19:40.589368
2009-03-03,17:15,40.8,,37.5,88.1,0.0,2.7,3.5,41.3,0.0,23,"Wenatchee Heights, Chelan County",330165,Wenatchee Heights,2017-11-29 19:19:40.589368
2009-03-03,17:30,40.2,,37.6,90.4,0.0,2.8,5.3,41.4,0.0,11,"Wenatchee Heights, Chelan County",330165,Wenatchee Heights,2017-11-29 19:19:40.589368
2009-03-03,17:45,40.0,,37.6,91.0,0.0,4.2,7.8,41.5,0.0,4,"Wenatchee Heights, Chelan County",330165,Wenatchee Heights,2017-11-29 19:19:40.589368
2009-03-03,18:00,40.0,,37.4,90.6,0.0,4.3,8.9,41.6,0.0,1,"Wenatchee Heights, Chelan County",330165,Wenatchee Heights,2017-11-29 19:19:40.589368
2009-03-03,18:15,39.6,,37.4,91.7,0.0,4.3,6.7,41.6,0.0,0,"Wenatchee Heights, Chelan County",330165,Wenatchee Heights,2017-11-29 19:19:40.589368
2009-03-03,18:30,39.8,,37.4,90.9,0.0,3.0,4.9,41.7,0.0,0,"Wenatchee Heights, Chelan County",330165,Wenatchee Heights,2017-11-29 19:19:40.589368
2009-03-03,18:45,40.0,,37.5,90.5,0.0,3.7,6.4,41.7,0.0,0,"Wenatchee Heights, Chelan County",330165,Wenatchee Heights,2017-11-29 19:19:40.589368
2009-03-03,19:00,39.7,,37.3,90.9,0.0,4.1,8.2,41.7,0.0,0,"Wenatchee Heights, Chelan County",330165,Wenatchee Heights,2017-11-29 19:19:40.589368
2009-03-03,19:15,39.7,,37.2,90.8,0.0,4.3,7.1,41.7,0.0,0,"Wenatchee Heights, Chelan County",330165,Wenatchee Heights,2017-11-29 19:19:40.589368
2009-03-03,19:30,39.5,,37.2,91.3,0.25,3.1,4.9,41.8,0.01,0,"Wenatchee Heights, Chelan County",330165,Wenatchee Heights,2017-11-29 19:19:40.589368
2009-03-03,19:45,39.2,,37.5,93.5,0.74,4.7,8.9,41.7,0.0,0,"Wenatchee Heights, Chelan County",330165,Wenatchee Heights,2017-11-29 19:19:40.589368
2009-03-03,20:00,37.3,,35.4,92.7,0.78,9.2,12.8,41.7,0.0,0,"Wenatchee Heights, Chelan County",330165,Wenatchee Heights,2017-11-29 19:19:40.589368
2009-03-03,20:15,37.4,,34.8,90.2,0.8,6.5,11.4,41.7,0.0,0,"Wenatchee Heights, Chelan County",330165,Wenatchee Heights,2017-11-29 19:19:40.589368
2009-03-03,20:30,37.5,,34.7,89.3,0.84,7.9,12.4,41.7,0.02,0,"Wenatchee Heights, Chelan County",330165,Wenatchee Heights,2017-11-29 19:19:40.589368
2009-03-03,20:45,36.9,,34.9,92.4,0.86,6.4,10.3,41.7,0.02,0,"Wenatchee Heights, Chelan County",330165,Wenatchee Heights,2017-11-29 19:19:40.589368
2009-03-03,21:00,36.6,,34.8,92.9,0.85,8.2,12.8,41.7,0.0,0,"Wenatchee Heights, Chelan County",330165,Wenatchee Heights,2017-11-29 19:19:40.589368
2009-03-03,21:15,36.4,,34.5,92.6,0.84,7.7,11.4,41.6,0.0,0,"Wenatchee Heights, Chelan County",330165,Wenatchee Heights,2017-11-29 19:19:40.589368
2009-03-03,21:30,36.6,,34.5,91.9,0.86,5.6,9.6,41.6,0.02,0,"Wenatchee Heights, Chelan County",330165,Wenatchee Heights,2017-11-29 19:19:40.589368
2009-03-03,21:45,34.8,,33.4,94.7,0.85,5.6,8.5,41.6,0.07,0,"Wenatchee Heights, Chelan County",330165,Wenatchee Heights,2017-11-29 19:19:40.589368
2009-03-03,22:00,33.7,,33.2,97.9,0.84,4.8,6.0,41.6,0.04,0,"Wenatchee Heights, Chelan County",330165,Wenatchee Heights,2017-11-29 19:19:40.589368
2009-03-03,22:15,33.6,,33.1,98.2,0.85,5.5,6.7,41.5,0.03,0,"Wenatchee Heights, Chelan County",330165,Wenatchee Heights,2017-11-29 19:19:40.589368
2009-03-03,22:30,34.0,,33.5,98.1,0.85,4.3,6.7,41.5,0.02,0,"Wenatchee Heights, Chelan County",330165,Wenatchee Heights,2017-11-29 19:19:40.589368
2009-03-03,22:45,34.3,,33.5,97.1,0.85,3.6,5.7,41.5,0.03,0,"Wenatchee Heights, Chelan County",330165,Wenatchee Heights,2017-11-29 19:19:40.589368
2009-03-03,23:00,34.2,,33.5,97.0,0.84,3.1,4.6,41.4,0.01,0,"Wenatchee Heights, Chelan County",330165,Wenatchee Heights,2017-11-29 19:19:40.589368
2009-03-03,23:15,33.6,,33.1,98.1,0.84,2.3,4.2,41.4,0.02,0,"Wenatchee Heights, Chelan County",330165,Wenatchee Heights,2017-11-29 19:19:40.589368
2009-03-03,23:30,34.1,,33.5,98.0,0.85,2.3,4.2,41.3,0.01,0,"Wenatchee Heights, Chelan County",330165,Wenatchee Heights,2017-11-29 19:19:40.589368
2009-03-03,23:45,33.8,,33.3,98.1,0.85,2.2,4.2,41.3,0.01,0,"Wenatchee Heights, Chelan County",330165,Wenatchee Heights,2017-11-29 19:19:40.589368
2009-03-03,24:00,33.6,,33.2,98.3,0.85,0.0,0.0,41.3,0.01,0,"Wenatchee Heights, Chelan County",330165,Wenatchee Heights,2017-11-29 19:19:40.589368
