Date,Time PST,Air Temp °F, 2<sup>nd</sup> Air Temp °F, Dew Point °F, Rel Hum %, Leaf Wet u., Wind Dir @ Speed mph, Wind Gust mph, 8 in. Soil Tmp °F, Tot Prec in, Solar Rad W/m²,Location,Station ID,Station Name,Download Timestamp
2012-04-09,00:15,46.8,45.9,20.6,35.1,0.0,S@1.0,2.4,44.8,0.0,0,"Wenatchee Heights, Chelan County",330165,Wenatchee Heights,2017-11-29 20:45:21.061393
2012-04-09,00:30,46.7,46.1,20.6,35.2,0.0,S@1.6,3.9,44.8,0.0,0,"Wenatchee Heights, Chelan County",330165,Wenatchee Heights,2017-11-29 20:45:21.061393
2012-04-09,00:45,46.7,45.8,21.0,35.8,0.0,S@0.4,2.4,44.7,0.0,0,"Wenatchee Heights, Chelan County",330165,Wenatchee Heights,2017-11-29 20:45:21.061393
2012-04-09,01:00,45.8,44.8,21.2,37.4,0.0,SE@0.0,1.7,44.7,0.0,0,"Wenatchee Heights, Chelan County",330165,Wenatchee Heights,2017-11-29 20:45:21.061393
2012-04-09,01:15,45.5,44.7,21.0,37.3,0.0,NE@0.8,3.1,44.7,0.0,0,"Wenatchee Heights, Chelan County",330165,Wenatchee Heights,2017-11-29 20:45:21.061393
2012-04-09,01:30,45.9,45.0,22.1,38.6,0.0,E@2.1,4.9,44.6,0.0,0,"Wenatchee Heights, Chelan County",330165,Wenatchee Heights,2017-11-29 20:45:21.061393
2012-04-09,01:45,46.0,45.2,21.7,37.7,0.0,NE@1.8,3.5,44.6,0.0,0,"Wenatchee Heights, Chelan County",330165,Wenatchee Heights,2017-11-29 20:45:21.061393
2012-04-09,02:00,45.8,44.8,21.4,37.6,0.0,N@0.6,3.1,44.5,0.0,0,"Wenatchee Heights, Chelan County",330165,Wenatchee Heights,2017-11-29 20:45:21.061393
2012-04-09,02:15,45.6,44.9,21.4,37.8,0.0,N@2.2,3.9,44.5,0.0,0,"Wenatchee Heights, Chelan County",330165,Wenatchee Heights,2017-11-29 20:45:21.061393
2012-04-09,02:30,45.3,44.6,21.4,38.3,0.0,N@2.0,4.2,44.5,0.0,0,"Wenatchee Heights, Chelan County",330165,Wenatchee Heights,2017-11-29 20:45:21.061393
2012-04-09,02:45,45.2,44.2,21.3,38.3,0.0,NW@0.1,1.7,44.4,0.0,0,"Wenatchee Heights, Chelan County",330165,Wenatchee Heights,2017-11-29 20:45:21.061393
2012-04-09,03:00,45.6,44.7,21.5,38.1,0.0,NW@0.5,3.9,44.4,0.0,0,"Wenatchee Heights, Chelan County",330165,Wenatchee Heights,2017-11-29 20:45:21.061393
2012-04-09,03:15,44.3,43.4,21.8,40.4,0.0,NW@0.6,3.1,44.3,0.0,0,"Wenatchee Heights, Chelan County",330165,Wenatchee Heights,2017-11-29 20:45:21.061393
2012-04-09,03:30,43.8,42.9,21.8,41.4,0.0,N@0.3,2.4,44.3,0.0,0,"Wenatchee Heights, Chelan County",330165,Wenatchee Heights,2017-11-29 20:45:21.061393
2012-04-09,03:45,44.3,43.6,21.1,39.3,0.0,N@0.0,0.0,44.2,0.0,0,"Wenatchee Heights, Chelan County",330165,Wenatchee Heights,2017-11-29 20:45:21.061393
2012-04-09,04:00,44.8,44.0,20.8,38.1,0.0,SE@0.9,3.1,44.2,0.0,0,"Wenatchee Heights, Chelan County",330165,Wenatchee Heights,2017-11-29 20:45:21.061393
2012-04-09,04:15,44.7,44.0,20.4,37.6,0.0,SE@2.1,3.1,44.1,0.0,0,"Wenatchee Heights, Chelan County",330165,Wenatchee Heights,2017-11-29 20:45:21.061393
2012-04-09,04:30,44.0,43.0,21.1,39.8,0.0,N@0.0,0.0,44.1,0.0,0,"Wenatchee Heights, Chelan County",330165,Wenatchee Heights,2017-11-29 20:45:21.061393
2012-04-09,04:45,43.2,42.0,21.4,41.5,0.0,N@0.0,0.0,44.0,0.0,0,"Wenatchee Heights, Chelan County",330165,Wenatchee Heights,2017-11-29 20:45:21.061393
2012-04-09,05:00,42.7,41.9,21.5,42.4,0.0,N@0.0,0.0,44.0,0.0,0,"Wenatchee Heights, Chelan County",330165,Wenatchee Heights,2017-11-29 20:45:21.061393
2012-04-09,05:15,42.6,41.6,21.7,43.2,0.0,N@0.0,0.0,43.9,0.0,1,"Wenatchee Heights, Chelan County",330165,Wenatchee Heights,2017-11-29 20:45:21.061393
2012-04-09,05:30,42.3,41.4,21.6,43.4,0.0,N@0.0,0.0,43.8,0.0,3,"Wenatchee Heights, Chelan County",330165,Wenatchee Heights,2017-11-29 20:45:21.061393
2012-04-09,05:45,41.9,40.9,21.5,43.9,0.0,N@0.0,0.0,43.8,0.0,13,"Wenatchee Heights, Chelan County",330165,Wenatchee Heights,2017-11-29 20:45:21.061393
2012-04-09,06:00,41.3,40.3,22.3,46.4,0.0,N@0.0,0.0,43.7,0.0,30,"Wenatchee Heights, Chelan County",330165,Wenatchee Heights,2017-11-29 20:45:21.061393
2012-04-09,06:15,41.5,40.9,22.2,45.9,0.0,N@0.0,0.0,43.7,0.0,44,"Wenatchee Heights, Chelan County",330165,Wenatchee Heights,2017-11-29 20:45:21.061393
2012-04-09,06:30,42.9,42.1,22.4,43.9,0.0,N@0.0,0.0,43.6,0.0,65,"Wenatchee Heights, Chelan County",330165,Wenatchee Heights,2017-11-29 20:45:21.061393
2012-04-09,06:45,43.6,42.7,23.4,44.6,0.0,N@0.0,0.0,43.6,0.0,114,"Wenatchee Heights, Chelan County",330165,Wenatchee Heights,2017-11-29 20:45:21.061393
2012-04-09,07:00,43.4,42.8,25.6,49.3,0.0,N@0.0,0.0,43.5,0.0,166,"Wenatchee Heights, Chelan County",330165,Wenatchee Heights,2017-11-29 20:45:21.061393
2012-04-09,07:15,44.5,43.9,25.8,47.6,0.0,N@1.2,4.2,43.5,0.0,189,"Wenatchee Heights, Chelan County",330165,Wenatchee Heights,2017-11-29 20:45:21.061393
2012-04-09,07:30,44.2,43.2,24.5,45.6,0.0,N@2.9,4.9,43.4,0.0,228,"Wenatchee Heights, Chelan County",330165,Wenatchee Heights,2017-11-29 20:45:21.061393
2012-04-09,07:45,44.2,43.0,24.4,45.4,0.0,NW@1.2,3.5,43.3,0.0,249,"Wenatchee Heights, Chelan County",330165,Wenatchee Heights,2017-11-29 20:45:21.061393
2012-04-09,08:00,45.2,44.3,25.6,46.0,0.0,S@1.4,3.5,43.3,0.0,232,"Wenatchee Heights, Chelan County",330165,Wenatchee Heights,2017-11-29 20:45:21.061393
2012-04-09,08:15,45.9,45.5,26.5,46.5,0.0,NE@1.7,5.7,43.2,0.0,339,"Wenatchee Heights, Chelan County",330165,Wenatchee Heights,2017-11-29 20:45:21.061393
2012-04-09,08:30,48.3,48.0,26.7,42.8,0.0,N@0.5,3.1,43.2,0.0,421,"Wenatchee Heights, Chelan County",330165,Wenatchee Heights,2017-11-29 20:45:21.061393
2012-04-09,08:45,49.4,48.2,27.4,42.2,0.0,NW@1.9,4.2,43.1,0.0,508,"Wenatchee Heights, Chelan County",330165,Wenatchee Heights,2017-11-29 20:45:21.061393
2012-04-09,09:00,48.7,48.1,27.1,42.8,0.0,N@2.5,5.3,43.1,0.0,573,"Wenatchee Heights, Chelan County",330165,Wenatchee Heights,2017-11-29 20:45:21.061393
2012-04-09,09:15,49.0,48.3,27.0,42.1,0.0,N@3.3,6.4,43.0,0.0,623,"Wenatchee Heights, Chelan County",330165,Wenatchee Heights,2017-11-29 20:45:21.061393
2012-04-09,09:30,49.7,49.3,27.7,42.2,0.0,NE@3.2,5.3,43.0,0.0,654,"Wenatchee Heights, Chelan County",330165,Wenatchee Heights,2017-11-29 20:45:21.061393
2012-04-09,09:45,50.7,50.0,28.0,41.3,0.0,N@2.9,4.6,43.0,0.0,681,"Wenatchee Heights, Chelan County",330165,Wenatchee Heights,2017-11-29 20:45:21.061393
2012-04-09,10:00,52.0,51.8,29.5,41.8,0.0,NE@3.0,5.3,42.9,0.0,704,"Wenatchee Heights, Chelan County",330165,Wenatchee Heights,2017-11-29 20:45:21.061393
2012-04-09,10:15,52.8,51.7,29.4,40.4,0.0,N@3.3,4.6,42.9,0.0,741,"Wenatchee Heights, Chelan County",330165,Wenatchee Heights,2017-11-29 20:45:21.061393
2012-04-09,10:30,54.4,54.0,30.4,39.5,0.0,N@3.2,4.9,42.9,0.0,766,"Wenatchee Heights, Chelan County",330165,Wenatchee Heights,2017-11-29 20:45:21.061393
2012-04-09,10:45,55.9,54.9,30.1,37.1,0.0,NW@2.8,4.6,42.9,0.0,773,"Wenatchee Heights, Chelan County",330165,Wenatchee Heights,2017-11-29 20:45:21.061393
2012-04-09,11:00,56.5,55.4,29.3,35.2,0.0,N@4.1,7.4,42.9,0.0,821,"Wenatchee Heights, Chelan County",330165,Wenatchee Heights,2017-11-29 20:45:21.061393
2012-04-09,11:15,57.3,56.5,29.5,34.4,0.0,N@3.7,6.4,42.9,0.0,826,"Wenatchee Heights, Chelan County",330165,Wenatchee Heights,2017-11-29 20:45:21.061393
2012-04-09,11:30,56.9,55.6,30.1,35.8,0.0,NW@3.5,5.7,43.0,0.0,835,"Wenatchee Heights, Chelan County",330165,Wenatchee Heights,2017-11-29 20:45:21.061393
2012-04-09,11:45,57.9,57.2,27.5,31.0,0.0,E@3.8,6.7,43.0,0.0,833,"Wenatchee Heights, Chelan County",330165,Wenatchee Heights,2017-11-29 20:45:21.061393
2012-04-09,12:00,59.1,58.3,27.0,29.1,0.0,SE@4.7,9.2,43.1,0.0,825,"Wenatchee Heights, Chelan County",330165,Wenatchee Heights,2017-11-29 20:45:21.061393
2012-04-09,12:15,59.4,58.5,26.3,28.0,0.0,SE@5.2,9.6,43.1,0.0,823,"Wenatchee Heights, Chelan County",330165,Wenatchee Heights,2017-11-29 20:45:21.061393
2012-04-09,12:30,60.0,59.3,26.9,28.1,0.0,SE@4.1,9.9,43.2,0.0,805,"Wenatchee Heights, Chelan County",330165,Wenatchee Heights,2017-11-29 20:45:21.061393
2012-04-09,12:45,60.9,60.1,27.4,27.8,0.0,E@4.9,11.0,43.3,0.0,817,"Wenatchee Heights, Chelan County",330165,Wenatchee Heights,2017-11-29 20:45:21.061393
2012-04-09,13:00,61.2,60.4,26.7,26.7,0.0,E@4.5,12.8,43.4,0.0,754,"Wenatchee Heights, Chelan County",330165,Wenatchee Heights,2017-11-29 20:45:21.061393
2012-04-09,13:15,61.2,60.4,27.2,27.2,0.0,S@3.3,7.1,43.5,0.0,750,"Wenatchee Heights, Chelan County",330165,Wenatchee Heights,2017-11-29 20:45:21.061393
2012-04-09,13:30,62.0,61.3,27.4,26.7,0.0,E@4.6,11.4,43.7,0.0,763,"Wenatchee Heights, Chelan County",330165,Wenatchee Heights,2017-11-29 20:45:21.061393
2012-04-09,13:45,61.5,60.7,27.1,26.9,0.0,E@4.2,9.2,43.8,0.0,699,"Wenatchee Heights, Chelan County",330165,Wenatchee Heights,2017-11-29 20:45:21.061393
2012-04-09,14:00,61.5,60.8,26.9,26.6,0.0,E@3.8,8.9,43.9,0.0,658,"Wenatchee Heights, Chelan County",330165,Wenatchee Heights,2017-11-29 20:45:21.061393
2012-04-09,14:15,62.4,61.8,28.0,26.9,0.0,NE@4.4,9.2,44.1,0.0,677,"Wenatchee Heights, Chelan County",330165,Wenatchee Heights,2017-11-29 20:45:21.061393
2012-04-09,14:30,62.8,62.1,27.7,26.3,0.0,E@3.8,8.2,44.3,0.0,609,"Wenatchee Heights, Chelan County",330165,Wenatchee Heights,2017-11-29 20:45:21.061393
2012-04-09,14:45,62.8,62.1,27.4,26.0,0.0,E@3.5,8.5,44.4,0.0,638,"Wenatchee Heights, Chelan County",330165,Wenatchee Heights,2017-11-29 20:45:21.061393
2012-04-09,15:00,63.1,62.6,27.3,25.6,0.0,NE@3.9,6.7,44.6,0.0,619,"Wenatchee Heights, Chelan County",330165,Wenatchee Heights,2017-11-29 20:45:21.061393
2012-04-09,15:15,64.1,63.5,28.8,26.3,0.0,S@3.7,10.7,44.8,0.0,601,"Wenatchee Heights, Chelan County",330165,Wenatchee Heights,2017-11-29 20:45:21.061393
2012-04-09,15:30,63.9,63.2,28.5,26.1,0.0,E@3.5,7.8,44.9,0.0,524,"Wenatchee Heights, Chelan County",330165,Wenatchee Heights,2017-11-29 20:45:21.061393
2012-04-09,15:45,63.5,62.8,28.7,26.7,0.0,SE@3.5,6.7,45.1,0.0,452,"Wenatchee Heights, Chelan County",330165,Wenatchee Heights,2017-11-29 20:45:21.061393
2012-04-09,16:00,63.6,62.9,28.9,26.8,0.0,E@3.0,7.4,45.3,0.0,430,"Wenatchee Heights, Chelan County",330165,Wenatchee Heights,2017-11-29 20:45:21.061393
2012-04-09,16:15,63.5,62.8,28.4,26.4,0.0,E@3.7,6.7,45.5,0.0,355,"Wenatchee Heights, Chelan County",330165,Wenatchee Heights,2017-11-29 20:45:21.061393
2012-04-09,16:30,63.0,62.3,28.2,26.6,0.0,SE@3.1,6.4,45.6,0.0,321,"Wenatchee Heights, Chelan County",330165,Wenatchee Heights,2017-11-29 20:45:21.061393
2012-04-09,16:45,62.9,62.1,28.7,27.3,0.0,SE@3.7,6.4,45.8,0.0,246,"Wenatchee Heights, Chelan County",330165,Wenatchee Heights,2017-11-29 20:45:21.061393
2012-04-09,17:00,62.5,61.8,29.2,28.2,0.0,E@3.0,5.3,46.0,0.0,180,"Wenatchee Heights, Chelan County",330165,Wenatchee Heights,2017-11-29 20:45:21.061393
2012-04-09,17:15,62.1,61.4,29.6,29.1,0.0,SE@2.9,4.6,46.1,0.0,150,"Wenatchee Heights, Chelan County",330165,Wenatchee Heights,2017-11-29 20:45:21.061393
2012-04-09,17:30,61.6,60.8,30.1,30.3,0.0,E@3.4,5.7,46.3,0.0,118,"Wenatchee Heights, Chelan County",330165,Wenatchee Heights,2017-11-29 20:45:21.061393
2012-04-09,17:45,60.9,60.2,29.9,30.8,0.0,SE@4.6,8.2,46.5,0.0,84,"Wenatchee Heights, Chelan County",330165,Wenatchee Heights,2017-11-29 20:45:21.061393
2012-04-09,18:00,60.3,59.6,29.2,30.6,0.0,SE@7.1,10.7,46.7,0.0,58,"Wenatchee Heights, Chelan County",330165,Wenatchee Heights,2017-11-29 20:45:21.061393
2012-04-09,18:15,59.6,58.8,30.1,32.6,0.0,SE@7.0,9.9,46.8,0.0,36,"Wenatchee Heights, Chelan County",330165,Wenatchee Heights,2017-11-29 20:45:21.061393
2012-04-09,18:30,59.0,58.3,30.7,34.0,0.0,SE@5.9,9.6,47.0,0.0,15,"Wenatchee Heights, Chelan County",330165,Wenatchee Heights,2017-11-29 20:45:21.061393
2012-04-09,18:45,58.5,57.8,31.3,35.5,0.0,SE@4.6,6.7,47.1,0.0,3,"Wenatchee Heights, Chelan County",330165,Wenatchee Heights,2017-11-29 20:45:21.061393
2012-04-09,19:00,58.1,57.4,31.6,36.4,0.0,SE@4.2,6.7,47.2,0.0,2,"Wenatchee Heights, Chelan County",330165,Wenatchee Heights,2017-11-29 20:45:21.061393
2012-04-09,19:15,58.1,57.4,31.0,35.6,0.0,SE@3.0,5.7,47.4,0.0,0,"Wenatchee Heights, Chelan County",330165,Wenatchee Heights,2017-11-29 20:45:21.061393
2012-04-09,19:30,58.2,57.4,30.3,34.3,0.0,NE@1.8,3.9,47.5,0.0,0,"Wenatchee Heights, Chelan County",330165,Wenatchee Heights,2017-11-29 20:45:21.061393
2012-04-09,19:45,57.4,56.5,31.2,36.6,0.0,S@3.3,6.4,47.6,0.0,0,"Wenatchee Heights, Chelan County",330165,Wenatchee Heights,2017-11-29 20:45:21.061393
2012-04-09,20:00,56.3,55.5,30.4,37.1,0.0,S@4.0,5.3,47.6,0.0,0,"Wenatchee Heights, Chelan County",330165,Wenatchee Heights,2017-11-29 20:45:21.061393
2012-04-09,20:15,56.1,55.4,30.0,36.6,0.0,S@4.3,6.0,47.7,0.0,0,"Wenatchee Heights, Chelan County",330165,Wenatchee Heights,2017-11-29 20:45:21.061393
2012-04-09,20:30,55.8,55.0,30.4,37.8,0.0,SW@3.3,4.9,47.8,0.0,0,"Wenatchee Heights, Chelan County",330165,Wenatchee Heights,2017-11-29 20:45:21.061393
2012-04-09,20:45,55.8,55.0,29.7,36.6,0.0,SW@0.9,2.4,47.8,0.0,0,"Wenatchee Heights, Chelan County",330165,Wenatchee Heights,2017-11-29 20:45:21.061393
2012-04-09,21:00,55.7,54.9,30.1,37.4,0.0,SW@0.1,1.7,47.9,0.0,0,"Wenatchee Heights, Chelan County",330165,Wenatchee Heights,2017-11-29 20:45:21.061393
2012-04-09,21:15,55.4,54.7,30.5,38.4,0.0,S@2.9,4.6,47.9,0.0,0,"Wenatchee Heights, Chelan County",330165,Wenatchee Heights,2017-11-29 20:45:21.061393
2012-04-09,21:30,55.6,54.9,30.4,38.0,0.0,SE@2.2,3.5,48.0,0.0,0,"Wenatchee Heights, Chelan County",330165,Wenatchee Heights,2017-11-29 20:45:21.061393
2012-04-09,21:45,54.6,53.9,30.3,39.2,0.0,S@3.6,4.6,48.0,0.0,0,"Wenatchee Heights, Chelan County",330165,Wenatchee Heights,2017-11-29 20:45:21.061393
2012-04-09,22:00,54.6,54.1,29.3,37.6,0.0,SE@2.4,3.9,48.0,0.0,0,"Wenatchee Heights, Chelan County",330165,Wenatchee Heights,2017-11-29 20:45:21.061393
2012-04-09,22:15,54.8,54.0,30.6,39.3,0.0,SE@2.2,3.9,48.1,0.0,0,"Wenatchee Heights, Chelan County",330165,Wenatchee Heights,2017-11-29 20:45:21.061393
2012-04-09,22:30,54.0,53.2,30.6,40.5,0.0,SE@2.4,3.5,48.1,0.0,0,"Wenatchee Heights, Chelan County",330165,Wenatchee Heights,2017-11-29 20:45:21.061393
2012-04-09,22:45,52.7,51.9,30.4,42.3,0.0,S@1.9,3.5,48.1,0.0,0,"Wenatchee Heights, Chelan County",330165,Wenatchee Heights,2017-11-29 20:45:21.061393
2012-04-09,23:00,53.4,52.8,29.7,39.9,0.0,SE@2.5,3.5,48.1,0.0,0,"Wenatchee Heights, Chelan County",330165,Wenatchee Heights,2017-11-29 20:45:21.061393
2012-04-10,23:15,53.8,53.0,30.0,39.7,0.0,E@0.9,2.1,48.1,0.0,0,"Wenatchee Heights, Chelan County",330165,Wenatchee Heights,2017-11-29 20:45:21.061393
2012-04-10,23:30,52.9,52.1,30.0,41.2,0.0,S@2.3,3.9,48.1,0.0,0,"Wenatchee Heights, Chelan County",330165,Wenatchee Heights,2017-11-29 20:45:21.061393
2012-04-10,23:45,52.9,52.2,30.1,41.3,0.0,S@2.6,3.9,48.0,0.0,0,"Wenatchee Heights, Chelan County",330165,Wenatchee Heights,2017-11-29 20:45:21.061393
2012-04-10,24:00,51.9,51.2,29.4,41.7,0.0,S@2.7,3.9,48.0,0.0,0,"Wenatchee Heights, Chelan County",330165,Wenatchee Heights,2017-11-29 20:45:21.061393
2012-04-10,00:15,51.8,51.0,29.8,42.6,0.0,S@1.9,3.5,48.0,0.0,0,"Wenatchee Heights, Chelan County",330165,Wenatchee Heights,2017-11-29 20:45:21.061393
2012-04-10,00:30,50.6,49.6,30.2,45.3,0.0,SW@2.1,4.2,48.0,0.0,0,"Wenatchee Heights, Chelan County",330165,Wenatchee Heights,2017-11-29 20:45:21.061393
2012-04-10,00:45,50.8,50.1,30.5,45.4,0.0,SW@2.4,4.2,48.0,0.0,0,"Wenatchee Heights, Chelan County",330165,Wenatchee Heights,2017-11-29 20:45:21.061393
2012-04-10,01:00,51.2,50.5,30.6,45.1,0.0,N@1.5,3.5,47.9,0.0,0,"Wenatchee Heights, Chelan County",330165,Wenatchee Heights,2017-11-29 20:45:21.061393
2012-04-10,01:15,50.8,50.1,30.7,46.0,0.0,NW@0.8,4.6,47.9,0.0,0,"Wenatchee Heights, Chelan County",330165,Wenatchee Heights,2017-11-29 20:45:21.061393
2012-04-10,01:30,50.0,49.0,31.1,48.0,0.0,SW@0.7,2.4,47.9,0.0,0,"Wenatchee Heights, Chelan County",330165,Wenatchee Heights,2017-11-29 20:45:21.061393
2012-04-10,01:45,49.8,49.1,31.5,49.1,0.0,W@3.2,6.0,47.8,0.0,0,"Wenatchee Heights, Chelan County",330165,Wenatchee Heights,2017-11-29 20:45:21.061393
2012-04-10,02:00,50.2,49.5,31.4,48.3,0.0,W@2.9,5.7,47.8,0.0,0,"Wenatchee Heights, Chelan County",330165,Wenatchee Heights,2017-11-29 20:45:21.061393
2012-04-10,02:15,49.8,49.0,31.6,49.4,0.0,W@3.5,6.4,47.7,0.0,0,"Wenatchee Heights, Chelan County",330165,Wenatchee Heights,2017-11-29 20:45:21.061393
2012-04-10,02:30,50.3,49.6,31.3,47.8,0.0,W@4.3,7.4,47.7,0.0,0,"Wenatchee Heights, Chelan County",330165,Wenatchee Heights,2017-11-29 20:45:21.061393
2012-04-10,02:45,49.5,48.9,31.6,49.9,0.0,W@4.0,8.2,47.6,0.0,0,"Wenatchee Heights, Chelan County",330165,Wenatchee Heights,2017-11-29 20:45:21.061393
2012-04-10,03:00,50.2,49.6,31.5,48.4,0.0,W@3.8,7.8,47.6,0.0,0,"Wenatchee Heights, Chelan County",330165,Wenatchee Heights,2017-11-29 20:45:21.061393
2012-04-10,03:15,50.2,49.4,31.6,48.6,0.0,W@3.8,6.0,47.5,0.0,0,"Wenatchee Heights, Chelan County",330165,Wenatchee Heights,2017-11-29 20:45:21.061393
2012-04-10,03:30,49.6,48.9,31.9,50.5,0.0,W@3.1,5.7,47.5,0.0,0,"Wenatchee Heights, Chelan County",330165,Wenatchee Heights,2017-11-29 20:45:21.061393
2012-04-10,03:45,50.6,49.9,31.7,48.2,0.0,W@3.2,7.1,47.4,0.0,0,"Wenatchee Heights, Chelan County",330165,Wenatchee Heights,2017-11-29 20:45:21.061393
2012-04-10,04:00,49.7,48.9,32.0,50.3,0.0,W@2.1,4.9,47.4,0.0,0,"Wenatchee Heights, Chelan County",330165,Wenatchee Heights,2017-11-29 20:45:21.061393
2012-04-10,04:15,49.8,49.1,32.0,50.0,0.0,W@3.4,6.0,47.3,0.0,0,"Wenatchee Heights, Chelan County",330165,Wenatchee Heights,2017-11-29 20:45:21.061393
2012-04-10,04:30,49.7,48.8,31.7,49.7,0.0,W@2.3,5.3,47.2,0.0,0,"Wenatchee Heights, Chelan County",330165,Wenatchee Heights,2017-11-29 20:45:21.061393
2012-04-10,04:45,49.0,48.3,31.9,51.5,0.0,SW@3.3,4.9,47.2,0.0,0,"Wenatchee Heights, Chelan County",330165,Wenatchee Heights,2017-11-29 20:45:21.061393
2012-04-10,05:00,49.3,48.4,31.8,50.6,0.0,SW@2.4,3.9,47.1,0.0,0,"Wenatchee Heights, Chelan County",330165,Wenatchee Heights,2017-11-29 20:45:21.061393
2012-04-10,05:15,49.3,48.6,31.3,49.8,0.0,SW@0.3,2.4,47.1,0.0,1,"Wenatchee Heights, Chelan County",330165,Wenatchee Heights,2017-11-29 20:45:21.061393
2012-04-10,05:30,49.3,48.3,31.4,49.9,0.0,W@1.4,3.1,47.0,0.0,2,"Wenatchee Heights, Chelan County",330165,Wenatchee Heights,2017-11-29 20:45:21.061393
2012-04-10,05:45,47.6,46.7,31.5,53.4,0.0,E@2.6,4.6,47.0,0.0,11,"Wenatchee Heights, Chelan County",330165,Wenatchee Heights,2017-11-29 20:45:21.061393
2012-04-10,06:00,45.7,44.9,31.0,56.2,0.0,SE@2.0,3.5,46.9,0.0,20,"Wenatchee Heights, Chelan County",330165,Wenatchee Heights,2017-11-29 20:45:21.061393
2012-04-10,06:15,45.9,45.0,31.2,56.3,0.0,NE@1.1,3.1,46.8,0.0,35,"Wenatchee Heights, Chelan County",330165,Wenatchee Heights,2017-11-29 20:45:21.061393
2012-04-10,06:30,46.0,45.2,31.3,56.2,0.0,E@1.5,3.9,46.8,0.0,55,"Wenatchee Heights, Chelan County",330165,Wenatchee Heights,2017-11-29 20:45:21.061393
2012-04-10,06:45,45.9,45.0,31.7,57.3,0.0,N@2.8,4.6,46.7,0.0,83,"Wenatchee Heights, Chelan County",330165,Wenatchee Heights,2017-11-29 20:45:21.061393
2012-04-10,07:00,46.1,45.4,32.3,58.4,0.0,SW@2.0,4.9,46.7,0.0,112,"Wenatchee Heights, Chelan County",330165,Wenatchee Heights,2017-11-29 20:45:21.061393
2012-04-10,07:15,47.5,46.9,33.7,58.6,0.0,S@3.2,5.7,46.6,0.0,144,"Wenatchee Heights, Chelan County",330165,Wenatchee Heights,2017-11-29 20:45:21.061393
2012-04-10,07:30,47.9,47.4,33.6,57.3,0.0,NE@3.3,5.7,46.6,0.0,194,"Wenatchee Heights, Chelan County",330165,Wenatchee Heights,2017-11-29 20:45:21.061393
2012-04-10,07:45,48.7,47.9,34.3,57.4,0.0,NE@1.9,5.3,46.5,0.0,248,"Wenatchee Heights, Chelan County",330165,Wenatchee Heights,2017-11-29 20:45:21.061393
2012-04-10,08:00,48.9,48.0,34.6,57.6,0.0,S@3.7,6.7,46.5,0.0,239,"Wenatchee Heights, Chelan County",330165,Wenatchee Heights,2017-11-29 20:45:21.061393
2012-04-10,08:15,48.5,47.7,34.0,57.0,0.0,SW@2.8,5.7,46.4,0.0,312,"Wenatchee Heights, Chelan County",330165,Wenatchee Heights,2017-11-29 20:45:21.061393
2012-04-10,08:30,51.8,51.4,35.9,54.4,0.0,SE@2.4,3.9,46.4,0.0,310,"Wenatchee Heights, Chelan County",330165,Wenatchee Heights,2017-11-29 20:45:21.061393
2012-04-10,08:45,51.8,50.7,35.3,53.0,0.0,NW@3.3,6.0,46.3,0.0,361,"Wenatchee Heights, Chelan County",330165,Wenatchee Heights,2017-11-29 20:45:21.061393
2012-04-10,09:00,52.0,51.6,34.8,51.7,0.0,N@1.8,4.9,46.3,0.0,407,"Wenatchee Heights, Chelan County",330165,Wenatchee Heights,2017-11-29 20:45:21.061393
2012-04-10,09:15,53.5,52.3,34.8,49.0,0.0,NW@2.9,4.9,46.3,0.0,410,"Wenatchee Heights, Chelan County",330165,Wenatchee Heights,2017-11-29 20:45:21.061393
2012-04-10,09:30,52.5,51.6,34.6,50.4,0.0,NW@2.0,4.2,46.2,0.0,373,"Wenatchee Heights, Chelan County",330165,Wenatchee Heights,2017-11-29 20:45:21.061393
2012-04-10,09:45,54.0,53.1,34.5,47.4,0.0,N@2.7,6.0,46.2,0.0,442,"Wenatchee Heights, Chelan County",330165,Wenatchee Heights,2017-11-29 20:45:21.061393
2012-04-10,10:00,55.0,54.2,33.9,44.8,0.0,N@2.4,4.2,46.2,0.0,417,"Wenatchee Heights, Chelan County",330165,Wenatchee Heights,2017-11-29 20:45:21.061393
2012-04-10,10:15,54.7,53.7,34.0,45.4,0.0,N@2.9,5.3,46.1,0.0,394,"Wenatchee Heights, Chelan County",330165,Wenatchee Heights,2017-11-29 20:45:21.061393
2012-04-10,10:30,53.6,52.7,36.3,51.6,0.0,NW@2.6,5.7,46.1,0.0,362,"Wenatchee Heights, Chelan County",330165,Wenatchee Heights,2017-11-29 20:45:21.061393
2012-04-10,10:45,54.8,54.4,36.1,49.1,0.0,E@1.5,3.9,46.1,0.0,335,"Wenatchee Heights, Chelan County",330165,Wenatchee Heights,2017-11-29 20:45:21.061393
2012-04-10,11:00,55.7,55.0,37.0,49.3,0.0,NW@1.7,3.5,46.1,0.0,341,"Wenatchee Heights, Chelan County",330165,Wenatchee Heights,2017-11-29 20:45:21.061393
2012-04-10,11:15,56.1,55.5,37.5,49.6,0.0,NE@1.5,3.5,46.1,0.0,381,"Wenatchee Heights, Chelan County",330165,Wenatchee Heights,2017-11-29 20:45:21.061393
2012-04-10,11:30,56.4,56.1,38.2,50.3,0.0,N@2.2,4.2,46.2,0.0,391,"Wenatchee Heights, Chelan County",330165,Wenatchee Heights,2017-11-29 20:45:21.061393
2012-04-10,11:45,56.8,55.9,38.2,49.6,0.0,N@2.5,5.3,46.2,0.0,456,"Wenatchee Heights, Chelan County",330165,Wenatchee Heights,2017-11-29 20:45:21.061393
2012-04-10,12:00,58.0,57.4,38.1,47.4,0.0,N@1.8,4.2,46.2,0.0,513,"Wenatchee Heights, Chelan County",330165,Wenatchee Heights,2017-11-29 20:45:21.061393
2012-04-10,12:15,58.7,57.6,38.6,47.2,0.0,NW@3.1,4.9,46.3,0.0,514,"Wenatchee Heights, Chelan County",330165,Wenatchee Heights,2017-11-29 20:45:21.061393
2012-04-10,12:30,59.1,58.4,37.6,44.6,0.0,N@3.1,4.9,46.3,0.0,460,"Wenatchee Heights, Chelan County",330165,Wenatchee Heights,2017-11-29 20:45:21.061393
2012-04-10,12:45,59.6,58.8,37.1,43.0,0.0,N@2.1,4.6,46.3,0.0,466,"Wenatchee Heights, Chelan County",330165,Wenatchee Heights,2017-11-29 20:45:21.061393
2012-04-10,13:00,59.8,58.7,37.3,43.2,0.0,NW@2.4,4.6,46.4,0.0,403,"Wenatchee Heights, Chelan County",330165,Wenatchee Heights,2017-11-29 20:45:21.061393
2012-04-10,13:15,60.6,59.6,37.8,42.7,0.0,N@3.0,4.9,46.4,0.0,438,"Wenatchee Heights, Chelan County",330165,Wenatchee Heights,2017-11-29 20:45:21.061393
2012-04-10,13:30,60.6,59.5,38.2,43.4,0.0,N@3.0,4.9,46.5,0.0,441,"Wenatchee Heights, Chelan County",330165,Wenatchee Heights,2017-11-29 20:45:21.061393
2012-04-10,13:45,60.7,59.9,36.9,41.0,0.0,N@3.6,5.3,46.6,0.0,376,"Wenatchee Heights, Chelan County",330165,Wenatchee Heights,2017-11-29 20:45:21.061393
2012-04-10,14:00,61.0,60.3,35.7,38.7,0.0,N@2.7,4.9,46.6,0.0,354,"Wenatchee Heights, Chelan County",330165,Wenatchee Heights,2017-11-29 20:45:21.061393
2012-04-10,14:15,60.8,59.9,36.7,40.5,0.0,NW@3.0,5.3,46.7,0.0,350,"Wenatchee Heights, Chelan County",330165,Wenatchee Heights,2017-11-29 20:45:21.061393
2012-04-10,14:30,61.1,60.3,36.2,39.3,0.0,N@3.7,6.0,46.8,0.0,401,"Wenatchee Heights, Chelan County",330165,Wenatchee Heights,2017-11-29 20:45:21.061393
2012-04-10,14:45,61.5,60.5,36.1,38.6,0.0,N@3.8,5.7,46.9,0.0,422,"Wenatchee Heights, Chelan County",330165,Wenatchee Heights,2017-11-29 20:45:21.061393
2012-04-10,15:00,62.0,61.0,35.5,37.0,0.0,NW@3.5,6.0,47.0,0.0,425,"Wenatchee Heights, Chelan County",330165,Wenatchee Heights,2017-11-29 20:45:21.061393
2012-04-10,15:15,61.7,60.6,34.6,36.1,0.0,NW@3.6,7.1,47.0,0.0,286,"Wenatchee Heights, Chelan County",330165,Wenatchee Heights,2017-11-29 20:45:21.061393
2012-04-10,15:30,61.7,60.8,34.0,35.2,0.0,N@2.9,5.3,47.1,0.0,358,"Wenatchee Heights, Chelan County",330165,Wenatchee Heights,2017-11-29 20:45:21.061393
2012-04-10,15:45,63.2,62.8,34.6,34.3,0.0,N@3.2,4.6,47.2,0.0,499,"Wenatchee Heights, Chelan County",330165,Wenatchee Heights,2017-11-29 20:45:21.061393
2012-04-10,16:00,62.7,61.8,34.6,34.8,0.0,N@3.4,6.7,47.3,0.0,235,"Wenatchee Heights, Chelan County",330165,Wenatchee Heights,2017-11-29 20:45:21.061393
2012-04-10,16:15,62.0,60.9,34.9,36.1,0.0,N@3.9,5.7,47.4,0.0,196,"Wenatchee Heights, Chelan County",330165,Wenatchee Heights,2017-11-29 20:45:21.061393
2012-04-10,16:30,61.4,60.4,34.6,36.6,0.0,NW@2.0,4.6,47.5,0.0,188,"Wenatchee Heights, Chelan County",330165,Wenatchee Heights,2017-11-29 20:45:21.061393
2012-04-10,16:45,60.8,60.0,34.8,37.6,0.0,NW@2.8,4.2,47.6,0.0,170,"Wenatchee Heights, Chelan County",330165,Wenatchee Heights,2017-11-29 20:45:21.061393
2012-04-10,17:00,61.2,60.4,34.9,37.2,0.0,NW@0.8,2.8,47.7,0.0,145,"Wenatchee Heights, Chelan County",330165,Wenatchee Heights,2017-11-29 20:45:21.061393
2012-04-10,17:15,61.1,60.2,34.2,36.4,0.0,NW@1.8,3.5,47.8,0.0,147,"Wenatchee Heights, Chelan County",330165,Wenatchee Heights,2017-11-29 20:45:21.061393
2012-04-10,17:30,61.3,60.4,33.6,35.3,0.0,SW@0.0,1.4,47.9,0.0,102,"Wenatchee Heights, Chelan County",330165,Wenatchee Heights,2017-11-29 20:45:21.061393
2012-04-10,17:45,60.9,60.0,34.1,36.3,0.0,NW@0.4,2.1,48.0,0.0,70,"Wenatchee Heights, Chelan County",330165,Wenatchee Heights,2017-11-29 20:45:21.061393
2012-04-10,18:00,59.8,58.9,35.7,40.3,0.0,W@1.2,2.4,48.1,0.0,42,"Wenatchee Heights, Chelan County",330165,Wenatchee Heights,2017-11-29 20:45:21.061393
2012-04-10,18:15,58.6,57.6,35.0,41.1,0.0,SW@1.2,2.1,48.1,0.0,21,"Wenatchee Heights, Chelan County",330165,Wenatchee Heights,2017-11-29 20:45:21.061393
2012-04-10,18:30,57.9,57.1,34.2,40.7,0.0,S@2.7,3.9,48.2,0.0,18,"Wenatchee Heights, Chelan County",330165,Wenatchee Heights,2017-11-29 20:45:21.061393
2012-04-10,18:45,56.7,55.9,36.0,45.7,0.0,S@3.6,4.6,48.3,0.0,8,"Wenatchee Heights, Chelan County",330165,Wenatchee Heights,2017-11-29 20:45:21.061393
2012-04-10,19:00,56.7,56.0,35.2,44.2,0.0,S@2.8,3.9,48.4,0.0,2,"Wenatchee Heights, Chelan County",330165,Wenatchee Heights,2017-11-29 20:45:21.061393
2012-04-10,19:15,57.1,56.4,34.4,42.3,0.0,SE@3.2,4.2,48.4,0.0,1,"Wenatchee Heights, Chelan County",330165,Wenatchee Heights,2017-11-29 20:45:21.061393
2012-04-10,19:30,56.8,56.0,34.2,42.4,0.0,S@2.9,4.2,48.5,0.0,0,"Wenatchee Heights, Chelan County",330165,Wenatchee Heights,2017-11-29 20:45:21.061393
2012-04-10,19:45,56.4,55.7,33.8,42.2,0.0,S@0.9,3.1,48.6,0.0,0,"Wenatchee Heights, Chelan County",330165,Wenatchee Heights,2017-11-29 20:45:21.061393
2012-04-10,20:00,55.9,54.9,34.0,43.5,0.0,SW@0.8,2.4,48.6,0.0,0,"Wenatchee Heights, Chelan County",330165,Wenatchee Heights,2017-11-29 20:45:21.061393
2012-04-10,20:15,55.1,54.4,34.0,44.6,0.0,SW@3.3,5.3,48.7,0.0,0,"Wenatchee Heights, Chelan County",330165,Wenatchee Heights,2017-11-29 20:45:21.061393
2012-04-10,20:30,55.2,54.4,33.9,44.4,0.0,S@2.9,4.9,48.7,0.0,0,"Wenatchee Heights, Chelan County",330165,Wenatchee Heights,2017-11-29 20:45:21.061393
2012-04-10,20:45,55.7,55.0,33.8,43.3,0.0,S@0.9,2.4,48.7,0.0,0,"Wenatchee Heights, Chelan County",330165,Wenatchee Heights,2017-11-29 20:45:21.061393
2012-04-10,21:00,55.3,54.5,33.7,43.8,0.0,S@0.6,2.8,48.8,0.0,0,"Wenatchee Heights, Chelan County",330165,Wenatchee Heights,2017-11-29 20:45:21.061393
2012-04-10,21:15,55.3,54.4,33.8,44.1,0.0,S@2.1,3.5,48.8,0.0,0,"Wenatchee Heights, Chelan County",330165,Wenatchee Heights,2017-11-29 20:45:21.061393
2012-04-10,21:30,54.6,53.8,34.0,45.4,0.0,SW@2.3,3.9,48.8,0.0,0,"Wenatchee Heights, Chelan County",330165,Wenatchee Heights,2017-11-29 20:45:21.061393
2012-04-10,21:45,55.1,54.4,33.3,43.6,0.0,SW@4.2,6.4,48.8,0.0,0,"Wenatchee Heights, Chelan County",330165,Wenatchee Heights,2017-11-29 20:45:21.061393
2012-04-10,22:00,54.8,54.0,33.7,44.7,0.0,SW@3.5,4.9,48.8,0.0,0,"Wenatchee Heights, Chelan County",330165,Wenatchee Heights,2017-11-29 20:45:21.061393
2012-04-10,22:15,55.2,54.5,33.5,43.8,0.0,W@2.6,4.6,48.8,0.0,0,"Wenatchee Heights, Chelan County",330165,Wenatchee Heights,2017-11-29 20:45:21.061393
2012-04-10,22:30,54.3,53.4,33.5,45.2,0.0,W@2.7,4.2,48.8,0.0,0,"Wenatchee Heights, Chelan County",330165,Wenatchee Heights,2017-11-29 20:45:21.061393
2012-04-10,22:45,53.0,52.0,33.6,47.5,0.0,SW@2.3,3.5,48.7,0.0,0,"Wenatchee Heights, Chelan County",330165,Wenatchee Heights,2017-11-29 20:45:21.061393
2012-04-10,23:00,52.3,51.6,33.6,48.6,0.0,SW@2.8,5.7,48.7,0.0,0,"Wenatchee Heights, Chelan County",330165,Wenatchee Heights,2017-11-29 20:45:21.061393
2012-04-11,23:15,51.8,50.9,34.1,50.5,0.0,SW@3.1,4.2,48.7,0.0,0,"Wenatchee Heights, Chelan County",330165,Wenatchee Heights,2017-11-29 20:45:21.061393
2012-04-11,23:30,51.6,50.9,33.7,50.2,0.0,SW@2.0,4.2,48.7,0.0,0,"Wenatchee Heights, Chelan County",330165,Wenatchee Heights,2017-11-29 20:45:21.061393
2012-04-11,23:45,51.8,50.9,33.6,49.5,0.0,S@0.8,2.8,48.7,0.0,0,"Wenatchee Heights, Chelan County",330165,Wenatchee Heights,2017-11-29 20:45:21.061393
2012-04-11,24:00,51.3,50.4,33.6,50.4,0.0,SW@0.2,2.1,48.6,0.0,0,"Wenatchee Heights, Chelan County",330165,Wenatchee Heights,2017-11-29 20:45:21.061393
2012-04-11,00:15,50.9,50.0,33.5,51.1,0.0,N@0.0,0.0,48.6,0.0,0,"Wenatchee Heights, Chelan County",330165,Wenatchee Heights,2017-11-29 20:45:21.061393
2012-04-11,00:30,50.7,49.7,33.7,52.0,0.0,S@0.4,3.1,48.6,0.0,0,"Wenatchee Heights, Chelan County",330165,Wenatchee Heights,2017-11-29 20:45:21.061393
2012-04-11,00:45,50.1,49.4,33.7,53.0,0.0,S@2.5,4.2,48.5,0.0,0,"Wenatchee Heights, Chelan County",330165,Wenatchee Heights,2017-11-29 20:45:21.061393
2012-04-11,01:00,50.3,49.6,33.0,51.3,0.0,S@3.8,4.6,48.5,0.0,0,"Wenatchee Heights, Chelan County",330165,Wenatchee Heights,2017-11-29 20:45:21.061393
2012-04-11,01:15,50.8,50.1,32.8,50.0,0.0,SE@3.4,5.7,48.5,0.0,0,"Wenatchee Heights, Chelan County",330165,Wenatchee Heights,2017-11-29 20:45:21.061393
2012-04-11,01:30,50.1,49.1,33.0,51.5,0.0,S@0.0,1.7,48.4,0.0,0,"Wenatchee Heights, Chelan County",330165,Wenatchee Heights,2017-11-29 20:45:21.061393
2012-04-11,01:45,49.2,48.3,32.9,53.1,0.0,S@0.1,3.1,48.4,0.0,0,"Wenatchee Heights, Chelan County",330165,Wenatchee Heights,2017-11-29 20:45:21.061393
2012-04-11,02:00,49.1,48.4,33.4,54.3,0.0,SE@1.6,3.1,48.3,0.0,0,"Wenatchee Heights, Chelan County",330165,Wenatchee Heights,2017-11-29 20:45:21.061393
2012-04-11,02:15,48.3,47.5,33.2,55.5,0.0,SE@3.0,4.2,48.3,0.0,0,"Wenatchee Heights, Chelan County",330165,Wenatchee Heights,2017-11-29 20:45:21.061393
2012-04-11,02:30,48.5,47.6,32.8,54.4,0.0,SE@3.1,4.6,48.2,0.0,0,"Wenatchee Heights, Chelan County",330165,Wenatchee Heights,2017-11-29 20:45:21.061393
2012-04-11,02:45,47.4,46.7,33.0,57.1,0.0,S@1.8,4.6,48.1,0.0,0,"Wenatchee Heights, Chelan County",330165,Wenatchee Heights,2017-11-29 20:45:21.061393
2012-04-11,03:00,48.9,48.1,33.1,54.1,0.0,S@0.1,2.8,48.1,0.0,0,"Wenatchee Heights, Chelan County",330165,Wenatchee Heights,2017-11-29 20:45:21.061393
2012-04-11,03:15,48.5,47.6,33.1,54.9,0.0,S@1.6,2.8,48.0,0.0,0,"Wenatchee Heights, Chelan County",330165,Wenatchee Heights,2017-11-29 20:45:21.061393
2012-04-11,03:30,47.2,46.3,33.4,58.4,0.0,W@1.4,3.1,48.0,0.0,0,"Wenatchee Heights, Chelan County",330165,Wenatchee Heights,2017-11-29 20:45:21.061393
2012-04-11,03:45,47.4,46.5,33.1,57.3,0.0,SW@0.7,2.8,47.9,0.0,0,"Wenatchee Heights, Chelan County",330165,Wenatchee Heights,2017-11-29 20:45:21.061393
2012-04-11,04:00,47.7,46.8,33.2,56.8,0.0,SE@1.7,4.9,47.9,0.0,0,"Wenatchee Heights, Chelan County",330165,Wenatchee Heights,2017-11-29 20:45:21.061393
2012-04-11,04:15,47.1,46.3,33.6,59.2,0.0,SE@3.8,9.2,47.8,0.0,0,"Wenatchee Heights, Chelan County",330165,Wenatchee Heights,2017-11-29 20:45:21.061393
2012-04-11,04:30,45.6,44.8,33.7,63.0,0.0,SE@5.4,8.9,47.7,0.0,0,"Wenatchee Heights, Chelan County",330165,Wenatchee Heights,2017-11-29 20:45:21.061393
2012-04-11,04:45,45.0,44.3,33.3,63.3,0.0,SE@5.6,7.8,47.7,0.0,0,"Wenatchee Heights, Chelan County",330165,Wenatchee Heights,2017-11-29 20:45:21.061393
2012-04-11,05:00,46.4,45.8,33.4,60.3,0.0,SE@4.3,6.4,47.6,0.0,0,"Wenatchee Heights, Chelan County",330165,Wenatchee Heights,2017-11-29 20:45:21.061393
2012-04-11,05:15,46.7,45.9,33.0,58.7,0.0,SE@4.0,6.0,47.6,0.0,1,"Wenatchee Heights, Chelan County",330165,Wenatchee Heights,2017-11-29 20:45:21.061393
2012-04-11,05:30,46.1,45.1,33.0,60.1,0.0,SE@1.1,3.9,47.5,0.0,3,"Wenatchee Heights, Chelan County",330165,Wenatchee Heights,2017-11-29 20:45:21.061393
2012-04-11,05:45,45.7,45.0,33.1,61.0,0.0,S@0.8,3.9,47.4,0.0,12,"Wenatchee Heights, Chelan County",330165,Wenatchee Heights,2017-11-29 20:45:21.061393
2012-04-11,06:00,46.4,45.8,33.2,59.8,0.0,S@3.2,4.6,47.4,0.0,27,"Wenatchee Heights, Chelan County",330165,Wenatchee Heights,2017-11-29 20:45:21.061393
2012-04-11,06:15,47.6,46.8,33.5,57.9,0.0,SE@2.3,3.9,47.3,0.0,40,"Wenatchee Heights, Chelan County",330165,Wenatchee Heights,2017-11-29 20:45:21.061393
2012-04-11,06:30,47.8,47.1,33.7,57.8,0.0,SE@1.7,3.9,47.3,0.0,48,"Wenatchee Heights, Chelan County",330165,Wenatchee Heights,2017-11-29 20:45:21.061393
2012-04-11,06:45,45.3,44.2,34.2,65.0,0.0,E@3.8,6.7,47.2,0.0,67,"Wenatchee Heights, Chelan County",330165,Wenatchee Heights,2017-11-29 20:45:21.061393
2012-04-11,07:00,43.7,43.0,34.4,69.5,0.0,SE@4.9,6.7,47.2,0.0,90,"Wenatchee Heights, Chelan County",330165,Wenatchee Heights,2017-11-29 20:45:21.061393
2012-04-11,07:15,45.2,44.5,34.9,67.0,0.0,SE@4.7,6.4,47.1,0.0,118,"Wenatchee Heights, Chelan County",330165,Wenatchee Heights,2017-11-29 20:45:21.061393
2012-04-11,07:30,46.3,45.6,35.1,64.7,0.0,SE@4.7,6.7,47.1,0.0,156,"Wenatchee Heights, Chelan County",330165,Wenatchee Heights,2017-11-29 20:45:21.061393
2012-04-11,07:45,47.4,46.6,35.6,63.3,0.0,SE@4.1,6.4,47.0,0.0,180,"Wenatchee Heights, Chelan County",330165,Wenatchee Heights,2017-11-29 20:45:21.061393
2012-04-11,08:00,47.1,46.3,35.3,63.4,0.0,SE@6.2,8.9,47.0,0.0,191,"Wenatchee Heights, Chelan County",330165,Wenatchee Heights,2017-11-29 20:45:21.061393
2012-04-11,08:15,47.1,46.4,35.5,63.9,0.0,SE@5.6,8.2,46.9,0.0,227,"Wenatchee Heights, Chelan County",330165,Wenatchee Heights,2017-11-29 20:45:21.061393
2012-04-11,08:30,48.6,47.9,36.6,63.0,0.0,SE@4.9,6.7,46.9,0.0,264,"Wenatchee Heights, Chelan County",330165,Wenatchee Heights,2017-11-29 20:45:21.061393
2012-04-11,08:45,49.9,49.2,36.0,58.6,0.0,SE@5.3,8.2,46.8,0.0,259,"Wenatchee Heights, Chelan County",330165,Wenatchee Heights,2017-11-29 20:45:21.061393
2012-04-11,09:00,51.0,50.3,35.8,55.8,0.0,SE@4.1,6.7,46.8,0.0,191,"Wenatchee Heights, Chelan County",330165,Wenatchee Heights,2017-11-29 20:45:21.061393
2012-04-11,09:15,51.8,51.2,37.8,58.6,0.0,N@2.4,3.5,46.7,0.0,345,"Wenatchee Heights, Chelan County",330165,Wenatchee Heights,2017-11-29 20:45:21.061393
2012-04-11,09:30,53.1,52.3,39.1,59.0,0.0,NE@1.1,3.5,46.7,0.0,254,"Wenatchee Heights, Chelan County",330165,Wenatchee Heights,2017-11-29 20:45:21.061393
2012-04-11,09:45,52.8,52.2,39.2,59.8,0.0,N@1.3,4.2,46.6,0.0,412,"Wenatchee Heights, Chelan County",330165,Wenatchee Heights,2017-11-29 20:45:21.061393
2012-04-11,10:00,53.6,52.8,40.0,59.9,0.0,N@2.5,4.6,46.6,0.0,399,"Wenatchee Heights, Chelan County",330165,Wenatchee Heights,2017-11-29 20:45:21.061393
2012-04-11,10:15,53.4,52.6,39.6,59.2,0.0,NE@3.1,5.3,46.6,0.0,285,"Wenatchee Heights, Chelan County",330165,Wenatchee Heights,2017-11-29 20:45:21.061393
2012-04-11,10:30,53.9,53.2,38.4,55.5,0.0,SE@2.6,3.9,46.6,0.0,256,"Wenatchee Heights, Chelan County",330165,Wenatchee Heights,2017-11-29 20:45:21.061393
2012-04-11,10:45,53.7,52.7,39.2,57.7,0.0,NW@1.7,3.5,46.5,0.0,297,"Wenatchee Heights, Chelan County",330165,Wenatchee Heights,2017-11-29 20:45:21.061393
2012-04-11,11:00,54.5,53.8,40.0,58.0,0.0,E@1.3,3.5,46.5,0.0,290,"Wenatchee Heights, Chelan County",330165,Wenatchee Heights,2017-11-29 20:45:21.061393
2012-04-11,11:15,55.5,54.7,39.6,55.1,0.0,N@3.0,4.6,46.5,0.0,529,"Wenatchee Heights, Chelan County",330165,Wenatchee Heights,2017-11-29 20:45:21.061393
2012-04-11,11:30,55.5,55.0,39.0,53.6,0.0,NE@3.3,5.7,46.5,0.0,313,"Wenatchee Heights, Chelan County",330165,Wenatchee Heights,2017-11-29 20:45:21.061393
2012-04-11,11:45,56.1,55.4,38.1,50.6,0.0,SE@3.3,5.7,46.5,0.0,249,"Wenatchee Heights, Chelan County",330165,Wenatchee Heights,2017-11-29 20:45:21.061393
2012-04-11,12:00,56.5,55.7,36.8,47.4,0.0,SE@3.8,6.0,46.6,0.0,214,"Wenatchee Heights, Chelan County",330165,Wenatchee Heights,2017-11-29 20:45:21.061393
2012-04-11,12:15,56.6,55.9,37.5,48.5,0.0,SE@4.5,6.4,46.6,0.0,276,"Wenatchee Heights, Chelan County",330165,Wenatchee Heights,2017-11-29 20:45:21.061393
2012-04-11,12:30,56.0,55.2,37.4,49.5,0.0,E@5.3,7.4,46.6,0.0,265,"Wenatchee Heights, Chelan County",330165,Wenatchee Heights,2017-11-29 20:45:21.061393
2012-04-11,12:45,55.5,54.7,36.9,49.3,0.0,SE@4.6,7.4,46.6,0.0,185,"Wenatchee Heights, Chelan County",330165,Wenatchee Heights,2017-11-29 20:45:21.061393
2012-04-11,13:00,55.1,54.4,36.9,50.0,0.0,SE@4.5,6.7,46.7,0.0,101,"Wenatchee Heights, Chelan County",330165,Wenatchee Heights,2017-11-29 20:45:21.061393
2012-04-11,13:15,56.0,55.6,36.3,47.4,0.0,SE@4.3,14.6,46.7,0.0,83,"Wenatchee Heights, Chelan County",330165,Wenatchee Heights,2017-11-29 20:45:21.061393
2012-04-11,13:30,57.2,56.2,37.6,47.8,0.0,S@5.8,10.3,46.8,0.0,157,"Wenatchee Heights, Chelan County",330165,Wenatchee Heights,2017-11-29 20:45:21.061393
2012-04-11,13:45,57.5,57.0,38.8,49.6,0.0,SW@4.4,9.2,46.8,0.0,215,"Wenatchee Heights, Chelan County",330165,Wenatchee Heights,2017-11-29 20:45:21.061393
2012-04-11,14:00,58.6,57.8,37.7,45.6,0.0,W@3.4,7.8,46.9,0.0,160,"Wenatchee Heights, Chelan County",330165,Wenatchee Heights,2017-11-29 20:45:21.061393
2012-04-11,14:15,58.4,57.4,38.2,46.8,0.0,NW@3.9,8.2,46.9,0.0,147,"Wenatchee Heights, Chelan County",330165,Wenatchee Heights,2017-11-29 20:45:21.061393
2012-04-11,14:30,57.7,56.9,38.6,48.7,0.0,N@4.5,6.7,47.0,0.0,155,"Wenatchee Heights, Chelan County",330165,Wenatchee Heights,2017-11-29 20:45:21.061393
2012-04-11,14:45,57.7,56.8,38.2,47.9,0.0,NW@2.6,5.3,47.0,0.0,117,"Wenatchee Heights, Chelan County",330165,Wenatchee Heights,2017-11-29 20:45:21.061393
2012-04-11,15:00,58.3,57.6,38.5,47.7,0.0,W@3.7,11.0,47.1,0.0,210,"Wenatchee Heights, Chelan County",330165,Wenatchee Heights,2017-11-29 20:45:21.061393
2012-04-11,15:15,57.9,57.1,38.1,47.6,0.0,NW@7.9,16.4,47.1,0.0,168,"Wenatchee Heights, Chelan County",330165,Wenatchee Heights,2017-11-29 20:45:21.061393
2012-04-11,15:30,57.1,56.4,37.5,47.7,0.0,W@9.2,17.5,47.2,0.0,88,"Wenatchee Heights, Chelan County",330165,Wenatchee Heights,2017-11-29 20:45:21.061393
2012-04-11,15:45,56.5,55.7,37.5,48.9,0.0,W@8.4,14.6,47.2,0.0,82,"Wenatchee Heights, Chelan County",330165,Wenatchee Heights,2017-11-29 20:45:21.061393
2012-04-11,16:00,55.2,54.5,39.2,54.6,0.0,SW@7.6,14.6,47.3,0.0,110,"Wenatchee Heights, Chelan County",330165,Wenatchee Heights,2017-11-29 20:45:21.061393
2012-04-11,16:15,55.3,54.5,39.2,54.5,0.0,SW@5.4,8.5,47.3,0.0,115,"Wenatchee Heights, Chelan County",330165,Wenatchee Heights,2017-11-29 20:45:21.061393
2012-04-11,16:30,55.0,54.2,39.2,55.1,0.0,W@5.0,9.9,47.3,0.0,110,"Wenatchee Heights, Chelan County",330165,Wenatchee Heights,2017-11-29 20:45:21.061393
2012-04-11,16:45,54.5,53.7,39.6,57.1,0.0,NW@4.6,12.4,47.4,0.0,96,"Wenatchee Heights, Chelan County",330165,Wenatchee Heights,2017-11-29 20:45:21.061393
2012-04-11,17:00,53.6,52.8,39.6,58.8,0.0,NW@8.3,18.2,47.4,0.0,108,"Wenatchee Heights, Chelan County",330165,Wenatchee Heights,2017-11-29 20:45:21.061393
2012-04-11,17:15,52.6,51.9,39.5,60.9,0.0,W@8.9,20.0,47.5,0.0,91,"Wenatchee Heights, Chelan County",330165,Wenatchee Heights,2017-11-29 20:45:21.061393
2012-04-11,17:30,52.0,51.3,39.7,62.6,0.0,SW@7.1,18.5,47.5,0.0,45,"Wenatchee Heights, Chelan County",330165,Wenatchee Heights,2017-11-29 20:45:21.061393
2012-04-11,17:45,51.7,50.9,39.5,63.0,0.0,SW@6.4,19.2,47.5,0.0,48,"Wenatchee Heights, Chelan County",330165,Wenatchee Heights,2017-11-29 20:45:21.061393
2012-04-11,18:00,51.3,50.5,39.7,64.4,0.0,NW@7.6,14.6,47.6,0.0,55,"Wenatchee Heights, Chelan County",330165,Wenatchee Heights,2017-11-29 20:45:21.061393
2012-04-11,18:15,50.7,50.0,38.9,63.7,0.0,NW@7.3,15.7,47.6,0.0,21,"Wenatchee Heights, Chelan County",330165,Wenatchee Heights,2017-11-29 20:45:21.061393
2012-04-11,18:30,50.1,49.3,38.5,64.3,0.0,NW@9.1,17.1,47.6,0.0,12,"Wenatchee Heights, Chelan County",330165,Wenatchee Heights,2017-11-29 20:45:21.061393
2012-04-11,18:45,48.8,47.9,39.9,71.1,0.0,N@9.4,14.2,47.6,0.0,6,"Wenatchee Heights, Chelan County",330165,Wenatchee Heights,2017-11-29 20:45:21.061393
2012-04-11,19:00,47.9,47.1,39.7,73.0,0.0,NW@6.8,13.5,47.6,0.0,2,"Wenatchee Heights, Chelan County",330165,Wenatchee Heights,2017-11-29 20:45:21.061393
2012-04-11,19:15,47.8,47.2,37.8,68.0,0.0,NW@8.7,15.0,47.7,0.0,0,"Wenatchee Heights, Chelan County",330165,Wenatchee Heights,2017-11-29 20:45:21.061393
2012-04-11,19:30,47.5,46.8,37.5,68.2,0.0,NW@11.0,19.2,47.7,0.0,0,"Wenatchee Heights, Chelan County",330165,Wenatchee Heights,2017-11-29 20:45:21.061393
2012-04-11,19:45,47.6,47.0,37.2,67.0,0.0,NW@12.3,20.0,47.7,0.0,0,"Wenatchee Heights, Chelan County",330165,Wenatchee Heights,2017-11-29 20:45:21.061393
2012-04-11,20:00,47.5,46.7,37.2,67.4,0.0,NW@8.5,15.0,47.7,0.0,0,"Wenatchee Heights, Chelan County",330165,Wenatchee Heights,2017-11-29 20:45:21.061393
2012-04-11,20:15,47.1,46.3,36.9,67.7,0.0,W@8.0,14.2,47.7,0.0,0,"Wenatchee Heights, Chelan County",330165,Wenatchee Heights,2017-11-29 20:45:21.061393
2012-04-11,20:30,46.7,45.9,36.7,68.0,0.0,W@5.5,9.2,47.7,0.0,0,"Wenatchee Heights, Chelan County",330165,Wenatchee Heights,2017-11-29 20:45:21.061393
2012-04-11,20:45,46.8,46.1,36.2,66.4,0.0,W@6.9,12.1,47.7,0.0,0,"Wenatchee Heights, Chelan County",330165,Wenatchee Heights,2017-11-29 20:45:21.061393
2012-04-11,21:00,46.1,45.4,36.5,69.0,0.0,W@5.0,12.4,47.7,0.0,0,"Wenatchee Heights, Chelan County",330165,Wenatchee Heights,2017-11-29 20:45:21.061393
2012-04-11,21:15,46.1,45.4,36.6,69.2,0.0,W@4.9,9.6,47.7,0.0,0,"Wenatchee Heights, Chelan County",330165,Wenatchee Heights,2017-11-29 20:45:21.061393
2012-04-11,21:30,46.0,45.3,36.5,69.1,0.0,NW@5.2,9.9,47.7,0.0,0,"Wenatchee Heights, Chelan County",330165,Wenatchee Heights,2017-11-29 20:45:21.061393
2012-04-11,21:45,45.7,44.8,36.4,69.9,0.0,W@3.6,9.6,47.7,0.0,0,"Wenatchee Heights, Chelan County",330165,Wenatchee Heights,2017-11-29 20:45:21.061393
2012-04-11,22:00,45.2,44.4,36.4,71.0,0.0,NW@4.4,7.1,47.7,0.0,0,"Wenatchee Heights, Chelan County",330165,Wenatchee Heights,2017-11-29 20:45:21.061393
2012-04-11,22:15,45.0,44.2,36.0,70.6,0.0,NW@4.4,6.7,47.7,0.0,0,"Wenatchee Heights, Chelan County",330165,Wenatchee Heights,2017-11-29 20:45:21.061393
2012-04-11,22:30,44.4,43.6,36.0,72.2,0.0,NW@5.1,9.2,47.6,0.0,0,"Wenatchee Heights, Chelan County",330165,Wenatchee Heights,2017-11-29 20:45:21.061393
2012-04-11,22:45,44.3,43.5,35.7,71.7,0.0,W@4.5,7.4,47.6,0.0,0,"Wenatchee Heights, Chelan County",330165,Wenatchee Heights,2017-11-29 20:45:21.061393
2012-04-11,23:00,44.2,43.5,35.6,71.5,0.0,NW@6.1,12.4,47.6,0.0,0,"Wenatchee Heights, Chelan County",330165,Wenatchee Heights,2017-11-29 20:45:21.061393
2012-04-12,23:15,44.3,43.5,35.1,69.9,0.0,W@6.9,11.4,47.6,0.0,0,"Wenatchee Heights, Chelan County",330165,Wenatchee Heights,2017-11-29 20:45:21.061393
2012-04-12,23:30,44.5,43.8,35.0,68.8,0.0,NW@6.8,10.3,47.5,0.0,0,"Wenatchee Heights, Chelan County",330165,Wenatchee Heights,2017-11-29 20:45:21.061393
2012-04-12,23:45,44.6,44.0,34.8,68.1,0.0,NW@6.5,9.9,47.5,0.0,0,"Wenatchee Heights, Chelan County",330165,Wenatchee Heights,2017-11-29 20:45:21.061393
2012-04-12,24:00,44.4,43.6,34.6,68.0,0.0,NW@4.9,9.6,47.5,0.0,0,"Wenatchee Heights, Chelan County",330165,Wenatchee Heights,2017-11-29 20:45:21.061393
2012-04-12,00:15,44.5,43.8,33.9,66.2,0.0,NW@5.4,8.2,47.4,0.0,0,"Wenatchee Heights, Chelan County",330165,Wenatchee Heights,2017-11-29 20:45:21.061393
2012-04-12,00:30,44.2,43.4,33.6,66.1,0.0,NW@5.5,8.5,47.4,0.0,0,"Wenatchee Heights, Chelan County",330165,Wenatchee Heights,2017-11-29 20:45:21.061393
2012-04-12,00:45,44.5,43.8,33.4,64.7,0.0,W@4.5,8.2,47.3,0.0,0,"Wenatchee Heights, Chelan County",330165,Wenatchee Heights,2017-11-29 20:45:21.061393
2012-04-12,01:00,44.6,43.9,33.3,64.2,0.0,W@5.2,14.2,47.3,0.0,0,"Wenatchee Heights, Chelan County",330165,Wenatchee Heights,2017-11-29 20:45:21.061393
2012-04-12,01:15,45.0,44.3,32.5,61.2,0.0,W@7.2,12.4,47.3,0.0,0,"Wenatchee Heights, Chelan County",330165,Wenatchee Heights,2017-11-29 20:45:21.061393
2012-04-12,01:30,44.5,43.7,32.4,62.3,0.0,NW@6.0,8.9,47.2,0.0,0,"Wenatchee Heights, Chelan County",330165,Wenatchee Heights,2017-11-29 20:45:21.061393
2012-04-12,01:45,43.8,43.0,32.4,63.9,0.0,NW@3.8,7.4,47.2,0.0,0,"Wenatchee Heights, Chelan County",330165,Wenatchee Heights,2017-11-29 20:45:21.061393
2012-04-12,02:00,43.3,42.6,32.3,64.8,0.0,N@3.4,6.7,47.1,0.0,0,"Wenatchee Heights, Chelan County",330165,Wenatchee Heights,2017-11-29 20:45:21.061393
2012-04-12,02:15,43.7,42.9,32.3,64.0,0.0,N@3.8,8.9,47.1,0.0,0,"Wenatchee Heights, Chelan County",330165,Wenatchee Heights,2017-11-29 20:45:21.061393
2012-04-12,02:30,43.3,42.6,32.3,65.1,0.0,N@2.5,5.7,47.1,0.0,0,"Wenatchee Heights, Chelan County",330165,Wenatchee Heights,2017-11-29 20:45:21.061393
2012-04-12,02:45,43.6,42.8,32.5,64.6,0.0,N@2.3,4.9,47.0,0.0,0,"Wenatchee Heights, Chelan County",330165,Wenatchee Heights,2017-11-29 20:45:21.061393
2012-04-12,03:00,42.3,41.3,32.2,67.3,0.0,S@1.8,3.9,47.0,0.0,0,"Wenatchee Heights, Chelan County",330165,Wenatchee Heights,2017-11-29 20:45:21.061393
2012-04-12,03:15,42.3,41.3,32.1,67.0,0.0,SE@2.7,3.5,46.9,0.0,0,"Wenatchee Heights, Chelan County",330165,Wenatchee Heights,2017-11-29 20:45:21.061393
2012-04-12,03:30,42.3,41.8,32.3,67.3,0.0,SE@3.8,5.3,46.9,0.0,0,"Wenatchee Heights, Chelan County",330165,Wenatchee Heights,2017-11-29 20:45:21.061393
2012-04-12,03:45,42.7,42.0,32.1,65.8,0.0,SE@4.2,5.7,46.8,0.0,0,"Wenatchee Heights, Chelan County",330165,Wenatchee Heights,2017-11-29 20:45:21.061393
2012-04-12,04:00,42.9,42.3,32.2,65.7,0.0,SE@3.6,4.6,46.8,0.0,0,"Wenatchee Heights, Chelan County",330165,Wenatchee Heights,2017-11-29 20:45:21.061393
2012-04-12,04:15,43.1,42.3,32.2,65.0,0.0,SE@3.8,5.7,46.7,0.0,0,"Wenatchee Heights, Chelan County",330165,Wenatchee Heights,2017-11-29 20:45:21.061393
2012-04-12,04:30,42.1,41.2,31.9,66.9,0.0,SE@3.4,4.2,46.7,0.0,0,"Wenatchee Heights, Chelan County",330165,Wenatchee Heights,2017-11-29 20:45:21.061393
2012-04-12,04:45,41.3,40.6,32.0,69.4,0.0,S@3.8,4.9,46.6,0.0,0,"Wenatchee Heights, Chelan County",330165,Wenatchee Heights,2017-11-29 20:45:21.061393
2012-04-12,05:00,41.4,40.7,32.0,69.0,0.0,S@3.5,4.9,46.5,0.0,0,"Wenatchee Heights, Chelan County",330165,Wenatchee Heights,2017-11-29 20:45:21.061393
2012-04-12,05:15,42.2,41.5,31.7,66.0,0.0,SE@3.0,4.2,46.5,0.0,1,"Wenatchee Heights, Chelan County",330165,Wenatchee Heights,2017-11-29 20:45:21.061393
2012-04-12,05:30,41.6,40.8,31.4,66.8,0.0,SE@2.7,4.2,46.4,0.0,8,"Wenatchee Heights, Chelan County",330165,Wenatchee Heights,2017-11-29 20:45:21.061393
2012-04-12,05:45,41.1,40.3,31.3,68.0,0.03,SE@3.0,5.3,46.4,0.0,39,"Wenatchee Heights, Chelan County",330165,Wenatchee Heights,2017-11-29 20:45:21.061393
2012-04-12,06:00,41.3,40.3,31.7,68.6,0.05,S@3.9,4.9,46.3,0.0,55,"Wenatchee Heights, Chelan County",330165,Wenatchee Heights,2017-11-29 20:45:21.061393
2012-04-12,06:15,41.5,40.7,32.9,71.4,0.06,SE@4.5,6.4,46.3,0.0,90,"Wenatchee Heights, Chelan County",330165,Wenatchee Heights,2017-11-29 20:45:21.061393
2012-04-12,06:30,42.3,41.3,33.7,71.5,0.06,SE@5.0,7.4,46.2,0.0,138,"Wenatchee Heights, Chelan County",330165,Wenatchee Heights,2017-11-29 20:45:21.061393
2012-04-12,06:45,43.1,42.1,34.4,71.3,0.06,SE@4.8,7.1,46.1,0.0,207,"Wenatchee Heights, Chelan County",330165,Wenatchee Heights,2017-11-29 20:45:21.061393
2012-04-12,07:00,44.3,43.6,34.3,67.7,0.06,E@3.0,4.9,46.1,0.0,186,"Wenatchee Heights, Chelan County",330165,Wenatchee Heights,2017-11-29 20:45:21.061393
2012-04-12,07:15,44.4,43.6,33.8,66.0,0.05,E@2.5,4.9,46.0,0.0,132,"Wenatchee Heights, Chelan County",330165,Wenatchee Heights,2017-11-29 20:45:21.061393
2012-04-12,07:30,44.7,44.0,34.4,67.0,0.06,S@2.4,5.3,45.9,0.0,343,"Wenatchee Heights, Chelan County",330165,Wenatchee Heights,2017-11-29 20:45:21.061393
2012-04-12,07:45,46.8,45.8,34.2,61.1,0.03,N@1.5,4.2,45.9,0.0,400,"Wenatchee Heights, Chelan County",330165,Wenatchee Heights,2017-11-29 20:45:21.061393
2012-04-12,08:00,47.4,47.0,34.2,59.8,0.0,NE@2.9,6.0,45.8,0.0,438,"Wenatchee Heights, Chelan County",330165,Wenatchee Heights,2017-11-29 20:45:21.061393
2012-04-12,08:15,47.4,46.3,35.1,62.3,0.0,E@4.4,7.4,45.7,0.0,461,"Wenatchee Heights, Chelan County",330165,Wenatchee Heights,2017-11-29 20:45:21.061393
2012-04-12,08:30,47.5,46.8,35.5,63.0,0.0,E@4.7,7.1,45.7,0.0,507,"Wenatchee Heights, Chelan County",330165,Wenatchee Heights,2017-11-29 20:45:21.061393
2012-04-12,08:45,47.8,47.0,35.3,61.7,0.0,E@5.4,8.9,45.6,0.0,570,"Wenatchee Heights, Chelan County",330165,Wenatchee Heights,2017-11-29 20:45:21.061393
2012-04-12,09:00,48.1,47.3,35.5,61.6,0.0,E@6.3,9.2,45.6,0.0,611,"Wenatchee Heights, Chelan County",330165,Wenatchee Heights,2017-11-29 20:45:21.061393
2012-04-12,09:15,48.8,48.2,35.5,60.0,0.0,E@5.8,9.9,45.5,0.0,650,"Wenatchee Heights, Chelan County",330165,Wenatchee Heights,2017-11-29 20:45:21.061393
2012-04-12,09:30,49.0,48.2,35.0,58.1,0.0,E@6.4,10.7,45.5,0.0,689,"Wenatchee Heights, Chelan County",330165,Wenatchee Heights,2017-11-29 20:45:21.061393
2012-04-12,09:45,49.9,49.0,35.5,57.6,0.0,E@5.1,8.9,45.5,0.0,737,"Wenatchee Heights, Chelan County",330165,Wenatchee Heights,2017-11-29 20:45:21.061393
2012-04-12,10:00,49.9,49.1,36.0,58.5,0.0,E@4.7,9.6,45.4,0.0,749,"Wenatchee Heights, Chelan County",330165,Wenatchee Heights,2017-11-29 20:45:21.061393
2012-04-12,10:15,50.7,50.0,36.4,57.8,0.0,E@5.6,11.0,45.4,0.0,778,"Wenatchee Heights, Chelan County",330165,Wenatchee Heights,2017-11-29 20:45:21.061393
2012-04-12,10:30,51.6,50.8,36.3,55.7,0.0,SE@4.8,11.4,45.4,0.0,804,"Wenatchee Heights, Chelan County",330165,Wenatchee Heights,2017-11-29 20:45:21.061393
2012-04-12,10:45,52.9,52.1,36.3,53.1,0.0,NE@6.0,10.7,45.4,0.0,834,"Wenatchee Heights, Chelan County",330165,Wenatchee Heights,2017-11-29 20:45:21.061393
2012-04-12,11:00,53.2,52.3,36.3,52.6,0.0,NE@9.8,14.6,45.4,0.0,808,"Wenatchee Heights, Chelan County",330165,Wenatchee Heights,2017-11-29 20:45:21.061393
2012-04-12,11:15,53.3,52.5,35.1,49.9,0.0,NE@8.0,12.4,45.4,0.0,491,"Wenatchee Heights, Chelan County",330165,Wenatchee Heights,2017-11-29 20:45:21.061393
2012-04-12,11:30,54.5,54.0,33.1,44.1,0.0,E@6.7,11.7,45.5,0.0,869,"Wenatchee Heights, Chelan County",330165,Wenatchee Heights,2017-11-29 20:45:21.061393
2012-04-12,11:45,57.2,56.3,33.2,40.1,0.0,NE@4.6,10.3,45.5,0.0,835,"Wenatchee Heights, Chelan County",330165,Wenatchee Heights,2017-11-29 20:45:21.061393
2012-04-12,12:00,54.7,53.7,33.1,43.8,0.0,NW@6.7,11.0,45.6,0.0,501,"Wenatchee Heights, Chelan County",330165,Wenatchee Heights,2017-11-29 20:45:21.061393
2012-04-12,12:15,55.3,54.2,33.4,43.3,0.0,N@6.1,9.2,45.7,0.0,583,"Wenatchee Heights, Chelan County",330165,Wenatchee Heights,2017-11-29 20:45:21.061393
2012-04-12,12:30,54.8,53.9,31.6,41.2,0.0,NE@3.7,7.1,45.7,0.0,402,"Wenatchee Heights, Chelan County",330165,Wenatchee Heights,2017-11-29 20:45:21.061393
2012-04-12,12:45,55.0,54.3,28.6,36.0,0.0,S@6.4,11.0,45.8,0.0,281,"Wenatchee Heights, Chelan County",330165,Wenatchee Heights,2017-11-29 20:45:21.061393
2012-04-12,13:00,54.2,53.4,28.5,37.0,0.0,S@9.6,14.2,45.9,0.0,312,"Wenatchee Heights, Chelan County",330165,Wenatchee Heights,2017-11-29 20:45:21.061393
2012-04-12,13:15,55.0,54.2,30.5,38.9,0.0,S@9.8,15.0,46.0,0.0,569,"Wenatchee Heights, Chelan County",330165,Wenatchee Heights,2017-11-29 20:45:21.061393
2012-04-12,13:30,56.1,55.1,30.6,37.7,0.0,S@8.1,15.3,46.1,0.0,793,"Wenatchee Heights, Chelan County",330165,Wenatchee Heights,2017-11-29 20:45:21.061393
2012-04-12,13:45,55.3,54.4,30.2,38.1,0.0,S@7.0,12.4,46.2,0.0,341,"Wenatchee Heights, Chelan County",330165,Wenatchee Heights,2017-11-29 20:45:21.061393
2012-04-12,14:00,55.0,54.3,30.3,38.5,0.0,S@7.6,12.8,46.4,0.0,357,"Wenatchee Heights, Chelan County",330165,Wenatchee Heights,2017-11-29 20:45:21.061393
2012-04-12,14:15,56.2,55.4,31.1,38.2,0.0,SW@8.7,13.9,46.5,0.0,412,"Wenatchee Heights, Chelan County",330165,Wenatchee Heights,2017-11-29 20:45:21.061393
2012-04-12,14:30,54.1,53.3,31.1,41.1,0.0,SW@10.2,17.1,46.6,0.0,143,"Wenatchee Heights, Chelan County",330165,Wenatchee Heights,2017-11-29 20:45:21.061393
2012-04-12,14:45,51.9,51.1,32.6,47.4,0.0,S@14.2,22.8,46.7,0.0,77,"Wenatchee Heights, Chelan County",330165,Wenatchee Heights,2017-11-29 20:45:21.061393
2012-04-12,15:00,50.7,49.9,33.9,52.3,0.0,S@12.3,18.2,46.8,0.0,56,"Wenatchee Heights, Chelan County",330165,Wenatchee Heights,2017-11-29 20:45:21.061393
2012-04-12,15:15,50.1,49.4,34.3,54.3,0.0,W@6.9,15.0,46.9,0.0,178,"Wenatchee Heights, Chelan County",330165,Wenatchee Heights,2017-11-29 20:45:21.061393
2012-04-12,15:30,52.1,51.3,34.8,51.6,0.0,W@7.5,13.9,47.0,0.0,549,"Wenatchee Heights, Chelan County",330165,Wenatchee Heights,2017-11-29 20:45:21.061393
2012-04-12,15:45,53.9,52.8,35.3,49.1,0.0,NW@8.2,15.3,47.1,0.0,575,"Wenatchee Heights, Chelan County",330165,Wenatchee Heights,2017-11-29 20:45:21.061393
2012-04-12,16:00,53.1,52.3,34.3,48.7,0.0,W@5.6,12.4,47.3,0.0,216,"Wenatchee Heights, Chelan County",330165,Wenatchee Heights,2017-11-29 20:45:21.061393
2012-04-12,16:15,53.5,52.6,34.4,48.1,0.0,N@6.1,11.0,47.3,0.0,215,"Wenatchee Heights, Chelan County",330165,Wenatchee Heights,2017-11-29 20:45:21.061393
2012-04-12,16:30,53.8,52.9,35.4,49.6,0.0,N@6.3,9.6,47.4,0.0,296,"Wenatchee Heights, Chelan County",330165,Wenatchee Heights,2017-11-29 20:45:21.061393
2012-04-12,16:45,52.6,51.6,33.0,47.1,0.0,NW@7.3,11.7,47.5,0.0,136,"Wenatchee Heights, Chelan County",330165,Wenatchee Heights,2017-11-29 20:45:21.061393
2012-04-12,17:00,52.2,51.4,30.4,43.0,0.0,NW@8.5,16.4,47.6,0.0,188,"Wenatchee Heights, Chelan County",330165,Wenatchee Heights,2017-11-29 20:45:21.061393
2012-04-12,17:15,53.1,52.1,28.9,39.2,0.0,NW@8.9,18.9,47.6,0.0,242,"Wenatchee Heights, Chelan County",330165,Wenatchee Heights,2017-11-29 20:45:21.061393
2012-04-12,17:30,52.9,51.9,29.8,40.8,0.0,NW@10.7,16.0,47.7,0.0,250,"Wenatchee Heights, Chelan County",330165,Wenatchee Heights,2017-11-29 20:45:21.061393
2012-04-12,17:45,51.1,49.9,32.8,49.4,0.0,NW@10.5,17.1,47.8,0.0,131,"Wenatchee Heights, Chelan County",330165,Wenatchee Heights,2017-11-29 20:45:21.061393
2012-04-12,18:00,49.3,48.2,34.0,55.3,0.0,NW@9.4,14.2,47.8,0.0,136,"Wenatchee Heights, Chelan County",330165,Wenatchee Heights,2017-11-29 20:45:21.061393
2012-04-12,18:15,48.4,47.4,33.5,56.1,0.0,NW@7.7,14.2,47.9,0.0,96,"Wenatchee Heights, Chelan County",330165,Wenatchee Heights,2017-11-29 20:45:21.061393
2012-04-12,18:30,47.4,46.3,33.4,58.1,0.0,NW@5.5,9.6,47.9,0.0,34,"Wenatchee Heights, Chelan County",330165,Wenatchee Heights,2017-11-29 20:45:21.061393
2012-04-12,18:45,45.2,44.2,33.2,62.7,0.0,NW@3.8,5.7,48.0,0.0,11,"Wenatchee Heights, Chelan County",330165,Wenatchee Heights,2017-11-29 20:45:21.061393
2012-04-12,19:00,44.0,43.1,32.9,64.8,0.0,NW@3.7,6.0,48.0,0.0,4,"Wenatchee Heights, Chelan County",330165,Wenatchee Heights,2017-11-29 20:45:21.061393
2012-04-12,19:15,43.4,42.6,32.8,65.9,0.0,W@2.6,7.1,48.1,0.0,1,"Wenatchee Heights, Chelan County",330165,Wenatchee Heights,2017-11-29 20:45:21.061393
2012-04-12,19:30,43.9,43.1,33.1,65.4,0.0,SW@3.6,7.4,48.1,0.0,0,"Wenatchee Heights, Chelan County",330165,Wenatchee Heights,2017-11-29 20:45:21.061393
2012-04-12,19:45,43.3,42.5,32.6,65.7,0.0,SW@4.0,7.8,48.1,0.0,0,"Wenatchee Heights, Chelan County",330165,Wenatchee Heights,2017-11-29 20:45:21.061393
2012-04-12,20:00,43.3,42.6,32.5,65.3,0.0,SW@6.1,9.6,48.2,0.0,0,"Wenatchee Heights, Chelan County",330165,Wenatchee Heights,2017-11-29 20:45:21.061393
2012-04-12,20:15,43.6,42.9,32.3,64.3,0.0,W@6.2,9.9,48.2,0.0,0,"Wenatchee Heights, Chelan County",330165,Wenatchee Heights,2017-11-29 20:45:21.061393
2012-04-12,20:30,43.3,42.5,32.1,64.5,0.0,SW@4.4,7.4,48.2,0.0,0,"Wenatchee Heights, Chelan County",330165,Wenatchee Heights,2017-11-29 20:45:21.061393
2012-04-12,20:45,42.8,42.1,31.7,64.6,0.0,W@4.6,7.4,48.2,0.0,0,"Wenatchee Heights, Chelan County",330165,Wenatchee Heights,2017-11-29 20:45:21.061393
2012-04-12,21:00,42.4,41.7,31.4,64.8,0.0,W@5.0,8.9,48.2,0.0,0,"Wenatchee Heights, Chelan County",330165,Wenatchee Heights,2017-11-29 20:45:21.061393
2012-04-12,21:15,42.3,41.6,31.3,64.8,0.0,SW@5.7,8.5,48.2,0.0,0,"Wenatchee Heights, Chelan County",330165,Wenatchee Heights,2017-11-29 20:45:21.061393
2012-04-12,21:30,42.4,41.8,31.0,63.7,0.0,W@4.5,7.4,48.2,0.0,0,"Wenatchee Heights, Chelan County",330165,Wenatchee Heights,2017-11-29 20:45:21.061393
2012-04-12,21:45,42.4,41.7,30.7,63.0,0.0,W@4.0,7.8,48.2,0.0,0,"Wenatchee Heights, Chelan County",330165,Wenatchee Heights,2017-11-29 20:45:21.061393
2012-04-12,22:00,42.0,41.3,30.6,63.6,0.0,W@4.4,8.9,48.2,0.0,0,"Wenatchee Heights, Chelan County",330165,Wenatchee Heights,2017-11-29 20:45:21.061393
2012-04-12,22:15,42.3,41.6,30.4,62.5,0.0,NW@5.1,9.2,48.1,0.0,0,"Wenatchee Heights, Chelan County",330165,Wenatchee Heights,2017-11-29 20:45:21.061393
2012-04-12,22:30,41.5,40.7,30.2,63.9,0.0,NW@3.0,6.7,48.1,0.0,0,"Wenatchee Heights, Chelan County",330165,Wenatchee Heights,2017-11-29 20:45:21.061393
2012-04-12,22:45,40.7,39.7,30.0,65.6,0.0,SW@1.2,3.9,48.1,0.0,0,"Wenatchee Heights, Chelan County",330165,Wenatchee Heights,2017-11-29 20:45:21.061393
2012-04-12,23:00,40.1,39.3,30.1,67.2,0.0,W@3.5,7.8,48.0,0.0,0,"Wenatchee Heights, Chelan County",330165,Wenatchee Heights,2017-11-29 20:45:21.061393
2012-04-13,23:15,41.1,40.5,30.0,64.3,0.0,SW@5.2,8.2,48.0,0.0,0,"Wenatchee Heights, Chelan County",330165,Wenatchee Heights,2017-11-29 20:45:21.061393
2012-04-13,23:30,41.4,40.7,29.8,63.1,0.0,W@5.4,8.2,47.9,0.0,0,"Wenatchee Heights, Chelan County",330165,Wenatchee Heights,2017-11-29 20:45:21.061393
2012-04-13,23:45,40.3,39.5,29.3,64.6,0.0,SW@4.7,7.1,47.9,0.0,0,"Wenatchee Heights, Chelan County",330165,Wenatchee Heights,2017-11-29 20:45:21.061393
2012-04-13,24:00,40.1,39.4,29.1,64.5,0.0,SW@4.3,6.0,47.8,0.0,0,"Wenatchee Heights, Chelan County",330165,Wenatchee Heights,2017-11-29 20:45:21.061393
2012-04-13,00:15,39.6,38.7,28.7,64.5,0.0,SW@3.2,4.6,47.8,0.0,0,"Wenatchee Heights, Chelan County",330165,Wenatchee Heights,2017-11-29 20:45:21.061393
2012-04-13,00:30,38.9,38.3,28.5,65.7,0.0,S@3.2,4.6,47.7,0.0,0,"Wenatchee Heights, Chelan County",330165,Wenatchee Heights,2017-11-29 20:45:21.061393
2012-04-13,00:45,40.1,39.3,28.3,62.6,0.0,S@3.1,5.7,47.7,0.0,0,"Wenatchee Heights, Chelan County",330165,Wenatchee Heights,2017-11-29 20:45:21.061393
2012-04-13,01:00,40.6,40.0,28.2,61.0,0.0,S@4.1,5.3,47.6,0.0,0,"Wenatchee Heights, Chelan County",330165,Wenatchee Heights,2017-11-29 20:45:21.061393
2012-04-13,01:15,41.0,40.2,27.8,59.0,0.0,SW@3.5,5.7,47.5,0.0,0,"Wenatchee Heights, Chelan County",330165,Wenatchee Heights,2017-11-29 20:45:21.061393
2012-04-13,01:30,40.7,39.9,27.4,58.7,0.0,SW@3.2,4.2,47.5,0.0,0,"Wenatchee Heights, Chelan County",330165,Wenatchee Heights,2017-11-29 20:45:21.061393
2012-04-13,01:45,40.9,40.1,27.1,57.7,0.0,S@2.8,3.5,47.4,0.0,0,"Wenatchee Heights, Chelan County",330165,Wenatchee Heights,2017-11-29 20:45:21.061393
2012-04-13,02:00,40.0,39.2,26.8,58.8,0.0,S@1.4,3.1,47.4,0.0,0,"Wenatchee Heights, Chelan County",330165,Wenatchee Heights,2017-11-29 20:45:21.061393
2012-04-13,02:15,40.2,39.2,26.5,57.8,0.0,N@0.0,0.0,47.3,0.0,0,"Wenatchee Heights, Chelan County",330165,Wenatchee Heights,2017-11-29 20:45:21.061393
2012-04-13,02:30,39.6,38.8,26.6,59.3,0.0,N@0.0,0.0,47.2,0.0,0,"Wenatchee Heights, Chelan County",330165,Wenatchee Heights,2017-11-29 20:45:21.061393
2012-04-13,02:45,39.3,38.3,26.5,59.7,0.0,SE@1.6,7.1,47.2,0.0,0,"Wenatchee Heights, Chelan County",330165,Wenatchee Heights,2017-11-29 20:45:21.061393
2012-04-13,03:00,37.5,36.8,26.7,64.5,0.0,SE@4.1,4.9,47.1,0.0,0,"Wenatchee Heights, Chelan County",330165,Wenatchee Heights,2017-11-29 20:45:21.061393
2012-04-13,03:15,38.6,37.9,26.7,62.2,0.0,SE@3.3,3.9,47.0,0.0,0,"Wenatchee Heights, Chelan County",330165,Wenatchee Heights,2017-11-29 20:45:21.061393
2012-04-13,03:30,38.4,37.4,26.4,61.6,0.0,SE@1.0,3.1,46.9,0.0,0,"Wenatchee Heights, Chelan County",330165,Wenatchee Heights,2017-11-29 20:45:21.061393
2012-04-13,03:45,37.1,36.3,26.8,66.1,0.0,S@1.1,4.2,46.8,0.0,0,"Wenatchee Heights, Chelan County",330165,Wenatchee Heights,2017-11-29 20:45:21.061393
2012-04-13,04:00,36.3,35.4,27.3,69.5,0.0,S@3.3,4.6,46.8,0.0,0,"Wenatchee Heights, Chelan County",330165,Wenatchee Heights,2017-11-29 20:45:21.061393
2012-04-13,04:15,36.1,35.3,27.0,69.4,0.0,S@3.7,4.9,46.7,0.0,0,"Wenatchee Heights, Chelan County",330165,Wenatchee Heights,2017-11-29 20:45:21.061393
2012-04-13,04:30,35.8,35.0,26.4,68.2,0.0,S@4.6,5.3,46.6,0.0,0,"Wenatchee Heights, Chelan County",330165,Wenatchee Heights,2017-11-29 20:45:21.061393
2012-04-13,04:45,36.5,36.0,25.7,64.6,0.0,S@4.1,6.0,46.5,0.0,0,"Wenatchee Heights, Chelan County",330165,Wenatchee Heights,2017-11-29 20:45:21.061393
2012-04-13,05:00,37.5,36.6,25.8,62.2,0.0,SE@1.4,5.7,46.5,0.0,0,"Wenatchee Heights, Chelan County",330165,Wenatchee Heights,2017-11-29 20:45:21.061393
2012-04-13,05:15,36.2,35.4,26.2,66.7,0.0,SE@3.0,4.6,46.4,0.0,3,"Wenatchee Heights, Chelan County",330165,Wenatchee Heights,2017-11-29 20:45:21.061393
2012-04-13,05:30,36.1,35.2,26.4,67.5,0.0,SE@1.1,3.5,46.3,0.0,11,"Wenatchee Heights, Chelan County",330165,Wenatchee Heights,2017-11-29 20:45:21.061393
2012-04-13,05:45,35.5,34.7,26.6,69.8,0.0,SE@3.5,6.0,46.2,0.0,50,"Wenatchee Heights, Chelan County",330165,Wenatchee Heights,2017-11-29 20:45:21.061393
2012-04-13,06:00,36.1,35.5,27.6,71.1,0.0,SE@2.0,4.6,46.1,0.0,65,"Wenatchee Heights, Chelan County",330165,Wenatchee Heights,2017-11-29 20:45:21.061393
2012-04-13,06:15,37.1,36.1,27.7,68.4,0.01,SE@2.9,6.0,46.1,0.0,102,"Wenatchee Heights, Chelan County",330165,Wenatchee Heights,2017-11-29 20:45:21.061393
2012-04-13,06:30,36.8,35.7,28.9,72.6,0.05,SE@4.9,8.2,46.0,0.0,166,"Wenatchee Heights, Chelan County",330165,Wenatchee Heights,2017-11-29 20:45:21.061393
2012-04-13,06:45,38.0,37.1,29.5,71.1,0.06,SE@3.3,6.7,45.9,0.0,211,"Wenatchee Heights, Chelan County",330165,Wenatchee Heights,2017-11-29 20:45:21.061393
2012-04-13,07:00,40.7,40.1,29.7,64.5,0.06,E@1.9,3.9,45.8,0.0,251,"Wenatchee Heights, Chelan County",330165,Wenatchee Heights,2017-11-29 20:45:21.061393
2012-04-13,07:15,40.4,39.0,28.3,61.7,0.03,NW@2.4,3.1,45.7,0.0,301,"Wenatchee Heights, Chelan County",330165,Wenatchee Heights,2017-11-29 20:45:21.061393
2012-04-13,07:30,40.0,39.2,28.8,64.0,0.0,NW@1.0,3.5,45.7,0.0,351,"Wenatchee Heights, Chelan County",330165,Wenatchee Heights,2017-11-29 20:45:21.061393
2012-04-13,07:45,41.9,41.0,30.3,63.1,0.0,NW@1.2,3.1,45.6,0.0,402,"Wenatchee Heights, Chelan County",330165,Wenatchee Heights,2017-11-29 20:45:21.061393
2012-04-13,08:00,41.5,40.3,30.5,64.7,0.0,N@2.8,3.9,45.5,0.0,450,"Wenatchee Heights, Chelan County",330165,Wenatchee Heights,2017-11-29 20:45:21.061393
2012-04-13,08:15,42.1,42.2,31.1,64.9,0.0,NE@3.5,5.3,45.4,0.0,495,"Wenatchee Heights, Chelan County",330165,Wenatchee Heights,2017-11-29 20:45:21.061393
2012-04-13,08:30,43.0,42.5,32.1,65.2,0.0,NE@4.2,6.4,45.3,0.0,539,"Wenatchee Heights, Chelan County",330165,Wenatchee Heights,2017-11-29 20:45:21.061393
2012-04-13,08:45,44.1,43.5,32.4,63.3,0.0,NE@4.9,9.2,45.3,0.0,582,"Wenatchee Heights, Chelan County",330165,Wenatchee Heights,2017-11-29 20:45:21.061393
2012-04-13,09:00,45.4,44.8,32.1,59.5,0.0,NE@4.3,8.2,45.2,0.0,622,"Wenatchee Heights, Chelan County",330165,Wenatchee Heights,2017-11-29 20:45:21.061393
2012-04-13,09:15,45.8,44.9,31.1,56.1,0.0,SE@4.5,6.7,45.1,0.0,660,"Wenatchee Heights, Chelan County",330165,Wenatchee Heights,2017-11-29 20:45:21.061393
2012-04-13,09:30,46.9,46.5,30.0,51.6,0.0,NE@3.9,7.4,45.1,0.0,696,"Wenatchee Heights, Chelan County",330165,Wenatchee Heights,2017-11-29 20:45:21.061393
2012-04-13,09:45,47.3,46.6,29.6,50.0,0.0,N@3.3,6.7,45.0,0.0,729,"Wenatchee Heights, Chelan County",330165,Wenatchee Heights,2017-11-29 20:45:21.061393
2012-04-13,10:00,47.9,46.9,29.8,49.2,0.0,N@4.0,6.4,45.0,0.0,759,"Wenatchee Heights, Chelan County",330165,Wenatchee Heights,2017-11-29 20:45:21.061393
2012-04-13,10:15,48.0,46.4,30.1,49.6,0.0,NW@5.2,7.8,45.0,0.0,788,"Wenatchee Heights, Chelan County",330165,Wenatchee Heights,2017-11-29 20:45:21.061393
2012-04-13,10:30,48.5,47.2,29.2,47.0,0.0,NW@5.3,7.4,45.0,0.0,810,"Wenatchee Heights, Chelan County",330165,Wenatchee Heights,2017-11-29 20:45:21.061393
2012-04-13,10:45,49.9,48.5,29.2,44.7,0.0,N@5.7,8.2,44.9,0.0,822,"Wenatchee Heights, Chelan County",330165,Wenatchee Heights,2017-11-29 20:45:21.061393
2012-04-13,11:00,50.9,49.8,29.8,44.0,0.0,N@4.5,6.7,44.9,0.0,858,"Wenatchee Heights, Chelan County",330165,Wenatchee Heights,2017-11-29 20:45:21.061393
2012-04-13,11:15,51.9,50.8,29.9,42.6,0.0,N@3.9,7.1,45.0,0.0,873,"Wenatchee Heights, Chelan County",330165,Wenatchee Heights,2017-11-29 20:45:21.061393
2012-04-13,11:30,53.6,52.4,30.5,41.1,0.0,N@4.1,8.5,45.0,0.0,873,"Wenatchee Heights, Chelan County",330165,Wenatchee Heights,2017-11-29 20:45:21.061393
2012-04-13,11:45,53.5,51.9,30.0,40.2,0.0,N@4.4,6.7,45.0,0.0,884,"Wenatchee Heights, Chelan County",330165,Wenatchee Heights,2017-11-29 20:45:21.061393
2012-04-13,12:00,54.1,53.3,31.5,41.9,0.0,N@4.9,9.2,45.1,0.0,890,"Wenatchee Heights, Chelan County",330165,Wenatchee Heights,2017-11-29 20:45:21.061393
2012-04-13,12:15,55.1,54.4,31.4,40.1,0.0,NE@5.9,9.9,45.1,0.0,889,"Wenatchee Heights, Chelan County",330165,Wenatchee Heights,2017-11-29 20:45:21.061393
2012-04-13,12:30,55.4,54.9,30.1,37.9,0.0,NE@6.3,11.0,45.2,0.0,886,"Wenatchee Heights, Chelan County",330165,Wenatchee Heights,2017-11-29 20:45:21.061393
2012-04-13,12:45,55.9,55.5,29.5,36.2,0.0,NE@5.9,11.4,45.3,0.0,885,"Wenatchee Heights, Chelan County",330165,Wenatchee Heights,2017-11-29 20:45:21.061393
2012-04-13,13:00,56.8,56.1,30.3,36.3,0.0,NE@5.7,8.9,45.4,0.0,879,"Wenatchee Heights, Chelan County",330165,Wenatchee Heights,2017-11-29 20:45:21.061393
2012-04-13,13:15,57.1,56.6,30.2,35.6,0.0,N@5.6,12.4,45.5,0.0,826,"Wenatchee Heights, Chelan County",330165,Wenatchee Heights,2017-11-29 20:45:21.061393
2012-04-13,13:30,56.5,55.9,30.1,36.4,0.0,NE@5.1,9.9,45.6,0.0,814,"Wenatchee Heights, Chelan County",330165,Wenatchee Heights,2017-11-29 20:45:21.061393
2012-04-13,13:45,57.0,56.3,30.6,36.5,0.0,NE@6.4,13.5,45.8,0.0,732,"Wenatchee Heights, Chelan County",330165,Wenatchee Heights,2017-11-29 20:45:21.061393
2012-04-13,14:00,57.3,56.5,30.8,36.3,0.0,E@4.6,9.6,45.9,0.0,779,"Wenatchee Heights, Chelan County",330165,Wenatchee Heights,2017-11-29 20:45:21.061393
2012-04-13,14:15,57.5,56.8,31.2,36.5,0.0,E@5.5,10.7,46.0,0.0,761,"Wenatchee Heights, Chelan County",330165,Wenatchee Heights,2017-11-29 20:45:21.061393
2012-04-13,14:30,57.9,56.9,31.2,36.0,0.0,SE@5.2,9.9,46.2,0.0,700,"Wenatchee Heights, Chelan County",330165,Wenatchee Heights,2017-11-29 20:45:21.061393
2012-04-13,14:45,57.4,56.5,30.3,35.4,0.0,E@5.5,13.5,46.3,0.0,580,"Wenatchee Heights, Chelan County",330165,Wenatchee Heights,2017-11-29 20:45:21.061393
2012-04-13,15:00,56.9,56.2,29.9,35.5,0.0,E@4.6,11.0,46.5,0.0,476,"Wenatchee Heights, Chelan County",330165,Wenatchee Heights,2017-11-29 20:45:21.061393
2012-04-13,15:15,57.4,56.6,30.1,35.1,0.0,E@5.8,9.6,46.7,0.0,462,"Wenatchee Heights, Chelan County",330165,Wenatchee Heights,2017-11-29 20:45:21.061393
2012-04-13,15:30,56.9,56.1,30.0,35.6,0.0,E@5.8,9.9,46.8,0.0,380,"Wenatchee Heights, Chelan County",330165,Wenatchee Heights,2017-11-29 20:45:21.061393
2012-04-13,15:45,56.8,56.1,29.7,35.4,0.0,E@5.2,9.6,47.0,0.0,330,"Wenatchee Heights, Chelan County",330165,Wenatchee Heights,2017-11-29 20:45:21.061393
2012-04-13,16:00,56.7,56.0,30.0,35.8,0.0,E@4.4,10.7,47.2,0.0,290,"Wenatchee Heights, Chelan County",330165,Wenatchee Heights,2017-11-29 20:45:21.061393
2012-04-13,16:15,56.5,55.7,29.7,35.7,0.0,SE@3.8,6.4,47.3,0.0,244,"Wenatchee Heights, Chelan County",330165,Wenatchee Heights,2017-11-29 20:45:21.061393
2012-04-13,16:30,56.2,55.4,29.3,35.5,0.0,S@3.5,6.4,47.5,0.0,193,"Wenatchee Heights, Chelan County",330165,Wenatchee Heights,2017-11-29 20:45:21.061393
2012-04-13,16:45,56.1,55.3,29.5,36.0,0.0,SE@3.9,6.7,47.7,0.0,168,"Wenatchee Heights, Chelan County",330165,Wenatchee Heights,2017-11-29 20:45:21.061393
2012-04-13,17:00,55.9,55.1,29.4,36.1,0.0,SE@3.8,6.4,47.8,0.0,136,"Wenatchee Heights, Chelan County",330165,Wenatchee Heights,2017-11-29 20:45:21.061393
2012-04-13,17:15,55.6,54.9,29.4,36.4,0.0,SE@3.6,5.3,48.0,0.0,105,"Wenatchee Heights, Chelan County",330165,Wenatchee Heights,2017-11-29 20:45:21.061393
2012-04-13,17:30,55.3,54.5,29.5,37.1,0.0,S@3.2,4.6,48.1,0.0,78,"Wenatchee Heights, Chelan County",330165,Wenatchee Heights,2017-11-29 20:45:21.061393
2012-04-13,17:45,55.3,54.6,28.9,36.1,0.0,S@1.5,3.1,48.3,0.0,87,"Wenatchee Heights, Chelan County",330165,Wenatchee Heights,2017-11-29 20:45:21.061393
2012-04-13,18:00,55.5,54.7,29.3,36.4,0.0,S@0.7,2.1,48.4,0.0,77,"Wenatchee Heights, Chelan County",330165,Wenatchee Heights,2017-11-29 20:45:21.061393
2012-04-13,18:15,54.7,53.8,29.9,38.5,0.0,S@2.2,3.5,48.5,0.0,44,"Wenatchee Heights, Chelan County",330165,Wenatchee Heights,2017-11-29 20:45:21.061393
2012-04-13,18:30,53.6,52.7,30.8,41.6,0.0,S@3.2,4.2,48.7,0.0,24,"Wenatchee Heights, Chelan County",330165,Wenatchee Heights,2017-11-29 20:45:21.061393
2012-04-13,18:45,52.1,51.3,30.5,43.3,0.0,S@3.9,7.8,48.8,0.0,11,"Wenatchee Heights, Chelan County",330165,Wenatchee Heights,2017-11-29 20:45:21.061393
2012-04-13,19:00,52.5,51.8,29.2,40.5,0.0,SW@4.3,7.4,48.8,0.0,4,"Wenatchee Heights, Chelan County",330165,Wenatchee Heights,2017-11-29 20:45:21.061393
2012-04-13,19:15,51.5,50.6,28.7,41.3,0.0,SW@4.0,6.7,48.9,0.0,1,"Wenatchee Heights, Chelan County",330165,Wenatchee Heights,2017-11-29 20:45:21.061393
2012-04-13,19:30,51.8,51.2,27.3,38.4,0.0,W@6.3,13.5,49.0,0.0,0,"Wenatchee Heights, Chelan County",330165,Wenatchee Heights,2017-11-29 20:45:21.061393
2012-04-13,19:45,52.9,52.2,25.5,34.2,0.0,W@9.0,16.4,49.1,0.0,0,"Wenatchee Heights, Chelan County",330165,Wenatchee Heights,2017-11-29 20:45:21.061393
2012-04-13,20:00,51.6,51.0,25.6,36.0,0.0,NW@6.4,15.3,49.1,0.0,0,"Wenatchee Heights, Chelan County",330165,Wenatchee Heights,2017-11-29 20:45:21.061393
2012-04-13,20:15,52.2,51.5,25.5,35.2,0.0,NW@9.5,20.7,49.2,0.0,0,"Wenatchee Heights, Chelan County",330165,Wenatchee Heights,2017-11-29 20:45:21.061393
2012-04-13,20:30,51.4,50.8,25.6,36.3,0.0,NW@7.6,12.4,49.2,0.0,0,"Wenatchee Heights, Chelan County",330165,Wenatchee Heights,2017-11-29 20:45:21.061393
2012-04-13,20:45,51.2,50.5,25.5,36.5,0.0,W@5.4,8.2,49.2,0.0,0,"Wenatchee Heights, Chelan County",330165,Wenatchee Heights,2017-11-29 20:45:21.061393
2012-04-13,21:00,50.9,50.2,25.7,37.2,0.0,W@5.9,8.5,49.3,0.0,0,"Wenatchee Heights, Chelan County",330165,Wenatchee Heights,2017-11-29 20:45:21.061393
2012-04-13,21:15,50.5,49.7,26.0,38.3,0.0,W@4.6,9.6,49.3,0.0,0,"Wenatchee Heights, Chelan County",330165,Wenatchee Heights,2017-11-29 20:45:21.061393
2012-04-13,21:30,50.3,49.6,26.1,38.7,0.0,W@5.8,9.2,49.3,0.0,0,"Wenatchee Heights, Chelan County",330165,Wenatchee Heights,2017-11-29 20:45:21.061393
2012-04-13,21:45,50.3,49.6,26.4,39.1,0.0,W@6.2,9.6,49.3,0.0,0,"Wenatchee Heights, Chelan County",330165,Wenatchee Heights,2017-11-29 20:45:21.061393
2012-04-13,22:00,49.7,49.0,26.5,40.2,0.0,W@5.3,8.2,49.3,0.0,0,"Wenatchee Heights, Chelan County",330165,Wenatchee Heights,2017-11-29 20:45:21.061393
2012-04-13,22:15,49.5,48.9,26.5,40.5,0.0,W@5.9,8.9,49.3,0.0,0,"Wenatchee Heights, Chelan County",330165,Wenatchee Heights,2017-11-29 20:45:21.061393
2012-04-13,22:30,49.4,48.8,26.5,40.6,0.0,W@5.7,11.4,49.2,0.0,0,"Wenatchee Heights, Chelan County",330165,Wenatchee Heights,2017-11-29 20:45:21.061393
2012-04-13,22:45,49.2,48.5,26.7,41.4,0.0,W@5.6,11.0,49.2,0.0,0,"Wenatchee Heights, Chelan County",330165,Wenatchee Heights,2017-11-29 20:45:21.061393
2012-04-13,23:00,48.9,48.2,26.9,42.0,0.0,W@5.4,11.0,49.2,0.0,0,"Wenatchee Heights, Chelan County",330165,Wenatchee Heights,2017-11-29 20:45:21.061393
2012-04-14,23:15,48.5,47.8,27.0,42.9,0.0,SW@6.1,10.3,49.2,0.0,0,"Wenatchee Heights, Chelan County",330165,Wenatchee Heights,2017-11-29 20:45:21.061393
2012-04-14,23:30,48.3,47.6,27.1,43.3,0.0,W@5.0,9.6,49.1,0.0,0,"Wenatchee Heights, Chelan County",330165,Wenatchee Heights,2017-11-29 20:45:21.061393
2012-04-14,23:45,48.1,47.4,27.0,43.6,0.0,W@5.7,8.9,49.1,0.0,0,"Wenatchee Heights, Chelan County",330165,Wenatchee Heights,2017-11-29 20:45:21.061393
2012-04-14,24:00,47.7,47.0,27.3,44.7,0.0,W@5.6,9.2,49.0,0.0,0,"Wenatchee Heights, Chelan County",330165,Wenatchee Heights,2017-11-29 20:45:21.061393
2012-04-14,00:15,47.5,46.8,27.1,44.8,0.0,W@5.4,9.9,49.0,0.0,0,"Wenatchee Heights, Chelan County",330165,Wenatchee Heights,2017-11-29 20:45:21.061393
2012-04-14,00:30,47.2,46.5,27.7,46.3,0.0,W@7.0,11.0,48.9,0.0,0,"Wenatchee Heights, Chelan County",330165,Wenatchee Heights,2017-11-29 20:45:21.061393
2012-04-14,00:45,47.1,46.5,27.3,45.7,0.0,SW@6.3,9.2,48.9,0.0,0,"Wenatchee Heights, Chelan County",330165,Wenatchee Heights,2017-11-29 20:45:21.061393
2012-04-14,01:00,46.5,45.7,26.4,45.1,0.0,SW@4.8,7.1,48.8,0.0,0,"Wenatchee Heights, Chelan County",330165,Wenatchee Heights,2017-11-29 20:45:21.061393
2012-04-14,01:15,45.3,44.5,26.0,46.5,0.0,SW@4.0,5.7,48.8,0.0,0,"Wenatchee Heights, Chelan County",330165,Wenatchee Heights,2017-11-29 20:45:21.061393
2012-04-14,01:30,44.6,43.9,26.1,47.9,0.0,SW@3.9,5.3,48.7,0.0,0,"Wenatchee Heights, Chelan County",330165,Wenatchee Heights,2017-11-29 20:45:21.061393
2012-04-14,01:45,44.2,43.5,26.3,49.1,0.0,SW@4.9,7.1,48.7,0.0,0,"Wenatchee Heights, Chelan County",330165,Wenatchee Heights,2017-11-29 20:45:21.061393
2012-04-14,02:00,45.1,44.5,26.3,47.5,0.0,SW@5.7,8.5,48.6,0.0,0,"Wenatchee Heights, Chelan County",330165,Wenatchee Heights,2017-11-29 20:45:21.061393
2012-04-14,02:15,45.4,44.7,26.9,47.9,0.0,SW@5.8,8.9,48.6,0.0,0,"Wenatchee Heights, Chelan County",330165,Wenatchee Heights,2017-11-29 20:45:21.061393
2012-04-14,02:30,44.8,44.0,26.4,48.2,0.0,W@4.5,7.1,48.5,0.0,0,"Wenatchee Heights, Chelan County",330165,Wenatchee Heights,2017-11-29 20:45:21.061393
2012-04-14,02:45,43.5,42.6,25.8,49.3,0.0,SW@4.0,6.7,48.4,0.0,0,"Wenatchee Heights, Chelan County",330165,Wenatchee Heights,2017-11-29 20:45:21.061393
2012-04-14,03:00,42.5,41.7,25.5,50.7,0.0,SW@3.3,4.6,48.4,0.0,0,"Wenatchee Heights, Chelan County",330165,Wenatchee Heights,2017-11-29 20:45:21.061393
2012-04-14,03:15,43.1,42.5,24.9,48.4,0.0,SW@3.5,5.3,48.3,0.0,0,"Wenatchee Heights, Chelan County",330165,Wenatchee Heights,2017-11-29 20:45:21.061393
2012-04-14,03:30,43.1,42.3,24.6,47.8,0.0,SW@3.6,6.4,48.2,0.0,0,"Wenatchee Heights, Chelan County",330165,Wenatchee Heights,2017-11-29 20:45:21.061393
2012-04-14,03:45,43.7,43.1,25.6,48.6,0.0,W@5.1,8.2,48.2,0.0,0,"Wenatchee Heights, Chelan County",330165,Wenatchee Heights,2017-11-29 20:45:21.061393
2012-04-14,04:00,42.7,41.9,25.7,50.7,0.0,W@4.8,8.5,48.1,0.0,0,"Wenatchee Heights, Chelan County",330165,Wenatchee Heights,2017-11-29 20:45:21.061393
2012-04-14,04:15,42.6,41.9,24.8,49.1,0.0,SW@4.9,7.4,48.0,0.0,0,"Wenatchee Heights, Chelan County",330165,Wenatchee Heights,2017-11-29 20:45:21.061393
2012-04-14,04:30,43.6,42.9,25.3,48.3,0.0,W@7.7,12.1,48.0,0.0,0,"Wenatchee Heights, Chelan County",330165,Wenatchee Heights,2017-11-29 20:45:21.061393
2012-04-14,04:45,43.6,42.8,25.0,47.8,0.0,W@6.7,13.9,47.9,0.0,0,"Wenatchee Heights, Chelan County",330165,Wenatchee Heights,2017-11-29 20:45:21.061393
2012-04-14,05:00,43.6,42.9,24.3,46.2,0.0,W@5.4,10.3,47.8,0.0,1,"Wenatchee Heights, Chelan County",330165,Wenatchee Heights,2017-11-29 20:45:21.061393
2012-04-14,05:15,43.2,42.4,24.1,46.6,0.0,W@5.7,8.9,47.7,0.0,4,"Wenatchee Heights, Chelan County",330165,Wenatchee Heights,2017-11-29 20:45:21.061393
2012-04-14,05:30,42.6,41.8,23.9,47.1,0.0,SW@4.6,8.5,47.7,0.0,21,"Wenatchee Heights, Chelan County",330165,Wenatchee Heights,2017-11-29 20:45:21.061393
2012-04-14,05:45,43.1,42.5,23.8,46.1,0.0,SW@4.6,7.1,47.6,0.0,51,"Wenatchee Heights, Chelan County",330165,Wenatchee Heights,2017-11-29 20:45:21.061393
2012-04-14,06:00,43.9,43.1,24.0,45.1,0.0,SW@5.2,8.9,47.5,0.0,61,"Wenatchee Heights, Chelan County",330165,Wenatchee Heights,2017-11-29 20:45:21.061393
2012-04-14,06:15,44.6,43.8,24.3,44.4,0.0,SW@3.3,4.9,47.5,0.0,116,"Wenatchee Heights, Chelan County",330165,Wenatchee Heights,2017-11-29 20:45:21.061393
2012-04-14,06:30,45.7,44.8,24.6,43.2,0.0,SW@2.2,4.9,47.4,0.0,178,"Wenatchee Heights, Chelan County",330165,Wenatchee Heights,2017-11-29 20:45:21.061393
2012-04-14,06:45,47.1,45.7,25.3,42.1,0.0,NW@2.0,8.2,47.3,0.0,223,"Wenatchee Heights, Chelan County",330165,Wenatchee Heights,2017-11-29 20:45:21.061393
2012-04-14,07:00,47.0,46.0,25.8,43.2,0.0,NW@3.8,8.9,47.2,0.0,284,"Wenatchee Heights, Chelan County",330165,Wenatchee Heights,2017-11-29 20:45:21.061393
2012-04-14,07:15,47.6,46.6,25.5,41.8,0.0,NW@5.2,8.5,47.1,0.0,333,"Wenatchee Heights, Chelan County",330165,Wenatchee Heights,2017-11-29 20:45:21.061393
2012-04-14,07:30,48.4,47.1,26.3,42.0,0.0,N@3.9,6.0,47.1,0.0,322,"Wenatchee Heights, Chelan County",330165,Wenatchee Heights,2017-11-29 20:45:21.061393
2012-04-14,07:45,47.8,46.4,27.0,44.2,0.0,NW@5.6,9.9,47.0,0.0,356,"Wenatchee Heights, Chelan County",330165,Wenatchee Heights,2017-11-29 20:45:21.061393
2012-04-14,08:00,48.5,47.4,27.8,44.2,0.0,NW@5.7,9.2,46.9,0.0,484,"Wenatchee Heights, Chelan County",330165,Wenatchee Heights,2017-11-29 20:45:21.061393
2012-04-14,08:15,49.3,47.9,27.8,43.0,0.0,N@8.6,13.2,46.9,0.0,495,"Wenatchee Heights, Chelan County",330165,Wenatchee Heights,2017-11-29 20:45:21.061393
2012-04-14,08:30,49.3,48.1,27.7,42.8,0.0,N@8.7,13.9,46.8,0.0,459,"Wenatchee Heights, Chelan County",330165,Wenatchee Heights,2017-11-29 20:45:21.061393
2012-04-14,08:45,50.0,48.6,28.5,43.2,0.0,N@6.3,8.5,46.7,0.0,405,"Wenatchee Heights, Chelan County",330165,Wenatchee Heights,2017-11-29 20:45:21.061393
2012-04-14,09:00,50.0,48.8,28.1,42.5,0.0,N@8.1,13.9,46.7,0.0,455,"Wenatchee Heights, Chelan County",330165,Wenatchee Heights,2017-11-29 20:45:21.061393
2012-04-14,09:15,51.5,50.1,27.3,38.9,0.0,N@11.8,20.0,46.6,0.0,676,"Wenatchee Heights, Chelan County",330165,Wenatchee Heights,2017-11-29 20:45:21.061393
2012-04-14,09:30,52.6,51.3,26.8,36.6,0.0,N@11.8,18.5,46.6,0.0,663,"Wenatchee Heights, Chelan County",330165,Wenatchee Heights,2017-11-29 20:45:21.061393
2012-04-14,09:45,53.5,52.0,26.9,35.6,0.0,N@11.4,14.6,46.5,0.0,640,"Wenatchee Heights, Chelan County",330165,Wenatchee Heights,2017-11-29 20:45:21.061393
2012-04-14,10:00,54.2,52.9,27.3,35.2,0.0,N@11.1,16.4,46.5,0.0,699,"Wenatchee Heights, Chelan County",330165,Wenatchee Heights,2017-11-29 20:45:21.061393
2012-04-14,10:15,55.2,53.8,26.6,33.0,0.0,N@13.3,18.5,46.5,0.0,780,"Wenatchee Heights, Chelan County",330165,Wenatchee Heights,2017-11-29 20:45:21.061393
2012-04-14,10:30,55.6,54.1,27.2,33.4,0.0,N@14.7,20.3,46.4,0.0,846,"Wenatchee Heights, Chelan County",330165,Wenatchee Heights,2017-11-29 20:45:21.061393
2012-04-14,10:45,55.6,54.1,27.6,33.8,0.0,N@14.2,19.2,46.4,0.0,811,"Wenatchee Heights, Chelan County",330165,Wenatchee Heights,2017-11-29 20:45:21.061393
2012-04-14,11:00,55.8,54.3,27.4,33.4,0.0,N@14.2,20.0,46.4,0.0,884,"Wenatchee Heights, Chelan County",330165,Wenatchee Heights,2017-11-29 20:45:21.061393
2012-04-14,11:15,56.3,54.8,27.4,32.7,0.0,N@14.8,20.3,46.4,0.0,897,"Wenatchee Heights, Chelan County",330165,Wenatchee Heights,2017-11-29 20:45:21.061393
2012-04-14,11:30,56.7,55.3,26.8,31.5,0.0,N@16.3,21.4,46.4,0.0,858,"Wenatchee Heights, Chelan County",330165,Wenatchee Heights,2017-11-29 20:45:21.061393
2012-04-14,11:45,56.8,55.4,26.1,30.5,0.0,N@15.4,19.2,46.5,0.0,773,"Wenatchee Heights, Chelan County",330165,Wenatchee Heights,2017-11-29 20:45:21.061393
2012-04-14,12:00,57.3,56.0,26.2,30.1,0.0,N@15.7,24.3,46.5,0.0,941,"Wenatchee Heights, Chelan County",330165,Wenatchee Heights,2017-11-29 20:45:21.061393
2012-04-14,12:15,57.9,56.5,26.2,29.4,0.0,N@15.8,23.9,46.5,0.0,908,"Wenatchee Heights, Chelan County",330165,Wenatchee Heights,2017-11-29 20:45:21.061393
2012-04-14,12:30,57.7,56.3,26.2,29.6,0.0,N@16.7,22.5,46.6,0.0,865,"Wenatchee Heights, Chelan County",330165,Wenatchee Heights,2017-11-29 20:45:21.061393
2012-04-14,12:45,57.7,56.4,26.4,29.8,0.0,N@16.6,22.8,46.6,0.0,870,"Wenatchee Heights, Chelan County",330165,Wenatchee Heights,2017-11-29 20:45:21.061393
2012-04-14,13:00,57.9,56.6,26.5,29.8,0.0,N@16.9,22.5,46.7,0.0,861,"Wenatchee Heights, Chelan County",330165,Wenatchee Heights,2017-11-29 20:45:21.061393
2012-04-14,13:15,58.1,56.8,26.8,29.9,0.0,N@17.5,24.3,46.7,0.0,877,"Wenatchee Heights, Chelan County",330165,Wenatchee Heights,2017-11-29 20:45:21.061393
2012-04-14,13:30,58.6,57.4,27.4,30.1,0.0,N@15.2,22.5,46.8,0.0,883,"Wenatchee Heights, Chelan County",330165,Wenatchee Heights,2017-11-29 20:45:21.061393
2012-04-14,13:45,58.7,57.3,27.6,30.3,0.0,N@16.4,25.0,46.9,0.0,843,"Wenatchee Heights, Chelan County",330165,Wenatchee Heights,2017-11-29 20:45:21.061393
2012-04-14,14:00,58.6,57.2,27.2,30.0,0.0,N@16.4,24.6,47.0,0.0,766,"Wenatchee Heights, Chelan County",330165,Wenatchee Heights,2017-11-29 20:45:21.061393
2012-04-14,14:15,58.1,56.9,27.1,30.3,0.0,N@16.8,25.3,47.0,0.0,702,"Wenatchee Heights, Chelan County",330165,Wenatchee Heights,2017-11-29 20:45:21.061393
2012-04-14,14:30,58.7,57.3,27.0,29.6,0.0,N@17.9,24.6,47.1,0.0,717,"Wenatchee Heights, Chelan County",330165,Wenatchee Heights,2017-11-29 20:45:21.061393
2012-04-14,14:45,57.4,56.1,27.1,31.2,0.0,N@17.2,23.2,47.2,0.0,503,"Wenatchee Heights, Chelan County",330165,Wenatchee Heights,2017-11-29 20:45:21.061393
2012-04-14,15:00,57.4,56.3,27.3,31.3,0.0,N@15.9,28.6,47.3,0.0,638,"Wenatchee Heights, Chelan County",330165,Wenatchee Heights,2017-11-29 20:45:21.061393
2012-04-14,15:15,58.1,56.7,27.3,30.7,0.0,N@15.9,24.6,47.4,0.0,541,"Wenatchee Heights, Chelan County",330165,Wenatchee Heights,2017-11-29 20:45:21.061393
2012-04-14,15:30,57.5,56.3,27.4,31.4,0.0,NW@14.6,23.5,47.5,0.0,519,"Wenatchee Heights, Chelan County",330165,Wenatchee Heights,2017-11-29 20:45:21.061393
2012-04-14,15:45,57.5,56.2,27.4,31.3,0.0,N@17.7,25.3,47.6,0.0,503,"Wenatchee Heights, Chelan County",330165,Wenatchee Heights,2017-11-29 20:45:21.061393
2012-04-14,16:00,56.8,55.6,26.9,31.6,0.0,N@17.8,23.5,47.7,0.0,462,"Wenatchee Heights, Chelan County",330165,Wenatchee Heights,2017-11-29 20:45:21.061393
2012-04-14,16:15,57.4,56.1,27.2,31.3,0.0,N@14.7,26.0,47.8,0.0,487,"Wenatchee Heights, Chelan County",330165,Wenatchee Heights,2017-11-29 20:45:21.061393
2012-04-14,16:30,57.5,56.2,26.9,30.7,0.0,N@13.8,23.2,47.9,0.0,418,"Wenatchee Heights, Chelan County",330165,Wenatchee Heights,2017-11-29 20:45:21.061393
2012-04-14,16:45,57.1,55.8,25.6,29.5,0.0,N@16.2,26.0,48.0,0.0,367,"Wenatchee Heights, Chelan County",330165,Wenatchee Heights,2017-11-29 20:45:21.061393
2012-04-14,17:00,56.7,55.4,25.7,30.2,0.0,N@15.0,23.2,48.1,0.0,318,"Wenatchee Heights, Chelan County",330165,Wenatchee Heights,2017-11-29 20:45:21.061393
2012-04-14,17:15,56.1,54.9,25.4,30.3,0.0,N@15.0,23.9,48.2,0.0,270,"Wenatchee Heights, Chelan County",330165,Wenatchee Heights,2017-11-29 20:45:21.061393
2012-04-14,17:30,55.6,54.3,25.6,31.2,0.0,N@13.5,22.1,48.2,0.0,223,"Wenatchee Heights, Chelan County",330165,Wenatchee Heights,2017-11-29 20:45:21.061393
2012-04-14,17:45,54.5,53.5,25.4,32.1,0.0,NW@13.6,23.2,48.3,0.0,168,"Wenatchee Heights, Chelan County",330165,Wenatchee Heights,2017-11-29 20:45:21.061393
2012-04-14,18:00,53.9,52.9,26.1,33.9,0.0,NW@11.7,18.2,48.4,0.0,119,"Wenatchee Heights, Chelan County",330165,Wenatchee Heights,2017-11-29 20:45:21.061393
2012-04-14,18:15,53.4,52.4,26.3,34.8,0.0,N@12.6,23.9,48.5,0.0,88,"Wenatchee Heights, Chelan County",330165,Wenatchee Heights,2017-11-29 20:45:21.061393
2012-04-14,18:30,52.1,51.2,25.8,35.7,0.0,N@11.1,22.5,48.5,0.0,35,"Wenatchee Heights, Chelan County",330165,Wenatchee Heights,2017-11-29 20:45:21.061393
2012-04-14,18:45,51.1,50.4,25.0,35.9,0.0,NW@12.1,20.0,48.6,0.0,11,"Wenatchee Heights, Chelan County",330165,Wenatchee Heights,2017-11-29 20:45:21.061393
2012-04-14,19:00,50.6,49.9,25.0,36.5,0.0,NW@10.1,16.7,48.7,0.0,3,"Wenatchee Heights, Chelan County",330165,Wenatchee Heights,2017-11-29 20:45:21.061393
2012-04-14,19:15,49.8,49.0,25.1,37.8,0.0,NW@6.5,12.8,48.7,0.0,1,"Wenatchee Heights, Chelan County",330165,Wenatchee Heights,2017-11-29 20:45:21.061393
2012-04-14,19:30,49.3,48.6,24.6,37.7,0.0,NW@8.0,12.1,48.8,0.0,0,"Wenatchee Heights, Chelan County",330165,Wenatchee Heights,2017-11-29 20:45:21.061393
2012-04-14,19:45,49.3,48.7,24.4,37.4,0.0,NW@12.7,18.9,48.8,0.0,0,"Wenatchee Heights, Chelan County",330165,Wenatchee Heights,2017-11-29 20:45:21.061393
2012-04-14,20:00,49.5,48.8,24.4,37.1,0.0,NW@14.7,21.4,48.9,0.0,0,"Wenatchee Heights, Chelan County",330165,Wenatchee Heights,2017-11-29 20:45:21.061393
2012-04-14,20:15,49.4,48.8,24.3,37.1,0.0,NW@15.0,21.4,48.9,0.0,0,"Wenatchee Heights, Chelan County",330165,Wenatchee Heights,2017-11-29 20:45:21.061393
2012-04-14,20:30,49.4,48.7,24.6,37.6,0.0,NW@12.8,21.4,48.9,0.0,0,"Wenatchee Heights, Chelan County",330165,Wenatchee Heights,2017-11-29 20:45:21.061393
2012-04-14,20:45,49.1,48.5,24.5,37.7,0.0,NW@11.2,17.1,48.9,0.0,0,"Wenatchee Heights, Chelan County",330165,Wenatchee Heights,2017-11-29 20:45:21.061393
2012-04-14,21:00,48.9,48.3,24.2,37.6,0.0,W@10.2,15.7,48.9,0.0,0,"Wenatchee Heights, Chelan County",330165,Wenatchee Heights,2017-11-29 20:45:21.061393
2012-04-14,21:15,48.7,48.0,24.5,38.5,0.0,NW@9.6,15.7,48.9,0.0,0,"Wenatchee Heights, Chelan County",330165,Wenatchee Heights,2017-11-29 20:45:21.061393
2012-04-14,21:30,48.2,47.4,24.9,39.8,0.0,NW@9.8,14.2,48.9,0.0,0,"Wenatchee Heights, Chelan County",330165,Wenatchee Heights,2017-11-29 20:45:21.061393
2012-04-14,21:45,48.0,47.3,24.5,39.5,0.0,W@12.2,16.4,48.9,0.0,0,"Wenatchee Heights, Chelan County",330165,Wenatchee Heights,2017-11-29 20:45:21.061393
2012-04-14,22:00,47.5,46.9,24.1,39.4,0.0,NW@12.0,16.7,48.9,0.0,0,"Wenatchee Heights, Chelan County",330165,Wenatchee Heights,2017-11-29 20:45:21.061393
2012-04-14,22:15,47.2,46.5,23.7,39.3,0.0,NW@10.6,16.7,48.9,0.0,0,"Wenatchee Heights, Chelan County",330165,Wenatchee Heights,2017-11-29 20:45:21.061393
2012-04-14,22:30,46.9,46.2,23.4,39.3,0.0,NW@10.6,17.8,48.9,0.0,0,"Wenatchee Heights, Chelan County",330165,Wenatchee Heights,2017-11-29 20:45:21.061393
2012-04-14,22:45,47.1,46.5,23.4,39.0,0.0,W@11.7,17.8,48.8,0.0,0,"Wenatchee Heights, Chelan County",330165,Wenatchee Heights,2017-11-29 20:45:21.061393
2012-04-14,23:00,46.9,46.3,23.6,39.5,0.0,W@10.4,16.0,48.8,0.0,0,"Wenatchee Heights, Chelan County",330165,Wenatchee Heights,2017-11-29 20:45:21.061393
2012-04-15,23:15,46.9,46.2,23.7,39.7,0.0,NW@9.6,15.3,48.8,0.0,0,"Wenatchee Heights, Chelan County",330165,Wenatchee Heights,2017-11-29 20:45:21.061393
2012-04-15,23:30,46.6,45.9,23.6,40.1,0.0,W@10.3,13.5,48.7,0.0,0,"Wenatchee Heights, Chelan County",330165,Wenatchee Heights,2017-11-29 20:45:21.061393
2012-04-15,23:45,45.9,45.2,23.7,41.3,0.0,W@10.1,13.2,48.7,0.0,0,"Wenatchee Heights, Chelan County",330165,Wenatchee Heights,2017-11-29 20:45:21.061393
2012-04-15,24:00,45.2,44.5,23.8,42.4,0.0,W@9.1,13.9,48.7,0.0,0,"Wenatchee Heights, Chelan County",330165,Wenatchee Heights,2017-11-29 20:45:21.061393
2012-04-15,00:15,44.9,44.3,23.8,43.0,0.0,W@8.8,12.1,48.6,0.0,0,"Wenatchee Heights, Chelan County",330165,Wenatchee Heights,2017-11-29 20:45:21.061393
2012-04-15,00:30,45.5,44.8,23.8,42.1,0.0,W@8.8,11.7,48.6,0.0,0,"Wenatchee Heights, Chelan County",330165,Wenatchee Heights,2017-11-29 20:45:21.061393
2012-04-15,00:45,45.7,45.0,23.8,41.8,0.0,W@9.0,12.4,48.5,0.0,0,"Wenatchee Heights, Chelan County",330165,Wenatchee Heights,2017-11-29 20:45:21.061393
2012-04-15,01:00,45.5,44.8,23.9,42.4,0.0,W@8.1,11.4,48.5,0.0,0,"Wenatchee Heights, Chelan County",330165,Wenatchee Heights,2017-11-29 20:45:21.061393
2012-04-15,01:15,45.6,44.9,23.9,42.2,0.0,W@6.0,9.6,48.4,0.0,0,"Wenatchee Heights, Chelan County",330165,Wenatchee Heights,2017-11-29 20:45:21.061393
2012-04-15,01:30,45.7,45.0,24.1,42.2,0.0,W@7.9,12.8,48.4,0.0,0,"Wenatchee Heights, Chelan County",330165,Wenatchee Heights,2017-11-29 20:45:21.061393
2012-04-15,01:45,45.5,44.8,24.0,42.5,0.0,W@7.9,13.2,48.3,0.0,0,"Wenatchee Heights, Chelan County",330165,Wenatchee Heights,2017-11-29 20:45:21.061393
2012-04-15,02:00,45.5,44.9,24.5,43.3,0.0,W@8.6,14.2,48.3,0.0,0,"Wenatchee Heights, Chelan County",330165,Wenatchee Heights,2017-11-29 20:45:21.061393
2012-04-15,02:15,45.4,44.7,24.2,43.0,0.0,W@6.9,10.7,48.2,0.0,0,"Wenatchee Heights, Chelan County",330165,Wenatchee Heights,2017-11-29 20:45:21.061393
2012-04-15,02:30,45.4,44.8,24.1,42.8,0.0,W@6.3,10.7,48.1,0.0,0,"Wenatchee Heights, Chelan County",330165,Wenatchee Heights,2017-11-29 20:45:21.061393
2012-04-15,02:45,45.6,44.9,24.3,42.9,0.0,W@6.1,8.5,48.1,0.0,0,"Wenatchee Heights, Chelan County",330165,Wenatchee Heights,2017-11-29 20:45:21.061393
2012-04-15,03:00,45.6,44.9,24.7,43.6,0.0,W@6.6,9.2,48.0,0.0,0,"Wenatchee Heights, Chelan County",330165,Wenatchee Heights,2017-11-29 20:45:21.061393
2012-04-15,03:15,45.2,44.5,24.9,44.5,0.0,W@6.7,9.6,48.0,0.0,0,"Wenatchee Heights, Chelan County",330165,Wenatchee Heights,2017-11-29 20:45:21.061393
2012-04-15,03:30,45.5,44.8,25.6,45.3,0.0,NW@7.9,11.0,47.9,0.0,0,"Wenatchee Heights, Chelan County",330165,Wenatchee Heights,2017-11-29 20:45:21.061393
2012-04-15,03:45,45.8,45.1,26.6,46.7,0.0,NW@8.9,16.4,47.9,0.0,0,"Wenatchee Heights, Chelan County",330165,Wenatchee Heights,2017-11-29 20:45:21.061393
2012-04-15,04:00,45.5,44.7,26.7,47.5,0.0,NW@6.9,9.9,47.8,0.0,0,"Wenatchee Heights, Chelan County",330165,Wenatchee Heights,2017-11-29 20:45:21.061393
2012-04-15,04:15,45.6,44.9,27.2,48.4,0.0,NW@6.6,11.4,47.8,0.0,0,"Wenatchee Heights, Chelan County",330165,Wenatchee Heights,2017-11-29 20:45:21.061393
2012-04-15,04:30,45.0,44.1,27.6,50.3,0.0,NW@3.7,7.4,47.7,0.0,0,"Wenatchee Heights, Chelan County",330165,Wenatchee Heights,2017-11-29 20:45:21.061393
2012-04-15,04:45,45.2,44.4,27.9,50.6,0.0,NW@4.6,9.6,47.6,0.0,0,"Wenatchee Heights, Chelan County",330165,Wenatchee Heights,2017-11-29 20:45:21.061393
2012-04-15,05:00,44.8,44.1,28.2,51.9,0.0,NW@3.8,6.0,47.6,0.0,0,"Wenatchee Heights, Chelan County",330165,Wenatchee Heights,2017-11-29 20:45:21.061393
2012-04-15,05:15,45.1,44.4,28.4,51.8,0.0,NW@3.4,8.5,47.5,0.0,2,"Wenatchee Heights, Chelan County",330165,Wenatchee Heights,2017-11-29 20:45:21.061393
2012-04-15,05:30,45.3,44.5,28.7,51.9,0.0,NW@6.2,11.0,47.5,0.0,16,"Wenatchee Heights, Chelan County",330165,Wenatchee Heights,2017-11-29 20:45:21.061393
2012-04-15,05:45,45.6,44.9,28.5,51.1,0.0,NW@8.5,17.5,47.4,0.0,28,"Wenatchee Heights, Chelan County",330165,Wenatchee Heights,2017-11-29 20:45:21.061393
2012-04-15,06:00,45.9,45.2,28.2,49.7,0.0,NW@9.1,17.8,47.4,0.0,47,"Wenatchee Heights, Chelan County",330165,Wenatchee Heights,2017-11-29 20:45:21.061393
2012-04-15,06:15,45.9,45.1,28.4,50.3,0.0,NW@6.5,17.1,47.3,0.0,84,"Wenatchee Heights, Chelan County",330165,Wenatchee Heights,2017-11-29 20:45:21.061393
2012-04-15,06:30,46.2,45.3,28.5,49.9,0.0,NW@6.6,11.7,47.3,0.0,133,"Wenatchee Heights, Chelan County",330165,Wenatchee Heights,2017-11-29 20:45:21.061393
2012-04-15,06:45,46.5,45.7,28.3,48.8,0.0,NW@6.5,12.8,47.2,0.0,176,"Wenatchee Heights, Chelan County",330165,Wenatchee Heights,2017-11-29 20:45:21.061393
2012-04-15,07:00,47.5,46.4,28.5,47.5,0.0,NW@6.5,11.7,47.2,0.0,286,"Wenatchee Heights, Chelan County",330165,Wenatchee Heights,2017-11-29 20:45:21.061393
2012-04-15,07:15,48.2,47.0,28.4,46.0,0.0,N@6.4,10.7,47.1,0.0,328,"Wenatchee Heights, Chelan County",330165,Wenatchee Heights,2017-11-29 20:45:21.061393
2012-04-15,07:30,48.4,47.2,28.6,45.9,0.0,N@7.1,11.0,47.1,0.0,386,"Wenatchee Heights, Chelan County",330165,Wenatchee Heights,2017-11-29 20:45:21.061393
2012-04-15,07:45,49.4,48.0,29.2,45.3,0.0,N@7.9,12.4,47.0,0.0,482,"Wenatchee Heights, Chelan County",330165,Wenatchee Heights,2017-11-29 20:45:21.061393
2012-04-15,08:00,49.8,48.5,28.9,44.1,0.0,N@8.0,12.4,47.0,0.0,460,"Wenatchee Heights, Chelan County",330165,Wenatchee Heights,2017-11-29 20:45:21.061393
2012-04-15,08:15,50.2,48.7,28.4,42.7,0.0,N@8.4,12.1,47.0,0.0,515,"Wenatchee Heights, Chelan County",330165,Wenatchee Heights,2017-11-29 20:45:21.061393
2012-04-15,08:30,51.1,49.5,28.4,41.3,0.0,N@8.5,11.7,46.9,0.0,628,"Wenatchee Heights, Chelan County",330165,Wenatchee Heights,2017-11-29 20:45:21.061393
2012-04-15,08:45,51.5,50.0,29.1,41.9,0.0,N@8.3,11.7,46.9,0.0,643,"Wenatchee Heights, Chelan County",330165,Wenatchee Heights,2017-11-29 20:45:21.061393
2012-04-15,09:00,52.2,50.8,29.2,41.0,0.0,N@7.8,11.4,46.9,0.0,631,"Wenatchee Heights, Chelan County",330165,Wenatchee Heights,2017-11-29 20:45:21.061393
2012-04-15,09:15,52.1,50.8,28.9,40.5,0.0,N@6.9,11.0,46.8,0.0,531,"Wenatchee Heights, Chelan County",330165,Wenatchee Heights,2017-11-29 20:45:21.061393
2012-04-15,09:30,52.7,51.3,29.7,40.9,0.0,N@6.7,9.9,46.8,0.0,577,"Wenatchee Heights, Chelan County",330165,Wenatchee Heights,2017-11-29 20:45:21.061393
2012-04-15,09:45,53.0,51.3,29.1,39.7,0.0,N@5.9,11.4,46.8,0.0,646,"Wenatchee Heights, Chelan County",330165,Wenatchee Heights,2017-11-29 20:45:21.061393
2012-04-15,10:00,53.2,51.9,29.3,39.6,0.0,N@6.9,10.7,46.8,0.0,706,"Wenatchee Heights, Chelan County",330165,Wenatchee Heights,2017-11-29 20:45:21.061393
2012-04-15,10:15,53.6,52.3,29.6,39.5,0.0,N@7.3,10.7,46.8,0.0,594,"Wenatchee Heights, Chelan County",330165,Wenatchee Heights,2017-11-29 20:45:21.061393
2012-04-15,10:30,53.3,52.3,29.1,39.2,0.0,N@5.7,10.3,46.8,0.0,587,"Wenatchee Heights, Chelan County",330165,Wenatchee Heights,2017-11-29 20:45:21.061393
2012-04-15,10:45,54.1,53.2,28.9,37.6,0.0,NE@5.0,8.5,46.8,0.0,841,"Wenatchee Heights, Chelan County",330165,Wenatchee Heights,2017-11-29 20:45:21.061393
2012-04-15,11:00,54.6,54.3,28.1,35.9,0.0,NE@6.1,8.5,46.8,0.0,854,"Wenatchee Heights, Chelan County",330165,Wenatchee Heights,2017-11-29 20:45:21.061393
2012-04-15,11:15,56.1,55.6,28.5,34.6,0.0,NE@6.0,9.2,46.9,0.0,936,"Wenatchee Heights, Chelan County",330165,Wenatchee Heights,2017-11-29 20:45:21.061393
2012-04-15,11:30,56.8,56.0,28.1,33.0,0.0,N@5.3,9.2,46.9,0.0,977,"Wenatchee Heights, Chelan County",330165,Wenatchee Heights,2017-11-29 20:45:21.061393
2012-04-15,11:45,57.3,56.4,27.6,31.9,0.0,N@6.6,10.7,47.0,0.0,799,"Wenatchee Heights, Chelan County",330165,Wenatchee Heights,2017-11-29 20:45:21.061393
2012-04-15,12:00,57.5,56.8,27.7,31.7,0.0,N@5.8,9.9,47.0,0.0,763,"Wenatchee Heights, Chelan County",330165,Wenatchee Heights,2017-11-29 20:45:21.061393
2012-04-15,12:15,57.4,56.6,27.0,31.0,0.0,N@6.0,11.7,47.1,0.0,517,"Wenatchee Heights, Chelan County",330165,Wenatchee Heights,2017-11-29 20:45:21.061393
2012-04-15,12:30,57.2,56.1,27.0,31.2,0.0,N@6.2,9.9,47.1,0.0,509,"Wenatchee Heights, Chelan County",330165,Wenatchee Heights,2017-11-29 20:45:21.061393
2012-04-15,12:45,57.8,56.9,26.5,29.8,0.0,N@4.0,9.2,47.2,0.0,685,"Wenatchee Heights, Chelan County",330165,Wenatchee Heights,2017-11-29 20:45:21.061393
2012-04-15,13:00,58.3,57.2,26.9,29.8,0.0,N@6.4,10.3,47.3,0.0,654,"Wenatchee Heights, Chelan County",330165,Wenatchee Heights,2017-11-29 20:45:21.061393
2012-04-15,13:15,58.9,58.0,26.6,28.9,0.0,N@5.3,11.0,47.4,0.0,905,"Wenatchee Heights, Chelan County",330165,Wenatchee Heights,2017-11-29 20:45:21.061393
2012-04-15,13:30,59.3,58.4,26.3,28.1,0.0,N@5.4,9.9,47.5,0.0,785,"Wenatchee Heights, Chelan County",330165,Wenatchee Heights,2017-11-29 20:45:21.061393
2012-04-15,13:45,59.1,58.3,26.1,28.0,0.0,NW@4.9,11.4,47.6,0.0,689,"Wenatchee Heights, Chelan County",330165,Wenatchee Heights,2017-11-29 20:45:21.061393
2012-04-15,14:00,58.8,58.3,25.5,27.7,0.0,NE@6.5,11.7,47.7,0.0,615,"Wenatchee Heights, Chelan County",330165,Wenatchee Heights,2017-11-29 20:45:21.061393
2012-04-15,14:15,60.2,59.9,24.6,25.3,0.0,N@7.6,12.4,47.9,0.0,788,"Wenatchee Heights, Chelan County",330165,Wenatchee Heights,2017-11-29 20:45:21.061393
2012-04-15,14:30,61.7,60.6,24.7,24.1,0.0,N@8.4,12.8,48.0,0.0,771,"Wenatchee Heights, Chelan County",330165,Wenatchee Heights,2017-11-29 20:45:21.061393
2012-04-15,14:45,60.9,59.5,23.6,23.7,0.0,N@8.7,14.2,48.1,0.0,539,"Wenatchee Heights, Chelan County",330165,Wenatchee Heights,2017-11-29 20:45:21.061393
2012-04-15,15:00,61.1,60.3,23.9,23.8,0.0,N@9.3,17.1,48.3,0.0,703,"Wenatchee Heights, Chelan County",330165,Wenatchee Heights,2017-11-29 20:45:21.061393
2012-04-15,15:15,61.9,60.7,24.6,23.8,0.0,N@8.7,15.0,48.4,0.0,668,"Wenatchee Heights, Chelan County",330165,Wenatchee Heights,2017-11-29 20:45:21.061393
2012-04-15,15:30,61.5,60.0,24.3,23.9,0.0,N@10.4,16.7,48.5,0.0,424,"Wenatchee Heights, Chelan County",330165,Wenatchee Heights,2017-11-29 20:45:21.061393
2012-04-15,15:45,60.1,58.8,24.0,24.8,0.0,N@9.6,14.2,48.7,0.0,272,"Wenatchee Heights, Chelan County",330165,Wenatchee Heights,2017-11-29 20:45:21.061393
2012-04-15,16:00,58.7,57.7,23.9,26.0,0.0,N@9.3,16.0,48.8,0.0,228,"Wenatchee Heights, Chelan County",330165,Wenatchee Heights,2017-11-29 20:45:21.061393
2012-04-15,16:15,59.2,58.2,24.6,26.2,0.0,N@10.5,15.3,48.9,0.0,317,"Wenatchee Heights, Chelan County",330165,Wenatchee Heights,2017-11-29 20:45:21.061393
2012-04-15,16:30,59.7,58.4,24.6,25.8,0.0,N@10.8,15.3,49.1,0.0,300,"Wenatchee Heights, Chelan County",330165,Wenatchee Heights,2017-11-29 20:45:21.061393
2012-04-15,16:45,59.3,58.1,24.9,26.5,0.0,N@10.0,15.7,49.2,0.0,286,"Wenatchee Heights, Chelan County",330165,Wenatchee Heights,2017-11-29 20:45:21.061393
2012-04-15,17:00,59.6,58.4,25.3,26.6,0.0,N@10.2,14.6,49.3,0.0,309,"Wenatchee Heights, Chelan County",330165,Wenatchee Heights,2017-11-29 20:45:21.061393
2012-04-15,17:15,59.4,58.1,25.0,26.6,0.0,N@12.1,15.0,49.5,0.0,256,"Wenatchee Heights, Chelan County",330165,Wenatchee Heights,2017-11-29 20:45:21.061393
2012-04-15,17:30,58.8,57.6,25.2,27.2,0.0,N@10.1,14.2,49.6,0.0,193,"Wenatchee Heights, Chelan County",330165,Wenatchee Heights,2017-11-29 20:45:21.061393
2012-04-15,17:45,57.8,56.7,25.3,28.5,0.0,N@8.0,12.8,49.7,0.0,121,"Wenatchee Heights, Chelan County",330165,Wenatchee Heights,2017-11-29 20:45:21.061393
2012-04-15,18:00,56.4,55.5,24.9,29.4,0.0,NW@7.0,11.7,49.8,0.0,81,"Wenatchee Heights, Chelan County",330165,Wenatchee Heights,2017-11-29 20:45:21.061393
2012-04-15,18:15,55.6,54.7,25.2,30.7,0.0,NW@6.0,8.9,49.9,0.0,60,"Wenatchee Heights, Chelan County",330165,Wenatchee Heights,2017-11-29 20:45:21.061393
2012-04-15,18:30,54.6,53.9,24.2,30.6,0.0,N@8.1,13.9,50.0,0.0,30,"Wenatchee Heights, Chelan County",330165,Wenatchee Heights,2017-11-29 20:45:21.061393
2012-04-15,18:45,53.9,53.1,23.9,31.0,0.0,NW@5.9,9.2,50.1,0.0,11,"Wenatchee Heights, Chelan County",330165,Wenatchee Heights,2017-11-29 20:45:21.061393
2012-04-15,19:00,53.7,53.0,23.6,30.7,0.0,NW@7.0,13.5,50.2,0.0,3,"Wenatchee Heights, Chelan County",330165,Wenatchee Heights,2017-11-29 20:45:21.061393
2012-04-15,19:15,53.1,52.4,23.7,31.5,0.0,NW@5.0,8.5,50.2,0.0,1,"Wenatchee Heights, Chelan County",330165,Wenatchee Heights,2017-11-29 20:45:21.061393
2012-04-15,19:30,52.7,51.9,23.9,32.3,0.0,W@5.3,8.9,50.3,0.0,0,"Wenatchee Heights, Chelan County",330165,Wenatchee Heights,2017-11-29 20:45:21.061393
2012-04-15,19:45,52.6,51.9,23.9,32.5,0.0,W@5.9,8.2,50.3,0.0,0,"Wenatchee Heights, Chelan County",330165,Wenatchee Heights,2017-11-29 20:45:21.061393
2012-04-15,20:00,52.4,51.7,24.1,32.9,0.0,W@5.8,8.5,50.4,0.0,0,"Wenatchee Heights, Chelan County",330165,Wenatchee Heights,2017-11-29 20:45:21.061393
2012-04-15,20:15,52.0,51.2,24.2,33.6,0.0,W@5.5,8.5,50.4,0.0,0,"Wenatchee Heights, Chelan County",330165,Wenatchee Heights,2017-11-29 20:45:21.061393
2012-04-15,20:30,51.0,50.2,24.6,35.5,0.0,SW@5.7,9.2,50.4,0.0,0,"Wenatchee Heights, Chelan County",330165,Wenatchee Heights,2017-11-29 20:45:21.061393
2012-04-15,20:45,50.5,49.9,24.6,36.1,0.0,SW@4.7,7.4,50.5,0.0,0,"Wenatchee Heights, Chelan County",330165,Wenatchee Heights,2017-11-29 20:45:21.061393
2012-04-15,21:00,50.5,49.8,24.7,36.3,0.0,SW@4.9,7.1,50.5,0.0,0,"Wenatchee Heights, Chelan County",330165,Wenatchee Heights,2017-11-29 20:45:21.061393
2012-04-15,21:15,50.5,49.9,24.8,36.3,0.0,SW@4.5,6.4,50.5,0.0,0,"Wenatchee Heights, Chelan County",330165,Wenatchee Heights,2017-11-29 20:45:21.061393
2012-04-15,21:30,51.0,50.3,24.5,35.4,0.0,W@4.5,7.8,50.5,0.0,0,"Wenatchee Heights, Chelan County",330165,Wenatchee Heights,2017-11-29 20:45:21.061393
2012-04-15,21:45,50.9,50.2,24.6,35.4,0.0,W@4.3,6.0,50.5,0.0,0,"Wenatchee Heights, Chelan County",330165,Wenatchee Heights,2017-11-29 20:45:21.061393
2012-04-15,22:00,50.8,50.2,24.4,35.3,0.0,W@4.8,8.5,50.5,0.0,0,"Wenatchee Heights, Chelan County",330165,Wenatchee Heights,2017-11-29 20:45:21.061393
2012-04-15,22:15,50.5,49.7,24.5,36.0,0.0,W@3.2,6.0,50.5,0.0,0,"Wenatchee Heights, Chelan County",330165,Wenatchee Heights,2017-11-29 20:45:21.061393
2012-04-15,22:30,49.9,49.1,25.1,37.8,0.0,W@3.3,7.1,50.4,0.0,0,"Wenatchee Heights, Chelan County",330165,Wenatchee Heights,2017-11-29 20:45:21.061393
2012-04-15,22:45,50.4,49.8,24.7,36.4,0.0,W@4.1,6.0,50.4,0.0,0,"Wenatchee Heights, Chelan County",330165,Wenatchee Heights,2017-11-29 20:45:21.061393
2012-04-15,23:00,50.1,49.2,25.2,37.6,0.0,W@2.5,5.3,50.4,0.0,0,"Wenatchee Heights, Chelan County",330165,Wenatchee Heights,2017-11-29 20:45:21.061393
2012-04-16,23:15,49.4,48.5,25.0,38.2,0.0,NE@0.5,3.1,50.4,0.0,0,"Wenatchee Heights, Chelan County",330165,Wenatchee Heights,2017-11-29 20:45:21.061393
2012-04-16,23:30,48.9,48.1,24.7,38.4,0.0,N@0.0,0.0,50.3,0.0,0,"Wenatchee Heights, Chelan County",330165,Wenatchee Heights,2017-11-29 20:45:21.061393
2012-04-16,23:45,49.2,48.4,24.9,38.3,0.0,SE@1.9,4.9,50.3,0.0,0,"Wenatchee Heights, Chelan County",330165,Wenatchee Heights,2017-11-29 20:45:21.061393
2012-04-16,24:00,48.4,47.6,25.9,41.2,0.0,SE@4.1,5.3,50.2,0.0,0,"Wenatchee Heights, Chelan County",330165,Wenatchee Heights,2017-11-29 20:45:21.061393
