Date,Time PST,Air Temp °F, 2<sup>nd</sup> Air Temp °F, Dew Point °F, Rel Hum %, Leaf Wet u., Wind Dir @ Speed mph, Wind Gust mph, 2 in. Soil Tmp °F, 8 in. Soil Tmp °F, Soil VWC %, Tot Prec in, Solar Rad W/m², Atm. Press. inHg,Location,Station ID,Station Name,Download Timestamp
2016-08-11,00:15,61.7,61.8,48.4,61.6,0.0,N@12.5,14.2,70.6,71.5,13.1,0.0,0,30.09,"Waterville North, Waterville, Douglas County",330046,Waterville North,2017-11-30 22:13:32.680802
2016-08-11,00:30,61.4,61.5,48.5,62.4,0.0,N@11.3,14.2,70.3,71.4,13.1,0.0,0,30.09,"Waterville North, Waterville, Douglas County",330046,Waterville North,2017-11-30 22:13:32.680802
2016-08-11,00:45,61.5,61.7,48.6,62.4,0.0,N@12.3,14.6,70.0,71.4,13.1,0.0,0,30.09,"Waterville North, Waterville, Douglas County",330046,Waterville North,2017-11-30 22:13:32.680802
2016-08-11,01:00,60.9,61.0,48.6,63.8,0.0,N@12.0,14.2,69.7,71.4,13.1,0.0,0,30.09,"Waterville North, Waterville, Douglas County",330046,Waterville North,2017-11-30 22:13:32.680802
2016-08-11,01:15,60.6,60.7,48.6,64.5,0.0,NW@13.9,16.7,69.5,71.3,13.1,0.0,0,30.09,"Waterville North, Waterville, Douglas County",330046,Waterville North,2017-11-30 22:13:32.680802
2016-08-11,01:30,60.2,60.3,48.6,65.3,0.0,N@13.2,16.4,69.2,71.3,13.1,0.0,0,30.09,"Waterville North, Waterville, Douglas County",330046,Waterville North,2017-11-30 22:13:32.680802
2016-08-11,01:45,59.6,59.7,48.5,66.7,0.0,N@11.2,13.9,69.0,71.2,13.1,0.0,0,30.1,"Waterville North, Waterville, Douglas County",330046,Waterville North,2017-11-30 22:13:32.680802
2016-08-11,02:00,59.4,59.5,48.6,67.3,0.0,N@10.9,13.9,68.7,71.2,13.1,0.0,0,30.1,"Waterville North, Waterville, Douglas County",330046,Waterville North,2017-11-30 22:13:32.680802
2016-08-11,02:15,59.2,59.3,48.7,68.0,0.0,N@12.4,14.2,68.5,71.2,13.1,0.0,0,30.1,"Waterville North, Waterville, Douglas County",330046,Waterville North,2017-11-30 22:13:32.680802
2016-08-11,02:30,59.1,59.2,48.9,69.0,0.0,N@11.8,13.9,68.3,71.1,13.1,0.0,0,30.1,"Waterville North, Waterville, Douglas County",330046,Waterville North,2017-11-30 22:13:32.680802
2016-08-11,02:45,58.8,58.8,49.0,70.0,0.0,N@12.3,15.0,68.0,71.1,13.1,0.0,0,30.1,"Waterville North, Waterville, Douglas County",330046,Waterville North,2017-11-30 22:13:32.680802
2016-08-11,03:00,59.2,59.4,48.8,68.3,0.0,N@14.8,17.1,67.8,71.0,13.1,0.0,0,30.1,"Waterville North, Waterville, Douglas County",330046,Waterville North,2017-11-30 22:13:32.680802
2016-08-11,03:15,58.7,58.9,48.7,69.2,0.0,N@12.8,18.2,67.6,71.0,13.1,0.0,0,30.1,"Waterville North, Waterville, Douglas County",330046,Waterville North,2017-11-30 22:13:32.680802
2016-08-11,03:30,58.6,58.8,48.8,69.6,0.0,N@12.9,15.3,67.4,70.9,13.1,0.0,0,30.1,"Waterville North, Waterville, Douglas County",330046,Waterville North,2017-11-30 22:13:32.680802
2016-08-11,03:45,58.5,58.6,48.8,70.0,0.0,N@12.7,15.0,67.2,70.9,13.1,0.0,0,30.1,"Waterville North, Waterville, Douglas County",330046,Waterville North,2017-11-30 22:13:32.680802
2016-08-11,04:00,58.4,58.5,48.7,70.0,0.0,N@13.1,15.3,67.0,70.8,13.1,0.0,0,30.1,"Waterville North, Waterville, Douglas County",330046,Waterville North,2017-11-30 22:13:32.680802
2016-08-11,04:15,58.0,58.1,48.7,71.1,0.0,N@11.9,13.5,66.8,70.8,13.1,0.0,0,30.11,"Waterville North, Waterville, Douglas County",330046,Waterville North,2017-11-30 22:13:32.680802
2016-08-11,04:30,58.2,58.2,48.8,71.1,0.0,N@13.2,15.7,66.6,70.7,13.1,0.0,0,30.11,"Waterville North, Waterville, Douglas County",330046,Waterville North,2017-11-30 22:13:32.680802
2016-08-11,04:45,58.3,58.4,48.8,70.7,0.0,N@11.4,13.9,66.5,70.6,13.1,0.0,2,30.12,"Waterville North, Waterville, Douglas County",330046,Waterville North,2017-11-30 22:13:32.680802
2016-08-11,05:00,57.7,57.8,48.6,71.8,0.0,NW@9.1,11.0,66.3,70.6,13.1,0.0,6,30.12,"Waterville North, Waterville, Douglas County",330046,Waterville North,2017-11-30 22:13:32.680802
2016-08-11,05:15,57.8,58.0,48.6,71.4,0.0,NW@7.2,9.2,66.1,70.5,13.1,0.0,23,30.12,"Waterville North, Waterville, Douglas County",330046,Waterville North,2017-11-30 22:13:32.680802
2016-08-11,05:30,58.0,58.3,48.7,71.0,0.0,NW@6.8,8.2,66.0,70.5,13.1,0.0,44,30.13,"Waterville North, Waterville, Douglas County",330046,Waterville North,2017-11-30 22:13:32.680802
2016-08-11,05:45,57.9,58.4,48.8,71.5,0.0,N@5.9,7.1,65.8,70.4,13.1,0.0,63,30.14,"Waterville North, Waterville, Douglas County",330046,Waterville North,2017-11-30 22:13:32.680802
2016-08-11,06:00,58.1,59.1,49.1,71.9,0.0,N@5.0,6.4,65.7,70.4,13.1,0.0,113,30.14,"Waterville North, Waterville, Douglas County",330046,Waterville North,2017-11-30 22:13:32.680802
2016-08-11,06:15,59.8,60.7,49.6,68.9,0.0,N@6.7,9.2,65.5,70.3,13.1,0.0,148,30.14,"Waterville North, Waterville, Douglas County",330046,Waterville North,2017-11-30 22:13:32.680802
2016-08-11,06:30,60.9,61.4,49.6,66.3,0.0,N@7.9,9.2,65.5,70.2,13.1,0.0,184,30.15,"Waterville North, Waterville, Douglas County",330046,Waterville North,2017-11-30 22:13:32.680802
2016-08-11,06:45,61.7,62.0,49.4,64.0,0.0,N@8.6,11.0,65.5,70.2,13.1,0.0,223,30.15,"Waterville North, Waterville, Douglas County",330046,Waterville North,2017-11-30 22:13:32.680802
2016-08-11,07:00,62.0,62.4,49.3,62.9,0.0,N@8.6,10.3,65.5,70.1,13.1,0.0,264,30.16,"Waterville North, Waterville, Douglas County",330046,Waterville North,2017-11-30 22:13:32.680802
2016-08-11,07:15,63.0,63.3,49.3,60.9,0.0,N@8.5,10.3,65.6,70.0,13.1,0.0,306,30.16,"Waterville North, Waterville, Douglas County",330046,Waterville North,2017-11-30 22:13:32.680802
2016-08-11,07:30,62.8,63.2,49.2,60.9,0.0,N@10.8,13.2,65.8,70.0,13.1,0.0,347,30.16,"Waterville North, Waterville, Douglas County",330046,Waterville North,2017-11-30 22:13:32.680802
2016-08-11,07:45,63.1,63.5,49.1,60.1,0.0,N@10.0,12.4,66.1,69.9,13.1,0.0,388,30.17,"Waterville North, Waterville, Douglas County",330046,Waterville North,2017-11-30 22:13:32.680802
2016-08-11,08:00,64.7,65.1,48.9,56.6,0.0,N@9.4,12.1,66.4,69.9,13.1,0.0,429,30.17,"Waterville North, Waterville, Douglas County",330046,Waterville North,2017-11-30 22:13:32.680802
2016-08-11,08:15,65.0,65.5,48.7,55.4,0.0,N@11.1,14.6,66.8,69.8,13.1,0.0,469,30.17,"Waterville North, Waterville, Douglas County",330046,Waterville North,2017-11-30 22:13:32.680802
2016-08-11,08:30,65.7,66.0,48.4,53.5,0.0,N@10.8,13.2,67.3,69.8,13.1,0.0,508,30.17,"Waterville North, Waterville, Douglas County",330046,Waterville North,2017-11-30 22:13:32.680802
2016-08-11,08:45,66.5,66.8,48.1,51.4,0.0,N@11.7,15.3,67.8,69.7,13.1,0.0,546,30.17,"Waterville North, Waterville, Douglas County",330046,Waterville North,2017-11-30 22:13:32.680802
2016-08-11,09:00,67.8,68.0,48.2,49.4,0.0,N@10.5,13.5,68.4,69.7,13.1,0.0,582,30.17,"Waterville North, Waterville, Douglas County",330046,Waterville North,2017-11-30 22:13:32.680802
2016-08-11,09:15,69.8,69.8,48.6,46.7,0.0,N@7.7,10.7,69.1,69.6,13.1,0.0,616,30.17,"Waterville North, Waterville, Douglas County",330046,Waterville North,2017-11-30 22:13:32.680802
2016-08-11,09:30,71.3,71.1,48.4,44.2,0.0,N@6.5,9.9,69.7,69.6,13.1,0.0,648,30.18,"Waterville North, Waterville, Douglas County",330046,Waterville North,2017-11-30 22:13:32.680802
2016-08-11,09:45,71.4,71.3,48.1,43.4,0.0,N@6.9,11.7,70.2,69.6,13.1,0.0,679,30.18,"Waterville North, Waterville, Douglas County",330046,Waterville North,2017-11-30 22:13:32.680802
2016-08-11,10:00,72.3,72.2,48.0,42.0,0.0,N@7.1,10.3,70.6,69.6,13.1,0.0,707,30.18,"Waterville North, Waterville, Douglas County",330046,Waterville North,2017-11-30 22:13:32.680802
2016-08-11,10:15,72.2,72.5,48.0,42.3,0.0,N@7.6,11.0,71.3,69.6,13.1,0.0,733,30.17,"Waterville North, Waterville, Douglas County",330046,Waterville North,2017-11-30 22:13:32.680802
2016-08-11,10:30,71.9,72.3,47.6,41.8,0.0,N@9.4,13.9,72.2,69.6,13.1,0.0,753,30.17,"Waterville North, Waterville, Douglas County",330046,Waterville North,2017-11-30 22:13:32.680802
2016-08-11,10:45,74.6,74.3,46.8,37.2,0.0,N@8.4,13.2,73.3,69.6,13.1,0.0,778,30.18,"Waterville North, Waterville, Douglas County",330046,Waterville North,2017-11-30 22:13:32.680802
2016-08-11,11:00,75.4,74.8,45.9,35.1,0.0,N@7.2,13.2,74.4,69.6,13.1,0.0,797,30.18,"Waterville North, Waterville, Douglas County",330046,Waterville North,2017-11-30 22:13:32.680802
2016-08-11,11:15,75.9,75.8,45.5,33.9,0.0,N@10.2,15.7,75.6,69.6,13.1,0.0,814,30.17,"Waterville North, Waterville, Douglas County",330046,Waterville North,2017-11-30 22:13:32.680802
2016-08-11,11:30,75.1,75.1,45.5,34.8,0.0,N@9.1,14.6,76.8,69.7,13.1,0.0,828,30.17,"Waterville North, Waterville, Douglas County",330046,Waterville North,2017-11-30 22:13:32.680802
2016-08-11,11:45,75.8,75.7,44.8,33.1,0.0,N@6.8,14.6,78.0,69.7,13.1,0.0,839,30.17,"Waterville North, Waterville, Douglas County",330046,Waterville North,2017-11-30 22:13:32.680802
2016-08-11,12:00,76.5,76.4,44.5,31.9,0.0,NW@5.2,12.1,79.2,69.8,13.1,0.0,849,30.16,"Waterville North, Waterville, Douglas County",330046,Waterville North,2017-11-30 22:13:32.680802
2016-08-11,12:15,77.1,76.7,44.2,31.0,0.0,N@8.5,15.3,80.4,69.8,13.1,0.0,854,30.16,"Waterville North, Waterville, Douglas County",330046,Waterville North,2017-11-30 22:13:32.680802
2016-08-11,12:30,77.2,77.3,44.3,31.0,0.0,N@7.7,13.9,81.6,69.9,13.1,0.0,857,30.15,"Waterville North, Waterville, Douglas County",330046,Waterville North,2017-11-30 22:13:32.680802
2016-08-11,12:45,77.5,77.5,44.0,30.4,0.0,NW@6.5,12.8,82.7,70.0,13.1,0.0,698,30.15,"Waterville North, Waterville, Douglas County",330046,Waterville North,2017-11-30 22:13:32.680802
2016-08-11,13:00,78.2,78.2,43.8,29.4,0.0,N@8.0,13.5,83.7,70.0,13.1,0.0,854,30.15,"Waterville North, Waterville, Douglas County",330046,Waterville North,2017-11-30 22:13:32.680802
2016-08-11,13:15,78.1,78.4,43.3,29.1,0.0,NW@8.1,12.1,84.5,70.1,13.1,0.0,844,30.15,"Waterville North, Waterville, Douglas County",330046,Waterville North,2017-11-30 22:13:32.680802
2016-08-11,13:30,79.4,79.6,43.3,27.7,0.0,N@8.4,14.6,85.4,70.2,13.1,0.0,825,30.15,"Waterville North, Waterville, Douglas County",330046,Waterville North,2017-11-30 22:13:32.680802
2016-08-11,13:45,79.1,79.6,43.7,28.5,0.0,NW@6.8,13.5,86.2,70.3,13.1,0.0,803,30.15,"Waterville North, Waterville, Douglas County",330046,Waterville North,2017-11-30 22:13:32.680802
2016-08-11,14:00,79.5,79.8,43.3,27.7,0.0,N@7.1,13.5,87.1,70.4,13.1,0.0,784,30.15,"Waterville North, Waterville, Douglas County",330046,Waterville North,2017-11-30 22:13:32.680802
2016-08-11,14:15,80.1,80.2,42.5,26.3,0.0,N@8.7,13.2,87.9,70.5,13.1,0.0,763,30.14,"Waterville North, Waterville, Douglas County",330046,Waterville North,2017-11-30 22:13:32.680802
2016-08-11,14:30,80.3,80.2,41.7,25.4,0.0,N@8.4,13.5,88.6,70.6,13.1,0.0,736,30.14,"Waterville North, Waterville, Douglas County",330046,Waterville North,2017-11-30 22:13:32.680802
2016-08-11,14:45,80.3,80.2,41.3,25.0,0.0,N@9.5,14.2,89.2,70.7,13.1,0.0,709,30.14,"Waterville North, Waterville, Douglas County",330046,Waterville North,2017-11-30 22:13:32.680802
2016-08-11,15:00,80.3,80.3,40.6,24.3,0.0,N@7.9,12.1,89.7,70.8,13.1,0.0,679,30.14,"Waterville North, Waterville, Douglas County",330046,Waterville North,2017-11-30 22:13:32.680802
2016-08-11,15:15,79.7,79.9,40.4,24.6,0.0,N@8.6,13.2,90.2,70.9,13.1,0.0,647,30.14,"Waterville North, Waterville, Douglas County",330046,Waterville North,2017-11-30 22:13:32.680802
2016-08-11,15:30,81.1,81.0,40.9,23.9,0.0,N@5.9,10.3,90.5,71.0,13.1,0.0,613,30.13,"Waterville North, Waterville, Douglas County",330046,Waterville North,2017-11-30 22:13:32.680802
2016-08-11,15:45,81.3,81.5,40.7,23.6,0.0,NW@3.6,6.7,90.8,71.2,13.1,0.0,577,30.13,"Waterville North, Waterville, Douglas County",330046,Waterville North,2017-11-30 22:13:32.680802
2016-08-11,16:00,82.7,82.5,40.5,22.4,0.0,NE@4.3,8.5,91.1,71.3,13.1,0.0,536,30.13,"Waterville North, Waterville, Douglas County",330046,Waterville North,2017-11-30 22:13:32.680802
2016-08-11,16:15,81.8,81.5,39.9,22.5,0.0,SE@5.1,9.2,91.2,71.4,13.1,0.0,354,30.13,"Waterville North, Waterville, Douglas County",330046,Waterville North,2017-11-30 22:13:32.680802
2016-08-11,16:30,81.0,80.6,40.3,23.5,0.0,E@4.2,8.2,91.4,71.6,13.1,0.0,424,30.12,"Waterville North, Waterville, Douglas County",330046,Waterville North,2017-11-30 22:13:32.680802
2016-08-11,16:45,81.8,81.2,40.2,22.8,0.0,E@5.3,11.4,91.3,71.7,13.1,0.0,419,30.12,"Waterville North, Waterville, Douglas County",330046,Waterville North,2017-11-30 22:13:32.680802
2016-08-11,17:00,81.1,80.7,40.0,23.1,0.0,SE@6.8,12.1,91.1,71.8,13.1,0.0,388,30.12,"Waterville North, Waterville, Douglas County",330046,Waterville North,2017-11-30 22:13:32.680802
2016-08-11,17:15,79.8,79.7,39.7,23.9,0.0,SE@6.6,12.8,90.9,72.0,13.1,0.0,113,30.12,"Waterville North, Waterville, Douglas County",330046,Waterville North,2017-11-30 22:13:32.680802
2016-08-11,17:30,80.4,80.1,39.1,22.9,0.0,SE@7.5,11.7,90.6,72.1,13.1,0.0,269,30.12,"Waterville North, Waterville, Douglas County",330046,Waterville North,2017-11-30 22:13:32.680802
2016-08-11,17:45,80.0,79.8,39.2,23.2,0.0,SE@6.8,10.7,89.9,72.2,13.1,0.0,195,30.11,"Waterville North, Waterville, Douglas County",330046,Waterville North,2017-11-30 22:13:32.680802
2016-08-11,18:00,80.1,79.8,39.1,23.1,0.0,SE@7.0,9.6,89.2,72.4,13.1,0.0,216,30.11,"Waterville North, Waterville, Douglas County",330046,Waterville North,2017-11-30 22:13:32.680802
2016-08-11,18:15,79.5,79.3,39.0,23.5,0.0,SE@9.1,12.4,88.6,72.5,13.1,0.0,168,30.11,"Waterville North, Waterville, Douglas County",330046,Waterville North,2017-11-30 22:13:32.680802
2016-08-11,18:30,78.7,78.5,38.8,23.9,0.0,SE@7.5,9.9,88.0,72.6,13.1,0.0,123,30.11,"Waterville North, Waterville, Douglas County",330046,Waterville North,2017-11-30 22:13:32.680802
2016-08-11,18:45,77.9,77.7,38.2,23.9,0.0,SE@6.1,9.9,87.4,72.7,13.1,0.0,84,30.11,"Waterville North, Waterville, Douglas County",330046,Waterville North,2017-11-30 22:13:32.680802
2016-08-11,19:00,77.0,76.8,38.3,24.8,0.0,SE@4.1,6.0,86.7,72.8,13.1,0.0,50,30.11,"Waterville North, Waterville, Douglas County",330046,Waterville North,2017-11-30 22:13:32.680802
2016-08-11,19:15,75.2,75.1,40.0,28.1,0.0,S@4.6,6.7,85.8,72.9,13.1,0.0,19,30.12,"Waterville North, Waterville, Douglas County",330046,Waterville North,2017-11-30 22:13:32.680802
2016-08-11,19:30,73.4,73.5,40.3,30.2,0.0,S@3.7,6.4,84.9,73.0,13.2,0.0,4,30.12,"Waterville North, Waterville, Douglas County",330046,Waterville North,2017-11-30 22:13:32.680802
2016-08-11,19:45,71.8,71.9,41.0,32.7,0.0,S@5.0,7.4,84.0,73.1,13.2,0.0,1,30.13,"Waterville North, Waterville, Douglas County",330046,Waterville North,2017-11-30 22:13:32.680802
2016-08-11,20:00,72.2,72.3,44.7,37.2,0.0,S@8.2,11.0,83.0,73.2,13.2,0.0,0,30.13,"Waterville North, Waterville, Douglas County",330046,Waterville North,2017-11-30 22:13:32.680802
2016-08-11,20:15,72.0,72.2,44.9,37.8,0.0,S@7.3,9.9,82.1,73.2,13.2,0.0,0,30.14,"Waterville North, Waterville, Douglas County",330046,Waterville North,2017-11-30 22:13:32.680802
2016-08-11,20:30,73.7,73.8,45.8,37.0,0.0,S@8.8,10.3,81.2,73.3,13.2,0.0,0,30.14,"Waterville North, Waterville, Douglas County",330046,Waterville North,2017-11-30 22:13:32.680802
2016-08-11,20:45,73.7,73.8,46.0,37.2,0.0,S@7.6,9.6,80.4,73.3,13.2,0.0,0,30.14,"Waterville North, Waterville, Douglas County",330046,Waterville North,2017-11-30 22:13:32.680802
2016-08-11,21:00,73.9,74.0,46.0,37.0,0.0,S@8.0,9.2,79.7,73.3,13.2,0.0,0,30.14,"Waterville North, Waterville, Douglas County",330046,Waterville North,2017-11-30 22:13:32.680802
2016-08-11,21:15,73.0,73.1,46.1,38.2,0.0,S@8.2,9.9,79.1,73.4,13.2,0.0,0,30.14,"Waterville North, Waterville, Douglas County",330046,Waterville North,2017-11-30 22:13:32.680802
2016-08-11,21:30,73.0,73.1,46.3,38.5,0.0,S@7.6,8.5,78.6,73.4,13.2,0.0,0,30.14,"Waterville North, Waterville, Douglas County",330046,Waterville North,2017-11-30 22:13:32.680802
2016-08-11,21:45,72.8,72.9,46.3,38.8,0.0,S@8.2,9.2,78.1,73.4,13.2,0.0,0,30.14,"Waterville North, Waterville, Douglas County",330046,Waterville North,2017-11-30 22:13:32.680802
2016-08-11,22:00,72.2,72.4,46.3,39.5,0.0,S@7.1,9.2,77.6,73.4,13.2,0.0,0,30.14,"Waterville North, Waterville, Douglas County",330046,Waterville North,2017-11-30 22:13:32.680802
2016-08-11,22:15,71.9,72.1,46.3,40.0,0.0,S@7.2,8.9,77.1,73.4,13.2,0.0,0,30.14,"Waterville North, Waterville, Douglas County",330046,Waterville North,2017-11-30 22:13:32.680802
2016-08-11,22:30,70.0,69.7,45.8,41.9,0.0,W@4.3,6.7,76.7,73.4,13.2,0.0,0,30.15,"Waterville North, Waterville, Douglas County",330046,Waterville North,2017-11-30 22:13:32.680802
2016-08-11,22:45,70.1,69.9,46.6,43.0,0.0,NW@4.6,7.4,76.3,73.4,13.2,0.0,0,30.15,"Waterville North, Waterville, Douglas County",330046,Waterville North,2017-11-30 22:13:32.680802
2016-08-11,23:00,71.6,71.7,47.0,41.4,0.0,NW@3.9,6.0,75.9,73.4,13.2,0.0,0,30.16,"Waterville North, Waterville, Douglas County",330046,Waterville North,2017-11-30 22:13:32.680802
2016-08-12,23:15,71.3,71.3,47.2,42.3,0.0,W@4.1,4.9,75.4,73.4,13.2,0.0,0,30.15,"Waterville North, Waterville, Douglas County",330046,Waterville North,2017-11-30 22:13:32.680802
2016-08-12,23:30,70.0,70.1,48.6,46.5,0.0,W@5.4,7.1,75.0,73.3,13.2,0.0,0,30.16,"Waterville North, Waterville, Douglas County",330046,Waterville North,2017-11-30 22:13:32.680802
2016-08-12,23:45,69.3,69.4,48.5,47.4,0.0,NW@7.8,10.7,74.7,73.3,13.2,0.0,0,30.16,"Waterville North, Waterville, Douglas County",330046,Waterville North,2017-11-30 22:13:32.680802
2016-08-12,24:00,67.2,67.2,47.4,49.1,0.0,NW@9.2,11.4,74.4,73.3,13.2,0.0,0,30.16,"Waterville North, Waterville, Douglas County",330046,Waterville North,2017-11-30 22:13:32.680802
2016-08-12,00:15,66.4,66.5,47.6,50.7,0.0,NW@9.1,10.3,74.1,73.3,13.2,0.0,0,30.16,"Waterville North, Waterville, Douglas County",330046,Waterville North,2017-11-30 22:13:32.680802
2016-08-12,00:30,65.4,65.5,47.3,52.0,0.0,NW@8.9,10.7,73.7,73.2,13.2,0.0,0,30.16,"Waterville North, Waterville, Douglas County",330046,Waterville North,2017-11-30 22:13:32.680802
2016-08-12,00:45,65.0,65.0,47.0,52.2,0.0,N@8.4,9.9,73.4,73.2,13.2,0.0,0,30.16,"Waterville North, Waterville, Douglas County",330046,Waterville North,2017-11-30 22:13:32.680802
2016-08-12,01:00,65.1,65.1,46.8,51.3,0.0,N@8.2,10.3,73.1,73.2,13.2,0.0,0,30.16,"Waterville North, Waterville, Douglas County",330046,Waterville North,2017-11-30 22:13:32.680802
2016-08-12,01:15,65.6,65.7,46.7,50.4,0.0,NW@9.4,10.7,72.8,73.1,13.2,0.0,0,30.16,"Waterville North, Waterville, Douglas County",330046,Waterville North,2017-11-30 22:13:32.680802
2016-08-12,01:30,64.3,64.4,46.4,52.2,0.0,N@7.9,9.2,72.5,73.1,13.2,0.0,0,30.16,"Waterville North, Waterville, Douglas County",330046,Waterville North,2017-11-30 22:13:32.680802
2016-08-12,01:45,64.1,64.2,46.6,52.9,0.0,NW@9.1,10.3,72.2,73.0,13.2,0.0,0,30.16,"Waterville North, Waterville, Douglas County",330046,Waterville North,2017-11-30 22:13:32.680802
2016-08-12,02:00,64.6,64.7,46.7,52.2,0.0,NW@10.7,12.4,71.9,73.0,13.2,0.0,0,30.16,"Waterville North, Waterville, Douglas County",330046,Waterville North,2017-11-30 22:13:32.680802
2016-08-12,02:15,64.4,64.5,46.8,52.8,0.0,NW@11.5,13.2,71.6,72.9,13.2,0.0,0,30.16,"Waterville North, Waterville, Douglas County",330046,Waterville North,2017-11-30 22:13:32.680802
2016-08-12,02:30,64.5,64.6,47.1,53.2,0.0,NW@12.1,13.2,71.3,72.9,13.2,0.0,0,30.16,"Waterville North, Waterville, Douglas County",330046,Waterville North,2017-11-30 22:13:32.680802
2016-08-12,02:45,64.5,64.6,47.2,53.5,0.0,NW@11.8,13.2,71.1,72.8,13.2,0.0,0,30.16,"Waterville North, Waterville, Douglas County",330046,Waterville North,2017-11-30 22:13:32.680802
2016-08-12,03:00,64.2,64.3,47.3,54.1,0.0,NW@11.2,12.4,70.9,72.8,13.2,0.0,0,30.16,"Waterville North, Waterville, Douglas County",330046,Waterville North,2017-11-30 22:13:32.680802
2016-08-12,03:15,63.5,63.6,47.3,55.4,0.0,NW@11.1,12.8,70.7,72.7,13.2,0.0,0,30.16,"Waterville North, Waterville, Douglas County",330046,Waterville North,2017-11-30 22:13:32.680802
2016-08-12,03:30,63.3,63.4,47.3,55.9,0.0,NW@11.6,12.4,70.5,72.7,13.2,0.0,0,30.16,"Waterville North, Waterville, Douglas County",330046,Waterville North,2017-11-30 22:13:32.680802
2016-08-12,03:45,63.6,63.6,47.2,55.3,0.0,NW@11.0,12.1,70.3,72.6,13.2,0.0,0,30.16,"Waterville North, Waterville, Douglas County",330046,Waterville North,2017-11-30 22:13:32.680802
2016-08-12,04:00,63.1,63.2,47.0,55.6,0.0,NW@10.5,11.4,70.1,72.6,13.2,0.0,0,30.16,"Waterville North, Waterville, Douglas County",330046,Waterville North,2017-11-30 22:13:32.680802
2016-08-12,04:15,62.6,62.7,46.9,56.4,0.0,NW@9.7,11.4,69.9,72.5,13.2,0.0,0,30.16,"Waterville North, Waterville, Douglas County",330046,Waterville North,2017-11-30 22:13:32.680802
2016-08-12,04:30,61.8,61.8,46.9,58.2,0.0,N@8.6,9.9,69.7,72.5,13.2,0.0,0,30.16,"Waterville North, Waterville, Douglas County",330046,Waterville North,2017-11-30 22:13:32.680802
2016-08-12,04:45,61.0,61.1,46.5,58.8,0.0,N@7.6,9.2,69.5,72.4,13.2,0.0,2,30.16,"Waterville North, Waterville, Douglas County",330046,Waterville North,2017-11-30 22:13:32.680802
2016-08-12,05:00,59.8,59.9,46.4,61.2,0.0,N@7.7,8.5,69.3,72.4,13.1,0.0,5,30.16,"Waterville North, Waterville, Douglas County",330046,Waterville North,2017-11-30 22:13:32.680802
2016-08-12,05:15,60.0,60.0,46.7,61.4,0.0,N@7.4,8.5,69.0,72.3,13.1,0.0,22,30.17,"Waterville North, Waterville, Douglas County",330046,Waterville North,2017-11-30 22:13:32.680802
2016-08-12,05:30,61.7,62.1,46.9,58.2,0.0,N@7.8,8.9,68.8,72.2,13.1,0.0,58,30.17,"Waterville North, Waterville, Douglas County",330046,Waterville North,2017-11-30 22:13:32.680802
2016-08-12,05:45,62.9,63.6,47.3,56.6,0.0,N@7.8,8.9,68.6,72.2,13.1,0.0,90,30.17,"Waterville North, Waterville, Douglas County",330046,Waterville North,2017-11-30 22:13:32.680802
2016-08-12,06:00,64.1,64.7,48.1,56.0,0.0,N@8.6,11.7,68.5,72.1,13.1,0.0,110,30.17,"Waterville North, Waterville, Douglas County",330046,Waterville North,2017-11-30 22:13:32.680802
2016-08-12,06:15,66.0,66.4,47.7,51.7,0.0,N@11.5,13.5,68.4,72.0,13.1,0.0,160,30.18,"Waterville North, Waterville, Douglas County",330046,Waterville North,2017-11-30 22:13:32.680802
2016-08-12,06:30,67.2,67.5,47.7,49.5,0.0,N@11.0,12.8,68.4,72.0,13.1,0.0,192,30.18,"Waterville North, Waterville, Douglas County",330046,Waterville North,2017-11-30 22:13:32.680802
2016-08-12,06:45,67.3,67.5,47.5,49.0,0.0,NW@10.4,12.4,68.5,71.9,13.1,0.0,199,30.19,"Waterville North, Waterville, Douglas County",330046,Waterville North,2017-11-30 22:13:32.680802
2016-08-12,07:00,68.2,68.6,47.6,47.5,0.0,N@9.9,11.7,68.6,71.8,13.1,0.0,258,30.19,"Waterville North, Waterville, Douglas County",330046,Waterville North,2017-11-30 22:13:32.680802
2016-08-12,07:15,69.1,69.6,47.7,46.3,0.0,N@9.7,11.7,68.8,71.8,13.1,0.0,322,30.19,"Waterville North, Waterville, Douglas County",330046,Waterville North,2017-11-30 22:13:32.680802
2016-08-12,07:30,69.3,69.8,47.5,45.7,0.0,N@9.6,11.7,69.0,71.7,13.1,0.0,363,30.19,"Waterville North, Waterville, Douglas County",330046,Waterville North,2017-11-30 22:13:32.680802
2016-08-12,07:45,69.6,70.2,47.5,45.1,0.0,N@9.9,11.7,69.3,71.6,13.1,0.0,441,30.19,"Waterville North, Waterville, Douglas County",330046,Waterville North,2017-11-30 22:13:32.680802
2016-08-12,08:00,70.0,70.4,47.5,44.6,0.0,N@9.3,10.7,69.7,71.6,13.1,0.0,431,30.19,"Waterville North, Waterville, Douglas County",330046,Waterville North,2017-11-30 22:13:32.680802
2016-08-12,08:15,70.5,70.8,47.4,43.7,0.0,N@9.0,10.7,70.2,71.5,13.1,0.0,393,30.19,"Waterville North, Waterville, Douglas County",330046,Waterville North,2017-11-30 22:13:32.680802
2016-08-12,08:30,71.6,71.9,47.3,42.0,0.0,N@9.8,12.1,70.8,71.5,13.1,0.0,512,30.19,"Waterville North, Waterville, Douglas County",330046,Waterville North,2017-11-30 22:13:32.680802
2016-08-12,08:45,72.3,72.7,46.7,40.0,0.0,N@9.4,12.8,71.3,71.5,13.1,0.0,552,30.19,"Waterville North, Waterville, Douglas County",330046,Waterville North,2017-11-30 22:13:32.680802
2016-08-12,09:00,73.3,73.6,46.7,38.7,0.0,N@10.0,13.2,71.9,71.4,13.1,0.0,589,30.19,"Waterville North, Waterville, Douglas County",330046,Waterville North,2017-11-30 22:13:32.680802
2016-08-12,09:15,73.8,74.2,46.7,38.0,0.0,N@11.4,15.3,72.6,71.4,13.1,0.0,604,30.19,"Waterville North, Waterville, Douglas County",330046,Waterville North,2017-11-30 22:13:32.680802
2016-08-12,09:30,75.0,74.8,45.8,35.3,0.0,N@11.9,16.4,73.1,71.3,13.1,0.0,663,30.19,"Waterville North, Waterville, Douglas County",330046,Waterville North,2017-11-30 22:13:32.680802
2016-08-12,09:45,75.5,75.3,45.8,34.7,0.0,N@11.9,16.0,73.6,71.3,13.1,0.0,679,30.19,"Waterville North, Waterville, Douglas County",330046,Waterville North,2017-11-30 22:13:32.680802
2016-08-12,10:00,75.9,75.4,45.7,34.2,0.0,N@11.7,16.0,74.0,71.3,13.1,0.0,702,30.19,"Waterville North, Waterville, Douglas County",330046,Waterville North,2017-11-30 22:13:32.680802
2016-08-12,10:15,76.3,76.0,45.5,33.5,0.0,N@12.9,16.7,74.6,71.3,13.1,0.0,726,30.19,"Waterville North, Waterville, Douglas County",330046,Waterville North,2017-11-30 22:13:32.680802
2016-08-12,10:30,77.2,76.8,45.5,32.5,0.0,N@11.9,16.0,75.4,71.3,13.1,0.0,749,30.19,"Waterville North, Waterville, Douglas County",330046,Waterville North,2017-11-30 22:13:32.680802
2016-08-12,10:45,77.6,77.1,45.2,31.8,0.0,N@12.5,16.4,76.3,71.3,13.1,0.0,770,30.19,"Waterville North, Waterville, Douglas County",330046,Waterville North,2017-11-30 22:13:32.680802
2016-08-12,11:00,78.0,77.8,44.6,30.6,0.0,N@13.2,18.2,77.3,71.3,13.1,0.0,790,30.18,"Waterville North, Waterville, Douglas County",330046,Waterville North,2017-11-30 22:13:32.680802
2016-08-12,11:15,78.8,78.3,44.5,29.7,0.0,N@11.2,16.4,78.3,71.4,13.1,0.0,807,30.18,"Waterville North, Waterville, Douglas County",330046,Waterville North,2017-11-30 22:13:32.680802
2016-08-12,11:30,78.7,78.8,44.9,30.2,0.0,N@12.3,16.7,79.3,71.4,13.1,0.0,824,30.18,"Waterville North, Waterville, Douglas County",330046,Waterville North,2017-11-30 22:13:32.680802
2016-08-12,11:45,78.6,78.9,44.4,29.8,0.0,N@12.5,16.4,80.4,71.4,13.1,0.0,850,30.17,"Waterville North, Waterville, Douglas County",330046,Waterville North,2017-11-30 22:13:32.680802
2016-08-12,12:00,78.4,78.6,43.5,29.0,0.0,N@10.4,15.3,81.5,71.5,13.1,0.0,358,30.17,"Waterville North, Waterville, Douglas County",330046,Waterville North,2017-11-30 22:13:32.680802
2016-08-12,12:15,78.6,78.6,43.7,29.0,0.0,N@12.3,17.8,82.4,71.5,13.1,0.0,566,30.17,"Waterville North, Waterville, Douglas County",330046,Waterville North,2017-11-30 22:13:32.680802
2016-08-12,12:30,80.9,81.1,43.5,26.7,0.0,N@11.9,20.7,82.9,71.6,13.1,0.0,880,30.17,"Waterville North, Waterville, Douglas County",330046,Waterville North,2017-11-30 22:13:32.680802
2016-08-12,12:45,79.9,80.2,43.4,27.5,0.0,N@8.0,14.2,83.4,71.7,13.1,0.0,240,30.17,"Waterville North, Waterville, Douglas County",330046,Waterville North,2017-11-30 22:13:32.680802
2016-08-12,13:00,80.1,79.9,42.9,26.7,0.0,NE@5.8,9.9,84.0,71.7,13.1,0.0,201,30.17,"Waterville North, Waterville, Douglas County",330046,Waterville North,2017-11-30 22:13:32.680802
2016-08-12,13:15,83.6,83.3,42.4,23.4,0.0,SE@5.0,17.8,84.2,71.8,13.1,0.0,876,30.16,"Waterville North, Waterville, Douglas County",330046,Waterville North,2017-11-30 22:13:32.680802
2016-08-12,13:30,84.4,84.2,41.7,22.2,0.0,S@4.8,10.3,84.4,71.8,13.1,0.0,867,30.16,"Waterville North, Waterville, Douglas County",330046,Waterville North,2017-11-30 22:13:32.680802
2016-08-12,13:45,84.8,84.4,41.4,21.7,0.0,S@5.6,10.7,85.1,71.9,13.1,0.0,867,30.16,"Waterville North, Waterville, Douglas County",330046,Waterville North,2017-11-30 22:13:32.680802
2016-08-12,14:00,85.5,85.2,41.4,21.1,0.0,S@5.6,9.9,86.1,72.0,13.1,0.0,843,30.16,"Waterville North, Waterville, Douglas County",330046,Waterville North,2017-11-30 22:13:32.680802
2016-08-12,14:15,85.3,84.8,42.2,22.0,0.0,S@7.0,12.4,87.2,72.0,13.1,0.0,854,30.16,"Waterville North, Waterville, Douglas County",330046,Waterville North,2017-11-30 22:13:32.680802
2016-08-12,14:30,84.9,84.4,42.0,22.1,0.0,S@7.0,11.0,88.3,72.1,13.1,0.0,805,30.16,"Waterville North, Waterville, Douglas County",330046,Waterville North,2017-11-30 22:13:32.680802
2016-08-12,14:45,84.9,84.5,41.6,21.8,0.0,S@7.0,13.5,89.3,72.2,13.1,0.0,753,30.15,"Waterville North, Waterville, Douglas County",330046,Waterville North,2017-11-30 22:13:32.680802
2016-08-12,15:00,85.4,85.0,41.6,21.5,0.0,S@5.9,12.1,90.2,72.3,13.1,0.0,707,30.15,"Waterville North, Waterville, Douglas County",330046,Waterville North,2017-11-30 22:13:32.680802
2016-08-12,15:15,83.5,83.3,41.3,22.5,0.0,SW@4.6,8.9,90.9,72.4,13.1,0.0,354,30.15,"Waterville North, Waterville, Douglas County",330046,Waterville North,2017-11-30 22:13:32.680802
2016-08-12,15:30,84.6,84.2,41.5,21.9,0.0,S@4.6,8.2,91.3,72.5,13.1,0.0,602,30.14,"Waterville North, Waterville, Douglas County",330046,Waterville North,2017-11-30 22:13:32.680802
2016-08-12,15:45,84.8,84.6,40.9,21.3,0.0,NW@3.3,6.0,91.5,72.6,13.1,0.0,559,30.14,"Waterville North, Waterville, Douglas County",330046,Waterville North,2017-11-30 22:13:32.680802
2016-08-12,16:00,85.2,85.3,40.6,20.8,0.0,NW@3.4,7.1,91.7,72.7,13.1,0.0,422,30.14,"Waterville North, Waterville, Douglas County",330046,Waterville North,2017-11-30 22:13:32.680802
2016-08-12,16:15,85.0,84.9,40.3,20.6,0.0,S@3.8,6.7,91.9,72.8,13.1,0.0,496,30.13,"Waterville North, Waterville, Douglas County",330046,Waterville North,2017-11-30 22:13:32.680802
2016-08-12,16:30,84.4,84.1,41.5,22.0,0.0,S@4.8,8.9,92.0,72.9,13.1,0.0,460,30.13,"Waterville North, Waterville, Douglas County",330046,Waterville North,2017-11-30 22:13:32.680802
2016-08-12,16:45,84.5,84.2,40.8,21.4,0.0,S@4.8,9.2,92.1,73.0,13.1,0.0,426,30.12,"Waterville North, Waterville, Douglas County",330046,Waterville North,2017-11-30 22:13:32.680802
2016-08-12,17:00,84.7,84.3,40.4,21.0,0.0,SE@4.0,9.6,92.2,73.1,13.1,0.0,370,30.12,"Waterville North, Waterville, Douglas County",330046,Waterville North,2017-11-30 22:13:32.680802
2016-08-12,17:15,84.6,84.3,40.6,21.2,0.0,S@3.5,7.1,92.1,73.2,13.1,0.0,317,30.12,"Waterville North, Waterville, Douglas County",330046,Waterville North,2017-11-30 22:13:32.680802
2016-08-12,17:30,84.6,84.4,41.0,21.5,0.0,SW@2.7,5.3,92.0,73.4,13.1,0.0,296,30.11,"Waterville North, Waterville, Douglas County",330046,Waterville North,2017-11-30 22:13:32.680802
2016-08-12,17:45,85.0,84.6,40.5,20.8,0.0,E@2.9,5.3,91.8,73.5,13.1,0.0,245,30.11,"Waterville North, Waterville, Douglas County",330046,Waterville North,2017-11-30 22:13:32.680802
2016-08-12,18:00,85.0,84.5,40.4,20.7,0.0,NE@2.0,4.6,91.6,73.6,13.1,0.0,195,30.11,"Waterville North, Waterville, Douglas County",330046,Waterville North,2017-11-30 22:13:32.680802
2016-08-12,18:15,84.1,83.5,40.7,21.6,0.0,SE@2.2,4.2,91.2,73.7,13.1,0.0,138,30.1,"Waterville North, Waterville, Douglas County",330046,Waterville North,2017-11-30 22:13:32.680802
2016-08-12,18:30,81.7,81.4,41.4,24.0,0.0,S@4.6,9.6,90.8,73.8,13.2,0.0,70,30.1,"Waterville North, Waterville, Douglas County",330046,Waterville North,2017-11-30 22:13:32.680802
2016-08-12,18:45,79.7,79.5,42.4,26.6,0.0,S@4.8,6.4,90.2,73.9,13.2,0.0,58,30.1,"Waterville North, Waterville, Douglas County",330046,Waterville North,2017-11-30 22:13:32.680802
2016-08-12,19:00,78.6,78.6,43.1,28.3,0.0,S@5.5,8.5,89.4,74.0,13.2,0.0,30,30.1,"Waterville North, Waterville, Douglas County",330046,Waterville North,2017-11-30 22:13:32.680802
2016-08-12,19:15,77.6,77.5,43.3,29.5,0.0,S@5.4,7.8,88.4,74.1,13.2,0.0,17,30.11,"Waterville North, Waterville, Douglas County",330046,Waterville North,2017-11-30 22:13:32.680802
2016-08-12,19:30,76.7,76.7,42.9,30.0,0.0,S@7.0,9.9,87.4,74.2,13.2,0.0,4,30.11,"Waterville North, Waterville, Douglas County",330046,Waterville North,2017-11-30 22:13:32.680802
2016-08-12,19:45,77.4,77.5,42.7,29.0,0.0,S@8.4,9.9,86.3,74.2,13.2,0.0,1,30.12,"Waterville North, Waterville, Douglas County",330046,Waterville North,2017-11-30 22:13:32.680802
2016-08-12,20:00,76.5,76.5,42.8,29.9,0.0,S@6.4,7.8,85.3,74.3,13.2,0.0,0,30.12,"Waterville North, Waterville, Douglas County",330046,Waterville North,2017-11-30 22:13:32.680802
2016-08-12,20:15,75.6,75.7,42.6,30.7,0.0,S@5.8,7.8,84.4,74.4,13.2,0.0,0,30.12,"Waterville North, Waterville, Douglas County",330046,Waterville North,2017-11-30 22:13:32.680802
2016-08-12,20:30,75.8,75.9,42.7,30.6,0.0,S@7.4,9.2,83.5,74.4,13.2,0.0,0,30.13,"Waterville North, Waterville, Douglas County",330046,Waterville North,2017-11-30 22:13:32.680802
2016-08-12,20:45,75.0,75.0,42.8,31.5,0.0,S@6.2,7.8,82.7,74.5,13.2,0.0,0,30.13,"Waterville North, Waterville, Douglas County",330046,Waterville North,2017-11-30 22:13:32.680802
2016-08-12,21:00,75.8,75.9,42.8,30.7,0.0,S@7.2,8.2,81.9,74.5,13.2,0.0,0,30.13,"Waterville North, Waterville, Douglas County",330046,Waterville North,2017-11-30 22:13:32.680802
2016-08-12,21:15,74.5,74.6,42.7,31.9,0.0,SW@6.0,8.9,81.2,74.5,13.2,0.0,0,30.13,"Waterville North, Waterville, Douglas County",330046,Waterville North,2017-11-30 22:13:32.680802
2016-08-12,21:30,75.2,75.4,42.9,31.4,0.0,S@7.1,9.9,80.6,74.5,13.2,0.0,0,30.13,"Waterville North, Waterville, Douglas County",330046,Waterville North,2017-11-30 22:13:32.680802
2016-08-12,21:45,74.9,74.9,42.9,31.8,0.0,S@7.6,9.9,80.0,74.6,13.2,0.0,0,30.12,"Waterville North, Waterville, Douglas County",330046,Waterville North,2017-11-30 22:13:32.680802
2016-08-12,22:00,74.7,74.9,43.0,32.0,0.0,S@8.1,9.2,79.5,74.6,13.2,0.0,0,30.12,"Waterville North, Waterville, Douglas County",330046,Waterville North,2017-11-30 22:13:32.680802
2016-08-12,22:15,74.6,74.7,43.1,32.3,0.0,S@7.1,8.2,79.0,74.6,13.2,0.0,0,30.12,"Waterville North, Waterville, Douglas County",330046,Waterville North,2017-11-30 22:13:32.680802
2016-08-12,22:30,74.7,74.7,43.1,32.2,0.0,S@7.8,9.2,78.5,74.6,13.2,0.0,0,30.13,"Waterville North, Waterville, Douglas County",330046,Waterville North,2017-11-30 22:13:32.680802
2016-08-12,22:45,75.2,75.3,43.0,31.6,0.0,S@8.5,9.6,78.1,74.6,13.2,0.0,0,30.13,"Waterville North, Waterville, Douglas County",330046,Waterville North,2017-11-30 22:13:32.680802
2016-08-12,23:00,74.3,74.4,43.1,32.6,0.0,S@6.4,8.2,77.7,74.5,13.2,0.0,0,30.13,"Waterville North, Waterville, Douglas County",330046,Waterville North,2017-11-30 22:13:32.680802
2016-08-13,23:15,73.8,74.0,43.1,33.1,0.0,SW@5.2,6.4,77.3,74.5,13.2,0.0,0,30.13,"Waterville North, Waterville, Douglas County",330046,Waterville North,2017-11-30 22:13:32.680802
2016-08-13,23:30,73.3,73.4,43.0,33.6,0.0,SW@4.3,6.0,77.0,74.5,13.2,0.0,0,30.13,"Waterville North, Waterville, Douglas County",330046,Waterville North,2017-11-30 22:13:32.680802
2016-08-13,23:45,72.9,73.0,42.9,34.0,0.0,SW@3.9,4.9,76.6,74.5,13.2,0.0,0,30.13,"Waterville North, Waterville, Douglas County",330046,Waterville North,2017-11-30 22:13:32.680802
2016-08-13,24:00,73.3,73.4,43.0,33.7,0.0,SW@4.3,5.3,76.3,74.4,13.2,0.0,0,30.12,"Waterville North, Waterville, Douglas County",330046,Waterville North,2017-11-30 22:13:32.680802
2016-08-13,00:15,72.9,73.0,43.0,34.1,0.0,SW@4.0,5.3,75.9,74.4,13.2,0.0,0,30.12,"Waterville North, Waterville, Douglas County",330046,Waterville North,2017-11-30 22:13:32.680802
2016-08-13,00:30,71.8,71.8,43.1,35.5,0.0,NW@3.1,4.6,75.6,74.4,13.2,0.0,0,30.12,"Waterville North, Waterville, Douglas County",330046,Waterville North,2017-11-30 22:13:32.680802
2016-08-13,00:45,72.2,72.2,43.8,36.1,0.0,NW@4.4,5.7,75.3,74.3,13.2,0.0,0,30.12,"Waterville North, Waterville, Douglas County",330046,Waterville North,2017-11-30 22:13:32.680802
2016-08-13,01:00,72.6,72.6,45.6,38.1,0.0,NW@4.3,5.3,75.0,74.3,13.2,0.0,0,30.12,"Waterville North, Waterville, Douglas County",330046,Waterville North,2017-11-30 22:13:32.680802
2016-08-13,01:15,71.1,71.1,45.4,39.7,0.0,NW@3.6,4.6,74.7,74.3,13.2,0.0,0,30.12,"Waterville North, Waterville, Douglas County",330046,Waterville North,2017-11-30 22:13:32.680802
2016-08-13,01:30,70.4,70.3,45.2,40.4,0.0,N@4.1,5.3,74.4,74.2,13.2,0.0,0,30.12,"Waterville North, Waterville, Douglas County",330046,Waterville North,2017-11-30 22:13:32.680802
2016-08-13,01:45,70.1,70.4,44.7,40.0,0.0,N@4.1,5.3,74.1,74.2,13.2,0.0,0,30.11,"Waterville North, Waterville, Douglas County",330046,Waterville North,2017-11-30 22:13:32.680802
2016-08-13,02:00,69.0,69.0,44.8,41.7,0.0,N@4.8,5.3,73.8,74.1,13.2,0.0,0,30.11,"Waterville North, Waterville, Douglas County",330046,Waterville North,2017-11-30 22:13:32.680802
2016-08-13,02:15,68.6,68.4,45.4,43.3,0.0,N@5.0,5.7,73.5,74.1,13.2,0.0,0,30.11,"Waterville North, Waterville, Douglas County",330046,Waterville North,2017-11-30 22:13:32.680802
2016-08-13,02:30,68.9,68.9,45.4,42.9,0.0,NW@5.2,6.4,73.2,74.0,13.2,0.0,0,30.11,"Waterville North, Waterville, Douglas County",330046,Waterville North,2017-11-30 22:13:32.680802
2016-08-13,02:45,68.2,68.2,45.9,44.8,0.0,NW@5.4,6.4,72.9,74.0,13.2,0.0,0,30.11,"Waterville North, Waterville, Douglas County",330046,Waterville North,2017-11-30 22:13:32.680802
2016-08-13,03:00,68.1,68.2,46.7,46.2,0.0,NW@4.9,5.7,72.6,73.9,13.2,0.0,0,30.11,"Waterville North, Waterville, Douglas County",330046,Waterville North,2017-11-30 22:13:32.680802
2016-08-13,03:15,67.7,67.7,46.8,47.1,0.0,N@5.5,6.4,72.3,73.9,13.2,0.0,0,30.11,"Waterville North, Waterville, Douglas County",330046,Waterville North,2017-11-30 22:13:32.680802
2016-08-13,03:30,66.5,66.6,47.0,49.4,0.0,N@5.7,6.7,72.1,73.8,13.2,0.0,0,30.11,"Waterville North, Waterville, Douglas County",330046,Waterville North,2017-11-30 22:13:32.680802
2016-08-13,03:45,66.7,66.6,47.1,49.2,0.0,N@5.7,6.7,71.9,73.8,13.2,0.0,0,30.11,"Waterville North, Waterville, Douglas County",330046,Waterville North,2017-11-30 22:13:32.680802
2016-08-13,04:00,66.2,66.2,47.0,50.0,0.0,NW@6.0,6.7,71.6,73.7,13.2,0.0,0,30.11,"Waterville North, Waterville, Douglas County",330046,Waterville North,2017-11-30 22:13:32.680802
2016-08-13,04:15,65.9,66.0,46.5,49.5,0.0,NW@6.1,7.1,71.4,73.7,13.2,0.0,0,30.11,"Waterville North, Waterville, Douglas County",330046,Waterville North,2017-11-30 22:13:32.680802
2016-08-13,04:30,65.4,65.5,45.9,49.3,0.0,NW@5.9,6.4,71.2,73.6,13.2,0.0,0,30.11,"Waterville North, Waterville, Douglas County",330046,Waterville North,2017-11-30 22:13:32.680802
2016-08-13,04:45,65.1,65.3,46.1,50.1,0.0,NW@6.0,6.7,71.1,73.6,13.2,0.0,2,30.11,"Waterville North, Waterville, Douglas County",330046,Waterville North,2017-11-30 22:13:32.680802
2016-08-13,05:00,64.8,64.9,46.0,50.6,0.0,N@6.1,6.7,70.9,73.5,13.2,0.0,6,30.11,"Waterville North, Waterville, Douglas County",330046,Waterville North,2017-11-30 22:13:32.680802
2016-08-13,05:15,64.3,64.6,45.7,50.7,0.0,N@6.2,6.7,70.7,73.4,13.2,0.0,17,30.11,"Waterville North, Waterville, Douglas County",330046,Waterville North,2017-11-30 22:13:32.680802
2016-08-13,05:30,64.3,64.6,45.4,50.2,0.0,N@6.3,6.7,70.5,73.4,13.2,0.0,33,30.11,"Waterville North, Waterville, Douglas County",330046,Waterville North,2017-11-30 22:13:32.680802
2016-08-13,05:45,64.6,64.9,45.3,49.5,0.0,NW@6.2,7.1,70.4,73.3,13.2,0.0,61,30.11,"Waterville North, Waterville, Douglas County",330046,Waterville North,2017-11-30 22:13:32.680802
2016-08-13,06:00,64.8,65.1,47.6,53.7,0.0,NW@7.2,7.8,70.2,73.3,13.2,0.0,106,30.11,"Waterville North, Waterville, Douglas County",330046,Waterville North,2017-11-30 22:13:32.680802
2016-08-13,06:15,66.3,66.6,48.9,53.4,0.0,NW@8.0,9.2,70.1,73.2,13.2,0.0,104,30.11,"Waterville North, Waterville, Douglas County",330046,Waterville North,2017-11-30 22:13:32.680802
2016-08-13,06:30,67.9,68.0,49.4,51.6,0.0,NW@8.7,12.1,70.0,73.1,13.1,0.0,136,30.11,"Waterville North, Waterville, Douglas County",330046,Waterville North,2017-11-30 22:13:32.680802
2016-08-13,06:45,69.3,69.5,49.5,49.2,0.0,N@8.3,11.4,70.1,73.1,13.1,0.0,217,30.12,"Waterville North, Waterville, Douglas County",330046,Waterville North,2017-11-30 22:13:32.680802
2016-08-13,07:00,70.3,70.6,49.6,47.8,0.0,N@7.5,9.6,70.2,73.0,13.1,0.0,253,30.12,"Waterville North, Waterville, Douglas County",330046,Waterville North,2017-11-30 22:13:32.680802
2016-08-13,07:15,70.3,70.6,49.2,47.2,0.0,N@6.4,8.2,70.4,72.9,13.1,0.0,162,30.12,"Waterville North, Waterville, Douglas County",330046,Waterville North,2017-11-30 22:13:32.680802
2016-08-13,07:30,70.4,70.6,49.2,47.0,0.0,N@5.8,7.1,70.7,72.9,13.1,0.0,169,30.12,"Waterville North, Waterville, Douglas County",330046,Waterville North,2017-11-30 22:13:32.680802
2016-08-13,07:45,71.1,71.6,49.3,46.0,0.0,NW@3.9,6.0,71.0,72.8,13.1,0.0,356,30.12,"Waterville North, Waterville, Douglas County",330046,Waterville North,2017-11-30 22:13:32.680802
2016-08-13,08:00,73.3,73.8,49.2,42.6,0.0,N@3.5,5.3,71.3,72.7,13.1,0.0,426,30.12,"Waterville North, Waterville, Douglas County",330046,Waterville North,2017-11-30 22:13:32.680802
2016-08-13,08:15,76.1,75.6,48.1,37.1,0.0,N@3.3,5.7,71.5,72.7,13.1,0.0,481,30.12,"Waterville North, Waterville, Douglas County",330046,Waterville North,2017-11-30 22:13:32.680802
2016-08-13,08:30,75.7,75.8,47.8,37.2,0.0,N@4.3,7.4,71.9,72.6,13.1,0.0,456,30.11,"Waterville North, Waterville, Douglas County",330046,Waterville North,2017-11-30 22:13:32.680802
2016-08-13,08:45,75.3,75.7,48.1,38.3,0.0,N@4.8,7.4,72.5,72.5,13.1,0.0,483,30.11,"Waterville North, Waterville, Douglas County",330046,Waterville North,2017-11-30 22:13:32.680802
2016-08-13,09:00,75.9,76.3,48.2,37.5,0.0,N@4.0,7.4,73.1,72.5,13.1,0.0,481,30.1,"Waterville North, Waterville, Douglas County",330046,Waterville North,2017-11-30 22:13:32.680802
2016-08-13,09:15,76.9,77.4,48.3,36.5,0.0,N@6.1,8.9,73.9,72.5,13.1,0.0,598,30.1,"Waterville North, Waterville, Douglas County",330046,Waterville North,2017-11-30 22:13:32.680802
2016-08-13,09:30,76.8,77.0,48.5,36.9,0.0,N@6.9,9.2,74.5,72.4,13.1,0.0,574,30.1,"Waterville North, Waterville, Douglas County",330046,Waterville North,2017-11-30 22:13:32.680802
2016-08-13,09:45,78.1,78.5,47.9,34.5,0.0,N@6.0,9.6,75.0,72.4,13.1,0.0,685,30.1,"Waterville North, Waterville, Douglas County",330046,Waterville North,2017-11-30 22:13:32.680802
2016-08-13,10:00,81.4,81.0,46.1,29.0,0.0,E@6.7,13.9,75.4,72.4,13.1,0.0,713,30.1,"Waterville North, Waterville, Douglas County",330046,Waterville North,2017-11-30 22:13:32.680802
2016-08-13,10:15,82.1,81.7,43.6,25.7,0.0,S@7.6,14.2,76.1,72.3,13.1,0.0,732,30.09,"Waterville North, Waterville, Douglas County",330046,Waterville North,2017-11-30 22:13:32.680802
2016-08-13,10:30,82.2,81.9,43.5,25.5,0.0,SE@9.0,17.1,77.0,72.4,13.1,0.0,648,30.09,"Waterville North, Waterville, Douglas County",330046,Waterville North,2017-11-30 22:13:32.680802
2016-08-13,10:45,83.4,83.0,43.3,24.4,0.0,SE@8.7,15.0,78.1,72.4,13.1,0.0,729,30.09,"Waterville North, Waterville, Douglas County",330046,Waterville North,2017-11-30 22:13:32.680802
2016-08-13,11:00,84.2,83.8,43.4,23.9,0.0,SE@6.8,14.2,79.1,72.4,13.1,0.0,784,30.08,"Waterville North, Waterville, Douglas County",330046,Waterville North,2017-11-30 22:13:32.680802
2016-08-13,11:15,84.5,84.1,43.0,23.3,0.0,SE@10.1,18.9,80.2,72.4,13.1,0.0,771,30.08,"Waterville North, Waterville, Douglas County",330046,Waterville North,2017-11-30 22:13:32.680802
2016-08-13,11:30,84.4,84.1,43.0,23.3,0.0,SE@10.0,15.7,81.3,72.4,13.1,0.0,718,30.08,"Waterville North, Waterville, Douglas County",330046,Waterville North,2017-11-30 22:13:32.680802
2016-08-13,11:45,86.2,85.8,42.9,22.0,0.0,S@6.8,15.7,82.4,72.5,13.1,0.0,744,30.08,"Waterville North, Waterville, Douglas County",330046,Waterville North,2017-11-30 22:13:32.680802
2016-08-13,12:00,85.6,85.3,41.8,21.4,0.0,S@10.6,16.7,83.4,72.5,13.1,0.0,829,30.07,"Waterville North, Waterville, Douglas County",330046,Waterville North,2017-11-30 22:13:32.680802
2016-08-13,12:15,85.8,85.4,41.7,21.3,0.0,S@11.1,17.5,84.3,72.6,13.1,0.0,863,30.07,"Waterville North, Waterville, Douglas County",330046,Waterville North,2017-11-30 22:13:32.680802
2016-08-13,12:30,85.4,85.2,41.6,21.4,0.0,S@8.6,15.0,85.3,72.6,13.1,0.0,800,30.06,"Waterville North, Waterville, Douglas County",330046,Waterville North,2017-11-30 22:13:32.680802
2016-08-13,12:45,86.5,86.0,41.8,20.8,0.0,S@9.4,16.4,86.2,72.7,13.1,0.0,838,30.06,"Waterville North, Waterville, Douglas County",330046,Waterville North,2017-11-30 22:13:32.680802
2016-08-13,13:00,88.0,87.6,41.3,19.5,0.0,S@8.9,16.7,87.1,72.8,13.1,0.0,851,30.06,"Waterville North, Waterville, Douglas County",330046,Waterville North,2017-11-30 22:13:32.680802
2016-08-13,13:15,87.6,87.1,38.5,17.7,0.0,S@11.0,18.9,88.0,72.8,13.1,0.0,815,30.06,"Waterville North, Waterville, Douglas County",330046,Waterville North,2017-11-30 22:13:32.680802
2016-08-13,13:30,87.1,86.6,38.5,18.0,0.0,S@12.4,20.7,88.8,72.9,13.1,0.0,824,30.05,"Waterville North, Waterville, Douglas County",330046,Waterville North,2017-11-30 22:13:32.680802
2016-08-13,13:45,86.9,86.5,38.8,18.3,0.0,S@10.9,18.9,89.5,73.0,13.1,0.0,700,30.05,"Waterville North, Waterville, Douglas County",330046,Waterville North,2017-11-30 22:13:32.680802
2016-08-13,14:00,86.5,86.1,40.8,20.1,0.0,S@10.3,20.7,90.1,73.0,13.1,0.0,691,30.04,"Waterville North, Waterville, Douglas County",330046,Waterville North,2017-11-30 22:13:32.680802
2016-08-13,14:15,87.8,87.5,41.8,20.0,0.0,S@7.0,14.2,90.6,73.1,13.1,0.0,776,30.04,"Waterville North, Waterville, Douglas County",330046,Waterville North,2017-11-30 22:13:32.680802
2016-08-13,14:30,86.9,86.6,42.1,20.8,0.0,S@9.3,15.7,91.0,73.3,13.1,0.0,589,30.04,"Waterville North, Waterville, Douglas County",330046,Waterville North,2017-11-30 22:13:32.680802
2016-08-13,14:45,86.9,86.5,42.3,21.0,0.0,SW@7.6,14.6,91.5,73.4,13.1,0.0,594,30.04,"Waterville North, Waterville, Douglas County",330046,Waterville North,2017-11-30 22:13:32.680802
2016-08-13,15:00,87.4,87.2,42.2,20.6,0.0,SW@5.2,11.0,91.8,73.5,13.1,0.0,536,30.03,"Waterville North, Waterville, Douglas County",330046,Waterville North,2017-11-30 22:13:32.680802
2016-08-13,15:15,86.8,86.6,42.2,21.0,0.0,SW@6.7,13.9,92.1,73.6,13.1,0.0,428,30.03,"Waterville North, Waterville, Douglas County",330046,Waterville North,2017-11-30 22:13:32.680802
2016-08-13,15:30,86.5,86.2,42.2,21.2,0.0,S@5.1,10.7,92.3,73.7,13.1,0.0,289,30.03,"Waterville North, Waterville, Douglas County",330046,Waterville North,2017-11-30 22:13:32.680802
2016-08-13,15:45,86.7,86.4,43.1,21.8,0.0,SW@4.3,8.2,92.2,73.8,13.1,0.0,441,30.02,"Waterville North, Waterville, Douglas County",330046,Waterville North,2017-11-30 22:13:32.680802
2016-08-13,16:00,87.9,87.7,43.3,21.1,0.0,SW@5.5,10.7,92.0,73.9,13.1,0.0,528,30.02,"Waterville North, Waterville, Douglas County",330046,Waterville North,2017-11-30 22:13:32.680802
2016-08-13,16:15,86.7,86.4,43.7,22.3,0.0,SW@7.2,12.8,91.9,74.0,13.1,0.0,413,30.02,"Waterville North, Waterville, Douglas County",330046,Waterville North,2017-11-30 22:13:32.680802
2016-08-13,16:30,86.4,86.1,43.9,22.7,0.0,W@5.1,9.2,92.0,74.1,13.1,0.0,353,30.02,"Waterville North, Waterville, Douglas County",330046,Waterville North,2017-11-30 22:13:32.680802
2016-08-13,16:45,86.1,85.8,44.6,23.5,0.0,S@6.3,11.0,92.0,74.2,13.1,0.0,367,30.02,"Waterville North, Waterville, Douglas County",330046,Waterville North,2017-11-30 22:13:32.680802
2016-08-13,17:00,86.0,85.8,44.8,23.8,0.0,W@4.6,8.9,91.8,74.3,13.1,0.0,344,30.01,"Waterville North, Waterville, Douglas County",330046,Waterville North,2017-11-30 22:13:32.680802
2016-08-13,17:15,86.2,86.1,43.5,22.5,0.0,W@6.6,12.4,91.7,74.4,13.1,0.0,317,30.01,"Waterville North, Waterville, Douglas County",330046,Waterville North,2017-11-30 22:13:32.680802
2016-08-13,17:30,85.0,84.9,40.3,20.7,0.0,W@10.1,15.3,91.5,74.5,13.2,0.0,257,30.01,"Waterville North, Waterville, Douglas County",330046,Waterville North,2017-11-30 22:13:32.680802
2016-08-13,17:45,83.8,83.7,40.2,21.4,0.0,W@9.4,15.7,91.3,74.6,13.2,0.0,137,30.0,"Waterville North, Waterville, Douglas County",330046,Waterville North,2017-11-30 22:13:32.680802
2016-08-13,18:00,82.2,82.2,40.4,22.6,0.0,NW@10.2,14.6,90.8,74.7,13.2,0.0,92,30.0,"Waterville North, Waterville, Douglas County",330046,Waterville North,2017-11-30 22:13:32.680802
2016-08-13,18:15,81.4,81.4,39.4,22.4,0.0,NW@8.9,11.4,90.2,74.8,13.2,0.0,95,30.0,"Waterville North, Waterville, Douglas County",330046,Waterville North,2017-11-30 22:13:32.680802
2016-08-13,18:30,81.2,81.1,38.1,21.5,0.0,W@8.6,12.1,89.4,74.9,13.2,0.0,86,30.0,"Waterville North, Waterville, Douglas County",330046,Waterville North,2017-11-30 22:13:32.680802
2016-08-13,18:45,80.7,80.6,37.2,21.0,0.0,W@6.3,10.7,88.6,75.0,13.2,0.0,55,30.0,"Waterville North, Waterville, Douglas County",330046,Waterville North,2017-11-30 22:13:32.680802
2016-08-13,19:00,79.8,79.6,37.1,21.6,0.0,SW@4.6,7.4,87.7,75.1,13.2,0.0,52,30.01,"Waterville North, Waterville, Douglas County",330046,Waterville North,2017-11-30 22:13:32.680802
2016-08-13,19:15,78.1,78.0,37.4,23.0,0.0,SW@4.4,7.1,86.9,75.2,13.2,0.0,21,30.01,"Waterville North, Waterville, Douglas County",330046,Waterville North,2017-11-30 22:13:32.680802
2016-08-13,19:30,76.4,76.4,37.2,24.2,0.0,SW@4.8,7.4,86.1,75.2,13.2,0.0,5,30.01,"Waterville North, Waterville, Douglas County",330046,Waterville North,2017-11-30 22:13:32.680802
2016-08-13,19:45,76.1,76.2,36.5,23.8,0.0,SW@6.1,9.2,85.2,75.3,13.2,0.0,1,30.02,"Waterville North, Waterville, Douglas County",330046,Waterville North,2017-11-30 22:13:32.680802
2016-08-13,20:00,76.0,76.1,36.3,23.7,0.0,W@6.2,9.6,84.4,75.4,13.2,0.0,0,30.02,"Waterville North, Waterville, Douglas County",330046,Waterville North,2017-11-30 22:13:32.680802
2016-08-13,20:15,75.2,75.2,37.1,25.1,0.0,W@6.8,9.9,83.6,75.4,13.2,0.0,0,30.02,"Waterville North, Waterville, Douglas County",330046,Waterville North,2017-11-30 22:13:32.680802
2016-08-13,20:30,75.1,75.2,38.0,26.1,0.0,W@7.7,10.7,82.8,75.5,13.2,0.0,0,30.02,"Waterville North, Waterville, Douglas County",330046,Waterville North,2017-11-30 22:13:32.680802
2016-08-13,20:45,74.9,75.0,39.0,27.3,0.0,W@7.6,11.0,82.1,75.5,13.2,0.0,0,30.02,"Waterville North, Waterville, Douglas County",330046,Waterville North,2017-11-30 22:13:32.680802
2016-08-13,21:00,75.1,75.3,39.7,27.9,0.0,W@9.6,14.2,81.5,75.5,13.2,0.0,0,30.02,"Waterville North, Waterville, Douglas County",330046,Waterville North,2017-11-30 22:13:32.680802
2016-08-13,21:15,74.8,74.9,41.2,29.9,0.0,W@8.0,12.4,80.9,75.5,13.2,0.0,0,30.02,"Waterville North, Waterville, Douglas County",330046,Waterville North,2017-11-30 22:13:32.680802
2016-08-13,21:30,73.7,73.8,41.6,31.4,0.0,W@6.2,10.3,80.3,75.5,13.2,0.0,0,30.02,"Waterville North, Waterville, Douglas County",330046,Waterville North,2017-11-30 22:13:32.680802
2016-08-13,21:45,73.4,73.5,42.6,33.0,0.0,W@7.1,11.4,79.9,75.5,13.2,0.0,0,30.02,"Waterville North, Waterville, Douglas County",330046,Waterville North,2017-11-30 22:13:32.680802
2016-08-13,22:00,72.6,72.7,44.3,36.1,0.0,W@7.7,10.7,79.4,75.5,13.2,0.0,0,30.02,"Waterville North, Waterville, Douglas County",330046,Waterville North,2017-11-30 22:13:32.680802
2016-08-13,22:15,72.6,72.7,45.5,38.0,0.0,W@7.6,11.0,78.9,75.5,13.2,0.0,0,30.02,"Waterville North, Waterville, Douglas County",330046,Waterville North,2017-11-30 22:13:32.680802
2016-08-13,22:30,71.8,71.9,46.5,40.5,0.0,W@8.0,10.7,78.5,75.5,13.2,0.0,0,30.02,"Waterville North, Waterville, Douglas County",330046,Waterville North,2017-11-30 22:13:32.680802
2016-08-13,22:45,71.2,71.4,46.9,41.8,0.0,W@7.2,11.0,78.1,75.5,13.2,0.0,0,30.01,"Waterville North, Waterville, Douglas County",330046,Waterville North,2017-11-30 22:13:32.680802
2016-08-13,23:00,71.1,71.2,47.1,42.3,0.0,W@7.8,11.4,77.8,75.5,13.2,0.0,0,30.01,"Waterville North, Waterville, Douglas County",330046,Waterville North,2017-11-30 22:13:32.680802
2016-08-14,23:15,71.3,71.4,47.6,42.9,0.0,W@8.9,12.4,77.4,75.4,13.2,0.0,0,30.01,"Waterville North, Waterville, Douglas County",330046,Waterville North,2017-11-30 22:13:32.680802
2016-08-14,23:30,70.8,70.9,48.0,44.2,0.0,W@9.4,12.8,77.0,75.4,13.2,0.0,0,30.01,"Waterville North, Waterville, Douglas County",330046,Waterville North,2017-11-30 22:13:32.680802
2016-08-14,23:45,69.9,70.0,48.0,45.5,0.0,NW@7.6,11.7,76.7,75.4,13.2,0.0,0,30.01,"Waterville North, Waterville, Douglas County",330046,Waterville North,2017-11-30 22:13:32.680802
2016-08-14,24:00,68.1,68.1,47.8,48.1,0.0,N@6.8,10.3,76.4,75.3,13.2,0.0,0,30.01,"Waterville North, Waterville, Douglas County",330046,Waterville North,2017-11-30 22:13:32.680802
2016-08-14,00:15,67.8,67.8,48.0,49.0,0.0,N@8.2,10.7,76.1,75.3,13.2,0.0,0,30.01,"Waterville North, Waterville, Douglas County",330046,Waterville North,2017-11-30 22:13:32.680802
2016-08-14,00:30,69.5,69.6,48.0,46.2,0.0,N@12.6,19.6,75.8,75.2,13.2,0.0,0,30.01,"Waterville North, Waterville, Douglas County",330046,Waterville North,2017-11-30 22:13:32.680802
2016-08-14,00:45,69.6,69.7,48.0,46.2,0.0,NW@9.9,15.0,75.4,75.2,13.2,0.0,0,30.01,"Waterville North, Waterville, Douglas County",330046,Waterville North,2017-11-30 22:13:32.680802
2016-08-14,01:00,68.1,68.2,48.1,48.7,0.0,NW@7.9,10.3,75.1,75.2,13.2,0.0,0,30.01,"Waterville North, Waterville, Douglas County",330046,Waterville North,2017-11-30 22:13:32.680802
2016-08-14,01:15,67.1,67.2,48.1,50.5,0.0,NW@7.4,9.9,74.8,75.1,13.2,0.0,0,30.0,"Waterville North, Waterville, Douglas County",330046,Waterville North,2017-11-30 22:13:32.680802
2016-08-14,01:30,66.8,66.9,47.8,50.4,0.0,W@7.1,9.6,74.5,75.1,13.2,0.0,0,30.01,"Waterville North, Waterville, Douglas County",330046,Waterville North,2017-11-30 22:13:32.680802
2016-08-14,01:45,67.3,67.4,47.2,48.4,0.0,W@6.4,8.5,74.3,75.0,13.2,0.0,0,30.0,"Waterville North, Waterville, Douglas County",330046,Waterville North,2017-11-30 22:13:32.680802
2016-08-14,02:00,66.2,66.3,46.9,49.6,0.0,NW@6.9,8.2,74.0,75.0,13.2,0.0,0,30.01,"Waterville North, Waterville, Douglas County",330046,Waterville North,2017-11-30 22:13:32.680802
2016-08-14,02:15,66.9,67.1,46.4,47.7,0.0,NW@6.5,7.4,73.7,74.9,13.2,0.0,0,30.0,"Waterville North, Waterville, Douglas County",330046,Waterville North,2017-11-30 22:13:32.680802
2016-08-14,02:30,66.0,66.1,45.9,48.2,0.0,NW@6.7,7.8,73.5,74.9,13.2,0.0,0,30.0,"Waterville North, Waterville, Douglas County",330046,Waterville North,2017-11-30 22:13:32.680802
2016-08-14,02:45,65.2,65.4,45.7,49.1,0.0,NW@6.1,7.8,73.2,74.8,13.2,0.0,0,30.0,"Waterville North, Waterville, Douglas County",330046,Waterville North,2017-11-30 22:13:32.680802
2016-08-14,03:00,64.2,64.4,45.4,50.3,0.0,NW@5.8,7.4,72.9,74.8,13.2,0.0,0,30.0,"Waterville North, Waterville, Douglas County",330046,Waterville North,2017-11-30 22:13:32.680802
2016-08-14,03:15,63.5,63.6,45.3,51.6,0.0,NW@6.9,8.2,72.6,74.7,13.2,0.0,0,30.0,"Waterville North, Waterville, Douglas County",330046,Waterville North,2017-11-30 22:13:32.680802
2016-08-14,03:30,63.8,63.9,45.5,51.1,0.0,NW@6.3,7.8,72.4,74.7,13.2,0.0,0,30.0,"Waterville North, Waterville, Douglas County",330046,Waterville North,2017-11-30 22:13:32.680802
2016-08-14,03:45,65.0,65.1,45.6,49.5,0.0,NW@6.5,7.4,72.1,74.6,13.2,0.0,0,30.0,"Waterville North, Waterville, Douglas County",330046,Waterville North,2017-11-30 22:13:32.680802
2016-08-14,04:00,65.6,65.7,45.4,48.0,0.0,NW@7.1,7.8,71.8,74.5,13.2,0.0,0,30.0,"Waterville North, Waterville, Douglas County",330046,Waterville North,2017-11-30 22:13:32.680802
2016-08-14,04:15,65.5,65.6,45.5,48.4,0.0,NW@7.5,9.2,71.5,74.5,13.2,0.0,0,30.0,"Waterville North, Waterville, Douglas County",330046,Waterville North,2017-11-30 22:13:32.680802
2016-08-14,04:30,64.3,64.3,44.9,49.4,0.0,NW@5.7,9.2,71.3,74.4,13.2,0.0,0,30.01,"Waterville North, Waterville, Douglas County",330046,Waterville North,2017-11-30 22:13:32.680802
2016-08-14,04:45,63.0,63.0,44.6,51.0,0.0,NW@5.3,6.0,71.1,74.3,13.2,0.0,1,30.01,"Waterville North, Waterville, Douglas County",330046,Waterville North,2017-11-30 22:13:32.680802
2016-08-14,05:00,62.9,62.9,44.7,51.4,0.0,NW@4.0,5.7,70.8,74.3,13.2,0.0,4,30.01,"Waterville North, Waterville, Douglas County",330046,Waterville North,2017-11-30 22:13:32.680802
2016-08-14,05:15,63.8,64.0,44.7,49.7,0.0,NW@6.4,7.4,70.6,74.2,13.2,0.0,17,30.01,"Waterville North, Waterville, Douglas County",330046,Waterville North,2017-11-30 22:13:32.680802
2016-08-14,05:30,63.6,63.9,44.1,49.0,0.0,NW@6.7,8.5,70.3,74.1,13.2,0.0,46,30.02,"Waterville North, Waterville, Douglas County",330046,Waterville North,2017-11-30 22:13:32.680802
2016-08-14,05:45,63.9,64.2,44.0,48.4,0.0,NW@9.0,10.3,70.1,74.1,13.2,0.0,75,30.02,"Waterville North, Waterville, Douglas County",330046,Waterville North,2017-11-30 22:13:32.680802
2016-08-14,06:00,64.4,64.9,44.3,47.8,0.0,N@9.5,11.7,69.9,74.0,13.1,0.0,108,30.02,"Waterville North, Waterville, Douglas County",330046,Waterville North,2017-11-30 22:13:32.680802
2016-08-14,06:15,66.0,66.5,43.5,43.9,0.0,N@10.7,12.8,69.7,73.9,13.1,0.0,145,30.02,"Waterville North, Waterville, Douglas County",330046,Waterville North,2017-11-30 22:13:32.680802
2016-08-14,06:30,67.1,67.3,43.0,41.6,0.0,NW@10.6,12.8,69.6,73.8,13.1,0.0,184,30.02,"Waterville North, Waterville, Douglas County",330046,Waterville North,2017-11-30 22:13:32.680802
2016-08-14,06:45,67.6,67.8,43.2,41.2,0.0,NW@9.8,12.1,69.6,73.8,13.1,0.0,220,30.03,"Waterville North, Waterville, Douglas County",330046,Waterville North,2017-11-30 22:13:32.680802
2016-08-14,07:00,68.3,68.5,43.5,40.7,0.0,NW@10.1,12.8,69.6,73.7,13.1,0.0,270,30.03,"Waterville North, Waterville, Douglas County",330046,Waterville North,2017-11-30 22:13:32.680802
2016-08-14,07:15,68.7,69.0,42.7,38.9,0.0,N@10.5,13.2,69.7,73.6,13.1,0.0,302,30.03,"Waterville North, Waterville, Douglas County",330046,Waterville North,2017-11-30 22:13:32.680802
2016-08-14,07:30,68.9,69.3,42.2,37.9,0.0,N@10.4,12.8,69.9,73.5,13.1,0.0,326,30.03,"Waterville North, Waterville, Douglas County",330046,Waterville North,2017-11-30 22:13:32.680802
2016-08-14,07:45,70.2,70.6,42.6,36.7,0.0,N@7.1,10.3,70.1,73.5,13.1,0.0,387,30.03,"Waterville North, Waterville, Douglas County",330046,Waterville North,2017-11-30 22:13:32.680802
2016-08-14,08:00,71.3,72.1,42.3,35.0,0.0,N@7.1,9.6,70.4,73.4,13.1,0.0,458,30.03,"Waterville North, Waterville, Douglas County",330046,Waterville North,2017-11-30 22:13:32.680802
2016-08-14,08:15,72.1,72.6,42.0,33.7,0.0,N@7.0,9.2,70.7,73.3,13.1,0.0,419,30.03,"Waterville North, Waterville, Douglas County",330046,Waterville North,2017-11-30 22:13:32.680802
2016-08-14,08:30,72.3,72.5,41.7,33.0,0.0,N@8.0,10.7,71.2,73.3,13.1,0.0,505,30.03,"Waterville North, Waterville, Douglas County",330046,Waterville North,2017-11-30 22:13:32.680802
2016-08-14,08:45,73.4,73.3,41.5,31.7,0.0,N@8.3,11.4,71.8,73.2,13.1,0.0,564,30.03,"Waterville North, Waterville, Douglas County",330046,Waterville North,2017-11-30 22:13:32.680802
2016-08-14,09:00,74.3,74.6,41.5,30.7,0.0,N@7.3,10.7,72.4,73.2,13.1,0.0,605,30.03,"Waterville North, Waterville, Douglas County",330046,Waterville North,2017-11-30 22:13:32.680802
2016-08-14,09:15,74.3,74.7,41.1,30.2,0.0,N@7.4,9.9,73.0,73.1,13.1,0.0,539,30.03,"Waterville North, Waterville, Douglas County",330046,Waterville North,2017-11-30 22:13:32.680802
2016-08-14,09:30,75.2,75.6,39.8,27.9,0.0,N@8.2,12.4,73.6,73.1,13.1,0.0,671,30.02,"Waterville North, Waterville, Douglas County",330046,Waterville North,2017-11-30 22:13:32.680802
2016-08-14,09:45,76.2,76.5,39.5,26.7,0.0,N@10.2,13.9,74.0,73.0,13.1,0.0,698,30.02,"Waterville North, Waterville, Douglas County",330046,Waterville North,2017-11-30 22:13:32.680802
2016-08-14,10:00,76.6,76.9,38.4,25.2,0.0,N@9.1,12.1,74.4,73.0,13.1,0.0,718,30.02,"Waterville North, Waterville, Douglas County",330046,Waterville North,2017-11-30 22:13:32.680802
2016-08-14,10:15,78.1,78.1,35.0,20.9,0.0,N@9.0,12.1,75.0,73.0,13.1,0.0,746,30.02,"Waterville North, Waterville, Douglas County",330046,Waterville North,2017-11-30 22:13:32.680802
2016-08-14,10:30,78.7,79.0,35.0,20.5,0.0,N@9.6,12.4,75.8,73.0,13.1,0.0,756,30.02,"Waterville North, Waterville, Douglas County",330046,Waterville North,2017-11-30 22:13:32.680802
2016-08-14,10:45,79.2,79.5,34.3,19.6,0.0,N@8.4,11.7,76.8,73.0,13.1,0.0,790,30.02,"Waterville North, Waterville, Douglas County",330046,Waterville North,2017-11-30 22:13:32.680802
2016-08-14,11:00,80.8,81.1,33.7,18.3,0.0,N@5.5,9.6,78.0,73.0,13.1,0.0,807,30.02,"Waterville North, Waterville, Douglas County",330046,Waterville North,2017-11-30 22:13:32.680802
2016-08-14,11:15,81.7,81.9,34.9,18.6,0.0,N@9.1,12.8,79.2,73.0,13.1,0.0,821,30.01,"Waterville North, Waterville, Douglas County",330046,Waterville North,2017-11-30 22:13:32.680802
2016-08-14,11:30,81.4,81.6,34.9,18.7,0.0,N@7.5,11.4,80.4,73.0,13.1,0.0,831,30.01,"Waterville North, Waterville, Douglas County",330046,Waterville North,2017-11-30 22:13:32.680802
2016-08-14,11:45,82.6,82.7,34.9,18.0,0.0,N@6.3,9.9,81.7,73.0,13.1,0.0,838,30.01,"Waterville North, Waterville, Douglas County",330046,Waterville North,2017-11-30 22:13:32.680802
2016-08-14,12:00,83.1,83.4,34.3,17.3,0.0,NW@5.0,8.9,82.9,73.1,13.1,0.0,847,30.01,"Waterville North, Waterville, Douglas County",330046,Waterville North,2017-11-30 22:13:32.680802
2016-08-14,12:15,82.1,82.4,33.6,17.4,0.0,NW@7.7,13.2,84.2,73.1,13.1,0.0,853,30.01,"Waterville North, Waterville, Douglas County",330046,Waterville North,2017-11-30 22:13:32.680802
2016-08-14,12:30,84.3,84.1,29.4,13.7,0.0,W@6.7,11.4,85.4,73.2,13.1,0.0,848,30.01,"Waterville North, Waterville, Douglas County",330046,Waterville North,2017-11-30 22:13:32.680802
2016-08-14,12:45,85.7,85.4,27.2,11.9,0.0,SW@5.6,10.3,86.5,73.2,13.1,0.0,854,30.01,"Waterville North, Waterville, Douglas County",330046,Waterville North,2017-11-30 22:13:32.680802
2016-08-14,13:00,84.8,84.7,27.3,12.3,0.0,SW@4.5,9.9,87.5,73.3,13.1,0.0,844,30.01,"Waterville North, Waterville, Douglas County",330046,Waterville North,2017-11-30 22:13:32.680802
2016-08-14,13:15,86.2,85.8,27.6,12.0,0.0,SW@7.5,13.2,88.5,73.4,13.1,0.0,835,30.0,"Waterville North, Waterville, Douglas County",330046,Waterville North,2017-11-30 22:13:32.680802
2016-08-14,13:30,87.6,87.3,26.5,10.9,0.0,S@5.0,10.3,89.5,73.4,13.1,0.0,827,30.0,"Waterville North, Waterville, Douglas County",330046,Waterville North,2017-11-30 22:13:32.680802
2016-08-14,13:45,86.4,86.2,28.3,12.2,0.0,W@6.9,19.2,90.3,73.5,13.1,0.0,811,30.0,"Waterville North, Waterville, Douglas County",330046,Waterville North,2017-11-30 22:13:32.680802
2016-08-14,14:00,87.3,87.1,26.5,11.0,0.0,SW@6.1,11.0,91.1,73.6,13.1,0.0,778,30.0,"Waterville North, Waterville, Douglas County",330046,Waterville North,2017-11-30 22:13:32.680802
2016-08-14,14:15,86.4,86.5,25.8,11.0,0.0,W@6.6,12.1,91.8,73.6,13.1,0.0,775,30.0,"Waterville North, Waterville, Douglas County",330046,Waterville North,2017-11-30 22:13:32.680802
2016-08-14,14:30,87.2,86.8,25.3,10.6,0.0,S@7.2,12.8,92.5,73.7,13.1,0.0,707,29.99,"Waterville North, Waterville, Douglas County",330046,Waterville North,2017-11-30 22:13:32.680802
2016-08-14,14:45,87.5,87.5,28.0,11.7,0.0,NW@5.1,13.2,93.0,73.8,13.1,0.0,704,29.99,"Waterville North, Waterville, Douglas County",330046,Waterville North,2017-11-30 22:13:32.680802
2016-08-14,15:00,87.2,86.9,29.5,12.5,0.0,SW@5.4,11.7,93.5,73.9,13.1,0.0,694,29.99,"Waterville North, Waterville, Douglas County",330046,Waterville North,2017-11-30 22:13:32.680802
2016-08-14,15:15,87.5,87.2,31.4,13.4,0.0,SW@7.5,15.0,93.9,74.0,13.1,0.0,586,29.98,"Waterville North, Waterville, Douglas County",330046,Waterville North,2017-11-30 22:13:32.680802
2016-08-14,15:30,86.9,86.8,31.9,13.9,0.0,W@7.5,16.4,94.2,74.2,13.1,0.0,563,29.98,"Waterville North, Waterville, Douglas County",330046,Waterville North,2017-11-30 22:13:32.680802
2016-08-14,15:45,86.7,86.5,32.5,14.4,0.0,W@11.3,17.5,94.4,74.3,13.1,0.0,595,29.98,"Waterville North, Waterville, Douglas County",330046,Waterville North,2017-11-30 22:13:32.680802
2016-08-14,16:00,86.3,86.1,32.6,14.6,0.0,W@10.1,15.0,94.4,74.4,13.1,0.0,537,29.97,"Waterville North, Waterville, Douglas County",330046,Waterville North,2017-11-30 22:13:32.680802
2016-08-14,16:15,85.9,85.7,34.5,16.0,0.0,W@11.0,16.0,94.3,74.5,13.1,0.0,498,29.97,"Waterville North, Waterville, Douglas County",330046,Waterville North,2017-11-30 22:13:32.680802
2016-08-14,16:30,85.4,85.1,36.1,17.3,0.0,W@10.9,15.3,94.1,74.7,13.1,0.0,453,29.97,"Waterville North, Waterville, Douglas County",330046,Waterville North,2017-11-30 22:13:32.680802
2016-08-14,16:45,84.3,84.1,39.0,20.0,0.0,W@10.9,15.7,93.8,74.8,13.1,0.0,407,29.97,"Waterville North, Waterville, Douglas County",330046,Waterville North,2017-11-30 22:13:32.680802
2016-08-14,17:00,83.7,83.5,39.4,20.8,0.0,W@11.2,16.4,93.5,74.9,13.1,0.0,364,29.97,"Waterville North, Waterville, Douglas County",330046,Waterville North,2017-11-30 22:13:32.680802
2016-08-14,17:15,83.0,82.8,41.6,23.1,0.0,W@10.6,15.0,93.1,75.0,13.1,0.0,319,29.97,"Waterville North, Waterville, Douglas County",330046,Waterville North,2017-11-30 22:13:32.680802
2016-08-14,17:30,82.4,82.1,42.3,24.3,0.0,W@9.2,14.2,92.6,75.1,13.1,0.0,276,29.97,"Waterville North, Waterville, Douglas County",330046,Waterville North,2017-11-30 22:13:32.680802
2016-08-14,17:45,82.0,81.7,42.7,24.9,0.0,W@8.5,13.5,92.1,75.2,13.1,0.0,228,29.97,"Waterville North, Waterville, Douglas County",330046,Waterville North,2017-11-30 22:13:32.680802
2016-08-14,18:00,81.2,81.0,43.4,26.3,0.0,W@7.7,12.8,91.6,75.4,13.1,0.0,191,29.98,"Waterville North, Waterville, Douglas County",330046,Waterville North,2017-11-30 22:13:32.680802
2016-08-14,18:15,80.3,80.0,44.0,27.8,0.0,W@8.2,13.9,91.0,75.5,13.2,0.0,150,29.97,"Waterville North, Waterville, Douglas County",330046,Waterville North,2017-11-30 22:13:32.680802
2016-08-14,18:30,79.4,79.1,44.1,28.7,0.0,W@8.3,12.8,90.4,75.6,13.2,0.0,114,29.98,"Waterville North, Waterville, Douglas County",330046,Waterville North,2017-11-30 22:13:32.680802
2016-08-14,18:45,78.4,78.1,44.2,29.7,0.0,W@8.2,12.1,89.7,75.7,13.2,0.0,77,29.98,"Waterville North, Waterville, Douglas County",330046,Waterville North,2017-11-30 22:13:32.680802
2016-08-14,19:00,77.1,77.0,44.4,31.2,0.0,W@9.5,15.0,88.9,75.7,13.2,0.0,40,29.98,"Waterville North, Waterville, Douglas County",330046,Waterville North,2017-11-30 22:13:32.680802
2016-08-14,19:15,75.7,75.7,44.6,33.0,0.0,W@10.5,14.6,88.1,75.8,13.2,0.0,11,29.98,"Waterville North, Waterville, Douglas County",330046,Waterville North,2017-11-30 22:13:32.680802
2016-08-14,19:30,74.8,74.9,44.6,33.9,0.0,W@9.8,14.6,87.1,75.9,13.2,0.0,2,29.98,"Waterville North, Waterville, Douglas County",330046,Waterville North,2017-11-30 22:13:32.680802
2016-08-14,19:45,73.9,74.0,44.5,34.9,0.0,W@6.7,11.7,86.1,76.0,13.2,0.0,1,29.99,"Waterville North, Waterville, Douglas County",330046,Waterville North,2017-11-30 22:13:32.680802
2016-08-14,20:00,72.1,72.1,44.0,36.5,0.0,SW@3.9,7.1,85.2,76.0,13.2,0.0,0,30.0,"Waterville North, Waterville, Douglas County",330046,Waterville North,2017-11-30 22:13:32.680802
2016-08-14,20:15,71.5,71.6,44.2,37.5,0.0,W@7.4,12.4,84.3,76.1,13.2,0.0,0,30.0,"Waterville North, Waterville, Douglas County",330046,Waterville North,2017-11-30 22:13:32.680802
2016-08-14,20:30,71.9,72.0,44.6,37.6,0.0,W@8.3,13.5,83.4,76.1,13.2,0.0,0,30.0,"Waterville North, Waterville, Douglas County",330046,Waterville North,2017-11-30 22:13:32.680802
2016-08-14,20:45,70.6,70.7,44.7,39.3,0.0,NW@8.1,11.7,82.6,76.1,13.2,0.0,0,30.0,"Waterville North, Waterville, Douglas County",330046,Waterville North,2017-11-30 22:13:32.680802
2016-08-14,21:00,70.2,70.3,44.2,39.2,0.0,NW@9.9,12.4,81.9,76.1,13.2,0.0,0,30.0,"Waterville North, Waterville, Douglas County",330046,Waterville North,2017-11-30 22:13:32.680802
2016-08-14,21:15,70.1,70.2,44.0,39.0,0.0,W@7.8,11.0,81.2,76.1,13.2,0.0,0,30.01,"Waterville North, Waterville, Douglas County",330046,Waterville North,2017-11-30 22:13:32.680802
2016-08-14,21:30,69.3,69.4,43.8,39.7,0.0,NW@9.2,11.7,80.5,76.1,13.2,0.0,0,30.01,"Waterville North, Waterville, Douglas County",330046,Waterville North,2017-11-30 22:13:32.680802
2016-08-14,21:45,69.0,69.2,43.6,39.7,0.0,NW@9.1,12.4,79.9,76.1,13.2,0.0,0,30.01,"Waterville North, Waterville, Douglas County",330046,Waterville North,2017-11-30 22:13:32.680802
2016-08-14,22:00,68.4,68.5,43.4,40.3,0.0,W@6.0,9.6,79.3,76.1,13.2,0.0,0,30.01,"Waterville North, Waterville, Douglas County",330046,Waterville North,2017-11-30 22:13:32.680802
2016-08-14,22:15,68.2,68.3,43.0,40.0,0.0,W@5.0,6.4,78.8,76.1,13.2,0.0,0,30.02,"Waterville North, Waterville, Douglas County",330046,Waterville North,2017-11-30 22:13:32.680802
2016-08-14,22:30,68.1,68.2,42.8,39.8,0.0,W@6.5,8.5,78.3,76.1,13.2,0.0,0,30.02,"Waterville North, Waterville, Douglas County",330046,Waterville North,2017-11-30 22:13:32.680802
2016-08-14,22:45,67.4,67.5,42.8,40.8,0.0,NW@6.6,8.5,77.8,76.1,13.2,0.0,0,30.02,"Waterville North, Waterville, Douglas County",330046,Waterville North,2017-11-30 22:13:32.680802
2016-08-14,23:00,66.7,66.8,42.8,41.9,0.0,NW@6.9,8.5,77.3,76.0,13.2,0.0,0,30.02,"Waterville North, Waterville, Douglas County",330046,Waterville North,2017-11-30 22:13:32.680802
2016-08-15,23:15,66.7,66.8,42.7,41.7,0.0,NW@7.3,9.6,76.8,76.0,13.2,0.0,0,30.02,"Waterville North, Waterville, Douglas County",330046,Waterville North,2017-11-30 22:13:32.680802
2016-08-15,23:30,67.3,67.5,42.4,40.4,0.0,NW@6.7,8.9,76.4,76.0,13.2,0.0,0,30.02,"Waterville North, Waterville, Douglas County",330046,Waterville North,2017-11-30 22:13:32.680802
2016-08-15,23:45,67.0,67.1,42.2,40.4,0.0,NW@5.5,7.1,76.0,75.9,13.2,0.0,0,30.03,"Waterville North, Waterville, Douglas County",330046,Waterville North,2017-11-30 22:13:32.680802
2016-08-15,24:00,66.3,66.4,41.7,40.7,0.0,NW@5.4,7.1,75.6,75.9,13.2,0.0,0,30.03,"Waterville North, Waterville, Douglas County",330046,Waterville North,2017-11-30 22:13:32.680802
2016-08-15,00:15,66.6,66.7,41.5,39.8,0.0,NW@5.0,6.7,75.2,75.8,13.2,0.0,0,30.03,"Waterville North, Waterville, Douglas County",330046,Waterville North,2017-11-30 22:13:32.680802
2016-08-15,00:30,65.2,65.3,41.4,41.7,0.0,NW@6.0,7.4,74.8,75.8,13.2,0.0,0,30.03,"Waterville North, Waterville, Douglas County",330046,Waterville North,2017-11-30 22:13:32.680802
2016-08-15,00:45,64.7,64.8,41.2,42.1,0.0,NW@6.0,7.8,74.4,75.7,13.2,0.0,0,30.03,"Waterville North, Waterville, Douglas County",330046,Waterville North,2017-11-30 22:13:32.680802
2016-08-15,01:00,65.3,65.4,41.2,41.3,0.0,NW@7.1,9.2,74.1,75.7,13.2,0.0,0,30.03,"Waterville North, Waterville, Douglas County",330046,Waterville North,2017-11-30 22:13:32.680802
2016-08-15,01:15,66.5,66.7,41.2,39.5,0.0,NW@6.0,7.1,73.7,75.6,13.2,0.0,0,30.03,"Waterville North, Waterville, Douglas County",330046,Waterville North,2017-11-30 22:13:32.680802
2016-08-15,01:30,64.3,64.4,41.3,43.0,0.0,NW@5.7,7.1,73.4,75.6,13.2,0.0,0,30.03,"Waterville North, Waterville, Douglas County",330046,Waterville North,2017-11-30 22:13:32.680802
2016-08-15,01:45,63.5,63.6,41.3,44.1,0.0,NW@7.3,8.9,73.1,75.5,13.2,0.0,0,30.03,"Waterville North, Waterville, Douglas County",330046,Waterville North,2017-11-30 22:13:32.680802
2016-08-15,02:00,63.0,63.1,41.6,45.4,0.0,NW@7.7,9.2,72.8,75.4,13.2,0.0,0,30.03,"Waterville North, Waterville, Douglas County",330046,Waterville North,2017-11-30 22:13:32.680802
2016-08-15,02:15,62.1,62.2,41.7,47.1,0.0,NW@8.5,9.9,72.5,75.4,13.2,0.0,0,30.03,"Waterville North, Waterville, Douglas County",330046,Waterville North,2017-11-30 22:13:32.680802
2016-08-15,02:30,62.4,62.4,42.3,47.6,0.0,NW@9.4,12.1,72.2,75.3,13.2,0.0,0,30.03,"Waterville North, Waterville, Douglas County",330046,Waterville North,2017-11-30 22:13:32.680802
2016-08-15,02:45,63.5,63.6,42.1,45.6,0.0,NW@7.6,8.9,71.9,75.3,13.2,0.0,0,30.04,"Waterville North, Waterville, Douglas County",330046,Waterville North,2017-11-30 22:13:32.680802
2016-08-15,03:00,64.2,64.3,42.1,44.3,0.0,NW@6.9,7.4,71.7,75.2,13.2,0.0,0,30.04,"Waterville North, Waterville, Douglas County",330046,Waterville North,2017-11-30 22:13:32.680802
2016-08-15,03:15,64.1,64.3,42.0,44.4,0.0,NW@8.3,9.2,71.4,75.1,13.2,0.0,0,30.04,"Waterville North, Waterville, Douglas County",330046,Waterville North,2017-11-30 22:13:32.680802
2016-08-15,03:30,63.9,64.0,41.9,44.5,0.0,NW@7.9,9.2,71.2,75.0,13.2,0.0,0,30.04,"Waterville North, Waterville, Douglas County",330046,Waterville North,2017-11-30 22:13:32.680802
2016-08-15,03:45,62.8,63.0,41.8,46.0,0.0,NW@9.2,10.7,71.0,75.0,13.2,0.0,0,30.04,"Waterville North, Waterville, Douglas County",330046,Waterville North,2017-11-30 22:13:32.680802
2016-08-15,04:00,62.8,62.9,42.2,46.9,0.0,NW@8.4,9.6,70.8,74.9,13.2,0.0,0,30.04,"Waterville North, Waterville, Douglas County",330046,Waterville North,2017-11-30 22:13:32.680802
2016-08-15,04:15,60.9,61.1,40.8,47.3,0.0,NW@7.2,10.3,70.6,74.8,13.1,0.0,0,30.04,"Waterville North, Waterville, Douglas County",330046,Waterville North,2017-11-30 22:13:32.680802
2016-08-15,04:30,61.1,61.2,40.1,45.8,0.0,NW@9.8,11.0,70.4,74.7,13.1,0.0,0,30.04,"Waterville North, Waterville, Douglas County",330046,Waterville North,2017-11-30 22:13:32.680802
2016-08-15,04:45,62.0,62.2,41.3,46.5,0.0,NW@9.4,11.0,70.2,74.7,13.1,0.0,2,30.04,"Waterville North, Waterville, Douglas County",330046,Waterville North,2017-11-30 22:13:32.680802
2016-08-15,05:00,61.6,61.7,41.3,47.1,0.0,NW@10.2,11.7,70.0,74.6,13.1,0.0,4,30.04,"Waterville North, Waterville, Douglas County",330046,Waterville North,2017-11-30 22:13:32.680802
2016-08-15,05:15,62.3,62.5,40.7,45.1,0.0,NW@8.9,11.0,69.8,74.5,13.1,0.0,17,30.04,"Waterville North, Waterville, Douglas County",330046,Waterville North,2017-11-30 22:13:32.680802
2016-08-15,05:30,61.9,62.1,41.1,46.4,0.0,NW@9.8,11.7,69.7,74.4,13.1,0.0,46,30.05,"Waterville North, Waterville, Douglas County",330046,Waterville North,2017-11-30 22:13:32.680802
2016-08-15,05:45,62.1,62.4,41.6,46.9,0.0,NW@9.8,11.4,69.5,74.4,13.1,0.0,75,30.05,"Waterville North, Waterville, Douglas County",330046,Waterville North,2017-11-30 22:13:32.680802
2016-08-15,06:00,63.8,64.1,41.8,44.5,0.0,NW@9.7,11.7,69.4,74.3,13.1,0.0,106,30.06,"Waterville North, Waterville, Douglas County",330046,Waterville North,2017-11-30 22:13:32.680802
2016-08-15,06:15,64.5,64.9,42.2,44.1,0.0,NW@8.7,10.3,69.3,74.2,13.1,0.0,141,30.06,"Waterville North, Waterville, Douglas County",330046,Waterville North,2017-11-30 22:13:32.680802
2016-08-15,06:30,66.2,66.5,41.7,40.8,0.0,N@10.3,12.8,69.2,74.1,13.1,0.0,178,30.06,"Waterville North, Waterville, Douglas County",330046,Waterville North,2017-11-30 22:13:32.680802
2016-08-15,06:45,67.1,67.4,41.5,39.3,0.0,N@11.4,14.2,69.2,74.0,13.1,0.0,217,30.07,"Waterville North, Waterville, Douglas County",330046,Waterville North,2017-11-30 22:13:32.680802
2016-08-15,07:00,67.6,67.9,41.6,38.8,0.0,N@10.9,14.2,69.3,73.9,13.1,0.0,258,30.07,"Waterville North, Waterville, Douglas County",330046,Waterville North,2017-11-30 22:13:32.680802
2016-08-15,07:15,68.0,68.4,41.8,38.5,0.0,N@10.9,13.9,69.4,73.9,13.1,0.0,301,30.07,"Waterville North, Waterville, Douglas County",330046,Waterville North,2017-11-30 22:13:32.680802
2016-08-15,07:30,68.9,69.3,41.9,37.4,0.0,N@10.3,13.5,69.6,73.8,13.1,0.0,343,30.07,"Waterville North, Waterville, Douglas County",330046,Waterville North,2017-11-30 22:13:32.680802
2016-08-15,07:45,69.2,69.7,41.6,36.6,0.0,N@11.5,14.2,69.8,73.7,13.1,0.0,385,30.07,"Waterville North, Waterville, Douglas County",330046,Waterville North,2017-11-30 22:13:32.680802
2016-08-15,08:00,69.2,69.6,41.5,36.5,0.0,N@10.4,12.8,70.1,73.6,13.1,0.0,427,30.08,"Waterville North, Waterville, Douglas County",330046,Waterville North,2017-11-30 22:13:32.680802
2016-08-15,08:15,70.2,70.6,41.5,35.3,0.0,N@8.6,10.3,70.5,73.6,13.1,0.0,468,30.08,"Waterville North, Waterville, Douglas County",330046,Waterville North,2017-11-30 22:13:32.680802
2016-08-15,08:30,71.0,71.5,41.2,33.9,0.0,NW@6.9,8.9,71.0,73.5,13.1,0.0,507,30.08,"Waterville North, Waterville, Douglas County",330046,Waterville North,2017-11-30 22:13:32.680802
2016-08-15,08:45,71.8,72.2,40.8,32.6,0.0,NW@7.4,10.3,71.5,73.5,13.1,0.0,545,30.08,"Waterville North, Waterville, Douglas County",330046,Waterville North,2017-11-30 22:13:32.680802
2016-08-15,09:00,72.9,73.4,40.4,30.8,0.0,N@7.6,10.3,72.1,73.4,13.1,0.0,581,30.08,"Waterville North, Waterville, Douglas County",330046,Waterville North,2017-11-30 22:13:32.680802
2016-08-15,09:15,74.4,74.8,39.9,28.8,0.0,N@8.3,11.4,72.8,73.3,13.1,0.0,616,30.08,"Waterville North, Waterville, Douglas County",330046,Waterville North,2017-11-30 22:13:32.680802
2016-08-15,09:30,75.8,76.0,39.4,26.9,0.0,N@7.9,10.3,73.4,73.3,13.1,0.0,648,30.08,"Waterville North, Waterville, Douglas County",330046,Waterville North,2017-11-30 22:13:32.680802
2016-08-15,09:45,76.1,76.5,38.7,26.0,0.0,N@7.8,11.0,73.8,73.3,13.1,0.0,662,30.08,"Waterville North, Waterville, Douglas County",330046,Waterville North,2017-11-30 22:13:32.680802
2016-08-15,10:00,77.5,77.8,38.3,24.4,0.0,N@7.0,9.9,74.2,73.2,13.1,0.0,705,30.08,"Waterville North, Waterville, Douglas County",330046,Waterville North,2017-11-30 22:13:32.680802
2016-08-15,10:15,78.0,78.3,37.5,23.2,0.0,N@7.1,9.9,74.8,73.2,13.1,0.0,731,30.08,"Waterville North, Waterville, Douglas County",330046,Waterville North,2017-11-30 22:13:32.680802
2016-08-15,10:30,78.6,78.8,37.7,23.0,0.0,N@7.3,10.7,75.7,73.2,13.1,0.0,752,30.08,"Waterville North, Waterville, Douglas County",330046,Waterville North,2017-11-30 22:13:32.680802
2016-08-15,10:45,78.0,78.4,38.6,24.3,0.0,NW@8.5,12.4,76.8,73.2,13.1,0.0,775,30.08,"Waterville North, Waterville, Douglas County",330046,Waterville North,2017-11-30 22:13:32.680802
2016-08-15,11:00,80.1,80.2,39.6,23.6,0.0,N@9.3,12.8,78.0,73.2,13.1,0.0,791,30.08,"Waterville North, Waterville, Douglas County",330046,Waterville North,2017-11-30 22:13:32.680802
2016-08-15,11:15,81.4,80.5,40.5,23.4,0.0,N@8.7,13.2,79.2,73.2,13.1,0.0,806,30.08,"Waterville North, Waterville, Douglas County",330046,Waterville North,2017-11-30 22:13:32.680802
2016-08-15,11:30,80.9,80.9,40.4,23.7,0.0,N@6.9,13.2,80.5,73.2,13.1,0.0,818,30.08,"Waterville North, Waterville, Douglas County",330046,Waterville North,2017-11-30 22:13:32.680802
2016-08-15,11:45,81.2,81.2,40.4,23.4,0.0,N@7.0,12.8,81.7,73.3,13.1,0.0,827,30.07,"Waterville North, Waterville, Douglas County",330046,Waterville North,2017-11-30 22:13:32.680802
2016-08-15,12:00,81.0,81.1,40.1,23.3,0.0,NW@4.7,9.2,83.0,73.3,13.1,0.0,833,30.07,"Waterville North, Waterville, Douglas County",330046,Waterville North,2017-11-30 22:13:32.680802
2016-08-15,12:15,83.6,83.1,40.1,21.4,0.0,N@4.6,9.6,84.3,73.3,13.1,0.0,835,30.07,"Waterville North, Waterville, Douglas County",330046,Waterville North,2017-11-30 22:13:32.680802
2016-08-15,12:30,83.1,83.0,39.4,21.2,0.0,N@4.8,9.9,85.6,73.4,13.1,0.0,835,30.08,"Waterville North, Waterville, Douglas County",330046,Waterville North,2017-11-30 22:13:32.680802
2016-08-15,12:45,82.9,83.5,39.9,21.7,0.0,NW@5.9,13.2,86.8,73.4,13.1,0.0,826,30.08,"Waterville North, Waterville, Douglas County",330046,Waterville North,2017-11-30 22:13:32.680802
2016-08-15,13:00,83.5,83.8,39.5,21.0,0.0,N@7.8,14.2,88.0,73.5,13.1,0.0,821,30.07,"Waterville North, Waterville, Douglas County",330046,Waterville North,2017-11-30 22:13:32.680802
2016-08-15,13:15,84.5,84.4,38.2,19.3,0.0,N@6.4,11.0,89.1,73.6,13.1,0.0,813,30.07,"Waterville North, Waterville, Douglas County",330046,Waterville North,2017-11-30 22:13:32.680802
2016-08-15,13:30,84.1,84.3,38.8,20.0,0.0,N@6.8,12.4,90.1,73.6,13.1,0.0,804,30.07,"Waterville North, Waterville, Douglas County",330046,Waterville North,2017-11-30 22:13:32.680802
2016-08-15,13:45,86.0,85.5,39.0,19.0,0.0,N@5.2,10.7,91.0,73.7,13.1,0.0,790,30.07,"Waterville North, Waterville, Douglas County",330046,Waterville North,2017-11-30 22:13:32.680802
2016-08-15,14:00,85.2,85.2,38.3,19.0,0.0,NW@4.4,11.4,91.9,73.8,13.1,0.0,771,30.07,"Waterville North, Waterville, Douglas County",330046,Waterville North,2017-11-30 22:13:32.680802
2016-08-15,14:15,85.5,85.9,35.6,16.9,0.0,NW@6.6,13.2,92.7,73.9,13.1,0.0,752,30.06,"Waterville North, Waterville, Douglas County",330046,Waterville North,2017-11-30 22:13:32.680802
2016-08-15,14:30,86.5,86.5,33.4,15.0,0.0,N@6.8,13.2,93.4,74.0,13.1,0.0,719,30.06,"Waterville North, Waterville, Douglas County",330046,Waterville North,2017-11-30 22:13:32.680802
2016-08-15,14:45,85.1,85.4,34.0,16.1,0.0,NW@9.5,13.5,94.1,74.1,13.1,0.0,692,30.06,"Waterville North, Waterville, Douglas County",330046,Waterville North,2017-11-30 22:13:32.680802
2016-08-15,15:00,85.9,86.1,32.8,14.9,0.0,N@8.2,14.6,94.6,74.2,13.1,0.0,666,30.05,"Waterville North, Waterville, Douglas County",330046,Waterville North,2017-11-30 22:13:32.680802
2016-08-15,15:15,86.4,86.6,33.5,15.1,0.0,N@8.2,14.6,94.9,74.3,13.1,0.0,632,30.05,"Waterville North, Waterville, Douglas County",330046,Waterville North,2017-11-30 22:13:32.680802
2016-08-15,15:30,86.7,86.6,34.1,15.3,0.0,N@5.1,10.7,95.2,74.4,13.1,0.0,597,30.05,"Waterville North, Waterville, Douglas County",330046,Waterville North,2017-11-30 22:13:32.680802
2016-08-15,15:45,87.6,87.5,33.8,14.7,0.0,N@5.1,9.2,95.4,74.5,13.1,0.0,562,30.05,"Waterville North, Waterville, Douglas County",330046,Waterville North,2017-11-30 22:13:32.680802
2016-08-15,16:00,87.2,86.9,33.7,14.8,0.0,N@6.0,9.6,95.7,74.7,13.1,0.0,523,30.05,"Waterville North, Waterville, Douglas County",330046,Waterville North,2017-11-30 22:13:32.680802
2016-08-15,16:15,86.8,86.5,33.4,14.9,0.0,N@8.2,15.0,95.9,74.8,13.0,0.0,472,30.04,"Waterville North, Waterville, Douglas County",330046,Waterville North,2017-11-30 22:13:32.680802
2016-08-15,16:30,87.2,87.1,34.1,15.1,0.0,N@4.3,9.2,95.9,74.9,13.1,0.0,443,30.04,"Waterville North, Waterville, Douglas County",330046,Waterville North,2017-11-30 22:13:32.680802
2016-08-15,16:45,87.3,87.6,33.3,14.6,0.0,NW@5.6,8.9,95.9,75.1,13.1,0.0,400,30.04,"Waterville North, Waterville, Douglas County",330046,Waterville North,2017-11-30 22:13:32.680802
2016-08-15,17:00,87.2,87.0,32.9,14.4,0.0,N@5.3,8.5,95.8,75.2,13.1,0.0,355,30.04,"Waterville North, Waterville, Douglas County",330046,Waterville North,2017-11-30 22:13:32.680802
2016-08-15,17:15,86.6,86.8,33.3,14.9,0.0,NW@4.9,7.8,95.6,75.3,13.1,0.0,311,30.04,"Waterville North, Waterville, Douglas County",330046,Waterville North,2017-11-30 22:13:32.680802
2016-08-15,17:30,87.0,87.1,33.2,14.7,0.0,N@4.2,7.4,95.4,75.4,13.1,0.0,267,30.04,"Waterville North, Waterville, Douglas County",330046,Waterville North,2017-11-30 22:13:32.680802
2016-08-15,17:45,86.1,86.2,34.2,15.7,0.0,N@6.2,8.5,95.0,75.5,13.1,0.0,224,30.03,"Waterville North, Waterville, Douglas County",330046,Waterville North,2017-11-30 22:13:32.680802
2016-08-15,18:00,86.2,86.4,34.1,15.6,0.0,N@3.7,6.4,94.6,75.7,13.1,0.0,183,30.03,"Waterville North, Waterville, Douglas County",330046,Waterville North,2017-11-30 22:13:32.680802
2016-08-15,18:15,86.3,86.5,34.8,15.9,0.0,N@2.7,6.0,94.1,75.8,13.1,0.0,143,30.03,"Waterville North, Waterville, Douglas County",330046,Waterville North,2017-11-30 22:13:32.680802
2016-08-15,18:30,85.6,85.1,35.0,16.5,0.0,NW@2.1,3.9,93.5,75.9,13.1,0.0,106,30.02,"Waterville North, Waterville, Douglas County",330046,Waterville North,2017-11-30 22:13:32.680802
2016-08-15,18:45,84.2,83.9,35.2,17.3,0.0,NW@3.3,4.9,92.8,76.0,13.1,0.0,70,30.02,"Waterville North, Waterville, Douglas County",330046,Waterville North,2017-11-30 22:13:32.680802
2016-08-15,19:00,81.3,81.1,38.8,22.0,0.0,W@5.1,7.4,92.0,76.1,13.1,0.0,39,30.03,"Waterville North, Waterville, Douglas County",330046,Waterville North,2017-11-30 22:13:32.680802
2016-08-15,19:15,79.2,79.2,41.5,26.1,0.0,W@5.4,7.1,91.1,76.2,13.1,0.0,10,30.03,"Waterville North, Waterville, Douglas County",330046,Waterville North,2017-11-30 22:13:32.680802
2016-08-15,19:30,77.6,77.6,43.2,29.4,0.0,W@5.4,7.1,90.0,76.2,13.1,0.0,2,30.03,"Waterville North, Waterville, Douglas County",330046,Waterville North,2017-11-30 22:13:32.680802
2016-08-15,19:45,77.1,77.1,44.0,30.8,0.0,W@4.4,6.0,88.9,76.3,13.1,0.0,1,30.04,"Waterville North, Waterville, Douglas County",330046,Waterville North,2017-11-30 22:13:32.680802
2016-08-15,20:00,75.8,75.8,45.1,33.5,0.0,W@4.9,7.1,87.9,76.4,13.1,0.0,0,30.04,"Waterville North, Waterville, Douglas County",330046,Waterville North,2017-11-30 22:13:32.680802
2016-08-15,20:15,75.5,75.6,45.2,34.1,0.0,SW@4.1,6.4,86.8,76.5,13.1,0.0,0,30.05,"Waterville North, Waterville, Douglas County",330046,Waterville North,2017-11-30 22:13:32.680802
2016-08-15,20:30,75.9,75.9,45.1,33.4,0.0,W@3.3,4.6,85.9,76.5,13.2,0.0,0,30.05,"Waterville North, Waterville, Douglas County",330046,Waterville North,2017-11-30 22:13:32.680802
2016-08-15,20:45,76.1,76.2,45.1,33.2,0.0,NW@3.7,4.6,85.0,76.6,13.2,0.0,0,30.05,"Waterville North, Waterville, Douglas County",330046,Waterville North,2017-11-30 22:13:32.680802
2016-08-15,21:00,76.8,76.8,45.2,32.6,0.0,W@3.9,4.9,84.2,76.6,13.2,0.0,0,30.05,"Waterville North, Waterville, Douglas County",330046,Waterville North,2017-11-30 22:13:32.680802
2016-08-15,21:15,74.8,74.7,45.4,35.1,0.0,N@3.4,4.9,83.4,76.6,13.2,0.0,0,30.06,"Waterville North, Waterville, Douglas County",330046,Waterville North,2017-11-30 22:13:32.680802
2016-08-15,21:30,74.4,74.3,45.9,36.2,0.0,NW@3.9,5.7,82.7,76.6,13.2,0.0,0,30.05,"Waterville North, Waterville, Douglas County",330046,Waterville North,2017-11-30 22:13:32.680802
2016-08-15,21:45,73.6,73.6,46.7,38.4,0.0,NW@5.9,7.4,82.0,76.6,13.2,0.0,0,30.05,"Waterville North, Waterville, Douglas County",330046,Waterville North,2017-11-30 22:13:32.680802
2016-08-15,22:00,72.4,72.4,46.9,40.3,0.0,NW@7.2,8.5,81.3,76.6,13.2,0.0,0,30.05,"Waterville North, Waterville, Douglas County",330046,Waterville North,2017-11-30 22:13:32.680802
2016-08-15,22:15,72.5,72.6,47.3,40.8,0.0,NW@7.3,8.2,80.7,76.6,13.2,0.0,0,30.06,"Waterville North, Waterville, Douglas County",330046,Waterville North,2017-11-30 22:13:32.680802
2016-08-15,22:30,72.2,72.3,47.4,41.3,0.0,NW@6.8,8.2,80.2,76.6,13.2,0.0,0,30.06,"Waterville North, Waterville, Douglas County",330046,Waterville North,2017-11-30 22:13:32.680802
2016-08-15,22:45,72.1,72.2,47.8,42.0,0.0,NW@6.5,8.2,79.7,76.6,13.2,0.0,0,30.06,"Waterville North, Waterville, Douglas County",330046,Waterville North,2017-11-30 22:13:32.680802
2016-08-15,23:00,72.0,72.0,48.0,42.5,0.0,NW@4.6,6.4,79.2,76.6,13.2,0.0,0,30.06,"Waterville North, Waterville, Douglas County",330046,Waterville North,2017-11-30 22:13:32.680802
2016-08-16,23:15,72.3,72.1,48.0,42.1,0.0,NW@2.8,3.9,78.8,76.5,13.2,0.0,0,30.06,"Waterville North, Waterville, Douglas County",330046,Waterville North,2017-11-30 22:13:32.680802
2016-08-16,23:30,72.4,72.3,48.1,42.1,0.0,NW@3.2,4.9,78.3,76.5,13.2,0.0,0,30.06,"Waterville North, Waterville, Douglas County",330046,Waterville North,2017-11-30 22:13:32.680802
2016-08-16,23:45,71.0,71.1,48.2,44.2,0.0,NW@4.3,5.3,77.9,76.5,13.2,0.0,0,30.06,"Waterville North, Waterville, Douglas County",330046,Waterville North,2017-11-30 22:13:32.680802
2016-08-16,24:00,69.9,69.9,48.3,46.2,0.0,NW@3.8,4.9,77.4,76.4,13.2,0.0,0,30.06,"Waterville North, Waterville, Douglas County",330046,Waterville North,2017-11-30 22:13:32.680802
2016-08-16,00:15,68.8,68.7,48.1,47.6,0.0,N@4.1,5.7,77.0,76.4,13.2,0.0,0,30.06,"Waterville North, Waterville, Douglas County",330046,Waterville North,2017-11-30 22:13:32.680802
2016-08-16,00:30,68.0,68.0,48.4,49.5,0.0,NW@5.5,7.8,76.6,76.3,13.2,0.0,0,30.06,"Waterville North, Waterville, Douglas County",330046,Waterville North,2017-11-30 22:13:32.680802
2016-08-16,00:45,68.7,68.7,48.7,48.7,0.0,NW@5.7,6.7,76.2,76.3,13.2,0.0,0,30.06,"Waterville North, Waterville, Douglas County",330046,Waterville North,2017-11-30 22:13:32.680802
2016-08-16,01:00,68.2,68.3,48.5,49.3,0.0,NW@5.3,6.4,75.9,76.3,13.2,0.0,0,30.06,"Waterville North, Waterville, Douglas County",330046,Waterville North,2017-11-30 22:13:32.680802
2016-08-16,01:15,68.4,68.4,48.8,49.5,0.0,NW@5.7,6.7,75.5,76.2,13.2,0.0,0,30.06,"Waterville North, Waterville, Douglas County",330046,Waterville North,2017-11-30 22:13:32.680802
2016-08-16,01:30,66.6,66.7,48.7,52.6,0.0,NW@6.2,8.9,75.2,76.1,13.2,0.0,0,30.06,"Waterville North, Waterville, Douglas County",330046,Waterville North,2017-11-30 22:13:32.680802
2016-08-16,01:45,66.2,66.3,48.8,53.4,0.0,NW@7.7,8.5,74.9,76.1,13.2,0.0,0,30.06,"Waterville North, Waterville, Douglas County",330046,Waterville North,2017-11-30 22:13:32.680802
2016-08-16,02:00,66.2,66.3,48.8,53.4,0.0,NW@7.7,9.9,74.6,76.0,13.2,0.0,0,30.06,"Waterville North, Waterville, Douglas County",330046,Waterville North,2017-11-30 22:13:32.680802
2016-08-16,02:15,64.9,65.0,49.3,57.0,0.0,N@9.0,10.7,74.3,76.0,13.1,0.0,0,30.06,"Waterville North, Waterville, Douglas County",330046,Waterville North,2017-11-30 22:13:32.680802
2016-08-16,02:30,64.7,64.8,49.4,57.5,0.0,NW@8.5,9.6,74.1,75.9,13.1,0.0,0,30.06,"Waterville North, Waterville, Douglas County",330046,Waterville North,2017-11-30 22:13:32.680802
2016-08-16,02:45,65.2,65.3,49.3,56.3,0.0,NW@8.0,8.9,73.8,75.9,13.1,0.0,0,30.06,"Waterville North, Waterville, Douglas County",330046,Waterville North,2017-11-30 22:13:32.680802
2016-08-16,03:00,64.3,64.3,49.0,57.4,0.0,N@6.2,7.1,73.5,75.8,13.1,0.0,0,30.06,"Waterville North, Waterville, Douglas County",330046,Waterville North,2017-11-30 22:13:32.680802
2016-08-16,03:15,64.7,64.6,49.1,57.0,0.0,N@6.9,7.8,73.3,75.7,13.1,0.0,0,30.06,"Waterville North, Waterville, Douglas County",330046,Waterville North,2017-11-30 22:13:32.680802
2016-08-16,03:30,65.3,65.3,49.1,55.7,0.0,NW@7.7,9.9,73.0,75.7,13.1,0.0,0,30.06,"Waterville North, Waterville, Douglas County",330046,Waterville North,2017-11-30 22:13:32.680802
2016-08-16,03:45,63.9,64.0,48.3,56.7,0.0,N@9.0,12.4,72.7,75.6,13.1,0.0,0,30.05,"Waterville North, Waterville, Douglas County",330046,Waterville North,2017-11-30 22:13:32.680802
2016-08-16,04:00,65.4,65.4,48.7,54.8,0.0,N@12.7,14.6,72.5,75.5,13.1,0.0,0,30.05,"Waterville North, Waterville, Douglas County",330046,Waterville North,2017-11-30 22:13:32.680802
2016-08-16,04:15,65.8,65.9,48.7,54.0,0.0,N@13.0,15.3,72.2,75.5,13.1,0.0,0,30.05,"Waterville North, Waterville, Douglas County",330046,Waterville North,2017-11-30 22:13:32.680802
2016-08-16,04:30,65.6,65.7,48.8,54.6,0.0,N@12.6,16.0,72.0,75.4,13.1,0.0,0,30.05,"Waterville North, Waterville, Douglas County",330046,Waterville North,2017-11-30 22:13:32.680802
2016-08-16,04:45,64.4,64.5,48.9,57.1,0.0,N@12.0,14.2,71.9,75.3,13.1,0.0,1,30.06,"Waterville North, Waterville, Douglas County",330046,Waterville North,2017-11-30 22:13:32.680802
2016-08-16,05:00,64.7,64.9,48.8,56.1,0.0,N@13.3,17.1,71.7,75.3,13.1,0.0,3,30.06,"Waterville North, Waterville, Douglas County",330046,Waterville North,2017-11-30 22:13:32.680802
2016-08-16,05:15,64.9,65.0,48.8,55.8,0.0,N@13.5,16.7,71.6,75.2,13.1,0.0,13,30.06,"Waterville North, Waterville, Douglas County",330046,Waterville North,2017-11-30 22:13:32.680802
2016-08-16,05:30,65.4,65.7,49.0,55.3,0.0,N@13.0,17.1,71.4,75.1,13.1,0.0,41,30.06,"Waterville North, Waterville, Douglas County",330046,Waterville North,2017-11-30 22:13:32.680802
2016-08-16,05:45,65.8,66.3,49.0,54.4,0.0,N@13.7,17.8,71.3,75.0,13.1,0.0,69,30.07,"Waterville North, Waterville, Douglas County",330046,Waterville North,2017-11-30 22:13:32.680802
2016-08-16,06:00,66.3,66.9,49.2,54.0,0.0,N@13.2,17.1,71.2,75.0,13.1,0.0,100,30.07,"Waterville North, Waterville, Douglas County",330046,Waterville North,2017-11-30 22:13:32.680802
2016-08-16,06:15,67.5,67.9,48.9,51.3,0.0,N@14.6,19.6,71.1,74.9,13.1,0.0,135,30.07,"Waterville North, Waterville, Douglas County",330046,Waterville North,2017-11-30 22:13:32.680802
2016-08-16,06:30,68.1,68.5,48.8,49.9,0.0,N@14.2,18.5,71.1,74.8,13.1,0.0,173,30.07,"Waterville North, Waterville, Douglas County",330046,Waterville North,2017-11-30 22:13:32.680802
2016-08-16,06:45,68.8,69.0,48.7,48.6,0.0,N@13.2,16.0,71.1,74.7,13.1,0.0,212,30.07,"Waterville North, Waterville, Douglas County",330046,Waterville North,2017-11-30 22:13:32.680802
2016-08-16,07:00,68.9,69.2,49.0,48.9,0.0,N@12.5,15.7,71.1,74.7,13.1,0.0,253,30.08,"Waterville North, Waterville, Douglas County",330046,Waterville North,2017-11-30 22:13:32.680802
2016-08-16,07:15,69.3,69.5,49.4,49.1,0.0,NW@9.2,12.8,71.3,74.6,13.1,0.0,295,30.08,"Waterville North, Waterville, Douglas County",330046,Waterville North,2017-11-30 22:13:32.680802
2016-08-16,07:30,69.9,70.3,49.3,47.9,0.0,NW@7.5,9.6,71.4,74.5,13.1,0.0,337,30.08,"Waterville North, Waterville, Douglas County",330046,Waterville North,2017-11-30 22:13:32.680802
2016-08-16,07:45,70.8,71.4,49.3,46.4,0.0,N@6.3,8.5,71.6,74.5,13.0,0.0,378,30.09,"Waterville North, Waterville, Douglas County",330046,Waterville North,2017-11-30 22:13:32.680802
2016-08-16,08:00,72.3,72.7,49.2,44.1,0.0,N@5.8,8.2,71.9,74.4,13.0,0.0,420,30.08,"Waterville North, Waterville, Douglas County",330046,Waterville North,2017-11-30 22:13:32.680802
2016-08-16,08:15,72.4,73.0,49.1,43.7,0.0,N@7.0,9.6,72.3,74.3,13.0,0.0,460,30.08,"Waterville North, Waterville, Douglas County",330046,Waterville North,2017-11-30 22:13:32.680802
2016-08-16,08:30,74.5,74.9,48.6,40.0,0.0,N@4.0,6.7,72.7,74.3,13.0,0.0,500,30.08,"Waterville North, Waterville, Douglas County",330046,Waterville North,2017-11-30 22:13:32.680802
2016-08-16,08:45,76.1,76.6,48.0,37.0,0.0,N@3.4,5.3,73.3,74.2,13.0,0.0,538,30.08,"Waterville North, Waterville, Douglas County",330046,Waterville North,2017-11-30 22:13:32.680802
2016-08-16,09:00,77.6,77.3,47.3,34.4,0.0,N@3.6,6.0,73.9,74.1,13.0,0.0,576,30.08,"Waterville North, Waterville, Douglas County",330046,Waterville North,2017-11-30 22:13:32.680802
2016-08-16,09:15,77.9,78.2,46.8,33.3,0.0,N@5.0,7.4,74.6,74.1,13.0,0.0,609,30.07,"Waterville North, Waterville, Douglas County",330046,Waterville North,2017-11-30 22:13:32.680802
2016-08-16,09:30,79.4,79.3,45.5,30.2,0.0,N@5.2,8.2,75.2,74.0,13.0,0.0,619,30.07,"Waterville North, Waterville, Douglas County",330046,Waterville North,2017-11-30 22:13:32.680802
2016-08-16,09:45,79.2,79.5,46.3,31.4,0.0,N@6.6,9.6,75.6,74.0,13.0,0.0,672,30.07,"Waterville North, Waterville, Douglas County",330046,Waterville North,2017-11-30 22:13:32.680802
2016-08-16,10:00,79.2,79.4,46.3,31.3,0.0,N@6.7,10.3,76.0,74.0,13.0,0.0,700,30.08,"Waterville North, Waterville, Douglas County",330046,Waterville North,2017-11-30 22:13:32.680802
2016-08-16,10:15,80.1,80.4,44.8,28.8,0.0,N@7.0,10.3,76.6,74.0,13.1,0.0,725,30.07,"Waterville North, Waterville, Douglas County",330046,Waterville North,2017-11-30 22:13:32.680802
2016-08-16,10:30,80.9,80.9,44.4,27.7,0.0,N@7.5,11.0,77.5,74.0,13.1,0.0,748,30.07,"Waterville North, Waterville, Douglas County",330046,Waterville North,2017-11-30 22:13:32.680802
2016-08-16,10:45,81.1,81.2,43.8,26.8,0.0,N@7.1,10.7,78.6,74.0,13.1,0.0,766,30.07,"Waterville North, Waterville, Douglas County",330046,Waterville North,2017-11-30 22:13:32.680802
2016-08-16,11:00,82.1,82.3,43.4,25.6,0.0,NW@5.1,8.9,79.8,74.0,13.1,0.0,786,30.07,"Waterville North, Waterville, Douglas County",330046,Waterville North,2017-11-30 22:13:32.680802
2016-08-16,11:15,82.5,82.6,44.3,26.1,0.0,N@5.4,9.2,81.0,74.0,13.1,0.0,800,30.07,"Waterville North, Waterville, Douglas County",330046,Waterville North,2017-11-30 22:13:32.680802
2016-08-16,11:30,83.2,83.6,44.5,25.7,0.0,NW@7.7,13.5,82.3,74.0,13.1,0.0,812,30.06,"Waterville North, Waterville, Douglas County",330046,Waterville North,2017-11-30 22:13:32.680802
2016-08-16,11:45,83.0,83.2,43.6,25.0,0.0,NW@7.5,12.4,83.6,74.1,13.1,0.0,818,30.06,"Waterville North, Waterville, Douglas County",330046,Waterville North,2017-11-30 22:13:32.680802
2016-08-16,12:00,86.4,86.2,42.2,21.2,0.0,SW@4.4,15.0,84.9,74.1,13.1,0.0,827,30.06,"Waterville North, Waterville, Douglas County",330046,Waterville North,2017-11-30 22:13:32.680802
2016-08-16,12:15,86.0,85.8,40.2,19.9,0.0,W@5.9,12.4,86.1,74.2,13.1,0.0,834,30.06,"Waterville North, Waterville, Douglas County",330046,Waterville North,2017-11-30 22:13:32.680802
2016-08-16,12:30,86.4,86.2,40.1,19.6,0.0,NW@5.4,11.7,87.2,74.2,13.1,0.0,827,30.06,"Waterville North, Waterville, Douglas County",330046,Waterville North,2017-11-30 22:13:32.680802
2016-08-16,12:45,87.8,87.6,40.7,19.2,0.0,W@5.7,9.9,88.3,74.3,13.1,0.0,813,30.06,"Waterville North, Waterville, Douglas County",330046,Waterville North,2017-11-30 22:13:32.680802
2016-08-16,13:00,85.7,85.8,40.8,20.6,0.0,NW@8.7,13.5,89.4,74.4,13.1,0.0,807,30.06,"Waterville North, Waterville, Douglas County",330046,Waterville North,2017-11-30 22:13:32.680802
2016-08-16,13:15,86.7,86.6,41.5,20.5,0.0,NW@5.5,13.5,90.3,74.4,13.1,0.0,815,30.06,"Waterville North, Waterville, Douglas County",330046,Waterville North,2017-11-30 22:13:32.680802
2016-08-16,13:30,87.5,87.3,41.5,20.0,0.0,NW@5.8,12.8,91.2,74.5,13.1,0.0,804,30.06,"Waterville North, Waterville, Douglas County",330046,Waterville North,2017-11-30 22:13:32.680802
2016-08-16,13:45,87.7,87.6,39.6,18.4,0.0,W@5.5,10.3,92.0,74.6,13.1,0.0,745,30.06,"Waterville North, Waterville, Douglas County",330046,Waterville North,2017-11-30 22:13:32.680802
2016-08-16,14:00,88.2,88.2,38.7,17.5,0.0,W@7.2,13.9,92.8,74.7,13.1,0.0,735,30.05,"Waterville North, Waterville, Douglas County",330046,Waterville North,2017-11-30 22:13:32.680802
2016-08-16,14:15,89.1,88.7,37.7,16.4,0.0,S@6.3,14.2,93.5,74.8,13.0,0.0,747,30.05,"Waterville North, Waterville, Douglas County",330046,Waterville North,2017-11-30 22:13:32.680802
2016-08-16,14:30,89.0,88.9,35.7,15.1,0.0,SW@5.0,11.7,94.1,74.8,13.0,0.0,730,30.04,"Waterville North, Waterville, Douglas County",330046,Waterville North,2017-11-30 22:13:32.680802
2016-08-16,14:45,89.7,89.3,37.1,15.7,0.0,S@6.4,11.7,94.7,75.0,13.0,0.0,676,30.04,"Waterville North, Waterville, Douglas County",330046,Waterville North,2017-11-30 22:13:32.680802
2016-08-16,15:00,88.6,88.3,35.8,15.4,0.0,S@6.3,12.8,95.2,75.1,13.0,0.0,658,30.03,"Waterville North, Waterville, Douglas County",330046,Waterville North,2017-11-30 22:13:32.680802
2016-08-16,15:15,89.2,88.8,36.3,15.5,0.0,S@4.5,9.6,95.6,75.2,13.0,0.0,629,30.03,"Waterville North, Waterville, Douglas County",330046,Waterville North,2017-11-30 22:13:32.680802
2016-08-16,15:30,89.3,88.9,37.6,16.2,0.0,S@5.9,12.4,96.0,75.3,13.0,0.0,595,30.03,"Waterville North, Waterville, Douglas County",330046,Waterville North,2017-11-30 22:13:32.680802
2016-08-16,15:45,89.1,88.9,37.5,16.3,0.0,W@6.6,12.8,96.3,75.4,13.0,0.0,557,30.03,"Waterville North, Waterville, Douglas County",330046,Waterville North,2017-11-30 22:13:32.680802
2016-08-16,16:00,87.9,87.7,37.4,16.8,0.0,NW@7.2,15.0,96.5,75.5,13.0,0.0,516,30.02,"Waterville North, Waterville, Douglas County",330046,Waterville North,2017-11-30 22:13:32.680802
2016-08-16,16:15,89.0,88.8,38.0,16.6,0.0,W@4.7,10.3,96.6,75.6,13.0,0.0,479,30.02,"Waterville North, Waterville, Douglas County",330046,Waterville North,2017-11-30 22:13:32.680802
2016-08-16,16:30,88.5,88.2,39.9,18.2,0.0,W@8.3,13.5,96.6,75.8,13.0,0.0,436,30.02,"Waterville North, Waterville, Douglas County",330046,Waterville North,2017-11-30 22:13:32.680802
2016-08-16,16:45,88.5,88.2,39.4,17.9,0.0,W@7.3,11.4,96.5,75.9,13.1,0.0,396,30.02,"Waterville North, Waterville, Douglas County",330046,Waterville North,2017-11-30 22:13:32.680802
2016-08-16,17:00,88.1,87.8,40.1,18.5,0.0,W@7.0,11.0,96.3,76.0,13.1,0.0,353,30.01,"Waterville North, Waterville, Douglas County",330046,Waterville North,2017-11-30 22:13:32.680802
2016-08-16,17:15,87.6,87.3,39.9,18.7,0.0,W@7.6,13.2,96.0,76.1,13.1,0.0,309,30.01,"Waterville North, Waterville, Douglas County",330046,Waterville North,2017-11-30 22:13:32.680802
2016-08-16,17:30,86.7,86.4,41.0,20.1,0.0,W@8.6,12.8,95.6,76.3,13.1,0.0,265,30.01,"Waterville North, Waterville, Douglas County",330046,Waterville North,2017-11-30 22:13:32.680802
2016-08-16,17:45,85.6,85.3,42.5,22.1,0.0,W@8.2,11.7,95.1,76.4,13.1,0.0,222,30.0,"Waterville North, Waterville, Douglas County",330046,Waterville North,2017-11-30 22:13:32.680802
2016-08-16,18:00,84.3,84.0,43.6,24.0,0.0,W@8.5,13.2,94.6,76.5,13.1,0.0,177,30.0,"Waterville North, Waterville, Douglas County",330046,Waterville North,2017-11-30 22:13:32.680802
2016-08-16,18:15,82.8,82.5,46.0,27.6,0.0,W@8.6,12.4,93.9,76.6,13.1,0.0,137,30.0,"Waterville North, Waterville, Douglas County",330046,Waterville North,2017-11-30 22:13:32.680802
2016-08-16,18:30,81.4,81.1,47.4,30.4,0.0,W@8.8,13.5,93.2,76.7,13.1,0.0,99,30.0,"Waterville North, Waterville, Douglas County",330046,Waterville North,2017-11-30 22:13:32.680802
2016-08-16,18:45,79.9,79.7,48.3,33.0,0.0,W@10.3,15.3,92.4,76.8,13.1,0.0,64,29.99,"Waterville North, Waterville, Douglas County",330046,Waterville North,2017-11-30 22:13:32.680802
2016-08-16,19:00,78.7,78.6,48.9,35.1,0.0,W@9.7,14.6,91.5,76.9,13.1,0.0,33,29.99,"Waterville North, Waterville, Douglas County",330046,Waterville North,2017-11-30 22:13:32.680802
2016-08-16,19:15,77.0,77.1,49.6,38.2,0.0,W@10.8,15.7,90.6,77.0,13.1,0.0,7,30.0,"Waterville North, Waterville, Douglas County",330046,Waterville North,2017-11-30 22:13:32.680802
2016-08-16,19:30,75.7,75.8,50.1,40.6,0.0,NW@10.8,15.0,89.6,77.1,13.1,0.0,2,30.0,"Waterville North, Waterville, Douglas County",330046,Waterville North,2017-11-30 22:13:32.680802
2016-08-16,19:45,74.9,75.0,50.6,42.4,0.0,W@10.3,15.3,88.5,77.1,13.1,0.0,0,30.01,"Waterville North, Waterville, Douglas County",330046,Waterville North,2017-11-30 22:13:32.680802
2016-08-16,20:00,74.4,74.5,50.9,43.7,0.0,W@8.4,12.1,87.6,77.2,13.1,0.0,0,30.02,"Waterville North, Waterville, Douglas County",330046,Waterville North,2017-11-30 22:13:32.680802
2016-08-16,20:15,73.8,73.9,51.1,44.9,0.0,W@7.3,10.7,86.6,77.2,13.1,0.0,0,30.03,"Waterville North, Waterville, Douglas County",330046,Waterville North,2017-11-30 22:13:32.680802
2016-08-16,20:30,72.9,73.0,51.1,46.3,0.0,W@6.8,10.3,85.8,77.3,13.1,0.0,0,30.03,"Waterville North, Waterville, Douglas County",330046,Waterville North,2017-11-30 22:13:32.680802
2016-08-16,20:45,72.5,72.6,51.0,46.6,0.0,NW@9.7,12.8,85.0,77.3,13.1,0.0,0,30.03,"Waterville North, Waterville, Douglas County",330046,Waterville North,2017-11-30 22:13:32.680802
2016-08-16,21:00,72.3,72.4,50.7,46.6,0.0,W@10.6,14.6,84.2,77.3,13.1,0.0,0,30.03,"Waterville North, Waterville, Douglas County",330046,Waterville North,2017-11-30 22:13:32.680802
2016-08-16,21:15,71.8,71.9,50.6,47.1,0.0,W@8.0,13.9,83.5,77.4,13.2,0.0,0,30.03,"Waterville North, Waterville, Douglas County",330046,Waterville North,2017-11-30 22:13:32.680802
2016-08-16,21:30,71.1,71.2,50.3,47.7,0.0,W@7.3,9.6,82.9,77.4,13.2,0.0,0,30.03,"Waterville North, Waterville, Douglas County",330046,Waterville North,2017-11-30 22:13:32.680802
2016-08-16,21:45,70.0,70.1,50.2,49.4,0.0,NW@7.2,8.9,82.3,77.4,13.2,0.0,0,30.03,"Waterville North, Waterville, Douglas County",330046,Waterville North,2017-11-30 22:13:32.680802
2016-08-16,22:00,69.7,69.9,49.9,49.2,0.0,W@7.4,8.9,81.7,77.4,13.2,0.0,0,30.03,"Waterville North, Waterville, Douglas County",330046,Waterville North,2017-11-30 22:13:32.680802
2016-08-16,22:15,68.9,69.0,49.5,49.8,0.0,W@6.7,8.5,81.1,77.4,13.2,0.0,0,30.03,"Waterville North, Waterville, Douglas County",330046,Waterville North,2017-11-30 22:13:32.680802
2016-08-16,22:30,69.0,69.1,49.1,49.1,0.0,W@7.6,9.2,80.6,77.3,13.2,0.0,0,30.03,"Waterville North, Waterville, Douglas County",330046,Waterville North,2017-11-30 22:13:32.680802
2016-08-16,22:45,68.4,68.5,48.9,49.7,0.0,NW@7.7,9.6,80.1,77.3,13.2,0.0,0,30.03,"Waterville North, Waterville, Douglas County",330046,Waterville North,2017-11-30 22:13:32.680802
2016-08-16,23:00,68.4,68.5,48.6,49.2,0.0,NW@7.4,9.6,79.6,77.3,13.2,0.0,0,30.03,"Waterville North, Waterville, Douglas County",330046,Waterville North,2017-11-30 22:13:32.680802
2016-08-17,23:15,68.4,68.5,48.2,48.5,0.0,W@6.9,9.2,79.1,77.3,13.2,0.0,0,30.04,"Waterville North, Waterville, Douglas County",330046,Waterville North,2017-11-30 22:13:32.680802
2016-08-17,23:30,67.5,67.6,48.1,49.7,0.0,NW@7.1,9.2,78.7,77.2,13.2,0.0,0,30.03,"Waterville North, Waterville, Douglas County",330046,Waterville North,2017-11-30 22:13:32.680802
2016-08-17,23:45,67.5,67.7,47.8,49.2,0.0,NW@8.0,9.6,78.2,77.2,13.2,0.0,0,30.03,"Waterville North, Waterville, Douglas County",330046,Waterville North,2017-11-30 22:13:32.680802
2016-08-17,24:00,67.6,67.8,47.6,48.5,0.0,NW@6.1,8.5,77.8,77.1,13.2,0.0,0,30.04,"Waterville North, Waterville, Douglas County",330046,Waterville North,2017-11-30 22:13:32.680802
2016-08-17,00:15,67.2,67.3,47.6,49.3,0.0,NW@6.6,8.2,77.5,77.1,13.2,0.0,0,30.04,"Waterville North, Waterville, Douglas County",330046,Waterville North,2017-11-30 22:13:32.680802
2016-08-17,00:30,67.7,67.8,47.5,48.3,0.0,NW@6.5,7.8,77.1,77.1,13.2,0.0,0,30.04,"Waterville North, Waterville, Douglas County",330046,Waterville North,2017-11-30 22:13:32.680802
2016-08-17,00:45,66.7,66.8,47.3,49.6,0.0,NW@6.9,8.2,76.7,77.0,13.2,0.0,0,30.04,"Waterville North, Waterville, Douglas County",330046,Waterville North,2017-11-30 22:13:32.680802
2016-08-17,01:00,66.8,67.0,47.8,50.3,0.0,NW@7.6,8.9,76.4,77.0,13.1,0.0,0,30.04,"Waterville North, Waterville, Douglas County",330046,Waterville North,2017-11-30 22:13:32.680802
2016-08-17,01:15,66.5,66.6,47.2,49.8,0.0,NW@8.3,10.3,76.0,76.9,13.1,0.0,0,30.03,"Waterville North, Waterville, Douglas County",330046,Waterville North,2017-11-30 22:13:32.680802
2016-08-17,01:30,66.0,66.2,47.4,51.0,0.0,NW@7.2,8.5,75.7,76.9,13.1,0.0,0,30.04,"Waterville North, Waterville, Douglas County",330046,Waterville North,2017-11-30 22:13:32.680802
2016-08-17,01:45,66.6,66.7,47.9,50.8,0.0,NW@7.1,8.9,75.4,76.8,13.1,0.0,0,30.03,"Waterville North, Waterville, Douglas County",330046,Waterville North,2017-11-30 22:13:32.680802
2016-08-17,02:00,65.3,65.4,48.1,53.7,0.0,NW@7.8,8.9,75.1,76.7,13.1,0.0,0,30.03,"Waterville North, Waterville, Douglas County",330046,Waterville North,2017-11-30 22:13:32.680802
2016-08-17,02:15,63.8,64.0,48.1,56.5,0.0,NW@8.3,9.2,74.8,76.7,13.1,0.0,0,30.03,"Waterville North, Waterville, Douglas County",330046,Waterville North,2017-11-30 22:13:32.680802
2016-08-17,02:30,63.5,63.6,48.1,57.2,0.0,NW@8.2,9.9,74.5,76.6,13.1,0.0,0,30.03,"Waterville North, Waterville, Douglas County",330046,Waterville North,2017-11-30 22:13:32.680802
2016-08-17,02:45,63.2,63.2,48.2,58.1,0.0,NW@9.0,10.7,74.2,76.6,13.1,0.0,0,30.03,"Waterville North, Waterville, Douglas County",330046,Waterville North,2017-11-30 22:13:32.680802
2016-08-17,03:00,63.1,63.1,48.2,58.3,0.0,NW@8.6,9.6,74.0,76.5,13.1,0.0,0,30.03,"Waterville North, Waterville, Douglas County",330046,Waterville North,2017-11-30 22:13:32.680802
2016-08-17,03:15,63.0,63.2,48.1,58.0,0.0,NW@9.3,10.3,73.7,76.4,13.1,0.0,0,30.03,"Waterville North, Waterville, Douglas County",330046,Waterville North,2017-11-30 22:13:32.680802
2016-08-17,03:30,63.4,63.6,48.2,57.5,0.0,NW@8.3,9.6,73.4,76.4,13.1,0.0,0,30.04,"Waterville North, Waterville, Douglas County",330046,Waterville North,2017-11-30 22:13:32.680802
2016-08-17,03:45,62.9,63.1,48.2,58.5,0.0,NW@8.4,10.3,73.1,76.3,13.1,0.0,0,30.04,"Waterville North, Waterville, Douglas County",330046,Waterville North,2017-11-30 22:13:32.680802
2016-08-17,04:00,63.0,63.1,48.2,58.3,0.0,NW@8.8,10.7,72.9,76.2,13.1,0.0,0,30.03,"Waterville North, Waterville, Douglas County",330046,Waterville North,2017-11-30 22:13:32.680802
2016-08-17,04:15,62.7,62.8,48.1,58.9,0.0,NW@9.0,9.9,72.7,76.2,13.1,0.0,0,30.04,"Waterville North, Waterville, Douglas County",330046,Waterville North,2017-11-30 22:13:32.680802
2016-08-17,04:30,62.5,62.6,47.8,58.6,0.0,NW@9.3,11.4,72.4,76.1,13.1,0.0,0,30.03,"Waterville North, Waterville, Douglas County",330046,Waterville North,2017-11-30 22:13:32.680802
2016-08-17,04:45,62.2,62.3,48.0,59.6,0.0,NW@10.6,12.8,72.2,76.0,13.1,0.0,1,30.03,"Waterville North, Waterville, Douglas County",330046,Waterville North,2017-11-30 22:13:32.680802
2016-08-17,05:00,62.3,62.4,47.9,59.0,0.0,NW@11.2,13.2,72.0,75.9,13.1,0.0,3,30.03,"Waterville North, Waterville, Douglas County",330046,Waterville North,2017-11-30 22:13:32.680802
2016-08-17,05:15,61.8,61.9,47.6,59.6,0.0,NW@10.7,12.1,71.8,75.9,13.1,0.0,8,30.03,"Waterville North, Waterville, Douglas County",330046,Waterville North,2017-11-30 22:13:32.680802
2016-08-17,05:30,61.9,62.0,47.5,59.2,0.0,NW@9.5,10.7,71.6,75.8,13.1,0.0,22,30.04,"Waterville North, Waterville, Douglas County",330046,Waterville North,2017-11-30 22:13:32.680802
2016-08-17,05:45,62.5,62.8,47.6,58.1,0.0,NW@9.7,10.7,71.4,75.7,13.1,0.0,56,30.04,"Waterville North, Waterville, Douglas County",330046,Waterville North,2017-11-30 22:13:32.680802
2016-08-17,06:00,63.1,63.4,47.7,57.1,0.0,NW@10.3,12.1,71.2,75.6,13.1,0.0,97,30.04,"Waterville North, Waterville, Douglas County",330046,Waterville North,2017-11-30 22:13:32.680802
2016-08-17,06:15,65.4,65.8,47.5,52.3,0.0,N@11.7,13.9,71.1,75.6,13.1,0.0,131,30.05,"Waterville North, Waterville, Douglas County",330046,Waterville North,2017-11-30 22:13:32.680802
2016-08-17,06:30,67.2,67.5,46.6,47.5,0.0,N@14.7,24.3,71.0,75.5,13.1,0.0,168,30.05,"Waterville North, Waterville, Douglas County",330046,Waterville North,2017-11-30 22:13:32.680802
2016-08-17,06:45,68.2,68.5,45.2,43.5,0.0,N@17.7,21.0,71.0,75.4,13.1,0.0,206,30.05,"Waterville North, Waterville, Douglas County",330046,Waterville North,2017-11-30 22:13:32.680802
2016-08-17,07:00,68.6,68.8,45.0,42.7,0.0,N@17.0,20.7,71.0,75.3,13.0,0.0,247,30.05,"Waterville North, Waterville, Douglas County",330046,Waterville North,2017-11-30 22:13:32.680802
2016-08-17,07:15,68.8,69.1,44.6,41.7,0.0,N@18.4,21.8,71.1,75.2,13.0,0.0,288,30.05,"Waterville North, Waterville, Douglas County",330046,Waterville North,2017-11-30 22:13:32.680802
2016-08-17,07:30,69.1,69.4,44.8,41.5,0.0,N@17.5,21.0,71.3,75.1,13.0,0.0,330,30.05,"Waterville North, Waterville, Douglas County",330046,Waterville North,2017-11-30 22:13:32.680802
2016-08-17,07:45,69.5,69.7,44.8,41.0,0.0,N@18.4,22.5,71.5,75.1,13.0,0.0,372,30.05,"Waterville North, Waterville, Douglas County",330046,Waterville North,2017-11-30 22:13:32.680802
2016-08-17,08:00,69.5,69.8,45.0,41.3,0.0,N@18.6,21.8,71.8,75.0,13.0,0.0,412,30.05,"Waterville North, Waterville, Douglas County",330046,Waterville North,2017-11-30 22:13:32.680802
2016-08-17,08:15,70.1,70.4,44.7,40.1,0.0,N@19.0,22.1,72.1,74.9,13.0,0.0,453,30.05,"Waterville North, Waterville, Douglas County",330046,Waterville North,2017-11-30 22:13:32.680802
2016-08-17,08:30,71.0,71.3,44.8,39.0,0.0,N@19.5,23.2,72.5,74.9,13.0,0.0,492,30.05,"Waterville North, Waterville, Douglas County",330046,Waterville North,2017-11-30 22:13:32.680802
2016-08-17,08:45,71.0,71.4,44.7,38.7,0.0,N@19.3,22.8,72.9,74.8,13.0,0.0,530,30.06,"Waterville North, Waterville, Douglas County",330046,Waterville North,2017-11-30 22:13:32.680802
2016-08-17,09:00,71.8,72.1,44.1,36.9,0.0,N@18.1,21.8,73.4,74.8,13.0,0.0,566,30.06,"Waterville North, Waterville, Douglas County",330046,Waterville North,2017-11-30 22:13:32.680802
2016-08-17,09:15,72.7,73.0,44.0,35.6,0.0,N@17.4,21.0,73.9,74.7,13.0,0.0,599,30.06,"Waterville North, Waterville, Douglas County",330046,Waterville North,2017-11-30 22:13:32.680802
2016-08-17,09:30,73.6,73.9,43.6,34.1,0.0,N@15.3,18.9,74.3,74.6,13.0,0.0,632,30.06,"Waterville North, Waterville, Douglas County",330046,Waterville North,2017-11-30 22:13:32.680802
2016-08-17,09:45,74.5,74.9,43.3,32.7,0.0,N@13.4,16.7,74.5,74.6,13.0,0.0,662,30.06,"Waterville North, Waterville, Douglas County",330046,Waterville North,2017-11-30 22:13:32.680802
2016-08-17,10:00,76.0,76.3,44.0,31.9,0.0,N@11.5,15.0,74.8,74.6,13.0,0.0,695,30.06,"Waterville North, Waterville, Douglas County",330046,Waterville North,2017-11-30 22:13:32.680802
2016-08-17,10:15,76.1,76.4,44.1,32.0,0.0,N@12.0,15.7,75.3,74.5,13.0,0.0,675,30.06,"Waterville North, Waterville, Douglas County",330046,Waterville North,2017-11-30 22:13:32.680802
2016-08-17,10:30,77.1,77.4,44.3,31.1,0.0,N@11.6,16.4,76.1,74.5,13.0,0.0,716,30.06,"Waterville North, Waterville, Douglas County",330046,Waterville North,2017-11-30 22:13:32.680802
2016-08-17,10:45,77.7,78.0,43.9,30.1,0.0,N@12.0,17.5,77.0,74.5,13.0,0.0,762,30.06,"Waterville North, Waterville, Douglas County",330046,Waterville North,2017-11-30 22:13:32.680802
2016-08-17,11:00,79.5,79.3,43.4,27.8,0.0,N@11.1,16.7,78.1,74.4,13.0,0.0,776,30.06,"Waterville North, Waterville, Douglas County",330046,Waterville North,2017-11-30 22:13:32.680802
2016-08-17,11:15,80.9,80.6,43.0,26.2,0.0,N@11.1,17.1,79.2,74.5,13.0,0.0,790,30.05,"Waterville North, Waterville, Douglas County",330046,Waterville North,2017-11-30 22:13:32.680802
2016-08-17,11:30,81.9,81.5,42.9,25.2,0.0,N@10.8,16.0,80.4,74.5,13.0,0.0,800,30.05,"Waterville North, Waterville, Douglas County",330046,Waterville North,2017-11-30 22:13:32.680802
2016-08-17,11:45,81.9,81.4,42.5,24.8,0.0,N@12.4,18.9,81.6,74.5,13.0,0.0,810,30.05,"Waterville North, Waterville, Douglas County",330046,Waterville North,2017-11-30 22:13:32.680802
2016-08-17,12:00,82.6,82.4,42.5,24.3,0.0,N@12.7,18.2,82.9,74.5,13.0,0.0,817,30.05,"Waterville North, Waterville, Douglas County",330046,Waterville North,2017-11-30 22:13:32.680802
2016-08-17,12:15,83.4,83.0,43.0,24.1,0.0,N@9.8,15.7,84.0,74.5,13.0,0.0,820,30.05,"Waterville North, Waterville, Douglas County",330046,Waterville North,2017-11-30 22:13:32.680802
2016-08-17,12:30,84.1,84.0,43.1,23.7,0.0,N@8.5,15.3,85.2,74.6,13.0,0.0,820,30.05,"Waterville North, Waterville, Douglas County",330046,Waterville North,2017-11-30 22:13:32.680802
2016-08-17,12:45,84.1,84.3,43.5,24.0,0.0,N@8.2,13.2,86.3,74.6,13.0,0.0,817,30.05,"Waterville North, Waterville, Douglas County",330046,Waterville North,2017-11-30 22:13:32.680802
2016-08-17,13:00,83.9,83.6,43.5,24.2,0.0,N@8.3,13.2,87.5,74.6,13.0,0.0,810,30.05,"Waterville North, Waterville, Douglas County",330046,Waterville North,2017-11-30 22:13:32.680802
2016-08-17,13:15,84.1,84.4,43.6,24.1,0.0,NW@7.9,15.7,88.6,74.7,13.0,0.0,801,30.04,"Waterville North, Waterville, Douglas County",330046,Waterville North,2017-11-30 22:13:32.680802
2016-08-17,13:30,84.9,84.9,43.2,23.2,0.0,N@7.4,15.0,89.6,74.7,13.0,0.0,788,30.04,"Waterville North, Waterville, Douglas County",330046,Waterville North,2017-11-30 22:13:32.680802
2016-08-17,13:45,85.4,85.7,43.5,23.1,0.0,NW@8.7,13.5,90.6,74.8,13.0,0.0,772,30.04,"Waterville North, Waterville, Douglas County",330046,Waterville North,2017-11-30 22:13:32.680802
2016-08-17,14:00,85.2,85.2,43.1,22.9,0.0,NW@8.6,14.6,91.5,74.8,13.0,0.0,754,30.04,"Waterville North, Waterville, Douglas County",330046,Waterville North,2017-11-30 22:13:32.680802
2016-08-17,14:15,85.3,85.4,43.1,22.8,0.0,NW@9.5,15.3,92.3,74.9,13.0,0.0,731,30.04,"Waterville North, Waterville, Douglas County",330046,Waterville North,2017-11-30 22:13:32.680802
2016-08-17,14:30,86.1,86.3,43.0,22.2,0.0,N@8.2,13.2,93.0,75.0,13.0,0.0,707,30.03,"Waterville North, Waterville, Douglas County",330046,Waterville North,2017-11-30 22:13:32.680802
2016-08-17,14:45,85.8,86.0,42.9,22.2,0.0,NW@8.3,13.5,93.6,75.0,13.0,0.0,679,30.03,"Waterville North, Waterville, Douglas County",330046,Waterville North,2017-11-30 22:13:32.680802
2016-08-17,15:00,85.8,85.9,42.7,22.1,0.0,NW@8.4,15.7,94.2,75.1,13.0,0.0,649,30.03,"Waterville North, Waterville, Douglas County",330046,Waterville North,2017-11-30 22:13:32.680802
2016-08-17,15:15,86.4,86.5,42.5,21.5,0.0,NW@6.2,14.6,94.6,75.2,13.0,0.0,618,30.03,"Waterville North, Waterville, Douglas County",330046,Waterville North,2017-11-30 22:13:32.680802
2016-08-17,15:30,86.5,86.8,41.7,20.7,0.0,N@9.8,13.5,95.0,75.3,13.0,0.0,584,30.03,"Waterville North, Waterville, Douglas County",330046,Waterville North,2017-11-30 22:13:32.680802
2016-08-17,15:45,87.1,87.2,41.1,20.0,0.0,N@7.0,10.3,95.3,75.4,13.0,0.0,548,30.03,"Waterville North, Waterville, Douglas County",330046,Waterville North,2017-11-30 22:13:32.680802
2016-08-17,16:00,88.1,87.6,41.1,19.3,0.0,N@4.3,9.2,95.6,75.5,13.0,0.0,512,30.03,"Waterville North, Waterville, Douglas County",330046,Waterville North,2017-11-30 22:13:32.680802
2016-08-17,16:15,88.5,87.7,40.7,18.7,0.0,NE@4.7,9.2,95.7,75.7,13.0,0.0,469,30.03,"Waterville North, Waterville, Douglas County",330046,Waterville North,2017-11-30 22:13:32.680802
2016-08-17,16:30,88.1,88.2,40.5,18.8,0.0,N@4.4,8.5,95.9,75.8,13.0,0.0,433,30.03,"Waterville North, Waterville, Douglas County",330046,Waterville North,2017-11-30 22:13:32.680802
2016-08-17,16:45,88.2,88.4,39.3,17.9,0.0,NW@2.8,4.6,96.0,75.9,13.0,0.0,387,30.02,"Waterville North, Waterville, Douglas County",330046,Waterville North,2017-11-30 22:13:32.680802
2016-08-17,17:00,88.6,87.8,39.4,17.8,0.0,N@4.5,7.4,96.0,76.0,13.0,0.0,343,30.02,"Waterville North, Waterville, Douglas County",330046,Waterville North,2017-11-30 22:13:32.680802
2016-08-17,17:15,88.7,87.7,39.9,18.1,0.0,N@3.6,9.9,95.9,76.1,13.0,0.0,298,30.02,"Waterville North, Waterville, Douglas County",330046,Waterville North,2017-11-30 22:13:32.680802
2016-08-17,17:30,86.6,86.9,41.4,20.5,0.0,N@6.6,9.6,95.7,76.2,13.0,0.0,254,30.02,"Waterville North, Waterville, Douglas County",330046,Waterville North,2017-11-30 22:13:32.680802
2016-08-17,17:45,86.0,86.3,41.6,21.0,0.0,NW@7.1,9.6,95.5,76.3,13.0,0.0,212,30.02,"Waterville North, Waterville, Douglas County",330046,Waterville North,2017-11-30 22:13:32.680802
2016-08-17,18:00,85.7,85.9,41.1,20.8,0.0,NW@6.4,8.5,95.1,76.4,13.0,0.0,172,30.02,"Waterville North, Waterville, Douglas County",330046,Waterville North,2017-11-30 22:13:32.680802
2016-08-17,18:15,85.1,85.3,41.2,21.3,0.0,NW@6.7,8.2,94.6,76.5,13.0,0.0,132,30.02,"Waterville North, Waterville, Douglas County",330046,Waterville North,2017-11-30 22:13:32.680802
2016-08-17,18:30,84.7,84.4,40.7,21.2,0.0,N@5.6,6.7,93.9,76.6,13.0,0.0,93,30.02,"Waterville North, Waterville, Douglas County",330046,Waterville North,2017-11-30 22:13:32.680802
2016-08-17,18:45,83.5,83.2,40.7,22.0,0.0,N@6.4,8.9,93.2,76.7,13.0,0.0,57,30.02,"Waterville North, Waterville, Douglas County",330046,Waterville North,2017-11-30 22:13:32.680802
2016-08-17,19:00,81.7,81.4,40.6,23.2,0.0,N@6.4,8.9,92.4,76.8,13.0,0.0,27,30.02,"Waterville North, Waterville, Douglas County",330046,Waterville North,2017-11-30 22:13:32.680802
2016-08-17,19:15,80.7,80.8,40.8,24.1,0.0,N@9.5,13.5,91.4,76.9,13.1,0.0,6,30.02,"Waterville North, Waterville, Douglas County",330046,Waterville North,2017-11-30 22:13:32.680802
2016-08-17,19:30,80.4,80.6,40.9,24.5,0.0,N@12.2,17.1,90.3,77.0,13.1,0.0,2,30.03,"Waterville North, Waterville, Douglas County",330046,Waterville North,2017-11-30 22:13:32.680802
2016-08-17,19:45,80.3,80.4,40.7,24.4,0.0,N@13.9,17.5,89.2,77.1,13.1,0.0,0,30.03,"Waterville North, Waterville, Douglas County",330046,Waterville North,2017-11-30 22:13:32.680802
2016-08-17,20:00,79.7,79.8,40.7,24.9,0.0,N@14.0,18.9,88.2,77.1,13.1,0.0,0,30.04,"Waterville North, Waterville, Douglas County",330046,Waterville North,2017-11-30 22:13:32.680802
2016-08-17,20:15,79.1,79.2,40.6,25.3,0.0,N@14.5,18.5,87.2,77.2,13.1,0.0,0,30.04,"Waterville North, Waterville, Douglas County",330046,Waterville North,2017-11-30 22:13:32.680802
2016-08-17,20:30,78.9,79.0,40.3,25.2,0.0,N@15.1,20.3,86.3,77.2,13.1,0.0,0,30.05,"Waterville North, Waterville, Douglas County",330046,Waterville North,2017-11-30 22:13:32.680802
2016-08-17,20:45,78.7,78.8,40.5,25.5,0.0,N@16.7,25.0,85.5,77.2,13.1,0.0,0,30.05,"Waterville North, Waterville, Douglas County",330046,Waterville North,2017-11-30 22:13:32.680802
2016-08-17,21:00,78.2,78.3,40.7,26.1,0.0,N@16.2,20.7,84.8,77.3,13.1,0.0,0,30.05,"Waterville North, Waterville, Douglas County",330046,Waterville North,2017-11-30 22:13:32.680802
2016-08-17,21:15,77.8,77.9,40.9,26.8,0.0,N@17.1,22.8,84.1,77.3,13.1,0.0,0,30.06,"Waterville North, Waterville, Douglas County",330046,Waterville North,2017-11-30 22:13:32.680802
2016-08-17,21:30,77.4,77.5,41.1,27.3,0.0,N@17.4,25.0,83.5,77.3,13.1,0.0,0,30.06,"Waterville North, Waterville, Douglas County",330046,Waterville North,2017-11-30 22:13:32.680802
2016-08-17,21:45,77.1,77.2,41.3,27.8,0.0,N@18.7,25.0,82.9,77.3,13.1,0.0,0,30.06,"Waterville North, Waterville, Douglas County",330046,Waterville North,2017-11-30 22:13:32.680802
2016-08-17,22:00,76.7,76.9,41.4,28.2,0.0,N@19.3,27.1,82.4,77.3,13.1,0.0,0,30.06,"Waterville North, Waterville, Douglas County",330046,Waterville North,2017-11-30 22:13:32.680802
2016-08-17,22:15,76.3,76.5,41.5,28.7,0.0,N@20.0,28.2,81.9,77.3,13.1,0.0,0,30.07,"Waterville North, Waterville, Douglas County",330046,Waterville North,2017-11-30 22:13:32.680802
2016-08-17,22:30,75.9,76.0,41.5,29.1,0.0,N@19.9,26.4,81.4,77.3,13.1,0.0,0,30.07,"Waterville North, Waterville, Douglas County",330046,Waterville North,2017-11-30 22:13:32.680802
2016-08-17,22:45,75.2,75.4,41.6,29.9,0.0,N@18.8,27.5,81.0,77.3,13.1,0.0,0,30.08,"Waterville North, Waterville, Douglas County",330046,Waterville North,2017-11-30 22:13:32.680802
2016-08-17,23:00,74.9,75.1,41.7,30.3,0.0,N@19.4,28.9,80.6,77.3,13.1,0.0,0,30.08,"Waterville North, Waterville, Douglas County",330046,Waterville North,2017-11-30 22:13:32.680802
2016-08-18,23:15,74.6,74.7,41.7,30.7,0.0,N@19.6,26.4,80.2,77.3,13.1,0.0,0,30.08,"Waterville North, Waterville, Douglas County",330046,Waterville North,2017-11-30 22:13:32.680802
2016-08-18,23:30,74.3,74.5,41.6,30.8,0.0,N@21.0,30.0,79.8,77.3,13.1,0.0,0,30.08,"Waterville North, Waterville, Douglas County",330046,Waterville North,2017-11-30 22:13:32.680802
2016-08-18,23:45,73.7,73.8,41.3,31.2,0.0,N@19.6,25.3,79.5,77.2,13.1,0.0,0,30.09,"Waterville North, Waterville, Douglas County",330046,Waterville North,2017-11-30 22:13:32.680802
2016-08-18,24:00,73.4,73.5,41.1,31.2,0.0,N@19.1,26.4,79.1,77.2,13.1,0.0,0,30.09,"Waterville North, Waterville, Douglas County",330046,Waterville North,2017-11-30 22:13:32.680802
