Date,Time PST,Air Temp °F, 2<sup>nd</sup> Air Temp °F, Dew Point °F, Rel Hum %, Leaf Wet u., Wind Dir @ Speed mph, Wind Gust mph, 2 in. Soil Tmp °F, 8 in. Soil Tmp °F, Soil VWC %, Tot Prec in, Solar Rad W/m²,Location,Station ID,Station Name,Download Timestamp
2010-09-23,00:15,41.5,,40.3,95.6,0.93,E@2.1,3.1,,57.6,0.0,0.0,0,"Ellisforde, Okanogan County",330145,Ellisforde,2017-12-13 01:56:33.846826
2010-09-23,00:30,40.7,,39.6,96.0,0.93,E@1.3,2.8,,57.6,0.0,0.0,0,"Ellisforde, Okanogan County",330145,Ellisforde,2017-12-13 01:56:33.846826
2010-09-23,00:45,40.0,,39.3,97.2,0.94,E@1.7,3.1,,57.5,0.0,0.0,0,"Ellisforde, Okanogan County",330145,Ellisforde,2017-12-13 01:56:33.846826
2010-09-23,01:00,39.4,,39.0,98.2,0.94,E@0.6,2.4,,57.5,0.0,0.0,0,"Ellisforde, Okanogan County",330145,Ellisforde,2017-12-13 01:56:33.846826
2010-09-23,01:15,38.7,,38.4,98.7,0.94,E@1.8,2.4,,57.5,0.0,0.0,0,"Ellisforde, Okanogan County",330145,Ellisforde,2017-12-13 01:56:33.846826
2010-09-23,01:30,39.1,,39.0,99.4,0.94,E@0.8,2.1,,57.5,0.0,0.0,0,"Ellisforde, Okanogan County",330145,Ellisforde,2017-12-13 01:56:33.846826
2010-09-23,01:45,38.6,,38.4,99.3,0.95,E@0.9,2.4,,57.4,0.0,0.0,0,"Ellisforde, Okanogan County",330145,Ellisforde,2017-12-13 01:56:33.846826
2010-09-23,02:00,38.6,,38.4,99.3,0.95,SE@0.9,2.4,,57.4,0.0,0.0,0,"Ellisforde, Okanogan County",330145,Ellisforde,2017-12-13 01:56:33.846826
2010-09-23,02:15,38.3,,38.1,99.3,0.98,SE@0.7,2.4,,57.4,0.0,0.0,0,"Ellisforde, Okanogan County",330145,Ellisforde,2017-12-13 01:56:33.846826
2010-09-23,02:30,38.3,,38.2,99.5,1.0,SE@0.3,2.4,,57.4,0.0,0.0,0,"Ellisforde, Okanogan County",330145,Ellisforde,2017-12-13 01:56:33.846826
2010-09-23,02:45,37.9,,37.8,99.5,1.0,N@0.0,0.0,,57.3,0.0,0.0,0,"Ellisforde, Okanogan County",330145,Ellisforde,2017-12-13 01:56:33.846826
2010-09-23,03:00,37.7,,37.5,99.3,1.0,N@0.0,0.0,,57.3,0.0,0.0,0,"Ellisforde, Okanogan County",330145,Ellisforde,2017-12-13 01:56:33.846826
2010-09-23,03:15,37.9,,37.8,99.7,1.0,N@0.0,0.0,,57.2,0.0,0.0,0,"Ellisforde, Okanogan County",330145,Ellisforde,2017-12-13 01:56:33.846826
2010-09-23,03:30,37.8,,37.7,99.7,1.0,N@0.0,0.0,,57.2,0.0,0.0,0,"Ellisforde, Okanogan County",330145,Ellisforde,2017-12-13 01:56:33.846826
2010-09-23,03:45,37.9,,37.8,99.9,1.0,N@0.0,0.0,,57.2,0.0,0.0,0,"Ellisforde, Okanogan County",330145,Ellisforde,2017-12-13 01:56:33.846826
2010-09-23,04:00,38.4,,38.4,100.0,1.0,N@0.0,0.0,,57.1,0.0,0.0,0,"Ellisforde, Okanogan County",330145,Ellisforde,2017-12-13 01:56:33.846826
2010-09-23,04:15,38.6,,38.6,99.8,1.0,N@0.0,0.0,,57.1,0.0,0.0,0,"Ellisforde, Okanogan County",330145,Ellisforde,2017-12-13 01:56:33.846826
2010-09-23,04:30,38.9,,38.8,99.7,1.0,N@0.0,0.0,,57.1,0.0,0.0,0,"Ellisforde, Okanogan County",330145,Ellisforde,2017-12-13 01:56:33.846826
2010-09-23,04:45,38.7,,38.6,99.8,1.0,SE@0.8,2.4,,57.0,0.0,0.0,0,"Ellisforde, Okanogan County",330145,Ellisforde,2017-12-13 01:56:33.846826
2010-09-23,05:00,38.8,,38.7,99.9,1.0,SE@0.2,2.4,,57.0,0.0,0.0,0,"Ellisforde, Okanogan County",330145,Ellisforde,2017-12-13 01:56:33.846826
2010-09-23,05:15,38.7,,38.7,99.7,1.0,E@0.7,2.1,,56.9,0.0,0.0,0,"Ellisforde, Okanogan County",330145,Ellisforde,2017-12-13 01:56:33.846826
2010-09-23,05:30,38.9,,38.9,99.9,1.0,SE@0.7,2.4,,56.9,0.0,0.0,1,"Ellisforde, Okanogan County",330145,Ellisforde,2017-12-13 01:56:33.846826
2010-09-23,05:45,39.3,,39.3,99.9,1.0,SE@1.6,2.8,,56.8,0.0,0.0,2,"Ellisforde, Okanogan County",330145,Ellisforde,2017-12-13 01:56:33.846826
2010-09-23,06:00,40.4,,40.3,99.8,1.0,SE@1.9,2.8,,56.8,0.0,0.0,8,"Ellisforde, Okanogan County",330145,Ellisforde,2017-12-13 01:56:33.846826
2010-09-23,06:15,40.9,,40.8,99.8,1.0,SE@1.0,3.1,,56.7,0.0,0.0,18,"Ellisforde, Okanogan County",330145,Ellisforde,2017-12-13 01:56:33.846826
2010-09-23,06:30,42.0,,41.7,98.9,1.0,W@0.4,2.4,,56.7,0.0,0.0,26,"Ellisforde, Okanogan County",330145,Ellisforde,2017-12-13 01:56:33.846826
2010-09-23,06:45,42.3,,41.5,97.3,1.0,SW@0.6,3.5,,56.6,0.0,0.0,12,"Ellisforde, Okanogan County",330145,Ellisforde,2017-12-13 01:56:33.846826
2010-09-23,07:00,42.3,,41.4,96.6,1.0,SW@0.9,3.9,,56.6,0.0,0.0,6,"Ellisforde, Okanogan County",330145,Ellisforde,2017-12-13 01:56:33.846826
2010-09-23,07:15,42.7,,41.7,96.1,0.95,E@0.5,3.1,,56.5,0.0,0.0,25,"Ellisforde, Okanogan County",330145,Ellisforde,2017-12-13 01:56:33.846826
2010-09-23,07:30,43.8,,42.6,95.4,0.93,S@1.5,3.5,,56.5,0.0,0.0,57,"Ellisforde, Okanogan County",330145,Ellisforde,2017-12-13 01:56:33.846826
2010-09-23,07:45,44.1,,41.7,91.2,0.92,SW@1.1,4.2,,56.4,0.0,0.0,59,"Ellisforde, Okanogan County",330145,Ellisforde,2017-12-13 01:56:33.846826
2010-09-23,08:00,45.1,,43.1,92.6,0.92,SE@0.6,2.8,,56.4,0.0,0.0,128,"Ellisforde, Okanogan County",330145,Ellisforde,2017-12-13 01:56:33.846826
2010-09-23,08:15,46.8,,42.8,85.6,0.92,SW@0.3,2.4,,56.3,0.0,0.0,135,"Ellisforde, Okanogan County",330145,Ellisforde,2017-12-13 01:56:33.846826
2010-09-23,08:30,47.9,,43.5,84.6,0.92,SW@0.5,2.8,,56.3,0.0,0.0,176,"Ellisforde, Okanogan County",330145,Ellisforde,2017-12-13 01:56:33.846826
2010-09-23,08:45,48.7,,43.8,83.2,0.91,SW@2.4,4.9,,56.3,0.0,0.0,257,"Ellisforde, Okanogan County",330145,Ellisforde,2017-12-13 01:56:33.846826
2010-09-23,09:00,48.9,,44.2,83.8,0.89,SW@3.0,5.7,,56.2,0.0,0.0,233,"Ellisforde, Okanogan County",330145,Ellisforde,2017-12-13 01:56:33.846826
2010-09-23,09:15,49.8,,44.5,81.9,0.86,S@2.1,4.9,,56.2,0.0,0.0,204,"Ellisforde, Okanogan County",330145,Ellisforde,2017-12-13 01:56:33.846826
2010-09-23,09:30,51.4,,45.4,79.7,0.78,E@1.5,3.1,,56.1,0.0,0.0,118,"Ellisforde, Okanogan County",330145,Ellisforde,2017-12-13 01:56:33.846826
2010-09-23,09:45,52.4,,45.6,77.5,0.37,E@2.0,4.2,,56.1,0.0,0.0,100,"Ellisforde, Okanogan County",330145,Ellisforde,2017-12-13 01:56:33.846826
2010-09-23,10:00,54.7,,46.5,73.8,0.01,NW@1.8,4.6,,56.1,0.0,0.0,254,"Ellisforde, Okanogan County",330145,Ellisforde,2017-12-13 01:56:33.846826
2010-09-23,10:15,56.5,,45.8,67.2,0.0,NE@1.4,3.5,,56.0,0.0,0.0,226,"Ellisforde, Okanogan County",330145,Ellisforde,2017-12-13 01:56:33.846826
2010-09-23,10:30,58.7,,46.3,63.4,0.0,SW@2.1,4.2,,56.0,0.0,0.0,423,"Ellisforde, Okanogan County",330145,Ellisforde,2017-12-13 01:56:33.846826
2010-09-23,10:45,60.4,,46.4,59.8,0.0,SW@3.3,8.2,,56.0,0.0,0.0,600,"Ellisforde, Okanogan County",330145,Ellisforde,2017-12-13 01:56:33.846826
2010-09-23,11:00,60.0,,45.7,59.2,0.0,SW@4.9,8.5,,56.0,0.0,0.0,429,"Ellisforde, Okanogan County",330145,Ellisforde,2017-12-13 01:56:33.846826
2010-09-23,11:15,62.0,,45.7,55.1,0.0,SW@3.9,11.0,,55.9,0.0,0.0,619,"Ellisforde, Okanogan County",330145,Ellisforde,2017-12-13 01:56:33.846826
2010-09-23,11:30,63.1,,45.6,52.8,0.0,SW@5.4,9.9,,55.9,0.0,0.0,631,"Ellisforde, Okanogan County",330145,Ellisforde,2017-12-13 01:56:33.846826
2010-09-23,11:45,64.3,,45.8,51.0,0.0,SW@6.4,14.2,,55.9,0.0,0.0,541,"Ellisforde, Okanogan County",330145,Ellisforde,2017-12-13 01:56:33.846826
2010-09-23,12:00,63.3,,45.0,51.1,0.0,SW@7.7,12.8,,55.9,0.0,0.0,290,"Ellisforde, Okanogan County",330145,Ellisforde,2017-12-13 01:56:33.846826
2010-09-23,12:15,61.7,,44.7,53.5,0.0,SW@6.7,12.1,,55.9,0.0,0.0,136,"Ellisforde, Okanogan County",330145,Ellisforde,2017-12-13 01:56:33.846826
2010-09-23,12:30,61.5,,44.5,53.6,0.0,SW@4.0,9.2,,55.8,0.0,0.0,112,"Ellisforde, Okanogan County",330145,Ellisforde,2017-12-13 01:56:33.846826
2010-09-23,12:45,61.7,,44.8,53.7,0.0,NW@2.8,6.4,,55.8,0.0,0.0,126,"Ellisforde, Okanogan County",330145,Ellisforde,2017-12-13 01:56:33.846826
2010-09-23,13:00,62.2,,44.6,52.5,0.0,SW@3.7,8.9,,55.8,0.0,0.0,163,"Ellisforde, Okanogan County",330145,Ellisforde,2017-12-13 01:56:33.846826
2010-09-23,13:15,62.7,,45.6,53.6,0.0,S@2.7,7.4,,55.8,0.0,0.0,161,"Ellisforde, Okanogan County",330145,Ellisforde,2017-12-13 01:56:33.846826
2010-09-23,13:30,63.3,,46.0,53.2,0.0,SW@2.8,6.7,,55.8,0.0,0.0,188,"Ellisforde, Okanogan County",330145,Ellisforde,2017-12-13 01:56:33.846826
2010-09-23,13:45,63.6,,45.6,51.9,0.0,SW@5.6,11.0,,55.8,0.0,0.0,159,"Ellisforde, Okanogan County",330145,Ellisforde,2017-12-13 01:56:33.846826
2010-09-23,14:00,63.4,,45.0,51.1,0.0,SW@6.1,11.7,,55.8,0.0,0.0,135,"Ellisforde, Okanogan County",330145,Ellisforde,2017-12-13 01:56:33.846826
2010-09-23,14:15,63.3,,44.1,49.6,0.0,SW@6.8,13.2,,55.8,0.0,0.0,104,"Ellisforde, Okanogan County",330145,Ellisforde,2017-12-13 01:56:33.846826
2010-09-23,14:30,62.8,,44.3,50.7,0.01,SW@4.8,9.9,,55.9,0.0,0.0,84,"Ellisforde, Okanogan County",330145,Ellisforde,2017-12-13 01:56:33.846826
2010-09-23,14:45,62.8,,44.0,50.2,0.02,SW@5.1,11.0,,55.9,0.0,0.0,112,"Ellisforde, Okanogan County",330145,Ellisforde,2017-12-13 01:56:33.846826
2010-09-23,15:00,62.9,,43.0,48.0,0.0,SW@7.5,15.3,,55.9,0.0,0.0,109,"Ellisforde, Okanogan County",330145,Ellisforde,2017-12-13 01:56:33.846826
2010-09-23,15:15,62.5,,43.0,48.8,0.0,SW@8.0,13.2,,55.9,0.0,0.0,68,"Ellisforde, Okanogan County",330145,Ellisforde,2017-12-13 01:56:33.846826
2010-09-23,15:30,61.7,,44.5,53.1,0.0,SW@8.4,13.9,,55.9,0.0,0.0,57,"Ellisforde, Okanogan County",330145,Ellisforde,2017-12-13 01:56:33.846826
2010-09-23,15:45,60.4,,46.1,59.1,0.04,SW@9.7,15.7,,55.9,0.0,0.0,39,"Ellisforde, Okanogan County",330145,Ellisforde,2017-12-13 01:56:33.846826
2010-09-23,16:00,57.0,,49.6,76.0,0.85,SW@5.5,11.7,,55.9,0.0,0.0,61,"Ellisforde, Okanogan County",330145,Ellisforde,2017-12-13 01:56:33.846826
2010-09-23,16:15,55.7,,50.8,83.5,0.94,SW@1.8,8.9,,56.0,0.0,0.0,45,"Ellisforde, Okanogan County",330145,Ellisforde,2017-12-13 01:56:33.846826
2010-09-23,16:30,55.6,,50.1,81.6,0.95,SW@4.3,9.6,,56.0,0.0,0.0,38,"Ellisforde, Okanogan County",330145,Ellisforde,2017-12-13 01:56:33.846826
2010-09-23,16:45,55.1,,50.6,84.7,0.98,SE@2.8,5.7,,56.0,0.0,0.0,49,"Ellisforde, Okanogan County",330145,Ellisforde,2017-12-13 01:56:33.846826
2010-09-23,17:00,55.5,,50.1,81.8,0.93,SE@2.4,6.0,,56.0,0.0,0.0,41,"Ellisforde, Okanogan County",330145,Ellisforde,2017-12-13 01:56:33.846826
2010-09-23,17:15,55.8,,49.9,80.4,0.92,SE@2.9,5.7,,56.1,0.0,0.0,50,"Ellisforde, Okanogan County",330145,Ellisforde,2017-12-13 01:56:33.846826
2010-09-23,17:30,55.7,,50.1,81.3,0.91,SE@1.0,3.1,,56.1,0.0,0.0,15,"Ellisforde, Okanogan County",330145,Ellisforde,2017-12-13 01:56:33.846826
2010-09-23,17:45,55.1,,49.7,82.0,0.88,SE@1.9,5.7,,56.1,0.0,0.0,2,"Ellisforde, Okanogan County",330145,Ellisforde,2017-12-13 01:56:33.846826
2010-09-23,18:00,55.8,,48.8,77.1,0.74,SE@2.5,5.7,,56.1,0.0,0.0,2,"Ellisforde, Okanogan County",330145,Ellisforde,2017-12-13 01:56:33.846826
2010-09-23,18:15,56.0,,48.9,77.1,0.15,SE@2.1,6.4,,56.2,0.0,0.0,1,"Ellisforde, Okanogan County",330145,Ellisforde,2017-12-13 01:56:33.846826
2010-09-23,18:30,55.9,,49.1,77.9,0.0,S@1.1,4.2,,56.2,0.0,0.0,0,"Ellisforde, Okanogan County",330145,Ellisforde,2017-12-13 01:56:33.846826
2010-09-23,18:45,54.7,,49.9,83.6,0.0,SE@1.1,2.4,,56.2,0.0,0.0,0,"Ellisforde, Okanogan County",330145,Ellisforde,2017-12-13 01:56:33.846826
2010-09-23,19:00,54.2,,50.2,86.2,0.01,SE@0.7,2.8,,56.2,0.0,0.0,0,"Ellisforde, Okanogan County",330145,Ellisforde,2017-12-13 01:56:33.846826
2010-09-23,19:15,52.3,,50.5,93.5,0.04,SE@0.9,2.8,,56.2,0.0,0.0,0,"Ellisforde, Okanogan County",330145,Ellisforde,2017-12-13 01:56:33.846826
2010-09-23,19:30,51.4,,50.0,94.8,0.08,SE@1.6,2.8,,56.3,0.0,0.0,0,"Ellisforde, Okanogan County",330145,Ellisforde,2017-12-13 01:56:33.846826
2010-09-23,19:45,51.6,,49.4,92.3,0.11,SE@0.3,2.8,,56.3,0.0,0.0,0,"Ellisforde, Okanogan County",330145,Ellisforde,2017-12-13 01:56:33.846826
2010-09-23,20:00,50.9,,49.6,95.2,0.2,SE@1.4,2.8,,56.3,0.0,0.0,0,"Ellisforde, Okanogan County",330145,Ellisforde,2017-12-13 01:56:33.846826
2010-09-23,20:15,50.6,,49.8,97.3,0.29,SE@1.5,2.8,,56.3,0.0,0.0,0,"Ellisforde, Okanogan County",330145,Ellisforde,2017-12-13 01:56:33.846826
2010-09-23,20:30,51.0,,50.0,96.4,0.29,SE@0.8,3.1,,56.3,0.0,0.0,0,"Ellisforde, Okanogan County",330145,Ellisforde,2017-12-13 01:56:33.846826
2010-09-23,20:45,50.7,,49.9,97.3,0.32,E@2.1,3.1,,56.4,0.0,0.0,0,"Ellisforde, Okanogan County",330145,Ellisforde,2017-12-13 01:56:33.846826
2010-09-23,21:00,51.4,,50.2,95.5,0.19,SE@0.4,2.1,,56.4,0.0,0.0,0,"Ellisforde, Okanogan County",330145,Ellisforde,2017-12-13 01:56:33.846826
2010-09-23,21:15,51.7,,50.2,94.6,0.14,SE@0.4,2.4,,56.4,0.0,0.0,0,"Ellisforde, Okanogan County",330145,Ellisforde,2017-12-13 01:56:33.846826
2010-09-23,21:30,51.6,,50.2,95.1,0.15,SE@0.0,1.4,,56.4,0.0,0.0,0,"Ellisforde, Okanogan County",330145,Ellisforde,2017-12-13 01:56:33.846826
2010-09-23,21:45,51.4,,50.3,95.9,0.15,SE@0.4,2.1,,56.4,0.0,0.0,0,"Ellisforde, Okanogan County",330145,Ellisforde,2017-12-13 01:56:33.846826
2010-09-23,22:00,51.9,,49.8,92.4,0.08,E@0.2,2.1,,56.4,0.0,0.0,0,"Ellisforde, Okanogan County",330145,Ellisforde,2017-12-13 01:56:33.846826
2010-09-23,22:15,52.6,,49.7,89.7,0.02,W@1.2,4.6,,56.4,0.0,0.0,0,"Ellisforde, Okanogan County",330145,Ellisforde,2017-12-13 01:56:33.846826
2010-09-23,22:30,51.9,,49.5,91.6,0.02,E@1.0,3.9,,56.4,0.0,0.0,0,"Ellisforde, Okanogan County",330145,Ellisforde,2017-12-13 01:56:33.846826
2010-09-23,22:45,52.1,,49.1,89.5,0.02,S@0.3,3.5,,56.5,0.0,0.0,0,"Ellisforde, Okanogan County",330145,Ellisforde,2017-12-13 01:56:33.846826
2010-09-23,23:00,52.8,,48.9,86.3,0.01,W@0.5,3.1,,56.4,0.0,0.0,0,"Ellisforde, Okanogan County",330145,Ellisforde,2017-12-13 01:56:33.846826
2010-09-24,23:15,52.8,,48.9,86.7,0.02,NW@0.1,1.4,,56.5,0.0,0.0,0,"Ellisforde, Okanogan County",330145,Ellisforde,2017-12-13 01:56:33.846826
2010-09-24,23:30,53.0,,48.5,84.6,0.02,SW@0.3,3.1,,56.5,0.0,0.0,0,"Ellisforde, Okanogan County",330145,Ellisforde,2017-12-13 01:56:33.846826
2010-09-24,23:45,53.7,,48.4,82.2,0.01,SE@1.6,4.2,,56.5,0.0,0.0,0,"Ellisforde, Okanogan County",330145,Ellisforde,2017-12-13 01:56:33.846826
2010-09-24,24:00,54.2,,48.1,79.9,0.0,SE@0.9,5.3,,56.5,0.0,0.0,0,"Ellisforde, Okanogan County",330145,Ellisforde,2017-12-13 01:56:33.846826
2010-09-24,00:15,53.4,,48.5,83.6,0.0,S@0.2,2.4,,56.5,0.0,0.0,0,"Ellisforde, Okanogan County",330145,Ellisforde,2017-12-13 01:56:33.846826
2010-09-24,00:30,53.2,,48.3,83.5,0.0,SE@0.5,5.3,,56.5,0.0,0.0,0,"Ellisforde, Okanogan County",330145,Ellisforde,2017-12-13 01:56:33.846826
2010-09-24,00:45,53.6,,48.3,81.9,0.0,W@0.7,3.5,,56.5,0.0,0.0,0,"Ellisforde, Okanogan County",330145,Ellisforde,2017-12-13 01:56:33.846826
2010-09-24,01:00,52.9,,48.4,84.5,0.0,SE@0.4,7.1,,56.5,0.0,0.0,0,"Ellisforde, Okanogan County",330145,Ellisforde,2017-12-13 01:56:33.846826
2010-09-24,01:15,53.4,,48.4,82.9,0.0,W@1.5,4.2,,56.5,0.0,0.0,0,"Ellisforde, Okanogan County",330145,Ellisforde,2017-12-13 01:56:33.846826
2010-09-24,01:30,53.1,,48.5,84.2,0.0,NW@1.1,3.5,,56.5,0.0,0.0,0,"Ellisforde, Okanogan County",330145,Ellisforde,2017-12-13 01:56:33.846826
2010-09-24,01:45,52.6,,48.8,87.0,0.01,SE@0.0,1.4,,56.5,0.0,0.0,0,"Ellisforde, Okanogan County",330145,Ellisforde,2017-12-13 01:56:33.846826
2010-09-24,02:00,52.7,,48.8,86.6,0.01,W@0.5,2.8,,56.5,0.0,0.0,0,"Ellisforde, Okanogan County",330145,Ellisforde,2017-12-13 01:56:33.846826
2010-09-24,02:15,52.4,,49.0,87.8,0.01,SW@0.6,2.8,,56.5,0.0,0.0,0,"Ellisforde, Okanogan County",330145,Ellisforde,2017-12-13 01:56:33.846826
2010-09-24,02:30,52.4,,48.9,87.8,0.01,SW@0.3,2.8,,56.5,0.0,0.0,0,"Ellisforde, Okanogan County",330145,Ellisforde,2017-12-13 01:56:33.846826
2010-09-24,02:45,51.5,,48.8,90.4,0.02,E@1.0,2.8,,56.5,0.0,0.0,0,"Ellisforde, Okanogan County",330145,Ellisforde,2017-12-13 01:56:33.846826
2010-09-24,03:00,51.6,,49.0,91.0,0.02,SE@1.1,2.8,,56.5,0.0,0.0,0,"Ellisforde, Okanogan County",330145,Ellisforde,2017-12-13 01:56:33.846826
2010-09-24,03:15,50.2,,48.7,94.5,0.09,SE@0.2,1.7,,56.5,0.0,0.0,0,"Ellisforde, Okanogan County",330145,Ellisforde,2017-12-13 01:56:33.846826
2010-09-24,03:30,49.5,,48.6,96.5,0.27,SE@0.6,2.4,,56.5,0.0,0.0,0,"Ellisforde, Okanogan County",330145,Ellisforde,2017-12-13 01:56:33.846826
2010-09-24,03:45,49.1,,48.3,97.1,0.4,E@1.7,3.1,,56.5,0.0,0.0,0,"Ellisforde, Okanogan County",330145,Ellisforde,2017-12-13 01:56:33.846826
2010-09-24,04:00,49.5,,49.0,98.3,0.46,E@1.3,2.8,,56.5,0.0,0.0,0,"Ellisforde, Okanogan County",330145,Ellisforde,2017-12-13 01:56:33.846826
2010-09-24,04:15,50.1,,49.4,97.6,0.46,SE@0.9,2.8,,56.5,0.0,0.0,0,"Ellisforde, Okanogan County",330145,Ellisforde,2017-12-13 01:56:33.846826
2010-09-24,04:30,50.1,,49.5,97.6,0.49,SE@1.0,2.8,,56.5,0.0,0.0,0,"Ellisforde, Okanogan County",330145,Ellisforde,2017-12-13 01:56:33.846826
2010-09-24,04:45,49.9,,48.9,96.4,0.53,S@0.5,2.8,,56.5,0.0,0.0,0,"Ellisforde, Okanogan County",330145,Ellisforde,2017-12-13 01:56:33.846826
2010-09-24,05:00,49.1,,48.6,97.8,0.6,SE@1.8,3.1,,56.5,0.0,0.0,0,"Ellisforde, Okanogan County",330145,Ellisforde,2017-12-13 01:56:33.846826
2010-09-24,05:15,49.7,,49.1,97.8,0.63,SE@0.5,2.4,,56.4,0.0,0.0,0,"Ellisforde, Okanogan County",330145,Ellisforde,2017-12-13 01:56:33.846826
2010-09-24,05:30,50.1,,49.1,96.6,0.63,W@0.1,1.7,,56.4,0.0,0.0,1,"Ellisforde, Okanogan County",330145,Ellisforde,2017-12-13 01:56:33.846826
2010-09-24,05:45,50.1,,49.1,96.4,0.63,SW@0.6,3.9,,56.4,0.0,0.0,2,"Ellisforde, Okanogan County",330145,Ellisforde,2017-12-13 01:56:33.846826
2010-09-24,06:00,50.4,,48.3,92.6,0.6,S@0.7,3.9,,56.4,0.0,0.0,7,"Ellisforde, Okanogan County",330145,Ellisforde,2017-12-13 01:56:33.846826
2010-09-24,06:15,49.8,,48.4,94.6,0.57,SE@1.6,3.1,,56.4,0.0,0.0,18,"Ellisforde, Okanogan County",330145,Ellisforde,2017-12-13 01:56:33.846826
2010-09-24,06:30,50.4,,48.6,93.3,0.4,E@1.0,2.8,,56.4,0.0,0.0,37,"Ellisforde, Okanogan County",330145,Ellisforde,2017-12-13 01:56:33.846826
2010-09-24,06:45,50.5,,48.9,93.9,0.29,SE@1.4,2.4,,56.4,0.0,0.0,49,"Ellisforde, Okanogan County",330145,Ellisforde,2017-12-13 01:56:33.846826
2010-09-24,07:00,51.0,,48.8,92.0,0.08,SE@1.2,3.9,,56.4,0.0,0.0,72,"Ellisforde, Okanogan County",330145,Ellisforde,2017-12-13 01:56:33.846826
2010-09-24,07:15,52.5,,48.2,85.2,0.0,SW@0.6,3.1,,56.4,0.0,0.0,95,"Ellisforde, Okanogan County",330145,Ellisforde,2017-12-13 01:56:33.846826
2010-09-24,07:30,53.2,,48.1,82.7,0.0,SW@0.7,2.8,,56.4,0.0,0.0,119,"Ellisforde, Okanogan County",330145,Ellisforde,2017-12-13 01:56:33.846826
2010-09-24,07:45,54.1,,48.7,81.9,0.0,SW@2.2,3.9,,56.4,0.0,0.0,180,"Ellisforde, Okanogan County",330145,Ellisforde,2017-12-13 01:56:33.846826
2010-09-24,08:00,55.0,,48.5,78.7,0.0,SW@3.1,5.3,,56.4,0.0,0.0,144,"Ellisforde, Okanogan County",330145,Ellisforde,2017-12-13 01:56:33.846826
2010-09-24,08:15,55.4,,48.5,77.7,0.0,SW@3.3,6.0,,56.4,0.0,0.0,161,"Ellisforde, Okanogan County",330145,Ellisforde,2017-12-13 01:56:33.846826
2010-09-24,08:30,56.7,,48.6,74.2,0.0,SW@3.3,5.3,,56.3,0.0,0.0,372,"Ellisforde, Okanogan County",330145,Ellisforde,2017-12-13 01:56:33.846826
2010-09-24,08:45,57.3,,48.7,72.8,0.0,SW@2.9,5.7,,56.3,0.0,0.0,253,"Ellisforde, Okanogan County",330145,Ellisforde,2017-12-13 01:56:33.846826
2010-09-24,09:00,57.6,,49.4,74.1,0.0,SW@3.8,7.4,,56.3,0.0,0.0,265,"Ellisforde, Okanogan County",330145,Ellisforde,2017-12-13 01:56:33.846826
2010-09-24,09:15,57.6,,49.6,74.4,0.0,SW@3.4,6.7,,56.3,0.0,0.0,210,"Ellisforde, Okanogan County",330145,Ellisforde,2017-12-13 01:56:33.846826
2010-09-24,09:30,57.3,,49.2,74.1,0.0,SW@3.4,6.4,,56.3,0.0,0.0,146,"Ellisforde, Okanogan County",330145,Ellisforde,2017-12-13 01:56:33.846826
2010-09-24,09:45,57.3,,49.7,75.6,0.0,SW@1.4,4.6,,56.3,0.0,0.0,122,"Ellisforde, Okanogan County",330145,Ellisforde,2017-12-13 01:56:33.846826
2010-09-24,10:00,57.4,,49.4,74.7,0.0,SW@3.2,5.7,,56.3,0.0,0.0,166,"Ellisforde, Okanogan County",330145,Ellisforde,2017-12-13 01:56:33.846826
2010-09-24,10:15,57.9,,49.9,74.3,0.0,SW@2.3,4.6,,56.3,0.0,0.0,226,"Ellisforde, Okanogan County",330145,Ellisforde,2017-12-13 01:56:33.846826
2010-09-24,10:30,58.3,,49.5,72.4,0.0,SW@3.9,8.2,,56.3,0.0,0.0,258,"Ellisforde, Okanogan County",330145,Ellisforde,2017-12-13 01:56:33.846826
2010-09-24,10:45,58.5,,49.5,71.9,0.0,SW@4.4,8.2,,56.3,0.0,0.0,246,"Ellisforde, Okanogan County",330145,Ellisforde,2017-12-13 01:56:33.846826
2010-09-24,11:00,57.9,,49.2,72.8,0.0,SW@4.2,7.8,,56.3,0.0,0.0,154,"Ellisforde, Okanogan County",330145,Ellisforde,2017-12-13 01:56:33.846826
2010-09-24,11:15,58.4,,49.7,72.6,0.0,SW@3.5,8.9,,56.3,0.0,0.0,218,"Ellisforde, Okanogan County",330145,Ellisforde,2017-12-13 01:56:33.846826
2010-09-24,11:30,59.2,,50.0,71.4,0.0,SW@2.6,6.7,,56.3,0.0,0.0,208,"Ellisforde, Okanogan County",330145,Ellisforde,2017-12-13 01:56:33.846826
2010-09-24,11:45,59.0,,49.4,70.3,0.0,SW@3.9,8.5,,56.3,0.0,0.0,196,"Ellisforde, Okanogan County",330145,Ellisforde,2017-12-13 01:56:33.846826
2010-09-24,12:00,59.1,,49.3,70.0,0.0,SW@2.7,5.3,,56.3,0.0,0.0,174,"Ellisforde, Okanogan County",330145,Ellisforde,2017-12-13 01:56:33.846826
2010-09-24,12:15,59.8,,49.7,69.2,0.0,SW@4.0,7.1,,56.3,0.0,0.0,281,"Ellisforde, Okanogan County",330145,Ellisforde,2017-12-13 01:56:33.846826
2010-09-24,12:30,59.7,,49.6,69.2,0.0,SW@4.3,7.4,,56.3,0.0,0.0,235,"Ellisforde, Okanogan County",330145,Ellisforde,2017-12-13 01:56:33.846826
2010-09-24,12:45,59.8,,49.7,69.1,0.0,SW@4.3,8.2,,56.4,0.0,0.0,182,"Ellisforde, Okanogan County",330145,Ellisforde,2017-12-13 01:56:33.846826
2010-09-24,13:00,59.8,,49.8,69.2,0.0,SW@4.0,8.2,,56.4,0.0,0.0,185,"Ellisforde, Okanogan County",330145,Ellisforde,2017-12-13 01:56:33.846826
2010-09-24,13:15,60.1,,49.8,68.7,0.0,SW@3.6,7.1,,56.4,0.0,0.0,162,"Ellisforde, Okanogan County",330145,Ellisforde,2017-12-13 01:56:33.846826
2010-09-24,13:30,60.5,,50.1,68.4,0.0,SW@2.7,7.4,,56.4,0.0,0.0,198,"Ellisforde, Okanogan County",330145,Ellisforde,2017-12-13 01:56:33.846826
2010-09-24,13:45,61.1,,50.0,66.8,0.0,SW@2.9,7.1,,56.4,0.0,0.0,205,"Ellisforde, Okanogan County",330145,Ellisforde,2017-12-13 01:56:33.846826
2010-09-24,14:00,61.3,,49.8,65.8,0.0,SW@3.4,8.2,,56.4,0.0,0.0,219,"Ellisforde, Okanogan County",330145,Ellisforde,2017-12-13 01:56:33.846826
2010-09-24,14:15,61.3,,49.5,65.3,0.0,SW@6.0,8.9,,56.5,0.0,0.0,231,"Ellisforde, Okanogan County",330145,Ellisforde,2017-12-13 01:56:33.846826
2010-09-24,14:30,61.6,,49.6,64.7,0.0,SW@5.1,8.5,,56.5,0.0,0.0,189,"Ellisforde, Okanogan County",330145,Ellisforde,2017-12-13 01:56:33.846826
2010-09-24,14:45,62.0,,49.8,64.4,0.0,SW@3.8,7.4,,56.5,0.0,0.0,155,"Ellisforde, Okanogan County",330145,Ellisforde,2017-12-13 01:56:33.846826
2010-09-24,15:00,62.0,,50.8,66.6,0.0,SW@1.1,5.7,,56.5,0.0,0.0,121,"Ellisforde, Okanogan County",330145,Ellisforde,2017-12-13 01:56:33.846826
2010-09-24,15:15,61.3,,52.0,71.6,0.0,SE@1.7,3.1,,56.5,0.0,0.0,89,"Ellisforde, Okanogan County",330145,Ellisforde,2017-12-13 01:56:33.846826
2010-09-24,15:30,60.9,,51.8,71.8,0.0,SE@1.6,3.9,,56.6,0.0,0.0,82,"Ellisforde, Okanogan County",330145,Ellisforde,2017-12-13 01:56:33.846826
2010-09-24,15:45,61.0,,51.8,71.7,0.0,SE@2.0,3.5,,56.6,0.0,0.0,74,"Ellisforde, Okanogan County",330145,Ellisforde,2017-12-13 01:56:33.846826
2010-09-24,16:00,61.2,,52.2,72.3,0.0,SE@0.5,2.4,,56.6,0.0,0.0,86,"Ellisforde, Okanogan County",330145,Ellisforde,2017-12-13 01:56:33.846826
2010-09-24,16:15,62.2,,50.6,65.7,0.0,E@1.0,5.3,,56.7,0.0,0.0,92,"Ellisforde, Okanogan County",330145,Ellisforde,2017-12-13 01:56:33.846826
2010-09-24,16:30,62.8,,50.7,64.6,0.0,S@1.5,4.2,,56.7,0.0,0.0,111,"Ellisforde, Okanogan County",330145,Ellisforde,2017-12-13 01:56:33.846826
2010-09-24,16:45,62.4,,50.0,63.9,0.0,E@1.7,4.2,,56.7,0.0,0.0,79,"Ellisforde, Okanogan County",330145,Ellisforde,2017-12-13 01:56:33.846826
2010-09-24,17:00,62.8,,50.7,64.5,0.0,SE@0.6,3.5,,56.7,0.0,0.0,88,"Ellisforde, Okanogan County",330145,Ellisforde,2017-12-13 01:56:33.846826
2010-09-24,17:15,62.0,,52.2,70.3,0.0,NE@0.1,1.7,,56.8,0.0,0.0,48,"Ellisforde, Okanogan County",330145,Ellisforde,2017-12-13 01:56:33.846826
2010-09-24,17:30,59.6,,54.5,83.4,0.0,E@1.6,2.8,,56.8,0.0,0.0,30,"Ellisforde, Okanogan County",330145,Ellisforde,2017-12-13 01:56:33.846826
2010-09-24,17:45,57.8,,55.2,91.1,0.01,E@1.5,2.8,,56.8,0.0,0.0,14,"Ellisforde, Okanogan County",330145,Ellisforde,2017-12-13 01:56:33.846826
2010-09-24,18:00,56.8,,54.1,90.6,0.01,SE@1.4,2.4,,56.9,0.0,0.0,7,"Ellisforde, Okanogan County",330145,Ellisforde,2017-12-13 01:56:33.846826
2010-09-24,18:15,56.2,,53.8,91.3,0.01,E@1.0,2.8,,56.9,0.0,0.0,1,"Ellisforde, Okanogan County",330145,Ellisforde,2017-12-13 01:56:33.846826
2010-09-24,18:30,54.5,,52.5,92.9,0.04,E@1.6,3.1,,56.9,0.0,0.0,0,"Ellisforde, Okanogan County",330145,Ellisforde,2017-12-13 01:56:33.846826
2010-09-24,18:45,53.1,,51.5,94.4,0.1,E@2.1,3.5,,57.0,0.0,0.0,0,"Ellisforde, Okanogan County",330145,Ellisforde,2017-12-13 01:56:33.846826
2010-09-24,19:00,52.5,,51.4,95.9,0.16,E@2.3,3.1,,57.0,0.0,0.0,0,"Ellisforde, Okanogan County",330145,Ellisforde,2017-12-13 01:56:33.846826
2010-09-24,19:15,52.4,,51.1,95.3,0.24,E@2.2,3.1,,57.0,0.0,0.0,0,"Ellisforde, Okanogan County",330145,Ellisforde,2017-12-13 01:56:33.846826
2010-09-24,19:30,51.8,,50.8,96.3,0.33,E@1.2,2.8,,57.0,0.0,0.0,0,"Ellisforde, Okanogan County",330145,Ellisforde,2017-12-13 01:56:33.846826
2010-09-24,19:45,51.9,,50.9,96.3,0.43,SE@2.4,3.1,,57.1,0.0,0.0,0,"Ellisforde, Okanogan County",330145,Ellisforde,2017-12-13 01:56:33.846826
2010-09-24,20:00,51.4,,50.7,97.2,0.51,SE@1.7,2.8,,57.1,0.0,0.0,0,"Ellisforde, Okanogan County",330145,Ellisforde,2017-12-13 01:56:33.846826
2010-09-24,20:15,51.8,,51.1,97.3,0.6,SE@2.5,3.9,,57.1,0.0,0.0,0,"Ellisforde, Okanogan County",330145,Ellisforde,2017-12-13 01:56:33.846826
2010-09-24,20:30,52.3,,50.2,92.4,0.62,SE@1.2,2.8,,57.1,0.0,0.0,0,"Ellisforde, Okanogan County",330145,Ellisforde,2017-12-13 01:56:33.846826
2010-09-24,20:45,51.4,,49.5,93.1,0.63,SE@2.2,3.1,,57.2,0.0,0.0,0,"Ellisforde, Okanogan County",330145,Ellisforde,2017-12-13 01:56:33.846826
2010-09-24,21:00,51.6,,49.2,91.5,0.6,SE@1.2,2.8,,57.2,0.0,0.0,0,"Ellisforde, Okanogan County",330145,Ellisforde,2017-12-13 01:56:33.846826
2010-09-24,21:15,51.1,,49.3,93.4,0.63,SE@2.2,4.6,,57.2,0.0,0.0,0,"Ellisforde, Okanogan County",330145,Ellisforde,2017-12-13 01:56:33.846826
2010-09-24,21:30,52.1,,48.9,88.7,0.58,S@1.7,3.5,,57.2,0.0,0.0,0,"Ellisforde, Okanogan County",330145,Ellisforde,2017-12-13 01:56:33.846826
2010-09-24,21:45,50.5,,48.4,92.5,0.59,SE@1.7,3.1,,57.2,0.0,0.0,0,"Ellisforde, Okanogan County",330145,Ellisforde,2017-12-13 01:56:33.846826
2010-09-24,22:00,48.9,,47.4,94.5,0.63,E@1.2,2.8,,57.3,0.0,0.0,0,"Ellisforde, Okanogan County",330145,Ellisforde,2017-12-13 01:56:33.846826
2010-09-24,22:15,48.4,,47.6,96.9,0.7,SE@2.4,3.5,,57.3,0.0,0.0,0,"Ellisforde, Okanogan County",330145,Ellisforde,2017-12-13 01:56:33.846826
2010-09-24,22:30,48.8,,47.9,96.8,0.75,SE@2.4,3.1,,57.3,0.0,0.0,0,"Ellisforde, Okanogan County",330145,Ellisforde,2017-12-13 01:56:33.846826
2010-09-24,22:45,48.6,,47.7,96.5,0.79,SE@1.8,3.1,,57.3,0.0,0.0,0,"Ellisforde, Okanogan County",330145,Ellisforde,2017-12-13 01:56:33.846826
2010-09-24,23:00,48.3,,47.5,96.8,0.83,SE@1.8,2.8,,57.3,0.0,0.0,0,"Ellisforde, Okanogan County",330145,Ellisforde,2017-12-13 01:56:33.846826
2010-09-25,23:15,48.2,,47.3,96.5,0.85,SE@2.4,3.1,,57.3,0.0,0.0,0,"Ellisforde, Okanogan County",330145,Ellisforde,2017-12-13 01:56:33.846826
2010-09-25,23:30,48.2,,47.4,96.7,0.87,SE@2.7,3.1,,57.3,0.0,0.0,0,"Ellisforde, Okanogan County",330145,Ellisforde,2017-12-13 01:56:33.846826
2010-09-25,23:45,48.3,,47.3,96.3,0.89,SE@2.7,3.5,,57.3,0.0,0.0,0,"Ellisforde, Okanogan County",330145,Ellisforde,2017-12-13 01:56:33.846826
2010-09-25,24:00,48.0,,46.9,95.8,0.9,SE@2.3,3.5,,57.3,0.0,0.0,0,"Ellisforde, Okanogan County",330145,Ellisforde,2017-12-13 01:56:33.846826
2010-09-25,00:15,47.1,,46.1,96.5,0.91,SE@2.4,3.1,,57.3,0.0,0.0,0,"Ellisforde, Okanogan County",330145,Ellisforde,2017-12-13 01:56:33.846826
2010-09-25,00:30,46.9,,46.0,96.7,0.91,SE@1.9,3.1,,57.3,0.0,0.0,0,"Ellisforde, Okanogan County",330145,Ellisforde,2017-12-13 01:56:33.846826
2010-09-25,00:45,46.3,,45.6,97.2,0.92,SE@2.1,2.8,,57.2,0.0,0.0,0,"Ellisforde, Okanogan County",330145,Ellisforde,2017-12-13 01:56:33.846826
2010-09-25,01:00,46.1,,45.6,97.9,0.93,SE@1.7,2.8,,57.2,0.0,0.0,0,"Ellisforde, Okanogan County",330145,Ellisforde,2017-12-13 01:56:33.846826
2010-09-25,01:15,45.7,,45.2,97.9,0.93,SE@2.5,3.5,,57.2,0.0,0.0,0,"Ellisforde, Okanogan County",330145,Ellisforde,2017-12-13 01:56:33.846826
2010-09-25,01:30,46.0,,45.5,97.8,0.94,SE@2.6,3.5,,57.2,0.0,0.0,0,"Ellisforde, Okanogan County",330145,Ellisforde,2017-12-13 01:56:33.846826
2010-09-25,01:45,45.6,,44.8,97.1,0.94,SE@1.4,3.1,,57.2,0.0,0.0,0,"Ellisforde, Okanogan County",330145,Ellisforde,2017-12-13 01:56:33.846826
2010-09-25,02:00,45.8,,45.3,98.1,0.94,SE@2.7,3.5,,57.2,0.0,0.0,0,"Ellisforde, Okanogan County",330145,Ellisforde,2017-12-13 01:56:33.846826
2010-09-25,02:15,46.0,,45.1,96.4,0.94,SE@2.3,3.5,,57.2,0.0,0.0,0,"Ellisforde, Okanogan County",330145,Ellisforde,2017-12-13 01:56:33.846826
2010-09-25,02:30,46.0,,45.0,96.4,0.94,SE@2.2,3.5,,57.1,0.0,0.0,0,"Ellisforde, Okanogan County",330145,Ellisforde,2017-12-13 01:56:33.846826
2010-09-25,02:45,45.6,,44.7,96.6,0.94,SE@1.4,3.1,,57.1,0.0,0.0,0,"Ellisforde, Okanogan County",330145,Ellisforde,2017-12-13 01:56:33.846826
2010-09-25,03:00,45.5,,44.8,97.3,0.94,SE@2.5,3.1,,57.1,0.0,0.0,0,"Ellisforde, Okanogan County",330145,Ellisforde,2017-12-13 01:56:33.846826
2010-09-25,03:15,45.9,,44.9,96.1,0.95,SE@0.5,2.8,,57.1,0.0,0.0,0,"Ellisforde, Okanogan County",330145,Ellisforde,2017-12-13 01:56:33.846826
2010-09-25,03:30,45.1,,44.0,95.8,0.95,N@0.0,0.0,,57.1,0.0,0.0,0,"Ellisforde, Okanogan County",330145,Ellisforde,2017-12-13 01:56:33.846826
2010-09-25,03:45,44.9,,44.0,96.8,0.95,SE@0.4,2.8,,57.0,0.0,0.0,0,"Ellisforde, Okanogan County",330145,Ellisforde,2017-12-13 01:56:33.846826
2010-09-25,04:00,45.0,,44.2,97.1,0.97,SE@2.6,3.1,,57.0,0.0,0.0,0,"Ellisforde, Okanogan County",330145,Ellisforde,2017-12-13 01:56:33.846826
2010-09-25,04:15,45.4,,44.2,95.5,1.0,SE@2.6,3.5,,57.0,0.0,0.0,0,"Ellisforde, Okanogan County",330145,Ellisforde,2017-12-13 01:56:33.846826
2010-09-25,04:30,45.3,,44.1,95.4,1.0,SE@2.8,3.1,,57.0,0.0,0.0,0,"Ellisforde, Okanogan County",330145,Ellisforde,2017-12-13 01:56:33.846826
2010-09-25,04:45,45.0,,44.0,96.3,1.0,SE@2.5,3.1,,56.9,0.0,0.0,0,"Ellisforde, Okanogan County",330145,Ellisforde,2017-12-13 01:56:33.846826
2010-09-25,05:00,45.3,,44.1,95.6,1.0,SE@2.1,2.8,,56.9,0.0,0.0,0,"Ellisforde, Okanogan County",330145,Ellisforde,2017-12-13 01:56:33.846826
2010-09-25,05:15,44.6,,43.7,96.4,1.0,SE@2.3,3.1,,56.9,0.0,0.0,0,"Ellisforde, Okanogan County",330145,Ellisforde,2017-12-13 01:56:33.846826
2010-09-25,05:30,44.2,,43.4,96.9,1.0,SE@2.5,3.1,,56.8,0.0,0.0,0,"Ellisforde, Okanogan County",330145,Ellisforde,2017-12-13 01:56:33.846826
2010-09-25,05:45,44.6,,43.7,96.9,1.0,SE@2.6,3.5,,56.8,0.0,0.0,2,"Ellisforde, Okanogan County",330145,Ellisforde,2017-12-13 01:56:33.846826
2010-09-25,06:00,44.7,,43.9,96.8,1.0,SE@2.5,3.1,,56.8,0.0,0.0,4,"Ellisforde, Okanogan County",330145,Ellisforde,2017-12-13 01:56:33.846826
2010-09-25,06:15,45.1,,44.0,95.8,1.0,SE@2.3,2.8,,56.7,0.0,0.0,15,"Ellisforde, Okanogan County",330145,Ellisforde,2017-12-13 01:56:33.846826
2010-09-25,06:30,45.4,,44.2,95.6,1.0,SE@1.5,2.8,,56.7,0.0,0.0,25,"Ellisforde, Okanogan County",330145,Ellisforde,2017-12-13 01:56:33.846826
2010-09-25,06:45,45.9,,44.4,94.4,1.0,SE@2.1,3.1,,56.7,0.0,0.0,37,"Ellisforde, Okanogan County",330145,Ellisforde,2017-12-13 01:56:33.846826
2010-09-25,07:00,46.4,,44.7,93.7,1.0,SE@1.9,3.5,,56.6,0.0,0.0,45,"Ellisforde, Okanogan County",330145,Ellisforde,2017-12-13 01:56:33.846826
2010-09-25,07:15,46.9,,44.8,92.3,1.0,SE@1.8,3.1,,56.6,0.0,0.0,55,"Ellisforde, Okanogan County",330145,Ellisforde,2017-12-13 01:56:33.846826
2010-09-25,07:30,47.2,,45.2,92.9,1.0,SE@0.8,2.4,,56.6,0.0,0.0,49,"Ellisforde, Okanogan County",330145,Ellisforde,2017-12-13 01:56:33.846826
2010-09-25,07:45,47.3,,45.4,93.1,0.95,E@0.0,1.7,,56.5,0.0,0.0,40,"Ellisforde, Okanogan County",330145,Ellisforde,2017-12-13 01:56:33.846826
2010-09-25,08:00,48.8,,45.5,88.2,0.94,SW@2.4,7.4,,56.5,0.0,0.0,37,"Ellisforde, Okanogan County",330145,Ellisforde,2017-12-13 01:56:33.846826
2010-09-25,08:15,49.4,,45.8,87.1,0.93,SE@1.7,3.1,,56.5,0.0,0.0,37,"Ellisforde, Okanogan County",330145,Ellisforde,2017-12-13 01:56:33.846826
2010-09-25,08:30,52.0,,47.6,84.9,0.93,S@1.5,5.7,,56.4,0.0,0.0,360,"Ellisforde, Okanogan County",330145,Ellisforde,2017-12-13 01:56:33.846826
2010-09-25,08:45,55.6,,48.0,75.4,0.9,SW@1.7,4.9,,56.4,0.0,0.0,432,"Ellisforde, Okanogan County",330145,Ellisforde,2017-12-13 01:56:33.846826
2010-09-25,09:00,56.7,,47.5,71.1,0.71,SW@2.4,5.3,,56.4,0.0,0.0,346,"Ellisforde, Okanogan County",330145,Ellisforde,2017-12-13 01:56:33.846826
2010-09-25,09:15,57.3,,47.9,70.8,0.04,SE@1.9,4.2,,56.3,0.0,0.0,302,"Ellisforde, Okanogan County",330145,Ellisforde,2017-12-13 01:56:33.846826
2010-09-25,09:30,59.3,,47.7,65.4,0.0,E@1.1,3.1,,56.3,0.0,0.0,205,"Ellisforde, Okanogan County",330145,Ellisforde,2017-12-13 01:56:33.846826
2010-09-25,09:45,60.3,,48.4,64.5,0.0,SW@1.1,3.5,,56.3,0.0,0.0,84,"Ellisforde, Okanogan County",330145,Ellisforde,2017-12-13 01:56:33.846826
2010-09-25,10:00,61.7,,49.3,63.8,0.0,E@2.2,3.9,,56.2,0.0,0.0,247,"Ellisforde, Okanogan County",330145,Ellisforde,2017-12-13 01:56:33.846826
2010-09-25,10:15,63.5,,50.0,61.3,0.0,N@3.1,7.1,,56.2,0.0,0.0,130,"Ellisforde, Okanogan County",330145,Ellisforde,2017-12-13 01:56:33.846826
2010-09-25,10:30,65.3,,49.6,56.9,0.0,SW@5.5,11.4,,56.2,0.0,0.0,364,"Ellisforde, Okanogan County",330145,Ellisforde,2017-12-13 01:56:33.846826
2010-09-25,10:45,66.8,,49.3,53.2,0.0,SW@6.1,12.4,,56.1,0.0,0.0,638,"Ellisforde, Okanogan County",330145,Ellisforde,2017-12-13 01:56:33.846826
2010-09-25,11:00,67.3,,48.8,51.4,0.0,SW@7.3,14.2,,56.1,0.0,0.0,665,"Ellisforde, Okanogan County",330145,Ellisforde,2017-12-13 01:56:33.846826
2010-09-25,11:15,68.0,,49.4,51.3,0.0,SW@7.7,12.8,,56.1,0.0,0.0,677,"Ellisforde, Okanogan County",330145,Ellisforde,2017-12-13 01:56:33.846826
2010-09-25,11:30,68.8,,49.5,50.2,0.0,SW@7.2,13.5,,56.1,0.0,0.0,686,"Ellisforde, Okanogan County",330145,Ellisforde,2017-12-13 01:56:33.846826
2010-09-25,11:45,68.9,,50.3,51.5,0.0,SW@7.7,14.6,,56.0,0.0,0.0,689,"Ellisforde, Okanogan County",330145,Ellisforde,2017-12-13 01:56:33.846826
2010-09-25,12:00,69.7,,50.4,50.3,0.0,SW@8.7,14.2,,56.0,0.0,0.0,688,"Ellisforde, Okanogan County",330145,Ellisforde,2017-12-13 01:56:33.846826
2010-09-25,12:15,70.9,,50.6,48.6,0.0,SW@6.1,12.8,,56.0,0.0,0.0,687,"Ellisforde, Okanogan County",330145,Ellisforde,2017-12-13 01:56:33.846826
2010-09-25,12:30,71.9,,50.4,46.7,0.0,SW@6.9,13.5,,56.0,0.0,0.0,681,"Ellisforde, Okanogan County",330145,Ellisforde,2017-12-13 01:56:33.846826
2010-09-25,12:45,73.0,,50.8,45.5,0.0,SW@6.2,12.1,,56.0,0.0,0.0,673,"Ellisforde, Okanogan County",330145,Ellisforde,2017-12-13 01:56:33.846826
2010-09-25,13:00,73.4,,50.9,45.1,0.0,SW@6.0,11.4,,56.0,0.0,0.0,661,"Ellisforde, Okanogan County",330145,Ellisforde,2017-12-13 01:56:33.846826
2010-09-25,13:15,74.6,,51.4,44.2,0.0,SW@5.7,11.4,,56.0,0.0,0.0,645,"Ellisforde, Okanogan County",330145,Ellisforde,2017-12-13 01:56:33.846826
2010-09-25,13:30,75.1,,51.2,43.2,0.0,SW@6.3,13.5,,56.0,0.0,0.0,624,"Ellisforde, Okanogan County",330145,Ellisforde,2017-12-13 01:56:33.846826
2010-09-25,13:45,75.1,,50.9,42.5,0.0,SW@7.7,12.4,,56.0,0.0,0.0,600,"Ellisforde, Okanogan County",330145,Ellisforde,2017-12-13 01:56:33.846826
2010-09-25,14:00,75.9,,51.3,42.2,0.0,SW@6.6,12.1,,56.0,0.0,0.0,574,"Ellisforde, Okanogan County",330145,Ellisforde,2017-12-13 01:56:33.846826
2010-09-25,14:15,76.4,,51.5,41.8,0.0,SW@6.0,9.9,,56.0,0.0,0.0,546,"Ellisforde, Okanogan County",330145,Ellisforde,2017-12-13 01:56:33.846826
2010-09-25,14:30,77.0,,51.5,40.9,0.0,SW@6.0,11.7,,56.0,0.0,0.0,515,"Ellisforde, Okanogan County",330145,Ellisforde,2017-12-13 01:56:33.846826
2010-09-25,14:45,77.4,,51.6,40.6,0.0,SW@5.6,10.3,,56.1,0.0,0.0,482,"Ellisforde, Okanogan County",330145,Ellisforde,2017-12-13 01:56:33.846826
2010-09-25,15:00,77.4,,51.7,40.6,0.0,SW@5.1,11.0,,56.1,0.0,0.0,446,"Ellisforde, Okanogan County",330145,Ellisforde,2017-12-13 01:56:33.846826
2010-09-25,15:15,78.5,,52.9,41.0,0.0,SW@3.6,7.8,,56.1,0.0,0.0,408,"Ellisforde, Okanogan County",330145,Ellisforde,2017-12-13 01:56:33.846826
2010-09-25,15:30,78.7,,52.9,40.9,0.0,S@3.5,8.5,,56.2,0.0,0.0,368,"Ellisforde, Okanogan County",330145,Ellisforde,2017-12-13 01:56:33.846826
2010-09-25,15:45,78.5,,52.3,40.1,0.0,SW@3.9,7.4,,56.2,0.0,0.0,328,"Ellisforde, Okanogan County",330145,Ellisforde,2017-12-13 01:56:33.846826
2010-09-25,16:00,78.5,,52.9,40.9,0.0,S@3.2,8.2,,56.3,0.0,0.0,287,"Ellisforde, Okanogan County",330145,Ellisforde,2017-12-13 01:56:33.846826
2010-09-25,16:15,77.9,,53.4,42.6,0.0,S@2.8,6.7,,56.3,0.0,0.0,246,"Ellisforde, Okanogan County",330145,Ellisforde,2017-12-13 01:56:33.846826
2010-09-25,16:30,77.7,,53.5,43.0,0.0,S@2.8,7.1,,56.4,0.0,0.0,204,"Ellisforde, Okanogan County",330145,Ellisforde,2017-12-13 01:56:33.846826
2010-09-25,16:45,75.0,,56.0,51.6,0.0,SE@2.1,3.9,,56.4,0.0,0.0,163,"Ellisforde, Okanogan County",330145,Ellisforde,2017-12-13 01:56:33.846826
2010-09-25,17:00,72.4,,59.1,62.8,0.0,E@2.5,4.2,,56.5,0.0,0.0,124,"Ellisforde, Okanogan County",330145,Ellisforde,2017-12-13 01:56:33.846826
2010-09-25,17:15,70.3,,58.7,66.7,0.0,E@2.5,4.2,,56.5,0.0,0.0,87,"Ellisforde, Okanogan County",330145,Ellisforde,2017-12-13 01:56:33.846826
2010-09-25,17:30,68.5,,58.1,69.3,0.0,E@2.6,5.3,,56.6,0.0,0.0,41,"Ellisforde, Okanogan County",330145,Ellisforde,2017-12-13 01:56:33.846826
2010-09-25,17:45,64.0,,57.2,78.3,0.0,E@2.9,4.2,,56.7,0.0,0.0,8,"Ellisforde, Okanogan County",330145,Ellisforde,2017-12-13 01:56:33.846826
2010-09-25,18:00,61.3,,56.0,82.5,0.01,SE@2.4,4.2,,56.7,0.0,0.0,3,"Ellisforde, Okanogan County",330145,Ellisforde,2017-12-13 01:56:33.846826
2010-09-25,18:15,61.2,,55.5,81.7,0.0,SE@2.2,3.9,,56.8,0.0,0.0,1,"Ellisforde, Okanogan County",330145,Ellisforde,2017-12-13 01:56:33.846826
2010-09-25,18:30,59.9,,55.0,83.8,0.01,E@2.8,4.2,,56.9,0.0,0.0,0,"Ellisforde, Okanogan County",330145,Ellisforde,2017-12-13 01:56:33.846826
2010-09-25,18:45,58.3,,54.5,87.0,0.01,E@1.9,3.9,,57.0,0.0,0.0,0,"Ellisforde, Okanogan County",330145,Ellisforde,2017-12-13 01:56:33.846826
2010-09-25,19:00,59.0,,54.3,84.3,0.01,E@2.8,4.6,,57.0,0.0,0.0,0,"Ellisforde, Okanogan County",330145,Ellisforde,2017-12-13 01:56:33.846826
2010-09-25,19:15,58.4,,54.1,85.7,0.01,E@2.6,4.2,,57.1,0.0,0.0,0,"Ellisforde, Okanogan County",330145,Ellisforde,2017-12-13 01:56:33.846826
2010-09-25,19:30,57.3,,54.0,88.4,0.02,SE@2.1,3.9,,57.1,0.0,0.0,0,"Ellisforde, Okanogan County",330145,Ellisforde,2017-12-13 01:56:33.846826
2010-09-25,19:45,56.8,,53.7,89.2,0.03,SE@2.1,3.9,,57.2,0.0,0.0,0,"Ellisforde, Okanogan County",330145,Ellisforde,2017-12-13 01:56:33.846826
2010-09-25,20:00,56.7,,53.4,88.7,0.03,SE@2.6,4.2,,57.3,0.0,0.0,0,"Ellisforde, Okanogan County",330145,Ellisforde,2017-12-13 01:56:33.846826
2010-09-25,20:15,55.9,,52.8,89.2,0.02,E@2.9,3.5,,57.3,0.0,0.0,0,"Ellisforde, Okanogan County",330145,Ellisforde,2017-12-13 01:56:33.846826
2010-09-25,20:30,54.7,,52.5,92.3,0.07,SE@2.1,3.5,,57.4,0.0,0.0,0,"Ellisforde, Okanogan County",330145,Ellisforde,2017-12-13 01:56:33.846826
2010-09-25,20:45,55.4,,52.3,89.4,0.04,SE@3.0,4.2,,57.4,0.0,0.0,0,"Ellisforde, Okanogan County",330145,Ellisforde,2017-12-13 01:56:33.846826
2010-09-25,21:00,55.4,,52.1,88.5,0.03,SE@2.8,3.9,,57.5,0.0,0.0,0,"Ellisforde, Okanogan County",330145,Ellisforde,2017-12-13 01:56:33.846826
2010-09-25,21:15,55.5,,51.9,87.6,0.01,SE@2.9,4.6,,57.5,0.0,0.0,0,"Ellisforde, Okanogan County",330145,Ellisforde,2017-12-13 01:56:33.846826
2010-09-25,21:30,55.8,,51.5,85.5,0.01,SE@1.9,3.5,,57.6,0.0,0.0,0,"Ellisforde, Okanogan County",330145,Ellisforde,2017-12-13 01:56:33.846826
2010-09-25,21:45,56.1,,51.0,82.8,0.01,SE@1.7,3.9,,57.6,0.0,0.0,0,"Ellisforde, Okanogan County",330145,Ellisforde,2017-12-13 01:56:33.846826
2010-09-25,22:00,57.8,,50.3,76.1,0.0,SE@2.1,4.9,,57.6,0.0,0.0,0,"Ellisforde, Okanogan County",330145,Ellisforde,2017-12-13 01:56:33.846826
2010-09-25,22:15,56.6,,50.4,79.7,0.0,SE@2.8,3.9,,57.7,0.0,0.0,0,"Ellisforde, Okanogan County",330145,Ellisforde,2017-12-13 01:56:33.846826
2010-09-25,22:30,55.3,,50.6,83.8,0.0,SE@3.4,4.2,,57.7,0.0,0.0,0,"Ellisforde, Okanogan County",330145,Ellisforde,2017-12-13 01:56:33.846826
2010-09-25,22:45,52.9,,49.9,89.4,0.02,E@2.7,3.5,,57.7,0.0,0.0,0,"Ellisforde, Okanogan County",330145,Ellisforde,2017-12-13 01:56:33.846826
2010-09-25,23:00,52.3,,50.0,91.7,0.05,SE@3.1,3.9,,57.7,0.0,0.0,0,"Ellisforde, Okanogan County",330145,Ellisforde,2017-12-13 01:56:33.846826
2010-09-26,23:15,53.2,,49.7,87.9,0.03,SE@1.1,3.5,,57.7,0.0,0.0,0,"Ellisforde, Okanogan County",330145,Ellisforde,2017-12-13 01:56:33.846826
2010-09-26,23:30,52.1,,49.9,92.2,0.11,SE@2.1,3.1,,57.7,0.0,0.0,0,"Ellisforde, Okanogan County",330145,Ellisforde,2017-12-13 01:56:33.846826
2010-09-26,23:45,52.1,,49.7,91.4,0.12,SE@2.4,3.5,,57.8,0.0,0.0,0,"Ellisforde, Okanogan County",330145,Ellisforde,2017-12-13 01:56:33.846826
2010-09-26,24:00,53.1,,49.5,87.6,0.05,SE@2.2,3.9,,57.8,0.0,0.0,0,"Ellisforde, Okanogan County",330145,Ellisforde,2017-12-13 01:56:33.846826
2010-09-26,00:15,50.6,,48.8,93.7,0.12,E@2.0,3.5,,57.8,0.0,0.0,0,"Ellisforde, Okanogan County",330145,Ellisforde,2017-12-13 01:56:33.846826
2010-09-26,00:30,50.5,,49.4,95.9,0.28,SE@0.6,3.5,,57.8,0.0,0.0,0,"Ellisforde, Okanogan County",330145,Ellisforde,2017-12-13 01:56:33.846826
2010-09-26,00:45,50.8,,49.3,94.8,0.42,SE@1.9,3.1,,57.8,0.0,0.0,0,"Ellisforde, Okanogan County",330145,Ellisforde,2017-12-13 01:56:33.846826
2010-09-26,01:00,50.5,,49.2,95.2,0.52,SE@0.8,3.9,,57.8,0.0,0.0,0,"Ellisforde, Okanogan County",330145,Ellisforde,2017-12-13 01:56:33.846826
2010-09-26,01:15,50.5,,49.2,95.1,0.59,SE@1.8,3.9,,57.8,0.0,0.0,0,"Ellisforde, Okanogan County",330145,Ellisforde,2017-12-13 01:56:33.846826
2010-09-26,01:30,50.9,,49.1,93.3,0.6,E@2.4,3.1,,57.8,0.0,0.0,0,"Ellisforde, Okanogan County",330145,Ellisforde,2017-12-13 01:56:33.846826
2010-09-26,01:45,50.8,,48.9,93.2,0.58,E@1.3,2.8,,57.8,0.0,0.0,0,"Ellisforde, Okanogan County",330145,Ellisforde,2017-12-13 01:56:33.846826
2010-09-26,02:00,50.5,,49.2,95.2,0.61,SE@1.5,3.1,,57.8,0.0,0.0,0,"Ellisforde, Okanogan County",330145,Ellisforde,2017-12-13 01:56:33.846826
2010-09-26,02:15,50.7,,49.6,96.2,0.62,SE@0.8,2.8,,57.8,0.0,0.0,0,"Ellisforde, Okanogan County",330145,Ellisforde,2017-12-13 01:56:33.846826
2010-09-26,02:30,50.7,,49.8,96.6,0.64,E@0.2,2.1,,57.7,0.0,0.0,0,"Ellisforde, Okanogan County",330145,Ellisforde,2017-12-13 01:56:33.846826
2010-09-26,02:45,51.3,,50.4,96.9,0.64,SE@2.1,4.2,,57.7,0.0,0.0,0,"Ellisforde, Okanogan County",330145,Ellisforde,2017-12-13 01:56:33.846826
2010-09-26,03:00,52.0,,50.8,95.5,0.6,SE@0.9,3.1,,57.7,0.0,0.0,0,"Ellisforde, Okanogan County",330145,Ellisforde,2017-12-13 01:56:33.846826
2010-09-26,03:15,53.1,,50.8,91.9,0.39,SE@2.1,3.9,,57.7,0.0,0.0,0,"Ellisforde, Okanogan County",330145,Ellisforde,2017-12-13 01:56:33.846826
2010-09-26,03:30,54.3,,50.9,88.2,0.03,SE@1.6,4.6,,57.7,0.0,0.0,0,"Ellisforde, Okanogan County",330145,Ellisforde,2017-12-13 01:56:33.846826
2010-09-26,03:45,54.2,,50.9,88.6,0.01,SE@2.8,3.9,,57.7,0.0,0.0,0,"Ellisforde, Okanogan County",330145,Ellisforde,2017-12-13 01:56:33.846826
2010-09-26,04:00,53.8,,51.2,91.1,0.01,SE@1.6,3.1,,57.7,0.0,0.0,0,"Ellisforde, Okanogan County",330145,Ellisforde,2017-12-13 01:56:33.846826
2010-09-26,04:15,54.0,,51.2,90.2,0.01,SE@1.5,3.1,,57.7,0.0,0.0,0,"Ellisforde, Okanogan County",330145,Ellisforde,2017-12-13 01:56:33.846826
2010-09-26,04:30,53.9,,51.2,90.3,0.07,SE@1.6,3.1,,57.6,0.0,0.0,0,"Ellisforde, Okanogan County",330145,Ellisforde,2017-12-13 01:56:33.846826
2010-09-26,04:45,54.2,,51.2,89.5,0.02,SE@1.3,4.2,,57.6,0.0,0.0,0,"Ellisforde, Okanogan County",330145,Ellisforde,2017-12-13 01:56:33.846826
2010-09-26,05:00,54.4,,50.8,87.7,0.01,E@1.5,4.2,,57.6,0.0,0.0,0,"Ellisforde, Okanogan County",330145,Ellisforde,2017-12-13 01:56:33.846826
2010-09-26,05:15,55.6,,50.5,82.7,0.0,SE@3.1,4.9,,57.6,0.0,0.0,0,"Ellisforde, Okanogan County",330145,Ellisforde,2017-12-13 01:56:33.846826
2010-09-26,05:30,56.6,,50.5,79.9,0.09,SW@2.5,6.4,,57.6,0.0,0.0,0,"Ellisforde, Okanogan County",330145,Ellisforde,2017-12-13 01:56:33.846826
2010-09-26,05:45,55.7,,51.1,84.2,0.9,S@2.9,6.4,,57.5,0.0,0.0,1,"Ellisforde, Okanogan County",330145,Ellisforde,2017-12-13 01:56:33.846826
2010-09-26,06:00,54.8,,51.5,88.7,0.95,SE@1.6,3.1,,57.5,0.0,0.0,2,"Ellisforde, Okanogan County",330145,Ellisforde,2017-12-13 01:56:33.846826
2010-09-26,06:15,54.3,,51.8,91.2,0.94,SE@1.7,3.5,,57.5,0.0,0.0,4,"Ellisforde, Okanogan County",330145,Ellisforde,2017-12-13 01:56:33.846826
2010-09-26,06:30,54.6,,51.7,89.7,0.93,SE@1.9,4.2,,57.5,0.0,0.0,7,"Ellisforde, Okanogan County",330145,Ellisforde,2017-12-13 01:56:33.846826
2010-09-26,06:45,54.8,,52.0,89.9,0.93,SE@2.1,3.1,,57.5,0.0,0.0,19,"Ellisforde, Okanogan County",330145,Ellisforde,2017-12-13 01:56:33.846826
2010-09-26,07:00,55.0,,52.3,90.4,0.92,SE@1.9,4.2,,57.5,0.0,0.0,37,"Ellisforde, Okanogan County",330145,Ellisforde,2017-12-13 01:56:33.846826
2010-09-26,07:15,55.6,,52.4,88.9,0.91,S@1.8,4.2,,57.5,0.0,0.0,51,"Ellisforde, Okanogan County",330145,Ellisforde,2017-12-13 01:56:33.846826
2010-09-26,07:30,56.4,,52.9,88.0,0.81,SW@2.5,5.7,,57.4,0.0,0.0,52,"Ellisforde, Okanogan County",330145,Ellisforde,2017-12-13 01:56:33.846826
2010-09-26,07:45,56.8,,53.1,87.3,0.34,SW@1.2,4.6,,57.4,0.0,0.0,57,"Ellisforde, Okanogan County",330145,Ellisforde,2017-12-13 01:56:33.846826
2010-09-26,08:00,57.8,,53.6,85.8,0.0,S@0.9,3.9,,57.4,0.0,0.0,118,"Ellisforde, Okanogan County",330145,Ellisforde,2017-12-13 01:56:33.846826
2010-09-26,08:15,58.4,,53.9,84.8,0.0,SE@1.6,3.1,,57.4,0.0,0.0,100,"Ellisforde, Okanogan County",330145,Ellisforde,2017-12-13 01:56:33.846826
2010-09-26,08:30,59.1,,53.9,82.8,0.0,S@1.7,3.5,,57.4,0.0,0.0,141,"Ellisforde, Okanogan County",330145,Ellisforde,2017-12-13 01:56:33.846826
2010-09-26,08:45,60.0,,54.4,81.9,0.0,W@2.3,3.9,,57.4,0.0,0.0,167,"Ellisforde, Okanogan County",330145,Ellisforde,2017-12-13 01:56:33.846826
2010-09-26,09:00,60.9,,55.0,80.7,0.0,NE@1.4,4.6,,57.4,0.0,0.0,184,"Ellisforde, Okanogan County",330145,Ellisforde,2017-12-13 01:56:33.846826
2010-09-26,09:15,62.7,,55.2,76.5,0.0,NE@2.4,4.2,,57.4,0.0,0.0,323,"Ellisforde, Okanogan County",330145,Ellisforde,2017-12-13 01:56:33.846826
2010-09-26,09:30,64.6,,54.7,70.2,0.0,W@2.2,4.6,,57.3,0.0,0.0,210,"Ellisforde, Okanogan County",330145,Ellisforde,2017-12-13 01:56:33.846826
2010-09-26,09:45,66.3,,54.7,66.2,0.0,SW@2.3,6.0,,57.3,0.0,0.0,168,"Ellisforde, Okanogan County",330145,Ellisforde,2017-12-13 01:56:33.846826
2010-09-26,10:00,68.2,,53.9,60.0,0.0,SW@5.0,9.6,,57.3,0.0,0.0,441,"Ellisforde, Okanogan County",330145,Ellisforde,2017-12-13 01:56:33.846826
2010-09-26,10:15,68.4,,53.6,59.1,0.0,SW@4.9,8.5,,57.3,0.0,0.0,191,"Ellisforde, Okanogan County",330145,Ellisforde,2017-12-13 01:56:33.846826
2010-09-26,10:30,68.9,,53.8,58.4,0.0,SW@4.4,6.7,,57.3,0.0,0.0,286,"Ellisforde, Okanogan County",330145,Ellisforde,2017-12-13 01:56:33.846826
2010-09-26,10:45,69.4,,54.0,58.0,0.0,SW@4.1,7.8,,57.3,0.0,0.0,422,"Ellisforde, Okanogan County",330145,Ellisforde,2017-12-13 01:56:33.846826
2010-09-26,11:00,71.7,,54.3,54.3,0.0,SW@4.0,8.2,,57.3,0.0,0.0,680,"Ellisforde, Okanogan County",330145,Ellisforde,2017-12-13 01:56:33.846826
2010-09-26,11:15,72.9,,54.5,52.5,0.0,S@3.4,7.1,,57.3,0.0,0.0,678,"Ellisforde, Okanogan County",330145,Ellisforde,2017-12-13 01:56:33.846826
2010-09-26,11:30,72.9,,55.0,53.3,0.0,SW@4.6,7.8,,57.3,0.0,0.0,668,"Ellisforde, Okanogan County",330145,Ellisforde,2017-12-13 01:56:33.846826
2010-09-26,11:45,73.9,,55.2,52.0,0.0,SW@5.1,8.9,,57.3,0.0,0.0,719,"Ellisforde, Okanogan County",330145,Ellisforde,2017-12-13 01:56:33.846826
2010-09-26,12:00,75.5,,55.2,49.3,0.0,SW@4.6,8.5,,57.3,0.0,0.0,788,"Ellisforde, Okanogan County",330145,Ellisforde,2017-12-13 01:56:33.846826
2010-09-26,12:15,76.4,,55.6,48.4,0.0,SW@5.6,11.7,,57.4,0.0,0.0,764,"Ellisforde, Okanogan County",330145,Ellisforde,2017-12-13 01:56:33.846826
2010-09-26,12:30,76.4,,55.0,47.6,0.0,SW@6.3,11.7,,57.4,0.0,0.0,689,"Ellisforde, Okanogan County",330145,Ellisforde,2017-12-13 01:56:33.846826
2010-09-26,12:45,77.6,,55.5,46.5,0.0,SW@4.8,9.9,,57.4,0.0,0.0,638,"Ellisforde, Okanogan County",330145,Ellisforde,2017-12-13 01:56:33.846826
2010-09-26,13:00,78.0,,55.7,46.2,0.0,SW@5.0,11.7,,57.4,0.0,0.0,641,"Ellisforde, Okanogan County",330145,Ellisforde,2017-12-13 01:56:33.846826
2010-09-26,13:15,78.2,,55.8,46.0,0.0,SW@7.0,12.1,,57.4,0.0,0.0,675,"Ellisforde, Okanogan County",330145,Ellisforde,2017-12-13 01:56:33.846826
2010-09-26,13:30,78.8,,55.9,45.2,0.0,SW@7.3,13.5,,57.4,0.0,0.0,703,"Ellisforde, Okanogan County",330145,Ellisforde,2017-12-13 01:56:33.846826
2010-09-26,13:45,79.4,,55.7,44.2,0.0,SW@7.8,15.0,,57.5,0.0,0.0,633,"Ellisforde, Okanogan County",330145,Ellisforde,2017-12-13 01:56:33.846826
2010-09-26,14:00,79.2,,55.5,44.0,0.0,SW@8.9,15.7,,57.5,0.0,0.0,588,"Ellisforde, Okanogan County",330145,Ellisforde,2017-12-13 01:56:33.846826
2010-09-26,14:15,79.9,,55.7,43.4,0.0,SW@9.3,17.8,,57.5,0.0,0.0,568,"Ellisforde, Okanogan County",330145,Ellisforde,2017-12-13 01:56:33.846826
2010-09-26,14:30,80.0,,55.7,43.3,0.0,SW@9.1,13.9,,57.6,0.0,0.0,534,"Ellisforde, Okanogan County",330145,Ellisforde,2017-12-13 01:56:33.846826
2010-09-26,14:45,80.2,,56.4,44.0,0.0,SW@8.8,13.9,,57.6,0.0,0.0,488,"Ellisforde, Okanogan County",330145,Ellisforde,2017-12-13 01:56:33.846826
2010-09-26,15:00,80.2,,55.9,43.4,0.0,SW@8.9,15.3,,57.7,0.0,0.0,446,"Ellisforde, Okanogan County",330145,Ellisforde,2017-12-13 01:56:33.846826
2010-09-26,15:15,80.2,,56.1,43.6,0.0,SW@7.8,13.2,,57.7,0.0,0.0,364,"Ellisforde, Okanogan County",330145,Ellisforde,2017-12-13 01:56:33.846826
2010-09-26,15:30,79.6,,56.3,44.7,0.0,SW@7.4,12.4,,57.8,0.0,0.0,339,"Ellisforde, Okanogan County",330145,Ellisforde,2017-12-13 01:56:33.846826
2010-09-26,15:45,79.2,,56.0,44.9,0.0,SW@7.4,12.8,,57.8,0.0,0.0,226,"Ellisforde, Okanogan County",330145,Ellisforde,2017-12-13 01:56:33.846826
2010-09-26,16:00,79.0,,56.5,45.9,0.0,SW@6.7,12.4,,57.9,0.0,0.0,259,"Ellisforde, Okanogan County",330145,Ellisforde,2017-12-13 01:56:33.846826
2010-09-26,16:15,78.8,,56.8,46.8,0.0,SW@5.9,9.9,,57.9,0.0,0.0,240,"Ellisforde, Okanogan County",330145,Ellisforde,2017-12-13 01:56:33.846826
2010-09-26,16:30,77.9,,56.9,48.3,0.0,SW@4.8,9.6,,58.0,0.0,0.0,129,"Ellisforde, Okanogan County",330145,Ellisforde,2017-12-13 01:56:33.846826
2010-09-26,16:45,77.7,,56.5,48.1,0.0,SW@4.1,8.5,,58.1,0.0,0.0,105,"Ellisforde, Okanogan County",330145,Ellisforde,2017-12-13 01:56:33.846826
2010-09-26,17:00,76.2,,56.8,51.0,0.0,SW@3.6,6.7,,58.1,0.0,0.0,49,"Ellisforde, Okanogan County",330145,Ellisforde,2017-12-13 01:56:33.846826
2010-09-26,17:15,74.4,,57.6,55.9,0.0,S@2.5,7.4,,58.2,0.0,0.0,27,"Ellisforde, Okanogan County",330145,Ellisforde,2017-12-13 01:56:33.846826
2010-09-26,17:30,71.3,,58.6,64.2,0.0,SE@2.1,3.5,,58.3,0.0,0.0,17,"Ellisforde, Okanogan County",330145,Ellisforde,2017-12-13 01:56:33.846826
2010-09-26,17:45,71.9,,57.2,59.7,0.0,SE@1.7,7.4,,58.3,0.0,0.0,6,"Ellisforde, Okanogan County",330145,Ellisforde,2017-12-13 01:56:33.846826
2010-09-26,18:00,72.2,,55.7,56.0,0.0,S@2.3,8.2,,58.4,0.0,0.0,2,"Ellisforde, Okanogan County",330145,Ellisforde,2017-12-13 01:56:33.846826
2010-09-26,18:15,75.1,,50.9,42.6,0.0,E@3.7,9.2,,58.5,0.0,0.0,0,"Ellisforde, Okanogan County",330145,Ellisforde,2017-12-13 01:56:33.846826
2010-09-26,18:30,75.2,,49.9,41.0,0.0,SE@4.5,12.4,,58.6,0.0,0.0,0,"Ellisforde, Okanogan County",330145,Ellisforde,2017-12-13 01:56:33.846826
2010-09-26,18:45,74.8,,49.5,41.0,0.0,NE@3.3,12.1,,58.6,0.0,0.0,0,"Ellisforde, Okanogan County",330145,Ellisforde,2017-12-13 01:56:33.846826
2010-09-26,19:00,74.1,,49.3,41.5,0.0,E@3.0,5.3,,58.7,0.0,0.0,0,"Ellisforde, Okanogan County",330145,Ellisforde,2017-12-13 01:56:33.846826
2010-09-26,19:15,73.6,,49.7,43.0,0.0,SW@3.0,7.4,,58.8,0.0,0.0,0,"Ellisforde, Okanogan County",330145,Ellisforde,2017-12-13 01:56:33.846826
2010-09-26,19:30,72.1,,50.3,46.1,0.0,SE@2.1,4.9,,58.8,0.0,0.0,0,"Ellisforde, Okanogan County",330145,Ellisforde,2017-12-13 01:56:33.846826
2010-09-26,19:45,72.1,,49.9,45.5,0.0,SE@2.7,6.4,,58.9,0.0,0.0,0,"Ellisforde, Okanogan County",330145,Ellisforde,2017-12-13 01:56:33.846826
2010-09-26,20:00,70.1,,51.0,50.8,0.0,SE@1.7,3.9,,58.9,0.0,0.0,0,"Ellisforde, Okanogan County",330145,Ellisforde,2017-12-13 01:56:33.846826
2010-09-26,20:15,70.2,,49.9,48.5,0.0,E@2.5,5.7,,59.0,0.0,0.0,0,"Ellisforde, Okanogan County",330145,Ellisforde,2017-12-13 01:56:33.846826
2010-09-26,20:30,72.1,,48.6,43.4,0.0,N@3.4,7.4,,59.0,0.0,0.0,0,"Ellisforde, Okanogan County",330145,Ellisforde,2017-12-13 01:56:33.846826
2010-09-26,20:45,71.1,,50.0,47.3,0.0,S@3.1,6.4,,59.1,0.0,0.0,0,"Ellisforde, Okanogan County",330145,Ellisforde,2017-12-13 01:56:33.846826
2010-09-26,21:00,67.6,,51.3,55.7,0.0,SE@1.7,4.2,,59.1,0.0,0.0,0,"Ellisforde, Okanogan County",330145,Ellisforde,2017-12-13 01:56:33.846826
2010-09-26,21:15,69.8,,49.2,48.0,0.0,E@2.1,3.9,,59.2,0.0,0.0,0,"Ellisforde, Okanogan County",330145,Ellisforde,2017-12-13 01:56:33.846826
2010-09-26,21:30,70.8,,48.8,45.5,0.0,NE@2.3,7.4,,59.2,0.0,0.0,0,"Ellisforde, Okanogan County",330145,Ellisforde,2017-12-13 01:56:33.846826
2010-09-26,21:45,67.9,,50.8,54.3,0.0,NW@2.2,5.3,,59.3,0.0,0.0,0,"Ellisforde, Okanogan County",330145,Ellisforde,2017-12-13 01:56:33.846826
2010-09-26,22:00,63.9,,52.7,67.0,0.0,SE@1.5,3.1,,59.3,0.0,0.0,0,"Ellisforde, Okanogan County",330145,Ellisforde,2017-12-13 01:56:33.846826
2010-09-26,22:15,62.9,,51.7,66.7,0.0,E@1.1,3.5,,59.3,0.0,0.0,0,"Ellisforde, Okanogan County",330145,Ellisforde,2017-12-13 01:56:33.846826
2010-09-26,22:30,61.3,,53.0,73.9,0.0,SE@2.2,3.9,,59.4,0.0,0.0,0,"Ellisforde, Okanogan County",330145,Ellisforde,2017-12-13 01:56:33.846826
2010-09-26,22:45,61.6,,52.6,72.3,0.0,SE@2.2,3.5,,59.4,0.0,0.0,0,"Ellisforde, Okanogan County",330145,Ellisforde,2017-12-13 01:56:33.846826
2010-09-26,23:00,59.6,,52.8,78.1,0.0,SE@2.8,3.9,,59.4,0.0,0.0,0,"Ellisforde, Okanogan County",330145,Ellisforde,2017-12-13 01:56:33.846826
2010-09-27,23:15,58.8,,52.8,80.6,0.0,SE@2.8,3.9,,59.5,0.0,0.0,0,"Ellisforde, Okanogan County",330145,Ellisforde,2017-12-13 01:56:33.846826
2010-09-27,23:30,57.1,,53.0,86.3,0.0,E@2.9,3.5,,59.5,0.0,0.0,0,"Ellisforde, Okanogan County",330145,Ellisforde,2017-12-13 01:56:33.846826
2010-09-27,23:45,57.9,,54.3,87.8,0.0,SE@2.0,2.8,,59.5,0.0,0.0,0,"Ellisforde, Okanogan County",330145,Ellisforde,2017-12-13 01:56:33.846826
2010-09-27,24:00,58.5,,54.8,87.3,0.0,E@2.2,3.1,,59.5,0.0,0.0,0,"Ellisforde, Okanogan County",330145,Ellisforde,2017-12-13 01:56:33.846826
2010-09-27,00:15,58.0,,54.6,88.4,0.01,E@2.4,3.1,,59.5,0.0,0.0,0,"Ellisforde, Okanogan County",330145,Ellisforde,2017-12-13 01:56:33.846826
2010-09-27,00:30,58.0,,54.5,87.9,0.0,E@2.2,3.1,,59.6,0.0,0.0,0,"Ellisforde, Okanogan County",330145,Ellisforde,2017-12-13 01:56:33.846826
2010-09-27,00:45,57.9,,54.4,87.9,0.01,E@1.7,3.1,,59.6,0.0,0.0,0,"Ellisforde, Okanogan County",330145,Ellisforde,2017-12-13 01:56:33.846826
2010-09-27,01:00,57.2,,54.1,89.4,0.01,SE@1.7,3.1,,59.6,0.0,0.0,0,"Ellisforde, Okanogan County",330145,Ellisforde,2017-12-13 01:56:33.846826
2010-09-27,01:15,56.0,,53.1,89.9,0.03,SE@1.8,3.1,,59.6,0.0,0.0,0,"Ellisforde, Okanogan County",330145,Ellisforde,2017-12-13 01:56:33.846826
2010-09-27,01:30,54.9,,52.4,91.5,0.05,SE@2.5,3.5,,59.6,0.0,0.0,0,"Ellisforde, Okanogan County",330145,Ellisforde,2017-12-13 01:56:33.846826
2010-09-27,01:45,54.5,,52.4,92.4,0.07,SE@2.8,3.5,,59.6,0.0,0.0,0,"Ellisforde, Okanogan County",330145,Ellisforde,2017-12-13 01:56:33.846826
2010-09-27,02:00,55.8,,52.3,88.1,0.02,SE@3.2,3.9,,59.6,0.0,0.0,0,"Ellisforde, Okanogan County",330145,Ellisforde,2017-12-13 01:56:33.846826
2010-09-27,02:15,54.9,,52.1,90.0,0.03,SE@3.0,3.9,,59.6,0.0,0.0,0,"Ellisforde, Okanogan County",330145,Ellisforde,2017-12-13 01:56:33.846826
2010-09-27,02:30,54.9,,51.9,89.7,0.04,SE@2.7,3.9,,59.6,0.0,0.0,0,"Ellisforde, Okanogan County",330145,Ellisforde,2017-12-13 01:56:33.846826
2010-09-27,02:45,53.2,,51.3,93.0,0.1,E@1.9,3.1,,59.6,0.0,0.0,0,"Ellisforde, Okanogan County",330145,Ellisforde,2017-12-13 01:56:33.846826
2010-09-27,03:00,53.2,,51.8,95.0,0.29,SE@2.2,3.1,,59.6,0.0,0.0,0,"Ellisforde, Okanogan County",330145,Ellisforde,2017-12-13 01:56:33.846826
2010-09-27,03:15,53.1,,51.5,94.3,0.42,SE@2.6,3.5,,59.6,0.0,0.0,0,"Ellisforde, Okanogan County",330145,Ellisforde,2017-12-13 01:56:33.846826
2010-09-27,03:30,52.4,,51.1,95.1,0.49,E@1.9,3.1,,59.6,0.0,0.0,0,"Ellisforde, Okanogan County",330145,Ellisforde,2017-12-13 01:56:33.846826
2010-09-27,03:45,52.2,,51.1,95.9,0.59,SE@1.0,2.4,,59.6,0.0,0.0,0,"Ellisforde, Okanogan County",330145,Ellisforde,2017-12-13 01:56:33.846826
2010-09-27,04:00,52.3,,51.2,96.0,0.69,SE@1.0,3.1,,59.6,0.0,0.0,0,"Ellisforde, Okanogan County",330145,Ellisforde,2017-12-13 01:56:33.846826
2010-09-27,04:15,52.5,,51.3,95.3,0.75,SE@0.6,2.8,,59.6,0.0,0.0,0,"Ellisforde, Okanogan County",330145,Ellisforde,2017-12-13 01:56:33.846826
2010-09-27,04:30,52.5,,51.2,95.4,0.79,SE@1.3,2.8,,59.6,0.0,0.0,0,"Ellisforde, Okanogan County",330145,Ellisforde,2017-12-13 01:56:33.846826
2010-09-27,04:45,52.3,,51.0,95.2,0.82,SE@0.9,2.8,,59.5,0.0,0.0,0,"Ellisforde, Okanogan County",330145,Ellisforde,2017-12-13 01:56:33.846826
2010-09-27,05:00,52.7,,50.9,93.4,0.84,SE@0.3,2.4,,59.5,0.0,0.0,0,"Ellisforde, Okanogan County",330145,Ellisforde,2017-12-13 01:56:33.846826
2010-09-27,05:15,52.1,,50.8,95.1,0.86,SE@1.7,3.5,,59.5,0.0,0.0,0,"Ellisforde, Okanogan County",330145,Ellisforde,2017-12-13 01:56:33.846826
2010-09-27,05:30,51.5,,50.5,96.4,0.87,SE@0.0,1.4,,59.5,0.0,0.0,1,"Ellisforde, Okanogan County",330145,Ellisforde,2017-12-13 01:56:33.846826
2010-09-27,05:45,51.5,,50.8,97.4,0.89,SE@1.1,3.1,,59.5,0.0,0.0,2,"Ellisforde, Okanogan County",330145,Ellisforde,2017-12-13 01:56:33.846826
2010-09-27,06:00,52.0,,50.8,95.8,0.9,SE@1.6,3.1,,59.5,0.0,0.0,3,"Ellisforde, Okanogan County",330145,Ellisforde,2017-12-13 01:56:33.846826
2010-09-27,06:15,51.5,,50.5,96.4,0.91,SE@0.2,2.1,,59.4,0.0,0.0,8,"Ellisforde, Okanogan County",330145,Ellisforde,2017-12-13 01:56:33.846826
2010-09-27,06:30,51.5,,50.9,97.7,0.92,SE@1.0,2.4,,59.4,0.0,0.0,13,"Ellisforde, Okanogan County",330145,Ellisforde,2017-12-13 01:56:33.846826
2010-09-27,06:45,51.3,,50.8,98.2,0.92,SE@1.0,3.1,,59.4,0.0,0.0,16,"Ellisforde, Okanogan County",330145,Ellisforde,2017-12-13 01:56:33.846826
2010-09-27,07:00,52.0,,51.5,98.2,0.93,SE@2.1,2.8,,59.4,0.0,0.0,19,"Ellisforde, Okanogan County",330145,Ellisforde,2017-12-13 01:56:33.846826
2010-09-27,07:15,52.1,,51.4,97.7,0.93,SE@0.4,2.8,,59.3,0.0,0.0,20,"Ellisforde, Okanogan County",330145,Ellisforde,2017-12-13 01:56:33.846826
2010-09-27,07:30,52.4,,51.9,97.9,0.94,SE@1.2,3.1,,59.3,0.0,0.0,20,"Ellisforde, Okanogan County",330145,Ellisforde,2017-12-13 01:56:33.846826
2010-09-27,07:45,52.6,,52.0,97.5,0.94,E@0.2,2.4,,59.3,0.0,0.0,22,"Ellisforde, Okanogan County",330145,Ellisforde,2017-12-13 01:56:33.846826
2010-09-27,08:00,52.6,,52.4,99.0,0.94,E@0.2,2.1,,59.3,0.0,0.0,24,"Ellisforde, Okanogan County",330145,Ellisforde,2017-12-13 01:56:33.846826
2010-09-27,08:15,53.2,,53.0,99.1,0.94,SE@2.2,3.1,,59.2,0.0,0.0,25,"Ellisforde, Okanogan County",330145,Ellisforde,2017-12-13 01:56:33.846826
2010-09-27,08:30,56.2,,54.9,95.2,0.94,SE@1.4,3.1,,59.2,0.0,0.0,315,"Ellisforde, Okanogan County",330145,Ellisforde,2017-12-13 01:56:33.846826
2010-09-27,08:45,63.1,,57.1,80.7,0.92,S@1.2,3.5,,59.2,0.0,0.0,409,"Ellisforde, Okanogan County",330145,Ellisforde,2017-12-13 01:56:33.846826
2010-09-27,09:00,65.6,,56.5,72.5,0.46,SW@2.5,4.6,,59.2,0.0,0.0,264,"Ellisforde, Okanogan County",330145,Ellisforde,2017-12-13 01:56:33.846826
2010-09-27,09:15,66.6,,57.0,71.3,0.0,SW@4.2,12.1,,59.1,0.0,0.0,234,"Ellisforde, Okanogan County",330145,Ellisforde,2017-12-13 01:56:33.846826
2010-09-27,09:30,67.4,,57.0,69.1,0.0,SW@5.7,9.6,,59.1,0.0,0.0,215,"Ellisforde, Okanogan County",330145,Ellisforde,2017-12-13 01:56:33.846826
2010-09-27,09:45,67.7,,56.9,68.3,0.0,SW@5.9,10.7,,59.1,0.0,0.0,140,"Ellisforde, Okanogan County",330145,Ellisforde,2017-12-13 01:56:33.846826
2010-09-27,10:00,68.6,,57.0,66.5,0.0,SW@3.8,7.8,,59.0,0.0,0.0,167,"Ellisforde, Okanogan County",330145,Ellisforde,2017-12-13 01:56:33.846826
2010-09-27,10:15,69.9,,57.2,64.1,0.0,SW@4.2,7.8,,59.0,0.0,0.0,145,"Ellisforde, Okanogan County",330145,Ellisforde,2017-12-13 01:56:33.846826
2010-09-27,10:30,71.0,,57.3,61.9,0.0,SW@3.7,7.8,,59.0,0.0,0.0,347,"Ellisforde, Okanogan County",330145,Ellisforde,2017-12-13 01:56:33.846826
2010-09-27,10:45,72.9,,57.8,59.2,0.0,SW@3.1,8.2,,59.0,0.0,0.0,605,"Ellisforde, Okanogan County",330145,Ellisforde,2017-12-13 01:56:33.846826
2010-09-27,11:00,73.6,,57.8,57.7,0.0,SW@4.1,7.8,,58.9,0.0,0.0,642,"Ellisforde, Okanogan County",330145,Ellisforde,2017-12-13 01:56:33.846826
2010-09-27,11:15,74.0,,57.2,55.8,0.0,SW@6.0,10.3,,58.9,0.0,0.0,654,"Ellisforde, Okanogan County",330145,Ellisforde,2017-12-13 01:56:33.846826
2010-09-27,11:30,74.9,,57.7,55.0,0.0,SW@5.1,11.4,,58.9,0.0,0.0,660,"Ellisforde, Okanogan County",330145,Ellisforde,2017-12-13 01:56:33.846826
2010-09-27,11:45,76.2,,58.0,53.3,0.0,SW@5.0,8.5,,58.9,0.0,0.0,664,"Ellisforde, Okanogan County",330145,Ellisforde,2017-12-13 01:56:33.846826
2010-09-27,12:00,77.2,,57.1,49.8,0.0,SW@4.6,10.7,,58.9,0.0,0.0,664,"Ellisforde, Okanogan County",330145,Ellisforde,2017-12-13 01:56:33.846826
2010-09-27,12:15,78.4,,56.5,46.9,0.0,SW@4.7,9.6,,58.9,0.0,0.0,673,"Ellisforde, Okanogan County",330145,Ellisforde,2017-12-13 01:56:33.846826
2010-09-27,12:30,79.0,,56.0,45.1,0.0,SW@5.0,7.8,,58.8,0.0,0.0,573,"Ellisforde, Okanogan County",330145,Ellisforde,2017-12-13 01:56:33.846826
2010-09-27,12:45,79.5,,55.7,43.9,0.0,SW@5.9,11.0,,58.8,0.0,0.0,622,"Ellisforde, Okanogan County",330145,Ellisforde,2017-12-13 01:56:33.846826
2010-09-27,13:00,77.6,,56.2,47.7,0.0,SW@6.3,11.7,,58.8,0.0,0.0,226,"Ellisforde, Okanogan County",330145,Ellisforde,2017-12-13 01:56:33.846826
2010-09-27,13:15,77.6,,55.9,47.2,0.0,SW@7.0,13.2,,58.8,0.0,0.0,186,"Ellisforde, Okanogan County",330145,Ellisforde,2017-12-13 01:56:33.846826
2010-09-27,13:30,80.3,,56.1,43.6,0.0,SW@8.6,13.5,,58.8,0.0,0.0,598,"Ellisforde, Okanogan County",330145,Ellisforde,2017-12-13 01:56:33.846826
2010-09-27,13:45,81.6,,56.2,41.7,0.0,SW@10.7,19.2,,58.8,0.0,0.0,756,"Ellisforde, Okanogan County",330145,Ellisforde,2017-12-13 01:56:33.846826
2010-09-27,14:00,81.2,,56.0,42.0,0.0,SW@9.1,16.0,,58.9,0.0,0.0,505,"Ellisforde, Okanogan County",330145,Ellisforde,2017-12-13 01:56:33.846826
2010-09-27,14:15,79.6,,55.9,44.2,0.0,SW@8.0,16.0,,58.9,0.0,0.0,255,"Ellisforde, Okanogan County",330145,Ellisforde,2017-12-13 01:56:33.846826
2010-09-27,14:30,80.8,,56.6,43.5,0.0,SW@7.7,12.8,,58.9,0.0,0.0,507,"Ellisforde, Okanogan County",330145,Ellisforde,2017-12-13 01:56:33.846826
2010-09-27,14:45,83.1,,57.3,41.5,0.0,SW@7.9,13.2,,58.9,0.0,0.0,639,"Ellisforde, Okanogan County",330145,Ellisforde,2017-12-13 01:56:33.846826
2010-09-27,15:00,83.4,,57.0,40.7,0.0,SW@7.8,12.8,,58.9,0.0,0.0,583,"Ellisforde, Okanogan County",330145,Ellisforde,2017-12-13 01:56:33.846826
2010-09-27,15:15,83.5,,56.8,40.2,0.0,SW@8.6,12.4,,59.0,0.0,0.0,544,"Ellisforde, Okanogan County",330145,Ellisforde,2017-12-13 01:56:33.846826
2010-09-27,15:30,83.1,,56.8,40.7,0.0,SW@8.1,12.1,,59.0,0.0,0.0,403,"Ellisforde, Okanogan County",330145,Ellisforde,2017-12-13 01:56:33.846826
2010-09-27,15:45,82.8,,56.5,40.7,0.0,SW@8.0,15.3,,59.0,0.0,0.0,361,"Ellisforde, Okanogan County",330145,Ellisforde,2017-12-13 01:56:33.846826
2010-09-27,16:00,83.0,,56.8,40.8,0.0,SW@7.1,13.2,,59.1,0.0,0.0,318,"Ellisforde, Okanogan County",330145,Ellisforde,2017-12-13 01:56:33.846826
2010-09-27,16:15,82.5,,57.3,42.3,0.0,SW@6.4,10.7,,59.1,0.0,0.0,239,"Ellisforde, Okanogan County",330145,Ellisforde,2017-12-13 01:56:33.846826
2010-09-27,16:30,81.7,,57.5,43.7,0.0,SW@6.7,11.7,,59.2,0.0,0.0,193,"Ellisforde, Okanogan County",330145,Ellisforde,2017-12-13 01:56:33.846826
2010-09-27,16:45,81.4,,57.5,44.1,0.0,SW@6.1,9.6,,59.2,0.0,0.0,153,"Ellisforde, Okanogan County",330145,Ellisforde,2017-12-13 01:56:33.846826
2010-09-27,17:00,81.3,,57.4,44.1,0.0,SW@6.1,9.9,,59.3,0.0,0.0,119,"Ellisforde, Okanogan County",330145,Ellisforde,2017-12-13 01:56:33.846826
2010-09-27,17:15,80.1,,58.0,46.8,0.0,SE@3.3,7.1,,59.3,0.0,0.0,66,"Ellisforde, Okanogan County",330145,Ellisforde,2017-12-13 01:56:33.846826
2010-09-27,17:30,78.9,,56.5,46.2,0.0,N@2.8,5.3,,59.4,0.0,0.0,13,"Ellisforde, Okanogan County",330145,Ellisforde,2017-12-13 01:56:33.846826
2010-09-27,17:45,78.1,,56.7,47.7,0.0,SW@3.3,9.2,,59.4,0.0,0.0,6,"Ellisforde, Okanogan County",330145,Ellisforde,2017-12-13 01:56:33.846826
2010-09-27,18:00,76.9,,56.8,49.9,0.0,SE@2.8,7.4,,59.5,0.0,0.0,2,"Ellisforde, Okanogan County",330145,Ellisforde,2017-12-13 01:56:33.846826
2010-09-27,18:15,77.2,,56.6,49.0,0.0,E@3.1,8.5,,59.6,0.0,0.0,0,"Ellisforde, Okanogan County",330145,Ellisforde,2017-12-13 01:56:33.846826
2010-09-27,18:30,76.7,,56.8,50.2,0.0,SW@2.7,5.7,,59.6,0.0,0.0,0,"Ellisforde, Okanogan County",330145,Ellisforde,2017-12-13 01:56:33.846826
2010-09-27,18:45,75.4,,57.0,52.9,0.0,SE@3.2,10.3,,59.7,0.0,0.0,0,"Ellisforde, Okanogan County",330145,Ellisforde,2017-12-13 01:56:33.846826
2010-09-27,19:00,76.8,,56.6,49.7,0.0,SE@4.4,11.0,,59.7,0.0,0.0,0,"Ellisforde, Okanogan County",330145,Ellisforde,2017-12-13 01:56:33.846826
2010-09-27,19:15,77.1,,56.7,49.4,0.0,S@3.5,9.9,,59.8,0.0,0.0,0,"Ellisforde, Okanogan County",330145,Ellisforde,2017-12-13 01:56:33.846826
2010-09-27,19:30,75.4,,57.1,52.9,0.0,SW@3.6,8.9,,59.9,0.0,0.0,0,"Ellisforde, Okanogan County",330145,Ellisforde,2017-12-13 01:56:33.846826
2010-09-27,19:45,72.4,,57.7,59.9,0.0,W@2.1,4.6,,59.9,0.0,0.0,0,"Ellisforde, Okanogan County",330145,Ellisforde,2017-12-13 01:56:33.846826
2010-09-27,20:00,70.3,,59.0,67.3,0.0,SE@0.8,3.1,,60.0,0.0,0.0,0,"Ellisforde, Okanogan County",330145,Ellisforde,2017-12-13 01:56:33.846826
2010-09-27,20:15,67.5,,59.8,76.1,0.0,SE@1.3,3.5,,60.0,0.0,0.0,0,"Ellisforde, Okanogan County",330145,Ellisforde,2017-12-13 01:56:33.846826
2010-09-27,20:30,66.4,,59.4,78.3,0.0,E@1.1,4.2,,60.0,0.0,0.0,0,"Ellisforde, Okanogan County",330145,Ellisforde,2017-12-13 01:56:33.846826
2010-09-27,20:45,66.0,,59.5,79.6,0.0,SE@1.7,3.9,,60.1,0.0,0.0,0,"Ellisforde, Okanogan County",330145,Ellisforde,2017-12-13 01:56:33.846826
2010-09-27,21:00,64.5,,59.7,84.3,0.01,SE@2.4,3.5,,60.1,0.0,0.0,0,"Ellisforde, Okanogan County",330145,Ellisforde,2017-12-13 01:56:33.846826
2010-09-27,21:15,64.1,,59.6,85.0,0.01,SE@2.3,3.9,,60.2,0.0,0.0,0,"Ellisforde, Okanogan County",330145,Ellisforde,2017-12-13 01:56:33.846826
2010-09-27,21:30,63.4,,59.6,87.3,0.01,E@2.6,3.9,,60.2,0.0,0.0,0,"Ellisforde, Okanogan County",330145,Ellisforde,2017-12-13 01:56:33.846826
2010-09-27,21:45,63.7,,59.5,86.1,0.01,SE@2.5,3.9,,60.3,0.0,0.0,0,"Ellisforde, Okanogan County",330145,Ellisforde,2017-12-13 01:56:33.846826
2010-09-27,22:00,62.8,,59.2,87.9,0.01,SE@3.2,4.2,,60.3,0.0,0.0,0,"Ellisforde, Okanogan County",330145,Ellisforde,2017-12-13 01:56:33.846826
2010-09-27,22:15,62.8,,58.7,86.7,0.01,SE@2.9,3.9,,60.3,0.0,0.0,0,"Ellisforde, Okanogan County",330145,Ellisforde,2017-12-13 01:56:33.846826
2010-09-27,22:30,63.0,,58.9,86.6,0.01,SE@2.5,3.9,,60.4,0.0,0.0,0,"Ellisforde, Okanogan County",330145,Ellisforde,2017-12-13 01:56:33.846826
2010-09-27,22:45,65.0,,58.6,79.8,0.01,E@1.0,3.1,,60.4,0.0,0.0,0,"Ellisforde, Okanogan County",330145,Ellisforde,2017-12-13 01:56:33.846826
2010-09-27,23:00,65.9,,58.7,77.6,0.0,SE@1.7,3.9,,60.4,0.0,0.0,0,"Ellisforde, Okanogan County",330145,Ellisforde,2017-12-13 01:56:33.846826
2010-09-28,23:15,65.4,,58.9,79.4,0.0,SE@2.0,4.2,,60.4,0.0,0.0,0,"Ellisforde, Okanogan County",330145,Ellisforde,2017-12-13 01:56:33.846826
2010-09-28,23:30,64.7,,59.0,81.7,0.0,SE@1.9,4.2,,60.5,0.0,0.0,0,"Ellisforde, Okanogan County",330145,Ellisforde,2017-12-13 01:56:33.846826
2010-09-28,23:45,63.9,,59.0,83.9,0.01,SE@1.8,3.5,,60.5,0.0,0.0,0,"Ellisforde, Okanogan County",330145,Ellisforde,2017-12-13 01:56:33.846826
2010-09-28,24:00,63.6,,58.8,84.6,0.01,SE@1.6,3.9,,60.5,0.0,0.0,0,"Ellisforde, Okanogan County",330145,Ellisforde,2017-12-13 01:56:33.846826
2010-09-28,00:15,63.9,,58.5,82.5,0.01,E@1.1,2.8,,60.5,0.0,0.0,0,"Ellisforde, Okanogan County",330145,Ellisforde,2017-12-13 01:56:33.846826
2010-09-28,00:30,62.6,,58.4,86.3,0.01,E@2.1,4.2,,60.5,0.0,0.0,0,"Ellisforde, Okanogan County",330145,Ellisforde,2017-12-13 01:56:33.846826
2010-09-28,00:45,61.3,,58.5,90.6,0.03,SE@2.1,3.5,,60.5,0.0,0.0,0,"Ellisforde, Okanogan County",330145,Ellisforde,2017-12-13 01:56:33.846826
2010-09-28,01:00,60.2,,58.2,93.1,0.11,E@1.9,3.5,,60.5,0.0,0.0,0,"Ellisforde, Okanogan County",330145,Ellisforde,2017-12-13 01:56:33.846826
2010-09-28,01:15,59.1,,58.0,96.1,0.25,E@1.8,3.5,,60.5,0.0,0.0,0,"Ellisforde, Okanogan County",330145,Ellisforde,2017-12-13 01:56:33.846826
2010-09-28,01:30,59.6,,58.3,95.3,0.4,SE@1.4,3.1,,60.5,0.0,0.0,0,"Ellisforde, Okanogan County",330145,Ellisforde,2017-12-13 01:56:33.846826
2010-09-28,01:45,59.6,,58.3,95.2,0.52,SE@0.9,2.8,,60.5,0.0,0.0,0,"Ellisforde, Okanogan County",330145,Ellisforde,2017-12-13 01:56:33.846826
2010-09-28,02:00,60.1,,58.3,93.7,0.62,E@0.7,2.4,,60.5,0.0,0.0,0,"Ellisforde, Okanogan County",330145,Ellisforde,2017-12-13 01:56:33.846826
2010-09-28,02:15,59.5,,58.3,95.5,0.7,SE@0.9,3.5,,60.5,0.0,0.0,0,"Ellisforde, Okanogan County",330145,Ellisforde,2017-12-13 01:56:33.846826
2010-09-28,02:30,59.4,,58.0,94.9,0.76,N@0.0,1.4,,60.5,0.0,0.0,0,"Ellisforde, Okanogan County",330145,Ellisforde,2017-12-13 01:56:33.846826
2010-09-28,02:45,58.4,,57.4,96.1,0.81,SE@1.4,3.1,,60.5,0.0,0.0,0,"Ellisforde, Okanogan County",330145,Ellisforde,2017-12-13 01:56:33.846826
2010-09-28,03:00,58.4,,57.6,97.2,0.84,SE@1.8,3.1,,60.5,0.0,0.0,0,"Ellisforde, Okanogan County",330145,Ellisforde,2017-12-13 01:56:33.846826
2010-09-28,03:15,58.4,,57.6,96.9,0.87,SE@1.5,3.1,,60.5,0.0,0.0,0,"Ellisforde, Okanogan County",330145,Ellisforde,2017-12-13 01:56:33.846826
2010-09-28,03:30,57.3,,56.8,98.1,0.89,E@0.3,2.4,,60.5,0.0,0.0,0,"Ellisforde, Okanogan County",330145,Ellisforde,2017-12-13 01:56:33.846826
2010-09-28,03:45,57.5,,57.2,98.9,0.9,SE@2.2,3.5,,60.5,0.0,0.0,0,"Ellisforde, Okanogan County",330145,Ellisforde,2017-12-13 01:56:33.846826
2010-09-28,04:00,56.9,,56.7,99.1,0.92,E@1.8,2.8,,60.5,0.0,0.0,0,"Ellisforde, Okanogan County",330145,Ellisforde,2017-12-13 01:56:33.846826
2010-09-28,04:15,56.5,,56.4,99.6,0.93,E@0.8,2.8,,60.5,0.0,0.0,0,"Ellisforde, Okanogan County",330145,Ellisforde,2017-12-13 01:56:33.846826
2010-09-28,04:30,56.5,,56.5,99.9,0.94,E@0.8,3.1,,60.5,0.0,0.0,0,"Ellisforde, Okanogan County",330145,Ellisforde,2017-12-13 01:56:33.846826
2010-09-28,04:45,56.2,,56.1,99.8,0.94,SE@0.5,3.1,,60.5,0.0,0.0,0,"Ellisforde, Okanogan County",330145,Ellisforde,2017-12-13 01:56:33.846826
2010-09-28,05:00,56.3,,56.3,99.8,0.95,SE@0.7,2.8,,60.5,0.0,0.0,0,"Ellisforde, Okanogan County",330145,Ellisforde,2017-12-13 01:56:33.846826
2010-09-28,05:15,56.3,,56.3,99.9,1.0,SE@0.8,2.8,,60.5,0.0,0.0,0,"Ellisforde, Okanogan County",330145,Ellisforde,2017-12-13 01:56:33.846826
2010-09-28,05:30,55.4,,55.3,99.7,1.0,SE@0.2,2.4,,60.4,0.0,0.0,0,"Ellisforde, Okanogan County",330145,Ellisforde,2017-12-13 01:56:33.846826
2010-09-28,05:45,55.2,,55.2,99.9,1.0,SE@0.5,2.8,,60.4,0.0,0.0,2,"Ellisforde, Okanogan County",330145,Ellisforde,2017-12-13 01:56:33.846826
2010-09-28,06:00,55.5,,55.5,99.9,1.0,SE@0.8,2.8,,60.4,0.0,0.0,4,"Ellisforde, Okanogan County",330145,Ellisforde,2017-12-13 01:56:33.846826
2010-09-28,06:15,55.5,,55.5,100.0,1.0,SE@1.0,3.1,,60.4,0.0,0.0,8,"Ellisforde, Okanogan County",330145,Ellisforde,2017-12-13 01:56:33.846826
2010-09-28,06:30,56.0,,56.0,100.0,1.0,E@1.5,2.8,,60.4,0.0,0.0,13,"Ellisforde, Okanogan County",330145,Ellisforde,2017-12-13 01:56:33.846826
2010-09-28,06:45,55.8,,55.7,99.7,1.0,SE@0.8,3.5,,60.3,0.0,0.0,16,"Ellisforde, Okanogan County",330145,Ellisforde,2017-12-13 01:56:33.846826
2010-09-28,07:00,55.7,,55.7,100.0,1.0,E@0.9,2.8,,60.3,0.0,0.0,19,"Ellisforde, Okanogan County",330145,Ellisforde,2017-12-13 01:56:33.846826
2010-09-28,07:15,56.2,,56.2,100.0,1.0,SE@0.8,2.8,,60.3,0.0,0.0,20,"Ellisforde, Okanogan County",330145,Ellisforde,2017-12-13 01:56:33.846826
2010-09-28,07:30,56.6,,56.6,100.0,1.0,SE@1.6,3.9,,60.3,0.0,0.0,20,"Ellisforde, Okanogan County",330145,Ellisforde,2017-12-13 01:56:33.846826
2010-09-28,07:45,57.4,,57.4,99.9,1.0,E@1.8,3.9,,60.3,0.0,0.0,22,"Ellisforde, Okanogan County",330145,Ellisforde,2017-12-13 01:56:33.846826
2010-09-28,08:00,58.1,,58.1,99.8,1.0,E@2.5,3.9,,60.2,0.0,0.0,24,"Ellisforde, Okanogan County",330145,Ellisforde,2017-12-13 01:56:33.846826
2010-09-28,08:15,59.5,,58.6,97.0,1.0,SE@2.0,3.9,,60.2,0.0,0.0,28,"Ellisforde, Okanogan County",330145,Ellisforde,2017-12-13 01:56:33.846826
2010-09-28,08:30,62.2,,60.5,94.0,1.0,E@2.5,3.9,,60.2,0.0,0.0,301,"Ellisforde, Okanogan County",330145,Ellisforde,2017-12-13 01:56:33.846826
2010-09-28,08:45,67.5,,61.9,82.1,0.96,E@2.7,4.6,,60.2,0.0,0.0,405,"Ellisforde, Okanogan County",330145,Ellisforde,2017-12-13 01:56:33.846826
2010-09-28,09:00,70.9,,62.3,74.2,0.67,E@2.2,3.5,,60.2,0.0,0.0,259,"Ellisforde, Okanogan County",330145,Ellisforde,2017-12-13 01:56:33.846826
2010-09-28,09:15,72.3,,61.5,68.5,0.0,SE@2.0,5.7,,60.1,0.0,0.0,156,"Ellisforde, Okanogan County",330145,Ellisforde,2017-12-13 01:56:33.846826
2010-09-28,09:30,74.0,,61.1,64.0,0.0,S@2.7,7.4,,60.1,0.0,0.0,215,"Ellisforde, Okanogan County",330145,Ellisforde,2017-12-13 01:56:33.846826
2010-09-28,09:45,75.3,,61.0,61.1,0.0,SE@3.8,8.2,,60.1,0.0,0.0,184,"Ellisforde, Okanogan County",330145,Ellisforde,2017-12-13 01:56:33.846826
2010-09-28,10:00,76.5,,60.8,58.3,0.0,S@4.2,12.4,,60.0,0.0,0.0,232,"Ellisforde, Okanogan County",330145,Ellisforde,2017-12-13 01:56:33.846826
2010-09-28,10:15,77.9,,60.8,55.6,0.0,SW@4.2,9.2,,60.0,0.0,0.0,315,"Ellisforde, Okanogan County",330145,Ellisforde,2017-12-13 01:56:33.846826
2010-09-28,10:30,78.8,,60.8,53.9,0.0,SW@6.9,12.1,,60.0,0.0,0.0,244,"Ellisforde, Okanogan County",330145,Ellisforde,2017-12-13 01:56:33.846826
2010-09-28,10:45,79.9,,60.7,51.9,0.0,SW@5.7,11.7,,60.0,0.0,0.0,565,"Ellisforde, Okanogan County",330145,Ellisforde,2017-12-13 01:56:33.846826
2010-09-28,11:00,81.3,,59.6,47.6,0.0,SW@6.7,14.6,,60.0,0.0,0.0,463,"Ellisforde, Okanogan County",330145,Ellisforde,2017-12-13 01:56:33.846826
2010-09-28,11:15,80.9,,58.6,46.6,0.0,SW@8.6,15.3,,60.0,0.0,0.0,334,"Ellisforde, Okanogan County",330145,Ellisforde,2017-12-13 01:56:33.846826
2010-09-28,11:30,81.6,,58.4,45.2,0.0,SW@8.1,16.0,,59.9,0.0,0.0,517,"Ellisforde, Okanogan County",330145,Ellisforde,2017-12-13 01:56:33.846826
2010-09-28,11:45,82.5,,57.7,42.9,0.0,SW@7.0,11.4,,59.9,0.0,0.0,369,"Ellisforde, Okanogan County",330145,Ellisforde,2017-12-13 01:56:33.846826
2010-09-28,12:00,78.5,,59.6,52.2,0.0,N@8.0,19.6,,59.9,0.0,0.0,197,"Ellisforde, Okanogan County",330145,Ellisforde,2017-12-13 01:56:33.846826
2010-09-28,12:15,73.5,,59.0,60.5,0.0,NE@8.6,17.5,,59.9,0.0,0.0,138,"Ellisforde, Okanogan County",330145,Ellisforde,2017-12-13 01:56:33.846826
2010-09-28,12:30,73.4,,58.0,58.4,0.0,NE@8.3,16.7,,59.9,0.0,0.0,239,"Ellisforde, Okanogan County",330145,Ellisforde,2017-12-13 01:56:33.846826
2010-09-28,12:45,74.5,,58.2,56.8,0.0,NE@6.4,11.7,,59.9,0.0,0.0,359,"Ellisforde, Okanogan County",330145,Ellisforde,2017-12-13 01:56:33.846826
2010-09-28,13:00,76.4,,58.0,52.9,0.0,NE@6.9,14.2,,59.9,0.0,0.0,587,"Ellisforde, Okanogan County",330145,Ellisforde,2017-12-13 01:56:33.846826
2010-09-28,13:15,75.0,,57.0,53.4,0.0,NE@6.3,13.5,,59.9,0.0,0.0,243,"Ellisforde, Okanogan County",330145,Ellisforde,2017-12-13 01:56:33.846826
2010-09-28,13:30,74.2,,56.4,53.7,0.0,NE@6.2,13.2,,59.9,0.0,0.0,196,"Ellisforde, Okanogan County",330145,Ellisforde,2017-12-13 01:56:33.846826
2010-09-28,13:45,74.1,,55.3,51.8,0.0,NE@6.4,14.6,,59.9,0.0,0.0,142,"Ellisforde, Okanogan County",330145,Ellisforde,2017-12-13 01:56:33.846826
2010-09-28,14:00,73.3,,55.1,52.7,0.0,NE@5.9,13.9,,59.9,0.0,0.0,182,"Ellisforde, Okanogan County",330145,Ellisforde,2017-12-13 01:56:33.846826
2010-09-28,14:15,74.0,,56.1,53.6,0.0,NE@4.8,11.4,,60.0,0.0,0.0,203,"Ellisforde, Okanogan County",330145,Ellisforde,2017-12-13 01:56:33.846826
2010-09-28,14:30,73.3,,55.5,53.6,0.0,NE@4.2,10.7,,60.0,0.0,0.0,155,"Ellisforde, Okanogan County",330145,Ellisforde,2017-12-13 01:56:33.846826
2010-09-28,14:45,76.0,,55.8,49.5,0.0,NE@4.0,8.9,,60.0,0.0,0.0,487,"Ellisforde, Okanogan County",330145,Ellisforde,2017-12-13 01:56:33.846826
2010-09-28,15:00,78.2,,54.8,44.4,0.0,N@3.6,7.1,,60.0,0.0,0.0,429,"Ellisforde, Okanogan County",330145,Ellisforde,2017-12-13 01:56:33.846826
2010-09-28,15:15,78.9,,54.5,43.1,0.0,N@4.0,7.4,,60.0,0.0,0.0,392,"Ellisforde, Okanogan County",330145,Ellisforde,2017-12-13 01:56:33.846826
2010-09-28,15:30,79.2,,54.3,42.1,0.0,N@4.4,7.4,,60.1,0.0,0.0,355,"Ellisforde, Okanogan County",330145,Ellisforde,2017-12-13 01:56:33.846826
2010-09-28,15:45,79.0,,52.2,39.3,0.0,N@4.4,8.2,,60.1,0.0,0.0,302,"Ellisforde, Okanogan County",330145,Ellisforde,2017-12-13 01:56:33.846826
2010-09-28,16:00,78.5,,52.6,40.6,0.0,NE@3.8,7.1,,60.1,0.0,0.0,283,"Ellisforde, Okanogan County",330145,Ellisforde,2017-12-13 01:56:33.846826
2010-09-28,16:15,78.6,,52.1,39.8,0.0,NE@3.8,7.4,,60.2,0.0,0.0,235,"Ellisforde, Okanogan County",330145,Ellisforde,2017-12-13 01:56:33.846826
2010-09-28,16:30,77.8,,50.2,38.1,0.0,NE@4.1,9.9,,60.2,0.0,0.0,194,"Ellisforde, Okanogan County",330145,Ellisforde,2017-12-13 01:56:33.846826
2010-09-28,16:45,75.5,,50.9,42.0,0.0,E@3.7,6.0,,60.2,0.0,0.0,154,"Ellisforde, Okanogan County",330145,Ellisforde,2017-12-13 01:56:33.846826
2010-09-28,17:00,73.9,,50.4,43.5,0.0,E@4.0,6.7,,60.3,0.0,0.0,115,"Ellisforde, Okanogan County",330145,Ellisforde,2017-12-13 01:56:33.846826
2010-09-28,17:15,72.3,,49.1,43.9,0.0,E@4.5,7.8,,60.3,0.0,0.0,79,"Ellisforde, Okanogan County",330145,Ellisforde,2017-12-13 01:56:33.846826
2010-09-28,17:30,71.0,,47.5,43.2,0.0,E@4.1,6.4,,60.3,0.0,0.0,25,"Ellisforde, Okanogan County",330145,Ellisforde,2017-12-13 01:56:33.846826
2010-09-28,17:45,69.4,,47.0,44.7,0.0,E@3.9,6.0,,60.4,0.0,0.0,7,"Ellisforde, Okanogan County",330145,Ellisforde,2017-12-13 01:56:33.846826
2010-09-28,18:00,66.8,,46.6,48.0,0.0,E@4.7,7.1,,60.4,0.0,0.0,2,"Ellisforde, Okanogan County",330145,Ellisforde,2017-12-13 01:56:33.846826
2010-09-28,18:15,66.4,,45.8,47.4,0.0,E@4.5,7.1,,60.5,0.0,0.0,1,"Ellisforde, Okanogan County",330145,Ellisforde,2017-12-13 01:56:33.846826
2010-09-28,18:30,66.7,,45.3,45.9,0.0,E@4.4,7.8,,60.5,0.0,0.0,0,"Ellisforde, Okanogan County",330145,Ellisforde,2017-12-13 01:56:33.846826
2010-09-28,18:45,66.2,,45.3,46.9,0.0,E@4.6,6.4,,60.5,0.0,0.0,0,"Ellisforde, Okanogan County",330145,Ellisforde,2017-12-13 01:56:33.846826
2010-09-28,19:00,65.7,,45.0,47.1,0.0,E@4.5,7.8,,60.6,0.0,0.0,0,"Ellisforde, Okanogan County",330145,Ellisforde,2017-12-13 01:56:33.846826
2010-09-28,19:15,66.2,,44.2,44.8,0.0,E@5.1,8.9,,60.6,0.0,0.0,0,"Ellisforde, Okanogan County",330145,Ellisforde,2017-12-13 01:56:33.846826
2010-09-28,19:30,66.0,,44.0,44.9,0.0,E@3.3,6.4,,60.6,0.0,0.0,0,"Ellisforde, Okanogan County",330145,Ellisforde,2017-12-13 01:56:33.846826
2010-09-28,19:45,61.4,,47.9,61.0,0.0,S@1.5,4.2,,60.7,0.0,0.0,0,"Ellisforde, Okanogan County",330145,Ellisforde,2017-12-13 01:56:33.846826
2010-09-28,20:00,55.9,,49.1,77.7,0.0,SE@2.7,3.9,,60.7,0.0,0.0,0,"Ellisforde, Okanogan County",330145,Ellisforde,2017-12-13 01:56:33.846826
2010-09-28,20:15,54.7,,48.3,78.9,0.0,E@3.1,4.2,,60.7,0.0,0.0,0,"Ellisforde, Okanogan County",330145,Ellisforde,2017-12-13 01:56:33.846826
2010-09-28,20:30,53.0,,47.8,82.6,0.0,E@3.2,4.2,,60.8,0.0,0.0,0,"Ellisforde, Okanogan County",330145,Ellisforde,2017-12-13 01:56:33.846826
2010-09-28,20:45,52.6,,47.8,83.7,0.01,E@3.3,4.2,,60.8,0.0,0.0,0,"Ellisforde, Okanogan County",330145,Ellisforde,2017-12-13 01:56:33.846826
2010-09-28,21:00,54.8,,47.1,75.3,0.0,SE@2.2,4.9,,60.8,0.0,0.0,0,"Ellisforde, Okanogan County",330145,Ellisforde,2017-12-13 01:56:33.846826
2010-09-28,21:15,52.6,,48.2,84.8,0.01,SE@2.6,3.9,,60.8,0.0,0.0,0,"Ellisforde, Okanogan County",330145,Ellisforde,2017-12-13 01:56:33.846826
2010-09-28,21:30,51.7,,47.4,84.9,0.01,E@2.5,4.6,,60.8,0.0,0.0,0,"Ellisforde, Okanogan County",330145,Ellisforde,2017-12-13 01:56:33.846826
2010-09-28,21:45,52.1,,47.0,82.6,0.01,SE@1.2,3.1,,60.8,0.0,0.0,0,"Ellisforde, Okanogan County",330145,Ellisforde,2017-12-13 01:56:33.846826
2010-09-28,22:00,51.4,,46.6,83.6,0.03,SE@1.2,3.5,,60.8,0.0,0.0,0,"Ellisforde, Okanogan County",330145,Ellisforde,2017-12-13 01:56:33.846826
2010-09-28,22:15,51.1,,46.9,85.2,0.02,SE@1.7,3.9,,60.8,0.0,0.0,0,"Ellisforde, Okanogan County",330145,Ellisforde,2017-12-13 01:56:33.846826
2010-09-28,22:30,50.4,,46.5,86.5,0.03,E@2.0,3.5,,60.8,0.0,0.0,0,"Ellisforde, Okanogan County",330145,Ellisforde,2017-12-13 01:56:33.846826
2010-09-28,22:45,50.1,,46.2,86.4,0.03,E@2.4,3.9,,60.8,0.0,0.0,0,"Ellisforde, Okanogan County",330145,Ellisforde,2017-12-13 01:56:33.846826
2010-09-28,23:00,49.2,,45.9,88.2,0.03,E@2.7,4.6,,60.8,0.0,0.0,0,"Ellisforde, Okanogan County",330145,Ellisforde,2017-12-13 01:56:33.846826
2010-09-29,23:15,50.0,,45.6,84.7,0.02,S@2.0,4.2,,60.8,0.0,0.0,0,"Ellisforde, Okanogan County",330145,Ellisforde,2017-12-13 01:56:33.846826
2010-09-29,23:30,48.9,,45.7,88.7,0.06,E@1.4,3.5,,60.8,0.0,0.0,0,"Ellisforde, Okanogan County",330145,Ellisforde,2017-12-13 01:56:33.846826
2010-09-29,23:45,48.8,,45.6,88.4,0.09,SE@1.8,3.9,,60.8,0.0,0.0,0,"Ellisforde, Okanogan County",330145,Ellisforde,2017-12-13 01:56:33.846826
2010-09-29,24:00,47.9,,45.0,89.5,0.15,E@2.1,3.5,,60.8,0.0,0.0,0,"Ellisforde, Okanogan County",330145,Ellisforde,2017-12-13 01:56:33.846826
2010-09-29,00:15,47.5,,44.8,90.5,0.2,SE@2.2,3.5,,60.8,0.0,0.0,0,"Ellisforde, Okanogan County",330145,Ellisforde,2017-12-13 01:56:33.846826
2010-09-29,00:30,47.0,,44.5,91.0,0.32,E@1.9,4.2,,60.7,0.0,0.0,0,"Ellisforde, Okanogan County",330145,Ellisforde,2017-12-13 01:56:33.846826
2010-09-29,00:45,46.6,,44.3,91.6,0.41,E@2.1,4.6,,60.7,0.0,0.0,0,"Ellisforde, Okanogan County",330145,Ellisforde,2017-12-13 01:56:33.846826
2010-09-29,01:00,46.5,,44.4,92.2,0.47,E@2.4,4.6,,60.7,0.0,0.0,0,"Ellisforde, Okanogan County",330145,Ellisforde,2017-12-13 01:56:33.846826
2010-09-29,01:15,46.1,,44.3,93.2,0.54,E@1.7,3.9,,60.7,0.0,0.0,0,"Ellisforde, Okanogan County",330145,Ellisforde,2017-12-13 01:56:33.846826
2010-09-29,01:30,45.6,,44.3,95.2,0.64,SE@2.1,3.9,,60.6,0.0,0.0,0,"Ellisforde, Okanogan County",330145,Ellisforde,2017-12-13 01:56:33.846826
2010-09-29,01:45,45.6,,44.0,93.9,0.72,SE@1.4,2.8,,60.6,0.0,0.0,0,"Ellisforde, Okanogan County",330145,Ellisforde,2017-12-13 01:56:33.846826
2010-09-29,02:00,44.9,,43.6,95.1,0.77,SE@1.7,3.1,,60.6,0.0,0.0,0,"Ellisforde, Okanogan County",330145,Ellisforde,2017-12-13 01:56:33.846826
2010-09-29,02:15,44.7,,43.6,96.0,0.82,SE@1.8,3.1,,60.5,0.0,0.0,0,"Ellisforde, Okanogan County",330145,Ellisforde,2017-12-13 01:56:33.846826
2010-09-29,02:30,44.6,,43.5,95.8,0.85,E@1.1,2.8,,60.5,0.0,0.0,0,"Ellisforde, Okanogan County",330145,Ellisforde,2017-12-13 01:56:33.846826
2010-09-29,02:45,44.3,,43.3,96.2,0.88,SE@1.0,3.5,,60.5,0.0,0.0,0,"Ellisforde, Okanogan County",330145,Ellisforde,2017-12-13 01:56:33.846826
2010-09-29,03:00,44.2,,43.1,95.8,0.9,E@1.5,3.5,,60.4,0.0,0.0,0,"Ellisforde, Okanogan County",330145,Ellisforde,2017-12-13 01:56:33.846826
2010-09-29,03:15,43.4,,42.5,96.7,0.91,E@2.2,3.5,,60.4,0.0,0.0,0,"Ellisforde, Okanogan County",330145,Ellisforde,2017-12-13 01:56:33.846826
2010-09-29,03:30,43.2,,42.4,97.1,0.92,E@0.9,2.8,,60.4,0.0,0.0,0,"Ellisforde, Okanogan County",330145,Ellisforde,2017-12-13 01:56:33.846826
2010-09-29,03:45,43.1,,42.5,97.4,0.93,E@1.7,3.5,,60.3,0.0,0.0,0,"Ellisforde, Okanogan County",330145,Ellisforde,2017-12-13 01:56:33.846826
2010-09-29,04:00,43.1,,42.4,97.4,0.94,E@1.7,4.2,,60.3,0.0,0.0,0,"Ellisforde, Okanogan County",330145,Ellisforde,2017-12-13 01:56:33.846826
2010-09-29,04:15,42.7,,42.0,97.2,0.94,E@0.6,3.5,,60.2,0.0,0.0,0,"Ellisforde, Okanogan County",330145,Ellisforde,2017-12-13 01:56:33.846826
2010-09-29,04:30,42.4,,41.9,97.9,0.95,SE@2.2,3.5,,60.2,0.0,0.0,0,"Ellisforde, Okanogan County",330145,Ellisforde,2017-12-13 01:56:33.846826
2010-09-29,04:45,42.1,,41.6,98.0,0.96,E@1.5,3.1,,60.1,0.0,0.0,0,"Ellisforde, Okanogan County",330145,Ellisforde,2017-12-13 01:56:33.846826
2010-09-29,05:00,41.9,,41.5,98.2,1.0,E@1.5,2.8,,60.1,0.0,0.0,0,"Ellisforde, Okanogan County",330145,Ellisforde,2017-12-13 01:56:33.846826
2010-09-29,05:15,41.6,,41.1,97.9,1.0,E@1.4,3.1,,60.1,0.0,0.0,0,"Ellisforde, Okanogan County",330145,Ellisforde,2017-12-13 01:56:33.846826
2010-09-29,05:30,41.6,,41.3,98.6,1.0,E@2.0,3.5,,60.0,0.0,0.0,0,"Ellisforde, Okanogan County",330145,Ellisforde,2017-12-13 01:56:33.846826
2010-09-29,05:45,41.6,,41.0,97.9,1.0,E@1.2,3.5,,59.9,0.0,0.0,2,"Ellisforde, Okanogan County",330145,Ellisforde,2017-12-13 01:56:33.846826
2010-09-29,06:00,41.8,,41.4,98.5,1.0,SE@1.4,3.9,,59.9,0.0,0.0,4,"Ellisforde, Okanogan County",330145,Ellisforde,2017-12-13 01:56:33.846826
2010-09-29,06:15,41.8,,41.2,97.5,1.0,E@1.1,3.9,,59.8,0.0,0.0,8,"Ellisforde, Okanogan County",330145,Ellisforde,2017-12-13 01:56:33.846826
2010-09-29,06:30,41.7,,41.2,97.9,1.0,SE@1.5,3.5,,59.8,0.0,0.0,13,"Ellisforde, Okanogan County",330145,Ellisforde,2017-12-13 01:56:33.846826
2010-09-29,06:45,41.8,,41.4,98.2,1.0,E@1.6,3.9,,59.8,0.0,0.0,17,"Ellisforde, Okanogan County",330145,Ellisforde,2017-12-13 01:56:33.846826
2010-09-29,07:00,42.6,,42.1,97.9,1.0,SE@2.2,4.9,,59.7,0.0,0.0,19,"Ellisforde, Okanogan County",330145,Ellisforde,2017-12-13 01:56:33.846826
2010-09-29,07:15,43.0,,42.2,96.9,1.0,E@0.2,2.4,,59.6,0.0,0.0,20,"Ellisforde, Okanogan County",330145,Ellisforde,2017-12-13 01:56:33.846826
2010-09-29,07:30,43.1,,42.4,97.1,1.0,N@0.0,0.0,,59.6,0.0,0.0,21,"Ellisforde, Okanogan County",330145,Ellisforde,2017-12-13 01:56:33.846826
2010-09-29,07:45,43.1,,42.4,97.0,1.0,SE@0.1,3.1,,59.5,0.0,0.0,24,"Ellisforde, Okanogan County",330145,Ellisforde,2017-12-13 01:56:33.846826
2010-09-29,08:00,44.1,,43.4,97.4,1.0,E@2.3,3.9,,59.5,0.0,0.0,24,"Ellisforde, Okanogan County",330145,Ellisforde,2017-12-13 01:56:33.846826
2010-09-29,08:15,45.4,,44.3,96.0,1.0,E@1.0,4.6,,59.4,0.0,0.0,27,"Ellisforde, Okanogan County",330145,Ellisforde,2017-12-13 01:56:33.846826
2010-09-29,08:30,48.8,,45.8,89.1,1.0,E@2.6,3.9,,59.4,0.0,0.0,282,"Ellisforde, Okanogan County",330145,Ellisforde,2017-12-13 01:56:33.846826
2010-09-29,08:45,55.6,,47.8,74.9,0.97,E@3.2,5.3,,59.3,0.0,0.0,411,"Ellisforde, Okanogan County",330145,Ellisforde,2017-12-13 01:56:33.846826
2010-09-29,09:00,58.1,,47.9,68.8,0.76,E@3.7,6.0,,59.3,0.0,0.0,273,"Ellisforde, Okanogan County",330145,Ellisforde,2017-12-13 01:56:33.846826
2010-09-29,09:15,59.5,,47.0,63.2,0.01,E@4.3,7.8,,59.2,0.0,0.0,131,"Ellisforde, Okanogan County",330145,Ellisforde,2017-12-13 01:56:33.846826
2010-09-29,09:30,61.0,,46.6,59.0,0.0,N@4.1,8.5,,59.2,0.0,0.0,276,"Ellisforde, Okanogan County",330145,Ellisforde,2017-12-13 01:56:33.846826
2010-09-29,09:45,62.1,,46.8,57.2,0.0,N@3.9,7.1,,59.1,0.0,0.0,151,"Ellisforde, Okanogan County",330145,Ellisforde,2017-12-13 01:56:33.846826
2010-09-29,10:00,62.6,,46.5,55.5,0.0,N@5.1,9.2,,59.1,0.0,0.0,175,"Ellisforde, Okanogan County",330145,Ellisforde,2017-12-13 01:56:33.846826
2010-09-29,10:15,63.6,,46.5,53.8,0.0,N@5.1,9.9,,59.0,0.0,0.0,231,"Ellisforde, Okanogan County",330145,Ellisforde,2017-12-13 01:56:33.846826
2010-09-29,10:30,64.7,,46.5,51.6,0.0,NE@5.2,9.2,,59.0,0.0,0.0,331,"Ellisforde, Okanogan County",330145,Ellisforde,2017-12-13 01:56:33.846826
2010-09-29,10:45,65.6,,47.2,51.3,0.0,N@5.3,8.9,,58.9,0.0,0.0,578,"Ellisforde, Okanogan County",330145,Ellisforde,2017-12-13 01:56:33.846826
2010-09-29,11:00,66.4,,47.3,50.2,0.0,N@5.2,9.9,,58.9,0.0,0.0,653,"Ellisforde, Okanogan County",330145,Ellisforde,2017-12-13 01:56:33.846826
2010-09-29,11:15,67.1,,48.0,50.1,0.0,NE@5.3,10.7,,58.8,0.0,0.0,665,"Ellisforde, Okanogan County",330145,Ellisforde,2017-12-13 01:56:33.846826
2010-09-29,11:30,67.9,,48.4,49.6,0.0,NE@5.3,8.9,,58.8,0.0,0.0,672,"Ellisforde, Okanogan County",330145,Ellisforde,2017-12-13 01:56:33.846826
2010-09-29,11:45,68.7,,48.0,47.6,0.0,NE@5.3,9.2,,58.8,0.0,0.0,676,"Ellisforde, Okanogan County",330145,Ellisforde,2017-12-13 01:56:33.846826
2010-09-29,12:00,69.7,,48.7,47.3,0.0,N@5.6,11.7,,58.7,0.0,0.0,676,"Ellisforde, Okanogan County",330145,Ellisforde,2017-12-13 01:56:33.846826
2010-09-29,12:15,70.5,,49.1,46.6,0.0,N@5.2,8.9,,58.7,0.0,0.0,675,"Ellisforde, Okanogan County",330145,Ellisforde,2017-12-13 01:56:33.846826
2010-09-29,12:30,71.1,,49.1,45.6,0.0,NE@5.1,9.2,,58.6,0.0,0.0,669,"Ellisforde, Okanogan County",330145,Ellisforde,2017-12-13 01:56:33.846826
2010-09-29,12:45,71.5,,49.0,44.9,0.0,N@5.5,9.6,,58.6,0.0,0.0,660,"Ellisforde, Okanogan County",330145,Ellisforde,2017-12-13 01:56:33.846826
2010-09-29,13:00,72.6,,49.6,44.1,0.0,N@5.2,9.6,,58.6,0.0,0.0,644,"Ellisforde, Okanogan County",330145,Ellisforde,2017-12-13 01:56:33.846826
2010-09-29,13:15,73.0,,49.5,43.3,0.0,N@5.1,9.2,,58.6,0.0,0.0,629,"Ellisforde, Okanogan County",330145,Ellisforde,2017-12-13 01:56:33.846826
2010-09-29,13:30,73.5,,49.8,43.2,0.0,N@4.6,8.2,,58.6,0.0,0.0,608,"Ellisforde, Okanogan County",330145,Ellisforde,2017-12-13 01:56:33.846826
2010-09-29,13:45,74.6,,50.5,42.7,0.0,N@4.2,7.8,,58.5,0.0,0.0,585,"Ellisforde, Okanogan County",330145,Ellisforde,2017-12-13 01:56:33.846826
2010-09-29,14:00,74.6,,50.0,41.9,0.0,N@4.2,7.4,,58.5,0.0,0.0,560,"Ellisforde, Okanogan County",330145,Ellisforde,2017-12-13 01:56:33.846826
2010-09-29,14:15,74.5,,49.4,41.2,0.0,N@4.9,7.8,,58.5,0.0,0.0,532,"Ellisforde, Okanogan County",330145,Ellisforde,2017-12-13 01:56:33.846826
2010-09-29,14:30,75.1,,49.4,40.5,0.0,N@4.5,6.7,,58.5,0.0,0.0,501,"Ellisforde, Okanogan County",330145,Ellisforde,2017-12-13 01:56:33.846826
2010-09-29,14:45,75.1,,48.8,39.4,0.0,N@5.0,8.9,,58.5,0.0,0.0,467,"Ellisforde, Okanogan County",330145,Ellisforde,2017-12-13 01:56:33.846826
2010-09-29,15:00,75.4,,49.0,39.3,0.0,N@4.9,8.9,,58.5,0.0,0.0,431,"Ellisforde, Okanogan County",330145,Ellisforde,2017-12-13 01:56:33.846826
2010-09-29,15:15,75.8,,49.5,39.6,0.0,N@4.3,7.1,,58.5,0.0,0.0,393,"Ellisforde, Okanogan County",330145,Ellisforde,2017-12-13 01:56:33.846826
2010-09-29,15:30,75.8,,49.5,39.5,0.0,N@4.8,8.9,,58.6,0.0,0.0,354,"Ellisforde, Okanogan County",330145,Ellisforde,2017-12-13 01:56:33.846826
2010-09-29,15:45,75.4,,50.6,41.8,0.0,NE@3.4,6.0,,58.6,0.0,0.0,314,"Ellisforde, Okanogan County",330145,Ellisforde,2017-12-13 01:56:33.846826
2010-09-29,16:00,75.7,,49.9,40.4,0.0,NE@3.2,6.0,,58.6,0.0,0.0,273,"Ellisforde, Okanogan County",330145,Ellisforde,2017-12-13 01:56:33.846826
2010-09-29,16:15,74.9,,50.5,42.2,0.0,E@3.3,5.3,,58.6,0.0,0.0,231,"Ellisforde, Okanogan County",330145,Ellisforde,2017-12-13 01:56:33.846826
2010-09-29,16:30,73.1,,51.3,46.3,0.0,E@4.0,5.7,,58.6,0.0,0.0,190,"Ellisforde, Okanogan County",330145,Ellisforde,2017-12-13 01:56:33.846826
2010-09-29,16:45,72.1,,50.3,46.2,0.0,E@4.3,7.1,,58.7,0.0,0.0,149,"Ellisforde, Okanogan County",330145,Ellisforde,2017-12-13 01:56:33.846826
2010-09-29,17:00,71.0,,50.0,47.4,0.0,E@4.5,6.0,,58.7,0.0,0.0,110,"Ellisforde, Okanogan County",330145,Ellisforde,2017-12-13 01:56:33.846826
2010-09-29,17:15,70.3,,49.2,47.1,0.0,E@5.1,8.2,,58.7,0.0,0.0,72,"Ellisforde, Okanogan County",330145,Ellisforde,2017-12-13 01:56:33.846826
2010-09-29,17:30,68.5,,49.3,50.2,0.0,E@4.9,6.7,,58.8,0.0,0.0,19,"Ellisforde, Okanogan County",330145,Ellisforde,2017-12-13 01:56:33.846826
2010-09-29,17:45,67.0,,49.1,52.6,0.0,E@4.7,6.7,,58.8,0.0,0.0,6,"Ellisforde, Okanogan County",330145,Ellisforde,2017-12-13 01:56:33.846826
2010-09-29,18:00,67.1,,48.8,51.7,0.0,E@4.8,7.4,,58.9,0.0,0.0,2,"Ellisforde, Okanogan County",330145,Ellisforde,2017-12-13 01:56:33.846826
2010-09-29,18:15,67.1,,48.5,51.3,0.0,E@5.0,8.2,,58.9,0.0,0.0,1,"Ellisforde, Okanogan County",330145,Ellisforde,2017-12-13 01:56:33.846826
2010-09-29,18:30,65.6,,49.0,54.9,0.0,E@3.9,6.4,,58.9,0.0,0.0,0,"Ellisforde, Okanogan County",330145,Ellisforde,2017-12-13 01:56:33.846826
2010-09-29,18:45,64.0,,49.5,59.2,0.0,E@3.0,4.9,,59.0,0.0,0.0,0,"Ellisforde, Okanogan County",330145,Ellisforde,2017-12-13 01:56:33.846826
2010-09-29,19:00,64.0,,48.9,58.0,0.0,E@2.9,4.9,,59.0,0.0,0.0,0,"Ellisforde, Okanogan County",330145,Ellisforde,2017-12-13 01:56:33.846826
2010-09-29,19:15,61.0,,50.1,67.2,0.0,NE@0.5,5.3,,59.1,0.0,0.0,0,"Ellisforde, Okanogan County",330145,Ellisforde,2017-12-13 01:56:33.846826
2010-09-29,19:30,57.5,,50.6,77.4,0.01,SE@0.0,1.4,,59.1,0.0,0.0,0,"Ellisforde, Okanogan County",330145,Ellisforde,2017-12-13 01:56:33.846826
2010-09-29,19:45,55.3,,51.2,86.1,0.06,SE@0.7,2.8,,59.2,0.0,0.0,0,"Ellisforde, Okanogan County",330145,Ellisforde,2017-12-13 01:56:33.846826
2010-09-29,20:00,53.8,,50.7,89.4,0.15,SE@1.7,3.1,,59.2,0.0,0.0,0,"Ellisforde, Okanogan County",330145,Ellisforde,2017-12-13 01:56:33.846826
2010-09-29,20:15,53.3,,50.5,90.2,0.24,SE@1.9,3.1,,59.2,0.0,0.0,0,"Ellisforde, Okanogan County",330145,Ellisforde,2017-12-13 01:56:33.846826
2010-09-29,20:30,52.0,,49.9,92.5,0.36,E@1.3,3.5,,59.2,0.0,0.0,0,"Ellisforde, Okanogan County",330145,Ellisforde,2017-12-13 01:56:33.846826
2010-09-29,20:45,51.6,,49.8,93.5,0.54,SE@1.1,3.1,,59.3,0.0,0.0,0,"Ellisforde, Okanogan County",330145,Ellisforde,2017-12-13 01:56:33.846826
2010-09-29,21:00,51.0,,49.5,94.6,0.66,SE@1.7,3.5,,59.3,0.0,0.0,0,"Ellisforde, Okanogan County",330145,Ellisforde,2017-12-13 01:56:33.846826
2010-09-29,21:15,50.6,,49.3,95.1,0.75,SE@1.3,2.8,,59.3,0.0,0.0,0,"Ellisforde, Okanogan County",330145,Ellisforde,2017-12-13 01:56:33.846826
2010-09-29,21:30,50.1,,48.9,95.6,0.8,SE@1.4,2.8,,59.3,0.0,0.0,0,"Ellisforde, Okanogan County",330145,Ellisforde,2017-12-13 01:56:33.846826
2010-09-29,21:45,49.4,,48.4,96.2,0.84,SE@1.6,2.8,,59.3,0.0,0.0,0,"Ellisforde, Okanogan County",330145,Ellisforde,2017-12-13 01:56:33.846826
2010-09-29,22:00,48.9,,47.9,96.3,0.87,SE@1.4,2.8,,59.4,0.0,0.0,0,"Ellisforde, Okanogan County",330145,Ellisforde,2017-12-13 01:56:33.846826
2010-09-29,22:15,48.6,,47.6,96.2,0.89,SE@1.8,3.5,,59.4,0.0,0.0,0,"Ellisforde, Okanogan County",330145,Ellisforde,2017-12-13 01:56:33.846826
2010-09-29,22:30,48.3,,47.2,95.9,0.9,SE@2.2,3.9,,59.4,0.0,0.0,0,"Ellisforde, Okanogan County",330145,Ellisforde,2017-12-13 01:56:33.846826
2010-09-29,22:45,48.2,,47.1,95.7,0.92,E@1.1,2.8,,59.4,0.0,0.0,0,"Ellisforde, Okanogan County",330145,Ellisforde,2017-12-13 01:56:33.846826
2010-09-29,23:00,47.5,,46.8,97.2,0.93,SE@1.6,2.8,,59.4,0.0,0.0,0,"Ellisforde, Okanogan County",330145,Ellisforde,2017-12-13 01:56:33.846826
2010-09-30,23:15,47.6,,46.8,96.9,0.94,SE@1.1,3.1,,59.4,0.0,0.0,0,"Ellisforde, Okanogan County",330145,Ellisforde,2017-12-13 01:56:33.846826
2010-09-30,23:30,47.4,,46.6,97.0,0.94,SE@0.9,3.1,,59.4,0.0,0.0,0,"Ellisforde, Okanogan County",330145,Ellisforde,2017-12-13 01:56:33.846826
2010-09-30,23:45,46.8,,46.1,97.5,0.95,E@1.1,2.8,,59.4,0.0,0.0,0,"Ellisforde, Okanogan County",330145,Ellisforde,2017-12-13 01:56:33.846826
2010-09-30,24:00,46.5,,46.1,98.2,0.99,SE@0.8,2.4,,59.4,0.0,0.0,0,"Ellisforde, Okanogan County",330145,Ellisforde,2017-12-13 01:56:33.846826
