Date,Time PST,Air Temp °F, 2<sup>nd</sup> Air Temp °F, Dew Point °F, Rel Hum %, Leaf Wet u., Wind Dir @ Speed mph, Wind Gust mph, 8 in. Soil Tmp °F, Tot Prec in, Solar Rad W/m²,Location,Station ID,Station Name,Download Timestamp
2012-08-03,00:15,62.0,61.6,49.3,63.0,0.0,NE@2.2,4.2,81.8,0.0,0,"Coffin, Benton County",100037,Coffin,2017-12-13 04:56:59.611237
2012-08-03,00:30,61.1,60.4,50.5,67.9,0.0,E@3.1,4.9,81.7,0.0,0,"Coffin, Benton County",100037,Coffin,2017-12-13 04:56:59.611237
2012-08-03,00:45,61.6,61.4,50.9,67.8,0.0,NE@3.4,7.1,81.6,0.0,0,"Coffin, Benton County",100037,Coffin,2017-12-13 04:56:59.611237
2012-08-03,01:00,60.2,59.7,50.8,71.2,0.0,NE@3.4,5.3,81.5,0.0,0,"Coffin, Benton County",100037,Coffin,2017-12-13 04:56:59.611237
2012-08-03,01:15,58.4,57.6,50.4,74.6,0.0,NE@3.5,5.3,81.4,0.0,0,"Coffin, Benton County",100037,Coffin,2017-12-13 04:56:59.611237
2012-08-03,01:30,56.8,56.7,49.9,77.4,0.0,NE@3.5,5.7,81.2,0.0,0,"Coffin, Benton County",100037,Coffin,2017-12-13 04:56:59.611237
2012-08-03,01:45,58.1,58.2,49.7,73.4,0.0,N@3.5,7.1,81.1,0.0,0,"Coffin, Benton County",100037,Coffin,2017-12-13 04:56:59.611237
2012-08-03,02:00,60.5,60.4,49.5,67.2,0.0,S@2.8,7.8,81.0,0.0,0,"Coffin, Benton County",100037,Coffin,2017-12-13 04:56:59.611237
2012-08-03,02:15,60.4,60.0,49.3,66.8,0.0,NE@3.6,6.7,80.9,0.0,0,"Coffin, Benton County",100037,Coffin,2017-12-13 04:56:59.611237
2012-08-03,02:30,61.7,61.6,48.1,60.8,0.0,NE@3.4,7.1,80.7,0.0,0,"Coffin, Benton County",100037,Coffin,2017-12-13 04:56:59.611237
2012-08-03,02:45,62.0,61.8,47.6,59.2,0.0,E@3.7,7.1,80.6,0.0,0,"Coffin, Benton County",100037,Coffin,2017-12-13 04:56:59.611237
2012-08-03,03:00,61.4,61.1,46.7,58.4,0.0,N@2.7,5.3,80.5,0.0,0,"Coffin, Benton County",100037,Coffin,2017-12-13 04:56:59.611237
2012-08-03,03:15,63.2,62.8,46.6,54.6,0.0,NW@2.2,4.6,80.3,0.0,0,"Coffin, Benton County",100037,Coffin,2017-12-13 04:56:59.611237
2012-08-03,03:30,60.5,59.9,47.7,62.5,0.0,NW@1.9,3.1,80.2,0.0,0,"Coffin, Benton County",100037,Coffin,2017-12-13 04:56:59.611237
2012-08-03,03:45,58.5,58.1,48.0,68.0,0.0,E@1.1,4.2,80.1,0.0,0,"Coffin, Benton County",100037,Coffin,2017-12-13 04:56:59.611237
2012-08-03,04:00,60.2,59.8,47.5,62.8,0.0,SW@2.8,4.2,79.9,0.0,0,"Coffin, Benton County",100037,Coffin,2017-12-13 04:56:59.611237
2012-08-03,04:15,57.5,57.0,47.8,70.0,0.0,NE@1.7,3.1,79.8,0.0,0,"Coffin, Benton County",100037,Coffin,2017-12-13 04:56:59.611237
2012-08-03,04:30,56.3,55.7,47.7,72.8,0.0,E@2.6,5.3,79.7,0.0,0,"Coffin, Benton County",100037,Coffin,2017-12-13 04:56:59.611237
2012-08-03,04:45,55.6,55.2,49.1,78.7,0.01,S@3.5,6.7,79.5,0.0,4,"Coffin, Benton County",100037,Coffin,2017-12-13 04:56:59.611237
2012-08-03,05:00,59.3,59.8,48.7,67.8,0.0,SW@4.2,8.5,79.4,0.0,18,"Coffin, Benton County",100037,Coffin,2017-12-13 04:56:59.611237
2012-08-03,05:15,63.8,63.8,45.9,52.1,0.0,SE@3.3,8.5,79.2,0.0,49,"Coffin, Benton County",100037,Coffin,2017-12-13 04:56:59.611237
2012-08-03,05:30,62.4,61.9,46.6,56.0,0.0,NE@2.7,5.3,79.1,0.0,82,"Coffin, Benton County",100037,Coffin,2017-12-13 04:56:59.611237
2012-08-03,05:45,64.9,65.0,46.0,50.3,0.0,N@2.7,5.7,79.0,0.0,118,"Coffin, Benton County",100037,Coffin,2017-12-13 04:56:59.611237
2012-08-03,06:00,66.3,66.2,45.6,47.3,0.0,N@5.0,9.6,78.8,0.0,157,"Coffin, Benton County",100037,Coffin,2017-12-13 04:56:59.611237
2012-08-03,06:15,68.2,67.9,45.5,44.1,0.0,N@5.0,7.4,78.7,0.0,200,"Coffin, Benton County",100037,Coffin,2017-12-13 04:56:59.611237
2012-08-03,06:30,69.4,69.1,45.7,42.6,0.0,N@5.1,8.5,78.5,0.0,243,"Coffin, Benton County",100037,Coffin,2017-12-13 04:56:59.611237
2012-08-03,06:45,70.3,69.9,46.5,42.6,0.0,NE@4.0,6.0,78.4,0.0,287,"Coffin, Benton County",100037,Coffin,2017-12-13 04:56:59.611237
2012-08-03,07:00,70.2,69.8,48.6,46.3,0.0,NE@3.7,5.3,78.3,0.0,332,"Coffin, Benton County",100037,Coffin,2017-12-13 04:56:59.611237
2012-08-03,07:15,71.2,70.8,48.1,43.8,0.0,NE@4.3,6.0,78.1,0.0,377,"Coffin, Benton County",100037,Coffin,2017-12-13 04:56:59.611237
2012-08-03,07:30,72.0,71.8,47.8,42.1,0.0,E@4.9,7.4,78.0,0.0,421,"Coffin, Benton County",100037,Coffin,2017-12-13 04:56:59.611237
2012-08-03,07:45,72.9,72.6,47.8,41.0,0.0,E@6.2,9.9,77.9,0.0,465,"Coffin, Benton County",100037,Coffin,2017-12-13 04:56:59.611237
2012-08-03,08:00,73.5,73.2,46.8,38.7,0.0,E@6.7,9.9,77.8,0.0,507,"Coffin, Benton County",100037,Coffin,2017-12-13 04:56:59.611237
2012-08-03,08:15,74.4,74.2,46.6,37.2,0.0,E@7.3,9.9,77.7,0.0,549,"Coffin, Benton County",100037,Coffin,2017-12-13 04:56:59.611237
2012-08-03,08:30,75.1,74.9,46.3,35.8,0.0,E@6.5,10.7,77.7,0.0,587,"Coffin, Benton County",100037,Coffin,2017-12-13 04:56:59.611237
2012-08-03,08:45,75.6,75.3,45.3,34.0,0.0,E@7.6,11.7,77.6,0.0,625,"Coffin, Benton County",100037,Coffin,2017-12-13 04:56:59.611237
2012-08-03,09:00,76.2,75.8,44.7,32.6,0.0,NE@6.3,10.3,77.6,0.0,661,"Coffin, Benton County",100037,Coffin,2017-12-13 04:56:59.611237
2012-08-03,09:15,76.3,76.1,45.0,32.8,0.0,NE@7.3,11.0,77.6,0.0,687,"Coffin, Benton County",100037,Coffin,2017-12-13 04:56:59.611237
2012-08-03,09:30,77.0,76.7,46.2,33.6,0.0,E@7.6,11.7,77.6,0.0,727,"Coffin, Benton County",100037,Coffin,2017-12-13 04:56:59.611237
2012-08-03,09:45,77.2,76.8,45.1,32.0,0.0,NE@7.3,13.2,77.6,0.0,757,"Coffin, Benton County",100037,Coffin,2017-12-13 04:56:59.611237
2012-08-03,10:00,77.5,77.2,44.9,31.5,0.0,E@8.8,16.0,77.6,0.0,785,"Coffin, Benton County",100037,Coffin,2017-12-13 04:56:59.611237
2012-08-03,10:15,77.8,77.6,44.4,30.6,0.0,NE@8.6,12.8,77.7,0.0,810,"Coffin, Benton County",100037,Coffin,2017-12-13 04:56:59.611237
2012-08-03,10:30,78.4,78.2,44.7,30.3,0.0,NE@8.1,14.6,77.7,0.0,832,"Coffin, Benton County",100037,Coffin,2017-12-13 04:56:59.611237
2012-08-03,10:45,79.0,78.8,45.0,30.1,0.0,NE@8.5,14.6,77.8,0.0,850,"Coffin, Benton County",100037,Coffin,2017-12-13 04:56:59.611237
2012-08-03,11:00,80.4,80.2,45.0,28.7,0.0,NE@6.8,13.5,77.9,0.0,857,"Coffin, Benton County",100037,Coffin,2017-12-13 04:56:59.611237
2012-08-03,11:15,80.7,80.4,44.9,28.2,0.0,NE@7.0,12.1,78.0,0.0,878,"Coffin, Benton County",100037,Coffin,2017-12-13 04:56:59.611237
2012-08-03,11:30,80.8,80.4,45.6,29.0,0.0,NE@8.8,13.9,78.1,0.0,886,"Coffin, Benton County",100037,Coffin,2017-12-13 04:56:59.611237
2012-08-03,11:45,81.4,81.2,46.5,29.4,0.0,NE@9.1,13.9,78.3,0.0,897,"Coffin, Benton County",100037,Coffin,2017-12-13 04:56:59.611237
2012-08-03,12:00,81.1,80.7,43.9,26.9,0.0,NE@8.5,15.3,78.4,0.0,897,"Coffin, Benton County",100037,Coffin,2017-12-13 04:56:59.611237
2012-08-03,12:15,81.6,81.4,44.2,26.8,0.0,NE@8.1,12.8,78.6,0.0,901,"Coffin, Benton County",100037,Coffin,2017-12-13 04:56:59.611237
2012-08-03,12:30,82.1,81.9,43.2,25.3,0.0,NE@8.2,12.8,78.8,0.0,894,"Coffin, Benton County",100037,Coffin,2017-12-13 04:56:59.611237
2012-08-03,12:45,82.7,82.5,43.4,25.0,0.0,NE@7.8,11.7,79.0,0.0,894,"Coffin, Benton County",100037,Coffin,2017-12-13 04:56:59.611237
2012-08-03,13:00,82.9,82.5,44.5,25.9,0.0,NE@8.8,12.4,79.2,0.0,880,"Coffin, Benton County",100037,Coffin,2017-12-13 04:56:59.611237
2012-08-03,13:15,82.2,81.9,44.5,26.5,0.0,NE@6.8,13.2,79.4,0.0,871,"Coffin, Benton County",100037,Coffin,2017-12-13 04:56:59.611237
2012-08-03,13:30,82.9,82.6,45.3,26.8,0.0,NE@6.8,15.3,79.6,0.0,853,"Coffin, Benton County",100037,Coffin,2017-12-13 04:56:59.611237
2012-08-03,13:45,83.3,83.0,45.7,26.8,0.0,NE@7.5,13.2,79.9,0.0,837,"Coffin, Benton County",100037,Coffin,2017-12-13 04:56:59.611237
2012-08-03,14:00,83.3,82.9,45.6,26.8,0.0,NE@8.8,15.3,80.1,0.0,819,"Coffin, Benton County",100037,Coffin,2017-12-13 04:56:59.611237
2012-08-03,14:15,84.1,83.9,44.1,24.6,0.0,N@9.5,14.2,80.4,0.0,794,"Coffin, Benton County",100037,Coffin,2017-12-13 04:56:59.611237
2012-08-03,14:30,83.8,83.3,45.2,25.9,0.0,NE@9.6,15.0,80.6,0.0,766,"Coffin, Benton County",100037,Coffin,2017-12-13 04:56:59.611237
2012-08-03,14:45,83.6,83.2,45.4,26.3,0.0,NE@9.8,17.5,80.8,0.0,742,"Coffin, Benton County",100037,Coffin,2017-12-13 04:56:59.611237
2012-08-03,15:00,83.6,83.4,45.4,26.3,0.0,NE@9.9,15.7,81.1,0.0,710,"Coffin, Benton County",100037,Coffin,2017-12-13 04:56:59.611237
2012-08-03,15:15,84.1,83.9,45.4,25.9,0.0,NE@7.9,14.2,81.3,0.0,674,"Coffin, Benton County",100037,Coffin,2017-12-13 04:56:59.611237
2012-08-03,15:30,84.0,83.7,45.0,25.5,0.0,NE@9.5,15.0,81.6,0.0,633,"Coffin, Benton County",100037,Coffin,2017-12-13 04:56:59.611237
2012-08-03,15:45,83.9,83.7,43.9,24.5,0.0,E@9.7,14.6,81.8,0.0,603,"Coffin, Benton County",100037,Coffin,2017-12-13 04:56:59.611237
2012-08-03,16:00,84.1,83.9,44.0,24.4,0.0,E@7.3,12.1,82.0,0.0,560,"Coffin, Benton County",100037,Coffin,2017-12-13 04:56:59.611237
2012-08-03,16:15,83.6,83.2,44.3,25.2,0.0,E@8.3,13.2,82.3,0.0,520,"Coffin, Benton County",100037,Coffin,2017-12-13 04:56:59.611237
2012-08-03,16:30,83.5,83.2,43.8,24.7,0.0,E@7.1,12.1,82.5,0.0,476,"Coffin, Benton County",100037,Coffin,2017-12-13 04:56:59.611237
2012-08-03,16:45,83.3,82.9,43.7,24.8,0.0,E@7.8,12.1,82.7,0.0,432,"Coffin, Benton County",100037,Coffin,2017-12-13 04:56:59.611237
2012-08-03,17:00,82.6,82.3,44.7,26.4,0.0,E@8.4,12.1,82.9,0.0,389,"Coffin, Benton County",100037,Coffin,2017-12-13 04:56:59.611237
2012-08-03,17:15,82.5,82.2,44.4,26.2,0.0,E@7.0,13.2,83.0,0.0,343,"Coffin, Benton County",100037,Coffin,2017-12-13 04:56:59.611237
2012-08-03,17:30,81.7,81.4,45.6,28.2,0.0,E@6.7,10.3,83.2,0.0,298,"Coffin, Benton County",100037,Coffin,2017-12-13 04:56:59.611237
2012-08-03,17:45,81.4,81.1,47.2,30.1,0.0,E@5.0,8.9,83.3,0.0,253,"Coffin, Benton County",100037,Coffin,2017-12-13 04:56:59.611237
2012-08-03,18:00,80.3,79.9,47.2,31.2,0.0,E@5.6,7.8,83.5,0.0,209,"Coffin, Benton County",100037,Coffin,2017-12-13 04:56:59.611237
2012-08-03,18:15,78.9,78.4,49.4,35.6,0.0,E@4.3,5.7,83.6,0.0,167,"Coffin, Benton County",100037,Coffin,2017-12-13 04:56:59.611237
2012-08-03,18:30,76.4,75.9,50.8,40.7,0.0,NE@4.4,5.3,83.7,0.0,129,"Coffin, Benton County",100037,Coffin,2017-12-13 04:56:59.611237
2012-08-03,18:45,74.0,73.5,51.2,44.7,0.0,NE@4.5,4.9,83.8,0.0,92,"Coffin, Benton County",100037,Coffin,2017-12-13 04:56:59.611237
2012-08-03,19:00,69.2,68.4,52.4,55.0,0.0,NE@5.1,6.7,83.9,0.0,58,"Coffin, Benton County",100037,Coffin,2017-12-13 04:56:59.611237
2012-08-03,19:15,65.6,65.4,50.1,57.1,0.0,NE@6.2,7.4,83.9,0.0,27,"Coffin, Benton County",100037,Coffin,2017-12-13 04:56:59.611237
2012-08-03,19:30,63.5,63.0,48.1,57.2,0.0,NE@5.0,6.4,84.0,0.0,6,"Coffin, Benton County",100037,Coffin,2017-12-13 04:56:59.611237
2012-08-03,19:45,61.9,61.7,47.0,58.0,0.0,NE@5.9,6.7,84.0,0.0,1,"Coffin, Benton County",100037,Coffin,2017-12-13 04:56:59.611237
2012-08-03,20:00,62.4,62.3,45.4,53.7,0.0,NE@5.0,6.7,84.0,0.0,0,"Coffin, Benton County",100037,Coffin,2017-12-13 04:56:59.611237
2012-08-03,20:15,62.1,61.7,45.7,54.9,0.0,NE@5.9,6.7,84.0,0.0,0,"Coffin, Benton County",100037,Coffin,2017-12-13 04:56:59.611237
2012-08-03,20:30,61.3,61.1,45.5,56.1,0.0,NE@5.0,7.1,84.0,0.0,0,"Coffin, Benton County",100037,Coffin,2017-12-13 04:56:59.611237
2012-08-03,20:45,63.0,62.9,44.2,50.1,0.0,NE@7.2,9.2,84.0,0.0,0,"Coffin, Benton County",100037,Coffin,2017-12-13 04:56:59.611237
2012-08-03,21:00,62.6,62.6,44.3,51.1,0.0,NE@7.2,8.9,83.9,0.0,0,"Coffin, Benton County",100037,Coffin,2017-12-13 04:56:59.611237
2012-08-03,21:15,62.7,62.6,44.4,51.0,0.0,NE@6.7,8.9,83.9,0.0,0,"Coffin, Benton County",100037,Coffin,2017-12-13 04:56:59.611237
2012-08-03,21:30,62.4,62.2,44.7,52.3,0.0,NE@5.8,7.4,83.8,0.0,0,"Coffin, Benton County",100037,Coffin,2017-12-13 04:56:59.611237
2012-08-03,21:45,60.8,60.4,45.1,56.1,0.0,NE@5.9,6.7,83.7,0.0,0,"Coffin, Benton County",100037,Coffin,2017-12-13 04:56:59.611237
2012-08-03,22:00,60.9,60.9,44.2,54.1,0.0,NE@6.6,7.8,83.6,0.0,0,"Coffin, Benton County",100037,Coffin,2017-12-13 04:56:59.611237
2012-08-03,22:15,61.5,61.3,43.9,52.4,0.0,NE@6.9,7.4,83.4,0.0,0,"Coffin, Benton County",100037,Coffin,2017-12-13 04:56:59.611237
2012-08-03,22:30,61.0,60.7,44.2,53.7,0.0,NE@6.5,7.8,83.3,0.0,0,"Coffin, Benton County",100037,Coffin,2017-12-13 04:56:59.611237
2012-08-03,22:45,60.9,60.7,44.3,54.3,0.0,NE@6.1,7.1,83.2,0.0,0,"Coffin, Benton County",100037,Coffin,2017-12-13 04:56:59.611237
2012-08-03,23:00,60.1,59.6,44.6,56.6,0.0,NE@5.1,6.0,83.1,0.0,0,"Coffin, Benton County",100037,Coffin,2017-12-13 04:56:59.611237
2012-08-04,23:15,59.0,58.8,44.9,59.4,0.0,NE@5.2,6.7,82.9,0.0,0,"Coffin, Benton County",100037,Coffin,2017-12-13 04:56:59.611237
2012-08-04,23:30,59.1,58.9,44.1,57.3,0.0,NE@5.5,7.1,82.8,0.0,0,"Coffin, Benton County",100037,Coffin,2017-12-13 04:56:59.611237
2012-08-04,23:45,60.0,60.1,43.6,54.5,0.0,NE@5.8,7.1,82.6,0.0,0,"Coffin, Benton County",100037,Coffin,2017-12-13 04:56:59.611237
2012-08-04,24:00,61.2,61.1,43.5,52.1,0.0,NE@6.6,7.8,82.5,0.0,0,"Coffin, Benton County",100037,Coffin,2017-12-13 04:56:59.611237
2012-08-04,00:15,62.0,62.2,42.9,49.5,0.0,NE@2.8,6.0,82.4,0.0,0,"Coffin, Benton County",100037,Coffin,2017-12-13 04:56:59.611237
2012-08-04,00:30,63.5,63.2,43.0,47.1,0.0,NE@2.7,4.9,82.2,0.0,0,"Coffin, Benton County",100037,Coffin,2017-12-13 04:56:59.611237
2012-08-04,00:45,65.5,65.3,42.5,43.1,0.0,E@3.3,6.7,82.1,0.0,0,"Coffin, Benton County",100037,Coffin,2017-12-13 04:56:59.611237
2012-08-04,01:00,62.4,61.6,43.8,50.6,0.0,NE@4.7,6.0,81.9,0.0,0,"Coffin, Benton County",100037,Coffin,2017-12-13 04:56:59.611237
2012-08-04,01:15,63.6,63.9,42.0,45.1,0.0,NE@4.0,6.0,81.7,0.0,0,"Coffin, Benton County",100037,Coffin,2017-12-13 04:56:59.611237
2012-08-04,01:30,65.7,65.4,41.9,41.9,0.0,NE@3.5,5.3,81.6,0.0,0,"Coffin, Benton County",100037,Coffin,2017-12-13 04:56:59.611237
2012-08-04,01:45,66.5,66.8,41.5,40.1,0.0,SE@2.1,4.6,81.4,0.0,0,"Coffin, Benton County",100037,Coffin,2017-12-13 04:56:59.611237
2012-08-04,02:00,67.1,66.8,42.8,41.2,0.0,E@2.3,3.1,81.3,0.0,0,"Coffin, Benton County",100037,Coffin,2017-12-13 04:56:59.611237
2012-08-04,02:15,62.2,60.9,44.8,52.8,0.0,NE@4.9,6.0,81.1,0.0,0,"Coffin, Benton County",100037,Coffin,2017-12-13 04:56:59.611237
2012-08-04,02:30,59.4,58.7,44.4,57.5,0.0,NE@5.0,6.7,81.0,0.0,0,"Coffin, Benton County",100037,Coffin,2017-12-13 04:56:59.611237
2012-08-04,02:45,55.9,55.2,44.9,66.5,0.0,NE@5.8,7.1,80.8,0.0,0,"Coffin, Benton County",100037,Coffin,2017-12-13 04:56:59.611237
2012-08-04,03:00,55.8,55.9,43.9,64.3,0.0,NE@6.1,7.4,80.7,0.0,0,"Coffin, Benton County",100037,Coffin,2017-12-13 04:56:59.611237
2012-08-04,03:15,60.8,61.1,43.1,52.1,0.0,NE@6.0,8.2,80.6,0.0,0,"Coffin, Benton County",100037,Coffin,2017-12-13 04:56:59.611237
2012-08-04,03:30,64.3,64.3,42.2,44.3,0.0,NE@1.9,4.9,80.4,0.0,0,"Coffin, Benton County",100037,Coffin,2017-12-13 04:56:59.611237
2012-08-04,03:45,66.1,66.3,41.9,41.2,0.0,NE@4.0,8.2,80.3,0.0,0,"Coffin, Benton County",100037,Coffin,2017-12-13 04:56:59.611237
2012-08-04,04:00,64.4,63.9,42.6,45.0,0.0,NW@2.8,7.8,80.1,0.0,0,"Coffin, Benton County",100037,Coffin,2017-12-13 04:56:59.611237
2012-08-04,04:15,67.4,67.8,42.0,39.6,0.0,N@2.6,6.0,80.0,0.0,0,"Coffin, Benton County",100037,Coffin,2017-12-13 04:56:59.611237
2012-08-04,04:30,69.2,69.1,41.7,36.7,0.0,S@2.2,4.6,79.8,0.0,0,"Coffin, Benton County",100037,Coffin,2017-12-13 04:56:59.611237
2012-08-04,04:45,65.8,65.2,42.7,43.0,0.0,W@4.2,10.3,79.7,0.0,3,"Coffin, Benton County",100037,Coffin,2017-12-13 04:56:59.611237
2012-08-04,05:00,62.3,61.9,42.6,48.4,0.0,NW@3.0,6.0,79.5,0.0,15,"Coffin, Benton County",100037,Coffin,2017-12-13 04:56:59.611237
2012-08-04,05:15,60.9,60.8,42.4,50.4,0.0,N@2.6,4.9,79.4,0.0,47,"Coffin, Benton County",100037,Coffin,2017-12-13 04:56:59.611237
2012-08-04,05:30,64.3,64.4,42.5,44.8,0.0,N@2.7,4.6,79.3,0.0,81,"Coffin, Benton County",100037,Coffin,2017-12-13 04:56:59.611237
2012-08-04,05:45,64.7,64.4,44.1,47.1,0.0,W@2.2,4.2,79.1,0.0,118,"Coffin, Benton County",100037,Coffin,2017-12-13 04:56:59.611237
2012-08-04,06:00,63.1,62.7,45.4,52.3,0.0,W@3.7,5.3,79.0,0.0,156,"Coffin, Benton County",100037,Coffin,2017-12-13 04:56:59.611237
2012-08-04,06:15,62.6,62.5,46.9,56.4,0.0,W@3.0,3.9,78.9,0.0,197,"Coffin, Benton County",100037,Coffin,2017-12-13 04:56:59.611237
2012-08-04,06:30,64.6,64.6,46.4,51.7,0.0,S@1.4,3.1,78.7,0.0,241,"Coffin, Benton County",100037,Coffin,2017-12-13 04:56:59.611237
2012-08-04,06:45,66.5,66.6,45.9,47.3,0.0,W@1.7,3.9,78.6,0.0,284,"Coffin, Benton County",100037,Coffin,2017-12-13 04:56:59.611237
2012-08-04,07:00,66.1,66.0,47.2,50.4,0.0,W@2.5,4.2,78.5,0.0,329,"Coffin, Benton County",100037,Coffin,2017-12-13 04:56:59.611237
2012-08-04,07:15,67.6,67.7,47.8,48.9,0.0,SE@2.8,5.3,78.4,0.0,373,"Coffin, Benton County",100037,Coffin,2017-12-13 04:56:59.611237
2012-08-04,07:30,68.7,68.6,48.8,49.1,0.0,SE@2.9,5.7,78.3,0.0,417,"Coffin, Benton County",100037,Coffin,2017-12-13 04:56:59.611237
2012-08-04,07:45,70.3,70.2,49.8,48.1,0.0,SW@2.7,4.2,78.1,0.0,460,"Coffin, Benton County",100037,Coffin,2017-12-13 04:56:59.611237
2012-08-04,08:00,72.6,72.8,50.0,44.9,0.0,SE@2.8,5.7,78.0,0.0,502,"Coffin, Benton County",100037,Coffin,2017-12-13 04:56:59.611237
2012-08-04,08:15,76.9,76.7,48.6,36.8,0.0,NE@5.5,9.6,78.0,0.0,542,"Coffin, Benton County",100037,Coffin,2017-12-13 04:56:59.611237
2012-08-04,08:30,77.3,77.0,48.0,35.6,0.0,NE@7.3,10.7,77.9,0.0,583,"Coffin, Benton County",100037,Coffin,2017-12-13 04:56:59.611237
2012-08-04,08:45,78.6,78.5,48.8,35.1,0.0,NE@4.6,8.2,77.8,0.0,619,"Coffin, Benton County",100037,Coffin,2017-12-13 04:56:59.611237
2012-08-04,09:00,79.2,78.9,49.2,35.0,0.0,NE@7.3,11.4,77.8,0.0,655,"Coffin, Benton County",100037,Coffin,2017-12-13 04:56:59.611237
2012-08-04,09:15,79.8,79.4,49.9,35.2,0.0,NE@5.3,10.3,77.7,0.0,688,"Coffin, Benton County",100037,Coffin,2017-12-13 04:56:59.611237
2012-08-04,09:30,78.9,78.7,51.9,39.1,0.0,S@2.8,6.4,77.7,0.0,716,"Coffin, Benton County",100037,Coffin,2017-12-13 04:56:59.611237
2012-08-04,09:45,81.0,81.1,49.7,33.6,0.0,E@3.6,6.7,77.7,0.0,745,"Coffin, Benton County",100037,Coffin,2017-12-13 04:56:59.611237
2012-08-04,10:00,82.2,81.9,50.4,33.1,0.0,N@4.1,9.2,77.7,0.0,768,"Coffin, Benton County",100037,Coffin,2017-12-13 04:56:59.611237
2012-08-04,10:15,81.6,81.4,52.8,37.0,0.0,SW@3.7,6.7,77.8,0.0,796,"Coffin, Benton County",100037,Coffin,2017-12-13 04:56:59.611237
2012-08-04,10:30,83.2,83.3,49.5,31.0,0.0,E@4.4,9.2,77.8,0.0,820,"Coffin, Benton County",100037,Coffin,2017-12-13 04:56:59.611237
2012-08-04,10:45,84.7,84.5,48.7,28.8,0.0,NE@5.8,9.2,77.9,0.0,837,"Coffin, Benton County",100037,Coffin,2017-12-13 04:56:59.611237
2012-08-04,11:00,84.8,84.6,48.0,27.8,0.0,NE@6.5,9.6,78.0,0.0,855,"Coffin, Benton County",100037,Coffin,2017-12-13 04:56:59.611237
2012-08-04,11:15,85.4,85.2,49.2,28.6,0.0,NE@6.9,11.4,78.1,0.0,866,"Coffin, Benton County",100037,Coffin,2017-12-13 04:56:59.611237
2012-08-04,11:30,85.8,85.6,48.6,27.6,0.0,NE@7.2,13.2,78.2,0.0,878,"Coffin, Benton County",100037,Coffin,2017-12-13 04:56:59.611237
2012-08-04,11:45,86.7,86.4,48.1,26.3,0.0,NE@6.6,9.6,78.4,0.0,883,"Coffin, Benton County",100037,Coffin,2017-12-13 04:56:59.611237
2012-08-04,12:00,86.9,86.7,48.3,26.4,0.0,E@7.1,11.0,78.6,0.0,891,"Coffin, Benton County",100037,Coffin,2017-12-13 04:56:59.611237
2012-08-04,12:15,87.3,87.1,48.8,26.5,0.0,E@7.0,11.0,78.7,0.0,892,"Coffin, Benton County",100037,Coffin,2017-12-13 04:56:59.611237
2012-08-04,12:30,87.7,87.5,49.0,26.3,0.0,NE@7.1,10.3,78.9,0.0,889,"Coffin, Benton County",100037,Coffin,2017-12-13 04:56:59.611237
2012-08-04,12:45,88.4,88.2,47.8,24.7,0.0,E@7.3,13.9,79.1,0.0,885,"Coffin, Benton County",100037,Coffin,2017-12-13 04:56:59.611237
2012-08-04,13:00,88.5,88.2,47.2,24.1,0.0,E@8.1,12.8,79.4,0.0,877,"Coffin, Benton County",100037,Coffin,2017-12-13 04:56:59.611237
2012-08-04,13:15,89.2,89.1,49.0,25.2,0.0,E@7.4,14.2,79.6,0.0,862,"Coffin, Benton County",100037,Coffin,2017-12-13 04:56:59.611237
2012-08-04,13:30,89.8,89.6,48.5,24.3,0.0,E@7.0,12.8,79.8,0.0,847,"Coffin, Benton County",100037,Coffin,2017-12-13 04:56:59.611237
2012-08-04,13:45,90.1,89.8,49.0,24.5,0.0,E@7.7,13.9,80.1,0.0,822,"Coffin, Benton County",100037,Coffin,2017-12-13 04:56:59.611237
2012-08-04,14:00,90.5,90.3,48.1,23.3,0.0,E@7.1,11.7,80.3,0.0,810,"Coffin, Benton County",100037,Coffin,2017-12-13 04:56:59.611237
2012-08-04,14:15,90.6,90.4,48.7,23.8,0.0,E@6.5,12.8,80.6,0.0,787,"Coffin, Benton County",100037,Coffin,2017-12-13 04:56:59.611237
2012-08-04,14:30,90.9,90.7,49.6,24.4,0.0,E@6.6,10.7,80.8,0.0,757,"Coffin, Benton County",100037,Coffin,2017-12-13 04:56:59.611237
2012-08-04,14:45,90.6,90.4,49.3,24.3,0.0,E@6.2,10.3,81.1,0.0,726,"Coffin, Benton County",100037,Coffin,2017-12-13 04:56:59.611237
2012-08-04,15:00,90.9,90.7,49.4,24.2,0.0,E@5.5,10.3,81.4,0.0,696,"Coffin, Benton County",100037,Coffin,2017-12-13 04:56:59.611237
2012-08-04,15:15,91.3,91.0,48.4,23.0,0.0,SE@4.9,8.5,81.6,0.0,663,"Coffin, Benton County",100037,Coffin,2017-12-13 04:56:59.611237
2012-08-04,15:30,91.0,90.7,49.5,24.3,0.0,E@5.9,9.6,81.9,0.0,628,"Coffin, Benton County",100037,Coffin,2017-12-13 04:56:59.611237
2012-08-04,15:45,91.1,90.9,48.1,23.0,0.0,E@4.5,8.5,82.1,0.0,590,"Coffin, Benton County",100037,Coffin,2017-12-13 04:56:59.611237
2012-08-04,16:00,91.2,90.8,50.6,25.1,0.0,E@5.6,9.9,82.4,0.0,546,"Coffin, Benton County",100037,Coffin,2017-12-13 04:56:59.611237
2012-08-04,16:15,91.2,91.0,50.4,24.9,0.0,E@5.1,7.8,82.6,0.0,510,"Coffin, Benton County",100037,Coffin,2017-12-13 04:56:59.611237
2012-08-04,16:30,91.3,90.8,50.1,24.6,0.0,E@5.1,8.2,82.9,0.0,470,"Coffin, Benton County",100037,Coffin,2017-12-13 04:56:59.611237
2012-08-04,16:45,90.7,90.3,50.4,25.3,0.0,NE@4.9,8.2,83.1,0.0,428,"Coffin, Benton County",100037,Coffin,2017-12-13 04:56:59.611237
2012-08-04,17:00,90.0,89.6,52.4,27.9,0.0,NE@5.8,10.3,83.3,0.0,381,"Coffin, Benton County",100037,Coffin,2017-12-13 04:56:59.611237
2012-08-04,17:15,89.2,88.9,52.2,28.3,0.0,NE@5.3,8.2,83.5,0.0,338,"Coffin, Benton County",100037,Coffin,2017-12-13 04:56:59.611237
2012-08-04,17:30,88.6,88.4,52.7,29.3,0.0,NE@5.3,7.8,83.7,0.0,283,"Coffin, Benton County",100037,Coffin,2017-12-13 04:56:59.611237
2012-08-04,17:45,88.6,88.3,52.7,29.3,0.0,E@4.5,7.4,83.9,0.0,243,"Coffin, Benton County",100037,Coffin,2017-12-13 04:56:59.611237
2012-08-04,18:00,86.7,86.2,54.6,33.5,0.0,E@5.0,6.4,84.0,0.0,204,"Coffin, Benton County",100037,Coffin,2017-12-13 04:56:59.611237
2012-08-04,18:15,83.9,83.4,55.6,38.0,0.0,NE@5.5,6.7,84.2,0.0,164,"Coffin, Benton County",100037,Coffin,2017-12-13 04:56:59.611237
2012-08-04,18:30,81.4,80.8,56.8,43.1,0.0,NE@5.1,6.4,84.3,0.0,126,"Coffin, Benton County",100037,Coffin,2017-12-13 04:56:59.611237
2012-08-04,18:45,77.0,76.4,58.1,52.1,0.0,NE@4.3,5.3,84.4,0.0,90,"Coffin, Benton County",100037,Coffin,2017-12-13 04:56:59.611237
2012-08-04,19:00,73.6,73.0,57.9,58.0,0.0,NE@4.2,6.4,84.5,0.0,56,"Coffin, Benton County",100037,Coffin,2017-12-13 04:56:59.611237
2012-08-04,19:15,70.0,69.5,57.2,63.8,0.0,NE@5.1,6.0,84.6,0.0,24,"Coffin, Benton County",100037,Coffin,2017-12-13 04:56:59.611237
2012-08-04,19:30,68.0,67.8,54.8,62.6,0.0,NE@5.0,6.4,84.7,0.0,5,"Coffin, Benton County",100037,Coffin,2017-12-13 04:56:59.611237
2012-08-04,19:45,68.3,68.4,51.5,54.9,0.0,NE@6.2,8.5,84.7,0.0,1,"Coffin, Benton County",100037,Coffin,2017-12-13 04:56:59.611237
2012-08-04,20:00,69.1,69.0,51.1,52.5,0.0,NE@7.1,8.2,84.8,0.0,0,"Coffin, Benton County",100037,Coffin,2017-12-13 04:56:59.611237
2012-08-04,20:15,69.2,69.1,50.8,51.8,0.0,NE@6.2,8.5,84.8,0.0,0,"Coffin, Benton County",100037,Coffin,2017-12-13 04:56:59.611237
2012-08-04,20:30,70.1,70.3,49.8,48.5,0.0,NE@7.5,9.2,84.8,0.0,0,"Coffin, Benton County",100037,Coffin,2017-12-13 04:56:59.611237
2012-08-04,20:45,71.5,71.6,49.1,45.0,0.0,NE@7.4,9.6,84.8,0.0,0,"Coffin, Benton County",100037,Coffin,2017-12-13 04:56:59.611237
2012-08-04,21:00,70.0,69.7,49.7,48.6,0.0,NE@7.0,8.9,84.7,0.0,0,"Coffin, Benton County",100037,Coffin,2017-12-13 04:56:59.611237
2012-08-04,21:15,68.8,68.7,49.2,49.5,0.0,NE@7.7,9.2,84.7,0.0,0,"Coffin, Benton County",100037,Coffin,2017-12-13 04:56:59.611237
2012-08-04,21:30,68.9,68.9,49.6,50.0,0.0,NE@7.9,9.6,84.6,0.0,0,"Coffin, Benton County",100037,Coffin,2017-12-13 04:56:59.611237
2012-08-04,21:45,69.2,69.4,49.4,49.3,0.0,NE@7.4,8.9,84.5,0.0,0,"Coffin, Benton County",100037,Coffin,2017-12-13 04:56:59.611237
2012-08-04,22:00,71.9,72.2,48.7,43.7,0.0,NE@7.9,10.7,84.5,0.0,0,"Coffin, Benton County",100037,Coffin,2017-12-13 04:56:59.611237
2012-08-04,22:15,72.4,72.5,48.3,42.4,0.0,NE@7.6,9.2,84.4,0.0,0,"Coffin, Benton County",100037,Coffin,2017-12-13 04:56:59.611237
2012-08-04,22:30,72.1,72.0,48.7,43.5,0.0,NE@7.4,9.2,84.3,0.0,0,"Coffin, Benton County",100037,Coffin,2017-12-13 04:56:59.611237
2012-08-04,22:45,72.8,73.0,47.4,40.4,0.0,NE@7.7,9.6,84.1,0.0,0,"Coffin, Benton County",100037,Coffin,2017-12-13 04:56:59.611237
2012-08-04,23:00,72.8,72.7,47.5,40.7,0.0,NE@7.7,9.6,84.0,0.0,0,"Coffin, Benton County",100037,Coffin,2017-12-13 04:56:59.611237
2012-08-05,23:15,72.5,72.5,47.7,41.3,0.0,NE@7.8,9.9,83.9,0.0,0,"Coffin, Benton County",100037,Coffin,2017-12-13 04:56:59.611237
2012-08-05,23:30,72.0,71.9,47.4,41.5,0.0,NE@7.6,9.2,83.8,0.0,0,"Coffin, Benton County",100037,Coffin,2017-12-13 04:56:59.611237
2012-08-05,23:45,71.8,71.6,47.6,42.1,0.0,NE@7.6,9.2,83.7,0.0,0,"Coffin, Benton County",100037,Coffin,2017-12-13 04:56:59.611237
2012-08-05,24:00,71.5,71.4,47.9,43.0,0.0,E@5.0,8.9,83.5,0.0,0,"Coffin, Benton County",100037,Coffin,2017-12-13 04:56:59.611237
2012-08-05,00:15,72.8,72.9,47.1,40.1,0.0,SE@3.1,7.4,83.4,0.0,0,"Coffin, Benton County",100037,Coffin,2017-12-13 04:56:59.611237
2012-08-05,00:30,74.0,73.9,47.4,38.8,0.0,E@2.9,5.3,83.3,0.0,0,"Coffin, Benton County",100037,Coffin,2017-12-13 04:56:59.611237
2012-08-05,00:45,73.0,73.2,46.7,39.0,0.0,E@2.7,5.7,83.2,0.0,0,"Coffin, Benton County",100037,Coffin,2017-12-13 04:56:59.611237
2012-08-05,01:00,74.3,74.2,46.5,37.2,0.0,E@2.3,5.3,83.0,0.0,0,"Coffin, Benton County",100037,Coffin,2017-12-13 04:56:59.611237
2012-08-05,01:15,75.1,75.1,46.5,36.1,0.0,E@2.4,5.3,82.9,0.0,0,"Coffin, Benton County",100037,Coffin,2017-12-13 04:56:59.611237
2012-08-05,01:30,75.5,75.3,46.7,36.0,0.0,W@2.6,4.2,82.8,0.0,0,"Coffin, Benton County",100037,Coffin,2017-12-13 04:56:59.611237
2012-08-05,01:45,73.7,73.3,46.3,37.6,0.0,W@2.3,4.6,82.7,0.0,0,"Coffin, Benton County",100037,Coffin,2017-12-13 04:56:59.611237
2012-08-05,02:00,72.7,72.2,45.3,37.5,0.0,NW@3.0,5.3,82.5,0.0,0,"Coffin, Benton County",100037,Coffin,2017-12-13 04:56:59.611237
2012-08-05,02:15,64.8,63.6,48.1,54.7,0.0,N@5.6,6.7,82.4,0.0,0,"Coffin, Benton County",100037,Coffin,2017-12-13 04:56:59.611237
2012-08-05,02:30,61.9,61.7,48.7,61.8,0.0,NE@5.6,6.4,82.3,0.0,0,"Coffin, Benton County",100037,Coffin,2017-12-13 04:56:59.611237
2012-08-05,02:45,61.2,60.9,49.3,64.9,0.0,NE@5.8,7.1,82.2,0.0,0,"Coffin, Benton County",100037,Coffin,2017-12-13 04:56:59.611237
2012-08-05,03:00,60.9,60.6,49.6,66.2,0.0,NE@5.6,7.1,82.0,0.0,0,"Coffin, Benton County",100037,Coffin,2017-12-13 04:56:59.611237
2012-08-05,03:15,58.4,58.1,50.5,74.7,0.0,NE@5.2,6.4,81.9,0.0,0,"Coffin, Benton County",100037,Coffin,2017-12-13 04:56:59.611237
2012-08-05,03:30,59.7,59.7,49.4,68.8,0.0,NE@3.9,5.3,81.8,0.0,0,"Coffin, Benton County",100037,Coffin,2017-12-13 04:56:59.611237
2012-08-05,03:45,62.2,61.6,49.1,62.2,0.0,NE@4.8,5.3,81.7,0.0,0,"Coffin, Benton County",100037,Coffin,2017-12-13 04:56:59.611237
2012-08-05,04:00,61.2,60.3,48.8,63.6,0.0,NE@5.6,6.4,81.6,0.0,0,"Coffin, Benton County",100037,Coffin,2017-12-13 04:56:59.611237
2012-08-05,04:15,59.7,59.5,48.1,65.2,0.0,NE@5.1,6.0,81.4,0.0,0,"Coffin, Benton County",100037,Coffin,2017-12-13 04:56:59.611237
2012-08-05,04:30,59.7,59.3,48.3,65.9,0.0,NE@4.8,6.0,81.3,0.0,0,"Coffin, Benton County",100037,Coffin,2017-12-13 04:56:59.611237
2012-08-05,04:45,63.2,63.6,47.8,57.2,0.0,NE@3.0,4.6,81.2,0.0,3,"Coffin, Benton County",100037,Coffin,2017-12-13 04:56:59.611237
2012-08-05,05:00,65.3,65.2,47.7,52.7,0.0,E@1.6,4.2,81.1,0.0,13,"Coffin, Benton County",100037,Coffin,2017-12-13 04:56:59.611237
2012-08-05,05:15,64.2,63.3,48.7,57.0,0.0,NE@3.2,4.9,80.9,0.0,42,"Coffin, Benton County",100037,Coffin,2017-12-13 04:56:59.611237
2012-08-05,05:30,62.1,61.4,49.0,62.1,0.0,NE@4.1,4.6,80.8,0.0,76,"Coffin, Benton County",100037,Coffin,2017-12-13 04:56:59.611237
2012-08-05,05:45,62.2,61.5,49.6,63.4,0.0,NE@5.3,7.4,80.6,0.0,113,"Coffin, Benton County",100037,Coffin,2017-12-13 04:56:59.611237
2012-08-05,06:00,63.7,63.7,51.3,63.9,0.0,NE@4.1,6.4,80.5,0.0,153,"Coffin, Benton County",100037,Coffin,2017-12-13 04:56:59.611237
2012-08-05,06:15,68.7,68.6,52.8,56.8,0.0,NE@2.8,4.6,80.4,0.0,194,"Coffin, Benton County",100037,Coffin,2017-12-13 04:56:59.611237
2012-08-05,06:30,72.5,72.4,50.3,45.5,0.0,W@2.1,3.9,80.2,0.0,237,"Coffin, Benton County",100037,Coffin,2017-12-13 04:56:59.611237
2012-08-05,06:45,71.9,71.6,52.1,49.6,0.0,SW@3.1,3.9,80.1,0.0,281,"Coffin, Benton County",100037,Coffin,2017-12-13 04:56:59.611237
2012-08-05,07:00,71.9,71.9,52.4,50.2,0.0,SW@2.5,3.5,80.0,0.0,325,"Coffin, Benton County",100037,Coffin,2017-12-13 04:56:59.611237
2012-08-05,07:15,72.9,73.0,52.8,49.4,0.0,SW@2.1,3.5,79.8,0.0,370,"Coffin, Benton County",100037,Coffin,2017-12-13 04:56:59.611237
2012-08-05,07:30,75.4,75.3,52.1,44.2,0.0,SE@2.2,3.1,79.7,0.0,416,"Coffin, Benton County",100037,Coffin,2017-12-13 04:56:59.611237
2012-08-05,07:45,75.2,75.0,52.1,44.5,0.0,W@3.0,4.6,79.6,0.0,460,"Coffin, Benton County",100037,Coffin,2017-12-13 04:56:59.611237
2012-08-05,08:00,76.4,76.4,53.2,44.4,0.0,SW@3.2,4.6,79.5,0.0,503,"Coffin, Benton County",100037,Coffin,2017-12-13 04:56:59.611237
2012-08-05,08:15,78.6,78.6,53.9,42.4,0.0,W@3.9,6.7,79.4,0.0,547,"Coffin, Benton County",100037,Coffin,2017-12-13 04:56:59.611237
2012-08-05,08:30,80.4,80.4,57.3,45.4,0.0,W@5.2,6.7,79.3,0.0,583,"Coffin, Benton County",100037,Coffin,2017-12-13 04:56:59.611237
2012-08-05,08:45,80.4,80.1,57.4,45.5,0.0,SW@6.3,8.9,79.3,0.0,596,"Coffin, Benton County",100037,Coffin,2017-12-13 04:56:59.611237
2012-08-05,09:00,80.6,80.4,56.7,43.9,0.0,SW@5.8,8.5,79.2,0.0,641,"Coffin, Benton County",100037,Coffin,2017-12-13 04:56:59.611237
2012-08-05,09:15,80.3,80.0,56.3,43.8,0.0,SW@5.0,7.4,79.2,0.0,681,"Coffin, Benton County",100037,Coffin,2017-12-13 04:56:59.611237
2012-08-05,09:30,80.8,80.6,56.6,43.5,0.0,SW@4.1,5.7,79.2,0.0,708,"Coffin, Benton County",100037,Coffin,2017-12-13 04:56:59.611237
2012-08-05,09:45,82.8,82.8,58.3,43.3,0.0,SW@3.2,5.3,79.2,0.0,735,"Coffin, Benton County",100037,Coffin,2017-12-13 04:56:59.611237
2012-08-05,10:00,84.1,83.9,59.5,43.5,0.0,SW@5.4,7.4,79.2,0.0,770,"Coffin, Benton County",100037,Coffin,2017-12-13 04:56:59.611237
2012-08-05,10:15,84.7,84.6,60.0,43.3,0.0,SW@6.1,7.8,79.2,0.0,752,"Coffin, Benton County",100037,Coffin,2017-12-13 04:56:59.611237
2012-08-05,10:30,85.6,85.4,60.1,42.4,0.0,SW@6.0,8.2,79.2,0.0,739,"Coffin, Benton County",100037,Coffin,2017-12-13 04:56:59.611237
2012-08-05,10:45,86.1,86.0,60.3,41.8,0.0,SW@6.0,8.2,79.3,0.0,806,"Coffin, Benton County",100037,Coffin,2017-12-13 04:56:59.611237
2012-08-05,11:00,86.8,86.7,60.3,41.0,0.0,SW@5.9,7.8,79.4,0.0,861,"Coffin, Benton County",100037,Coffin,2017-12-13 04:56:59.611237
2012-08-05,11:15,88.0,87.9,60.3,39.5,0.0,SW@5.8,8.2,79.5,0.0,841,"Coffin, Benton County",100037,Coffin,2017-12-13 04:56:59.611237
2012-08-05,11:30,88.7,88.7,59.7,37.7,0.0,SW@5.6,7.4,79.6,0.0,879,"Coffin, Benton County",100037,Coffin,2017-12-13 04:56:59.611237
2012-08-05,11:45,90.2,90.1,59.0,35.1,0.0,SW@4.7,9.2,79.7,0.0,881,"Coffin, Benton County",100037,Coffin,2017-12-13 04:56:59.611237
2012-08-05,12:00,92.3,92.3,57.9,31.6,0.0,SW@4.5,6.4,79.8,0.0,884,"Coffin, Benton County",100037,Coffin,2017-12-13 04:56:59.611237
2012-08-05,12:15,93.6,93.4,54.1,26.5,0.0,SE@4.4,7.1,80.0,0.0,881,"Coffin, Benton County",100037,Coffin,2017-12-13 04:56:59.611237
2012-08-05,12:30,94.0,93.7,54.1,26.1,0.0,SE@4.4,9.6,80.1,0.0,885,"Coffin, Benton County",100037,Coffin,2017-12-13 04:56:59.611237
2012-08-05,12:45,94.9,94.8,52.5,24.0,0.0,E@4.1,7.4,80.3,0.0,880,"Coffin, Benton County",100037,Coffin,2017-12-13 04:56:59.611237
2012-08-05,13:00,95.7,95.4,52.2,23.1,0.0,SE@4.1,8.9,80.5,0.0,874,"Coffin, Benton County",100037,Coffin,2017-12-13 04:56:59.611237
2012-08-05,13:15,96.0,95.8,52.7,23.3,0.0,E@5.6,11.4,80.7,0.0,837,"Coffin, Benton County",100037,Coffin,2017-12-13 04:56:59.611237
2012-08-05,13:30,96.0,95.7,52.5,23.2,0.0,E@5.4,9.6,80.9,0.0,849,"Coffin, Benton County",100037,Coffin,2017-12-13 04:56:59.611237
2012-08-05,13:45,96.2,95.9,49.6,20.7,0.0,NE@5.0,8.9,81.1,0.0,702,"Coffin, Benton County",100037,Coffin,2017-12-13 04:56:59.611237
2012-08-05,14:00,96.6,96.3,50.1,20.8,0.0,NE@3.6,8.2,81.3,0.0,715,"Coffin, Benton County",100037,Coffin,2017-12-13 04:56:59.611237
2012-08-05,14:15,97.4,96.9,48.7,19.3,0.0,NE@4.3,7.8,81.6,0.0,756,"Coffin, Benton County",100037,Coffin,2017-12-13 04:56:59.611237
2012-08-05,14:30,97.1,96.7,49.1,19.8,0.0,E@3.7,7.4,81.8,0.0,756,"Coffin, Benton County",100037,Coffin,2017-12-13 04:56:59.611237
2012-08-05,14:45,97.8,97.4,51.8,21.4,0.0,NE@4.9,10.3,82.1,0.0,726,"Coffin, Benton County",100037,Coffin,2017-12-13 04:56:59.611237
2012-08-05,15:00,96.6,96.2,53.0,23.2,0.0,E@4.7,8.2,82.3,0.0,538,"Coffin, Benton County",100037,Coffin,2017-12-13 04:56:59.611237
2012-08-05,15:15,96.4,96.3,50.9,21.6,0.0,E@4.1,7.8,82.6,0.0,576,"Coffin, Benton County",100037,Coffin,2017-12-13 04:56:59.611237
2012-08-05,15:30,97.0,96.6,52.4,22.4,0.0,NE@5.0,7.8,82.9,0.0,520,"Coffin, Benton County",100037,Coffin,2017-12-13 04:56:59.611237
2012-08-05,15:45,95.0,94.6,52.3,23.7,0.0,NE@5.4,8.2,83.1,0.0,363,"Coffin, Benton County",100037,Coffin,2017-12-13 04:56:59.611237
2012-08-05,16:00,93.5,93.0,56.8,29.3,0.0,NE@4.9,6.7,83.4,0.0,342,"Coffin, Benton County",100037,Coffin,2017-12-13 04:56:59.611237
2012-08-05,16:15,92.4,92.2,56.7,30.2,0.0,NE@5.4,7.8,83.6,0.0,281,"Coffin, Benton County",100037,Coffin,2017-12-13 04:56:59.611237
2012-08-05,16:30,91.2,90.8,57.7,32.6,0.0,NE@5.4,7.4,83.8,0.0,272,"Coffin, Benton County",100037,Coffin,2017-12-13 04:56:59.611237
2012-08-05,16:45,93.4,93.4,56.2,28.9,0.0,NE@5.7,7.4,84.1,0.0,493,"Coffin, Benton County",100037,Coffin,2017-12-13 04:56:59.611237
2012-08-05,17:00,95.5,95.0,53.3,24.3,0.0,NE@5.5,7.4,84.3,0.0,454,"Coffin, Benton County",100037,Coffin,2017-12-13 04:56:59.611237
2012-08-05,17:15,95.3,94.9,52.0,23.3,0.0,NE@5.1,8.5,84.4,0.0,308,"Coffin, Benton County",100037,Coffin,2017-12-13 04:56:59.611237
2012-08-05,17:30,90.9,89.8,55.6,30.4,0.0,NE@3.9,5.3,84.6,0.0,123,"Coffin, Benton County",100037,Coffin,2017-12-13 04:56:59.611237
2012-08-05,17:45,89.4,89.3,56.8,33.2,0.0,NE@4.2,6.0,84.8,0.0,269,"Coffin, Benton County",100037,Coffin,2017-12-13 04:56:59.611237
2012-08-05,18:00,87.7,87.1,58.2,37.0,0.0,NE@4.8,6.0,84.9,0.0,126,"Coffin, Benton County",100037,Coffin,2017-12-13 04:56:59.611237
2012-08-05,18:15,83.4,82.9,59.1,43.8,0.0,NE@4.9,6.0,85.0,0.0,105,"Coffin, Benton County",100037,Coffin,2017-12-13 04:56:59.611237
2012-08-05,18:30,79.6,79.1,60.7,52.4,0.0,NE@4.8,5.7,85.1,0.0,105,"Coffin, Benton County",100037,Coffin,2017-12-13 04:56:59.611237
2012-08-05,18:45,80.5,80.5,57.7,45.7,0.0,NE@5.1,6.4,85.2,0.0,116,"Coffin, Benton County",100037,Coffin,2017-12-13 04:56:59.611237
2012-08-05,19:00,78.4,77.9,58.5,50.4,0.0,NE@4.8,6.0,85.3,0.0,55,"Coffin, Benton County",100037,Coffin,2017-12-13 04:56:59.611237
2012-08-05,19:15,76.4,76.2,56.9,50.8,0.0,NE@4.8,6.0,85.4,0.0,27,"Coffin, Benton County",100037,Coffin,2017-12-13 04:56:59.611237
2012-08-05,19:30,74.7,74.4,55.4,50.9,0.0,NE@5.8,6.7,85.5,0.0,4,"Coffin, Benton County",100037,Coffin,2017-12-13 04:56:59.611237
2012-08-05,19:45,72.5,72.3,54.8,53.9,0.0,NE@5.7,6.4,85.5,0.0,2,"Coffin, Benton County",100037,Coffin,2017-12-13 04:56:59.611237
2012-08-05,20:00,71.3,71.0,54.4,55.1,0.0,NE@5.2,6.4,85.6,0.0,0,"Coffin, Benton County",100037,Coffin,2017-12-13 04:56:59.611237
2012-08-05,20:15,69.7,69.5,54.3,58.0,0.0,NE@5.5,6.7,85.6,0.0,0,"Coffin, Benton County",100037,Coffin,2017-12-13 04:56:59.611237
2012-08-05,20:30,69.6,69.4,53.4,56.4,0.0,NE@5.7,7.1,85.6,0.0,0,"Coffin, Benton County",100037,Coffin,2017-12-13 04:56:59.611237
2012-08-05,20:45,72.2,72.3,52.3,49.5,0.0,N@3.9,5.7,85.6,0.0,0,"Coffin, Benton County",100037,Coffin,2017-12-13 04:56:59.611237
2012-08-05,21:00,70.3,69.9,53.3,54.8,0.0,NE@6.3,7.8,85.5,0.0,0,"Coffin, Benton County",100037,Coffin,2017-12-13 04:56:59.611237
2012-08-05,21:15,69.8,69.8,51.9,52.8,0.0,NE@6.7,7.8,85.5,0.0,0,"Coffin, Benton County",100037,Coffin,2017-12-13 04:56:59.611237
2012-08-05,21:30,69.3,69.2,51.4,52.9,0.0,NE@6.7,7.4,85.4,0.0,0,"Coffin, Benton County",100037,Coffin,2017-12-13 04:56:59.611237
2012-08-05,21:45,69.6,69.4,51.3,52.1,0.0,NE@7.0,8.2,85.3,0.0,0,"Coffin, Benton County",100037,Coffin,2017-12-13 04:56:59.611237
2012-08-05,22:00,68.1,68.0,52.7,57.8,0.0,N@6.3,7.1,85.3,0.0,0,"Coffin, Benton County",100037,Coffin,2017-12-13 04:56:59.611237
2012-08-05,22:15,67.9,67.7,52.8,58.4,0.0,N@6.2,7.1,85.2,0.0,0,"Coffin, Benton County",100037,Coffin,2017-12-13 04:56:59.611237
2012-08-05,22:30,68.3,68.4,52.4,56.8,0.0,N@4.9,6.0,85.1,0.0,0,"Coffin, Benton County",100037,Coffin,2017-12-13 04:56:59.611237
2012-08-05,22:45,74.7,74.9,49.9,41.6,0.0,N@3.2,4.6,85.0,0.0,0,"Coffin, Benton County",100037,Coffin,2017-12-13 04:56:59.611237
2012-08-05,23:00,74.5,74.0,50.1,42.1,0.0,N@2.1,3.5,84.9,0.0,0,"Coffin, Benton County",100037,Coffin,2017-12-13 04:56:59.611237
2012-08-06,23:15,71.9,71.3,52.0,49.5,0.0,NE@3.9,5.7,84.8,0.0,0,"Coffin, Benton County",100037,Coffin,2017-12-13 04:56:59.611237
2012-08-06,23:30,66.2,65.5,53.3,63.0,0.0,NE@4.9,6.0,84.7,0.0,0,"Coffin, Benton County",100037,Coffin,2017-12-13 04:56:59.611237
2012-08-06,23:45,65.7,65.8,53.8,65.3,0.0,NE@3.9,4.9,84.5,0.0,0,"Coffin, Benton County",100037,Coffin,2017-12-13 04:56:59.611237
2012-08-06,24:00,69.4,69.2,53.1,56.1,0.0,E@3.4,5.3,84.4,0.0,0,"Coffin, Benton County",100037,Coffin,2017-12-13 04:56:59.611237
2012-08-06,00:15,71.2,71.6,53.4,53.4,0.0,NE@2.7,5.7,84.3,0.0,0,"Coffin, Benton County",100037,Coffin,2017-12-13 04:56:59.611237
2012-08-06,00:30,73.7,73.6,54.9,51.8,0.0,W@1.8,3.9,84.2,0.0,0,"Coffin, Benton County",100037,Coffin,2017-12-13 04:56:59.611237
2012-08-06,00:45,73.5,73.2,55.8,53.9,0.0,SW@2.0,4.9,84.1,0.0,0,"Coffin, Benton County",100037,Coffin,2017-12-13 04:56:59.611237
2012-08-06,01:00,73.7,73.6,56.3,54.5,0.0,SW@2.2,4.2,83.9,0.0,0,"Coffin, Benton County",100037,Coffin,2017-12-13 04:56:59.611237
2012-08-06,01:15,74.1,73.9,56.4,53.9,0.0,W@2.1,3.5,83.8,0.0,0,"Coffin, Benton County",100037,Coffin,2017-12-13 04:56:59.611237
2012-08-06,01:30,73.8,73.7,56.3,54.3,0.0,NW@3.8,8.2,83.7,0.0,0,"Coffin, Benton County",100037,Coffin,2017-12-13 04:56:59.611237
2012-08-06,01:45,73.2,73.1,57.2,57.2,0.0,W@4.2,6.0,83.5,0.0,0,"Coffin, Benton County",100037,Coffin,2017-12-13 04:56:59.611237
2012-08-06,02:00,72.4,72.5,57.0,58.3,0.0,NW@3.5,4.9,83.4,0.0,0,"Coffin, Benton County",100037,Coffin,2017-12-13 04:56:59.611237
2012-08-06,02:15,72.9,72.9,57.4,58.4,0.0,NW@3.6,4.6,83.3,0.0,0,"Coffin, Benton County",100037,Coffin,2017-12-13 04:56:59.611237
2012-08-06,02:30,73.0,72.9,58.2,59.6,0.0,W@3.9,5.7,83.2,0.0,0,"Coffin, Benton County",100037,Coffin,2017-12-13 04:56:59.611237
2012-08-06,02:45,72.8,72.8,57.9,59.4,0.0,NW@3.6,4.6,83.1,0.0,0,"Coffin, Benton County",100037,Coffin,2017-12-13 04:56:59.611237
2012-08-06,03:00,73.1,73.2,57.8,58.6,0.0,NW@3.8,5.3,82.9,0.0,0,"Coffin, Benton County",100037,Coffin,2017-12-13 04:56:59.611237
2012-08-06,03:15,73.1,73.1,57.8,58.6,0.0,NW@2.7,3.9,82.8,0.0,0,"Coffin, Benton County",100037,Coffin,2017-12-13 04:56:59.611237
2012-08-06,03:30,73.2,73.1,57.7,58.2,0.0,NW@3.1,4.9,82.7,0.0,0,"Coffin, Benton County",100037,Coffin,2017-12-13 04:56:59.611237
2012-08-06,03:45,73.4,73.3,57.5,57.5,0.0,NW@4.1,6.0,82.6,0.0,0,"Coffin, Benton County",100037,Coffin,2017-12-13 04:56:59.611237
2012-08-06,04:00,72.5,72.3,57.4,59.0,0.0,N@3.8,4.6,82.5,0.0,0,"Coffin, Benton County",100037,Coffin,2017-12-13 04:56:59.611237
2012-08-06,04:15,70.8,70.6,57.2,62.0,0.0,NW@3.6,4.6,82.4,0.0,0,"Coffin, Benton County",100037,Coffin,2017-12-13 04:56:59.611237
2012-08-06,04:30,70.5,70.1,58.3,65.2,0.0,N@4.1,4.9,82.3,0.0,0,"Coffin, Benton County",100037,Coffin,2017-12-13 04:56:59.611237
2012-08-06,04:45,68.7,68.5,59.9,73.4,0.0,E@3.3,4.6,82.2,0.0,0,"Coffin, Benton County",100037,Coffin,2017-12-13 04:56:59.611237
2012-08-06,05:00,69.6,69.7,59.3,69.5,0.0,SE@3.7,6.4,82.1,0.0,1,"Coffin, Benton County",100037,Coffin,2017-12-13 04:56:59.611237
2012-08-06,05:15,70.7,70.8,58.4,65.0,0.0,SE@4.6,6.4,82.0,0.0,3,"Coffin, Benton County",100037,Coffin,2017-12-13 04:56:59.611237
2012-08-06,05:30,70.6,70.5,58.3,65.0,0.0,E@4.6,8.2,81.9,0.0,6,"Coffin, Benton County",100037,Coffin,2017-12-13 04:56:59.611237
2012-08-06,05:45,70.0,69.8,59.1,68.1,0.51,NE@5.3,7.4,81.8,0.0,14,"Coffin, Benton County",100037,Coffin,2017-12-13 04:56:59.611237
2012-08-06,06:00,69.9,70.1,59.2,68.6,0.11,NE@4.1,6.0,81.7,0.0,29,"Coffin, Benton County",100037,Coffin,2017-12-13 04:56:59.611237
2012-08-06,06:15,70.7,70.6,60.8,70.7,0.0,NE@3.8,4.9,81.7,0.0,71,"Coffin, Benton County",100037,Coffin,2017-12-13 04:56:59.611237
2012-08-06,06:30,73.4,73.7,60.3,63.5,0.0,N@2.9,3.5,81.6,0.0,102,"Coffin, Benton County",100037,Coffin,2017-12-13 04:56:59.611237
2012-08-06,06:45,76.1,76.3,60.3,58.1,0.0,N@3.2,4.6,81.5,0.0,162,"Coffin, Benton County",100037,Coffin,2017-12-13 04:56:59.611237
2012-08-06,07:00,79.7,79.9,58.2,47.8,0.0,N@3.5,4.6,81.4,0.0,204,"Coffin, Benton County",100037,Coffin,2017-12-13 04:56:59.611237
2012-08-06,07:15,80.8,80.8,57.9,45.6,0.0,NW@3.7,7.1,81.3,0.0,242,"Coffin, Benton County",100037,Coffin,2017-12-13 04:56:59.611237
2012-08-06,07:30,80.1,80.0,59.9,50.2,0.0,W@4.8,7.1,81.2,0.0,296,"Coffin, Benton County",100037,Coffin,2017-12-13 04:56:59.611237
2012-08-06,07:45,81.1,81.2,60.4,49.5,0.0,W@5.0,8.2,81.2,0.0,375,"Coffin, Benton County",100037,Coffin,2017-12-13 04:56:59.611237
2012-08-06,08:00,81.8,81.7,60.3,48.0,0.0,W@6.6,9.6,81.1,0.0,454,"Coffin, Benton County",100037,Coffin,2017-12-13 04:56:59.611237
2012-08-06,08:15,82.5,82.4,59.8,46.2,0.0,W@7.6,11.4,81.0,0.0,525,"Coffin, Benton County",100037,Coffin,2017-12-13 04:56:59.611237
2012-08-06,08:30,83.2,83.0,60.4,46.1,0.0,W@7.4,10.7,81.0,0.0,560,"Coffin, Benton County",100037,Coffin,2017-12-13 04:56:59.611237
2012-08-06,08:45,83.5,83.4,61.2,47.0,0.0,W@6.9,10.7,80.9,0.0,596,"Coffin, Benton County",100037,Coffin,2017-12-13 04:56:59.611237
2012-08-06,09:00,83.9,83.8,60.9,45.9,0.0,W@7.5,10.3,80.9,0.0,633,"Coffin, Benton County",100037,Coffin,2017-12-13 04:56:59.611237
2012-08-06,09:15,84.8,84.8,60.7,44.3,0.0,W@7.3,10.3,80.8,0.0,667,"Coffin, Benton County",100037,Coffin,2017-12-13 04:56:59.611237
2012-08-06,09:30,86.2,86.1,61.6,43.8,0.0,SW@7.1,10.7,80.8,0.0,700,"Coffin, Benton County",100037,Coffin,2017-12-13 04:56:59.611237
2012-08-06,09:45,87.1,87.1,60.8,41.2,0.0,W@6.8,11.4,80.8,0.0,726,"Coffin, Benton County",100037,Coffin,2017-12-13 04:56:59.611237
2012-08-06,10:00,88.3,88.3,60.9,39.9,0.0,W@6.7,9.9,80.8,0.0,747,"Coffin, Benton County",100037,Coffin,2017-12-13 04:56:59.611237
2012-08-06,10:15,89.4,89.2,60.3,37.8,0.0,W@8.1,11.7,80.8,0.0,769,"Coffin, Benton County",100037,Coffin,2017-12-13 04:56:59.611237
2012-08-06,10:30,90.1,90.0,60.6,37.3,0.0,W@7.3,11.4,80.8,0.0,795,"Coffin, Benton County",100037,Coffin,2017-12-13 04:56:59.611237
2012-08-06,10:45,90.5,90.4,59.8,35.7,0.0,W@8.1,11.7,80.9,0.0,813,"Coffin, Benton County",100037,Coffin,2017-12-13 04:56:59.611237
2012-08-06,11:00,91.2,91.1,60.9,36.4,0.0,W@6.4,9.9,80.9,0.0,828,"Coffin, Benton County",100037,Coffin,2017-12-13 04:56:59.611237
2012-08-06,11:15,92.3,92.2,61.3,35.7,0.0,W@5.9,8.9,81.0,0.0,844,"Coffin, Benton County",100037,Coffin,2017-12-13 04:56:59.611237
2012-08-06,11:30,93.0,92.8,61.4,35.1,0.0,W@6.0,9.2,81.1,0.0,856,"Coffin, Benton County",100037,Coffin,2017-12-13 04:56:59.611237
2012-08-06,11:45,93.4,93.2,61.1,34.3,0.0,SW@6.0,8.5,81.2,0.0,868,"Coffin, Benton County",100037,Coffin,2017-12-13 04:56:59.611237
2012-08-06,12:00,94.5,94.4,58.5,30.2,0.0,SW@5.7,9.6,81.3,0.0,871,"Coffin, Benton County",100037,Coffin,2017-12-13 04:56:59.611237
2012-08-06,12:15,94.9,94.7,58.5,29.8,0.0,SW@5.0,8.5,81.4,0.0,872,"Coffin, Benton County",100037,Coffin,2017-12-13 04:56:59.611237
2012-08-06,12:30,95.6,95.4,57.5,28.2,0.0,W@5.4,9.2,81.6,0.0,871,"Coffin, Benton County",100037,Coffin,2017-12-13 04:56:59.611237
2012-08-06,12:45,96.5,96.4,57.6,27.5,0.0,W@5.3,9.2,81.7,0.0,867,"Coffin, Benton County",100037,Coffin,2017-12-13 04:56:59.611237
2012-08-06,13:00,96.2,96.0,57.3,27.5,0.0,W@5.9,10.3,81.9,0.0,858,"Coffin, Benton County",100037,Coffin,2017-12-13 04:56:59.611237
2012-08-06,13:15,96.3,96.1,54.0,24.3,0.0,W@5.0,9.2,82.1,0.0,839,"Coffin, Benton County",100037,Coffin,2017-12-13 04:56:59.611237
2012-08-06,13:30,97.3,97.2,53.1,22.8,0.0,NW@5.9,10.7,82.3,0.0,826,"Coffin, Benton County",100037,Coffin,2017-12-13 04:56:59.611237
2012-08-06,13:45,97.9,97.9,51.8,21.3,0.0,NW@6.3,11.0,82.5,0.0,811,"Coffin, Benton County",100037,Coffin,2017-12-13 04:56:59.611237
2012-08-06,14:00,97.9,97.8,51.0,20.7,0.0,NW@6.8,10.7,82.7,0.0,797,"Coffin, Benton County",100037,Coffin,2017-12-13 04:56:59.611237
2012-08-06,14:15,98.1,98.0,50.5,20.2,0.0,NW@7.4,11.0,82.9,0.0,776,"Coffin, Benton County",100037,Coffin,2017-12-13 04:56:59.611237
2012-08-06,14:30,98.8,98.6,50.5,19.8,0.0,NW@6.2,10.3,83.1,0.0,744,"Coffin, Benton County",100037,Coffin,2017-12-13 04:56:59.611237
2012-08-06,14:45,98.4,98.2,51.9,21.1,0.0,NW@6.9,11.0,83.3,0.0,719,"Coffin, Benton County",100037,Coffin,2017-12-13 04:56:59.611237
2012-08-06,15:00,98.6,98.5,51.7,20.8,0.0,NW@6.7,10.3,83.6,0.0,687,"Coffin, Benton County",100037,Coffin,2017-12-13 04:56:59.611237
2012-08-06,15:15,98.7,98.6,51.4,20.5,0.0,NW@7.1,10.3,83.8,0.0,658,"Coffin, Benton County",100037,Coffin,2017-12-13 04:56:59.611237
2012-08-06,15:30,98.4,98.2,50.1,19.7,0.0,W@7.3,13.9,84.0,0.0,623,"Coffin, Benton County",100037,Coffin,2017-12-13 04:56:59.611237
2012-08-06,15:45,98.8,98.7,48.7,18.5,0.0,W@6.9,11.0,84.2,0.0,582,"Coffin, Benton County",100037,Coffin,2017-12-13 04:56:59.611237
2012-08-06,16:00,99.3,99.2,47.3,17.3,0.0,NW@5.5,9.6,84.4,0.0,546,"Coffin, Benton County",100037,Coffin,2017-12-13 04:56:59.611237
2012-08-06,16:15,99.5,99.0,46.7,16.8,0.0,NW@5.8,9.9,84.6,0.0,506,"Coffin, Benton County",100037,Coffin,2017-12-13 04:56:59.611237
2012-08-06,16:30,99.4,99.0,45.5,16.1,0.0,NW@6.4,9.6,84.8,0.0,455,"Coffin, Benton County",100037,Coffin,2017-12-13 04:56:59.611237
2012-08-06,16:45,99.6,99.4,46.5,16.6,0.0,NW@5.2,7.8,85.0,0.0,413,"Coffin, Benton County",100037,Coffin,2017-12-13 04:56:59.611237
2012-08-06,17:00,99.4,99.2,49.7,18.9,0.0,W@3.1,7.1,85.2,0.0,366,"Coffin, Benton County",100037,Coffin,2017-12-13 04:56:59.611237
2012-08-06,17:15,98.1,97.8,52.0,21.4,0.0,SW@3.0,4.6,85.4,0.0,327,"Coffin, Benton County",100037,Coffin,2017-12-13 04:56:59.611237
2012-08-06,17:30,96.8,96.6,55.0,24.9,0.0,SW@3.5,4.6,85.6,0.0,280,"Coffin, Benton County",100037,Coffin,2017-12-13 04:56:59.611237
2012-08-06,17:45,96.5,96.3,51.6,22.1,0.0,SW@3.3,5.3,85.7,0.0,235,"Coffin, Benton County",100037,Coffin,2017-12-13 04:56:59.611237
2012-08-06,18:00,96.2,96.3,54.4,24.7,0.0,W@2.5,3.1,85.9,0.0,193,"Coffin, Benton County",100037,Coffin,2017-12-13 04:56:59.611237
2012-08-06,18:15,95.6,95.7,52.3,23.3,0.0,W@2.2,2.8,86.0,0.0,151,"Coffin, Benton County",100037,Coffin,2017-12-13 04:56:59.611237
2012-08-06,18:30,94.8,94.5,52.1,23.7,0.0,NW@2.1,4.2,86.1,0.0,106,"Coffin, Benton County",100037,Coffin,2017-12-13 04:56:59.611237
2012-08-06,18:45,84.3,82.5,61.7,46.6,0.0,NE@4.8,6.7,86.2,0.0,69,"Coffin, Benton County",100037,Coffin,2017-12-13 04:56:59.611237
2012-08-06,19:00,77.9,77.4,60.2,54.4,0.0,NE@4.8,6.0,86.3,0.0,40,"Coffin, Benton County",100037,Coffin,2017-12-13 04:56:59.611237
2012-08-06,19:15,75.7,75.6,57.2,52.8,0.0,NE@5.8,7.1,86.4,0.0,17,"Coffin, Benton County",100037,Coffin,2017-12-13 04:56:59.611237
2012-08-06,19:30,76.2,75.9,54.9,47.7,0.0,NE@5.8,6.7,86.5,0.0,4,"Coffin, Benton County",100037,Coffin,2017-12-13 04:56:59.611237
2012-08-06,19:45,75.4,75.4,53.3,46.1,0.0,NE@6.5,7.8,86.6,0.0,0,"Coffin, Benton County",100037,Coffin,2017-12-13 04:56:59.611237
2012-08-06,20:00,76.4,76.6,51.5,41.8,0.0,NE@7.1,8.2,86.7,0.0,0,"Coffin, Benton County",100037,Coffin,2017-12-13 04:56:59.611237
2012-08-06,20:15,77.5,77.5,50.7,39.1,0.0,NE@6.9,8.2,86.7,0.0,0,"Coffin, Benton County",100037,Coffin,2017-12-13 04:56:59.611237
2012-08-06,20:30,76.5,76.4,51.3,41.2,0.0,NE@6.7,8.2,86.7,0.0,0,"Coffin, Benton County",100037,Coffin,2017-12-13 04:56:59.611237
2012-08-06,20:45,77.1,77.3,50.4,39.1,0.0,NE@7.5,8.5,86.7,0.0,0,"Coffin, Benton County",100037,Coffin,2017-12-13 04:56:59.611237
2012-08-06,21:00,77.9,78.0,50.4,38.2,0.0,NE@6.9,8.9,86.7,0.0,0,"Coffin, Benton County",100037,Coffin,2017-12-13 04:56:59.611237
2012-08-06,21:15,78.3,78.5,51.4,39.0,0.0,NE@8.6,11.4,86.7,0.0,0,"Coffin, Benton County",100037,Coffin,2017-12-13 04:56:59.611237
2012-08-06,21:30,79.4,79.5,52.7,39.6,0.0,NE@8.7,10.7,86.6,0.0,0,"Coffin, Benton County",100037,Coffin,2017-12-13 04:56:59.611237
2012-08-06,21:45,79.6,79.8,54.2,41.5,0.0,NE@8.5,11.4,86.5,0.0,0,"Coffin, Benton County",100037,Coffin,2017-12-13 04:56:59.611237
2012-08-06,22:00,81.3,81.4,54.9,40.1,0.0,NE@9.5,12.8,86.5,0.0,0,"Coffin, Benton County",100037,Coffin,2017-12-13 04:56:59.611237
2012-08-06,22:15,81.0,81.0,55.2,41.1,0.0,NE@9.1,11.7,86.4,0.0,0,"Coffin, Benton County",100037,Coffin,2017-12-13 04:56:59.611237
2012-08-06,22:30,80.8,80.6,55.3,41.7,0.0,NE@9.3,11.7,86.3,0.0,0,"Coffin, Benton County",100037,Coffin,2017-12-13 04:56:59.611237
2012-08-06,22:45,77.4,77.1,54.9,45.8,0.0,NE@8.6,11.0,86.2,0.0,0,"Coffin, Benton County",100037,Coffin,2017-12-13 04:56:59.611237
2012-08-06,23:00,75.7,75.6,55.2,48.9,0.0,NE@7.8,9.6,86.1,0.0,0,"Coffin, Benton County",100037,Coffin,2017-12-13 04:56:59.611237
2012-08-07,23:15,75.7,75.7,55.0,48.7,0.0,NE@8.6,10.3,86.0,0.0,0,"Coffin, Benton County",100037,Coffin,2017-12-13 04:56:59.611237
2012-08-07,23:30,75.3,75.3,54.9,49.0,0.0,NE@8.0,9.9,85.9,0.0,0,"Coffin, Benton County",100037,Coffin,2017-12-13 04:56:59.611237
2012-08-07,23:45,75.3,75.4,54.8,48.9,0.0,NE@8.1,9.9,85.8,0.0,0,"Coffin, Benton County",100037,Coffin,2017-12-13 04:56:59.611237
2012-08-07,24:00,76.2,76.3,54.1,46.3,0.0,NE@9.0,10.7,85.7,0.0,0,"Coffin, Benton County",100037,Coffin,2017-12-13 04:56:59.611237
2012-08-07,00:15,77.5,77.6,53.3,43.0,0.0,NE@9.9,12.8,85.6,0.0,0,"Coffin, Benton County",100037,Coffin,2017-12-13 04:56:59.611237
2012-08-07,00:30,77.8,77.8,52.8,41.9,0.0,NE@10.3,13.9,85.5,0.0,0,"Coffin, Benton County",100037,Coffin,2017-12-13 04:56:59.611237
2012-08-07,00:45,77.4,77.4,52.6,42.0,0.0,NE@10.3,13.9,85.4,0.0,0,"Coffin, Benton County",100037,Coffin,2017-12-13 04:56:59.611237
2012-08-07,01:00,77.6,77.7,51.8,40.6,0.0,NE@11.0,14.2,85.3,0.0,0,"Coffin, Benton County",100037,Coffin,2017-12-13 04:56:59.611237
2012-08-07,01:15,78.1,78.1,51.4,39.3,0.0,NE@11.7,15.0,85.2,0.0,0,"Coffin, Benton County",100037,Coffin,2017-12-13 04:56:59.611237
2012-08-07,01:30,78.1,78.1,51.2,39.0,0.0,NE@11.7,15.3,85.1,0.0,0,"Coffin, Benton County",100037,Coffin,2017-12-13 04:56:59.611237
2012-08-07,01:45,78.3,78.4,51.1,38.7,0.0,NE@12.4,16.0,85.0,0.0,0,"Coffin, Benton County",100037,Coffin,2017-12-13 04:56:59.611237
2012-08-07,02:00,78.5,78.5,51.1,38.4,0.0,NE@11.8,15.7,84.8,0.0,0,"Coffin, Benton County",100037,Coffin,2017-12-13 04:56:59.611237
2012-08-07,02:15,78.5,78.5,50.9,38.1,0.0,NE@11.4,16.0,84.7,0.0,0,"Coffin, Benton County",100037,Coffin,2017-12-13 04:56:59.611237
2012-08-07,02:30,78.6,78.5,50.6,37.6,0.0,NE@11.8,16.4,84.6,0.0,0,"Coffin, Benton County",100037,Coffin,2017-12-13 04:56:59.611237
2012-08-07,02:45,78.1,78.1,50.5,38.1,0.0,NE@12.5,16.4,84.5,0.0,0,"Coffin, Benton County",100037,Coffin,2017-12-13 04:56:59.611237
2012-08-07,03:00,78.4,78.4,50.1,37.2,0.0,NE@12.5,16.0,84.4,0.0,0,"Coffin, Benton County",100037,Coffin,2017-12-13 04:56:59.611237
2012-08-07,03:15,78.2,78.3,50.1,37.3,0.0,NE@12.1,15.7,84.3,0.0,0,"Coffin, Benton County",100037,Coffin,2017-12-13 04:56:59.611237
2012-08-07,03:30,78.3,78.3,49.9,37.1,0.0,NE@12.6,16.4,84.2,0.0,0,"Coffin, Benton County",100037,Coffin,2017-12-13 04:56:59.611237
2012-08-07,03:45,77.4,77.4,49.9,38.1,0.0,NE@12.8,16.7,84.1,0.0,0,"Coffin, Benton County",100037,Coffin,2017-12-13 04:56:59.611237
2012-08-07,04:00,77.3,77.4,49.8,38.0,0.0,NE@13.1,17.8,84.0,0.0,0,"Coffin, Benton County",100037,Coffin,2017-12-13 04:56:59.611237
2012-08-07,04:15,77.6,77.6,49.8,37.8,0.0,NE@13.4,17.5,83.9,0.0,0,"Coffin, Benton County",100037,Coffin,2017-12-13 04:56:59.611237
2012-08-07,04:30,76.9,76.9,50.0,38.9,0.0,NE@13.4,17.8,83.8,0.0,0,"Coffin, Benton County",100037,Coffin,2017-12-13 04:56:59.611237
2012-08-07,04:45,76.5,76.2,50.6,40.3,0.0,NE@8.9,15.0,83.7,0.0,2,"Coffin, Benton County",100037,Coffin,2017-12-13 04:56:59.611237
2012-08-07,05:00,71.9,71.8,52.2,49.7,0.0,SW@4.7,12.1,83.6,0.0,9,"Coffin, Benton County",100037,Coffin,2017-12-13 04:56:59.611237
2012-08-07,05:15,70.8,70.3,52.4,52.1,0.0,SW@4.1,7.4,83.5,0.0,30,"Coffin, Benton County",100037,Coffin,2017-12-13 04:56:59.611237
2012-08-07,05:30,70.2,70.4,52.1,52.7,0.0,SW@2.6,5.3,83.5,0.0,56,"Coffin, Benton County",100037,Coffin,2017-12-13 04:56:59.611237
2012-08-07,05:45,73.6,73.5,52.3,47.2,0.0,SE@4.2,7.1,83.4,0.0,82,"Coffin, Benton County",100037,Coffin,2017-12-13 04:56:59.611237
2012-08-07,06:00,71.5,71.5,53.4,52.9,0.0,SE@2.5,4.9,83.3,0.0,99,"Coffin, Benton County",100037,Coffin,2017-12-13 04:56:59.611237
2012-08-07,06:15,73.9,74.0,52.8,47.5,0.0,SW@2.7,6.4,83.2,0.0,134,"Coffin, Benton County",100037,Coffin,2017-12-13 04:56:59.611237
2012-08-07,06:30,75.8,75.9,52.8,44.7,0.0,NE@5.7,13.5,83.1,0.0,174,"Coffin, Benton County",100037,Coffin,2017-12-13 04:56:59.611237
2012-08-07,06:45,78.1,78.0,52.3,40.7,0.0,NE@8.2,13.5,83.0,0.0,236,"Coffin, Benton County",100037,Coffin,2017-12-13 04:56:59.611237
2012-08-07,07:00,78.7,78.5,52.3,40.0,0.0,NE@11.7,19.6,82.9,0.0,284,"Coffin, Benton County",100037,Coffin,2017-12-13 04:56:59.611237
2012-08-07,07:15,79.7,79.5,52.5,38.9,0.0,NE@15.0,21.8,82.8,0.0,382,"Coffin, Benton County",100037,Coffin,2017-12-13 04:56:59.611237
2012-08-07,07:30,79.8,79.6,52.7,39.0,0.0,NE@16.2,22.1,82.7,0.0,406,"Coffin, Benton County",100037,Coffin,2017-12-13 04:56:59.611237
2012-08-07,07:45,80.1,79.9,53.0,39.1,0.0,NE@16.6,23.2,82.6,0.0,431,"Coffin, Benton County",100037,Coffin,2017-12-13 04:56:59.611237
2012-08-07,08:00,80.6,80.3,53.4,39.0,0.0,NE@15.5,21.8,82.5,0.0,471,"Coffin, Benton County",100037,Coffin,2017-12-13 04:56:59.611237
2012-08-07,08:15,81.5,81.2,54.2,39.0,0.0,NE@13.5,18.5,82.4,0.0,511,"Coffin, Benton County",100037,Coffin,2017-12-13 04:56:59.611237
2012-08-07,08:30,81.8,81.6,54.5,39.1,0.0,NE@14.0,17.8,82.4,0.0,523,"Coffin, Benton County",100037,Coffin,2017-12-13 04:56:59.611237
2012-08-07,08:45,82.2,82.1,55.3,39.7,0.0,NE@12.3,17.1,82.3,0.0,557,"Coffin, Benton County",100037,Coffin,2017-12-13 04:56:59.611237
2012-08-07,09:00,82.8,82.7,56.1,40.0,0.0,NE@11.4,15.7,82.3,0.0,557,"Coffin, Benton County",100037,Coffin,2017-12-13 04:56:59.611237
2012-08-07,09:15,83.8,83.7,56.6,39.5,0.0,NE@10.5,14.2,82.2,0.0,623,"Coffin, Benton County",100037,Coffin,2017-12-13 04:56:59.611237
2012-08-07,09:30,84.3,84.2,56.3,38.4,0.0,NE@10.9,15.0,82.2,0.0,616,"Coffin, Benton County",100037,Coffin,2017-12-13 04:56:59.611237
2012-08-07,09:45,85.8,85.7,57.6,38.4,0.0,NE@9.6,13.9,82.2,0.0,670,"Coffin, Benton County",100037,Coffin,2017-12-13 04:56:59.611237
2012-08-07,10:00,86.4,86.3,57.3,37.2,0.0,NE@8.9,12.4,82.2,0.0,666,"Coffin, Benton County",100037,Coffin,2017-12-13 04:56:59.611237
2012-08-07,10:15,87.8,87.7,57.9,36.5,0.0,NE@6.9,10.3,82.2,0.0,765,"Coffin, Benton County",100037,Coffin,2017-12-13 04:56:59.611237
2012-08-07,10:30,89.0,88.8,58.5,35.9,0.0,NE@6.0,10.3,82.2,0.0,786,"Coffin, Benton County",100037,Coffin,2017-12-13 04:56:59.611237
2012-08-07,10:45,89.2,89.0,58.0,34.9,0.0,NE@5.4,8.9,82.2,0.0,726,"Coffin, Benton County",100037,Coffin,2017-12-13 04:56:59.611237
2012-08-07,11:00,90.5,90.2,57.9,33.5,0.0,NE@5.6,9.9,82.2,0.0,823,"Coffin, Benton County",100037,Coffin,2017-12-13 04:56:59.611237
2012-08-07,11:15,90.8,90.6,57.5,32.7,0.0,E@5.7,9.2,82.3,0.0,764,"Coffin, Benton County",100037,Coffin,2017-12-13 04:56:59.611237
2012-08-07,11:30,91.9,91.6,57.6,31.7,0.0,E@5.8,9.2,82.4,0.0,839,"Coffin, Benton County",100037,Coffin,2017-12-13 04:56:59.611237
2012-08-07,11:45,92.4,92.2,56.8,30.4,0.0,E@3.8,5.7,82.4,0.0,739,"Coffin, Benton County",100037,Coffin,2017-12-13 04:56:59.611237
2012-08-07,12:00,93.3,93.3,57.5,30.2,0.0,E@4.5,10.7,82.5,0.0,839,"Coffin, Benton County",100037,Coffin,2017-12-13 04:56:59.611237
2012-08-07,12:15,94.3,94.1,57.1,28.9,0.0,E@7.3,11.7,82.7,0.0,842,"Coffin, Benton County",100037,Coffin,2017-12-13 04:56:59.611237
2012-08-07,12:30,95.1,94.9,56.9,28.0,0.0,E@7.0,12.8,82.8,0.0,771,"Coffin, Benton County",100037,Coffin,2017-12-13 04:56:59.611237
2012-08-07,12:45,95.7,95.5,56.3,26.9,0.0,E@5.9,9.9,82.9,0.0,854,"Coffin, Benton County",100037,Coffin,2017-12-13 04:56:59.611237
2012-08-07,13:00,96.5,96.3,56.7,26.6,0.0,E@5.7,11.4,83.1,0.0,856,"Coffin, Benton County",100037,Coffin,2017-12-13 04:56:59.611237
2012-08-07,13:15,97.2,97.1,56.3,25.7,0.0,E@5.4,9.9,83.2,0.0,832,"Coffin, Benton County",100037,Coffin,2017-12-13 04:56:59.611237
2012-08-07,13:30,97.9,97.7,58.2,26.9,0.0,S@4.9,9.2,83.4,0.0,781,"Coffin, Benton County",100037,Coffin,2017-12-13 04:56:59.611237
2012-08-07,13:45,97.6,97.5,59.3,28.2,0.0,SW@5.0,8.5,83.6,0.0,785,"Coffin, Benton County",100037,Coffin,2017-12-13 04:56:59.611237
2012-08-07,14:00,98.0,97.9,58.6,27.2,0.0,SW@3.8,7.1,83.8,0.0,768,"Coffin, Benton County",100037,Coffin,2017-12-13 04:56:59.611237
2012-08-07,14:15,97.6,97.2,63.2,32.5,0.0,SW@6.6,8.9,84.0,0.0,746,"Coffin, Benton County",100037,Coffin,2017-12-13 04:56:59.611237
2012-08-07,14:30,96.9,96.7,64.1,34.1,0.0,SW@6.6,9.9,84.2,0.0,697,"Coffin, Benton County",100037,Coffin,2017-12-13 04:56:59.611237
2012-08-07,14:45,97.3,97.2,63.8,33.4,0.0,SW@5.6,9.6,84.4,0.0,623,"Coffin, Benton County",100037,Coffin,2017-12-13 04:56:59.611237
2012-08-07,15:00,96.8,96.7,63.3,33.4,0.0,W@6.1,9.2,84.6,0.0,598,"Coffin, Benton County",100037,Coffin,2017-12-13 04:56:59.611237
2012-08-07,15:15,96.8,96.7,65.7,36.2,0.0,W@6.0,8.5,84.8,0.0,633,"Coffin, Benton County",100037,Coffin,2017-12-13 04:56:59.611237
2012-08-07,15:30,96.3,96.0,64.7,35.6,0.0,SW@6.9,10.3,85.0,0.0,594,"Coffin, Benton County",100037,Coffin,2017-12-13 04:56:59.611237
2012-08-07,15:45,95.2,94.9,63.9,35.8,0.0,SW@5.8,9.2,85.2,0.0,427,"Coffin, Benton County",100037,Coffin,2017-12-13 04:56:59.611237
2012-08-07,16:00,94.7,94.6,64.0,36.5,0.0,SW@5.3,7.4,85.4,0.0,397,"Coffin, Benton County",100037,Coffin,2017-12-13 04:56:59.611237
2012-08-07,16:15,94.2,94.0,63.1,35.8,0.0,W@4.5,7.4,85.6,0.0,317,"Coffin, Benton County",100037,Coffin,2017-12-13 04:56:59.611237
2012-08-07,16:30,92.7,92.5,63.3,37.9,0.0,W@3.9,5.3,85.8,0.0,202,"Coffin, Benton County",100037,Coffin,2017-12-13 04:56:59.611237
2012-08-07,16:45,90.1,89.8,62.4,39.8,0.0,W@4.5,6.4,86.0,0.0,181,"Coffin, Benton County",100037,Coffin,2017-12-13 04:56:59.611237
2012-08-07,17:00,89.4,89.5,64.0,43.0,0.0,W@4.0,5.3,86.2,0.0,197,"Coffin, Benton County",100037,Coffin,2017-12-13 04:56:59.611237
2012-08-07,17:15,90.5,90.6,63.0,40.1,0.0,W@4.3,6.4,86.3,0.0,207,"Coffin, Benton County",100037,Coffin,2017-12-13 04:56:59.611237
2012-08-07,17:30,92.5,92.6,60.6,34.6,0.0,NW@5.2,7.1,86.5,0.0,178,"Coffin, Benton County",100037,Coffin,2017-12-13 04:56:59.611237
2012-08-07,17:45,92.5,92.4,59.5,33.4,0.0,NW@3.8,6.4,86.6,0.0,141,"Coffin, Benton County",100037,Coffin,2017-12-13 04:56:59.611237
2012-08-07,18:00,92.4,92.3,59.4,33.3,0.0,NW@2.8,4.2,86.7,0.0,120,"Coffin, Benton County",100037,Coffin,2017-12-13 04:56:59.611237
2012-08-07,18:15,91.8,91.4,62.8,38.3,0.0,N@1.9,3.1,86.8,0.0,95,"Coffin, Benton County",100037,Coffin,2017-12-13 04:56:59.611237
2012-08-07,18:30,88.8,88.4,65.5,46.2,0.0,N@2.3,3.9,86.8,0.0,73,"Coffin, Benton County",100037,Coffin,2017-12-13 04:56:59.611237
2012-08-07,18:45,86.4,86.1,61.0,42.6,0.0,NW@4.0,4.6,86.9,0.0,30,"Coffin, Benton County",100037,Coffin,2017-12-13 04:56:59.611237
2012-08-07,19:00,84.4,84.3,60.1,43.8,0.0,NW@4.2,4.9,87.0,0.0,14,"Coffin, Benton County",100037,Coffin,2017-12-13 04:56:59.611237
2012-08-07,19:15,83.1,82.9,57.9,42.3,0.0,N@4.4,4.9,87.0,0.0,5,"Coffin, Benton County",100037,Coffin,2017-12-13 04:56:59.611237
2012-08-07,19:30,81.3,81.1,57.7,44.5,0.0,N@4.7,5.7,87.1,0.0,3,"Coffin, Benton County",100037,Coffin,2017-12-13 04:56:59.611237
2012-08-07,19:45,80.7,80.6,57.0,44.3,0.0,N@4.2,5.3,87.1,0.0,0,"Coffin, Benton County",100037,Coffin,2017-12-13 04:56:59.611237
2012-08-07,20:00,80.0,79.8,56.5,44.6,0.0,NW@3.7,4.9,87.1,0.0,0,"Coffin, Benton County",100037,Coffin,2017-12-13 04:56:59.611237
2012-08-07,20:15,80.8,80.6,58.5,46.7,0.0,W@4.0,5.3,87.1,0.0,0,"Coffin, Benton County",100037,Coffin,2017-12-13 04:56:59.611237
2012-08-07,20:30,78.5,78.2,59.4,52.0,0.0,SW@2.3,4.6,87.1,0.0,0,"Coffin, Benton County",100037,Coffin,2017-12-13 04:56:59.611237
2012-08-07,20:45,78.5,78.3,59.0,51.3,0.0,NW@3.3,4.9,87.1,0.0,0,"Coffin, Benton County",100037,Coffin,2017-12-13 04:56:59.611237
2012-08-07,21:00,76.4,76.2,59.6,56.1,0.0,NW@3.1,4.6,87.1,0.0,0,"Coffin, Benton County",100037,Coffin,2017-12-13 04:56:59.611237
2012-08-07,21:15,76.0,75.9,59.8,57.3,0.0,NW@2.9,4.2,87.0,0.0,0,"Coffin, Benton County",100037,Coffin,2017-12-13 04:56:59.611237
2012-08-07,21:30,76.0,75.6,60.0,57.7,0.0,NW@2.1,2.4,87.0,0.0,0,"Coffin, Benton County",100037,Coffin,2017-12-13 04:56:59.611237
2012-08-07,21:45,73.0,72.2,61.3,66.7,0.0,NE@2.9,3.5,87.0,0.0,0,"Coffin, Benton County",100037,Coffin,2017-12-13 04:56:59.611237
2012-08-07,22:00,72.0,72.0,60.9,68.1,0.0,NW@2.4,7.1,86.9,0.0,0,"Coffin, Benton County",100037,Coffin,2017-12-13 04:56:59.611237
2012-08-07,22:15,73.5,73.5,60.6,63.8,0.0,W@4.6,6.0,86.8,0.0,0,"Coffin, Benton County",100037,Coffin,2017-12-13 04:56:59.611237
2012-08-07,22:30,72.5,72.4,60.7,66.4,0.0,W@3.1,6.0,86.8,0.0,0,"Coffin, Benton County",100037,Coffin,2017-12-13 04:56:59.611237
2012-08-07,22:45,71.6,71.4,60.6,68.3,0.0,SW@2.0,3.1,86.7,0.0,0,"Coffin, Benton County",100037,Coffin,2017-12-13 04:56:59.611237
2012-08-07,23:00,71.1,70.7,60.3,68.6,0.0,SE@3.5,6.7,86.6,0.0,0,"Coffin, Benton County",100037,Coffin,2017-12-13 04:56:59.611237
2012-08-08,23:15,68.9,69.0,60.3,74.0,0.0,S@3.5,7.1,86.5,0.0,0,"Coffin, Benton County",100037,Coffin,2017-12-13 04:56:59.611237
2012-08-08,23:30,69.8,69.7,58.8,67.9,0.0,SW@2.6,4.2,86.4,0.0,0,"Coffin, Benton County",100037,Coffin,2017-12-13 04:56:59.611237
2012-08-08,23:45,69.6,69.4,58.1,66.6,0.0,E@2.8,5.3,86.3,0.0,0,"Coffin, Benton County",100037,Coffin,2017-12-13 04:56:59.611237
2012-08-08,24:00,69.3,69.1,57.2,65.4,0.0,W@4.6,6.7,86.2,0.0,0,"Coffin, Benton County",100037,Coffin,2017-12-13 04:56:59.611237
2012-08-08,00:15,68.6,68.6,55.7,63.5,0.0,W@5.0,7.8,86.1,0.0,0,"Coffin, Benton County",100037,Coffin,2017-12-13 04:56:59.611237
2012-08-08,00:30,69.1,69.1,54.5,59.6,0.0,W@4.6,7.1,86.0,0.0,0,"Coffin, Benton County",100037,Coffin,2017-12-13 04:56:59.611237
2012-08-08,00:45,68.7,68.6,54.0,59.4,0.0,W@4.0,6.0,85.9,0.0,0,"Coffin, Benton County",100037,Coffin,2017-12-13 04:56:59.611237
2012-08-08,01:00,68.4,68.3,53.9,59.9,0.0,W@4.1,5.3,85.8,0.0,0,"Coffin, Benton County",100037,Coffin,2017-12-13 04:56:59.611237
2012-08-08,01:15,67.6,67.5,54.2,62.1,0.0,W@3.8,5.7,85.7,0.0,0,"Coffin, Benton County",100037,Coffin,2017-12-13 04:56:59.611237
2012-08-08,01:30,67.6,67.5,54.3,62.4,0.0,W@3.4,5.3,85.5,0.0,0,"Coffin, Benton County",100037,Coffin,2017-12-13 04:56:59.611237
2012-08-08,01:45,67.7,67.5,54.5,62.5,0.0,W@2.2,4.2,85.4,0.0,0,"Coffin, Benton County",100037,Coffin,2017-12-13 04:56:59.611237
2012-08-08,02:00,67.7,67.6,54.6,62.9,0.0,W@3.7,7.4,85.3,0.0,0,"Coffin, Benton County",100037,Coffin,2017-12-13 04:56:59.611237
2012-08-08,02:15,67.8,67.7,54.9,63.2,0.0,W@5.0,7.4,85.2,0.0,0,"Coffin, Benton County",100037,Coffin,2017-12-13 04:56:59.611237
2012-08-08,02:30,67.7,67.7,55.1,63.8,0.0,W@4.9,6.7,85.1,0.0,0,"Coffin, Benton County",100037,Coffin,2017-12-13 04:56:59.611237
2012-08-08,02:45,66.9,66.8,55.3,66.2,0.0,W@3.9,4.9,84.9,0.0,0,"Coffin, Benton County",100037,Coffin,2017-12-13 04:56:59.611237
2012-08-08,03:00,66.8,66.8,55.3,66.5,0.0,W@4.7,6.0,84.8,0.0,0,"Coffin, Benton County",100037,Coffin,2017-12-13 04:56:59.611237
2012-08-08,03:15,66.3,66.1,55.4,67.8,0.0,W@2.6,5.7,84.7,0.0,0,"Coffin, Benton County",100037,Coffin,2017-12-13 04:56:59.611237
2012-08-08,03:30,66.0,65.7,55.1,67.8,0.0,SW@0.8,2.4,84.6,0.0,0,"Coffin, Benton County",100037,Coffin,2017-12-13 04:56:59.611237
2012-08-08,03:45,66.0,65.7,54.9,67.5,0.0,W@1.5,2.8,84.5,0.0,0,"Coffin, Benton County",100037,Coffin,2017-12-13 04:56:59.611237
2012-08-08,04:00,65.7,65.4,55.2,68.9,0.0,W@2.1,3.1,84.4,0.0,0,"Coffin, Benton County",100037,Coffin,2017-12-13 04:56:59.611237
2012-08-08,04:15,65.3,65.1,55.7,71.0,0.0,SW@3.3,5.3,84.2,0.0,0,"Coffin, Benton County",100037,Coffin,2017-12-13 04:56:59.611237
2012-08-08,04:30,64.9,64.8,55.9,72.4,0.0,SW@3.9,5.7,84.1,0.0,0,"Coffin, Benton County",100037,Coffin,2017-12-13 04:56:59.611237
2012-08-08,04:45,64.6,64.4,55.9,73.5,0.0,SW@3.1,4.9,84.0,0.0,2,"Coffin, Benton County",100037,Coffin,2017-12-13 04:56:59.611237
2012-08-08,05:00,64.5,64.3,55.9,73.5,0.0,SW@2.9,6.0,83.9,0.0,10,"Coffin, Benton County",100037,Coffin,2017-12-13 04:56:59.611237
2012-08-08,05:15,64.5,64.4,56.0,73.6,0.0,SW@4.4,6.7,83.8,0.0,26,"Coffin, Benton County",100037,Coffin,2017-12-13 04:56:59.611237
2012-08-08,05:30,64.3,64.1,56.3,75.3,0.0,SW@4.2,7.1,83.6,0.0,36,"Coffin, Benton County",100037,Coffin,2017-12-13 04:56:59.611237
2012-08-08,05:45,64.4,64.2,56.6,75.8,0.0,SW@3.2,4.9,83.5,0.0,69,"Coffin, Benton County",100037,Coffin,2017-12-13 04:56:59.611237
2012-08-08,06:00,65.6,65.6,57.0,73.6,0.0,SW@3.0,4.2,83.4,0.0,132,"Coffin, Benton County",100037,Coffin,2017-12-13 04:56:59.611237
2012-08-08,06:15,66.9,66.8,57.4,71.4,0.0,SW@4.3,7.4,83.3,0.0,190,"Coffin, Benton County",100037,Coffin,2017-12-13 04:56:59.611237
2012-08-08,06:30,68.5,68.4,58.0,69.0,0.0,SW@5.4,8.2,83.2,0.0,297,"Coffin, Benton County",100037,Coffin,2017-12-13 04:56:59.611237
2012-08-08,06:45,70.0,69.9,58.2,66.0,0.0,SW@6.7,9.6,83.1,0.0,374,"Coffin, Benton County",100037,Coffin,2017-12-13 04:56:59.611237
2012-08-08,07:00,71.2,71.1,58.5,64.3,0.0,SW@7.7,11.0,82.9,0.0,397,"Coffin, Benton County",100037,Coffin,2017-12-13 04:56:59.611237
2012-08-08,07:15,70.2,70.0,57.9,65.1,0.0,W@7.8,12.1,82.8,0.0,233,"Coffin, Benton County",100037,Coffin,2017-12-13 04:56:59.611237
2012-08-08,07:30,70.7,70.6,58.1,64.4,0.0,SW@8.1,12.4,82.7,0.0,323,"Coffin, Benton County",100037,Coffin,2017-12-13 04:56:59.611237
2012-08-08,07:45,69.8,69.6,57.1,63.9,0.0,W@10.2,14.6,82.6,0.0,221,"Coffin, Benton County",100037,Coffin,2017-12-13 04:56:59.611237
2012-08-08,08:00,69.5,69.4,57.2,64.8,0.0,W@9.8,14.6,82.5,0.0,212,"Coffin, Benton County",100037,Coffin,2017-12-13 04:56:59.611237
2012-08-08,08:15,70.6,70.6,57.1,62.2,0.0,W@11.9,17.8,82.5,0.0,426,"Coffin, Benton County",100037,Coffin,2017-12-13 04:56:59.611237
2012-08-08,08:30,72.4,72.3,57.2,58.8,0.0,W@11.4,16.7,82.4,0.0,563,"Coffin, Benton County",100037,Coffin,2017-12-13 04:56:59.611237
2012-08-08,08:45,73.7,73.4,57.2,56.3,0.0,W@12.0,19.6,82.3,0.0,680,"Coffin, Benton County",100037,Coffin,2017-12-13 04:56:59.611237
2012-08-08,09:00,73.7,73.6,56.2,54.3,0.0,W@12.4,17.1,82.2,0.0,719,"Coffin, Benton County",100037,Coffin,2017-12-13 04:56:59.611237
2012-08-08,09:15,74.5,74.3,56.1,52.6,0.0,W@12.3,18.5,82.2,0.0,756,"Coffin, Benton County",100037,Coffin,2017-12-13 04:56:59.611237
2012-08-08,09:30,74.2,73.9,55.2,51.5,0.0,W@12.1,16.7,82.1,0.0,433,"Coffin, Benton County",100037,Coffin,2017-12-13 04:56:59.611237
2012-08-08,09:45,75.1,75.1,55.4,50.3,0.0,W@11.9,16.4,82.1,0.0,688,"Coffin, Benton County",100037,Coffin,2017-12-13 04:56:59.611237
2012-08-08,10:00,76.3,76.2,53.8,45.5,0.0,W@12.0,18.9,82.0,0.0,570,"Coffin, Benton County",100037,Coffin,2017-12-13 04:56:59.611237
2012-08-08,10:15,77.1,77.0,53.6,44.0,0.0,W@10.1,14.6,82.0,0.0,506,"Coffin, Benton County",100037,Coffin,2017-12-13 04:56:59.611237
2012-08-08,10:30,76.4,76.2,51.8,42.3,0.0,W@11.0,14.6,82.0,0.0,369,"Coffin, Benton County",100037,Coffin,2017-12-13 04:56:59.611237
2012-08-08,10:45,77.1,77.0,51.7,41.2,0.0,W@10.7,16.0,82.0,0.0,553,"Coffin, Benton County",100037,Coffin,2017-12-13 04:56:59.611237
2012-08-08,11:00,79.3,79.3,52.1,38.8,0.0,W@10.3,15.3,82.0,0.0,708,"Coffin, Benton County",100037,Coffin,2017-12-13 04:56:59.611237
2012-08-08,11:15,81.3,81.3,52.3,36.6,0.0,W@10.5,16.4,82.0,0.0,860,"Coffin, Benton County",100037,Coffin,2017-12-13 04:56:59.611237
2012-08-08,11:30,82.6,82.4,51.2,33.7,0.0,SW@11.3,15.3,82.0,0.0,902,"Coffin, Benton County",100037,Coffin,2017-12-13 04:56:59.611237
2012-08-08,11:45,82.1,81.9,50.7,33.7,0.0,W@11.3,16.0,82.0,0.0,721,"Coffin, Benton County",100037,Coffin,2017-12-13 04:56:59.611237
2012-08-08,12:00,82.4,82.2,50.7,33.3,0.0,SW@10.5,15.3,82.1,0.0,677,"Coffin, Benton County",100037,Coffin,2017-12-13 04:56:59.611237
2012-08-08,12:15,83.2,83.2,50.7,32.4,0.0,SW@9.7,14.6,82.1,0.0,813,"Coffin, Benton County",100037,Coffin,2017-12-13 04:56:59.611237
2012-08-08,12:30,85.5,85.5,50.6,30.0,0.0,SW@9.6,13.9,82.2,0.0,962,"Coffin, Benton County",100037,Coffin,2017-12-13 04:56:59.611237
2012-08-08,12:45,86.4,86.3,51.1,29.7,0.0,SW@9.7,12.8,82.2,0.0,966,"Coffin, Benton County",100037,Coffin,2017-12-13 04:56:59.611237
2012-08-08,13:00,87.3,87.1,52.1,29.9,0.0,SW@10.5,16.7,82.3,0.0,959,"Coffin, Benton County",100037,Coffin,2017-12-13 04:56:59.611237
2012-08-08,13:15,87.6,87.5,51.9,29.4,0.0,SW@10.4,14.2,82.4,0.0,917,"Coffin, Benton County",100037,Coffin,2017-12-13 04:56:59.611237
2012-08-08,13:30,87.7,87.4,51.3,28.7,0.0,SW@11.1,15.0,82.5,0.0,880,"Coffin, Benton County",100037,Coffin,2017-12-13 04:56:59.611237
2012-08-08,13:45,87.9,87.7,51.2,28.5,0.0,SW@11.7,17.5,82.6,0.0,851,"Coffin, Benton County",100037,Coffin,2017-12-13 04:56:59.611237
2012-08-08,14:00,88.1,88.0,51.9,29.0,0.0,SW@11.7,17.1,82.7,0.0,824,"Coffin, Benton County",100037,Coffin,2017-12-13 04:56:59.611237
2012-08-08,14:15,88.2,88.1,51.2,28.2,0.0,SW@12.4,17.5,82.8,0.0,800,"Coffin, Benton County",100037,Coffin,2017-12-13 04:56:59.611237
2012-08-08,14:30,88.3,88.0,51.9,28.8,0.0,SW@13.2,18.9,82.9,0.0,771,"Coffin, Benton County",100037,Coffin,2017-12-13 04:56:59.611237
2012-08-08,14:45,88.4,88.3,51.5,28.3,0.0,SW@13.6,18.2,83.1,0.0,740,"Coffin, Benton County",100037,Coffin,2017-12-13 04:56:59.611237
2012-08-08,15:00,89.0,88.9,50.5,26.7,0.0,W@13.8,19.2,83.2,0.0,709,"Coffin, Benton County",100037,Coffin,2017-12-13 04:56:59.611237
2012-08-08,15:15,88.7,88.5,48.8,25.3,0.0,W@14.4,20.3,83.4,0.0,677,"Coffin, Benton County",100037,Coffin,2017-12-13 04:56:59.611237
2012-08-08,15:30,88.9,88.7,47.3,23.8,0.0,W@14.5,19.6,83.6,0.0,639,"Coffin, Benton County",100037,Coffin,2017-12-13 04:56:59.611237
2012-08-08,15:45,88.9,88.7,46.8,23.4,0.0,W@14.0,21.0,83.7,0.0,599,"Coffin, Benton County",100037,Coffin,2017-12-13 04:56:59.611237
2012-08-08,16:00,88.7,88.6,45.0,22.0,0.0,W@14.8,21.4,83.9,0.0,557,"Coffin, Benton County",100037,Coffin,2017-12-13 04:56:59.611237
2012-08-08,16:15,89.2,89.1,43.9,20.8,0.0,W@13.7,17.8,84.0,0.0,512,"Coffin, Benton County",100037,Coffin,2017-12-13 04:56:59.611237
2012-08-08,16:30,89.2,88.9,42.5,19.7,0.0,W@13.2,17.5,84.2,0.0,463,"Coffin, Benton County",100037,Coffin,2017-12-13 04:56:59.611237
2012-08-08,16:45,88.8,88.5,40.9,18.8,0.0,W@14.5,18.5,84.3,0.0,419,"Coffin, Benton County",100037,Coffin,2017-12-13 04:56:59.611237
2012-08-08,17:00,88.3,88.2,41.4,19.4,0.0,W@13.0,18.9,84.5,0.0,375,"Coffin, Benton County",100037,Coffin,2017-12-13 04:56:59.611237
2012-08-08,17:15,87.9,87.7,41.7,19.9,0.0,W@11.8,16.4,84.6,0.0,329,"Coffin, Benton County",100037,Coffin,2017-12-13 04:56:59.611237
2012-08-08,17:30,87.3,87.1,41.9,20.4,0.0,W@11.4,17.8,84.7,0.0,287,"Coffin, Benton County",100037,Coffin,2017-12-13 04:56:59.611237
2012-08-08,17:45,86.5,86.4,42.4,21.3,0.0,W@9.5,13.2,84.8,0.0,244,"Coffin, Benton County",100037,Coffin,2017-12-13 04:56:59.611237
2012-08-08,18:00,85.6,85.5,41.8,21.5,0.0,W@8.4,12.8,84.9,0.0,200,"Coffin, Benton County",100037,Coffin,2017-12-13 04:56:59.611237
2012-08-08,18:15,84.1,83.8,42.1,22.8,0.0,NW@6.3,10.3,85.0,0.0,158,"Coffin, Benton County",100037,Coffin,2017-12-13 04:56:59.611237
2012-08-08,18:30,82.2,82.1,42.0,24.2,0.0,NW@5.7,7.4,85.1,0.0,117,"Coffin, Benton County",100037,Coffin,2017-12-13 04:56:59.611237
2012-08-08,18:45,80.3,80.0,43.3,27.0,0.0,W@3.8,6.0,85.1,0.0,79,"Coffin, Benton County",100037,Coffin,2017-12-13 04:56:59.611237
2012-08-08,19:00,77.7,77.3,46.0,32.7,0.0,S@3.7,5.7,85.2,0.0,44,"Coffin, Benton County",100037,Coffin,2017-12-13 04:56:59.611237
2012-08-08,19:15,74.4,74.1,47.5,38.5,0.0,W@4.0,6.7,85.2,0.0,16,"Coffin, Benton County",100037,Coffin,2017-12-13 04:56:59.611237
2012-08-08,19:30,73.4,73.5,45.4,36.7,0.0,W@6.6,11.7,85.3,0.0,3,"Coffin, Benton County",100037,Coffin,2017-12-13 04:56:59.611237
2012-08-08,19:45,73.1,73.0,45.8,37.7,0.0,W@5.8,11.4,85.3,0.0,0,"Coffin, Benton County",100037,Coffin,2017-12-13 04:56:59.611237
2012-08-08,20:00,72.3,72.2,45.7,38.6,0.0,W@5.1,7.4,85.4,0.0,0,"Coffin, Benton County",100037,Coffin,2017-12-13 04:56:59.611237
2012-08-08,20:15,71.1,71.0,45.4,39.7,0.0,W@4.7,8.5,85.4,0.0,0,"Coffin, Benton County",100037,Coffin,2017-12-13 04:56:59.611237
2012-08-08,20:30,70.2,70.0,46.1,42.1,0.0,SW@2.8,4.2,85.3,0.0,0,"Coffin, Benton County",100037,Coffin,2017-12-13 04:56:59.611237
2012-08-08,20:45,70.5,70.5,46.5,42.2,0.0,SW@3.3,6.4,85.3,0.0,0,"Coffin, Benton County",100037,Coffin,2017-12-13 04:56:59.611237
2012-08-08,21:00,68.8,68.6,47.1,45.8,0.0,W@3.8,7.1,85.3,0.0,0,"Coffin, Benton County",100037,Coffin,2017-12-13 04:56:59.611237
2012-08-08,21:15,67.6,67.5,47.8,48.9,0.0,W@4.3,6.0,85.2,0.0,0,"Coffin, Benton County",100037,Coffin,2017-12-13 04:56:59.611237
2012-08-08,21:30,66.2,66.0,48.5,52.9,0.0,W@4.1,7.1,85.2,0.0,0,"Coffin, Benton County",100037,Coffin,2017-12-13 04:56:59.611237
2012-08-08,21:45,66.0,65.9,49.1,54.4,0.0,W@5.0,6.4,85.1,0.0,0,"Coffin, Benton County",100037,Coffin,2017-12-13 04:56:59.611237
2012-08-08,22:00,65.0,64.8,49.4,57.1,0.0,W@4.6,6.4,85.0,0.0,0,"Coffin, Benton County",100037,Coffin,2017-12-13 04:56:59.611237
2012-08-08,22:15,64.8,64.7,49.6,57.9,0.0,SW@2.8,4.2,84.9,0.0,0,"Coffin, Benton County",100037,Coffin,2017-12-13 04:56:59.611237
2012-08-08,22:30,63.4,62.7,49.2,59.8,0.0,N@3.0,3.9,84.8,0.0,0,"Coffin, Benton County",100037,Coffin,2017-12-13 04:56:59.611237
2012-08-08,22:45,60.2,60.0,50.1,69.1,0.0,NE@2.2,3.9,84.8,0.0,0,"Coffin, Benton County",100037,Coffin,2017-12-13 04:56:59.611237
2012-08-08,23:00,62.2,62.0,50.9,66.3,0.0,NE@2.0,2.8,84.7,0.0,0,"Coffin, Benton County",100037,Coffin,2017-12-13 04:56:59.611237
2012-08-09,23:15,60.4,59.5,51.0,71.3,0.0,NE@3.4,4.9,84.6,0.0,0,"Coffin, Benton County",100037,Coffin,2017-12-13 04:56:59.611237
2012-08-09,23:30,55.2,54.7,49.9,82.0,0.01,NE@4.7,5.7,84.5,0.0,0,"Coffin, Benton County",100037,Coffin,2017-12-13 04:56:59.611237
2012-08-09,23:45,54.6,54.2,49.6,83.3,0.02,NE@4.7,6.4,84.3,0.0,0,"Coffin, Benton County",100037,Coffin,2017-12-13 04:56:59.611237
2012-08-09,24:00,54.3,54.1,50.0,85.1,0.03,NE@4.5,5.3,84.2,0.0,0,"Coffin, Benton County",100037,Coffin,2017-12-13 04:56:59.611237
2012-08-09,00:15,54.6,54.1,49.9,84.0,0.03,NE@4.2,4.9,84.1,0.0,0,"Coffin, Benton County",100037,Coffin,2017-12-13 04:56:59.611237
2012-08-09,00:30,52.9,52.6,49.6,88.3,0.1,NE@3.9,5.3,84.0,0.0,0,"Coffin, Benton County",100037,Coffin,2017-12-13 04:56:59.611237
2012-08-09,00:45,54.4,54.0,49.8,84.3,0.07,NE@4.5,5.3,83.8,0.0,0,"Coffin, Benton County",100037,Coffin,2017-12-13 04:56:59.611237
2012-08-09,01:00,53.1,52.6,49.3,86.6,0.08,NE@4.5,5.7,83.7,0.0,0,"Coffin, Benton County",100037,Coffin,2017-12-13 04:56:59.611237
2012-08-09,01:15,53.0,52.7,49.4,87.3,0.1,NE@4.5,5.3,83.6,0.0,0,"Coffin, Benton County",100037,Coffin,2017-12-13 04:56:59.611237
2012-08-09,01:30,52.5,52.0,48.5,86.2,0.09,NE@4.6,5.3,83.4,0.0,0,"Coffin, Benton County",100037,Coffin,2017-12-13 04:56:59.611237
2012-08-09,01:45,51.4,51.0,48.3,89.0,0.15,NE@4.3,5.7,83.3,0.0,0,"Coffin, Benton County",100037,Coffin,2017-12-13 04:56:59.611237
2012-08-09,02:00,52.1,51.8,49.1,89.5,0.21,NE@4.1,4.9,83.2,0.0,0,"Coffin, Benton County",100037,Coffin,2017-12-13 04:56:59.611237
2012-08-09,02:15,53.2,52.9,49.6,87.4,0.19,NE@4.4,4.9,83.0,0.0,0,"Coffin, Benton County",100037,Coffin,2017-12-13 04:56:59.611237
2012-08-09,02:30,52.8,52.3,49.1,87.0,0.17,NE@4.4,4.9,82.9,0.0,0,"Coffin, Benton County",100037,Coffin,2017-12-13 04:56:59.611237
2012-08-09,02:45,52.2,51.8,48.9,88.2,0.21,NE@4.4,5.3,82.7,0.0,0,"Coffin, Benton County",100037,Coffin,2017-12-13 04:56:59.611237
2012-08-09,03:00,52.3,51.6,48.4,86.5,0.17,NE@4.5,4.9,82.6,0.0,0,"Coffin, Benton County",100037,Coffin,2017-12-13 04:56:59.611237
2012-08-09,03:15,52.1,51.6,48.0,86.1,0.13,NE@4.9,5.3,82.4,0.0,0,"Coffin, Benton County",100037,Coffin,2017-12-13 04:56:59.611237
2012-08-09,03:30,50.4,49.9,46.9,87.6,0.13,NE@4.7,5.7,82.3,0.0,0,"Coffin, Benton County",100037,Coffin,2017-12-13 04:56:59.611237
2012-08-09,03:45,50.5,50.3,47.1,88.0,0.14,NE@5.0,5.7,82.1,0.0,0,"Coffin, Benton County",100037,Coffin,2017-12-13 04:56:59.611237
2012-08-09,04:00,50.8,50.5,47.1,87.1,0.12,NE@4.6,5.3,82.0,0.0,0,"Coffin, Benton County",100037,Coffin,2017-12-13 04:56:59.611237
2012-08-09,04:15,50.1,49.6,46.6,87.7,0.15,NE@4.3,4.9,81.9,0.0,0,"Coffin, Benton County",100037,Coffin,2017-12-13 04:56:59.611237
2012-08-09,04:30,50.1,49.9,46.7,88.0,0.16,NE@5.1,5.7,81.7,0.0,0,"Coffin, Benton County",100037,Coffin,2017-12-13 04:56:59.611237
2012-08-09,04:45,50.4,50.2,46.9,87.8,0.13,NE@5.2,6.4,81.6,0.0,2,"Coffin, Benton County",100037,Coffin,2017-12-13 04:56:59.611237
2012-08-09,05:00,50.1,49.6,46.6,87.9,0.13,NE@4.8,5.7,81.4,0.0,9,"Coffin, Benton County",100037,Coffin,2017-12-13 04:56:59.611237
2012-08-09,05:15,50.6,50.4,47.3,88.3,0.14,NE@4.5,5.3,81.3,0.0,34,"Coffin, Benton County",100037,Coffin,2017-12-13 04:56:59.611237
2012-08-09,05:30,51.4,51.0,47.8,87.6,0.11,NE@4.4,5.7,81.1,0.0,71,"Coffin, Benton County",100037,Coffin,2017-12-13 04:56:59.611237
2012-08-09,05:45,53.3,53.1,49.9,88.1,0.13,NE@3.3,4.2,81.0,0.0,110,"Coffin, Benton County",100037,Coffin,2017-12-13 04:56:59.611237
2012-08-09,06:00,55.3,54.9,51.3,86.4,0.1,NE@3.2,4.6,80.8,0.0,125,"Coffin, Benton County",100037,Coffin,2017-12-13 04:56:59.611237
2012-08-09,06:15,58.4,58.3,53.8,84.5,0.03,NE@3.5,5.3,80.7,0.0,193,"Coffin, Benton County",100037,Coffin,2017-12-13 04:56:59.611237
2012-08-09,06:30,62.5,62.6,53.9,73.4,0.0,E@2.5,3.9,80.5,0.0,237,"Coffin, Benton County",100037,Coffin,2017-12-13 04:56:59.611237
2012-08-09,06:45,63.8,63.6,53.2,68.3,0.0,SE@3.2,4.2,80.4,0.0,230,"Coffin, Benton County",100037,Coffin,2017-12-13 04:56:59.611237
2012-08-09,07:00,64.8,64.6,52.8,65.0,0.0,E@4.1,5.3,80.2,0.0,324,"Coffin, Benton County",100037,Coffin,2017-12-13 04:56:59.611237
2012-08-09,07:15,65.4,65.1,51.3,60.3,0.0,SE@4.5,6.4,80.1,0.0,394,"Coffin, Benton County",100037,Coffin,2017-12-13 04:56:59.611237
2012-08-09,07:30,66.3,66.0,51.4,58.7,0.0,SE@5.1,7.1,79.9,0.0,429,"Coffin, Benton County",100037,Coffin,2017-12-13 04:56:59.611237
2012-08-09,07:45,66.5,66.2,51.6,58.8,0.0,SE@3.9,5.7,79.8,0.0,353,"Coffin, Benton County",100037,Coffin,2017-12-13 04:56:59.611237
2012-08-09,08:00,67.6,67.5,52.2,57.7,0.0,SE@3.5,4.9,79.7,0.0,509,"Coffin, Benton County",100037,Coffin,2017-12-13 04:56:59.611237
2012-08-09,08:15,69.4,69.1,52.8,55.6,0.0,SW@5.5,8.9,79.6,0.0,628,"Coffin, Benton County",100037,Coffin,2017-12-13 04:56:59.611237
2012-08-09,08:30,69.3,69.0,52.2,54.4,0.0,SW@5.4,9.6,79.5,0.0,655,"Coffin, Benton County",100037,Coffin,2017-12-13 04:56:59.611237
2012-08-09,08:45,68.6,68.4,52.2,55.8,0.0,SW@4.4,6.0,79.4,0.0,397,"Coffin, Benton County",100037,Coffin,2017-12-13 04:56:59.611237
2012-08-09,09:00,68.6,68.3,51.9,55.2,0.0,SW@3.1,5.7,79.4,0.0,328,"Coffin, Benton County",100037,Coffin,2017-12-13 04:56:59.611237
2012-08-09,09:15,68.8,68.7,52.0,55.0,0.0,SW@3.9,4.9,79.3,0.0,448,"Coffin, Benton County",100037,Coffin,2017-12-13 04:56:59.611237
2012-08-09,09:30,70.2,70.2,52.3,53.0,0.0,W@3.5,6.0,79.3,0.0,657,"Coffin, Benton County",100037,Coffin,2017-12-13 04:56:59.611237
2012-08-09,09:45,71.4,71.1,52.5,51.4,0.0,SW@3.8,6.7,79.3,0.0,704,"Coffin, Benton County",100037,Coffin,2017-12-13 04:56:59.611237
2012-08-09,10:00,72.9,72.7,53.2,49.8,0.0,SW@5.0,7.4,79.3,0.0,783,"Coffin, Benton County",100037,Coffin,2017-12-13 04:56:59.611237
2012-08-09,10:15,73.5,73.3,53.1,48.8,0.0,SW@4.2,6.4,79.3,0.0,798,"Coffin, Benton County",100037,Coffin,2017-12-13 04:56:59.611237
2012-08-09,10:30,74.6,74.5,52.9,46.7,0.0,SW@3.8,6.0,79.3,0.0,817,"Coffin, Benton County",100037,Coffin,2017-12-13 04:56:59.611237
2012-08-09,10:45,76.4,76.4,53.5,44.9,0.0,SW@3.3,6.0,79.3,0.0,836,"Coffin, Benton County",100037,Coffin,2017-12-13 04:56:59.611237
2012-08-09,11:00,78.1,78.0,53.8,43.0,0.0,SW@4.2,7.4,79.3,0.0,850,"Coffin, Benton County",100037,Coffin,2017-12-13 04:56:59.611237
2012-08-09,11:15,80.1,80.0,54.9,41.9,0.0,SW@3.4,7.1,79.4,0.0,859,"Coffin, Benton County",100037,Coffin,2017-12-13 04:56:59.611237
2012-08-09,11:30,81.6,81.5,54.9,39.8,0.0,S@4.7,7.8,79.4,0.0,871,"Coffin, Benton County",100037,Coffin,2017-12-13 04:56:59.611237
2012-08-09,11:45,83.3,83.3,52.3,34.3,0.0,SE@4.7,10.7,79.5,0.0,882,"Coffin, Benton County",100037,Coffin,2017-12-13 04:56:59.611237
2012-08-09,12:00,84.5,84.2,51.0,31.5,0.0,NE@5.4,13.2,79.6,0.0,897,"Coffin, Benton County",100037,Coffin,2017-12-13 04:56:59.611237
2012-08-09,12:15,84.7,84.5,50.2,30.3,0.0,E@5.0,8.5,79.7,0.0,817,"Coffin, Benton County",100037,Coffin,2017-12-13 04:56:59.611237
2012-08-09,12:30,83.9,83.6,50.9,32.0,0.0,E@6.8,11.0,79.8,0.0,584,"Coffin, Benton County",100037,Coffin,2017-12-13 04:56:59.611237
2012-08-09,12:45,84.5,84.4,49.3,29.6,0.0,E@7.1,11.0,80.0,0.0,846,"Coffin, Benton County",100037,Coffin,2017-12-13 04:56:59.611237
2012-08-09,13:00,85.6,85.5,48.8,28.0,0.0,E@5.8,9.2,80.1,0.0,877,"Coffin, Benton County",100037,Coffin,2017-12-13 04:56:59.611237
2012-08-09,13:15,85.6,85.2,46.5,25.6,0.0,E@4.8,9.6,80.3,0.0,655,"Coffin, Benton County",100037,Coffin,2017-12-13 04:56:59.611237
2012-08-09,13:30,85.1,85.1,46.5,26.0,0.0,E@4.5,7.1,80.5,0.0,718,"Coffin, Benton County",100037,Coffin,2017-12-13 04:56:59.611237
2012-08-09,13:45,85.8,85.5,46.7,25.7,0.0,NE@5.4,8.2,80.7,0.0,600,"Coffin, Benton County",100037,Coffin,2017-12-13 04:56:59.611237
2012-08-09,14:00,85.9,85.6,46.9,25.9,0.0,NE@4.7,7.8,80.9,0.0,464,"Coffin, Benton County",100037,Coffin,2017-12-13 04:56:59.611237
2012-08-09,14:15,85.3,85.0,48.6,28.0,0.0,NE@5.5,9.9,81.1,0.0,476,"Coffin, Benton County",100037,Coffin,2017-12-13 04:56:59.611237
2012-08-09,14:30,85.8,85.6,48.1,27.0,0.0,E@6.1,9.6,81.4,0.0,595,"Coffin, Benton County",100037,Coffin,2017-12-13 04:56:59.611237
2012-08-09,14:45,84.9,84.7,48.0,27.7,0.0,E@5.6,8.5,81.6,0.0,496,"Coffin, Benton County",100037,Coffin,2017-12-13 04:56:59.611237
2012-08-09,15:00,85.7,85.4,45.6,24.8,0.0,NE@5.6,8.2,81.8,0.0,378,"Coffin, Benton County",100037,Coffin,2017-12-13 04:56:59.611237
2012-08-09,15:15,83.7,83.4,48.8,29.7,0.0,NE@4.8,7.4,82.0,0.0,273,"Coffin, Benton County",100037,Coffin,2017-12-13 04:56:59.611237
2012-08-09,15:30,82.0,81.7,51.3,34.4,0.0,NE@5.3,7.1,82.2,0.0,203,"Coffin, Benton County",100037,Coffin,2017-12-13 04:56:59.611237
2012-08-09,15:45,80.9,80.7,50.7,35.0,0.0,NE@5.6,7.4,82.4,0.0,197,"Coffin, Benton County",100037,Coffin,2017-12-13 04:56:59.611237
2012-08-09,16:00,80.9,80.8,51.4,35.9,0.0,NE@5.5,7.8,82.6,0.0,269,"Coffin, Benton County",100037,Coffin,2017-12-13 04:56:59.611237
2012-08-09,16:15,84.3,84.4,48.7,29.0,0.0,NE@7.0,9.9,82.8,0.0,558,"Coffin, Benton County",100037,Coffin,2017-12-13 04:56:59.611237
2012-08-09,16:30,86.7,86.4,47.3,25.6,0.0,NE@8.2,15.0,82.9,0.0,596,"Coffin, Benton County",100037,Coffin,2017-12-13 04:56:59.611237
2012-08-09,16:45,86.0,85.6,47.6,26.5,0.0,NE@8.6,12.4,83.1,0.0,458,"Coffin, Benton County",100037,Coffin,2017-12-13 04:56:59.611237
2012-08-09,17:00,85.1,84.8,47.6,27.2,0.0,NE@9.0,13.2,83.2,0.0,370,"Coffin, Benton County",100037,Coffin,2017-12-13 04:56:59.611237
2012-08-09,17:15,84.5,84.3,47.3,27.4,0.0,NE@7.4,10.3,83.3,0.0,315,"Coffin, Benton County",100037,Coffin,2017-12-13 04:56:59.611237
2012-08-09,17:30,83.7,83.4,48.0,28.9,0.0,NE@7.5,10.7,83.4,0.0,267,"Coffin, Benton County",100037,Coffin,2017-12-13 04:56:59.611237
2012-08-09,17:45,82.9,82.6,48.6,30.4,0.0,NE@6.3,9.9,83.5,0.0,222,"Coffin, Benton County",100037,Coffin,2017-12-13 04:56:59.611237
2012-08-09,18:00,82.1,81.8,48.4,30.9,0.0,NE@5.5,9.9,83.6,0.0,180,"Coffin, Benton County",100037,Coffin,2017-12-13 04:56:59.611237
2012-08-09,18:15,80.8,80.1,50.6,35.0,0.0,NE@3.9,5.7,83.7,0.0,142,"Coffin, Benton County",100037,Coffin,2017-12-13 04:56:59.611237
2012-08-09,18:30,79.8,79.4,50.5,35.9,0.0,N@3.0,4.6,83.7,0.0,103,"Coffin, Benton County",100037,Coffin,2017-12-13 04:56:59.611237
2012-08-09,18:45,77.0,76.1,53.2,43.6,0.0,NE@2.8,3.9,83.8,0.0,65,"Coffin, Benton County",100037,Coffin,2017-12-13 04:56:59.611237
2012-08-09,19:00,71.5,71.2,54.0,53.9,0.0,NE@4.3,5.3,83.9,0.0,34,"Coffin, Benton County",100037,Coffin,2017-12-13 04:56:59.611237
2012-08-09,19:15,68.8,68.0,53.1,57.4,0.0,NE@5.4,6.7,84.0,0.0,13,"Coffin, Benton County",100037,Coffin,2017-12-13 04:56:59.611237
2012-08-09,19:30,66.9,66.6,51.4,57.4,0.0,NE@5.7,6.7,84.0,0.0,3,"Coffin, Benton County",100037,Coffin,2017-12-13 04:56:59.611237
2012-08-09,19:45,63.7,63.3,51.7,64.9,0.0,NE@6.1,8.2,84.1,0.0,0,"Coffin, Benton County",100037,Coffin,2017-12-13 04:56:59.611237
2012-08-09,20:00,63.0,63.0,50.2,62.8,0.0,NE@6.8,8.9,84.1,0.0,0,"Coffin, Benton County",100037,Coffin,2017-12-13 04:56:59.611237
2012-08-09,20:15,64.3,64.2,47.6,54.5,0.0,NE@7.8,9.6,84.1,0.0,0,"Coffin, Benton County",100037,Coffin,2017-12-13 04:56:59.611237
2012-08-09,20:30,63.9,63.8,48.4,57.0,0.0,NE@7.6,8.9,84.1,0.0,0,"Coffin, Benton County",100037,Coffin,2017-12-13 04:56:59.611237
2012-08-09,20:45,63.5,63.4,48.1,57.2,0.0,NE@7.7,8.9,84.1,0.0,0,"Coffin, Benton County",100037,Coffin,2017-12-13 04:56:59.611237
2012-08-09,21:00,63.3,63.1,47.7,56.7,0.0,NE@7.9,8.9,84.0,0.0,0,"Coffin, Benton County",100037,Coffin,2017-12-13 04:56:59.611237
2012-08-09,21:15,63.2,63.1,47.3,56.0,0.0,NE@7.7,9.2,84.0,0.0,0,"Coffin, Benton County",100037,Coffin,2017-12-13 04:56:59.611237
2012-08-09,21:30,62.8,63.0,47.7,57.6,0.0,N@6.4,8.9,83.9,0.0,0,"Coffin, Benton County",100037,Coffin,2017-12-13 04:56:59.611237
2012-08-09,21:45,67.5,67.8,45.9,45.8,0.0,N@6.3,7.8,83.9,0.0,0,"Coffin, Benton County",100037,Coffin,2017-12-13 04:56:59.611237
2012-08-09,22:00,66.8,66.7,46.4,47.8,0.0,N@6.5,8.2,83.8,0.0,0,"Coffin, Benton County",100037,Coffin,2017-12-13 04:56:59.611237
2012-08-09,22:15,66.8,66.7,47.8,50.4,0.0,N@6.3,7.8,83.7,0.0,0,"Coffin, Benton County",100037,Coffin,2017-12-13 04:56:59.611237
2012-08-09,22:30,66.6,66.6,48.0,51.2,0.0,N@6.1,7.8,83.6,0.0,0,"Coffin, Benton County",100037,Coffin,2017-12-13 04:56:59.611237
2012-08-09,22:45,64.2,63.7,49.4,58.4,0.0,NE@6.3,7.8,83.5,0.0,0,"Coffin, Benton County",100037,Coffin,2017-12-13 04:56:59.611237
2012-08-09,23:00,61.9,61.6,49.9,64.8,0.0,NE@6.4,7.8,83.4,0.0,0,"Coffin, Benton County",100037,Coffin,2017-12-13 04:56:59.611237
2012-08-10,23:15,61.3,61.1,49.8,65.8,0.0,NE@6.2,7.4,83.3,0.0,0,"Coffin, Benton County",100037,Coffin,2017-12-13 04:56:59.611237
2012-08-10,23:30,62.6,62.7,49.3,61.5,0.0,NW@3.1,6.0,83.2,0.0,0,"Coffin, Benton County",100037,Coffin,2017-12-13 04:56:59.611237
2012-08-10,23:45,62.1,61.6,49.4,63.1,0.0,NE@4.4,6.0,83.1,0.0,0,"Coffin, Benton County",100037,Coffin,2017-12-13 04:56:59.611237
2012-08-10,24:00,57.8,57.1,50.3,76.1,0.0,NE@4.4,5.3,83.0,0.0,0,"Coffin, Benton County",100037,Coffin,2017-12-13 04:56:59.611237
