Date,Time PST,Air Temp °F, 2<sup>nd</sup> Air Temp °F, Dew Point °F, Rel Hum %, Leaf Wet u., Wind Dir @ Speed mph, Wind Gust mph, 8 in. Soil Tmp °F, Tot Prec in, Solar Rad W/m²,Location,Station ID,Station Name,Download Timestamp
2013-12-06,00:15,14.2,14.3,4.8,72.2,0.0,W@4.0,6.7,39.0,0.0,0,"Finley, Benton County",100113,Finley,2017-12-13 01:47:47.413448
2013-12-06,00:30,13.9,14.0,4.7,72.9,0.0,W@4.3,6.4,39.0,0.0,0,"Finley, Benton County",100113,Finley,2017-12-13 01:47:47.413448
2013-12-06,00:45,14.0,14.1,4.9,73.1,0.0,W@4.5,7.4,39.0,0.0,0,"Finley, Benton County",100113,Finley,2017-12-13 01:47:47.413448
2013-12-06,01:00,13.9,14.0,4.7,72.7,0.0,W@4.1,6.4,39.0,0.0,0,"Finley, Benton County",100113,Finley,2017-12-13 01:47:47.413448
2013-12-06,01:15,14.3,14.4,4.7,71.6,0.0,W@4.4,6.0,39.0,0.0,0,"Finley, Benton County",100113,Finley,2017-12-13 01:47:47.413448
2013-12-06,01:30,14.0,14.0,4.4,71.7,0.0,W@3.3,5.3,38.9,0.0,0,"Finley, Benton County",100113,Finley,2017-12-13 01:47:47.413448
2013-12-06,01:45,13.7,13.7,4.4,72.4,0.0,W@3.0,4.6,38.9,0.0,0,"Finley, Benton County",100113,Finley,2017-12-13 01:47:47.413448
2013-12-06,02:00,13.8,13.8,4.5,72.8,0.0,W@3.1,4.9,38.9,0.0,0,"Finley, Benton County",100113,Finley,2017-12-13 01:47:47.413448
2013-12-06,02:15,14.0,14.0,5.0,73.8,0.0,W@3.1,4.9,38.9,0.0,0,"Finley, Benton County",100113,Finley,2017-12-13 01:47:47.413448
2013-12-06,02:30,13.8,13.8,4.9,74.1,0.0,W@3.3,4.9,38.9,0.0,0,"Finley, Benton County",100113,Finley,2017-12-13 01:47:47.413448
2013-12-06,02:45,13.5,13.6,4.6,74.0,0.0,W@3.8,5.3,38.8,0.0,0,"Finley, Benton County",100113,Finley,2017-12-13 01:47:47.413448
2013-12-06,03:00,13.0,13.0,3.9,73.4,0.0,W@4.1,6.4,38.8,0.0,0,"Finley, Benton County",100113,Finley,2017-12-13 01:47:47.413448
2013-12-06,03:15,12.9,13.0,3.8,73.2,0.0,W@3.8,5.7,38.8,0.0,0,"Finley, Benton County",100113,Finley,2017-12-13 01:47:47.413448
2013-12-06,03:30,12.9,13.0,3.5,72.2,0.0,W@3.7,7.1,38.8,0.0,0,"Finley, Benton County",100113,Finley,2017-12-13 01:47:47.413448
2013-12-06,03:45,12.7,12.8,3.1,71.8,0.0,W@2.4,7.4,38.7,0.0,0,"Finley, Benton County",100113,Finley,2017-12-13 01:47:47.413448
2013-12-06,04:00,12.8,12.9,3.1,71.6,0.0,N@0.0,0.0,38.7,0.0,0,"Finley, Benton County",100113,Finley,2017-12-13 01:47:47.413448
2013-12-06,04:15,13.0,13.0,3.2,71.1,0.0,N@0.0,0.0,38.7,0.0,0,"Finley, Benton County",100113,Finley,2017-12-13 01:47:47.413448
2013-12-06,04:30,13.3,13.4,3.3,70.5,0.0,N@0.0,0.0,38.7,0.0,0,"Finley, Benton County",100113,Finley,2017-12-13 01:47:47.413448
2013-12-06,04:45,13.1,13.0,3.0,70.1,0.0,N@0.0,0.0,38.7,0.0,0,"Finley, Benton County",100113,Finley,2017-12-13 01:47:47.413448
2013-12-06,05:00,12.7,12.7,3.2,72.2,0.0,N@0.0,0.0,38.6,0.0,0,"Finley, Benton County",100113,Finley,2017-12-13 01:47:47.413448
2013-12-06,05:15,12.7,12.6,3.9,74.5,0.0,N@0.0,0.0,38.6,0.0,0,"Finley, Benton County",100113,Finley,2017-12-13 01:47:47.413448
2013-12-06,05:30,12.7,12.7,3.8,74.2,0.0,N@0.0,0.0,38.6,0.0,0,"Finley, Benton County",100113,Finley,2017-12-13 01:47:47.413448
2013-12-06,05:45,12.1,12.0,3.6,75.6,0.01,N@0.0,0.0,38.6,0.0,0,"Finley, Benton County",100113,Finley,2017-12-13 01:47:47.413448
2013-12-06,06:00,11.2,10.9,3.2,77.8,0.01,N@0.0,0.0,38.5,0.0,0,"Finley, Benton County",100113,Finley,2017-12-13 01:47:47.413448
2013-12-06,06:15,10.8,10.7,3.2,79.1,0.01,N@0.0,0.0,38.5,0.0,0,"Finley, Benton County",100113,Finley,2017-12-13 01:47:47.413448
2013-12-06,06:30,11.4,11.3,3.8,79.2,0.01,N@0.0,0.0,38.5,0.0,0,"Finley, Benton County",100113,Finley,2017-12-13 01:47:47.413448
2013-12-06,06:45,11.3,11.3,3.6,78.6,0.01,N@0.0,0.0,38.5,0.0,0,"Finley, Benton County",100113,Finley,2017-12-13 01:47:47.413448
2013-12-06,07:00,11.1,10.9,3.5,79.0,0.01,N@0.0,0.0,38.4,0.0,0,"Finley, Benton County",100113,Finley,2017-12-13 01:47:47.413448
2013-12-06,07:15,10.6,10.4,3.0,78.9,0.01,N@0.0,0.0,38.4,0.0,0,"Finley, Benton County",100113,Finley,2017-12-13 01:47:47.413448
2013-12-06,07:30,10.6,10.6,3.0,79.2,0.01,N@0.0,0.0,38.4,0.0,3,"Finley, Benton County",100113,Finley,2017-12-13 01:47:47.413448
2013-12-06,07:45,11.4,11.4,3.7,78.6,0.01,N@0.0,0.0,38.4,0.0,10,"Finley, Benton County",100113,Finley,2017-12-13 01:47:47.413448
2013-12-06,08:00,11.6,11.6,3.8,78.3,0.01,N@0.0,0.0,38.4,0.0,18,"Finley, Benton County",100113,Finley,2017-12-13 01:47:47.413448
2013-12-06,08:15,12.0,12.1,4.2,78.2,0.0,N@0.0,0.0,38.3,0.0,20,"Finley, Benton County",100113,Finley,2017-12-13 01:47:47.413448
2013-12-06,08:30,12.6,12.6,4.5,77.0,0.0,N@0.0,0.0,38.3,0.0,51,"Finley, Benton County",100113,Finley,2017-12-13 01:47:47.413448
2013-12-06,08:45,13.2,13.3,5.0,76.4,0.0,NW@1.8,6.4,38.3,0.0,78,"Finley, Benton County",100113,Finley,2017-12-13 01:47:47.413448
2013-12-06,09:00,13.5,13.6,5.5,77.0,0.0,NW@4.4,6.4,38.3,0.0,87,"Finley, Benton County",100113,Finley,2017-12-13 01:47:47.413448
2013-12-06,09:15,13.9,14.0,6.1,77.6,0.0,NW@4.8,7.4,38.2,0.0,124,"Finley, Benton County",100113,Finley,2017-12-13 01:47:47.413448
2013-12-06,09:30,14.5,14.6,6.6,77.2,0.0,NW@4.8,7.1,38.2,0.0,180,"Finley, Benton County",100113,Finley,2017-12-13 01:47:47.413448
2013-12-06,09:45,15.4,15.5,6.9,75.0,0.0,NW@4.2,6.7,38.2,0.0,228,"Finley, Benton County",100113,Finley,2017-12-13 01:47:47.413448
2013-12-06,10:00,16.1,16.4,7.2,73.5,0.0,NW@4.7,7.1,38.2,0.0,273,"Finley, Benton County",100113,Finley,2017-12-13 01:47:47.413448
2013-12-06,10:15,16.8,17.0,7.4,71.9,0.0,NW@4.6,7.4,38.2,0.0,291,"Finley, Benton County",100113,Finley,2017-12-13 01:47:47.413448
2013-12-06,10:30,18.3,18.6,8.0,69.0,0.0,NW@4.9,7.4,38.1,0.0,356,"Finley, Benton County",100113,Finley,2017-12-13 01:47:47.413448
2013-12-06,10:45,19.2,19.2,7.7,64.9,0.0,N@6.2,9.2,38.1,0.0,319,"Finley, Benton County",100113,Finley,2017-12-13 01:47:47.413448
2013-12-06,11:00,19.0,19.1,7.0,63.6,0.0,N@6.9,10.7,38.1,0.0,305,"Finley, Benton County",100113,Finley,2017-12-13 01:47:47.413448
2013-12-06,11:15,18.4,18.5,6.8,64.8,0.0,N@6.6,9.6,38.1,0.0,173,"Finley, Benton County",100113,Finley,2017-12-13 01:47:47.413448
2013-12-06,11:30,18.1,18.2,6.8,65.6,0.0,N@6.4,9.9,38.1,0.0,205,"Finley, Benton County",100113,Finley,2017-12-13 01:47:47.413448
2013-12-06,11:45,18.8,19.1,7.0,64.3,0.0,N@5.4,8.9,38.1,0.0,269,"Finley, Benton County",100113,Finley,2017-12-13 01:47:47.413448
2013-12-06,12:00,19.5,19.6,7.3,63.0,0.0,N@6.2,10.3,38.0,0.0,267,"Finley, Benton County",100113,Finley,2017-12-13 01:47:47.413448
2013-12-06,12:15,20.2,20.3,7.6,61.9,0.0,N@6.2,10.3,38.0,0.0,250,"Finley, Benton County",100113,Finley,2017-12-13 01:47:47.413448
2013-12-06,12:30,20.0,20.1,7.4,61.9,0.0,N@6.5,9.9,38.0,0.0,212,"Finley, Benton County",100113,Finley,2017-12-13 01:47:47.413448
2013-12-06,12:45,20.2,20.3,7.6,61.9,0.0,NW@6.2,9.2,38.0,0.0,188,"Finley, Benton County",100113,Finley,2017-12-13 01:47:47.413448
2013-12-06,13:00,20.8,20.9,8.3,62.0,0.0,N@5.9,8.9,38.0,0.0,175,"Finley, Benton County",100113,Finley,2017-12-13 01:47:47.413448
2013-12-06,13:15,20.7,20.9,8.4,62.6,0.0,N@5.3,8.2,38.0,0.0,153,"Finley, Benton County",100113,Finley,2017-12-13 01:47:47.413448
2013-12-06,13:30,20.9,21.0,8.5,62.1,0.0,N@5.0,7.8,38.0,0.0,133,"Finley, Benton County",100113,Finley,2017-12-13 01:47:47.413448
2013-12-06,13:45,21.2,21.3,8.6,61.6,0.0,N@3.6,7.1,38.0,0.0,111,"Finley, Benton County",100113,Finley,2017-12-13 01:47:47.413448
2013-12-06,14:00,21.6,21.7,8.8,60.9,0.0,N@3.7,6.4,38.0,0.0,94,"Finley, Benton County",100113,Finley,2017-12-13 01:47:47.413448
2013-12-06,14:15,22.1,22.2,9.0,60.1,0.0,N@4.0,6.4,38.0,0.0,85,"Finley, Benton County",100113,Finley,2017-12-13 01:47:47.413448
2013-12-06,14:30,22.6,22.6,9.0,58.8,0.0,N@3.5,5.3,38.0,0.0,73,"Finley, Benton County",100113,Finley,2017-12-13 01:47:47.413448
2013-12-06,14:45,22.8,22.9,8.9,57.8,0.0,N@4.1,6.4,38.1,0.0,64,"Finley, Benton County",100113,Finley,2017-12-13 01:47:47.413448
2013-12-06,15:00,23.0,23.0,8.9,57.3,0.0,NE@3.0,4.2,38.1,0.0,60,"Finley, Benton County",100113,Finley,2017-12-13 01:47:47.413448
2013-12-06,15:15,23.3,23.2,8.9,56.6,0.0,NE@2.4,3.9,38.1,0.0,57,"Finley, Benton County",100113,Finley,2017-12-13 01:47:47.413448
2013-12-06,15:30,23.4,23.3,9.0,56.6,0.0,E@2.1,3.5,38.1,0.0,42,"Finley, Benton County",100113,Finley,2017-12-13 01:47:47.413448
2013-12-06,15:45,23.3,23.1,9.2,57.4,0.0,SE@0.5,2.1,38.1,0.0,25,"Finley, Benton County",100113,Finley,2017-12-13 01:47:47.413448
2013-12-06,16:00,23.1,22.9,9.3,58.3,0.0,S@0.4,1.7,38.1,0.0,13,"Finley, Benton County",100113,Finley,2017-12-13 01:47:47.413448
2013-12-06,16:15,22.7,22.5,9.7,60.2,0.0,W@0.4,1.7,38.1,0.0,5,"Finley, Benton County",100113,Finley,2017-12-13 01:47:47.413448
2013-12-06,16:30,22.3,22.1,10.2,62.9,0.0,SW@1.7,2.4,38.1,0.0,0,"Finley, Benton County",100113,Finley,2017-12-13 01:47:47.413448
2013-12-06,16:45,21.8,21.7,10.2,64.4,0.0,SW@1.9,3.5,38.1,0.0,0,"Finley, Benton County",100113,Finley,2017-12-13 01:47:47.413448
2013-12-06,17:00,23.2,23.4,10.4,60.6,0.0,N@4.0,8.2,38.1,0.0,0,"Finley, Benton County",100113,Finley,2017-12-13 01:47:47.413448
2013-12-06,17:15,24.6,24.8,11.3,59.0,0.0,N@7.4,11.4,38.2,0.0,0,"Finley, Benton County",100113,Finley,2017-12-13 01:47:47.413448
2013-12-06,17:30,24.8,24.9,11.5,59.0,0.0,N@7.0,11.7,38.2,0.0,0,"Finley, Benton County",100113,Finley,2017-12-13 01:47:47.413448
2013-12-06,17:45,24.7,24.8,11.7,59.8,0.0,N@4.9,9.2,38.2,0.0,0,"Finley, Benton County",100113,Finley,2017-12-13 01:47:47.413448
2013-12-06,18:00,24.5,24.6,10.8,58.0,0.0,N@4.9,8.9,38.2,0.0,0,"Finley, Benton County",100113,Finley,2017-12-13 01:47:47.413448
2013-12-06,18:15,24.3,24.4,8.5,52.9,0.0,N@6.5,9.6,38.2,0.0,0,"Finley, Benton County",100113,Finley,2017-12-13 01:47:47.413448
2013-12-06,18:30,24.2,24.3,7.9,51.8,0.0,N@6.9,10.7,38.2,0.0,0,"Finley, Benton County",100113,Finley,2017-12-13 01:47:47.413448
2013-12-06,18:45,24.1,24.2,6.0,47.7,0.0,N@7.7,11.4,38.2,0.0,0,"Finley, Benton County",100113,Finley,2017-12-13 01:47:47.413448
2013-12-06,19:00,24.0,24.1,5.5,46.9,0.0,N@6.5,9.9,38.2,0.0,0,"Finley, Benton County",100113,Finley,2017-12-13 01:47:47.413448
2013-12-06,19:15,23.9,24.0,4.7,45.4,0.0,N@7.0,11.0,38.2,0.0,0,"Finley, Benton County",100113,Finley,2017-12-13 01:47:47.413448
2013-12-06,19:30,23.9,24.0,3.8,43.6,0.0,NW@7.3,10.3,38.2,0.0,0,"Finley, Benton County",100113,Finley,2017-12-13 01:47:47.413448
2013-12-06,19:45,23.8,23.9,3.0,42.1,0.0,NW@7.5,11.7,38.3,0.0,0,"Finley, Benton County",100113,Finley,2017-12-13 01:47:47.413448
2013-12-06,20:00,23.5,23.6,2.3,41.3,0.0,NW@7.6,13.2,38.3,0.0,0,"Finley, Benton County",100113,Finley,2017-12-13 01:47:47.413448
2013-12-06,20:15,23.2,23.4,1.6,40.5,0.0,NW@8.8,14.6,38.3,0.0,0,"Finley, Benton County",100113,Finley,2017-12-13 01:47:47.413448
2013-12-06,20:30,23.0,23.1,1.3,40.4,0.0,NW@7.7,11.4,38.3,0.0,0,"Finley, Benton County",100113,Finley,2017-12-13 01:47:47.413448
2013-12-06,20:45,22.8,22.9,1.2,40.6,0.0,NW@7.0,10.7,38.3,0.0,0,"Finley, Benton County",100113,Finley,2017-12-13 01:47:47.413448
2013-12-06,21:00,22.6,22.7,0.9,40.4,0.0,N@7.6,11.0,38.3,0.0,0,"Finley, Benton County",100113,Finley,2017-12-13 01:47:47.413448
2013-12-06,21:15,22.4,22.4,0.4,39.9,0.0,N@8.0,12.1,38.3,0.0,0,"Finley, Benton County",100113,Finley,2017-12-13 01:47:47.413448
2013-12-06,21:30,21.8,21.9,0.1,40.4,0.0,NW@7.9,11.4,38.3,0.0,0,"Finley, Benton County",100113,Finley,2017-12-13 01:47:47.413448
2013-12-06,21:45,21.3,21.4,-0.5,40.2,0.0,NW@8.7,12.4,38.3,0.0,0,"Finley, Benton County",100113,Finley,2017-12-13 01:47:47.413448
2013-12-06,22:00,21.0,21.1,-1.2,39.7,0.0,NW@9.1,13.9,38.3,0.0,0,"Finley, Benton County",100113,Finley,2017-12-13 01:47:47.413448
2013-12-06,22:15,20.6,20.7,-1.8,39.3,0.0,NW@9.7,15.0,38.3,0.0,0,"Finley, Benton County",100113,Finley,2017-12-13 01:47:47.413448
2013-12-06,22:30,20.3,20.4,-2.1,39.1,0.0,NW@9.8,13.9,38.3,0.0,0,"Finley, Benton County",100113,Finley,2017-12-13 01:47:47.413448
2013-12-06,22:45,20.0,20.1,-2.6,38.8,0.0,NW@10.2,14.6,38.3,0.0,0,"Finley, Benton County",100113,Finley,2017-12-13 01:47:47.413448
2013-12-06,23:00,19.7,19.8,-3.1,38.4,0.0,NW@10.2,17.1,38.3,0.0,0,"Finley, Benton County",100113,Finley,2017-12-13 01:47:47.413448
2013-12-06,23:15,19.5,19.6,-3.6,37.8,0.0,N@10.0,15.7,38.3,0.0,0,"Finley, Benton County",100113,Finley,2017-12-13 01:47:47.413448
2013-12-06,23:30,19.2,19.3,-4.1,37.4,0.0,N@10.9,16.0,38.3,0.0,0,"Finley, Benton County",100113,Finley,2017-12-13 01:47:47.413448
2013-12-06,23:45,19.0,19.1,-4.5,37.1,0.0,N@10.2,15.0,38.3,0.0,0,"Finley, Benton County",100113,Finley,2017-12-13 01:47:47.413448
2013-12-06,24:00,18.7,18.8,-5.1,36.7,0.0,N@10.7,15.3,38.3,0.0,0,"Finley, Benton County",100113,Finley,2017-12-13 01:47:47.413448
2013-12-07,00:15,18.4,18.5,-5.6,36.3,0.0,N@10.9,16.0,38.3,0.0,0,"Finley, Benton County",100113,Finley,2017-12-13 01:47:47.413448
2013-12-07,00:30,18.1,18.2,-6.1,35.9,0.0,N@11.1,17.1,38.3,0.0,0,"Finley, Benton County",100113,Finley,2017-12-13 01:47:47.413448
2013-12-07,00:45,17.9,18.0,-6.5,35.6,0.0,N@11.4,18.5,38.3,0.0,0,"Finley, Benton County",100113,Finley,2017-12-13 01:47:47.413448
2013-12-07,01:00,17.8,17.9,-6.5,35.7,0.0,NW@9.5,15.7,38.3,0.0,0,"Finley, Benton County",100113,Finley,2017-12-13 01:47:47.413448
2013-12-07,01:15,17.4,17.5,-6.5,36.3,0.0,NW@9.3,13.5,38.3,0.0,0,"Finley, Benton County",100113,Finley,2017-12-13 01:47:47.413448
2013-12-07,01:30,16.9,17.0,-7.1,36.2,0.0,NW@10.8,17.8,38.3,0.0,0,"Finley, Benton County",100113,Finley,2017-12-13 01:47:47.413448
2013-12-07,01:45,16.5,16.5,-7.6,36.1,0.0,NW@11.8,17.1,38.3,0.0,0,"Finley, Benton County",100113,Finley,2017-12-13 01:47:47.413448
2013-12-07,02:00,16.1,16.2,-7.9,36.0,0.0,NW@12.1,17.1,38.3,0.0,0,"Finley, Benton County",100113,Finley,2017-12-13 01:47:47.413448
2013-12-07,02:15,15.9,16.1,-8.2,35.9,0.0,NW@11.5,16.4,38.3,0.0,0,"Finley, Benton County",100113,Finley,2017-12-13 01:47:47.413448
2013-12-07,02:30,15.7,15.9,-8.6,35.5,0.0,NW@12.2,17.8,38.3,0.0,0,"Finley, Benton County",100113,Finley,2017-12-13 01:47:47.413448
2013-12-07,02:45,15.6,15.7,-8.8,35.4,0.0,N@11.1,16.0,38.3,0.0,0,"Finley, Benton County",100113,Finley,2017-12-13 01:47:47.413448
2013-12-07,03:00,15.5,15.6,-9.2,34.9,0.0,NW@12.1,17.8,38.3,0.0,0,"Finley, Benton County",100113,Finley,2017-12-13 01:47:47.413448
2013-12-07,03:15,15.3,15.4,-9.5,34.7,0.0,N@12.1,20.7,38.3,0.0,0,"Finley, Benton County",100113,Finley,2017-12-13 01:47:47.413448
2013-12-07,03:30,15.1,15.2,-10.0,34.1,0.0,N@12.7,17.8,38.2,0.0,0,"Finley, Benton County",100113,Finley,2017-12-13 01:47:47.413448
2013-12-07,03:45,15.0,15.1,-10.1,34.1,0.0,N@12.0,17.8,38.2,0.0,0,"Finley, Benton County",100113,Finley,2017-12-13 01:47:47.413448
2013-12-07,04:00,14.9,15.0,-10.3,34.0,0.0,N@11.7,18.5,38.2,0.0,0,"Finley, Benton County",100113,Finley,2017-12-13 01:47:47.413448
2013-12-07,04:15,14.7,14.8,-10.5,34.0,0.0,N@11.3,16.0,38.2,0.0,0,"Finley, Benton County",100113,Finley,2017-12-13 01:47:47.413448
2013-12-07,04:30,14.5,14.6,-10.8,33.9,0.0,NW@10.6,16.4,38.2,0.0,0,"Finley, Benton County",100113,Finley,2017-12-13 01:47:47.413448
2013-12-07,04:45,14.1,14.2,-10.9,34.4,0.0,NW@9.6,17.1,38.2,0.0,0,"Finley, Benton County",100113,Finley,2017-12-13 01:47:47.413448
2013-12-07,05:00,13.6,13.6,-11.1,34.8,0.0,NW@9.3,13.9,38.2,0.0,0,"Finley, Benton County",100113,Finley,2017-12-13 01:47:47.413448
2013-12-07,05:15,13.1,13.2,-11.4,35.0,0.0,NW@9.6,15.3,38.2,0.0,0,"Finley, Benton County",100113,Finley,2017-12-13 01:47:47.413448
2013-12-07,05:30,13.0,13.1,-11.7,34.9,0.0,NW@9.8,15.0,38.1,0.0,0,"Finley, Benton County",100113,Finley,2017-12-13 01:47:47.413448
2013-12-07,05:45,12.8,12.8,-11.8,35.0,0.0,NW@9.5,15.0,38.1,0.0,0,"Finley, Benton County",100113,Finley,2017-12-13 01:47:47.413448
2013-12-07,06:00,12.4,12.5,-11.8,35.6,0.0,NW@7.9,13.5,38.1,0.0,0,"Finley, Benton County",100113,Finley,2017-12-13 01:47:47.413448
2013-12-07,06:15,12.3,12.4,-11.8,35.8,0.0,NW@8.9,13.5,38.1,0.0,0,"Finley, Benton County",100113,Finley,2017-12-13 01:47:47.413448
2013-12-07,06:30,12.1,12.2,-11.7,36.3,0.0,NW@8.4,13.9,38.1,0.0,0,"Finley, Benton County",100113,Finley,2017-12-13 01:47:47.413448
2013-12-07,06:45,11.9,12.0,-11.5,36.9,0.0,NW@8.2,16.0,38.1,0.0,0,"Finley, Benton County",100113,Finley,2017-12-13 01:47:47.413448
2013-12-07,07:00,11.9,12.0,-11.6,36.8,0.0,NW@8.4,13.2,38.1,0.0,0,"Finley, Benton County",100113,Finley,2017-12-13 01:47:47.413448
2013-12-07,07:15,11.8,11.8,-11.5,37.2,0.0,NW@7.4,12.4,38.0,0.0,0,"Finley, Benton County",100113,Finley,2017-12-13 01:47:47.413448
2013-12-07,07:30,11.6,11.7,-11.4,37.8,0.0,NW@7.2,14.2,38.0,0.0,4,"Finley, Benton County",100113,Finley,2017-12-13 01:47:47.413448
2013-12-07,07:45,11.7,11.8,-11.1,38.1,0.0,NW@8.0,12.8,38.0,0.0,17,"Finley, Benton County",100113,Finley,2017-12-13 01:47:47.413448
2013-12-07,08:00,12.1,12.2,-10.9,37.8,0.0,NW@7.3,11.0,38.0,0.0,50,"Finley, Benton County",100113,Finley,2017-12-13 01:47:47.413448
2013-12-07,08:15,12.6,12.7,-10.4,37.8,0.0,N@7.2,13.5,38.0,0.0,81,"Finley, Benton County",100113,Finley,2017-12-13 01:47:47.413448
2013-12-07,08:30,13.2,13.3,-10.4,36.8,0.0,N@8.3,15.7,37.9,0.0,112,"Finley, Benton County",100113,Finley,2017-12-13 01:47:47.413448
2013-12-07,08:45,13.7,13.8,-10.2,36.2,0.0,N@7.9,14.6,37.9,0.0,144,"Finley, Benton County",100113,Finley,2017-12-13 01:47:47.413448
2013-12-07,09:00,14.1,14.2,-10.3,35.3,0.0,N@8.6,13.5,37.9,0.0,173,"Finley, Benton County",100113,Finley,2017-12-13 01:47:47.413448
2013-12-07,09:15,14.7,14.5,-10.1,34.8,0.0,N@8.8,12.4,37.9,0.0,206,"Finley, Benton County",100113,Finley,2017-12-13 01:47:47.413448
2013-12-07,09:30,15.2,15.1,-10.2,33.6,0.0,N@8.8,15.0,37.8,0.0,235,"Finley, Benton County",100113,Finley,2017-12-13 01:47:47.413448
2013-12-07,09:45,15.5,15.3,-10.9,32.0,0.0,N@10.2,14.2,37.8,0.0,263,"Finley, Benton County",100113,Finley,2017-12-13 01:47:47.413448
2013-12-07,10:00,15.8,15.6,-10.8,31.8,0.0,N@10.1,14.2,37.8,0.0,289,"Finley, Benton County",100113,Finley,2017-12-13 01:47:47.413448
2013-12-07,10:15,16.4,16.3,-10.4,31.6,0.0,N@9.0,13.2,37.7,0.0,311,"Finley, Benton County",100113,Finley,2017-12-13 01:47:47.413448
2013-12-07,10:30,17.0,16.8,-10.2,30.9,0.0,N@8.6,13.2,37.7,0.0,332,"Finley, Benton County",100113,Finley,2017-12-13 01:47:47.413448
2013-12-07,10:45,17.2,17.2,-10.4,30.4,0.0,N@8.2,12.1,37.7,0.0,348,"Finley, Benton County",100113,Finley,2017-12-13 01:47:47.413448
2013-12-07,11:00,17.4,17.2,-10.6,29.7,0.0,N@8.3,12.1,37.7,0.0,362,"Finley, Benton County",100113,Finley,2017-12-13 01:47:47.413448
2013-12-07,11:15,17.9,18.1,-10.3,29.5,0.0,N@7.3,11.4,37.6,0.0,373,"Finley, Benton County",100113,Finley,2017-12-13 01:47:47.413448
2013-12-07,11:30,18.4,18.4,-10.2,28.9,0.0,N@6.4,11.4,37.6,0.0,382,"Finley, Benton County",100113,Finley,2017-12-13 01:47:47.413448
2013-12-07,11:45,18.9,18.6,-10.2,28.2,0.0,N@7.4,11.7,37.6,0.0,387,"Finley, Benton County",100113,Finley,2017-12-13 01:47:47.413448
2013-12-07,12:00,19.2,19.3,-10.0,28.1,0.0,N@6.4,10.7,37.6,0.0,388,"Finley, Benton County",100113,Finley,2017-12-13 01:47:47.413448
2013-12-07,12:15,19.4,19.5,-9.9,28.0,0.0,N@6.9,11.7,37.6,0.0,386,"Finley, Benton County",100113,Finley,2017-12-13 01:47:47.413448
2013-12-07,12:30,19.7,19.8,-10.0,27.4,0.0,N@7.5,11.4,37.5,0.0,381,"Finley, Benton County",100113,Finley,2017-12-13 01:47:47.413448
2013-12-07,12:45,20.0,20.2,-9.4,27.9,0.0,N@7.2,11.7,37.5,0.0,371,"Finley, Benton County",100113,Finley,2017-12-13 01:47:47.413448
2013-12-07,13:00,20.2,20.3,-9.4,27.6,0.0,N@7.0,11.7,37.5,0.0,359,"Finley, Benton County",100113,Finley,2017-12-13 01:47:47.413448
2013-12-07,13:15,20.5,20.7,-9.2,27.5,0.0,N@7.0,11.0,37.5,0.0,344,"Finley, Benton County",100113,Finley,2017-12-13 01:47:47.413448
2013-12-07,13:30,20.4,20.6,-9.4,27.3,0.0,N@7.1,11.0,37.5,0.0,327,"Finley, Benton County",100113,Finley,2017-12-13 01:47:47.413448
2013-12-07,13:45,20.7,20.7,-9.5,26.8,0.0,N@7.1,10.7,37.5,0.0,306,"Finley, Benton County",100113,Finley,2017-12-13 01:47:47.413448
2013-12-07,14:00,20.7,20.7,-9.5,26.9,0.0,N@5.4,7.8,37.5,0.0,283,"Finley, Benton County",100113,Finley,2017-12-13 01:47:47.413448
2013-12-07,14:15,21.0,21.2,-9.3,26.7,0.0,N@4.4,6.7,37.4,0.0,257,"Finley, Benton County",100113,Finley,2017-12-13 01:47:47.413448
2013-12-07,14:30,21.0,21.3,-9.1,27.0,0.0,N@5.2,7.8,37.4,0.0,230,"Finley, Benton County",100113,Finley,2017-12-13 01:47:47.413448
2013-12-07,14:45,21.0,21.2,-8.8,27.3,0.19,N@4.9,7.8,37.4,0.0,200,"Finley, Benton County",100113,Finley,2017-12-13 01:47:47.413448
2013-12-07,15:00,21.2,21.4,-8.6,27.4,0.39,N@3.6,5.3,37.4,0.0,168,"Finley, Benton County",100113,Finley,2017-12-13 01:47:47.413448
2013-12-07,15:15,20.7,21.1,-8.9,27.7,0.27,N@3.1,4.9,37.4,0.0,136,"Finley, Benton County",100113,Finley,2017-12-13 01:47:47.413448
2013-12-07,15:30,20.4,20.8,-8.9,28.1,0.15,W@1.9,3.9,37.4,0.0,87,"Finley, Benton County",100113,Finley,2017-12-13 01:47:47.413448
2013-12-07,15:45,17.9,17.3,-8.9,31.5,0.06,SW@3.9,6.7,37.4,0.0,34,"Finley, Benton County",100113,Finley,2017-12-13 01:47:47.413448
2013-12-07,16:00,13.4,13.3,-9.2,38.6,0.02,SW@5.1,6.7,37.4,0.0,13,"Finley, Benton County",100113,Finley,2017-12-13 01:47:47.413448
2013-12-07,16:15,12.8,12.8,-9.3,39.6,0.02,SW@5.6,7.8,37.4,0.0,7,"Finley, Benton County",100113,Finley,2017-12-13 01:47:47.413448
2013-12-07,16:30,12.1,12.1,-9.3,40.9,0.02,SW@5.8,8.2,37.4,0.0,2,"Finley, Benton County",100113,Finley,2017-12-13 01:47:47.413448
2013-12-07,16:45,11.4,11.5,-9.0,43.0,0.01,SW@6.7,11.4,37.4,0.0,0,"Finley, Benton County",100113,Finley,2017-12-13 01:47:47.413448
2013-12-07,17:00,12.3,12.5,-6.2,47.1,0.02,SW@8.8,12.8,37.4,0.0,0,"Finley, Benton County",100113,Finley,2017-12-13 01:47:47.413448
2013-12-07,17:15,13.4,13.7,-3.9,49.8,0.02,SW@10.2,14.2,37.4,0.0,0,"Finley, Benton County",100113,Finley,2017-12-13 01:47:47.413448
2013-12-07,17:30,13.7,13.8,-3.9,49.2,0.02,SW@10.7,18.5,37.4,0.0,0,"Finley, Benton County",100113,Finley,2017-12-13 01:47:47.413448
2013-12-07,17:45,13.6,13.8,-4.6,47.8,0.02,SW@10.8,17.8,37.4,0.0,0,"Finley, Benton County",100113,Finley,2017-12-13 01:47:47.413448
2013-12-07,18:00,13.9,14.1,-5.7,44.6,0.02,SW@10.5,18.2,37.4,0.0,0,"Finley, Benton County",100113,Finley,2017-12-13 01:47:47.413448
2013-12-07,18:15,13.7,13.8,-6.0,44.4,0.02,SW@9.9,15.7,37.4,0.0,0,"Finley, Benton County",100113,Finley,2017-12-13 01:47:47.413448
2013-12-07,18:30,13.6,13.7,-6.2,44.2,0.01,SW@10.0,16.4,37.4,0.0,0,"Finley, Benton County",100113,Finley,2017-12-13 01:47:47.413448
2013-12-07,18:45,13.6,13.7,-6.2,44.2,0.01,SW@10.5,15.3,37.4,0.0,0,"Finley, Benton County",100113,Finley,2017-12-13 01:47:47.413448
2013-12-07,19:00,13.4,13.5,-6.1,44.9,0.01,SW@11.2,17.1,37.4,0.0,0,"Finley, Benton County",100113,Finley,2017-12-13 01:47:47.413448
2013-12-07,19:15,12.8,12.9,-7.1,44.0,0.01,SW@11.0,16.0,37.4,0.0,0,"Finley, Benton County",100113,Finley,2017-12-13 01:47:47.413448
2013-12-07,19:30,13.2,13.3,-7.7,42.0,0.01,SW@10.7,19.2,37.4,0.0,0,"Finley, Benton County",100113,Finley,2017-12-13 01:47:47.413448
2013-12-07,19:45,13.2,13.3,-8.1,41.2,0.01,SW@10.5,16.0,37.3,0.0,0,"Finley, Benton County",100113,Finley,2017-12-13 01:47:47.413448
2013-12-07,20:00,13.4,13.6,-8.1,40.7,0.01,SW@9.7,15.0,37.3,0.0,0,"Finley, Benton County",100113,Finley,2017-12-13 01:47:47.413448
2013-12-07,20:15,13.2,13.3,-8.0,41.3,0.01,SW@10.2,16.0,37.3,0.0,0,"Finley, Benton County",100113,Finley,2017-12-13 01:47:47.413448
2013-12-07,20:30,13.3,13.4,-8.0,41.1,0.01,SW@10.2,17.8,37.3,0.0,0,"Finley, Benton County",100113,Finley,2017-12-13 01:47:47.413448
2013-12-07,20:45,13.2,13.4,-8.1,41.2,0.0,SW@10.2,15.3,37.3,0.0,0,"Finley, Benton County",100113,Finley,2017-12-13 01:47:47.413448
2013-12-07,21:00,13.2,13.3,-8.2,40.9,0.0,SW@10.7,15.0,37.3,0.0,0,"Finley, Benton County",100113,Finley,2017-12-13 01:47:47.413448
2013-12-07,21:15,13.3,13.5,-8.4,40.4,0.0,SW@10.5,17.5,37.3,0.0,0,"Finley, Benton County",100113,Finley,2017-12-13 01:47:47.413448
2013-12-07,21:30,13.6,13.8,-8.5,39.6,0.0,SW@9.9,15.0,37.2,0.0,0,"Finley, Benton County",100113,Finley,2017-12-13 01:47:47.413448
2013-12-07,21:45,13.3,13.4,-8.7,39.8,0.0,SW@9.0,15.3,37.2,0.0,0,"Finley, Benton County",100113,Finley,2017-12-13 01:47:47.413448
2013-12-07,22:00,12.9,13.0,-8.8,40.4,0.0,SW@11.2,19.2,37.2,0.0,0,"Finley, Benton County",100113,Finley,2017-12-13 01:47:47.413448
2013-12-07,22:15,12.8,12.9,-8.6,41.0,0.0,SW@9.8,15.7,37.2,0.0,0,"Finley, Benton County",100113,Finley,2017-12-13 01:47:47.413448
2013-12-07,22:30,12.7,12.8,-8.5,41.4,0.0,SW@10.6,15.7,37.2,0.0,0,"Finley, Benton County",100113,Finley,2017-12-13 01:47:47.413448
2013-12-07,22:45,12.8,12.9,-8.1,42.0,0.0,SW@9.7,16.4,37.1,0.0,0,"Finley, Benton County",100113,Finley,2017-12-13 01:47:47.413448
2013-12-07,23:00,12.8,13.0,-8.1,41.9,0.0,SW@10.2,16.0,37.1,0.0,0,"Finley, Benton County",100113,Finley,2017-12-13 01:47:47.413448
2013-12-07,23:15,12.5,12.6,-8.6,41.6,0.0,SW@9.4,15.3,37.1,0.0,0,"Finley, Benton County",100113,Finley,2017-12-13 01:47:47.413448
2013-12-07,23:30,12.6,12.8,-8.5,41.4,0.0,SW@9.0,16.0,37.1,0.0,0,"Finley, Benton County",100113,Finley,2017-12-13 01:47:47.413448
2013-12-07,23:45,12.7,12.8,-8.4,41.5,0.0,SW@7.4,11.4,37.0,0.0,0,"Finley, Benton County",100113,Finley,2017-12-13 01:47:47.413448
2013-12-07,24:00,13.1,13.2,-8.3,41.0,0.0,S@6.9,11.4,37.0,0.0,0,"Finley, Benton County",100113,Finley,2017-12-13 01:47:47.413448
2013-12-08,00:15,12.3,12.3,-8.7,41.9,0.0,SW@6.2,11.4,37.0,0.0,0,"Finley, Benton County",100113,Finley,2017-12-13 01:47:47.413448
2013-12-08,00:30,12.1,12.2,-8.7,42.2,0.0,SW@7.6,12.8,37.0,0.0,0,"Finley, Benton County",100113,Finley,2017-12-13 01:47:47.413448
2013-12-08,00:45,12.1,12.2,-8.8,41.9,0.0,SW@7.1,12.4,37.0,0.0,0,"Finley, Benton County",100113,Finley,2017-12-13 01:47:47.413448
2013-12-08,01:00,11.3,11.3,-9.3,42.5,0.0,S@2.5,7.8,36.9,0.0,0,"Finley, Benton County",100113,Finley,2017-12-13 01:47:47.413448
2013-12-08,01:15,11.0,11.0,-9.4,42.9,0.0,N@0.0,0.0,36.9,0.0,0,"Finley, Benton County",100113,Finley,2017-12-13 01:47:47.413448
2013-12-08,01:30,11.0,11.1,-9.5,42.7,0.0,N@0.0,0.0,36.9,0.0,0,"Finley, Benton County",100113,Finley,2017-12-13 01:47:47.413448
2013-12-08,01:45,10.9,10.9,-9.6,42.8,0.0,N@0.0,0.0,36.9,0.0,0,"Finley, Benton County",100113,Finley,2017-12-13 01:47:47.413448
2013-12-08,02:00,9.7,9.7,-10.0,44.3,0.0,N@0.0,0.0,36.9,0.0,0,"Finley, Benton County",100113,Finley,2017-12-13 01:47:47.413448
2013-12-08,02:15,10.7,10.7,-9.7,42.9,0.0,N@0.0,0.0,36.8,0.0,0,"Finley, Benton County",100113,Finley,2017-12-13 01:47:47.413448
2013-12-08,02:30,10.2,10.3,-9.9,43.4,0.0,N@0.0,0.0,36.8,0.0,0,"Finley, Benton County",100113,Finley,2017-12-13 01:47:47.413448
2013-12-08,02:45,11.2,11.2,-9.8,41.8,0.0,N@0.0,0.0,36.8,0.0,0,"Finley, Benton County",100113,Finley,2017-12-13 01:47:47.413448
2013-12-08,03:00,11.5,11.5,-9.8,41.0,0.0,N@0.0,0.0,36.8,0.0,0,"Finley, Benton County",100113,Finley,2017-12-13 01:47:47.413448
2013-12-08,03:15,10.5,10.4,-9.8,43.2,0.0,N@0.0,0.0,36.7,0.0,0,"Finley, Benton County",100113,Finley,2017-12-13 01:47:47.413448
2013-12-08,03:30,10.3,10.4,-8.1,47.3,0.0,N@0.0,0.0,36.7,0.0,0,"Finley, Benton County",100113,Finley,2017-12-13 01:47:47.413448
2013-12-08,03:45,9.9,9.7,-6.9,51.1,0.0,N@0.0,0.0,36.7,0.0,0,"Finley, Benton County",100113,Finley,2017-12-13 01:47:47.413448
2013-12-08,04:00,7.9,8.0,-6.6,57.0,0.0,N@0.0,0.0,36.6,0.0,0,"Finley, Benton County",100113,Finley,2017-12-13 01:47:47.413448
2013-12-08,04:15,9.3,9.5,-5.3,57.0,0.0,N@0.0,0.0,36.6,0.0,0,"Finley, Benton County",100113,Finley,2017-12-13 01:47:47.413448
2013-12-08,04:30,11.0,11.1,-6.0,50.8,0.0,N@0.0,0.0,36.6,0.0,0,"Finley, Benton County",100113,Finley,2017-12-13 01:47:47.413448
2013-12-08,04:45,10.9,10.9,-6.8,49.0,0.0,N@0.0,0.0,36.6,0.0,0,"Finley, Benton County",100113,Finley,2017-12-13 01:47:47.413448
2013-12-08,05:00,11.6,11.8,-8.8,42.9,0.0,N@0.0,0.0,36.6,0.0,0,"Finley, Benton County",100113,Finley,2017-12-13 01:47:47.413448
2013-12-08,05:15,10.3,10.2,-7.1,49.5,0.0,N@0.0,0.0,36.5,0.0,0,"Finley, Benton County",100113,Finley,2017-12-13 01:47:47.413448
2013-12-08,05:30,9.7,9.6,-6.4,53.0,0.0,N@0.0,0.0,36.5,0.0,0,"Finley, Benton County",100113,Finley,2017-12-13 01:47:47.413448
2013-12-08,05:45,8.5,8.5,-6.1,56.8,0.0,N@0.0,0.0,36.5,0.0,0,"Finley, Benton County",100113,Finley,2017-12-13 01:47:47.413448
2013-12-08,06:00,10.1,10.2,-4.5,57.0,0.0,N@0.0,0.0,36.4,0.0,0,"Finley, Benton County",100113,Finley,2017-12-13 01:47:47.413448
2013-12-08,06:15,10.3,10.2,-3.5,59.2,0.0,N@0.0,0.0,36.4,0.0,0,"Finley, Benton County",100113,Finley,2017-12-13 01:47:47.413448
2013-12-08,06:30,10.1,10.1,-2.8,61.6,0.0,N@0.0,0.0,36.4,0.0,0,"Finley, Benton County",100113,Finley,2017-12-13 01:47:47.413448
2013-12-08,06:45,10.6,10.7,-2.6,61.0,0.0,N@0.0,0.0,36.3,0.0,0,"Finley, Benton County",100113,Finley,2017-12-13 01:47:47.413448
2013-12-08,07:00,11.3,11.3,-2.6,59.0,0.0,N@0.0,0.0,36.3,0.0,0,"Finley, Benton County",100113,Finley,2017-12-13 01:47:47.413448
2013-12-08,07:15,11.7,11.8,-3.3,55.7,0.0,N@0.0,0.0,36.3,0.0,0,"Finley, Benton County",100113,Finley,2017-12-13 01:47:47.413448
2013-12-08,07:30,11.8,11.8,-3.4,55.3,0.0,N@0.0,0.0,36.3,0.0,0,"Finley, Benton County",100113,Finley,2017-12-13 01:47:47.413448
2013-12-08,07:45,12.0,11.9,-3.6,54.2,0.0,N@0.0,0.0,36.2,0.0,3,"Finley, Benton County",100113,Finley,2017-12-13 01:47:47.413448
2013-12-08,08:00,12.1,12.1,-4.1,52.8,0.0,N@0.0,0.0,36.2,0.0,7,"Finley, Benton County",100113,Finley,2017-12-13 01:47:47.413448
2013-12-08,08:15,12.2,12.2,-5.3,49.6,0.0,N@0.0,0.0,36.2,0.0,13,"Finley, Benton County",100113,Finley,2017-12-13 01:47:47.413448
2013-12-08,08:30,12.3,12.3,-6.1,47.2,0.0,N@0.0,0.0,36.2,0.0,18,"Finley, Benton County",100113,Finley,2017-12-13 01:47:47.413448
2013-12-08,08:45,12.6,12.6,-5.9,47.2,0.0,N@0.0,0.0,36.1,0.0,28,"Finley, Benton County",100113,Finley,2017-12-13 01:47:47.413448
2013-12-08,09:00,13.0,13.0,-5.2,47.7,0.0,E@0.9,2.8,36.1,0.0,40,"Finley, Benton County",100113,Finley,2017-12-13 01:47:47.413448
2013-12-08,09:15,13.7,13.7,-4.3,48.3,0.0,N@0.9,3.1,36.1,0.0,55,"Finley, Benton County",100113,Finley,2017-12-13 01:47:47.413448
2013-12-08,09:30,14.1,14.2,-4.7,46.5,0.0,NW@1.8,2.8,36.0,0.0,70,"Finley, Benton County",100113,Finley,2017-12-13 01:47:47.413448
2013-12-08,09:45,14.8,14.9,-3.7,47.0,0.0,S@1.1,2.8,36.0,0.0,92,"Finley, Benton County",100113,Finley,2017-12-13 01:47:47.413448
2013-12-08,10:00,15.6,15.6,-3.2,46.5,0.0,SE@2.4,4.2,36.0,0.0,120,"Finley, Benton County",100113,Finley,2017-12-13 01:47:47.413448
2013-12-08,10:15,16.0,16.0,-3.7,44.4,0.0,E@3.1,4.9,36.0,0.0,149,"Finley, Benton County",100113,Finley,2017-12-13 01:47:47.413448
2013-12-08,10:30,16.7,16.6,-3.3,44.0,0.0,NE@4.2,7.1,36.0,0.0,188,"Finley, Benton County",100113,Finley,2017-12-13 01:47:47.413448
2013-12-08,10:45,16.8,16.8,-3.3,43.7,0.0,E@3.7,6.4,36.0,0.0,208,"Finley, Benton County",100113,Finley,2017-12-13 01:47:47.413448
2013-12-08,11:00,17.5,17.3,-3.1,42.5,0.0,NE@4.3,6.7,35.9,0.0,246,"Finley, Benton County",100113,Finley,2017-12-13 01:47:47.413448
2013-12-08,11:15,17.6,17.5,-3.6,41.5,0.0,E@3.8,6.0,35.9,0.0,213,"Finley, Benton County",100113,Finley,2017-12-13 01:47:47.413448
2013-12-08,11:30,18.7,18.6,-3.2,40.2,0.0,N@4.5,7.8,35.9,0.0,361,"Finley, Benton County",100113,Finley,2017-12-13 01:47:47.413448
2013-12-08,11:45,19.2,19.3,-3.3,39.0,0.0,N@4.0,6.7,35.9,0.0,361,"Finley, Benton County",100113,Finley,2017-12-13 01:47:47.413448
2013-12-08,12:00,19.6,19.6,-3.4,38.2,0.0,N@5.0,7.8,35.9,0.0,366,"Finley, Benton County",100113,Finley,2017-12-13 01:47:47.413448
2013-12-08,12:15,19.5,19.4,-4.1,37.1,0.0,NW@3.2,6.0,35.9,0.0,291,"Finley, Benton County",100113,Finley,2017-12-13 01:47:47.413448
2013-12-08,12:30,19.3,19.3,-4.2,37.2,0.0,N@3.4,6.4,35.9,0.0,228,"Finley, Benton County",100113,Finley,2017-12-13 01:47:47.413448
2013-12-08,12:45,20.1,20.2,-4.2,35.8,0.0,N@3.1,5.3,35.9,0.0,325,"Finley, Benton County",100113,Finley,2017-12-13 01:47:47.413448
2013-12-08,13:00,20.9,20.9,-4.1,34.6,0.0,NE@2.6,6.4,35.9,0.0,357,"Finley, Benton County",100113,Finley,2017-12-13 01:47:47.413448
2013-12-08,13:15,21.2,21.2,-3.8,34.6,0.0,N@3.2,6.4,35.9,0.0,337,"Finley, Benton County",100113,Finley,2017-12-13 01:47:47.413448
2013-12-08,13:30,21.3,21.5,-3.8,34.5,0.0,SW@2.4,5.3,35.9,0.0,318,"Finley, Benton County",100113,Finley,2017-12-13 01:47:47.413448
2013-12-08,13:45,21.7,21.7,-3.8,33.8,0.0,SE@2.2,4.9,35.9,0.0,298,"Finley, Benton County",100113,Finley,2017-12-13 01:47:47.413448
2013-12-08,14:00,22.1,22.3,-4.0,32.8,0.0,S@2.4,4.2,35.9,0.0,275,"Finley, Benton County",100113,Finley,2017-12-13 01:47:47.413448
2013-12-08,14:15,21.8,22.0,-4.2,32.9,0.0,NW@2.9,6.0,35.9,0.0,249,"Finley, Benton County",100113,Finley,2017-12-13 01:47:47.413448
2013-12-08,14:30,22.4,22.5,-4.2,31.9,0.0,N@2.4,6.7,35.9,0.0,221,"Finley, Benton County",100113,Finley,2017-12-13 01:47:47.413448
2013-12-08,14:45,21.5,21.1,-3.2,35.1,0.0,NE@4.1,6.7,36.0,0.0,191,"Finley, Benton County",100113,Finley,2017-12-13 01:47:47.413448
2013-12-08,15:00,21.0,20.8,-3.3,35.8,0.0,NE@3.8,7.4,36.0,0.0,159,"Finley, Benton County",100113,Finley,2017-12-13 01:47:47.413448
2013-12-08,15:15,20.7,20.7,-2.9,36.9,0.0,N@3.6,5.7,36.0,0.0,126,"Finley, Benton County",100113,Finley,2017-12-13 01:47:47.413448
2013-12-08,15:30,19.5,19.8,-2.5,39.8,0.0,NW@3.8,5.7,36.0,0.0,81,"Finley, Benton County",100113,Finley,2017-12-13 01:47:47.413448
2013-12-08,15:45,18.4,18.4,-2.7,41.5,0.0,NW@2.9,4.2,36.0,0.0,34,"Finley, Benton County",100113,Finley,2017-12-13 01:47:47.413448
2013-12-08,16:00,17.3,17.1,-3.0,43.4,0.0,W@2.5,3.9,36.0,0.0,14,"Finley, Benton County",100113,Finley,2017-12-13 01:47:47.413448
2013-12-08,16:15,13.8,13.5,-4.4,47.7,0.0,SW@3.4,4.2,36.1,0.0,7,"Finley, Benton County",100113,Finley,2017-12-13 01:47:47.413448
2013-12-08,16:30,12.6,12.6,-4.5,50.4,0.0,SW@3.7,5.3,36.1,0.0,2,"Finley, Benton County",100113,Finley,2017-12-13 01:47:47.413448
2013-12-08,16:45,12.3,12.3,-4.5,51.3,0.0,SW@4.1,5.7,36.1,0.0,0,"Finley, Benton County",100113,Finley,2017-12-13 01:47:47.413448
2013-12-08,17:00,12.1,12.0,-4.6,51.5,0.0,SW@4.0,5.3,36.1,0.0,0,"Finley, Benton County",100113,Finley,2017-12-13 01:47:47.413448
2013-12-08,17:15,11.5,11.6,-4.8,52.4,0.0,SW@4.4,6.4,36.2,0.0,0,"Finley, Benton County",100113,Finley,2017-12-13 01:47:47.413448
2013-12-08,17:30,11.3,11.3,-4.8,53.0,0.0,SW@4.4,6.4,36.2,0.0,0,"Finley, Benton County",100113,Finley,2017-12-13 01:47:47.413448
2013-12-08,17:45,11.2,11.2,-5.1,52.6,0.0,SW@4.9,6.7,36.2,0.0,0,"Finley, Benton County",100113,Finley,2017-12-13 01:47:47.413448
2013-12-08,18:00,10.9,11.0,-5.1,53.1,0.0,SW@5.2,7.1,36.2,0.0,0,"Finley, Benton County",100113,Finley,2017-12-13 01:47:47.413448
2013-12-08,18:15,10.6,10.7,-5.1,54.0,0.0,SW@5.2,6.7,36.2,0.0,0,"Finley, Benton County",100113,Finley,2017-12-13 01:47:47.413448
2013-12-08,18:30,10.4,10.5,-5.0,54.7,0.0,SW@5.6,7.1,36.2,0.0,0,"Finley, Benton County",100113,Finley,2017-12-13 01:47:47.413448
2013-12-08,18:45,11.2,11.3,-4.5,53.9,0.0,SW@4.6,7.1,36.2,0.0,0,"Finley, Benton County",100113,Finley,2017-12-13 01:47:47.413448
2013-12-08,19:00,10.5,10.6,-5.1,54.3,0.0,SW@4.8,6.0,36.2,0.0,0,"Finley, Benton County",100113,Finley,2017-12-13 01:47:47.413448
2013-12-08,19:15,10.9,11.0,-5.8,51.4,0.0,S@4.4,7.8,36.2,0.0,0,"Finley, Benton County",100113,Finley,2017-12-13 01:47:47.413448
2013-12-08,19:30,11.4,11.5,-5.9,50.0,0.0,N@0.0,0.0,36.2,0.0,0,"Finley, Benton County",100113,Finley,2017-12-13 01:47:47.413448
2013-12-08,19:45,11.8,11.9,-5.6,49.7,0.0,N@0.0,0.0,36.2,0.0,0,"Finley, Benton County",100113,Finley,2017-12-13 01:47:47.413448
2013-12-08,20:00,12.0,12.2,-5.4,49.6,0.0,N@0.0,0.0,36.2,0.0,0,"Finley, Benton County",100113,Finley,2017-12-13 01:47:47.413448
2013-12-08,20:15,12.5,12.6,-6.0,47.1,0.0,N@0.0,0.0,36.2,0.0,0,"Finley, Benton County",100113,Finley,2017-12-13 01:47:47.413448
2013-12-08,20:30,11.1,10.8,-6.9,48.2,0.0,N@0.0,0.0,36.2,0.0,0,"Finley, Benton County",100113,Finley,2017-12-13 01:47:47.413448
2013-12-08,20:45,10.1,10.1,-6.8,51.1,0.0,N@0.0,0.0,36.2,0.0,0,"Finley, Benton County",100113,Finley,2017-12-13 01:47:47.413448
2013-12-08,21:00,10.0,10.0,-6.8,51.3,0.0,N@0.0,0.0,36.2,0.0,0,"Finley, Benton County",100113,Finley,2017-12-13 01:47:47.413448
2013-12-08,21:15,9.3,9.2,-6.7,53.1,0.0,N@0.0,0.0,36.2,0.0,0,"Finley, Benton County",100113,Finley,2017-12-13 01:47:47.413448
2013-12-08,21:30,8.5,8.6,-6.9,54.7,0.0,N@0.0,0.0,36.1,0.0,0,"Finley, Benton County",100113,Finley,2017-12-13 01:47:47.413448
2013-12-08,21:45,8.3,8.2,-6.7,55.7,0.0,N@0.0,0.0,36.1,0.0,0,"Finley, Benton County",100113,Finley,2017-12-13 01:47:47.413448
2013-12-08,22:00,8.1,8.0,-6.5,57.1,0.0,N@0.0,0.0,36.1,0.0,0,"Finley, Benton County",100113,Finley,2017-12-13 01:47:47.413448
2013-12-08,22:15,8.0,8.1,-5.4,60.5,0.0,N@0.0,0.0,36.1,0.0,0,"Finley, Benton County",100113,Finley,2017-12-13 01:47:47.413448
2013-12-08,22:30,8.3,8.3,-4.5,62.3,0.0,N@0.0,0.0,36.1,0.0,0,"Finley, Benton County",100113,Finley,2017-12-13 01:47:47.413448
2013-12-08,22:45,8.3,8.4,-4.3,62.6,0.0,N@0.0,0.0,36.1,0.0,0,"Finley, Benton County",100113,Finley,2017-12-13 01:47:47.413448
2013-12-08,23:00,10.1,10.5,-4.2,57.8,0.0,N@0.0,0.0,36.1,0.0,0,"Finley, Benton County",100113,Finley,2017-12-13 01:47:47.413448
2013-12-08,23:15,11.8,11.8,-3.6,54.9,0.0,N@0.0,0.0,36.0,0.0,0,"Finley, Benton County",100113,Finley,2017-12-13 01:47:47.413448
2013-12-08,23:30,10.6,10.3,-3.9,57.2,0.0,N@0.0,0.0,36.0,0.0,0,"Finley, Benton County",100113,Finley,2017-12-13 01:47:47.413448
2013-12-08,23:45,8.2,7.8,-4.6,62.4,0.0,N@0.0,0.0,36.0,0.0,0,"Finley, Benton County",100113,Finley,2017-12-13 01:47:47.413448
2013-12-08,24:00,9.0,9.2,-2.5,65.9,0.01,N@0.0,0.0,36.0,0.0,0,"Finley, Benton County",100113,Finley,2017-12-13 01:47:47.413448
2013-12-09,00:15,8.5,8.4,-2.7,67.1,0.01,N@0.0,0.0,35.9,0.0,0,"Finley, Benton County",100113,Finley,2017-12-13 01:47:47.413448
2013-12-09,00:30,8.4,8.4,-2.0,69.6,0.01,N@0.0,0.0,35.9,0.0,0,"Finley, Benton County",100113,Finley,2017-12-13 01:47:47.413448
2013-12-09,00:45,8.6,8.7,-1.9,69.2,0.01,N@0.0,0.0,35.9,0.0,0,"Finley, Benton County",100113,Finley,2017-12-13 01:47:47.413448
2013-12-09,01:00,8.5,8.5,-2.2,68.5,0.01,N@0.0,0.0,35.9,0.0,0,"Finley, Benton County",100113,Finley,2017-12-13 01:47:47.413448
2013-12-09,01:15,8.0,8.0,-2.1,70.9,0.01,N@0.0,0.0,35.8,0.0,0,"Finley, Benton County",100113,Finley,2017-12-13 01:47:47.413448
2013-12-09,01:30,8.3,8.3,-1.2,72.8,0.01,N@0.0,0.0,35.8,0.0,0,"Finley, Benton County",100113,Finley,2017-12-13 01:47:47.413448
2013-12-09,01:45,10.4,10.6,0.8,72.3,0.01,N@0.0,0.0,35.8,0.0,0,"Finley, Benton County",100113,Finley,2017-12-13 01:47:47.413448
2013-12-09,02:00,11.1,11.2,1.3,71.1,0.01,N@0.0,0.0,35.8,0.0,0,"Finley, Benton County",100113,Finley,2017-12-13 01:47:47.413448
2013-12-09,02:15,10.5,10.4,0.8,71.8,0.01,N@0.0,0.0,35.8,0.0,0,"Finley, Benton County",100113,Finley,2017-12-13 01:47:47.413448
2013-12-09,02:30,9.7,9.6,0.4,73.5,0.01,N@0.0,0.0,35.7,0.0,0,"Finley, Benton County",100113,Finley,2017-12-13 01:47:47.413448
2013-12-09,02:45,10.3,10.4,0.9,72.8,0.01,N@0.0,0.0,35.7,0.0,0,"Finley, Benton County",100113,Finley,2017-12-13 01:47:47.413448
2013-12-09,03:00,10.4,10.3,0.3,70.4,0.01,N@0.0,0.0,35.7,0.0,0,"Finley, Benton County",100113,Finley,2017-12-13 01:47:47.413448
2013-12-09,03:15,9.4,9.5,-1.3,68.4,0.01,N@0.0,0.0,35.6,0.0,0,"Finley, Benton County",100113,Finley,2017-12-13 01:47:47.413448
2013-12-09,03:30,8.6,8.5,-1.9,69.4,0.01,N@0.0,0.0,35.6,0.0,0,"Finley, Benton County",100113,Finley,2017-12-13 01:47:47.413448
2013-12-09,03:45,9.6,9.8,-0.7,69.9,0.01,N@0.0,0.0,35.6,0.0,0,"Finley, Benton County",100113,Finley,2017-12-13 01:47:47.413448
2013-12-09,04:00,10.3,10.3,0.3,70.8,0.01,N@0.0,0.0,35.6,0.0,0,"Finley, Benton County",100113,Finley,2017-12-13 01:47:47.413448
2013-12-09,04:15,11.6,11.9,1.6,70.6,0.01,N@0.0,0.0,35.6,0.0,0,"Finley, Benton County",100113,Finley,2017-12-13 01:47:47.413448
2013-12-09,04:30,12.1,12.1,0.6,65.9,0.0,N@0.0,0.0,35.5,0.0,0,"Finley, Benton County",100113,Finley,2017-12-13 01:47:47.413448
2013-12-09,04:45,12.9,12.9,0.4,62.7,0.0,N@0.0,0.0,35.5,0.0,0,"Finley, Benton County",100113,Finley,2017-12-13 01:47:47.413448
2013-12-09,05:00,12.5,12.7,0.0,62.6,0.0,N@0.0,0.0,35.5,0.0,0,"Finley, Benton County",100113,Finley,2017-12-13 01:47:47.413448
2013-12-09,05:15,12.8,12.7,-0.7,59.9,0.0,N@0.0,0.0,35.5,0.0,0,"Finley, Benton County",100113,Finley,2017-12-13 01:47:47.413448
2013-12-09,05:30,12.8,12.9,-0.4,60.5,0.0,N@0.0,0.0,35.4,0.0,0,"Finley, Benton County",100113,Finley,2017-12-13 01:47:47.413448
2013-12-09,05:45,13.3,13.3,-0.7,58.7,0.0,N@0.0,0.0,35.4,0.0,0,"Finley, Benton County",100113,Finley,2017-12-13 01:47:47.413448
2013-12-09,06:00,13.0,13.0,-1.1,58.2,0.0,N@0.0,0.0,35.4,0.0,0,"Finley, Benton County",100113,Finley,2017-12-13 01:47:47.413448
2013-12-09,06:15,12.4,12.3,-1.7,58.3,0.0,N@0.0,0.0,35.4,0.0,0,"Finley, Benton County",100113,Finley,2017-12-13 01:47:47.413448
2013-12-09,06:30,11.8,11.8,-1.9,59.2,0.0,N@0.0,0.0,35.3,0.0,0,"Finley, Benton County",100113,Finley,2017-12-13 01:47:47.413448
2013-12-09,06:45,12.0,11.8,-1.8,59.3,0.0,N@0.0,0.0,35.3,0.0,0,"Finley, Benton County",100113,Finley,2017-12-13 01:47:47.413448
2013-12-09,07:00,11.3,11.4,-1.5,61.7,0.0,N@0.0,0.0,35.3,0.0,0,"Finley, Benton County",100113,Finley,2017-12-13 01:47:47.413448
2013-12-09,07:15,12.1,12.1,-0.2,63.3,0.0,N@0.0,0.0,35.3,0.0,0,"Finley, Benton County",100113,Finley,2017-12-13 01:47:47.413448
2013-12-09,07:30,11.8,11.8,0.5,66.4,0.0,N@0.0,0.0,35.3,0.0,3,"Finley, Benton County",100113,Finley,2017-12-13 01:47:47.413448
2013-12-09,07:45,11.4,11.3,0.4,67.4,0.0,N@0.0,0.0,35.3,0.0,6,"Finley, Benton County",100113,Finley,2017-12-13 01:47:47.413448
2013-12-09,08:00,11.7,11.8,1.3,69.3,0.0,N@0.0,0.0,35.2,0.0,16,"Finley, Benton County",100113,Finley,2017-12-13 01:47:47.413448
2013-12-09,08:15,12.6,12.6,2.4,69.7,0.0,N@0.0,0.0,35.2,0.0,28,"Finley, Benton County",100113,Finley,2017-12-13 01:47:47.413448
2013-12-09,08:30,13.3,13.4,2.8,68.9,0.0,SE@1.3,3.1,35.2,0.0,38,"Finley, Benton County",100113,Finley,2017-12-13 01:47:47.413448
2013-12-09,08:45,13.9,14.0,3.4,68.6,0.0,SE@2.1,3.5,35.2,0.0,49,"Finley, Benton County",100113,Finley,2017-12-13 01:47:47.413448
2013-12-09,09:00,14.6,14.6,4.2,69.0,0.0,NE@1.7,4.6,35.2,0.0,73,"Finley, Benton County",100113,Finley,2017-12-13 01:47:47.413448
2013-12-09,09:15,15.0,15.1,4.9,69.7,0.0,N@2.8,4.2,35.1,0.0,97,"Finley, Benton County",100113,Finley,2017-12-13 01:47:47.413448
2013-12-09,09:30,15.0,15.1,4.9,69.8,0.0,NW@3.6,5.3,35.1,0.0,123,"Finley, Benton County",100113,Finley,2017-12-13 01:47:47.413448
2013-12-09,09:45,15.5,15.8,4.8,67.6,0.0,NW@4.0,6.4,35.1,0.0,158,"Finley, Benton County",100113,Finley,2017-12-13 01:47:47.413448
2013-12-09,10:00,15.8,15.9,4.2,65.3,0.0,NW@4.5,6.0,35.1,0.0,177,"Finley, Benton County",100113,Finley,2017-12-13 01:47:47.413448
2013-12-09,10:15,16.2,16.4,4.2,63.9,0.0,NW@4.0,6.4,35.1,0.0,161,"Finley, Benton County",100113,Finley,2017-12-13 01:47:47.413448
2013-12-09,10:30,17.4,17.6,4.4,60.9,0.0,NW@3.9,6.4,35.1,0.0,312,"Finley, Benton County",100113,Finley,2017-12-13 01:47:47.413448
2013-12-09,10:45,18.0,18.2,3.5,56.7,0.0,NW@4.1,6.7,35.1,0.0,327,"Finley, Benton County",100113,Finley,2017-12-13 01:47:47.413448
2013-12-09,11:00,18.2,18.5,2.7,54.0,0.0,NW@4.6,6.7,35.1,0.0,345,"Finley, Benton County",100113,Finley,2017-12-13 01:47:47.413448
2013-12-09,11:15,18.5,18.7,2.8,53.6,0.0,NW@3.7,6.4,35.0,0.0,353,"Finley, Benton County",100113,Finley,2017-12-13 01:47:47.413448
2013-12-09,11:30,19.5,19.8,3.4,52.6,0.0,N@3.9,6.0,35.0,0.0,361,"Finley, Benton County",100113,Finley,2017-12-13 01:47:47.413448
2013-12-09,11:45,19.7,20.1,3.4,52.1,0.0,NW@2.9,6.7,35.0,0.0,366,"Finley, Benton County",100113,Finley,2017-12-13 01:47:47.413448
2013-12-09,12:00,20.6,20.7,4.1,51.5,0.0,N@3.0,5.7,35.0,0.0,367,"Finley, Benton County",100113,Finley,2017-12-13 01:47:47.413448
2013-12-09,12:15,20.9,21.3,4.1,51.0,0.0,N@2.3,4.6,35.0,0.0,367,"Finley, Benton County",100113,Finley,2017-12-13 01:47:47.413448
2013-12-09,12:30,21.7,21.8,4.5,49.7,0.0,N@2.4,4.6,35.0,0.0,362,"Finley, Benton County",100113,Finley,2017-12-13 01:47:47.413448
2013-12-09,12:45,22.0,22.0,4.7,49.5,0.0,NE@2.5,4.6,35.0,0.0,353,"Finley, Benton County",100113,Finley,2017-12-13 01:47:47.413448
2013-12-09,13:00,22.7,22.6,4.9,48.6,0.0,NE@3.2,6.0,35.0,0.0,341,"Finley, Benton County",100113,Finley,2017-12-13 01:47:47.413448
2013-12-09,13:15,22.7,23.0,5.0,48.8,0.0,N@3.4,6.7,35.1,0.0,319,"Finley, Benton County",100113,Finley,2017-12-13 01:47:47.413448
2013-12-09,13:30,22.7,22.7,5.1,48.7,0.02,N@2.8,5.3,35.1,0.0,305,"Finley, Benton County",100113,Finley,2017-12-13 01:47:47.413448
2013-12-09,13:45,23.3,23.5,5.3,47.9,0.01,N@3.4,6.0,35.1,0.0,277,"Finley, Benton County",100113,Finley,2017-12-13 01:47:47.413448
2013-12-09,14:00,22.5,22.6,5.1,49.4,0.0,N@4.4,6.7,35.1,0.0,220,"Finley, Benton County",100113,Finley,2017-12-13 01:47:47.413448
2013-12-09,14:15,23.0,23.4,5.2,48.5,0.0,N@3.1,4.6,35.1,0.0,256,"Finley, Benton County",100113,Finley,2017-12-13 01:47:47.413448
2013-12-09,14:30,23.0,23.5,5.2,48.6,0.0,NW@2.7,4.6,35.1,0.0,210,"Finley, Benton County",100113,Finley,2017-12-13 01:47:47.413448
2013-12-09,14:45,22.8,23.2,5.1,48.8,0.0,NW@3.1,5.3,35.1,0.0,147,"Finley, Benton County",100113,Finley,2017-12-13 01:47:47.413448
2013-12-09,15:00,22.6,22.9,5.1,49.1,0.0,NW@4.0,5.3,35.2,0.0,148,"Finley, Benton County",100113,Finley,2017-12-13 01:47:47.413448
2013-12-09,15:15,22.5,22.7,5.2,49.5,0.0,NW@4.0,5.3,35.2,0.0,116,"Finley, Benton County",100113,Finley,2017-12-13 01:47:47.413448
2013-12-09,15:30,22.3,22.4,5.2,50.0,0.0,NW@3.4,4.9,35.2,0.0,66,"Finley, Benton County",100113,Finley,2017-12-13 01:47:47.413448
2013-12-09,15:45,21.8,21.8,5.0,50.8,0.0,NW@2.7,3.9,35.2,0.0,36,"Finley, Benton County",100113,Finley,2017-12-13 01:47:47.413448
2013-12-09,16:00,21.3,21.2,4.8,51.7,0.0,W@1.9,2.8,35.2,0.0,18,"Finley, Benton County",100113,Finley,2017-12-13 01:47:47.413448
2013-12-09,16:15,18.9,18.6,3.4,54.1,0.0,SW@3.0,4.2,35.3,0.0,5,"Finley, Benton County",100113,Finley,2017-12-13 01:47:47.413448
2013-12-09,16:30,17.2,17.1,3.0,57.7,0.0,SW@3.7,4.6,35.3,0.0,1,"Finley, Benton County",100113,Finley,2017-12-13 01:47:47.413448
2013-12-09,16:45,16.5,16.5,2.9,59.3,0.0,SW@3.0,4.6,35.3,0.0,0,"Finley, Benton County",100113,Finley,2017-12-13 01:47:47.413448
2013-12-09,17:00,17.7,17.9,4.0,58.8,0.0,SW@3.6,4.9,35.3,0.0,0,"Finley, Benton County",100113,Finley,2017-12-13 01:47:47.413448
2013-12-09,17:15,19.1,19.2,4.5,56.6,0.0,SW@3.8,6.0,35.3,0.0,0,"Finley, Benton County",100113,Finley,2017-12-13 01:47:47.413448
2013-12-09,17:30,18.1,17.8,3.8,57.3,0.0,SW@4.2,6.4,35.4,0.0,0,"Finley, Benton County",100113,Finley,2017-12-13 01:47:47.413448
2013-12-09,17:45,16.4,16.6,3.2,60.4,0.0,SW@4.0,6.4,35.4,0.0,0,"Finley, Benton County",100113,Finley,2017-12-13 01:47:47.413448
2013-12-09,18:00,16.2,16.2,3.0,60.4,0.0,SW@4.3,6.4,35.4,0.0,0,"Finley, Benton County",100113,Finley,2017-12-13 01:47:47.413448
2013-12-09,18:15,16.1,16.2,3.1,61.1,0.0,SW@3.6,5.3,35.4,0.0,0,"Finley, Benton County",100113,Finley,2017-12-13 01:47:47.413448
2013-12-09,18:30,15.4,15.4,2.8,62.0,0.0,SW@3.5,4.9,35.4,0.0,0,"Finley, Benton County",100113,Finley,2017-12-13 01:47:47.413448
2013-12-09,18:45,15.9,16.1,3.2,61.6,0.0,SW@4.4,5.7,35.5,0.0,0,"Finley, Benton County",100113,Finley,2017-12-13 01:47:47.413448
2013-12-09,19:00,16.4,16.4,3.2,60.3,0.0,SW@4.3,5.7,35.5,0.0,0,"Finley, Benton County",100113,Finley,2017-12-13 01:47:47.413448
2013-12-09,19:15,16.3,16.4,3.2,60.7,0.0,SW@3.1,4.2,35.5,0.0,0,"Finley, Benton County",100113,Finley,2017-12-13 01:47:47.413448
2013-12-09,19:30,16.0,15.9,3.1,61.3,0.0,SW@3.0,4.2,35.5,0.0,0,"Finley, Benton County",100113,Finley,2017-12-13 01:47:47.413448
2013-12-09,19:45,15.3,15.3,2.9,62.7,0.0,SW@3.3,4.9,35.5,0.0,0,"Finley, Benton County",100113,Finley,2017-12-13 01:47:47.413448
2013-12-09,20:00,15.2,15.2,2.7,62.6,0.0,SW@3.6,5.3,35.5,0.0,0,"Finley, Benton County",100113,Finley,2017-12-13 01:47:47.413448
2013-12-09,20:15,14.9,14.9,2.7,63.5,0.0,SW@3.1,4.2,35.5,0.0,0,"Finley, Benton County",100113,Finley,2017-12-13 01:47:47.413448
2013-12-09,20:30,15.7,15.8,3.4,63.0,0.0,SW@3.2,4.6,35.5,0.0,0,"Finley, Benton County",100113,Finley,2017-12-13 01:47:47.413448
2013-12-09,20:45,15.9,15.8,3.2,61.9,0.0,SW@3.4,5.3,35.5,0.0,0,"Finley, Benton County",100113,Finley,2017-12-13 01:47:47.413448
2013-12-09,21:00,14.8,14.8,2.6,63.2,0.0,SW@3.1,4.6,35.5,0.0,0,"Finley, Benton County",100113,Finley,2017-12-13 01:47:47.413448
2013-12-09,21:15,13.8,13.7,2.0,64.7,0.0,SW@3.2,4.6,35.5,0.0,0,"Finley, Benton County",100113,Finley,2017-12-13 01:47:47.413448
2013-12-09,21:30,13.1,13.1,1.7,66.0,0.0,SW@4.1,6.7,35.5,0.0,0,"Finley, Benton County",100113,Finley,2017-12-13 01:47:47.413448
2013-12-09,21:45,13.9,14.0,2.3,65.3,0.0,SW@3.6,5.7,35.5,0.0,0,"Finley, Benton County",100113,Finley,2017-12-13 01:47:47.413448
2013-12-09,22:00,13.8,13.8,2.1,64.9,0.0,SW@3.2,4.6,35.5,0.0,0,"Finley, Benton County",100113,Finley,2017-12-13 01:47:47.413448
2013-12-09,22:15,13.4,13.4,2.0,66.0,0.0,SW@3.4,4.9,35.5,0.0,0,"Finley, Benton County",100113,Finley,2017-12-13 01:47:47.413448
2013-12-09,22:30,13.6,13.7,2.2,65.7,0.0,SW@3.7,5.3,35.5,0.0,0,"Finley, Benton County",100113,Finley,2017-12-13 01:47:47.413448
2013-12-09,22:45,13.9,13.9,2.1,64.7,0.0,SW@3.3,4.9,35.5,0.0,0,"Finley, Benton County",100113,Finley,2017-12-13 01:47:47.413448
2013-12-09,23:00,13.8,13.8,2.0,64.7,0.0,SW@3.5,4.9,35.5,0.0,0,"Finley, Benton County",100113,Finley,2017-12-13 01:47:47.413448
2013-12-09,23:15,14.2,14.2,2.5,65.0,0.0,SW@3.4,4.9,35.5,0.0,0,"Finley, Benton County",100113,Finley,2017-12-13 01:47:47.413448
2013-12-09,23:30,15.0,15.1,2.8,63.3,0.0,W@2.2,3.1,35.5,0.0,0,"Finley, Benton County",100113,Finley,2017-12-13 01:47:47.413448
2013-12-09,23:45,13.8,13.7,2.4,65.9,0.0,SW@2.9,4.9,35.5,0.0,0,"Finley, Benton County",100113,Finley,2017-12-13 01:47:47.413448
2013-12-09,24:00,14.5,14.7,3.1,65.7,0.0,SW@3.2,4.6,35.5,0.0,0,"Finley, Benton County",100113,Finley,2017-12-13 01:47:47.413448
2013-12-10,00:15,14.6,14.6,2.8,64.5,0.0,SW@2.5,3.9,35.5,0.0,0,"Finley, Benton County",100113,Finley,2017-12-13 01:47:47.413448
2013-12-10,00:30,14.4,14.4,2.7,64.8,0.0,SW@2.4,3.1,35.5,0.0,0,"Finley, Benton County",100113,Finley,2017-12-13 01:47:47.413448
2013-12-10,00:45,14.5,14.6,3.0,65.6,0.0,W@2.7,4.2,35.5,0.0,0,"Finley, Benton County",100113,Finley,2017-12-13 01:47:47.413448
2013-12-10,01:00,15.2,15.2,4.0,66.4,0.0,W@3.1,4.2,35.4,0.0,0,"Finley, Benton County",100113,Finley,2017-12-13 01:47:47.413448
2013-12-10,01:15,15.2,15.3,4.4,67.6,0.0,W@2.8,4.2,35.4,0.0,0,"Finley, Benton County",100113,Finley,2017-12-13 01:47:47.413448
2013-12-10,01:30,14.5,14.4,3.7,67.6,0.0,SW@2.8,4.2,35.4,0.0,0,"Finley, Benton County",100113,Finley,2017-12-13 01:47:47.413448
2013-12-10,01:45,15.3,15.6,3.9,65.7,0.0,SW@3.4,4.9,35.4,0.0,0,"Finley, Benton County",100113,Finley,2017-12-13 01:47:47.413448
2013-12-10,02:00,15.9,15.9,3.8,63.7,0.0,W@2.0,3.1,35.4,0.0,0,"Finley, Benton County",100113,Finley,2017-12-13 01:47:47.413448
2013-12-10,02:15,16.5,16.6,4.0,62.2,0.0,W@2.4,3.1,35.4,0.0,0,"Finley, Benton County",100113,Finley,2017-12-13 01:47:47.413448
2013-12-10,02:30,16.5,16.6,4.0,62.3,0.0,W@3.0,4.2,35.4,0.0,0,"Finley, Benton County",100113,Finley,2017-12-13 01:47:47.413448
2013-12-10,02:45,16.5,16.5,3.9,62.2,0.0,W@2.4,3.9,35.4,0.0,0,"Finley, Benton County",100113,Finley,2017-12-13 01:47:47.413448
2013-12-10,03:00,16.7,16.7,3.9,61.5,0.0,SW@2.9,4.2,35.4,0.0,0,"Finley, Benton County",100113,Finley,2017-12-13 01:47:47.413448
2013-12-10,03:15,16.4,16.3,3.5,61.3,0.0,SW@2.5,4.2,35.3,0.0,0,"Finley, Benton County",100113,Finley,2017-12-13 01:47:47.413448
2013-12-10,03:30,15.5,15.6,3.1,62.6,0.0,SW@3.0,4.6,35.3,0.0,0,"Finley, Benton County",100113,Finley,2017-12-13 01:47:47.413448
2013-12-10,03:45,16.2,16.2,3.6,62.0,0.0,SW@2.8,4.6,35.3,0.0,0,"Finley, Benton County",100113,Finley,2017-12-13 01:47:47.413448
2013-12-10,04:00,16.5,16.6,4.1,62.5,0.0,SW@2.6,3.9,35.3,0.0,0,"Finley, Benton County",100113,Finley,2017-12-13 01:47:47.413448
2013-12-10,04:15,17.5,17.5,4.3,60.3,0.0,W@2.4,3.9,35.3,0.0,0,"Finley, Benton County",100113,Finley,2017-12-13 01:47:47.413448
2013-12-10,04:30,17.6,17.6,4.4,60.2,0.0,W@1.2,2.8,35.3,0.0,0,"Finley, Benton County",100113,Finley,2017-12-13 01:47:47.413448
2013-12-10,04:45,16.5,16.2,4.2,63.0,0.0,N@2.0,3.1,35.3,0.0,0,"Finley, Benton County",100113,Finley,2017-12-13 01:47:47.413448
2013-12-10,05:00,15.7,15.5,4.3,65.7,0.0,W@0.4,2.1,35.3,0.0,0,"Finley, Benton County",100113,Finley,2017-12-13 01:47:47.413448
2013-12-10,05:15,15.6,15.5,4.5,66.6,0.0,SW@1.1,2.1,35.3,0.0,0,"Finley, Benton County",100113,Finley,2017-12-13 01:47:47.413448
2013-12-10,05:30,15.6,15.5,4.6,66.9,0.0,SW@1.4,2.8,35.3,0.0,0,"Finley, Benton County",100113,Finley,2017-12-13 01:47:47.413448
2013-12-10,05:45,15.6,15.5,4.7,67.5,0.0,SW@2.0,2.8,35.2,0.0,0,"Finley, Benton County",100113,Finley,2017-12-13 01:47:47.413448
2013-12-10,06:00,15.6,15.6,5.1,68.2,0.0,SW@1.9,2.8,35.2,0.0,0,"Finley, Benton County",100113,Finley,2017-12-13 01:47:47.413448
2013-12-10,06:15,15.5,15.4,4.7,67.5,0.0,SW@0.2,1.7,35.2,0.0,0,"Finley, Benton County",100113,Finley,2017-12-13 01:47:47.413448
2013-12-10,06:30,15.7,15.6,5.1,68.1,0.0,SW@0.6,2.1,35.2,0.0,0,"Finley, Benton County",100113,Finley,2017-12-13 01:47:47.413448
2013-12-10,06:45,15.9,15.8,5.4,68.6,0.0,SW@2.2,2.8,35.2,0.0,0,"Finley, Benton County",100113,Finley,2017-12-13 01:47:47.413448
2013-12-10,07:00,16.0,15.9,5.3,68.0,0.0,SW@1.1,2.8,35.2,0.0,0,"Finley, Benton County",100113,Finley,2017-12-13 01:47:47.413448
2013-12-10,07:15,16.0,15.9,5.1,67.2,0.0,NW@2.0,3.5,35.2,0.0,0,"Finley, Benton County",100113,Finley,2017-12-13 01:47:47.413448
2013-12-10,07:30,15.9,15.9,4.6,66.0,0.0,W@2.6,3.9,35.2,0.0,1,"Finley, Benton County",100113,Finley,2017-12-13 01:47:47.413448
2013-12-10,07:45,16.0,16.0,4.5,65.4,0.0,SW@2.7,3.9,35.2,0.0,8,"Finley, Benton County",100113,Finley,2017-12-13 01:47:47.413448
2013-12-10,08:00,16.3,16.4,4.3,63.7,0.0,W@2.9,4.2,35.2,0.0,19,"Finley, Benton County",100113,Finley,2017-12-13 01:47:47.413448
2013-12-10,08:15,16.8,16.9,4.4,62.5,0.0,W@3.5,5.3,35.2,0.0,31,"Finley, Benton County",100113,Finley,2017-12-13 01:47:47.413448
2013-12-10,08:30,17.5,17.6,4.8,61.8,0.0,W@3.5,6.0,35.2,0.0,47,"Finley, Benton County",100113,Finley,2017-12-13 01:47:47.413448
2013-12-10,08:45,18.2,18.3,4.7,59.4,0.0,NW@4.2,5.7,35.2,0.0,78,"Finley, Benton County",100113,Finley,2017-12-13 01:47:47.413448
2013-12-10,09:00,19.0,19.2,5.2,58.4,0.0,NW@4.6,6.4,35.2,0.0,114,"Finley, Benton County",100113,Finley,2017-12-13 01:47:47.413448
2013-12-10,09:15,19.1,19.2,6.0,60.4,0.0,NW@5.3,7.4,35.2,0.0,117,"Finley, Benton County",100113,Finley,2017-12-13 01:47:47.413448
2013-12-10,09:30,19.6,19.8,6.7,60.9,0.0,NW@5.8,8.2,35.2,0.0,141,"Finley, Benton County",100113,Finley,2017-12-13 01:47:47.413448
2013-12-10,09:45,20.2,20.5,6.3,58.0,0.0,NW@5.7,7.8,35.2,0.0,175,"Finley, Benton County",100113,Finley,2017-12-13 01:47:47.413448
2013-12-10,10:00,20.8,20.9,6.3,56.5,0.0,NW@5.0,7.1,35.2,0.0,194,"Finley, Benton County",100113,Finley,2017-12-13 01:47:47.413448
2013-12-10,10:15,21.1,21.2,6.2,55.5,0.0,NW@5.3,7.8,35.2,0.0,181,"Finley, Benton County",100113,Finley,2017-12-13 01:47:47.413448
2013-12-10,10:30,21.5,21.7,6.4,54.9,0.0,NW@5.4,8.5,35.1,0.0,205,"Finley, Benton County",100113,Finley,2017-12-13 01:47:47.413448
2013-12-10,10:45,22.2,22.3,6.7,53.9,0.0,NW@5.4,8.2,35.1,0.0,231,"Finley, Benton County",100113,Finley,2017-12-13 01:47:47.413448
2013-12-10,11:00,22.4,22.6,7.0,54.1,0.0,NW@5.5,8.2,35.1,0.0,254,"Finley, Benton County",100113,Finley,2017-12-13 01:47:47.413448
2013-12-10,11:15,23.0,23.2,7.2,52.9,0.0,NW@4.7,7.8,35.1,0.0,275,"Finley, Benton County",100113,Finley,2017-12-13 01:47:47.413448
2013-12-10,11:30,23.3,23.5,7.0,52.0,0.0,NW@4.7,7.4,35.1,0.0,270,"Finley, Benton County",100113,Finley,2017-12-13 01:47:47.413448
2013-12-10,11:45,23.9,24.1,7.3,51.0,0.0,NW@4.8,7.4,35.1,0.0,289,"Finley, Benton County",100113,Finley,2017-12-13 01:47:47.413448
2013-12-10,12:00,24.8,25.1,7.7,49.8,0.0,NW@4.9,7.4,35.1,0.0,336,"Finley, Benton County",100113,Finley,2017-12-13 01:47:47.413448
2013-12-10,12:15,25.3,25.6,7.9,49.1,0.0,NW@4.3,6.7,35.2,0.0,324,"Finley, Benton County",100113,Finley,2017-12-13 01:47:47.413448
2013-12-10,12:30,25.8,26.0,8.1,48.4,0.0,NW@5.2,7.8,35.2,0.0,339,"Finley, Benton County",100113,Finley,2017-12-13 01:47:47.413448
2013-12-10,12:45,25.9,26.1,7.8,47.6,0.86,NW@5.0,7.4,35.2,0.0,327,"Finley, Benton County",100113,Finley,2017-12-13 01:47:47.413448
2013-12-10,13:00,26.4,26.8,7.8,46.4,0.71,NW@4.9,7.4,35.2,0.0,334,"Finley, Benton County",100113,Finley,2017-12-13 01:47:47.413448
2013-12-10,13:15,26.9,27.2,7.9,45.6,0.67,NW@5.0,7.1,35.2,0.0,322,"Finley, Benton County",100113,Finley,2017-12-13 01:47:47.413448
2013-12-10,13:30,27.0,27.2,7.9,45.5,0.64,NW@5.1,8.5,35.2,0.0,308,"Finley, Benton County",100113,Finley,2017-12-13 01:47:47.413448
2013-12-10,13:45,27.3,27.6,8.3,45.4,0.71,NW@4.9,7.1,35.2,0.0,292,"Finley, Benton County",100113,Finley,2017-12-13 01:47:47.413448
2013-12-10,14:00,27.7,28.0,8.6,45.2,0.81,NW@4.3,6.0,35.2,0.0,276,"Finley, Benton County",100113,Finley,2017-12-13 01:47:47.413448
2013-12-10,14:15,27.8,28.0,8.6,45.1,0.73,NW@3.8,6.0,35.2,0.0,186,"Finley, Benton County",100113,Finley,2017-12-13 01:47:47.413448
2013-12-10,14:30,26.9,26.9,7.8,45.5,0.35,W@2.9,4.6,35.3,0.0,52,"Finley, Benton County",100113,Finley,2017-12-13 01:47:47.413448
2013-12-10,14:45,26.4,26.4,7.5,45.8,0.23,W@2.5,4.2,35.3,0.0,33,"Finley, Benton County",100113,Finley,2017-12-13 01:47:47.413448
2013-12-10,15:00,25.6,25.6,7.6,47.8,0.19,W@3.6,5.7,35.3,0.0,26,"Finley, Benton County",100113,Finley,2017-12-13 01:47:47.413448
2013-12-10,15:15,24.7,24.7,7.8,50.2,0.14,SW@3.2,4.9,35.3,0.0,25,"Finley, Benton County",100113,Finley,2017-12-13 01:47:47.413448
2013-12-10,15:30,23.9,23.9,7.7,51.8,0.12,SW@3.7,5.3,35.4,0.0,21,"Finley, Benton County",100113,Finley,2017-12-13 01:47:47.413448
2013-12-10,15:45,23.5,23.5,7.6,52.7,0.1,SW@3.8,5.3,35.4,0.0,19,"Finley, Benton County",100113,Finley,2017-12-13 01:47:47.413448
2013-12-10,16:00,22.2,22.0,7.2,55.2,0.08,SW@3.7,4.9,35.4,0.0,12,"Finley, Benton County",100113,Finley,2017-12-13 01:47:47.413448
2013-12-10,16:15,21.6,21.7,6.8,55.6,0.07,SW@4.7,6.4,35.4,0.0,7,"Finley, Benton County",100113,Finley,2017-12-13 01:47:47.413448
2013-12-10,16:30,21.8,21.8,6.4,54.3,0.07,SW@4.3,6.0,35.5,0.0,1,"Finley, Benton County",100113,Finley,2017-12-13 01:47:47.413448
2013-12-10,16:45,21.2,21.2,6.0,54.7,0.06,SW@4.0,5.3,35.5,0.0,0,"Finley, Benton County",100113,Finley,2017-12-13 01:47:47.413448
2013-12-10,17:00,20.3,20.3,5.6,56.0,0.05,SW@4.2,5.3,35.5,0.0,0,"Finley, Benton County",100113,Finley,2017-12-13 01:47:47.413448
2013-12-10,17:15,20.4,20.5,5.8,56.1,0.05,SW@4.3,6.0,35.5,0.0,0,"Finley, Benton County",100113,Finley,2017-12-13 01:47:47.413448
2013-12-10,17:30,19.9,19.9,5.6,57.1,0.04,SW@5.3,6.4,35.5,0.0,0,"Finley, Benton County",100113,Finley,2017-12-13 01:47:47.413448
2013-12-10,17:45,19.7,19.7,5.6,57.7,0.04,SW@4.5,6.4,35.6,0.0,0,"Finley, Benton County",100113,Finley,2017-12-13 01:47:47.413448
2013-12-10,18:00,19.4,19.5,5.6,58.4,0.04,SW@4.1,5.7,35.6,0.0,0,"Finley, Benton County",100113,Finley,2017-12-13 01:47:47.413448
2013-12-10,18:15,19.0,19.0,5.5,59.3,0.04,SW@3.8,5.7,35.6,0.0,0,"Finley, Benton County",100113,Finley,2017-12-13 01:47:47.413448
2013-12-10,18:30,18.5,18.5,5.3,60.2,0.04,SW@4.1,5.3,35.6,0.0,0,"Finley, Benton County",100113,Finley,2017-12-13 01:47:47.413448
2013-12-10,18:45,18.3,18.4,5.2,60.5,0.03,SW@4.0,4.9,35.6,0.0,0,"Finley, Benton County",100113,Finley,2017-12-13 01:47:47.413448
2013-12-10,19:00,18.4,18.5,5.4,60.6,0.03,SW@3.4,4.2,35.6,0.0,0,"Finley, Benton County",100113,Finley,2017-12-13 01:47:47.413448
2013-12-10,19:15,18.0,18.0,5.3,61.6,0.03,SW@3.6,4.9,35.6,0.0,0,"Finley, Benton County",100113,Finley,2017-12-13 01:47:47.413448
2013-12-10,19:30,18.0,18.1,5.4,61.8,0.03,SW@4.0,5.7,35.6,0.0,0,"Finley, Benton County",100113,Finley,2017-12-13 01:47:47.413448
2013-12-10,19:45,18.4,18.6,5.7,61.4,0.03,SW@3.7,4.9,35.6,0.0,0,"Finley, Benton County",100113,Finley,2017-12-13 01:47:47.413448
2013-12-10,20:00,18.6,18.7,5.8,61.2,0.03,SW@3.3,4.6,35.7,0.0,0,"Finley, Benton County",100113,Finley,2017-12-13 01:47:47.413448
2013-12-10,20:15,20.7,21.0,7.2,59.1,0.05,SW@3.4,5.3,35.7,0.0,0,"Finley, Benton County",100113,Finley,2017-12-13 01:47:47.413448
2013-12-10,20:30,22.8,23.0,8.3,56.3,0.06,SW@2.7,4.6,35.7,0.0,0,"Finley, Benton County",100113,Finley,2017-12-13 01:47:47.413448
2013-12-10,20:45,23.3,23.4,8.7,56.1,0.06,W@3.2,4.9,35.7,0.0,0,"Finley, Benton County",100113,Finley,2017-12-13 01:47:47.413448
2013-12-10,21:00,23.7,23.8,8.9,55.4,0.06,SW@3.0,4.6,35.7,0.0,0,"Finley, Benton County",100113,Finley,2017-12-13 01:47:47.413448
2013-12-10,21:15,23.9,24.0,8.8,54.6,0.05,W@2.8,4.2,35.7,0.0,0,"Finley, Benton County",100113,Finley,2017-12-13 01:47:47.413448
2013-12-10,21:30,24.1,24.2,8.9,54.4,0.04,W@2.8,4.2,35.7,0.0,0,"Finley, Benton County",100113,Finley,2017-12-13 01:47:47.413448
2013-12-10,21:45,24.1,24.0,8.6,53.7,0.03,W@2.1,3.1,35.7,0.0,0,"Finley, Benton County",100113,Finley,2017-12-13 01:47:47.413448
2013-12-10,22:00,22.5,22.2,8.1,56.5,0.02,NW@1.9,3.1,35.7,0.0,0,"Finley, Benton County",100113,Finley,2017-12-13 01:47:47.413448
2013-12-10,22:15,20.2,20.0,7.4,61.1,0.02,W@1.6,2.4,35.6,0.0,0,"Finley, Benton County",100113,Finley,2017-12-13 01:47:47.413448
2013-12-10,22:30,18.6,18.4,6.0,61.7,0.02,SW@2.1,3.1,35.6,0.0,0,"Finley, Benton County",100113,Finley,2017-12-13 01:47:47.413448
2013-12-10,22:45,17.4,17.3,5.0,62.7,0.02,SW@2.6,3.5,35.6,0.0,0,"Finley, Benton County",100113,Finley,2017-12-13 01:47:47.413448
2013-12-10,23:00,16.1,16.0,4.2,64.3,0.02,SW@3.0,4.2,35.6,0.0,0,"Finley, Benton County",100113,Finley,2017-12-13 01:47:47.413448
2013-12-10,23:15,15.8,15.8,4.2,64.9,0.02,SW@3.2,4.6,35.6,0.0,0,"Finley, Benton County",100113,Finley,2017-12-13 01:47:47.413448
2013-12-10,23:30,15.7,15.7,4.2,65.6,0.02,SW@3.1,4.2,35.6,0.0,0,"Finley, Benton County",100113,Finley,2017-12-13 01:47:47.413448
2013-12-10,23:45,15.8,15.9,4.5,65.9,0.02,SW@3.1,3.9,35.6,0.0,0,"Finley, Benton County",100113,Finley,2017-12-13 01:47:47.413448
2013-12-10,24:00,16.4,16.5,4.8,64.9,0.02,SW@2.7,4.2,35.6,0.0,0,"Finley, Benton County",100113,Finley,2017-12-13 01:47:47.413448
2013-12-11,00:15,16.0,16.1,4.8,66.0,0.02,SW@2.6,3.9,35.6,0.0,0,"Finley, Benton County",100113,Finley,2017-12-13 01:47:47.413448
2013-12-11,00:30,15.9,15.8,4.5,65.6,0.02,SW@2.4,3.1,35.6,0.0,0,"Finley, Benton County",100113,Finley,2017-12-13 01:47:47.413448
2013-12-11,00:45,15.8,15.9,4.7,66.7,0.03,SW@2.4,3.1,35.6,0.0,0,"Finley, Benton County",100113,Finley,2017-12-13 01:47:47.413448
2013-12-11,01:00,16.0,16.1,4.7,65.9,0.02,SW@3.3,4.9,35.6,0.0,0,"Finley, Benton County",100113,Finley,2017-12-13 01:47:47.413448
2013-12-11,01:15,16.5,16.6,5.1,65.6,0.02,SW@3.4,4.6,35.6,0.0,0,"Finley, Benton County",100113,Finley,2017-12-13 01:47:47.413448
2013-12-11,01:30,16.0,15.8,4.7,66.0,0.02,SW@1.6,3.5,35.6,0.0,0,"Finley, Benton County",100113,Finley,2017-12-13 01:47:47.413448
2013-12-11,01:45,14.5,14.2,4.2,69.3,0.05,SW@0.0,1.4,35.6,0.0,0,"Finley, Benton County",100113,Finley,2017-12-13 01:47:47.413448
2013-12-11,02:00,13.6,13.4,3.8,71.0,0.07,SW@1.3,2.4,35.6,0.0,0,"Finley, Benton County",100113,Finley,2017-12-13 01:47:47.413448
2013-12-11,02:15,13.7,13.6,3.9,70.8,0.06,SW@0.5,2.1,35.6,0.0,0,"Finley, Benton County",100113,Finley,2017-12-13 01:47:47.413448
2013-12-11,02:30,13.7,13.6,4.3,72.4,0.08,W@1.3,2.1,35.6,0.0,0,"Finley, Benton County",100113,Finley,2017-12-13 01:47:47.413448
2013-12-11,02:45,13.3,13.3,4.0,72.6,0.08,SW@2.1,2.8,35.6,0.0,0,"Finley, Benton County",100113,Finley,2017-12-13 01:47:47.413448
2013-12-11,03:00,13.4,13.5,4.0,72.4,0.07,W@2.6,3.9,35.5,0.0,0,"Finley, Benton County",100113,Finley,2017-12-13 01:47:47.413448
2013-12-11,03:15,14.0,14.1,4.3,71.2,0.05,W@2.2,3.1,35.5,0.0,0,"Finley, Benton County",100113,Finley,2017-12-13 01:47:47.413448
2013-12-11,03:30,12.6,12.4,3.0,71.7,0.06,SW@0.6,2.4,35.5,0.0,0,"Finley, Benton County",100113,Finley,2017-12-13 01:47:47.413448
2013-12-11,03:45,12.9,12.9,3.7,73.2,0.08,W@1.7,2.8,35.5,0.0,0,"Finley, Benton County",100113,Finley,2017-12-13 01:47:47.413448
2013-12-11,04:00,13.8,13.8,4.3,71.9,0.05,W@2.7,3.9,35.5,0.0,0,"Finley, Benton County",100113,Finley,2017-12-13 01:47:47.413448
2013-12-11,04:15,14.9,15.1,5.2,71.2,0.04,W@3.1,4.6,35.5,0.0,0,"Finley, Benton County",100113,Finley,2017-12-13 01:47:47.413448
2013-12-11,04:30,16.7,16.7,5.9,67.5,0.02,W@2.8,5.3,35.5,0.0,0,"Finley, Benton County",100113,Finley,2017-12-13 01:47:47.413448
2013-12-11,04:45,15.5,15.3,5.0,68.5,0.03,NW@1.9,2.8,35.4,0.0,0,"Finley, Benton County",100113,Finley,2017-12-13 01:47:47.413448
2013-12-11,05:00,14.5,14.3,4.6,70.6,0.04,W@1.4,3.1,35.4,0.0,0,"Finley, Benton County",100113,Finley,2017-12-13 01:47:47.413448
2013-12-11,05:15,12.9,12.7,3.9,73.6,0.08,W@1.0,2.4,35.4,0.0,0,"Finley, Benton County",100113,Finley,2017-12-13 01:47:47.413448
2013-12-11,05:30,12.5,12.4,3.8,75.0,0.09,NW@1.8,2.4,35.4,0.0,0,"Finley, Benton County",100113,Finley,2017-12-13 01:47:47.413448
2013-12-11,05:45,12.4,12.2,3.9,75.7,0.11,W@1.0,2.8,35.4,0.0,0,"Finley, Benton County",100113,Finley,2017-12-13 01:47:47.413448
2013-12-11,06:00,12.0,11.9,4.0,77.6,0.14,W@1.8,2.8,35.3,0.0,0,"Finley, Benton County",100113,Finley,2017-12-13 01:47:47.413448
2013-12-11,06:15,11.7,11.5,3.8,78.0,0.15,W@0.0,1.4,35.3,0.0,0,"Finley, Benton County",100113,Finley,2017-12-13 01:47:47.413448
2013-12-11,06:30,11.4,11.4,3.8,79.0,0.17,W@2.0,3.5,35.3,0.0,0,"Finley, Benton County",100113,Finley,2017-12-13 01:47:47.413448
2013-12-11,06:45,12.1,12.1,4.6,79.1,0.14,W@2.4,3.9,35.3,0.0,0,"Finley, Benton County",100113,Finley,2017-12-13 01:47:47.413448
2013-12-11,07:00,11.4,11.3,3.7,78.6,0.13,W@1.2,2.1,35.3,0.0,0,"Finley, Benton County",100113,Finley,2017-12-13 01:47:47.413448
2013-12-11,07:15,10.6,10.5,2.8,78.3,0.11,NW@0.5,2.1,35.3,0.0,0,"Finley, Benton County",100113,Finley,2017-12-13 01:47:47.413448
2013-12-11,07:30,12.5,12.8,4.6,77.6,0.1,W@2.5,3.9,35.2,0.0,3,"Finley, Benton County",100113,Finley,2017-12-13 01:47:47.413448
2013-12-11,07:45,14.8,14.8,5.7,73.2,0.1,W@2.5,3.5,35.2,0.0,11,"Finley, Benton County",100113,Finley,2017-12-13 01:47:47.413448
2013-12-11,08:00,14.2,14.0,5.1,73.1,0.09,W@1.0,2.8,35.2,0.0,30,"Finley, Benton County",100113,Finley,2017-12-13 01:47:47.413448
2013-12-11,08:15,14.8,14.9,5.7,73.0,0.07,NW@0.1,2.1,35.2,0.0,82,"Finley, Benton County",100113,Finley,2017-12-13 01:47:47.413448
2013-12-11,08:30,15.6,15.9,6.3,72.1,0.04,NW@1.9,3.5,35.1,0.0,109,"Finley, Benton County",100113,Finley,2017-12-13 01:47:47.413448
2013-12-11,08:45,15.5,15.8,7.1,75.5,0.03,NW@2.8,4.2,35.1,0.0,103,"Finley, Benton County",100113,Finley,2017-12-13 01:47:47.413448
2013-12-11,09:00,16.8,16.9,8.5,75.3,0.03,N@2.3,3.1,35.1,0.0,137,"Finley, Benton County",100113,Finley,2017-12-13 01:47:47.413448
2013-12-11,09:15,17.4,17.7,8.7,74.0,0.02,NW@1.8,3.1,35.1,0.0,136,"Finley, Benton County",100113,Finley,2017-12-13 01:47:47.413448
2013-12-11,09:30,18.8,19.3,10.0,73.4,0.02,NW@1.6,2.8,35.0,0.0,148,"Finley, Benton County",100113,Finley,2017-12-13 01:47:47.413448
2013-12-11,09:45,21.2,21.3,11.5,69.9,0.02,N@1.5,3.1,35.0,0.0,208,"Finley, Benton County",100113,Finley,2017-12-13 01:47:47.413448
2013-12-11,10:00,22.3,22.8,11.1,65.1,0.01,NW@2.1,3.5,35.0,0.0,244,"Finley, Benton County",100113,Finley,2017-12-13 01:47:47.413448
2013-12-11,10:15,23.4,24.0,10.8,61.4,0.01,NW@1.8,3.5,35.0,0.0,251,"Finley, Benton County",100113,Finley,2017-12-13 01:47:47.413448
2013-12-11,10:30,23.8,24.1,10.9,60.3,0.01,NW@3.0,4.9,35.0,0.0,237,"Finley, Benton County",100113,Finley,2017-12-13 01:47:47.413448
2013-12-11,10:45,24.5,24.3,11.6,60.3,0.01,N@3.7,5.3,34.9,0.0,319,"Finley, Benton County",100113,Finley,2017-12-13 01:47:47.413448
2013-12-11,11:00,24.5,24.8,11.6,60.0,0.01,NW@3.6,5.3,34.9,0.0,276,"Finley, Benton County",100113,Finley,2017-12-13 01:47:47.413448
2013-12-11,11:15,25.8,26.4,11.9,57.4,0.0,NW@2.7,5.7,34.9,0.0,355,"Finley, Benton County",100113,Finley,2017-12-13 01:47:47.413448
2013-12-11,11:30,27.1,27.1,12.3,55.0,0.62,NE@2.8,4.9,34.9,0.0,377,"Finley, Benton County",100113,Finley,2017-12-13 01:47:47.413448
2013-12-11,11:45,28.0,28.2,12.6,53.3,0.96,N@2.1,4.9,34.9,0.0,312,"Finley, Benton County",100113,Finley,2017-12-13 01:47:47.413448
2013-12-11,12:00,27.0,26.6,12.0,54.5,0.87,NE@3.4,5.7,34.9,0.0,289,"Finley, Benton County",100113,Finley,2017-12-13 01:47:47.413448
2013-12-11,12:15,27.4,27.1,12.2,54.0,0.81,NE@2.8,5.3,34.9,0.0,271,"Finley, Benton County",100113,Finley,2017-12-13 01:47:47.413448
2013-12-11,12:30,27.9,27.8,12.5,53.6,0.83,N@2.7,6.4,34.9,0.0,274,"Finley, Benton County",100113,Finley,2017-12-13 01:47:47.413448
2013-12-11,12:45,28.0,28.2,12.7,53.6,0.84,N@3.9,6.0,34.9,0.0,289,"Finley, Benton County",100113,Finley,2017-12-13 01:47:47.413448
2013-12-11,13:00,27.9,28.0,12.6,53.8,0.8,N@4.0,6.7,34.9,0.0,205,"Finley, Benton County",100113,Finley,2017-12-13 01:47:47.413448
2013-12-11,13:15,28.0,28.3,12.7,53.7,0.77,N@3.1,4.9,34.9,0.0,188,"Finley, Benton County",100113,Finley,2017-12-13 01:47:47.413448
2013-12-11,13:30,28.5,28.4,12.8,52.6,0.71,NE@1.9,3.9,34.9,0.0,171,"Finley, Benton County",100113,Finley,2017-12-13 01:47:47.413448
2013-12-11,13:45,29.0,28.8,12.8,51.6,0.72,NE@2.8,4.6,34.9,0.0,252,"Finley, Benton County",100113,Finley,2017-12-13 01:47:47.413448
2013-12-11,14:00,29.7,29.7,13.0,50.1,0.69,S@2.0,4.2,34.9,0.0,280,"Finley, Benton County",100113,Finley,2017-12-13 01:47:47.413448
2013-12-11,14:15,30.2,30.0,12.9,48.9,0.08,NE@2.5,4.6,35.0,0.0,229,"Finley, Benton County",100113,Finley,2017-12-13 01:47:47.413448
2013-12-11,14:30,30.1,29.9,13.1,49.5,0.0,E@1.4,2.8,35.0,0.0,205,"Finley, Benton County",100113,Finley,2017-12-13 01:47:47.413448
2013-12-11,14:45,29.8,29.6,13.2,50.4,0.0,SE@3.4,5.3,35.0,0.0,182,"Finley, Benton County",100113,Finley,2017-12-13 01:47:47.413448
2013-12-11,15:00,29.1,29.1,13.1,51.8,0.0,SE@4.4,6.7,35.0,0.0,151,"Finley, Benton County",100113,Finley,2017-12-13 01:47:47.413448
2013-12-11,15:15,29.1,29.1,13.2,52.0,0.0,E@2.9,5.3,35.0,0.0,129,"Finley, Benton County",100113,Finley,2017-12-13 01:47:47.413448
2013-12-11,15:30,28.9,28.8,13.6,53.5,0.0,NE@2.6,3.9,35.1,0.0,80,"Finley, Benton County",100113,Finley,2017-12-13 01:47:47.413448
2013-12-11,15:45,28.4,28.3,14.0,55.8,0.0,N@1.6,2.8,35.1,0.0,40,"Finley, Benton County",100113,Finley,2017-12-13 01:47:47.413448
2013-12-11,16:00,27.6,27.5,12.8,55.1,0.0,NW@2.0,3.9,35.1,0.0,19,"Finley, Benton County",100113,Finley,2017-12-13 01:47:47.413448
2013-12-11,16:15,26.5,26.5,12.4,56.9,0.0,W@3.2,4.2,35.2,0.0,8,"Finley, Benton County",100113,Finley,2017-12-13 01:47:47.413448
2013-12-11,16:30,26.2,26.2,12.4,57.7,0.0,W@3.0,4.6,35.2,0.0,5,"Finley, Benton County",100113,Finley,2017-12-13 01:47:47.413448
2013-12-11,16:45,25.6,25.7,12.1,58.4,0.0,W@3.3,4.9,35.2,0.0,0,"Finley, Benton County",100113,Finley,2017-12-13 01:47:47.413448
2013-12-11,17:00,25.0,25.0,11.8,59.2,0.0,SW@2.9,4.6,35.2,0.0,0,"Finley, Benton County",100113,Finley,2017-12-13 01:47:47.413448
2013-12-11,17:15,23.9,23.9,11.2,60.9,0.01,SW@3.3,4.2,35.3,0.0,0,"Finley, Benton County",100113,Finley,2017-12-13 01:47:47.413448
2013-12-11,17:30,24.2,24.3,11.6,60.9,0.0,SW@3.4,4.6,35.3,0.0,0,"Finley, Benton County",100113,Finley,2017-12-13 01:47:47.413448
2013-12-11,17:45,24.0,23.9,11.6,61.8,0.01,SW@3.3,4.2,35.3,0.0,0,"Finley, Benton County",100113,Finley,2017-12-13 01:47:47.413448
2013-12-11,18:00,24.0,24.1,11.9,62.4,0.01,SW@2.9,3.9,35.4,0.0,0,"Finley, Benton County",100113,Finley,2017-12-13 01:47:47.413448
2013-12-11,18:15,24.6,24.7,12.4,62.0,0.01,SW@2.9,4.2,35.4,0.0,0,"Finley, Benton County",100113,Finley,2017-12-13 01:47:47.413448
2013-12-11,18:30,23.8,23.7,11.8,62.9,0.01,SW@3.6,5.3,35.4,0.0,0,"Finley, Benton County",100113,Finley,2017-12-13 01:47:47.413448
2013-12-11,18:45,22.1,22.1,11.2,66.2,0.01,SW@4.1,6.0,35.4,0.0,0,"Finley, Benton County",100113,Finley,2017-12-13 01:47:47.413448
2013-12-11,19:00,22.4,22.5,11.8,66.9,0.02,SW@3.5,4.9,35.4,0.0,0,"Finley, Benton County",100113,Finley,2017-12-13 01:47:47.413448
2013-12-11,19:15,22.6,22.7,11.9,66.8,0.01,SW@3.9,5.3,35.5,0.0,0,"Finley, Benton County",100113,Finley,2017-12-13 01:47:47.413448
2013-12-11,19:30,23.1,23.2,12.4,66.6,0.01,SW@2.7,4.2,35.5,0.0,0,"Finley, Benton County",100113,Finley,2017-12-13 01:47:47.413448
2013-12-11,19:45,23.6,23.8,12.8,66.2,0.01,W@3.1,4.9,35.5,0.0,0,"Finley, Benton County",100113,Finley,2017-12-13 01:47:47.413448
2013-12-11,20:00,23.9,24.0,12.8,65.1,0.01,SW@3.4,4.9,35.5,0.0,0,"Finley, Benton County",100113,Finley,2017-12-13 01:47:47.413448
2013-12-11,20:15,23.3,23.3,12.4,66.0,0.01,SW@3.2,4.2,35.5,0.0,0,"Finley, Benton County",100113,Finley,2017-12-13 01:47:47.413448
2013-12-11,20:30,22.8,22.8,11.9,66.1,0.01,SW@3.1,4.2,35.5,0.0,0,"Finley, Benton County",100113,Finley,2017-12-13 01:47:47.413448
2013-12-11,20:45,23.3,23.4,11.9,64.5,0.01,SW@2.8,3.9,35.6,0.0,0,"Finley, Benton County",100113,Finley,2017-12-13 01:47:47.413448
2013-12-11,21:00,23.1,23.1,11.7,64.7,0.01,SW@2.9,3.9,35.6,0.0,0,"Finley, Benton County",100113,Finley,2017-12-13 01:47:47.413448
2013-12-11,21:15,23.3,23.3,11.9,64.7,0.01,SW@3.5,4.9,35.6,0.0,0,"Finley, Benton County",100113,Finley,2017-12-13 01:47:47.413448
2013-12-11,21:30,23.9,24.0,12.3,63.9,0.01,SW@3.1,4.2,35.6,0.0,0,"Finley, Benton County",100113,Finley,2017-12-13 01:47:47.413448
2013-12-11,21:45,24.3,24.4,12.6,63.4,0.01,SW@3.3,5.3,35.6,0.0,0,"Finley, Benton County",100113,Finley,2017-12-13 01:47:47.413448
2013-12-11,22:00,24.6,24.7,12.6,62.6,0.0,SW@3.5,5.3,35.6,0.0,0,"Finley, Benton County",100113,Finley,2017-12-13 01:47:47.413448
2013-12-11,22:15,24.4,24.4,12.3,62.5,0.0,SW@2.9,3.9,35.6,0.0,0,"Finley, Benton County",100113,Finley,2017-12-13 01:47:47.413448
2013-12-11,22:30,23.9,23.9,12.0,63.0,0.01,SW@3.2,4.9,35.6,0.0,0,"Finley, Benton County",100113,Finley,2017-12-13 01:47:47.413448
2013-12-11,22:45,23.2,23.1,11.4,63.3,0.01,S@2.8,4.2,35.6,0.0,0,"Finley, Benton County",100113,Finley,2017-12-13 01:47:47.413448
2013-12-11,23:00,21.8,21.7,10.9,66.1,0.01,S@2.4,3.9,35.6,0.0,0,"Finley, Benton County",100113,Finley,2017-12-13 01:47:47.413448
2013-12-11,23:15,21.3,21.3,10.6,66.9,0.02,SW@2.7,4.2,35.6,0.0,0,"Finley, Benton County",100113,Finley,2017-12-13 01:47:47.413448
2013-12-11,23:30,22.2,22.5,11.1,65.6,0.01,S@3.2,4.2,35.6,0.0,0,"Finley, Benton County",100113,Finley,2017-12-13 01:47:47.413448
2013-12-11,23:45,21.8,21.8,11.0,66.5,0.01,SW@0.6,2.4,35.6,0.0,0,"Finley, Benton County",100113,Finley,2017-12-13 01:47:47.413448
2013-12-11,24:00,21.7,21.7,11.7,69.1,0.01,SW@1.9,3.1,35.6,0.0,0,"Finley, Benton County",100113,Finley,2017-12-13 01:47:47.413448
2013-12-12,00:15,22.1,22.1,12.3,69.7,0.01,SW@2.7,3.9,35.6,0.0,0,"Finley, Benton County",100113,Finley,2017-12-13 01:47:47.413448
2013-12-12,00:30,22.4,22.3,12.6,69.7,0.01,SW@2.0,2.4,35.6,0.0,0,"Finley, Benton County",100113,Finley,2017-12-13 01:47:47.413448
2013-12-12,00:45,22.4,22.4,13.0,70.6,0.02,SW@2.3,3.5,35.6,0.0,0,"Finley, Benton County",100113,Finley,2017-12-13 01:47:47.413448
2013-12-12,01:00,23.3,23.4,13.7,70.1,0.01,SW@2.7,3.5,35.6,0.0,0,"Finley, Benton County",100113,Finley,2017-12-13 01:47:47.413448
2013-12-12,01:15,23.9,23.9,14.0,68.7,0.01,SW@2.1,2.8,35.6,0.0,0,"Finley, Benton County",100113,Finley,2017-12-13 01:47:47.413448
2013-12-12,01:30,23.7,23.6,14.1,69.9,0.01,S@2.0,3.1,35.6,0.0,0,"Finley, Benton County",100113,Finley,2017-12-13 01:47:47.413448
2013-12-12,01:45,23.2,23.2,14.0,70.9,0.02,S@1.7,2.4,35.6,0.0,0,"Finley, Benton County",100113,Finley,2017-12-13 01:47:47.413448
2013-12-12,02:00,23.4,23.3,14.0,70.6,0.03,S@0.6,2.1,35.6,0.0,0,"Finley, Benton County",100113,Finley,2017-12-13 01:47:47.413448
2013-12-12,02:15,22.7,22.5,13.6,71.6,0.06,SW@1.4,2.1,35.6,0.0,0,"Finley, Benton County",100113,Finley,2017-12-13 01:47:47.413448
2013-12-12,02:30,21.2,21.1,12.7,73.9,0.11,SW@2.3,3.5,35.6,0.0,0,"Finley, Benton County",100113,Finley,2017-12-13 01:47:47.413448
2013-12-12,02:45,19.7,19.6,11.3,74.2,0.14,SW@3.0,3.9,35.6,0.0,0,"Finley, Benton County",100113,Finley,2017-12-13 01:47:47.413448
2013-12-12,03:00,19.6,19.6,11.3,74.9,0.14,SW@3.9,5.7,35.6,0.0,0,"Finley, Benton County",100113,Finley,2017-12-13 01:47:47.413448
2013-12-12,03:15,20.0,20.1,11.7,74.7,0.1,SW@3.5,5.3,35.6,0.0,0,"Finley, Benton County",100113,Finley,2017-12-13 01:47:47.413448
2013-12-12,03:30,20.0,20.0,11.7,74.9,0.1,SW@3.1,3.9,35.6,0.0,0,"Finley, Benton County",100113,Finley,2017-12-13 01:47:47.413448
2013-12-12,03:45,20.4,20.5,12.1,74.6,0.12,SW@2.9,4.2,35.6,0.0,0,"Finley, Benton County",100113,Finley,2017-12-13 01:47:47.413448
2013-12-12,04:00,20.0,19.9,11.7,74.7,0.16,SW@3.0,3.9,35.6,0.0,0,"Finley, Benton County",100113,Finley,2017-12-13 01:47:47.413448
2013-12-12,04:15,18.8,18.7,10.7,75.6,0.2,SW@2.7,3.9,35.6,0.0,0,"Finley, Benton County",100113,Finley,2017-12-13 01:47:47.413448
2013-12-12,04:30,18.0,18.0,10.4,77.5,0.27,SW@2.9,4.2,35.6,0.0,0,"Finley, Benton County",100113,Finley,2017-12-13 01:47:47.413448
2013-12-12,04:45,18.0,18.0,10.4,77.5,0.29,SW@3.3,4.2,35.6,0.0,0,"Finley, Benton County",100113,Finley,2017-12-13 01:47:47.413448
2013-12-12,05:00,17.4,17.4,10.0,78.4,0.33,SW@3.1,4.6,35.6,0.0,0,"Finley, Benton County",100113,Finley,2017-12-13 01:47:47.413448
2013-12-12,05:15,17.0,17.0,9.9,79.4,0.38,SW@3.3,4.6,35.6,0.0,0,"Finley, Benton County",100113,Finley,2017-12-13 01:47:47.413448
2013-12-12,05:30,17.8,17.8,10.6,79.2,0.39,SW@3.5,4.6,35.6,0.0,0,"Finley, Benton County",100113,Finley,2017-12-13 01:47:47.413448
2013-12-12,05:45,18.1,18.2,11.0,79.1,0.38,SW@3.6,4.9,35.6,0.0,0,"Finley, Benton County",100113,Finley,2017-12-13 01:47:47.413448
2013-12-12,06:00,18.1,18.1,11.0,79.3,0.38,SW@2.7,3.9,35.6,0.0,0,"Finley, Benton County",100113,Finley,2017-12-13 01:47:47.413448
2013-12-12,06:15,18.1,18.1,11.2,80.2,0.44,SW@2.9,3.5,35.6,0.0,0,"Finley, Benton County",100113,Finley,2017-12-13 01:47:47.413448
2013-12-12,06:30,18.6,18.7,11.8,80.1,0.47,SW@2.7,3.5,35.6,0.0,0,"Finley, Benton County",100113,Finley,2017-12-13 01:47:47.413448
2013-12-12,06:45,18.9,18.9,12.0,79.8,0.49,SW@2.5,2.8,35.6,0.0,0,"Finley, Benton County",100113,Finley,2017-12-13 01:47:47.413448
2013-12-12,07:00,18.6,18.6,11.6,79.6,0.49,SW@2.1,3.1,35.6,0.0,0,"Finley, Benton County",100113,Finley,2017-12-13 01:47:47.413448
2013-12-12,07:15,18.1,18.1,11.3,80.4,0.51,SW@2.4,3.1,35.6,0.0,1,"Finley, Benton County",100113,Finley,2017-12-13 01:47:47.413448
2013-12-12,07:30,18.8,19.1,12.2,80.7,0.49,W@2.7,4.2,35.6,0.0,12,"Finley, Benton County",100113,Finley,2017-12-13 01:47:47.413448
2013-12-12,07:45,20.5,20.6,13.3,78.6,0.34,W@2.1,3.5,35.6,0.0,28,"Finley, Benton County",100113,Finley,2017-12-13 01:47:47.413448
2013-12-12,08:00,21.7,21.8,14.1,76.8,0.18,W@1.5,3.5,35.6,0.0,37,"Finley, Benton County",100113,Finley,2017-12-13 01:47:47.413448
2013-12-12,08:15,22.3,22.4,15.0,77.6,0.09,NW@3.2,4.9,35.6,0.0,80,"Finley, Benton County",100113,Finley,2017-12-13 01:47:47.413448
2013-12-12,08:30,23.2,23.4,17.2,81.6,0.09,NW@3.5,5.7,35.5,0.0,108,"Finley, Benton County",100113,Finley,2017-12-13 01:47:47.413448
2013-12-12,08:45,23.3,23.6,17.7,82.9,0.13,N@2.4,3.5,35.5,0.0,85,"Finley, Benton County",100113,Finley,2017-12-13 01:47:47.413448
2013-12-12,09:00,23.1,23.2,17.6,83.4,0.19,N@2.8,3.9,35.5,0.0,97,"Finley, Benton County",100113,Finley,2017-12-13 01:47:47.413448
2013-12-12,09:15,23.2,23.4,17.7,83.7,0.24,NW@2.9,4.6,35.5,0.0,130,"Finley, Benton County",100113,Finley,2017-12-13 01:47:47.413448
2013-12-12,09:30,24.0,24.2,18.5,83.1,0.17,NW@4.6,6.0,35.5,0.0,189,"Finley, Benton County",100113,Finley,2017-12-13 01:47:47.413448
2013-12-12,09:45,25.0,25.4,18.8,80.5,0.06,NW@3.7,5.3,35.5,0.0,206,"Finley, Benton County",100113,Finley,2017-12-13 01:47:47.413448
2013-12-12,10:00,25.9,26.2,18.7,77.0,0.02,NW@2.5,3.9,35.5,0.0,172,"Finley, Benton County",100113,Finley,2017-12-13 01:47:47.413448
2013-12-12,10:15,26.5,26.6,18.7,74.4,0.01,N@1.9,3.5,35.5,0.0,157,"Finley, Benton County",100113,Finley,2017-12-13 01:47:47.413448
2013-12-12,10:30,26.8,26.9,18.6,73.3,0.01,N@3.0,4.6,35.5,0.0,158,"Finley, Benton County",100113,Finley,2017-12-13 01:47:47.413448
2013-12-12,10:45,26.9,27.0,18.1,71.7,0.01,NW@3.6,5.3,35.5,0.0,157,"Finley, Benton County",100113,Finley,2017-12-13 01:47:47.413448
2013-12-12,11:00,27.5,27.6,18.7,71.3,0.01,NE@2.3,4.6,35.5,0.0,171,"Finley, Benton County",100113,Finley,2017-12-13 01:47:47.413448
2013-12-12,11:15,28.6,28.6,18.9,68.3,0.01,E@2.0,3.5,35.5,0.0,205,"Finley, Benton County",100113,Finley,2017-12-13 01:47:47.413448
2013-12-12,11:30,28.9,28.8,18.4,66.0,0.0,E@2.0,4.9,35.5,0.0,178,"Finley, Benton County",100113,Finley,2017-12-13 01:47:47.413448
2013-12-12,11:45,29.0,29.0,18.4,65.4,0.0,E@2.2,3.9,35.5,0.0,168,"Finley, Benton County",100113,Finley,2017-12-13 01:47:47.413448
2013-12-12,12:00,29.4,29.4,18.6,64.9,0.0,N@2.3,3.9,35.5,0.0,151,"Finley, Benton County",100113,Finley,2017-12-13 01:47:47.413448
2013-12-12,12:15,29.5,29.5,18.7,64.7,0.0,E@3.0,4.6,35.5,0.0,179,"Finley, Benton County",100113,Finley,2017-12-13 01:47:47.413448
2013-12-12,12:30,30.2,30.1,18.9,63.6,0.0,E@3.9,6.7,35.5,0.0,211,"Finley, Benton County",100113,Finley,2017-12-13 01:47:47.413448
2013-12-12,12:45,30.3,30.3,19.1,63.6,0.0,NE@3.5,5.3,35.5,0.0,180,"Finley, Benton County",100113,Finley,2017-12-13 01:47:47.413448
2013-12-12,13:00,30.8,30.7,19.7,63.8,0.0,NE@2.6,4.6,35.5,0.0,187,"Finley, Benton County",100113,Finley,2017-12-13 01:47:47.413448
2013-12-12,13:15,31.0,30.8,20.7,66.1,0.0,NE@2.5,4.2,35.5,0.0,163,"Finley, Benton County",100113,Finley,2017-12-13 01:47:47.413448
2013-12-12,13:30,31.3,31.2,21.5,67.3,0.0,NE@2.6,4.6,35.5,0.0,138,"Finley, Benton County",100113,Finley,2017-12-13 01:47:47.413448
2013-12-12,13:45,31.1,31.1,22.0,69.0,0.01,N@2.3,4.9,35.5,0.0,95,"Finley, Benton County",100113,Finley,2017-12-13 01:47:47.413448
2013-12-12,14:00,31.3,31.3,21.8,68.1,0.01,NE@1.6,3.5,35.6,0.0,69,"Finley, Benton County",100113,Finley,2017-12-13 01:47:47.413448
2013-12-12,14:15,31.3,31.2,22.1,69.1,0.01,N@2.2,4.6,35.6,0.0,47,"Finley, Benton County",100113,Finley,2017-12-13 01:47:47.413448
2013-12-12,14:30,31.1,31.1,22.1,69.7,0.01,NW@3.3,5.7,35.6,0.0,40,"Finley, Benton County",100113,Finley,2017-12-13 01:47:47.413448
2013-12-12,14:45,30.7,30.8,21.7,69.6,0.01,NW@4.1,5.7,35.6,0.0,45,"Finley, Benton County",100113,Finley,2017-12-13 01:47:47.413448
2013-12-12,15:00,30.7,30.8,21.1,68.0,0.01,NW@2.7,5.3,35.7,0.0,46,"Finley, Benton County",100113,Finley,2017-12-13 01:47:47.413448
2013-12-12,15:15,30.8,30.8,21.1,67.7,0.01,W@1.5,2.8,35.7,0.0,42,"Finley, Benton County",100113,Finley,2017-12-13 01:47:47.413448
2013-12-12,15:30,30.8,30.7,21.1,67.7,0.01,W@1.4,4.2,35.7,0.0,25,"Finley, Benton County",100113,Finley,2017-12-13 01:47:47.413448
2013-12-12,15:45,30.5,30.5,21.0,68.3,0.01,NW@2.5,3.9,35.7,0.0,12,"Finley, Benton County",100113,Finley,2017-12-13 01:47:47.413448
2013-12-12,16:00,30.3,30.3,20.8,68.5,0.01,W@2.4,3.9,35.8,0.0,4,"Finley, Benton County",100113,Finley,2017-12-13 01:47:47.413448
2013-12-12,16:15,30.2,30.2,20.7,68.5,0.01,W@2.2,3.9,35.8,0.0,1,"Finley, Benton County",100113,Finley,2017-12-13 01:47:47.413448
2013-12-12,16:30,30.2,30.2,20.7,68.7,0.01,W@2.4,3.9,35.8,0.0,0,"Finley, Benton County",100113,Finley,2017-12-13 01:47:47.413448
2013-12-12,16:45,30.0,30.0,20.7,69.0,0.01,W@2.1,3.1,35.9,0.0,0,"Finley, Benton County",100113,Finley,2017-12-13 01:47:47.413448
2013-12-12,17:00,30.0,30.0,20.8,69.2,0.01,SW@2.1,2.8,35.9,0.0,0,"Finley, Benton County",100113,Finley,2017-12-13 01:47:47.413448
2013-12-12,17:15,30.0,30.0,20.8,69.4,0.01,W@2.4,4.6,35.9,0.0,0,"Finley, Benton County",100113,Finley,2017-12-13 01:47:47.413448
2013-12-12,17:30,29.9,30.0,20.8,69.4,0.01,W@2.2,3.1,35.9,0.0,0,"Finley, Benton County",100113,Finley,2017-12-13 01:47:47.413448
2013-12-12,17:45,29.9,29.9,20.7,69.6,0.01,W@2.5,3.9,36.0,0.0,0,"Finley, Benton County",100113,Finley,2017-12-13 01:47:47.413448
2013-12-12,18:00,29.8,29.8,20.6,69.2,0.01,SW@2.3,3.9,36.0,0.0,0,"Finley, Benton County",100113,Finley,2017-12-13 01:47:47.413448
2013-12-12,18:15,29.9,30.0,20.5,68.9,0.01,W@3.3,6.0,36.0,0.0,0,"Finley, Benton County",100113,Finley,2017-12-13 01:47:47.413448
2013-12-12,18:30,30.1,30.2,20.6,68.3,0.01,W@2.7,4.2,36.0,0.0,0,"Finley, Benton County",100113,Finley,2017-12-13 01:47:47.413448
2013-12-12,18:45,30.3,30.3,20.3,66.9,0.01,SW@1.7,3.1,36.1,0.0,0,"Finley, Benton County",100113,Finley,2017-12-13 01:47:47.413448
2013-12-12,19:00,30.4,30.4,20.4,66.9,0.16,SE@1.5,2.8,36.1,0.0,0,"Finley, Benton County",100113,Finley,2017-12-13 01:47:47.413448
2013-12-12,19:15,30.3,30.2,22.0,71.9,0.59,NW@0.6,2.4,36.1,0.0,0,"Finley, Benton County",100113,Finley,2017-12-13 01:47:47.413448
2013-12-12,19:30,30.0,30.0,23.3,77.0,1.0,W@1.8,2.8,36.1,0.0,0,"Finley, Benton County",100113,Finley,2017-12-13 01:47:47.413448
2013-12-12,19:45,30.0,29.9,23.3,77.0,1.0,N@1.2,3.1,36.1,0.0,0,"Finley, Benton County",100113,Finley,2017-12-13 01:47:47.413448
2013-12-12,20:00,29.8,29.7,23.5,78.7,1.0,SE@1.4,2.8,36.2,0.0,0,"Finley, Benton County",100113,Finley,2017-12-13 01:47:47.413448
2013-12-12,20:15,29.8,29.7,24.3,81.1,1.0,SW@0.2,2.1,36.2,0.0,0,"Finley, Benton County",100113,Finley,2017-12-13 01:47:47.413448
2013-12-12,20:30,29.8,29.7,24.7,82.6,1.0,S@0.9,2.8,36.2,0.0,0,"Finley, Benton County",100113,Finley,2017-12-13 01:47:47.413448
2013-12-12,20:45,29.6,29.5,25.0,84.4,1.0,NE@2.1,3.1,36.2,0.0,0,"Finley, Benton County",100113,Finley,2017-12-13 01:47:47.413448
2013-12-12,21:00,29.2,29.2,24.8,85.4,1.0,N@3.2,4.6,36.2,0.0,0,"Finley, Benton County",100113,Finley,2017-12-13 01:47:47.413448
2013-12-12,21:15,29.0,29.0,24.0,83.5,1.0,NW@4.1,6.0,36.3,0.0,0,"Finley, Benton County",100113,Finley,2017-12-13 01:47:47.413448
2013-12-12,21:30,28.8,28.8,23.6,82.8,1.0,NW@3.8,5.3,36.3,0.0,0,"Finley, Benton County",100113,Finley,2017-12-13 01:47:47.413448
2013-12-12,21:45,28.8,28.8,23.5,82.2,1.0,W@2.8,3.9,36.3,0.0,0,"Finley, Benton County",100113,Finley,2017-12-13 01:47:47.413448
2013-12-12,22:00,28.9,28.9,23.4,81.5,1.0,SW@2.4,3.5,36.3,0.0,0,"Finley, Benton County",100113,Finley,2017-12-13 01:47:47.413448
2013-12-12,22:15,28.7,28.8,23.7,83.1,1.0,S@3.0,4.2,36.3,0.0,0,"Finley, Benton County",100113,Finley,2017-12-13 01:47:47.413448
2013-12-12,22:30,28.7,28.7,23.5,82.7,1.0,W@1.7,2.8,36.4,0.0,0,"Finley, Benton County",100113,Finley,2017-12-13 01:47:47.413448
2013-12-12,22:45,28.1,28.0,23.1,83.6,1.0,W@1.6,4.2,36.4,0.0,0,"Finley, Benton County",100113,Finley,2017-12-13 01:47:47.413448
2013-12-12,23:00,28.1,28.1,23.4,84.6,1.0,W@2.6,3.9,36.4,0.0,0,"Finley, Benton County",100113,Finley,2017-12-13 01:47:47.413448
2013-12-12,23:15,27.8,27.7,23.0,84.5,1.0,SW@2.6,3.5,36.4,0.0,0,"Finley, Benton County",100113,Finley,2017-12-13 01:47:47.413448
2013-12-12,23:30,26.5,26.4,21.8,85.3,0.94,W@2.0,3.5,36.5,0.0,0,"Finley, Benton County",100113,Finley,2017-12-13 01:47:47.413448
2013-12-12,23:45,25.6,25.5,20.8,85.1,0.94,SW@3.3,4.2,36.5,0.0,0,"Finley, Benton County",100113,Finley,2017-12-13 01:47:47.413448
2013-12-12,24:00,25.3,25.4,20.2,84.3,0.93,SW@3.3,6.4,36.5,0.0,0,"Finley, Benton County",100113,Finley,2017-12-13 01:47:47.413448
