Date,Time PST,Air Temp °F, 2<sup>nd</sup> Air Temp °F, Dew Point °F, Rel Hum %, Leaf Wet u., Wind Dir @ Speed mph, Wind Gust mph, 8 in. Soil Tmp °F, Tot Prec in, Solar Rad W/m²,Location,Station ID,Station Name,Download Timestamp
2009-11-02,00:15,40.8,,33.2,74.1,0.0,S@2.4,4.9,54.1,0.0,0,"Maryhill, Klickitat County",310025,Maryhill,2017-12-06 08:13:37.323867
2009-11-02,00:30,39.7,,33.3,77.7,0.0,NW@1.3,3.1,54.1,0.0,0,"Maryhill, Klickitat County",310025,Maryhill,2017-12-06 08:13:37.323867
2009-11-02,00:45,39.1,,32.9,78.1,0.0,NW@1.2,3.9,54.0,0.0,0,"Maryhill, Klickitat County",310025,Maryhill,2017-12-06 08:13:37.323867
2009-11-02,01:00,38.5,,32.7,79.5,0.01,NW@1.7,3.1,54.0,0.0,0,"Maryhill, Klickitat County",310025,Maryhill,2017-12-06 08:13:37.323867
2009-11-02,01:15,38.7,,32.9,79.4,0.02,NW@0.3,2.8,53.9,0.0,0,"Maryhill, Klickitat County",310025,Maryhill,2017-12-06 08:13:37.323867
2009-11-02,01:30,37.9,,33.1,82.5,0.03,W@1.8,3.1,53.9,0.0,0,"Maryhill, Klickitat County",310025,Maryhill,2017-12-06 08:13:37.323867
2009-11-02,01:45,38.3,,33.1,81.4,0.04,W@1.4,3.1,53.8,0.0,0,"Maryhill, Klickitat County",310025,Maryhill,2017-12-06 08:13:37.323867
2009-11-02,02:00,37.7,,33.0,83.1,0.05,NW@0.7,3.5,53.8,0.0,0,"Maryhill, Klickitat County",310025,Maryhill,2017-12-06 08:13:37.323867
2009-11-02,02:15,37.9,,32.9,81.9,0.06,N@1.0,3.5,53.7,0.0,0,"Maryhill, Klickitat County",310025,Maryhill,2017-12-06 08:13:37.323867
2009-11-02,02:30,37.8,,32.8,81.7,0.07,W@0.7,3.9,53.7,0.0,0,"Maryhill, Klickitat County",310025,Maryhill,2017-12-06 08:13:37.323867
2009-11-02,02:45,37.4,,32.9,83.6,0.09,NW@2.6,3.5,53.6,0.0,0,"Maryhill, Klickitat County",310025,Maryhill,2017-12-06 08:13:37.323867
2009-11-02,03:00,37.5,,32.4,81.7,0.12,NW@2.3,3.1,53.6,0.0,0,"Maryhill, Klickitat County",310025,Maryhill,2017-12-06 08:13:37.323867
2009-11-02,03:15,37.1,,32.0,81.6,0.15,NW@0.4,2.4,53.5,0.0,0,"Maryhill, Klickitat County",310025,Maryhill,2017-12-06 08:13:37.323867
2009-11-02,03:30,36.6,,31.9,83.1,0.18,W@2.4,3.5,53.4,0.0,0,"Maryhill, Klickitat County",310025,Maryhill,2017-12-06 08:13:37.323867
2009-11-02,03:45,35.8,,31.8,85.1,0.24,W@2.1,2.8,53.4,0.0,0,"Maryhill, Klickitat County",310025,Maryhill,2017-12-06 08:13:37.323867
2009-11-02,04:00,36.1,,31.9,84.4,0.33,W@2.0,2.4,53.3,0.0,0,"Maryhill, Klickitat County",310025,Maryhill,2017-12-06 08:13:37.323867
2009-11-02,04:15,35.9,,31.9,84.9,0.44,W@2.4,3.1,53.2,0.0,0,"Maryhill, Klickitat County",310025,Maryhill,2017-12-06 08:13:37.323867
2009-11-02,04:30,35.1,,31.6,86.9,0.54,W@3.0,3.9,53.2,0.0,0,"Maryhill, Klickitat County",310025,Maryhill,2017-12-06 08:13:37.323867
2009-11-02,04:45,35.3,,32.2,88.4,0.61,NW@2.8,3.1,53.1,0.0,0,"Maryhill, Klickitat County",310025,Maryhill,2017-12-06 08:13:37.323867
2009-11-02,05:00,35.4,,32.2,87.8,0.67,NW@2.4,2.8,53.0,0.0,0,"Maryhill, Klickitat County",310025,Maryhill,2017-12-06 08:13:37.323867
2009-11-02,05:15,34.9,,32.1,89.3,0.72,NW@0.9,2.8,53.0,0.0,0,"Maryhill, Klickitat County",310025,Maryhill,2017-12-06 08:13:37.323867
2009-11-02,05:30,34.5,,32.0,90.4,0.76,W@2.6,3.1,52.9,0.0,0,"Maryhill, Klickitat County",310025,Maryhill,2017-12-06 08:13:37.323867
2009-11-02,05:45,34.5,,32.1,90.7,0.79,W@2.6,3.1,52.8,0.0,0,"Maryhill, Klickitat County",310025,Maryhill,2017-12-06 08:13:37.323867
2009-11-02,06:00,34.2,,31.7,90.5,0.82,W@2.7,3.5,52.8,0.0,0,"Maryhill, Klickitat County",310025,Maryhill,2017-12-06 08:13:37.323867
2009-11-02,06:15,34.4,,32.0,90.9,0.84,NW@2.4,3.1,52.7,0.0,0,"Maryhill, Klickitat County",310025,Maryhill,2017-12-06 08:13:37.323867
2009-11-02,06:30,34.4,,31.7,89.5,0.85,NW@2.7,3.5,52.6,0.0,1,"Maryhill, Klickitat County",310025,Maryhill,2017-12-06 08:13:37.323867
2009-11-02,06:45,34.5,,31.8,89.8,0.85,NW@1.8,3.1,52.5,0.0,4,"Maryhill, Klickitat County",310025,Maryhill,2017-12-06 08:13:37.323867
2009-11-02,07:00,34.3,,31.7,90.1,0.86,NW@2.7,3.5,52.5,0.0,11,"Maryhill, Klickitat County",310025,Maryhill,2017-12-06 08:13:37.323867
2009-11-02,07:15,34.7,,31.8,88.8,0.86,NW@2.5,3.1,52.4,0.0,25,"Maryhill, Klickitat County",310025,Maryhill,2017-12-06 08:13:37.323867
2009-11-02,07:30,35.8,,32.4,87.1,0.86,NW@1.7,3.1,52.3,0.0,54,"Maryhill, Klickitat County",310025,Maryhill,2017-12-06 08:13:37.323867
2009-11-02,07:45,37.6,,33.0,83.5,0.85,SE@1.1,3.1,52.2,0.0,105,"Maryhill, Klickitat County",310025,Maryhill,2017-12-06 08:13:37.323867
2009-11-02,08:00,39.1,,33.5,80.0,0.84,E@0.9,2.1,52.2,0.0,137,"Maryhill, Klickitat County",310025,Maryhill,2017-12-06 08:13:37.323867
2009-11-02,08:15,40.2,,33.5,76.6,0.8,SE@1.7,3.9,52.1,0.0,131,"Maryhill, Klickitat County",310025,Maryhill,2017-12-06 08:13:37.323867
2009-11-02,08:30,38.7,,33.1,80.1,0.72,SE@2.2,3.9,52.0,0.0,145,"Maryhill, Klickitat County",310025,Maryhill,2017-12-06 08:13:37.323867
2009-11-02,08:45,39.9,,33.7,78.1,0.58,SE@1.8,3.9,51.9,0.0,191,"Maryhill, Klickitat County",310025,Maryhill,2017-12-06 08:13:37.323867
2009-11-02,09:00,39.9,,34.0,79.2,0.3,SE@3.8,5.7,51.9,0.0,232,"Maryhill, Klickitat County",310025,Maryhill,2017-12-06 08:13:37.323867
2009-11-02,09:15,40.4,,34.5,79.3,0.07,S@3.6,6.0,51.8,0.0,238,"Maryhill, Klickitat County",310025,Maryhill,2017-12-06 08:13:37.323867
2009-11-02,09:30,41.8,,35.0,76.7,0.0,S@2.9,5.7,51.7,0.0,279,"Maryhill, Klickitat County",310025,Maryhill,2017-12-06 08:13:37.323867
2009-11-02,09:45,42.0,,34.7,74.9,0.0,S@3.9,7.8,51.7,0.0,248,"Maryhill, Klickitat County",310025,Maryhill,2017-12-06 08:13:37.323867
2009-11-02,10:00,42.3,,34.5,73.6,0.0,S@5.1,8.2,51.6,0.0,330,"Maryhill, Klickitat County",310025,Maryhill,2017-12-06 08:13:37.323867
2009-11-02,10:15,42.4,,35.2,75.5,0.0,S@4.9,7.8,51.5,0.0,299,"Maryhill, Klickitat County",310025,Maryhill,2017-12-06 08:13:37.323867
2009-11-02,10:30,43.0,,35.9,76.0,0.0,S@4.2,7.1,51.5,0.0,300,"Maryhill, Klickitat County",310025,Maryhill,2017-12-06 08:13:37.323867
2009-11-02,10:45,44.4,,35.9,71.9,0.0,S@3.8,5.7,51.4,0.0,276,"Maryhill, Klickitat County",310025,Maryhill,2017-12-06 08:13:37.323867
2009-11-02,11:00,44.1,,35.4,71.4,0.0,S@4.7,7.1,51.4,0.0,279,"Maryhill, Klickitat County",310025,Maryhill,2017-12-06 08:13:37.323867
2009-11-02,11:15,45.4,,35.3,67.5,0.0,S@5.3,9.2,51.4,0.0,355,"Maryhill, Klickitat County",310025,Maryhill,2017-12-06 08:13:37.323867
2009-11-02,11:30,45.5,,34.8,66.0,0.0,S@6.7,9.9,51.3,0.0,407,"Maryhill, Klickitat County",310025,Maryhill,2017-12-06 08:13:37.323867
2009-11-02,11:45,45.5,,35.5,67.8,0.0,S@6.2,10.3,51.3,0.0,324,"Maryhill, Klickitat County",310025,Maryhill,2017-12-06 08:13:37.323867
2009-11-02,12:00,48.0,,34.4,59.2,0.0,S@5.5,8.9,51.3,0.0,399,"Maryhill, Klickitat County",310025,Maryhill,2017-12-06 08:13:37.323867
2009-11-02,12:15,48.1,,35.7,61.8,0.0,S@6.2,10.3,51.3,0.0,518,"Maryhill, Klickitat County",310025,Maryhill,2017-12-06 08:13:37.323867
2009-11-02,12:30,47.8,,35.9,63.0,0.0,S@6.5,8.9,51.3,0.0,378,"Maryhill, Klickitat County",310025,Maryhill,2017-12-06 08:13:37.323867
2009-11-02,12:45,47.9,,35.9,63.1,0.0,S@6.1,9.6,51.3,0.0,337,"Maryhill, Klickitat County",310025,Maryhill,2017-12-06 08:13:37.323867
2009-11-02,13:00,49.1,,35.2,58.5,0.0,S@5.2,7.8,51.3,0.0,366,"Maryhill, Klickitat County",310025,Maryhill,2017-12-06 08:13:37.323867
2009-11-02,13:15,50.5,,34.6,54.1,0.0,S@4.5,7.4,51.3,0.0,396,"Maryhill, Klickitat County",310025,Maryhill,2017-12-06 08:13:37.323867
2009-11-02,13:30,50.9,,33.8,51.6,0.0,SE@5.0,8.2,51.3,0.0,393,"Maryhill, Klickitat County",310025,Maryhill,2017-12-06 08:13:37.323867
2009-11-02,13:45,51.5,,33.6,50.2,0.0,S@4.4,6.7,51.3,0.0,373,"Maryhill, Klickitat County",310025,Maryhill,2017-12-06 08:13:37.323867
2009-11-02,14:00,52.1,,34.7,51.2,0.0,S@3.5,5.7,51.4,0.0,347,"Maryhill, Klickitat County",310025,Maryhill,2017-12-06 08:13:37.323867
2009-11-02,14:15,52.4,,34.8,51.0,0.0,S@4.4,6.4,51.4,0.0,319,"Maryhill, Klickitat County",310025,Maryhill,2017-12-06 08:13:37.323867
2009-11-02,14:30,51.7,,35.1,52.8,0.0,SE@3.0,5.7,51.4,0.0,158,"Maryhill, Klickitat County",310025,Maryhill,2017-12-06 08:13:37.323867
2009-11-02,14:45,52.7,,35.6,52.1,0.0,S@2.5,5.3,51.5,0.0,223,"Maryhill, Klickitat County",310025,Maryhill,2017-12-06 08:13:37.323867
2009-11-02,15:00,53.3,,35.7,51.2,0.0,S@2.5,4.2,51.5,0.0,174,"Maryhill, Klickitat County",310025,Maryhill,2017-12-06 08:13:37.323867
2009-11-02,15:15,51.7,,36.2,55.1,0.0,S@3.2,5.7,51.6,0.0,129,"Maryhill, Klickitat County",310025,Maryhill,2017-12-06 08:13:37.323867
2009-11-02,15:30,51.7,,36.7,56.3,0.0,SW@2.5,4.9,51.6,0.0,116,"Maryhill, Klickitat County",310025,Maryhill,2017-12-06 08:13:37.323867
2009-11-02,15:45,53.0,,35.8,51.9,0.0,S@3.2,6.0,51.7,0.0,194,"Maryhill, Klickitat County",310025,Maryhill,2017-12-06 08:13:37.323867
2009-11-02,16:00,52.4,,35.0,51.5,0.0,SW@4.7,6.7,51.7,0.0,125,"Maryhill, Klickitat County",310025,Maryhill,2017-12-06 08:13:37.323867
2009-11-02,16:15,52.1,,35.5,53.1,0.0,SW@2.8,4.9,51.8,0.0,83,"Maryhill, Klickitat County",310025,Maryhill,2017-12-06 08:13:37.323867
2009-11-02,16:30,51.9,,35.8,54.1,0.0,E@0.3,2.1,51.8,0.0,42,"Maryhill, Klickitat County",310025,Maryhill,2017-12-06 08:13:37.323867
2009-11-02,16:45,49.7,,35.5,57.9,0.0,N@2.3,3.9,51.9,0.0,12,"Maryhill, Klickitat County",310025,Maryhill,2017-12-06 08:13:37.323867
2009-11-02,17:00,47.6,,35.1,61.7,0.0,N@2.6,3.5,51.9,0.0,4,"Maryhill, Klickitat County",310025,Maryhill,2017-12-06 08:13:37.323867
2009-11-02,17:15,47.0,,34.9,62.7,0.0,N@3.3,4.2,52.0,0.0,2,"Maryhill, Klickitat County",310025,Maryhill,2017-12-06 08:13:37.323867
2009-11-02,17:30,46.6,,34.8,63.1,0.0,NW@3.3,3.9,52.0,0.0,0,"Maryhill, Klickitat County",310025,Maryhill,2017-12-06 08:13:37.323867
2009-11-02,17:45,46.1,,34.3,63.2,0.0,NW@3.1,3.9,52.1,0.0,0,"Maryhill, Klickitat County",310025,Maryhill,2017-12-06 08:13:37.323867
2009-11-02,18:00,45.7,,34.2,63.8,0.0,NW@3.4,4.6,52.1,0.0,0,"Maryhill, Klickitat County",310025,Maryhill,2017-12-06 08:13:37.323867
2009-11-02,18:15,45.6,,33.8,63.1,0.0,NW@3.4,4.6,52.1,0.0,0,"Maryhill, Klickitat County",310025,Maryhill,2017-12-06 08:13:37.323867
2009-11-02,18:30,45.6,,34.5,65.1,0.0,N@1.9,3.5,52.2,0.0,0,"Maryhill, Klickitat County",310025,Maryhill,2017-12-06 08:13:37.323867
2009-11-02,18:45,45.6,,34.3,64.3,0.0,NW@2.6,3.5,52.2,0.0,0,"Maryhill, Klickitat County",310025,Maryhill,2017-12-06 08:13:37.323867
2009-11-02,19:00,44.8,,34.6,67.1,0.0,NW@2.6,3.9,52.2,0.0,0,"Maryhill, Klickitat County",310025,Maryhill,2017-12-06 08:13:37.323867
2009-11-02,19:15,44.6,,33.9,65.7,0.0,NW@2.7,3.5,52.2,0.0,0,"Maryhill, Klickitat County",310025,Maryhill,2017-12-06 08:13:37.323867
2009-11-02,19:30,44.1,,34.0,67.4,0.0,NW@3.3,5.3,52.3,0.0,0,"Maryhill, Klickitat County",310025,Maryhill,2017-12-06 08:13:37.323867
2009-11-02,19:45,44.6,,33.8,65.5,0.0,NW@2.7,5.3,52.3,0.0,0,"Maryhill, Klickitat County",310025,Maryhill,2017-12-06 08:13:37.323867
2009-11-02,20:00,44.3,,34.8,69.0,0.0,W@1.2,2.8,52.3,0.0,0,"Maryhill, Klickitat County",310025,Maryhill,2017-12-06 08:13:37.323867
2009-11-02,20:15,43.3,,35.0,72.3,0.0,W@3.4,4.2,52.3,0.0,0,"Maryhill, Klickitat County",310025,Maryhill,2017-12-06 08:13:37.323867
2009-11-02,20:30,42.9,,34.4,71.9,0.0,NW@2.2,3.9,52.2,0.0,0,"Maryhill, Klickitat County",310025,Maryhill,2017-12-06 08:13:37.323867
2009-11-02,20:45,43.5,,34.4,70.0,0.0,NW@3.2,4.6,52.2,0.0,0,"Maryhill, Klickitat County",310025,Maryhill,2017-12-06 08:13:37.323867
2009-11-02,21:00,42.6,,34.2,71.8,0.0,W@3.1,3.9,52.2,0.0,0,"Maryhill, Klickitat County",310025,Maryhill,2017-12-06 08:13:37.323867
2009-11-02,21:15,41.0,,34.2,76.8,0.0,W@3.1,3.9,52.2,0.0,0,"Maryhill, Klickitat County",310025,Maryhill,2017-12-06 08:13:37.323867
2009-11-02,21:30,42.3,,34.3,73.0,0.0,NW@2.6,4.2,52.2,0.0,0,"Maryhill, Klickitat County",310025,Maryhill,2017-12-06 08:13:37.323867
2009-11-02,21:45,42.9,,34.1,70.7,0.0,W@3.4,4.2,52.2,0.0,0,"Maryhill, Klickitat County",310025,Maryhill,2017-12-06 08:13:37.323867
2009-11-02,22:00,41.8,,34.9,76.3,0.0,NW@1.9,4.2,52.1,0.0,0,"Maryhill, Klickitat County",310025,Maryhill,2017-12-06 08:13:37.323867
2009-11-02,22:15,42.8,,34.6,72.3,0.0,W@3.5,4.6,52.1,0.0,0,"Maryhill, Klickitat County",310025,Maryhill,2017-12-06 08:13:37.323867
2009-11-02,22:30,41.7,,34.5,75.5,0.0,W@3.0,4.2,52.1,0.0,0,"Maryhill, Klickitat County",310025,Maryhill,2017-12-06 08:13:37.323867
2009-11-02,22:45,42.2,,34.8,74.8,0.0,W@3.5,4.9,52.0,0.0,0,"Maryhill, Klickitat County",310025,Maryhill,2017-12-06 08:13:37.323867
2009-11-02,23:00,41.6,,35.2,78.0,0.0,W@3.3,4.2,52.0,0.0,0,"Maryhill, Klickitat County",310025,Maryhill,2017-12-06 08:13:37.323867
2009-11-02,23:15,41.2,,35.0,78.4,0.0,W@2.2,3.5,52.0,0.0,0,"Maryhill, Klickitat County",310025,Maryhill,2017-12-06 08:13:37.323867
2009-11-02,23:30,41.4,,35.5,79.3,0.0,NW@2.7,3.5,51.9,0.0,0,"Maryhill, Klickitat County",310025,Maryhill,2017-12-06 08:13:37.323867
2009-11-02,23:45,41.6,,35.5,78.6,0.0,W@2.7,3.9,51.9,0.0,0,"Maryhill, Klickitat County",310025,Maryhill,2017-12-06 08:13:37.323867
2009-11-02,24:00,40.5,,35.1,80.9,0.0,NW@3.2,4.2,51.9,0.0,0,"Maryhill, Klickitat County",310025,Maryhill,2017-12-06 08:13:37.323867
2009-11-03,00:15,40.5,,35.2,81.3,0.01,NW@1.9,2.8,51.8,0.0,0,"Maryhill, Klickitat County",310025,Maryhill,2017-12-06 08:13:37.323867
2009-11-03,00:30,40.1,,35.1,82.2,0.01,N@2.4,3.5,51.8,0.0,0,"Maryhill, Klickitat County",310025,Maryhill,2017-12-06 08:13:37.323867
2009-11-03,00:45,39.9,,35.2,83.3,0.02,NW@1.9,3.5,51.7,0.0,0,"Maryhill, Klickitat County",310025,Maryhill,2017-12-06 08:13:37.323867
2009-11-03,01:00,39.6,,35.5,85.0,0.05,NW@1.5,2.8,51.7,0.0,0,"Maryhill, Klickitat County",310025,Maryhill,2017-12-06 08:13:37.323867
2009-11-03,01:15,39.1,,34.8,84.3,0.07,NW@2.4,3.1,51.6,0.0,0,"Maryhill, Klickitat County",310025,Maryhill,2017-12-06 08:13:37.323867
2009-11-03,01:30,38.6,,34.4,84.9,0.11,NW@2.9,3.9,51.6,0.0,0,"Maryhill, Klickitat County",310025,Maryhill,2017-12-06 08:13:37.323867
2009-11-03,01:45,37.9,,34.2,86.4,0.13,NW@2.8,3.5,51.6,0.0,0,"Maryhill, Klickitat County",310025,Maryhill,2017-12-06 08:13:37.323867
2009-11-03,02:00,37.7,,34.5,88.1,0.17,NW@3.4,4.9,51.5,0.0,0,"Maryhill, Klickitat County",310025,Maryhill,2017-12-06 08:13:37.323867
2009-11-03,02:15,38.0,,34.6,87.4,0.18,NW@3.1,4.6,51.5,0.0,0,"Maryhill, Klickitat County",310025,Maryhill,2017-12-06 08:13:37.323867
2009-11-03,02:30,38.1,,34.9,88.3,0.21,NW@2.5,3.9,51.4,0.0,0,"Maryhill, Klickitat County",310025,Maryhill,2017-12-06 08:13:37.323867
2009-11-03,02:45,37.8,,34.7,88.5,0.25,NW@2.8,4.2,51.4,0.0,0,"Maryhill, Klickitat County",310025,Maryhill,2017-12-06 08:13:37.323867
2009-11-03,03:00,37.7,,34.3,87.5,0.27,N@2.1,3.5,51.3,0.0,0,"Maryhill, Klickitat County",310025,Maryhill,2017-12-06 08:13:37.323867
2009-11-03,03:15,37.3,,34.5,89.3,0.29,NW@2.8,3.9,51.2,0.0,0,"Maryhill, Klickitat County",310025,Maryhill,2017-12-06 08:13:37.323867
2009-11-03,03:30,37.9,,35.1,89.3,0.34,N@2.5,3.1,51.2,0.0,0,"Maryhill, Klickitat County",310025,Maryhill,2017-12-06 08:13:37.323867
2009-11-03,03:45,37.6,,34.7,88.9,0.37,NW@2.6,3.9,51.1,0.0,0,"Maryhill, Klickitat County",310025,Maryhill,2017-12-06 08:13:37.323867
2009-11-03,04:00,37.1,,34.4,89.9,0.42,NW@3.9,4.9,51.1,0.0,0,"Maryhill, Klickitat County",310025,Maryhill,2017-12-06 08:13:37.323867
2009-11-03,04:15,37.9,,34.4,87.0,0.43,N@2.2,4.6,51.0,0.0,0,"Maryhill, Klickitat County",310025,Maryhill,2017-12-06 08:13:37.323867
2009-11-03,04:30,36.6,,33.3,87.7,0.44,NE@3.4,5.7,51.0,0.0,0,"Maryhill, Klickitat County",310025,Maryhill,2017-12-06 08:13:37.323867
2009-11-03,04:45,35.5,,33.0,90.4,0.47,NW@3.3,4.9,50.9,0.0,0,"Maryhill, Klickitat County",310025,Maryhill,2017-12-06 08:13:37.323867
2009-11-03,05:00,36.0,,33.5,90.6,0.51,NW@2.3,3.5,50.9,0.0,0,"Maryhill, Klickitat County",310025,Maryhill,2017-12-06 08:13:37.323867
2009-11-03,05:15,36.3,,33.5,89.7,0.57,NW@1.8,3.9,50.8,0.0,0,"Maryhill, Klickitat County",310025,Maryhill,2017-12-06 08:13:37.323867
2009-11-03,05:30,36.5,,33.6,89.1,0.61,N@2.9,3.9,50.8,0.0,0,"Maryhill, Klickitat County",310025,Maryhill,2017-12-06 08:13:37.323867
2009-11-03,05:45,36.4,,33.2,88.2,0.63,NW@1.5,3.5,50.7,0.0,0,"Maryhill, Klickitat County",310025,Maryhill,2017-12-06 08:13:37.323867
2009-11-03,06:00,35.9,,33.1,89.3,0.67,NW@1.5,2.8,50.6,0.0,0,"Maryhill, Klickitat County",310025,Maryhill,2017-12-06 08:13:37.323867
2009-11-03,06:15,36.0,,33.8,91.5,0.7,NW@1.5,3.5,50.6,0.0,0,"Maryhill, Klickitat County",310025,Maryhill,2017-12-06 08:13:37.323867
2009-11-03,06:30,36.7,,34.1,90.3,0.72,NW@2.5,3.9,50.5,0.0,0,"Maryhill, Klickitat County",310025,Maryhill,2017-12-06 08:13:37.323867
2009-11-03,06:45,37.4,,34.2,87.9,0.71,NW@0.4,2.8,50.5,0.0,3,"Maryhill, Klickitat County",310025,Maryhill,2017-12-06 08:13:37.323867
2009-11-03,07:00,36.3,,33.3,88.5,0.71,N@1.3,2.8,50.4,0.0,8,"Maryhill, Klickitat County",310025,Maryhill,2017-12-06 08:13:37.323867
2009-11-03,07:15,35.9,,33.7,91.4,0.72,NW@0.6,2.4,50.4,0.0,18,"Maryhill, Klickitat County",310025,Maryhill,2017-12-06 08:13:37.323867
2009-11-03,07:30,36.1,,33.8,91.2,0.74,N@0.8,2.1,50.3,0.0,39,"Maryhill, Klickitat County",310025,Maryhill,2017-12-06 08:13:37.323867
2009-11-03,07:45,37.0,,34.6,90.7,0.75,N@1.2,2.8,50.3,0.0,56,"Maryhill, Klickitat County",310025,Maryhill,2017-12-06 08:13:37.323867
2009-11-03,08:00,37.6,,35.1,90.5,0.76,E@2.8,3.9,50.2,0.0,78,"Maryhill, Klickitat County",310025,Maryhill,2017-12-06 08:13:37.323867
2009-11-03,08:15,38.1,,35.4,89.9,0.73,E@3.0,4.9,50.2,0.0,81,"Maryhill, Klickitat County",310025,Maryhill,2017-12-06 08:13:37.323867
2009-11-03,08:30,38.4,,35.9,90.7,0.68,E@4.5,6.7,50.1,0.0,115,"Maryhill, Klickitat County",310025,Maryhill,2017-12-06 08:13:37.323867
2009-11-03,08:45,39.1,,36.4,90.0,0.54,E@3.9,7.1,50.1,0.0,142,"Maryhill, Klickitat County",310025,Maryhill,2017-12-06 08:13:37.323867
2009-11-03,09:00,39.9,,36.8,88.3,0.33,E@2.9,4.9,50.0,0.0,163,"Maryhill, Klickitat County",310025,Maryhill,2017-12-06 08:13:37.323867
2009-11-03,09:15,40.7,,37.2,87.3,0.14,E@3.5,5.3,50.0,0.0,205,"Maryhill, Klickitat County",310025,Maryhill,2017-12-06 08:13:37.323867
2009-11-03,09:30,41.3,,37.4,86.1,0.02,E@3.6,5.3,49.9,0.0,220,"Maryhill, Klickitat County",310025,Maryhill,2017-12-06 08:13:37.323867
2009-11-03,09:45,42.4,,38.0,84.4,0.0,E@4.6,7.1,49.9,0.0,272,"Maryhill, Klickitat County",310025,Maryhill,2017-12-06 08:13:37.323867
2009-11-03,10:00,42.5,,38.2,84.6,0.0,E@5.2,7.1,49.8,0.0,264,"Maryhill, Klickitat County",310025,Maryhill,2017-12-06 08:13:37.323867
2009-11-03,10:15,44.0,,38.7,81.5,0.0,E@6.4,9.2,49.8,0.0,365,"Maryhill, Klickitat County",310025,Maryhill,2017-12-06 08:13:37.323867
2009-11-03,10:30,45.3,,39.2,79.1,0.0,E@4.9,7.4,49.7,0.0,367,"Maryhill, Klickitat County",310025,Maryhill,2017-12-06 08:13:37.323867
2009-11-03,10:45,46.6,,39.6,76.3,0.0,E@4.7,6.7,49.7,0.0,377,"Maryhill, Klickitat County",310025,Maryhill,2017-12-06 08:13:37.323867
2009-11-03,11:00,46.9,,39.6,75.4,0.0,E@4.8,7.1,49.7,0.0,302,"Maryhill, Klickitat County",310025,Maryhill,2017-12-06 08:13:37.323867
2009-11-03,11:15,47.4,,39.6,74.1,0.0,SE@4.3,6.4,49.6,0.0,248,"Maryhill, Klickitat County",310025,Maryhill,2017-12-06 08:13:37.323867
2009-11-03,11:30,46.7,,39.4,75.4,0.0,SE@3.6,5.7,49.6,0.0,272,"Maryhill, Klickitat County",310025,Maryhill,2017-12-06 08:13:37.323867
2009-11-03,11:45,46.3,,39.2,75.9,0.0,E@3.9,6.0,49.6,0.0,208,"Maryhill, Klickitat County",310025,Maryhill,2017-12-06 08:13:37.323867
2009-11-03,12:00,46.4,,39.1,75.5,0.0,E@5.0,8.5,49.6,0.0,187,"Maryhill, Klickitat County",310025,Maryhill,2017-12-06 08:13:37.323867
2009-11-03,12:15,47.3,,38.4,71.1,0.0,E@6.5,10.7,49.6,0.0,273,"Maryhill, Klickitat County",310025,Maryhill,2017-12-06 08:13:37.323867
2009-11-03,12:30,47.5,,38.3,70.3,0.0,E@8.8,12.8,49.6,0.0,235,"Maryhill, Klickitat County",310025,Maryhill,2017-12-06 08:13:37.323867
2009-11-03,12:45,48.0,,38.2,68.5,0.0,E@8.1,12.1,49.6,0.0,288,"Maryhill, Klickitat County",310025,Maryhill,2017-12-06 08:13:37.323867
2009-11-03,13:00,48.9,,37.0,63.4,0.0,E@9.4,15.0,49.7,0.0,296,"Maryhill, Klickitat County",310025,Maryhill,2017-12-06 08:13:37.323867
2009-11-03,13:15,48.8,,37.3,64.1,0.0,E@8.5,14.6,49.7,0.0,267,"Maryhill, Klickitat County",310025,Maryhill,2017-12-06 08:13:37.323867
2009-11-03,13:30,49.3,,37.1,62.7,0.0,E@8.7,12.8,49.7,0.0,332,"Maryhill, Klickitat County",310025,Maryhill,2017-12-06 08:13:37.323867
2009-11-03,13:45,49.6,,36.5,60.6,0.0,E@9.7,14.6,49.7,0.0,355,"Maryhill, Klickitat County",310025,Maryhill,2017-12-06 08:13:37.323867
2009-11-03,14:00,49.6,,36.7,60.8,0.0,E@10.2,15.0,49.8,0.0,295,"Maryhill, Klickitat County",310025,Maryhill,2017-12-06 08:13:37.323867
2009-11-03,14:15,49.2,,37.2,62.9,0.0,E@9.7,14.2,49.8,0.0,210,"Maryhill, Klickitat County",310025,Maryhill,2017-12-06 08:13:37.323867
2009-11-03,14:30,49.2,,37.0,62.5,0.0,NE@7.5,12.4,49.9,0.0,93,"Maryhill, Klickitat County",310025,Maryhill,2017-12-06 08:13:37.323867
2009-11-03,14:45,49.2,,36.6,61.6,0.0,NE@9.7,14.6,49.9,0.0,122,"Maryhill, Klickitat County",310025,Maryhill,2017-12-06 08:13:37.323867
2009-11-03,15:00,49.3,,36.5,61.1,0.0,NE@9.8,14.6,49.9,0.0,71,"Maryhill, Klickitat County",310025,Maryhill,2017-12-06 08:13:37.323867
2009-11-03,15:15,49.0,,36.8,62.5,0.0,NE@8.1,13.5,50.0,0.0,63,"Maryhill, Klickitat County",310025,Maryhill,2017-12-06 08:13:37.323867
2009-11-03,15:30,48.8,,36.7,62.8,0.0,NE@7.6,12.8,50.0,0.0,63,"Maryhill, Klickitat County",310025,Maryhill,2017-12-06 08:13:37.323867
2009-11-03,15:45,49.2,,37.0,62.6,0.0,NE@8.3,13.2,50.1,0.0,51,"Maryhill, Klickitat County",310025,Maryhill,2017-12-06 08:13:37.323867
2009-11-03,16:00,49.3,,37.1,62.6,0.0,NE@7.3,12.1,50.1,0.0,53,"Maryhill, Klickitat County",310025,Maryhill,2017-12-06 08:13:37.323867
2009-11-03,16:15,49.0,,37.2,63.5,0.0,NE@6.2,8.5,50.2,0.0,26,"Maryhill, Klickitat County",310025,Maryhill,2017-12-06 08:13:37.323867
2009-11-03,16:30,48.8,,37.3,64.2,0.0,NE@6.2,9.2,50.2,0.0,18,"Maryhill, Klickitat County",310025,Maryhill,2017-12-06 08:13:37.323867
2009-11-03,16:45,48.7,,37.1,64.1,0.0,NE@6.5,9.6,50.3,0.0,7,"Maryhill, Klickitat County",310025,Maryhill,2017-12-06 08:13:37.323867
2009-11-03,17:00,48.5,,36.8,63.9,0.0,NE@5.8,9.6,50.3,0.0,2,"Maryhill, Klickitat County",310025,Maryhill,2017-12-06 08:13:37.323867
2009-11-03,17:15,48.4,,36.5,63.0,0.0,NE@5.3,8.2,50.3,0.0,1,"Maryhill, Klickitat County",310025,Maryhill,2017-12-06 08:13:37.323867
2009-11-03,17:30,48.1,,36.1,62.9,0.0,NE@5.2,7.8,50.4,0.0,0,"Maryhill, Klickitat County",310025,Maryhill,2017-12-06 08:13:37.323867
2009-11-03,17:45,47.8,,36.2,64.1,0.0,NE@4.8,7.8,50.4,0.0,0,"Maryhill, Klickitat County",310025,Maryhill,2017-12-06 08:13:37.323867
2009-11-03,18:00,47.5,,36.7,65.8,0.0,NE@4.6,7.8,50.4,0.0,0,"Maryhill, Klickitat County",310025,Maryhill,2017-12-06 08:13:37.323867
2009-11-03,18:15,47.2,,36.8,66.8,0.0,N@4.2,8.2,50.5,0.0,0,"Maryhill, Klickitat County",310025,Maryhill,2017-12-06 08:13:37.323867
2009-11-03,18:30,46.6,,36.8,68.6,0.0,N@3.1,5.3,50.5,0.0,0,"Maryhill, Klickitat County",310025,Maryhill,2017-12-06 08:13:37.323867
2009-11-03,18:45,46.1,,36.7,69.6,0.0,N@2.5,6.0,50.5,0.0,0,"Maryhill, Klickitat County",310025,Maryhill,2017-12-06 08:13:37.323867
2009-11-03,19:00,45.9,,36.5,69.6,0.0,N@2.4,4.2,50.5,0.0,0,"Maryhill, Klickitat County",310025,Maryhill,2017-12-06 08:13:37.323867
2009-11-03,19:15,46.1,,37.0,70.4,0.0,E@1.6,5.7,50.5,0.0,0,"Maryhill, Klickitat County",310025,Maryhill,2017-12-06 08:13:37.323867
2009-11-03,19:30,44.9,,37.4,75.0,0.0,NW@1.3,2.4,50.5,0.0,0,"Maryhill, Klickitat County",310025,Maryhill,2017-12-06 08:13:37.323867
2009-11-03,19:45,44.9,,37.0,73.6,0.0,W@2.0,3.5,50.5,0.0,0,"Maryhill, Klickitat County",310025,Maryhill,2017-12-06 08:13:37.323867
2009-11-03,20:00,44.6,,36.6,73.2,0.0,W@2.8,3.9,50.6,0.0,0,"Maryhill, Klickitat County",310025,Maryhill,2017-12-06 08:13:37.323867
2009-11-03,20:15,43.1,,36.7,77.8,0.0,W@2.9,4.2,50.6,0.0,0,"Maryhill, Klickitat County",310025,Maryhill,2017-12-06 08:13:37.323867
2009-11-03,20:30,42.8,,36.2,77.3,0.0,W@2.6,3.1,50.6,0.0,0,"Maryhill, Klickitat County",310025,Maryhill,2017-12-06 08:13:37.323867
2009-11-03,20:45,42.1,,35.7,78.0,0.0,NW@2.4,3.1,50.6,0.0,0,"Maryhill, Klickitat County",310025,Maryhill,2017-12-06 08:13:37.323867
2009-11-03,21:00,41.0,,36.0,82.4,0.01,W@1.8,2.8,50.6,0.0,0,"Maryhill, Klickitat County",310025,Maryhill,2017-12-06 08:13:37.323867
2009-11-03,21:15,41.7,,36.0,79.8,0.01,NW@2.6,4.2,50.6,0.0,0,"Maryhill, Klickitat County",310025,Maryhill,2017-12-06 08:13:37.323867
2009-11-03,21:30,41.6,,36.3,81.2,0.01,W@2.4,3.9,50.6,0.0,0,"Maryhill, Klickitat County",310025,Maryhill,2017-12-06 08:13:37.323867
2009-11-03,21:45,41.3,,36.2,81.7,0.02,W@2.6,3.5,50.5,0.0,0,"Maryhill, Klickitat County",310025,Maryhill,2017-12-06 08:13:37.323867
2009-11-03,22:00,41.2,,36.1,82.0,0.02,NW@1.7,3.1,50.5,0.0,0,"Maryhill, Klickitat County",310025,Maryhill,2017-12-06 08:13:37.323867
2009-11-03,22:15,40.2,,35.6,83.5,0.03,NW@1.6,3.1,50.5,0.0,0,"Maryhill, Klickitat County",310025,Maryhill,2017-12-06 08:13:37.323867
2009-11-03,22:30,39.6,,35.2,83.8,0.03,NW@3.0,4.6,50.5,0.0,0,"Maryhill, Klickitat County",310025,Maryhill,2017-12-06 08:13:37.323867
2009-11-03,22:45,39.3,,35.4,85.6,0.06,NW@3.1,3.5,50.5,0.0,0,"Maryhill, Klickitat County",310025,Maryhill,2017-12-06 08:13:37.323867
2009-11-03,23:00,39.3,,35.6,86.5,0.12,NW@3.1,3.9,50.5,0.0,0,"Maryhill, Klickitat County",310025,Maryhill,2017-12-06 08:13:37.323867
2009-11-03,23:15,39.0,,35.0,85.5,0.14,NW@3.5,4.2,50.4,0.0,0,"Maryhill, Klickitat County",310025,Maryhill,2017-12-06 08:13:37.323867
2009-11-03,23:30,39.3,,35.0,84.4,0.1,N@2.2,3.1,50.4,0.0,0,"Maryhill, Klickitat County",310025,Maryhill,2017-12-06 08:13:37.323867
2009-11-03,23:45,39.3,,35.3,85.3,0.13,N@1.9,2.8,50.4,0.0,0,"Maryhill, Klickitat County",310025,Maryhill,2017-12-06 08:13:37.323867
2009-11-03,24:00,38.8,,34.7,84.9,0.18,NW@2.2,2.8,50.3,0.0,0,"Maryhill, Klickitat County",310025,Maryhill,2017-12-06 08:13:37.323867
2009-11-04,00:15,38.9,,35.1,85.8,0.22,N@2.1,2.8,50.3,0.0,0,"Maryhill, Klickitat County",310025,Maryhill,2017-12-06 08:13:37.323867
2009-11-04,00:30,38.4,,34.4,85.1,0.25,NW@2.6,3.1,50.3,0.0,0,"Maryhill, Klickitat County",310025,Maryhill,2017-12-06 08:13:37.323867
2009-11-04,00:45,38.1,,34.6,87.1,0.29,NW@0.9,3.1,50.2,0.0,0,"Maryhill, Klickitat County",310025,Maryhill,2017-12-06 08:13:37.323867
2009-11-04,01:00,37.5,,34.2,87.6,0.33,NW@1.7,2.8,50.2,0.0,0,"Maryhill, Klickitat County",310025,Maryhill,2017-12-06 08:13:37.323867
2009-11-04,01:15,37.7,,34.8,89.1,0.38,W@1.9,2.8,50.2,0.0,0,"Maryhill, Klickitat County",310025,Maryhill,2017-12-06 08:13:37.323867
2009-11-04,01:30,37.2,,34.3,89.3,0.44,W@2.0,2.8,50.1,0.0,0,"Maryhill, Klickitat County",310025,Maryhill,2017-12-06 08:13:37.323867
2009-11-04,01:45,37.6,,34.6,89.0,0.51,NW@0.2,2.1,50.1,0.0,0,"Maryhill, Klickitat County",310025,Maryhill,2017-12-06 08:13:37.323867
2009-11-04,02:00,37.8,,34.5,87.8,0.59,NW@1.2,3.1,50.0,0.0,0,"Maryhill, Klickitat County",310025,Maryhill,2017-12-06 08:13:37.323867
2009-11-04,02:15,37.8,,34.1,86.2,0.64,N@0.7,2.4,50.0,0.0,0,"Maryhill, Klickitat County",310025,Maryhill,2017-12-06 08:13:37.323867
2009-11-04,02:30,37.4,,34.1,87.8,0.69,NW@1.0,2.8,49.9,0.0,0,"Maryhill, Klickitat County",310025,Maryhill,2017-12-06 08:13:37.323867
2009-11-04,02:45,37.1,,34.2,89.2,0.74,NW@0.4,2.4,49.9,0.0,0,"Maryhill, Klickitat County",310025,Maryhill,2017-12-06 08:13:37.323867
2009-11-04,03:00,37.5,,34.6,89.1,0.78,NW@1.9,3.1,49.9,0.0,0,"Maryhill, Klickitat County",310025,Maryhill,2017-12-06 08:13:37.323867
2009-11-04,03:15,36.7,,33.6,88.6,0.81,NW@1.6,2.8,49.8,0.0,0,"Maryhill, Klickitat County",310025,Maryhill,2017-12-06 08:13:37.323867
2009-11-04,03:30,36.5,,33.5,88.7,0.83,N@1.4,3.1,49.8,0.0,0,"Maryhill, Klickitat County",310025,Maryhill,2017-12-06 08:13:37.323867
2009-11-04,03:45,36.1,,33.6,90.3,0.85,NW@2.4,3.1,49.7,0.0,0,"Maryhill, Klickitat County",310025,Maryhill,2017-12-06 08:13:37.323867
2009-11-04,04:00,36.1,,33.6,90.8,0.87,N@0.6,2.8,49.7,0.0,0,"Maryhill, Klickitat County",310025,Maryhill,2017-12-06 08:13:37.323867
2009-11-04,04:15,36.6,,33.8,89.4,0.88,N@2.1,3.5,49.6,0.0,0,"Maryhill, Klickitat County",310025,Maryhill,2017-12-06 08:13:37.323867
2009-11-04,04:30,35.9,,33.2,89.6,0.89,NW@2.1,3.5,49.6,0.0,0,"Maryhill, Klickitat County",310025,Maryhill,2017-12-06 08:13:37.323867
2009-11-04,04:45,35.8,,33.4,90.8,0.9,W@1.8,2.8,49.5,0.0,0,"Maryhill, Klickitat County",310025,Maryhill,2017-12-06 08:13:37.323867
2009-11-04,05:00,35.9,,33.8,91.8,0.91,N@0.0,0.0,49.5,0.0,0,"Maryhill, Klickitat County",310025,Maryhill,2017-12-06 08:13:37.323867
2009-11-04,05:15,35.7,,33.2,90.6,0.91,NW@1.6,3.1,49.4,0.0,0,"Maryhill, Klickitat County",310025,Maryhill,2017-12-06 08:13:37.323867
2009-11-04,05:30,35.4,,33.0,90.7,0.92,N@1.8,2.8,49.4,0.0,0,"Maryhill, Klickitat County",310025,Maryhill,2017-12-06 08:13:37.323867
2009-11-04,05:45,35.7,,32.9,89.3,0.92,N@1.4,2.8,49.3,0.0,0,"Maryhill, Klickitat County",310025,Maryhill,2017-12-06 08:13:37.323867
2009-11-04,06:00,35.4,,32.9,90.6,0.93,NW@2.6,3.5,49.3,0.0,0,"Maryhill, Klickitat County",310025,Maryhill,2017-12-06 08:13:37.323867
2009-11-04,06:15,35.7,,32.9,89.6,0.93,N@1.3,2.8,49.2,0.0,0,"Maryhill, Klickitat County",310025,Maryhill,2017-12-06 08:13:37.323867
2009-11-04,06:30,35.2,,32.8,90.7,0.93,N@2.6,3.1,49.2,0.0,1,"Maryhill, Klickitat County",310025,Maryhill,2017-12-06 08:13:37.323867
2009-11-04,06:45,35.5,,32.7,89.3,0.94,N@1.4,2.8,49.1,0.0,2,"Maryhill, Klickitat County",310025,Maryhill,2017-12-06 08:13:37.323867
2009-11-04,07:00,35.3,,32.8,90.3,0.94,N@1.6,2.8,49.1,0.0,10,"Maryhill, Klickitat County",310025,Maryhill,2017-12-06 08:13:37.323867
2009-11-04,07:15,35.7,,32.9,89.4,0.94,NW@0.7,2.1,49.0,0.0,33,"Maryhill, Klickitat County",310025,Maryhill,2017-12-06 08:13:37.323867
2009-11-04,07:30,36.7,,33.6,88.2,0.94,NE@1.5,2.8,49.0,0.0,73,"Maryhill, Klickitat County",310025,Maryhill,2017-12-06 08:13:37.323867
2009-11-04,07:45,37.4,,34.3,88.5,0.94,NE@1.7,3.1,48.9,0.0,100,"Maryhill, Klickitat County",310025,Maryhill,2017-12-06 08:13:37.323867
2009-11-04,08:00,38.9,,35.2,86.4,0.94,E@2.2,3.5,48.8,0.0,140,"Maryhill, Klickitat County",310025,Maryhill,2017-12-06 08:13:37.323867
2009-11-04,08:15,38.9,,35.0,85.7,0.93,NE@2.4,3.5,48.8,0.0,127,"Maryhill, Klickitat County",310025,Maryhill,2017-12-06 08:13:37.323867
2009-11-04,08:30,39.8,,35.4,84.2,0.92,E@2.5,3.9,48.7,0.0,157,"Maryhill, Klickitat County",310025,Maryhill,2017-12-06 08:13:37.323867
2009-11-04,08:45,41.9,,36.1,79.7,0.9,E@2.3,4.2,48.7,0.0,226,"Maryhill, Klickitat County",310025,Maryhill,2017-12-06 08:13:37.323867
2009-11-04,09:00,41.6,,35.8,79.8,0.85,SE@3.7,5.3,48.6,0.0,231,"Maryhill, Klickitat County",310025,Maryhill,2017-12-06 08:13:37.323867
2009-11-04,09:15,42.3,,36.0,78.4,0.71,SE@3.3,6.0,48.6,0.0,276,"Maryhill, Klickitat County",310025,Maryhill,2017-12-06 08:13:37.323867
2009-11-04,09:30,42.6,,36.1,77.4,0.39,SE@3.8,6.0,48.5,0.0,304,"Maryhill, Klickitat County",310025,Maryhill,2017-12-06 08:13:37.323867
2009-11-04,09:45,43.4,,36.6,76.9,0.04,SE@3.6,6.4,48.5,0.0,321,"Maryhill, Klickitat County",310025,Maryhill,2017-12-06 08:13:37.323867
2009-11-04,10:00,43.6,,36.9,77.1,0.0,SE@4.0,6.4,48.4,0.0,335,"Maryhill, Klickitat County",310025,Maryhill,2017-12-06 08:13:37.323867
2009-11-04,10:15,45.0,,37.7,75.3,0.0,E@3.8,6.4,48.4,0.0,366,"Maryhill, Klickitat County",310025,Maryhill,2017-12-06 08:13:37.323867
2009-11-04,10:30,45.7,,38.3,75.2,0.0,E@4.0,6.4,48.4,0.0,389,"Maryhill, Klickitat County",310025,Maryhill,2017-12-06 08:13:37.323867
2009-11-04,10:45,46.8,,38.8,73.5,0.0,NE@3.3,5.3,48.3,0.0,408,"Maryhill, Klickitat County",310025,Maryhill,2017-12-06 08:13:37.323867
2009-11-04,11:00,48.0,,39.0,70.9,0.0,E@3.9,6.0,48.3,0.0,428,"Maryhill, Klickitat County",310025,Maryhill,2017-12-06 08:13:37.323867
2009-11-04,11:15,48.5,,38.7,68.8,0.0,E@4.3,6.4,48.3,0.0,435,"Maryhill, Klickitat County",310025,Maryhill,2017-12-06 08:13:37.323867
2009-11-04,11:30,48.9,,38.8,68.0,0.0,E@5.4,7.8,48.3,0.0,424,"Maryhill, Klickitat County",310025,Maryhill,2017-12-06 08:13:37.323867
2009-11-04,11:45,50.0,,38.7,65.0,0.0,E@4.7,6.7,48.3,0.0,464,"Maryhill, Klickitat County",310025,Maryhill,2017-12-06 08:13:37.323867
2009-11-04,12:00,51.1,,38.6,62.3,0.0,E@5.1,7.8,48.3,0.0,415,"Maryhill, Klickitat County",310025,Maryhill,2017-12-06 08:13:37.323867
2009-11-04,12:15,51.4,,38.0,59.9,0.0,E@5.0,6.7,48.3,0.0,451,"Maryhill, Klickitat County",310025,Maryhill,2017-12-06 08:13:37.323867
2009-11-04,12:30,52.5,,38.0,57.5,0.0,E@5.0,8.2,48.4,0.0,406,"Maryhill, Klickitat County",310025,Maryhill,2017-12-06 08:13:37.323867
2009-11-04,12:45,52.3,,37.7,57.4,0.0,E@4.3,6.4,48.4,0.0,417,"Maryhill, Klickitat County",310025,Maryhill,2017-12-06 08:13:37.323867
2009-11-04,13:00,52.9,,37.5,55.5,0.0,E@4.5,6.4,48.4,0.0,415,"Maryhill, Klickitat County",310025,Maryhill,2017-12-06 08:13:37.323867
2009-11-04,13:15,52.7,,37.8,56.6,0.0,E@5.9,8.9,48.5,0.0,395,"Maryhill, Klickitat County",310025,Maryhill,2017-12-06 08:13:37.323867
2009-11-04,13:30,52.5,,37.8,57.3,0.0,E@6.6,9.6,48.5,0.0,375,"Maryhill, Klickitat County",310025,Maryhill,2017-12-06 08:13:37.323867
2009-11-04,13:45,52.2,,37.2,56.4,0.0,E@8.9,12.1,48.6,0.0,357,"Maryhill, Klickitat County",310025,Maryhill,2017-12-06 08:13:37.323867
2009-11-04,14:00,52.4,,37.6,57.0,0.0,E@8.5,12.8,48.7,0.0,333,"Maryhill, Klickitat County",310025,Maryhill,2017-12-06 08:13:37.323867
2009-11-04,14:15,52.2,,37.8,57.8,0.0,E@7.7,10.3,48.8,0.0,308,"Maryhill, Klickitat County",310025,Maryhill,2017-12-06 08:13:37.323867
2009-11-04,14:30,52.2,,37.8,57.8,0.0,E@7.7,11.4,48.8,0.0,279,"Maryhill, Klickitat County",310025,Maryhill,2017-12-06 08:13:37.323867
2009-11-04,14:45,52.3,,37.8,57.6,0.0,E@7.2,9.9,48.9,0.0,251,"Maryhill, Klickitat County",310025,Maryhill,2017-12-06 08:13:37.323867
2009-11-04,15:00,52.1,,38.2,59.0,0.0,E@8.6,11.4,49.0,0.0,221,"Maryhill, Klickitat County",310025,Maryhill,2017-12-06 08:13:37.323867
2009-11-04,15:15,52.0,,37.8,58.4,0.0,E@8.8,11.7,49.1,0.0,192,"Maryhill, Klickitat County",310025,Maryhill,2017-12-06 08:13:37.323867
2009-11-04,15:30,51.9,,37.8,58.6,0.0,E@7.8,10.3,49.2,0.0,132,"Maryhill, Klickitat County",310025,Maryhill,2017-12-06 08:13:37.323867
2009-11-04,15:45,51.9,,38.0,59.1,0.0,E@6.1,9.2,49.3,0.0,121,"Maryhill, Klickitat County",310025,Maryhill,2017-12-06 08:13:37.323867
2009-11-04,16:00,51.6,,37.9,59.3,0.0,E@6.3,9.2,49.4,0.0,79,"Maryhill, Klickitat County",310025,Maryhill,2017-12-06 08:13:37.323867
2009-11-04,16:15,51.2,,37.3,58.8,0.0,NE@5.6,8.2,49.4,0.0,51,"Maryhill, Klickitat County",310025,Maryhill,2017-12-06 08:13:37.323867
2009-11-04,16:30,50.5,,36.6,58.6,0.0,NE@5.4,7.4,49.5,0.0,23,"Maryhill, Klickitat County",310025,Maryhill,2017-12-06 08:13:37.323867
2009-11-04,16:45,50.2,,36.5,59.0,0.0,NE@6.0,9.2,49.6,0.0,8,"Maryhill, Klickitat County",310025,Maryhill,2017-12-06 08:13:37.323867
2009-11-04,17:00,49.6,,36.3,59.9,0.0,NE@5.6,8.9,49.7,0.0,2,"Maryhill, Klickitat County",310025,Maryhill,2017-12-06 08:13:37.323867
2009-11-04,17:15,49.2,,36.5,61.3,0.0,NE@4.8,8.5,49.7,0.0,1,"Maryhill, Klickitat County",310025,Maryhill,2017-12-06 08:13:37.323867
2009-11-04,17:30,49.1,,37.1,63.0,0.0,NE@6.0,8.5,49.8,0.0,0,"Maryhill, Klickitat County",310025,Maryhill,2017-12-06 08:13:37.323867
2009-11-04,17:45,48.7,,37.5,65.1,0.0,NE@6.4,9.2,49.9,0.0,0,"Maryhill, Klickitat County",310025,Maryhill,2017-12-06 08:13:37.323867
2009-11-04,18:00,48.5,,37.6,65.6,0.0,NE@7.0,9.9,49.9,0.0,0,"Maryhill, Klickitat County",310025,Maryhill,2017-12-06 08:13:37.323867
2009-11-04,18:15,48.1,,37.4,66.2,0.0,NE@6.2,9.2,50.0,0.0,0,"Maryhill, Klickitat County",310025,Maryhill,2017-12-06 08:13:37.323867
2009-11-04,18:30,48.0,,37.2,66.1,0.0,NE@6.0,8.5,50.0,0.0,0,"Maryhill, Klickitat County",310025,Maryhill,2017-12-06 08:13:37.323867
2009-11-04,18:45,47.6,,37.0,66.4,0.0,NE@6.0,8.5,50.1,0.0,0,"Maryhill, Klickitat County",310025,Maryhill,2017-12-06 08:13:37.323867
2009-11-04,19:00,46.9,,36.7,67.6,0.0,N@4.0,7.8,50.1,0.0,0,"Maryhill, Klickitat County",310025,Maryhill,2017-12-06 08:13:37.323867
2009-11-04,19:15,46.4,,36.4,68.1,0.0,NE@2.9,6.4,50.1,0.0,0,"Maryhill, Klickitat County",310025,Maryhill,2017-12-06 08:13:37.323867
2009-11-04,19:30,44.7,,37.0,74.0,0.0,NE@3.3,4.9,50.2,0.0,0,"Maryhill, Klickitat County",310025,Maryhill,2017-12-06 08:13:37.323867
2009-11-04,19:45,43.9,,36.9,76.2,0.0,NE@3.6,5.7,50.2,0.0,0,"Maryhill, Klickitat County",310025,Maryhill,2017-12-06 08:13:37.323867
2009-11-04,20:00,43.8,,36.5,75.3,0.0,E@2.9,5.3,50.2,0.0,0,"Maryhill, Klickitat County",310025,Maryhill,2017-12-06 08:13:37.323867
2009-11-04,20:15,43.2,,36.5,76.9,0.0,NE@3.2,4.9,50.2,0.0,0,"Maryhill, Klickitat County",310025,Maryhill,2017-12-06 08:13:37.323867
2009-11-04,20:30,43.0,,36.0,76.1,0.0,NE@2.9,5.7,50.3,0.0,0,"Maryhill, Klickitat County",310025,Maryhill,2017-12-06 08:13:37.323867
2009-11-04,20:45,42.2,,35.7,77.6,0.0,N@2.2,4.9,50.3,0.0,0,"Maryhill, Klickitat County",310025,Maryhill,2017-12-06 08:13:37.323867
2009-11-04,21:00,41.3,,35.8,80.4,0.0,NW@2.0,3.9,50.3,0.0,0,"Maryhill, Klickitat County",310025,Maryhill,2017-12-06 08:13:37.323867
2009-11-04,21:15,41.8,,35.6,78.6,0.0,N@0.0,0.0,50.3,0.0,0,"Maryhill, Klickitat County",310025,Maryhill,2017-12-06 08:13:37.323867
2009-11-04,21:30,40.9,,35.2,79.9,0.0,N@2.0,3.1,50.3,0.0,0,"Maryhill, Klickitat County",310025,Maryhill,2017-12-06 08:13:37.323867
2009-11-04,21:45,40.8,,35.3,80.7,0.0,N@2.6,3.9,50.3,0.0,0,"Maryhill, Klickitat County",310025,Maryhill,2017-12-06 08:13:37.323867
2009-11-04,22:00,42.0,,35.3,76.9,0.0,N@2.8,4.2,50.3,0.0,0,"Maryhill, Klickitat County",310025,Maryhill,2017-12-06 08:13:37.323867
2009-11-04,22:15,41.7,,34.8,76.4,0.0,N@1.6,3.5,50.3,0.0,0,"Maryhill, Klickitat County",310025,Maryhill,2017-12-06 08:13:37.323867
2009-11-04,22:30,40.6,,34.8,79.8,0.0,N@2.6,4.2,50.3,0.0,0,"Maryhill, Klickitat County",310025,Maryhill,2017-12-06 08:13:37.323867
2009-11-04,22:45,41.3,,34.9,77.7,0.0,N@1.3,3.5,50.3,0.0,0,"Maryhill, Klickitat County",310025,Maryhill,2017-12-06 08:13:37.323867
2009-11-04,23:00,40.5,,34.6,79.1,0.0,S@0.1,2.4,50.3,0.0,0,"Maryhill, Klickitat County",310025,Maryhill,2017-12-06 08:13:37.323867
2009-11-04,23:15,39.1,,34.4,83.2,0.01,NW@2.7,4.2,50.3,0.0,0,"Maryhill, Klickitat County",310025,Maryhill,2017-12-06 08:13:37.323867
2009-11-04,23:30,39.9,,34.4,80.6,0.01,NW@1.6,3.9,50.2,0.0,0,"Maryhill, Klickitat County",310025,Maryhill,2017-12-06 08:13:37.323867
2009-11-04,23:45,39.6,,34.5,81.8,0.02,NW@1.4,2.8,50.2,0.0,0,"Maryhill, Klickitat County",310025,Maryhill,2017-12-06 08:13:37.323867
2009-11-04,24:00,39.4,,34.6,83.0,0.02,N@2.6,3.9,50.2,0.0,0,"Maryhill, Klickitat County",310025,Maryhill,2017-12-06 08:13:37.323867
2009-11-05,00:15,39.3,,34.5,82.7,0.04,NW@1.2,2.8,50.2,0.0,0,"Maryhill, Klickitat County",310025,Maryhill,2017-12-06 08:13:37.323867
2009-11-05,00:30,38.9,,34.7,84.8,0.09,N@2.0,3.5,50.2,0.0,0,"Maryhill, Klickitat County",310025,Maryhill,2017-12-06 08:13:37.323867
2009-11-05,00:45,38.9,,34.3,83.4,0.09,NW@2.1,3.5,50.1,0.0,0,"Maryhill, Klickitat County",310025,Maryhill,2017-12-06 08:13:37.323867
2009-11-05,01:00,38.7,,34.4,84.4,0.12,NW@1.7,3.1,50.1,0.0,0,"Maryhill, Klickitat County",310025,Maryhill,2017-12-06 08:13:37.323867
2009-11-05,01:15,39.2,,34.6,83.5,0.15,N@1.6,3.1,50.1,0.0,0,"Maryhill, Klickitat County",310025,Maryhill,2017-12-06 08:13:37.323867
2009-11-05,01:30,38.2,,34.1,85.1,0.16,NW@1.8,2.8,50.0,0.0,0,"Maryhill, Klickitat County",310025,Maryhill,2017-12-06 08:13:37.323867
2009-11-05,01:45,38.2,,34.3,85.8,0.16,N@2.9,3.5,50.0,0.0,0,"Maryhill, Klickitat County",310025,Maryhill,2017-12-06 08:13:37.323867
2009-11-05,02:00,38.6,,34.4,84.8,0.14,N@2.1,3.1,50.0,0.0,0,"Maryhill, Klickitat County",310025,Maryhill,2017-12-06 08:13:37.323867
2009-11-05,02:15,38.1,,34.2,85.5,0.16,W@0.3,2.1,49.9,0.0,0,"Maryhill, Klickitat County",310025,Maryhill,2017-12-06 08:13:37.323867
2009-11-05,02:30,37.2,,33.8,87.3,0.2,W@2.9,4.6,49.9,0.0,0,"Maryhill, Klickitat County",310025,Maryhill,2017-12-06 08:13:37.323867
2009-11-05,02:45,37.1,,34.1,88.8,0.12,W@4.1,5.3,49.9,0.0,0,"Maryhill, Klickitat County",310025,Maryhill,2017-12-06 08:13:37.323867
2009-11-05,03:00,37.2,,34.4,89.7,0.06,W@3.0,4.6,49.8,0.0,0,"Maryhill, Klickitat County",310025,Maryhill,2017-12-06 08:13:37.323867
2009-11-05,03:15,37.9,,35.5,91.0,0.06,NW@2.4,3.5,49.8,0.0,0,"Maryhill, Klickitat County",310025,Maryhill,2017-12-06 08:13:37.323867
2009-11-05,03:30,38.3,,35.7,90.4,0.09,W@1.6,2.8,49.7,0.0,0,"Maryhill, Klickitat County",310025,Maryhill,2017-12-06 08:13:37.323867
2009-11-05,03:45,37.8,,35.2,90.4,0.12,W@3.2,4.2,49.7,0.0,0,"Maryhill, Klickitat County",310025,Maryhill,2017-12-06 08:13:37.323867
2009-11-05,04:00,37.4,,34.9,90.5,0.11,W@3.4,4.6,49.7,0.0,0,"Maryhill, Klickitat County",310025,Maryhill,2017-12-06 08:13:37.323867
2009-11-05,04:15,37.2,,34.4,89.6,0.08,W@2.6,3.9,49.6,0.0,0,"Maryhill, Klickitat County",310025,Maryhill,2017-12-06 08:13:37.323867
2009-11-05,04:30,37.1,,34.4,89.9,0.07,NW@3.8,5.7,49.6,0.0,0,"Maryhill, Klickitat County",310025,Maryhill,2017-12-06 08:13:37.323867
2009-11-05,04:45,37.3,,34.7,90.3,0.04,W@3.1,4.9,49.5,0.0,0,"Maryhill, Klickitat County",310025,Maryhill,2017-12-06 08:13:37.323867
2009-11-05,05:00,37.6,,35.2,91.2,0.05,NW@2.7,4.2,49.5,0.0,0,"Maryhill, Klickitat County",310025,Maryhill,2017-12-06 08:13:37.323867
2009-11-05,05:15,38.0,,35.5,90.4,0.07,N@1.3,3.1,49.4,0.0,0,"Maryhill, Klickitat County",310025,Maryhill,2017-12-06 08:13:37.323867
2009-11-05,05:30,38.0,,35.2,89.6,0.08,NW@3.1,5.7,49.4,0.0,0,"Maryhill, Klickitat County",310025,Maryhill,2017-12-06 08:13:37.323867
2009-11-05,05:45,38.0,,35.0,89.0,0.05,NW@3.0,5.3,49.4,0.0,0,"Maryhill, Klickitat County",310025,Maryhill,2017-12-06 08:13:37.323867
2009-11-05,06:00,38.0,,35.0,88.7,0.04,NW@3.1,4.9,49.3,0.0,0,"Maryhill, Klickitat County",310025,Maryhill,2017-12-06 08:13:37.323867
2009-11-05,06:15,38.2,,35.4,89.5,0.03,W@3.1,4.6,49.3,0.0,0,"Maryhill, Klickitat County",310025,Maryhill,2017-12-06 08:13:37.323867
2009-11-05,06:30,38.0,,35.1,88.9,0.03,N@2.5,3.5,49.2,0.0,0,"Maryhill, Klickitat County",310025,Maryhill,2017-12-06 08:13:37.323867
2009-11-05,06:45,38.1,,35.0,88.5,0.05,W@2.2,5.3,49.2,0.0,1,"Maryhill, Klickitat County",310025,Maryhill,2017-12-06 08:13:37.323867
2009-11-05,07:00,37.8,,34.9,89.0,0.06,NW@2.8,4.2,49.2,0.0,4,"Maryhill, Klickitat County",310025,Maryhill,2017-12-06 08:13:37.323867
2009-11-05,07:15,37.7,,35.1,90.5,0.09,W@2.4,3.9,49.1,0.0,8,"Maryhill, Klickitat County",310025,Maryhill,2017-12-06 08:13:37.323867
2009-11-05,07:30,37.2,,35.3,92.8,0.17,W@2.8,4.6,49.1,0.0,13,"Maryhill, Klickitat County",310025,Maryhill,2017-12-06 08:13:37.323867
2009-11-05,07:45,37.7,,35.7,92.5,0.24,N@2.0,2.4,49.0,0.0,34,"Maryhill, Klickitat County",310025,Maryhill,2017-12-06 08:13:37.323867
2009-11-05,08:00,38.6,,36.1,90.9,0.28,N@2.3,3.5,49.0,0.0,34,"Maryhill, Klickitat County",310025,Maryhill,2017-12-06 08:13:37.323867
2009-11-05,08:15,39.1,,36.2,89.1,0.29,NE@2.9,5.7,49.0,0.0,81,"Maryhill, Klickitat County",310025,Maryhill,2017-12-06 08:13:37.323867
2009-11-05,08:30,39.8,,36.5,88.0,0.15,E@3.8,6.0,48.9,0.0,102,"Maryhill, Klickitat County",310025,Maryhill,2017-12-06 08:13:37.323867
2009-11-05,08:45,40.5,,36.8,86.7,0.03,E@5.7,8.2,48.9,0.0,162,"Maryhill, Klickitat County",310025,Maryhill,2017-12-06 08:13:37.323867
2009-11-05,09:00,40.7,,36.8,85.9,0.0,E@6.2,8.9,48.9,0.0,174,"Maryhill, Klickitat County",310025,Maryhill,2017-12-06 08:13:37.323867
2009-11-05,09:15,40.2,,36.7,87.2,0.0,E@4.5,6.0,48.8,0.0,71,"Maryhill, Klickitat County",310025,Maryhill,2017-12-06 08:13:37.323867
2009-11-05,09:30,41.8,,37.4,84.3,0.0,E@5.6,7.8,48.8,0.0,266,"Maryhill, Klickitat County",310025,Maryhill,2017-12-06 08:13:37.323867
2009-11-05,09:45,42.6,,37.5,82.2,0.0,E@5.1,7.8,48.7,0.0,196,"Maryhill, Klickitat County",310025,Maryhill,2017-12-06 08:13:37.323867
2009-11-05,10:00,42.3,,37.6,83.4,0.0,E@4.9,6.7,48.7,0.0,128,"Maryhill, Klickitat County",310025,Maryhill,2017-12-06 08:13:37.323867
2009-11-05,10:15,42.6,,38.0,83.5,0.0,E@5.9,8.9,48.7,0.0,262,"Maryhill, Klickitat County",310025,Maryhill,2017-12-06 08:13:37.323867
2009-11-05,10:30,43.2,,38.4,82.8,0.0,E@6.7,9.6,48.6,0.0,232,"Maryhill, Klickitat County",310025,Maryhill,2017-12-06 08:13:37.323867
2009-11-05,10:45,43.3,,38.7,83.7,0.0,E@7.5,11.4,48.6,0.0,231,"Maryhill, Klickitat County",310025,Maryhill,2017-12-06 08:13:37.323867
2009-11-05,11:00,45.1,,39.2,79.7,0.0,E@7.0,9.9,48.6,0.0,310,"Maryhill, Klickitat County",310025,Maryhill,2017-12-06 08:13:37.323867
2009-11-05,11:15,45.8,,39.2,77.8,0.0,E@7.2,10.3,48.6,0.0,429,"Maryhill, Klickitat County",310025,Maryhill,2017-12-06 08:13:37.323867
2009-11-05,11:30,47.9,,39.6,73.0,0.0,E@7.2,12.1,48.6,0.0,422,"Maryhill, Klickitat County",310025,Maryhill,2017-12-06 08:13:37.323867
2009-11-05,11:45,47.9,,38.9,70.7,0.0,E@8.3,11.7,48.6,0.0,467,"Maryhill, Klickitat County",310025,Maryhill,2017-12-06 08:13:37.323867
2009-11-05,12:00,48.8,,38.9,68.6,0.0,E@8.9,12.4,48.6,0.0,451,"Maryhill, Klickitat County",310025,Maryhill,2017-12-06 08:13:37.323867
2009-11-05,12:15,49.1,,38.6,67.1,0.0,E@9.2,13.2,48.6,0.0,182,"Maryhill, Klickitat County",310025,Maryhill,2017-12-06 08:13:37.323867
2009-11-05,12:30,49.9,,38.2,63.9,0.0,E@8.7,12.8,48.6,0.0,190,"Maryhill, Klickitat County",310025,Maryhill,2017-12-06 08:13:37.323867
2009-11-05,12:45,50.3,,39.3,65.8,0.0,E@9.2,14.2,48.6,0.0,208,"Maryhill, Klickitat County",310025,Maryhill,2017-12-06 08:13:37.323867
2009-11-05,13:00,51.5,,39.2,62.7,0.0,E@8.0,11.0,48.6,0.0,229,"Maryhill, Klickitat County",310025,Maryhill,2017-12-06 08:13:37.323867
2009-11-05,13:15,52.1,,38.9,60.5,0.0,E@6.3,10.7,48.6,0.0,147,"Maryhill, Klickitat County",310025,Maryhill,2017-12-06 08:13:37.323867
2009-11-05,13:30,52.4,,39.0,60.3,0.0,E@5.1,7.8,48.6,0.0,104,"Maryhill, Klickitat County",310025,Maryhill,2017-12-06 08:13:37.323867
2009-11-05,13:45,52.4,,39.5,61.2,0.0,NE@5.0,8.2,48.7,0.0,78,"Maryhill, Klickitat County",310025,Maryhill,2017-12-06 08:13:37.323867
2009-11-05,14:00,52.3,,39.8,62.3,0.0,E@4.2,6.7,48.7,0.0,66,"Maryhill, Klickitat County",310025,Maryhill,2017-12-06 08:13:37.323867
2009-11-05,14:15,50.9,,40.3,66.8,0.0,E@4.1,7.8,48.7,0.0,26,"Maryhill, Klickitat County",310025,Maryhill,2017-12-06 08:13:37.323867
2009-11-05,14:30,50.9,,40.7,68.0,0.0,W@3.6,7.1,48.8,0.0,23,"Maryhill, Klickitat County",310025,Maryhill,2017-12-06 08:13:37.323867
2009-11-05,14:45,51.1,,41.3,69.0,0.03,SW@5.5,8.9,48.8,0.0,27,"Maryhill, Klickitat County",310025,Maryhill,2017-12-06 08:13:37.323867
2009-11-05,15:00,52.1,,42.5,69.6,0.09,W@7.4,17.1,48.9,0.0,34,"Maryhill, Klickitat County",310025,Maryhill,2017-12-06 08:13:37.323867
2009-11-05,15:15,52.9,,44.0,71.6,0.63,NW@7.4,14.6,48.9,0.0,22,"Maryhill, Klickitat County",310025,Maryhill,2017-12-06 08:13:37.323867
2009-11-05,15:30,51.2,,41.9,70.5,0.87,S@4.4,10.7,49.0,0.0,32,"Maryhill, Klickitat County",310025,Maryhill,2017-12-06 08:13:37.323867
2009-11-05,15:45,50.2,,41.7,72.4,0.61,NW@3.0,5.3,49.0,0.0,27,"Maryhill, Klickitat County",310025,Maryhill,2017-12-06 08:13:37.323867
2009-11-05,16:00,50.6,,41.4,70.5,0.06,W@3.6,6.0,49.1,0.0,19,"Maryhill, Klickitat County",310025,Maryhill,2017-12-06 08:13:37.323867
2009-11-05,16:15,50.7,,41.9,71.6,0.0,SW@2.8,4.6,49.1,0.0,10,"Maryhill, Klickitat County",310025,Maryhill,2017-12-06 08:13:37.323867
2009-11-05,16:30,50.0,,42.1,74.0,0.0,W@4.1,7.1,49.2,0.0,4,"Maryhill, Klickitat County",310025,Maryhill,2017-12-06 08:13:37.323867
2009-11-05,16:45,49.4,,42.0,75.5,0.0,W@4.6,8.5,49.2,0.0,2,"Maryhill, Klickitat County",310025,Maryhill,2017-12-06 08:13:37.323867
2009-11-05,17:00,49.7,,41.9,74.4,0.0,N@2.5,4.2,49.3,0.0,0,"Maryhill, Klickitat County",310025,Maryhill,2017-12-06 08:13:37.323867
2009-11-05,17:15,49.3,,42.1,76.2,0.0,NE@4.2,6.4,49.3,0.0,0,"Maryhill, Klickitat County",310025,Maryhill,2017-12-06 08:13:37.323867
2009-11-05,17:30,49.2,,42.3,77.0,0.0,NE@2.9,4.9,49.4,0.0,0,"Maryhill, Klickitat County",310025,Maryhill,2017-12-06 08:13:37.323867
2009-11-05,17:45,48.9,,42.3,77.8,0.0,N@2.5,4.9,49.4,0.0,0,"Maryhill, Klickitat County",310025,Maryhill,2017-12-06 08:13:37.323867
2009-11-05,18:00,49.5,,42.4,76.5,0.0,N@4.7,8.2,49.4,0.0,0,"Maryhill, Klickitat County",310025,Maryhill,2017-12-06 08:13:37.323867
2009-11-05,18:15,50.7,,43.1,75.2,0.0,E@3.5,6.4,49.5,0.0,0,"Maryhill, Klickitat County",310025,Maryhill,2017-12-06 08:13:37.323867
2009-11-05,18:30,48.6,,43.6,82.6,0.0,NE@4.9,7.8,49.5,0.0,0,"Maryhill, Klickitat County",310025,Maryhill,2017-12-06 08:13:37.323867
2009-11-05,18:45,49.8,,42.8,76.6,0.0,NE@5.1,8.2,49.6,0.0,0,"Maryhill, Klickitat County",310025,Maryhill,2017-12-06 08:13:37.323867
2009-11-05,19:00,49.5,,42.5,76.5,0.0,E@5.9,9.6,49.6,0.0,0,"Maryhill, Klickitat County",310025,Maryhill,2017-12-06 08:13:37.323867
2009-11-05,19:15,49.8,,42.6,76.1,0.0,E@8.9,12.4,49.6,0.0,0,"Maryhill, Klickitat County",310025,Maryhill,2017-12-06 08:13:37.323867
2009-11-05,19:30,50.1,,42.8,75.8,0.0,NE@7.8,12.8,49.6,0.0,0,"Maryhill, Klickitat County",310025,Maryhill,2017-12-06 08:13:37.323867
2009-11-05,19:45,51.1,,42.9,73.3,0.08,NE@7.6,12.1,49.7,0.0,0,"Maryhill, Klickitat County",310025,Maryhill,2017-12-06 08:13:37.323867
2009-11-05,20:00,50.1,,43.9,78.9,0.82,E@5.9,10.7,49.7,0.0,0,"Maryhill, Klickitat County",310025,Maryhill,2017-12-06 08:13:37.323867
2009-11-05,20:15,49.7,,44.3,81.4,0.94,S@2.5,4.6,49.7,0.0,0,"Maryhill, Klickitat County",310025,Maryhill,2017-12-06 08:13:37.323867
2009-11-05,20:30,49.0,,44.8,85.4,0.94,W@3.1,4.2,49.7,0.0,0,"Maryhill, Klickitat County",310025,Maryhill,2017-12-06 08:13:37.323867
2009-11-05,20:45,49.1,,44.9,85.2,0.93,W@3.4,5.3,49.7,0.0,0,"Maryhill, Klickitat County",310025,Maryhill,2017-12-06 08:13:37.323867
2009-11-05,21:00,48.8,,44.7,85.4,0.9,W@4.9,7.1,49.8,0.0,0,"Maryhill, Klickitat County",310025,Maryhill,2017-12-06 08:13:37.323867
2009-11-05,21:15,48.8,,44.4,84.7,0.81,W@3.2,5.7,49.8,0.0,0,"Maryhill, Klickitat County",310025,Maryhill,2017-12-06 08:13:37.323867
2009-11-05,21:30,48.8,,44.4,84.6,0.73,W@3.8,6.4,49.8,0.0,0,"Maryhill, Klickitat County",310025,Maryhill,2017-12-06 08:13:37.323867
2009-11-05,21:45,48.8,,44.5,85.1,0.55,W@4.5,7.8,49.8,0.0,0,"Maryhill, Klickitat County",310025,Maryhill,2017-12-06 08:13:37.323867
2009-11-05,22:00,48.8,,44.7,85.5,0.4,W@4.1,6.0,49.8,0.0,0,"Maryhill, Klickitat County",310025,Maryhill,2017-12-06 08:13:37.323867
2009-11-05,22:15,48.4,,45.2,88.5,0.93,SW@3.0,6.4,49.8,0.0,0,"Maryhill, Klickitat County",310025,Maryhill,2017-12-06 08:13:37.323867
2009-11-05,22:30,49.5,,45.7,86.7,0.97,NW@6.5,17.8,49.9,0.0,0,"Maryhill, Klickitat County",310025,Maryhill,2017-12-06 08:13:37.323867
2009-11-05,22:45,50.1,,45.9,85.4,0.98,SW@6.4,12.8,49.9,0.01,0,"Maryhill, Klickitat County",310025,Maryhill,2017-12-06 08:13:37.323867
2009-11-05,23:00,49.8,,45.6,85.5,0.96,W@9.6,20.7,49.9,0.01,0,"Maryhill, Klickitat County",310025,Maryhill,2017-12-06 08:13:37.323867
2009-11-05,23:15,51.8,,43.2,72.4,0.93,W@13.7,22.8,49.9,0.01,0,"Maryhill, Klickitat County",310025,Maryhill,2017-12-06 08:13:37.323867
2009-11-05,23:30,52.1,,41.2,66.2,0.68,W@18.3,31.1,49.9,0.0,0,"Maryhill, Klickitat County",310025,Maryhill,2017-12-06 08:13:37.323867
2009-11-05,23:45,51.0,,41.1,68.8,0.83,W@19.0,28.2,49.9,0.03,0,"Maryhill, Klickitat County",310025,Maryhill,2017-12-06 08:13:37.323867
2009-11-05,24:00,51.0,,40.3,66.7,0.81,W@16.4,26.4,49.9,0.0,0,"Maryhill, Klickitat County",310025,Maryhill,2017-12-06 08:13:37.323867
2009-11-06,00:15,50.5,,40.2,67.7,0.63,W@13.4,23.2,50.0,0.0,0,"Maryhill, Klickitat County",310025,Maryhill,2017-12-06 08:13:37.323867
2009-11-06,00:30,49.8,,40.4,70.0,0.02,W@11.1,18.9,50.0,0.0,0,"Maryhill, Klickitat County",310025,Maryhill,2017-12-06 08:13:37.323867
2009-11-06,00:45,49.1,,40.7,72.7,0.0,W@10.8,20.3,50.0,0.0,0,"Maryhill, Klickitat County",310025,Maryhill,2017-12-06 08:13:37.323867
2009-11-06,01:00,49.7,,39.5,67.7,0.0,W@12.8,22.1,50.0,0.0,0,"Maryhill, Klickitat County",310025,Maryhill,2017-12-06 08:13:37.323867
2009-11-06,01:15,50.0,,38.9,65.4,0.0,NW@14.7,23.5,50.0,0.0,0,"Maryhill, Klickitat County",310025,Maryhill,2017-12-06 08:13:37.323867
2009-11-06,01:30,51.1,,38.2,61.2,0.0,W@12.2,21.4,50.0,0.0,0,"Maryhill, Klickitat County",310025,Maryhill,2017-12-06 08:13:37.323867
2009-11-06,01:45,49.2,,40.8,72.6,0.0,SW@7.4,13.9,50.0,0.0,0,"Maryhill, Klickitat County",310025,Maryhill,2017-12-06 08:13:37.323867
2009-11-06,02:00,47.6,,41.7,79.8,0.0,SW@6.1,11.7,50.0,0.0,0,"Maryhill, Klickitat County",310025,Maryhill,2017-12-06 08:13:37.323867
2009-11-06,02:15,47.3,,41.3,79.6,0.0,W@5.9,8.9,50.1,0.0,0,"Maryhill, Klickitat County",310025,Maryhill,2017-12-06 08:13:37.323867
2009-11-06,02:30,46.8,,40.8,79.3,0.0,W@5.1,7.8,50.1,0.0,0,"Maryhill, Klickitat County",310025,Maryhill,2017-12-06 08:13:37.323867
2009-11-06,02:45,48.8,,39.7,70.6,0.0,NW@6.3,9.9,50.1,0.0,0,"Maryhill, Klickitat County",310025,Maryhill,2017-12-06 08:13:37.323867
2009-11-06,03:00,50.0,,39.6,67.2,0.01,W@6.9,15.0,50.1,0.0,0,"Maryhill, Klickitat County",310025,Maryhill,2017-12-06 08:13:37.323867
2009-11-06,03:15,49.3,,40.3,71.1,0.04,W@7.7,22.8,50.1,0.0,0,"Maryhill, Klickitat County",310025,Maryhill,2017-12-06 08:13:37.323867
2009-11-06,03:30,48.3,,40.3,73.7,0.55,W@11.1,25.3,50.1,0.01,0,"Maryhill, Klickitat County",310025,Maryhill,2017-12-06 08:13:37.323867
2009-11-06,03:45,47.3,,40.6,77.4,0.88,W@11.5,20.3,50.1,0.0,0,"Maryhill, Klickitat County",310025,Maryhill,2017-12-06 08:13:37.323867
2009-11-06,04:00,46.4,,40.8,80.9,0.9,W@11.3,18.2,50.1,0.01,0,"Maryhill, Klickitat County",310025,Maryhill,2017-12-06 08:13:37.323867
2009-11-06,04:15,45.6,,40.3,81.5,0.89,W@10.1,16.7,50.1,0.01,0,"Maryhill, Klickitat County",310025,Maryhill,2017-12-06 08:13:37.323867
2009-11-06,04:30,45.8,,39.8,79.5,0.9,W@11.6,18.9,50.1,0.03,0,"Maryhill, Klickitat County",310025,Maryhill,2017-12-06 08:13:37.323867
2009-11-06,04:45,46.3,,39.2,76.2,0.77,W@12.8,20.3,50.1,0.0,0,"Maryhill, Klickitat County",310025,Maryhill,2017-12-06 08:13:37.323867
2009-11-06,05:00,45.7,,40.2,80.8,0.4,SW@9.2,20.0,50.1,0.0,0,"Maryhill, Klickitat County",310025,Maryhill,2017-12-06 08:13:37.323867
2009-11-06,05:15,45.0,,40.5,84.1,0.13,NW@7.3,11.0,50.1,0.0,0,"Maryhill, Klickitat County",310025,Maryhill,2017-12-06 08:13:37.323867
2009-11-06,05:30,46.9,,39.2,74.4,0.01,W@7.2,10.7,50.1,0.0,0,"Maryhill, Klickitat County",310025,Maryhill,2017-12-06 08:13:37.323867
2009-11-06,05:45,46.6,,40.5,79.3,0.0,SW@3.6,6.4,50.1,0.0,0,"Maryhill, Klickitat County",310025,Maryhill,2017-12-06 08:13:37.323867
2009-11-06,06:00,46.4,,40.0,78.2,0.0,W@3.7,6.0,50.1,0.0,0,"Maryhill, Klickitat County",310025,Maryhill,2017-12-06 08:13:37.323867
2009-11-06,06:15,47.0,,40.1,76.8,0.0,W@3.5,6.7,50.1,0.0,0,"Maryhill, Klickitat County",310025,Maryhill,2017-12-06 08:13:37.323867
2009-11-06,06:30,46.9,,40.1,77.0,0.07,W@4.2,6.7,50.1,0.0,0,"Maryhill, Klickitat County",310025,Maryhill,2017-12-06 08:13:37.323867
2009-11-06,06:45,47.0,,40.8,79.0,0.8,W@6.0,9.2,50.1,0.01,0,"Maryhill, Klickitat County",310025,Maryhill,2017-12-06 08:13:37.323867
2009-11-06,07:00,46.4,,41.5,82.8,0.89,W@9.1,19.6,50.1,0.03,3,"Maryhill, Klickitat County",310025,Maryhill,2017-12-06 08:13:37.323867
2009-11-06,07:15,45.6,,41.1,83.9,0.87,W@10.0,19.2,50.1,0.0,12,"Maryhill, Klickitat County",310025,Maryhill,2017-12-06 08:13:37.323867
2009-11-06,07:30,46.4,,39.8,77.5,0.83,W@5.2,8.5,50.1,0.0,43,"Maryhill, Klickitat County",310025,Maryhill,2017-12-06 08:13:37.323867
2009-11-06,07:45,46.4,,41.9,84.2,0.79,SW@4.4,7.4,50.1,0.0,55,"Maryhill, Klickitat County",310025,Maryhill,2017-12-06 08:13:37.323867
2009-11-06,08:00,45.8,,41.9,86.4,0.71,W@5.6,8.2,50.1,0.0,22,"Maryhill, Klickitat County",310025,Maryhill,2017-12-06 08:13:37.323867
2009-11-06,08:15,45.4,,42.0,87.8,0.9,W@6.4,11.0,50.0,0.03,32,"Maryhill, Klickitat County",310025,Maryhill,2017-12-06 08:13:37.323867
2009-11-06,08:30,45.3,,41.4,86.0,0.9,W@8.5,13.5,50.0,0.03,38,"Maryhill, Klickitat County",310025,Maryhill,2017-12-06 08:13:37.323867
2009-11-06,08:45,45.9,,41.3,83.9,0.88,W@7.5,13.9,50.0,0.0,139,"Maryhill, Klickitat County",310025,Maryhill,2017-12-06 08:13:37.323867
2009-11-06,09:00,46.1,,41.3,83.4,0.85,W@6.5,10.3,50.0,0.0,90,"Maryhill, Klickitat County",310025,Maryhill,2017-12-06 08:13:37.323867
2009-11-06,09:15,45.7,,40.8,82.7,0.7,W@7.9,11.7,50.0,0.0,68,"Maryhill, Klickitat County",310025,Maryhill,2017-12-06 08:13:37.323867
2009-11-06,09:30,46.0,,40.9,82.3,0.45,W@6.8,10.7,50.0,0.0,61,"Maryhill, Klickitat County",310025,Maryhill,2017-12-06 08:13:37.323867
2009-11-06,09:45,46.3,,41.2,82.3,0.41,SW@6.6,11.4,50.0,0.0,101,"Maryhill, Klickitat County",310025,Maryhill,2017-12-06 08:13:37.323867
2009-11-06,10:00,47.2,,41.4,80.1,0.15,W@5.2,8.2,50.0,0.0,131,"Maryhill, Klickitat County",310025,Maryhill,2017-12-06 08:13:37.323867
2009-11-06,10:15,48.4,,42.1,78.8,0.55,SW@3.4,6.7,50.0,0.0,236,"Maryhill, Klickitat County",310025,Maryhill,2017-12-06 08:13:37.323867
2009-11-06,10:30,49.0,,42.0,76.7,0.48,S@4.9,8.5,50.0,0.0,303,"Maryhill, Klickitat County",310025,Maryhill,2017-12-06 08:13:37.323867
2009-11-06,10:45,49.3,,41.6,74.6,0.03,NW@5.2,9.2,50.0,0.0,253,"Maryhill, Klickitat County",310025,Maryhill,2017-12-06 08:13:37.323867
2009-11-06,11:00,50.8,,41.4,69.8,0.0,SW@5.5,8.9,50.0,0.0,223,"Maryhill, Klickitat County",310025,Maryhill,2017-12-06 08:13:37.323867
2009-11-06,11:15,50.6,,41.5,70.8,0.0,SW@5.7,9.9,50.0,0.0,191,"Maryhill, Klickitat County",310025,Maryhill,2017-12-06 08:13:37.323867
2009-11-06,11:30,50.4,,41.4,71.2,0.0,SW@4.4,7.8,50.0,0.0,133,"Maryhill, Klickitat County",310025,Maryhill,2017-12-06 08:13:37.323867
2009-11-06,11:45,51.6,,40.5,65.6,0.0,W@4.6,7.8,50.0,0.0,216,"Maryhill, Klickitat County",310025,Maryhill,2017-12-06 08:13:37.323867
2009-11-06,12:00,52.0,,41.3,66.7,0.0,S@5.7,12.1,50.0,0.0,217,"Maryhill, Klickitat County",310025,Maryhill,2017-12-06 08:13:37.323867
2009-11-06,12:15,51.7,,40.7,66.1,0.01,W@11.3,30.3,50.0,0.0,152,"Maryhill, Klickitat County",310025,Maryhill,2017-12-06 08:13:37.323867
2009-11-06,12:30,49.9,,39.1,66.2,0.0,W@15.6,25.0,50.0,0.0,157,"Maryhill, Klickitat County",310025,Maryhill,2017-12-06 08:13:37.323867
2009-11-06,12:45,51.8,,38.0,59.2,0.0,W@15.4,26.4,50.1,0.0,194,"Maryhill, Klickitat County",310025,Maryhill,2017-12-06 08:13:37.323867
2009-11-06,13:00,50.7,,38.2,62.1,0.0,W@12.1,21.4,50.1,0.0,149,"Maryhill, Klickitat County",310025,Maryhill,2017-12-06 08:13:37.323867
2009-11-06,13:15,51.6,,39.9,64.2,0.0,W@8.3,13.5,50.1,0.0,337,"Maryhill, Klickitat County",310025,Maryhill,2017-12-06 08:13:37.323867
2009-11-06,13:30,52.6,,39.8,61.7,0.0,W@10.4,18.5,50.1,0.0,357,"Maryhill, Klickitat County",310025,Maryhill,2017-12-06 08:13:37.323867
2009-11-06,13:45,53.3,,40.0,60.4,0.0,W@9.6,16.7,50.2,0.0,387,"Maryhill, Klickitat County",310025,Maryhill,2017-12-06 08:13:37.323867
2009-11-06,14:00,51.8,,38.8,61.1,0.0,W@10.5,19.6,50.2,0.0,182,"Maryhill, Klickitat County",310025,Maryhill,2017-12-06 08:13:37.323867
2009-11-06,14:15,53.3,,39.0,58.3,0.0,SW@8.4,13.9,50.2,0.0,368,"Maryhill, Klickitat County",310025,Maryhill,2017-12-06 08:13:37.323867
2009-11-06,14:30,54.0,,38.9,56.4,0.0,SW@7.6,12.8,50.3,0.0,346,"Maryhill, Klickitat County",310025,Maryhill,2017-12-06 08:13:37.323867
2009-11-06,14:45,53.8,,38.0,55.0,0.0,SW@8.7,14.6,50.3,0.0,243,"Maryhill, Klickitat County",310025,Maryhill,2017-12-06 08:13:37.323867
2009-11-06,15:00,52.3,,37.1,56.1,0.0,W@10.0,16.4,50.3,0.0,95,"Maryhill, Klickitat County",310025,Maryhill,2017-12-06 08:13:37.323867
2009-11-06,15:15,51.7,,37.2,57.5,0.0,W@10.0,16.4,50.4,0.0,56,"Maryhill, Klickitat County",310025,Maryhill,2017-12-06 08:13:37.323867
2009-11-06,15:30,51.1,,37.7,60.0,0.0,W@9.9,15.0,50.4,0.0,31,"Maryhill, Klickitat County",310025,Maryhill,2017-12-06 08:13:37.323867
2009-11-06,15:45,50.7,,38.8,63.5,0.01,W@10.7,17.5,50.5,0.0,57,"Maryhill, Klickitat County",310025,Maryhill,2017-12-06 08:13:37.323867
2009-11-06,16:00,49.5,,37.4,62.8,0.0,NW@11.5,21.4,50.5,0.0,31,"Maryhill, Klickitat County",310025,Maryhill,2017-12-06 08:13:37.323867
2009-11-06,16:15,50.1,,37.5,61.6,0.0,NW@5.8,11.7,50.5,0.0,16,"Maryhill, Klickitat County",310025,Maryhill,2017-12-06 08:13:37.323867
2009-11-06,16:30,50.2,,37.8,62.1,0.0,W@4.5,8.2,50.6,0.0,12,"Maryhill, Klickitat County",310025,Maryhill,2017-12-06 08:13:37.323867
2009-11-06,16:45,50.2,,38.0,62.7,0.0,W@4.2,10.7,50.6,0.0,4,"Maryhill, Klickitat County",310025,Maryhill,2017-12-06 08:13:37.323867
2009-11-06,17:00,49.7,,37.6,63.0,0.0,NW@3.1,6.0,50.7,0.0,2,"Maryhill, Klickitat County",310025,Maryhill,2017-12-06 08:13:37.323867
2009-11-06,17:15,49.4,,37.1,62.3,0.0,W@4.3,11.0,50.7,0.0,0,"Maryhill, Klickitat County",310025,Maryhill,2017-12-06 08:13:37.323867
2009-11-06,17:30,49.3,,38.2,65.5,0.0,SW@4.6,8.9,50.7,0.0,0,"Maryhill, Klickitat County",310025,Maryhill,2017-12-06 08:13:37.323867
2009-11-06,17:45,49.0,,38.4,66.6,0.0,W@4.1,7.1,50.8,0.0,0,"Maryhill, Klickitat County",310025,Maryhill,2017-12-06 08:13:37.323867
2009-11-06,18:00,48.5,,38.2,67.3,0.0,NW@5.4,7.4,50.8,0.0,0,"Maryhill, Klickitat County",310025,Maryhill,2017-12-06 08:13:37.323867
2009-11-06,18:15,48.5,,37.5,65.6,0.0,NW@5.8,8.5,50.8,0.0,0,"Maryhill, Klickitat County",310025,Maryhill,2017-12-06 08:13:37.323867
2009-11-06,18:30,48.8,,37.2,64.1,0.0,W@5.1,7.4,50.8,0.0,0,"Maryhill, Klickitat County",310025,Maryhill,2017-12-06 08:13:37.323867
2009-11-06,18:45,47.5,,37.3,67.7,0.0,W@3.7,6.7,50.9,0.0,0,"Maryhill, Klickitat County",310025,Maryhill,2017-12-06 08:13:37.323867
2009-11-06,19:00,47.7,,36.5,65.0,0.0,W@3.4,5.7,50.9,0.0,0,"Maryhill, Klickitat County",310025,Maryhill,2017-12-06 08:13:37.323867
2009-11-06,19:15,47.2,,36.9,67.4,0.0,W@3.9,6.4,50.9,0.0,0,"Maryhill, Klickitat County",310025,Maryhill,2017-12-06 08:13:37.323867
2009-11-06,19:30,46.5,,37.1,69.5,0.0,NW@5.2,9.9,50.9,0.0,0,"Maryhill, Klickitat County",310025,Maryhill,2017-12-06 08:13:37.323867
2009-11-06,19:45,47.0,,36.2,65.9,0.0,NW@4.9,7.8,50.9,0.0,0,"Maryhill, Klickitat County",310025,Maryhill,2017-12-06 08:13:37.323867
2009-11-06,20:00,47.2,,35.6,63.9,0.0,W@4.5,8.9,50.9,0.0,0,"Maryhill, Klickitat County",310025,Maryhill,2017-12-06 08:13:37.323867
2009-11-06,20:15,46.7,,35.5,64.8,0.0,W@3.5,4.6,50.9,0.0,0,"Maryhill, Klickitat County",310025,Maryhill,2017-12-06 08:13:37.323867
2009-11-06,20:30,45.7,,35.6,67.8,0.0,W@3.3,4.6,51.0,0.0,0,"Maryhill, Klickitat County",310025,Maryhill,2017-12-06 08:13:37.323867
2009-11-06,20:45,46.0,,35.8,67.4,0.0,E@1.0,3.9,51.0,0.0,0,"Maryhill, Klickitat County",310025,Maryhill,2017-12-06 08:13:37.323867
2009-11-06,21:00,44.8,,35.8,70.5,0.0,NW@3.6,4.9,51.0,0.0,0,"Maryhill, Klickitat County",310025,Maryhill,2017-12-06 08:13:37.323867
2009-11-06,21:15,46.4,,35.7,66.0,0.0,W@1.6,3.9,51.0,0.0,0,"Maryhill, Klickitat County",310025,Maryhill,2017-12-06 08:13:37.323867
2009-11-06,21:30,44.7,,36.7,73.4,0.0,W@4.3,6.0,50.9,0.0,0,"Maryhill, Klickitat County",310025,Maryhill,2017-12-06 08:13:37.323867
2009-11-06,21:45,45.3,,36.3,70.5,0.0,SW@4.2,7.8,50.9,0.0,0,"Maryhill, Klickitat County",310025,Maryhill,2017-12-06 08:13:37.323867
2009-11-06,22:00,44.5,,36.7,73.9,0.0,W@3.5,4.9,50.9,0.0,0,"Maryhill, Klickitat County",310025,Maryhill,2017-12-06 08:13:37.323867
2009-11-06,22:15,44.8,,36.4,72.3,0.0,W@3.7,6.4,50.9,0.0,0,"Maryhill, Klickitat County",310025,Maryhill,2017-12-06 08:13:37.323867
2009-11-06,22:30,44.8,,36.4,72.2,0.0,SW@2.6,3.9,50.9,0.0,0,"Maryhill, Klickitat County",310025,Maryhill,2017-12-06 08:13:37.323867
2009-11-06,22:45,44.1,,36.1,73.3,0.0,W@4.5,6.4,50.9,0.0,0,"Maryhill, Klickitat County",310025,Maryhill,2017-12-06 08:13:37.323867
2009-11-06,23:00,45.1,,35.7,69.3,0.0,W@4.5,7.1,50.9,0.0,0,"Maryhill, Klickitat County",310025,Maryhill,2017-12-06 08:13:37.323867
2009-11-06,23:15,44.7,,35.5,70.0,0.0,W@3.6,6.4,50.8,0.0,0,"Maryhill, Klickitat County",310025,Maryhill,2017-12-06 08:13:37.323867
2009-11-06,23:30,44.4,,36.4,73.2,0.0,W@4.2,7.8,50.8,0.0,0,"Maryhill, Klickitat County",310025,Maryhill,2017-12-06 08:13:37.323867
2009-11-06,23:45,44.8,,36.1,71.3,0.0,SW@2.5,5.7,50.8,0.0,0,"Maryhill, Klickitat County",310025,Maryhill,2017-12-06 08:13:37.323867
2009-11-06,24:00,43.6,,36.1,74.8,0.0,W@3.2,4.6,50.8,0.0,0,"Maryhill, Klickitat County",310025,Maryhill,2017-12-06 08:13:37.323867
2009-11-07,00:15,43.5,,35.9,74.5,0.0,W@3.6,7.4,50.7,0.0,0,"Maryhill, Klickitat County",310025,Maryhill,2017-12-06 08:13:37.323867
2009-11-07,00:30,43.5,,36.3,75.4,0.0,W@2.7,5.7,50.7,0.0,0,"Maryhill, Klickitat County",310025,Maryhill,2017-12-06 08:13:37.323867
2009-11-07,00:45,43.5,,36.4,75.9,0.0,SW@3.2,6.0,50.7,0.0,0,"Maryhill, Klickitat County",310025,Maryhill,2017-12-06 08:13:37.323867
2009-11-07,01:00,42.9,,36.9,79.2,0.0,W@2.3,5.7,50.7,0.0,0,"Maryhill, Klickitat County",310025,Maryhill,2017-12-06 08:13:37.323867
2009-11-07,01:15,42.6,,37.0,80.6,0.0,W@3.0,5.3,50.6,0.0,0,"Maryhill, Klickitat County",310025,Maryhill,2017-12-06 08:13:37.323867
2009-11-07,01:30,42.6,,37.2,81.1,0.0,NW@2.0,3.9,50.6,0.0,0,"Maryhill, Klickitat County",310025,Maryhill,2017-12-06 08:13:37.323867
2009-11-07,01:45,42.7,,37.3,81.0,0.0,NW@2.2,3.9,50.5,0.0,0,"Maryhill, Klickitat County",310025,Maryhill,2017-12-06 08:13:37.323867
2009-11-07,02:00,42.6,,37.3,81.4,0.0,NW@2.8,4.2,50.5,0.0,0,"Maryhill, Klickitat County",310025,Maryhill,2017-12-06 08:13:37.323867
2009-11-07,02:15,43.1,,37.5,80.5,0.0,W@3.3,6.0,50.5,0.0,0,"Maryhill, Klickitat County",310025,Maryhill,2017-12-06 08:13:37.323867
2009-11-07,02:30,42.9,,38.2,83.3,0.0,W@2.7,4.9,50.4,0.0,0,"Maryhill, Klickitat County",310025,Maryhill,2017-12-06 08:13:37.323867
2009-11-07,02:45,42.6,,38.5,85.3,0.0,W@1.8,3.5,50.4,0.0,0,"Maryhill, Klickitat County",310025,Maryhill,2017-12-06 08:13:37.323867
2009-11-07,03:00,42.9,,38.9,85.9,0.01,NW@0.7,2.8,50.3,0.0,0,"Maryhill, Klickitat County",310025,Maryhill,2017-12-06 08:13:37.323867
2009-11-07,03:15,43.0,,39.5,87.1,0.04,SW@0.9,3.9,50.3,0.0,0,"Maryhill, Klickitat County",310025,Maryhill,2017-12-06 08:13:37.323867
2009-11-07,03:30,42.4,,39.8,90.2,0.28,NW@1.0,4.6,50.3,0.01,0,"Maryhill, Klickitat County",310025,Maryhill,2017-12-06 08:13:37.323867
2009-11-07,03:45,43.8,,40.4,87.8,0.74,W@3.2,8.2,50.2,0.0,0,"Maryhill, Klickitat County",310025,Maryhill,2017-12-06 08:13:37.323867
2009-11-07,04:00,44.9,,40.5,84.4,0.89,SW@4.3,7.8,50.2,0.01,0,"Maryhill, Klickitat County",310025,Maryhill,2017-12-06 08:13:37.323867
2009-11-07,04:15,44.1,,40.9,88.2,0.9,NE@3.0,7.1,50.2,0.0,0,"Maryhill, Klickitat County",310025,Maryhill,2017-12-06 08:13:37.323867
2009-11-07,04:30,43.0,,40.9,92.1,0.91,NE@2.5,4.6,50.1,0.0,0,"Maryhill, Klickitat County",310025,Maryhill,2017-12-06 08:13:37.323867
2009-11-07,04:45,43.2,,41.1,92.2,0.91,NW@0.6,2.4,50.1,0.0,0,"Maryhill, Klickitat County",310025,Maryhill,2017-12-06 08:13:37.323867
2009-11-07,05:00,43.5,,41.0,90.7,0.9,N@1.8,5.3,50.1,0.0,0,"Maryhill, Klickitat County",310025,Maryhill,2017-12-06 08:13:37.323867
2009-11-07,05:15,44.7,,40.2,84.3,0.9,W@0.7,4.6,50.0,0.0,0,"Maryhill, Klickitat County",310025,Maryhill,2017-12-06 08:13:37.323867
2009-11-07,05:30,45.3,,40.0,81.3,0.89,S@3.4,5.3,50.0,0.0,0,"Maryhill, Klickitat County",310025,Maryhill,2017-12-06 08:13:37.323867
2009-11-07,05:45,44.0,,40.9,88.8,0.87,NE@3.2,6.0,50.0,0.0,0,"Maryhill, Klickitat County",310025,Maryhill,2017-12-06 08:13:37.323867
2009-11-07,06:00,43.6,,40.7,89.5,0.87,NW@2.1,4.6,49.9,0.0,0,"Maryhill, Klickitat County",310025,Maryhill,2017-12-06 08:13:37.323867
2009-11-07,06:15,43.5,,40.2,87.8,0.85,NW@1.6,4.9,49.9,0.0,0,"Maryhill, Klickitat County",310025,Maryhill,2017-12-06 08:13:37.323867
2009-11-07,06:30,43.8,,40.4,87.5,0.83,NW@3.2,4.9,49.9,0.0,0,"Maryhill, Klickitat County",310025,Maryhill,2017-12-06 08:13:37.323867
2009-11-07,06:45,43.7,,40.1,86.9,0.8,NW@3.7,4.6,49.9,0.0,2,"Maryhill, Klickitat County",310025,Maryhill,2017-12-06 08:13:37.323867
2009-11-07,07:00,43.4,,39.4,85.7,0.76,NW@4.4,6.4,49.8,0.0,7,"Maryhill, Klickitat County",310025,Maryhill,2017-12-06 08:13:37.323867
2009-11-07,07:15,45.1,,37.9,75.5,0.57,NW@6.2,9.9,49.8,0.0,40,"Maryhill, Klickitat County",310025,Maryhill,2017-12-06 08:13:37.323867
2009-11-07,07:30,46.6,,37.2,69.6,0.06,NW@7.1,9.9,49.8,0.0,74,"Maryhill, Klickitat County",310025,Maryhill,2017-12-06 08:13:37.323867
2009-11-07,07:45,46.6,,39.6,76.4,0.0,SW@4.6,8.5,49.8,0.0,109,"Maryhill, Klickitat County",310025,Maryhill,2017-12-06 08:13:37.323867
2009-11-07,08:00,44.9,,41.3,87.1,0.0,SW@4.7,7.1,49.7,0.0,122,"Maryhill, Klickitat County",310025,Maryhill,2017-12-06 08:13:37.323867
2009-11-07,08:15,46.5,,41.6,82.9,0.0,SW@4.4,6.7,49.7,0.0,148,"Maryhill, Klickitat County",310025,Maryhill,2017-12-06 08:13:37.323867
2009-11-07,08:30,47.7,,41.3,78.3,0.0,SW@5.1,9.2,49.7,0.0,179,"Maryhill, Klickitat County",310025,Maryhill,2017-12-06 08:13:37.323867
2009-11-07,08:45,48.2,,42.1,79.1,0.0,SW@4.3,7.1,49.7,0.0,192,"Maryhill, Klickitat County",310025,Maryhill,2017-12-06 08:13:37.323867
2009-11-07,09:00,48.6,,43.7,83.0,0.0,SW@4.4,7.8,49.7,0.0,235,"Maryhill, Klickitat County",310025,Maryhill,2017-12-06 08:13:37.323867
2009-11-07,09:15,50.0,,43.9,79.5,0.0,S@3.6,6.4,49.6,0.0,287,"Maryhill, Klickitat County",310025,Maryhill,2017-12-06 08:13:37.323867
2009-11-07,09:30,50.7,,43.6,76.4,0.0,S@3.9,8.5,49.6,0.0,320,"Maryhill, Klickitat County",310025,Maryhill,2017-12-06 08:13:37.323867
2009-11-07,09:45,50.2,,43.3,77.2,0.0,S@5.1,10.3,49.6,0.0,343,"Maryhill, Klickitat County",310025,Maryhill,2017-12-06 08:13:37.323867
2009-11-07,10:00,50.8,,43.1,74.8,0.0,S@4.8,8.5,49.6,0.0,325,"Maryhill, Klickitat County",310025,Maryhill,2017-12-06 08:13:37.323867
2009-11-07,10:15,51.4,,43.5,74.1,0.0,SW@4.1,7.4,49.6,0.0,369,"Maryhill, Klickitat County",310025,Maryhill,2017-12-06 08:13:37.323867
2009-11-07,10:30,53.7,,42.3,65.1,0.0,SW@4.6,7.4,49.6,0.0,389,"Maryhill, Klickitat County",310025,Maryhill,2017-12-06 08:13:37.323867
2009-11-07,10:45,54.4,,40.6,59.6,0.0,S@4.3,8.5,49.6,0.0,410,"Maryhill, Klickitat County",310025,Maryhill,2017-12-06 08:13:37.323867
2009-11-07,11:00,54.6,,40.5,59.0,0.0,S@4.2,7.4,49.6,0.0,354,"Maryhill, Klickitat County",310025,Maryhill,2017-12-06 08:13:37.323867
2009-11-07,11:15,55.0,,39.9,56.6,0.0,SW@5.4,15.3,49.6,0.0,306,"Maryhill, Klickitat County",310025,Maryhill,2017-12-06 08:13:37.323867
2009-11-07,11:30,54.9,,37.8,52.2,0.0,W@8.7,16.0,49.6,0.0,254,"Maryhill, Klickitat County",310025,Maryhill,2017-12-06 08:13:37.323867
2009-11-07,11:45,56.4,,38.5,51.0,0.0,W@7.6,13.5,49.6,0.0,432,"Maryhill, Klickitat County",310025,Maryhill,2017-12-06 08:13:37.323867
2009-11-07,12:00,55.8,,38.4,51.9,0.0,W@8.4,14.6,49.6,0.0,238,"Maryhill, Klickitat County",310025,Maryhill,2017-12-06 08:13:37.323867
2009-11-07,12:15,54.3,,37.6,52.9,0.0,W@6.8,10.3,49.7,0.0,133,"Maryhill, Klickitat County",310025,Maryhill,2017-12-06 08:13:37.323867
2009-11-07,12:30,54.5,,37.0,51.5,0.0,W@7.7,13.9,49.7,0.0,161,"Maryhill, Klickitat County",310025,Maryhill,2017-12-06 08:13:37.323867
2009-11-07,12:45,55.0,,36.5,49.6,0.0,W@7.1,12.1,49.7,0.0,195,"Maryhill, Klickitat County",310025,Maryhill,2017-12-06 08:13:37.323867
2009-11-07,13:00,54.9,,34.7,46.3,0.0,W@6.8,9.9,49.8,0.0,108,"Maryhill, Klickitat County",310025,Maryhill,2017-12-06 08:13:37.323867
2009-11-07,13:15,56.2,,35.7,46.0,0.0,W@6.4,14.2,49.8,0.0,382,"Maryhill, Klickitat County",310025,Maryhill,2017-12-06 08:13:37.323867
2009-11-07,13:30,58.1,,34.3,40.5,0.0,SW@8.9,18.5,49.9,0.0,424,"Maryhill, Klickitat County",310025,Maryhill,2017-12-06 08:13:37.323867
2009-11-07,13:45,57.4,,32.3,38.4,0.0,SW@12.1,22.8,49.9,0.0,266,"Maryhill, Klickitat County",310025,Maryhill,2017-12-06 08:13:37.323867
2009-11-07,14:00,56.2,,31.7,39.2,0.0,SW@15.4,26.8,50.0,0.0,120,"Maryhill, Klickitat County",310025,Maryhill,2017-12-06 08:13:37.323867
2009-11-07,14:15,55.6,,32.6,41.5,0.0,SW@12.9,21.8,50.1,0.0,67,"Maryhill, Klickitat County",310025,Maryhill,2017-12-06 08:13:37.323867
2009-11-07,14:30,54.9,,34.1,45.3,0.0,W@10.3,17.5,50.1,0.0,75,"Maryhill, Klickitat County",310025,Maryhill,2017-12-06 08:13:37.323867
2009-11-07,14:45,52.7,,36.7,54.5,0.0,NW@13.1,21.0,50.2,0.0,77,"Maryhill, Klickitat County",310025,Maryhill,2017-12-06 08:13:37.323867
2009-11-07,15:00,49.3,,38.5,66.2,0.0,NW@18.3,26.0,50.3,0.0,45,"Maryhill, Klickitat County",310025,Maryhill,2017-12-06 08:13:37.323867
2009-11-07,15:15,47.9,,38.3,69.0,0.0,NW@18.7,30.0,50.3,0.0,24,"Maryhill, Klickitat County",310025,Maryhill,2017-12-06 08:13:37.323867
2009-11-07,15:30,47.6,,38.0,69.3,0.01,NW@15.3,24.3,50.4,0.0,11,"Maryhill, Klickitat County",310025,Maryhill,2017-12-06 08:13:37.323867
2009-11-07,15:45,48.8,,38.0,66.3,0.43,W@13.8,22.8,50.5,0.0,15,"Maryhill, Klickitat County",310025,Maryhill,2017-12-06 08:13:37.323867
2009-11-07,16:00,47.1,,38.3,71.3,0.1,NW@15.0,22.1,50.5,0.0,10,"Maryhill, Klickitat County",310025,Maryhill,2017-12-06 08:13:37.323867
2009-11-07,16:15,45.5,,37.9,74.7,0.29,NW@14.6,22.1,50.6,0.0,4,"Maryhill, Klickitat County",310025,Maryhill,2017-12-06 08:13:37.323867
2009-11-07,16:30,44.5,,38.6,79.6,0.88,NW@10.3,14.6,50.6,0.01,2,"Maryhill, Klickitat County",310025,Maryhill,2017-12-06 08:13:37.323867
2009-11-07,16:45,45.3,,38.5,77.0,0.89,NW@9.1,15.0,50.7,0.0,2,"Maryhill, Klickitat County",310025,Maryhill,2017-12-06 08:13:37.323867
2009-11-07,17:00,45.8,,38.3,75.1,0.88,NW@9.4,15.3,50.7,0.0,0,"Maryhill, Klickitat County",310025,Maryhill,2017-12-06 08:13:37.323867
2009-11-07,17:15,45.1,,38.4,77.1,0.9,NW@8.6,13.2,50.8,0.0,0,"Maryhill, Klickitat County",310025,Maryhill,2017-12-06 08:13:37.323867
2009-11-07,17:30,43.4,,37.5,79.6,0.9,NW@11.9,19.2,50.8,0.01,0,"Maryhill, Klickitat County",310025,Maryhill,2017-12-06 08:13:37.323867
2009-11-07,17:45,43.1,,37.7,81.1,0.89,NW@7.5,16.0,50.8,0.01,0,"Maryhill, Klickitat County",310025,Maryhill,2017-12-06 08:13:37.323867
2009-11-07,18:00,43.3,,40.0,88.0,0.89,S@4.5,7.8,50.9,0.0,0,"Maryhill, Klickitat County",310025,Maryhill,2017-12-06 08:13:37.323867
2009-11-07,18:15,43.4,,40.5,89.6,0.89,SW@2.7,6.4,50.9,0.0,0,"Maryhill, Klickitat County",310025,Maryhill,2017-12-06 08:13:37.323867
2009-11-07,18:30,43.2,,40.5,90.2,0.91,W@4.1,8.2,50.9,0.02,0,"Maryhill, Klickitat County",310025,Maryhill,2017-12-06 08:13:37.323867
2009-11-07,18:45,41.9,,39.7,91.7,0.9,SW@6.9,11.4,50.9,0.0,0,"Maryhill, Klickitat County",310025,Maryhill,2017-12-06 08:13:37.323867
2009-11-07,19:00,41.2,,39.3,92.7,0.89,SW@7.5,11.0,50.9,0.0,0,"Maryhill, Klickitat County",310025,Maryhill,2017-12-06 08:13:37.323867
2009-11-07,19:15,41.2,,39.4,93.1,0.89,W@6.8,10.3,51.0,0.0,0,"Maryhill, Klickitat County",310025,Maryhill,2017-12-06 08:13:37.323867
2009-11-07,19:30,41.0,,39.1,92.8,0.89,SW@5.7,9.6,51.0,0.0,0,"Maryhill, Klickitat County",310025,Maryhill,2017-12-06 08:13:37.323867
2009-11-07,19:45,41.0,,38.7,91.5,0.89,SW@6.2,10.3,51.0,0.0,0,"Maryhill, Klickitat County",310025,Maryhill,2017-12-06 08:13:37.323867
2009-11-07,20:00,41.3,,38.7,90.2,0.89,SW@6.8,9.9,51.0,0.0,0,"Maryhill, Klickitat County",310025,Maryhill,2017-12-06 08:13:37.323867
2009-11-07,20:15,42.0,,38.4,86.8,0.87,SW@7.1,11.4,51.0,0.0,0,"Maryhill, Klickitat County",310025,Maryhill,2017-12-06 08:13:37.323867
2009-11-07,20:30,41.6,,38.1,87.3,0.84,SW@5.4,9.9,51.0,0.0,0,"Maryhill, Klickitat County",310025,Maryhill,2017-12-06 08:13:37.323867
2009-11-07,20:45,41.3,,38.1,88.4,0.8,W@5.7,8.2,51.0,0.0,0,"Maryhill, Klickitat County",310025,Maryhill,2017-12-06 08:13:37.323867
2009-11-07,21:00,41.8,,38.1,86.7,0.69,W@6.9,11.0,51.0,0.0,0,"Maryhill, Klickitat County",310025,Maryhill,2017-12-06 08:13:37.323867
2009-11-07,21:15,41.8,,38.3,87.2,0.72,W@6.9,10.3,51.0,0.0,0,"Maryhill, Klickitat County",310025,Maryhill,2017-12-06 08:13:37.323867
2009-11-07,21:30,41.6,,38.7,89.5,0.72,SW@7.0,10.3,51.0,0.0,0,"Maryhill, Klickitat County",310025,Maryhill,2017-12-06 08:13:37.323867
2009-11-07,21:45,41.4,,38.9,90.6,0.61,SW@10.1,14.2,50.9,0.0,0,"Maryhill, Klickitat County",310025,Maryhill,2017-12-06 08:13:37.323867
2009-11-07,22:00,41.5,,39.0,90.6,0.48,SW@8.6,13.9,50.9,0.0,0,"Maryhill, Klickitat County",310025,Maryhill,2017-12-06 08:13:37.323867
2009-11-07,22:15,41.7,,39.0,90.3,0.43,SW@7.3,10.3,50.9,0.0,0,"Maryhill, Klickitat County",310025,Maryhill,2017-12-06 08:13:37.323867
2009-11-07,22:30,41.2,,39.2,92.2,0.58,SW@7.9,11.7,50.9,0.0,0,"Maryhill, Klickitat County",310025,Maryhill,2017-12-06 08:13:37.323867
2009-11-07,22:45,41.3,,39.0,91.8,0.57,SW@7.2,11.0,50.9,0.0,0,"Maryhill, Klickitat County",310025,Maryhill,2017-12-06 08:13:37.323867
2009-11-07,23:00,41.7,,38.5,88.4,0.38,W@7.3,11.4,50.9,0.0,0,"Maryhill, Klickitat County",310025,Maryhill,2017-12-06 08:13:37.323867
2009-11-07,23:15,43.0,,37.6,81.1,0.06,W@9.8,14.2,50.8,0.0,0,"Maryhill, Klickitat County",310025,Maryhill,2017-12-06 08:13:37.323867
2009-11-07,23:30,43.7,,37.7,79.4,0.03,W@8.7,13.9,50.8,0.0,0,"Maryhill, Klickitat County",310025,Maryhill,2017-12-06 08:13:37.323867
2009-11-07,23:45,41.8,,39.2,90.5,0.06,SW@7.4,11.4,50.8,0.0,0,"Maryhill, Klickitat County",310025,Maryhill,2017-12-06 08:13:37.323867
2009-11-07,24:00,43.5,,39.0,83.9,0.19,W@6.4,9.9,50.8,0.0,0,"Maryhill, Klickitat County",310025,Maryhill,2017-12-06 08:13:37.323867
2009-11-08,00:15,42.7,,39.5,88.5,0.05,SW@6.8,10.3,50.7,0.0,0,"Maryhill, Klickitat County",310025,Maryhill,2017-12-06 08:13:37.323867
2009-11-08,00:30,41.7,,39.5,91.9,0.02,SW@7.6,11.0,50.7,0.0,0,"Maryhill, Klickitat County",310025,Maryhill,2017-12-06 08:13:37.323867
2009-11-08,00:45,41.1,,38.7,91.1,0.04,W@7.3,11.0,50.7,0.0,0,"Maryhill, Klickitat County",310025,Maryhill,2017-12-06 08:13:37.323867
2009-11-08,01:00,40.7,,38.6,91.8,0.04,W@5.8,8.9,50.7,0.0,0,"Maryhill, Klickitat County",310025,Maryhill,2017-12-06 08:13:37.323867
2009-11-08,01:15,40.7,,38.6,92.4,0.07,W@5.3,9.6,50.6,0.0,0,"Maryhill, Klickitat County",310025,Maryhill,2017-12-06 08:13:37.323867
2009-11-08,01:30,40.2,,38.2,92.7,0.11,W@5.1,7.8,50.6,0.0,0,"Maryhill, Klickitat County",310025,Maryhill,2017-12-06 08:13:37.323867
2009-11-08,01:45,40.4,,38.2,91.9,0.09,W@6.8,12.1,50.6,0.0,0,"Maryhill, Klickitat County",310025,Maryhill,2017-12-06 08:13:37.323867
2009-11-08,02:00,40.3,,38.3,92.6,0.11,SW@7.1,10.3,50.6,0.0,0,"Maryhill, Klickitat County",310025,Maryhill,2017-12-06 08:13:37.323867
2009-11-08,02:15,40.3,,37.8,90.7,0.08,W@7.1,10.7,50.5,0.0,0,"Maryhill, Klickitat County",310025,Maryhill,2017-12-06 08:13:37.323867
2009-11-08,02:30,40.8,,37.9,89.0,0.04,SW@7.1,9.9,50.5,0.0,0,"Maryhill, Klickitat County",310025,Maryhill,2017-12-06 08:13:37.323867
2009-11-08,02:45,40.8,,38.2,90.2,0.08,S@4.5,9.6,50.5,0.0,0,"Maryhill, Klickitat County",310025,Maryhill,2017-12-06 08:13:37.323867
2009-11-08,03:00,40.3,,38.4,92.8,0.16,W@3.9,7.4,50.5,0.0,0,"Maryhill, Klickitat County",310025,Maryhill,2017-12-06 08:13:37.323867
2009-11-08,03:15,39.8,,38.6,95.6,0.3,SW@5.9,8.5,50.4,0.0,0,"Maryhill, Klickitat County",310025,Maryhill,2017-12-06 08:13:37.323867
2009-11-08,03:30,39.5,,38.6,96.4,0.37,SW@2.3,7.1,50.4,0.0,0,"Maryhill, Klickitat County",310025,Maryhill,2017-12-06 08:13:37.323867
2009-11-08,03:45,39.2,,38.3,96.4,0.42,N@2.2,3.9,50.4,0.0,0,"Maryhill, Klickitat County",310025,Maryhill,2017-12-06 08:13:37.323867
2009-11-08,04:00,39.5,,38.6,96.4,0.5,S@1.2,3.5,50.3,0.0,0,"Maryhill, Klickitat County",310025,Maryhill,2017-12-06 08:13:37.323867
2009-11-08,04:15,39.6,,38.6,96.1,0.53,N@1.5,3.9,50.3,0.0,0,"Maryhill, Klickitat County",310025,Maryhill,2017-12-06 08:13:37.323867
2009-11-08,04:30,38.8,,37.8,96.1,0.57,N@3.6,6.4,50.3,0.0,0,"Maryhill, Klickitat County",310025,Maryhill,2017-12-06 08:13:37.323867
2009-11-08,04:45,38.9,,37.7,95.3,0.59,NE@3.1,4.6,50.2,0.0,0,"Maryhill, Klickitat County",310025,Maryhill,2017-12-06 08:13:37.323867
2009-11-08,05:00,38.3,,37.1,95.5,0.62,N@3.4,5.3,50.2,0.0,0,"Maryhill, Klickitat County",310025,Maryhill,2017-12-06 08:13:37.323867
2009-11-08,05:15,39.0,,37.7,95.4,0.63,NE@1.7,4.6,50.2,0.0,0,"Maryhill, Klickitat County",310025,Maryhill,2017-12-06 08:13:37.323867
2009-11-08,05:30,38.6,,37.1,94.2,0.63,N@1.4,3.9,50.1,0.0,0,"Maryhill, Klickitat County",310025,Maryhill,2017-12-06 08:13:37.323867
2009-11-08,05:45,38.5,,37.2,95.2,0.65,E@1.8,5.7,50.1,0.0,0,"Maryhill, Klickitat County",310025,Maryhill,2017-12-06 08:13:37.323867
2009-11-08,06:00,38.5,,37.1,94.9,0.65,N@1.7,3.1,50.1,0.0,0,"Maryhill, Klickitat County",310025,Maryhill,2017-12-06 08:13:37.323867
2009-11-08,06:15,38.9,,37.5,94.7,0.66,SE@1.3,3.5,50.0,0.0,0,"Maryhill, Klickitat County",310025,Maryhill,2017-12-06 08:13:37.323867
2009-11-08,06:30,38.6,,37.3,94.7,0.66,NW@2.0,3.5,50.0,0.0,0,"Maryhill, Klickitat County",310025,Maryhill,2017-12-06 08:13:37.323867
2009-11-08,06:45,38.2,,36.9,95.0,0.66,N@2.9,4.6,50.0,0.0,1,"Maryhill, Klickitat County",310025,Maryhill,2017-12-06 08:13:37.323867
2009-11-08,07:00,38.9,,37.6,95.1,0.67,NW@1.1,2.8,49.9,0.0,7,"Maryhill, Klickitat County",310025,Maryhill,2017-12-06 08:13:37.323867
2009-11-08,07:15,39.0,,37.4,93.9,0.68,SW@1.3,3.9,49.9,0.0,30,"Maryhill, Klickitat County",310025,Maryhill,2017-12-06 08:13:37.323867
2009-11-08,07:30,38.8,,37.4,94.6,0.68,SW@2.0,3.9,49.9,0.0,38,"Maryhill, Klickitat County",310025,Maryhill,2017-12-06 08:13:37.323867
2009-11-08,07:45,39.2,,37.7,94.3,0.67,W@1.1,2.4,49.8,0.0,49,"Maryhill, Klickitat County",310025,Maryhill,2017-12-06 08:13:37.323867
2009-11-08,08:00,40.3,,38.5,93.1,0.64,S@1.8,3.5,49.8,0.0,71,"Maryhill, Klickitat County",310025,Maryhill,2017-12-06 08:13:37.323867
2009-11-08,08:15,39.9,,38.0,93.1,0.6,W@2.4,4.2,49.8,0.0,49,"Maryhill, Klickitat County",310025,Maryhill,2017-12-06 08:13:37.323867
2009-11-08,08:30,39.9,,38.3,93.9,0.64,SE@2.5,6.4,49.7,0.0,68,"Maryhill, Klickitat County",310025,Maryhill,2017-12-06 08:13:37.323867
2009-11-08,08:45,40.7,,38.7,92.6,0.67,SE@0.9,2.8,49.7,0.0,118,"Maryhill, Klickitat County",310025,Maryhill,2017-12-06 08:13:37.323867
2009-11-08,09:00,40.9,,39.2,93.2,0.61,S@2.6,4.6,49.7,0.0,146,"Maryhill, Klickitat County",310025,Maryhill,2017-12-06 08:13:37.323867
2009-11-08,09:15,41.0,,39.3,93.4,0.45,SW@3.3,6.4,49.6,0.0,125,"Maryhill, Klickitat County",310025,Maryhill,2017-12-06 08:13:37.323867
2009-11-08,09:30,41.0,,39.4,94.1,0.29,S@3.2,5.7,49.6,0.0,110,"Maryhill, Klickitat County",310025,Maryhill,2017-12-06 08:13:37.323867
2009-11-08,09:45,41.4,,39.8,94.2,0.17,SW@3.4,6.0,49.6,0.0,145,"Maryhill, Klickitat County",310025,Maryhill,2017-12-06 08:13:37.323867
2009-11-08,10:00,41.5,,39.9,94.2,0.04,S@3.6,5.7,49.5,0.0,120,"Maryhill, Klickitat County",310025,Maryhill,2017-12-06 08:13:37.323867
2009-11-08,10:15,42.0,,40.4,94.3,0.03,S@1.4,3.9,49.5,0.0,129,"Maryhill, Klickitat County",310025,Maryhill,2017-12-06 08:13:37.323867
2009-11-08,10:30,42.5,,40.6,93.1,0.05,S@1.7,4.6,49.5,0.0,189,"Maryhill, Klickitat County",310025,Maryhill,2017-12-06 08:13:37.323867
2009-11-08,10:45,43.0,,41.0,92.5,0.02,S@2.8,5.3,49.5,0.0,185,"Maryhill, Klickitat County",310025,Maryhill,2017-12-06 08:13:37.323867
2009-11-08,11:00,42.5,,40.6,93.0,0.0,S@3.8,6.0,49.4,0.0,141,"Maryhill, Klickitat County",310025,Maryhill,2017-12-06 08:13:37.323867
2009-11-08,11:15,42.9,,41.0,92.9,0.0,SW@3.4,5.7,49.4,0.0,128,"Maryhill, Klickitat County",310025,Maryhill,2017-12-06 08:13:37.323867
2009-11-08,11:30,43.2,,41.1,92.2,0.0,W@2.2,4.6,49.4,0.0,114,"Maryhill, Klickitat County",310025,Maryhill,2017-12-06 08:13:37.323867
2009-11-08,11:45,43.6,,41.5,92.2,0.0,SW@3.9,6.0,49.4,0.0,172,"Maryhill, Klickitat County",310025,Maryhill,2017-12-06 08:13:37.323867
2009-11-08,12:00,44.2,,41.4,89.7,0.0,S@4.3,6.7,49.4,0.0,230,"Maryhill, Klickitat County",310025,Maryhill,2017-12-06 08:13:37.323867
2009-11-08,12:15,45.5,,41.7,86.6,0.0,S@3.5,7.4,49.4,0.0,337,"Maryhill, Klickitat County",310025,Maryhill,2017-12-06 08:13:37.323867
2009-11-08,12:30,45.8,,41.6,85.1,0.0,S@4.5,8.9,49.4,0.0,272,"Maryhill, Klickitat County",310025,Maryhill,2017-12-06 08:13:37.323867
2009-11-08,12:45,47.1,,41.3,80.1,0.0,S@4.8,8.5,49.4,0.0,411,"Maryhill, Klickitat County",310025,Maryhill,2017-12-06 08:13:37.323867
2009-11-08,13:00,48.1,,42.1,79.7,0.0,S@4.4,7.1,49.4,0.0,399,"Maryhill, Klickitat County",310025,Maryhill,2017-12-06 08:13:37.323867
2009-11-08,13:15,48.9,,42.7,79.1,0.0,S@4.5,7.8,49.4,0.0,395,"Maryhill, Klickitat County",310025,Maryhill,2017-12-06 08:13:37.323867
2009-11-08,13:30,49.6,,43.0,77.8,0.0,SW@4.1,6.7,49.4,0.0,372,"Maryhill, Klickitat County",310025,Maryhill,2017-12-06 08:13:37.323867
2009-11-08,13:45,50.6,,43.2,75.6,0.0,S@4.2,7.4,49.5,0.0,335,"Maryhill, Klickitat County",310025,Maryhill,2017-12-06 08:13:37.323867
2009-11-08,14:00,49.2,,42.4,77.2,0.0,SW@4.3,7.1,49.5,0.0,181,"Maryhill, Klickitat County",310025,Maryhill,2017-12-06 08:13:37.323867
2009-11-08,14:15,48.9,,42.2,77.5,0.0,SW@4.6,7.1,49.5,0.0,166,"Maryhill, Klickitat County",310025,Maryhill,2017-12-06 08:13:37.323867
2009-11-08,14:30,49.2,,41.8,75.5,0.0,SW@4.3,7.1,49.5,0.0,121,"Maryhill, Klickitat County",310025,Maryhill,2017-12-06 08:13:37.323867
2009-11-08,14:45,49.6,,42.4,76.2,0.0,SW@4.2,7.1,49.6,0.0,124,"Maryhill, Klickitat County",310025,Maryhill,2017-12-06 08:13:37.323867
2009-11-08,15:00,50.5,,44.2,78.8,0.0,SW@4.4,6.7,49.6,0.0,176,"Maryhill, Klickitat County",310025,Maryhill,2017-12-06 08:13:37.323867
2009-11-08,15:15,50.6,,44.0,78.0,0.0,S@4.5,7.8,49.6,0.0,159,"Maryhill, Klickitat County",310025,Maryhill,2017-12-06 08:13:37.323867
2009-11-08,15:30,49.4,,43.6,80.3,0.0,SW@4.9,7.4,49.7,0.0,73,"Maryhill, Klickitat County",310025,Maryhill,2017-12-06 08:13:37.323867
2009-11-08,15:45,49.0,,43.6,81.4,0.0,SW@3.8,6.7,49.7,0.0,65,"Maryhill, Klickitat County",310025,Maryhill,2017-12-06 08:13:37.323867
2009-11-08,16:00,48.8,,43.3,81.2,0.0,SW@4.3,6.7,49.8,0.0,33,"Maryhill, Klickitat County",310025,Maryhill,2017-12-06 08:13:37.323867
2009-11-08,16:15,48.5,,43.9,84.0,0.0,SW@4.3,7.8,49.8,0.0,19,"Maryhill, Klickitat County",310025,Maryhill,2017-12-06 08:13:37.323867
2009-11-08,16:30,48.1,,43.4,83.6,0.0,W@3.4,6.0,49.9,0.0,13,"Maryhill, Klickitat County",310025,Maryhill,2017-12-06 08:13:37.323867
2009-11-08,16:45,47.1,,42.9,85.2,0.0,W@3.5,4.9,49.9,0.0,5,"Maryhill, Klickitat County",310025,Maryhill,2017-12-06 08:13:37.323867
2009-11-08,17:00,46.9,,42.7,85.1,0.0,W@3.7,4.6,50.0,0.0,0,"Maryhill, Klickitat County",310025,Maryhill,2017-12-06 08:13:37.323867
2009-11-08,17:15,46.7,,42.4,84.8,0.0,W@3.4,4.9,50.0,0.0,0,"Maryhill, Klickitat County",310025,Maryhill,2017-12-06 08:13:37.323867
2009-11-08,17:30,47.4,,43.0,84.4,0.0,SW@3.7,8.9,50.1,0.0,0,"Maryhill, Klickitat County",310025,Maryhill,2017-12-06 08:13:37.323867
2009-11-08,17:45,46.8,,42.5,84.8,0.0,W@3.3,5.3,50.1,0.0,0,"Maryhill, Klickitat County",310025,Maryhill,2017-12-06 08:13:37.323867
2009-11-08,18:00,47.0,,42.2,83.3,0.0,W@3.0,4.6,50.1,0.0,0,"Maryhill, Klickitat County",310025,Maryhill,2017-12-06 08:13:37.323867
2009-11-08,18:15,46.4,,41.9,84.2,0.0,W@3.3,4.6,50.2,0.0,0,"Maryhill, Klickitat County",310025,Maryhill,2017-12-06 08:13:37.323867
2009-11-08,18:30,46.3,,42.0,84.8,0.01,NW@3.3,5.7,50.2,0.0,0,"Maryhill, Klickitat County",310025,Maryhill,2017-12-06 08:13:37.323867
2009-11-08,18:45,46.6,,42.4,85.1,0.01,SW@2.7,6.4,50.2,0.0,0,"Maryhill, Klickitat County",310025,Maryhill,2017-12-06 08:13:37.323867
2009-11-08,19:00,45.5,,42.2,88.1,0.02,NW@3.2,4.9,50.3,0.0,0,"Maryhill, Klickitat County",310025,Maryhill,2017-12-06 08:13:37.323867
2009-11-08,19:15,46.0,,42.4,87.0,0.03,NE@2.7,4.6,50.3,0.0,0,"Maryhill, Klickitat County",310025,Maryhill,2017-12-06 08:13:37.323867
2009-11-08,19:30,45.1,,42.2,89.4,0.03,NE@3.4,8.2,50.3,0.0,0,"Maryhill, Klickitat County",310025,Maryhill,2017-12-06 08:13:37.323867
2009-11-08,19:45,45.0,,42.3,90.4,0.04,NW@2.4,3.9,50.3,0.0,0,"Maryhill, Klickitat County",310025,Maryhill,2017-12-06 08:13:37.323867
2009-11-08,20:00,44.3,,42.1,91.9,0.08,NW@2.8,4.9,50.3,0.0,0,"Maryhill, Klickitat County",310025,Maryhill,2017-12-06 08:13:37.323867
2009-11-08,20:15,43.8,,41.8,92.5,0.2,NW@2.5,4.2,50.3,0.0,0,"Maryhill, Klickitat County",310025,Maryhill,2017-12-06 08:13:37.323867
2009-11-08,20:30,43.6,,41.6,92.8,0.36,W@3.7,4.9,50.4,0.0,0,"Maryhill, Klickitat County",310025,Maryhill,2017-12-06 08:13:37.323867
2009-11-08,20:45,43.7,,41.3,91.3,0.45,NW@1.5,4.9,50.4,0.0,0,"Maryhill, Klickitat County",310025,Maryhill,2017-12-06 08:13:37.323867
2009-11-08,21:00,42.6,,40.7,93.2,0.52,NW@2.0,4.6,50.4,0.0,0,"Maryhill, Klickitat County",310025,Maryhill,2017-12-06 08:13:37.323867
2009-11-08,21:15,42.3,,40.8,94.3,0.58,NW@2.9,4.6,50.4,0.0,0,"Maryhill, Klickitat County",310025,Maryhill,2017-12-06 08:13:37.323867
2009-11-08,21:30,43.1,,41.1,92.3,0.61,NW@1.0,3.1,50.4,0.0,0,"Maryhill, Klickitat County",310025,Maryhill,2017-12-06 08:13:37.323867
2009-11-08,21:45,42.4,,40.5,92.9,0.63,NW@1.0,3.1,50.4,0.0,0,"Maryhill, Klickitat County",310025,Maryhill,2017-12-06 08:13:37.323867
2009-11-08,22:00,42.5,,41.1,94.6,0.66,N@0.9,2.8,50.4,0.0,0,"Maryhill, Klickitat County",310025,Maryhill,2017-12-06 08:13:37.323867
2009-11-08,22:15,42.5,,41.1,94.7,0.67,NW@2.2,3.1,50.4,0.0,0,"Maryhill, Klickitat County",310025,Maryhill,2017-12-06 08:13:37.323867
2009-11-08,22:30,43.0,,41.5,94.1,0.68,SW@3.1,4.9,50.4,0.0,0,"Maryhill, Klickitat County",310025,Maryhill,2017-12-06 08:13:37.323867
2009-11-08,22:45,42.1,,40.7,94.6,0.69,W@2.6,3.9,50.3,0.0,0,"Maryhill, Klickitat County",310025,Maryhill,2017-12-06 08:13:37.323867
2009-11-08,23:00,42.1,,41.1,96.4,0.72,W@2.7,3.5,50.3,0.0,0,"Maryhill, Klickitat County",310025,Maryhill,2017-12-06 08:13:37.323867
2009-11-08,23:15,42.1,,41.1,96.2,0.74,W@2.3,3.9,50.3,0.0,0,"Maryhill, Klickitat County",310025,Maryhill,2017-12-06 08:13:37.323867
2009-11-08,23:30,41.9,,41.0,96.8,0.75,W@2.5,3.9,50.3,0.0,0,"Maryhill, Klickitat County",310025,Maryhill,2017-12-06 08:13:37.323867
2009-11-08,23:45,41.5,,40.8,97.3,0.76,NW@2.8,3.9,50.3,0.0,0,"Maryhill, Klickitat County",310025,Maryhill,2017-12-06 08:13:37.323867
2009-11-08,24:00,41.5,,41.0,98.1,0.77,NW@2.7,4.6,50.2,0.0,0,"Maryhill, Klickitat County",310025,Maryhill,2017-12-06 08:13:37.323867
