Date,Time PST,Air Temp °F, 2<sup>nd</sup> Air Temp °F, Dew Point °F, Rel Hum %, Leaf Wet u., Wind Dir @ Speed mph, Wind Gust mph, 8 in. Soil Tmp °F, Tot Prec in, Solar Rad W/m²,Location,Station ID,Station Name,Download Timestamp
2008-12-03,00:15,48.3,,46.6,93.9,0.05,SW@2.4,3.9,49.6,0.0,0,"Maryhill, Klickitat County",310025,Maryhill,2017-12-06 08:05:31.032312
2008-12-03,00:30,47.5,,45.8,94.1,0.02,E@4.9,11.4,49.5,0.0,0,"Maryhill, Klickitat County",310025,Maryhill,2017-12-06 08:05:31.032312
2008-12-03,00:45,46.6,,45.5,95.7,0.02,NE@4.8,8.2,49.5,0.0,0,"Maryhill, Klickitat County",310025,Maryhill,2017-12-06 08:05:31.032312
2008-12-03,01:00,46.3,,45.3,96.0,0.02,E@4.4,8.2,49.4,0.0,0,"Maryhill, Klickitat County",310025,Maryhill,2017-12-06 08:05:31.032312
2008-12-03,01:15,46.1,,44.9,95.2,0.02,E@4.5,8.9,49.4,0.0,0,"Maryhill, Klickitat County",310025,Maryhill,2017-12-06 08:05:31.032312
2008-12-03,01:30,45.7,,44.5,95.5,0.01,E@4.5,7.1,49.3,0.0,0,"Maryhill, Klickitat County",310025,Maryhill,2017-12-06 08:05:31.032312
2008-12-03,01:45,45.9,,44.0,93.1,0.01,NE@6.6,11.7,49.3,0.0,0,"Maryhill, Klickitat County",310025,Maryhill,2017-12-06 08:05:31.032312
2008-12-03,02:00,45.8,,43.1,90.2,0.0,NE@7.3,10.7,49.2,0.0,0,"Maryhill, Klickitat County",310025,Maryhill,2017-12-06 08:05:31.032312
2008-12-03,02:15,45.1,,42.9,91.8,0.01,E@6.2,9.6,49.2,0.0,0,"Maryhill, Klickitat County",310025,Maryhill,2017-12-06 08:05:31.032312
2008-12-03,02:30,44.7,,42.4,91.2,0.01,NE@8.3,12.1,49.2,0.0,0,"Maryhill, Klickitat County",310025,Maryhill,2017-12-06 08:05:31.032312
2008-12-03,02:45,45.0,,42.2,89.7,0.01,NE@8.3,12.4,49.1,0.0,0,"Maryhill, Klickitat County",310025,Maryhill,2017-12-06 08:05:31.032312
2008-12-03,03:00,45.0,,42.2,89.7,0.0,NE@7.9,10.7,49.1,0.0,0,"Maryhill, Klickitat County",310025,Maryhill,2017-12-06 08:05:31.032312
2008-12-03,03:15,44.8,,42.0,89.7,0.01,NE@7.6,11.0,49.1,0.0,0,"Maryhill, Klickitat County",310025,Maryhill,2017-12-06 08:05:31.032312
2008-12-03,03:30,44.5,,41.9,90.3,0.01,NE@7.1,10.3,49.0,0.0,0,"Maryhill, Klickitat County",310025,Maryhill,2017-12-06 08:05:31.032312
2008-12-03,03:45,44.2,,41.8,91.1,0.01,NE@7.2,10.7,49.0,0.0,0,"Maryhill, Klickitat County",310025,Maryhill,2017-12-06 08:05:31.032312
2008-12-03,04:00,44.1,,41.6,91.0,0.01,NE@6.3,10.7,49.0,0.0,0,"Maryhill, Klickitat County",310025,Maryhill,2017-12-06 08:05:31.032312
2008-12-03,04:15,44.4,,41.8,90.5,0.01,NE@6.7,11.4,48.9,0.0,0,"Maryhill, Klickitat County",310025,Maryhill,2017-12-06 08:05:31.032312
2008-12-03,04:30,44.2,,41.7,90.8,0.01,NE@5.8,9.6,48.9,0.0,0,"Maryhill, Klickitat County",310025,Maryhill,2017-12-06 08:05:31.032312
2008-12-03,04:45,44.1,,41.7,91.4,0.01,NE@6.1,9.2,48.8,0.0,0,"Maryhill, Klickitat County",310025,Maryhill,2017-12-06 08:05:31.032312
2008-12-03,05:00,44.7,,42.0,90.1,0.0,NE@5.8,7.8,48.8,0.0,0,"Maryhill, Klickitat County",310025,Maryhill,2017-12-06 08:05:31.032312
2008-12-03,05:15,44.8,,41.9,89.7,0.0,NE@5.8,8.5,48.8,0.0,0,"Maryhill, Klickitat County",310025,Maryhill,2017-12-06 08:05:31.032312
2008-12-03,05:30,45.0,,41.9,88.9,0.0,NE@5.4,8.2,48.7,0.0,0,"Maryhill, Klickitat County",310025,Maryhill,2017-12-06 08:05:31.032312
2008-12-03,05:45,44.9,,42.1,89.6,0.0,NE@5.3,7.1,48.7,0.0,0,"Maryhill, Klickitat County",310025,Maryhill,2017-12-06 08:05:31.032312
2008-12-03,06:00,44.7,,42.2,90.7,0.0,NE@5.5,7.8,48.6,0.0,0,"Maryhill, Klickitat County",310025,Maryhill,2017-12-06 08:05:31.032312
2008-12-03,06:15,44.9,,42.1,89.9,0.0,NE@6.2,8.9,48.6,0.0,0,"Maryhill, Klickitat County",310025,Maryhill,2017-12-06 08:05:31.032312
2008-12-03,06:30,44.9,,42.0,89.5,0.0,NE@6.1,9.6,48.5,0.0,0,"Maryhill, Klickitat County",310025,Maryhill,2017-12-06 08:05:31.032312
2008-12-03,06:45,44.8,,42.0,89.7,0.0,NE@5.6,8.5,48.5,0.0,0,"Maryhill, Klickitat County",310025,Maryhill,2017-12-06 08:05:31.032312
2008-12-03,07:00,44.7,,41.8,89.3,0.0,NE@6.4,8.9,48.5,0.0,0,"Maryhill, Klickitat County",310025,Maryhill,2017-12-06 08:05:31.032312
2008-12-03,07:15,44.6,,41.7,89.5,0.0,NE@6.2,9.6,48.4,0.0,0,"Maryhill, Klickitat County",310025,Maryhill,2017-12-06 08:05:31.032312
2008-12-03,07:30,44.5,,41.5,89.1,0.0,NE@6.2,8.5,48.4,0.0,1,"Maryhill, Klickitat County",310025,Maryhill,2017-12-06 08:05:31.032312
2008-12-03,07:45,44.5,,41.3,88.6,0.0,NE@6.1,8.9,48.4,0.0,4,"Maryhill, Klickitat County",310025,Maryhill,2017-12-06 08:05:31.032312
2008-12-03,08:00,44.4,,41.3,88.7,0.0,NE@6.3,8.9,48.3,0.0,9,"Maryhill, Klickitat County",310025,Maryhill,2017-12-06 08:05:31.032312
2008-12-03,08:15,44.4,,41.3,88.7,0.0,NE@6.4,8.5,48.3,0.0,23,"Maryhill, Klickitat County",310025,Maryhill,2017-12-06 08:05:31.032312
2008-12-03,08:30,44.4,,41.1,88.1,0.0,NE@7.0,9.6,48.3,0.0,24,"Maryhill, Klickitat County",310025,Maryhill,2017-12-06 08:05:31.032312
2008-12-03,08:45,44.3,,40.8,87.3,0.0,NE@6.7,9.2,48.2,0.0,21,"Maryhill, Klickitat County",310025,Maryhill,2017-12-06 08:05:31.032312
2008-12-03,09:00,44.3,,40.0,84.6,0.0,NE@6.7,9.2,48.2,0.0,40,"Maryhill, Klickitat County",310025,Maryhill,2017-12-06 08:05:31.032312
2008-12-03,09:15,44.5,,39.8,83.5,0.0,NE@6.8,10.3,48.2,0.0,69,"Maryhill, Klickitat County",310025,Maryhill,2017-12-06 08:05:31.032312
2008-12-03,09:30,44.8,,38.8,79.5,0.0,NE@6.0,10.3,48.2,0.0,101,"Maryhill, Klickitat County",310025,Maryhill,2017-12-06 08:05:31.032312
2008-12-03,09:45,45.0,,38.1,76.4,0.0,E@6.1,10.3,48.2,0.0,97,"Maryhill, Klickitat County",310025,Maryhill,2017-12-06 08:05:31.032312
2008-12-03,10:00,45.2,,36.8,72.2,0.0,E@6.4,10.3,48.1,0.0,122,"Maryhill, Klickitat County",310025,Maryhill,2017-12-06 08:05:31.032312
2008-12-03,10:15,45.2,,36.3,71.0,0.0,E@7.1,10.3,48.1,0.0,127,"Maryhill, Klickitat County",310025,Maryhill,2017-12-06 08:05:31.032312
2008-12-03,10:30,45.3,,35.6,68.8,0.0,E@7.3,11.0,48.1,0.0,144,"Maryhill, Klickitat County",310025,Maryhill,2017-12-06 08:05:31.032312
2008-12-03,10:45,45.3,,34.8,66.3,0.0,E@7.5,11.7,48.1,0.0,147,"Maryhill, Klickitat County",310025,Maryhill,2017-12-06 08:05:31.032312
2008-12-03,11:00,45.3,,33.6,63.4,0.0,NE@7.3,11.4,48.1,0.0,163,"Maryhill, Klickitat County",310025,Maryhill,2017-12-06 08:05:31.032312
2008-12-03,11:15,45.6,,33.4,62.1,0.0,NE@6.9,11.7,48.1,0.0,167,"Maryhill, Klickitat County",310025,Maryhill,2017-12-06 08:05:31.032312
2008-12-03,11:30,45.8,,32.4,59.2,0.0,NE@7.1,11.0,48.1,0.0,169,"Maryhill, Klickitat County",310025,Maryhill,2017-12-06 08:05:31.032312
2008-12-03,11:45,46.2,,32.5,58.6,0.0,NE@6.2,9.6,48.1,0.0,177,"Maryhill, Klickitat County",310025,Maryhill,2017-12-06 08:05:31.032312
2008-12-03,12:00,46.5,,32.0,56.9,0.0,NE@7.1,12.1,48.1,0.0,225,"Maryhill, Klickitat County",310025,Maryhill,2017-12-06 08:05:31.032312
2008-12-03,12:15,46.7,,31.0,54.3,0.0,NE@7.2,12.4,48.1,0.0,218,"Maryhill, Klickitat County",310025,Maryhill,2017-12-06 08:05:31.032312
2008-12-03,12:30,46.9,,30.7,53.0,0.0,NE@6.1,9.9,48.1,0.0,153,"Maryhill, Klickitat County",310025,Maryhill,2017-12-06 08:05:31.032312
2008-12-03,12:45,46.7,,30.5,53.2,0.0,NE@6.7,11.0,48.1,0.0,118,"Maryhill, Klickitat County",310025,Maryhill,2017-12-06 08:05:31.032312
2008-12-03,13:00,46.7,,30.8,53.5,0.0,NE@6.2,9.2,48.1,0.0,120,"Maryhill, Klickitat County",310025,Maryhill,2017-12-06 08:05:31.032312
2008-12-03,13:15,47.1,,30.8,52.7,0.0,E@6.2,10.3,48.2,0.0,166,"Maryhill, Klickitat County",310025,Maryhill,2017-12-06 08:05:31.032312
2008-12-03,13:30,47.4,,30.8,52.3,0.0,NE@5.8,11.7,48.2,0.0,144,"Maryhill, Klickitat County",310025,Maryhill,2017-12-06 08:05:31.032312
2008-12-03,13:45,47.2,,30.5,52.0,0.0,NE@5.6,8.2,48.2,0.0,99,"Maryhill, Klickitat County",310025,Maryhill,2017-12-06 08:05:31.032312
2008-12-03,14:00,46.9,,30.4,52.4,0.0,NE@5.3,8.2,48.3,0.0,66,"Maryhill, Klickitat County",310025,Maryhill,2017-12-06 08:05:31.032312
2008-12-03,14:15,47.0,,30.6,52.5,0.0,NE@5.1,7.8,48.3,0.0,72,"Maryhill, Klickitat County",310025,Maryhill,2017-12-06 08:05:31.032312
2008-12-03,14:30,47.1,,30.8,52.8,0.0,NE@5.0,7.8,48.4,0.0,74,"Maryhill, Klickitat County",310025,Maryhill,2017-12-06 08:05:31.032312
2008-12-03,14:45,47.1,,30.9,53.0,0.0,NE@4.9,7.8,48.4,0.0,57,"Maryhill, Klickitat County",310025,Maryhill,2017-12-06 08:05:31.032312
2008-12-03,15:00,47.1,,31.2,53.6,0.0,E@4.0,6.0,48.5,0.0,40,"Maryhill, Klickitat County",310025,Maryhill,2017-12-06 08:05:31.032312
2008-12-03,15:15,47.0,,31.1,53.8,0.0,NE@4.7,7.8,48.5,0.0,32,"Maryhill, Klickitat County",310025,Maryhill,2017-12-06 08:05:31.032312
2008-12-03,15:30,46.7,,32.2,56.7,0.0,E@5.1,8.2,48.5,0.0,22,"Maryhill, Klickitat County",310025,Maryhill,2017-12-06 08:05:31.032312
2008-12-03,15:45,46.6,,32.0,56.6,0.0,NE@7.5,10.3,48.6,0.0,19,"Maryhill, Klickitat County",310025,Maryhill,2017-12-06 08:05:31.032312
2008-12-03,16:00,46.3,,32.0,57.2,0.0,NE@7.6,10.3,48.6,0.0,10,"Maryhill, Klickitat County",310025,Maryhill,2017-12-06 08:05:31.032312
2008-12-03,16:15,46.0,,31.2,56.0,0.0,NE@7.2,9.9,48.6,0.0,6,"Maryhill, Klickitat County",310025,Maryhill,2017-12-06 08:05:31.032312
2008-12-03,16:30,45.6,,30.8,56.0,0.0,NE@6.5,10.3,48.7,0.0,3,"Maryhill, Klickitat County",310025,Maryhill,2017-12-06 08:05:31.032312
2008-12-03,16:45,45.4,,30.7,56.1,0.0,NE@7.1,9.9,48.7,0.0,0,"Maryhill, Klickitat County",310025,Maryhill,2017-12-06 08:05:31.032312
2008-12-03,17:00,45.1,,30.4,56.0,0.0,NE@6.4,9.2,48.7,0.0,0,"Maryhill, Klickitat County",310025,Maryhill,2017-12-06 08:05:31.032312
2008-12-03,17:15,44.9,,30.0,55.5,0.0,NE@6.2,9.9,48.7,0.0,0,"Maryhill, Klickitat County",310025,Maryhill,2017-12-06 08:05:31.032312
2008-12-03,17:30,44.8,,29.3,54.3,0.0,NE@7.2,11.4,48.7,0.0,0,"Maryhill, Klickitat County",310025,Maryhill,2017-12-06 08:05:31.032312
2008-12-03,17:45,44.6,,29.2,54.5,0.0,NE@6.5,10.3,48.7,0.0,0,"Maryhill, Klickitat County",310025,Maryhill,2017-12-06 08:05:31.032312
2008-12-03,18:00,44.3,,29.4,55.5,0.0,NE@5.6,9.6,48.7,0.0,0,"Maryhill, Klickitat County",310025,Maryhill,2017-12-06 08:05:31.032312
2008-12-03,18:15,44.0,,29.8,57.1,0.0,NE@5.8,8.5,48.7,0.0,0,"Maryhill, Klickitat County",310025,Maryhill,2017-12-06 08:05:31.032312
2008-12-03,18:30,43.8,,29.9,57.9,0.0,NE@6.4,9.2,48.7,0.0,0,"Maryhill, Klickitat County",310025,Maryhill,2017-12-06 08:05:31.032312
2008-12-03,18:45,43.4,,29.8,58.4,0.0,NE@6.1,8.9,48.7,0.0,0,"Maryhill, Klickitat County",310025,Maryhill,2017-12-06 08:05:31.032312
2008-12-03,19:00,43.2,,29.3,57.5,0.0,NE@6.9,9.6,48.7,0.0,0,"Maryhill, Klickitat County",310025,Maryhill,2017-12-06 08:05:31.032312
2008-12-03,19:15,43.3,,28.4,55.5,0.0,NE@7.1,10.3,48.7,0.0,0,"Maryhill, Klickitat County",310025,Maryhill,2017-12-06 08:05:31.032312
2008-12-03,19:30,43.2,,27.9,54.5,0.0,NE@7.7,11.0,48.6,0.0,0,"Maryhill, Klickitat County",310025,Maryhill,2017-12-06 08:05:31.032312
2008-12-03,19:45,43.1,,27.7,54.2,0.0,NE@6.9,10.7,48.6,0.0,0,"Maryhill, Klickitat County",310025,Maryhill,2017-12-06 08:05:31.032312
2008-12-03,20:00,43.0,,27.6,54.2,0.0,NE@7.0,9.9,48.6,0.0,0,"Maryhill, Klickitat County",310025,Maryhill,2017-12-06 08:05:31.032312
2008-12-03,20:15,42.9,,27.0,53.3,0.0,NE@7.3,9.9,48.6,0.0,0,"Maryhill, Klickitat County",310025,Maryhill,2017-12-06 08:05:31.032312
2008-12-03,20:30,42.7,,27.1,53.7,0.0,NE@7.5,10.3,48.5,0.0,0,"Maryhill, Klickitat County",310025,Maryhill,2017-12-06 08:05:31.032312
2008-12-03,20:45,42.4,,26.8,53.7,0.0,NE@7.6,11.0,48.5,0.0,0,"Maryhill, Klickitat County",310025,Maryhill,2017-12-06 08:05:31.032312
2008-12-03,21:00,42.2,,27.5,55.6,0.0,NE@5.7,8.9,48.5,0.0,0,"Maryhill, Klickitat County",310025,Maryhill,2017-12-06 08:05:31.032312
2008-12-03,21:15,41.8,,27.8,57.1,0.0,NE@5.9,8.9,48.4,0.0,0,"Maryhill, Klickitat County",310025,Maryhill,2017-12-06 08:05:31.032312
2008-12-03,21:30,41.8,,27.6,56.8,0.0,NE@6.1,9.6,48.4,0.0,0,"Maryhill, Klickitat County",310025,Maryhill,2017-12-06 08:05:31.032312
2008-12-03,21:45,41.8,,27.5,56.5,0.0,NE@6.3,9.6,48.3,0.0,0,"Maryhill, Klickitat County",310025,Maryhill,2017-12-06 08:05:31.032312
2008-12-03,22:00,41.8,,27.4,56.4,0.0,NE@5.8,8.5,48.3,0.0,0,"Maryhill, Klickitat County",310025,Maryhill,2017-12-06 08:05:31.032312
2008-12-03,22:15,41.7,,27.8,57.4,0.0,NE@5.9,8.2,48.3,0.0,0,"Maryhill, Klickitat County",310025,Maryhill,2017-12-06 08:05:31.032312
2008-12-03,22:30,41.6,,28.0,58.2,0.0,NE@5.8,8.2,48.2,0.0,0,"Maryhill, Klickitat County",310025,Maryhill,2017-12-06 08:05:31.032312
2008-12-03,22:45,41.5,,28.0,58.4,0.0,NE@5.4,7.8,48.2,0.0,0,"Maryhill, Klickitat County",310025,Maryhill,2017-12-06 08:05:31.032312
2008-12-03,23:00,41.2,,27.7,58.2,0.0,NE@4.5,7.4,48.1,0.0,0,"Maryhill, Klickitat County",310025,Maryhill,2017-12-06 08:05:31.032312
2008-12-03,23:15,40.9,,27.5,58.5,0.0,NE@5.3,7.4,48.1,0.0,0,"Maryhill, Klickitat County",310025,Maryhill,2017-12-06 08:05:31.032312
2008-12-03,23:30,40.0,,27.5,60.6,0.0,NE@4.6,6.4,48.0,0.0,0,"Maryhill, Klickitat County",310025,Maryhill,2017-12-06 08:05:31.032312
2008-12-03,23:45,39.6,,27.6,62.0,0.0,NE@5.6,8.2,48.0,0.0,0,"Maryhill, Klickitat County",310025,Maryhill,2017-12-06 08:05:31.032312
2008-12-03,24:00,39.6,,27.9,62.5,0.0,NE@6.2,8.9,47.9,0.0,0,"Maryhill, Klickitat County",310025,Maryhill,2017-12-06 08:05:31.032312
2008-12-04,00:15,40.1,,27.8,61.2,0.0,NE@6.9,9.2,47.9,0.0,0,"Maryhill, Klickitat County",310025,Maryhill,2017-12-06 08:05:31.032312
2008-12-04,00:30,40.5,,28.0,60.8,0.0,NE@7.0,9.6,47.9,0.0,0,"Maryhill, Klickitat County",310025,Maryhill,2017-12-06 08:05:31.032312
2008-12-04,00:45,40.6,,28.1,60.7,0.0,NE@7.5,10.7,47.8,0.0,0,"Maryhill, Klickitat County",310025,Maryhill,2017-12-06 08:05:31.032312
2008-12-04,01:00,40.4,,27.9,60.5,0.0,NE@7.2,10.7,47.7,0.0,0,"Maryhill, Klickitat County",310025,Maryhill,2017-12-06 08:05:31.032312
2008-12-04,01:15,40.4,,27.2,59.0,0.0,NE@7.0,10.3,47.7,0.0,0,"Maryhill, Klickitat County",310025,Maryhill,2017-12-06 08:05:31.032312
2008-12-04,01:30,39.9,,26.8,59.1,0.0,NE@7.4,11.4,47.6,0.0,0,"Maryhill, Klickitat County",310025,Maryhill,2017-12-06 08:05:31.032312
2008-12-04,01:45,39.6,,26.8,59.9,0.0,NE@7.5,9.9,47.6,0.0,0,"Maryhill, Klickitat County",310025,Maryhill,2017-12-06 08:05:31.032312
2008-12-04,02:00,39.2,,27.1,61.4,0.0,NE@7.4,10.3,47.5,0.0,0,"Maryhill, Klickitat County",310025,Maryhill,2017-12-06 08:05:31.032312
2008-12-04,02:15,38.6,,27.6,64.2,0.0,NE@5.7,8.9,47.5,0.0,0,"Maryhill, Klickitat County",310025,Maryhill,2017-12-06 08:05:31.032312
2008-12-04,02:30,37.7,,27.9,67.4,0.0,S@4.3,6.4,47.4,0.0,0,"Maryhill, Klickitat County",310025,Maryhill,2017-12-06 08:05:31.032312
2008-12-04,02:45,37.6,,27.8,67.4,0.0,E@5.3,8.9,47.4,0.0,0,"Maryhill, Klickitat County",310025,Maryhill,2017-12-06 08:05:31.032312
2008-12-04,03:00,37.9,,28.0,67.3,0.0,NE@5.3,8.2,47.3,0.0,0,"Maryhill, Klickitat County",310025,Maryhill,2017-12-06 08:05:31.032312
2008-12-04,03:15,37.5,,27.7,67.5,0.0,NE@4.4,7.4,47.3,0.0,0,"Maryhill, Klickitat County",310025,Maryhill,2017-12-06 08:05:31.032312
2008-12-04,03:30,36.9,,27.2,67.6,0.0,NE@4.8,7.1,47.2,0.0,0,"Maryhill, Klickitat County",310025,Maryhill,2017-12-06 08:05:31.032312
2008-12-04,03:45,36.9,,26.8,66.7,0.0,NE@4.4,7.4,47.1,0.0,0,"Maryhill, Klickitat County",310025,Maryhill,2017-12-06 08:05:31.032312
2008-12-04,04:00,37.0,,27.2,67.3,0.0,NE@5.4,7.8,47.1,0.0,0,"Maryhill, Klickitat County",310025,Maryhill,2017-12-06 08:05:31.032312
2008-12-04,04:15,38.0,,28.0,67.0,0.0,NE@3.6,6.0,47.0,0.0,0,"Maryhill, Klickitat County",310025,Maryhill,2017-12-06 08:05:31.032312
2008-12-04,04:30,36.5,,29.5,75.6,0.0,NE@3.7,7.4,46.9,0.0,0,"Maryhill, Klickitat County",310025,Maryhill,2017-12-06 08:05:31.032312
2008-12-04,04:45,37.8,,27.7,66.6,0.0,NE@5.3,7.8,46.9,0.0,0,"Maryhill, Klickitat County",310025,Maryhill,2017-12-06 08:05:31.032312
2008-12-04,05:00,38.4,,27.8,65.5,0.0,NE@4.4,6.7,46.8,0.0,0,"Maryhill, Klickitat County",310025,Maryhill,2017-12-06 08:05:31.032312
2008-12-04,05:15,38.2,,27.4,64.8,0.0,NE@4.2,7.1,46.7,0.0,0,"Maryhill, Klickitat County",310025,Maryhill,2017-12-06 08:05:31.032312
2008-12-04,05:30,37.9,,26.9,64.3,0.0,NE@5.0,9.2,46.6,0.0,0,"Maryhill, Klickitat County",310025,Maryhill,2017-12-06 08:05:31.032312
2008-12-04,05:45,37.1,,27.0,66.4,0.0,E@4.0,6.0,46.6,0.0,0,"Maryhill, Klickitat County",310025,Maryhill,2017-12-06 08:05:31.032312
2008-12-04,06:00,36.4,,27.3,69.5,0.0,SE@4.0,5.3,46.5,0.0,0,"Maryhill, Klickitat County",310025,Maryhill,2017-12-06 08:05:31.032312
2008-12-04,06:15,35.6,,28.0,73.4,0.0,NE@4.2,6.4,46.4,0.0,0,"Maryhill, Klickitat County",310025,Maryhill,2017-12-06 08:05:31.032312
2008-12-04,06:30,35.1,,28.4,76.3,0.0,SE@3.8,5.7,46.4,0.0,0,"Maryhill, Klickitat County",310025,Maryhill,2017-12-06 08:05:31.032312
2008-12-04,06:45,34.6,,28.7,78.6,0.0,S@3.5,4.6,46.3,0.0,0,"Maryhill, Klickitat County",310025,Maryhill,2017-12-06 08:05:31.032312
2008-12-04,07:00,34.4,,29.1,80.8,0.0,NE@4.0,7.4,46.2,0.0,0,"Maryhill, Klickitat County",310025,Maryhill,2017-12-06 08:05:31.032312
2008-12-04,07:15,34.3,,29.4,82.1,0.0,SE@3.7,6.0,46.2,0.0,1,"Maryhill, Klickitat County",310025,Maryhill,2017-12-06 08:05:31.032312
2008-12-04,07:30,34.3,,29.5,82.6,0.0,SE@3.7,7.4,46.1,0.0,4,"Maryhill, Klickitat County",310025,Maryhill,2017-12-06 08:05:31.032312
2008-12-04,07:45,34.5,,29.2,80.7,0.0,NE@5.0,8.9,46.0,0.0,17,"Maryhill, Klickitat County",310025,Maryhill,2017-12-06 08:05:31.032312
2008-12-04,08:00,35.3,,28.7,76.5,0.0,NE@6.3,9.6,46.0,0.0,42,"Maryhill, Klickitat County",310025,Maryhill,2017-12-06 08:05:31.032312
2008-12-04,08:15,35.9,,29.0,75.7,0.0,NE@7.5,10.3,45.9,0.0,63,"Maryhill, Klickitat County",310025,Maryhill,2017-12-06 08:05:31.032312
2008-12-04,08:30,36.4,,29.5,76.0,0.0,NE@7.4,12.1,45.8,0.0,84,"Maryhill, Klickitat County",310025,Maryhill,2017-12-06 08:05:31.032312
2008-12-04,08:45,36.3,,30.1,77.9,0.0,E@6.1,8.9,45.7,0.0,115,"Maryhill, Klickitat County",310025,Maryhill,2017-12-06 08:05:31.032312
2008-12-04,09:00,35.9,,30.1,79.1,0.0,E@5.8,8.5,45.7,0.0,142,"Maryhill, Klickitat County",310025,Maryhill,2017-12-06 08:05:31.032312
2008-12-04,09:15,36.8,,30.1,76.6,0.0,E@5.8,8.2,45.6,0.0,168,"Maryhill, Klickitat County",310025,Maryhill,2017-12-06 08:05:31.032312
2008-12-04,09:30,37.2,,29.5,73.6,0.0,E@7.2,11.0,45.5,0.0,185,"Maryhill, Klickitat County",310025,Maryhill,2017-12-06 08:05:31.032312
2008-12-04,09:45,37.5,,28.9,70.6,0.0,E@8.0,11.4,45.5,0.0,216,"Maryhill, Klickitat County",310025,Maryhill,2017-12-06 08:05:31.032312
2008-12-04,10:00,37.6,,26.5,63.8,0.0,E@9.3,13.2,45.4,0.0,243,"Maryhill, Klickitat County",310025,Maryhill,2017-12-06 08:05:31.032312
2008-12-04,10:15,37.9,,26.0,61.7,0.0,E@9.4,15.7,45.3,0.0,257,"Maryhill, Klickitat County",310025,Maryhill,2017-12-06 08:05:31.032312
2008-12-04,10:30,38.3,,26.4,61.9,0.0,E@10.3,15.0,45.3,0.0,271,"Maryhill, Klickitat County",310025,Maryhill,2017-12-06 08:05:31.032312
2008-12-04,10:45,38.4,,26.3,61.4,0.0,E@10.2,16.0,45.2,0.0,290,"Maryhill, Klickitat County",310025,Maryhill,2017-12-06 08:05:31.032312
2008-12-04,11:00,38.9,,26.3,60.2,0.0,E@10.1,16.4,45.2,0.0,305,"Maryhill, Klickitat County",310025,Maryhill,2017-12-06 08:05:31.032312
2008-12-04,11:15,39.2,,26.0,58.7,0.0,E@9.1,13.5,45.1,0.0,314,"Maryhill, Klickitat County",310025,Maryhill,2017-12-06 08:05:31.032312
2008-12-04,11:30,39.1,,26.2,59.5,0.0,E@8.8,12.8,45.1,0.0,316,"Maryhill, Klickitat County",310025,Maryhill,2017-12-06 08:05:31.032312
2008-12-04,11:45,39.2,,26.1,58.9,0.0,E@8.8,15.3,45.1,0.0,319,"Maryhill, Klickitat County",310025,Maryhill,2017-12-06 08:05:31.032312
2008-12-04,12:00,39.8,,26.4,58.3,0.0,E@9.4,13.2,45.1,0.0,323,"Maryhill, Klickitat County",310025,Maryhill,2017-12-06 08:05:31.032312
2008-12-04,12:15,40.1,,26.7,58.5,0.0,E@8.8,16.4,45.1,0.0,327,"Maryhill, Klickitat County",310025,Maryhill,2017-12-06 08:05:31.032312
2008-12-04,12:30,40.4,,26.6,57.5,0.0,E@9.2,15.3,45.1,0.0,314,"Maryhill, Klickitat County",310025,Maryhill,2017-12-06 08:05:31.032312
2008-12-04,12:45,40.6,,26.2,56.2,0.0,E@9.4,16.0,45.1,0.0,312,"Maryhill, Klickitat County",310025,Maryhill,2017-12-06 08:05:31.032312
2008-12-04,13:00,40.6,,25.9,55.6,0.0,E@9.5,14.2,45.1,0.0,306,"Maryhill, Klickitat County",310025,Maryhill,2017-12-06 08:05:31.032312
2008-12-04,13:15,40.9,,25.4,53.7,0.0,E@10.1,17.8,45.2,0.0,294,"Maryhill, Klickitat County",310025,Maryhill,2017-12-06 08:05:31.032312
2008-12-04,13:30,41.2,,24.7,51.5,0.0,E@9.8,14.6,45.2,0.0,272,"Maryhill, Klickitat County",310025,Maryhill,2017-12-06 08:05:31.032312
2008-12-04,13:45,41.0,,24.1,50.6,0.0,E@10.2,15.7,45.3,0.0,250,"Maryhill, Klickitat County",310025,Maryhill,2017-12-06 08:05:31.032312
2008-12-04,14:00,41.0,,23.9,50.2,0.0,E@9.7,15.3,45.3,0.0,231,"Maryhill, Klickitat County",310025,Maryhill,2017-12-06 08:05:31.032312
2008-12-04,14:15,41.4,,24.1,49.9,0.0,E@8.1,13.2,45.4,0.0,219,"Maryhill, Klickitat County",310025,Maryhill,2017-12-06 08:05:31.032312
2008-12-04,14:30,41.5,,24.0,49.6,0.0,NE@7.7,13.9,45.4,0.0,196,"Maryhill, Klickitat County",310025,Maryhill,2017-12-06 08:05:31.032312
2008-12-04,14:45,41.5,,24.4,50.2,0.0,E@8.8,13.9,45.5,0.0,171,"Maryhill, Klickitat County",310025,Maryhill,2017-12-06 08:05:31.032312
2008-12-04,15:00,41.4,,24.5,50.8,0.0,E@8.4,13.2,45.5,0.0,144,"Maryhill, Klickitat County",310025,Maryhill,2017-12-06 08:05:31.032312
2008-12-04,15:15,41.1,,24.7,51.8,0.0,E@7.4,12.1,45.6,0.0,116,"Maryhill, Klickitat County",310025,Maryhill,2017-12-06 08:05:31.032312
2008-12-04,15:30,40.8,,25.3,53.7,0.0,E@8.5,12.4,45.7,0.0,90,"Maryhill, Klickitat County",310025,Maryhill,2017-12-06 08:05:31.032312
2008-12-04,15:45,40.5,,25.1,53.7,0.0,E@8.0,12.1,45.7,0.0,65,"Maryhill, Klickitat County",310025,Maryhill,2017-12-06 08:05:31.032312
2008-12-04,16:00,40.2,,24.5,53.3,0.0,NE@6.5,9.2,45.8,0.0,44,"Maryhill, Klickitat County",310025,Maryhill,2017-12-06 08:05:31.032312
2008-12-04,16:15,39.4,,23.9,53.6,0.0,NE@8.1,11.0,45.8,0.0,17,"Maryhill, Klickitat County",310025,Maryhill,2017-12-06 08:05:31.032312
2008-12-04,16:30,38.9,,24.0,54.8,0.0,NE@8.1,10.7,45.9,0.0,4,"Maryhill, Klickitat County",310025,Maryhill,2017-12-06 08:05:31.032312
2008-12-04,16:45,38.5,,24.3,56.2,0.0,NE@7.4,10.3,45.9,0.0,1,"Maryhill, Klickitat County",310025,Maryhill,2017-12-06 08:05:31.032312
2008-12-04,17:00,38.2,,24.7,58.0,0.0,NE@7.5,10.3,45.9,0.0,0,"Maryhill, Klickitat County",310025,Maryhill,2017-12-06 08:05:31.032312
2008-12-04,17:15,38.1,,25.3,59.7,0.0,NE@8.2,11.0,45.9,0.0,0,"Maryhill, Klickitat County",310025,Maryhill,2017-12-06 08:05:31.032312
2008-12-04,17:30,37.8,,26.1,62.3,0.0,NE@8.2,11.7,45.9,0.0,0,"Maryhill, Klickitat County",310025,Maryhill,2017-12-06 08:05:31.032312
2008-12-04,17:45,37.3,,26.3,64.1,0.0,NE@6.6,9.2,45.9,0.0,0,"Maryhill, Klickitat County",310025,Maryhill,2017-12-06 08:05:31.032312
2008-12-04,18:00,36.8,,26.1,64.8,0.0,NE@5.5,7.8,45.9,0.0,0,"Maryhill, Klickitat County",310025,Maryhill,2017-12-06 08:05:31.032312
2008-12-04,18:15,36.1,,25.9,66.1,0.0,E@4.2,8.5,45.9,0.0,0,"Maryhill, Klickitat County",310025,Maryhill,2017-12-06 08:05:31.032312
2008-12-04,18:30,36.0,,25.8,66.2,0.0,NE@4.7,7.4,45.8,0.0,0,"Maryhill, Klickitat County",310025,Maryhill,2017-12-06 08:05:31.032312
2008-12-04,18:45,34.2,,25.8,71.1,0.0,NE@4.4,6.4,45.8,0.0,0,"Maryhill, Klickitat County",310025,Maryhill,2017-12-06 08:05:31.032312
2008-12-04,19:00,33.7,,25.6,72.0,0.0,E@2.5,4.9,45.7,0.0,0,"Maryhill, Klickitat County",310025,Maryhill,2017-12-06 08:05:31.032312
2008-12-04,19:15,33.6,,25.7,72.6,0.0,E@3.2,6.0,45.7,0.0,0,"Maryhill, Klickitat County",310025,Maryhill,2017-12-06 08:05:31.032312
2008-12-04,19:30,33.1,,25.8,74.5,0.0,E@3.7,6.4,45.7,0.0,0,"Maryhill, Klickitat County",310025,Maryhill,2017-12-06 08:05:31.032312
2008-12-04,19:45,33.0,,25.9,74.8,0.0,E@3.8,6.0,45.6,0.0,0,"Maryhill, Klickitat County",310025,Maryhill,2017-12-06 08:05:31.032312
2008-12-04,20:00,32.5,,25.8,76.0,0.0,E@3.1,4.9,45.5,0.0,0,"Maryhill, Klickitat County",310025,Maryhill,2017-12-06 08:05:31.032312
2008-12-04,20:15,32.3,,25.9,76.8,0.0,E@2.6,5.3,45.5,0.0,0,"Maryhill, Klickitat County",310025,Maryhill,2017-12-06 08:05:31.032312
2008-12-04,20:30,32.1,,25.5,76.4,0.0,E@2.5,4.2,45.4,0.0,0,"Maryhill, Klickitat County",310025,Maryhill,2017-12-06 08:05:31.032312
2008-12-04,20:45,31.8,,25.4,77.1,0.0,E@3.1,5.3,45.3,0.0,0,"Maryhill, Klickitat County",310025,Maryhill,2017-12-06 08:05:31.032312
2008-12-04,21:00,31.7,,25.4,77.6,0.0,E@4.2,7.1,45.3,0.0,0,"Maryhill, Klickitat County",310025,Maryhill,2017-12-06 08:05:31.032312
2008-12-04,21:15,31.8,,25.5,77.7,0.0,E@4.4,6.4,45.2,0.0,0,"Maryhill, Klickitat County",310025,Maryhill,2017-12-06 08:05:31.032312
2008-12-04,21:30,31.4,,25.4,78.8,0.0,NE@3.0,5.3,45.1,0.0,0,"Maryhill, Klickitat County",310025,Maryhill,2017-12-06 08:05:31.032312
2008-12-04,21:45,31.0,,25.2,79.6,0.0,E@2.6,4.2,45.1,0.0,0,"Maryhill, Klickitat County",310025,Maryhill,2017-12-06 08:05:31.032312
2008-12-04,22:00,31.0,,25.0,79.1,0.0,E@3.4,5.3,45.0,0.0,0,"Maryhill, Klickitat County",310025,Maryhill,2017-12-06 08:05:31.032312
2008-12-04,22:15,30.5,,24.7,79.9,0.0,NW@1.9,3.1,44.9,0.0,0,"Maryhill, Klickitat County",310025,Maryhill,2017-12-06 08:05:31.032312
2008-12-04,22:30,30.7,,24.8,79.4,0.0,W@0.4,2.1,44.8,0.0,0,"Maryhill, Klickitat County",310025,Maryhill,2017-12-06 08:05:31.032312
2008-12-04,22:45,30.4,,24.8,80.6,0.0,NW@0.6,2.8,44.7,0.0,0,"Maryhill, Klickitat County",310025,Maryhill,2017-12-06 08:05:31.032312
2008-12-04,23:00,30.5,,24.5,78.9,0.0,NW@2.4,3.1,44.7,0.0,0,"Maryhill, Klickitat County",310025,Maryhill,2017-12-06 08:05:31.032312
2008-12-04,23:15,30.4,,24.3,78.7,0.0,W@1.0,2.8,44.6,0.0,0,"Maryhill, Klickitat County",310025,Maryhill,2017-12-06 08:05:31.032312
2008-12-04,23:30,29.9,,23.8,79.1,0.0,SW@2.0,3.1,44.5,0.0,0,"Maryhill, Klickitat County",310025,Maryhill,2017-12-06 08:05:31.032312
2008-12-04,23:45,29.8,,23.8,79.3,0.0,W@1.0,2.4,44.4,0.0,0,"Maryhill, Klickitat County",310025,Maryhill,2017-12-06 08:05:31.032312
2008-12-04,24:00,29.2,,24.0,82.5,0.0,SW@0.3,3.1,44.3,0.0,0,"Maryhill, Klickitat County",310025,Maryhill,2017-12-06 08:05:31.032312
2008-12-05,00:15,29.2,,24.1,82.8,0.0,W@2.8,4.2,44.3,0.0,0,"Maryhill, Klickitat County",310025,Maryhill,2017-12-06 08:05:31.032312
2008-12-05,00:30,29.3,,24.3,83.1,0.0,W@1.6,2.8,44.2,0.0,0,"Maryhill, Klickitat County",310025,Maryhill,2017-12-06 08:05:31.032312
2008-12-05,00:45,29.0,,24.5,84.7,0.0,W@1.2,2.8,44.1,0.0,0,"Maryhill, Klickitat County",310025,Maryhill,2017-12-06 08:05:31.032312
2008-12-05,01:00,28.7,,24.3,85.2,0.0,NW@2.5,3.5,44.0,0.0,0,"Maryhill, Klickitat County",310025,Maryhill,2017-12-06 08:05:31.032312
2008-12-05,01:15,28.3,,24.4,87.4,0.0,W@2.8,3.5,43.9,0.0,0,"Maryhill, Klickitat County",310025,Maryhill,2017-12-06 08:05:31.032312
2008-12-05,01:30,28.0,,24.4,88.9,0.0,W@2.1,2.8,43.9,0.0,0,"Maryhill, Klickitat County",310025,Maryhill,2017-12-06 08:05:31.032312
2008-12-05,01:45,28.0,,24.4,88.7,0.0,W@1.2,2.8,43.8,0.0,0,"Maryhill, Klickitat County",310025,Maryhill,2017-12-06 08:05:31.032312
2008-12-05,02:00,28.0,,24.6,89.7,0.0,W@2.4,2.8,43.7,0.0,0,"Maryhill, Klickitat County",310025,Maryhill,2017-12-06 08:05:31.032312
2008-12-05,02:15,27.8,,24.3,89.4,0.01,SW@1.6,2.4,43.6,0.0,0,"Maryhill, Klickitat County",310025,Maryhill,2017-12-06 08:05:31.032312
2008-12-05,02:30,27.7,,24.2,89.5,0.01,NW@2.2,3.1,43.6,0.0,0,"Maryhill, Klickitat County",310025,Maryhill,2017-12-06 08:05:31.032312
2008-12-05,02:45,28.2,,23.9,86.1,0.01,NW@2.4,3.1,43.5,0.0,0,"Maryhill, Klickitat County",310025,Maryhill,2017-12-06 08:05:31.032312
2008-12-05,03:00,27.8,,23.7,87.2,0.01,SW@1.0,2.4,43.4,0.0,0,"Maryhill, Klickitat County",310025,Maryhill,2017-12-06 08:05:31.032312
2008-12-05,03:15,27.5,,24.0,89.2,0.01,NW@2.6,3.9,43.3,0.0,0,"Maryhill, Klickitat County",310025,Maryhill,2017-12-06 08:05:31.032312
2008-12-05,03:30,27.9,,24.0,87.5,0.01,W@2.9,3.9,43.3,0.0,0,"Maryhill, Klickitat County",310025,Maryhill,2017-12-06 08:05:31.032312
2008-12-05,03:45,27.6,,24.1,89.2,0.0,W@3.4,4.6,43.2,0.0,0,"Maryhill, Klickitat County",310025,Maryhill,2017-12-06 08:05:31.032312
2008-12-05,04:00,27.5,,25.2,93.5,0.01,SW@3.4,5.3,43.1,0.0,0,"Maryhill, Klickitat County",310025,Maryhill,2017-12-06 08:05:31.032312
2008-12-05,04:15,27.3,,25.1,94.6,0.01,W@3.2,3.9,43.0,0.0,0,"Maryhill, Klickitat County",310025,Maryhill,2017-12-06 08:05:31.032312
2008-12-05,04:30,27.0,,24.6,93.5,0.01,NW@2.5,4.2,43.0,0.0,0,"Maryhill, Klickitat County",310025,Maryhill,2017-12-06 08:05:31.032312
2008-12-05,04:45,27.1,,24.4,92.6,0.01,W@3.1,4.2,42.9,0.0,0,"Maryhill, Klickitat County",310025,Maryhill,2017-12-06 08:05:31.032312
2008-12-05,05:00,26.9,,24.4,93.1,0.01,NW@3.5,4.6,42.8,0.0,0,"Maryhill, Klickitat County",310025,Maryhill,2017-12-06 08:05:31.032312
2008-12-05,05:15,27.2,,24.8,93.8,0.01,W@3.6,4.6,42.7,0.0,0,"Maryhill, Klickitat County",310025,Maryhill,2017-12-06 08:05:31.032312
2008-12-05,05:30,27.4,,24.9,92.9,0.01,W@3.0,4.9,42.7,0.0,0,"Maryhill, Klickitat County",310025,Maryhill,2017-12-06 08:05:31.032312
2008-12-05,05:45,27.2,,24.9,93.8,0.01,NW@3.2,5.3,42.6,0.0,0,"Maryhill, Klickitat County",310025,Maryhill,2017-12-06 08:05:31.032312
2008-12-05,06:00,26.9,,24.9,95.4,0.01,NW@3.0,4.2,42.5,0.0,0,"Maryhill, Klickitat County",310025,Maryhill,2017-12-06 08:05:31.032312
2008-12-05,06:15,27.0,,25.1,95.6,0.01,NW@3.2,4.6,42.5,0.0,0,"Maryhill, Klickitat County",310025,Maryhill,2017-12-06 08:05:31.032312
2008-12-05,06:30,27.1,,25.0,94.7,0.01,NW@3.4,4.6,42.4,0.0,0,"Maryhill, Klickitat County",310025,Maryhill,2017-12-06 08:05:31.032312
2008-12-05,06:45,27.5,,24.9,92.5,0.0,W@3.4,4.6,42.3,0.0,0,"Maryhill, Klickitat County",310025,Maryhill,2017-12-06 08:05:31.032312
2008-12-05,07:00,27.5,,25.3,94.2,0.01,NW@3.0,3.5,42.2,0.0,0,"Maryhill, Klickitat County",310025,Maryhill,2017-12-06 08:05:31.032312
2008-12-05,07:15,27.5,,25.9,96.7,0.01,W@3.1,3.9,42.2,0.0,0,"Maryhill, Klickitat County",310025,Maryhill,2017-12-06 08:05:31.032312
2008-12-05,07:30,27.6,,26.1,97.1,0.02,NW@3.1,4.2,42.1,0.0,1,"Maryhill, Klickitat County",310025,Maryhill,2017-12-06 08:05:31.032312
2008-12-05,07:45,28.0,,26.5,97.0,0.02,W@2.7,4.2,42.0,0.0,10,"Maryhill, Klickitat County",310025,Maryhill,2017-12-06 08:05:31.032312
2008-12-05,08:00,28.0,,26.4,96.4,0.02,W@1.5,3.5,42.0,0.0,23,"Maryhill, Klickitat County",310025,Maryhill,2017-12-06 08:05:31.032312
2008-12-05,08:15,28.4,,26.7,96.0,0.02,S@1.2,3.5,41.9,0.0,47,"Maryhill, Klickitat County",310025,Maryhill,2017-12-06 08:05:31.032312
2008-12-05,08:30,29.5,,27.5,94.0,0.01,SE@2.3,5.7,41.8,0.0,82,"Maryhill, Klickitat County",310025,Maryhill,2017-12-06 08:05:31.032312
2008-12-05,08:45,30.3,,27.7,91.2,0.0,E@4.0,6.0,41.8,0.0,129,"Maryhill, Klickitat County",310025,Maryhill,2017-12-06 08:05:31.032312
2008-12-05,09:00,31.7,,28.2,87.5,0.0,SE@1.9,4.6,41.7,0.0,160,"Maryhill, Klickitat County",310025,Maryhill,2017-12-06 08:05:31.032312
2008-12-05,09:15,30.9,,27.4,87.5,0.0,S@2.3,4.6,41.7,0.0,90,"Maryhill, Klickitat County",310025,Maryhill,2017-12-06 08:05:31.032312
2008-12-05,09:30,30.8,,27.7,89.3,0.0,S@1.7,3.9,41.6,0.0,112,"Maryhill, Klickitat County",310025,Maryhill,2017-12-06 08:05:31.032312
2008-12-05,09:45,32.0,,28.9,88.5,0.0,SW@2.7,4.9,41.5,0.0,138,"Maryhill, Klickitat County",310025,Maryhill,2017-12-06 08:05:31.032312
2008-12-05,10:00,32.9,,29.3,86.5,0.0,S@3.5,7.8,41.5,0.0,183,"Maryhill, Klickitat County",310025,Maryhill,2017-12-06 08:05:31.032312
2008-12-05,10:15,33.5,,29.3,84.4,0.0,S@4.8,7.8,41.4,0.0,230,"Maryhill, Klickitat County",310025,Maryhill,2017-12-06 08:05:31.032312
2008-12-05,10:30,34.2,,29.6,83.0,0.0,S@5.2,7.8,41.4,0.0,245,"Maryhill, Klickitat County",310025,Maryhill,2017-12-06 08:05:31.032312
2008-12-05,10:45,34.6,,30.4,84.3,0.0,S@5.2,8.9,41.3,0.0,251,"Maryhill, Klickitat County",310025,Maryhill,2017-12-06 08:05:31.032312
2008-12-05,11:00,35.0,,30.6,83.9,0.0,S@5.0,8.5,41.3,0.0,237,"Maryhill, Klickitat County",310025,Maryhill,2017-12-06 08:05:31.032312
2008-12-05,11:15,35.7,,30.4,80.9,0.0,S@5.0,8.9,41.2,0.0,258,"Maryhill, Klickitat County",310025,Maryhill,2017-12-06 08:05:31.032312
2008-12-05,11:30,36.6,,30.5,78.5,0.0,S@4.5,8.5,41.2,0.0,241,"Maryhill, Klickitat County",310025,Maryhill,2017-12-06 08:05:31.032312
2008-12-05,11:45,36.4,,29.9,77.0,0.0,S@6.4,9.9,41.1,0.0,289,"Maryhill, Klickitat County",310025,Maryhill,2017-12-06 08:05:31.032312
2008-12-05,12:00,37.6,,29.5,72.3,0.0,S@6.6,10.7,41.1,0.0,369,"Maryhill, Klickitat County",310025,Maryhill,2017-12-06 08:05:31.032312
2008-12-05,12:15,37.9,,29.3,70.9,0.0,SW@6.6,10.3,41.1,0.0,304,"Maryhill, Klickitat County",310025,Maryhill,2017-12-06 08:05:31.032312
2008-12-05,12:30,38.2,,29.5,70.8,0.0,SW@6.3,9.2,41.0,0.0,253,"Maryhill, Klickitat County",310025,Maryhill,2017-12-06 08:05:31.032312
2008-12-05,12:45,38.5,,30.2,71.7,0.0,S@6.2,10.7,41.0,0.0,228,"Maryhill, Klickitat County",310025,Maryhill,2017-12-06 08:05:31.032312
2008-12-05,13:00,39.3,,30.2,69.6,0.0,S@6.5,9.9,41.0,0.0,220,"Maryhill, Klickitat County",310025,Maryhill,2017-12-06 08:05:31.032312
2008-12-05,13:15,39.2,,30.1,69.6,0.0,S@6.2,8.9,41.1,0.0,250,"Maryhill, Klickitat County",310025,Maryhill,2017-12-06 08:05:31.032312
2008-12-05,13:30,40.6,,30.8,67.7,0.0,S@6.0,9.9,41.1,0.0,315,"Maryhill, Klickitat County",310025,Maryhill,2017-12-06 08:05:31.032312
2008-12-05,13:45,39.7,,30.3,68.8,0.0,S@6.6,9.2,41.1,0.0,252,"Maryhill, Klickitat County",310025,Maryhill,2017-12-06 08:05:31.032312
2008-12-05,14:00,39.6,,30.1,68.6,0.0,S@5.9,8.5,41.2,0.0,164,"Maryhill, Klickitat County",310025,Maryhill,2017-12-06 08:05:31.032312
2008-12-05,14:15,40.5,,29.1,63.4,0.0,S@5.5,9.2,41.3,0.0,180,"Maryhill, Klickitat County",310025,Maryhill,2017-12-06 08:05:31.032312
2008-12-05,14:30,40.1,,30.2,67.6,0.0,S@5.5,8.2,41.3,0.0,108,"Maryhill, Klickitat County",310025,Maryhill,2017-12-06 08:05:31.032312
2008-12-05,14:45,40.3,,30.5,67.7,0.0,S@4.5,7.1,41.4,0.0,100,"Maryhill, Klickitat County",310025,Maryhill,2017-12-06 08:05:31.032312
2008-12-05,15:00,40.7,,30.8,67.6,0.0,S@4.4,6.4,41.5,0.0,152,"Maryhill, Klickitat County",310025,Maryhill,2017-12-06 08:05:31.032312
2008-12-05,15:15,41.1,,30.6,66.0,0.0,S@4.9,7.4,41.6,0.0,177,"Maryhill, Klickitat County",310025,Maryhill,2017-12-06 08:05:31.032312
2008-12-05,15:30,41.9,,31.2,65.5,0.0,S@4.0,6.7,41.7,0.0,147,"Maryhill, Klickitat County",310025,Maryhill,2017-12-06 08:05:31.032312
2008-12-05,15:45,41.8,,30.9,65.0,0.0,S@3.1,4.9,41.8,0.0,104,"Maryhill, Klickitat County",310025,Maryhill,2017-12-06 08:05:31.032312
2008-12-05,16:00,41.9,,31.0,64.9,0.0,SW@1.8,4.6,41.9,0.0,76,"Maryhill, Klickitat County",310025,Maryhill,2017-12-06 08:05:31.032312
2008-12-05,16:15,41.5,,30.6,64.8,0.0,SW@0.5,2.8,42.0,0.0,33,"Maryhill, Klickitat County",310025,Maryhill,2017-12-06 08:05:31.032312
2008-12-05,16:30,40.6,,30.4,66.7,0.0,N@0.0,0.0,42.0,0.0,14,"Maryhill, Klickitat County",310025,Maryhill,2017-12-06 08:05:31.032312
2008-12-05,16:45,40.2,,30.1,66.8,0.0,N@0.0,0.0,42.1,0.0,4,"Maryhill, Klickitat County",310025,Maryhill,2017-12-06 08:05:31.032312
2008-12-05,17:00,40.0,,30.2,67.8,0.0,W@0.3,2.1,42.2,0.0,0,"Maryhill, Klickitat County",310025,Maryhill,2017-12-06 08:05:31.032312
2008-12-05,17:15,39.4,,30.5,70.4,0.0,S@2.2,3.1,42.3,0.0,0,"Maryhill, Klickitat County",310025,Maryhill,2017-12-06 08:05:31.032312
2008-12-05,17:30,39.0,,30.4,71.2,0.0,SW@1.8,3.5,42.3,0.0,0,"Maryhill, Klickitat County",310025,Maryhill,2017-12-06 08:05:31.032312
2008-12-05,17:45,39.3,,30.7,70.9,0.0,S@2.4,3.9,42.4,0.0,0,"Maryhill, Klickitat County",310025,Maryhill,2017-12-06 08:05:31.032312
2008-12-05,18:00,39.0,,30.9,72.4,0.0,NW@3.4,4.6,42.4,0.0,0,"Maryhill, Klickitat County",310025,Maryhill,2017-12-06 08:05:31.032312
2008-12-05,18:15,38.8,,30.6,72.0,0.0,S@1.6,3.5,42.5,0.0,0,"Maryhill, Klickitat County",310025,Maryhill,2017-12-06 08:05:31.032312
2008-12-05,18:30,38.9,,30.2,70.9,0.0,W@1.9,3.5,42.5,0.0,0,"Maryhill, Klickitat County",310025,Maryhill,2017-12-06 08:05:31.032312
2008-12-05,18:45,38.5,,30.7,73.1,0.0,E@1.6,3.1,42.6,0.0,0,"Maryhill, Klickitat County",310025,Maryhill,2017-12-06 08:05:31.032312
2008-12-05,19:00,38.2,,30.6,73.8,0.0,S@1.8,5.3,42.6,0.0,0,"Maryhill, Klickitat County",310025,Maryhill,2017-12-06 08:05:31.032312
2008-12-05,19:15,38.6,,31.0,73.9,0.0,NE@3.7,5.7,42.6,0.0,0,"Maryhill, Klickitat County",310025,Maryhill,2017-12-06 08:05:31.032312
2008-12-05,19:30,38.7,,30.6,72.4,0.0,NE@3.3,5.3,42.6,0.0,0,"Maryhill, Klickitat County",310025,Maryhill,2017-12-06 08:05:31.032312
2008-12-05,19:45,38.7,,31.8,75.7,0.0,NE@4.3,7.4,42.6,0.0,0,"Maryhill, Klickitat County",310025,Maryhill,2017-12-06 08:05:31.032312
2008-12-05,20:00,39.0,,32.4,77.1,0.0,NE@4.8,6.7,42.6,0.0,0,"Maryhill, Klickitat County",310025,Maryhill,2017-12-06 08:05:31.032312
2008-12-05,20:15,38.9,,32.6,77.8,0.0,NE@4.9,7.1,42.6,0.0,0,"Maryhill, Klickitat County",310025,Maryhill,2017-12-06 08:05:31.032312
2008-12-05,20:30,38.8,,32.4,77.8,0.0,NE@3.8,5.3,42.6,0.0,0,"Maryhill, Klickitat County",310025,Maryhill,2017-12-06 08:05:31.032312
2008-12-05,20:45,38.2,,32.2,78.8,0.0,SE@2.0,3.5,42.6,0.0,0,"Maryhill, Klickitat County",310025,Maryhill,2017-12-06 08:05:31.032312
2008-12-05,21:00,37.6,,32.2,80.5,0.0,E@0.5,2.1,42.6,0.0,0,"Maryhill, Klickitat County",310025,Maryhill,2017-12-06 08:05:31.032312
2008-12-05,21:15,37.4,,32.1,81.0,0.0,SE@1.0,2.4,42.6,0.0,0,"Maryhill, Klickitat County",310025,Maryhill,2017-12-06 08:05:31.032312
2008-12-05,21:30,37.2,,32.1,81.8,0.0,E@2.7,4.9,42.6,0.0,0,"Maryhill, Klickitat County",310025,Maryhill,2017-12-06 08:05:31.032312
2008-12-05,21:45,37.6,,32.2,80.9,0.0,E@2.9,5.7,42.6,0.0,0,"Maryhill, Klickitat County",310025,Maryhill,2017-12-06 08:05:31.032312
2008-12-05,22:00,36.8,,32.1,83.0,0.0,SE@2.2,3.9,42.6,0.0,0,"Maryhill, Klickitat County",310025,Maryhill,2017-12-06 08:05:31.032312
2008-12-05,22:15,36.6,,32.2,83.9,0.0,NW@2.8,3.9,42.6,0.0,0,"Maryhill, Klickitat County",310025,Maryhill,2017-12-06 08:05:31.032312
2008-12-05,22:30,36.3,,31.9,83.8,0.0,NW@2.4,3.9,42.6,0.0,0,"Maryhill, Klickitat County",310025,Maryhill,2017-12-06 08:05:31.032312
2008-12-05,22:45,36.3,,32.0,84.2,0.0,W@0.4,2.4,42.5,0.0,0,"Maryhill, Klickitat County",310025,Maryhill,2017-12-06 08:05:31.032312
2008-12-05,23:00,36.5,,32.1,83.8,0.0,NW@0.8,2.1,42.5,0.0,0,"Maryhill, Klickitat County",310025,Maryhill,2017-12-06 08:05:31.032312
2008-12-05,23:15,36.1,,32.3,85.8,0.0,NW@1.7,2.4,42.5,0.0,0,"Maryhill, Klickitat County",310025,Maryhill,2017-12-06 08:05:31.032312
2008-12-05,23:30,36.1,,32.4,86.0,0.0,NW@2.7,3.5,42.5,0.0,0,"Maryhill, Klickitat County",310025,Maryhill,2017-12-06 08:05:31.032312
2008-12-05,23:45,36.0,,32.3,86.2,0.0,W@1.3,3.1,42.5,0.0,0,"Maryhill, Klickitat County",310025,Maryhill,2017-12-06 08:05:31.032312
2008-12-05,24:00,35.6,,32.6,88.9,0.0,NW@2.9,3.5,42.5,0.0,0,"Maryhill, Klickitat County",310025,Maryhill,2017-12-06 08:05:31.032312
2008-12-06,00:15,35.6,,32.7,89.0,0.0,W@2.9,3.5,42.4,0.0,0,"Maryhill, Klickitat County",310025,Maryhill,2017-12-06 08:05:31.032312
2008-12-06,00:30,35.2,,33.0,91.3,0.0,W@2.7,3.9,42.4,0.0,0,"Maryhill, Klickitat County",310025,Maryhill,2017-12-06 08:05:31.032312
2008-12-06,00:45,35.2,,33.1,91.6,0.0,W@2.4,3.1,42.4,0.0,0,"Maryhill, Klickitat County",310025,Maryhill,2017-12-06 08:05:31.032312
2008-12-06,01:00,35.5,,33.0,90.5,0.0,W@2.9,3.5,42.3,0.0,0,"Maryhill, Klickitat County",310025,Maryhill,2017-12-06 08:05:31.032312
2008-12-06,01:15,35.1,,32.7,90.9,0.0,W@2.7,3.5,42.3,0.0,0,"Maryhill, Klickitat County",310025,Maryhill,2017-12-06 08:05:31.032312
2008-12-06,01:30,34.6,,32.1,90.5,0.01,NW@2.5,3.1,42.3,0.0,0,"Maryhill, Klickitat County",310025,Maryhill,2017-12-06 08:05:31.032312
2008-12-06,01:45,34.1,,31.6,90.5,0.01,NW@2.8,3.5,42.2,0.0,0,"Maryhill, Klickitat County",310025,Maryhill,2017-12-06 08:05:31.032312
2008-12-06,02:00,34.4,,32.3,91.7,0.01,W@2.7,3.9,42.2,0.0,0,"Maryhill, Klickitat County",310025,Maryhill,2017-12-06 08:05:31.032312
2008-12-06,02:15,34.0,,32.2,93.0,0.01,W@3.2,4.2,42.2,0.0,0,"Maryhill, Klickitat County",310025,Maryhill,2017-12-06 08:05:31.032312
2008-12-06,02:30,33.9,,31.8,91.7,0.02,W@1.9,3.5,42.1,0.0,0,"Maryhill, Klickitat County",310025,Maryhill,2017-12-06 08:05:31.032312
2008-12-06,02:45,33.7,,31.9,93.1,0.03,W@1.9,2.8,42.1,0.0,0,"Maryhill, Klickitat County",310025,Maryhill,2017-12-06 08:05:31.032312
2008-12-06,03:00,33.3,,31.6,93.5,0.03,NW@1.5,3.1,42.0,0.0,0,"Maryhill, Klickitat County",310025,Maryhill,2017-12-06 08:05:31.032312
2008-12-06,03:15,33.1,,31.1,92.4,0.04,NW@1.9,3.5,42.0,0.0,0,"Maryhill, Klickitat County",310025,Maryhill,2017-12-06 08:05:31.032312
2008-12-06,03:30,33.1,,31.3,92.9,0.03,W@2.5,3.9,42.0,0.0,0,"Maryhill, Klickitat County",310025,Maryhill,2017-12-06 08:05:31.032312
2008-12-06,03:45,32.6,,31.2,94.5,0.03,W@2.3,3.5,41.9,0.0,0,"Maryhill, Klickitat County",310025,Maryhill,2017-12-06 08:05:31.032312
2008-12-06,04:00,32.5,,31.1,94.4,0.03,W@1.8,2.8,41.9,0.0,0,"Maryhill, Klickitat County",310025,Maryhill,2017-12-06 08:05:31.032312
2008-12-06,04:15,32.2,,31.1,95.5,0.04,W@3.0,3.9,41.8,0.0,0,"Maryhill, Klickitat County",310025,Maryhill,2017-12-06 08:05:31.032312
2008-12-06,04:30,32.5,,31.5,96.2,0.04,W@3.3,6.4,41.8,0.0,0,"Maryhill, Klickitat County",310025,Maryhill,2017-12-06 08:05:31.032312
2008-12-06,04:45,32.8,,31.7,95.9,0.05,W@2.3,3.9,41.7,0.0,0,"Maryhill, Klickitat County",310025,Maryhill,2017-12-06 08:05:31.032312
2008-12-06,05:00,32.6,,31.8,96.6,0.07,SW@1.7,4.6,41.7,0.0,0,"Maryhill, Klickitat County",310025,Maryhill,2017-12-06 08:05:31.032312
2008-12-06,05:15,32.6,,31.9,97.1,0.07,W@2.6,5.3,41.7,0.0,0,"Maryhill, Klickitat County",310025,Maryhill,2017-12-06 08:05:31.032312
2008-12-06,05:30,32.4,,31.7,97.1,0.03,W@2.8,3.9,41.6,0.0,0,"Maryhill, Klickitat County",310025,Maryhill,2017-12-06 08:05:31.032312
2008-12-06,05:45,32.8,,31.9,96.4,0.01,W@2.9,4.2,41.6,0.0,0,"Maryhill, Klickitat County",310025,Maryhill,2017-12-06 08:05:31.032312
2008-12-06,06:00,33.3,,31.9,94.5,0.01,NW@3.8,5.7,41.5,0.0,0,"Maryhill, Klickitat County",310025,Maryhill,2017-12-06 08:05:31.032312
2008-12-06,06:15,33.5,,32.3,95.2,0.01,W@2.7,4.9,41.5,0.0,0,"Maryhill, Klickitat County",310025,Maryhill,2017-12-06 08:05:31.032312
2008-12-06,06:30,33.8,,32.3,94.2,0.01,W@1.8,3.9,41.4,0.0,0,"Maryhill, Klickitat County",310025,Maryhill,2017-12-06 08:05:31.032312
2008-12-06,06:45,33.9,,32.2,93.4,0.01,S@1.2,3.1,41.4,0.0,0,"Maryhill, Klickitat County",310025,Maryhill,2017-12-06 08:05:31.032312
2008-12-06,07:00,33.7,,32.5,95.2,0.01,W@3.2,5.3,41.3,0.0,0,"Maryhill, Klickitat County",310025,Maryhill,2017-12-06 08:05:31.032312
2008-12-06,07:15,33.6,,32.6,96.0,0.01,NW@3.0,4.9,41.3,0.0,0,"Maryhill, Klickitat County",310025,Maryhill,2017-12-06 08:05:31.032312
2008-12-06,07:30,34.2,,32.5,93.5,0.01,SW@1.7,4.2,41.3,0.0,2,"Maryhill, Klickitat County",310025,Maryhill,2017-12-06 08:05:31.032312
2008-12-06,07:45,34.4,,32.8,93.8,0.01,SW@1.8,4.2,41.2,0.0,6,"Maryhill, Klickitat County",310025,Maryhill,2017-12-06 08:05:31.032312
2008-12-06,08:00,34.4,,33.1,94.8,0.02,W@1.7,3.5,41.2,0.0,21,"Maryhill, Klickitat County",310025,Maryhill,2017-12-06 08:05:31.032312
2008-12-06,08:15,34.1,,32.7,94.6,0.03,S@0.4,3.1,41.1,0.0,22,"Maryhill, Klickitat County",310025,Maryhill,2017-12-06 08:05:31.032312
2008-12-06,08:30,34.2,,32.8,94.7,0.04,NE@2.9,3.9,41.1,0.0,31,"Maryhill, Klickitat County",310025,Maryhill,2017-12-06 08:05:31.032312
2008-12-06,08:45,35.1,,33.5,93.8,0.03,NE@2.9,4.6,41.1,0.0,86,"Maryhill, Klickitat County",310025,Maryhill,2017-12-06 08:05:31.032312
2008-12-06,09:00,36.5,,34.0,90.6,0.01,SE@1.8,3.9,41.0,0.0,113,"Maryhill, Klickitat County",310025,Maryhill,2017-12-06 08:05:31.032312
2008-12-06,09:15,38.3,,34.6,86.6,0.0,S@3.8,6.4,41.0,0.0,162,"Maryhill, Klickitat County",310025,Maryhill,2017-12-06 08:05:31.032312
2008-12-06,09:30,38.1,,34.7,87.3,0.0,S@5.5,7.4,41.0,0.0,186,"Maryhill, Klickitat County",310025,Maryhill,2017-12-06 08:05:31.032312
2008-12-06,09:45,38.4,,35.0,87.2,0.0,S@5.3,7.4,40.9,0.0,210,"Maryhill, Klickitat County",310025,Maryhill,2017-12-06 08:05:31.032312
2008-12-06,10:00,40.4,,35.8,83.6,0.0,S@3.2,6.0,40.9,0.0,232,"Maryhill, Klickitat County",310025,Maryhill,2017-12-06 08:05:31.032312
2008-12-06,10:15,41.8,,36.0,79.8,0.0,S@3.4,6.4,40.9,0.0,252,"Maryhill, Klickitat County",310025,Maryhill,2017-12-06 08:05:31.032312
2008-12-06,10:30,41.7,,35.8,79.6,0.0,SW@5.1,9.9,40.9,0.0,269,"Maryhill, Klickitat County",310025,Maryhill,2017-12-06 08:05:31.032312
2008-12-06,10:45,42.1,,35.9,78.6,0.0,SW@5.5,9.2,40.8,0.0,285,"Maryhill, Klickitat County",310025,Maryhill,2017-12-06 08:05:31.032312
2008-12-06,11:00,42.6,,36.4,78.2,0.0,SW@6.1,8.9,40.8,0.0,297,"Maryhill, Klickitat County",310025,Maryhill,2017-12-06 08:05:31.032312
2008-12-06,11:15,44.2,,37.0,75.9,0.0,SW@5.0,8.5,40.8,0.0,308,"Maryhill, Klickitat County",310025,Maryhill,2017-12-06 08:05:31.032312
2008-12-06,11:30,45.6,,37.5,72.9,0.0,SW@5.6,8.5,40.9,0.0,316,"Maryhill, Klickitat County",310025,Maryhill,2017-12-06 08:05:31.032312
2008-12-06,11:45,45.9,,37.9,73.6,0.0,SW@4.5,7.1,40.9,0.0,320,"Maryhill, Klickitat County",310025,Maryhill,2017-12-06 08:05:31.032312
2008-12-06,12:00,48.0,,38.6,69.8,0.0,SW@5.0,9.2,40.9,0.0,322,"Maryhill, Klickitat County",310025,Maryhill,2017-12-06 08:05:31.032312
2008-12-06,12:15,49.3,,38.3,65.7,0.0,SW@6.7,11.0,41.0,0.0,322,"Maryhill, Klickitat County",310025,Maryhill,2017-12-06 08:05:31.032312
2008-12-06,12:30,49.9,,37.5,62.4,0.0,SW@7.8,11.4,41.0,0.0,319,"Maryhill, Klickitat County",310025,Maryhill,2017-12-06 08:05:31.032312
2008-12-06,12:45,50.9,,37.6,60.0,0.0,SW@6.2,11.7,41.1,0.0,313,"Maryhill, Klickitat County",310025,Maryhill,2017-12-06 08:05:31.032312
2008-12-06,13:00,49.2,,38.5,66.2,0.0,S@5.6,10.3,41.2,0.0,305,"Maryhill, Klickitat County",310025,Maryhill,2017-12-06 08:05:31.032312
2008-12-06,13:15,49.2,,38.2,65.6,0.0,SW@5.8,8.5,41.3,0.0,295,"Maryhill, Klickitat County",310025,Maryhill,2017-12-06 08:05:31.032312
2008-12-06,13:30,49.4,,38.8,66.7,0.0,S@5.5,8.9,41.4,0.0,279,"Maryhill, Klickitat County",310025,Maryhill,2017-12-06 08:05:31.032312
2008-12-06,13:45,50.7,,38.5,62.9,0.0,S@5.1,10.3,41.5,0.0,260,"Maryhill, Klickitat County",310025,Maryhill,2017-12-06 08:05:31.032312
2008-12-06,14:00,51.4,,37.8,59.4,0.0,S@5.0,8.5,41.6,0.0,241,"Maryhill, Klickitat County",310025,Maryhill,2017-12-06 08:05:31.032312
2008-12-06,14:15,51.3,,37.2,58.2,0.0,SW@3.5,7.1,41.8,0.0,214,"Maryhill, Klickitat County",310025,Maryhill,2017-12-06 08:05:31.032312
2008-12-06,14:30,52.0,,37.4,57.2,0.0,W@2.1,3.9,41.9,0.0,209,"Maryhill, Klickitat County",310025,Maryhill,2017-12-06 08:05:31.032312
2008-12-06,14:45,52.1,,36.9,56.1,0.0,SW@1.9,5.3,42.0,0.0,114,"Maryhill, Klickitat County",310025,Maryhill,2017-12-06 08:05:31.032312
2008-12-06,15:00,52.4,,36.9,55.4,0.0,SE@1.5,3.1,42.2,0.0,98,"Maryhill, Klickitat County",310025,Maryhill,2017-12-06 08:05:31.032312
2008-12-06,15:15,54.2,,36.7,51.4,0.0,SW@1.5,4.9,42.3,0.0,89,"Maryhill, Klickitat County",310025,Maryhill,2017-12-06 08:05:31.032312
2008-12-06,15:30,53.9,,36.0,50.5,0.0,W@3.9,5.3,42.4,0.0,57,"Maryhill, Klickitat County",310025,Maryhill,2017-12-06 08:05:31.032312
2008-12-06,15:45,53.6,,35.9,51.0,0.0,NW@4.1,5.7,42.6,0.0,72,"Maryhill, Klickitat County",310025,Maryhill,2017-12-06 08:05:31.032312
2008-12-06,16:00,53.3,,35.8,51.2,0.0,W@4.6,6.4,42.7,0.0,49,"Maryhill, Klickitat County",310025,Maryhill,2017-12-06 08:05:31.032312
2008-12-06,16:15,53.0,,35.6,51.6,0.0,W@4.7,6.4,42.8,0.0,18,"Maryhill, Klickitat County",310025,Maryhill,2017-12-06 08:05:31.032312
2008-12-06,16:30,52.6,,35.4,51.9,0.0,W@4.0,5.7,42.9,0.0,6,"Maryhill, Klickitat County",310025,Maryhill,2017-12-06 08:05:31.032312
2008-12-06,16:45,52.2,,35.3,52.3,0.0,W@4.0,5.3,43.0,0.0,1,"Maryhill, Klickitat County",310025,Maryhill,2017-12-06 08:05:31.032312
2008-12-06,17:00,51.6,,35.2,53.2,0.0,W@3.8,4.9,43.1,0.0,0,"Maryhill, Klickitat County",310025,Maryhill,2017-12-06 08:05:31.032312
2008-12-06,17:15,51.6,,35.0,52.9,0.0,W@4.1,5.3,43.2,0.0,0,"Maryhill, Klickitat County",310025,Maryhill,2017-12-06 08:05:31.032312
2008-12-06,17:30,51.3,,34.7,52.9,0.0,W@5.0,6.0,43.3,0.0,0,"Maryhill, Klickitat County",310025,Maryhill,2017-12-06 08:05:31.032312
2008-12-06,17:45,52.1,,34.6,51.2,0.0,W@4.2,5.3,43.3,0.0,0,"Maryhill, Klickitat County",310025,Maryhill,2017-12-06 08:05:31.032312
2008-12-06,18:00,51.8,,34.7,52.0,0.0,W@5.3,8.2,43.4,0.0,0,"Maryhill, Klickitat County",310025,Maryhill,2017-12-06 08:05:31.032312
2008-12-06,18:15,52.7,,35.0,50.7,0.0,W@6.8,9.9,43.4,0.0,0,"Maryhill, Klickitat County",310025,Maryhill,2017-12-06 08:05:31.032312
2008-12-06,18:30,53.6,,35.1,49.2,0.0,W@9.3,12.4,43.5,0.0,0,"Maryhill, Klickitat County",310025,Maryhill,2017-12-06 08:05:31.032312
2008-12-06,18:45,52.8,,35.5,51.6,0.0,SW@6.0,10.3,43.5,0.0,0,"Maryhill, Klickitat County",310025,Maryhill,2017-12-06 08:05:31.032312
2008-12-06,19:00,50.4,,35.1,55.7,0.0,W@5.4,7.8,43.5,0.0,0,"Maryhill, Klickitat County",310025,Maryhill,2017-12-06 08:05:31.032312
2008-12-06,19:15,50.7,,34.9,54.4,0.0,W@5.3,7.4,43.5,0.0,0,"Maryhill, Klickitat County",310025,Maryhill,2017-12-06 08:05:31.032312
2008-12-06,19:30,50.2,,35.0,55.7,0.0,W@6.7,8.2,43.5,0.0,0,"Maryhill, Klickitat County",310025,Maryhill,2017-12-06 08:05:31.032312
2008-12-06,19:45,51.6,,33.9,50.5,0.0,W@6.1,12.4,43.5,0.0,0,"Maryhill, Klickitat County",310025,Maryhill,2017-12-06 08:05:31.032312
2008-12-06,20:00,52.7,,35.1,51.0,0.0,W@8.4,13.2,43.5,0.0,0,"Maryhill, Klickitat County",310025,Maryhill,2017-12-06 08:05:31.032312
2008-12-06,20:15,51.8,,35.4,53.3,0.0,W@9.6,13.9,43.5,0.0,0,"Maryhill, Klickitat County",310025,Maryhill,2017-12-06 08:05:31.032312
2008-12-06,20:30,50.8,,35.3,55.0,0.0,SW@7.4,11.4,43.5,0.0,0,"Maryhill, Klickitat County",310025,Maryhill,2017-12-06 08:05:31.032312
2008-12-06,20:45,50.4,,35.2,55.8,0.0,SW@7.8,12.8,43.5,0.0,0,"Maryhill, Klickitat County",310025,Maryhill,2017-12-06 08:05:31.032312
2008-12-06,21:00,48.6,,36.1,61.7,0.0,SW@6.1,10.3,43.5,0.0,0,"Maryhill, Klickitat County",310025,Maryhill,2017-12-06 08:05:31.032312
2008-12-06,21:15,48.5,,35.8,61.4,0.0,SW@3.6,6.0,43.5,0.0,0,"Maryhill, Klickitat County",310025,Maryhill,2017-12-06 08:05:31.032312
2008-12-06,21:30,47.7,,35.3,61.8,0.0,W@5.5,8.5,43.5,0.0,0,"Maryhill, Klickitat County",310025,Maryhill,2017-12-06 08:05:31.032312
2008-12-06,21:45,47.5,,35.6,63.3,0.0,SW@4.6,7.8,43.5,0.0,0,"Maryhill, Klickitat County",310025,Maryhill,2017-12-06 08:05:31.032312
2008-12-06,22:00,46.3,,35.9,66.7,0.0,SW@3.2,6.7,43.5,0.0,0,"Maryhill, Klickitat County",310025,Maryhill,2017-12-06 08:05:31.032312
2008-12-06,22:15,46.4,,35.6,65.8,0.0,SW@6.4,10.3,43.5,0.0,0,"Maryhill, Klickitat County",310025,Maryhill,2017-12-06 08:05:31.032312
2008-12-06,22:30,46.3,,35.7,66.3,0.0,SW@4.6,6.0,43.5,0.0,0,"Maryhill, Klickitat County",310025,Maryhill,2017-12-06 08:05:31.032312
2008-12-06,22:45,46.3,,36.0,67.2,0.0,SW@4.7,6.7,43.5,0.0,0,"Maryhill, Klickitat County",310025,Maryhill,2017-12-06 08:05:31.032312
2008-12-06,23:00,45.9,,36.1,68.3,0.0,SW@6.1,7.8,43.5,0.0,0,"Maryhill, Klickitat County",310025,Maryhill,2017-12-06 08:05:31.032312
2008-12-06,23:15,46.0,,36.0,67.7,0.0,SW@7.0,8.5,43.5,0.0,0,"Maryhill, Klickitat County",310025,Maryhill,2017-12-06 08:05:31.032312
2008-12-06,23:30,46.1,,35.9,67.4,0.0,SW@6.9,9.2,43.4,0.0,0,"Maryhill, Klickitat County",310025,Maryhill,2017-12-06 08:05:31.032312
2008-12-06,23:45,45.8,,36.4,69.4,0.0,SW@6.4,8.2,43.4,0.0,0,"Maryhill, Klickitat County",310025,Maryhill,2017-12-06 08:05:31.032312
2008-12-06,24:00,45.5,,35.7,68.5,0.0,SW@6.3,9.2,43.4,0.0,0,"Maryhill, Klickitat County",310025,Maryhill,2017-12-06 08:05:31.032312
2008-12-07,00:15,44.8,,35.8,70.4,0.0,SW@7.4,8.9,43.4,0.0,0,"Maryhill, Klickitat County",310025,Maryhill,2017-12-06 08:05:31.032312
2008-12-07,00:30,44.7,,36.0,71.3,0.0,SW@7.4,9.9,43.4,0.0,0,"Maryhill, Klickitat County",310025,Maryhill,2017-12-06 08:05:31.032312
2008-12-07,00:45,44.0,,36.3,74.0,0.0,SW@7.1,10.3,43.4,0.0,0,"Maryhill, Klickitat County",310025,Maryhill,2017-12-06 08:05:31.032312
2008-12-07,01:00,43.3,,36.3,76.0,0.0,W@5.7,9.6,43.3,0.0,0,"Maryhill, Klickitat County",310025,Maryhill,2017-12-06 08:05:31.032312
2008-12-07,01:15,44.1,,36.2,73.6,0.0,SW@5.9,9.6,43.3,0.0,0,"Maryhill, Klickitat County",310025,Maryhill,2017-12-06 08:05:31.032312
2008-12-07,01:30,44.8,,36.0,70.9,0.0,SW@5.4,7.4,43.3,0.0,0,"Maryhill, Klickitat County",310025,Maryhill,2017-12-06 08:05:31.032312
2008-12-07,01:45,44.4,,35.8,71.5,0.0,SW@4.8,7.4,43.3,0.0,0,"Maryhill, Klickitat County",310025,Maryhill,2017-12-06 08:05:31.032312
2008-12-07,02:00,44.4,,36.1,72.4,0.0,SW@3.5,6.0,43.2,0.0,0,"Maryhill, Klickitat County",310025,Maryhill,2017-12-06 08:05:31.032312
2008-12-07,02:15,44.2,,35.9,72.5,0.0,SW@6.1,11.0,43.2,0.0,0,"Maryhill, Klickitat County",310025,Maryhill,2017-12-06 08:05:31.032312
2008-12-07,02:30,44.5,,36.0,72.1,0.0,SW@5.4,10.7,43.2,0.0,0,"Maryhill, Klickitat County",310025,Maryhill,2017-12-06 08:05:31.032312
2008-12-07,02:45,43.5,,36.1,75.0,0.0,SW@5.3,7.1,43.2,0.0,0,"Maryhill, Klickitat County",310025,Maryhill,2017-12-06 08:05:31.032312
2008-12-07,03:00,43.5,,36.5,76.1,0.0,SW@4.8,7.1,43.2,0.0,0,"Maryhill, Klickitat County",310025,Maryhill,2017-12-06 08:05:31.032312
2008-12-07,03:15,44.8,,36.7,73.0,0.0,SW@4.8,7.1,43.1,0.0,0,"Maryhill, Klickitat County",310025,Maryhill,2017-12-06 08:05:31.032312
2008-12-07,03:30,43.7,,36.2,74.5,0.0,SW@6.5,9.2,43.1,0.0,0,"Maryhill, Klickitat County",310025,Maryhill,2017-12-06 08:05:31.032312
2008-12-07,03:45,43.2,,35.4,73.7,0.0,SW@5.5,7.8,43.1,0.0,0,"Maryhill, Klickitat County",310025,Maryhill,2017-12-06 08:05:31.032312
2008-12-07,04:00,43.0,,36.0,76.1,0.0,W@4.8,8.2,43.1,0.0,0,"Maryhill, Klickitat County",310025,Maryhill,2017-12-06 08:05:31.032312
2008-12-07,04:15,43.4,,35.3,73.1,0.0,SW@6.7,9.9,43.0,0.0,0,"Maryhill, Klickitat County",310025,Maryhill,2017-12-06 08:05:31.032312
2008-12-07,04:30,43.1,,35.5,74.2,0.0,W@4.7,6.7,43.0,0.0,0,"Maryhill, Klickitat County",310025,Maryhill,2017-12-06 08:05:31.032312
2008-12-07,04:45,42.9,,35.8,75.6,0.0,W@2.8,5.3,43.0,0.0,0,"Maryhill, Klickitat County",310025,Maryhill,2017-12-06 08:05:31.032312
2008-12-07,05:00,41.9,,35.8,78.8,0.0,NW@3.2,5.3,43.0,0.0,0,"Maryhill, Klickitat County",310025,Maryhill,2017-12-06 08:05:31.032312
2008-12-07,05:15,41.8,,36.2,80.1,0.0,NW@3.8,5.3,43.0,0.0,0,"Maryhill, Klickitat County",310025,Maryhill,2017-12-06 08:05:31.032312
2008-12-07,05:30,41.9,,36.6,81.5,0.0,NW@3.9,5.7,43.0,0.0,0,"Maryhill, Klickitat County",310025,Maryhill,2017-12-06 08:05:31.032312
2008-12-07,05:45,42.7,,37.4,81.2,0.0,S@2.2,5.3,42.9,0.0,0,"Maryhill, Klickitat County",310025,Maryhill,2017-12-06 08:05:31.032312
2008-12-07,06:00,43.1,,37.7,81.0,0.0,SW@2.9,5.7,42.9,0.0,0,"Maryhill, Klickitat County",310025,Maryhill,2017-12-06 08:05:31.032312
2008-12-07,06:15,44.0,,39.6,84.2,0.0,S@3.0,6.7,42.9,0.0,0,"Maryhill, Klickitat County",310025,Maryhill,2017-12-06 08:05:31.032312
2008-12-07,06:30,45.0,,40.6,84.7,0.0,SW@3.6,6.7,42.9,0.0,0,"Maryhill, Klickitat County",310025,Maryhill,2017-12-06 08:05:31.032312
2008-12-07,06:45,45.8,,41.5,85.0,0.0,SW@5.0,13.5,42.9,0.0,0,"Maryhill, Klickitat County",310025,Maryhill,2017-12-06 08:05:31.032312
2008-12-07,07:00,46.6,,42.1,84.5,0.0,SW@7.0,11.7,42.8,0.0,0,"Maryhill, Klickitat County",310025,Maryhill,2017-12-06 08:05:31.032312
2008-12-07,07:15,46.7,,42.4,84.7,0.0,SW@7.6,13.9,42.8,0.0,0,"Maryhill, Klickitat County",310025,Maryhill,2017-12-06 08:05:31.032312
2008-12-07,07:30,46.8,,42.5,84.7,0.0,SW@7.8,17.1,42.8,0.0,3,"Maryhill, Klickitat County",310025,Maryhill,2017-12-06 08:05:31.032312
2008-12-07,07:45,48.4,,42.9,81.1,0.0,SW@9.0,19.2,42.7,0.0,9,"Maryhill, Klickitat County",310025,Maryhill,2017-12-06 08:05:31.032312
2008-12-07,08:00,47.1,,43.1,85.9,0.0,SW@10.4,14.2,42.7,0.0,20,"Maryhill, Klickitat County",310025,Maryhill,2017-12-06 08:05:31.032312
2008-12-07,08:15,47.5,,43.5,85.6,0.0,SW@9.4,16.0,42.7,0.0,65,"Maryhill, Klickitat County",310025,Maryhill,2017-12-06 08:05:31.032312
2008-12-07,08:30,49.2,,43.7,81.4,0.0,SW@9.8,17.1,42.7,0.0,74,"Maryhill, Klickitat County",310025,Maryhill,2017-12-06 08:05:31.032312
2008-12-07,08:45,49.5,,43.7,80.5,0.0,SW@10.6,16.7,42.7,0.0,72,"Maryhill, Klickitat County",310025,Maryhill,2017-12-06 08:05:31.032312
2008-12-07,09:00,48.7,,43.9,83.4,0.0,SW@12.2,17.1,42.7,0.0,83,"Maryhill, Klickitat County",310025,Maryhill,2017-12-06 08:05:31.032312
2008-12-07,09:15,48.5,,44.1,84.6,0.0,SW@12.8,18.9,42.7,0.0,117,"Maryhill, Klickitat County",310025,Maryhill,2017-12-06 08:05:31.032312
2008-12-07,09:30,48.4,,44.3,85.7,0.0,SW@12.5,18.2,42.7,0.0,157,"Maryhill, Klickitat County",310025,Maryhill,2017-12-06 08:05:31.032312
2008-12-07,09:45,48.3,,44.4,86.1,0.0,SW@11.9,16.0,42.7,0.0,187,"Maryhill, Klickitat County",310025,Maryhill,2017-12-06 08:05:31.032312
2008-12-07,10:00,49.7,,44.7,82.6,0.0,SW@12.9,18.5,42.7,0.0,270,"Maryhill, Klickitat County",310025,Maryhill,2017-12-06 08:05:31.032312
2008-12-07,10:15,50.2,,44.6,80.9,0.0,SW@13.0,18.5,42.7,0.0,246,"Maryhill, Klickitat County",310025,Maryhill,2017-12-06 08:05:31.032312
2008-12-07,10:30,51.1,,44.7,78.6,0.0,SW@11.5,15.7,42.7,0.0,268,"Maryhill, Klickitat County",310025,Maryhill,2017-12-06 08:05:31.032312
2008-12-07,10:45,51.1,,44.7,78.8,0.0,SW@10.5,14.6,42.7,0.0,183,"Maryhill, Klickitat County",310025,Maryhill,2017-12-06 08:05:31.032312
2008-12-07,11:00,50.5,,44.8,80.6,0.0,SW@10.8,15.0,42.7,0.0,121,"Maryhill, Klickitat County",310025,Maryhill,2017-12-06 08:05:31.032312
2008-12-07,11:15,50.6,,45.1,81.4,0.0,SW@9.1,13.2,42.8,0.0,118,"Maryhill, Klickitat County",310025,Maryhill,2017-12-06 08:05:31.032312
2008-12-07,11:30,50.5,,45.0,81.3,0.0,SW@10.2,16.4,42.8,0.0,147,"Maryhill, Klickitat County",310025,Maryhill,2017-12-06 08:05:31.032312
2008-12-07,11:45,50.8,,45.4,81.6,0.0,SW@7.8,12.4,42.9,0.0,162,"Maryhill, Klickitat County",310025,Maryhill,2017-12-06 08:05:31.032312
2008-12-07,12:00,51.9,,45.6,79.0,0.0,W@8.9,15.0,43.0,0.0,175,"Maryhill, Klickitat County",310025,Maryhill,2017-12-06 08:05:31.032312
2008-12-07,12:15,52.5,,45.7,77.5,0.0,NW@9.1,14.6,43.0,0.0,218,"Maryhill, Klickitat County",310025,Maryhill,2017-12-06 08:05:31.032312
2008-12-07,12:30,52.3,,45.9,78.5,0.0,NW@10.7,15.3,43.1,0.0,160,"Maryhill, Klickitat County",310025,Maryhill,2017-12-06 08:05:31.032312
2008-12-07,12:45,52.0,,45.9,79.6,0.29,NW@11.1,18.2,43.2,0.0,82,"Maryhill, Klickitat County",310025,Maryhill,2017-12-06 08:05:31.032312
2008-12-07,13:00,50.6,,46.1,84.4,0.98,NW@12.7,18.9,43.3,0.0,45,"Maryhill, Klickitat County",310025,Maryhill,2017-12-06 08:05:31.032312
2008-12-07,13:15,50.6,,45.7,83.1,1.0,NW@14.2,22.5,43.3,0.02,37,"Maryhill, Klickitat County",310025,Maryhill,2017-12-06 08:05:31.032312
2008-12-07,13:30,50.5,,45.0,81.3,1.0,NW@19.0,27.1,43.4,0.01,35,"Maryhill, Klickitat County",310025,Maryhill,2017-12-06 08:05:31.032312
2008-12-07,13:45,50.3,,44.5,80.4,1.0,NW@16.4,24.3,43.5,0.0,49,"Maryhill, Klickitat County",310025,Maryhill,2017-12-06 08:05:31.032312
2008-12-07,14:00,50.1,,43.5,77.9,0.84,W@15.1,21.8,43.6,0.0,51,"Maryhill, Klickitat County",310025,Maryhill,2017-12-06 08:05:31.032312
2008-12-07,14:15,48.8,,45.2,87.3,0.3,W@10.7,15.3,43.7,0.0,38,"Maryhill, Klickitat County",310025,Maryhill,2017-12-06 08:05:31.032312
2008-12-07,14:30,48.7,,43.1,80.9,0.07,W@14.2,24.3,43.8,0.0,30,"Maryhill, Klickitat County",310025,Maryhill,2017-12-06 08:05:31.032312
2008-12-07,14:45,47.5,,45.1,91.1,0.16,W@12.5,22.1,43.9,0.0,23,"Maryhill, Klickitat County",310025,Maryhill,2017-12-06 08:05:31.032312
2008-12-07,15:00,46.5,,45.3,95.5,0.26,W@12.7,18.2,44.0,0.0,24,"Maryhill, Klickitat County",310025,Maryhill,2017-12-06 08:05:31.032312
2008-12-07,15:15,46.2,,45.0,95.5,0.1,W@12.1,17.5,44.1,0.0,26,"Maryhill, Klickitat County",310025,Maryhill,2017-12-06 08:05:31.032312
2008-12-07,15:30,46.0,,45.1,96.6,0.02,SW@13.4,18.5,44.1,0.0,15,"Maryhill, Klickitat County",310025,Maryhill,2017-12-06 08:05:31.032312
2008-12-07,15:45,46.2,,44.1,92.3,0.01,W@11.3,16.7,44.2,0.0,10,"Maryhill, Klickitat County",310025,Maryhill,2017-12-06 08:05:31.032312
2008-12-07,16:00,46.7,,43.2,87.8,0.0,W@10.5,17.1,44.3,0.0,6,"Maryhill, Klickitat County",310025,Maryhill,2017-12-06 08:05:31.032312
2008-12-07,16:15,45.9,,43.6,91.4,0.0,W@8.7,12.8,44.3,0.0,3,"Maryhill, Klickitat County",310025,Maryhill,2017-12-06 08:05:31.032312
2008-12-07,16:30,46.1,,43.1,89.2,0.0,W@10.4,15.0,44.4,0.0,2,"Maryhill, Klickitat County",310025,Maryhill,2017-12-06 08:05:31.032312
2008-12-07,16:45,46.3,,42.4,86.4,0.0,W@9.4,13.9,44.4,0.0,0,"Maryhill, Klickitat County",310025,Maryhill,2017-12-06 08:05:31.032312
2008-12-07,17:00,46.2,,42.6,87.2,0.0,W@9.4,13.5,44.5,0.0,0,"Maryhill, Klickitat County",310025,Maryhill,2017-12-06 08:05:31.032312
2008-12-07,17:15,45.8,,42.7,88.7,0.0,W@8.0,12.1,44.5,0.0,0,"Maryhill, Klickitat County",310025,Maryhill,2017-12-06 08:05:31.032312
2008-12-07,17:30,45.7,,42.6,88.5,0.0,W@6.4,9.9,44.5,0.0,0,"Maryhill, Klickitat County",310025,Maryhill,2017-12-06 08:05:31.032312
2008-12-07,17:45,45.7,,42.6,88.7,0.01,W@3.5,7.8,44.6,0.0,0,"Maryhill, Klickitat County",310025,Maryhill,2017-12-06 08:05:31.032312
2008-12-07,18:00,46.1,,42.6,87.6,0.0,W@5.6,11.0,44.6,0.0,0,"Maryhill, Klickitat County",310025,Maryhill,2017-12-06 08:05:31.032312
2008-12-07,18:15,46.6,,42.8,86.8,0.0,W@5.8,14.6,44.6,0.0,0,"Maryhill, Klickitat County",310025,Maryhill,2017-12-06 08:05:31.032312
2008-12-07,18:30,46.2,,43.0,88.4,0.0,SW@5.3,7.8,44.6,0.0,0,"Maryhill, Klickitat County",310025,Maryhill,2017-12-06 08:05:31.032312
2008-12-07,18:45,45.9,,43.1,89.8,0.0,W@5.3,8.2,44.6,0.0,0,"Maryhill, Klickitat County",310025,Maryhill,2017-12-06 08:05:31.032312
2008-12-07,19:00,45.9,,43.5,91.2,0.0,W@5.8,12.4,44.6,0.0,0,"Maryhill, Klickitat County",310025,Maryhill,2017-12-06 08:05:31.032312
2008-12-07,19:15,46.3,,43.8,90.9,0.0,W@10.2,16.0,44.6,0.0,0,"Maryhill, Klickitat County",310025,Maryhill,2017-12-06 08:05:31.032312
2008-12-07,19:30,46.1,,43.8,91.6,0.0,W@10.9,15.3,44.6,0.0,0,"Maryhill, Klickitat County",310025,Maryhill,2017-12-06 08:05:31.032312
2008-12-07,19:45,45.7,,43.4,91.6,0.01,W@9.9,15.3,44.6,0.0,0,"Maryhill, Klickitat County",310025,Maryhill,2017-12-06 08:05:31.032312
2008-12-07,20:00,45.1,,42.7,91.0,0.01,W@7.1,10.7,44.6,0.0,0,"Maryhill, Klickitat County",310025,Maryhill,2017-12-06 08:05:31.032312
2008-12-07,20:15,44.9,,42.3,90.4,0.01,W@7.7,15.0,44.6,0.0,0,"Maryhill, Klickitat County",310025,Maryhill,2017-12-06 08:05:31.032312
2008-12-07,20:30,44.4,,42.3,92.3,0.01,W@6.6,12.4,44.6,0.0,0,"Maryhill, Klickitat County",310025,Maryhill,2017-12-06 08:05:31.032312
2008-12-07,20:45,43.8,,41.9,92.9,0.01,W@5.7,8.9,44.6,0.0,0,"Maryhill, Klickitat County",310025,Maryhill,2017-12-06 08:05:31.032312
2008-12-07,21:00,44.7,,40.6,85.2,0.0,W@8.2,11.7,44.6,0.0,0,"Maryhill, Klickitat County",310025,Maryhill,2017-12-06 08:05:31.032312
2008-12-07,21:15,44.5,,41.2,88.1,0.0,W@8.3,11.7,44.6,0.0,0,"Maryhill, Klickitat County",310025,Maryhill,2017-12-06 08:05:31.032312
2008-12-07,21:30,44.3,,41.9,91.1,0.01,W@8.7,14.6,44.6,0.0,0,"Maryhill, Klickitat County",310025,Maryhill,2017-12-06 08:05:31.032312
2008-12-07,21:45,43.9,,41.9,92.7,0.01,W@8.0,12.1,44.6,0.0,0,"Maryhill, Klickitat County",310025,Maryhill,2017-12-06 08:05:31.032312
2008-12-07,22:00,43.6,,41.4,91.9,0.01,W@5.9,9.2,44.6,0.0,0,"Maryhill, Klickitat County",310025,Maryhill,2017-12-06 08:05:31.032312
2008-12-07,22:15,43.0,,40.9,92.2,0.01,W@6.0,8.5,44.6,0.0,0,"Maryhill, Klickitat County",310025,Maryhill,2017-12-06 08:05:31.032312
2008-12-07,22:30,44.0,,39.3,83.4,0.0,W@8.6,12.8,44.6,0.0,0,"Maryhill, Klickitat County",310025,Maryhill,2017-12-06 08:05:31.032312
2008-12-07,22:45,44.5,,39.5,82.5,0.0,W@9.9,16.4,44.5,0.0,0,"Maryhill, Klickitat County",310025,Maryhill,2017-12-06 08:05:31.032312
2008-12-07,23:00,43.9,,40.8,88.8,0.0,SW@9.7,16.0,44.5,0.0,0,"Maryhill, Klickitat County",310025,Maryhill,2017-12-06 08:05:31.032312
2008-12-07,23:15,43.8,,41.1,89.9,0.0,SW@10.4,14.6,44.5,0.0,0,"Maryhill, Klickitat County",310025,Maryhill,2017-12-06 08:05:31.032312
2008-12-07,23:30,44.4,,39.4,82.5,0.0,W@11.1,18.5,44.5,0.0,0,"Maryhill, Klickitat County",310025,Maryhill,2017-12-06 08:05:31.032312
2008-12-07,23:45,44.5,,39.7,83.2,0.0,W@11.1,16.4,44.5,0.0,0,"Maryhill, Klickitat County",310025,Maryhill,2017-12-06 08:05:31.032312
2008-12-07,24:00,43.9,,40.0,85.9,0.0,SW@9.7,14.6,44.4,0.0,0,"Maryhill, Klickitat County",310025,Maryhill,2017-12-06 08:05:31.032312
2008-12-08,00:15,43.9,,39.2,83.3,0.0,W@10.0,16.4,44.4,0.0,0,"Maryhill, Klickitat County",310025,Maryhill,2017-12-06 08:05:31.032312
2008-12-08,00:30,43.8,,39.1,83.4,0.0,W@11.5,17.1,44.4,0.0,0,"Maryhill, Klickitat County",310025,Maryhill,2017-12-06 08:05:31.032312
2008-12-08,00:45,43.3,,39.1,85.1,0.0,W@8.0,13.2,44.4,0.0,0,"Maryhill, Klickitat County",310025,Maryhill,2017-12-06 08:05:31.032312
2008-12-08,01:00,42.6,,39.1,87.4,0.0,W@4.0,9.2,44.3,0.0,0,"Maryhill, Klickitat County",310025,Maryhill,2017-12-06 08:05:31.032312
2008-12-08,01:15,42.4,,38.6,86.3,0.0,W@4.6,10.7,44.3,0.0,0,"Maryhill, Klickitat County",310025,Maryhill,2017-12-06 08:05:31.032312
2008-12-08,01:30,43.1,,39.3,86.5,0.0,SW@9.5,15.7,44.3,0.0,0,"Maryhill, Klickitat County",310025,Maryhill,2017-12-06 08:05:31.032312
2008-12-08,01:45,42.6,,39.4,88.4,0.0,SW@8.8,14.2,44.2,0.0,0,"Maryhill, Klickitat County",310025,Maryhill,2017-12-06 08:05:31.032312
2008-12-08,02:00,42.8,,39.6,88.2,0.0,W@10.7,19.2,44.2,0.0,0,"Maryhill, Klickitat County",310025,Maryhill,2017-12-06 08:05:31.032312
2008-12-08,02:15,42.8,,39.4,87.7,0.0,W@10.2,16.0,44.2,0.0,0,"Maryhill, Klickitat County",310025,Maryhill,2017-12-06 08:05:31.032312
2008-12-08,02:30,42.7,,39.6,88.7,0.0,SW@8.5,12.4,44.1,0.0,0,"Maryhill, Klickitat County",310025,Maryhill,2017-12-06 08:05:31.032312
2008-12-08,02:45,42.8,,39.3,87.2,0.0,W@8.3,13.2,44.1,0.0,0,"Maryhill, Klickitat County",310025,Maryhill,2017-12-06 08:05:31.032312
2008-12-08,03:00,43.1,,39.4,86.7,0.0,SW@8.1,12.1,44.1,0.0,0,"Maryhill, Klickitat County",310025,Maryhill,2017-12-06 08:05:31.032312
2008-12-08,03:15,43.2,,39.0,85.1,0.0,SW@8.3,13.2,44.1,0.0,0,"Maryhill, Klickitat County",310025,Maryhill,2017-12-06 08:05:31.032312
2008-12-08,03:30,42.8,,38.5,84.7,0.0,W@5.7,11.4,44.0,0.0,0,"Maryhill, Klickitat County",310025,Maryhill,2017-12-06 08:05:31.032312
2008-12-08,03:45,43.3,,38.7,83.5,0.0,W@7.0,12.8,44.0,0.0,0,"Maryhill, Klickitat County",310025,Maryhill,2017-12-06 08:05:31.032312
2008-12-08,04:00,43.5,,38.7,83.0,0.0,W@6.3,10.7,44.0,0.0,0,"Maryhill, Klickitat County",310025,Maryhill,2017-12-06 08:05:31.032312
2008-12-08,04:15,43.4,,38.4,82.4,0.0,W@6.4,10.7,43.9,0.0,0,"Maryhill, Klickitat County",310025,Maryhill,2017-12-06 08:05:31.032312
2008-12-08,04:30,42.5,,37.7,83.0,0.0,W@6.2,8.2,43.9,0.0,0,"Maryhill, Klickitat County",310025,Maryhill,2017-12-06 08:05:31.032312
2008-12-08,04:45,43.0,,37.1,79.6,0.0,W@7.9,11.7,43.9,0.0,0,"Maryhill, Klickitat County",310025,Maryhill,2017-12-06 08:05:31.032312
2008-12-08,05:00,43.2,,37.4,79.8,0.0,W@8.4,12.1,43.8,0.0,0,"Maryhill, Klickitat County",310025,Maryhill,2017-12-06 08:05:31.032312
2008-12-08,05:15,42.7,,37.5,81.9,0.0,W@9.2,13.2,43.8,0.0,0,"Maryhill, Klickitat County",310025,Maryhill,2017-12-06 08:05:31.032312
2008-12-08,05:30,42.7,,37.7,82.2,0.0,W@9.5,13.2,43.8,0.0,0,"Maryhill, Klickitat County",310025,Maryhill,2017-12-06 08:05:31.032312
2008-12-08,05:45,43.2,,37.6,80.3,0.0,W@10.4,15.3,43.8,0.0,0,"Maryhill, Klickitat County",310025,Maryhill,2017-12-06 08:05:31.032312
2008-12-08,06:00,43.7,,37.4,78.3,0.0,W@11.2,16.4,43.7,0.0,0,"Maryhill, Klickitat County",310025,Maryhill,2017-12-06 08:05:31.032312
2008-12-08,06:15,44.2,,36.9,75.2,0.0,NW@12.4,21.8,43.7,0.0,0,"Maryhill, Klickitat County",310025,Maryhill,2017-12-06 08:05:31.032312
2008-12-08,06:30,44.6,,36.6,73.2,0.0,NW@14.0,19.2,43.7,0.0,0,"Maryhill, Klickitat County",310025,Maryhill,2017-12-06 08:05:31.032312
2008-12-08,06:45,44.8,,36.6,72.6,0.0,W@15.0,21.8,43.7,0.0,0,"Maryhill, Klickitat County",310025,Maryhill,2017-12-06 08:05:31.032312
2008-12-08,07:00,44.7,,36.5,72.7,0.0,NW@14.6,21.8,43.7,0.0,0,"Maryhill, Klickitat County",310025,Maryhill,2017-12-06 08:05:31.032312
2008-12-08,07:15,44.6,,36.1,71.8,0.0,W@12.1,16.4,43.6,0.0,0,"Maryhill, Klickitat County",310025,Maryhill,2017-12-06 08:05:31.032312
2008-12-08,07:30,44.4,,36.2,72.7,0.0,NW@11.2,16.0,43.6,0.0,3,"Maryhill, Klickitat County",310025,Maryhill,2017-12-06 08:05:31.032312
2008-12-08,07:45,44.1,,36.5,74.5,0.0,W@11.3,16.4,43.6,0.0,12,"Maryhill, Klickitat County",310025,Maryhill,2017-12-06 08:05:31.032312
2008-12-08,08:00,44.7,,36.9,73.8,0.0,W@9.5,15.0,43.5,0.0,45,"Maryhill, Klickitat County",310025,Maryhill,2017-12-06 08:05:31.032312
2008-12-08,08:15,44.8,,37.6,75.8,0.0,W@7.7,13.5,43.5,0.0,72,"Maryhill, Klickitat County",310025,Maryhill,2017-12-06 08:05:31.032312
2008-12-08,08:30,44.2,,38.9,81.5,0.0,W@9.9,13.2,43.5,0.0,81,"Maryhill, Klickitat County",310025,Maryhill,2017-12-06 08:05:31.032312
2008-12-08,08:45,45.3,,37.7,74.5,0.0,W@10.5,15.3,43.5,0.0,108,"Maryhill, Klickitat County",310025,Maryhill,2017-12-06 08:05:31.032312
2008-12-08,09:00,46.8,,36.2,66.4,0.0,W@13.3,20.0,43.4,0.0,133,"Maryhill, Klickitat County",310025,Maryhill,2017-12-06 08:05:31.032312
2008-12-08,09:15,47.2,,36.6,66.4,0.0,W@11.8,18.2,43.4,0.0,165,"Maryhill, Klickitat County",310025,Maryhill,2017-12-06 08:05:31.032312
2008-12-08,09:30,47.3,,38.6,71.7,0.0,W@9.9,17.5,43.4,0.0,193,"Maryhill, Klickitat County",310025,Maryhill,2017-12-06 08:05:31.032312
2008-12-08,09:45,46.9,,40.7,79.1,0.0,W@8.9,16.4,43.4,0.0,214,"Maryhill, Klickitat County",310025,Maryhill,2017-12-06 08:05:31.032312
2008-12-08,10:00,47.2,,40.7,78.0,0.0,W@9.3,14.6,43.3,0.0,237,"Maryhill, Klickitat County",310025,Maryhill,2017-12-06 08:05:31.032312
2008-12-08,10:15,47.9,,40.6,75.8,0.0,W@10.5,16.7,43.3,0.0,271,"Maryhill, Klickitat County",310025,Maryhill,2017-12-06 08:05:31.032312
2008-12-08,10:30,48.6,,40.3,72.8,0.0,W@10.6,16.7,43.3,0.0,341,"Maryhill, Klickitat County",310025,Maryhill,2017-12-06 08:05:31.032312
2008-12-08,10:45,49.3,,40.2,70.6,0.0,W@10.5,16.4,43.3,0.0,289,"Maryhill, Klickitat County",310025,Maryhill,2017-12-06 08:05:31.032312
2008-12-08,11:00,48.8,,40.0,71.5,0.0,W@12.6,20.7,43.3,0.0,310,"Maryhill, Klickitat County",310025,Maryhill,2017-12-06 08:05:31.032312
2008-12-08,11:15,50.0,,39.9,68.1,0.0,W@10.0,17.1,43.3,0.0,347,"Maryhill, Klickitat County",310025,Maryhill,2017-12-06 08:05:31.032312
2008-12-08,11:30,50.3,,39.6,66.4,0.0,W@9.3,15.7,43.4,0.0,324,"Maryhill, Klickitat County",310025,Maryhill,2017-12-06 08:05:31.032312
2008-12-08,11:45,49.9,,38.7,65.4,0.0,W@11.1,17.1,43.4,0.0,331,"Maryhill, Klickitat County",310025,Maryhill,2017-12-06 08:05:31.032312
2008-12-08,12:00,49.9,,38.7,65.2,0.0,W@10.6,17.5,43.4,0.0,330,"Maryhill, Klickitat County",310025,Maryhill,2017-12-06 08:05:31.032312
2008-12-08,12:15,50.1,,38.9,65.0,0.0,W@10.1,17.1,43.5,0.0,319,"Maryhill, Klickitat County",310025,Maryhill,2017-12-06 08:05:31.032312
2008-12-08,12:30,50.0,,38.8,65.4,0.0,W@10.8,16.7,43.5,0.0,321,"Maryhill, Klickitat County",310025,Maryhill,2017-12-06 08:05:31.032312
2008-12-08,12:45,50.0,,38.8,65.1,0.0,W@10.5,16.7,43.6,0.0,309,"Maryhill, Klickitat County",310025,Maryhill,2017-12-06 08:05:31.032312
2008-12-08,13:00,50.2,,39.1,65.5,0.0,W@9.4,16.4,43.7,0.0,289,"Maryhill, Klickitat County",310025,Maryhill,2017-12-06 08:05:31.032312
2008-12-08,13:15,50.5,,39.6,66.2,0.0,W@9.1,15.7,43.8,0.0,274,"Maryhill, Klickitat County",310025,Maryhill,2017-12-06 08:05:31.032312
2008-12-08,13:30,50.5,,39.3,65.3,0.0,SW@11.6,20.3,43.9,0.0,260,"Maryhill, Klickitat County",310025,Maryhill,2017-12-06 08:05:31.032312
2008-12-08,13:45,50.5,,39.2,64.9,0.0,SW@11.4,17.5,44.0,0.0,248,"Maryhill, Klickitat County",310025,Maryhill,2017-12-06 08:05:31.032312
2008-12-08,14:00,50.4,,39.3,65.4,0.0,SW@10.6,18.2,44.1,0.0,225,"Maryhill, Klickitat County",310025,Maryhill,2017-12-06 08:05:31.032312
2008-12-08,14:15,50.6,,39.3,65.0,0.0,W@9.9,16.0,44.2,0.0,206,"Maryhill, Klickitat County",310025,Maryhill,2017-12-06 08:05:31.032312
2008-12-08,14:30,50.5,,39.0,64.4,0.0,SW@11.4,16.0,44.3,0.0,190,"Maryhill, Klickitat County",310025,Maryhill,2017-12-06 08:05:31.032312
2008-12-08,14:45,50.2,,39.0,65.0,0.0,SW@11.0,15.7,44.4,0.0,167,"Maryhill, Klickitat County",310025,Maryhill,2017-12-06 08:05:31.032312
2008-12-08,15:00,49.6,,39.0,66.8,0.0,SW@10.8,15.7,44.5,0.0,145,"Maryhill, Klickitat County",310025,Maryhill,2017-12-06 08:05:31.032312
2008-12-08,15:15,49.4,,38.8,66.6,0.0,SW@10.3,15.0,44.6,0.0,119,"Maryhill, Klickitat County",310025,Maryhill,2017-12-06 08:05:31.032312
2008-12-08,15:30,49.1,,38.1,65.7,0.0,SW@10.4,14.6,44.7,0.0,78,"Maryhill, Klickitat County",310025,Maryhill,2017-12-06 08:05:31.032312
2008-12-08,15:45,47.6,,38.0,69.0,0.0,W@9.4,15.0,44.8,0.0,35,"Maryhill, Klickitat County",310025,Maryhill,2017-12-06 08:05:31.032312
2008-12-08,16:00,47.3,,37.5,68.5,0.0,W@9.3,13.9,44.9,0.0,30,"Maryhill, Klickitat County",310025,Maryhill,2017-12-06 08:05:31.032312
2008-12-08,16:15,46.8,,37.7,70.6,0.0,W@9.3,15.3,44.9,0.0,16,"Maryhill, Klickitat County",310025,Maryhill,2017-12-06 08:05:31.032312
2008-12-08,16:30,45.5,,37.9,74.4,0.0,W@8.6,15.3,45.0,0.0,5,"Maryhill, Klickitat County",310025,Maryhill,2017-12-06 08:05:31.032312
2008-12-08,16:45,45.1,,37.3,74.0,0.0,W@8.4,12.8,45.1,0.0,1,"Maryhill, Klickitat County",310025,Maryhill,2017-12-06 08:05:31.032312
2008-12-08,17:00,45.5,,37.2,72.6,0.0,W@9.1,16.4,45.1,0.0,0,"Maryhill, Klickitat County",310025,Maryhill,2017-12-06 08:05:31.032312
2008-12-08,17:15,45.1,,36.7,72.2,0.0,W@9.7,18.2,45.2,0.0,0,"Maryhill, Klickitat County",310025,Maryhill,2017-12-06 08:05:31.032312
2008-12-08,17:30,45.3,,37.2,72.9,0.0,W@11.2,18.5,45.2,0.0,0,"Maryhill, Klickitat County",310025,Maryhill,2017-12-06 08:05:31.032312
2008-12-08,17:45,44.6,,37.9,76.9,0.0,W@10.5,19.2,45.3,0.0,0,"Maryhill, Klickitat County",310025,Maryhill,2017-12-06 08:05:31.032312
2008-12-08,18:00,43.9,,38.1,80.0,0.0,W@8.6,13.2,45.3,0.0,0,"Maryhill, Klickitat County",310025,Maryhill,2017-12-06 08:05:31.032312
2008-12-08,18:15,43.8,,38.5,81.5,0.0,SW@10.8,16.4,45.3,0.0,0,"Maryhill, Klickitat County",310025,Maryhill,2017-12-06 08:05:31.032312
2008-12-08,18:30,43.7,,38.4,81.5,0.0,SW@10.0,14.2,45.3,0.0,0,"Maryhill, Klickitat County",310025,Maryhill,2017-12-06 08:05:31.032312
2008-12-08,18:45,43.6,,38.3,81.7,0.0,SW@11.2,16.0,45.3,0.0,0,"Maryhill, Klickitat County",310025,Maryhill,2017-12-06 08:05:31.032312
2008-12-08,19:00,43.5,,38.6,82.7,0.0,SW@11.3,16.4,45.3,0.0,0,"Maryhill, Klickitat County",310025,Maryhill,2017-12-06 08:05:31.032312
2008-12-08,19:15,43.3,,38.5,83.0,0.0,SW@10.1,13.5,45.3,0.0,0,"Maryhill, Klickitat County",310025,Maryhill,2017-12-06 08:05:31.032312
2008-12-08,19:30,43.1,,38.2,82.7,0.0,SW@10.2,16.0,45.2,0.0,0,"Maryhill, Klickitat County",310025,Maryhill,2017-12-06 08:05:31.032312
2008-12-08,19:45,42.6,,38.3,84.7,0.0,W@10.1,15.7,45.2,0.0,0,"Maryhill, Klickitat County",310025,Maryhill,2017-12-06 08:05:31.032312
2008-12-08,20:00,42.8,,38.1,83.4,0.0,SW@8.8,13.5,45.2,0.0,0,"Maryhill, Klickitat County",310025,Maryhill,2017-12-06 08:05:31.032312
2008-12-08,20:15,43.1,,38.9,85.0,0.0,SW@9.9,15.3,45.2,0.0,0,"Maryhill, Klickitat County",310025,Maryhill,2017-12-06 08:05:31.032312
2008-12-08,20:30,42.9,,38.9,85.7,0.0,W@9.9,17.1,45.1,0.0,0,"Maryhill, Klickitat County",310025,Maryhill,2017-12-06 08:05:31.032312
2008-12-08,20:45,42.2,,38.7,87.2,0.0,W@10.0,16.0,45.1,0.0,0,"Maryhill, Klickitat County",310025,Maryhill,2017-12-06 08:05:31.032312
2008-12-08,21:00,42.0,,38.7,87.8,0.0,W@9.4,15.0,45.1,0.0,0,"Maryhill, Klickitat County",310025,Maryhill,2017-12-06 08:05:31.032312
2008-12-08,21:15,42.5,,38.8,86.7,0.0,SW@8.7,13.2,45.1,0.0,0,"Maryhill, Klickitat County",310025,Maryhill,2017-12-06 08:05:31.032312
2008-12-08,21:30,42.0,,38.7,87.8,0.0,SW@8.7,12.8,45.0,0.0,0,"Maryhill, Klickitat County",310025,Maryhill,2017-12-06 08:05:31.032312
2008-12-08,21:45,41.8,,38.5,87.8,0.0,SW@9.2,12.8,45.0,0.0,0,"Maryhill, Klickitat County",310025,Maryhill,2017-12-06 08:05:31.032312
2008-12-08,22:00,41.4,,38.4,88.8,0.0,SW@7.5,11.4,45.0,0.0,0,"Maryhill, Klickitat County",310025,Maryhill,2017-12-06 08:05:31.032312
2008-12-08,22:15,40.5,,37.7,89.8,0.0,SW@8.8,12.1,44.9,0.0,0,"Maryhill, Klickitat County",310025,Maryhill,2017-12-06 08:05:31.032312
2008-12-08,22:30,40.4,,37.7,90.1,0.0,SW@7.9,12.4,44.9,0.0,0,"Maryhill, Klickitat County",310025,Maryhill,2017-12-06 08:05:31.032312
2008-12-08,22:45,40.1,,38.1,92.4,0.0,W@7.9,11.4,44.8,0.0,0,"Maryhill, Klickitat County",310025,Maryhill,2017-12-06 08:05:31.032312
2008-12-08,23:00,40.8,,38.2,90.2,0.0,SW@7.9,12.4,44.8,0.0,0,"Maryhill, Klickitat County",310025,Maryhill,2017-12-06 08:05:31.032312
2008-12-08,23:15,40.3,,37.4,89.2,0.0,SW@6.9,12.1,44.8,0.0,0,"Maryhill, Klickitat County",310025,Maryhill,2017-12-06 08:05:31.032312
2008-12-08,23:30,39.6,,36.3,87.9,0.0,W@5.6,8.2,44.7,0.0,0,"Maryhill, Klickitat County",310025,Maryhill,2017-12-06 08:05:31.032312
2008-12-08,23:45,40.2,,37.5,90.1,0.0,W@5.5,8.9,44.7,0.0,0,"Maryhill, Klickitat County",310025,Maryhill,2017-12-06 08:05:31.032312
2008-12-08,24:00,40.4,,37.3,88.4,0.0,SW@4.4,8.9,44.7,0.0,0,"Maryhill, Klickitat County",310025,Maryhill,2017-12-06 08:05:31.032312
2008-12-09,00:15,39.7,,36.0,86.3,0.0,NW@3.4,6.0,44.6,0.0,0,"Maryhill, Klickitat County",310025,Maryhill,2017-12-06 08:05:31.032312
2008-12-09,00:30,39.9,,36.5,87.5,0.0,NW@2.8,6.0,44.6,0.0,0,"Maryhill, Klickitat County",310025,Maryhill,2017-12-06 08:05:31.032312
2008-12-09,00:45,39.4,,36.2,88.1,0.0,NW@2.8,4.9,44.5,0.0,0,"Maryhill, Klickitat County",310025,Maryhill,2017-12-06 08:05:31.032312
2008-12-09,01:00,38.2,,35.9,91.5,0.01,NW@4.2,4.9,44.5,0.0,0,"Maryhill, Klickitat County",310025,Maryhill,2017-12-06 08:05:31.032312
2008-12-09,01:15,38.8,,36.6,91.7,0.01,W@3.2,4.9,44.5,0.0,0,"Maryhill, Klickitat County",310025,Maryhill,2017-12-06 08:05:31.032312
2008-12-09,01:30,39.2,,36.7,90.4,0.03,W@1.6,3.5,44.4,0.0,0,"Maryhill, Klickitat County",310025,Maryhill,2017-12-06 08:05:31.032312
2008-12-09,01:45,38.2,,36.4,93.1,0.07,SW@1.4,3.5,44.4,0.0,0,"Maryhill, Klickitat County",310025,Maryhill,2017-12-06 08:05:31.032312
2008-12-09,02:00,38.0,,36.0,92.3,0.12,SW@1.4,3.9,44.3,0.0,0,"Maryhill, Klickitat County",310025,Maryhill,2017-12-06 08:05:31.032312
2008-12-09,02:15,37.2,,35.6,93.8,0.17,W@2.0,3.9,44.3,0.0,0,"Maryhill, Klickitat County",310025,Maryhill,2017-12-06 08:05:31.032312
2008-12-09,02:30,36.8,,35.1,93.7,0.16,NW@3.4,4.6,44.3,0.0,0,"Maryhill, Klickitat County",310025,Maryhill,2017-12-06 08:05:31.032312
2008-12-09,02:45,36.3,,35.0,95.0,0.15,NW@3.6,4.2,44.2,0.0,0,"Maryhill, Klickitat County",310025,Maryhill,2017-12-06 08:05:31.032312
2008-12-09,03:00,36.5,,35.1,94.5,0.16,NW@3.3,4.2,44.2,0.0,0,"Maryhill, Klickitat County",310025,Maryhill,2017-12-06 08:05:31.032312
2008-12-09,03:15,36.8,,35.7,95.9,0.2,W@2.5,3.5,44.1,0.0,0,"Maryhill, Klickitat County",310025,Maryhill,2017-12-06 08:05:31.032312
2008-12-09,03:30,37.5,,35.7,93.1,0.24,W@2.8,3.9,44.1,0.0,0,"Maryhill, Klickitat County",310025,Maryhill,2017-12-06 08:05:31.032312
2008-12-09,03:45,37.1,,34.2,89.2,0.17,W@3.8,4.9,44.0,0.0,0,"Maryhill, Klickitat County",310025,Maryhill,2017-12-06 08:05:31.032312
2008-12-09,04:00,37.0,,34.1,89.2,0.06,W@3.3,4.2,43.9,0.0,0,"Maryhill, Klickitat County",310025,Maryhill,2017-12-06 08:05:31.032312
2008-12-09,04:15,36.4,,33.7,89.8,0.04,W@3.0,4.2,43.9,0.0,0,"Maryhill, Klickitat County",310025,Maryhill,2017-12-06 08:05:31.032312
2008-12-09,04:30,35.4,,33.5,92.8,0.07,W@2.8,4.6,43.8,0.0,0,"Maryhill, Klickitat County",310025,Maryhill,2017-12-06 08:05:31.032312
2008-12-09,04:45,35.3,,33.6,93.3,0.07,NW@3.1,4.2,43.8,0.0,0,"Maryhill, Klickitat County",310025,Maryhill,2017-12-06 08:05:31.032312
2008-12-09,05:00,35.3,,33.7,93.7,0.12,W@2.7,3.5,43.7,0.0,0,"Maryhill, Klickitat County",310025,Maryhill,2017-12-06 08:05:31.032312
2008-12-09,05:15,34.8,,33.6,95.4,0.19,NW@3.0,4.6,43.6,0.0,0,"Maryhill, Klickitat County",310025,Maryhill,2017-12-06 08:05:31.032312
2008-12-09,05:30,34.3,,33.3,96.3,0.19,NW@2.7,4.6,43.6,0.0,0,"Maryhill, Klickitat County",310025,Maryhill,2017-12-06 08:05:31.032312
2008-12-09,05:45,34.7,,33.8,96.6,0.18,NW@1.9,3.1,43.5,0.0,0,"Maryhill, Klickitat County",310025,Maryhill,2017-12-06 08:05:31.032312
2008-12-09,06:00,34.2,,33.6,97.6,0.22,NW@3.0,3.9,43.4,0.0,0,"Maryhill, Klickitat County",310025,Maryhill,2017-12-06 08:05:31.032312
2008-12-09,06:15,34.0,,33.6,98.2,0.21,NW@3.3,4.2,43.4,0.0,0,"Maryhill, Klickitat County",310025,Maryhill,2017-12-06 08:05:31.032312
2008-12-09,06:30,34.3,,33.7,97.6,0.22,W@2.5,3.1,43.3,0.0,0,"Maryhill, Klickitat County",310025,Maryhill,2017-12-06 08:05:31.032312
2008-12-09,06:45,34.6,,33.9,97.3,0.28,W@2.7,3.1,43.2,0.0,0,"Maryhill, Klickitat County",310025,Maryhill,2017-12-06 08:05:31.032312
2008-12-09,07:00,34.4,,33.3,95.6,0.32,W@3.3,4.2,43.2,0.0,0,"Maryhill, Klickitat County",310025,Maryhill,2017-12-06 08:05:31.032312
2008-12-09,07:15,33.9,,33.1,96.7,0.29,SW@2.6,3.9,43.1,0.0,0,"Maryhill, Klickitat County",310025,Maryhill,2017-12-06 08:05:31.032312
2008-12-09,07:30,33.5,,33.1,98.3,0.32,NW@1.1,3.1,43.0,0.0,5,"Maryhill, Klickitat County",310025,Maryhill,2017-12-06 08:05:31.032312
2008-12-09,07:45,33.3,,33.1,98.9,0.36,NW@2.7,3.5,43.0,0.0,9,"Maryhill, Klickitat County",310025,Maryhill,2017-12-06 08:05:31.032312
2008-12-09,08:00,33.7,,32.8,96.2,0.35,NW@2.6,3.5,42.9,0.0,16,"Maryhill, Klickitat County",310025,Maryhill,2017-12-06 08:05:31.032312
2008-12-09,08:15,33.9,,33.1,96.8,0.35,NW@2.7,3.9,42.8,0.0,34,"Maryhill, Klickitat County",310025,Maryhill,2017-12-06 08:05:31.032312
2008-12-09,08:30,34.8,,33.7,95.8,0.32,W@2.4,2.8,42.8,0.0,62,"Maryhill, Klickitat County",310025,Maryhill,2017-12-06 08:05:31.032312
2008-12-09,08:45,36.1,,34.6,94.0,0.27,NW@0.9,3.5,42.7,0.0,107,"Maryhill, Klickitat County",310025,Maryhill,2017-12-06 08:05:31.032312
2008-12-09,09:00,36.7,,34.6,92.0,0.17,E@2.1,2.8,42.7,0.0,88,"Maryhill, Klickitat County",310025,Maryhill,2017-12-06 08:05:31.032312
2008-12-09,09:15,36.7,,34.8,92.8,0.05,E@2.1,3.1,42.6,0.0,131,"Maryhill, Klickitat County",310025,Maryhill,2017-12-06 08:05:31.032312
2008-12-09,09:30,37.4,,35.0,90.9,0.01,SW@0.8,2.4,42.5,0.0,141,"Maryhill, Klickitat County",310025,Maryhill,2017-12-06 08:05:31.032312
2008-12-09,09:45,38.4,,35.5,88.9,0.01,SE@2.8,4.9,42.5,0.0,178,"Maryhill, Klickitat County",310025,Maryhill,2017-12-06 08:05:31.032312
2008-12-09,10:00,38.3,,35.6,89.7,0.0,S@2.7,4.9,42.4,0.0,181,"Maryhill, Klickitat County",310025,Maryhill,2017-12-06 08:05:31.032312
2008-12-09,10:15,39.4,,36.0,87.3,0.0,S@2.5,4.2,42.4,0.0,197,"Maryhill, Klickitat County",310025,Maryhill,2017-12-06 08:05:31.032312
2008-12-09,10:30,39.8,,36.1,86.5,0.0,S@3.6,7.1,42.3,0.0,233,"Maryhill, Klickitat County",310025,Maryhill,2017-12-06 08:05:31.032312
2008-12-09,10:45,39.9,,36.4,87.4,0.0,S@3.9,7.4,42.3,0.0,217,"Maryhill, Klickitat County",310025,Maryhill,2017-12-06 08:05:31.032312
2008-12-09,11:00,39.7,,36.5,88.3,0.0,S@4.3,7.4,42.2,0.0,211,"Maryhill, Klickitat County",310025,Maryhill,2017-12-06 08:05:31.032312
2008-12-09,11:15,39.5,,36.2,87.8,0.0,S@4.3,8.2,42.2,0.0,236,"Maryhill, Klickitat County",310025,Maryhill,2017-12-06 08:05:31.032312
2008-12-09,11:30,40.2,,36.5,86.6,0.0,S@4.6,7.4,42.2,0.0,246,"Maryhill, Klickitat County",310025,Maryhill,2017-12-06 08:05:31.032312
2008-12-09,11:45,40.7,,36.9,86.3,0.0,S@4.4,7.1,42.2,0.0,259,"Maryhill, Klickitat County",310025,Maryhill,2017-12-06 08:05:31.032312
2008-12-09,12:00,41.4,,37.0,84.0,0.0,S@5.0,8.9,42.2,0.0,270,"Maryhill, Klickitat County",310025,Maryhill,2017-12-06 08:05:31.032312
2008-12-09,12:15,42.2,,36.7,80.6,0.0,S@6.0,10.7,42.2,0.0,244,"Maryhill, Klickitat County",310025,Maryhill,2017-12-06 08:05:31.032312
2008-12-09,12:30,41.8,,36.9,82.5,0.0,SW@6.0,9.9,42.2,0.0,215,"Maryhill, Klickitat County",310025,Maryhill,2017-12-06 08:05:31.032312
2008-12-09,12:45,41.6,,36.3,81.3,0.0,SW@5.7,8.5,42.2,0.0,110,"Maryhill, Klickitat County",310025,Maryhill,2017-12-06 08:05:31.032312
2008-12-09,13:00,41.4,,35.6,79.8,0.0,SW@5.4,9.2,42.3,0.0,112,"Maryhill, Klickitat County",310025,Maryhill,2017-12-06 08:05:31.032312
2008-12-09,13:15,41.5,,36.4,81.9,0.0,W@3.1,4.9,42.3,0.0,95,"Maryhill, Klickitat County",310025,Maryhill,2017-12-06 08:05:31.032312
2008-12-09,13:30,41.7,,36.7,82.3,0.0,SE@3.0,4.9,42.4,0.0,103,"Maryhill, Klickitat County",310025,Maryhill,2017-12-06 08:05:31.032312
2008-12-09,13:45,41.6,,36.8,83.0,0.0,SE@1.7,3.9,42.5,0.0,138,"Maryhill, Klickitat County",310025,Maryhill,2017-12-06 08:05:31.032312
2008-12-09,14:00,42.3,,36.8,80.9,0.0,SW@1.7,3.9,42.6,0.0,104,"Maryhill, Klickitat County",310025,Maryhill,2017-12-06 08:05:31.032312
2008-12-09,14:15,42.5,,36.7,79.7,0.0,SW@1.5,3.9,42.6,0.0,80,"Maryhill, Klickitat County",310025,Maryhill,2017-12-06 08:05:31.032312
2008-12-09,14:30,42.2,,37.0,81.7,0.0,SE@2.2,3.9,42.7,0.0,71,"Maryhill, Klickitat County",310025,Maryhill,2017-12-06 08:05:31.032312
2008-12-09,14:45,42.0,,37.2,82.9,0.0,E@0.9,3.5,42.8,0.0,59,"Maryhill, Klickitat County",310025,Maryhill,2017-12-06 08:05:31.032312
2008-12-09,15:00,42.1,,37.3,82.9,0.0,S@0.5,2.8,42.9,0.0,57,"Maryhill, Klickitat County",310025,Maryhill,2017-12-06 08:05:31.032312
2008-12-09,15:15,42.4,,37.5,82.5,0.0,W@1.1,2.4,43.0,0.0,53,"Maryhill, Klickitat County",310025,Maryhill,2017-12-06 08:05:31.032312
2008-12-09,15:30,42.3,,38.1,84.6,0.0,SW@3.4,4.9,43.0,0.0,38,"Maryhill, Klickitat County",310025,Maryhill,2017-12-06 08:05:31.032312
2008-12-09,15:45,42.2,,37.9,84.5,0.0,SW@3.4,4.9,43.1,0.0,23,"Maryhill, Klickitat County",310025,Maryhill,2017-12-06 08:05:31.032312
2008-12-09,16:00,41.9,,37.8,85.2,0.0,SW@3.4,4.9,43.2,0.0,17,"Maryhill, Klickitat County",310025,Maryhill,2017-12-06 08:05:31.032312
2008-12-09,16:15,41.7,,38.1,86.8,0.0,SW@3.2,4.6,43.3,0.0,7,"Maryhill, Klickitat County",310025,Maryhill,2017-12-06 08:05:31.032312
2008-12-09,16:30,41.3,,38.1,88.2,0.0,W@1.7,3.1,43.3,0.0,3,"Maryhill, Klickitat County",310025,Maryhill,2017-12-06 08:05:31.032312
2008-12-09,16:45,40.8,,37.6,88.3,0.0,NW@2.9,4.6,43.4,0.0,0,"Maryhill, Klickitat County",310025,Maryhill,2017-12-06 08:05:31.032312
2008-12-09,17:00,41.0,,37.2,86.4,0.0,W@3.2,4.9,43.4,0.0,0,"Maryhill, Klickitat County",310025,Maryhill,2017-12-06 08:05:31.032312
2008-12-09,17:15,41.3,,37.6,86.7,0.0,S@1.2,4.2,43.5,0.0,0,"Maryhill, Klickitat County",310025,Maryhill,2017-12-06 08:05:31.032312
2008-12-09,17:30,41.4,,37.8,86.8,0.0,S@2.1,3.9,43.6,0.0,0,"Maryhill, Klickitat County",310025,Maryhill,2017-12-06 08:05:31.032312
2008-12-09,17:45,41.3,,38.3,89.0,0.0,SW@0.9,2.8,43.6,0.0,0,"Maryhill, Klickitat County",310025,Maryhill,2017-12-06 08:05:31.032312
2008-12-09,18:00,41.3,,38.8,90.5,0.0,SW@2.2,3.5,43.6,0.0,0,"Maryhill, Klickitat County",310025,Maryhill,2017-12-06 08:05:31.032312
2008-12-09,18:15,41.4,,38.9,90.6,0.0,SW@2.7,4.9,43.7,0.0,0,"Maryhill, Klickitat County",310025,Maryhill,2017-12-06 08:05:31.032312
2008-12-09,18:30,41.4,,38.8,90.1,0.0,W@4.8,7.4,43.7,0.0,0,"Maryhill, Klickitat County",310025,Maryhill,2017-12-06 08:05:31.032312
2008-12-09,18:45,41.3,,38.8,90.7,0.0,W@4.0,7.4,43.7,0.0,0,"Maryhill, Klickitat County",310025,Maryhill,2017-12-06 08:05:31.032312
2008-12-09,19:00,41.0,,38.6,90.9,0.0,SE@3.1,5.7,43.7,0.0,0,"Maryhill, Klickitat County",310025,Maryhill,2017-12-06 08:05:31.032312
2008-12-09,19:15,41.9,,38.7,88.3,0.0,S@2.7,6.0,43.7,0.0,0,"Maryhill, Klickitat County",310025,Maryhill,2017-12-06 08:05:31.032312
2008-12-09,19:30,42.1,,38.7,87.5,0.0,SE@3.8,7.8,43.7,0.0,0,"Maryhill, Klickitat County",310025,Maryhill,2017-12-06 08:05:31.032312
2008-12-09,19:45,42.1,,38.8,88.1,0.0,SW@3.7,8.5,43.7,0.0,0,"Maryhill, Klickitat County",310025,Maryhill,2017-12-06 08:05:31.032312
2008-12-09,20:00,41.9,,39.2,90.4,0.0,SW@5.9,9.2,43.7,0.0,0,"Maryhill, Klickitat County",310025,Maryhill,2017-12-06 08:05:31.032312
2008-12-09,20:15,41.6,,38.8,89.8,0.0,W@3.8,6.4,43.7,0.0,0,"Maryhill, Klickitat County",310025,Maryhill,2017-12-06 08:05:31.032312
2008-12-09,20:30,41.5,,38.3,88.2,0.0,W@2.6,4.9,43.7,0.0,0,"Maryhill, Klickitat County",310025,Maryhill,2017-12-06 08:05:31.032312
2008-12-09,20:45,41.0,,37.8,88.4,0.01,NW@2.8,4.6,43.7,0.0,0,"Maryhill, Klickitat County",310025,Maryhill,2017-12-06 08:05:31.032312
2008-12-09,21:00,40.8,,38.0,89.5,0.01,SW@2.7,6.0,43.7,0.0,0,"Maryhill, Klickitat County",310025,Maryhill,2017-12-06 08:05:31.032312
2008-12-09,21:15,40.5,,37.3,88.1,0.0,W@2.6,5.7,43.7,0.0,0,"Maryhill, Klickitat County",310025,Maryhill,2017-12-06 08:05:31.032312
2008-12-09,21:30,41.0,,38.1,89.3,0.01,SW@1.8,4.6,43.7,0.0,0,"Maryhill, Klickitat County",310025,Maryhill,2017-12-06 08:05:31.032312
2008-12-09,21:45,40.5,,38.6,92.7,0.02,SW@3.1,6.4,43.7,0.0,0,"Maryhill, Klickitat County",310025,Maryhill,2017-12-06 08:05:31.032312
2008-12-09,22:00,39.9,,38.6,95.1,0.02,SW@1.9,5.7,43.7,0.0,0,"Maryhill, Klickitat County",310025,Maryhill,2017-12-06 08:05:31.032312
2008-12-09,22:15,39.5,,38.6,96.3,0.03,W@2.5,5.7,43.7,0.0,0,"Maryhill, Klickitat County",310025,Maryhill,2017-12-06 08:05:31.032312
2008-12-09,22:30,40.2,,39.1,95.5,0.01,SE@2.2,4.6,43.7,0.0,0,"Maryhill, Klickitat County",310025,Maryhill,2017-12-06 08:05:31.032312
2008-12-09,22:45,41.7,,39.0,90.1,0.0,SW@2.5,4.9,43.7,0.0,0,"Maryhill, Klickitat County",310025,Maryhill,2017-12-06 08:05:31.032312
2008-12-09,23:00,42.2,,38.9,87.8,0.0,SW@6.0,10.7,43.7,0.0,0,"Maryhill, Klickitat County",310025,Maryhill,2017-12-06 08:05:31.032312
2008-12-09,23:15,41.8,,38.5,88.0,0.0,SW@8.2,12.4,43.6,0.0,0,"Maryhill, Klickitat County",310025,Maryhill,2017-12-06 08:05:31.032312
2008-12-09,23:30,41.2,,38.5,89.7,0.0,SW@7.6,10.7,43.6,0.0,0,"Maryhill, Klickitat County",310025,Maryhill,2017-12-06 08:05:31.032312
2008-12-09,23:45,41.3,,38.2,88.7,0.0,SW@4.9,7.8,43.6,0.0,0,"Maryhill, Klickitat County",310025,Maryhill,2017-12-06 08:05:31.032312
2008-12-09,24:00,40.8,,38.6,91.9,0.01,SW@5.2,9.9,43.6,0.0,0,"Maryhill, Klickitat County",310025,Maryhill,2017-12-06 08:05:31.032312
