Date,Time PST,Air Temp °F, 2<sup>nd</sup> Air Temp °F, Dew Point °F, Rel Hum %, Leaf Wet u., Wind Dir @ Speed mph, Wind Gust mph, 8 in. Soil Tmp °F, Tot Prec in, Solar Rad W/m²,Location,Station ID,Station Name,Download Timestamp
2008-07-18,00:15,51.3,,50.7,98.0,0.92,SE@2.0,2.8,65.1,0.0,0,"Ten Mile, Whatcom County",330025,Ten Mile,2017-12-05 22:22:33.413045
2008-07-18,00:30,51.1,,50.8,98.6,0.93,SW@2.1,3.1,65.1,0.0,0,"Ten Mile, Whatcom County",330025,Ten Mile,2017-12-05 22:22:33.413045
2008-07-18,00:45,50.6,,50.3,98.7,0.94,SW@2.8,3.5,65.0,0.0,0,"Ten Mile, Whatcom County",330025,Ten Mile,2017-12-05 22:22:33.413045
2008-07-18,01:00,50.0,,49.7,98.9,0.95,S@2.1,3.1,64.9,0.0,0,"Ten Mile, Whatcom County",330025,Ten Mile,2017-12-05 22:22:33.413045
2008-07-18,01:15,49.3,,49.1,99.2,0.99,SW@3.0,3.9,64.9,0.0,0,"Ten Mile, Whatcom County",330025,Ten Mile,2017-12-05 22:22:33.413045
2008-07-18,01:30,48.7,,48.7,99.8,1.0,SW@3.5,4.6,64.8,0.0,0,"Ten Mile, Whatcom County",330025,Ten Mile,2017-12-05 22:22:33.413045
2008-07-18,01:45,48.5,,48.4,99.9,1.0,S@2.1,4.2,64.7,0.0,0,"Ten Mile, Whatcom County",330025,Ten Mile,2017-12-05 22:22:33.413045
2008-07-18,02:00,48.9,,48.8,99.4,1.0,S@2.3,2.8,64.7,0.0,0,"Ten Mile, Whatcom County",330025,Ten Mile,2017-12-05 22:22:33.413045
2008-07-18,02:15,49.1,,49.0,99.7,1.0,SE@2.0,2.8,64.6,0.0,0,"Ten Mile, Whatcom County",330025,Ten Mile,2017-12-05 22:22:33.413045
2008-07-18,02:30,48.9,,48.9,99.9,1.0,SE@2.1,2.8,64.5,0.0,0,"Ten Mile, Whatcom County",330025,Ten Mile,2017-12-05 22:22:33.413045
2008-07-18,02:45,48.4,,48.3,99.7,1.0,S@2.6,3.9,64.4,0.0,0,"Ten Mile, Whatcom County",330025,Ten Mile,2017-12-05 22:22:33.413045
2008-07-18,03:00,48.4,,48.4,99.6,1.0,SE@1.6,3.1,64.3,0.0,0,"Ten Mile, Whatcom County",330025,Ten Mile,2017-12-05 22:22:33.413045
2008-07-18,03:15,48.3,,48.2,99.8,1.0,SW@2.3,3.1,64.2,0.0,0,"Ten Mile, Whatcom County",330025,Ten Mile,2017-12-05 22:22:33.413045
2008-07-18,03:30,48.9,,48.9,99.9,1.0,S@2.6,3.9,64.2,0.0,0,"Ten Mile, Whatcom County",330025,Ten Mile,2017-12-05 22:22:33.413045
2008-07-18,03:45,50.1,,49.7,98.3,1.0,S@3.2,4.2,64.1,0.0,0,"Ten Mile, Whatcom County",330025,Ten Mile,2017-12-05 22:22:33.413045
2008-07-18,04:00,50.4,,49.8,98.0,1.0,SW@2.7,3.5,64.0,0.0,0,"Ten Mile, Whatcom County",330025,Ten Mile,2017-12-05 22:22:33.413045
2008-07-18,04:15,50.6,,50.0,97.9,1.0,SW@3.2,4.6,63.9,0.0,0,"Ten Mile, Whatcom County",330025,Ten Mile,2017-12-05 22:22:33.413045
2008-07-18,04:30,51.6,,50.7,96.7,1.0,SW@2.5,3.9,63.8,0.0,2,"Ten Mile, Whatcom County",330025,Ten Mile,2017-12-05 22:22:33.413045
2008-07-18,04:45,52.5,,51.2,95.3,1.0,SW@3.0,5.7,63.7,0.0,6,"Ten Mile, Whatcom County",330025,Ten Mile,2017-12-05 22:22:33.413045
2008-07-18,05:00,52.9,,51.5,95.0,1.0,S@4.1,6.0,63.6,0.0,16,"Ten Mile, Whatcom County",330025,Ten Mile,2017-12-05 22:22:33.413045
2008-07-18,05:15,53.3,,51.8,94.4,1.0,S@4.8,8.5,63.5,0.0,22,"Ten Mile, Whatcom County",330025,Ten Mile,2017-12-05 22:22:33.413045
2008-07-18,05:30,53.8,,52.0,93.8,0.96,S@5.6,8.9,63.5,0.0,27,"Ten Mile, Whatcom County",330025,Ten Mile,2017-12-05 22:22:33.413045
2008-07-18,05:45,54.0,,52.2,93.4,0.68,S@5.4,8.2,63.4,0.0,50,"Ten Mile, Whatcom County",330025,Ten Mile,2017-12-05 22:22:33.413045
2008-07-18,06:00,54.5,,52.5,92.6,0.06,S@6.3,9.2,63.3,0.0,88,"Ten Mile, Whatcom County",330025,Ten Mile,2017-12-05 22:22:33.413045
2008-07-18,06:15,54.9,,52.5,91.6,0.03,S@8.0,12.4,63.2,0.0,68,"Ten Mile, Whatcom County",330025,Ten Mile,2017-12-05 22:22:33.413045
2008-07-18,06:30,55.1,,52.6,91.1,0.02,S@8.6,13.9,63.1,0.0,89,"Ten Mile, Whatcom County",330025,Ten Mile,2017-12-05 22:22:33.413045
2008-07-18,06:45,55.5,,52.8,90.4,0.02,S@9.2,13.9,63.0,0.0,95,"Ten Mile, Whatcom County",330025,Ten Mile,2017-12-05 22:22:33.413045
2008-07-18,07:00,55.6,,52.5,89.4,0.01,S@9.6,14.2,62.9,0.0,93,"Ten Mile, Whatcom County",330025,Ten Mile,2017-12-05 22:22:33.413045
2008-07-18,07:15,56.0,,52.6,88.3,0.01,S@9.9,14.6,62.9,0.0,108,"Ten Mile, Whatcom County",330025,Ten Mile,2017-12-05 22:22:33.413045
2008-07-18,07:30,56.4,,52.8,87.6,0.01,S@9.5,13.5,62.8,0.0,130,"Ten Mile, Whatcom County",330025,Ten Mile,2017-12-05 22:22:33.413045
2008-07-18,07:45,56.5,,53.0,88.2,0.01,S@9.3,13.9,62.7,0.0,100,"Ten Mile, Whatcom County",330025,Ten Mile,2017-12-05 22:22:33.413045
2008-07-18,08:00,56.5,,53.0,88.2,0.01,S@9.9,13.9,62.7,0.0,122,"Ten Mile, Whatcom County",330025,Ten Mile,2017-12-05 22:22:33.413045
2008-07-18,08:15,56.5,,53.1,88.2,0.01,S@9.1,13.5,62.6,0.0,145,"Ten Mile, Whatcom County",330025,Ten Mile,2017-12-05 22:22:33.413045
2008-07-18,08:30,56.9,,53.4,87.9,0.01,S@9.8,14.2,62.5,0.0,189,"Ten Mile, Whatcom County",330025,Ten Mile,2017-12-05 22:22:33.413045
2008-07-18,08:45,56.9,,53.4,87.9,0.01,SW@11.1,15.3,62.5,0.0,183,"Ten Mile, Whatcom County",330025,Ten Mile,2017-12-05 22:22:33.413045
2008-07-18,09:00,57.2,,53.5,87.5,0.01,S@10.8,14.6,62.4,0.0,202,"Ten Mile, Whatcom County",330025,Ten Mile,2017-12-05 22:22:33.413045
2008-07-18,09:15,57.7,,54.0,87.4,0.01,SW@9.0,13.5,62.4,0.0,199,"Ten Mile, Whatcom County",330025,Ten Mile,2017-12-05 22:22:33.413045
2008-07-18,09:30,58.0,,54.4,87.5,0.01,SW@9.3,14.2,62.4,0.0,245,"Ten Mile, Whatcom County",330025,Ten Mile,2017-12-05 22:22:33.413045
2008-07-18,09:45,58.2,,54.5,87.5,0.0,SW@9.1,13.5,62.3,0.0,264,"Ten Mile, Whatcom County",330025,Ten Mile,2017-12-05 22:22:33.413045
2008-07-18,10:00,59.0,,54.9,86.2,0.0,SW@8.7,13.5,62.3,0.0,324,"Ten Mile, Whatcom County",330025,Ten Mile,2017-12-05 22:22:33.413045
2008-07-18,10:15,59.6,,55.3,85.4,0.0,SW@9.9,14.2,62.2,0.0,416,"Ten Mile, Whatcom County",330025,Ten Mile,2017-12-05 22:22:33.413045
2008-07-18,10:30,60.3,,55.6,84.5,0.0,SW@9.8,13.5,62.2,0.0,478,"Ten Mile, Whatcom County",330025,Ten Mile,2017-12-05 22:22:33.413045
2008-07-18,10:45,61.0,,56.0,83.3,0.0,SW@9.4,12.8,62.1,0.0,564,"Ten Mile, Whatcom County",330025,Ten Mile,2017-12-05 22:22:33.413045
2008-07-18,11:00,62.0,,56.2,81.3,0.0,SW@9.0,13.2,62.1,0.0,607,"Ten Mile, Whatcom County",330025,Ten Mile,2017-12-05 22:22:33.413045
2008-07-18,11:15,62.6,,56.6,80.6,0.0,SW@9.2,13.2,62.1,0.0,682,"Ten Mile, Whatcom County",330025,Ten Mile,2017-12-05 22:22:33.413045
2008-07-18,11:30,62.4,,56.2,80.2,0.0,SW@9.9,13.2,62.1,0.0,627,"Ten Mile, Whatcom County",330025,Ten Mile,2017-12-05 22:22:33.413045
2008-07-18,11:45,63.2,,56.7,79.0,0.0,SW@9.0,12.1,62.1,0.0,694,"Ten Mile, Whatcom County",330025,Ten Mile,2017-12-05 22:22:33.413045
2008-07-18,12:00,63.9,,56.8,77.5,0.0,SW@8.6,13.2,62.1,0.0,783,"Ten Mile, Whatcom County",330025,Ten Mile,2017-12-05 22:22:33.413045
2008-07-18,12:15,65.7,,57.1,73.7,0.0,SW@8.2,12.4,62.1,0.0,1017,"Ten Mile, Whatcom County",330025,Ten Mile,2017-12-05 22:22:33.413045
2008-07-18,12:30,65.8,,56.2,71.2,0.0,SW@9.0,16.7,62.1,0.0,919,"Ten Mile, Whatcom County",330025,Ten Mile,2017-12-05 22:22:33.413045
2008-07-18,12:45,66.0,,55.9,69.8,0.0,SW@8.5,12.8,62.1,0.0,970,"Ten Mile, Whatcom County",330025,Ten Mile,2017-12-05 22:22:33.413045
2008-07-18,13:00,65.7,,55.7,70.1,0.0,SW@8.5,13.9,62.1,0.0,636,"Ten Mile, Whatcom County",330025,Ten Mile,2017-12-05 22:22:33.413045
2008-07-18,13:15,65.4,,55.7,70.9,0.0,W@9.8,14.2,62.1,0.0,816,"Ten Mile, Whatcom County",330025,Ten Mile,2017-12-05 22:22:33.413045
2008-07-18,13:30,66.8,,55.4,66.8,0.0,SW@8.7,14.2,62.2,0.0,912,"Ten Mile, Whatcom County",330025,Ten Mile,2017-12-05 22:22:33.413045
2008-07-18,13:45,67.0,,55.6,66.8,0.0,SW@8.7,13.9,62.2,0.0,844,"Ten Mile, Whatcom County",330025,Ten Mile,2017-12-05 22:22:33.413045
2008-07-18,14:00,66.9,,55.3,66.4,0.0,SW@8.4,13.5,62.3,0.0,811,"Ten Mile, Whatcom County",330025,Ten Mile,2017-12-05 22:22:33.413045
2008-07-18,14:15,66.9,,55.2,66.0,0.0,SW@7.3,12.4,62.3,0.0,781,"Ten Mile, Whatcom County",330025,Ten Mile,2017-12-05 22:22:33.413045
2008-07-18,14:30,67.3,,55.4,65.5,0.0,SW@7.4,12.8,62.4,0.0,764,"Ten Mile, Whatcom County",330025,Ten Mile,2017-12-05 22:22:33.413045
2008-07-18,14:45,67.2,,55.1,65.2,0.0,SW@7.8,12.8,62.5,0.0,754,"Ten Mile, Whatcom County",330025,Ten Mile,2017-12-05 22:22:33.413045
2008-07-18,15:00,68.0,,55.5,64.1,0.0,SW@7.2,11.0,62.6,0.0,768,"Ten Mile, Whatcom County",330025,Ten Mile,2017-12-05 22:22:33.413045
2008-07-18,15:15,68.1,,55.3,63.5,0.0,SW@7.5,12.8,62.7,0.0,688,"Ten Mile, Whatcom County",330025,Ten Mile,2017-12-05 22:22:33.413045
2008-07-18,15:30,67.8,,55.3,64.1,0.0,W@8.9,13.5,62.8,0.0,661,"Ten Mile, Whatcom County",330025,Ten Mile,2017-12-05 22:22:33.413045
2008-07-18,15:45,67.2,,55.4,65.9,0.0,SW@8.4,12.8,62.9,0.0,645,"Ten Mile, Whatcom County",330025,Ten Mile,2017-12-05 22:22:33.413045
2008-07-18,16:00,67.2,,55.4,65.7,0.0,SW@7.8,12.4,63.0,0.0,438,"Ten Mile, Whatcom County",330025,Ten Mile,2017-12-05 22:22:33.413045
2008-07-18,16:15,66.9,,55.4,66.6,0.0,SW@8.3,11.7,63.1,0.0,435,"Ten Mile, Whatcom County",330025,Ten Mile,2017-12-05 22:22:33.413045
2008-07-18,16:30,66.9,,55.9,67.5,0.0,SW@7.4,11.4,63.2,0.0,468,"Ten Mile, Whatcom County",330025,Ten Mile,2017-12-05 22:22:33.413045
2008-07-18,16:45,68.0,,55.9,65.1,0.0,SW@8.2,12.1,63.3,0.0,517,"Ten Mile, Whatcom County",330025,Ten Mile,2017-12-05 22:22:33.413045
2008-07-18,17:00,67.3,,55.8,66.6,0.0,SW@8.7,12.1,63.4,0.0,438,"Ten Mile, Whatcom County",330025,Ten Mile,2017-12-05 22:22:33.413045
2008-07-18,17:15,66.9,,55.6,67.1,0.0,SW@8.7,12.1,63.6,0.0,387,"Ten Mile, Whatcom County",330025,Ten Mile,2017-12-05 22:22:33.413045
2008-07-18,17:30,66.5,,55.6,67.9,0.0,SW@8.1,11.0,63.7,0.0,346,"Ten Mile, Whatcom County",330025,Ten Mile,2017-12-05 22:22:33.413045
2008-07-18,17:45,66.4,,55.5,68.1,0.0,SW@7.8,11.4,63.8,0.0,308,"Ten Mile, Whatcom County",330025,Ten Mile,2017-12-05 22:22:33.413045
2008-07-18,18:00,66.0,,55.1,67.7,0.0,SW@7.7,9.9,63.9,0.0,264,"Ten Mile, Whatcom County",330025,Ten Mile,2017-12-05 22:22:33.413045
2008-07-18,18:15,65.7,,54.7,67.5,0.0,SW@7.6,10.7,64.0,0.0,226,"Ten Mile, Whatcom County",330025,Ten Mile,2017-12-05 22:22:33.413045
2008-07-18,18:30,65.4,,54.7,68.4,0.0,SW@7.1,10.3,64.1,0.0,191,"Ten Mile, Whatcom County",330025,Ten Mile,2017-12-05 22:22:33.413045
2008-07-18,18:45,64.9,,54.7,69.3,0.0,SW@7.4,10.3,64.2,0.0,154,"Ten Mile, Whatcom County",330025,Ten Mile,2017-12-05 22:22:33.413045
2008-07-18,19:00,64.2,,54.6,70.9,0.0,SW@7.3,11.0,64.3,0.0,118,"Ten Mile, Whatcom County",330025,Ten Mile,2017-12-05 22:22:33.413045
2008-07-18,19:15,63.3,,54.6,73.3,0.0,SW@6.5,9.9,64.3,0.0,87,"Ten Mile, Whatcom County",330025,Ten Mile,2017-12-05 22:22:33.413045
2008-07-18,19:30,62.3,,54.6,75.9,0.0,SW@5.8,7.8,64.4,0.0,59,"Ten Mile, Whatcom County",330025,Ten Mile,2017-12-05 22:22:33.413045
2008-07-18,19:45,61.3,,54.7,78.7,0.0,SW@4.2,6.4,64.5,0.0,34,"Ten Mile, Whatcom County",330025,Ten Mile,2017-12-05 22:22:33.413045
2008-07-18,20:00,60.3,,54.4,80.7,0.01,SW@3.6,5.7,64.5,0.0,15,"Ten Mile, Whatcom County",330025,Ten Mile,2017-12-05 22:22:33.413045
2008-07-18,20:15,59.1,,54.0,83.2,0.04,SW@2.8,4.2,64.6,0.0,4,"Ten Mile, Whatcom County",330025,Ten Mile,2017-12-05 22:22:33.413045
2008-07-18,20:30,57.9,,54.1,87.0,0.24,S@2.0,2.8,64.6,0.0,1,"Ten Mile, Whatcom County",330025,Ten Mile,2017-12-05 22:22:33.413045
2008-07-18,20:45,56.5,,53.7,90.5,0.6,S@2.0,3.1,64.7,0.0,0,"Ten Mile, Whatcom County",330025,Ten Mile,2017-12-05 22:22:33.413045
2008-07-18,21:00,56.1,,54.0,92.8,0.8,S@2.1,2.8,64.7,0.0,0,"Ten Mile, Whatcom County",330025,Ten Mile,2017-12-05 22:22:33.413045
2008-07-18,21:15,55.0,,53.3,94.0,0.86,S@2.3,3.1,64.7,0.0,0,"Ten Mile, Whatcom County",330025,Ten Mile,2017-12-05 22:22:33.413045
2008-07-18,21:30,55.5,,53.7,93.5,0.9,S@2.9,4.2,64.8,0.0,0,"Ten Mile, Whatcom County",330025,Ten Mile,2017-12-05 22:22:33.413045
2008-07-18,21:45,54.5,,52.8,93.7,0.91,S@2.3,3.1,64.8,0.0,0,"Ten Mile, Whatcom County",330025,Ten Mile,2017-12-05 22:22:33.413045
2008-07-18,22:00,55.9,,53.2,90.5,0.92,S@2.4,3.9,64.8,0.0,0,"Ten Mile, Whatcom County",330025,Ten Mile,2017-12-05 22:22:33.413045
2008-07-18,22:15,54.8,,52.2,91.0,0.92,E@1.8,3.1,64.8,0.0,0,"Ten Mile, Whatcom County",330025,Ten Mile,2017-12-05 22:22:33.413045
2008-07-18,22:30,53.4,,52.5,96.7,0.93,SW@0.6,2.1,64.7,0.0,0,"Ten Mile, Whatcom County",330025,Ten Mile,2017-12-05 22:22:33.413045
2008-07-18,22:45,52.6,,52.1,98.2,0.94,SE@1.4,3.9,64.7,0.0,0,"Ten Mile, Whatcom County",330025,Ten Mile,2017-12-05 22:22:33.413045
2008-07-18,23:00,52.8,,52.5,98.7,0.98,S@0.5,1.7,64.7,0.0,0,"Ten Mile, Whatcom County",330025,Ten Mile,2017-12-05 22:22:33.413045
2008-07-19,23:15,51.2,,50.9,98.7,1.0,SW@2.3,3.5,64.7,0.0,0,"Ten Mile, Whatcom County",330025,Ten Mile,2017-12-05 22:22:33.413045
2008-07-19,23:30,51.1,,51.1,99.9,1.0,S@1.8,2.8,64.6,0.0,0,"Ten Mile, Whatcom County",330025,Ten Mile,2017-12-05 22:22:33.413045
2008-07-19,23:45,51.1,,51.0,99.7,1.0,S@1.5,2.8,64.6,0.0,0,"Ten Mile, Whatcom County",330025,Ten Mile,2017-12-05 22:22:33.413045
2008-07-19,24:00,50.8,,50.8,99.8,1.0,S@0.7,2.1,64.5,0.0,0,"Ten Mile, Whatcom County",330025,Ten Mile,2017-12-05 22:22:33.413045
2008-07-19,00:15,50.2,,50.2,99.9,1.0,SE@0.8,2.1,64.4,0.0,0,"Ten Mile, Whatcom County",330025,Ten Mile,2017-12-05 22:22:33.413045
2008-07-19,00:30,49.4,,49.4,100.0,1.0,E@1.9,2.8,64.4,0.0,0,"Ten Mile, Whatcom County",330025,Ten Mile,2017-12-05 22:22:33.413045
2008-07-19,00:45,49.5,,49.5,100.0,1.0,E@1.0,2.4,64.3,0.0,0,"Ten Mile, Whatcom County",330025,Ten Mile,2017-12-05 22:22:33.413045
2008-07-19,01:00,48.4,,48.4,100.0,1.0,SW@1.3,2.1,64.3,0.0,0,"Ten Mile, Whatcom County",330025,Ten Mile,2017-12-05 22:22:33.413045
2008-07-19,01:15,47.8,,47.9,100.0,1.0,E@0.9,2.1,64.2,0.0,0,"Ten Mile, Whatcom County",330025,Ten Mile,2017-12-05 22:22:33.413045
2008-07-19,01:30,47.5,,47.5,99.9,1.0,S@1.0,2.1,64.1,0.0,0,"Ten Mile, Whatcom County",330025,Ten Mile,2017-12-05 22:22:33.413045
2008-07-19,01:45,48.2,,48.2,99.9,1.0,S@1.8,2.1,64.1,0.0,0,"Ten Mile, Whatcom County",330025,Ten Mile,2017-12-05 22:22:33.413045
2008-07-19,02:00,48.5,,48.4,99.9,1.0,S@1.5,2.8,64.0,0.0,0,"Ten Mile, Whatcom County",330025,Ten Mile,2017-12-05 22:22:33.413045
2008-07-19,02:15,48.1,,48.1,100.0,1.0,SW@1.7,3.1,63.9,0.0,0,"Ten Mile, Whatcom County",330025,Ten Mile,2017-12-05 22:22:33.413045
2008-07-19,02:30,47.0,,47.0,100.0,1.0,SW@2.4,3.5,63.8,0.0,0,"Ten Mile, Whatcom County",330025,Ten Mile,2017-12-05 22:22:33.413045
2008-07-19,02:45,47.0,,47.0,100.0,1.0,S@0.9,2.8,63.7,0.0,0,"Ten Mile, Whatcom County",330025,Ten Mile,2017-12-05 22:22:33.413045
2008-07-19,03:00,46.7,,46.7,100.0,1.0,SE@0.3,1.7,63.6,0.0,0,"Ten Mile, Whatcom County",330025,Ten Mile,2017-12-05 22:22:33.413045
2008-07-19,03:15,46.0,,46.0,100.0,1.0,S@2.0,2.4,63.6,0.0,0,"Ten Mile, Whatcom County",330025,Ten Mile,2017-12-05 22:22:33.413045
2008-07-19,03:30,47.1,,47.1,100.0,1.0,SE@1.8,2.8,63.5,0.0,0,"Ten Mile, Whatcom County",330025,Ten Mile,2017-12-05 22:22:33.413045
2008-07-19,03:45,46.1,,46.1,100.0,1.0,NE@2.3,3.1,63.4,0.0,0,"Ten Mile, Whatcom County",330025,Ten Mile,2017-12-05 22:22:33.413045
2008-07-19,04:00,45.2,,45.3,100.0,1.0,NE@2.2,3.1,63.3,0.0,0,"Ten Mile, Whatcom County",330025,Ten Mile,2017-12-05 22:22:33.413045
2008-07-19,04:15,45.2,,45.2,100.0,1.0,E@1.8,2.4,63.2,0.0,1,"Ten Mile, Whatcom County",330025,Ten Mile,2017-12-05 22:22:33.413045
2008-07-19,04:30,44.7,,44.7,100.0,1.0,W@1.5,3.1,63.1,0.0,3,"Ten Mile, Whatcom County",330025,Ten Mile,2017-12-05 22:22:33.413045
2008-07-19,04:45,44.1,,44.1,99.9,1.0,SW@0.7,2.1,63.0,0.0,7,"Ten Mile, Whatcom County",330025,Ten Mile,2017-12-05 22:22:33.413045
2008-07-19,05:00,45.1,,45.1,100.0,1.0,W@0.9,2.4,62.9,0.0,15,"Ten Mile, Whatcom County",330025,Ten Mile,2017-12-05 22:22:33.413045
2008-07-19,05:15,45.3,,45.3,100.0,1.0,SE@1.5,2.8,62.8,0.0,20,"Ten Mile, Whatcom County",330025,Ten Mile,2017-12-05 22:22:33.413045
2008-07-19,05:30,46.1,,46.1,100.0,1.0,N@0.0,0.0,62.8,0.0,27,"Ten Mile, Whatcom County",330025,Ten Mile,2017-12-05 22:22:33.413045
2008-07-19,05:45,46.7,,46.7,100.0,1.0,N@0.0,0.0,62.7,0.0,89,"Ten Mile, Whatcom County",330025,Ten Mile,2017-12-05 22:22:33.413045
2008-07-19,06:00,49.3,,49.3,100.0,1.0,SW@0.3,1.7,62.6,0.0,150,"Ten Mile, Whatcom County",330025,Ten Mile,2017-12-05 22:22:33.413045
2008-07-19,06:15,50.7,,50.7,100.0,1.0,NW@1.4,2.4,62.5,0.0,182,"Ten Mile, Whatcom County",330025,Ten Mile,2017-12-05 22:22:33.413045
2008-07-19,06:30,53.2,,53.2,100.0,1.0,E@1.3,2.1,62.4,0.0,219,"Ten Mile, Whatcom County",330025,Ten Mile,2017-12-05 22:22:33.413045
2008-07-19,06:45,55.2,,54.9,98.9,1.0,S@0.8,2.1,62.3,0.0,202,"Ten Mile, Whatcom County",330025,Ten Mile,2017-12-05 22:22:33.413045
2008-07-19,07:00,56.4,,55.7,97.6,1.0,SW@1.6,2.4,62.2,0.0,288,"Ten Mile, Whatcom County",330025,Ten Mile,2017-12-05 22:22:33.413045
2008-07-19,07:15,58.0,,56.2,93.5,1.0,SW@3.0,6.7,62.1,0.0,350,"Ten Mile, Whatcom County",330025,Ten Mile,2017-12-05 22:22:33.413045
2008-07-19,07:30,57.5,,55.6,93.4,1.0,W@4.8,7.8,62.0,0.0,384,"Ten Mile, Whatcom County",330025,Ten Mile,2017-12-05 22:22:33.413045
2008-07-19,07:45,58.2,,55.7,91.2,1.0,W@5.7,8.5,62.0,0.0,425,"Ten Mile, Whatcom County",330025,Ten Mile,2017-12-05 22:22:33.413045
2008-07-19,08:00,58.9,,55.7,89.3,0.91,SW@5.6,7.8,61.9,0.0,456,"Ten Mile, Whatcom County",330025,Ten Mile,2017-12-05 22:22:33.413045
2008-07-19,08:15,59.4,,55.8,87.5,0.15,W@5.4,7.8,61.8,0.0,498,"Ten Mile, Whatcom County",330025,Ten Mile,2017-12-05 22:22:33.413045
2008-07-19,08:30,60.4,,56.1,85.7,0.01,W@5.6,8.5,61.7,0.0,536,"Ten Mile, Whatcom County",330025,Ten Mile,2017-12-05 22:22:33.413045
2008-07-19,08:45,60.5,,56.1,85.4,0.01,W@6.8,10.3,61.6,0.0,572,"Ten Mile, Whatcom County",330025,Ten Mile,2017-12-05 22:22:33.413045
2008-07-19,09:00,60.6,,56.2,85.3,0.01,W@8.0,11.0,61.6,0.0,608,"Ten Mile, Whatcom County",330025,Ten Mile,2017-12-05 22:22:33.413045
2008-07-19,09:15,61.1,,56.3,84.2,0.0,W@8.0,10.7,61.5,0.0,642,"Ten Mile, Whatcom County",330025,Ten Mile,2017-12-05 22:22:33.413045
2008-07-19,09:30,61.3,,56.4,83.7,0.0,W@8.0,10.7,61.5,0.0,674,"Ten Mile, Whatcom County",330025,Ten Mile,2017-12-05 22:22:33.413045
2008-07-19,09:45,61.8,,56.5,82.6,0.0,SW@7.9,11.0,61.4,0.0,705,"Ten Mile, Whatcom County",330025,Ten Mile,2017-12-05 22:22:33.413045
2008-07-19,10:00,62.1,,56.7,82.4,0.0,W@7.8,11.0,61.4,0.0,734,"Ten Mile, Whatcom County",330025,Ten Mile,2017-12-05 22:22:33.413045
2008-07-19,10:15,62.5,,56.9,81.8,0.0,W@8.2,12.1,61.4,0.0,759,"Ten Mile, Whatcom County",330025,Ten Mile,2017-12-05 22:22:33.413045
2008-07-19,10:30,63.0,,57.0,80.7,0.0,SW@7.6,10.3,61.4,0.0,780,"Ten Mile, Whatcom County",330025,Ten Mile,2017-12-05 22:22:33.413045
2008-07-19,10:45,63.3,,57.1,80.1,0.0,SW@8.1,10.7,61.4,0.0,798,"Ten Mile, Whatcom County",330025,Ten Mile,2017-12-05 22:22:33.413045
2008-07-19,11:00,63.2,,56.8,79.6,0.0,SW@8.6,12.1,61.4,0.0,814,"Ten Mile, Whatcom County",330025,Ten Mile,2017-12-05 22:22:33.413045
2008-07-19,11:15,63.3,,56.6,78.5,0.0,SW@9.4,12.4,61.4,0.0,829,"Ten Mile, Whatcom County",330025,Ten Mile,2017-12-05 22:22:33.413045
2008-07-19,11:30,63.9,,56.7,77.6,0.0,SW@8.4,12.1,61.4,0.0,842,"Ten Mile, Whatcom County",330025,Ten Mile,2017-12-05 22:22:33.413045
2008-07-19,11:45,64.9,,57.3,76.5,0.0,SW@7.8,10.7,61.4,0.0,851,"Ten Mile, Whatcom County",330025,Ten Mile,2017-12-05 22:22:33.413045
2008-07-19,12:00,65.0,,57.2,75.7,0.0,SW@8.8,12.1,61.4,0.0,856,"Ten Mile, Whatcom County",330025,Ten Mile,2017-12-05 22:22:33.413045
2008-07-19,12:15,65.5,,57.4,75.0,0.0,SW@8.9,12.4,61.5,0.0,859,"Ten Mile, Whatcom County",330025,Ten Mile,2017-12-05 22:22:33.413045
2008-07-19,12:30,65.9,,57.5,74.2,0.0,SW@8.9,13.2,61.5,0.0,860,"Ten Mile, Whatcom County",330025,Ten Mile,2017-12-05 22:22:33.413045
2008-07-19,12:45,66.4,,57.8,73.7,0.0,SW@8.0,12.8,61.6,0.0,856,"Ten Mile, Whatcom County",330025,Ten Mile,2017-12-05 22:22:33.413045
2008-07-19,13:00,66.6,,57.2,71.7,0.0,W@8.7,12.1,61.7,0.0,849,"Ten Mile, Whatcom County",330025,Ten Mile,2017-12-05 22:22:33.413045
2008-07-19,13:15,67.1,,56.7,69.2,0.0,SW@8.3,11.4,61.8,0.0,840,"Ten Mile, Whatcom County",330025,Ten Mile,2017-12-05 22:22:33.413045
2008-07-19,13:30,68.1,,57.1,67.9,0.0,SW@7.9,12.1,61.9,0.0,828,"Ten Mile, Whatcom County",330025,Ten Mile,2017-12-05 22:22:33.413045
2008-07-19,13:45,68.6,,57.8,68.5,0.0,SW@7.9,11.4,62.0,0.0,814,"Ten Mile, Whatcom County",330025,Ten Mile,2017-12-05 22:22:33.413045
2008-07-19,14:00,69.3,,57.6,66.5,0.0,SW@6.9,11.0,62.1,0.0,798,"Ten Mile, Whatcom County",330025,Ten Mile,2017-12-05 22:22:33.413045
2008-07-19,14:15,70.0,,57.1,63.6,0.0,SW@6.5,9.2,62.2,0.0,780,"Ten Mile, Whatcom County",330025,Ten Mile,2017-12-05 22:22:33.413045
2008-07-19,14:30,70.3,,56.7,61.9,0.0,SW@6.3,9.2,62.3,0.0,759,"Ten Mile, Whatcom County",330025,Ten Mile,2017-12-05 22:22:33.413045
2008-07-19,14:45,70.6,,57.3,62.5,0.0,SW@6.1,9.9,62.4,0.0,736,"Ten Mile, Whatcom County",330025,Ten Mile,2017-12-05 22:22:33.413045
2008-07-19,15:00,70.9,,56.9,61.2,0.0,SW@6.5,10.3,62.6,0.0,705,"Ten Mile, Whatcom County",330025,Ten Mile,2017-12-05 22:22:33.413045
2008-07-19,15:15,71.0,,57.2,61.7,0.0,SW@6.7,10.3,62.7,0.0,676,"Ten Mile, Whatcom County",330025,Ten Mile,2017-12-05 22:22:33.413045
2008-07-19,15:30,71.1,,57.8,62.7,0.0,SW@6.7,10.7,62.8,0.0,645,"Ten Mile, Whatcom County",330025,Ten Mile,2017-12-05 22:22:33.413045
2008-07-19,15:45,71.1,,58.0,63.2,0.0,SW@7.3,11.7,63.0,0.0,612,"Ten Mile, Whatcom County",330025,Ten Mile,2017-12-05 22:22:33.413045
2008-07-19,16:00,70.8,,58.1,64.0,0.0,SW@8.0,11.0,63.1,0.0,578,"Ten Mile, Whatcom County",330025,Ten Mile,2017-12-05 22:22:33.413045
2008-07-19,16:15,70.7,,57.6,63.1,0.0,SW@7.4,11.4,63.2,0.0,543,"Ten Mile, Whatcom County",330025,Ten Mile,2017-12-05 22:22:33.413045
2008-07-19,16:30,70.7,,57.5,63.0,0.0,SW@7.9,11.0,63.4,0.0,507,"Ten Mile, Whatcom County",330025,Ten Mile,2017-12-05 22:22:33.413045
2008-07-19,16:45,70.4,,57.7,64.1,0.0,SW@6.9,9.2,63.5,0.0,469,"Ten Mile, Whatcom County",330025,Ten Mile,2017-12-05 22:22:33.413045
2008-07-19,17:00,70.2,,57.9,65.1,0.0,SW@6.9,9.9,63.7,0.0,429,"Ten Mile, Whatcom County",330025,Ten Mile,2017-12-05 22:22:33.413045
2008-07-19,17:15,70.1,,57.6,64.6,0.0,SW@7.2,9.6,63.8,0.0,390,"Ten Mile, Whatcom County",330025,Ten Mile,2017-12-05 22:22:33.413045
2008-07-19,17:30,69.4,,57.1,64.9,0.0,SW@7.0,8.9,63.9,0.0,351,"Ten Mile, Whatcom County",330025,Ten Mile,2017-12-05 22:22:33.413045
2008-07-19,17:45,69.5,,57.8,66.3,0.0,SW@6.7,9.2,64.1,0.0,311,"Ten Mile, Whatcom County",330025,Ten Mile,2017-12-05 22:22:33.413045
2008-07-19,18:00,68.5,,57.6,68.1,0.0,SW@7.2,10.3,64.2,0.0,270,"Ten Mile, Whatcom County",330025,Ten Mile,2017-12-05 22:22:33.413045
2008-07-19,18:15,67.3,,57.4,70.3,0.0,SW@6.8,9.2,64.3,0.0,224,"Ten Mile, Whatcom County",330025,Ten Mile,2017-12-05 22:22:33.413045
2008-07-19,18:30,66.5,,57.0,71.5,0.0,SW@7.2,9.6,64.4,0.0,186,"Ten Mile, Whatcom County",330025,Ten Mile,2017-12-05 22:22:33.413045
2008-07-19,18:45,65.3,,56.2,72.4,0.0,SW@6.8,9.9,64.5,0.0,153,"Ten Mile, Whatcom County",330025,Ten Mile,2017-12-05 22:22:33.413045
2008-07-19,19:00,64.5,,55.9,73.6,0.0,SW@4.9,7.8,64.6,0.0,102,"Ten Mile, Whatcom County",330025,Ten Mile,2017-12-05 22:22:33.413045
2008-07-19,19:15,63.4,,55.0,74.0,0.0,SW@6.0,8.9,64.7,0.0,87,"Ten Mile, Whatcom County",330025,Ten Mile,2017-12-05 22:22:33.413045
2008-07-19,19:30,62.4,,54.9,76.5,0.0,SW@3.9,6.0,64.8,0.0,58,"Ten Mile, Whatcom County",330025,Ten Mile,2017-12-05 22:22:33.413045
2008-07-19,19:45,61.2,,54.5,78.6,0.01,SW@3.8,6.4,64.8,0.0,27,"Ten Mile, Whatcom County",330025,Ten Mile,2017-12-05 22:22:33.413045
2008-07-19,20:00,59.7,,54.2,81.8,0.02,SW@4.2,6.7,64.9,0.0,13,"Ten Mile, Whatcom County",330025,Ten Mile,2017-12-05 22:22:33.413045
2008-07-19,20:15,59.0,,53.8,82.7,0.03,SW@3.6,7.1,65.0,0.0,4,"Ten Mile, Whatcom County",330025,Ten Mile,2017-12-05 22:22:33.413045
2008-07-19,20:30,57.9,,53.4,84.7,0.07,S@3.8,4.9,65.0,0.0,1,"Ten Mile, Whatcom County",330025,Ten Mile,2017-12-05 22:22:33.413045
2008-07-19,20:45,57.4,,53.4,86.5,0.11,SW@3.6,4.9,65.1,0.0,0,"Ten Mile, Whatcom County",330025,Ten Mile,2017-12-05 22:22:33.413045
2008-07-19,21:00,58.0,,53.8,85.6,0.17,SW@2.7,3.5,65.1,0.0,0,"Ten Mile, Whatcom County",330025,Ten Mile,2017-12-05 22:22:33.413045
2008-07-19,21:15,56.5,,53.1,88.4,0.29,SW@3.1,3.9,65.1,0.0,0,"Ten Mile, Whatcom County",330025,Ten Mile,2017-12-05 22:22:33.413045
2008-07-19,21:30,54.8,,53.0,93.4,0.66,SW@2.3,3.5,65.1,0.0,0,"Ten Mile, Whatcom County",330025,Ten Mile,2017-12-05 22:22:33.413045
2008-07-19,21:45,55.8,,53.9,93.0,0.82,W@1.5,3.5,65.2,0.0,0,"Ten Mile, Whatcom County",330025,Ten Mile,2017-12-05 22:22:33.413045
2008-07-19,22:00,55.2,,53.1,92.5,0.87,SW@0.5,1.7,65.1,0.0,0,"Ten Mile, Whatcom County",330025,Ten Mile,2017-12-05 22:22:33.413045
2008-07-19,22:15,54.6,,53.3,95.2,0.91,S@0.9,1.7,65.1,0.0,0,"Ten Mile, Whatcom County",330025,Ten Mile,2017-12-05 22:22:33.413045
2008-07-19,22:30,54.5,,52.9,94.3,0.93,W@0.4,1.7,65.1,0.0,0,"Ten Mile, Whatcom County",330025,Ten Mile,2017-12-05 22:22:33.413045
2008-07-19,22:45,53.8,,52.9,96.7,0.96,E@0.6,2.1,65.1,0.0,0,"Ten Mile, Whatcom County",330025,Ten Mile,2017-12-05 22:22:33.413045
2008-07-19,23:00,52.0,,51.6,98.3,1.0,SE@2.6,3.9,65.1,0.0,0,"Ten Mile, Whatcom County",330025,Ten Mile,2017-12-05 22:22:33.413045
2008-07-20,23:15,52.4,,52.3,99.6,1.0,E@2.4,3.1,65.0,0.0,0,"Ten Mile, Whatcom County",330025,Ten Mile,2017-12-05 22:22:33.413045
2008-07-20,23:30,50.7,,50.4,98.8,1.0,S@0.4,1.7,65.0,0.0,0,"Ten Mile, Whatcom County",330025,Ten Mile,2017-12-05 22:22:33.413045
2008-07-20,23:45,50.6,,50.5,99.8,1.0,E@0.5,1.7,65.0,0.0,0,"Ten Mile, Whatcom County",330025,Ten Mile,2017-12-05 22:22:33.413045
2008-07-20,24:00,50.0,,49.9,99.7,1.0,S@1.6,2.1,64.9,0.0,0,"Ten Mile, Whatcom County",330025,Ten Mile,2017-12-05 22:22:33.413045
2008-07-20,00:15,49.9,,49.9,99.8,1.0,S@1.7,2.8,64.9,0.0,0,"Ten Mile, Whatcom County",330025,Ten Mile,2017-12-05 22:22:33.413045
2008-07-20,00:30,49.3,,49.3,100.0,1.0,S@2.3,3.1,64.8,0.0,0,"Ten Mile, Whatcom County",330025,Ten Mile,2017-12-05 22:22:33.413045
2008-07-20,00:45,49.0,,49.0,99.7,1.0,S@1.7,3.5,64.7,0.0,0,"Ten Mile, Whatcom County",330025,Ten Mile,2017-12-05 22:22:33.413045
2008-07-20,01:00,48.9,,48.9,100.0,1.0,S@1.3,2.4,64.7,0.0,0,"Ten Mile, Whatcom County",330025,Ten Mile,2017-12-05 22:22:33.413045
2008-07-20,01:15,47.7,,47.7,100.0,1.0,SW@1.6,2.4,64.6,0.0,0,"Ten Mile, Whatcom County",330025,Ten Mile,2017-12-05 22:22:33.413045
2008-07-20,01:30,47.3,,47.3,100.0,1.0,SW@1.9,2.8,64.5,0.0,0,"Ten Mile, Whatcom County",330025,Ten Mile,2017-12-05 22:22:33.413045
2008-07-20,01:45,47.8,,47.8,100.0,1.0,S@1.8,2.4,64.4,0.0,0,"Ten Mile, Whatcom County",330025,Ten Mile,2017-12-05 22:22:33.413045
2008-07-20,02:00,47.6,,47.6,100.0,1.0,SW@1.3,2.4,64.4,0.0,0,"Ten Mile, Whatcom County",330025,Ten Mile,2017-12-05 22:22:33.413045
2008-07-20,02:15,46.4,,46.4,100.0,1.0,SW@2.7,3.5,64.3,0.0,0,"Ten Mile, Whatcom County",330025,Ten Mile,2017-12-05 22:22:33.413045
2008-07-20,02:30,45.8,,45.8,100.0,1.0,E@1.1,3.1,64.2,0.0,0,"Ten Mile, Whatcom County",330025,Ten Mile,2017-12-05 22:22:33.413045
2008-07-20,02:45,47.0,,47.0,100.0,1.0,SW@1.6,3.1,64.1,0.0,0,"Ten Mile, Whatcom County",330025,Ten Mile,2017-12-05 22:22:33.413045
2008-07-20,03:00,45.9,,45.9,100.0,1.0,SW@2.7,3.5,64.0,0.0,0,"Ten Mile, Whatcom County",330025,Ten Mile,2017-12-05 22:22:33.413045
2008-07-20,03:15,44.7,,44.7,100.0,1.0,SW@1.2,3.5,63.9,0.0,0,"Ten Mile, Whatcom County",330025,Ten Mile,2017-12-05 22:22:33.413045
2008-07-20,03:30,46.1,,46.1,100.0,1.0,S@1.7,3.5,63.8,0.0,0,"Ten Mile, Whatcom County",330025,Ten Mile,2017-12-05 22:22:33.413045
2008-07-20,03:45,45.9,,45.9,100.0,1.0,NE@2.5,3.5,63.7,0.0,0,"Ten Mile, Whatcom County",330025,Ten Mile,2017-12-05 22:22:33.413045
2008-07-20,04:00,45.2,,45.2,100.0,1.0,S@1.5,4.2,63.6,0.0,0,"Ten Mile, Whatcom County",330025,Ten Mile,2017-12-05 22:22:33.413045
2008-07-20,04:15,43.7,,43.7,99.9,1.0,S@2.3,3.9,63.5,0.0,1,"Ten Mile, Whatcom County",330025,Ten Mile,2017-12-05 22:22:33.413045
2008-07-20,04:30,45.1,,45.1,100.0,1.0,E@2.5,3.5,63.4,0.0,3,"Ten Mile, Whatcom County",330025,Ten Mile,2017-12-05 22:22:33.413045
2008-07-20,04:45,45.9,,45.9,100.0,1.0,SE@1.6,3.1,63.4,0.0,9,"Ten Mile, Whatcom County",330025,Ten Mile,2017-12-05 22:22:33.413045
2008-07-20,05:00,45.1,,45.1,100.0,1.0,S@1.8,3.1,63.3,0.0,35,"Ten Mile, Whatcom County",330025,Ten Mile,2017-12-05 22:22:33.413045
2008-07-20,05:15,46.0,,46.0,99.8,1.0,S@1.2,2.8,63.2,0.0,66,"Ten Mile, Whatcom County",330025,Ten Mile,2017-12-05 22:22:33.413045
2008-07-20,05:30,46.5,,46.5,100.0,1.0,SW@1.7,2.4,63.1,0.0,98,"Ten Mile, Whatcom County",330025,Ten Mile,2017-12-05 22:22:33.413045
2008-07-20,05:45,48.7,,48.7,100.0,1.0,SW@2.2,3.5,63.0,0.0,130,"Ten Mile, Whatcom County",330025,Ten Mile,2017-12-05 22:22:33.413045
2008-07-20,06:00,50.7,,50.7,100.0,1.0,SW@2.1,3.1,62.9,0.0,164,"Ten Mile, Whatcom County",330025,Ten Mile,2017-12-05 22:22:33.413045
2008-07-20,06:15,53.6,,53.6,99.8,1.0,SE@0.8,1.7,62.8,0.0,198,"Ten Mile, Whatcom County",330025,Ten Mile,2017-12-05 22:22:33.413045
2008-07-20,06:30,55.7,,54.6,96.0,1.0,S@1.3,2.4,62.7,0.0,233,"Ten Mile, Whatcom County",330025,Ten Mile,2017-12-05 22:22:33.413045
2008-07-20,06:45,55.8,,53.7,92.6,1.0,NW@2.3,4.2,62.6,0.0,267,"Ten Mile, Whatcom County",330025,Ten Mile,2017-12-05 22:22:33.413045
2008-07-20,07:00,56.3,,53.0,88.5,1.0,W@2.9,4.9,62.5,0.0,301,"Ten Mile, Whatcom County",330025,Ten Mile,2017-12-05 22:22:33.413045
2008-07-20,07:15,57.3,,53.5,87.1,1.0,W@3.5,6.7,62.4,0.0,337,"Ten Mile, Whatcom County",330025,Ten Mile,2017-12-05 22:22:33.413045
2008-07-20,07:30,57.5,,53.4,86.0,1.0,W@5.7,8.9,62.3,0.0,375,"Ten Mile, Whatcom County",330025,Ten Mile,2017-12-05 22:22:33.413045
2008-07-20,07:45,58.1,,53.3,84.1,0.57,W@6.1,8.2,62.2,0.0,418,"Ten Mile, Whatcom County",330025,Ten Mile,2017-12-05 22:22:33.413045
2008-07-20,08:00,58.7,,53.4,82.5,0.01,W@6.1,9.9,62.2,0.0,460,"Ten Mile, Whatcom County",330025,Ten Mile,2017-12-05 22:22:33.413045
2008-07-20,08:15,59.3,,53.4,80.7,0.0,SW@6.2,9.6,62.1,0.0,503,"Ten Mile, Whatcom County",330025,Ten Mile,2017-12-05 22:22:33.413045
2008-07-20,08:30,59.8,,53.5,79.4,0.0,SW@6.6,9.2,62.0,0.0,515,"Ten Mile, Whatcom County",330025,Ten Mile,2017-12-05 22:22:33.413045
2008-07-20,08:45,60.6,,53.9,78.5,0.0,SW@6.1,9.9,61.9,0.0,557,"Ten Mile, Whatcom County",330025,Ten Mile,2017-12-05 22:22:33.413045
2008-07-20,09:00,60.9,,54.2,78.3,0.0,W@6.7,10.3,61.8,0.0,608,"Ten Mile, Whatcom County",330025,Ten Mile,2017-12-05 22:22:33.413045
2008-07-20,09:15,61.4,,54.3,77.3,0.0,SW@6.8,9.6,61.8,0.0,648,"Ten Mile, Whatcom County",330025,Ten Mile,2017-12-05 22:22:33.413045
2008-07-20,09:30,62.0,,54.4,76.2,0.0,SW@7.7,11.0,61.7,0.0,680,"Ten Mile, Whatcom County",330025,Ten Mile,2017-12-05 22:22:33.413045
2008-07-20,09:45,62.1,,54.9,77.2,0.0,SW@8.4,12.1,61.7,0.0,709,"Ten Mile, Whatcom County",330025,Ten Mile,2017-12-05 22:22:33.413045
2008-07-20,10:00,61.9,,54.5,76.6,0.0,SW@8.5,11.4,61.7,0.0,738,"Ten Mile, Whatcom County",330025,Ten Mile,2017-12-05 22:22:33.413045
2008-07-20,10:15,62.7,,55.4,77.0,0.0,SW@7.8,11.0,61.6,0.0,765,"Ten Mile, Whatcom County",330025,Ten Mile,2017-12-05 22:22:33.413045
2008-07-20,10:30,63.1,,55.4,75.8,0.0,W@8.0,11.7,61.6,0.0,790,"Ten Mile, Whatcom County",330025,Ten Mile,2017-12-05 22:22:33.413045
2008-07-20,10:45,63.1,,55.5,76.1,0.0,SW@8.3,11.0,61.6,0.0,801,"Ten Mile, Whatcom County",330025,Ten Mile,2017-12-05 22:22:33.413045
2008-07-20,11:00,64.0,,54.6,71.3,0.0,SW@9.0,13.2,61.6,0.0,822,"Ten Mile, Whatcom County",330025,Ten Mile,2017-12-05 22:22:33.413045
2008-07-20,11:15,64.8,,53.9,67.6,0.0,SW@9.8,13.2,61.6,0.0,838,"Ten Mile, Whatcom County",330025,Ten Mile,2017-12-05 22:22:33.413045
2008-07-20,11:30,65.8,,53.7,64.9,0.0,SW@9.2,12.8,61.6,0.0,849,"Ten Mile, Whatcom County",330025,Ten Mile,2017-12-05 22:22:33.413045
2008-07-20,11:45,66.5,,53.4,62.5,0.0,SW@10.1,14.6,61.6,0.0,858,"Ten Mile, Whatcom County",330025,Ten Mile,2017-12-05 22:22:33.413045
2008-07-20,12:00,66.8,,52.5,59.8,0.0,SW@10.0,12.4,61.7,0.0,864,"Ten Mile, Whatcom County",330025,Ten Mile,2017-12-05 22:22:33.413045
2008-07-20,12:15,68.0,,53.9,60.7,0.0,SW@8.6,13.2,61.7,0.0,867,"Ten Mile, Whatcom County",330025,Ten Mile,2017-12-05 22:22:33.413045
2008-07-20,12:30,67.7,,53.5,60.4,0.0,SW@9.9,13.5,61.8,0.0,866,"Ten Mile, Whatcom County",330025,Ten Mile,2017-12-05 22:22:33.413045
2008-07-20,12:45,67.6,,53.1,59.6,0.0,SW@10.4,14.2,61.8,0.0,862,"Ten Mile, Whatcom County",330025,Ten Mile,2017-12-05 22:22:33.413045
2008-07-20,13:00,67.3,,52.3,58.5,0.0,W@11.2,15.7,61.9,0.0,855,"Ten Mile, Whatcom County",330025,Ten Mile,2017-12-05 22:22:33.413045
2008-07-20,13:15,67.8,,52.3,57.7,0.0,SW@10.3,14.2,62.0,0.0,846,"Ten Mile, Whatcom County",330025,Ten Mile,2017-12-05 22:22:33.413045
2008-07-20,13:30,68.4,,51.8,55.3,0.0,SW@9.3,13.2,62.0,0.0,835,"Ten Mile, Whatcom County",330025,Ten Mile,2017-12-05 22:22:33.413045
2008-07-20,13:45,69.6,,52.0,53.4,0.0,SW@8.9,12.1,62.1,0.0,819,"Ten Mile, Whatcom County",330025,Ten Mile,2017-12-05 22:22:33.413045
2008-07-20,14:00,69.7,,52.5,54.5,0.0,SW@8.5,12.8,62.2,0.0,803,"Ten Mile, Whatcom County",330025,Ten Mile,2017-12-05 22:22:33.413045
2008-07-20,14:15,69.9,,52.4,53.8,0.0,SW@9.1,12.1,62.4,0.0,783,"Ten Mile, Whatcom County",330025,Ten Mile,2017-12-05 22:22:33.413045
2008-07-20,14:30,69.7,,51.7,52.6,0.0,SW@9.7,13.2,62.5,0.0,762,"Ten Mile, Whatcom County",330025,Ten Mile,2017-12-05 22:22:33.413045
2008-07-20,14:45,70.1,,51.2,51.1,0.0,SW@8.5,11.7,62.6,0.0,736,"Ten Mile, Whatcom County",330025,Ten Mile,2017-12-05 22:22:33.413045
2008-07-20,15:00,70.5,,50.5,49.1,0.0,SW@9.2,12.4,62.7,0.0,708,"Ten Mile, Whatcom County",330025,Ten Mile,2017-12-05 22:22:33.413045
2008-07-20,15:15,71.3,,50.7,48.1,0.0,SW@8.3,12.1,62.9,0.0,680,"Ten Mile, Whatcom County",330025,Ten Mile,2017-12-05 22:22:33.413045
2008-07-20,15:30,71.6,,50.2,46.8,0.0,SW@8.9,12.1,63.0,0.0,649,"Ten Mile, Whatcom County",330025,Ten Mile,2017-12-05 22:22:33.413045
2008-07-20,15:45,72.0,,49.2,44.4,0.0,SW@8.5,11.4,63.1,0.0,616,"Ten Mile, Whatcom County",330025,Ten Mile,2017-12-05 22:22:33.413045
2008-07-20,16:00,72.4,,49.2,43.9,0.0,SW@8.0,12.1,63.3,0.0,582,"Ten Mile, Whatcom County",330025,Ten Mile,2017-12-05 22:22:33.413045
2008-07-20,16:15,72.3,,47.2,40.9,0.0,SW@9.0,12.1,63.4,0.0,548,"Ten Mile, Whatcom County",330025,Ten Mile,2017-12-05 22:22:33.413045
2008-07-20,16:30,72.7,,47.6,40.9,0.0,SW@7.7,11.7,63.5,0.0,511,"Ten Mile, Whatcom County",330025,Ten Mile,2017-12-05 22:22:33.413045
2008-07-20,16:45,72.6,,48.1,41.8,0.0,SW@7.7,11.0,63.7,0.0,473,"Ten Mile, Whatcom County",330025,Ten Mile,2017-12-05 22:22:33.413045
2008-07-20,17:00,72.4,,49.9,45.0,0.0,SW@7.5,10.3,63.8,0.0,434,"Ten Mile, Whatcom County",330025,Ten Mile,2017-12-05 22:22:33.413045
2008-07-20,17:15,72.4,,49.1,43.6,0.0,W@6.8,8.9,63.9,0.0,396,"Ten Mile, Whatcom County",330025,Ten Mile,2017-12-05 22:22:33.413045
2008-07-20,17:30,72.1,,47.5,41.6,0.0,SW@7.7,12.1,64.1,0.0,357,"Ten Mile, Whatcom County",330025,Ten Mile,2017-12-05 22:22:33.413045
2008-07-20,17:45,71.8,,45.6,39.0,0.0,SW@7.2,10.3,64.2,0.0,317,"Ten Mile, Whatcom County",330025,Ten Mile,2017-12-05 22:22:33.413045
2008-07-20,18:00,71.0,,48.2,44.4,0.0,W@7.2,10.7,64.3,0.0,277,"Ten Mile, Whatcom County",330025,Ten Mile,2017-12-05 22:22:33.413045
2008-07-20,18:15,69.9,,50.4,49.9,0.0,W@6.8,9.2,64.4,0.0,237,"Ten Mile, Whatcom County",330025,Ten Mile,2017-12-05 22:22:33.413045
2008-07-20,18:30,69.1,,49.8,50.2,0.0,SW@6.7,9.9,64.5,0.0,199,"Ten Mile, Whatcom County",330025,Ten Mile,2017-12-05 22:22:33.413045
2008-07-20,18:45,67.7,,49.6,52.4,0.0,SW@7.0,10.3,64.6,0.0,163,"Ten Mile, Whatcom County",330025,Ten Mile,2017-12-05 22:22:33.413045
2008-07-20,19:00,67.2,,51.2,56.5,0.0,W@4.9,7.1,64.7,0.0,128,"Ten Mile, Whatcom County",330025,Ten Mile,2017-12-05 22:22:33.413045
2008-07-20,19:15,66.1,,52.9,62.5,0.0,W@4.3,7.4,64.8,0.0,96,"Ten Mile, Whatcom County",330025,Ten Mile,2017-12-05 22:22:33.413045
2008-07-20,19:30,64.7,,53.6,67.3,0.0,W@3.6,5.7,64.9,0.0,65,"Ten Mile, Whatcom County",330025,Ten Mile,2017-12-05 22:22:33.413045
2008-07-20,19:45,62.7,,54.2,73.6,0.0,W@4.2,5.3,64.9,0.0,40,"Ten Mile, Whatcom County",330025,Ten Mile,2017-12-05 22:22:33.413045
2008-07-20,20:00,61.2,,53.6,76.1,0.01,SW@4.1,5.7,65.0,0.0,16,"Ten Mile, Whatcom County",330025,Ten Mile,2017-12-05 22:22:33.413045
2008-07-20,20:15,60.1,,52.9,77.2,0.01,SW@4.0,4.6,65.1,0.0,4,"Ten Mile, Whatcom County",330025,Ten Mile,2017-12-05 22:22:33.413045
2008-07-20,20:30,59.1,,53.5,81.5,0.05,SW@3.4,4.6,65.1,0.0,1,"Ten Mile, Whatcom County",330025,Ten Mile,2017-12-05 22:22:33.413045
2008-07-20,20:45,58.4,,53.8,84.6,0.11,SW@3.8,4.6,65.1,0.0,0,"Ten Mile, Whatcom County",330025,Ten Mile,2017-12-05 22:22:33.413045
2008-07-20,21:00,56.2,,52.6,87.5,0.34,S@2.7,3.9,65.1,0.0,0,"Ten Mile, Whatcom County",330025,Ten Mile,2017-12-05 22:22:33.413045
2008-07-20,21:15,55.8,,53.3,91.5,0.76,S@1.6,2.8,65.2,0.0,0,"Ten Mile, Whatcom County",330025,Ten Mile,2017-12-05 22:22:33.413045
2008-07-20,21:30,54.7,,53.2,94.6,0.87,S@1.7,2.8,65.2,0.0,0,"Ten Mile, Whatcom County",330025,Ten Mile,2017-12-05 22:22:33.413045
2008-07-20,21:45,53.5,,52.1,94.9,0.91,SW@1.5,2.4,65.2,0.0,0,"Ten Mile, Whatcom County",330025,Ten Mile,2017-12-05 22:22:33.413045
2008-07-20,22:00,52.9,,52.4,98.2,0.93,SE@1.9,3.1,65.2,0.0,0,"Ten Mile, Whatcom County",330025,Ten Mile,2017-12-05 22:22:33.413045
2008-07-20,22:15,52.4,,51.7,97.4,0.95,SW@1.6,3.1,65.2,0.0,0,"Ten Mile, Whatcom County",330025,Ten Mile,2017-12-05 22:22:33.413045
2008-07-20,22:30,50.6,,50.1,98.1,1.0,SW@2.6,3.9,65.2,0.0,0,"Ten Mile, Whatcom County",330025,Ten Mile,2017-12-05 22:22:33.413045
2008-07-20,22:45,50.9,,50.8,99.5,1.0,S@3.2,4.6,65.2,0.0,0,"Ten Mile, Whatcom County",330025,Ten Mile,2017-12-05 22:22:33.413045
2008-07-20,23:00,52.1,,51.7,98.4,1.0,SE@1.0,2.4,65.1,0.0,0,"Ten Mile, Whatcom County",330025,Ten Mile,2017-12-05 22:22:33.413045
2008-07-21,23:15,50.9,,50.3,97.8,1.0,SW@2.4,3.5,65.1,0.0,0,"Ten Mile, Whatcom County",330025,Ten Mile,2017-12-05 22:22:33.413045
2008-07-21,23:30,49.2,,48.9,98.9,1.0,SW@2.8,3.9,65.0,0.0,0,"Ten Mile, Whatcom County",330025,Ten Mile,2017-12-05 22:22:33.413045
2008-07-21,23:45,50.3,,50.2,99.6,1.0,S@2.7,3.5,65.0,0.0,0,"Ten Mile, Whatcom County",330025,Ten Mile,2017-12-05 22:22:33.413045
2008-07-21,24:00,49.8,,49.6,99.2,1.0,SW@3.9,4.6,64.9,0.0,0,"Ten Mile, Whatcom County",330025,Ten Mile,2017-12-05 22:22:33.413045
2008-07-21,00:15,49.2,,48.9,98.6,1.0,SW@3.0,4.2,64.9,0.0,0,"Ten Mile, Whatcom County",330025,Ten Mile,2017-12-05 22:22:33.413045
2008-07-21,00:30,50.7,,50.7,99.9,1.0,SW@1.9,3.1,64.8,0.0,0,"Ten Mile, Whatcom County",330025,Ten Mile,2017-12-05 22:22:33.413045
2008-07-21,00:45,51.3,,51.2,99.6,1.0,SE@2.7,3.9,64.7,0.0,0,"Ten Mile, Whatcom County",330025,Ten Mile,2017-12-05 22:22:33.413045
2008-07-21,01:00,50.7,,50.4,98.9,1.0,S@0.8,2.4,64.7,0.0,0,"Ten Mile, Whatcom County",330025,Ten Mile,2017-12-05 22:22:33.413045
2008-07-21,01:15,50.5,,50.4,99.7,1.0,SW@1.8,2.4,64.6,0.0,0,"Ten Mile, Whatcom County",330025,Ten Mile,2017-12-05 22:22:33.413045
2008-07-21,01:30,48.9,,48.9,99.8,1.0,SW@2.8,3.5,64.5,0.0,0,"Ten Mile, Whatcom County",330025,Ten Mile,2017-12-05 22:22:33.413045
2008-07-21,01:45,49.1,,49.1,100.0,1.0,S@1.9,2.8,64.4,0.0,0,"Ten Mile, Whatcom County",330025,Ten Mile,2017-12-05 22:22:33.413045
2008-07-21,02:00,49.9,,49.9,100.0,1.0,SE@2.2,3.1,64.3,0.0,0,"Ten Mile, Whatcom County",330025,Ten Mile,2017-12-05 22:22:33.413045
2008-07-21,02:15,49.1,,49.1,100.0,1.0,SE@1.6,2.8,64.3,0.0,0,"Ten Mile, Whatcom County",330025,Ten Mile,2017-12-05 22:22:33.413045
2008-07-21,02:30,48.0,,48.0,99.9,1.0,SW@3.2,4.2,64.2,0.0,0,"Ten Mile, Whatcom County",330025,Ten Mile,2017-12-05 22:22:33.413045
2008-07-21,02:45,47.6,,47.6,100.0,1.0,SE@3.0,4.6,64.1,0.0,0,"Ten Mile, Whatcom County",330025,Ten Mile,2017-12-05 22:22:33.413045
2008-07-21,03:00,48.7,,48.7,100.0,1.0,NE@0.9,2.1,64.0,0.0,0,"Ten Mile, Whatcom County",330025,Ten Mile,2017-12-05 22:22:33.413045
2008-07-21,03:15,49.1,,49.1,100.0,1.0,E@2.4,3.5,63.9,0.0,0,"Ten Mile, Whatcom County",330025,Ten Mile,2017-12-05 22:22:33.413045
2008-07-21,03:30,47.8,,47.7,99.9,1.0,SW@2.3,3.5,63.8,0.0,0,"Ten Mile, Whatcom County",330025,Ten Mile,2017-12-05 22:22:33.413045
2008-07-21,03:45,46.9,,47.0,100.0,1.0,SW@2.3,3.1,63.7,0.0,0,"Ten Mile, Whatcom County",330025,Ten Mile,2017-12-05 22:22:33.413045
2008-07-21,04:00,47.9,,47.9,100.0,1.0,S@1.7,3.1,63.6,0.0,0,"Ten Mile, Whatcom County",330025,Ten Mile,2017-12-05 22:22:33.413045
2008-07-21,04:15,48.0,,48.0,99.9,1.0,SE@1.5,4.9,63.6,0.0,1,"Ten Mile, Whatcom County",330025,Ten Mile,2017-12-05 22:22:33.413045
2008-07-21,04:30,48.2,,48.2,99.9,1.0,SW@1.9,3.1,63.5,0.0,3,"Ten Mile, Whatcom County",330025,Ten Mile,2017-12-05 22:22:33.413045
2008-07-21,04:45,47.8,,47.8,100.0,1.0,SW@2.3,3.1,63.4,0.0,8,"Ten Mile, Whatcom County",330025,Ten Mile,2017-12-05 22:22:33.413045
2008-07-21,05:00,48.4,,48.4,100.0,1.0,SE@1.7,3.5,63.3,0.0,39,"Ten Mile, Whatcom County",330025,Ten Mile,2017-12-05 22:22:33.413045
2008-07-21,05:15,48.9,,48.9,100.0,1.0,SE@2.2,3.5,63.2,0.0,71,"Ten Mile, Whatcom County",330025,Ten Mile,2017-12-05 22:22:33.413045
2008-07-21,05:30,50.7,,50.7,99.9,1.0,S@0.5,2.1,63.1,0.0,100,"Ten Mile, Whatcom County",330025,Ten Mile,2017-12-05 22:22:33.413045
2008-07-21,05:45,51.8,,51.8,100.0,1.0,SW@1.5,2.8,63.0,0.0,132,"Ten Mile, Whatcom County",330025,Ten Mile,2017-12-05 22:22:33.413045
2008-07-21,06:00,53.4,,53.4,100.0,1.0,W@1.1,2.4,62.9,0.0,163,"Ten Mile, Whatcom County",330025,Ten Mile,2017-12-05 22:22:33.413045
2008-07-21,06:15,56.0,,55.8,99.0,1.0,SW@1.8,2.8,62.8,0.0,195,"Ten Mile, Whatcom County",330025,Ten Mile,2017-12-05 22:22:33.413045
2008-07-21,06:30,57.8,,56.7,95.8,1.0,NW@1.8,2.4,62.7,0.0,226,"Ten Mile, Whatcom County",330025,Ten Mile,2017-12-05 22:22:33.413045
2008-07-21,06:45,59.4,,56.6,90.4,1.0,NW@1.8,3.9,62.6,0.0,258,"Ten Mile, Whatcom County",330025,Ten Mile,2017-12-05 22:22:33.413045
2008-07-21,07:00,61.5,,56.8,84.7,1.0,S@1.5,3.1,62.6,0.0,294,"Ten Mile, Whatcom County",330025,Ten Mile,2017-12-05 22:22:33.413045
2008-07-21,07:15,62.7,,56.8,81.0,1.0,E@2.7,5.3,62.5,0.0,333,"Ten Mile, Whatcom County",330025,Ten Mile,2017-12-05 22:22:33.413045
2008-07-21,07:30,64.3,,57.6,78.9,0.79,SE@2.7,6.7,62.4,0.0,373,"Ten Mile, Whatcom County",330025,Ten Mile,2017-12-05 22:22:33.413045
2008-07-21,07:45,64.6,,57.1,76.6,0.02,SW@6.5,8.9,62.3,0.0,414,"Ten Mile, Whatcom County",330025,Ten Mile,2017-12-05 22:22:33.413045
2008-07-21,08:00,65.0,,56.1,72.9,0.0,S@8.6,13.2,62.2,0.0,454,"Ten Mile, Whatcom County",330025,Ten Mile,2017-12-05 22:22:33.413045
2008-07-21,08:15,64.8,,55.4,71.7,0.0,S@8.7,16.7,62.1,0.0,493,"Ten Mile, Whatcom County",330025,Ten Mile,2017-12-05 22:22:33.413045
2008-07-21,08:30,65.0,,55.5,71.3,0.0,S@9.1,14.6,62.1,0.0,531,"Ten Mile, Whatcom County",330025,Ten Mile,2017-12-05 22:22:33.413045
2008-07-21,08:45,65.3,,55.5,70.6,0.0,S@9.4,15.3,62.0,0.0,566,"Ten Mile, Whatcom County",330025,Ten Mile,2017-12-05 22:22:33.413045
2008-07-21,09:00,65.6,,55.4,69.5,0.0,S@10.3,16.4,62.0,0.0,601,"Ten Mile, Whatcom County",330025,Ten Mile,2017-12-05 22:22:33.413045
2008-07-21,09:15,66.2,,55.6,68.7,0.0,S@10.8,16.7,61.9,0.0,633,"Ten Mile, Whatcom County",330025,Ten Mile,2017-12-05 22:22:33.413045
2008-07-21,09:30,67.1,,55.8,67.1,0.0,S@9.2,15.7,61.9,0.0,665,"Ten Mile, Whatcom County",330025,Ten Mile,2017-12-05 22:22:33.413045
2008-07-21,09:45,68.0,,56.4,66.3,0.0,S@9.2,14.2,61.8,0.0,695,"Ten Mile, Whatcom County",330025,Ten Mile,2017-12-05 22:22:33.413045
2008-07-21,10:00,67.9,,56.7,67.3,0.0,SW@10.3,13.5,61.8,0.0,723,"Ten Mile, Whatcom County",330025,Ten Mile,2017-12-05 22:22:33.413045
2008-07-21,10:15,67.8,,56.4,66.7,0.0,SW@10.6,15.3,61.8,0.0,750,"Ten Mile, Whatcom County",330025,Ten Mile,2017-12-05 22:22:33.413045
2008-07-21,10:30,67.2,,56.0,67.4,0.0,SW@12.0,18.5,61.8,0.0,772,"Ten Mile, Whatcom County",330025,Ten Mile,2017-12-05 22:22:33.413045
2008-07-21,10:45,66.3,,55.7,68.6,0.0,SW@12.5,19.2,61.8,0.0,791,"Ten Mile, Whatcom County",330025,Ten Mile,2017-12-05 22:22:33.413045
2008-07-21,11:00,66.1,,55.1,67.7,0.0,SW@14.6,22.1,61.8,0.0,809,"Ten Mile, Whatcom County",330025,Ten Mile,2017-12-05 22:22:33.413045
2008-07-21,11:15,66.5,,55.3,67.2,0.0,SW@13.4,21.0,61.8,0.0,828,"Ten Mile, Whatcom County",330025,Ten Mile,2017-12-05 22:22:33.413045
2008-07-21,11:30,67.4,,55.6,65.7,0.0,SW@13.0,19.6,61.8,0.0,868,"Ten Mile, Whatcom County",330025,Ten Mile,2017-12-05 22:22:33.413045
2008-07-21,11:45,68.3,,55.7,64.0,0.0,SW@12.5,16.7,61.8,0.0,911,"Ten Mile, Whatcom County",330025,Ten Mile,2017-12-05 22:22:33.413045
2008-07-21,12:00,69.3,,56.6,63.8,0.0,SW@11.2,16.0,61.9,0.0,932,"Ten Mile, Whatcom County",330025,Ten Mile,2017-12-05 22:22:33.413045
2008-07-21,12:15,68.3,,56.5,65.9,0.0,SW@11.6,17.5,61.9,0.0,744,"Ten Mile, Whatcom County",330025,Ten Mile,2017-12-05 22:22:33.413045
2008-07-21,12:30,69.5,,57.1,64.7,0.0,SW@10.3,16.0,61.9,0.0,873,"Ten Mile, Whatcom County",330025,Ten Mile,2017-12-05 22:22:33.413045
2008-07-21,12:45,70.0,,57.6,64.7,0.0,SW@11.2,14.2,62.0,0.0,875,"Ten Mile, Whatcom County",330025,Ten Mile,2017-12-05 22:22:33.413045
2008-07-21,13:00,70.4,,57.0,62.5,0.0,SW@11.0,15.7,62.1,0.0,757,"Ten Mile, Whatcom County",330025,Ten Mile,2017-12-05 22:22:33.413045
2008-07-21,13:15,70.2,,57.8,64.6,0.0,SW@10.6,14.2,62.1,0.0,805,"Ten Mile, Whatcom County",330025,Ten Mile,2017-12-05 22:22:33.413045
2008-07-21,13:30,71.0,,58.1,63.6,0.0,SW@10.0,13.2,62.2,0.0,821,"Ten Mile, Whatcom County",330025,Ten Mile,2017-12-05 22:22:33.413045
2008-07-21,13:45,71.2,,58.3,63.7,0.0,SW@10.0,14.2,62.3,0.0,805,"Ten Mile, Whatcom County",330025,Ten Mile,2017-12-05 22:22:33.413045
2008-07-21,14:00,71.2,,58.0,63.0,0.0,SW@10.5,14.6,62.4,0.0,788,"Ten Mile, Whatcom County",330025,Ten Mile,2017-12-05 22:22:33.413045
2008-07-21,14:15,71.1,,57.8,62.7,0.0,SW@10.9,14.2,62.5,0.0,768,"Ten Mile, Whatcom County",330025,Ten Mile,2017-12-05 22:22:33.413045
2008-07-21,14:30,71.3,,57.4,61.4,0.0,SW@10.5,13.5,62.6,0.0,747,"Ten Mile, Whatcom County",330025,Ten Mile,2017-12-05 22:22:33.413045
2008-07-21,14:45,71.8,,57.4,60.5,0.0,SW@10.6,14.6,62.7,0.0,721,"Ten Mile, Whatcom County",330025,Ten Mile,2017-12-05 22:22:33.413045
2008-07-21,15:00,72.4,,57.6,59.5,0.0,SW@9.4,12.1,62.9,0.0,693,"Ten Mile, Whatcom County",330025,Ten Mile,2017-12-05 22:22:33.413045
2008-07-21,15:15,72.0,,56.7,58.5,0.0,SW@9.8,13.9,63.0,0.0,666,"Ten Mile, Whatcom County",330025,Ten Mile,2017-12-05 22:22:33.413045
2008-07-21,15:30,71.9,,56.6,58.5,0.0,SW@9.6,12.8,63.1,0.0,645,"Ten Mile, Whatcom County",330025,Ten Mile,2017-12-05 22:22:33.413045
2008-07-21,15:45,72.4,,56.4,57.0,0.0,SW@8.5,12.8,63.3,0.0,600,"Ten Mile, Whatcom County",330025,Ten Mile,2017-12-05 22:22:33.413045
2008-07-21,16:00,72.7,,56.3,56.3,0.0,SW@7.8,11.7,63.4,0.0,569,"Ten Mile, Whatcom County",330025,Ten Mile,2017-12-05 22:22:33.413045
2008-07-21,16:15,72.7,,56.2,56.1,0.0,SW@8.6,11.7,63.5,0.0,533,"Ten Mile, Whatcom County",330025,Ten Mile,2017-12-05 22:22:33.413045
2008-07-21,16:30,72.0,,56.5,58.0,0.0,SW@8.8,12.1,63.7,0.0,497,"Ten Mile, Whatcom County",330025,Ten Mile,2017-12-05 22:22:33.413045
2008-07-21,16:45,71.9,,56.7,58.7,0.0,SW@8.5,12.4,63.8,0.0,459,"Ten Mile, Whatcom County",330025,Ten Mile,2017-12-05 22:22:33.413045
2008-07-21,17:00,71.8,,57.0,59.6,0.0,SW@8.1,11.0,63.9,0.0,421,"Ten Mile, Whatcom County",330025,Ten Mile,2017-12-05 22:22:33.413045
2008-07-21,17:15,72.0,,57.3,59.9,0.0,SW@8.2,11.4,64.0,0.0,384,"Ten Mile, Whatcom County",330025,Ten Mile,2017-12-05 22:22:33.413045
2008-07-21,17:30,70.9,,56.6,60.4,0.0,SW@9.1,13.5,64.2,0.0,343,"Ten Mile, Whatcom County",330025,Ten Mile,2017-12-05 22:22:33.413045
2008-07-21,17:45,70.7,,57.1,62.0,0.0,SW@7.8,12.4,64.3,0.0,306,"Ten Mile, Whatcom County",330025,Ten Mile,2017-12-05 22:22:33.413045
2008-07-21,18:00,70.2,,57.2,63.3,0.0,SW@7.8,11.4,64.4,0.0,265,"Ten Mile, Whatcom County",330025,Ten Mile,2017-12-05 22:22:33.413045
2008-07-21,18:15,69.6,,56.9,63.9,0.0,SW@7.7,11.0,64.5,0.0,225,"Ten Mile, Whatcom County",330025,Ten Mile,2017-12-05 22:22:33.413045
2008-07-21,18:30,69.1,,56.9,65.0,0.0,SW@7.2,10.7,64.7,0.0,186,"Ten Mile, Whatcom County",330025,Ten Mile,2017-12-05 22:22:33.413045
2008-07-21,18:45,68.5,,56.9,66.3,0.0,SW@5.9,9.2,64.7,0.0,150,"Ten Mile, Whatcom County",330025,Ten Mile,2017-12-05 22:22:33.413045
2008-07-21,19:00,67.9,,57.1,68.4,0.0,SW@5.5,8.2,64.8,0.0,124,"Ten Mile, Whatcom County",330025,Ten Mile,2017-12-05 22:22:33.413045
2008-07-21,19:15,67.3,,56.6,68.5,0.0,SW@5.3,8.5,64.9,0.0,100,"Ten Mile, Whatcom County",330025,Ten Mile,2017-12-05 22:22:33.413045
2008-07-21,19:30,66.0,,56.0,70.1,0.0,SW@5.8,7.8,65.0,0.0,51,"Ten Mile, Whatcom County",330025,Ten Mile,2017-12-05 22:22:33.413045
2008-07-21,19:45,64.2,,55.8,74.0,0.0,SW@5.8,8.2,65.1,0.0,26,"Ten Mile, Whatcom County",330025,Ten Mile,2017-12-05 22:22:33.413045
2008-07-21,20:00,62.8,,55.6,77.3,0.01,SW@5.9,8.2,65.1,0.0,13,"Ten Mile, Whatcom County",330025,Ten Mile,2017-12-05 22:22:33.413045
2008-07-21,20:15,61.7,,55.3,79.7,0.02,SW@4.2,6.4,65.2,0.0,3,"Ten Mile, Whatcom County",330025,Ten Mile,2017-12-05 22:22:33.413045
2008-07-21,20:30,60.9,,55.0,80.9,0.03,SW@2.8,4.2,65.2,0.0,1,"Ten Mile, Whatcom County",330025,Ten Mile,2017-12-05 22:22:33.413045
2008-07-21,20:45,60.7,,54.8,80.9,0.07,W@1.7,2.4,65.3,0.0,0,"Ten Mile, Whatcom County",330025,Ten Mile,2017-12-05 22:22:33.413045
2008-07-21,21:00,59.9,,54.7,82.8,0.08,W@2.9,3.5,65.3,0.0,0,"Ten Mile, Whatcom County",330025,Ten Mile,2017-12-05 22:22:33.413045
2008-07-21,21:15,58.4,,54.4,86.5,0.21,SW@3.1,4.2,65.3,0.0,0,"Ten Mile, Whatcom County",330025,Ten Mile,2017-12-05 22:22:33.413045
2008-07-21,21:30,57.5,,54.0,88.0,0.29,SW@2.3,3.5,65.3,0.0,0,"Ten Mile, Whatcom County",330025,Ten Mile,2017-12-05 22:22:33.413045
2008-07-21,21:45,57.4,,54.1,88.7,0.41,SW@2.2,2.8,65.3,0.0,0,"Ten Mile, Whatcom County",330025,Ten Mile,2017-12-05 22:22:33.413045
2008-07-21,22:00,56.9,,53.9,89.6,0.47,S@2.5,3.5,65.4,0.0,0,"Ten Mile, Whatcom County",330025,Ten Mile,2017-12-05 22:22:33.413045
2008-07-21,22:15,57.3,,54.2,89.6,0.53,W@2.5,3.9,65.4,0.0,0,"Ten Mile, Whatcom County",330025,Ten Mile,2017-12-05 22:22:33.413045
2008-07-21,22:30,56.3,,53.8,91.3,0.57,S@1.4,3.5,65.4,0.0,0,"Ten Mile, Whatcom County",330025,Ten Mile,2017-12-05 22:22:33.413045
2008-07-21,22:45,55.9,,53.6,92.2,0.78,S@2.7,4.2,65.4,0.0,0,"Ten Mile, Whatcom County",330025,Ten Mile,2017-12-05 22:22:33.413045
2008-07-21,23:00,54.7,,53.5,95.5,0.84,SW@2.2,3.5,65.3,0.0,0,"Ten Mile, Whatcom County",330025,Ten Mile,2017-12-05 22:22:33.413045
2008-07-22,23:15,55.6,,53.8,93.4,0.88,W@1.3,3.1,65.3,0.0,0,"Ten Mile, Whatcom County",330025,Ten Mile,2017-12-05 22:22:33.413045
2008-07-22,23:30,55.1,,52.9,92.3,0.88,SW@2.2,2.8,65.2,0.0,0,"Ten Mile, Whatcom County",330025,Ten Mile,2017-12-05 22:22:33.413045
2008-07-22,23:45,54.6,,52.7,93.2,0.86,SW@2.9,4.6,65.2,0.0,0,"Ten Mile, Whatcom County",330025,Ten Mile,2017-12-05 22:22:33.413045
2008-07-22,24:00,54.5,,52.8,93.6,0.8,S@2.9,3.5,65.2,0.0,0,"Ten Mile, Whatcom County",330025,Ten Mile,2017-12-05 22:22:33.413045
2008-07-22,00:15,54.9,,53.1,93.7,0.68,SW@2.4,3.5,65.1,0.0,0,"Ten Mile, Whatcom County",330025,Ten Mile,2017-12-05 22:22:33.413045
2008-07-22,00:30,55.5,,53.8,94.0,0.5,W@2.5,4.6,65.1,0.0,0,"Ten Mile, Whatcom County",330025,Ten Mile,2017-12-05 22:22:33.413045
2008-07-22,00:45,56.1,,54.0,92.8,0.35,SW@3.2,4.2,65.0,0.0,0,"Ten Mile, Whatcom County",330025,Ten Mile,2017-12-05 22:22:33.413045
2008-07-22,01:00,55.7,,53.5,92.3,0.51,SW@2.5,3.5,65.0,0.0,0,"Ten Mile, Whatcom County",330025,Ten Mile,2017-12-05 22:22:33.413045
2008-07-22,01:15,54.9,,52.9,92.9,0.6,SW@3.4,7.1,64.9,0.0,0,"Ten Mile, Whatcom County",330025,Ten Mile,2017-12-05 22:22:33.413045
2008-07-22,01:30,55.1,,53.0,92.5,0.4,SW@5.1,8.2,64.9,0.0,0,"Ten Mile, Whatcom County",330025,Ten Mile,2017-12-05 22:22:33.413045
2008-07-22,01:45,53.9,,52.2,93.8,0.58,SW@3.1,5.3,64.8,0.0,0,"Ten Mile, Whatcom County",330025,Ten Mile,2017-12-05 22:22:33.413045
2008-07-22,02:00,54.1,,52.4,93.8,0.6,SW@4.3,6.7,64.7,0.0,0,"Ten Mile, Whatcom County",330025,Ten Mile,2017-12-05 22:22:33.413045
2008-07-22,02:15,53.8,,52.1,93.8,0.51,SW@3.8,4.9,64.6,0.0,0,"Ten Mile, Whatcom County",330025,Ten Mile,2017-12-05 22:22:33.413045
2008-07-22,02:30,54.1,,52.5,94.1,0.37,SW@3.7,4.9,64.6,0.0,0,"Ten Mile, Whatcom County",330025,Ten Mile,2017-12-05 22:22:33.413045
2008-07-22,02:45,55.1,,52.9,92.4,0.18,SW@3.8,6.0,64.5,0.0,0,"Ten Mile, Whatcom County",330025,Ten Mile,2017-12-05 22:22:33.413045
2008-07-22,03:00,55.5,,53.2,91.9,0.13,SW@4.0,6.0,64.4,0.0,0,"Ten Mile, Whatcom County",330025,Ten Mile,2017-12-05 22:22:33.413045
2008-07-22,03:15,55.7,,53.1,91.1,0.1,SW@4.3,6.7,64.4,0.0,0,"Ten Mile, Whatcom County",330025,Ten Mile,2017-12-05 22:22:33.413045
2008-07-22,03:30,55.9,,53.2,90.5,0.09,SW@4.3,6.4,64.3,0.0,0,"Ten Mile, Whatcom County",330025,Ten Mile,2017-12-05 22:22:33.413045
2008-07-22,03:45,56.0,,53.1,89.9,0.08,SW@4.1,6.4,64.2,0.0,0,"Ten Mile, Whatcom County",330025,Ten Mile,2017-12-05 22:22:33.413045
2008-07-22,04:00,56.0,,53.0,89.4,0.07,SW@4.8,7.8,64.2,0.0,0,"Ten Mile, Whatcom County",330025,Ten Mile,2017-12-05 22:22:33.413045
2008-07-22,04:15,56.0,,52.9,89.2,0.07,SW@3.8,6.7,64.1,0.0,0,"Ten Mile, Whatcom County",330025,Ten Mile,2017-12-05 22:22:33.413045
2008-07-22,04:30,55.4,,52.6,90.0,0.12,SW@3.2,5.3,64.0,0.0,1,"Ten Mile, Whatcom County",330025,Ten Mile,2017-12-05 22:22:33.413045
2008-07-22,04:45,55.6,,52.1,88.1,0.07,SW@4.9,9.9,63.9,0.0,3,"Ten Mile, Whatcom County",330025,Ten Mile,2017-12-05 22:22:33.413045
2008-07-22,05:00,56.0,,51.8,85.8,0.02,SW@6.8,11.4,63.9,0.0,6,"Ten Mile, Whatcom County",330025,Ten Mile,2017-12-05 22:22:33.413045
2008-07-22,05:15,56.0,,51.5,84.8,0.01,S@8.0,13.9,63.8,0.0,13,"Ten Mile, Whatcom County",330025,Ten Mile,2017-12-05 22:22:33.413045
2008-07-22,05:30,56.0,,51.3,84.2,0.01,S@6.1,10.3,63.8,0.0,26,"Ten Mile, Whatcom County",330025,Ten Mile,2017-12-05 22:22:33.413045
2008-07-22,05:45,56.0,,51.0,83.3,0.01,S@6.9,11.4,63.7,0.0,37,"Ten Mile, Whatcom County",330025,Ten Mile,2017-12-05 22:22:33.413045
2008-07-22,06:00,56.0,,51.1,83.5,0.01,S@6.6,9.9,63.6,0.0,43,"Ten Mile, Whatcom County",330025,Ten Mile,2017-12-05 22:22:33.413045
2008-07-22,06:15,56.0,,51.3,84.2,0.02,S@6.2,11.0,63.6,0.0,54,"Ten Mile, Whatcom County",330025,Ten Mile,2017-12-05 22:22:33.413045
2008-07-22,06:30,56.0,,51.5,84.7,0.02,SW@5.6,9.2,63.5,0.0,57,"Ten Mile, Whatcom County",330025,Ten Mile,2017-12-05 22:22:33.413045
2008-07-22,06:45,56.4,,52.0,84.9,0.01,SW@6.2,9.9,63.4,0.0,108,"Ten Mile, Whatcom County",330025,Ten Mile,2017-12-05 22:22:33.413045
2008-07-22,07:00,56.4,,52.2,85.6,0.01,SW@8.4,12.1,63.4,0.0,131,"Ten Mile, Whatcom County",330025,Ten Mile,2017-12-05 22:22:33.413045
2008-07-22,07:15,56.6,,52.2,85.2,0.01,SW@9.6,13.9,63.3,0.0,166,"Ten Mile, Whatcom County",330025,Ten Mile,2017-12-05 22:22:33.413045
2008-07-22,07:30,57.5,,52.8,84.3,0.01,SW@7.3,11.0,63.2,0.0,224,"Ten Mile, Whatcom County",330025,Ten Mile,2017-12-05 22:22:33.413045
2008-07-22,07:45,58.4,,53.2,82.9,0.0,SW@8.6,16.0,63.2,0.0,345,"Ten Mile, Whatcom County",330025,Ten Mile,2017-12-05 22:22:33.413045
2008-07-22,08:00,58.7,,53.5,82.9,0.0,SW@9.2,13.2,63.1,0.0,367,"Ten Mile, Whatcom County",330025,Ten Mile,2017-12-05 22:22:33.413045
2008-07-22,08:15,58.8,,53.6,83.0,0.0,SW@8.6,14.2,63.1,0.0,327,"Ten Mile, Whatcom County",330025,Ten Mile,2017-12-05 22:22:33.413045
2008-07-22,08:30,59.3,,54.3,83.4,0.0,SW@8.1,11.7,63.0,0.0,355,"Ten Mile, Whatcom County",330025,Ten Mile,2017-12-05 22:22:33.413045
2008-07-22,08:45,59.4,,54.1,82.6,0.0,SW@8.9,14.6,62.9,0.0,319,"Ten Mile, Whatcom County",330025,Ten Mile,2017-12-05 22:22:33.413045
2008-07-22,09:00,59.0,,53.7,82.4,0.0,SW@11.1,14.6,62.9,0.0,366,"Ten Mile, Whatcom County",330025,Ten Mile,2017-12-05 22:22:33.413045
2008-07-22,09:15,59.5,,54.0,82.1,0.0,SW@9.4,13.5,62.9,0.0,415,"Ten Mile, Whatcom County",330025,Ten Mile,2017-12-05 22:22:33.413045
2008-07-22,09:30,60.9,,54.8,80.3,0.0,SW@9.7,15.3,62.8,0.0,621,"Ten Mile, Whatcom County",330025,Ten Mile,2017-12-05 22:22:33.413045
2008-07-22,09:45,60.7,,54.6,80.4,0.0,SW@9.4,13.9,62.8,0.0,466,"Ten Mile, Whatcom County",330025,Ten Mile,2017-12-05 22:22:33.413045
2008-07-22,10:00,61.6,,54.9,78.4,0.0,SW@10.8,14.6,62.8,0.0,781,"Ten Mile, Whatcom County",330025,Ten Mile,2017-12-05 22:22:33.413045
2008-07-22,10:15,63.0,,55.1,75.4,0.0,SW@11.0,15.7,62.7,0.0,828,"Ten Mile, Whatcom County",330025,Ten Mile,2017-12-05 22:22:33.413045
2008-07-22,10:30,62.9,,55.1,75.6,0.0,SW@9.4,15.3,62.7,0.0,634,"Ten Mile, Whatcom County",330025,Ten Mile,2017-12-05 22:22:33.413045
2008-07-22,10:45,64.2,,56.1,74.7,0.0,SW@9.7,14.6,62.7,0.0,946,"Ten Mile, Whatcom County",330025,Ten Mile,2017-12-05 22:22:33.413045
2008-07-22,11:00,63.8,,55.3,73.8,0.0,SW@10.8,16.0,62.7,0.0,681,"Ten Mile, Whatcom County",330025,Ten Mile,2017-12-05 22:22:33.413045
2008-07-22,11:15,63.4,,55.3,74.8,0.0,SW@11.4,17.1,62.7,0.0,904,"Ten Mile, Whatcom County",330025,Ten Mile,2017-12-05 22:22:33.413045
2008-07-22,11:30,63.3,,55.5,75.5,0.0,SW@11.2,17.5,62.7,0.0,774,"Ten Mile, Whatcom County",330025,Ten Mile,2017-12-05 22:22:33.413045
2008-07-22,11:45,62.8,,54.9,75.3,0.0,SW@11.6,18.2,62.7,0.0,727,"Ten Mile, Whatcom County",330025,Ten Mile,2017-12-05 22:22:33.413045
2008-07-22,12:00,64.6,,55.5,72.4,0.0,SW@11.2,18.2,62.7,0.0,959,"Ten Mile, Whatcom County",330025,Ten Mile,2017-12-05 22:22:33.413045
2008-07-22,12:15,64.7,,55.5,72.0,0.0,SW@11.5,17.1,62.7,0.0,915,"Ten Mile, Whatcom County",330025,Ten Mile,2017-12-05 22:22:33.413045
2008-07-22,12:30,64.1,,55.1,72.7,0.0,SW@11.5,16.4,62.7,0.0,770,"Ten Mile, Whatcom County",330025,Ten Mile,2017-12-05 22:22:33.413045
2008-07-22,12:45,64.1,,55.2,72.7,0.0,SW@12.2,18.9,62.8,0.0,876,"Ten Mile, Whatcom County",330025,Ten Mile,2017-12-05 22:22:33.413045
2008-07-22,13:00,64.0,,55.1,72.7,0.0,SW@12.8,18.9,62.8,0.0,859,"Ten Mile, Whatcom County",330025,Ten Mile,2017-12-05 22:22:33.413045
2008-07-22,13:15,64.0,,55.0,72.3,0.0,SW@13.2,19.2,62.9,0.0,845,"Ten Mile, Whatcom County",330025,Ten Mile,2017-12-05 22:22:33.413045
2008-07-22,13:30,64.4,,54.9,71.2,0.0,SW@12.9,19.2,62.9,0.0,826,"Ten Mile, Whatcom County",330025,Ten Mile,2017-12-05 22:22:33.413045
2008-07-22,13:45,64.5,,55.0,71.2,0.0,SW@13.1,18.2,63.0,0.0,809,"Ten Mile, Whatcom County",330025,Ten Mile,2017-12-05 22:22:33.413045
2008-07-22,14:00,65.3,,55.5,70.5,0.0,SW@11.6,18.2,63.1,0.0,792,"Ten Mile, Whatcom County",330025,Ten Mile,2017-12-05 22:22:33.413045
2008-07-22,14:15,64.7,,54.8,70.3,0.0,SW@13.0,18.5,63.1,0.0,773,"Ten Mile, Whatcom County",330025,Ten Mile,2017-12-05 22:22:33.413045
2008-07-22,14:30,64.8,,54.8,69.9,0.0,SW@13.2,18.9,63.2,0.0,751,"Ten Mile, Whatcom County",330025,Ten Mile,2017-12-05 22:22:33.413045
2008-07-22,14:45,65.1,,54.9,69.4,0.0,SW@12.3,17.8,63.3,0.0,723,"Ten Mile, Whatcom County",330025,Ten Mile,2017-12-05 22:22:33.413045
2008-07-22,15:00,65.3,,55.0,69.3,0.0,SW@12.1,16.7,63.4,0.0,694,"Ten Mile, Whatcom County",330025,Ten Mile,2017-12-05 22:22:33.413045
2008-07-22,15:15,65.1,,54.7,69.0,0.0,SW@12.2,17.8,63.5,0.0,666,"Ten Mile, Whatcom County",330025,Ten Mile,2017-12-05 22:22:33.413045
2008-07-22,15:30,65.5,,54.9,68.5,0.0,SW@11.1,16.0,63.6,0.0,633,"Ten Mile, Whatcom County",330025,Ten Mile,2017-12-05 22:22:33.413045
2008-07-22,15:45,65.2,,54.6,68.6,0.0,SW@11.6,16.4,63.7,0.0,601,"Ten Mile, Whatcom County",330025,Ten Mile,2017-12-05 22:22:33.413045
2008-07-22,16:00,65.4,,54.8,68.4,0.0,SW@11.1,15.0,63.8,0.0,568,"Ten Mile, Whatcom County",330025,Ten Mile,2017-12-05 22:22:33.413045
2008-07-22,16:15,65.2,,54.4,67.9,0.0,SW@11.6,16.4,64.0,0.0,532,"Ten Mile, Whatcom County",330025,Ten Mile,2017-12-05 22:22:33.413045
2008-07-22,16:30,65.2,,54.0,67.1,0.0,SW@12.3,19.2,64.1,0.0,495,"Ten Mile, Whatcom County",330025,Ten Mile,2017-12-05 22:22:33.413045
2008-07-22,16:45,65.0,,53.7,66.8,0.0,SW@12.3,18.2,64.2,0.0,458,"Ten Mile, Whatcom County",330025,Ten Mile,2017-12-05 22:22:33.413045
2008-07-22,17:00,64.6,,53.2,66.5,0.0,SW@13.0,18.5,64.3,0.0,422,"Ten Mile, Whatcom County",330025,Ten Mile,2017-12-05 22:22:33.413045
2008-07-22,17:15,64.8,,53.2,65.9,0.0,SW@11.1,16.4,64.4,0.0,382,"Ten Mile, Whatcom County",330025,Ten Mile,2017-12-05 22:22:33.413045
2008-07-22,17:30,65.0,,53.6,66.4,0.0,SW@10.5,16.4,64.5,0.0,340,"Ten Mile, Whatcom County",330025,Ten Mile,2017-12-05 22:22:33.413045
2008-07-22,17:45,64.6,,53.2,66.3,0.0,SW@10.9,15.7,64.6,0.0,301,"Ten Mile, Whatcom County",330025,Ten Mile,2017-12-05 22:22:33.413045
2008-07-22,18:00,64.5,,53.0,66.2,0.0,SW@10.8,16.0,64.6,0.0,262,"Ten Mile, Whatcom County",330025,Ten Mile,2017-12-05 22:22:33.413045
2008-07-22,18:15,64.3,,53.2,67.2,0.0,SW@8.4,13.9,64.7,0.0,224,"Ten Mile, Whatcom County",330025,Ten Mile,2017-12-05 22:22:33.413045
2008-07-22,18:30,63.6,,53.1,68.5,0.0,S@9.8,16.4,64.8,0.0,186,"Ten Mile, Whatcom County",330025,Ten Mile,2017-12-05 22:22:33.413045
2008-07-22,18:45,63.2,,53.1,69.4,0.0,S@8.0,12.1,64.9,0.0,151,"Ten Mile, Whatcom County",330025,Ten Mile,2017-12-05 22:22:33.413045
2008-07-22,19:00,62.6,,53.1,71.0,0.0,S@8.6,15.0,64.9,0.0,116,"Ten Mile, Whatcom County",330025,Ten Mile,2017-12-05 22:22:33.413045
2008-07-22,19:15,61.7,,52.8,72.6,0.0,S@8.3,15.7,65.0,0.0,80,"Ten Mile, Whatcom County",330025,Ten Mile,2017-12-05 22:22:33.413045
2008-07-22,19:30,60.9,,52.8,74.5,0.0,S@6.9,11.4,65.0,0.0,50,"Ten Mile, Whatcom County",330025,Ten Mile,2017-12-05 22:22:33.413045
2008-07-22,19:45,60.4,,52.7,75.5,0.0,S@5.7,9.2,65.1,0.0,24,"Ten Mile, Whatcom County",330025,Ten Mile,2017-12-05 22:22:33.413045
2008-07-22,20:00,59.8,,52.6,77.1,0.01,S@6.6,11.4,65.1,0.0,8,"Ten Mile, Whatcom County",330025,Ten Mile,2017-12-05 22:22:33.413045
2008-07-22,20:15,59.3,,52.3,77.6,0.01,S@5.8,10.3,65.1,0.0,2,"Ten Mile, Whatcom County",330025,Ten Mile,2017-12-05 22:22:33.413045
2008-07-22,20:30,58.4,,52.2,79.6,0.01,S@4.4,7.1,65.2,0.0,1,"Ten Mile, Whatcom County",330025,Ten Mile,2017-12-05 22:22:33.413045
2008-07-22,20:45,58.5,,52.2,79.6,0.02,S@4.5,7.8,65.2,0.0,0,"Ten Mile, Whatcom County",330025,Ten Mile,2017-12-05 22:22:33.413045
2008-07-22,21:00,57.4,,52.1,82.5,0.03,S@4.4,6.7,65.2,0.0,0,"Ten Mile, Whatcom County",330025,Ten Mile,2017-12-05 22:22:33.413045
2008-07-22,21:15,56.7,,52.1,84.5,0.05,S@4.8,7.8,65.2,0.0,0,"Ten Mile, Whatcom County",330025,Ten Mile,2017-12-05 22:22:33.413045
2008-07-22,21:30,56.7,,52.1,84.5,0.05,S@4.0,7.8,65.2,0.0,0,"Ten Mile, Whatcom County",330025,Ten Mile,2017-12-05 22:22:33.413045
2008-07-22,21:45,56.7,,52.1,84.6,0.07,S@2.9,4.2,65.2,0.0,0,"Ten Mile, Whatcom County",330025,Ten Mile,2017-12-05 22:22:33.413045
2008-07-22,22:00,56.6,,52.2,85.3,0.04,S@3.3,4.6,65.2,0.0,0,"Ten Mile, Whatcom County",330025,Ten Mile,2017-12-05 22:22:33.413045
2008-07-22,22:15,57.0,,52.7,85.6,0.03,SW@3.5,5.3,65.2,0.0,0,"Ten Mile, Whatcom County",330025,Ten Mile,2017-12-05 22:22:33.413045
2008-07-22,22:30,57.4,,52.8,84.3,0.02,SW@2.6,3.9,65.2,0.0,0,"Ten Mile, Whatcom County",330025,Ten Mile,2017-12-05 22:22:33.413045
2008-07-22,22:45,58.0,,52.5,82.0,0.02,SW@2.1,4.2,65.1,0.0,0,"Ten Mile, Whatcom County",330025,Ten Mile,2017-12-05 22:22:33.413045
2008-07-22,23:00,57.8,,51.4,79.1,0.01,SW@3.6,6.4,65.1,0.0,0,"Ten Mile, Whatcom County",330025,Ten Mile,2017-12-05 22:22:33.413045
2008-07-23,23:15,57.8,,50.5,76.6,0.0,SW@5.9,9.9,65.0,0.0,0,"Ten Mile, Whatcom County",330025,Ten Mile,2017-12-05 22:22:33.413045
2008-07-23,23:30,57.6,,49.9,75.6,0.0,SW@6.4,10.3,65.0,0.0,0,"Ten Mile, Whatcom County",330025,Ten Mile,2017-12-05 22:22:33.413045
2008-07-23,23:45,57.3,,49.7,75.4,0.0,SW@8.1,12.1,65.0,0.0,0,"Ten Mile, Whatcom County",330025,Ten Mile,2017-12-05 22:22:33.413045
2008-07-23,24:00,57.4,,49.5,74.8,0.0,SW@5.9,10.7,64.9,0.0,0,"Ten Mile, Whatcom County",330025,Ten Mile,2017-12-05 22:22:33.413045
2008-07-23,00:15,57.4,,49.7,75.5,0.0,SW@4.9,8.5,64.9,0.0,0,"Ten Mile, Whatcom County",330025,Ten Mile,2017-12-05 22:22:33.413045
2008-07-23,00:30,57.4,,49.5,74.8,0.0,SW@5.7,10.3,64.8,0.0,0,"Ten Mile, Whatcom County",330025,Ten Mile,2017-12-05 22:22:33.413045
2008-07-23,00:45,57.3,,49.4,74.6,0.0,SW@6.4,9.2,64.7,0.0,0,"Ten Mile, Whatcom County",330025,Ten Mile,2017-12-05 22:22:33.413045
2008-07-23,01:00,57.1,,49.4,75.3,0.0,SW@6.8,9.9,64.7,0.0,0,"Ten Mile, Whatcom County",330025,Ten Mile,2017-12-05 22:22:33.413045
2008-07-23,01:15,56.8,,49.3,75.9,0.0,S@5.9,9.2,64.6,0.0,0,"Ten Mile, Whatcom County",330025,Ten Mile,2017-12-05 22:22:33.413045
2008-07-23,01:30,56.6,,49.2,76.4,0.0,SW@5.5,8.5,64.6,0.0,0,"Ten Mile, Whatcom County",330025,Ten Mile,2017-12-05 22:22:33.413045
2008-07-23,01:45,56.5,,49.4,77.2,0.0,SW@5.6,9.2,64.5,0.0,0,"Ten Mile, Whatcom County",330025,Ten Mile,2017-12-05 22:22:33.413045
2008-07-23,02:00,56.4,,49.6,77.6,0.0,S@4.3,6.4,64.5,0.0,0,"Ten Mile, Whatcom County",330025,Ten Mile,2017-12-05 22:22:33.413045
2008-07-23,02:15,56.5,,49.7,78.0,0.0,S@3.7,6.0,64.4,0.0,0,"Ten Mile, Whatcom County",330025,Ten Mile,2017-12-05 22:22:33.413045
2008-07-23,02:30,56.4,,49.7,78.3,0.0,S@4.7,7.4,64.4,0.0,0,"Ten Mile, Whatcom County",330025,Ten Mile,2017-12-05 22:22:33.413045
2008-07-23,02:45,56.0,,49.8,79.7,0.01,S@4.0,6.0,64.3,0.0,0,"Ten Mile, Whatcom County",330025,Ten Mile,2017-12-05 22:22:33.413045
2008-07-23,03:00,56.0,,49.7,79.4,0.01,S@3.6,5.7,64.3,0.0,0,"Ten Mile, Whatcom County",330025,Ten Mile,2017-12-05 22:22:33.413045
2008-07-23,03:15,55.5,,49.7,80.6,0.01,SW@4.2,7.1,64.2,0.0,0,"Ten Mile, Whatcom County",330025,Ten Mile,2017-12-05 22:22:33.413045
2008-07-23,03:30,55.6,,50.1,81.8,0.01,S@3.3,5.7,64.1,0.0,0,"Ten Mile, Whatcom County",330025,Ten Mile,2017-12-05 22:22:33.413045
2008-07-23,03:45,55.6,,49.9,81.2,0.01,S@3.7,5.7,64.1,0.0,0,"Ten Mile, Whatcom County",330025,Ten Mile,2017-12-05 22:22:33.413045
2008-07-23,04:00,55.5,,50.1,81.9,0.01,S@3.5,6.0,64.0,0.0,0,"Ten Mile, Whatcom County",330025,Ten Mile,2017-12-05 22:22:33.413045
2008-07-23,04:15,55.6,,49.9,81.2,0.01,S@3.4,5.3,63.9,0.0,0,"Ten Mile, Whatcom County",330025,Ten Mile,2017-12-05 22:22:33.413045
2008-07-23,04:30,55.1,,49.8,82.1,0.01,S@4.7,7.1,63.9,0.0,0,"Ten Mile, Whatcom County",330025,Ten Mile,2017-12-05 22:22:33.413045
2008-07-23,04:45,55.1,,49.9,82.4,0.01,S@4.7,7.4,63.8,0.0,1,"Ten Mile, Whatcom County",330025,Ten Mile,2017-12-05 22:22:33.413045
2008-07-23,05:00,54.7,,49.8,83.2,0.01,S@4.7,6.4,63.8,0.0,4,"Ten Mile, Whatcom County",330025,Ten Mile,2017-12-05 22:22:33.413045
2008-07-23,05:15,54.6,,49.8,83.7,0.01,S@4.4,7.4,63.7,0.0,6,"Ten Mile, Whatcom County",330025,Ten Mile,2017-12-05 22:22:33.413045
2008-07-23,05:30,54.6,,50.3,85.3,0.01,S@3.7,6.4,63.7,0.0,8,"Ten Mile, Whatcom County",330025,Ten Mile,2017-12-05 22:22:33.413045
2008-07-23,05:45,54.7,,50.2,84.7,0.01,S@3.1,4.2,63.6,0.0,18,"Ten Mile, Whatcom County",330025,Ten Mile,2017-12-05 22:22:33.413045
2008-07-23,06:00,54.7,,50.2,84.6,0.01,S@4.0,6.0,63.6,0.0,21,"Ten Mile, Whatcom County",330025,Ten Mile,2017-12-05 22:22:33.413045
2008-07-23,06:15,54.8,,50.2,84.5,0.01,S@4.4,6.4,63.5,0.0,18,"Ten Mile, Whatcom County",330025,Ten Mile,2017-12-05 22:22:33.413045
2008-07-23,06:30,54.8,,50.7,85.7,0.02,SW@3.2,4.6,63.4,0.0,19,"Ten Mile, Whatcom County",330025,Ten Mile,2017-12-05 22:22:33.413045
2008-07-23,06:45,55.1,,50.8,85.3,0.02,S@3.4,5.7,63.4,0.0,22,"Ten Mile, Whatcom County",330025,Ten Mile,2017-12-05 22:22:33.413045
2008-07-23,07:00,55.1,,50.6,84.6,0.01,S@3.5,5.7,63.3,0.0,32,"Ten Mile, Whatcom County",330025,Ten Mile,2017-12-05 22:22:33.413045
2008-07-23,07:15,55.1,,50.7,85.1,0.01,SW@4.1,6.4,63.3,0.0,29,"Ten Mile, Whatcom County",330025,Ten Mile,2017-12-05 22:22:33.413045
2008-07-23,07:30,55.1,,50.9,85.6,0.01,SW@5.5,8.5,63.2,0.0,31,"Ten Mile, Whatcom County",330025,Ten Mile,2017-12-05 22:22:33.413045
2008-07-23,07:45,55.2,,51.0,85.8,0.01,S@5.1,6.7,63.2,0.0,50,"Ten Mile, Whatcom County",330025,Ten Mile,2017-12-05 22:22:33.413045
2008-07-23,08:00,55.6,,51.4,85.8,0.01,SW@4.7,7.1,63.1,0.0,67,"Ten Mile, Whatcom County",330025,Ten Mile,2017-12-05 22:22:33.413045
2008-07-23,08:15,55.6,,51.1,84.9,0.01,S@5.7,8.5,63.1,0.0,71,"Ten Mile, Whatcom County",330025,Ten Mile,2017-12-05 22:22:33.413045
2008-07-23,08:30,55.7,,50.8,83.3,0.01,S@6.2,9.9,63.0,0.0,99,"Ten Mile, Whatcom County",330025,Ten Mile,2017-12-05 22:22:33.413045
2008-07-23,08:45,56.2,,51.0,82.7,0.0,S@6.3,10.7,63.0,0.0,133,"Ten Mile, Whatcom County",330025,Ten Mile,2017-12-05 22:22:33.413045
2008-07-23,09:00,56.5,,51.0,81.7,0.0,S@7.1,11.7,62.9,0.0,143,"Ten Mile, Whatcom County",330025,Ten Mile,2017-12-05 22:22:33.413045
2008-07-23,09:15,56.7,,51.3,82.1,0.0,S@6.1,8.9,62.8,0.0,147,"Ten Mile, Whatcom County",330025,Ten Mile,2017-12-05 22:22:33.413045
2008-07-23,09:30,56.5,,51.2,82.1,0.0,SW@6.9,10.7,62.8,0.0,174,"Ten Mile, Whatcom County",330025,Ten Mile,2017-12-05 22:22:33.413045
2008-07-23,09:45,57.4,,51.8,81.6,0.0,S@6.4,8.9,62.7,0.0,213,"Ten Mile, Whatcom County",330025,Ten Mile,2017-12-05 22:22:33.413045
2008-07-23,10:00,57.4,,51.6,80.8,0.0,SW@7.7,11.0,62.7,0.0,268,"Ten Mile, Whatcom County",330025,Ten Mile,2017-12-05 22:22:33.413045
2008-07-23,10:15,58.2,,52.0,79.7,0.0,SW@7.9,11.0,62.6,0.0,326,"Ten Mile, Whatcom County",330025,Ten Mile,2017-12-05 22:22:33.413045
2008-07-23,10:30,58.5,,52.2,79.4,0.0,SW@8.2,12.1,62.6,0.0,369,"Ten Mile, Whatcom County",330025,Ten Mile,2017-12-05 22:22:33.413045
2008-07-23,10:45,58.8,,52.8,80.4,0.0,SW@7.5,11.4,62.6,0.0,340,"Ten Mile, Whatcom County",330025,Ten Mile,2017-12-05 22:22:33.413045
2008-07-23,11:00,58.7,,52.8,80.8,0.0,SW@8.7,11.7,62.5,0.0,361,"Ten Mile, Whatcom County",330025,Ten Mile,2017-12-05 22:22:33.413045
2008-07-23,11:15,58.8,,52.7,80.1,0.0,SW@9.8,13.5,62.5,0.0,413,"Ten Mile, Whatcom County",330025,Ten Mile,2017-12-05 22:22:33.413045
2008-07-23,11:30,59.3,,52.9,79.3,0.0,SW@9.0,13.2,62.5,0.0,459,"Ten Mile, Whatcom County",330025,Ten Mile,2017-12-05 22:22:33.413045
2008-07-23,11:45,59.5,,52.6,78.0,0.0,SW@9.1,13.2,62.5,0.0,424,"Ten Mile, Whatcom County",330025,Ten Mile,2017-12-05 22:22:33.413045
2008-07-23,12:00,59.7,,52.5,77.0,0.0,SW@9.1,13.9,62.4,0.0,445,"Ten Mile, Whatcom County",330025,Ten Mile,2017-12-05 22:22:33.413045
2008-07-23,12:15,60.8,,53.1,75.7,0.0,SW@9.2,13.2,62.4,0.0,608,"Ten Mile, Whatcom County",330025,Ten Mile,2017-12-05 22:22:33.413045
2008-07-23,12:30,61.6,,53.2,74.0,0.0,SW@9.5,13.9,62.4,0.0,547,"Ten Mile, Whatcom County",330025,Ten Mile,2017-12-05 22:22:33.413045
2008-07-23,12:45,61.1,,53.1,75.1,0.0,SW@8.1,12.8,62.4,0.0,511,"Ten Mile, Whatcom County",330025,Ten Mile,2017-12-05 22:22:33.413045
2008-07-23,13:00,61.4,,53.3,74.5,0.0,SW@8.6,13.2,62.3,0.0,522,"Ten Mile, Whatcom County",330025,Ten Mile,2017-12-05 22:22:33.413045
2008-07-23,13:15,62.0,,53.6,74.0,0.0,SW@9.0,14.6,62.3,0.0,595,"Ten Mile, Whatcom County",330025,Ten Mile,2017-12-05 22:22:33.413045
2008-07-23,13:30,62.1,,53.6,73.7,0.0,SW@8.1,13.5,62.3,0.0,572,"Ten Mile, Whatcom County",330025,Ten Mile,2017-12-05 22:22:33.413045
2008-07-23,13:45,62.7,,53.7,72.3,0.0,SW@8.2,11.7,62.4,0.0,613,"Ten Mile, Whatcom County",330025,Ten Mile,2017-12-05 22:22:33.413045
2008-07-23,14:00,62.9,,53.4,71.1,0.0,S@7.1,11.7,62.4,0.0,497,"Ten Mile, Whatcom County",330025,Ten Mile,2017-12-05 22:22:33.413045
2008-07-23,14:15,63.2,,53.6,70.7,0.0,SW@8.4,12.4,62.4,0.0,616,"Ten Mile, Whatcom County",330025,Ten Mile,2017-12-05 22:22:33.413045
2008-07-23,14:30,62.6,,53.2,71.5,0.0,SW@8.0,11.4,62.4,0.0,466,"Ten Mile, Whatcom County",330025,Ten Mile,2017-12-05 22:22:33.413045
2008-07-23,14:45,63.8,,53.8,69.8,0.0,S@8.8,12.4,62.5,0.0,735,"Ten Mile, Whatcom County",330025,Ten Mile,2017-12-05 22:22:33.413045
2008-07-23,15:00,64.3,,54.0,69.1,0.0,SW@8.9,13.2,62.5,0.0,702,"Ten Mile, Whatcom County",330025,Ten Mile,2017-12-05 22:22:33.413045
2008-07-23,15:15,64.5,,53.9,68.5,0.0,SW@9.3,15.3,62.5,0.0,679,"Ten Mile, Whatcom County",330025,Ten Mile,2017-12-05 22:22:33.413045
2008-07-23,15:30,64.2,,53.7,68.6,0.0,SW@10.0,14.6,62.5,0.0,637,"Ten Mile, Whatcom County",330025,Ten Mile,2017-12-05 22:22:33.413045
2008-07-23,15:45,64.0,,53.8,69.4,0.0,SW@10.2,14.2,62.6,0.0,597,"Ten Mile, Whatcom County",330025,Ten Mile,2017-12-05 22:22:33.413045
2008-07-23,16:00,64.3,,53.9,68.8,0.0,SW@8.6,12.8,62.6,0.0,564,"Ten Mile, Whatcom County",330025,Ten Mile,2017-12-05 22:22:33.413045
2008-07-23,16:15,64.0,,53.7,69.0,0.0,SW@9.4,13.9,62.7,0.0,527,"Ten Mile, Whatcom County",330025,Ten Mile,2017-12-05 22:22:33.413045
2008-07-23,16:30,63.9,,53.8,69.5,0.0,SW@8.5,13.5,62.7,0.0,492,"Ten Mile, Whatcom County",330025,Ten Mile,2017-12-05 22:22:33.413045
2008-07-23,16:45,64.0,,53.8,69.5,0.0,SW@8.6,13.5,62.8,0.0,454,"Ten Mile, Whatcom County",330025,Ten Mile,2017-12-05 22:22:33.413045
2008-07-23,17:00,63.8,,53.9,70.1,0.0,SW@8.3,12.1,62.8,0.0,410,"Ten Mile, Whatcom County",330025,Ten Mile,2017-12-05 22:22:33.413045
2008-07-23,17:15,63.2,,53.6,70.8,0.0,SW@9.3,12.8,62.9,0.0,369,"Ten Mile, Whatcom County",330025,Ten Mile,2017-12-05 22:22:33.413045
2008-07-23,17:30,63.0,,53.8,71.6,0.0,SW@8.5,13.2,63.0,0.0,330,"Ten Mile, Whatcom County",330025,Ten Mile,2017-12-05 22:22:33.413045
2008-07-23,17:45,63.0,,53.7,71.6,0.0,SW@8.0,12.4,63.0,0.0,289,"Ten Mile, Whatcom County",330025,Ten Mile,2017-12-05 22:22:33.413045
2008-07-23,18:00,62.7,,53.7,72.5,0.0,SW@8.6,12.8,63.1,0.0,249,"Ten Mile, Whatcom County",330025,Ten Mile,2017-12-05 22:22:33.413045
2008-07-23,18:15,61.9,,53.2,73.2,0.0,SW@9.3,12.1,63.2,0.0,211,"Ten Mile, Whatcom County",330025,Ten Mile,2017-12-05 22:22:33.413045
2008-07-23,18:30,61.5,,52.9,73.5,0.0,SW@9.1,12.8,63.2,0.0,174,"Ten Mile, Whatcom County",330025,Ten Mile,2017-12-05 22:22:33.413045
2008-07-23,18:45,61.3,,53.1,74.5,0.0,SW@7.6,11.7,63.3,0.0,139,"Ten Mile, Whatcom County",330025,Ten Mile,2017-12-05 22:22:33.413045
2008-07-23,19:00,60.9,,52.8,74.7,0.0,SW@7.2,10.3,63.3,0.0,107,"Ten Mile, Whatcom County",330025,Ten Mile,2017-12-05 22:22:33.413045
2008-07-23,19:15,60.3,,52.9,76.3,0.0,SW@6.2,9.2,63.4,0.0,77,"Ten Mile, Whatcom County",330025,Ten Mile,2017-12-05 22:22:33.413045
2008-07-23,19:30,59.5,,52.8,78.3,0.0,SW@4.9,7.4,63.4,0.0,51,"Ten Mile, Whatcom County",330025,Ten Mile,2017-12-05 22:22:33.413045
2008-07-23,19:45,58.6,,52.7,80.7,0.01,SW@4.2,6.4,63.5,0.0,28,"Ten Mile, Whatcom County",330025,Ten Mile,2017-12-05 22:22:33.413045
2008-07-23,20:00,57.6,,52.4,82.7,0.02,SW@3.9,6.4,63.5,0.0,9,"Ten Mile, Whatcom County",330025,Ten Mile,2017-12-05 22:22:33.413045
2008-07-23,20:15,56.6,,52.1,85.0,0.09,SW@3.2,4.2,63.5,0.0,2,"Ten Mile, Whatcom County",330025,Ten Mile,2017-12-05 22:22:33.413045
2008-07-23,20:30,54.8,,51.7,89.1,0.37,S@2.2,2.8,63.6,0.0,0,"Ten Mile, Whatcom County",330025,Ten Mile,2017-12-05 22:22:33.413045
2008-07-23,20:45,55.2,,52.1,89.3,0.68,SE@0.7,1.7,63.6,0.0,0,"Ten Mile, Whatcom County",330025,Ten Mile,2017-12-05 22:22:33.413045
2008-07-23,21:00,54.3,,51.7,91.0,0.67,NE@2.1,2.8,63.6,0.0,0,"Ten Mile, Whatcom County",330025,Ten Mile,2017-12-05 22:22:33.413045
2008-07-23,21:15,54.5,,52.2,91.9,0.56,S@1.7,2.4,63.6,0.0,0,"Ten Mile, Whatcom County",330025,Ten Mile,2017-12-05 22:22:33.413045
2008-07-23,21:30,53.4,,52.0,95.2,0.64,SE@1.8,2.8,63.7,0.0,0,"Ten Mile, Whatcom County",330025,Ten Mile,2017-12-05 22:22:33.413045
2008-07-23,21:45,53.9,,52.5,95.0,0.7,SW@1.0,3.1,63.7,0.0,0,"Ten Mile, Whatcom County",330025,Ten Mile,2017-12-05 22:22:33.413045
2008-07-23,22:00,53.6,,52.4,95.5,0.76,S@2.4,3.5,63.6,0.0,0,"Ten Mile, Whatcom County",330025,Ten Mile,2017-12-05 22:22:33.413045
2008-07-23,22:15,53.7,,52.6,95.9,0.84,S@2.3,3.5,63.6,0.0,0,"Ten Mile, Whatcom County",330025,Ten Mile,2017-12-05 22:22:33.413045
2008-07-23,22:30,52.4,,51.4,96.6,0.89,S@2.7,3.5,63.6,0.0,0,"Ten Mile, Whatcom County",330025,Ten Mile,2017-12-05 22:22:33.413045
2008-07-23,22:45,50.9,,50.3,97.7,0.92,S@3.4,4.2,63.6,0.0,0,"Ten Mile, Whatcom County",330025,Ten Mile,2017-12-05 22:22:33.413045
2008-07-23,23:00,50.7,,50.4,98.9,0.93,S@3.6,5.3,63.6,0.0,0,"Ten Mile, Whatcom County",330025,Ten Mile,2017-12-05 22:22:33.413045
2008-07-24,23:15,51.5,,50.6,96.9,0.94,SE@3.3,4.9,63.6,0.0,0,"Ten Mile, Whatcom County",330025,Ten Mile,2017-12-05 22:22:33.413045
2008-07-24,23:30,49.1,,48.9,99.1,0.96,NE@3.8,6.4,63.5,0.0,0,"Ten Mile, Whatcom County",330025,Ten Mile,2017-12-05 22:22:33.413045
2008-07-24,23:45,50.3,,50.3,100.0,1.0,SE@1.8,3.1,63.5,0.0,0,"Ten Mile, Whatcom County",330025,Ten Mile,2017-12-05 22:22:33.413045
2008-07-24,24:00,50.1,,49.9,99.1,1.0,SW@2.0,3.1,63.4,0.0,0,"Ten Mile, Whatcom County",330025,Ten Mile,2017-12-05 22:22:33.413045
2008-07-24,00:15,50.4,,50.4,99.8,1.0,SW@2.0,2.8,63.4,0.0,0,"Ten Mile, Whatcom County",330025,Ten Mile,2017-12-05 22:22:33.413045
2008-07-24,00:30,51.3,,51.3,100.0,1.0,SW@2.8,3.1,63.4,0.0,0,"Ten Mile, Whatcom County",330025,Ten Mile,2017-12-05 22:22:33.413045
2008-07-24,00:45,52.3,,52.3,100.0,1.0,S@2.8,3.9,63.3,0.0,0,"Ten Mile, Whatcom County",330025,Ten Mile,2017-12-05 22:22:33.413045
2008-07-24,01:00,53.1,,52.9,99.2,1.0,E@2.5,3.5,63.2,0.0,0,"Ten Mile, Whatcom County",330025,Ten Mile,2017-12-05 22:22:33.413045
2008-07-24,01:15,53.5,,53.1,98.4,1.0,SE@2.0,3.1,63.2,0.0,0,"Ten Mile, Whatcom County",330025,Ten Mile,2017-12-05 22:22:33.413045
2008-07-24,01:30,53.7,,53.2,98.2,1.0,SW@1.1,2.4,63.1,0.0,0,"Ten Mile, Whatcom County",330025,Ten Mile,2017-12-05 22:22:33.413045
2008-07-24,01:45,53.9,,53.5,98.2,1.0,SW@0.2,1.7,63.1,0.0,0,"Ten Mile, Whatcom County",330025,Ten Mile,2017-12-05 22:22:33.413045
2008-07-24,02:00,54.2,,53.8,98.5,1.0,S@0.2,1.4,63.0,0.0,0,"Ten Mile, Whatcom County",330025,Ten Mile,2017-12-05 22:22:33.413045
2008-07-24,02:15,54.0,,53.7,98.7,1.0,SE@0.3,1.7,62.9,0.0,0,"Ten Mile, Whatcom County",330025,Ten Mile,2017-12-05 22:22:33.413045
2008-07-24,02:30,54.2,,54.0,99.2,1.0,W@1.6,2.4,62.9,0.0,0,"Ten Mile, Whatcom County",330025,Ten Mile,2017-12-05 22:22:33.413045
2008-07-24,02:45,54.4,,54.1,98.8,1.0,SW@1.6,2.1,62.8,0.0,0,"Ten Mile, Whatcom County",330025,Ten Mile,2017-12-05 22:22:33.413045
2008-07-24,03:00,54.2,,53.9,98.7,0.96,SW@2.0,2.4,62.7,0.0,0,"Ten Mile, Whatcom County",330025,Ten Mile,2017-12-05 22:22:33.413045
2008-07-24,03:15,54.2,,53.6,97.9,0.94,W@1.3,2.1,62.7,0.0,0,"Ten Mile, Whatcom County",330025,Ten Mile,2017-12-05 22:22:33.413045
2008-07-24,03:30,54.6,,54.0,97.5,0.94,W@0.8,2.4,62.6,0.0,0,"Ten Mile, Whatcom County",330025,Ten Mile,2017-12-05 22:22:33.413045
2008-07-24,03:45,54.5,,53.8,97.5,0.93,S@0.3,2.1,62.6,0.0,0,"Ten Mile, Whatcom County",330025,Ten Mile,2017-12-05 22:22:33.413045
2008-07-24,04:00,54.5,,53.7,97.1,0.93,W@0.5,1.7,62.5,0.0,0,"Ten Mile, Whatcom County",330025,Ten Mile,2017-12-05 22:22:33.413045
2008-07-24,04:15,53.9,,53.4,98.3,0.93,SW@1.3,2.1,62.5,0.0,0,"Ten Mile, Whatcom County",330025,Ten Mile,2017-12-05 22:22:33.413045
2008-07-24,04:30,53.8,,53.3,98.0,0.93,W@0.3,1.7,62.4,0.0,1,"Ten Mile, Whatcom County",330025,Ten Mile,2017-12-05 22:22:33.413045
2008-07-24,04:45,53.7,,53.3,98.5,0.93,S@0.4,2.1,62.4,0.0,3,"Ten Mile, Whatcom County",330025,Ten Mile,2017-12-05 22:22:33.413045
2008-07-24,05:00,54.2,,53.5,97.4,0.92,SW@2.3,3.1,62.3,0.0,8,"Ten Mile, Whatcom County",330025,Ten Mile,2017-12-05 22:22:33.413045
2008-07-24,05:15,54.5,,53.5,96.3,0.83,SW@3.0,4.6,62.3,0.0,20,"Ten Mile, Whatcom County",330025,Ten Mile,2017-12-05 22:22:33.413045
2008-07-24,05:30,54.6,,53.4,95.5,0.54,SW@3.2,4.2,62.2,0.0,28,"Ten Mile, Whatcom County",330025,Ten Mile,2017-12-05 22:22:33.413045
2008-07-24,05:45,54.7,,53.5,95.6,0.36,SW@3.1,4.9,62.2,0.0,38,"Ten Mile, Whatcom County",330025,Ten Mile,2017-12-05 22:22:33.413045
2008-07-24,06:00,54.6,,53.4,95.5,0.28,SW@3.8,4.9,62.1,0.0,54,"Ten Mile, Whatcom County",330025,Ten Mile,2017-12-05 22:22:33.413045
2008-07-24,06:15,54.9,,53.7,95.4,0.23,SW@4.3,6.0,62.1,0.0,71,"Ten Mile, Whatcom County",330025,Ten Mile,2017-12-05 22:22:33.413045
2008-07-24,06:30,55.3,,53.8,94.6,0.15,SW@4.4,7.1,62.0,0.0,92,"Ten Mile, Whatcom County",330025,Ten Mile,2017-12-05 22:22:33.413045
2008-07-24,06:45,55.6,,53.9,94.1,0.1,SW@4.3,6.0,62.0,0.0,126,"Ten Mile, Whatcom County",330025,Ten Mile,2017-12-05 22:22:33.413045
2008-07-24,07:00,55.6,,53.6,92.8,0.06,W@5.2,7.1,61.9,0.0,165,"Ten Mile, Whatcom County",330025,Ten Mile,2017-12-05 22:22:33.413045
2008-07-24,07:15,56.1,,53.6,91.1,0.03,W@5.2,7.1,61.9,0.0,235,"Ten Mile, Whatcom County",330025,Ten Mile,2017-12-05 22:22:33.413045
2008-07-24,07:30,57.4,,54.2,88.9,0.01,SW@4.8,6.7,61.8,0.0,414,"Ten Mile, Whatcom County",330025,Ten Mile,2017-12-05 22:22:33.413045
2008-07-24,07:45,58.4,,54.7,87.2,0.01,W@4.9,7.8,61.8,0.0,468,"Ten Mile, Whatcom County",330025,Ten Mile,2017-12-05 22:22:33.413045
2008-07-24,08:00,58.9,,54.4,85.0,0.01,W@4.7,7.1,61.7,0.0,447,"Ten Mile, Whatcom County",330025,Ten Mile,2017-12-05 22:22:33.413045
2008-07-24,08:15,59.9,,54.3,81.8,0.0,W@3.4,6.0,61.7,0.0,474,"Ten Mile, Whatcom County",330025,Ten Mile,2017-12-05 22:22:33.413045
2008-07-24,08:30,60.9,,54.7,80.1,0.0,W@3.4,5.7,61.7,0.0,512,"Ten Mile, Whatcom County",330025,Ten Mile,2017-12-05 22:22:33.413045
2008-07-24,08:45,61.5,,54.7,78.1,0.0,W@3.1,6.0,61.7,0.0,554,"Ten Mile, Whatcom County",330025,Ten Mile,2017-12-05 22:22:33.413045
2008-07-24,09:00,62.5,,55.1,76.8,0.0,SW@3.6,6.0,61.6,0.0,593,"Ten Mile, Whatcom County",330025,Ten Mile,2017-12-05 22:22:33.413045
2008-07-24,09:15,63.6,,55.6,74.9,0.0,W@3.1,7.4,61.6,0.0,625,"Ten Mile, Whatcom County",330025,Ten Mile,2017-12-05 22:22:33.413045
2008-07-24,09:30,64.3,,55.5,72.9,0.0,SW@3.6,7.8,61.6,0.0,662,"Ten Mile, Whatcom County",330025,Ten Mile,2017-12-05 22:22:33.413045
2008-07-24,09:45,65.8,,56.3,71.3,0.0,SW@3.3,5.7,61.5,0.0,699,"Ten Mile, Whatcom County",330025,Ten Mile,2017-12-05 22:22:33.413045
2008-07-24,10:00,66.3,,55.4,68.0,0.0,SE@3.3,6.7,61.5,0.0,707,"Ten Mile, Whatcom County",330025,Ten Mile,2017-12-05 22:22:33.413045
2008-07-24,10:15,67.5,,56.3,67.2,0.0,E@3.9,7.8,61.5,0.0,792,"Ten Mile, Whatcom County",330025,Ten Mile,2017-12-05 22:22:33.413045
2008-07-24,10:30,67.1,,56.1,67.7,0.0,W@4.2,8.5,61.5,0.0,566,"Ten Mile, Whatcom County",330025,Ten Mile,2017-12-05 22:22:33.413045
2008-07-24,10:45,66.8,,55.4,66.6,0.0,SW@2.8,4.9,61.5,0.0,578,"Ten Mile, Whatcom County",330025,Ten Mile,2017-12-05 22:22:33.413045
2008-07-24,11:00,68.1,,56.5,66.2,0.0,W@4.8,7.8,61.6,0.0,690,"Ten Mile, Whatcom County",330025,Ten Mile,2017-12-05 22:22:33.413045
2008-07-24,11:15,67.8,,55.3,64.3,0.0,SW@3.9,6.4,61.6,0.0,532,"Ten Mile, Whatcom County",330025,Ten Mile,2017-12-05 22:22:33.413045
2008-07-24,11:30,68.9,,55.9,63.1,0.0,S@4.7,9.2,61.6,0.0,631,"Ten Mile, Whatcom County",330025,Ten Mile,2017-12-05 22:22:33.413045
2008-07-24,11:45,69.9,,55.4,59.9,0.0,SE@3.4,7.1,61.6,0.0,867,"Ten Mile, Whatcom County",330025,Ten Mile,2017-12-05 22:22:33.413045
2008-07-24,12:00,70.8,,56.6,60.6,0.0,SW@4.7,9.9,61.6,0.0,891,"Ten Mile, Whatcom County",330025,Ten Mile,2017-12-05 22:22:33.413045
2008-07-24,12:15,71.3,,56.7,60.0,0.0,S@4.3,8.5,61.7,0.0,815,"Ten Mile, Whatcom County",330025,Ten Mile,2017-12-05 22:22:33.413045
2008-07-24,12:30,71.5,,56.1,58.2,0.0,SW@3.8,7.8,61.7,0.0,852,"Ten Mile, Whatcom County",330025,Ten Mile,2017-12-05 22:22:33.413045
2008-07-24,12:45,72.3,,57.2,59.1,0.0,SW@4.9,9.6,61.8,0.0,840,"Ten Mile, Whatcom County",330025,Ten Mile,2017-12-05 22:22:33.413045
2008-07-24,13:00,72.2,,58.0,60.9,0.0,W@6.1,9.9,61.8,0.0,832,"Ten Mile, Whatcom County",330025,Ten Mile,2017-12-05 22:22:33.413045
2008-07-24,13:15,72.6,,57.7,59.3,0.0,SW@5.0,11.7,61.9,0.0,824,"Ten Mile, Whatcom County",330025,Ten Mile,2017-12-05 22:22:33.413045
2008-07-24,13:30,71.6,,57.7,61.4,0.0,NW@7.1,12.1,62.0,0.0,813,"Ten Mile, Whatcom County",330025,Ten Mile,2017-12-05 22:22:33.413045
2008-07-24,13:45,71.9,,58.2,62.0,0.0,W@7.1,12.1,62.1,0.0,801,"Ten Mile, Whatcom County",330025,Ten Mile,2017-12-05 22:22:33.413045
2008-07-24,14:00,72.0,,58.0,61.2,0.0,NW@6.0,10.3,62.1,0.0,785,"Ten Mile, Whatcom County",330025,Ten Mile,2017-12-05 22:22:33.413045
2008-07-24,14:15,72.0,,58.0,61.4,0.0,W@5.7,9.9,62.2,0.0,764,"Ten Mile, Whatcom County",330025,Ten Mile,2017-12-05 22:22:33.413045
2008-07-24,14:30,72.4,,58.0,60.6,0.0,NW@5.3,9.6,62.3,0.0,744,"Ten Mile, Whatcom County",330025,Ten Mile,2017-12-05 22:22:33.413045
2008-07-24,14:45,72.6,,58.1,60.2,0.0,NW@6.0,10.3,62.4,0.0,717,"Ten Mile, Whatcom County",330025,Ten Mile,2017-12-05 22:22:33.413045
2008-07-24,15:00,72.6,,57.8,59.6,0.0,W@6.0,10.3,62.5,0.0,693,"Ten Mile, Whatcom County",330025,Ten Mile,2017-12-05 22:22:33.413045
2008-07-24,15:15,72.9,,58.0,59.6,0.0,NW@6.1,8.9,62.6,0.0,653,"Ten Mile, Whatcom County",330025,Ten Mile,2017-12-05 22:22:33.413045
2008-07-24,15:30,72.4,,57.4,59.2,0.0,NW@5.7,9.9,62.8,0.0,582,"Ten Mile, Whatcom County",330025,Ten Mile,2017-12-05 22:22:33.413045
2008-07-24,15:45,73.2,,57.6,58.1,0.0,NW@5.1,8.9,62.9,0.0,610,"Ten Mile, Whatcom County",330025,Ten Mile,2017-12-05 22:22:33.413045
2008-07-24,16:00,73.4,,57.4,57.2,0.0,NW@5.6,7.8,63.0,0.0,566,"Ten Mile, Whatcom County",330025,Ten Mile,2017-12-05 22:22:33.413045
2008-07-24,16:15,73.5,,56.9,56.2,0.0,W@4.8,8.9,63.2,0.0,532,"Ten Mile, Whatcom County",330025,Ten Mile,2017-12-05 22:22:33.413045
2008-07-24,16:30,73.5,,57.2,56.6,0.0,NW@4.5,6.7,63.3,0.0,485,"Ten Mile, Whatcom County",330025,Ten Mile,2017-12-05 22:22:33.413045
2008-07-24,16:45,73.8,,56.9,55.6,0.0,W@4.1,7.1,63.4,0.0,458,"Ten Mile, Whatcom County",330025,Ten Mile,2017-12-05 22:22:33.413045
2008-07-24,17:00,74.1,,56.9,54.9,0.0,W@3.7,7.1,63.5,0.0,419,"Ten Mile, Whatcom County",330025,Ten Mile,2017-12-05 22:22:33.413045
2008-07-24,17:15,73.5,,57.1,56.4,0.0,NW@3.9,6.4,63.7,0.0,379,"Ten Mile, Whatcom County",330025,Ten Mile,2017-12-05 22:22:33.413045
2008-07-24,17:30,73.3,,56.9,56.3,0.0,NW@3.8,6.4,63.8,0.0,340,"Ten Mile, Whatcom County",330025,Ten Mile,2017-12-05 22:22:33.413045
2008-07-24,17:45,73.1,,56.7,56.4,0.0,W@4.2,7.8,63.9,0.0,300,"Ten Mile, Whatcom County",330025,Ten Mile,2017-12-05 22:22:33.413045
2008-07-24,18:00,72.6,,57.1,58.2,0.0,W@3.9,6.0,64.0,0.0,239,"Ten Mile, Whatcom County",330025,Ten Mile,2017-12-05 22:22:33.413045
2008-07-24,18:15,72.0,,56.8,58.7,0.0,W@4.8,7.1,64.2,0.0,219,"Ten Mile, Whatcom County",330025,Ten Mile,2017-12-05 22:22:33.413045
2008-07-24,18:30,70.9,,56.3,59.8,0.0,SW@5.7,8.2,64.3,0.0,181,"Ten Mile, Whatcom County",330025,Ten Mile,2017-12-05 22:22:33.413045
2008-07-24,18:45,69.7,,56.1,61.8,0.0,SW@5.8,7.8,64.4,0.0,137,"Ten Mile, Whatcom County",330025,Ten Mile,2017-12-05 22:22:33.413045
2008-07-24,19:00,67.7,,56.6,67.6,0.0,SW@5.8,7.8,64.5,0.0,108,"Ten Mile, Whatcom County",330025,Ten Mile,2017-12-05 22:22:33.413045
2008-07-24,19:15,65.9,,56.5,71.7,0.0,SW@4.7,6.4,64.6,0.0,42,"Ten Mile, Whatcom County",330025,Ten Mile,2017-12-05 22:22:33.413045
2008-07-24,19:30,63.6,,56.1,76.3,0.01,SW@4.0,4.6,64.7,0.0,35,"Ten Mile, Whatcom County",330025,Ten Mile,2017-12-05 22:22:33.413045
2008-07-24,19:45,62.4,,55.4,78.0,0.01,SW@4.0,4.9,64.8,0.0,28,"Ten Mile, Whatcom County",330025,Ten Mile,2017-12-05 22:22:33.413045
2008-07-24,20:00,61.1,,55.0,80.2,0.02,SW@3.9,4.9,64.8,0.0,10,"Ten Mile, Whatcom County",330025,Ten Mile,2017-12-05 22:22:33.413045
2008-07-24,20:15,60.0,,54.5,81.9,0.05,S@3.2,4.2,64.9,0.0,3,"Ten Mile, Whatcom County",330025,Ten Mile,2017-12-05 22:22:33.413045
2008-07-24,20:30,60.8,,54.3,79.2,0.04,S@3.6,4.6,65.0,0.0,0,"Ten Mile, Whatcom County",330025,Ten Mile,2017-12-05 22:22:33.413045
2008-07-24,20:45,58.3,,53.4,83.7,0.08,S@4.3,4.9,65.0,0.0,0,"Ten Mile, Whatcom County",330025,Ten Mile,2017-12-05 22:22:33.413045
2008-07-24,21:00,58.5,,52.9,81.7,0.04,S@4.1,4.9,65.0,0.0,0,"Ten Mile, Whatcom County",330025,Ten Mile,2017-12-05 22:22:33.413045
2008-07-24,21:15,57.7,,52.6,82.7,0.06,S@4.2,5.3,65.1,0.0,0,"Ten Mile, Whatcom County",330025,Ten Mile,2017-12-05 22:22:33.413045
2008-07-24,21:30,55.3,,52.0,88.6,0.22,SW@3.7,4.2,65.1,0.0,0,"Ten Mile, Whatcom County",330025,Ten Mile,2017-12-05 22:22:33.413045
2008-07-24,21:45,55.0,,52.2,89.9,0.35,SW@3.7,4.2,65.1,0.0,0,"Ten Mile, Whatcom County",330025,Ten Mile,2017-12-05 22:22:33.413045
2008-07-24,22:00,54.9,,52.1,90.4,0.45,SW@3.6,4.6,65.1,0.0,0,"Ten Mile, Whatcom County",330025,Ten Mile,2017-12-05 22:22:33.413045
2008-07-24,22:15,54.5,,51.6,89.7,0.53,SW@2.3,3.5,65.1,0.0,0,"Ten Mile, Whatcom County",330025,Ten Mile,2017-12-05 22:22:33.413045
2008-07-24,22:30,54.8,,52.2,90.6,0.54,SW@2.7,3.9,65.1,0.0,0,"Ten Mile, Whatcom County",330025,Ten Mile,2017-12-05 22:22:33.413045
2008-07-24,22:45,54.1,,51.7,91.5,0.73,S@0.5,2.1,65.1,0.0,0,"Ten Mile, Whatcom County",330025,Ten Mile,2017-12-05 22:22:33.413045
2008-07-24,23:00,54.0,,51.9,92.4,0.85,SE@1.0,2.1,65.1,0.0,0,"Ten Mile, Whatcom County",330025,Ten Mile,2017-12-05 22:22:33.413045
2008-07-25,23:15,53.1,,51.7,95.0,0.9,S@1.8,3.1,65.1,0.0,0,"Ten Mile, Whatcom County",330025,Ten Mile,2017-12-05 22:22:33.413045
2008-07-25,23:30,53.5,,53.0,98.0,0.93,SE@2.0,3.1,65.0,0.0,0,"Ten Mile, Whatcom County",330025,Ten Mile,2017-12-05 22:22:33.413045
2008-07-25,23:45,52.0,,51.3,97.2,0.94,NE@2.5,3.5,65.0,0.0,0,"Ten Mile, Whatcom County",330025,Ten Mile,2017-12-05 22:22:33.413045
2008-07-25,24:00,52.3,,51.8,98.1,0.97,E@0.6,2.4,64.9,0.0,0,"Ten Mile, Whatcom County",330025,Ten Mile,2017-12-05 22:22:33.413045
