Date,Time PST,Air Temp °F, 2<sup>nd</sup> Air Temp °F, Dew Point °F, Rel Hum %, Leaf Wet u., Wind Dir @ Speed mph, Wind Gust mph, 8 in. Soil Tmp °F, Tot Prec in, Solar Rad W/m²,Location,Station ID,Station Name,Download Timestamp
2002-04-03,00:15,39.3,,21.8,49.0,0.0,N@5.6,99999.0,47.5,0.0,0,"Eby, Benton County",100134,Eby,2017-12-11 05:11:31.341633
2002-04-03,00:30,39.1,,21.9,49.7,0.0,N@5.5,99999.0,47.4,0.0,0,"Eby, Benton County",100134,Eby,2017-12-11 05:11:31.341633
2002-04-03,00:45,38.7,,22.0,50.7,0.0,N@6.3,99999.0,47.2,0.0,0,"Eby, Benton County",100134,Eby,2017-12-11 05:11:31.341633
2002-04-03,01:00,38.6,,21.9,50.7,0.0,N@6.5,99999.0,47.0,0.0,0,"Eby, Benton County",100134,Eby,2017-12-11 05:11:31.341633
2002-04-03,01:15,38.1,,21.7,51.2,0.0,N@6.1,99999.0,46.9,0.0,0,"Eby, Benton County",100134,Eby,2017-12-11 05:11:31.341633
2002-04-03,01:30,38.1,,21.7,51.1,0.0,N@6.5,99999.0,46.7,0.0,0,"Eby, Benton County",100134,Eby,2017-12-11 05:11:31.341633
2002-04-03,01:45,38.2,,21.5,50.6,0.0,NW@6.4,99999.0,46.5,0.0,0,"Eby, Benton County",100134,Eby,2017-12-11 05:11:31.341633
2002-04-03,02:00,37.8,,21.3,51.1,0.0,N@6.2,99999.0,46.4,0.0,0,"Eby, Benton County",100134,Eby,2017-12-11 05:11:31.341633
2002-04-03,02:15,37.4,,21.2,51.6,0.0,NW@6.0,99999.0,46.2,0.0,0,"Eby, Benton County",100134,Eby,2017-12-11 05:11:31.341633
2002-04-03,02:30,37.4,,21.1,51.4,0.0,N@5.8,99999.0,46.1,0.0,0,"Eby, Benton County",100134,Eby,2017-12-11 05:11:31.341633
2002-04-03,02:45,37.9,,21.0,50.2,0.0,N@5.8,99999.0,45.9,0.0,0,"Eby, Benton County",100134,Eby,2017-12-11 05:11:31.341633
2002-04-03,03:00,38.2,,21.1,49.9,0.0,N@5.6,99999.0,45.8,0.0,0,"Eby, Benton County",100134,Eby,2017-12-11 05:11:31.341633
2002-04-03,03:15,37.7,,21.0,50.5,0.0,N@5.1,99999.0,45.6,0.0,0,"Eby, Benton County",100134,Eby,2017-12-11 05:11:31.341633
2002-04-03,03:30,38.1,,20.9,49.5,0.0,N@4.9,99999.0,45.5,0.0,0,"Eby, Benton County",100134,Eby,2017-12-11 05:11:31.341633
2002-04-03,03:45,37.0,,20.9,51.8,0.0,N@2.2,99999.0,45.3,0.0,0,"Eby, Benton County",100134,Eby,2017-12-11 05:11:31.341633
2002-04-03,04:00,37.2,,20.7,51.0,0.0,N@3.2,99999.0,45.2,0.0,0,"Eby, Benton County",100134,Eby,2017-12-11 05:11:31.341633
2002-04-03,04:15,36.1,,20.7,53.1,0.0,S@1.2,99999.0,45.1,0.0,0,"Eby, Benton County",100134,Eby,2017-12-11 05:11:31.341633
2002-04-03,04:30,36.6,,20.7,52.2,0.0,W@1.1,99999.0,44.9,0.0,0,"Eby, Benton County",100134,Eby,2017-12-11 05:11:31.341633
2002-04-03,04:45,35.8,,20.3,53.0,0.0,NW@3.0,99999.0,44.8,0.0,0,"Eby, Benton County",100134,Eby,2017-12-11 05:11:31.341633
2002-04-03,05:00,36.6,,20.5,51.7,0.0,NW@4.0,99999.0,44.6,0.0,0,"Eby, Benton County",100134,Eby,2017-12-11 05:11:31.341633
2002-04-03,05:15,39.3,,20.8,47.0,0.0,NW@3.3,99999.0,44.5,0.0,0,"Eby, Benton County",100134,Eby,2017-12-11 05:11:31.341633
2002-04-03,05:30,40.5,,20.9,45.1,0.0,NW@3.2,99999.0,44.3,0.0,0,"Eby, Benton County",100134,Eby,2017-12-11 05:11:31.341633
2002-04-03,05:45,38.1,,21.0,49.6,0.0,NW@3.2,99999.0,44.2,0.0,0,"Eby, Benton County",100134,Eby,2017-12-11 05:11:31.341633
2002-04-03,06:00,36.4,,20.9,53.1,0.0,NW@2.6,99999.0,44.2,0.0,0,"Eby, Benton County",100134,Eby,2017-12-11 05:11:31.341633
2002-04-03,06:15,37.3,,22.3,54.3,0.0,NE@1.1,99999.0,44.1,0.0,0,"Eby, Benton County",100134,Eby,2017-12-11 05:11:31.341633
2002-04-03,06:30,38.3,,22.5,52.6,0.0,E@1.4,99999.0,44.0,0.0,0,"Eby, Benton County",100134,Eby,2017-12-11 05:11:31.341633
2002-04-03,06:45,39.3,,23.6,53.1,0.0,S@1.7,99999.0,43.9,0.0,0,"Eby, Benton County",100134,Eby,2017-12-11 05:11:31.341633
2002-04-03,07:00,40.2,,24.5,53.2,0.0,SE@1.3,99999.0,43.7,0.0,0,"Eby, Benton County",100134,Eby,2017-12-11 05:11:31.341633
2002-04-03,07:15,42.2,,25.1,50.4,0.0,SE@1.5,99999.0,43.6,0.0,0,"Eby, Benton County",100134,Eby,2017-12-11 05:11:31.341633
2002-04-03,07:30,42.7,,25.1,49.6,0.0,SE@2.0,99999.0,43.5,0.0,0,"Eby, Benton County",100134,Eby,2017-12-11 05:11:31.341633
2002-04-03,07:45,44.0,,26.8,50.5,0.0,S@1.6,99999.0,43.5,0.0,0,"Eby, Benton County",100134,Eby,2017-12-11 05:11:31.341633
2002-04-03,08:00,44.7,,27.5,50.6,0.0,SE@3.8,99999.0,43.5,0.0,0,"Eby, Benton County",100134,Eby,2017-12-11 05:11:31.341633
2002-04-03,08:15,45.3,,27.8,50.1,0.0,SE@3.1,99999.0,43.5,0.0,0,"Eby, Benton County",100134,Eby,2017-12-11 05:11:31.341633
2002-04-03,08:30,46.4,,27.9,48.4,0.0,SE@2.6,99999.0,43.5,0.0,0,"Eby, Benton County",100134,Eby,2017-12-11 05:11:31.341633
2002-04-03,08:45,46.7,,28.0,47.8,0.0,S@1.9,99999.0,43.5,0.0,0,"Eby, Benton County",100134,Eby,2017-12-11 05:11:31.341633
2002-04-03,09:00,47.6,,29.7,49.5,0.0,NE@2.7,99999.0,43.6,0.0,0,"Eby, Benton County",100134,Eby,2017-12-11 05:11:31.341633
2002-04-03,09:15,48.2,,30.0,49.2,0.0,E@3.9,99999.0,43.6,0.0,0,"Eby, Benton County",100134,Eby,2017-12-11 05:11:31.341633
2002-04-03,09:30,48.4,,30.6,49.9,0.0,NE@6.1,99999.0,43.7,0.0,0,"Eby, Benton County",100134,Eby,2017-12-11 05:11:31.341633
2002-04-03,09:45,48.7,,30.8,49.7,0.0,N@5.7,99999.0,43.9,0.0,0,"Eby, Benton County",100134,Eby,2017-12-11 05:11:31.341633
2002-04-03,10:00,49.4,,30.1,47.2,0.0,N@6.9,99999.0,44.1,0.0,0,"Eby, Benton County",100134,Eby,2017-12-11 05:11:31.341633
2002-04-03,10:15,50.0,,27.8,41.8,0.0,N@6.0,99999.0,44.3,0.0,0,"Eby, Benton County",100134,Eby,2017-12-11 05:11:31.341633
2002-04-03,10:30,50.5,,27.6,40.8,0.0,N@6.6,99999.0,44.5,0.0,0,"Eby, Benton County",100134,Eby,2017-12-11 05:11:31.341633
2002-04-03,10:45,51.3,,29.3,42.5,0.0,N@7.2,99999.0,44.8,0.0,0,"Eby, Benton County",100134,Eby,2017-12-11 05:11:31.341633
2002-04-03,11:00,51.2,,28.4,41.1,0.0,N@7.1,99999.0,45.1,0.0,0,"Eby, Benton County",100134,Eby,2017-12-11 05:11:31.341633
2002-04-03,11:15,51.5,,28.2,40.3,0.0,N@7.4,99999.0,45.5,0.0,0,"Eby, Benton County",100134,Eby,2017-12-11 05:11:31.341633
2002-04-03,11:30,51.6,,26.5,37.4,0.0,NE@7.4,99999.0,45.8,0.0,0,"Eby, Benton County",100134,Eby,2017-12-11 05:11:31.341633
2002-04-03,11:45,51.6,,25.6,36.1,0.0,NE@7.9,99999.0,46.2,0.0,0,"Eby, Benton County",100134,Eby,2017-12-11 05:11:31.341633
2002-04-03,12:00,52.2,,26.1,36.1,0.0,NE@7.5,99999.0,46.7,0.0,0,"Eby, Benton County",100134,Eby,2017-12-11 05:11:31.341633
2002-04-03,12:15,52.8,,24.5,33.0,0.0,NE@7.8,99999.0,47.1,0.0,0,"Eby, Benton County",100134,Eby,2017-12-11 05:11:31.341633
2002-04-03,12:30,52.9,,24.9,33.4,0.0,NE@7.3,99999.0,47.6,0.0,0,"Eby, Benton County",100134,Eby,2017-12-11 05:11:31.341633
2002-04-03,12:45,53.2,,25.2,33.5,0.0,N@6.4,99999.0,48.0,0.0,0,"Eby, Benton County",100134,Eby,2017-12-11 05:11:31.341633
2002-04-03,13:00,53.6,,25.2,33.0,0.0,NE@6.4,99999.0,48.5,0.0,0,"Eby, Benton County",100134,Eby,2017-12-11 05:11:31.341633
2002-04-03,13:15,54.0,,24.4,31.4,0.0,NE@7.1,99999.0,49.0,0.0,0,"Eby, Benton County",100134,Eby,2017-12-11 05:11:31.341633
2002-04-03,13:30,54.8,,25.6,32.2,0.0,NE@6.8,99999.0,49.5,0.0,0,"Eby, Benton County",100134,Eby,2017-12-11 05:11:31.341633
2002-04-03,13:45,54.7,,24.7,31.0,0.0,NE@7.7,99999.0,50.0,0.0,0,"Eby, Benton County",100134,Eby,2017-12-11 05:11:31.341633
2002-04-03,14:00,55.3,,26.0,32.1,0.0,N@6.2,99999.0,50.4,0.0,0,"Eby, Benton County",100134,Eby,2017-12-11 05:11:31.341633
2002-04-03,14:15,55.5,,27.0,33.2,0.0,NE@6.9,99999.0,50.9,0.0,0,"Eby, Benton County",100134,Eby,2017-12-11 05:11:31.341633
2002-04-03,14:30,55.6,,27.2,33.3,0.0,NE@7.3,99999.0,51.4,0.0,0,"Eby, Benton County",100134,Eby,2017-12-11 05:11:31.341633
2002-04-03,14:45,56.2,,27.8,33.3,0.0,NE@7.0,99999.0,51.8,0.0,0,"Eby, Benton County",100134,Eby,2017-12-11 05:11:31.341633
2002-04-03,15:00,56.5,,28.1,33.5,0.0,NE@7.3,99999.0,52.2,0.0,0,"Eby, Benton County",100134,Eby,2017-12-11 05:11:31.341633
2002-04-03,15:15,56.3,,27.3,32.7,0.0,NE@6.5,99999.0,52.5,0.0,0,"Eby, Benton County",100134,Eby,2017-12-11 05:11:31.341633
2002-04-03,15:30,56.8,,27.8,32.7,0.0,NE@5.9,99999.0,52.9,0.0,0,"Eby, Benton County",100134,Eby,2017-12-11 05:11:31.341633
2002-04-03,15:45,57.0,,28.0,32.8,0.0,NE@6.2,99999.0,53.2,0.0,0,"Eby, Benton County",100134,Eby,2017-12-11 05:11:31.341633
2002-04-03,16:00,56.9,,28.2,33.1,0.0,NE@5.9,99999.0,53.5,0.0,0,"Eby, Benton County",100134,Eby,2017-12-11 05:11:31.341633
2002-04-03,16:15,56.8,,28.5,33.6,0.0,NE@6.5,99999.0,53.8,0.0,0,"Eby, Benton County",100134,Eby,2017-12-11 05:11:31.341633
2002-04-03,16:30,56.7,,29.1,34.5,0.0,N@5.8,99999.0,54.0,0.0,0,"Eby, Benton County",100134,Eby,2017-12-11 05:11:31.341633
2002-04-03,16:45,56.5,,29.1,34.9,0.0,NE@5.8,99999.0,54.2,0.0,0,"Eby, Benton County",100134,Eby,2017-12-11 05:11:31.341633
2002-04-03,17:00,56.1,,29.8,36.4,0.0,NE@5.2,99999.0,54.3,0.0,0,"Eby, Benton County",100134,Eby,2017-12-11 05:11:31.341633
2002-04-03,17:15,55.5,,30.3,38.0,0.0,NE@4.8,99999.0,54.5,0.0,0,"Eby, Benton County",100134,Eby,2017-12-11 05:11:31.341633
2002-04-03,17:30,54.4,,31.4,41.2,0.0,NE@4.3,99999.0,54.6,0.0,0,"Eby, Benton County",100134,Eby,2017-12-11 05:11:31.341633
2002-04-03,17:45,53.0,,32.1,44.7,0.0,N@3.6,99999.0,54.6,0.0,0,"Eby, Benton County",100134,Eby,2017-12-11 05:11:31.341633
2002-04-03,18:00,51.4,,31.5,46.3,0.0,N@4.0,99999.0,54.7,0.0,0,"Eby, Benton County",100134,Eby,2017-12-11 05:11:31.341633
2002-04-03,18:15,51.1,,28.3,41.1,0.0,N@4.3,99999.0,54.6,0.0,0,"Eby, Benton County",100134,Eby,2017-12-11 05:11:31.341633
2002-04-03,18:30,49.2,,26.7,41.3,0.0,N@4.5,99999.0,54.4,0.0,0,"Eby, Benton County",100134,Eby,2017-12-11 05:11:31.341633
2002-04-03,18:45,48.1,,26.1,42.0,0.0,N@5.0,99999.0,54.3,0.0,0,"Eby, Benton County",100134,Eby,2017-12-11 05:11:31.341633
2002-04-03,19:00,47.5,,25.9,42.7,0.0,N@5.1,99999.0,54.1,0.0,0,"Eby, Benton County",100134,Eby,2017-12-11 05:11:31.341633
2002-04-03,19:15,48.3,,25.6,40.8,0.0,N@5.4,99999.0,53.9,0.0,0,"Eby, Benton County",100134,Eby,2017-12-11 05:11:31.341633
2002-04-03,19:30,48.7,,25.1,39.5,0.0,N@5.0,99999.0,53.7,0.0,0,"Eby, Benton County",100134,Eby,2017-12-11 05:11:31.341633
2002-04-03,19:45,48.1,,25.1,40.3,0.0,N@4.1,99999.0,53.5,0.0,0,"Eby, Benton County",100134,Eby,2017-12-11 05:11:31.341633
2002-04-03,20:00,48.3,,23.7,37.7,0.0,N@4.7,99999.0,53.3,0.0,0,"Eby, Benton County",100134,Eby,2017-12-11 05:11:31.341633
2002-04-03,20:15,49.8,,22.9,34.5,0.0,N@3.6,99999.0,53.0,0.0,0,"Eby, Benton County",100134,Eby,2017-12-11 05:11:31.341633
2002-04-03,20:30,49.7,,22.4,34.0,0.0,N@4.8,99999.0,52.7,0.0,0,"Eby, Benton County",100134,Eby,2017-12-11 05:11:31.341633
2002-04-03,20:45,48.0,,22.4,36.1,0.0,N@4.7,99999.0,52.5,0.0,0,"Eby, Benton County",100134,Eby,2017-12-11 05:11:31.341633
2002-04-03,21:00,49.5,,22.0,33.7,0.0,N@4.9,99999.0,52.2,0.0,0,"Eby, Benton County",100134,Eby,2017-12-11 05:11:31.341633
2002-04-03,21:15,48.0,,22.2,35.9,0.0,N@5.0,99999.0,52.0,0.0,0,"Eby, Benton County",100134,Eby,2017-12-11 05:11:31.341633
2002-04-03,21:30,48.1,,22.1,35.5,0.0,N@5.2,99999.0,51.7,0.0,0,"Eby, Benton County",100134,Eby,2017-12-11 05:11:31.341633
2002-04-03,21:45,48.8,,22.4,35.0,0.0,N@5.8,99999.0,51.5,0.0,0,"Eby, Benton County",100134,Eby,2017-12-11 05:11:31.341633
2002-04-03,22:00,47.0,,22.8,38.1,0.0,N@5.4,99999.0,51.2,0.0,0,"Eby, Benton County",100134,Eby,2017-12-11 05:11:31.341633
2002-04-03,22:15,46.4,,23.1,39.4,0.0,NW@5.4,99999.0,51.0,0.0,0,"Eby, Benton County",100134,Eby,2017-12-11 05:11:31.341633
2002-04-03,22:30,46.5,,23.1,39.4,0.0,NW@5.4,99999.0,50.8,0.0,0,"Eby, Benton County",100134,Eby,2017-12-11 05:11:31.341633
2002-04-03,22:45,46.3,,22.5,38.6,0.0,NW@4.9,99999.0,50.5,0.0,0,"Eby, Benton County",100134,Eby,2017-12-11 05:11:31.341633
2002-04-03,23:00,50.0,,21.4,32.1,0.0,N@4.3,99999.0,50.3,0.0,0,"Eby, Benton County",100134,Eby,2017-12-11 05:11:31.341633
2002-04-03,23:15,50.2,,21.4,31.9,0.0,N@4.5,99999.0,49.9,0.0,0,"Eby, Benton County",100134,Eby,2017-12-11 05:11:31.341633
2002-04-03,23:30,47.8,,21.4,34.9,0.0,N@4.8,99999.0,49.7,0.0,0,"Eby, Benton County",100134,Eby,2017-12-11 05:11:31.341633
2002-04-03,23:45,48.5,,21.4,34.0,0.0,N@4.5,99999.0,49.6,0.0,0,"Eby, Benton County",100134,Eby,2017-12-11 05:11:31.341633
2002-04-03,24:00,51.9,,31.2,44.9,0.0,NW@16.0,99999.0,51.8,0.0,0,"Eby, Benton County",100134,Eby,2017-12-11 05:11:31.341633
2002-04-04,00:15,45.1,,23.8,42.8,0.0,NW@5.4,99999.0,49.2,0.0,0,"Eby, Benton County",100134,Eby,2017-12-11 05:11:31.341633
2002-04-04,00:30,46.5,,23.1,39.4,0.0,NW@4.5,99999.0,49.0,0.0,0,"Eby, Benton County",100134,Eby,2017-12-11 05:11:31.341633
2002-04-04,00:45,48.2,,23.1,36.8,0.0,NW@3.2,99999.0,48.8,0.0,0,"Eby, Benton County",100134,Eby,2017-12-11 05:11:31.341633
2002-04-04,01:00,44.2,,22.9,42.5,0.0,W@2.0,99999.0,48.6,0.0,0,"Eby, Benton County",100134,Eby,2017-12-11 05:11:31.341633
2002-04-04,01:15,46.0,,22.6,39.4,0.0,W@2.2,99999.0,48.5,0.0,0,"Eby, Benton County",100134,Eby,2017-12-11 05:11:31.341633
2002-04-04,01:30,44.8,,22.9,41.5,0.0,W@3.0,99999.0,48.3,0.0,0,"Eby, Benton County",100134,Eby,2017-12-11 05:11:31.341633
2002-04-04,01:45,41.1,,23.3,48.7,0.0,NW@4.3,99999.0,48.0,0.0,0,"Eby, Benton County",100134,Eby,2017-12-11 05:11:31.341633
2002-04-04,02:00,41.5,,23.0,47.5,0.0,NW@3.5,99999.0,47.9,0.0,0,"Eby, Benton County",100134,Eby,2017-12-11 05:11:31.341633
2002-04-04,02:15,44.0,,22.3,42.0,0.0,W@2.5,99999.0,47.7,0.0,0,"Eby, Benton County",100134,Eby,2017-12-11 05:11:31.341633
2002-04-04,02:30,45.3,,22.7,40.6,0.0,W@2.4,99999.0,47.5,0.0,0,"Eby, Benton County",100134,Eby,2017-12-11 05:11:31.341633
2002-04-04,02:45,44.3,,22.4,41.5,0.0,W@1.3,99999.0,47.4,0.0,0,"Eby, Benton County",100134,Eby,2017-12-11 05:11:31.341633
2002-04-04,03:00,43.9,,22.2,41.8,0.0,W@1.9,99999.0,47.2,0.0,0,"Eby, Benton County",100134,Eby,2017-12-11 05:11:31.341633
2002-04-04,03:15,43.6,,22.2,42.4,0.0,W@2.9,99999.0,47.0,0.0,0,"Eby, Benton County",100134,Eby,2017-12-11 05:11:31.341633
2002-04-04,03:30,43.2,,22.9,44.2,0.0,W@2.7,99999.0,46.9,0.0,0,"Eby, Benton County",100134,Eby,2017-12-11 05:11:31.341633
2002-04-04,03:45,42.8,,23.6,46.3,0.0,W@2.9,99999.0,46.7,0.0,0,"Eby, Benton County",100134,Eby,2017-12-11 05:11:31.341633
2002-04-04,04:00,42.4,,23.8,47.4,0.0,W@2.1,99999.0,46.5,0.0,0,"Eby, Benton County",100134,Eby,2017-12-11 05:11:31.341633
2002-04-04,04:15,42.6,,25.7,50.9,0.0,SW@2.8,99999.0,46.4,0.0,0,"Eby, Benton County",100134,Eby,2017-12-11 05:11:31.341633
2002-04-04,04:30,41.0,,25.0,52.5,0.0,W@3.7,99999.0,46.2,0.0,0,"Eby, Benton County",100134,Eby,2017-12-11 05:11:31.341633
2002-04-04,04:45,39.1,,24.9,56.5,0.0,W@2.3,99999.0,46.0,0.0,0,"Eby, Benton County",100134,Eby,2017-12-11 05:11:31.341633
2002-04-04,05:00,41.1,,26.1,54.8,0.0,SW@1.8,99999.0,45.9,0.0,0,"Eby, Benton County",100134,Eby,2017-12-11 05:11:31.341633
2002-04-04,05:15,41.3,,26.7,55.7,0.0,SW@2.8,99999.0,45.7,0.0,0,"Eby, Benton County",100134,Eby,2017-12-11 05:11:31.341633
2002-04-04,05:30,40.9,,26.5,56.2,0.0,W@2.0,99999.0,45.6,0.0,0,"Eby, Benton County",100134,Eby,2017-12-11 05:11:31.341633
2002-04-04,05:45,40.9,,25.4,53.8,0.0,NW@2.0,99999.0,45.4,0.0,0,"Eby, Benton County",100134,Eby,2017-12-11 05:11:31.341633
2002-04-04,06:00,41.9,,24.7,50.1,0.0,SW@1.3,99999.0,45.4,0.0,0,"Eby, Benton County",100134,Eby,2017-12-11 05:11:31.341633
2002-04-04,06:15,42.1,,25.5,51.6,0.0,W@2.3,99999.0,45.3,0.0,0,"Eby, Benton County",100134,Eby,2017-12-11 05:11:31.341633
2002-04-04,06:30,44.2,,26.9,50.3,0.0,NW@1.1,99999.0,45.2,0.0,0,"Eby, Benton County",100134,Eby,2017-12-11 05:11:31.341633
2002-04-04,06:45,48.0,,27.5,44.6,0.0,W@1.2,99999.0,45.1,0.0,0,"Eby, Benton County",100134,Eby,2017-12-11 05:11:31.341633
2002-04-04,07:00,50.3,,29.0,43.6,0.0,S@2.3,99999.0,44.9,0.0,0,"Eby, Benton County",100134,Eby,2017-12-11 05:11:31.341633
2002-04-04,07:15,47.7,,31.1,52.4,0.0,S@3.7,99999.0,44.9,0.0,0,"Eby, Benton County",100134,Eby,2017-12-11 05:11:31.341633
2002-04-04,07:30,46.9,,30.6,52.9,0.0,SE@2.1,99999.0,44.9,0.0,0,"Eby, Benton County",100134,Eby,2017-12-11 05:11:31.341633
2002-04-04,07:45,46.9,,31.0,53.7,0.0,S@3.0,99999.0,44.9,0.0,0,"Eby, Benton County",100134,Eby,2017-12-11 05:11:31.341633
2002-04-04,08:00,47.8,,31.7,53.3,0.0,S@3.5,99999.0,44.8,0.0,0,"Eby, Benton County",100134,Eby,2017-12-11 05:11:31.341633
2002-04-04,08:15,49.7,,32.3,50.9,0.0,SE@3.8,99999.0,44.8,0.0,0,"Eby, Benton County",100134,Eby,2017-12-11 05:11:31.341633
2002-04-04,08:30,50.8,,31.9,48.2,0.0,SE@3.4,99999.0,44.8,0.0,0,"Eby, Benton County",100134,Eby,2017-12-11 05:11:31.341633
2002-04-04,08:45,53.2,,32.9,45.7,0.0,SE@1.8,99999.0,44.8,0.0,0,"Eby, Benton County",100134,Eby,2017-12-11 05:11:31.341633
2002-04-04,09:00,55.0,,33.9,44.7,0.0,E@3.0,99999.0,44.8,0.0,0,"Eby, Benton County",100134,Eby,2017-12-11 05:11:31.341633
2002-04-04,09:15,55.4,,34.1,44.4,0.0,E@3.6,99999.0,44.8,0.0,0,"Eby, Benton County",100134,Eby,2017-12-11 05:11:31.341633
2002-04-04,09:30,56.4,,37.4,48.9,0.0,NE@4.2,99999.0,45.0,0.0,0,"Eby, Benton County",100134,Eby,2017-12-11 05:11:31.341633
2002-04-04,09:45,56.2,,36.5,47.3,0.0,NE@4.5,99999.0,45.1,0.0,0,"Eby, Benton County",100134,Eby,2017-12-11 05:11:31.341633
2002-04-04,10:00,56.6,,35.7,45.3,0.0,NE@3.9,99999.0,45.3,0.0,0,"Eby, Benton County",100134,Eby,2017-12-11 05:11:31.341633
2002-04-04,10:15,57.3,,35.0,43.0,0.0,NE@4.6,99999.0,45.5,0.0,0,"Eby, Benton County",100134,Eby,2017-12-11 05:11:31.341633
2002-04-04,10:30,57.8,,33.9,40.3,0.0,NE@4.6,99999.0,45.7,0.0,0,"Eby, Benton County",100134,Eby,2017-12-11 05:11:31.341633
2002-04-04,10:45,58.5,,33.4,38.7,0.0,NE@5.0,99999.0,46.0,0.0,0,"Eby, Benton County",100134,Eby,2017-12-11 05:11:31.341633
2002-04-04,11:00,58.6,,34.2,39.8,0.0,NE@5.5,99999.0,46.3,0.0,0,"Eby, Benton County",100134,Eby,2017-12-11 05:11:31.341633
2002-04-04,11:15,58.6,,33.0,37.9,0.0,NE@5.5,99999.0,46.7,0.0,0,"Eby, Benton County",100134,Eby,2017-12-11 05:11:31.341633
2002-04-04,11:30,59.1,,33.3,37.7,0.0,NE@6.1,99999.0,47.1,0.0,0,"Eby, Benton County",100134,Eby,2017-12-11 05:11:31.341633
2002-04-04,11:45,59.6,,34.1,38.3,0.0,NE@6.4,99999.0,47.6,0.0,0,"Eby, Benton County",100134,Eby,2017-12-11 05:11:31.341633
2002-04-04,12:00,59.4,,33.0,36.7,0.0,NE@7.1,99999.0,48.0,0.0,0,"Eby, Benton County",100134,Eby,2017-12-11 05:11:31.341633
2002-04-04,12:15,59.8,,33.4,36.9,0.0,NE@7.4,99999.0,48.5,0.0,0,"Eby, Benton County",100134,Eby,2017-12-11 05:11:31.341633
2002-04-04,12:30,59.9,,31.7,34.4,0.0,NE@7.2,99999.0,49.0,0.0,0,"Eby, Benton County",100134,Eby,2017-12-11 05:11:31.341633
2002-04-04,12:45,60.4,,31.5,33.4,0.0,NE@6.6,99999.0,49.5,0.0,0,"Eby, Benton County",100134,Eby,2017-12-11 05:11:31.341633
2002-04-04,13:00,61.3,,32.8,34.1,0.0,NE@6.8,99999.0,49.9,0.0,0,"Eby, Benton County",100134,Eby,2017-12-11 05:11:31.341633
2002-04-04,13:15,61.6,,31.9,32.5,0.0,NE@7.1,99999.0,50.5,0.0,0,"Eby, Benton County",100134,Eby,2017-12-11 05:11:31.341633
2002-04-04,13:30,62.0,,32.5,32.8,0.0,NE@7.7,99999.0,50.9,0.0,0,"Eby, Benton County",100134,Eby,2017-12-11 05:11:31.341633
2002-04-04,13:45,62.7,,33.6,33.5,0.0,NE@8.4,99999.0,51.4,0.0,0,"Eby, Benton County",100134,Eby,2017-12-11 05:11:31.341633
2002-04-04,14:00,63.1,,33.8,33.4,0.0,NE@8.9,99999.0,51.9,0.0,0,"Eby, Benton County",100134,Eby,2017-12-11 05:11:31.341633
2002-04-04,14:15,63.3,,34.2,33.7,0.0,NE@10.0,99999.0,52.4,0.0,0,"Eby, Benton County",100134,Eby,2017-12-11 05:11:31.341633
2002-04-04,14:30,63.5,,34.7,33.9,0.0,NE@9.8,99999.0,52.8,0.0,0,"Eby, Benton County",100134,Eby,2017-12-11 05:11:31.341633
2002-04-04,14:45,63.6,,35.4,35.0,0.0,N@9.8,99999.0,53.3,0.0,0,"Eby, Benton County",100134,Eby,2017-12-11 05:11:31.341633
2002-04-04,15:00,63.7,,35.8,35.3,0.0,N@10.5,99999.0,53.7,0.0,0,"Eby, Benton County",100134,Eby,2017-12-11 05:11:31.341633
2002-04-04,15:15,64.1,,36.6,36.0,0.0,NE@10.4,99999.0,54.0,0.0,0,"Eby, Benton County",100134,Eby,2017-12-11 05:11:31.341633
2002-04-04,15:30,64.1,,36.3,35.5,0.0,N@10.7,99999.0,54.4,0.0,0,"Eby, Benton County",100134,Eby,2017-12-11 05:11:31.341633
2002-04-04,15:45,64.2,,36.6,35.8,0.0,N@9.7,99999.0,54.7,0.0,0,"Eby, Benton County",100134,Eby,2017-12-11 05:11:31.341633
2002-04-04,16:00,64.2,,36.1,35.1,0.0,N@9.7,99999.0,55.0,0.0,0,"Eby, Benton County",100134,Eby,2017-12-11 05:11:31.341633
2002-04-04,16:15,64.2,,37.0,36.4,0.0,N@9.0,99999.0,55.2,0.0,0,"Eby, Benton County",100134,Eby,2017-12-11 05:11:31.341633
2002-04-04,16:30,64.1,,36.9,36.3,0.0,N@9.2,99999.0,55.5,0.0,0,"Eby, Benton County",100134,Eby,2017-12-11 05:11:31.341633
2002-04-04,16:45,63.9,,36.8,36.5,0.0,N@8.9,99999.0,55.6,0.0,0,"Eby, Benton County",100134,Eby,2017-12-11 05:11:31.341633
2002-04-04,17:00,63.5,,37.1,37.4,0.0,N@8.4,99999.0,55.8,0.0,0,"Eby, Benton County",100134,Eby,2017-12-11 05:11:31.341633
2002-04-04,17:15,63.1,,37.2,38.2,0.0,N@8.0,99999.0,55.9,0.0,0,"Eby, Benton County",100134,Eby,2017-12-11 05:11:31.341633
2002-04-04,17:30,62.2,,37.8,40.3,0.0,N@6.9,99999.0,56.0,0.0,0,"Eby, Benton County",100134,Eby,2017-12-11 05:11:31.341633
2002-04-04,17:45,60.5,,38.0,43.2,0.0,N@6.5,99999.0,56.1,0.0,0,"Eby, Benton County",100134,Eby,2017-12-11 05:11:31.341633
2002-04-04,18:00,59.1,,37.3,44.2,0.0,N@7.4,99999.0,56.1,0.0,0,"Eby, Benton County",100134,Eby,2017-12-11 05:11:31.341633
2002-04-04,18:15,58.8,,35.5,41.5,0.0,N@8.2,99999.0,56.1,0.0,0,"Eby, Benton County",100134,Eby,2017-12-11 05:11:31.341633
2002-04-04,18:30,57.6,,34.1,40.9,0.0,N@7.9,99999.0,56.0,0.0,0,"Eby, Benton County",100134,Eby,2017-12-11 05:11:31.341633
2002-04-04,18:45,56.3,,33.6,42.0,0.0,N@7.6,99999.0,55.9,0.0,0,"Eby, Benton County",100134,Eby,2017-12-11 05:11:31.341633
2002-04-04,19:00,55.8,,34.3,44.2,0.0,N@7.1,99999.0,55.8,0.0,0,"Eby, Benton County",100134,Eby,2017-12-11 05:11:31.341633
2002-04-04,19:15,54.7,,34.9,47.0,0.0,N@7.2,99999.0,55.6,0.0,0,"Eby, Benton County",100134,Eby,2017-12-11 05:11:31.341633
2002-04-04,19:30,54.1,,35.1,48.5,0.0,N@7.6,99999.0,55.5,0.0,0,"Eby, Benton County",100134,Eby,2017-12-11 05:11:31.341633
2002-04-04,19:45,53.8,,34.6,48.1,0.0,N@7.8,99999.0,55.3,0.0,0,"Eby, Benton County",100134,Eby,2017-12-11 05:11:31.341633
2002-04-04,20:00,54.4,,33.5,44.9,0.0,N@8.4,99999.0,55.0,0.0,0,"Eby, Benton County",100134,Eby,2017-12-11 05:11:31.341633
2002-04-04,20:15,54.2,,32.9,44.3,0.0,N@8.0,99999.0,54.8,0.0,0,"Eby, Benton County",100134,Eby,2017-12-11 05:11:31.341633
2002-04-04,20:30,54.5,,33.0,43.9,0.0,N@8.0,99999.0,54.6,0.0,0,"Eby, Benton County",100134,Eby,2017-12-11 05:11:31.341633
2002-04-04,20:45,54.3,,33.5,45.2,0.0,N@7.7,99999.0,54.3,0.0,0,"Eby, Benton County",100134,Eby,2017-12-11 05:11:31.341633
2002-04-04,21:00,54.0,,33.8,46.2,0.0,N@7.3,99999.0,54.2,0.0,0,"Eby, Benton County",100134,Eby,2017-12-11 05:11:31.341633
2002-04-04,21:15,54.1,,33.4,45.3,0.0,N@7.3,99999.0,53.9,0.0,0,"Eby, Benton County",100134,Eby,2017-12-11 05:11:31.341633
2002-04-04,21:30,54.4,,32.9,43.8,0.0,N@8.3,99999.0,53.7,0.0,0,"Eby, Benton County",100134,Eby,2017-12-11 05:11:31.341633
2002-04-04,21:45,54.9,,32.6,42.5,0.0,N@9.4,99999.0,53.5,0.0,0,"Eby, Benton County",100134,Eby,2017-12-11 05:11:31.341633
2002-04-04,22:00,55.2,,32.7,42.4,0.0,N@9.6,99999.0,53.2,0.0,0,"Eby, Benton County",100134,Eby,2017-12-11 05:11:31.341633
2002-04-04,22:15,55.2,,32.8,42.4,0.0,N@10.1,99999.0,53.0,0.0,0,"Eby, Benton County",100134,Eby,2017-12-11 05:11:31.341633
2002-04-04,22:30,54.7,,33.0,43.5,0.0,N@9.5,99999.0,52.8,0.0,0,"Eby, Benton County",100134,Eby,2017-12-11 05:11:31.341633
2002-04-04,22:45,54.1,,32.8,44.1,0.0,N@9.1,99999.0,52.6,0.0,0,"Eby, Benton County",100134,Eby,2017-12-11 05:11:31.341633
2002-04-04,23:00,54.2,,32.5,43.5,0.0,N@10.7,99999.0,52.5,0.0,0,"Eby, Benton County",100134,Eby,2017-12-11 05:11:31.341633
2002-04-04,23:15,53.8,,32.2,43.6,0.0,N@12.5,99999.0,52.3,0.0,0,"Eby, Benton County",100134,Eby,2017-12-11 05:11:31.341633
2002-04-04,23:30,53.5,,32.0,43.7,0.0,N@13.0,99999.0,52.1,0.0,0,"Eby, Benton County",100134,Eby,2017-12-11 05:11:31.341633
2002-04-04,23:45,52.5,,31.7,44.8,0.0,NW@12.5,99999.0,52.0,0.0,0,"Eby, Benton County",100134,Eby,2017-12-11 05:11:31.341633
2002-04-04,24:00,47.4,,42.0,81.4,0.0,SW@10.3,99999.0,51.2,0.0,0,"Eby, Benton County",100134,Eby,2017-12-11 05:11:31.341633
2002-04-05,00:15,52.3,,31.1,44.2,0.0,NW@17.3,99999.0,51.7,0.0,0,"Eby, Benton County",100134,Eby,2017-12-11 05:11:31.341633
2002-04-05,00:30,52.4,,31.2,44.0,0.0,NW@17.4,99999.0,51.5,0.0,0,"Eby, Benton County",100134,Eby,2017-12-11 05:11:31.341633
2002-04-05,00:45,52.6,,31.2,43.7,0.0,NW@17.4,99999.0,51.3,0.0,0,"Eby, Benton County",100134,Eby,2017-12-11 05:11:31.341633
2002-04-05,01:00,52.5,,31.0,43.6,0.0,NW@17.5,99999.0,51.2,0.0,0,"Eby, Benton County",100134,Eby,2017-12-11 05:11:31.341633
2002-04-05,01:15,52.6,,30.9,43.1,0.0,NW@17.4,99999.0,51.0,0.0,0,"Eby, Benton County",100134,Eby,2017-12-11 05:11:31.341633
2002-04-05,01:30,52.5,,30.9,43.5,0.0,NW@17.7,99999.0,50.9,0.0,0,"Eby, Benton County",100134,Eby,2017-12-11 05:11:31.341633
2002-04-05,01:45,52.5,,30.9,43.4,0.0,NW@16.7,99999.0,50.8,0.0,0,"Eby, Benton County",100134,Eby,2017-12-11 05:11:31.341633
2002-04-05,02:00,51.8,,30.8,44.4,0.0,NW@15.8,99999.0,50.7,0.0,0,"Eby, Benton County",100134,Eby,2017-12-11 05:11:31.341633
2002-04-05,02:15,51.5,,31.0,45.3,0.0,NW@16.4,99999.0,50.6,0.0,0,"Eby, Benton County",100134,Eby,2017-12-11 05:11:31.341633
2002-04-05,02:30,51.7,,30.9,44.7,0.0,NW@14.2,99999.0,50.4,0.0,0,"Eby, Benton County",100134,Eby,2017-12-11 05:11:31.341633
2002-04-05,02:45,50.8,,31.0,46.4,0.0,W@3.1,99999.0,50.3,0.0,0,"Eby, Benton County",100134,Eby,2017-12-11 05:11:31.341633
2002-04-05,03:00,49.1,,30.7,48.9,0.0,E@1.5,99999.0,50.2,0.0,0,"Eby, Benton County",100134,Eby,2017-12-11 05:11:31.341633
2002-04-05,03:15,48.8,,30.9,49.6,0.0,S@2.2,99999.0,50.1,0.0,0,"Eby, Benton County",100134,Eby,2017-12-11 05:11:31.341633
2002-04-05,03:30,49.6,,31.0,48.6,0.0,SE@3.4,99999.0,50.0,0.0,0,"Eby, Benton County",100134,Eby,2017-12-11 05:11:31.341633
2002-04-05,03:45,50.6,,30.9,46.5,0.0,W@4.0,99999.0,49.8,0.0,0,"Eby, Benton County",100134,Eby,2017-12-11 05:11:31.341633
2002-04-05,04:00,51.3,,30.9,45.3,0.0,NW@3.2,99999.0,49.7,0.0,0,"Eby, Benton County",100134,Eby,2017-12-11 05:11:31.341633
2002-04-05,04:15,48.6,,31.9,52.2,0.0,SW@1.7,99999.0,49.6,0.0,0,"Eby, Benton County",100134,Eby,2017-12-11 05:11:31.341633
2002-04-05,04:30,46.4,,31.3,55.4,0.0,W@1.9,99999.0,49.5,0.0,0,"Eby, Benton County",100134,Eby,2017-12-11 05:11:31.341633
2002-04-05,04:45,47.5,,31.1,52.7,0.0,W@3.0,99999.0,49.4,0.0,0,"Eby, Benton County",100134,Eby,2017-12-11 05:11:31.341633
2002-04-05,05:00,46.3,,31.3,55.6,0.0,W@3.4,99999.0,49.3,0.0,0,"Eby, Benton County",100134,Eby,2017-12-11 05:11:31.341633
2002-04-05,05:15,46.2,,31.0,55.1,0.0,W@2.5,99999.0,49.1,0.0,0,"Eby, Benton County",100134,Eby,2017-12-11 05:11:31.341633
2002-04-05,05:30,46.2,,31.2,55.6,0.0,W@2.6,99999.0,49.0,0.0,0,"Eby, Benton County",100134,Eby,2017-12-11 05:11:31.341633
2002-04-05,05:45,44.6,,30.8,58.1,0.0,W@2.7,99999.0,48.9,0.0,0,"Eby, Benton County",100134,Eby,2017-12-11 05:11:31.341633
2002-04-05,06:00,46.4,,31.3,55.4,0.0,W@2.7,99999.0,48.8,0.0,0,"Eby, Benton County",100134,Eby,2017-12-11 05:11:31.341633
2002-04-05,06:15,46.0,,31.5,56.8,0.0,W@1.4,99999.0,48.7,0.0,0,"Eby, Benton County",100134,Eby,2017-12-11 05:11:31.341633
2002-04-05,06:30,46.8,,32.3,56.8,0.0,SW@1.0,99999.0,48.6,0.0,0,"Eby, Benton County",100134,Eby,2017-12-11 05:11:31.341633
2002-04-05,06:45,48.3,,34.9,59.6,0.0,N@0.8,99999.0,48.5,0.0,0,"Eby, Benton County",100134,Eby,2017-12-11 05:11:31.341633
2002-04-05,07:00,48.8,,35.4,59.6,0.0,N@2.5,99999.0,48.4,0.0,0,"Eby, Benton County",100134,Eby,2017-12-11 05:11:31.341633
2002-04-05,07:15,48.2,,35.4,61.1,0.0,N@4.8,99999.0,48.3,0.0,0,"Eby, Benton County",100134,Eby,2017-12-11 05:11:31.341633
2002-04-05,07:30,48.3,,34.6,58.9,0.0,N@3.5,99999.0,48.2,0.0,0,"Eby, Benton County",100134,Eby,2017-12-11 05:11:31.341633
2002-04-05,07:45,49.4,,34.2,55.7,0.0,S@3.2,99999.0,48.2,0.0,0,"Eby, Benton County",100134,Eby,2017-12-11 05:11:31.341633
2002-04-05,08:00,50.0,,35.6,57.5,0.0,S@4.8,99999.0,48.2,0.0,0,"Eby, Benton County",100134,Eby,2017-12-11 05:11:31.341633
2002-04-05,08:15,50.1,,36.2,58.7,0.0,S@3.8,99999.0,48.2,0.0,0,"Eby, Benton County",100134,Eby,2017-12-11 05:11:31.341633
2002-04-05,08:30,49.8,,37.5,62.4,0.0,S@1.9,99999.0,48.2,0.0,0,"Eby, Benton County",100134,Eby,2017-12-11 05:11:31.341633
2002-04-05,08:45,51.3,,37.1,58.3,0.0,S@2.6,99999.0,48.2,0.0,0,"Eby, Benton County",100134,Eby,2017-12-11 05:11:31.341633
2002-04-05,09:00,52.3,,37.8,57.6,0.0,S@3.8,99999.0,48.2,0.0,0,"Eby, Benton County",100134,Eby,2017-12-11 05:11:31.341633
2002-04-05,09:15,52.7,,37.3,55.5,0.0,S@6.8,99999.0,48.2,0.0,0,"Eby, Benton County",100134,Eby,2017-12-11 05:11:31.341633
2002-04-05,09:30,52.8,,36.9,54.7,0.0,S@6.6,99999.0,48.3,0.0,0,"Eby, Benton County",100134,Eby,2017-12-11 05:11:31.341633
2002-04-05,09:45,51.9,,36.6,55.6,0.0,S@4.9,99999.0,48.3,0.0,0,"Eby, Benton County",100134,Eby,2017-12-11 05:11:31.341633
2002-04-05,10:00,52.8,,36.8,54.3,0.0,S@5.5,99999.0,48.4,0.0,0,"Eby, Benton County",100134,Eby,2017-12-11 05:11:31.341633
2002-04-05,10:15,52.8,,36.5,53.8,0.0,S@4.8,99999.0,48.5,0.0,0,"Eby, Benton County",100134,Eby,2017-12-11 05:11:31.341633
2002-04-05,10:30,52.3,,37.1,55.9,0.0,S@6.5,99999.0,48.6,0.0,0,"Eby, Benton County",100134,Eby,2017-12-11 05:11:31.341633
2002-04-05,10:45,52.1,,36.8,55.8,0.0,S@1.9,99999.0,48.7,0.0,0,"Eby, Benton County",100134,Eby,2017-12-11 05:11:31.341633
2002-04-05,11:00,52.8,,37.3,55.3,0.0,S@4.7,99999.0,48.8,0.0,0,"Eby, Benton County",100134,Eby,2017-12-11 05:11:31.341633
2002-04-05,11:15,52.4,,36.8,55.1,0.0,SW@3.9,99999.0,48.9,0.0,0,"Eby, Benton County",100134,Eby,2017-12-11 05:11:31.341633
2002-04-05,11:30,53.8,,36.6,52.0,0.0,SW@3.2,99999.0,49.0,0.0,0,"Eby, Benton County",100134,Eby,2017-12-11 05:11:31.341633
2002-04-05,11:45,55.3,,35.7,47.4,0.0,SW@2.9,99999.0,49.0,0.0,0,"Eby, Benton County",100134,Eby,2017-12-11 05:11:31.341633
2002-04-05,12:00,57.1,,36.3,45.5,0.0,SW@3.2,99999.0,49.1,0.0,0,"Eby, Benton County",100134,Eby,2017-12-11 05:11:31.341633
2002-04-05,12:15,58.3,,35.6,42.5,0.0,SW@2.9,99999.0,49.2,0.0,0,"Eby, Benton County",100134,Eby,2017-12-11 05:11:31.341633
2002-04-05,12:30,59.2,,39.0,47.0,0.0,NW@2.4,99999.0,49.3,0.0,0,"Eby, Benton County",100134,Eby,2017-12-11 05:11:31.341633
2002-04-05,12:45,61.2,,37.3,40.9,0.0,SW@3.6,99999.0,49.5,0.0,0,"Eby, Benton County",100134,Eby,2017-12-11 05:11:31.341633
2002-04-05,13:00,62.0,,37.8,40.5,0.0,SW@5.6,99999.0,49.6,0.0,0,"Eby, Benton County",100134,Eby,2017-12-11 05:11:31.341633
2002-04-05,13:15,61.7,,37.4,40.3,0.0,SW@7.2,99999.0,49.8,0.0,0,"Eby, Benton County",100134,Eby,2017-12-11 05:11:31.341633
2002-04-05,13:30,62.1,,37.8,40.5,0.0,SW@9.0,99999.0,50.0,0.0,0,"Eby, Benton County",100134,Eby,2017-12-11 05:11:31.341633
2002-04-05,13:45,62.4,,37.2,39.1,0.0,W@7.2,99999.0,50.3,0.0,0,"Eby, Benton County",100134,Eby,2017-12-11 05:11:31.341633
2002-04-05,14:00,62.2,,36.5,38.4,0.0,W@7.8,99999.0,50.6,0.0,0,"Eby, Benton County",100134,Eby,2017-12-11 05:11:31.341633
2002-04-05,14:15,61.6,,37.2,40.2,0.0,SW@10.1,99999.0,50.9,0.0,0,"Eby, Benton County",100134,Eby,2017-12-11 05:11:31.341633
2002-04-05,14:30,62.4,,38.2,40.6,0.0,SW@10.4,99999.0,51.2,0.0,0,"Eby, Benton County",100134,Eby,2017-12-11 05:11:31.341633
2002-04-05,14:45,62.3,,37.0,38.9,0.0,SW@10.8,99999.0,51.5,0.0,0,"Eby, Benton County",100134,Eby,2017-12-11 05:11:31.341633
2002-04-05,15:00,62.3,,36.1,37.6,0.0,SW@9.9,99999.0,51.8,0.0,0,"Eby, Benton County",100134,Eby,2017-12-11 05:11:31.341633
2002-04-05,15:15,62.4,,37.0,38.9,0.0,SW@10.1,99999.0,52.0,0.0,0,"Eby, Benton County",100134,Eby,2017-12-11 05:11:31.341633
2002-04-05,15:30,61.8,,38.8,42.5,0.0,SW@9.5,99999.0,52.3,0.0,0,"Eby, Benton County",100134,Eby,2017-12-11 05:11:31.341633
2002-04-05,15:45,61.7,,38.8,42.5,0.0,SW@9.8,99999.0,52.5,0.0,0,"Eby, Benton County",100134,Eby,2017-12-11 05:11:31.341633
2002-04-05,16:00,61.6,,39.9,44.6,0.0,SW@9.4,99999.0,52.7,0.0,0,"Eby, Benton County",100134,Eby,2017-12-11 05:11:31.341633
2002-04-05,16:15,61.4,,41.4,47.7,0.0,SW@9.8,99999.0,52.9,0.0,0,"Eby, Benton County",100134,Eby,2017-12-11 05:11:31.341633
2002-04-05,16:30,61.2,,40.9,47.2,0.0,SW@10.1,99999.0,53.0,0.0,0,"Eby, Benton County",100134,Eby,2017-12-11 05:11:31.341633
2002-04-05,16:45,60.3,,44.2,55.4,0.0,SW@12.4,99999.0,53.1,0.0,0,"Eby, Benton County",100134,Eby,2017-12-11 05:11:31.341633
2002-04-05,17:00,59.1,,45.4,60.3,0.0,SW@11.4,99999.0,53.2,0.0,0,"Eby, Benton County",100134,Eby,2017-12-11 05:11:31.341633
2002-04-05,17:15,58.5,,45.5,61.8,0.0,SW@11.2,99999.0,53.3,0.0,0,"Eby, Benton County",100134,Eby,2017-12-11 05:11:31.341633
2002-04-05,17:30,57.9,,46.2,64.9,0.0,SW@9.3,99999.0,53.3,0.0,0,"Eby, Benton County",100134,Eby,2017-12-11 05:11:31.341633
2002-04-05,17:45,57.3,,45.8,65.5,0.0,SW@9.3,99999.0,53.4,0.0,0,"Eby, Benton County",100134,Eby,2017-12-11 05:11:31.341633
2002-04-05,18:00,56.5,,45.2,65.7,0.0,SW@8.4,99999.0,53.4,0.0,0,"Eby, Benton County",100134,Eby,2017-12-11 05:11:31.341633
2002-04-05,18:15,55.9,,44.9,66.4,0.0,SW@7.5,99999.0,53.4,0.0,0,"Eby, Benton County",100134,Eby,2017-12-11 05:11:31.341633
2002-04-05,18:30,55.3,,44.8,67.5,0.0,SW@5.7,99999.0,53.3,0.0,0,"Eby, Benton County",100134,Eby,2017-12-11 05:11:31.341633
2002-04-05,18:45,55.0,,44.8,68.5,0.0,SW@6.2,99999.0,53.3,0.0,0,"Eby, Benton County",100134,Eby,2017-12-11 05:11:31.341633
2002-04-05,19:00,54.1,,45.2,71.9,0.0,SW@3.2,99999.0,53.3,0.0,0,"Eby, Benton County",100134,Eby,2017-12-11 05:11:31.341633
2002-04-05,19:15,53.3,,46.2,76.6,0.0,SW@2.2,99999.0,53.2,0.0,0,"Eby, Benton County",100134,Eby,2017-12-11 05:11:31.341633
2002-04-05,19:30,52.8,,46.6,79.4,0.0,SW@4.2,99999.0,53.2,0.0,0,"Eby, Benton County",100134,Eby,2017-12-11 05:11:31.341633
2002-04-05,19:45,52.0,,46.5,81.3,0.0,W@4.2,99999.0,53.1,0.0,0,"Eby, Benton County",100134,Eby,2017-12-11 05:11:31.341633
2002-04-05,20:00,51.6,,46.0,81.1,0.0,SW@4.4,99999.0,53.0,0.0,0,"Eby, Benton County",100134,Eby,2017-12-11 05:11:31.341633
2002-04-05,20:15,51.7,,45.6,79.5,0.0,W@7.3,99999.0,52.9,0.0,0,"Eby, Benton County",100134,Eby,2017-12-11 05:11:31.341633
2002-04-05,20:30,51.4,,44.6,77.5,0.0,W@8.3,99999.0,52.8,0.0,0,"Eby, Benton County",100134,Eby,2017-12-11 05:11:31.341633
2002-04-05,20:45,50.9,,44.6,78.9,0.0,W@8.0,99999.0,52.7,0.0,0,"Eby, Benton County",100134,Eby,2017-12-11 05:11:31.341633
2002-04-05,21:00,50.4,,44.4,79.7,0.0,W@7.9,99999.0,52.6,0.0,0,"Eby, Benton County",100134,Eby,2017-12-11 05:11:31.341633
2002-04-05,21:15,50.1,,44.0,79.4,0.0,SW@9.3,99999.0,52.4,0.0,0,"Eby, Benton County",100134,Eby,2017-12-11 05:11:31.341633
2002-04-05,21:30,50.2,,43.2,76.8,0.0,SW@9.9,99999.0,52.3,0.0,0,"Eby, Benton County",100134,Eby,2017-12-11 05:11:31.341633
2002-04-05,21:45,49.7,,42.9,77.3,0.0,SW@8.3,99999.0,52.2,0.0,0,"Eby, Benton County",100134,Eby,2017-12-11 05:11:31.341633
2002-04-05,22:00,48.6,,42.6,79.7,0.0,W@9.0,99999.0,52.1,0.0,0,"Eby, Benton County",100134,Eby,2017-12-11 05:11:31.341633
2002-04-05,22:15,49.2,,42.3,76.7,0.0,W@11.1,99999.0,52.0,0.0,0,"Eby, Benton County",100134,Eby,2017-12-11 05:11:31.341633
2002-04-05,22:30,48.9,,42.2,77.6,0.0,SW@10.9,99999.0,51.9,0.0,0,"Eby, Benton County",100134,Eby,2017-12-11 05:11:31.341633
2002-04-05,22:45,48.7,,42.1,77.7,0.0,SW@13.4,99999.0,51.7,0.0,0,"Eby, Benton County",100134,Eby,2017-12-11 05:11:31.341633
2002-04-05,23:00,48.6,,42.1,78.0,0.0,SW@12.1,99999.0,51.6,0.0,0,"Eby, Benton County",100134,Eby,2017-12-11 05:11:31.341633
2002-04-05,23:15,48.3,,42.2,79.1,0.0,W@10.3,99999.0,51.5,0.0,0,"Eby, Benton County",100134,Eby,2017-12-11 05:11:31.341633
2002-04-05,23:30,47.4,,42.2,82.1,0.0,SW@9.9,99999.0,51.4,0.0,0,"Eby, Benton County",100134,Eby,2017-12-11 05:11:31.341633
2002-04-05,23:45,46.9,,41.9,82.6,0.0,SW@7.6,99999.0,51.3,0.0,0,"Eby, Benton County",100134,Eby,2017-12-11 05:11:31.341633
2002-04-05,24:00,46.1,,39.8,78.4,0.0,SW@15.7,99999.0,50.7,0.0,0,"Eby, Benton County",100134,Eby,2017-12-11 05:11:31.341633
2002-04-06,00:15,46.9,,41.9,82.6,0.0,SW@11.6,99999.0,51.1,0.0,0,"Eby, Benton County",100134,Eby,2017-12-11 05:11:31.341633
2002-04-06,00:30,46.6,,41.8,83.3,0.0,SW@11.8,99999.0,50.9,0.0,0,"Eby, Benton County",100134,Eby,2017-12-11 05:11:31.341633
2002-04-06,00:45,45.6,,41.5,85.3,0.0,SW@10.7,99999.0,50.8,0.0,0,"Eby, Benton County",100134,Eby,2017-12-11 05:11:31.341633
2002-04-06,01:00,45.3,,41.4,85.9,0.0,SW@10.7,99999.0,50.7,0.0,0,"Eby, Benton County",100134,Eby,2017-12-11 05:11:31.341633
2002-04-06,01:15,44.4,,41.0,87.8,0.0,SW@9.4,99999.0,50.6,0.0,0,"Eby, Benton County",100134,Eby,2017-12-11 05:11:31.341633
2002-04-06,01:30,44.1,,40.6,87.3,0.0,SW@9.3,99999.0,50.5,0.0,0,"Eby, Benton County",100134,Eby,2017-12-11 05:11:31.341633
2002-04-06,01:45,44.2,,40.6,86.9,0.0,SW@9.0,99999.0,50.4,0.0,0,"Eby, Benton County",100134,Eby,2017-12-11 05:11:31.341633
2002-04-06,02:00,43.1,,40.0,88.9,0.0,W@6.6,99999.0,50.3,0.0,0,"Eby, Benton County",100134,Eby,2017-12-11 05:11:31.341633
2002-04-06,02:15,42.8,,39.9,89.3,0.0,W@6.7,99999.0,50.1,0.0,0,"Eby, Benton County",100134,Eby,2017-12-11 05:11:31.341633
2002-04-06,02:30,42.4,,39.6,89.6,0.0,W@5.7,99999.0,50.0,0.0,0,"Eby, Benton County",100134,Eby,2017-12-11 05:11:31.341633
2002-04-06,02:45,42.2,,39.5,89.9,0.0,W@5.6,99999.0,49.9,0.0,0,"Eby, Benton County",100134,Eby,2017-12-11 05:11:31.341633
2002-04-06,03:00,41.9,,39.3,90.5,0.0,SW@6.6,99999.0,49.8,0.0,0,"Eby, Benton County",100134,Eby,2017-12-11 05:11:31.341633
2002-04-06,03:15,41.9,,39.4,90.8,0.0,SW@8.8,99999.0,49.6,0.0,0,"Eby, Benton County",100134,Eby,2017-12-11 05:11:31.341633
2002-04-06,03:30,42.7,,39.8,89.5,0.0,SW@11.6,99999.0,49.5,0.0,0,"Eby, Benton County",100134,Eby,2017-12-11 05:11:31.341633
2002-04-06,03:45,42.8,,40.0,89.9,0.0,SW@13.5,99999.0,49.4,0.0,0,"Eby, Benton County",100134,Eby,2017-12-11 05:11:31.341633
2002-04-06,04:00,42.6,,40.0,90.6,0.0,SW@11.7,99999.0,49.3,0.0,0,"Eby, Benton County",100134,Eby,2017-12-11 05:11:31.341633
2002-04-06,04:15,42.0,,39.8,91.6,0.0,SW@12.4,99999.0,49.2,0.0,0,"Eby, Benton County",100134,Eby,2017-12-11 05:11:31.341633
2002-04-06,04:30,41.8,,39.7,92.2,0.0,SW@14.2,99999.0,49.1,0.0,0,"Eby, Benton County",100134,Eby,2017-12-11 05:11:31.341633
2002-04-06,04:45,41.4,,39.5,93.0,0.0,SW@10.5,99999.0,48.9,0.0,0,"Eby, Benton County",100134,Eby,2017-12-11 05:11:31.341633
2002-04-06,05:00,41.1,,39.3,93.4,0.0,W@10.2,99999.0,48.8,0.0,0,"Eby, Benton County",100134,Eby,2017-12-11 05:11:31.341633
2002-04-06,05:15,41.2,,39.4,93.3,0.0,W@10.2,99999.0,48.7,0.0,0,"Eby, Benton County",100134,Eby,2017-12-11 05:11:31.341633
2002-04-06,05:30,40.7,,39.1,94.1,0.0,W@8.8,99999.0,48.6,0.0,0,"Eby, Benton County",100134,Eby,2017-12-11 05:11:31.341633
2002-04-06,05:45,40.2,,38.9,94.9,0.0,W@7.8,99999.0,48.5,0.0,0,"Eby, Benton County",100134,Eby,2017-12-11 05:11:31.341633
2002-04-06,06:00,40.4,,39.1,95.0,0.0,W@8.4,99999.0,48.5,0.0,0,"Eby, Benton County",100134,Eby,2017-12-11 05:11:31.341633
2002-04-06,06:15,41.1,,39.6,94.2,0.0,SW@8.7,99999.0,48.4,0.0,0,"Eby, Benton County",100134,Eby,2017-12-11 05:11:31.341633
2002-04-06,06:30,41.5,,39.9,93.7,0.0,SW@8.5,99999.0,48.3,0.0,0,"Eby, Benton County",100134,Eby,2017-12-11 05:11:31.341633
2002-04-06,06:45,42.2,,40.3,92.9,0.0,SW@9.2,99999.0,48.2,0.0,0,"Eby, Benton County",100134,Eby,2017-12-11 05:11:31.341633
2002-04-06,07:00,43.0,,40.8,91.9,0.0,SW@11.6,99999.0,48.1,0.0,0,"Eby, Benton County",100134,Eby,2017-12-11 05:11:31.341633
2002-04-06,07:15,43.9,,41.3,90.3,0.0,SW@13.2,99999.0,48.0,0.0,0,"Eby, Benton County",100134,Eby,2017-12-11 05:11:31.341633
2002-04-06,07:30,44.6,,41.6,89.1,0.0,SW@13.8,99999.0,47.9,0.0,0,"Eby, Benton County",100134,Eby,2017-12-11 05:11:31.341633
2002-04-06,07:45,45.5,,42.0,87.4,0.0,SW@13.5,99999.0,47.8,0.0,0,"Eby, Benton County",100134,Eby,2017-12-11 05:11:31.341633
2002-04-06,08:00,46.7,,42.8,86.0,0.0,SW@14.9,99999.0,47.8,0.0,0,"Eby, Benton County",100134,Eby,2017-12-11 05:11:31.341633
2002-04-06,08:15,47.6,,43.2,84.6,0.0,SW@15.8,99999.0,47.8,0.0,0,"Eby, Benton County",100134,Eby,2017-12-11 05:11:31.341633
2002-04-06,08:30,49.0,,44.0,82.8,0.0,SW@13.9,99999.0,47.8,0.0,0,"Eby, Benton County",100134,Eby,2017-12-11 05:11:31.341633
2002-04-06,08:45,49.7,,44.2,81.2,0.0,SW@16.5,99999.0,47.8,0.0,0,"Eby, Benton County",100134,Eby,2017-12-11 05:11:31.341633
2002-04-06,09:00,50.1,,43.8,78.8,0.0,SW@19.5,99999.0,47.8,0.0,0,"Eby, Benton County",100134,Eby,2017-12-11 05:11:31.341633
2002-04-06,09:15,51.2,,44.1,76.4,0.0,SW@17.7,99999.0,47.8,0.0,0,"Eby, Benton County",100134,Eby,2017-12-11 05:11:31.341633
2002-04-06,09:30,52.5,,44.3,73.4,0.0,SW@16.0,99999.0,47.9,0.0,0,"Eby, Benton County",100134,Eby,2017-12-11 05:11:31.341633
2002-04-06,09:45,53.8,,44.0,69.5,0.0,SW@16.9,99999.0,47.9,0.0,0,"Eby, Benton County",100134,Eby,2017-12-11 05:11:31.341633
2002-04-06,10:00,54.7,,42.8,64.0,0.0,SW@15.3,99999.0,48.0,0.0,0,"Eby, Benton County",100134,Eby,2017-12-11 05:11:31.341633
2002-04-06,10:15,55.2,,42.7,62.8,0.0,SW@15.6,99999.0,48.1,0.0,0,"Eby, Benton County",100134,Eby,2017-12-11 05:11:31.341633
2002-04-06,10:30,55.6,,43.3,63.1,0.0,SW@15.9,99999.0,48.2,0.0,0,"Eby, Benton County",100134,Eby,2017-12-11 05:11:31.341633
2002-04-06,10:45,56.1,,43.7,63.0,0.0,SW@14.5,99999.0,48.4,0.0,0,"Eby, Benton County",100134,Eby,2017-12-11 05:11:31.341633
2002-04-06,11:00,56.8,,44.0,62.1,0.0,SW@13.7,99999.0,48.6,0.0,0,"Eby, Benton County",100134,Eby,2017-12-11 05:11:31.341633
2002-04-06,11:15,57.7,,44.0,60.1,0.0,SW@13.5,99999.0,48.7,0.0,0,"Eby, Benton County",100134,Eby,2017-12-11 05:11:31.341633
2002-04-06,11:30,58.4,,43.2,56.9,0.0,SW@14.6,99999.0,49.0,0.0,0,"Eby, Benton County",100134,Eby,2017-12-11 05:11:31.341633
2002-04-06,11:45,58.5,,43.2,56.6,0.0,SW@14.6,99999.0,49.2,0.0,0,"Eby, Benton County",100134,Eby,2017-12-11 05:11:31.341633
2002-04-06,12:00,58.5,,42.8,55.8,0.0,SW@15.1,99999.0,49.5,0.0,0,"Eby, Benton County",100134,Eby,2017-12-11 05:11:31.341633
2002-04-06,12:15,59.6,,43.3,54.6,0.0,SW@14.5,99999.0,49.7,0.0,0,"Eby, Benton County",100134,Eby,2017-12-11 05:11:31.341633
2002-04-06,12:30,59.9,,42.5,52.4,0.0,SW@16.0,99999.0,50.0,0.0,0,"Eby, Benton County",100134,Eby,2017-12-11 05:11:31.341633
2002-04-06,12:45,59.9,,42.3,52.1,0.0,SW@15.1,99999.0,50.3,0.0,0,"Eby, Benton County",100134,Eby,2017-12-11 05:11:31.341633
2002-04-06,13:00,59.7,,41.4,50.7,0.0,SW@16.9,99999.0,50.6,0.0,0,"Eby, Benton County",100134,Eby,2017-12-11 05:11:31.341633
2002-04-06,13:15,59.8,,40.1,47.9,0.0,SW@16.5,99999.0,50.9,0.0,0,"Eby, Benton County",100134,Eby,2017-12-11 05:11:31.341633
2002-04-06,13:30,60.6,,40.0,46.4,0.0,SW@16.2,99999.0,51.2,0.0,0,"Eby, Benton County",100134,Eby,2017-12-11 05:11:31.341633
2002-04-06,13:45,60.2,,40.1,47.3,0.0,SW@17.6,99999.0,51.5,0.0,0,"Eby, Benton County",100134,Eby,2017-12-11 05:11:31.341633
2002-04-06,14:00,59.9,,39.6,46.8,0.0,SW@16.6,99999.0,51.8,0.0,0,"Eby, Benton County",100134,Eby,2017-12-11 05:11:31.341633
2002-04-06,14:15,59.5,,39.0,46.6,0.0,SW@18.3,99999.0,52.1,0.0,0,"Eby, Benton County",100134,Eby,2017-12-11 05:11:31.341633
2002-04-06,14:30,59.3,,39.0,46.8,0.0,SW@17.2,99999.0,52.4,0.0,0,"Eby, Benton County",100134,Eby,2017-12-11 05:11:31.341633
2002-04-06,14:45,59.3,,40.1,49.0,0.0,SW@16.6,99999.0,52.6,0.0,0,"Eby, Benton County",100134,Eby,2017-12-11 05:11:31.341633
2002-04-06,15:00,59.2,,39.3,47.6,0.0,SW@14.2,99999.0,52.8,0.0,0,"Eby, Benton County",100134,Eby,2017-12-11 05:11:31.341633
2002-04-06,15:15,59.2,,39.5,47.9,0.0,SW@17.8,99999.0,53.0,0.0,0,"Eby, Benton County",100134,Eby,2017-12-11 05:11:31.341633
2002-04-06,15:30,59.0,,39.1,47.5,0.0,SW@19.4,99999.0,53.2,0.0,0,"Eby, Benton County",100134,Eby,2017-12-11 05:11:31.341633
2002-04-06,15:45,58.7,,38.5,47.1,0.0,SW@18.4,99999.0,53.3,0.0,0,"Eby, Benton County",100134,Eby,2017-12-11 05:11:31.341633
2002-04-06,16:00,58.6,,38.8,47.6,0.0,SW@18.5,99999.0,53.5,0.0,0,"Eby, Benton County",100134,Eby,2017-12-11 05:11:31.341633
2002-04-06,16:15,58.4,,38.6,47.7,0.0,SW@19.6,99999.0,53.6,0.0,0,"Eby, Benton County",100134,Eby,2017-12-11 05:11:31.341633
2002-04-06,16:30,57.9,,37.8,46.9,0.0,SW@20.6,99999.0,53.7,0.0,0,"Eby, Benton County",100134,Eby,2017-12-11 05:11:31.341633
2002-04-06,16:45,57.8,,37.9,47.4,0.0,SW@20.1,99999.0,53.7,0.0,0,"Eby, Benton County",100134,Eby,2017-12-11 05:11:31.341633
2002-04-06,17:00,57.3,,38.3,49.0,0.0,SW@19.4,99999.0,53.8,0.0,0,"Eby, Benton County",100134,Eby,2017-12-11 05:11:31.341633
2002-04-06,17:15,56.9,,38.2,49.5,0.0,SW@19.4,99999.0,53.8,0.0,0,"Eby, Benton County",100134,Eby,2017-12-11 05:11:31.341633
2002-04-06,17:30,56.7,,38.8,51.0,0.0,SW@18.5,99999.0,53.8,0.0,0,"Eby, Benton County",100134,Eby,2017-12-11 05:11:31.341633
2002-04-06,17:45,55.5,,38.3,52.4,0.0,SW@18.7,99999.0,53.8,0.0,0,"Eby, Benton County",100134,Eby,2017-12-11 05:11:31.341633
2002-04-06,18:00,54.4,,39.0,55.9,0.0,SW@20.5,99999.0,53.8,0.0,0,"Eby, Benton County",100134,Eby,2017-12-11 05:11:31.341633
2002-04-06,18:15,53.5,,39.3,58.4,0.0,SW@17.6,99999.0,53.7,0.0,0,"Eby, Benton County",100134,Eby,2017-12-11 05:11:31.341633
2002-04-06,18:30,52.3,,39.8,62.4,0.0,SW@14.7,99999.0,53.7,0.0,0,"Eby, Benton County",100134,Eby,2017-12-11 05:11:31.341633
2002-04-06,18:45,51.1,,40.0,65.7,0.0,SW@11.8,99999.0,53.6,0.0,0,"Eby, Benton County",100134,Eby,2017-12-11 05:11:31.341633
2002-04-06,19:00,50.1,,40.1,68.3,0.0,SW@10.5,99999.0,53.5,0.0,0,"Eby, Benton County",100134,Eby,2017-12-11 05:11:31.341633
2002-04-06,19:15,49.4,,40.1,70.1,0.0,SW@12.4,99999.0,53.4,0.0,0,"Eby, Benton County",100134,Eby,2017-12-11 05:11:31.341633
2002-04-06,19:30,48.7,,40.1,71.9,0.0,SW@11.5,99999.0,53.2,0.0,0,"Eby, Benton County",100134,Eby,2017-12-11 05:11:31.341633
2002-04-06,19:45,47.8,,40.2,74.6,0.0,SW@11.7,99999.0,53.1,0.0,0,"Eby, Benton County",100134,Eby,2017-12-11 05:11:31.341633
2002-04-06,20:00,47.0,,40.3,77.4,0.0,SW@12.9,99999.0,53.0,0.0,0,"Eby, Benton County",100134,Eby,2017-12-11 05:11:31.341633
2002-04-06,20:15,46.1,,40.2,79.8,0.0,SW@11.2,99999.0,52.8,0.0,0,"Eby, Benton County",100134,Eby,2017-12-11 05:11:31.341633
2002-04-06,20:30,45.5,,40.1,81.5,0.0,SW@9.6,99999.0,52.7,0.0,0,"Eby, Benton County",100134,Eby,2017-12-11 05:11:31.341633
2002-04-06,20:45,44.7,,40.0,83.4,0.0,SW@7.7,99999.0,52.5,0.0,0,"Eby, Benton County",100134,Eby,2017-12-11 05:11:31.341633
2002-04-06,21:00,44.7,,40.0,83.6,0.0,W@7.6,99999.0,52.4,0.0,0,"Eby, Benton County",100134,Eby,2017-12-11 05:11:31.341633
2002-04-06,21:15,44.3,,40.1,85.0,0.0,SW@7.8,99999.0,52.2,0.0,0,"Eby, Benton County",100134,Eby,2017-12-11 05:11:31.341633
2002-04-06,21:30,44.8,,40.6,84.9,0.0,SW@10.4,99999.0,52.1,0.0,0,"Eby, Benton County",100134,Eby,2017-12-11 05:11:31.341633
2002-04-06,21:45,44.6,,40.5,85.4,0.0,SW@9.1,99999.0,51.9,0.0,0,"Eby, Benton County",100134,Eby,2017-12-11 05:11:31.341633
2002-04-06,22:00,45.1,,40.7,84.4,0.0,SW@10.7,99999.0,51.7,0.0,0,"Eby, Benton County",100134,Eby,2017-12-11 05:11:31.341633
2002-04-06,22:15,45.3,,40.9,84.3,0.0,SW@9.9,99999.0,51.5,0.0,0,"Eby, Benton County",100134,Eby,2017-12-11 05:11:31.341633
2002-04-06,22:30,45.4,,41.0,84.4,0.0,SW@9.4,99999.0,51.4,0.0,0,"Eby, Benton County",100134,Eby,2017-12-11 05:11:31.341633
2002-04-06,22:45,46.0,,41.0,82.4,0.0,SW@11.9,99999.0,51.3,0.0,0,"Eby, Benton County",100134,Eby,2017-12-11 05:11:31.341633
2002-04-06,23:00,46.5,,40.8,80.4,0.0,SW@12.6,99999.0,51.1,0.0,0,"Eby, Benton County",100134,Eby,2017-12-11 05:11:31.341633
2002-04-06,23:15,46.9,,40.5,78.3,0.0,SW@14.7,99999.0,51.0,0.0,0,"Eby, Benton County",100134,Eby,2017-12-11 05:11:31.341633
2002-04-06,23:30,46.9,,40.2,77.6,0.0,SW@14.7,99999.0,50.9,0.0,0,"Eby, Benton County",100134,Eby,2017-12-11 05:11:31.341633
2002-04-06,23:45,46.5,,40.2,78.3,0.0,SW@15.5,99999.0,50.8,0.0,0,"Eby, Benton County",100134,Eby,2017-12-11 05:11:31.341633
2002-04-06,24:00,40.4,,32.3,72.5,0.0,W@1.0,99999.0,50.3,0.0,0,"Eby, Benton County",100134,Eby,2017-12-11 05:11:31.341633
2002-04-07,00:15,45.9,,39.5,78.3,0.0,SW@13.8,99999.0,50.6,0.0,0,"Eby, Benton County",100134,Eby,2017-12-11 05:11:31.341633
2002-04-07,00:30,46.0,,39.2,77.2,0.0,SW@17.9,99999.0,50.5,0.0,0,"Eby, Benton County",100134,Eby,2017-12-11 05:11:31.341633
2002-04-07,00:45,45.8,,39.1,77.3,0.0,SW@18.8,99999.0,50.4,0.0,0,"Eby, Benton County",100134,Eby,2017-12-11 05:11:31.341633
2002-04-07,01:00,45.6,,39.0,77.4,0.0,SW@17.8,99999.0,50.3,0.0,0,"Eby, Benton County",100134,Eby,2017-12-11 05:11:31.341633
2002-04-07,01:15,45.8,,38.8,76.6,0.0,SW@18.0,99999.0,50.2,0.0,0,"Eby, Benton County",100134,Eby,2017-12-11 05:11:31.341633
2002-04-07,01:30,45.5,,38.9,77.5,0.0,SW@16.5,99999.0,50.1,0.0,0,"Eby, Benton County",100134,Eby,2017-12-11 05:11:31.341633
2002-04-07,01:45,45.1,,38.7,78.3,0.0,SW@15.9,99999.0,50.0,0.0,0,"Eby, Benton County",100134,Eby,2017-12-11 05:11:31.341633
2002-04-07,03:00,45.0,,38.6,78.1,0.0,SW@14.0,99999.0,50.0,0.0,0,"Eby, Benton County",100134,Eby,2017-12-11 05:11:31.341633
2002-04-07,03:15,44.7,,38.4,78.4,0.0,SW@14.5,99999.0,49.9,0.0,0,"Eby, Benton County",100134,Eby,2017-12-11 05:11:31.341633
2002-04-07,03:30,44.4,,38.2,78.6,0.0,SW@13.7,99999.0,49.8,0.0,0,"Eby, Benton County",100134,Eby,2017-12-11 05:11:31.341633
2002-04-07,03:45,44.3,,38.1,78.6,0.0,SW@12.6,99999.0,49.7,0.0,0,"Eby, Benton County",100134,Eby,2017-12-11 05:11:31.341633
2002-04-07,03:00,44.7,,38.3,78.2,0.0,SW@14.3,99999.0,49.6,0.0,0,"Eby, Benton County",100134,Eby,2017-12-11 05:11:31.341633
2002-04-07,03:15,44.9,,38.3,77.5,0.0,SW@16.8,99999.0,49.5,0.0,0,"Eby, Benton County",100134,Eby,2017-12-11 05:11:31.341633
2002-04-07,03:30,44.9,,38.2,77.1,0.0,SW@18.1,99999.0,49.4,0.0,0,"Eby, Benton County",100134,Eby,2017-12-11 05:11:31.341633
2002-04-07,03:45,44.9,,38.2,77.2,0.0,SW@19.0,99999.0,49.3,0.0,0,"Eby, Benton County",100134,Eby,2017-12-11 05:11:31.341633
2002-04-07,04:00,44.7,,38.1,77.6,0.0,SW@19.3,99999.0,49.2,0.0,0,"Eby, Benton County",100134,Eby,2017-12-11 05:11:31.341633
2002-04-07,04:15,44.5,,38.1,78.0,0.0,SW@16.5,99999.0,49.2,0.0,0,"Eby, Benton County",100134,Eby,2017-12-11 05:11:31.341633
2002-04-07,04:30,44.3,,38.1,78.6,0.0,SW@15.5,99999.0,49.1,0.0,0,"Eby, Benton County",100134,Eby,2017-12-11 05:11:31.341633
2002-04-07,04:45,44.3,,38.1,78.5,0.0,SW@13.4,99999.0,49.0,0.0,0,"Eby, Benton County",100134,Eby,2017-12-11 05:11:31.341633
2002-04-07,05:00,44.1,,38.1,79.0,0.0,SW@13.7,99999.0,48.9,0.0,0,"Eby, Benton County",100134,Eby,2017-12-11 05:11:31.341633
2002-04-07,05:15,43.9,,38.0,79.6,0.0,SW@14.8,99999.0,48.8,0.0,0,"Eby, Benton County",100134,Eby,2017-12-11 05:11:31.341633
2002-04-07,05:30,43.8,,38.0,79.9,0.0,SW@15.3,99999.0,48.8,0.0,0,"Eby, Benton County",100134,Eby,2017-12-11 05:11:31.341633
2002-04-07,05:45,43.4,,37.9,80.7,0.0,SW@14.8,99999.0,48.7,0.0,0,"Eby, Benton County",100134,Eby,2017-12-11 05:11:31.341633
2002-04-07,06:00,42.9,,37.9,82.4,0.0,SW@12.3,99999.0,48.7,0.0,0,"Eby, Benton County",100134,Eby,2017-12-11 05:11:31.341633
2002-04-07,06:15,42.8,,38.1,83.2,0.0,SW@14.6,99999.0,48.6,0.0,0,"Eby, Benton County",100134,Eby,2017-12-11 05:11:31.341633
2002-04-07,06:30,42.7,,38.2,83.9,0.0,SW@14.7,99999.0,48.6,0.0,0,"Eby, Benton County",100134,Eby,2017-12-11 05:11:31.341633
2002-04-07,06:45,42.8,,38.3,84.1,0.0,SW@14.0,99999.0,48.5,0.0,0,"Eby, Benton County",100134,Eby,2017-12-11 05:11:31.341633
2002-04-07,07:00,43.4,,38.7,83.5,0.0,SW@12.8,99999.0,48.4,0.0,0,"Eby, Benton County",100134,Eby,2017-12-11 05:11:31.341633
2002-04-07,07:15,44.8,,39.4,81.4,0.0,SW@14.4,99999.0,48.4,0.0,0,"Eby, Benton County",100134,Eby,2017-12-11 05:11:31.341633
2002-04-07,07:30,45.1,,39.6,81.0,0.0,SW@15.3,99999.0,48.3,0.0,0,"Eby, Benton County",100134,Eby,2017-12-11 05:11:31.341633
2002-04-07,07:45,46.3,,40.3,79.4,0.0,SW@16.2,99999.0,48.3,0.0,0,"Eby, Benton County",100134,Eby,2017-12-11 05:11:31.341633
2002-04-07,08:00,47.1,,40.6,77.9,0.0,SW@16.5,99999.0,48.2,0.0,0,"Eby, Benton County",100134,Eby,2017-12-11 05:11:31.341633
2002-04-07,08:15,47.8,,40.7,76.0,0.0,SW@17.7,99999.0,48.2,0.0,0,"Eby, Benton County",100134,Eby,2017-12-11 05:11:31.341633
2002-04-07,08:30,48.6,,41.0,74.9,0.0,SW@17.5,99999.0,48.2,0.0,0,"Eby, Benton County",100134,Eby,2017-12-11 05:11:31.341633
2002-04-07,08:45,49.7,,41.5,73.2,0.0,SW@17.7,99999.0,48.2,0.0,0,"Eby, Benton County",100134,Eby,2017-12-11 05:11:31.341633
2002-04-07,09:00,50.5,,41.8,71.9,0.0,SW@20.0,99999.0,48.2,0.0,0,"Eby, Benton County",100134,Eby,2017-12-11 05:11:31.341633
2002-04-07,09:15,51.4,,41.7,69.2,0.0,SW@20.3,99999.0,48.3,0.0,0,"Eby, Benton County",100134,Eby,2017-12-11 05:11:31.341633
2002-04-07,09:30,52.2,,41.7,67.5,0.0,SW@20.5,99999.0,48.3,0.0,0,"Eby, Benton County",100134,Eby,2017-12-11 05:11:31.341633
2002-04-07,09:45,52.8,,41.6,65.6,0.0,SW@20.7,99999.0,48.3,0.0,0,"Eby, Benton County",100134,Eby,2017-12-11 05:11:31.341633
2002-04-07,10:00,53.0,,41.1,63.8,0.0,SW@22.0,99999.0,48.4,0.0,0,"Eby, Benton County",100134,Eby,2017-12-11 05:11:31.341633
2002-04-07,10:15,53.9,,41.2,62.0,0.0,SW@21.4,99999.0,48.5,0.0,0,"Eby, Benton County",100134,Eby,2017-12-11 05:11:31.341633
2002-04-07,10:30,54.4,,41.1,60.5,0.0,SW@19.2,99999.0,48.6,0.0,0,"Eby, Benton County",100134,Eby,2017-12-11 05:11:31.341633
2002-04-07,10:45,54.4,,40.2,58.5,0.0,SW@19.9,99999.0,48.7,0.0,0,"Eby, Benton County",100134,Eby,2017-12-11 05:11:31.341633
2002-04-07,11:00,54.9,,39.8,56.7,0.0,SW@19.6,99999.0,48.9,0.0,0,"Eby, Benton County",100134,Eby,2017-12-11 05:11:31.341633
2002-04-07,11:15,55.5,,39.3,54.3,0.0,SW@19.4,99999.0,49.1,0.0,0,"Eby, Benton County",100134,Eby,2017-12-11 05:11:31.341633
2002-04-07,11:30,56.2,,38.9,52.2,0.0,SW@20.0,99999.0,49.2,0.0,0,"Eby, Benton County",100134,Eby,2017-12-11 05:11:31.341633
2002-04-07,11:45,56.9,,38.9,50.8,0.0,SW@20.0,99999.0,49.5,0.0,0,"Eby, Benton County",100134,Eby,2017-12-11 05:11:31.341633
2002-04-07,12:00,57.5,,38.1,48.2,0.0,SW@19.2,99999.0,49.7,0.0,0,"Eby, Benton County",100134,Eby,2017-12-11 05:11:31.341633
2002-04-07,12:15,57.8,,37.5,46.6,0.0,SW@19.0,99999.0,49.9,0.0,0,"Eby, Benton County",100134,Eby,2017-12-11 05:11:31.341633
2002-04-07,12:30,58.0,,37.1,45.7,0.0,SW@17.8,99999.0,50.1,0.0,0,"Eby, Benton County",100134,Eby,2017-12-11 05:11:31.341633
2002-04-07,12:45,58.8,,36.9,43.9,0.0,SW@15.6,99999.0,50.4,0.0,0,"Eby, Benton County",100134,Eby,2017-12-11 05:11:31.341633
2002-04-07,13:00,59.3,,36.4,42.1,0.0,SW@17.2,99999.0,50.7,0.0,0,"Eby, Benton County",100134,Eby,2017-12-11 05:11:31.341633
2002-04-07,13:15,59.5,,36.4,41.9,0.0,SW@16.6,99999.0,51.0,0.0,0,"Eby, Benton County",100134,Eby,2017-12-11 05:11:31.341633
2002-04-07,13:30,59.0,,36.1,42.3,0.0,SW@17.0,99999.0,51.2,0.0,0,"Eby, Benton County",100134,Eby,2017-12-11 05:11:31.341633
2002-04-07,13:45,58.6,,35.7,42.1,0.0,SW@16.1,99999.0,51.5,0.0,0,"Eby, Benton County",100134,Eby,2017-12-11 05:11:31.341633
2002-04-07,14:00,58.3,,35.2,41.8,0.0,SW@16.3,99999.0,51.9,0.0,0,"Eby, Benton County",100134,Eby,2017-12-11 05:11:31.341633
2002-04-07,14:15,58.4,,34.7,40.8,0.0,SW@15.7,99999.0,52.1,0.0,0,"Eby, Benton County",100134,Eby,2017-12-11 05:11:31.341633
2002-04-07,14:30,57.9,,34.2,40.8,0.0,SW@18.0,99999.0,52.4,0.0,0,"Eby, Benton County",100134,Eby,2017-12-11 05:11:31.341633
2002-04-07,14:45,57.8,,33.9,40.4,0.0,SW@18.1,99999.0,52.7,0.0,0,"Eby, Benton County",100134,Eby,2017-12-11 05:11:31.341633
2002-04-07,15:00,58.0,,33.3,39.2,0.0,SW@17.6,99999.0,52.9,0.0,0,"Eby, Benton County",100134,Eby,2017-12-11 05:11:31.341633
2002-04-07,15:15,57.9,,32.7,38.4,0.0,SW@16.7,99999.0,53.1,0.0,0,"Eby, Benton County",100134,Eby,2017-12-11 05:11:31.341633
2002-04-07,15:30,57.9,,32.7,38.3,0.0,SW@16.2,99999.0,53.3,0.0,0,"Eby, Benton County",100134,Eby,2017-12-11 05:11:31.341633
2002-04-07,15:45,57.9,,32.8,38.5,0.0,SW@15.0,99999.0,53.4,0.0,0,"Eby, Benton County",100134,Eby,2017-12-11 05:11:31.341633
2002-04-07,16:00,58.0,,33.5,39.4,0.0,SW@14.7,99999.0,53.6,0.0,0,"Eby, Benton County",100134,Eby,2017-12-11 05:11:31.341633
2002-04-07,16:15,57.7,,33.8,40.5,0.0,SW@16.1,99999.0,53.7,0.0,0,"Eby, Benton County",100134,Eby,2017-12-11 05:11:31.341633
2002-04-07,16:30,57.2,,34.4,42.0,0.0,SW@15.2,99999.0,53.8,0.0,0,"Eby, Benton County",100134,Eby,2017-12-11 05:11:31.341633
2002-04-07,16:45,56.8,,33.8,41.7,0.0,SW@15.3,99999.0,53.9,0.0,0,"Eby, Benton County",100134,Eby,2017-12-11 05:11:31.341633
2002-04-07,17:00,56.1,,33.5,42.3,0.0,SW@15.3,99999.0,53.9,0.0,0,"Eby, Benton County",100134,Eby,2017-12-11 05:11:31.341633
2002-04-07,17:15,55.2,,33.5,43.6,0.0,SW@13.8,99999.0,54.0,0.0,0,"Eby, Benton County",100134,Eby,2017-12-11 05:11:31.341633
2002-04-07,17:30,54.5,,34.0,45.6,0.0,SW@12.0,99999.0,54.0,0.0,0,"Eby, Benton County",100134,Eby,2017-12-11 05:11:31.341633
2002-04-07,17:45,53.9,,34.3,47.3,0.0,SW@9.3,99999.0,54.0,0.0,0,"Eby, Benton County",100134,Eby,2017-12-11 05:11:31.341633
2002-04-07,18:00,53.1,,34.7,49.6,0.0,SW@8.3,99999.0,54.0,0.0,0,"Eby, Benton County",100134,Eby,2017-12-11 05:11:31.341633
2002-04-07,18:15,52.0,,34.6,51.2,0.0,SW@9.6,99999.0,54.0,0.0,0,"Eby, Benton County",100134,Eby,2017-12-11 05:11:31.341633
2002-04-07,18:30,51.0,,34.0,51.9,0.0,SW@8.9,99999.0,53.9,0.0,0,"Eby, Benton County",100134,Eby,2017-12-11 05:11:31.341633
2002-04-07,18:45,50.1,,33.8,53.3,0.0,SW@8.8,99999.0,53.9,0.0,0,"Eby, Benton County",100134,Eby,2017-12-11 05:11:31.341633
2002-04-07,19:00,49.4,,33.6,54.2,0.0,W@7.2,99999.0,53.7,0.0,0,"Eby, Benton County",100134,Eby,2017-12-11 05:11:31.341633
2002-04-07,19:15,49.0,,33.5,54.9,0.0,W@7.4,99999.0,53.6,0.0,0,"Eby, Benton County",100134,Eby,2017-12-11 05:11:31.341633
2002-04-07,19:30,49.0,,33.4,54.7,0.0,W@6.8,99999.0,53.5,0.0,0,"Eby, Benton County",100134,Eby,2017-12-11 05:11:31.341633
2002-04-07,19:45,48.0,,33.7,57.5,0.0,E@1.5,99999.0,53.3,0.0,0,"Eby, Benton County",100134,Eby,2017-12-11 05:11:31.341633
2002-04-07,20:00,47.4,,33.7,58.8,0.0,N@0.9,99999.0,53.2,0.0,0,"Eby, Benton County",100134,Eby,2017-12-11 05:11:31.341633
2002-04-07,20:15,47.0,,33.4,58.9,0.0,W@0.6,99999.0,53.0,0.0,0,"Eby, Benton County",100134,Eby,2017-12-11 05:11:31.341633
2002-04-07,20:30,46.9,,33.3,59.0,0.0,NW@0.6,99999.0,52.9,0.0,0,"Eby, Benton County",100134,Eby,2017-12-11 05:11:31.341633
2002-04-07,20:45,46.1,,33.3,60.8,0.0,SW@1.4,99999.0,52.7,0.0,0,"Eby, Benton County",100134,Eby,2017-12-11 05:11:31.341633
2002-04-07,21:00,45.6,,33.3,62.0,0.0,NW@1.7,99999.0,52.5,0.0,0,"Eby, Benton County",100134,Eby,2017-12-11 05:11:31.341633
2002-04-07,21:15,45.8,,33.6,62.2,0.0,E@1.3,99999.0,52.4,0.0,0,"Eby, Benton County",100134,Eby,2017-12-11 05:11:31.341633
2002-04-07,21:30,44.4,,32.7,63.4,0.0,NE@2.6,99999.0,52.2,0.0,0,"Eby, Benton County",100134,Eby,2017-12-11 05:11:31.341633
2002-04-07,21:45,42.6,,30.7,62.6,0.0,E@3.0,99999.0,52.0,0.0,0,"Eby, Benton County",100134,Eby,2017-12-11 05:11:31.341633
2002-04-07,22:00,43.5,,32.1,63.9,0.0,SE@0.7,99999.0,51.9,0.0,0,"Eby, Benton County",100134,Eby,2017-12-11 05:11:31.341633
2002-04-07,22:15,42.5,,30.0,61.0,0.0,E@2.1,99999.0,51.7,0.0,0,"Eby, Benton County",100134,Eby,2017-12-11 05:11:31.341633
2002-04-07,22:30,40.2,,31.6,71.1,0.0,E@3.1,99999.0,51.5,0.0,0,"Eby, Benton County",100134,Eby,2017-12-11 05:11:31.341633
2002-04-07,22:45,39.7,,32.8,75.9,0.0,E@2.8,99999.0,51.3,0.0,0,"Eby, Benton County",100134,Eby,2017-12-11 05:11:31.341633
2002-04-07,23:00,39.9,,32.6,74.9,0.0,E@1.7,99999.0,51.1,0.0,0,"Eby, Benton County",100134,Eby,2017-12-11 05:11:31.341633
2002-04-08,23:15,41.0,,33.4,74.1,0.0,S@0.8,99999.0,50.9,0.0,0,"Eby, Benton County",100134,Eby,2017-12-11 05:11:31.341633
2002-04-08,23:30,42.1,,33.3,70.6,0.0,W@0.9,99999.0,50.7,0.0,0,"Eby, Benton County",100134,Eby,2017-12-11 05:11:31.341633
2002-04-08,23:45,41.7,,32.9,70.9,0.0,SW@0.5,99999.0,50.5,0.0,0,"Eby, Benton County",100134,Eby,2017-12-11 05:11:31.341633
2002-04-08,24:00,51.2,,30.7,45.1,0.0,N@3.2,99999.0,52.5,0.0,0,"Eby, Benton County",100134,Eby,2017-12-11 05:11:31.341633
2002-04-08,00:15,40.7,,32.2,71.2,0.0,S@3.5,99999.0,50.2,0.0,0,"Eby, Benton County",100134,Eby,2017-12-11 05:11:31.341633
2002-04-08,00:30,40.7,,31.9,70.5,0.0,SW@2.1,99999.0,50.0,0.0,0,"Eby, Benton County",100134,Eby,2017-12-11 05:11:31.341633
2002-04-08,00:45,40.1,,31.8,71.9,0.0,SW@2.8,99999.0,49.8,0.0,0,"Eby, Benton County",100134,Eby,2017-12-11 05:11:31.341633
2002-04-08,01:00,40.0,,31.8,72.1,0.0,SW@2.7,99999.0,49.6,0.0,0,"Eby, Benton County",100134,Eby,2017-12-11 05:11:31.341633
2002-04-08,01:15,38.9,,31.4,74.1,0.0,SW@2.9,99999.0,49.4,0.0,0,"Eby, Benton County",100134,Eby,2017-12-11 05:11:31.341633
2002-04-08,01:30,37.0,,30.8,78.0,0.0,W@2.6,99999.0,49.2,0.0,0,"Eby, Benton County",100134,Eby,2017-12-11 05:11:31.341633
2002-04-08,01:45,36.0,,30.6,80.4,0.0,W@3.0,99999.0,49.0,0.0,0,"Eby, Benton County",100134,Eby,2017-12-11 05:11:31.341633
2002-04-08,02:00,36.5,,30.7,79.4,0.0,W@3.7,99999.0,48.8,0.0,0,"Eby, Benton County",100134,Eby,2017-12-11 05:11:31.341633
2002-04-08,02:15,35.2,,30.3,82.3,0.0,W@3.7,99999.0,48.7,0.0,0,"Eby, Benton County",100134,Eby,2017-12-11 05:11:31.341633
2002-04-08,02:30,34.5,,29.9,82.9,0.0,NW@3.1,99999.0,48.5,0.0,0,"Eby, Benton County",100134,Eby,2017-12-11 05:11:31.341633
2002-04-08,02:45,35.0,,30.2,82.7,0.0,NW@3.0,99999.0,48.3,0.0,0,"Eby, Benton County",100134,Eby,2017-12-11 05:11:31.341633
2002-04-08,03:00,37.0,,31.3,79.8,0.0,NW@0.6,99999.0,48.1,0.0,0,"Eby, Benton County",100134,Eby,2017-12-11 05:11:31.341633
2002-04-08,03:15,37.7,,31.6,78.5,0.0,N@1.5,99999.0,48.0,0.0,0,"Eby, Benton County",100134,Eby,2017-12-11 05:11:31.341633
2002-04-08,03:30,34.7,,29.5,81.1,0.0,NW@3.3,99999.0,47.8,0.0,0,"Eby, Benton County",100134,Eby,2017-12-11 05:11:31.341633
2002-04-08,03:45,34.4,,30.1,84.1,0.0,NW@2.7,99999.0,47.6,0.0,0,"Eby, Benton County",100134,Eby,2017-12-11 05:11:31.341633
2002-04-08,04:00,33.9,,29.6,83.8,0.0,NW@2.9,99999.0,47.5,0.0,0,"Eby, Benton County",100134,Eby,2017-12-11 05:11:31.341633
2002-04-08,04:15,33.6,,30.0,86.2,0.0,W@2.7,99999.0,47.3,0.0,0,"Eby, Benton County",100134,Eby,2017-12-11 05:11:31.341633
2002-04-08,04:30,34.1,,29.8,84.3,0.0,W@2.5,99999.0,47.1,0.0,0,"Eby, Benton County",100134,Eby,2017-12-11 05:11:31.341633
2002-04-08,04:45,33.8,,29.9,85.2,0.0,W@3.0,99999.0,47.0,0.0,0,"Eby, Benton County",100134,Eby,2017-12-11 05:11:31.341633
2002-04-08,05:00,32.0,,29.1,88.8,0.0,W@3.0,99999.0,46.8,0.0,0,"Eby, Benton County",100134,Eby,2017-12-11 05:11:31.341633
2002-04-08,05:15,33.2,,30.3,89.0,0.0,W@3.8,99999.0,46.7,0.0,0,"Eby, Benton County",100134,Eby,2017-12-11 05:11:31.341633
2002-04-08,05:30,33.6,,30.7,88.8,0.0,W@2.5,99999.0,46.5,0.0,0,"Eby, Benton County",100134,Eby,2017-12-11 05:11:31.341633
2002-04-08,05:45,34.4,,31.1,87.4,0.0,W@2.1,99999.0,46.4,0.0,0,"Eby, Benton County",100134,Eby,2017-12-11 05:11:31.341633
2002-04-08,06:00,35.8,,32.2,86.7,0.0,SW@1.8,99999.0,46.3,0.0,0,"Eby, Benton County",100134,Eby,2017-12-11 05:11:31.341633
2002-04-08,06:15,37.2,,33.3,85.5,0.0,W@2.0,99999.0,46.2,0.0,0,"Eby, Benton County",100134,Eby,2017-12-11 05:11:31.341633
2002-04-08,06:30,38.3,,33.9,84.1,0.0,W@3.6,99999.0,46.0,0.0,0,"Eby, Benton County",100134,Eby,2017-12-11 05:11:31.341633
2002-04-08,06:45,40.2,,34.8,80.9,0.0,W@4.2,99999.0,45.9,0.0,0,"Eby, Benton County",100134,Eby,2017-12-11 05:11:31.341633
2002-04-08,07:00,42.1,,36.0,78.9,0.0,SW@4.0,99999.0,45.8,0.0,0,"Eby, Benton County",100134,Eby,2017-12-11 05:11:31.341633
2002-04-08,07:15,42.7,,36.4,78.1,0.0,SW@5.0,99999.0,45.6,0.0,0,"Eby, Benton County",100134,Eby,2017-12-11 05:11:31.341633
2002-04-08,07:30,43.7,,36.7,76.0,0.0,S@5.3,99999.0,45.6,0.0,0,"Eby, Benton County",100134,Eby,2017-12-11 05:11:31.341633
2002-04-08,07:45,44.6,,36.9,74.1,0.0,S@4.8,99999.0,45.6,0.0,0,"Eby, Benton County",100134,Eby,2017-12-11 05:11:31.341633
2002-04-08,08:00,45.5,,37.0,71.9,0.0,SW@5.0,99999.0,45.5,0.0,0,"Eby, Benton County",100134,Eby,2017-12-11 05:11:31.341633
2002-04-08,08:15,46.5,,37.4,70.3,0.0,SW@4.8,99999.0,45.6,0.0,0,"Eby, Benton County",100134,Eby,2017-12-11 05:11:31.341633
2002-04-08,08:30,47.8,,37.7,67.6,0.0,SW@5.0,99999.0,45.6,0.0,0,"Eby, Benton County",100134,Eby,2017-12-11 05:11:31.341633
2002-04-08,08:45,48.9,,37.6,64.7,0.0,S@4.3,99999.0,45.7,0.0,0,"Eby, Benton County",100134,Eby,2017-12-11 05:11:31.341633
2002-04-08,09:00,49.2,,37.4,63.6,0.0,S@5.0,99999.0,45.7,0.0,0,"Eby, Benton County",100134,Eby,2017-12-11 05:11:31.341633
2002-04-08,09:15,49.7,,37.5,62.6,0.0,S@4.6,99999.0,45.8,0.0,0,"Eby, Benton County",100134,Eby,2017-12-11 05:11:31.341633
2002-04-08,09:30,50.0,,36.9,60.6,0.0,SW@3.8,99999.0,45.9,0.0,0,"Eby, Benton County",100134,Eby,2017-12-11 05:11:31.341633
2002-04-08,09:45,50.5,,37.0,59.6,0.0,SW@4.1,99999.0,46.0,0.0,0,"Eby, Benton County",100134,Eby,2017-12-11 05:11:31.341633
2002-04-08,10:00,52.1,,36.3,54.8,0.0,S@5.0,99999.0,46.2,0.0,0,"Eby, Benton County",100134,Eby,2017-12-11 05:11:31.341633
2002-04-08,10:15,52.0,,35.8,53.8,0.0,SW@4.2,99999.0,46.4,0.0,0,"Eby, Benton County",100134,Eby,2017-12-11 05:11:31.341633
2002-04-08,10:30,52.6,,35.6,52.2,0.0,SW@3.9,99999.0,46.6,0.0,0,"Eby, Benton County",100134,Eby,2017-12-11 05:11:31.341633
2002-04-08,10:45,54.0,,34.7,47.8,0.0,SW@5.8,99999.0,46.9,0.0,0,"Eby, Benton County",100134,Eby,2017-12-11 05:11:31.341633
2002-04-08,11:00,53.9,,33.5,45.9,0.0,SW@6.9,99999.0,47.1,0.0,0,"Eby, Benton County",100134,Eby,2017-12-11 05:11:31.341633
2002-04-08,11:15,54.4,,33.2,44.3,0.0,SW@6.0,99999.0,47.4,0.0,0,"Eby, Benton County",100134,Eby,2017-12-11 05:11:31.341633
2002-04-08,11:30,55.2,,33.6,44.0,0.0,SW@5.8,99999.0,47.8,0.0,0,"Eby, Benton County",100134,Eby,2017-12-11 05:11:31.341633
2002-04-08,11:45,56.6,,33.3,41.2,0.0,W@5.1,99999.0,48.1,0.0,0,"Eby, Benton County",100134,Eby,2017-12-11 05:11:31.341633
2002-04-08,12:00,57.1,,33.5,40.7,0.0,SW@5.0,99999.0,48.5,0.0,0,"Eby, Benton County",100134,Eby,2017-12-11 05:11:31.341633
2002-04-08,12:15,57.4,,32.5,38.8,0.0,W@3.8,99999.0,48.9,0.0,0,"Eby, Benton County",100134,Eby,2017-12-11 05:11:31.341633
2002-04-08,12:30,58.7,,33.0,37.7,0.0,SW@3.6,99999.0,49.3,0.0,0,"Eby, Benton County",100134,Eby,2017-12-11 05:11:31.341633
2002-04-08,12:45,58.5,,32.6,37.4,0.0,W@4.4,99999.0,49.8,0.0,0,"Eby, Benton County",100134,Eby,2017-12-11 05:11:31.341633
2002-04-08,13:00,59.0,,29.5,32.5,0.0,W@5.3,99999.0,50.2,0.0,0,"Eby, Benton County",100134,Eby,2017-12-11 05:11:31.341633
2002-04-08,13:15,59.3,,28.1,30.2,0.0,SW@2.2,99999.0,50.7,0.0,0,"Eby, Benton County",100134,Eby,2017-12-11 05:11:31.341633
2002-04-08,13:30,60.2,,27.5,28.7,0.0,SW@4.0,99999.0,51.1,0.0,0,"Eby, Benton County",100134,Eby,2017-12-11 05:11:31.341633
2002-04-08,13:45,60.6,,24.4,24.8,0.0,SW@2.6,99999.0,51.6,0.0,0,"Eby, Benton County",100134,Eby,2017-12-11 05:11:31.341633
2002-04-08,14:00,60.4,,29.2,30.4,0.0,NE@4.6,99999.0,52.0,0.0,0,"Eby, Benton County",100134,Eby,2017-12-11 05:11:31.341633
2002-04-08,14:15,59.6,,36.7,42.4,0.0,NE@7.4,99999.0,52.5,0.0,0,"Eby, Benton County",100134,Eby,2017-12-11 05:11:31.341633
2002-04-08,14:30,59.9,,35.3,39.7,0.0,NE@4.6,99999.0,53.0,0.0,0,"Eby, Benton County",100134,Eby,2017-12-11 05:11:31.341633
2002-04-08,14:45,60.1,,35.6,39.8,0.0,NE@4.7,99999.0,53.4,0.0,0,"Eby, Benton County",100134,Eby,2017-12-11 05:11:31.341633
2002-04-08,15:00,60.5,,33.9,36.7,0.0,NE@5.1,99999.0,53.8,0.0,0,"Eby, Benton County",100134,Eby,2017-12-11 05:11:31.341633
2002-04-08,15:15,60.5,,35.0,38.3,0.0,NE@6.5,99999.0,54.2,0.0,0,"Eby, Benton County",100134,Eby,2017-12-11 05:11:31.341633
2002-04-08,15:30,60.9,,34.6,37.1,0.0,NE@4.9,99999.0,54.6,0.0,0,"Eby, Benton County",100134,Eby,2017-12-11 05:11:31.341633
2002-04-08,15:45,60.6,,33.4,35.7,0.0,NE@5.6,99999.0,55.0,0.0,0,"Eby, Benton County",100134,Eby,2017-12-11 05:11:31.341633
2002-04-08,16:00,60.4,,32.9,35.3,0.0,NE@5.2,99999.0,55.3,0.0,0,"Eby, Benton County",100134,Eby,2017-12-11 05:11:31.341633
2002-04-08,16:15,60.3,,32.6,35.0,0.0,NE@5.2,99999.0,55.7,0.0,0,"Eby, Benton County",100134,Eby,2017-12-11 05:11:31.341633
2002-04-08,16:30,60.0,,32.5,35.4,0.0,NE@5.3,99999.0,55.9,0.0,0,"Eby, Benton County",100134,Eby,2017-12-11 05:11:31.341633
2002-04-08,16:45,59.4,,32.3,35.8,0.0,NE@6.2,99999.0,56.2,0.0,0,"Eby, Benton County",100134,Eby,2017-12-11 05:11:31.341633
2002-04-08,17:00,58.9,,31.9,35.8,0.0,NE@6.1,99999.0,56.4,0.0,0,"Eby, Benton County",100134,Eby,2017-12-11 05:11:31.341633
2002-04-08,17:15,58.3,,32.3,37.2,0.0,NE@5.2,99999.0,56.6,0.0,0,"Eby, Benton County",100134,Eby,2017-12-11 05:11:31.341633
2002-04-08,17:30,57.4,,31.9,37.8,0.0,NE@5.0,99999.0,56.7,0.0,0,"Eby, Benton County",100134,Eby,2017-12-11 05:11:31.341633
2002-04-08,17:45,55.8,,32.4,40.8,0.0,NE@4.7,99999.0,56.8,0.0,0,"Eby, Benton County",100134,Eby,2017-12-11 05:11:31.341633
2002-04-08,18:00,52.4,,33.6,48.5,0.0,N@4.2,99999.0,56.9,0.0,0,"Eby, Benton County",100134,Eby,2017-12-11 05:11:31.341633
2002-04-08,18:15,51.9,,31.3,45.1,0.0,N@4.1,99999.0,56.9,0.0,0,"Eby, Benton County",100134,Eby,2017-12-11 05:11:31.341633
2002-04-08,18:30,51.2,,30.1,44.0,0.0,N@4.0,99999.0,56.8,0.0,0,"Eby, Benton County",100134,Eby,2017-12-11 05:11:31.341633
2002-04-08,18:45,51.2,,28.0,40.6,0.0,N@4.5,99999.0,56.7,0.0,0,"Eby, Benton County",100134,Eby,2017-12-11 05:11:31.341633
2002-04-08,19:00,51.2,,26.6,38.2,0.0,N@5.4,99999.0,56.6,0.0,0,"Eby, Benton County",100134,Eby,2017-12-11 05:11:31.341633
2002-04-08,19:15,51.5,,26.3,37.3,0.0,N@4.9,99999.0,56.4,0.0,0,"Eby, Benton County",100134,Eby,2017-12-11 05:11:31.341633
2002-04-08,19:30,51.2,,25.7,36.8,0.0,N@4.9,99999.0,56.2,0.0,0,"Eby, Benton County",100134,Eby,2017-12-11 05:11:31.341633
2002-04-08,19:45,51.0,,25.8,37.3,0.0,N@4.9,99999.0,56.0,0.0,0,"Eby, Benton County",100134,Eby,2017-12-11 05:11:31.341633
2002-04-08,20:00,51.3,,25.4,36.3,0.0,N@5.0,99999.0,55.8,0.0,0,"Eby, Benton County",100134,Eby,2017-12-11 05:11:31.341633
2002-04-08,20:15,51.1,,25.0,35.9,0.0,N@4.9,99999.0,55.6,0.0,0,"Eby, Benton County",100134,Eby,2017-12-11 05:11:31.341633
2002-04-08,20:30,50.7,,25.0,36.5,0.0,N@5.9,99999.0,55.4,0.0,0,"Eby, Benton County",100134,Eby,2017-12-11 05:11:31.341633
2002-04-08,20:45,51.0,,25.2,36.3,0.0,NE@6.4,99999.0,55.2,0.0,0,"Eby, Benton County",100134,Eby,2017-12-11 05:11:31.341633
2002-04-08,21:00,51.5,,25.4,35.9,0.0,NE@6.3,99999.0,54.9,0.0,0,"Eby, Benton County",100134,Eby,2017-12-11 05:11:31.341633
2002-04-08,21:15,51.4,,26.4,37.6,0.0,NE@4.5,99999.0,54.7,0.0,0,"Eby, Benton County",100134,Eby,2017-12-11 05:11:31.341633
2002-04-08,21:30,50.8,,27.5,40.3,0.0,NE@5.3,99999.0,54.5,0.0,0,"Eby, Benton County",100134,Eby,2017-12-11 05:11:31.341633
2002-04-08,21:45,50.6,,28.1,41.7,0.0,NE@5.5,99999.0,54.3,0.0,0,"Eby, Benton County",100134,Eby,2017-12-11 05:11:31.341633
2002-04-08,22:00,50.5,,28.0,41.7,0.0,NE@5.0,99999.0,54.1,0.0,0,"Eby, Benton County",100134,Eby,2017-12-11 05:11:31.341633
2002-04-08,22:15,50.6,,27.0,39.6,0.0,NE@5.3,99999.0,53.8,0.0,0,"Eby, Benton County",100134,Eby,2017-12-11 05:11:31.341633
2002-04-08,22:30,50.8,,26.5,38.6,0.0,NE@5.1,99999.0,53.6,0.0,0,"Eby, Benton County",100134,Eby,2017-12-11 05:11:31.341633
2002-04-08,22:45,51.3,,26.5,37.9,0.0,NE@5.3,99999.0,53.4,0.0,0,"Eby, Benton County",100134,Eby,2017-12-11 05:11:31.341633
2002-04-08,23:00,51.3,,28.2,40.6,0.0,NE@4.8,99999.0,53.2,0.0,0,"Eby, Benton County",100134,Eby,2017-12-11 05:11:31.341633
2002-04-09,23:15,50.9,,29.8,44.0,0.0,NE@4.9,99999.0,53.0,0.0,0,"Eby, Benton County",100134,Eby,2017-12-11 05:11:31.341633
2002-04-09,23:30,50.6,,30.3,45.5,0.0,N@3.9,99999.0,52.9,0.0,0,"Eby, Benton County",100134,Eby,2017-12-11 05:11:31.341633
2002-04-09,23:45,50.5,,30.7,46.3,0.0,N@3.8,99999.0,52.7,0.0,0,"Eby, Benton County",100134,Eby,2017-12-11 05:11:31.341633
2002-04-09,24:00,45.6,,42.6,88.9,0.0,SW@9.4,99999.0,50.5,0.0,0,"Eby, Benton County",100134,Eby,2017-12-11 05:11:31.341633
2002-04-09,00:15,51.9,,30.1,43.0,0.0,N@3.2,99999.0,52.4,0.0,0,"Eby, Benton County",100134,Eby,2017-12-11 05:11:31.341633
2002-04-09,00:30,52.4,,29.8,41.6,0.0,NW@3.9,99999.0,52.2,0.0,0,"Eby, Benton County",100134,Eby,2017-12-11 05:11:31.341633
2002-04-09,00:45,52.9,,29.6,40.6,0.0,NW@5.0,99999.0,52.1,0.0,0,"Eby, Benton County",100134,Eby,2017-12-11 05:11:31.341633
2002-04-09,01:00,53.1,,29.2,39.5,0.0,NW@5.6,99999.0,51.9,0.0,0,"Eby, Benton County",100134,Eby,2017-12-11 05:11:31.341633
2002-04-09,01:15,53.8,,28.4,37.4,0.0,NW@5.5,99999.0,51.8,0.0,0,"Eby, Benton County",100134,Eby,2017-12-11 05:11:31.341633
2002-04-09,01:30,54.1,,28.6,37.2,0.0,N@4.7,99999.0,51.8,0.0,0,"Eby, Benton County",100134,Eby,2017-12-11 05:11:31.341633
2002-04-09,01:45,53.5,,28.1,37.3,0.0,NW@5.5,99999.0,51.7,0.0,0,"Eby, Benton County",100134,Eby,2017-12-11 05:11:31.341633
2002-04-09,02:00,54.4,,27.5,35.1,0.0,N@5.4,99999.0,51.6,0.0,0,"Eby, Benton County",100134,Eby,2017-12-11 05:11:31.341633
2002-04-09,02:15,53.3,,29.2,39.3,0.0,NE@2.6,99999.0,51.4,0.0,0,"Eby, Benton County",100134,Eby,2017-12-11 05:11:31.341633
2002-04-09,02:30,52.3,,30.0,42.1,0.0,NE@1.4,99999.0,51.4,0.0,0,"Eby, Benton County",100134,Eby,2017-12-11 05:11:31.341633
2002-04-09,02:45,50.4,,31.8,48.6,0.0,W@10.7,99999.0,51.3,0.0,0,"Eby, Benton County",100134,Eby,2017-12-11 05:11:31.341633
2002-04-09,03:00,46.2,,34.5,63.3,0.0,SW@6.3,99999.0,51.3,0.0,0,"Eby, Benton County",100134,Eby,2017-12-11 05:11:31.341633
2002-04-09,03:15,46.5,,33.4,60.0,0.0,S@5.0,99999.0,51.1,0.0,0,"Eby, Benton County",100134,Eby,2017-12-11 05:11:31.341633
2002-04-09,03:30,47.2,,32.9,57.4,0.0,SW@3.5,99999.0,51.0,0.0,0,"Eby, Benton County",100134,Eby,2017-12-11 05:11:31.341633
2002-04-09,03:45,47.1,,32.5,56.7,0.0,SW@3.5,99999.0,50.9,0.0,0,"Eby, Benton County",100134,Eby,2017-12-11 05:11:31.341633
2002-04-09,04:00,48.6,,33.4,55.5,0.0,SW@4.2,99999.0,50.8,0.0,0,"Eby, Benton County",100134,Eby,2017-12-11 05:11:31.341633
2002-04-09,04:15,47.3,,34.1,59.8,0.0,SW@3.6,99999.0,50.7,0.0,0,"Eby, Benton County",100134,Eby,2017-12-11 05:11:31.341633
2002-04-09,04:30,47.7,,34.9,61.0,0.0,W@2.6,99999.0,50.7,0.0,0,"Eby, Benton County",100134,Eby,2017-12-11 05:11:31.341633
2002-04-09,04:45,47.6,,35.3,62.1,0.0,NW@2.8,99999.0,50.6,0.0,0,"Eby, Benton County",100134,Eby,2017-12-11 05:11:31.341633
2002-04-09,05:00,49.7,,33.4,53.3,0.0,N@2.9,99999.0,50.5,0.0,0,"Eby, Benton County",100134,Eby,2017-12-11 05:11:31.341633
2002-04-09,05:15,49.1,,35.4,58.9,0.0,SE@1.2,99999.0,50.3,0.0,0,"Eby, Benton County",100134,Eby,2017-12-11 05:11:31.341633
2002-04-09,05:30,48.3,,36.6,63.6,0.0,NW@2.9,99999.0,50.3,0.0,0,"Eby, Benton County",100134,Eby,2017-12-11 05:11:31.341633
2002-04-09,05:45,48.5,,35.8,61.1,0.0,NW@3.3,99999.0,50.3,0.0,0,"Eby, Benton County",100134,Eby,2017-12-11 05:11:31.341633
2002-04-09,06:00,49.7,,36.0,58.9,0.0,NW@3.1,99999.0,50.2,0.0,0,"Eby, Benton County",100134,Eby,2017-12-11 05:11:31.341633
2002-04-09,06:15,50.7,,37.4,60.2,0.0,NW@3.1,99999.0,50.1,0.0,0,"Eby, Benton County",100134,Eby,2017-12-11 05:11:31.341633
2002-04-09,06:30,50.7,,39.9,66.2,0.0,NW@2.5,99999.0,50.1,0.0,0,"Eby, Benton County",100134,Eby,2017-12-11 05:11:31.341633
2002-04-09,06:45,50.1,,39.5,66.7,0.0,SW@3.5,99999.0,50.0,0.0,0,"Eby, Benton County",100134,Eby,2017-12-11 05:11:31.341633
2002-04-09,07:00,50.5,,39.0,64.5,0.0,SW@2.3,99999.0,50.0,0.0,0,"Eby, Benton County",100134,Eby,2017-12-11 05:11:31.341633
2002-04-09,07:15,50.1,,40.2,68.6,0.0,SW@1.5,99999.0,49.9,0.0,0,"Eby, Benton County",100134,Eby,2017-12-11 05:11:31.341633
2002-04-09,07:30,50.0,,38.4,64.4,0.0,SW@5.2,99999.0,49.9,0.0,0,"Eby, Benton County",100134,Eby,2017-12-11 05:11:31.341633
2002-04-09,07:45,50.2,,38.5,63.9,0.0,W@5.7,99999.0,49.9,0.0,0,"Eby, Benton County",100134,Eby,2017-12-11 05:11:31.341633
2002-04-09,08:00,50.0,,40.7,70.2,0.0,SW@5.3,99999.0,49.8,0.0,0,"Eby, Benton County",100134,Eby,2017-12-11 05:11:31.341633
2002-04-09,08:15,49.7,,41.7,73.8,0.0,S@3.9,99999.0,49.8,0.0,0,"Eby, Benton County",100134,Eby,2017-12-11 05:11:31.341633
2002-04-09,08:30,49.6,,41.2,72.6,0.0,SW@2.2,99999.0,49.9,0.0,0,"Eby, Benton County",100134,Eby,2017-12-11 05:11:31.341633
2002-04-09,08:45,50.2,,41.2,70.9,0.0,SW@2.8,99999.0,49.9,0.0,0,"Eby, Benton County",100134,Eby,2017-12-11 05:11:31.341633
2002-04-09,09:00,51.7,,41.4,67.9,0.0,SW@2.8,99999.0,49.9,0.0,0,"Eby, Benton County",100134,Eby,2017-12-11 05:11:31.341633
2002-04-09,09:15,53.5,,42.6,66.3,0.0,SW@3.8,99999.0,49.8,0.0,0,"Eby, Benton County",100134,Eby,2017-12-11 05:11:31.341633
2002-04-09,09:30,53.6,,42.6,66.1,0.0,SW@5.2,99999.0,49.8,0.0,0,"Eby, Benton County",100134,Eby,2017-12-11 05:11:31.341633
2002-04-09,09:45,53.4,,41.5,63.8,0.0,SW@5.0,99999.0,49.8,0.0,0,"Eby, Benton County",100134,Eby,2017-12-11 05:11:31.341633
2002-04-09,10:00,53.5,,41.1,62.6,0.0,SW@4.7,99999.0,49.9,0.0,0,"Eby, Benton County",100134,Eby,2017-12-11 05:11:31.341633
2002-04-09,10:15,54.5,,41.8,62.2,0.0,SW@4.5,99999.0,50.0,0.0,0,"Eby, Benton County",100134,Eby,2017-12-11 05:11:31.341633
2002-04-09,10:30,56.2,,44.6,64.9,0.0,SW@5.7,99999.0,50.0,0.0,0,"Eby, Benton County",100134,Eby,2017-12-11 05:11:31.341633
2002-04-09,10:45,58.0,,45.4,62.7,0.0,S@6.7,99999.0,50.1,0.0,0,"Eby, Benton County",100134,Eby,2017-12-11 05:11:31.341633
2002-04-09,11:00,58.2,,45.3,62.2,0.0,SW@5.7,99999.0,50.2,0.0,0,"Eby, Benton County",100134,Eby,2017-12-11 05:11:31.341633
2002-04-09,11:15,58.2,,45.2,61.8,0.0,S@6.4,99999.0,50.3,0.0,0,"Eby, Benton County",100134,Eby,2017-12-11 05:11:31.341633
2002-04-09,11:30,58.1,,45.0,61.5,0.0,S@6.7,99999.0,50.4,0.0,0,"Eby, Benton County",100134,Eby,2017-12-11 05:11:31.341633
2002-04-09,11:45,57.4,,45.8,65.2,0.0,S@6.9,99999.0,50.6,0.0,0,"Eby, Benton County",100134,Eby,2017-12-11 05:11:31.341633
2002-04-09,12:00,57.6,,46.3,65.7,0.0,S@7.4,99999.0,50.8,0.0,0,"Eby, Benton County",100134,Eby,2017-12-11 05:11:31.341633
2002-04-09,12:15,58.3,,46.3,64.4,0.0,SW@9.6,99999.0,50.9,0.0,0,"Eby, Benton County",100134,Eby,2017-12-11 05:11:31.341633
2002-04-09,12:30,57.6,,45.8,64.7,0.0,SW@11.7,99999.0,51.0,0.0,0,"Eby, Benton County",100134,Eby,2017-12-11 05:11:31.341633
2002-04-09,12:45,57.3,,46.3,66.4,0.0,SW@11.1,99999.0,51.2,0.0,0,"Eby, Benton County",100134,Eby,2017-12-11 05:11:31.341633
2002-04-09,13:00,56.9,,46.4,67.8,0.0,SW@11.9,99999.0,51.3,0.0,0,"Eby, Benton County",100134,Eby,2017-12-11 05:11:31.341633
2002-04-09,13:15,56.8,,46.9,69.2,0.0,SW@10.7,99999.0,51.5,0.0,0,"Eby, Benton County",100134,Eby,2017-12-11 05:11:31.341633
2002-04-09,13:30,56.4,,47.9,73.0,0.0,SW@10.6,99999.0,51.6,0.0,0,"Eby, Benton County",100134,Eby,2017-12-11 05:11:31.341633
2002-04-09,13:45,57.8,,47.8,69.0,0.0,SW@10.7,99999.0,51.7,0.0,0,"Eby, Benton County",100134,Eby,2017-12-11 05:11:31.341633
2002-04-09,14:00,57.3,,47.4,69.2,0.0,SW@9.6,99999.0,51.7,0.0,0,"Eby, Benton County",100134,Eby,2017-12-11 05:11:31.341633
2002-04-09,14:15,57.2,,48.2,71.7,0.0,SW@9.4,99999.0,51.8,0.0,0,"Eby, Benton County",100134,Eby,2017-12-11 05:11:31.341633
2002-04-09,14:30,56.8,,48.5,73.7,0.0,SW@10.9,99999.0,51.9,0.0,0,"Eby, Benton County",100134,Eby,2017-12-11 05:11:31.341633
2002-04-09,14:45,57.1,,50.0,76.8,0.0,S@9.8,99999.0,52.0,0.0,0,"Eby, Benton County",100134,Eby,2017-12-11 05:11:31.341633
2002-04-09,15:00,57.7,,46.8,67.1,0.0,SW@12.9,99999.0,52.0,0.0,0,"Eby, Benton County",100134,Eby,2017-12-11 05:11:31.341633
2002-04-09,15:15,57.3,,44.6,62.4,0.0,SW@12.5,99999.0,52.1,0.0,0,"Eby, Benton County",100134,Eby,2017-12-11 05:11:31.341633
2002-04-09,15:30,56.9,,44.9,64.1,0.0,SW@12.1,99999.0,52.2,0.0,0,"Eby, Benton County",100134,Eby,2017-12-11 05:11:31.341633
2002-04-09,15:45,57.0,,44.6,63.1,0.0,SW@11.6,99999.0,52.3,0.0,0,"Eby, Benton County",100134,Eby,2017-12-11 05:11:31.341633
2002-04-09,16:00,56.9,,44.0,62.0,0.0,SW@11.7,99999.0,52.3,0.0,0,"Eby, Benton County",100134,Eby,2017-12-11 05:11:31.341633
2002-04-09,16:15,56.3,,44.5,64.5,0.0,SW@11.9,99999.0,52.4,0.0,0,"Eby, Benton County",100134,Eby,2017-12-11 05:11:31.341633
2002-04-09,16:30,55.8,,45.4,67.9,0.0,SW@10.3,99999.0,52.4,0.0,0,"Eby, Benton County",100134,Eby,2017-12-11 05:11:31.341633
2002-04-09,16:45,54.9,,46.1,72.1,0.0,SW@9.9,99999.0,52.5,0.0,0,"Eby, Benton County",100134,Eby,2017-12-11 05:11:31.341633
2002-04-09,17:00,54.6,,45.7,71.8,0.0,SW@11.0,99999.0,52.6,0.0,0,"Eby, Benton County",100134,Eby,2017-12-11 05:11:31.341633
2002-04-09,17:15,54.9,,45.4,70.1,0.0,SW@10.0,99999.0,52.6,0.0,0,"Eby, Benton County",100134,Eby,2017-12-11 05:11:31.341633
2002-04-09,17:30,54.7,,44.9,69.4,0.0,SW@13.0,99999.0,52.6,0.0,0,"Eby, Benton County",100134,Eby,2017-12-11 05:11:31.341633
2002-04-09,17:45,54.0,,44.8,71.0,0.0,SW@13.9,99999.0,52.5,0.0,0,"Eby, Benton County",100134,Eby,2017-12-11 05:11:31.341633
2002-04-09,18:00,53.8,,44.9,71.7,0.0,SW@11.9,99999.0,52.5,0.0,0,"Eby, Benton County",100134,Eby,2017-12-11 05:11:31.341633
2002-04-09,18:15,53.3,,44.8,72.8,0.0,SW@11.7,99999.0,52.5,0.0,0,"Eby, Benton County",100134,Eby,2017-12-11 05:11:31.341633
2002-04-09,18:30,52.4,,44.5,74.3,0.0,SW@15.5,99999.0,52.4,0.0,0,"Eby, Benton County",100134,Eby,2017-12-11 05:11:31.341633
2002-04-09,18:45,51.4,,44.7,77.9,0.0,SW@15.0,99999.0,52.4,0.0,0,"Eby, Benton County",100134,Eby,2017-12-11 05:11:31.341633
2002-04-09,19:00,50.1,,44.6,81.2,0.0,SW@13.4,99999.0,52.4,0.0,0,"Eby, Benton County",100134,Eby,2017-12-11 05:11:31.341633
2002-04-09,19:15,49.3,,44.1,82.1,0.0,SW@13.6,99999.0,52.3,0.0,0,"Eby, Benton County",100134,Eby,2017-12-11 05:11:31.341633
2002-04-09,19:30,50.1,,43.0,76.4,0.0,SW@14.4,99999.0,52.2,0.0,0,"Eby, Benton County",100134,Eby,2017-12-11 05:11:31.341633
2002-04-09,19:45,49.8,,42.8,76.6,0.0,SW@11.1,99999.0,52.1,0.0,0,"Eby, Benton County",100134,Eby,2017-12-11 05:11:31.341633
2002-04-09,20:00,49.5,,42.5,76.9,0.0,SW@11.2,99999.0,52.0,0.0,0,"Eby, Benton County",100134,Eby,2017-12-11 05:11:31.341633
2002-04-09,20:15,49.6,,42.4,76.1,0.0,SW@11.8,99999.0,51.9,0.0,0,"Eby, Benton County",100134,Eby,2017-12-11 05:11:31.341633
2002-04-09,20:30,49.1,,42.4,77.5,0.0,SW@11.0,99999.0,51.8,0.0,0,"Eby, Benton County",100134,Eby,2017-12-11 05:11:31.341633
2002-04-09,20:45,49.4,,42.5,76.7,0.0,SW@14.7,99999.0,51.7,0.0,0,"Eby, Benton County",100134,Eby,2017-12-11 05:11:31.341633
2002-04-09,21:00,49.2,,42.7,78.2,0.0,SW@13.3,99999.0,51.6,0.0,0,"Eby, Benton County",100134,Eby,2017-12-11 05:11:31.341633
2002-04-09,21:15,49.2,,43.0,79.1,0.0,SW@12.2,99999.0,51.5,0.0,0,"Eby, Benton County",100134,Eby,2017-12-11 05:11:31.341633
2002-04-09,21:30,48.5,,43.4,82.3,0.0,SW@11.2,99999.0,51.4,0.0,0,"Eby, Benton County",100134,Eby,2017-12-11 05:11:31.341633
2002-04-09,21:45,48.4,,43.6,83.4,0.0,SW@11.5,99999.0,51.3,0.0,0,"Eby, Benton County",100134,Eby,2017-12-11 05:11:31.341633
2002-04-09,22:00,48.2,,43.3,83.1,0.0,SW@13.0,99999.0,51.2,0.0,0,"Eby, Benton County",100134,Eby,2017-12-11 05:11:31.341633
2002-04-09,22:15,47.9,,43.0,83.0,0.0,SW@13.1,99999.0,51.1,0.0,0,"Eby, Benton County",100134,Eby,2017-12-11 05:11:31.341633
2002-04-09,22:30,47.2,,42.7,84.3,0.0,SW@11.1,99999.0,51.0,0.0,0,"Eby, Benton County",100134,Eby,2017-12-11 05:11:31.341633
2002-04-09,22:45,47.5,,42.8,83.6,0.0,SW@12.4,99999.0,51.0,0.0,0,"Eby, Benton County",100134,Eby,2017-12-11 05:11:31.341633
2002-04-09,23:00,47.0,,42.8,85.0,0.0,SW@9.7,99999.0,50.9,0.0,0,"Eby, Benton County",100134,Eby,2017-12-11 05:11:31.341633
2002-04-10,23:15,46.6,,42.7,86.1,0.0,SW@9.7,99999.0,50.8,0.0,0,"Eby, Benton County",100134,Eby,2017-12-11 05:11:31.341633
2002-04-10,23:30,46.5,,42.7,86.5,0.0,SW@9.8,99999.0,50.7,0.0,0,"Eby, Benton County",100134,Eby,2017-12-11 05:11:31.341633
2002-04-10,23:45,46.3,,42.8,87.5,0.0,SW@10.4,99999.0,50.6,0.0,0,"Eby, Benton County",100134,Eby,2017-12-11 05:11:31.341633
2002-04-10,24:00,44.6,,40.4,85.1,0.0,S@2.7,99999.0,51.2,0.0,0,"Eby, Benton County",100134,Eby,2017-12-11 05:11:31.341633
