Date,Time PST,Air Temp °F, 2<sup>nd</sup> Air Temp °F, Dew Point °F, Rel Hum %, Leaf Wet u., Wind Dir @ Speed mph, Wind Gust mph, 8 in. Soil Tmp °F, Tot Prec in, Solar Rad W/m²,Location,Station ID,Station Name,Download Timestamp
1990-09-14,00:15,66.9,,47.6,49.8,0.0,N@11.0,99999.0,32.0,0.0,0,"Eby, Benton County",100134,Eby,2017-12-09 16:59:57.737488
1990-09-14,00:30,66.9,,47.5,49.6,0.0,N@10.8,99999.0,32.0,0.0,0,"Eby, Benton County",100134,Eby,2017-12-09 16:59:57.737488
1990-09-14,00:45,66.8,,47.4,49.6,0.0,N@10.4,99999.0,32.0,0.0,0,"Eby, Benton County",100134,Eby,2017-12-09 16:59:57.737488
1990-09-14,01:00,66.7,,47.4,49.8,0.0,N@11.2,99999.0,32.0,0.0,0,"Eby, Benton County",100134,Eby,2017-12-09 16:59:57.737488
1990-09-14,01:15,66.3,,47.1,50.0,0.0,N@11.1,99999.0,32.0,0.0,0,"Eby, Benton County",100134,Eby,2017-12-09 16:59:57.737488
1990-09-14,01:30,65.6,,46.8,50.6,0.0,N@12.6,99999.0,32.0,0.0,0,"Eby, Benton County",100134,Eby,2017-12-09 16:59:57.737488
1990-09-14,01:45,65.3,,46.8,51.1,0.0,N@12.5,99999.0,32.0,0.0,0,"Eby, Benton County",100134,Eby,2017-12-09 16:59:57.737488
1990-09-14,02:00,65.2,,46.8,51.1,0.0,N@12.7,99999.0,32.0,0.0,0,"Eby, Benton County",100134,Eby,2017-12-09 16:59:57.737488
1990-09-14,02:15,64.9,,46.5,51.3,0.0,N@12.6,99999.0,32.0,0.0,0,"Eby, Benton County",100134,Eby,2017-12-09 16:59:57.737488
1990-09-14,02:30,64.7,,46.4,51.6,0.0,N@12.6,99999.0,32.0,0.0,0,"Eby, Benton County",100134,Eby,2017-12-09 16:59:57.737488
1990-09-14,02:45,62.9,,45.4,52.7,0.0,N@12.6,99999.0,32.0,0.0,0,"Eby, Benton County",100134,Eby,2017-12-09 16:59:57.737488
1990-09-14,03:00,61.9,,44.9,53.6,0.0,N@14.8,99999.0,32.0,0.0,0,"Eby, Benton County",100134,Eby,2017-12-09 16:59:57.737488
1990-09-14,03:15,61.4,,44.8,54.2,0.0,NW@15.8,99999.0,32.0,0.0,0,"Eby, Benton County",100134,Eby,2017-12-09 16:59:57.737488
1990-09-14,03:30,60.9,,44.7,55.0,0.0,NW@17.3,99999.0,32.0,0.0,0,"Eby, Benton County",100134,Eby,2017-12-09 16:59:57.737488
1990-09-14,03:45,60.2,,44.4,55.9,0.0,NW@18.3,99999.0,32.0,0.0,0,"Eby, Benton County",100134,Eby,2017-12-09 16:59:57.737488
1990-09-14,04:00,59.8,,44.2,56.1,0.0,N@18.9,99999.0,32.0,0.0,0,"Eby, Benton County",100134,Eby,2017-12-09 16:59:57.737488
1990-09-14,04:15,60.0,,44.2,56.0,0.0,N@20.4,99999.0,32.0,0.0,0,"Eby, Benton County",100134,Eby,2017-12-09 16:59:57.737488
1990-09-14,04:30,59.4,,43.8,56.1,0.0,N@20.5,99999.0,32.0,0.0,0,"Eby, Benton County",100134,Eby,2017-12-09 16:59:57.737488
1990-09-14,04:45,58.7,,43.5,56.9,0.0,N@20.9,99999.0,32.0,0.0,0,"Eby, Benton County",100134,Eby,2017-12-09 16:59:57.737488
1990-09-14,05:00,58.4,,43.4,57.4,0.0,N@20.2,99999.0,32.0,0.0,0,"Eby, Benton County",100134,Eby,2017-12-09 16:59:57.737488
1990-09-14,05:15,57.9,,43.3,58.1,0.0,N@18.5,99999.0,32.0,0.0,0,"Eby, Benton County",100134,Eby,2017-12-09 16:59:57.737488
1990-09-14,05:30,58.0,,43.4,58.2,0.0,N@19.4,99999.0,32.0,0.0,0,"Eby, Benton County",100134,Eby,2017-12-09 16:59:57.737488
1990-09-14,05:45,57.9,,43.3,58.3,0.0,N@18.1,99999.0,32.0,0.0,0,"Eby, Benton County",100134,Eby,2017-12-09 16:59:57.737488
1990-09-14,06:00,58.0,,43.6,58.6,0.0,N@18.2,99999.0,32.0,0.0,0,"Eby, Benton County",100134,Eby,2017-12-09 16:59:57.737488
1990-09-14,06:15,57.8,,43.7,59.2,0.0,N@18.4,99999.0,32.0,0.0,0,"Eby, Benton County",100134,Eby,2017-12-09 16:59:57.737488
1990-09-14,06:30,57.9,,43.9,59.5,0.0,N@18.6,99999.0,32.0,0.0,0,"Eby, Benton County",100134,Eby,2017-12-09 16:59:57.737488
1990-09-14,06:45,58.4,,44.3,59.4,0.0,N@18.4,99999.0,32.0,0.0,0,"Eby, Benton County",100134,Eby,2017-12-09 16:59:57.737488
1990-09-14,07:00,59.1,,44.8,59.1,0.0,N@18.0,99999.0,32.0,0.0,0,"Eby, Benton County",100134,Eby,2017-12-09 16:59:57.737488
1990-09-14,07:15,59.8,,45.4,58.7,0.0,N@17.9,99999.0,32.0,0.0,0,"Eby, Benton County",100134,Eby,2017-12-09 16:59:57.737488
1990-09-14,07:30,60.2,,45.7,58.7,0.0,N@19.0,99999.0,32.0,0.0,0,"Eby, Benton County",100134,Eby,2017-12-09 16:59:57.737488
1990-09-14,07:45,60.8,,46.3,58.7,0.0,N@18.8,99999.0,32.0,0.0,0,"Eby, Benton County",100134,Eby,2017-12-09 16:59:57.737488
1990-09-14,08:00,61.8,,47.0,58.2,0.0,N@16.2,99999.0,32.0,0.0,0,"Eby, Benton County",100134,Eby,2017-12-09 16:59:57.737488
1990-09-14,08:15,62.8,,47.7,57.8,0.0,N@13.8,99999.0,32.0,0.0,0,"Eby, Benton County",100134,Eby,2017-12-09 16:59:57.737488
1990-09-14,08:30,63.6,,48.2,57.2,0.0,N@14.7,99999.0,32.0,0.0,0,"Eby, Benton County",100134,Eby,2017-12-09 16:59:57.737488
1990-09-14,08:45,64.6,,48.9,56.6,0.0,N@13.9,99999.0,32.0,0.0,0,"Eby, Benton County",100134,Eby,2017-12-09 16:59:57.737488
1990-09-14,09:00,65.5,,49.4,56.0,0.0,N@15.6,99999.0,32.0,0.0,0,"Eby, Benton County",100134,Eby,2017-12-09 16:59:57.737488
1990-09-14,09:15,67.0,,50.3,54.8,0.0,N@16.0,99999.0,32.0,0.0,0,"Eby, Benton County",100134,Eby,2017-12-09 16:59:57.737488
1990-09-14,09:30,68.1,,50.6,53.5,0.0,NW@15.6,99999.0,32.0,0.0,0,"Eby, Benton County",100134,Eby,2017-12-09 16:59:57.737488
1990-09-14,09:45,69.4,,51.2,52.4,0.0,NW@11.0,99999.0,32.0,0.0,0,"Eby, Benton County",100134,Eby,2017-12-09 16:59:57.737488
1990-09-14,10:00,69.8,,51.4,52.0,0.0,NW@8.2,99999.0,32.0,0.0,0,"Eby, Benton County",100134,Eby,2017-12-09 16:59:57.737488
1990-09-14,10:15,70.4,,51.7,51.5,0.0,NW@7.5,99999.0,32.0,0.0,0,"Eby, Benton County",100134,Eby,2017-12-09 16:59:57.737488
1990-09-14,10:30,71.5,,52.2,50.6,0.0,NW@7.7,99999.0,32.0,0.0,0,"Eby, Benton County",100134,Eby,2017-12-09 16:59:57.737488
1990-09-14,10:45,72.2,,52.4,49.6,0.0,NW@9.1,99999.0,32.0,0.0,0,"Eby, Benton County",100134,Eby,2017-12-09 16:59:57.737488
1990-09-14,11:00,72.7,,52.5,49.1,0.0,N@10.2,99999.0,32.0,0.0,0,"Eby, Benton County",100134,Eby,2017-12-09 16:59:57.737488
1990-09-14,11:15,73.6,,53.1,48.6,0.0,N@10.0,99999.0,32.0,0.0,0,"Eby, Benton County",100134,Eby,2017-12-09 16:59:57.737488
1990-09-14,11:30,73.6,,53.4,49.2,0.0,N@7.9,99999.0,32.0,0.0,0,"Eby, Benton County",100134,Eby,2017-12-09 16:59:57.737488
1990-09-14,11:45,74.9,,54.1,48.4,0.0,N@8.2,99999.0,32.0,0.0,0,"Eby, Benton County",100134,Eby,2017-12-09 16:59:57.737488
1990-09-14,12:00,76.3,,54.7,47.1,0.0,N@9.4,99999.0,32.0,0.0,0,"Eby, Benton County",100134,Eby,2017-12-09 16:59:57.737488
1990-09-14,12:15,76.4,,54.4,46.5,0.0,N@9.6,99999.0,32.0,0.0,0,"Eby, Benton County",100134,Eby,2017-12-09 16:59:57.737488
1990-09-14,12:30,77.0,,54.7,46.0,0.0,N@8.5,99999.0,32.0,0.0,0,"Eby, Benton County",100134,Eby,2017-12-09 16:59:57.737488
1990-09-14,12:45,77.1,,54.7,45.8,0.0,N@6.9,99999.0,32.0,0.0,0,"Eby, Benton County",100134,Eby,2017-12-09 16:59:57.737488
1990-09-14,13:00,77.7,,54.6,44.9,0.0,N@7.4,99999.0,32.0,0.0,0,"Eby, Benton County",100134,Eby,2017-12-09 16:59:57.737488
1990-09-14,13:15,78.6,,54.6,43.5,0.0,NW@8.2,99999.0,32.0,0.0,0,"Eby, Benton County",100134,Eby,2017-12-09 16:59:57.737488
1990-09-14,13:30,79.3,,54.9,43.1,0.0,N@6.8,99999.0,32.0,0.0,0,"Eby, Benton County",100134,Eby,2017-12-09 16:59:57.737488
1990-09-14,13:45,79.8,,54.9,42.2,0.0,N@7.4,99999.0,32.0,0.0,0,"Eby, Benton County",100134,Eby,2017-12-09 16:59:57.737488
1990-09-14,14:00,79.9,,54.8,42.0,0.0,NW@5.9,99999.0,32.0,0.0,0,"Eby, Benton County",100134,Eby,2017-12-09 16:59:57.737488
1990-09-14,14:15,80.7,,55.2,41.5,0.0,N@7.1,99999.0,32.0,0.0,0,"Eby, Benton County",100134,Eby,2017-12-09 16:59:57.737488
1990-09-14,14:30,80.5,,55.2,41.8,0.0,N@7.6,99999.0,32.0,0.0,0,"Eby, Benton County",100134,Eby,2017-12-09 16:59:57.737488
1990-09-14,14:45,80.5,,55.2,41.9,0.0,N@6.4,99999.0,32.0,0.0,0,"Eby, Benton County",100134,Eby,2017-12-09 16:59:57.737488
1990-09-14,15:00,80.9,,55.4,41.6,0.0,N@5.6,99999.0,32.0,0.0,0,"Eby, Benton County",100134,Eby,2017-12-09 16:59:57.737488
1990-09-14,15:15,81.6,,55.4,40.7,0.0,N@7.6,99999.0,32.0,0.0,0,"Eby, Benton County",100134,Eby,2017-12-09 16:59:57.737488
1990-09-14,15:30,81.3,,55.2,40.8,0.0,N@7.4,99999.0,32.0,0.0,0,"Eby, Benton County",100134,Eby,2017-12-09 16:59:57.737488
1990-09-14,15:45,81.3,,55.1,40.6,0.0,N@6.8,99999.0,32.0,0.0,0,"Eby, Benton County",100134,Eby,2017-12-09 16:59:57.737488
1990-09-14,16:00,81.3,,54.9,40.2,0.0,N@7.8,99999.0,32.0,0.0,0,"Eby, Benton County",100134,Eby,2017-12-09 16:59:57.737488
1990-09-14,16:15,81.5,,54.5,39.5,0.0,N@8.9,99999.0,32.0,0.0,0,"Eby, Benton County",100134,Eby,2017-12-09 16:59:57.737488
1990-09-14,16:30,81.0,,54.2,39.6,0.0,N@8.7,99999.0,32.0,0.0,0,"Eby, Benton County",100134,Eby,2017-12-09 16:59:57.737488
1990-09-14,16:45,80.6,,54.2,40.1,0.0,N@6.0,99999.0,32.0,0.0,0,"Eby, Benton County",100134,Eby,2017-12-09 16:59:57.737488
1990-09-14,17:00,80.2,,53.8,40.2,0.0,N@5.3,99999.0,32.0,0.0,0,"Eby, Benton County",100134,Eby,2017-12-09 16:59:57.737488
1990-09-14,17:15,79.4,,53.5,40.8,0.0,N@3.8,99999.0,32.0,0.0,0,"Eby, Benton County",100134,Eby,2017-12-09 16:59:57.737488
1990-09-14,17:30,78.4,,53.4,42.0,0.0,N@1.8,99999.0,32.0,0.0,0,"Eby, Benton County",100134,Eby,2017-12-09 16:59:57.737488
1990-09-14,17:45,76.8,,53.0,43.6,0.0,NE@1.1,99999.0,32.0,0.0,0,"Eby, Benton County",100134,Eby,2017-12-09 16:59:57.737488
1990-09-14,18:00,76.3,,53.2,44.6,0.0,NE@0.9,99999.0,32.0,0.0,0,"Eby, Benton County",100134,Eby,2017-12-09 16:59:57.737488
1990-09-14,18:15,74.9,,52.2,45.1,0.0,NW@1.6,99999.0,32.0,0.0,0,"Eby, Benton County",100134,Eby,2017-12-09 16:59:57.737488
1990-09-14,18:30,72.6,,50.6,45.9,0.0,NW@3.2,99999.0,32.0,0.0,0,"Eby, Benton County",100134,Eby,2017-12-09 16:59:57.737488
1990-09-14,18:45,70.4,,49.3,47.1,0.0,NW@3.6,99999.0,32.0,0.0,0,"Eby, Benton County",100134,Eby,2017-12-09 16:59:57.737488
1990-09-14,19:00,70.1,,48.9,46.8,0.0,NW@4.5,99999.0,32.0,0.0,0,"Eby, Benton County",100134,Eby,2017-12-09 16:59:57.737488
1990-09-14,19:15,69.7,,48.4,46.5,0.0,NW@4.7,99999.0,32.0,0.0,0,"Eby, Benton County",100134,Eby,2017-12-09 16:59:57.737488
1990-09-14,19:30,68.2,,47.5,47.5,0.0,W@2.8,99999.0,32.0,0.0,0,"Eby, Benton County",100134,Eby,2017-12-09 16:59:57.737488
1990-09-14,19:45,69.1,,48.4,47.6,0.0,W@3.8,99999.0,32.0,0.0,0,"Eby, Benton County",100134,Eby,2017-12-09 16:59:57.737488
1990-09-14,20:00,69.5,,48.9,47.8,0.0,SW@3.5,99999.0,32.0,0.0,0,"Eby, Benton County",100134,Eby,2017-12-09 16:59:57.737488
1990-09-14,20:15,68.0,,47.7,48.2,0.0,W@4.3,99999.0,32.0,0.0,0,"Eby, Benton County",100134,Eby,2017-12-09 16:59:57.737488
1990-09-14,20:30,65.2,,46.2,50.3,0.0,W@4.6,99999.0,32.0,0.0,0,"Eby, Benton County",100134,Eby,2017-12-09 16:59:57.737488
1990-09-14,20:45,67.0,,48.6,51.5,0.0,W@5.5,99999.0,32.0,0.0,0,"Eby, Benton County",100134,Eby,2017-12-09 16:59:57.737488
1990-09-14,21:00,68.2,,49.8,51.7,0.0,W@5.1,99999.0,32.0,0.0,0,"Eby, Benton County",100134,Eby,2017-12-09 16:59:57.737488
1990-09-14,21:15,68.2,,49.9,52.0,0.0,W@4.6,99999.0,32.0,0.0,0,"Eby, Benton County",100134,Eby,2017-12-09 16:59:57.737488
1990-09-14,21:30,67.2,,49.4,52.8,0.0,SW@5.9,99999.0,32.0,0.0,0,"Eby, Benton County",100134,Eby,2017-12-09 16:59:57.737488
1990-09-14,21:45,64.7,,48.3,55.2,0.0,W@5.8,99999.0,32.0,0.0,0,"Eby, Benton County",100134,Eby,2017-12-09 16:59:57.737488
1990-09-14,22:00,63.1,,49.1,60.1,0.0,SW@5.0,99999.0,32.0,0.0,0,"Eby, Benton County",100134,Eby,2017-12-09 16:59:57.737488
1990-09-14,22:15,62.9,,51.0,64.8,0.0,SW@3.7,99999.0,32.0,0.0,0,"Eby, Benton County",100134,Eby,2017-12-09 16:59:57.737488
1990-09-14,22:30,60.4,,51.1,71.5,0.0,S@2.9,99999.0,32.0,0.0,0,"Eby, Benton County",100134,Eby,2017-12-09 16:59:57.737488
1990-09-14,22:45,59.6,,52.3,76.6,0.0,S@3.4,99999.0,32.0,0.0,0,"Eby, Benton County",100134,Eby,2017-12-09 16:59:57.737488
1990-09-14,23:00,59.8,,53.2,78.6,0.0,S@5.2,99999.0,32.0,0.0,0,"Eby, Benton County",100134,Eby,2017-12-09 16:59:57.737488
1990-09-15,23:15,59.6,,53.2,79.3,0.0,S@5.4,99999.0,32.0,0.0,0,"Eby, Benton County",100134,Eby,2017-12-09 16:59:57.737488
1990-09-15,23:30,58.8,,52.8,80.3,0.0,SW@5.1,99999.0,32.0,0.0,0,"Eby, Benton County",100134,Eby,2017-12-09 16:59:57.737488
1990-09-15,23:45,58.3,,52.8,81.9,0.0,SW@3.4,99999.0,32.0,0.0,0,"Eby, Benton County",100134,Eby,2017-12-09 16:59:57.737488
1990-09-15,24:00,53.4,,50.4,89.5,0.0,SW@5.8,99999.0,32.0,0.0,0,"Eby, Benton County",100134,Eby,2017-12-09 16:59:57.737488
1990-09-15,00:15,58.5,,53.7,83.8,0.0,SW@6.5,99999.0,32.0,0.0,0,"Eby, Benton County",100134,Eby,2017-12-09 16:59:57.737488
1990-09-15,00:30,58.0,,53.6,85.2,0.0,S@6.8,99999.0,32.0,0.0,0,"Eby, Benton County",100134,Eby,2017-12-09 16:59:57.737488
1990-09-15,00:45,57.8,,53.6,85.9,0.0,SW@6.8,99999.0,32.0,0.0,0,"Eby, Benton County",100134,Eby,2017-12-09 16:59:57.737488
1990-09-15,01:00,57.9,,53.7,85.8,0.0,S@7.4,99999.0,32.0,0.0,0,"Eby, Benton County",100134,Eby,2017-12-09 16:59:57.737488
1990-09-15,01:15,57.9,,53.8,86.2,0.0,S@7.7,99999.0,32.0,0.0,0,"Eby, Benton County",100134,Eby,2017-12-09 16:59:57.737488
1990-09-15,01:30,57.7,,53.7,86.5,0.0,SW@6.8,99999.0,32.0,0.0,0,"Eby, Benton County",100134,Eby,2017-12-09 16:59:57.737488
1990-09-15,01:45,57.7,,53.7,86.6,0.0,SW@6.4,99999.0,32.0,0.0,0,"Eby, Benton County",100134,Eby,2017-12-09 16:59:57.737488
1990-09-15,02:00,57.6,,53.6,86.6,0.0,SW@7.4,99999.0,32.0,0.0,0,"Eby, Benton County",100134,Eby,2017-12-09 16:59:57.737488
1990-09-15,02:15,56.9,,53.3,87.6,0.0,W@2.8,99999.0,32.0,0.0,0,"Eby, Benton County",100134,Eby,2017-12-09 16:59:57.737488
1990-09-15,02:30,56.5,,53.0,88.0,0.0,W@3.7,99999.0,32.0,0.0,0,"Eby, Benton County",100134,Eby,2017-12-09 16:59:57.737488
1990-09-15,02:45,56.3,,52.9,88.3,0.0,SW@5.4,99999.0,32.0,0.0,0,"Eby, Benton County",100134,Eby,2017-12-09 16:59:57.737488
1990-09-15,03:00,56.3,,52.9,88.4,0.0,SW@8.1,99999.0,32.0,0.0,0,"Eby, Benton County",100134,Eby,2017-12-09 16:59:57.737488
1990-09-15,03:15,55.2,,52.2,89.6,0.0,SW@5.8,99999.0,32.0,0.0,0,"Eby, Benton County",100134,Eby,2017-12-09 16:59:57.737488
1990-09-15,03:30,56.0,,53.0,89.3,0.0,SW@6.9,99999.0,32.0,0.0,0,"Eby, Benton County",100134,Eby,2017-12-09 16:59:57.737488
1990-09-15,03:45,56.3,,52.9,88.4,0.0,SW@8.0,99999.0,32.0,0.0,0,"Eby, Benton County",100134,Eby,2017-12-09 16:59:57.737488
1990-09-15,04:00,55.8,,52.7,89.1,0.0,SW@5.8,99999.0,32.0,0.0,0,"Eby, Benton County",100134,Eby,2017-12-09 16:59:57.737488
1990-09-15,04:15,56.7,,53.2,88.1,0.0,SW@9.7,99999.0,32.0,0.0,0,"Eby, Benton County",100134,Eby,2017-12-09 16:59:57.737488
1990-09-15,04:30,57.0,,53.2,87.0,0.0,SW@10.5,99999.0,32.0,0.0,0,"Eby, Benton County",100134,Eby,2017-12-09 16:59:57.737488
1990-09-15,04:45,56.8,,52.9,86.8,0.0,SW@10.2,99999.0,32.0,0.0,0,"Eby, Benton County",100134,Eby,2017-12-09 16:59:57.737488
1990-09-15,05:00,56.0,,52.3,87.3,0.0,SW@8.0,99999.0,32.0,0.0,0,"Eby, Benton County",100134,Eby,2017-12-09 16:59:57.737488
1990-09-15,05:15,55.8,,52.1,87.5,0.0,SW@7.4,99999.0,32.0,0.0,0,"Eby, Benton County",100134,Eby,2017-12-09 16:59:57.737488
1990-09-15,05:30,55.2,,51.7,87.8,0.0,SW@7.9,99999.0,32.0,0.0,0,"Eby, Benton County",100134,Eby,2017-12-09 16:59:57.737488
1990-09-15,05:45,55.3,,51.6,87.3,0.0,SW@8.9,99999.0,32.0,0.0,0,"Eby, Benton County",100134,Eby,2017-12-09 16:59:57.737488
1990-09-15,06:00,56.2,,52.0,85.7,0.0,SW@11.6,99999.0,32.0,0.0,0,"Eby, Benton County",100134,Eby,2017-12-09 16:59:57.737488
1990-09-15,06:15,57.1,,52.4,84.1,0.0,SW@12.9,99999.0,32.0,0.0,0,"Eby, Benton County",100134,Eby,2017-12-09 16:59:57.737488
1990-09-15,06:30,58.1,,52.6,81.9,0.0,SW@14.1,99999.0,32.0,0.0,0,"Eby, Benton County",100134,Eby,2017-12-09 16:59:57.737488
1990-09-15,06:45,59.4,,53.0,79.5,0.0,SW@12.7,99999.0,32.0,0.0,0,"Eby, Benton County",100134,Eby,2017-12-09 16:59:57.737488
1990-09-15,07:00,60.6,,53.2,76.4,0.0,SW@13.4,99999.0,32.0,0.0,0,"Eby, Benton County",100134,Eby,2017-12-09 16:59:57.737488
1990-09-15,07:15,61.3,,53.2,74.6,0.0,SW@13.4,99999.0,32.0,0.0,0,"Eby, Benton County",100134,Eby,2017-12-09 16:59:57.737488
1990-09-15,07:30,61.8,,53.3,73.4,0.0,SW@13.5,99999.0,32.0,0.0,0,"Eby, Benton County",100134,Eby,2017-12-09 16:59:57.737488
1990-09-15,07:45,62.4,,53.4,72.1,0.0,SW@15.2,99999.0,32.0,0.0,0,"Eby, Benton County",100134,Eby,2017-12-09 16:59:57.737488
1990-09-15,08:00,63.3,,53.5,70.5,0.0,SW@16.4,99999.0,32.0,0.0,0,"Eby, Benton County",100134,Eby,2017-12-09 16:59:57.737488
1990-09-15,08:15,63.2,,53.2,69.8,0.0,SW@16.3,99999.0,32.0,0.0,0,"Eby, Benton County",100134,Eby,2017-12-09 16:59:57.737488
1990-09-15,08:30,63.7,,53.3,68.8,0.0,SW@17.5,99999.0,32.0,0.0,0,"Eby, Benton County",100134,Eby,2017-12-09 16:59:57.737488
1990-09-15,08:45,62.7,,52.7,69.6,0.0,SW@19.0,99999.0,32.0,0.0,0,"Eby, Benton County",100134,Eby,2017-12-09 16:59:57.737488
1990-09-15,09:00,63.8,,53.4,68.8,0.0,SW@19.8,99999.0,32.0,0.0,0,"Eby, Benton County",100134,Eby,2017-12-09 16:59:57.737488
1990-09-15,09:15,64.5,,53.6,67.7,0.0,SW@18.5,99999.0,32.0,0.0,0,"Eby, Benton County",100134,Eby,2017-12-09 16:59:57.737488
1990-09-15,09:30,65.1,,54.1,67.3,0.0,SW@19.2,99999.0,32.0,0.0,0,"Eby, Benton County",100134,Eby,2017-12-09 16:59:57.737488
1990-09-15,09:45,66.5,,54.8,66.0,0.0,SW@17.9,99999.0,32.0,0.0,0,"Eby, Benton County",100134,Eby,2017-12-09 16:59:57.737488
1990-09-15,10:00,67.1,,54.8,64.8,0.0,SW@19.5,99999.0,32.0,0.0,0,"Eby, Benton County",100134,Eby,2017-12-09 16:59:57.737488
1990-09-15,10:15,68.1,,55.4,63.6,0.0,SW@21.1,99999.0,32.0,0.0,0,"Eby, Benton County",100134,Eby,2017-12-09 16:59:57.737488
1990-09-15,10:30,68.5,,55.3,62.7,0.0,SW@21.5,99999.0,32.0,0.0,0,"Eby, Benton County",100134,Eby,2017-12-09 16:59:57.737488
1990-09-15,10:45,69.2,,55.4,61.4,0.0,SW@22.3,99999.0,32.0,0.0,0,"Eby, Benton County",100134,Eby,2017-12-09 16:59:57.737488
1990-09-15,11:00,69.2,,55.2,60.9,0.0,SW@22.8,99999.0,32.0,0.0,0,"Eby, Benton County",100134,Eby,2017-12-09 16:59:57.737488
1990-09-15,11:15,69.8,,55.3,60.1,0.0,SW@21.9,99999.0,32.0,0.0,0,"Eby, Benton County",100134,Eby,2017-12-09 16:59:57.737488
1990-09-15,11:30,70.0,,55.2,59.2,0.0,SW@22.3,99999.0,32.0,0.0,0,"Eby, Benton County",100134,Eby,2017-12-09 16:59:57.737488
1990-09-15,11:45,70.5,,55.1,58.1,0.0,SW@23.5,99999.0,32.0,0.0,0,"Eby, Benton County",100134,Eby,2017-12-09 16:59:57.737488
1990-09-15,12:00,70.4,,54.6,57.4,0.0,SW@25.1,99999.0,32.0,0.0,0,"Eby, Benton County",100134,Eby,2017-12-09 16:59:57.737488
1990-09-15,12:15,71.0,,54.4,55.7,0.0,SW@21.7,99999.0,32.0,0.0,0,"Eby, Benton County",100134,Eby,2017-12-09 16:59:57.737488
1990-09-15,12:30,70.1,,53.5,55.5,0.0,SW@21.3,99999.0,32.0,0.0,0,"Eby, Benton County",100134,Eby,2017-12-09 16:59:57.737488
1990-09-15,12:45,70.3,,53.2,54.6,0.0,SW@20.3,99999.0,32.0,0.0,0,"Eby, Benton County",100134,Eby,2017-12-09 16:59:57.737488
1990-09-15,13:00,70.1,,52.7,54.1,0.0,SW@21.5,99999.0,32.0,0.0,0,"Eby, Benton County",100134,Eby,2017-12-09 16:59:57.737488
1990-09-15,13:15,70.2,,52.8,54.0,0.0,SW@21.1,99999.0,32.0,0.0,0,"Eby, Benton County",100134,Eby,2017-12-09 16:59:57.737488
1990-09-15,13:30,70.2,,52.6,53.6,0.0,SW@23.4,99999.0,32.0,0.0,0,"Eby, Benton County",100134,Eby,2017-12-09 16:59:57.737488
1990-09-15,13:45,70.6,,52.5,52.7,0.0,SW@20.2,99999.0,32.0,0.0,0,"Eby, Benton County",100134,Eby,2017-12-09 16:59:57.737488
1990-09-15,14:00,71.0,,52.4,51.7,0.0,SW@20.4,99999.0,32.0,0.0,0,"Eby, Benton County",100134,Eby,2017-12-09 16:59:57.737488
1990-09-15,14:15,71.5,,52.4,50.9,0.0,W@18.3,99999.0,32.0,0.0,0,"Eby, Benton County",100134,Eby,2017-12-09 16:59:57.737488
1990-09-15,14:30,70.9,,51.7,50.7,0.0,SW@19.2,99999.0,32.0,0.0,0,"Eby, Benton County",100134,Eby,2017-12-09 16:59:57.737488
1990-09-15,14:45,70.6,,51.7,51.1,0.0,SW@18.4,99999.0,32.0,0.0,0,"Eby, Benton County",100134,Eby,2017-12-09 16:59:57.737488
1990-09-15,15:00,71.2,,52.3,51.2,0.0,SW@17.1,99999.0,32.0,0.0,0,"Eby, Benton County",100134,Eby,2017-12-09 16:59:57.737488
1990-09-15,15:15,72.4,,53.0,50.5,0.0,W@17.2,99999.0,32.0,0.0,0,"Eby, Benton County",100134,Eby,2017-12-09 16:59:57.737488
1990-09-15,15:30,73.3,,53.0,49.0,0.0,SW@19.9,99999.0,32.0,0.0,0,"Eby, Benton County",100134,Eby,2017-12-09 16:59:57.737488
1990-09-15,15:45,72.6,,52.3,48.9,0.0,W@19.3,99999.0,32.0,0.0,0,"Eby, Benton County",100134,Eby,2017-12-09 16:59:57.737488
1990-09-15,16:00,72.2,,52.1,49.0,0.0,W@18.8,99999.0,32.0,0.0,0,"Eby, Benton County",100134,Eby,2017-12-09 16:59:57.737488
1990-09-15,16:15,71.7,,51.6,49.2,0.0,W@20.8,99999.0,32.0,0.0,0,"Eby, Benton County",100134,Eby,2017-12-09 16:59:57.737488
1990-09-15,16:30,71.4,,51.6,49.6,0.0,W@20.0,99999.0,32.0,0.0,0,"Eby, Benton County",100134,Eby,2017-12-09 16:59:57.737488
1990-09-15,16:45,70.7,,52.0,51.6,0.0,W@20.3,99999.0,32.0,0.0,0,"Eby, Benton County",100134,Eby,2017-12-09 16:59:57.737488
1990-09-15,17:00,70.2,,51.6,51.8,0.0,W@20.9,99999.0,32.0,0.0,0,"Eby, Benton County",100134,Eby,2017-12-09 16:59:57.737488
1990-09-15,17:15,69.8,,51.3,51.9,0.0,W@18.7,99999.0,32.0,0.0,0,"Eby, Benton County",100134,Eby,2017-12-09 16:59:57.737488
1990-09-15,17:30,69.3,,51.3,52.7,0.0,W@18.6,99999.0,32.0,0.0,0,"Eby, Benton County",100134,Eby,2017-12-09 16:59:57.737488
1990-09-15,17:45,68.2,,50.8,53.7,0.0,W@18.1,99999.0,32.0,0.0,0,"Eby, Benton County",100134,Eby,2017-12-09 16:59:57.737488
1990-09-15,18:00,67.2,,50.7,55.3,0.0,W@17.9,99999.0,32.0,0.0,0,"Eby, Benton County",100134,Eby,2017-12-09 16:59:57.737488
1990-09-15,18:15,66.1,,50.5,57.1,0.0,W@17.2,99999.0,32.0,0.0,0,"Eby, Benton County",100134,Eby,2017-12-09 16:59:57.737488
1990-09-15,18:30,65.2,,50.3,58.7,0.0,W@16.2,99999.0,32.0,0.0,0,"Eby, Benton County",100134,Eby,2017-12-09 16:59:57.737488
1990-09-15,18:45,64.2,,50.2,60.2,0.0,W@14.0,99999.0,32.0,0.0,0,"Eby, Benton County",100134,Eby,2017-12-09 16:59:57.737488
1990-09-15,19:00,63.5,,50.1,61.6,0.0,W@14.7,99999.0,32.0,0.0,0,"Eby, Benton County",100134,Eby,2017-12-09 16:59:57.737488
1990-09-15,19:15,62.5,,49.8,63.1,0.0,W@13.2,99999.0,32.0,0.0,0,"Eby, Benton County",100134,Eby,2017-12-09 16:59:57.737488
1990-09-15,19:30,61.7,,49.6,64.4,0.0,W@12.0,99999.0,32.0,0.0,0,"Eby, Benton County",100134,Eby,2017-12-09 16:59:57.737488
1990-09-15,19:45,61.0,,49.5,65.6,0.0,SW@12.6,99999.0,32.0,0.0,0,"Eby, Benton County",100134,Eby,2017-12-09 16:59:57.737488
1990-09-15,20:00,60.6,,49.6,67.0,0.0,SW@10.5,99999.0,32.0,0.0,0,"Eby, Benton County",100134,Eby,2017-12-09 16:59:57.737488
1990-09-15,20:15,60.6,,50.0,68.0,0.0,SW@13.2,99999.0,32.0,0.0,0,"Eby, Benton County",100134,Eby,2017-12-09 16:59:57.737488
1990-09-15,20:30,60.6,,50.3,68.7,0.0,SW@14.6,99999.0,32.0,0.0,0,"Eby, Benton County",100134,Eby,2017-12-09 16:59:57.737488
1990-09-15,20:45,60.1,,50.4,70.3,0.0,SW@13.3,99999.0,32.0,0.0,0,"Eby, Benton County",100134,Eby,2017-12-09 16:59:57.737488
1990-09-15,21:00,59.6,,50.9,72.7,0.0,SW@12.9,99999.0,32.0,0.0,0,"Eby, Benton County",100134,Eby,2017-12-09 16:59:57.737488
1990-09-15,21:15,59.1,,51.0,74.5,0.0,SW@13.6,99999.0,32.0,0.0,0,"Eby, Benton County",100134,Eby,2017-12-09 16:59:57.737488
1990-09-15,21:30,58.5,,50.9,75.9,0.0,SW@13.5,99999.0,32.0,0.0,0,"Eby, Benton County",100134,Eby,2017-12-09 16:59:57.737488
1990-09-15,21:45,58.1,,51.0,77.0,0.0,SW@13.2,99999.0,32.0,0.0,0,"Eby, Benton County",100134,Eby,2017-12-09 16:59:57.737488
1990-09-15,22:00,58.2,,51.2,77.3,0.0,SW@14.7,99999.0,32.0,0.0,0,"Eby, Benton County",100134,Eby,2017-12-09 16:59:57.737488
1990-09-15,22:15,57.9,,51.1,78.0,0.0,SW@13.8,99999.0,32.0,0.0,0,"Eby, Benton County",100134,Eby,2017-12-09 16:59:57.737488
1990-09-15,22:30,56.8,,50.6,79.6,0.0,SW@11.7,99999.0,32.0,0.0,0,"Eby, Benton County",100134,Eby,2017-12-09 16:59:57.737488
1990-09-15,22:45,55.7,,50.4,82.0,0.0,SW@12.1,99999.0,32.0,0.0,0,"Eby, Benton County",100134,Eby,2017-12-09 16:59:57.737488
1990-09-15,23:00,54.5,,50.0,84.8,0.0,SW@10.6,99999.0,32.0,0.0,0,"Eby, Benton County",100134,Eby,2017-12-09 16:59:57.737488
1990-09-16,23:15,54.2,,50.3,86.6,0.0,SW@9.0,99999.0,32.0,0.0,0,"Eby, Benton County",100134,Eby,2017-12-09 16:59:57.737488
1990-09-16,23:30,53.3,,50.0,88.3,0.0,SW@6.6,99999.0,32.0,0.0,0,"Eby, Benton County",100134,Eby,2017-12-09 16:59:57.737488
1990-09-16,23:45,53.4,,50.3,89.3,0.0,SW@7.4,99999.0,32.0,0.0,0,"Eby, Benton County",100134,Eby,2017-12-09 16:59:57.737488
1990-09-16,24:00,57.2,,47.9,70.9,0.0,SE@1.7,99999.0,32.0,0.0,0,"Eby, Benton County",100134,Eby,2017-12-09 16:59:57.737488
1990-09-16,00:15,52.9,,50.2,90.5,0.0,W@4.7,99999.0,32.0,0.0,0,"Eby, Benton County",100134,Eby,2017-12-09 16:59:57.737488
1990-09-16,00:30,53.7,,51.0,90.3,0.0,SW@7.2,99999.0,32.0,0.0,0,"Eby, Benton County",100134,Eby,2017-12-09 16:59:57.737488
1990-09-16,00:45,53.5,,50.7,90.3,0.0,SW@4.9,99999.0,32.0,0.0,0,"Eby, Benton County",100134,Eby,2017-12-09 16:59:57.737488
1990-09-16,01:00,52.7,,50.4,91.9,0.0,SW@4.9,99999.0,32.0,0.0,0,"Eby, Benton County",100134,Eby,2017-12-09 16:59:57.737488
1990-09-16,01:15,52.7,,50.6,92.5,0.0,SW@4.2,99999.0,32.0,0.0,0,"Eby, Benton County",100134,Eby,2017-12-09 16:59:57.737488
1990-09-16,01:30,52.2,,50.5,93.8,0.0,SW@4.5,99999.0,32.0,0.0,0,"Eby, Benton County",100134,Eby,2017-12-09 16:59:57.737488
1990-09-16,01:45,53.0,,51.2,93.6,0.0,SW@7.4,99999.0,32.0,0.0,0,"Eby, Benton County",100134,Eby,2017-12-09 16:59:57.737488
1990-09-16,02:00,52.7,,50.8,93.2,0.0,W@4.2,99999.0,32.0,0.0,0,"Eby, Benton County",100134,Eby,2017-12-09 16:59:57.737488
1990-09-16,02:15,51.9,,50.1,93.5,0.0,W@4.7,99999.0,32.0,0.0,0,"Eby, Benton County",100134,Eby,2017-12-09 16:59:57.737488
1990-09-16,02:30,52.6,,50.3,91.8,0.0,W@6.5,99999.0,32.0,0.0,0,"Eby, Benton County",100134,Eby,2017-12-09 16:59:57.737488
1990-09-16,02:45,51.9,,49.8,92.4,0.0,W@6.6,99999.0,32.0,0.0,0,"Eby, Benton County",100134,Eby,2017-12-09 16:59:57.737488
1990-09-16,03:00,51.4,,49.4,93.0,0.0,W@6.4,99999.0,32.0,0.0,0,"Eby, Benton County",100134,Eby,2017-12-09 16:59:57.737488
1990-09-16,03:15,51.6,,49.4,92.2,0.0,SW@5.7,99999.0,32.0,0.0,0,"Eby, Benton County",100134,Eby,2017-12-09 16:59:57.737488
1990-09-16,03:30,51.3,,48.8,91.0,0.0,SW@5.7,99999.0,32.0,0.0,0,"Eby, Benton County",100134,Eby,2017-12-09 16:59:57.737488
1990-09-16,03:45,51.8,,49.0,90.0,0.0,W@6.7,99999.0,32.0,0.0,0,"Eby, Benton County",100134,Eby,2017-12-09 16:59:57.737488
1990-09-16,04:00,50.9,,48.4,91.3,0.0,SW@6.4,99999.0,32.0,0.0,0,"Eby, Benton County",100134,Eby,2017-12-09 16:59:57.737488
1990-09-16,04:15,50.6,,48.7,93.1,0.0,W@8.5,99999.0,32.0,0.0,0,"Eby, Benton County",100134,Eby,2017-12-09 16:59:57.737488
1990-09-16,04:30,53.3,,50.4,89.8,0.0,W@9.9,99999.0,32.0,0.0,0,"Eby, Benton County",100134,Eby,2017-12-09 16:59:57.737488
1990-09-16,04:45,51.0,,48.7,91.7,0.0,SW@10.8,99999.0,32.0,0.0,0,"Eby, Benton County",100134,Eby,2017-12-09 16:59:57.737488
1990-09-16,05:00,50.1,,48.4,93.8,0.0,SW@10.5,99999.0,32.0,0.0,0,"Eby, Benton County",100134,Eby,2017-12-09 16:59:57.737488
1990-09-16,05:15,50.6,,48.7,93.3,0.0,SW@9.9,99999.0,32.0,0.0,0,"Eby, Benton County",100134,Eby,2017-12-09 16:59:57.737488
1990-09-16,05:30,51.5,,49.1,91.2,0.0,SW@11.5,99999.0,32.0,0.0,0,"Eby, Benton County",100134,Eby,2017-12-09 16:59:57.737488
1990-09-16,05:45,51.3,,48.8,91.0,0.0,SW@9.8,99999.0,32.0,0.0,0,"Eby, Benton County",100134,Eby,2017-12-09 16:59:57.737488
1990-09-16,06:00,52.0,,49.5,91.2,0.0,SW@9.3,99999.0,32.0,0.0,0,"Eby, Benton County",100134,Eby,2017-12-09 16:59:57.737488
1990-09-16,06:15,54.7,,51.8,89.9,0.0,SW@10.2,99999.0,32.0,0.0,0,"Eby, Benton County",100134,Eby,2017-12-09 16:59:57.737488
1990-09-16,06:30,55.7,,52.5,88.9,0.0,SW@10.9,99999.0,32.0,0.0,0,"Eby, Benton County",100134,Eby,2017-12-09 16:59:57.737488
1990-09-16,06:45,55.7,,52.4,88.5,0.0,SW@10.6,99999.0,32.0,0.0,0,"Eby, Benton County",100134,Eby,2017-12-09 16:59:57.737488
1990-09-16,07:00,55.0,,51.7,88.5,0.0,SW@11.1,99999.0,32.0,0.0,0,"Eby, Benton County",100134,Eby,2017-12-09 16:59:57.737488
1990-09-16,07:15,55.3,,51.8,87.9,0.0,SW@9.5,99999.0,32.0,0.0,0,"Eby, Benton County",100134,Eby,2017-12-09 16:59:57.737488
1990-09-16,07:30,56.8,,52.8,86.4,0.0,SW@10.5,99999.0,32.0,0.0,0,"Eby, Benton County",100134,Eby,2017-12-09 16:59:57.737488
1990-09-16,07:45,58.4,,53.4,83.5,0.0,SW@12.1,99999.0,32.0,0.0,0,"Eby, Benton County",100134,Eby,2017-12-09 16:59:57.737488
1990-09-16,08:00,59.5,,53.8,81.2,0.0,SW@13.5,99999.0,32.0,0.0,0,"Eby, Benton County",100134,Eby,2017-12-09 16:59:57.737488
1990-09-16,08:15,60.5,,54.0,79.1,0.0,SW@12.4,99999.0,32.0,0.0,0,"Eby, Benton County",100134,Eby,2017-12-09 16:59:57.737488
1990-09-16,08:30,60.8,,54.0,78.3,0.0,SW@14.6,99999.0,32.0,0.0,0,"Eby, Benton County",100134,Eby,2017-12-09 16:59:57.737488
1990-09-16,08:45,61.1,,53.8,76.8,0.0,SW@14.6,99999.0,32.0,0.0,0,"Eby, Benton County",100134,Eby,2017-12-09 16:59:57.737488
1990-09-16,09:00,61.8,,53.8,75.2,0.0,SW@12.4,99999.0,32.0,0.0,0,"Eby, Benton County",100134,Eby,2017-12-09 16:59:57.737488
1990-09-16,09:15,62.2,,53.9,74.0,0.0,SW@12.7,99999.0,32.0,0.0,0,"Eby, Benton County",100134,Eby,2017-12-09 16:59:57.737488
1990-09-16,09:30,62.6,,53.8,72.9,0.0,SW@14.4,99999.0,32.0,0.0,0,"Eby, Benton County",100134,Eby,2017-12-09 16:59:57.737488
1990-09-16,09:45,63.5,,54.2,71.6,0.0,SW@14.4,99999.0,32.0,0.0,0,"Eby, Benton County",100134,Eby,2017-12-09 16:59:57.737488
1990-09-16,10:00,63.8,,54.0,70.2,0.0,SW@13.8,99999.0,32.0,0.0,0,"Eby, Benton County",100134,Eby,2017-12-09 16:59:57.737488
1990-09-16,10:15,63.8,,53.7,69.8,0.0,SW@15.1,99999.0,32.0,0.0,0,"Eby, Benton County",100134,Eby,2017-12-09 16:59:57.737488
1990-09-16,10:30,65.0,,54.4,68.4,0.0,SW@12.9,99999.0,32.0,0.0,0,"Eby, Benton County",100134,Eby,2017-12-09 16:59:57.737488
1990-09-16,10:45,65.1,,54.3,67.9,0.0,SW@13.9,99999.0,32.0,0.0,0,"Eby, Benton County",100134,Eby,2017-12-09 16:59:57.737488
1990-09-16,11:00,65.4,,54.3,67.2,0.0,SW@12.7,99999.0,32.0,0.0,0,"Eby, Benton County",100134,Eby,2017-12-09 16:59:57.737488
1990-09-16,11:15,65.1,,54.2,67.7,0.0,SW@12.2,99999.0,32.0,0.0,0,"Eby, Benton County",100134,Eby,2017-12-09 16:59:57.737488
1990-09-16,11:30,66.0,,54.4,66.2,0.0,SW@11.8,99999.0,32.0,0.0,0,"Eby, Benton County",100134,Eby,2017-12-09 16:59:57.737488
1990-09-16,11:45,66.6,,54.6,65.4,0.0,SW@12.6,99999.0,32.0,0.0,0,"Eby, Benton County",100134,Eby,2017-12-09 16:59:57.737488
1990-09-16,12:00,67.5,,54.7,63.4,0.0,SW@12.1,99999.0,32.0,0.0,0,"Eby, Benton County",100134,Eby,2017-12-09 16:59:57.737488
1990-09-16,12:15,68.1,,54.4,61.4,0.0,SW@12.1,99999.0,32.0,0.0,0,"Eby, Benton County",100134,Eby,2017-12-09 16:59:57.737488
1990-09-16,12:30,68.8,,54.0,59.1,0.0,SW@11.6,99999.0,32.0,0.0,0,"Eby, Benton County",100134,Eby,2017-12-09 16:59:57.737488
1990-09-16,12:45,69.2,,53.5,57.3,0.0,SW@11.3,99999.0,32.0,0.0,0,"Eby, Benton County",100134,Eby,2017-12-09 16:59:57.737488
1990-09-16,13:00,69.6,,53.3,56.1,0.0,SW@10.8,99999.0,32.0,0.0,0,"Eby, Benton County",100134,Eby,2017-12-09 16:59:57.737488
1990-09-16,13:15,70.0,,53.9,56.5,0.0,SW@9.9,99999.0,32.0,0.0,0,"Eby, Benton County",100134,Eby,2017-12-09 16:59:57.737488
1990-09-16,13:30,70.5,,53.7,55.2,0.0,SW@10.0,99999.0,32.0,0.0,0,"Eby, Benton County",100134,Eby,2017-12-09 16:59:57.737488
1990-09-16,13:45,70.5,,53.4,54.7,0.0,SW@8.9,99999.0,32.0,0.0,0,"Eby, Benton County",100134,Eby,2017-12-09 16:59:57.737488
1990-09-16,14:00,71.2,,53.4,53.2,0.0,SW@8.9,99999.0,32.0,0.0,0,"Eby, Benton County",100134,Eby,2017-12-09 16:59:57.737488
1990-09-16,14:15,71.4,,53.2,52.7,0.0,SW@9.4,99999.0,32.0,0.0,0,"Eby, Benton County",100134,Eby,2017-12-09 16:59:57.737488
1990-09-16,14:30,72.2,,53.7,52.0,0.0,SW@8.2,99999.0,32.0,0.0,0,"Eby, Benton County",100134,Eby,2017-12-09 16:59:57.737488
1990-09-16,14:45,71.2,,52.8,52.2,0.0,SW@8.3,99999.0,32.0,0.0,0,"Eby, Benton County",100134,Eby,2017-12-09 16:59:57.737488
1990-09-16,15:00,71.2,,52.8,52.2,0.0,SW@7.7,99999.0,32.0,0.0,0,"Eby, Benton County",100134,Eby,2017-12-09 16:59:57.737488
1990-09-16,15:15,72.1,,53.2,51.5,0.0,SW@8.2,99999.0,32.0,0.0,0,"Eby, Benton County",100134,Eby,2017-12-09 16:59:57.737488
1990-09-16,15:30,72.1,,53.2,51.4,0.0,SW@7.2,99999.0,32.0,0.0,0,"Eby, Benton County",100134,Eby,2017-12-09 16:59:57.737488
1990-09-16,15:45,71.2,,52.3,51.2,0.0,SW@7.6,99999.0,32.0,0.0,0,"Eby, Benton County",100134,Eby,2017-12-09 16:59:57.737488
1990-09-16,16:00,70.9,,52.3,51.7,0.0,SW@7.3,99999.0,32.0,0.0,0,"Eby, Benton County",100134,Eby,2017-12-09 16:59:57.737488
1990-09-16,16:15,71.3,,52.3,50.9,0.0,SW@7.7,99999.0,32.0,0.0,0,"Eby, Benton County",100134,Eby,2017-12-09 16:59:57.737488
1990-09-16,16:30,70.7,,52.0,51.5,0.0,SW@6.4,99999.0,32.0,0.0,0,"Eby, Benton County",100134,Eby,2017-12-09 16:59:57.737488
1990-09-16,16:45,70.6,,51.8,51.3,0.0,SW@5.8,99999.0,32.0,0.0,0,"Eby, Benton County",100134,Eby,2017-12-09 16:59:57.737488
1990-09-16,17:00,70.7,,52.0,51.5,0.0,SW@4.8,99999.0,32.0,0.0,0,"Eby, Benton County",100134,Eby,2017-12-09 16:59:57.737488
1990-09-16,17:15,70.4,,51.8,51.7,0.0,SW@5.0,99999.0,32.0,0.0,0,"Eby, Benton County",100134,Eby,2017-12-09 16:59:57.737488
1990-09-16,17:30,69.9,,51.5,52.1,0.0,SW@4.8,99999.0,32.0,0.0,0,"Eby, Benton County",100134,Eby,2017-12-09 16:59:57.737488
1990-09-16,17:45,69.3,,51.2,52.4,0.0,SW@2.6,99999.0,32.0,0.0,0,"Eby, Benton County",100134,Eby,2017-12-09 16:59:57.737488
1990-09-16,18:00,68.5,,50.5,52.6,0.0,W@2.7,99999.0,32.0,0.0,0,"Eby, Benton County",100134,Eby,2017-12-09 16:59:57.737488
1990-09-16,18:15,67.2,,49.7,53.3,0.0,W@1.6,99999.0,32.0,0.0,0,"Eby, Benton County",100134,Eby,2017-12-09 16:59:57.737488
1990-09-16,18:30,65.7,,48.8,54.2,0.0,W@0.9,99999.0,32.0,0.0,0,"Eby, Benton County",100134,Eby,2017-12-09 16:59:57.737488
1990-09-16,18:45,63.3,,47.2,55.6,0.0,W@2.1,99999.0,32.0,0.0,0,"Eby, Benton County",100134,Eby,2017-12-09 16:59:57.737488
1990-09-16,19:00,61.7,,46.8,57.9,0.0,W@3.0,99999.0,32.0,0.0,0,"Eby, Benton County",100134,Eby,2017-12-09 16:59:57.737488
1990-09-16,19:15,61.5,,47.2,59.3,0.0,W@3.1,99999.0,32.0,0.0,0,"Eby, Benton County",100134,Eby,2017-12-09 16:59:57.737488
1990-09-16,19:30,61.4,,47.6,60.5,0.0,W@3.7,99999.0,32.0,0.0,0,"Eby, Benton County",100134,Eby,2017-12-09 16:59:57.737488
1990-09-16,19:45,61.6,,48.2,61.4,0.0,W@4.0,99999.0,32.0,0.0,0,"Eby, Benton County",100134,Eby,2017-12-09 16:59:57.737488
1990-09-16,20:00,62.1,,48.8,61.5,0.0,W@4.3,99999.0,32.0,0.0,0,"Eby, Benton County",100134,Eby,2017-12-09 16:59:57.737488
1990-09-16,20:15,61.7,,48.6,62.1,0.0,W@4.1,99999.0,32.0,0.0,0,"Eby, Benton County",100134,Eby,2017-12-09 16:59:57.737488
1990-09-16,20:30,60.9,,48.1,62.7,0.0,W@3.8,99999.0,32.0,0.0,0,"Eby, Benton County",100134,Eby,2017-12-09 16:59:57.737488
1990-09-16,20:45,60.5,,48.1,63.6,0.0,W@3.9,99999.0,32.0,0.0,0,"Eby, Benton County",100134,Eby,2017-12-09 16:59:57.737488
1990-09-16,21:00,60.6,,48.2,63.6,0.0,NW@5.2,99999.0,32.0,0.0,0,"Eby, Benton County",100134,Eby,2017-12-09 16:59:57.737488
1990-09-16,21:15,60.7,,48.5,64.0,0.0,NW@7.7,99999.0,32.0,0.0,0,"Eby, Benton County",100134,Eby,2017-12-09 16:59:57.737488
1990-09-16,21:30,60.2,,48.2,64.7,0.0,NW@8.4,99999.0,32.0,0.0,0,"Eby, Benton County",100134,Eby,2017-12-09 16:59:57.737488
1990-09-16,21:45,60.9,,48.3,63.2,0.0,NW@8.8,99999.0,32.0,0.0,0,"Eby, Benton County",100134,Eby,2017-12-09 16:59:57.737488
1990-09-16,22:00,60.5,,47.8,62.7,0.0,NW@8.7,99999.0,32.0,0.0,0,"Eby, Benton County",100134,Eby,2017-12-09 16:59:57.737488
1990-09-16,22:15,60.9,,48.0,62.3,0.0,NW@9.8,99999.0,32.0,0.0,0,"Eby, Benton County",100134,Eby,2017-12-09 16:59:57.737488
1990-09-16,22:30,60.4,,47.9,63.2,0.0,NW@9.9,99999.0,32.0,0.0,0,"Eby, Benton County",100134,Eby,2017-12-09 16:59:57.737488
1990-09-16,22:45,59.9,,47.9,64.4,0.0,NW@9.0,99999.0,32.0,0.0,0,"Eby, Benton County",100134,Eby,2017-12-09 16:59:57.737488
1990-09-16,23:00,59.9,,48.2,65.2,0.0,NW@6.1,99999.0,32.0,0.0,0,"Eby, Benton County",100134,Eby,2017-12-09 16:59:57.737488
1990-09-17,23:15,59.4,,48.0,65.9,0.0,NW@2.2,99999.0,32.0,0.0,0,"Eby, Benton County",100134,Eby,2017-12-09 16:59:57.737488
1990-09-17,23:30,59.2,,48.1,66.5,0.0,N@3.5,99999.0,32.0,0.0,0,"Eby, Benton County",100134,Eby,2017-12-09 16:59:57.737488
1990-09-17,23:45,58.1,,47.9,68.9,0.0,SE@3.0,99999.0,32.0,0.0,0,"Eby, Benton County",100134,Eby,2017-12-09 16:59:57.737488
1990-09-17,24:00,61.9,,48.6,61.6,0.0,N@3.6,99999.0,32.0,0.0,0,"Eby, Benton County",100134,Eby,2017-12-09 16:59:57.737488
1990-09-17,00:15,55.1,,47.4,74.9,0.0,S@3.0,99999.0,32.0,0.0,0,"Eby, Benton County",100134,Eby,2017-12-09 16:59:57.737488
1990-09-17,00:30,56.0,,48.6,76.2,0.0,S@3.9,99999.0,32.0,0.0,0,"Eby, Benton County",100134,Eby,2017-12-09 16:59:57.737488
1990-09-17,00:45,56.0,,48.8,76.6,0.0,S@3.0,99999.0,32.0,0.0,0,"Eby, Benton County",100134,Eby,2017-12-09 16:59:57.737488
1990-09-17,01:00,55.7,,48.6,76.8,0.0,W@1.0,99999.0,32.0,0.0,0,"Eby, Benton County",100134,Eby,2017-12-09 16:59:57.737488
1990-09-17,01:15,55.9,,48.8,77.0,0.0,W@1.0,99999.0,32.0,0.0,0,"Eby, Benton County",100134,Eby,2017-12-09 16:59:57.737488
1990-09-17,01:30,54.9,,47.7,76.6,0.0,W@2.6,99999.0,32.0,0.0,0,"Eby, Benton County",100134,Eby,2017-12-09 16:59:57.737488
1990-09-17,01:45,54.5,,47.3,76.3,0.0,W@2.6,99999.0,32.0,0.0,0,"Eby, Benton County",100134,Eby,2017-12-09 16:59:57.737488
1990-09-17,02:00,54.5,,47.1,76.1,0.0,W@2.7,99999.0,32.0,0.0,0,"Eby, Benton County",100134,Eby,2017-12-09 16:59:57.737488
1990-09-17,02:15,54.5,,47.6,77.2,0.0,SW@2.5,99999.0,32.0,0.0,0,"Eby, Benton County",100134,Eby,2017-12-09 16:59:57.737488
1990-09-17,02:30,53.8,,47.2,78.2,0.0,W@2.8,99999.0,32.0,0.0,0,"Eby, Benton County",100134,Eby,2017-12-09 16:59:57.737488
1990-09-17,02:45,54.1,,47.8,79.1,0.0,SW@2.8,99999.0,32.0,0.0,0,"Eby, Benton County",100134,Eby,2017-12-09 16:59:57.737488
1990-09-17,03:00,53.8,,47.7,79.9,0.0,W@2.5,99999.0,32.0,0.0,0,"Eby, Benton County",100134,Eby,2017-12-09 16:59:57.737488
1990-09-17,03:15,53.6,,48.0,81.2,0.0,SW@2.6,99999.0,32.0,0.0,0,"Eby, Benton County",100134,Eby,2017-12-09 16:59:57.737488
1990-09-17,03:30,53.6,,48.4,82.4,0.0,W@3.5,99999.0,32.0,0.0,0,"Eby, Benton County",100134,Eby,2017-12-09 16:59:57.737488
1990-09-17,03:45,53.2,,48.2,83.2,0.0,W@3.4,99999.0,32.0,0.0,0,"Eby, Benton County",100134,Eby,2017-12-09 16:59:57.737488
1990-09-17,04:00,50.8,,46.5,85.2,0.0,W@3.5,99999.0,32.0,0.0,0,"Eby, Benton County",100134,Eby,2017-12-09 16:59:57.737488
1990-09-17,04:15,50.6,,46.9,87.0,0.0,W@4.5,99999.0,32.0,0.0,0,"Eby, Benton County",100134,Eby,2017-12-09 16:59:57.737488
1990-09-17,04:30,50.9,,47.4,87.8,0.0,W@4.8,99999.0,32.0,0.0,0,"Eby, Benton County",100134,Eby,2017-12-09 16:59:57.737488
1990-09-17,04:45,51.3,,47.9,88.1,0.0,W@4.3,99999.0,32.0,0.0,0,"Eby, Benton County",100134,Eby,2017-12-09 16:59:57.737488
1990-09-17,05:00,52.0,,48.6,88.2,0.0,W@3.9,99999.0,32.0,0.0,0,"Eby, Benton County",100134,Eby,2017-12-09 16:59:57.737488
1990-09-17,05:15,51.8,,48.5,88.5,0.0,W@4.1,99999.0,32.0,0.0,0,"Eby, Benton County",100134,Eby,2017-12-09 16:59:57.737488
1990-09-17,05:30,50.7,,47.7,89.4,0.0,W@4.0,99999.0,32.0,0.0,0,"Eby, Benton County",100134,Eby,2017-12-09 16:59:57.737488
1990-09-17,05:45,50.9,,48.1,89.9,0.0,W@3.3,99999.0,32.0,0.0,0,"Eby, Benton County",100134,Eby,2017-12-09 16:59:57.737488
1990-09-17,06:00,52.4,,49.5,89.7,0.0,W@4.3,99999.0,32.0,0.0,0,"Eby, Benton County",100134,Eby,2017-12-09 16:59:57.737488
1990-09-17,06:15,53.2,,50.3,89.9,0.0,W@4.0,99999.0,32.0,0.0,0,"Eby, Benton County",100134,Eby,2017-12-09 16:59:57.737488
1990-09-17,06:30,53.4,,50.5,89.8,0.0,SW@4.5,99999.0,32.0,0.0,0,"Eby, Benton County",100134,Eby,2017-12-09 16:59:57.737488
1990-09-17,06:45,53.9,,51.0,89.8,0.0,W@4.6,99999.0,32.0,0.0,0,"Eby, Benton County",100134,Eby,2017-12-09 16:59:57.737488
1990-09-17,07:00,55.7,,52.2,88.1,0.0,W@3.4,99999.0,32.0,0.0,0,"Eby, Benton County",100134,Eby,2017-12-09 16:59:57.737488
1990-09-17,07:15,57.3,,53.1,85.7,0.0,SW@5.0,99999.0,32.0,0.0,0,"Eby, Benton County",100134,Eby,2017-12-09 16:59:57.737488
1990-09-17,07:30,58.1,,53.4,84.1,0.0,SW@4.9,99999.0,32.0,0.0,0,"Eby, Benton County",100134,Eby,2017-12-09 16:59:57.737488
1990-09-17,07:45,58.9,,53.7,82.7,0.0,SW@5.0,99999.0,32.0,0.0,0,"Eby, Benton County",100134,Eby,2017-12-09 16:59:57.737488
1990-09-17,08:00,59.8,,54.0,81.2,0.0,W@4.9,99999.0,32.0,0.0,0,"Eby, Benton County",100134,Eby,2017-12-09 16:59:57.737488
1990-09-17,08:15,61.4,,54.5,78.2,0.0,SW@4.1,99999.0,32.0,0.0,0,"Eby, Benton County",100134,Eby,2017-12-09 16:59:57.737488
1990-09-17,08:30,62.5,,54.7,75.6,0.0,S@4.4,99999.0,32.0,0.0,0,"Eby, Benton County",100134,Eby,2017-12-09 16:59:57.737488
1990-09-17,08:45,63.7,,54.8,72.8,0.0,SE@6.1,99999.0,32.0,0.0,0,"Eby, Benton County",100134,Eby,2017-12-09 16:59:57.737488
1990-09-17,09:00,64.1,,54.7,71.3,0.0,SE@5.9,99999.0,32.0,0.0,0,"Eby, Benton County",100134,Eby,2017-12-09 16:59:57.737488
1990-09-17,09:15,65.2,,55.1,69.6,0.0,S@6.1,99999.0,32.0,0.0,0,"Eby, Benton County",100134,Eby,2017-12-09 16:59:57.737488
1990-09-17,09:30,65.7,,55.0,68.2,0.0,SE@6.6,99999.0,32.0,0.0,0,"Eby, Benton County",100134,Eby,2017-12-09 16:59:57.737488
1990-09-17,09:45,66.0,,54.9,67.4,0.0,SE@5.6,99999.0,32.0,0.0,0,"Eby, Benton County",100134,Eby,2017-12-09 16:59:57.737488
1990-09-17,10:00,66.3,,54.8,66.4,0.0,SE@4.0,99999.0,32.0,0.0,0,"Eby, Benton County",100134,Eby,2017-12-09 16:59:57.737488
1990-09-17,10:15,67.5,,55.3,64.7,0.0,S@4.2,99999.0,32.0,0.0,0,"Eby, Benton County",100134,Eby,2017-12-09 16:59:57.737488
1990-09-17,10:30,68.3,,55.4,63.4,0.0,SW@3.2,99999.0,32.0,0.0,0,"Eby, Benton County",100134,Eby,2017-12-09 16:59:57.737488
1990-09-17,10:45,69.4,,55.7,61.7,0.0,SE@3.9,99999.0,32.0,0.0,0,"Eby, Benton County",100134,Eby,2017-12-09 16:59:57.737488
1990-09-17,11:00,70.4,,55.8,59.7,0.0,S@3.4,99999.0,32.0,0.0,0,"Eby, Benton County",100134,Eby,2017-12-09 16:59:57.737488
1990-09-17,11:15,70.0,,55.2,59.3,0.0,SE@3.9,99999.0,32.0,0.0,0,"Eby, Benton County",100134,Eby,2017-12-09 16:59:57.737488
1990-09-17,11:30,71.7,,56.0,57.6,0.0,NE@2.9,99999.0,32.0,0.0,0,"Eby, Benton County",100134,Eby,2017-12-09 16:59:57.737488
1990-09-17,11:45,71.4,,55.5,57.2,0.0,NE@3.6,99999.0,32.0,0.0,0,"Eby, Benton County",100134,Eby,2017-12-09 16:59:57.737488
1990-09-17,12:00,72.4,,55.9,56.1,0.0,E@4.8,99999.0,32.0,0.0,0,"Eby, Benton County",100134,Eby,2017-12-09 16:59:57.737488
1990-09-17,12:15,72.1,,55.3,55.5,0.0,NE@5.5,99999.0,32.0,0.0,0,"Eby, Benton County",100134,Eby,2017-12-09 16:59:57.737488
1990-09-17,12:30,72.6,,55.3,54.6,0.0,E@4.8,99999.0,32.0,0.0,0,"Eby, Benton County",100134,Eby,2017-12-09 16:59:57.737488
1990-09-17,12:45,72.5,,55.2,54.5,0.0,NE@4.6,99999.0,32.0,0.0,0,"Eby, Benton County",100134,Eby,2017-12-09 16:59:57.737488
1990-09-17,13:00,73.2,,55.4,53.6,0.0,NE@5.2,99999.0,32.0,0.0,0,"Eby, Benton County",100134,Eby,2017-12-09 16:59:57.737488
1990-09-17,13:15,73.2,,55.4,53.6,0.0,NE@6.2,99999.0,32.0,0.0,0,"Eby, Benton County",100134,Eby,2017-12-09 16:59:57.737488
1990-09-17,13:30,73.0,,55.3,53.6,0.0,E@4.1,99999.0,32.0,0.0,0,"Eby, Benton County",100134,Eby,2017-12-09 16:59:57.737488
1990-09-17,13:45,73.1,,55.4,53.8,0.0,NE@5.6,99999.0,32.0,0.0,0,"Eby, Benton County",100134,Eby,2017-12-09 16:59:57.737488
1990-09-17,14:00,73.9,,55.6,52.7,0.0,NE@5.2,99999.0,32.0,0.0,0,"Eby, Benton County",100134,Eby,2017-12-09 16:59:57.737488
1990-09-17,14:15,74.5,,55.6,51.7,0.0,N@3.7,99999.0,32.0,0.0,0,"Eby, Benton County",100134,Eby,2017-12-09 16:59:57.737488
1990-09-17,14:30,74.9,,55.5,50.8,0.0,NE@3.9,99999.0,32.0,0.0,0,"Eby, Benton County",100134,Eby,2017-12-09 16:59:57.737488
1990-09-17,14:45,74.0,,54.9,51.3,0.0,NE@5.7,99999.0,32.0,0.0,0,"Eby, Benton County",100134,Eby,2017-12-09 16:59:57.737488
1990-09-17,15:00,74.5,,54.9,50.5,0.0,N@5.8,99999.0,32.0,0.0,0,"Eby, Benton County",100134,Eby,2017-12-09 16:59:57.737488
1990-09-17,15:15,74.1,,54.5,50.2,0.0,N@5.3,99999.0,32.0,0.0,0,"Eby, Benton County",100134,Eby,2017-12-09 16:59:57.737488
1990-09-17,15:30,74.0,,54.3,50.1,0.0,NE@4.9,99999.0,32.0,0.0,0,"Eby, Benton County",100134,Eby,2017-12-09 16:59:57.737488
1990-09-17,15:45,74.2,,54.2,49.7,0.0,N@5.6,99999.0,32.0,0.0,0,"Eby, Benton County",100134,Eby,2017-12-09 16:59:57.737488
1990-09-17,16:00,74.1,,53.9,49.4,0.0,N@6.5,99999.0,32.0,0.0,0,"Eby, Benton County",100134,Eby,2017-12-09 16:59:57.737488
1990-09-17,16:15,73.9,,53.5,49.0,0.0,N@5.8,99999.0,32.0,0.0,0,"Eby, Benton County",100134,Eby,2017-12-09 16:59:57.737488
1990-09-17,16:30,73.5,,53.1,48.8,0.0,N@6.5,99999.0,32.0,0.0,0,"Eby, Benton County",100134,Eby,2017-12-09 16:59:57.737488
1990-09-17,16:45,73.2,,52.9,48.9,0.0,N@6.4,99999.0,32.0,0.0,0,"Eby, Benton County",100134,Eby,2017-12-09 16:59:57.737488
1990-09-17,17:00,72.5,,52.4,49.2,0.0,N@6.0,99999.0,32.0,0.0,0,"Eby, Benton County",100134,Eby,2017-12-09 16:59:57.737488
1990-09-17,17:15,71.8,,52.1,49.9,0.0,N@5.5,99999.0,32.0,0.0,0,"Eby, Benton County",100134,Eby,2017-12-09 16:59:57.737488
1990-09-17,17:30,70.7,,52.1,51.7,0.0,N@4.6,99999.0,32.0,0.0,0,"Eby, Benton County",100134,Eby,2017-12-09 16:59:57.737488
1990-09-17,17:45,68.9,,51.4,53.6,0.0,N@4.0,99999.0,32.0,0.0,0,"Eby, Benton County",100134,Eby,2017-12-09 16:59:57.737488
1990-09-17,18:00,67.1,,50.3,54.7,0.0,N@4.3,99999.0,32.0,0.0,0,"Eby, Benton County",100134,Eby,2017-12-09 16:59:57.737488
1990-09-17,18:15,66.0,,49.4,54.9,0.0,N@4.4,99999.0,32.0,0.0,0,"Eby, Benton County",100134,Eby,2017-12-09 16:59:57.737488
1990-09-17,18:30,65.3,,49.4,56.3,0.0,N@5.1,99999.0,32.0,0.0,0,"Eby, Benton County",100134,Eby,2017-12-09 16:59:57.737488
1990-09-17,18:45,64.3,,49.0,57.5,0.0,N@5.6,99999.0,32.0,0.0,0,"Eby, Benton County",100134,Eby,2017-12-09 16:59:57.737488
1990-09-17,19:00,63.3,,48.6,58.6,0.0,N@5.5,99999.0,32.0,0.0,0,"Eby, Benton County",100134,Eby,2017-12-09 16:59:57.737488
1990-09-17,19:15,62.9,,48.5,59.3,0.0,N@5.2,99999.0,32.0,0.0,0,"Eby, Benton County",100134,Eby,2017-12-09 16:59:57.737488
1990-09-17,19:30,62.7,,48.6,59.8,0.0,N@4.9,99999.0,32.0,0.0,0,"Eby, Benton County",100134,Eby,2017-12-09 16:59:57.737488
1990-09-17,19:45,62.9,,48.9,60.2,0.0,N@4.5,99999.0,32.0,0.0,0,"Eby, Benton County",100134,Eby,2017-12-09 16:59:57.737488
1990-09-17,20:00,62.9,,49.1,60.5,0.0,N@3.7,99999.0,32.0,0.0,0,"Eby, Benton County",100134,Eby,2017-12-09 16:59:57.737488
1990-09-17,20:15,63.2,,49.4,60.5,0.0,N@3.3,99999.0,32.0,0.0,0,"Eby, Benton County",100134,Eby,2017-12-09 16:59:57.737488
1990-09-17,20:30,64.7,,50.6,60.1,0.0,N@3.3,99999.0,32.0,0.0,0,"Eby, Benton County",100134,Eby,2017-12-09 16:59:57.737488
1990-09-17,20:45,65.2,,50.8,59.5,0.0,N@2.6,99999.0,32.0,0.0,0,"Eby, Benton County",100134,Eby,2017-12-09 16:59:57.737488
1990-09-17,21:00,66.1,,51.5,59.1,0.0,N@2.7,99999.0,32.0,0.0,0,"Eby, Benton County",100134,Eby,2017-12-09 16:59:57.737488
1990-09-17,21:15,66.9,,51.9,58.5,0.0,N@2.3,99999.0,32.0,0.0,0,"Eby, Benton County",100134,Eby,2017-12-09 16:59:57.737488
1990-09-17,21:30,66.8,,51.9,58.5,0.0,NW@2.4,99999.0,32.0,0.0,0,"Eby, Benton County",100134,Eby,2017-12-09 16:59:57.737488
1990-09-17,21:45,66.7,,51.7,58.4,0.0,NW@2.9,99999.0,32.0,0.0,0,"Eby, Benton County",100134,Eby,2017-12-09 16:59:57.737488
1990-09-17,22:00,66.6,,51.1,57.5,0.0,NW@3.6,99999.0,32.0,0.0,0,"Eby, Benton County",100134,Eby,2017-12-09 16:59:57.737488
1990-09-17,22:15,65.8,,49.8,56.2,0.0,NW@4.3,99999.0,32.0,0.0,0,"Eby, Benton County",100134,Eby,2017-12-09 16:59:57.737488
1990-09-17,22:30,66.3,,50.3,56.4,0.0,N@3.7,99999.0,32.0,0.0,0,"Eby, Benton County",100134,Eby,2017-12-09 16:59:57.737488
1990-09-17,22:45,65.6,,50.2,57.4,0.0,N@3.2,99999.0,32.0,0.0,0,"Eby, Benton County",100134,Eby,2017-12-09 16:59:57.737488
1990-09-17,23:00,63.6,,48.8,58.6,0.0,N@3.7,99999.0,32.0,0.0,0,"Eby, Benton County",100134,Eby,2017-12-09 16:59:57.737488
1990-09-18,23:15,61.6,,47.9,60.6,0.0,N@2.9,99999.0,32.0,0.0,0,"Eby, Benton County",100134,Eby,2017-12-09 16:59:57.737488
1990-09-18,23:30,62.6,,48.7,60.2,0.0,N@3.3,99999.0,32.0,0.0,0,"Eby, Benton County",100134,Eby,2017-12-09 16:59:57.737488
1990-09-18,23:45,63.2,,49.3,60.4,0.0,N@3.7,99999.0,32.0,0.0,0,"Eby, Benton County",100134,Eby,2017-12-09 16:59:57.737488
1990-09-18,24:00,59.7,,46.5,61.5,0.0,SW@4.0,99999.0,32.0,0.0,0,"Eby, Benton County",100134,Eby,2017-12-09 16:59:57.737488
1990-09-18,00:15,63.0,,49.7,61.8,0.0,N@3.0,99999.0,32.0,0.0,0,"Eby, Benton County",100134,Eby,2017-12-09 16:59:57.737488
1990-09-18,00:30,64.3,,50.4,60.5,0.0,N@3.2,99999.0,32.0,0.0,0,"Eby, Benton County",100134,Eby,2017-12-09 16:59:57.737488
1990-09-18,00:45,60.0,,47.3,62.7,0.0,NW@3.8,99999.0,32.0,0.0,0,"Eby, Benton County",100134,Eby,2017-12-09 16:59:57.737488
1990-09-18,01:00,63.5,,50.0,61.4,0.0,NW@2.8,99999.0,32.0,0.0,0,"Eby, Benton County",100134,Eby,2017-12-09 16:59:57.737488
1990-09-18,01:15,62.9,,49.0,60.4,0.0,N@3.6,99999.0,32.0,0.0,0,"Eby, Benton County",100134,Eby,2017-12-09 16:59:57.737488
1990-09-18,01:30,59.4,,47.4,64.3,0.0,N@4.7,99999.0,32.0,0.0,0,"Eby, Benton County",100134,Eby,2017-12-09 16:59:57.737488
1990-09-18,01:45,58.6,,47.3,65.9,0.0,N@2.4,99999.0,32.0,0.0,0,"Eby, Benton County",100134,Eby,2017-12-09 16:59:57.737488
1990-09-18,02:00,57.8,,47.0,67.2,0.0,N@1.5,99999.0,32.0,0.0,0,"Eby, Benton County",100134,Eby,2017-12-09 16:59:57.737488
1990-09-18,02:15,58.1,,47.5,67.7,0.0,NW@3.9,99999.0,32.0,0.0,0,"Eby, Benton County",100134,Eby,2017-12-09 16:59:57.737488
1990-09-18,02:30,55.5,,46.0,70.4,0.0,NW@4.9,99999.0,32.0,0.0,0,"Eby, Benton County",100134,Eby,2017-12-09 16:59:57.737488
1990-09-18,02:45,54.9,,45.8,71.5,0.0,NW@4.6,99999.0,32.0,0.0,0,"Eby, Benton County",100134,Eby,2017-12-09 16:59:57.737488
1990-09-18,03:00,55.0,,46.4,72.7,0.0,NW@4.3,99999.0,32.0,0.0,0,"Eby, Benton County",100134,Eby,2017-12-09 16:59:57.737488
1990-09-18,03:15,58.6,,48.8,69.8,0.0,NW@3.4,99999.0,32.0,0.0,0,"Eby, Benton County",100134,Eby,2017-12-09 16:59:57.737488
1990-09-18,03:30,58.5,,48.6,69.5,0.0,NW@1.3,99999.0,32.0,0.0,0,"Eby, Benton County",100134,Eby,2017-12-09 16:59:57.737488
1990-09-18,03:45,58.6,,48.4,69.0,0.0,W@1.5,99999.0,32.0,0.0,0,"Eby, Benton County",100134,Eby,2017-12-09 16:59:57.737488
1990-09-18,04:00,57.1,,47.2,69.5,0.0,NW@1.3,99999.0,32.0,0.0,0,"Eby, Benton County",100134,Eby,2017-12-09 16:59:57.737488
1990-09-18,04:15,57.8,,47.6,68.8,0.0,NW@0.9,99999.0,32.0,0.0,0,"Eby, Benton County",100134,Eby,2017-12-09 16:59:57.737488
1990-09-18,04:30,57.4,,47.4,69.1,0.0,SW@1.2,99999.0,32.0,0.0,0,"Eby, Benton County",100134,Eby,2017-12-09 16:59:57.737488
1990-09-18,04:45,57.4,,47.3,68.9,0.0,W@1.5,99999.0,32.0,0.0,0,"Eby, Benton County",100134,Eby,2017-12-09 16:59:57.737488
1990-09-18,05:00,57.1,,47.2,69.4,0.0,NW@1.2,99999.0,32.0,0.0,0,"Eby, Benton County",100134,Eby,2017-12-09 16:59:57.737488
1990-09-18,05:15,57.6,,47.6,69.1,0.0,NW@1.3,99999.0,32.0,0.0,0,"Eby, Benton County",100134,Eby,2017-12-09 16:59:57.737488
1990-09-18,05:30,58.2,,48.1,69.0,0.0,NW@1.4,99999.0,32.0,0.0,0,"Eby, Benton County",100134,Eby,2017-12-09 16:59:57.737488
1990-09-18,05:45,56.5,,47.0,70.3,0.0,W@1.1,99999.0,32.0,0.0,0,"Eby, Benton County",100134,Eby,2017-12-09 16:59:57.737488
1990-09-18,06:00,54.2,,45.6,72.5,0.0,SW@2.4,99999.0,32.0,0.0,0,"Eby, Benton County",100134,Eby,2017-12-09 16:59:57.737488
1990-09-18,06:15,53.6,,45.5,73.7,0.0,NW@1.3,99999.0,32.0,0.0,0,"Eby, Benton County",100134,Eby,2017-12-09 16:59:57.737488
1990-09-18,06:30,56.2,,47.7,72.8,0.0,SW@0.9,99999.0,32.0,0.0,0,"Eby, Benton County",100134,Eby,2017-12-09 16:59:57.737488
1990-09-18,06:45,57.1,,48.1,71.9,0.0,SW@1.6,99999.0,32.0,0.0,0,"Eby, Benton County",100134,Eby,2017-12-09 16:59:57.737488
1990-09-18,07:00,58.4,,49.0,70.8,0.0,SW@1.7,99999.0,32.0,0.0,0,"Eby, Benton County",100134,Eby,2017-12-09 16:59:57.737488
1990-09-18,07:15,60.5,,50.2,68.5,0.0,S@1.6,99999.0,32.0,0.0,0,"Eby, Benton County",100134,Eby,2017-12-09 16:59:57.737488
1990-09-18,07:30,61.8,,50.4,66.0,0.0,SE@3.0,99999.0,32.0,0.0,0,"Eby, Benton County",100134,Eby,2017-12-09 16:59:57.737488
1990-09-18,07:45,62.8,,50.7,64.5,0.0,SE@3.5,99999.0,32.0,0.0,0,"Eby, Benton County",100134,Eby,2017-12-09 16:59:57.737488
1990-09-18,08:00,64.5,,51.6,62.7,0.0,SE@2.8,99999.0,32.0,0.0,0,"Eby, Benton County",100134,Eby,2017-12-09 16:59:57.737488
1990-09-18,08:15,65.0,,51.5,61.6,0.0,SE@2.9,99999.0,32.0,0.0,0,"Eby, Benton County",100134,Eby,2017-12-09 16:59:57.737488
1990-09-18,08:30,66.1,,52.0,60.4,0.0,SE@3.8,99999.0,32.0,0.0,0,"Eby, Benton County",100134,Eby,2017-12-09 16:59:57.737488
1990-09-18,08:45,67.1,,52.8,60.2,0.0,E@3.1,99999.0,32.0,0.0,0,"Eby, Benton County",100134,Eby,2017-12-09 16:59:57.737488
1990-09-18,09:00,68.1,,53.8,60.1,0.0,N@4.9,99999.0,32.0,0.0,0,"Eby, Benton County",100134,Eby,2017-12-09 16:59:57.737488
1990-09-18,09:15,69.0,,53.8,58.3,0.0,N@7.1,99999.0,32.0,0.0,0,"Eby, Benton County",100134,Eby,2017-12-09 16:59:57.737488
1990-09-18,09:30,69.5,,53.7,57.2,0.0,NW@7.4,99999.0,32.0,0.0,0,"Eby, Benton County",100134,Eby,2017-12-09 16:59:57.737488
1990-09-18,09:45,69.6,,53.8,57.2,0.0,N@8.3,99999.0,32.0,0.0,0,"Eby, Benton County",100134,Eby,2017-12-09 16:59:57.737488
1990-09-18,10:00,70.3,,54.2,56.6,0.0,N@9.1,99999.0,32.0,0.0,0,"Eby, Benton County",100134,Eby,2017-12-09 16:59:57.737488
1990-09-18,10:15,70.1,,54.0,56.7,0.0,N@8.0,99999.0,32.0,0.0,0,"Eby, Benton County",100134,Eby,2017-12-09 16:59:57.737488
1990-09-18,10:30,70.2,,54.0,56.3,0.0,N@7.8,99999.0,32.0,0.0,0,"Eby, Benton County",100134,Eby,2017-12-09 16:59:57.737488
1990-09-18,10:45,70.8,,54.1,55.5,0.0,N@8.5,99999.0,32.0,0.0,0,"Eby, Benton County",100134,Eby,2017-12-09 16:59:57.737488
1990-09-18,11:00,71.4,,54.3,54.7,0.0,N@8.5,99999.0,32.0,0.0,0,"Eby, Benton County",100134,Eby,2017-12-09 16:59:57.737488
1990-09-18,11:15,72.1,,54.6,54.0,0.0,N@8.0,99999.0,32.0,0.0,0,"Eby, Benton County",100134,Eby,2017-12-09 16:59:57.737488
1990-09-18,11:30,73.1,,55.0,52.9,0.0,N@8.0,99999.0,32.0,0.0,0,"Eby, Benton County",100134,Eby,2017-12-09 16:59:57.737488
1990-09-18,11:45,73.5,,55.1,52.4,0.0,N@7.6,99999.0,32.0,0.0,0,"Eby, Benton County",100134,Eby,2017-12-09 16:59:57.737488
1990-09-18,12:00,73.5,,55.1,52.4,0.0,N@7.7,99999.0,32.0,0.0,0,"Eby, Benton County",100134,Eby,2017-12-09 16:59:57.737488
1990-09-18,12:15,74.3,,55.4,51.7,0.0,N@7.7,99999.0,32.0,0.0,0,"Eby, Benton County",100134,Eby,2017-12-09 16:59:57.737488
1990-09-18,12:30,74.4,,55.3,51.4,0.0,NE@7.1,99999.0,32.0,0.0,0,"Eby, Benton County",100134,Eby,2017-12-09 16:59:57.737488
1990-09-18,12:45,75.0,,55.1,50.1,0.0,N@7.4,99999.0,32.0,0.0,0,"Eby, Benton County",100134,Eby,2017-12-09 16:59:57.737488
1990-09-18,13:00,74.6,,54.7,49.7,0.0,N@7.4,99999.0,32.0,0.0,0,"Eby, Benton County",100134,Eby,2017-12-09 16:59:57.737488
1990-09-18,13:15,75.2,,54.7,48.9,0.0,N@7.0,99999.0,32.0,0.0,0,"Eby, Benton County",100134,Eby,2017-12-09 16:59:57.737488
1990-09-18,13:30,75.8,,55.2,48.8,0.0,N@6.8,99999.0,32.0,0.0,0,"Eby, Benton County",100134,Eby,2017-12-09 16:59:57.737488
1990-09-18,13:45,75.8,,54.8,48.0,0.0,NE@6.0,99999.0,32.0,0.0,0,"Eby, Benton County",100134,Eby,2017-12-09 16:59:57.737488
1990-09-18,14:00,76.4,,55.2,47.8,0.0,N@5.8,99999.0,32.0,0.0,0,"Eby, Benton County",100134,Eby,2017-12-09 16:59:57.737488
1990-09-18,14:15,76.7,,55.2,47.3,0.0,NE@5.5,99999.0,32.0,0.0,0,"Eby, Benton County",100134,Eby,2017-12-09 16:59:57.737488
1990-09-18,14:30,77.0,,55.0,46.5,0.0,NE@5.2,99999.0,32.0,0.0,0,"Eby, Benton County",100134,Eby,2017-12-09 16:59:57.737488
1990-09-18,14:45,76.9,,54.8,46.2,0.0,NE@4.9,99999.0,32.0,0.0,0,"Eby, Benton County",100134,Eby,2017-12-09 16:59:57.737488
1990-09-18,15:00,77.1,,54.5,45.6,0.0,NE@4.9,99999.0,32.0,0.0,0,"Eby, Benton County",100134,Eby,2017-12-09 16:59:57.737488
1990-09-18,15:15,76.8,,54.1,45.3,0.0,NE@4.8,99999.0,32.0,0.0,0,"Eby, Benton County",100134,Eby,2017-12-09 16:59:57.737488
1990-09-18,15:30,76.7,,54.1,45.5,0.0,NE@3.8,99999.0,32.0,0.0,0,"Eby, Benton County",100134,Eby,2017-12-09 16:59:57.737488
1990-09-18,15:45,77.2,,53.9,44.5,0.0,NE@2.9,99999.0,32.0,0.0,0,"Eby, Benton County",100134,Eby,2017-12-09 16:59:57.737488
1990-09-18,16:00,76.9,,54.1,45.1,0.0,N@3.8,99999.0,32.0,0.0,0,"Eby, Benton County",100134,Eby,2017-12-09 16:59:57.737488
1990-09-18,16:15,76.6,,54.0,45.4,0.0,N@4.5,99999.0,32.0,0.0,0,"Eby, Benton County",100134,Eby,2017-12-09 16:59:57.737488
1990-09-18,16:30,76.7,,54.3,45.8,0.0,N@4.6,99999.0,32.0,0.0,0,"Eby, Benton County",100134,Eby,2017-12-09 16:59:57.737488
1990-09-18,16:45,76.2,,53.9,45.8,0.0,N@4.2,99999.0,32.0,0.0,0,"Eby, Benton County",100134,Eby,2017-12-09 16:59:57.737488
1990-09-18,17:00,75.6,,53.5,46.2,0.0,N@4.2,99999.0,32.0,0.0,0,"Eby, Benton County",100134,Eby,2017-12-09 16:59:57.737488
1990-09-18,17:15,74.9,,52.8,46.1,0.0,N@4.4,99999.0,32.0,0.0,0,"Eby, Benton County",100134,Eby,2017-12-09 16:59:57.737488
1990-09-18,17:30,73.3,,52.0,47.2,0.0,N@4.4,99999.0,32.0,0.0,0,"Eby, Benton County",100134,Eby,2017-12-09 16:59:57.737488
1990-09-18,17:45,72.0,,51.1,47.7,0.0,N@5.4,99999.0,32.0,0.0,0,"Eby, Benton County",100134,Eby,2017-12-09 16:59:57.737488
1990-09-18,18:00,69.4,,49.5,49.2,0.0,N@5.5,99999.0,32.0,0.0,0,"Eby, Benton County",100134,Eby,2017-12-09 16:59:57.737488
1990-09-18,18:15,67.6,,49.1,51.5,0.0,N@5.4,99999.0,32.0,0.0,0,"Eby, Benton County",100134,Eby,2017-12-09 16:59:57.737488
1990-09-18,18:30,65.6,,48.1,53.1,0.0,N@5.9,99999.0,32.0,0.0,0,"Eby, Benton County",100134,Eby,2017-12-09 16:59:57.737488
1990-09-18,18:45,65.3,,47.9,53.2,0.0,NW@7.0,99999.0,32.0,0.0,0,"Eby, Benton County",100134,Eby,2017-12-09 16:59:57.737488
1990-09-18,19:00,65.2,,48.2,54.1,0.0,NW@6.6,99999.0,32.0,0.0,0,"Eby, Benton County",100134,Eby,2017-12-09 16:59:57.737488
1990-09-18,19:15,64.8,,48.2,54.8,0.0,NW@6.7,99999.0,32.0,0.0,0,"Eby, Benton County",100134,Eby,2017-12-09 16:59:57.737488
1990-09-18,19:30,64.5,,48.3,55.6,0.0,NW@6.2,99999.0,32.0,0.0,0,"Eby, Benton County",100134,Eby,2017-12-09 16:59:57.737488
1990-09-18,19:45,64.6,,48.4,55.7,0.0,NW@6.4,99999.0,32.0,0.0,0,"Eby, Benton County",100134,Eby,2017-12-09 16:59:57.737488
1990-09-18,20:00,64.6,,48.6,56.0,0.0,NW@6.8,99999.0,32.0,0.0,0,"Eby, Benton County",100134,Eby,2017-12-09 16:59:57.737488
1990-09-18,20:15,65.0,,48.6,55.4,0.0,NW@6.3,99999.0,32.0,0.0,0,"Eby, Benton County",100134,Eby,2017-12-09 16:59:57.737488
1990-09-18,20:30,63.2,,46.9,55.2,0.0,NW@6.2,99999.0,32.0,0.0,0,"Eby, Benton County",100134,Eby,2017-12-09 16:59:57.737488
1990-09-18,20:45,63.5,,47.0,55.0,0.0,NW@6.5,99999.0,32.0,0.0,0,"Eby, Benton County",100134,Eby,2017-12-09 16:59:57.737488
1990-09-18,21:00,63.3,,47.0,55.3,0.0,NW@6.8,99999.0,32.0,0.0,0,"Eby, Benton County",100134,Eby,2017-12-09 16:59:57.737488
1990-09-18,21:15,63.6,,47.2,55.2,0.0,NW@6.8,99999.0,32.0,0.0,0,"Eby, Benton County",100134,Eby,2017-12-09 16:59:57.737488
1990-09-18,21:30,63.3,,47.1,55.4,0.0,NW@7.3,99999.0,32.0,0.0,0,"Eby, Benton County",100134,Eby,2017-12-09 16:59:57.737488
1990-09-18,21:45,63.1,,47.2,55.9,0.0,NW@7.1,99999.0,32.0,0.0,0,"Eby, Benton County",100134,Eby,2017-12-09 16:59:57.737488
1990-09-18,22:00,63.1,,47.3,56.1,0.0,NW@6.3,99999.0,32.0,0.0,0,"Eby, Benton County",100134,Eby,2017-12-09 16:59:57.737488
1990-09-18,22:15,61.4,,46.3,57.4,0.0,NW@5.1,99999.0,32.0,0.0,0,"Eby, Benton County",100134,Eby,2017-12-09 16:59:57.737488
1990-09-18,22:30,61.6,,46.7,57.9,0.0,NW@4.8,99999.0,32.0,0.0,0,"Eby, Benton County",100134,Eby,2017-12-09 16:59:57.737488
1990-09-18,22:45,62.5,,47.6,58.2,0.0,W@5.1,99999.0,32.0,0.0,0,"Eby, Benton County",100134,Eby,2017-12-09 16:59:57.737488
1990-09-18,23:00,62.3,,47.8,58.9,0.0,W@4.5,99999.0,32.0,0.0,0,"Eby, Benton County",100134,Eby,2017-12-09 16:59:57.737488
1990-09-19,23:15,62.0,,47.7,59.2,0.0,SW@5.0,99999.0,32.0,0.0,0,"Eby, Benton County",100134,Eby,2017-12-09 16:59:57.737488
1990-09-19,23:30,61.3,,47.2,59.8,0.0,S@2.7,99999.0,32.0,0.0,0,"Eby, Benton County",100134,Eby,2017-12-09 16:59:57.737488
1990-09-19,23:45,61.3,,47.3,60.1,0.0,SW@3.1,99999.0,32.0,0.0,0,"Eby, Benton County",100134,Eby,2017-12-09 16:59:57.737488
1990-09-19,24:00,63.3,,48.2,57.7,0.0,NW@11.6,99999.0,32.0,0.0,0,"Eby, Benton County",100134,Eby,2017-12-09 16:59:57.737488
1990-09-19,00:15,58.9,,46.0,62.3,0.0,W@3.8,99999.0,32.0,0.0,0,"Eby, Benton County",100134,Eby,2017-12-09 16:59:57.737488
1990-09-19,00:30,58.3,,45.9,63.2,0.0,S@2.9,99999.0,32.0,0.0,0,"Eby, Benton County",100134,Eby,2017-12-09 16:59:57.737488
1990-09-19,00:45,57.0,,45.1,64.2,0.0,SW@3.7,99999.0,32.0,0.0,0,"Eby, Benton County",100134,Eby,2017-12-09 16:59:57.737488
1990-09-19,01:00,55.6,,44.5,66.0,0.0,W@3.7,99999.0,32.0,0.0,0,"Eby, Benton County",100134,Eby,2017-12-09 16:59:57.737488
1990-09-19,01:15,55.5,,44.6,66.9,0.0,W@3.3,99999.0,32.0,0.0,0,"Eby, Benton County",100134,Eby,2017-12-09 16:59:57.737488
1990-09-19,01:30,56.6,,46.0,67.4,0.0,SW@3.1,99999.0,32.0,0.0,0,"Eby, Benton County",100134,Eby,2017-12-09 16:59:57.737488
1990-09-19,01:45,57.0,,46.8,68.5,0.0,SW@4.6,99999.0,32.0,0.0,0,"Eby, Benton County",100134,Eby,2017-12-09 16:59:57.737488
1990-09-19,02:00,55.8,,46.6,71.1,0.0,SW@4.2,99999.0,32.0,0.0,0,"Eby, Benton County",100134,Eby,2017-12-09 16:59:57.737488
1990-09-19,02:15,55.2,,46.5,72.3,0.0,W@3.4,99999.0,32.0,0.0,0,"Eby, Benton County",100134,Eby,2017-12-09 16:59:57.737488
1990-09-19,02:30,54.8,,46.7,74.1,0.0,W@3.6,99999.0,32.0,0.0,0,"Eby, Benton County",100134,Eby,2017-12-09 16:59:57.737488
1990-09-19,02:45,55.5,,48.6,77.5,0.0,W@4.2,99999.0,32.0,0.0,0,"Eby, Benton County",100134,Eby,2017-12-09 16:59:57.737488
1990-09-19,03:00,54.9,,49.1,80.6,0.0,W@4.8,99999.0,32.0,0.0,0,"Eby, Benton County",100134,Eby,2017-12-09 16:59:57.737488
1990-09-19,03:15,54.2,,48.8,81.9,0.0,W@4.5,99999.0,32.0,0.0,0,"Eby, Benton County",100134,Eby,2017-12-09 16:59:57.737488
1990-09-19,03:30,54.8,,50.0,83.9,0.0,W@5.4,99999.0,32.0,0.0,0,"Eby, Benton County",100134,Eby,2017-12-09 16:59:57.737488
1990-09-19,03:45,54.8,,50.4,85.0,0.0,W@4.4,99999.0,32.0,0.0,0,"Eby, Benton County",100134,Eby,2017-12-09 16:59:57.737488
1990-09-19,04:00,54.1,,50.0,86.1,0.0,W@3.4,99999.0,32.0,0.0,0,"Eby, Benton County",100134,Eby,2017-12-09 16:59:57.737488
1990-09-19,04:15,52.4,,49.1,88.3,0.0,W@3.3,99999.0,32.0,0.0,0,"Eby, Benton County",100134,Eby,2017-12-09 16:59:57.737488
1990-09-19,04:30,53.2,,50.2,89.5,0.0,W@3.3,99999.0,32.0,0.0,0,"Eby, Benton County",100134,Eby,2017-12-09 16:59:57.737488
1990-09-19,04:45,52.9,,50.1,90.2,0.0,W@3.4,99999.0,32.0,0.0,0,"Eby, Benton County",100134,Eby,2017-12-09 16:59:57.737488
1990-09-19,05:00,53.1,,50.6,91.4,0.0,W@3.7,99999.0,32.0,0.0,0,"Eby, Benton County",100134,Eby,2017-12-09 16:59:57.737488
1990-09-19,05:15,53.3,,51.1,92.0,0.0,SW@3.6,99999.0,32.0,0.0,0,"Eby, Benton County",100134,Eby,2017-12-09 16:59:57.737488
1990-09-19,05:30,52.4,,50.4,92.7,0.0,W@3.8,99999.0,32.0,0.0,0,"Eby, Benton County",100134,Eby,2017-12-09 16:59:57.737488
1990-09-19,05:45,52.2,,50.5,93.7,0.0,W@3.6,99999.0,32.0,0.0,0,"Eby, Benton County",100134,Eby,2017-12-09 16:59:57.737488
1990-09-19,06:00,53.2,,51.4,93.7,0.0,W@3.8,99999.0,32.0,0.0,0,"Eby, Benton County",100134,Eby,2017-12-09 16:59:57.737488
1990-09-19,06:15,55.0,,52.9,92.7,0.0,W@3.9,99999.0,32.0,0.0,0,"Eby, Benton County",100134,Eby,2017-12-09 16:59:57.737488
1990-09-19,06:30,54.9,,52.7,92.1,0.0,W@3.4,99999.0,32.0,0.0,0,"Eby, Benton County",100134,Eby,2017-12-09 16:59:57.737488
1990-09-19,06:45,56.0,,53.5,91.1,0.0,SW@4.0,99999.0,32.0,0.0,0,"Eby, Benton County",100134,Eby,2017-12-09 16:59:57.737488
1990-09-19,07:00,57.4,,54.2,89.0,0.0,SW@4.5,99999.0,32.0,0.0,0,"Eby, Benton County",100134,Eby,2017-12-09 16:59:57.737488
1990-09-19,07:15,59.0,,55.0,86.3,0.0,SW@4.2,99999.0,32.0,0.0,0,"Eby, Benton County",100134,Eby,2017-12-09 16:59:57.737488
1990-09-19,07:30,60.3,,55.4,83.8,0.0,SW@4.5,99999.0,32.0,0.0,0,"Eby, Benton County",100134,Eby,2017-12-09 16:59:57.737488
1990-09-19,07:45,61.7,,56.0,81.4,0.0,SW@4.3,99999.0,32.0,0.0,0,"Eby, Benton County",100134,Eby,2017-12-09 16:59:57.737488
1990-09-19,08:00,63.3,,56.4,78.0,0.0,SW@4.0,99999.0,32.0,0.0,0,"Eby, Benton County",100134,Eby,2017-12-09 16:59:57.737488
1990-09-19,08:15,64.6,,56.4,74.7,0.0,S@5.6,99999.0,32.0,0.0,0,"Eby, Benton County",100134,Eby,2017-12-09 16:59:57.737488
1990-09-19,08:30,65.6,,56.4,71.9,0.0,SW@5.8,99999.0,32.0,0.0,0,"Eby, Benton County",100134,Eby,2017-12-09 16:59:57.737488
1990-09-19,08:45,66.1,,56.0,69.7,0.0,SW@5.4,99999.0,32.0,0.0,0,"Eby, Benton County",100134,Eby,2017-12-09 16:59:57.737488
1990-09-19,09:00,66.9,,56.1,68.2,0.0,SW@5.5,99999.0,32.0,0.0,0,"Eby, Benton County",100134,Eby,2017-12-09 16:59:57.737488
1990-09-19,09:15,67.4,,55.7,66.2,0.0,SW@5.4,99999.0,32.0,0.0,0,"Eby, Benton County",100134,Eby,2017-12-09 16:59:57.737488
1990-09-19,09:30,68.1,,55.5,64.0,0.0,SW@6.3,99999.0,32.0,0.0,0,"Eby, Benton County",100134,Eby,2017-12-09 16:59:57.737488
1990-09-19,09:45,69.0,,55.6,62.4,0.0,SW@5.8,99999.0,32.0,0.0,0,"Eby, Benton County",100134,Eby,2017-12-09 16:59:57.737488
1990-09-19,10:00,70.0,,56.1,61.3,0.0,SW@5.9,99999.0,32.0,0.0,0,"Eby, Benton County",100134,Eby,2017-12-09 16:59:57.737488
1990-09-19,10:15,70.9,,56.2,59.6,0.0,SW@5.9,99999.0,32.0,0.0,0,"Eby, Benton County",100134,Eby,2017-12-09 16:59:57.737488
1990-09-19,10:30,71.3,,56.0,58.3,0.0,SW@6.3,99999.0,32.0,0.0,0,"Eby, Benton County",100134,Eby,2017-12-09 16:59:57.737488
1990-09-19,10:45,72.2,,56.2,57.1,0.0,SW@6.6,99999.0,32.0,0.0,0,"Eby, Benton County",100134,Eby,2017-12-09 16:59:57.737488
1990-09-19,11:00,72.7,,56.1,56.0,0.0,W@6.7,99999.0,32.0,0.0,0,"Eby, Benton County",100134,Eby,2017-12-09 16:59:57.737488
1990-09-19,11:15,73.5,,56.4,55.0,0.0,W@6.7,99999.0,32.0,0.0,0,"Eby, Benton County",100134,Eby,2017-12-09 16:59:57.737488
1990-09-19,11:30,74.0,,56.3,53.8,0.0,W@5.3,99999.0,32.0,0.0,0,"Eby, Benton County",100134,Eby,2017-12-09 16:59:57.737488
1990-09-19,11:45,74.9,,56.0,51.8,0.0,N@4.9,99999.0,32.0,0.0,0,"Eby, Benton County",100134,Eby,2017-12-09 16:59:57.737488
1990-09-19,12:00,76.2,,56.6,50.6,0.0,W@4.0,99999.0,32.0,0.0,0,"Eby, Benton County",100134,Eby,2017-12-09 16:59:57.737488
1990-09-19,12:15,76.1,,55.7,49.1,0.0,W@7.4,99999.0,32.0,0.0,0,"Eby, Benton County",100134,Eby,2017-12-09 16:59:57.737488
1990-09-19,12:30,76.3,,54.8,47.2,0.0,NW@4.6,99999.0,32.0,0.0,0,"Eby, Benton County",100134,Eby,2017-12-09 16:59:57.737488
1990-09-19,12:45,77.0,,55.0,46.6,0.0,NW@7.4,99999.0,32.0,0.0,0,"Eby, Benton County",100134,Eby,2017-12-09 16:59:57.737488
1990-09-19,13:00,77.0,,54.8,46.3,0.0,NW@5.4,99999.0,32.0,0.0,0,"Eby, Benton County",100134,Eby,2017-12-09 16:59:57.737488
1990-09-19,13:15,77.6,,55.2,46.0,0.0,N@6.1,99999.0,32.0,0.0,0,"Eby, Benton County",100134,Eby,2017-12-09 16:59:57.737488
1990-09-19,13:30,77.8,,55.0,45.3,0.0,N@7.8,99999.0,32.0,0.0,0,"Eby, Benton County",100134,Eby,2017-12-09 16:59:57.737488
1990-09-19,13:45,77.8,,54.6,44.8,0.0,NW@6.7,99999.0,32.0,0.0,0,"Eby, Benton County",100134,Eby,2017-12-09 16:59:57.737488
1990-09-19,14:00,77.6,,54.3,44.5,0.0,N@7.3,99999.0,32.0,0.0,0,"Eby, Benton County",100134,Eby,2017-12-09 16:59:57.737488
1990-09-19,14:15,77.6,,54.5,44.9,0.0,N@5.7,99999.0,32.0,0.0,0,"Eby, Benton County",100134,Eby,2017-12-09 16:59:57.737488
1990-09-19,14:30,77.6,,54.4,44.5,0.0,NW@6.2,99999.0,32.0,0.0,0,"Eby, Benton County",100134,Eby,2017-12-09 16:59:57.737488
1990-09-19,14:45,77.5,,54.2,44.5,0.0,NW@6.2,99999.0,32.0,0.0,0,"Eby, Benton County",100134,Eby,2017-12-09 16:59:57.737488
1990-09-19,15:00,78.4,,54.3,43.5,0.0,N@7.5,99999.0,32.0,0.0,0,"Eby, Benton County",100134,Eby,2017-12-09 16:59:57.737488
1990-09-19,15:15,78.2,,54.0,43.1,0.0,N@4.7,99999.0,32.0,0.0,0,"Eby, Benton County",100134,Eby,2017-12-09 16:59:57.737488
1990-09-19,15:30,78.1,,54.1,43.4,0.0,N@8.0,99999.0,32.0,0.0,0,"Eby, Benton County",100134,Eby,2017-12-09 16:59:57.737488
1990-09-19,15:45,78.1,,54.0,43.4,0.0,N@6.9,99999.0,32.0,0.0,0,"Eby, Benton County",100134,Eby,2017-12-09 16:59:57.737488
1990-09-19,16:00,77.9,,54.1,43.7,0.0,N@6.2,99999.0,32.0,0.0,0,"Eby, Benton County",100134,Eby,2017-12-09 16:59:57.737488
1990-09-19,16:15,77.7,,54.0,43.9,0.0,N@5.9,99999.0,32.0,0.0,0,"Eby, Benton County",100134,Eby,2017-12-09 16:59:57.737488
1990-09-19,16:30,77.3,,53.9,44.3,0.0,N@4.5,99999.0,32.0,0.0,0,"Eby, Benton County",100134,Eby,2017-12-09 16:59:57.737488
1990-09-19,16:45,76.7,,53.8,44.9,0.0,N@3.4,99999.0,32.0,0.0,0,"Eby, Benton County",100134,Eby,2017-12-09 16:59:57.737488
1990-09-19,17:00,76.6,,53.7,44.9,0.0,N@3.3,99999.0,32.0,0.0,0,"Eby, Benton County",100134,Eby,2017-12-09 16:59:57.737488
1990-09-19,17:15,75.9,,53.3,45.3,0.0,N@4.0,99999.0,32.0,0.0,0,"Eby, Benton County",100134,Eby,2017-12-09 16:59:57.737488
1990-09-19,17:30,74.4,,52.5,46.4,0.0,N@3.0,99999.0,32.0,0.0,0,"Eby, Benton County",100134,Eby,2017-12-09 16:59:57.737488
1990-09-19,17:45,72.4,,51.6,48.1,0.0,N@3.2,99999.0,32.0,0.0,0,"Eby, Benton County",100134,Eby,2017-12-09 16:59:57.737488
1990-09-19,18:00,71.2,,50.9,48.6,0.0,N@3.4,99999.0,32.0,0.0,0,"Eby, Benton County",100134,Eby,2017-12-09 16:59:57.737488
1990-09-19,18:15,70.4,,50.6,49.3,0.0,N@3.1,99999.0,32.0,0.0,0,"Eby, Benton County",100134,Eby,2017-12-09 16:59:57.737488
1990-09-19,18:30,70.6,,50.8,49.5,0.0,NW@3.6,99999.0,32.0,0.0,0,"Eby, Benton County",100134,Eby,2017-12-09 16:59:57.737488
1990-09-19,18:45,71.2,,51.4,49.5,0.0,NW@2.9,99999.0,32.0,0.0,0,"Eby, Benton County",100134,Eby,2017-12-09 16:59:57.737488
1990-09-19,19:00,69.8,,50.3,49.8,0.0,NW@3.7,99999.0,32.0,0.0,0,"Eby, Benton County",100134,Eby,2017-12-09 16:59:57.737488
1990-09-19,19:15,70.2,,50.7,50.0,0.0,NW@3.8,99999.0,32.0,0.0,0,"Eby, Benton County",100134,Eby,2017-12-09 16:59:57.737488
1990-09-19,19:30,68.0,,49.1,50.8,0.0,NW@4.6,99999.0,32.0,0.0,0,"Eby, Benton County",100134,Eby,2017-12-09 16:59:57.737488
1990-09-19,19:45,67.8,,49.1,51.0,0.0,NW@4.8,99999.0,32.0,0.0,0,"Eby, Benton County",100134,Eby,2017-12-09 16:59:57.737488
1990-09-19,20:00,67.5,,48.6,50.7,0.0,NW@5.1,99999.0,32.0,0.0,0,"Eby, Benton County",100134,Eby,2017-12-09 16:59:57.737488
1990-09-19,20:15,67.0,,47.9,50.2,0.0,NW@5.2,99999.0,32.0,0.0,0,"Eby, Benton County",100134,Eby,2017-12-09 16:59:57.737488
1990-09-19,20:30,66.6,,47.5,50.2,0.0,NW@5.2,99999.0,32.0,0.0,0,"Eby, Benton County",100134,Eby,2017-12-09 16:59:57.737488
1990-09-19,20:45,65.8,,46.8,50.2,0.0,NW@5.4,99999.0,32.0,0.0,0,"Eby, Benton County",100134,Eby,2017-12-09 16:59:57.737488
1990-09-19,21:00,64.7,,46.0,50.6,0.0,NW@4.9,99999.0,32.0,0.0,0,"Eby, Benton County",100134,Eby,2017-12-09 16:59:57.737488
1990-09-19,21:15,64.1,,45.9,51.5,0.0,NW@6.3,99999.0,32.0,0.0,0,"Eby, Benton County",100134,Eby,2017-12-09 16:59:57.737488
1990-09-19,21:30,64.1,,47.0,53.8,0.0,NW@7.0,99999.0,32.0,0.0,0,"Eby, Benton County",100134,Eby,2017-12-09 16:59:57.737488
1990-09-19,21:45,64.4,,47.7,54.5,0.0,NW@6.9,99999.0,32.0,0.0,0,"Eby, Benton County",100134,Eby,2017-12-09 16:59:57.737488
1990-09-19,22:00,64.7,,47.7,54.1,0.0,NW@9.2,99999.0,32.0,0.0,0,"Eby, Benton County",100134,Eby,2017-12-09 16:59:57.737488
1990-09-19,22:15,65.0,,48.9,55.9,0.0,NW@10.3,99999.0,32.0,0.0,0,"Eby, Benton County",100134,Eby,2017-12-09 16:59:57.737488
1990-09-19,22:30,65.6,,49.4,55.8,0.0,N@12.2,99999.0,32.0,0.0,0,"Eby, Benton County",100134,Eby,2017-12-09 16:59:57.737488
1990-09-19,22:45,65.8,,49.8,56.1,0.0,NW@12.4,99999.0,32.0,0.0,0,"Eby, Benton County",100134,Eby,2017-12-09 16:59:57.737488
1990-09-19,23:00,65.8,,50.0,56.6,0.0,NW@13.4,99999.0,32.0,0.0,0,"Eby, Benton County",100134,Eby,2017-12-09 16:59:57.737488
1990-09-20,23:15,65.2,,49.8,57.3,0.0,NW@12.7,99999.0,32.0,0.0,0,"Eby, Benton County",100134,Eby,2017-12-09 16:59:57.737488
1990-09-20,23:30,64.5,,49.4,57.9,0.0,NW@12.3,99999.0,32.0,0.0,0,"Eby, Benton County",100134,Eby,2017-12-09 16:59:57.737488
1990-09-20,23:45,63.8,,48.7,57.9,0.0,NW@11.5,99999.0,32.0,0.0,0,"Eby, Benton County",100134,Eby,2017-12-09 16:59:57.737488
1990-09-20,24:00,59.2,,39.4,47.7,0.0,NW@6.8,99999.0,32.0,0.0,0,"Eby, Benton County",100134,Eby,2017-12-09 16:59:57.737488
1990-09-20,00:15,62.7,,47.7,57.9,0.0,NW@10.2,99999.0,32.0,0.0,0,"Eby, Benton County",100134,Eby,2017-12-09 16:59:57.737488
1990-09-20,00:30,62.5,,47.9,58.8,0.0,NW@11.4,99999.0,32.0,0.0,0,"Eby, Benton County",100134,Eby,2017-12-09 16:59:57.737488
1990-09-20,00:45,62.6,,47.9,58.5,0.0,NW@11.1,99999.0,32.0,0.0,0,"Eby, Benton County",100134,Eby,2017-12-09 16:59:57.737488
1990-09-20,01:00,62.0,,47.6,59.1,0.0,NW@11.1,99999.0,32.0,0.0,0,"Eby, Benton County",100134,Eby,2017-12-09 16:59:57.737488
1990-09-20,01:15,61.5,,47.3,59.6,0.0,N@9.9,99999.0,32.0,0.0,0,"Eby, Benton County",100134,Eby,2017-12-09 16:59:57.737488
1990-09-20,01:30,61.0,,46.9,59.7,0.0,N@9.5,99999.0,32.0,0.0,0,"Eby, Benton County",100134,Eby,2017-12-09 16:59:57.737488
1990-09-20,01:45,60.2,,46.6,60.8,0.0,N@8.4,99999.0,32.0,0.0,0,"Eby, Benton County",100134,Eby,2017-12-09 16:59:57.737488
1990-09-20,02:00,60.5,,47.1,61.1,0.0,NW@10.1,99999.0,32.0,0.0,0,"Eby, Benton County",100134,Eby,2017-12-09 16:59:57.737488
1990-09-20,02:15,60.7,,46.8,60.0,0.0,N@9.6,99999.0,32.0,0.0,0,"Eby, Benton County",100134,Eby,2017-12-09 16:59:57.737488
1990-09-20,02:30,59.8,,46.2,60.8,0.0,NW@10.1,99999.0,32.0,0.0,0,"Eby, Benton County",100134,Eby,2017-12-09 16:59:57.737488
1990-09-20,02:45,60.0,,46.2,60.2,0.0,NW@9.7,99999.0,32.0,0.0,0,"Eby, Benton County",100134,Eby,2017-12-09 16:59:57.737488
1990-09-20,03:00,59.0,,45.2,60.1,0.0,NW@8.8,99999.0,32.0,0.0,0,"Eby, Benton County",100134,Eby,2017-12-09 16:59:57.737488
1990-09-20,03:15,58.7,,44.6,59.4,0.0,NW@9.4,99999.0,32.0,0.0,0,"Eby, Benton County",100134,Eby,2017-12-09 16:59:57.737488
1990-09-20,03:30,58.3,,44.2,59.3,0.0,NW@9.1,99999.0,32.0,0.0,0,"Eby, Benton County",100134,Eby,2017-12-09 16:59:57.737488
1990-09-20,03:45,57.3,,43.7,60.4,0.0,NW@9.4,99999.0,32.0,0.0,0,"Eby, Benton County",100134,Eby,2017-12-09 16:59:57.737488
1990-09-20,04:00,57.0,,43.3,60.1,0.0,NW@9.0,99999.0,32.0,0.0,0,"Eby, Benton County",100134,Eby,2017-12-09 16:59:57.737488
1990-09-20,04:15,56.9,,43.0,59.5,0.0,NW@10.1,99999.0,32.0,0.0,0,"Eby, Benton County",100134,Eby,2017-12-09 16:59:57.737488
1990-09-20,04:30,56.9,,42.6,58.8,0.0,NW@9.1,99999.0,32.0,0.0,0,"Eby, Benton County",100134,Eby,2017-12-09 16:59:57.737488
1990-09-20,04:45,55.8,,41.7,59.0,0.0,NW@7.9,99999.0,32.0,0.0,0,"Eby, Benton County",100134,Eby,2017-12-09 16:59:57.737488
1990-09-20,05:00,55.5,,41.9,59.9,0.0,NW@7.7,99999.0,32.0,0.0,0,"Eby, Benton County",100134,Eby,2017-12-09 16:59:57.737488
1990-09-20,05:15,55.3,,41.8,60.3,0.0,NW@7.8,99999.0,32.0,0.0,0,"Eby, Benton County",100134,Eby,2017-12-09 16:59:57.737488
1990-09-20,05:30,55.2,,42.0,61.1,0.0,NW@7.7,99999.0,32.0,0.0,0,"Eby, Benton County",100134,Eby,2017-12-09 16:59:57.737488
1990-09-20,05:45,52.7,,40.8,63.6,0.0,NW@7.1,99999.0,32.0,0.0,0,"Eby, Benton County",100134,Eby,2017-12-09 16:59:57.737488
1990-09-20,06:00,52.4,,40.9,64.8,0.0,NW@7.7,99999.0,32.0,0.0,0,"Eby, Benton County",100134,Eby,2017-12-09 16:59:57.737488
1990-09-20,06:15,53.8,,42.0,64.3,0.0,NW@7.1,99999.0,32.0,0.0,0,"Eby, Benton County",100134,Eby,2017-12-09 16:59:57.737488
1990-09-20,06:30,55.7,,43.4,63.1,0.0,NW@6.1,99999.0,32.0,0.0,0,"Eby, Benton County",100134,Eby,2017-12-09 16:59:57.737488
1990-09-20,06:45,58.4,,44.9,60.6,0.0,NW@4.5,99999.0,32.0,0.0,0,"Eby, Benton County",100134,Eby,2017-12-09 16:59:57.737488
1990-09-20,07:00,60.9,,46.7,59.5,0.0,NW@3.8,99999.0,32.0,0.0,0,"Eby, Benton County",100134,Eby,2017-12-09 16:59:57.737488
1990-09-20,07:15,62.9,,47.5,57.2,0.0,NW@4.2,99999.0,32.0,0.0,0,"Eby, Benton County",100134,Eby,2017-12-09 16:59:57.737488
1990-09-20,07:30,63.9,,47.4,54.9,0.0,N@4.6,99999.0,32.0,0.0,0,"Eby, Benton County",100134,Eby,2017-12-09 16:59:57.737488
1990-09-20,07:45,64.7,,46.4,51.4,0.0,N@6.1,99999.0,32.0,0.0,0,"Eby, Benton County",100134,Eby,2017-12-09 16:59:57.737488
1990-09-20,08:00,65.3,,46.0,49.6,0.0,N@4.7,99999.0,32.0,0.0,0,"Eby, Benton County",100134,Eby,2017-12-09 16:59:57.737488
1990-09-20,08:15,65.9,,45.2,47.1,0.0,N@6.1,99999.0,32.0,0.0,0,"Eby, Benton County",100134,Eby,2017-12-09 16:59:57.737488
1990-09-20,08:30,66.1,,44.8,46.1,0.0,N@6.7,99999.0,32.0,0.0,0,"Eby, Benton County",100134,Eby,2017-12-09 16:59:57.737488
1990-09-20,08:45,66.6,,44.5,44.7,0.0,N@5.7,99999.0,32.0,0.0,0,"Eby, Benton County",100134,Eby,2017-12-09 16:59:57.737488
1990-09-20,09:00,66.5,,43.3,42.9,0.0,N@8.2,99999.0,32.0,0.0,0,"Eby, Benton County",100134,Eby,2017-12-09 16:59:57.737488
1990-09-20,09:15,67.3,,43.2,41.6,0.0,N@7.4,99999.0,32.0,0.0,0,"Eby, Benton County",100134,Eby,2017-12-09 16:59:57.737488
1990-09-20,09:30,67.1,,43.2,41.8,0.0,N@7.8,99999.0,32.0,0.0,0,"Eby, Benton County",100134,Eby,2017-12-09 16:59:57.737488
1990-09-20,09:45,67.1,,43.1,41.7,0.0,N@7.4,99999.0,32.0,0.0,0,"Eby, Benton County",100134,Eby,2017-12-09 16:59:57.737488
1990-09-20,10:00,67.6,,43.3,41.3,0.0,N@6.5,99999.0,32.0,0.0,0,"Eby, Benton County",100134,Eby,2017-12-09 16:59:57.737488
1990-09-20,10:15,67.9,,43.3,41.0,0.0,N@6.5,99999.0,32.0,0.0,0,"Eby, Benton County",100134,Eby,2017-12-09 16:59:57.737488
1990-09-20,10:30,68.2,,43.3,40.5,0.0,N@6.7,99999.0,32.0,0.0,0,"Eby, Benton County",100134,Eby,2017-12-09 16:59:57.737488
1990-09-20,10:45,68.6,,43.4,40.1,0.0,N@6.4,99999.0,32.0,0.0,0,"Eby, Benton County",100134,Eby,2017-12-09 16:59:57.737488
1990-09-20,11:00,69.0,,43.8,40.1,0.0,N@5.3,99999.0,32.0,0.0,0,"Eby, Benton County",100134,Eby,2017-12-09 16:59:57.737488
1990-09-20,11:15,69.2,,43.9,40.2,0.0,N@5.0,99999.0,32.0,0.0,0,"Eby, Benton County",100134,Eby,2017-12-09 16:59:57.737488
1990-09-20,11:30,69.8,,44.4,40.0,0.0,N@5.3,99999.0,32.0,0.0,0,"Eby, Benton County",100134,Eby,2017-12-09 16:59:57.737488
1990-09-20,11:45,70.4,,44.8,39.7,0.0,N@3.9,99999.0,32.0,0.0,0,"Eby, Benton County",100134,Eby,2017-12-09 16:59:57.737488
1990-09-20,12:00,70.6,,44.5,38.9,0.0,N@4.4,99999.0,32.0,0.0,0,"Eby, Benton County",100134,Eby,2017-12-09 16:59:57.737488
1990-09-20,12:15,71.9,,45.4,38.7,0.0,N@3.8,99999.0,32.0,0.0,0,"Eby, Benton County",100134,Eby,2017-12-09 16:59:57.737488
1990-09-20,12:30,71.2,,44.8,38.7,0.0,NW@5.9,99999.0,32.0,0.0,0,"Eby, Benton County",100134,Eby,2017-12-09 16:59:57.737488
1990-09-20,12:45,72.4,,45.1,37.6,0.0,NW@8.0,99999.0,32.0,0.0,0,"Eby, Benton County",100134,Eby,2017-12-09 16:59:57.737488
1990-09-20,13:00,72.9,,45.0,36.7,0.0,N@6.9,99999.0,32.0,0.0,0,"Eby, Benton County",100134,Eby,2017-12-09 16:59:57.737488
1990-09-20,13:15,73.1,,45.4,37.1,0.0,N@4.4,99999.0,32.0,0.0,0,"Eby, Benton County",100134,Eby,2017-12-09 16:59:57.737488
1990-09-20,13:30,73.3,,45.6,37.2,0.0,N@7.5,99999.0,32.0,0.0,0,"Eby, Benton County",100134,Eby,2017-12-09 16:59:57.737488
1990-09-20,13:45,73.5,,45.8,37.3,0.0,N@6.0,99999.0,32.0,0.0,0,"Eby, Benton County",100134,Eby,2017-12-09 16:59:57.737488
1990-09-20,14:00,73.7,,46.1,37.3,0.0,N@6.1,99999.0,32.0,0.0,0,"Eby, Benton County",100134,Eby,2017-12-09 16:59:57.737488
1990-09-20,14:15,74.2,,46.3,37.0,0.0,N@5.7,99999.0,32.0,0.0,0,"Eby, Benton County",100134,Eby,2017-12-09 16:59:57.737488
1990-09-20,14:30,73.6,,45.9,37.2,0.0,N@6.2,99999.0,32.0,0.0,0,"Eby, Benton County",100134,Eby,2017-12-09 16:59:57.737488
1990-09-20,14:45,73.9,,46.2,37.2,0.0,N@6.0,99999.0,32.0,0.0,0,"Eby, Benton County",100134,Eby,2017-12-09 16:59:57.737488
1990-09-20,15:00,74.2,,46.1,36.7,0.0,NW@6.6,99999.0,32.0,0.0,0,"Eby, Benton County",100134,Eby,2017-12-09 16:59:57.737488
1990-09-20,15:15,74.2,,46.4,37.1,0.0,N@4.8,99999.0,32.0,0.0,0,"Eby, Benton County",100134,Eby,2017-12-09 16:59:57.737488
1990-09-20,15:30,74.1,,46.1,36.9,0.0,N@4.0,99999.0,32.0,0.0,0,"Eby, Benton County",100134,Eby,2017-12-09 16:59:57.737488
1990-09-20,15:45,74.2,,46.3,36.9,0.0,N@3.6,99999.0,32.0,0.0,0,"Eby, Benton County",100134,Eby,2017-12-09 16:59:57.737488
1990-09-20,16:00,74.3,,46.2,36.7,0.0,N@4.0,99999.0,32.0,0.0,0,"Eby, Benton County",100134,Eby,2017-12-09 16:59:57.737488
1990-09-20,16:15,73.7,,46.1,37.3,0.0,N@3.5,99999.0,32.0,0.0,0,"Eby, Benton County",100134,Eby,2017-12-09 16:59:57.737488
1990-09-20,16:30,73.7,,46.1,37.3,0.0,N@2.9,99999.0,32.0,0.0,0,"Eby, Benton County",100134,Eby,2017-12-09 16:59:57.737488
1990-09-20,16:45,73.3,,45.8,37.5,0.0,N@3.1,99999.0,32.0,0.0,0,"Eby, Benton County",100134,Eby,2017-12-09 16:59:57.737488
1990-09-20,17:00,72.9,,45.4,37.5,0.0,N@3.4,99999.0,32.0,0.0,0,"Eby, Benton County",100134,Eby,2017-12-09 16:59:57.737488
1990-09-20,17:15,71.6,,44.6,37.9,0.0,N@3.8,99999.0,32.0,0.0,0,"Eby, Benton County",100134,Eby,2017-12-09 16:59:57.737488
1990-09-20,17:30,69.6,,43.6,39.1,0.0,NE@3.3,99999.0,32.0,0.0,0,"Eby, Benton County",100134,Eby,2017-12-09 16:59:57.737488
1990-09-20,17:45,67.3,,42.7,40.8,0.0,NE@1.9,99999.0,32.0,0.0,0,"Eby, Benton County",100134,Eby,2017-12-09 16:59:57.737488
1990-09-20,18:00,67.0,,43.0,41.7,0.0,NE@0.9,99999.0,32.0,0.0,0,"Eby, Benton County",100134,Eby,2017-12-09 16:59:57.737488
1990-09-20,18:15,66.6,,42.9,42.2,0.0,NE@2.0,99999.0,32.0,0.0,0,"Eby, Benton County",100134,Eby,2017-12-09 16:59:57.737488
1990-09-20,18:30,65.3,,42.1,42.6,0.0,N@2.3,99999.0,32.0,0.0,0,"Eby, Benton County",100134,Eby,2017-12-09 16:59:57.737488
1990-09-20,18:45,65.9,,42.5,42.4,0.0,NW@1.0,99999.0,32.0,0.0,0,"Eby, Benton County",100134,Eby,2017-12-09 16:59:57.737488
1990-09-20,19:00,66.6,,43.1,42.4,0.0,NW@0.9,99999.0,32.0,0.0,0,"Eby, Benton County",100134,Eby,2017-12-09 16:59:57.737488
1990-09-20,19:15,65.1,,41.9,42.7,0.0,W@2.3,99999.0,32.0,0.0,0,"Eby, Benton County",100134,Eby,2017-12-09 16:59:57.737488
1990-09-20,19:30,63.6,,40.9,43.4,0.0,NW@2.3,99999.0,32.0,0.0,0,"Eby, Benton County",100134,Eby,2017-12-09 16:59:57.737488
1990-09-20,19:45,63.2,,40.8,43.6,0.0,NW@2.8,99999.0,32.0,0.0,0,"Eby, Benton County",100134,Eby,2017-12-09 16:59:57.737488
1990-09-20,20:00,61.7,,39.8,44.4,0.0,NW@3.8,99999.0,32.0,0.0,0,"Eby, Benton County",100134,Eby,2017-12-09 16:59:57.737488
1990-09-20,20:15,61.0,,39.4,44.8,0.0,NW@3.8,99999.0,32.0,0.0,0,"Eby, Benton County",100134,Eby,2017-12-09 16:59:57.737488
1990-09-20,20:30,61.9,,40.0,44.4,0.0,NW@3.6,99999.0,32.0,0.0,0,"Eby, Benton County",100134,Eby,2017-12-09 16:59:57.737488
1990-09-20,20:45,61.0,,39.2,44.3,0.0,NW@3.6,99999.0,32.0,0.0,0,"Eby, Benton County",100134,Eby,2017-12-09 16:59:57.737488
1990-09-20,21:00,59.8,,38.5,45.1,0.0,NW@3.7,99999.0,32.0,0.0,0,"Eby, Benton County",100134,Eby,2017-12-09 16:59:57.737488
1990-09-20,21:15,60.5,,39.0,44.9,0.0,NW@3.5,99999.0,32.0,0.0,0,"Eby, Benton County",100134,Eby,2017-12-09 16:59:57.737488
1990-09-20,21:30,59.4,,38.6,45.9,0.0,NW@3.5,99999.0,32.0,0.0,0,"Eby, Benton County",100134,Eby,2017-12-09 16:59:57.737488
1990-09-20,21:45,60.3,,39.2,45.5,0.0,NW@3.4,99999.0,32.0,0.0,0,"Eby, Benton County",100134,Eby,2017-12-09 16:59:57.737488
1990-09-20,22:00,61.9,,40.0,44.4,0.0,NW@3.1,99999.0,32.0,0.0,0,"Eby, Benton County",100134,Eby,2017-12-09 16:59:57.737488
1990-09-20,22:15,60.5,,39.0,44.9,0.0,NW@3.9,99999.0,32.0,0.0,0,"Eby, Benton County",100134,Eby,2017-12-09 16:59:57.737488
1990-09-20,22:30,60.5,,39.4,45.5,0.0,NW@3.7,99999.0,32.0,0.0,0,"Eby, Benton County",100134,Eby,2017-12-09 16:59:57.737488
1990-09-20,22:45,59.0,,38.5,46.4,0.0,W@3.4,99999.0,32.0,0.0,0,"Eby, Benton County",100134,Eby,2017-12-09 16:59:57.737488
1990-09-20,23:00,57.5,,37.8,47.6,0.0,NW@3.4,99999.0,32.0,0.0,0,"Eby, Benton County",100134,Eby,2017-12-09 16:59:57.737488
1990-09-21,23:15,57.2,,37.8,48.3,0.0,NW@3.9,99999.0,32.0,0.0,0,"Eby, Benton County",100134,Eby,2017-12-09 16:59:57.737488
1990-09-21,23:30,56.6,,37.6,48.8,0.0,W@2.6,99999.0,32.0,0.0,0,"Eby, Benton County",100134,Eby,2017-12-09 16:59:57.737488
1990-09-21,23:45,57.6,,38.5,48.8,0.0,NW@5.3,99999.0,32.0,0.0,0,"Eby, Benton County",100134,Eby,2017-12-09 16:59:57.737488
1990-09-21,24:00,64.1,,47.2,54.1,0.0,N@5.0,99999.0,32.0,0.0,0,"Eby, Benton County",100134,Eby,2017-12-09 16:59:57.737488
