Date,Time PST,Air Temp °F, 2<sup>nd</sup> Air Temp °F, Dew Point °F, Rel Hum %, Leaf Wet u., Wind Dir @ Speed mph, Wind Gust mph, 8 in. Soil Tmp °F, Tot Prec in, Solar Rad W/m²,Location,Station ID,Station Name,Download Timestamp
2016-04-27,00:15,46.7,46.7,44.4,91.8,0.21,E@1.5,4.6,53.0,0.0,0,"Montesano, Grays Harbor County",310022,Montesano,2017-12-12 03:47:40.633950
2016-04-27,00:30,46.6,46.7,44.5,92.1,0.28,SE@1.1,3.9,53.0,0.0,0,"Montesano, Grays Harbor County",310022,Montesano,2017-12-12 03:47:40.633950
2016-04-27,00:45,46.6,46.6,44.5,92.4,0.33,S@0.9,2.4,53.0,0.0,0,"Montesano, Grays Harbor County",310022,Montesano,2017-12-12 03:47:40.633950
2016-04-27,01:00,46.7,46.7,45.0,93.5,0.36,SW@2.2,4.6,53.0,0.0,0,"Montesano, Grays Harbor County",310022,Montesano,2017-12-12 03:47:40.633950
2016-04-27,01:15,46.2,46.1,45.0,95.7,0.4,W@2.0,3.1,53.0,0.0,0,"Montesano, Grays Harbor County",310022,Montesano,2017-12-12 03:47:40.633950
2016-04-27,01:30,45.6,45.5,44.8,96.9,0.42,NW@1.8,2.8,53.0,0.0,0,"Montesano, Grays Harbor County",310022,Montesano,2017-12-12 03:47:40.633950
2016-04-27,01:45,45.5,45.5,44.8,97.5,0.44,NW@0.5,2.4,53.0,0.0,0,"Montesano, Grays Harbor County",310022,Montesano,2017-12-12 03:47:40.633950
2016-04-27,02:00,45.6,45.6,45.0,97.8,0.46,N@0.0,0.0,53.0,0.0,0,"Montesano, Grays Harbor County",310022,Montesano,2017-12-12 03:47:40.633950
2016-04-27,02:15,45.8,45.7,45.2,98.0,0.48,SE@0.5,2.4,53.0,0.0,0,"Montesano, Grays Harbor County",310022,Montesano,2017-12-12 03:47:40.633950
2016-04-27,02:30,45.8,45.8,45.3,98.0,0.49,N@0.0,0.0,53.0,0.0,0,"Montesano, Grays Harbor County",310022,Montesano,2017-12-12 03:47:40.633950
2016-04-27,02:45,45.7,45.6,45.2,98.1,0.49,N@0.0,0.0,53.0,0.0,0,"Montesano, Grays Harbor County",310022,Montesano,2017-12-12 03:47:40.633950
2016-04-27,03:00,45.8,45.7,45.3,98.2,0.5,N@0.0,0.0,53.0,0.0,0,"Montesano, Grays Harbor County",310022,Montesano,2017-12-12 03:47:40.633950
2016-04-27,03:15,45.7,45.6,45.2,98.2,0.51,N@0.0,0.0,53.0,0.0,0,"Montesano, Grays Harbor County",310022,Montesano,2017-12-12 03:47:40.633950
2016-04-27,03:30,45.6,45.6,45.2,98.3,0.51,N@0.0,1.4,53.0,0.0,0,"Montesano, Grays Harbor County",310022,Montesano,2017-12-12 03:47:40.633950
2016-04-27,03:45,45.6,45.6,45.2,98.5,0.51,NE@1.1,2.4,53.0,0.0,0,"Montesano, Grays Harbor County",310022,Montesano,2017-12-12 03:47:40.633950
2016-04-27,04:00,45.5,45.5,45.2,98.8,0.52,E@1.7,2.8,53.0,0.0,0,"Montesano, Grays Harbor County",310022,Montesano,2017-12-12 03:47:40.633950
2016-04-27,04:15,45.5,45.5,45.3,99.0,0.53,E@0.4,2.4,52.9,0.0,0,"Montesano, Grays Harbor County",310022,Montesano,2017-12-12 03:47:40.633950
2016-04-27,04:30,45.5,45.5,45.2,99.1,0.53,N@0.0,0.0,52.9,0.0,0,"Montesano, Grays Harbor County",310022,Montesano,2017-12-12 03:47:40.633950
2016-04-27,04:45,45.3,45.3,45.1,99.2,0.53,NW@0.0,1.4,52.9,0.0,0,"Montesano, Grays Harbor County",310022,Montesano,2017-12-12 03:47:40.633950
2016-04-27,05:00,45.2,45.3,45.1,99.3,0.54,N@0.1,1.4,52.9,0.0,2,"Montesano, Grays Harbor County",310022,Montesano,2017-12-12 03:47:40.633950
2016-04-27,05:15,45.2,45.2,45.0,99.3,0.54,N@0.0,1.4,52.9,0.0,3,"Montesano, Grays Harbor County",310022,Montesano,2017-12-12 03:47:40.633950
2016-04-27,05:30,45.2,45.1,45.0,99.3,0.54,N@0.0,1.4,52.9,0.0,10,"Montesano, Grays Harbor County",310022,Montesano,2017-12-12 03:47:40.633950
2016-04-27,05:45,45.3,45.3,45.1,99.3,0.55,N@0.0,0.0,52.9,0.0,23,"Montesano, Grays Harbor County",310022,Montesano,2017-12-12 03:47:40.633950
2016-04-27,06:00,45.4,45.4,45.2,99.3,0.56,N@0.0,0.0,52.9,0.0,27,"Montesano, Grays Harbor County",310022,Montesano,2017-12-12 03:47:40.633950
2016-04-27,06:15,45.7,45.6,45.5,99.3,0.57,N@0.0,0.0,52.9,0.0,31,"Montesano, Grays Harbor County",310022,Montesano,2017-12-12 03:47:40.633950
2016-04-27,06:30,45.8,45.8,45.6,99.3,0.57,NW@0.0,1.4,52.9,0.0,43,"Montesano, Grays Harbor County",310022,Montesano,2017-12-12 03:47:40.633950
2016-04-27,06:45,46.0,46.0,45.8,99.3,0.55,NW@0.2,1.7,52.9,0.0,71,"Montesano, Grays Harbor County",310022,Montesano,2017-12-12 03:47:40.633950
2016-04-27,07:00,46.4,46.4,46.2,99.2,0.53,SW@0.0,1.4,52.8,0.0,96,"Montesano, Grays Harbor County",310022,Montesano,2017-12-12 03:47:40.633950
2016-04-27,07:15,46.6,46.6,46.3,98.8,0.5,SW@0.1,1.7,52.8,0.0,135,"Montesano, Grays Harbor County",310022,Montesano,2017-12-12 03:47:40.633950
2016-04-27,07:30,46.8,47.0,46.3,98.2,0.45,W@0.9,2.8,52.8,0.0,147,"Montesano, Grays Harbor County",310022,Montesano,2017-12-12 03:47:40.633950
2016-04-27,07:45,47.4,47.5,46.7,97.3,0.37,NW@0.9,3.1,52.8,0.0,166,"Montesano, Grays Harbor County",310022,Montesano,2017-12-12 03:47:40.633950
2016-04-27,08:00,47.8,47.9,46.6,95.7,0.31,W@1.9,4.2,52.8,0.0,235,"Montesano, Grays Harbor County",310022,Montesano,2017-12-12 03:47:40.633950
2016-04-27,08:15,48.5,48.6,46.6,93.0,0.26,SW@1.6,3.1,52.8,0.0,291,"Montesano, Grays Harbor County",310022,Montesano,2017-12-12 03:47:40.633950
2016-04-27,08:30,49.5,49.4,46.6,89.7,0.21,W@1.6,3.5,52.8,0.0,354,"Montesano, Grays Harbor County",310022,Montesano,2017-12-12 03:47:40.633950
2016-04-27,08:45,50.2,50.2,45.9,84.9,0.17,W@1.3,4.2,52.8,0.0,353,"Montesano, Grays Harbor County",310022,Montesano,2017-12-12 03:47:40.633950
2016-04-27,09:00,51.7,51.6,46.0,80.7,0.15,SW@2.3,4.2,52.8,0.0,643,"Montesano, Grays Harbor County",310022,Montesano,2017-12-12 03:47:40.633950
2016-04-27,09:15,53.5,53.4,46.0,75.7,0.13,E@2.0,3.9,52.8,0.0,686,"Montesano, Grays Harbor County",310022,Montesano,2017-12-12 03:47:40.633950
2016-04-27,09:30,55.0,54.7,47.0,74.4,0.12,SW@2.0,5.3,52.8,0.0,701,"Montesano, Grays Harbor County",310022,Montesano,2017-12-12 03:47:40.633950
2016-04-27,09:45,54.6,54.2,46.6,74.2,0.11,W@3.1,6.0,52.8,0.0,681,"Montesano, Grays Harbor County",310022,Montesano,2017-12-12 03:47:40.633950
2016-04-27,10:00,55.7,55.4,45.8,69.4,0.1,SW@3.3,5.7,52.7,0.0,774,"Montesano, Grays Harbor County",310022,Montesano,2017-12-12 03:47:40.633950
2016-04-27,10:15,56.6,56.4,44.6,64.0,0.09,W@4.2,7.1,52.7,0.0,809,"Montesano, Grays Harbor County",310022,Montesano,2017-12-12 03:47:40.633950
2016-04-27,10:30,57.2,56.9,43.0,58.9,0.08,SE@4.9,8.5,52.7,0.0,697,"Montesano, Grays Harbor County",310022,Montesano,2017-12-12 03:47:40.633950
2016-04-27,10:45,57.2,57.1,43.3,59.5,0.06,NE@3.4,7.1,52.7,0.0,564,"Montesano, Grays Harbor County",310022,Montesano,2017-12-12 03:47:40.633950
2016-04-27,11:00,57.6,57.4,42.6,57.3,0.05,N@2.8,5.7,52.7,0.0,529,"Montesano, Grays Harbor County",310022,Montesano,2017-12-12 03:47:40.633950
2016-04-27,11:15,57.3,57.2,42.5,57.6,0.04,E@4.6,7.8,52.7,0.0,405,"Montesano, Grays Harbor County",310022,Montesano,2017-12-12 03:47:40.633950
2016-04-27,11:30,57.4,57.3,42.2,56.7,0.03,E@3.3,6.7,52.7,0.0,421,"Montesano, Grays Harbor County",310022,Montesano,2017-12-12 03:47:40.633950
2016-04-27,11:45,57.9,57.8,42.2,55.6,0.02,NE@3.7,9.2,52.7,0.0,482,"Montesano, Grays Harbor County",310022,Montesano,2017-12-12 03:47:40.633950
2016-04-27,12:00,58.7,58.5,41.7,53.1,0.01,E@3.6,7.4,52.7,0.0,713,"Montesano, Grays Harbor County",310022,Montesano,2017-12-12 03:47:40.633950
2016-04-27,12:15,59.8,59.7,41.5,50.7,0.01,N@2.8,5.3,52.7,0.0,709,"Montesano, Grays Harbor County",310022,Montesano,2017-12-12 03:47:40.633950
2016-04-27,12:30,60.0,59.7,42.1,51.6,0.01,NW@4.0,6.0,52.8,0.0,690,"Montesano, Grays Harbor County",310022,Montesano,2017-12-12 03:47:40.633950
2016-04-27,12:45,60.1,59.7,41.5,50.3,0.0,NW@3.1,6.0,52.8,0.0,619,"Montesano, Grays Harbor County",310022,Montesano,2017-12-12 03:47:40.633950
2016-04-27,13:00,59.7,59.5,40.9,49.7,0.0,NW@2.6,6.0,52.8,0.0,624,"Montesano, Grays Harbor County",310022,Montesano,2017-12-12 03:47:40.633950
2016-04-27,13:15,61.1,60.9,41.9,49.2,0.0,S@2.2,4.9,52.8,0.0,583,"Montesano, Grays Harbor County",310022,Montesano,2017-12-12 03:47:40.633950
2016-04-27,13:30,61.1,60.8,41.8,48.9,0.0,NE@3.7,8.2,52.8,0.0,823,"Montesano, Grays Harbor County",310022,Montesano,2017-12-12 03:47:40.633950
2016-04-27,13:45,61.6,61.4,42.3,49.0,0.0,W@3.0,5.7,52.8,0.0,611,"Montesano, Grays Harbor County",310022,Montesano,2017-12-12 03:47:40.633950
2016-04-27,14:00,60.8,60.6,41.9,49.7,0.0,W@2.2,6.0,52.9,0.0,340,"Montesano, Grays Harbor County",310022,Montesano,2017-12-12 03:47:40.633950
2016-04-27,14:15,59.8,59.7,43.0,53.6,0.0,NW@3.5,6.0,52.9,0.0,187,"Montesano, Grays Harbor County",310022,Montesano,2017-12-12 03:47:40.633950
2016-04-27,14:30,58.7,58.7,44.4,58.8,0.01,SW@3.7,7.4,52.9,0.0,106,"Montesano, Grays Harbor County",310022,Montesano,2017-12-12 03:47:40.633950
2016-04-27,14:45,58.0,58.0,46.1,64.2,0.0,W@6.8,9.9,52.9,0.0,135,"Montesano, Grays Harbor County",310022,Montesano,2017-12-12 03:47:40.633950
2016-04-27,15:00,58.4,58.4,46.3,63.9,0.0,W@10.2,15.0,53.0,0.0,248,"Montesano, Grays Harbor County",310022,Montesano,2017-12-12 03:47:40.633950
2016-04-27,15:15,59.3,59.1,46.5,62.6,0.0,SW@9.6,13.5,53.0,0.0,452,"Montesano, Grays Harbor County",310022,Montesano,2017-12-12 03:47:40.633950
2016-04-27,15:30,60.6,60.3,46.5,59.7,0.0,W@9.2,13.9,53.1,0.0,615,"Montesano, Grays Harbor County",310022,Montesano,2017-12-12 03:47:40.633950
2016-04-27,15:45,58.3,58.1,46.4,64.5,0.0,NW@10.0,14.2,53.1,0.0,359,"Montesano, Grays Harbor County",310022,Montesano,2017-12-12 03:47:40.633950
2016-04-27,16:00,59.3,58.9,47.5,64.8,0.0,NW@8.4,11.7,53.1,0.0,660,"Montesano, Grays Harbor County",310022,Montesano,2017-12-12 03:47:40.633950
2016-04-27,16:15,57.7,57.6,46.6,66.3,0.0,W@6.7,9.6,53.2,0.0,294,"Montesano, Grays Harbor County",310022,Montesano,2017-12-12 03:47:40.633950
2016-04-27,16:30,58.0,57.9,46.5,65.4,0.0,W@5.9,8.2,53.2,0.0,437,"Montesano, Grays Harbor County",310022,Montesano,2017-12-12 03:47:40.633950
2016-04-27,16:45,58.1,58.0,46.1,64.1,0.0,SW@6.3,8.5,53.3,0.0,292,"Montesano, Grays Harbor County",310022,Montesano,2017-12-12 03:47:40.633950
2016-04-27,17:00,57.3,57.3,45.5,64.6,0.0,W@5.7,8.2,53.3,0.0,158,"Montesano, Grays Harbor County",310022,Montesano,2017-12-12 03:47:40.633950
2016-04-27,17:15,56.9,56.8,45.9,66.6,0.0,W@3.7,5.7,53.4,0.0,127,"Montesano, Grays Harbor County",310022,Montesano,2017-12-12 03:47:40.633950
2016-04-27,17:30,56.9,56.9,45.7,66.0,0.0,W@6.0,9.6,53.4,0.0,87,"Montesano, Grays Harbor County",310022,Montesano,2017-12-12 03:47:40.633950
2016-04-27,17:45,56.8,56.9,45.8,66.5,0.0,W@6.7,9.6,53.5,0.0,73,"Montesano, Grays Harbor County",310022,Montesano,2017-12-12 03:47:40.633950
2016-04-27,18:00,56.7,56.7,45.4,65.9,0.0,SW@6.5,8.5,53.6,0.0,65,"Montesano, Grays Harbor County",310022,Montesano,2017-12-12 03:47:40.633950
2016-04-27,18:15,56.8,56.8,45.6,66.0,0.0,SW@4.9,7.8,53.6,0.0,79,"Montesano, Grays Harbor County",310022,Montesano,2017-12-12 03:47:40.633950
2016-04-27,18:30,57.4,57.4,45.7,64.7,0.0,W@6.5,9.2,53.6,0.0,123,"Montesano, Grays Harbor County",310022,Montesano,2017-12-12 03:47:40.633950
2016-04-27,18:45,56.7,56.6,44.7,64.0,0.0,W@7.5,9.9,53.7,0.0,95,"Montesano, Grays Harbor County",310022,Montesano,2017-12-12 03:47:40.633950
2016-04-27,19:00,55.7,55.6,44.3,65.5,0.0,SW@7.0,9.9,53.7,0.0,55,"Montesano, Grays Harbor County",310022,Montesano,2017-12-12 03:47:40.633950
2016-04-27,19:15,54.2,54.2,44.2,68.6,0.0,SW@6.2,8.2,53.8,0.0,21,"Montesano, Grays Harbor County",310022,Montesano,2017-12-12 03:47:40.633950
2016-04-27,19:30,52.8,52.8,44.0,71.9,0.0,SW@4.3,7.4,53.8,0.0,5,"Montesano, Grays Harbor County",310022,Montesano,2017-12-12 03:47:40.633950
2016-04-27,19:45,51.5,51.5,43.8,74.8,0.0,SW@3.1,4.6,53.9,0.0,2,"Montesano, Grays Harbor County",310022,Montesano,2017-12-12 03:47:40.633950
2016-04-27,20:00,50.7,50.6,43.7,76.9,0.01,SW@2.0,3.1,53.9,0.0,1,"Montesano, Grays Harbor County",310022,Montesano,2017-12-12 03:47:40.633950
2016-04-27,20:15,50.1,50.2,43.9,79.0,0.01,SW@3.3,4.6,54.0,0.0,0,"Montesano, Grays Harbor County",310022,Montesano,2017-12-12 03:47:40.633950
2016-04-27,20:30,48.5,48.4,43.8,83.5,0.01,SW@2.5,4.2,54.0,0.0,0,"Montesano, Grays Harbor County",310022,Montesano,2017-12-12 03:47:40.633950
2016-04-27,20:45,47.6,47.6,43.8,86.6,0.03,SW@1.8,3.1,54.0,0.0,0,"Montesano, Grays Harbor County",310022,Montesano,2017-12-12 03:47:40.633950
2016-04-27,21:00,46.6,46.5,43.4,88.5,0.12,W@0.1,1.4,54.1,0.0,0,"Montesano, Grays Harbor County",310022,Montesano,2017-12-12 03:47:40.633950
2016-04-27,21:15,45.6,45.5,43.0,90.5,0.21,NW@1.8,3.5,54.1,0.0,0,"Montesano, Grays Harbor County",310022,Montesano,2017-12-12 03:47:40.633950
2016-04-27,21:30,45.8,45.7,43.9,92.9,0.27,NW@0.9,2.8,54.1,0.0,0,"Montesano, Grays Harbor County",310022,Montesano,2017-12-12 03:47:40.633950
2016-04-27,21:45,46.3,46.3,44.5,93.1,0.32,N@1.5,2.8,54.1,0.0,0,"Montesano, Grays Harbor County",310022,Montesano,2017-12-12 03:47:40.633950
2016-04-27,22:00,45.5,45.5,43.9,94.0,0.35,N@2.2,3.1,54.2,0.0,0,"Montesano, Grays Harbor County",310022,Montesano,2017-12-12 03:47:40.633950
2016-04-27,22:15,44.9,44.8,43.7,95.5,0.36,N@0.9,2.1,54.2,0.0,0,"Montesano, Grays Harbor County",310022,Montesano,2017-12-12 03:47:40.633950
2016-04-27,22:30,43.5,43.4,42.5,96.3,0.37,N@0.0,0.0,54.2,0.0,0,"Montesano, Grays Harbor County",310022,Montesano,2017-12-12 03:47:40.633950
2016-04-27,22:45,44.4,44.4,43.8,97.4,0.39,N@0.0,0.0,54.2,0.0,0,"Montesano, Grays Harbor County",310022,Montesano,2017-12-12 03:47:40.633950
2016-04-27,23:00,43.3,43.2,42.6,97.6,0.39,N@0.0,0.0,54.3,0.0,0,"Montesano, Grays Harbor County",310022,Montesano,2017-12-12 03:47:40.633950
2016-04-28,23:15,42.8,42.8,42.4,98.1,0.4,N@0.0,0.0,54.3,0.0,0,"Montesano, Grays Harbor County",310022,Montesano,2017-12-12 03:47:40.633950
2016-04-28,23:30,42.8,42.8,42.4,98.4,0.41,N@0.0,0.0,54.3,0.0,0,"Montesano, Grays Harbor County",310022,Montesano,2017-12-12 03:47:40.633950
2016-04-28,23:45,42.6,42.6,42.3,98.8,0.42,N@0.0,0.0,54.3,0.0,0,"Montesano, Grays Harbor County",310022,Montesano,2017-12-12 03:47:40.633950
2016-04-28,24:00,42.5,42.4,42.2,99.0,0.43,N@0.0,0.0,54.3,0.0,0,"Montesano, Grays Harbor County",310022,Montesano,2017-12-12 03:47:40.633950
2016-04-28,00:15,42.5,42.6,42.3,99.3,0.44,NE@2.1,3.5,54.3,0.0,0,"Montesano, Grays Harbor County",310022,Montesano,2017-12-12 03:47:40.633950
2016-04-28,00:30,42.2,42.3,42.0,99.3,0.45,NE@2.9,4.2,54.3,0.0,0,"Montesano, Grays Harbor County",310022,Montesano,2017-12-12 03:47:40.633950
2016-04-28,00:45,42.0,42.0,41.8,99.3,0.46,NE@1.7,2.8,54.3,0.0,0,"Montesano, Grays Harbor County",310022,Montesano,2017-12-12 03:47:40.633950
2016-04-28,01:00,39.9,39.9,39.7,99.3,0.45,NW@0.3,3.1,54.3,0.0,0,"Montesano, Grays Harbor County",310022,Montesano,2017-12-12 03:47:40.633950
2016-04-28,01:15,39.0,39.1,38.8,99.3,0.45,N@0.0,0.0,54.2,0.0,0,"Montesano, Grays Harbor County",310022,Montesano,2017-12-12 03:47:40.633950
2016-04-28,01:30,38.9,38.9,38.7,99.3,0.45,N@0.0,0.0,54.2,0.0,0,"Montesano, Grays Harbor County",310022,Montesano,2017-12-12 03:47:40.633950
2016-04-28,01:45,38.7,38.7,38.5,99.3,0.46,N@0.5,2.4,54.2,0.0,0,"Montesano, Grays Harbor County",310022,Montesano,2017-12-12 03:47:40.633950
2016-04-28,02:00,37.2,37.3,37.1,99.3,0.46,N@0.0,0.0,54.2,0.0,0,"Montesano, Grays Harbor County",310022,Montesano,2017-12-12 03:47:40.633950
2016-04-28,02:15,37.9,38.0,37.8,99.3,0.47,N@0.0,0.0,54.2,0.0,0,"Montesano, Grays Harbor County",310022,Montesano,2017-12-12 03:47:40.633950
2016-04-28,02:30,38.3,38.3,38.1,99.3,0.47,N@0.0,0.0,54.2,0.0,0,"Montesano, Grays Harbor County",310022,Montesano,2017-12-12 03:47:40.633950
2016-04-28,02:45,39.0,39.0,38.8,99.3,0.48,N@0.0,0.0,54.2,0.0,0,"Montesano, Grays Harbor County",310022,Montesano,2017-12-12 03:47:40.633950
2016-04-28,03:00,39.0,39.0,38.9,99.3,0.48,N@0.0,0.0,54.1,0.0,0,"Montesano, Grays Harbor County",310022,Montesano,2017-12-12 03:47:40.633950
2016-04-28,03:15,38.9,38.9,38.7,99.3,0.49,NE@0.1,1.4,54.1,0.0,0,"Montesano, Grays Harbor County",310022,Montesano,2017-12-12 03:47:40.633950
2016-04-28,03:30,38.7,38.7,38.5,99.3,0.49,NE@0.1,1.7,54.1,0.0,0,"Montesano, Grays Harbor County",310022,Montesano,2017-12-12 03:47:40.633950
2016-04-28,03:45,38.5,38.5,38.3,99.3,0.5,N@0.0,0.0,54.0,0.0,0,"Montesano, Grays Harbor County",310022,Montesano,2017-12-12 03:47:40.633950
2016-04-28,04:00,38.7,38.7,38.5,99.3,0.5,SW@0.1,2.1,54.0,0.0,0,"Montesano, Grays Harbor County",310022,Montesano,2017-12-12 03:47:40.633950
2016-04-28,04:15,39.2,39.3,39.0,99.3,0.51,SW@0.3,1.7,54.0,0.0,0,"Montesano, Grays Harbor County",310022,Montesano,2017-12-12 03:47:40.633950
2016-04-28,04:30,39.2,39.2,39.0,99.3,0.52,N@0.0,0.0,54.0,0.0,0,"Montesano, Grays Harbor County",310022,Montesano,2017-12-12 03:47:40.633950
2016-04-28,04:45,39.6,39.6,39.4,99.3,0.53,NE@0.0,1.4,53.9,0.0,1,"Montesano, Grays Harbor County",310022,Montesano,2017-12-12 03:47:40.633950
2016-04-28,05:00,40.0,40.1,39.8,99.3,0.54,N@0.0,0.0,53.9,0.0,2,"Montesano, Grays Harbor County",310022,Montesano,2017-12-12 03:47:40.633950
2016-04-28,05:15,40.2,40.2,40.0,99.3,0.54,N@0.0,0.0,53.9,0.0,9,"Montesano, Grays Harbor County",310022,Montesano,2017-12-12 03:47:40.633950
2016-04-28,05:30,40.1,40.2,39.9,99.3,0.55,NE@2.3,3.9,53.8,0.0,16,"Montesano, Grays Harbor County",310022,Montesano,2017-12-12 03:47:40.633950
2016-04-28,05:45,40.0,40.0,39.8,99.3,0.55,E@0.3,2.4,53.8,0.0,32,"Montesano, Grays Harbor County",310022,Montesano,2017-12-12 03:47:40.633950
2016-04-28,06:00,40.1,40.1,39.9,99.3,0.56,N@0.6,2.8,53.8,0.0,49,"Montesano, Grays Harbor County",310022,Montesano,2017-12-12 03:47:40.633950
2016-04-28,06:15,40.5,40.5,40.3,99.3,0.57,NE@0.5,2.8,53.7,0.0,63,"Montesano, Grays Harbor County",310022,Montesano,2017-12-12 03:47:40.633950
2016-04-28,06:30,41.0,41.1,40.8,99.3,0.58,NE@0.0,1.4,53.7,0.0,89,"Montesano, Grays Harbor County",310022,Montesano,2017-12-12 03:47:40.633950
2016-04-28,06:45,41.4,41.4,41.2,99.3,0.58,NE@0.0,1.4,53.7,0.0,118,"Montesano, Grays Harbor County",310022,Montesano,2017-12-12 03:47:40.633950
2016-04-28,07:00,42.1,42.1,41.9,99.3,0.59,SW@0.2,1.7,53.6,0.0,177,"Montesano, Grays Harbor County",310022,Montesano,2017-12-12 03:47:40.633950
2016-04-28,07:15,42.4,42.3,42.3,99.3,0.58,SW@1.1,3.1,53.6,0.0,221,"Montesano, Grays Harbor County",310022,Montesano,2017-12-12 03:47:40.633950
2016-04-28,07:30,43.5,43.3,43.3,99.3,0.51,SW@1.1,3.5,53.6,0.0,325,"Montesano, Grays Harbor County",310022,Montesano,2017-12-12 03:47:40.633950
2016-04-28,07:45,45.3,45.1,45.1,99.3,0.46,S@0.2,1.7,53.5,0.0,356,"Montesano, Grays Harbor County",310022,Montesano,2017-12-12 03:47:40.633950
2016-04-28,08:00,47.3,47.2,47.1,99.3,0.38,SW@0.2,2.4,53.5,0.0,434,"Montesano, Grays Harbor County",310022,Montesano,2017-12-12 03:47:40.633950
2016-04-28,08:15,48.5,48.9,48.4,99.3,0.3,SW@2.4,5.7,53.5,0.0,470,"Montesano, Grays Harbor County",310022,Montesano,2017-12-12 03:47:40.633950
2016-04-28,08:30,50.8,51.5,48.8,92.7,0.26,SW@4.2,6.4,53.4,0.0,516,"Montesano, Grays Harbor County",310022,Montesano,2017-12-12 03:47:40.633950
2016-04-28,08:45,53.4,53.2,46.9,78.5,0.23,SW@3.6,6.7,53.4,0.0,567,"Montesano, Grays Harbor County",310022,Montesano,2017-12-12 03:47:40.633950
2016-04-28,09:00,54.6,54.4,46.7,74.4,0.21,SW@3.7,7.4,53.4,0.0,612,"Montesano, Grays Harbor County",310022,Montesano,2017-12-12 03:47:40.633950
2016-04-28,09:15,55.9,55.6,46.8,71.4,0.19,SW@3.0,6.4,53.3,0.0,661,"Montesano, Grays Harbor County",310022,Montesano,2017-12-12 03:47:40.633950
2016-04-28,09:30,56.4,56.1,46.3,68.7,0.18,SW@4.4,10.7,53.3,0.0,708,"Montesano, Grays Harbor County",310022,Montesano,2017-12-12 03:47:40.633950
2016-04-28,09:45,57.1,56.8,46.5,67.5,0.17,SW@5.2,8.9,53.3,0.0,722,"Montesano, Grays Harbor County",310022,Montesano,2017-12-12 03:47:40.633950
2016-04-28,10:00,57.7,57.4,46.3,65.7,0.15,SW@5.8,9.9,53.2,0.0,701,"Montesano, Grays Harbor County",310022,Montesano,2017-12-12 03:47:40.633950
2016-04-28,10:15,58.5,58.1,46.3,63.9,0.14,SW@6.3,10.3,53.2,0.0,778,"Montesano, Grays Harbor County",310022,Montesano,2017-12-12 03:47:40.633950
2016-04-28,10:30,59.1,58.8,46.1,61.9,0.13,SW@5.6,8.9,53.2,0.0,846,"Montesano, Grays Harbor County",310022,Montesano,2017-12-12 03:47:40.633950
2016-04-28,10:45,59.5,59.2,45.8,60.3,0.11,SW@6.8,11.0,53.2,0.0,884,"Montesano, Grays Harbor County",310022,Montesano,2017-12-12 03:47:40.633950
2016-04-28,11:00,60.5,60.2,45.6,57.8,0.1,SW@5.9,9.6,53.2,0.0,892,"Montesano, Grays Harbor County",310022,Montesano,2017-12-12 03:47:40.633950
2016-04-28,11:15,60.8,60.4,46.2,58.5,0.08,SW@8.0,12.4,53.1,0.0,835,"Montesano, Grays Harbor County",310022,Montesano,2017-12-12 03:47:40.633950
2016-04-28,11:30,60.8,60.4,45.5,56.9,0.06,W@8.4,12.1,53.1,0.0,999,"Montesano, Grays Harbor County",310022,Montesano,2017-12-12 03:47:40.633950
2016-04-28,11:45,60.8,60.5,45.1,56.2,0.05,W@8.0,9.9,53.1,0.0,656,"Montesano, Grays Harbor County",310022,Montesano,2017-12-12 03:47:40.633950
2016-04-28,12:00,61.0,60.7,44.6,54.7,0.03,W@7.6,11.4,53.1,0.0,688,"Montesano, Grays Harbor County",310022,Montesano,2017-12-12 03:47:40.633950
2016-04-28,12:15,61.4,61.0,45.0,54.8,0.02,W@7.9,12.1,53.1,0.0,801,"Montesano, Grays Harbor County",310022,Montesano,2017-12-12 03:47:40.633950
2016-04-28,12:30,61.4,61.1,45.8,56.5,0.01,W@10.1,14.6,53.1,0.0,617,"Montesano, Grays Harbor County",310022,Montesano,2017-12-12 03:47:40.633950
2016-04-28,12:45,60.5,60.4,45.5,57.6,0.01,W@10.4,13.5,53.1,0.0,354,"Montesano, Grays Harbor County",310022,Montesano,2017-12-12 03:47:40.633950
2016-04-28,13:00,61.0,60.8,46.1,58.0,0.01,W@11.1,15.0,53.1,0.0,578,"Montesano, Grays Harbor County",310022,Montesano,2017-12-12 03:47:40.633950
2016-04-28,13:15,60.7,60.5,46.2,58.8,0.0,W@12.0,16.4,53.1,0.0,478,"Montesano, Grays Harbor County",310022,Montesano,2017-12-12 03:47:40.633950
2016-04-28,13:30,60.4,60.2,46.3,59.6,0.0,W@13.2,17.5,53.1,0.0,408,"Montesano, Grays Harbor County",310022,Montesano,2017-12-12 03:47:40.633950
2016-04-28,13:45,59.9,59.8,46.9,62.1,0.0,W@14.1,18.2,53.1,0.0,404,"Montesano, Grays Harbor County",310022,Montesano,2017-12-12 03:47:40.633950
2016-04-28,14:00,59.2,59.1,46.2,62.0,0.0,W@14.4,19.6,53.1,0.0,404,"Montesano, Grays Harbor County",310022,Montesano,2017-12-12 03:47:40.633950
2016-04-28,14:15,59.3,59.2,46.7,63.0,0.0,W@14.1,18.5,53.1,0.0,416,"Montesano, Grays Harbor County",310022,Montesano,2017-12-12 03:47:40.633950
2016-04-28,14:30,59.3,59.1,46.6,62.5,0.0,W@13.1,18.9,53.2,0.0,511,"Montesano, Grays Harbor County",310022,Montesano,2017-12-12 03:47:40.633950
2016-04-28,14:45,59.6,59.3,46.2,61.0,0.0,W@13.3,18.5,53.2,0.0,688,"Montesano, Grays Harbor County",310022,Montesano,2017-12-12 03:47:40.633950
2016-04-28,15:00,60.4,60.1,46.3,59.6,0.0,SW@12.0,17.5,53.2,0.0,761,"Montesano, Grays Harbor County",310022,Montesano,2017-12-12 03:47:40.633950
2016-04-28,15:15,60.2,59.9,45.4,58.0,0.0,SW@12.7,17.1,53.3,0.0,660,"Montesano, Grays Harbor County",310022,Montesano,2017-12-12 03:47:40.633950
2016-04-28,15:30,60.2,59.9,45.3,57.8,0.0,SW@11.1,15.3,53.3,0.0,588,"Montesano, Grays Harbor County",310022,Montesano,2017-12-12 03:47:40.633950
2016-04-28,15:45,60.5,60.2,45.9,58.5,0.0,SW@11.2,15.3,53.3,0.0,580,"Montesano, Grays Harbor County",310022,Montesano,2017-12-12 03:47:40.633950
2016-04-28,16:00,60.6,60.3,46.0,58.4,0.0,SW@11.6,15.3,53.4,0.0,559,"Montesano, Grays Harbor County",310022,Montesano,2017-12-12 03:47:40.633950
2016-04-28,16:15,60.4,60.1,45.6,58.1,0.0,SW@10.8,13.9,53.4,0.0,514,"Montesano, Grays Harbor County",310022,Montesano,2017-12-12 03:47:40.633950
2016-04-28,16:30,60.1,59.9,45.8,59.1,0.0,SW@11.1,16.0,53.5,0.0,352,"Montesano, Grays Harbor County",310022,Montesano,2017-12-12 03:47:40.633950
2016-04-28,16:45,59.2,59.2,45.5,60.3,0.0,W@10.7,15.7,53.5,0.0,193,"Montesano, Grays Harbor County",310022,Montesano,2017-12-12 03:47:40.633950
2016-04-28,17:00,58.7,58.6,45.0,60.4,0.0,W@12.6,17.1,53.5,0.0,244,"Montesano, Grays Harbor County",310022,Montesano,2017-12-12 03:47:40.633950
2016-04-28,17:15,59.3,59.1,45.5,60.0,0.0,W@13.0,16.7,53.6,0.0,399,"Montesano, Grays Harbor County",310022,Montesano,2017-12-12 03:47:40.633950
2016-04-28,17:30,58.6,58.5,45.6,61.7,0.0,W@12.9,17.5,53.6,0.0,284,"Montesano, Grays Harbor County",310022,Montesano,2017-12-12 03:47:40.633950
2016-04-28,17:45,58.0,57.8,45.2,62.3,0.0,SW@11.5,14.6,53.7,0.0,222,"Montesano, Grays Harbor County",310022,Montesano,2017-12-12 03:47:40.633950
2016-04-28,18:00,57.2,57.2,44.9,63.4,0.0,SW@10.4,13.9,53.7,0.0,155,"Montesano, Grays Harbor County",310022,Montesano,2017-12-12 03:47:40.633950
2016-04-28,18:15,56.4,56.4,45.2,66.1,0.0,SW@9.1,11.7,53.7,0.0,82,"Montesano, Grays Harbor County",310022,Montesano,2017-12-12 03:47:40.633950
2016-04-28,18:30,56.2,56.2,45.2,66.3,0.0,W@9.2,12.8,53.8,0.0,96,"Montesano, Grays Harbor County",310022,Montesano,2017-12-12 03:47:40.633950
2016-04-28,18:45,55.0,55.0,44.1,66.4,0.0,W@8.8,13.9,53.8,0.0,53,"Montesano, Grays Harbor County",310022,Montesano,2017-12-12 03:47:40.633950
2016-04-28,19:00,53.9,54.0,43.9,68.7,0.0,SW@8.8,12.8,53.9,0.0,25,"Montesano, Grays Harbor County",310022,Montesano,2017-12-12 03:47:40.633950
2016-04-28,19:15,52.9,52.9,44.5,73.1,0.0,W@7.3,10.7,53.9,0.0,9,"Montesano, Grays Harbor County",310022,Montesano,2017-12-12 03:47:40.633950
2016-04-28,19:30,51.2,51.2,44.3,77.2,0.0,W@5.7,8.5,53.9,0.0,3,"Montesano, Grays Harbor County",310022,Montesano,2017-12-12 03:47:40.633950
2016-04-28,19:45,50.4,50.5,44.3,79.4,0.0,W@5.7,8.5,54.0,0.0,2,"Montesano, Grays Harbor County",310022,Montesano,2017-12-12 03:47:40.633950
2016-04-28,20:00,49.8,49.9,44.6,82.0,0.0,SW@5.2,7.1,54.0,0.0,1,"Montesano, Grays Harbor County",310022,Montesano,2017-12-12 03:47:40.633950
2016-04-28,20:15,50.0,50.2,44.9,82.4,0.01,SW@5.3,7.8,54.1,0.0,0,"Montesano, Grays Harbor County",310022,Montesano,2017-12-12 03:47:40.633950
2016-04-28,20:30,50.2,50.3,45.6,83.9,0.01,W@4.0,6.0,54.1,0.0,0,"Montesano, Grays Harbor County",310022,Montesano,2017-12-12 03:47:40.633950
2016-04-28,20:45,50.8,50.9,45.7,82.5,0.01,SW@6.2,8.2,54.1,0.0,0,"Montesano, Grays Harbor County",310022,Montesano,2017-12-12 03:47:40.633950
2016-04-28,21:00,50.8,50.9,45.4,81.8,0.01,SW@5.9,8.2,54.2,0.0,0,"Montesano, Grays Harbor County",310022,Montesano,2017-12-12 03:47:40.633950
2016-04-28,21:15,50.6,50.7,45.1,81.4,0.01,SW@6.1,8.2,54.2,0.0,0,"Montesano, Grays Harbor County",310022,Montesano,2017-12-12 03:47:40.633950
2016-04-28,21:30,50.4,50.5,44.7,80.5,0.01,SW@5.6,7.8,54.2,0.0,0,"Montesano, Grays Harbor County",310022,Montesano,2017-12-12 03:47:40.633950
2016-04-28,21:45,50.4,50.5,43.8,78.0,0.01,SW@6.4,9.6,54.2,0.0,0,"Montesano, Grays Harbor County",310022,Montesano,2017-12-12 03:47:40.633950
2016-04-28,22:00,50.3,50.4,43.5,77.5,0.0,SW@6.2,8.2,54.3,0.0,0,"Montesano, Grays Harbor County",310022,Montesano,2017-12-12 03:47:40.633950
2016-04-28,22:15,50.3,50.4,43.8,78.2,0.0,SW@5.7,7.4,54.3,0.0,0,"Montesano, Grays Harbor County",310022,Montesano,2017-12-12 03:47:40.633950
2016-04-28,22:30,50.3,50.5,44.0,78.6,0.0,SW@6.0,8.2,54.3,0.0,0,"Montesano, Grays Harbor County",310022,Montesano,2017-12-12 03:47:40.633950
2016-04-28,22:45,50.4,50.5,44.0,78.6,0.0,SW@6.5,8.5,54.3,0.0,0,"Montesano, Grays Harbor County",310022,Montesano,2017-12-12 03:47:40.633950
2016-04-28,23:00,50.4,50.5,44.2,79.4,0.0,SW@5.8,7.8,54.3,0.0,0,"Montesano, Grays Harbor County",310022,Montesano,2017-12-12 03:47:40.633950
2016-04-29,23:15,50.3,50.4,44.4,80.2,0.0,SW@5.4,7.4,54.3,0.0,0,"Montesano, Grays Harbor County",310022,Montesano,2017-12-12 03:47:40.633950
2016-04-29,23:30,50.3,50.4,44.4,80.2,0.0,SW@5.3,7.4,54.3,0.0,0,"Montesano, Grays Harbor County",310022,Montesano,2017-12-12 03:47:40.633950
2016-04-29,23:45,50.2,50.2,44.6,80.9,0.0,SW@4.7,6.7,54.3,0.0,0,"Montesano, Grays Harbor County",310022,Montesano,2017-12-12 03:47:40.633950
2016-04-29,24:00,50.0,50.1,44.7,81.7,0.01,SW@5.3,8.2,54.3,0.0,0,"Montesano, Grays Harbor County",310022,Montesano,2017-12-12 03:47:40.633950
2016-04-29,00:15,50.1,50.2,44.6,81.4,0.01,W@5.7,9.2,54.3,0.0,0,"Montesano, Grays Harbor County",310022,Montesano,2017-12-12 03:47:40.633950
2016-04-29,00:30,49.9,49.9,44.8,82.6,0.01,SW@4.8,6.7,54.3,0.0,0,"Montesano, Grays Harbor County",310022,Montesano,2017-12-12 03:47:40.633950
2016-04-29,00:45,49.8,50.0,44.7,82.3,0.01,SW@5.5,8.2,54.3,0.0,0,"Montesano, Grays Harbor County",310022,Montesano,2017-12-12 03:47:40.633950
2016-04-29,01:00,49.8,49.9,44.7,82.3,0.01,SW@5.2,7.8,54.3,0.0,0,"Montesano, Grays Harbor County",310022,Montesano,2017-12-12 03:47:40.633950
2016-04-29,01:15,49.7,49.8,44.7,82.7,0.01,SW@6.5,9.2,54.3,0.0,0,"Montesano, Grays Harbor County",310022,Montesano,2017-12-12 03:47:40.633950
2016-04-29,01:30,49.6,49.7,44.7,83.1,0.01,SW@5.3,7.1,54.3,0.0,0,"Montesano, Grays Harbor County",310022,Montesano,2017-12-12 03:47:40.633950
2016-04-29,01:45,49.5,49.6,44.6,83.1,0.01,SW@4.6,6.7,54.3,0.0,0,"Montesano, Grays Harbor County",310022,Montesano,2017-12-12 03:47:40.633950
2016-04-29,02:00,49.5,49.6,44.4,82.6,0.01,SW@5.0,7.4,54.3,0.0,0,"Montesano, Grays Harbor County",310022,Montesano,2017-12-12 03:47:40.633950
2016-04-29,02:15,49.4,49.4,44.4,83.1,0.01,SW@4.6,6.4,54.3,0.0,0,"Montesano, Grays Harbor County",310022,Montesano,2017-12-12 03:47:40.633950
2016-04-29,02:30,49.2,49.2,44.6,84.1,0.01,SW@4.4,6.7,54.3,0.0,0,"Montesano, Grays Harbor County",310022,Montesano,2017-12-12 03:47:40.633950
2016-04-29,02:45,49.2,49.3,44.4,83.6,0.01,SW@4.6,6.4,54.2,0.0,0,"Montesano, Grays Harbor County",310022,Montesano,2017-12-12 03:47:40.633950
2016-04-29,03:00,49.1,49.2,44.4,83.5,0.01,SW@4.6,6.4,54.2,0.0,0,"Montesano, Grays Harbor County",310022,Montesano,2017-12-12 03:47:40.633950
2016-04-29,03:15,49.2,49.3,44.4,83.2,0.01,SW@4.2,6.7,54.2,0.0,0,"Montesano, Grays Harbor County",310022,Montesano,2017-12-12 03:47:40.633950
2016-04-29,03:30,49.1,49.2,44.6,84.2,0.01,SW@4.3,7.4,54.2,0.0,0,"Montesano, Grays Harbor County",310022,Montesano,2017-12-12 03:47:40.633950
2016-04-29,03:45,48.7,48.8,44.3,84.7,0.01,SW@4.7,7.4,54.2,0.0,0,"Montesano, Grays Harbor County",310022,Montesano,2017-12-12 03:47:40.633950
2016-04-29,04:00,48.4,48.5,44.0,84.6,0.01,SW@4.1,6.0,54.2,0.0,0,"Montesano, Grays Harbor County",310022,Montesano,2017-12-12 03:47:40.633950
2016-04-29,04:15,48.0,48.1,44.1,86.0,0.01,SW@4.0,6.7,54.2,0.0,0,"Montesano, Grays Harbor County",310022,Montesano,2017-12-12 03:47:40.633950
2016-04-29,04:30,48.4,48.5,44.3,85.4,0.01,SW@4.1,6.0,54.2,0.0,0,"Montesano, Grays Harbor County",310022,Montesano,2017-12-12 03:47:40.633950
2016-04-29,04:45,48.4,48.5,44.4,85.8,0.01,SW@3.9,5.7,54.1,0.0,1,"Montesano, Grays Harbor County",310022,Montesano,2017-12-12 03:47:40.633950
2016-04-29,05:00,48.4,48.4,44.5,86.5,0.01,SW@3.5,4.9,54.1,0.0,2,"Montesano, Grays Harbor County",310022,Montesano,2017-12-12 03:47:40.633950
2016-04-29,05:15,48.6,48.7,44.3,84.9,0.01,SW@4.2,5.7,54.1,0.0,3,"Montesano, Grays Harbor County",310022,Montesano,2017-12-12 03:47:40.633950
2016-04-29,05:30,48.7,48.8,44.3,84.7,0.01,SW@4.5,6.4,54.1,0.0,11,"Montesano, Grays Harbor County",310022,Montesano,2017-12-12 03:47:40.633950
2016-04-29,05:45,48.7,48.8,44.5,85.1,0.01,SW@5.0,7.1,54.1,0.0,31,"Montesano, Grays Harbor County",310022,Montesano,2017-12-12 03:47:40.633950
2016-04-29,06:00,48.9,49.0,44.8,85.6,0.01,SW@4.8,6.0,54.1,0.0,59,"Montesano, Grays Harbor County",310022,Montesano,2017-12-12 03:47:40.633950
2016-04-29,06:15,49.3,49.3,44.7,84.1,0.01,SW@5.0,7.1,54.0,0.0,88,"Montesano, Grays Harbor County",310022,Montesano,2017-12-12 03:47:40.633950
2016-04-29,06:30,49.7,49.8,44.7,82.6,0.01,SW@5.5,8.5,54.0,0.0,113,"Montesano, Grays Harbor County",310022,Montesano,2017-12-12 03:47:40.633950
2016-04-29,06:45,50.2,50.2,44.7,81.3,0.01,SW@6.0,8.5,54.0,0.0,136,"Montesano, Grays Harbor County",310022,Montesano,2017-12-12 03:47:40.633950
2016-04-29,07:00,50.3,50.4,44.6,80.5,0.01,SW@6.6,8.9,54.0,0.0,138,"Montesano, Grays Harbor County",310022,Montesano,2017-12-12 03:47:40.633950
2016-04-29,07:15,50.6,50.6,44.7,80.3,0.01,SW@8.0,11.0,54.0,0.0,165,"Montesano, Grays Harbor County",310022,Montesano,2017-12-12 03:47:40.633950
2016-04-29,07:30,51.1,51.0,44.8,79.0,0.01,SW@8.5,11.0,53.9,0.0,217,"Montesano, Grays Harbor County",310022,Montesano,2017-12-12 03:47:40.633950
2016-04-29,07:45,52.0,51.9,45.0,77.0,0.0,W@8.5,12.4,53.9,0.0,287,"Montesano, Grays Harbor County",310022,Montesano,2017-12-12 03:47:40.633950
2016-04-29,08:00,52.7,52.6,45.1,75.1,0.0,W@9.4,13.2,53.9,0.0,351,"Montesano, Grays Harbor County",310022,Montesano,2017-12-12 03:47:40.633950
2016-04-29,08:15,53.3,53.1,45.2,73.9,0.0,W@10.3,13.9,53.9,0.0,359,"Montesano, Grays Harbor County",310022,Montesano,2017-12-12 03:47:40.633950
2016-04-29,08:30,54.0,53.8,45.2,72.1,0.0,W@10.0,14.2,53.9,0.0,346,"Montesano, Grays Harbor County",310022,Montesano,2017-12-12 03:47:40.633950
2016-04-29,08:45,54.1,54.0,45.0,71.3,0.0,W@9.9,13.2,53.9,0.0,305,"Montesano, Grays Harbor County",310022,Montesano,2017-12-12 03:47:40.633950
2016-04-29,09:00,54.1,54.0,44.8,70.6,0.0,W@9.8,15.7,53.8,0.0,244,"Montesano, Grays Harbor County",310022,Montesano,2017-12-12 03:47:40.633950
2016-04-29,09:15,54.3,54.2,44.5,69.2,0.0,W@8.9,12.8,53.8,0.0,272,"Montesano, Grays Harbor County",310022,Montesano,2017-12-12 03:47:40.633950
2016-04-29,09:30,55.4,55.2,44.6,66.9,0.0,W@9.1,13.5,53.8,0.0,425,"Montesano, Grays Harbor County",310022,Montesano,2017-12-12 03:47:40.633950
2016-04-29,09:45,56.2,56.0,44.6,65.0,0.0,NW@9.5,13.5,53.8,0.0,520,"Montesano, Grays Harbor County",310022,Montesano,2017-12-12 03:47:40.633950
2016-04-29,10:00,56.0,55.8,44.5,65.3,0.0,W@9.3,13.9,53.8,0.0,426,"Montesano, Grays Harbor County",310022,Montesano,2017-12-12 03:47:40.633950
2016-04-29,10:15,57.1,56.9,44.7,62.9,0.0,W@8.4,13.9,53.8,0.0,542,"Montesano, Grays Harbor County",310022,Montesano,2017-12-12 03:47:40.633950
2016-04-29,10:30,58.0,57.7,44.2,60.0,0.0,W@7.8,15.0,53.7,0.0,749,"Montesano, Grays Harbor County",310022,Montesano,2017-12-12 03:47:40.633950
2016-04-29,10:45,58.7,58.4,44.4,58.9,0.0,NW@6.3,13.9,53.7,0.0,627,"Montesano, Grays Harbor County",310022,Montesano,2017-12-12 03:47:40.633950
2016-04-29,11:00,59.0,58.7,44.4,58.3,0.0,W@6.9,14.6,53.7,0.0,673,"Montesano, Grays Harbor County",310022,Montesano,2017-12-12 03:47:40.633950
2016-04-29,11:15,60.2,59.8,44.2,55.4,0.0,W@8.2,14.2,53.7,0.0,757,"Montesano, Grays Harbor County",310022,Montesano,2017-12-12 03:47:40.633950
2016-04-29,11:30,59.4,59.2,43.9,56.3,0.0,W@4.8,9.9,53.7,0.0,379,"Montesano, Grays Harbor County",310022,Montesano,2017-12-12 03:47:40.633950
2016-04-29,11:45,59.3,59.2,44.7,58.2,0.0,W@7.7,11.7,53.7,0.0,292,"Montesano, Grays Harbor County",310022,Montesano,2017-12-12 03:47:40.633950
2016-04-29,12:00,59.2,59.0,44.4,58.0,0.0,W@7.1,11.4,53.7,0.0,335,"Montesano, Grays Harbor County",310022,Montesano,2017-12-12 03:47:40.633950
2016-04-29,12:15,59.6,59.4,45.5,59.3,0.0,SW@9.4,13.2,53.7,0.0,414,"Montesano, Grays Harbor County",310022,Montesano,2017-12-12 03:47:40.633950
2016-04-29,12:30,60.1,59.9,45.5,58.4,0.0,W@8.3,14.2,53.7,0.0,422,"Montesano, Grays Harbor County",310022,Montesano,2017-12-12 03:47:40.633950
2016-04-29,12:45,59.8,59.7,45.3,58.7,0.0,SW@8.0,13.2,53.7,0.0,290,"Montesano, Grays Harbor County",310022,Montesano,2017-12-12 03:47:40.633950
2016-04-29,13:00,61.1,60.9,45.3,55.9,0.0,SW@7.9,14.2,53.7,0.0,431,"Montesano, Grays Harbor County",310022,Montesano,2017-12-12 03:47:40.633950
2016-04-29,13:15,61.1,61.0,45.5,56.3,0.0,SW@10.6,16.0,53.7,0.0,438,"Montesano, Grays Harbor County",310022,Montesano,2017-12-12 03:47:40.633950
2016-04-29,13:30,62.8,62.4,46.5,55.2,0.0,SW@13.8,20.0,53.7,0.0,975,"Montesano, Grays Harbor County",310022,Montesano,2017-12-12 03:47:40.633950
2016-04-29,13:45,62.7,62.5,47.2,56.8,0.0,W@15.9,22.1,53.7,0.0,655,"Montesano, Grays Harbor County",310022,Montesano,2017-12-12 03:47:40.633950
2016-04-29,14:00,60.8,60.7,47.4,61.3,0.0,W@14.6,21.4,53.7,0.0,318,"Montesano, Grays Harbor County",310022,Montesano,2017-12-12 03:47:40.633950
2016-04-29,14:15,60.8,60.6,47.7,61.9,0.0,NW@7.0,15.0,53.7,0.0,384,"Montesano, Grays Harbor County",310022,Montesano,2017-12-12 03:47:40.633950
2016-04-29,14:30,60.6,60.4,47.9,63.0,0.0,SW@8.6,15.3,53.7,0.0,271,"Montesano, Grays Harbor County",310022,Montesano,2017-12-12 03:47:40.633950
2016-04-29,14:45,58.0,57.9,47.0,66.7,0.0,E@8.3,17.5,53.8,0.0,125,"Montesano, Grays Harbor County",310022,Montesano,2017-12-12 03:47:40.633950
2016-04-29,15:00,56.4,56.3,47.0,70.6,0.02,NE@6.9,10.7,53.8,0.0,127,"Montesano, Grays Harbor County",310022,Montesano,2017-12-12 03:47:40.633950
2016-04-29,15:15,55.1,55.0,49.5,81.1,0.13,E@5.8,12.1,53.8,0.07,127,"Montesano, Grays Harbor County",310022,Montesano,2017-12-12 03:47:40.633950
2016-04-29,15:30,56.0,56.0,49.7,79.4,0.16,SE@5.9,12.1,53.8,0.01,129,"Montesano, Grays Harbor County",310022,Montesano,2017-12-12 03:47:40.633950
2016-04-29,15:45,57.4,57.4,49.2,74.2,0.19,SW@9.3,14.6,53.8,0.02,116,"Montesano, Grays Harbor County",310022,Montesano,2017-12-12 03:47:40.633950
2016-04-29,16:00,58.1,58.1,49.2,72.1,0.06,W@6.4,14.6,53.9,0.01,164,"Montesano, Grays Harbor County",310022,Montesano,2017-12-12 03:47:40.633950
2016-04-29,16:15,59.8,59.6,49.9,69.7,0.01,W@10.9,17.8,53.9,0.0,487,"Montesano, Grays Harbor County",310022,Montesano,2017-12-12 03:47:40.633950
2016-04-29,16:30,60.0,59.7,48.8,66.5,0.0,W@13.6,18.2,53.9,0.0,529,"Montesano, Grays Harbor County",310022,Montesano,2017-12-12 03:47:40.633950
2016-04-29,16:45,60.5,60.2,49.2,66.2,0.0,W@13.2,19.6,54.0,0.0,556,"Montesano, Grays Harbor County",310022,Montesano,2017-12-12 03:47:40.633950
2016-04-29,17:00,59.0,58.8,48.4,67.8,0.0,W@12.4,17.8,54.0,0.0,245,"Montesano, Grays Harbor County",310022,Montesano,2017-12-12 03:47:40.633950
2016-04-29,17:15,58.9,58.8,48.0,67.0,0.0,SW@12.8,18.2,54.0,0.0,298,"Montesano, Grays Harbor County",310022,Montesano,2017-12-12 03:47:40.633950
2016-04-29,17:30,57.6,57.6,47.3,68.3,0.0,W@12.9,16.7,54.0,0.0,128,"Montesano, Grays Harbor County",310022,Montesano,2017-12-12 03:47:40.633950
2016-04-29,17:45,57.8,57.7,47.7,68.8,0.0,W@12.2,17.8,54.1,0.0,176,"Montesano, Grays Harbor County",310022,Montesano,2017-12-12 03:47:40.633950
2016-04-29,18:00,57.9,57.8,47.6,68.5,0.0,SW@10.0,13.9,54.1,0.0,208,"Montesano, Grays Harbor County",310022,Montesano,2017-12-12 03:47:40.633950
2016-04-29,18:15,56.6,56.6,47.2,70.6,0.0,W@10.8,15.0,54.1,0.0,72,"Montesano, Grays Harbor County",310022,Montesano,2017-12-12 03:47:40.633950
2016-04-29,18:30,56.6,56.5,46.3,68.4,0.0,W@11.5,17.1,54.2,0.0,142,"Montesano, Grays Harbor County",310022,Montesano,2017-12-12 03:47:40.633950
2016-04-29,18:45,55.3,55.2,45.2,68.6,0.0,W@12.5,17.5,54.2,0.0,92,"Montesano, Grays Harbor County",310022,Montesano,2017-12-12 03:47:40.633950
2016-04-29,19:00,54.1,54.1,44.6,70.1,0.0,W@11.9,16.7,54.2,0.0,54,"Montesano, Grays Harbor County",310022,Montesano,2017-12-12 03:47:40.633950
2016-04-29,19:15,53.1,53.1,44.5,72.6,0.0,W@9.7,15.0,54.2,0.0,22,"Montesano, Grays Harbor County",310022,Montesano,2017-12-12 03:47:40.633950
2016-04-29,19:30,52.2,52.2,44.7,75.6,0.0,SW@8.3,12.4,54.3,0.0,5,"Montesano, Grays Harbor County",310022,Montesano,2017-12-12 03:47:40.633950
2016-04-29,19:45,51.3,51.4,44.3,76.8,0.0,SW@6.8,9.6,54.3,0.0,2,"Montesano, Grays Harbor County",310022,Montesano,2017-12-12 03:47:40.633950
2016-04-29,20:00,51.0,51.1,43.9,76.6,0.0,SW@8.4,12.1,54.3,0.0,1,"Montesano, Grays Harbor County",310022,Montesano,2017-12-12 03:47:40.633950
2016-04-29,20:15,50.1,50.3,44.0,79.4,0.0,SW@7.3,9.9,54.4,0.0,0,"Montesano, Grays Harbor County",310022,Montesano,2017-12-12 03:47:40.633950
2016-04-29,20:30,49.9,50.1,43.8,79.2,0.0,SW@8.9,11.7,54.4,0.0,0,"Montesano, Grays Harbor County",310022,Montesano,2017-12-12 03:47:40.633950
2016-04-29,20:45,49.4,49.5,43.5,80.1,0.0,SW@8.5,12.8,54.4,0.0,0,"Montesano, Grays Harbor County",310022,Montesano,2017-12-12 03:47:40.633950
2016-04-29,21:00,48.9,49.0,43.4,81.3,0.01,SW@7.5,10.3,54.4,0.0,0,"Montesano, Grays Harbor County",310022,Montesano,2017-12-12 03:47:40.633950
2016-04-29,21:15,48.9,49.0,43.3,80.8,0.01,SW@7.8,11.4,54.4,0.0,0,"Montesano, Grays Harbor County",310022,Montesano,2017-12-12 03:47:40.633950
2016-04-29,21:30,48.6,48.8,43.0,80.7,0.01,SW@6.2,9.9,54.4,0.0,0,"Montesano, Grays Harbor County",310022,Montesano,2017-12-12 03:47:40.633950
2016-04-29,21:45,48.3,48.4,42.8,81.4,0.01,SW@6.9,10.3,54.5,0.0,0,"Montesano, Grays Harbor County",310022,Montesano,2017-12-12 03:47:40.633950
2016-04-29,22:00,48.3,48.4,42.9,81.4,0.01,SW@7.3,11.4,54.5,0.0,0,"Montesano, Grays Harbor County",310022,Montesano,2017-12-12 03:47:40.633950
2016-04-29,22:15,48.0,48.1,42.8,82.3,0.01,SW@6.4,9.6,54.5,0.0,0,"Montesano, Grays Harbor County",310022,Montesano,2017-12-12 03:47:40.633950
2016-04-29,22:30,47.9,48.0,42.8,82.4,0.01,SW@6.2,8.9,54.5,0.0,0,"Montesano, Grays Harbor County",310022,Montesano,2017-12-12 03:47:40.633950
2016-04-29,22:45,47.5,47.6,42.8,83.8,0.01,SW@5.9,8.5,54.5,0.0,0,"Montesano, Grays Harbor County",310022,Montesano,2017-12-12 03:47:40.633950
2016-04-29,23:00,47.2,47.2,42.8,84.6,0.01,SW@4.4,8.2,54.5,0.0,0,"Montesano, Grays Harbor County",310022,Montesano,2017-12-12 03:47:40.633950
2016-04-30,23:15,46.2,46.2,42.6,86.9,0.02,SW@3.6,6.4,54.5,0.0,0,"Montesano, Grays Harbor County",310022,Montesano,2017-12-12 03:47:40.633950
2016-04-30,23:30,45.7,45.7,42.6,88.8,0.05,SW@2.5,4.6,54.5,0.0,0,"Montesano, Grays Harbor County",310022,Montesano,2017-12-12 03:47:40.633950
2016-04-30,23:45,46.3,46.3,43.0,88.4,0.04,SW@4.6,6.4,54.5,0.0,0,"Montesano, Grays Harbor County",310022,Montesano,2017-12-12 03:47:40.633950
2016-04-30,24:00,46.4,46.5,43.2,88.6,0.05,SW@3.9,5.3,54.5,0.0,0,"Montesano, Grays Harbor County",310022,Montesano,2017-12-12 03:47:40.633950
2016-04-30,00:15,46.3,46.3,43.0,88.3,0.06,SW@3.9,4.9,54.5,0.0,0,"Montesano, Grays Harbor County",310022,Montesano,2017-12-12 03:47:40.633950
2016-04-30,00:30,44.7,44.7,42.0,90.1,0.09,SW@2.7,4.2,54.5,0.0,0,"Montesano, Grays Harbor County",310022,Montesano,2017-12-12 03:47:40.633950
2016-04-30,00:45,43.7,43.7,41.9,93.1,0.24,N@1.1,2.8,54.5,0.0,0,"Montesano, Grays Harbor County",310022,Montesano,2017-12-12 03:47:40.633950
2016-04-30,01:00,43.8,43.8,42.4,94.8,0.3,N@1.6,2.8,54.4,0.0,0,"Montesano, Grays Harbor County",310022,Montesano,2017-12-12 03:47:40.633950
2016-04-30,01:15,41.7,41.6,40.6,95.6,0.31,N@0.0,0.0,54.4,0.0,0,"Montesano, Grays Harbor County",310022,Montesano,2017-12-12 03:47:40.633950
2016-04-30,01:30,42.3,42.3,41.5,97.1,0.34,NE@1.7,3.9,54.4,0.0,0,"Montesano, Grays Harbor County",310022,Montesano,2017-12-12 03:47:40.633950
2016-04-30,01:45,42.1,42.1,41.6,98.2,0.36,NE@2.7,3.9,54.4,0.0,0,"Montesano, Grays Harbor County",310022,Montesano,2017-12-12 03:47:40.633950
2016-04-30,02:00,42.0,42.0,41.6,98.6,0.37,NE@0.4,2.1,54.4,0.0,0,"Montesano, Grays Harbor County",310022,Montesano,2017-12-12 03:47:40.633950
2016-04-30,02:15,41.4,41.4,41.2,99.0,0.38,NE@2.7,3.9,54.4,0.0,0,"Montesano, Grays Harbor County",310022,Montesano,2017-12-12 03:47:40.633950
2016-04-30,02:30,41.5,41.6,41.4,99.3,0.4,NE@3.2,4.6,54.3,0.0,0,"Montesano, Grays Harbor County",310022,Montesano,2017-12-12 03:47:40.633950
2016-04-30,02:45,41.0,41.1,40.8,99.3,0.41,NE@3.4,4.2,54.3,0.0,0,"Montesano, Grays Harbor County",310022,Montesano,2017-12-12 03:47:40.633950
2016-04-30,03:00,40.8,40.9,40.7,99.3,0.42,NE@3.5,4.6,54.3,0.0,0,"Montesano, Grays Harbor County",310022,Montesano,2017-12-12 03:47:40.633950
2016-04-30,03:15,40.9,41.0,40.8,99.3,0.43,NE@2.9,3.5,54.3,0.0,0,"Montesano, Grays Harbor County",310022,Montesano,2017-12-12 03:47:40.633950
2016-04-30,03:30,41.0,41.1,40.8,99.3,0.44,NE@0.5,2.8,54.2,0.0,0,"Montesano, Grays Harbor County",310022,Montesano,2017-12-12 03:47:40.633950
2016-04-30,03:45,39.9,39.9,39.7,99.3,0.44,W@0.2,1.7,54.2,0.0,0,"Montesano, Grays Harbor County",310022,Montesano,2017-12-12 03:47:40.633950
2016-04-30,04:00,40.9,40.9,40.7,99.3,0.46,N@0.6,2.1,54.2,0.0,0,"Montesano, Grays Harbor County",310022,Montesano,2017-12-12 03:47:40.633950
2016-04-30,04:15,41.3,41.4,41.1,99.3,0.47,NE@1.8,4.6,54.2,0.0,0,"Montesano, Grays Harbor County",310022,Montesano,2017-12-12 03:47:40.633950
2016-04-30,04:30,41.4,41.4,41.2,99.3,0.47,NE@2.4,3.9,54.1,0.0,0,"Montesano, Grays Harbor County",310022,Montesano,2017-12-12 03:47:40.633950
2016-04-30,04:45,41.3,41.4,41.1,99.3,0.48,NE@2.3,3.9,54.1,0.0,1,"Montesano, Grays Harbor County",310022,Montesano,2017-12-12 03:47:40.633950
2016-04-30,05:00,41.1,41.2,40.9,99.3,0.48,NE@1.1,3.9,54.1,0.0,3,"Montesano, Grays Harbor County",310022,Montesano,2017-12-12 03:47:40.633950
2016-04-30,05:15,40.5,40.6,40.3,99.3,0.49,NE@3.7,5.3,54.0,0.0,11,"Montesano, Grays Harbor County",310022,Montesano,2017-12-12 03:47:40.633950
2016-04-30,05:30,40.1,40.2,39.9,99.3,0.49,NE@3.0,4.6,54.0,0.0,22,"Montesano, Grays Harbor County",310022,Montesano,2017-12-12 03:47:40.633950
2016-04-30,05:45,39.9,40.0,39.8,99.3,0.5,NE@2.6,3.9,54.0,0.0,41,"Montesano, Grays Harbor County",310022,Montesano,2017-12-12 03:47:40.633950
2016-04-30,06:00,40.1,40.1,39.9,99.3,0.5,N@0.5,2.4,53.9,0.0,70,"Montesano, Grays Harbor County",310022,Montesano,2017-12-12 03:47:40.633950
2016-04-30,06:15,40.3,40.4,40.1,99.3,0.51,N@0.0,1.4,53.9,0.0,84,"Montesano, Grays Harbor County",310022,Montesano,2017-12-12 03:47:40.633950
2016-04-30,06:30,40.8,40.8,40.6,99.3,0.52,NE@0.0,1.4,53.9,0.0,86,"Montesano, Grays Harbor County",310022,Montesano,2017-12-12 03:47:40.633950
2016-04-30,06:45,41.3,41.3,41.1,99.3,0.52,SE@0.5,2.8,53.8,0.0,131,"Montesano, Grays Harbor County",310022,Montesano,2017-12-12 03:47:40.633950
2016-04-30,07:00,42.0,42.0,41.8,99.3,0.54,E@1.7,3.5,53.8,0.0,204,"Montesano, Grays Harbor County",310022,Montesano,2017-12-12 03:47:40.633950
2016-04-30,07:15,42.8,42.8,42.6,99.3,0.55,E@0.6,3.1,53.8,0.0,228,"Montesano, Grays Harbor County",310022,Montesano,2017-12-12 03:47:40.633950
2016-04-30,07:30,44.5,44.5,44.4,99.3,0.44,NE@1.6,3.9,53.7,0.0,384,"Montesano, Grays Harbor County",310022,Montesano,2017-12-12 03:47:40.633950
2016-04-30,07:45,45.7,45.5,45.5,99.3,0.3,N@2.4,4.2,53.7,0.0,426,"Montesano, Grays Harbor County",310022,Montesano,2017-12-12 03:47:40.633950
2016-04-30,08:00,46.6,46.9,46.4,99.3,0.25,NE@3.1,4.9,53.7,0.0,446,"Montesano, Grays Harbor County",310022,Montesano,2017-12-12 03:47:40.633950
2016-04-30,08:15,48.2,49.4,47.8,98.6,0.18,NE@1.3,3.5,53.7,0.0,494,"Montesano, Grays Harbor County",310022,Montesano,2017-12-12 03:47:40.633950
2016-04-30,08:30,50.4,51.9,48.5,93.3,0.1,NE@1.2,3.1,53.6,0.0,541,"Montesano, Grays Harbor County",310022,Montesano,2017-12-12 03:47:40.633950
2016-04-30,08:45,52.4,52.9,46.1,78.9,0.05,N@1.8,3.9,53.6,0.0,586,"Montesano, Grays Harbor County",310022,Montesano,2017-12-12 03:47:40.633950
2016-04-30,09:00,53.5,53.6,46.1,75.7,0.03,NW@1.4,3.9,53.6,0.0,620,"Montesano, Grays Harbor County",310022,Montesano,2017-12-12 03:47:40.633950
2016-04-30,09:15,54.4,54.4,46.6,74.8,0.02,SE@2.2,4.2,53.5,0.0,651,"Montesano, Grays Harbor County",310022,Montesano,2017-12-12 03:47:40.633950
2016-04-30,09:30,55.5,55.4,46.9,72.7,0.01,E@1.8,4.9,53.5,0.0,697,"Montesano, Grays Harbor County",310022,Montesano,2017-12-12 03:47:40.633950
2016-04-30,09:45,55.9,55.7,47.2,72.6,0.01,N@2.9,6.0,53.5,0.0,719,"Montesano, Grays Harbor County",310022,Montesano,2017-12-12 03:47:40.633950
2016-04-30,10:00,57.1,56.9,47.2,69.4,0.0,E@2.7,6.0,53.5,0.0,766,"Montesano, Grays Harbor County",310022,Montesano,2017-12-12 03:47:40.633950
2016-04-30,10:15,58.5,58.2,47.3,66.3,0.0,SE@2.6,7.4,53.4,0.0,807,"Montesano, Grays Harbor County",310022,Montesano,2017-12-12 03:47:40.633950
2016-04-30,10:30,59.0,58.8,47.6,65.6,0.0,SE@3.7,7.1,53.4,0.0,834,"Montesano, Grays Harbor County",310022,Montesano,2017-12-12 03:47:40.633950
2016-04-30,10:45,60.2,60.0,47.9,63.8,0.0,SE@3.6,7.1,53.4,0.0,857,"Montesano, Grays Harbor County",310022,Montesano,2017-12-12 03:47:40.633950
2016-04-30,11:00,61.2,60.9,47.8,61.5,0.0,N@4.5,7.4,53.4,0.0,880,"Montesano, Grays Harbor County",310022,Montesano,2017-12-12 03:47:40.633950
2016-04-30,11:15,61.3,61.0,47.3,59.9,0.0,N@4.5,8.9,53.4,0.0,827,"Montesano, Grays Harbor County",310022,Montesano,2017-12-12 03:47:40.633950
2016-04-30,11:30,62.1,61.8,46.1,55.7,0.0,W@3.6,8.2,53.4,0.0,908,"Montesano, Grays Harbor County",310022,Montesano,2017-12-12 03:47:40.633950
2016-04-30,11:45,62.6,62.3,45.9,54.4,0.0,W@4.0,8.2,53.3,0.0,914,"Montesano, Grays Harbor County",310022,Montesano,2017-12-12 03:47:40.633950
2016-04-30,12:00,63.0,62.7,46.0,53.7,0.0,E@4.0,9.9,53.3,0.0,930,"Montesano, Grays Harbor County",310022,Montesano,2017-12-12 03:47:40.633950
2016-04-30,12:15,64.0,63.6,46.7,53.4,0.0,SW@3.9,7.4,53.3,0.0,934,"Montesano, Grays Harbor County",310022,Montesano,2017-12-12 03:47:40.633950
2016-04-30,12:30,64.4,64.0,47.2,53.5,0.0,NW@3.8,8.5,53.3,0.0,931,"Montesano, Grays Harbor County",310022,Montesano,2017-12-12 03:47:40.633950
2016-04-30,12:45,64.7,64.4,47.5,53.5,0.0,NW@4.6,7.8,53.3,0.0,882,"Montesano, Grays Harbor County",310022,Montesano,2017-12-12 03:47:40.633950
2016-04-30,13:00,65.0,64.7,46.6,51.3,0.0,W@3.7,8.2,53.4,0.0,863,"Montesano, Grays Harbor County",310022,Montesano,2017-12-12 03:47:40.633950
2016-04-30,13:15,66.1,65.9,46.8,49.6,0.0,SW@3.6,8.2,53.4,0.0,877,"Montesano, Grays Harbor County",310022,Montesano,2017-12-12 03:47:40.633950
2016-04-30,13:30,66.0,65.6,46.8,49.9,0.0,SW@4.9,12.1,53.4,0.0,887,"Montesano, Grays Harbor County",310022,Montesano,2017-12-12 03:47:40.633950
2016-04-30,13:45,66.3,66.0,48.0,51.7,0.0,SW@6.9,12.4,53.4,0.0,846,"Montesano, Grays Harbor County",310022,Montesano,2017-12-12 03:47:40.633950
2016-04-30,14:00,66.5,66.1,48.2,51.6,0.0,SW@7.7,12.8,53.4,0.0,814,"Montesano, Grays Harbor County",310022,Montesano,2017-12-12 03:47:40.633950
2016-04-30,14:15,66.6,66.3,48.9,52.9,0.0,W@8.6,12.8,53.5,0.0,745,"Montesano, Grays Harbor County",310022,Montesano,2017-12-12 03:47:40.633950
2016-04-30,14:30,66.6,66.2,49.7,54.5,0.0,W@10.3,13.9,53.5,0.0,746,"Montesano, Grays Harbor County",310022,Montesano,2017-12-12 03:47:40.633950
2016-04-30,14:45,66.6,66.2,50.2,55.5,0.0,W@11.8,15.3,53.5,0.0,736,"Montesano, Grays Harbor County",310022,Montesano,2017-12-12 03:47:40.633950
2016-04-30,15:00,65.8,65.4,50.3,57.4,0.0,W@12.4,16.7,53.6,0.0,733,"Montesano, Grays Harbor County",310022,Montesano,2017-12-12 03:47:40.633950
2016-04-30,15:15,65.7,65.3,50.5,58.0,0.0,SW@12.6,15.7,53.6,0.0,703,"Montesano, Grays Harbor County",310022,Montesano,2017-12-12 03:47:40.633950
2016-04-30,15:30,65.9,65.6,50.8,58.3,0.0,W@12.1,16.4,53.7,0.0,652,"Montesano, Grays Harbor County",310022,Montesano,2017-12-12 03:47:40.633950
2016-04-30,15:45,66.2,65.8,50.3,56.5,0.0,W@11.0,16.7,53.7,0.0,621,"Montesano, Grays Harbor County",310022,Montesano,2017-12-12 03:47:40.633950
2016-04-30,16:00,66.2,65.9,50.1,56.2,0.0,W@11.7,15.3,53.8,0.0,560,"Montesano, Grays Harbor County",310022,Montesano,2017-12-12 03:47:40.633950
2016-04-30,16:15,66.3,66.1,50.1,55.8,0.0,W@11.2,15.7,53.9,0.0,520,"Montesano, Grays Harbor County",310022,Montesano,2017-12-12 03:47:40.633950
2016-04-30,16:30,66.1,65.8,49.6,55.2,0.0,SW@11.8,15.0,53.9,0.0,487,"Montesano, Grays Harbor County",310022,Montesano,2017-12-12 03:47:40.633950
2016-04-30,16:45,66.1,65.8,49.2,54.4,0.0,SW@11.4,15.0,54.0,0.0,458,"Montesano, Grays Harbor County",310022,Montesano,2017-12-12 03:47:40.633950
2016-04-30,17:00,66.0,65.8,48.5,53.2,0.0,W@10.8,16.4,54.1,0.0,403,"Montesano, Grays Harbor County",310022,Montesano,2017-12-12 03:47:40.633950
2016-04-30,17:15,65.3,65.1,48.8,55.0,0.0,W@10.9,14.2,54.1,0.0,334,"Montesano, Grays Harbor County",310022,Montesano,2017-12-12 03:47:40.633950
2016-04-30,17:30,64.1,63.9,49.1,58.1,0.0,SW@11.1,15.0,54.2,0.0,292,"Montesano, Grays Harbor County",310022,Montesano,2017-12-12 03:47:40.633950
2016-04-30,17:45,63.4,63.1,48.1,57.3,0.0,SW@10.8,13.9,54.3,0.0,259,"Montesano, Grays Harbor County",310022,Montesano,2017-12-12 03:47:40.633950
2016-04-30,18:00,62.6,62.5,46.9,56.4,0.0,SW@10.4,13.2,54.4,0.0,215,"Montesano, Grays Harbor County",310022,Montesano,2017-12-12 03:47:40.633950
2016-04-30,18:15,62.1,62.1,47.3,58.1,0.0,SW@10.4,15.0,54.4,0.0,171,"Montesano, Grays Harbor County",310022,Montesano,2017-12-12 03:47:40.633950
2016-04-30,18:30,61.6,61.5,48.0,60.7,0.0,SW@9.0,12.8,54.5,0.0,129,"Montesano, Grays Harbor County",310022,Montesano,2017-12-12 03:47:40.633950
2016-04-30,18:45,60.4,60.4,48.5,64.7,0.0,SW@7.1,9.9,54.6,0.0,64,"Montesano, Grays Harbor County",310022,Montesano,2017-12-12 03:47:40.633950
2016-04-30,19:00,59.6,59.6,48.6,66.9,0.0,SW@5.4,7.8,54.7,0.0,56,"Montesano, Grays Harbor County",310022,Montesano,2017-12-12 03:47:40.633950
2016-04-30,19:15,57.5,57.4,48.4,71.7,0.0,W@4.8,6.7,54.7,0.0,23,"Montesano, Grays Harbor County",310022,Montesano,2017-12-12 03:47:40.633950
2016-04-30,19:30,55.5,55.4,48.2,76.4,0.0,W@4.4,5.7,54.8,0.0,4,"Montesano, Grays Harbor County",310022,Montesano,2017-12-12 03:47:40.633950
2016-04-30,19:45,53.9,54.0,47.6,79.0,0.0,W@4.6,6.0,54.9,0.0,2,"Montesano, Grays Harbor County",310022,Montesano,2017-12-12 03:47:40.633950
2016-04-30,20:00,53.6,53.6,46.9,78.0,0.0,W@3.7,4.9,54.9,0.0,1,"Montesano, Grays Harbor County",310022,Montesano,2017-12-12 03:47:40.633950
2016-04-30,20:15,52.2,52.2,46.2,80.0,0.01,W@3.4,4.9,55.0,0.0,0,"Montesano, Grays Harbor County",310022,Montesano,2017-12-12 03:47:40.633950
2016-04-30,20:30,50.3,50.3,45.8,84.1,0.02,W@2.0,3.9,55.1,0.0,0,"Montesano, Grays Harbor County",310022,Montesano,2017-12-12 03:47:40.633950
2016-04-30,20:45,50.8,50.8,45.3,81.5,0.01,W@2.3,3.9,55.1,0.0,0,"Montesano, Grays Harbor County",310022,Montesano,2017-12-12 03:47:40.633950
2016-04-30,21:00,49.7,49.7,45.2,84.3,0.04,W@0.1,2.1,55.2,0.0,0,"Montesano, Grays Harbor County",310022,Montesano,2017-12-12 03:47:40.633950
2016-04-30,21:15,50.0,50.0,46.0,86.0,0.1,N@0.0,0.0,55.2,0.0,0,"Montesano, Grays Harbor County",310022,Montesano,2017-12-12 03:47:40.633950
2016-04-30,21:30,48.9,48.8,45.1,86.5,0.08,N@2.6,3.5,55.2,0.0,0,"Montesano, Grays Harbor County",310022,Montesano,2017-12-12 03:47:40.633950
2016-04-30,21:45,46.8,46.7,44.3,90.8,0.16,NW@1.3,3.5,55.3,0.0,0,"Montesano, Grays Harbor County",310022,Montesano,2017-12-12 03:47:40.633950
2016-04-30,22:00,46.7,46.7,44.9,93.4,0.29,NW@0.3,2.8,55.3,0.0,0,"Montesano, Grays Harbor County",310022,Montesano,2017-12-12 03:47:40.633950
2016-04-30,22:15,47.4,47.4,45.8,94.0,0.34,NW@0.4,2.1,55.4,0.0,0,"Montesano, Grays Harbor County",310022,Montesano,2017-12-12 03:47:40.633950
2016-04-30,22:30,46.8,46.9,45.3,94.4,0.36,NW@0.0,1.4,55.4,0.0,0,"Montesano, Grays Harbor County",310022,Montesano,2017-12-12 03:47:40.633950
2016-04-30,22:45,47.1,47.0,45.8,95.2,0.39,NW@1.6,2.8,55.4,0.0,0,"Montesano, Grays Harbor County",310022,Montesano,2017-12-12 03:47:40.633950
2016-04-30,23:00,45.8,45.8,44.7,95.9,0.4,NW@0.8,2.8,55.4,0.0,0,"Montesano, Grays Harbor County",310022,Montesano,2017-12-12 03:47:40.633950
2016-05-01,23:15,46.3,46.3,45.5,97.0,0.42,N@2.7,4.2,55.5,0.0,0,"Montesano, Grays Harbor County",310022,Montesano,2017-12-12 03:47:40.633950
2016-05-01,23:30,44.8,44.8,44.1,97.3,0.42,N@1.2,3.9,55.5,0.0,0,"Montesano, Grays Harbor County",310022,Montesano,2017-12-12 03:47:40.633950
2016-05-01,23:45,43.6,43.5,43.0,97.9,0.42,NW@1.1,2.8,55.5,0.0,0,"Montesano, Grays Harbor County",310022,Montesano,2017-12-12 03:47:40.633950
2016-05-01,24:00,42.3,42.4,42.0,98.5,0.43,W@0.8,2.8,55.5,0.0,0,"Montesano, Grays Harbor County",310022,Montesano,2017-12-12 03:47:40.633950
2016-05-01,00:15,43.5,43.4,43.2,98.9,0.44,N@0.0,0.0,55.5,0.0,0,"Montesano, Grays Harbor County",310022,Montesano,2017-12-12 03:47:40.633950
2016-05-01,00:30,43.5,43.5,43.3,99.1,0.45,N@0.0,0.0,55.5,0.0,0,"Montesano, Grays Harbor County",310022,Montesano,2017-12-12 03:47:40.633950
2016-05-01,00:45,43.8,43.7,43.6,99.3,0.46,W@0.7,2.1,55.5,0.0,0,"Montesano, Grays Harbor County",310022,Montesano,2017-12-12 03:47:40.633950
2016-05-01,01:00,43.3,43.3,43.1,99.3,0.46,W@0.2,1.7,55.5,0.0,0,"Montesano, Grays Harbor County",310022,Montesano,2017-12-12 03:47:40.633950
2016-05-01,01:15,42.1,42.1,41.9,99.3,0.46,N@0.0,0.0,55.5,0.0,0,"Montesano, Grays Harbor County",310022,Montesano,2017-12-12 03:47:40.633950
2016-05-01,01:30,40.3,40.3,40.2,99.3,0.46,W@0.0,1.4,55.5,0.0,0,"Montesano, Grays Harbor County",310022,Montesano,2017-12-12 03:47:40.633950
2016-05-01,01:45,42.0,42.0,41.8,99.3,0.48,W@0.0,1.4,55.5,0.0,0,"Montesano, Grays Harbor County",310022,Montesano,2017-12-12 03:47:40.633950
2016-05-01,02:00,42.1,42.1,41.9,99.3,0.49,W@0.3,2.1,55.5,0.0,0,"Montesano, Grays Harbor County",310022,Montesano,2017-12-12 03:47:40.633950
2016-05-01,02:15,42.7,42.7,42.5,99.3,0.5,N@0.0,0.0,55.5,0.0,0,"Montesano, Grays Harbor County",310022,Montesano,2017-12-12 03:47:40.633950
2016-05-01,02:30,42.0,42.0,41.8,99.3,0.5,W@0.8,2.4,55.4,0.0,0,"Montesano, Grays Harbor County",310022,Montesano,2017-12-12 03:47:40.633950
2016-05-01,02:45,42.0,42.1,41.8,99.3,0.5,W@0.8,2.4,55.4,0.0,0,"Montesano, Grays Harbor County",310022,Montesano,2017-12-12 03:47:40.633950
2016-05-01,03:00,42.5,42.5,42.3,99.3,0.51,W@0.4,2.4,55.4,0.0,0,"Montesano, Grays Harbor County",310022,Montesano,2017-12-12 03:47:40.633950
2016-05-01,03:15,41.9,42.0,41.7,99.3,0.51,W@0.7,2.4,55.4,0.0,0,"Montesano, Grays Harbor County",310022,Montesano,2017-12-12 03:47:40.633950
2016-05-01,03:30,41.9,42.0,41.7,99.3,0.52,W@0.2,2.1,55.3,0.0,0,"Montesano, Grays Harbor County",310022,Montesano,2017-12-12 03:47:40.633950
2016-05-01,03:45,42.0,42.1,41.8,99.3,0.52,N@0.0,0.0,55.3,0.0,0,"Montesano, Grays Harbor County",310022,Montesano,2017-12-12 03:47:40.633950
2016-05-01,04:00,42.2,42.3,42.1,99.3,0.52,N@0.0,0.0,55.3,0.0,0,"Montesano, Grays Harbor County",310022,Montesano,2017-12-12 03:47:40.633950
2016-05-01,04:15,42.1,42.1,41.9,99.3,0.52,S@1.2,3.9,55.3,0.0,0,"Montesano, Grays Harbor County",310022,Montesano,2017-12-12 03:47:40.633950
2016-05-01,04:30,41.5,41.6,41.4,99.3,0.52,S@1.8,3.9,55.2,0.0,0,"Montesano, Grays Harbor County",310022,Montesano,2017-12-12 03:47:40.633950
2016-05-01,04:45,41.5,41.6,41.3,99.3,0.53,S@0.1,1.7,55.2,0.0,1,"Montesano, Grays Harbor County",310022,Montesano,2017-12-12 03:47:40.633950
2016-05-01,05:00,41.6,41.7,41.4,99.3,0.54,S@0.0,1.4,55.2,0.0,3,"Montesano, Grays Harbor County",310022,Montesano,2017-12-12 03:47:40.633950
2016-05-01,05:15,41.7,41.8,41.5,99.3,0.54,S@0.7,2.4,55.1,0.0,7,"Montesano, Grays Harbor County",310022,Montesano,2017-12-12 03:47:40.633950
2016-05-01,05:30,41.6,41.7,41.4,99.3,0.55,W@1.5,3.1,55.1,0.0,16,"Montesano, Grays Harbor County",310022,Montesano,2017-12-12 03:47:40.633950
2016-05-01,05:45,41.4,41.5,41.3,99.3,0.55,NW@1.6,3.1,55.1,0.0,24,"Montesano, Grays Harbor County",310022,Montesano,2017-12-12 03:47:40.633950
2016-05-01,06:00,41.2,41.3,41.0,99.3,0.55,NW@1.6,2.8,55.0,0.0,38,"Montesano, Grays Harbor County",310022,Montesano,2017-12-12 03:47:40.633950
2016-05-01,06:15,41.5,41.5,41.3,99.3,0.56,N@0.0,0.0,55.0,0.0,69,"Montesano, Grays Harbor County",310022,Montesano,2017-12-12 03:47:40.633950
2016-05-01,06:30,41.9,41.9,41.7,99.3,0.56,E@0.2,1.7,55.0,0.0,100,"Montesano, Grays Harbor County",310022,Montesano,2017-12-12 03:47:40.633950
2016-05-01,06:45,42.9,42.9,42.7,99.3,0.57,NE@2.3,3.9,54.9,0.0,197,"Montesano, Grays Harbor County",310022,Montesano,2017-12-12 03:47:40.633950
2016-05-01,07:00,43.4,43.3,43.2,99.3,0.53,NE@2.5,3.9,54.9,0.0,210,"Montesano, Grays Harbor County",310022,Montesano,2017-12-12 03:47:40.633950
2016-05-01,07:15,44.0,43.9,43.8,99.3,0.5,NE@2.3,3.9,54.9,0.0,299,"Montesano, Grays Harbor County",310022,Montesano,2017-12-12 03:47:40.633950
2016-05-01,07:30,45.2,45.0,45.0,99.3,0.45,NE@3.4,4.6,54.9,0.0,376,"Montesano, Grays Harbor County",310022,Montesano,2017-12-12 03:47:40.633950
2016-05-01,07:45,46.3,46.2,46.2,99.3,0.38,NE@3.5,5.3,54.8,0.0,414,"Montesano, Grays Harbor County",310022,Montesano,2017-12-12 03:47:40.633950
2016-05-01,08:00,47.7,47.7,47.6,99.3,0.33,NE@4.1,5.7,54.8,0.0,457,"Montesano, Grays Harbor County",310022,Montesano,2017-12-12 03:47:40.633950
2016-05-01,08:15,49.8,50.9,49.6,99.3,0.29,NE@3.9,6.0,54.8,0.0,501,"Montesano, Grays Harbor County",310022,Montesano,2017-12-12 03:47:40.633950
2016-05-01,08:30,52.5,53.5,51.4,95.9,0.24,NE@4.0,5.7,54.7,0.0,544,"Montesano, Grays Harbor County",310022,Montesano,2017-12-12 03:47:40.633950
2016-05-01,08:45,56.0,56.5,50.5,81.8,0.21,E@3.2,6.0,54.7,0.0,585,"Montesano, Grays Harbor County",310022,Montesano,2017-12-12 03:47:40.633950
2016-05-01,09:00,59.6,59.6,48.1,65.6,0.19,NE@2.9,6.0,54.7,0.0,626,"Montesano, Grays Harbor County",310022,Montesano,2017-12-12 03:47:40.633950
2016-05-01,09:15,61.6,61.4,47.1,58.8,0.18,E@4.5,7.8,54.6,0.0,663,"Montesano, Grays Harbor County",310022,Montesano,2017-12-12 03:47:40.633950
2016-05-01,09:30,62.8,62.7,47.0,56.1,0.16,NE@6.2,9.6,54.6,0.0,700,"Montesano, Grays Harbor County",310022,Montesano,2017-12-12 03:47:40.633950
2016-05-01,09:45,64.5,64.2,46.7,52.3,0.15,NE@6.7,9.9,54.6,0.0,734,"Montesano, Grays Harbor County",310022,Montesano,2017-12-12 03:47:40.633950
2016-05-01,10:00,65.8,65.5,46.2,49.1,0.14,NE@6.4,9.2,54.6,0.0,766,"Montesano, Grays Harbor County",310022,Montesano,2017-12-12 03:47:40.633950
2016-05-01,10:15,67.2,66.9,47.0,48.2,0.12,E@6.0,11.0,54.5,0.0,795,"Montesano, Grays Harbor County",310022,Montesano,2017-12-12 03:47:40.633950
2016-05-01,10:30,67.9,67.6,46.3,45.8,0.1,E@7.0,12.1,54.5,0.0,822,"Montesano, Grays Harbor County",310022,Montesano,2017-12-12 03:47:40.633950
2016-05-01,10:45,68.9,68.5,46.2,44.2,0.07,NE@8.2,12.8,54.5,0.0,846,"Montesano, Grays Harbor County",310022,Montesano,2017-12-12 03:47:40.633950
2016-05-01,11:00,69.6,69.3,45.9,42.6,0.05,E@7.6,12.4,54.5,0.0,865,"Montesano, Grays Harbor County",310022,Montesano,2017-12-12 03:47:40.633950
2016-05-01,11:15,70.2,69.9,45.9,41.7,0.04,NE@6.8,11.0,54.4,0.0,885,"Montesano, Grays Harbor County",310022,Montesano,2017-12-12 03:47:40.633950
2016-05-01,11:30,71.3,71.0,46.5,41.1,0.02,NE@5.9,9.9,54.4,0.0,899,"Montesano, Grays Harbor County",310022,Montesano,2017-12-12 03:47:40.633950
2016-05-01,11:45,72.2,71.8,46.1,39.3,0.01,NE@6.2,9.6,54.4,0.0,909,"Montesano, Grays Harbor County",310022,Montesano,2017-12-12 03:47:40.633950
2016-05-01,12:00,72.9,72.6,45.9,38.1,0.0,E@5.7,11.7,54.4,0.0,915,"Montesano, Grays Harbor County",310022,Montesano,2017-12-12 03:47:40.633950
2016-05-01,12:15,73.8,73.4,45.6,36.5,0.0,NE@6.8,10.7,54.4,0.0,918,"Montesano, Grays Harbor County",310022,Montesano,2017-12-12 03:47:40.633950
2016-05-01,12:30,74.7,74.3,44.7,34.3,0.0,NE@6.6,10.7,54.4,0.0,918,"Montesano, Grays Harbor County",310022,Montesano,2017-12-12 03:47:40.633950
2016-05-01,12:45,75.6,75.2,44.5,33.0,0.0,E@6.8,12.4,54.4,0.0,913,"Montesano, Grays Harbor County",310022,Montesano,2017-12-12 03:47:40.633950
2016-05-01,13:00,75.9,75.5,44.7,32.8,0.0,E@7.1,11.0,54.4,0.0,905,"Montesano, Grays Harbor County",310022,Montesano,2017-12-12 03:47:40.633950
2016-05-01,13:15,76.4,76.0,44.9,32.6,0.0,E@6.0,9.2,54.4,0.0,893,"Montesano, Grays Harbor County",310022,Montesano,2017-12-12 03:47:40.633950
2016-05-01,13:30,77.0,76.6,44.7,31.7,0.0,NE@5.9,10.3,54.4,0.0,879,"Montesano, Grays Harbor County",310022,Montesano,2017-12-12 03:47:40.633950
2016-05-01,13:45,77.2,76.8,44.7,31.5,0.0,NE@6.7,12.1,54.5,0.0,862,"Montesano, Grays Harbor County",310022,Montesano,2017-12-12 03:47:40.633950
2016-05-01,14:00,77.5,77.2,44.6,31.0,0.0,E@7.0,12.4,54.5,0.0,842,"Montesano, Grays Harbor County",310022,Montesano,2017-12-12 03:47:40.633950
2016-05-01,14:15,77.7,77.3,44.2,30.4,0.0,NE@6.6,12.4,54.5,0.0,817,"Montesano, Grays Harbor County",310022,Montesano,2017-12-12 03:47:40.633950
2016-05-01,14:30,78.1,77.8,44.1,29.8,0.0,E@5.6,9.6,54.5,0.0,791,"Montesano, Grays Harbor County",310022,Montesano,2017-12-12 03:47:40.633950
2016-05-01,14:45,78.7,78.3,43.9,29.1,0.0,NE@5.0,9.2,54.6,0.0,761,"Montesano, Grays Harbor County",310022,Montesano,2017-12-12 03:47:40.633950
2016-05-01,15:00,78.8,78.4,43.5,28.5,0.0,NE@5.9,9.9,54.6,0.0,728,"Montesano, Grays Harbor County",310022,Montesano,2017-12-12 03:47:40.633950
2016-05-01,15:15,79.3,78.9,43.7,28.3,0.0,NE@5.6,9.2,54.7,0.0,692,"Montesano, Grays Harbor County",310022,Montesano,2017-12-12 03:47:40.633950
2016-05-01,15:30,79.7,79.3,42.9,27.1,0.0,NE@4.8,8.9,54.7,0.0,653,"Montesano, Grays Harbor County",310022,Montesano,2017-12-12 03:47:40.633950
2016-05-01,15:45,80.1,79.7,42.9,26.8,0.0,E@4.4,9.2,54.8,0.0,612,"Montesano, Grays Harbor County",310022,Montesano,2017-12-12 03:47:40.633950
2016-05-01,16:00,80.0,79.6,42.3,26.2,0.0,NE@5.3,13.2,54.8,0.0,571,"Montesano, Grays Harbor County",310022,Montesano,2017-12-12 03:47:40.633950
2016-05-01,16:15,80.0,79.6,42.7,26.7,0.0,NE@6.5,9.9,54.9,0.0,530,"Montesano, Grays Harbor County",310022,Montesano,2017-12-12 03:47:40.633950
2016-05-01,16:30,80.4,80.1,43.2,26.8,0.0,N@4.1,6.7,55.0,0.0,487,"Montesano, Grays Harbor County",310022,Montesano,2017-12-12 03:47:40.633950
2016-05-01,16:45,80.2,79.8,42.3,26.1,0.0,NE@5.3,8.9,55.1,0.0,442,"Montesano, Grays Harbor County",310022,Montesano,2017-12-12 03:47:40.633950
2016-05-01,17:00,79.9,79.6,43.1,27.1,0.0,NE@5.8,9.2,55.1,0.0,397,"Montesano, Grays Harbor County",310022,Montesano,2017-12-12 03:47:40.633950
2016-05-01,17:15,79.5,79.2,43.2,27.6,0.0,NE@5.4,8.9,55.2,0.0,351,"Montesano, Grays Harbor County",310022,Montesano,2017-12-12 03:47:40.633950
2016-05-01,17:30,79.4,79.1,43.5,28.0,0.0,E@4.7,7.8,55.3,0.0,306,"Montesano, Grays Harbor County",310022,Montesano,2017-12-12 03:47:40.633950
2016-05-01,17:45,78.7,78.4,44.1,29.4,0.0,NE@4.9,9.2,55.4,0.0,260,"Montesano, Grays Harbor County",310022,Montesano,2017-12-12 03:47:40.633950
2016-05-01,18:00,78.0,77.9,44.2,30.1,0.0,E@3.9,6.0,55.5,0.0,215,"Montesano, Grays Harbor County",310022,Montesano,2017-12-12 03:47:40.633950
2016-05-01,18:15,77.2,77.2,43.6,30.2,0.0,E@4.2,6.7,55.6,0.0,173,"Montesano, Grays Harbor County",310022,Montesano,2017-12-12 03:47:40.633950
2016-05-01,18:30,76.7,76.6,43.7,30.8,0.0,E@3.4,5.3,55.6,0.0,133,"Montesano, Grays Harbor County",310022,Montesano,2017-12-12 03:47:40.633950
2016-05-01,18:45,75.3,75.2,44.8,33.7,0.0,NE@3.3,4.9,55.7,0.0,96,"Montesano, Grays Harbor County",310022,Montesano,2017-12-12 03:47:40.633950
2016-05-01,19:00,72.3,72.1,48.2,42.4,0.0,NE@3.6,4.6,55.8,0.0,62,"Montesano, Grays Harbor County",310022,Montesano,2017-12-12 03:47:40.633950
2016-05-01,19:15,68.2,68.1,50.7,53.6,0.0,NE@3.9,4.9,55.9,0.0,32,"Montesano, Grays Harbor County",310022,Montesano,2017-12-12 03:47:40.633950
2016-05-01,19:30,65.6,65.5,52.1,61.7,0.0,NE@3.9,4.9,56.0,0.0,8,"Montesano, Grays Harbor County",310022,Montesano,2017-12-12 03:47:40.633950
2016-05-01,19:45,62.7,62.7,52.1,68.1,0.0,NE@3.8,4.6,56.1,0.0,2,"Montesano, Grays Harbor County",310022,Montesano,2017-12-12 03:47:40.633950
2016-05-01,20:00,62.4,62.3,51.6,67.7,0.0,NE@3.9,5.3,56.2,0.0,1,"Montesano, Grays Harbor County",310022,Montesano,2017-12-12 03:47:40.633950
2016-05-01,20:15,61.5,61.5,51.7,70.1,0.0,NE@4.2,5.3,56.3,0.0,0,"Montesano, Grays Harbor County",310022,Montesano,2017-12-12 03:47:40.633950
2016-05-01,20:30,59.7,59.6,52.4,76.8,0.0,NE@1.2,3.9,56.3,0.0,0,"Montesano, Grays Harbor County",310022,Montesano,2017-12-12 03:47:40.633950
2016-05-01,20:45,58.7,58.6,52.2,78.9,0.01,NE@1.3,3.5,56.4,0.0,0,"Montesano, Grays Harbor County",310022,Montesano,2017-12-12 03:47:40.633950
2016-05-01,21:00,58.3,58.3,52.0,79.7,0.01,NE@1.6,3.5,56.5,0.0,0,"Montesano, Grays Harbor County",310022,Montesano,2017-12-12 03:47:40.633950
2016-05-01,21:15,57.6,57.6,52.7,83.5,0.02,NE@0.7,2.4,56.6,0.0,0,"Montesano, Grays Harbor County",310022,Montesano,2017-12-12 03:47:40.633950
2016-05-01,21:30,56.8,56.8,51.9,83.6,0.02,N@2.1,3.9,56.6,0.0,0,"Montesano, Grays Harbor County",310022,Montesano,2017-12-12 03:47:40.633950
2016-05-01,21:45,55.8,55.8,51.8,86.3,0.03,NE@2.2,3.5,56.7,0.0,0,"Montesano, Grays Harbor County",310022,Montesano,2017-12-12 03:47:40.633950
2016-05-01,22:00,54.7,54.7,50.8,86.6,0.05,NW@1.0,3.1,56.8,0.0,0,"Montesano, Grays Harbor County",310022,Montesano,2017-12-12 03:47:40.633950
2016-05-01,22:15,54.4,54.5,50.6,86.9,0.06,N@1.2,3.9,56.8,0.0,0,"Montesano, Grays Harbor County",310022,Montesano,2017-12-12 03:47:40.633950
2016-05-01,22:30,54.1,54.1,51.1,89.3,0.12,SE@1.7,3.5,56.9,0.0,0,"Montesano, Grays Harbor County",310022,Montesano,2017-12-12 03:47:40.633950
2016-05-01,22:45,54.2,54.2,51.5,90.6,0.16,E@3.0,4.6,56.9,0.0,0,"Montesano, Grays Harbor County",310022,Montesano,2017-12-12 03:47:40.633950
2016-05-01,23:00,53.6,53.6,51.6,92.9,0.18,NE@3.9,4.9,57.0,0.0,0,"Montesano, Grays Harbor County",310022,Montesano,2017-12-12 03:47:40.633950
2016-05-02,23:15,52.5,52.5,50.4,92.4,0.22,NE@2.6,4.2,57.0,0.0,0,"Montesano, Grays Harbor County",310022,Montesano,2017-12-12 03:47:40.633950
2016-05-02,23:30,51.8,51.8,50.0,93.4,0.36,NE@1.6,2.8,57.1,0.0,0,"Montesano, Grays Harbor County",310022,Montesano,2017-12-12 03:47:40.633950
2016-05-02,23:45,51.8,51.8,50.3,94.4,0.42,NE@2.4,3.1,57.1,0.0,0,"Montesano, Grays Harbor County",310022,Montesano,2017-12-12 03:47:40.633950
2016-05-02,24:00,51.0,50.9,49.6,95.1,0.44,N@2.0,3.1,57.1,0.0,0,"Montesano, Grays Harbor County",310022,Montesano,2017-12-12 03:47:40.633950
2016-05-02,00:15,50.8,50.8,49.8,96.2,0.45,NE@2.5,4.9,57.2,0.0,0,"Montesano, Grays Harbor County",310022,Montesano,2017-12-12 03:47:40.633950
2016-05-02,00:30,50.8,50.7,49.9,96.7,0.47,NE@1.5,3.5,57.2,0.0,0,"Montesano, Grays Harbor County",310022,Montesano,2017-12-12 03:47:40.633950
2016-05-02,00:45,50.5,50.5,49.7,97.0,0.48,NE@2.4,3.5,57.2,0.0,0,"Montesano, Grays Harbor County",310022,Montesano,2017-12-12 03:47:40.633950
2016-05-02,01:00,50.4,50.4,49.7,97.3,0.49,NE@3.3,5.3,57.2,0.0,0,"Montesano, Grays Harbor County",310022,Montesano,2017-12-12 03:47:40.633950
2016-05-02,01:15,50.5,50.7,49.7,96.7,0.5,NE@3.6,4.9,57.2,0.0,0,"Montesano, Grays Harbor County",310022,Montesano,2017-12-12 03:47:40.633950
2016-05-02,01:30,50.0,50.0,49.0,96.6,0.51,NE@2.0,4.2,57.2,0.0,0,"Montesano, Grays Harbor County",310022,Montesano,2017-12-12 03:47:40.633950
2016-05-02,01:45,49.9,49.9,49.1,96.9,0.51,NE@2.7,4.2,57.2,0.0,0,"Montesano, Grays Harbor County",310022,Montesano,2017-12-12 03:47:40.633950
2016-05-02,02:00,49.4,49.5,48.6,97.0,0.52,NE@3.8,4.9,57.2,0.0,0,"Montesano, Grays Harbor County",310022,Montesano,2017-12-12 03:47:40.633950
2016-05-02,02:15,49.3,49.4,48.5,96.8,0.53,NE@3.6,4.9,57.2,0.0,0,"Montesano, Grays Harbor County",310022,Montesano,2017-12-12 03:47:40.633950
2016-05-02,02:30,49.0,49.0,48.2,96.9,0.53,NE@3.1,4.6,57.2,0.0,0,"Montesano, Grays Harbor County",310022,Montesano,2017-12-12 03:47:40.633950
2016-05-02,02:45,48.1,48.1,47.4,97.1,0.53,NE@2.6,3.5,57.2,0.0,0,"Montesano, Grays Harbor County",310022,Montesano,2017-12-12 03:47:40.633950
2016-05-02,03:00,47.9,47.9,47.4,97.9,0.54,NE@2.9,3.9,57.2,0.0,0,"Montesano, Grays Harbor County",310022,Montesano,2017-12-12 03:47:40.633950
2016-05-02,03:15,48.1,48.1,47.5,97.9,0.54,E@3.2,4.9,57.2,0.0,0,"Montesano, Grays Harbor County",310022,Montesano,2017-12-12 03:47:40.633950
2016-05-02,03:30,48.2,48.3,47.5,97.2,0.55,NE@2.7,5.3,57.2,0.0,0,"Montesano, Grays Harbor County",310022,Montesano,2017-12-12 03:47:40.633950
2016-05-02,03:45,47.8,47.8,47.1,97.4,0.55,NE@2.5,4.9,57.2,0.0,0,"Montesano, Grays Harbor County",310022,Montesano,2017-12-12 03:47:40.633950
2016-05-02,04:00,48.2,48.3,47.5,97.5,0.56,NE@4.8,6.4,57.1,0.0,0,"Montesano, Grays Harbor County",310022,Montesano,2017-12-12 03:47:40.633950
2016-05-02,04:15,48.1,48.2,47.3,97.2,0.56,NE@4.0,6.0,57.1,0.0,0,"Montesano, Grays Harbor County",310022,Montesano,2017-12-12 03:47:40.633950
2016-05-02,04:30,47.7,47.7,47.0,97.2,0.56,NE@2.3,4.6,57.1,0.0,0,"Montesano, Grays Harbor County",310022,Montesano,2017-12-12 03:47:40.633950
2016-05-02,04:45,47.4,47.5,46.7,97.2,0.56,NE@1.9,3.9,57.1,0.0,2,"Montesano, Grays Harbor County",310022,Montesano,2017-12-12 03:47:40.633950
2016-05-02,05:00,47.1,47.0,46.5,97.7,0.56,E@1.6,3.1,57.1,0.0,4,"Montesano, Grays Harbor County",310022,Montesano,2017-12-12 03:47:40.633950
2016-05-02,05:15,46.6,46.6,46.0,97.9,0.56,SE@1.4,4.2,57.1,0.0,12,"Montesano, Grays Harbor County",310022,Montesano,2017-12-12 03:47:40.633950
2016-05-02,05:30,46.6,46.6,46.0,97.9,0.57,NE@2.1,4.2,57.0,0.0,23,"Montesano, Grays Harbor County",310022,Montesano,2017-12-12 03:47:40.633950
2016-05-02,05:45,47.0,47.1,46.1,96.9,0.58,NE@1.8,4.9,57.0,0.0,56,"Montesano, Grays Harbor County",310022,Montesano,2017-12-12 03:47:40.633950
2016-05-02,06:00,48.5,48.6,47.2,95.2,0.59,NE@2.7,4.9,57.0,0.0,123,"Montesano, Grays Harbor County",310022,Montesano,2017-12-12 03:47:40.633950
2016-05-02,06:15,49.5,49.4,47.5,92.7,0.6,NE@3.8,5.3,57.0,0.0,160,"Montesano, Grays Harbor County",310022,Montesano,2017-12-12 03:47:40.633950
2016-05-02,06:30,50.2,49.8,47.7,91.2,0.61,NE@3.9,5.7,56.9,0.0,197,"Montesano, Grays Harbor County",310022,Montesano,2017-12-12 03:47:40.633950
2016-05-02,06:45,51.8,51.9,48.9,89.7,0.62,E@2.4,4.9,56.9,0.0,235,"Montesano, Grays Harbor County",310022,Montesano,2017-12-12 03:47:40.633950
2016-05-02,07:00,53.3,53.4,49.5,86.9,0.55,NE@4.1,6.7,56.9,0.0,272,"Montesano, Grays Harbor County",310022,Montesano,2017-12-12 03:47:40.633950
2016-05-02,07:15,54.6,54.6,50.2,84.9,0.37,NE@5.1,7.4,56.9,0.0,312,"Montesano, Grays Harbor County",310022,Montesano,2017-12-12 03:47:40.633950
2016-05-02,07:30,56.8,56.8,51.2,81.5,0.25,E@4.1,8.2,56.8,0.0,365,"Montesano, Grays Harbor County",310022,Montesano,2017-12-12 03:47:40.633950
2016-05-02,07:45,58.7,58.7,52.0,78.3,0.15,SE@2.8,6.4,56.8,0.0,414,"Montesano, Grays Harbor County",310022,Montesano,2017-12-12 03:47:40.633950
2016-05-02,08:00,59.8,59.9,52.6,77.0,0.09,SW@0.8,3.9,56.8,0.0,456,"Montesano, Grays Harbor County",310022,Montesano,2017-12-12 03:47:40.633950
2016-05-02,08:15,62.6,62.6,53.1,70.9,0.06,E@2.0,3.9,56.7,0.0,499,"Montesano, Grays Harbor County",310022,Montesano,2017-12-12 03:47:40.633950
2016-05-02,08:30,64.5,64.5,52.4,64.8,0.04,NE@3.2,5.7,56.7,0.0,540,"Montesano, Grays Harbor County",310022,Montesano,2017-12-12 03:47:40.633950
2016-05-02,08:45,66.0,65.7,52.8,62.3,0.02,NE@5.3,8.2,56.7,0.0,603,"Montesano, Grays Harbor County",310022,Montesano,2017-12-12 03:47:40.633950
2016-05-02,09:00,66.9,66.6,52.3,59.3,0.01,NE@6.0,8.9,56.6,0.0,627,"Montesano, Grays Harbor County",310022,Montesano,2017-12-12 03:47:40.633950
2016-05-02,09:15,68.1,67.8,52.4,57.2,0.01,NE@6.2,9.2,56.6,0.0,656,"Montesano, Grays Harbor County",310022,Montesano,2017-12-12 03:47:40.633950
2016-05-02,09:30,70.0,69.6,53.8,56.4,0.01,NE@6.5,9.9,56.6,0.0,693,"Montesano, Grays Harbor County",310022,Montesano,2017-12-12 03:47:40.633950
2016-05-02,09:45,71.4,71.1,52.9,51.9,0.0,NE@6.9,9.9,56.5,0.0,728,"Montesano, Grays Harbor County",310022,Montesano,2017-12-12 03:47:40.633950
2016-05-02,10:00,73.5,73.2,51.3,45.7,0.0,NE@6.9,10.3,56.5,0.0,758,"Montesano, Grays Harbor County",310022,Montesano,2017-12-12 03:47:40.633950
2016-05-02,10:15,75.2,74.9,49.3,40.0,0.0,NE@6.9,10.3,56.5,0.0,783,"Montesano, Grays Harbor County",310022,Montesano,2017-12-12 03:47:40.633950
2016-05-02,10:30,76.5,76.1,49.9,39.2,0.0,NE@6.8,10.3,56.5,0.0,808,"Montesano, Grays Harbor County",310022,Montesano,2017-12-12 03:47:40.633950
2016-05-02,10:45,77.7,77.3,50.2,38.0,0.0,NE@7.2,11.0,56.4,0.0,843,"Montesano, Grays Harbor County",310022,Montesano,2017-12-12 03:47:40.633950
2016-05-02,11:00,78.9,78.5,49.5,35.7,0.0,NE@7.5,11.4,56.4,0.0,855,"Montesano, Grays Harbor County",310022,Montesano,2017-12-12 03:47:40.633950
2016-05-02,11:15,79.3,78.9,48.5,34.0,0.0,NE@7.1,10.7,56.4,0.0,866,"Montesano, Grays Harbor County",310022,Montesano,2017-12-12 03:47:40.633950
2016-05-02,11:30,80.9,80.5,48.4,32.1,0.0,NE@6.4,11.0,56.4,0.0,886,"Montesano, Grays Harbor County",310022,Montesano,2017-12-12 03:47:40.633950
2016-05-02,11:45,81.7,81.3,47.7,30.4,0.0,NE@6.3,10.3,56.4,0.0,888,"Montesano, Grays Harbor County",310022,Montesano,2017-12-12 03:47:40.633950
2016-05-02,12:00,82.4,81.9,47.4,29.5,0.0,N@6.2,8.9,56.4,0.0,902,"Montesano, Grays Harbor County",310022,Montesano,2017-12-12 03:47:40.633950
2016-05-02,12:15,82.8,82.4,50.0,32.0,0.0,N@6.6,10.7,56.3,0.0,931,"Montesano, Grays Harbor County",310022,Montesano,2017-12-12 03:47:40.633950
2016-05-02,12:30,83.4,82.9,49.9,31.4,0.0,NE@6.4,11.4,56.4,0.0,926,"Montesano, Grays Harbor County",310022,Montesano,2017-12-12 03:47:40.633950
2016-05-02,12:45,82.8,82.4,49.4,31.3,0.0,NE@6.6,10.3,56.4,0.0,676,"Montesano, Grays Harbor County",310022,Montesano,2017-12-12 03:47:40.633950
2016-05-02,13:00,80.7,80.5,51.6,36.4,0.0,NW@6.3,10.3,56.4,0.0,319,"Montesano, Grays Harbor County",310022,Montesano,2017-12-12 03:47:40.633950
2016-05-02,13:15,80.8,80.5,52.6,37.7,0.0,NW@13.8,21.8,56.4,0.0,635,"Montesano, Grays Harbor County",310022,Montesano,2017-12-12 03:47:40.633950
2016-05-02,13:30,81.7,81.3,51.8,35.5,0.0,NW@11.8,16.0,56.4,0.0,736,"Montesano, Grays Harbor County",310022,Montesano,2017-12-12 03:47:40.633950
2016-05-02,13:45,81.9,81.5,50.3,33.4,0.0,N@11.7,15.7,56.4,0.0,663,"Montesano, Grays Harbor County",310022,Montesano,2017-12-12 03:47:40.633950
2016-05-02,14:00,80.5,80.1,48.6,32.7,0.0,N@13.3,18.2,56.4,0.0,622,"Montesano, Grays Harbor County",310022,Montesano,2017-12-12 03:47:40.633950
2016-05-02,14:15,80.4,79.9,47.4,31.5,0.0,N@14.9,19.2,56.4,0.0,797,"Montesano, Grays Harbor County",310022,Montesano,2017-12-12 03:47:40.633950
2016-05-02,14:30,79.9,79.5,47.2,31.7,0.0,N@13.9,19.2,56.5,0.0,820,"Montesano, Grays Harbor County",310022,Montesano,2017-12-12 03:47:40.633950
2016-05-02,14:45,78.0,77.6,45.4,31.5,0.0,NW@15.2,19.2,56.5,0.0,615,"Montesano, Grays Harbor County",310022,Montesano,2017-12-12 03:47:40.633950
2016-05-02,15:00,76.7,76.4,45.7,33.3,0.0,NW@13.4,17.5,56.6,0.0,604,"Montesano, Grays Harbor County",310022,Montesano,2017-12-12 03:47:40.633950
2016-05-02,15:15,75.1,74.9,45.8,35.3,0.0,N@11.1,17.5,56.6,0.0,252,"Montesano, Grays Harbor County",310022,Montesano,2017-12-12 03:47:40.633950
2016-05-02,15:30,74.2,74.1,43.6,33.4,0.0,N@11.1,15.7,56.7,0.0,300,"Montesano, Grays Harbor County",310022,Montesano,2017-12-12 03:47:40.633950
2016-05-02,15:45,75.0,74.6,44.6,33.8,0.0,N@12.1,18.5,56.7,0.0,578,"Montesano, Grays Harbor County",310022,Montesano,2017-12-12 03:47:40.633950
2016-05-02,16:00,74.5,74.2,46.5,37.0,0.0,N@11.6,17.1,56.8,0.0,426,"Montesano, Grays Harbor County",310022,Montesano,2017-12-12 03:47:40.633950
2016-05-02,16:15,73.7,73.5,47.3,39.1,0.0,W@12.4,16.7,56.8,0.0,378,"Montesano, Grays Harbor County",310022,Montesano,2017-12-12 03:47:40.633950
2016-05-02,16:30,72.4,72.3,47.4,40.9,0.0,W@9.4,15.0,56.9,0.0,223,"Montesano, Grays Harbor County",310022,Montesano,2017-12-12 03:47:40.633950
2016-05-02,16:45,72.0,71.9,46.9,40.7,0.0,SW@9.5,13.5,56.9,0.0,265,"Montesano, Grays Harbor County",310022,Montesano,2017-12-12 03:47:40.633950
2016-05-02,17:00,70.7,70.6,47.3,43.2,0.0,SW@7.9,13.2,57.0,0.0,155,"Montesano, Grays Harbor County",310022,Montesano,2017-12-12 03:47:40.633950
2016-05-02,17:15,70.1,70.0,49.3,47.6,0.0,W@5.0,8.9,57.1,0.0,193,"Montesano, Grays Harbor County",310022,Montesano,2017-12-12 03:47:40.633950
2016-05-02,17:30,70.4,70.3,51.6,51.2,0.0,W@6.5,8.9,57.1,0.0,215,"Montesano, Grays Harbor County",310022,Montesano,2017-12-12 03:47:40.633950
2016-05-02,17:45,68.4,68.3,52.5,56.8,0.0,W@5.0,7.4,57.2,0.0,76,"Montesano, Grays Harbor County",310022,Montesano,2017-12-12 03:47:40.633950
2016-05-02,18:00,67.2,67.2,52.5,59.1,0.0,W@5.6,7.8,57.3,0.0,73,"Montesano, Grays Harbor County",310022,Montesano,2017-12-12 03:47:40.633950
2016-05-02,18:15,66.9,67.0,52.8,60.3,0.0,W@6.4,10.3,57.3,0.0,122,"Montesano, Grays Harbor County",310022,Montesano,2017-12-12 03:47:40.633950
2016-05-02,18:30,65.9,65.8,52.7,62.4,0.0,W@6.8,9.9,57.4,0.0,47,"Montesano, Grays Harbor County",310022,Montesano,2017-12-12 03:47:40.633950
2016-05-02,18:45,63.1,63.0,53.1,69.8,0.0,W@4.7,6.7,57.4,0.0,36,"Montesano, Grays Harbor County",310022,Montesano,2017-12-12 03:47:40.633950
2016-05-02,19:00,62.2,62.2,53.4,72.8,0.0,W@5.5,8.5,57.5,0.0,32,"Montesano, Grays Harbor County",310022,Montesano,2017-12-12 03:47:40.633950
2016-05-02,19:15,61.8,61.8,53.2,73.3,0.0,W@5.5,7.4,57.5,0.0,15,"Montesano, Grays Harbor County",310022,Montesano,2017-12-12 03:47:40.633950
2016-05-02,19:30,60.5,60.5,52.7,75.5,0.0,SW@5.1,6.4,57.6,0.0,4,"Montesano, Grays Harbor County",310022,Montesano,2017-12-12 03:47:40.633950
2016-05-02,19:45,59.7,59.7,52.5,77.0,0.0,W@4.4,5.7,57.6,0.0,2,"Montesano, Grays Harbor County",310022,Montesano,2017-12-12 03:47:40.633950
2016-05-02,20:00,59.7,59.8,52.6,77.1,0.0,SW@4.9,6.4,57.7,0.0,1,"Montesano, Grays Harbor County",310022,Montesano,2017-12-12 03:47:40.633950
2016-05-02,20:15,60.1,60.1,52.6,76.2,0.0,SW@6.5,9.9,57.7,0.0,0,"Montesano, Grays Harbor County",310022,Montesano,2017-12-12 03:47:40.633950
2016-05-02,20:30,59.2,59.2,53.7,82.1,0.01,W@7.2,9.6,57.8,0.0,0,"Montesano, Grays Harbor County",310022,Montesano,2017-12-12 03:47:40.633950
2016-05-02,20:45,58.3,58.3,54.4,86.6,0.01,W@6.2,8.9,57.8,0.0,0,"Montesano, Grays Harbor County",310022,Montesano,2017-12-12 03:47:40.633950
2016-05-02,21:00,57.9,57.9,54.6,88.5,0.01,W@4.8,7.4,57.8,0.0,0,"Montesano, Grays Harbor County",310022,Montesano,2017-12-12 03:47:40.633950
2016-05-02,21:15,57.7,57.7,54.8,90.1,0.02,W@5.4,7.8,57.9,0.0,0,"Montesano, Grays Harbor County",310022,Montesano,2017-12-12 03:47:40.633950
2016-05-02,21:30,57.7,57.7,54.8,90.2,0.04,W@5.1,7.1,57.9,0.0,0,"Montesano, Grays Harbor County",310022,Montesano,2017-12-12 03:47:40.633950
2016-05-02,21:45,57.5,57.5,55.3,92.1,0.03,W@5.3,7.4,57.9,0.0,0,"Montesano, Grays Harbor County",310022,Montesano,2017-12-12 03:47:40.633950
2016-05-02,22:00,57.5,57.5,55.2,92.0,0.04,SW@3.1,4.6,58.0,0.0,0,"Montesano, Grays Harbor County",310022,Montesano,2017-12-12 03:47:40.633950
2016-05-02,22:15,57.1,57.1,55.2,93.4,0.06,SW@3.8,5.7,58.0,0.0,0,"Montesano, Grays Harbor County",310022,Montesano,2017-12-12 03:47:40.633950
2016-05-02,22:30,57.0,57.0,55.2,93.5,0.07,W@2.6,4.6,58.0,0.0,0,"Montesano, Grays Harbor County",310022,Montesano,2017-12-12 03:47:40.633950
2016-05-02,22:45,57.1,57.1,55.2,93.4,0.08,SW@3.2,6.4,58.0,0.0,0,"Montesano, Grays Harbor County",310022,Montesano,2017-12-12 03:47:40.633950
2016-05-02,23:00,57.3,57.4,55.3,92.7,0.09,SW@7.0,9.9,58.1,0.0,0,"Montesano, Grays Harbor County",310022,Montesano,2017-12-12 03:47:40.633950
2016-05-03,23:15,56.9,56.9,54.9,93.0,0.09,W@7.2,9.6,58.1,0.0,0,"Montesano, Grays Harbor County",310022,Montesano,2017-12-12 03:47:40.633950
2016-05-03,23:30,57.0,57.0,54.8,92.5,0.07,SW@6.6,9.2,58.1,0.0,0,"Montesano, Grays Harbor County",310022,Montesano,2017-12-12 03:47:40.633950
2016-05-03,23:45,57.0,57.1,54.7,92.0,0.06,W@7.7,11.7,58.1,0.0,0,"Montesano, Grays Harbor County",310022,Montesano,2017-12-12 03:47:40.633950
2016-05-03,24:00,56.8,56.8,54.3,91.4,0.06,W@6.9,9.2,58.1,0.0,0,"Montesano, Grays Harbor County",310022,Montesano,2017-12-12 03:47:40.633950
2016-05-03,00:15,56.7,56.7,54.2,91.4,0.06,W@5.0,7.4,58.1,0.0,0,"Montesano, Grays Harbor County",310022,Montesano,2017-12-12 03:47:40.633950
2016-05-03,00:30,56.6,56.6,54.5,92.6,0.08,W@4.8,7.4,58.1,0.0,0,"Montesano, Grays Harbor County",310022,Montesano,2017-12-12 03:47:40.633950
2016-05-03,00:45,56.7,56.7,54.8,93.5,0.3,W@6.0,7.8,58.1,0.0,0,"Montesano, Grays Harbor County",310022,Montesano,2017-12-12 03:47:40.633950
2016-05-03,01:00,56.8,56.9,54.6,92.3,0.19,W@7.1,12.4,58.1,0.0,0,"Montesano, Grays Harbor County",310022,Montesano,2017-12-12 03:47:40.633950
2016-05-03,01:15,56.9,56.9,54.3,90.9,0.19,W@8.1,14.6,58.1,0.0,0,"Montesano, Grays Harbor County",310022,Montesano,2017-12-12 03:47:40.633950
2016-05-03,01:30,56.7,56.7,54.3,91.4,0.23,W@6.6,9.9,58.1,0.0,0,"Montesano, Grays Harbor County",310022,Montesano,2017-12-12 03:47:40.633950
2016-05-03,01:45,56.3,56.4,54.1,92.0,0.19,W@4.8,8.5,58.1,0.0,0,"Montesano, Grays Harbor County",310022,Montesano,2017-12-12 03:47:40.633950
2016-05-03,02:00,56.4,56.4,54.1,92.2,0.15,W@3.6,5.3,58.1,0.0,0,"Montesano, Grays Harbor County",310022,Montesano,2017-12-12 03:47:40.633950
2016-05-03,02:15,56.2,56.1,54.2,93.1,0.15,W@3.3,5.3,58.1,0.0,0,"Montesano, Grays Harbor County",310022,Montesano,2017-12-12 03:47:40.633950
2016-05-03,02:30,55.9,55.9,54.1,93.4,0.17,SW@3.7,6.4,58.1,0.0,0,"Montesano, Grays Harbor County",310022,Montesano,2017-12-12 03:47:40.633950
2016-05-03,02:45,56.3,56.4,54.3,92.8,0.11,SW@5.1,6.7,58.1,0.0,0,"Montesano, Grays Harbor County",310022,Montesano,2017-12-12 03:47:40.633950
2016-05-03,03:00,56.5,56.5,54.3,92.3,0.09,SW@6.5,8.5,58.1,0.0,0,"Montesano, Grays Harbor County",310022,Montesano,2017-12-12 03:47:40.633950
2016-05-03,03:15,56.6,56.6,54.1,91.4,0.08,W@6.2,8.5,58.0,0.0,0,"Montesano, Grays Harbor County",310022,Montesano,2017-12-12 03:47:40.633950
2016-05-03,03:30,56.1,56.1,54.1,92.8,0.1,W@5.3,7.4,58.0,0.0,0,"Montesano, Grays Harbor County",310022,Montesano,2017-12-12 03:47:40.633950
2016-05-03,03:45,55.7,55.7,54.1,94.3,0.17,SW@4.3,7.1,58.0,0.0,0,"Montesano, Grays Harbor County",310022,Montesano,2017-12-12 03:47:40.633950
2016-05-03,04:00,55.9,55.9,54.2,94.1,0.36,SW@5.8,10.3,58.0,0.01,0,"Montesano, Grays Harbor County",310022,Montesano,2017-12-12 03:47:40.633950
2016-05-03,04:15,55.7,55.7,54.1,94.1,0.44,SW@4.4,7.8,58.0,0.01,0,"Montesano, Grays Harbor County",310022,Montesano,2017-12-12 03:47:40.633950
2016-05-03,04:30,55.5,55.5,54.1,94.9,0.48,SW@4.6,6.7,58.0,0.0,0,"Montesano, Grays Harbor County",310022,Montesano,2017-12-12 03:47:40.633950
2016-05-03,04:45,55.5,55.4,54.0,94.6,0.47,SW@3.4,4.9,58.0,0.0,2,"Montesano, Grays Harbor County",310022,Montesano,2017-12-12 03:47:40.633950
2016-05-03,05:00,55.2,55.2,53.8,95.0,0.52,SW@2.7,4.2,58.0,0.0,2,"Montesano, Grays Harbor County",310022,Montesano,2017-12-12 03:47:40.633950
2016-05-03,05:15,54.8,54.7,53.5,95.3,0.52,W@2.9,4.2,57.9,0.0,7,"Montesano, Grays Harbor County",310022,Montesano,2017-12-12 03:47:40.633950
2016-05-03,05:30,54.1,54.0,53.3,96.8,0.54,W@1.8,3.1,57.9,0.0,17,"Montesano, Grays Harbor County",310022,Montesano,2017-12-12 03:47:40.633950
2016-05-03,05:45,54.4,54.2,53.7,97.5,0.57,SW@0.3,2.4,57.9,0.0,35,"Montesano, Grays Harbor County",310022,Montesano,2017-12-12 03:47:40.633950
2016-05-03,06:00,54.8,54.7,54.2,97.6,0.59,SW@1.5,2.8,57.9,0.0,42,"Montesano, Grays Harbor County",310022,Montesano,2017-12-12 03:47:40.633950
2016-05-03,06:15,55.2,55.2,54.5,97.4,0.57,SW@2.0,3.1,57.9,0.0,65,"Montesano, Grays Harbor County",310022,Montesano,2017-12-12 03:47:40.633950
2016-05-03,06:30,55.7,55.9,54.7,96.3,0.54,SW@2.4,7.1,57.9,0.0,94,"Montesano, Grays Harbor County",310022,Montesano,2017-12-12 03:47:40.633950
2016-05-03,06:45,56.3,56.3,54.8,94.6,0.51,SW@5.0,7.1,57.9,0.0,105,"Montesano, Grays Harbor County",310022,Montesano,2017-12-12 03:47:40.633950
2016-05-03,07:00,56.7,56.6,54.9,93.6,0.46,SW@5.1,6.7,57.8,0.0,134,"Montesano, Grays Harbor County",310022,Montesano,2017-12-12 03:47:40.633950
2016-05-03,07:15,56.9,56.9,54.8,92.4,0.35,SW@4.9,7.1,57.8,0.0,147,"Montesano, Grays Harbor County",310022,Montesano,2017-12-12 03:47:40.633950
2016-05-03,07:30,57.4,57.3,54.8,91.2,0.29,SW@5.6,7.8,57.8,0.0,184,"Montesano, Grays Harbor County",310022,Montesano,2017-12-12 03:47:40.633950
2016-05-03,07:45,57.7,57.7,54.7,89.6,0.23,SW@4.5,7.4,57.8,0.0,181,"Montesano, Grays Harbor County",310022,Montesano,2017-12-12 03:47:40.633950
2016-05-03,08:00,58.2,58.1,54.7,87.9,0.2,SW@5.6,9.2,57.8,0.0,222,"Montesano, Grays Harbor County",310022,Montesano,2017-12-12 03:47:40.633950
2016-05-03,08:15,58.6,58.5,54.5,86.3,0.17,SW@4.8,7.1,57.8,0.0,206,"Montesano, Grays Harbor County",310022,Montesano,2017-12-12 03:47:40.633950
2016-05-03,08:30,58.9,58.7,55.2,87.6,0.16,W@5.1,7.1,57.7,0.0,247,"Montesano, Grays Harbor County",310022,Montesano,2017-12-12 03:47:40.633950
2016-05-03,08:45,58.9,58.8,55.1,87.0,0.15,W@5.5,8.5,57.7,0.0,222,"Montesano, Grays Harbor County",310022,Montesano,2017-12-12 03:47:40.633950
2016-05-03,09:00,59.2,59.1,55.0,85.8,0.15,W@5.2,8.2,57.7,0.0,259,"Montesano, Grays Harbor County",310022,Montesano,2017-12-12 03:47:40.633950
2016-05-03,09:15,59.4,59.3,54.8,84.6,0.14,W@6.4,9.6,57.7,0.0,235,"Montesano, Grays Harbor County",310022,Montesano,2017-12-12 03:47:40.633950
2016-05-03,09:30,59.6,59.5,55.3,85.4,0.13,W@6.2,8.5,57.7,0.0,257,"Montesano, Grays Harbor County",310022,Montesano,2017-12-12 03:47:40.633950
2016-05-03,09:45,60.4,60.2,55.6,84.1,0.13,W@6.7,10.3,57.7,0.0,333,"Montesano, Grays Harbor County",310022,Montesano,2017-12-12 03:47:40.633950
2016-05-03,10:00,60.8,60.6,55.1,81.3,0.12,W@7.4,10.3,57.6,0.0,441,"Montesano, Grays Harbor County",310022,Montesano,2017-12-12 03:47:40.633950
2016-05-03,10:15,61.7,61.5,55.1,78.9,0.12,W@6.9,10.3,57.6,0.0,473,"Montesano, Grays Harbor County",310022,Montesano,2017-12-12 03:47:40.633950
2016-05-03,10:30,62.2,62.0,55.0,77.1,0.11,W@8.0,12.1,57.6,0.0,487,"Montesano, Grays Harbor County",310022,Montesano,2017-12-12 03:47:40.633950
2016-05-03,10:45,61.8,61.6,55.5,79.9,0.1,W@8.1,11.0,57.6,0.0,422,"Montesano, Grays Harbor County",310022,Montesano,2017-12-12 03:47:40.633950
2016-05-03,11:00,61.7,61.5,55.5,80.0,0.09,W@10.2,13.5,57.6,0.0,306,"Montesano, Grays Harbor County",310022,Montesano,2017-12-12 03:47:40.633950
2016-05-03,11:15,60.9,60.8,54.9,80.3,0.08,SW@9.4,13.2,57.6,0.0,327,"Montesano, Grays Harbor County",310022,Montesano,2017-12-12 03:47:40.633950
2016-05-03,11:30,61.9,61.7,54.9,77.8,0.07,W@9.0,12.8,57.6,0.0,471,"Montesano, Grays Harbor County",310022,Montesano,2017-12-12 03:47:40.633950
2016-05-03,11:45,62.7,62.4,55.1,76.0,0.06,W@9.7,15.7,57.6,0.0,565,"Montesano, Grays Harbor County",310022,Montesano,2017-12-12 03:47:40.633950
2016-05-03,12:00,62.0,61.8,54.5,76.5,0.04,W@10.4,14.2,57.6,0.0,458,"Montesano, Grays Harbor County",310022,Montesano,2017-12-12 03:47:40.633950
2016-05-03,12:15,62.5,62.3,54.4,74.7,0.04,W@11.1,16.0,57.6,0.0,584,"Montesano, Grays Harbor County",310022,Montesano,2017-12-12 03:47:40.633950
2016-05-03,12:30,62.1,61.9,54.2,75.0,0.03,W@12.3,16.4,57.6,0.0,516,"Montesano, Grays Harbor County",310022,Montesano,2017-12-12 03:47:40.633950
2016-05-03,12:45,61.8,61.6,53.7,74.7,0.02,W@10.5,13.5,57.6,0.0,428,"Montesano, Grays Harbor County",310022,Montesano,2017-12-12 03:47:40.633950
2016-05-03,13:00,62.3,62.1,53.9,73.9,0.01,W@9.6,13.5,57.6,0.0,444,"Montesano, Grays Harbor County",310022,Montesano,2017-12-12 03:47:40.633950
2016-05-03,13:15,62.3,62.1,53.5,72.9,0.01,W@9.6,13.5,57.6,0.0,382,"Montesano, Grays Harbor County",310022,Montesano,2017-12-12 03:47:40.633950
2016-05-03,13:30,61.5,61.3,52.9,73.2,0.01,W@11.6,18.9,57.6,0.01,351,"Montesano, Grays Harbor County",310022,Montesano,2017-12-12 03:47:40.633950
2016-05-03,13:45,60.7,60.6,51.0,70.3,0.0,W@11.3,15.0,57.6,0.0,329,"Montesano, Grays Harbor County",310022,Montesano,2017-12-12 03:47:40.633950
2016-05-03,14:00,61.2,61.1,50.8,68.5,0.0,W@9.9,12.4,57.6,0.0,403,"Montesano, Grays Harbor County",310022,Montesano,2017-12-12 03:47:40.633950
2016-05-03,14:15,61.7,61.5,50.6,66.9,0.0,W@10.5,13.9,57.6,0.0,455,"Montesano, Grays Harbor County",310022,Montesano,2017-12-12 03:47:40.633950
2016-05-03,14:30,62.0,61.8,50.8,66.7,0.0,W@9.6,12.8,57.6,0.0,418,"Montesano, Grays Harbor County",310022,Montesano,2017-12-12 03:47:40.633950
2016-05-03,14:45,62.3,62.1,50.7,65.6,0.0,W@8.5,12.1,57.7,0.0,471,"Montesano, Grays Harbor County",310022,Montesano,2017-12-12 03:47:40.633950
2016-05-03,15:00,63.1,62.9,51.4,65.6,0.0,W@8.9,12.1,57.7,0.0,548,"Montesano, Grays Harbor County",310022,Montesano,2017-12-12 03:47:40.633950
2016-05-03,15:15,63.2,63.0,51.8,66.4,0.0,W@9.2,13.5,57.7,0.0,388,"Montesano, Grays Harbor County",310022,Montesano,2017-12-12 03:47:40.633950
2016-05-03,15:30,62.4,62.3,51.3,66.9,0.0,W@9.1,12.4,57.7,0.0,280,"Montesano, Grays Harbor County",310022,Montesano,2017-12-12 03:47:40.633950
2016-05-03,15:45,62.3,62.2,51.6,68.0,0.0,SW@9.3,12.8,57.7,0.0,257,"Montesano, Grays Harbor County",310022,Montesano,2017-12-12 03:47:40.633950
2016-05-03,16:00,62.3,62.2,52.0,68.9,0.0,SW@10.4,14.2,57.7,0.0,244,"Montesano, Grays Harbor County",310022,Montesano,2017-12-12 03:47:40.633950
2016-05-03,16:15,62.2,62.1,52.2,69.8,0.0,W@9.5,12.8,57.8,0.0,221,"Montesano, Grays Harbor County",310022,Montesano,2017-12-12 03:47:40.633950
2016-05-03,16:30,61.8,61.7,52.8,72.1,0.0,W@10.0,13.9,57.8,0.0,200,"Montesano, Grays Harbor County",310022,Montesano,2017-12-12 03:47:40.633950
2016-05-03,16:45,60.8,60.7,52.4,73.8,0.0,W@10.9,13.9,57.8,0.0,147,"Montesano, Grays Harbor County",310022,Montesano,2017-12-12 03:47:40.633950
2016-05-03,17:00,60.3,60.3,52.2,74.4,0.0,W@9.9,17.1,57.8,0.0,132,"Montesano, Grays Harbor County",310022,Montesano,2017-12-12 03:47:40.633950
2016-05-03,17:15,59.9,59.9,52.3,75.8,0.0,W@10.1,12.4,57.8,0.0,112,"Montesano, Grays Harbor County",310022,Montesano,2017-12-12 03:47:40.633950
2016-05-03,17:30,59.6,59.6,52.5,77.3,0.0,W@9.5,12.4,57.8,0.0,83,"Montesano, Grays Harbor County",310022,Montesano,2017-12-12 03:47:40.633950
2016-05-03,17:45,59.7,59.7,51.8,74.9,0.0,SW@9.7,13.5,57.9,0.0,97,"Montesano, Grays Harbor County",310022,Montesano,2017-12-12 03:47:40.633950
2016-05-03,18:00,59.3,59.3,50.6,72.8,0.0,SW@8.4,11.7,57.9,0.0,74,"Montesano, Grays Harbor County",310022,Montesano,2017-12-12 03:47:40.633950
2016-05-03,18:15,58.7,58.7,50.8,74.9,0.0,W@9.1,12.4,57.9,0.0,55,"Montesano, Grays Harbor County",310022,Montesano,2017-12-12 03:47:40.633950
2016-05-03,18:30,57.7,57.7,51.0,78.3,0.0,W@8.1,11.4,57.9,0.0,34,"Montesano, Grays Harbor County",310022,Montesano,2017-12-12 03:47:40.633950
2016-05-03,18:45,57.1,57.1,50.9,79.8,0.0,W@8.1,11.4,57.9,0.0,18,"Montesano, Grays Harbor County",310022,Montesano,2017-12-12 03:47:40.633950
2016-05-03,19:00,56.5,56.6,50.6,80.3,0.0,W@9.0,11.7,58.0,0.0,10,"Montesano, Grays Harbor County",310022,Montesano,2017-12-12 03:47:40.633950
2016-05-03,19:15,56.1,56.1,49.8,79.5,0.0,SW@9.1,12.1,58.0,0.0,6,"Montesano, Grays Harbor County",310022,Montesano,2017-12-12 03:47:40.633950
2016-05-03,19:30,55.7,55.8,49.9,80.8,0.0,SW@8.8,11.7,58.0,0.0,2,"Montesano, Grays Harbor County",310022,Montesano,2017-12-12 03:47:40.633950
2016-05-03,19:45,55.1,55.2,49.2,80.4,0.01,SW@9.0,12.8,58.0,0.0,2,"Montesano, Grays Harbor County",310022,Montesano,2017-12-12 03:47:40.633950
2016-05-03,20:00,54.8,54.8,49.1,81.2,0.01,SW@7.5,10.7,58.0,0.0,1,"Montesano, Grays Harbor County",310022,Montesano,2017-12-12 03:47:40.633950
2016-05-03,20:15,54.5,54.6,49.1,81.8,0.01,SW@7.3,11.0,58.0,0.0,0,"Montesano, Grays Harbor County",310022,Montesano,2017-12-12 03:47:40.633950
2016-05-03,20:30,54.2,54.3,49.0,82.5,0.01,SW@8.3,11.7,58.0,0.0,0,"Montesano, Grays Harbor County",310022,Montesano,2017-12-12 03:47:40.633950
2016-05-03,20:45,54.1,54.1,48.9,82.7,0.01,SW@7.7,11.4,58.0,0.0,0,"Montesano, Grays Harbor County",310022,Montesano,2017-12-12 03:47:40.633950
2016-05-03,21:00,53.9,54.0,48.6,82.1,0.01,SW@7.8,11.0,58.0,0.0,0,"Montesano, Grays Harbor County",310022,Montesano,2017-12-12 03:47:40.633950
2016-05-03,21:15,53.8,53.9,48.6,82.6,0.01,SW@7.9,11.7,58.1,0.0,0,"Montesano, Grays Harbor County",310022,Montesano,2017-12-12 03:47:40.633950
2016-05-03,21:30,53.6,53.7,48.7,83.2,0.01,SW@7.2,10.7,58.1,0.0,0,"Montesano, Grays Harbor County",310022,Montesano,2017-12-12 03:47:40.633950
2016-05-03,21:45,53.5,53.6,48.6,83.5,0.01,SW@6.8,8.9,58.0,0.0,0,"Montesano, Grays Harbor County",310022,Montesano,2017-12-12 03:47:40.633950
2016-05-03,22:00,53.4,53.5,48.5,83.4,0.01,SW@6.5,8.5,58.1,0.0,0,"Montesano, Grays Harbor County",310022,Montesano,2017-12-12 03:47:40.633950
2016-05-03,22:15,53.3,53.4,48.4,83.3,0.01,SW@5.9,7.8,58.0,0.0,0,"Montesano, Grays Harbor County",310022,Montesano,2017-12-12 03:47:40.633950
2016-05-03,22:30,53.2,53.3,48.3,83.3,0.01,SW@6.2,8.9,58.1,0.0,0,"Montesano, Grays Harbor County",310022,Montesano,2017-12-12 03:47:40.633950
2016-05-03,22:45,53.1,53.2,48.1,83.0,0.01,SW@6.5,8.9,58.0,0.0,0,"Montesano, Grays Harbor County",310022,Montesano,2017-12-12 03:47:40.633950
2016-05-03,23:00,52.9,53.0,48.0,83.1,0.01,SW@6.7,10.7,58.0,0.0,0,"Montesano, Grays Harbor County",310022,Montesano,2017-12-12 03:47:40.633950
2016-05-04,23:15,52.8,52.9,47.9,83.2,0.01,SW@6.8,9.2,58.0,0.0,0,"Montesano, Grays Harbor County",310022,Montesano,2017-12-12 03:47:40.633950
2016-05-04,23:30,52.7,52.8,47.6,82.8,0.01,SW@6.4,9.6,58.0,0.0,0,"Montesano, Grays Harbor County",310022,Montesano,2017-12-12 03:47:40.633950
2016-05-04,23:45,52.6,52.7,47.4,82.5,0.01,SW@7.1,9.9,58.0,0.0,0,"Montesano, Grays Harbor County",310022,Montesano,2017-12-12 03:47:40.633950
2016-05-04,24:00,52.5,52.6,47.4,82.6,0.01,SW@7.9,10.7,58.0,0.0,0,"Montesano, Grays Harbor County",310022,Montesano,2017-12-12 03:47:40.633950
