Date,Time PST,Air Temp °F, 2<sup>nd</sup> Air Temp °F, Dew Point °F, Rel Hum %, Leaf Wet u., Wind Dir @ Speed mph, Wind Gust mph, 8 in. Soil Tmp °F, Tot Prec in, Solar Rad W/m²,Location,Station ID,Station Name,Download Timestamp
2011-12-15,00:15,38.9,39.1,38.5,98.1,0.77,NE@5.4,8.2,40.4,0.0,0,"Montesano, Grays Harbor County",310022,Montesano,2017-12-10 15:52:42.293537
2011-12-15,00:30,39.2,39.3,38.6,97.6,0.79,N@4.5,6.7,40.4,0.0,0,"Montesano, Grays Harbor County",310022,Montesano,2017-12-10 15:52:42.293537
2011-12-15,00:45,38.9,38.9,38.4,97.9,0.78,E@2.8,5.3,40.4,0.01,0,"Montesano, Grays Harbor County",310022,Montesano,2017-12-10 15:52:42.293537
2011-12-15,01:00,38.9,39.0,38.6,98.9,0.77,NE@4.5,6.4,40.4,0.01,0,"Montesano, Grays Harbor County",310022,Montesano,2017-12-10 15:52:42.293537
2011-12-15,01:15,39.0,39.1,38.8,99.4,0.76,NE@5.0,7.8,40.4,0.0,0,"Montesano, Grays Harbor County",310022,Montesano,2017-12-10 15:52:42.293537
2011-12-15,01:30,39.3,39.4,39.1,99.3,0.78,NE@5.8,8.5,40.4,0.0,0,"Montesano, Grays Harbor County",310022,Montesano,2017-12-10 15:52:42.293537
2011-12-15,01:45,39.2,39.2,39.1,99.5,0.79,NE@5.1,7.4,40.4,0.01,0,"Montesano, Grays Harbor County",310022,Montesano,2017-12-10 15:52:42.293537
2011-12-15,02:00,39.2,39.2,39.1,99.7,0.75,NE@5.3,7.8,40.4,0.01,0,"Montesano, Grays Harbor County",310022,Montesano,2017-12-10 15:52:42.293537
2011-12-15,02:15,39.0,39.1,39.0,99.8,0.76,NE@4.9,6.7,40.4,0.0,0,"Montesano, Grays Harbor County",310022,Montesano,2017-12-10 15:52:42.293537
2011-12-15,02:30,39.1,39.2,39.0,99.8,0.78,NE@4.9,6.7,40.4,0.0,0,"Montesano, Grays Harbor County",310022,Montesano,2017-12-10 15:52:42.293537
2011-12-15,02:45,39.3,39.3,39.2,99.6,0.78,NE@4.9,6.7,40.4,0.0,0,"Montesano, Grays Harbor County",310022,Montesano,2017-12-10 15:52:42.293537
2011-12-15,03:00,39.3,39.3,39.2,99.6,0.77,NE@5.1,7.1,40.4,0.0,0,"Montesano, Grays Harbor County",310022,Montesano,2017-12-10 15:52:42.293537
2011-12-15,03:15,39.2,39.3,39.2,99.8,0.79,NE@4.9,7.1,40.5,0.0,0,"Montesano, Grays Harbor County",310022,Montesano,2017-12-10 15:52:42.293537
2011-12-15,03:30,39.3,39.3,39.3,99.9,0.82,NE@3.7,5.7,40.5,0.0,0,"Montesano, Grays Harbor County",310022,Montesano,2017-12-10 15:52:42.293537
2011-12-15,03:45,39.2,39.2,39.2,100.0,0.81,E@3.0,4.6,40.5,0.0,0,"Montesano, Grays Harbor County",310022,Montesano,2017-12-10 15:52:42.293537
2011-12-15,04:00,39.3,39.3,39.3,100.0,0.8,NE@3.2,4.2,40.5,0.0,0,"Montesano, Grays Harbor County",310022,Montesano,2017-12-10 15:52:42.293537
2011-12-15,04:15,39.3,39.4,39.3,100.0,0.78,NE@4.0,5.7,40.5,0.0,0,"Montesano, Grays Harbor County",310022,Montesano,2017-12-10 15:52:42.293537
2011-12-15,04:30,39.5,39.6,39.5,100.0,0.79,NE@4.6,6.7,40.5,0.0,0,"Montesano, Grays Harbor County",310022,Montesano,2017-12-10 15:52:42.293537
2011-12-15,04:45,39.5,39.6,39.5,100.0,0.82,NE@4.7,6.4,40.5,0.0,0,"Montesano, Grays Harbor County",310022,Montesano,2017-12-10 15:52:42.293537
2011-12-15,05:00,39.5,39.6,39.4,99.9,0.81,NE@5.1,6.7,40.5,0.0,0,"Montesano, Grays Harbor County",310022,Montesano,2017-12-10 15:52:42.293537
2011-12-15,05:15,39.4,39.5,39.4,99.9,0.8,NE@4.6,6.0,40.5,0.0,0,"Montesano, Grays Harbor County",310022,Montesano,2017-12-10 15:52:42.293537
2011-12-15,05:30,39.3,39.5,39.3,99.9,0.79,NE@4.5,6.0,40.5,0.0,0,"Montesano, Grays Harbor County",310022,Montesano,2017-12-10 15:52:42.293537
2011-12-15,05:45,39.3,39.5,39.3,99.9,0.79,NE@4.5,6.7,40.5,0.0,0,"Montesano, Grays Harbor County",310022,Montesano,2017-12-10 15:52:42.293537
2011-12-15,06:00,39.3,39.4,39.3,99.7,0.79,NE@4.5,6.4,40.5,0.0,0,"Montesano, Grays Harbor County",310022,Montesano,2017-12-10 15:52:42.293537
2011-12-15,06:15,39.3,39.4,39.3,99.8,0.85,NE@4.5,6.4,40.5,0.0,0,"Montesano, Grays Harbor County",310022,Montesano,2017-12-10 15:52:42.293537
2011-12-15,06:30,39.3,39.4,39.3,99.8,0.83,NE@4.2,5.7,40.5,0.0,0,"Montesano, Grays Harbor County",310022,Montesano,2017-12-10 15:52:42.293537
2011-12-15,06:45,39.3,39.2,39.2,99.9,0.82,NE@3.6,4.6,40.5,0.01,0,"Montesano, Grays Harbor County",310022,Montesano,2017-12-10 15:52:42.293537
2011-12-15,07:00,39.1,39.1,39.1,100.0,0.8,NE@4.1,6.0,40.5,0.01,0,"Montesano, Grays Harbor County",310022,Montesano,2017-12-10 15:52:42.293537
2011-12-15,07:15,39.1,39.2,39.1,100.0,0.8,NE@4.6,6.7,40.5,0.0,0,"Montesano, Grays Harbor County",310022,Montesano,2017-12-10 15:52:42.293537
2011-12-15,07:30,39.3,39.4,39.3,100.0,0.79,NE@4.8,7.4,40.6,0.0,0,"Montesano, Grays Harbor County",310022,Montesano,2017-12-10 15:52:42.293537
2011-12-15,07:45,39.3,39.5,39.3,100.0,0.78,NE@4.8,7.1,40.6,0.01,2,"Montesano, Grays Harbor County",310022,Montesano,2017-12-10 15:52:42.293537
2011-12-15,08:00,39.3,39.4,39.3,100.0,0.78,NE@5.3,7.4,40.6,0.0,2,"Montesano, Grays Harbor County",310022,Montesano,2017-12-10 15:52:42.293537
2011-12-15,08:15,39.3,39.3,39.3,100.0,0.77,NE@4.2,6.0,40.6,0.0,2,"Montesano, Grays Harbor County",310022,Montesano,2017-12-10 15:52:42.293537
2011-12-15,08:30,39.3,39.3,39.3,100.0,0.77,NE@2.2,4.2,40.6,0.0,2,"Montesano, Grays Harbor County",310022,Montesano,2017-12-10 15:52:42.293537
2011-12-15,08:45,39.5,39.6,39.5,100.0,0.77,E@2.6,3.9,40.6,0.0,10,"Montesano, Grays Harbor County",310022,Montesano,2017-12-10 15:52:42.293537
2011-12-15,09:00,40.1,40.1,40.1,100.0,0.77,NE@3.1,4.2,40.6,0.0,16,"Montesano, Grays Harbor County",310022,Montesano,2017-12-10 15:52:42.293537
2011-12-15,09:15,40.3,40.4,40.3,100.0,0.81,NE@3.3,4.9,40.6,0.0,23,"Montesano, Grays Harbor County",310022,Montesano,2017-12-10 15:52:42.293537
2011-12-15,09:30,40.5,40.5,40.5,100.0,0.83,NE@3.2,4.6,40.6,0.0,32,"Montesano, Grays Harbor County",310022,Montesano,2017-12-10 15:52:42.293537
2011-12-15,09:45,40.5,40.6,40.5,100.0,0.82,NE@3.1,4.6,40.6,0.0,38,"Montesano, Grays Harbor County",310022,Montesano,2017-12-10 15:52:42.293537
2011-12-15,10:00,40.7,40.8,40.7,100.0,0.81,NE@3.1,4.2,40.6,0.0,41,"Montesano, Grays Harbor County",310022,Montesano,2017-12-10 15:52:42.293537
2011-12-15,10:15,41.0,41.1,41.0,100.0,0.81,NE@3.8,4.9,40.6,0.0,67,"Montesano, Grays Harbor County",310022,Montesano,2017-12-10 15:52:42.293537
2011-12-15,10:30,41.4,41.4,41.4,100.0,0.79,NE@3.7,5.3,40.6,0.0,79,"Montesano, Grays Harbor County",310022,Montesano,2017-12-10 15:52:42.293537
2011-12-15,10:45,41.7,41.8,41.7,100.0,0.79,E@3.2,4.2,40.6,0.0,96,"Montesano, Grays Harbor County",310022,Montesano,2017-12-10 15:52:42.293537
2011-12-15,11:00,42.1,42.1,42.1,100.0,0.85,NE@3.3,4.6,40.6,0.0,105,"Montesano, Grays Harbor County",310022,Montesano,2017-12-10 15:52:42.293537
2011-12-15,11:15,42.4,42.5,42.4,99.9,0.87,NE@3.4,4.2,40.7,0.0,143,"Montesano, Grays Harbor County",310022,Montesano,2017-12-10 15:52:42.293537
2011-12-15,11:30,42.9,42.9,42.8,99.9,0.85,NE@2.8,4.2,40.7,0.0,120,"Montesano, Grays Harbor County",310022,Montesano,2017-12-10 15:52:42.293537
2011-12-15,11:45,43.2,43.2,43.0,99.5,0.86,NE@2.6,4.2,40.7,0.0,123,"Montesano, Grays Harbor County",310022,Montesano,2017-12-10 15:52:42.293537
2011-12-15,12:00,43.5,43.4,43.3,99.2,0.85,N@2.5,3.5,40.7,0.0,91,"Montesano, Grays Harbor County",310022,Montesano,2017-12-10 15:52:42.293537
2011-12-15,12:15,43.5,43.5,43.4,99.3,0.84,N@2.6,4.2,40.7,0.0,89,"Montesano, Grays Harbor County",310022,Montesano,2017-12-10 15:52:42.293537
2011-12-15,12:30,43.8,43.7,43.7,99.5,0.84,N@2.4,3.5,40.7,0.0,112,"Montesano, Grays Harbor County",310022,Montesano,2017-12-10 15:52:42.293537
2011-12-15,12:45,44.0,44.0,43.8,99.5,0.82,NE@2.0,3.1,40.7,0.01,177,"Montesano, Grays Harbor County",310022,Montesano,2017-12-10 15:52:42.293537
2011-12-15,13:00,44.6,44.5,44.3,98.8,0.8,NE@1.3,3.1,40.7,0.0,126,"Montesano, Grays Harbor County",310022,Montesano,2017-12-10 15:52:42.293537
2011-12-15,13:15,44.7,44.7,44.5,99.1,0.8,NE@2.8,3.5,40.7,0.0,139,"Montesano, Grays Harbor County",310022,Montesano,2017-12-10 15:52:42.293537
2011-12-15,13:30,44.8,44.7,44.5,99.2,0.81,NE@2.6,3.9,40.7,0.0,137,"Montesano, Grays Harbor County",310022,Montesano,2017-12-10 15:52:42.293537
2011-12-15,13:45,45.3,45.2,45.0,99.0,0.81,NE@4.2,5.7,40.7,0.0,185,"Montesano, Grays Harbor County",310022,Montesano,2017-12-10 15:52:42.293537
2011-12-15,14:00,45.2,45.2,45.0,99.0,0.79,NE@4.9,6.0,40.7,0.0,115,"Montesano, Grays Harbor County",310022,Montesano,2017-12-10 15:52:42.293537
2011-12-15,14:15,44.7,44.7,44.6,99.6,0.79,NE@5.7,7.8,40.7,0.0,70,"Montesano, Grays Harbor County",310022,Montesano,2017-12-10 15:52:42.293537
2011-12-15,14:30,44.8,44.8,44.8,99.9,0.79,NE@5.3,7.8,40.8,0.0,92,"Montesano, Grays Harbor County",310022,Montesano,2017-12-10 15:52:42.293537
2011-12-15,14:45,44.9,45.0,44.9,99.9,0.78,NE@5.0,7.1,40.8,0.0,91,"Montesano, Grays Harbor County",310022,Montesano,2017-12-10 15:52:42.293537
2011-12-15,15:00,45.0,45.0,44.9,99.9,0.78,NE@4.7,6.7,40.8,0.0,69,"Montesano, Grays Harbor County",310022,Montesano,2017-12-10 15:52:42.293537
2011-12-15,15:15,45.0,45.1,44.9,99.8,0.78,NE@4.8,7.1,40.8,0.0,43,"Montesano, Grays Harbor County",310022,Montesano,2017-12-10 15:52:42.293537
2011-12-15,15:30,44.9,45.1,44.8,99.3,0.77,NE@4.2,6.0,40.8,0.0,32,"Montesano, Grays Harbor County",310022,Montesano,2017-12-10 15:52:42.293537
2011-12-15,15:45,44.8,44.8,44.5,98.9,0.77,E@3.8,6.0,40.8,0.0,25,"Montesano, Grays Harbor County",310022,Montesano,2017-12-10 15:52:42.293537
2011-12-15,16:00,44.5,44.4,44.3,99.3,0.77,NE@3.6,5.3,40.8,0.0,14,"Montesano, Grays Harbor County",310022,Montesano,2017-12-10 15:52:42.293537
2011-12-15,16:15,44.3,44.3,44.2,99.6,0.78,NE@2.3,3.5,40.9,0.0,4,"Montesano, Grays Harbor County",310022,Montesano,2017-12-10 15:52:42.293537
2011-12-15,16:30,44.2,44.2,44.1,99.8,0.8,NE@3.3,4.9,40.9,0.0,3,"Montesano, Grays Harbor County",310022,Montesano,2017-12-10 15:52:42.293537
2011-12-15,16:45,44.1,44.1,44.1,99.9,0.8,E@3.2,4.2,40.9,0.0,2,"Montesano, Grays Harbor County",310022,Montesano,2017-12-10 15:52:42.293537
2011-12-15,17:00,44.0,44.1,44.0,100.0,0.8,NE@3.4,4.9,40.9,0.0,1,"Montesano, Grays Harbor County",310022,Montesano,2017-12-10 15:52:42.293537
2011-12-15,17:15,44.0,44.0,44.0,100.0,0.8,E@2.8,4.9,40.9,0.0,0,"Montesano, Grays Harbor County",310022,Montesano,2017-12-10 15:52:42.293537
2011-12-15,17:30,44.0,44.0,44.0,100.0,0.8,NE@2.4,4.2,40.9,0.0,0,"Montesano, Grays Harbor County",310022,Montesano,2017-12-10 15:52:42.293537
2011-12-15,17:45,43.7,43.6,43.7,100.0,0.8,E@2.8,3.9,41.0,0.0,0,"Montesano, Grays Harbor County",310022,Montesano,2017-12-10 15:52:42.293537
2011-12-15,18:00,43.8,43.7,43.8,100.0,0.81,NE@2.5,4.2,41.0,0.0,0,"Montesano, Grays Harbor County",310022,Montesano,2017-12-10 15:52:42.293537
2011-12-15,18:15,43.7,43.7,43.7,100.0,0.81,NE@3.3,4.6,41.0,0.0,0,"Montesano, Grays Harbor County",310022,Montesano,2017-12-10 15:52:42.293537
2011-12-15,18:30,43.8,43.8,43.8,100.0,0.82,NE@3.2,5.3,41.0,0.0,0,"Montesano, Grays Harbor County",310022,Montesano,2017-12-10 15:52:42.293537
2011-12-15,18:45,43.7,43.6,43.7,100.0,0.83,E@2.4,3.1,41.0,0.0,0,"Montesano, Grays Harbor County",310022,Montesano,2017-12-10 15:52:42.293537
2011-12-15,19:00,43.5,43.4,43.5,100.0,0.85,E@1.5,2.4,41.0,0.0,0,"Montesano, Grays Harbor County",310022,Montesano,2017-12-10 15:52:42.293537
2011-12-15,19:15,43.4,43.3,43.4,100.0,0.88,SE@0.6,2.4,41.1,0.0,0,"Montesano, Grays Harbor County",310022,Montesano,2017-12-10 15:52:42.293537
2011-12-15,19:30,43.1,43.1,43.1,100.0,0.88,E@1.3,2.4,41.1,0.0,0,"Montesano, Grays Harbor County",310022,Montesano,2017-12-10 15:52:42.293537
2011-12-15,19:45,43.2,43.0,43.2,100.0,0.89,SE@0.2,1.7,41.1,0.0,0,"Montesano, Grays Harbor County",310022,Montesano,2017-12-10 15:52:42.293537
2011-12-15,20:00,42.6,42.4,42.6,100.0,0.89,SW@2.1,3.5,41.1,0.0,0,"Montesano, Grays Harbor County",310022,Montesano,2017-12-10 15:52:42.293537
2011-12-15,20:15,42.6,42.6,42.6,100.0,0.89,E@2.9,4.9,41.1,0.0,0,"Montesano, Grays Harbor County",310022,Montesano,2017-12-10 15:52:42.293537
2011-12-15,20:30,42.9,42.9,42.9,100.0,0.89,NE@2.9,4.9,41.1,0.0,0,"Montesano, Grays Harbor County",310022,Montesano,2017-12-10 15:52:42.293537
2011-12-15,20:45,43.0,43.1,43.0,100.0,0.89,N@3.3,4.9,41.2,0.0,0,"Montesano, Grays Harbor County",310022,Montesano,2017-12-10 15:52:42.293537
2011-12-15,21:00,43.0,43.0,43.0,100.0,0.89,E@2.6,4.2,41.2,0.0,0,"Montesano, Grays Harbor County",310022,Montesano,2017-12-10 15:52:42.293537
2011-12-15,21:15,42.6,42.5,42.6,100.0,0.89,S@2.6,3.9,41.2,0.0,0,"Montesano, Grays Harbor County",310022,Montesano,2017-12-10 15:52:42.293537
2011-12-15,21:30,42.6,42.6,42.6,100.0,0.89,S@2.1,3.1,41.2,0.0,0,"Montesano, Grays Harbor County",310022,Montesano,2017-12-10 15:52:42.293537
2011-12-15,21:45,42.6,42.5,42.6,100.0,0.89,NW@1.5,2.4,41.2,0.0,0,"Montesano, Grays Harbor County",310022,Montesano,2017-12-10 15:52:42.293537
2011-12-15,22:00,42.4,42.2,42.4,100.0,0.89,E@1.2,2.4,41.2,0.0,0,"Montesano, Grays Harbor County",310022,Montesano,2017-12-10 15:52:42.293537
2011-12-15,22:15,42.6,42.6,42.6,100.0,0.89,N@0.9,2.1,41.2,0.0,0,"Montesano, Grays Harbor County",310022,Montesano,2017-12-10 15:52:42.293537
2011-12-15,22:30,42.4,42.4,42.4,100.0,0.9,E@2.2,3.5,41.3,0.0,0,"Montesano, Grays Harbor County",310022,Montesano,2017-12-10 15:52:42.293537
2011-12-15,22:45,42.6,42.6,42.6,100.0,0.9,N@1.9,3.1,41.3,0.0,0,"Montesano, Grays Harbor County",310022,Montesano,2017-12-10 15:52:42.293537
2011-12-15,23:00,42.6,42.6,42.6,100.0,0.89,N@2.3,3.1,41.3,0.0,0,"Montesano, Grays Harbor County",310022,Montesano,2017-12-10 15:52:42.293537
2011-12-15,23:15,42.7,42.6,42.7,100.0,0.9,NE@1.3,2.8,41.3,0.0,0,"Montesano, Grays Harbor County",310022,Montesano,2017-12-10 15:52:42.293537
2011-12-15,23:30,42.4,42.2,42.4,100.0,0.89,E@1.4,2.4,41.3,0.0,0,"Montesano, Grays Harbor County",310022,Montesano,2017-12-10 15:52:42.293537
2011-12-15,23:45,42.3,42.1,42.3,100.0,0.89,NW@1.6,2.4,41.3,0.0,0,"Montesano, Grays Harbor County",310022,Montesano,2017-12-10 15:52:42.293537
2011-12-15,24:00,42.1,42.0,42.1,100.0,0.89,NW@0.8,2.1,41.3,0.0,0,"Montesano, Grays Harbor County",310022,Montesano,2017-12-10 15:52:42.293537
2011-12-16,00:15,42.1,42.0,42.1,100.0,0.89,E@1.8,3.5,41.3,0.0,0,"Montesano, Grays Harbor County",310022,Montesano,2017-12-10 15:52:42.293537
2011-12-16,00:30,42.1,41.9,42.1,100.0,0.89,W@2.1,3.1,41.4,0.0,0,"Montesano, Grays Harbor County",310022,Montesano,2017-12-10 15:52:42.293537
2011-12-16,00:45,42.0,42.0,42.0,100.0,0.89,SW@2.2,3.1,41.4,0.0,0,"Montesano, Grays Harbor County",310022,Montesano,2017-12-10 15:52:42.293537
2011-12-16,01:00,42.2,42.2,42.2,100.0,0.9,S@2.0,2.8,41.4,0.0,0,"Montesano, Grays Harbor County",310022,Montesano,2017-12-10 15:52:42.293537
2011-12-16,01:15,42.1,42.0,42.1,100.0,0.9,SE@0.7,2.8,41.4,0.0,0,"Montesano, Grays Harbor County",310022,Montesano,2017-12-10 15:52:42.293537
2011-12-16,01:30,42.3,42.0,42.3,100.0,0.9,N@0.0,0.0,41.4,0.0,0,"Montesano, Grays Harbor County",310022,Montesano,2017-12-10 15:52:42.293537
2011-12-16,01:45,42.2,42.1,42.2,100.0,0.91,N@1.8,2.4,41.4,0.0,0,"Montesano, Grays Harbor County",310022,Montesano,2017-12-10 15:52:42.293537
2011-12-16,02:00,42.1,42.1,42.1,100.0,0.9,NE@1.9,2.4,41.4,0.0,0,"Montesano, Grays Harbor County",310022,Montesano,2017-12-10 15:52:42.293537
2011-12-16,02:15,42.0,42.0,42.0,100.0,0.89,E@1.7,3.1,41.4,0.0,0,"Montesano, Grays Harbor County",310022,Montesano,2017-12-10 15:52:42.293537
2011-12-16,02:30,42.2,42.2,42.2,100.0,0.89,NE@2.2,2.8,41.5,0.0,0,"Montesano, Grays Harbor County",310022,Montesano,2017-12-10 15:52:42.293537
2011-12-16,02:45,42.2,42.2,42.2,100.0,0.89,NE@2.6,3.5,41.5,0.0,0,"Montesano, Grays Harbor County",310022,Montesano,2017-12-10 15:52:42.293537
2011-12-16,03:00,42.2,42.2,42.2,100.0,0.88,NE@2.6,3.5,41.5,0.0,0,"Montesano, Grays Harbor County",310022,Montesano,2017-12-10 15:52:42.293537
2011-12-16,03:15,42.1,42.1,42.1,100.0,0.88,NE@2.4,3.1,41.5,0.0,0,"Montesano, Grays Harbor County",310022,Montesano,2017-12-10 15:52:42.293537
2011-12-16,03:30,42.2,42.2,42.2,100.0,0.88,NE@2.4,3.5,41.5,0.0,0,"Montesano, Grays Harbor County",310022,Montesano,2017-12-10 15:52:42.293537
2011-12-16,03:45,42.3,42.2,42.3,100.0,0.87,NE@1.3,2.4,41.5,0.0,0,"Montesano, Grays Harbor County",310022,Montesano,2017-12-10 15:52:42.293537
2011-12-16,04:00,42.3,42.2,42.3,100.0,0.88,W@0.9,1.7,41.5,0.0,0,"Montesano, Grays Harbor County",310022,Montesano,2017-12-10 15:52:42.293537
2011-12-16,04:15,42.0,41.9,42.0,100.0,0.89,SW@1.8,2.1,41.5,0.0,0,"Montesano, Grays Harbor County",310022,Montesano,2017-12-10 15:52:42.293537
2011-12-16,04:30,41.9,41.8,41.9,100.0,0.88,S@1.8,2.8,41.5,0.0,0,"Montesano, Grays Harbor County",310022,Montesano,2017-12-10 15:52:42.293537
2011-12-16,04:45,41.9,41.7,41.9,100.0,0.88,S@0.0,1.4,41.5,0.0,0,"Montesano, Grays Harbor County",310022,Montesano,2017-12-10 15:52:42.293537
2011-12-16,05:00,41.9,41.6,41.9,100.0,0.87,NW@0.6,2.1,41.6,0.0,0,"Montesano, Grays Harbor County",310022,Montesano,2017-12-10 15:52:42.293537
2011-12-16,05:15,41.8,41.6,41.8,100.0,0.87,NW@0.9,2.1,41.6,0.0,0,"Montesano, Grays Harbor County",310022,Montesano,2017-12-10 15:52:42.293537
2011-12-16,05:30,41.6,41.5,41.6,100.0,0.87,S@1.3,2.4,41.6,0.0,0,"Montesano, Grays Harbor County",310022,Montesano,2017-12-10 15:52:42.293537
2011-12-16,05:45,41.7,41.6,41.7,100.0,0.88,E@1.0,2.8,41.6,0.0,0,"Montesano, Grays Harbor County",310022,Montesano,2017-12-10 15:52:42.293537
2011-12-16,06:00,41.8,41.7,41.8,100.0,0.88,SE@1.8,2.4,41.6,0.0,0,"Montesano, Grays Harbor County",310022,Montesano,2017-12-10 15:52:42.293537
2011-12-16,06:15,41.9,41.8,41.9,100.0,0.87,NE@1.7,2.4,41.6,0.0,0,"Montesano, Grays Harbor County",310022,Montesano,2017-12-10 15:52:42.293537
2011-12-16,06:30,41.9,41.8,41.9,100.0,0.87,N@1.8,2.4,41.6,0.0,0,"Montesano, Grays Harbor County",310022,Montesano,2017-12-10 15:52:42.293537
2011-12-16,06:45,42.0,41.9,42.0,100.0,0.87,N@2.4,3.5,41.6,0.0,0,"Montesano, Grays Harbor County",310022,Montesano,2017-12-10 15:52:42.293537
2011-12-16,07:00,41.9,41.8,41.9,100.0,0.86,N@1.4,2.8,41.6,0.0,0,"Montesano, Grays Harbor County",310022,Montesano,2017-12-10 15:52:42.293537
2011-12-16,07:15,41.6,41.4,41.6,100.0,0.86,S@1.7,3.1,41.6,0.0,0,"Montesano, Grays Harbor County",310022,Montesano,2017-12-10 15:52:42.293537
2011-12-16,07:30,41.4,41.3,41.4,100.0,0.86,E@1.2,2.8,41.6,0.0,1,"Montesano, Grays Harbor County",310022,Montesano,2017-12-10 15:52:42.293537
2011-12-16,07:45,41.6,41.6,41.6,100.0,0.86,NE@2.4,3.9,41.7,0.0,2,"Montesano, Grays Harbor County",310022,Montesano,2017-12-10 15:52:42.293537
2011-12-16,08:00,41.5,41.4,41.5,100.0,0.86,SE@1.9,3.1,41.7,0.0,3,"Montesano, Grays Harbor County",310022,Montesano,2017-12-10 15:52:42.293537
2011-12-16,08:15,41.8,41.8,41.8,100.0,0.86,N@2.7,4.9,41.7,0.0,10,"Montesano, Grays Harbor County",310022,Montesano,2017-12-10 15:52:42.293537
2011-12-16,08:30,41.8,41.7,41.8,100.0,0.86,NE@2.3,4.2,41.7,0.0,13,"Montesano, Grays Harbor County",310022,Montesano,2017-12-10 15:52:42.293537
2011-12-16,08:45,41.9,41.8,41.9,100.0,0.86,SW@1.1,3.1,41.7,0.0,27,"Montesano, Grays Harbor County",310022,Montesano,2017-12-10 15:52:42.293537
2011-12-16,09:00,42.2,42.1,42.2,100.0,0.86,SE@2.5,3.1,41.7,0.0,85,"Montesano, Grays Harbor County",310022,Montesano,2017-12-10 15:52:42.293537
2011-12-16,09:15,42.8,42.8,42.8,100.0,0.85,N@3.2,5.3,41.7,0.0,113,"Montesano, Grays Harbor County",310022,Montesano,2017-12-10 15:52:42.293537
2011-12-16,09:30,43.7,43.8,43.7,100.0,0.84,N@3.4,5.3,41.7,0.0,143,"Montesano, Grays Harbor County",310022,Montesano,2017-12-10 15:52:42.293537
2011-12-16,09:45,44.3,44.2,44.3,100.0,0.84,SE@2.6,5.3,41.7,0.0,110,"Montesano, Grays Harbor County",310022,Montesano,2017-12-10 15:52:42.293537
2011-12-16,10:00,44.4,44.3,44.4,100.0,0.84,E@1.5,2.4,41.7,0.0,92,"Montesano, Grays Harbor County",310022,Montesano,2017-12-10 15:52:42.293537
2011-12-16,10:15,44.7,44.7,44.7,100.0,0.84,E@2.1,2.8,41.7,0.0,102,"Montesano, Grays Harbor County",310022,Montesano,2017-12-10 15:52:42.293537
2011-12-16,10:30,45.2,45.3,45.2,100.0,0.83,NE@2.0,3.1,41.7,0.0,125,"Montesano, Grays Harbor County",310022,Montesano,2017-12-10 15:52:42.293537
2011-12-16,10:45,46.1,46.2,46.0,99.9,0.81,NE@1.6,2.4,41.7,0.0,186,"Montesano, Grays Harbor County",310022,Montesano,2017-12-10 15:52:42.293537
2011-12-16,11:00,46.7,46.7,46.3,98.7,0.77,N@2.6,4.2,41.8,0.0,154,"Montesano, Grays Harbor County",310022,Montesano,2017-12-10 15:52:42.293537
2011-12-16,11:15,47.2,47.2,46.5,97.1,0.73,W@1.7,3.1,41.8,0.0,117,"Montesano, Grays Harbor County",310022,Montesano,2017-12-10 15:52:42.293537
2011-12-16,11:30,47.7,47.5,46.5,95.8,0.68,SW@2.4,3.9,41.8,0.0,127,"Montesano, Grays Harbor County",310022,Montesano,2017-12-10 15:52:42.293537
2011-12-16,11:45,47.7,47.5,46.5,95.6,0.62,SW@2.7,4.6,41.8,0.0,94,"Montesano, Grays Harbor County",310022,Montesano,2017-12-10 15:52:42.293537
2011-12-16,12:00,47.8,47.7,46.5,95.2,0.58,S@2.7,4.6,41.8,0.0,114,"Montesano, Grays Harbor County",310022,Montesano,2017-12-10 15:52:42.293537
2011-12-16,12:15,48.0,47.9,46.5,94.6,0.46,SW@3.2,7.1,41.8,0.0,107,"Montesano, Grays Harbor County",310022,Montesano,2017-12-10 15:52:42.293537
2011-12-16,12:30,48.0,47.9,46.2,93.5,0.21,W@5.6,7.4,41.8,0.0,124,"Montesano, Grays Harbor County",310022,Montesano,2017-12-10 15:52:42.293537
2011-12-16,12:45,47.9,47.8,46.2,94.0,0.05,W@4.9,7.1,41.8,0.0,121,"Montesano, Grays Harbor County",310022,Montesano,2017-12-10 15:52:42.293537
2011-12-16,13:00,47.9,47.8,46.0,93.0,0.0,W@6.1,8.5,41.8,0.0,120,"Montesano, Grays Harbor County",310022,Montesano,2017-12-10 15:52:42.293537
2011-12-16,13:15,47.8,47.8,45.7,92.2,0.0,W@6.0,7.8,41.8,0.0,125,"Montesano, Grays Harbor County",310022,Montesano,2017-12-10 15:52:42.293537
2011-12-16,13:30,47.8,47.7,45.3,90.9,0.0,W@5.2,7.1,41.8,0.0,98,"Montesano, Grays Harbor County",310022,Montesano,2017-12-10 15:52:42.293537
2011-12-16,13:45,47.9,47.9,45.1,89.8,0.0,W@4.3,6.7,41.8,0.0,104,"Montesano, Grays Harbor County",310022,Montesano,2017-12-10 15:52:42.293537
2011-12-16,14:00,47.9,47.9,45.4,91.0,0.0,W@3.6,5.7,41.9,0.0,76,"Montesano, Grays Harbor County",310022,Montesano,2017-12-10 15:52:42.293537
2011-12-16,14:15,47.9,47.8,45.2,90.4,0.0,W@4.0,5.7,41.9,0.0,70,"Montesano, Grays Harbor County",310022,Montesano,2017-12-10 15:52:42.293537
2011-12-16,14:30,47.7,47.7,45.1,90.3,0.0,W@4.5,6.0,41.9,0.0,64,"Montesano, Grays Harbor County",310022,Montesano,2017-12-10 15:52:42.293537
2011-12-16,14:45,47.5,47.5,45.1,91.3,0.0,W@4.1,5.7,41.9,0.0,58,"Montesano, Grays Harbor County",310022,Montesano,2017-12-10 15:52:42.293537
2011-12-16,15:00,47.5,47.3,45.1,91.5,0.0,W@4.1,5.3,41.9,0.0,55,"Montesano, Grays Harbor County",310022,Montesano,2017-12-10 15:52:42.293537
2011-12-16,15:15,47.1,47.1,44.9,91.9,0.0,W@5.2,7.4,41.9,0.0,57,"Montesano, Grays Harbor County",310022,Montesano,2017-12-10 15:52:42.293537
2011-12-16,15:30,46.7,46.7,44.6,92.2,0.0,W@5.4,7.1,41.9,0.0,60,"Montesano, Grays Harbor County",310022,Montesano,2017-12-10 15:52:42.293537
2011-12-16,15:45,46.5,46.4,44.6,93.0,0.0,W@3.8,5.7,42.0,0.0,59,"Montesano, Grays Harbor County",310022,Montesano,2017-12-10 15:52:42.293537
2011-12-16,16:00,47.0,46.8,44.7,91.5,0.0,W@2.7,3.5,42.0,0.0,71,"Montesano, Grays Harbor County",310022,Montesano,2017-12-10 15:52:42.293537
2011-12-16,16:15,46.0,45.7,43.9,92.5,0.0,SW@2.4,3.5,42.0,0.0,23,"Montesano, Grays Harbor County",310022,Montesano,2017-12-10 15:52:42.293537
2011-12-16,16:30,45.6,45.4,44.0,94.0,0.0,SW@1.2,2.8,42.0,0.0,6,"Montesano, Grays Harbor County",310022,Montesano,2017-12-10 15:52:42.293537
2011-12-16,16:45,45.2,45.0,43.9,95.1,0.01,SW@1.8,2.8,42.0,0.0,2,"Montesano, Grays Harbor County",310022,Montesano,2017-12-10 15:52:42.293537
2011-12-16,17:00,44.3,44.1,43.2,95.9,0.02,S@2.0,2.8,42.0,0.0,2,"Montesano, Grays Harbor County",310022,Montesano,2017-12-10 15:52:42.293537
2011-12-16,17:15,43.7,43.3,43.1,97.5,0.03,S@0.1,1.4,42.1,0.0,0,"Montesano, Grays Harbor County",310022,Montesano,2017-12-10 15:52:42.293537
2011-12-16,17:30,43.2,43.1,42.7,98.4,0.04,E@1.9,2.8,42.1,0.0,0,"Montesano, Grays Harbor County",310022,Montesano,2017-12-10 15:52:42.293537
2011-12-16,17:45,43.4,43.3,43.3,99.5,0.06,NE@1.9,2.8,42.1,0.0,0,"Montesano, Grays Harbor County",310022,Montesano,2017-12-10 15:52:42.293537
2011-12-16,18:00,43.0,42.9,43.0,99.6,0.07,NE@0.0,1.4,42.1,0.0,0,"Montesano, Grays Harbor County",310022,Montesano,2017-12-10 15:52:42.293537
2011-12-16,18:15,42.9,42.6,42.8,99.7,0.1,N@0.0,0.0,42.1,0.0,0,"Montesano, Grays Harbor County",310022,Montesano,2017-12-10 15:52:42.293537
2011-12-16,18:30,42.7,42.5,42.6,99.9,0.12,E@1.1,2.1,42.1,0.0,0,"Montesano, Grays Harbor County",310022,Montesano,2017-12-10 15:52:42.293537
2011-12-16,18:45,42.7,42.6,42.7,100.0,0.16,NE@1.9,2.4,42.2,0.0,0,"Montesano, Grays Harbor County",310022,Montesano,2017-12-10 15:52:42.293537
2011-12-16,19:00,41.9,41.7,41.9,100.0,0.22,N@2.3,3.5,42.2,0.0,0,"Montesano, Grays Harbor County",310022,Montesano,2017-12-10 15:52:42.293537
2011-12-16,19:15,41.2,41.2,41.2,100.0,0.29,SE@1.8,2.8,42.2,0.0,0,"Montesano, Grays Harbor County",310022,Montesano,2017-12-10 15:52:42.293537
2011-12-16,19:30,39.7,39.7,39.7,100.0,0.34,S@2.0,3.1,42.2,0.0,0,"Montesano, Grays Harbor County",310022,Montesano,2017-12-10 15:52:42.293537
2011-12-16,19:45,40.3,40.3,40.3,100.0,0.42,E@0.9,1.7,42.2,0.0,0,"Montesano, Grays Harbor County",310022,Montesano,2017-12-10 15:52:42.293537
2011-12-16,20:00,40.6,40.4,40.6,100.0,0.52,NW@0.1,1.7,42.2,0.0,0,"Montesano, Grays Harbor County",310022,Montesano,2017-12-10 15:52:42.293537
2011-12-16,20:15,39.4,39.2,39.4,100.0,0.64,E@1.7,2.1,42.3,0.0,0,"Montesano, Grays Harbor County",310022,Montesano,2017-12-10 15:52:42.293537
2011-12-16,20:30,39.6,39.8,39.6,100.0,0.73,NE@2.4,3.1,42.3,0.0,0,"Montesano, Grays Harbor County",310022,Montesano,2017-12-10 15:52:42.293537
2011-12-16,20:45,39.7,39.8,39.7,100.0,0.79,NE@2.8,3.9,42.3,0.0,0,"Montesano, Grays Harbor County",310022,Montesano,2017-12-10 15:52:42.293537
2011-12-16,21:00,39.2,39.2,39.2,100.0,0.82,NE@2.7,3.9,42.3,0.0,0,"Montesano, Grays Harbor County",310022,Montesano,2017-12-10 15:52:42.293537
2011-12-16,21:15,38.9,38.9,38.9,100.0,0.85,NE@1.7,2.4,42.3,0.0,0,"Montesano, Grays Harbor County",310022,Montesano,2017-12-10 15:52:42.293537
2011-12-16,21:30,38.5,38.5,38.5,100.0,0.87,NE@2.7,3.5,42.3,0.0,0,"Montesano, Grays Harbor County",310022,Montesano,2017-12-10 15:52:42.293537
2011-12-16,21:45,38.2,38.2,38.2,100.0,0.88,E@2.7,3.9,42.3,0.0,0,"Montesano, Grays Harbor County",310022,Montesano,2017-12-10 15:52:42.293537
2011-12-16,22:00,37.6,37.6,37.6,100.0,0.89,E@3.2,4.6,42.3,0.0,0,"Montesano, Grays Harbor County",310022,Montesano,2017-12-10 15:52:42.293537
2011-12-16,22:15,36.9,37.0,36.9,100.0,0.89,E@2.9,5.7,42.4,0.0,0,"Montesano, Grays Harbor County",310022,Montesano,2017-12-10 15:52:42.293537
2011-12-16,22:30,36.8,36.9,36.8,100.0,0.89,E@3.0,4.6,42.4,0.0,0,"Montesano, Grays Harbor County",310022,Montesano,2017-12-10 15:52:42.293537
2011-12-16,22:45,37.0,37.1,37.0,100.0,0.9,E@3.3,5.7,42.4,0.0,0,"Montesano, Grays Harbor County",310022,Montesano,2017-12-10 15:52:42.293537
2011-12-16,23:00,36.5,36.6,36.5,100.0,0.9,E@3.8,5.7,42.4,0.0,0,"Montesano, Grays Harbor County",310022,Montesano,2017-12-10 15:52:42.293537
2011-12-16,23:15,36.2,36.3,36.2,100.0,0.9,E@3.3,5.7,42.4,0.0,0,"Montesano, Grays Harbor County",310022,Montesano,2017-12-10 15:52:42.293537
2011-12-16,23:30,36.3,36.4,36.3,100.0,0.9,E@2.4,4.2,42.4,0.0,0,"Montesano, Grays Harbor County",310022,Montesano,2017-12-10 15:52:42.293537
2011-12-16,23:45,36.6,36.7,36.6,100.0,0.89,E@1.9,2.8,42.4,0.0,0,"Montesano, Grays Harbor County",310022,Montesano,2017-12-10 15:52:42.293537
2011-12-16,24:00,36.9,37.0,36.9,100.0,0.89,E@2.6,4.6,42.4,0.0,0,"Montesano, Grays Harbor County",310022,Montesano,2017-12-10 15:52:42.293537
2011-12-17,00:15,37.0,37.1,37.0,100.0,0.88,E@3.0,4.6,42.4,0.0,0,"Montesano, Grays Harbor County",310022,Montesano,2017-12-10 15:52:42.293537
2011-12-17,00:30,36.7,36.8,36.7,100.0,0.88,E@3.2,4.6,42.4,0.0,0,"Montesano, Grays Harbor County",310022,Montesano,2017-12-10 15:52:42.293537
2011-12-17,00:45,36.5,36.6,36.5,100.0,0.87,E@2.7,3.9,42.4,0.0,0,"Montesano, Grays Harbor County",310022,Montesano,2017-12-10 15:52:42.293537
2011-12-17,01:00,36.2,36.3,36.2,100.0,0.88,NE@3.3,5.3,42.4,0.0,0,"Montesano, Grays Harbor County",310022,Montesano,2017-12-10 15:52:42.293537
2011-12-17,01:15,35.7,35.9,35.7,100.0,0.87,NE@4.1,5.7,42.4,0.0,0,"Montesano, Grays Harbor County",310022,Montesano,2017-12-10 15:52:42.293537
2011-12-17,01:30,35.6,35.8,35.6,100.0,0.86,E@4.1,5.7,42.4,0.0,0,"Montesano, Grays Harbor County",310022,Montesano,2017-12-10 15:52:42.293537
2011-12-17,01:45,35.4,35.5,35.4,100.0,0.86,NE@3.5,5.3,42.4,0.0,0,"Montesano, Grays Harbor County",310022,Montesano,2017-12-10 15:52:42.293537
2011-12-17,02:00,35.2,35.3,35.2,100.0,0.85,E@3.7,5.3,42.4,0.0,0,"Montesano, Grays Harbor County",310022,Montesano,2017-12-10 15:52:42.293537
2011-12-17,02:15,35.0,35.2,35.0,100.0,0.85,E@3.5,6.0,42.4,0.0,0,"Montesano, Grays Harbor County",310022,Montesano,2017-12-10 15:52:42.293537
2011-12-17,02:30,34.8,34.9,34.8,100.0,0.84,NE@4.0,6.4,42.4,0.0,0,"Montesano, Grays Harbor County",310022,Montesano,2017-12-10 15:52:42.293537
2011-12-17,02:45,34.3,34.6,34.3,100.0,0.84,E@4.7,7.4,42.4,0.0,0,"Montesano, Grays Harbor County",310022,Montesano,2017-12-10 15:52:42.293537
2011-12-17,03:00,34.2,34.4,34.2,100.0,0.84,E@3.9,6.4,42.4,0.0,0,"Montesano, Grays Harbor County",310022,Montesano,2017-12-10 15:52:42.293537
2011-12-17,03:15,34.1,34.3,34.1,100.0,0.84,NE@3.7,5.3,42.4,0.0,0,"Montesano, Grays Harbor County",310022,Montesano,2017-12-10 15:52:42.293537
2011-12-17,03:30,34.2,34.3,34.2,100.0,0.84,NE@4.8,8.5,42.4,0.0,0,"Montesano, Grays Harbor County",310022,Montesano,2017-12-10 15:52:42.293537
2011-12-17,03:45,34.0,34.2,34.0,100.0,0.84,NE@5.2,7.8,42.4,0.0,0,"Montesano, Grays Harbor County",310022,Montesano,2017-12-10 15:52:42.293537
2011-12-17,04:00,33.8,33.9,33.8,100.0,0.84,NE@5.0,6.7,42.4,0.0,0,"Montesano, Grays Harbor County",310022,Montesano,2017-12-10 15:52:42.293537
2011-12-17,04:15,33.7,33.9,33.7,100.0,0.84,NE@4.3,6.0,42.4,0.0,0,"Montesano, Grays Harbor County",310022,Montesano,2017-12-10 15:52:42.293537
2011-12-17,04:30,33.7,33.9,33.7,100.0,0.85,NE@4.3,6.4,42.4,0.0,0,"Montesano, Grays Harbor County",310022,Montesano,2017-12-10 15:52:42.293537
2011-12-17,04:45,33.6,33.8,33.6,100.0,0.85,NE@5.2,7.4,42.4,0.0,0,"Montesano, Grays Harbor County",310022,Montesano,2017-12-10 15:52:42.293537
2011-12-17,05:00,33.4,33.6,33.4,100.0,0.84,NE@5.5,8.2,42.4,0.0,0,"Montesano, Grays Harbor County",310022,Montesano,2017-12-10 15:52:42.293537
2011-12-17,05:15,33.5,33.7,33.5,100.0,0.84,NE@5.2,7.1,42.4,0.0,0,"Montesano, Grays Harbor County",310022,Montesano,2017-12-10 15:52:42.293537
2011-12-17,05:30,33.5,33.7,33.5,100.0,0.84,NE@5.5,7.8,42.4,0.0,0,"Montesano, Grays Harbor County",310022,Montesano,2017-12-10 15:52:42.293537
2011-12-17,05:45,33.2,33.3,33.2,100.0,0.84,NE@5.7,8.9,42.4,0.0,0,"Montesano, Grays Harbor County",310022,Montesano,2017-12-10 15:52:42.293537
2011-12-17,06:00,32.7,32.8,32.7,100.0,0.83,NE@5.4,8.5,42.4,0.0,0,"Montesano, Grays Harbor County",310022,Montesano,2017-12-10 15:52:42.293537
2011-12-17,06:15,32.4,32.6,32.4,100.0,0.83,E@5.0,7.8,42.4,0.0,0,"Montesano, Grays Harbor County",310022,Montesano,2017-12-10 15:52:42.293537
2011-12-17,06:30,32.4,32.6,32.4,100.0,0.83,NE@3.8,5.7,42.4,0.0,0,"Montesano, Grays Harbor County",310022,Montesano,2017-12-10 15:52:42.293537
2011-12-17,06:45,32.6,32.8,32.6,100.0,0.83,E@4.2,6.4,42.4,0.0,0,"Montesano, Grays Harbor County",310022,Montesano,2017-12-10 15:52:42.293537
2011-12-17,07:00,32.8,32.9,32.8,100.0,0.83,E@3.8,6.4,42.4,0.0,0,"Montesano, Grays Harbor County",310022,Montesano,2017-12-10 15:52:42.293537
2011-12-17,07:15,32.6,32.8,32.6,100.0,0.83,E@3.8,6.7,42.4,0.0,0,"Montesano, Grays Harbor County",310022,Montesano,2017-12-10 15:52:42.293537
2011-12-17,07:30,32.6,32.6,32.6,100.0,0.83,E@3.4,4.9,42.4,0.0,1,"Montesano, Grays Harbor County",310022,Montesano,2017-12-10 15:52:42.293537
2011-12-17,07:45,32.3,32.4,32.3,100.0,0.83,E@3.5,6.7,42.4,0.0,3,"Montesano, Grays Harbor County",310022,Montesano,2017-12-10 15:52:42.293537
2011-12-17,08:00,32.8,32.9,32.8,100.0,0.83,NE@3.6,6.0,42.4,0.0,7,"Montesano, Grays Harbor County",310022,Montesano,2017-12-10 15:52:42.293537
2011-12-17,08:15,32.9,33.0,32.9,100.0,0.83,E@3.0,4.2,42.4,0.0,14,"Montesano, Grays Harbor County",310022,Montesano,2017-12-10 15:52:42.293537
2011-12-17,08:30,33.0,33.0,33.0,100.0,0.83,E@3.2,4.6,42.4,0.0,25,"Montesano, Grays Harbor County",310022,Montesano,2017-12-10 15:52:42.293537
2011-12-17,08:45,33.6,33.6,33.6,100.0,0.83,E@3.6,5.7,42.4,0.0,38,"Montesano, Grays Harbor County",310022,Montesano,2017-12-10 15:52:42.293537
2011-12-17,09:00,33.7,33.8,33.7,100.0,0.83,E@4.3,6.7,42.4,0.0,41,"Montesano, Grays Harbor County",310022,Montesano,2017-12-10 15:52:42.293537
2011-12-17,09:15,34.3,34.4,34.3,100.0,0.82,E@4.1,6.7,42.4,0.0,112,"Montesano, Grays Harbor County",310022,Montesano,2017-12-10 15:52:42.293537
2011-12-17,09:30,35.0,35.2,35.0,100.0,0.8,E@4.5,6.7,42.4,0.0,155,"Montesano, Grays Harbor County",310022,Montesano,2017-12-10 15:52:42.293537
2011-12-17,09:45,36.2,36.4,36.2,100.0,0.79,NE@4.6,7.1,42.4,0.0,217,"Montesano, Grays Harbor County",310022,Montesano,2017-12-10 15:52:42.293537
2011-12-17,10:00,37.4,37.6,37.4,99.8,0.77,E@3.9,6.7,42.4,0.0,228,"Montesano, Grays Harbor County",310022,Montesano,2017-12-10 15:52:42.293537
2011-12-17,10:15,38.1,38.3,37.9,99.3,0.7,E@3.7,6.4,42.4,0.0,234,"Montesano, Grays Harbor County",310022,Montesano,2017-12-10 15:52:42.293537
2011-12-17,10:30,38.8,39.0,38.5,98.7,0.63,S@2.4,3.5,42.4,0.0,242,"Montesano, Grays Harbor County",310022,Montesano,2017-12-10 15:52:42.293537
2011-12-17,10:45,39.3,39.6,38.6,97.3,0.54,S@2.6,3.9,42.4,0.0,259,"Montesano, Grays Harbor County",310022,Montesano,2017-12-10 15:52:42.293537
2011-12-17,11:00,40.4,40.7,39.2,95.6,0.42,E@3.2,5.3,42.4,0.0,265,"Montesano, Grays Harbor County",310022,Montesano,2017-12-10 15:52:42.293537
2011-12-17,11:15,41.0,41.2,39.5,94.3,0.23,E@3.7,5.7,42.4,0.0,260,"Montesano, Grays Harbor County",310022,Montesano,2017-12-10 15:52:42.293537
2011-12-17,11:30,42.0,42.2,40.3,93.7,0.09,E@3.6,5.7,42.3,0.0,313,"Montesano, Grays Harbor County",310022,Montesano,2017-12-10 15:52:42.293537
2011-12-17,11:45,43.4,43.6,41.2,91.9,0.02,E@3.3,5.3,42.3,0.0,328,"Montesano, Grays Harbor County",310022,Montesano,2017-12-10 15:52:42.293537
2011-12-17,12:00,44.6,44.7,41.8,89.9,0.0,NE@3.6,6.4,42.3,0.0,328,"Montesano, Grays Harbor County",310022,Montesano,2017-12-10 15:52:42.293537
2011-12-17,12:15,45.2,45.3,41.4,86.5,0.0,NE@3.0,5.3,42.3,0.0,330,"Montesano, Grays Harbor County",310022,Montesano,2017-12-10 15:52:42.293537
2011-12-17,12:30,46.8,46.9,42.8,85.8,0.0,S@2.0,3.5,42.3,0.0,303,"Montesano, Grays Harbor County",310022,Montesano,2017-12-10 15:52:42.293537
2011-12-17,12:45,46.9,46.6,42.8,85.6,0.0,S@3.1,4.9,42.3,0.0,302,"Montesano, Grays Harbor County",310022,Montesano,2017-12-10 15:52:42.293537
2011-12-17,13:00,47.0,46.9,42.9,85.5,0.0,SE@2.6,3.9,42.3,0.0,311,"Montesano, Grays Harbor County",310022,Montesano,2017-12-10 15:52:42.293537
2011-12-17,13:15,47.6,47.5,42.5,82.4,0.0,E@3.4,4.9,42.3,0.0,260,"Montesano, Grays Harbor County",310022,Montesano,2017-12-10 15:52:42.293537
2011-12-17,13:30,48.5,48.5,43.2,81.9,0.0,SE@2.7,4.6,42.3,0.0,290,"Montesano, Grays Harbor County",310022,Montesano,2017-12-10 15:52:42.293537
2011-12-17,13:45,48.9,48.8,43.8,82.6,0.0,E@2.8,4.6,42.3,0.0,276,"Montesano, Grays Harbor County",310022,Montesano,2017-12-10 15:52:42.293537
2011-12-17,14:00,50.0,50.1,44.0,79.7,0.0,NE@2.4,4.6,42.3,0.0,248,"Montesano, Grays Harbor County",310022,Montesano,2017-12-10 15:52:42.293537
2011-12-17,14:15,50.5,50.3,44.9,80.8,0.0,SW@2.9,5.7,42.3,0.0,238,"Montesano, Grays Harbor County",310022,Montesano,2017-12-10 15:52:42.293537
2011-12-17,14:30,49.5,49.3,44.5,82.9,0.0,S@3.8,5.7,42.3,0.0,203,"Montesano, Grays Harbor County",310022,Montesano,2017-12-10 15:52:42.293537
2011-12-17,14:45,49.8,49.8,44.6,82.3,0.0,S@2.7,4.6,42.3,0.0,179,"Montesano, Grays Harbor County",310022,Montesano,2017-12-10 15:52:42.293537
2011-12-17,15:00,50.0,49.8,44.8,82.1,0.0,S@1.8,3.9,42.3,0.0,140,"Montesano, Grays Harbor County",310022,Montesano,2017-12-10 15:52:42.293537
2011-12-17,15:15,50.4,50.0,45.3,82.7,0.0,SE@1.7,3.5,42.3,0.0,136,"Montesano, Grays Harbor County",310022,Montesano,2017-12-10 15:52:42.293537
2011-12-17,15:30,48.1,47.9,44.5,87.4,0.0,E@2.3,3.1,42.3,0.0,68,"Montesano, Grays Harbor County",310022,Montesano,2017-12-10 15:52:42.293537
2011-12-17,15:45,48.1,47.8,43.8,84.8,0.0,NE@2.4,4.2,42.3,0.0,68,"Montesano, Grays Harbor County",310022,Montesano,2017-12-10 15:52:42.293537
2011-12-17,16:00,44.9,44.5,43.2,93.6,0.0,S@3.0,3.9,42.3,0.0,58,"Montesano, Grays Harbor County",310022,Montesano,2017-12-10 15:52:42.293537
2011-12-17,16:15,43.8,43.6,42.6,95.2,0.0,E@2.0,3.1,42.3,0.0,32,"Montesano, Grays Harbor County",310022,Montesano,2017-12-10 15:52:42.293537
2011-12-17,16:30,42.8,42.6,42.2,97.7,0.04,E@2.4,3.1,42.2,0.0,8,"Montesano, Grays Harbor County",310022,Montesano,2017-12-10 15:52:42.293537
2011-12-17,16:45,41.5,41.0,40.9,97.6,0.1,NW@2.9,4.6,42.3,0.0,2,"Montesano, Grays Harbor County",310022,Montesano,2017-12-10 15:52:42.293537
2011-12-17,17:00,38.2,38.1,37.8,98.4,0.14,S@2.9,4.2,42.3,0.0,1,"Montesano, Grays Harbor County",310022,Montesano,2017-12-10 15:52:42.293537
2011-12-17,17:15,39.1,39.1,39.0,99.7,0.23,S@1.9,2.8,42.3,0.0,0,"Montesano, Grays Harbor County",310022,Montesano,2017-12-10 15:52:42.293537
2011-12-17,17:30,38.6,38.5,38.5,99.8,0.34,SE@1.3,2.1,42.3,0.0,0,"Montesano, Grays Harbor County",310022,Montesano,2017-12-10 15:52:42.293537
2011-12-17,17:45,38.3,38.0,38.2,99.9,0.49,NE@1.1,2.4,42.3,0.0,0,"Montesano, Grays Harbor County",310022,Montesano,2017-12-10 15:52:42.293537
2011-12-17,18:00,38.6,38.3,38.5,99.8,0.62,NE@2.2,4.2,42.3,0.0,0,"Montesano, Grays Harbor County",310022,Montesano,2017-12-10 15:52:42.293537
2011-12-17,18:15,37.3,37.2,37.3,100.0,0.69,SW@2.5,3.9,42.3,0.0,0,"Montesano, Grays Harbor County",310022,Montesano,2017-12-10 15:52:42.293537
2011-12-17,18:30,36.5,36.5,36.5,99.9,0.74,SE@2.6,3.9,42.3,0.0,0,"Montesano, Grays Harbor County",310022,Montesano,2017-12-10 15:52:42.293537
2011-12-17,18:45,37.2,37.3,37.2,100.0,0.78,NE@2.5,3.1,42.3,0.0,0,"Montesano, Grays Harbor County",310022,Montesano,2017-12-10 15:52:42.293537
2011-12-17,19:00,36.5,36.6,36.5,100.0,0.8,W@1.4,2.8,42.3,0.0,0,"Montesano, Grays Harbor County",310022,Montesano,2017-12-10 15:52:42.293537
2011-12-17,19:15,35.9,35.8,35.9,100.0,0.82,NW@1.3,3.9,42.3,0.0,0,"Montesano, Grays Harbor County",310022,Montesano,2017-12-10 15:52:42.293537
2011-12-17,19:30,36.0,36.1,36.0,99.9,0.84,E@1.7,2.4,42.3,0.0,0,"Montesano, Grays Harbor County",310022,Montesano,2017-12-10 15:52:42.293537
2011-12-17,19:45,37.7,38.0,37.7,100.0,0.86,W@2.1,6.7,42.3,0.0,0,"Montesano, Grays Harbor County",310022,Montesano,2017-12-10 15:52:42.293537
2011-12-17,20:00,39.5,39.8,39.5,100.0,0.87,SW@4.3,9.6,42.3,0.0,0,"Montesano, Grays Harbor County",310022,Montesano,2017-12-10 15:52:42.293537
2011-12-17,20:15,42.3,42.4,42.3,100.0,0.87,SW@5.9,9.6,42.3,0.0,0,"Montesano, Grays Harbor County",310022,Montesano,2017-12-10 15:52:42.293537
2011-12-17,20:30,42.8,42.8,42.8,100.0,0.87,SW@5.8,9.9,42.3,0.0,0,"Montesano, Grays Harbor County",310022,Montesano,2017-12-10 15:52:42.293537
2011-12-17,20:45,43.0,43.0,43.0,99.8,0.86,SW@5.2,8.2,42.3,0.0,0,"Montesano, Grays Harbor County",310022,Montesano,2017-12-10 15:52:42.293537
2011-12-17,21:00,43.1,43.2,42.9,99.3,0.82,SW@6.3,8.9,42.3,0.0,0,"Montesano, Grays Harbor County",310022,Montesano,2017-12-10 15:52:42.293537
2011-12-17,21:15,43.5,43.6,43.1,98.2,0.74,SW@7.9,12.8,42.3,0.01,0,"Montesano, Grays Harbor County",310022,Montesano,2017-12-10 15:52:42.293537
2011-12-17,21:30,43.6,43.7,42.9,97.3,0.62,SW@6.7,10.3,42.3,0.0,0,"Montesano, Grays Harbor County",310022,Montesano,2017-12-10 15:52:42.293537
2011-12-17,21:45,43.5,43.6,42.7,96.8,0.48,SW@6.4,8.9,42.3,0.0,0,"Montesano, Grays Harbor County",310022,Montesano,2017-12-10 15:52:42.293537
2011-12-17,22:00,43.4,43.4,42.7,97.4,0.36,SW@4.7,7.4,42.3,0.0,0,"Montesano, Grays Harbor County",310022,Montesano,2017-12-10 15:52:42.293537
2011-12-17,22:15,43.2,43.2,42.7,97.9,0.28,W@3.6,4.9,42.3,0.0,0,"Montesano, Grays Harbor County",310022,Montesano,2017-12-10 15:52:42.293537
2011-12-17,22:30,43.1,43.1,42.6,98.1,0.23,W@3.0,3.9,42.3,0.0,0,"Montesano, Grays Harbor County",310022,Montesano,2017-12-10 15:52:42.293537
2011-12-17,22:45,42.8,42.8,42.5,98.8,0.43,W@3.4,3.9,42.3,0.0,0,"Montesano, Grays Harbor County",310022,Montesano,2017-12-10 15:52:42.293537
2011-12-17,23:00,42.6,42.6,42.6,99.8,0.88,W@3.2,4.2,42.3,0.0,0,"Montesano, Grays Harbor County",310022,Montesano,2017-12-10 15:52:42.293537
2011-12-17,23:15,42.6,42.6,42.6,100.0,0.89,W@2.8,4.2,42.3,0.0,0,"Montesano, Grays Harbor County",310022,Montesano,2017-12-10 15:52:42.293537
2011-12-17,23:30,42.6,42.6,42.6,100.0,0.86,W@3.2,4.2,42.3,0.0,0,"Montesano, Grays Harbor County",310022,Montesano,2017-12-10 15:52:42.293537
2011-12-17,23:45,42.6,42.6,42.6,100.0,0.85,W@2.5,4.2,42.3,0.0,0,"Montesano, Grays Harbor County",310022,Montesano,2017-12-10 15:52:42.293537
2011-12-17,24:00,42.6,42.5,42.6,100.0,0.85,NW@1.9,2.4,42.3,0.0,0,"Montesano, Grays Harbor County",310022,Montesano,2017-12-10 15:52:42.293537
2011-12-18,00:15,42.6,42.6,42.6,100.0,0.85,W@1.8,2.4,42.3,0.01,0,"Montesano, Grays Harbor County",310022,Montesano,2017-12-10 15:52:42.293537
2011-12-18,00:30,42.6,42.5,42.6,100.0,0.83,S@1.5,2.4,42.3,0.0,0,"Montesano, Grays Harbor County",310022,Montesano,2017-12-10 15:52:42.293537
2011-12-18,00:45,42.7,42.6,42.7,100.0,0.84,SW@1.8,2.8,42.3,0.0,0,"Montesano, Grays Harbor County",310022,Montesano,2017-12-10 15:52:42.293537
2011-12-18,01:00,42.7,42.6,42.7,100.0,0.83,S@1.6,2.4,42.3,0.01,0,"Montesano, Grays Harbor County",310022,Montesano,2017-12-10 15:52:42.293537
2011-12-18,01:15,42.7,42.7,42.7,100.0,0.83,SE@1.8,2.4,42.3,0.0,0,"Montesano, Grays Harbor County",310022,Montesano,2017-12-10 15:52:42.293537
2011-12-18,01:30,42.7,42.6,42.7,100.0,0.83,NE@2.1,2.8,42.3,0.01,0,"Montesano, Grays Harbor County",310022,Montesano,2017-12-10 15:52:42.293537
2011-12-18,01:45,42.4,42.4,42.4,100.0,0.82,NE@2.8,3.9,42.3,0.0,0,"Montesano, Grays Harbor County",310022,Montesano,2017-12-10 15:52:42.293537
2011-12-18,02:00,42.1,42.1,42.1,100.0,0.8,E@4.2,5.3,42.3,0.0,0,"Montesano, Grays Harbor County",310022,Montesano,2017-12-10 15:52:42.293537
2011-12-18,02:15,41.9,42.0,41.9,100.0,0.81,E@4.3,5.3,42.3,0.0,0,"Montesano, Grays Harbor County",310022,Montesano,2017-12-10 15:52:42.293537
2011-12-18,02:30,42.0,42.1,42.0,100.0,0.82,NE@3.7,5.3,42.3,0.0,0,"Montesano, Grays Harbor County",310022,Montesano,2017-12-10 15:52:42.293537
2011-12-18,02:45,42.5,42.5,42.5,100.0,0.83,NE@3.0,4.6,42.3,0.0,0,"Montesano, Grays Harbor County",310022,Montesano,2017-12-10 15:52:42.293537
2011-12-18,03:00,42.2,42.2,42.2,100.0,0.83,NE@2.5,4.2,42.3,0.0,0,"Montesano, Grays Harbor County",310022,Montesano,2017-12-10 15:52:42.293537
2011-12-18,03:15,42.1,42.1,42.1,100.0,0.83,E@2.0,2.8,42.3,0.0,0,"Montesano, Grays Harbor County",310022,Montesano,2017-12-10 15:52:42.293537
2011-12-18,03:30,42.0,42.0,42.0,100.0,0.84,NE@2.7,3.9,42.3,0.0,0,"Montesano, Grays Harbor County",310022,Montesano,2017-12-10 15:52:42.293537
2011-12-18,03:45,42.0,42.0,42.0,100.0,0.83,E@2.0,2.8,42.3,0.0,0,"Montesano, Grays Harbor County",310022,Montesano,2017-12-10 15:52:42.293537
2011-12-18,04:00,42.0,42.0,42.0,100.0,0.85,NE@1.8,2.4,42.3,0.0,0,"Montesano, Grays Harbor County",310022,Montesano,2017-12-10 15:52:42.293537
2011-12-18,04:15,44.1,44.3,44.1,100.0,0.84,SW@7.9,12.8,42.4,0.0,0,"Montesano, Grays Harbor County",310022,Montesano,2017-12-10 15:52:42.293537
2011-12-18,04:30,45.0,45.1,45.0,100.0,0.82,SW@7.2,9.6,42.3,0.0,0,"Montesano, Grays Harbor County",310022,Montesano,2017-12-10 15:52:42.293537
2011-12-18,04:45,44.9,45.1,44.9,99.8,0.8,SW@7.5,9.9,42.4,0.01,0,"Montesano, Grays Harbor County",310022,Montesano,2017-12-10 15:52:42.293537
2011-12-18,05:00,45.0,45.1,44.8,99.2,0.81,SW@5.8,10.3,42.4,0.0,0,"Montesano, Grays Harbor County",310022,Montesano,2017-12-10 15:52:42.293537
2011-12-18,05:15,44.8,44.7,44.4,98.6,0.81,SW@4.5,6.0,42.4,0.0,0,"Montesano, Grays Harbor County",310022,Montesano,2017-12-10 15:52:42.293537
2011-12-18,05:30,44.8,44.8,44.4,98.3,0.81,SW@3.9,5.7,42.4,0.0,0,"Montesano, Grays Harbor County",310022,Montesano,2017-12-10 15:52:42.293537
2011-12-18,05:45,45.1,45.1,44.3,96.9,0.81,SW@5.0,8.9,42.4,0.0,0,"Montesano, Grays Harbor County",310022,Montesano,2017-12-10 15:52:42.293537
2011-12-18,06:00,45.0,45.0,44.2,97.1,0.8,SW@4.9,7.1,42.4,0.0,0,"Montesano, Grays Harbor County",310022,Montesano,2017-12-10 15:52:42.293537
2011-12-18,06:15,44.8,44.9,44.2,97.4,0.8,SW@5.6,7.4,42.4,0.0,0,"Montesano, Grays Harbor County",310022,Montesano,2017-12-10 15:52:42.293537
2011-12-18,06:30,44.6,44.5,44.3,98.8,0.87,W@4.3,7.1,42.4,0.0,0,"Montesano, Grays Harbor County",310022,Montesano,2017-12-10 15:52:42.293537
2011-12-18,06:45,44.3,44.2,44.2,99.7,0.89,W@3.1,6.4,42.4,0.0,0,"Montesano, Grays Harbor County",310022,Montesano,2017-12-10 15:52:42.293537
2011-12-18,07:00,44.0,43.9,44.0,100.0,0.89,W@2.8,3.9,42.4,0.0,0,"Montesano, Grays Harbor County",310022,Montesano,2017-12-10 15:52:42.293537
2011-12-18,07:15,43.9,43.9,43.9,100.0,0.89,W@3.1,4.9,42.4,0.0,0,"Montesano, Grays Harbor County",310022,Montesano,2017-12-10 15:52:42.293537
2011-12-18,07:30,44.3,44.4,44.3,100.0,0.89,W@3.5,5.7,42.4,0.0,0,"Montesano, Grays Harbor County",310022,Montesano,2017-12-10 15:52:42.293537
2011-12-18,07:45,44.5,44.4,44.5,100.0,0.88,W@3.1,4.9,42.4,0.0,2,"Montesano, Grays Harbor County",310022,Montesano,2017-12-10 15:52:42.293537
2011-12-18,08:00,44.3,44.2,44.3,100.0,0.88,W@2.5,3.5,42.4,0.0,2,"Montesano, Grays Harbor County",310022,Montesano,2017-12-10 15:52:42.293537
2011-12-18,08:15,44.3,44.2,44.3,100.0,0.87,SW@2.1,3.1,42.4,0.0,7,"Montesano, Grays Harbor County",310022,Montesano,2017-12-10 15:52:42.293537
2011-12-18,08:30,44.2,44.2,44.2,100.0,0.87,SW@2.7,4.6,42.4,0.0,14,"Montesano, Grays Harbor County",310022,Montesano,2017-12-10 15:52:42.293537
2011-12-18,08:45,44.9,45.0,44.9,100.0,0.85,SW@5.5,10.3,42.4,0.0,19,"Montesano, Grays Harbor County",310022,Montesano,2017-12-10 15:52:42.293537
2011-12-18,09:00,45.5,45.6,45.3,98.9,0.82,W@7.7,10.7,42.4,0.0,27,"Montesano, Grays Harbor County",310022,Montesano,2017-12-10 15:52:42.293537
2011-12-18,09:15,45.6,45.7,45.2,98.2,0.79,W@7.1,10.3,42.4,0.0,43,"Montesano, Grays Harbor County",310022,Montesano,2017-12-10 15:52:42.293537
2011-12-18,09:30,45.7,45.7,45.1,97.9,0.75,W@5.9,8.2,42.4,0.0,42,"Montesano, Grays Harbor County",310022,Montesano,2017-12-10 15:52:42.293537
2011-12-18,09:45,45.7,45.8,45.1,97.6,0.72,W@5.7,8.2,42.4,0.0,45,"Montesano, Grays Harbor County",310022,Montesano,2017-12-10 15:52:42.293537
2011-12-18,10:00,45.7,45.8,45.0,97.5,0.7,W@5.4,7.4,42.5,0.0,28,"Montesano, Grays Harbor County",310022,Montesano,2017-12-10 15:52:42.293537
2011-12-18,10:15,45.7,45.7,45.0,97.2,0.7,NW@5.4,9.2,42.5,0.0,40,"Montesano, Grays Harbor County",310022,Montesano,2017-12-10 15:52:42.293537
2011-12-18,10:30,45.6,45.6,44.5,95.9,0.69,NW@6.9,9.6,42.5,0.0,56,"Montesano, Grays Harbor County",310022,Montesano,2017-12-10 15:52:42.293537
2011-12-18,10:45,45.9,45.9,44.8,95.9,0.64,W@4.4,7.1,42.5,0.0,120,"Montesano, Grays Harbor County",310022,Montesano,2017-12-10 15:52:42.293537
2011-12-18,11:00,46.3,46.3,45.1,95.4,0.47,W@4.3,6.7,42.5,0.0,136,"Montesano, Grays Harbor County",310022,Montesano,2017-12-10 15:52:42.293537
2011-12-18,11:15,46.5,46.5,45.3,95.5,0.27,W@3.8,5.7,42.5,0.0,113,"Montesano, Grays Harbor County",310022,Montesano,2017-12-10 15:52:42.293537
2011-12-18,11:30,46.4,46.3,45.1,95.1,0.11,NW@4.2,6.7,42.5,0.0,91,"Montesano, Grays Harbor County",310022,Montesano,2017-12-10 15:52:42.293537
2011-12-18,11:45,46.5,46.5,45.1,94.8,0.03,N@2.9,4.2,42.5,0.0,77,"Montesano, Grays Harbor County",310022,Montesano,2017-12-10 15:52:42.293537
2011-12-18,12:00,46.6,46.5,45.2,95.0,0.0,N@3.0,4.9,42.5,0.0,97,"Montesano, Grays Harbor County",310022,Montesano,2017-12-10 15:52:42.293537
2011-12-18,12:15,46.6,46.4,45.4,95.5,0.0,N@3.9,5.3,42.5,0.0,138,"Montesano, Grays Harbor County",310022,Montesano,2017-12-10 15:52:42.293537
2011-12-18,12:30,46.3,46.2,45.4,96.7,0.0,N@3.3,4.9,42.5,0.0,110,"Montesano, Grays Harbor County",310022,Montesano,2017-12-10 15:52:42.293537
2011-12-18,12:45,46.4,46.4,45.7,97.2,0.01,NE@2.7,3.9,42.5,0.0,140,"Montesano, Grays Harbor County",310022,Montesano,2017-12-10 15:52:42.293537
2011-12-18,13:00,46.8,46.9,45.8,96.2,0.0,N@2.4,3.9,42.5,0.0,143,"Montesano, Grays Harbor County",310022,Montesano,2017-12-10 15:52:42.293537
2011-12-18,13:15,47.0,46.9,45.9,95.7,0.0,N@2.3,3.1,42.5,0.0,114,"Montesano, Grays Harbor County",310022,Montesano,2017-12-10 15:52:42.293537
2011-12-18,13:30,47.1,46.9,45.9,95.7,0.0,NE@1.5,2.8,42.5,0.0,82,"Montesano, Grays Harbor County",310022,Montesano,2017-12-10 15:52:42.293537
2011-12-18,13:45,47.1,47.0,45.9,95.6,0.0,N@1.9,3.1,42.6,0.0,78,"Montesano, Grays Harbor County",310022,Montesano,2017-12-10 15:52:42.293537
2011-12-18,14:00,47.4,47.4,46.0,94.6,0.0,NW@1.0,2.8,42.6,0.0,91,"Montesano, Grays Harbor County",310022,Montesano,2017-12-10 15:52:42.293537
2011-12-18,14:15,47.6,47.4,46.0,94.2,0.0,NW@1.9,3.5,42.6,0.0,96,"Montesano, Grays Harbor County",310022,Montesano,2017-12-10 15:52:42.293537
2011-12-18,14:30,47.8,47.7,46.1,93.7,0.0,N@2.1,3.9,42.6,0.0,72,"Montesano, Grays Harbor County",310022,Montesano,2017-12-10 15:52:42.293537
2011-12-18,14:45,48.0,48.0,46.1,92.8,0.0,N@2.2,3.9,42.6,0.0,124,"Montesano, Grays Harbor County",310022,Montesano,2017-12-10 15:52:42.293537
2011-12-18,15:00,48.3,48.2,46.4,93.1,0.0,E@2.9,4.6,42.6,0.0,125,"Montesano, Grays Harbor County",310022,Montesano,2017-12-10 15:52:42.293537
2011-12-18,15:15,47.9,47.9,46.1,93.3,0.0,E@3.8,5.7,42.6,0.0,102,"Montesano, Grays Harbor County",310022,Montesano,2017-12-10 15:52:42.293537
2011-12-18,15:30,47.8,47.7,46.1,93.6,0.0,E@3.8,6.0,42.6,0.0,76,"Montesano, Grays Harbor County",310022,Montesano,2017-12-10 15:52:42.293537
2011-12-18,15:45,47.6,47.5,46.0,94.2,0.0,E@3.5,5.3,42.6,0.0,59,"Montesano, Grays Harbor County",310022,Montesano,2017-12-10 15:52:42.293537
2011-12-18,16:00,47.5,47.4,46.0,94.5,0.0,NE@3.1,4.6,42.7,0.0,35,"Montesano, Grays Harbor County",310022,Montesano,2017-12-10 15:52:42.293537
2011-12-18,16:15,47.2,47.2,45.9,94.9,0.0,NE@2.2,4.2,42.7,0.0,9,"Montesano, Grays Harbor County",310022,Montesano,2017-12-10 15:52:42.293537
2011-12-18,16:30,47.1,46.9,45.8,95.4,0.01,NE@1.9,2.4,42.7,0.0,4,"Montesano, Grays Harbor County",310022,Montesano,2017-12-10 15:52:42.293537
2011-12-18,16:45,46.5,46.2,45.5,96.3,0.02,E@1.2,2.1,42.7,0.0,2,"Montesano, Grays Harbor County",310022,Montesano,2017-12-10 15:52:42.293537
2011-12-18,17:00,45.8,45.4,45.1,97.5,0.03,N@0.0,0.0,42.7,0.0,1,"Montesano, Grays Harbor County",310022,Montesano,2017-12-10 15:52:42.293537
2011-12-18,17:15,45.3,45.2,45.1,99.1,0.05,NE@1.8,2.1,42.7,0.0,0,"Montesano, Grays Harbor County",310022,Montesano,2017-12-10 15:52:42.293537
2011-12-18,17:30,45.4,45.2,45.3,99.6,0.07,E@1.5,2.1,42.7,0.0,0,"Montesano, Grays Harbor County",310022,Montesano,2017-12-10 15:52:42.293537
2011-12-18,17:45,44.7,44.6,44.7,99.7,0.08,S@1.7,2.8,42.8,0.0,0,"Montesano, Grays Harbor County",310022,Montesano,2017-12-10 15:52:42.293537
2011-12-18,18:00,44.6,44.3,44.6,99.9,0.11,E@0.2,1.7,42.8,0.0,0,"Montesano, Grays Harbor County",310022,Montesano,2017-12-10 15:52:42.293537
2011-12-18,18:15,44.5,44.3,44.5,100.0,0.15,NW@0.7,2.1,42.8,0.0,0,"Montesano, Grays Harbor County",310022,Montesano,2017-12-10 15:52:42.293537
2011-12-18,18:30,43.9,43.7,43.9,100.0,0.2,W@2.2,3.5,42.8,0.0,0,"Montesano, Grays Harbor County",310022,Montesano,2017-12-10 15:52:42.293537
2011-12-18,18:45,43.1,43.1,43.1,100.0,0.22,SW@1.8,2.4,42.8,0.0,0,"Montesano, Grays Harbor County",310022,Montesano,2017-12-10 15:52:42.293537
2011-12-18,19:00,43.3,43.1,43.3,100.0,0.25,S@1.5,2.4,42.8,0.0,0,"Montesano, Grays Harbor County",310022,Montesano,2017-12-10 15:52:42.293537
2011-12-18,19:15,43.4,43.3,43.4,100.0,0.28,SE@0.6,2.1,42.9,0.0,0,"Montesano, Grays Harbor County",310022,Montesano,2017-12-10 15:52:42.293537
2011-12-18,19:30,43.8,43.7,43.8,100.0,0.3,E@1.5,2.4,42.9,0.0,0,"Montesano, Grays Harbor County",310022,Montesano,2017-12-10 15:52:42.293537
2011-12-18,19:45,43.7,43.6,43.7,100.0,0.33,E@2.6,3.1,42.9,0.0,0,"Montesano, Grays Harbor County",310022,Montesano,2017-12-10 15:52:42.293537
2011-12-18,20:00,44.0,44.0,44.0,100.0,0.36,NE@2.2,2.8,42.9,0.0,0,"Montesano, Grays Harbor County",310022,Montesano,2017-12-10 15:52:42.293537
2011-12-18,20:15,43.4,43.3,43.4,100.0,0.37,NE@2.6,3.9,42.9,0.0,0,"Montesano, Grays Harbor County",310022,Montesano,2017-12-10 15:52:42.293537
2011-12-18,20:30,43.4,43.4,43.4,100.0,0.39,E@3.0,4.2,42.9,0.0,0,"Montesano, Grays Harbor County",310022,Montesano,2017-12-10 15:52:42.293537
2011-12-18,20:45,43.0,43.1,43.0,100.0,0.41,E@3.2,4.6,43.0,0.0,0,"Montesano, Grays Harbor County",310022,Montesano,2017-12-10 15:52:42.293537
2011-12-18,21:00,42.8,42.8,42.8,100.0,0.43,NE@3.2,4.2,43.0,0.0,0,"Montesano, Grays Harbor County",310022,Montesano,2017-12-10 15:52:42.293537
2011-12-18,21:15,42.6,42.5,42.6,100.0,0.45,E@1.2,2.4,43.0,0.0,0,"Montesano, Grays Harbor County",310022,Montesano,2017-12-10 15:52:42.293537
2011-12-18,21:30,42.7,42.5,42.7,100.0,0.47,NE@0.8,2.4,43.0,0.0,0,"Montesano, Grays Harbor County",310022,Montesano,2017-12-10 15:52:42.293537
2011-12-18,21:45,42.6,42.4,42.6,100.0,0.49,SE@1.4,2.1,43.0,0.0,0,"Montesano, Grays Harbor County",310022,Montesano,2017-12-10 15:52:42.293537
2011-12-18,22:00,42.6,42.4,42.6,100.0,0.5,SE@2.1,2.8,43.0,0.0,0,"Montesano, Grays Harbor County",310022,Montesano,2017-12-10 15:52:42.293537
2011-12-18,22:15,42.5,42.4,42.5,100.0,0.49,N@2.0,3.1,43.0,0.0,0,"Montesano, Grays Harbor County",310022,Montesano,2017-12-10 15:52:42.293537
2011-12-18,22:30,42.4,42.4,42.4,100.0,0.49,NE@2.2,3.1,43.0,0.0,0,"Montesano, Grays Harbor County",310022,Montesano,2017-12-10 15:52:42.293537
2011-12-18,22:45,42.3,42.1,42.3,100.0,0.49,E@0.8,3.1,43.0,0.0,0,"Montesano, Grays Harbor County",310022,Montesano,2017-12-10 15:52:42.293537
2011-12-18,23:00,42.2,42.0,42.2,100.0,0.5,NE@0.0,1.4,43.0,0.0,0,"Montesano, Grays Harbor County",310022,Montesano,2017-12-10 15:52:42.293537
2011-12-18,23:15,42.1,41.9,42.1,100.0,0.52,E@0.6,1.7,43.1,0.0,0,"Montesano, Grays Harbor County",310022,Montesano,2017-12-10 15:52:42.293537
2011-12-18,23:30,42.0,41.9,42.0,100.0,0.54,E@1.5,2.1,43.1,0.0,0,"Montesano, Grays Harbor County",310022,Montesano,2017-12-10 15:52:42.293537
2011-12-18,23:45,41.9,41.8,41.9,100.0,0.58,NE@2.2,3.5,43.1,0.0,0,"Montesano, Grays Harbor County",310022,Montesano,2017-12-10 15:52:42.293537
2011-12-18,24:00,41.6,41.6,41.6,100.0,0.59,NE@2.3,3.1,43.1,0.0,0,"Montesano, Grays Harbor County",310022,Montesano,2017-12-10 15:52:42.293537
2011-12-19,00:15,41.6,41.5,41.6,100.0,0.6,SE@2.1,3.1,43.1,0.0,0,"Montesano, Grays Harbor County",310022,Montesano,2017-12-10 15:52:42.293537
2011-12-19,00:30,41.5,41.4,41.5,100.0,0.6,NE@2.0,2.4,43.1,0.0,0,"Montesano, Grays Harbor County",310022,Montesano,2017-12-10 15:52:42.293537
2011-12-19,00:45,41.3,41.2,41.3,100.0,0.62,NE@1.7,2.4,43.1,0.0,0,"Montesano, Grays Harbor County",310022,Montesano,2017-12-10 15:52:42.293537
2011-12-19,01:00,41.4,41.3,41.4,100.0,0.63,NE@1.7,2.4,43.1,0.0,0,"Montesano, Grays Harbor County",310022,Montesano,2017-12-10 15:52:42.293537
2011-12-19,01:15,41.3,41.2,41.3,100.0,0.64,E@1.9,2.8,43.1,0.0,0,"Montesano, Grays Harbor County",310022,Montesano,2017-12-10 15:52:42.293537
2011-12-19,01:30,41.3,41.3,41.3,100.0,0.65,E@3.0,3.5,43.1,0.0,0,"Montesano, Grays Harbor County",310022,Montesano,2017-12-10 15:52:42.293537
2011-12-19,01:45,41.1,41.1,41.1,100.0,0.65,NE@3.4,4.6,43.1,0.0,0,"Montesano, Grays Harbor County",310022,Montesano,2017-12-10 15:52:42.293537
2011-12-19,02:00,40.9,41.0,40.9,100.0,0.66,E@3.2,4.6,43.1,0.0,0,"Montesano, Grays Harbor County",310022,Montesano,2017-12-10 15:52:42.293537
2011-12-19,02:15,40.9,41.0,40.9,100.0,0.66,NE@3.7,5.3,43.1,0.0,0,"Montesano, Grays Harbor County",310022,Montesano,2017-12-10 15:52:42.293537
2011-12-19,02:30,40.8,40.9,40.8,100.0,0.67,N@2.5,3.9,43.1,0.0,0,"Montesano, Grays Harbor County",310022,Montesano,2017-12-10 15:52:42.293537
2011-12-19,02:45,40.9,41.0,40.9,100.0,0.67,E@2.7,3.5,43.1,0.0,0,"Montesano, Grays Harbor County",310022,Montesano,2017-12-10 15:52:42.293537
2011-12-19,03:00,40.8,40.8,40.8,100.0,0.66,E@2.0,3.9,43.2,0.0,0,"Montesano, Grays Harbor County",310022,Montesano,2017-12-10 15:52:42.293537
2011-12-19,03:15,40.9,40.9,40.9,100.0,0.66,NW@2.1,2.8,43.2,0.0,0,"Montesano, Grays Harbor County",310022,Montesano,2017-12-10 15:52:42.293537
2011-12-19,03:30,41.1,41.0,41.1,100.0,0.66,N@1.5,2.4,43.2,0.0,0,"Montesano, Grays Harbor County",310022,Montesano,2017-12-10 15:52:42.293537
2011-12-19,03:45,41.2,41.0,41.2,100.0,0.66,E@1.4,2.8,43.2,0.0,0,"Montesano, Grays Harbor County",310022,Montesano,2017-12-10 15:52:42.293537
2011-12-19,04:00,41.1,41.0,41.1,100.0,0.67,SE@2.6,4.2,43.2,0.0,0,"Montesano, Grays Harbor County",310022,Montesano,2017-12-10 15:52:42.293537
2011-12-19,04:15,40.9,40.9,40.9,100.0,0.68,NE@2.1,2.8,43.2,0.0,0,"Montesano, Grays Harbor County",310022,Montesano,2017-12-10 15:52:42.293537
2011-12-19,04:30,40.9,40.9,40.9,100.0,0.7,N@2.6,3.5,43.2,0.0,0,"Montesano, Grays Harbor County",310022,Montesano,2017-12-10 15:52:42.293537
2011-12-19,04:45,40.9,40.9,40.9,100.0,0.71,E@2.8,4.6,43.2,0.0,0,"Montesano, Grays Harbor County",310022,Montesano,2017-12-10 15:52:42.293537
2011-12-19,05:00,40.5,40.6,40.5,100.0,0.72,NE@3.5,4.6,43.2,0.0,0,"Montesano, Grays Harbor County",310022,Montesano,2017-12-10 15:52:42.293537
2011-12-19,05:15,40.4,40.5,40.4,100.0,0.75,NE@2.9,4.2,43.2,0.0,0,"Montesano, Grays Harbor County",310022,Montesano,2017-12-10 15:52:42.293537
2011-12-19,05:30,40.5,40.6,40.5,100.0,0.77,E@2.6,3.9,43.2,0.0,0,"Montesano, Grays Harbor County",310022,Montesano,2017-12-10 15:52:42.293537
2011-12-19,05:45,40.4,40.5,40.4,100.0,0.78,NE@2.7,3.9,43.2,0.0,0,"Montesano, Grays Harbor County",310022,Montesano,2017-12-10 15:52:42.293537
2011-12-19,06:00,40.5,40.6,40.5,100.0,0.79,N@1.5,2.4,43.2,0.0,0,"Montesano, Grays Harbor County",310022,Montesano,2017-12-10 15:52:42.293537
2011-12-19,06:15,40.6,40.6,40.6,100.0,0.82,NE@1.3,2.1,43.2,0.0,0,"Montesano, Grays Harbor County",310022,Montesano,2017-12-10 15:52:42.293537
2011-12-19,06:30,40.6,40.6,40.6,100.0,0.83,E@2.3,3.1,43.2,0.0,0,"Montesano, Grays Harbor County",310022,Montesano,2017-12-10 15:52:42.293537
2011-12-19,06:45,40.6,40.6,40.6,100.0,0.84,NE@2.6,3.9,43.2,0.0,0,"Montesano, Grays Harbor County",310022,Montesano,2017-12-10 15:52:42.293537
2011-12-19,07:00,40.5,40.5,40.5,100.0,0.84,NE@1.6,2.4,43.2,0.0,0,"Montesano, Grays Harbor County",310022,Montesano,2017-12-10 15:52:42.293537
2011-12-19,07:15,40.5,40.5,40.5,100.0,0.84,N@0.5,2.1,43.2,0.0,0,"Montesano, Grays Harbor County",310022,Montesano,2017-12-10 15:52:42.293537
2011-12-19,07:30,40.6,40.5,40.6,100.0,0.84,SE@1.2,2.1,43.2,0.0,1,"Montesano, Grays Harbor County",310022,Montesano,2017-12-10 15:52:42.293537
2011-12-19,07:45,40.6,40.6,40.6,100.0,0.84,S@1.0,1.7,43.2,0.0,2,"Montesano, Grays Harbor County",310022,Montesano,2017-12-10 15:52:42.293537
2011-12-19,08:00,40.7,40.6,40.7,100.0,0.84,N@0.0,0.0,43.2,0.0,3,"Montesano, Grays Harbor County",310022,Montesano,2017-12-10 15:52:42.293537
2011-12-19,08:15,40.8,40.7,40.8,100.0,0.84,E@1.0,2.1,43.2,0.0,12,"Montesano, Grays Harbor County",310022,Montesano,2017-12-10 15:52:42.293537
2011-12-19,08:30,40.9,40.9,40.9,100.0,0.84,E@1.1,2.4,43.2,0.0,28,"Montesano, Grays Harbor County",310022,Montesano,2017-12-10 15:52:42.293537
2011-12-19,08:45,41.3,41.3,41.3,100.0,0.84,NE@1.7,2.4,43.2,0.0,31,"Montesano, Grays Harbor County",310022,Montesano,2017-12-10 15:52:42.293537
2011-12-19,09:00,41.7,41.7,41.7,100.0,0.83,NE@1.6,2.4,43.2,0.0,38,"Montesano, Grays Harbor County",310022,Montesano,2017-12-10 15:52:42.293537
2011-12-19,09:15,42.1,42.0,42.1,100.0,0.82,SE@1.3,2.4,43.2,0.0,67,"Montesano, Grays Harbor County",310022,Montesano,2017-12-10 15:52:42.293537
2011-12-19,09:30,42.5,42.4,42.5,100.0,0.8,NW@1.6,3.1,43.2,0.0,121,"Montesano, Grays Harbor County",310022,Montesano,2017-12-10 15:52:42.293537
2011-12-19,09:45,42.9,42.8,42.9,100.0,0.75,NW@2.5,3.1,43.2,0.0,136,"Montesano, Grays Harbor County",310022,Montesano,2017-12-10 15:52:42.293537
2011-12-19,10:00,43.3,43.1,43.3,100.0,0.7,W@2.2,3.5,43.2,0.0,135,"Montesano, Grays Harbor County",310022,Montesano,2017-12-10 15:52:42.293537
2011-12-19,10:15,43.7,43.5,43.7,100.0,0.65,SW@1.8,2.8,43.2,0.0,153,"Montesano, Grays Harbor County",310022,Montesano,2017-12-10 15:52:42.293537
2011-12-19,10:30,44.7,44.5,44.7,100.0,0.57,SE@1.0,2.4,43.3,0.0,171,"Montesano, Grays Harbor County",310022,Montesano,2017-12-10 15:52:42.293537
2011-12-19,10:45,44.5,44.2,44.5,100.0,0.45,SE@1.8,2.4,43.3,0.0,189,"Montesano, Grays Harbor County",310022,Montesano,2017-12-10 15:52:42.293537
2011-12-19,11:00,46.2,46.2,45.5,97.5,0.2,SE@2.2,3.9,43.2,0.0,338,"Montesano, Grays Harbor County",310022,Montesano,2017-12-10 15:52:42.293537
2011-12-19,11:15,46.7,46.8,44.6,92.5,0.0,E@2.2,4.6,43.3,0.0,322,"Montesano, Grays Harbor County",310022,Montesano,2017-12-10 15:52:42.293537
2011-12-19,11:30,45.9,45.6,43.6,91.7,0.0,N@3.6,4.9,43.3,0.0,140,"Montesano, Grays Harbor County",310022,Montesano,2017-12-10 15:52:42.293537
2011-12-19,11:45,45.4,45.3,43.0,91.4,0.0,N@3.2,4.9,43.3,0.0,162,"Montesano, Grays Harbor County",310022,Montesano,2017-12-10 15:52:42.293537
2011-12-19,12:00,45.4,45.4,43.0,91.0,0.0,N@2.3,3.5,43.3,0.0,175,"Montesano, Grays Harbor County",310022,Montesano,2017-12-10 15:52:42.293537
2011-12-19,12:15,46.2,46.1,43.2,89.3,0.0,W@1.3,3.5,43.3,0.0,119,"Montesano, Grays Harbor County",310022,Montesano,2017-12-10 15:52:42.293537
2011-12-19,12:30,45.4,45.3,42.9,90.7,0.0,SW@3.7,4.9,43.3,0.0,130,"Montesano, Grays Harbor County",310022,Montesano,2017-12-10 15:52:42.293537
2011-12-19,12:45,45.5,45.4,42.7,90.0,0.0,SW@3.1,4.9,43.3,0.0,122,"Montesano, Grays Harbor County",310022,Montesano,2017-12-10 15:52:42.293537
2011-12-19,13:00,46.0,46.0,42.9,88.7,0.0,SW@4.7,6.7,43.3,0.0,178,"Montesano, Grays Harbor County",310022,Montesano,2017-12-10 15:52:42.293537
2011-12-19,13:15,46.1,46.1,42.8,88.3,0.0,SW@3.6,5.3,43.3,0.0,172,"Montesano, Grays Harbor County",310022,Montesano,2017-12-10 15:52:42.293537
2011-12-19,13:30,46.9,46.9,43.0,86.3,0.0,SW@2.5,3.5,43.3,0.0,178,"Montesano, Grays Harbor County",310022,Montesano,2017-12-10 15:52:42.293537
2011-12-19,13:45,47.1,47.0,43.2,86.4,0.0,SW@3.5,5.3,43.3,0.0,221,"Montesano, Grays Harbor County",310022,Montesano,2017-12-10 15:52:42.293537
2011-12-19,14:00,47.5,47.3,42.9,83.7,0.0,SW@4.4,6.0,43.3,0.0,192,"Montesano, Grays Harbor County",310022,Montesano,2017-12-10 15:52:42.293537
2011-12-19,14:15,46.2,46.0,41.9,85.0,0.0,SW@4.2,5.7,43.3,0.0,80,"Montesano, Grays Harbor County",310022,Montesano,2017-12-10 15:52:42.293537
2011-12-19,14:30,46.2,46.2,42.7,87.4,0.0,SW@4.9,6.4,43.3,0.0,105,"Montesano, Grays Harbor County",310022,Montesano,2017-12-10 15:52:42.293537
2011-12-19,14:45,46.3,46.3,42.4,86.1,0.0,SW@4.3,6.7,43.3,0.0,70,"Montesano, Grays Harbor County",310022,Montesano,2017-12-10 15:52:42.293537
2011-12-19,15:00,47.0,47.0,42.2,83.2,0.0,SW@5.3,7.1,43.3,0.0,130,"Montesano, Grays Harbor County",310022,Montesano,2017-12-10 15:52:42.293537
2011-12-19,15:15,47.5,47.3,42.0,80.9,0.0,SW@6.5,8.5,43.3,0.0,141,"Montesano, Grays Harbor County",310022,Montesano,2017-12-10 15:52:42.293537
2011-12-19,15:30,46.5,46.4,41.8,83.4,0.0,W@5.9,8.9,43.3,0.0,73,"Montesano, Grays Harbor County",310022,Montesano,2017-12-10 15:52:42.293537
2011-12-19,15:45,46.1,45.8,41.4,83.4,0.0,W@4.2,6.4,43.3,0.0,81,"Montesano, Grays Harbor County",310022,Montesano,2017-12-10 15:52:42.293537
2011-12-19,16:00,44.9,44.6,40.6,84.8,0.0,W@2.9,3.5,43.3,0.0,48,"Montesano, Grays Harbor County",310022,Montesano,2017-12-10 15:52:42.293537
2011-12-19,16:15,44.1,43.9,40.2,86.0,0.0,W@3.4,4.6,43.4,0.0,22,"Montesano, Grays Harbor County",310022,Montesano,2017-12-10 15:52:42.293537
2011-12-19,16:30,42.3,41.8,39.2,88.4,0.0,W@3.2,4.6,43.4,0.0,7,"Montesano, Grays Harbor County",310022,Montesano,2017-12-10 15:52:42.293537
2011-12-19,16:45,40.8,40.7,39.0,93.2,0.01,S@3.0,4.2,43.4,0.0,2,"Montesano, Grays Harbor County",310022,Montesano,2017-12-10 15:52:42.293537
2011-12-19,17:00,41.2,41.1,39.5,93.4,0.01,S@1.6,3.1,43.4,0.0,2,"Montesano, Grays Harbor County",310022,Montesano,2017-12-10 15:52:42.293537
2011-12-19,17:15,41.1,41.1,39.4,93.7,0.01,E@2.1,2.8,43.4,0.0,1,"Montesano, Grays Harbor County",310022,Montesano,2017-12-10 15:52:42.293537
2011-12-19,17:30,41.6,41.5,39.8,93.4,0.02,E@1.9,3.1,43.4,0.0,0,"Montesano, Grays Harbor County",310022,Montesano,2017-12-10 15:52:42.293537
2011-12-19,17:45,38.8,38.5,37.6,95.4,0.05,E@3.6,5.7,43.4,0.0,0,"Montesano, Grays Harbor County",310022,Montesano,2017-12-10 15:52:42.293537
2011-12-19,18:00,39.5,39.7,38.8,97.4,0.09,NE@2.9,4.2,43.4,0.0,0,"Montesano, Grays Harbor County",310022,Montesano,2017-12-10 15:52:42.293537
2011-12-19,18:15,38.8,38.6,37.9,96.3,0.12,N@3.2,4.2,43.4,0.0,0,"Montesano, Grays Harbor County",310022,Montesano,2017-12-10 15:52:42.293537
2011-12-19,18:30,37.5,37.3,36.7,96.8,0.16,SE@2.6,3.9,43.4,0.0,0,"Montesano, Grays Harbor County",310022,Montesano,2017-12-10 15:52:42.293537
2011-12-19,18:45,37.7,37.7,37.4,98.7,0.26,E@2.1,3.5,43.5,0.0,0,"Montesano, Grays Harbor County",310022,Montesano,2017-12-10 15:52:42.293537
2011-12-19,19:00,37.1,36.8,36.8,98.8,0.36,N@1.2,2.4,43.5,0.0,0,"Montesano, Grays Harbor County",310022,Montesano,2017-12-10 15:52:42.293537
2011-12-19,19:15,36.2,36.2,36.0,99.2,0.5,N@2.2,2.8,43.5,0.0,0,"Montesano, Grays Harbor County",310022,Montesano,2017-12-10 15:52:42.293537
2011-12-19,19:30,36.9,36.4,36.7,99.4,0.63,N@1.9,2.8,43.5,0.0,0,"Montesano, Grays Harbor County",310022,Montesano,2017-12-10 15:52:42.293537
2011-12-19,19:45,34.4,34.1,34.1,98.8,0.68,W@1.9,2.4,43.5,0.0,0,"Montesano, Grays Harbor County",310022,Montesano,2017-12-10 15:52:42.293537
2011-12-19,20:00,33.2,32.9,32.9,98.9,0.72,S@0.4,2.1,43.5,0.0,0,"Montesano, Grays Harbor County",310022,Montesano,2017-12-10 15:52:42.293537
2011-12-19,20:15,34.1,34.1,33.9,99.5,0.77,SE@0.5,2.1,43.5,0.0,0,"Montesano, Grays Harbor County",310022,Montesano,2017-12-10 15:52:42.293537
2011-12-19,20:30,34.4,34.4,34.3,99.7,0.8,NW@2.1,3.1,43.5,0.0,0,"Montesano, Grays Harbor County",310022,Montesano,2017-12-10 15:52:42.293537
2011-12-19,20:45,32.5,32.2,32.3,99.3,0.82,W@1.1,3.1,43.5,0.0,0,"Montesano, Grays Harbor County",310022,Montesano,2017-12-10 15:52:42.293537
2011-12-19,21:00,33.5,33.7,33.5,100.0,0.84,N@0.5,1.7,43.5,0.0,0,"Montesano, Grays Harbor County",310022,Montesano,2017-12-10 15:52:42.293537
2011-12-19,21:15,33.7,33.6,33.6,99.8,0.85,NE@1.7,2.4,43.5,0.0,0,"Montesano, Grays Harbor County",310022,Montesano,2017-12-10 15:52:42.293537
2011-12-19,21:30,33.1,33.2,33.1,99.9,0.86,NW@1.0,2.1,43.5,0.0,0,"Montesano, Grays Harbor County",310022,Montesano,2017-12-10 15:52:42.293537
2011-12-19,21:45,33.4,33.4,33.4,100.0,0.87,W@0.3,2.1,43.5,0.0,0,"Montesano, Grays Harbor County",310022,Montesano,2017-12-10 15:52:42.293537
2011-12-19,22:00,33.5,33.5,33.5,100.0,0.88,W@1.3,2.1,43.5,0.0,0,"Montesano, Grays Harbor County",310022,Montesano,2017-12-10 15:52:42.293537
2011-12-19,22:15,33.6,33.6,33.6,100.0,0.89,W@1.1,2.1,43.5,0.0,0,"Montesano, Grays Harbor County",310022,Montesano,2017-12-10 15:52:42.293537
2011-12-19,22:30,34.0,34.0,34.0,100.0,0.9,SW@0.5,2.1,43.5,0.0,0,"Montesano, Grays Harbor County",310022,Montesano,2017-12-10 15:52:42.293537
2011-12-19,22:45,34.4,34.5,34.4,100.0,0.91,NW@0.1,1.7,43.5,0.0,0,"Montesano, Grays Harbor County",310022,Montesano,2017-12-10 15:52:42.293537
2011-12-19,23:00,34.9,35.0,34.9,100.0,0.91,NW@2.2,3.1,43.5,0.0,0,"Montesano, Grays Harbor County",310022,Montesano,2017-12-10 15:52:42.293537
2011-12-19,23:15,35.1,35.1,35.1,100.0,0.91,W@1.6,2.1,43.5,0.0,0,"Montesano, Grays Harbor County",310022,Montesano,2017-12-10 15:52:42.293537
2011-12-19,23:30,35.0,35.1,35.0,100.0,0.91,W@2.0,2.8,43.5,0.0,0,"Montesano, Grays Harbor County",310022,Montesano,2017-12-10 15:52:42.293537
2011-12-19,23:45,35.3,35.4,35.3,100.0,0.91,SW@1.9,2.8,43.5,0.0,0,"Montesano, Grays Harbor County",310022,Montesano,2017-12-10 15:52:42.293537
2011-12-19,24:00,35.6,35.6,35.6,100.0,0.91,S@1.0,2.1,43.5,0.0,0,"Montesano, Grays Harbor County",310022,Montesano,2017-12-10 15:52:42.293537
2011-12-20,00:15,35.9,35.9,35.9,100.0,0.91,N@1.2,2.1,43.5,0.0,0,"Montesano, Grays Harbor County",310022,Montesano,2017-12-10 15:52:42.293537
2011-12-20,00:30,36.1,36.1,36.1,100.0,0.91,NW@0.8,2.1,43.5,0.0,0,"Montesano, Grays Harbor County",310022,Montesano,2017-12-10 15:52:42.293537
2011-12-20,00:45,36.4,36.3,36.4,100.0,0.91,N@1.0,2.8,43.5,0.0,0,"Montesano, Grays Harbor County",310022,Montesano,2017-12-10 15:52:42.293537
2011-12-20,01:00,36.7,36.6,36.7,100.0,0.91,NE@1.1,2.4,43.5,0.0,0,"Montesano, Grays Harbor County",310022,Montesano,2017-12-10 15:52:42.293537
2011-12-20,01:15,36.7,36.7,36.7,100.0,0.91,SE@1.9,2.4,43.5,0.0,0,"Montesano, Grays Harbor County",310022,Montesano,2017-12-10 15:52:42.293537
2011-12-20,01:30,36.9,36.9,36.9,100.0,0.91,NE@1.7,2.1,43.4,0.0,0,"Montesano, Grays Harbor County",310022,Montesano,2017-12-10 15:52:42.293537
2011-12-20,01:45,37.1,37.0,37.1,100.0,0.91,NE@1.9,2.4,43.4,0.0,0,"Montesano, Grays Harbor County",310022,Montesano,2017-12-10 15:52:42.293537
2011-12-20,02:00,37.1,37.1,37.1,100.0,0.91,NE@1.4,2.1,43.4,0.0,0,"Montesano, Grays Harbor County",310022,Montesano,2017-12-10 15:52:42.293537
2011-12-20,02:15,37.1,37.2,37.1,100.0,0.91,NE@2.4,3.5,43.4,0.0,0,"Montesano, Grays Harbor County",310022,Montesano,2017-12-10 15:52:42.293537
2011-12-20,02:30,37.1,37.1,37.1,100.0,0.9,NE@3.0,4.2,43.4,0.0,0,"Montesano, Grays Harbor County",310022,Montesano,2017-12-10 15:52:42.293537
2011-12-20,02:45,37.2,37.2,37.2,100.0,0.9,NE@2.3,3.9,43.4,0.0,0,"Montesano, Grays Harbor County",310022,Montesano,2017-12-10 15:52:42.293537
2011-12-20,03:00,37.5,37.5,37.5,100.0,0.9,NE@1.9,3.1,43.4,0.0,0,"Montesano, Grays Harbor County",310022,Montesano,2017-12-10 15:52:42.293537
2011-12-20,03:15,37.7,37.6,37.7,100.0,0.89,NW@1.4,2.4,43.4,0.0,0,"Montesano, Grays Harbor County",310022,Montesano,2017-12-10 15:52:42.293537
2011-12-20,03:30,37.9,37.8,37.9,100.0,0.89,W@0.0,1.4,43.4,0.0,0,"Montesano, Grays Harbor County",310022,Montesano,2017-12-10 15:52:42.293537
2011-12-20,03:45,38.1,37.8,38.1,100.0,0.91,N@0.0,0.0,43.4,0.0,0,"Montesano, Grays Harbor County",310022,Montesano,2017-12-10 15:52:42.293537
2011-12-20,04:00,38.1,37.9,38.1,100.0,0.92,NW@0.8,1.7,43.4,0.0,0,"Montesano, Grays Harbor County",310022,Montesano,2017-12-10 15:52:42.293537
2011-12-20,04:15,38.1,37.9,38.1,100.0,0.91,SW@1.1,1.7,43.3,0.0,0,"Montesano, Grays Harbor County",310022,Montesano,2017-12-10 15:52:42.293537
2011-12-20,04:30,38.1,38.0,38.1,100.0,0.91,S@1.4,2.1,43.3,0.0,0,"Montesano, Grays Harbor County",310022,Montesano,2017-12-10 15:52:42.293537
2011-12-20,04:45,38.2,38.1,38.2,100.0,0.9,SE@0.7,2.1,43.3,0.0,0,"Montesano, Grays Harbor County",310022,Montesano,2017-12-10 15:52:42.293537
2011-12-20,05:00,38.4,38.3,38.4,100.0,0.9,NE@2.0,3.9,43.3,0.0,0,"Montesano, Grays Harbor County",310022,Montesano,2017-12-10 15:52:42.293537
2011-12-20,05:15,38.5,38.4,38.5,100.0,0.89,N@1.6,3.1,43.3,0.0,0,"Montesano, Grays Harbor County",310022,Montesano,2017-12-10 15:52:42.293537
2011-12-20,05:30,38.6,38.6,38.6,100.0,0.89,E@2.0,3.9,43.3,0.0,0,"Montesano, Grays Harbor County",310022,Montesano,2017-12-10 15:52:42.293537
2011-12-20,05:45,38.6,38.7,38.6,100.0,0.88,E@3.8,5.3,43.3,0.0,0,"Montesano, Grays Harbor County",310022,Montesano,2017-12-10 15:52:42.293537
2011-12-20,06:00,38.6,38.7,38.6,100.0,0.87,E@3.9,6.7,43.3,0.0,0,"Montesano, Grays Harbor County",310022,Montesano,2017-12-10 15:52:42.293537
2011-12-20,06:15,38.8,38.9,38.8,100.0,0.86,NE@3.6,4.6,43.3,0.0,0,"Montesano, Grays Harbor County",310022,Montesano,2017-12-10 15:52:42.293537
2011-12-20,06:30,38.9,39.0,38.9,100.0,0.87,E@3.5,4.6,43.3,0.0,0,"Montesano, Grays Harbor County",310022,Montesano,2017-12-10 15:52:42.293537
2011-12-20,06:45,39.0,39.0,39.0,100.0,0.89,NE@2.5,3.9,43.3,0.0,0,"Montesano, Grays Harbor County",310022,Montesano,2017-12-10 15:52:42.293537
2011-12-20,07:00,39.0,39.0,39.0,100.0,0.85,NE@0.7,2.1,43.3,0.0,0,"Montesano, Grays Harbor County",310022,Montesano,2017-12-10 15:52:42.293537
2011-12-20,07:15,39.2,39.1,39.2,100.0,0.84,N@0.2,1.7,43.3,0.01,0,"Montesano, Grays Harbor County",310022,Montesano,2017-12-10 15:52:42.293537
2011-12-20,07:30,39.2,39.1,39.2,100.0,0.83,NE@2.0,2.8,43.3,0.0,0,"Montesano, Grays Harbor County",310022,Montesano,2017-12-10 15:52:42.293537
2011-12-20,07:45,39.3,39.2,39.3,100.0,0.82,N@0.8,2.1,43.2,0.0,1,"Montesano, Grays Harbor County",310022,Montesano,2017-12-10 15:52:42.293537
2011-12-20,08:00,39.3,39.2,39.3,100.0,0.81,W@0.7,2.1,43.2,0.0,2,"Montesano, Grays Harbor County",310022,Montesano,2017-12-10 15:52:42.293537
2011-12-20,08:15,39.4,39.3,39.4,100.0,0.81,W@0.0,1.4,43.2,0.0,2,"Montesano, Grays Harbor County",310022,Montesano,2017-12-10 15:52:42.293537
2011-12-20,08:30,39.5,39.4,39.5,100.0,0.81,NW@1.4,2.4,43.2,0.0,8,"Montesano, Grays Harbor County",310022,Montesano,2017-12-10 15:52:42.293537
2011-12-20,08:45,39.5,39.5,39.5,100.0,0.82,SW@2.6,3.9,43.2,0.0,16,"Montesano, Grays Harbor County",310022,Montesano,2017-12-10 15:52:42.293537
2011-12-20,09:00,39.7,39.6,39.7,100.0,0.81,SE@1.3,2.4,43.2,0.0,29,"Montesano, Grays Harbor County",310022,Montesano,2017-12-10 15:52:42.293537
2011-12-20,09:15,40.0,40.0,40.0,100.0,0.82,E@2.2,3.5,43.2,0.0,34,"Montesano, Grays Harbor County",310022,Montesano,2017-12-10 15:52:42.293537
2011-12-20,09:30,40.3,40.3,40.3,100.0,0.81,NE@1.6,2.8,43.2,0.0,22,"Montesano, Grays Harbor County",310022,Montesano,2017-12-10 15:52:42.293537
2011-12-20,09:45,40.5,40.5,40.5,100.0,0.82,E@3.3,4.6,43.2,0.0,37,"Montesano, Grays Harbor County",310022,Montesano,2017-12-10 15:52:42.293537
2011-12-20,10:00,40.7,40.8,40.7,100.0,0.83,E@4.0,5.3,43.2,0.0,62,"Montesano, Grays Harbor County",310022,Montesano,2017-12-10 15:52:42.293537
2011-12-20,10:15,40.9,41.0,40.9,100.0,0.81,NE@3.4,4.6,43.2,0.0,32,"Montesano, Grays Harbor County",310022,Montesano,2017-12-10 15:52:42.293537
2011-12-20,10:30,41.2,41.3,41.2,100.0,0.81,SE@1.6,3.9,43.2,0.0,42,"Montesano, Grays Harbor County",310022,Montesano,2017-12-10 15:52:42.293537
2011-12-20,10:45,42.0,42.0,42.0,100.0,0.81,SW@2.7,4.6,43.2,0.0,98,"Montesano, Grays Harbor County",310022,Montesano,2017-12-10 15:52:42.293537
2011-12-20,11:00,43.2,43.4,43.2,100.0,0.8,SW@5.3,7.4,43.2,0.0,117,"Montesano, Grays Harbor County",310022,Montesano,2017-12-10 15:52:42.293537
2011-12-20,11:15,44.6,44.8,44.6,100.0,0.79,SW@6.2,8.9,43.2,0.01,87,"Montesano, Grays Harbor County",310022,Montesano,2017-12-10 15:52:42.293537
2011-12-20,11:30,45.9,46.0,45.8,99.8,0.76,W@7.6,10.7,43.2,0.0,132,"Montesano, Grays Harbor County",310022,Montesano,2017-12-10 15:52:42.293537
2011-12-20,11:45,46.2,46.2,45.7,98.0,0.69,W@8.0,10.7,43.2,0.0,155,"Montesano, Grays Harbor County",310022,Montesano,2017-12-10 15:52:42.293537
2011-12-20,12:00,46.6,46.6,45.6,96.4,0.55,W@8.6,13.9,43.2,0.0,181,"Montesano, Grays Harbor County",310022,Montesano,2017-12-10 15:52:42.293537
2011-12-20,12:15,46.8,46.8,45.6,95.3,0.33,SW@8.4,11.4,43.2,0.0,208,"Montesano, Grays Harbor County",310022,Montesano,2017-12-10 15:52:42.293537
2011-12-20,12:30,47.7,47.7,46.2,94.3,0.11,SW@7.0,10.3,43.2,0.0,259,"Montesano, Grays Harbor County",310022,Montesano,2017-12-10 15:52:42.293537
2011-12-20,12:45,47.8,47.7,46.0,93.7,0.01,W@6.1,11.4,43.2,0.0,156,"Montesano, Grays Harbor County",310022,Montesano,2017-12-10 15:52:42.293537
2011-12-20,13:00,48.0,48.0,46.2,93.4,0.0,W@5.4,9.6,43.2,0.0,108,"Montesano, Grays Harbor County",310022,Montesano,2017-12-10 15:52:42.293537
2011-12-20,13:15,48.3,48.3,46.1,91.9,0.0,W@4.4,6.7,43.2,0.0,96,"Montesano, Grays Harbor County",310022,Montesano,2017-12-10 15:52:42.293537
2011-12-20,13:30,49.0,49.0,46.3,90.4,0.0,W@6.5,10.7,43.2,0.0,191,"Montesano, Grays Harbor County",310022,Montesano,2017-12-10 15:52:42.293537
2011-12-20,13:45,49.0,48.8,45.7,88.4,0.0,W@7.4,12.4,43.2,0.0,143,"Montesano, Grays Harbor County",310022,Montesano,2017-12-10 15:52:42.293537
2011-12-20,14:00,48.6,48.6,45.6,89.1,0.0,W@6.8,10.7,43.2,0.0,132,"Montesano, Grays Harbor County",310022,Montesano,2017-12-10 15:52:42.293537
2011-12-20,14:15,48.7,48.7,45.4,88.2,0.0,W@7.8,12.1,43.2,0.0,98,"Montesano, Grays Harbor County",310022,Montesano,2017-12-10 15:52:42.293537
2011-12-20,14:30,48.6,48.6,45.4,88.6,0.0,W@6.9,9.2,43.2,0.0,78,"Montesano, Grays Harbor County",310022,Montesano,2017-12-10 15:52:42.293537
2011-12-20,14:45,48.6,48.6,44.7,86.1,0.0,W@9.1,14.2,43.2,0.0,110,"Montesano, Grays Harbor County",310022,Montesano,2017-12-10 15:52:42.293537
2011-12-20,15:00,49.0,48.8,44.7,85.2,0.0,W@8.1,11.4,43.2,0.0,103,"Montesano, Grays Harbor County",310022,Montesano,2017-12-10 15:52:42.293537
2011-12-20,15:15,48.3,48.1,44.2,85.7,0.0,W@7.5,11.4,43.2,0.0,97,"Montesano, Grays Harbor County",310022,Montesano,2017-12-10 15:52:42.293537
2011-12-20,15:30,47.5,47.3,43.2,84.6,0.0,W@8.5,12.8,43.2,0.0,101,"Montesano, Grays Harbor County",310022,Montesano,2017-12-10 15:52:42.293537
2011-12-20,15:45,47.0,46.8,43.0,85.8,0.0,SW@6.9,9.6,43.2,0.0,92,"Montesano, Grays Harbor County",310022,Montesano,2017-12-10 15:52:42.293537
2011-12-20,16:00,46.2,46.0,42.4,86.5,0.0,SW@8.3,11.0,43.2,0.0,49,"Montesano, Grays Harbor County",310022,Montesano,2017-12-10 15:52:42.293537
2011-12-20,16:15,45.2,45.0,41.8,87.7,0.0,W@6.4,10.3,43.2,0.0,20,"Montesano, Grays Harbor County",310022,Montesano,2017-12-10 15:52:42.293537
2011-12-20,16:30,44.5,44.4,41.5,89.1,0.0,SW@5.0,7.8,43.2,0.0,8,"Montesano, Grays Harbor County",310022,Montesano,2017-12-10 15:52:42.293537
2011-12-20,16:45,44.5,44.4,41.8,90.1,0.0,SW@5.7,8.5,43.2,0.0,3,"Montesano, Grays Harbor County",310022,Montesano,2017-12-10 15:52:42.293537
2011-12-20,17:00,43.9,43.9,41.6,91.3,0.0,SW@5.9,8.9,43.2,0.0,2,"Montesano, Grays Harbor County",310022,Montesano,2017-12-10 15:52:42.293537
2011-12-20,17:15,43.7,43.7,41.2,90.8,0.0,SW@6.9,10.3,43.3,0.0,0,"Montesano, Grays Harbor County",310022,Montesano,2017-12-10 15:52:42.293537
2011-12-20,17:30,42.8,42.9,40.5,91.5,0.0,SW@6.2,8.9,43.3,0.0,0,"Montesano, Grays Harbor County",310022,Montesano,2017-12-10 15:52:42.293537
2011-12-20,17:45,42.9,42.9,40.6,91.7,0.0,SW@6.5,8.9,43.3,0.0,0,"Montesano, Grays Harbor County",310022,Montesano,2017-12-10 15:52:42.293537
2011-12-20,18:00,42.4,42.3,40.2,92.0,0.0,SW@6.3,9.2,43.3,0.0,0,"Montesano, Grays Harbor County",310022,Montesano,2017-12-10 15:52:42.293537
2011-12-20,18:15,41.7,41.7,39.7,92.8,0.0,SW@6.3,8.5,43.3,0.0,0,"Montesano, Grays Harbor County",310022,Montesano,2017-12-10 15:52:42.293537
2011-12-20,18:30,41.7,41.7,39.6,92.4,0.0,SW@7.0,9.6,43.3,0.0,0,"Montesano, Grays Harbor County",310022,Montesano,2017-12-10 15:52:42.293537
2011-12-20,18:45,41.0,40.9,39.1,93.0,0.0,SW@6.3,9.2,43.3,0.0,0,"Montesano, Grays Harbor County",310022,Montesano,2017-12-10 15:52:42.293537
2011-12-20,19:00,40.8,40.9,39.1,93.4,0.01,SW@5.6,7.4,43.3,0.0,0,"Montesano, Grays Harbor County",310022,Montesano,2017-12-10 15:52:42.293537
2011-12-20,19:15,40.9,40.8,38.9,92.5,0.01,SW@5.0,6.0,43.3,0.0,0,"Montesano, Grays Harbor County",310022,Montesano,2017-12-10 15:52:42.293537
2011-12-20,19:30,39.6,39.7,38.1,94.1,0.01,SW@5.3,7.4,43.3,0.0,0,"Montesano, Grays Harbor County",310022,Montesano,2017-12-10 15:52:42.293537
2011-12-20,19:45,40.5,40.6,39.1,94.6,0.01,SW@6.4,8.9,43.4,0.0,0,"Montesano, Grays Harbor County",310022,Montesano,2017-12-10 15:52:42.293537
2011-12-20,20:00,40.5,40.6,39.0,94.2,0.01,SW@6.4,8.2,43.4,0.0,0,"Montesano, Grays Harbor County",310022,Montesano,2017-12-10 15:52:42.293537
2011-12-20,20:15,40.6,40.6,38.9,93.6,0.01,SW@6.5,8.9,43.4,0.0,0,"Montesano, Grays Harbor County",310022,Montesano,2017-12-10 15:52:42.293537
2011-12-20,20:30,39.9,39.8,38.1,93.2,0.01,SW@5.2,7.8,43.4,0.0,0,"Montesano, Grays Harbor County",310022,Montesano,2017-12-10 15:52:42.293537
2011-12-20,20:45,38.1,38.0,36.7,94.6,0.02,SW@5.3,6.7,43.4,0.0,0,"Montesano, Grays Harbor County",310022,Montesano,2017-12-10 15:52:42.293537
2011-12-20,21:00,37.4,37.3,36.1,95.0,0.03,SW@5.0,6.4,43.4,0.0,0,"Montesano, Grays Harbor County",310022,Montesano,2017-12-10 15:52:42.293537
2011-12-20,21:15,37.4,37.5,36.3,95.8,0.04,SW@6.7,8.2,43.4,0.0,0,"Montesano, Grays Harbor County",310022,Montesano,2017-12-10 15:52:42.293537
2011-12-20,21:30,36.8,36.7,35.6,95.6,0.05,SW@6.1,7.1,43.4,0.0,0,"Montesano, Grays Harbor County",310022,Montesano,2017-12-10 15:52:42.293537
2011-12-20,21:45,36.4,36.5,35.4,96.2,0.06,SW@6.3,7.4,43.4,0.0,0,"Montesano, Grays Harbor County",310022,Montesano,2017-12-10 15:52:42.293537
2011-12-20,22:00,36.9,37.0,35.8,95.7,0.06,SW@6.0,8.5,43.4,0.0,0,"Montesano, Grays Harbor County",310022,Montesano,2017-12-10 15:52:42.293537
2011-12-20,22:15,36.5,36.6,35.5,96.1,0.09,SW@4.8,6.4,43.4,0.0,0,"Montesano, Grays Harbor County",310022,Montesano,2017-12-10 15:52:42.293537
2011-12-20,22:30,37.2,37.3,36.3,96.4,0.13,W@4.6,7.8,43.4,0.0,0,"Montesano, Grays Harbor County",310022,Montesano,2017-12-10 15:52:42.293537
2011-12-20,22:45,38.9,39.2,37.7,95.5,0.14,SW@7.3,10.7,43.4,0.0,0,"Montesano, Grays Harbor County",310022,Montesano,2017-12-10 15:52:42.293537
2011-12-20,23:00,39.0,38.9,37.4,93.9,0.11,W@4.0,8.2,43.4,0.0,0,"Montesano, Grays Harbor County",310022,Montesano,2017-12-10 15:52:42.293537
2011-12-20,23:15,38.2,38.2,36.7,94.1,0.14,W@3.3,7.8,43.4,0.0,0,"Montesano, Grays Harbor County",310022,Montesano,2017-12-10 15:52:42.293537
2011-12-20,23:30,39.0,39.1,37.3,93.5,0.17,SW@3.8,6.7,43.4,0.0,0,"Montesano, Grays Harbor County",310022,Montesano,2017-12-10 15:52:42.293537
2011-12-20,23:45,38.9,38.8,37.0,92.9,0.17,SW@4.6,8.2,43.4,0.0,0,"Montesano, Grays Harbor County",310022,Montesano,2017-12-10 15:52:42.293537
2011-12-20,24:00,37.9,37.8,36.3,93.7,0.18,W@2.8,4.9,43.4,0.0,0,"Montesano, Grays Harbor County",310022,Montesano,2017-12-10 15:52:42.293537
2011-12-21,00:15,37.1,36.9,35.8,95.1,0.25,NW@2.8,3.5,43.4,0.0,0,"Montesano, Grays Harbor County",310022,Montesano,2017-12-10 15:52:42.293537
2011-12-21,00:30,37.8,38.2,36.6,95.5,0.32,W@5.4,10.3,43.4,0.0,0,"Montesano, Grays Harbor County",310022,Montesano,2017-12-10 15:52:42.293537
2011-12-21,00:45,39.3,39.3,37.2,92.0,0.27,W@4.9,7.4,43.4,0.0,0,"Montesano, Grays Harbor County",310022,Montesano,2017-12-10 15:52:42.293537
2011-12-21,01:00,37.3,37.1,35.5,93.2,0.27,NE@3.1,4.6,43.4,0.0,0,"Montesano, Grays Harbor County",310022,Montesano,2017-12-10 15:52:42.293537
2011-12-21,01:15,36.9,36.9,35.7,95.6,0.33,NW@1.6,6.0,43.4,0.0,0,"Montesano, Grays Harbor County",310022,Montesano,2017-12-10 15:52:42.293537
2011-12-21,01:30,37.3,37.4,36.3,95.9,0.41,NE@4.4,7.1,43.4,0.0,0,"Montesano, Grays Harbor County",310022,Montesano,2017-12-10 15:52:42.293537
2011-12-21,01:45,37.5,37.5,36.5,95.8,0.48,W@4.0,6.0,43.4,0.0,0,"Montesano, Grays Harbor County",310022,Montesano,2017-12-10 15:52:42.293537
2011-12-21,02:00,35.7,35.7,34.8,96.3,0.54,W@4.6,6.7,43.4,0.0,0,"Montesano, Grays Harbor County",310022,Montesano,2017-12-10 15:52:42.293537
2011-12-21,02:15,36.5,36.6,35.8,97.3,0.6,N@3.9,6.0,43.4,0.0,0,"Montesano, Grays Harbor County",310022,Montesano,2017-12-10 15:52:42.293537
2011-12-21,02:30,36.1,35.9,35.1,96.1,0.64,E@1.9,3.5,43.4,0.0,0,"Montesano, Grays Harbor County",310022,Montesano,2017-12-10 15:52:42.293537
2011-12-21,02:45,35.7,35.7,35.1,97.4,0.7,SW@2.4,3.5,43.4,0.0,0,"Montesano, Grays Harbor County",310022,Montesano,2017-12-10 15:52:42.293537
2011-12-21,03:00,35.0,34.9,34.4,97.3,0.75,S@3.7,4.9,43.4,0.0,0,"Montesano, Grays Harbor County",310022,Montesano,2017-12-10 15:52:42.293537
2011-12-21,03:15,33.4,33.2,32.7,97.5,0.78,NW@3.0,4.2,43.3,0.0,0,"Montesano, Grays Harbor County",310022,Montesano,2017-12-10 15:52:42.293537
2011-12-21,03:30,33.2,33.2,32.7,98.0,0.8,NE@3.2,4.2,43.3,0.0,0,"Montesano, Grays Harbor County",310022,Montesano,2017-12-10 15:52:42.293537
2011-12-21,03:45,31.9,32.1,31.4,98.6,0.78,NE@2.8,3.9,43.3,0.0,0,"Montesano, Grays Harbor County",310022,Montesano,2017-12-10 15:52:42.293537
2011-12-21,04:00,31.4,30.9,30.7,98.2,0.27,NE@1.4,3.5,43.3,0.0,0,"Montesano, Grays Harbor County",310022,Montesano,2017-12-10 15:52:42.293537
2011-12-21,04:15,30.8,30.9,30.2,98.8,0.13,N@1.1,3.9,43.3,0.0,0,"Montesano, Grays Harbor County",310022,Montesano,2017-12-10 15:52:42.293537
2011-12-21,04:30,31.0,30.6,30.4,98.7,0.14,NW@1.6,3.5,43.3,0.0,0,"Montesano, Grays Harbor County",310022,Montesano,2017-12-10 15:52:42.293537
2011-12-21,04:45,30.7,30.7,30.2,99.0,0.17,NE@2.7,4.2,43.3,0.0,0,"Montesano, Grays Harbor County",310022,Montesano,2017-12-10 15:52:42.293537
2011-12-21,05:00,30.4,30.5,29.8,99.3,0.2,N@2.4,3.9,43.3,0.0,0,"Montesano, Grays Harbor County",310022,Montesano,2017-12-10 15:52:42.293537
2011-12-21,05:15,30.2,30.2,29.6,99.2,0.2,N@2.1,3.5,43.3,0.0,0,"Montesano, Grays Harbor County",310022,Montesano,2017-12-10 15:52:42.293537
2011-12-21,05:30,30.4,30.3,29.8,99.3,0.19,E@1.0,2.1,43.3,0.0,0,"Montesano, Grays Harbor County",310022,Montesano,2017-12-10 15:52:42.293537
2011-12-21,05:45,30.6,30.6,30.1,99.4,0.24,SE@1.6,3.1,43.2,0.0,0,"Montesano, Grays Harbor County",310022,Montesano,2017-12-10 15:52:42.293537
2011-12-21,06:00,30.9,31.0,30.5,99.6,0.33,S@1.7,2.8,43.2,0.0,0,"Montesano, Grays Harbor County",310022,Montesano,2017-12-10 15:52:42.293537
2011-12-21,06:15,31.2,31.2,30.9,99.7,0.37,NE@0.9,2.4,43.2,0.0,0,"Montesano, Grays Harbor County",310022,Montesano,2017-12-10 15:52:42.293537
2011-12-21,06:30,30.9,30.9,30.6,99.7,0.35,NE@2.4,3.1,43.2,0.0,0,"Montesano, Grays Harbor County",310022,Montesano,2017-12-10 15:52:42.293537
2011-12-21,06:45,30.8,30.9,30.5,100.0,0.37,E@3.6,6.0,43.2,0.0,0,"Montesano, Grays Harbor County",310022,Montesano,2017-12-10 15:52:42.293537
2011-12-21,07:00,30.9,30.9,30.7,100.0,0.34,NE@3.9,5.3,43.2,0.0,0,"Montesano, Grays Harbor County",310022,Montesano,2017-12-10 15:52:42.293537
2011-12-21,07:15,30.7,30.7,30.4,100.0,0.28,NE@3.2,4.2,43.2,0.0,0,"Montesano, Grays Harbor County",310022,Montesano,2017-12-10 15:52:42.293537
2011-12-21,07:30,30.7,30.7,30.7,100.0,0.29,NE@3.1,4.2,43.2,0.0,1,"Montesano, Grays Harbor County",310022,Montesano,2017-12-10 15:52:42.293537
2011-12-21,07:45,30.7,30.8,30.7,100.0,0.33,NE@2.7,3.9,43.2,0.0,2,"Montesano, Grays Harbor County",310022,Montesano,2017-12-10 15:52:42.293537
2011-12-21,08:00,30.8,31.0,30.8,100.0,0.35,N@2.0,3.1,43.1,0.0,2,"Montesano, Grays Harbor County",310022,Montesano,2017-12-10 15:52:42.293537
2011-12-21,08:15,30.7,30.8,30.7,100.0,0.37,NW@2.1,3.1,43.1,0.0,7,"Montesano, Grays Harbor County",310022,Montesano,2017-12-10 15:52:42.293537
2011-12-21,08:30,31.0,31.0,31.0,100.0,0.44,NE@1.1,2.1,43.1,0.0,14,"Montesano, Grays Harbor County",310022,Montesano,2017-12-10 15:52:42.293537
2011-12-21,08:45,31.2,31.3,31.2,100.0,0.57,NE@0.8,2.1,43.1,0.0,22,"Montesano, Grays Harbor County",310022,Montesano,2017-12-10 15:52:42.293537
2011-12-21,09:00,31.7,31.7,31.7,100.0,0.74,E@2.2,3.1,43.1,0.0,35,"Montesano, Grays Harbor County",310022,Montesano,2017-12-10 15:52:42.293537
2011-12-21,09:15,31.9,31.9,31.9,100.0,0.88,E@3.4,5.7,43.1,0.0,45,"Montesano, Grays Harbor County",310022,Montesano,2017-12-10 15:52:42.293537
2011-12-21,09:30,31.8,31.9,31.8,100.0,0.92,NE@3.5,5.3,43.1,0.0,58,"Montesano, Grays Harbor County",310022,Montesano,2017-12-10 15:52:42.293537
2011-12-21,09:45,31.5,31.6,31.5,100.0,0.9,NE@3.6,5.7,43.1,0.0,75,"Montesano, Grays Harbor County",310022,Montesano,2017-12-10 15:52:42.293537
2011-12-21,10:00,31.6,31.7,31.6,100.0,0.88,NE@3.2,4.6,43.0,0.0,99,"Montesano, Grays Harbor County",310022,Montesano,2017-12-10 15:52:42.293537
2011-12-21,10:15,31.8,31.9,31.8,100.0,0.86,NE@3.9,5.7,43.0,0.0,104,"Montesano, Grays Harbor County",310022,Montesano,2017-12-10 15:52:42.293537
2011-12-21,10:30,31.9,31.9,31.9,100.0,0.84,E@4.6,6.7,43.0,0.0,125,"Montesano, Grays Harbor County",310022,Montesano,2017-12-10 15:52:42.293537
2011-12-21,10:45,31.9,31.9,31.9,100.0,0.82,E@4.0,5.7,43.0,0.0,131,"Montesano, Grays Harbor County",310022,Montesano,2017-12-10 15:52:42.293537
2011-12-21,11:00,32.1,32.2,32.1,100.0,0.82,NE@3.7,5.7,43.0,0.0,140,"Montesano, Grays Harbor County",310022,Montesano,2017-12-10 15:52:42.293537
2011-12-21,11:15,32.8,32.9,32.8,100.0,0.82,E@3.8,6.0,43.0,0.0,163,"Montesano, Grays Harbor County",310022,Montesano,2017-12-10 15:52:42.293537
2011-12-21,11:30,33.1,33.1,33.1,100.0,0.82,E@3.8,6.4,43.0,0.0,163,"Montesano, Grays Harbor County",310022,Montesano,2017-12-10 15:52:42.293537
2011-12-21,11:45,33.2,33.3,33.2,100.0,0.83,NE@3.6,5.3,42.9,0.0,153,"Montesano, Grays Harbor County",310022,Montesano,2017-12-10 15:52:42.293537
2011-12-21,12:00,33.6,33.7,33.6,100.0,0.83,E@2.5,3.9,42.9,0.0,199,"Montesano, Grays Harbor County",310022,Montesano,2017-12-10 15:52:42.293537
2011-12-21,12:15,34.3,34.4,34.3,100.0,0.82,NE@2.5,4.6,42.9,0.0,209,"Montesano, Grays Harbor County",310022,Montesano,2017-12-10 15:52:42.293537
2011-12-21,12:30,34.7,34.8,34.7,100.0,0.79,E@3.5,5.7,42.9,0.0,240,"Montesano, Grays Harbor County",310022,Montesano,2017-12-10 15:52:42.293537
2011-12-21,12:45,34.9,34.9,34.9,100.0,0.73,NE@5.1,7.1,42.9,0.0,220,"Montesano, Grays Harbor County",310022,Montesano,2017-12-10 15:52:42.293537
2011-12-21,13:00,35.7,35.7,35.7,100.0,0.66,E@5.7,8.5,42.9,0.0,250,"Montesano, Grays Harbor County",310022,Montesano,2017-12-10 15:52:42.293537
2011-12-21,13:15,36.1,36.1,36.1,100.0,0.56,NE@4.9,8.2,42.9,0.0,208,"Montesano, Grays Harbor County",310022,Montesano,2017-12-10 15:52:42.293537
2011-12-21,13:30,36.8,36.9,36.8,100.0,0.47,NE@4.1,6.0,42.9,0.0,278,"Montesano, Grays Harbor County",310022,Montesano,2017-12-10 15:52:42.293537
2011-12-21,13:45,37.5,37.5,37.5,100.0,0.34,NE@5.0,7.4,42.8,0.0,305,"Montesano, Grays Harbor County",310022,Montesano,2017-12-10 15:52:42.293537
2011-12-21,14:00,37.5,37.6,37.5,100.0,0.23,NE@5.1,7.4,42.8,0.0,166,"Montesano, Grays Harbor County",310022,Montesano,2017-12-10 15:52:42.293537
2011-12-21,14:15,37.7,37.7,37.7,100.0,0.19,NE@4.6,6.0,42.8,0.0,174,"Montesano, Grays Harbor County",310022,Montesano,2017-12-10 15:52:42.293537
2011-12-21,14:30,37.4,37.2,37.2,99.4,0.15,NE@5.5,7.4,42.8,0.0,216,"Montesano, Grays Harbor County",310022,Montesano,2017-12-10 15:52:42.293537
2011-12-21,14:45,37.1,37.0,36.9,99.3,0.12,NE@4.8,6.4,42.8,0.0,181,"Montesano, Grays Harbor County",310022,Montesano,2017-12-10 15:52:42.293537
2011-12-21,15:00,36.9,36.8,36.7,99.5,0.11,NE@3.5,4.6,42.8,0.0,142,"Montesano, Grays Harbor County",310022,Montesano,2017-12-10 15:52:42.293537
2011-12-21,15:15,36.9,36.9,36.8,99.6,0.1,E@2.7,4.6,42.8,0.0,117,"Montesano, Grays Harbor County",310022,Montesano,2017-12-10 15:52:42.293537
2011-12-21,15:30,37.5,37.6,37.4,99.4,0.08,NE@2.0,3.1,42.8,0.0,110,"Montesano, Grays Harbor County",310022,Montesano,2017-12-10 15:52:42.293537
2011-12-21,15:45,37.5,37.5,37.3,99.2,0.06,NE@2.9,4.6,42.8,0.0,101,"Montesano, Grays Harbor County",310022,Montesano,2017-12-10 15:52:42.293537
2011-12-21,16:00,36.9,36.9,36.8,99.3,0.05,E@2.5,3.9,42.8,0.0,58,"Montesano, Grays Harbor County",310022,Montesano,2017-12-10 15:52:42.293537
2011-12-21,16:15,36.0,36.0,35.9,99.4,0.06,E@3.5,4.6,42.8,0.0,22,"Montesano, Grays Harbor County",310022,Montesano,2017-12-10 15:52:42.293537
2011-12-21,16:30,34.9,34.9,34.9,99.8,0.12,E@4.1,5.7,42.8,0.0,8,"Montesano, Grays Harbor County",310022,Montesano,2017-12-10 15:52:42.293537
2011-12-21,16:45,33.6,33.6,33.6,100.0,0.2,NE@4.4,6.7,42.8,0.0,2,"Montesano, Grays Harbor County",310022,Montesano,2017-12-10 15:52:42.293537
2011-12-21,17:00,32.5,32.5,32.5,100.0,0.31,NE@3.9,5.3,42.8,0.0,1,"Montesano, Grays Harbor County",310022,Montesano,2017-12-10 15:52:42.293537
2011-12-21,17:15,31.8,31.9,31.8,100.0,0.43,E@3.9,6.0,42.8,0.0,0,"Montesano, Grays Harbor County",310022,Montesano,2017-12-10 15:52:42.293537
2011-12-21,17:30,31.2,31.2,31.2,100.0,0.55,NE@3.3,4.9,42.8,0.0,0,"Montesano, Grays Harbor County",310022,Montesano,2017-12-10 15:52:42.293537
2011-12-21,17:45,30.8,31.0,30.8,100.0,0.71,NE@4.8,8.5,42.8,0.0,0,"Montesano, Grays Harbor County",310022,Montesano,2017-12-10 15:52:42.293537
2011-12-21,18:00,30.7,30.9,30.7,100.0,0.32,E@5.8,8.2,42.8,0.0,0,"Montesano, Grays Harbor County",310022,Montesano,2017-12-10 15:52:42.293537
2011-12-21,18:15,30.7,31.0,30.7,100.0,0.25,E@4.8,7.4,42.8,0.0,0,"Montesano, Grays Harbor County",310022,Montesano,2017-12-10 15:52:42.293537
2011-12-21,18:30,30.6,30.7,30.6,100.0,0.23,E@3.4,5.3,42.7,0.0,0,"Montesano, Grays Harbor County",310022,Montesano,2017-12-10 15:52:42.293537
2011-12-21,18:45,30.4,30.5,30.4,100.0,0.22,NE@3.7,5.7,42.7,0.0,0,"Montesano, Grays Harbor County",310022,Montesano,2017-12-10 15:52:42.293537
2011-12-21,19:00,30.4,30.7,30.4,100.0,0.24,E@3.9,6.7,42.7,0.0,0,"Montesano, Grays Harbor County",310022,Montesano,2017-12-10 15:52:42.293537
2011-12-21,19:15,30.4,30.7,30.4,100.0,0.24,E@3.9,6.4,42.7,0.0,0,"Montesano, Grays Harbor County",310022,Montesano,2017-12-10 15:52:42.293537
2011-12-21,19:30,30.2,30.4,30.2,100.0,0.22,E@4.0,5.3,42.7,0.0,0,"Montesano, Grays Harbor County",310022,Montesano,2017-12-10 15:52:42.293537
2011-12-21,19:45,29.8,30.1,29.8,100.0,0.19,NE@4.8,6.7,42.7,0.0,0,"Montesano, Grays Harbor County",310022,Montesano,2017-12-10 15:52:42.293537
2011-12-21,20:00,30.2,30.5,30.2,100.0,0.23,E@4.4,7.1,42.7,0.0,0,"Montesano, Grays Harbor County",310022,Montesano,2017-12-10 15:52:42.293537
2011-12-21,20:15,30.5,30.7,30.5,100.0,0.26,NE@3.6,5.7,42.7,0.0,0,"Montesano, Grays Harbor County",310022,Montesano,2017-12-10 15:52:42.293537
2011-12-21,20:30,30.5,30.7,30.5,100.0,0.26,E@3.7,5.3,42.7,0.0,0,"Montesano, Grays Harbor County",310022,Montesano,2017-12-10 15:52:42.293537
2011-12-21,20:45,30.8,31.0,30.8,100.0,0.3,NE@3.2,6.7,42.7,0.0,0,"Montesano, Grays Harbor County",310022,Montesano,2017-12-10 15:52:42.293537
2011-12-21,21:00,31.0,31.2,31.0,100.0,0.36,E@3.3,6.4,42.7,0.0,0,"Montesano, Grays Harbor County",310022,Montesano,2017-12-10 15:52:42.293537
2011-12-21,21:15,31.0,31.2,31.0,100.0,0.35,E@4.3,6.0,42.7,0.0,0,"Montesano, Grays Harbor County",310022,Montesano,2017-12-10 15:52:42.293537
2011-12-21,21:30,30.6,30.6,30.6,100.0,0.27,SE@2.3,4.9,42.7,0.0,0,"Montesano, Grays Harbor County",310022,Montesano,2017-12-10 15:52:42.293537
2011-12-21,21:45,31.0,31.1,31.0,100.0,0.34,E@2.2,3.9,42.7,0.0,0,"Montesano, Grays Harbor County",310022,Montesano,2017-12-10 15:52:42.293537
2011-12-21,22:00,31.4,31.6,31.4,100.0,0.49,E@3.8,7.4,42.7,0.0,0,"Montesano, Grays Harbor County",310022,Montesano,2017-12-10 15:52:42.293537
2011-12-21,22:15,31.8,31.9,31.8,100.0,0.64,E@4.5,7.8,42.7,0.0,0,"Montesano, Grays Harbor County",310022,Montesano,2017-12-10 15:52:42.293537
2011-12-21,22:30,31.8,31.9,31.8,100.0,0.75,E@3.5,4.9,42.7,0.0,0,"Montesano, Grays Harbor County",310022,Montesano,2017-12-10 15:52:42.293537
2011-12-21,22:45,31.8,32.0,31.8,100.0,0.82,E@3.4,4.9,42.7,0.0,0,"Montesano, Grays Harbor County",310022,Montesano,2017-12-10 15:52:42.293537
2011-12-21,23:00,31.9,32.0,31.9,100.0,0.88,E@3.3,4.9,42.7,0.0,0,"Montesano, Grays Harbor County",310022,Montesano,2017-12-10 15:52:42.293537
2011-12-21,23:15,31.9,32.0,31.9,100.0,0.89,NE@2.9,4.2,42.7,0.0,0,"Montesano, Grays Harbor County",310022,Montesano,2017-12-10 15:52:42.293537
2011-12-21,23:30,32.0,32.0,32.0,100.0,0.89,NE@3.4,4.9,42.7,0.0,0,"Montesano, Grays Harbor County",310022,Montesano,2017-12-10 15:52:42.293537
2011-12-21,23:45,32.1,32.1,32.1,100.0,0.89,NE@3.0,4.9,42.7,0.0,0,"Montesano, Grays Harbor County",310022,Montesano,2017-12-10 15:52:42.293537
2011-12-21,24:00,32.2,32.2,32.2,100.0,0.88,NE@3.1,4.6,42.7,0.0,0,"Montesano, Grays Harbor County",310022,Montesano,2017-12-10 15:52:42.293537
