Date,Time PST,Air Temp °F, 2<sup>nd</sup> Air Temp °F, Dew Point °F, Rel Hum %, Leaf Wet u., Wind Dir @ Speed mph, Wind Gust mph, 8 in. Soil Tmp °F, Tot Prec in, Solar Rad W/m²,Location,Station ID,Station Name,Download Timestamp
2013-06-12,00:15,51.9,51.7,41.0,66.3,0.0,SE@4.4,6.7,73.7,0.0,0,"Mesa SE, Franklin County",300047,Mesa SE,2017-12-11 20:23:15.195002
2013-06-12,00:30,52.5,52.3,40.5,63.4,0.0,SW@4.6,7.4,73.5,0.0,0,"Mesa SE, Franklin County",300047,Mesa SE,2017-12-11 20:23:15.195002
2013-06-12,00:45,51.5,51.3,40.5,65.9,0.0,S@3.9,6.4,73.3,0.0,0,"Mesa SE, Franklin County",300047,Mesa SE,2017-12-11 20:23:15.195002
2013-06-12,01:00,51.3,51.0,40.6,66.7,0.0,SE@3.4,4.9,73.1,0.0,0,"Mesa SE, Franklin County",300047,Mesa SE,2017-12-11 20:23:15.195002
2013-06-12,01:15,51.3,51.1,40.6,66.8,0.0,S@3.6,5.3,72.8,0.0,0,"Mesa SE, Franklin County",300047,Mesa SE,2017-12-11 20:23:15.195002
2013-06-12,01:30,51.4,51.3,40.4,65.8,0.0,S@5.0,7.1,72.6,0.0,0,"Mesa SE, Franklin County",300047,Mesa SE,2017-12-11 20:23:15.195002
2013-06-12,01:45,50.8,50.4,40.4,67.4,0.0,S@6.3,11.0,72.4,0.0,0,"Mesa SE, Franklin County",300047,Mesa SE,2017-12-11 20:23:15.195002
2013-06-12,02:00,48.8,48.5,40.3,72.4,0.0,S@4.9,9.2,72.2,0.0,0,"Mesa SE, Franklin County",300047,Mesa SE,2017-12-11 20:23:15.195002
2013-06-12,02:15,48.8,48.6,40.1,71.8,0.0,SE@5.1,7.1,72.0,0.0,0,"Mesa SE, Franklin County",300047,Mesa SE,2017-12-11 20:23:15.195002
2013-06-12,02:30,47.9,47.5,40.5,75.1,0.0,SE@4.5,6.0,71.8,0.0,0,"Mesa SE, Franklin County",300047,Mesa SE,2017-12-11 20:23:15.195002
2013-06-12,02:45,46.5,46.0,40.5,79.5,0.0,SE@3.0,5.7,71.5,0.0,0,"Mesa SE, Franklin County",300047,Mesa SE,2017-12-11 20:23:15.195002
2013-06-12,03:00,44.8,44.4,40.3,83.9,0.0,S@4.3,6.0,71.3,0.0,0,"Mesa SE, Franklin County",300047,Mesa SE,2017-12-11 20:23:15.195002
2013-06-12,03:15,44.9,44.7,41.1,86.4,0.0,SE@4.9,7.8,71.1,0.0,0,"Mesa SE, Franklin County",300047,Mesa SE,2017-12-11 20:23:15.195002
2013-06-12,03:30,44.9,44.4,41.0,86.2,0.0,SE@5.2,8.2,70.9,0.0,0,"Mesa SE, Franklin County",300047,Mesa SE,2017-12-11 20:23:15.195002
2013-06-12,03:45,43.5,43.3,41.0,90.9,0.0,SE@5.5,8.2,70.7,0.0,0,"Mesa SE, Franklin County",300047,Mesa SE,2017-12-11 20:23:15.195002
2013-06-12,04:00,44.9,44.7,41.3,86.8,0.0,SE@6.7,9.9,70.5,0.0,2,"Mesa SE, Franklin County",300047,Mesa SE,2017-12-11 20:23:15.195002
2013-06-12,04:15,44.6,44.3,41.4,88.5,0.0,SE@5.6,7.1,70.3,0.0,7,"Mesa SE, Franklin County",300047,Mesa SE,2017-12-11 20:23:15.195002
2013-06-12,04:30,44.6,44.2,41.3,87.9,0.0,S@4.2,6.7,70.1,0.0,30,"Mesa SE, Franklin County",300047,Mesa SE,2017-12-11 20:23:15.195002
2013-06-12,04:45,44.3,44.0,41.5,89.8,0.0,S@3.2,5.3,69.9,0.0,65,"Mesa SE, Franklin County",300047,Mesa SE,2017-12-11 20:23:15.195002
2013-06-12,05:00,45.4,45.0,42.2,88.5,0.0,S@3.7,6.4,69.7,0.0,96,"Mesa SE, Franklin County",300047,Mesa SE,2017-12-11 20:23:15.195002
2013-06-12,05:15,46.3,46.1,42.6,86.8,0.0,S@2.7,4.6,69.5,0.0,130,"Mesa SE, Franklin County",300047,Mesa SE,2017-12-11 20:23:15.195002
2013-06-12,05:30,48.3,48.3,44.0,85.0,0.0,SE@6.2,9.2,69.3,0.0,169,"Mesa SE, Franklin County",300047,Mesa SE,2017-12-11 20:23:15.195002
2013-06-12,05:45,49.9,49.9,44.5,81.5,0.0,SE@6.9,9.2,69.0,0.0,209,"Mesa SE, Franklin County",300047,Mesa SE,2017-12-11 20:23:15.195002
2013-06-12,06:00,51.1,51.1,44.8,78.9,0.0,SE@7.0,9.2,68.9,0.0,251,"Mesa SE, Franklin County",300047,Mesa SE,2017-12-11 20:23:15.195002
2013-06-12,06:15,52.6,52.4,44.9,74.9,0.0,SE@6.7,8.9,68.7,0.0,294,"Mesa SE, Franklin County",300047,Mesa SE,2017-12-11 20:23:15.195002
2013-06-12,06:30,53.5,53.3,44.6,71.6,0.0,S@6.8,8.9,68.5,0.0,339,"Mesa SE, Franklin County",300047,Mesa SE,2017-12-11 20:23:15.195002
2013-06-12,06:45,54.6,54.2,44.5,68.6,0.0,S@6.8,9.2,68.4,0.0,384,"Mesa SE, Franklin County",300047,Mesa SE,2017-12-11 20:23:15.195002
2013-06-12,07:00,56.0,55.6,44.3,64.9,0.0,S@7.2,9.9,68.2,0.0,429,"Mesa SE, Franklin County",300047,Mesa SE,2017-12-11 20:23:15.195002
2013-06-12,07:15,57.3,57.0,42.6,57.8,0.0,S@5.8,9.9,68.1,0.0,475,"Mesa SE, Franklin County",300047,Mesa SE,2017-12-11 20:23:15.195002
2013-06-12,07:30,58.4,58.0,41.5,53.4,0.0,S@5.9,13.2,68.0,0.0,518,"Mesa SE, Franklin County",300047,Mesa SE,2017-12-11 20:23:15.195002
2013-06-12,07:45,59.4,59.1,40.5,49.4,0.0,SW@5.0,8.9,68.0,0.0,561,"Mesa SE, Franklin County",300047,Mesa SE,2017-12-11 20:23:15.195002
2013-06-12,08:00,60.0,59.5,40.3,48.2,0.0,SW@4.0,7.4,67.9,0.0,603,"Mesa SE, Franklin County",300047,Mesa SE,2017-12-11 20:23:15.195002
2013-06-12,08:15,60.1,59.7,40.4,48.0,0.0,SW@4.9,10.3,67.9,0.0,643,"Mesa SE, Franklin County",300047,Mesa SE,2017-12-11 20:23:15.195002
2013-06-12,08:30,61.0,60.9,40.4,46.6,0.0,NW@3.7,7.1,68.0,0.0,682,"Mesa SE, Franklin County",300047,Mesa SE,2017-12-11 20:23:15.195002
2013-06-12,08:45,62.0,61.7,40.3,44.6,0.0,SE@4.2,7.4,68.0,0.0,720,"Mesa SE, Franklin County",300047,Mesa SE,2017-12-11 20:23:15.195002
2013-06-12,09:00,62.8,62.5,40.0,42.9,0.0,SE@4.2,8.5,68.1,0.0,758,"Mesa SE, Franklin County",300047,Mesa SE,2017-12-11 20:23:15.195002
2013-06-12,09:15,63.3,62.8,40.3,42.7,0.0,SE@4.1,8.5,68.3,0.0,799,"Mesa SE, Franklin County",300047,Mesa SE,2017-12-11 20:23:15.195002
2013-06-12,09:30,63.4,63.1,40.7,43.2,0.0,SW@5.3,10.7,68.4,0.0,755,"Mesa SE, Franklin County",300047,Mesa SE,2017-12-11 20:23:15.195002
2013-06-12,09:45,65.0,64.9,40.6,40.8,0.0,S@5.0,10.3,68.6,0.0,872,"Mesa SE, Franklin County",300047,Mesa SE,2017-12-11 20:23:15.195002
2013-06-12,10:00,65.1,64.6,39.5,39.0,0.0,SW@7.5,13.2,68.9,0.0,784,"Mesa SE, Franklin County",300047,Mesa SE,2017-12-11 20:23:15.195002
2013-06-12,10:15,64.6,64.4,38.8,38.6,0.0,SW@8.2,13.5,69.2,0.0,872,"Mesa SE, Franklin County",300047,Mesa SE,2017-12-11 20:23:15.195002
2013-06-12,10:30,65.2,64.8,38.9,37.8,0.0,S@7.7,15.0,69.5,0.0,775,"Mesa SE, Franklin County",300047,Mesa SE,2017-12-11 20:23:15.195002
2013-06-12,10:45,65.5,65.3,38.5,36.9,0.0,SW@8.2,14.2,69.8,0.0,926,"Mesa SE, Franklin County",300047,Mesa SE,2017-12-11 20:23:15.195002
2013-06-12,11:00,66.7,66.3,39.5,36.8,0.0,SW@6.7,12.1,70.2,0.0,970,"Mesa SE, Franklin County",300047,Mesa SE,2017-12-11 20:23:15.195002
2013-06-12,11:15,66.7,66.4,40.2,37.8,0.0,S@7.1,13.5,70.5,0.0,1024,"Mesa SE, Franklin County",300047,Mesa SE,2017-12-11 20:23:15.195002
2013-06-12,11:30,66.4,66.0,39.9,37.7,0.0,W@4.9,10.3,70.9,0.0,788,"Mesa SE, Franklin County",300047,Mesa SE,2017-12-11 20:23:15.195002
2013-06-12,11:45,66.9,66.8,40.1,37.4,0.0,SW@7.0,12.8,71.3,0.0,993,"Mesa SE, Franklin County",300047,Mesa SE,2017-12-11 20:23:15.195002
2013-06-12,12:00,68.0,67.8,39.5,35.2,0.0,SW@6.2,12.1,71.7,0.0,1019,"Mesa SE, Franklin County",300047,Mesa SE,2017-12-11 20:23:15.195002
2013-06-12,12:15,69.1,68.9,39.5,33.9,0.0,SE@7.4,13.2,72.1,0.0,1013,"Mesa SE, Franklin County",300047,Mesa SE,2017-12-11 20:23:15.195002
2013-06-12,12:30,69.3,68.8,39.8,34.1,0.0,SW@8.5,12.1,72.5,0.0,976,"Mesa SE, Franklin County",300047,Mesa SE,2017-12-11 20:23:15.195002
2013-06-12,12:45,69.2,68.9,40.7,35.4,0.0,SW@7.3,14.2,72.9,0.0,985,"Mesa SE, Franklin County",300047,Mesa SE,2017-12-11 20:23:15.195002
2013-06-12,13:00,69.4,69.0,40.8,35.3,0.0,SW@7.8,13.5,73.4,0.0,961,"Mesa SE, Franklin County",300047,Mesa SE,2017-12-11 20:23:15.195002
2013-06-12,13:15,69.0,68.7,40.1,34.8,0.0,SW@7.9,13.5,73.8,0.0,942,"Mesa SE, Franklin County",300047,Mesa SE,2017-12-11 20:23:15.195002
2013-06-12,13:30,69.4,69.2,39.0,32.8,0.0,SW@7.8,14.6,74.3,0.0,926,"Mesa SE, Franklin County",300047,Mesa SE,2017-12-11 20:23:15.195002
2013-06-12,13:45,69.6,69.2,39.4,33.2,0.0,SW@7.7,13.5,74.7,0.0,906,"Mesa SE, Franklin County",300047,Mesa SE,2017-12-11 20:23:15.195002
2013-06-12,14:00,69.8,69.5,40.2,34.0,0.0,SW@8.3,15.0,75.2,0.0,881,"Mesa SE, Franklin County",300047,Mesa SE,2017-12-11 20:23:15.195002
2013-06-12,14:15,70.2,69.8,40.4,33.7,0.0,N@4.9,8.2,75.6,0.0,859,"Mesa SE, Franklin County",300047,Mesa SE,2017-12-11 20:23:15.195002
2013-06-12,14:30,70.5,70.4,40.2,33.2,0.0,SW@7.6,12.4,75.9,0.0,833,"Mesa SE, Franklin County",300047,Mesa SE,2017-12-11 20:23:15.195002
2013-06-12,14:45,70.9,70.5,40.2,32.7,0.0,SW@5.7,12.4,76.2,0.0,802,"Mesa SE, Franklin County",300047,Mesa SE,2017-12-11 20:23:15.195002
2013-06-12,15:00,70.9,70.6,39.5,31.8,0.0,S@4.6,8.9,76.5,0.0,773,"Mesa SE, Franklin County",300047,Mesa SE,2017-12-11 20:23:15.195002
2013-06-12,15:15,71.2,71.1,39.6,31.7,0.0,S@6.1,14.2,76.7,0.0,737,"Mesa SE, Franklin County",300047,Mesa SE,2017-12-11 20:23:15.195002
2013-06-12,15:30,71.7,71.4,39.6,31.1,0.0,S@6.4,12.4,76.8,0.0,699,"Mesa SE, Franklin County",300047,Mesa SE,2017-12-11 20:23:15.195002
2013-06-12,15:45,72.0,71.8,39.1,30.3,0.0,S@6.2,12.1,76.9,0.0,662,"Mesa SE, Franklin County",300047,Mesa SE,2017-12-11 20:23:15.195002
2013-06-12,16:00,72.5,72.4,38.6,29.2,0.0,SW@5.2,11.0,77.0,0.0,624,"Mesa SE, Franklin County",300047,Mesa SE,2017-12-11 20:23:15.195002
2013-06-12,16:15,72.4,72.3,37.9,28.4,0.0,S@6.2,12.4,77.0,0.0,583,"Mesa SE, Franklin County",300047,Mesa SE,2017-12-11 20:23:15.195002
2013-06-12,16:30,72.2,71.8,37.1,27.8,0.0,S@5.0,9.6,77.1,0.0,543,"Mesa SE, Franklin County",300047,Mesa SE,2017-12-11 20:23:15.195002
2013-06-12,16:45,72.4,72.2,37.2,27.7,0.0,S@4.8,8.5,77.1,0.0,499,"Mesa SE, Franklin County",300047,Mesa SE,2017-12-11 20:23:15.195002
2013-06-12,17:00,72.7,72.7,36.5,26.7,0.0,NW@3.8,9.2,77.2,0.0,456,"Mesa SE, Franklin County",300047,Mesa SE,2017-12-11 20:23:15.195002
2013-06-12,17:15,72.6,72.5,36.2,26.4,0.0,W@4.3,8.9,77.3,0.0,410,"Mesa SE, Franklin County",300047,Mesa SE,2017-12-11 20:23:15.195002
2013-06-12,17:30,73.2,73.0,36.1,25.8,0.0,W@3.8,8.9,77.4,0.0,366,"Mesa SE, Franklin County",300047,Mesa SE,2017-12-11 20:23:15.195002
2013-06-12,17:45,72.7,72.4,35.8,26.0,0.0,S@4.0,9.9,77.5,0.0,320,"Mesa SE, Franklin County",300047,Mesa SE,2017-12-11 20:23:15.195002
2013-06-12,18:00,72.3,72.0,36.9,27.5,0.0,S@4.3,9.2,77.6,0.0,276,"Mesa SE, Franklin County",300047,Mesa SE,2017-12-11 20:23:15.195002
2013-06-12,18:15,72.0,71.7,36.2,27.0,0.0,SW@5.0,8.9,77.7,0.0,231,"Mesa SE, Franklin County",300047,Mesa SE,2017-12-11 20:23:15.195002
2013-06-12,18:30,71.4,71.0,39.2,31.0,0.0,SW@9.0,12.4,77.8,0.0,187,"Mesa SE, Franklin County",300047,Mesa SE,2017-12-11 20:23:15.195002
2013-06-12,18:45,70.2,69.9,41.7,35.6,0.0,S@9.6,12.4,77.9,0.0,148,"Mesa SE, Franklin County",300047,Mesa SE,2017-12-11 20:23:15.195002
2013-06-12,19:00,68.7,68.5,42.8,39.0,0.0,S@8.4,13.2,78.0,0.0,85,"Mesa SE, Franklin County",300047,Mesa SE,2017-12-11 20:23:15.195002
2013-06-12,19:15,67.1,67.0,43.5,42.4,0.0,S@7.6,9.9,78.0,0.0,33,"Mesa SE, Franklin County",300047,Mesa SE,2017-12-11 20:23:15.195002
2013-06-12,19:30,66.1,65.9,44.0,44.7,0.0,S@6.7,9.6,78.0,0.0,38,"Mesa SE, Franklin County",300047,Mesa SE,2017-12-11 20:23:15.195002
2013-06-12,19:45,63.8,63.6,44.6,49.4,0.0,S@6.2,8.5,78.0,0.0,21,"Mesa SE, Franklin County",300047,Mesa SE,2017-12-11 20:23:15.195002
2013-06-12,20:00,62.4,62.0,44.4,51.6,0.0,S@5.9,8.5,78.0,0.0,5,"Mesa SE, Franklin County",300047,Mesa SE,2017-12-11 20:23:15.195002
2013-06-12,20:15,59.7,59.5,45.0,58.1,0.0,S@5.7,7.4,77.9,0.0,0,"Mesa SE, Franklin County",300047,Mesa SE,2017-12-11 20:23:15.195002
2013-06-12,20:30,58.4,58.1,44.5,59.9,0.0,S@5.9,9.6,77.9,0.0,0,"Mesa SE, Franklin County",300047,Mesa SE,2017-12-11 20:23:15.195002
2013-06-12,20:45,60.4,60.6,43.4,53.3,0.0,SW@7.1,12.1,77.8,0.0,0,"Mesa SE, Franklin County",300047,Mesa SE,2017-12-11 20:23:15.195002
2013-06-12,21:00,60.7,60.6,40.5,47.2,0.0,SW@4.0,6.7,77.7,0.0,0,"Mesa SE, Franklin County",300047,Mesa SE,2017-12-11 20:23:15.195002
2013-06-12,21:15,59.5,59.3,39.5,47.4,0.0,SW@4.7,7.8,77.5,0.0,0,"Mesa SE, Franklin County",300047,Mesa SE,2017-12-11 20:23:15.195002
2013-06-12,21:30,58.6,58.5,39.8,49.4,0.0,SW@2.8,4.9,77.4,0.0,0,"Mesa SE, Franklin County",300047,Mesa SE,2017-12-11 20:23:15.195002
2013-06-12,21:45,58.8,58.6,39.7,49.1,0.0,S@2.8,6.4,77.2,0.0,0,"Mesa SE, Franklin County",300047,Mesa SE,2017-12-11 20:23:15.195002
2013-06-12,22:00,58.8,58.6,39.4,48.5,0.0,NW@3.7,7.4,77.0,0.0,0,"Mesa SE, Franklin County",300047,Mesa SE,2017-12-11 20:23:15.195002
2013-06-12,22:15,57.6,57.4,39.4,50.5,0.0,NW@4.3,9.6,76.8,0.0,0,"Mesa SE, Franklin County",300047,Mesa SE,2017-12-11 20:23:15.195002
2013-06-12,22:30,56.4,56.1,39.8,53.5,0.0,N@3.4,6.0,76.6,0.0,0,"Mesa SE, Franklin County",300047,Mesa SE,2017-12-11 20:23:15.195002
2013-06-12,22:45,55.1,54.7,39.9,56.4,0.0,N@4.3,5.7,76.4,0.0,0,"Mesa SE, Franklin County",300047,Mesa SE,2017-12-11 20:23:15.195002
2013-06-12,23:00,54.1,53.7,39.8,58.4,0.0,N@3.0,5.7,76.1,0.0,0,"Mesa SE, Franklin County",300047,Mesa SE,2017-12-11 20:23:15.195002
2013-06-13,23:15,54.3,54.1,40.2,58.8,0.0,NE@1.9,3.5,75.9,0.0,0,"Mesa SE, Franklin County",300047,Mesa SE,2017-12-11 20:23:15.195002
2013-06-13,23:30,54.1,54.0,40.5,59.8,0.0,E@2.9,4.6,75.7,0.0,0,"Mesa SE, Franklin County",300047,Mesa SE,2017-12-11 20:23:15.195002
2013-06-13,23:45,55.6,55.6,40.3,56.2,0.0,W@4.1,9.2,75.4,0.0,0,"Mesa SE, Franklin County",300047,Mesa SE,2017-12-11 20:23:15.195002
2013-06-13,24:00,56.1,55.9,39.9,54.6,0.0,W@5.3,9.6,75.2,0.0,0,"Mesa SE, Franklin County",300047,Mesa SE,2017-12-11 20:23:15.195002
2013-06-13,00:15,54.8,54.5,39.8,56.8,0.0,SW@3.8,6.0,74.9,0.0,0,"Mesa SE, Franklin County",300047,Mesa SE,2017-12-11 20:23:15.195002
2013-06-13,00:30,54.5,54.3,39.8,57.5,0.0,S@4.4,10.3,74.7,0.0,0,"Mesa SE, Franklin County",300047,Mesa SE,2017-12-11 20:23:15.195002
2013-06-13,00:45,53.4,53.1,39.9,60.1,0.0,SW@5.3,8.2,74.4,0.0,0,"Mesa SE, Franklin County",300047,Mesa SE,2017-12-11 20:23:15.195002
2013-06-13,01:00,50.3,49.8,40.9,69.9,0.0,S@5.8,7.8,74.2,0.0,0,"Mesa SE, Franklin County",300047,Mesa SE,2017-12-11 20:23:15.195002
2013-06-13,01:15,52.3,52.4,40.4,63.7,0.0,S@5.7,7.4,73.9,0.0,0,"Mesa SE, Franklin County",300047,Mesa SE,2017-12-11 20:23:15.195002
2013-06-13,01:30,51.6,51.3,40.1,64.5,0.0,S@4.7,6.7,73.7,0.0,0,"Mesa SE, Franklin County",300047,Mesa SE,2017-12-11 20:23:15.195002
2013-06-13,01:45,50.7,50.5,40.6,68.2,0.0,S@6.1,9.6,73.5,0.0,0,"Mesa SE, Franklin County",300047,Mesa SE,2017-12-11 20:23:15.195002
2013-06-13,02:00,51.5,51.3,40.4,65.6,0.0,S@5.7,9.9,73.2,0.0,0,"Mesa SE, Franklin County",300047,Mesa SE,2017-12-11 20:23:15.195002
2013-06-13,02:15,48.7,48.3,40.8,73.9,0.0,S@6.1,7.8,73.0,0.0,0,"Mesa SE, Franklin County",300047,Mesa SE,2017-12-11 20:23:15.195002
2013-06-13,02:30,49.0,48.8,42.3,77.6,0.0,S@7.4,9.6,72.8,0.0,0,"Mesa SE, Franklin County",300047,Mesa SE,2017-12-11 20:23:15.195002
2013-06-13,02:45,48.5,48.4,43.3,82.3,0.0,SE@8.3,11.0,72.5,0.0,0,"Mesa SE, Franklin County",300047,Mesa SE,2017-12-11 20:23:15.195002
2013-06-13,03:00,48.2,47.9,43.6,84.1,0.0,SE@7.4,11.4,72.3,0.0,0,"Mesa SE, Franklin County",300047,Mesa SE,2017-12-11 20:23:15.195002
2013-06-13,03:15,47.7,47.5,43.8,86.2,0.0,SE@7.5,10.7,72.1,0.0,0,"Mesa SE, Franklin County",300047,Mesa SE,2017-12-11 20:23:15.195002
2013-06-13,03:30,47.8,47.6,44.1,86.9,0.0,SE@7.7,10.7,71.9,0.0,0,"Mesa SE, Franklin County",300047,Mesa SE,2017-12-11 20:23:15.195002
2013-06-13,03:45,47.5,47.2,44.1,87.6,0.0,S@8.0,10.3,71.7,0.0,0,"Mesa SE, Franklin County",300047,Mesa SE,2017-12-11 20:23:15.195002
2013-06-13,04:00,46.6,46.3,43.9,90.3,0.0,SE@6.5,8.9,71.5,0.0,2,"Mesa SE, Franklin County",300047,Mesa SE,2017-12-11 20:23:15.195002
2013-06-13,04:15,46.9,46.7,44.2,90.5,0.0,SE@6.9,9.6,71.3,0.0,9,"Mesa SE, Franklin County",300047,Mesa SE,2017-12-11 20:23:15.195002
2013-06-13,04:30,47.0,46.7,44.2,89.8,0.0,S@6.8,9.2,71.1,0.0,32,"Mesa SE, Franklin County",300047,Mesa SE,2017-12-11 20:23:15.195002
2013-06-13,04:45,47.4,47.1,44.3,88.6,0.0,S@6.9,9.2,70.9,0.0,46,"Mesa SE, Franklin County",300047,Mesa SE,2017-12-11 20:23:15.195002
2013-06-13,05:00,47.9,47.6,44.6,88.3,0.0,S@6.0,8.2,70.7,0.0,94,"Mesa SE, Franklin County",300047,Mesa SE,2017-12-11 20:23:15.195002
2013-06-13,05:15,48.4,48.0,45.2,88.6,0.0,S@6.4,8.5,70.4,0.0,128,"Mesa SE, Franklin County",300047,Mesa SE,2017-12-11 20:23:15.195002
2013-06-13,05:30,49.4,49.4,45.7,86.9,0.0,S@6.5,8.9,70.3,0.0,166,"Mesa SE, Franklin County",300047,Mesa SE,2017-12-11 20:23:15.195002
2013-06-13,05:45,50.8,50.8,46.1,83.8,0.0,SE@6.1,8.2,70.1,0.0,206,"Mesa SE, Franklin County",300047,Mesa SE,2017-12-11 20:23:15.195002
2013-06-13,06:00,52.3,52.3,45.9,78.7,0.0,S@6.7,9.2,69.9,0.0,248,"Mesa SE, Franklin County",300047,Mesa SE,2017-12-11 20:23:15.195002
2013-06-13,06:15,53.7,53.6,45.8,74.5,0.0,S@7.7,10.7,69.7,0.0,291,"Mesa SE, Franklin County",300047,Mesa SE,2017-12-11 20:23:15.195002
2013-06-13,06:30,54.8,54.6,45.6,71.1,0.0,S@8.0,10.7,69.5,0.0,335,"Mesa SE, Franklin County",300047,Mesa SE,2017-12-11 20:23:15.195002
2013-06-13,06:45,55.7,55.4,45.5,68.3,0.0,S@8.1,11.0,69.4,0.0,379,"Mesa SE, Franklin County",300047,Mesa SE,2017-12-11 20:23:15.195002
2013-06-13,07:00,56.8,56.5,45.1,64.7,0.0,S@8.3,12.1,69.2,0.0,425,"Mesa SE, Franklin County",300047,Mesa SE,2017-12-11 20:23:15.195002
2013-06-13,07:15,58.4,58.1,44.3,59.5,0.0,S@8.5,12.4,69.1,0.0,469,"Mesa SE, Franklin County",300047,Mesa SE,2017-12-11 20:23:15.195002
2013-06-13,07:30,59.1,58.7,44.4,58.0,0.0,S@8.8,12.8,69.0,0.0,512,"Mesa SE, Franklin County",300047,Mesa SE,2017-12-11 20:23:15.195002
2013-06-13,07:45,59.7,59.3,43.9,55.9,0.0,S@9.0,12.1,68.9,0.0,555,"Mesa SE, Franklin County",300047,Mesa SE,2017-12-11 20:23:15.195002
2013-06-13,08:00,60.2,59.9,44.0,55.0,0.0,S@9.4,13.9,68.9,0.0,597,"Mesa SE, Franklin County",300047,Mesa SE,2017-12-11 20:23:15.195002
2013-06-13,08:15,61.4,61.0,43.6,52.0,0.0,S@9.2,14.6,68.9,0.0,637,"Mesa SE, Franklin County",300047,Mesa SE,2017-12-11 20:23:15.195002
2013-06-13,08:30,62.0,61.7,43.6,50.9,0.0,S@8.5,12.8,68.9,0.0,679,"Mesa SE, Franklin County",300047,Mesa SE,2017-12-11 20:23:15.195002
2013-06-13,08:45,63.0,62.7,43.1,48.0,0.0,S@7.8,13.5,68.9,0.0,720,"Mesa SE, Franklin County",300047,Mesa SE,2017-12-11 20:23:15.195002
2013-06-13,09:00,63.9,63.6,43.4,47.2,0.0,S@8.4,13.9,69.0,0.0,758,"Mesa SE, Franklin County",300047,Mesa SE,2017-12-11 20:23:15.195002
2013-06-13,09:15,64.1,63.8,41.7,43.9,0.0,SW@9.4,13.5,69.1,0.0,796,"Mesa SE, Franklin County",300047,Mesa SE,2017-12-11 20:23:15.195002
2013-06-13,09:30,64.2,63.9,41.8,43.9,0.0,SW@9.7,15.3,69.2,0.0,814,"Mesa SE, Franklin County",300047,Mesa SE,2017-12-11 20:23:15.195002
2013-06-13,09:45,65.0,64.7,41.8,42.7,0.0,SW@8.5,16.7,69.4,0.0,843,"Mesa SE, Franklin County",300047,Mesa SE,2017-12-11 20:23:15.195002
2013-06-13,10:00,66.1,65.8,42.6,42.4,0.0,S@9.1,14.2,69.6,0.0,867,"Mesa SE, Franklin County",300047,Mesa SE,2017-12-11 20:23:15.195002
2013-06-13,10:15,66.7,66.3,41.3,39.4,0.0,S@9.7,13.9,69.8,0.0,897,"Mesa SE, Franklin County",300047,Mesa SE,2017-12-11 20:23:15.195002
2013-06-13,10:30,66.5,66.2,41.2,39.5,0.0,SW@7.8,15.3,70.1,0.0,920,"Mesa SE, Franklin County",300047,Mesa SE,2017-12-11 20:23:15.195002
2013-06-13,10:45,67.8,67.5,41.1,37.7,0.0,SW@9.4,14.6,70.4,0.0,935,"Mesa SE, Franklin County",300047,Mesa SE,2017-12-11 20:23:15.195002
2013-06-13,11:00,67.5,67.2,40.6,37.3,0.0,SW@9.4,16.7,70.7,0.0,929,"Mesa SE, Franklin County",300047,Mesa SE,2017-12-11 20:23:15.195002
2013-06-13,11:15,68.1,67.8,41.1,37.4,0.0,SW@9.1,15.7,71.0,0.0,977,"Mesa SE, Franklin County",300047,Mesa SE,2017-12-11 20:23:15.195002
2013-06-13,11:30,68.0,67.8,40.7,36.9,0.0,S@9.6,16.4,71.3,0.0,867,"Mesa SE, Franklin County",300047,Mesa SE,2017-12-11 20:23:15.195002
2013-06-13,11:45,69.6,69.4,40.5,34.6,0.0,SW@7.1,12.1,71.7,0.0,991,"Mesa SE, Franklin County",300047,Mesa SE,2017-12-11 20:23:15.195002
2013-06-13,12:00,69.4,69.1,40.2,34.5,0.0,SW@9.1,16.0,72.0,0.0,990,"Mesa SE, Franklin County",300047,Mesa SE,2017-12-11 20:23:15.195002
2013-06-13,12:15,70.7,70.4,41.5,34.6,0.0,S@9.1,16.4,72.4,0.0,1003,"Mesa SE, Franklin County",300047,Mesa SE,2017-12-11 20:23:15.195002
2013-06-13,12:30,71.0,70.6,40.6,33.2,0.0,SW@10.4,17.8,72.8,0.0,1001,"Mesa SE, Franklin County",300047,Mesa SE,2017-12-11 20:23:15.195002
2013-06-13,12:45,71.6,71.4,40.9,32.9,0.0,SW@10.5,20.7,73.2,0.0,1026,"Mesa SE, Franklin County",300047,Mesa SE,2017-12-11 20:23:15.195002
2013-06-13,13:00,71.5,71.0,40.7,32.7,0.0,SW@9.6,20.0,73.6,0.0,993,"Mesa SE, Franklin County",300047,Mesa SE,2017-12-11 20:23:15.195002
2013-06-13,13:15,71.6,71.3,41.7,34.0,0.0,SW@11.4,17.8,74.1,0.0,980,"Mesa SE, Franklin County",300047,Mesa SE,2017-12-11 20:23:15.195002
2013-06-13,13:30,71.9,71.5,42.0,33.9,0.0,SW@12.9,20.3,74.5,0.0,956,"Mesa SE, Franklin County",300047,Mesa SE,2017-12-11 20:23:15.195002
2013-06-13,13:45,71.6,71.3,42.1,34.5,0.0,SW@11.5,17.5,74.9,0.0,892,"Mesa SE, Franklin County",300047,Mesa SE,2017-12-11 20:23:15.195002
2013-06-13,14:00,71.6,71.3,42.2,34.5,0.0,SW@10.3,16.0,75.3,0.0,896,"Mesa SE, Franklin County",300047,Mesa SE,2017-12-11 20:23:15.195002
2013-06-13,14:15,71.7,71.3,41.7,33.7,0.0,S@10.9,17.8,75.7,0.0,868,"Mesa SE, Franklin County",300047,Mesa SE,2017-12-11 20:23:15.195002
2013-06-13,14:30,71.3,71.1,41.1,33.4,0.0,S@9.7,17.8,76.1,0.0,841,"Mesa SE, Franklin County",300047,Mesa SE,2017-12-11 20:23:15.195002
2013-06-13,14:45,72.1,71.9,40.9,32.3,0.0,SW@10.4,17.5,76.3,0.0,811,"Mesa SE, Franklin County",300047,Mesa SE,2017-12-11 20:23:15.195002
2013-06-13,15:00,72.5,72.1,40.9,31.9,0.0,SW@10.0,15.7,76.6,0.0,760,"Mesa SE, Franklin County",300047,Mesa SE,2017-12-11 20:23:15.195002
2013-06-13,15:15,72.3,72.1,41.3,32.5,0.0,SW@10.9,16.7,76.8,0.0,703,"Mesa SE, Franklin County",300047,Mesa SE,2017-12-11 20:23:15.195002
2013-06-13,15:30,72.4,72.1,41.5,32.7,0.0,SW@12.6,19.6,76.9,0.0,667,"Mesa SE, Franklin County",300047,Mesa SE,2017-12-11 20:23:15.195002
2013-06-13,15:45,72.8,72.6,41.9,32.8,0.0,SW@13.1,20.3,77.0,0.0,718,"Mesa SE, Franklin County",300047,Mesa SE,2017-12-11 20:23:15.195002
2013-06-13,16:00,73.4,72.9,42.8,33.3,0.0,SW@15.0,20.7,77.1,0.0,734,"Mesa SE, Franklin County",300047,Mesa SE,2017-12-11 20:23:15.195002
2013-06-13,16:15,72.7,72.4,43.3,34.7,0.0,SW@14.6,21.4,77.1,0.0,646,"Mesa SE, Franklin County",300047,Mesa SE,2017-12-11 20:23:15.195002
2013-06-13,16:30,69.6,69.2,42.1,36.8,0.0,SW@14.0,23.2,77.2,0.0,171,"Mesa SE, Franklin County",300047,Mesa SE,2017-12-11 20:23:15.195002
2013-06-13,16:45,67.2,67.1,40.3,37.2,0.0,W@14.3,19.6,77.3,0.0,187,"Mesa SE, Franklin County",300047,Mesa SE,2017-12-11 20:23:15.195002
2013-06-13,17:00,67.1,67.0,41.1,38.5,0.0,W@10.5,15.3,77.3,0.0,236,"Mesa SE, Franklin County",300047,Mesa SE,2017-12-11 20:23:15.195002
2013-06-13,17:15,66.3,66.1,42.1,41.3,0.0,W@8.8,13.2,77.4,0.0,161,"Mesa SE, Franklin County",300047,Mesa SE,2017-12-11 20:23:15.195002
2013-06-13,17:30,65.4,65.3,42.0,42.3,0.0,W@8.3,11.4,77.5,0.0,129,"Mesa SE, Franklin County",300047,Mesa SE,2017-12-11 20:23:15.195002
2013-06-13,17:45,65.6,65.5,41.8,41.8,0.0,W@6.8,9.9,77.5,0.0,127,"Mesa SE, Franklin County",300047,Mesa SE,2017-12-11 20:23:15.195002
2013-06-13,18:00,65.3,65.2,42.4,43.2,0.0,W@5.8,7.8,77.6,0.0,89,"Mesa SE, Franklin County",300047,Mesa SE,2017-12-11 20:23:15.195002
2013-06-13,18:15,64.8,64.8,43.0,45.0,0.0,W@4.4,6.7,77.6,0.0,73,"Mesa SE, Franklin County",300047,Mesa SE,2017-12-11 20:23:15.195002
2013-06-13,18:30,64.2,64.0,43.4,46.6,0.0,SW@4.8,10.3,77.6,0.0,47,"Mesa SE, Franklin County",300047,Mesa SE,2017-12-11 20:23:15.195002
2013-06-13,18:45,62.9,62.9,44.8,51.4,0.0,S@4.4,6.0,77.5,0.0,48,"Mesa SE, Franklin County",300047,Mesa SE,2017-12-11 20:23:15.195002
2013-06-13,19:00,63.5,63.5,44.1,49.1,0.0,SW@4.0,7.1,77.5,0.0,55,"Mesa SE, Franklin County",300047,Mesa SE,2017-12-11 20:23:15.195002
2013-06-13,19:15,64.7,64.7,42.6,44.4,0.0,W@6.2,11.7,77.4,0.0,60,"Mesa SE, Franklin County",300047,Mesa SE,2017-12-11 20:23:15.195002
2013-06-13,19:30,63.5,63.3,43.1,47.3,0.0,SW@5.1,6.7,77.3,0.0,41,"Mesa SE, Franklin County",300047,Mesa SE,2017-12-11 20:23:15.195002
2013-06-13,19:45,62.4,62.2,43.1,49.1,0.0,SW@3.9,6.7,77.2,0.0,26,"Mesa SE, Franklin County",300047,Mesa SE,2017-12-11 20:23:15.195002
2013-06-13,20:00,61.4,61.2,43.8,52.3,0.0,S@4.7,6.7,77.1,0.0,11,"Mesa SE, Franklin County",300047,Mesa SE,2017-12-11 20:23:15.195002
2013-06-13,20:15,60.3,60.2,44.0,54.8,0.0,SW@6.9,9.9,77.0,0.0,1,"Mesa SE, Franklin County",300047,Mesa SE,2017-12-11 20:23:15.195002
2013-06-13,20:30,60.0,59.9,43.5,54.4,0.0,SW@7.5,10.7,76.8,0.0,0,"Mesa SE, Franklin County",300047,Mesa SE,2017-12-11 20:23:15.195002
2013-06-13,20:45,60.2,60.2,42.1,51.1,0.0,W@8.2,12.1,76.7,0.0,0,"Mesa SE, Franklin County",300047,Mesa SE,2017-12-11 20:23:15.195002
2013-06-13,21:00,59.9,59.9,41.6,50.6,0.0,W@8.9,12.8,76.5,0.0,0,"Mesa SE, Franklin County",300047,Mesa SE,2017-12-11 20:23:15.195002
2013-06-13,21:15,59.2,59.1,41.9,52.4,0.0,SW@8.0,12.4,76.4,0.0,0,"Mesa SE, Franklin County",300047,Mesa SE,2017-12-11 20:23:15.195002
2013-06-13,21:30,58.4,58.3,42.2,54.8,0.0,SW@7.0,11.0,76.2,0.0,0,"Mesa SE, Franklin County",300047,Mesa SE,2017-12-11 20:23:15.195002
2013-06-13,21:45,58.2,58.2,42.2,55.1,0.0,SW@6.6,10.7,76.0,0.0,0,"Mesa SE, Franklin County",300047,Mesa SE,2017-12-11 20:23:15.195002
2013-06-13,22:00,57.9,57.9,42.1,55.5,0.0,SW@6.8,11.0,75.8,0.0,0,"Mesa SE, Franklin County",300047,Mesa SE,2017-12-11 20:23:15.195002
2013-06-13,22:15,58.6,58.6,41.2,52.3,0.0,SW@7.9,11.7,75.6,0.0,0,"Mesa SE, Franklin County",300047,Mesa SE,2017-12-11 20:23:15.195002
2013-06-13,22:30,58.1,58.0,41.4,53.7,0.06,SW@6.0,9.2,75.4,0.0,0,"Mesa SE, Franklin County",300047,Mesa SE,2017-12-11 20:23:15.195002
2013-06-13,22:45,57.7,57.6,41.2,54.1,0.01,W@6.7,10.7,75.2,0.0,0,"Mesa SE, Franklin County",300047,Mesa SE,2017-12-11 20:23:15.195002
2013-06-13,23:00,57.5,57.4,40.6,53.2,0.0,SW@6.3,12.4,75.0,0.0,0,"Mesa SE, Franklin County",300047,Mesa SE,2017-12-11 20:23:15.195002
2013-06-14,23:15,57.1,57.0,40.3,53.2,0.0,W@8.1,11.7,74.8,0.0,0,"Mesa SE, Franklin County",300047,Mesa SE,2017-12-11 20:23:15.195002
2013-06-14,23:30,56.4,56.1,40.6,55.3,0.0,SW@6.4,11.4,74.6,0.0,0,"Mesa SE, Franklin County",300047,Mesa SE,2017-12-11 20:23:15.195002
2013-06-14,23:45,54.3,54.1,41.3,61.2,0.0,S@7.0,11.4,74.4,0.0,0,"Mesa SE, Franklin County",300047,Mesa SE,2017-12-11 20:23:15.195002
2013-06-14,24:00,53.2,52.8,41.3,63.9,0.0,S@5.8,9.2,74.2,0.0,0,"Mesa SE, Franklin County",300047,Mesa SE,2017-12-11 20:23:15.195002
2013-06-14,00:15,52.4,52.4,41.3,65.6,0.0,S@6.1,9.9,74.0,0.0,0,"Mesa SE, Franklin County",300047,Mesa SE,2017-12-11 20:23:15.195002
2013-06-14,00:30,53.0,52.7,41.0,63.5,0.0,S@6.0,8.2,73.8,0.0,0,"Mesa SE, Franklin County",300047,Mesa SE,2017-12-11 20:23:15.195002
2013-06-14,00:45,52.8,52.7,41.6,65.6,0.0,S@6.5,10.7,73.6,0.0,0,"Mesa SE, Franklin County",300047,Mesa SE,2017-12-11 20:23:15.195002
2013-06-14,01:00,51.8,51.4,41.9,68.9,0.0,S@6.0,9.6,73.4,0.0,0,"Mesa SE, Franklin County",300047,Mesa SE,2017-12-11 20:23:15.195002
2013-06-14,01:15,49.6,49.3,42.2,75.5,0.0,SE@6.4,10.3,73.2,0.0,0,"Mesa SE, Franklin County",300047,Mesa SE,2017-12-11 20:23:15.195002
2013-06-14,01:30,49.0,48.8,42.5,78.0,0.0,S@6.5,8.2,73.0,0.0,0,"Mesa SE, Franklin County",300047,Mesa SE,2017-12-11 20:23:15.195002
2013-06-14,01:45,48.6,48.4,42.7,79.9,0.0,SE@7.1,8.9,72.8,0.0,0,"Mesa SE, Franklin County",300047,Mesa SE,2017-12-11 20:23:15.195002
2013-06-14,02:00,48.2,47.9,42.9,81.8,0.0,S@7.0,8.5,72.6,0.0,0,"Mesa SE, Franklin County",300047,Mesa SE,2017-12-11 20:23:15.195002
2013-06-14,02:15,47.8,47.6,43.0,83.2,0.0,SE@6.5,8.2,72.4,0.0,0,"Mesa SE, Franklin County",300047,Mesa SE,2017-12-11 20:23:15.195002
2013-06-14,02:30,47.8,47.6,42.9,82.8,0.0,SE@7.0,9.2,72.2,0.0,0,"Mesa SE, Franklin County",300047,Mesa SE,2017-12-11 20:23:15.195002
2013-06-14,02:45,47.9,47.7,43.1,83.1,0.0,SE@7.0,9.9,72.0,0.0,0,"Mesa SE, Franklin County",300047,Mesa SE,2017-12-11 20:23:15.195002
2013-06-14,03:00,47.2,46.9,43.0,85.3,0.0,SE@6.7,8.9,71.8,0.0,0,"Mesa SE, Franklin County",300047,Mesa SE,2017-12-11 20:23:15.195002
2013-06-14,03:15,47.0,46.8,43.3,86.7,0.0,SE@7.0,9.2,71.6,0.0,0,"Mesa SE, Franklin County",300047,Mesa SE,2017-12-11 20:23:15.195002
2013-06-14,03:30,46.8,46.6,43.1,86.9,0.0,S@7.3,8.9,71.4,0.0,0,"Mesa SE, Franklin County",300047,Mesa SE,2017-12-11 20:23:15.195002
2013-06-14,03:45,47.0,46.8,43.2,86.6,0.0,S@7.0,8.9,71.2,0.0,0,"Mesa SE, Franklin County",300047,Mesa SE,2017-12-11 20:23:15.195002
2013-06-14,04:00,47.0,46.7,43.3,87.0,0.0,SE@6.8,8.5,71.0,0.0,2,"Mesa SE, Franklin County",300047,Mesa SE,2017-12-11 20:23:15.195002
2013-06-14,04:15,46.9,46.6,43.5,87.9,0.0,SE@6.9,9.2,70.8,0.0,9,"Mesa SE, Franklin County",300047,Mesa SE,2017-12-11 20:23:15.195002
2013-06-14,04:30,47.1,46.9,43.8,88.0,0.0,SE@6.9,9.2,70.6,0.0,34,"Mesa SE, Franklin County",300047,Mesa SE,2017-12-11 20:23:15.195002
2013-06-14,04:45,47.8,47.5,44.1,87.2,0.0,SE@7.1,8.9,70.4,0.0,63,"Mesa SE, Franklin County",300047,Mesa SE,2017-12-11 20:23:15.195002
2013-06-14,05:00,48.4,48.1,44.5,86.2,0.0,S@7.1,9.6,70.2,0.0,94,"Mesa SE, Franklin County",300047,Mesa SE,2017-12-11 20:23:15.195002
2013-06-14,05:15,49.6,49.4,45.1,84.4,0.0,S@7.3,9.9,70.0,0.0,129,"Mesa SE, Franklin County",300047,Mesa SE,2017-12-11 20:23:15.195002
2013-06-14,05:30,50.8,50.7,45.8,82.9,0.0,S@7.6,9.9,69.8,0.0,166,"Mesa SE, Franklin County",300047,Mesa SE,2017-12-11 20:23:15.195002
2013-06-14,05:45,52.5,52.4,45.6,77.4,0.0,S@8.8,12.8,69.6,0.0,206,"Mesa SE, Franklin County",300047,Mesa SE,2017-12-11 20:23:15.195002
2013-06-14,06:00,53.4,53.3,45.7,75.1,0.0,S@9.6,12.8,69.4,0.0,248,"Mesa SE, Franklin County",300047,Mesa SE,2017-12-11 20:23:15.195002
2013-06-14,06:15,54.4,54.3,46.3,74.1,0.0,S@9.1,12.4,69.2,0.0,258,"Mesa SE, Franklin County",300047,Mesa SE,2017-12-11 20:23:15.195002
2013-06-14,06:30,56.1,55.9,46.1,69.0,0.0,S@9.7,12.8,69.1,0.0,334,"Mesa SE, Franklin County",300047,Mesa SE,2017-12-11 20:23:15.195002
2013-06-14,06:45,57.4,57.1,45.8,65.3,0.0,S@10.3,14.2,68.9,0.0,382,"Mesa SE, Franklin County",300047,Mesa SE,2017-12-11 20:23:15.195002
2013-06-14,07:00,58.5,58.2,45.7,62.4,0.0,S@11.3,15.3,68.8,0.0,433,"Mesa SE, Franklin County",300047,Mesa SE,2017-12-11 20:23:15.195002
2013-06-14,07:15,59.1,58.8,45.8,61.2,0.0,S@12.5,17.5,68.7,0.0,491,"Mesa SE, Franklin County",300047,Mesa SE,2017-12-11 20:23:15.195002
2013-06-14,07:30,60.4,60.2,45.9,58.7,0.0,S@11.5,15.3,68.6,0.0,488,"Mesa SE, Franklin County",300047,Mesa SE,2017-12-11 20:23:15.195002
2013-06-14,07:45,60.7,60.3,46.0,58.4,0.0,S@11.7,15.7,68.5,0.0,416,"Mesa SE, Franklin County",300047,Mesa SE,2017-12-11 20:23:15.195002
2013-06-14,08:00,60.3,60.1,46.3,59.9,0.0,S@11.5,15.0,68.5,0.0,376,"Mesa SE, Franklin County",300047,Mesa SE,2017-12-11 20:23:15.195002
2013-06-14,08:15,62.2,62.0,46.7,56.6,0.0,S@11.1,14.6,68.5,0.0,656,"Mesa SE, Franklin County",300047,Mesa SE,2017-12-11 20:23:15.195002
2013-06-14,08:30,63.7,63.3,46.4,53.3,0.0,S@11.0,17.8,68.5,0.0,685,"Mesa SE, Franklin County",300047,Mesa SE,2017-12-11 20:23:15.195002
2013-06-14,08:45,64.0,63.7,45.6,51.1,0.0,S@11.6,16.0,68.5,0.0,712,"Mesa SE, Franklin County",300047,Mesa SE,2017-12-11 20:23:15.195002
2013-06-14,09:00,64.6,64.4,45.3,49.4,0.0,S@11.5,15.7,68.5,0.0,748,"Mesa SE, Franklin County",300047,Mesa SE,2017-12-11 20:23:15.195002
2013-06-14,09:15,65.6,65.4,44.8,46.9,0.0,S@10.9,17.5,68.6,0.0,781,"Mesa SE, Franklin County",300047,Mesa SE,2017-12-11 20:23:15.195002
2013-06-14,09:30,66.1,65.8,43.7,44.2,0.0,S@11.2,16.0,68.7,0.0,816,"Mesa SE, Franklin County",300047,Mesa SE,2017-12-11 20:23:15.195002
2013-06-14,09:45,66.9,66.5,44.0,43.4,0.0,S@12.2,19.2,68.9,0.0,848,"Mesa SE, Franklin County",300047,Mesa SE,2017-12-11 20:23:15.195002
2013-06-14,10:00,67.4,67.1,43.1,41.3,0.0,S@11.5,17.1,69.0,0.0,877,"Mesa SE, Franklin County",300047,Mesa SE,2017-12-11 20:23:15.195002
2013-06-14,10:15,68.0,67.7,42.6,39.6,0.0,SW@10.8,17.5,69.2,0.0,898,"Mesa SE, Franklin County",300047,Mesa SE,2017-12-11 20:23:15.195002
2013-06-14,10:30,68.2,68.0,43.3,40.5,0.0,SW@10.7,17.8,69.5,0.0,925,"Mesa SE, Franklin County",300047,Mesa SE,2017-12-11 20:23:15.195002
2013-06-14,10:45,68.7,68.4,42.6,38.8,0.0,S@11.4,17.5,69.7,0.0,938,"Mesa SE, Franklin County",300047,Mesa SE,2017-12-11 20:23:15.195002
2013-06-14,11:00,68.5,68.2,43.6,40.5,0.0,SW@11.8,18.9,70.0,0.0,903,"Mesa SE, Franklin County",300047,Mesa SE,2017-12-11 20:23:15.195002
2013-06-14,11:15,69.1,68.8,42.7,38.4,0.0,S@8.5,13.5,70.3,0.0,953,"Mesa SE, Franklin County",300047,Mesa SE,2017-12-11 20:23:15.195002
2013-06-14,11:30,69.7,69.5,42.9,37.9,0.0,S@9.2,16.4,70.6,0.0,974,"Mesa SE, Franklin County",300047,Mesa SE,2017-12-11 20:23:15.195002
2013-06-14,11:45,70.7,70.4,43.0,36.8,0.0,S@8.7,15.7,70.9,0.0,907,"Mesa SE, Franklin County",300047,Mesa SE,2017-12-11 20:23:15.195002
2013-06-14,12:00,70.9,70.5,43.0,36.5,0.0,S@10.7,19.2,71.3,0.0,973,"Mesa SE, Franklin County",300047,Mesa SE,2017-12-11 20:23:15.195002
2013-06-14,12:15,71.0,70.8,43.4,36.9,0.0,S@11.2,18.5,71.6,0.0,971,"Mesa SE, Franklin County",300047,Mesa SE,2017-12-11 20:23:15.195002
2013-06-14,12:30,71.7,71.4,43.2,35.8,0.0,SW@11.0,16.7,72.0,0.0,968,"Mesa SE, Franklin County",300047,Mesa SE,2017-12-11 20:23:15.195002
2013-06-14,12:45,71.7,71.5,42.7,35.0,0.0,SW@9.7,17.5,72.4,0.0,961,"Mesa SE, Franklin County",300047,Mesa SE,2017-12-11 20:23:15.195002
2013-06-14,13:00,72.8,72.6,42.4,33.4,0.0,S@10.5,18.2,72.8,0.0,952,"Mesa SE, Franklin County",300047,Mesa SE,2017-12-11 20:23:15.195002
2013-06-14,13:15,73.4,73.1,41.8,32.0,0.0,S@10.6,17.5,73.2,0.0,946,"Mesa SE, Franklin County",300047,Mesa SE,2017-12-11 20:23:15.195002
2013-06-14,13:30,72.9,72.6,41.2,31.8,0.0,S@9.8,17.8,73.7,0.0,926,"Mesa SE, Franklin County",300047,Mesa SE,2017-12-11 20:23:15.195002
2013-06-14,13:45,73.6,73.5,41.0,30.9,0.0,SW@9.6,17.8,74.1,0.0,906,"Mesa SE, Franklin County",300047,Mesa SE,2017-12-11 20:23:15.195002
2013-06-14,14:00,74.3,74.1,40.5,29.5,0.0,SW@9.2,18.5,74.5,0.0,884,"Mesa SE, Franklin County",300047,Mesa SE,2017-12-11 20:23:15.195002
2013-06-14,14:15,74.1,73.8,40.1,29.3,0.0,SW@8.9,14.2,74.9,0.0,860,"Mesa SE, Franklin County",300047,Mesa SE,2017-12-11 20:23:15.195002
2013-06-14,14:30,74.2,73.9,40.1,29.1,0.0,SW@9.9,16.4,75.2,0.0,833,"Mesa SE, Franklin County",300047,Mesa SE,2017-12-11 20:23:15.195002
2013-06-14,14:45,74.6,74.4,40.2,28.9,0.0,SW@8.0,15.7,75.5,0.0,802,"Mesa SE, Franklin County",300047,Mesa SE,2017-12-11 20:23:15.195002
2013-06-14,15:00,74.8,74.6,40.6,29.2,0.0,SW@7.9,16.0,75.7,0.0,771,"Mesa SE, Franklin County",300047,Mesa SE,2017-12-11 20:23:15.195002
2013-06-14,15:15,75.0,74.6,40.4,28.8,0.0,SW@8.3,14.2,75.9,0.0,737,"Mesa SE, Franklin County",300047,Mesa SE,2017-12-11 20:23:15.195002
2013-06-14,15:30,74.9,74.7,40.5,28.9,0.0,SW@7.4,12.8,76.1,0.0,705,"Mesa SE, Franklin County",300047,Mesa SE,2017-12-11 20:23:15.195002
2013-06-14,15:45,74.7,74.5,37.4,25.8,0.0,SW@8.1,17.5,76.2,0.0,669,"Mesa SE, Franklin County",300047,Mesa SE,2017-12-11 20:23:15.195002
2013-06-14,16:00,74.8,74.5,37.1,25.4,0.0,S@7.9,13.2,76.3,0.0,628,"Mesa SE, Franklin County",300047,Mesa SE,2017-12-11 20:23:15.195002
2013-06-14,16:15,74.3,74.0,37.3,26.1,0.0,S@5.1,9.2,76.3,0.0,587,"Mesa SE, Franklin County",300047,Mesa SE,2017-12-11 20:23:15.195002
2013-06-14,16:30,74.9,74.7,36.8,25.0,0.0,SW@8.1,16.0,76.4,0.0,547,"Mesa SE, Franklin County",300047,Mesa SE,2017-12-11 20:23:15.195002
2013-06-14,16:45,75.5,75.3,36.9,24.6,0.0,SW@6.6,11.4,76.5,0.0,502,"Mesa SE, Franklin County",300047,Mesa SE,2017-12-11 20:23:15.195002
2013-06-14,17:00,75.0,74.8,36.5,24.6,0.0,SW@6.7,11.0,76.6,0.0,458,"Mesa SE, Franklin County",300047,Mesa SE,2017-12-11 20:23:15.195002
2013-06-14,17:15,74.8,74.6,36.8,25.2,0.0,SW@4.5,11.7,76.7,0.0,414,"Mesa SE, Franklin County",300047,Mesa SE,2017-12-11 20:23:15.195002
2013-06-14,17:30,74.8,74.6,37.1,25.4,0.0,SW@5.7,9.6,76.8,0.0,368,"Mesa SE, Franklin County",300047,Mesa SE,2017-12-11 20:23:15.195002
2013-06-14,17:45,74.6,74.3,36.9,25.5,0.0,S@4.2,7.1,76.9,0.0,324,"Mesa SE, Franklin County",300047,Mesa SE,2017-12-11 20:23:15.195002
2013-06-14,18:00,74.5,74.3,37.3,25.8,0.0,SE@3.6,6.4,77.0,0.0,279,"Mesa SE, Franklin County",300047,Mesa SE,2017-12-11 20:23:15.195002
2013-06-14,18:15,74.2,73.6,38.4,27.3,0.0,E@3.3,6.0,77.2,0.0,235,"Mesa SE, Franklin County",300047,Mesa SE,2017-12-11 20:23:15.195002
2013-06-14,18:30,73.9,73.2,39.4,28.7,0.0,E@2.9,4.6,77.3,0.0,193,"Mesa SE, Franklin County",300047,Mesa SE,2017-12-11 20:23:15.195002
2013-06-14,18:45,73.2,72.6,42.1,32.6,0.0,E@3.1,4.2,77.4,0.0,153,"Mesa SE, Franklin County",300047,Mesa SE,2017-12-11 20:23:15.195002
2013-06-14,19:00,72.0,71.6,44.1,36.7,0.0,E@2.7,3.9,77.4,0.0,116,"Mesa SE, Franklin County",300047,Mesa SE,2017-12-11 20:23:15.195002
2013-06-14,19:15,70.5,69.9,44.8,39.6,0.0,E@3.4,4.2,77.5,0.0,81,"Mesa SE, Franklin County",300047,Mesa SE,2017-12-11 20:23:15.195002
2013-06-14,19:30,67.7,67.0,45.9,45.5,0.0,E@4.3,5.3,77.5,0.0,50,"Mesa SE, Franklin County",300047,Mesa SE,2017-12-11 20:23:15.195002
2013-06-14,19:45,64.2,63.8,45.6,50.8,0.0,E@4.9,5.3,77.5,0.0,19,"Mesa SE, Franklin County",300047,Mesa SE,2017-12-11 20:23:15.195002
2013-06-14,20:00,62.6,62.3,43.9,50.4,0.0,E@5.2,6.0,77.5,0.0,4,"Mesa SE, Franklin County",300047,Mesa SE,2017-12-11 20:23:15.195002
2013-06-14,20:15,61.4,61.2,43.1,50.9,0.0,E@5.4,6.0,77.5,0.0,0,"Mesa SE, Franklin County",300047,Mesa SE,2017-12-11 20:23:15.195002
2013-06-14,20:30,60.0,59.8,41.9,51.2,0.0,E@4.3,5.7,77.4,0.0,0,"Mesa SE, Franklin County",300047,Mesa SE,2017-12-11 20:23:15.195002
2013-06-14,20:45,59.6,59.7,39.8,47.7,0.0,E@5.4,7.8,77.4,0.0,0,"Mesa SE, Franklin County",300047,Mesa SE,2017-12-11 20:23:15.195002
2013-06-14,21:00,61.0,61.0,39.8,45.4,0.0,E@6.6,7.4,77.3,0.0,0,"Mesa SE, Franklin County",300047,Mesa SE,2017-12-11 20:23:15.195002
2013-06-14,21:15,61.3,61.2,39.8,45.0,0.0,E@6.9,8.2,77.1,0.0,0,"Mesa SE, Franklin County",300047,Mesa SE,2017-12-11 20:23:15.195002
2013-06-14,21:30,60.4,60.3,40.1,47.0,0.0,E@6.4,7.8,77.0,0.0,0,"Mesa SE, Franklin County",300047,Mesa SE,2017-12-11 20:23:15.195002
2013-06-14,21:45,60.9,61.0,40.1,46.0,0.0,E@6.8,8.2,76.8,0.0,0,"Mesa SE, Franklin County",300047,Mesa SE,2017-12-11 20:23:15.195002
2013-06-14,22:00,61.2,61.2,39.8,45.2,0.0,E@6.9,8.5,76.6,0.0,0,"Mesa SE, Franklin County",300047,Mesa SE,2017-12-11 20:23:15.195002
2013-06-14,22:15,60.4,60.2,39.7,46.3,0.0,E@6.4,7.8,76.5,0.0,0,"Mesa SE, Franklin County",300047,Mesa SE,2017-12-11 20:23:15.195002
2013-06-14,22:30,59.7,59.6,39.5,47.0,0.0,E@5.7,7.8,76.3,0.0,0,"Mesa SE, Franklin County",300047,Mesa SE,2017-12-11 20:23:15.195002
2013-06-14,22:45,58.4,58.1,39.8,49.9,0.0,E@3.4,5.3,76.1,0.0,0,"Mesa SE, Franklin County",300047,Mesa SE,2017-12-11 20:23:15.195002
2013-06-14,23:00,58.1,57.9,38.1,47.2,0.0,W@1.4,2.8,75.8,0.0,0,"Mesa SE, Franklin County",300047,Mesa SE,2017-12-11 20:23:15.195002
2013-06-15,23:15,57.1,56.5,37.1,47.0,0.0,N@1.2,4.9,75.6,0.0,0,"Mesa SE, Franklin County",300047,Mesa SE,2017-12-11 20:23:15.195002
2013-06-15,23:30,56.2,55.8,36.9,48.2,0.0,N@3.1,4.6,75.4,0.0,0,"Mesa SE, Franklin County",300047,Mesa SE,2017-12-11 20:23:15.195002
2013-06-15,23:45,54.3,53.9,37.1,52.0,0.0,N@4.5,6.0,75.2,0.0,0,"Mesa SE, Franklin County",300047,Mesa SE,2017-12-11 20:23:15.195002
2013-06-15,24:00,52.4,52.1,37.3,56.3,0.0,N@5.2,6.4,75.0,0.0,0,"Mesa SE, Franklin County",300047,Mesa SE,2017-12-11 20:23:15.195002
2013-06-15,00:15,51.6,51.3,37.6,58.7,0.0,N@5.6,6.7,74.8,0.0,0,"Mesa SE, Franklin County",300047,Mesa SE,2017-12-11 20:23:15.195002
2013-06-15,00:30,50.8,50.5,37.4,60.0,0.0,N@5.5,6.7,74.5,0.0,0,"Mesa SE, Franklin County",300047,Mesa SE,2017-12-11 20:23:15.195002
2013-06-15,00:45,50.5,50.2,37.3,60.4,0.0,N@4.7,6.4,74.3,0.0,0,"Mesa SE, Franklin County",300047,Mesa SE,2017-12-11 20:23:15.195002
2013-06-15,01:00,50.1,49.8,37.4,61.7,0.0,N@4.5,5.7,74.1,0.0,0,"Mesa SE, Franklin County",300047,Mesa SE,2017-12-11 20:23:15.195002
2013-06-15,01:15,49.1,48.7,36.9,62.7,0.0,N@4.5,6.0,73.8,0.0,0,"Mesa SE, Franklin County",300047,Mesa SE,2017-12-11 20:23:15.195002
2013-06-15,01:30,48.4,48.2,36.6,63.6,0.0,N@5.0,6.7,73.6,0.0,0,"Mesa SE, Franklin County",300047,Mesa SE,2017-12-11 20:23:15.195002
2013-06-15,01:45,48.9,48.6,37.0,63.3,0.0,N@6.0,7.8,73.4,0.0,0,"Mesa SE, Franklin County",300047,Mesa SE,2017-12-11 20:23:15.195002
2013-06-15,02:00,48.2,48.0,36.9,64.6,0.0,N@6.0,8.2,73.1,0.0,0,"Mesa SE, Franklin County",300047,Mesa SE,2017-12-11 20:23:15.195002
2013-06-15,02:15,48.1,48.0,36.7,64.7,0.0,N@5.8,8.9,72.9,0.0,0,"Mesa SE, Franklin County",300047,Mesa SE,2017-12-11 20:23:15.195002
2013-06-15,02:30,48.8,48.6,36.1,61.4,0.0,N@4.7,9.2,72.7,0.0,0,"Mesa SE, Franklin County",300047,Mesa SE,2017-12-11 20:23:15.195002
2013-06-15,02:45,47.6,47.0,35.5,62.8,0.0,N@4.2,5.3,72.4,0.0,0,"Mesa SE, Franklin County",300047,Mesa SE,2017-12-11 20:23:15.195002
2013-06-15,03:00,46.6,46.2,35.1,64.2,0.0,N@4.1,5.3,72.2,0.0,0,"Mesa SE, Franklin County",300047,Mesa SE,2017-12-11 20:23:15.195002
2013-06-15,03:15,46.2,45.8,34.8,64.0,0.0,N@4.3,5.3,72.0,0.0,0,"Mesa SE, Franklin County",300047,Mesa SE,2017-12-11 20:23:15.195002
2013-06-15,03:30,45.3,45.1,34.2,64.8,0.0,N@5.5,8.5,71.8,0.0,0,"Mesa SE, Franklin County",300047,Mesa SE,2017-12-11 20:23:15.195002
2013-06-15,03:45,45.6,45.3,34.2,64.0,0.0,NE@7.3,8.9,71.5,0.0,0,"Mesa SE, Franklin County",300047,Mesa SE,2017-12-11 20:23:15.195002
2013-06-15,04:00,44.3,44.0,34.1,67.2,0.0,NE@7.0,8.2,71.3,0.0,3,"Mesa SE, Franklin County",300047,Mesa SE,2017-12-11 20:23:15.195002
2013-06-15,04:15,44.2,44.0,34.5,68.6,0.0,NE@6.8,8.5,71.1,0.0,11,"Mesa SE, Franklin County",300047,Mesa SE,2017-12-11 20:23:15.195002
2013-06-15,04:30,45.5,45.2,35.0,66.3,0.0,NE@7.6,9.6,70.9,0.0,34,"Mesa SE, Franklin County",300047,Mesa SE,2017-12-11 20:23:15.195002
2013-06-15,04:45,45.5,45.1,35.0,66.4,0.0,NE@6.8,7.8,70.6,0.0,62,"Mesa SE, Franklin County",300047,Mesa SE,2017-12-11 20:23:15.195002
2013-06-15,05:00,46.3,45.9,35.6,65.9,0.0,NE@7.4,9.6,70.4,0.0,94,"Mesa SE, Franklin County",300047,Mesa SE,2017-12-11 20:23:15.195002
2013-06-15,05:15,47.6,47.4,36.0,63.7,0.0,NE@7.8,10.7,70.2,0.0,129,"Mesa SE, Franklin County",300047,Mesa SE,2017-12-11 20:23:15.195002
2013-06-15,05:30,49.1,48.9,36.6,61.7,0.0,NE@9.2,11.7,70.0,0.0,166,"Mesa SE, Franklin County",300047,Mesa SE,2017-12-11 20:23:15.195002
2013-06-15,05:45,50.3,50.2,37.2,60.5,0.0,NE@8.8,11.4,69.8,0.0,206,"Mesa SE, Franklin County",300047,Mesa SE,2017-12-11 20:23:15.195002
2013-06-15,06:00,52.5,52.5,38.4,58.6,0.0,NE@9.4,13.2,69.6,0.0,248,"Mesa SE, Franklin County",300047,Mesa SE,2017-12-11 20:23:15.195002
2013-06-15,06:15,54.6,54.5,39.4,56.4,0.0,NE@9.1,11.7,69.3,0.0,291,"Mesa SE, Franklin County",300047,Mesa SE,2017-12-11 20:23:15.195002
2013-06-15,06:30,56.7,56.6,39.9,53.3,0.0,NE@8.0,10.3,69.2,0.0,335,"Mesa SE, Franklin County",300047,Mesa SE,2017-12-11 20:23:15.195002
2013-06-15,06:45,58.6,58.3,40.5,50.9,0.0,NE@8.0,10.7,69.0,0.0,379,"Mesa SE, Franklin County",300047,Mesa SE,2017-12-11 20:23:15.195002
2013-06-15,07:00,60.4,59.9,40.7,48.2,0.0,N@7.5,10.7,68.8,0.0,425,"Mesa SE, Franklin County",300047,Mesa SE,2017-12-11 20:23:15.195002
2013-06-15,07:15,62.0,61.6,41.0,45.8,0.0,N@6.1,9.9,68.7,0.0,471,"Mesa SE, Franklin County",300047,Mesa SE,2017-12-11 20:23:15.195002
2013-06-15,07:30,63.8,63.4,41.1,43.4,0.0,N@6.5,9.2,68.6,0.0,513,"Mesa SE, Franklin County",300047,Mesa SE,2017-12-11 20:23:15.195002
2013-06-15,07:45,65.5,65.2,41.2,41.1,0.0,N@7.2,11.4,68.5,0.0,555,"Mesa SE, Franklin County",300047,Mesa SE,2017-12-11 20:23:15.195002
2013-06-15,08:00,66.8,66.6,42.1,40.5,0.0,N@7.2,10.7,68.5,0.0,597,"Mesa SE, Franklin County",300047,Mesa SE,2017-12-11 20:23:15.195002
2013-06-15,08:15,68.0,67.8,44.0,41.8,0.0,N@5.8,9.2,68.4,0.0,634,"Mesa SE, Franklin County",300047,Mesa SE,2017-12-11 20:23:15.195002
2013-06-15,08:30,69.1,68.8,44.7,41.4,0.0,N@7.5,11.0,68.5,0.0,678,"Mesa SE, Franklin County",300047,Mesa SE,2017-12-11 20:23:15.195002
2013-06-15,08:45,70.1,69.9,45.6,41.3,0.0,NW@7.2,11.4,68.5,0.0,709,"Mesa SE, Franklin County",300047,Mesa SE,2017-12-11 20:23:15.195002
2013-06-15,09:00,71.0,70.6,45.8,40.4,0.0,N@7.9,12.4,68.6,0.0,738,"Mesa SE, Franklin County",300047,Mesa SE,2017-12-11 20:23:15.195002
2013-06-15,09:15,71.3,71.1,46.3,40.8,0.0,NW@8.3,13.2,68.7,0.0,787,"Mesa SE, Franklin County",300047,Mesa SE,2017-12-11 20:23:15.195002
2013-06-15,09:30,72.0,71.7,46.2,39.7,0.0,NW@8.7,12.1,68.9,0.0,806,"Mesa SE, Franklin County",300047,Mesa SE,2017-12-11 20:23:15.195002
2013-06-15,09:45,72.7,72.5,46.6,39.4,0.0,NW@8.7,13.2,69.1,0.0,823,"Mesa SE, Franklin County",300047,Mesa SE,2017-12-11 20:23:15.195002
2013-06-15,10:00,74.5,74.3,47.3,38.1,0.0,NW@8.7,13.2,69.4,0.0,855,"Mesa SE, Franklin County",300047,Mesa SE,2017-12-11 20:23:15.195002
2013-06-15,10:15,74.7,74.4,47.5,38.0,0.0,NW@9.1,13.5,69.6,0.0,879,"Mesa SE, Franklin County",300047,Mesa SE,2017-12-11 20:23:15.195002
2013-06-15,10:30,76.4,76.2,47.4,35.9,0.0,NW@8.3,12.4,69.9,0.0,911,"Mesa SE, Franklin County",300047,Mesa SE,2017-12-11 20:23:15.195002
2013-06-15,10:45,78.1,78.0,47.1,33.5,0.0,NW@8.3,12.4,70.2,0.0,929,"Mesa SE, Franklin County",300047,Mesa SE,2017-12-11 20:23:15.195002
2013-06-15,11:00,78.9,78.7,46.4,31.8,0.0,NW@7.8,12.8,70.6,0.0,943,"Mesa SE, Franklin County",300047,Mesa SE,2017-12-11 20:23:15.195002
2013-06-15,11:15,80.3,80.1,46.0,29.9,0.0,NW@7.3,12.4,70.9,0.0,949,"Mesa SE, Franklin County",300047,Mesa SE,2017-12-11 20:23:15.195002
2013-06-15,11:30,80.6,80.3,45.3,28.9,0.0,NW@7.9,12.4,71.3,0.0,961,"Mesa SE, Franklin County",300047,Mesa SE,2017-12-11 20:23:15.195002
2013-06-15,11:45,80.8,80.7,44.6,27.9,0.0,NW@8.2,12.4,71.7,0.0,969,"Mesa SE, Franklin County",300047,Mesa SE,2017-12-11 20:23:15.195002
2013-06-15,12:00,81.6,81.3,44.0,26.6,0.0,NW@8.4,13.5,72.2,0.0,973,"Mesa SE, Franklin County",300047,Mesa SE,2017-12-11 20:23:15.195002
2013-06-15,12:15,81.9,81.9,43.5,25.7,0.0,NW@8.2,12.4,72.6,0.0,975,"Mesa SE, Franklin County",300047,Mesa SE,2017-12-11 20:23:15.195002
2013-06-15,12:30,82.9,82.8,42.4,23.9,0.0,NW@8.6,14.2,73.1,0.0,970,"Mesa SE, Franklin County",300047,Mesa SE,2017-12-11 20:23:15.195002
2013-06-15,12:45,83.5,83.3,42.2,23.3,0.0,NW@9.1,14.6,73.5,0.0,960,"Mesa SE, Franklin County",300047,Mesa SE,2017-12-11 20:23:15.195002
2013-06-15,13:00,83.8,83.6,41.9,22.8,0.0,NW@9.4,14.6,74.0,0.0,951,"Mesa SE, Franklin County",300047,Mesa SE,2017-12-11 20:23:15.195002
2013-06-15,13:15,84.1,83.9,42.6,23.2,0.0,NW@9.3,13.5,74.5,0.0,937,"Mesa SE, Franklin County",300047,Mesa SE,2017-12-11 20:23:15.195002
2013-06-15,13:30,84.4,84.2,42.6,23.0,0.0,NW@9.7,15.0,75.0,0.0,918,"Mesa SE, Franklin County",300047,Mesa SE,2017-12-11 20:23:15.195002
2013-06-15,13:45,85.0,84.8,42.2,22.2,0.0,NW@8.3,15.0,75.5,0.0,904,"Mesa SE, Franklin County",300047,Mesa SE,2017-12-11 20:23:15.195002
2013-06-15,14:00,85.7,85.6,42.6,22.1,0.0,NW@9.0,13.9,75.9,0.0,879,"Mesa SE, Franklin County",300047,Mesa SE,2017-12-11 20:23:15.195002
2013-06-15,14:15,85.7,85.4,42.0,21.5,0.0,NW@9.1,13.9,76.3,0.0,854,"Mesa SE, Franklin County",300047,Mesa SE,2017-12-11 20:23:15.195002
2013-06-15,14:30,86.1,86.0,40.8,20.4,0.0,NW@9.1,15.3,76.7,0.0,828,"Mesa SE, Franklin County",300047,Mesa SE,2017-12-11 20:23:15.195002
2013-06-15,14:45,86.2,86.1,40.1,19.7,0.0,NW@9.4,15.0,77.1,0.0,799,"Mesa SE, Franklin County",300047,Mesa SE,2017-12-11 20:23:15.195002
2013-06-15,15:00,86.6,86.5,39.7,19.2,0.0,NW@8.9,13.2,77.4,0.0,765,"Mesa SE, Franklin County",300047,Mesa SE,2017-12-11 20:23:15.195002
2013-06-15,15:15,86.8,86.6,39.2,18.7,0.0,NW@8.8,12.8,77.6,0.0,709,"Mesa SE, Franklin County",300047,Mesa SE,2017-12-11 20:23:15.195002
2013-06-15,15:30,86.2,85.9,38.3,18.4,0.0,NW@9.5,13.5,77.8,0.0,628,"Mesa SE, Franklin County",300047,Mesa SE,2017-12-11 20:23:15.195002
2013-06-15,15:45,86.3,86.2,38.1,18.2,0.0,NW@8.4,12.4,77.9,0.0,598,"Mesa SE, Franklin County",300047,Mesa SE,2017-12-11 20:23:15.195002
2013-06-15,16:00,86.3,86.1,38.2,18.2,0.0,NW@7.9,10.7,78.0,0.0,589,"Mesa SE, Franklin County",300047,Mesa SE,2017-12-11 20:23:15.195002
2013-06-15,16:15,86.5,86.3,38.9,18.7,0.0,NW@8.4,11.7,78.1,0.0,592,"Mesa SE, Franklin County",300047,Mesa SE,2017-12-11 20:23:15.195002
2013-06-15,16:30,86.7,86.6,38.7,18.4,0.0,NW@8.2,11.4,78.2,0.0,507,"Mesa SE, Franklin County",300047,Mesa SE,2017-12-11 20:23:15.195002
2013-06-15,16:45,85.6,85.4,39.2,19.4,0.0,NW@8.8,13.2,78.3,0.0,346,"Mesa SE, Franklin County",300047,Mesa SE,2017-12-11 20:23:15.195002
2013-06-15,17:00,84.9,84.7,39.3,20.0,0.0,NW@9.4,12.1,78.5,0.0,335,"Mesa SE, Franklin County",300047,Mesa SE,2017-12-11 20:23:15.195002
2013-06-15,17:15,84.9,84.8,39.8,20.3,0.0,NW@9.4,13.9,78.6,0.0,309,"Mesa SE, Franklin County",300047,Mesa SE,2017-12-11 20:23:15.195002
2013-06-15,17:30,83.7,83.6,40.9,22.0,0.0,NW@10.7,14.2,78.7,0.0,225,"Mesa SE, Franklin County",300047,Mesa SE,2017-12-11 20:23:15.195002
2013-06-15,17:45,82.6,82.6,41.9,23.7,0.0,N@9.8,12.4,78.9,0.0,192,"Mesa SE, Franklin County",300047,Mesa SE,2017-12-11 20:23:15.195002
2013-06-15,18:00,81.6,81.5,41.6,24.2,0.0,N@9.0,12.4,79.0,0.0,136,"Mesa SE, Franklin County",300047,Mesa SE,2017-12-11 20:23:15.195002
2013-06-15,18:15,80.7,80.6,41.9,25.2,0.0,N@7.5,10.3,79.1,0.0,102,"Mesa SE, Franklin County",300047,Mesa SE,2017-12-11 20:23:15.195002
2013-06-15,18:30,80.0,79.9,42.6,26.5,0.0,N@8.6,12.4,79.2,0.0,88,"Mesa SE, Franklin County",300047,Mesa SE,2017-12-11 20:23:15.195002
2013-06-15,18:45,78.9,78.7,44.5,29.6,0.0,N@7.9,10.7,79.2,0.0,69,"Mesa SE, Franklin County",300047,Mesa SE,2017-12-11 20:23:15.195002
2013-06-15,19:00,77.7,77.6,44.6,30.9,0.0,N@6.6,9.2,79.3,0.0,61,"Mesa SE, Franklin County",300047,Mesa SE,2017-12-11 20:23:15.195002
2013-06-15,19:15,77.3,77.1,44.3,31.0,0.0,N@7.1,9.6,79.3,0.0,61,"Mesa SE, Franklin County",300047,Mesa SE,2017-12-11 20:23:15.195002
2013-06-15,19:30,76.1,76.0,43.6,31.3,0.0,N@5.9,8.9,79.3,0.0,34,"Mesa SE, Franklin County",300047,Mesa SE,2017-12-11 20:23:15.195002
2013-06-15,19:45,75.5,75.3,42.0,30.2,0.0,N@5.9,9.2,79.3,0.0,18,"Mesa SE, Franklin County",300047,Mesa SE,2017-12-11 20:23:15.195002
2013-06-15,20:00,72.7,72.3,41.1,31.9,0.0,NE@4.4,6.7,79.3,0.0,4,"Mesa SE, Franklin County",300047,Mesa SE,2017-12-11 20:23:15.195002
2013-06-15,20:15,72.5,72.6,41.3,32.3,0.0,NE@6.4,7.4,79.2,0.0,0,"Mesa SE, Franklin County",300047,Mesa SE,2017-12-11 20:23:15.195002
2013-06-15,20:30,71.6,71.4,40.2,32.0,0.0,NE@5.7,7.8,79.2,0.0,0,"Mesa SE, Franklin County",300047,Mesa SE,2017-12-11 20:23:15.195002
2013-06-15,20:45,68.3,67.9,40.6,36.4,0.0,NE@4.4,6.0,79.1,0.0,0,"Mesa SE, Franklin County",300047,Mesa SE,2017-12-11 20:23:15.195002
2013-06-15,21:00,68.8,68.8,40.4,35.4,0.0,NE@6.8,8.5,79.0,0.0,0,"Mesa SE, Franklin County",300047,Mesa SE,2017-12-11 20:23:15.195002
2013-06-15,21:15,66.3,66.0,41.4,40.2,0.0,NE@5.7,6.7,78.9,0.0,0,"Mesa SE, Franklin County",300047,Mesa SE,2017-12-11 20:23:15.195002
2013-06-15,21:30,64.5,64.2,42.0,43.7,0.0,NE@5.9,7.1,78.7,0.0,0,"Mesa SE, Franklin County",300047,Mesa SE,2017-12-11 20:23:15.195002
2013-06-15,21:45,62.6,62.5,40.5,44.0,0.0,NE@5.8,6.7,78.6,0.0,0,"Mesa SE, Franklin County",300047,Mesa SE,2017-12-11 20:23:15.195002
2013-06-15,22:00,61.1,60.6,39.4,44.6,0.0,N@5.3,6.4,78.4,0.0,0,"Mesa SE, Franklin County",300047,Mesa SE,2017-12-11 20:23:15.195002
2013-06-15,22:15,60.4,60.3,40.0,46.9,0.0,NE@6.3,8.5,78.2,0.0,0,"Mesa SE, Franklin County",300047,Mesa SE,2017-12-11 20:23:15.195002
2013-06-15,22:30,60.5,60.3,39.7,46.2,0.0,NE@5.9,7.4,78.1,0.0,0,"Mesa SE, Franklin County",300047,Mesa SE,2017-12-11 20:23:15.195002
2013-06-15,22:45,59.9,60.0,39.1,45.9,0.0,N@5.4,7.1,77.9,0.0,0,"Mesa SE, Franklin County",300047,Mesa SE,2017-12-11 20:23:15.195002
2013-06-15,23:00,60.4,60.2,40.3,47.3,0.0,NE@5.9,7.8,77.7,0.0,0,"Mesa SE, Franklin County",300047,Mesa SE,2017-12-11 20:23:15.195002
2013-06-16,23:15,58.5,58.3,40.1,50.4,0.0,N@5.1,6.4,77.5,0.0,0,"Mesa SE, Franklin County",300047,Mesa SE,2017-12-11 20:23:15.195002
2013-06-16,23:30,60.4,60.5,40.9,48.5,0.0,NE@6.3,7.4,77.3,0.0,0,"Mesa SE, Franklin County",300047,Mesa SE,2017-12-11 20:23:15.195002
2013-06-16,23:45,59.2,58.9,41.0,50.7,0.0,NE@5.9,7.1,77.1,0.0,0,"Mesa SE, Franklin County",300047,Mesa SE,2017-12-11 20:23:15.195002
2013-06-16,24:00,56.7,56.4,40.6,54.8,0.0,NE@5.8,6.7,76.8,0.0,0,"Mesa SE, Franklin County",300047,Mesa SE,2017-12-11 20:23:15.195002
2013-06-16,00:15,57.6,57.8,41.2,54.3,0.0,NE@6.5,7.8,76.6,0.0,0,"Mesa SE, Franklin County",300047,Mesa SE,2017-12-11 20:23:15.195002
2013-06-16,00:30,58.9,58.8,41.7,52.7,0.0,NE@5.8,7.8,76.4,0.0,0,"Mesa SE, Franklin County",300047,Mesa SE,2017-12-11 20:23:15.195002
2013-06-16,00:45,57.3,57.0,41.5,55.4,0.0,NE@5.0,6.4,76.2,0.0,0,"Mesa SE, Franklin County",300047,Mesa SE,2017-12-11 20:23:15.195002
2013-06-16,01:00,58.1,58.1,41.6,54.1,0.0,NE@5.9,7.1,76.0,0.0,0,"Mesa SE, Franklin County",300047,Mesa SE,2017-12-11 20:23:15.195002
2013-06-16,01:15,57.9,57.8,41.2,53.8,0.0,NE@5.7,6.7,75.7,0.0,0,"Mesa SE, Franklin County",300047,Mesa SE,2017-12-11 20:23:15.195002
2013-06-16,01:30,57.9,57.8,40.6,52.3,0.0,NE@5.8,7.4,75.5,0.0,0,"Mesa SE, Franklin County",300047,Mesa SE,2017-12-11 20:23:15.195002
2013-06-16,01:45,57.9,57.8,40.1,51.5,0.0,NE@5.8,6.7,75.3,0.0,0,"Mesa SE, Franklin County",300047,Mesa SE,2017-12-11 20:23:15.195002
2013-06-16,02:00,56.9,56.6,40.1,53.3,0.0,NE@5.1,6.0,75.1,0.0,0,"Mesa SE, Franklin County",300047,Mesa SE,2017-12-11 20:23:15.195002
2013-06-16,02:15,56.8,56.6,40.6,54.4,0.0,NE@5.2,6.4,74.9,0.0,0,"Mesa SE, Franklin County",300047,Mesa SE,2017-12-11 20:23:15.195002
2013-06-16,02:30,57.4,57.5,40.9,54.0,0.0,N@6.1,8.2,74.7,0.0,0,"Mesa SE, Franklin County",300047,Mesa SE,2017-12-11 20:23:15.195002
2013-06-16,02:45,56.9,56.6,40.9,55.0,0.0,NE@4.6,6.0,74.5,0.0,0,"Mesa SE, Franklin County",300047,Mesa SE,2017-12-11 20:23:15.195002
2013-06-16,03:00,57.0,57.1,41.3,55.4,0.0,N@4.3,5.3,74.3,0.0,0,"Mesa SE, Franklin County",300047,Mesa SE,2017-12-11 20:23:15.195002
2013-06-16,03:15,57.8,57.7,41.4,54.3,0.0,N@3.5,6.7,74.1,0.0,0,"Mesa SE, Franklin County",300047,Mesa SE,2017-12-11 20:23:15.195002
2013-06-16,03:30,59.2,59.1,41.2,51.1,0.0,N@6.0,7.8,73.9,0.0,0,"Mesa SE, Franklin County",300047,Mesa SE,2017-12-11 20:23:15.195002
2013-06-16,03:45,59.3,59.1,41.5,51.7,0.0,N@4.2,7.4,73.8,0.0,0,"Mesa SE, Franklin County",300047,Mesa SE,2017-12-11 20:23:15.195002
2013-06-16,04:00,59.9,59.9,41.8,51.1,0.0,NE@2.0,4.2,73.6,0.0,2,"Mesa SE, Franklin County",300047,Mesa SE,2017-12-11 20:23:15.195002
2013-06-16,04:15,59.0,58.6,42.1,53.5,0.0,W@3.5,6.4,73.4,0.0,7,"Mesa SE, Franklin County",300047,Mesa SE,2017-12-11 20:23:15.195002
2013-06-16,04:30,57.8,57.6,45.6,63.7,0.0,NW@3.8,5.7,73.2,0.0,12,"Mesa SE, Franklin County",300047,Mesa SE,2017-12-11 20:23:15.195002
2013-06-16,04:45,57.2,57.1,47.1,68.7,0.0,N@3.2,4.6,73.1,0.0,16,"Mesa SE, Franklin County",300047,Mesa SE,2017-12-11 20:23:15.195002
2013-06-16,05:00,56.8,56.5,46.6,68.6,0.0,NE@3.2,4.9,72.9,0.0,25,"Mesa SE, Franklin County",300047,Mesa SE,2017-12-11 20:23:15.195002
2013-06-16,05:15,57.5,57.5,46.1,65.5,0.0,NE@4.8,7.4,72.7,0.0,52,"Mesa SE, Franklin County",300047,Mesa SE,2017-12-11 20:23:15.195002
2013-06-16,05:30,59.7,59.8,46.6,61.6,0.0,NE@5.1,7.4,72.6,0.0,90,"Mesa SE, Franklin County",300047,Mesa SE,2017-12-11 20:23:15.195002
2013-06-16,05:45,61.5,61.5,47.3,59.5,0.0,N@6.7,9.2,72.4,0.0,66,"Mesa SE, Franklin County",300047,Mesa SE,2017-12-11 20:23:15.195002
2013-06-16,06:00,61.7,61.7,46.9,58.1,0.0,N@8.2,12.4,72.3,0.0,70,"Mesa SE, Franklin County",300047,Mesa SE,2017-12-11 20:23:15.195002
2013-06-16,06:15,64.2,64.4,46.8,53.0,0.0,N@10.5,14.2,72.1,0.0,273,"Mesa SE, Franklin County",300047,Mesa SE,2017-12-11 20:23:15.195002
2013-06-16,06:30,67.2,67.2,45.7,45.8,0.0,N@11.3,15.3,72.0,0.0,376,"Mesa SE, Franklin County",300047,Mesa SE,2017-12-11 20:23:15.195002
2013-06-16,06:45,69.7,69.4,45.3,41.5,0.0,NE@11.9,17.5,71.8,0.0,455,"Mesa SE, Franklin County",300047,Mesa SE,2017-12-11 20:23:15.195002
2013-06-16,07:00,69.5,69.2,46.1,43.0,0.0,NE@11.1,14.6,71.7,0.0,321,"Mesa SE, Franklin County",300047,Mesa SE,2017-12-11 20:23:15.195002
2013-06-16,07:15,70.2,70.2,45.0,40.2,0.0,NE@10.6,13.9,71.6,0.0,231,"Mesa SE, Franklin County",300047,Mesa SE,2017-12-11 20:23:15.195002
2013-06-16,07:30,72.6,72.3,44.9,37.1,0.0,NE@10.2,14.2,71.5,0.0,533,"Mesa SE, Franklin County",300047,Mesa SE,2017-12-11 20:23:15.195002
2013-06-16,07:45,75.1,74.8,45.4,34.8,0.0,NE@7.7,11.0,71.4,0.0,533,"Mesa SE, Franklin County",300047,Mesa SE,2017-12-11 20:23:15.195002
2013-06-16,08:00,77.5,77.2,44.8,31.3,0.0,NE@6.1,9.6,71.4,0.0,634,"Mesa SE, Franklin County",300047,Mesa SE,2017-12-11 20:23:15.195002
2013-06-16,08:15,77.2,76.8,44.3,30.9,0.0,NE@5.1,8.9,71.4,0.0,257,"Mesa SE, Franklin County",300047,Mesa SE,2017-12-11 20:23:15.195002
2013-06-16,08:30,77.8,77.8,45.7,32.0,0.0,SE@4.6,7.4,71.4,0.0,649,"Mesa SE, Franklin County",300047,Mesa SE,2017-12-11 20:23:15.195002
2013-06-16,08:45,79.3,79.0,44.9,29.6,0.0,S@5.6,9.2,71.4,0.0,750,"Mesa SE, Franklin County",300047,Mesa SE,2017-12-11 20:23:15.195002
2013-06-16,09:00,80.3,80.2,44.2,28.0,0.0,SE@3.6,6.7,71.5,0.0,760,"Mesa SE, Franklin County",300047,Mesa SE,2017-12-11 20:23:15.195002
2013-06-16,09:15,81.5,81.3,44.9,27.5,0.0,SE@5.3,8.9,71.6,0.0,791,"Mesa SE, Franklin County",300047,Mesa SE,2017-12-11 20:23:15.195002
2013-06-16,09:30,81.3,80.9,45.9,28.9,0.0,SW@5.0,8.9,71.7,0.0,824,"Mesa SE, Franklin County",300047,Mesa SE,2017-12-11 20:23:15.195002
2013-06-16,09:45,81.3,81.2,48.4,31.7,0.0,NW@5.9,9.6,71.9,0.0,562,"Mesa SE, Franklin County",300047,Mesa SE,2017-12-11 20:23:15.195002
2013-06-16,10:00,81.3,81.3,48.3,31.6,0.0,NW@6.4,9.9,72.1,0.0,733,"Mesa SE, Franklin County",300047,Mesa SE,2017-12-11 20:23:15.195002
2013-06-16,10:15,82.6,82.3,50.3,32.5,0.0,NW@8.1,12.8,72.4,0.0,913,"Mesa SE, Franklin County",300047,Mesa SE,2017-12-11 20:23:15.195002
2013-06-16,10:30,82.9,82.8,51.2,33.3,0.0,W@8.2,11.4,72.7,0.0,899,"Mesa SE, Franklin County",300047,Mesa SE,2017-12-11 20:23:15.195002
2013-06-16,10:45,83.2,83.1,50.7,32.4,0.0,NW@9.2,14.2,73.0,0.0,797,"Mesa SE, Franklin County",300047,Mesa SE,2017-12-11 20:23:15.195002
2013-06-16,11:00,85.3,85.1,50.1,29.7,0.0,NW@9.3,14.2,73.3,0.0,952,"Mesa SE, Franklin County",300047,Mesa SE,2017-12-11 20:23:15.195002
2013-06-16,11:15,84.9,84.6,49.6,29.4,0.0,NW@10.4,14.2,73.7,0.0,878,"Mesa SE, Franklin County",300047,Mesa SE,2017-12-11 20:23:15.195002
2013-06-16,11:30,85.0,84.8,49.5,29.3,0.0,NW@10.1,14.2,74.1,0.0,790,"Mesa SE, Franklin County",300047,Mesa SE,2017-12-11 20:23:15.195002
2013-06-16,11:45,86.2,86.1,49.6,28.3,0.0,NW@10.5,15.3,74.5,0.0,913,"Mesa SE, Franklin County",300047,Mesa SE,2017-12-11 20:23:15.195002
2013-06-16,12:00,86.7,86.5,49.5,27.8,0.0,NW@11.4,16.4,74.9,0.0,924,"Mesa SE, Franklin County",300047,Mesa SE,2017-12-11 20:23:15.195002
2013-06-16,12:15,87.9,87.8,48.5,25.7,0.0,NW@12.2,17.8,75.3,0.0,939,"Mesa SE, Franklin County",300047,Mesa SE,2017-12-11 20:23:15.195002
2013-06-16,12:30,88.7,88.5,47.9,24.5,0.0,NW@13.0,18.5,75.7,0.0,811,"Mesa SE, Franklin County",300047,Mesa SE,2017-12-11 20:23:15.195002
2013-06-16,12:45,88.7,88.5,46.8,23.6,0.0,NW@12.1,18.2,76.2,0.0,639,"Mesa SE, Franklin County",300047,Mesa SE,2017-12-11 20:23:15.195002
2013-06-16,13:00,89.2,89.2,46.5,22.9,0.0,NW@12.5,17.5,76.6,0.0,911,"Mesa SE, Franklin County",300047,Mesa SE,2017-12-11 20:23:15.195002
2013-06-16,13:15,90.6,90.4,46.9,22.2,0.0,NW@11.6,18.9,77.0,0.0,881,"Mesa SE, Franklin County",300047,Mesa SE,2017-12-11 20:23:15.195002
2013-06-16,13:30,90.2,90.0,46.4,22.1,0.0,NW@13.1,18.5,77.4,0.0,829,"Mesa SE, Franklin County",300047,Mesa SE,2017-12-11 20:23:15.195002
2013-06-16,13:45,90.6,90.6,45.3,20.9,0.0,NW@11.4,16.0,77.8,0.0,809,"Mesa SE, Franklin County",300047,Mesa SE,2017-12-11 20:23:15.195002
2013-06-16,14:00,90.8,90.5,45.7,21.1,0.0,NW@12.0,17.5,78.2,0.0,604,"Mesa SE, Franklin County",300047,Mesa SE,2017-12-11 20:23:15.195002
2013-06-16,14:15,90.4,90.5,45.6,21.3,0.0,NW@11.1,15.3,78.5,0.0,714,"Mesa SE, Franklin County",300047,Mesa SE,2017-12-11 20:23:15.195002
2013-06-16,14:30,91.2,91.0,44.6,20.0,0.0,NW@9.5,16.0,78.9,0.0,740,"Mesa SE, Franklin County",300047,Mesa SE,2017-12-11 20:23:15.195002
2013-06-16,14:45,91.4,91.2,45.3,20.5,0.0,NW@10.3,15.3,79.2,0.0,605,"Mesa SE, Franklin County",300047,Mesa SE,2017-12-11 20:23:15.195002
2013-06-16,15:00,90.4,90.3,46.3,21.9,0.0,NW@10.5,15.0,79.4,0.0,444,"Mesa SE, Franklin County",300047,Mesa SE,2017-12-11 20:23:15.195002
2013-06-16,15:15,91.2,91.2,46.5,21.5,0.0,NW@10.6,14.2,79.6,0.0,694,"Mesa SE, Franklin County",300047,Mesa SE,2017-12-11 20:23:15.195002
2013-06-16,15:30,92.1,91.9,45.3,20.0,0.0,NW@10.7,15.3,79.8,0.0,652,"Mesa SE, Franklin County",300047,Mesa SE,2017-12-11 20:23:15.195002
2013-06-16,15:45,91.7,91.5,45.1,20.1,0.0,NW@11.0,15.0,80.0,0.0,678,"Mesa SE, Franklin County",300047,Mesa SE,2017-12-11 20:23:15.195002
2013-06-16,16:00,92.0,91.9,45.2,20.0,0.0,NW@10.8,15.0,80.2,0.0,626,"Mesa SE, Franklin County",300047,Mesa SE,2017-12-11 20:23:15.195002
2013-06-16,16:15,91.9,91.8,45.0,19.9,0.0,NW@10.3,15.3,80.3,0.0,565,"Mesa SE, Franklin County",300047,Mesa SE,2017-12-11 20:23:15.195002
2013-06-16,16:30,91.7,91.6,45.8,20.6,0.0,NW@10.7,14.6,80.5,0.0,538,"Mesa SE, Franklin County",300047,Mesa SE,2017-12-11 20:23:15.195002
2013-06-16,16:45,91.2,91.1,44.9,20.2,0.0,NW@10.1,14.2,80.6,0.0,422,"Mesa SE, Franklin County",300047,Mesa SE,2017-12-11 20:23:15.195002
2013-06-16,17:00,89.2,89.1,45.7,22.2,0.0,NW@8.7,12.8,80.8,0.0,209,"Mesa SE, Franklin County",300047,Mesa SE,2017-12-11 20:23:15.195002
2013-06-16,17:15,88.9,88.9,47.6,24.1,0.0,NW@8.7,11.4,80.9,0.0,256,"Mesa SE, Franklin County",300047,Mesa SE,2017-12-11 20:23:15.195002
2013-06-16,17:30,87.9,87.9,48.0,25.2,0.0,NW@7.8,10.3,81.1,0.0,177,"Mesa SE, Franklin County",300047,Mesa SE,2017-12-11 20:23:15.195002
2013-06-16,17:45,87.3,87.3,47.8,25.5,0.0,NW@7.5,10.3,81.2,0.0,162,"Mesa SE, Franklin County",300047,Mesa SE,2017-12-11 20:23:15.195002
2013-06-16,18:00,87.2,87.2,48.6,26.4,0.0,NW@6.5,8.9,81.4,0.0,160,"Mesa SE, Franklin County",300047,Mesa SE,2017-12-11 20:23:15.195002
2013-06-16,18:15,86.2,86.1,50.6,29.4,0.0,NW@4.9,7.1,81.5,0.0,121,"Mesa SE, Franklin County",300047,Mesa SE,2017-12-11 20:23:15.195002
2013-06-16,18:30,85.1,85.0,51.3,31.3,0.0,N@5.1,7.8,81.6,0.0,90,"Mesa SE, Franklin County",300047,Mesa SE,2017-12-11 20:23:15.195002
2013-06-16,18:45,83.9,83.8,51.8,33.0,0.0,NW@4.2,6.4,81.6,0.0,65,"Mesa SE, Franklin County",300047,Mesa SE,2017-12-11 20:23:15.195002
2013-06-16,19:00,81.7,81.5,55.4,40.5,0.0,NW@3.0,5.3,81.6,0.0,70,"Mesa SE, Franklin County",300047,Mesa SE,2017-12-11 20:23:15.195002
2013-06-16,19:15,81.2,81.0,54.3,39.7,0.0,NW@3.7,5.7,81.7,0.0,56,"Mesa SE, Franklin County",300047,Mesa SE,2017-12-11 20:23:15.195002
2013-06-16,19:30,79.8,79.7,53.7,40.5,0.0,N@1.9,2.8,81.7,0.0,32,"Mesa SE, Franklin County",300047,Mesa SE,2017-12-11 20:23:15.195002
2013-06-16,19:45,79.4,79.1,52.6,39.4,0.0,NW@1.3,3.1,81.7,0.0,11,"Mesa SE, Franklin County",300047,Mesa SE,2017-12-11 20:23:15.195002
2013-06-16,20:00,79.2,79.2,51.4,37.9,0.0,SE@2.2,4.9,81.6,0.0,2,"Mesa SE, Franklin County",300047,Mesa SE,2017-12-11 20:23:15.195002
2013-06-16,20:15,80.7,80.8,48.7,32.7,0.0,W@3.3,4.9,81.6,0.0,0,"Mesa SE, Franklin County",300047,Mesa SE,2017-12-11 20:23:15.195002
2013-06-16,20:30,80.1,79.7,49.0,33.7,0.0,SW@4.6,11.4,81.5,0.0,0,"Mesa SE, Franklin County",300047,Mesa SE,2017-12-11 20:23:15.195002
2013-06-16,20:45,77.8,77.9,51.6,40.0,0.0,S@5.1,12.1,81.4,0.0,0,"Mesa SE, Franklin County",300047,Mesa SE,2017-12-11 20:23:15.195002
2013-06-16,21:00,78.6,78.5,49.9,36.6,0.0,W@2.0,3.5,81.3,0.0,0,"Mesa SE, Franklin County",300047,Mesa SE,2017-12-11 20:23:15.195002
2013-06-16,21:15,76.4,76.0,50.7,40.5,0.0,W@7.9,15.7,81.2,0.0,0,"Mesa SE, Franklin County",300047,Mesa SE,2017-12-11 20:23:15.195002
2013-06-16,21:30,74.2,74.1,51.2,44.4,0.0,W@8.5,12.4,81.1,0.0,0,"Mesa SE, Franklin County",300047,Mesa SE,2017-12-11 20:23:15.195002
2013-06-16,21:45,72.8,72.7,51.4,47.0,0.0,W@6.4,11.7,81.0,0.0,0,"Mesa SE, Franklin County",300047,Mesa SE,2017-12-11 20:23:15.195002
2013-06-16,22:00,71.4,71.2,51.7,49.7,0.0,NW@2.8,6.0,80.9,0.0,0,"Mesa SE, Franklin County",300047,Mesa SE,2017-12-11 20:23:15.195002
2013-06-16,22:15,71.5,71.4,51.7,49.7,0.0,W@3.0,7.4,80.7,0.0,0,"Mesa SE, Franklin County",300047,Mesa SE,2017-12-11 20:23:15.195002
2013-06-16,22:30,72.5,72.5,51.9,48.3,0.0,W@5.8,11.0,80.6,0.0,0,"Mesa SE, Franklin County",300047,Mesa SE,2017-12-11 20:23:15.195002
2013-06-16,22:45,72.2,72.1,52.2,49.2,0.0,SW@6.0,9.9,80.4,0.0,0,"Mesa SE, Franklin County",300047,Mesa SE,2017-12-11 20:23:15.195002
2013-06-16,23:00,71.5,71.4,52.5,51.2,0.0,SW@7.5,10.7,80.2,0.0,0,"Mesa SE, Franklin County",300047,Mesa SE,2017-12-11 20:23:15.195002
2013-06-17,23:15,71.4,71.5,52.6,51.5,0.0,SW@7.2,10.3,80.1,0.0,0,"Mesa SE, Franklin County",300047,Mesa SE,2017-12-11 20:23:15.195002
2013-06-17,23:30,71.9,71.9,52.7,50.9,0.0,W@9.3,13.5,79.9,0.0,0,"Mesa SE, Franklin County",300047,Mesa SE,2017-12-11 20:23:15.195002
2013-06-17,23:45,71.2,71.2,53.2,52.9,0.0,NW@8.7,12.4,79.7,0.0,0,"Mesa SE, Franklin County",300047,Mesa SE,2017-12-11 20:23:15.195002
2013-06-17,24:00,71.6,71.7,52.9,51.6,0.0,NW@6.9,11.4,79.5,0.0,0,"Mesa SE, Franklin County",300047,Mesa SE,2017-12-11 20:23:15.195002
2013-06-17,00:15,71.4,71.3,52.6,51.4,0.0,SW@4.3,7.8,79.4,0.0,0,"Mesa SE, Franklin County",300047,Mesa SE,2017-12-11 20:23:15.195002
2013-06-17,00:30,69.7,69.4,53.7,56.7,0.0,SE@5.9,12.8,79.2,0.0,0,"Mesa SE, Franklin County",300047,Mesa SE,2017-12-11 20:23:15.195002
2013-06-17,00:45,69.1,69.0,52.9,56.4,0.0,S@6.0,8.9,79.0,0.0,0,"Mesa SE, Franklin County",300047,Mesa SE,2017-12-11 20:23:15.195002
2013-06-17,01:00,65.9,65.5,54.2,65.8,0.0,S@7.1,9.9,78.8,0.0,0,"Mesa SE, Franklin County",300047,Mesa SE,2017-12-11 20:23:15.195002
2013-06-17,01:15,62.9,62.6,54.4,73.8,0.0,SE@6.0,8.9,78.7,0.0,0,"Mesa SE, Franklin County",300047,Mesa SE,2017-12-11 20:23:15.195002
2013-06-17,01:30,62.0,62.0,54.3,75.7,0.0,SE@7.0,9.2,78.5,0.0,0,"Mesa SE, Franklin County",300047,Mesa SE,2017-12-11 20:23:15.195002
2013-06-17,01:45,62.6,62.5,53.9,73.3,0.0,S@7.1,9.6,78.4,0.0,0,"Mesa SE, Franklin County",300047,Mesa SE,2017-12-11 20:23:15.195002
2013-06-17,02:00,62.3,62.2,53.3,72.3,0.0,S@8.0,11.4,78.2,0.0,0,"Mesa SE, Franklin County",300047,Mesa SE,2017-12-11 20:23:15.195002
2013-06-17,02:15,61.8,61.7,52.7,72.1,0.0,S@8.5,12.1,78.1,0.0,0,"Mesa SE, Franklin County",300047,Mesa SE,2017-12-11 20:23:15.195002
2013-06-17,02:30,61.6,61.5,52.6,72.2,0.0,S@8.1,11.0,77.9,0.0,0,"Mesa SE, Franklin County",300047,Mesa SE,2017-12-11 20:23:15.195002
2013-06-17,02:45,61.0,60.8,52.5,73.6,0.0,S@8.3,10.7,77.7,0.0,0,"Mesa SE, Franklin County",300047,Mesa SE,2017-12-11 20:23:15.195002
2013-06-17,03:00,60.4,60.3,52.4,74.9,0.0,S@8.0,10.7,77.5,0.0,0,"Mesa SE, Franklin County",300047,Mesa SE,2017-12-11 20:23:15.195002
2013-06-17,03:15,60.2,60.2,52.2,74.6,0.0,SE@7.3,10.3,77.4,0.0,0,"Mesa SE, Franklin County",300047,Mesa SE,2017-12-11 20:23:15.195002
2013-06-17,03:30,60.8,60.8,52.0,72.5,0.0,S@6.8,11.0,77.2,0.0,0,"Mesa SE, Franklin County",300047,Mesa SE,2017-12-11 20:23:15.195002
2013-06-17,03:45,60.8,60.8,52.0,72.6,0.0,S@8.0,11.0,77.0,0.0,0,"Mesa SE, Franklin County",300047,Mesa SE,2017-12-11 20:23:15.195002
2013-06-17,04:00,60.6,60.5,52.1,73.5,0.0,S@6.9,9.2,76.8,0.0,1,"Mesa SE, Franklin County",300047,Mesa SE,2017-12-11 20:23:15.195002
2013-06-17,04:15,60.5,60.5,52.0,73.4,0.0,S@7.6,10.3,76.7,0.0,4,"Mesa SE, Franklin County",300047,Mesa SE,2017-12-11 20:23:15.195002
2013-06-17,04:30,60.2,60.1,51.8,73.7,0.0,S@6.9,10.3,76.5,0.0,13,"Mesa SE, Franklin County",300047,Mesa SE,2017-12-11 20:23:15.195002
2013-06-17,04:45,59.9,59.8,51.8,74.5,0.0,S@7.7,10.3,76.3,0.0,20,"Mesa SE, Franklin County",300047,Mesa SE,2017-12-11 20:23:15.195002
2013-06-17,05:00,59.4,59.3,51.8,75.8,0.0,S@7.3,10.3,76.1,0.0,27,"Mesa SE, Franklin County",300047,Mesa SE,2017-12-11 20:23:15.195002
2013-06-17,05:15,59.5,59.4,52.1,76.4,0.0,S@7.4,9.9,76.0,0.0,80,"Mesa SE, Franklin County",300047,Mesa SE,2017-12-11 20:23:15.195002
2013-06-17,05:30,61.4,61.4,52.5,72.5,0.0,S@7.7,10.7,75.8,0.0,157,"Mesa SE, Franklin County",300047,Mesa SE,2017-12-11 20:23:15.195002
2013-06-17,05:45,62.8,62.9,52.5,69.0,0.0,S@8.0,11.4,75.6,0.0,165,"Mesa SE, Franklin County",300047,Mesa SE,2017-12-11 20:23:15.195002
2013-06-17,06:00,64.1,64.1,52.5,66.0,0.0,S@9.4,12.1,75.5,0.0,231,"Mesa SE, Franklin County",300047,Mesa SE,2017-12-11 20:23:15.195002
2013-06-17,06:15,64.7,64.7,52.6,64.8,0.0,S@8.8,13.5,75.3,0.0,230,"Mesa SE, Franklin County",300047,Mesa SE,2017-12-11 20:23:15.195002
2013-06-17,06:30,66.4,66.3,52.7,61.3,0.0,S@9.7,13.2,75.2,0.0,344,"Mesa SE, Franklin County",300047,Mesa SE,2017-12-11 20:23:15.195002
2013-06-17,06:45,67.7,67.6,52.7,58.6,0.0,S@10.6,14.2,75.0,0.0,379,"Mesa SE, Franklin County",300047,Mesa SE,2017-12-11 20:23:15.195002
2013-06-17,07:00,68.2,67.9,52.9,58.1,0.0,S@10.7,15.7,74.9,0.0,374,"Mesa SE, Franklin County",300047,Mesa SE,2017-12-11 20:23:15.195002
2013-06-17,07:15,68.0,67.9,53.4,59.3,0.0,S@9.3,13.5,74.7,0.0,335,"Mesa SE, Franklin County",300047,Mesa SE,2017-12-11 20:23:15.195002
2013-06-17,07:30,68.5,68.3,53.4,58.4,0.0,S@9.5,12.8,74.6,0.0,250,"Mesa SE, Franklin County",300047,Mesa SE,2017-12-11 20:23:15.195002
2013-06-17,07:45,69.1,69.0,54.0,58.4,0.0,S@10.1,13.5,74.6,0.0,389,"Mesa SE, Franklin County",300047,Mesa SE,2017-12-11 20:23:15.195002
2013-06-17,08:00,70.3,70.1,54.2,56.7,0.0,S@10.7,14.2,74.5,0.0,370,"Mesa SE, Franklin County",300047,Mesa SE,2017-12-11 20:23:15.195002
2013-06-17,08:15,71.5,71.4,54.5,54.8,0.0,S@10.5,14.2,74.5,0.0,590,"Mesa SE, Franklin County",300047,Mesa SE,2017-12-11 20:23:15.195002
2013-06-17,08:30,72.8,72.6,53.8,51.3,0.0,S@10.4,14.2,74.4,0.0,648,"Mesa SE, Franklin County",300047,Mesa SE,2017-12-11 20:23:15.195002
2013-06-17,08:45,73.9,73.8,52.7,47.5,0.0,S@10.0,13.2,74.4,0.0,693,"Mesa SE, Franklin County",300047,Mesa SE,2017-12-11 20:23:15.195002
2013-06-17,09:00,75.0,74.7,51.4,43.6,0.0,S@9.3,13.5,74.5,0.0,727,"Mesa SE, Franklin County",300047,Mesa SE,2017-12-11 20:23:15.195002
2013-06-17,09:15,76.4,76.2,50.2,39.7,0.0,S@8.5,13.2,74.5,0.0,847,"Mesa SE, Franklin County",300047,Mesa SE,2017-12-11 20:23:15.195002
2013-06-17,09:30,77.4,77.0,49.3,37.3,0.0,S@8.8,12.4,74.5,0.0,821,"Mesa SE, Franklin County",300047,Mesa SE,2017-12-11 20:23:15.195002
2013-06-17,09:45,77.6,77.3,51.2,39.7,0.0,SW@8.8,14.2,74.7,0.0,792,"Mesa SE, Franklin County",300047,Mesa SE,2017-12-11 20:23:15.195002
2013-06-17,10:00,77.7,77.3,50.4,38.5,0.0,SW@8.5,13.5,74.8,0.0,874,"Mesa SE, Franklin County",300047,Mesa SE,2017-12-11 20:23:15.195002
2013-06-17,10:15,77.7,77.4,50.6,38.7,0.0,S@8.1,13.5,74.9,0.0,895,"Mesa SE, Franklin County",300047,Mesa SE,2017-12-11 20:23:15.195002
2013-06-17,10:30,78.7,78.5,46.7,32.4,0.0,SW@8.2,12.8,75.1,0.0,939,"Mesa SE, Franklin County",300047,Mesa SE,2017-12-11 20:23:15.195002
2013-06-17,10:45,79.5,79.2,47.5,32.5,0.0,S@7.6,13.5,75.4,0.0,960,"Mesa SE, Franklin County",300047,Mesa SE,2017-12-11 20:23:15.195002
2013-06-17,11:00,80.2,80.0,45.6,29.6,0.0,SW@8.1,12.4,75.6,0.0,952,"Mesa SE, Franklin County",300047,Mesa SE,2017-12-11 20:23:15.195002
2013-06-17,11:15,80.9,80.7,44.7,27.9,0.0,S@8.2,13.5,75.9,0.0,958,"Mesa SE, Franklin County",300047,Mesa SE,2017-12-11 20:23:15.195002
2013-06-17,11:30,81.4,81.2,45.1,27.8,0.0,SW@8.2,13.2,76.3,0.0,979,"Mesa SE, Franklin County",300047,Mesa SE,2017-12-11 20:23:15.195002
2013-06-17,11:45,81.6,81.2,44.3,26.9,0.0,S@7.7,12.8,76.6,0.0,987,"Mesa SE, Franklin County",300047,Mesa SE,2017-12-11 20:23:15.195002
2013-06-17,12:00,81.7,81.5,44.9,27.5,0.0,SW@7.4,13.5,77.0,0.0,979,"Mesa SE, Franklin County",300047,Mesa SE,2017-12-11 20:23:15.195002
2013-06-17,12:15,82.2,81.9,45.7,27.7,0.0,S@7.5,15.3,77.4,0.0,980,"Mesa SE, Franklin County",300047,Mesa SE,2017-12-11 20:23:15.195002
2013-06-17,12:30,83.3,83.0,45.6,26.7,0.0,S@7.4,13.9,77.8,0.0,949,"Mesa SE, Franklin County",300047,Mesa SE,2017-12-11 20:23:15.195002
2013-06-17,12:45,83.3,83.0,45.6,26.8,0.0,SW@7.5,13.2,78.2,0.0,923,"Mesa SE, Franklin County",300047,Mesa SE,2017-12-11 20:23:15.195002
2013-06-17,13:00,83.9,83.7,45.4,26.0,0.0,SW@8.0,13.2,78.6,0.0,934,"Mesa SE, Franklin County",300047,Mesa SE,2017-12-11 20:23:15.195002
2013-06-17,13:15,84.3,84.1,45.6,25.8,0.0,SW@7.6,11.7,79.1,0.0,895,"Mesa SE, Franklin County",300047,Mesa SE,2017-12-11 20:23:15.195002
2013-06-17,13:30,84.4,84.2,45.5,25.7,0.0,W@6.5,13.2,79.5,0.0,886,"Mesa SE, Franklin County",300047,Mesa SE,2017-12-11 20:23:15.195002
2013-06-17,13:45,84.1,83.7,44.7,25.1,0.0,SW@6.4,10.7,79.9,0.0,833,"Mesa SE, Franklin County",300047,Mesa SE,2017-12-11 20:23:15.195002
2013-06-17,14:00,84.4,84.0,44.2,24.5,0.0,SE@4.2,8.5,80.3,0.0,853,"Mesa SE, Franklin County",300047,Mesa SE,2017-12-11 20:23:15.195002
2013-06-17,14:15,84.4,84.3,44.7,24.9,0.0,SE@4.9,9.6,80.7,0.0,748,"Mesa SE, Franklin County",300047,Mesa SE,2017-12-11 20:23:15.195002
2013-06-17,14:30,84.4,84.1,44.2,24.4,0.0,SE@4.0,7.8,81.1,0.0,657,"Mesa SE, Franklin County",300047,Mesa SE,2017-12-11 20:23:15.195002
2013-06-17,14:45,84.5,84.3,45.5,25.6,0.0,E@4.9,8.9,81.4,0.0,663,"Mesa SE, Franklin County",300047,Mesa SE,2017-12-11 20:23:15.195002
2013-06-17,15:00,84.2,83.8,45.1,25.4,0.0,E@3.7,6.4,81.6,0.0,572,"Mesa SE, Franklin County",300047,Mesa SE,2017-12-11 20:23:15.195002
2013-06-17,15:15,85.4,85.4,45.7,25.1,0.0,NW@4.4,9.2,81.8,0.0,674,"Mesa SE, Franklin County",300047,Mesa SE,2017-12-11 20:23:15.195002
2013-06-17,15:30,85.0,84.6,46.7,26.4,0.0,NW@4.9,9.2,82.0,0.0,379,"Mesa SE, Franklin County",300047,Mesa SE,2017-12-11 20:23:15.195002
2013-06-17,15:45,83.2,83.1,46.5,27.8,0.0,W@4.2,7.4,82.1,0.0,318,"Mesa SE, Franklin County",300047,Mesa SE,2017-12-11 20:23:15.195002
2013-06-17,16:00,84.1,84.1,46.7,27.1,0.0,NW@4.5,9.2,82.2,0.0,374,"Mesa SE, Franklin County",300047,Mesa SE,2017-12-11 20:23:15.195002
2013-06-17,16:15,84.2,84.1,47.0,27.3,0.0,NW@4.7,7.4,82.3,0.0,299,"Mesa SE, Franklin County",300047,Mesa SE,2017-12-11 20:23:15.195002
2013-06-17,16:30,85.3,85.3,46.5,25.9,0.0,N@6.5,9.6,82.4,0.0,496,"Mesa SE, Franklin County",300047,Mesa SE,2017-12-11 20:23:15.195002
2013-06-17,16:45,84.5,84.2,45.9,26.0,0.0,N@5.8,8.2,82.5,0.0,275,"Mesa SE, Franklin County",300047,Mesa SE,2017-12-11 20:23:15.195002
2013-06-17,17:00,83.3,83.3,45.6,26.7,0.0,N@6.0,9.2,82.6,0.0,165,"Mesa SE, Franklin County",300047,Mesa SE,2017-12-11 20:23:15.195002
2013-06-17,17:15,83.0,83.0,45.0,26.3,0.0,N@5.7,7.8,82.6,0.0,145,"Mesa SE, Franklin County",300047,Mesa SE,2017-12-11 20:23:15.195002
2013-06-17,17:30,82.6,82.4,45.2,26.9,0.0,N@3.6,8.5,82.7,0.0,49,"Mesa SE, Franklin County",300047,Mesa SE,2017-12-11 20:23:15.195002
2013-06-17,17:45,82.0,81.9,46.8,29.1,0.0,NW@5.8,8.9,82.8,0.0,96,"Mesa SE, Franklin County",300047,Mesa SE,2017-12-11 20:23:15.195002
2013-06-17,18:00,80.9,80.6,53.4,38.5,0.0,NW@9.5,20.0,82.8,0.0,270,"Mesa SE, Franklin County",300047,Mesa SE,2017-12-11 20:23:15.195002
2013-06-17,18:15,76.9,76.4,52.5,42.6,0.0,W@13.5,21.4,82.8,0.0,297,"Mesa SE, Franklin County",300047,Mesa SE,2017-12-11 20:23:15.195002
2013-06-17,18:30,75.0,74.7,53.4,46.9,0.02,W@11.9,16.7,82.9,0.0,130,"Mesa SE, Franklin County",300047,Mesa SE,2017-12-11 20:23:15.195002
2013-06-17,18:45,73.0,72.9,54.9,52.9,0.07,NW@10.2,14.6,82.9,0.0,86,"Mesa SE, Franklin County",300047,Mesa SE,2017-12-11 20:23:15.195002
2013-06-17,19:00,72.4,72.3,55.0,54.3,0.0,NW@8.0,11.4,82.9,0.0,45,"Mesa SE, Franklin County",300047,Mesa SE,2017-12-11 20:23:15.195002
2013-06-17,19:15,71.7,71.6,55.2,56.0,0.0,NW@7.6,11.0,82.8,0.0,33,"Mesa SE, Franklin County",300047,Mesa SE,2017-12-11 20:23:15.195002
2013-06-17,19:30,71.3,71.3,54.8,55.9,0.0,NW@6.9,11.4,82.8,0.0,22,"Mesa SE, Franklin County",300047,Mesa SE,2017-12-11 20:23:15.195002
2013-06-17,19:45,71.3,71.2,54.9,56.1,0.0,NW@6.5,9.6,82.8,0.0,8,"Mesa SE, Franklin County",300047,Mesa SE,2017-12-11 20:23:15.195002
2013-06-17,20:00,70.1,70.0,55.4,59.5,0.0,NW@7.1,10.7,82.7,0.0,2,"Mesa SE, Franklin County",300047,Mesa SE,2017-12-11 20:23:15.195002
2013-06-17,20:15,68.9,68.9,56.3,64.0,0.0,NW@5.9,8.2,82.6,0.0,0,"Mesa SE, Franklin County",300047,Mesa SE,2017-12-11 20:23:15.195002
2013-06-17,20:30,69.5,69.3,55.8,61.5,0.63,NW@5.5,8.5,82.5,0.01,0,"Mesa SE, Franklin County",300047,Mesa SE,2017-12-11 20:23:15.195002
2013-06-17,20:45,67.0,66.7,57.9,72.5,1.0,NW@2.7,6.4,82.4,0.0,0,"Mesa SE, Franklin County",300047,Mesa SE,2017-12-11 20:23:15.195002
2013-06-17,21:00,66.9,66.6,58.5,74.4,1.0,N@3.5,5.7,82.2,0.0,0,"Mesa SE, Franklin County",300047,Mesa SE,2017-12-11 20:23:15.195002
2013-06-17,21:15,66.1,66.0,58.5,76.3,0.92,N@4.3,6.4,82.1,0.0,0,"Mesa SE, Franklin County",300047,Mesa SE,2017-12-11 20:23:15.195002
2013-06-17,21:30,65.5,65.3,59.1,79.7,1.0,NE@3.2,5.3,82.0,0.0,0,"Mesa SE, Franklin County",300047,Mesa SE,2017-12-11 20:23:15.195002
2013-06-17,21:45,65.0,64.9,59.2,81.6,1.0,N@3.3,4.9,81.8,0.0,0,"Mesa SE, Franklin County",300047,Mesa SE,2017-12-11 20:23:15.195002
2013-06-17,22:00,65.2,65.0,58.8,79.9,1.0,W@2.1,4.2,81.6,0.0,0,"Mesa SE, Franklin County",300047,Mesa SE,2017-12-11 20:23:15.195002
2013-06-17,22:15,64.7,64.6,59.1,82.1,0.96,N@3.5,5.7,81.4,0.0,0,"Mesa SE, Franklin County",300047,Mesa SE,2017-12-11 20:23:15.195002
2013-06-17,22:30,65.2,65.2,57.7,76.6,0.75,N@3.7,5.7,81.2,0.0,0,"Mesa SE, Franklin County",300047,Mesa SE,2017-12-11 20:23:15.195002
2013-06-17,22:45,65.2,65.1,57.0,74.9,0.02,NW@3.7,6.0,81.0,0.0,0,"Mesa SE, Franklin County",300047,Mesa SE,2017-12-11 20:23:15.195002
2013-06-17,23:00,64.3,64.2,56.6,75.8,0.0,NW@4.8,7.4,80.8,0.0,0,"Mesa SE, Franklin County",300047,Mesa SE,2017-12-11 20:23:15.195002
2013-06-18,23:15,63.2,63.0,56.9,79.8,0.0,N@3.3,4.6,80.6,0.0,0,"Mesa SE, Franklin County",300047,Mesa SE,2017-12-11 20:23:15.195002
2013-06-18,23:30,63.1,63.0,56.9,80.2,0.0,NE@4.0,5.7,80.4,0.0,0,"Mesa SE, Franklin County",300047,Mesa SE,2017-12-11 20:23:15.195002
2013-06-18,23:45,63.0,62.8,57.0,80.9,0.01,NE@2.3,4.6,80.2,0.0,0,"Mesa SE, Franklin County",300047,Mesa SE,2017-12-11 20:23:15.195002
2013-06-18,24:00,63.2,63.0,56.7,79.3,0.5,W@1.8,4.6,80.0,0.0,0,"Mesa SE, Franklin County",300047,Mesa SE,2017-12-11 20:23:15.195002
2013-06-18,00:15,62.4,62.2,57.9,85.4,0.94,S@3.9,5.3,79.8,0.01,0,"Mesa SE, Franklin County",300047,Mesa SE,2017-12-11 20:23:15.195002
2013-06-18,00:30,61.7,61.5,58.3,88.4,1.0,SE@3.3,4.2,79.6,0.01,0,"Mesa SE, Franklin County",300047,Mesa SE,2017-12-11 20:23:15.195002
2013-06-18,00:45,61.5,61.5,58.5,89.7,0.99,SE@4.2,5.7,79.4,0.0,0,"Mesa SE, Franklin County",300047,Mesa SE,2017-12-11 20:23:15.195002
2013-06-18,01:00,62.3,62.4,57.3,83.6,0.91,SE@2.1,4.2,79.1,0.0,0,"Mesa SE, Franklin County",300047,Mesa SE,2017-12-11 20:23:15.195002
2013-06-18,01:15,62.9,62.8,56.6,79.9,0.6,S@2.8,4.2,78.9,0.0,0,"Mesa SE, Franklin County",300047,Mesa SE,2017-12-11 20:23:15.195002
2013-06-18,01:30,62.7,62.6,56.9,81.0,0.0,S@3.1,4.9,78.7,0.0,0,"Mesa SE, Franklin County",300047,Mesa SE,2017-12-11 20:23:15.195002
2013-06-18,01:45,62.0,61.8,57.2,84.3,0.0,S@2.3,3.9,78.5,0.0,0,"Mesa SE, Franklin County",300047,Mesa SE,2017-12-11 20:23:15.195002
2013-06-18,02:00,62.3,62.3,56.6,81.6,0.0,SW@4.7,7.1,78.3,0.0,0,"Mesa SE, Franklin County",300047,Mesa SE,2017-12-11 20:23:15.195002
2013-06-18,02:15,62.2,62.1,56.6,81.7,0.0,SW@4.0,7.1,78.1,0.0,0,"Mesa SE, Franklin County",300047,Mesa SE,2017-12-11 20:23:15.195002
2013-06-18,02:30,62.0,61.9,56.6,82.5,0.0,W@3.6,6.4,77.9,0.0,0,"Mesa SE, Franklin County",300047,Mesa SE,2017-12-11 20:23:15.195002
2013-06-18,02:45,62.1,62.1,56.6,81.8,0.0,SW@4.9,7.1,77.8,0.0,0,"Mesa SE, Franklin County",300047,Mesa SE,2017-12-11 20:23:15.195002
2013-06-18,03:00,62.3,62.2,56.4,80.8,0.0,SW@4.1,6.7,77.6,0.0,0,"Mesa SE, Franklin County",300047,Mesa SE,2017-12-11 20:23:15.195002
2013-06-18,03:15,61.8,61.6,55.9,81.0,0.0,SW@4.0,7.4,77.4,0.0,0,"Mesa SE, Franklin County",300047,Mesa SE,2017-12-11 20:23:15.195002
2013-06-18,03:30,61.0,60.8,55.2,81.0,0.0,S@2.5,6.0,77.2,0.0,0,"Mesa SE, Franklin County",300047,Mesa SE,2017-12-11 20:23:15.195002
2013-06-18,03:45,60.7,60.6,55.1,81.7,0.0,S@2.8,6.4,77.0,0.0,0,"Mesa SE, Franklin County",300047,Mesa SE,2017-12-11 20:23:15.195002
2013-06-18,04:00,60.3,60.1,55.1,82.9,0.0,SW@3.1,4.6,76.8,0.0,0,"Mesa SE, Franklin County",300047,Mesa SE,2017-12-11 20:23:15.195002
2013-06-18,04:15,60.1,60.0,54.7,82.4,0.0,SW@3.5,6.4,76.7,0.0,0,"Mesa SE, Franklin County",300047,Mesa SE,2017-12-11 20:23:15.195002
2013-06-18,04:30,60.2,60.0,54.4,81.2,0.0,SW@2.5,5.3,76.5,0.0,2,"Mesa SE, Franklin County",300047,Mesa SE,2017-12-11 20:23:15.195002
2013-06-18,04:45,60.0,59.9,54.5,81.9,0.11,S@3.4,5.3,76.3,0.0,3,"Mesa SE, Franklin County",300047,Mesa SE,2017-12-11 20:23:15.195002
2013-06-18,05:00,59.7,59.6,54.7,83.4,0.24,S@5.0,9.6,76.1,0.0,7,"Mesa SE, Franklin County",300047,Mesa SE,2017-12-11 20:23:15.195002
2013-06-18,05:15,59.4,59.2,54.6,84.2,0.82,S@4.3,7.8,76.0,0.0,8,"Mesa SE, Franklin County",300047,Mesa SE,2017-12-11 20:23:15.195002
2013-06-18,05:30,59.1,59.0,54.7,85.1,0.9,W@4.1,6.4,75.8,0.0,17,"Mesa SE, Franklin County",300047,Mesa SE,2017-12-11 20:23:15.195002
2013-06-18,05:45,58.4,58.2,55.2,89.2,1.0,W@4.3,7.4,75.7,0.0,16,"Mesa SE, Franklin County",300047,Mesa SE,2017-12-11 20:23:15.195002
2013-06-18,06:00,57.9,57.8,55.7,92.0,1.0,NW@3.1,4.2,75.5,0.0,16,"Mesa SE, Franklin County",300047,Mesa SE,2017-12-11 20:23:15.195002
2013-06-18,06:15,57.9,57.7,55.8,92.7,1.0,NW@2.7,3.9,75.3,0.01,21,"Mesa SE, Franklin County",300047,Mesa SE,2017-12-11 20:23:15.195002
2013-06-18,06:30,58.0,57.8,55.9,92.6,1.0,W@2.5,3.9,75.2,0.0,22,"Mesa SE, Franklin County",300047,Mesa SE,2017-12-11 20:23:15.195002
2013-06-18,06:45,57.9,57.7,56.3,94.5,1.0,SW@5.7,9.2,75.0,0.0,26,"Mesa SE, Franklin County",300047,Mesa SE,2017-12-11 20:23:15.195002
2013-06-18,07:00,57.3,57.2,56.0,95.3,1.0,SW@7.5,10.3,74.9,0.0,35,"Mesa SE, Franklin County",300047,Mesa SE,2017-12-11 20:23:15.195002
2013-06-18,07:15,57.1,57.0,55.9,95.7,1.0,SW@6.3,8.2,74.7,0.0,57,"Mesa SE, Franklin County",300047,Mesa SE,2017-12-11 20:23:15.195002
2013-06-18,07:30,57.4,57.3,56.4,96.3,1.0,SW@5.9,8.2,74.6,0.0,68,"Mesa SE, Franklin County",300047,Mesa SE,2017-12-11 20:23:15.195002
2013-06-18,07:45,57.7,57.6,56.5,95.7,1.0,S@6.2,9.6,74.5,0.0,77,"Mesa SE, Franklin County",300047,Mesa SE,2017-12-11 20:23:15.195002
2013-06-18,08:00,57.9,57.8,56.5,95.0,0.97,S@7.1,9.6,74.3,0.0,105,"Mesa SE, Franklin County",300047,Mesa SE,2017-12-11 20:23:15.195002
2013-06-18,08:15,58.3,58.2,56.8,94.7,0.92,S@5.1,7.1,74.2,0.0,117,"Mesa SE, Franklin County",300047,Mesa SE,2017-12-11 20:23:15.195002
2013-06-18,08:30,58.8,58.8,56.5,91.9,0.7,S@6.4,8.9,74.0,0.0,137,"Mesa SE, Franklin County",300047,Mesa SE,2017-12-11 20:23:15.195002
2013-06-18,08:45,59.4,59.3,55.9,88.3,0.03,S@7.5,10.7,73.9,0.0,108,"Mesa SE, Franklin County",300047,Mesa SE,2017-12-11 20:23:15.195002
2013-06-18,09:00,59.4,59.3,54.9,85.0,0.0,S@8.6,12.8,73.8,0.0,84,"Mesa SE, Franklin County",300047,Mesa SE,2017-12-11 20:23:15.195002
2013-06-18,09:15,59.2,59.1,54.9,85.5,0.0,S@7.4,11.0,73.7,0.0,87,"Mesa SE, Franklin County",300047,Mesa SE,2017-12-11 20:23:15.195002
2013-06-18,09:30,59.0,58.9,54.8,85.8,0.0,S@7.6,10.3,73.6,0.0,87,"Mesa SE, Franklin County",300047,Mesa SE,2017-12-11 20:23:15.195002
2013-06-18,09:45,59.0,58.9,55.1,87.0,0.0,S@7.0,9.6,73.5,0.0,89,"Mesa SE, Franklin County",300047,Mesa SE,2017-12-11 20:23:15.195002
2013-06-18,10:00,58.7,58.6,55.4,88.4,0.0,S@7.1,9.9,73.4,0.0,73,"Mesa SE, Franklin County",300047,Mesa SE,2017-12-11 20:23:15.195002
2013-06-18,10:15,58.6,58.5,55.9,90.5,0.0,SW@6.0,7.8,73.3,0.0,61,"Mesa SE, Franklin County",300047,Mesa SE,2017-12-11 20:23:15.195002
2013-06-18,10:30,58.7,58.7,56.3,91.5,0.0,SW@5.3,8.2,73.2,0.0,85,"Mesa SE, Franklin County",300047,Mesa SE,2017-12-11 20:23:15.195002
2013-06-18,10:45,58.9,58.8,56.3,91.0,0.0,W@4.9,7.8,73.1,0.0,97,"Mesa SE, Franklin County",300047,Mesa SE,2017-12-11 20:23:15.195002
2013-06-18,11:00,58.7,58.6,55.6,89.4,0.09,NW@7.4,11.0,73.0,0.0,94,"Mesa SE, Franklin County",300047,Mesa SE,2017-12-11 20:23:15.195002
2013-06-18,11:15,58.7,58.6,55.3,88.6,0.01,NW@6.7,9.6,72.9,0.0,130,"Mesa SE, Franklin County",300047,Mesa SE,2017-12-11 20:23:15.195002
2013-06-18,11:30,59.0,58.9,55.5,88.1,0.0,NW@5.6,7.4,72.8,0.0,141,"Mesa SE, Franklin County",300047,Mesa SE,2017-12-11 20:23:15.195002
2013-06-18,11:45,58.9,58.8,55.7,89.0,0.0,NW@5.1,7.4,72.8,0.0,100,"Mesa SE, Franklin County",300047,Mesa SE,2017-12-11 20:23:15.195002
2013-06-18,12:00,58.9,58.7,55.6,88.8,0.0,NW@5.2,7.8,72.7,0.0,113,"Mesa SE, Franklin County",300047,Mesa SE,2017-12-11 20:23:15.195002
2013-06-18,12:15,58.9,58.8,55.9,89.7,0.0,NW@5.0,6.7,72.6,0.0,110,"Mesa SE, Franklin County",300047,Mesa SE,2017-12-11 20:23:15.195002
2013-06-18,12:30,59.0,58.9,56.2,90.2,0.0,NW@4.7,6.4,72.5,0.0,121,"Mesa SE, Franklin County",300047,Mesa SE,2017-12-11 20:23:15.195002
2013-06-18,12:45,59.3,59.1,56.0,88.7,0.0,N@4.8,6.4,72.5,0.0,120,"Mesa SE, Franklin County",300047,Mesa SE,2017-12-11 20:23:15.195002
2013-06-18,13:00,59.8,59.7,56.1,87.4,0.0,N@4.7,7.1,72.4,0.0,186,"Mesa SE, Franklin County",300047,Mesa SE,2017-12-11 20:23:15.195002
2013-06-18,13:15,60.7,60.7,56.8,86.9,0.0,N@4.7,7.4,72.3,0.0,225,"Mesa SE, Franklin County",300047,Mesa SE,2017-12-11 20:23:15.195002
2013-06-18,13:30,61.2,61.1,55.2,80.6,0.0,N@5.4,7.4,72.3,0.0,259,"Mesa SE, Franklin County",300047,Mesa SE,2017-12-11 20:23:15.195002
2013-06-18,13:45,61.5,61.3,54.7,78.2,0.0,N@5.5,8.5,72.2,0.0,170,"Mesa SE, Franklin County",300047,Mesa SE,2017-12-11 20:23:15.195002
2013-06-18,14:00,61.6,61.3,54.3,77.0,0.0,N@4.6,7.8,72.2,0.0,171,"Mesa SE, Franklin County",300047,Mesa SE,2017-12-11 20:23:15.195002
2013-06-18,14:15,61.5,61.2,53.8,75.8,0.0,N@5.0,7.4,72.1,0.0,157,"Mesa SE, Franklin County",300047,Mesa SE,2017-12-11 20:23:15.195002
2013-06-18,14:30,61.1,60.9,54.7,79.3,0.0,NE@5.2,7.4,72.1,0.0,117,"Mesa SE, Franklin County",300047,Mesa SE,2017-12-11 20:23:15.195002
2013-06-18,14:45,60.8,60.7,54.7,80.3,0.0,NE@4.9,7.4,72.0,0.0,108,"Mesa SE, Franklin County",300047,Mesa SE,2017-12-11 20:23:15.195002
2013-06-18,15:00,60.9,60.8,54.7,79.8,0.0,NE@3.2,6.0,72.0,0.0,105,"Mesa SE, Franklin County",300047,Mesa SE,2017-12-11 20:23:15.195002
2013-06-18,15:15,61.4,61.1,54.6,78.3,0.0,N@1.9,4.2,72.0,0.0,127,"Mesa SE, Franklin County",300047,Mesa SE,2017-12-11 20:23:15.195002
2013-06-18,15:30,61.6,61.3,54.3,77.1,0.0,N@2.5,4.6,72.0,0.0,117,"Mesa SE, Franklin County",300047,Mesa SE,2017-12-11 20:23:15.195002
2013-06-18,15:45,61.4,61.1,54.5,78.1,0.0,E@1.5,3.5,72.0,0.0,89,"Mesa SE, Franklin County",300047,Mesa SE,2017-12-11 20:23:15.195002
2013-06-18,16:00,61.5,61.3,54.9,78.6,0.0,SE@2.0,3.1,72.0,0.0,118,"Mesa SE, Franklin County",300047,Mesa SE,2017-12-11 20:23:15.195002
2013-06-18,16:15,61.8,61.5,54.6,77.3,0.0,NE@1.3,3.1,71.9,0.0,100,"Mesa SE, Franklin County",300047,Mesa SE,2017-12-11 20:23:15.195002
2013-06-18,16:30,61.8,61.5,54.0,75.7,0.0,E@2.2,4.2,71.9,0.0,94,"Mesa SE, Franklin County",300047,Mesa SE,2017-12-11 20:23:15.195002
2013-06-18,16:45,61.7,61.5,53.9,75.3,0.0,E@2.4,3.5,71.9,0.0,101,"Mesa SE, Franklin County",300047,Mesa SE,2017-12-11 20:23:15.195002
2013-06-18,17:00,61.5,61.3,53.7,75.3,0.0,SE@2.3,3.5,71.9,0.0,62,"Mesa SE, Franklin County",300047,Mesa SE,2017-12-11 20:23:15.195002
2013-06-18,17:15,61.5,61.2,53.7,75.5,0.0,SE@2.2,3.9,71.9,0.0,44,"Mesa SE, Franklin County",300047,Mesa SE,2017-12-11 20:23:15.195002
2013-06-18,17:30,61.2,61.0,54.5,78.6,0.0,SE@2.7,3.9,71.8,0.0,33,"Mesa SE, Franklin County",300047,Mesa SE,2017-12-11 20:23:15.195002
2013-06-18,17:45,61.2,61.0,55.1,80.3,0.0,S@2.3,3.5,71.8,0.0,37,"Mesa SE, Franklin County",300047,Mesa SE,2017-12-11 20:23:15.195002
2013-06-18,18:00,61.5,61.4,55.0,79.2,0.0,S@2.6,4.2,71.8,0.0,50,"Mesa SE, Franklin County",300047,Mesa SE,2017-12-11 20:23:15.195002
2013-06-18,18:15,61.5,61.3,54.8,78.6,0.0,S@3.4,4.9,71.8,0.0,36,"Mesa SE, Franklin County",300047,Mesa SE,2017-12-11 20:23:15.195002
2013-06-18,18:30,61.5,61.4,53.9,76.1,0.0,S@2.8,3.9,71.8,0.0,49,"Mesa SE, Franklin County",300047,Mesa SE,2017-12-11 20:23:15.195002
2013-06-18,18:45,61.5,61.4,53.7,75.5,0.0,SW@3.1,4.9,71.7,0.0,45,"Mesa SE, Franklin County",300047,Mesa SE,2017-12-11 20:23:15.195002
2013-06-18,19:00,61.1,60.9,54.7,79.3,0.0,S@3.6,4.9,71.7,0.0,15,"Mesa SE, Franklin County",300047,Mesa SE,2017-12-11 20:23:15.195002
2013-06-18,19:15,60.6,60.4,55.3,82.6,0.0,S@3.5,5.7,71.7,0.0,8,"Mesa SE, Franklin County",300047,Mesa SE,2017-12-11 20:23:15.195002
2013-06-18,19:30,60.4,60.3,55.5,83.8,0.06,SW@4.4,7.4,71.6,0.0,6,"Mesa SE, Franklin County",300047,Mesa SE,2017-12-11 20:23:15.195002
2013-06-18,19:45,59.9,59.7,57.0,90.2,0.73,SW@4.6,6.4,71.6,0.0,4,"Mesa SE, Franklin County",300047,Mesa SE,2017-12-11 20:23:15.195002
2013-06-18,20:00,59.1,58.9,57.4,93.8,0.9,W@3.1,4.6,71.5,0.0,1,"Mesa SE, Franklin County",300047,Mesa SE,2017-12-11 20:23:15.195002
2013-06-18,20:15,59.1,58.9,56.4,90.9,0.99,W@1.6,3.5,71.5,0.0,0,"Mesa SE, Franklin County",300047,Mesa SE,2017-12-11 20:23:15.195002
2013-06-18,20:30,59.2,58.9,55.8,88.4,1.0,E@0.2,2.1,71.4,0.0,0,"Mesa SE, Franklin County",300047,Mesa SE,2017-12-11 20:23:15.195002
2013-06-18,20:45,58.7,58.4,56.4,92.0,1.0,E@2.9,3.5,71.4,0.0,0,"Mesa SE, Franklin County",300047,Mesa SE,2017-12-11 20:23:15.195002
2013-06-18,21:00,58.3,58.0,57.2,96.2,1.0,SE@2.6,3.9,71.3,0.0,0,"Mesa SE, Franklin County",300047,Mesa SE,2017-12-11 20:23:15.195002
2013-06-18,21:15,57.7,57.4,57.0,97.3,1.0,SE@2.2,3.5,71.2,0.0,0,"Mesa SE, Franklin County",300047,Mesa SE,2017-12-11 20:23:15.195002
2013-06-18,21:30,57.5,57.3,56.9,97.8,1.0,E@0.3,2.1,71.2,0.0,0,"Mesa SE, Franklin County",300047,Mesa SE,2017-12-11 20:23:15.195002
2013-06-18,21:45,57.0,56.6,56.1,96.7,1.0,E@1.3,3.1,71.1,0.0,0,"Mesa SE, Franklin County",300047,Mesa SE,2017-12-11 20:23:15.195002
2013-06-18,22:00,56.3,56.2,55.4,96.7,1.0,SE@2.0,3.1,71.0,0.0,0,"Mesa SE, Franklin County",300047,Mesa SE,2017-12-11 20:23:15.195002
2013-06-18,22:15,56.6,56.2,54.9,94.0,1.0,SE@2.7,3.5,70.9,0.0,0,"Mesa SE, Franklin County",300047,Mesa SE,2017-12-11 20:23:15.195002
2013-06-18,22:30,56.3,56.1,55.2,96.0,0.96,SE@0.7,2.4,70.8,0.0,0,"Mesa SE, Franklin County",300047,Mesa SE,2017-12-11 20:23:15.195002
2013-06-18,22:45,56.7,56.5,55.3,95.2,0.95,N@0.0,0.0,70.7,0.0,0,"Mesa SE, Franklin County",300047,Mesa SE,2017-12-11 20:23:15.195002
2013-06-18,23:00,56.7,56.4,55.3,95.0,0.94,E@0.3,2.1,70.6,0.0,0,"Mesa SE, Franklin County",300047,Mesa SE,2017-12-11 20:23:15.195002
2013-06-19,23:15,55.6,55.2,54.6,96.6,0.94,NE@2.7,3.5,70.5,0.0,0,"Mesa SE, Franklin County",300047,Mesa SE,2017-12-11 20:23:15.195002
2013-06-19,23:30,55.3,55.1,54.9,98.3,0.93,E@2.7,3.5,70.4,0.0,0,"Mesa SE, Franklin County",300047,Mesa SE,2017-12-11 20:23:15.195002
2013-06-19,23:45,55.6,55.5,55.2,98.2,0.93,NE@3.5,4.6,70.3,0.0,0,"Mesa SE, Franklin County",300047,Mesa SE,2017-12-11 20:23:15.195002
2013-06-19,24:00,55.7,55.5,55.0,97.3,0.91,E@3.0,4.2,70.2,0.0,0,"Mesa SE, Franklin County",300047,Mesa SE,2017-12-11 20:23:15.195002
