Date,Time PST,Air Temp °F, 2<sup>nd</sup> Air Temp °F, Dew Point °F, Rel Hum %, Leaf Wet u., Wind Dir @ Speed mph, Wind Gust mph, 8 in. Soil Tmp °F, Tot Prec in, Solar Rad W/m²,Location,Station ID,Station Name,Download Timestamp
2010-10-13,00:15,42.2,,41.6,97.5,0.9,E@1.3,3.1,58.9,0.0,0,"Wallula, Walla Walla County",300038,Wallula,2017-12-02 12:56:53.645927
2010-10-13,00:30,41.9,,41.4,98.3,0.91,E@2.5,3.5,58.8,0.0,0,"Wallula, Walla Walla County",300038,Wallula,2017-12-02 12:56:53.645927
2010-10-13,00:45,41.9,,41.6,98.8,0.92,E@2.9,4.2,58.7,0.0,0,"Wallula, Walla Walla County",300038,Wallula,2017-12-02 12:56:53.645927
2010-10-13,01:00,41.9,,41.6,99.0,0.93,E@2.6,3.9,58.6,0.0,0,"Wallula, Walla Walla County",300038,Wallula,2017-12-02 12:56:53.645927
2010-10-13,01:15,41.5,,41.2,98.8,0.94,E@2.9,3.9,58.5,0.0,0,"Wallula, Walla Walla County",300038,Wallula,2017-12-02 12:56:53.645927
2010-10-13,01:30,41.0,,40.8,99.1,0.94,E@2.8,4.2,58.4,0.0,0,"Wallula, Walla Walla County",300038,Wallula,2017-12-02 12:56:53.645927
2010-10-13,01:45,40.7,,40.5,99.1,0.95,E@2.9,4.2,58.4,0.0,0,"Wallula, Walla Walla County",300038,Wallula,2017-12-02 12:56:53.645927
2010-10-13,02:00,40.6,,40.5,99.4,1.0,E@2.8,3.9,58.3,0.0,0,"Wallula, Walla Walla County",300038,Wallula,2017-12-02 12:56:53.645927
2010-10-13,02:15,40.7,,40.4,99.1,1.0,E@2.8,3.9,58.2,0.0,0,"Wallula, Walla Walla County",300038,Wallula,2017-12-02 12:56:53.645927
2010-10-13,02:30,40.0,,39.9,99.4,1.0,E@2.8,3.9,58.1,0.0,0,"Wallula, Walla Walla County",300038,Wallula,2017-12-02 12:56:53.645927
2010-10-13,02:45,39.7,,39.6,99.7,1.0,E@3.1,4.2,58.0,0.0,0,"Wallula, Walla Walla County",300038,Wallula,2017-12-02 12:56:53.645927
2010-10-13,03:00,39.4,,39.3,99.7,1.0,E@3.1,3.9,57.9,0.0,0,"Wallula, Walla Walla County",300038,Wallula,2017-12-02 12:56:53.645927
2010-10-13,03:15,39.2,,39.1,99.7,1.0,E@3.0,3.9,57.8,0.0,0,"Wallula, Walla Walla County",300038,Wallula,2017-12-02 12:56:53.645927
2010-10-13,03:30,39.2,,39.1,99.7,1.0,SE@3.3,4.2,57.7,0.0,0,"Wallula, Walla Walla County",300038,Wallula,2017-12-02 12:56:53.645927
2010-10-13,03:45,39.1,,39.1,99.7,1.0,E@2.9,3.9,57.7,0.0,0,"Wallula, Walla Walla County",300038,Wallula,2017-12-02 12:56:53.645927
2010-10-13,04:00,38.6,,38.5,99.7,1.0,E@3.8,4.9,57.6,0.0,0,"Wallula, Walla Walla County",300038,Wallula,2017-12-02 12:56:53.645927
2010-10-13,04:15,38.0,,37.9,99.7,1.0,SE@4.1,5.7,57.5,0.0,0,"Wallula, Walla Walla County",300038,Wallula,2017-12-02 12:56:53.645927
2010-10-13,04:30,38.2,,38.1,99.7,1.0,E@3.6,5.3,57.4,0.0,0,"Wallula, Walla Walla County",300038,Wallula,2017-12-02 12:56:53.645927
2010-10-13,04:45,38.4,,38.3,99.7,1.0,E@3.4,5.3,57.3,0.0,0,"Wallula, Walla Walla County",300038,Wallula,2017-12-02 12:56:53.645927
2010-10-13,05:00,38.4,,38.3,99.6,1.0,E@3.4,4.9,57.2,0.0,0,"Wallula, Walla Walla County",300038,Wallula,2017-12-02 12:56:53.645927
2010-10-13,05:15,37.4,,37.3,99.5,1.0,E@3.0,4.2,57.1,0.0,0,"Wallula, Walla Walla County",300038,Wallula,2017-12-02 12:56:53.645927
2010-10-13,05:30,37.1,,37.0,99.7,1.0,E@3.2,4.9,57.0,0.0,0,"Wallula, Walla Walla County",300038,Wallula,2017-12-02 12:56:53.645927
2010-10-13,05:45,36.8,,36.6,99.5,1.0,E@3.1,4.6,56.9,0.0,0,"Wallula, Walla Walla County",300038,Wallula,2017-12-02 12:56:53.645927
2010-10-13,06:00,36.4,,36.3,99.5,1.0,E@2.9,3.9,56.9,0.0,0,"Wallula, Walla Walla County",300038,Wallula,2017-12-02 12:56:53.645927
2010-10-13,06:15,36.4,,36.3,99.4,1.0,E@2.7,3.9,56.8,0.0,3,"Wallula, Walla Walla County",300038,Wallula,2017-12-02 12:56:53.645927
2010-10-13,06:30,36.9,,36.7,99.5,1.0,E@2.2,3.5,56.7,0.0,13,"Wallula, Walla Walla County",300038,Wallula,2017-12-02 12:56:53.645927
2010-10-13,06:45,37.5,,37.5,99.7,1.0,E@2.7,3.9,56.6,0.0,26,"Wallula, Walla Walla County",300038,Wallula,2017-12-02 12:56:53.645927
2010-10-13,07:00,38.3,,38.2,99.7,1.0,E@2.8,3.5,56.5,0.0,48,"Wallula, Walla Walla County",300038,Wallula,2017-12-02 12:56:53.645927
2010-10-13,07:15,39.1,,39.0,99.7,1.0,E@2.5,3.9,56.4,0.0,97,"Wallula, Walla Walla County",300038,Wallula,2017-12-02 12:56:53.645927
2010-10-13,07:30,40.7,,40.5,99.1,1.0,E@2.4,6.0,56.3,0.0,151,"Wallula, Walla Walla County",300038,Wallula,2017-12-02 12:56:53.645927
2010-10-13,07:45,43.1,,41.5,93.9,1.0,NW@4.4,7.8,56.3,0.0,170,"Wallula, Walla Walla County",300038,Wallula,2017-12-02 12:56:53.645927
2010-10-13,08:00,43.7,,42.8,96.7,1.0,NW@2.8,6.4,56.2,0.0,99,"Wallula, Walla Walla County",300038,Wallula,2017-12-02 12:56:53.645927
2010-10-13,08:15,43.9,,43.1,97.1,1.0,NE@1.9,3.5,56.1,0.0,128,"Wallula, Walla Walla County",300038,Wallula,2017-12-02 12:56:53.645927
2010-10-13,08:30,44.1,,43.3,97.0,1.0,N@1.5,3.5,56.0,0.0,123,"Wallula, Walla Walla County",300038,Wallula,2017-12-02 12:56:53.645927
2010-10-13,08:45,45.3,,43.7,94.1,1.0,S@0.8,2.8,56.0,0.0,283,"Wallula, Walla Walla County",300038,Wallula,2017-12-02 12:56:53.645927
2010-10-13,09:00,46.0,,43.8,91.9,0.95,NW@1.5,4.6,55.9,0.0,263,"Wallula, Walla Walla County",300038,Wallula,2017-12-02 12:56:53.645927
2010-10-13,09:15,47.6,,44.0,87.3,0.94,NW@1.2,4.2,55.9,0.0,353,"Wallula, Walla Walla County",300038,Wallula,2017-12-02 12:56:53.645927
2010-10-13,09:30,48.2,,44.0,85.2,0.9,W@3.0,5.7,55.8,0.0,408,"Wallula, Walla Walla County",300038,Wallula,2017-12-02 12:56:53.645927
2010-10-13,09:45,49.4,,43.6,80.3,0.79,NW@3.4,7.4,55.8,0.0,439,"Wallula, Walla Walla County",300038,Wallula,2017-12-02 12:56:53.645927
2010-10-13,10:00,50.3,,44.1,78.9,0.37,NW@3.9,6.0,55.7,0.0,458,"Wallula, Walla Walla County",300038,Wallula,2017-12-02 12:56:53.645927
2010-10-13,10:15,50.7,,44.2,78.2,0.0,NW@3.7,5.3,55.7,0.0,459,"Wallula, Walla Walla County",300038,Wallula,2017-12-02 12:56:53.645927
2010-10-13,10:30,51.5,,44.6,77.0,0.0,NW@5.0,7.1,55.7,0.0,498,"Wallula, Walla Walla County",300038,Wallula,2017-12-02 12:56:53.645927
2010-10-13,10:45,52.6,,44.3,73.1,0.0,NW@4.4,6.4,55.7,0.0,505,"Wallula, Walla Walla County",300038,Wallula,2017-12-02 12:56:53.645927
2010-10-13,11:00,53.3,,44.3,71.4,0.0,NW@3.8,6.0,55.7,0.0,521,"Wallula, Walla Walla County",300038,Wallula,2017-12-02 12:56:53.645927
2010-10-13,11:15,54.4,,45.3,71.2,0.0,NW@4.9,7.1,55.7,0.0,532,"Wallula, Walla Walla County",300038,Wallula,2017-12-02 12:56:53.645927
2010-10-13,11:30,54.7,,45.6,71.1,0.0,W@5.1,7.1,55.8,0.0,531,"Wallula, Walla Walla County",300038,Wallula,2017-12-02 12:56:53.645927
2010-10-13,11:45,55.2,,45.0,68.4,0.0,W@5.2,7.1,55.8,0.0,534,"Wallula, Walla Walla County",300038,Wallula,2017-12-02 12:56:53.645927
2010-10-13,12:00,56.1,,46.0,68.5,0.0,W@5.4,7.8,55.9,0.0,509,"Wallula, Walla Walla County",300038,Wallula,2017-12-02 12:56:53.645927
2010-10-13,12:15,56.7,,46.1,67.6,0.0,W@5.0,7.1,55.9,0.0,519,"Wallula, Walla Walla County",300038,Wallula,2017-12-02 12:56:53.645927
2010-10-13,12:30,57.8,,46.9,66.9,0.0,W@5.0,7.1,56.0,0.0,509,"Wallula, Walla Walla County",300038,Wallula,2017-12-02 12:56:53.645927
2010-10-13,12:45,58.9,,47.2,65.1,0.0,NW@4.5,6.7,56.1,0.0,500,"Wallula, Walla Walla County",300038,Wallula,2017-12-02 12:56:53.645927
2010-10-13,13:00,60.2,,47.9,63.8,0.0,NW@5.2,7.4,56.2,0.0,505,"Wallula, Walla Walla County",300038,Wallula,2017-12-02 12:56:53.645927
2010-10-13,13:15,60.4,,47.7,62.9,0.0,NW@5.0,7.1,56.4,0.0,477,"Wallula, Walla Walla County",300038,Wallula,2017-12-02 12:56:53.645927
2010-10-13,13:30,61.1,,48.1,62.3,0.0,NW@5.4,8.2,56.5,0.0,435,"Wallula, Walla Walla County",300038,Wallula,2017-12-02 12:56:53.645927
2010-10-13,13:45,61.9,,48.6,61.5,0.0,NW@5.1,7.4,56.6,0.0,444,"Wallula, Walla Walla County",300038,Wallula,2017-12-02 12:56:53.645927
2010-10-13,14:00,62.7,,48.4,59.4,0.0,NW@5.3,8.2,56.8,0.0,422,"Wallula, Walla Walla County",300038,Wallula,2017-12-02 12:56:53.645927
2010-10-13,14:15,63.5,,48.9,58.7,0.0,NW@4.9,7.1,57.0,0.0,395,"Wallula, Walla Walla County",300038,Wallula,2017-12-02 12:56:53.645927
2010-10-13,14:30,64.0,,48.5,57.1,0.0,W@5.5,7.4,57.1,0.0,365,"Wallula, Walla Walla County",300038,Wallula,2017-12-02 12:56:53.645927
2010-10-13,14:45,64.3,,48.4,56.1,0.0,NW@5.0,7.4,57.3,0.0,328,"Wallula, Walla Walla County",300038,Wallula,2017-12-02 12:56:53.645927
2010-10-13,15:00,64.6,,48.7,56.3,0.0,NW@4.7,6.7,57.4,0.0,291,"Wallula, Walla Walla County",300038,Wallula,2017-12-02 12:56:53.645927
2010-10-13,15:15,64.8,,49.2,56.8,0.0,W@4.1,5.7,57.6,0.0,266,"Wallula, Walla Walla County",300038,Wallula,2017-12-02 12:56:53.645927
2010-10-13,15:30,65.0,,50.0,58.3,0.0,W@4.0,5.3,57.8,0.0,235,"Wallula, Walla Walla County",300038,Wallula,2017-12-02 12:56:53.645927
2010-10-13,15:45,65.0,,50.0,58.3,0.0,W@3.8,4.9,57.9,0.0,198,"Wallula, Walla Walla County",300038,Wallula,2017-12-02 12:56:53.645927
2010-10-13,16:00,64.8,,51.2,61.2,0.0,W@4.1,5.7,58.1,0.0,162,"Wallula, Walla Walla County",300038,Wallula,2017-12-02 12:56:53.645927
2010-10-13,16:15,64.6,,51.3,62.1,0.0,W@3.9,6.4,58.3,0.0,128,"Wallula, Walla Walla County",300038,Wallula,2017-12-02 12:56:53.645927
2010-10-13,16:30,64.8,,50.7,60.1,0.0,W@3.1,4.2,58.4,0.0,94,"Wallula, Walla Walla County",300038,Wallula,2017-12-02 12:56:53.645927
2010-10-13,16:45,64.5,,51.5,62.7,0.0,SW@2.0,3.5,58.5,0.0,64,"Wallula, Walla Walla County",300038,Wallula,2017-12-02 12:56:53.645927
2010-10-13,17:00,61.4,,51.7,70.3,0.0,SE@1.8,3.1,58.7,0.0,36,"Wallula, Walla Walla County",300038,Wallula,2017-12-02 12:56:53.645927
2010-10-13,17:15,59.0,,50.3,72.7,0.0,SE@2.5,3.5,58.8,0.0,8,"Wallula, Walla Walla County",300038,Wallula,2017-12-02 12:56:53.645927
2010-10-13,17:30,58.4,,50.6,75.2,0.0,SW@2.8,5.3,58.9,0.0,2,"Wallula, Walla Walla County",300038,Wallula,2017-12-02 12:56:53.645927
2010-10-13,17:45,57.8,,50.8,77.4,0.0,SE@1.8,3.1,59.0,0.0,0,"Wallula, Walla Walla County",300038,Wallula,2017-12-02 12:56:53.645927
2010-10-13,18:00,56.1,,49.8,79.2,0.01,SE@0.3,2.1,59.1,0.0,0,"Wallula, Walla Walla County",300038,Wallula,2017-12-02 12:56:53.645927
2010-10-13,18:15,53.7,,49.0,83.9,0.05,N@0.0,0.0,59.1,0.0,0,"Wallula, Walla Walla County",300038,Wallula,2017-12-02 12:56:53.645927
2010-10-13,18:30,53.3,,48.4,83.3,0.06,E@1.2,2.8,59.2,0.0,0,"Wallula, Walla Walla County",300038,Wallula,2017-12-02 12:56:53.645927
2010-10-13,18:45,53.2,,48.1,82.7,0.02,E@2.5,3.1,59.2,0.0,0,"Wallula, Walla Walla County",300038,Wallula,2017-12-02 12:56:53.645927
2010-10-13,19:00,53.0,,48.0,82.8,0.01,E@2.9,3.5,59.3,0.0,0,"Wallula, Walla Walla County",300038,Wallula,2017-12-02 12:56:53.645927
2010-10-13,19:15,52.4,,47.6,83.7,0.01,E@3.2,4.2,59.3,0.0,0,"Wallula, Walla Walla County",300038,Wallula,2017-12-02 12:56:53.645927
2010-10-13,19:30,52.3,,47.4,83.3,0.0,E@3.3,4.6,59.3,0.0,0,"Wallula, Walla Walla County",300038,Wallula,2017-12-02 12:56:53.645927
2010-10-13,19:45,50.9,,46.9,86.0,0.01,E@3.3,4.6,59.3,0.0,0,"Wallula, Walla Walla County",300038,Wallula,2017-12-02 12:56:53.645927
2010-10-13,20:00,50.2,,46.3,86.3,0.01,E@3.3,4.9,59.3,0.0,0,"Wallula, Walla Walla County",300038,Wallula,2017-12-02 12:56:53.645927
2010-10-13,20:15,49.4,,46.1,88.4,0.02,E@2.6,4.6,59.3,0.0,0,"Wallula, Walla Walla County",300038,Wallula,2017-12-02 12:56:53.645927
2010-10-13,20:30,48.9,,45.6,88.4,0.03,E@3.1,4.2,59.2,0.0,0,"Wallula, Walla Walla County",300038,Wallula,2017-12-02 12:56:53.645927
2010-10-13,20:45,48.8,,45.6,88.8,0.02,E@3.3,5.3,59.2,0.0,0,"Wallula, Walla Walla County",300038,Wallula,2017-12-02 12:56:53.645927
2010-10-13,21:00,47.7,,45.3,91.3,0.05,E@2.4,3.9,59.2,0.0,0,"Wallula, Walla Walla County",300038,Wallula,2017-12-02 12:56:53.645927
2010-10-13,21:15,48.3,,45.5,90.0,0.06,E@3.2,4.9,59.2,0.0,0,"Wallula, Walla Walla County",300038,Wallula,2017-12-02 12:56:53.645927
2010-10-13,21:30,48.1,,45.6,91.0,0.06,E@3.2,4.2,59.1,0.0,0,"Wallula, Walla Walla County",300038,Wallula,2017-12-02 12:56:53.645927
2010-10-13,21:45,47.4,,45.6,93.6,0.11,E@3.4,4.6,59.1,0.0,0,"Wallula, Walla Walla County",300038,Wallula,2017-12-02 12:56:53.645927
2010-10-13,22:00,46.9,,45.4,94.3,0.22,E@2.8,4.9,59.0,0.0,0,"Wallula, Walla Walla County",300038,Wallula,2017-12-02 12:56:53.645927
2010-10-13,22:15,46.5,,45.2,95.1,0.38,E@2.7,4.2,59.0,0.0,0,"Wallula, Walla Walla County",300038,Wallula,2017-12-02 12:56:53.645927
2010-10-13,22:30,46.3,,45.2,95.6,0.48,E@3.2,4.9,58.9,0.0,0,"Wallula, Walla Walla County",300038,Wallula,2017-12-02 12:56:53.645927
2010-10-13,22:45,46.4,,45.2,95.5,0.56,E@3.1,4.2,58.8,0.0,0,"Wallula, Walla Walla County",300038,Wallula,2017-12-02 12:56:53.645927
2010-10-13,23:00,46.4,,45.0,94.8,0.61,E@3.0,4.9,58.8,0.0,0,"Wallula, Walla Walla County",300038,Wallula,2017-12-02 12:56:53.645927
2010-10-14,23:15,46.0,,44.7,95.2,0.66,E@2.2,3.9,58.7,0.0,0,"Wallula, Walla Walla County",300038,Wallula,2017-12-02 12:56:53.645927
2010-10-14,23:30,45.6,,44.5,95.8,0.71,E@1.9,3.1,58.6,0.0,0,"Wallula, Walla Walla County",300038,Wallula,2017-12-02 12:56:53.645927
2010-10-14,23:45,45.4,,44.4,96.0,0.76,E@1.6,3.9,58.6,0.0,0,"Wallula, Walla Walla County",300038,Wallula,2017-12-02 12:56:53.645927
2010-10-14,24:00,45.4,,44.5,96.7,0.81,E@3.5,5.7,58.5,0.0,0,"Wallula, Walla Walla County",300038,Wallula,2017-12-02 12:56:53.645927
2010-10-14,00:15,45.7,,44.6,95.8,0.83,E@3.9,6.0,58.4,0.0,0,"Wallula, Walla Walla County",300038,Wallula,2017-12-02 12:56:53.645927
2010-10-14,00:30,45.3,,44.2,95.9,0.84,E@3.7,5.7,58.3,0.0,0,"Wallula, Walla Walla County",300038,Wallula,2017-12-02 12:56:53.645927
2010-10-14,00:45,44.9,,43.9,96.3,0.86,E@3.7,4.9,58.3,0.0,0,"Wallula, Walla Walla County",300038,Wallula,2017-12-02 12:56:53.645927
2010-10-14,01:00,44.6,,43.7,96.7,0.87,E@3.7,4.9,58.2,0.0,0,"Wallula, Walla Walla County",300038,Wallula,2017-12-02 12:56:53.645927
2010-10-14,01:15,44.5,,43.7,96.8,0.88,E@3.7,4.9,58.1,0.0,0,"Wallula, Walla Walla County",300038,Wallula,2017-12-02 12:56:53.645927
2010-10-14,01:30,44.3,,43.5,97.0,0.89,E@4.0,5.7,58.0,0.0,0,"Wallula, Walla Walla County",300038,Wallula,2017-12-02 12:56:53.645927
2010-10-14,01:45,43.7,,43.1,97.6,0.91,E@3.1,4.6,58.0,0.0,0,"Wallula, Walla Walla County",300038,Wallula,2017-12-02 12:56:53.645927
2010-10-14,02:00,43.5,,42.8,97.6,0.92,E@3.3,4.9,57.9,0.0,0,"Wallula, Walla Walla County",300038,Wallula,2017-12-02 12:56:53.645927
2010-10-14,02:15,42.8,,42.3,98.2,0.93,E@3.2,4.6,57.8,0.0,0,"Wallula, Walla Walla County",300038,Wallula,2017-12-02 12:56:53.645927
2010-10-14,02:30,42.8,,42.3,98.1,0.93,E@3.1,4.6,57.7,0.0,0,"Wallula, Walla Walla County",300038,Wallula,2017-12-02 12:56:53.645927
2010-10-14,02:45,42.6,,42.1,98.1,0.94,E@2.3,3.5,57.6,0.0,0,"Wallula, Walla Walla County",300038,Wallula,2017-12-02 12:56:53.645927
2010-10-14,03:00,42.1,,41.6,98.0,0.94,E@2.9,4.9,57.6,0.0,0,"Wallula, Walla Walla County",300038,Wallula,2017-12-02 12:56:53.645927
2010-10-14,03:15,42.3,,41.9,98.5,0.96,E@2.7,4.2,57.5,0.0,0,"Wallula, Walla Walla County",300038,Wallula,2017-12-02 12:56:53.645927
2010-10-14,03:30,42.2,,41.8,98.7,1.0,E@3.3,4.9,57.4,0.0,0,"Wallula, Walla Walla County",300038,Wallula,2017-12-02 12:56:53.645927
2010-10-14,03:45,42.5,,42.1,98.5,1.0,E@3.0,4.9,57.3,0.0,0,"Wallula, Walla Walla County",300038,Wallula,2017-12-02 12:56:53.645927
2010-10-14,04:00,42.4,,41.9,98.1,1.0,E@3.4,5.3,57.3,0.0,0,"Wallula, Walla Walla County",300038,Wallula,2017-12-02 12:56:53.645927
2010-10-14,04:15,42.0,,41.5,98.1,1.0,E@2.8,4.2,57.2,0.0,0,"Wallula, Walla Walla County",300038,Wallula,2017-12-02 12:56:53.645927
2010-10-14,04:30,41.9,,41.4,98.1,1.0,E@2.7,4.6,57.1,0.0,0,"Wallula, Walla Walla County",300038,Wallula,2017-12-02 12:56:53.645927
2010-10-14,04:45,41.4,,41.0,98.2,1.0,E@2.9,4.2,57.0,0.0,0,"Wallula, Walla Walla County",300038,Wallula,2017-12-02 12:56:53.645927
2010-10-14,05:00,41.0,,40.7,98.7,1.0,E@3.7,5.3,57.0,0.0,0,"Wallula, Walla Walla County",300038,Wallula,2017-12-02 12:56:53.645927
2010-10-14,05:15,41.5,,41.3,99.2,1.0,E@3.8,6.0,56.9,0.0,0,"Wallula, Walla Walla County",300038,Wallula,2017-12-02 12:56:53.645927
2010-10-14,05:30,41.8,,41.4,98.4,1.0,E@3.5,5.3,56.8,0.0,0,"Wallula, Walla Walla County",300038,Wallula,2017-12-02 12:56:53.645927
2010-10-14,05:45,41.2,,40.7,98.2,1.0,E@3.0,4.6,56.7,0.0,0,"Wallula, Walla Walla County",300038,Wallula,2017-12-02 12:56:53.645927
2010-10-14,06:00,40.4,,40.0,98.5,1.0,E@2.7,4.2,56.7,0.0,1,"Wallula, Walla Walla County",300038,Wallula,2017-12-02 12:56:53.645927
2010-10-14,06:15,40.0,,39.8,99.0,1.0,E@2.8,3.9,56.6,0.0,8,"Wallula, Walla Walla County",300038,Wallula,2017-12-02 12:56:53.645927
2010-10-14,06:30,40.4,,40.2,99.1,1.0,E@3.1,5.3,56.5,0.0,21,"Wallula, Walla Walla County",300038,Wallula,2017-12-02 12:56:53.645927
2010-10-14,06:45,40.0,,39.8,99.2,1.0,SE@3.6,5.3,56.4,0.0,44,"Wallula, Walla Walla County",300038,Wallula,2017-12-02 12:56:53.645927
2010-10-14,07:00,40.6,,40.5,99.6,1.0,E@2.9,4.2,56.4,0.0,90,"Wallula, Walla Walla County",300038,Wallula,2017-12-02 12:56:53.645927
2010-10-14,07:15,41.7,,41.3,98.4,1.0,E@2.9,4.6,56.3,0.0,115,"Wallula, Walla Walla County",300038,Wallula,2017-12-02 12:56:53.645927
2010-10-14,07:30,43.1,,42.1,96.4,1.0,E@2.1,4.2,56.2,0.0,149,"Wallula, Walla Walla County",300038,Wallula,2017-12-02 12:56:53.645927
2010-10-14,07:45,44.1,,42.9,95.6,1.0,E@1.8,3.5,56.1,0.0,109,"Wallula, Walla Walla County",300038,Wallula,2017-12-02 12:56:53.645927
2010-10-14,08:00,46.6,,44.8,93.5,1.0,E@1.5,3.1,56.1,0.0,230,"Wallula, Walla Walla County",300038,Wallula,2017-12-02 12:56:53.645927
2010-10-14,08:15,48.8,,45.9,89.7,0.99,E@1.1,3.1,56.0,0.0,252,"Wallula, Walla Walla County",300038,Wallula,2017-12-02 12:56:53.645927
2010-10-14,08:30,50.3,,47.0,88.2,0.94,NW@1.4,3.1,55.9,0.0,303,"Wallula, Walla Walla County",300038,Wallula,2017-12-02 12:56:53.645927
2010-10-14,08:45,49.9,,47.4,91.1,0.92,W@2.5,4.9,55.9,0.0,265,"Wallula, Walla Walla County",300038,Wallula,2017-12-02 12:56:53.645927
2010-10-14,09:00,50.5,,48.3,92.1,0.89,NW@3.1,5.7,55.8,0.0,308,"Wallula, Walla Walla County",300038,Wallula,2017-12-02 12:56:53.645927
2010-10-14,09:15,51.6,,48.3,88.3,0.82,NW@3.0,5.3,55.8,0.0,353,"Wallula, Walla Walla County",300038,Wallula,2017-12-02 12:56:53.645927
2010-10-14,09:30,54.3,,45.2,71.3,0.35,NW@3.3,4.9,55.7,0.0,401,"Wallula, Walla Walla County",300038,Wallula,2017-12-02 12:56:53.645927
2010-10-14,09:45,51.9,,45.4,78.4,0.51,NW@3.5,4.9,55.7,0.0,428,"Wallula, Walla Walla County",300038,Wallula,2017-12-02 12:56:53.645927
2010-10-14,10:00,51.9,,45.3,78.1,0.22,NW@3.9,5.7,55.7,0.0,467,"Wallula, Walla Walla County",300038,Wallula,2017-12-02 12:56:53.645927
2010-10-14,10:15,52.4,,45.8,78.0,0.0,W@3.6,5.3,55.7,0.01,490,"Wallula, Walla Walla County",300038,Wallula,2017-12-02 12:56:53.645927
2010-10-14,10:30,53.2,,46.0,76.3,0.0,NW@3.8,5.3,55.7,0.0,510,"Wallula, Walla Walla County",300038,Wallula,2017-12-02 12:56:53.645927
2010-10-14,10:45,53.9,,44.5,70.3,0.0,NW@4.7,6.7,55.7,0.0,517,"Wallula, Walla Walla County",300038,Wallula,2017-12-02 12:56:53.645927
2010-10-14,11:00,54.4,,45.1,70.5,0.0,NW@4.0,6.0,55.7,0.0,459,"Wallula, Walla Walla County",300038,Wallula,2017-12-02 12:56:53.645927
2010-10-14,11:15,54.3,,45.7,72.5,0.0,W@3.4,5.7,55.8,0.0,474,"Wallula, Walla Walla County",300038,Wallula,2017-12-02 12:56:53.645927
2010-10-14,11:30,55.0,,46.7,73.5,0.0,W@4.1,5.7,55.8,0.0,497,"Wallula, Walla Walla County",300038,Wallula,2017-12-02 12:56:53.645927
2010-10-14,11:45,55.6,,47.2,73.2,0.0,W@3.3,4.9,55.9,0.0,485,"Wallula, Walla Walla County",300038,Wallula,2017-12-02 12:56:53.645927
2010-10-14,12:00,56.3,,46.8,70.3,0.0,NW@2.2,4.6,55.9,0.0,423,"Wallula, Walla Walla County",300038,Wallula,2017-12-02 12:56:53.645927
2010-10-14,12:15,57.0,,46.2,67.2,0.0,W@3.3,4.9,56.0,0.0,439,"Wallula, Walla Walla County",300038,Wallula,2017-12-02 12:56:53.645927
2010-10-14,12:30,57.3,,46.3,66.5,0.0,W@3.3,5.3,56.1,0.0,538,"Wallula, Walla Walla County",300038,Wallula,2017-12-02 12:56:53.645927
2010-10-14,12:45,58.3,,46.3,64.4,0.0,W@3.4,4.6,56.2,0.0,504,"Wallula, Walla Walla County",300038,Wallula,2017-12-02 12:56:53.645927
2010-10-14,13:00,59.1,,46.6,63.2,0.0,W@3.2,4.2,56.4,0.0,518,"Wallula, Walla Walla County",300038,Wallula,2017-12-02 12:56:53.645927
2010-10-14,13:15,59.2,,47.7,65.7,0.0,W@4.1,6.4,56.5,0.0,479,"Wallula, Walla Walla County",300038,Wallula,2017-12-02 12:56:53.645927
2010-10-14,13:30,60.0,,48.2,64.9,0.0,W@4.2,5.7,56.6,0.0,454,"Wallula, Walla Walla County",300038,Wallula,2017-12-02 12:56:53.645927
2010-10-14,13:45,61.2,,47.7,61.1,0.0,SW@3.3,4.9,56.8,0.0,459,"Wallula, Walla Walla County",300038,Wallula,2017-12-02 12:56:53.645927
2010-10-14,14:00,64.2,,48.6,56.7,0.0,S@1.7,3.9,56.9,0.0,432,"Wallula, Walla Walla County",300038,Wallula,2017-12-02 12:56:53.645927
2010-10-14,14:15,64.0,,49.5,59.1,0.0,W@3.0,4.6,57.1,0.0,398,"Wallula, Walla Walla County",300038,Wallula,2017-12-02 12:56:53.645927
2010-10-14,14:30,65.4,,49.1,55.6,0.0,W@2.5,4.6,57.3,0.0,373,"Wallula, Walla Walla County",300038,Wallula,2017-12-02 12:56:53.645927
2010-10-14,14:45,67.3,,49.0,51.9,0.0,SW@2.7,4.6,57.4,0.0,341,"Wallula, Walla Walla County",300038,Wallula,2017-12-02 12:56:53.645927
2010-10-14,15:00,66.0,,49.0,54.2,0.0,W@3.6,5.7,57.6,0.0,308,"Wallula, Walla Walla County",300038,Wallula,2017-12-02 12:56:53.645927
2010-10-14,15:15,67.3,,49.1,52.0,0.0,W@2.5,4.9,57.8,0.0,276,"Wallula, Walla Walla County",300038,Wallula,2017-12-02 12:56:53.645927
2010-10-14,15:30,66.0,,50.5,57.4,0.0,W@3.8,5.3,58.0,0.0,241,"Wallula, Walla Walla County",300038,Wallula,2017-12-02 12:56:53.645927
2010-10-14,15:45,67.2,,50.9,55.7,0.0,SW@1.9,3.5,58.1,0.0,205,"Wallula, Walla Walla County",300038,Wallula,2017-12-02 12:56:53.645927
2010-10-14,16:00,68.2,,51.3,54.8,0.0,SW@1.5,3.9,58.3,0.0,169,"Wallula, Walla Walla County",300038,Wallula,2017-12-02 12:56:53.645927
2010-10-14,16:15,68.0,,51.4,55.2,0.0,SW@1.6,3.5,58.5,0.0,128,"Wallula, Walla Walla County",300038,Wallula,2017-12-02 12:56:53.645927
2010-10-14,16:30,65.8,,52.3,61.8,0.0,SE@1.5,3.5,58.7,0.0,59,"Wallula, Walla Walla County",300038,Wallula,2017-12-02 12:56:53.645927
2010-10-14,16:45,62.9,,51.5,66.2,0.0,SE@1.9,3.5,58.8,0.0,38,"Wallula, Walla Walla County",300038,Wallula,2017-12-02 12:56:53.645927
2010-10-14,17:00,61.1,,50.7,68.7,0.0,SE@3.5,5.3,59.0,0.0,14,"Wallula, Walla Walla County",300038,Wallula,2017-12-02 12:56:53.645927
2010-10-14,17:15,60.5,,49.9,68.0,0.0,SE@3.9,6.0,59.1,0.0,5,"Wallula, Walla Walla County",300038,Wallula,2017-12-02 12:56:53.645927
2010-10-14,17:30,58.4,,50.1,73.7,0.0,SE@3.1,4.6,59.2,0.0,0,"Wallula, Walla Walla County",300038,Wallula,2017-12-02 12:56:53.645927
2010-10-14,17:45,57.7,,49.6,74.1,0.0,E@2.1,4.6,59.3,0.0,0,"Wallula, Walla Walla County",300038,Wallula,2017-12-02 12:56:53.645927
2010-10-14,18:00,56.5,,49.3,76.8,0.0,NE@3.2,4.6,59.4,0.0,0,"Wallula, Walla Walla County",300038,Wallula,2017-12-02 12:56:53.645927
2010-10-14,18:15,55.5,,48.8,78.3,0.0,E@4.2,5.7,59.5,0.0,0,"Wallula, Walla Walla County",300038,Wallula,2017-12-02 12:56:53.645927
2010-10-14,18:30,54.6,,49.2,81.9,0.0,E@3.5,5.7,59.5,0.0,0,"Wallula, Walla Walla County",300038,Wallula,2017-12-02 12:56:53.645927
2010-10-14,18:45,54.4,,49.1,82.2,0.0,E@3.2,4.9,59.6,0.0,0,"Wallula, Walla Walla County",300038,Wallula,2017-12-02 12:56:53.645927
2010-10-14,19:00,53.8,,49.2,84.2,0.0,E@3.2,4.9,59.6,0.0,0,"Wallula, Walla Walla County",300038,Wallula,2017-12-02 12:56:53.645927
2010-10-14,19:15,54.4,,49.0,81.9,0.0,E@2.3,4.9,59.6,0.0,0,"Wallula, Walla Walla County",300038,Wallula,2017-12-02 12:56:53.645927
2010-10-14,19:30,53.9,,48.6,82.2,0.0,SE@3.6,8.2,59.7,0.0,0,"Wallula, Walla Walla County",300038,Wallula,2017-12-02 12:56:53.645927
2010-10-14,19:45,61.7,,48.0,60.6,0.0,SW@5.1,8.5,59.7,0.0,0,"Wallula, Walla Walla County",300038,Wallula,2017-12-02 12:56:53.645927
2010-10-14,20:00,62.3,,47.3,57.9,0.0,SW@7.5,15.3,59.7,0.0,0,"Wallula, Walla Walla County",300038,Wallula,2017-12-02 12:56:53.645927
2010-10-14,20:15,63.1,,45.7,53.0,0.0,SW@11.6,17.5,59.6,0.0,0,"Wallula, Walla Walla County",300038,Wallula,2017-12-02 12:56:53.645927
2010-10-14,20:30,63.0,,44.2,50.2,0.0,SW@12.4,17.5,59.6,0.0,0,"Wallula, Walla Walla County",300038,Wallula,2017-12-02 12:56:53.645927
2010-10-14,20:45,62.5,,44.3,51.4,0.0,SW@10.3,15.7,59.6,0.0,0,"Wallula, Walla Walla County",300038,Wallula,2017-12-02 12:56:53.645927
2010-10-14,21:00,61.9,,43.5,50.7,0.0,SW@10.7,15.0,59.6,0.0,0,"Wallula, Walla Walla County",300038,Wallula,2017-12-02 12:56:53.645927
2010-10-14,21:15,61.7,,43.0,50.3,0.0,SW@11.0,16.4,59.5,0.0,0,"Wallula, Walla Walla County",300038,Wallula,2017-12-02 12:56:53.645927
2010-10-14,21:30,61.3,,43.2,51.5,0.0,SW@11.1,15.0,59.5,0.0,0,"Wallula, Walla Walla County",300038,Wallula,2017-12-02 12:56:53.645927
2010-10-14,21:45,60.8,,42.9,51.6,0.0,SW@11.3,16.0,59.5,0.0,0,"Wallula, Walla Walla County",300038,Wallula,2017-12-02 12:56:53.645927
2010-10-14,22:00,61.2,,40.7,46.6,0.0,SW@13.0,16.7,59.5,0.0,0,"Wallula, Walla Walla County",300038,Wallula,2017-12-02 12:56:53.645927
2010-10-14,22:15,61.7,,38.4,42.1,0.0,SW@12.4,17.5,59.4,0.0,0,"Wallula, Walla Walla County",300038,Wallula,2017-12-02 12:56:53.645927
2010-10-14,22:30,61.1,,39.0,43.9,0.0,SW@12.6,16.0,59.4,0.0,0,"Wallula, Walla Walla County",300038,Wallula,2017-12-02 12:56:53.645927
2010-10-14,22:45,60.3,,40.9,48.6,0.0,SW@12.1,17.8,59.4,0.0,0,"Wallula, Walla Walla County",300038,Wallula,2017-12-02 12:56:53.645927
2010-10-14,23:00,60.0,,42.2,51.8,0.0,SW@11.9,16.4,59.4,0.0,0,"Wallula, Walla Walla County",300038,Wallula,2017-12-02 12:56:53.645927
2010-10-15,23:15,59.8,,43.2,54.1,0.0,SW@12.8,18.9,59.3,0.0,0,"Wallula, Walla Walla County",300038,Wallula,2017-12-02 12:56:53.645927
2010-10-15,23:30,59.5,,44.9,58.4,0.0,SW@14.8,21.0,59.3,0.0,0,"Wallula, Walla Walla County",300038,Wallula,2017-12-02 12:56:53.645927
2010-10-15,23:45,59.5,,45.7,60.3,0.0,SW@14.7,20.3,59.2,0.0,0,"Wallula, Walla Walla County",300038,Wallula,2017-12-02 12:56:53.645927
2010-10-15,24:00,59.1,,46.1,62.0,0.0,SW@12.3,17.5,59.2,0.0,0,"Wallula, Walla Walla County",300038,Wallula,2017-12-02 12:56:53.645927
2010-10-15,00:15,59.0,,46.8,63.8,0.0,SW@13.2,19.2,59.2,0.0,0,"Wallula, Walla Walla County",300038,Wallula,2017-12-02 12:56:53.645927
2010-10-15,00:30,59.0,,47.3,64.9,0.0,SW@15.2,20.0,59.1,0.0,0,"Wallula, Walla Walla County",300038,Wallula,2017-12-02 12:56:53.645927
2010-10-15,00:45,59.0,,48.0,66.6,0.0,SW@13.2,18.9,59.1,0.0,0,"Wallula, Walla Walla County",300038,Wallula,2017-12-02 12:56:53.645927
2010-10-15,01:00,59.0,,48.7,68.4,0.0,SW@12.3,17.8,59.0,0.0,0,"Wallula, Walla Walla County",300038,Wallula,2017-12-02 12:56:53.645927
2010-10-15,01:15,59.0,,49.5,70.5,0.0,SW@13.4,20.3,59.0,0.0,0,"Wallula, Walla Walla County",300038,Wallula,2017-12-02 12:56:53.645927
2010-10-15,01:30,59.0,,49.6,70.8,0.0,SW@16.0,22.1,59.0,0.0,0,"Wallula, Walla Walla County",300038,Wallula,2017-12-02 12:56:53.645927
2010-10-15,01:45,58.7,,49.9,72.5,0.0,SW@15.2,20.3,59.0,0.0,0,"Wallula, Walla Walla County",300038,Wallula,2017-12-02 12:56:53.645927
2010-10-15,02:00,58.5,,49.5,71.9,0.0,SW@15.9,21.0,58.9,0.0,0,"Wallula, Walla Walla County",300038,Wallula,2017-12-02 12:56:53.645927
2010-10-15,02:15,58.1,,49.0,71.6,0.0,SW@14.6,21.4,58.9,0.0,0,"Wallula, Walla Walla County",300038,Wallula,2017-12-02 12:56:53.645927
2010-10-15,02:30,57.8,,48.6,71.2,0.0,SW@12.8,18.5,58.9,0.0,0,"Wallula, Walla Walla County",300038,Wallula,2017-12-02 12:56:53.645927
2010-10-15,02:45,57.5,,48.4,71.6,0.0,SW@14.5,22.1,58.8,0.0,0,"Wallula, Walla Walla County",300038,Wallula,2017-12-02 12:56:53.645927
2010-10-15,03:00,56.9,,47.1,69.5,0.0,SW@15.9,22.1,58.8,0.0,0,"Wallula, Walla Walla County",300038,Wallula,2017-12-02 12:56:53.645927
2010-10-15,03:15,56.0,,47.4,72.8,0.0,W@10.8,15.7,58.8,0.0,0,"Wallula, Walla Walla County",300038,Wallula,2017-12-02 12:56:53.645927
2010-10-15,03:30,55.3,,41.3,59.1,0.0,NW@7.3,23.5,58.8,0.0,0,"Wallula, Walla Walla County",300038,Wallula,2017-12-02 12:56:53.645927
2010-10-15,03:45,54.9,,40.1,57.2,0.0,NW@4.6,6.7,58.8,0.0,0,"Wallula, Walla Walla County",300038,Wallula,2017-12-02 12:56:53.645927
2010-10-15,04:00,54.9,,39.6,56.2,0.0,NW@3.3,5.3,58.7,0.0,0,"Wallula, Walla Walla County",300038,Wallula,2017-12-02 12:56:53.645927
2010-10-15,04:15,53.4,,38.1,56.0,0.0,NE@2.1,3.5,58.7,0.0,0,"Wallula, Walla Walla County",300038,Wallula,2017-12-02 12:56:53.645927
2010-10-15,04:30,52.7,,37.6,56.3,0.0,N@2.9,4.2,58.7,0.0,0,"Wallula, Walla Walla County",300038,Wallula,2017-12-02 12:56:53.645927
2010-10-15,04:45,52.1,,39.9,63.0,0.0,SE@2.3,3.9,58.7,0.0,0,"Wallula, Walla Walla County",300038,Wallula,2017-12-02 12:56:53.645927
2010-10-15,05:00,50.7,,42.4,73.1,0.0,S@4.1,7.8,58.6,0.0,0,"Wallula, Walla Walla County",300038,Wallula,2017-12-02 12:56:53.645927
2010-10-15,05:15,51.6,,44.6,77.0,0.0,S@6.8,12.4,58.6,0.0,0,"Wallula, Walla Walla County",300038,Wallula,2017-12-02 12:56:53.645927
2010-10-15,05:30,51.7,,43.0,71.9,0.0,SW@10.3,18.2,58.6,0.0,0,"Wallula, Walla Walla County",300038,Wallula,2017-12-02 12:56:53.645927
2010-10-15,05:45,51.4,,42.4,71.1,0.0,SW@12.8,18.2,58.6,0.0,0,"Wallula, Walla Walla County",300038,Wallula,2017-12-02 12:56:53.645927
2010-10-15,06:00,51.2,,42.4,71.7,0.0,SW@13.7,18.9,58.6,0.0,0,"Wallula, Walla Walla County",300038,Wallula,2017-12-02 12:56:53.645927
2010-10-15,06:15,50.6,,42.5,73.7,0.0,SW@10.8,16.4,58.5,0.0,2,"Wallula, Walla Walla County",300038,Wallula,2017-12-02 12:56:53.645927
2010-10-15,06:30,50.0,,42.5,75.2,0.0,SW@11.6,16.7,58.5,0.0,8,"Wallula, Walla Walla County",300038,Wallula,2017-12-02 12:56:53.645927
2010-10-15,06:45,49.8,,41.4,72.8,0.0,SW@10.9,16.4,58.4,0.0,18,"Wallula, Walla Walla County",300038,Wallula,2017-12-02 12:56:53.645927
2010-10-15,07:00,49.5,,40.6,71.2,0.0,SW@10.2,16.4,58.4,0.0,62,"Wallula, Walla Walla County",300038,Wallula,2017-12-02 12:56:53.645927
2010-10-15,07:15,49.4,,40.2,70.2,0.0,S@9.5,15.0,58.3,0.0,107,"Wallula, Walla Walla County",300038,Wallula,2017-12-02 12:56:53.645927
2010-10-15,07:30,49.5,,39.9,69.4,0.0,S@10.3,14.6,58.3,0.0,144,"Wallula, Walla Walla County",300038,Wallula,2017-12-02 12:56:53.645927
2010-10-15,07:45,49.9,,39.7,67.9,0.0,S@9.8,15.3,58.2,0.0,184,"Wallula, Walla Walla County",300038,Wallula,2017-12-02 12:56:53.645927
2010-10-15,08:00,50.3,,40.0,67.6,0.0,SW@10.2,15.7,58.1,0.0,219,"Wallula, Walla Walla County",300038,Wallula,2017-12-02 12:56:53.645927
2010-10-15,08:15,50.4,,40.1,67.5,0.0,SW@10.8,16.4,58.1,0.0,255,"Wallula, Walla Walla County",300038,Wallula,2017-12-02 12:56:53.645927
2010-10-15,08:30,50.9,,40.2,66.5,0.0,S@10.3,15.3,58.0,0.0,292,"Wallula, Walla Walla County",300038,Wallula,2017-12-02 12:56:53.645927
2010-10-15,08:45,51.4,,40.7,66.5,0.0,SW@10.8,15.7,58.0,0.0,326,"Wallula, Walla Walla County",300038,Wallula,2017-12-02 12:56:53.645927
2010-10-15,09:00,51.7,,40.6,65.5,0.0,SW@11.9,16.4,57.9,0.0,361,"Wallula, Walla Walla County",300038,Wallula,2017-12-02 12:56:53.645927
2010-10-15,09:15,52.4,,40.8,64.5,0.0,SW@10.4,14.2,57.8,0.0,390,"Wallula, Walla Walla County",300038,Wallula,2017-12-02 12:56:53.645927
2010-10-15,09:30,53.1,,40.9,63.1,0.0,SW@10.0,13.5,57.8,0.0,416,"Wallula, Walla Walla County",300038,Wallula,2017-12-02 12:56:53.645927
2010-10-15,09:45,53.8,,40.7,60.9,0.0,SW@9.6,14.2,57.7,0.0,438,"Wallula, Walla Walla County",300038,Wallula,2017-12-02 12:56:53.645927
2010-10-15,10:00,54.1,,41.6,62.6,0.0,SW@9.7,13.2,57.7,0.0,474,"Wallula, Walla Walla County",300038,Wallula,2017-12-02 12:56:53.645927
2010-10-15,10:15,54.5,,41.8,62.0,0.0,SW@10.2,14.6,57.7,0.0,495,"Wallula, Walla Walla County",300038,Wallula,2017-12-02 12:56:53.645927
2010-10-15,10:30,55.6,,41.1,58.0,0.0,SW@8.6,12.8,57.6,0.0,515,"Wallula, Walla Walla County",300038,Wallula,2017-12-02 12:56:53.645927
2010-10-15,10:45,56.2,,40.7,55.9,0.0,SW@7.9,10.3,57.6,0.0,530,"Wallula, Walla Walla County",300038,Wallula,2017-12-02 12:56:53.645927
2010-10-15,11:00,56.7,,41.0,55.4,0.0,SW@7.8,11.4,57.6,0.0,544,"Wallula, Walla Walla County",300038,Wallula,2017-12-02 12:56:53.645927
2010-10-15,11:15,57.3,,40.8,53.8,0.0,SW@7.8,10.3,57.6,0.0,553,"Wallula, Walla Walla County",300038,Wallula,2017-12-02 12:56:53.645927
2010-10-15,11:30,58.0,,40.5,52.1,0.0,SW@7.2,9.6,57.6,0.0,558,"Wallula, Walla Walla County",300038,Wallula,2017-12-02 12:56:53.645927
2010-10-15,11:45,58.1,,40.2,51.3,0.0,SW@7.3,9.6,57.6,0.0,561,"Wallula, Walla Walla County",300038,Wallula,2017-12-02 12:56:53.645927
2010-10-15,12:00,58.4,,39.4,49.1,0.0,SW@6.4,8.9,57.7,0.0,561,"Wallula, Walla Walla County",300038,Wallula,2017-12-02 12:56:53.645927
2010-10-15,12:15,59.6,,37.4,43.6,0.0,SW@5.4,8.5,57.7,0.0,549,"Wallula, Walla Walla County",300038,Wallula,2017-12-02 12:56:53.645927
2010-10-15,12:30,60.1,,37.9,43.7,0.0,SW@5.7,7.8,57.8,0.0,542,"Wallula, Walla Walla County",300038,Wallula,2017-12-02 12:56:53.645927
2010-10-15,12:45,60.8,,35.6,38.8,0.0,SW@4.4,7.8,57.9,0.0,526,"Wallula, Walla Walla County",300038,Wallula,2017-12-02 12:56:53.645927
2010-10-15,13:00,60.9,,33.8,35.9,0.0,SW@4.0,6.7,57.9,0.0,518,"Wallula, Walla Walla County",300038,Wallula,2017-12-02 12:56:53.645927
2010-10-15,13:15,61.4,,34.6,36.5,0.0,W@2.9,5.3,58.0,0.0,496,"Wallula, Walla Walla County",300038,Wallula,2017-12-02 12:56:53.645927
2010-10-15,13:30,61.2,,35.3,37.8,0.0,W@3.3,6.7,58.1,0.0,451,"Wallula, Walla Walla County",300038,Wallula,2017-12-02 12:56:53.645927
2010-10-15,13:45,61.4,,34.9,37.0,0.0,W@3.2,4.9,58.3,0.0,466,"Wallula, Walla Walla County",300038,Wallula,2017-12-02 12:56:53.645927
2010-10-15,14:00,62.1,,35.3,36.7,0.0,SW@2.7,4.6,58.4,0.0,441,"Wallula, Walla Walla County",300038,Wallula,2017-12-02 12:56:53.645927
2010-10-15,14:15,61.9,,35.4,37.2,0.0,NW@3.3,4.9,58.5,0.0,420,"Wallula, Walla Walla County",300038,Wallula,2017-12-02 12:56:53.645927
2010-10-15,14:30,61.4,,35.4,37.7,0.0,W@3.8,5.3,58.6,0.0,380,"Wallula, Walla Walla County",300038,Wallula,2017-12-02 12:56:53.645927
2010-10-15,14:45,61.5,,35.5,37.7,0.0,NW@3.6,4.9,58.8,0.0,342,"Wallula, Walla Walla County",300038,Wallula,2017-12-02 12:56:53.645927
2010-10-15,15:00,61.0,,35.6,38.5,0.0,NW@3.9,5.3,58.9,0.0,223,"Wallula, Walla Walla County",300038,Wallula,2017-12-02 12:56:53.645927
2010-10-15,15:15,60.5,,36.9,41.4,0.0,NW@3.4,5.3,59.1,0.0,182,"Wallula, Walla Walla County",300038,Wallula,2017-12-02 12:56:53.645927
2010-10-15,15:30,60.7,,37.2,41.4,0.0,NW@3.9,6.0,59.2,0.0,186,"Wallula, Walla Walla County",300038,Wallula,2017-12-02 12:56:53.645927
2010-10-15,15:45,61.2,,36.5,39.7,0.0,NW@3.5,5.3,59.3,0.0,193,"Wallula, Walla Walla County",300038,Wallula,2017-12-02 12:56:53.645927
2010-10-15,16:00,60.5,,36.9,41.4,0.0,N@3.9,7.1,59.4,0.0,177,"Wallula, Walla Walla County",300038,Wallula,2017-12-02 12:56:53.645927
2010-10-15,16:15,59.2,,36.5,42.7,0.0,N@3.8,6.4,59.6,0.0,137,"Wallula, Walla Walla County",300038,Wallula,2017-12-02 12:56:53.645927
2010-10-15,16:30,57.8,,37.6,46.8,0.0,NE@2.3,3.9,59.7,0.0,76,"Wallula, Walla Walla County",300038,Wallula,2017-12-02 12:56:53.645927
2010-10-15,16:45,56.8,,39.6,52.4,0.0,NE@2.2,2.8,59.7,0.0,67,"Wallula, Walla Walla County",300038,Wallula,2017-12-02 12:56:53.645927
2010-10-15,17:00,54.3,,39.4,57.1,0.0,E@2.5,3.5,59.8,0.0,21,"Wallula, Walla Walla County",300038,Wallula,2017-12-02 12:56:53.645927
2010-10-15,17:15,52.4,,39.6,61.6,0.0,E@2.8,3.5,59.9,0.0,6,"Wallula, Walla Walla County",300038,Wallula,2017-12-02 12:56:53.645927
2010-10-15,17:30,50.5,,40.9,69.3,0.0,E@2.7,3.5,60.0,0.0,1,"Wallula, Walla Walla County",300038,Wallula,2017-12-02 12:56:53.645927
2010-10-15,17:45,49.2,,41.7,75.3,0.0,E@3.0,3.9,60.0,0.0,0,"Wallula, Walla Walla County",300038,Wallula,2017-12-02 12:56:53.645927
2010-10-15,18:00,47.7,,41.3,78.4,0.0,E@2.8,3.9,60.1,0.0,0,"Wallula, Walla Walla County",300038,Wallula,2017-12-02 12:56:53.645927
2010-10-15,18:15,47.4,,41.0,78.3,0.0,E@2.7,4.2,60.1,0.0,0,"Wallula, Walla Walla County",300038,Wallula,2017-12-02 12:56:53.645927
2010-10-15,18:30,47.9,,40.7,76.1,0.0,E@2.9,4.2,60.1,0.0,0,"Wallula, Walla Walla County",300038,Wallula,2017-12-02 12:56:53.645927
2010-10-15,18:45,48.2,,39.2,70.6,0.0,E@2.7,3.5,60.1,0.0,0,"Wallula, Walla Walla County",300038,Wallula,2017-12-02 12:56:53.645927
2010-10-15,19:00,46.1,,39.6,77.9,0.0,E@2.3,3.9,60.1,0.0,0,"Wallula, Walla Walla County",300038,Wallula,2017-12-02 12:56:53.645927
2010-10-15,19:15,45.0,,39.4,80.6,0.0,E@2.5,3.1,60.1,0.0,0,"Wallula, Walla Walla County",300038,Wallula,2017-12-02 12:56:53.645927
2010-10-15,19:30,45.2,,38.8,78.0,0.0,E@1.4,2.8,60.0,0.0,0,"Wallula, Walla Walla County",300038,Wallula,2017-12-02 12:56:53.645927
2010-10-15,19:45,45.1,,38.4,77.3,0.0,NE@3.3,4.6,60.0,0.0,0,"Wallula, Walla Walla County",300038,Wallula,2017-12-02 12:56:53.645927
2010-10-15,20:00,44.8,,38.6,78.5,0.0,NE@3.7,4.6,60.0,0.0,0,"Wallula, Walla Walla County",300038,Wallula,2017-12-02 12:56:53.645927
2010-10-15,20:15,43.6,,38.1,80.8,0.0,E@3.1,3.9,59.9,0.0,0,"Wallula, Walla Walla County",300038,Wallula,2017-12-02 12:56:53.645927
2010-10-15,20:30,43.5,,37.5,79.2,0.0,NE@2.0,3.5,59.8,0.0,0,"Wallula, Walla Walla County",300038,Wallula,2017-12-02 12:56:53.645927
2010-10-15,20:45,43.4,,37.3,78.7,0.0,NE@2.4,3.5,59.8,0.0,0,"Wallula, Walla Walla County",300038,Wallula,2017-12-02 12:56:53.645927
2010-10-15,21:00,44.0,,37.3,77.1,0.0,NE@2.6,3.1,59.7,0.0,0,"Wallula, Walla Walla County",300038,Wallula,2017-12-02 12:56:53.645927
2010-10-15,21:15,42.3,,37.7,83.6,0.01,E@1.5,3.1,59.6,0.0,0,"Wallula, Walla Walla County",300038,Wallula,2017-12-02 12:56:53.645927
2010-10-15,21:30,40.5,,37.5,89.1,0.02,E@2.5,3.5,59.6,0.0,0,"Wallula, Walla Walla County",300038,Wallula,2017-12-02 12:56:53.645927
2010-10-15,21:45,41.1,,37.2,85.7,0.01,NE@3.4,4.6,59.5,0.0,0,"Wallula, Walla Walla County",300038,Wallula,2017-12-02 12:56:53.645927
2010-10-15,22:00,41.5,,36.7,82.6,0.0,E@3.7,4.6,59.4,0.0,0,"Wallula, Walla Walla County",300038,Wallula,2017-12-02 12:56:53.645927
2010-10-15,22:15,41.7,,36.9,82.7,0.0,E@3.6,4.6,59.3,0.0,0,"Wallula, Walla Walla County",300038,Wallula,2017-12-02 12:56:53.645927
2010-10-15,22:30,40.7,,37.6,88.6,0.01,SE@3.5,5.3,59.2,0.0,0,"Wallula, Walla Walla County",300038,Wallula,2017-12-02 12:56:53.645927
2010-10-15,22:45,40.1,,37.6,90.8,0.02,E@3.0,4.2,59.1,0.0,0,"Wallula, Walla Walla County",300038,Wallula,2017-12-02 12:56:53.645927
2010-10-15,23:00,40.5,,38.3,91.7,0.05,E@2.7,3.5,59.0,0.0,0,"Wallula, Walla Walla County",300038,Wallula,2017-12-02 12:56:53.645927
2010-10-16,23:15,41.2,,36.6,83.5,0.04,NE@2.3,3.5,58.9,0.0,0,"Wallula, Walla Walla County",300038,Wallula,2017-12-02 12:56:53.645927
2010-10-16,23:30,41.7,,36.5,81.7,0.01,E@2.6,3.9,58.8,0.0,0,"Wallula, Walla Walla County",300038,Wallula,2017-12-02 12:56:53.645927
2010-10-16,23:45,40.9,,37.8,88.6,0.03,E@1.1,2.4,58.7,0.0,0,"Wallula, Walla Walla County",300038,Wallula,2017-12-02 12:56:53.645927
2010-10-16,24:00,40.6,,38.3,91.6,0.08,E@1.6,3.1,58.6,0.0,0,"Wallula, Walla Walla County",300038,Wallula,2017-12-02 12:56:53.645927
2010-10-16,00:15,41.2,,39.3,92.9,0.13,E@2.3,3.5,58.5,0.0,0,"Wallula, Walla Walla County",300038,Wallula,2017-12-02 12:56:53.645927
2010-10-16,00:30,41.9,,39.3,90.3,0.14,E@2.7,3.5,58.4,0.0,0,"Wallula, Walla Walla County",300038,Wallula,2017-12-02 12:56:53.645927
2010-10-16,00:45,41.9,,38.9,89.2,0.07,E@2.9,3.9,58.3,0.0,0,"Wallula, Walla Walla County",300038,Wallula,2017-12-02 12:56:53.645927
2010-10-16,01:00,41.5,,38.7,89.9,0.06,E@2.3,3.5,58.2,0.0,0,"Wallula, Walla Walla County",300038,Wallula,2017-12-02 12:56:53.645927
2010-10-16,01:15,40.5,,38.1,91.1,0.08,E@3.0,4.6,58.1,0.0,0,"Wallula, Walla Walla County",300038,Wallula,2017-12-02 12:56:53.645927
2010-10-16,01:30,39.3,,38.1,95.2,0.2,E@2.4,3.9,58.0,0.0,0,"Wallula, Walla Walla County",300038,Wallula,2017-12-02 12:56:53.645927
2010-10-16,01:45,40.3,,37.9,91.1,0.27,E@2.5,3.9,57.9,0.0,0,"Wallula, Walla Walla County",300038,Wallula,2017-12-02 12:56:53.645927
2010-10-16,02:00,40.5,,37.5,88.7,0.26,E@2.7,4.2,57.8,0.0,0,"Wallula, Walla Walla County",300038,Wallula,2017-12-02 12:56:53.645927
2010-10-16,02:15,40.4,,37.1,87.9,0.24,NE@2.3,3.9,57.7,0.0,0,"Wallula, Walla Walla County",300038,Wallula,2017-12-02 12:56:53.645927
2010-10-16,02:30,39.5,,36.5,88.9,0.23,E@2.4,3.9,57.6,0.0,0,"Wallula, Walla Walla County",300038,Wallula,2017-12-02 12:56:53.645927
2010-10-16,02:45,38.4,,36.8,93.9,0.31,SE@3.0,4.2,57.5,0.0,0,"Wallula, Walla Walla County",300038,Wallula,2017-12-02 12:56:53.645927
2010-10-16,03:00,38.4,,36.8,94.0,0.39,E@1.5,3.1,57.4,0.0,0,"Wallula, Walla Walla County",300038,Wallula,2017-12-02 12:56:53.645927
2010-10-16,03:15,38.6,,36.2,91.0,0.46,NE@0.4,1.7,57.3,0.0,0,"Wallula, Walla Walla County",300038,Wallula,2017-12-02 12:56:53.645927
2010-10-16,03:30,38.5,,35.5,88.9,0.51,E@1.0,2.8,57.2,0.0,0,"Wallula, Walla Walla County",300038,Wallula,2017-12-02 12:56:53.645927
2010-10-16,03:45,38.4,,35.3,88.3,0.53,NE@2.6,3.9,57.1,0.0,0,"Wallula, Walla Walla County",300038,Wallula,2017-12-02 12:56:53.645927
2010-10-16,04:00,38.2,,35.0,88.3,0.5,NE@2.0,3.9,57.0,0.0,0,"Wallula, Walla Walla County",300038,Wallula,2017-12-02 12:56:53.645927
2010-10-16,04:15,38.6,,34.4,85.0,0.43,N@3.4,6.0,56.9,0.0,0,"Wallula, Walla Walla County",300038,Wallula,2017-12-02 12:56:53.645927
2010-10-16,04:30,38.9,,34.2,82.9,0.18,N@3.5,6.0,56.8,0.0,0,"Wallula, Walla Walla County",300038,Wallula,2017-12-02 12:56:53.645927
2010-10-16,04:45,38.4,,34.1,84.5,0.03,E@2.7,4.2,56.7,0.0,0,"Wallula, Walla Walla County",300038,Wallula,2017-12-02 12:56:53.645927
2010-10-16,05:00,38.2,,33.7,83.5,0.01,E@2.9,4.6,56.6,0.0,0,"Wallula, Walla Walla County",300038,Wallula,2017-12-02 12:56:53.645927
2010-10-16,05:15,38.1,,33.4,82.8,0.01,E@2.6,3.9,56.5,0.0,0,"Wallula, Walla Walla County",300038,Wallula,2017-12-02 12:56:53.645927
2010-10-16,05:30,37.9,,33.5,83.9,0.01,NE@1.9,3.5,56.4,0.0,0,"Wallula, Walla Walla County",300038,Wallula,2017-12-02 12:56:53.645927
2010-10-16,05:45,38.3,,32.7,80.0,0.01,N@2.1,4.9,56.3,0.0,0,"Wallula, Walla Walla County",300038,Wallula,2017-12-02 12:56:53.645927
2010-10-16,06:00,38.3,,32.5,79.3,0.01,N@2.4,4.9,56.3,0.0,0,"Wallula, Walla Walla County",300038,Wallula,2017-12-02 12:56:53.645927
2010-10-16,06:15,38.5,,32.8,79.6,0.0,NE@2.2,6.4,56.2,0.0,1,"Wallula, Walla Walla County",300038,Wallula,2017-12-02 12:56:53.645927
2010-10-16,06:30,38.6,,32.7,78.9,0.0,NE@2.8,4.9,56.1,0.0,13,"Wallula, Walla Walla County",300038,Wallula,2017-12-02 12:56:53.645927
2010-10-16,06:45,39.0,,32.4,77.0,0.0,NE@3.5,6.0,56.0,0.0,31,"Wallula, Walla Walla County",300038,Wallula,2017-12-02 12:56:53.645927
2010-10-16,07:00,39.7,,32.5,75.2,0.0,N@3.3,5.3,55.9,0.0,50,"Wallula, Walla Walla County",300038,Wallula,2017-12-02 12:56:53.645927
2010-10-16,07:15,40.5,,33.0,74.6,0.0,NE@2.8,3.9,55.8,0.0,81,"Wallula, Walla Walla County",300038,Wallula,2017-12-02 12:56:53.645927
2010-10-16,07:30,40.9,,32.8,72.8,0.0,N@3.4,5.3,55.7,0.0,78,"Wallula, Walla Walla County",300038,Wallula,2017-12-02 12:56:53.645927
2010-10-16,07:45,41.1,,32.6,71.4,0.0,N@4.0,6.4,55.6,0.0,110,"Wallula, Walla Walla County",300038,Wallula,2017-12-02 12:56:53.645927
2010-10-16,08:00,41.6,,33.3,72.2,0.0,N@2.3,4.6,55.6,0.0,107,"Wallula, Walla Walla County",300038,Wallula,2017-12-02 12:56:53.645927
2010-10-16,08:15,42.6,,33.6,70.3,0.0,NW@4.2,6.4,55.5,0.0,212,"Wallula, Walla Walla County",300038,Wallula,2017-12-02 12:56:53.645927
2010-10-16,08:30,43.9,,34.3,68.7,0.0,W@5.3,9.2,55.4,0.0,312,"Wallula, Walla Walla County",300038,Wallula,2017-12-02 12:56:53.645927
2010-10-16,08:45,44.2,,33.9,66.7,0.0,W@6.5,8.5,55.4,0.0,300,"Wallula, Walla Walla County",300038,Wallula,2017-12-02 12:56:53.645927
2010-10-16,09:00,45.1,,34.1,65.1,0.0,W@5.9,9.6,55.3,0.0,383,"Wallula, Walla Walla County",300038,Wallula,2017-12-02 12:56:53.645927
2010-10-16,09:15,45.4,,33.8,63.4,0.0,W@5.6,8.2,55.2,0.0,350,"Wallula, Walla Walla County",300038,Wallula,2017-12-02 12:56:53.645927
2010-10-16,09:30,46.1,,34.0,62.4,0.0,NW@5.6,8.2,55.2,0.0,357,"Wallula, Walla Walla County",300038,Wallula,2017-12-02 12:56:53.645927
2010-10-16,09:45,46.7,,34.9,63.3,0.0,NW@5.1,7.8,55.1,0.0,343,"Wallula, Walla Walla County",300038,Wallula,2017-12-02 12:56:53.645927
2010-10-16,10:00,47.5,,34.5,60.4,0.0,NW@5.3,8.9,55.1,0.0,378,"Wallula, Walla Walla County",300038,Wallula,2017-12-02 12:56:53.645927
2010-10-16,10:15,48.4,,34.9,59.3,0.0,NW@4.4,6.4,55.0,0.0,432,"Wallula, Walla Walla County",300038,Wallula,2017-12-02 12:56:53.645927
2010-10-16,10:30,48.7,,35.5,60.1,0.0,NW@4.3,6.4,55.0,0.0,370,"Wallula, Walla Walla County",300038,Wallula,2017-12-02 12:56:53.645927
2010-10-16,10:45,49.3,,35.1,57.8,0.0,NW@3.9,7.1,55.0,0.0,464,"Wallula, Walla Walla County",300038,Wallula,2017-12-02 12:56:53.645927
2010-10-16,11:00,49.9,,35.3,57.1,0.0,NW@4.1,7.4,55.0,0.0,508,"Wallula, Walla Walla County",300038,Wallula,2017-12-02 12:56:53.645927
2010-10-16,11:15,50.5,,35.6,56.5,0.0,NW@3.3,6.0,55.0,0.0,506,"Wallula, Walla Walla County",300038,Wallula,2017-12-02 12:56:53.645927
2010-10-16,11:30,50.9,,34.8,53.7,0.0,NW@2.1,5.3,55.0,0.0,468,"Wallula, Walla Walla County",300038,Wallula,2017-12-02 12:56:53.645927
2010-10-16,11:45,51.6,,35.0,52.7,0.0,NW@3.1,4.9,55.1,0.0,452,"Wallula, Walla Walla County",300038,Wallula,2017-12-02 12:56:53.645927
2010-10-16,12:00,51.9,,34.7,51.6,0.0,W@2.7,4.6,55.1,0.0,479,"Wallula, Walla Walla County",300038,Wallula,2017-12-02 12:56:53.645927
2010-10-16,12:15,52.8,,34.5,49.6,0.0,W@2.4,4.9,55.1,0.0,474,"Wallula, Walla Walla County",300038,Wallula,2017-12-02 12:56:53.645927
2010-10-16,12:30,53.1,,34.6,49.3,0.0,NW@2.5,4.2,55.2,0.0,465,"Wallula, Walla Walla County",300038,Wallula,2017-12-02 12:56:53.645927
2010-10-16,12:45,53.4,,34.4,48.4,0.0,NW@2.8,4.2,55.3,0.0,462,"Wallula, Walla Walla County",300038,Wallula,2017-12-02 12:56:53.645927
2010-10-16,13:00,54.4,,34.6,46.9,0.0,NW@2.5,3.9,55.4,0.0,428,"Wallula, Walla Walla County",300038,Wallula,2017-12-02 12:56:53.645927
2010-10-16,13:15,54.4,,34.7,47.1,0.0,W@2.8,4.6,55.5,0.0,345,"Wallula, Walla Walla County",300038,Wallula,2017-12-02 12:56:53.645927
2010-10-16,13:30,55.2,,34.9,46.1,0.0,NW@2.4,3.9,55.5,0.0,427,"Wallula, Walla Walla County",300038,Wallula,2017-12-02 12:56:53.645927
2010-10-16,13:45,55.5,,34.4,44.9,0.0,SW@3.2,5.3,55.7,0.0,437,"Wallula, Walla Walla County",300038,Wallula,2017-12-02 12:56:53.645927
2010-10-16,14:00,56.0,,35.1,45.3,0.0,SW@3.9,5.3,55.8,0.0,419,"Wallula, Walla Walla County",300038,Wallula,2017-12-02 12:56:53.645927
2010-10-16,14:15,56.3,,35.2,44.9,0.0,W@3.3,4.9,55.9,0.0,405,"Wallula, Walla Walla County",300038,Wallula,2017-12-02 12:56:53.645927
2010-10-16,14:30,56.0,,35.0,45.0,0.0,SW@3.4,4.9,56.0,0.0,342,"Wallula, Walla Walla County",300038,Wallula,2017-12-02 12:56:53.645927
2010-10-16,14:45,56.5,,35.7,45.4,0.0,W@3.5,4.9,56.1,0.0,335,"Wallula, Walla Walla County",300038,Wallula,2017-12-02 12:56:53.645927
2010-10-16,15:00,57.2,,36.1,45.1,0.0,SW@3.2,4.6,56.3,0.0,292,"Wallula, Walla Walla County",300038,Wallula,2017-12-02 12:56:53.645927
2010-10-16,15:15,57.0,,36.4,45.9,0.0,SW@3.4,4.9,56.4,0.0,237,"Wallula, Walla Walla County",300038,Wallula,2017-12-02 12:56:53.645927
2010-10-16,15:30,57.0,,36.3,45.6,0.0,SW@3.4,6.0,56.5,0.0,214,"Wallula, Walla Walla County",300038,Wallula,2017-12-02 12:56:53.645927
2010-10-16,15:45,57.2,,36.5,45.8,0.0,SW@2.5,3.9,56.7,0.0,162,"Wallula, Walla Walla County",300038,Wallula,2017-12-02 12:56:53.645927
2010-10-16,16:00,57.4,,37.4,46.9,0.0,SW@2.5,3.5,56.8,0.0,148,"Wallula, Walla Walla County",300038,Wallula,2017-12-02 12:56:53.645927
2010-10-16,16:15,57.2,,36.6,46.0,0.0,SW@2.6,3.9,56.9,0.0,109,"Wallula, Walla Walla County",300038,Wallula,2017-12-02 12:56:53.645927
2010-10-16,16:30,56.6,,40.7,55.2,0.0,S@0.6,3.5,57.0,0.0,91,"Wallula, Walla Walla County",300038,Wallula,2017-12-02 12:56:53.645927
2010-10-16,16:45,54.6,,41.8,61.9,0.0,SE@1.2,2.4,57.1,0.0,52,"Wallula, Walla Walla County",300038,Wallula,2017-12-02 12:56:53.645927
2010-10-16,17:00,52.9,,41.2,64.4,0.0,SE@1.5,2.4,57.3,0.0,20,"Wallula, Walla Walla County",300038,Wallula,2017-12-02 12:56:53.645927
2010-10-16,17:15,50.0,,42.2,74.4,0.0,SE@1.7,2.4,57.3,0.0,5,"Wallula, Walla Walla County",300038,Wallula,2017-12-02 12:56:53.645927
2010-10-16,17:30,48.0,,42.4,80.8,0.01,E@3.3,4.6,57.4,0.0,0,"Wallula, Walla Walla County",300038,Wallula,2017-12-02 12:56:53.645927
2010-10-16,17:45,47.7,,41.2,77.9,0.0,SE@3.8,4.9,57.5,0.0,0,"Wallula, Walla Walla County",300038,Wallula,2017-12-02 12:56:53.645927
2010-10-16,18:00,46.6,,39.4,75.6,0.0,E@3.2,4.2,57.5,0.0,0,"Wallula, Walla Walla County",300038,Wallula,2017-12-02 12:56:53.645927
2010-10-16,18:15,45.7,,38.1,74.4,0.0,E@3.6,4.6,57.6,0.0,0,"Wallula, Walla Walla County",300038,Wallula,2017-12-02 12:56:53.645927
2010-10-16,18:30,44.7,,37.8,76.5,0.0,E@3.7,4.9,57.6,0.0,0,"Wallula, Walla Walla County",300038,Wallula,2017-12-02 12:56:53.645927
2010-10-16,18:45,44.8,,38.1,77.1,0.0,E@3.1,4.6,57.6,0.0,0,"Wallula, Walla Walla County",300038,Wallula,2017-12-02 12:56:53.645927
2010-10-16,19:00,43.6,,38.0,80.3,0.0,E@2.7,3.9,57.6,0.0,0,"Wallula, Walla Walla County",300038,Wallula,2017-12-02 12:56:53.645927
2010-10-16,19:15,42.8,,37.3,80.9,0.0,E@3.5,5.7,57.6,0.0,0,"Wallula, Walla Walla County",300038,Wallula,2017-12-02 12:56:53.645927
2010-10-16,19:30,42.9,,37.2,80.3,0.0,E@3.1,4.2,57.6,0.0,0,"Wallula, Walla Walla County",300038,Wallula,2017-12-02 12:56:53.645927
2010-10-16,19:45,41.5,,37.3,84.8,0.01,E@3.3,4.9,57.6,0.0,0,"Wallula, Walla Walla County",300038,Wallula,2017-12-02 12:56:53.645927
2010-10-16,20:00,41.4,,37.9,87.2,0.01,E@3.8,5.7,57.6,0.0,0,"Wallula, Walla Walla County",300038,Wallula,2017-12-02 12:56:53.645927
2010-10-16,20:15,41.1,,37.6,87.1,0.01,E@3.2,4.6,57.5,0.0,0,"Wallula, Walla Walla County",300038,Wallula,2017-12-02 12:56:53.645927
2010-10-16,20:30,40.5,,37.0,87.2,0.01,E@3.1,4.2,57.5,0.0,0,"Wallula, Walla Walla County",300038,Wallula,2017-12-02 12:56:53.645927
2010-10-16,20:45,40.7,,36.7,85.4,0.01,E@3.6,5.7,57.4,0.0,0,"Wallula, Walla Walla County",300038,Wallula,2017-12-02 12:56:53.645927
2010-10-16,21:00,41.2,,36.6,83.7,0.0,E@3.7,5.3,57.4,0.0,0,"Wallula, Walla Walla County",300038,Wallula,2017-12-02 12:56:53.645927
2010-10-16,21:15,40.5,,36.9,86.7,0.01,E@3.6,5.3,57.3,0.0,0,"Wallula, Walla Walla County",300038,Wallula,2017-12-02 12:56:53.645927
2010-10-16,21:30,41.1,,37.2,85.8,0.01,E@3.7,5.7,57.3,0.0,0,"Wallula, Walla Walla County",300038,Wallula,2017-12-02 12:56:53.645927
2010-10-16,21:45,41.1,,37.3,86.1,0.01,E@3.5,5.7,57.2,0.0,0,"Wallula, Walla Walla County",300038,Wallula,2017-12-02 12:56:53.645927
2010-10-16,22:00,40.5,,37.2,87.8,0.01,E@3.4,4.6,57.1,0.0,0,"Wallula, Walla Walla County",300038,Wallula,2017-12-02 12:56:53.645927
2010-10-16,22:15,39.7,,36.7,88.8,0.01,E@3.3,4.9,57.0,0.0,0,"Wallula, Walla Walla County",300038,Wallula,2017-12-02 12:56:53.645927
2010-10-16,22:30,38.9,,36.4,90.8,0.02,E@3.1,5.7,57.0,0.0,0,"Wallula, Walla Walla County",300038,Wallula,2017-12-02 12:56:53.645927
2010-10-16,22:45,39.0,,36.4,90.4,0.02,E@3.6,5.3,56.9,0.0,0,"Wallula, Walla Walla County",300038,Wallula,2017-12-02 12:56:53.645927
2010-10-16,23:00,38.8,,36.4,91.0,0.02,E@3.2,4.2,56.8,0.0,0,"Wallula, Walla Walla County",300038,Wallula,2017-12-02 12:56:53.645927
2010-10-17,23:15,38.3,,36.3,92.5,0.04,E@3.5,5.3,56.7,0.0,0,"Wallula, Walla Walla County",300038,Wallula,2017-12-02 12:56:53.645927
2010-10-17,23:30,38.7,,36.5,91.8,0.04,E@3.6,5.7,56.7,0.0,0,"Wallula, Walla Walla County",300038,Wallula,2017-12-02 12:56:53.645927
2010-10-17,23:45,38.7,,36.4,91.3,0.04,E@3.5,5.7,56.6,0.0,0,"Wallula, Walla Walla County",300038,Wallula,2017-12-02 12:56:53.645927
2010-10-17,24:00,38.6,,36.4,91.4,0.03,E@3.3,5.3,56.5,0.0,0,"Wallula, Walla Walla County",300038,Wallula,2017-12-02 12:56:53.645927
2010-10-17,00:15,38.9,,36.2,90.1,0.02,E@3.8,5.3,56.4,0.0,0,"Wallula, Walla Walla County",300038,Wallula,2017-12-02 12:56:53.645927
2010-10-17,00:30,38.6,,36.1,90.5,0.02,E@3.6,5.7,56.3,0.0,0,"Wallula, Walla Walla County",300038,Wallula,2017-12-02 12:56:53.645927
2010-10-17,00:45,38.2,,35.8,90.8,0.04,E@3.4,5.3,56.2,0.0,0,"Wallula, Walla Walla County",300038,Wallula,2017-12-02 12:56:53.645927
2010-10-17,01:00,37.9,,35.5,91.0,0.05,E@3.5,4.9,56.1,0.0,0,"Wallula, Walla Walla County",300038,Wallula,2017-12-02 12:56:53.645927
2010-10-17,01:15,37.8,,35.3,90.8,0.06,E@2.4,4.6,56.1,0.0,0,"Wallula, Walla Walla County",300038,Wallula,2017-12-02 12:56:53.645927
2010-10-17,01:30,36.9,,34.7,91.8,0.13,E@2.3,3.9,56.0,0.0,0,"Wallula, Walla Walla County",300038,Wallula,2017-12-02 12:56:53.645927
2010-10-17,01:45,36.6,,34.7,92.9,0.17,E@3.5,5.3,55.9,0.0,0,"Wallula, Walla Walla County",300038,Wallula,2017-12-02 12:56:53.645927
2010-10-17,02:00,36.8,,34.6,92.0,0.19,E@3.0,4.9,55.8,0.0,0,"Wallula, Walla Walla County",300038,Wallula,2017-12-02 12:56:53.645927
2010-10-17,02:15,36.2,,34.3,92.6,0.22,E@2.5,3.9,55.7,0.0,0,"Wallula, Walla Walla County",300038,Wallula,2017-12-02 12:56:53.645927
2010-10-17,02:30,35.5,,34.0,94.1,0.29,E@2.8,4.9,55.6,0.0,0,"Wallula, Walla Walla County",300038,Wallula,2017-12-02 12:56:53.645927
2010-10-17,02:45,36.0,,34.3,93.3,0.34,E@4.4,6.4,55.6,0.0,0,"Wallula, Walla Walla County",300038,Wallula,2017-12-02 12:56:53.645927
2010-10-17,03:00,36.4,,34.2,91.5,0.3,E@4.0,6.0,55.5,0.0,0,"Wallula, Walla Walla County",300038,Wallula,2017-12-02 12:56:53.645927
2010-10-17,03:15,35.4,,33.5,92.4,0.31,E@3.4,4.9,55.4,0.0,0,"Wallula, Walla Walla County",300038,Wallula,2017-12-02 12:56:53.645927
2010-10-17,03:30,35.0,,33.4,93.8,0.35,E@3.7,6.0,55.3,0.0,0,"Wallula, Walla Walla County",300038,Wallula,2017-12-02 12:56:53.645927
2010-10-17,03:45,34.7,,33.1,93.9,0.39,E@3.4,4.9,55.2,0.0,0,"Wallula, Walla Walla County",300038,Wallula,2017-12-02 12:56:53.645927
2010-10-17,04:00,34.1,,32.8,94.6,0.45,E@3.1,4.9,55.1,0.0,0,"Wallula, Walla Walla County",300038,Wallula,2017-12-02 12:56:53.645927
2010-10-17,04:15,34.0,,32.8,95.0,0.52,E@2.5,4.2,55.0,0.0,0,"Wallula, Walla Walla County",300038,Wallula,2017-12-02 12:56:53.645927
2010-10-17,04:30,33.7,,32.6,95.4,0.6,E@2.3,3.9,54.9,0.0,0,"Wallula, Walla Walla County",300038,Wallula,2017-12-02 12:56:53.645927
2010-10-17,04:45,33.5,,32.3,95.0,0.68,E@0.8,3.1,54.8,0.0,0,"Wallula, Walla Walla County",300038,Wallula,2017-12-02 12:56:53.645927
2010-10-17,05:00,32.8,,31.7,95.6,0.74,E@2.4,3.5,54.7,0.0,0,"Wallula, Walla Walla County",300038,Wallula,2017-12-02 12:56:53.645927
2010-10-17,05:15,32.8,,31.7,95.9,0.79,E@2.1,3.1,54.7,0.0,0,"Wallula, Walla Walla County",300038,Wallula,2017-12-02 12:56:53.645927
2010-10-17,05:30,32.5,,31.5,96.1,0.82,E@2.7,3.9,54.6,0.0,0,"Wallula, Walla Walla County",300038,Wallula,2017-12-02 12:56:53.645927
2010-10-17,05:45,32.3,,31.4,96.2,0.85,E@2.6,4.2,54.5,0.0,0,"Wallula, Walla Walla County",300038,Wallula,2017-12-02 12:56:53.645927
2010-10-17,06:00,32.7,,31.7,96.1,0.87,E@2.7,3.5,54.4,0.0,0,"Wallula, Walla Walla County",300038,Wallula,2017-12-02 12:56:53.645927
2010-10-17,06:15,32.0,,31.0,96.0,0.89,E@2.5,3.9,54.3,0.0,2,"Wallula, Walla Walla County",300038,Wallula,2017-12-02 12:56:53.645927
2010-10-17,06:30,31.9,,30.9,96.4,0.9,E@2.5,3.5,54.2,0.0,8,"Wallula, Walla Walla County",300038,Wallula,2017-12-02 12:56:53.645927
2010-10-17,06:45,31.9,,30.9,96.4,0.91,E@2.6,4.2,54.1,0.0,18,"Wallula, Walla Walla County",300038,Wallula,2017-12-02 12:56:53.645927
2010-10-17,07:00,32.5,,31.8,97.3,0.92,E@2.8,3.9,54.0,0.0,53,"Wallula, Walla Walla County",300038,Wallula,2017-12-02 12:56:53.645927
2010-10-17,07:15,33.9,,33.1,96.7,0.93,E@3.2,4.9,53.9,0.0,108,"Wallula, Walla Walla County",300038,Wallula,2017-12-02 12:56:53.645927
2010-10-17,07:30,35.1,,33.9,95.1,0.93,E@2.7,4.2,53.8,0.0,139,"Wallula, Walla Walla County",300038,Wallula,2017-12-02 12:56:53.645927
2010-10-17,07:45,36.8,,35.3,94.2,0.92,E@2.6,3.9,53.7,0.0,135,"Wallula, Walla Walla County",300038,Wallula,2017-12-02 12:56:53.645927
2010-10-17,08:00,38.1,,36.8,94.9,0.91,SE@2.1,3.5,53.6,0.0,134,"Wallula, Walla Walla County",300038,Wallula,2017-12-02 12:56:53.645927
2010-10-17,08:15,40.9,,38.7,91.9,0.9,E@1.2,3.5,53.6,0.0,197,"Wallula, Walla Walla County",300038,Wallula,2017-12-02 12:56:53.645927
2010-10-17,08:30,41.7,,39.0,89.9,0.85,NE@1.2,2.8,53.5,0.0,152,"Wallula, Walla Walla County",300038,Wallula,2017-12-02 12:56:53.645927
2010-10-17,08:45,42.2,,39.8,90.8,0.74,S@1.7,3.9,53.4,0.0,172,"Wallula, Walla Walla County",300038,Wallula,2017-12-02 12:56:53.645927
2010-10-17,09:00,42.6,,40.0,90.6,0.5,NW@2.1,4.2,53.3,0.0,188,"Wallula, Walla Walla County",300038,Wallula,2017-12-02 12:56:53.645927
2010-10-17,09:15,43.4,,40.2,88.3,0.19,W@1.9,4.2,53.3,0.0,319,"Wallula, Walla Walla County",300038,Wallula,2017-12-02 12:56:53.645927
2010-10-17,09:30,44.0,,40.4,87.0,0.01,W@2.9,4.9,53.2,0.0,375,"Wallula, Walla Walla County",300038,Wallula,2017-12-02 12:56:53.645927
2010-10-17,09:45,45.1,,41.0,85.6,0.0,W@2.1,4.9,53.2,0.0,427,"Wallula, Walla Walla County",300038,Wallula,2017-12-02 12:56:53.645927
2010-10-17,10:00,45.8,,41.3,84.3,0.0,SW@2.8,4.9,53.1,0.0,446,"Wallula, Walla Walla County",300038,Wallula,2017-12-02 12:56:53.645927
2010-10-17,10:15,46.2,,41.2,82.5,0.0,W@3.6,5.7,53.1,0.0,474,"Wallula, Walla Walla County",300038,Wallula,2017-12-02 12:56:53.645927
2010-10-17,10:30,47.1,,40.7,78.5,0.0,W@3.8,5.3,53.1,0.0,496,"Wallula, Walla Walla County",300038,Wallula,2017-12-02 12:56:53.645927
2010-10-17,10:45,48.2,,40.4,74.1,0.0,W@3.5,5.7,53.1,0.0,513,"Wallula, Walla Walla County",300038,Wallula,2017-12-02 12:56:53.645927
2010-10-17,11:00,49.0,,39.5,69.6,0.0,NW@4.6,6.4,53.1,0.0,526,"Wallula, Walla Walla County",300038,Wallula,2017-12-02 12:56:53.645927
2010-10-17,11:15,50.1,,39.1,65.8,0.0,NW@4.8,7.1,53.1,0.0,536,"Wallula, Walla Walla County",300038,Wallula,2017-12-02 12:56:53.645927
2010-10-17,11:30,50.8,,39.5,64.8,0.0,NW@5.2,7.1,53.1,0.0,540,"Wallula, Walla Walla County",300038,Wallula,2017-12-02 12:56:53.645927
2010-10-17,11:45,51.6,,39.9,64.1,0.0,NW@5.2,7.1,53.2,0.0,541,"Wallula, Walla Walla County",300038,Wallula,2017-12-02 12:56:53.645927
2010-10-17,12:00,52.0,,40.4,64.4,0.0,NW@4.7,7.1,53.2,0.0,544,"Wallula, Walla Walla County",300038,Wallula,2017-12-02 12:56:53.645927
2010-10-17,12:15,52.8,,40.8,63.4,0.0,NW@4.6,6.7,53.3,0.0,536,"Wallula, Walla Walla County",300038,Wallula,2017-12-02 12:56:53.645927
2010-10-17,12:30,53.2,,39.4,59.2,0.0,NW@4.6,6.7,53.4,0.0,530,"Wallula, Walla Walla County",300038,Wallula,2017-12-02 12:56:53.645927
2010-10-17,12:45,54.2,,39.4,57.2,0.0,NW@4.1,6.4,53.4,0.0,516,"Wallula, Walla Walla County",300038,Wallula,2017-12-02 12:56:53.645927
2010-10-17,13:00,55.0,,40.3,57.4,0.0,NW@4.7,7.1,53.5,0.0,511,"Wallula, Walla Walla County",300038,Wallula,2017-12-02 12:56:53.645927
2010-10-17,13:15,55.1,,40.4,57.6,0.0,NW@4.9,7.4,53.7,0.0,478,"Wallula, Walla Walla County",300038,Wallula,2017-12-02 12:56:53.645927
2010-10-17,13:30,56.2,,40.6,55.8,0.0,NW@4.8,6.7,53.8,0.0,440,"Wallula, Walla Walla County",300038,Wallula,2017-12-02 12:56:53.645927
2010-10-17,13:45,56.3,,40.5,55.3,0.0,W@4.2,5.7,53.9,0.0,448,"Wallula, Walla Walla County",300038,Wallula,2017-12-02 12:56:53.645927
2010-10-17,14:00,56.9,,40.8,54.7,0.0,W@3.7,5.3,54.0,0.0,424,"Wallula, Walla Walla County",300038,Wallula,2017-12-02 12:56:53.645927
2010-10-17,14:15,58.0,,41.3,53.5,0.0,NW@3.6,4.9,54.2,0.0,397,"Wallula, Walla Walla County",300038,Wallula,2017-12-02 12:56:53.645927
2010-10-17,14:30,58.3,,41.6,53.7,0.0,NW@3.8,4.9,54.3,0.0,367,"Wallula, Walla Walla County",300038,Wallula,2017-12-02 12:56:53.645927
2010-10-17,14:45,58.9,,41.9,53.2,0.0,SW@3.9,6.0,54.5,0.0,335,"Wallula, Walla Walla County",300038,Wallula,2017-12-02 12:56:53.645927
2010-10-17,15:00,59.7,,41.1,50.0,0.0,SW@3.0,4.9,54.6,0.0,301,"Wallula, Walla Walla County",300038,Wallula,2017-12-02 12:56:53.645927
2010-10-17,15:15,60.1,,41.3,49.6,0.0,SW@3.5,6.4,54.8,0.0,267,"Wallula, Walla Walla County",300038,Wallula,2017-12-02 12:56:53.645927
2010-10-17,15:30,60.0,,41.1,49.6,0.0,SW@4.1,6.0,54.9,0.0,230,"Wallula, Walla Walla County",300038,Wallula,2017-12-02 12:56:53.645927
2010-10-17,15:45,60.2,,41.1,49.1,0.0,SW@3.6,5.3,55.1,0.0,193,"Wallula, Walla Walla County",300038,Wallula,2017-12-02 12:56:53.645927
2010-10-17,16:00,60.3,,41.8,50.4,0.0,W@3.4,5.3,55.2,0.0,158,"Wallula, Walla Walla County",300038,Wallula,2017-12-02 12:56:53.645927
2010-10-17,16:15,59.9,,42.6,52.8,0.0,W@4.7,6.4,55.4,0.0,122,"Wallula, Walla Walla County",300038,Wallula,2017-12-02 12:56:53.645927
2010-10-17,16:30,59.2,,42.3,53.5,0.0,W@4.6,6.4,55.5,0.0,87,"Wallula, Walla Walla County",300038,Wallula,2017-12-02 12:56:53.645927
2010-10-17,16:45,58.7,,42.0,53.8,0.0,W@4.2,6.0,55.7,0.0,54,"Wallula, Walla Walla County",300038,Wallula,2017-12-02 12:56:53.645927
2010-10-17,17:00,57.3,,42.2,56.8,0.0,SW@4.5,6.4,55.8,0.0,20,"Wallula, Walla Walla County",300038,Wallula,2017-12-02 12:56:53.645927
2010-10-17,17:15,55.5,,42.9,62.4,0.0,W@4.6,6.0,55.9,0.0,5,"Wallula, Walla Walla County",300038,Wallula,2017-12-02 12:56:53.645927
2010-10-17,17:30,52.7,,44.4,73.1,0.0,S@1.8,4.6,56.0,0.0,0,"Wallula, Walla Walla County",300038,Wallula,2017-12-02 12:56:53.645927
2010-10-17,17:45,49.5,,44.0,81.4,0.01,SE@1.7,2.8,56.1,0.0,0,"Wallula, Walla Walla County",300038,Wallula,2017-12-02 12:56:53.645927
2010-10-17,18:00,48.4,,43.5,83.1,0.01,SE@3.1,4.2,56.2,0.0,0,"Wallula, Walla Walla County",300038,Wallula,2017-12-02 12:56:53.645927
2010-10-17,18:15,47.2,,42.1,82.3,0.01,E@3.5,4.6,56.3,0.0,0,"Wallula, Walla Walla County",300038,Wallula,2017-12-02 12:56:53.645927
2010-10-17,18:30,46.0,,41.0,82.6,0.01,E@3.0,3.5,56.3,0.0,0,"Wallula, Walla Walla County",300038,Wallula,2017-12-02 12:56:53.645927
2010-10-17,18:45,43.7,,39.9,86.3,0.02,E@3.5,4.6,56.4,0.0,0,"Wallula, Walla Walla County",300038,Wallula,2017-12-02 12:56:53.645927
2010-10-17,19:00,44.7,,40.0,83.5,0.01,E@3.5,4.2,56.4,0.0,0,"Wallula, Walla Walla County",300038,Wallula,2017-12-02 12:56:53.645927
2010-10-17,19:15,46.1,,39.5,77.7,0.0,E@3.2,3.9,56.4,0.0,0,"Wallula, Walla Walla County",300038,Wallula,2017-12-02 12:56:53.645927
2010-10-17,19:30,45.8,,38.2,74.3,0.0,E@3.2,3.9,56.4,0.0,0,"Wallula, Walla Walla County",300038,Wallula,2017-12-02 12:56:53.645927
2010-10-17,19:45,45.0,,37.9,75.9,0.0,E@2.3,3.5,56.4,0.0,0,"Wallula, Walla Walla County",300038,Wallula,2017-12-02 12:56:53.645927
2010-10-17,20:00,43.7,,39.4,84.7,0.01,E@3.5,4.6,56.4,0.0,0,"Wallula, Walla Walla County",300038,Wallula,2017-12-02 12:56:53.645927
2010-10-17,20:15,43.7,,39.5,84.8,0.01,E@3.8,4.6,56.4,0.0,0,"Wallula, Walla Walla County",300038,Wallula,2017-12-02 12:56:53.645927
2010-10-17,20:30,42.6,,38.7,85.7,0.01,E@3.5,4.9,56.3,0.0,0,"Wallula, Walla Walla County",300038,Wallula,2017-12-02 12:56:53.645927
2010-10-17,20:45,40.4,,37.5,89.0,0.03,E@3.7,4.6,56.3,0.0,0,"Wallula, Walla Walla County",300038,Wallula,2017-12-02 12:56:53.645927
2010-10-17,21:00,39.7,,36.6,88.7,0.03,E@3.0,4.2,56.3,0.0,0,"Wallula, Walla Walla County",300038,Wallula,2017-12-02 12:56:53.645927
2010-10-17,21:15,38.9,,36.1,89.5,0.06,E@3.0,3.9,56.2,0.0,0,"Wallula, Walla Walla County",300038,Wallula,2017-12-02 12:56:53.645927
2010-10-17,21:30,38.3,,36.0,91.6,0.11,E@3.1,3.9,56.1,0.0,0,"Wallula, Walla Walla County",300038,Wallula,2017-12-02 12:56:53.645927
2010-10-17,21:45,38.6,,36.0,90.2,0.13,E@3.3,4.2,56.1,0.0,0,"Wallula, Walla Walla County",300038,Wallula,2017-12-02 12:56:53.645927
2010-10-17,22:00,38.4,,36.0,91.2,0.18,E@1.2,3.1,56.0,0.0,0,"Wallula, Walla Walla County",300038,Wallula,2017-12-02 12:56:53.645927
2010-10-17,22:15,37.3,,35.6,93.2,0.27,E@1.2,3.1,55.9,0.0,0,"Wallula, Walla Walla County",300038,Wallula,2017-12-02 12:56:53.645927
2010-10-17,22:30,37.6,,36.0,93.6,0.36,E@3.0,3.9,55.9,0.0,0,"Wallula, Walla Walla County",300038,Wallula,2017-12-02 12:56:53.645927
2010-10-17,22:45,37.3,,35.2,92.1,0.41,E@3.2,4.2,55.8,0.0,0,"Wallula, Walla Walla County",300038,Wallula,2017-12-02 12:56:53.645927
2010-10-17,23:00,36.9,,34.8,92.2,0.45,E@3.2,4.2,55.7,0.0,0,"Wallula, Walla Walla County",300038,Wallula,2017-12-02 12:56:53.645927
2010-10-18,23:15,36.4,,34.8,93.9,0.5,E@2.8,3.9,55.6,0.0,0,"Wallula, Walla Walla County",300038,Wallula,2017-12-02 12:56:53.645927
2010-10-18,23:30,36.1,,34.9,95.6,0.57,E@3.4,4.6,55.6,0.0,0,"Wallula, Walla Walla County",300038,Wallula,2017-12-02 12:56:53.645927
2010-10-18,23:45,35.6,,34.5,95.8,0.63,E@3.1,4.2,55.5,0.0,0,"Wallula, Walla Walla County",300038,Wallula,2017-12-02 12:56:53.645927
2010-10-18,24:00,35.7,,34.5,95.2,0.69,E@3.4,5.3,55.4,0.0,0,"Wallula, Walla Walla County",300038,Wallula,2017-12-02 12:56:53.645927
2010-10-18,00:15,35.6,,34.6,96.0,0.74,E@3.6,5.3,55.3,0.0,0,"Wallula, Walla Walla County",300038,Wallula,2017-12-02 12:56:53.645927
2010-10-18,00:30,35.0,,34.2,96.8,0.78,SE@4.3,5.7,55.2,0.0,0,"Wallula, Walla Walla County",300038,Wallula,2017-12-02 12:56:53.645927
2010-10-18,00:45,34.9,,34.2,97.0,0.81,E@4.0,6.0,55.1,0.0,0,"Wallula, Walla Walla County",300038,Wallula,2017-12-02 12:56:53.645927
2010-10-18,01:00,35.0,,34.2,97.0,0.83,SE@4.3,6.0,55.0,0.0,0,"Wallula, Walla Walla County",300038,Wallula,2017-12-02 12:56:53.645927
2010-10-18,01:15,35.5,,34.6,96.6,0.85,E@4.0,6.0,54.9,0.0,0,"Wallula, Walla Walla County",300038,Wallula,2017-12-02 12:56:53.645927
2010-10-18,01:30,35.5,,34.4,96.0,0.86,E@3.5,4.6,54.8,0.0,0,"Wallula, Walla Walla County",300038,Wallula,2017-12-02 12:56:53.645927
2010-10-18,01:45,35.5,,34.3,95.1,0.86,E@4.1,6.0,54.7,0.0,0,"Wallula, Walla Walla County",300038,Wallula,2017-12-02 12:56:53.645927
2010-10-18,02:00,35.9,,34.4,94.5,0.86,E@4.2,6.4,54.7,0.0,0,"Wallula, Walla Walla County",300038,Wallula,2017-12-02 12:56:53.645927
2010-10-18,02:15,35.9,,34.3,93.6,0.85,E@4.0,5.7,54.6,0.0,0,"Wallula, Walla Walla County",300038,Wallula,2017-12-02 12:56:53.645927
2010-10-18,02:30,35.7,,34.3,94.5,0.84,E@4.5,6.4,54.5,0.0,0,"Wallula, Walla Walla County",300038,Wallula,2017-12-02 12:56:53.645927
2010-10-18,02:45,35.7,,34.5,95.4,0.83,E@4.5,6.4,54.4,0.0,0,"Wallula, Walla Walla County",300038,Wallula,2017-12-02 12:56:53.645927
2010-10-18,03:00,35.6,,34.4,95.5,0.84,E@3.7,7.8,54.3,0.0,0,"Wallula, Walla Walla County",300038,Wallula,2017-12-02 12:56:53.645927
2010-10-18,03:15,35.7,,34.2,94.3,0.85,E@3.9,6.7,54.2,0.0,0,"Wallula, Walla Walla County",300038,Wallula,2017-12-02 12:56:53.645927
2010-10-18,03:30,35.5,,34.2,94.8,0.85,E@4.5,7.1,54.1,0.0,0,"Wallula, Walla Walla County",300038,Wallula,2017-12-02 12:56:53.645927
2010-10-18,03:45,35.2,,33.9,94.7,0.84,E@4.3,6.4,54.0,0.0,0,"Wallula, Walla Walla County",300038,Wallula,2017-12-02 12:56:53.645927
2010-10-18,04:00,35.0,,33.7,95.0,0.84,E@4.7,6.7,54.0,0.0,0,"Wallula, Walla Walla County",300038,Wallula,2017-12-02 12:56:53.645927
2010-10-18,04:15,34.9,,33.7,95.2,0.84,SE@4.1,6.7,53.9,0.0,0,"Wallula, Walla Walla County",300038,Wallula,2017-12-02 12:56:53.645927
2010-10-18,04:30,34.5,,33.2,94.9,0.83,E@4.0,6.0,53.8,0.0,0,"Wallula, Walla Walla County",300038,Wallula,2017-12-02 12:56:53.645927
2010-10-18,04:45,34.2,,33.1,95.4,0.83,E@4.7,6.7,53.7,0.0,0,"Wallula, Walla Walla County",300038,Wallula,2017-12-02 12:56:53.645927
2010-10-18,05:00,33.4,,32.5,96.5,0.84,E@4.5,6.7,53.6,0.0,0,"Wallula, Walla Walla County",300038,Wallula,2017-12-02 12:56:53.645927
2010-10-18,05:15,33.6,,32.7,96.4,0.84,E@4.2,6.0,53.5,0.0,0,"Wallula, Walla Walla County",300038,Wallula,2017-12-02 12:56:53.645927
2010-10-18,05:30,33.6,,32.6,95.7,0.85,E@4.5,6.7,53.5,0.0,0,"Wallula, Walla Walla County",300038,Wallula,2017-12-02 12:56:53.645927
2010-10-18,05:45,33.2,,32.3,96.3,0.85,SE@4.8,7.1,53.4,0.0,0,"Wallula, Walla Walla County",300038,Wallula,2017-12-02 12:56:53.645927
2010-10-18,06:00,33.2,,32.3,96.7,0.86,E@4.5,7.1,53.3,0.0,0,"Wallula, Walla Walla County",300038,Wallula,2017-12-02 12:56:53.645927
2010-10-18,06:15,33.0,,32.0,96.1,0.86,E@4.7,7.1,53.2,0.0,1,"Wallula, Walla Walla County",300038,Wallula,2017-12-02 12:56:53.645927
2010-10-18,06:30,32.7,,31.8,96.4,0.87,E@4.1,6.0,53.2,0.0,9,"Wallula, Walla Walla County",300038,Wallula,2017-12-02 12:56:53.645927
2010-10-18,06:45,33.4,,32.5,96.6,0.88,E@3.9,6.4,53.1,0.0,21,"Wallula, Walla Walla County",300038,Wallula,2017-12-02 12:56:53.645927
2010-10-18,07:00,33.7,,32.8,96.3,0.89,SE@4.2,6.0,53.0,0.0,37,"Wallula, Walla Walla County",300038,Wallula,2017-12-02 12:56:53.645927
2010-10-18,07:15,35.0,,33.8,95.4,0.89,E@5.0,7.4,52.9,0.0,94,"Wallula, Walla Walla County",300038,Wallula,2017-12-02 12:56:53.645927
2010-10-18,07:30,36.8,,34.6,91.4,0.88,E@4.5,7.8,52.9,0.0,146,"Wallula, Walla Walla County",300038,Wallula,2017-12-02 12:56:53.645927
2010-10-18,07:45,37.9,,35.2,90.1,0.81,E@4.8,7.4,52.8,0.0,144,"Wallula, Walla Walla County",300038,Wallula,2017-12-02 12:56:53.645927
2010-10-18,08:00,38.4,,35.7,89.9,0.69,E@4.1,7.1,52.7,0.0,157,"Wallula, Walla Walla County",300038,Wallula,2017-12-02 12:56:53.645927
2010-10-18,08:15,40.8,,37.0,86.2,0.42,E@4.1,6.0,52.6,0.0,234,"Wallula, Walla Walla County",300038,Wallula,2017-12-02 12:56:53.645927
2010-10-18,08:30,43.3,,38.7,83.6,0.07,SE@4.5,8.2,52.5,0.0,276,"Wallula, Walla Walla County",300038,Wallula,2017-12-02 12:56:53.645927
2010-10-18,08:45,45.0,,39.0,79.4,0.0,SE@4.0,6.4,52.5,0.0,315,"Wallula, Walla Walla County",300038,Wallula,2017-12-02 12:56:53.645927
2010-10-18,09:00,47.1,,39.9,76.0,0.0,SE@3.4,6.0,52.4,0.0,344,"Wallula, Walla Walla County",300038,Wallula,2017-12-02 12:56:53.645927
2010-10-18,09:15,48.2,,39.8,72.6,0.0,S@4.9,8.5,52.3,0.0,379,"Wallula, Walla Walla County",300038,Wallula,2017-12-02 12:56:53.645927
2010-10-18,09:30,49.7,,39.6,67.9,0.0,S@6.0,11.0,52.3,0.0,388,"Wallula, Walla Walla County",300038,Wallula,2017-12-02 12:56:53.645927
2010-10-18,09:45,50.9,,39.7,65.5,0.0,SW@6.8,9.6,52.2,0.0,422,"Wallula, Walla Walla County",300038,Wallula,2017-12-02 12:56:53.645927
2010-10-18,10:00,51.7,,40.9,66.3,0.0,SW@6.3,10.7,52.2,0.0,459,"Wallula, Walla Walla County",300038,Wallula,2017-12-02 12:56:53.645927
2010-10-18,10:15,52.4,,40.3,63.3,0.0,SW@7.4,10.7,52.2,0.0,474,"Wallula, Walla Walla County",300038,Wallula,2017-12-02 12:56:53.645927
2010-10-18,10:30,52.5,,40.4,63.1,0.0,SW@8.6,11.4,52.2,0.0,488,"Wallula, Walla Walla County",300038,Wallula,2017-12-02 12:56:53.645927
2010-10-18,10:45,53.0,,39.8,60.5,0.0,SW@8.5,12.1,52.2,0.0,470,"Wallula, Walla Walla County",300038,Wallula,2017-12-02 12:56:53.645927
2010-10-18,11:00,54.4,,40.2,58.5,0.0,SW@8.2,11.0,52.2,0.0,546,"Wallula, Walla Walla County",300038,Wallula,2017-12-02 12:56:53.645927
2010-10-18,11:15,55.4,,39.9,55.8,0.0,SW@7.9,11.0,52.2,0.0,544,"Wallula, Walla Walla County",300038,Wallula,2017-12-02 12:56:53.645927
2010-10-18,11:30,55.8,,39.4,54.0,0.0,S@6.1,9.9,52.3,0.0,379,"Wallula, Walla Walla County",300038,Wallula,2017-12-02 12:56:53.645927
2010-10-18,11:45,57.2,,40.3,53.2,0.0,SW@6.0,8.2,52.3,0.0,470,"Wallula, Walla Walla County",300038,Wallula,2017-12-02 12:56:53.645927
2010-10-18,12:00,57.9,,40.8,52.8,0.0,SW@5.6,8.5,52.4,0.0,503,"Wallula, Walla Walla County",300038,Wallula,2017-12-02 12:56:53.645927
2010-10-18,12:15,58.1,,41.0,52.8,0.0,SW@5.8,8.2,52.5,0.0,493,"Wallula, Walla Walla County",300038,Wallula,2017-12-02 12:56:53.645927
2010-10-18,12:30,57.9,,41.7,54.6,0.0,SW@5.9,7.8,52.5,0.0,466,"Wallula, Walla Walla County",300038,Wallula,2017-12-02 12:56:53.645927
2010-10-18,12:45,58.1,,42.3,55.6,0.0,W@5.5,7.4,52.7,0.0,476,"Wallula, Walla Walla County",300038,Wallula,2017-12-02 12:56:53.645927
2010-10-18,13:00,58.1,,41.3,53.4,0.0,W@4.4,6.0,52.8,0.0,485,"Wallula, Walla Walla County",300038,Wallula,2017-12-02 12:56:53.645927
2010-10-18,13:15,58.3,,40.8,52.1,0.0,W@4.2,5.3,52.9,0.0,448,"Wallula, Walla Walla County",300038,Wallula,2017-12-02 12:56:53.645927
2010-10-18,13:30,58.8,,40.2,50.1,0.0,W@3.7,5.3,53.0,0.0,427,"Wallula, Walla Walla County",300038,Wallula,2017-12-02 12:56:53.645927
2010-10-18,13:45,59.1,,40.4,49.9,0.0,W@4.0,4.9,53.2,0.0,443,"Wallula, Walla Walla County",300038,Wallula,2017-12-02 12:56:53.645927
2010-10-18,14:00,58.9,,40.9,51.1,0.0,W@4.3,5.7,53.3,0.0,392,"Wallula, Walla Walla County",300038,Wallula,2017-12-02 12:56:53.645927
2010-10-18,14:15,59.8,,40.6,49.0,0.0,W@3.6,4.9,53.5,0.0,387,"Wallula, Walla Walla County",300038,Wallula,2017-12-02 12:56:53.645927
2010-10-18,14:30,60.1,,39.4,46.2,0.0,SW@3.1,4.9,53.6,0.0,247,"Wallula, Walla Walla County",300038,Wallula,2017-12-02 12:56:53.645927
2010-10-18,14:45,60.7,,40.1,46.4,0.0,SW@4.0,5.7,53.8,0.0,279,"Wallula, Walla Walla County",300038,Wallula,2017-12-02 12:56:53.645927
2010-10-18,15:00,60.6,,41.4,48.9,0.0,SW@3.9,5.7,53.9,0.0,245,"Wallula, Walla Walla County",300038,Wallula,2017-12-02 12:56:53.645927
2010-10-18,15:15,60.9,,42.7,51.1,0.0,SW@2.4,4.6,54.1,0.0,176,"Wallula, Walla Walla County",300038,Wallula,2017-12-02 12:56:53.645927
2010-10-18,15:30,60.0,,44.1,55.5,0.0,SW@2.8,4.9,54.3,0.0,127,"Wallula, Walla Walla County",300038,Wallula,2017-12-02 12:56:53.645927
2010-10-18,15:45,60.0,,44.5,56.4,0.0,SW@2.8,3.9,54.4,0.0,150,"Wallula, Walla Walla County",300038,Wallula,2017-12-02 12:56:53.645927
2010-10-18,16:00,59.5,,44.8,58.1,0.0,SW@2.9,4.9,54.6,0.0,99,"Wallula, Walla Walla County",300038,Wallula,2017-12-02 12:56:53.645927
2010-10-18,16:15,59.2,,45.7,60.8,0.0,W@3.2,4.9,54.7,0.0,80,"Wallula, Walla Walla County",300038,Wallula,2017-12-02 12:56:53.645927
2010-10-18,16:30,58.5,,46.4,63.9,0.0,SW@3.5,5.3,54.9,0.0,59,"Wallula, Walla Walla County",300038,Wallula,2017-12-02 12:56:53.645927
2010-10-18,16:45,56.2,,47.5,72.3,0.0,SE@1.8,3.1,55.0,0.0,29,"Wallula, Walla Walla County",300038,Wallula,2017-12-02 12:56:53.645927
2010-10-18,17:00,53.5,,45.8,74.9,0.0,E@2.1,2.8,55.1,0.0,12,"Wallula, Walla Walla County",300038,Wallula,2017-12-02 12:56:53.645927
2010-10-18,17:15,50.9,,45.4,81.4,0.01,E@2.0,3.5,55.2,0.0,3,"Wallula, Walla Walla County",300038,Wallula,2017-12-02 12:56:53.645927
2010-10-18,17:30,50.9,,45.2,80.8,0.0,E@2.9,3.5,55.3,0.0,1,"Wallula, Walla Walla County",300038,Wallula,2017-12-02 12:56:53.645927
2010-10-18,17:45,49.5,,45.5,85.9,0.03,E@1.9,3.9,55.4,0.0,0,"Wallula, Walla Walla County",300038,Wallula,2017-12-02 12:56:53.645927
2010-10-18,18:00,47.9,,44.9,89.3,0.09,E@1.7,3.1,55.5,0.0,0,"Wallula, Walla Walla County",300038,Wallula,2017-12-02 12:56:53.645927
2010-10-18,18:15,48.8,,42.7,79.4,0.06,E@2.9,3.5,55.5,0.0,0,"Wallula, Walla Walla County",300038,Wallula,2017-12-02 12:56:53.645927
2010-10-18,18:30,48.1,,41.0,76.3,0.0,E@3.5,4.6,55.6,0.0,0,"Wallula, Walla Walla County",300038,Wallula,2017-12-02 12:56:53.645927
2010-10-18,18:45,46.1,,39.6,77.9,0.0,E@3.6,4.6,55.6,0.0,0,"Wallula, Walla Walla County",300038,Wallula,2017-12-02 12:56:53.645927
2010-10-18,19:00,45.1,,38.5,77.5,0.0,E@3.7,4.9,55.6,0.0,0,"Wallula, Walla Walla County",300038,Wallula,2017-12-02 12:56:53.645927
2010-10-18,19:15,44.8,,38.9,79.6,0.0,E@3.1,4.2,55.6,0.0,0,"Wallula, Walla Walla County",300038,Wallula,2017-12-02 12:56:53.645927
2010-10-18,19:30,44.4,,39.6,83.3,0.0,E@3.4,4.9,55.7,0.0,0,"Wallula, Walla Walla County",300038,Wallula,2017-12-02 12:56:53.645927
2010-10-18,19:45,44.6,,39.9,83.4,0.0,E@3.3,4.6,55.7,0.0,0,"Wallula, Walla Walla County",300038,Wallula,2017-12-02 12:56:53.645927
2010-10-18,20:00,43.9,,38.6,81.4,0.0,E@3.5,4.9,55.6,0.0,0,"Wallula, Walla Walla County",300038,Wallula,2017-12-02 12:56:53.645927
2010-10-18,20:15,44.3,,37.5,77.0,0.0,E@3.7,5.3,55.6,0.0,0,"Wallula, Walla Walla County",300038,Wallula,2017-12-02 12:56:53.645927
2010-10-18,20:30,45.0,,37.4,74.6,0.0,E@3.5,5.7,55.6,0.0,0,"Wallula, Walla Walla County",300038,Wallula,2017-12-02 12:56:53.645927
2010-10-18,20:45,44.1,,37.7,78.0,0.0,E@3.4,5.7,55.6,0.0,0,"Wallula, Walla Walla County",300038,Wallula,2017-12-02 12:56:53.645927
2010-10-18,21:00,43.6,,37.6,79.3,0.0,E@3.5,5.7,55.5,0.0,0,"Wallula, Walla Walla County",300038,Wallula,2017-12-02 12:56:53.645927
2010-10-18,21:15,42.7,,37.8,82.8,0.0,E@3.3,5.3,55.5,0.0,0,"Wallula, Walla Walla County",300038,Wallula,2017-12-02 12:56:53.645927
2010-10-18,21:30,42.5,,37.8,83.0,0.01,E@1.3,4.2,55.5,0.0,0,"Wallula, Walla Walla County",300038,Wallula,2017-12-02 12:56:53.645927
2010-10-18,21:45,41.5,,37.8,86.7,0.03,E@0.3,1.7,55.4,0.0,0,"Wallula, Walla Walla County",300038,Wallula,2017-12-02 12:56:53.645927
2010-10-18,22:00,40.8,,37.5,88.0,0.06,E@1.6,3.5,55.4,0.0,0,"Wallula, Walla Walla County",300038,Wallula,2017-12-02 12:56:53.645927
2010-10-18,22:15,40.7,,37.6,88.6,0.06,E@3.1,5.7,55.3,0.0,0,"Wallula, Walla Walla County",300038,Wallula,2017-12-02 12:56:53.645927
2010-10-18,22:30,41.2,,37.8,87.7,0.02,SE@4.0,5.3,55.2,0.0,0,"Wallula, Walla Walla County",300038,Wallula,2017-12-02 12:56:53.645927
2010-10-18,22:45,40.4,,37.5,88.9,0.02,E@3.3,4.6,55.2,0.0,0,"Wallula, Walla Walla County",300038,Wallula,2017-12-02 12:56:53.645927
2010-10-18,23:00,41.2,,37.2,85.7,0.01,E@4.0,5.7,55.1,0.0,0,"Wallula, Walla Walla County",300038,Wallula,2017-12-02 12:56:53.645927
2010-10-19,23:15,41.1,,37.4,86.7,0.01,E@3.6,6.4,55.1,0.0,0,"Wallula, Walla Walla County",300038,Wallula,2017-12-02 12:56:53.645927
2010-10-19,23:30,40.5,,37.2,88.0,0.01,E@3.1,4.6,55.0,0.0,0,"Wallula, Walla Walla County",300038,Wallula,2017-12-02 12:56:53.645927
2010-10-19,23:45,40.5,,37.1,87.7,0.01,E@3.9,5.7,54.9,0.0,0,"Wallula, Walla Walla County",300038,Wallula,2017-12-02 12:56:53.645927
2010-10-19,24:00,40.2,,37.0,88.3,0.01,E@3.6,5.7,54.8,0.0,0,"Wallula, Walla Walla County",300038,Wallula,2017-12-02 12:56:53.645927
2010-10-19,00:15,39.8,,36.9,89.2,0.02,E@3.5,5.3,54.8,0.0,0,"Wallula, Walla Walla County",300038,Wallula,2017-12-02 12:56:53.645927
2010-10-19,00:30,39.6,,36.7,89.4,0.02,E@3.5,4.9,54.7,0.0,0,"Wallula, Walla Walla County",300038,Wallula,2017-12-02 12:56:53.645927
2010-10-19,00:45,39.8,,36.8,88.9,0.02,E@3.8,6.0,54.6,0.0,0,"Wallula, Walla Walla County",300038,Wallula,2017-12-02 12:56:53.645927
2010-10-19,01:00,39.6,,36.5,88.8,0.02,E@3.7,5.7,54.6,0.0,0,"Wallula, Walla Walla County",300038,Wallula,2017-12-02 12:56:53.645927
2010-10-19,01:15,38.9,,36.3,90.0,0.02,E@3.3,4.9,54.5,0.0,0,"Wallula, Walla Walla County",300038,Wallula,2017-12-02 12:56:53.645927
2010-10-19,01:30,38.6,,36.1,90.5,0.02,E@3.6,4.9,54.4,0.0,0,"Wallula, Walla Walla County",300038,Wallula,2017-12-02 12:56:53.645927
2010-10-19,01:45,38.2,,35.9,91.2,0.03,E@3.4,5.3,54.3,0.0,0,"Wallula, Walla Walla County",300038,Wallula,2017-12-02 12:56:53.645927
2010-10-19,02:00,38.2,,36.1,91.9,0.03,E@3.8,5.3,54.3,0.0,0,"Wallula, Walla Walla County",300038,Wallula,2017-12-02 12:56:53.645927
2010-10-19,02:15,38.2,,36.1,92.2,0.03,E@4.4,6.0,54.2,0.0,0,"Wallula, Walla Walla County",300038,Wallula,2017-12-02 12:56:53.645927
2010-10-19,02:30,38.1,,36.2,92.8,0.04,E@3.7,5.7,54.1,0.0,0,"Wallula, Walla Walla County",300038,Wallula,2017-12-02 12:56:53.645927
2010-10-19,02:45,38.2,,35.9,91.3,0.04,E@3.7,5.7,54.0,0.0,0,"Wallula, Walla Walla County",300038,Wallula,2017-12-02 12:56:53.645927
2010-10-19,03:00,38.5,,35.7,89.7,0.03,E@3.9,6.7,54.0,0.0,0,"Wallula, Walla Walla County",300038,Wallula,2017-12-02 12:56:53.645927
2010-10-19,03:15,37.9,,35.7,91.4,0.03,E@3.8,5.7,53.9,0.0,0,"Wallula, Walla Walla County",300038,Wallula,2017-12-02 12:56:53.645927
2010-10-19,03:30,37.4,,35.2,91.8,0.04,E@3.7,5.3,53.8,0.0,0,"Wallula, Walla Walla County",300038,Wallula,2017-12-02 12:56:53.645927
2010-10-19,03:45,37.3,,35.2,92.0,0.04,E@4.0,5.7,53.7,0.0,0,"Wallula, Walla Walla County",300038,Wallula,2017-12-02 12:56:53.645927
2010-10-19,04:00,37.3,,35.0,91.5,0.03,E@3.8,6.0,53.7,0.0,0,"Wallula, Walla Walla County",300038,Wallula,2017-12-02 12:56:53.645927
2010-10-19,04:15,37.2,,35.0,91.9,0.04,E@4.0,5.7,53.6,0.0,0,"Wallula, Walla Walla County",300038,Wallula,2017-12-02 12:56:53.645927
2010-10-19,04:30,36.8,,34.9,92.6,0.04,E@3.9,5.7,53.5,0.0,0,"Wallula, Walla Walla County",300038,Wallula,2017-12-02 12:56:53.645927
2010-10-19,04:45,36.5,,34.5,92.5,0.05,E@3.7,7.1,53.5,0.0,0,"Wallula, Walla Walla County",300038,Wallula,2017-12-02 12:56:53.645927
2010-10-19,05:00,37.0,,34.5,90.8,0.04,SE@4.0,6.4,53.4,0.0,0,"Wallula, Walla Walla County",300038,Wallula,2017-12-02 12:56:53.645927
2010-10-19,05:15,36.3,,34.2,91.7,0.04,E@4.0,6.0,53.3,0.0,0,"Wallula, Walla Walla County",300038,Wallula,2017-12-02 12:56:53.645927
2010-10-19,05:30,36.0,,34.0,92.5,0.04,E@4.2,6.0,53.3,0.0,0,"Wallula, Walla Walla County",300038,Wallula,2017-12-02 12:56:53.645927
2010-10-19,05:45,35.8,,34.1,93.3,0.05,E@4.0,6.0,53.2,0.0,0,"Wallula, Walla Walla County",300038,Wallula,2017-12-02 12:56:53.645927
2010-10-19,06:00,35.9,,34.1,92.9,0.06,E@3.5,4.9,53.1,0.0,0,"Wallula, Walla Walla County",300038,Wallula,2017-12-02 12:56:53.645927
2010-10-19,06:15,35.5,,33.7,93.2,0.08,E@3.2,4.6,53.0,0.0,2,"Wallula, Walla Walla County",300038,Wallula,2017-12-02 12:56:53.645927
2010-10-19,06:30,35.5,,33.8,93.5,0.1,E@3.2,4.6,53.0,0.0,7,"Wallula, Walla Walla County",300038,Wallula,2017-12-02 12:56:53.645927
2010-10-19,06:45,35.4,,33.8,93.6,0.11,E@3.4,5.3,52.9,0.0,15,"Wallula, Walla Walla County",300038,Wallula,2017-12-02 12:56:53.645927
2010-10-19,07:00,35.6,,34.1,94.2,0.12,E@3.2,4.6,52.8,0.0,35,"Wallula, Walla Walla County",300038,Wallula,2017-12-02 12:56:53.645927
2010-10-19,07:15,37.2,,34.8,91.0,0.1,E@2.3,3.9,52.7,0.0,88,"Wallula, Walla Walla County",300038,Wallula,2017-12-02 12:56:53.645927
2010-10-19,07:30,39.6,,35.6,85.6,0.05,SE@0.9,3.1,52.7,0.0,122,"Wallula, Walla Walla County",300038,Wallula,2017-12-02 12:56:53.645927
2010-10-19,07:45,41.2,,36.8,84.2,0.01,SE@2.2,3.1,52.6,0.0,156,"Wallula, Walla Walla County",300038,Wallula,2017-12-02 12:56:53.645927
2010-10-19,08:00,44.0,,38.1,79.5,0.0,SE@0.3,2.8,52.5,0.0,193,"Wallula, Walla Walla County",300038,Wallula,2017-12-02 12:56:53.645927
2010-10-19,08:15,45.6,,39.5,79.1,0.0,NW@1.9,4.2,52.5,0.0,230,"Wallula, Walla Walla County",300038,Wallula,2017-12-02 12:56:53.645927
2010-10-19,08:30,45.5,,40.3,81.7,0.0,NW@2.7,4.6,52.4,0.0,264,"Wallula, Walla Walla County",300038,Wallula,2017-12-02 12:56:53.645927
2010-10-19,08:45,45.9,,40.6,81.4,0.0,NW@3.0,4.9,52.3,0.0,298,"Wallula, Walla Walla County",300038,Wallula,2017-12-02 12:56:53.645927
2010-10-19,09:00,46.5,,41.5,82.4,0.0,NW@3.3,5.7,52.3,0.0,330,"Wallula, Walla Walla County",300038,Wallula,2017-12-02 12:56:53.645927
2010-10-19,09:15,46.8,,42.2,83.7,0.0,NW@4.0,5.7,52.2,0.0,358,"Wallula, Walla Walla County",300038,Wallula,2017-12-02 12:56:53.645927
2010-10-19,09:30,47.4,,41.6,80.3,0.0,NW@3.8,6.0,52.2,0.0,385,"Wallula, Walla Walla County",300038,Wallula,2017-12-02 12:56:53.645927
2010-10-19,09:45,47.9,,41.6,78.5,0.0,NW@4.1,6.4,52.1,0.0,419,"Wallula, Walla Walla County",300038,Wallula,2017-12-02 12:56:53.645927
2010-10-19,10:00,48.6,,41.3,75.7,0.0,NW@4.7,7.1,52.1,0.0,442,"Wallula, Walla Walla County",300038,Wallula,2017-12-02 12:56:53.645927
2010-10-19,10:15,49.3,,41.2,73.3,0.0,NW@4.2,6.4,52.1,0.0,464,"Wallula, Walla Walla County",300038,Wallula,2017-12-02 12:56:53.645927
2010-10-19,10:30,49.6,,40.5,70.7,0.0,NW@3.9,5.7,52.1,0.0,484,"Wallula, Walla Walla County",300038,Wallula,2017-12-02 12:56:53.645927
2010-10-19,10:45,50.1,,40.6,69.6,0.0,NW@3.5,5.3,52.0,0.0,499,"Wallula, Walla Walla County",300038,Wallula,2017-12-02 12:56:53.645927
2010-10-19,11:00,50.8,,40.3,67.2,0.0,NW@3.7,5.7,52.1,0.0,511,"Wallula, Walla Walla County",300038,Wallula,2017-12-02 12:56:53.645927
2010-10-19,11:15,51.5,,40.6,66.0,0.0,W@3.7,5.7,52.1,0.0,520,"Wallula, Walla Walla County",300038,Wallula,2017-12-02 12:56:53.645927
2010-10-19,11:30,52.3,,40.6,64.1,0.0,W@4.2,6.4,52.1,0.0,527,"Wallula, Walla Walla County",300038,Wallula,2017-12-02 12:56:53.645927
2010-10-19,11:45,52.9,,40.7,63.0,0.0,W@3.5,5.3,52.2,0.0,530,"Wallula, Walla Walla County",300038,Wallula,2017-12-02 12:56:53.645927
2010-10-19,12:00,53.9,,40.2,59.7,0.0,W@3.5,5.7,52.2,0.0,521,"Wallula, Walla Walla County",300038,Wallula,2017-12-02 12:56:53.645927
2010-10-19,12:15,54.5,,40.5,59.1,0.0,W@4.0,5.3,52.3,0.0,525,"Wallula, Walla Walla County",300038,Wallula,2017-12-02 12:56:53.645927
2010-10-19,12:30,55.4,,40.2,56.4,0.0,W@4.1,6.0,52.4,0.0,516,"Wallula, Walla Walla County",300038,Wallula,2017-12-02 12:56:53.645927
2010-10-19,12:45,56.3,,39.9,54.1,0.0,W@4.5,5.7,52.4,0.0,499,"Wallula, Walla Walla County",300038,Wallula,2017-12-02 12:56:53.645927
2010-10-19,13:00,57.0,,40.6,54.2,0.0,W@4.3,5.7,52.5,0.0,496,"Wallula, Walla Walla County",300038,Wallula,2017-12-02 12:56:53.645927
2010-10-19,13:15,57.8,,39.5,50.5,0.0,W@4.3,5.7,52.7,0.0,449,"Wallula, Walla Walla County",300038,Wallula,2017-12-02 12:56:53.645927
2010-10-19,13:30,58.2,,40.6,51.9,0.0,W@4.5,6.0,52.8,0.0,447,"Wallula, Walla Walla County",300038,Wallula,2017-12-02 12:56:53.645927
2010-10-19,13:45,58.7,,41.3,52.4,0.0,W@4.4,5.7,52.9,0.0,435,"Wallula, Walla Walla County",300038,Wallula,2017-12-02 12:56:53.645927
2010-10-19,14:00,59.2,,41.3,51.3,0.0,W@4.0,5.7,53.1,0.0,411,"Wallula, Walla Walla County",300038,Wallula,2017-12-02 12:56:53.645927
2010-10-19,14:15,59.7,,42.7,53.2,0.0,W@3.7,4.9,53.2,0.0,384,"Wallula, Walla Walla County",300038,Wallula,2017-12-02 12:56:53.645927
2010-10-19,14:30,60.5,,43.3,52.9,0.0,W@3.2,4.2,53.4,0.0,354,"Wallula, Walla Walla County",300038,Wallula,2017-12-02 12:56:53.645927
2010-10-19,14:45,60.9,,42.8,51.3,0.0,SW@3.1,4.6,53.5,0.0,306,"Wallula, Walla Walla County",300038,Wallula,2017-12-02 12:56:53.645927
2010-10-19,15:00,61.4,,42.5,49.8,0.0,SW@2.8,4.6,53.7,0.0,269,"Wallula, Walla Walla County",300038,Wallula,2017-12-02 12:56:53.645927
2010-10-19,15:15,62.2,,41.2,46.0,0.0,SW@2.6,4.2,53.9,0.0,241,"Wallula, Walla Walla County",300038,Wallula,2017-12-02 12:56:53.645927
2010-10-19,15:30,62.7,,40.7,44.2,0.0,SW@2.8,5.3,54.0,0.0,214,"Wallula, Walla Walla County",300038,Wallula,2017-12-02 12:56:53.645927
2010-10-19,15:45,62.8,,41.0,44.7,0.0,SW@2.2,3.9,54.2,0.0,149,"Wallula, Walla Walla County",300038,Wallula,2017-12-02 12:56:53.645927
2010-10-19,16:00,61.2,,43.2,51.5,0.0,SE@0.6,1.7,54.4,0.0,65,"Wallula, Walla Walla County",300038,Wallula,2017-12-02 12:56:53.645927
2010-10-19,16:15,58.6,,45.8,62.3,0.0,SE@2.0,2.8,54.5,0.0,67,"Wallula, Walla Walla County",300038,Wallula,2017-12-02 12:56:53.645927
2010-10-19,16:30,57.6,,45.3,63.5,0.0,SE@2.2,2.4,54.6,0.0,73,"Wallula, Walla Walla County",300038,Wallula,2017-12-02 12:56:53.645927
2010-10-19,16:45,57.0,,46.0,66.7,0.0,SE@2.5,3.1,54.8,0.0,62,"Wallula, Walla Walla County",300038,Wallula,2017-12-02 12:56:53.645927
2010-10-19,17:00,55.5,,45.1,67.9,0.0,E@2.9,3.5,54.9,0.0,21,"Wallula, Walla Walla County",300038,Wallula,2017-12-02 12:56:53.645927
2010-10-19,17:15,53.5,,45.2,73.3,0.0,E@2.9,3.5,55.1,0.0,8,"Wallula, Walla Walla County",300038,Wallula,2017-12-02 12:56:53.645927
2010-10-19,17:30,51.0,,45.6,81.7,0.01,E@2.8,3.1,55.2,0.0,1,"Wallula, Walla Walla County",300038,Wallula,2017-12-02 12:56:53.645927
2010-10-19,17:45,51.3,,44.5,77.7,0.0,E@3.3,3.9,55.3,0.0,0,"Wallula, Walla Walla County",300038,Wallula,2017-12-02 12:56:53.645927
2010-10-19,18:00,50.7,,44.1,78.0,0.0,E@3.2,4.2,55.3,0.0,0,"Wallula, Walla Walla County",300038,Wallula,2017-12-02 12:56:53.645927
2010-10-19,18:15,48.9,,42.9,79.7,0.0,E@2.6,4.2,55.4,0.0,0,"Wallula, Walla Walla County",300038,Wallula,2017-12-02 12:56:53.645927
2010-10-19,18:30,46.7,,43.3,87.8,0.05,SE@0.0,1.4,55.5,0.0,0,"Wallula, Walla Walla County",300038,Wallula,2017-12-02 12:56:53.645927
2010-10-19,18:45,44.6,,42.1,91.1,0.21,E@1.6,3.9,55.5,0.0,0,"Wallula, Walla Walla County",300038,Wallula,2017-12-02 12:56:53.645927
2010-10-19,19:00,44.1,,41.3,89.9,0.2,E@3.6,4.6,55.6,0.0,0,"Wallula, Walla Walla County",300038,Wallula,2017-12-02 12:56:53.645927
2010-10-19,19:15,44.3,,41.1,88.5,0.1,E@3.1,4.2,55.6,0.0,0,"Wallula, Walla Walla County",300038,Wallula,2017-12-02 12:56:53.645927
2010-10-19,19:30,44.1,,40.7,87.7,0.06,E@3.1,4.2,55.6,0.0,0,"Wallula, Walla Walla County",300038,Wallula,2017-12-02 12:56:53.645927
2010-10-19,19:45,43.4,,40.6,89.8,0.1,E@1.5,4.2,55.6,0.0,0,"Wallula, Walla Walla County",300038,Wallula,2017-12-02 12:56:53.645927
2010-10-19,20:00,43.1,,39.9,88.3,0.14,NE@1.0,3.5,55.6,0.0,0,"Wallula, Walla Walla County",300038,Wallula,2017-12-02 12:56:53.645927
2010-10-19,20:15,43.2,,39.9,88.1,0.13,E@3.0,4.9,55.6,0.0,0,"Wallula, Walla Walla County",300038,Wallula,2017-12-02 12:56:53.645927
2010-10-19,20:30,45.1,,40.1,82.8,0.03,E@2.2,2.8,55.6,0.0,0,"Wallula, Walla Walla County",300038,Wallula,2017-12-02 12:56:53.645927
2010-10-19,20:45,44.6,,39.9,83.5,0.03,E@3.0,3.9,55.5,0.0,0,"Wallula, Walla Walla County",300038,Wallula,2017-12-02 12:56:53.645927
2010-10-19,21:00,43.1,,39.9,88.2,0.04,E@2.8,3.9,55.5,0.0,0,"Wallula, Walla Walla County",300038,Wallula,2017-12-02 12:56:53.645927
2010-10-19,21:15,42.9,,39.7,88.3,0.06,E@3.0,3.9,55.5,0.0,0,"Wallula, Walla Walla County",300038,Wallula,2017-12-02 12:56:53.645927
2010-10-19,21:30,41.5,,38.7,89.9,0.06,E@3.4,4.6,55.4,0.0,0,"Wallula, Walla Walla County",300038,Wallula,2017-12-02 12:56:53.645927
2010-10-19,21:45,41.3,,38.7,90.6,0.08,E@2.6,3.9,55.4,0.0,0,"Wallula, Walla Walla County",300038,Wallula,2017-12-02 12:56:53.645927
2010-10-19,22:00,40.8,,38.6,92.0,0.15,E@2.5,4.6,55.3,0.0,0,"Wallula, Walla Walla County",300038,Wallula,2017-12-02 12:56:53.645927
2010-10-19,22:15,40.0,,38.6,94.7,0.25,E@3.7,5.3,55.3,0.0,0,"Wallula, Walla Walla County",300038,Wallula,2017-12-02 12:56:53.645927
2010-10-19,22:30,39.2,,37.9,95.0,0.34,E@3.0,3.9,55.2,0.0,0,"Wallula, Walla Walla County",300038,Wallula,2017-12-02 12:56:53.645927
2010-10-19,22:45,39.3,,38.0,94.8,0.42,E@3.1,4.9,55.1,0.0,0,"Wallula, Walla Walla County",300038,Wallula,2017-12-02 12:56:53.645927
2010-10-19,23:00,38.7,,37.7,96.1,0.5,E@3.4,5.3,55.1,0.0,0,"Wallula, Walla Walla County",300038,Wallula,2017-12-02 12:56:53.645927
2010-10-20,23:15,38.3,,37.1,95.5,0.56,E@3.5,4.6,55.0,0.0,0,"Wallula, Walla Walla County",300038,Wallula,2017-12-02 12:56:53.645927
2010-10-20,23:30,38.9,,37.5,94.7,0.6,E@3.2,4.2,54.9,0.0,0,"Wallula, Walla Walla County",300038,Wallula,2017-12-02 12:56:53.645927
2010-10-20,23:45,38.1,,37.1,96.3,0.65,E@4.6,6.4,54.9,0.0,0,"Wallula, Walla Walla County",300038,Wallula,2017-12-02 12:56:53.645927
2010-10-20,24:00,38.0,,37.2,96.9,0.69,SE@4.4,6.0,54.8,0.0,0,"Wallula, Walla Walla County",300038,Wallula,2017-12-02 12:56:53.645927
