Date,Time PST,Air Temp °F, 2<sup>nd</sup> Air Temp °F, Dew Point °F, Rel Hum %, Leaf Wet u., Wind Dir @ Speed mph, Wind Gust mph, 8 in. Soil Tmp °F, Tot Prec in, Solar Rad W/m²,Location,Station ID,Station Name,Download Timestamp
2011-12-15,00:15,35.9,36.0,34.1,93.0,0.94,N@1.7,4.2,38.1,0.0,0,"Lynden, Whatcom County",330063,Lynden,2017-12-07 06:21:43.654773
2011-12-15,00:30,36.2,36.4,34.4,93.0,0.93,N@1.8,3.5,38.2,0.0,0,"Lynden, Whatcom County",330063,Lynden,2017-12-07 06:21:43.654773
2011-12-15,00:45,36.4,36.5,34.5,92.8,0.97,N@0.8,3.1,38.2,0.0,0,"Lynden, Whatcom County",330063,Lynden,2017-12-07 06:21:43.654773
2011-12-15,01:00,36.4,36.4,34.5,92.6,0.94,N@0.6,2.1,38.2,0.0,0,"Lynden, Whatcom County",330063,Lynden,2017-12-07 06:21:43.654773
2011-12-15,01:15,36.2,36.2,34.2,92.5,0.94,N@1.1,2.4,38.2,0.01,0,"Lynden, Whatcom County",330063,Lynden,2017-12-07 06:21:43.654773
2011-12-15,01:30,35.8,35.9,33.9,92.6,0.94,N@2.3,4.2,38.2,0.0,0,"Lynden, Whatcom County",330063,Lynden,2017-12-07 06:21:43.654773
2011-12-15,01:45,35.6,35.8,33.8,93.1,0.94,N@2.2,4.2,38.2,0.0,0,"Lynden, Whatcom County",330063,Lynden,2017-12-07 06:21:43.654773
2011-12-15,02:00,35.7,35.8,34.0,93.4,0.93,N@1.4,3.1,38.2,0.0,0,"Lynden, Whatcom County",330063,Lynden,2017-12-07 06:21:43.654773
2011-12-15,02:15,35.8,35.8,34.1,93.6,0.92,N@1.2,2.8,38.2,0.01,0,"Lynden, Whatcom County",330063,Lynden,2017-12-07 06:21:43.654773
2011-12-15,02:30,35.6,35.7,34.0,93.7,0.92,NE@1.6,3.9,38.2,0.0,0,"Lynden, Whatcom County",330063,Lynden,2017-12-07 06:21:43.654773
2011-12-15,02:45,35.5,35.7,34.0,93.9,0.92,N@2.2,4.2,38.2,0.0,0,"Lynden, Whatcom County",330063,Lynden,2017-12-07 06:21:43.654773
2011-12-15,03:00,35.8,35.9,34.3,94.1,0.91,NE@1.2,3.1,38.2,0.0,0,"Lynden, Whatcom County",330063,Lynden,2017-12-07 06:21:43.654773
2011-12-15,03:15,35.9,36.0,34.4,94.2,0.9,NE@1.0,2.4,38.2,0.0,0,"Lynden, Whatcom County",330063,Lynden,2017-12-07 06:21:43.654773
2011-12-15,03:30,35.9,36.0,34.5,94.3,0.89,N@0.9,3.1,38.2,0.01,0,"Lynden, Whatcom County",330063,Lynden,2017-12-07 06:21:43.654773
2011-12-15,03:45,35.9,36.0,34.4,94.3,0.9,N@1.5,3.1,38.2,0.0,0,"Lynden, Whatcom County",330063,Lynden,2017-12-07 06:21:43.654773
2011-12-15,04:00,36.0,36.2,34.6,94.4,0.9,N@1.4,2.4,38.2,0.0,0,"Lynden, Whatcom County",330063,Lynden,2017-12-07 06:21:43.654773
2011-12-15,04:15,36.1,36.3,34.7,94.5,0.89,NE@1.1,3.1,38.2,0.0,0,"Lynden, Whatcom County",330063,Lynden,2017-12-07 06:21:43.654773
2011-12-15,04:30,36.2,36.3,34.8,94.6,0.88,N@1.4,2.4,38.2,0.0,0,"Lynden, Whatcom County",330063,Lynden,2017-12-07 06:21:43.654773
2011-12-15,04:45,36.2,36.3,34.8,94.6,0.87,N@1.5,2.4,38.2,0.0,0,"Lynden, Whatcom County",330063,Lynden,2017-12-07 06:21:43.654773
2011-12-15,05:00,36.4,36.5,35.0,94.7,0.86,N@1.5,2.4,38.2,0.0,0,"Lynden, Whatcom County",330063,Lynden,2017-12-07 06:21:43.654773
2011-12-15,05:15,36.5,36.6,35.2,94.8,0.86,N@1.0,2.1,38.2,0.0,0,"Lynden, Whatcom County",330063,Lynden,2017-12-07 06:21:43.654773
2011-12-15,05:30,36.5,36.6,35.2,94.8,0.88,N@1.2,2.4,38.3,0.0,0,"Lynden, Whatcom County",330063,Lynden,2017-12-07 06:21:43.654773
2011-12-15,05:45,36.6,36.7,35.3,94.8,0.9,N@0.7,2.4,38.3,0.0,0,"Lynden, Whatcom County",330063,Lynden,2017-12-07 06:21:43.654773
2011-12-15,06:00,36.8,36.7,35.4,94.8,0.9,N@0.0,0.0,38.3,0.01,0,"Lynden, Whatcom County",330063,Lynden,2017-12-07 06:21:43.654773
2011-12-15,06:15,36.6,36.5,35.2,94.7,0.9,N@0.0,0.0,38.3,0.0,0,"Lynden, Whatcom County",330063,Lynden,2017-12-07 06:21:43.654773
2011-12-15,06:30,36.5,36.5,35.1,94.7,0.9,N@1.5,2.8,38.3,0.0,0,"Lynden, Whatcom County",330063,Lynden,2017-12-07 06:21:43.654773
2011-12-15,06:45,36.4,36.5,35.1,94.8,0.91,N@1.6,2.8,38.3,0.0,0,"Lynden, Whatcom County",330063,Lynden,2017-12-07 06:21:43.654773
2011-12-15,07:00,36.5,36.5,35.1,94.9,0.9,N@1.3,2.4,38.3,0.0,0,"Lynden, Whatcom County",330063,Lynden,2017-12-07 06:21:43.654773
2011-12-15,07:15,36.3,36.4,35.0,94.9,0.9,N@1.1,2.8,38.3,0.0,0,"Lynden, Whatcom County",330063,Lynden,2017-12-07 06:21:43.654773
2011-12-15,07:30,36.4,36.5,35.1,95.0,0.88,N@0.9,2.8,38.3,0.0,0,"Lynden, Whatcom County",330063,Lynden,2017-12-07 06:21:43.654773
2011-12-15,07:45,36.3,36.4,35.1,95.0,0.88,N@1.2,2.1,38.3,0.0,0,"Lynden, Whatcom County",330063,Lynden,2017-12-07 06:21:43.654773
2011-12-15,08:00,36.6,36.6,35.3,95.1,0.87,N@0.2,1.7,38.3,0.0,0,"Lynden, Whatcom County",330063,Lynden,2017-12-07 06:21:43.654773
2011-12-15,08:15,36.6,36.6,35.3,95.1,0.87,N@0.2,1.7,38.3,0.0,2,"Lynden, Whatcom County",330063,Lynden,2017-12-07 06:21:43.654773
2011-12-15,08:30,36.6,36.6,35.4,95.1,0.86,N@1.2,2.1,38.3,0.0,5,"Lynden, Whatcom County",330063,Lynden,2017-12-07 06:21:43.654773
2011-12-15,08:45,36.8,36.8,35.5,95.2,0.86,N@0.7,2.4,38.3,0.0,5,"Lynden, Whatcom County",330063,Lynden,2017-12-07 06:21:43.654773
2011-12-15,09:00,36.8,36.8,35.5,95.2,0.86,N@1.1,2.8,38.3,0.0,6,"Lynden, Whatcom County",330063,Lynden,2017-12-07 06:21:43.654773
2011-12-15,09:15,36.9,37.0,35.7,95.2,0.85,N@1.8,2.8,38.3,0.0,7,"Lynden, Whatcom County",330063,Lynden,2017-12-07 06:21:43.654773
2011-12-15,09:30,37.2,37.3,36.0,95.2,0.85,N@0.4,1.7,38.4,0.0,19,"Lynden, Whatcom County",330063,Lynden,2017-12-07 06:21:43.654773
2011-12-15,09:45,37.6,37.7,36.4,95.3,0.84,N@1.6,2.8,38.4,0.0,28,"Lynden, Whatcom County",330063,Lynden,2017-12-07 06:21:43.654773
2011-12-15,10:00,38.1,38.2,36.9,95.3,0.84,N@0.3,1.7,38.4,0.0,34,"Lynden, Whatcom County",330063,Lynden,2017-12-07 06:21:43.654773
2011-12-15,10:15,38.6,38.6,37.3,95.2,0.84,SW@0.6,2.8,38.4,0.0,41,"Lynden, Whatcom County",330063,Lynden,2017-12-07 06:21:43.654773
2011-12-15,10:30,38.8,38.8,37.5,95.0,0.85,N@0.5,2.4,38.4,0.0,36,"Lynden, Whatcom County",330063,Lynden,2017-12-07 06:21:43.654773
2011-12-15,10:45,38.9,38.9,37.5,94.7,0.85,N@0.7,2.4,38.4,0.0,38,"Lynden, Whatcom County",330063,Lynden,2017-12-07 06:21:43.654773
2011-12-15,11:00,39.0,39.0,37.5,94.4,0.85,N@1.8,3.5,38.4,0.0,42,"Lynden, Whatcom County",330063,Lynden,2017-12-07 06:21:43.654773
2011-12-15,11:15,38.9,39.0,37.4,94.0,0.85,N@2.2,3.1,38.4,0.0,46,"Lynden, Whatcom County",330063,Lynden,2017-12-07 06:21:43.654773
2011-12-15,11:30,39.3,39.4,37.7,93.9,0.85,N@1.4,2.4,38.5,0.0,69,"Lynden, Whatcom County",330063,Lynden,2017-12-07 06:21:43.654773
2011-12-15,11:45,39.7,39.7,37.9,93.5,0.84,N@2.2,3.5,38.5,0.0,70,"Lynden, Whatcom County",330063,Lynden,2017-12-07 06:21:43.654773
2011-12-15,12:00,40.2,40.3,38.4,93.2,0.83,N@1.2,2.4,38.5,0.0,66,"Lynden, Whatcom County",330063,Lynden,2017-12-07 06:21:43.654773
2011-12-15,12:15,40.4,40.4,38.4,92.6,0.81,N@1.0,2.4,38.5,0.0,55,"Lynden, Whatcom County",330063,Lynden,2017-12-07 06:21:43.654773
2011-12-15,12:30,40.5,40.5,38.4,92.1,0.8,N@0.2,1.7,38.6,0.0,47,"Lynden, Whatcom County",330063,Lynden,2017-12-07 06:21:43.654773
2011-12-15,12:45,41.0,41.0,38.8,91.8,0.79,W@0.1,1.4,38.6,0.0,55,"Lynden, Whatcom County",330063,Lynden,2017-12-07 06:21:43.654773
2011-12-15,13:00,41.3,41.3,39.0,91.3,0.77,E@0.0,1.4,38.6,0.0,59,"Lynden, Whatcom County",330063,Lynden,2017-12-07 06:21:43.654773
2011-12-15,13:15,41.6,41.5,39.1,90.6,0.75,NE@0.1,1.4,38.7,0.0,69,"Lynden, Whatcom County",330063,Lynden,2017-12-07 06:21:43.654773
2011-12-15,13:30,41.9,41.9,39.3,90.4,0.71,N@0.6,2.1,38.7,0.0,98,"Lynden, Whatcom County",330063,Lynden,2017-12-07 06:21:43.654773
2011-12-15,13:45,42.1,42.1,39.3,89.8,0.64,N@1.2,2.4,38.7,0.0,93,"Lynden, Whatcom County",330063,Lynden,2017-12-07 06:21:43.654773
2011-12-15,14:00,42.3,42.3,39.4,89.3,0.52,N@0.8,2.4,38.8,0.0,90,"Lynden, Whatcom County",330063,Lynden,2017-12-07 06:21:43.654773
2011-12-15,14:15,42.7,42.7,39.6,88.8,0.35,N@0.7,2.8,38.8,0.0,91,"Lynden, Whatcom County",330063,Lynden,2017-12-07 06:21:43.654773
2011-12-15,14:30,42.9,42.8,39.7,88.3,0.16,N@0.5,2.1,38.9,0.0,68,"Lynden, Whatcom County",330063,Lynden,2017-12-07 06:21:43.654773
2011-12-15,14:45,42.7,42.6,39.6,88.8,0.07,S@1.2,3.1,38.9,0.0,51,"Lynden, Whatcom County",330063,Lynden,2017-12-07 06:21:43.654773
2011-12-15,15:00,41.8,41.8,39.2,90.2,0.03,S@1.3,2.8,38.9,0.0,46,"Lynden, Whatcom County",330063,Lynden,2017-12-07 06:21:43.654773
2011-12-15,15:15,41.6,41.7,39.2,91.0,0.03,S@1.3,2.4,39.0,0.0,42,"Lynden, Whatcom County",330063,Lynden,2017-12-07 06:21:43.654773
2011-12-15,15:30,41.6,41.7,39.3,91.5,0.03,S@1.3,2.4,39.0,0.0,24,"Lynden, Whatcom County",330063,Lynden,2017-12-07 06:21:43.654773
2011-12-15,15:45,41.2,41.3,39.1,91.9,0.04,S@1.6,2.4,39.1,0.0,8,"Lynden, Whatcom County",330063,Lynden,2017-12-07 06:21:43.654773
2011-12-15,16:00,40.9,41.0,38.9,92.5,0.05,S@0.9,2.4,39.1,0.0,3,"Lynden, Whatcom County",330063,Lynden,2017-12-07 06:21:43.654773
2011-12-15,16:15,40.7,40.7,38.8,92.7,0.28,N@0.0,0.0,39.2,0.0,2,"Lynden, Whatcom County",330063,Lynden,2017-12-07 06:21:43.654773
2011-12-15,16:30,40.7,40.6,38.9,93.0,0.43,S@0.1,1.7,39.2,0.0,0,"Lynden, Whatcom County",330063,Lynden,2017-12-07 06:21:43.654773
2011-12-15,16:45,40.5,40.5,38.8,93.3,0.58,N@0.1,1.7,39.3,0.0,0,"Lynden, Whatcom County",330063,Lynden,2017-12-07 06:21:43.654773
2011-12-15,17:00,40.1,40.0,38.4,93.6,0.67,N@0.1,1.7,39.3,0.0,0,"Lynden, Whatcom County",330063,Lynden,2017-12-07 06:21:43.654773
2011-12-15,17:15,40.2,40.2,38.6,94.0,0.69,S@0.5,2.1,39.3,0.0,0,"Lynden, Whatcom County",330063,Lynden,2017-12-07 06:21:43.654773
2011-12-15,17:30,40.3,40.2,38.8,94.3,0.69,S@0.4,2.4,39.4,0.0,0,"Lynden, Whatcom County",330063,Lynden,2017-12-07 06:21:43.654773
2011-12-15,17:45,40.1,40.2,38.7,94.6,0.69,S@0.9,2.4,39.4,0.0,0,"Lynden, Whatcom County",330063,Lynden,2017-12-07 06:21:43.654773
2011-12-15,18:00,40.1,40.1,38.7,94.9,0.69,S@1.2,2.1,39.4,0.0,0,"Lynden, Whatcom County",330063,Lynden,2017-12-07 06:21:43.654773
2011-12-15,18:15,39.9,40.0,38.6,95.1,0.69,S@0.7,2.1,39.4,0.0,0,"Lynden, Whatcom County",330063,Lynden,2017-12-07 06:21:43.654773
2011-12-15,18:30,39.9,39.9,38.6,95.2,0.69,N@0.0,0.0,39.4,0.0,0,"Lynden, Whatcom County",330063,Lynden,2017-12-07 06:21:43.654773
2011-12-15,18:45,39.7,39.8,38.5,95.3,0.7,S@0.6,1.7,39.5,0.0,0,"Lynden, Whatcom County",330063,Lynden,2017-12-07 06:21:43.654773
2011-12-15,19:00,39.8,39.8,38.6,95.4,0.7,N@0.0,0.0,39.5,0.0,0,"Lynden, Whatcom County",330063,Lynden,2017-12-07 06:21:43.654773
2011-12-15,19:15,39.8,39.8,38.6,95.5,0.7,S@0.1,1.7,39.5,0.0,0,"Lynden, Whatcom County",330063,Lynden,2017-12-07 06:21:43.654773
2011-12-15,19:30,39.8,39.8,38.6,95.5,0.7,S@0.2,2.1,39.5,0.0,0,"Lynden, Whatcom County",330063,Lynden,2017-12-07 06:21:43.654773
2011-12-15,19:45,39.8,39.8,38.6,95.6,0.7,S@0.5,1.7,39.5,0.0,0,"Lynden, Whatcom County",330063,Lynden,2017-12-07 06:21:43.654773
2011-12-15,20:00,39.7,39.6,38.6,95.6,0.71,N@0.2,1.7,39.5,0.0,0,"Lynden, Whatcom County",330063,Lynden,2017-12-07 06:21:43.654773
2011-12-15,20:15,39.5,39.4,38.4,95.6,0.72,N@0.3,1.7,39.5,0.0,0,"Lynden, Whatcom County",330063,Lynden,2017-12-07 06:21:43.654773
2011-12-15,20:30,39.6,39.5,38.4,95.7,0.73,N@0.0,0.0,39.5,0.0,0,"Lynden, Whatcom County",330063,Lynden,2017-12-07 06:21:43.654773
2011-12-15,20:45,39.6,39.5,38.4,95.7,0.74,N@0.5,2.1,39.5,0.0,0,"Lynden, Whatcom County",330063,Lynden,2017-12-07 06:21:43.654773
2011-12-15,21:00,39.4,39.4,38.3,95.7,0.78,N@0.0,1.4,39.5,0.0,0,"Lynden, Whatcom County",330063,Lynden,2017-12-07 06:21:43.654773
2011-12-15,21:15,39.5,39.5,38.4,95.8,0.83,N@1.5,2.8,39.5,0.0,0,"Lynden, Whatcom County",330063,Lynden,2017-12-07 06:21:43.654773
2011-12-15,21:30,39.4,39.5,38.4,95.9,0.85,N@1.3,2.4,39.5,0.0,0,"Lynden, Whatcom County",330063,Lynden,2017-12-07 06:21:43.654773
2011-12-15,21:45,39.5,39.5,38.4,95.9,0.85,N@0.6,1.7,39.6,0.0,0,"Lynden, Whatcom County",330063,Lynden,2017-12-07 06:21:43.654773
2011-12-15,22:00,39.5,39.5,38.4,96.0,0.85,N@1.1,2.1,39.6,0.0,0,"Lynden, Whatcom County",330063,Lynden,2017-12-07 06:21:43.654773
2011-12-15,22:15,39.5,39.5,38.5,96.0,0.85,N@0.6,2.1,39.6,0.0,0,"Lynden, Whatcom County",330063,Lynden,2017-12-07 06:21:43.654773
2011-12-15,22:30,39.5,39.5,38.5,96.0,0.85,N@0.7,2.1,39.6,0.0,0,"Lynden, Whatcom County",330063,Lynden,2017-12-07 06:21:43.654773
2011-12-15,22:45,39.5,39.4,38.4,96.0,0.85,N@1.0,2.1,39.6,0.0,0,"Lynden, Whatcom County",330063,Lynden,2017-12-07 06:21:43.654773
2011-12-15,23:00,39.4,39.4,38.4,96.0,0.87,N@0.1,1.7,39.6,0.0,0,"Lynden, Whatcom County",330063,Lynden,2017-12-07 06:21:43.654773
2011-12-15,23:15,39.6,39.6,38.6,96.1,0.91,W@0.1,1.4,39.6,0.0,0,"Lynden, Whatcom County",330063,Lynden,2017-12-07 06:21:43.654773
2011-12-15,23:30,39.6,39.5,38.6,96.1,0.94,N@0.0,0.0,39.6,0.01,0,"Lynden, Whatcom County",330063,Lynden,2017-12-07 06:21:43.654773
2011-12-15,23:45,39.7,39.6,38.7,96.1,0.93,N@0.0,0.0,39.6,0.0,0,"Lynden, Whatcom County",330063,Lynden,2017-12-07 06:21:43.654773
2011-12-15,24:00,39.7,39.6,38.7,96.1,0.92,S@0.3,1.7,39.6,0.0,0,"Lynden, Whatcom County",330063,Lynden,2017-12-07 06:21:43.654773
2011-12-16,00:15,39.7,39.6,38.7,96.1,0.92,N@0.1,1.4,39.6,0.0,0,"Lynden, Whatcom County",330063,Lynden,2017-12-07 06:21:43.654773
2011-12-16,00:30,39.4,39.4,38.4,96.1,0.92,N@0.6,2.1,39.6,0.0,0,"Lynden, Whatcom County",330063,Lynden,2017-12-07 06:21:43.654773
2011-12-16,00:45,39.6,39.6,38.5,96.1,0.92,N@0.4,2.1,39.6,0.0,0,"Lynden, Whatcom County",330063,Lynden,2017-12-07 06:21:43.654773
2011-12-16,01:00,39.6,39.6,38.6,96.1,0.93,N@0.8,2.8,39.6,0.01,0,"Lynden, Whatcom County",330063,Lynden,2017-12-07 06:21:43.654773
2011-12-16,01:15,39.7,39.7,38.7,96.2,0.93,N@1.8,2.8,39.7,0.0,0,"Lynden, Whatcom County",330063,Lynden,2017-12-07 06:21:43.654773
2011-12-16,01:30,39.7,39.8,38.7,96.2,0.92,N@2.4,3.1,39.7,0.0,0,"Lynden, Whatcom County",330063,Lynden,2017-12-07 06:21:43.654773
2011-12-16,01:45,39.7,39.8,38.7,96.3,0.93,W@0.6,2.4,39.7,0.0,0,"Lynden, Whatcom County",330063,Lynden,2017-12-07 06:21:43.654773
2011-12-16,02:00,39.8,39.7,38.8,96.3,0.93,N@0.6,2.1,39.7,0.0,0,"Lynden, Whatcom County",330063,Lynden,2017-12-07 06:21:43.654773
2011-12-16,02:15,39.6,39.6,38.6,96.3,0.92,N@0.8,2.4,39.7,0.0,0,"Lynden, Whatcom County",330063,Lynden,2017-12-07 06:21:43.654773
2011-12-16,02:30,39.6,39.7,38.7,96.3,0.92,N@0.6,2.1,39.7,0.0,0,"Lynden, Whatcom County",330063,Lynden,2017-12-07 06:21:43.654773
2011-12-16,02:45,39.7,39.7,38.8,96.3,0.91,S@0.2,2.1,39.7,0.01,0,"Lynden, Whatcom County",330063,Lynden,2017-12-07 06:21:43.654773
2011-12-16,03:00,39.8,39.7,38.8,96.3,0.9,S@0.4,2.1,39.7,0.01,0,"Lynden, Whatcom County",330063,Lynden,2017-12-07 06:21:43.654773
2011-12-16,03:15,39.7,39.7,38.7,96.4,0.89,S@0.9,3.1,39.7,0.0,0,"Lynden, Whatcom County",330063,Lynden,2017-12-07 06:21:43.654773
2011-12-16,03:30,39.6,39.7,38.6,96.4,0.91,SW@1.4,3.9,39.7,0.01,0,"Lynden, Whatcom County",330063,Lynden,2017-12-07 06:21:43.654773
2011-12-16,03:45,39.7,39.7,38.8,96.4,0.9,S@0.9,2.8,39.7,0.01,0,"Lynden, Whatcom County",330063,Lynden,2017-12-07 06:21:43.654773
2011-12-16,04:00,39.7,39.7,38.8,96.4,0.9,N@0.1,1.4,39.7,0.0,0,"Lynden, Whatcom County",330063,Lynden,2017-12-07 06:21:43.654773
2011-12-16,04:15,39.7,39.6,38.7,96.4,0.9,N@0.6,2.8,39.7,0.01,0,"Lynden, Whatcom County",330063,Lynden,2017-12-07 06:21:43.654773
2011-12-16,04:30,39.5,39.5,38.6,96.4,0.9,N@2.2,3.1,39.7,0.0,0,"Lynden, Whatcom County",330063,Lynden,2017-12-07 06:21:43.654773
2011-12-16,04:45,39.4,39.5,38.5,96.5,0.89,N@1.8,3.1,39.7,0.01,0,"Lynden, Whatcom County",330063,Lynden,2017-12-07 06:21:43.654773
2011-12-16,05:00,39.5,39.6,38.6,96.5,0.88,N@1.2,2.8,39.7,0.0,0,"Lynden, Whatcom County",330063,Lynden,2017-12-07 06:21:43.654773
2011-12-16,05:15,39.6,39.6,38.7,96.5,0.88,N@0.5,2.4,39.8,0.01,0,"Lynden, Whatcom County",330063,Lynden,2017-12-07 06:21:43.654773
2011-12-16,05:30,39.6,39.6,38.7,96.5,0.87,N@0.1,1.7,39.8,0.0,0,"Lynden, Whatcom County",330063,Lynden,2017-12-07 06:21:43.654773
2011-12-16,05:45,39.6,39.6,38.7,96.5,0.86,W@0.6,2.1,39.8,0.01,0,"Lynden, Whatcom County",330063,Lynden,2017-12-07 06:21:43.654773
2011-12-16,06:00,39.4,39.4,38.5,96.5,0.86,N@0.0,0.0,39.8,0.0,0,"Lynden, Whatcom County",330063,Lynden,2017-12-07 06:21:43.654773
2011-12-16,06:15,39.6,39.5,38.7,96.5,0.86,N@0.2,1.7,39.8,0.0,0,"Lynden, Whatcom County",330063,Lynden,2017-12-07 06:21:43.654773
2011-12-16,06:30,39.6,39.5,38.7,96.5,0.86,N@0.2,1.7,39.8,0.0,0,"Lynden, Whatcom County",330063,Lynden,2017-12-07 06:21:43.654773
2011-12-16,06:45,39.7,39.8,38.8,96.5,0.87,N@0.8,2.1,39.8,0.01,0,"Lynden, Whatcom County",330063,Lynden,2017-12-07 06:21:43.654773
2011-12-16,07:00,39.9,39.9,39.0,96.6,0.87,N@1.4,2.8,39.8,0.0,0,"Lynden, Whatcom County",330063,Lynden,2017-12-07 06:21:43.654773
2011-12-16,07:15,39.8,39.9,39.0,96.6,0.86,N@1.3,3.1,39.8,0.0,0,"Lynden, Whatcom County",330063,Lynden,2017-12-07 06:21:43.654773
2011-12-16,07:30,39.9,39.9,39.0,96.6,0.85,N@1.5,2.8,39.8,0.0,0,"Lynden, Whatcom County",330063,Lynden,2017-12-07 06:21:43.654773
2011-12-16,07:45,39.8,39.9,38.9,96.6,0.85,N@0.7,2.4,39.8,0.0,0,"Lynden, Whatcom County",330063,Lynden,2017-12-07 06:21:43.654773
2011-12-16,08:00,39.9,39.9,39.0,96.6,0.85,NW@0.5,1.7,39.8,0.0,0,"Lynden, Whatcom County",330063,Lynden,2017-12-07 06:21:43.654773
2011-12-16,08:15,39.8,39.9,38.9,96.6,0.85,W@1.2,2.8,39.8,0.0,1,"Lynden, Whatcom County",330063,Lynden,2017-12-07 06:21:43.654773
2011-12-16,08:30,39.9,39.9,39.0,96.6,0.85,S@0.7,3.1,39.8,0.0,5,"Lynden, Whatcom County",330063,Lynden,2017-12-07 06:21:43.654773
2011-12-16,08:45,40.0,40.0,39.1,96.6,0.84,S@0.6,3.1,39.8,0.0,12,"Lynden, Whatcom County",330063,Lynden,2017-12-07 06:21:43.654773
2011-12-16,09:00,40.2,40.2,39.3,96.6,0.83,N@0.1,1.4,39.8,0.0,17,"Lynden, Whatcom County",330063,Lynden,2017-12-07 06:21:43.654773
2011-12-16,09:15,40.3,40.3,39.4,96.6,0.83,N@1.0,2.1,39.8,0.0,22,"Lynden, Whatcom County",330063,Lynden,2017-12-07 06:21:43.654773
2011-12-16,09:30,40.5,40.6,39.6,96.7,0.84,SW@0.7,2.8,39.8,0.0,31,"Lynden, Whatcom County",330063,Lynden,2017-12-07 06:21:43.654773
2011-12-16,09:45,41.1,41.2,40.3,96.7,0.84,S@0.7,2.4,39.8,0.0,45,"Lynden, Whatcom County",330063,Lynden,2017-12-07 06:21:43.654773
2011-12-16,10:00,41.3,41.3,40.4,96.7,0.82,S@1.7,3.1,39.9,0.0,43,"Lynden, Whatcom County",330063,Lynden,2017-12-07 06:21:43.654773
2011-12-16,10:15,41.4,41.4,40.5,96.7,0.82,S@1.1,3.5,39.9,0.0,43,"Lynden, Whatcom County",330063,Lynden,2017-12-07 06:21:43.654773
2011-12-16,10:30,41.9,41.9,41.0,96.8,0.83,SE@0.6,2.1,39.9,0.0,61,"Lynden, Whatcom County",330063,Lynden,2017-12-07 06:21:43.654773
2011-12-16,10:45,42.4,42.4,41.5,96.8,0.83,SE@0.9,2.1,39.9,0.0,77,"Lynden, Whatcom County",330063,Lynden,2017-12-07 06:21:43.654773
2011-12-16,11:00,42.7,42.6,41.8,96.8,0.83,N@0.5,2.1,39.9,0.0,60,"Lynden, Whatcom County",330063,Lynden,2017-12-07 06:21:43.654773
2011-12-16,11:15,42.8,42.8,42.0,96.7,0.83,N@0.2,2.1,39.9,0.0,61,"Lynden, Whatcom County",330063,Lynden,2017-12-07 06:21:43.654773
2011-12-16,11:30,43.3,43.3,42.4,96.7,0.83,NE@0.3,2.1,40.0,0.0,68,"Lynden, Whatcom County",330063,Lynden,2017-12-07 06:21:43.654773
2011-12-16,11:45,43.6,43.5,42.7,96.6,0.82,N@0.1,1.7,40.0,0.0,80,"Lynden, Whatcom County",330063,Lynden,2017-12-07 06:21:43.654773
2011-12-16,12:00,44.0,44.0,43.1,96.5,0.81,N@0.9,2.1,40.0,0.0,91,"Lynden, Whatcom County",330063,Lynden,2017-12-07 06:21:43.654773
2011-12-16,12:15,44.0,43.9,43.0,96.2,0.8,N@1.7,2.8,40.0,0.0,64,"Lynden, Whatcom County",330063,Lynden,2017-12-07 06:21:43.654773
2011-12-16,12:30,44.3,44.3,43.2,95.8,0.79,N@1.3,2.8,40.1,0.0,112,"Lynden, Whatcom County",330063,Lynden,2017-12-07 06:21:43.654773
2011-12-16,12:45,45.1,45.1,43.9,95.3,0.76,SE@0.3,1.7,40.1,0.0,91,"Lynden, Whatcom County",330063,Lynden,2017-12-07 06:21:43.654773
2011-12-16,13:00,45.6,45.4,44.1,94.5,0.73,NE@0.4,2.1,40.2,0.0,94,"Lynden, Whatcom County",330063,Lynden,2017-12-07 06:21:43.654773
2011-12-16,13:15,45.7,45.6,44.0,93.6,0.69,N@1.1,2.4,40.2,0.0,92,"Lynden, Whatcom County",330063,Lynden,2017-12-07 06:21:43.654773
2011-12-16,13:30,45.4,45.2,43.4,92.8,0.64,N@1.4,3.1,40.2,0.0,56,"Lynden, Whatcom County",330063,Lynden,2017-12-07 06:21:43.654773
2011-12-16,13:45,45.0,44.8,42.9,92.3,0.6,N@1.3,2.8,40.3,0.0,33,"Lynden, Whatcom County",330063,Lynden,2017-12-07 06:21:43.654773
2011-12-16,14:00,44.5,44.4,42.5,92.6,0.57,NE@1.6,3.5,40.3,0.0,30,"Lynden, Whatcom County",330063,Lynden,2017-12-07 06:21:43.654773
2011-12-16,14:15,44.1,44.1,42.3,93.1,0.53,N@2.2,3.9,40.4,0.0,42,"Lynden, Whatcom County",330063,Lynden,2017-12-07 06:21:43.654773
2011-12-16,14:30,44.1,44.2,42.3,93.4,0.47,NE@1.1,3.5,40.4,0.0,44,"Lynden, Whatcom County",330063,Lynden,2017-12-07 06:21:43.654773
2011-12-16,14:45,44.3,44.3,42.5,93.4,0.41,N@1.0,2.8,40.5,0.0,42,"Lynden, Whatcom County",330063,Lynden,2017-12-07 06:21:43.654773
2011-12-16,15:00,44.3,44.3,42.5,93.3,0.37,N@0.9,2.4,40.5,0.0,28,"Lynden, Whatcom County",330063,Lynden,2017-12-07 06:21:43.654773
2011-12-16,15:15,44.4,44.3,42.6,93.4,0.36,NE@0.6,2.1,40.6,0.0,27,"Lynden, Whatcom County",330063,Lynden,2017-12-07 06:21:43.654773
2011-12-16,15:30,44.1,44.1,42.4,93.6,0.41,S@1.2,3.1,40.6,0.0,15,"Lynden, Whatcom County",330063,Lynden,2017-12-07 06:21:43.654773
2011-12-16,15:45,43.6,43.6,42.0,94.0,0.44,SE@1.5,3.5,40.7,0.0,8,"Lynden, Whatcom County",330063,Lynden,2017-12-07 06:21:43.654773
2011-12-16,16:00,43.3,43.2,41.7,94.3,0.47,NW@0.5,2.1,40.7,0.0,4,"Lynden, Whatcom County",330063,Lynden,2017-12-07 06:21:43.654773
2011-12-16,16:15,43.1,43.1,41.6,94.4,0.48,N@1.2,2.4,40.7,0.0,2,"Lynden, Whatcom County",330063,Lynden,2017-12-07 06:21:43.654773
2011-12-16,16:30,43.0,42.9,41.5,94.6,0.48,N@0.5,2.1,40.8,0.0,0,"Lynden, Whatcom County",330063,Lynden,2017-12-07 06:21:43.654773
2011-12-16,16:45,42.9,42.8,41.4,94.6,0.48,N@0.1,1.7,40.8,0.0,0,"Lynden, Whatcom County",330063,Lynden,2017-12-07 06:21:43.654773
2011-12-16,17:00,42.7,42.7,41.3,94.7,0.48,N@1.3,2.8,40.8,0.0,0,"Lynden, Whatcom County",330063,Lynden,2017-12-07 06:21:43.654773
2011-12-16,17:15,42.6,42.6,41.2,94.9,0.48,N@0.2,1.7,40.8,0.0,0,"Lynden, Whatcom County",330063,Lynden,2017-12-07 06:21:43.654773
2011-12-16,17:30,42.5,42.5,41.2,95.0,0.5,N@1.1,3.1,40.8,0.0,0,"Lynden, Whatcom County",330063,Lynden,2017-12-07 06:21:43.654773
2011-12-16,17:45,42.5,42.5,41.2,95.2,0.5,NW@1.1,2.8,40.9,0.0,0,"Lynden, Whatcom County",330063,Lynden,2017-12-07 06:21:43.654773
2011-12-16,18:00,42.4,42.4,41.1,95.3,0.5,SW@0.8,3.1,40.9,0.0,0,"Lynden, Whatcom County",330063,Lynden,2017-12-07 06:21:43.654773
2011-12-16,18:15,42.4,42.4,41.2,95.4,0.5,NW@0.3,1.7,40.9,0.0,0,"Lynden, Whatcom County",330063,Lynden,2017-12-07 06:21:43.654773
2011-12-16,18:30,42.3,42.3,41.1,95.4,0.52,NW@0.1,1.4,40.9,0.0,0,"Lynden, Whatcom County",330063,Lynden,2017-12-07 06:21:43.654773
2011-12-16,18:45,42.3,42.2,41.1,95.4,0.53,S@0.2,2.4,40.9,0.0,0,"Lynden, Whatcom County",330063,Lynden,2017-12-07 06:21:43.654773
2011-12-16,19:00,42.2,42.2,41.0,95.5,0.54,N@1.0,2.8,40.9,0.0,0,"Lynden, Whatcom County",330063,Lynden,2017-12-07 06:21:43.654773
2011-12-16,19:15,42.4,42.5,41.3,95.6,0.53,NE@1.5,2.8,40.9,0.0,0,"Lynden, Whatcom County",330063,Lynden,2017-12-07 06:21:43.654773
2011-12-16,19:30,42.5,42.5,41.3,95.6,0.52,NW@0.7,2.8,40.9,0.0,0,"Lynden, Whatcom County",330063,Lynden,2017-12-07 06:21:43.654773
2011-12-16,19:45,42.3,42.4,41.1,95.5,0.51,S@1.9,3.5,40.9,0.0,0,"Lynden, Whatcom County",330063,Lynden,2017-12-07 06:21:43.654773
2011-12-16,20:00,42.3,42.4,41.1,95.5,0.5,NE@1.7,3.5,40.9,0.0,0,"Lynden, Whatcom County",330063,Lynden,2017-12-07 06:21:43.654773
2011-12-16,20:15,42.1,42.1,40.9,95.4,0.48,N@1.7,2.8,40.9,0.0,0,"Lynden, Whatcom County",330063,Lynden,2017-12-07 06:21:43.654773
2011-12-16,20:30,41.9,42.0,40.6,95.3,0.46,N@3.0,3.9,40.9,0.0,0,"Lynden, Whatcom County",330063,Lynden,2017-12-07 06:21:43.654773
2011-12-16,20:45,41.9,42.0,40.6,95.2,0.42,N@1.6,3.1,40.9,0.0,0,"Lynden, Whatcom County",330063,Lynden,2017-12-07 06:21:43.654773
2011-12-16,21:00,41.9,42.0,40.7,95.2,0.41,N@1.2,2.1,40.9,0.0,0,"Lynden, Whatcom County",330063,Lynden,2017-12-07 06:21:43.654773
2011-12-16,21:15,42.1,42.1,40.8,95.2,0.41,N@0.4,2.1,40.9,0.0,0,"Lynden, Whatcom County",330063,Lynden,2017-12-07 06:21:43.654773
2011-12-16,21:30,42.1,42.1,40.9,95.2,0.41,N@0.4,2.4,41.0,0.0,0,"Lynden, Whatcom County",330063,Lynden,2017-12-07 06:21:43.654773
2011-12-16,21:45,42.2,42.3,40.9,95.3,0.41,SE@1.9,4.9,41.0,0.0,0,"Lynden, Whatcom County",330063,Lynden,2017-12-07 06:21:43.654773
2011-12-16,22:00,42.2,42.2,40.9,95.3,0.4,NW@1.3,3.1,41.0,0.0,0,"Lynden, Whatcom County",330063,Lynden,2017-12-07 06:21:43.654773
2011-12-16,22:15,42.0,42.0,40.7,95.3,0.39,NW@1.4,2.8,41.0,0.0,0,"Lynden, Whatcom County",330063,Lynden,2017-12-07 06:21:43.654773
2011-12-16,22:30,41.9,42.0,40.7,95.4,0.4,N@1.2,2.8,41.0,0.0,0,"Lynden, Whatcom County",330063,Lynden,2017-12-07 06:21:43.654773
2011-12-16,22:45,41.8,41.9,40.6,95.4,0.41,N@1.6,3.1,41.0,0.0,0,"Lynden, Whatcom County",330063,Lynden,2017-12-07 06:21:43.654773
2011-12-16,23:00,41.8,41.8,40.6,95.5,0.42,N@0.6,2.4,41.0,0.0,0,"Lynden, Whatcom County",330063,Lynden,2017-12-07 06:21:43.654773
2011-12-16,23:15,41.7,41.8,40.6,95.5,0.43,N@0.5,1.7,41.0,0.0,0,"Lynden, Whatcom County",330063,Lynden,2017-12-07 06:21:43.654773
2011-12-16,23:30,41.6,41.6,40.4,95.5,0.44,N@0.9,2.4,41.0,0.0,0,"Lynden, Whatcom County",330063,Lynden,2017-12-07 06:21:43.654773
2011-12-16,23:45,41.6,41.5,40.4,95.5,0.45,N@0.0,0.0,41.0,0.0,0,"Lynden, Whatcom County",330063,Lynden,2017-12-07 06:21:43.654773
2011-12-16,24:00,41.6,41.5,40.4,95.6,0.47,N@1.0,2.1,41.0,0.0,0,"Lynden, Whatcom County",330063,Lynden,2017-12-07 06:21:43.654773
2011-12-17,00:15,41.5,41.5,40.4,95.7,0.48,NE@0.3,2.1,41.0,0.0,0,"Lynden, Whatcom County",330063,Lynden,2017-12-07 06:21:43.654773
2011-12-17,00:30,41.4,41.4,40.3,95.6,0.49,N@0.6,2.1,41.0,0.0,0,"Lynden, Whatcom County",330063,Lynden,2017-12-07 06:21:43.654773
2011-12-17,00:45,41.4,41.4,40.3,95.7,0.5,N@0.5,2.4,41.0,0.0,0,"Lynden, Whatcom County",330063,Lynden,2017-12-07 06:21:43.654773
2011-12-17,01:00,41.4,41.3,40.3,95.7,0.51,N@0.3,2.1,41.0,0.0,0,"Lynden, Whatcom County",330063,Lynden,2017-12-07 06:21:43.654773
2011-12-17,01:15,41.3,41.3,40.2,95.7,0.53,N@1.5,2.4,41.0,0.0,0,"Lynden, Whatcom County",330063,Lynden,2017-12-07 06:21:43.654773
2011-12-17,01:30,41.2,41.3,40.1,95.8,0.54,N@1.3,2.4,41.0,0.0,0,"Lynden, Whatcom County",330063,Lynden,2017-12-07 06:21:43.654773
2011-12-17,01:45,41.1,41.1,40.0,95.8,0.55,N@1.3,2.8,41.0,0.0,0,"Lynden, Whatcom County",330063,Lynden,2017-12-07 06:21:43.654773
2011-12-17,02:00,40.8,40.9,39.8,95.9,0.57,N@1.4,2.4,41.0,0.0,0,"Lynden, Whatcom County",330063,Lynden,2017-12-07 06:21:43.654773
2011-12-17,02:15,40.8,40.8,39.7,95.9,0.59,N@0.4,1.7,41.0,0.0,0,"Lynden, Whatcom County",330063,Lynden,2017-12-07 06:21:43.654773
2011-12-17,02:30,40.6,40.6,39.5,95.9,0.6,E@0.2,2.1,41.0,0.0,0,"Lynden, Whatcom County",330063,Lynden,2017-12-07 06:21:43.654773
2011-12-17,02:45,40.2,40.1,39.1,95.8,0.62,N@0.5,2.1,41.0,0.0,0,"Lynden, Whatcom County",330063,Lynden,2017-12-07 06:21:43.654773
2011-12-17,03:00,39.2,39.2,38.0,95.7,0.67,N@0.7,2.1,41.0,0.0,0,"Lynden, Whatcom County",330063,Lynden,2017-12-07 06:21:43.654773
2011-12-17,03:15,38.6,38.5,37.5,95.7,0.71,W@0.5,2.1,41.0,0.0,0,"Lynden, Whatcom County",330063,Lynden,2017-12-07 06:21:43.654773
2011-12-17,03:30,38.8,38.9,37.8,95.8,0.73,N@0.8,2.8,41.0,0.0,0,"Lynden, Whatcom County",330063,Lynden,2017-12-07 06:21:43.654773
2011-12-17,03:45,38.8,38.8,37.8,95.9,0.75,N@0.4,2.1,41.0,0.0,0,"Lynden, Whatcom County",330063,Lynden,2017-12-07 06:21:43.654773
2011-12-17,04:00,39.2,39.2,38.1,96.0,0.75,NE@0.2,1.7,40.9,0.0,0,"Lynden, Whatcom County",330063,Lynden,2017-12-07 06:21:43.654773
2011-12-17,04:15,39.5,39.6,38.5,96.1,0.76,SW@0.5,1.7,40.9,0.0,0,"Lynden, Whatcom County",330063,Lynden,2017-12-07 06:21:43.654773
2011-12-17,04:30,39.6,39.7,38.6,96.1,0.76,S@0.8,2.1,40.9,0.0,0,"Lynden, Whatcom County",330063,Lynden,2017-12-07 06:21:43.654773
2011-12-17,04:45,39.7,39.6,38.7,96.2,0.76,N@0.0,0.0,40.9,0.0,0,"Lynden, Whatcom County",330063,Lynden,2017-12-07 06:21:43.654773
2011-12-17,05:00,39.7,39.6,38.7,96.2,0.77,N@0.1,2.1,40.9,0.0,0,"Lynden, Whatcom County",330063,Lynden,2017-12-07 06:21:43.654773
2011-12-17,05:15,39.7,39.8,38.8,96.3,0.77,N@1.5,2.4,40.9,0.0,0,"Lynden, Whatcom County",330063,Lynden,2017-12-07 06:21:43.654773
2011-12-17,05:30,39.8,39.8,38.9,96.3,0.77,N@0.0,1.4,40.9,0.0,0,"Lynden, Whatcom County",330063,Lynden,2017-12-07 06:21:43.654773
2011-12-17,05:45,39.9,39.9,38.9,96.3,0.77,N@0.6,2.4,40.9,0.0,0,"Lynden, Whatcom County",330063,Lynden,2017-12-07 06:21:43.654773
2011-12-17,06:00,40.2,40.4,39.3,96.5,0.77,N@1.2,2.1,40.8,0.0,0,"Lynden, Whatcom County",330063,Lynden,2017-12-07 06:21:43.654773
2011-12-17,06:15,40.5,40.5,39.6,96.5,0.77,S@0.2,1.7,40.8,0.0,0,"Lynden, Whatcom County",330063,Lynden,2017-12-07 06:21:43.654773
2011-12-17,06:30,40.5,40.5,39.6,96.5,0.77,N@0.0,0.0,40.8,0.0,0,"Lynden, Whatcom County",330063,Lynden,2017-12-07 06:21:43.654773
2011-12-17,06:45,40.5,40.5,39.6,96.5,0.77,N@0.0,0.0,40.8,0.0,0,"Lynden, Whatcom County",330063,Lynden,2017-12-07 06:21:43.654773
2011-12-17,07:00,40.5,40.5,39.6,96.5,0.77,N@0.0,0.0,40.8,0.0,0,"Lynden, Whatcom County",330063,Lynden,2017-12-07 06:21:43.654773
2011-12-17,07:15,40.5,40.5,39.6,96.6,0.77,SE@0.0,1.4,40.8,0.0,0,"Lynden, Whatcom County",330063,Lynden,2017-12-07 06:21:43.654773
2011-12-17,07:30,40.5,40.5,39.6,96.6,0.77,N@0.0,0.0,40.8,0.0,0,"Lynden, Whatcom County",330063,Lynden,2017-12-07 06:21:43.654773
2011-12-17,07:45,40.5,40.4,39.6,96.6,0.77,W@0.0,1.4,40.8,0.0,0,"Lynden, Whatcom County",330063,Lynden,2017-12-07 06:21:43.654773
2011-12-17,08:00,40.4,40.3,39.5,96.6,0.77,W@0.2,2.1,40.8,0.0,0,"Lynden, Whatcom County",330063,Lynden,2017-12-07 06:21:43.654773
2011-12-17,08:15,40.4,40.3,39.5,96.6,0.77,N@0.5,2.1,40.8,0.0,3,"Lynden, Whatcom County",330063,Lynden,2017-12-07 06:21:43.654773
2011-12-17,08:30,40.5,40.6,39.7,96.6,0.78,W@0.5,2.1,40.8,0.0,3,"Lynden, Whatcom County",330063,Lynden,2017-12-07 06:21:43.654773
2011-12-17,08:45,40.8,40.8,39.9,96.7,0.77,N@0.0,0.0,40.8,0.0,8,"Lynden, Whatcom County",330063,Lynden,2017-12-07 06:21:43.654773
2011-12-17,09:00,40.9,40.9,40.0,96.7,0.77,N@0.3,2.4,40.8,0.0,21,"Lynden, Whatcom County",330063,Lynden,2017-12-07 06:21:43.654773
2011-12-17,09:15,41.4,41.4,40.5,96.7,0.76,NW@0.4,2.1,40.8,0.0,30,"Lynden, Whatcom County",330063,Lynden,2017-12-07 06:21:43.654773
2011-12-17,09:30,41.8,41.8,40.9,96.7,0.75,SW@0.7,2.8,40.8,0.0,24,"Lynden, Whatcom County",330063,Lynden,2017-12-07 06:21:43.654773
2011-12-17,09:45,42.1,42.0,41.2,96.8,0.74,W@0.3,1.7,40.9,0.0,38,"Lynden, Whatcom County",330063,Lynden,2017-12-07 06:21:43.654773
2011-12-17,10:00,42.4,42.4,41.6,96.8,0.72,NW@0.0,1.4,40.9,0.0,62,"Lynden, Whatcom County",330063,Lynden,2017-12-07 06:21:43.654773
2011-12-17,10:15,42.9,42.8,42.0,96.8,0.68,N@0.4,2.4,40.9,0.0,59,"Lynden, Whatcom County",330063,Lynden,2017-12-07 06:21:43.654773
2011-12-17,10:30,42.9,42.8,42.1,96.7,0.61,N@1.8,3.1,40.9,0.0,40,"Lynden, Whatcom County",330063,Lynden,2017-12-07 06:21:43.654773
2011-12-17,10:45,43.0,43.0,42.1,96.6,0.57,N@2.4,4.2,40.9,0.0,49,"Lynden, Whatcom County",330063,Lynden,2017-12-07 06:21:43.654773
2011-12-17,11:00,43.5,43.5,42.5,96.3,0.77,N@1.1,2.8,40.9,0.0,68,"Lynden, Whatcom County",330063,Lynden,2017-12-07 06:21:43.654773
2011-12-17,11:15,44.0,44.0,43.0,95.9,0.75,N@1.8,4.6,40.9,0.0,81,"Lynden, Whatcom County",330063,Lynden,2017-12-07 06:21:43.654773
2011-12-17,11:30,44.4,44.4,43.1,95.3,0.68,N@1.6,3.1,40.9,0.0,81,"Lynden, Whatcom County",330063,Lynden,2017-12-07 06:21:43.654773
2011-12-17,11:45,44.7,44.7,43.1,94.1,0.53,N@1.7,3.5,41.0,0.0,76,"Lynden, Whatcom County",330063,Lynden,2017-12-07 06:21:43.654773
2011-12-17,12:00,45.1,45.1,43.2,93.1,0.28,N@1.9,3.5,41.0,0.0,75,"Lynden, Whatcom County",330063,Lynden,2017-12-07 06:21:43.654773
2011-12-17,12:15,45.3,45.3,43.1,91.8,0.06,N@2.1,3.9,41.0,0.0,110,"Lynden, Whatcom County",330063,Lynden,2017-12-07 06:21:43.654773
2011-12-17,12:30,46.6,46.7,43.7,89.6,0.01,N@2.5,6.4,41.1,0.0,175,"Lynden, Whatcom County",330063,Lynden,2017-12-07 06:21:43.654773
2011-12-17,12:45,46.1,46.0,42.8,88.4,0.01,N@2.2,3.9,41.1,0.0,88,"Lynden, Whatcom County",330063,Lynden,2017-12-07 06:21:43.654773
2011-12-17,13:00,45.8,45.8,42.8,89.2,0.49,NE@1.8,3.5,41.1,0.0,84,"Lynden, Whatcom County",330063,Lynden,2017-12-07 06:21:43.654773
2011-12-17,13:15,46.1,46.1,43.1,89.3,0.53,N@2.3,5.3,41.2,0.0,106,"Lynden, Whatcom County",330063,Lynden,2017-12-07 06:21:43.654773
2011-12-17,13:30,46.2,46.3,43.2,89.1,0.23,N@2.2,4.6,41.2,0.0,77,"Lynden, Whatcom County",330063,Lynden,2017-12-07 06:21:43.654773
2011-12-17,13:45,46.2,46.3,43.1,88.8,0.03,N@2.2,3.5,41.3,0.0,82,"Lynden, Whatcom County",330063,Lynden,2017-12-07 06:21:43.654773
2011-12-17,14:00,46.4,46.5,43.4,89.0,0.02,N@1.7,2.8,41.3,0.0,95,"Lynden, Whatcom County",330063,Lynden,2017-12-07 06:21:43.654773
2011-12-17,14:15,47.1,47.2,43.6,87.7,0.01,N@2.4,4.9,41.4,0.0,130,"Lynden, Whatcom County",330063,Lynden,2017-12-07 06:21:43.654773
2011-12-17,14:30,48.8,48.9,43.9,83.0,0.01,N@2.9,6.4,41.4,0.0,203,"Lynden, Whatcom County",330063,Lynden,2017-12-07 06:21:43.654773
2011-12-17,14:45,47.8,47.7,43.2,83.8,0.01,N@2.8,5.3,41.5,0.0,96,"Lynden, Whatcom County",330063,Lynden,2017-12-07 06:21:43.654773
2011-12-17,15:00,46.9,46.9,43.4,87.5,0.02,NE@2.0,3.5,41.5,0.0,39,"Lynden, Whatcom County",330063,Lynden,2017-12-07 06:21:43.654773
2011-12-17,15:15,46.5,46.4,43.5,89.2,0.03,N@2.0,3.9,41.6,0.0,22,"Lynden, Whatcom County",330063,Lynden,2017-12-07 06:21:43.654773
2011-12-17,15:30,46.1,46.1,43.4,90.2,0.03,N@1.0,2.4,41.6,0.0,22,"Lynden, Whatcom County",330063,Lynden,2017-12-07 06:21:43.654773
2011-12-17,15:45,46.3,46.3,43.7,90.4,0.03,N@0.5,2.4,41.7,0.0,38,"Lynden, Whatcom County",330063,Lynden,2017-12-07 06:21:43.654773
2011-12-17,16:00,46.7,46.7,43.6,88.9,0.02,N@1.5,3.1,41.7,0.0,22,"Lynden, Whatcom County",330063,Lynden,2017-12-07 06:21:43.654773
2011-12-17,16:15,46.1,46.1,43.0,88.6,0.03,N@1.4,3.1,41.8,0.0,5,"Lynden, Whatcom County",330063,Lynden,2017-12-07 06:21:43.654773
2011-12-17,16:30,45.5,45.5,42.8,90.1,0.04,N@1.3,2.8,41.8,0.0,0,"Lynden, Whatcom County",330063,Lynden,2017-12-07 06:21:43.654773
2011-12-17,16:45,45.0,45.0,42.6,91.2,0.05,N@1.3,4.2,41.8,0.0,0,"Lynden, Whatcom County",330063,Lynden,2017-12-07 06:21:43.654773
2011-12-17,17:00,44.6,44.5,42.4,91.9,0.08,S@1.2,2.8,41.9,0.0,0,"Lynden, Whatcom County",330063,Lynden,2017-12-07 06:21:43.654773
2011-12-17,17:15,44.3,44.3,42.2,92.3,0.11,S@1.0,2.8,41.9,0.0,0,"Lynden, Whatcom County",330063,Lynden,2017-12-07 06:21:43.654773
2011-12-17,17:30,44.1,44.2,42.1,92.6,0.13,E@0.9,2.4,41.9,0.0,0,"Lynden, Whatcom County",330063,Lynden,2017-12-07 06:21:43.654773
2011-12-17,17:45,44.2,44.3,42.2,92.5,0.14,NW@1.6,2.1,42.0,0.0,0,"Lynden, Whatcom County",330063,Lynden,2017-12-07 06:21:43.654773
2011-12-17,18:00,44.0,44.0,41.9,92.4,0.15,N@1.0,2.8,42.0,0.0,0,"Lynden, Whatcom County",330063,Lynden,2017-12-07 06:21:43.654773
2011-12-17,18:15,43.3,43.1,41.2,92.4,0.19,N@0.0,0.0,42.0,0.0,0,"Lynden, Whatcom County",330063,Lynden,2017-12-07 06:21:43.654773
2011-12-17,18:30,42.8,42.8,41.0,93.0,0.25,N@1.1,2.8,42.0,0.0,0,"Lynden, Whatcom County",330063,Lynden,2017-12-07 06:21:43.654773
2011-12-17,18:45,42.9,42.9,41.2,93.8,0.29,N@0.9,3.1,42.0,0.0,0,"Lynden, Whatcom County",330063,Lynden,2017-12-07 06:21:43.654773
2011-12-17,19:00,42.6,42.6,41.0,94.2,0.33,N@1.1,3.1,42.0,0.0,0,"Lynden, Whatcom County",330063,Lynden,2017-12-07 06:21:43.654773
2011-12-17,19:15,42.5,42.5,41.1,94.5,0.35,N@1.5,3.9,42.0,0.0,0,"Lynden, Whatcom County",330063,Lynden,2017-12-07 06:21:43.654773
2011-12-17,19:30,42.4,42.4,41.0,94.7,0.37,NW@1.1,3.9,42.0,0.0,0,"Lynden, Whatcom County",330063,Lynden,2017-12-07 06:21:43.654773
2011-12-17,19:45,42.4,42.4,41.1,94.9,0.39,NW@0.7,3.1,42.0,0.0,0,"Lynden, Whatcom County",330063,Lynden,2017-12-07 06:21:43.654773
2011-12-17,20:00,42.3,42.3,41.0,95.1,0.41,N@0.6,2.8,42.0,0.0,0,"Lynden, Whatcom County",330063,Lynden,2017-12-07 06:21:43.654773
2011-12-17,20:15,42.2,42.2,40.9,95.2,0.42,N@0.9,2.4,42.0,0.0,0,"Lynden, Whatcom County",330063,Lynden,2017-12-07 06:21:43.654773
2011-12-17,20:30,42.1,42.2,40.9,95.3,0.43,NE@0.8,2.8,42.0,0.0,0,"Lynden, Whatcom County",330063,Lynden,2017-12-07 06:21:43.654773
2011-12-17,20:45,42.9,43.1,41.6,95.2,0.42,S@1.6,3.9,42.0,0.0,0,"Lynden, Whatcom County",330063,Lynden,2017-12-07 06:21:43.654773
2011-12-17,21:00,43.5,43.6,41.8,93.7,0.39,SW@1.1,2.8,41.9,0.0,0,"Lynden, Whatcom County",330063,Lynden,2017-12-07 06:21:43.654773
2011-12-17,21:15,44.7,45.0,41.3,88.0,0.16,W@4.1,6.7,41.9,0.0,0,"Lynden, Whatcom County",330063,Lynden,2017-12-07 06:21:43.654773
2011-12-17,21:30,44.9,44.8,40.5,84.3,0.48,W@1.3,4.6,41.9,0.0,0,"Lynden, Whatcom County",330063,Lynden,2017-12-07 06:21:43.654773
2011-12-17,21:45,44.1,44.0,40.7,87.6,0.78,W@1.1,3.1,41.9,0.0,0,"Lynden, Whatcom County",330063,Lynden,2017-12-07 06:21:43.654773
2011-12-17,22:00,43.7,43.7,41.0,90.0,0.91,W@1.0,2.1,41.9,0.01,0,"Lynden, Whatcom County",330063,Lynden,2017-12-07 06:21:43.654773
2011-12-17,22:15,43.4,43.3,41.1,91.6,0.93,S@0.0,1.4,41.9,0.01,0,"Lynden, Whatcom County",330063,Lynden,2017-12-07 06:21:43.654773
2011-12-17,22:30,43.3,43.2,41.3,92.7,0.92,N@0.6,2.8,41.9,0.02,0,"Lynden, Whatcom County",330063,Lynden,2017-12-07 06:21:43.654773
2011-12-17,22:45,43.1,43.1,41.4,93.5,0.89,N@0.1,1.4,41.9,0.02,0,"Lynden, Whatcom County",330063,Lynden,2017-12-07 06:21:43.654773
2011-12-17,23:00,43.0,42.9,41.4,94.1,0.87,N@1.5,2.4,41.9,0.04,0,"Lynden, Whatcom County",330063,Lynden,2017-12-07 06:21:43.654773
2011-12-17,23:15,42.8,42.8,41.4,94.6,0.84,N@1.5,2.8,41.9,0.01,0,"Lynden, Whatcom County",330063,Lynden,2017-12-07 06:21:43.654773
2011-12-17,23:30,42.6,42.7,41.3,95.0,0.84,N@2.0,3.5,41.9,0.02,0,"Lynden, Whatcom County",330063,Lynden,2017-12-07 06:21:43.654773
2011-12-17,23:45,42.8,42.8,41.6,95.3,0.8,N@0.7,2.4,41.9,0.03,0,"Lynden, Whatcom County",330063,Lynden,2017-12-07 06:21:43.654773
2011-12-17,24:00,42.7,42.8,41.6,95.5,0.81,N@0.9,2.1,41.9,0.01,0,"Lynden, Whatcom County",330063,Lynden,2017-12-07 06:21:43.654773
2011-12-18,00:15,42.7,42.8,41.6,95.7,0.85,N@2.4,4.2,41.9,0.01,0,"Lynden, Whatcom County",330063,Lynden,2017-12-07 06:21:43.654773
2011-12-18,00:30,42.8,42.9,41.7,96.0,0.84,N@1.1,3.1,41.9,0.01,0,"Lynden, Whatcom County",330063,Lynden,2017-12-07 06:21:43.654773
2011-12-18,00:45,42.9,43.0,41.9,96.0,0.83,NW@0.2,1.7,41.9,0.0,0,"Lynden, Whatcom County",330063,Lynden,2017-12-07 06:21:43.654773
2011-12-18,01:00,43.0,43.0,42.0,96.1,0.84,N@0.3,1.7,41.9,0.01,0,"Lynden, Whatcom County",330063,Lynden,2017-12-07 06:21:43.654773
2011-12-18,01:15,43.0,43.0,42.0,96.1,0.85,N@0.3,1.7,41.9,0.01,0,"Lynden, Whatcom County",330063,Lynden,2017-12-07 06:21:43.654773
2011-12-18,01:30,43.1,43.0,42.1,96.2,0.85,N@0.7,2.1,41.9,0.0,0,"Lynden, Whatcom County",330063,Lynden,2017-12-07 06:21:43.654773
2011-12-18,01:45,43.1,43.1,42.1,96.3,0.84,N@0.4,2.1,41.9,0.02,0,"Lynden, Whatcom County",330063,Lynden,2017-12-07 06:21:43.654773
2011-12-18,02:00,43.2,43.2,42.2,96.3,0.83,N@0.1,1.7,41.9,0.01,0,"Lynden, Whatcom County",330063,Lynden,2017-12-07 06:21:43.654773
2011-12-18,02:15,43.4,43.3,42.5,96.4,0.8,N@0.1,1.4,41.9,0.0,0,"Lynden, Whatcom County",330063,Lynden,2017-12-07 06:21:43.654773
2011-12-18,02:30,43.4,43.4,42.5,96.4,0.82,W@0.9,2.4,41.9,0.0,0,"Lynden, Whatcom County",330063,Lynden,2017-12-07 06:21:43.654773
2011-12-18,02:45,43.3,43.3,42.4,96.5,0.82,S@1.3,3.5,41.9,0.01,0,"Lynden, Whatcom County",330063,Lynden,2017-12-07 06:21:43.654773
2011-12-18,03:00,43.5,43.6,42.7,96.7,0.84,SW@1.6,2.8,42.0,0.0,0,"Lynden, Whatcom County",330063,Lynden,2017-12-07 06:21:43.654773
2011-12-18,03:15,43.6,43.6,42.7,96.7,0.85,SW@1.5,3.5,42.0,0.0,0,"Lynden, Whatcom County",330063,Lynden,2017-12-07 06:21:43.654773
2011-12-18,03:30,43.7,43.8,42.9,96.8,0.84,SW@2.9,6.0,42.0,0.0,0,"Lynden, Whatcom County",330063,Lynden,2017-12-07 06:21:43.654773
2011-12-18,03:45,43.8,43.9,43.0,96.8,0.83,SW@4.0,7.1,42.0,0.0,0,"Lynden, Whatcom County",330063,Lynden,2017-12-07 06:21:43.654773
2011-12-18,04:00,43.7,43.8,42.9,96.7,0.86,SW@3.8,6.7,42.0,0.01,0,"Lynden, Whatcom County",330063,Lynden,2017-12-07 06:21:43.654773
2011-12-18,04:15,43.6,43.8,42.7,96.6,0.86,SW@3.9,8.2,42.0,0.0,0,"Lynden, Whatcom County",330063,Lynden,2017-12-07 06:21:43.654773
2011-12-18,04:30,43.6,43.7,42.7,96.6,0.86,SW@3.9,6.7,42.0,0.01,0,"Lynden, Whatcom County",330063,Lynden,2017-12-07 06:21:43.654773
2011-12-18,04:45,43.5,43.6,42.6,96.6,0.86,SW@3.5,6.0,42.0,0.0,0,"Lynden, Whatcom County",330063,Lynden,2017-12-07 06:21:43.654773
2011-12-18,05:00,43.4,43.6,42.5,96.6,0.84,SW@4.2,8.2,42.0,0.0,0,"Lynden, Whatcom County",330063,Lynden,2017-12-07 06:21:43.654773
2011-12-18,05:15,43.3,43.6,42.4,96.5,0.83,SW@4.1,7.8,42.0,0.0,0,"Lynden, Whatcom County",330063,Lynden,2017-12-07 06:21:43.654773
2011-12-18,05:30,43.3,43.5,42.4,96.5,0.83,SW@3.4,6.0,42.0,0.0,0,"Lynden, Whatcom County",330063,Lynden,2017-12-07 06:21:43.654773
2011-12-18,05:45,43.3,43.6,42.4,96.4,0.84,SW@3.6,7.1,42.0,0.01,0,"Lynden, Whatcom County",330063,Lynden,2017-12-07 06:21:43.654773
2011-12-18,06:00,43.3,43.5,42.4,96.3,0.86,SW@3.3,5.7,42.0,0.0,0,"Lynden, Whatcom County",330063,Lynden,2017-12-07 06:21:43.654773
2011-12-18,06:15,43.3,43.5,42.4,96.3,0.87,SW@3.1,5.7,42.0,0.0,0,"Lynden, Whatcom County",330063,Lynden,2017-12-07 06:21:43.654773
2011-12-18,06:30,43.3,43.5,42.4,96.4,0.86,SW@3.4,5.7,42.0,0.01,0,"Lynden, Whatcom County",330063,Lynden,2017-12-07 06:21:43.654773
2011-12-18,06:45,43.3,43.5,42.4,96.4,0.85,SW@2.9,4.2,42.0,0.0,0,"Lynden, Whatcom County",330063,Lynden,2017-12-07 06:21:43.654773
2011-12-18,07:00,43.5,43.6,42.5,96.4,0.85,SW@3.2,4.9,42.1,0.0,0,"Lynden, Whatcom County",330063,Lynden,2017-12-07 06:21:43.654773
2011-12-18,07:15,43.5,43.6,42.5,96.4,0.86,W@2.1,3.1,42.1,0.0,0,"Lynden, Whatcom County",330063,Lynden,2017-12-07 06:21:43.654773
2011-12-18,07:30,43.5,43.5,42.6,96.5,0.85,SW@0.2,2.1,42.1,0.0,0,"Lynden, Whatcom County",330063,Lynden,2017-12-07 06:21:43.654773
2011-12-18,07:45,43.5,43.3,42.5,96.4,0.83,SW@0.1,2.1,42.1,0.0,0,"Lynden, Whatcom County",330063,Lynden,2017-12-07 06:21:43.654773
2011-12-18,08:00,43.2,43.2,42.3,96.4,0.82,S@0.9,2.1,42.1,0.0,0,"Lynden, Whatcom County",330063,Lynden,2017-12-07 06:21:43.654773
2011-12-18,08:15,43.1,43.2,42.2,96.5,0.81,W@1.4,3.1,42.1,0.0,2,"Lynden, Whatcom County",330063,Lynden,2017-12-07 06:21:43.654773
2011-12-18,08:30,43.2,43.1,42.3,96.5,0.81,SW@0.1,2.1,42.1,0.0,3,"Lynden, Whatcom County",330063,Lynden,2017-12-07 06:21:43.654773
2011-12-18,08:45,43.1,43.1,42.1,96.5,0.8,SW@2.0,2.4,42.1,0.0,5,"Lynden, Whatcom County",330063,Lynden,2017-12-07 06:21:43.654773
2011-12-18,09:00,43.1,43.2,42.2,96.6,0.8,W@0.2,2.1,42.1,0.01,10,"Lynden, Whatcom County",330063,Lynden,2017-12-07 06:21:43.654773
2011-12-18,09:15,43.3,43.3,42.5,96.6,0.79,N@0.0,0.0,42.1,0.0,15,"Lynden, Whatcom County",330063,Lynden,2017-12-07 06:21:43.654773
2011-12-18,09:30,43.6,43.5,42.7,96.6,0.79,SW@0.8,2.4,42.1,0.0,19,"Lynden, Whatcom County",330063,Lynden,2017-12-07 06:21:43.654773
2011-12-18,09:45,43.6,43.6,42.7,96.7,0.79,S@1.5,2.4,42.1,0.0,17,"Lynden, Whatcom County",330063,Lynden,2017-12-07 06:21:43.654773
2011-12-18,10:00,43.5,43.7,42.7,96.7,0.78,S@2.4,3.5,42.1,0.0,33,"Lynden, Whatcom County",330063,Lynden,2017-12-07 06:21:43.654773
2011-12-18,10:15,43.6,43.7,42.8,96.8,0.77,S@2.2,3.1,42.1,0.0,23,"Lynden, Whatcom County",330063,Lynden,2017-12-07 06:21:43.654773
2011-12-18,10:30,43.7,43.9,42.9,96.8,0.77,S@1.5,2.4,42.1,0.0,25,"Lynden, Whatcom County",330063,Lynden,2017-12-07 06:21:43.654773
2011-12-18,10:45,44.0,44.1,43.2,96.8,0.78,S@1.0,1.7,42.1,0.0,32,"Lynden, Whatcom County",330063,Lynden,2017-12-07 06:21:43.654773
2011-12-18,11:00,44.3,44.3,43.5,96.8,0.78,S@0.8,2.1,42.2,0.0,46,"Lynden, Whatcom County",330063,Lynden,2017-12-07 06:21:43.654773
2011-12-18,11:15,44.5,44.5,43.6,96.8,0.77,SW@2.4,3.5,42.2,0.0,39,"Lynden, Whatcom County",330063,Lynden,2017-12-07 06:21:43.654773
2011-12-18,11:30,44.6,44.7,43.8,96.8,0.77,SW@2.3,3.5,42.2,0.0,62,"Lynden, Whatcom County",330063,Lynden,2017-12-07 06:21:43.654773
2011-12-18,11:45,45.1,45.3,44.1,96.4,0.76,W@3.2,4.9,42.2,0.0,126,"Lynden, Whatcom County",330063,Lynden,2017-12-07 06:21:43.654773
2011-12-18,12:00,45.7,45.9,44.4,95.2,0.72,W@2.9,5.3,42.2,0.0,136,"Lynden, Whatcom County",330063,Lynden,2017-12-07 06:21:43.654773
2011-12-18,12:15,46.0,46.0,44.5,94.5,0.69,SW@1.4,3.1,42.2,0.0,90,"Lynden, Whatcom County",330063,Lynden,2017-12-07 06:21:43.654773
2011-12-18,12:30,45.7,45.8,44.0,93.6,0.65,N@1.5,3.5,42.2,0.0,69,"Lynden, Whatcom County",330063,Lynden,2017-12-07 06:21:43.654773
2011-12-18,12:45,45.9,45.9,44.0,92.9,0.61,N@1.4,2.8,42.3,0.0,80,"Lynden, Whatcom County",330063,Lynden,2017-12-07 06:21:43.654773
2011-12-18,13:00,46.0,45.9,43.9,92.4,0.55,NW@0.3,2.4,42.3,0.0,72,"Lynden, Whatcom County",330063,Lynden,2017-12-07 06:21:43.654773
2011-12-18,13:15,46.0,46.0,44.0,92.4,0.49,NW@0.5,2.1,42.3,0.0,65,"Lynden, Whatcom County",330063,Lynden,2017-12-07 06:21:43.654773
2011-12-18,13:30,46.2,46.2,44.2,92.5,0.42,SW@0.6,3.1,42.4,0.0,78,"Lynden, Whatcom County",330063,Lynden,2017-12-07 06:21:43.654773
2011-12-18,13:45,46.4,46.5,44.1,91.6,0.29,W@1.9,3.1,42.4,0.0,107,"Lynden, Whatcom County",330063,Lynden,2017-12-07 06:21:43.654773
2011-12-18,14:00,46.8,46.9,44.3,90.9,0.13,W@1.0,2.8,42.4,0.0,117,"Lynden, Whatcom County",330063,Lynden,2017-12-07 06:21:43.654773
2011-12-18,14:15,47.4,47.5,44.5,89.5,0.03,NW@0.3,1.7,42.5,0.0,97,"Lynden, Whatcom County",330063,Lynden,2017-12-07 06:21:43.654773
2011-12-18,14:30,47.1,47.0,44.0,88.7,0.02,SW@0.3,2.1,42.5,0.0,76,"Lynden, Whatcom County",330063,Lynden,2017-12-07 06:21:43.654773
2011-12-18,14:45,47.5,47.4,44.7,89.8,0.01,SE@0.1,1.7,42.6,0.0,61,"Lynden, Whatcom County",330063,Lynden,2017-12-07 06:21:43.654773
2011-12-18,15:00,47.3,47.1,44.1,88.7,0.01,S@0.1,1.4,42.6,0.0,37,"Lynden, Whatcom County",330063,Lynden,2017-12-07 06:21:43.654773
2011-12-18,15:15,46.9,46.7,44.0,89.3,0.01,W@0.0,1.4,42.6,0.0,16,"Lynden, Whatcom County",330063,Lynden,2017-12-07 06:21:43.654773
2011-12-18,15:30,46.6,46.3,44.0,90.6,0.02,S@0.0,1.4,42.7,0.0,5,"Lynden, Whatcom County",330063,Lynden,2017-12-07 06:21:43.654773
2011-12-18,15:45,46.0,45.9,43.9,92.1,0.02,S@0.8,2.4,42.7,0.0,4,"Lynden, Whatcom County",330063,Lynden,2017-12-07 06:21:43.654773
2011-12-18,16:00,45.5,45.4,43.6,93.0,0.03,N@0.0,0.0,42.8,0.0,6,"Lynden, Whatcom County",330063,Lynden,2017-12-07 06:21:43.654773
2011-12-18,16:15,44.9,44.9,43.2,93.7,0.07,N@0.0,0.0,42.8,0.0,3,"Lynden, Whatcom County",330063,Lynden,2017-12-07 06:21:43.654773
2011-12-18,16:30,44.8,44.6,43.3,94.3,0.09,N@0.0,0.0,42.8,0.0,1,"Lynden, Whatcom County",330063,Lynden,2017-12-07 06:21:43.654773
2011-12-18,16:45,44.7,44.6,43.2,94.6,0.1,N@0.0,0.0,42.9,0.0,0,"Lynden, Whatcom County",330063,Lynden,2017-12-07 06:21:43.654773
2011-12-18,17:00,44.7,44.5,43.3,95.0,0.11,N@0.0,0.0,42.9,0.0,0,"Lynden, Whatcom County",330063,Lynden,2017-12-07 06:21:43.654773
2011-12-18,17:15,44.7,44.5,43.4,95.1,0.11,N@0.0,0.0,42.9,0.0,0,"Lynden, Whatcom County",330063,Lynden,2017-12-07 06:21:43.654773
2011-12-18,17:30,44.7,44.5,43.4,95.2,0.11,S@0.0,1.4,42.9,0.0,0,"Lynden, Whatcom County",330063,Lynden,2017-12-07 06:21:43.654773
2011-12-18,17:45,44.5,44.4,43.2,95.2,0.11,W@0.5,2.8,42.9,0.0,0,"Lynden, Whatcom County",330063,Lynden,2017-12-07 06:21:43.654773
2011-12-18,18:00,44.3,44.3,43.1,95.2,0.12,SW@0.5,2.4,42.9,0.0,0,"Lynden, Whatcom County",330063,Lynden,2017-12-07 06:21:43.654773
2011-12-18,18:15,44.3,44.2,43.1,95.3,0.13,N@0.0,0.0,42.9,0.0,0,"Lynden, Whatcom County",330063,Lynden,2017-12-07 06:21:43.654773
2011-12-18,18:30,44.2,44.2,43.0,95.3,0.14,SW@0.6,2.4,42.9,0.0,0,"Lynden, Whatcom County",330063,Lynden,2017-12-07 06:21:43.654773
2011-12-18,18:45,44.1,44.0,42.9,95.3,0.14,W@0.3,2.1,42.9,0.0,0,"Lynden, Whatcom County",330063,Lynden,2017-12-07 06:21:43.654773
2011-12-18,19:00,44.0,43.9,42.7,95.3,0.15,N@0.6,2.1,42.9,0.0,0,"Lynden, Whatcom County",330063,Lynden,2017-12-07 06:21:43.654773
2011-12-18,19:15,43.9,43.6,42.6,95.2,0.17,N@0.0,0.0,42.9,0.0,0,"Lynden, Whatcom County",330063,Lynden,2017-12-07 06:21:43.654773
2011-12-18,19:30,43.7,43.6,42.5,95.2,0.19,W@0.1,1.4,42.9,0.0,0,"Lynden, Whatcom County",330063,Lynden,2017-12-07 06:21:43.654773
2011-12-18,19:45,43.5,43.3,42.2,95.3,0.2,N@0.0,0.0,42.9,0.0,0,"Lynden, Whatcom County",330063,Lynden,2017-12-07 06:21:43.654773
2011-12-18,20:00,43.3,43.2,42.1,95.4,0.22,N@0.0,0.0,42.9,0.0,0,"Lynden, Whatcom County",330063,Lynden,2017-12-07 06:21:43.654773
2011-12-18,20:15,43.2,43.2,42.1,95.6,0.24,W@0.3,2.1,42.9,0.0,0,"Lynden, Whatcom County",330063,Lynden,2017-12-07 06:21:43.654773
2011-12-18,20:30,43.0,42.9,41.9,95.7,0.26,N@0.0,0.0,42.9,0.0,0,"Lynden, Whatcom County",330063,Lynden,2017-12-07 06:21:43.654773
2011-12-18,20:45,43.0,42.9,41.9,95.8,0.28,N@0.0,1.4,42.9,0.0,0,"Lynden, Whatcom County",330063,Lynden,2017-12-07 06:21:43.654773
2011-12-18,21:00,43.0,42.9,41.9,95.9,0.29,SE@0.1,1.4,42.9,0.0,0,"Lynden, Whatcom County",330063,Lynden,2017-12-07 06:21:43.654773
2011-12-18,21:15,43.1,43.0,42.0,96.0,0.31,N@0.2,2.4,42.9,0.0,0,"Lynden, Whatcom County",330063,Lynden,2017-12-07 06:21:43.654773
2011-12-18,21:30,42.9,42.9,41.8,96.1,0.33,N@1.3,2.4,42.9,0.0,0,"Lynden, Whatcom County",330063,Lynden,2017-12-07 06:21:43.654773
2011-12-18,21:45,42.9,42.8,41.8,96.1,0.34,N@0.1,1.7,42.9,0.0,0,"Lynden, Whatcom County",330063,Lynden,2017-12-07 06:21:43.654773
2011-12-18,22:00,42.7,42.7,41.7,96.2,0.36,N@0.5,1.7,42.9,0.0,0,"Lynden, Whatcom County",330063,Lynden,2017-12-07 06:21:43.654773
2011-12-18,22:15,42.7,42.7,41.7,96.2,0.38,S@0.8,2.1,42.9,0.0,0,"Lynden, Whatcom County",330063,Lynden,2017-12-07 06:21:43.654773
2011-12-18,22:30,42.7,42.8,41.8,96.3,0.38,W@1.2,2.4,42.9,0.0,0,"Lynden, Whatcom County",330063,Lynden,2017-12-07 06:21:43.654773
2011-12-18,22:45,42.8,42.8,41.8,96.4,0.38,S@0.8,2.1,42.9,0.0,0,"Lynden, Whatcom County",330063,Lynden,2017-12-07 06:21:43.654773
2011-12-18,23:00,42.9,42.9,42.0,96.5,0.39,SW@0.2,1.7,42.9,0.0,0,"Lynden, Whatcom County",330063,Lynden,2017-12-07 06:21:43.654773
2011-12-18,23:15,42.9,43.0,42.0,96.5,0.39,SW@0.5,1.7,42.8,0.0,0,"Lynden, Whatcom County",330063,Lynden,2017-12-07 06:21:43.654773
2011-12-18,23:30,43.1,42.9,42.1,96.5,0.39,N@0.0,1.4,42.8,0.0,0,"Lynden, Whatcom County",330063,Lynden,2017-12-07 06:21:43.654773
2011-12-18,23:45,43.0,42.9,42.1,96.5,0.39,N@0.0,1.4,42.8,0.0,0,"Lynden, Whatcom County",330063,Lynden,2017-12-07 06:21:43.654773
2011-12-18,24:00,42.8,42.8,41.9,96.5,0.4,N@0.4,2.1,42.8,0.0,0,"Lynden, Whatcom County",330063,Lynden,2017-12-07 06:21:43.654773
2011-12-19,00:15,42.6,42.6,41.7,96.5,0.41,N@0.8,2.4,42.8,0.0,0,"Lynden, Whatcom County",330063,Lynden,2017-12-07 06:21:43.654773
2011-12-19,00:30,42.6,42.6,41.7,96.5,0.42,W@0.1,1.4,42.8,0.0,0,"Lynden, Whatcom County",330063,Lynden,2017-12-07 06:21:43.654773
2011-12-19,00:45,42.5,42.5,41.6,96.6,0.44,SE@0.9,2.4,42.8,0.0,0,"Lynden, Whatcom County",330063,Lynden,2017-12-07 06:21:43.654773
2011-12-19,01:00,42.5,42.5,41.6,96.6,0.45,NW@0.6,2.4,42.8,0.0,0,"Lynden, Whatcom County",330063,Lynden,2017-12-07 06:21:43.654773
2011-12-19,01:15,42.5,42.5,41.6,96.6,0.46,SW@1.0,2.8,42.8,0.0,0,"Lynden, Whatcom County",330063,Lynden,2017-12-07 06:21:43.654773
2011-12-19,01:30,42.5,42.5,41.6,96.7,0.47,W@0.1,1.4,42.8,0.0,0,"Lynden, Whatcom County",330063,Lynden,2017-12-07 06:21:43.654773
2011-12-19,01:45,42.6,42.5,41.7,96.7,0.47,N@0.0,0.0,42.8,0.0,0,"Lynden, Whatcom County",330063,Lynden,2017-12-07 06:21:43.654773
2011-12-19,02:00,42.5,42.4,41.6,96.7,0.48,S@0.3,1.7,42.8,0.0,0,"Lynden, Whatcom County",330063,Lynden,2017-12-07 06:21:43.654773
2011-12-19,02:15,42.5,42.4,41.6,96.7,0.48,NW@0.1,1.7,42.8,0.0,0,"Lynden, Whatcom County",330063,Lynden,2017-12-07 06:21:43.654773
2011-12-19,02:30,42.5,42.4,41.6,96.7,0.48,N@0.0,0.0,42.8,0.0,0,"Lynden, Whatcom County",330063,Lynden,2017-12-07 06:21:43.654773
2011-12-19,02:45,42.5,42.4,41.6,96.7,0.48,N@0.0,0.0,42.8,0.0,0,"Lynden, Whatcom County",330063,Lynden,2017-12-07 06:21:43.654773
2011-12-19,03:00,42.5,42.3,41.6,96.6,0.48,N@0.0,0.0,42.8,0.0,0,"Lynden, Whatcom County",330063,Lynden,2017-12-07 06:21:43.654773
2011-12-19,03:15,42.4,42.3,41.5,96.6,0.48,S@0.7,2.4,42.8,0.0,0,"Lynden, Whatcom County",330063,Lynden,2017-12-07 06:21:43.654773
2011-12-19,03:30,42.3,42.3,41.4,96.6,0.48,S@0.0,1.4,42.8,0.0,0,"Lynden, Whatcom County",330063,Lynden,2017-12-07 06:21:43.654773
2011-12-19,03:45,42.3,42.2,41.4,96.6,0.49,N@0.0,0.0,42.8,0.0,0,"Lynden, Whatcom County",330063,Lynden,2017-12-07 06:21:43.654773
2011-12-19,04:00,42.2,42.1,41.3,96.6,0.5,N@0.0,0.0,42.8,0.0,0,"Lynden, Whatcom County",330063,Lynden,2017-12-07 06:21:43.654773
2011-12-19,04:15,42.2,42.0,41.3,96.6,0.51,N@0.0,0.0,42.8,0.0,0,"Lynden, Whatcom County",330063,Lynden,2017-12-07 06:21:43.654773
2011-12-19,04:30,42.0,41.8,41.1,96.5,0.52,N@0.0,0.0,42.8,0.0,0,"Lynden, Whatcom County",330063,Lynden,2017-12-07 06:21:43.654773
2011-12-19,04:45,41.8,41.6,40.9,96.5,0.53,N@0.0,0.0,42.7,0.0,0,"Lynden, Whatcom County",330063,Lynden,2017-12-07 06:21:43.654773
2011-12-19,05:00,41.7,41.6,40.8,96.5,0.54,SW@0.2,1.7,42.7,0.0,0,"Lynden, Whatcom County",330063,Lynden,2017-12-07 06:21:43.654773
2011-12-19,05:15,41.7,41.8,40.8,96.5,0.55,S@0.8,2.1,42.7,0.0,0,"Lynden, Whatcom County",330063,Lynden,2017-12-07 06:21:43.654773
2011-12-19,05:30,41.7,41.6,40.8,96.5,0.56,N@0.0,0.0,42.7,0.0,0,"Lynden, Whatcom County",330063,Lynden,2017-12-07 06:21:43.654773
2011-12-19,05:45,41.6,41.6,40.7,96.5,0.57,NW@0.3,2.1,42.7,0.0,0,"Lynden, Whatcom County",330063,Lynden,2017-12-07 06:21:43.654773
2011-12-19,06:00,41.4,41.2,40.5,96.5,0.59,N@0.0,0.0,42.7,0.0,0,"Lynden, Whatcom County",330063,Lynden,2017-12-07 06:21:43.654773
2011-12-19,06:15,41.3,41.1,40.4,96.5,0.6,N@0.0,0.0,42.7,0.0,0,"Lynden, Whatcom County",330063,Lynden,2017-12-07 06:21:43.654773
2011-12-19,06:30,41.3,41.1,40.3,96.4,0.61,N@0.0,0.0,42.7,0.0,0,"Lynden, Whatcom County",330063,Lynden,2017-12-07 06:21:43.654773
2011-12-19,06:45,41.1,40.9,40.2,96.4,0.62,N@0.0,0.0,42.7,0.0,0,"Lynden, Whatcom County",330063,Lynden,2017-12-07 06:21:43.654773
2011-12-19,07:00,40.9,40.8,40.0,96.4,0.63,N@0.2,2.1,42.7,0.0,0,"Lynden, Whatcom County",330063,Lynden,2017-12-07 06:21:43.654773
2011-12-19,07:15,40.7,40.6,39.8,96.4,0.64,N@0.3,1.7,42.7,0.0,0,"Lynden, Whatcom County",330063,Lynden,2017-12-07 06:21:43.654773
2011-12-19,07:30,40.7,40.5,39.7,96.4,0.65,N@0.1,1.7,42.7,0.0,0,"Lynden, Whatcom County",330063,Lynden,2017-12-07 06:21:43.654773
2011-12-19,07:45,40.8,40.7,39.8,96.4,0.67,N@0.0,1.4,42.7,0.0,0,"Lynden, Whatcom County",330063,Lynden,2017-12-07 06:21:43.654773
2011-12-19,08:00,40.9,40.9,40.0,96.5,0.68,N@0.4,1.7,42.7,0.0,1,"Lynden, Whatcom County",330063,Lynden,2017-12-07 06:21:43.654773
2011-12-19,08:15,40.9,40.8,40.0,96.5,0.68,N@0.0,0.0,42.6,0.0,4,"Lynden, Whatcom County",330063,Lynden,2017-12-07 06:21:43.654773
2011-12-19,08:30,41.0,40.9,40.0,96.5,0.69,NE@0.0,1.4,42.6,0.0,8,"Lynden, Whatcom County",330063,Lynden,2017-12-07 06:21:43.654773
2011-12-19,08:45,41.1,41.1,40.2,96.5,0.69,N@0.4,1.7,42.6,0.0,16,"Lynden, Whatcom County",330063,Lynden,2017-12-07 06:21:43.654773
2011-12-19,09:00,41.2,41.2,40.3,96.6,0.7,N@0.6,2.1,42.6,0.0,17,"Lynden, Whatcom County",330063,Lynden,2017-12-07 06:21:43.654773
2011-12-19,09:15,41.6,41.5,40.7,96.6,0.69,N@0.0,0.0,42.6,0.0,29,"Lynden, Whatcom County",330063,Lynden,2017-12-07 06:21:43.654773
2011-12-19,09:30,41.9,41.9,41.1,96.6,0.68,N@0.0,0.0,42.6,0.0,41,"Lynden, Whatcom County",330063,Lynden,2017-12-07 06:21:43.654773
2011-12-19,09:45,42.3,42.2,41.4,96.7,0.67,NW@0.5,2.4,42.6,0.0,46,"Lynden, Whatcom County",330063,Lynden,2017-12-07 06:21:43.654773
2011-12-19,10:00,42.6,42.6,41.7,96.7,0.63,SW@2.1,3.9,42.6,0.0,67,"Lynden, Whatcom County",330063,Lynden,2017-12-07 06:21:43.654773
2011-12-19,10:15,43.1,43.1,42.2,96.6,0.58,SW@2.3,4.6,42.6,0.0,83,"Lynden, Whatcom County",330063,Lynden,2017-12-07 06:21:43.654773
2011-12-19,10:30,43.9,44.0,42.7,95.6,0.43,S@3.0,5.3,42.6,0.0,118,"Lynden, Whatcom County",330063,Lynden,2017-12-07 06:21:43.654773
2011-12-19,10:45,44.4,44.6,42.5,93.1,0.1,SW@3.5,4.9,42.6,0.0,92,"Lynden, Whatcom County",330063,Lynden,2017-12-07 06:21:43.654773
2011-12-19,11:00,44.5,44.7,42.3,91.8,0.02,S@2.8,4.6,42.6,0.0,90,"Lynden, Whatcom County",330063,Lynden,2017-12-07 06:21:43.654773
2011-12-19,11:15,44.7,44.9,41.8,89.4,0.01,S@3.6,6.0,42.6,0.0,108,"Lynden, Whatcom County",330063,Lynden,2017-12-07 06:21:43.654773
2011-12-19,11:30,44.9,45.1,41.5,87.8,0.01,S@3.5,6.7,42.6,0.0,94,"Lynden, Whatcom County",330063,Lynden,2017-12-07 06:21:43.654773
2011-12-19,11:45,44.9,45.1,41.3,86.9,0.01,S@3.1,5.3,42.6,0.0,99,"Lynden, Whatcom County",330063,Lynden,2017-12-07 06:21:43.654773
2011-12-19,12:00,45.2,45.4,41.3,86.1,0.01,S@2.8,4.9,42.7,0.0,87,"Lynden, Whatcom County",330063,Lynden,2017-12-07 06:21:43.654773
2011-12-19,12:15,45.1,45.3,41.0,85.6,0.01,S@3.2,5.3,42.7,0.0,65,"Lynden, Whatcom County",330063,Lynden,2017-12-07 06:21:43.654773
2011-12-19,12:30,45.2,45.3,41.0,85.4,0.01,SW@4.1,7.1,42.7,0.0,79,"Lynden, Whatcom County",330063,Lynden,2017-12-07 06:21:43.654773
2011-12-19,12:45,45.1,45.3,40.8,84.7,0.01,SW@4.1,9.2,42.7,0.0,81,"Lynden, Whatcom County",330063,Lynden,2017-12-07 06:21:43.654773
2011-12-19,13:00,45.0,45.1,40.3,83.7,0.01,SW@4.0,8.2,42.8,0.0,70,"Lynden, Whatcom County",330063,Lynden,2017-12-07 06:21:43.654773
2011-12-19,13:15,45.0,45.2,40.1,82.8,0.01,SW@4.6,7.8,42.8,0.0,96,"Lynden, Whatcom County",330063,Lynden,2017-12-07 06:21:43.654773
2011-12-19,13:30,45.3,45.5,40.4,82.7,0.01,SW@4.0,6.4,42.8,0.0,108,"Lynden, Whatcom County",330063,Lynden,2017-12-07 06:21:43.654773
2011-12-19,13:45,45.5,45.7,40.3,82.0,0.01,SW@4.5,7.4,42.9,0.0,108,"Lynden, Whatcom County",330063,Lynden,2017-12-07 06:21:43.654773
2011-12-19,14:00,45.7,45.8,40.5,81.8,0.01,SW@4.2,7.4,42.9,0.0,115,"Lynden, Whatcom County",330063,Lynden,2017-12-07 06:21:43.654773
2011-12-19,14:15,45.7,45.9,40.1,80.5,0.01,SW@3.8,7.1,42.9,0.0,107,"Lynden, Whatcom County",330063,Lynden,2017-12-07 06:21:43.654773
2011-12-19,14:30,45.8,46.0,39.4,78.4,0.01,S@4.2,7.4,43.0,0.0,87,"Lynden, Whatcom County",330063,Lynden,2017-12-07 06:21:43.654773
2011-12-19,14:45,45.5,45.7,39.1,77.9,0.01,S@4.5,10.7,43.0,0.0,56,"Lynden, Whatcom County",330063,Lynden,2017-12-07 06:21:43.654773
2011-12-19,15:00,45.4,45.5,39.4,79.3,0.01,SW@3.7,6.7,43.0,0.0,35,"Lynden, Whatcom County",330063,Lynden,2017-12-07 06:21:43.654773
2011-12-19,15:15,45.3,45.5,39.5,80.0,0.01,SW@4.4,8.9,43.1,0.0,39,"Lynden, Whatcom County",330063,Lynden,2017-12-07 06:21:43.654773
2011-12-19,15:30,45.1,45.3,39.6,80.8,0.01,S@4.2,7.4,43.1,0.0,30,"Lynden, Whatcom County",330063,Lynden,2017-12-07 06:21:43.654773
2011-12-19,15:45,45.0,45.2,39.7,81.4,0.03,SW@3.8,7.4,43.1,0.0,13,"Lynden, Whatcom County",330063,Lynden,2017-12-07 06:21:43.654773
2011-12-19,16:00,44.7,44.8,39.9,83.1,0.21,SW@3.3,6.4,43.2,0.0,5,"Lynden, Whatcom County",330063,Lynden,2017-12-07 06:21:43.654773
2011-12-19,16:15,44.2,44.3,40.0,85.2,0.17,SW@3.6,7.1,43.2,0.0,1,"Lynden, Whatcom County",330063,Lynden,2017-12-07 06:21:43.654773
2011-12-19,16:30,44.0,44.2,40.3,86.8,0.04,S@3.3,6.4,43.2,0.0,0,"Lynden, Whatcom County",330063,Lynden,2017-12-07 06:21:43.654773
2011-12-19,16:45,43.9,44.1,40.3,87.2,0.02,S@4.5,8.5,43.2,0.0,0,"Lynden, Whatcom County",330063,Lynden,2017-12-07 06:21:43.654773
2011-12-19,17:00,43.8,44.1,39.3,83.8,0.01,S@4.9,8.2,43.2,0.0,0,"Lynden, Whatcom County",330063,Lynden,2017-12-07 06:21:43.654773
2011-12-19,17:15,43.8,43.9,38.3,80.8,0.01,S@3.8,6.7,43.2,0.0,0,"Lynden, Whatcom County",330063,Lynden,2017-12-07 06:21:43.654773
2011-12-19,17:30,43.6,43.8,38.0,80.4,0.01,S@4.1,7.8,43.2,0.0,0,"Lynden, Whatcom County",330063,Lynden,2017-12-07 06:21:43.654773
2011-12-19,17:45,43.7,43.9,38.0,80.4,0.01,S@3.6,7.4,43.2,0.0,0,"Lynden, Whatcom County",330063,Lynden,2017-12-07 06:21:43.654773
2011-12-19,18:00,43.6,43.8,38.2,81.0,0.01,S@3.3,5.7,43.2,0.0,0,"Lynden, Whatcom County",330063,Lynden,2017-12-07 06:21:43.654773
2011-12-19,18:15,43.6,43.8,38.2,80.9,0.01,S@3.6,6.7,43.2,0.0,0,"Lynden, Whatcom County",330063,Lynden,2017-12-07 06:21:43.654773
2011-12-19,18:30,43.5,43.7,38.1,81.1,0.01,S@2.7,4.6,43.2,0.0,0,"Lynden, Whatcom County",330063,Lynden,2017-12-07 06:21:43.654773
2011-12-19,18:45,43.4,43.5,38.1,81.5,0.01,S@2.0,3.1,43.2,0.0,0,"Lynden, Whatcom County",330063,Lynden,2017-12-07 06:21:43.654773
2011-12-19,19:00,43.1,43.1,38.3,83.0,0.01,S@0.6,2.8,43.2,0.0,0,"Lynden, Whatcom County",330063,Lynden,2017-12-07 06:21:43.654773
2011-12-19,19:15,42.7,42.6,38.4,84.8,0.02,S@0.5,1.7,43.2,0.0,0,"Lynden, Whatcom County",330063,Lynden,2017-12-07 06:21:43.654773
2011-12-19,19:30,42.6,42.6,38.4,84.7,0.01,N@0.2,1.7,43.2,0.0,0,"Lynden, Whatcom County",330063,Lynden,2017-12-07 06:21:43.654773
2011-12-19,19:45,42.7,42.7,38.1,83.7,0.01,NW@0.6,2.4,43.2,0.0,0,"Lynden, Whatcom County",330063,Lynden,2017-12-07 06:21:43.654773
2011-12-19,20:00,42.7,42.8,37.9,83.1,0.01,SW@1.6,2.4,43.2,0.0,0,"Lynden, Whatcom County",330063,Lynden,2017-12-07 06:21:43.654773
2011-12-19,20:15,43.0,43.2,37.4,80.4,0.01,SW@1.1,2.4,43.2,0.0,0,"Lynden, Whatcom County",330063,Lynden,2017-12-07 06:21:43.654773
2011-12-19,20:30,43.3,43.4,37.3,79.2,0.01,W@1.0,3.1,43.2,0.0,0,"Lynden, Whatcom County",330063,Lynden,2017-12-07 06:21:43.654773
2011-12-19,20:45,43.2,43.1,37.5,80.2,0.01,W@0.8,2.1,43.1,0.0,0,"Lynden, Whatcom County",330063,Lynden,2017-12-07 06:21:43.654773
2011-12-19,21:00,42.9,42.9,37.8,81.9,0.01,W@0.4,2.1,43.1,0.0,0,"Lynden, Whatcom County",330063,Lynden,2017-12-07 06:21:43.654773
2011-12-19,21:15,42.9,43.0,37.7,81.7,0.01,W@2.0,4.2,43.1,0.0,0,"Lynden, Whatcom County",330063,Lynden,2017-12-07 06:21:43.654773
2011-12-19,21:30,44.0,44.3,37.1,76.5,0.17,SW@3.8,7.1,43.1,0.0,0,"Lynden, Whatcom County",330063,Lynden,2017-12-07 06:21:43.654773
2011-12-19,21:45,43.9,44.0,37.7,78.4,0.2,SW@3.1,6.0,43.1,0.0,0,"Lynden, Whatcom County",330063,Lynden,2017-12-07 06:21:43.654773
2011-12-19,22:00,44.0,44.2,37.4,77.4,0.01,SW@3.0,4.9,43.1,0.0,0,"Lynden, Whatcom County",330063,Lynden,2017-12-07 06:21:43.654773
2011-12-19,22:15,44.3,44.5,37.1,75.5,0.01,SW@2.8,5.7,43.1,0.0,0,"Lynden, Whatcom County",330063,Lynden,2017-12-07 06:21:43.654773
2011-12-19,22:30,44.3,44.4,37.0,75.4,0.01,SW@1.8,3.9,43.1,0.0,0,"Lynden, Whatcom County",330063,Lynden,2017-12-07 06:21:43.654773
2011-12-19,22:45,44.2,44.3,36.8,75.1,0.01,S@2.1,3.5,43.0,0.0,0,"Lynden, Whatcom County",330063,Lynden,2017-12-07 06:21:43.654773
2011-12-19,23:00,44.0,44.1,37.1,76.4,0.01,S@1.9,3.9,43.0,0.0,0,"Lynden, Whatcom County",330063,Lynden,2017-12-07 06:21:43.654773
2011-12-19,23:15,43.7,43.7,37.7,79.2,0.01,S@1.5,3.1,43.0,0.0,0,"Lynden, Whatcom County",330063,Lynden,2017-12-07 06:21:43.654773
2011-12-19,23:30,42.7,42.6,38.3,84.5,0.02,S@1.3,3.1,43.0,0.0,0,"Lynden, Whatcom County",330063,Lynden,2017-12-07 06:21:43.654773
2011-12-19,23:45,41.8,41.9,38.7,88.6,0.04,S@1.6,3.5,43.0,0.0,0,"Lynden, Whatcom County",330063,Lynden,2017-12-07 06:21:43.654773
2011-12-19,24:00,41.6,41.6,39.1,90.7,0.05,SW@1.1,2.4,43.0,0.0,0,"Lynden, Whatcom County",330063,Lynden,2017-12-07 06:21:43.654773
2011-12-20,00:15,41.5,41.5,39.2,91.5,0.06,NE@0.6,2.1,43.0,0.0,0,"Lynden, Whatcom County",330063,Lynden,2017-12-07 06:21:43.654773
2011-12-20,00:30,41.3,41.4,39.2,92.3,0.06,S@2.1,2.8,43.0,0.0,0,"Lynden, Whatcom County",330063,Lynden,2017-12-07 06:21:43.654773
2011-12-20,00:45,41.1,41.3,39.3,93.2,0.06,S@1.8,3.1,43.0,0.0,0,"Lynden, Whatcom County",330063,Lynden,2017-12-07 06:21:43.654773
2011-12-20,01:00,41.2,41.3,39.5,93.5,0.06,S@1.3,5.3,43.0,0.0,0,"Lynden, Whatcom County",330063,Lynden,2017-12-07 06:21:43.654773
2011-12-20,01:15,42.8,43.2,39.3,87.2,0.02,S@4.9,7.8,43.0,0.0,0,"Lynden, Whatcom County",330063,Lynden,2017-12-07 06:21:43.654773
2011-12-20,01:30,43.2,43.4,38.4,82.8,0.01,S@4.2,6.7,43.0,0.0,0,"Lynden, Whatcom County",330063,Lynden,2017-12-07 06:21:43.654773
2011-12-20,01:45,43.1,43.3,38.5,83.3,0.02,S@3.7,11.0,42.9,0.0,0,"Lynden, Whatcom County",330063,Lynden,2017-12-07 06:21:43.654773
2011-12-20,02:00,43.2,43.4,39.0,84.8,0.07,S@5.9,9.6,42.9,0.0,0,"Lynden, Whatcom County",330063,Lynden,2017-12-07 06:21:43.654773
2011-12-20,02:15,43.0,43.2,39.2,86.2,0.21,S@5.1,9.9,42.9,0.0,0,"Lynden, Whatcom County",330063,Lynden,2017-12-07 06:21:43.654773
2011-12-20,02:30,42.8,43.1,39.3,87.3,0.3,S@6.0,10.3,42.9,0.0,0,"Lynden, Whatcom County",330063,Lynden,2017-12-07 06:21:43.654773
2011-12-20,02:45,42.5,42.7,39.3,88.3,0.16,S@3.9,7.8,42.9,0.0,0,"Lynden, Whatcom County",330063,Lynden,2017-12-07 06:21:43.654773
2011-12-20,03:00,42.4,42.6,39.2,88.4,0.04,S@5.0,9.6,42.9,0.0,0,"Lynden, Whatcom County",330063,Lynden,2017-12-07 06:21:43.654773
2011-12-20,03:15,42.5,42.7,39.0,87.3,0.02,SW@5.6,9.9,42.9,0.0,0,"Lynden, Whatcom County",330063,Lynden,2017-12-07 06:21:43.654773
2011-12-20,03:30,42.6,42.8,38.9,86.5,0.01,S@4.7,9.6,42.9,0.0,0,"Lynden, Whatcom County",330063,Lynden,2017-12-07 06:21:43.654773
2011-12-20,03:45,42.6,42.9,38.8,86.3,0.01,S@3.8,6.0,42.9,0.0,0,"Lynden, Whatcom County",330063,Lynden,2017-12-07 06:21:43.654773
2011-12-20,04:00,42.8,43.0,38.9,85.9,0.01,S@3.8,7.1,42.9,0.0,0,"Lynden, Whatcom County",330063,Lynden,2017-12-07 06:21:43.654773
2011-12-20,04:15,42.9,43.0,38.8,85.5,0.01,S@3.1,5.7,42.9,0.0,0,"Lynden, Whatcom County",330063,Lynden,2017-12-07 06:21:43.654773
2011-12-20,04:30,43.1,43.4,38.4,83.5,0.01,S@4.4,9.9,42.9,0.0,0,"Lynden, Whatcom County",330063,Lynden,2017-12-07 06:21:43.654773
2011-12-20,04:45,43.4,43.7,37.5,79.3,0.01,SW@4.6,9.2,42.9,0.0,0,"Lynden, Whatcom County",330063,Lynden,2017-12-07 06:21:43.654773
2011-12-20,05:00,43.3,43.6,36.8,77.5,0.01,S@4.2,7.4,42.9,0.0,0,"Lynden, Whatcom County",330063,Lynden,2017-12-07 06:21:43.654773
2011-12-20,05:15,43.3,43.5,37.1,78.5,0.01,S@4.1,8.9,42.9,0.0,0,"Lynden, Whatcom County",330063,Lynden,2017-12-07 06:21:43.654773
2011-12-20,05:30,43.4,43.6,36.7,77.2,0.01,S@5.3,9.2,42.8,0.0,0,"Lynden, Whatcom County",330063,Lynden,2017-12-07 06:21:43.654773
2011-12-20,05:45,43.2,43.5,36.8,77.9,0.01,S@6.4,11.7,42.8,0.0,0,"Lynden, Whatcom County",330063,Lynden,2017-12-07 06:21:43.654773
2011-12-20,06:00,43.1,43.4,37.0,78.6,0.01,SW@6.2,11.0,42.8,0.0,0,"Lynden, Whatcom County",330063,Lynden,2017-12-07 06:21:43.654773
2011-12-20,06:15,43.2,43.5,37.0,78.6,0.01,SW@6.1,10.7,42.8,0.0,0,"Lynden, Whatcom County",330063,Lynden,2017-12-07 06:21:43.654773
2011-12-20,06:30,43.2,43.5,37.0,78.3,0.01,SW@7.2,12.1,42.8,0.0,0,"Lynden, Whatcom County",330063,Lynden,2017-12-07 06:21:43.654773
2011-12-20,06:45,43.2,43.4,37.1,78.7,0.01,S@6.5,11.4,42.8,0.0,0,"Lynden, Whatcom County",330063,Lynden,2017-12-07 06:21:43.654773
2011-12-20,07:00,42.6,42.8,37.7,82.8,0.01,S@6.6,13.2,42.8,0.0,0,"Lynden, Whatcom County",330063,Lynden,2017-12-07 06:21:43.654773
2011-12-20,07:15,42.0,42.3,38.2,86.2,0.03,S@5.6,11.0,42.8,0.0,0,"Lynden, Whatcom County",330063,Lynden,2017-12-07 06:21:43.654773
2011-12-20,07:30,41.9,42.1,38.4,87.4,0.02,S@5.5,9.9,42.8,0.0,0,"Lynden, Whatcom County",330063,Lynden,2017-12-07 06:21:43.654773
2011-12-20,07:45,42.1,42.3,38.2,86.1,0.02,S@4.6,8.9,42.8,0.0,0,"Lynden, Whatcom County",330063,Lynden,2017-12-07 06:21:43.654773
2011-12-20,08:00,42.3,42.5,38.2,85.3,0.01,S@4.6,8.2,42.8,0.0,0,"Lynden, Whatcom County",330063,Lynden,2017-12-07 06:21:43.654773
2011-12-20,08:15,42.5,42.7,38.2,84.7,0.01,S@4.8,8.5,42.8,0.0,0,"Lynden, Whatcom County",330063,Lynden,2017-12-07 06:21:43.654773
2011-12-20,08:30,42.6,42.8,38.2,84.4,0.01,SW@4.4,10.7,42.8,0.0,4,"Lynden, Whatcom County",330063,Lynden,2017-12-07 06:21:43.654773
2011-12-20,08:45,42.6,42.9,38.2,84.1,0.02,SW@3.6,6.0,42.8,0.0,8,"Lynden, Whatcom County",330063,Lynden,2017-12-07 06:21:43.654773
2011-12-20,09:00,42.7,42.9,38.2,83.7,0.03,SW@3.1,7.1,42.8,0.0,7,"Lynden, Whatcom County",330063,Lynden,2017-12-07 06:21:43.654773
2011-12-20,09:15,42.8,43.0,38.0,83.0,0.07,W@3.9,8.2,42.7,0.0,5,"Lynden, Whatcom County",330063,Lynden,2017-12-07 06:21:43.654773
2011-12-20,09:30,42.7,42.9,38.3,84.4,0.45,SW@4.2,8.5,42.7,0.0,14,"Lynden, Whatcom County",330063,Lynden,2017-12-07 06:21:43.654773
2011-12-20,09:45,42.4,42.6,38.9,87.5,0.9,SW@3.9,7.1,42.7,0.0,10,"Lynden, Whatcom County",330063,Lynden,2017-12-07 06:21:43.654773
2011-12-20,10:00,42.3,42.5,39.3,88.9,0.85,SW@3.5,6.4,42.7,0.0,12,"Lynden, Whatcom County",330063,Lynden,2017-12-07 06:21:43.654773
2011-12-20,10:15,42.4,42.6,39.7,89.9,0.83,SW@4.2,6.7,42.7,0.0,49,"Lynden, Whatcom County",330063,Lynden,2017-12-07 06:21:43.654773
2011-12-20,10:30,42.8,43.0,40.1,90.2,0.82,SW@4.6,7.4,42.7,0.0,72,"Lynden, Whatcom County",330063,Lynden,2017-12-07 06:21:43.654773
2011-12-20,10:45,43.0,43.2,40.4,90.4,0.8,SW@4.1,6.0,42.7,0.0,60,"Lynden, Whatcom County",330063,Lynden,2017-12-07 06:21:43.654773
2011-12-20,11:00,43.1,43.4,40.4,90.1,0.75,SW@4.6,8.5,42.7,0.0,56,"Lynden, Whatcom County",330063,Lynden,2017-12-07 06:21:43.654773
2011-12-20,11:15,43.3,43.5,40.4,89.7,0.63,SW@4.1,7.1,42.7,0.0,32,"Lynden, Whatcom County",330063,Lynden,2017-12-07 06:21:43.654773
2011-12-20,11:30,43.2,43.4,40.4,89.8,0.46,SW@4.5,9.9,42.7,0.0,20,"Lynden, Whatcom County",330063,Lynden,2017-12-07 06:21:43.654773
2011-12-20,11:45,43.2,43.5,40.4,89.7,0.21,SW@4.9,8.5,42.7,0.0,46,"Lynden, Whatcom County",330063,Lynden,2017-12-07 06:21:43.654773
2011-12-20,12:00,43.5,43.8,40.8,89.9,0.04,SW@4.3,6.4,42.7,0.0,56,"Lynden, Whatcom County",330063,Lynden,2017-12-07 06:21:43.654773
2011-12-20,12:15,43.5,43.8,40.8,90.0,0.02,SW@3.7,6.0,42.7,0.0,57,"Lynden, Whatcom County",330063,Lynden,2017-12-07 06:21:43.654773
2011-12-20,12:30,44.7,45.1,41.5,88.4,0.01,SW@3.8,5.7,42.8,0.0,96,"Lynden, Whatcom County",330063,Lynden,2017-12-07 06:21:43.654773
2011-12-20,12:45,44.9,45.1,41.4,87.5,0.01,SW@3.3,6.7,42.8,0.0,90,"Lynden, Whatcom County",330063,Lynden,2017-12-07 06:21:43.654773
2011-12-20,13:00,45.0,45.2,41.3,86.7,0.01,SW@4.2,7.4,42.8,0.0,95,"Lynden, Whatcom County",330063,Lynden,2017-12-07 06:21:43.654773
2011-12-20,13:15,45.2,45.4,41.4,86.7,0.01,SW@4.5,7.1,42.8,0.0,122,"Lynden, Whatcom County",330063,Lynden,2017-12-07 06:21:43.654773
2011-12-20,13:30,45.5,45.7,41.5,85.9,0.01,S@4.2,8.2,42.8,0.0,119,"Lynden, Whatcom County",330063,Lynden,2017-12-07 06:21:43.654773
2011-12-20,13:45,46.4,46.6,41.6,83.1,0.01,SW@5.3,9.2,42.8,0.0,186,"Lynden, Whatcom County",330063,Lynden,2017-12-07 06:21:43.654773
2011-12-20,14:00,45.6,45.8,40.4,81.7,0.01,W@5.6,10.3,42.9,0.0,74,"Lynden, Whatcom County",330063,Lynden,2017-12-07 06:21:43.654773
2011-12-20,14:15,47.0,47.1,40.4,77.9,0.01,SW@5.8,10.3,42.9,0.0,176,"Lynden, Whatcom County",330063,Lynden,2017-12-07 06:21:43.654773
2011-12-20,14:30,46.4,46.5,40.1,78.6,0.01,W@4.5,7.8,42.9,0.0,107,"Lynden, Whatcom County",330063,Lynden,2017-12-07 06:21:43.654773
2011-12-20,14:45,46.9,46.9,39.1,74.1,0.01,W@5.9,9.9,43.0,0.0,124,"Lynden, Whatcom County",330063,Lynden,2017-12-07 06:21:43.654773
2011-12-20,15:00,45.8,45.9,38.2,74.5,0.01,SW@6.5,9.9,43.0,0.0,109,"Lynden, Whatcom County",330063,Lynden,2017-12-07 06:21:43.654773
2011-12-20,15:15,45.7,45.9,37.9,73.8,0.01,SW@6.2,10.3,43.0,0.0,94,"Lynden, Whatcom County",330063,Lynden,2017-12-07 06:21:43.654773
2011-12-20,15:30,45.3,45.4,37.9,75.1,0.01,W@5.6,9.2,43.1,0.0,70,"Lynden, Whatcom County",330063,Lynden,2017-12-07 06:21:43.654773
2011-12-20,15:45,44.8,44.9,37.8,76.2,0.01,W@5.1,8.2,43.1,0.0,44,"Lynden, Whatcom County",330063,Lynden,2017-12-07 06:21:43.654773
2011-12-20,16:00,44.4,44.5,37.4,76.4,0.01,W@4.7,8.2,43.1,0.0,22,"Lynden, Whatcom County",330063,Lynden,2017-12-07 06:21:43.654773
2011-12-20,16:15,43.7,43.9,37.1,77.3,0.01,W@4.0,6.7,43.1,0.0,10,"Lynden, Whatcom County",330063,Lynden,2017-12-07 06:21:43.654773
2011-12-20,16:30,42.8,43.0,36.9,79.4,0.01,W@4.0,8.2,43.1,0.0,3,"Lynden, Whatcom County",330063,Lynden,2017-12-07 06:21:43.654773
2011-12-20,16:45,42.5,42.8,37.0,80.7,0.02,SW@5.0,11.4,43.1,0.0,0,"Lynden, Whatcom County",330063,Lynden,2017-12-07 06:21:43.654773
2011-12-20,17:00,42.7,43.0,36.9,79.5,0.01,W@5.0,8.9,43.1,0.0,0,"Lynden, Whatcom County",330063,Lynden,2017-12-07 06:21:43.654773
2011-12-20,17:15,43.0,43.2,36.7,78.2,0.01,SW@3.9,8.9,43.1,0.0,0,"Lynden, Whatcom County",330063,Lynden,2017-12-07 06:21:43.654773
2011-12-20,17:30,42.6,42.8,36.2,77.9,0.01,W@4.5,7.8,43.1,0.0,0,"Lynden, Whatcom County",330063,Lynden,2017-12-07 06:21:43.654773
2011-12-20,17:45,42.8,43.1,36.5,77.9,0.01,W@5.4,11.7,43.1,0.0,0,"Lynden, Whatcom County",330063,Lynden,2017-12-07 06:21:43.654773
2011-12-20,18:00,42.5,42.8,36.5,79.1,0.01,W@4.8,9.9,43.1,0.0,0,"Lynden, Whatcom County",330063,Lynden,2017-12-07 06:21:43.654773
2011-12-20,18:15,43.2,43.5,36.0,75.6,0.01,W@4.2,9.9,43.1,0.0,0,"Lynden, Whatcom County",330063,Lynden,2017-12-07 06:21:43.654773
2011-12-20,18:30,43.0,43.2,35.8,75.6,0.01,W@3.3,6.7,43.0,0.0,0,"Lynden, Whatcom County",330063,Lynden,2017-12-07 06:21:43.654773
2011-12-20,18:45,42.6,42.8,36.1,77.5,0.01,W@3.4,7.1,43.0,0.0,0,"Lynden, Whatcom County",330063,Lynden,2017-12-07 06:21:43.654773
2011-12-20,19:00,42.3,42.4,35.9,78.0,0.02,W@2.9,6.4,43.0,0.0,0,"Lynden, Whatcom County",330063,Lynden,2017-12-07 06:21:43.654773
2011-12-20,19:15,41.5,41.8,35.4,78.7,0.01,W@4.0,7.4,42.9,0.0,0,"Lynden, Whatcom County",330063,Lynden,2017-12-07 06:21:43.654773
2011-12-20,19:30,41.8,42.0,35.4,77.8,0.01,SW@3.2,7.1,42.9,0.0,0,"Lynden, Whatcom County",330063,Lynden,2017-12-07 06:21:43.654773
2011-12-20,19:45,41.6,41.7,35.2,77.8,0.02,SW@1.9,5.7,42.9,0.0,0,"Lynden, Whatcom County",330063,Lynden,2017-12-07 06:21:43.654773
2011-12-20,20:00,40.5,40.4,34.4,78.6,0.03,S@0.9,2.1,42.8,0.0,0,"Lynden, Whatcom County",330063,Lynden,2017-12-07 06:21:43.654773
2011-12-20,20:15,39.2,39.0,34.0,81.5,0.06,S@0.8,2.4,42.8,0.0,0,"Lynden, Whatcom County",330063,Lynden,2017-12-07 06:21:43.654773
2011-12-20,20:30,38.7,38.9,34.0,83.0,0.09,SW@1.9,2.8,42.8,0.0,0,"Lynden, Whatcom County",330063,Lynden,2017-12-07 06:21:43.654773
2011-12-20,20:45,39.1,39.3,33.9,81.4,0.06,SW@1.3,3.1,42.7,0.0,0,"Lynden, Whatcom County",330063,Lynden,2017-12-07 06:21:43.654773
2011-12-20,21:00,38.8,38.8,33.7,81.9,0.08,SW@1.8,4.9,42.7,0.0,0,"Lynden, Whatcom County",330063,Lynden,2017-12-07 06:21:43.654773
2011-12-20,21:15,38.4,38.5,33.5,82.5,0.05,SW@2.7,3.9,42.6,0.0,0,"Lynden, Whatcom County",330063,Lynden,2017-12-07 06:21:43.654773
2011-12-20,21:30,37.6,37.7,33.5,84.8,0.08,S@1.0,2.1,42.6,0.0,0,"Lynden, Whatcom County",330063,Lynden,2017-12-07 06:21:43.654773
2011-12-20,21:45,37.4,37.3,33.9,86.7,0.16,SE@0.2,1.7,42.6,0.0,0,"Lynden, Whatcom County",330063,Lynden,2017-12-07 06:21:43.654773
2011-12-20,22:00,36.2,35.8,32.8,87.5,0.25,N@0.0,0.0,42.5,0.0,0,"Lynden, Whatcom County",330063,Lynden,2017-12-07 06:21:43.654773
2011-12-20,22:15,34.9,34.7,32.0,88.9,0.34,S@0.1,1.7,42.5,0.0,0,"Lynden, Whatcom County",330063,Lynden,2017-12-07 06:21:43.654773
2011-12-20,22:30,34.5,34.5,32.1,90.7,0.41,W@0.5,2.4,42.4,0.0,0,"Lynden, Whatcom County",330063,Lynden,2017-12-07 06:21:43.654773
2011-12-20,22:45,33.1,32.9,30.7,91.1,0.49,N@0.7,2.8,42.4,0.0,0,"Lynden, Whatcom County",330063,Lynden,2017-12-07 06:21:43.654773
2011-12-20,23:00,32.2,32.2,30.0,91.6,0.57,N@1.7,3.1,42.3,0.0,0,"Lynden, Whatcom County",330063,Lynden,2017-12-07 06:21:43.654773
2011-12-20,23:15,31.9,31.9,29.8,92.2,0.64,N@0.5,2.1,42.3,0.0,0,"Lynden, Whatcom County",330063,Lynden,2017-12-07 06:21:43.654773
2011-12-20,23:30,31.3,31.2,29.1,92.3,0.57,NE@0.2,1.7,42.2,0.0,0,"Lynden, Whatcom County",330063,Lynden,2017-12-07 06:21:43.654773
2011-12-20,23:45,30.7,30.8,28.5,92.5,0.09,N@1.2,2.4,42.1,0.0,0,"Lynden, Whatcom County",330063,Lynden,2017-12-07 06:21:43.654773
2011-12-20,24:00,30.3,30.4,28.1,92.8,0.07,N@0.4,1.7,42.1,0.0,0,"Lynden, Whatcom County",330063,Lynden,2017-12-07 06:21:43.654773
2011-12-21,00:15,30.3,30.4,28.1,93.1,0.07,N@0.8,2.8,42.0,0.0,0,"Lynden, Whatcom County",330063,Lynden,2017-12-07 06:21:43.654773
2011-12-21,00:30,30.2,30.3,28.1,93.3,0.06,W@0.2,1.7,42.0,0.0,0,"Lynden, Whatcom County",330063,Lynden,2017-12-07 06:21:43.654773
2011-12-21,00:45,29.3,29.3,27.1,93.2,0.05,W@0.5,2.1,41.9,0.0,0,"Lynden, Whatcom County",330063,Lynden,2017-12-07 06:21:43.654773
2011-12-21,01:00,28.7,28.8,26.4,93.2,0.05,N@0.4,3.1,41.9,0.0,0,"Lynden, Whatcom County",330063,Lynden,2017-12-07 06:21:43.654773
2011-12-21,01:15,29.3,29.4,27.1,93.6,0.06,N@1.6,3.1,41.8,0.0,0,"Lynden, Whatcom County",330063,Lynden,2017-12-07 06:21:43.654773
2011-12-21,01:30,29.1,29.0,27.0,93.6,0.04,N@0.0,1.4,41.7,0.0,0,"Lynden, Whatcom County",330063,Lynden,2017-12-07 06:21:43.654773
2011-12-21,01:45,28.6,28.6,26.4,93.6,0.04,SW@0.2,1.7,41.7,0.0,0,"Lynden, Whatcom County",330063,Lynden,2017-12-07 06:21:43.654773
2011-12-21,02:00,28.2,28.2,25.9,93.5,0.04,NE@0.0,1.7,41.6,0.0,0,"Lynden, Whatcom County",330063,Lynden,2017-12-07 06:21:43.654773
2011-12-21,02:15,28.0,28.2,25.7,93.5,0.04,SW@0.1,2.1,41.6,0.0,0,"Lynden, Whatcom County",330063,Lynden,2017-12-07 06:21:43.654773
2011-12-21,02:30,28.2,28.5,26.0,93.6,0.04,N@0.6,2.1,41.5,0.0,0,"Lynden, Whatcom County",330063,Lynden,2017-12-07 06:21:43.654773
2011-12-21,02:45,28.2,28.1,25.9,93.6,0.04,N@0.0,1.4,41.4,0.0,0,"Lynden, Whatcom County",330063,Lynden,2017-12-07 06:21:43.654773
2011-12-21,03:00,27.8,27.7,25.4,93.6,0.04,N@0.0,0.0,41.4,0.0,0,"Lynden, Whatcom County",330063,Lynden,2017-12-07 06:21:43.654773
2011-12-21,03:15,27.6,27.6,25.2,93.5,0.04,N@0.1,1.7,41.3,0.0,0,"Lynden, Whatcom County",330063,Lynden,2017-12-07 06:21:43.654773
2011-12-21,03:30,27.5,27.5,25.1,93.5,0.04,N@0.2,1.7,41.3,0.0,0,"Lynden, Whatcom County",330063,Lynden,2017-12-07 06:21:43.654773
2011-12-21,03:45,27.8,27.9,25.5,93.6,0.04,N@0.4,1.7,41.2,0.0,0,"Lynden, Whatcom County",330063,Lynden,2017-12-07 06:21:43.654773
2011-12-21,04:00,27.6,27.6,25.3,93.5,0.04,N@0.6,2.8,41.1,0.0,0,"Lynden, Whatcom County",330063,Lynden,2017-12-07 06:21:43.654773
2011-12-21,04:15,28.1,28.2,25.8,93.7,0.04,N@0.9,2.8,41.1,0.0,0,"Lynden, Whatcom County",330063,Lynden,2017-12-07 06:21:43.654773
2011-12-21,04:30,27.9,27.9,25.6,93.6,0.04,N@0.0,1.4,41.0,0.0,0,"Lynden, Whatcom County",330063,Lynden,2017-12-07 06:21:43.654773
2011-12-21,04:45,27.5,27.5,25.1,93.5,0.03,N@0.1,1.4,41.0,0.0,0,"Lynden, Whatcom County",330063,Lynden,2017-12-07 06:21:43.654773
2011-12-21,05:00,27.6,27.8,25.2,93.6,0.04,N@0.9,2.4,40.9,0.0,0,"Lynden, Whatcom County",330063,Lynden,2017-12-07 06:21:43.654773
2011-12-21,05:15,27.9,28.0,25.6,93.6,0.04,N@1.0,2.1,40.9,0.0,0,"Lynden, Whatcom County",330063,Lynden,2017-12-07 06:21:43.654773
2011-12-21,05:30,27.6,27.6,25.2,93.5,0.03,NE@0.0,1.4,40.8,0.0,0,"Lynden, Whatcom County",330063,Lynden,2017-12-07 06:21:43.654773
2011-12-21,05:45,27.1,27.2,24.7,93.3,0.03,N@0.0,0.0,40.7,0.0,0,"Lynden, Whatcom County",330063,Lynden,2017-12-07 06:21:43.654773
2011-12-21,06:00,27.1,27.2,24.6,93.3,0.03,SW@0.6,2.4,40.7,0.0,0,"Lynden, Whatcom County",330063,Lynden,2017-12-07 06:21:43.654773
2011-12-21,06:15,26.6,26.6,24.0,93.1,0.03,NW@0.7,2.4,40.6,0.0,0,"Lynden, Whatcom County",330063,Lynden,2017-12-07 06:21:43.654773
2011-12-21,06:30,26.8,26.8,24.3,93.2,0.03,N@0.0,1.4,40.6,0.0,0,"Lynden, Whatcom County",330063,Lynden,2017-12-07 06:21:43.654773
2011-12-21,06:45,27.2,27.3,24.7,93.3,0.04,N@0.2,1.7,40.5,0.0,0,"Lynden, Whatcom County",330063,Lynden,2017-12-07 06:21:43.654773
2011-12-21,07:00,27.2,27.3,24.8,93.4,0.04,N@2.4,3.1,40.5,0.0,0,"Lynden, Whatcom County",330063,Lynden,2017-12-07 06:21:43.654773
2011-12-21,07:15,26.8,27.0,24.3,93.4,0.04,N@1.1,2.8,40.4,0.0,0,"Lynden, Whatcom County",330063,Lynden,2017-12-07 06:21:43.654773
2011-12-21,07:30,26.8,26.9,24.3,93.4,0.03,NW@0.3,2.1,40.3,0.0,0,"Lynden, Whatcom County",330063,Lynden,2017-12-07 06:21:43.654773
2011-12-21,07:45,26.2,26.3,23.6,93.2,0.03,SW@0.6,2.4,40.3,0.0,0,"Lynden, Whatcom County",330063,Lynden,2017-12-07 06:21:43.654773
2011-12-21,08:00,26.8,27.0,24.3,93.4,0.04,N@1.5,3.5,40.2,0.0,3,"Lynden, Whatcom County",330063,Lynden,2017-12-07 06:21:43.654773
2011-12-21,08:15,26.7,27.0,24.2,93.4,0.04,N@1.9,3.1,40.2,0.0,9,"Lynden, Whatcom County",330063,Lynden,2017-12-07 06:21:43.654773
2011-12-21,08:30,27.0,27.1,24.5,93.4,0.04,W@0.1,1.7,40.1,0.0,19,"Lynden, Whatcom County",330063,Lynden,2017-12-07 06:21:43.654773
2011-12-21,08:45,27.1,27.3,24.7,93.4,0.04,N@0.6,2.4,40.1,0.0,25,"Lynden, Whatcom County",330063,Lynden,2017-12-07 06:21:43.654773
2011-12-21,09:00,27.5,27.8,25.1,93.4,0.04,N@0.1,1.7,40.0,0.0,52,"Lynden, Whatcom County",330063,Lynden,2017-12-07 06:21:43.654773
2011-12-21,09:15,29.1,29.6,27.0,93.7,0.08,N@0.0,0.0,40.0,0.0,83,"Lynden, Whatcom County",330063,Lynden,2017-12-07 06:21:43.654773
2011-12-21,09:30,30.9,29.9,29.1,94.0,0.1,NE@0.0,1.4,39.9,0.0,38,"Lynden, Whatcom County",330063,Lynden,2017-12-07 06:21:43.654773
2011-12-21,09:45,30.1,30.1,28.1,93.9,0.08,N@0.5,2.1,39.9,0.0,35,"Lynden, Whatcom County",330063,Lynden,2017-12-07 06:21:43.654773
2011-12-21,10:00,31.3,32.1,29.6,94.0,0.21,SE@0.1,1.4,39.8,0.0,131,"Lynden, Whatcom County",330063,Lynden,2017-12-07 06:21:43.654773
2011-12-21,10:15,34.4,35.0,32.9,94.0,0.89,N@0.3,1.7,39.8,0.01,242,"Lynden, Whatcom County",330063,Lynden,2017-12-07 06:21:43.654773
2011-12-21,10:30,36.3,36.8,34.5,93.3,0.98,N@0.9,2.8,39.8,0.0,273,"Lynden, Whatcom County",330063,Lynden,2017-12-07 06:21:43.654773
2011-12-21,10:45,36.7,37.8,34.5,91.9,0.88,N@1.4,2.4,39.7,0.0,288,"Lynden, Whatcom County",330063,Lynden,2017-12-07 06:21:43.654773
2011-12-21,11:00,38.6,39.5,35.7,89.1,0.85,NE@0.8,2.1,39.7,0.0,301,"Lynden, Whatcom County",330063,Lynden,2017-12-07 06:21:43.654773
2011-12-21,11:15,40.6,41.1,35.9,83.2,0.85,NE@0.6,2.1,39.6,0.0,310,"Lynden, Whatcom County",330063,Lynden,2017-12-07 06:21:43.654773
2011-12-21,11:30,41.2,41.0,34.9,78.1,0.84,NE@1.5,3.1,39.6,0.0,302,"Lynden, Whatcom County",330063,Lynden,2017-12-07 06:21:43.654773
2011-12-21,11:45,40.8,40.8,34.5,78.1,0.83,N@2.0,3.5,39.6,0.0,310,"Lynden, Whatcom County",330063,Lynden,2017-12-07 06:21:43.654773
2011-12-21,12:00,41.8,41.9,34.8,76.0,0.78,N@2.1,3.9,39.5,0.0,322,"Lynden, Whatcom County",330063,Lynden,2017-12-07 06:21:43.654773
2011-12-21,12:15,43.7,43.6,35.4,72.2,0.67,N@1.7,2.8,39.5,0.0,319,"Lynden, Whatcom County",330063,Lynden,2017-12-07 06:21:43.654773
2011-12-21,12:30,43.8,43.7,33.9,67.7,0.29,N@2.6,4.9,39.5,0.0,295,"Lynden, Whatcom County",330063,Lynden,2017-12-07 06:21:43.654773
2011-12-21,12:45,44.6,44.6,33.6,65.1,0.02,N@2.4,5.3,39.5,0.0,286,"Lynden, Whatcom County",330063,Lynden,2017-12-07 06:21:43.654773
2011-12-21,13:00,44.2,44.2,32.3,62.5,0.0,N@3.2,6.7,39.5,0.0,253,"Lynden, Whatcom County",330063,Lynden,2017-12-07 06:21:43.654773
2011-12-21,13:15,45.0,45.0,33.4,63.5,0.0,NE@2.2,4.9,39.5,0.0,247,"Lynden, Whatcom County",330063,Lynden,2017-12-07 06:21:43.654773
2011-12-21,13:30,45.1,44.8,33.7,64.2,0.0,N@3.2,6.0,39.5,0.0,237,"Lynden, Whatcom County",330063,Lynden,2017-12-07 06:21:43.654773
2011-12-21,13:45,43.5,43.7,33.3,66.9,0.0,N@4.1,6.7,39.5,0.0,205,"Lynden, Whatcom County",330063,Lynden,2017-12-07 06:21:43.654773
2011-12-21,14:00,44.5,44.6,33.3,64.6,0.0,N@2.6,4.9,39.6,0.0,196,"Lynden, Whatcom County",330063,Lynden,2017-12-07 06:21:43.654773
2011-12-21,14:15,45.1,45.2,32.8,61.7,0.0,N@2.5,4.9,39.6,0.0,187,"Lynden, Whatcom County",330063,Lynden,2017-12-07 06:21:43.654773
2011-12-21,14:30,44.7,44.8,32.7,62.4,0.0,N@2.5,4.2,39.7,0.0,164,"Lynden, Whatcom County",330063,Lynden,2017-12-07 06:21:43.654773
2011-12-21,14:45,44.6,44.7,32.2,61.5,0.0,N@2.1,3.9,39.7,0.0,137,"Lynden, Whatcom County",330063,Lynden,2017-12-07 06:21:43.654773
2011-12-21,15:00,46.1,45.7,32.8,59.6,0.0,NW@0.9,2.4,39.8,0.0,122,"Lynden, Whatcom County",330063,Lynden,2017-12-07 06:21:43.654773
2011-12-21,15:15,47.2,46.7,32.5,56.2,0.0,NW@0.2,1.7,39.8,0.0,109,"Lynden, Whatcom County",330063,Lynden,2017-12-07 06:21:43.654773
2011-12-21,15:30,47.2,46.2,32.2,55.8,0.0,SW@0.2,2.1,39.9,0.0,85,"Lynden, Whatcom County",330063,Lynden,2017-12-07 06:21:43.654773
2011-12-21,15:45,45.5,44.5,32.4,59.9,0.0,W@0.2,2.4,39.9,0.0,58,"Lynden, Whatcom County",330063,Lynden,2017-12-07 06:21:43.654773
2011-12-21,16:00,44.2,43.3,32.6,63.4,0.01,NW@0.2,1.7,40.0,0.0,27,"Lynden, Whatcom County",330063,Lynden,2017-12-07 06:21:43.654773
2011-12-21,16:15,41.1,40.0,32.1,70.0,0.02,SW@0.1,2.1,40.0,0.0,7,"Lynden, Whatcom County",330063,Lynden,2017-12-07 06:21:43.654773
2011-12-21,16:30,38.3,37.8,31.7,77.1,0.05,N@0.7,2.1,40.0,0.0,2,"Lynden, Whatcom County",330063,Lynden,2017-12-07 06:21:43.654773
2011-12-21,16:45,36.5,36.2,31.3,81.2,0.09,W@0.1,1.7,40.1,0.0,0,"Lynden, Whatcom County",330063,Lynden,2017-12-07 06:21:43.654773
2011-12-21,17:00,35.1,34.8,30.8,84.2,0.15,N@0.4,2.1,40.1,0.0,0,"Lynden, Whatcom County",330063,Lynden,2017-12-07 06:21:43.654773
2011-12-21,17:15,33.8,33.6,30.2,86.5,0.24,N@0.9,2.1,40.1,0.0,0,"Lynden, Whatcom County",330063,Lynden,2017-12-07 06:21:43.654773
2011-12-21,17:30,32.4,32.3,29.3,88.2,0.33,N@1.1,2.8,40.1,0.0,0,"Lynden, Whatcom County",330063,Lynden,2017-12-07 06:21:43.654773
2011-12-21,17:45,32.0,32.2,29.4,89.7,0.41,NE@0.2,1.7,40.1,0.0,0,"Lynden, Whatcom County",330063,Lynden,2017-12-07 06:21:43.654773
2011-12-21,18:00,31.9,31.9,29.4,90.7,0.5,N@0.7,2.8,40.1,0.0,0,"Lynden, Whatcom County",330063,Lynden,2017-12-07 06:21:43.654773
2011-12-21,18:15,31.5,31.4,29.0,91.0,0.47,N@0.7,2.4,40.1,0.0,0,"Lynden, Whatcom County",330063,Lynden,2017-12-07 06:21:43.654773
2011-12-21,18:30,31.3,31.4,28.9,91.3,0.09,N@0.5,2.4,40.1,0.0,0,"Lynden, Whatcom County",330063,Lynden,2017-12-07 06:21:43.654773
2011-12-21,18:45,30.9,30.8,28.4,91.4,0.07,N@1.0,2.4,40.1,0.0,0,"Lynden, Whatcom County",330063,Lynden,2017-12-07 06:21:43.654773
2011-12-21,19:00,30.4,30.4,27.9,91.7,0.07,N@0.8,3.1,40.1,0.0,0,"Lynden, Whatcom County",330063,Lynden,2017-12-07 06:21:43.654773
2011-12-21,19:15,29.9,29.9,27.4,91.9,0.06,N@0.0,2.1,40.1,0.0,0,"Lynden, Whatcom County",330063,Lynden,2017-12-07 06:21:43.654773
2011-12-21,19:30,32.3,32.7,29.8,90.6,0.14,N@2.9,4.2,40.0,0.0,0,"Lynden, Whatcom County",330063,Lynden,2017-12-07 06:21:43.654773
2011-12-21,19:45,33.2,33.4,29.4,85.7,0.12,N@1.8,3.1,40.0,0.0,0,"Lynden, Whatcom County",330063,Lynden,2017-12-07 06:21:43.654773
2011-12-21,20:00,33.1,32.9,28.6,83.6,0.1,N@1.1,3.1,40.0,0.0,0,"Lynden, Whatcom County",330063,Lynden,2017-12-07 06:21:43.654773
2011-12-21,20:15,31.2,30.9,26.9,84.6,0.06,N@0.3,1.7,40.0,0.0,0,"Lynden, Whatcom County",330063,Lynden,2017-12-07 06:21:43.654773
2011-12-21,20:30,29.9,29.7,26.1,87.1,0.05,NW@0.1,1.7,39.9,0.0,0,"Lynden, Whatcom County",330063,Lynden,2017-12-07 06:21:43.654773
2011-12-21,20:45,29.3,29.4,26.1,89.2,0.05,S@0.2,2.1,39.9,0.0,0,"Lynden, Whatcom County",330063,Lynden,2017-12-07 06:21:43.654773
2011-12-21,21:00,29.3,29.5,26.4,90.6,0.06,N@2.4,4.6,39.9,0.0,0,"Lynden, Whatcom County",330063,Lynden,2017-12-07 06:21:43.654773
2011-12-21,21:15,29.0,29.0,26.0,90.4,0.05,N@1.0,3.9,39.8,0.0,0,"Lynden, Whatcom County",330063,Lynden,2017-12-07 06:21:43.654773
2011-12-21,21:30,28.3,28.3,25.1,90.3,0.04,N@0.3,1.4,39.8,0.0,0,"Lynden, Whatcom County",330063,Lynden,2017-12-07 06:21:43.654773
2011-12-21,21:45,28.2,28.3,25.2,90.8,0.04,SE@0.2,1.7,39.8,0.0,0,"Lynden, Whatcom County",330063,Lynden,2017-12-07 06:21:43.654773
2011-12-21,22:00,28.2,28.3,25.3,91.2,0.04,N@0.4,1.7,39.7,0.0,0,"Lynden, Whatcom County",330063,Lynden,2017-12-07 06:21:43.654773
2011-12-21,22:15,29.1,29.4,26.5,91.6,0.06,N@2.4,3.5,39.7,0.0,0,"Lynden, Whatcom County",330063,Lynden,2017-12-07 06:21:43.654773
2011-12-21,22:30,28.5,28.5,25.6,90.8,0.04,N@0.4,2.1,39.7,0.0,0,"Lynden, Whatcom County",330063,Lynden,2017-12-07 06:21:43.654773
2011-12-21,22:45,29.1,29.1,26.3,91.2,0.05,N@1.0,2.8,39.6,0.0,0,"Lynden, Whatcom County",330063,Lynden,2017-12-07 06:21:43.654773
2011-12-21,23:00,27.9,27.8,24.9,90.7,0.03,N@0.3,1.7,39.6,0.0,0,"Lynden, Whatcom County",330063,Lynden,2017-12-07 06:21:43.654773
2011-12-21,23:15,27.6,27.6,24.6,91.0,0.04,N@0.9,3.1,39.5,0.0,0,"Lynden, Whatcom County",330063,Lynden,2017-12-07 06:21:43.654773
2011-12-21,23:30,27.9,28.0,25.0,91.4,0.04,N@1.4,2.8,39.5,0.0,0,"Lynden, Whatcom County",330063,Lynden,2017-12-07 06:21:43.654773
2011-12-21,23:45,26.7,26.5,23.6,90.8,0.03,SE@0.1,1.4,39.5,0.0,0,"Lynden, Whatcom County",330063,Lynden,2017-12-07 06:21:43.654773
2011-12-21,24:00,26.5,26.5,23.3,90.9,0.03,N@0.0,0.0,39.4,0.0,0,"Lynden, Whatcom County",330063,Lynden,2017-12-07 06:21:43.654773
