Date,Time PST,Air Temp °F, 2<sup>nd</sup> Air Temp °F, Dew Point °F, Rel Hum %, Leaf Wet u., Wind Dir @ Speed mph, Wind Gust mph, 8 in. Soil Tmp °F, Tot Prec in, Solar Rad W/m²,Location,Station ID,Station Name,Download Timestamp
2008-10-24,00:15,40.3,,39.4,96.7,0.94,N@0.0,0.0,50.0,0.0,0,"Lynden, Whatcom County",330063,Lynden,2017-12-07 05:59:27.020949
2008-10-24,00:30,40.4,,39.5,96.7,0.94,N@0.0,0.0,49.9,0.0,0,"Lynden, Whatcom County",330063,Lynden,2017-12-07 05:59:27.020949
2008-10-24,00:45,40.8,,39.9,96.5,0.94,N@0.0,0.0,49.9,0.0,0,"Lynden, Whatcom County",330063,Lynden,2017-12-07 05:59:27.020949
2008-10-24,01:00,40.8,,39.8,96.5,0.94,N@0.0,0.0,49.8,0.0,0,"Lynden, Whatcom County",330063,Lynden,2017-12-07 05:59:27.020949
2008-10-24,01:15,40.8,,39.9,96.8,0.94,NW@0.4,2.1,49.8,0.0,0,"Lynden, Whatcom County",330063,Lynden,2017-12-07 05:59:27.020949
2008-10-24,01:30,40.6,,39.6,96.4,0.94,N@0.0,0.0,49.7,0.0,0,"Lynden, Whatcom County",330063,Lynden,2017-12-07 05:59:27.020949
2008-10-24,01:45,40.3,,39.4,96.5,0.95,S@0.0,1.4,49.7,0.0,0,"Lynden, Whatcom County",330063,Lynden,2017-12-07 05:59:27.020949
2008-10-24,02:00,40.0,,39.1,96.7,0.95,W@0.2,2.1,49.6,0.0,0,"Lynden, Whatcom County",330063,Lynden,2017-12-07 05:59:27.020949
2008-10-24,02:15,40.0,,39.1,96.5,0.95,W@0.1,1.7,49.6,0.0,0,"Lynden, Whatcom County",330063,Lynden,2017-12-07 05:59:27.020949
2008-10-24,02:30,39.9,,39.1,96.9,1.0,SE@0.4,2.8,49.6,0.0,0,"Lynden, Whatcom County",330063,Lynden,2017-12-07 05:59:27.020949
2008-10-24,02:45,40.0,,39.2,96.8,1.0,N@0.0,0.0,49.5,0.0,0,"Lynden, Whatcom County",330063,Lynden,2017-12-07 05:59:27.020949
2008-10-24,03:00,40.5,,39.8,97.1,1.0,S@0.1,2.1,49.5,0.0,0,"Lynden, Whatcom County",330063,Lynden,2017-12-07 05:59:27.020949
2008-10-24,03:15,40.6,,39.8,96.9,1.0,SW@0.0,1.4,49.5,0.0,0,"Lynden, Whatcom County",330063,Lynden,2017-12-07 05:59:27.020949
2008-10-24,03:30,40.7,,39.8,96.6,1.0,N@0.0,0.0,49.4,0.0,0,"Lynden, Whatcom County",330063,Lynden,2017-12-07 05:59:27.020949
2008-10-24,03:45,39.4,,38.6,96.8,1.0,N@0.0,0.0,49.4,0.0,0,"Lynden, Whatcom County",330063,Lynden,2017-12-07 05:59:27.020949
2008-10-24,04:00,40.0,,39.3,97.1,1.0,N@0.0,0.0,49.4,0.0,0,"Lynden, Whatcom County",330063,Lynden,2017-12-07 05:59:27.020949
2008-10-24,04:15,39.9,,39.1,96.9,1.0,W@0.2,2.4,49.3,0.0,0,"Lynden, Whatcom County",330063,Lynden,2017-12-07 05:59:27.020949
2008-10-24,04:30,39.9,,39.1,97.0,1.0,N@0.0,0.0,49.3,0.0,0,"Lynden, Whatcom County",330063,Lynden,2017-12-07 05:59:27.020949
2008-10-24,04:45,40.5,,39.8,97.2,1.0,W@0.0,1.4,49.2,0.0,0,"Lynden, Whatcom County",330063,Lynden,2017-12-07 05:59:27.020949
2008-10-24,05:00,40.9,,40.2,97.2,1.0,N@0.0,0.0,49.2,0.0,0,"Lynden, Whatcom County",330063,Lynden,2017-12-07 05:59:27.020949
2008-10-24,05:15,41.1,,40.4,97.2,1.0,N@0.0,0.0,49.1,0.0,0,"Lynden, Whatcom County",330063,Lynden,2017-12-07 05:59:27.020949
2008-10-24,05:30,41.7,,40.9,97.1,1.0,S@0.0,1.4,49.1,0.0,0,"Lynden, Whatcom County",330063,Lynden,2017-12-07 05:59:27.020949
2008-10-24,05:45,41.7,,40.9,97.0,1.0,NW@0.0,1.7,49.1,0.0,0,"Lynden, Whatcom County",330063,Lynden,2017-12-07 05:59:27.020949
2008-10-24,06:00,41.7,,40.9,96.9,1.0,N@0.0,0.0,49.0,0.0,0,"Lynden, Whatcom County",330063,Lynden,2017-12-07 05:59:27.020949
2008-10-24,06:15,41.7,,40.8,96.8,1.0,SW@0.4,2.8,49.0,0.0,0,"Lynden, Whatcom County",330063,Lynden,2017-12-07 05:59:27.020949
2008-10-24,06:30,41.7,,40.9,96.8,1.0,SW@0.9,3.9,48.9,0.0,0,"Lynden, Whatcom County",330063,Lynden,2017-12-07 05:59:27.020949
2008-10-24,06:45,41.9,,41.1,96.9,1.0,SW@0.9,3.9,48.9,0.0,0,"Lynden, Whatcom County",330063,Lynden,2017-12-07 05:59:27.020949
2008-10-24,07:00,42.4,,41.5,96.7,0.95,SW@0.1,1.7,48.8,0.0,2,"Lynden, Whatcom County",330063,Lynden,2017-12-07 05:59:27.020949
2008-10-24,07:15,42.4,,41.6,96.8,0.95,W@1.4,3.9,48.8,0.0,4,"Lynden, Whatcom County",330063,Lynden,2017-12-07 05:59:27.020949
2008-10-24,07:30,42.6,,41.7,96.7,0.95,S@0.2,2.1,48.8,0.0,8,"Lynden, Whatcom County",330063,Lynden,2017-12-07 05:59:27.020949
2008-10-24,07:45,42.6,,41.7,96.6,0.94,SW@0.4,2.8,48.7,0.0,13,"Lynden, Whatcom County",330063,Lynden,2017-12-07 05:59:27.020949
2008-10-24,08:00,42.8,,41.9,96.4,0.94,NW@1.0,3.5,48.7,0.0,17,"Lynden, Whatcom County",330063,Lynden,2017-12-07 05:59:27.020949
2008-10-24,08:15,43.3,,42.3,96.2,0.94,SW@0.5,2.8,48.7,0.0,23,"Lynden, Whatcom County",330063,Lynden,2017-12-07 05:59:27.020949
2008-10-24,08:30,43.4,,42.3,95.9,0.93,SW@0.8,3.1,48.6,0.0,31,"Lynden, Whatcom County",330063,Lynden,2017-12-07 05:59:27.020949
2008-10-24,08:45,43.9,,42.7,95.5,0.93,W@0.9,2.8,48.6,0.0,47,"Lynden, Whatcom County",330063,Lynden,2017-12-07 05:59:27.020949
2008-10-24,09:00,44.4,,43.0,94.9,0.92,SW@0.7,3.5,48.6,0.0,69,"Lynden, Whatcom County",330063,Lynden,2017-12-07 05:59:27.020949
2008-10-24,09:15,45.0,,43.5,94.3,0.9,W@0.3,2.4,48.6,0.0,85,"Lynden, Whatcom County",330063,Lynden,2017-12-07 05:59:27.020949
2008-10-24,09:30,45.8,,44.0,93.3,0.88,N@0.0,0.0,48.6,0.0,88,"Lynden, Whatcom County",330063,Lynden,2017-12-07 05:59:27.020949
2008-10-24,09:45,46.2,,43.7,90.9,0.85,N@0.0,0.0,48.6,0.0,103,"Lynden, Whatcom County",330063,Lynden,2017-12-07 05:59:27.020949
2008-10-24,10:00,47.1,,43.9,88.5,0.77,N@0.0,0.0,48.5,0.0,122,"Lynden, Whatcom County",330063,Lynden,2017-12-07 05:59:27.020949
2008-10-24,10:15,47.5,,43.6,86.3,0.5,N@0.0,0.0,48.5,0.0,97,"Lynden, Whatcom County",330063,Lynden,2017-12-07 05:59:27.020949
2008-10-24,10:30,47.6,,43.8,86.4,0.05,N@0.0,0.0,48.5,0.0,93,"Lynden, Whatcom County",330063,Lynden,2017-12-07 05:59:27.020949
2008-10-24,10:45,47.7,,44.0,87.0,0.0,SE@0.4,2.8,48.5,0.0,154,"Lynden, Whatcom County",330063,Lynden,2017-12-07 05:59:27.020949
2008-10-24,11:00,48.4,,44.8,87.3,0.0,SE@1.3,3.5,48.5,0.0,143,"Lynden, Whatcom County",330063,Lynden,2017-12-07 05:59:27.020949
2008-10-24,11:15,48.8,,44.4,84.7,0.0,SE@0.2,2.4,48.5,0.0,97,"Lynden, Whatcom County",330063,Lynden,2017-12-07 05:59:27.020949
2008-10-24,11:30,48.6,,44.3,85.0,0.0,S@0.6,3.1,48.5,0.0,92,"Lynden, Whatcom County",330063,Lynden,2017-12-07 05:59:27.020949
2008-10-24,11:45,49.3,,44.6,83.6,0.0,SE@0.2,2.1,48.5,0.0,118,"Lynden, Whatcom County",330063,Lynden,2017-12-07 05:59:27.020949
2008-10-24,12:00,49.6,,44.9,83.5,0.0,S@0.6,3.1,48.6,0.0,125,"Lynden, Whatcom County",330063,Lynden,2017-12-07 05:59:27.020949
2008-10-24,12:15,50.1,,44.8,81.8,0.0,S@0.7,4.2,48.6,0.0,112,"Lynden, Whatcom County",330063,Lynden,2017-12-07 05:59:27.020949
2008-10-24,12:30,49.7,,43.7,79.5,0.0,SE@3.5,6.4,48.6,0.0,80,"Lynden, Whatcom County",330063,Lynden,2017-12-07 05:59:27.020949
2008-10-24,12:45,49.7,,43.0,77.6,0.0,SE@3.0,6.4,48.6,0.0,63,"Lynden, Whatcom County",330063,Lynden,2017-12-07 05:59:27.020949
2008-10-24,13:00,49.7,,42.7,76.7,0.0,S@3.0,5.7,48.6,0.0,64,"Lynden, Whatcom County",330063,Lynden,2017-12-07 05:59:27.020949
2008-10-24,13:15,49.8,,42.4,75.7,0.0,SE@2.9,5.7,48.7,0.0,84,"Lynden, Whatcom County",330063,Lynden,2017-12-07 05:59:27.020949
2008-10-24,13:30,50.2,,43.2,76.9,0.0,SE@3.0,5.3,48.7,0.0,112,"Lynden, Whatcom County",330063,Lynden,2017-12-07 05:59:27.020949
2008-10-24,13:45,50.2,,43.0,76.3,0.0,SE@3.2,5.7,48.7,0.0,116,"Lynden, Whatcom County",330063,Lynden,2017-12-07 05:59:27.020949
2008-10-24,14:00,50.2,,42.8,75.6,0.0,SE@3.7,8.2,48.8,0.0,116,"Lynden, Whatcom County",330063,Lynden,2017-12-07 05:59:27.020949
2008-10-24,14:15,50.4,,42.7,74.8,0.0,SE@4.2,7.4,48.8,0.0,113,"Lynden, Whatcom County",330063,Lynden,2017-12-07 05:59:27.020949
2008-10-24,14:30,50.6,,43.3,75.9,0.0,SE@3.4,5.7,48.8,0.0,101,"Lynden, Whatcom County",330063,Lynden,2017-12-07 05:59:27.020949
2008-10-24,14:45,50.4,,42.9,75.2,0.0,SE@4.3,8.5,48.9,0.0,80,"Lynden, Whatcom County",330063,Lynden,2017-12-07 05:59:27.020949
2008-10-24,15:00,50.2,,43.1,76.3,0.0,SE@3.2,6.0,48.9,0.0,61,"Lynden, Whatcom County",330063,Lynden,2017-12-07 05:59:27.020949
2008-10-24,15:15,50.2,,43.3,76.9,0.0,SE@4.0,8.2,48.9,0.0,48,"Lynden, Whatcom County",330063,Lynden,2017-12-07 05:59:27.020949
2008-10-24,15:30,50.1,,43.4,77.6,0.0,SE@3.1,6.4,49.0,0.0,29,"Lynden, Whatcom County",330063,Lynden,2017-12-07 05:59:27.020949
2008-10-24,15:45,49.8,,43.3,78.4,0.0,SE@2.8,5.3,49.0,0.0,27,"Lynden, Whatcom County",330063,Lynden,2017-12-07 05:59:27.020949
2008-10-24,16:00,49.7,,43.6,79.4,0.01,SE@2.8,4.9,49.0,0.0,19,"Lynden, Whatcom County",330063,Lynden,2017-12-07 05:59:27.020949
2008-10-24,16:15,49.3,,43.6,80.6,0.01,S@2.7,6.0,49.0,0.0,19,"Lynden, Whatcom County",330063,Lynden,2017-12-07 05:59:27.020949
2008-10-24,16:30,49.3,,43.9,81.7,0.06,S@3.1,5.7,49.1,0.0,7,"Lynden, Whatcom County",330063,Lynden,2017-12-07 05:59:27.020949
2008-10-24,16:45,48.8,,44.0,83.6,0.13,SE@3.1,5.3,49.1,0.0,7,"Lynden, Whatcom County",330063,Lynden,2017-12-07 05:59:27.020949
2008-10-24,17:00,48.4,,43.9,84.4,0.24,S@3.3,6.0,49.1,0.0,3,"Lynden, Whatcom County",330063,Lynden,2017-12-07 05:59:27.020949
2008-10-24,17:15,48.4,,44.0,84.7,0.66,S@3.3,4.9,49.1,0.0,0,"Lynden, Whatcom County",330063,Lynden,2017-12-07 05:59:27.020949
2008-10-24,17:30,48.4,,44.4,86.1,0.78,S@2.8,6.0,49.2,0.0,0,"Lynden, Whatcom County",330063,Lynden,2017-12-07 05:59:27.020949
2008-10-24,17:45,48.3,,45.0,88.5,0.88,SE@0.5,2.4,49.2,0.01,0,"Lynden, Whatcom County",330063,Lynden,2017-12-07 05:59:27.020949
2008-10-24,18:00,47.9,,45.2,90.4,0.89,SE@0.3,2.1,49.2,0.0,0,"Lynden, Whatcom County",330063,Lynden,2017-12-07 05:59:27.020949
2008-10-24,18:15,47.6,,45.0,90.6,0.9,SE@2.1,5.3,49.2,0.0,0,"Lynden, Whatcom County",330063,Lynden,2017-12-07 05:59:27.020949
2008-10-24,18:30,47.5,,45.0,91.0,0.9,SE@1.9,3.5,49.2,0.0,0,"Lynden, Whatcom County",330063,Lynden,2017-12-07 05:59:27.020949
2008-10-24,18:45,47.5,,45.1,91.2,0.9,SE@1.0,2.4,49.3,0.0,0,"Lynden, Whatcom County",330063,Lynden,2017-12-07 05:59:27.020949
2008-10-24,19:00,47.5,,44.8,90.2,0.91,SE@1.2,3.1,49.3,0.0,0,"Lynden, Whatcom County",330063,Lynden,2017-12-07 05:59:27.020949
2008-10-24,19:15,47.5,,44.6,89.7,0.91,SE@1.7,3.5,49.3,0.0,0,"Lynden, Whatcom County",330063,Lynden,2017-12-07 05:59:27.020949
2008-10-24,19:30,47.5,,44.3,88.7,0.91,SE@2.2,4.6,49.3,0.0,0,"Lynden, Whatcom County",330063,Lynden,2017-12-07 05:59:27.020949
2008-10-24,19:45,47.5,,44.4,88.9,0.9,SE@3.0,5.3,49.3,0.0,0,"Lynden, Whatcom County",330063,Lynden,2017-12-07 05:59:27.020949
2008-10-24,20:00,47.9,,44.5,87.9,0.89,SE@0.8,3.5,49.3,0.0,0,"Lynden, Whatcom County",330063,Lynden,2017-12-07 05:59:27.020949
2008-10-24,20:15,47.9,,44.4,87.6,0.86,SE@1.7,4.6,49.3,0.0,0,"Lynden, Whatcom County",330063,Lynden,2017-12-07 05:59:27.020949
2008-10-24,20:30,47.9,,44.5,87.7,0.82,S@0.8,3.5,49.3,0.0,0,"Lynden, Whatcom County",330063,Lynden,2017-12-07 05:59:27.020949
2008-10-24,20:45,47.9,,44.6,88.2,0.77,SE@1.5,3.9,49.4,0.0,0,"Lynden, Whatcom County",330063,Lynden,2017-12-07 05:59:27.020949
2008-10-24,21:00,47.6,,44.6,89.0,0.71,SE@0.2,2.4,49.4,0.0,0,"Lynden, Whatcom County",330063,Lynden,2017-12-07 05:59:27.020949
2008-10-24,21:15,47.8,,44.8,89.1,0.64,N@0.0,0.0,49.4,0.0,0,"Lynden, Whatcom County",330063,Lynden,2017-12-07 05:59:27.020949
2008-10-24,21:30,47.7,,44.7,89.1,0.54,SE@0.0,2.1,49.4,0.0,0,"Lynden, Whatcom County",330063,Lynden,2017-12-07 05:59:27.020949
2008-10-24,21:45,47.9,,44.6,88.0,0.4,S@1.0,3.5,49.4,0.0,0,"Lynden, Whatcom County",330063,Lynden,2017-12-07 05:59:27.020949
2008-10-24,22:00,48.1,,44.5,87.4,0.21,SE@1.6,4.2,49.4,0.0,0,"Lynden, Whatcom County",330063,Lynden,2017-12-07 05:59:27.020949
2008-10-24,22:15,47.9,,44.6,88.1,0.05,SE@0.1,1.7,49.4,0.0,0,"Lynden, Whatcom County",330063,Lynden,2017-12-07 05:59:27.020949
2008-10-24,22:30,48.2,,44.8,87.6,0.02,SE@0.2,2.1,49.4,0.0,0,"Lynden, Whatcom County",330063,Lynden,2017-12-07 05:59:27.020949
2008-10-24,22:45,48.4,,44.8,87.4,0.01,S@0.1,1.7,49.4,0.0,0,"Lynden, Whatcom County",330063,Lynden,2017-12-07 05:59:27.020949
2008-10-24,23:00,48.2,,44.8,87.9,0.42,SW@0.3,2.8,49.4,0.0,0,"Lynden, Whatcom County",330063,Lynden,2017-12-07 05:59:27.020949
2008-10-25,23:15,48.4,,45.2,88.7,0.87,N@0.0,0.0,49.4,0.0,0,"Lynden, Whatcom County",330063,Lynden,2017-12-07 05:59:27.020949
2008-10-25,23:30,47.9,,45.3,90.8,0.96,SE@0.5,2.4,49.4,0.0,0,"Lynden, Whatcom County",330063,Lynden,2017-12-07 05:59:27.020949
2008-10-25,23:45,46.9,,45.5,95.0,1.0,SE@3.5,6.7,49.4,0.0,0,"Lynden, Whatcom County",330063,Lynden,2017-12-07 05:59:27.020949
2008-10-25,24:00,46.9,,45.5,95.0,1.0,SE@3.8,6.0,49.4,0.0,0,"Lynden, Whatcom County",330063,Lynden,2017-12-07 05:59:27.020949
2008-10-25,00:15,46.7,,45.5,95.3,1.0,S@2.8,4.2,49.4,0.0,0,"Lynden, Whatcom County",330063,Lynden,2017-12-07 05:59:27.020949
2008-10-25,00:30,46.9,,45.5,95.0,1.0,S@2.9,5.3,49.4,0.0,0,"Lynden, Whatcom County",330063,Lynden,2017-12-07 05:59:27.020949
2008-10-25,00:45,47.0,,45.5,94.4,1.0,S@3.2,4.9,49.4,0.0,0,"Lynden, Whatcom County",330063,Lynden,2017-12-07 05:59:27.020949
2008-10-25,01:00,47.0,,45.4,94.0,1.0,S@3.2,6.4,49.4,0.0,0,"Lynden, Whatcom County",330063,Lynden,2017-12-07 05:59:27.020949
2008-10-25,01:15,47.0,,45.2,93.4,0.97,SW@2.1,5.3,49.4,0.0,0,"Lynden, Whatcom County",330063,Lynden,2017-12-07 05:59:27.020949
2008-10-25,01:30,47.3,,45.5,93.3,1.0,SW@0.4,2.8,49.3,0.0,0,"Lynden, Whatcom County",330063,Lynden,2017-12-07 05:59:27.020949
2008-10-25,01:45,47.1,,45.3,93.4,1.0,N@0.0,0.0,49.3,0.0,0,"Lynden, Whatcom County",330063,Lynden,2017-12-07 05:59:27.020949
2008-10-25,02:00,47.0,,45.4,94.0,1.0,N@0.0,0.0,49.3,0.0,0,"Lynden, Whatcom County",330063,Lynden,2017-12-07 05:59:27.020949
2008-10-25,02:15,47.4,,45.7,93.7,1.0,N@0.0,0.0,49.3,0.0,0,"Lynden, Whatcom County",330063,Lynden,2017-12-07 05:59:27.020949
2008-10-25,02:30,47.2,,45.5,93.8,1.0,N@0.0,0.0,49.3,0.0,0,"Lynden, Whatcom County",330063,Lynden,2017-12-07 05:59:27.020949
2008-10-25,02:45,47.4,,45.7,93.7,1.0,N@0.0,0.0,49.3,0.0,0,"Lynden, Whatcom County",330063,Lynden,2017-12-07 05:59:27.020949
2008-10-25,03:00,46.9,,45.5,94.9,1.0,N@0.0,0.0,49.3,0.0,0,"Lynden, Whatcom County",330063,Lynden,2017-12-07 05:59:27.020949
2008-10-25,03:15,46.4,,45.5,96.5,1.0,S@0.3,2.8,49.3,0.0,0,"Lynden, Whatcom County",330063,Lynden,2017-12-07 05:59:27.020949
2008-10-25,03:30,46.5,,45.5,96.0,1.0,S@1.5,4.6,49.3,0.0,0,"Lynden, Whatcom County",330063,Lynden,2017-12-07 05:59:27.020949
2008-10-25,03:45,47.2,,45.2,92.7,1.0,S@3.5,5.3,49.3,0.0,0,"Lynden, Whatcom County",330063,Lynden,2017-12-07 05:59:27.020949
2008-10-25,04:00,47.4,,44.8,90.6,1.0,S@3.8,7.8,49.3,0.0,0,"Lynden, Whatcom County",330063,Lynden,2017-12-07 05:59:27.020949
2008-10-25,04:15,47.4,,44.6,89.9,0.97,S@3.4,5.3,49.3,0.0,0,"Lynden, Whatcom County",330063,Lynden,2017-12-07 05:59:27.020949
2008-10-25,04:30,47.4,,44.8,90.9,0.94,S@3.8,6.4,49.3,0.0,0,"Lynden, Whatcom County",330063,Lynden,2017-12-07 05:59:27.020949
2008-10-25,04:45,47.0,,44.6,91.2,0.93,S@4.3,6.7,49.3,0.0,0,"Lynden, Whatcom County",330063,Lynden,2017-12-07 05:59:27.020949
2008-10-25,05:00,47.0,,44.7,91.8,0.92,S@4.2,6.7,49.3,0.0,0,"Lynden, Whatcom County",330063,Lynden,2017-12-07 05:59:27.020949
2008-10-25,05:15,46.6,,44.5,92.4,0.91,S@3.9,6.7,49.3,0.0,0,"Lynden, Whatcom County",330063,Lynden,2017-12-07 05:59:27.020949
2008-10-25,05:30,46.2,,44.3,93.0,0.9,S@4.7,8.2,49.3,0.0,0,"Lynden, Whatcom County",330063,Lynden,2017-12-07 05:59:27.020949
2008-10-25,05:45,46.2,,44.4,93.2,0.9,S@5.4,9.2,49.3,0.0,0,"Lynden, Whatcom County",330063,Lynden,2017-12-07 05:59:27.020949
2008-10-25,06:00,46.1,,44.4,93.5,0.89,S@4.7,7.8,49.3,0.0,0,"Lynden, Whatcom County",330063,Lynden,2017-12-07 05:59:27.020949
2008-10-25,06:15,46.1,,44.5,94.1,0.88,S@4.4,6.7,49.3,0.0,0,"Lynden, Whatcom County",330063,Lynden,2017-12-07 05:59:27.020949
2008-10-25,06:30,45.7,,44.1,94.1,0.87,SW@1.9,6.7,49.3,0.0,0,"Lynden, Whatcom County",330063,Lynden,2017-12-07 05:59:27.020949
2008-10-25,06:45,44.8,,43.4,94.8,0.88,S@2.6,3.9,49.3,0.0,2,"Lynden, Whatcom County",330063,Lynden,2017-12-07 05:59:27.020949
2008-10-25,07:00,44.3,,43.3,96.2,0.89,SW@2.1,3.1,49.3,0.0,7,"Lynden, Whatcom County",330063,Lynden,2017-12-07 05:59:27.020949
2008-10-25,07:15,44.6,,43.6,96.5,0.9,S@2.6,5.3,49.3,0.0,19,"Lynden, Whatcom County",330063,Lynden,2017-12-07 05:59:27.020949
2008-10-25,07:30,45.3,,44.3,95.9,0.9,SW@1.6,3.9,49.3,0.0,58,"Lynden, Whatcom County",330063,Lynden,2017-12-07 05:59:27.020949
2008-10-25,07:45,46.6,,45.4,95.4,0.9,E@0.0,1.4,49.3,0.0,47,"Lynden, Whatcom County",330063,Lynden,2017-12-07 05:59:27.020949
2008-10-25,08:00,46.2,,44.7,94.5,0.89,SE@0.5,2.8,49.3,0.0,36,"Lynden, Whatcom County",330063,Lynden,2017-12-07 05:59:27.020949
2008-10-25,08:15,45.7,,44.5,95.6,0.88,SE@0.8,3.5,49.3,0.0,16,"Lynden, Whatcom County",330063,Lynden,2017-12-07 05:59:27.020949
2008-10-25,08:30,45.7,,44.6,95.8,0.87,SE@0.5,3.1,49.3,0.0,47,"Lynden, Whatcom County",330063,Lynden,2017-12-07 05:59:27.020949
2008-10-25,08:45,46.4,,45.4,96.1,0.86,SE@1.8,3.1,49.2,0.0,138,"Lynden, Whatcom County",330063,Lynden,2017-12-07 05:59:27.020949
2008-10-25,09:00,48.1,,46.4,93.7,0.81,SW@3.1,6.0,49.2,0.0,170,"Lynden, Whatcom County",330063,Lynden,2017-12-07 05:59:27.020949
2008-10-25,09:15,49.2,,45.5,86.8,0.56,SW@3.7,6.7,49.3,0.0,110,"Lynden, Whatcom County",330063,Lynden,2017-12-07 05:59:27.020949
2008-10-25,09:30,49.2,,44.4,83.5,0.04,SW@4.4,7.4,49.3,0.0,117,"Lynden, Whatcom County",330063,Lynden,2017-12-07 05:59:27.020949
2008-10-25,09:45,49.0,,43.7,81.6,0.0,SW@3.4,6.4,49.2,0.0,183,"Lynden, Whatcom County",330063,Lynden,2017-12-07 05:59:27.020949
2008-10-25,10:00,49.8,,43.5,78.6,0.0,SW@5.1,8.9,49.2,0.0,272,"Lynden, Whatcom County",330063,Lynden,2017-12-07 05:59:27.020949
2008-10-25,10:15,49.8,,43.3,78.2,0.0,SW@3.3,6.4,49.2,0.0,209,"Lynden, Whatcom County",330063,Lynden,2017-12-07 05:59:27.020949
2008-10-25,10:30,50.7,,44.2,78.3,0.0,W@1.5,4.9,49.3,0.0,174,"Lynden, Whatcom County",330063,Lynden,2017-12-07 05:59:27.020949
2008-10-25,10:45,51.3,,44.2,76.6,0.0,S@1.6,4.6,49.3,0.0,457,"Lynden, Whatcom County",330063,Lynden,2017-12-07 05:59:27.020949
2008-10-25,11:00,53.4,,45.0,73.0,0.0,W@2.9,7.4,49.3,0.0,527,"Lynden, Whatcom County",330063,Lynden,2017-12-07 05:59:27.020949
2008-10-25,11:15,52.9,,44.8,73.9,0.0,SW@1.8,4.9,49.3,0.0,313,"Lynden, Whatcom County",330063,Lynden,2017-12-07 05:59:27.020949
2008-10-25,11:30,51.9,,43.8,73.8,0.0,SW@2.2,5.7,49.3,0.0,142,"Lynden, Whatcom County",330063,Lynden,2017-12-07 05:59:27.020949
2008-10-25,11:45,51.8,,44.1,74.9,0.0,W@1.3,6.0,49.4,0.0,261,"Lynden, Whatcom County",330063,Lynden,2017-12-07 05:59:27.020949
2008-10-25,12:00,52.7,,44.3,73.2,0.0,W@2.0,6.0,49.4,0.0,402,"Lynden, Whatcom County",330063,Lynden,2017-12-07 05:59:27.020949
2008-10-25,12:15,53.4,,44.1,70.5,0.0,S@1.6,5.3,49.4,0.0,421,"Lynden, Whatcom County",330063,Lynden,2017-12-07 05:59:27.020949
2008-10-25,12:30,52.8,,43.0,69.3,0.0,SW@4.1,9.2,49.5,0.0,517,"Lynden, Whatcom County",330063,Lynden,2017-12-07 05:59:27.020949
2008-10-25,12:45,52.9,,42.4,67.4,0.0,S@5.0,8.5,49.5,0.0,499,"Lynden, Whatcom County",330063,Lynden,2017-12-07 05:59:27.020949
2008-10-25,13:00,52.0,,42.4,69.7,0.0,S@4.4,6.7,49.6,0.0,260,"Lynden, Whatcom County",330063,Lynden,2017-12-07 05:59:27.020949
2008-10-25,13:15,53.0,,43.0,68.6,0.0,S@1.7,4.9,49.6,0.0,458,"Lynden, Whatcom County",330063,Lynden,2017-12-07 05:59:27.020949
2008-10-25,13:30,53.9,,42.4,64.7,0.0,S@0.2,3.9,49.7,0.0,290,"Lynden, Whatcom County",330063,Lynden,2017-12-07 05:59:27.020949
2008-10-25,13:45,52.3,,42.3,68.7,0.0,S@1.4,4.2,49.7,0.0,105,"Lynden, Whatcom County",330063,Lynden,2017-12-07 05:59:27.020949
2008-10-25,14:00,51.8,,42.2,69.8,0.0,SE@3.4,5.7,49.8,0.0,104,"Lynden, Whatcom County",330063,Lynden,2017-12-07 05:59:27.020949
2008-10-25,14:15,52.3,,42.5,69.1,0.0,SE@3.2,6.4,49.8,0.0,309,"Lynden, Whatcom County",330063,Lynden,2017-12-07 05:59:27.020949
2008-10-25,14:30,52.8,,42.4,67.5,0.0,S@3.1,5.7,49.9,0.0,263,"Lynden, Whatcom County",330063,Lynden,2017-12-07 05:59:27.020949
2008-10-25,14:45,52.2,,42.1,68.5,0.0,SE@1.7,5.3,49.9,0.0,98,"Lynden, Whatcom County",330063,Lynden,2017-12-07 05:59:27.020949
2008-10-25,15:00,51.8,,42.0,69.2,0.0,N@0.0,0.0,50.0,0.0,82,"Lynden, Whatcom County",330063,Lynden,2017-12-07 05:59:27.020949
2008-10-25,15:15,51.8,,42.6,70.7,0.0,N@0.0,0.0,50.0,0.0,70,"Lynden, Whatcom County",330063,Lynden,2017-12-07 05:59:27.020949
2008-10-25,15:30,51.5,,43.3,73.5,0.0,N@0.0,0.0,50.1,0.0,57,"Lynden, Whatcom County",330063,Lynden,2017-12-07 05:59:27.020949
2008-10-25,15:45,52.5,,44.1,72.8,0.0,N@0.0,0.0,50.1,0.0,140,"Lynden, Whatcom County",330063,Lynden,2017-12-07 05:59:27.020949
2008-10-25,16:00,53.0,,43.2,69.0,0.0,N@0.0,0.0,50.1,0.0,116,"Lynden, Whatcom County",330063,Lynden,2017-12-07 05:59:27.020949
2008-10-25,16:15,52.0,,43.2,71.7,0.0,N@0.0,0.0,50.2,0.0,83,"Lynden, Whatcom County",330063,Lynden,2017-12-07 05:59:27.020949
2008-10-25,16:30,51.7,,43.6,73.6,0.0,N@0.0,0.0,50.2,0.0,51,"Lynden, Whatcom County",330063,Lynden,2017-12-07 05:59:27.020949
2008-10-25,16:45,50.8,,43.8,76.9,0.0,N@0.0,0.0,50.3,0.0,24,"Lynden, Whatcom County",330063,Lynden,2017-12-07 05:59:27.020949
2008-10-25,17:00,49.1,,43.5,80.9,0.01,N@0.0,0.0,50.3,0.0,10,"Lynden, Whatcom County",330063,Lynden,2017-12-07 05:59:27.020949
2008-10-25,17:15,47.4,,42.9,84.3,0.03,N@0.0,0.0,50.3,0.0,2,"Lynden, Whatcom County",330063,Lynden,2017-12-07 05:59:27.020949
2008-10-25,17:30,46.2,,42.3,86.4,0.12,N@0.0,0.0,50.3,0.0,0,"Lynden, Whatcom County",330063,Lynden,2017-12-07 05:59:27.020949
2008-10-25,17:45,45.2,,42.0,88.5,0.25,N@0.0,0.0,50.3,0.0,0,"Lynden, Whatcom County",330063,Lynden,2017-12-07 05:59:27.020949
2008-10-25,18:00,44.2,,41.6,90.5,0.39,N@0.0,0.0,50.3,0.0,0,"Lynden, Whatcom County",330063,Lynden,2017-12-07 05:59:27.020949
2008-10-25,18:15,42.2,,40.2,92.5,0.5,N@0.0,0.0,50.3,0.0,0,"Lynden, Whatcom County",330063,Lynden,2017-12-07 05:59:27.020949
2008-10-25,18:30,41.7,,39.9,93.3,0.58,N@0.0,0.0,50.3,0.0,0,"Lynden, Whatcom County",330063,Lynden,2017-12-07 05:59:27.020949
2008-10-25,18:45,41.2,,39.6,93.9,0.66,N@0.0,0.0,50.4,0.0,0,"Lynden, Whatcom County",330063,Lynden,2017-12-07 05:59:27.020949
2008-10-25,19:00,41.1,,39.6,94.2,0.73,N@0.0,0.0,50.4,0.0,0,"Lynden, Whatcom County",330063,Lynden,2017-12-07 05:59:27.020949
2008-10-25,19:15,40.6,,39.1,94.4,0.77,N@0.0,0.0,50.4,0.0,0,"Lynden, Whatcom County",330063,Lynden,2017-12-07 05:59:27.020949
2008-10-25,19:30,40.8,,39.4,94.8,0.81,N@0.0,0.0,50.3,0.0,0,"Lynden, Whatcom County",330063,Lynden,2017-12-07 05:59:27.020949
2008-10-25,19:45,40.1,,38.7,94.7,0.84,N@0.0,0.0,50.3,0.0,0,"Lynden, Whatcom County",330063,Lynden,2017-12-07 05:59:27.020949
2008-10-25,20:00,39.3,,38.2,95.7,0.87,N@0.0,0.0,50.3,0.0,0,"Lynden, Whatcom County",330063,Lynden,2017-12-07 05:59:27.020949
2008-10-25,20:15,39.0,,38.0,96.3,0.89,N@0.0,0.0,50.3,0.0,0,"Lynden, Whatcom County",330063,Lynden,2017-12-07 05:59:27.020949
2008-10-25,20:30,38.8,,37.7,95.9,0.91,N@0.0,0.0,50.3,0.0,0,"Lynden, Whatcom County",330063,Lynden,2017-12-07 05:59:27.020949
2008-10-25,20:45,38.3,,37.1,95.4,0.92,N@0.0,0.0,50.2,0.0,0,"Lynden, Whatcom County",330063,Lynden,2017-12-07 05:59:27.020949
2008-10-25,21:00,37.7,,36.7,95.9,0.93,N@0.0,0.0,50.2,0.0,0,"Lynden, Whatcom County",330063,Lynden,2017-12-07 05:59:27.020949
2008-10-25,21:15,37.8,,36.8,96.0,0.93,N@0.0,0.0,50.1,0.0,0,"Lynden, Whatcom County",330063,Lynden,2017-12-07 05:59:27.020949
2008-10-25,21:30,37.4,,36.4,95.9,0.94,N@0.0,0.0,50.1,0.0,0,"Lynden, Whatcom County",330063,Lynden,2017-12-07 05:59:27.020949
2008-10-25,21:45,37.0,,36.1,96.4,0.94,N@0.0,0.0,50.0,0.0,0,"Lynden, Whatcom County",330063,Lynden,2017-12-07 05:59:27.020949
2008-10-25,22:00,36.2,,35.1,95.9,0.94,N@0.0,0.0,50.0,0.0,0,"Lynden, Whatcom County",330063,Lynden,2017-12-07 05:59:27.020949
2008-10-25,22:15,35.8,,34.9,96.4,0.95,N@0.0,0.0,50.0,0.0,0,"Lynden, Whatcom County",330063,Lynden,2017-12-07 05:59:27.020949
2008-10-25,22:30,35.1,,34.1,96.1,0.99,N@0.0,0.0,49.9,0.0,0,"Lynden, Whatcom County",330063,Lynden,2017-12-07 05:59:27.020949
2008-10-25,22:45,35.0,,34.3,96.9,1.0,N@0.0,0.0,49.9,0.0,0,"Lynden, Whatcom County",330063,Lynden,2017-12-07 05:59:27.020949
2008-10-25,23:00,35.7,,35.0,97.3,1.0,NW@2.3,4.2,49.8,0.0,0,"Lynden, Whatcom County",330063,Lynden,2017-12-07 05:59:27.020949
2008-10-26,23:15,35.6,,34.8,97.0,1.0,SW@0.2,2.1,49.7,0.0,0,"Lynden, Whatcom County",330063,Lynden,2017-12-07 05:59:27.020949
2008-10-26,23:30,36.2,,35.6,97.5,1.0,W@1.4,4.2,49.7,0.0,0,"Lynden, Whatcom County",330063,Lynden,2017-12-07 05:59:27.020949
2008-10-26,23:45,38.1,,37.4,97.5,1.0,NW@1.9,5.3,49.6,0.0,0,"Lynden, Whatcom County",330063,Lynden,2017-12-07 05:59:27.020949
2008-10-26,24:00,39.6,,38.9,97.3,1.0,NW@4.8,6.7,49.6,0.0,0,"Lynden, Whatcom County",330063,Lynden,2017-12-07 05:59:27.020949
2008-10-26,00:15,40.2,,39.2,96.0,1.0,NW@3.9,5.7,49.5,0.0,0,"Lynden, Whatcom County",330063,Lynden,2017-12-07 05:59:27.020949
2008-10-26,00:30,39.4,,38.3,95.8,1.0,W@1.6,3.1,49.5,0.0,0,"Lynden, Whatcom County",330063,Lynden,2017-12-07 05:59:27.020949
2008-10-26,00:45,39.7,,38.7,96.2,1.0,NW@2.8,4.6,49.4,0.0,0,"Lynden, Whatcom County",330063,Lynden,2017-12-07 05:59:27.020949
2008-10-26,01:00,40.4,,39.3,95.9,1.0,NW@2.7,5.3,49.3,0.0,0,"Lynden, Whatcom County",330063,Lynden,2017-12-07 05:59:27.020949
2008-10-26,01:15,41.4,,39.8,94.0,1.0,NW@4.2,5.7,49.3,0.0,0,"Lynden, Whatcom County",330063,Lynden,2017-12-07 05:59:27.020949
2008-10-26,01:30,41.9,,40.0,92.6,1.0,NW@5.1,7.4,49.2,0.0,0,"Lynden, Whatcom County",330063,Lynden,2017-12-07 05:59:27.020949
2008-10-26,01:45,42.3,,39.9,91.0,1.0,NW@5.0,7.1,49.2,0.0,0,"Lynden, Whatcom County",330063,Lynden,2017-12-07 05:59:27.020949
2008-10-26,02:00,42.2,,39.8,91.1,1.0,NW@3.3,4.9,49.1,0.0,0,"Lynden, Whatcom County",330063,Lynden,2017-12-07 05:59:27.020949
2008-10-26,02:15,41.8,,39.3,90.7,0.95,NW@3.3,4.9,49.1,0.0,0,"Lynden, Whatcom County",330063,Lynden,2017-12-07 05:59:27.020949
2008-10-26,02:30,41.7,,39.3,90.9,0.94,NW@4.4,6.4,49.0,0.0,0,"Lynden, Whatcom County",330063,Lynden,2017-12-07 05:59:27.020949
2008-10-26,02:45,42.1,,39.4,90.1,0.93,NW@4.4,7.4,49.0,0.0,0,"Lynden, Whatcom County",330063,Lynden,2017-12-07 05:59:27.020949
2008-10-26,03:00,42.3,,39.4,89.4,0.92,NW@5.3,7.1,48.9,0.0,0,"Lynden, Whatcom County",330063,Lynden,2017-12-07 05:59:27.020949
2008-10-26,03:15,42.0,,39.1,89.2,0.9,NW@4.8,6.4,48.8,0.0,0,"Lynden, Whatcom County",330063,Lynden,2017-12-07 05:59:27.020949
2008-10-26,03:30,42.1,,38.9,88.2,0.87,NW@5.5,7.1,48.8,0.0,0,"Lynden, Whatcom County",330063,Lynden,2017-12-07 05:59:27.020949
2008-10-26,03:45,42.4,,38.8,87.1,0.81,NW@4.2,6.0,48.7,0.0,0,"Lynden, Whatcom County",330063,Lynden,2017-12-07 05:59:27.020949
2008-10-26,04:00,42.1,,38.6,87.1,0.72,NW@5.0,6.7,48.7,0.0,0,"Lynden, Whatcom County",330063,Lynden,2017-12-07 05:59:27.020949
2008-10-26,04:15,41.7,,38.2,87.1,0.55,NW@4.4,6.7,48.6,0.0,0,"Lynden, Whatcom County",330063,Lynden,2017-12-07 05:59:27.020949
2008-10-26,04:30,41.7,,38.0,86.8,0.26,NW@5.6,7.8,48.5,0.0,0,"Lynden, Whatcom County",330063,Lynden,2017-12-07 05:59:27.020949
2008-10-26,04:45,42.1,,38.1,85.5,0.04,NW@6.2,8.2,48.5,0.0,0,"Lynden, Whatcom County",330063,Lynden,2017-12-07 05:59:27.020949
2008-10-26,05:00,42.1,,37.8,84.7,0.01,NW@5.0,6.7,48.4,0.0,0,"Lynden, Whatcom County",330063,Lynden,2017-12-07 05:59:27.020949
2008-10-26,05:15,41.7,,37.5,84.6,0.01,NW@5.3,7.1,48.4,0.0,0,"Lynden, Whatcom County",330063,Lynden,2017-12-07 05:59:27.020949
2008-10-26,05:30,41.8,,37.4,84.0,0.01,NW@5.0,7.1,48.3,0.0,0,"Lynden, Whatcom County",330063,Lynden,2017-12-07 05:59:27.020949
2008-10-26,05:45,42.5,,37.3,81.7,0.01,NW@5.3,8.2,48.2,0.0,0,"Lynden, Whatcom County",330063,Lynden,2017-12-07 05:59:27.020949
2008-10-26,06:00,43.0,,37.1,79.7,0.0,NW@5.5,8.5,48.2,0.0,0,"Lynden, Whatcom County",330063,Lynden,2017-12-07 05:59:27.020949
2008-10-26,06:15,43.3,,37.0,78.3,0.0,NW@5.4,7.4,48.1,0.0,0,"Lynden, Whatcom County",330063,Lynden,2017-12-07 05:59:27.020949
2008-10-26,06:30,43.1,,37.0,78.8,0.0,W@4.7,8.2,48.1,0.0,0,"Lynden, Whatcom County",330063,Lynden,2017-12-07 05:59:27.020949
2008-10-26,06:45,43.4,,36.8,77.2,0.0,W@3.6,6.4,48.0,0.0,3,"Lynden, Whatcom County",330063,Lynden,2017-12-07 05:59:27.020949
2008-10-26,07:00,43.4,,36.4,76.3,0.0,W@3.8,6.7,47.9,0.0,7,"Lynden, Whatcom County",330063,Lynden,2017-12-07 05:59:27.020949
2008-10-26,07:15,43.1,,36.6,77.4,0.0,W@3.7,6.0,47.9,0.0,20,"Lynden, Whatcom County",330063,Lynden,2017-12-07 05:59:27.020949
2008-10-26,07:30,43.5,,36.2,75.3,0.0,W@2.8,6.4,47.8,0.0,41,"Lynden, Whatcom County",330063,Lynden,2017-12-07 05:59:27.020949
2008-10-26,07:45,43.7,,36.7,76.2,0.0,NW@4.6,6.0,47.8,0.0,69,"Lynden, Whatcom County",330063,Lynden,2017-12-07 05:59:27.020949
2008-10-26,08:00,45.0,,36.9,73.0,0.0,W@3.8,8.9,47.7,0.0,105,"Lynden, Whatcom County",330063,Lynden,2017-12-07 05:59:27.020949
2008-10-26,08:15,46.1,,37.5,71.8,0.0,NW@3.3,7.4,47.7,0.0,158,"Lynden, Whatcom County",330063,Lynden,2017-12-07 05:59:27.020949
2008-10-26,08:30,47.0,,37.5,69.4,0.0,W@4.6,8.2,47.6,0.0,164,"Lynden, Whatcom County",330063,Lynden,2017-12-07 05:59:27.020949
2008-10-26,08:45,47.3,,38.1,69.9,0.0,NW@4.5,7.8,47.5,0.0,191,"Lynden, Whatcom County",330063,Lynden,2017-12-07 05:59:27.020949
2008-10-26,09:00,48.4,,37.7,66.3,0.0,W@5.1,10.3,47.5,0.0,226,"Lynden, Whatcom County",330063,Lynden,2017-12-07 05:59:27.020949
2008-10-26,09:15,49.1,,38.2,66.0,0.0,NW@6.4,10.7,47.5,0.0,291,"Lynden, Whatcom County",330063,Lynden,2017-12-07 05:59:27.020949
2008-10-26,09:30,50.2,,38.8,64.7,0.0,W@5.2,9.9,47.4,0.0,297,"Lynden, Whatcom County",330063,Lynden,2017-12-07 05:59:27.020949
2008-10-26,09:45,50.6,,38.6,63.3,0.0,W@5.5,10.7,47.4,0.0,308,"Lynden, Whatcom County",330063,Lynden,2017-12-07 05:59:27.020949
2008-10-26,10:00,51.0,,39.4,64.4,0.0,W@5.9,10.3,47.3,0.0,303,"Lynden, Whatcom County",330063,Lynden,2017-12-07 05:59:27.020949
2008-10-26,10:15,51.5,,39.1,62.5,0.0,W@5.4,12.1,47.3,0.0,358,"Lynden, Whatcom County",330063,Lynden,2017-12-07 05:59:27.020949
2008-10-26,10:30,51.3,,39.1,63.0,0.0,NW@7.4,11.0,47.3,0.0,283,"Lynden, Whatcom County",330063,Lynden,2017-12-07 05:59:27.020949
2008-10-26,10:45,51.8,,39.7,63.2,0.0,NW@7.3,11.4,47.2,0.0,380,"Lynden, Whatcom County",330063,Lynden,2017-12-07 05:59:27.020949
2008-10-26,11:00,52.5,,40.0,62.3,0.0,NW@6.1,9.6,47.2,0.0,411,"Lynden, Whatcom County",330063,Lynden,2017-12-07 05:59:27.020949
2008-10-26,11:15,53.4,,38.9,57.7,0.0,NW@6.7,12.4,47.2,0.0,502,"Lynden, Whatcom County",330063,Lynden,2017-12-07 05:59:27.020949
2008-10-26,11:30,54.3,,39.8,57.8,0.0,NW@7.3,11.7,47.2,0.0,435,"Lynden, Whatcom County",330063,Lynden,2017-12-07 05:59:27.020949
2008-10-26,11:45,54.3,,39.5,57.1,0.0,W@6.4,10.7,47.2,0.0,385,"Lynden, Whatcom County",330063,Lynden,2017-12-07 05:59:27.020949
2008-10-26,12:00,54.7,,39.8,57.0,0.0,NW@6.6,9.9,47.2,0.0,417,"Lynden, Whatcom County",330063,Lynden,2017-12-07 05:59:27.020949
2008-10-26,12:15,55.2,,38.8,53.9,0.0,W@6.1,11.0,47.3,0.0,456,"Lynden, Whatcom County",330063,Lynden,2017-12-07 05:59:27.020949
2008-10-26,12:30,55.3,,39.1,54.2,0.0,NW@6.8,10.3,47.3,0.0,382,"Lynden, Whatcom County",330063,Lynden,2017-12-07 05:59:27.020949
2008-10-26,12:45,55.9,,39.0,53.0,0.0,NW@5.7,9.6,47.3,0.0,457,"Lynden, Whatcom County",330063,Lynden,2017-12-07 05:59:27.020949
2008-10-26,13:00,56.4,,39.5,52.9,0.0,NW@5.9,11.0,47.4,0.0,445,"Lynden, Whatcom County",330063,Lynden,2017-12-07 05:59:27.020949
2008-10-26,13:15,57.1,,38.4,49.4,0.0,W@4.5,8.5,47.4,0.0,389,"Lynden, Whatcom County",330063,Lynden,2017-12-07 05:59:27.020949
2008-10-26,13:30,56.6,,39.1,51.9,0.0,NW@6.6,10.7,47.5,0.0,274,"Lynden, Whatcom County",330063,Lynden,2017-12-07 05:59:27.020949
2008-10-26,13:45,56.2,,38.8,52.0,0.0,NW@6.1,9.2,47.5,0.0,308,"Lynden, Whatcom County",330063,Lynden,2017-12-07 05:59:27.020949
2008-10-26,14:00,57.4,,39.0,50.1,0.0,W@4.7,8.5,47.6,0.0,329,"Lynden, Whatcom County",330063,Lynden,2017-12-07 05:59:27.020949
2008-10-26,14:15,57.5,,38.9,49.7,0.0,NW@5.8,9.9,47.6,0.0,341,"Lynden, Whatcom County",330063,Lynden,2017-12-07 05:59:27.020949
2008-10-26,14:30,57.8,,39.6,50.7,0.0,NW@5.8,9.9,47.6,0.0,314,"Lynden, Whatcom County",330063,Lynden,2017-12-07 05:59:27.020949
2008-10-26,14:45,59.0,,39.3,47.9,0.0,W@4.1,7.8,47.7,0.0,317,"Lynden, Whatcom County",330063,Lynden,2017-12-07 05:59:27.020949
2008-10-26,15:00,58.7,,39.5,48.8,0.0,W@4.8,7.8,47.8,0.0,260,"Lynden, Whatcom County",330063,Lynden,2017-12-07 05:59:27.020949
2008-10-26,15:15,57.6,,40.2,52.0,0.0,NW@6.4,9.6,47.9,0.0,225,"Lynden, Whatcom County",330063,Lynden,2017-12-07 05:59:27.020949
2008-10-26,15:30,57.3,,40.6,53.6,0.0,NW@5.6,8.9,47.9,0.0,189,"Lynden, Whatcom County",330063,Lynden,2017-12-07 05:59:27.020949
2008-10-26,15:45,57.1,,41.2,55.2,0.0,NW@4.1,7.8,48.0,0.0,156,"Lynden, Whatcom County",330063,Lynden,2017-12-07 05:59:27.020949
2008-10-26,16:00,56.3,,42.0,58.6,0.0,NW@2.8,6.0,48.0,0.0,122,"Lynden, Whatcom County",330063,Lynden,2017-12-07 05:59:27.020949
2008-10-26,16:15,55.6,,42.0,60.1,0.0,NW@2.5,6.4,48.1,0.0,88,"Lynden, Whatcom County",330063,Lynden,2017-12-07 05:59:27.020949
2008-10-26,16:30,54.9,,42.6,63.0,0.0,NW@3.2,5.3,48.1,0.0,55,"Lynden, Whatcom County",330063,Lynden,2017-12-07 05:59:27.020949
2008-10-26,16:45,53.5,,42.6,66.4,0.0,NW@2.4,5.3,48.2,0.0,26,"Lynden, Whatcom County",330063,Lynden,2017-12-07 05:59:27.020949
2008-10-26,17:00,51.3,,42.6,72.0,0.0,NW@2.9,4.9,48.2,0.0,9,"Lynden, Whatcom County",330063,Lynden,2017-12-07 05:59:27.020949
2008-10-26,17:15,49.2,,42.2,76.7,0.0,W@1.1,4.2,48.3,0.0,2,"Lynden, Whatcom County",330063,Lynden,2017-12-07 05:59:27.020949
2008-10-26,17:30,48.6,,41.5,76.4,0.0,SW@0.6,2.8,48.3,0.0,0,"Lynden, Whatcom County",330063,Lynden,2017-12-07 05:59:27.020949
2008-10-26,17:45,48.3,,40.9,75.2,0.0,S@0.2,2.4,48.4,0.0,0,"Lynden, Whatcom County",330063,Lynden,2017-12-07 05:59:27.020949
2008-10-26,18:00,46.8,,40.4,78.2,0.0,W@1.4,3.5,48.4,0.0,0,"Lynden, Whatcom County",330063,Lynden,2017-12-07 05:59:27.020949
2008-10-26,18:15,45.2,,40.2,82.6,0.01,W@1.4,4.2,48.4,0.0,0,"Lynden, Whatcom County",330063,Lynden,2017-12-07 05:59:27.020949
2008-10-26,18:30,45.4,,40.0,81.3,0.01,SW@0.0,1.7,48.5,0.0,0,"Lynden, Whatcom County",330063,Lynden,2017-12-07 05:59:27.020949
2008-10-26,18:45,45.4,,39.4,79.4,0.01,S@0.1,2.8,48.5,0.0,0,"Lynden, Whatcom County",330063,Lynden,2017-12-07 05:59:27.020949
2008-10-26,19:00,45.0,,39.2,79.9,0.0,SW@0.6,3.9,48.5,0.0,0,"Lynden, Whatcom County",330063,Lynden,2017-12-07 05:59:27.020949
2008-10-26,19:15,43.5,,39.4,85.2,0.01,W@0.5,3.1,48.5,0.0,0,"Lynden, Whatcom County",330063,Lynden,2017-12-07 05:59:27.020949
2008-10-26,19:30,43.3,,38.9,84.3,0.01,W@0.1,2.4,48.5,0.0,0,"Lynden, Whatcom County",330063,Lynden,2017-12-07 05:59:27.020949
2008-10-26,19:45,44.2,,38.8,81.1,0.01,N@0.0,0.0,48.6,0.0,0,"Lynden, Whatcom County",330063,Lynden,2017-12-07 05:59:27.020949
2008-10-26,20:00,43.4,,38.2,81.6,0.02,N@0.0,0.0,48.6,0.0,0,"Lynden, Whatcom County",330063,Lynden,2017-12-07 05:59:27.020949
2008-10-26,20:15,41.8,,37.8,85.4,0.03,SW@0.4,3.1,48.6,0.0,0,"Lynden, Whatcom County",330063,Lynden,2017-12-07 05:59:27.020949
2008-10-26,20:30,39.6,,37.0,90.1,0.05,N@0.0,0.0,48.6,0.0,0,"Lynden, Whatcom County",330063,Lynden,2017-12-07 05:59:27.020949
2008-10-26,20:45,39.8,,37.5,91.3,0.1,N@0.0,0.0,48.6,0.0,0,"Lynden, Whatcom County",330063,Lynden,2017-12-07 05:59:27.020949
2008-10-26,21:00,39.8,,37.3,90.7,0.15,N@0.0,0.0,48.6,0.0,0,"Lynden, Whatcom County",330063,Lynden,2017-12-07 05:59:27.020949
2008-10-26,21:15,39.1,,36.5,90.3,0.2,N@0.0,0.0,48.5,0.0,0,"Lynden, Whatcom County",330063,Lynden,2017-12-07 05:59:27.020949
2008-10-26,21:30,39.5,,37.3,91.6,0.26,N@0.0,0.0,48.5,0.0,0,"Lynden, Whatcom County",330063,Lynden,2017-12-07 05:59:27.020949
2008-10-26,21:45,39.2,,36.8,90.9,0.3,W@0.9,3.1,48.5,0.0,0,"Lynden, Whatcom County",330063,Lynden,2017-12-07 05:59:27.020949
2008-10-26,22:00,38.8,,36.6,91.5,0.33,SW@0.3,3.1,48.5,0.0,0,"Lynden, Whatcom County",330063,Lynden,2017-12-07 05:59:27.020949
2008-10-26,22:15,37.5,,35.3,91.4,0.37,N@0.0,0.0,48.5,0.0,0,"Lynden, Whatcom County",330063,Lynden,2017-12-07 05:59:27.020949
2008-10-26,22:30,37.4,,35.4,92.4,0.41,S@0.6,3.5,48.5,0.0,0,"Lynden, Whatcom County",330063,Lynden,2017-12-07 05:59:27.020949
2008-10-26,22:45,37.8,,36.2,93.6,0.44,SW@1.1,4.9,48.5,0.0,0,"Lynden, Whatcom County",330063,Lynden,2017-12-07 05:59:27.020949
2008-10-26,23:00,40.8,,37.5,87.9,0.41,SW@0.9,4.9,48.5,0.0,0,"Lynden, Whatcom County",330063,Lynden,2017-12-07 05:59:27.020949
2008-10-27,23:15,41.3,,37.4,85.7,0.35,W@1.1,3.1,48.5,0.0,0,"Lynden, Whatcom County",330063,Lynden,2017-12-07 05:59:27.020949
2008-10-27,23:30,41.3,,37.2,85.1,0.24,W@1.9,3.9,48.4,0.0,0,"Lynden, Whatcom County",330063,Lynden,2017-12-07 05:59:27.020949
2008-10-27,23:45,41.6,,37.0,83.5,0.08,NW@2.5,4.6,48.4,0.0,0,"Lynden, Whatcom County",330063,Lynden,2017-12-07 05:59:27.020949
2008-10-27,24:00,41.5,,36.6,82.7,0.02,W@1.1,3.5,48.4,0.0,0,"Lynden, Whatcom County",330063,Lynden,2017-12-07 05:59:27.020949
2008-10-27,00:15,40.5,,36.1,83.9,0.06,SW@0.0,1.4,48.4,0.0,0,"Lynden, Whatcom County",330063,Lynden,2017-12-07 05:59:27.020949
2008-10-27,00:30,40.9,,37.1,86.2,0.06,W@1.8,4.2,48.3,0.0,0,"Lynden, Whatcom County",330063,Lynden,2017-12-07 05:59:27.020949
2008-10-27,00:45,41.8,,37.0,83.2,0.02,W@1.7,4.6,48.3,0.0,0,"Lynden, Whatcom County",330063,Lynden,2017-12-07 05:59:27.020949
2008-10-27,01:00,41.8,,36.6,81.7,0.02,S@0.3,2.4,48.3,0.0,0,"Lynden, Whatcom County",330063,Lynden,2017-12-07 05:59:27.020949
2008-10-27,01:15,41.2,,36.4,82.8,0.03,S@0.1,1.7,48.2,0.0,0,"Lynden, Whatcom County",330063,Lynden,2017-12-07 05:59:27.020949
2008-10-27,01:30,39.3,,35.0,84.3,0.06,S@0.0,1.4,48.2,0.0,0,"Lynden, Whatcom County",330063,Lynden,2017-12-07 05:59:27.020949
2008-10-27,01:45,37.9,,34.7,88.3,0.11,SW@0.6,2.8,48.2,0.0,0,"Lynden, Whatcom County",330063,Lynden,2017-12-07 05:59:27.020949
2008-10-27,02:00,37.2,,34.5,90.0,0.16,S@0.5,2.4,48.1,0.0,0,"Lynden, Whatcom County",330063,Lynden,2017-12-07 05:59:27.020949
2008-10-27,02:15,35.8,,33.7,91.7,0.19,S@0.5,2.1,48.1,0.0,0,"Lynden, Whatcom County",330063,Lynden,2017-12-07 05:59:27.020949
2008-10-27,02:30,36.3,,34.7,93.5,0.24,S@0.0,1.4,48.0,0.0,0,"Lynden, Whatcom County",330063,Lynden,2017-12-07 05:59:27.020949
2008-10-27,02:45,35.6,,33.7,93.0,0.29,W@0.9,3.1,48.0,0.0,0,"Lynden, Whatcom County",330063,Lynden,2017-12-07 05:59:27.020949
2008-10-27,03:00,35.3,,33.6,93.2,0.33,S@0.2,1.7,47.9,0.0,0,"Lynden, Whatcom County",330063,Lynden,2017-12-07 05:59:27.020949
2008-10-27,03:15,34.6,,32.9,93.6,0.37,S@0.5,2.1,47.9,0.0,0,"Lynden, Whatcom County",330063,Lynden,2017-12-07 05:59:27.020949
2008-10-27,03:30,34.4,,33.0,94.7,0.42,SW@0.9,2.4,47.8,0.0,0,"Lynden, Whatcom County",330063,Lynden,2017-12-07 05:59:27.020949
2008-10-27,03:45,34.6,,33.2,94.7,0.45,SW@1.0,2.4,47.8,0.0,0,"Lynden, Whatcom County",330063,Lynden,2017-12-07 05:59:27.020949
2008-10-27,04:00,34.4,,33.1,94.7,0.49,NW@1.2,3.1,47.8,0.0,0,"Lynden, Whatcom County",330063,Lynden,2017-12-07 05:59:27.020949
2008-10-27,04:15,34.5,,33.1,94.7,0.53,SW@0.7,3.1,47.7,0.0,0,"Lynden, Whatcom County",330063,Lynden,2017-12-07 05:59:27.020949
2008-10-27,04:30,34.1,,32.7,94.6,0.56,SW@0.3,2.4,47.7,0.0,0,"Lynden, Whatcom County",330063,Lynden,2017-12-07 05:59:27.020949
2008-10-27,04:45,34.4,,33.0,94.5,0.6,SW@0.1,1.4,47.6,0.0,0,"Lynden, Whatcom County",330063,Lynden,2017-12-07 05:59:27.020949
2008-10-27,05:00,34.6,,33.2,94.5,0.63,SW@0.0,1.4,47.6,0.0,0,"Lynden, Whatcom County",330063,Lynden,2017-12-07 05:59:27.020949
2008-10-27,05:15,34.7,,33.2,94.2,0.66,SW@0.3,2.4,47.5,0.0,0,"Lynden, Whatcom County",330063,Lynden,2017-12-07 05:59:27.020949
2008-10-27,05:30,34.9,,33.3,93.7,0.68,S@0.1,2.1,47.5,0.0,0,"Lynden, Whatcom County",330063,Lynden,2017-12-07 05:59:27.020949
2008-10-27,05:45,34.7,,33.1,94.0,0.69,S@0.2,1.7,47.4,0.0,0,"Lynden, Whatcom County",330063,Lynden,2017-12-07 05:59:27.020949
2008-10-27,06:00,34.9,,33.2,93.5,0.7,S@0.5,2.1,47.4,0.0,0,"Lynden, Whatcom County",330063,Lynden,2017-12-07 05:59:27.020949
2008-10-27,06:15,34.7,,33.0,93.6,0.71,S@0.3,2.8,47.3,0.0,0,"Lynden, Whatcom County",330063,Lynden,2017-12-07 05:59:27.020949
2008-10-27,06:30,34.3,,32.5,93.3,0.73,SW@0.5,2.1,47.3,0.0,0,"Lynden, Whatcom County",330063,Lynden,2017-12-07 05:59:27.020949
2008-10-27,06:45,34.9,,33.2,93.6,0.74,NW@0.8,3.1,47.3,0.0,1,"Lynden, Whatcom County",330063,Lynden,2017-12-07 05:59:27.020949
2008-10-27,07:00,35.3,,33.5,93.3,0.75,S@0.3,2.4,47.2,0.0,5,"Lynden, Whatcom County",330063,Lynden,2017-12-07 05:59:27.020949
2008-10-27,07:15,34.9,,33.0,92.8,0.76,W@0.4,2.8,47.2,0.0,13,"Lynden, Whatcom County",330063,Lynden,2017-12-07 05:59:27.020949
2008-10-27,07:30,34.6,,33.0,93.8,0.77,W@0.9,3.5,47.1,0.0,25,"Lynden, Whatcom County",330063,Lynden,2017-12-07 05:59:27.020949
2008-10-27,07:45,34.8,,33.3,94.1,0.78,S@0.1,2.1,47.1,0.0,96,"Lynden, Whatcom County",330063,Lynden,2017-12-07 05:59:27.020949
2008-10-27,08:00,37.0,,35.2,93.1,0.78,N@0.0,0.0,47.0,0.0,124,"Lynden, Whatcom County",330063,Lynden,2017-12-07 05:59:27.020949
2008-10-27,08:15,40.2,,37.0,88.2,0.74,N@0.0,0.0,47.0,0.0,165,"Lynden, Whatcom County",330063,Lynden,2017-12-07 05:59:27.020949
2008-10-27,08:30,44.0,,37.6,77.7,0.62,W@1.7,4.6,46.9,0.0,202,"Lynden, Whatcom County",330063,Lynden,2017-12-07 05:59:27.020949
2008-10-27,08:45,47.1,,38.5,71.9,0.08,SW@2.2,5.3,46.9,0.0,227,"Lynden, Whatcom County",330063,Lynden,2017-12-07 05:59:27.020949
2008-10-27,09:00,48.5,,38.9,69.2,0.0,NW@4.8,7.4,46.8,0.0,257,"Lynden, Whatcom County",330063,Lynden,2017-12-07 05:59:27.020949
2008-10-27,09:15,49.6,,38.4,65.1,0.0,NW@4.9,7.4,46.8,0.0,289,"Lynden, Whatcom County",330063,Lynden,2017-12-07 05:59:27.020949
2008-10-27,09:30,51.2,,38.9,62.5,0.0,W@3.2,6.7,46.8,0.0,317,"Lynden, Whatcom County",330063,Lynden,2017-12-07 05:59:27.020949
2008-10-27,09:45,52.2,,37.7,57.6,0.0,W@4.7,7.8,46.8,0.0,343,"Lynden, Whatcom County",330063,Lynden,2017-12-07 05:59:27.020949
2008-10-27,10:00,53.8,,39.2,57.8,0.0,W@3.0,6.7,46.7,0.0,366,"Lynden, Whatcom County",330063,Lynden,2017-12-07 05:59:27.020949
2008-10-27,10:15,54.4,,38.8,55.5,0.0,W@3.6,6.4,46.7,0.0,391,"Lynden, Whatcom County",330063,Lynden,2017-12-07 05:59:27.020949
2008-10-27,10:30,55.1,,37.0,50.3,0.0,S@2.3,5.3,46.7,0.0,411,"Lynden, Whatcom County",330063,Lynden,2017-12-07 05:59:27.020949
2008-10-27,10:45,55.7,,37.7,50.8,0.0,SW@3.0,6.0,46.7,0.0,427,"Lynden, Whatcom County",330063,Lynden,2017-12-07 05:59:27.020949
2008-10-27,11:00,55.9,,37.3,49.6,0.0,W@3.8,8.5,46.7,0.0,442,"Lynden, Whatcom County",330063,Lynden,2017-12-07 05:59:27.020949
2008-10-27,11:15,55.7,,37.2,49.5,0.0,W@3.8,7.1,46.7,0.0,453,"Lynden, Whatcom County",330063,Lynden,2017-12-07 05:59:27.020949
2008-10-27,11:30,56.3,,37.0,48.1,0.0,SW@2.6,5.3,46.7,0.0,460,"Lynden, Whatcom County",330063,Lynden,2017-12-07 05:59:27.020949
2008-10-27,11:45,57.1,,38.3,49.4,0.0,W@3.2,7.4,46.7,0.0,464,"Lynden, Whatcom County",330063,Lynden,2017-12-07 05:59:27.020949
2008-10-27,12:00,56.9,,37.6,48.3,0.0,W@3.5,6.4,46.7,0.0,462,"Lynden, Whatcom County",330063,Lynden,2017-12-07 05:59:27.020949
2008-10-27,12:15,58.0,,38.0,47.2,0.0,W@2.8,6.0,46.7,0.0,460,"Lynden, Whatcom County",330063,Lynden,2017-12-07 05:59:27.020949
2008-10-27,12:30,58.3,,38.3,47.2,0.0,W@4.1,7.8,46.8,0.0,454,"Lynden, Whatcom County",330063,Lynden,2017-12-07 05:59:27.020949
2008-10-27,12:45,58.1,,38.6,48.2,0.0,W@3.7,6.4,46.8,0.0,445,"Lynden, Whatcom County",330063,Lynden,2017-12-07 05:59:27.020949
2008-10-27,13:00,58.8,,38.8,47.3,0.0,W@3.6,6.7,46.9,0.0,431,"Lynden, Whatcom County",330063,Lynden,2017-12-07 05:59:27.020949
2008-10-27,13:15,59.7,,38.7,45.7,0.0,SW@2.6,5.7,46.9,0.0,419,"Lynden, Whatcom County",330063,Lynden,2017-12-07 05:59:27.020949
2008-10-27,13:30,60.3,,38.9,45.0,0.0,W@2.8,5.7,47.0,0.0,392,"Lynden, Whatcom County",330063,Lynden,2017-12-07 05:59:27.020949
2008-10-27,13:45,60.0,,38.9,45.4,0.0,NW@3.3,5.3,47.1,0.0,380,"Lynden, Whatcom County",330063,Lynden,2017-12-07 05:59:27.020949
2008-10-27,14:00,60.1,,37.8,43.4,0.0,W@2.9,6.4,47.1,0.0,360,"Lynden, Whatcom County",330063,Lynden,2017-12-07 05:59:27.020949
2008-10-27,14:15,61.7,,38.4,41.9,0.0,SW@1.9,3.5,47.2,0.0,335,"Lynden, Whatcom County",330063,Lynden,2017-12-07 05:59:27.020949
2008-10-27,14:30,62.6,,39.1,41.9,0.0,SW@1.7,3.5,47.3,0.0,308,"Lynden, Whatcom County",330063,Lynden,2017-12-07 05:59:27.020949
2008-10-27,14:45,62.6,,39.4,42.3,0.0,S@1.4,3.5,47.3,0.0,280,"Lynden, Whatcom County",330063,Lynden,2017-12-07 05:59:27.020949
2008-10-27,15:00,63.7,,39.9,41.4,0.0,S@1.0,2.8,47.4,0.0,229,"Lynden, Whatcom County",330063,Lynden,2017-12-07 05:59:27.020949
2008-10-27,15:15,62.8,,39.8,42.6,0.0,W@2.1,3.5,47.5,0.0,204,"Lynden, Whatcom County",330063,Lynden,2017-12-07 05:59:27.020949
2008-10-27,15:30,62.2,,40.2,44.2,0.0,SW@0.6,2.4,47.6,0.0,154,"Lynden, Whatcom County",330063,Lynden,2017-12-07 05:59:27.020949
2008-10-27,15:45,62.7,,39.9,43.0,0.0,W@0.5,2.4,47.6,0.0,165,"Lynden, Whatcom County",330063,Lynden,2017-12-07 05:59:27.020949
2008-10-27,16:00,61.7,,39.8,44.3,0.0,N@0.0,0.0,47.7,0.0,79,"Lynden, Whatcom County",330063,Lynden,2017-12-07 05:59:27.020949
2008-10-27,16:15,59.4,,43.1,54.6,0.0,N@0.0,0.0,47.7,0.0,24,"Lynden, Whatcom County",330063,Lynden,2017-12-07 05:59:27.020949
2008-10-27,16:30,57.3,,44.0,61.1,0.0,N@0.0,0.0,47.8,0.0,16,"Lynden, Whatcom County",330063,Lynden,2017-12-07 05:59:27.020949
2008-10-27,16:45,55.8,,43.7,63.6,0.0,N@0.0,0.0,47.8,0.0,11,"Lynden, Whatcom County",330063,Lynden,2017-12-07 05:59:27.020949
2008-10-27,17:00,53.1,,44.0,71.0,0.0,N@0.0,0.0,47.9,0.0,4,"Lynden, Whatcom County",330063,Lynden,2017-12-07 05:59:27.020949
2008-10-27,17:15,52.3,,44.1,73.6,0.0,N@0.0,0.0,48.0,0.0,1,"Lynden, Whatcom County",330063,Lynden,2017-12-07 05:59:27.020949
2008-10-27,17:30,51.2,,44.5,77.6,0.0,N@0.0,0.0,48.0,0.0,0,"Lynden, Whatcom County",330063,Lynden,2017-12-07 05:59:27.020949
2008-10-27,17:45,49.8,,44.5,81.9,0.01,N@0.0,0.0,48.1,0.0,0,"Lynden, Whatcom County",330063,Lynden,2017-12-07 05:59:27.020949
2008-10-27,18:00,48.5,,44.8,86.8,0.03,N@0.0,0.0,48.1,0.0,0,"Lynden, Whatcom County",330063,Lynden,2017-12-07 05:59:27.020949
2008-10-27,18:15,48.0,,44.5,87.7,0.07,N@0.0,0.0,48.1,0.0,0,"Lynden, Whatcom County",330063,Lynden,2017-12-07 05:59:27.020949
2008-10-27,18:30,47.0,,43.9,88.8,0.14,N@0.0,0.0,48.2,0.0,0,"Lynden, Whatcom County",330063,Lynden,2017-12-07 05:59:27.020949
2008-10-27,18:45,46.5,,43.9,90.7,0.24,N@0.0,0.0,48.2,0.0,0,"Lynden, Whatcom County",330063,Lynden,2017-12-07 05:59:27.020949
2008-10-27,19:00,46.0,,43.4,90.6,0.3,N@0.0,0.0,48.2,0.0,0,"Lynden, Whatcom County",330063,Lynden,2017-12-07 05:59:27.020949
2008-10-27,19:15,45.5,,43.0,91.0,0.4,N@0.0,0.0,48.2,0.0,0,"Lynden, Whatcom County",330063,Lynden,2017-12-07 05:59:27.020949
2008-10-27,19:30,44.6,,42.0,90.6,0.47,N@0.0,0.0,48.2,0.0,0,"Lynden, Whatcom County",330063,Lynden,2017-12-07 05:59:27.020949
2008-10-27,19:45,44.3,,42.0,91.5,0.52,N@0.0,0.0,48.2,0.0,0,"Lynden, Whatcom County",330063,Lynden,2017-12-07 05:59:27.020949
2008-10-27,20:00,44.3,,42.0,91.3,0.56,N@0.0,0.0,48.2,0.0,0,"Lynden, Whatcom County",330063,Lynden,2017-12-07 05:59:27.020949
2008-10-27,20:15,43.4,,41.0,90.9,0.59,N@0.0,0.0,48.2,0.0,0,"Lynden, Whatcom County",330063,Lynden,2017-12-07 05:59:27.020949
2008-10-27,20:30,42.5,,40.4,92.1,0.63,N@0.0,0.0,48.2,0.0,0,"Lynden, Whatcom County",330063,Lynden,2017-12-07 05:59:27.020949
2008-10-27,20:45,42.2,,40.3,92.9,0.68,N@0.0,0.0,48.2,0.0,0,"Lynden, Whatcom County",330063,Lynden,2017-12-07 05:59:27.020949
2008-10-27,21:00,41.4,,39.8,93.9,0.71,N@0.0,0.0,48.2,0.0,0,"Lynden, Whatcom County",330063,Lynden,2017-12-07 05:59:27.020949
2008-10-27,21:15,40.8,,39.4,94.7,0.74,N@0.0,0.0,48.2,0.0,0,"Lynden, Whatcom County",330063,Lynden,2017-12-07 05:59:27.020949
2008-10-27,21:30,40.7,,39.7,96.1,0.77,N@0.0,0.0,48.2,0.0,0,"Lynden, Whatcom County",330063,Lynden,2017-12-07 05:59:27.020949
2008-10-27,21:45,40.5,,39.2,95.1,0.79,N@0.0,0.0,48.2,0.0,0,"Lynden, Whatcom County",330063,Lynden,2017-12-07 05:59:27.020949
2008-10-27,22:00,40.3,,39.2,95.9,0.8,N@0.0,0.0,48.1,0.0,0,"Lynden, Whatcom County",330063,Lynden,2017-12-07 05:59:27.020949
2008-10-27,22:15,41.7,,40.4,94.7,0.8,N@0.0,0.0,48.1,0.0,0,"Lynden, Whatcom County",330063,Lynden,2017-12-07 05:59:27.020949
2008-10-27,22:30,41.7,,39.9,93.2,0.8,N@0.0,0.0,48.1,0.0,0,"Lynden, Whatcom County",330063,Lynden,2017-12-07 05:59:27.020949
2008-10-27,22:45,41.3,,39.6,93.8,0.81,N@0.0,0.0,48.0,0.0,0,"Lynden, Whatcom County",330063,Lynden,2017-12-07 05:59:27.020949
2008-10-27,23:00,41.6,,39.7,92.8,0.82,N@0.0,0.0,48.0,0.0,0,"Lynden, Whatcom County",330063,Lynden,2017-12-07 05:59:27.020949
2008-10-28,23:15,41.4,,39.4,92.3,0.82,N@0.0,0.0,48.0,0.0,0,"Lynden, Whatcom County",330063,Lynden,2017-12-07 05:59:27.020949
2008-10-28,23:30,40.2,,38.2,92.5,0.83,N@0.0,0.0,47.9,0.0,0,"Lynden, Whatcom County",330063,Lynden,2017-12-07 05:59:27.020949
2008-10-28,23:45,39.5,,37.8,93.6,0.84,N@0.0,0.0,47.9,0.0,0,"Lynden, Whatcom County",330063,Lynden,2017-12-07 05:59:27.020949
2008-10-28,24:00,39.8,,38.3,94.3,0.84,N@0.0,0.0,47.9,0.0,0,"Lynden, Whatcom County",330063,Lynden,2017-12-07 05:59:27.020949
2008-10-28,00:15,39.1,,37.6,94.3,0.85,N@0.0,0.0,47.8,0.0,0,"Lynden, Whatcom County",330063,Lynden,2017-12-07 05:59:27.020949
2008-10-28,00:30,38.7,,36.9,93.3,0.85,N@0.0,0.0,47.8,0.0,0,"Lynden, Whatcom County",330063,Lynden,2017-12-07 05:59:27.020949
2008-10-28,00:45,38.5,,37.0,94.0,0.86,N@0.0,0.0,47.7,0.0,0,"Lynden, Whatcom County",330063,Lynden,2017-12-07 05:59:27.020949
2008-10-28,01:00,39.3,,37.9,94.7,0.87,N@0.0,0.0,47.7,0.0,0,"Lynden, Whatcom County",330063,Lynden,2017-12-07 05:59:27.020949
2008-10-28,01:15,39.1,,37.4,93.8,0.88,N@0.0,0.0,47.7,0.0,0,"Lynden, Whatcom County",330063,Lynden,2017-12-07 05:59:27.020949
2008-10-28,01:30,38.8,,37.3,94.2,0.88,N@0.0,0.0,47.6,0.0,0,"Lynden, Whatcom County",330063,Lynden,2017-12-07 05:59:27.020949
2008-10-28,01:45,39.0,,37.5,94.5,0.89,N@0.0,0.0,47.6,0.0,0,"Lynden, Whatcom County",330063,Lynden,2017-12-07 05:59:27.020949
2008-10-28,02:00,38.8,,37.2,93.9,0.89,N@0.0,0.0,47.6,0.0,0,"Lynden, Whatcom County",330063,Lynden,2017-12-07 05:59:27.020949
2008-10-28,02:15,38.2,,36.6,94.1,0.9,N@0.0,0.0,47.5,0.0,0,"Lynden, Whatcom County",330063,Lynden,2017-12-07 05:59:27.020949
2008-10-28,02:30,38.3,,36.9,94.5,0.9,N@0.0,0.0,47.5,0.0,0,"Lynden, Whatcom County",330063,Lynden,2017-12-07 05:59:27.020949
2008-10-28,02:45,38.8,,37.3,94.2,0.9,W@0.2,2.1,47.4,0.0,0,"Lynden, Whatcom County",330063,Lynden,2017-12-07 05:59:27.020949
2008-10-28,03:00,38.5,,36.8,93.5,0.91,N@0.0,0.0,47.4,0.0,0,"Lynden, Whatcom County",330063,Lynden,2017-12-07 05:59:27.020949
2008-10-28,03:15,38.4,,36.8,93.7,0.91,N@0.0,0.0,47.4,0.0,0,"Lynden, Whatcom County",330063,Lynden,2017-12-07 05:59:27.020949
2008-10-28,03:30,38.3,,36.7,93.7,0.92,N@0.0,0.0,47.3,0.0,0,"Lynden, Whatcom County",330063,Lynden,2017-12-07 05:59:27.020949
2008-10-28,03:45,37.4,,35.7,93.3,0.92,N@0.0,0.0,47.3,0.0,0,"Lynden, Whatcom County",330063,Lynden,2017-12-07 05:59:27.020949
2008-10-28,04:00,37.2,,35.7,94.3,0.93,SE@0.0,1.7,47.2,0.0,0,"Lynden, Whatcom County",330063,Lynden,2017-12-07 05:59:27.020949
2008-10-28,04:15,37.2,,35.8,94.6,0.93,SE@0.0,1.4,47.2,0.0,0,"Lynden, Whatcom County",330063,Lynden,2017-12-07 05:59:27.020949
2008-10-28,04:30,37.6,,36.3,95.0,0.93,S@0.1,1.7,47.2,0.0,0,"Lynden, Whatcom County",330063,Lynden,2017-12-07 05:59:27.020949
2008-10-28,04:45,36.7,,35.4,95.0,0.94,S@1.6,3.5,47.1,0.0,0,"Lynden, Whatcom County",330063,Lynden,2017-12-07 05:59:27.020949
2008-10-28,05:00,36.5,,35.3,95.6,0.94,S@0.1,1.7,47.1,0.0,0,"Lynden, Whatcom County",330063,Lynden,2017-12-07 05:59:27.020949
2008-10-28,05:15,36.5,,35.1,94.8,0.94,E@0.1,2.1,47.0,0.0,0,"Lynden, Whatcom County",330063,Lynden,2017-12-07 05:59:27.020949
2008-10-28,05:30,35.9,,34.8,96.1,0.94,S@2.0,3.5,47.0,0.0,0,"Lynden, Whatcom County",330063,Lynden,2017-12-07 05:59:27.020949
2008-10-28,05:45,35.8,,34.7,95.8,0.94,SW@0.4,2.8,47.0,0.0,0,"Lynden, Whatcom County",330063,Lynden,2017-12-07 05:59:27.020949
2008-10-28,06:00,35.4,,34.1,95.2,0.95,SW@0.8,3.9,46.9,0.0,0,"Lynden, Whatcom County",330063,Lynden,2017-12-07 05:59:27.020949
2008-10-28,06:15,34.9,,33.9,95.9,0.95,W@1.0,3.5,46.9,0.0,0,"Lynden, Whatcom County",330063,Lynden,2017-12-07 05:59:27.020949
2008-10-28,06:30,34.7,,33.6,95.8,0.97,SW@0.4,2.8,46.9,0.0,0,"Lynden, Whatcom County",330063,Lynden,2017-12-07 05:59:27.020949
2008-10-28,06:45,35.2,,34.1,96.0,1.0,SE@0.6,3.1,46.8,0.0,0,"Lynden, Whatcom County",330063,Lynden,2017-12-07 05:59:27.020949
2008-10-28,07:00,35.3,,34.3,96.0,1.0,S@0.2,2.1,46.8,0.0,4,"Lynden, Whatcom County",330063,Lynden,2017-12-07 05:59:27.020949
2008-10-28,07:15,35.3,,34.3,96.0,1.0,S@0.2,3.9,46.7,0.0,12,"Lynden, Whatcom County",330063,Lynden,2017-12-07 05:59:27.020949
2008-10-28,07:30,35.4,,34.4,96.2,1.0,SW@1.0,4.2,46.7,0.0,25,"Lynden, Whatcom County",330063,Lynden,2017-12-07 05:59:27.020949
2008-10-28,07:45,36.1,,35.1,96.0,1.0,N@0.0,0.0,46.7,0.0,54,"Lynden, Whatcom County",330063,Lynden,2017-12-07 05:59:27.020949
2008-10-28,08:00,36.9,,35.7,95.5,1.0,N@0.0,0.0,46.6,0.0,74,"Lynden, Whatcom County",330063,Lynden,2017-12-07 05:59:27.020949
2008-10-28,08:15,38.4,,37.3,95.7,1.0,N@0.0,0.0,46.6,0.0,130,"Lynden, Whatcom County",330063,Lynden,2017-12-07 05:59:27.020949
2008-10-28,08:30,41.2,,39.8,94.7,1.0,N@0.0,0.0,46.6,0.0,153,"Lynden, Whatcom County",330063,Lynden,2017-12-07 05:59:27.020949
2008-10-28,08:45,42.2,,40.1,92.2,0.99,N@0.0,0.0,46.5,0.0,204,"Lynden, Whatcom County",330063,Lynden,2017-12-07 05:59:27.020949
2008-10-28,09:00,44.6,,42.3,91.6,0.94,SW@0.1,1.7,46.5,0.0,235,"Lynden, Whatcom County",330063,Lynden,2017-12-07 05:59:27.020949
2008-10-28,09:15,47.1,,44.2,89.7,0.93,SE@2.5,4.6,46.5,0.0,261,"Lynden, Whatcom County",330063,Lynden,2017-12-07 05:59:27.020949
2008-10-28,09:30,47.5,,44.4,89.0,0.89,S@3.5,4.9,46.4,0.0,315,"Lynden, Whatcom County",330063,Lynden,2017-12-07 05:59:27.020949
2008-10-28,09:45,48.2,,44.7,87.7,0.8,S@2.5,5.3,46.4,0.0,337,"Lynden, Whatcom County",330063,Lynden,2017-12-07 05:59:27.020949
2008-10-28,10:00,49.3,,45.1,85.4,0.49,S@3.2,5.7,46.4,0.0,362,"Lynden, Whatcom County",330063,Lynden,2017-12-07 05:59:27.020949
2008-10-28,10:15,49.9,,45.2,83.9,0.03,SE@3.7,6.4,46.4,0.0,381,"Lynden, Whatcom County",330063,Lynden,2017-12-07 05:59:27.020949
2008-10-28,10:30,50.6,,45.7,83.1,0.0,SE@3.7,6.0,46.4,0.0,400,"Lynden, Whatcom County",330063,Lynden,2017-12-07 05:59:27.020949
2008-10-28,10:45,52.5,,46.6,80.0,0.0,SE@2.4,6.0,46.3,0.0,412,"Lynden, Whatcom County",330063,Lynden,2017-12-07 05:59:27.020949
2008-10-28,11:00,54.1,,46.1,74.3,0.0,SE@2.2,4.9,46.3,0.0,431,"Lynden, Whatcom County",330063,Lynden,2017-12-07 05:59:27.020949
2008-10-28,11:15,55.5,,46.4,71.3,0.0,SE@2.0,4.6,46.3,0.0,442,"Lynden, Whatcom County",330063,Lynden,2017-12-07 05:59:27.020949
2008-10-28,11:30,56.5,,46.5,68.9,0.0,E@1.5,4.9,46.4,0.0,462,"Lynden, Whatcom County",330063,Lynden,2017-12-07 05:59:27.020949
2008-10-28,11:45,56.9,,46.2,67.4,0.0,S@1.7,4.9,46.4,0.0,442,"Lynden, Whatcom County",330063,Lynden,2017-12-07 05:59:27.020949
2008-10-28,12:00,57.2,,45.8,65.4,0.0,S@2.4,4.9,46.4,0.0,422,"Lynden, Whatcom County",330063,Lynden,2017-12-07 05:59:27.020949
2008-10-28,12:15,57.6,,45.9,64.9,0.0,SE@1.8,3.9,46.4,0.0,438,"Lynden, Whatcom County",330063,Lynden,2017-12-07 05:59:27.020949
2008-10-28,12:30,59.0,,46.3,62.6,0.0,SE@1.1,3.5,46.5,0.0,430,"Lynden, Whatcom County",330063,Lynden,2017-12-07 05:59:27.020949
2008-10-28,12:45,59.7,,46.5,61.5,0.0,SE@1.6,4.2,46.5,0.0,418,"Lynden, Whatcom County",330063,Lynden,2017-12-07 05:59:27.020949
2008-10-28,13:00,57.0,,48.8,74.1,0.0,SE@4.9,8.2,46.6,0.0,402,"Lynden, Whatcom County",330063,Lynden,2017-12-07 05:59:27.020949
2008-10-28,13:15,55.3,,48.7,78.2,0.0,SE@4.6,7.1,46.7,0.0,391,"Lynden, Whatcom County",330063,Lynden,2017-12-07 05:59:27.020949
2008-10-28,13:30,55.1,,48.3,77.6,0.0,S@4.7,8.2,46.7,0.0,383,"Lynden, Whatcom County",330063,Lynden,2017-12-07 05:59:27.020949
2008-10-28,13:45,54.9,,48.3,78.1,0.0,S@4.9,9.2,46.8,0.0,387,"Lynden, Whatcom County",330063,Lynden,2017-12-07 05:59:27.020949
2008-10-28,14:00,55.3,,48.4,77.6,0.0,S@4.9,7.8,46.9,0.0,379,"Lynden, Whatcom County",330063,Lynden,2017-12-07 05:59:27.020949
2008-10-28,14:15,55.6,,48.0,75.5,0.0,S@4.9,7.8,46.9,0.0,327,"Lynden, Whatcom County",330063,Lynden,2017-12-07 05:59:27.020949
2008-10-28,14:30,56.0,,47.8,73.8,0.0,S@4.9,8.9,47.0,0.0,294,"Lynden, Whatcom County",330063,Lynden,2017-12-07 05:59:27.020949
2008-10-28,14:45,56.4,,48.7,75.2,0.0,S@4.1,7.4,47.1,0.0,265,"Lynden, Whatcom County",330063,Lynden,2017-12-07 05:59:27.020949
2008-10-28,15:00,56.1,,47.6,72.9,0.0,S@4.6,7.4,47.2,0.0,237,"Lynden, Whatcom County",330063,Lynden,2017-12-07 05:59:27.020949
2008-10-28,15:15,56.1,,47.8,73.5,0.0,S@4.1,6.4,47.3,0.0,137,"Lynden, Whatcom County",330063,Lynden,2017-12-07 05:59:27.020949
2008-10-28,15:30,55.5,,47.5,74.5,0.0,S@4.6,7.4,47.4,0.0,150,"Lynden, Whatcom County",330063,Lynden,2017-12-07 05:59:27.020949
2008-10-28,15:45,54.8,,46.9,74.6,0.0,S@4.9,7.4,47.5,0.0,147,"Lynden, Whatcom County",330063,Lynden,2017-12-07 05:59:27.020949
2008-10-28,16:00,54.4,,47.6,77.6,0.0,S@3.5,7.1,47.5,0.0,109,"Lynden, Whatcom County",330063,Lynden,2017-12-07 05:59:27.020949
2008-10-28,16:15,53.3,,47.6,80.8,0.0,S@4.8,9.6,47.6,0.0,77,"Lynden, Whatcom County",330063,Lynden,2017-12-07 05:59:27.020949
2008-10-28,16:30,52.6,,47.9,83.9,0.0,S@3.6,7.1,47.7,0.0,48,"Lynden, Whatcom County",330063,Lynden,2017-12-07 05:59:27.020949
2008-10-28,16:45,51.9,,47.7,85.5,0.01,S@3.1,5.7,47.8,0.0,19,"Lynden, Whatcom County",330063,Lynden,2017-12-07 05:59:27.020949
2008-10-28,17:00,51.4,,47.5,86.5,0.02,S@2.2,3.9,47.8,0.0,5,"Lynden, Whatcom County",330063,Lynden,2017-12-07 05:59:27.020949
2008-10-28,17:15,50.9,,47.3,87.5,0.03,S@2.1,3.5,47.9,0.0,1,"Lynden, Whatcom County",330063,Lynden,2017-12-07 05:59:27.020949
2008-10-28,17:30,50.2,,47.0,88.4,0.07,S@0.7,2.1,47.9,0.0,0,"Lynden, Whatcom County",330063,Lynden,2017-12-07 05:59:27.020949
2008-10-28,17:45,49.4,,46.4,89.4,0.18,S@0.1,2.1,48.0,0.0,0,"Lynden, Whatcom County",330063,Lynden,2017-12-07 05:59:27.020949
2008-10-28,18:00,48.0,,45.2,89.8,0.33,N@0.0,0.0,48.1,0.0,0,"Lynden, Whatcom County",330063,Lynden,2017-12-07 05:59:27.020949
2008-10-28,18:15,46.8,,44.5,91.7,0.49,W@1.0,2.8,48.1,0.0,0,"Lynden, Whatcom County",330063,Lynden,2017-12-07 05:59:27.020949
2008-10-28,18:30,45.9,,44.3,94.2,0.59,NW@0.3,2.4,48.1,0.0,0,"Lynden, Whatcom County",330063,Lynden,2017-12-07 05:59:27.020949
2008-10-28,18:45,44.7,,42.9,93.3,0.65,N@0.0,0.0,48.2,0.0,0,"Lynden, Whatcom County",330063,Lynden,2017-12-07 05:59:27.020949
2008-10-28,19:00,44.6,,43.1,94.3,0.71,W@0.2,1.7,48.2,0.0,0,"Lynden, Whatcom County",330063,Lynden,2017-12-07 05:59:27.020949
2008-10-28,19:15,43.2,,41.8,94.6,0.74,NW@1.9,3.9,48.2,0.0,0,"Lynden, Whatcom County",330063,Lynden,2017-12-07 05:59:27.020949
2008-10-28,19:30,43.4,,42.3,95.9,0.78,SE@0.3,1.7,48.3,0.0,0,"Lynden, Whatcom County",330063,Lynden,2017-12-07 05:59:27.020949
2008-10-28,19:45,43.6,,42.4,95.7,0.81,W@0.5,2.4,48.3,0.0,0,"Lynden, Whatcom County",330063,Lynden,2017-12-07 05:59:27.020949
2008-10-28,20:00,43.1,,41.9,95.4,0.84,SW@0.2,1.7,48.3,0.0,0,"Lynden, Whatcom County",330063,Lynden,2017-12-07 05:59:27.020949
2008-10-28,20:15,43.3,,42.1,95.7,0.86,N@0.0,0.0,48.3,0.0,0,"Lynden, Whatcom County",330063,Lynden,2017-12-07 05:59:27.020949
2008-10-28,20:30,43.3,,42.3,96.1,0.88,N@0.0,0.0,48.3,0.0,0,"Lynden, Whatcom County",330063,Lynden,2017-12-07 05:59:27.020949
2008-10-28,20:45,43.9,,42.9,96.3,0.88,NW@0.3,2.1,48.3,0.0,0,"Lynden, Whatcom County",330063,Lynden,2017-12-07 05:59:27.020949
2008-10-28,21:00,44.4,,43.4,96.0,0.88,N@0.0,0.0,48.2,0.0,0,"Lynden, Whatcom County",330063,Lynden,2017-12-07 05:59:27.020949
2008-10-28,21:15,44.7,,43.5,95.5,0.88,N@0.0,0.0,48.2,0.0,0,"Lynden, Whatcom County",330063,Lynden,2017-12-07 05:59:27.020949
2008-10-28,21:30,43.9,,42.6,95.1,0.88,N@0.0,0.0,48.2,0.0,0,"Lynden, Whatcom County",330063,Lynden,2017-12-07 05:59:27.020949
2008-10-28,21:45,43.4,,42.3,95.7,0.89,N@0.0,0.0,48.2,0.0,0,"Lynden, Whatcom County",330063,Lynden,2017-12-07 05:59:27.020949
2008-10-28,22:00,42.8,,41.6,95.5,0.9,S@0.2,1.7,48.2,0.0,0,"Lynden, Whatcom County",330063,Lynden,2017-12-07 05:59:27.020949
2008-10-28,22:15,42.3,,41.2,95.7,0.91,SW@0.2,2.4,48.1,0.0,0,"Lynden, Whatcom County",330063,Lynden,2017-12-07 05:59:27.020949
2008-10-28,22:30,42.2,,41.2,96.2,0.92,SW@0.2,2.1,48.1,0.0,0,"Lynden, Whatcom County",330063,Lynden,2017-12-07 05:59:27.020949
2008-10-28,22:45,42.8,,42.1,97.2,0.93,W@1.5,4.6,48.1,0.0,0,"Lynden, Whatcom County",330063,Lynden,2017-12-07 05:59:27.020949
2008-10-28,23:00,43.5,,42.9,97.4,0.93,W@0.7,2.4,48.1,0.0,0,"Lynden, Whatcom County",330063,Lynden,2017-12-07 05:59:27.020949
2008-10-29,23:15,44.6,,43.8,97.0,0.93,SE@0.0,1.4,48.1,0.0,0,"Lynden, Whatcom County",330063,Lynden,2017-12-07 05:59:27.020949
2008-10-29,23:30,44.8,,43.9,96.6,0.93,W@0.6,2.1,48.1,0.0,0,"Lynden, Whatcom County",330063,Lynden,2017-12-07 05:59:27.020949
2008-10-29,23:45,44.8,,43.9,96.7,0.93,W@0.2,2.4,48.0,0.0,0,"Lynden, Whatcom County",330063,Lynden,2017-12-07 05:59:27.020949
2008-10-29,24:00,45.2,,44.3,96.4,0.93,S@0.0,1.7,48.0,0.0,0,"Lynden, Whatcom County",330063,Lynden,2017-12-07 05:59:27.020949
2008-10-29,00:15,45.2,,44.3,96.5,0.92,N@0.0,0.0,48.0,0.0,0,"Lynden, Whatcom County",330063,Lynden,2017-12-07 05:59:27.020949
2008-10-29,00:30,45.6,,44.6,96.4,0.92,SW@0.0,1.4,48.0,0.0,0,"Lynden, Whatcom County",330063,Lynden,2017-12-07 05:59:27.020949
2008-10-29,00:45,46.1,,45.1,96.3,0.92,SW@0.1,1.4,48.0,0.0,0,"Lynden, Whatcom County",330063,Lynden,2017-12-07 05:59:27.020949
2008-10-29,01:00,46.5,,45.5,96.1,0.91,SW@0.6,3.5,48.0,0.0,0,"Lynden, Whatcom County",330063,Lynden,2017-12-07 05:59:27.020949
2008-10-29,01:15,47.0,,45.8,95.4,0.9,SW@0.2,1.7,48.0,0.0,0,"Lynden, Whatcom County",330063,Lynden,2017-12-07 05:59:27.020949
2008-10-29,01:30,46.3,,45.0,95.2,0.9,SE@0.9,2.8,48.0,0.0,0,"Lynden, Whatcom County",330063,Lynden,2017-12-07 05:59:27.020949
2008-10-29,01:45,45.9,,44.7,95.5,0.89,SE@0.4,2.8,48.0,0.0,0,"Lynden, Whatcom County",330063,Lynden,2017-12-07 05:59:27.020949
2008-10-29,02:00,46.1,,44.9,95.6,0.88,SE@0.1,2.1,48.0,0.0,0,"Lynden, Whatcom County",330063,Lynden,2017-12-07 05:59:27.020949
2008-10-29,02:15,46.1,,44.9,95.7,0.88,SW@0.5,2.4,47.9,0.0,0,"Lynden, Whatcom County",330063,Lynden,2017-12-07 05:59:27.020949
2008-10-29,02:30,46.1,,45.0,95.9,0.87,SW@1.3,3.1,47.9,0.0,0,"Lynden, Whatcom County",330063,Lynden,2017-12-07 05:59:27.020949
2008-10-29,02:45,45.9,,45.0,96.3,0.86,SW@0.4,2.8,47.9,0.0,0,"Lynden, Whatcom County",330063,Lynden,2017-12-07 05:59:27.020949
2008-10-29,03:00,46.2,,45.0,95.5,0.85,N@0.0,0.0,47.9,0.0,0,"Lynden, Whatcom County",330063,Lynden,2017-12-07 05:59:27.020949
2008-10-29,03:15,45.9,,44.8,96.1,0.84,S@0.1,2.1,47.9,0.0,0,"Lynden, Whatcom County",330063,Lynden,2017-12-07 05:59:27.020949
2008-10-29,03:30,45.5,,44.5,96.1,0.83,N@0.0,0.0,47.9,0.0,0,"Lynden, Whatcom County",330063,Lynden,2017-12-07 05:59:27.020949
2008-10-29,03:45,45.0,,44.2,96.8,0.83,S@0.0,1.4,47.9,0.0,0,"Lynden, Whatcom County",330063,Lynden,2017-12-07 05:59:27.020949
2008-10-29,04:00,45.2,,44.4,96.9,0.82,N@0.0,0.0,47.9,0.0,0,"Lynden, Whatcom County",330063,Lynden,2017-12-07 05:59:27.020949
2008-10-29,04:15,45.7,,44.7,96.4,0.81,W@0.0,1.4,47.9,0.0,0,"Lynden, Whatcom County",330063,Lynden,2017-12-07 05:59:27.020949
2008-10-29,04:30,45.7,,44.7,96.3,0.8,N@0.0,0.0,48.0,0.0,0,"Lynden, Whatcom County",330063,Lynden,2017-12-07 05:59:27.020949
2008-10-29,04:45,46.1,,45.1,96.2,0.79,S@0.0,1.4,48.0,0.0,0,"Lynden, Whatcom County",330063,Lynden,2017-12-07 05:59:27.020949
2008-10-29,05:00,46.1,,45.1,96.4,0.78,SW@0.8,3.5,48.0,0.0,0,"Lynden, Whatcom County",330063,Lynden,2017-12-07 05:59:27.020949
2008-10-29,05:15,46.5,,45.4,96.0,0.75,S@0.6,3.9,48.0,0.0,0,"Lynden, Whatcom County",330063,Lynden,2017-12-07 05:59:27.020949
2008-10-29,05:30,46.9,,45.6,95.2,0.7,N@0.0,0.0,48.0,0.0,0,"Lynden, Whatcom County",330063,Lynden,2017-12-07 05:59:27.020949
2008-10-29,05:45,46.7,,45.4,95.0,0.68,N@0.0,0.0,48.0,0.0,0,"Lynden, Whatcom County",330063,Lynden,2017-12-07 05:59:27.020949
2008-10-29,06:00,46.5,,45.2,95.1,0.67,N@0.0,0.0,48.0,0.0,0,"Lynden, Whatcom County",330063,Lynden,2017-12-07 05:59:27.020949
2008-10-29,06:15,46.1,,44.6,94.6,0.69,N@0.0,0.0,48.0,0.0,0,"Lynden, Whatcom County",330063,Lynden,2017-12-07 05:59:27.020949
2008-10-29,06:30,45.4,,44.1,95.2,0.72,N@0.0,0.0,48.0,0.0,0,"Lynden, Whatcom County",330063,Lynden,2017-12-07 05:59:27.020949
2008-10-29,06:45,44.8,,43.7,95.9,0.75,NW@1.3,4.2,48.0,0.0,1,"Lynden, Whatcom County",330063,Lynden,2017-12-07 05:59:27.020949
2008-10-29,07:00,44.9,,43.8,95.7,0.76,W@1.2,3.5,48.0,0.0,3,"Lynden, Whatcom County",330063,Lynden,2017-12-07 05:59:27.020949
2008-10-29,07:15,45.1,,43.9,95.3,0.76,SE@0.1,2.1,48.0,0.0,6,"Lynden, Whatcom County",330063,Lynden,2017-12-07 05:59:27.020949
2008-10-29,07:30,45.4,,44.3,95.9,0.77,SW@0.1,2.1,48.1,0.0,17,"Lynden, Whatcom County",330063,Lynden,2017-12-07 05:59:27.020949
2008-10-29,07:45,45.6,,44.4,95.6,0.78,N@0.0,0.0,48.1,0.0,30,"Lynden, Whatcom County",330063,Lynden,2017-12-07 05:59:27.020949
2008-10-29,08:00,45.6,,44.5,95.8,0.78,N@0.0,0.0,48.1,0.0,46,"Lynden, Whatcom County",330063,Lynden,2017-12-07 05:59:27.020949
2008-10-29,08:15,45.4,,44.3,96.0,0.78,SW@0.1,2.4,48.1,0.0,61,"Lynden, Whatcom County",330063,Lynden,2017-12-07 05:59:27.020949
2008-10-29,08:30,46.2,,45.2,96.0,0.75,N@0.0,0.0,48.1,0.0,92,"Lynden, Whatcom County",330063,Lynden,2017-12-07 05:59:27.020949
2008-10-29,08:45,47.2,,46.0,95.6,0.66,N@0.0,0.0,48.1,0.0,116,"Lynden, Whatcom County",330063,Lynden,2017-12-07 05:59:27.020949
2008-10-29,09:00,48.5,,47.1,94.8,0.35,N@0.0,0.0,48.1,0.0,257,"Lynden, Whatcom County",330063,Lynden,2017-12-07 05:59:27.020949
2008-10-29,09:15,50.7,,48.0,90.6,0.01,SW@1.1,4.9,48.1,0.0,220,"Lynden, Whatcom County",330063,Lynden,2017-12-07 05:59:27.020949
2008-10-29,09:30,51.0,,47.7,88.4,0.01,W@1.3,4.2,48.1,0.0,202,"Lynden, Whatcom County",330063,Lynden,2017-12-07 05:59:27.020949
2008-10-29,09:45,51.9,,47.9,86.1,0.0,W@1.8,3.9,48.1,0.0,205,"Lynden, Whatcom County",330063,Lynden,2017-12-07 05:59:27.020949
2008-10-29,10:00,52.2,,48.0,85.5,0.0,S@0.7,3.1,48.1,0.0,141,"Lynden, Whatcom County",330063,Lynden,2017-12-07 05:59:27.020949
2008-10-29,10:15,52.5,,48.3,85.5,0.0,W@0.3,3.1,48.1,0.0,170,"Lynden, Whatcom County",330063,Lynden,2017-12-07 05:59:27.020949
2008-10-29,10:30,53.1,,48.3,83.5,0.0,N@0.0,0.0,48.2,0.0,152,"Lynden, Whatcom County",330063,Lynden,2017-12-07 05:59:27.020949
2008-10-29,10:45,53.6,,48.6,83.0,0.0,S@0.0,1.4,48.2,0.0,158,"Lynden, Whatcom County",330063,Lynden,2017-12-07 05:59:27.020949
2008-10-29,11:00,53.7,,49.0,83.8,0.0,SE@0.5,3.1,48.2,0.0,193,"Lynden, Whatcom County",330063,Lynden,2017-12-07 05:59:27.020949
2008-10-29,11:15,54.3,,49.1,82.3,0.0,S@0.0,1.4,48.2,0.0,210,"Lynden, Whatcom County",330063,Lynden,2017-12-07 05:59:27.020949
2008-10-29,11:30,55.7,,49.0,78.2,0.0,N@0.0,0.0,48.3,0.0,278,"Lynden, Whatcom County",330063,Lynden,2017-12-07 05:59:27.020949
2008-10-29,11:45,56.1,,48.4,75.3,0.0,SE@0.0,1.4,48.3,0.0,193,"Lynden, Whatcom County",330063,Lynden,2017-12-07 05:59:27.020949
2008-10-29,12:00,56.2,,48.2,74.3,0.0,N@0.0,0.0,48.3,0.0,189,"Lynden, Whatcom County",330063,Lynden,2017-12-07 05:59:27.020949
2008-10-29,12:15,56.3,,49.0,76.3,0.0,W@1.1,4.6,48.4,0.0,206,"Lynden, Whatcom County",330063,Lynden,2017-12-07 05:59:27.020949
2008-10-29,12:30,57.0,,48.5,73.3,0.0,N@0.0,0.0,48.4,0.0,229,"Lynden, Whatcom County",330063,Lynden,2017-12-07 05:59:27.020949
2008-10-29,12:45,57.9,,49.4,73.2,0.0,W@0.2,3.9,48.5,0.0,289,"Lynden, Whatcom County",330063,Lynden,2017-12-07 05:59:27.020949
2008-10-29,13:00,57.9,,48.5,70.9,0.0,N@0.0,0.0,48.5,0.0,215,"Lynden, Whatcom County",330063,Lynden,2017-12-07 05:59:27.020949
2008-10-29,13:15,57.6,,48.4,71.4,0.0,W@1.2,4.2,48.5,0.0,174,"Lynden, Whatcom County",330063,Lynden,2017-12-07 05:59:27.020949
2008-10-29,13:30,57.5,,48.1,70.6,0.0,W@1.0,3.5,48.6,0.0,199,"Lynden, Whatcom County",330063,Lynden,2017-12-07 05:59:27.020949
2008-10-29,13:45,58.3,,47.8,67.9,0.0,SW@0.5,2.8,48.7,0.0,261,"Lynden, Whatcom County",330063,Lynden,2017-12-07 05:59:27.020949
2008-10-29,14:00,59.2,,48.6,67.7,0.0,SW@0.5,3.9,48.7,0.0,228,"Lynden, Whatcom County",330063,Lynden,2017-12-07 05:59:27.020949
2008-10-29,14:15,58.8,,49.0,69.8,0.0,SW@0.3,3.1,48.8,0.0,140,"Lynden, Whatcom County",330063,Lynden,2017-12-07 05:59:27.020949
2008-10-29,14:30,58.3,,49.0,71.2,0.0,SW@0.0,1.4,48.8,0.0,118,"Lynden, Whatcom County",330063,Lynden,2017-12-07 05:59:27.020949
2008-10-29,14:45,58.0,,48.8,71.3,0.0,SW@0.4,2.4,48.9,0.0,107,"Lynden, Whatcom County",330063,Lynden,2017-12-07 05:59:27.020949
2008-10-29,15:00,57.3,,48.3,71.6,0.0,W@1.4,2.8,48.9,0.0,107,"Lynden, Whatcom County",330063,Lynden,2017-12-07 05:59:27.020949
2008-10-29,15:15,56.9,,49.1,74.9,0.0,NW@2.8,4.2,49.0,0.0,83,"Lynden, Whatcom County",330063,Lynden,2017-12-07 05:59:27.020949
2008-10-29,15:30,57.3,,49.5,75.2,0.0,N@0.0,0.0,49.0,0.0,63,"Lynden, Whatcom County",330063,Lynden,2017-12-07 05:59:27.020949
2008-10-29,15:45,57.9,,49.7,74.0,0.0,N@0.0,0.0,49.1,0.0,60,"Lynden, Whatcom County",330063,Lynden,2017-12-07 05:59:27.020949
2008-10-29,16:00,58.1,,50.3,75.1,0.0,N@0.0,0.0,49.1,0.0,46,"Lynden, Whatcom County",330063,Lynden,2017-12-07 05:59:27.020949
2008-10-29,16:15,57.8,,50.1,75.4,0.0,N@0.0,0.0,49.2,0.0,22,"Lynden, Whatcom County",330063,Lynden,2017-12-07 05:59:27.020949
2008-10-29,16:30,56.8,,50.1,78.0,0.0,NW@0.4,2.1,49.2,0.0,15,"Lynden, Whatcom County",330063,Lynden,2017-12-07 05:59:27.020949
2008-10-29,16:45,55.8,,50.1,80.8,0.0,N@0.0,0.0,49.3,0.0,11,"Lynden, Whatcom County",330063,Lynden,2017-12-07 05:59:27.020949
2008-10-29,17:00,55.5,,50.0,81.7,0.02,N@0.0,0.0,49.3,0.0,3,"Lynden, Whatcom County",330063,Lynden,2017-12-07 05:59:27.020949
2008-10-29,17:15,54.4,,49.9,84.5,0.08,N@0.0,0.0,49.4,0.0,0,"Lynden, Whatcom County",330063,Lynden,2017-12-07 05:59:27.020949
2008-10-29,17:30,53.6,,49.4,85.3,0.19,N@0.0,0.0,49.4,0.0,0,"Lynden, Whatcom County",330063,Lynden,2017-12-07 05:59:27.020949
2008-10-29,17:45,52.7,,49.2,87.6,0.26,N@0.0,0.0,49.5,0.0,0,"Lynden, Whatcom County",330063,Lynden,2017-12-07 05:59:27.020949
2008-10-29,18:00,52.0,,49.0,89.3,0.3,N@0.0,0.0,49.5,0.0,0,"Lynden, Whatcom County",330063,Lynden,2017-12-07 05:59:27.020949
2008-10-29,18:15,51.9,,49.0,89.6,0.33,N@0.0,0.0,49.5,0.0,0,"Lynden, Whatcom County",330063,Lynden,2017-12-07 05:59:27.020949
2008-10-29,18:30,51.6,,48.8,90.2,0.31,N@0.0,0.0,49.6,0.0,0,"Lynden, Whatcom County",330063,Lynden,2017-12-07 05:59:27.020949
2008-10-29,18:45,51.1,,48.5,90.7,0.33,N@0.9,3.1,49.6,0.0,0,"Lynden, Whatcom County",330063,Lynden,2017-12-07 05:59:27.020949
2008-10-29,19:00,49.8,,48.1,93.7,0.35,NW@1.7,2.8,49.6,0.0,0,"Lynden, Whatcom County",330063,Lynden,2017-12-07 05:59:27.020949
2008-10-29,19:15,49.5,,47.8,93.6,0.34,NW@0.9,2.1,49.6,0.0,0,"Lynden, Whatcom County",330063,Lynden,2017-12-07 05:59:27.020949
2008-10-29,19:30,49.2,,47.6,93.8,0.42,N@0.0,0.0,49.6,0.0,0,"Lynden, Whatcom County",330063,Lynden,2017-12-07 05:59:27.020949
2008-10-29,19:45,48.9,,47.2,93.6,0.51,N@0.0,0.0,49.6,0.0,0,"Lynden, Whatcom County",330063,Lynden,2017-12-07 05:59:27.020949
2008-10-29,20:00,48.3,,46.6,93.9,0.58,E@0.1,1.4,49.6,0.0,0,"Lynden, Whatcom County",330063,Lynden,2017-12-07 05:59:27.020949
2008-10-29,20:15,48.0,,46.5,94.6,0.65,SE@0.2,1.7,49.6,0.0,0,"Lynden, Whatcom County",330063,Lynden,2017-12-07 05:59:27.020949
2008-10-29,20:30,47.5,,46.2,95.2,0.7,N@0.0,0.0,49.6,0.0,0,"Lynden, Whatcom County",330063,Lynden,2017-12-07 05:59:27.020949
2008-10-29,20:45,47.4,,46.1,94.9,0.73,N@0.0,0.0,49.6,0.0,0,"Lynden, Whatcom County",330063,Lynden,2017-12-07 05:59:27.020949
2008-10-29,21:00,47.7,,46.5,95.4,0.76,W@1.6,3.1,49.6,0.0,0,"Lynden, Whatcom County",330063,Lynden,2017-12-07 05:59:27.020949
2008-10-29,21:15,47.3,,45.9,94.8,0.76,N@0.0,0.0,49.6,0.0,0,"Lynden, Whatcom County",330063,Lynden,2017-12-07 05:59:27.020949
2008-10-29,21:30,47.6,,46.3,95.3,0.78,W@1.2,4.2,49.6,0.0,0,"Lynden, Whatcom County",330063,Lynden,2017-12-07 05:59:27.020949
2008-10-29,21:45,47.9,,46.4,94.4,0.77,NW@1.9,3.9,49.6,0.0,0,"Lynden, Whatcom County",330063,Lynden,2017-12-07 05:59:27.020949
2008-10-29,22:00,47.5,,46.0,94.4,0.75,SW@1.9,3.5,49.5,0.0,0,"Lynden, Whatcom County",330063,Lynden,2017-12-07 05:59:27.020949
2008-10-29,22:15,47.4,,46.0,94.9,0.74,W@2.2,4.2,49.5,0.0,0,"Lynden, Whatcom County",330063,Lynden,2017-12-07 05:59:27.020949
2008-10-29,22:30,47.4,,46.0,94.6,0.73,W@1.1,3.1,49.5,0.0,0,"Lynden, Whatcom County",330063,Lynden,2017-12-07 05:59:27.020949
2008-10-29,22:45,46.9,,45.6,95.0,0.72,NW@2.3,4.2,49.5,0.0,0,"Lynden, Whatcom County",330063,Lynden,2017-12-07 05:59:27.020949
2008-10-29,23:00,46.8,,45.5,95.2,0.74,W@0.9,4.6,49.5,0.0,0,"Lynden, Whatcom County",330063,Lynden,2017-12-07 05:59:27.020949
2008-10-30,23:15,46.8,,45.6,95.8,0.76,SW@0.8,3.9,49.5,0.0,0,"Lynden, Whatcom County",330063,Lynden,2017-12-07 05:59:27.020949
2008-10-30,23:30,46.3,,45.1,95.6,0.77,SW@0.5,3.5,49.4,0.0,0,"Lynden, Whatcom County",330063,Lynden,2017-12-07 05:59:27.020949
2008-10-30,23:45,46.9,,45.7,95.7,0.78,NW@3.0,5.3,49.4,0.0,0,"Lynden, Whatcom County",330063,Lynden,2017-12-07 05:59:27.020949
2008-10-30,24:00,47.0,,45.6,94.9,0.76,NW@0.4,2.4,49.4,0.0,0,"Lynden, Whatcom County",330063,Lynden,2017-12-07 05:59:27.020949
2008-10-30,00:15,46.2,,44.8,94.9,0.77,SW@0.4,2.8,49.4,0.0,0,"Lynden, Whatcom County",330063,Lynden,2017-12-07 05:59:27.020949
2008-10-30,00:30,46.5,,45.3,95.5,0.78,SW@0.1,1.7,49.4,0.0,0,"Lynden, Whatcom County",330063,Lynden,2017-12-07 05:59:27.020949
2008-10-30,00:45,46.5,,45.2,95.3,0.78,SW@0.6,5.3,49.4,0.0,0,"Lynden, Whatcom County",330063,Lynden,2017-12-07 05:59:27.020949
2008-10-30,01:00,46.3,,45.3,96.1,0.77,NW@3.5,4.9,49.4,0.0,0,"Lynden, Whatcom County",330063,Lynden,2017-12-07 05:59:27.020949
2008-10-30,01:15,47.0,,45.7,95.0,0.74,SW@2.3,4.2,49.4,0.0,0,"Lynden, Whatcom County",330063,Lynden,2017-12-07 05:59:27.020949
2008-10-30,01:30,47.0,,45.4,94.2,0.71,SW@1.0,3.5,49.3,0.0,0,"Lynden, Whatcom County",330063,Lynden,2017-12-07 05:59:27.020949
2008-10-30,01:45,46.7,,45.2,94.5,0.71,W@1.1,5.3,49.3,0.0,0,"Lynden, Whatcom County",330063,Lynden,2017-12-07 05:59:27.020949
2008-10-30,02:00,46.7,,45.3,94.5,0.65,NW@4.1,5.7,49.3,0.0,0,"Lynden, Whatcom County",330063,Lynden,2017-12-07 05:59:27.020949
2008-10-30,02:15,47.3,,45.1,92.0,0.39,W@3.2,6.4,49.3,0.0,0,"Lynden, Whatcom County",330063,Lynden,2017-12-07 05:59:27.020949
2008-10-30,02:30,47.5,,45.2,91.5,0.28,W@2.2,4.6,49.3,0.0,0,"Lynden, Whatcom County",330063,Lynden,2017-12-07 05:59:27.020949
2008-10-30,02:45,47.6,,45.3,91.8,0.16,NW@3.5,7.4,49.3,0.0,0,"Lynden, Whatcom County",330063,Lynden,2017-12-07 05:59:27.020949
2008-10-30,03:00,48.4,,45.6,89.7,0.04,NW@3.9,6.7,49.2,0.0,0,"Lynden, Whatcom County",330063,Lynden,2017-12-07 05:59:27.020949
2008-10-30,03:15,49.0,,45.5,87.8,0.02,NW@3.4,5.3,49.2,0.0,0,"Lynden, Whatcom County",330063,Lynden,2017-12-07 05:59:27.020949
2008-10-30,03:30,48.8,,45.4,88.0,0.03,SW@1.0,4.6,49.2,0.0,0,"Lynden, Whatcom County",330063,Lynden,2017-12-07 05:59:27.020949
2008-10-30,03:45,48.4,,45.4,89.4,0.04,W@1.1,8.2,49.2,0.0,0,"Lynden, Whatcom County",330063,Lynden,2017-12-07 05:59:27.020949
2008-10-30,04:00,48.4,,45.4,89.2,0.02,NW@3.7,5.7,49.2,0.0,0,"Lynden, Whatcom County",330063,Lynden,2017-12-07 05:59:27.020949
2008-10-30,04:15,48.4,,45.4,89.2,0.02,NW@3.2,4.9,49.2,0.0,0,"Lynden, Whatcom County",330063,Lynden,2017-12-07 05:59:27.020949
2008-10-30,04:30,48.6,,45.4,88.7,0.02,W@0.7,3.9,49.1,0.0,0,"Lynden, Whatcom County",330063,Lynden,2017-12-07 05:59:27.020949
2008-10-30,04:45,49.7,,45.6,85.6,0.01,S@1.4,4.9,49.1,0.0,0,"Lynden, Whatcom County",330063,Lynden,2017-12-07 05:59:27.020949
2008-10-30,05:00,49.4,,45.5,86.2,0.02,N@0.0,0.0,49.1,0.0,0,"Lynden, Whatcom County",330063,Lynden,2017-12-07 05:59:27.020949
2008-10-30,05:15,48.4,,45.2,88.6,0.04,W@0.0,1.4,49.1,0.0,0,"Lynden, Whatcom County",330063,Lynden,2017-12-07 05:59:27.020949
2008-10-30,05:30,47.5,,45.1,91.2,0.06,N@0.0,0.0,49.1,0.0,0,"Lynden, Whatcom County",330063,Lynden,2017-12-07 05:59:27.020949
2008-10-30,05:45,47.0,,45.1,92.8,0.09,N@0.0,0.0,49.1,0.0,0,"Lynden, Whatcom County",330063,Lynden,2017-12-07 05:59:27.020949
2008-10-30,06:00,47.0,,44.9,92.4,0.14,N@0.0,0.0,49.0,0.0,0,"Lynden, Whatcom County",330063,Lynden,2017-12-07 05:59:27.020949
2008-10-30,06:15,47.0,,44.9,92.3,0.17,SW@0.2,4.2,49.0,0.0,0,"Lynden, Whatcom County",330063,Lynden,2017-12-07 05:59:27.020949
2008-10-30,06:30,47.9,,44.4,87.5,0.03,W@1.0,3.1,49.0,0.0,0,"Lynden, Whatcom County",330063,Lynden,2017-12-07 05:59:27.020949
2008-10-30,06:45,48.4,,43.7,83.8,0.01,W@2.3,3.9,49.0,0.0,0,"Lynden, Whatcom County",330063,Lynden,2017-12-07 05:59:27.020949
2008-10-30,07:00,48.3,,43.7,83.8,0.01,NW@0.9,3.9,49.0,0.0,0,"Lynden, Whatcom County",330063,Lynden,2017-12-07 05:59:27.020949
2008-10-30,07:15,47.9,,43.6,85.0,0.01,N@0.0,0.0,49.0,0.0,3,"Lynden, Whatcom County",330063,Lynden,2017-12-07 05:59:27.020949
2008-10-30,07:30,47.9,,43.5,84.4,0.01,N@0.0,0.0,49.0,0.0,15,"Lynden, Whatcom County",330063,Lynden,2017-12-07 05:59:27.020949
2008-10-30,07:45,47.5,,43.4,85.7,0.01,S@0.5,2.4,49.0,0.0,17,"Lynden, Whatcom County",330063,Lynden,2017-12-07 05:59:27.020949
2008-10-30,08:00,47.3,,43.7,87.1,0.01,SW@0.2,2.4,49.0,0.0,23,"Lynden, Whatcom County",330063,Lynden,2017-12-07 05:59:27.020949
2008-10-30,08:15,47.0,,43.8,88.4,0.01,S@0.1,2.4,48.9,0.0,36,"Lynden, Whatcom County",330063,Lynden,2017-12-07 05:59:27.020949
2008-10-30,08:30,47.1,,44.3,89.8,0.02,S@0.8,3.5,48.9,0.0,42,"Lynden, Whatcom County",330063,Lynden,2017-12-07 05:59:27.020949
2008-10-30,08:45,47.5,,44.5,89.4,0.01,W@0.1,2.1,48.9,0.0,67,"Lynden, Whatcom County",330063,Lynden,2017-12-07 05:59:27.020949
2008-10-30,09:00,48.4,,45.1,88.1,0.01,S@0.1,1.4,48.9,0.0,75,"Lynden, Whatcom County",330063,Lynden,2017-12-07 05:59:27.020949
2008-10-30,09:15,48.7,,44.6,85.7,0.01,S@0.0,1.4,48.9,0.0,73,"Lynden, Whatcom County",330063,Lynden,2017-12-07 05:59:27.020949
2008-10-30,09:30,49.3,,45.4,86.6,0.0,S@1.1,3.5,48.9,0.0,106,"Lynden, Whatcom County",330063,Lynden,2017-12-07 05:59:27.020949
2008-10-30,09:45,49.9,,45.2,83.8,0.0,S@0.9,2.8,48.9,0.0,125,"Lynden, Whatcom County",330063,Lynden,2017-12-07 05:59:27.020949
2008-10-30,10:00,50.5,,45.3,82.2,0.0,SW@0.2,2.4,48.9,0.0,113,"Lynden, Whatcom County",330063,Lynden,2017-12-07 05:59:27.020949
2008-10-30,10:15,50.9,,45.7,82.2,0.0,S@0.8,3.1,48.9,0.0,132,"Lynden, Whatcom County",330063,Lynden,2017-12-07 05:59:27.020949
2008-10-30,10:30,51.3,,46.2,82.5,0.0,SW@0.6,3.9,48.9,0.0,87,"Lynden, Whatcom County",330063,Lynden,2017-12-07 05:59:27.020949
2008-10-30,10:45,51.4,,46.0,81.7,0.0,W@0.3,3.1,48.9,0.0,108,"Lynden, Whatcom County",330063,Lynden,2017-12-07 05:59:27.020949
2008-10-30,11:00,52.0,,46.3,81.0,0.0,N@0.0,0.0,48.9,0.0,112,"Lynden, Whatcom County",330063,Lynden,2017-12-07 05:59:27.020949
2008-10-30,11:15,51.9,,46.3,81.0,0.0,N@0.0,0.0,48.9,0.0,81,"Lynden, Whatcom County",330063,Lynden,2017-12-07 05:59:27.020949
2008-10-30,11:30,52.5,,46.8,80.8,0.0,N@0.0,0.0,48.9,0.0,77,"Lynden, Whatcom County",330063,Lynden,2017-12-07 05:59:27.020949
2008-10-30,11:45,52.6,,45.9,78.1,0.0,SW@1.5,3.5,48.9,0.0,74,"Lynden, Whatcom County",330063,Lynden,2017-12-07 05:59:27.020949
2008-10-30,12:00,52.3,,46.3,79.7,0.0,SE@1.1,3.9,48.9,0.0,72,"Lynden, Whatcom County",330063,Lynden,2017-12-07 05:59:27.020949
2008-10-30,12:15,52.6,,46.3,79.0,0.0,N@0.0,0.0,48.9,0.0,107,"Lynden, Whatcom County",330063,Lynden,2017-12-07 05:59:27.020949
2008-10-30,12:30,52.9,,46.6,79.0,0.0,SW@0.5,3.9,48.9,0.0,117,"Lynden, Whatcom County",330063,Lynden,2017-12-07 05:59:27.020949
2008-10-30,12:45,52.9,,46.8,79.8,0.01,W@3.3,7.4,48.9,0.0,128,"Lynden, Whatcom County",330063,Lynden,2017-12-07 05:59:27.020949
2008-10-30,13:00,53.0,,46.8,79.3,0.41,W@1.1,4.2,48.9,0.0,73,"Lynden, Whatcom County",330063,Lynden,2017-12-07 05:59:27.020949
2008-10-30,13:15,52.8,,46.9,80.3,0.9,W@0.0,1.7,49.0,0.0,65,"Lynden, Whatcom County",330063,Lynden,2017-12-07 05:59:27.020949
2008-10-30,13:30,52.7,,48.5,85.6,0.97,W@0.1,1.7,49.0,0.01,53,"Lynden, Whatcom County",330063,Lynden,2017-12-07 05:59:27.020949
2008-10-30,13:45,52.1,,48.8,88.2,1.0,W@0.5,3.9,49.0,0.0,51,"Lynden, Whatcom County",330063,Lynden,2017-12-07 05:59:27.020949
2008-10-30,14:00,51.8,,49.3,91.1,1.0,S@1.4,3.9,49.0,0.0,47,"Lynden, Whatcom County",330063,Lynden,2017-12-07 05:59:27.020949
2008-10-30,14:15,51.5,,49.5,93.0,1.0,SW@2.6,5.3,49.0,0.01,38,"Lynden, Whatcom County",330063,Lynden,2017-12-07 05:59:27.020949
2008-10-30,14:30,51.5,,49.7,93.4,1.0,SW@1.9,4.9,49.1,0.0,42,"Lynden, Whatcom County",330063,Lynden,2017-12-07 05:59:27.020949
2008-10-30,14:45,51.5,,49.2,91.9,1.0,W@2.5,4.9,49.1,0.0,44,"Lynden, Whatcom County",330063,Lynden,2017-12-07 05:59:27.020949
2008-10-30,15:00,51.6,,49.6,92.8,1.0,W@2.8,4.9,49.1,0.0,40,"Lynden, Whatcom County",330063,Lynden,2017-12-07 05:59:27.020949
2008-10-30,15:15,51.9,,50.1,93.5,1.0,SW@1.2,4.2,49.1,0.0,36,"Lynden, Whatcom County",330063,Lynden,2017-12-07 05:59:27.020949
2008-10-30,15:30,51.8,,50.2,94.2,1.0,SW@2.6,4.9,49.1,0.01,23,"Lynden, Whatcom County",330063,Lynden,2017-12-07 05:59:27.020949
2008-10-30,15:45,51.2,,49.3,93.1,1.0,W@3.6,6.0,49.1,0.0,19,"Lynden, Whatcom County",330063,Lynden,2017-12-07 05:59:27.020949
2008-10-30,16:00,51.1,,49.0,92.6,1.0,SW@4.7,8.2,49.2,0.0,13,"Lynden, Whatcom County",330063,Lynden,2017-12-07 05:59:27.020949
2008-10-30,16:15,51.1,,48.4,90.5,1.0,SW@4.7,7.8,49.2,0.0,10,"Lynden, Whatcom County",330063,Lynden,2017-12-07 05:59:27.020949
2008-10-30,16:30,51.3,,48.1,89.0,1.0,SW@3.7,8.2,49.2,0.0,6,"Lynden, Whatcom County",330063,Lynden,2017-12-07 05:59:27.020949
2008-10-30,16:45,51.5,,48.1,87.8,1.0,SW@3.7,6.7,49.2,0.0,2,"Lynden, Whatcom County",330063,Lynden,2017-12-07 05:59:27.020949
2008-10-30,17:00,51.5,,48.1,88.4,1.0,NW@5.5,10.3,49.3,0.0,0,"Lynden, Whatcom County",330063,Lynden,2017-12-07 05:59:27.020949
2008-10-30,17:15,51.5,,48.3,88.6,0.94,SW@4.6,8.2,49.3,0.0,0,"Lynden, Whatcom County",330063,Lynden,2017-12-07 05:59:27.020949
2008-10-30,17:30,51.6,,48.2,87.9,0.93,W@4.2,7.4,49.4,0.0,0,"Lynden, Whatcom County",330063,Lynden,2017-12-07 05:59:27.020949
2008-10-30,17:45,51.9,,47.9,86.1,0.93,SW@4.3,9.9,49.3,0.0,0,"Lynden, Whatcom County",330063,Lynden,2017-12-07 05:59:27.020949
2008-10-30,18:00,52.0,,48.3,87.2,1.0,SW@4.1,8.2,49.4,0.0,0,"Lynden, Whatcom County",330063,Lynden,2017-12-07 05:59:27.020949
2008-10-30,18:15,52.0,,48.8,89.1,1.0,SW@4.1,8.2,49.4,0.0,0,"Lynden, Whatcom County",330063,Lynden,2017-12-07 05:59:27.020949
2008-10-30,18:30,52.0,,49.2,90.2,1.0,SW@4.6,8.2,49.4,0.01,0,"Lynden, Whatcom County",330063,Lynden,2017-12-07 05:59:27.020949
2008-10-30,18:45,52.0,,49.4,90.9,1.0,SW@4.4,8.5,49.4,0.0,0,"Lynden, Whatcom County",330063,Lynden,2017-12-07 05:59:27.020949
2008-10-30,19:00,52.0,,49.8,92.1,1.0,SW@2.8,6.0,49.5,0.0,0,"Lynden, Whatcom County",330063,Lynden,2017-12-07 05:59:27.020949
2008-10-30,19:15,52.2,,49.8,91.4,1.0,SW@2.9,7.1,49.5,0.0,0,"Lynden, Whatcom County",330063,Lynden,2017-12-07 05:59:27.020949
2008-10-30,19:30,52.9,,49.8,89.2,1.0,SW@2.0,6.4,49.5,0.0,0,"Lynden, Whatcom County",330063,Lynden,2017-12-07 05:59:27.020949
2008-10-30,19:45,52.9,,49.7,88.7,1.0,SW@4.0,9.2,49.5,0.0,0,"Lynden, Whatcom County",330063,Lynden,2017-12-07 05:59:27.020949
2008-10-30,20:00,52.9,,49.9,89.4,1.0,SW@4.4,9.2,49.5,0.0,0,"Lynden, Whatcom County",330063,Lynden,2017-12-07 05:59:27.020949
2008-10-30,20:15,52.9,,50.0,90.0,1.0,SW@4.4,8.2,49.6,0.0,0,"Lynden, Whatcom County",330063,Lynden,2017-12-07 05:59:27.020949
2008-10-30,20:30,53.0,,49.9,89.0,1.0,SW@5.4,10.3,49.6,0.0,0,"Lynden, Whatcom County",330063,Lynden,2017-12-07 05:59:27.020949
2008-10-30,20:45,53.3,,50.1,88.9,1.0,SW@5.2,9.6,49.6,0.0,0,"Lynden, Whatcom County",330063,Lynden,2017-12-07 05:59:27.020949
2008-10-30,21:00,53.3,,50.4,89.8,1.0,SW@5.3,9.6,49.6,0.0,0,"Lynden, Whatcom County",330063,Lynden,2017-12-07 05:59:27.020949
2008-10-30,21:15,53.4,,50.4,89.4,1.0,SW@5.9,10.7,49.7,0.0,0,"Lynden, Whatcom County",330063,Lynden,2017-12-07 05:59:27.020949
2008-10-30,21:30,53.4,,50.6,89.9,1.0,SW@6.5,11.4,49.7,0.0,0,"Lynden, Whatcom County",330063,Lynden,2017-12-07 05:59:27.020949
2008-10-30,21:45,53.0,,50.6,91.3,1.0,W@6.0,9.9,49.7,0.0,0,"Lynden, Whatcom County",330063,Lynden,2017-12-07 05:59:27.020949
2008-10-30,22:00,53.1,,50.7,91.3,1.0,W@6.0,10.7,49.7,0.0,0,"Lynden, Whatcom County",330063,Lynden,2017-12-07 05:59:27.020949
2008-10-30,22:15,53.3,,50.6,90.6,1.0,SW@6.1,9.2,49.8,0.0,0,"Lynden, Whatcom County",330063,Lynden,2017-12-07 05:59:27.020949
2008-10-30,22:30,53.3,,50.7,90.8,0.96,W@5.8,9.6,49.8,0.0,0,"Lynden, Whatcom County",330063,Lynden,2017-12-07 05:59:27.020949
2008-10-30,22:45,53.3,,50.8,90.9,0.98,SW@5.7,10.3,49.8,0.0,0,"Lynden, Whatcom County",330063,Lynden,2017-12-07 05:59:27.020949
2008-10-30,23:00,53.5,,50.9,90.7,1.0,SW@6.0,11.7,49.8,0.0,0,"Lynden, Whatcom County",330063,Lynden,2017-12-07 05:59:27.020949
2008-10-31,23:15,53.7,,51.1,90.9,1.0,SW@5.6,11.7,49.9,0.0,0,"Lynden, Whatcom County",330063,Lynden,2017-12-07 05:59:27.020949
2008-10-31,23:30,53.4,,51.0,91.4,1.0,SW@5.7,10.7,49.9,0.0,0,"Lynden, Whatcom County",330063,Lynden,2017-12-07 05:59:27.020949
2008-10-31,23:45,53.6,,51.3,91.8,1.0,SW@5.5,9.6,49.9,0.01,0,"Lynden, Whatcom County",330063,Lynden,2017-12-07 05:59:27.020949
2008-10-31,24:00,53.7,,51.6,92.2,1.0,S@4.7,9.9,49.9,0.0,0,"Lynden, Whatcom County",330063,Lynden,2017-12-07 05:59:27.020949
