Date,Time PST,Air Temp °F, 2<sup>nd</sup> Air Temp °F, Dew Point °F, Rel Hum %, Leaf Wet u., Wind Dir @ Speed mph, Wind Gust mph, 2 in. Soil Tmp °F, 8 in. Soil Tmp °F, Soil VWC %, Tot Prec in, Solar Rad W/m², Atm. Press. inHg,Location,Station ID,Station Name,Download Timestamp
2013-04-03,00:15,49.4,49.4,38.0,64.5,0.0,SW@9.1,12.4,52.5,51.6,22.8,0.0,0,30.16,"LaCrosse, LaCrosse, Whitman County",300201,LaCrosse,2017-11-25 01:22:22.642052
2013-04-03,00:30,49.5,49.6,37.9,64.2,0.0,SW@10.5,13.5,52.3,51.6,22.8,0.0,0,30.17,"LaCrosse, LaCrosse, Whitman County",300201,LaCrosse,2017-11-25 01:22:22.642052
2013-04-03,00:45,49.2,49.1,37.8,64.7,0.0,SW@10.0,13.2,52.1,51.5,22.8,0.0,0,30.17,"LaCrosse, LaCrosse, Whitman County",300201,LaCrosse,2017-11-25 01:22:22.642052
2013-04-03,01:00,48.5,48.4,37.6,65.9,0.0,SW@8.6,12.1,51.9,51.5,22.8,0.0,0,30.18,"LaCrosse, LaCrosse, Whitman County",300201,LaCrosse,2017-11-25 01:22:22.642052
2013-04-03,01:15,47.2,46.9,37.5,68.8,0.0,S@6.0,9.9,51.8,51.4,22.8,0.0,0,30.18,"LaCrosse, LaCrosse, Whitman County",300201,LaCrosse,2017-11-25 01:22:22.642052
2013-04-03,01:30,46.1,46.2,37.5,71.7,0.0,S@6.0,9.2,51.6,51.4,22.8,0.0,0,30.17,"LaCrosse, LaCrosse, Whitman County",300201,LaCrosse,2017-11-25 01:22:22.642052
2013-04-03,01:45,45.7,45.5,37.3,72.3,0.0,S@6.4,9.2,51.4,51.3,22.8,0.0,0,30.17,"LaCrosse, LaCrosse, Whitman County",300201,LaCrosse,2017-11-25 01:22:22.642052
2013-04-03,02:00,45.6,45.4,37.3,72.8,0.0,S@5.8,9.9,51.2,51.2,22.8,0.0,0,30.18,"LaCrosse, LaCrosse, Whitman County",300201,LaCrosse,2017-11-25 01:22:22.642052
2013-04-03,02:15,44.1,44.0,36.9,75.3,0.0,S@4.9,6.7,51.1,51.2,22.8,0.0,0,30.18,"LaCrosse, LaCrosse, Whitman County",300201,LaCrosse,2017-11-25 01:22:22.642052
2013-04-03,02:30,45.6,45.4,37.5,73.4,0.0,S@4.5,8.2,50.9,51.1,22.8,0.0,0,30.18,"LaCrosse, LaCrosse, Whitman County",300201,LaCrosse,2017-11-25 01:22:22.642052
2013-04-03,02:45,43.3,43.0,36.3,76.0,0.02,SE@2.6,4.9,50.7,51.1,22.8,0.0,0,30.18,"LaCrosse, LaCrosse, Whitman County",300201,LaCrosse,2017-11-25 01:22:22.642052
2013-04-03,03:00,44.6,44.7,37.6,76.1,0.02,S@4.8,6.7,50.5,51.0,22.8,0.0,0,30.17,"LaCrosse, LaCrosse, Whitman County",300201,LaCrosse,2017-11-25 01:22:22.642052
2013-04-03,03:15,44.7,44.6,37.4,75.3,0.0,S@5.4,7.4,50.3,51.0,22.8,0.0,0,30.17,"LaCrosse, LaCrosse, Whitman County",300201,LaCrosse,2017-11-25 01:22:22.642052
2013-04-03,03:30,43.7,43.5,36.8,76.5,0.0,S@4.5,5.7,50.1,50.9,22.8,0.0,0,30.18,"LaCrosse, LaCrosse, Whitman County",300201,LaCrosse,2017-11-25 01:22:22.642052
2013-04-03,03:45,43.7,43.6,36.9,76.9,0.0,S@4.9,7.1,50.0,50.8,22.8,0.0,0,30.18,"LaCrosse, LaCrosse, Whitman County",300201,LaCrosse,2017-11-25 01:22:22.642052
2013-04-03,04:00,43.7,43.5,36.8,76.5,0.0,S@4.4,6.7,49.8,50.8,22.8,0.0,0,30.18,"LaCrosse, LaCrosse, Whitman County",300201,LaCrosse,2017-11-25 01:22:22.642052
2013-04-03,04:15,42.3,42.1,36.1,78.5,0.09,SE@4.9,6.4,49.6,50.7,22.8,0.0,0,30.18,"LaCrosse, LaCrosse, Whitman County",300201,LaCrosse,2017-11-25 01:22:22.642052
2013-04-03,04:30,43.4,43.3,36.9,77.9,0.08,S@5.3,7.1,49.5,50.7,22.8,0.0,0,30.18,"LaCrosse, LaCrosse, Whitman County",300201,LaCrosse,2017-11-25 01:22:22.642052
2013-04-03,04:45,43.6,43.5,36.8,76.9,0.04,SE@5.4,8.2,49.3,50.6,22.8,0.0,0,30.18,"LaCrosse, LaCrosse, Whitman County",300201,LaCrosse,2017-11-25 01:22:22.642052
2013-04-03,05:00,43.1,42.9,36.5,77.4,0.08,SE@4.6,6.7,49.1,50.5,22.8,0.0,0,30.18,"LaCrosse, LaCrosse, Whitman County",300201,LaCrosse,2017-11-25 01:22:22.642052
2013-04-03,05:15,42.7,42.4,36.2,77.6,0.11,S@3.3,6.4,49.0,50.5,22.8,0.0,0,30.18,"LaCrosse, LaCrosse, Whitman County",300201,LaCrosse,2017-11-25 01:22:22.642052
2013-04-03,05:30,39.9,39.4,33.8,78.4,0.19,W@2.4,4.6,48.8,50.4,22.8,0.0,7,30.19,"LaCrosse, LaCrosse, Whitman County",300201,LaCrosse,2017-11-25 01:22:22.642052
2013-04-03,05:45,39.8,39.8,34.5,81.2,0.31,SW@1.6,4.2,48.6,50.3,22.8,0.0,29,30.2,"LaCrosse, LaCrosse, Whitman County",300201,LaCrosse,2017-11-25 01:22:22.642052
2013-04-03,06:00,39.7,39.2,33.4,78.0,0.34,E@1.1,2.4,48.5,50.3,22.8,0.0,79,30.2,"LaCrosse, LaCrosse, Whitman County",300201,LaCrosse,2017-11-25 01:22:22.642052
2013-04-03,06:15,40.1,40.3,34.5,80.1,0.3,E@3.0,4.9,48.3,50.2,22.8,0.0,141,30.2,"LaCrosse, LaCrosse, Whitman County",300201,LaCrosse,2017-11-25 01:22:22.642052
2013-04-03,06:30,43.2,44.1,37.3,79.5,0.11,S@2.2,5.7,48.1,50.1,22.8,0.0,219,30.21,"LaCrosse, LaCrosse, Whitman County",300201,LaCrosse,2017-11-25 01:22:22.642052
2013-04-03,06:45,46.3,46.5,38.9,75.3,0.0,SW@2.8,4.9,48.0,50.1,22.8,0.0,304,30.21,"LaCrosse, LaCrosse, Whitman County",300201,LaCrosse,2017-11-25 01:22:22.642052
2013-04-03,07:00,48.2,48.2,39.5,71.8,0.0,S@4.4,6.7,47.9,50.0,22.8,0.0,390,30.21,"LaCrosse, LaCrosse, Whitman County",300201,LaCrosse,2017-11-25 01:22:22.642052
2013-04-03,07:15,50.4,50.3,40.1,67.6,0.0,S@7.6,12.1,47.8,49.9,22.8,0.0,480,30.21,"LaCrosse, LaCrosse, Whitman County",300201,LaCrosse,2017-11-25 01:22:22.642052
2013-04-03,07:30,51.8,51.7,40.4,65.0,0.0,S@8.5,13.2,47.8,49.9,22.8,0.0,573,30.21,"LaCrosse, LaCrosse, Whitman County",300201,LaCrosse,2017-11-25 01:22:22.642052
2013-04-03,07:45,52.8,52.7,40.0,61.5,0.0,SW@12.3,17.1,47.8,49.8,22.8,0.0,664,30.21,"LaCrosse, LaCrosse, Whitman County",300201,LaCrosse,2017-11-25 01:22:22.642052
2013-04-03,08:00,53.5,53.3,40.0,60.0,0.0,S@12.3,16.0,47.9,49.7,22.8,0.0,754,30.22,"LaCrosse, LaCrosse, Whitman County",300201,LaCrosse,2017-11-25 01:22:22.642052
2013-04-03,08:15,54.3,54.2,40.2,58.6,0.0,S@11.8,16.0,48.0,49.7,22.8,0.0,846,30.22,"LaCrosse, LaCrosse, Whitman County",300201,LaCrosse,2017-11-25 01:22:22.642052
2013-04-03,08:30,55.2,55.1,40.1,56.6,0.0,SW@11.9,16.4,48.2,49.6,22.8,0.0,934,30.22,"LaCrosse, LaCrosse, Whitman County",300201,LaCrosse,2017-11-25 01:22:22.642052
2013-04-03,08:45,55.7,55.5,40.0,55.4,0.0,SW@11.0,15.7,48.4,49.5,22.8,0.0,1022,30.23,"LaCrosse, LaCrosse, Whitman County",300201,LaCrosse,2017-11-25 01:22:22.642052
2013-04-03,09:00,56.6,56.5,40.2,54.0,0.0,SW@10.3,14.2,48.7,49.5,22.8,0.0,1103,30.22,"LaCrosse, LaCrosse, Whitman County",300201,LaCrosse,2017-11-25 01:22:22.642052
2013-04-03,09:15,57.0,56.9,40.2,53.2,0.0,SW@10.0,15.3,49.0,49.4,22.8,0.0,1179,30.22,"LaCrosse, LaCrosse, Whitman County",300201,LaCrosse,2017-11-25 01:22:22.642052
2013-04-03,09:30,58.0,57.8,40.5,52.1,0.0,S@8.1,12.1,49.4,49.4,22.8,0.0,1260,30.22,"LaCrosse, LaCrosse, Whitman County",300201,LaCrosse,2017-11-25 01:22:22.642052
2013-04-03,09:45,59.0,58.9,40.3,49.7,0.0,SW@9.2,16.0,49.8,49.3,22.8,0.0,1331,30.22,"LaCrosse, LaCrosse, Whitman County",300201,LaCrosse,2017-11-25 01:22:22.642052
2013-04-03,10:00,59.5,59.3,39.9,48.1,0.0,SW@10.3,16.4,50.2,49.3,22.8,0.0,1411,30.22,"LaCrosse, LaCrosse, Whitman County",300201,LaCrosse,2017-11-25 01:22:22.642052
2013-04-03,10:15,59.8,59.6,39.6,47.1,0.0,SW@8.6,15.0,50.5,49.3,22.8,0.0,1457,30.22,"LaCrosse, LaCrosse, Whitman County",300201,LaCrosse,2017-11-25 01:22:22.642052
2013-04-03,10:30,60.5,60.2,39.5,45.8,0.0,S@9.3,15.3,50.7,49.3,22.8,0.0,1515,30.21,"LaCrosse, LaCrosse, Whitman County",300201,LaCrosse,2017-11-25 01:22:22.642052
2013-04-03,10:45,60.9,60.9,38.5,43.3,0.0,SW@9.1,13.2,50.9,49.2,22.8,0.0,1518,30.21,"LaCrosse, LaCrosse, Whitman County",300201,LaCrosse,2017-11-25 01:22:22.642052
2013-04-03,11:00,61.0,60.8,37.8,42.0,0.0,SW@8.2,14.2,51.3,49.2,22.8,0.0,1531,30.2,"LaCrosse, LaCrosse, Whitman County",300201,LaCrosse,2017-11-25 01:22:22.642052
2013-04-03,11:15,62.1,62.0,37.1,39.4,0.0,SW@9.6,15.0,51.7,49.3,22.8,0.0,1555,30.2,"LaCrosse, LaCrosse, Whitman County",300201,LaCrosse,2017-11-25 01:22:22.642052
2013-04-03,11:30,62.4,62.2,37.0,38.9,0.0,SW@9.3,15.7,52.1,49.3,22.8,0.0,1572,30.19,"LaCrosse, LaCrosse, Whitman County",300201,LaCrosse,2017-11-25 01:22:22.642052
2013-04-03,11:45,62.7,62.5,37.0,38.4,0.0,S@10.6,16.0,52.5,49.3,22.8,0.0,1595,30.19,"LaCrosse, LaCrosse, Whitman County",300201,LaCrosse,2017-11-25 01:22:22.642052
2013-04-03,12:00,63.4,63.3,37.5,38.2,0.0,S@10.3,16.0,53.0,49.3,22.8,0.0,1593,30.18,"LaCrosse, LaCrosse, Whitman County",300201,LaCrosse,2017-11-25 01:22:22.642052
2013-04-03,12:15,64.0,63.9,36.7,36.2,0.0,SW@10.9,17.1,53.6,49.3,22.8,0.0,1589,30.18,"LaCrosse, LaCrosse, Whitman County",300201,LaCrosse,2017-11-25 01:22:22.642052
2013-04-03,12:30,64.9,64.7,36.3,34.5,0.0,SW@11.0,15.7,54.2,49.4,22.8,0.0,1579,30.18,"LaCrosse, LaCrosse, Whitman County",300201,LaCrosse,2017-11-25 01:22:22.642052
2013-04-03,12:45,65.3,65.2,36.9,34.9,0.0,SW@10.1,16.4,54.8,49.4,22.8,0.0,1550,30.18,"LaCrosse, LaCrosse, Whitman County",300201,LaCrosse,2017-11-25 01:22:22.642052
2013-04-03,13:00,65.3,65.1,37.3,35.4,0.0,SW@9.2,17.8,55.4,49.5,22.8,0.0,1498,30.18,"LaCrosse, LaCrosse, Whitman County",300201,LaCrosse,2017-11-25 01:22:22.642052
2013-04-03,13:15,66.5,66.3,36.4,32.9,0.0,SW@11.0,16.0,55.9,49.5,22.8,0.0,1495,30.18,"LaCrosse, LaCrosse, Whitman County",300201,LaCrosse,2017-11-25 01:22:22.642052
2013-04-03,13:30,66.6,66.4,36.4,32.7,0.0,SW@11.9,19.6,56.5,49.6,22.8,0.0,1448,30.17,"LaCrosse, LaCrosse, Whitman County",300201,LaCrosse,2017-11-25 01:22:22.642052
2013-04-03,13:45,67.1,66.8,36.7,32.5,0.0,SW@10.9,15.7,57.0,49.7,22.8,0.0,1379,30.17,"LaCrosse, LaCrosse, Whitman County",300201,LaCrosse,2017-11-25 01:22:22.642052
2013-04-03,14:00,67.2,67.2,35.6,31.0,0.0,SW@10.5,18.2,57.5,49.8,22.8,0.0,1268,30.17,"LaCrosse, LaCrosse, Whitman County",300201,LaCrosse,2017-11-25 01:22:22.642052
2013-04-03,14:15,67.1,66.9,34.7,30.0,0.0,SW@10.0,14.6,58.0,49.9,22.8,0.0,1232,30.16,"LaCrosse, LaCrosse, Whitman County",300201,LaCrosse,2017-11-25 01:22:22.642052
2013-04-03,14:30,67.2,67.1,34.2,29.4,0.0,SW@10.7,16.4,58.4,50.0,22.8,0.0,1064,30.16,"LaCrosse, LaCrosse, Whitman County",300201,LaCrosse,2017-11-25 01:22:22.642052
2013-04-03,14:45,67.4,67.2,32.7,27.4,0.0,SW@10.0,14.2,58.8,50.1,22.8,0.0,1025,30.16,"LaCrosse, LaCrosse, Whitman County",300201,LaCrosse,2017-11-25 01:22:22.642052
2013-04-03,15:00,67.0,66.9,32.8,28.0,0.0,SW@9.7,15.0,59.2,50.2,22.8,0.0,924,30.15,"LaCrosse, LaCrosse, Whitman County",300201,LaCrosse,2017-11-25 01:22:22.642052
2013-04-03,15:15,66.3,66.1,32.7,28.5,0.0,SW@9.7,14.2,59.4,50.3,22.8,0.0,719,30.15,"LaCrosse, LaCrosse, Whitman County",300201,LaCrosse,2017-11-25 01:22:22.642052
2013-04-03,15:30,65.9,65.8,33.0,29.2,0.0,SW@9.9,13.5,59.7,50.5,22.8,0.0,638,30.14,"LaCrosse, LaCrosse, Whitman County",300201,LaCrosse,2017-11-25 01:22:22.642052
2013-04-03,15:45,65.3,65.2,33.5,30.4,0.0,SW@9.8,12.4,59.8,50.6,22.8,0.0,524,30.14,"LaCrosse, LaCrosse, Whitman County",300201,LaCrosse,2017-11-25 01:22:22.642052
2013-04-03,16:00,65.1,65.0,33.3,30.5,0.0,W@8.6,11.0,60.0,50.7,22.8,0.0,465,30.14,"LaCrosse, LaCrosse, Whitman County",300201,LaCrosse,2017-11-25 01:22:22.642052
2013-04-03,16:15,64.8,64.8,33.5,31.0,0.0,W@7.4,9.2,60.0,50.9,22.8,0.0,396,30.14,"LaCrosse, LaCrosse, Whitman County",300201,LaCrosse,2017-11-25 01:22:22.642052
2013-04-03,16:30,64.6,64.7,33.9,31.7,0.0,W@7.0,9.9,60.0,51.0,22.8,0.0,349,30.14,"LaCrosse, LaCrosse, Whitman County",300201,LaCrosse,2017-11-25 01:22:22.642052
2013-04-03,16:45,64.3,64.2,35.0,33.5,0.0,W@6.5,8.9,60.0,51.1,22.8,0.0,293,30.14,"LaCrosse, LaCrosse, Whitman County",300201,LaCrosse,2017-11-25 01:22:22.642052
2013-04-03,17:00,63.1,63.0,37.7,38.9,0.0,SW@5.0,6.4,59.9,51.3,22.8,0.0,241,30.14,"LaCrosse, LaCrosse, Whitman County",300201,LaCrosse,2017-11-25 01:22:22.642052
2013-04-03,17:15,61.9,61.8,39.4,43.3,0.0,SW@3.9,5.3,59.8,51.4,22.8,0.0,179,30.14,"LaCrosse, LaCrosse, Whitman County",300201,LaCrosse,2017-11-25 01:22:22.642052
2013-04-03,17:30,61.1,60.9,39.6,45.1,0.0,SW@3.5,4.6,59.7,51.5,22.8,0.0,124,30.14,"LaCrosse, LaCrosse, Whitman County",300201,LaCrosse,2017-11-25 01:22:22.642052
2013-04-03,17:45,59.4,59.1,41.0,50.5,0.0,SW@3.2,3.9,59.5,51.6,22.8,0.0,82,30.13,"LaCrosse, LaCrosse, Whitman County",300201,LaCrosse,2017-11-25 01:22:22.642052
2013-04-03,18:00,57.1,56.9,41.2,55.1,0.0,S@3.4,3.9,59.3,51.7,22.8,0.0,47,30.13,"LaCrosse, LaCrosse, Whitman County",300201,LaCrosse,2017-11-25 01:22:22.642052
2013-04-03,18:15,56.1,56.1,39.2,52.8,0.0,S@2.7,3.5,59.1,51.8,22.8,0.0,22,30.13,"LaCrosse, LaCrosse, Whitman County",300201,LaCrosse,2017-11-25 01:22:22.642052
2013-04-03,18:30,53.3,52.8,38.2,56.4,0.0,E@3.0,4.2,58.9,51.9,22.8,0.0,7,30.12,"LaCrosse, LaCrosse, Whitman County",300201,LaCrosse,2017-11-25 01:22:22.642052
2013-04-03,18:45,50.3,50.0,38.4,63.4,0.0,E@3.2,4.2,58.7,52.0,22.8,0.0,1,30.11,"LaCrosse, LaCrosse, Whitman County",300201,LaCrosse,2017-11-25 01:22:22.642052
2013-04-03,19:00,48.4,48.1,37.4,65.6,0.0,E@3.3,4.2,58.4,52.1,22.8,0.0,0,30.11,"LaCrosse, LaCrosse, Whitman County",300201,LaCrosse,2017-11-25 01:22:22.642052
2013-04-03,19:15,47.3,47.1,37.1,67.5,0.0,E@3.8,4.9,58.1,52.2,22.8,0.0,0,30.11,"LaCrosse, LaCrosse, Whitman County",300201,LaCrosse,2017-11-25 01:22:22.642052
2013-04-03,19:30,46.5,46.3,37.1,69.8,0.0,E@3.4,4.9,57.8,52.2,22.8,0.0,0,30.1,"LaCrosse, LaCrosse, Whitman County",300201,LaCrosse,2017-11-25 01:22:22.642052
2013-04-03,19:45,45.8,45.6,36.5,69.7,0.0,E@4.7,6.4,57.5,52.3,22.8,0.0,0,30.1,"LaCrosse, LaCrosse, Whitman County",300201,LaCrosse,2017-11-25 01:22:22.642052
2013-04-03,20:00,45.7,45.6,37.0,71.5,0.0,E@5.8,7.1,57.2,52.3,22.8,0.0,0,30.1,"LaCrosse, LaCrosse, Whitman County",300201,LaCrosse,2017-11-25 01:22:22.642052
2013-04-03,20:15,44.5,44.3,36.1,72.0,0.0,E@5.9,7.1,56.8,52.4,22.8,0.0,0,30.1,"LaCrosse, LaCrosse, Whitman County",300201,LaCrosse,2017-11-25 01:22:22.642052
2013-04-03,20:30,43.8,43.6,35.9,73.5,0.0,E@5.4,6.7,56.5,52.4,22.8,0.0,0,30.1,"LaCrosse, LaCrosse, Whitman County",300201,LaCrosse,2017-11-25 01:22:22.642052
2013-04-03,20:45,43.2,43.1,35.7,74.6,0.0,E@5.4,6.4,56.2,52.5,22.8,0.0,0,30.1,"LaCrosse, LaCrosse, Whitman County",300201,LaCrosse,2017-11-25 01:22:22.642052
2013-04-03,21:00,43.1,42.9,35.4,74.0,0.0,E@5.2,6.4,55.9,52.5,22.8,0.0,0,30.1,"LaCrosse, LaCrosse, Whitman County",300201,LaCrosse,2017-11-25 01:22:22.642052
2013-04-03,21:15,42.9,42.7,35.1,73.8,0.0,E@5.1,6.0,55.5,52.5,22.8,0.0,0,30.1,"LaCrosse, LaCrosse, Whitman County",300201,LaCrosse,2017-11-25 01:22:22.642052
2013-04-03,21:30,41.6,41.3,34.5,75.7,0.0,E@4.5,5.7,55.2,52.5,22.8,0.0,0,30.1,"LaCrosse, LaCrosse, Whitman County",300201,LaCrosse,2017-11-25 01:22:22.642052
2013-04-03,21:45,41.2,41.0,34.5,77.0,0.0,E@4.3,6.0,54.9,52.5,22.8,0.0,0,30.1,"LaCrosse, LaCrosse, Whitman County",300201,LaCrosse,2017-11-25 01:22:22.642052
2013-04-03,22:00,41.7,41.6,34.9,76.5,0.0,E@4.4,5.7,54.6,52.5,22.8,0.0,0,30.09,"LaCrosse, LaCrosse, Whitman County",300201,LaCrosse,2017-11-25 01:22:22.642052
2013-04-03,22:15,42.5,42.4,35.3,75.4,0.0,E@6.3,8.2,54.3,52.5,22.8,0.0,0,30.09,"LaCrosse, LaCrosse, Whitman County",300201,LaCrosse,2017-11-25 01:22:22.642052
2013-04-03,22:30,43.2,43.2,35.6,74.4,0.0,E@6.2,7.4,54.1,52.4,22.8,0.0,0,30.09,"LaCrosse, LaCrosse, Whitman County",300201,LaCrosse,2017-11-25 01:22:22.642052
2013-04-03,22:45,43.6,43.5,35.5,73.0,0.0,NE@5.6,7.8,53.8,52.4,22.8,0.0,0,30.09,"LaCrosse, LaCrosse, Whitman County",300201,LaCrosse,2017-11-25 01:22:22.642052
2013-04-03,23:00,43.5,43.5,35.6,73.5,0.0,NE@4.7,8.5,53.6,52.4,22.8,0.0,0,30.08,"LaCrosse, LaCrosse, Whitman County",300201,LaCrosse,2017-11-25 01:22:22.642052
2013-04-04,23:15,44.9,44.9,35.4,69.3,0.0,E@6.6,8.5,53.3,52.3,22.8,0.0,0,30.08,"LaCrosse, LaCrosse, Whitman County",300201,LaCrosse,2017-11-25 01:22:22.642052
2013-04-04,23:30,44.2,44.0,35.7,71.7,0.0,E@5.7,7.4,53.1,52.3,22.8,0.0,0,30.08,"LaCrosse, LaCrosse, Whitman County",300201,LaCrosse,2017-11-25 01:22:22.642052
2013-04-04,23:45,44.4,44.4,35.8,71.5,0.0,E@6.8,9.2,52.9,52.2,22.8,0.0,0,30.07,"LaCrosse, LaCrosse, Whitman County",300201,LaCrosse,2017-11-25 01:22:22.642052
2013-04-04,24:00,44.8,44.7,35.6,70.1,0.0,E@7.3,8.9,52.7,52.2,22.8,0.0,0,30.07,"LaCrosse, LaCrosse, Whitman County",300201,LaCrosse,2017-11-25 01:22:22.642052
2013-04-04,00:15,44.4,44.3,35.7,71.4,0.0,E@7.3,8.5,52.5,52.2,22.8,0.0,0,30.07,"LaCrosse, LaCrosse, Whitman County",300201,LaCrosse,2017-11-25 01:22:22.642052
2013-04-04,00:30,44.5,44.4,35.4,70.2,0.0,E@7.3,8.9,52.3,52.1,22.8,0.0,0,30.07,"LaCrosse, LaCrosse, Whitman County",300201,LaCrosse,2017-11-25 01:22:22.642052
2013-04-04,00:45,44.1,44.0,35.4,71.3,0.0,E@7.2,9.2,52.1,52.0,22.8,0.0,0,30.06,"LaCrosse, LaCrosse, Whitman County",300201,LaCrosse,2017-11-25 01:22:22.642052
2013-04-04,01:00,44.0,43.9,35.3,71.1,0.0,E@7.4,9.2,51.9,52.0,22.8,0.0,0,30.05,"LaCrosse, LaCrosse, Whitman County",300201,LaCrosse,2017-11-25 01:22:22.642052
2013-04-04,01:15,43.4,43.2,35.2,72.5,0.0,E@6.9,9.2,51.7,51.9,22.8,0.0,0,30.05,"LaCrosse, LaCrosse, Whitman County",300201,LaCrosse,2017-11-25 01:22:22.642052
2013-04-04,01:30,44.3,44.3,35.4,70.7,0.0,E@6.7,8.5,51.5,51.9,22.8,0.0,0,30.05,"LaCrosse, LaCrosse, Whitman County",300201,LaCrosse,2017-11-25 01:22:22.642052
2013-04-04,01:45,43.7,43.6,35.2,71.6,0.0,E@5.8,7.4,51.4,51.8,22.8,0.0,0,30.04,"LaCrosse, LaCrosse, Whitman County",300201,LaCrosse,2017-11-25 01:22:22.642052
2013-04-04,02:00,44.2,44.0,35.2,70.3,0.0,E@5.5,7.4,51.2,51.7,22.8,0.0,0,30.04,"LaCrosse, LaCrosse, Whitman County",300201,LaCrosse,2017-11-25 01:22:22.642052
2013-04-04,02:15,42.9,42.7,35.0,73.5,0.0,E@5.2,6.0,51.0,51.7,22.8,0.0,0,30.03,"LaCrosse, LaCrosse, Whitman County",300201,LaCrosse,2017-11-25 01:22:22.642052
2013-04-04,02:30,43.2,43.1,35.3,73.5,0.0,E@5.6,6.7,50.9,51.6,22.8,0.0,0,30.03,"LaCrosse, LaCrosse, Whitman County",300201,LaCrosse,2017-11-25 01:22:22.642052
2013-04-04,02:45,43.1,42.9,35.5,74.4,0.0,E@5.2,6.4,50.7,51.5,22.8,0.0,0,30.02,"LaCrosse, LaCrosse, Whitman County",300201,LaCrosse,2017-11-25 01:22:22.642052
2013-04-04,03:00,43.6,43.6,35.8,73.7,0.0,E@5.4,6.7,50.5,51.5,22.8,0.0,0,30.02,"LaCrosse, LaCrosse, Whitman County",300201,LaCrosse,2017-11-25 01:22:22.642052
2013-04-04,03:15,43.9,43.8,36.1,73.9,0.0,E@5.3,6.4,50.4,51.4,22.8,0.0,0,30.01,"LaCrosse, LaCrosse, Whitman County",300201,LaCrosse,2017-11-25 01:22:22.642052
2013-04-04,03:30,44.7,44.8,36.2,71.7,0.0,E@6.6,8.5,50.3,51.4,22.8,0.0,0,30.01,"LaCrosse, LaCrosse, Whitman County",300201,LaCrosse,2017-11-25 01:22:22.642052
2013-04-04,03:45,45.0,44.9,35.9,70.3,0.0,E@6.2,7.8,50.1,51.3,22.8,0.0,0,30.0,"LaCrosse, LaCrosse, Whitman County",300201,LaCrosse,2017-11-25 01:22:22.642052
2013-04-04,04:00,44.9,44.9,36.1,70.8,0.0,E@7.0,8.2,50.0,51.2,22.8,0.0,0,29.99,"LaCrosse, LaCrosse, Whitman County",300201,LaCrosse,2017-11-25 01:22:22.642052
2013-04-04,04:15,44.6,44.5,35.9,71.3,0.0,E@6.3,7.1,49.9,51.2,22.8,0.0,0,29.99,"LaCrosse, LaCrosse, Whitman County",300201,LaCrosse,2017-11-25 01:22:22.642052
2013-04-04,04:30,45.2,45.1,35.7,69.2,0.0,E@5.9,7.4,49.8,51.1,22.8,0.0,0,29.98,"LaCrosse, LaCrosse, Whitman County",300201,LaCrosse,2017-11-25 01:22:22.642052
2013-04-04,04:45,44.7,44.6,35.7,70.5,0.0,E@6.0,7.1,49.7,51.0,22.8,0.0,0,29.98,"LaCrosse, LaCrosse, Whitman County",300201,LaCrosse,2017-11-25 01:22:22.642052
2013-04-04,05:00,44.7,44.6,36.3,72.3,0.0,E@5.9,7.1,49.6,51.0,22.8,0.0,0,29.97,"LaCrosse, LaCrosse, Whitman County",300201,LaCrosse,2017-11-25 01:22:22.642052
2013-04-04,05:15,46.0,46.0,36.5,69.2,0.0,E@6.0,6.7,49.5,50.9,22.8,0.0,0,29.97,"LaCrosse, LaCrosse, Whitman County",300201,LaCrosse,2017-11-25 01:22:22.642052
2013-04-04,05:30,45.6,45.5,36.7,70.7,0.0,E@5.9,6.7,49.4,50.8,22.8,0.0,5,29.96,"LaCrosse, LaCrosse, Whitman County",300201,LaCrosse,2017-11-25 01:22:22.642052
2013-04-04,05:45,45.5,45.5,36.9,71.8,0.0,E@6.2,7.4,49.3,50.8,22.8,0.0,19,29.96,"LaCrosse, LaCrosse, Whitman County",300201,LaCrosse,2017-11-25 01:22:22.642052
2013-04-04,06:00,47.3,47.4,37.6,68.9,0.0,E@5.7,8.2,49.2,50.7,22.8,0.0,38,29.95,"LaCrosse, LaCrosse, Whitman County",300201,LaCrosse,2017-11-25 01:22:22.642052
2013-04-04,06:15,49.0,49.1,38.0,65.6,0.0,E@7.7,9.9,49.1,50.6,22.8,0.0,61,29.95,"LaCrosse, LaCrosse, Whitman County",300201,LaCrosse,2017-11-25 01:22:22.642052
2013-04-04,06:30,50.8,50.9,37.9,61.2,0.0,E@9.1,11.7,49.1,50.6,22.8,0.0,83,29.95,"LaCrosse, LaCrosse, Whitman County",300201,LaCrosse,2017-11-25 01:22:22.642052
2013-04-04,06:45,51.9,52.0,37.8,58.4,0.0,E@9.7,12.4,49.0,50.5,22.8,0.0,137,29.95,"LaCrosse, LaCrosse, Whitman County",300201,LaCrosse,2017-11-25 01:22:22.642052
2013-04-04,07:00,52.6,52.6,38.3,58.0,0.0,E@9.7,12.4,49.0,50.5,22.8,0.0,202,29.95,"LaCrosse, LaCrosse, Whitman County",300201,LaCrosse,2017-11-25 01:22:22.642052
2013-04-04,07:15,53.6,53.8,38.8,57.0,0.0,E@10.4,13.9,49.0,50.4,22.8,0.0,273,29.94,"LaCrosse, LaCrosse, Whitman County",300201,LaCrosse,2017-11-25 01:22:22.642052
2013-04-04,07:30,55.4,55.5,38.8,53.4,0.0,E@9.8,13.2,49.0,50.4,22.8,0.0,291,29.95,"LaCrosse, LaCrosse, Whitman County",300201,LaCrosse,2017-11-25 01:22:22.642052
2013-04-04,07:45,56.0,56.1,39.2,53.1,0.0,SE@7.3,10.3,49.1,50.3,22.8,0.0,235,29.95,"LaCrosse, LaCrosse, Whitman County",300201,LaCrosse,2017-11-25 01:22:22.642052
2013-04-04,08:00,56.8,56.8,38.8,50.9,0.0,SE@7.0,8.9,49.1,50.3,22.8,0.0,322,29.95,"LaCrosse, LaCrosse, Whitman County",300201,LaCrosse,2017-11-25 01:22:22.642052
2013-04-04,08:15,57.2,57.3,38.8,50.1,0.0,SE@5.6,8.9,49.2,50.2,22.8,0.0,312,29.95,"LaCrosse, LaCrosse, Whitman County",300201,LaCrosse,2017-11-25 01:22:22.642052
2013-04-04,08:30,57.8,57.9,38.6,48.8,0.0,E@5.3,9.6,49.4,50.1,22.8,0.0,320,29.95,"LaCrosse, LaCrosse, Whitman County",300201,LaCrosse,2017-11-25 01:22:22.642052
2013-04-04,08:45,58.3,58.3,38.1,46.8,0.0,E@8.9,11.7,49.5,50.1,22.8,0.0,276,29.94,"LaCrosse, LaCrosse, Whitman County",300201,LaCrosse,2017-11-25 01:22:22.642052
2013-04-04,09:00,57.9,57.9,39.1,49.6,0.0,E@8.6,13.2,49.7,50.1,22.8,0.0,222,29.93,"LaCrosse, LaCrosse, Whitman County",300201,LaCrosse,2017-11-25 01:22:22.642052
2013-04-04,09:15,58.6,58.8,38.6,47.3,0.0,E@9.7,13.2,49.8,50.0,22.8,0.0,260,29.92,"LaCrosse, LaCrosse, Whitman County",300201,LaCrosse,2017-11-25 01:22:22.642052
2013-04-04,09:30,59.5,59.7,38.8,46.1,0.0,E@10.3,12.8,50.0,50.0,22.8,0.0,304,29.92,"LaCrosse, LaCrosse, Whitman County",300201,LaCrosse,2017-11-25 01:22:22.642052
2013-04-04,09:45,60.4,60.5,39.3,45.5,0.0,E@10.0,14.2,50.2,49.9,22.8,0.0,299,29.92,"LaCrosse, LaCrosse, Whitman County",300201,LaCrosse,2017-11-25 01:22:22.642052
2013-04-04,10:00,60.5,60.6,40.7,47.8,0.0,E@7.8,12.8,50.3,49.9,22.8,0.0,79,29.93,"LaCrosse, LaCrosse, Whitman County",300201,LaCrosse,2017-11-25 01:22:22.642052
2013-04-04,10:15,61.6,61.7,39.8,44.4,0.0,E@11.2,15.0,50.5,49.9,22.8,0.0,154,29.92,"LaCrosse, LaCrosse, Whitman County",300201,LaCrosse,2017-11-25 01:22:22.642052
2013-04-04,10:30,61.9,61.9,39.5,43.5,0.0,E@10.2,15.7,50.6,49.9,22.8,0.0,110,29.9,"LaCrosse, LaCrosse, Whitman County",300201,LaCrosse,2017-11-25 01:22:22.642052
2013-04-04,10:45,62.0,62.1,40.0,44.1,0.0,E@10.6,15.3,50.8,49.9,22.7,0.0,154,29.9,"LaCrosse, LaCrosse, Whitman County",300201,LaCrosse,2017-11-25 01:22:22.642052
2013-04-04,11:00,62.2,62.3,40.0,43.9,0.0,E@7.8,14.2,51.0,49.8,22.8,0.0,145,29.89,"LaCrosse, LaCrosse, Whitman County",300201,LaCrosse,2017-11-25 01:22:22.642052
2013-04-04,11:15,,,,0.0,,0.0,99999.0,,,0.0,0.0,0,,"LaCrosse, LaCrosse, Whitman County",300201,LaCrosse,2017-11-25 01:22:22.642052
2013-04-04,11:30,61.6,61.7,42.5,49.4,0.19,E@6.9,11.0,51.3,49.8,22.8,0.0,110,29.63,"LaCrosse, LaCrosse, Whitman County",300201,LaCrosse,2017-11-25 01:22:22.642052
2013-04-04,11:45,61.4,61.3,43.2,51.2,0.05,SE@4.2,6.7,51.4,49.8,22.7,0.0,144,29.88,"LaCrosse, LaCrosse, Whitman County",300201,LaCrosse,2017-11-25 01:22:22.642052
2013-04-04,12:00,62.2,62.2,43.0,49.2,0.0,E@2.8,4.6,51.6,49.8,22.7,0.0,197,29.87,"LaCrosse, LaCrosse, Whitman County",300201,LaCrosse,2017-11-25 01:22:22.642052
2013-04-04,12:15,62.9,62.9,42.7,47.5,0.0,S@2.9,6.4,51.7,49.8,22.7,0.0,184,29.87,"LaCrosse, LaCrosse, Whitman County",300201,LaCrosse,2017-11-25 01:22:22.642052
2013-04-04,12:30,62.8,62.8,42.3,47.0,0.0,SE@8.7,13.5,51.9,49.8,22.7,0.0,203,29.61,"LaCrosse, LaCrosse, Whitman County",300201,LaCrosse,2017-11-25 01:22:22.642052
2013-04-04,12:45,62.3,62.1,42.6,48.3,0.0,S@12.0,19.6,52.0,49.8,22.7,0.0,180,29.89,"LaCrosse, LaCrosse, Whitman County",300201,LaCrosse,2017-11-25 01:22:22.642052
2013-04-04,13:00,59.3,59.1,43.0,54.7,0.0,SW@14.1,19.6,52.1,49.8,22.7,0.0,126,29.89,"LaCrosse, LaCrosse, Whitman County",300201,LaCrosse,2017-11-25 01:22:22.642052
2013-04-04,13:15,58.6,58.5,42.6,55.2,0.0,SW@13.7,20.7,52.3,49.9,22.7,0.0,162,29.89,"LaCrosse, LaCrosse, Whitman County",300201,LaCrosse,2017-11-25 01:22:22.642052
2013-04-04,13:30,57.7,57.6,41.8,55.3,0.0,SW@15.8,21.0,52.4,49.9,22.7,0.0,77,29.91,"LaCrosse, LaCrosse, Whitman County",300201,LaCrosse,2017-11-25 01:22:22.642052
2013-04-04,13:45,56.9,56.9,41.4,56.0,0.0,SW@12.1,17.1,52.5,49.9,22.7,0.0,64,29.91,"LaCrosse, LaCrosse, Whitman County",300201,LaCrosse,2017-11-25 01:22:22.642052
2013-04-04,14:00,57.1,57.2,41.6,56.1,0.0,SW@9.6,13.5,52.6,49.9,22.7,0.0,82,29.9,"LaCrosse, LaCrosse, Whitman County",300201,LaCrosse,2017-11-25 01:22:22.642052
2013-04-04,14:15,56.8,56.7,42.9,59.7,0.33,SW@9.1,11.7,52.7,49.9,22.7,0.0,71,29.9,"LaCrosse, LaCrosse, Whitman County",300201,LaCrosse,2017-11-25 01:22:22.642052
2013-04-04,14:30,55.4,55.3,45.4,68.9,0.74,SW@6.5,9.6,52.7,50.0,22.7,0.0,59,29.9,"LaCrosse, LaCrosse, Whitman County",300201,LaCrosse,2017-11-25 01:22:22.642052
2013-04-04,14:45,55.1,55.0,45.6,70.3,0.84,SW@6.4,9.6,52.7,50.0,22.7,0.0,76,29.89,"LaCrosse, LaCrosse, Whitman County",300201,LaCrosse,2017-11-25 01:22:22.642052
2013-04-04,15:00,55.4,55.5,44.8,67.2,0.44,SW@8.0,10.7,52.7,50.0,22.7,0.0,118,29.89,"LaCrosse, LaCrosse, Whitman County",300201,LaCrosse,2017-11-25 01:22:22.642052
2013-04-04,15:15,55.9,55.9,44.0,64.2,0.0,SW@8.8,13.2,52.7,50.1,22.7,0.0,111,29.88,"LaCrosse, LaCrosse, Whitman County",300201,LaCrosse,2017-11-25 01:22:22.642052
2013-04-04,15:30,56.1,56.1,44.3,64.2,0.0,S@7.9,11.0,52.7,50.1,22.7,0.0,161,29.89,"LaCrosse, LaCrosse, Whitman County",300201,LaCrosse,2017-11-25 01:22:22.642052
2013-04-04,15:45,56.4,56.3,44.6,64.3,0.12,SW@9.1,11.4,52.7,50.1,22.7,0.0,188,29.89,"LaCrosse, LaCrosse, Whitman County",300201,LaCrosse,2017-11-25 01:22:22.642052
2013-04-04,16:00,55.6,55.5,45.5,68.6,0.8,SW@6.8,9.2,52.7,50.2,22.7,0.0,136,29.89,"LaCrosse, LaCrosse, Whitman County",300201,LaCrosse,2017-11-25 01:22:22.642052
2013-04-04,16:15,55.1,55.0,46.4,72.2,0.95,S@6.8,9.2,52.7,50.2,22.7,0.0,143,29.89,"LaCrosse, LaCrosse, Whitman County",300201,LaCrosse,2017-11-25 01:22:22.642052
2013-04-04,16:30,54.8,54.7,46.0,72.1,0.93,SW@5.9,8.2,52.7,50.2,22.7,0.0,116,29.88,"LaCrosse, LaCrosse, Whitman County",300201,LaCrosse,2017-11-25 01:22:22.642052
2013-04-04,16:45,54.8,54.8,46.4,73.1,0.86,S@4.6,7.1,52.7,50.2,22.7,0.0,102,29.88,"LaCrosse, LaCrosse, Whitman County",300201,LaCrosse,2017-11-25 01:22:22.642052
2013-04-04,17:00,54.9,54.9,46.1,72.0,0.6,SE@2.8,5.3,52.7,50.3,22.7,0.0,94,29.87,"LaCrosse, LaCrosse, Whitman County",300201,LaCrosse,2017-11-25 01:22:22.642052
2013-04-04,17:15,55.2,55.2,46.3,71.6,0.1,SE@3.7,5.7,52.8,50.3,22.7,0.0,121,29.87,"LaCrosse, LaCrosse, Whitman County",300201,LaCrosse,2017-11-25 01:22:22.642052
2013-04-04,17:30,55.8,55.5,46.0,69.6,0.0,E@4.3,6.0,52.8,50.3,22.7,0.0,125,29.86,"LaCrosse, LaCrosse, Whitman County",300201,LaCrosse,2017-11-25 01:22:22.642052
2013-04-04,17:45,54.2,53.9,45.5,72.4,0.0,E@4.0,6.0,52.8,50.3,22.7,0.0,30,29.85,"LaCrosse, LaCrosse, Whitman County",300201,LaCrosse,2017-11-25 01:22:22.642052
2013-04-04,18:00,52.6,52.5,45.9,77.9,0.0,E@4.2,5.7,52.8,50.3,22.7,0.0,15,29.84,"LaCrosse, LaCrosse, Whitman County",300201,LaCrosse,2017-11-25 01:22:22.642052
2013-04-04,18:15,52.3,52.3,46.2,79.5,0.04,E@5.2,7.4,52.8,50.3,22.7,0.0,13,29.84,"LaCrosse, LaCrosse, Whitman County",300201,LaCrosse,2017-11-25 01:22:22.642052
2013-04-04,18:30,52.4,52.3,46.0,78.6,0.0,E@5.5,8.5,52.7,50.4,22.7,0.0,4,29.84,"LaCrosse, LaCrosse, Whitman County",300201,LaCrosse,2017-11-25 01:22:22.642052
2013-04-04,18:45,52.0,51.9,46.2,80.7,0.08,E@3.8,5.7,52.6,50.4,22.7,0.0,0,29.84,"LaCrosse, LaCrosse, Whitman County",300201,LaCrosse,2017-11-25 01:22:22.642052
2013-04-04,19:00,51.9,51.7,46.3,81.2,0.53,NW@2.9,7.4,52.5,50.4,22.7,0.0,0,29.85,"LaCrosse, LaCrosse, Whitman County",300201,LaCrosse,2017-11-25 01:22:22.642052
2013-04-04,19:15,52.2,52.2,46.4,80.8,0.57,W@5.6,10.3,52.4,50.4,22.7,0.0,0,29.87,"LaCrosse, LaCrosse, Whitman County",300201,LaCrosse,2017-11-25 01:22:22.642052
2013-04-04,19:30,52.9,52.9,46.3,78.2,0.76,SW@6.1,8.2,52.3,50.4,22.7,0.01,0,29.89,"LaCrosse, LaCrosse, Whitman County",300201,LaCrosse,2017-11-25 01:22:22.642052
2013-04-04,19:45,52.8,52.8,46.6,79.4,1.0,S@9.7,15.7,52.3,50.4,22.8,0.04,0,29.9,"LaCrosse, LaCrosse, Whitman County",300201,LaCrosse,2017-11-25 01:22:22.642052
2013-04-04,20:00,52.4,52.4,46.7,80.9,1.0,SW@14.8,21.4,52.2,50.5,22.8,0.07,0,29.92,"LaCrosse, LaCrosse, Whitman County",300201,LaCrosse,2017-11-25 01:22:22.642052
2013-04-04,20:15,51.7,51.7,46.4,82.0,0.98,S@9.0,12.8,52.1,50.5,22.8,0.04,0,29.9,"LaCrosse, LaCrosse, Whitman County",300201,LaCrosse,2017-11-25 01:22:22.642052
2013-04-04,20:30,51.3,51.4,46.0,81.9,0.94,SE@8.2,12.1,52.0,50.5,22.8,0.0,0,29.9,"LaCrosse, LaCrosse, Whitman County",300201,LaCrosse,2017-11-25 01:22:22.642052
2013-04-04,20:45,51.0,51.0,46.3,83.6,0.94,SE@7.8,11.0,51.9,50.5,22.8,0.0,0,29.91,"LaCrosse, LaCrosse, Whitman County",300201,LaCrosse,2017-11-25 01:22:22.642052
2013-04-04,21:00,51.0,51.0,46.0,83.0,0.94,SE@6.8,9.9,51.8,50.5,22.8,0.0,0,29.91,"LaCrosse, LaCrosse, Whitman County",300201,LaCrosse,2017-11-25 01:22:22.642052
2013-04-04,21:15,51.0,51.0,45.4,81.1,0.94,S@5.6,11.0,51.7,50.5,22.8,0.0,0,29.91,"LaCrosse, LaCrosse, Whitman County",300201,LaCrosse,2017-11-25 01:22:22.642052
2013-04-04,21:30,50.7,50.7,45.0,80.8,0.94,S@5.0,8.5,51.7,50.5,22.8,0.0,0,29.91,"LaCrosse, LaCrosse, Whitman County",300201,LaCrosse,2017-11-25 01:22:22.642052
2013-04-04,21:45,50.5,50.5,44.7,80.2,0.93,S@5.7,9.9,51.6,50.5,22.8,0.0,0,29.91,"LaCrosse, LaCrosse, Whitman County",300201,LaCrosse,2017-11-25 01:22:22.642052
2013-04-04,22:00,50.0,50.0,44.4,81.0,0.92,S@3.6,5.7,51.4,50.5,22.8,0.0,0,29.91,"LaCrosse, LaCrosse, Whitman County",300201,LaCrosse,2017-11-25 01:22:22.642052
2013-04-04,22:15,50.3,50.4,44.2,79.4,0.9,S@5.1,9.6,51.3,50.5,22.8,0.0,0,29.91,"LaCrosse, LaCrosse, Whitman County",300201,LaCrosse,2017-11-25 01:22:22.642052
2013-04-04,22:30,50.1,50.1,44.0,79.4,0.87,S@6.6,10.3,51.2,50.5,22.8,0.0,0,29.91,"LaCrosse, LaCrosse, Whitman County",300201,LaCrosse,2017-11-25 01:22:22.642052
2013-04-04,22:45,50.2,50.3,43.7,78.4,0.79,S@10.5,17.1,51.1,50.4,22.8,0.0,0,29.91,"LaCrosse, LaCrosse, Whitman County",300201,LaCrosse,2017-11-25 01:22:22.642052
2013-04-04,23:00,50.7,50.7,43.4,75.9,0.53,S@11.7,16.0,51.0,50.4,22.8,0.0,0,29.91,"LaCrosse, LaCrosse, Whitman County",300201,LaCrosse,2017-11-25 01:22:22.642052
2013-04-05,23:15,50.5,50.5,43.2,76.1,0.2,S@12.1,17.5,50.9,50.4,22.8,0.0,0,29.91,"LaCrosse, LaCrosse, Whitman County",300201,LaCrosse,2017-11-25 01:22:22.642052
2013-04-05,23:30,50.5,50.5,43.1,75.3,0.01,SW@11.4,15.3,50.8,50.4,22.8,0.0,0,29.92,"LaCrosse, LaCrosse, Whitman County",300201,LaCrosse,2017-11-25 01:22:22.642052
2013-04-05,23:45,50.1,50.0,43.2,76.9,0.0,S@8.1,11.7,50.6,50.4,22.8,0.0,0,29.92,"LaCrosse, LaCrosse, Whitman County",300201,LaCrosse,2017-11-25 01:22:22.642052
2013-04-05,24:00,49.8,49.7,43.1,77.8,0.02,S@7.6,12.4,50.5,50.4,22.8,0.0,0,29.92,"LaCrosse, LaCrosse, Whitman County",300201,LaCrosse,2017-11-25 01:22:22.642052
2013-04-05,00:15,49.6,49.6,43.1,78.2,0.05,S@8.4,13.9,50.4,50.3,22.8,0.0,0,29.92,"LaCrosse, LaCrosse, Whitman County",300201,LaCrosse,2017-11-25 01:22:22.642052
2013-04-05,00:30,49.6,49.5,43.1,78.2,0.05,S@8.4,12.8,50.3,50.3,22.7,0.0,0,29.93,"LaCrosse, LaCrosse, Whitman County",300201,LaCrosse,2017-11-25 01:22:22.642052
2013-04-05,00:45,50.1,50.0,43.2,77.1,0.01,S@8.5,13.9,50.2,50.3,22.8,0.0,0,29.93,"LaCrosse, LaCrosse, Whitman County",300201,LaCrosse,2017-11-25 01:22:22.642052
2013-04-05,01:00,50.2,50.1,43.2,77.0,0.0,SW@8.5,11.7,50.0,50.3,22.8,0.0,0,29.93,"LaCrosse, LaCrosse, Whitman County",300201,LaCrosse,2017-11-25 01:22:22.642052
2013-04-05,01:15,51.0,51.1,43.7,76.1,0.0,SW@11.6,16.0,49.9,50.2,22.8,0.0,0,29.93,"LaCrosse, LaCrosse, Whitman County",300201,LaCrosse,2017-11-25 01:22:22.642052
2013-04-05,01:30,51.1,51.1,44.0,76.3,0.0,S@8.9,13.2,49.8,50.2,22.8,0.0,0,29.93,"LaCrosse, LaCrosse, Whitman County",300201,LaCrosse,2017-11-25 01:22:22.642052
2013-04-05,01:45,50.6,50.5,43.9,77.7,0.0,S@6.7,8.9,49.7,50.2,22.8,0.0,0,29.93,"LaCrosse, LaCrosse, Whitman County",300201,LaCrosse,2017-11-25 01:22:22.642052
2013-04-05,02:00,49.5,49.4,43.5,79.6,0.05,S@5.5,8.2,49.7,50.2,22.7,0.0,0,29.93,"LaCrosse, LaCrosse, Whitman County",300201,LaCrosse,2017-11-25 01:22:22.642052
2013-04-05,02:15,49.5,49.5,43.5,79.7,0.05,S@5.8,8.5,49.6,50.1,22.7,0.0,0,29.93,"LaCrosse, LaCrosse, Whitman County",300201,LaCrosse,2017-11-25 01:22:22.642052
2013-04-05,02:30,49.2,49.1,43.2,79.7,0.08,S@4.0,6.4,49.5,50.1,22.7,0.0,0,29.93,"LaCrosse, LaCrosse, Whitman County",300201,LaCrosse,2017-11-25 01:22:22.642052
2013-04-05,02:45,48.9,48.8,43.1,80.3,0.1,S@4.2,6.4,49.5,50.1,22.7,0.0,0,29.93,"LaCrosse, LaCrosse, Whitman County",300201,LaCrosse,2017-11-25 01:22:22.642052
2013-04-05,03:00,49.4,49.4,43.1,78.8,0.03,S@5.6,10.7,49.4,50.0,22.7,0.0,0,29.93,"LaCrosse, LaCrosse, Whitman County",300201,LaCrosse,2017-11-25 01:22:22.642052
2013-04-05,03:15,49.3,49.3,42.6,77.4,0.0,S@6.5,11.7,49.4,50.0,22.7,0.0,0,29.94,"LaCrosse, LaCrosse, Whitman County",300201,LaCrosse,2017-11-25 01:22:22.642052
2013-04-05,03:30,48.5,48.3,42.0,78.0,0.04,S@4.9,7.1,49.3,50.0,22.7,0.0,0,29.94,"LaCrosse, LaCrosse, Whitman County",300201,LaCrosse,2017-11-25 01:22:22.642052
2013-04-05,03:45,47.5,47.4,41.4,79.3,0.08,S@5.2,7.1,49.2,49.9,22.7,0.0,0,29.94,"LaCrosse, LaCrosse, Whitman County",300201,LaCrosse,2017-11-25 01:22:22.642052
2013-04-05,04:00,48.2,48.1,41.2,76.7,0.01,S@6.5,10.3,49.1,49.9,22.7,0.0,0,29.94,"LaCrosse, LaCrosse, Whitman County",300201,LaCrosse,2017-11-25 01:22:22.642052
2013-04-05,04:15,47.2,47.0,40.4,77.2,0.06,S@5.8,8.2,49.0,49.9,22.7,0.0,0,29.94,"LaCrosse, LaCrosse, Whitman County",300201,LaCrosse,2017-11-25 01:22:22.642052
2013-04-05,04:30,46.6,46.5,40.1,77.9,0.08,S@6.3,10.3,48.9,49.8,22.7,0.0,0,29.94,"LaCrosse, LaCrosse, Whitman County",300201,LaCrosse,2017-11-25 01:22:22.642052
2013-04-05,04:45,46.3,46.2,39.6,77.4,0.06,S@7.9,11.7,48.8,49.8,22.7,0.0,0,29.94,"LaCrosse, LaCrosse, Whitman County",300201,LaCrosse,2017-11-25 01:22:22.642052
2013-04-05,05:00,45.9,45.8,39.1,77.0,0.0,S@7.9,11.4,48.7,49.7,22.7,0.0,0,29.94,"LaCrosse, LaCrosse, Whitman County",300201,LaCrosse,2017-11-25 01:22:22.642052
2013-04-05,05:15,45.4,45.3,38.6,76.8,0.02,S@6.2,8.9,48.6,49.7,22.7,0.0,0,29.94,"LaCrosse, LaCrosse, Whitman County",300201,LaCrosse,2017-11-25 01:22:22.642052
2013-04-05,05:30,45.1,44.9,38.3,76.9,0.04,S@5.8,8.2,48.5,49.7,22.7,0.0,4,29.94,"LaCrosse, LaCrosse, Whitman County",300201,LaCrosse,2017-11-25 01:22:22.642052
2013-04-05,05:45,44.9,44.9,38.2,77.2,0.04,S@7.2,13.2,48.3,49.6,22.7,0.0,16,29.94,"LaCrosse, LaCrosse, Whitman County",300201,LaCrosse,2017-11-25 01:22:22.642052
2013-04-05,06:00,45.9,45.7,38.7,75.9,0.0,S@8.5,12.1,48.2,49.6,22.7,0.0,59,29.94,"LaCrosse, LaCrosse, Whitman County",300201,LaCrosse,2017-11-25 01:22:22.642052
2013-04-05,06:15,46.7,46.7,39.4,75.6,0.0,S@8.1,10.7,48.1,49.6,22.7,0.0,112,29.95,"LaCrosse, LaCrosse, Whitman County",300201,LaCrosse,2017-11-25 01:22:22.642052
2013-04-05,06:30,47.1,47.0,39.8,75.3,0.0,S@7.1,9.9,47.9,49.5,22.7,0.0,79,29.95,"LaCrosse, LaCrosse, Whitman County",300201,LaCrosse,2017-11-25 01:22:22.642052
2013-04-05,06:45,47.9,47.8,40.3,74.9,0.0,S@7.6,11.0,47.9,49.5,22.7,0.0,95,29.95,"LaCrosse, LaCrosse, Whitman County",300201,LaCrosse,2017-11-25 01:22:22.642052
2013-04-05,07:00,49.0,49.0,40.4,71.9,0.0,S@9.5,12.4,47.8,49.5,22.7,0.0,112,29.96,"LaCrosse, LaCrosse, Whitman County",300201,LaCrosse,2017-11-25 01:22:22.642052
2013-04-05,07:15,49.6,49.5,40.2,69.9,0.0,S@10.0,14.6,47.8,49.4,22.7,0.0,98,29.96,"LaCrosse, LaCrosse, Whitman County",300201,LaCrosse,2017-11-25 01:22:22.642052
2013-04-05,07:30,49.8,49.7,40.2,69.3,0.01,S@9.7,13.5,47.8,49.4,22.7,0.0,68,29.96,"LaCrosse, LaCrosse, Whitman County",300201,LaCrosse,2017-11-25 01:22:22.642052
2013-04-05,07:45,50.0,49.9,39.9,68.1,0.0,SW@11.8,16.0,47.9,49.3,22.7,0.0,59,29.96,"LaCrosse, LaCrosse, Whitman County",300201,LaCrosse,2017-11-25 01:22:22.642052
2013-04-05,08:00,50.2,50.2,39.6,66.9,0.0,SW@13.3,17.8,47.9,49.3,22.7,0.0,60,29.96,"LaCrosse, LaCrosse, Whitman County",300201,LaCrosse,2017-11-25 01:22:22.642052
2013-04-05,08:15,50.4,50.4,39.6,66.3,0.0,SW@12.5,17.1,48.0,49.3,22.7,0.0,68,29.96,"LaCrosse, LaCrosse, Whitman County",300201,LaCrosse,2017-11-25 01:22:22.642052
2013-04-05,08:30,50.5,50.4,39.5,65.8,0.0,S@14.4,20.0,48.0,49.2,22.7,0.0,82,29.96,"LaCrosse, LaCrosse, Whitman County",300201,LaCrosse,2017-11-25 01:22:22.642052
2013-04-05,08:45,50.8,50.8,39.5,65.1,0.0,S@14.2,20.7,48.1,49.2,22.7,0.0,103,29.97,"LaCrosse, LaCrosse, Whitman County",300201,LaCrosse,2017-11-25 01:22:22.642052
2013-04-05,09:00,51.3,51.3,39.6,64.1,0.0,S@14.3,19.2,48.1,49.1,22.7,0.0,128,29.97,"LaCrosse, LaCrosse, Whitman County",300201,LaCrosse,2017-11-25 01:22:22.642052
2013-04-05,09:15,51.9,51.9,39.5,62.4,0.0,SW@15.6,21.8,48.2,49.1,22.7,0.0,153,29.97,"LaCrosse, LaCrosse, Whitman County",300201,LaCrosse,2017-11-25 01:22:22.642052
2013-04-05,09:30,52.4,52.4,39.9,62.3,0.0,SW@14.8,21.4,48.2,49.1,22.7,0.0,175,29.98,"LaCrosse, LaCrosse, Whitman County",300201,LaCrosse,2017-11-25 01:22:22.642052
2013-04-05,09:45,52.8,52.8,40.5,62.6,0.0,SW@15.1,20.7,48.3,49.1,22.7,0.0,186,29.98,"LaCrosse, LaCrosse, Whitman County",300201,LaCrosse,2017-11-25 01:22:22.642052
2013-04-05,10:00,53.3,53.2,40.8,62.5,0.0,SW@16.2,22.1,48.4,49.0,22.7,0.0,207,29.99,"LaCrosse, LaCrosse, Whitman County",300201,LaCrosse,2017-11-25 01:22:22.642052
2013-04-05,10:15,53.7,53.6,40.4,60.6,0.0,SW@18.1,25.3,48.5,49.0,22.7,0.0,258,29.99,"LaCrosse, LaCrosse, Whitman County",300201,LaCrosse,2017-11-25 01:22:22.642052
2013-04-05,10:30,54.0,53.9,40.3,59.7,0.0,SW@19.0,27.5,48.6,49.0,22.7,0.0,307,29.99,"LaCrosse, LaCrosse, Whitman County",300201,LaCrosse,2017-11-25 01:22:22.642052
2013-04-05,10:45,54.6,54.6,40.4,58.4,0.0,SW@19.6,27.1,48.7,49.0,22.7,0.0,389,29.99,"LaCrosse, LaCrosse, Whitman County",300201,LaCrosse,2017-11-25 01:22:22.642052
2013-04-05,11:00,55.7,55.6,40.8,57.3,0.0,SW@21.3,29.6,48.8,48.9,22.7,0.0,525,29.99,"LaCrosse, LaCrosse, Whitman County",300201,LaCrosse,2017-11-25 01:22:22.642052
2013-04-05,11:15,57.2,57.0,41.3,55.2,0.0,SW@23.5,31.8,49.0,48.9,22.7,0.0,674,29.98,"LaCrosse, LaCrosse, Whitman County",300201,LaCrosse,2017-11-25 01:22:22.642052
2013-04-05,11:30,57.4,57.1,41.2,54.5,0.0,SW@23.6,30.7,49.2,48.9,22.7,0.0,702,29.98,"LaCrosse, LaCrosse, Whitman County",300201,LaCrosse,2017-11-25 01:22:22.642052
2013-04-05,11:45,58.5,58.3,42.0,54.0,0.0,SW@21.4,30.3,49.5,48.9,22.7,0.0,782,29.99,"LaCrosse, LaCrosse, Whitman County",300201,LaCrosse,2017-11-25 01:22:22.642052
2013-04-05,12:00,58.5,58.2,41.0,52.1,0.0,SW@22.3,32.5,49.8,48.9,22.7,0.0,762,29.99,"LaCrosse, LaCrosse, Whitman County",300201,LaCrosse,2017-11-25 01:22:22.642052
2013-04-05,12:15,59.7,59.3,41.7,51.3,0.0,SW@21.4,28.2,50.1,48.9,22.7,0.0,811,29.99,"LaCrosse, LaCrosse, Whitman County",300201,LaCrosse,2017-11-25 01:22:22.642052
2013-04-05,12:30,59.2,58.9,41.4,51.6,0.0,SW@20.1,27.1,50.5,48.9,22.7,0.0,626,29.99,"LaCrosse, LaCrosse, Whitman County",300201,LaCrosse,2017-11-25 01:22:22.642052
2013-04-05,12:45,60.5,60.2,41.8,50.1,0.0,SW@20.3,29.6,50.9,48.9,22.7,0.0,672,29.99,"LaCrosse, LaCrosse, Whitman County",300201,LaCrosse,2017-11-25 01:22:22.642052
2013-04-05,13:00,60.9,60.6,41.0,47.7,0.0,SW@21.2,27.8,51.3,48.9,22.7,0.0,765,29.99,"LaCrosse, LaCrosse, Whitman County",300201,LaCrosse,2017-11-25 01:22:22.642052
2013-04-05,13:15,60.4,60.1,39.9,46.6,0.0,SW@22.4,29.3,51.7,48.9,22.7,0.0,504,29.99,"LaCrosse, LaCrosse, Whitman County",300201,LaCrosse,2017-11-25 01:22:22.642052
2013-04-05,13:30,59.5,59.5,39.6,47.5,0.0,SW@19.6,28.9,52.1,48.9,22.7,0.0,359,29.99,"LaCrosse, LaCrosse, Whitman County",300201,LaCrosse,2017-11-25 01:22:22.642052
2013-04-05,13:45,62.1,61.9,40.0,44.0,0.0,SW@20.9,28.9,52.5,49.0,22.7,0.0,830,29.99,"LaCrosse, LaCrosse, Whitman County",300201,LaCrosse,2017-11-25 01:22:22.642052
2013-04-05,14:00,61.9,61.7,40.0,44.3,0.0,SW@20.1,26.8,52.8,49.0,22.7,0.0,620,29.99,"LaCrosse, LaCrosse, Whitman County",300201,LaCrosse,2017-11-25 01:22:22.642052
2013-04-05,14:15,62.9,62.6,39.5,42.0,0.0,SW@19.9,28.6,53.1,49.1,22.7,0.0,716,29.99,"LaCrosse, LaCrosse, Whitman County",300201,LaCrosse,2017-11-25 01:22:22.642052
2013-04-05,14:30,62.7,62.4,38.7,41.1,0.0,SW@18.2,25.3,53.5,49.1,22.6,0.0,571,29.99,"LaCrosse, LaCrosse, Whitman County",300201,LaCrosse,2017-11-25 01:22:22.642052
2013-04-05,14:45,63.1,62.8,38.5,40.0,0.0,SW@17.5,24.6,53.8,49.2,22.6,0.0,657,29.98,"LaCrosse, LaCrosse, Whitman County",300201,LaCrosse,2017-11-25 01:22:22.642052
2013-04-05,15:00,63.3,63.1,38.5,39.8,0.0,SW@17.4,25.0,54.2,49.2,22.6,0.0,614,29.98,"LaCrosse, LaCrosse, Whitman County",300201,LaCrosse,2017-11-25 01:22:22.642052
2013-04-05,15:15,63.2,62.9,37.4,38.3,0.0,SW@17.3,25.0,54.6,49.3,22.6,0.0,512,29.98,"LaCrosse, LaCrosse, Whitman County",300201,LaCrosse,2017-11-25 01:22:22.642052
2013-04-05,15:30,62.0,61.8,37.6,40.3,0.0,SW@15.3,20.7,54.9,49.4,22.6,0.0,236,29.98,"LaCrosse, LaCrosse, Whitman County",300201,LaCrosse,2017-11-25 01:22:22.642052
2013-04-05,15:45,61.6,61.5,37.9,41.4,0.0,SW@16.2,22.8,55.2,49.4,22.6,0.0,327,29.98,"LaCrosse, LaCrosse, Whitman County",300201,LaCrosse,2017-11-25 01:22:22.642052
2013-04-05,16:00,61.1,60.9,38.4,42.9,0.0,SW@14.2,19.2,55.4,49.5,22.6,0.0,194,29.98,"LaCrosse, LaCrosse, Whitman County",300201,LaCrosse,2017-11-25 01:22:22.642052
2013-04-05,16:15,60.8,60.9,37.9,42.5,0.0,SW@13.5,23.2,55.6,49.6,22.6,0.0,189,29.98,"LaCrosse, LaCrosse, Whitman County",300201,LaCrosse,2017-11-25 01:22:22.642052
2013-04-05,16:30,61.5,61.3,37.0,40.1,0.0,SW@16.3,23.2,55.7,49.7,22.6,0.0,208,29.98,"LaCrosse, LaCrosse, Whitman County",300201,LaCrosse,2017-11-25 01:22:22.642052
2013-04-05,16:45,60.3,60.3,38.0,43.3,0.0,SW@13.3,16.7,55.7,49.8,22.6,0.0,136,29.98,"LaCrosse, LaCrosse, Whitman County",300201,LaCrosse,2017-11-25 01:22:22.642052
2013-04-05,17:00,60.7,60.7,38.2,43.2,0.0,SW@13.1,18.2,55.7,49.9,22.6,0.0,241,29.98,"LaCrosse, LaCrosse, Whitman County",300201,LaCrosse,2017-11-25 01:22:22.642052
2013-04-05,17:15,61.1,60.9,36.6,39.9,0.0,SW@14.7,20.3,55.6,50.0,22.6,0.0,191,29.98,"LaCrosse, LaCrosse, Whitman County",300201,LaCrosse,2017-11-25 01:22:22.642052
2013-04-05,17:30,59.0,58.8,36.7,43.3,0.0,SW@11.5,17.8,55.6,50.1,22.6,0.0,59,29.98,"LaCrosse, LaCrosse, Whitman County",300201,LaCrosse,2017-11-25 01:22:22.642052
2013-04-05,17:45,57.2,57.1,37.5,47.6,0.0,SW@8.8,14.6,55.5,50.1,22.6,0.0,35,29.97,"LaCrosse, LaCrosse, Whitman County",300201,LaCrosse,2017-11-25 01:22:22.642052
2013-04-05,18:00,56.9,56.9,37.4,48.0,0.0,SW@12.1,16.0,55.4,50.2,22.6,0.0,22,29.97,"LaCrosse, LaCrosse, Whitman County",300201,LaCrosse,2017-11-25 01:22:22.642052
2013-04-05,18:15,56.3,56.3,37.7,49.6,0.0,SW@11.0,14.2,55.3,50.3,22.6,0.0,11,29.97,"LaCrosse, LaCrosse, Whitman County",300201,LaCrosse,2017-11-25 01:22:22.642052
2013-04-05,18:30,55.2,55.1,38.1,52.3,0.0,SW@7.9,11.0,55.1,50.4,22.6,0.0,4,29.97,"LaCrosse, LaCrosse, Whitman County",300201,LaCrosse,2017-11-25 01:22:22.642052
2013-04-05,18:45,54.1,54.1,38.2,54.7,0.0,SW@7.9,12.1,54.9,50.5,22.6,0.0,0,29.98,"LaCrosse, LaCrosse, Whitman County",300201,LaCrosse,2017-11-25 01:22:22.642052
2013-04-05,19:00,53.8,53.8,37.8,54.5,0.0,SW@9.6,12.4,54.6,50.5,22.6,0.0,0,29.98,"LaCrosse, LaCrosse, Whitman County",300201,LaCrosse,2017-11-25 01:22:22.642052
2013-04-05,19:15,53.5,53.6,37.7,54.9,0.0,SW@8.4,11.4,54.4,50.6,22.7,0.0,0,29.97,"LaCrosse, LaCrosse, Whitman County",300201,LaCrosse,2017-11-25 01:22:22.642052
2013-04-05,19:30,52.9,52.9,37.9,56.4,0.0,SW@8.5,13.9,54.2,50.6,22.7,0.0,0,29.98,"LaCrosse, LaCrosse, Whitman County",300201,LaCrosse,2017-11-25 01:22:22.642052
2013-04-05,19:45,53.2,53.2,37.4,54.8,0.0,SW@9.1,15.0,53.9,50.7,22.6,0.0,0,29.98,"LaCrosse, LaCrosse, Whitman County",300201,LaCrosse,2017-11-25 01:22:22.642052
2013-04-05,20:00,53.3,53.3,36.9,53.6,0.0,SW@11.3,17.1,53.7,50.7,22.6,0.0,0,29.99,"LaCrosse, LaCrosse, Whitman County",300201,LaCrosse,2017-11-25 01:22:22.642052
2013-04-05,20:15,52.9,52.8,36.8,54.1,0.0,SW@10.0,14.6,53.5,50.8,22.7,0.0,0,30.0,"LaCrosse, LaCrosse, Whitman County",300201,LaCrosse,2017-11-25 01:22:22.642052
2013-04-05,20:30,52.4,52.4,36.9,55.4,0.0,SW@9.2,12.8,53.3,50.8,22.7,0.0,0,30.0,"LaCrosse, LaCrosse, Whitman County",300201,LaCrosse,2017-11-25 01:22:22.642052
2013-04-05,20:45,52.0,52.0,37.1,56.6,0.0,S@8.4,12.4,53.1,50.8,22.7,0.0,0,30.0,"LaCrosse, LaCrosse, Whitman County",300201,LaCrosse,2017-11-25 01:22:22.642052
2013-04-05,21:00,51.7,51.6,37.4,58.0,0.0,S@7.1,11.4,52.9,50.8,22.7,0.0,0,30.0,"LaCrosse, LaCrosse, Whitman County",300201,LaCrosse,2017-11-25 01:22:22.642052
2013-04-05,21:15,51.4,51.4,38.2,60.3,0.0,S@6.8,11.0,52.8,50.8,22.7,0.0,0,30.0,"LaCrosse, LaCrosse, Whitman County",300201,LaCrosse,2017-11-25 01:22:22.642052
2013-04-05,21:30,51.1,51.1,38.8,62.5,0.0,S@7.1,9.9,52.6,50.9,22.7,0.0,0,30.0,"LaCrosse, LaCrosse, Whitman County",300201,LaCrosse,2017-11-25 01:22:22.642052
2013-04-05,21:45,50.7,50.7,39.7,65.7,0.0,S@6.8,11.4,52.5,50.9,22.7,0.0,0,29.99,"LaCrosse, LaCrosse, Whitman County",300201,LaCrosse,2017-11-25 01:22:22.642052
2013-04-05,22:00,50.5,50.4,40.6,68.7,0.0,S@7.2,10.7,52.3,50.9,22.7,0.0,0,29.99,"LaCrosse, LaCrosse, Whitman County",300201,LaCrosse,2017-11-25 01:22:22.642052
2013-04-05,22:15,50.1,50.1,40.9,70.4,0.0,S@7.0,10.3,52.2,50.9,22.7,0.0,0,29.98,"LaCrosse, LaCrosse, Whitman County",300201,LaCrosse,2017-11-25 01:22:22.642052
2013-04-05,22:30,49.7,49.7,41.0,71.9,0.0,S@5.9,9.6,52.1,50.9,22.7,0.0,0,29.98,"LaCrosse, LaCrosse, Whitman County",300201,LaCrosse,2017-11-25 01:22:22.642052
2013-04-05,22:45,49.2,49.1,41.2,73.6,0.0,S@4.4,5.7,51.9,50.8,22.7,0.0,0,29.98,"LaCrosse, LaCrosse, Whitman County",300201,LaCrosse,2017-11-25 01:22:22.642052
2013-04-05,23:00,49.0,48.9,41.2,74.4,0.0,S@3.7,7.1,51.8,50.8,22.7,0.0,0,29.98,"LaCrosse, LaCrosse, Whitman County",300201,LaCrosse,2017-11-25 01:22:22.642052
2013-04-06,23:15,49.2,49.1,41.0,73.2,0.0,S@4.4,6.7,51.7,50.8,22.7,0.0,0,29.98,"LaCrosse, LaCrosse, Whitman County",300201,LaCrosse,2017-11-25 01:22:22.642052
2013-04-06,23:30,48.9,48.8,40.9,73.5,0.0,SE@3.1,5.3,51.5,50.8,22.7,0.0,0,29.98,"LaCrosse, LaCrosse, Whitman County",300201,LaCrosse,2017-11-25 01:22:22.642052
2013-04-06,23:45,49.2,49.0,40.9,72.9,0.0,SE@2.7,5.3,51.4,50.8,22.7,0.0,0,29.97,"LaCrosse, LaCrosse, Whitman County",300201,LaCrosse,2017-11-25 01:22:22.642052
2013-04-06,24:00,49.4,49.3,40.7,71.9,0.0,SE@2.8,5.7,51.3,50.7,22.7,0.0,0,29.97,"LaCrosse, LaCrosse, Whitman County",300201,LaCrosse,2017-11-25 01:22:22.642052
2013-04-06,00:15,49.0,48.9,40.8,73.1,0.0,SE@3.7,5.7,51.2,50.7,22.7,0.0,0,29.97,"LaCrosse, LaCrosse, Whitman County",300201,LaCrosse,2017-11-25 01:22:22.642052
2013-04-06,00:30,48.8,48.7,40.8,73.7,0.0,SE@4.0,7.8,51.1,50.7,22.7,0.0,0,29.97,"LaCrosse, LaCrosse, Whitman County",300201,LaCrosse,2017-11-25 01:22:22.642052
2013-04-06,00:45,49.2,49.1,40.7,72.4,0.0,SE@5.8,7.1,51.0,50.7,22.7,0.0,0,29.97,"LaCrosse, LaCrosse, Whitman County",300201,LaCrosse,2017-11-25 01:22:22.642052
2013-04-06,01:00,49.1,49.0,40.6,72.4,0.0,SE@6.0,7.8,50.9,50.6,22.7,0.0,0,29.96,"LaCrosse, LaCrosse, Whitman County",300201,LaCrosse,2017-11-25 01:22:22.642052
2013-04-06,01:15,49.3,49.2,40.4,71.4,0.03,SE@7.2,8.9,50.8,50.6,22.7,0.0,0,29.95,"LaCrosse, LaCrosse, Whitman County",300201,LaCrosse,2017-11-25 01:22:22.642052
2013-04-06,01:30,49.0,48.9,40.3,71.7,0.11,SE@7.9,9.2,50.7,50.6,22.7,0.0,0,29.95,"LaCrosse, LaCrosse, Whitman County",300201,LaCrosse,2017-11-25 01:22:22.642052
2013-04-06,01:45,48.7,48.7,40.2,72.1,0.01,SE@8.7,10.7,50.6,50.5,22.7,0.0,0,29.94,"LaCrosse, LaCrosse, Whitman County",300201,LaCrosse,2017-11-25 01:22:22.642052
2013-04-06,02:00,48.6,48.6,40.1,72.1,0.0,SE@8.7,11.7,50.5,50.5,22.7,0.0,0,29.94,"LaCrosse, LaCrosse, Whitman County",300201,LaCrosse,2017-11-25 01:22:22.642052
2013-04-06,02:15,48.9,48.9,40.0,71.2,0.0,SE@9.0,10.7,50.5,50.5,22.7,0.0,0,29.93,"LaCrosse, LaCrosse, Whitman County",300201,LaCrosse,2017-11-25 01:22:22.642052
2013-04-06,02:30,49.0,48.9,39.8,70.6,0.0,SE@9.1,11.7,50.4,50.4,22.7,0.0,0,29.93,"LaCrosse, LaCrosse, Whitman County",300201,LaCrosse,2017-11-25 01:22:22.642052
2013-04-06,02:45,48.7,48.6,40.0,71.8,0.0,SE@9.3,12.4,50.3,50.4,22.7,0.0,0,29.93,"LaCrosse, LaCrosse, Whitman County",300201,LaCrosse,2017-11-25 01:22:22.642052
2013-04-06,03:00,48.8,48.8,40.2,72.0,0.0,SE@9.5,12.1,50.2,50.4,22.7,0.0,0,29.93,"LaCrosse, LaCrosse, Whitman County",300201,LaCrosse,2017-11-25 01:22:22.642052
2013-04-06,03:15,48.8,48.7,40.5,72.8,0.01,SE@9.5,12.1,50.1,50.4,22.7,0.0,0,29.93,"LaCrosse, LaCrosse, Whitman County",300201,LaCrosse,2017-11-25 01:22:22.642052
2013-04-06,03:30,48.7,48.7,40.7,73.9,0.12,SE@9.5,13.2,50.0,50.3,22.7,0.0,0,29.92,"LaCrosse, LaCrosse, Whitman County",300201,LaCrosse,2017-11-25 01:22:22.642052
2013-04-06,03:45,48.5,48.4,40.8,74.5,0.07,SE@9.3,11.7,49.9,50.3,22.7,0.0,0,29.92,"LaCrosse, LaCrosse, Whitman County",300201,LaCrosse,2017-11-25 01:22:22.642052
2013-04-06,04:00,48.3,48.3,40.5,74.2,0.0,SE@8.3,12.1,49.8,50.2,22.7,0.0,0,29.92,"LaCrosse, LaCrosse, Whitman County",300201,LaCrosse,2017-11-25 01:22:22.642052
2013-04-06,04:15,48.5,48.5,40.3,73.1,0.0,SE@7.2,9.9,49.8,50.2,22.7,0.0,0,29.92,"LaCrosse, LaCrosse, Whitman County",300201,LaCrosse,2017-11-25 01:22:22.642052
2013-04-06,04:30,48.3,48.2,40.3,73.7,0.33,SE@5.8,8.2,49.7,50.2,22.7,0.0,0,29.92,"LaCrosse, LaCrosse, Whitman County",300201,LaCrosse,2017-11-25 01:22:22.642052
2013-04-06,04:45,47.7,47.6,40.4,75.7,0.36,SE@4.3,6.7,49.6,50.1,22.7,0.0,0,29.92,"LaCrosse, LaCrosse, Whitman County",300201,LaCrosse,2017-11-25 01:22:22.642052
2013-04-06,05:00,47.6,47.5,40.8,77.2,0.46,S@4.9,8.5,49.5,50.1,22.7,0.0,0,29.92,"LaCrosse, LaCrosse, Whitman County",300201,LaCrosse,2017-11-25 01:22:22.642052
2013-04-06,05:15,47.5,47.3,40.9,77.9,0.38,S@4.3,7.4,49.5,50.1,22.7,0.0,0,29.92,"LaCrosse, LaCrosse, Whitman County",300201,LaCrosse,2017-11-25 01:22:22.642052
2013-04-06,05:30,47.8,47.9,41.2,77.6,0.78,S@7.3,12.8,49.4,50.0,22.7,0.02,0,29.93,"LaCrosse, LaCrosse, Whitman County",300201,LaCrosse,2017-11-25 01:22:22.642052
2013-04-06,05:45,48.2,48.1,41.2,76.5,0.89,S@6.6,9.9,49.3,50.0,22.7,0.01,4,29.93,"LaCrosse, LaCrosse, Whitman County",300201,LaCrosse,2017-11-25 01:22:22.642052
2013-04-06,06:00,47.5,47.3,41.7,80.2,0.88,S@4.0,6.0,49.2,50.0,22.7,0.0,17,29.94,"LaCrosse, LaCrosse, Whitman County",300201,LaCrosse,2017-11-25 01:22:22.642052
2013-04-06,06:15,47.5,47.4,41.8,80.3,0.87,S@4.2,6.0,49.2,49.9,22.7,0.0,40,29.94,"LaCrosse, LaCrosse, Whitman County",300201,LaCrosse,2017-11-25 01:22:22.642052
2013-04-06,06:30,48.5,48.5,41.8,77.6,0.83,S@5.8,11.7,49.1,49.9,22.7,0.0,78,29.94,"LaCrosse, LaCrosse, Whitman County",300201,LaCrosse,2017-11-25 01:22:22.642052
2013-04-06,06:45,49.6,49.5,41.0,72.1,0.64,SW@11.9,17.5,49.1,49.9,22.7,0.0,95,29.95,"LaCrosse, LaCrosse, Whitman County",300201,LaCrosse,2017-11-25 01:22:22.642052
2013-04-06,07:00,49.6,49.5,40.5,70.8,0.19,SW@13.8,19.2,49.1,49.8,22.7,0.0,102,29.95,"LaCrosse, LaCrosse, Whitman County",300201,LaCrosse,2017-11-25 01:22:22.642052
2013-04-06,07:15,49.5,49.5,40.3,70.4,0.0,SW@12.6,19.6,49.0,49.8,22.7,0.0,155,29.95,"LaCrosse, LaCrosse, Whitman County",300201,LaCrosse,2017-11-25 01:22:22.642052
2013-04-06,07:30,49.8,49.7,40.1,69.1,0.0,SW@14.3,21.0,49.0,49.8,22.7,0.0,190,29.95,"LaCrosse, LaCrosse, Whitman County",300201,LaCrosse,2017-11-25 01:22:22.642052
2013-04-06,07:45,50.1,50.0,39.0,65.5,0.0,SW@17.5,25.3,49.1,49.7,22.7,0.01,195,29.95,"LaCrosse, LaCrosse, Whitman County",300201,LaCrosse,2017-11-25 01:22:22.642052
2013-04-06,08:00,50.5,50.4,38.1,62.2,0.0,SW@19.1,26.8,49.1,49.7,22.7,0.0,252,29.95,"LaCrosse, LaCrosse, Whitman County",300201,LaCrosse,2017-11-25 01:22:22.642052
2013-04-06,08:15,50.7,50.6,37.2,59.6,0.0,SW@20.0,26.8,49.2,49.7,22.7,0.0,280,29.95,"LaCrosse, LaCrosse, Whitman County",300201,LaCrosse,2017-11-25 01:22:22.642052
2013-04-06,08:30,51.5,51.3,37.9,59.5,0.0,SW@19.5,25.3,49.2,49.7,22.7,0.0,462,29.96,"LaCrosse, LaCrosse, Whitman County",300201,LaCrosse,2017-11-25 01:22:22.642052
2013-04-06,08:45,53.2,52.9,38.6,57.4,0.0,SW@19.6,27.5,49.3,49.6,22.7,0.0,649,29.97,"LaCrosse, LaCrosse, Whitman County",300201,LaCrosse,2017-11-25 01:22:22.642052
2013-04-06,09:00,53.3,52.9,38.1,56.2,0.0,SW@20.5,30.3,49.4,49.6,22.7,0.0,521,29.98,"LaCrosse, LaCrosse, Whitman County",300201,LaCrosse,2017-11-25 01:22:22.642052
2013-04-06,09:15,51.9,51.7,37.6,57.9,0.0,SW@20.1,26.4,49.6,49.6,22.7,0.0,384,29.98,"LaCrosse, LaCrosse, Whitman County",300201,LaCrosse,2017-11-25 01:22:22.642052
2013-04-06,09:30,52.9,52.7,37.3,55.3,0.0,SW@20.7,27.8,49.8,49.6,22.7,0.0,559,29.99,"LaCrosse, LaCrosse, Whitman County",300201,LaCrosse,2017-11-25 01:22:22.642052
2013-04-06,09:45,53.7,53.4,37.4,53.8,0.0,SW@19.8,26.8,50.0,49.5,22.7,0.0,621,29.99,"LaCrosse, LaCrosse, Whitman County",300201,LaCrosse,2017-11-25 01:22:22.642052
2013-04-06,10:00,54.0,53.7,35.6,49.5,0.0,SW@23.0,32.5,50.1,49.5,22.7,0.0,516,30.0,"LaCrosse, LaCrosse, Whitman County",300201,LaCrosse,2017-11-25 01:22:22.642052
2013-04-06,10:15,54.0,53.7,37.1,52.7,0.0,SW@22.3,31.1,50.2,49.5,22.7,0.0,645,30.0,"LaCrosse, LaCrosse, Whitman County",300201,LaCrosse,2017-11-25 01:22:22.642052
2013-04-06,10:30,54.7,54.4,37.1,51.1,0.0,SW@22.3,31.8,50.3,49.5,22.7,0.0,672,30.0,"LaCrosse, LaCrosse, Whitman County",300201,LaCrosse,2017-11-25 01:22:22.642052
2013-04-06,10:45,55.0,54.8,33.8,44.6,0.0,SW@23.7,32.1,50.4,49.5,22.7,0.0,496,30.0,"LaCrosse, LaCrosse, Whitman County",300201,LaCrosse,2017-11-25 01:22:22.642052
2013-04-06,11:00,54.7,54.4,35.1,47.4,0.0,SW@22.7,29.3,50.5,49.5,22.7,0.0,501,30.01,"LaCrosse, LaCrosse, Whitman County",300201,LaCrosse,2017-11-25 01:22:22.642052
2013-04-06,11:15,55.3,55.1,35.2,46.5,0.0,SW@21.8,32.1,50.7,49.5,22.7,0.0,708,30.01,"LaCrosse, LaCrosse, Whitman County",300201,LaCrosse,2017-11-25 01:22:22.642052
2013-04-06,11:30,55.8,55.5,35.1,45.6,0.0,SW@21.0,27.8,50.9,49.5,22.7,0.0,572,30.01,"LaCrosse, LaCrosse, Whitman County",300201,LaCrosse,2017-11-25 01:22:22.642052
2013-04-06,11:45,55.7,55.4,34.4,44.5,0.0,SW@22.4,30.0,51.1,49.5,22.7,0.0,506,30.01,"LaCrosse, LaCrosse, Whitman County",300201,LaCrosse,2017-11-25 01:22:22.642052
2013-04-06,12:00,56.2,56.1,34.0,42.9,0.0,SW@21.6,29.3,51.4,49.5,22.7,0.0,503,30.01,"LaCrosse, LaCrosse, Whitman County",300201,LaCrosse,2017-11-25 01:22:22.642052
2013-04-06,12:15,57.1,56.8,32.7,39.5,0.0,SW@23.4,35.3,51.7,49.5,22.7,0.0,678,30.01,"LaCrosse, LaCrosse, Whitman County",300201,LaCrosse,2017-11-25 01:22:22.642052
2013-04-06,12:30,57.5,57.1,33.4,40.1,0.0,SW@20.9,30.7,52.0,49.5,22.7,0.0,552,30.01,"LaCrosse, LaCrosse, Whitman County",300201,LaCrosse,2017-11-25 01:22:22.642052
2013-04-06,12:45,56.7,56.5,34.4,42.9,0.0,SW@20.0,26.4,52.3,49.5,22.7,0.0,494,30.01,"LaCrosse, LaCrosse, Whitman County",300201,LaCrosse,2017-11-25 01:22:22.642052
2013-04-06,13:00,55.7,55.5,33.2,42.3,0.0,SW@21.4,27.5,52.6,49.6,22.7,0.0,542,30.01,"LaCrosse, LaCrosse, Whitman County",300201,LaCrosse,2017-11-25 01:22:22.642052
2013-04-06,13:15,55.7,55.4,32.2,40.7,0.0,SW@22.0,28.6,52.9,49.6,22.7,0.0,488,30.01,"LaCrosse, LaCrosse, Whitman County",300201,LaCrosse,2017-11-25 01:22:22.642052
2013-04-06,13:30,54.9,54.7,33.1,43.4,0.0,SW@22.5,28.9,53.1,49.6,22.6,0.0,440,30.01,"LaCrosse, LaCrosse, Whitman County",300201,LaCrosse,2017-11-25 01:22:22.642052
2013-04-06,13:45,55.5,55.4,32.7,41.9,0.0,SW@20.8,27.8,53.4,49.7,22.6,0.0,440,30.01,"LaCrosse, LaCrosse, Whitman County",300201,LaCrosse,2017-11-25 01:22:22.642052
2013-04-06,14:00,56.2,56.0,32.2,40.0,0.0,SW@20.4,26.8,53.5,49.7,22.7,0.0,512,30.0,"LaCrosse, LaCrosse, Whitman County",300201,LaCrosse,2017-11-25 01:22:22.642052
2013-04-06,14:15,56.4,56.1,30.2,36.6,0.0,SW@23.1,31.1,53.7,49.7,22.7,0.0,473,30.0,"LaCrosse, LaCrosse, Whitman County",300201,LaCrosse,2017-11-25 01:22:22.642052
2013-04-06,14:30,56.2,55.9,30.7,37.7,0.0,SW@21.2,30.3,53.9,49.8,22.7,0.0,418,30.0,"LaCrosse, LaCrosse, Whitman County",300201,LaCrosse,2017-11-25 01:22:22.642052
2013-04-06,14:45,56.2,56.0,31.6,39.1,0.0,SW@20.7,28.6,54.0,49.8,22.7,0.0,476,30.0,"LaCrosse, LaCrosse, Whitman County",300201,LaCrosse,2017-11-25 01:22:22.642052
2013-04-06,15:00,56.6,56.4,32.2,39.4,0.0,SW@19.6,25.0,54.2,49.9,22.7,0.0,402,30.0,"LaCrosse, LaCrosse, Whitman County",300201,LaCrosse,2017-11-25 01:22:22.642052
2013-04-06,15:15,55.7,55.5,32.2,40.8,0.0,SW@20.9,26.8,54.3,50.0,22.7,0.0,304,30.0,"LaCrosse, LaCrosse, Whitman County",300201,LaCrosse,2017-11-25 01:22:22.642052
2013-04-06,15:30,55.7,55.6,31.9,40.1,0.0,SW@19.1,24.3,54.4,50.0,22.7,0.0,315,29.99,"LaCrosse, LaCrosse, Whitman County",300201,LaCrosse,2017-11-25 01:22:22.642052
2013-04-06,15:45,55.5,55.3,30.2,37.9,0.0,SW@20.3,25.3,54.5,50.1,22.7,0.0,285,29.99,"LaCrosse, LaCrosse, Whitman County",300201,LaCrosse,2017-11-25 01:22:22.642052
2013-04-06,16:00,55.9,55.7,30.8,38.2,0.0,SW@19.0,27.5,54.6,50.1,22.7,0.0,335,29.99,"LaCrosse, LaCrosse, Whitman County",300201,LaCrosse,2017-11-25 01:22:22.642052
2013-04-06,16:15,55.9,55.7,30.0,37.0,0.0,SW@19.9,26.0,54.6,50.2,22.7,0.0,315,29.99,"LaCrosse, LaCrosse, Whitman County",300201,LaCrosse,2017-11-25 01:22:22.642052
2013-04-06,16:30,55.6,55.4,30.0,37.4,0.0,SW@17.9,25.3,54.6,50.2,22.7,0.0,234,29.99,"LaCrosse, LaCrosse, Whitman County",300201,LaCrosse,2017-11-25 01:22:22.642052
2013-04-06,16:45,55.1,55.0,30.1,38.1,0.0,SW@17.7,23.5,54.6,50.3,22.7,0.0,192,29.99,"LaCrosse, LaCrosse, Whitman County",300201,LaCrosse,2017-11-25 01:22:22.642052
2013-04-06,17:00,54.4,54.3,30.5,39.9,0.0,SW@16.2,21.0,54.6,50.4,22.7,0.0,107,29.98,"LaCrosse, LaCrosse, Whitman County",300201,LaCrosse,2017-11-25 01:22:22.642052
2013-04-06,17:15,54.0,54.0,30.7,40.7,0.0,SW@13.7,19.2,54.5,50.4,22.7,0.0,94,29.98,"LaCrosse, LaCrosse, Whitman County",300201,LaCrosse,2017-11-25 01:22:22.642052
2013-04-06,17:30,53.6,53.6,30.5,41.0,0.0,SW@15.7,23.2,54.5,50.5,22.7,0.0,61,29.98,"LaCrosse, LaCrosse, Whitman County",300201,LaCrosse,2017-11-25 01:22:22.642052
2013-04-06,17:45,52.9,52.9,30.8,42.6,0.0,SW@15.4,20.7,54.3,50.5,22.7,0.0,36,29.98,"LaCrosse, LaCrosse, Whitman County",300201,LaCrosse,2017-11-25 01:22:22.642052
2013-04-06,18:00,52.5,52.5,30.7,43.0,0.0,SW@15.0,19.6,54.2,50.6,22.7,0.0,20,29.98,"LaCrosse, LaCrosse, Whitman County",300201,LaCrosse,2017-11-25 01:22:22.642052
2013-04-06,18:15,52.0,51.9,30.9,44.3,0.0,SW@13.8,21.4,54.1,50.6,22.7,0.0,8,29.98,"LaCrosse, LaCrosse, Whitman County",300201,LaCrosse,2017-11-25 01:22:22.642052
2013-04-06,18:30,51.5,51.5,30.7,44.7,0.0,SW@14.3,20.3,53.9,50.7,22.7,0.0,2,29.98,"LaCrosse, LaCrosse, Whitman County",300201,LaCrosse,2017-11-25 01:22:22.642052
2013-04-06,18:45,51.2,51.1,30.9,45.6,0.0,SW@13.7,18.2,53.7,50.7,22.7,0.0,0,29.98,"LaCrosse, LaCrosse, Whitman County",300201,LaCrosse,2017-11-25 01:22:22.642052
2013-04-06,19:00,49.9,49.8,32.4,50.8,0.0,SW@10.2,15.0,53.5,50.7,22.7,0.0,0,29.98,"LaCrosse, LaCrosse, Whitman County",300201,LaCrosse,2017-11-25 01:22:22.642052
2013-04-06,19:15,49.8,49.8,32.0,50.2,0.0,SW@10.4,13.5,53.3,50.8,22.7,0.0,0,29.97,"LaCrosse, LaCrosse, Whitman County",300201,LaCrosse,2017-11-25 01:22:22.642052
2013-04-06,19:30,49.7,49.6,31.6,49.5,0.0,SW@5.8,10.7,53.1,50.8,22.7,0.0,0,29.98,"LaCrosse, LaCrosse, Whitman County",300201,LaCrosse,2017-11-25 01:22:22.642052
2013-04-06,19:45,49.4,49.4,31.6,50.1,0.0,SW@8.2,11.7,52.9,50.8,22.7,0.0,0,29.98,"LaCrosse, LaCrosse, Whitman County",300201,LaCrosse,2017-11-25 01:22:22.642052
2013-04-06,20:00,49.2,49.1,31.7,50.8,0.0,SW@11.0,17.1,52.7,50.8,22.7,0.0,0,29.98,"LaCrosse, LaCrosse, Whitman County",300201,LaCrosse,2017-11-25 01:22:22.642052
2013-04-06,20:15,48.7,48.6,32.1,52.4,0.0,SW@8.4,14.2,52.5,50.8,22.7,0.0,0,29.97,"LaCrosse, LaCrosse, Whitman County",300201,LaCrosse,2017-11-25 01:22:22.642052
2013-04-06,20:30,49.0,49.0,32.4,52.5,0.0,S@11.6,17.5,52.3,50.8,22.7,0.0,0,29.98,"LaCrosse, LaCrosse, Whitman County",300201,LaCrosse,2017-11-25 01:22:22.642052
2013-04-06,20:45,48.9,48.9,32.7,53.2,0.0,S@11.7,15.3,52.1,50.8,22.7,0.0,0,29.98,"LaCrosse, LaCrosse, Whitman County",300201,LaCrosse,2017-11-25 01:22:22.642052
2013-04-06,21:00,48.6,48.5,32.9,54.3,0.0,S@11.0,15.3,51.9,50.8,22.7,0.0,0,29.98,"LaCrosse, LaCrosse, Whitman County",300201,LaCrosse,2017-11-25 01:22:22.642052
2013-04-06,21:15,48.2,48.1,33.1,55.6,0.0,S@12.9,17.1,51.7,50.8,22.7,0.0,0,29.97,"LaCrosse, LaCrosse, Whitman County",300201,LaCrosse,2017-11-25 01:22:22.642052
2013-04-06,21:30,47.9,47.8,33.4,56.9,0.0,SW@12.6,18.5,51.6,50.8,22.7,0.0,0,29.97,"LaCrosse, LaCrosse, Whitman County",300201,LaCrosse,2017-11-25 01:22:22.642052
2013-04-06,21:45,47.4,47.3,33.6,58.6,0.0,SW@11.1,16.4,51.4,50.8,22.7,0.0,0,29.97,"LaCrosse, LaCrosse, Whitman County",300201,LaCrosse,2017-11-25 01:22:22.642052
2013-04-06,22:00,47.2,47.1,33.8,59.4,0.0,S@11.0,13.9,51.3,50.8,22.7,0.0,0,29.96,"LaCrosse, LaCrosse, Whitman County",300201,LaCrosse,2017-11-25 01:22:22.642052
2013-04-06,22:15,46.7,46.6,34.2,61.6,0.0,SW@9.3,12.4,51.1,50.7,22.7,0.0,0,29.96,"LaCrosse, LaCrosse, Whitman County",300201,LaCrosse,2017-11-25 01:22:22.642052
2013-04-06,22:30,45.7,45.6,34.6,64.9,0.0,SW@6.4,8.9,50.9,50.7,22.7,0.0,0,29.95,"LaCrosse, LaCrosse, Whitman County",300201,LaCrosse,2017-11-25 01:22:22.642052
2013-04-06,22:45,45.5,45.4,35.2,67.0,0.0,S@7.8,11.4,50.8,50.7,22.7,0.0,0,29.95,"LaCrosse, LaCrosse, Whitman County",300201,LaCrosse,2017-11-25 01:22:22.642052
2013-04-06,23:00,45.1,45.0,35.4,68.4,0.0,S@7.5,10.3,50.6,50.7,22.7,0.0,0,29.94,"LaCrosse, LaCrosse, Whitman County",300201,LaCrosse,2017-11-25 01:22:22.642052
2013-04-07,23:15,44.7,44.5,35.8,70.8,0.0,S@6.5,9.9,50.5,50.6,22.7,0.0,0,29.94,"LaCrosse, LaCrosse, Whitman County",300201,LaCrosse,2017-11-25 01:22:22.642052
2013-04-07,23:30,44.1,43.9,36.1,73.0,0.0,S@4.4,6.7,50.4,50.6,22.7,0.0,0,29.93,"LaCrosse, LaCrosse, Whitman County",300201,LaCrosse,2017-11-25 01:22:22.642052
2013-04-07,23:45,44.1,43.9,36.2,73.6,0.0,S@5.2,8.5,50.2,50.6,22.7,0.0,0,29.93,"LaCrosse, LaCrosse, Whitman County",300201,LaCrosse,2017-11-25 01:22:22.642052
2013-04-07,24:00,43.8,43.6,36.3,74.7,0.0,S@4.5,6.7,50.1,50.5,22.7,0.0,0,29.92,"LaCrosse, LaCrosse, Whitman County",300201,LaCrosse,2017-11-25 01:22:22.642052
2013-04-07,00:15,43.6,43.4,36.4,75.5,0.0,SE@4.1,5.3,49.9,50.5,22.7,0.0,0,29.92,"LaCrosse, LaCrosse, Whitman County",300201,LaCrosse,2017-11-25 01:22:22.642052
2013-04-07,00:30,43.5,43.3,36.5,76.1,0.0,SE@4.1,5.7,49.8,50.4,22.7,0.0,0,29.91,"LaCrosse, LaCrosse, Whitman County",300201,LaCrosse,2017-11-25 01:22:22.642052
2013-04-07,00:45,43.8,43.6,36.6,75.7,0.0,SE@3.8,5.3,49.6,50.4,22.7,0.0,0,29.9,"LaCrosse, LaCrosse, Whitman County",300201,LaCrosse,2017-11-25 01:22:22.642052
2013-04-07,01:00,43.4,43.1,36.6,76.7,0.01,E@4.3,5.3,49.5,50.4,22.7,0.0,0,29.89,"LaCrosse, LaCrosse, Whitman County",300201,LaCrosse,2017-11-25 01:22:22.642052
2013-04-07,01:15,43.0,42.8,36.7,78.2,0.13,E@4.7,6.7,49.4,50.3,22.7,0.0,0,29.88,"LaCrosse, LaCrosse, Whitman County",300201,LaCrosse,2017-11-25 01:22:22.642052
2013-04-07,01:30,43.0,42.8,37.0,79.1,0.7,E@4.8,6.7,49.3,50.3,22.7,0.0,0,29.87,"LaCrosse, LaCrosse, Whitman County",300201,LaCrosse,2017-11-25 01:22:22.642052
2013-04-07,01:45,42.7,42.6,37.3,81.0,0.94,E@6.4,7.8,49.2,50.2,22.7,0.0,0,29.86,"LaCrosse, LaCrosse, Whitman County",300201,LaCrosse,2017-11-25 01:22:22.642052
2013-04-07,02:00,42.8,42.7,37.5,81.2,0.94,E@7.0,8.9,49.1,50.2,22.7,0.0,0,29.84,"LaCrosse, LaCrosse, Whitman County",300201,LaCrosse,2017-11-25 01:22:22.642052
2013-04-07,02:15,42.5,42.4,37.7,82.9,0.94,E@6.2,7.4,49.0,50.1,22.7,0.0,0,29.83,"LaCrosse, LaCrosse, Whitman County",300201,LaCrosse,2017-11-25 01:22:22.642052
2013-04-07,02:30,42.6,42.5,37.9,83.3,0.93,E@6.8,8.5,48.9,50.1,22.7,0.0,0,29.82,"LaCrosse, LaCrosse, Whitman County",300201,LaCrosse,2017-11-25 01:22:22.642052
2013-04-07,02:45,42.7,42.5,38.0,83.4,0.97,E@7.0,8.9,48.8,50.1,22.7,0.0,0,29.81,"LaCrosse, LaCrosse, Whitman County",300201,LaCrosse,2017-11-25 01:22:22.642052
2013-04-07,03:00,43.0,42.9,38.2,83.1,0.98,E@6.7,10.3,48.7,50.0,22.7,0.01,0,29.8,"LaCrosse, LaCrosse, Whitman County",300201,LaCrosse,2017-11-25 01:22:22.642052
2013-04-07,03:15,43.8,43.7,38.1,80.0,0.94,E@9.6,13.2,48.6,50.0,22.7,0.0,0,29.8,"LaCrosse, LaCrosse, Whitman County",300201,LaCrosse,2017-11-25 01:22:22.642052
2013-04-07,03:30,43.6,43.5,38.1,80.9,0.94,E@9.4,12.1,48.5,49.9,22.7,0.02,0,29.79,"LaCrosse, LaCrosse, Whitman County",300201,LaCrosse,2017-11-25 01:22:22.642052
2013-04-07,03:45,43.6,43.5,38.4,81.7,0.94,E@10.2,13.9,48.4,49.9,22.7,0.0,0,29.78,"LaCrosse, LaCrosse, Whitman County",300201,LaCrosse,2017-11-25 01:22:22.642052
2013-04-07,04:00,43.7,43.5,38.5,81.7,0.94,SE@10.9,14.2,48.3,49.8,22.7,0.01,0,29.78,"LaCrosse, LaCrosse, Whitman County",300201,LaCrosse,2017-11-25 01:22:22.642052
2013-04-07,04:15,43.7,43.5,38.3,81.3,0.94,E@11.5,15.7,48.2,49.8,22.7,0.01,0,29.77,"LaCrosse, LaCrosse, Whitman County",300201,LaCrosse,2017-11-25 01:22:22.642052
2013-04-07,04:30,43.6,43.4,38.3,81.3,0.94,E@12.7,16.0,48.1,49.7,22.7,0.01,0,29.76,"LaCrosse, LaCrosse, Whitman County",300201,LaCrosse,2017-11-25 01:22:22.642052
2013-04-07,04:45,43.5,43.3,38.4,82.2,0.94,SE@11.7,15.7,48.1,49.7,22.7,0.0,0,29.75,"LaCrosse, LaCrosse, Whitman County",300201,LaCrosse,2017-11-25 01:22:22.642052
2013-04-07,05:00,43.4,43.2,38.5,82.9,0.94,E@9.9,13.2,48.0,49.6,22.7,0.02,0,29.74,"LaCrosse, LaCrosse, Whitman County",300201,LaCrosse,2017-11-25 01:22:22.642052
2013-04-07,05:15,43.4,43.3,38.6,82.9,0.94,SE@9.4,12.8,47.9,49.6,22.7,0.02,0,29.74,"LaCrosse, LaCrosse, Whitman County",300201,LaCrosse,2017-11-25 01:22:22.642052
2013-04-07,05:30,43.4,43.3,38.5,82.6,0.94,SE@10.5,13.5,47.8,49.5,22.7,0.03,1,29.74,"LaCrosse, LaCrosse, Whitman County",300201,LaCrosse,2017-11-25 01:22:22.642052
2013-04-07,05:45,43.3,43.2,38.5,82.8,0.93,SE@9.2,12.1,47.7,49.5,22.7,0.01,4,29.73,"LaCrosse, LaCrosse, Whitman County",300201,LaCrosse,2017-11-25 01:22:22.642052
2013-04-07,06:00,43.3,43.2,38.4,82.6,0.93,SE@9.2,12.1,47.7,49.4,22.7,0.01,10,29.73,"LaCrosse, LaCrosse, Whitman County",300201,LaCrosse,2017-11-25 01:22:22.642052
2013-04-07,06:15,43.3,43.2,38.3,82.5,0.93,E@9.3,12.4,47.6,49.4,22.7,0.01,20,29.73,"LaCrosse, LaCrosse, Whitman County",300201,LaCrosse,2017-11-25 01:22:22.642052
2013-04-07,06:30,43.3,43.1,38.4,83.0,0.93,E@9.9,12.1,47.5,49.4,22.7,0.0,37,29.71,"LaCrosse, LaCrosse, Whitman County",300201,LaCrosse,2017-11-25 01:22:22.642052
2013-04-07,06:45,43.4,43.3,38.7,83.3,0.93,E@10.7,15.3,47.5,49.3,22.7,0.0,77,29.7,"LaCrosse, LaCrosse, Whitman County",300201,LaCrosse,2017-11-25 01:22:22.642052
2013-04-07,07:00,43.9,43.8,38.8,82.2,0.93,SE@12.5,16.7,47.4,49.3,22.7,0.01,61,29.7,"LaCrosse, LaCrosse, Whitman County",300201,LaCrosse,2017-11-25 01:22:22.642052
2013-04-07,07:15,44.3,44.2,38.6,80.4,0.93,SE@13.9,20.0,47.4,49.2,22.7,0.01,62,29.69,"LaCrosse, LaCrosse, Whitman County",300201,LaCrosse,2017-11-25 01:22:22.642052
2013-04-07,07:30,45.1,45.0,38.9,78.7,0.92,SE@12.7,16.4,47.3,49.2,22.7,0.0,120,29.68,"LaCrosse, LaCrosse, Whitman County",300201,LaCrosse,2017-11-25 01:22:22.642052
2013-04-07,07:45,46.8,46.7,39.5,75.6,0.89,SE@11.0,14.2,47.3,49.1,22.7,0.0,239,29.68,"LaCrosse, LaCrosse, Whitman County",300201,LaCrosse,2017-11-25 01:22:22.642052
2013-04-07,08:00,47.6,47.4,39.5,73.4,0.79,SE@8.0,11.0,47.3,49.1,22.7,0.0,124,29.68,"LaCrosse, LaCrosse, Whitman County",300201,LaCrosse,2017-11-25 01:22:22.642052
2013-04-07,08:15,48.0,47.9,39.9,73.2,0.54,SE@8.5,12.1,47.3,49.1,22.7,0.0,167,29.68,"LaCrosse, LaCrosse, Whitman County",300201,LaCrosse,2017-11-25 01:22:22.642052
2013-04-07,08:30,48.9,48.8,40.0,71.1,0.12,SE@9.8,14.2,47.4,49.0,22.7,0.0,174,29.68,"LaCrosse, LaCrosse, Whitman County",300201,LaCrosse,2017-11-25 01:22:22.642052
2013-04-07,08:45,48.8,48.7,40.4,72.5,0.0,SE@11.9,17.8,47.5,49.0,22.7,0.0,134,29.68,"LaCrosse, LaCrosse, Whitman County",300201,LaCrosse,2017-11-25 01:22:22.642052
2013-04-07,09:00,49.3,49.3,41.3,73.7,0.0,S@11.0,18.5,47.6,48.9,22.7,0.0,318,29.68,"LaCrosse, LaCrosse, Whitman County",300201,LaCrosse,2017-11-25 01:22:22.642052
2013-04-07,09:15,52.1,52.0,41.5,67.1,0.0,S@16.3,25.0,47.7,48.9,22.7,0.0,510,29.68,"LaCrosse, LaCrosse, Whitman County",300201,LaCrosse,2017-11-25 01:22:22.642052
2013-04-07,09:30,52.9,52.7,39.3,59.7,0.0,SW@24.1,35.7,47.9,48.9,22.7,0.0,447,29.68,"LaCrosse, LaCrosse, Whitman County",300201,LaCrosse,2017-11-25 01:22:22.642052
2013-04-07,09:45,52.4,52.1,37.0,55.6,0.0,SW@31.4,43.2,48.1,48.9,22.7,0.0,533,29.68,"LaCrosse, LaCrosse, Whitman County",300201,LaCrosse,2017-11-25 01:22:22.642052
2013-04-07,10:00,52.3,52.0,36.6,55.0,0.0,SW@30.8,40.7,48.3,48.8,22.7,0.0,647,29.69,"LaCrosse, LaCrosse, Whitman County",300201,LaCrosse,2017-11-25 01:22:22.642052
2013-04-07,10:15,52.7,52.3,36.2,53.4,0.0,SW@30.2,43.6,48.5,48.8,22.7,0.0,666,29.69,"LaCrosse, LaCrosse, Whitman County",300201,LaCrosse,2017-11-25 01:22:22.642052
2013-04-07,10:30,52.8,52.5,36.3,53.2,0.0,SW@30.9,40.7,48.7,48.8,22.7,0.0,640,29.69,"LaCrosse, LaCrosse, Whitman County",300201,LaCrosse,2017-11-25 01:22:22.642052
2013-04-07,10:45,54.0,53.7,37.2,52.7,0.0,SW@30.9,40.0,48.9,48.8,22.7,0.0,849,29.69,"LaCrosse, LaCrosse, Whitman County",300201,LaCrosse,2017-11-25 01:22:22.642052
2013-04-07,11:00,53.4,53.1,35.7,50.7,0.0,SW@33.5,44.3,49.1,48.7,22.7,0.0,664,29.69,"LaCrosse, LaCrosse, Whitman County",300201,LaCrosse,2017-11-25 01:22:22.642052
2013-04-07,11:15,53.6,53.3,34.8,48.7,0.0,SW@35.2,43.6,49.3,48.7,22.6,0.0,730,29.69,"LaCrosse, LaCrosse, Whitman County",300201,LaCrosse,2017-11-25 01:22:22.642052
2013-04-07,11:30,54.3,54.0,34.8,47.4,0.0,SW@33.4,46.4,49.5,48.7,22.6,0.0,918,29.7,"LaCrosse, LaCrosse, Whitman County",300201,LaCrosse,2017-11-25 01:22:22.642052
2013-04-07,11:45,54.5,54.1,34.6,46.8,0.0,SW@32.9,42.5,49.7,48.7,22.6,0.0,879,29.7,"LaCrosse, LaCrosse, Whitman County",300201,LaCrosse,2017-11-25 01:22:22.642052
2013-04-07,12:00,54.8,54.4,34.7,46.5,0.0,SW@30.9,41.8,49.9,48.7,22.6,0.0,856,29.71,"LaCrosse, LaCrosse, Whitman County",300201,LaCrosse,2017-11-25 01:22:22.642052
2013-04-07,12:15,54.6,54.2,33.4,44.4,0.0,SW@30.3,39.3,50.2,48.7,22.6,0.0,693,29.71,"LaCrosse, LaCrosse, Whitman County",300201,LaCrosse,2017-11-25 01:22:22.642052
2013-04-07,12:30,53.9,53.7,33.3,45.4,0.0,SW@27.3,34.3,50.4,48.7,22.6,0.0,629,29.72,"LaCrosse, LaCrosse, Whitman County",300201,LaCrosse,2017-11-25 01:22:22.642052
2013-04-07,12:45,53.4,53.1,33.1,46.0,0.0,SW@26.0,33.2,50.7,48.8,22.6,0.0,404,29.72,"LaCrosse, LaCrosse, Whitman County",300201,LaCrosse,2017-11-25 01:22:22.642052
2013-04-07,13:00,52.3,52.0,34.4,50.3,0.05,SW@23.1,32.5,50.9,48.8,22.6,0.0,354,29.73,"LaCrosse, LaCrosse, Whitman County",300201,LaCrosse,2017-11-25 01:22:22.642052
2013-04-07,13:15,51.3,51.2,34.1,51.7,0.03,SW@19.7,28.9,51.1,48.8,22.7,0.0,186,29.73,"LaCrosse, LaCrosse, Whitman County",300201,LaCrosse,2017-11-25 01:22:22.642052
2013-04-07,13:30,51.2,51.2,34.9,53.4,0.0,SW@17.6,25.3,51.2,48.8,22.6,0.0,272,29.73,"LaCrosse, LaCrosse, Whitman County",300201,LaCrosse,2017-11-25 01:22:22.642052
2013-04-07,13:45,51.6,51.3,33.5,50.0,0.0,SW@17.4,24.3,51.3,48.9,22.6,0.0,137,29.73,"LaCrosse, LaCrosse, Whitman County",300201,LaCrosse,2017-11-25 01:22:22.642052
2013-04-07,14:00,47.8,47.6,33.6,57.6,0.58,SW@17.2,24.3,51.3,48.9,22.7,0.02,34,29.74,"LaCrosse, LaCrosse, Whitman County",300201,LaCrosse,2017-11-25 01:22:22.642052
2013-04-07,14:15,47.3,47.2,34.6,61.1,0.45,SW@11.7,20.3,51.3,48.9,22.7,0.0,38,29.74,"LaCrosse, LaCrosse, Whitman County",300201,LaCrosse,2017-11-25 01:22:22.642052
2013-04-07,14:30,46.1,45.9,35.2,65.5,0.82,S@6.0,11.0,51.2,49.0,22.7,0.02,94,29.74,"LaCrosse, LaCrosse, Whitman County",300201,LaCrosse,2017-11-25 01:22:22.642052
2013-04-07,14:45,48.1,48.1,35.9,62.4,0.91,SW@10.6,20.0,51.1,49.0,22.7,0.02,51,29.74,"LaCrosse, LaCrosse, Whitman County",300201,LaCrosse,2017-11-25 01:22:22.642052
2013-04-07,15:00,47.9,47.7,34.2,59.0,0.9,W@12.6,20.7,50.9,49.0,22.7,0.0,45,29.74,"LaCrosse, LaCrosse, Whitman County",300201,LaCrosse,2017-11-25 01:22:22.642052
2013-04-07,15:15,46.3,46.1,33.6,61.0,0.74,W@13.8,21.8,50.7,49.1,22.7,0.0,51,29.75,"LaCrosse, LaCrosse, Whitman County",300201,LaCrosse,2017-11-25 01:22:22.642052
2013-04-07,15:30,44.4,44.1,32.1,61.7,0.77,W@9.1,17.8,50.5,49.1,22.7,0.01,56,29.77,"LaCrosse, LaCrosse, Whitman County",300201,LaCrosse,2017-11-25 01:22:22.642052
2013-04-07,15:45,43.6,43.4,31.8,62.8,0.91,NW@5.8,10.7,50.4,49.1,22.7,0.03,38,29.77,"LaCrosse, LaCrosse, Whitman County",300201,LaCrosse,2017-11-25 01:22:22.642052
2013-04-07,16:00,42.8,42.5,31.3,63.7,0.92,S@3.1,8.2,50.2,49.2,22.7,0.01,21,29.77,"LaCrosse, LaCrosse, Whitman County",300201,LaCrosse,2017-11-25 01:22:22.642052
2013-04-07,16:15,41.6,41.4,31.5,67.1,0.92,SE@3.6,8.2,49.9,49.2,22.7,0.03,10,29.77,"LaCrosse, LaCrosse, Whitman County",300201,LaCrosse,2017-11-25 01:22:22.642052
2013-04-07,16:30,41.4,41.2,30.0,63.6,0.92,S@6.5,16.0,49.7,49.2,22.7,0.05,8,29.79,"LaCrosse, LaCrosse, Whitman County",300201,LaCrosse,2017-11-25 01:22:22.642052
2013-04-07,16:45,41.0,40.8,29.7,63.8,0.91,S@10.5,18.2,49.3,49.2,22.7,0.04,9,29.78,"LaCrosse, LaCrosse, Whitman County",300201,LaCrosse,2017-11-25 01:22:22.642052
2013-04-07,17:00,42.9,42.9,29.3,58.3,0.88,SW@11.9,20.3,48.9,49.2,22.7,0.03,21,29.79,"LaCrosse, LaCrosse, Whitman County",300201,LaCrosse,2017-11-25 01:22:22.642052
2013-04-07,17:15,41.9,41.8,31.1,65.3,0.77,SW@16.1,21.4,48.4,49.2,22.7,0.0,12,29.79,"LaCrosse, LaCrosse, Whitman County",300201,LaCrosse,2017-11-25 01:22:22.642052
2013-04-07,17:30,42.8,42.9,30.6,61.7,0.45,SW@14.6,25.7,48.0,49.2,22.7,0.0,7,29.79,"LaCrosse, LaCrosse, Whitman County",300201,LaCrosse,2017-11-25 01:22:22.642052
2013-04-07,17:45,42.7,42.5,30.7,62.2,0.09,S@9.6,14.2,47.7,49.2,22.7,0.0,6,29.8,"LaCrosse, LaCrosse, Whitman County",300201,LaCrosse,2017-11-25 01:22:22.642052
2013-04-07,18:00,41.8,41.7,31.8,67.4,0.0,S@11.4,16.7,47.5,49.2,22.7,0.0,3,29.8,"LaCrosse, LaCrosse, Whitman County",300201,LaCrosse,2017-11-25 01:22:22.642052
2013-04-07,18:15,42.5,42.4,32.1,66.2,0.0,S@15.1,20.3,47.3,49.2,22.7,0.0,1,29.81,"LaCrosse, LaCrosse, Whitman County",300201,LaCrosse,2017-11-25 01:22:22.642052
2013-04-07,18:30,42.2,42.0,33.0,69.6,0.0,S@12.0,17.1,47.1,49.2,22.7,0.0,0,29.81,"LaCrosse, LaCrosse, Whitman County",300201,LaCrosse,2017-11-25 01:22:22.642052
2013-04-07,18:45,42.2,42.0,33.5,71.0,0.0,S@8.8,12.1,47.0,49.1,22.7,0.0,0,29.81,"LaCrosse, LaCrosse, Whitman County",300201,LaCrosse,2017-11-25 01:22:22.642052
2013-04-07,19:00,42.2,42.1,33.6,71.3,0.0,S@8.7,16.4,46.9,49.1,22.7,0.0,0,29.81,"LaCrosse, LaCrosse, Whitman County",300201,LaCrosse,2017-11-25 01:22:22.642052
2013-04-07,19:15,42.9,42.8,33.0,67.8,0.0,S@12.3,16.0,46.7,49.0,22.7,0.0,0,29.82,"LaCrosse, LaCrosse, Whitman County",300201,LaCrosse,2017-11-25 01:22:22.642052
2013-04-07,19:30,42.1,41.9,33.7,71.7,0.0,S@9.7,13.9,46.6,49.0,22.7,0.0,0,29.83,"LaCrosse, LaCrosse, Whitman County",300201,LaCrosse,2017-11-25 01:22:22.642052
2013-04-07,19:45,41.7,41.5,34.0,73.9,0.0,S@8.1,11.0,46.5,48.9,22.7,0.0,0,29.83,"LaCrosse, LaCrosse, Whitman County",300201,LaCrosse,2017-11-25 01:22:22.642052
2013-04-07,20:00,41.3,41.1,33.6,73.8,0.0,S@8.3,13.2,46.4,48.9,22.7,0.0,0,29.84,"LaCrosse, LaCrosse, Whitman County",300201,LaCrosse,2017-11-25 01:22:22.642052
2013-04-07,20:15,41.4,41.3,32.9,71.5,0.0,S@9.0,12.8,46.3,48.8,22.7,0.0,0,29.84,"LaCrosse, LaCrosse, Whitman County",300201,LaCrosse,2017-11-25 01:22:22.642052
2013-04-07,20:30,41.1,41.0,32.4,70.8,0.0,S@9.9,14.6,46.2,48.8,22.7,0.0,0,29.85,"LaCrosse, LaCrosse, Whitman County",300201,LaCrosse,2017-11-25 01:22:22.642052
2013-04-07,20:45,40.6,40.4,32.3,72.1,0.0,S@9.0,13.5,46.1,48.7,22.7,0.0,0,29.86,"LaCrosse, LaCrosse, Whitman County",300201,LaCrosse,2017-11-25 01:22:22.642052
2013-04-07,21:00,39.9,39.6,32.2,74.0,0.0,S@7.9,10.7,46.0,48.6,22.7,0.0,0,29.86,"LaCrosse, LaCrosse, Whitman County",300201,LaCrosse,2017-11-25 01:22:22.642052
2013-04-07,21:15,40.0,39.9,32.1,73.2,0.0,S@10.7,14.2,45.8,48.6,22.7,0.0,0,29.86,"LaCrosse, LaCrosse, Whitman County",300201,LaCrosse,2017-11-25 01:22:22.642052
2013-04-07,21:30,40.0,39.7,32.1,73.1,0.0,S@9.4,12.4,45.7,48.5,22.7,0.0,0,29.86,"LaCrosse, LaCrosse, Whitman County",300201,LaCrosse,2017-11-25 01:22:22.642052
2013-04-07,21:45,39.3,39.1,31.8,74.2,0.0,S@9.1,12.4,45.5,48.5,22.7,0.0,0,29.86,"LaCrosse, LaCrosse, Whitman County",300201,LaCrosse,2017-11-25 01:22:22.642052
2013-04-07,22:00,39.0,38.8,31.7,74.8,0.0,S@9.9,13.5,45.4,48.4,22.7,0.0,0,29.86,"LaCrosse, LaCrosse, Whitman County",300201,LaCrosse,2017-11-25 01:22:22.642052
2013-04-07,22:15,38.5,38.3,31.7,76.3,0.0,S@7.6,11.4,45.3,48.3,22.7,0.0,0,29.87,"LaCrosse, LaCrosse, Whitman County",300201,LaCrosse,2017-11-25 01:22:22.642052
2013-04-07,22:30,38.8,38.6,32.1,76.9,0.0,S@7.6,10.3,45.1,48.3,22.7,0.0,0,29.87,"LaCrosse, LaCrosse, Whitman County",300201,LaCrosse,2017-11-25 01:22:22.642052
2013-04-07,22:45,38.9,38.6,32.1,76.5,0.0,S@5.7,8.5,45.0,48.2,22.7,0.0,0,29.88,"LaCrosse, LaCrosse, Whitman County",300201,LaCrosse,2017-11-25 01:22:22.642052
2013-04-07,23:00,37.9,37.6,31.6,77.8,0.03,S@3.3,5.3,44.8,48.2,22.7,0.0,0,29.88,"LaCrosse, LaCrosse, Whitman County",300201,LaCrosse,2017-11-25 01:22:22.642052
2013-04-08,23:15,37.5,37.2,31.2,77.9,0.11,S@3.8,6.7,44.7,48.1,22.7,0.0,0,29.88,"LaCrosse, LaCrosse, Whitman County",300201,LaCrosse,2017-11-25 01:22:22.642052
2013-04-08,23:30,36.7,36.3,30.5,78.2,0.19,S@2.0,3.5,44.6,48.0,22.7,0.0,0,29.89,"LaCrosse, LaCrosse, Whitman County",300201,LaCrosse,2017-11-25 01:22:22.642052
2013-04-08,23:45,36.1,35.8,30.1,78.6,0.27,S@3.2,4.6,44.4,48.0,22.7,0.0,0,29.89,"LaCrosse, LaCrosse, Whitman County",300201,LaCrosse,2017-11-25 01:22:22.642052
2013-04-08,24:00,36.8,36.7,30.6,78.2,0.26,S@5.4,10.3,44.3,47.9,22.7,0.0,0,29.9,"LaCrosse, LaCrosse, Whitman County",300201,LaCrosse,2017-11-25 01:22:22.642052
2013-04-08,00:15,38.2,38.0,31.2,75.6,0.04,S@7.2,10.3,44.1,47.9,22.7,0.0,0,29.9,"LaCrosse, LaCrosse, Whitman County",300201,LaCrosse,2017-11-25 01:22:22.642052
2013-04-08,00:30,38.3,38.1,31.1,75.1,0.0,S@7.5,10.7,44.0,47.8,22.7,0.0,0,29.91,"LaCrosse, LaCrosse, Whitman County",300201,LaCrosse,2017-11-25 01:22:22.642052
2013-04-08,00:45,38.2,38.0,31.0,75.2,0.0,S@7.9,11.4,43.8,47.7,22.7,0.0,0,29.91,"LaCrosse, LaCrosse, Whitman County",300201,LaCrosse,2017-11-25 01:22:22.642052
2013-04-08,01:00,37.3,37.0,30.6,76.3,0.01,S@5.9,9.9,43.7,47.7,22.6,0.0,0,29.92,"LaCrosse, LaCrosse, Whitman County",300201,LaCrosse,2017-11-25 01:22:22.642052
2013-04-08,01:15,36.1,35.8,29.9,78.0,0.11,S@3.4,4.9,43.6,47.6,22.6,0.0,0,29.92,"LaCrosse, LaCrosse, Whitman County",300201,LaCrosse,2017-11-25 01:22:22.642052
2013-04-08,01:30,35.0,34.6,29.3,79.4,0.21,SE@4.0,5.7,43.5,47.5,22.6,0.0,0,29.93,"LaCrosse, LaCrosse, Whitman County",300201,LaCrosse,2017-11-25 01:22:22.642052
2013-04-08,01:45,34.9,34.8,29.5,80.4,0.28,SE@5.3,6.7,43.3,47.5,22.6,0.0,0,29.93,"LaCrosse, LaCrosse, Whitman County",300201,LaCrosse,2017-11-25 01:22:22.642052
2013-04-08,02:00,35.4,35.1,29.7,79.5,0.3,S@4.4,6.0,43.2,47.4,22.6,0.0,0,29.94,"LaCrosse, LaCrosse, Whitman County",300201,LaCrosse,2017-11-25 01:22:22.642052
2013-04-08,02:15,34.7,34.5,29.2,79.9,0.33,S@4.3,5.7,43.1,47.3,22.6,0.0,0,29.94,"LaCrosse, LaCrosse, Whitman County",300201,LaCrosse,2017-11-25 01:22:22.642052
2013-04-08,02:30,35.2,35.0,29.5,79.4,0.33,S@4.5,6.4,42.9,47.3,22.6,0.0,0,29.94,"LaCrosse, LaCrosse, Whitman County",300201,LaCrosse,2017-11-25 01:22:22.642052
2013-04-08,02:45,34.9,34.6,29.1,79.3,0.32,S@4.3,6.4,42.8,47.2,22.6,0.0,0,29.95,"LaCrosse, LaCrosse, Whitman County",300201,LaCrosse,2017-11-25 01:22:22.642052
2013-04-08,03:00,34.8,34.6,29.2,80.0,0.37,S@2.9,4.9,42.6,47.1,22.6,0.0,0,29.96,"LaCrosse, LaCrosse, Whitman County",300201,LaCrosse,2017-11-25 01:22:22.642052
2013-04-08,03:15,34.0,33.4,28.4,79.8,0.42,W@2.0,3.1,42.5,47.1,22.6,0.0,0,29.96,"LaCrosse, LaCrosse, Whitman County",300201,LaCrosse,2017-11-25 01:22:22.642052
2013-04-08,03:30,33.0,32.3,27.9,81.3,0.48,NW@0.4,2.1,42.3,47.0,22.6,0.0,0,29.97,"LaCrosse, LaCrosse, Whitman County",300201,LaCrosse,2017-11-25 01:22:22.642052
2013-04-08,03:45,31.8,31.3,26.9,82.3,0.54,E@2.7,3.9,42.2,46.9,22.6,0.0,0,29.98,"LaCrosse, LaCrosse, Whitman County",300201,LaCrosse,2017-11-25 01:22:22.642052
2013-04-08,04:00,32.1,32.0,27.8,83.9,0.6,E@2.9,4.2,42.0,46.8,22.6,0.0,0,29.99,"LaCrosse, LaCrosse, Whitman County",300201,LaCrosse,2017-11-25 01:22:22.642052
2013-04-08,04:15,34.2,33.9,29.6,83.1,0.65,SE@3.4,4.9,41.9,46.8,22.6,0.0,0,29.99,"LaCrosse, LaCrosse, Whitman County",300201,LaCrosse,2017-11-25 01:22:22.642052
2013-04-08,04:30,33.0,32.7,28.4,82.9,0.67,E@3.9,5.7,41.8,46.7,22.6,0.0,0,30.0,"LaCrosse, LaCrosse, Whitman County",300201,LaCrosse,2017-11-25 01:22:22.642052
2013-04-08,04:45,31.8,31.4,27.2,83.2,0.7,E@4.8,6.7,41.7,46.6,22.6,0.0,0,30.01,"LaCrosse, LaCrosse, Whitman County",300201,LaCrosse,2017-11-25 01:22:22.642052
2013-04-08,05:00,31.2,30.9,26.6,83.6,0.73,E@3.0,5.3,41.6,46.6,22.6,0.0,0,30.01,"LaCrosse, LaCrosse, Whitman County",300201,LaCrosse,2017-11-25 01:22:22.642052
2013-04-08,05:15,30.9,30.5,26.3,83.8,0.75,E@2.0,2.8,41.4,46.5,22.6,0.0,1,30.02,"LaCrosse, LaCrosse, Whitman County",300201,LaCrosse,2017-11-25 01:22:22.642052
2013-04-08,05:30,30.1,29.6,25.3,83.5,0.78,E@2.3,3.1,41.3,46.4,22.6,0.0,7,30.03,"LaCrosse, LaCrosse, Whitman County",300201,LaCrosse,2017-11-25 01:22:22.642052
2013-04-08,05:45,30.0,29.8,25.3,83.8,0.8,SE@1.5,3.5,41.2,46.3,22.6,0.0,32,30.04,"LaCrosse, LaCrosse, Whitman County",300201,LaCrosse,2017-11-25 01:22:22.642052
2013-04-08,06:00,31.8,31.7,27.4,83.9,0.83,S@3.0,3.9,41.1,46.3,22.6,0.0,75,30.05,"LaCrosse, LaCrosse, Whitman County",300201,LaCrosse,2017-11-25 01:22:22.642052
2013-04-08,06:15,32.8,32.8,28.3,83.2,0.83,SE@4.1,6.7,41.0,46.2,22.6,0.0,128,30.05,"LaCrosse, LaCrosse, Whitman County",300201,LaCrosse,2017-11-25 01:22:22.642052
2013-04-08,06:30,33.6,33.5,28.9,82.7,0.82,E@5.6,7.4,41.0,46.2,22.6,0.0,168,30.06,"LaCrosse, LaCrosse, Whitman County",300201,LaCrosse,2017-11-25 01:22:22.642052
2013-04-08,06:45,35.6,35.4,30.5,81.5,0.81,SE@4.6,7.1,40.9,46.1,22.6,0.0,207,30.06,"LaCrosse, LaCrosse, Whitman County",300201,LaCrosse,2017-11-25 01:22:22.642052
2013-04-08,07:00,37.4,37.1,31.7,79.9,0.78,S@4.9,7.4,40.8,46.0,22.6,0.0,240,30.06,"LaCrosse, LaCrosse, Whitman County",300201,LaCrosse,2017-11-25 01:22:22.642052
2013-04-08,07:15,38.7,38.5,32.7,79.0,0.73,S@4.8,7.1,40.8,46.0,22.6,0.0,264,30.07,"LaCrosse, LaCrosse, Whitman County",300201,LaCrosse,2017-11-25 01:22:22.642052
2013-04-08,07:30,39.3,39.1,33.1,78.3,0.62,S@5.6,8.9,40.7,45.9,22.6,0.0,207,30.07,"LaCrosse, LaCrosse, Whitman County",300201,LaCrosse,2017-11-25 01:22:22.642052
2013-04-08,07:45,40.2,39.9,33.3,76.2,0.3,S@8.4,11.4,40.8,45.8,22.6,0.0,178,30.07,"LaCrosse, LaCrosse, Whitman County",300201,LaCrosse,2017-11-25 01:22:22.642052
2013-04-08,08:00,40.7,40.4,33.4,75.1,0.0,SW@8.2,10.7,40.9,45.8,22.6,0.0,253,30.07,"LaCrosse, LaCrosse, Whitman County",300201,LaCrosse,2017-11-25 01:22:22.642052
2013-04-08,08:15,41.4,41.2,33.7,73.9,0.0,SW@8.5,12.1,41.1,45.7,22.6,0.0,282,30.07,"LaCrosse, LaCrosse, Whitman County",300201,LaCrosse,2017-11-25 01:22:22.642052
2013-04-08,08:30,42.0,41.7,33.8,72.6,0.0,SW@8.3,12.1,41.3,45.6,22.6,0.0,336,30.08,"LaCrosse, LaCrosse, Whitman County",300201,LaCrosse,2017-11-25 01:22:22.642052
2013-04-08,08:45,42.4,42.0,33.6,70.7,0.0,SW@7.5,10.7,41.5,45.6,22.6,0.0,265,30.09,"LaCrosse, LaCrosse, Whitman County",300201,LaCrosse,2017-11-25 01:22:22.642052
2013-04-08,09:00,42.7,42.5,33.5,69.8,0.0,SW@7.4,9.9,41.8,45.5,22.6,0.0,333,30.09,"LaCrosse, LaCrosse, Whitman County",300201,LaCrosse,2017-11-25 01:22:22.642052
2013-04-08,09:15,43.0,42.7,34.4,71.5,0.0,W@7.4,10.7,42.1,45.4,22.6,0.0,224,30.09,"LaCrosse, LaCrosse, Whitman County",300201,LaCrosse,2017-11-25 01:22:22.642052
2013-04-08,09:30,43.2,42.9,33.5,68.5,0.0,W@6.6,11.4,42.5,45.4,22.6,0.0,299,30.1,"LaCrosse, LaCrosse, Whitman County",300201,LaCrosse,2017-11-25 01:22:22.642052
2013-04-08,09:45,44.1,43.8,33.5,65.9,0.0,SW@6.8,9.9,42.8,45.4,22.6,0.0,447,30.1,"LaCrosse, LaCrosse, Whitman County",300201,LaCrosse,2017-11-25 01:22:22.642052
2013-04-08,10:00,44.6,44.4,33.7,65.3,0.0,W@5.4,9.6,43.1,45.3,22.6,0.0,513,30.11,"LaCrosse, LaCrosse, Whitman County",300201,LaCrosse,2017-11-25 01:22:22.642052
2013-04-08,10:15,45.8,45.5,33.5,62.1,0.0,SW@3.8,6.7,43.5,45.3,22.6,0.0,409,30.11,"LaCrosse, LaCrosse, Whitman County",300201,LaCrosse,2017-11-25 01:22:22.642052
2013-04-08,10:30,46.0,46.0,33.4,61.2,0.0,NW@3.8,6.0,43.8,45.3,22.6,0.0,495,30.12,"LaCrosse, LaCrosse, Whitman County",300201,LaCrosse,2017-11-25 01:22:22.642052
2013-04-08,10:45,47.4,47.4,33.7,58.9,0.0,NW@3.4,6.4,44.2,45.3,22.6,0.0,587,30.12,"LaCrosse, LaCrosse, Whitman County",300201,LaCrosse,2017-11-25 01:22:22.642052
2013-04-08,11:00,46.4,46.3,32.6,58.6,0.0,W@3.6,7.8,44.6,45.3,22.6,0.0,493,30.12,"LaCrosse, LaCrosse, Whitman County",300201,LaCrosse,2017-11-25 01:22:22.642052
2013-04-08,11:15,48.5,48.6,34.0,56.9,0.0,W@4.2,8.9,45.0,45.3,22.6,0.0,865,30.13,"LaCrosse, LaCrosse, Whitman County",300201,LaCrosse,2017-11-25 01:22:22.642052
2013-04-08,11:30,47.1,47.2,33.1,57.9,0.0,NW@3.5,7.1,45.5,45.3,22.6,0.0,273,30.13,"LaCrosse, LaCrosse, Whitman County",300201,LaCrosse,2017-11-25 01:22:22.642052
2013-04-08,11:45,47.8,47.9,33.2,56.7,0.0,NW@3.6,8.2,46.0,45.3,22.6,0.0,442,30.13,"LaCrosse, LaCrosse, Whitman County",300201,LaCrosse,2017-11-25 01:22:22.642052
2013-04-08,12:00,47.7,47.9,32.6,55.6,0.0,NW@4.7,8.5,46.6,45.3,22.6,0.0,310,30.14,"LaCrosse, LaCrosse, Whitman County",300201,LaCrosse,2017-11-25 01:22:22.642052
2013-04-08,12:15,47.5,47.4,31.2,53.0,0.0,W@2.5,4.9,47.0,45.3,22.6,0.0,345,30.13,"LaCrosse, LaCrosse, Whitman County",300201,LaCrosse,2017-11-25 01:22:22.642052
2013-04-08,12:30,49.5,49.3,32.7,52.2,0.0,SW@4.3,8.5,47.4,45.4,22.6,0.0,1034,30.14,"LaCrosse, LaCrosse, Whitman County",300201,LaCrosse,2017-11-25 01:22:22.642052
2013-04-08,12:45,50.8,50.6,34.2,52.8,0.0,W@4.6,13.5,47.8,45.4,22.6,0.0,597,30.15,"LaCrosse, LaCrosse, Whitman County",300201,LaCrosse,2017-11-25 01:22:22.642052
2013-04-08,13:00,48.8,48.7,33.3,54.8,0.0,NW@5.4,11.4,48.2,45.5,22.6,0.0,176,30.15,"LaCrosse, LaCrosse, Whitman County",300201,LaCrosse,2017-11-25 01:22:22.642052
2013-04-08,13:15,48.1,48.0,33.1,55.9,0.0,NW@5.0,8.2,48.7,45.6,22.6,0.0,127,30.15,"LaCrosse, LaCrosse, Whitman County",300201,LaCrosse,2017-11-25 01:22:22.642052
2013-04-08,13:30,48.3,48.2,33.6,56.5,0.0,W@4.5,8.9,49.1,45.6,22.6,0.0,204,30.14,"LaCrosse, LaCrosse, Whitman County",300201,LaCrosse,2017-11-25 01:22:22.642052
2013-04-08,13:45,48.3,48.1,33.0,55.3,0.0,W@4.5,7.8,49.4,45.7,22.6,0.0,271,30.14,"LaCrosse, LaCrosse, Whitman County",300201,LaCrosse,2017-11-25 01:22:22.642052
2013-04-08,14:00,48.8,48.6,33.5,55.3,0.0,SW@4.9,9.2,49.6,45.8,22.6,0.0,379,30.14,"LaCrosse, LaCrosse, Whitman County",300201,LaCrosse,2017-11-25 01:22:22.642052
2013-04-08,14:15,49.9,49.8,33.8,53.8,0.0,W@4.3,8.5,49.7,45.9,22.6,0.0,491,30.15,"LaCrosse, LaCrosse, Whitman County",300201,LaCrosse,2017-11-25 01:22:22.642052
2013-04-08,14:30,49.2,49.1,33.3,53.9,0.0,W@4.5,7.4,49.8,46.0,22.6,0.0,194,30.16,"LaCrosse, LaCrosse, Whitman County",300201,LaCrosse,2017-11-25 01:22:22.642052
2013-04-08,14:45,49.9,49.8,34.2,54.5,0.0,W@4.9,7.1,49.9,46.1,22.6,0.0,483,30.15,"LaCrosse, LaCrosse, Whitman County",300201,LaCrosse,2017-11-25 01:22:22.642052
2013-04-08,15:00,51.4,51.1,34.5,52.1,0.0,W@6.2,11.0,50.1,46.2,22.6,0.0,664,30.16,"LaCrosse, LaCrosse, Whitman County",300201,LaCrosse,2017-11-25 01:22:22.642052
2013-04-08,15:15,52.1,51.8,35.7,53.4,0.0,W@6.7,12.1,50.3,46.3,22.6,0.0,722,30.16,"LaCrosse, LaCrosse, Whitman County",300201,LaCrosse,2017-11-25 01:22:22.642052
2013-04-08,15:30,52.4,52.1,34.3,49.9,0.0,W@5.1,9.9,50.5,46.4,22.6,0.0,653,30.17,"LaCrosse, LaCrosse, Whitman County",300201,LaCrosse,2017-11-25 01:22:22.642052
2013-04-08,15:45,52.7,52.8,32.9,46.7,0.0,NW@3.3,7.4,50.7,46.5,22.6,0.0,553,30.17,"LaCrosse, LaCrosse, Whitman County",300201,LaCrosse,2017-11-25 01:22:22.642052
2013-04-08,16:00,52.6,52.7,33.2,47.4,0.0,NW@4.8,9.2,51.1,46.6,22.6,0.0,497,30.18,"LaCrosse, LaCrosse, Whitman County",300201,LaCrosse,2017-11-25 01:22:22.642052
2013-04-08,16:15,52.2,52.2,32.7,47.2,0.0,W@4.6,9.2,51.4,46.7,22.6,0.0,343,30.18,"LaCrosse, LaCrosse, Whitman County",300201,LaCrosse,2017-11-25 01:22:22.642052
2013-04-08,16:30,51.6,51.5,32.4,47.7,0.0,NW@4.4,8.2,51.7,46.8,22.6,0.0,171,30.18,"LaCrosse, LaCrosse, Whitman County",300201,LaCrosse,2017-11-25 01:22:22.642052
2013-04-08,16:45,50.7,50.8,32.2,48.9,0.0,NW@6.6,10.3,51.9,46.8,22.6,0.0,81,30.18,"LaCrosse, LaCrosse, Whitman County",300201,LaCrosse,2017-11-25 01:22:22.642052
2013-04-08,17:00,51.2,51.5,32.2,48.1,0.0,N@5.5,8.5,52.0,46.9,22.6,0.0,269,30.18,"LaCrosse, LaCrosse, Whitman County",300201,LaCrosse,2017-11-25 01:22:22.642052
2013-04-08,17:15,52.7,52.3,32.8,46.7,0.0,N@5.8,11.4,52.0,47.0,22.6,0.0,309,30.19,"LaCrosse, LaCrosse, Whitman County",300201,LaCrosse,2017-11-25 01:22:22.642052
2013-04-08,17:30,51.4,50.5,33.1,49.5,0.0,NE@8.4,11.0,52.0,47.1,22.6,0.0,194,30.19,"LaCrosse, LaCrosse, Whitman County",300201,LaCrosse,2017-11-25 01:22:22.642052
2013-04-08,17:45,50.1,49.3,34.3,54.5,0.0,NE@6.1,8.2,51.9,47.2,22.6,0.0,119,30.19,"LaCrosse, LaCrosse, Whitman County",300201,LaCrosse,2017-11-25 01:22:22.642052
2013-04-08,18:00,49.2,48.3,34.8,57.3,0.0,N@4.5,6.7,51.8,47.3,22.6,0.0,83,30.2,"LaCrosse, LaCrosse, Whitman County",300201,LaCrosse,2017-11-25 01:22:22.642052
2013-04-08,18:15,47.5,46.5,34.8,60.9,0.0,N@3.5,4.6,51.7,47.4,22.6,0.0,34,30.19,"LaCrosse, LaCrosse, Whitman County",300201,LaCrosse,2017-11-25 01:22:22.642052
2013-04-08,18:30,44.3,43.4,33.4,65.1,0.0,NE@3.8,5.3,51.5,47.5,22.6,0.0,10,30.2,"LaCrosse, LaCrosse, Whitman County",300201,LaCrosse,2017-11-25 01:22:22.642052
2013-04-08,18:45,41.8,41.6,33.2,71.2,0.0,E@4.1,7.4,51.3,47.6,22.6,0.0,2,30.2,"LaCrosse, LaCrosse, Whitman County",300201,LaCrosse,2017-11-25 01:22:22.642052
2013-04-08,19:00,41.1,40.8,33.5,74.2,0.0,E@3.5,4.9,51.0,47.7,22.6,0.0,0,30.21,"LaCrosse, LaCrosse, Whitman County",300201,LaCrosse,2017-11-25 01:22:22.642052
2013-04-08,19:15,39.7,39.2,33.0,76.5,0.03,E@1.9,3.5,50.7,47.7,22.6,0.0,0,30.22,"LaCrosse, LaCrosse, Whitman County",300201,LaCrosse,2017-11-25 01:22:22.642052
2013-04-08,19:30,37.3,36.6,31.2,78.5,0.16,E@1.2,2.8,50.4,47.8,22.6,0.0,0,30.23,"LaCrosse, LaCrosse, Whitman County",300201,LaCrosse,2017-11-25 01:22:22.642052
2013-04-08,19:45,36.1,35.8,30.7,80.3,0.28,E@1.7,2.8,50.1,47.9,22.6,0.0,0,30.24,"LaCrosse, LaCrosse, Whitman County",300201,LaCrosse,2017-11-25 01:22:22.642052
2013-04-08,20:00,36.6,36.4,31.1,80.2,0.36,E@3.2,3.9,49.8,47.9,22.6,0.0,0,30.25,"LaCrosse, LaCrosse, Whitman County",300201,LaCrosse,2017-11-25 01:22:22.642052
2013-04-08,20:15,36.6,36.2,30.9,79.6,0.42,E@1.9,3.5,49.5,48.0,22.6,0.0,0,30.26,"LaCrosse, LaCrosse, Whitman County",300201,LaCrosse,2017-11-25 01:22:22.642052
2013-04-08,20:30,35.7,35.3,30.4,80.6,0.49,NE@1.2,2.1,49.2,48.0,22.6,0.0,0,30.27,"LaCrosse, LaCrosse, Whitman County",300201,LaCrosse,2017-11-25 01:22:22.642052
2013-04-08,20:45,34.3,33.8,29.3,81.6,0.55,E@1.4,2.1,48.8,48.1,22.6,0.0,0,30.27,"LaCrosse, LaCrosse, Whitman County",300201,LaCrosse,2017-11-25 01:22:22.642052
2013-04-08,21:00,33.8,33.4,29.2,82.8,0.61,SW@0.9,2.4,48.5,48.1,22.6,0.0,0,30.28,"LaCrosse, LaCrosse, Whitman County",300201,LaCrosse,2017-11-25 01:22:22.642052
2013-04-08,21:15,33.3,32.8,28.7,83.0,0.65,E@1.8,3.1,48.2,48.1,22.6,0.0,0,30.28,"LaCrosse, LaCrosse, Whitman County",300201,LaCrosse,2017-11-25 01:22:22.642052
2013-04-08,21:30,32.3,32.0,28.0,83.7,0.7,E@3.3,4.2,47.9,48.1,22.6,0.0,0,30.28,"LaCrosse, LaCrosse, Whitman County",300201,LaCrosse,2017-11-25 01:22:22.642052
2013-04-08,21:45,32.4,32.1,27.9,83.4,0.74,E@3.8,4.6,47.6,48.1,22.6,0.0,0,30.29,"LaCrosse, LaCrosse, Whitman County",300201,LaCrosse,2017-11-25 01:22:22.642052
2013-04-08,22:00,32.2,31.9,27.7,83.4,0.77,E@2.0,3.5,47.3,48.1,22.6,0.0,0,30.3,"LaCrosse, LaCrosse, Whitman County",300201,LaCrosse,2017-11-25 01:22:22.642052
2013-04-08,22:15,32.7,32.4,27.9,82.3,0.79,NE@2.1,3.5,47.0,48.1,22.6,0.0,0,30.31,"LaCrosse, LaCrosse, Whitman County",300201,LaCrosse,2017-11-25 01:22:22.642052
2013-04-08,22:30,32.5,32.1,27.6,81.9,0.81,NE@1.9,3.1,46.7,48.0,22.6,0.0,0,30.31,"LaCrosse, LaCrosse, Whitman County",300201,LaCrosse,2017-11-25 01:22:22.642052
2013-04-08,22:45,32.0,31.4,27.1,82.5,0.82,NE@0.4,2.1,46.4,48.0,22.6,0.0,0,30.31,"LaCrosse, LaCrosse, Whitman County",300201,LaCrosse,2017-11-25 01:22:22.642052
2013-04-08,23:00,31.3,30.8,26.3,82.1,0.84,NE@2.0,4.6,46.1,48.0,22.6,0.0,0,30.32,"LaCrosse, LaCrosse, Whitman County",300201,LaCrosse,2017-11-25 01:22:22.642052
2013-04-09,23:15,30.9,30.5,25.9,82.3,0.85,N@2.7,3.9,45.8,47.9,22.6,0.0,0,30.33,"LaCrosse, LaCrosse, Whitman County",300201,LaCrosse,2017-11-25 01:22:22.642052
2013-04-09,23:30,32.0,31.9,26.9,81.6,0.86,NE@3.1,4.2,45.6,47.9,22.6,0.0,0,30.33,"LaCrosse, LaCrosse, Whitman County",300201,LaCrosse,2017-11-25 01:22:22.642052
2013-04-09,23:45,30.9,30.4,25.7,81.7,0.86,NE@2.8,3.5,45.3,47.9,22.6,0.0,0,30.33,"LaCrosse, LaCrosse, Whitman County",300201,LaCrosse,2017-11-25 01:22:22.642052
2013-04-09,24:00,29.6,29.3,24.4,82.4,0.87,NE@2.4,3.1,45.1,47.8,22.6,0.0,0,30.33,"LaCrosse, LaCrosse, Whitman County",300201,LaCrosse,2017-11-25 01:22:22.642052
2013-04-09,00:15,30.2,30.1,25.3,83.0,0.88,NE@2.4,3.5,44.8,47.8,22.6,0.0,0,30.33,"LaCrosse, LaCrosse, Whitman County",300201,LaCrosse,2017-11-25 01:22:22.642052
2013-04-09,00:30,31.5,31.3,26.6,82.7,0.89,E@4.5,6.4,44.6,47.7,22.6,0.0,0,30.33,"LaCrosse, LaCrosse, Whitman County",300201,LaCrosse,2017-11-25 01:22:22.642052
2013-04-09,00:45,30.3,29.6,25.0,81.7,0.89,NE@3.1,4.2,44.4,47.6,22.6,0.0,0,30.34,"LaCrosse, LaCrosse, Whitman County",300201,LaCrosse,2017-11-25 01:22:22.642052
2013-04-09,01:00,30.1,30.0,25.2,82.9,0.89,NE@1.6,2.8,44.2,47.6,22.6,0.0,0,30.34,"LaCrosse, LaCrosse, Whitman County",300201,LaCrosse,2017-11-25 01:22:22.642052
2013-04-09,01:15,30.6,30.3,25.7,82.7,0.9,E@3.2,6.7,44.0,47.5,22.6,0.0,0,30.33,"LaCrosse, LaCrosse, Whitman County",300201,LaCrosse,2017-11-25 01:22:22.642052
2013-04-09,01:30,30.9,30.7,26.0,82.6,0.9,E@6.1,8.2,43.8,47.4,22.6,0.0,0,30.33,"LaCrosse, LaCrosse, Whitman County",300201,LaCrosse,2017-11-25 01:22:22.642052
2013-04-09,01:45,30.5,30.1,25.3,81.8,0.89,N@2.5,4.9,43.6,47.4,22.6,0.0,0,30.33,"LaCrosse, LaCrosse, Whitman County",300201,LaCrosse,2017-11-25 01:22:22.642052
2013-04-09,02:00,29.8,29.3,24.7,82.3,0.9,NW@2.2,3.5,43.4,47.3,22.6,0.0,0,30.34,"LaCrosse, LaCrosse, Whitman County",300201,LaCrosse,2017-11-25 01:22:22.642052
2013-04-09,02:15,30.0,29.6,24.9,82.2,0.68,NW@2.0,2.8,43.2,47.2,22.6,0.0,0,30.34,"LaCrosse, LaCrosse, Whitman County",300201,LaCrosse,2017-11-25 01:22:22.642052
2013-04-09,02:30,30.6,30.3,25.5,81.9,0.49,S@1.5,2.4,43.1,47.1,22.6,0.0,0,30.35,"LaCrosse, LaCrosse, Whitman County",300201,LaCrosse,2017-11-25 01:22:22.642052
2013-04-09,02:45,28.6,27.8,22.8,80.8,0.36,E@1.0,2.1,42.9,47.1,22.6,0.0,0,30.35,"LaCrosse, LaCrosse, Whitman County",300201,LaCrosse,2017-11-25 01:22:22.642052
2013-04-09,03:00,28.5,28.1,23.2,82.3,0.37,NW@1.7,2.8,42.7,47.0,22.6,0.0,0,30.35,"LaCrosse, LaCrosse, Whitman County",300201,LaCrosse,2017-11-25 01:22:22.642052
2013-04-09,03:15,29.6,29.1,24.5,82.5,0.38,E@1.0,2.1,42.6,46.9,22.6,0.0,0,30.35,"LaCrosse, LaCrosse, Whitman County",300201,LaCrosse,2017-11-25 01:22:22.642052
2013-04-09,03:30,28.4,27.8,22.9,81.7,0.33,NE@1.4,2.1,42.4,46.8,22.6,0.0,0,30.36,"LaCrosse, LaCrosse, Whitman County",300201,LaCrosse,2017-11-25 01:22:22.642052
2013-04-09,03:45,27.8,27.6,22.5,82.5,0.34,N@2.2,3.1,42.3,46.8,22.6,0.0,0,30.36,"LaCrosse, LaCrosse, Whitman County",300201,LaCrosse,2017-11-25 01:22:22.642052
2013-04-09,04:00,28.3,28.0,23.0,82.6,0.36,NE@2.7,3.5,42.1,46.7,22.6,0.0,0,30.36,"LaCrosse, LaCrosse, Whitman County",300201,LaCrosse,2017-11-25 01:22:22.642052
2013-04-09,04:15,28.4,28.2,23.1,82.3,0.35,N@2.2,3.1,42.0,46.6,22.6,0.0,0,30.36,"LaCrosse, LaCrosse, Whitman County",300201,LaCrosse,2017-11-25 01:22:22.642052
2013-04-09,04:30,28.3,27.9,22.8,82.0,0.32,NE@1.3,2.4,41.8,46.5,22.6,0.0,0,30.37,"LaCrosse, LaCrosse, Whitman County",300201,LaCrosse,2017-11-25 01:22:22.642052
2013-04-09,04:45,28.7,28.3,23.3,81.7,0.36,E@1.2,3.5,41.7,46.4,22.6,0.0,0,30.37,"LaCrosse, LaCrosse, Whitman County",300201,LaCrosse,2017-11-25 01:22:22.642052
2013-04-09,05:00,28.5,28.2,23.1,82.0,0.39,E@2.0,3.1,41.6,46.4,22.6,0.0,0,30.38,"LaCrosse, LaCrosse, Whitman County",300201,LaCrosse,2017-11-25 01:22:22.642052
2013-04-09,05:15,29.1,28.9,23.7,81.6,0.44,NE@1.6,2.4,41.4,46.3,22.6,0.0,2,30.38,"LaCrosse, LaCrosse, Whitman County",300201,LaCrosse,2017-11-25 01:22:22.642052
2013-04-09,05:30,30.0,29.8,24.6,81.5,0.5,E@0.6,2.1,41.3,46.2,22.6,0.0,11,30.39,"LaCrosse, LaCrosse, Whitman County",300201,LaCrosse,2017-11-25 01:22:22.642052
2013-04-09,05:45,30.5,30.2,25.0,80.8,0.54,E@2.1,2.8,41.2,46.2,22.6,0.0,22,30.39,"LaCrosse, LaCrosse, Whitman County",300201,LaCrosse,2017-11-25 01:22:22.642052
2013-04-09,06:00,30.9,30.6,25.4,80.7,0.61,NE@1.9,2.8,41.1,46.1,22.6,0.0,48,30.4,"LaCrosse, LaCrosse, Whitman County",300201,LaCrosse,2017-11-25 01:22:22.642052
2013-04-09,06:15,31.5,31.3,26.1,80.7,0.66,N@1.2,2.4,41.0,46.0,22.6,0.0,57,30.4,"LaCrosse, LaCrosse, Whitman County",300201,LaCrosse,2017-11-25 01:22:22.642052
2013-04-09,06:30,32.7,32.8,27.1,79.8,0.76,E@1.3,2.4,40.9,45.9,22.6,0.0,148,30.4,"LaCrosse, LaCrosse, Whitman County",300201,LaCrosse,2017-11-25 01:22:22.642052
2013-04-09,06:45,34.1,33.9,28.0,78.1,0.88,E@2.5,4.2,40.8,45.8,22.6,0.0,188,30.4,"LaCrosse, LaCrosse, Whitman County",300201,LaCrosse,2017-11-25 01:22:22.642052
2013-04-09,07:00,36.1,35.8,29.5,76.7,0.9,E@5.2,6.7,40.7,45.8,22.6,0.0,253,30.41,"LaCrosse, LaCrosse, Whitman County",300201,LaCrosse,2017-11-25 01:22:22.642052
2013-04-09,07:15,38.5,38.2,30.6,72.9,0.86,E@6.7,10.7,40.7,45.7,22.6,0.0,294,30.41,"LaCrosse, LaCrosse, Whitman County",300201,LaCrosse,2017-11-25 01:22:22.642052
2013-04-09,07:30,40.2,39.8,31.0,69.4,0.76,E@8.5,10.7,40.7,45.6,22.6,0.0,334,30.41,"LaCrosse, LaCrosse, Whitman County",300201,LaCrosse,2017-11-25 01:22:22.642052
2013-04-09,07:45,42.2,41.9,32.1,67.1,0.54,E@7.9,9.9,40.7,45.6,22.6,0.0,377,30.4,"LaCrosse, LaCrosse, Whitman County",300201,LaCrosse,2017-11-25 01:22:22.642052
2013-04-09,08:00,44.4,44.1,32.8,63.5,0.13,E@6.6,8.9,40.8,45.5,22.6,0.0,422,30.39,"LaCrosse, LaCrosse, Whitman County",300201,LaCrosse,2017-11-25 01:22:22.642052
2013-04-09,08:15,45.5,45.2,31.9,58.7,0.0,SE@5.9,8.5,41.0,45.4,22.6,0.0,468,30.39,"LaCrosse, LaCrosse, Whitman County",300201,LaCrosse,2017-11-25 01:22:22.642052
2013-04-09,08:30,46.4,46.2,32.5,58.0,0.0,SE@5.2,8.5,41.2,45.4,22.6,0.0,510,30.39,"LaCrosse, LaCrosse, Whitman County",300201,LaCrosse,2017-11-25 01:22:22.642052
2013-04-09,08:45,47.5,47.2,33.0,57.0,0.0,SE@5.4,8.9,41.6,45.3,22.6,0.0,550,30.39,"LaCrosse, LaCrosse, Whitman County",300201,LaCrosse,2017-11-25 01:22:22.642052
2013-04-09,09:00,48.0,47.7,33.5,56.9,0.0,S@5.1,8.9,42.0,45.2,22.6,0.0,588,30.39,"LaCrosse, LaCrosse, Whitman County",300201,LaCrosse,2017-11-25 01:22:22.642052
2013-04-09,09:15,48.5,48.3,33.5,55.8,0.0,S@5.3,9.6,42.5,45.2,22.6,0.0,625,30.4,"LaCrosse, LaCrosse, Whitman County",300201,LaCrosse,2017-11-25 01:22:22.642052
2013-04-09,09:30,48.9,48.6,33.2,54.4,0.0,S@5.0,9.2,43.0,45.1,22.6,0.0,659,30.4,"LaCrosse, LaCrosse, Whitman County",300201,LaCrosse,2017-11-25 01:22:22.642052
2013-04-09,09:45,49.2,48.9,32.7,52.7,0.0,S@4.8,8.5,43.6,45.1,22.6,0.0,554,30.4,"LaCrosse, LaCrosse, Whitman County",300201,LaCrosse,2017-11-25 01:22:22.642052
2013-04-09,10:00,50.2,49.9,32.9,51.3,0.0,SW@4.7,8.2,44.0,45.1,22.6,0.0,735,30.41,"LaCrosse, LaCrosse, Whitman County",300201,LaCrosse,2017-11-25 01:22:22.642052
2013-04-09,10:15,50.5,50.3,32.3,49.6,0.0,SW@4.1,7.8,44.3,45.0,22.5,0.0,637,30.41,"LaCrosse, LaCrosse, Whitman County",300201,LaCrosse,2017-11-25 01:22:22.642052
2013-04-09,10:30,51.8,51.5,33.2,48.8,0.0,SW@3.3,6.0,44.6,45.0,22.6,0.0,765,30.41,"LaCrosse, LaCrosse, Whitman County",300201,LaCrosse,2017-11-25 01:22:22.642052
2013-04-09,10:45,52.2,52.0,33.3,48.3,0.0,S@3.5,6.7,44.9,45.0,22.6,0.0,575,30.41,"LaCrosse, LaCrosse, Whitman County",300201,LaCrosse,2017-11-25 01:22:22.642052
2013-04-09,11:00,52.7,52.6,31.7,44.5,0.0,NW@2.8,5.7,45.2,45.0,22.6,0.0,830,30.42,"LaCrosse, LaCrosse, Whitman County",300201,LaCrosse,2017-11-25 01:22:22.642052
2013-04-09,11:15,54.0,53.5,32.7,44.2,0.0,SW@3.7,8.2,45.7,45.1,22.6,0.0,895,30.42,"LaCrosse, LaCrosse, Whitman County",300201,LaCrosse,2017-11-25 01:22:22.642052
2013-04-09,11:30,53.2,52.9,32.4,44.9,0.0,SE@4.4,8.2,46.3,45.1,22.6,0.0,929,30.41,"LaCrosse, LaCrosse, Whitman County",300201,LaCrosse,2017-11-25 01:22:22.642052
2013-04-09,11:45,53.8,53.5,31.0,41.6,0.0,SW@3.5,8.9,46.9,45.1,22.6,0.0,953,30.41,"LaCrosse, LaCrosse, Whitman County",300201,LaCrosse,2017-11-25 01:22:22.642052
2013-04-09,12:00,54.4,54.1,31.0,40.7,0.0,SE@4.2,7.1,47.6,45.2,22.6,0.0,1021,30.4,"LaCrosse, LaCrosse, Whitman County",300201,LaCrosse,2017-11-25 01:22:22.642052
2013-04-09,12:15,55.1,54.8,32.5,42.1,0.0,SW@4.2,7.4,48.4,45.2,22.6,0.0,943,30.4,"LaCrosse, LaCrosse, Whitman County",300201,LaCrosse,2017-11-25 01:22:22.642052
2013-04-09,12:30,54.5,54.4,33.0,43.9,0.0,W@4.2,8.2,49.2,45.3,22.6,0.0,568,30.39,"LaCrosse, LaCrosse, Whitman County",300201,LaCrosse,2017-11-25 01:22:22.642052
2013-04-09,12:45,53.8,54.0,32.5,44.2,0.0,NW@4.5,7.4,50.0,45.3,22.6,0.0,602,30.39,"LaCrosse, LaCrosse, Whitman County",300201,LaCrosse,2017-11-25 01:22:22.642052
2013-04-09,13:00,55.6,55.3,32.6,41.5,0.0,NE@4.2,7.8,50.7,45.4,22.6,0.0,941,30.39,"LaCrosse, LaCrosse, Whitman County",300201,LaCrosse,2017-11-25 01:22:22.642052
2013-04-09,13:15,56.5,56.2,32.6,40.3,0.0,W@5.4,9.6,51.4,45.5,22.6,0.0,910,30.38,"LaCrosse, LaCrosse, Whitman County",300201,LaCrosse,2017-11-25 01:22:22.642052
2013-04-09,13:30,56.0,55.7,32.0,40.0,0.0,W@5.4,9.2,52.0,45.6,22.6,0.0,771,30.38,"LaCrosse, LaCrosse, Whitman County",300201,LaCrosse,2017-11-25 01:22:22.642052
2013-04-09,13:45,55.5,55.5,31.4,39.7,0.0,W@3.7,6.4,52.6,45.7,22.5,0.0,551,30.38,"LaCrosse, LaCrosse, Whitman County",300201,LaCrosse,2017-11-25 01:22:22.642052
2013-04-09,14:00,56.8,56.5,31.4,37.8,0.0,W@3.9,7.4,53.2,45.8,22.5,0.0,612,30.38,"LaCrosse, LaCrosse, Whitman County",300201,LaCrosse,2017-11-25 01:22:22.642052
2013-04-09,14:15,55.4,55.2,29.6,37.1,0.0,SW@2.7,4.6,53.8,45.9,22.5,0.0,475,30.37,"LaCrosse, LaCrosse, Whitman County",300201,LaCrosse,2017-11-25 01:22:22.642052
2013-04-09,14:30,56.3,56.1,30.3,36.8,0.0,SE@2.1,4.2,54.3,46.1,22.5,0.0,587,30.37,"LaCrosse, LaCrosse, Whitman County",300201,LaCrosse,2017-11-25 01:22:22.642052
2013-04-09,14:45,58.0,57.9,30.2,34.5,0.0,NW@4.2,9.2,54.7,46.2,22.5,0.0,763,30.37,"LaCrosse, LaCrosse, Whitman County",300201,LaCrosse,2017-11-25 01:22:22.642052
2013-04-09,15:00,57.8,57.5,30.1,34.6,0.0,W@5.3,9.6,55.1,46.4,22.5,0.0,697,30.36,"LaCrosse, LaCrosse, Whitman County",300201,LaCrosse,2017-11-25 01:22:22.642052
2013-04-09,15:15,57.2,57.2,29.1,34.0,0.0,SW@4.0,7.1,55.4,46.5,22.5,0.0,526,30.36,"LaCrosse, LaCrosse, Whitman County",300201,LaCrosse,2017-11-25 01:22:22.642052
2013-04-09,15:30,56.9,57.0,28.8,34.0,0.0,NW@4.0,6.7,55.8,46.7,22.5,0.0,419,30.35,"LaCrosse, LaCrosse, Whitman County",300201,LaCrosse,2017-11-25 01:22:22.642052
2013-04-09,15:45,56.5,56.3,28.4,33.8,0.0,N@2.1,4.2,56.2,46.9,22.5,0.0,264,30.35,"LaCrosse, LaCrosse, Whitman County",300201,LaCrosse,2017-11-25 01:22:22.642052
2013-04-09,16:00,56.4,56.1,28.4,34.1,0.0,W@2.2,4.2,56.4,47.0,22.5,0.0,182,30.35,"LaCrosse, LaCrosse, Whitman County",300201,LaCrosse,2017-11-25 01:22:22.642052
2013-04-09,16:15,56.0,55.9,28.9,35.2,0.0,W@2.0,4.6,56.6,47.2,22.5,0.0,162,30.36,"LaCrosse, LaCrosse, Whitman County",300201,LaCrosse,2017-11-25 01:22:22.642052
2013-04-09,16:30,55.8,55.6,29.3,36.1,0.0,S@2.9,4.2,56.7,47.4,22.5,0.0,202,30.35,"LaCrosse, LaCrosse, Whitman County",300201,LaCrosse,2017-11-25 01:22:22.642052
2013-04-09,16:45,55.9,55.7,28.4,34.7,0.0,SE@1.7,3.9,56.6,47.6,22.5,0.0,195,30.35,"LaCrosse, LaCrosse, Whitman County",300201,LaCrosse,2017-11-25 01:22:22.642052
2013-04-09,17:00,56.0,55.8,30.3,37.2,0.0,SW@3.2,5.7,56.6,47.7,22.5,0.0,144,30.35,"LaCrosse, LaCrosse, Whitman County",300201,LaCrosse,2017-11-25 01:22:22.642052
2013-04-09,17:15,55.5,55.4,31.2,39.4,0.0,SW@4.3,6.4,56.5,47.9,22.5,0.0,99,30.35,"LaCrosse, LaCrosse, Whitman County",300201,LaCrosse,2017-11-25 01:22:22.642052
2013-04-09,17:30,55.1,55.0,32.2,41.6,0.0,SW@3.8,5.7,56.4,48.1,22.5,0.0,89,30.34,"LaCrosse, LaCrosse, Whitman County",300201,LaCrosse,2017-11-25 01:22:22.642052
2013-04-09,17:45,54.5,54.3,35.6,48.7,0.0,S@2.2,3.5,56.2,48.2,22.5,0.0,82,30.33,"LaCrosse, LaCrosse, Whitman County",300201,LaCrosse,2017-11-25 01:22:22.642052
2013-04-09,18:00,54.1,53.8,37.5,53.2,0.0,SE@2.5,4.9,56.0,48.4,22.5,0.0,97,30.33,"LaCrosse, LaCrosse, Whitman County",300201,LaCrosse,2017-11-25 01:22:22.642052
2013-04-09,18:15,51.7,51.4,36.7,56.3,0.0,SE@4.6,5.3,55.8,48.5,22.6,0.0,44,30.32,"LaCrosse, LaCrosse, Whitman County",300201,LaCrosse,2017-11-25 01:22:22.642052
2013-04-09,18:30,49.2,48.9,35.0,57.8,0.0,SE@5.9,6.7,55.6,48.7,22.6,0.0,9,30.32,"LaCrosse, LaCrosse, Whitman County",300201,LaCrosse,2017-11-25 01:22:22.642052
2013-04-09,18:45,47.8,47.6,33.9,58.4,0.0,SE@5.9,7.1,55.4,48.8,22.6,0.0,1,30.31,"LaCrosse, LaCrosse, Whitman County",300201,LaCrosse,2017-11-25 01:22:22.642052
2013-04-09,19:00,45.9,45.6,34.4,63.9,0.0,S@4.3,5.7,55.1,48.9,22.6,0.0,0,30.31,"LaCrosse, LaCrosse, Whitman County",300201,LaCrosse,2017-11-25 01:22:22.642052
2013-04-09,19:15,44.9,44.5,34.0,65.5,0.0,SE@2.0,5.7,54.8,49.0,22.6,0.0,0,30.3,"LaCrosse, LaCrosse, Whitman County",300201,LaCrosse,2017-11-25 01:22:22.642052
2013-04-09,19:30,43.9,43.5,33.1,65.4,0.0,W@1.2,2.4,54.4,49.1,22.6,0.0,0,30.3,"LaCrosse, LaCrosse, Whitman County",300201,LaCrosse,2017-11-25 01:22:22.642052
2013-04-09,19:45,44.3,43.9,32.9,63.9,0.0,NW@1.2,2.1,54.1,49.2,22.6,0.0,0,30.31,"LaCrosse, LaCrosse, Whitman County",300201,LaCrosse,2017-11-25 01:22:22.642052
2013-04-09,20:00,43.5,42.9,32.9,65.9,0.0,E@1.9,3.9,53.7,49.3,22.6,0.0,0,30.31,"LaCrosse, LaCrosse, Whitman County",300201,LaCrosse,2017-11-25 01:22:22.642052
2013-04-09,20:15,40.7,40.3,32.7,72.8,0.0,E@3.3,4.2,53.4,49.4,22.6,0.0,0,30.31,"LaCrosse, LaCrosse, Whitman County",300201,LaCrosse,2017-11-25 01:22:22.642052
2013-04-09,20:30,39.7,39.4,32.7,76.0,0.0,E@4.0,4.9,53.0,49.4,22.5,0.0,0,30.31,"LaCrosse, LaCrosse, Whitman County",300201,LaCrosse,2017-11-25 01:22:22.642052
2013-04-09,20:45,39.5,39.3,33.1,77.5,0.0,E@4.6,5.7,52.6,49.5,22.5,0.0,0,30.32,"LaCrosse, LaCrosse, Whitman County",300201,LaCrosse,2017-11-25 01:22:22.642052
2013-04-09,21:00,39.5,39.3,33.2,78.1,0.0,E@3.5,5.3,52.3,49.5,22.5,0.0,0,30.32,"LaCrosse, LaCrosse, Whitman County",300201,LaCrosse,2017-11-25 01:22:22.642052
2013-04-09,21:15,39.5,39.3,33.5,79.1,0.0,E@5.2,6.7,52.0,49.6,22.5,0.0,0,30.31,"LaCrosse, LaCrosse, Whitman County",300201,LaCrosse,2017-11-25 01:22:22.642052
2013-04-09,21:30,39.5,39.3,33.4,78.6,0.0,E@5.8,7.1,51.6,49.6,22.5,0.0,0,30.31,"LaCrosse, LaCrosse, Whitman County",300201,LaCrosse,2017-11-25 01:22:22.642052
2013-04-09,21:45,39.7,39.5,33.4,77.7,0.0,E@5.3,6.7,51.3,49.6,22.6,0.0,0,30.3,"LaCrosse, LaCrosse, Whitman County",300201,LaCrosse,2017-11-25 01:22:22.642052
2013-04-09,22:00,39.4,39.2,33.3,78.7,0.0,E@5.4,6.7,51.0,49.6,22.6,0.0,0,30.3,"LaCrosse, LaCrosse, Whitman County",300201,LaCrosse,2017-11-25 01:22:22.642052
2013-04-09,22:15,39.2,38.9,33.6,80.2,0.0,E@5.5,6.7,50.8,49.6,22.6,0.0,0,30.3,"LaCrosse, LaCrosse, Whitman County",300201,LaCrosse,2017-11-25 01:22:22.642052
2013-04-09,22:30,39.1,38.9,33.5,80.2,0.0,E@5.0,6.4,50.5,49.6,22.6,0.0,0,30.3,"LaCrosse, LaCrosse, Whitman County",300201,LaCrosse,2017-11-25 01:22:22.642052
2013-04-09,22:45,39.1,39.0,33.4,79.6,0.0,E@4.8,6.7,50.2,49.6,22.6,0.0,0,30.29,"LaCrosse, LaCrosse, Whitman County",300201,LaCrosse,2017-11-25 01:22:22.642052
2013-04-09,23:00,39.8,39.7,33.7,78.6,0.0,E@5.1,6.0,50.0,49.6,22.6,0.0,0,30.29,"LaCrosse, LaCrosse, Whitman County",300201,LaCrosse,2017-11-25 01:22:22.642052
2013-04-10,23:15,40.4,40.2,34.1,78.2,0.0,E@5.0,6.4,49.7,49.5,22.6,0.0,0,30.29,"LaCrosse, LaCrosse, Whitman County",300201,LaCrosse,2017-11-25 01:22:22.642052
2013-04-10,23:30,40.5,40.4,34.4,78.5,0.0,E@5.3,6.7,49.5,49.5,22.6,0.0,0,30.28,"LaCrosse, LaCrosse, Whitman County",300201,LaCrosse,2017-11-25 01:22:22.642052
2013-04-10,23:45,41.0,40.9,34.5,77.3,0.0,E@4.5,6.7,49.3,49.5,22.6,0.0,0,30.28,"LaCrosse, LaCrosse, Whitman County",300201,LaCrosse,2017-11-25 01:22:22.642052
2013-04-10,24:00,41.3,41.1,34.8,77.5,0.0,E@5.3,7.1,49.1,49.5,22.6,0.0,0,30.28,"LaCrosse, LaCrosse, Whitman County",300201,LaCrosse,2017-11-25 01:22:22.642052
