Date,Time PDT,Air Temp °F, 2<sup>nd</sup> Air Temp °F, Dew Point °F, Rel Hum %, Leaf Wet u., Wind Dir @ Speed mph, Wind Gust mph, 8 in. Soil Tmp °F, Tot Prec in, Solar Rad W/m²,Location,Station ID,Station Name,Download Timestamp
2018-08-06,00:15,64.9,64.7,40.8,41.3,0.0,NE@2.5,3.5,79.9,0.0,0,"Hatton, Adams County",300132,Hatton,2019-06-26 01:19:30.928938
2018-08-06,00:30,63.8,63.5,40.5,42.3,0.0,NE@2.0,2.8,79.9,0.0,0,"Hatton, Adams County",300132,Hatton,2019-06-26 01:19:30.928938
2018-08-06,00:45,64.4,64.2,40.7,41.7,0.0,NE@2.5,3.1,79.9,0.0,0,"Hatton, Adams County",300132,Hatton,2019-06-26 01:19:30.928938
2018-08-06,01:00,63.7,63.4,40.5,42.5,0.0,NE@2.4,3.1,79.9,0.0,0,"Hatton, Adams County",300132,Hatton,2019-06-26 01:19:30.928938
2018-08-06,01:15,63.0,62.8,40.8,44.0,0.0,NE@2.4,3.1,79.9,0.0,0,"Hatton, Adams County",300132,Hatton,2019-06-26 01:19:30.928938
2018-08-06,01:30,62.1,62.0,40.8,45.3,0.0,NE@2.5,3.5,79.9,0.0,0,"Hatton, Adams County",300132,Hatton,2019-06-26 01:19:30.928938
2018-08-06,01:45,64.0,63.8,41.5,43.8,0.0,NE@2.8,4.6,79.9,0.0,0,"Hatton, Adams County",300132,Hatton,2019-06-26 01:19:30.928938
2018-08-06,02:00,64.6,64.4,41.8,43.4,0.0,E@2.6,4.6,79.9,0.0,0,"Hatton, Adams County",300132,Hatton,2019-06-26 01:19:30.928938
2018-08-06,02:15,64.0,63.8,41.6,43.8,0.0,E@0.9,3.5,79.9,0.0,0,"Hatton, Adams County",300132,Hatton,2019-06-26 01:19:30.928938
2018-08-06,02:30,59.4,59.2,43.8,56.2,0.0,SE@5.4,7.8,79.9,0.0,0,"Hatton, Adams County",300132,Hatton,2019-06-26 01:19:30.928938
2018-08-06,02:45,58.7,58.5,43.4,56.7,0.0,E@2.6,4.6,79.8,0.0,0,"Hatton, Adams County",300132,Hatton,2019-06-26 01:19:30.928938
2018-08-06,03:00,60.8,60.5,42.8,51.3,0.0,E@1.4,2.8,79.8,0.0,0,"Hatton, Adams County",300132,Hatton,2019-06-26 01:19:30.928938
2018-08-06,03:15,61.7,61.4,41.2,46.9,0.0,E@2.3,3.5,79.8,0.0,0,"Hatton, Adams County",300132,Hatton,2019-06-26 01:19:30.928938
2018-08-06,03:30,60.4,60.2,40.3,47.4,0.0,N@2.0,3.5,79.8,0.0,0,"Hatton, Adams County",300132,Hatton,2019-06-26 01:19:30.928938
2018-08-06,03:45,58.7,58.4,40.2,50.2,0.0,NE@3.5,4.6,79.8,0.0,0,"Hatton, Adams County",300132,Hatton,2019-06-26 01:19:30.928938
2018-08-06,04:00,59.9,59.7,40.6,48.8,0.0,NE@3.9,5.3,79.7,0.0,0,"Hatton, Adams County",300132,Hatton,2019-06-26 01:19:30.928938
2018-08-06,04:15,61.4,61.2,40.8,46.6,0.0,NE@3.1,4.9,79.7,0.0,0,"Hatton, Adams County",300132,Hatton,2019-06-26 01:19:30.928938
2018-08-06,04:30,61.7,61.6,40.9,46.3,0.0,NE@3.1,5.3,79.7,0.0,0,"Hatton, Adams County",300132,Hatton,2019-06-26 01:19:30.928938
2018-08-06,04:45,62.4,62.2,41.2,45.8,0.0,NE@4.2,5.7,79.6,0.0,0,"Hatton, Adams County",300132,Hatton,2019-06-26 01:19:30.928938
2018-08-06,05:00,62.4,62.1,41.3,46.0,0.0,NE@4.5,6.4,79.6,0.0,0,"Hatton, Adams County",300132,Hatton,2019-06-26 01:19:30.928938
2018-08-06,05:15,62.3,62.1,41.5,46.3,0.0,NE@4.5,7.1,79.6,0.0,0,"Hatton, Adams County",300132,Hatton,2019-06-26 01:19:30.928938
2018-08-06,05:30,62.4,62.2,41.5,46.2,0.0,NE@3.8,5.3,79.5,0.0,2,"Hatton, Adams County",300132,Hatton,2019-06-26 01:19:30.928938
2018-08-06,05:45,61.7,61.4,41.3,47.0,0.0,NE@2.5,4.6,79.5,0.0,5,"Hatton, Adams County",300132,Hatton,2019-06-26 01:19:30.928938
2018-08-06,06:00,60.8,60.6,41.4,48.7,0.0,NE@2.6,4.2,79.4,0.0,14,"Hatton, Adams County",300132,Hatton,2019-06-26 01:19:30.928938
2018-08-06,06:15,62.0,61.8,41.7,47.1,0.0,NE@4.3,6.4,79.4,0.0,31,"Hatton, Adams County",300132,Hatton,2019-06-26 01:19:30.928938
2018-08-06,06:30,64.7,64.5,41.8,43.1,0.0,NE@4.4,6.4,79.4,0.0,49,"Hatton, Adams County",300132,Hatton,2019-06-26 01:19:30.928938
2018-08-06,06:45,66.6,66.4,41.8,40.5,0.0,NE@4.5,6.7,79.3,0.0,73,"Hatton, Adams County",300132,Hatton,2019-06-26 01:19:30.928938
2018-08-06,07:00,67.5,67.5,42.1,39.5,0.0,NE@3.4,4.9,79.3,0.0,107,"Hatton, Adams County",300132,Hatton,2019-06-26 01:19:30.928938
2018-08-06,07:15,69.3,69.5,42.3,37.4,0.0,NE@3.3,4.9,79.3,0.0,155,"Hatton, Adams County",300132,Hatton,2019-06-26 01:19:30.928938
2018-08-06,07:30,70.8,70.7,42.5,35.9,0.0,E@3.8,6.0,79.2,0.0,198,"Hatton, Adams County",300132,Hatton,2019-06-26 01:19:30.928938
2018-08-06,07:45,73.6,73.4,42.6,32.8,0.0,E@3.2,4.6,79.2,0.0,238,"Hatton, Adams County",300132,Hatton,2019-06-26 01:19:30.928938
2018-08-06,08:00,75.2,74.9,42.4,30.8,0.0,E@4.1,5.3,79.1,0.0,276,"Hatton, Adams County",300132,Hatton,2019-06-26 01:19:30.928938
2018-08-06,08:15,74.8,74.5,45.5,35.2,0.0,SE@3.5,5.3,79.1,0.0,288,"Hatton, Adams County",300132,Hatton,2019-06-26 01:19:30.928938
2018-08-06,08:30,74.1,73.6,49.1,41.3,0.0,SE@3.5,6.0,79.0,0.0,362,"Hatton, Adams County",300132,Hatton,2019-06-26 01:19:30.928938
2018-08-06,08:45,74.7,74.3,47.3,37.8,0.0,S@4.1,7.1,79.0,0.0,423,"Hatton, Adams County",300132,Hatton,2019-06-26 01:19:30.928938
2018-08-06,09:00,75.5,75.2,47.6,37.3,0.0,S@3.3,5.7,79.0,0.0,464,"Hatton, Adams County",300132,Hatton,2019-06-26 01:19:30.928938
2018-08-06,09:15,77.1,76.6,46.7,34.0,0.0,S@2.7,4.2,78.9,0.0,504,"Hatton, Adams County",300132,Hatton,2019-06-26 01:19:30.928938
2018-08-06,09:30,78.7,78.3,46.3,31.8,0.0,S@2.4,3.9,78.9,0.0,541,"Hatton, Adams County",300132,Hatton,2019-06-26 01:19:30.928938
2018-08-06,09:45,80.4,80.0,46.6,30.4,0.0,S@2.7,3.9,78.9,0.0,578,"Hatton, Adams County",300132,Hatton,2019-06-26 01:19:30.928938
2018-08-06,10:00,82.0,81.4,47.3,29.7,0.0,S@3.3,4.6,78.8,0.0,615,"Hatton, Adams County",300132,Hatton,2019-06-26 01:19:30.928938
2018-08-06,10:15,83.1,82.6,48.3,29.8,0.0,S@3.6,6.0,78.8,0.0,649,"Hatton, Adams County",300132,Hatton,2019-06-26 01:19:30.928938
2018-08-06,10:30,83.5,83.0,47.4,28.3,0.0,SW@3.9,6.0,78.8,0.0,687,"Hatton, Adams County",300132,Hatton,2019-06-26 01:19:30.928938
2018-08-06,10:45,84.7,84.2,46.8,26.8,0.0,SW@3.6,7.1,78.7,0.0,722,"Hatton, Adams County",300132,Hatton,2019-06-26 01:19:30.928938
2018-08-06,11:00,85.4,85.0,47.1,26.4,0.0,SW@4.5,9.9,78.7,0.0,756,"Hatton, Adams County",300132,Hatton,2019-06-26 01:19:30.928938
2018-08-06,11:15,85.9,85.4,47.7,26.5,0.0,W@5.1,8.9,78.7,0.0,803,"Hatton, Adams County",300132,Hatton,2019-06-26 01:19:30.928938
2018-08-06,11:30,86.8,86.4,47.0,25.2,0.0,W@4.6,9.9,78.7,0.0,791,"Hatton, Adams County",300132,Hatton,2019-06-26 01:19:30.928938
2018-08-06,11:45,87.6,87.1,47.2,24.7,0.0,W@4.8,9.2,78.6,0.0,846,"Hatton, Adams County",300132,Hatton,2019-06-26 01:19:30.928938
2018-08-06,12:00,88.4,88.0,47.5,24.4,0.0,W@5.0,8.5,78.6,0.0,841,"Hatton, Adams County",300132,Hatton,2019-06-26 01:19:30.928938
2018-08-06,12:15,89.0,88.4,46.0,22.7,0.0,SW@4.4,8.5,78.6,0.0,840,"Hatton, Adams County",300132,Hatton,2019-06-26 01:19:30.928938
2018-08-06,12:30,89.8,89.3,46.3,22.3,0.0,SW@4.5,8.2,78.6,0.0,839,"Hatton, Adams County",300132,Hatton,2019-06-26 01:19:30.928938
2018-08-06,12:45,90.3,89.8,44.9,20.8,0.0,W@4.7,9.2,78.6,0.0,843,"Hatton, Adams County",300132,Hatton,2019-06-26 01:19:30.928938
2018-08-06,13:00,90.6,90.1,44.8,20.6,0.0,W@4.9,10.3,78.6,0.0,847,"Hatton, Adams County",300132,Hatton,2019-06-26 01:19:30.928938
2018-08-06,13:15,90.6,90.2,45.7,21.2,0.0,SW@5.0,8.9,78.6,0.0,850,"Hatton, Adams County",300132,Hatton,2019-06-26 01:19:30.928938
2018-08-06,13:30,91.1,90.6,45.7,20.9,0.0,W@6.2,10.3,78.6,0.0,850,"Hatton, Adams County",300132,Hatton,2019-06-26 01:19:30.928938
2018-08-06,13:45,91.4,91.0,44.8,20.1,0.0,W@5.6,12.1,78.7,0.0,831,"Hatton, Adams County",300132,Hatton,2019-06-26 01:19:30.928938
2018-08-06,14:00,91.6,91.1,44.0,19.3,0.0,W@7.0,12.1,78.7,0.0,822,"Hatton, Adams County",300132,Hatton,2019-06-26 01:19:30.928938
2018-08-06,14:15,92.2,91.7,43.4,18.5,0.0,W@5.8,11.0,78.7,0.0,817,"Hatton, Adams County",300132,Hatton,2019-06-26 01:19:30.928938
2018-08-06,14:30,92.1,91.6,42.5,18.0,0.0,SW@5.8,14.2,78.7,0.0,797,"Hatton, Adams County",300132,Hatton,2019-06-26 01:19:30.928938
2018-08-06,14:45,92.3,91.7,42.0,17.5,0.0,W@6.3,11.4,78.7,0.0,783,"Hatton, Adams County",300132,Hatton,2019-06-26 01:19:30.928938
2018-08-06,15:00,91.7,91.2,40.4,16.8,0.0,SW@5.8,12.1,78.8,0.0,768,"Hatton, Adams County",300132,Hatton,2019-06-26 01:19:30.928938
2018-08-06,15:15,92.0,91.5,39.8,16.2,0.0,SW@6.3,12.4,78.8,0.0,738,"Hatton, Adams County",300132,Hatton,2019-06-26 01:19:30.928938
2018-08-06,15:30,93.1,92.7,34.6,12.8,0.0,W@7.6,11.7,78.8,0.0,707,"Hatton, Adams County",300132,Hatton,2019-06-26 01:19:30.928938
2018-08-06,15:45,92.9,92.5,38.3,14.9,0.0,W@6.6,10.7,78.9,0.0,685,"Hatton, Adams County",300132,Hatton,2019-06-26 01:19:30.928938
2018-08-06,16:00,92.9,92.4,38.8,15.2,0.0,W@5.9,10.7,78.9,0.0,637,"Hatton, Adams County",300132,Hatton,2019-06-26 01:19:30.928938
2018-08-06,16:15,92.4,91.9,41.6,17.2,0.0,W@5.6,10.7,79.0,0.0,597,"Hatton, Adams County",300132,Hatton,2019-06-26 01:19:30.928938
2018-08-06,16:30,93.3,92.8,38.4,14.8,0.0,W@6.6,11.0,79.0,0.0,566,"Hatton, Adams County",300132,Hatton,2019-06-26 01:19:30.928938
2018-08-06,16:45,93.5,93.1,39.2,15.1,0.0,W@6.3,11.7,79.1,0.0,545,"Hatton, Adams County",300132,Hatton,2019-06-26 01:19:30.928938
2018-08-06,17:00,93.6,93.2,37.7,14.2,0.0,W@5.9,10.7,79.1,0.0,508,"Hatton, Adams County",300132,Hatton,2019-06-26 01:19:30.928938
2018-08-06,17:15,93.8,93.5,37.1,13.8,0.0,W@5.6,9.6,79.2,0.0,470,"Hatton, Adams County",300132,Hatton,2019-06-26 01:19:30.928938
2018-08-06,17:30,93.0,92.6,38.7,15.1,0.0,W@5.2,9.2,79.2,0.0,430,"Hatton, Adams County",300132,Hatton,2019-06-26 01:19:30.928938
2018-08-06,17:45,93.1,92.7,38.4,14.8,0.0,W@5.8,8.9,79.3,0.0,375,"Hatton, Adams County",300132,Hatton,2019-06-26 01:19:30.928938
2018-08-06,18:00,92.9,92.6,37.9,14.7,0.0,NW@5.0,8.9,79.3,0.0,329,"Hatton, Adams County",300132,Hatton,2019-06-26 01:19:30.928938
2018-08-06,18:15,92.7,92.5,37.6,14.5,0.0,W@5.1,8.5,79.4,0.0,279,"Hatton, Adams County",300132,Hatton,2019-06-26 01:19:30.928938
2018-08-06,18:30,92.4,92.1,37.7,14.7,0.0,W@4.5,6.7,79.4,0.0,230,"Hatton, Adams County",300132,Hatton,2019-06-26 01:19:30.928938
2018-08-06,18:45,91.4,91.1,38.7,15.9,0.0,W@4.1,5.7,79.5,0.0,186,"Hatton, Adams County",300132,Hatton,2019-06-26 01:19:30.928938
2018-08-06,19:00,89.9,89.5,42.5,19.3,0.0,W@3.0,4.9,79.5,0.0,148,"Hatton, Adams County",300132,Hatton,2019-06-26 01:19:30.928938
2018-08-06,19:15,87.4,86.9,47.7,25.3,0.0,W@2.6,3.5,79.6,0.0,112,"Hatton, Adams County",300132,Hatton,2019-06-26 01:19:30.928938
2018-08-06,19:30,85.3,84.9,48.4,27.9,0.0,SW@2.3,3.1,79.6,0.0,79,"Hatton, Adams County",300132,Hatton,2019-06-26 01:19:30.928938
2018-08-06,19:45,86.7,86.5,39.1,18.6,0.0,SW@2.1,2.8,79.7,0.0,50,"Hatton, Adams County",300132,Hatton,2019-06-26 01:19:30.928938
2018-08-06,20:00,87.2,86.8,37.9,17.6,0.0,SW@0.8,2.4,79.7,0.0,26,"Hatton, Adams County",300132,Hatton,2019-06-26 01:19:30.928938
2018-08-06,20:15,83.3,83.1,42.4,23.6,0.0,SW@1.9,4.2,79.8,0.0,11,"Hatton, Adams County",300132,Hatton,2019-06-26 01:19:30.928938
2018-08-06,20:30,79.7,79.4,39.0,23.3,0.0,NE@1.6,3.1,79.8,0.0,3,"Hatton, Adams County",300132,Hatton,2019-06-26 01:19:30.928938
2018-08-06,20:45,77.2,76.8,37.6,23.9,0.0,NW@1.2,3.1,79.9,0.0,2,"Hatton, Adams County",300132,Hatton,2019-06-26 01:19:30.928938
2018-08-06,21:00,75.6,75.2,36.0,23.7,0.0,NE@1.9,3.5,79.9,0.0,0,"Hatton, Adams County",300132,Hatton,2019-06-26 01:19:30.928938
2018-08-06,21:15,72.5,72.3,35.1,25.3,0.0,NE@2.7,3.9,80.0,0.0,0,"Hatton, Adams County",300132,Hatton,2019-06-26 01:19:30.928938
2018-08-06,21:30,72.0,71.7,35.0,25.7,0.0,NE@2.8,4.9,80.0,0.0,0,"Hatton, Adams County",300132,Hatton,2019-06-26 01:19:30.928938
2018-08-06,21:45,71.6,71.4,35.2,26.2,0.0,NE@3.3,4.6,80.1,0.0,0,"Hatton, Adams County",300132,Hatton,2019-06-26 01:19:30.928938
2018-08-06,22:00,71.5,71.2,34.7,25.8,0.0,NE@2.4,3.5,80.1,0.0,0,"Hatton, Adams County",300132,Hatton,2019-06-26 01:19:30.928938
2018-08-06,22:15,69.8,69.5,34.2,26.8,0.0,NE@1.3,2.8,80.2,0.0,0,"Hatton, Adams County",300132,Hatton,2019-06-26 01:19:30.928938
2018-08-06,22:30,71.0,70.5,34.2,25.7,0.0,N@1.7,3.9,80.2,0.0,0,"Hatton, Adams County",300132,Hatton,2019-06-26 01:19:30.928938
2018-08-06,22:45,69.3,69.1,34.4,27.5,0.0,NE@3.2,3.9,80.2,0.0,0,"Hatton, Adams County",300132,Hatton,2019-06-26 01:19:30.928938
2018-08-06,23:00,68.9,68.6,33.5,26.9,0.0,NE@2.0,3.1,80.2,0.0,0,"Hatton, Adams County",300132,Hatton,2019-06-26 01:19:30.928938
2018-08-06,23:15,68.6,68.3,34.1,27.8,0.0,N@1.3,4.2,80.3,0.0,0,"Hatton, Adams County",300132,Hatton,2019-06-26 01:19:30.928938
2018-08-06,23:30,70.2,69.9,35.4,27.7,0.0,N@2.4,3.9,80.3,0.0,0,"Hatton, Adams County",300132,Hatton,2019-06-26 01:19:30.928938
2018-08-06,23:45,71.3,71.2,36.1,27.6,0.0,N@2.3,3.5,80.3,0.0,0,"Hatton, Adams County",300132,Hatton,2019-06-26 01:19:30.928938
2018-08-06,24:00,72.5,72.2,35.7,25.9,0.0,N@2.1,3.5,80.3,0.0,0,"Hatton, Adams County",300132,Hatton,2019-06-26 01:19:30.928938
2018-08-07,00:15,70.5,70.2,34.4,26.4,0.0,NW@1.1,2.8,80.3,0.0,0,"Hatton, Adams County",300132,Hatton,2019-06-26 01:19:30.928938
2018-08-07,00:30,70.1,69.8,33.7,26.1,0.0,N@0.9,2.8,80.3,0.0,0,"Hatton, Adams County",300132,Hatton,2019-06-26 01:19:30.928938
2018-08-07,00:45,70.9,70.6,33.7,25.4,0.0,N@2.8,4.2,80.3,0.0,0,"Hatton, Adams County",300132,Hatton,2019-06-26 01:19:30.928938
2018-08-07,01:00,68.7,68.4,34.3,28.0,0.0,N@3.1,4.2,80.3,0.0,0,"Hatton, Adams County",300132,Hatton,2019-06-26 01:19:30.928938
2018-08-07,01:15,69.6,69.4,35.6,28.6,0.0,N@3.4,4.2,80.3,0.0,0,"Hatton, Adams County",300132,Hatton,2019-06-26 01:19:30.928938
2018-08-07,01:30,70.1,69.8,37.2,29.9,0.0,N@3.9,4.9,80.3,0.0,0,"Hatton, Adams County",300132,Hatton,2019-06-26 01:19:30.928938
2018-08-07,01:45,69.9,69.7,39.9,33.5,0.0,N@2.0,3.9,80.3,0.0,0,"Hatton, Adams County",300132,Hatton,2019-06-26 01:19:30.928938
2018-08-07,02:00,70.6,70.4,39.3,32.0,0.0,NW@1.4,2.8,80.3,0.0,0,"Hatton, Adams County",300132,Hatton,2019-06-26 01:19:30.928938
2018-08-07,02:15,67.3,67.0,38.4,34.5,0.0,NE@2.7,4.2,80.3,0.0,0,"Hatton, Adams County",300132,Hatton,2019-06-26 01:19:30.928938
2018-08-07,02:30,65.8,65.5,39.8,38.3,0.0,NE@1.5,3.1,80.3,0.0,0,"Hatton, Adams County",300132,Hatton,2019-06-26 01:19:30.928938
2018-08-07,02:45,68.0,67.7,41.8,38.5,0.0,NW@2.4,3.1,80.2,0.0,0,"Hatton, Adams County",300132,Hatton,2019-06-26 01:19:30.928938
2018-08-07,03:00,66.8,66.5,41.6,39.9,0.0,NW@2.7,4.2,80.2,0.0,0,"Hatton, Adams County",300132,Hatton,2019-06-26 01:19:30.928938
2018-08-07,03:15,67.0,66.8,43.6,42.6,0.0,NW@3.7,5.3,80.2,0.0,0,"Hatton, Adams County",300132,Hatton,2019-06-26 01:19:30.928938
2018-08-07,03:30,65.9,65.7,44.2,45.3,0.0,NE@1.6,3.5,80.2,0.0,0,"Hatton, Adams County",300132,Hatton,2019-06-26 01:19:30.928938
2018-08-07,03:45,64.9,64.7,43.0,44.9,0.0,NE@1.4,3.1,80.2,0.0,0,"Hatton, Adams County",300132,Hatton,2019-06-26 01:19:30.928938
2018-08-07,04:00,63.9,63.7,43.6,47.4,0.0,E@2.0,3.9,80.1,0.0,0,"Hatton, Adams County",300132,Hatton,2019-06-26 01:19:30.928938
2018-08-07,04:15,64.4,64.2,45.9,50.9,0.0,SE@2.8,4.6,80.1,0.0,0,"Hatton, Adams County",300132,Hatton,2019-06-26 01:19:30.928938
2018-08-07,04:30,62.6,62.4,44.4,51.2,0.0,E@2.0,3.5,80.1,0.0,0,"Hatton, Adams County",300132,Hatton,2019-06-26 01:19:30.928938
2018-08-07,04:45,61.7,61.4,42.2,48.6,0.0,NE@2.3,3.5,80.1,0.0,0,"Hatton, Adams County",300132,Hatton,2019-06-26 01:19:30.928938
2018-08-07,05:00,60.9,60.6,42.0,49.7,0.0,E@2.2,3.1,80.0,0.0,0,"Hatton, Adams County",300132,Hatton,2019-06-26 01:19:30.928938
2018-08-07,05:15,62.3,62.0,41.3,46.1,0.0,S@0.8,2.8,80.0,0.0,0,"Hatton, Adams County",300132,Hatton,2019-06-26 01:19:30.928938
2018-08-07,05:30,60.2,59.8,40.1,47.4,0.0,NE@1.7,3.5,80.0,0.0,1,"Hatton, Adams County",300132,Hatton,2019-06-26 01:19:30.928938
2018-08-07,05:45,59.5,59.2,39.8,47.9,0.0,NE@2.4,4.9,79.9,0.0,2,"Hatton, Adams County",300132,Hatton,2019-06-26 01:19:30.928938
2018-08-07,06:00,59.6,59.4,40.3,48.7,0.0,NE@4.2,6.0,79.9,0.0,9,"Hatton, Adams County",300132,Hatton,2019-06-26 01:19:30.928938
2018-08-07,06:15,61.5,61.3,40.8,46.5,0.0,NE@3.0,6.0,79.9,0.0,22,"Hatton, Adams County",300132,Hatton,2019-06-26 01:19:30.928938
2018-08-07,06:30,62.4,62.2,39.9,43.5,0.0,E@1.8,3.5,79.9,0.0,43,"Hatton, Adams County",300132,Hatton,2019-06-26 01:19:30.928938
2018-08-07,06:45,64.0,63.8,38.7,39.2,0.0,NE@3.3,4.6,79.8,0.0,71,"Hatton, Adams County",300132,Hatton,2019-06-26 01:19:30.928938
2018-08-07,07:00,65.7,65.7,38.8,37.0,0.0,NE@3.8,6.0,79.8,0.0,104,"Hatton, Adams County",300132,Hatton,2019-06-26 01:19:30.928938
2018-08-07,07:15,68.4,68.6,39.3,34.4,0.0,N@2.5,3.5,79.7,0.0,137,"Hatton, Adams County",300132,Hatton,2019-06-26 01:19:30.928938
2018-08-07,07:30,70.5,70.6,40.3,33.4,0.0,NE@1.6,3.5,79.7,0.0,176,"Hatton, Adams County",300132,Hatton,2019-06-26 01:19:30.928938
2018-08-07,07:45,72.6,72.4,41.2,32.0,0.0,E@2.7,4.6,79.7,0.0,216,"Hatton, Adams County",300132,Hatton,2019-06-26 01:19:30.928938
2018-08-07,08:00,74.3,73.8,41.1,30.2,0.0,NE@2.2,3.9,79.6,0.0,257,"Hatton, Adams County",300132,Hatton,2019-06-26 01:19:30.928938
2018-08-07,08:15,76.5,76.0,41.8,28.8,0.0,NE@1.2,3.9,79.6,0.0,304,"Hatton, Adams County",300132,Hatton,2019-06-26 01:19:30.928938
2018-08-07,08:30,76.8,76.6,49.0,37.5,0.0,SW@1.8,3.5,79.5,0.0,345,"Hatton, Adams County",300132,Hatton,2019-06-26 01:19:30.928938
2018-08-07,08:45,76.4,76.1,52.8,43.8,0.0,S@2.2,3.5,79.5,0.0,376,"Hatton, Adams County",300132,Hatton,2019-06-26 01:19:30.928938
2018-08-07,09:00,78.3,77.9,50.9,38.4,0.0,SW@3.1,6.0,79.5,0.0,417,"Hatton, Adams County",300132,Hatton,2019-06-26 01:19:30.928938
2018-08-07,09:15,80.1,79.7,48.7,33.3,0.0,W@3.6,7.1,79.4,0.0,463,"Hatton, Adams County",300132,Hatton,2019-06-26 01:19:30.928938
2018-08-07,09:30,81.2,80.8,48.0,31.3,0.0,W@3.8,6.7,79.4,0.0,500,"Hatton, Adams County",300132,Hatton,2019-06-26 01:19:30.928938
2018-08-07,09:45,81.9,81.5,47.2,29.7,0.0,SW@3.7,5.3,79.3,0.0,542,"Hatton, Adams County",300132,Hatton,2019-06-26 01:19:30.928938
2018-08-07,10:00,82.9,82.4,48.1,29.8,0.0,SW@3.8,5.7,79.3,0.0,580,"Hatton, Adams County",300132,Hatton,2019-06-26 01:19:30.928938
2018-08-07,10:15,84.7,84.4,44.2,24.2,0.0,W@3.3,7.1,79.3,0.0,619,"Hatton, Adams County",300132,Hatton,2019-06-26 01:19:30.928938
2018-08-07,10:30,86.1,86.0,44.0,23.0,0.0,W@2.9,5.7,79.2,0.0,638,"Hatton, Adams County",300132,Hatton,2019-06-26 01:19:30.928938
2018-08-07,10:45,86.9,86.4,46.0,24.2,0.0,W@3.6,6.4,79.2,0.0,660,"Hatton, Adams County",300132,Hatton,2019-06-26 01:19:30.928938
2018-08-07,11:00,87.0,86.6,46.2,24.3,0.0,S@3.1,5.3,79.2,0.0,691,"Hatton, Adams County",300132,Hatton,2019-06-26 01:19:30.928938
2018-08-07,11:15,87.4,86.9,47.9,25.6,0.0,S@3.7,5.3,79.2,0.0,712,"Hatton, Adams County",300132,Hatton,2019-06-26 01:19:30.928938
2018-08-07,11:30,88.3,87.8,46.2,23.3,0.0,S@3.8,5.7,79.1,0.0,744,"Hatton, Adams County",300132,Hatton,2019-06-26 01:19:30.928938
2018-08-07,11:45,89.6,88.9,44.5,20.9,0.0,SE@2.8,6.0,79.1,0.0,756,"Hatton, Adams County",300132,Hatton,2019-06-26 01:19:30.928938
2018-08-07,12:00,90.4,89.9,44.0,20.1,0.0,S@3.1,5.7,79.1,0.0,764,"Hatton, Adams County",300132,Hatton,2019-06-26 01:19:30.928938
2018-08-07,12:15,90.3,89.8,48.6,23.9,0.0,S@4.5,7.8,79.1,0.0,802,"Hatton, Adams County",300132,Hatton,2019-06-26 01:19:30.928938
2018-08-07,12:30,90.4,89.9,46.8,22.3,0.0,SW@4.4,7.8,79.1,0.0,814,"Hatton, Adams County",300132,Hatton,2019-06-26 01:19:30.928938
2018-08-07,12:45,91.0,90.4,46.9,22.0,0.0,S@4.3,7.4,79.1,0.0,818,"Hatton, Adams County",300132,Hatton,2019-06-26 01:19:30.928938
2018-08-07,13:00,91.6,91.1,46.0,20.9,0.0,SW@4.7,7.1,79.1,0.0,823,"Hatton, Adams County",300132,Hatton,2019-06-26 01:19:30.928938
2018-08-07,13:15,92.3,91.7,46.9,21.1,0.0,S@4.2,7.1,79.1,0.0,820,"Hatton, Adams County",300132,Hatton,2019-06-26 01:19:30.928938
2018-08-07,13:30,92.7,92.1,45.1,19.5,0.0,S@3.8,8.9,79.1,0.0,815,"Hatton, Adams County",300132,Hatton,2019-06-26 01:19:30.928938
2018-08-07,13:45,93.0,92.5,44.6,18.9,0.0,SW@4.4,8.5,79.1,0.0,810,"Hatton, Adams County",300132,Hatton,2019-06-26 01:19:30.928938
2018-08-07,14:00,93.8,93.3,45.3,18.9,0.0,SW@4.5,10.7,79.1,0.0,792,"Hatton, Adams County",300132,Hatton,2019-06-26 01:19:30.928938
2018-08-07,14:15,94.5,94.0,44.1,17.7,0.0,W@5.2,10.7,79.2,0.0,775,"Hatton, Adams County",300132,Hatton,2019-06-26 01:19:30.928938
2018-08-07,14:30,94.6,94.2,42.8,16.8,0.0,W@5.7,11.4,79.2,0.0,769,"Hatton, Adams County",300132,Hatton,2019-06-26 01:19:30.928938
2018-08-07,14:45,95.3,94.7,43.1,16.7,0.0,W@5.5,9.6,79.2,0.0,752,"Hatton, Adams County",300132,Hatton,2019-06-26 01:19:30.928938
2018-08-07,15:00,95.0,94.6,42.0,16.1,0.0,W@4.7,13.5,79.2,0.0,720,"Hatton, Adams County",300132,Hatton,2019-06-26 01:19:30.928938
2018-08-07,15:15,95.4,94.9,43.8,17.1,0.0,W@5.8,11.0,79.2,0.0,705,"Hatton, Adams County",300132,Hatton,2019-06-26 01:19:30.928938
2018-08-07,15:30,95.4,95.0,42.2,16.0,0.0,W@6.0,9.9,79.3,0.0,683,"Hatton, Adams County",300132,Hatton,2019-06-26 01:19:30.928938
2018-08-07,15:45,95.8,95.3,41.9,15.7,0.0,W@5.6,9.9,79.3,0.0,659,"Hatton, Adams County",300132,Hatton,2019-06-26 01:19:30.928938
2018-08-07,16:00,95.8,95.6,39.7,14.4,0.0,NW@5.3,11.4,79.4,0.0,618,"Hatton, Adams County",300132,Hatton,2019-06-26 01:19:30.928938
2018-08-07,16:15,96.0,95.6,40.4,14.7,0.0,SW@4.0,7.4,79.4,0.0,596,"Hatton, Adams County",300132,Hatton,2019-06-26 01:19:30.928938
2018-08-07,16:30,95.4,94.8,46.2,18.7,0.0,SW@4.4,7.1,79.5,0.0,568,"Hatton, Adams County",300132,Hatton,2019-06-26 01:19:30.928938
2018-08-07,16:45,97.2,96.7,42.0,15.0,0.0,W@2.9,6.4,79.5,0.0,530,"Hatton, Adams County",300132,Hatton,2019-06-26 01:19:30.928938
2018-08-07,17:00,96.9,96.6,41.8,15.1,0.0,W@4.5,8.5,79.6,0.0,493,"Hatton, Adams County",300132,Hatton,2019-06-26 01:19:30.928938
2018-08-07,17:15,96.3,96.1,40.5,14.6,0.0,NW@4.9,8.9,79.6,0.0,454,"Hatton, Adams County",300132,Hatton,2019-06-26 01:19:30.928938
2018-08-07,17:30,95.9,95.1,40.9,15.0,0.0,NE@3.8,7.1,79.6,0.0,409,"Hatton, Adams County",300132,Hatton,2019-06-26 01:19:30.928938
2018-08-07,17:45,96.5,96.2,41.3,15.0,0.0,W@3.4,6.0,79.7,0.0,371,"Hatton, Adams County",300132,Hatton,2019-06-26 01:19:30.928938
2018-08-07,18:00,96.6,96.2,41.5,15.1,0.0,NW@2.2,7.1,79.7,0.0,328,"Hatton, Adams County",300132,Hatton,2019-06-26 01:19:30.928938
2018-08-07,18:15,95.6,95.2,49.9,21.3,0.0,SW@2.0,3.9,79.8,0.0,288,"Hatton, Adams County",300132,Hatton,2019-06-26 01:19:30.928938
2018-08-07,18:30,95.4,95.2,41.8,15.8,0.0,NW@4.3,6.7,79.9,0.0,243,"Hatton, Adams County",300132,Hatton,2019-06-26 01:19:30.928938
2018-08-07,18:45,95.7,95.6,41.5,15.4,0.0,NW@2.4,6.0,79.9,0.0,204,"Hatton, Adams County",300132,Hatton,2019-06-26 01:19:30.928938
2018-08-07,19:00,94.9,94.8,41.6,16.0,0.0,NW@3.1,4.6,80.0,0.0,166,"Hatton, Adams County",300132,Hatton,2019-06-26 01:19:30.928938
2018-08-07,19:15,93.9,94.1,41.3,16.2,0.0,NW@2.9,3.9,80.0,0.0,130,"Hatton, Adams County",300132,Hatton,2019-06-26 01:19:30.928938
2018-08-07,19:30,92.5,92.4,40.7,16.6,0.0,N@3.0,4.2,80.1,0.0,93,"Hatton, Adams County",300132,Hatton,2019-06-26 01:19:30.928938
2018-08-07,19:45,89.8,89.5,39.8,17.4,0.0,N@4.0,4.9,80.1,0.0,58,"Hatton, Adams County",300132,Hatton,2019-06-26 01:19:30.928938
2018-08-07,20:00,87.2,86.7,39.8,18.8,0.0,N@4.0,4.9,80.2,0.0,31,"Hatton, Adams County",300132,Hatton,2019-06-26 01:19:30.928938
2018-08-07,20:15,83.9,83.8,39.5,20.7,0.0,N@4.2,5.3,80.3,0.0,10,"Hatton, Adams County",300132,Hatton,2019-06-26 01:19:30.928938
2018-08-07,20:30,82.3,82.1,39.6,21.9,0.0,N@4.4,5.7,80.3,0.0,3,"Hatton, Adams County",300132,Hatton,2019-06-26 01:19:30.928938
2018-08-07,20:45,82.5,82.3,38.9,21.2,0.0,N@4.4,5.3,80.4,0.0,1,"Hatton, Adams County",300132,Hatton,2019-06-26 01:19:30.928938
2018-08-07,21:00,79.4,79.0,39.1,23.6,0.0,N@3.3,5.7,80.4,0.0,0,"Hatton, Adams County",300132,Hatton,2019-06-26 01:19:30.928938
2018-08-07,21:15,78.4,78.1,39.3,24.6,0.0,N@3.8,5.3,80.5,0.0,0,"Hatton, Adams County",300132,Hatton,2019-06-26 01:19:30.928938
2018-08-07,21:30,77.6,77.3,39.7,25.7,0.0,N@4.3,6.4,80.5,0.0,0,"Hatton, Adams County",300132,Hatton,2019-06-26 01:19:30.928938
2018-08-07,21:45,75.3,75.1,39.4,27.3,0.0,N@3.9,6.4,80.6,0.0,0,"Hatton, Adams County",300132,Hatton,2019-06-26 01:19:30.928938
2018-08-07,22:00,76.9,76.8,39.5,26.1,0.0,N@4.5,5.7,80.6,0.0,0,"Hatton, Adams County",300132,Hatton,2019-06-26 01:19:30.928938
2018-08-07,22:15,78.1,78.0,39.6,25.1,0.0,N@4.9,6.7,80.7,0.0,0,"Hatton, Adams County",300132,Hatton,2019-06-26 01:19:30.928938
2018-08-07,22:30,80.5,80.4,39.3,23.0,0.0,N@5.1,6.4,80.7,0.0,0,"Hatton, Adams County",300132,Hatton,2019-06-26 01:19:30.928938
2018-08-07,22:45,77.9,77.6,39.5,25.2,0.0,N@3.9,5.3,80.7,0.0,0,"Hatton, Adams County",300132,Hatton,2019-06-26 01:19:30.928938
2018-08-07,23:00,74.5,74.3,39.7,28.5,0.0,NE@3.5,4.6,80.8,0.0,0,"Hatton, Adams County",300132,Hatton,2019-06-26 01:19:30.928938
2018-08-07,23:15,73.9,73.7,39.8,29.2,0.0,N@2.1,3.9,80.8,0.0,0,"Hatton, Adams County",300132,Hatton,2019-06-26 01:19:30.928938
2018-08-07,23:30,71.8,71.6,40.4,32.1,0.0,NE@1.9,4.2,80.8,0.0,0,"Hatton, Adams County",300132,Hatton,2019-06-26 01:19:30.928938
2018-08-07,23:45,70.6,70.4,39.2,31.7,0.0,NE@2.2,3.1,80.8,0.0,0,"Hatton, Adams County",300132,Hatton,2019-06-26 01:19:30.928938
2018-08-07,24:00,70.5,70.3,39.1,31.8,0.0,NE@2.1,3.9,80.8,0.0,0,"Hatton, Adams County",300132,Hatton,2019-06-26 01:19:30.928938
2018-08-08,00:15,70.7,70.5,38.6,31.0,0.0,NE@1.8,3.5,80.8,0.0,0,"Hatton, Adams County",300132,Hatton,2019-06-26 01:19:30.928938
2018-08-08,00:30,70.5,70.3,38.5,31.1,0.0,NE@4.1,5.3,80.8,0.0,0,"Hatton, Adams County",300132,Hatton,2019-06-26 01:19:30.928938
2018-08-08,00:45,72.3,72.0,38.7,29.4,0.0,NE@3.4,4.6,80.9,0.0,0,"Hatton, Adams County",300132,Hatton,2019-06-26 01:19:30.928938
2018-08-08,01:00,72.7,72.7,39.3,29.7,0.0,NE@3.5,4.9,80.9,0.0,0,"Hatton, Adams County",300132,Hatton,2019-06-26 01:19:30.928938
2018-08-08,01:15,72.0,71.9,39.2,30.3,0.0,NE@3.1,4.2,80.9,0.0,0,"Hatton, Adams County",300132,Hatton,2019-06-26 01:19:30.928938
2018-08-08,01:30,71.1,70.9,39.8,32.1,0.0,NE@3.3,4.6,80.9,0.0,0,"Hatton, Adams County",300132,Hatton,2019-06-26 01:19:30.928938
2018-08-08,01:45,70.4,70.1,40.1,33.2,0.0,NE@4.7,6.7,80.8,0.0,0,"Hatton, Adams County",300132,Hatton,2019-06-26 01:19:30.928938
2018-08-08,02:00,70.1,70.0,39.7,33.0,0.0,NE@2.9,5.7,80.8,0.0,0,"Hatton, Adams County",300132,Hatton,2019-06-26 01:19:30.928938
2018-08-08,02:15,71.3,71.1,39.3,31.2,0.0,NE@4.3,5.7,80.8,0.0,0,"Hatton, Adams County",300132,Hatton,2019-06-26 01:19:30.928938
2018-08-08,02:30,70.1,69.9,39.5,32.8,0.0,NE@5.0,6.4,80.8,0.0,0,"Hatton, Adams County",300132,Hatton,2019-06-26 01:19:30.928938
2018-08-08,02:45,71.1,70.9,40.1,32.4,0.0,NE@4.9,7.1,80.8,0.0,0,"Hatton, Adams County",300132,Hatton,2019-06-26 01:19:30.928938
2018-08-08,03:00,72.2,72.0,40.0,31.2,0.0,NE@5.9,9.2,80.8,0.0,0,"Hatton, Adams County",300132,Hatton,2019-06-26 01:19:30.928938
2018-08-08,03:15,72.4,72.3,39.9,30.8,0.0,NE@6.6,8.9,80.8,0.0,0,"Hatton, Adams County",300132,Hatton,2019-06-26 01:19:30.928938
2018-08-08,03:30,72.1,71.9,39.9,31.1,0.0,NE@5.8,7.4,80.8,0.0,0,"Hatton, Adams County",300132,Hatton,2019-06-26 01:19:30.928938
2018-08-08,03:45,70.9,70.7,40.3,32.8,0.0,NE@2.8,7.1,80.7,0.0,0,"Hatton, Adams County",300132,Hatton,2019-06-26 01:19:30.928938
2018-08-08,04:00,69.6,69.4,40.1,34.0,0.0,NW@2.3,3.9,80.7,0.0,0,"Hatton, Adams County",300132,Hatton,2019-06-26 01:19:30.928938
2018-08-08,04:15,69.0,68.8,39.7,34.2,0.0,N@3.5,4.6,80.7,0.0,0,"Hatton, Adams County",300132,Hatton,2019-06-26 01:19:30.928938
2018-08-08,04:30,68.2,68.5,39.3,34.7,0.0,N@4.5,6.4,80.7,0.0,0,"Hatton, Adams County",300132,Hatton,2019-06-26 01:19:30.928938
2018-08-08,04:45,68.3,68.2,39.9,35.4,0.0,NW@4.2,5.7,80.6,0.0,0,"Hatton, Adams County",300132,Hatton,2019-06-26 01:19:30.928938
2018-08-08,05:00,63.8,63.6,41.4,43.7,0.0,W@3.5,4.9,80.6,0.0,0,"Hatton, Adams County",300132,Hatton,2019-06-26 01:19:30.928938
2018-08-08,05:15,63.0,62.7,43.1,48.2,0.0,W@1.3,4.2,80.6,0.0,0,"Hatton, Adams County",300132,Hatton,2019-06-26 01:19:30.928938
2018-08-08,05:30,61.7,61.5,40.9,46.4,0.0,NE@1.3,2.8,80.5,0.0,1,"Hatton, Adams County",300132,Hatton,2019-06-26 01:19:30.928938
2018-08-08,05:45,61.6,61.3,38.0,41.6,0.0,NE@2.1,3.9,80.5,0.0,2,"Hatton, Adams County",300132,Hatton,2019-06-26 01:19:30.928938
2018-08-08,06:00,62.1,61.9,38.1,41.0,0.0,N@2.0,3.9,80.5,0.0,9,"Hatton, Adams County",300132,Hatton,2019-06-26 01:19:30.928938
2018-08-08,06:15,60.5,60.4,38.1,43.2,0.0,NW@3.5,5.7,80.5,0.0,24,"Hatton, Adams County",300132,Hatton,2019-06-26 01:19:30.928938
2018-08-08,06:30,62.2,62.0,38.2,40.9,0.0,NW@4.6,7.1,80.4,0.0,46,"Hatton, Adams County",300132,Hatton,2019-06-26 01:19:30.928938
2018-08-08,06:45,63.6,63.5,38.8,39.9,0.0,NW@4.9,6.4,80.4,0.0,75,"Hatton, Adams County",300132,Hatton,2019-06-26 01:19:30.928938
2018-08-08,07:00,65.8,65.8,39.1,37.4,0.0,N@4.9,7.4,80.4,0.0,101,"Hatton, Adams County",300132,Hatton,2019-06-26 01:19:30.928938
2018-08-08,07:15,69.1,69.1,39.5,33.9,0.0,N@4.7,6.4,80.3,0.0,130,"Hatton, Adams County",300132,Hatton,2019-06-26 01:19:30.928938
2018-08-08,07:30,71.4,71.3,39.8,31.7,0.0,N@3.8,5.3,80.3,0.0,172,"Hatton, Adams County",300132,Hatton,2019-06-26 01:19:30.928938
2018-08-08,07:45,74.2,73.9,40.0,29.1,0.0,N@3.6,4.9,80.3,0.0,217,"Hatton, Adams County",300132,Hatton,2019-06-26 01:19:30.928938
2018-08-08,08:00,76.8,76.2,40.1,26.8,0.0,N@4.0,5.3,80.2,0.0,263,"Hatton, Adams County",300132,Hatton,2019-06-26 01:19:30.928938
2018-08-08,08:15,79.3,78.6,40.3,24.8,0.0,N@3.3,4.6,80.2,0.0,305,"Hatton, Adams County",300132,Hatton,2019-06-26 01:19:30.928938
2018-08-08,08:30,79.9,79.4,40.1,24.1,0.0,NE@4.4,6.7,80.2,0.0,348,"Hatton, Adams County",300132,Hatton,2019-06-26 01:19:30.928938
2018-08-08,08:45,80.6,80.0,41.1,24.5,0.0,NE@4.2,6.4,80.1,0.0,391,"Hatton, Adams County",300132,Hatton,2019-06-26 01:19:30.928938
2018-08-08,09:00,82.3,81.7,41.8,23.8,0.0,E@4.2,6.7,80.1,0.0,434,"Hatton, Adams County",300132,Hatton,2019-06-26 01:19:30.928938
2018-08-08,09:15,84.3,83.8,41.3,22.0,0.0,E@4.9,8.9,80.0,0.0,469,"Hatton, Adams County",300132,Hatton,2019-06-26 01:19:30.928938
2018-08-08,09:30,85.3,84.9,41.3,21.3,0.0,E@5.9,9.6,80.0,0.0,505,"Hatton, Adams County",300132,Hatton,2019-06-26 01:19:30.928938
2018-08-08,09:45,86.2,85.7,41.7,21.0,0.0,E@4.9,8.9,80.0,0.0,517,"Hatton, Adams County",300132,Hatton,2019-06-26 01:19:30.928938
2018-08-08,10:00,87.1,86.8,42.4,20.9,0.0,SE@3.7,7.4,79.9,0.0,522,"Hatton, Adams County",300132,Hatton,2019-06-26 01:19:30.928938
2018-08-08,10:15,88.3,87.8,45.2,22.5,0.0,SW@3.4,6.4,79.9,0.0,617,"Hatton, Adams County",300132,Hatton,2019-06-26 01:19:30.928938
2018-08-08,10:30,89.0,88.6,49.0,25.4,0.0,SW@3.5,5.3,79.9,0.0,630,"Hatton, Adams County",300132,Hatton,2019-06-26 01:19:30.928938
2018-08-08,10:45,89.9,89.3,47.6,23.3,0.0,SW@3.4,4.6,79.8,0.0,650,"Hatton, Adams County",300132,Hatton,2019-06-26 01:19:30.928938
2018-08-08,11:00,91.1,90.6,46.2,21.3,0.0,SW@2.9,4.2,79.8,0.0,673,"Hatton, Adams County",300132,Hatton,2019-06-26 01:19:30.928938
2018-08-08,11:15,93.2,93.0,43.0,17.7,0.0,SW@2.8,4.9,79.8,0.0,721,"Hatton, Adams County",300132,Hatton,2019-06-26 01:19:30.928938
2018-08-08,11:30,95.3,94.8,42.1,16.0,0.0,NW@2.9,6.4,79.8,0.0,744,"Hatton, Adams County",300132,Hatton,2019-06-26 01:19:30.928938
2018-08-08,11:45,95.1,94.6,49.3,21.2,0.0,W@4.6,8.9,79.7,0.0,725,"Hatton, Adams County",300132,Hatton,2019-06-26 01:19:30.928938
2018-08-08,12:00,93.7,93.2,51.7,24.2,0.0,W@7.1,10.3,79.7,0.0,762,"Hatton, Adams County",300132,Hatton,2019-06-26 01:19:30.928938
2018-08-08,12:15,93.4,92.8,52.7,25.3,0.0,W@7.5,11.7,79.7,0.0,774,"Hatton, Adams County",300132,Hatton,2019-06-26 01:19:30.928938
2018-08-08,12:30,93.6,93.1,52.7,25.1,0.0,W@7.2,11.0,79.7,0.0,772,"Hatton, Adams County",300132,Hatton,2019-06-26 01:19:30.928938
2018-08-08,12:45,96.0,95.6,47.6,19.4,0.0,NW@6.5,10.7,79.7,0.0,787,"Hatton, Adams County",300132,Hatton,2019-06-26 01:19:30.928938
2018-08-08,13:00,97.6,97.2,45.9,17.3,0.0,NW@6.5,9.9,79.7,0.0,797,"Hatton, Adams County",300132,Hatton,2019-06-26 01:19:30.928938
2018-08-08,13:15,98.7,98.2,45.2,16.3,0.0,W@4.8,8.9,79.7,0.0,795,"Hatton, Adams County",300132,Hatton,2019-06-26 01:19:30.928938
2018-08-08,13:30,98.0,97.5,47.6,18.2,0.0,W@4.1,6.7,79.7,0.0,789,"Hatton, Adams County",300132,Hatton,2019-06-26 01:19:30.928938
2018-08-08,13:45,99.0,98.5,47.1,17.3,0.0,SW@4.3,6.7,79.7,0.0,785,"Hatton, Adams County",300132,Hatton,2019-06-26 01:19:30.928938
2018-08-08,14:00,100.2,99.7,45.2,15.5,0.0,SW@4.5,7.4,79.8,0.0,767,"Hatton, Adams County",300132,Hatton,2019-06-26 01:19:30.928938
2018-08-08,14:15,101.5,101.1,40.3,12.4,0.0,W@4.5,8.2,79.8,0.0,745,"Hatton, Adams County",300132,Hatton,2019-06-26 01:19:30.928938
2018-08-08,14:30,102.0,101.6,44.8,14.5,0.0,W@6.8,12.4,79.8,0.0,713,"Hatton, Adams County",300132,Hatton,2019-06-26 01:19:30.928938
2018-08-08,14:45,100.8,100.4,46.6,16.1,0.0,W@7.1,13.5,79.8,0.0,683,"Hatton, Adams County",300132,Hatton,2019-06-26 01:19:30.928938
2018-08-08,15:00,100.6,100.2,47.0,16.4,0.0,W@7.0,10.7,79.8,0.0,662,"Hatton, Adams County",300132,Hatton,2019-06-26 01:19:30.928938
2018-08-08,15:15,101.0,100.6,47.0,16.3,0.0,W@6.3,11.0,79.9,0.0,642,"Hatton, Adams County",300132,Hatton,2019-06-26 01:19:30.928938
2018-08-08,15:30,101.7,101.2,46.4,15.6,0.0,W@6.2,9.9,79.9,0.0,629,"Hatton, Adams County",300132,Hatton,2019-06-26 01:19:30.928938
2018-08-08,15:45,101.3,100.9,46.1,15.6,0.0,W@6.0,9.6,79.9,0.0,604,"Hatton, Adams County",300132,Hatton,2019-06-26 01:19:30.928938
2018-08-08,16:00,102.3,101.9,45.0,14.5,0.0,W@6.1,9.9,80.0,0.0,567,"Hatton, Adams County",300132,Hatton,2019-06-26 01:19:30.928938
2018-08-08,16:15,102.5,102.2,44.6,14.2,0.0,W@6.7,9.9,80.0,0.0,535,"Hatton, Adams County",300132,Hatton,2019-06-26 01:19:30.928938
2018-08-08,16:30,102.7,102.4,43.2,13.4,0.0,W@6.3,10.3,80.1,0.0,512,"Hatton, Adams County",300132,Hatton,2019-06-26 01:19:30.928938
2018-08-08,16:45,102.8,102.4,43.2,13.3,0.0,W@7.0,9.6,80.1,0.0,490,"Hatton, Adams County",300132,Hatton,2019-06-26 01:19:30.928938
2018-08-08,17:00,103.1,102.7,42.2,12.7,0.0,W@6.3,11.0,80.2,0.0,459,"Hatton, Adams County",300132,Hatton,2019-06-26 01:19:30.928938
2018-08-08,17:15,103.4,103.1,39.7,11.4,0.0,W@6.0,10.3,80.2,0.0,410,"Hatton, Adams County",300132,Hatton,2019-06-26 01:19:30.928938
2018-08-08,17:30,102.8,102.5,41.4,12.4,0.0,W@6.6,9.2,80.3,0.0,370,"Hatton, Adams County",300132,Hatton,2019-06-26 01:19:30.928938
2018-08-08,17:45,102.4,102.1,41.8,12.8,0.0,W@6.6,11.0,80.3,0.0,327,"Hatton, Adams County",300132,Hatton,2019-06-26 01:19:30.928938
2018-08-08,18:00,101.2,100.9,44.9,14.9,0.0,W@6.5,9.9,80.4,0.0,278,"Hatton, Adams County",300132,Hatton,2019-06-26 01:19:30.928938
2018-08-08,18:15,99.8,99.6,46.0,16.2,0.0,W@6.9,9.6,80.4,0.0,236,"Hatton, Adams County",300132,Hatton,2019-06-26 01:19:30.928938
2018-08-08,18:30,99.4,99.2,45.4,16.0,0.0,W@6.6,9.2,80.5,0.0,197,"Hatton, Adams County",300132,Hatton,2019-06-26 01:19:30.928938
2018-08-08,18:45,98.7,98.5,44.7,15.9,0.0,W@5.4,8.5,80.5,0.0,162,"Hatton, Adams County",300132,Hatton,2019-06-26 01:19:30.928938
2018-08-08,19:00,97.6,97.4,43.7,15.9,0.0,NW@4.5,6.4,80.6,0.0,128,"Hatton, Adams County",300132,Hatton,2019-06-26 01:19:30.928938
2018-08-08,19:15,95.2,95.0,45.1,18.0,0.0,NW@3.8,5.3,80.6,0.0,94,"Hatton, Adams County",300132,Hatton,2019-06-26 01:19:30.928938
2018-08-08,19:30,92.3,92.1,43.9,18.8,0.0,NW@3.7,4.9,80.7,0.0,63,"Hatton, Adams County",300132,Hatton,2019-06-26 01:19:30.928938
2018-08-08,19:45,89.4,89.3,43.2,20.0,0.0,NW@3.1,3.9,80.7,0.0,38,"Hatton, Adams County",300132,Hatton,2019-06-26 01:19:30.928938
2018-08-08,20:00,88.1,87.8,42.4,20.3,0.0,NW@4.1,5.7,80.8,0.0,19,"Hatton, Adams County",300132,Hatton,2019-06-26 01:19:30.928938
2018-08-08,20:15,85.8,85.6,42.2,21.7,0.0,NW@4.2,5.3,80.8,0.0,7,"Hatton, Adams County",300132,Hatton,2019-06-26 01:19:30.928938
2018-08-08,20:30,84.3,84.0,42.2,22.7,0.0,NW@3.7,5.7,80.9,0.0,2,"Hatton, Adams County",300132,Hatton,2019-06-26 01:19:30.928938
2018-08-08,20:45,83.4,83.1,43.5,24.5,0.0,NW@4.6,5.7,81.0,0.0,1,"Hatton, Adams County",300132,Hatton,2019-06-26 01:19:30.928938
2018-08-08,21:00,82.1,81.8,45.7,27.9,0.0,NW@4.5,5.3,81.0,0.0,0,"Hatton, Adams County",300132,Hatton,2019-06-26 01:19:30.928938
2018-08-08,21:15,81.5,81.3,46.1,28.8,0.0,N@5.0,6.4,81.1,0.0,0,"Hatton, Adams County",300132,Hatton,2019-06-26 01:19:30.928938
2018-08-08,21:30,82.9,82.7,45.0,26.4,0.0,N@5.5,7.1,81.1,0.0,0,"Hatton, Adams County",300132,Hatton,2019-06-26 01:19:30.928938
2018-08-08,21:45,82.1,82.0,43.1,25.2,0.0,N@5.5,7.4,81.1,0.0,0,"Hatton, Adams County",300132,Hatton,2019-06-26 01:19:30.928938
2018-08-08,22:00,83.2,83.1,42.1,23.4,0.0,N@5.6,7.1,81.2,0.0,0,"Hatton, Adams County",300132,Hatton,2019-06-26 01:19:30.928938
2018-08-08,22:15,83.5,83.3,41.6,22.8,0.0,N@5.4,6.7,81.2,0.0,0,"Hatton, Adams County",300132,Hatton,2019-06-26 01:19:30.928938
2018-08-08,22:30,83.8,83.6,41.6,22.6,0.0,N@5.1,6.7,81.3,0.0,0,"Hatton, Adams County",300132,Hatton,2019-06-26 01:19:30.928938
2018-08-08,22:45,81.2,81.0,41.7,24.7,0.0,NW@4.3,5.7,81.3,0.0,0,"Hatton, Adams County",300132,Hatton,2019-06-26 01:19:30.928938
2018-08-08,23:00,77.1,76.9,41.3,27.8,0.0,NW@4.3,4.9,81.3,0.0,0,"Hatton, Adams County",300132,Hatton,2019-06-26 01:19:30.928938
2018-08-08,23:15,76.2,76.0,41.1,28.3,0.0,NW@3.9,4.9,81.3,0.0,0,"Hatton, Adams County",300132,Hatton,2019-06-26 01:19:30.928938
2018-08-08,23:30,78.3,78.0,40.9,26.2,0.0,N@5.4,7.1,81.4,0.0,0,"Hatton, Adams County",300132,Hatton,2019-06-26 01:19:30.928938
2018-08-08,23:45,77.9,77.7,40.2,25.9,0.0,NW@4.9,6.4,81.4,0.0,0,"Hatton, Adams County",300132,Hatton,2019-06-26 01:19:30.928938
2018-08-08,24:00,79.0,78.8,40.3,25.1,0.0,N@5.6,7.4,81.4,0.0,0,"Hatton, Adams County",300132,Hatton,2019-06-26 01:19:30.928938
2018-08-09,00:15,79.4,79.3,39.2,23.7,0.0,N@3.5,6.7,81.4,0.0,0,"Hatton, Adams County",300132,Hatton,2019-06-26 01:19:30.928938
2018-08-09,00:30,77.4,77.3,38.0,24.2,0.0,NE@4.1,6.0,81.4,0.0,0,"Hatton, Adams County",300132,Hatton,2019-06-26 01:19:30.928938
2018-08-09,00:45,81.6,81.9,36.6,19.9,0.0,N@4.1,6.0,81.4,0.0,0,"Hatton, Adams County",300132,Hatton,2019-06-26 01:19:30.928938
2018-08-09,01:00,78.0,78.0,37.1,22.8,0.0,N@2.2,4.2,81.4,0.0,0,"Hatton, Adams County",300132,Hatton,2019-06-26 01:19:30.928938
2018-08-09,01:15,76.3,76.2,36.8,23.8,0.0,N@2.3,4.2,81.4,0.0,0,"Hatton, Adams County",300132,Hatton,2019-06-26 01:19:30.928938
2018-08-09,01:30,74.2,74.1,37.1,25.9,0.0,N@4.6,6.0,81.4,0.0,0,"Hatton, Adams County",300132,Hatton,2019-06-26 01:19:30.928938
2018-08-09,01:45,73.2,73.0,37.3,27.1,0.0,N@3.7,4.9,81.4,0.0,0,"Hatton, Adams County",300132,Hatton,2019-06-26 01:19:30.928938
2018-08-09,02:00,71.6,71.6,37.6,28.8,0.0,NW@3.0,4.6,81.4,0.0,0,"Hatton, Adams County",300132,Hatton,2019-06-26 01:19:30.928938
2018-08-09,02:15,75.6,75.8,38.0,25.7,0.0,N@3.6,4.6,81.4,0.0,0,"Hatton, Adams County",300132,Hatton,2019-06-26 01:19:30.928938
2018-08-09,02:30,76.7,76.6,37.9,24.6,0.0,NE@3.6,6.4,81.4,0.0,0,"Hatton, Adams County",300132,Hatton,2019-06-26 01:19:30.928938
2018-08-09,02:45,77.4,77.1,37.9,24.1,0.0,NE@3.2,6.0,81.4,0.0,0,"Hatton, Adams County",300132,Hatton,2019-06-26 01:19:30.928938
2018-08-09,03:00,75.9,75.8,38.2,25.5,0.0,NE@3.0,4.9,81.4,0.0,0,"Hatton, Adams County",300132,Hatton,2019-06-26 01:19:30.928938
2018-08-09,03:15,71.6,71.4,38.9,30.3,0.0,W@2.3,3.9,81.4,0.0,0,"Hatton, Adams County",300132,Hatton,2019-06-26 01:19:30.928938
2018-08-09,03:30,66.6,66.4,40.8,38.9,0.0,W@2.9,4.2,81.4,0.0,0,"Hatton, Adams County",300132,Hatton,2019-06-26 01:19:30.928938
2018-08-09,03:45,64.4,64.2,39.1,39.2,0.0,NW@2.3,3.1,81.3,0.0,0,"Hatton, Adams County",300132,Hatton,2019-06-26 01:19:30.928938
2018-08-09,04:00,65.5,65.4,40.2,39.4,0.0,W@3.4,7.4,81.3,0.0,0,"Hatton, Adams County",300132,Hatton,2019-06-26 01:19:30.928938
2018-08-09,04:15,63.3,63.0,39.8,42.0,0.0,W@2.1,3.9,81.3,0.0,0,"Hatton, Adams County",300132,Hatton,2019-06-26 01:19:30.928938
2018-08-09,04:30,62.7,62.4,43.4,49.3,0.0,W@3.7,4.6,81.3,0.0,0,"Hatton, Adams County",300132,Hatton,2019-06-26 01:19:30.928938
2018-08-09,04:45,63.1,62.9,44.1,49.8,0.0,W@2.9,4.6,81.3,0.0,0,"Hatton, Adams County",300132,Hatton,2019-06-26 01:19:30.928938
2018-08-09,05:00,62.2,61.9,40.6,45.0,0.0,NE@2.0,3.5,81.2,0.0,0,"Hatton, Adams County",300132,Hatton,2019-06-26 01:19:30.928938
2018-08-09,05:15,62.7,62.5,38.2,40.2,0.0,NE@3.1,4.6,81.2,0.0,0,"Hatton, Adams County",300132,Hatton,2019-06-26 01:19:30.928938
2018-08-09,05:30,64.5,64.3,37.8,37.3,0.0,NE@3.1,4.2,81.2,0.0,1,"Hatton, Adams County",300132,Hatton,2019-06-26 01:19:30.928938
2018-08-09,05:45,65.0,64.8,37.8,36.6,0.0,NE@2.9,4.2,81.2,0.0,2,"Hatton, Adams County",300132,Hatton,2019-06-26 01:19:30.928938
2018-08-09,06:00,63.1,62.9,37.7,38.9,0.0,NE@3.1,4.6,81.1,0.0,7,"Hatton, Adams County",300132,Hatton,2019-06-26 01:19:30.928938
2018-08-09,06:15,64.2,64.0,38.9,39.3,0.0,NE@3.8,4.6,81.1,0.0,19,"Hatton, Adams County",300132,Hatton,2019-06-26 01:19:30.928938
2018-08-09,06:30,66.7,66.5,39.9,37.2,0.0,NE@3.1,4.6,81.1,0.0,38,"Hatton, Adams County",300132,Hatton,2019-06-26 01:19:30.928938
2018-08-09,06:45,67.8,67.6,40.5,36.9,0.0,NE@3.1,5.7,81.0,0.0,63,"Hatton, Adams County",300132,Hatton,2019-06-26 01:19:30.928938
2018-08-09,07:00,69.5,69.4,41.2,35.7,0.0,NE@3.7,5.3,81.0,0.0,92,"Hatton, Adams County",300132,Hatton,2019-06-26 01:19:30.928938
2018-08-09,07:15,70.6,70.5,41.9,35.4,0.0,NE@3.9,6.0,81.0,0.0,125,"Hatton, Adams County",300132,Hatton,2019-06-26 01:19:30.928938
2018-08-09,07:30,72.5,72.4,42.1,33.3,0.0,NE@5.3,8.2,80.9,0.0,160,"Hatton, Adams County",300132,Hatton,2019-06-26 01:19:30.928938
2018-08-09,07:45,74.3,74.1,42.1,31.3,0.0,NE@6.1,9.2,80.9,0.0,198,"Hatton, Adams County",300132,Hatton,2019-06-26 01:19:30.928938
2018-08-09,08:00,76.0,75.6,42.3,30.0,0.0,NE@6.1,7.8,80.9,0.0,240,"Hatton, Adams County",300132,Hatton,2019-06-26 01:19:30.928938
2018-08-09,08:15,77.6,77.2,42.4,28.5,0.0,E@5.9,8.2,80.8,0.0,282,"Hatton, Adams County",300132,Hatton,2019-06-26 01:19:30.928938
2018-08-09,08:30,78.8,78.5,42.8,27.8,0.0,E@4.9,8.2,80.8,0.0,324,"Hatton, Adams County",300132,Hatton,2019-06-26 01:19:30.928938
2018-08-09,08:45,79.9,79.5,43.5,27.6,0.0,E@4.3,6.7,80.8,0.0,365,"Hatton, Adams County",300132,Hatton,2019-06-26 01:19:30.928938
2018-08-09,09:00,80.5,80.2,45.5,29.2,0.0,SE@3.6,5.7,80.7,0.0,407,"Hatton, Adams County",300132,Hatton,2019-06-26 01:19:30.928938
2018-08-09,09:15,81.2,80.9,48.4,31.8,0.0,SE@3.2,5.7,80.7,0.0,447,"Hatton, Adams County",300132,Hatton,2019-06-26 01:19:30.928938
2018-08-09,09:30,82.6,82.2,47.8,29.8,0.0,SE@2.9,4.9,80.6,0.0,488,"Hatton, Adams County",300132,Hatton,2019-06-26 01:19:30.928938
2018-08-09,09:45,83.9,83.5,49.3,30.1,0.0,S@3.0,5.3,80.6,0.0,527,"Hatton, Adams County",300132,Hatton,2019-06-26 01:19:30.928938
2018-08-09,10:00,84.5,83.9,49.9,30.2,0.0,SW@3.0,4.9,80.5,0.0,563,"Hatton, Adams County",300132,Hatton,2019-06-26 01:19:30.928938
2018-08-09,10:15,85.4,85.0,50.0,29.4,0.0,SW@3.2,4.2,80.5,0.0,597,"Hatton, Adams County",300132,Hatton,2019-06-26 01:19:30.928938
2018-08-09,10:30,86.5,86.0,49.2,27.6,0.0,SW@3.2,4.6,80.5,0.0,630,"Hatton, Adams County",300132,Hatton,2019-06-26 01:19:30.928938
2018-08-09,10:45,87.7,87.2,48.6,26.0,0.0,SW@3.2,4.9,80.5,0.0,652,"Hatton, Adams County",300132,Hatton,2019-06-26 01:19:30.928938
2018-08-09,11:00,88.6,88.1,48.7,25.3,0.0,W@3.6,4.9,80.4,0.0,683,"Hatton, Adams County",300132,Hatton,2019-06-26 01:19:30.928938
2018-08-09,11:15,89.4,88.9,49.6,25.6,0.0,S@3.9,5.3,80.4,0.0,707,"Hatton, Adams County",300132,Hatton,2019-06-26 01:19:30.928938
2018-08-09,11:30,91.2,90.6,48.9,23.5,0.0,S@3.1,5.7,80.4,0.0,733,"Hatton, Adams County",300132,Hatton,2019-06-26 01:19:30.928938
2018-08-09,11:45,92.3,91.8,48.9,22.7,0.0,S@3.2,5.3,80.4,0.0,751,"Hatton, Adams County",300132,Hatton,2019-06-26 01:19:30.928938
2018-08-09,12:00,94.6,93.9,46.8,19.5,0.0,SW@3.0,5.7,80.3,0.0,770,"Hatton, Adams County",300132,Hatton,2019-06-26 01:19:30.928938
2018-08-09,12:15,96.4,95.8,43.9,16.6,0.0,N@4.1,7.1,80.3,0.0,767,"Hatton, Adams County",300132,Hatton,2019-06-26 01:19:30.928938
2018-08-09,12:30,97.9,97.2,43.3,15.5,0.0,N@3.3,7.8,80.3,0.0,787,"Hatton, Adams County",300132,Hatton,2019-06-26 01:19:30.928938
2018-08-09,12:45,98.4,98.0,43.0,15.1,0.0,N@4.2,6.7,80.3,0.0,799,"Hatton, Adams County",300132,Hatton,2019-06-26 01:19:30.928938
2018-08-09,13:00,99.0,98.6,43.4,15.0,0.0,W@3.7,8.5,80.3,0.0,802,"Hatton, Adams County",300132,Hatton,2019-06-26 01:19:30.928938
2018-08-09,13:15,100.7,100.1,42.8,14.0,0.0,N@3.4,7.1,80.3,0.0,801,"Hatton, Adams County",300132,Hatton,2019-06-26 01:19:30.928938
2018-08-09,13:30,100.8,100.4,42.1,13.6,0.0,N@3.4,6.0,80.3,0.0,798,"Hatton, Adams County",300132,Hatton,2019-06-26 01:19:30.928938
2018-08-09,13:45,101.5,100.9,43.6,14.1,0.0,W@3.0,5.7,80.3,0.0,791,"Hatton, Adams County",300132,Hatton,2019-06-26 01:19:30.928938
2018-08-09,14:00,102.8,102.3,42.4,12.9,0.0,NW@3.1,6.7,80.3,0.0,782,"Hatton, Adams County",300132,Hatton,2019-06-26 01:19:30.928938
2018-08-09,14:15,101.4,100.8,49.9,17.9,0.0,SW@5.9,10.7,80.3,0.0,763,"Hatton, Adams County",300132,Hatton,2019-06-26 01:19:30.928938
2018-08-09,14:30,101.7,101.2,51.0,18.5,0.0,W@6.4,10.3,80.4,0.0,750,"Hatton, Adams County",300132,Hatton,2019-06-26 01:19:30.928938
2018-08-09,14:45,102.6,102.2,49.3,16.8,0.0,W@7.0,11.4,80.4,0.0,730,"Hatton, Adams County",300132,Hatton,2019-06-26 01:19:30.928938
2018-08-09,15:00,103.3,102.9,49.2,16.4,0.0,W@6.9,9.9,80.4,0.0,709,"Hatton, Adams County",300132,Hatton,2019-06-26 01:19:30.928938
2018-08-09,15:15,104.0,103.7,47.9,15.3,0.0,W@6.6,11.0,80.5,0.0,684,"Hatton, Adams County",300132,Hatton,2019-06-26 01:19:30.928938
2018-08-09,15:30,103.7,103.4,47.8,15.5,0.0,W@6.8,12.1,80.5,0.0,659,"Hatton, Adams County",300132,Hatton,2019-06-26 01:19:30.928938
2018-08-09,15:45,104.7,104.3,48.6,15.4,0.0,W@7.6,11.0,80.5,0.0,628,"Hatton, Adams County",300132,Hatton,2019-06-26 01:19:30.928938
2018-08-09,16:00,103.8,103.4,49.4,16.3,0.0,W@8.2,12.4,80.6,0.0,596,"Hatton, Adams County",300132,Hatton,2019-06-26 01:19:30.928938
2018-08-09,16:15,104.0,103.6,48.8,15.9,0.0,W@7.8,11.4,80.6,0.0,560,"Hatton, Adams County",300132,Hatton,2019-06-26 01:19:30.928938
2018-08-09,16:30,103.5,103.1,48.5,15.9,0.0,W@8.1,11.7,80.7,0.0,528,"Hatton, Adams County",300132,Hatton,2019-06-26 01:19:30.928938
2018-08-09,16:45,103.4,103.1,48.0,15.7,0.0,W@7.8,11.0,80.7,0.0,490,"Hatton, Adams County",300132,Hatton,2019-06-26 01:19:30.928938
2018-08-09,17:00,102.9,102.6,48.2,16.1,0.0,W@7.9,11.0,80.7,0.0,453,"Hatton, Adams County",300132,Hatton,2019-06-26 01:19:30.928938
2018-08-09,17:15,103.0,102.6,47.1,15.3,0.0,W@7.7,10.7,80.8,0.0,416,"Hatton, Adams County",300132,Hatton,2019-06-26 01:19:30.928938
2018-08-09,17:30,102.4,102.1,46.1,15.0,0.0,W@7.8,11.0,80.8,0.0,371,"Hatton, Adams County",300132,Hatton,2019-06-26 01:19:30.928938
2018-08-09,17:45,102.2,101.9,45.0,14.5,0.0,W@7.7,10.3,80.9,0.0,328,"Hatton, Adams County",300132,Hatton,2019-06-26 01:19:30.928938
2018-08-09,18:00,102.0,101.7,44.7,14.4,0.0,W@6.9,9.6,80.9,0.0,289,"Hatton, Adams County",300132,Hatton,2019-06-26 01:19:30.928938
2018-08-09,18:15,101.6,101.3,45.0,14.8,0.0,W@6.8,9.2,81.0,0.0,249,"Hatton, Adams County",300132,Hatton,2019-06-26 01:19:30.928938
2018-08-09,18:30,100.9,100.6,45.8,15.6,0.0,W@6.6,9.6,81.1,0.0,201,"Hatton, Adams County",300132,Hatton,2019-06-26 01:19:30.928938
2018-08-09,18:45,100.0,99.8,47.3,16.9,0.0,W@6.2,8.2,81.1,0.0,169,"Hatton, Adams County",300132,Hatton,2019-06-26 01:19:30.928938
2018-08-09,19:00,98.8,98.5,48.2,18.2,0.0,W@5.3,8.2,81.2,0.0,133,"Hatton, Adams County",300132,Hatton,2019-06-26 01:19:30.928938
2018-08-09,19:15,96.8,96.6,49.3,20.1,0.0,W@4.6,7.1,81.2,0.0,95,"Hatton, Adams County",300132,Hatton,2019-06-26 01:19:30.928938
2018-08-09,19:30,93.9,93.7,50.8,23.2,0.0,W@3.8,5.3,81.3,0.0,68,"Hatton, Adams County",300132,Hatton,2019-06-26 01:19:30.928938
2018-08-09,19:45,90.5,90.3,51.4,26.5,0.0,NW@3.5,4.6,81.3,0.0,40,"Hatton, Adams County",300132,Hatton,2019-06-26 01:19:30.928938
2018-08-09,20:00,87.6,87.4,50.1,27.6,0.0,NW@3.0,4.2,81.4,0.0,19,"Hatton, Adams County",300132,Hatton,2019-06-26 01:19:30.928938
2018-08-09,20:15,86.1,85.9,47.6,26.3,0.0,NW@3.8,4.9,81.4,0.0,8,"Hatton, Adams County",300132,Hatton,2019-06-26 01:19:30.928938
2018-08-09,20:30,85.5,85.1,48.3,27.6,0.0,N@4.5,5.7,81.5,0.0,2,"Hatton, Adams County",300132,Hatton,2019-06-26 01:19:30.928938
2018-08-09,20:45,84.2,83.9,48.0,28.5,0.0,N@4.4,5.3,81.5,0.0,1,"Hatton, Adams County",300132,Hatton,2019-06-26 01:19:30.928938
2018-08-09,21:00,83.5,83.2,48.2,29.3,0.0,N@4.7,6.0,81.6,0.0,0,"Hatton, Adams County",300132,Hatton,2019-06-26 01:19:30.928938
2018-08-09,21:15,83.4,83.2,46.6,27.6,0.0,N@4.3,6.0,81.6,0.0,0,"Hatton, Adams County",300132,Hatton,2019-06-26 01:19:30.928938
2018-08-09,21:30,82.7,82.4,44.5,26.1,0.0,N@4.5,5.3,81.7,0.0,0,"Hatton, Adams County",300132,Hatton,2019-06-26 01:19:30.928938
2018-08-09,21:45,81.4,81.1,44.6,27.4,0.0,NW@4.4,5.3,81.7,0.0,0,"Hatton, Adams County",300132,Hatton,2019-06-26 01:19:30.928938
2018-08-09,22:00,81.0,80.7,44.2,27.3,0.0,NW@4.0,5.7,81.8,0.0,0,"Hatton, Adams County",300132,Hatton,2019-06-26 01:19:30.928938
2018-08-09,22:15,80.1,79.9,43.4,27.2,0.0,W@2.9,4.2,81.8,0.0,0,"Hatton, Adams County",300132,Hatton,2019-06-26 01:19:30.928938
2018-08-09,22:30,77.6,77.4,45.8,32.5,0.0,W@3.5,4.6,81.8,0.0,0,"Hatton, Adams County",300132,Hatton,2019-06-26 01:19:30.928938
2018-08-09,22:45,76.5,76.3,44.1,31.5,0.0,NW@3.0,4.6,81.9,0.0,0,"Hatton, Adams County",300132,Hatton,2019-06-26 01:19:30.928938
2018-08-09,23:00,79.7,79.2,43.8,28.1,0.0,NW@4.5,5.7,81.9,0.0,0,"Hatton, Adams County",300132,Hatton,2019-06-26 01:19:30.928938
2018-08-09,23:15,81.2,80.8,44.0,26.9,0.0,NW@4.8,6.0,81.9,0.0,0,"Hatton, Adams County",300132,Hatton,2019-06-26 01:19:30.928938
2018-08-09,23:30,81.2,81.0,44.7,27.6,0.0,N@4.8,6.0,82.0,0.0,0,"Hatton, Adams County",300132,Hatton,2019-06-26 01:19:30.928938
2018-08-09,23:45,80.6,80.5,46.3,30.0,0.0,N@4.7,6.0,82.0,0.0,0,"Hatton, Adams County",300132,Hatton,2019-06-26 01:19:30.928938
2018-08-09,24:00,80.0,79.8,46.6,30.9,0.0,N@5.0,6.7,82.0,0.0,0,"Hatton, Adams County",300132,Hatton,2019-06-26 01:19:30.928938
2018-08-10,00:15,81.8,81.9,45.2,27.7,0.0,N@5.4,6.7,82.0,0.0,0,"Hatton, Adams County",300132,Hatton,2019-06-26 01:19:30.928938
2018-08-10,00:30,82.6,82.5,44.1,25.9,0.0,N@5.5,6.7,82.0,0.0,0,"Hatton, Adams County",300132,Hatton,2019-06-26 01:19:30.928938
2018-08-10,00:45,81.8,81.7,44.0,26.4,0.0,N@5.0,6.0,82.0,0.0,0,"Hatton, Adams County",300132,Hatton,2019-06-26 01:19:30.928938
2018-08-10,01:00,81.5,81.4,43.8,26.5,0.0,N@5.5,6.7,82.0,0.0,0,"Hatton, Adams County",300132,Hatton,2019-06-26 01:19:30.928938
2018-08-10,01:15,80.4,80.3,43.9,27.4,0.0,N@5.5,6.7,82.0,0.0,0,"Hatton, Adams County",300132,Hatton,2019-06-26 01:19:30.928938
2018-08-10,01:30,79.2,79.0,43.6,28.3,0.0,N@4.8,6.4,82.0,0.0,0,"Hatton, Adams County",300132,Hatton,2019-06-26 01:19:30.928938
2018-08-10,01:45,79.1,78.9,43.0,27.7,0.0,NW@4.1,5.3,82.0,0.0,0,"Hatton, Adams County",300132,Hatton,2019-06-26 01:19:30.928938
2018-08-10,02:00,78.2,78.0,42.0,27.5,0.0,N@4.2,5.7,82.0,0.0,0,"Hatton, Adams County",300132,Hatton,2019-06-26 01:19:30.928938
2018-08-10,02:15,77.7,77.6,45.0,31.4,0.0,E@4.1,6.0,82.0,0.0,0,"Hatton, Adams County",300132,Hatton,2019-06-26 01:19:30.928938
2018-08-10,02:30,71.6,71.4,47.6,42.4,0.0,SE@5.2,7.1,82.0,0.0,0,"Hatton, Adams County",300132,Hatton,2019-06-26 01:19:30.928938
2018-08-10,02:45,72.8,72.6,45.3,37.4,0.0,E@4.1,5.3,82.0,0.0,0,"Hatton, Adams County",300132,Hatton,2019-06-26 01:19:30.928938
2018-08-10,03:00,73.3,73.1,44.5,35.6,0.0,E@3.8,4.6,82.0,0.0,0,"Hatton, Adams County",300132,Hatton,2019-06-26 01:19:30.928938
2018-08-10,03:15,71.2,71.0,46.4,41.1,0.0,SE@3.4,4.9,82.0,0.0,0,"Hatton, Adams County",300132,Hatton,2019-06-26 01:19:30.928938
2018-08-10,03:30,71.4,71.2,45.0,38.7,0.0,E@2.0,3.5,81.9,0.0,0,"Hatton, Adams County",300132,Hatton,2019-06-26 01:19:30.928938
2018-08-10,03:45,68.1,67.9,43.1,40.2,0.0,NW@2.0,3.9,81.9,0.0,0,"Hatton, Adams County",300132,Hatton,2019-06-26 01:19:30.928938
2018-08-10,04:00,67.3,67.0,42.6,40.7,0.0,N@1.7,2.8,81.9,0.0,0,"Hatton, Adams County",300132,Hatton,2019-06-26 01:19:30.928938
2018-08-10,04:15,65.5,65.2,41.8,41.9,0.0,NE@2.8,3.9,81.9,0.0,0,"Hatton, Adams County",300132,Hatton,2019-06-26 01:19:30.928938
2018-08-10,04:30,68.1,67.6,42.5,39.3,0.0,N@1.7,3.1,81.9,0.0,0,"Hatton, Adams County",300132,Hatton,2019-06-26 01:19:30.928938
2018-08-10,04:45,65.8,65.4,42.1,42.0,0.0,NE@2.7,4.2,81.8,0.0,0,"Hatton, Adams County",300132,Hatton,2019-06-26 01:19:30.928938
2018-08-10,05:00,66.0,65.8,42.3,42.0,0.0,NE@3.6,4.9,81.8,0.0,0,"Hatton, Adams County",300132,Hatton,2019-06-26 01:19:30.928938
2018-08-10,05:15,67.3,67.1,42.5,40.6,0.0,NE@2.7,4.9,81.8,0.0,0,"Hatton, Adams County",300132,Hatton,2019-06-26 01:19:30.928938
2018-08-10,05:30,69.1,69.0,42.4,37.9,0.0,NE@1.7,3.5,81.8,0.0,1,"Hatton, Adams County",300132,Hatton,2019-06-26 01:19:30.928938
2018-08-10,05:45,67.5,67.5,42.1,39.6,0.0,N@1.5,3.1,81.8,0.0,2,"Hatton, Adams County",300132,Hatton,2019-06-26 01:19:30.928938
2018-08-10,06:00,65.9,65.7,42.1,41.8,0.0,NW@2.4,3.5,81.7,0.0,8,"Hatton, Adams County",300132,Hatton,2019-06-26 01:19:30.928938
2018-08-10,06:15,66.0,65.6,42.6,42.5,0.0,NW@1.9,4.2,81.7,0.0,25,"Hatton, Adams County",300132,Hatton,2019-06-26 01:19:30.928938
2018-08-10,06:30,67.7,67.5,43.6,41.6,0.0,NE@1.1,2.4,81.7,0.0,47,"Hatton, Adams County",300132,Hatton,2019-06-26 01:19:30.928938
2018-08-10,06:45,70.6,70.5,43.6,37.7,0.0,E@1.1,2.1,81.6,0.0,67,"Hatton, Adams County",300132,Hatton,2019-06-26 01:19:30.928938
2018-08-10,07:00,70.9,70.8,43.9,37.7,0.0,NW@1.0,3.1,81.6,0.0,75,"Hatton, Adams County",300132,Hatton,2019-06-26 01:19:30.928938
2018-08-10,07:15,71.7,71.5,43.6,36.3,0.0,NE@2.3,4.6,81.6,0.0,84,"Hatton, Adams County",300132,Hatton,2019-06-26 01:19:30.928938
2018-08-10,07:30,73.4,73.2,43.4,34.1,0.0,NE@3.5,5.3,81.6,0.0,115,"Hatton, Adams County",300132,Hatton,2019-06-26 01:19:30.928938
2018-08-10,07:45,74.5,74.2,43.9,33.5,0.0,NE@3.1,4.2,81.5,0.0,153,"Hatton, Adams County",300132,Hatton,2019-06-26 01:19:30.928938
2018-08-10,08:00,76.8,76.4,44.5,31.7,0.0,E@2.7,4.2,81.5,0.0,241,"Hatton, Adams County",300132,Hatton,2019-06-26 01:19:30.928938
2018-08-10,08:15,78.2,77.9,47.9,34.4,0.0,SE@1.7,2.8,81.4,0.0,224,"Hatton, Adams County",300132,Hatton,2019-06-26 01:19:30.928938
2018-08-10,08:30,77.7,77.3,51.6,40.1,0.0,S@1.7,2.4,81.4,0.0,267,"Hatton, Adams County",300132,Hatton,2019-06-26 01:19:30.928938
2018-08-10,08:45,78.9,78.6,52.4,39.7,0.0,S@2.4,4.2,81.4,0.0,370,"Hatton, Adams County",300132,Hatton,2019-06-26 01:19:30.928938
2018-08-10,09:00,79.7,79.2,52.1,38.3,0.0,S@2.6,3.5,81.3,0.0,393,"Hatton, Adams County",300132,Hatton,2019-06-26 01:19:30.928938
2018-08-10,09:15,81.0,80.5,51.4,35.8,0.0,S@2.4,3.5,81.3,0.0,445,"Hatton, Adams County",300132,Hatton,2019-06-26 01:19:30.928938
2018-08-10,09:30,82.7,82.2,51.7,34.2,0.0,SW@3.3,6.0,81.3,0.0,478,"Hatton, Adams County",300132,Hatton,2019-06-26 01:19:30.928938
2018-08-10,09:45,83.5,83.0,50.8,32.2,0.0,SW@3.7,6.4,81.2,0.0,517,"Hatton, Adams County",300132,Hatton,2019-06-26 01:19:30.928938
2018-08-10,10:00,84.4,83.8,51.5,32.2,0.0,SW@4.7,8.2,81.2,0.0,550,"Hatton, Adams County",300132,Hatton,2019-06-26 01:19:30.928938
2018-08-10,10:15,84.3,83.8,53.3,34.4,0.0,SW@4.6,7.8,81.1,0.0,583,"Hatton, Adams County",300132,Hatton,2019-06-26 01:19:30.928938
2018-08-10,10:30,85.0,84.6,53.9,34.4,0.0,SW@4.3,7.4,81.1,0.0,609,"Hatton, Adams County",300132,Hatton,2019-06-26 01:19:30.928938
2018-08-10,10:45,86.5,86.0,53.7,32.5,0.0,SW@4.7,7.4,81.1,0.0,640,"Hatton, Adams County",300132,Hatton,2019-06-26 01:19:30.928938
2018-08-10,11:00,87.1,86.6,55.2,33.8,0.0,SW@5.6,8.5,81.1,0.0,676,"Hatton, Adams County",300132,Hatton,2019-06-26 01:19:30.928938
2018-08-10,11:15,87.5,87.1,56.2,34.6,0.0,SW@6.1,9.2,81.0,0.0,707,"Hatton, Adams County",300132,Hatton,2019-06-26 01:19:30.928938
2018-08-10,11:30,88.3,87.7,56.0,33.5,0.0,SW@6.4,9.2,81.0,0.0,721,"Hatton, Adams County",300132,Hatton,2019-06-26 01:19:30.928938
2018-08-10,11:45,90.1,89.6,54.4,29.9,0.0,SW@5.9,9.2,81.0,0.0,740,"Hatton, Adams County",300132,Hatton,2019-06-26 01:19:30.928938
2018-08-10,12:00,92.2,91.6,54.1,27.6,0.0,S@5.3,8.9,81.0,0.0,760,"Hatton, Adams County",300132,Hatton,2019-06-26 01:19:30.928938
2018-08-10,12:15,92.6,92.1,54.4,27.7,0.0,S@6.9,12.8,81.0,0.0,721,"Hatton, Adams County",300132,Hatton,2019-06-26 01:19:30.928938
2018-08-10,12:30,93.4,92.8,56.0,28.6,0.0,S@7.1,11.7,81.0,0.0,784,"Hatton, Adams County",300132,Hatton,2019-06-26 01:19:30.928938
2018-08-10,12:45,93.1,92.5,55.3,28.1,0.0,S@7.3,11.0,80.9,0.0,667,"Hatton, Adams County",300132,Hatton,2019-06-26 01:19:30.928938
2018-08-10,13:00,92.9,92.4,55.5,28.5,0.0,S@7.0,12.8,80.9,0.0,755,"Hatton, Adams County",300132,Hatton,2019-06-26 01:19:30.928938
2018-08-10,13:15,94.1,93.5,54.8,26.7,0.0,S@7.2,11.4,80.9,0.0,773,"Hatton, Adams County",300132,Hatton,2019-06-26 01:19:30.928938
2018-08-10,13:30,94.6,94.1,56.4,27.9,0.0,SW@7.5,11.0,80.9,0.0,736,"Hatton, Adams County",300132,Hatton,2019-06-26 01:19:30.928938
2018-08-10,13:45,95.1,94.5,57.7,28.8,0.0,SW@7.1,9.9,80.9,0.0,768,"Hatton, Adams County",300132,Hatton,2019-06-26 01:19:30.928938
2018-08-10,14:00,96.2,95.5,57.1,27.3,0.0,SW@6.4,9.9,81.0,0.0,774,"Hatton, Adams County",300132,Hatton,2019-06-26 01:19:30.928938
2018-08-10,14:15,95.4,94.9,55.9,26.7,0.0,SW@5.8,10.7,81.0,0.0,441,"Hatton, Adams County",300132,Hatton,2019-06-26 01:19:30.928938
2018-08-10,14:30,94.4,93.9,56.0,27.7,0.0,S@6.1,9.2,81.0,0.0,378,"Hatton, Adams County",300132,Hatton,2019-06-26 01:19:30.928938
2018-08-10,14:45,95.9,95.3,56.3,26.7,0.0,SW@7.3,13.2,81.0,0.0,723,"Hatton, Adams County",300132,Hatton,2019-06-26 01:19:30.928938
2018-08-10,15:00,97.2,96.7,56.1,25.5,0.0,SW@8.5,12.8,81.0,0.0,702,"Hatton, Adams County",300132,Hatton,2019-06-26 01:19:30.928938
2018-08-10,15:15,97.1,96.6,57.1,26.5,0.0,SW@7.4,12.1,81.1,0.0,668,"Hatton, Adams County",300132,Hatton,2019-06-26 01:19:30.928938
2018-08-10,15:30,96.6,96.1,58.8,28.6,0.0,S@7.3,11.4,81.1,0.0,630,"Hatton, Adams County",300132,Hatton,2019-06-26 01:19:30.928938
2018-08-10,15:45,96.4,96.0,57.8,27.7,0.0,SW@6.6,9.6,81.1,0.0,479,"Hatton, Adams County",300132,Hatton,2019-06-26 01:19:30.928938
2018-08-10,16:00,95.1,94.6,58.7,29.9,0.0,SW@5.7,8.9,81.2,0.0,353,"Hatton, Adams County",300132,Hatton,2019-06-26 01:19:30.928938
2018-08-10,16:15,93.2,92.7,59.1,32.1,0.0,SW@6.2,10.3,81.2,0.0,211,"Hatton, Adams County",300132,Hatton,2019-06-26 01:19:30.928938
2018-08-10,16:30,94.6,94.2,58.0,29.6,0.0,SW@7.6,10.7,81.2,0.0,476,"Hatton, Adams County",300132,Hatton,2019-06-26 01:19:30.928938
2018-08-10,16:45,95.1,94.6,56.9,28.0,0.0,SW@7.2,11.0,81.3,0.0,379,"Hatton, Adams County",300132,Hatton,2019-06-26 01:19:30.928938
2018-08-10,17:00,94.0,93.6,56.0,28.0,0.0,S@6.6,10.7,81.3,0.0,239,"Hatton, Adams County",300132,Hatton,2019-06-26 01:19:30.928938
2018-08-10,17:15,94.2,93.8,56.1,27.9,0.0,S@5.9,9.2,81.4,0.0,248,"Hatton, Adams County",300132,Hatton,2019-06-26 01:19:30.928938
2018-08-10,17:30,93.8,93.4,57.2,29.5,0.0,S@5.7,10.3,81.4,0.0,334,"Hatton, Adams County",300132,Hatton,2019-06-26 01:19:30.928938
2018-08-10,17:45,95.3,94.9,54.8,25.8,0.0,S@6.5,12.8,81.4,0.0,394,"Hatton, Adams County",300132,Hatton,2019-06-26 01:19:30.928938
2018-08-10,18:00,95.2,94.8,53.2,24.4,0.0,S@5.6,9.2,81.5,0.0,272,"Hatton, Adams County",300132,Hatton,2019-06-26 01:19:30.928938
2018-08-10,18:15,94.3,93.9,53.2,25.1,0.0,S@5.4,8.2,81.5,0.0,210,"Hatton, Adams County",300132,Hatton,2019-06-26 01:19:30.928938
2018-08-10,18:30,93.5,93.1,54.3,26.7,0.0,S@5.1,7.8,81.6,0.0,180,"Hatton, Adams County",300132,Hatton,2019-06-26 01:19:30.928938
2018-08-10,18:45,92.3,92.0,55.2,28.7,0.0,S@4.2,5.7,81.6,0.0,138,"Hatton, Adams County",300132,Hatton,2019-06-26 01:19:30.928938
2018-08-10,19:00,91.1,90.7,55.4,30.0,0.0,S@5.1,7.4,81.7,0.0,99,"Hatton, Adams County",300132,Hatton,2019-06-26 01:19:30.928938
2018-08-10,19:15,91.4,91.1,54.9,29.2,0.0,S@5.2,8.2,81.7,0.0,103,"Hatton, Adams County",300132,Hatton,2019-06-26 01:19:30.928938
2018-08-10,19:30,91.1,90.7,55.4,30.0,0.0,S@5.2,7.4,81.7,0.0,91,"Hatton, Adams County",300132,Hatton,2019-06-26 01:19:30.928938
2018-08-10,19:45,90.2,89.8,55.6,31.1,0.0,S@4.7,7.8,81.8,0.0,63,"Hatton, Adams County",300132,Hatton,2019-06-26 01:19:30.928938
2018-08-10,20:00,89.2,88.9,56.0,32.6,0.0,S@5.1,7.4,81.8,0.0,38,"Hatton, Adams County",300132,Hatton,2019-06-26 01:19:30.928938
2018-08-10,20:15,89.3,89.1,55.4,31.8,0.0,SW@6.7,9.6,81.9,0.0,16,"Hatton, Adams County",300132,Hatton,2019-06-26 01:19:30.928938
2018-08-10,20:30,89.1,88.8,55.6,32.2,0.0,SW@7.2,10.3,81.9,0.0,4,"Hatton, Adams County",300132,Hatton,2019-06-26 01:19:30.928938
2018-08-10,20:45,87.9,87.7,54.4,32.0,0.0,SW@6.3,8.5,82.0,0.0,1,"Hatton, Adams County",300132,Hatton,2019-06-26 01:19:30.928938
2018-08-10,21:00,86.1,85.9,53.5,32.8,0.0,W@5.4,8.2,82.0,0.0,0,"Hatton, Adams County",300132,Hatton,2019-06-26 01:19:30.928938
2018-08-10,21:15,84.7,84.4,52.8,33.5,0.0,W@4.9,8.2,82.0,0.0,0,"Hatton, Adams County",300132,Hatton,2019-06-26 01:19:30.928938
2018-08-10,21:30,81.1,80.8,52.5,37.2,0.0,W@3.6,4.6,82.1,0.0,0,"Hatton, Adams County",300132,Hatton,2019-06-26 01:19:30.928938
2018-08-10,21:45,80.9,80.7,50.8,35.1,0.0,W@4.9,7.8,82.1,0.0,0,"Hatton, Adams County",300132,Hatton,2019-06-26 01:19:30.928938
2018-08-10,22:00,80.3,80.1,50.0,34.8,0.0,W@5.2,6.7,82.1,0.0,0,"Hatton, Adams County",300132,Hatton,2019-06-26 01:19:30.928938
2018-08-10,22:15,80.3,80.1,49.8,34.5,0.0,W@6.3,10.7,82.2,0.0,0,"Hatton, Adams County",300132,Hatton,2019-06-26 01:19:30.928938
2018-08-10,22:30,79.6,79.3,50.0,35.6,0.0,W@6.0,8.5,82.2,0.0,0,"Hatton, Adams County",300132,Hatton,2019-06-26 01:19:30.928938
2018-08-10,22:45,76.9,76.7,51.8,41.5,0.0,SW@4.8,7.1,82.2,0.0,0,"Hatton, Adams County",300132,Hatton,2019-06-26 01:19:30.928938
2018-08-10,23:00,75.1,74.9,52.2,44.8,0.0,SW@4.3,6.4,82.2,0.0,0,"Hatton, Adams County",300132,Hatton,2019-06-26 01:19:30.928938
2018-08-10,23:15,75.6,75.4,52.0,43.7,0.0,W@4.6,6.4,82.2,0.0,0,"Hatton, Adams County",300132,Hatton,2019-06-26 01:19:30.928938
2018-08-10,23:30,75.2,75.0,51.9,44.1,0.0,W@4.6,8.2,82.3,0.0,0,"Hatton, Adams County",300132,Hatton,2019-06-26 01:19:30.928938
2018-08-10,23:45,76.6,76.4,52.1,42.3,0.0,W@6.8,9.9,82.3,0.0,0,"Hatton, Adams County",300132,Hatton,2019-06-26 01:19:30.928938
2018-08-10,24:00,75.6,75.3,52.4,44.4,0.0,W@5.8,8.2,82.3,0.0,0,"Hatton, Adams County",300132,Hatton,2019-06-26 01:19:30.928938
2018-08-11,00:15,73.6,73.4,53.0,48.4,0.0,W@5.4,6.7,82.3,0.0,0,"Hatton, Adams County",300132,Hatton,2019-06-26 01:19:30.928938
2018-08-11,00:30,71.8,71.5,53.4,52.3,0.0,W@4.2,6.0,82.3,0.0,0,"Hatton, Adams County",300132,Hatton,2019-06-26 01:19:30.928938
2018-08-11,00:45,69.4,69.1,54.6,59.2,0.03,S@2.9,4.9,82.3,0.0,0,"Hatton, Adams County",300132,Hatton,2019-06-26 01:19:30.928938
2018-08-11,01:00,67.7,67.5,54.7,62.9,0.06,SE@3.8,6.0,82.3,0.0,0,"Hatton, Adams County",300132,Hatton,2019-06-26 01:19:30.928938
2018-08-11,01:15,67.7,67.5,54.0,61.4,0.05,SE@3.8,4.9,82.3,0.0,0,"Hatton, Adams County",300132,Hatton,2019-06-26 01:19:30.928938
2018-08-11,01:30,68.5,68.2,54.3,60.5,0.03,S@3.1,6.4,82.3,0.0,0,"Hatton, Adams County",300132,Hatton,2019-06-26 01:19:30.928938
2018-08-11,01:45,69.6,69.3,53.6,56.7,0.0,SE@4.6,7.1,82.3,0.0,0,"Hatton, Adams County",300132,Hatton,2019-06-26 01:19:30.928938
2018-08-11,02:00,68.0,67.7,53.4,59.6,0.02,S@3.2,4.2,82.3,0.0,0,"Hatton, Adams County",300132,Hatton,2019-06-26 01:19:30.928938
2018-08-11,02:15,67.6,67.3,53.7,61.0,0.06,SE@2.6,4.2,82.3,0.0,0,"Hatton, Adams County",300132,Hatton,2019-06-26 01:19:30.928938
2018-08-11,02:30,67.4,67.2,54.7,63.8,0.06,S@3.8,4.6,82.3,0.0,0,"Hatton, Adams County",300132,Hatton,2019-06-26 01:19:30.928938
2018-08-11,02:45,68.9,68.7,55.1,61.3,0.04,S@4.6,7.1,82.3,0.0,0,"Hatton, Adams County",300132,Hatton,2019-06-26 01:19:30.928938
2018-08-11,03:00,67.9,67.6,55.1,63.6,0.06,SW@3.5,5.7,82.3,0.0,0,"Hatton, Adams County",300132,Hatton,2019-06-26 01:19:30.928938
2018-08-11,03:15,67.3,67.0,54.7,63.9,0.06,SW@3.3,6.0,82.2,0.0,0,"Hatton, Adams County",300132,Hatton,2019-06-26 01:19:30.928938
2018-08-11,03:30,65.5,65.2,53.9,66.2,0.08,W@2.5,3.9,82.2,0.0,0,"Hatton, Adams County",300132,Hatton,2019-06-26 01:19:30.928938
2018-08-11,03:45,64.4,64.2,54.3,69.6,0.11,SW@2.3,4.6,82.2,0.0,0,"Hatton, Adams County",300132,Hatton,2019-06-26 01:19:30.928938
2018-08-11,04:00,64.5,64.2,54.0,68.7,0.11,S@1.2,3.1,82.2,0.0,0,"Hatton, Adams County",300132,Hatton,2019-06-26 01:19:30.928938
2018-08-11,04:15,64.5,64.2,54.5,70.1,0.12,SE@2.5,3.5,82.1,0.0,0,"Hatton, Adams County",300132,Hatton,2019-06-26 01:19:30.928938
2018-08-11,04:30,63.1,62.7,54.3,73.1,0.17,SE@1.7,5.7,82.1,0.0,0,"Hatton, Adams County",300132,Hatton,2019-06-26 01:19:30.928938
2018-08-11,04:45,63.9,63.7,51.4,63.6,0.06,SE@3.5,4.6,82.1,0.0,0,"Hatton, Adams County",300132,Hatton,2019-06-26 01:19:30.928938
2018-08-11,05:00,63.5,63.2,51.0,63.7,0.06,E@3.3,5.3,82.1,0.0,0,"Hatton, Adams County",300132,Hatton,2019-06-26 01:19:30.928938
2018-08-11,05:15,64.1,63.9,49.7,59.5,0.0,E@3.7,5.3,82.0,0.0,0,"Hatton, Adams County",300132,Hatton,2019-06-26 01:19:30.928938
2018-08-11,05:30,64.2,64.0,48.3,56.2,0.0,E@3.5,4.9,82.0,0.0,0,"Hatton, Adams County",300132,Hatton,2019-06-26 01:19:30.928938
2018-08-11,05:45,64.0,63.8,47.9,55.8,0.0,E@3.0,4.2,82.0,0.0,2,"Hatton, Adams County",300132,Hatton,2019-06-26 01:19:30.928938
2018-08-11,06:00,63.7,63.5,47.6,55.6,0.0,SE@3.7,4.6,81.9,0.0,4,"Hatton, Adams County",300132,Hatton,2019-06-26 01:19:30.928938
2018-08-11,06:15,63.0,62.8,47.5,56.9,0.0,SE@4.3,5.7,81.9,0.0,9,"Hatton, Adams County",300132,Hatton,2019-06-26 01:19:30.928938
2018-08-11,06:30,62.5,62.3,47.5,57.9,0.0,SE@3.7,5.3,81.9,0.0,20,"Hatton, Adams County",300132,Hatton,2019-06-26 01:19:30.928938
2018-08-11,06:45,64.3,64.0,48.7,56.8,0.0,SE@4.5,6.4,81.8,0.0,49,"Hatton, Adams County",300132,Hatton,2019-06-26 01:19:30.928938
2018-08-11,07:00,65.1,64.9,50.0,58.1,0.0,SE@4.7,6.4,81.8,0.0,84,"Hatton, Adams County",300132,Hatton,2019-06-26 01:19:30.928938
2018-08-11,07:15,65.6,65.5,51.8,60.8,0.0,SE@5.0,7.1,81.8,0.0,119,"Hatton, Adams County",300132,Hatton,2019-06-26 01:19:30.928938
2018-08-11,07:30,66.4,66.2,52.9,61.5,0.0,SE@4.2,5.7,81.7,0.0,157,"Hatton, Adams County",300132,Hatton,2019-06-26 01:19:30.928938
2018-08-11,07:45,67.7,67.4,54.2,61.8,0.0,SE@5.2,7.4,81.7,0.0,192,"Hatton, Adams County",300132,Hatton,2019-06-26 01:19:30.928938
2018-08-11,08:00,68.7,68.4,55.4,62.4,0.0,SE@5.3,9.2,81.6,0.0,227,"Hatton, Adams County",300132,Hatton,2019-06-26 01:19:30.928938
2018-08-11,08:15,70.0,69.6,55.5,60.0,0.0,SE@6.1,9.9,81.6,0.0,257,"Hatton, Adams County",300132,Hatton,2019-06-26 01:19:30.928938
2018-08-11,08:30,71.3,70.9,55.9,58.2,0.0,S@6.9,10.3,81.5,0.0,298,"Hatton, Adams County",300132,Hatton,2019-06-26 01:19:30.928938
2018-08-11,08:45,72.5,72.1,55.9,55.9,0.0,S@7.1,11.0,81.5,0.0,342,"Hatton, Adams County",300132,Hatton,2019-06-26 01:19:30.928938
2018-08-11,09:00,73.6,73.2,55.8,53.6,0.0,S@7.8,11.0,81.5,0.0,390,"Hatton, Adams County",300132,Hatton,2019-06-26 01:19:30.928938
2018-08-11,09:15,74.5,74.1,55.9,52.2,0.0,S@8.1,12.4,81.4,0.0,411,"Hatton, Adams County",300132,Hatton,2019-06-26 01:19:30.928938
2018-08-11,09:30,75.3,74.9,55.8,50.8,0.0,S@8.6,13.5,81.4,0.0,448,"Hatton, Adams County",300132,Hatton,2019-06-26 01:19:30.928938
2018-08-11,09:45,75.2,74.8,55.9,51.0,0.0,S@9.5,13.5,81.3,0.0,477,"Hatton, Adams County",300132,Hatton,2019-06-26 01:19:30.928938
2018-08-11,10:00,75.2,74.7,56.1,51.5,0.0,S@10.1,15.3,81.3,0.0,480,"Hatton, Adams County",300132,Hatton,2019-06-26 01:19:30.928938
2018-08-11,10:15,75.8,75.3,56.2,50.6,0.0,S@9.4,14.6,81.3,0.0,534,"Hatton, Adams County",300132,Hatton,2019-06-26 01:19:30.928938
2018-08-11,10:30,76.1,75.7,55.6,49.0,0.0,S@9.6,15.0,81.2,0.0,560,"Hatton, Adams County",300132,Hatton,2019-06-26 01:19:30.928938
2018-08-11,10:45,76.7,76.2,55.8,48.4,0.0,S@10.2,14.6,81.2,0.0,605,"Hatton, Adams County",300132,Hatton,2019-06-26 01:19:30.928938
2018-08-11,11:00,77.0,76.5,55.5,47.4,0.0,S@10.8,15.0,81.2,0.0,632,"Hatton, Adams County",300132,Hatton,2019-06-26 01:19:30.928938
2018-08-11,11:15,77.6,77.2,56.5,48.1,0.0,S@9.2,13.2,81.1,0.0,657,"Hatton, Adams County",300132,Hatton,2019-06-26 01:19:30.928938
2018-08-11,11:30,78.3,77.8,55.9,46.0,0.0,S@9.3,13.9,81.1,0.0,665,"Hatton, Adams County",300132,Hatton,2019-06-26 01:19:30.928938
2018-08-11,11:45,79.2,78.7,55.6,44.2,0.0,S@9.9,13.9,81.1,0.0,695,"Hatton, Adams County",300132,Hatton,2019-06-26 01:19:30.928938
2018-08-11,12:00,80.1,79.6,55.3,42.5,0.0,S@9.5,13.9,81.0,0.0,712,"Hatton, Adams County",300132,Hatton,2019-06-26 01:19:30.928938
2018-08-11,12:15,80.5,80.0,54.3,40.4,0.0,S@11.0,16.4,81.0,0.0,711,"Hatton, Adams County",300132,Hatton,2019-06-26 01:19:30.928938
2018-08-11,12:30,80.7,80.2,54.2,40.1,0.0,S@10.7,15.7,81.0,0.0,717,"Hatton, Adams County",300132,Hatton,2019-06-26 01:19:30.928938
2018-08-11,12:45,80.9,80.4,52.7,37.6,0.0,S@12.2,18.2,81.0,0.0,751,"Hatton, Adams County",300132,Hatton,2019-06-26 01:19:30.928938
2018-08-11,13:00,81.9,81.3,52.7,36.4,0.0,S@12.3,17.5,81.0,0.0,791,"Hatton, Adams County",300132,Hatton,2019-06-26 01:19:30.928938
2018-08-11,13:15,82.3,81.7,51.7,34.7,0.0,S@12.3,18.5,80.9,0.0,789,"Hatton, Adams County",300132,Hatton,2019-06-26 01:19:30.928938
2018-08-11,13:30,83.2,82.7,51.0,32.8,0.0,S@12.2,17.1,80.9,0.0,795,"Hatton, Adams County",300132,Hatton,2019-06-26 01:19:30.928938
2018-08-11,13:45,84.0,83.5,48.9,29.5,0.0,S@11.7,17.8,80.9,0.0,803,"Hatton, Adams County",300132,Hatton,2019-06-26 01:19:30.928938
2018-08-11,14:00,84.9,84.5,47.9,27.6,0.0,S@11.7,16.7,80.9,0.0,791,"Hatton, Adams County",300132,Hatton,2019-06-26 01:19:30.928938
2018-08-11,14:15,85.0,84.5,46.9,26.6,0.0,S@14.9,23.2,80.9,0.0,785,"Hatton, Adams County",300132,Hatton,2019-06-26 01:19:30.928938
2018-08-11,14:30,85.4,84.9,46.8,26.1,0.0,S@13.0,19.2,80.9,0.0,773,"Hatton, Adams County",300132,Hatton,2019-06-26 01:19:30.928938
2018-08-11,14:45,86.0,85.5,47.0,25.8,0.0,S@12.6,20.7,80.9,0.0,743,"Hatton, Adams County",300132,Hatton,2019-06-26 01:19:30.928938
2018-08-11,15:00,86.8,86.3,44.7,23.1,0.0,SW@11.1,17.8,80.9,0.0,731,"Hatton, Adams County",300132,Hatton,2019-06-26 01:19:30.928938
2018-08-11,15:15,86.7,86.2,40.8,19.9,0.0,SW@13.3,19.6,80.9,0.0,718,"Hatton, Adams County",300132,Hatton,2019-06-26 01:19:30.928938
2018-08-11,15:30,86.3,85.8,39.4,19.1,0.0,SW@13.2,18.9,80.9,0.0,704,"Hatton, Adams County",300132,Hatton,2019-06-26 01:19:30.928938
2018-08-11,15:45,86.4,85.9,39.2,18.9,0.0,SW@12.7,19.2,80.9,0.0,678,"Hatton, Adams County",300132,Hatton,2019-06-26 01:19:30.928938
2018-08-11,16:00,86.4,85.9,36.7,17.2,0.0,SW@14.1,23.9,81.0,0.0,646,"Hatton, Adams County",300132,Hatton,2019-06-26 01:19:30.928938
2018-08-11,16:15,85.8,85.4,35.9,16.9,0.0,SW@14.6,22.8,81.0,0.0,616,"Hatton, Adams County",300132,Hatton,2019-06-26 01:19:30.928938
2018-08-11,16:30,85.4,84.9,37.9,18.6,0.0,SW@14.1,21.0,81.0,0.0,579,"Hatton, Adams County",300132,Hatton,2019-06-26 01:19:30.928938
2018-08-11,16:45,85.1,84.6,37.5,18.4,0.0,SW@14.9,22.1,81.0,0.0,543,"Hatton, Adams County",300132,Hatton,2019-06-26 01:19:30.928938
2018-08-11,17:00,84.5,84.1,39.5,20.3,0.0,SW@14.7,21.8,81.0,0.0,509,"Hatton, Adams County",300132,Hatton,2019-06-26 01:19:30.928938
2018-08-11,17:15,84.5,84.0,43.3,23.6,0.0,W@14.3,20.7,81.1,0.0,455,"Hatton, Adams County",300132,Hatton,2019-06-26 01:19:30.928938
2018-08-11,17:30,83.5,83.0,44.3,25.3,0.0,W@14.4,20.7,81.1,0.0,406,"Hatton, Adams County",300132,Hatton,2019-06-26 01:19:30.928938
2018-08-11,17:45,82.5,82.1,44.0,25.8,0.0,W@14.3,18.9,81.1,0.0,365,"Hatton, Adams County",300132,Hatton,2019-06-26 01:19:30.928938
2018-08-11,18:00,82.4,82.0,44.1,26.0,0.0,W@12.8,17.8,81.1,0.0,323,"Hatton, Adams County",300132,Hatton,2019-06-26 01:19:30.928938
2018-08-11,18:15,81.6,81.2,43.4,26.0,0.0,W@13.3,19.2,81.1,0.0,280,"Hatton, Adams County",300132,Hatton,2019-06-26 01:19:30.928938
2018-08-11,18:30,80.6,80.2,43.7,27.2,0.0,W@13.5,19.6,81.2,0.0,241,"Hatton, Adams County",300132,Hatton,2019-06-26 01:19:30.928938
2018-08-11,18:45,79.5,79.1,43.9,28.3,0.0,W@13.2,19.2,81.2,0.0,205,"Hatton, Adams County",300132,Hatton,2019-06-26 01:19:30.928938
2018-08-11,19:00,78.4,78.1,44.9,30.5,0.0,W@12.1,17.8,81.2,0.0,167,"Hatton, Adams County",300132,Hatton,2019-06-26 01:19:30.928938
2018-08-11,19:15,77.1,76.7,45.7,32.8,0.0,W@11.7,16.7,81.2,0.0,128,"Hatton, Adams County",300132,Hatton,2019-06-26 01:19:30.928938
2018-08-11,19:30,75.6,75.2,44.9,33.5,0.0,W@13.3,18.2,81.3,0.0,93,"Hatton, Adams County",300132,Hatton,2019-06-26 01:19:30.928938
2018-08-11,19:45,74.3,73.9,45.1,35.2,0.0,W@10.5,16.0,81.3,0.0,63,"Hatton, Adams County",300132,Hatton,2019-06-26 01:19:30.928938
2018-08-11,20:00,72.7,72.4,45.4,37.6,0.0,W@8.3,12.1,81.3,0.0,27,"Hatton, Adams County",300132,Hatton,2019-06-26 01:19:30.928938
2018-08-11,20:15,70.6,70.4,45.8,41.0,0.0,W@6.4,9.2,81.3,0.0,9,"Hatton, Adams County",300132,Hatton,2019-06-26 01:19:30.928938
2018-08-11,20:30,68.8,68.6,46.3,44.4,0.0,W@6.8,9.6,81.4,0.0,2,"Hatton, Adams County",300132,Hatton,2019-06-26 01:19:30.928938
2018-08-11,20:45,68.0,67.8,46.0,45.1,0.0,W@7.2,9.9,81.4,0.0,1,"Hatton, Adams County",300132,Hatton,2019-06-26 01:19:30.928938
2018-08-11,21:00,66.9,66.8,45.9,46.6,0.0,W@6.8,9.2,81.4,0.0,0,"Hatton, Adams County",300132,Hatton,2019-06-26 01:19:30.928938
2018-08-11,21:15,66.8,66.6,45.8,46.7,0.0,W@7.4,10.3,81.4,0.0,0,"Hatton, Adams County",300132,Hatton,2019-06-26 01:19:30.928938
2018-08-11,21:30,65.8,65.5,46.4,49.5,0.0,W@7.4,10.3,81.4,0.0,0,"Hatton, Adams County",300132,Hatton,2019-06-26 01:19:30.928938
2018-08-11,21:45,65.0,64.8,46.3,50.7,0.0,W@7.2,9.9,81.5,0.0,0,"Hatton, Adams County",300132,Hatton,2019-06-26 01:19:30.928938
2018-08-11,22:00,62.9,62.7,45.5,52.9,0.0,W@4.5,8.9,81.5,0.0,0,"Hatton, Adams County",300132,Hatton,2019-06-26 01:19:30.928938
2018-08-11,22:15,61.8,61.6,45.6,55.2,0.0,W@4.3,6.7,81.5,0.0,0,"Hatton, Adams County",300132,Hatton,2019-06-26 01:19:30.928938
2018-08-11,22:30,63.1,62.9,45.7,53.0,0.0,W@6.4,9.9,81.5,0.0,0,"Hatton, Adams County",300132,Hatton,2019-06-26 01:19:30.928938
2018-08-11,22:45,63.1,62.9,46.3,54.3,0.0,W@5.6,8.9,81.5,0.0,0,"Hatton, Adams County",300132,Hatton,2019-06-26 01:19:30.928938
2018-08-11,23:00,60.8,60.6,46.9,60.1,0.0,SW@4.7,6.0,81.5,0.0,0,"Hatton, Adams County",300132,Hatton,2019-06-26 01:19:30.928938
2018-08-11,23:15,59.8,59.5,47.3,63.4,0.02,SW@4.1,5.3,81.5,0.0,0,"Hatton, Adams County",300132,Hatton,2019-06-26 01:19:30.928938
2018-08-11,23:30,58.7,58.5,47.2,65.3,0.06,W@3.7,8.2,81.5,0.0,0,"Hatton, Adams County",300132,Hatton,2019-06-26 01:19:30.928938
2018-08-11,23:45,61.0,60.8,47.8,61.7,0.0,SW@5.0,8.2,81.5,0.0,0,"Hatton, Adams County",300132,Hatton,2019-06-26 01:19:30.928938
2018-08-11,24:00,59.8,59.5,48.3,65.6,0.06,SW@3.3,4.9,81.4,0.0,0,"Hatton, Adams County",300132,Hatton,2019-06-26 01:19:30.928938
2018-08-12,00:15,59.0,58.7,48.3,67.5,0.06,SW@3.6,4.9,81.4,0.0,0,"Hatton, Adams County",300132,Hatton,2019-06-26 01:19:30.928938
2018-08-12,00:30,58.8,58.6,48.2,67.7,0.06,W@4.2,6.4,81.4,0.0,0,"Hatton, Adams County",300132,Hatton,2019-06-26 01:19:30.928938
2018-08-12,00:45,58.3,58.1,48.4,69.5,0.08,SW@3.9,5.3,81.4,0.0,0,"Hatton, Adams County",300132,Hatton,2019-06-26 01:19:30.928938
2018-08-12,01:00,57.5,57.3,47.9,70.3,0.09,W@2.6,4.9,81.4,0.0,0,"Hatton, Adams County",300132,Hatton,2019-06-26 01:19:30.928938
2018-08-12,01:15,57.2,57.0,48.3,72.0,0.11,SW@2.8,4.6,81.4,0.0,0,"Hatton, Adams County",300132,Hatton,2019-06-26 01:19:30.928938
2018-08-12,01:30,56.8,56.6,48.6,74.0,0.13,S@3.1,5.7,81.3,0.0,0,"Hatton, Adams County",300132,Hatton,2019-06-26 01:19:30.928938
2018-08-12,01:45,57.1,56.9,48.3,72.4,0.11,SW@4.5,7.1,81.3,0.0,0,"Hatton, Adams County",300132,Hatton,2019-06-26 01:19:30.928938
2018-08-12,02:00,58.6,58.4,48.2,68.3,0.07,SW@5.8,8.5,81.3,0.0,0,"Hatton, Adams County",300132,Hatton,2019-06-26 01:19:30.928938
2018-08-12,02:15,57.9,57.7,48.5,70.6,0.09,SW@5.1,7.1,81.3,0.0,0,"Hatton, Adams County",300132,Hatton,2019-06-26 01:19:30.928938
2018-08-12,02:30,56.7,56.5,48.6,74.2,0.12,SW@4.1,6.4,81.2,0.0,0,"Hatton, Adams County",300132,Hatton,2019-06-26 01:19:30.928938
2018-08-12,02:45,56.1,55.9,48.8,76.4,0.14,SW@4.7,6.7,81.2,0.0,0,"Hatton, Adams County",300132,Hatton,2019-06-26 01:19:30.928938
2018-08-12,03:00,55.3,55.1,48.9,79.0,0.19,S@3.6,5.3,81.2,0.0,0,"Hatton, Adams County",300132,Hatton,2019-06-26 01:19:30.928938
2018-08-12,03:15,53.4,53.2,48.6,83.7,0.31,S@3.4,6.0,81.1,0.0,0,"Hatton, Adams County",300132,Hatton,2019-06-26 01:19:30.928938
2018-08-12,03:30,55.3,55.1,49.1,79.7,0.21,S@5.6,7.4,81.1,0.0,0,"Hatton, Adams County",300132,Hatton,2019-06-26 01:19:30.928938
2018-08-12,03:45,55.8,55.6,48.9,77.3,0.17,SW@4.8,6.4,81.1,0.0,0,"Hatton, Adams County",300132,Hatton,2019-06-26 01:19:30.928938
2018-08-12,04:00,55.1,54.9,48.7,78.8,0.21,SW@3.5,4.9,81.0,0.0,0,"Hatton, Adams County",300132,Hatton,2019-06-26 01:19:30.928938
2018-08-12,04:15,54.6,54.4,48.6,80.1,0.27,SW@3.1,3.9,81.0,0.0,0,"Hatton, Adams County",300132,Hatton,2019-06-26 01:19:30.928938
2018-08-12,04:30,53.7,53.5,48.4,82.1,0.3,S@2.9,5.7,80.9,0.0,0,"Hatton, Adams County",300132,Hatton,2019-06-26 01:19:30.928938
2018-08-12,04:45,51.8,51.5,47.2,84.2,0.36,SE@3.1,4.6,80.9,0.0,0,"Hatton, Adams County",300132,Hatton,2019-06-26 01:19:30.928938
2018-08-12,05:00,52.0,51.7,47.0,83.2,0.33,E@3.5,4.6,80.9,0.0,0,"Hatton, Adams County",300132,Hatton,2019-06-26 01:19:30.928938
2018-08-12,05:15,53.0,52.9,47.1,80.2,0.24,E@3.5,5.3,80.8,0.0,0,"Hatton, Adams County",300132,Hatton,2019-06-26 01:19:30.928938
2018-08-12,05:30,53.3,53.0,46.9,78.8,0.22,SE@3.3,5.3,80.8,0.0,1,"Hatton, Adams County",300132,Hatton,2019-06-26 01:19:30.928938
2018-08-12,05:45,49.7,49.4,44.9,83.5,0.32,NE@1.7,3.5,80.7,0.0,3,"Hatton, Adams County",300132,Hatton,2019-06-26 01:19:30.928938
2018-08-12,06:00,52.7,52.5,47.5,82.5,0.32,SE@2.7,3.9,80.7,0.0,9,"Hatton, Adams County",300132,Hatton,2019-06-26 01:19:30.928938
2018-08-12,06:15,50.9,50.5,45.5,81.4,0.3,NE@2.4,4.6,80.6,0.0,32,"Hatton, Adams County",300132,Hatton,2019-06-26 01:19:30.928938
2018-08-12,06:30,52.9,52.7,47.7,82.4,0.24,SE@3.7,5.3,80.6,0.0,50,"Hatton, Adams County",300132,Hatton,2019-06-26 01:19:30.928938
2018-08-12,06:45,53.6,53.4,48.3,82.2,0.21,E@4.6,6.7,80.6,0.0,69,"Hatton, Adams County",300132,Hatton,2019-06-26 01:19:30.928938
2018-08-12,07:00,54.3,54.2,48.8,81.6,0.18,E@4.1,5.3,80.5,0.0,108,"Hatton, Adams County",300132,Hatton,2019-06-26 01:19:30.928938
2018-08-12,07:15,55.4,55.3,49.9,81.7,0.18,SE@3.6,5.3,80.5,0.0,127,"Hatton, Adams County",300132,Hatton,2019-06-26 01:19:30.928938
2018-08-12,07:30,56.5,56.3,50.5,80.2,0.16,SE@4.2,5.7,80.4,0.0,116,"Hatton, Adams County",300132,Hatton,2019-06-26 01:19:30.928938
2018-08-12,07:45,57.4,57.2,50.8,78.4,0.14,SE@3.8,6.0,80.4,0.0,146,"Hatton, Adams County",300132,Hatton,2019-06-26 01:19:30.928938
2018-08-12,08:00,58.6,58.3,51.8,78.1,0.12,SE@4.3,6.7,80.3,0.0,204,"Hatton, Adams County",300132,Hatton,2019-06-26 01:19:30.928938
2018-08-12,08:15,60.4,60.0,52.3,74.7,0.08,SE@5.1,8.2,80.3,0.0,276,"Hatton, Adams County",300132,Hatton,2019-06-26 01:19:30.928938
2018-08-12,08:30,62.1,61.8,52.5,70.6,0.05,S@5.6,8.5,80.2,0.0,337,"Hatton, Adams County",300132,Hatton,2019-06-26 01:19:30.928938
2018-08-12,08:45,63.3,62.9,52.4,67.4,0.01,S@5.9,8.5,80.2,0.0,393,"Hatton, Adams County",300132,Hatton,2019-06-26 01:19:30.928938
2018-08-12,09:00,64.9,64.5,52.1,63.1,0.0,S@5.4,8.9,80.1,0.0,419,"Hatton, Adams County",300132,Hatton,2019-06-26 01:19:30.928938
2018-08-12,09:15,66.1,65.7,51.7,59.7,0.0,S@5.8,8.9,80.1,0.0,460,"Hatton, Adams County",300132,Hatton,2019-06-26 01:19:30.928938
2018-08-12,09:30,67.2,66.8,51.2,56.4,0.0,S@5.9,9.9,80.0,0.0,506,"Hatton, Adams County",300132,Hatton,2019-06-26 01:19:30.928938
2018-08-12,09:45,67.8,67.3,51.1,55.0,0.0,SW@5.7,9.2,80.0,0.0,520,"Hatton, Adams County",300132,Hatton,2019-06-26 01:19:30.928938
2018-08-12,10:00,68.1,67.7,51.2,54.5,0.0,S@6.0,9.6,79.9,0.0,568,"Hatton, Adams County",300132,Hatton,2019-06-26 01:19:30.928938
2018-08-12,10:15,69.4,68.8,51.1,52.2,0.0,S@5.7,9.2,79.9,0.0,602,"Hatton, Adams County",300132,Hatton,2019-06-26 01:19:30.928938
2018-08-12,10:30,70.0,69.4,51.3,51.4,0.0,S@6.3,10.7,79.8,0.0,639,"Hatton, Adams County",300132,Hatton,2019-06-26 01:19:30.928938
2018-08-12,10:45,70.6,70.1,51.0,49.9,0.0,S@6.3,10.7,79.8,0.0,682,"Hatton, Adams County",300132,Hatton,2019-06-26 01:19:30.928938
2018-08-12,11:00,71.6,71.2,51.1,48.3,0.0,SW@6.1,9.9,79.7,0.0,723,"Hatton, Adams County",300132,Hatton,2019-06-26 01:19:30.928938
2018-08-12,11:15,72.6,72.1,49.1,43.3,0.0,SW@5.6,15.7,79.7,0.0,728,"Hatton, Adams County",300132,Hatton,2019-06-26 01:19:30.928938
2018-08-12,11:30,73.4,72.8,49.3,42.5,0.0,S@5.4,9.6,79.7,0.0,712,"Hatton, Adams County",300132,Hatton,2019-06-26 01:19:30.928938
2018-08-12,11:45,73.9,73.4,47.5,39.2,0.0,SW@4.8,8.9,79.6,0.0,738,"Hatton, Adams County",300132,Hatton,2019-06-26 01:19:30.928938
2018-08-12,12:00,74.6,74.2,48.2,39.2,0.0,SW@5.3,9.9,79.6,0.0,769,"Hatton, Adams County",300132,Hatton,2019-06-26 01:19:30.928938
2018-08-12,12:15,74.6,74.1,49.5,41.1,0.0,SW@6.4,12.8,79.6,0.0,728,"Hatton, Adams County",300132,Hatton,2019-06-26 01:19:30.928938
2018-08-12,12:30,74.7,74.2,50.0,41.7,0.0,SW@6.8,11.7,79.5,0.0,756,"Hatton, Adams County",300132,Hatton,2019-06-26 01:19:30.928938
2018-08-12,12:45,75.7,75.2,48.8,38.6,0.0,SW@6.3,9.6,79.5,0.0,750,"Hatton, Adams County",300132,Hatton,2019-06-26 01:19:30.928938
2018-08-12,13:00,75.7,75.2,49.4,39.5,0.0,SW@6.3,11.7,79.5,0.0,732,"Hatton, Adams County",300132,Hatton,2019-06-26 01:19:30.928938
2018-08-12,13:15,76.5,75.9,47.8,36.3,0.0,W@6.5,15.0,79.5,0.0,702,"Hatton, Adams County",300132,Hatton,2019-06-26 01:19:30.928938
2018-08-12,13:30,76.6,76.1,45.8,33.5,0.0,W@4.8,10.3,79.5,0.0,696,"Hatton, Adams County",300132,Hatton,2019-06-26 01:19:30.928938
2018-08-12,13:45,77.2,76.6,46.3,33.5,0.0,SW@3.0,6.7,79.5,0.0,707,"Hatton, Adams County",300132,Hatton,2019-06-26 01:19:30.928938
2018-08-12,14:00,78.2,77.5,46.7,32.9,0.0,S@2.7,7.8,79.5,0.0,719,"Hatton, Adams County",300132,Hatton,2019-06-26 01:19:30.928938
2018-08-12,14:15,78.3,77.9,44.9,30.5,0.0,W@4.0,7.4,79.5,0.0,699,"Hatton, Adams County",300132,Hatton,2019-06-26 01:19:30.928938
2018-08-12,14:30,78.4,78.0,45.8,31.6,0.0,W@3.8,7.8,79.5,0.0,649,"Hatton, Adams County",300132,Hatton,2019-06-26 01:19:30.928938
2018-08-12,14:45,78.1,77.6,46.3,32.5,0.0,W@5.1,8.9,79.4,0.0,627,"Hatton, Adams County",300132,Hatton,2019-06-26 01:19:30.928938
2018-08-12,15:00,77.8,77.3,46.0,32.5,0.0,W@4.5,9.6,79.4,0.0,615,"Hatton, Adams County",300132,Hatton,2019-06-26 01:19:30.928938
2018-08-12,15:15,78.0,77.5,46.3,32.7,0.0,W@4.6,8.5,79.5,0.0,576,"Hatton, Adams County",300132,Hatton,2019-06-26 01:19:30.928938
2018-08-12,15:30,78.0,77.5,46.4,32.7,0.0,SE@3.4,6.4,79.5,0.0,582,"Hatton, Adams County",300132,Hatton,2019-06-26 01:19:30.928938
2018-08-12,15:45,78.7,78.3,46.2,31.7,0.0,W@4.1,8.5,79.5,0.0,536,"Hatton, Adams County",300132,Hatton,2019-06-26 01:19:30.928938
2018-08-12,16:00,78.3,77.8,46.7,32.8,0.0,SW@3.9,7.4,79.5,0.0,487,"Hatton, Adams County",300132,Hatton,2019-06-26 01:19:30.928938
2018-08-12,16:15,78.6,77.9,45.5,31.1,0.0,NE@3.0,5.7,79.5,0.0,411,"Hatton, Adams County",300132,Hatton,2019-06-26 01:19:30.928938
2018-08-12,16:30,78.5,77.9,45.8,31.5,0.0,SW@2.7,5.3,79.6,0.0,444,"Hatton, Adams County",300132,Hatton,2019-06-26 01:19:30.928938
2018-08-12,16:45,78.9,78.2,46.4,31.8,0.0,SE@3.5,6.7,79.6,0.0,460,"Hatton, Adams County",300132,Hatton,2019-06-26 01:19:30.928938
2018-08-12,17:00,79.0,78.5,46.3,31.5,0.0,S@2.7,4.9,79.6,0.0,421,"Hatton, Adams County",300132,Hatton,2019-06-26 01:19:30.928938
2018-08-12,17:15,79.1,78.6,45.4,30.4,0.0,S@2.8,6.0,79.6,0.0,388,"Hatton, Adams County",300132,Hatton,2019-06-26 01:19:30.928938
2018-08-12,17:30,79.2,78.6,48.0,33.4,0.0,SW@3.0,5.3,79.7,0.0,344,"Hatton, Adams County",300132,Hatton,2019-06-26 01:19:30.928938
2018-08-12,17:45,79.0,78.7,44.8,29.9,0.0,NW@4.4,7.4,79.7,0.0,300,"Hatton, Adams County",300132,Hatton,2019-06-26 01:19:30.928938
2018-08-12,18:00,78.6,78.4,44.7,30.1,0.0,NW@4.5,7.8,79.7,0.0,247,"Hatton, Adams County",300132,Hatton,2019-06-26 01:19:30.928938
2018-08-12,18:15,78.1,77.9,45.1,31.0,0.0,NW@5.1,8.9,79.7,0.0,194,"Hatton, Adams County",300132,Hatton,2019-06-26 01:19:30.928938
2018-08-12,18:30,77.4,77.2,45.1,31.8,0.0,NW@4.4,7.4,79.8,0.0,140,"Hatton, Adams County",300132,Hatton,2019-06-26 01:19:30.928938
2018-08-12,18:45,76.4,76.2,45.4,33.2,0.0,W@4.9,6.4,79.8,0.0,110,"Hatton, Adams County",300132,Hatton,2019-06-26 01:19:30.928938
2018-08-12,19:00,75.7,75.4,45.5,34.2,0.0,W@4.2,6.0,79.8,0.0,88,"Hatton, Adams County",300132,Hatton,2019-06-26 01:19:30.928938
2018-08-12,19:15,74.4,74.2,45.8,36.0,0.0,W@3.4,4.9,79.9,0.0,62,"Hatton, Adams County",300132,Hatton,2019-06-26 01:19:30.928938
2018-08-12,19:30,72.3,72.0,45.8,38.7,0.0,W@2.8,4.2,79.9,0.0,39,"Hatton, Adams County",300132,Hatton,2019-06-26 01:19:30.928938
2018-08-12,19:45,70.5,70.2,47.5,43.9,0.0,W@2.1,2.8,79.9,0.0,24,"Hatton, Adams County",300132,Hatton,2019-06-26 01:19:30.928938
2018-08-12,20:00,68.6,68.3,49.2,50.0,0.0,W@2.8,3.1,80.0,0.0,17,"Hatton, Adams County",300132,Hatton,2019-06-26 01:19:30.928938
2018-08-12,20:15,67.2,67.0,46.4,47.1,0.0,W@2.3,3.5,80.0,0.0,8,"Hatton, Adams County",300132,Hatton,2019-06-26 01:19:30.928938
2018-08-12,20:30,65.2,64.9,47.5,52.7,0.0,W@1.1,2.1,80.0,0.0,2,"Hatton, Adams County",300132,Hatton,2019-06-26 01:19:30.928938
2018-08-12,20:45,66.0,65.7,47.6,51.5,0.0,NW@0.9,2.1,80.0,0.0,0,"Hatton, Adams County",300132,Hatton,2019-06-26 01:19:30.928938
2018-08-12,21:00,64.6,64.3,46.0,50.9,0.0,NW@1.7,3.1,80.1,0.0,0,"Hatton, Adams County",300132,Hatton,2019-06-26 01:19:30.928938
2018-08-12,21:15,64.0,63.6,45.7,51.3,0.0,NW@2.3,3.9,80.1,0.0,0,"Hatton, Adams County",300132,Hatton,2019-06-26 01:19:30.928938
2018-08-12,21:30,63.5,63.2,45.2,51.3,0.0,NW@2.4,3.9,80.1,0.0,0,"Hatton, Adams County",300132,Hatton,2019-06-26 01:19:30.928938
2018-08-12,21:45,62.8,62.5,45.2,52.4,0.0,N@3.5,4.2,80.1,0.0,0,"Hatton, Adams County",300132,Hatton,2019-06-26 01:19:30.928938
2018-08-12,22:00,62.8,62.5,45.3,52.6,0.0,N@3.2,3.9,80.2,0.0,0,"Hatton, Adams County",300132,Hatton,2019-06-26 01:19:30.928938
2018-08-12,22:15,62.2,61.8,44.6,52.4,0.0,N@3.1,4.6,80.2,0.0,0,"Hatton, Adams County",300132,Hatton,2019-06-26 01:19:30.928938
2018-08-12,22:30,60.4,60.1,43.9,54.4,0.0,NE@1.4,3.1,80.2,0.0,0,"Hatton, Adams County",300132,Hatton,2019-06-26 01:19:30.928938
2018-08-12,22:45,59.4,59.1,42.7,54.0,0.0,NE@2.5,3.5,80.2,0.0,0,"Hatton, Adams County",300132,Hatton,2019-06-26 01:19:30.928938
2018-08-12,23:00,59.2,58.9,42.5,53.8,0.0,NE@2.5,3.1,80.2,0.0,0,"Hatton, Adams County",300132,Hatton,2019-06-26 01:19:30.928938
2018-08-12,23:15,58.8,58.5,43.2,56.2,0.0,NE@2.8,3.5,80.2,0.0,0,"Hatton, Adams County",300132,Hatton,2019-06-26 01:19:30.928938
2018-08-12,23:30,59.5,59.3,43.3,55.0,0.0,NE@3.0,3.5,80.2,0.0,0,"Hatton, Adams County",300132,Hatton,2019-06-26 01:19:30.928938
2018-08-12,23:45,59.0,58.8,43.5,56.4,0.0,NE@2.8,3.9,80.2,0.0,0,"Hatton, Adams County",300132,Hatton,2019-06-26 01:19:30.928938
2018-08-12,24:00,57.9,57.6,43.1,57.7,0.0,NE@2.7,3.9,80.2,0.0,0,"Hatton, Adams County",300132,Hatton,2019-06-26 01:19:30.928938
