Date,Time PST,Air Temp °F, 2<sup>nd</sup> Air Temp °F, Dew Point °F, Rel Hum %, Leaf Wet u., Wind Dir @ Speed mph, Wind Gust mph, 8 in. Soil Tmp °F, Tot Prec in, Solar Rad W/m²,Location,Station ID,Station Name,Download Timestamp
2013-12-25,00:15,29.0,28.9,24.6,85.4,0.1,NE@4.9,6.4,32.4,0.0,0,"Hatton, Adams County",300132,Hatton,2017-12-10 21:18:42.022361
2013-12-25,00:30,28.4,28.3,24.0,85.5,0.08,NE@4.3,5.7,32.4,0.0,0,"Hatton, Adams County",300132,Hatton,2017-12-10 21:18:42.022361
2013-12-25,00:45,26.8,26.4,22.2,85.4,0.07,N@1.6,3.5,32.4,0.0,0,"Hatton, Adams County",300132,Hatton,2017-12-10 21:18:42.022361
2013-12-25,01:00,26.5,26.5,22.5,87.7,0.01,NE@3.5,4.6,32.4,0.0,0,"Hatton, Adams County",300132,Hatton,2017-12-10 21:18:42.022361
2013-12-25,01:15,26.3,26.3,22.3,87.8,0.0,N@3.4,4.2,32.4,0.0,0,"Hatton, Adams County",300132,Hatton,2017-12-10 21:18:42.022361
2013-12-25,01:30,26.0,25.9,22.1,88.4,0.0,NE@3.5,4.9,32.4,0.0,0,"Hatton, Adams County",300132,Hatton,2017-12-10 21:18:42.022361
2013-12-25,01:45,26.4,26.4,22.7,88.8,0.02,NE@4.3,5.7,32.4,0.0,0,"Hatton, Adams County",300132,Hatton,2017-12-10 21:18:42.022361
2013-12-25,02:00,25.4,25.1,21.4,88.4,0.0,N@3.8,5.3,32.4,0.0,0,"Hatton, Adams County",300132,Hatton,2017-12-10 21:18:42.022361
2013-12-25,02:15,24.8,24.8,21.0,89.3,0.0,N@4.2,5.3,32.4,0.0,0,"Hatton, Adams County",300132,Hatton,2017-12-10 21:18:42.022361
2013-12-25,02:30,25.8,26.0,22.4,90.3,0.03,NE@4.1,5.3,32.4,0.0,0,"Hatton, Adams County",300132,Hatton,2017-12-10 21:18:42.022361
2013-12-25,02:45,25.7,25.4,22.0,89.1,0.0,N@4.0,5.7,32.4,0.0,0,"Hatton, Adams County",300132,Hatton,2017-12-10 21:18:42.022361
2013-12-25,03:00,22.1,21.9,18.0,89.1,0.0,W@5.2,7.1,32.4,0.0,0,"Hatton, Adams County",300132,Hatton,2017-12-10 21:18:42.022361
2013-12-25,03:15,22.2,22.0,18.4,90.4,0.0,NW@3.1,4.6,32.4,0.0,0,"Hatton, Adams County",300132,Hatton,2017-12-10 21:18:42.022361
2013-12-25,03:30,20.9,20.7,17.1,90.7,0.0,NW@2.8,3.9,32.4,0.0,0,"Hatton, Adams County",300132,Hatton,2017-12-10 21:18:42.022361
2013-12-25,03:45,21.8,21.5,18.3,91.6,0.0,NW@2.3,3.5,32.4,0.0,0,"Hatton, Adams County",300132,Hatton,2017-12-10 21:18:42.022361
2013-12-25,04:00,20.9,20.5,17.2,91.2,0.0,W@2.9,3.9,32.5,0.0,0,"Hatton, Adams County",300132,Hatton,2017-12-10 21:18:42.022361
2013-12-25,04:15,19.3,19.1,15.5,91.4,0.0,NW@3.8,4.9,32.4,0.0,0,"Hatton, Adams County",300132,Hatton,2017-12-10 21:18:42.022361
2013-12-25,04:30,18.7,18.5,14.9,91.5,0.0,W@4.0,5.3,32.4,0.0,0,"Hatton, Adams County",300132,Hatton,2017-12-10 21:18:42.022361
2013-12-25,04:45,18.0,17.8,14.0,91.2,0.0,W@3.9,4.9,32.5,0.0,0,"Hatton, Adams County",300132,Hatton,2017-12-10 21:18:42.022361
2013-12-25,05:00,18.0,17.9,14.1,91.2,0.0,W@3.3,4.2,32.5,0.0,0,"Hatton, Adams County",300132,Hatton,2017-12-10 21:18:42.022361
2013-12-25,05:15,18.1,17.9,14.1,90.9,0.0,W@3.5,4.2,32.5,0.0,0,"Hatton, Adams County",300132,Hatton,2017-12-10 21:18:42.022361
2013-12-25,05:30,18.2,18.1,14.2,90.9,0.0,W@3.1,4.6,32.5,0.0,0,"Hatton, Adams County",300132,Hatton,2017-12-10 21:18:42.022361
2013-12-25,05:45,17.6,17.4,13.5,90.5,0.0,W@3.4,4.6,32.5,0.0,0,"Hatton, Adams County",300132,Hatton,2017-12-10 21:18:42.022361
2013-12-25,06:00,16.8,16.7,12.5,90.3,0.0,W@4.2,5.3,32.5,0.0,0,"Hatton, Adams County",300132,Hatton,2017-12-10 21:18:42.022361
2013-12-25,06:15,17.2,17.1,13.0,90.5,0.0,W@4.5,5.7,32.5,0.0,0,"Hatton, Adams County",300132,Hatton,2017-12-10 21:18:42.022361
2013-12-25,06:30,17.4,17.2,13.1,90.3,0.0,W@4.6,5.7,32.5,0.0,0,"Hatton, Adams County",300132,Hatton,2017-12-10 21:18:42.022361
2013-12-25,06:45,16.3,16.2,11.9,89.7,0.0,W@4.4,6.4,32.5,0.0,0,"Hatton, Adams County",300132,Hatton,2017-12-10 21:18:42.022361
2013-12-25,07:00,16.0,15.8,11.5,89.5,0.0,W@3.3,4.6,32.5,0.0,0,"Hatton, Adams County",300132,Hatton,2017-12-10 21:18:42.022361
2013-12-25,07:15,16.0,15.8,11.5,89.7,0.0,W@3.2,4.6,32.5,0.0,1,"Hatton, Adams County",300132,Hatton,2017-12-10 21:18:42.022361
2013-12-25,07:30,15.5,15.2,10.8,89.1,0.0,W@2.6,3.5,32.5,0.0,2,"Hatton, Adams County",300132,Hatton,2017-12-10 21:18:42.022361
2013-12-25,07:45,15.6,15.5,11.0,89.3,0.0,W@2.6,4.2,32.5,0.0,5,"Hatton, Adams County",300132,Hatton,2017-12-10 21:18:42.022361
2013-12-25,08:00,15.4,15.3,10.7,89.0,0.0,N@3.1,4.9,32.5,0.0,12,"Hatton, Adams County",300132,Hatton,2017-12-10 21:18:42.022361
2013-12-25,08:15,17.4,17.4,13.0,89.6,0.0,N@2.7,4.6,32.5,0.0,58,"Hatton, Adams County",300132,Hatton,2017-12-10 21:18:42.022361
2013-12-25,08:30,20.1,20.2,16.0,89.7,0.0,NW@1.4,3.5,32.5,0.0,89,"Hatton, Adams County",300132,Hatton,2017-12-10 21:18:42.022361
2013-12-25,08:45,22.1,22.0,18.0,89.4,0.0,NE@2.1,3.1,32.5,0.0,120,"Hatton, Adams County",300132,Hatton,2017-12-10 21:18:42.022361
2013-12-25,09:00,23.9,23.9,19.9,88.9,0.0,SW@0.2,3.1,32.5,0.0,150,"Hatton, Adams County",300132,Hatton,2017-12-10 21:18:42.022361
2013-12-25,09:15,23.4,23.2,18.9,87.3,0.0,W@3.4,5.7,32.5,0.0,180,"Hatton, Adams County",300132,Hatton,2017-12-10 21:18:42.022361
2013-12-25,09:30,22.7,22.6,18.4,88.1,0.0,W@4.8,6.4,32.5,0.0,210,"Hatton, Adams County",300132,Hatton,2017-12-10 21:18:42.022361
2013-12-25,09:45,24.3,24.4,20.4,88.9,0.0,NW@3.7,5.3,32.5,0.0,236,"Hatton, Adams County",300132,Hatton,2017-12-10 21:18:42.022361
2013-12-25,10:00,26.2,26.3,22.4,88.6,0.06,NW@3.1,4.2,32.5,0.0,247,"Hatton, Adams County",300132,Hatton,2017-12-10 21:18:42.022361
2013-12-25,10:15,27.8,27.8,24.0,88.2,0.07,NW@3.9,5.3,32.5,0.0,262,"Hatton, Adams County",300132,Hatton,2017-12-10 21:18:42.022361
2013-12-25,10:30,28.9,29.0,25.2,87.7,0.09,W@4.5,6.7,32.5,0.0,282,"Hatton, Adams County",300132,Hatton,2017-12-10 21:18:42.022361
2013-12-25,10:45,29.3,29.3,25.4,86.6,0.09,W@5.3,7.4,32.5,0.0,298,"Hatton, Adams County",300132,Hatton,2017-12-10 21:18:42.022361
2013-12-25,11:00,29.8,29.7,25.5,85.6,0.1,NW@5.0,7.4,32.5,0.0,314,"Hatton, Adams County",300132,Hatton,2017-12-10 21:18:42.022361
2013-12-25,11:15,30.8,31.0,26.0,83.0,0.12,NW@2.7,6.0,32.5,0.0,326,"Hatton, Adams County",300132,Hatton,2017-12-10 21:18:42.022361
2013-12-25,11:30,31.4,31.5,26.5,82.5,0.12,W@3.7,5.3,32.5,0.0,343,"Hatton, Adams County",300132,Hatton,2017-12-10 21:18:42.022361
2013-12-25,11:45,32.1,32.1,27.3,82.2,0.18,W@4.3,6.7,32.5,0.0,346,"Hatton, Adams County",300132,Hatton,2017-12-10 21:18:42.022361
2013-12-25,12:00,33.7,33.6,28.0,79.5,0.47,NE@1.6,4.6,32.5,0.0,342,"Hatton, Adams County",300132,Hatton,2017-12-10 21:18:42.022361
2013-12-25,12:15,34.6,34.1,27.6,75.3,0.6,NE@1.8,4.2,32.5,0.0,256,"Hatton, Adams County",300132,Hatton,2017-12-10 21:18:42.022361
2013-12-25,12:30,33.1,32.8,27.7,80.4,0.22,W@4.2,6.4,32.5,0.0,182,"Hatton, Adams County",300132,Hatton,2017-12-10 21:18:42.022361
2013-12-25,12:45,32.9,32.9,28.2,82.6,0.0,W@3.9,5.3,32.5,0.0,330,"Hatton, Adams County",300132,Hatton,2017-12-10 21:18:42.022361
2013-12-25,13:00,33.1,33.0,28.0,81.2,0.0,SW@2.7,3.9,32.5,0.0,190,"Hatton, Adams County",300132,Hatton,2017-12-10 21:18:42.022361
2013-12-25,13:15,33.3,33.2,28.3,81.6,0.0,W@3.1,5.3,32.5,0.0,201,"Hatton, Adams County",300132,Hatton,2017-12-10 21:18:42.022361
2013-12-25,13:30,33.4,33.4,28.4,81.7,0.0,W@3.3,4.6,32.5,0.0,246,"Hatton, Adams County",300132,Hatton,2017-12-10 21:18:42.022361
2013-12-25,13:45,33.9,33.9,28.4,80.3,0.0,W@3.1,4.2,32.5,0.0,237,"Hatton, Adams County",300132,Hatton,2017-12-10 21:18:42.022361
2013-12-25,14:00,34.0,33.9,28.3,79.6,0.0,W@3.8,4.9,32.5,0.0,220,"Hatton, Adams County",300132,Hatton,2017-12-10 21:18:42.022361
2013-12-25,14:15,33.9,34.0,28.1,79.0,0.0,NW@3.2,4.9,32.5,0.0,202,"Hatton, Adams County",300132,Hatton,2017-12-10 21:18:42.022361
2013-12-25,14:30,33.9,33.9,28.0,78.6,0.0,NW@4.4,6.0,32.5,0.0,187,"Hatton, Adams County",300132,Hatton,2017-12-10 21:18:42.022361
2013-12-25,14:45,33.8,33.7,27.9,78.8,0.0,NW@4.1,6.0,32.5,0.0,142,"Hatton, Adams County",300132,Hatton,2017-12-10 21:18:42.022361
2013-12-25,15:00,33.5,33.4,27.8,79.4,0.0,W@4.2,5.7,32.5,0.0,125,"Hatton, Adams County",300132,Hatton,2017-12-10 21:18:42.022361
2013-12-25,15:15,32.8,32.8,27.7,81.0,0.0,W@4.5,6.4,32.5,0.0,100,"Hatton, Adams County",300132,Hatton,2017-12-10 21:18:42.022361
2013-12-25,15:30,32.4,32.3,27.5,82.1,0.0,W@4.0,5.3,32.5,0.0,50,"Hatton, Adams County",300132,Hatton,2017-12-10 21:18:42.022361
2013-12-25,15:45,32.0,31.9,27.4,83.3,0.0,W@3.5,4.6,32.6,0.0,34,"Hatton, Adams County",300132,Hatton,2017-12-10 21:18:42.022361
2013-12-25,16:00,31.2,31.1,27.1,85.3,0.0,W@3.1,4.2,32.5,0.0,16,"Hatton, Adams County",300132,Hatton,2017-12-10 21:18:42.022361
2013-12-25,16:15,30.1,29.9,26.2,86.4,0.0,W@3.3,4.2,32.6,0.0,6,"Hatton, Adams County",300132,Hatton,2017-12-10 21:18:42.022361
2013-12-25,16:30,29.6,29.6,26.2,88.5,0.0,NW@2.8,3.5,32.6,0.0,3,"Hatton, Adams County",300132,Hatton,2017-12-10 21:18:42.022361
2013-12-25,16:45,30.1,30.1,27.1,89.6,0.0,W@2.8,3.5,32.6,0.0,1,"Hatton, Adams County",300132,Hatton,2017-12-10 21:18:42.022361
2013-12-25,17:00,30.3,30.1,27.3,89.9,0.0,W@2.1,3.9,32.6,0.0,0,"Hatton, Adams County",300132,Hatton,2017-12-10 21:18:42.022361
2013-12-25,17:15,30.3,30.0,27.3,89.8,0.0,NW@0.8,2.8,32.6,0.0,0,"Hatton, Adams County",300132,Hatton,2017-12-10 21:18:42.022361
2013-12-25,17:30,30.3,30.1,27.4,90.1,0.0,NW@1.6,2.8,32.6,0.0,0,"Hatton, Adams County",300132,Hatton,2017-12-10 21:18:42.022361
2013-12-25,17:45,29.6,29.5,26.8,90.5,0.0,NW@2.7,3.9,32.6,0.0,0,"Hatton, Adams County",300132,Hatton,2017-12-10 21:18:42.022361
2013-12-25,18:00,29.5,29.4,26.6,90.7,0.0,W@3.0,4.2,32.6,0.0,0,"Hatton, Adams County",300132,Hatton,2017-12-10 21:18:42.022361
2013-12-25,18:15,29.4,29.3,26.7,91.4,0.0,W@3.4,4.6,32.6,0.0,0,"Hatton, Adams County",300132,Hatton,2017-12-10 21:18:42.022361
2013-12-25,18:30,29.8,29.7,27.2,91.7,0.0,NW@3.3,4.2,32.6,0.0,0,"Hatton, Adams County",300132,Hatton,2017-12-10 21:18:42.022361
2013-12-25,18:45,29.7,29.6,27.1,91.4,0.0,NW@2.2,3.1,32.6,0.0,0,"Hatton, Adams County",300132,Hatton,2017-12-10 21:18:42.022361
2013-12-25,19:00,29.9,29.8,27.3,91.4,0.0,N@2.9,4.2,32.6,0.0,0,"Hatton, Adams County",300132,Hatton,2017-12-10 21:18:42.022361
2013-12-25,19:15,30.2,30.1,27.6,91.1,0.0,N@2.7,3.9,32.6,0.0,0,"Hatton, Adams County",300132,Hatton,2017-12-10 21:18:42.022361
2013-12-25,19:30,30.2,30.0,27.3,90.1,0.0,NW@1.3,2.8,32.6,0.0,0,"Hatton, Adams County",300132,Hatton,2017-12-10 21:18:42.022361
2013-12-25,19:45,29.7,29.5,26.7,90.0,0.0,NW@1.0,3.1,32.6,0.0,0,"Hatton, Adams County",300132,Hatton,2017-12-10 21:18:42.022361
2013-12-25,20:00,29.3,29.1,26.4,90.6,0.0,NW@2.9,3.5,32.6,0.0,0,"Hatton, Adams County",300132,Hatton,2017-12-10 21:18:42.022361
2013-12-25,20:15,28.9,28.8,26.2,91.4,0.0,W@2.7,3.1,32.6,0.0,0,"Hatton, Adams County",300132,Hatton,2017-12-10 21:18:42.022361
2013-12-25,20:30,29.3,29.2,26.7,91.8,0.0,W@3.0,3.5,32.6,0.0,0,"Hatton, Adams County",300132,Hatton,2017-12-10 21:18:42.022361
2013-12-25,20:45,29.1,29.0,26.6,92.2,0.04,W@2.9,3.5,32.6,0.0,0,"Hatton, Adams County",300132,Hatton,2017-12-10 21:18:42.022361
2013-12-25,21:00,28.5,28.3,26.0,92.6,0.08,W@1.9,3.1,32.6,0.0,0,"Hatton, Adams County",300132,Hatton,2017-12-10 21:18:42.022361
2013-12-25,21:15,28.0,27.8,25.6,93.1,0.06,W@0.6,3.1,32.6,0.0,0,"Hatton, Adams County",300132,Hatton,2017-12-10 21:18:42.022361
2013-12-25,21:30,26.9,26.7,24.4,93.2,0.05,NW@2.7,3.9,32.6,0.0,0,"Hatton, Adams County",300132,Hatton,2017-12-10 21:18:42.022361
2013-12-25,21:45,26.5,26.3,24.1,93.7,0.03,N@2.5,4.2,32.6,0.0,0,"Hatton, Adams County",300132,Hatton,2017-12-10 21:18:42.022361
2013-12-25,22:00,26.8,26.7,24.5,94.1,0.0,NE@0.4,2.1,32.6,0.0,0,"Hatton, Adams County",300132,Hatton,2017-12-10 21:18:42.022361
2013-12-25,22:15,27.2,26.9,24.9,94.2,0.03,NW@1.7,4.6,32.6,0.0,0,"Hatton, Adams County",300132,Hatton,2017-12-10 21:18:42.022361
2013-12-25,22:30,25.4,25.1,22.8,93.5,0.0,N@2.7,3.9,32.6,0.0,0,"Hatton, Adams County",300132,Hatton,2017-12-10 21:18:42.022361
2013-12-25,22:45,25.7,25.6,23.3,94.1,0.0,NW@2.6,3.9,32.6,0.0,0,"Hatton, Adams County",300132,Hatton,2017-12-10 21:18:42.022361
2013-12-25,23:00,25.8,25.5,23.3,94.0,0.0,N@2.6,4.6,32.6,0.0,0,"Hatton, Adams County",300132,Hatton,2017-12-10 21:18:42.022361
2013-12-25,23:15,25.7,25.4,23.2,94.0,0.0,N@1.5,3.1,32.6,0.0,0,"Hatton, Adams County",300132,Hatton,2017-12-10 21:18:42.022361
2013-12-25,23:30,26.2,26.1,23.8,94.1,0.0,NE@0.7,3.1,32.6,0.0,0,"Hatton, Adams County",300132,Hatton,2017-12-10 21:18:42.022361
2013-12-25,23:45,26.3,26.1,23.8,93.7,0.0,N@1.2,3.1,32.6,0.0,0,"Hatton, Adams County",300132,Hatton,2017-12-10 21:18:42.022361
2013-12-25,24:00,26.1,25.9,23.5,93.5,0.0,NE@2.5,3.1,32.6,0.0,0,"Hatton, Adams County",300132,Hatton,2017-12-10 21:18:42.022361
2013-12-26,00:15,25.8,25.6,23.2,93.3,0.0,NE@2.7,4.2,32.6,0.0,0,"Hatton, Adams County",300132,Hatton,2017-12-10 21:18:42.022361
2013-12-26,00:30,25.9,25.8,23.3,93.4,0.0,NE@0.7,2.4,32.6,0.0,0,"Hatton, Adams County",300132,Hatton,2017-12-10 21:18:42.022361
2013-12-26,00:45,26.1,26.0,23.5,93.6,0.04,NE@2.3,3.5,32.6,0.0,0,"Hatton, Adams County",300132,Hatton,2017-12-10 21:18:42.022361
2013-12-26,01:00,26.1,25.8,23.6,93.6,0.0,N@0.3,2.4,32.6,0.0,0,"Hatton, Adams County",300132,Hatton,2017-12-10 21:18:42.022361
2013-12-26,01:15,25.1,24.7,22.4,93.2,0.0,NW@0.1,1.7,32.6,0.0,0,"Hatton, Adams County",300132,Hatton,2017-12-10 21:18:42.022361
2013-12-26,01:30,25.1,24.8,22.4,93.4,0.0,NW@0.8,2.8,32.6,0.0,0,"Hatton, Adams County",300132,Hatton,2017-12-10 21:18:42.022361
2013-12-26,01:45,24.1,23.8,21.2,93.0,0.0,NE@1.1,2.8,32.6,0.0,0,"Hatton, Adams County",300132,Hatton,2017-12-10 21:18:42.022361
2013-12-26,02:00,24.4,24.2,21.6,93.3,0.0,NE@2.1,2.8,32.6,0.0,0,"Hatton, Adams County",300132,Hatton,2017-12-10 21:18:42.022361
2013-12-26,02:15,24.3,24.1,21.5,93.1,0.0,E@2.3,2.8,32.6,0.0,0,"Hatton, Adams County",300132,Hatton,2017-12-10 21:18:42.022361
2013-12-26,02:30,24.7,24.5,21.9,93.4,0.0,E@0.1,2.1,32.6,0.0,0,"Hatton, Adams County",300132,Hatton,2017-12-10 21:18:42.022361
2013-12-26,02:45,24.9,24.6,22.2,93.6,0.0,N@0.0,0.0,32.6,0.0,0,"Hatton, Adams County",300132,Hatton,2017-12-10 21:18:42.022361
2013-12-26,03:00,23.2,22.7,20.1,92.6,0.0,N@0.9,2.4,32.6,0.0,0,"Hatton, Adams County",300132,Hatton,2017-12-10 21:18:42.022361
2013-12-26,03:15,23.2,22.9,20.2,93.0,0.0,NW@0.5,2.8,32.6,0.0,0,"Hatton, Adams County",300132,Hatton,2017-12-10 21:18:42.022361
2013-12-26,03:30,23.3,22.9,20.3,93.1,0.0,N@0.0,0.0,32.6,0.0,0,"Hatton, Adams County",300132,Hatton,2017-12-10 21:18:42.022361
2013-12-26,03:45,23.0,22.6,20.0,93.0,0.0,NE@0.7,3.1,32.6,0.0,0,"Hatton, Adams County",300132,Hatton,2017-12-10 21:18:42.022361
2013-12-26,04:00,22.2,21.9,19.0,92.7,0.0,NW@1.7,4.2,32.6,0.0,0,"Hatton, Adams County",300132,Hatton,2017-12-10 21:18:42.022361
2013-12-26,04:15,20.2,19.9,16.7,92.0,0.0,N@2.8,3.9,32.6,0.0,0,"Hatton, Adams County",300132,Hatton,2017-12-10 21:18:42.022361
2013-12-26,04:30,21.7,21.7,18.5,92.9,0.0,NE@2.8,3.9,32.6,0.0,0,"Hatton, Adams County",300132,Hatton,2017-12-10 21:18:42.022361
2013-12-26,04:45,23.3,23.4,20.4,93.5,0.0,E@3.0,3.9,32.6,0.0,0,"Hatton, Adams County",300132,Hatton,2017-12-10 21:18:42.022361
2013-12-26,05:00,23.5,23.2,20.5,93.0,0.0,NE@3.0,4.2,32.6,0.0,0,"Hatton, Adams County",300132,Hatton,2017-12-10 21:18:42.022361
2013-12-26,05:15,22.6,22.4,19.6,92.9,0.0,NE@1.6,3.1,32.6,0.0,0,"Hatton, Adams County",300132,Hatton,2017-12-10 21:18:42.022361
2013-12-26,05:30,22.3,21.9,19.1,92.7,0.0,N@1.7,2.8,32.6,0.0,0,"Hatton, Adams County",300132,Hatton,2017-12-10 21:18:42.022361
2013-12-26,05:45,21.4,21.1,18.0,92.2,0.0,N@1.9,2.8,32.6,0.0,0,"Hatton, Adams County",300132,Hatton,2017-12-10 21:18:42.022361
2013-12-26,06:00,21.7,21.5,18.4,92.5,0.0,N@2.8,4.6,32.6,0.0,0,"Hatton, Adams County",300132,Hatton,2017-12-10 21:18:42.022361
2013-12-26,06:15,22.4,22.3,19.2,92.6,0.0,NE@1.3,4.2,32.6,0.0,0,"Hatton, Adams County",300132,Hatton,2017-12-10 21:18:42.022361
2013-12-26,06:30,22.1,21.8,18.7,92.2,0.0,E@2.5,3.5,32.6,0.0,0,"Hatton, Adams County",300132,Hatton,2017-12-10 21:18:42.022361
2013-12-26,06:45,22.7,22.7,19.6,92.9,0.0,NE@2.5,3.9,32.6,0.0,0,"Hatton, Adams County",300132,Hatton,2017-12-10 21:18:42.022361
2013-12-26,07:00,22.8,22.5,19.7,92.8,0.0,E@1.4,2.8,32.6,0.0,0,"Hatton, Adams County",300132,Hatton,2017-12-10 21:18:42.022361
2013-12-26,07:15,21.9,21.6,18.6,92.3,0.0,NE@2.6,3.1,32.6,0.0,1,"Hatton, Adams County",300132,Hatton,2017-12-10 21:18:42.022361
2013-12-26,07:30,22.3,22.2,19.2,92.7,0.0,E@0.8,3.1,32.6,0.0,3,"Hatton, Adams County",300132,Hatton,2017-12-10 21:18:42.022361
2013-12-26,07:45,22.2,21.8,18.9,92.2,0.0,N@0.0,0.0,32.6,0.0,7,"Hatton, Adams County",300132,Hatton,2017-12-10 21:18:42.022361
2013-12-26,08:00,21.9,21.7,18.6,92.3,0.0,NE@1.7,3.1,32.6,0.0,19,"Hatton, Adams County",300132,Hatton,2017-12-10 21:18:42.022361
2013-12-26,08:15,22.7,22.7,19.5,92.3,0.0,NW@0.0,1.4,32.6,0.0,54,"Hatton, Adams County",300132,Hatton,2017-12-10 21:18:42.022361
2013-12-26,08:30,24.2,24.1,21.1,92.2,0.04,NE@0.2,2.1,32.6,0.0,78,"Hatton, Adams County",300132,Hatton,2017-12-10 21:18:42.022361
2013-12-26,08:45,25.8,25.7,22.9,92.4,0.06,N@0.4,2.1,32.6,0.0,95,"Hatton, Adams County",300132,Hatton,2017-12-10 21:18:42.022361
2013-12-26,09:00,27.5,27.3,24.8,92.3,0.09,N@0.5,2.1,32.6,0.0,130,"Hatton, Adams County",300132,Hatton,2017-12-10 21:18:42.022361
2013-12-26,09:15,28.4,28.2,25.7,91.6,0.11,E@1.7,3.1,32.6,0.0,160,"Hatton, Adams County",300132,Hatton,2017-12-10 21:18:42.022361
2013-12-26,09:30,29.6,29.5,26.8,91.0,0.13,E@2.2,3.1,32.5,0.0,170,"Hatton, Adams County",300132,Hatton,2017-12-10 21:18:42.022361
2013-12-26,09:45,30.6,30.4,27.6,89.5,0.18,NE@1.7,2.8,32.5,0.0,220,"Hatton, Adams County",300132,Hatton,2017-12-10 21:18:42.022361
2013-12-26,10:00,31.5,31.4,28.2,88.1,0.28,SE@2.5,4.2,32.5,0.0,238,"Hatton, Adams County",300132,Hatton,2017-12-10 21:18:42.022361
2013-12-26,10:15,31.7,31.6,28.2,87.1,0.78,S@2.3,3.5,32.5,0.0,245,"Hatton, Adams County",300132,Hatton,2017-12-10 21:18:42.022361
2013-12-26,10:30,31.7,31.7,28.2,87.4,0.83,SW@2.1,3.9,32.5,0.0,260,"Hatton, Adams County",300132,Hatton,2017-12-10 21:18:42.022361
2013-12-26,10:45,32.4,32.4,29.1,87.5,0.83,W@3.2,4.9,32.5,0.0,271,"Hatton, Adams County",300132,Hatton,2017-12-10 21:18:42.022361
2013-12-26,11:00,33.0,33.0,29.1,85.3,0.8,W@2.7,4.9,32.5,0.0,257,"Hatton, Adams County",300132,Hatton,2017-12-10 21:18:42.022361
2013-12-26,11:15,33.3,33.3,29.0,83.8,0.79,W@2.6,5.3,32.5,0.0,219,"Hatton, Adams County",300132,Hatton,2017-12-10 21:18:42.022361
2013-12-26,11:30,33.3,33.2,29.1,84.5,0.79,SW@2.5,3.9,32.5,0.0,232,"Hatton, Adams County",300132,Hatton,2017-12-10 21:18:42.022361
2013-12-26,11:45,34.1,34.2,29.9,84.3,0.94,SW@2.6,3.9,32.5,0.0,325,"Hatton, Adams County",300132,Hatton,2017-12-10 21:18:42.022361
2013-12-26,12:00,35.4,35.5,30.0,80.6,0.93,W@2.3,4.6,32.5,0.0,360,"Hatton, Adams County",300132,Hatton,2017-12-10 21:18:42.022361
2013-12-26,12:15,35.2,35.1,29.5,79.4,0.85,W@3.9,6.7,32.5,0.0,257,"Hatton, Adams County",300132,Hatton,2017-12-10 21:18:42.022361
2013-12-26,12:30,35.3,35.3,30.1,81.2,0.36,W@4.4,6.4,32.5,0.0,312,"Hatton, Adams County",300132,Hatton,2017-12-10 21:18:42.022361
2013-12-26,12:45,35.9,36.0,29.7,78.2,0.0,W@3.6,5.3,32.5,0.0,310,"Hatton, Adams County",300132,Hatton,2017-12-10 21:18:42.022361
2013-12-26,13:00,36.3,36.6,29.6,76.3,0.0,NW@2.3,4.9,32.5,0.0,279,"Hatton, Adams County",300132,Hatton,2017-12-10 21:18:42.022361
2013-12-26,13:15,37.4,37.6,29.8,73.8,0.0,W@1.4,3.1,32.5,0.0,265,"Hatton, Adams County",300132,Hatton,2017-12-10 21:18:42.022361
2013-12-26,13:30,37.2,37.3,29.6,73.8,0.0,W@2.2,3.9,32.5,0.0,220,"Hatton, Adams County",300132,Hatton,2017-12-10 21:18:42.022361
2013-12-26,13:45,36.7,36.7,30.2,77.0,0.0,W@4.0,5.7,32.5,0.0,242,"Hatton, Adams County",300132,Hatton,2017-12-10 21:18:42.022361
2013-12-26,14:00,37.0,37.1,30.3,76.3,0.0,W@4.1,6.4,32.5,0.0,273,"Hatton, Adams County",300132,Hatton,2017-12-10 21:18:42.022361
2013-12-26,14:15,37.2,37.3,30.3,75.8,0.0,W@3.5,5.7,32.4,0.0,253,"Hatton, Adams County",300132,Hatton,2017-12-10 21:18:42.022361
2013-12-26,14:30,37.3,37.3,30.5,76.1,0.0,W@3.5,5.7,32.4,0.0,194,"Hatton, Adams County",300132,Hatton,2017-12-10 21:18:42.022361
2013-12-26,14:45,37.0,37.0,30.6,77.4,0.0,SW@3.8,5.3,32.4,0.0,174,"Hatton, Adams County",300132,Hatton,2017-12-10 21:18:42.022361
2013-12-26,15:00,36.9,36.9,30.8,78.5,0.0,W@3.6,4.6,32.4,0.0,140,"Hatton, Adams County",300132,Hatton,2017-12-10 21:18:42.022361
2013-12-26,15:15,36.8,36.8,30.8,78.6,0.0,W@2.7,4.6,32.4,0.0,121,"Hatton, Adams County",300132,Hatton,2017-12-10 21:18:42.022361
2013-12-26,15:30,36.9,36.8,30.9,78.6,0.0,SW@2.0,2.8,32.4,0.0,84,"Hatton, Adams County",300132,Hatton,2017-12-10 21:18:42.022361
2013-12-26,15:45,36.0,35.8,30.7,80.6,0.0,W@0.0,1.4,32.4,0.0,50,"Hatton, Adams County",300132,Hatton,2017-12-10 21:18:42.022361
2013-12-26,16:00,36.0,35.9,30.3,79.7,0.0,S@0.1,2.8,32.5,0.0,47,"Hatton, Adams County",300132,Hatton,2017-12-10 21:18:42.022361
2013-12-26,16:15,34.3,34.0,30.0,84.0,0.0,SW@3.2,3.9,32.5,0.0,15,"Hatton, Adams County",300132,Hatton,2017-12-10 21:18:42.022361
2013-12-26,16:30,33.0,32.8,29.5,87.0,0.03,W@2.7,3.9,32.5,0.0,7,"Hatton, Adams County",300132,Hatton,2017-12-10 21:18:42.022361
2013-12-26,16:45,32.0,31.8,29.0,88.5,0.08,W@3.2,4.2,32.4,0.0,1,"Hatton, Adams County",300132,Hatton,2017-12-10 21:18:42.022361
2013-12-26,17:00,30.3,30.0,27.3,89.7,0.1,NW@2.3,3.5,32.5,0.0,0,"Hatton, Adams County",300132,Hatton,2017-12-10 21:18:42.022361
2013-12-26,17:15,29.6,29.5,26.8,90.8,0.14,W@2.3,3.1,32.4,0.0,0,"Hatton, Adams County",300132,Hatton,2017-12-10 21:18:42.022361
2013-12-26,17:30,29.4,29.2,26.8,91.7,0.19,W@2.9,3.5,32.5,0.0,0,"Hatton, Adams County",300132,Hatton,2017-12-10 21:18:42.022361
2013-12-26,17:45,28.5,28.2,25.9,92.3,0.23,W@2.7,3.9,32.5,0.0,0,"Hatton, Adams County",300132,Hatton,2017-12-10 21:18:42.022361
2013-12-26,18:00,27.5,27.3,25.1,93.1,0.29,NW@2.6,3.5,32.5,0.0,0,"Hatton, Adams County",300132,Hatton,2017-12-10 21:18:42.022361
2013-12-26,18:15,27.1,27.0,24.7,93.8,0.36,NW@2.9,3.9,32.5,0.0,0,"Hatton, Adams County",300132,Hatton,2017-12-10 21:18:42.022361
2013-12-26,18:30,27.2,27.0,24.9,93.9,0.42,NW@2.5,3.5,32.4,0.0,0,"Hatton, Adams County",300132,Hatton,2017-12-10 21:18:42.022361
2013-12-26,18:45,27.1,27.0,24.7,94.0,0.49,NW@3.5,4.2,32.4,0.0,0,"Hatton, Adams County",300132,Hatton,2017-12-10 21:18:42.022361
2013-12-26,19:00,27.6,27.5,25.3,93.8,0.54,NW@3.2,3.9,32.5,0.0,0,"Hatton, Adams County",300132,Hatton,2017-12-10 21:18:42.022361
2013-12-26,19:15,27.5,27.3,25.1,93.2,0.58,N@3.4,4.2,32.5,0.0,0,"Hatton, Adams County",300132,Hatton,2017-12-10 21:18:42.022361
2013-12-26,19:30,27.5,27.3,24.9,92.7,0.62,NW@3.5,4.9,32.5,0.0,0,"Hatton, Adams County",300132,Hatton,2017-12-10 21:18:42.022361
2013-12-26,19:45,27.3,27.2,24.7,92.5,0.64,NW@3.3,4.2,32.5,0.0,0,"Hatton, Adams County",300132,Hatton,2017-12-10 21:18:42.022361
2013-12-26,20:00,27.2,27.1,24.4,91.9,0.67,NW@2.8,3.9,32.5,0.0,0,"Hatton, Adams County",300132,Hatton,2017-12-10 21:18:42.022361
2013-12-26,20:15,27.0,26.9,24.1,91.8,0.7,NW@3.3,4.2,32.5,0.0,0,"Hatton, Adams County",300132,Hatton,2017-12-10 21:18:42.022361
2013-12-26,20:30,26.9,26.8,24.1,91.8,0.72,NW@2.6,3.5,32.5,0.0,0,"Hatton, Adams County",300132,Hatton,2017-12-10 21:18:42.022361
2013-12-26,20:45,26.2,26.0,23.3,91.8,0.26,N@3.1,4.6,32.5,0.0,0,"Hatton, Adams County",300132,Hatton,2017-12-10 21:18:42.022361
2013-12-26,21:00,25.7,25.7,22.9,92.6,0.08,NW@3.6,4.6,32.5,0.0,0,"Hatton, Adams County",300132,Hatton,2017-12-10 21:18:42.022361
2013-12-26,21:15,25.7,25.6,22.9,92.9,0.08,NW@3.9,4.9,32.5,0.0,0,"Hatton, Adams County",300132,Hatton,2017-12-10 21:18:42.022361
2013-12-26,21:30,25.7,25.6,23.1,93.2,0.08,NW@2.8,3.9,32.5,0.0,0,"Hatton, Adams County",300132,Hatton,2017-12-10 21:18:42.022361
2013-12-26,21:45,26.4,26.2,23.9,93.5,0.07,N@1.0,2.8,32.5,0.0,0,"Hatton, Adams County",300132,Hatton,2017-12-10 21:18:42.022361
2013-12-26,22:00,26.0,25.6,23.4,93.4,0.05,N@0.0,0.0,32.5,0.0,0,"Hatton, Adams County",300132,Hatton,2017-12-10 21:18:42.022361
2013-12-26,22:15,26.6,26.4,24.2,93.8,0.08,W@1.6,3.5,32.5,0.0,0,"Hatton, Adams County",300132,Hatton,2017-12-10 21:18:42.022361
2013-12-26,22:30,24.5,24.1,21.5,92.7,0.04,NW@2.5,3.5,32.5,0.0,0,"Hatton, Adams County",300132,Hatton,2017-12-10 21:18:42.022361
2013-12-26,22:45,24.4,24.4,21.6,93.4,0.06,NW@3.1,4.9,32.5,0.0,0,"Hatton, Adams County",300132,Hatton,2017-12-10 21:18:42.022361
2013-12-26,23:00,24.2,24.1,21.5,93.8,0.06,W@3.6,4.6,32.5,0.0,0,"Hatton, Adams County",300132,Hatton,2017-12-10 21:18:42.022361
2013-12-26,23:15,23.5,23.1,20.6,93.5,0.01,NW@1.7,3.9,32.5,0.0,0,"Hatton, Adams County",300132,Hatton,2017-12-10 21:18:42.022361
2013-12-26,23:30,23.3,23.0,20.5,93.8,0.0,E@0.0,1.7,32.5,0.0,0,"Hatton, Adams County",300132,Hatton,2017-12-10 21:18:42.022361
2013-12-26,23:45,23.7,23.5,21.1,94.2,0.02,N@0.0,0.0,32.5,0.0,0,"Hatton, Adams County",300132,Hatton,2017-12-10 21:18:42.022361
2013-12-26,24:00,22.2,21.6,19.2,93.3,0.01,NE@1.6,3.5,32.5,0.0,0,"Hatton, Adams County",300132,Hatton,2017-12-10 21:18:42.022361
2013-12-27,00:15,22.0,22.1,19.1,93.7,0.0,NE@1.0,2.4,32.5,0.0,0,"Hatton, Adams County",300132,Hatton,2017-12-10 21:18:42.022361
2013-12-27,00:30,22.7,22.3,19.9,93.8,0.01,NE@0.6,2.4,32.5,0.0,0,"Hatton, Adams County",300132,Hatton,2017-12-10 21:18:42.022361
2013-12-27,00:45,23.2,22.9,20.5,94.3,0.05,N@1.4,2.8,32.5,0.0,0,"Hatton, Adams County",300132,Hatton,2017-12-10 21:18:42.022361
2013-12-27,01:00,21.5,21.0,18.4,93.2,0.0,NE@2.4,3.5,32.5,0.0,0,"Hatton, Adams County",300132,Hatton,2017-12-10 21:18:42.022361
2013-12-27,01:15,21.3,21.1,18.2,93.3,0.0,NE@2.6,3.1,32.5,0.0,0,"Hatton, Adams County",300132,Hatton,2017-12-10 21:18:42.022361
2013-12-27,01:30,21.0,20.8,17.8,93.1,0.0,E@2.4,3.5,32.5,0.0,0,"Hatton, Adams County",300132,Hatton,2017-12-10 21:18:42.022361
2013-12-27,01:45,21.3,21.1,18.2,93.4,0.0,NE@1.2,3.5,32.5,0.0,0,"Hatton, Adams County",300132,Hatton,2017-12-10 21:18:42.022361
2013-12-27,02:00,22.4,22.4,19.6,94.2,0.01,NE@1.9,2.8,32.5,0.0,0,"Hatton, Adams County",300132,Hatton,2017-12-10 21:18:42.022361
2013-12-27,02:15,20.9,20.3,17.7,93.0,0.0,N@2.0,3.1,32.5,0.0,0,"Hatton, Adams County",300132,Hatton,2017-12-10 21:18:42.022361
2013-12-27,02:30,19.7,19.4,16.3,92.6,0.0,N@2.2,3.9,32.5,0.0,0,"Hatton, Adams County",300132,Hatton,2017-12-10 21:18:42.022361
2013-12-27,02:45,19.7,19.5,16.2,92.4,0.0,N@0.0,0.0,32.5,0.0,0,"Hatton, Adams County",300132,Hatton,2017-12-10 21:18:42.022361
2013-12-27,03:00,20.0,19.7,16.5,92.4,0.0,N@0.0,0.0,32.5,0.0,0,"Hatton, Adams County",300132,Hatton,2017-12-10 21:18:42.022361
2013-12-27,03:15,19.8,19.6,16.3,92.4,0.0,NW@1.4,3.5,32.5,0.0,0,"Hatton, Adams County",300132,Hatton,2017-12-10 21:18:42.022361
2013-12-27,03:30,18.4,18.1,14.7,91.9,0.0,N@1.3,3.5,32.5,0.0,0,"Hatton, Adams County",300132,Hatton,2017-12-10 21:18:42.022361
2013-12-27,03:45,19.9,19.8,16.5,92.7,0.0,N@2.8,3.5,32.4,0.0,0,"Hatton, Adams County",300132,Hatton,2017-12-10 21:18:42.022361
2013-12-27,04:00,20.2,20.1,16.9,93.1,0.0,N@2.4,3.5,32.4,0.0,0,"Hatton, Adams County",300132,Hatton,2017-12-10 21:18:42.022361
2013-12-27,04:15,20.1,20.0,16.9,93.4,0.0,N@2.6,4.2,32.4,0.0,0,"Hatton, Adams County",300132,Hatton,2017-12-10 21:18:42.022361
2013-12-27,04:30,21.0,20.9,18.0,93.8,0.0,N@3.1,4.2,32.4,0.0,0,"Hatton, Adams County",300132,Hatton,2017-12-10 21:18:42.022361
2013-12-27,04:45,20.5,20.3,17.4,93.7,0.0,NE@1.7,3.5,32.4,0.0,0,"Hatton, Adams County",300132,Hatton,2017-12-10 21:18:42.022361
2013-12-27,05:00,19.8,19.6,16.6,93.4,0.0,E@0.9,3.1,32.4,0.0,0,"Hatton, Adams County",300132,Hatton,2017-12-10 21:18:42.022361
2013-12-27,05:15,20.0,19.6,16.7,93.1,0.0,NE@1.3,3.1,32.4,0.0,0,"Hatton, Adams County",300132,Hatton,2017-12-10 21:18:42.022361
2013-12-27,05:30,17.4,17.0,13.5,91.9,0.0,W@0.7,2.8,32.4,0.0,0,"Hatton, Adams County",300132,Hatton,2017-12-10 21:18:42.022361
2013-12-27,05:45,16.5,16.4,12.6,91.6,0.0,N@0.0,0.0,32.4,0.0,0,"Hatton, Adams County",300132,Hatton,2017-12-10 21:18:42.022361
2013-12-27,06:00,16.4,16.2,12.2,91.1,0.0,W@3.6,4.6,32.4,0.0,0,"Hatton, Adams County",300132,Hatton,2017-12-10 21:18:42.022361
2013-12-27,06:15,16.1,16.0,11.9,91.0,0.0,W@0.4,3.5,32.4,0.0,0,"Hatton, Adams County",300132,Hatton,2017-12-10 21:18:42.022361
2013-12-27,06:30,17.5,17.4,13.6,91.6,0.0,N@0.0,0.0,32.4,0.0,0,"Hatton, Adams County",300132,Hatton,2017-12-10 21:18:42.022361
2013-12-27,06:45,18.3,18.2,14.5,91.7,0.0,W@0.6,3.1,32.4,0.0,0,"Hatton, Adams County",300132,Hatton,2017-12-10 21:18:42.022361
2013-12-27,07:00,17.1,16.9,13.0,91.0,0.0,W@3.0,3.9,32.4,0.0,0,"Hatton, Adams County",300132,Hatton,2017-12-10 21:18:42.022361
2013-12-27,07:15,15.7,15.6,11.4,90.7,0.0,W@3.3,4.6,32.3,0.0,1,"Hatton, Adams County",300132,Hatton,2017-12-10 21:18:42.022361
2013-12-27,07:30,16.1,16.1,11.9,90.7,0.0,NW@1.4,3.1,32.3,0.0,2,"Hatton, Adams County",300132,Hatton,2017-12-10 21:18:42.022361
2013-12-27,07:45,17.5,17.4,13.5,91.2,0.0,N@0.0,0.0,32.3,0.0,5,"Hatton, Adams County",300132,Hatton,2017-12-10 21:18:42.022361
2013-12-27,08:00,17.8,17.7,13.8,91.1,0.0,N@0.0,0.0,32.3,0.0,20,"Hatton, Adams County",300132,Hatton,2017-12-10 21:18:42.022361
2013-12-27,08:15,18.7,18.6,14.9,91.3,0.0,N@0.0,0.0,32.3,0.0,32,"Hatton, Adams County",300132,Hatton,2017-12-10 21:18:42.022361
2013-12-27,08:30,19.4,19.2,15.6,91.5,0.0,N@0.0,0.0,32.3,0.0,28,"Hatton, Adams County",300132,Hatton,2017-12-10 21:18:42.022361
2013-12-27,08:45,20.1,20.0,16.5,91.8,0.0,S@0.5,3.1,32.3,0.0,39,"Hatton, Adams County",300132,Hatton,2017-12-10 21:18:42.022361
2013-12-27,09:00,20.6,20.5,17.1,92.0,0.01,S@2.1,3.1,32.2,0.0,52,"Hatton, Adams County",300132,Hatton,2017-12-10 21:18:42.022361
2013-12-27,09:15,21.0,20.9,17.6,92.2,0.05,W@1.3,3.1,32.2,0.0,62,"Hatton, Adams County",300132,Hatton,2017-12-10 21:18:42.022361
2013-12-27,09:30,21.6,21.6,18.4,92.7,0.06,W@2.7,4.2,32.2,0.0,63,"Hatton, Adams County",300132,Hatton,2017-12-10 21:18:42.022361
2013-12-27,09:45,22.7,22.7,19.7,93.4,0.07,W@2.9,4.2,32.2,0.0,90,"Hatton, Adams County",300132,Hatton,2017-12-10 21:18:42.022361
2013-12-27,10:00,23.2,23.1,20.3,93.7,0.07,W@2.6,3.9,32.2,0.0,110,"Hatton, Adams County",300132,Hatton,2017-12-10 21:18:42.022361
2013-12-27,10:15,23.8,23.7,21.1,93.9,0.08,SW@1.4,2.4,32.2,0.0,134,"Hatton, Adams County",300132,Hatton,2017-12-10 21:18:42.022361
2013-12-27,10:30,24.4,24.3,21.8,94.1,0.1,SW@2.2,3.9,32.1,0.0,149,"Hatton, Adams County",300132,Hatton,2017-12-10 21:18:42.022361
2013-12-27,10:45,24.2,24.1,21.6,94.1,0.1,S@2.9,4.2,32.1,0.0,154,"Hatton, Adams County",300132,Hatton,2017-12-10 21:18:42.022361
2013-12-27,11:00,24.7,24.6,22.2,94.4,0.1,W@3.4,4.9,32.1,0.0,160,"Hatton, Adams County",300132,Hatton,2017-12-10 21:18:42.022361
2013-12-27,11:15,24.7,24.5,22.2,94.4,0.11,W@3.9,5.7,32.1,0.0,160,"Hatton, Adams County",300132,Hatton,2017-12-10 21:18:42.022361
2013-12-27,11:30,25.2,25.1,22.8,94.8,0.12,W@3.5,5.3,32.1,0.0,147,"Hatton, Adams County",300132,Hatton,2017-12-10 21:18:42.022361
2013-12-27,11:45,25.5,25.4,23.2,95.1,0.13,SW@3.4,4.9,32.1,0.0,122,"Hatton, Adams County",300132,Hatton,2017-12-10 21:18:42.022361
2013-12-27,12:00,25.4,25.2,23.1,95.2,0.12,S@3.3,5.7,32.1,0.0,110,"Hatton, Adams County",300132,Hatton,2017-12-10 21:18:42.022361
2013-12-27,12:15,25.0,24.9,22.8,95.3,0.11,S@3.9,5.7,32.0,0.0,99,"Hatton, Adams County",300132,Hatton,2017-12-10 21:18:42.022361
2013-12-27,12:30,24.6,24.5,22.3,95.2,0.1,S@3.5,4.9,32.0,0.0,94,"Hatton, Adams County",300132,Hatton,2017-12-10 21:18:42.022361
2013-12-27,12:45,24.3,24.2,22.0,95.2,0.1,S@3.2,4.9,32.0,0.0,80,"Hatton, Adams County",300132,Hatton,2017-12-10 21:18:42.022361
2013-12-27,13:00,24.2,24.1,21.8,95.1,0.09,S@3.6,6.0,32.0,0.0,71,"Hatton, Adams County",300132,Hatton,2017-12-10 21:18:42.022361
2013-12-27,13:15,24.3,24.2,21.9,95.3,0.09,S@3.5,4.9,32.0,0.0,68,"Hatton, Adams County",300132,Hatton,2017-12-10 21:18:42.022361
2013-12-27,13:30,24.4,24.4,22.1,95.3,0.1,SE@3.4,4.9,32.0,0.0,89,"Hatton, Adams County",300132,Hatton,2017-12-10 21:18:42.022361
2013-12-27,13:45,24.5,24.4,22.2,95.3,0.1,S@2.1,4.9,32.0,0.0,78,"Hatton, Adams County",300132,Hatton,2017-12-10 21:18:42.022361
2013-12-27,14:00,24.9,24.8,22.7,95.3,0.11,S@0.6,2.4,32.0,0.0,69,"Hatton, Adams County",300132,Hatton,2017-12-10 21:18:42.022361
2013-12-27,14:15,25.2,25.1,23.0,95.4,0.12,S@1.2,2.8,32.0,0.0,69,"Hatton, Adams County",300132,Hatton,2017-12-10 21:18:42.022361
2013-12-27,14:30,25.5,25.4,23.4,95.6,0.12,S@3.2,5.7,32.0,0.0,78,"Hatton, Adams County",300132,Hatton,2017-12-10 21:18:42.022361
2013-12-27,14:45,25.4,25.4,23.4,95.6,0.11,SE@4.8,6.7,31.9,0.0,78,"Hatton, Adams County",300132,Hatton,2017-12-10 21:18:42.022361
2013-12-27,15:00,25.4,25.4,23.4,95.8,0.11,SE@5.2,6.7,31.9,0.0,56,"Hatton, Adams County",300132,Hatton,2017-12-10 21:18:42.022361
2013-12-27,15:15,25.9,25.9,23.9,96.0,0.12,SE@4.8,7.4,31.9,0.0,46,"Hatton, Adams County",300132,Hatton,2017-12-10 21:18:42.022361
2013-12-27,15:30,26.2,26.2,24.3,96.2,0.12,S@4.4,7.4,31.9,0.0,28,"Hatton, Adams County",300132,Hatton,2017-12-10 21:18:42.022361
2013-12-27,15:45,26.3,26.3,24.5,96.3,0.13,S@5.3,7.4,31.9,0.0,23,"Hatton, Adams County",300132,Hatton,2017-12-10 21:18:42.022361
2013-12-27,16:00,26.3,26.3,24.5,96.4,0.12,S@4.7,7.4,31.9,0.0,12,"Hatton, Adams County",300132,Hatton,2017-12-10 21:18:42.022361
2013-12-27,16:15,26.4,26.4,24.7,96.4,0.12,SW@2.1,6.4,31.9,0.0,3,"Hatton, Adams County",300132,Hatton,2017-12-10 21:18:42.022361
2013-12-27,16:30,26.4,26.2,24.6,96.4,0.12,S@0.3,2.4,31.9,0.0,2,"Hatton, Adams County",300132,Hatton,2017-12-10 21:18:42.022361
2013-12-27,16:45,26.5,26.4,24.7,96.4,0.12,SE@2.7,5.7,31.9,0.0,0,"Hatton, Adams County",300132,Hatton,2017-12-10 21:18:42.022361
2013-12-27,17:00,26.5,26.4,24.7,96.5,0.12,S@4.0,5.7,31.9,0.0,0,"Hatton, Adams County",300132,Hatton,2017-12-10 21:18:42.022361
2013-12-27,17:15,26.5,26.4,24.7,96.5,0.12,SW@2.2,4.2,31.9,0.0,0,"Hatton, Adams County",300132,Hatton,2017-12-10 21:18:42.022361
2013-12-27,17:30,26.4,26.3,24.6,96.4,0.12,W@2.2,3.5,31.9,0.0,0,"Hatton, Adams County",300132,Hatton,2017-12-10 21:18:42.022361
2013-12-27,17:45,26.2,26.2,24.4,96.4,0.12,SW@2.8,4.6,31.9,0.0,0,"Hatton, Adams County",300132,Hatton,2017-12-10 21:18:42.022361
2013-12-27,18:00,26.2,26.2,24.4,96.4,0.12,S@3.7,5.3,31.9,0.0,0,"Hatton, Adams County",300132,Hatton,2017-12-10 21:18:42.022361
2013-12-27,18:15,26.3,26.3,24.6,96.5,0.12,S@3.3,4.9,31.9,0.0,0,"Hatton, Adams County",300132,Hatton,2017-12-10 21:18:42.022361
2013-12-27,18:30,26.3,26.3,24.5,96.5,0.12,S@4.6,6.4,31.9,0.0,0,"Hatton, Adams County",300132,Hatton,2017-12-10 21:18:42.022361
2013-12-27,18:45,26.3,26.3,24.6,96.5,0.12,S@4.7,8.9,31.9,0.0,0,"Hatton, Adams County",300132,Hatton,2017-12-10 21:18:42.022361
2013-12-27,19:00,26.2,26.1,24.3,96.4,0.11,SW@4.4,6.4,31.9,0.0,0,"Hatton, Adams County",300132,Hatton,2017-12-10 21:18:42.022361
2013-12-27,19:15,25.9,25.9,24.0,96.3,0.11,SW@3.6,6.4,31.9,0.0,0,"Hatton, Adams County",300132,Hatton,2017-12-10 21:18:42.022361
2013-12-27,19:30,25.9,25.8,24.0,96.3,0.11,SW@3.9,7.1,31.8,0.0,0,"Hatton, Adams County",300132,Hatton,2017-12-10 21:18:42.022361
2013-12-27,19:45,25.9,25.9,24.0,96.3,0.11,S@6.1,7.8,31.9,0.0,0,"Hatton, Adams County",300132,Hatton,2017-12-10 21:18:42.022361
2013-12-27,20:00,25.9,25.9,24.0,96.3,0.11,SW@4.8,7.4,31.8,0.0,0,"Hatton, Adams County",300132,Hatton,2017-12-10 21:18:42.022361
2013-12-27,20:15,26.0,26.0,24.1,96.3,0.11,S@3.8,5.3,31.9,0.0,0,"Hatton, Adams County",300132,Hatton,2017-12-10 21:18:42.022361
2013-12-27,20:30,25.8,25.8,23.9,96.2,0.11,S@4.3,6.4,31.8,0.0,0,"Hatton, Adams County",300132,Hatton,2017-12-10 21:18:42.022361
2013-12-27,20:45,25.8,25.8,23.9,96.2,0.11,SW@3.8,5.3,31.8,0.0,0,"Hatton, Adams County",300132,Hatton,2017-12-10 21:18:42.022361
2013-12-27,21:00,25.8,25.8,23.9,96.2,0.11,W@2.3,4.6,31.8,0.0,0,"Hatton, Adams County",300132,Hatton,2017-12-10 21:18:42.022361
2013-12-27,21:15,25.8,25.7,23.9,96.2,0.11,NW@0.4,2.1,31.8,0.0,0,"Hatton, Adams County",300132,Hatton,2017-12-10 21:18:42.022361
2013-12-27,21:30,25.9,25.8,24.0,96.1,0.11,SW@0.7,3.1,31.8,0.0,0,"Hatton, Adams County",300132,Hatton,2017-12-10 21:18:42.022361
2013-12-27,21:45,26.0,25.9,24.2,96.3,0.11,N@2.4,3.9,31.8,0.0,0,"Hatton, Adams County",300132,Hatton,2017-12-10 21:18:42.022361
2013-12-27,22:00,26.0,25.9,24.1,96.3,0.12,N@3.2,6.0,31.8,0.0,0,"Hatton, Adams County",300132,Hatton,2017-12-10 21:18:42.022361
2013-12-27,22:15,26.0,25.9,24.1,96.3,0.12,NE@2.9,4.6,31.8,0.0,0,"Hatton, Adams County",300132,Hatton,2017-12-10 21:18:42.022361
2013-12-27,22:30,26.1,26.0,24.2,96.4,0.12,NE@3.9,6.0,31.8,0.0,0,"Hatton, Adams County",300132,Hatton,2017-12-10 21:18:42.022361
2013-12-27,22:45,26.1,26.1,24.3,96.4,0.13,NE@4.0,6.4,31.8,0.0,0,"Hatton, Adams County",300132,Hatton,2017-12-10 21:18:42.022361
2013-12-27,23:00,26.2,26.2,24.4,96.5,0.13,E@4.7,6.7,31.8,0.0,0,"Hatton, Adams County",300132,Hatton,2017-12-10 21:18:42.022361
2013-12-27,23:15,26.2,26.2,24.4,96.5,0.12,E@4.7,6.7,31.8,0.0,0,"Hatton, Adams County",300132,Hatton,2017-12-10 21:18:42.022361
2013-12-27,23:30,26.2,26.2,24.4,96.5,0.12,E@4.5,6.4,31.8,0.0,0,"Hatton, Adams County",300132,Hatton,2017-12-10 21:18:42.022361
2013-12-27,23:45,26.2,26.2,24.4,96.5,0.12,E@3.3,4.9,31.8,0.0,0,"Hatton, Adams County",300132,Hatton,2017-12-10 21:18:42.022361
2013-12-27,24:00,26.4,26.3,24.6,96.5,0.13,SE@3.2,4.6,31.8,0.0,0,"Hatton, Adams County",300132,Hatton,2017-12-10 21:18:42.022361
2013-12-28,00:15,26.3,26.3,24.6,96.5,0.13,E@2.9,4.2,31.8,0.0,0,"Hatton, Adams County",300132,Hatton,2017-12-10 21:18:42.022361
2013-12-28,00:30,26.3,26.2,24.5,96.5,0.12,E@2.4,3.9,31.8,0.0,0,"Hatton, Adams County",300132,Hatton,2017-12-10 21:18:42.022361
2013-12-28,00:45,26.2,26.2,24.4,96.5,0.12,E@2.9,4.6,31.8,0.0,0,"Hatton, Adams County",300132,Hatton,2017-12-10 21:18:42.022361
2013-12-28,01:00,26.2,26.2,24.4,96.4,0.12,E@2.5,4.2,31.8,0.0,0,"Hatton, Adams County",300132,Hatton,2017-12-10 21:18:42.022361
2013-12-28,01:15,26.2,26.1,24.4,96.4,0.12,E@1.5,2.8,31.8,0.0,0,"Hatton, Adams County",300132,Hatton,2017-12-10 21:18:42.022361
2013-12-28,01:30,26.3,26.3,24.5,96.5,0.12,NE@2.1,3.1,31.8,0.0,0,"Hatton, Adams County",300132,Hatton,2017-12-10 21:18:42.022361
2013-12-28,01:45,26.3,26.2,24.5,96.5,0.12,E@3.0,4.6,31.8,0.0,0,"Hatton, Adams County",300132,Hatton,2017-12-10 21:18:42.022361
2013-12-28,02:00,26.4,26.3,24.6,96.5,0.12,E@1.4,3.1,31.8,0.0,0,"Hatton, Adams County",300132,Hatton,2017-12-10 21:18:42.022361
2013-12-28,02:15,26.3,26.2,24.5,96.5,0.12,E@2.6,4.9,31.8,0.0,0,"Hatton, Adams County",300132,Hatton,2017-12-10 21:18:42.022361
2013-12-28,02:30,26.4,26.3,24.6,96.5,0.12,NE@2.4,3.9,31.8,0.0,0,"Hatton, Adams County",300132,Hatton,2017-12-10 21:18:42.022361
2013-12-28,02:45,26.4,26.3,24.7,96.5,0.12,NE@3.1,4.6,31.8,0.0,0,"Hatton, Adams County",300132,Hatton,2017-12-10 21:18:42.022361
2013-12-28,03:00,26.2,26.2,24.4,96.5,0.12,NE@1.7,3.1,31.8,0.0,0,"Hatton, Adams County",300132,Hatton,2017-12-10 21:18:42.022361
2013-12-28,03:15,26.4,26.3,24.7,96.5,0.12,N@0.0,0.0,31.8,0.0,0,"Hatton, Adams County",300132,Hatton,2017-12-10 21:18:42.022361
2013-12-28,03:30,26.6,26.5,24.9,96.5,0.13,S@0.0,1.4,31.8,0.0,0,"Hatton, Adams County",300132,Hatton,2017-12-10 21:18:42.022361
2013-12-28,03:45,26.7,26.7,25.0,96.6,0.13,S@1.3,3.5,31.8,0.0,0,"Hatton, Adams County",300132,Hatton,2017-12-10 21:18:42.022361
2013-12-28,04:00,26.4,26.3,24.6,96.5,0.12,SW@1.4,3.1,31.8,0.0,0,"Hatton, Adams County",300132,Hatton,2017-12-10 21:18:42.022361
2013-12-28,04:15,26.0,25.8,24.1,96.2,0.11,S@0.6,3.5,31.7,0.0,0,"Hatton, Adams County",300132,Hatton,2017-12-10 21:18:42.022361
2013-12-28,04:30,25.7,25.6,23.8,96.1,0.1,E@0.5,3.1,31.7,0.0,0,"Hatton, Adams County",300132,Hatton,2017-12-10 21:18:42.022361
2013-12-28,04:45,25.3,25.2,23.3,95.9,0.09,NW@1.0,2.4,31.7,0.0,0,"Hatton, Adams County",300132,Hatton,2017-12-10 21:18:42.022361
2013-12-28,05:00,24.8,24.7,22.7,95.6,0.09,NW@2.2,3.5,31.7,0.0,0,"Hatton, Adams County",300132,Hatton,2017-12-10 21:18:42.022361
2013-12-28,05:15,24.8,24.8,22.7,95.6,0.09,N@2.6,4.2,31.7,0.0,0,"Hatton, Adams County",300132,Hatton,2017-12-10 21:18:42.022361
2013-12-28,05:30,24.7,24.6,22.5,95.5,0.09,N@1.4,3.1,31.7,0.0,0,"Hatton, Adams County",300132,Hatton,2017-12-10 21:18:42.022361
2013-12-28,05:45,24.6,24.5,22.3,95.4,0.09,N@1.9,3.1,31.7,0.0,0,"Hatton, Adams County",300132,Hatton,2017-12-10 21:18:42.022361
2013-12-28,06:00,24.4,24.3,22.1,95.3,0.09,N@1.7,2.8,31.7,0.0,0,"Hatton, Adams County",300132,Hatton,2017-12-10 21:18:42.022361
2013-12-28,06:15,24.2,24.1,21.9,95.1,0.09,N@2.2,3.5,31.7,0.0,0,"Hatton, Adams County",300132,Hatton,2017-12-10 21:18:42.022361
2013-12-28,06:30,23.6,23.4,21.1,94.7,0.08,NE@1.8,3.5,31.7,0.0,0,"Hatton, Adams County",300132,Hatton,2017-12-10 21:18:42.022361
2013-12-28,06:45,22.8,22.5,20.0,94.2,0.07,N@2.1,3.9,31.7,0.0,0,"Hatton, Adams County",300132,Hatton,2017-12-10 21:18:42.022361
2013-12-28,07:00,21.1,20.9,18.0,93.3,0.06,N@2.3,3.9,31.7,0.0,0,"Hatton, Adams County",300132,Hatton,2017-12-10 21:18:42.022361
2013-12-28,07:15,20.8,20.6,17.6,93.1,0.06,N@0.1,1.4,31.7,0.0,0,"Hatton, Adams County",300132,Hatton,2017-12-10 21:18:42.022361
2013-12-28,07:30,21.3,21.3,18.2,93.3,0.06,NE@1.0,3.1,31.7,0.0,2,"Hatton, Adams County",300132,Hatton,2017-12-10 21:18:42.022361
2013-12-28,07:45,21.9,21.8,18.9,93.4,0.07,NE@0.9,2.8,31.7,0.0,3,"Hatton, Adams County",300132,Hatton,2017-12-10 21:18:42.022361
2013-12-28,08:00,21.6,21.5,18.5,93.2,0.07,E@0.7,3.5,31.7,0.0,9,"Hatton, Adams County",300132,Hatton,2017-12-10 21:18:42.022361
2013-12-28,08:15,21.5,21.4,18.4,93.1,0.07,NW@2.3,3.9,31.7,0.0,18,"Hatton, Adams County",300132,Hatton,2017-12-10 21:18:42.022361
2013-12-28,08:30,21.2,21.0,17.9,93.0,0.06,NW@1.8,3.9,31.7,0.0,23,"Hatton, Adams County",300132,Hatton,2017-12-10 21:18:42.022361
2013-12-28,08:45,20.9,20.8,17.6,92.7,0.06,N@2.5,3.5,31.7,0.0,37,"Hatton, Adams County",300132,Hatton,2017-12-10 21:18:42.022361
2013-12-28,09:00,20.8,20.8,17.5,92.7,0.06,N@2.7,3.9,31.7,0.0,57,"Hatton, Adams County",300132,Hatton,2017-12-10 21:18:42.022361
2013-12-28,09:15,21.0,20.8,17.7,92.7,0.07,N@2.5,3.5,31.7,0.0,68,"Hatton, Adams County",300132,Hatton,2017-12-10 21:18:42.022361
2013-12-28,09:30,21.2,21.1,17.9,92.8,0.07,N@2.5,4.2,31.7,0.0,94,"Hatton, Adams County",300132,Hatton,2017-12-10 21:18:42.022361
2013-12-28,09:45,21.7,21.6,18.6,93.1,0.08,NW@1.2,2.8,31.7,0.0,113,"Hatton, Adams County",300132,Hatton,2017-12-10 21:18:42.022361
2013-12-28,10:00,22.1,22.0,19.0,93.3,0.09,N@1.9,3.5,31.7,0.0,89,"Hatton, Adams County",300132,Hatton,2017-12-10 21:18:42.022361
2013-12-28,10:15,22.8,22.7,19.9,93.7,0.1,N@2.0,3.9,31.7,0.0,104,"Hatton, Adams County",300132,Hatton,2017-12-10 21:18:42.022361
2013-12-28,10:30,23.3,23.2,20.5,94.0,0.11,N@2.4,3.1,31.6,0.0,115,"Hatton, Adams County",300132,Hatton,2017-12-10 21:18:42.022361
2013-12-28,10:45,23.9,23.8,21.3,94.3,0.12,NE@1.1,3.1,31.6,0.0,127,"Hatton, Adams County",300132,Hatton,2017-12-10 21:18:42.022361
2013-12-28,11:00,24.6,24.5,22.2,94.8,0.14,N@1.8,3.1,31.6,0.0,130,"Hatton, Adams County",300132,Hatton,2017-12-10 21:18:42.022361
2013-12-28,11:15,25.0,24.9,22.6,95.0,0.16,N@1.7,3.9,31.6,0.0,142,"Hatton, Adams County",300132,Hatton,2017-12-10 21:18:42.022361
2013-12-28,11:30,25.3,25.3,23.1,95.3,0.17,NW@1.5,3.5,31.6,0.0,130,"Hatton, Adams County",300132,Hatton,2017-12-10 21:18:42.022361
2013-12-28,11:45,25.8,25.7,23.7,95.5,0.17,NW@2.0,3.5,31.6,0.0,123,"Hatton, Adams County",300132,Hatton,2017-12-10 21:18:42.022361
2013-12-28,12:00,25.7,25.6,23.6,95.6,0.17,NW@3.0,4.6,31.6,0.0,122,"Hatton, Adams County",300132,Hatton,2017-12-10 21:18:42.022361
2013-12-28,12:15,25.7,25.6,23.6,95.6,0.17,N@2.5,4.6,31.6,0.0,121,"Hatton, Adams County",300132,Hatton,2017-12-10 21:18:42.022361
2013-12-28,12:30,26.0,25.9,24.0,95.8,0.19,N@1.8,3.9,31.6,0.0,118,"Hatton, Adams County",300132,Hatton,2017-12-10 21:18:42.022361
2013-12-28,12:45,26.3,26.2,24.4,96.0,0.2,NW@2.0,3.1,31.6,0.0,116,"Hatton, Adams County",300132,Hatton,2017-12-10 21:18:42.022361
2013-12-28,13:00,26.7,26.6,24.9,96.3,0.21,N@3.0,4.2,31.6,0.0,116,"Hatton, Adams County",300132,Hatton,2017-12-10 21:18:42.022361
2013-12-28,13:15,27.1,27.0,25.4,96.5,0.23,N@2.1,4.2,31.6,0.0,91,"Hatton, Adams County",300132,Hatton,2017-12-10 21:18:42.022361
2013-12-28,13:30,27.3,27.1,25.6,96.6,0.25,N@2.3,3.5,31.6,0.0,88,"Hatton, Adams County",300132,Hatton,2017-12-10 21:18:42.022361
2013-12-28,13:45,27.4,27.3,25.9,96.8,0.26,N@2.0,3.5,31.6,0.0,83,"Hatton, Adams County",300132,Hatton,2017-12-10 21:18:42.022361
2013-12-28,14:00,27.4,27.3,25.8,96.8,0.27,NE@1.3,2.8,31.6,0.0,85,"Hatton, Adams County",300132,Hatton,2017-12-10 21:18:42.022361
2013-12-28,14:15,27.2,27.1,25.6,96.7,0.24,NE@1.5,3.1,31.6,0.0,69,"Hatton, Adams County",300132,Hatton,2017-12-10 21:18:42.022361
2013-12-28,14:30,27.1,27.0,25.5,96.7,0.23,NE@0.8,2.8,31.6,0.0,60,"Hatton, Adams County",300132,Hatton,2017-12-10 21:18:42.022361
2013-12-28,14:45,27.2,27.0,25.6,96.8,0.23,NE@0.7,2.4,31.6,0.0,41,"Hatton, Adams County",300132,Hatton,2017-12-10 21:18:42.022361
2013-12-28,15:00,26.8,26.6,25.1,96.7,0.2,NE@0.8,2.4,31.6,0.0,43,"Hatton, Adams County",300132,Hatton,2017-12-10 21:18:42.022361
2013-12-28,15:15,26.6,26.5,24.9,96.6,0.19,SE@1.4,3.1,31.6,0.0,35,"Hatton, Adams County",300132,Hatton,2017-12-10 21:18:42.022361
2013-12-28,15:30,26.4,26.3,24.7,96.5,0.18,E@0.7,2.8,31.6,0.0,25,"Hatton, Adams County",300132,Hatton,2017-12-10 21:18:42.022361
2013-12-28,15:45,26.5,26.5,24.8,96.6,0.18,SE@1.6,3.9,31.6,0.0,20,"Hatton, Adams County",300132,Hatton,2017-12-10 21:18:42.022361
2013-12-28,16:00,26.6,26.6,24.9,96.6,0.18,E@2.1,3.5,31.6,0.0,13,"Hatton, Adams County",300132,Hatton,2017-12-10 21:18:42.022361
2013-12-28,16:15,26.6,26.6,25.0,96.7,0.17,SE@2.1,3.5,31.6,0.0,4,"Hatton, Adams County",300132,Hatton,2017-12-10 21:18:42.022361
2013-12-28,16:30,26.6,26.6,25.0,96.7,0.17,SE@2.3,3.9,31.6,0.0,2,"Hatton, Adams County",300132,Hatton,2017-12-10 21:18:42.022361
2013-12-28,16:45,26.6,26.5,24.9,96.6,0.17,SE@2.6,3.5,31.6,0.0,1,"Hatton, Adams County",300132,Hatton,2017-12-10 21:18:42.022361
2013-12-28,17:00,26.8,26.8,25.2,96.8,0.17,SE@2.2,3.5,31.6,0.0,0,"Hatton, Adams County",300132,Hatton,2017-12-10 21:18:42.022361
2013-12-28,17:15,26.8,26.8,25.2,96.8,0.17,SE@2.8,3.9,31.6,0.0,0,"Hatton, Adams County",300132,Hatton,2017-12-10 21:18:42.022361
2013-12-28,17:30,27.0,27.0,25.4,96.8,0.18,SE@2.2,3.5,31.6,0.0,0,"Hatton, Adams County",300132,Hatton,2017-12-10 21:18:42.022361
2013-12-28,17:45,26.9,26.9,25.3,96.8,0.17,SE@2.6,3.9,31.6,0.0,0,"Hatton, Adams County",300132,Hatton,2017-12-10 21:18:42.022361
2013-12-28,18:00,26.9,26.9,25.3,96.8,0.17,E@2.1,3.5,31.6,0.0,0,"Hatton, Adams County",300132,Hatton,2017-12-10 21:18:42.022361
2013-12-28,18:15,26.6,26.6,25.0,96.7,0.16,E@1.8,3.5,31.6,0.0,0,"Hatton, Adams County",300132,Hatton,2017-12-10 21:18:42.022361
2013-12-28,18:30,26.6,26.5,24.9,96.7,0.16,SE@2.1,3.1,31.6,0.0,0,"Hatton, Adams County",300132,Hatton,2017-12-10 21:18:42.022361
2013-12-28,18:45,26.5,26.4,24.7,96.6,0.15,SE@2.0,3.1,31.6,0.0,0,"Hatton, Adams County",300132,Hatton,2017-12-10 21:18:42.022361
2013-12-28,19:00,26.2,26.2,24.5,96.5,0.15,SE@1.8,3.5,31.6,0.0,0,"Hatton, Adams County",300132,Hatton,2017-12-10 21:18:42.022361
2013-12-28,19:15,26.2,26.2,24.5,96.5,0.15,SE@1.8,3.1,31.6,0.0,0,"Hatton, Adams County",300132,Hatton,2017-12-10 21:18:42.022361
2013-12-28,19:30,26.2,26.1,24.4,96.5,0.14,E@2.4,3.5,31.6,0.0,0,"Hatton, Adams County",300132,Hatton,2017-12-10 21:18:42.022361
2013-12-28,19:45,25.9,25.8,24.0,96.3,0.13,SE@2.6,4.2,31.6,0.0,0,"Hatton, Adams County",300132,Hatton,2017-12-10 21:18:42.022361
2013-12-28,20:00,25.7,25.6,23.8,96.2,0.13,SE@2.9,4.6,31.6,0.0,0,"Hatton, Adams County",300132,Hatton,2017-12-10 21:18:42.022361
2013-12-28,20:15,25.3,25.3,23.3,96.0,0.12,SE@2.2,3.5,31.6,0.0,0,"Hatton, Adams County",300132,Hatton,2017-12-10 21:18:42.022361
2013-12-28,20:30,25.7,25.6,23.8,96.1,0.13,SE@0.5,2.8,31.6,0.0,0,"Hatton, Adams County",300132,Hatton,2017-12-10 21:18:42.022361
2013-12-28,20:45,25.9,25.7,24.0,96.1,0.13,N@0.1,1.7,31.6,0.0,0,"Hatton, Adams County",300132,Hatton,2017-12-10 21:18:42.022361
2013-12-28,21:00,25.8,25.7,23.9,96.0,0.13,E@1.4,2.4,31.6,0.0,0,"Hatton, Adams County",300132,Hatton,2017-12-10 21:18:42.022361
2013-12-28,21:15,25.6,25.4,23.6,96.0,0.12,E@0.4,2.4,31.6,0.0,0,"Hatton, Adams County",300132,Hatton,2017-12-10 21:18:42.022361
2013-12-28,21:30,25.7,25.7,23.8,96.0,0.13,E@1.8,3.9,31.6,0.0,0,"Hatton, Adams County",300132,Hatton,2017-12-10 21:18:42.022361
2013-12-28,21:45,25.4,25.3,23.3,95.9,0.12,NE@2.0,3.5,31.7,0.0,0,"Hatton, Adams County",300132,Hatton,2017-12-10 21:18:42.022361
2013-12-28,22:00,25.1,25.0,23.0,95.7,0.11,NE@1.6,2.8,31.7,0.0,0,"Hatton, Adams County",300132,Hatton,2017-12-10 21:18:42.022361
2013-12-28,22:15,24.9,24.9,22.8,95.7,0.11,E@1.4,2.8,31.7,0.0,0,"Hatton, Adams County",300132,Hatton,2017-12-10 21:18:42.022361
2013-12-28,22:30,25.2,25.1,23.2,95.8,0.11,NE@0.4,2.4,31.7,0.0,0,"Hatton, Adams County",300132,Hatton,2017-12-10 21:18:42.022361
2013-12-28,22:45,25.3,25.1,23.3,95.7,0.11,SE@0.0,1.4,31.7,0.0,0,"Hatton, Adams County",300132,Hatton,2017-12-10 21:18:42.022361
2013-12-28,23:00,25.1,25.0,23.0,95.6,0.11,E@1.6,3.1,31.7,0.0,0,"Hatton, Adams County",300132,Hatton,2017-12-10 21:18:42.022361
2013-12-28,23:15,24.8,24.7,22.6,95.5,0.1,E@1.1,3.1,31.7,0.0,0,"Hatton, Adams County",300132,Hatton,2017-12-10 21:18:42.022361
2013-12-28,23:30,24.8,24.7,22.6,95.5,0.1,E@0.2,2.1,31.7,0.0,0,"Hatton, Adams County",300132,Hatton,2017-12-10 21:18:42.022361
2013-12-28,23:45,24.7,24.6,22.5,95.3,0.1,E@1.9,2.8,31.7,0.0,0,"Hatton, Adams County",300132,Hatton,2017-12-10 21:18:42.022361
2013-12-28,24:00,24.6,24.5,22.3,95.3,0.1,E@2.3,3.5,31.7,0.0,0,"Hatton, Adams County",300132,Hatton,2017-12-10 21:18:42.022361
2013-12-29,00:15,24.6,24.5,22.3,95.3,0.1,E@2.3,3.9,31.7,0.0,0,"Hatton, Adams County",300132,Hatton,2017-12-10 21:18:42.022361
2013-12-29,00:30,24.8,24.8,22.6,95.4,0.1,E@1.5,3.1,31.7,0.0,0,"Hatton, Adams County",300132,Hatton,2017-12-10 21:18:42.022361
2013-12-29,00:45,24.9,24.8,22.7,95.4,0.1,SE@1.1,3.1,31.7,0.0,0,"Hatton, Adams County",300132,Hatton,2017-12-10 21:18:42.022361
2013-12-29,01:00,25.1,25.0,23.0,95.6,0.11,SE@2.0,3.1,31.7,0.0,0,"Hatton, Adams County",300132,Hatton,2017-12-10 21:18:42.022361
2013-12-29,01:15,24.9,24.8,22.7,95.4,0.1,SE@1.6,3.5,31.7,0.0,0,"Hatton, Adams County",300132,Hatton,2017-12-10 21:18:42.022361
2013-12-29,01:30,24.5,24.4,22.2,95.2,0.09,E@2.2,3.9,31.7,0.0,0,"Hatton, Adams County",300132,Hatton,2017-12-10 21:18:42.022361
2013-12-29,01:45,24.3,24.2,21.9,95.2,0.09,E@1.0,2.8,31.7,0.0,0,"Hatton, Adams County",300132,Hatton,2017-12-10 21:18:42.022361
2013-12-29,02:00,24.1,24.0,21.7,95.0,0.09,E@1.9,2.8,31.7,0.0,0,"Hatton, Adams County",300132,Hatton,2017-12-10 21:18:42.022361
2013-12-29,02:15,24.0,23.9,21.5,94.9,0.09,SE@2.1,3.5,31.7,0.0,0,"Hatton, Adams County",300132,Hatton,2017-12-10 21:18:42.022361
2013-12-29,02:30,23.7,23.6,21.2,94.8,0.08,SE@2.4,3.1,31.7,0.0,0,"Hatton, Adams County",300132,Hatton,2017-12-10 21:18:42.022361
2013-12-29,02:45,23.5,23.4,20.9,94.7,0.08,SE@2.7,3.9,31.7,0.0,0,"Hatton, Adams County",300132,Hatton,2017-12-10 21:18:42.022361
2013-12-29,03:00,23.6,23.5,21.1,94.7,0.08,SE@2.3,3.1,31.7,0.0,0,"Hatton, Adams County",300132,Hatton,2017-12-10 21:18:42.022361
2013-12-29,03:15,23.9,23.8,21.4,94.8,0.08,SE@1.4,3.1,31.7,0.0,0,"Hatton, Adams County",300132,Hatton,2017-12-10 21:18:42.022361
2013-12-29,03:30,24.3,24.3,21.9,95.0,0.09,SE@2.0,2.8,31.7,0.0,0,"Hatton, Adams County",300132,Hatton,2017-12-10 21:18:42.022361
2013-12-29,03:45,24.5,24.4,22.2,95.1,0.09,SE@1.8,2.8,31.7,0.0,0,"Hatton, Adams County",300132,Hatton,2017-12-10 21:18:42.022361
2013-12-29,04:00,24.6,24.6,22.3,95.2,0.09,SE@1.9,3.5,31.7,0.0,0,"Hatton, Adams County",300132,Hatton,2017-12-10 21:18:42.022361
2013-12-29,04:15,24.9,24.8,22.6,95.3,0.1,S@2.4,3.1,31.7,0.0,0,"Hatton, Adams County",300132,Hatton,2017-12-10 21:18:42.022361
2013-12-29,04:30,24.8,24.7,22.5,95.3,0.1,S@1.7,3.1,31.7,0.0,0,"Hatton, Adams County",300132,Hatton,2017-12-10 21:18:42.022361
2013-12-29,04:45,24.5,24.4,22.2,95.2,0.09,S@1.7,2.8,31.7,0.0,0,"Hatton, Adams County",300132,Hatton,2017-12-10 21:18:42.022361
2013-12-29,05:00,24.4,24.3,22.0,95.2,0.09,S@2.1,3.1,31.7,0.0,0,"Hatton, Adams County",300132,Hatton,2017-12-10 21:18:42.022361
2013-12-29,05:15,24.2,24.1,21.9,95.1,0.09,S@2.0,2.8,31.7,0.0,0,"Hatton, Adams County",300132,Hatton,2017-12-10 21:18:42.022361
2013-12-29,05:30,24.0,24.0,21.6,95.0,0.08,S@1.6,2.8,31.7,0.0,0,"Hatton, Adams County",300132,Hatton,2017-12-10 21:18:42.022361
2013-12-29,05:45,24.0,23.9,21.6,94.9,0.08,S@1.0,2.4,31.7,0.0,0,"Hatton, Adams County",300132,Hatton,2017-12-10 21:18:42.022361
2013-12-29,06:00,23.8,23.6,21.3,94.8,0.08,SE@1.8,3.1,31.7,0.0,0,"Hatton, Adams County",300132,Hatton,2017-12-10 21:18:42.022361
2013-12-29,06:15,23.5,23.3,20.9,94.6,0.08,SE@2.4,3.1,31.7,0.0,0,"Hatton, Adams County",300132,Hatton,2017-12-10 21:18:42.022361
2013-12-29,06:30,23.3,23.2,20.6,94.5,0.07,SE@2.3,3.1,31.7,0.0,0,"Hatton, Adams County",300132,Hatton,2017-12-10 21:18:42.022361
2013-12-29,06:45,23.4,23.3,20.8,94.5,0.08,SE@1.7,2.4,31.7,0.0,0,"Hatton, Adams County",300132,Hatton,2017-12-10 21:18:42.022361
2013-12-29,07:00,23.4,23.3,20.8,94.5,0.08,S@1.8,2.8,31.7,0.0,0,"Hatton, Adams County",300132,Hatton,2017-12-10 21:18:42.022361
2013-12-29,07:15,23.2,23.1,20.6,94.4,0.07,S@1.7,2.4,31.7,0.0,0,"Hatton, Adams County",300132,Hatton,2017-12-10 21:18:42.022361
2013-12-29,07:30,23.1,23.0,20.5,94.4,0.07,S@1.5,2.4,31.7,0.0,1,"Hatton, Adams County",300132,Hatton,2017-12-10 21:18:42.022361
2013-12-29,07:45,23.1,23.0,20.5,94.3,0.07,S@1.4,2.4,31.7,0.0,2,"Hatton, Adams County",300132,Hatton,2017-12-10 21:18:42.022361
2013-12-29,08:00,23.2,23.1,20.5,94.3,0.07,S@1.7,2.4,31.7,0.0,4,"Hatton, Adams County",300132,Hatton,2017-12-10 21:18:42.022361
2013-12-29,08:15,23.1,23.0,20.4,94.3,0.07,S@1.8,2.8,31.7,0.0,9,"Hatton, Adams County",300132,Hatton,2017-12-10 21:18:42.022361
2013-12-29,08:30,23.1,23.0,20.4,94.3,0.07,S@1.5,2.4,31.7,0.0,16,"Hatton, Adams County",300132,Hatton,2017-12-10 21:18:42.022361
2013-12-29,08:45,23.2,23.1,20.5,94.3,0.07,S@2.2,3.5,31.7,0.0,23,"Hatton, Adams County",300132,Hatton,2017-12-10 21:18:42.022361
2013-12-29,09:00,23.2,23.2,20.6,94.4,0.08,S@2.0,3.1,31.7,0.0,32,"Hatton, Adams County",300132,Hatton,2017-12-10 21:18:42.022361
2013-12-29,09:15,23.3,23.2,20.7,94.4,0.08,S@1.8,2.8,31.7,0.0,42,"Hatton, Adams County",300132,Hatton,2017-12-10 21:18:42.022361
2013-12-29,09:30,23.5,23.4,20.9,94.4,0.08,SE@2.3,3.1,31.7,0.0,51,"Hatton, Adams County",300132,Hatton,2017-12-10 21:18:42.022361
2013-12-29,09:45,23.6,23.6,21.1,94.5,0.08,S@2.3,3.5,31.6,0.0,53,"Hatton, Adams County",300132,Hatton,2017-12-10 21:18:42.022361
2013-12-29,10:00,23.8,23.8,21.3,94.6,0.09,S@1.7,3.1,31.6,0.0,53,"Hatton, Adams County",300132,Hatton,2017-12-10 21:18:42.022361
2013-12-29,10:15,24.1,24.0,21.6,94.8,0.09,S@1.7,2.8,31.6,0.0,50,"Hatton, Adams County",300132,Hatton,2017-12-10 21:18:42.022361
2013-12-29,10:30,24.3,24.2,21.8,94.9,0.09,SE@1.8,2.8,31.6,0.0,54,"Hatton, Adams County",300132,Hatton,2017-12-10 21:18:42.022361
2013-12-29,10:45,24.6,24.5,22.3,95.1,0.1,S@2.1,3.1,31.6,0.0,70,"Hatton, Adams County",300132,Hatton,2017-12-10 21:18:42.022361
2013-12-29,11:00,24.7,24.7,22.4,95.2,0.11,S@1.9,2.8,31.6,0.0,84,"Hatton, Adams County",300132,Hatton,2017-12-10 21:18:42.022361
2013-12-29,11:15,25.1,25.0,22.9,95.4,0.11,S@1.9,3.1,31.6,0.0,85,"Hatton, Adams County",300132,Hatton,2017-12-10 21:18:42.022361
2013-12-29,11:30,25.3,25.2,23.1,95.5,0.12,S@1.9,2.8,31.6,0.0,98,"Hatton, Adams County",300132,Hatton,2017-12-10 21:18:42.022361
2013-12-29,11:45,25.6,25.5,23.5,95.7,0.13,S@1.6,2.4,31.6,0.0,113,"Hatton, Adams County",300132,Hatton,2017-12-10 21:18:42.022361
2013-12-29,12:00,25.7,25.6,23.7,95.8,0.13,SW@0.9,2.1,31.6,0.0,92,"Hatton, Adams County",300132,Hatton,2017-12-10 21:18:42.022361
2013-12-29,12:15,26.0,25.9,24.1,95.9,0.14,W@1.0,2.4,31.6,0.0,90,"Hatton, Adams County",300132,Hatton,2017-12-10 21:18:42.022361
2013-12-29,12:30,26.0,25.9,24.1,95.9,0.14,W@0.4,2.1,31.6,0.0,102,"Hatton, Adams County",300132,Hatton,2017-12-10 21:18:42.022361
2013-12-29,12:45,26.2,26.1,24.3,96.0,0.17,W@0.1,1.7,31.6,0.0,116,"Hatton, Adams County",300132,Hatton,2017-12-10 21:18:42.022361
2013-12-29,13:00,26.2,26.1,24.3,96.1,0.16,W@0.2,1.7,31.6,0.0,98,"Hatton, Adams County",300132,Hatton,2017-12-10 21:18:42.022361
2013-12-29,13:15,26.4,26.2,24.5,96.1,0.17,W@0.0,1.4,31.6,0.0,100,"Hatton, Adams County",300132,Hatton,2017-12-10 21:18:42.022361
2013-12-29,13:30,26.6,26.5,24.8,96.2,0.18,SE@0.0,1.4,31.6,0.0,85,"Hatton, Adams County",300132,Hatton,2017-12-10 21:18:42.022361
2013-12-29,13:45,26.6,26.4,24.8,96.3,0.17,S@0.3,1.7,31.6,0.0,85,"Hatton, Adams County",300132,Hatton,2017-12-10 21:18:42.022361
2013-12-29,14:00,26.6,26.4,24.8,96.3,0.17,N@0.0,0.0,31.6,0.0,77,"Hatton, Adams County",300132,Hatton,2017-12-10 21:18:42.022361
2013-12-29,14:15,26.7,26.5,24.9,96.4,0.16,N@0.0,0.0,31.6,0.0,68,"Hatton, Adams County",300132,Hatton,2017-12-10 21:18:42.022361
2013-12-29,14:30,26.6,26.5,24.9,96.4,0.16,N@0.0,0.0,31.6,0.0,63,"Hatton, Adams County",300132,Hatton,2017-12-10 21:18:42.022361
2013-12-29,14:45,26.7,26.5,24.9,96.3,0.15,W@0.1,1.7,31.6,0.0,49,"Hatton, Adams County",300132,Hatton,2017-12-10 21:18:42.022361
2013-12-29,15:00,26.5,26.3,24.7,96.3,0.14,W@0.1,1.4,31.6,0.0,40,"Hatton, Adams County",300132,Hatton,2017-12-10 21:18:42.022361
2013-12-29,15:15,26.4,26.2,24.6,96.3,0.14,W@0.0,1.4,31.6,0.0,33,"Hatton, Adams County",300132,Hatton,2017-12-10 21:18:42.022361
2013-12-29,15:30,26.4,26.2,24.6,96.3,0.14,S@0.0,1.4,31.6,0.0,20,"Hatton, Adams County",300132,Hatton,2017-12-10 21:18:42.022361
2013-12-29,15:45,26.5,26.3,24.7,96.3,0.13,SW@0.1,1.4,31.6,0.0,14,"Hatton, Adams County",300132,Hatton,2017-12-10 21:18:42.022361
2013-12-29,16:00,26.1,26.0,24.3,96.2,0.12,W@0.0,1.4,31.6,0.0,8,"Hatton, Adams County",300132,Hatton,2017-12-10 21:18:42.022361
2013-12-29,16:15,26.1,25.9,24.2,96.1,0.12,SW@0.3,2.1,31.6,0.0,3,"Hatton, Adams County",300132,Hatton,2017-12-10 21:18:42.022361
2013-12-29,16:30,26.1,25.9,24.2,96.1,0.11,SW@0.1,1.7,31.6,0.0,2,"Hatton, Adams County",300132,Hatton,2017-12-10 21:18:42.022361
2013-12-29,16:45,26.0,25.7,24.1,96.0,0.11,NW@0.0,1.4,31.6,0.0,0,"Hatton, Adams County",300132,Hatton,2017-12-10 21:18:42.022361
2013-12-29,17:00,25.8,25.7,23.9,96.0,0.11,NW@0.6,2.1,31.6,0.0,0,"Hatton, Adams County",300132,Hatton,2017-12-10 21:18:42.022361
2013-12-29,17:15,25.9,25.7,23.9,96.0,0.11,N@0.0,1.4,31.6,0.0,0,"Hatton, Adams County",300132,Hatton,2017-12-10 21:18:42.022361
2013-12-29,17:30,26.0,25.7,24.0,96.0,0.11,NE@0.0,1.4,31.6,0.0,0,"Hatton, Adams County",300132,Hatton,2017-12-10 21:18:42.022361
2013-12-29,17:45,25.8,25.7,23.9,96.0,0.11,N@1.8,2.8,31.6,0.0,0,"Hatton, Adams County",300132,Hatton,2017-12-10 21:18:42.022361
2013-12-29,18:00,25.7,25.6,23.7,95.9,0.11,N@1.1,2.4,31.6,0.0,0,"Hatton, Adams County",300132,Hatton,2017-12-10 21:18:42.022361
2013-12-29,18:15,25.7,25.6,23.8,96.0,0.11,N@0.2,1.7,31.6,0.0,0,"Hatton, Adams County",300132,Hatton,2017-12-10 21:18:42.022361
2013-12-29,18:30,25.8,25.7,23.9,96.0,0.11,N@0.9,2.1,31.6,0.0,0,"Hatton, Adams County",300132,Hatton,2017-12-10 21:18:42.022361
2013-12-29,18:45,25.8,25.6,23.8,96.0,0.11,NE@0.2,1.7,31.6,0.0,0,"Hatton, Adams County",300132,Hatton,2017-12-10 21:18:42.022361
2013-12-29,19:00,25.8,25.7,23.8,96.0,0.11,N@0.7,2.1,31.6,0.0,0,"Hatton, Adams County",300132,Hatton,2017-12-10 21:18:42.022361
2013-12-29,19:15,25.9,25.7,23.9,96.0,0.11,NE@0.2,1.7,31.6,0.0,0,"Hatton, Adams County",300132,Hatton,2017-12-10 21:18:42.022361
2013-12-29,19:30,26.0,25.9,24.1,96.1,0.12,NE@1.1,2.1,31.6,0.0,0,"Hatton, Adams County",300132,Hatton,2017-12-10 21:18:42.022361
2013-12-29,19:45,25.9,25.7,23.9,96.0,0.11,NE@1.6,2.4,31.6,0.0,0,"Hatton, Adams County",300132,Hatton,2017-12-10 21:18:42.022361
2013-12-29,20:00,25.6,25.5,23.6,95.9,0.11,NE@2.0,2.4,31.6,0.0,0,"Hatton, Adams County",300132,Hatton,2017-12-10 21:18:42.022361
2013-12-29,20:15,25.4,25.3,23.4,95.9,0.11,NE@1.3,2.4,31.6,0.0,0,"Hatton, Adams County",300132,Hatton,2017-12-10 21:18:42.022361
2013-12-29,20:30,25.3,25.1,23.3,95.8,0.1,N@0.0,1.4,31.6,0.0,0,"Hatton, Adams County",300132,Hatton,2017-12-10 21:18:42.022361
2013-12-29,20:45,25.3,25.1,23.2,95.8,0.1,N@0.7,1.7,31.6,0.0,0,"Hatton, Adams County",300132,Hatton,2017-12-10 21:18:42.022361
2013-12-29,21:00,25.5,25.3,23.4,95.8,0.11,NW@1.3,2.4,31.6,0.0,0,"Hatton, Adams County",300132,Hatton,2017-12-10 21:18:42.022361
2013-12-29,21:15,25.3,25.2,23.3,95.8,0.1,N@1.3,2.1,31.6,0.0,0,"Hatton, Adams County",300132,Hatton,2017-12-10 21:18:42.022361
2013-12-29,21:30,25.2,25.1,23.1,95.7,0.1,NW@1.9,2.8,31.6,0.0,0,"Hatton, Adams County",300132,Hatton,2017-12-10 21:18:42.022361
2013-12-29,21:45,24.9,24.8,22.8,95.6,0.1,N@2.1,2.8,31.7,0.0,0,"Hatton, Adams County",300132,Hatton,2017-12-10 21:18:42.022361
2013-12-29,22:00,24.7,24.7,22.5,95.5,0.09,N@2.2,2.8,31.7,0.0,0,"Hatton, Adams County",300132,Hatton,2017-12-10 21:18:42.022361
2013-12-29,22:15,24.9,24.8,22.7,95.5,0.1,NW@2.0,2.8,31.7,0.0,0,"Hatton, Adams County",300132,Hatton,2017-12-10 21:18:42.022361
2013-12-29,22:30,24.9,24.8,22.7,95.5,0.1,NW@1.8,2.8,31.7,0.0,0,"Hatton, Adams County",300132,Hatton,2017-12-10 21:18:42.022361
2013-12-29,22:45,24.8,24.7,22.6,95.5,0.09,NW@2.0,2.8,31.7,0.0,0,"Hatton, Adams County",300132,Hatton,2017-12-10 21:18:42.022361
2013-12-29,23:00,24.9,24.8,22.7,95.5,0.09,NW@1.9,2.8,31.7,0.0,0,"Hatton, Adams County",300132,Hatton,2017-12-10 21:18:42.022361
2013-12-29,23:15,25.1,25.0,22.9,95.6,0.1,N@1.6,2.8,31.7,0.0,0,"Hatton, Adams County",300132,Hatton,2017-12-10 21:18:42.022361
2013-12-29,23:30,24.7,24.5,22.4,95.4,0.09,N@2.3,2.8,31.7,0.0,0,"Hatton, Adams County",300132,Hatton,2017-12-10 21:18:42.022361
2013-12-29,23:45,24.1,24.0,21.8,95.1,0.08,N@2.1,2.8,31.7,0.0,0,"Hatton, Adams County",300132,Hatton,2017-12-10 21:18:42.022361
2013-12-29,24:00,24.1,24.0,21.7,95.1,0.08,N@1.7,2.4,31.7,0.0,0,"Hatton, Adams County",300132,Hatton,2017-12-10 21:18:42.022361
2013-12-30,00:15,24.1,23.9,21.7,95.0,0.08,N@1.5,2.4,31.7,0.0,0,"Hatton, Adams County",300132,Hatton,2017-12-10 21:18:42.022361
2013-12-30,00:30,24.1,24.0,21.7,95.0,0.08,N@1.8,2.4,31.7,0.0,0,"Hatton, Adams County",300132,Hatton,2017-12-10 21:18:42.022361
2013-12-30,00:45,24.3,24.2,21.9,95.1,0.08,NW@1.1,2.1,31.7,0.0,0,"Hatton, Adams County",300132,Hatton,2017-12-10 21:18:42.022361
2013-12-30,01:00,24.3,24.1,21.9,95.0,0.08,NW@0.2,1.4,31.7,0.0,0,"Hatton, Adams County",300132,Hatton,2017-12-10 21:18:42.022361
2013-12-30,01:15,24.3,24.2,22.0,95.0,0.08,N@0.4,1.7,31.7,0.0,0,"Hatton, Adams County",300132,Hatton,2017-12-10 21:18:42.022361
2013-12-30,01:30,24.5,24.4,22.1,95.1,0.09,N@0.4,1.7,31.7,0.0,0,"Hatton, Adams County",300132,Hatton,2017-12-10 21:18:42.022361
2013-12-30,01:45,24.9,24.9,22.7,95.3,0.09,N@1.5,2.1,31.7,0.0,0,"Hatton, Adams County",300132,Hatton,2017-12-10 21:18:42.022361
2013-12-30,02:00,25.7,25.6,23.6,95.7,0.11,NW@1.9,2.8,31.7,0.0,0,"Hatton, Adams County",300132,Hatton,2017-12-10 21:18:42.022361
2013-12-30,02:15,26.4,26.4,24.5,96.1,0.12,NW@2.1,2.8,31.7,0.0,0,"Hatton, Adams County",300132,Hatton,2017-12-10 21:18:42.022361
2013-12-30,02:30,26.5,26.4,24.7,96.2,0.12,NW@1.9,2.4,31.7,0.0,0,"Hatton, Adams County",300132,Hatton,2017-12-10 21:18:42.022361
2013-12-30,02:45,26.5,26.4,24.8,96.3,0.12,NW@1.5,2.4,31.7,0.0,0,"Hatton, Adams County",300132,Hatton,2017-12-10 21:18:42.022361
2013-12-30,03:00,26.6,26.5,24.8,96.4,0.12,NW@1.6,2.4,31.7,0.0,0,"Hatton, Adams County",300132,Hatton,2017-12-10 21:18:42.022361
2013-12-30,03:15,26.6,26.6,24.9,96.5,0.13,NW@1.1,2.1,31.7,0.0,0,"Hatton, Adams County",300132,Hatton,2017-12-10 21:18:42.022361
2013-12-30,03:30,26.9,26.9,25.3,96.6,0.14,NW@1.3,2.4,31.7,0.0,0,"Hatton, Adams County",300132,Hatton,2017-12-10 21:18:42.022361
2013-12-30,03:45,27.1,27.1,25.5,96.7,0.14,NW@2.0,2.8,31.7,0.0,0,"Hatton, Adams County",300132,Hatton,2017-12-10 21:18:42.022361
2013-12-30,04:00,27.2,27.1,25.6,96.8,0.15,NW@1.9,2.4,31.6,0.0,0,"Hatton, Adams County",300132,Hatton,2017-12-10 21:18:42.022361
2013-12-30,04:15,27.2,27.1,25.6,96.9,0.15,NW@1.8,2.4,31.6,0.0,0,"Hatton, Adams County",300132,Hatton,2017-12-10 21:18:42.022361
2013-12-30,04:30,27.3,27.2,25.8,96.9,0.15,NW@0.5,1.7,31.6,0.0,0,"Hatton, Adams County",300132,Hatton,2017-12-10 21:18:42.022361
2013-12-30,04:45,27.3,27.1,25.8,96.9,0.15,NW@0.0,1.4,31.6,0.0,0,"Hatton, Adams County",300132,Hatton,2017-12-10 21:18:42.022361
2013-12-30,05:00,27.3,27.2,25.8,96.9,0.15,N@0.0,0.0,31.6,0.0,0,"Hatton, Adams County",300132,Hatton,2017-12-10 21:18:42.022361
2013-12-30,05:15,27.4,27.2,25.9,97.0,0.15,NW@0.0,1.4,31.6,0.0,0,"Hatton, Adams County",300132,Hatton,2017-12-10 21:18:42.022361
2013-12-30,05:30,27.4,27.2,25.9,97.0,0.15,NW@0.0,1.4,31.6,0.0,0,"Hatton, Adams County",300132,Hatton,2017-12-10 21:18:42.022361
2013-12-30,05:45,27.4,27.2,25.9,97.0,0.15,NW@0.0,1.4,31.6,0.0,0,"Hatton, Adams County",300132,Hatton,2017-12-10 21:18:42.022361
2013-12-30,06:00,27.5,27.3,26.0,97.0,0.15,N@0.0,0.0,31.6,0.0,0,"Hatton, Adams County",300132,Hatton,2017-12-10 21:18:42.022361
2013-12-30,06:15,27.6,27.3,26.1,97.0,0.15,N@0.0,0.0,31.6,0.0,0,"Hatton, Adams County",300132,Hatton,2017-12-10 21:18:42.022361
2013-12-30,06:30,27.5,27.3,26.0,97.0,0.15,N@0.0,0.0,31.6,0.0,0,"Hatton, Adams County",300132,Hatton,2017-12-10 21:18:42.022361
2013-12-30,06:45,27.6,27.4,26.1,97.0,0.16,N@0.0,0.0,31.6,0.0,0,"Hatton, Adams County",300132,Hatton,2017-12-10 21:18:42.022361
2013-12-30,07:00,27.6,27.4,26.1,97.1,0.16,N@0.0,0.0,31.6,0.0,0,"Hatton, Adams County",300132,Hatton,2017-12-10 21:18:42.022361
2013-12-30,07:15,27.7,27.4,26.3,97.1,0.16,N@0.0,0.0,31.6,0.0,0,"Hatton, Adams County",300132,Hatton,2017-12-10 21:18:42.022361
2013-12-30,07:30,27.6,27.4,26.2,97.1,0.16,N@0.0,0.0,31.6,0.0,1,"Hatton, Adams County",300132,Hatton,2017-12-10 21:18:42.022361
2013-12-30,07:45,27.5,27.4,26.1,97.1,0.15,N@0.0,0.0,31.6,0.0,2,"Hatton, Adams County",300132,Hatton,2017-12-10 21:18:42.022361
2013-12-30,08:00,27.5,27.4,26.1,97.1,0.16,N@0.0,0.0,31.6,0.0,4,"Hatton, Adams County",300132,Hatton,2017-12-10 21:18:42.022361
2013-12-30,08:15,27.6,27.5,26.2,97.1,0.16,N@0.0,0.0,31.6,0.0,11,"Hatton, Adams County",300132,Hatton,2017-12-10 21:18:42.022361
2013-12-30,08:30,27.7,27.5,26.2,97.2,0.17,SW@0.0,1.4,31.6,0.0,19,"Hatton, Adams County",300132,Hatton,2017-12-10 21:18:42.022361
2013-12-30,08:45,27.9,27.7,26.5,97.2,0.19,NW@0.0,1.4,31.6,0.0,30,"Hatton, Adams County",300132,Hatton,2017-12-10 21:18:42.022361
2013-12-30,09:00,28.2,28.0,26.9,97.3,0.21,N@0.0,0.0,31.6,0.0,39,"Hatton, Adams County",300132,Hatton,2017-12-10 21:18:42.022361
2013-12-30,09:15,28.5,28.2,27.2,97.5,0.23,N@0.0,0.0,31.6,0.0,41,"Hatton, Adams County",300132,Hatton,2017-12-10 21:18:42.022361
2013-12-30,09:30,28.3,28.2,27.0,97.5,0.22,N@0.0,0.0,31.6,0.0,45,"Hatton, Adams County",300132,Hatton,2017-12-10 21:18:42.022361
2013-12-30,09:45,28.3,28.2,27.0,97.5,0.23,N@0.0,0.0,31.6,0.0,44,"Hatton, Adams County",300132,Hatton,2017-12-10 21:18:42.022361
2013-12-30,10:00,28.5,28.3,27.3,97.6,0.25,N@0.0,0.0,31.6,0.0,51,"Hatton, Adams County",300132,Hatton,2017-12-10 21:18:42.022361
2013-12-30,10:15,28.6,28.5,27.4,97.7,0.27,N@0.0,0.0,31.6,0.0,56,"Hatton, Adams County",300132,Hatton,2017-12-10 21:18:42.022361
2013-12-30,10:30,28.7,28.6,27.6,97.7,0.29,N@0.0,0.0,31.6,0.0,69,"Hatton, Adams County",300132,Hatton,2017-12-10 21:18:42.022361
2013-12-30,10:45,28.8,28.6,27.7,97.8,0.33,N@0.0,0.0,31.6,0.0,72,"Hatton, Adams County",300132,Hatton,2017-12-10 21:18:42.022361
2013-12-30,11:00,28.9,28.8,27.9,97.9,0.33,N@0.0,0.0,31.6,0.0,78,"Hatton, Adams County",300132,Hatton,2017-12-10 21:18:42.022361
2013-12-30,11:15,29.1,28.9,28.0,98.0,0.36,SW@0.0,1.4,31.6,0.0,92,"Hatton, Adams County",300132,Hatton,2017-12-10 21:18:42.022361
2013-12-30,11:30,29.1,29.0,28.1,98.0,0.41,N@0.0,0.0,31.6,0.0,94,"Hatton, Adams County",300132,Hatton,2017-12-10 21:18:42.022361
2013-12-30,11:45,29.9,29.8,29.1,98.3,0.72,N@0.0,0.0,31.6,0.0,109,"Hatton, Adams County",300132,Hatton,2017-12-10 21:18:42.022361
2013-12-30,12:00,30.3,30.0,29.5,98.5,0.72,N@0.0,0.0,31.6,0.0,102,"Hatton, Adams County",300132,Hatton,2017-12-10 21:18:42.022361
2013-12-30,12:15,29.6,29.4,28.8,98.4,0.59,N@0.0,0.0,31.6,0.0,94,"Hatton, Adams County",300132,Hatton,2017-12-10 21:18:42.022361
2013-12-30,12:30,29.6,29.5,28.8,98.4,0.51,S@0.2,1.7,31.6,0.0,72,"Hatton, Adams County",300132,Hatton,2017-12-10 21:18:42.022361
2013-12-30,12:45,29.6,29.5,28.8,98.5,0.46,SW@0.4,1.7,31.6,0.0,67,"Hatton, Adams County",300132,Hatton,2017-12-10 21:18:42.022361
2013-12-30,13:00,29.6,29.5,28.8,98.5,0.45,SW@0.1,1.7,31.6,0.0,65,"Hatton, Adams County",300132,Hatton,2017-12-10 21:18:42.022361
2013-12-30,13:15,29.6,29.5,28.8,98.5,0.42,S@0.4,1.7,31.6,0.0,53,"Hatton, Adams County",300132,Hatton,2017-12-10 21:18:42.022361
2013-12-30,13:30,29.7,29.6,28.9,98.6,0.44,S@0.2,1.7,31.6,0.0,63,"Hatton, Adams County",300132,Hatton,2017-12-10 21:18:42.022361
2013-12-30,13:45,29.8,29.7,29.0,98.6,0.45,SW@0.2,1.4,31.6,0.0,56,"Hatton, Adams County",300132,Hatton,2017-12-10 21:18:42.022361
2013-12-30,14:00,29.9,29.8,29.1,98.7,0.46,SW@0.1,1.7,31.6,0.0,50,"Hatton, Adams County",300132,Hatton,2017-12-10 21:18:42.022361
2013-12-30,14:15,30.0,29.9,29.2,98.7,0.46,S@0.7,2.4,31.6,0.0,48,"Hatton, Adams County",300132,Hatton,2017-12-10 21:18:42.022361
2013-12-30,14:30,29.9,29.8,29.2,98.7,0.43,SE@1.9,2.8,31.6,0.0,37,"Hatton, Adams County",300132,Hatton,2017-12-10 21:18:42.022361
2013-12-30,14:45,29.6,29.5,28.8,98.7,0.37,S@1.3,2.4,31.6,0.0,24,"Hatton, Adams County",300132,Hatton,2017-12-10 21:18:42.022361
2013-12-30,15:00,29.5,29.4,28.7,98.6,0.35,S@1.6,3.1,31.6,0.0,24,"Hatton, Adams County",300132,Hatton,2017-12-10 21:18:42.022361
2013-12-30,15:15,29.3,29.2,28.4,98.6,0.32,S@1.7,2.4,31.6,0.0,20,"Hatton, Adams County",300132,Hatton,2017-12-10 21:18:42.022361
2013-12-30,15:30,29.3,29.2,28.4,98.6,0.31,S@1.8,2.4,31.6,0.0,14,"Hatton, Adams County",300132,Hatton,2017-12-10 21:18:42.022361
2013-12-30,15:45,29.3,29.2,28.5,98.6,0.31,S@1.4,2.4,31.6,0.0,11,"Hatton, Adams County",300132,Hatton,2017-12-10 21:18:42.022361
2013-12-30,16:00,29.4,29.3,28.6,98.6,0.31,S@1.8,2.4,31.6,0.0,6,"Hatton, Adams County",300132,Hatton,2017-12-10 21:18:42.022361
2013-12-30,16:15,29.5,29.4,28.7,98.7,0.32,SW@1.8,2.4,31.6,0.0,2,"Hatton, Adams County",300132,Hatton,2017-12-10 21:18:42.022361
2013-12-30,16:30,29.5,29.4,28.6,98.7,0.32,SW@1.8,2.4,31.7,0.0,1,"Hatton, Adams County",300132,Hatton,2017-12-10 21:18:42.022361
2013-12-30,16:45,29.3,29.2,28.4,98.6,0.3,SW@2.0,2.4,31.7,0.0,0,"Hatton, Adams County",300132,Hatton,2017-12-10 21:18:42.022361
2013-12-30,17:00,29.1,29.1,28.2,98.6,0.28,S@1.8,2.4,31.7,0.0,0,"Hatton, Adams County",300132,Hatton,2017-12-10 21:18:42.022361
2013-12-30,17:15,29.1,29.0,28.2,98.5,0.27,S@0.4,2.1,31.7,0.0,0,"Hatton, Adams County",300132,Hatton,2017-12-10 21:18:42.022361
2013-12-30,17:30,29.1,29.0,28.2,98.5,0.26,S@1.1,2.1,31.7,0.0,0,"Hatton, Adams County",300132,Hatton,2017-12-10 21:18:42.022361
2013-12-30,17:45,29.1,29.1,28.3,98.5,0.27,S@1.7,2.4,31.7,0.0,0,"Hatton, Adams County",300132,Hatton,2017-12-10 21:18:42.022361
2013-12-30,18:00,29.1,29.0,28.2,98.5,0.27,S@0.8,2.4,31.7,0.0,0,"Hatton, Adams County",300132,Hatton,2017-12-10 21:18:42.022361
2013-12-30,18:15,29.1,29.1,28.3,98.5,0.27,S@1.2,2.4,31.7,0.0,0,"Hatton, Adams County",300132,Hatton,2017-12-10 21:18:42.022361
2013-12-30,18:30,29.1,29.1,28.2,98.5,0.26,S@1.7,2.8,31.7,0.0,0,"Hatton, Adams County",300132,Hatton,2017-12-10 21:18:42.022361
2013-12-30,18:45,29.0,28.8,28.0,98.4,0.22,S@0.2,2.1,31.7,0.0,0,"Hatton, Adams County",300132,Hatton,2017-12-10 21:18:42.022361
2013-12-30,19:00,28.7,28.6,27.7,98.4,0.22,SE@0.9,2.1,31.7,0.0,0,"Hatton, Adams County",300132,Hatton,2017-12-10 21:18:42.022361
2013-12-30,19:15,28.8,28.7,27.9,98.4,0.22,SE@0.5,2.1,31.7,0.0,0,"Hatton, Adams County",300132,Hatton,2017-12-10 21:18:42.022361
2013-12-30,19:30,28.9,28.9,28.0,98.4,0.24,SE@1.4,2.4,31.7,0.0,0,"Hatton, Adams County",300132,Hatton,2017-12-10 21:18:42.022361
2013-12-30,19:45,29.0,28.9,28.1,98.4,0.23,SE@0.8,2.4,31.7,0.0,0,"Hatton, Adams County",300132,Hatton,2017-12-10 21:18:42.022361
2013-12-30,20:00,29.0,28.8,28.0,98.4,0.2,N@0.0,0.0,31.7,0.0,0,"Hatton, Adams County",300132,Hatton,2017-12-10 21:18:42.022361
2013-12-30,20:15,28.6,28.4,27.6,98.2,0.15,N@0.0,0.0,31.7,0.0,0,"Hatton, Adams County",300132,Hatton,2017-12-10 21:18:42.022361
2013-12-30,20:30,27.6,27.3,26.3,97.7,0.11,N@0.0,0.0,31.7,0.0,0,"Hatton, Adams County",300132,Hatton,2017-12-10 21:18:42.022361
2013-12-30,20:45,26.4,26.1,24.8,97.1,0.09,N@0.0,0.0,31.8,0.0,0,"Hatton, Adams County",300132,Hatton,2017-12-10 21:18:42.022361
2013-12-30,21:00,25.9,25.7,24.1,97.0,0.09,N@0.0,0.0,31.7,0.0,0,"Hatton, Adams County",300132,Hatton,2017-12-10 21:18:42.022361
2013-12-30,21:15,27.0,26.8,25.5,97.3,0.11,SE@0.1,1.4,31.8,0.0,0,"Hatton, Adams County",300132,Hatton,2017-12-10 21:18:42.022361
2013-12-30,21:30,26.7,26.5,25.1,97.1,0.1,SE@0.0,1.4,31.8,0.0,0,"Hatton, Adams County",300132,Hatton,2017-12-10 21:18:42.022361
2013-12-30,21:45,26.8,26.7,25.3,97.1,0.1,SE@0.1,1.7,31.8,0.0,0,"Hatton, Adams County",300132,Hatton,2017-12-10 21:18:42.022361
2013-12-30,22:00,26.8,26.6,25.2,97.0,0.11,SE@0.8,2.1,31.8,0.0,0,"Hatton, Adams County",300132,Hatton,2017-12-10 21:18:42.022361
2013-12-30,22:15,26.5,26.4,24.9,96.9,0.12,SE@1.0,2.1,31.8,0.0,0,"Hatton, Adams County",300132,Hatton,2017-12-10 21:18:42.022361
2013-12-30,22:30,27.0,26.9,25.5,97.1,0.13,SE@0.1,1.4,31.8,0.0,0,"Hatton, Adams County",300132,Hatton,2017-12-10 21:18:42.022361
2013-12-30,22:45,26.9,26.7,25.3,97.0,0.11,E@0.0,1.4,31.8,0.0,0,"Hatton, Adams County",300132,Hatton,2017-12-10 21:18:42.022361
2013-12-30,23:00,26.3,26.0,24.6,96.6,0.09,N@0.0,0.0,31.8,0.0,0,"Hatton, Adams County",300132,Hatton,2017-12-10 21:18:42.022361
2013-12-30,23:15,25.6,25.2,23.6,96.2,0.08,N@0.0,0.0,31.8,0.0,0,"Hatton, Adams County",300132,Hatton,2017-12-10 21:18:42.022361
2013-12-30,23:30,25.7,25.5,23.8,96.3,0.09,E@0.0,1.4,31.8,0.0,0,"Hatton, Adams County",300132,Hatton,2017-12-10 21:18:42.022361
2013-12-30,23:45,25.5,25.2,23.5,96.0,0.09,N@0.0,0.0,31.8,0.0,0,"Hatton, Adams County",300132,Hatton,2017-12-10 21:18:42.022361
2013-12-30,24:00,25.8,25.7,23.9,96.2,0.11,N@0.0,0.0,31.8,0.0,0,"Hatton, Adams County",300132,Hatton,2017-12-10 21:18:42.022361
2013-12-31,00:15,27.1,27.0,25.5,96.7,0.14,N@0.0,0.0,31.8,0.0,0,"Hatton, Adams County",300132,Hatton,2017-12-10 21:18:42.022361
2013-12-31,00:30,27.7,27.4,26.2,97.0,0.15,N@0.0,0.0,31.8,0.0,0,"Hatton, Adams County",300132,Hatton,2017-12-10 21:18:42.022361
2013-12-31,00:45,27.9,27.6,26.5,97.1,0.15,N@0.0,0.0,31.8,0.0,0,"Hatton, Adams County",300132,Hatton,2017-12-10 21:18:42.022361
2013-12-31,01:00,28.0,27.7,26.6,97.2,0.16,N@0.0,0.0,31.8,0.0,0,"Hatton, Adams County",300132,Hatton,2017-12-10 21:18:42.022361
2013-12-31,01:15,27.9,27.7,26.5,97.2,0.15,N@0.0,0.0,31.8,0.0,0,"Hatton, Adams County",300132,Hatton,2017-12-10 21:18:42.022361
2013-12-31,01:30,27.5,27.4,26.1,97.1,0.14,SE@0.1,1.7,31.8,0.0,0,"Hatton, Adams County",300132,Hatton,2017-12-10 21:18:42.022361
2013-12-31,01:45,27.4,27.2,25.9,97.1,0.14,SE@0.1,1.4,31.8,0.0,0,"Hatton, Adams County",300132,Hatton,2017-12-10 21:18:42.022361
2013-12-31,02:00,27.4,27.3,26.0,97.1,0.15,SE@0.3,2.1,31.8,0.0,0,"Hatton, Adams County",300132,Hatton,2017-12-10 21:18:42.022361
2013-12-31,02:15,27.6,27.5,26.1,97.2,0.15,SE@1.3,2.4,31.8,0.0,0,"Hatton, Adams County",300132,Hatton,2017-12-10 21:18:42.022361
2013-12-31,02:30,27.7,27.6,26.3,97.3,0.16,SE@0.8,2.1,31.8,0.0,0,"Hatton, Adams County",300132,Hatton,2017-12-10 21:18:42.022361
2013-12-31,02:45,27.8,27.6,26.4,97.3,0.15,SE@0.0,1.4,31.8,0.0,0,"Hatton, Adams County",300132,Hatton,2017-12-10 21:18:42.022361
2013-12-31,03:00,27.9,27.7,26.6,97.4,0.16,N@0.0,0.0,31.8,0.0,0,"Hatton, Adams County",300132,Hatton,2017-12-10 21:18:42.022361
2013-12-31,03:15,28.0,27.8,26.7,97.4,0.17,SE@0.2,1.7,31.8,0.0,0,"Hatton, Adams County",300132,Hatton,2017-12-10 21:18:42.022361
2013-12-31,03:30,28.0,27.9,26.7,97.5,0.17,SE@1.6,2.1,31.9,0.0,0,"Hatton, Adams County",300132,Hatton,2017-12-10 21:18:42.022361
2013-12-31,03:45,28.0,27.9,26.7,97.5,0.17,SE@0.9,2.1,31.8,0.0,0,"Hatton, Adams County",300132,Hatton,2017-12-10 21:18:42.022361
2013-12-31,04:00,28.2,28.0,26.9,97.6,0.17,N@0.0,0.0,31.9,0.0,0,"Hatton, Adams County",300132,Hatton,2017-12-10 21:18:42.022361
2013-12-31,04:15,28.2,28.0,27.0,97.6,0.17,SE@0.5,2.8,31.9,0.0,0,"Hatton, Adams County",300132,Hatton,2017-12-10 21:18:42.022361
2013-12-31,04:30,28.2,28.1,26.9,97.7,0.17,S@1.4,2.8,31.9,0.0,0,"Hatton, Adams County",300132,Hatton,2017-12-10 21:18:42.022361
2013-12-31,04:45,28.0,28.0,26.8,97.7,0.16,S@1.7,2.4,31.9,0.0,0,"Hatton, Adams County",300132,Hatton,2017-12-10 21:18:42.022361
2013-12-31,05:00,28.0,27.9,26.8,97.6,0.16,NE@0.3,1.7,31.9,0.0,0,"Hatton, Adams County",300132,Hatton,2017-12-10 21:18:42.022361
2013-12-31,05:15,28.3,28.1,27.1,97.7,0.17,E@0.1,1.4,31.9,0.0,0,"Hatton, Adams County",300132,Hatton,2017-12-10 21:18:42.022361
2013-12-31,05:30,28.4,28.2,27.2,97.8,0.17,SE@0.1,1.4,31.9,0.0,0,"Hatton, Adams County",300132,Hatton,2017-12-10 21:18:42.022361
2013-12-31,05:45,28.3,28.1,27.1,97.7,0.15,S@0.1,1.4,31.9,0.0,0,"Hatton, Adams County",300132,Hatton,2017-12-10 21:18:42.022361
2013-12-31,06:00,28.2,28.0,27.0,97.7,0.16,S@0.2,1.7,31.9,0.0,0,"Hatton, Adams County",300132,Hatton,2017-12-10 21:18:42.022361
2013-12-31,06:15,28.0,27.8,26.7,97.6,0.15,S@0.5,2.1,31.9,0.0,0,"Hatton, Adams County",300132,Hatton,2017-12-10 21:18:42.022361
2013-12-31,06:30,27.9,27.6,26.6,97.5,0.14,N@0.0,0.0,31.9,0.0,0,"Hatton, Adams County",300132,Hatton,2017-12-10 21:18:42.022361
2013-12-31,06:45,27.9,27.6,26.6,97.4,0.13,N@0.0,0.0,31.9,0.0,0,"Hatton, Adams County",300132,Hatton,2017-12-10 21:18:42.022361
2013-12-31,07:00,27.7,27.4,26.3,97.3,0.13,NE@0.4,1.7,31.9,0.0,0,"Hatton, Adams County",300132,Hatton,2017-12-10 21:18:42.022361
2013-12-31,07:15,27.3,27.2,25.9,97.2,0.13,NE@0.0,1.4,31.9,0.0,0,"Hatton, Adams County",300132,Hatton,2017-12-10 21:18:42.022361
2013-12-31,07:30,27.3,27.2,25.9,97.2,0.13,NE@0.3,1.7,31.9,0.0,1,"Hatton, Adams County",300132,Hatton,2017-12-10 21:18:42.022361
2013-12-31,07:45,27.7,27.7,26.3,97.4,0.14,E@1.2,2.1,31.9,0.0,2,"Hatton, Adams County",300132,Hatton,2017-12-10 21:18:42.022361
2013-12-31,08:00,27.9,27.8,26.6,97.6,0.15,E@1.0,1.7,31.9,0.0,4,"Hatton, Adams County",300132,Hatton,2017-12-10 21:18:42.022361
2013-12-31,08:15,28.6,28.5,27.4,97.8,0.17,SE@0.3,1.7,31.9,0.0,7,"Hatton, Adams County",300132,Hatton,2017-12-10 21:18:42.022361
2013-12-31,08:30,28.3,28.2,27.1,97.7,0.17,S@0.8,2.1,31.9,0.0,13,"Hatton, Adams County",300132,Hatton,2017-12-10 21:18:42.022361
2013-12-31,08:45,29.3,29.3,28.3,98.2,0.24,SE@1.4,2.4,31.9,0.0,22,"Hatton, Adams County",300132,Hatton,2017-12-10 21:18:42.022361
2013-12-31,09:00,30.0,30.0,29.2,98.5,0.31,S@1.0,2.1,31.9,0.0,41,"Hatton, Adams County",300132,Hatton,2017-12-10 21:18:42.022361
2013-12-31,09:15,30.4,30.4,29.8,98.7,0.38,SE@1.1,2.1,31.9,0.0,38,"Hatton, Adams County",300132,Hatton,2017-12-10 21:18:42.022361
2013-12-31,09:30,30.9,30.9,30.4,98.9,0.49,SE@0.8,2.4,31.9,0.0,43,"Hatton, Adams County",300132,Hatton,2017-12-10 21:18:42.022361
2013-12-31,09:45,31.3,31.2,30.9,99.1,0.65,SE@1.2,2.4,31.9,0.0,50,"Hatton, Adams County",300132,Hatton,2017-12-10 21:18:42.022361
2013-12-31,10:00,31.5,31.5,31.2,99.2,0.73,SE@0.3,1.7,31.9,0.0,45,"Hatton, Adams County",300132,Hatton,2017-12-10 21:18:42.022361
2013-12-31,10:15,31.6,31.5,31.2,99.2,0.77,NE@0.3,1.7,31.9,0.0,56,"Hatton, Adams County",300132,Hatton,2017-12-10 21:18:42.022361
2013-12-31,10:30,31.6,31.5,31.3,99.3,0.82,N@0.0,0.0,31.9,0.0,64,"Hatton, Adams County",300132,Hatton,2017-12-10 21:18:42.022361
2013-12-31,10:45,31.7,31.6,31.4,99.4,0.9,N@0.0,0.0,31.9,0.0,70,"Hatton, Adams County",300132,Hatton,2017-12-10 21:18:42.022361
2013-12-31,11:00,31.7,31.7,31.4,99.4,0.96,N@0.0,0.0,31.9,0.0,79,"Hatton, Adams County",300132,Hatton,2017-12-10 21:18:42.022361
2013-12-31,11:15,31.8,31.7,31.6,99.4,1.0,N@0.0,0.0,31.9,0.0,78,"Hatton, Adams County",300132,Hatton,2017-12-10 21:18:42.022361
2013-12-31,11:30,31.8,31.8,31.6,99.5,1.0,N@0.0,0.0,31.9,0.0,102,"Hatton, Adams County",300132,Hatton,2017-12-10 21:18:42.022361
2013-12-31,11:45,31.9,31.8,31.6,99.5,1.0,N@0.0,0.0,31.9,0.0,121,"Hatton, Adams County",300132,Hatton,2017-12-10 21:18:42.022361
2013-12-31,12:00,32.0,31.8,31.7,99.6,1.0,N@0.0,0.0,31.9,0.01,130,"Hatton, Adams County",300132,Hatton,2017-12-10 21:18:42.022361
2013-12-31,12:15,32.0,31.8,31.7,99.6,1.0,N@0.0,0.0,31.9,0.0,140,"Hatton, Adams County",300132,Hatton,2017-12-10 21:18:42.022361
2013-12-31,12:30,32.1,31.8,31.9,99.6,0.99,E@0.3,3.9,31.9,0.0,130,"Hatton, Adams County",300132,Hatton,2017-12-10 21:18:42.022361
2013-12-31,12:45,32.3,31.8,32.1,99.3,0.95,SE@1.9,3.5,31.9,0.0,156,"Hatton, Adams County",300132,Hatton,2017-12-10 21:18:42.022361
2013-12-31,13:00,32.9,31.8,32.6,98.9,0.92,E@2.6,4.2,32.0,0.0,145,"Hatton, Adams County",300132,Hatton,2017-12-10 21:18:42.022361
2013-12-31,13:15,34.5,32.4,34.1,98.6,0.92,E@2.3,4.2,32.0,0.0,192,"Hatton, Adams County",300132,Hatton,2017-12-10 21:18:42.022361
2013-12-31,13:30,35.6,35.1,35.4,99.4,0.92,E@0.5,2.8,32.0,0.0,136,"Hatton, Adams County",300132,Hatton,2017-12-10 21:18:42.022361
2013-12-31,13:45,36.6,36.5,36.6,100.0,0.92,SE@0.1,1.7,32.0,0.0,200,"Hatton, Adams County",300132,Hatton,2017-12-10 21:18:42.022361
2013-12-31,14:00,37.0,37.0,37.0,99.9,0.92,SW@1.0,3.9,32.0,0.0,177,"Hatton, Adams County",300132,Hatton,2017-12-10 21:18:42.022361
2013-12-31,14:15,37.0,36.9,37.0,100.0,0.93,SW@3.1,4.2,32.0,0.0,228,"Hatton, Adams County",300132,Hatton,2017-12-10 21:18:42.022361
2013-12-31,14:30,38.1,38.1,38.1,100.0,0.93,W@1.2,2.8,32.0,0.0,239,"Hatton, Adams County",300132,Hatton,2017-12-10 21:18:42.022361
2013-12-31,14:45,38.3,38.5,38.2,99.7,0.92,W@1.0,3.1,32.0,0.0,259,"Hatton, Adams County",300132,Hatton,2017-12-10 21:18:42.022361
2013-12-31,15:00,39.3,39.7,39.3,100.0,0.91,SW@1.4,2.8,32.0,0.0,200,"Hatton, Adams County",300132,Hatton,2017-12-10 21:18:42.022361
2013-12-31,15:15,38.3,38.2,38.3,100.0,0.91,SW@2.0,2.8,32.0,0.0,95,"Hatton, Adams County",300132,Hatton,2017-12-10 21:18:42.022361
2013-12-31,15:30,38.3,38.3,38.3,100.0,0.9,SW@1.0,2.8,32.0,0.0,123,"Hatton, Adams County",300132,Hatton,2017-12-10 21:18:42.022361
2013-12-31,15:45,37.9,37.7,37.9,99.7,0.9,N@0.0,0.0,32.0,0.0,46,"Hatton, Adams County",300132,Hatton,2017-12-10 21:18:42.022361
2013-12-31,16:00,35.9,35.5,35.7,99.2,0.9,N@0.0,0.0,32.0,0.0,18,"Hatton, Adams County",300132,Hatton,2017-12-10 21:18:42.022361
2013-12-31,16:15,34.9,34.6,34.6,98.8,0.9,N@0.0,1.4,32.0,0.0,12,"Hatton, Adams County",300132,Hatton,2017-12-10 21:18:42.022361
2013-12-31,16:30,34.6,34.5,34.2,98.5,0.91,NW@0.4,2.8,32.0,0.0,4,"Hatton, Adams County",300132,Hatton,2017-12-10 21:18:42.022361
2013-12-31,16:45,33.3,32.9,32.7,97.4,0.92,N@1.8,3.5,32.0,0.0,2,"Hatton, Adams County",300132,Hatton,2017-12-10 21:18:42.022361
2013-12-31,17:00,31.8,31.6,31.0,97.4,0.92,NE@2.3,3.5,32.0,0.0,0,"Hatton, Adams County",300132,Hatton,2017-12-10 21:18:42.022361
2013-12-31,17:15,31.2,31.0,30.2,97.0,0.93,NE@2.9,5.3,32.0,0.0,0,"Hatton, Adams County",300132,Hatton,2017-12-10 21:18:42.022361
2013-12-31,17:30,32.5,32.9,31.8,97.0,0.93,NE@3.6,5.3,32.0,0.0,0,"Hatton, Adams County",300132,Hatton,2017-12-10 21:18:42.022361
2013-12-31,17:45,32.8,32.8,31.9,96.3,0.93,N@3.2,4.2,32.0,0.0,0,"Hatton, Adams County",300132,Hatton,2017-12-10 21:18:42.022361
2013-12-31,18:00,31.1,30.9,29.9,96.3,0.94,N@1.8,3.9,32.0,0.0,0,"Hatton, Adams County",300132,Hatton,2017-12-10 21:18:42.022361
2013-12-31,18:15,31.2,31.0,30.0,96.1,0.91,NE@1.1,3.5,32.1,0.0,0,"Hatton, Adams County",300132,Hatton,2017-12-10 21:18:42.022361
2013-12-31,18:30,31.0,31.0,29.8,96.0,0.4,NE@1.9,4.2,32.1,0.0,0,"Hatton, Adams County",300132,Hatton,2017-12-10 21:18:42.022361
2013-12-31,18:45,30.9,30.8,29.6,95.7,0.34,NE@0.3,3.5,32.1,0.0,0,"Hatton, Adams County",300132,Hatton,2017-12-10 21:18:42.022361
2013-12-31,19:00,30.5,30.4,29.0,95.5,0.31,NE@1.8,3.9,32.1,0.0,0,"Hatton, Adams County",300132,Hatton,2017-12-10 21:18:42.022361
2013-12-31,19:15,30.2,29.8,28.5,94.9,0.24,N@0.5,2.1,32.1,0.0,0,"Hatton, Adams County",300132,Hatton,2017-12-10 21:18:42.022361
2013-12-31,19:30,29.2,28.8,27.3,94.7,0.2,NW@0.4,2.8,32.1,0.0,0,"Hatton, Adams County",300132,Hatton,2017-12-10 21:18:42.022361
2013-12-31,19:45,28.8,28.7,27.0,95.1,0.19,N@0.0,0.0,32.1,0.0,0,"Hatton, Adams County",300132,Hatton,2017-12-10 21:18:42.022361
2013-12-31,20:00,28.8,28.6,27.0,95.0,0.17,NW@0.5,2.8,32.1,0.0,0,"Hatton, Adams County",300132,Hatton,2017-12-10 21:18:42.022361
2013-12-31,20:15,26.8,26.6,24.5,94.4,0.15,W@3.0,4.2,32.1,0.0,0,"Hatton, Adams County",300132,Hatton,2017-12-10 21:18:42.022361
2013-12-31,20:30,26.2,25.9,23.9,94.4,0.13,W@2.3,7.1,32.1,0.0,0,"Hatton, Adams County",300132,Hatton,2017-12-10 21:18:42.022361
2013-12-31,20:45,23.5,23.3,20.8,94.0,0.09,W@3.5,4.6,32.1,0.0,0,"Hatton, Adams County",300132,Hatton,2017-12-10 21:18:42.022361
2013-12-31,21:00,24.1,24.2,21.8,95.2,0.12,NW@4.7,8.2,32.1,0.0,0,"Hatton, Adams County",300132,Hatton,2017-12-10 21:18:42.022361
2013-12-31,21:15,26.2,26.2,24.4,96.5,0.16,NW@6.2,8.2,32.1,0.0,0,"Hatton, Adams County",300132,Hatton,2017-12-10 21:18:42.022361
2013-12-31,21:30,26.5,26.5,24.8,96.7,0.15,N@4.0,6.7,32.1,0.0,0,"Hatton, Adams County",300132,Hatton,2017-12-10 21:18:42.022361
2013-12-31,21:45,25.8,25.7,24.0,96.4,0.12,N@2.9,3.9,32.1,0.0,0,"Hatton, Adams County",300132,Hatton,2017-12-10 21:18:42.022361
2013-12-31,22:00,24.9,24.7,22.9,96.0,0.11,N@2.8,3.5,32.1,0.0,0,"Hatton, Adams County",300132,Hatton,2017-12-10 21:18:42.022361
2013-12-31,22:15,25.1,25.0,23.1,96.1,0.12,N@3.9,4.9,32.1,0.0,0,"Hatton, Adams County",300132,Hatton,2017-12-10 21:18:42.022361
2013-12-31,22:30,24.9,24.8,22.8,96.0,0.11,NE@3.4,4.9,32.1,0.0,0,"Hatton, Adams County",300132,Hatton,2017-12-10 21:18:42.022361
2013-12-31,22:45,25.1,25.0,23.1,95.9,0.11,N@3.6,4.9,32.1,0.0,0,"Hatton, Adams County",300132,Hatton,2017-12-10 21:18:42.022361
2013-12-31,23:00,23.8,23.6,21.4,95.3,0.09,N@3.3,4.6,32.1,0.0,0,"Hatton, Adams County",300132,Hatton,2017-12-10 21:18:42.022361
2013-12-31,23:15,23.9,23.7,21.5,95.2,0.09,N@2.5,4.2,32.1,0.0,0,"Hatton, Adams County",300132,Hatton,2017-12-10 21:18:42.022361
2013-12-31,23:30,23.0,22.8,20.4,94.7,0.08,NE@2.8,4.6,32.1,0.0,0,"Hatton, Adams County",300132,Hatton,2017-12-10 21:18:42.022361
2013-12-31,23:45,23.6,23.6,21.1,95.0,0.09,NE@3.0,4.2,32.1,0.0,0,"Hatton, Adams County",300132,Hatton,2017-12-10 21:18:42.022361
2013-12-31,24:00,23.7,23.5,21.2,94.8,0.09,NE@1.9,3.5,32.1,0.0,0,"Hatton, Adams County",300132,Hatton,2017-12-10 21:18:42.022361
