Date,Time PST,1.5m Air Temp °F, 1.5m Dew Point °F, 1.5m Rel Hum %, Tot Prec in, Solar Rad W/m², Wind Direction, Wind Speed mph, 2m Wind Gust mph, 1.5m Leaf Wet u., 8 in. Soil Tmp °F,Location,Station ID,Station Name,Download Timestamp
2020-09-01,00:15,59.5,45.0,58.6,0.0,0,NW,3.9,6.0,0.0,80.2,"Ahtanum, Yakima County",310112,Ahtanum,2020-12-17 11:46:22.200847
2020-09-01,00:30,59.1,45.0,59.5,0.0,0,W,2.9,4.6,0.0,80.0,"Ahtanum, Yakima County",310112,Ahtanum,2020-12-17 11:46:22.200847
2020-09-01,00:45,59.1,45.6,60.8,0.0,0,W,3.7,4.9,0.0,79.9,"Ahtanum, Yakima County",310112,Ahtanum,2020-12-17 11:46:22.200847
2020-09-01,01:00,57.5,46.3,66.0,0.0,0,NW,2.2,4.2,0.0,79.8,"Ahtanum, Yakima County",310112,Ahtanum,2020-12-17 11:46:22.200847
2020-09-01,01:15,57.9,45.8,64.0,0.0,0,W,3.0,4.6,0.0,79.7,"Ahtanum, Yakima County",310112,Ahtanum,2020-12-17 11:46:22.200847
2020-09-01,01:30,57.5,44.9,62.7,0.0,0,NW,2.5,3.9,0.0,79.6,"Ahtanum, Yakima County",310112,Ahtanum,2020-12-17 11:46:22.200847
2020-09-01,01:45,57.0,45.3,64.7,0.0,0,W,2.5,4.6,0.0,79.4,"Ahtanum, Yakima County",310112,Ahtanum,2020-12-17 11:46:22.200847
2020-09-01,02:00,56.9,45.1,64.8,0.0,0,W,2.6,3.9,0.0,79.3,"Ahtanum, Yakima County",310112,Ahtanum,2020-12-17 11:46:22.200847
2020-09-01,02:15,56.3,45.4,66.9,0.0,0,W,3.4,4.9,0.0,79.2,"Ahtanum, Yakima County",310112,Ahtanum,2020-12-17 11:46:22.200847
2020-09-01,02:30,56.7,44.2,63.0,0.0,0,W,4.0,6.4,0.0,79.1,"Ahtanum, Yakima County",310112,Ahtanum,2020-12-17 11:46:22.200847
2020-09-01,02:45,57.3,44.2,61.5,0.0,0,W,3.9,6.0,0.0,79.0,"Ahtanum, Yakima County",310112,Ahtanum,2020-12-17 11:46:22.200847
2020-09-01,03:00,57.0,44.5,63.0,0.0,0,W,3.3,4.9,0.0,78.9,"Ahtanum, Yakima County",310112,Ahtanum,2020-12-17 11:46:22.200847
2020-09-01,03:15,58.3,43.8,58.6,0.0,0,W,3.9,5.3,0.0,78.7,"Ahtanum, Yakima County",310112,Ahtanum,2020-12-17 11:46:22.200847
2020-09-01,03:30,59.3,44.3,57.6,0.0,0,W,3.1,4.2,0.0,78.6,"Ahtanum, Yakima County",310112,Ahtanum,2020-12-17 11:46:22.200847
2020-09-01,03:45,58.8,44.7,59.5,0.0,0,W,4.0,5.3,0.0,78.5,"Ahtanum, Yakima County",310112,Ahtanum,2020-12-17 11:46:22.200847
2020-09-01,04:00,58.9,44.7,59.1,0.0,0,W,3.4,5.3,0.0,78.4,"Ahtanum, Yakima County",310112,Ahtanum,2020-12-17 11:46:22.200847
2020-09-01,04:15,56.9,45.6,65.6,0.0,0,W,3.6,4.6,0.0,78.3,"Ahtanum, Yakima County",310112,Ahtanum,2020-12-17 11:46:22.200847
2020-09-01,04:30,56.6,45.4,65.9,0.0,0,W,3.5,4.9,0.0,78.1,"Ahtanum, Yakima County",310112,Ahtanum,2020-12-17 11:46:22.200847
2020-09-01,04:45,56.0,46.0,68.9,0.0,0,W,3.7,4.9,0.0,78.0,"Ahtanum, Yakima County",310112,Ahtanum,2020-12-17 11:46:22.200847
2020-09-01,05:00,56.0,46.0,69.0,0.0,0,W,3.7,4.9,0.0,77.9,"Ahtanum, Yakima County",310112,Ahtanum,2020-12-17 11:46:22.200847
2020-09-01,05:15,58.0,45.5,63.1,0.0,1,W,4.7,7.4,0.0,77.8,"Ahtanum, Yakima County",310112,Ahtanum,2020-12-17 11:46:22.200847
2020-09-01,05:30,58.8,45.3,60.7,0.0,5,W,4.8,7.1,0.0,77.7,"Ahtanum, Yakima County",310112,Ahtanum,2020-12-17 11:46:22.200847
2020-09-01,05:45,59.3,45.5,60.1,0.0,27,W,4.0,5.7,0.0,77.6,"Ahtanum, Yakima County",310112,Ahtanum,2020-12-17 11:46:22.200847
2020-09-01,06:00,60.5,46.0,58.7,0.0,57,W,3.3,4.9,0.0,77.5,"Ahtanum, Yakima County",310112,Ahtanum,2020-12-17 11:46:22.200847
2020-09-01,06:15,61.7,46.6,57.5,0.0,90,W,3.9,5.3,0.0,77.3,"Ahtanum, Yakima County",310112,Ahtanum,2020-12-17 11:46:22.200847
2020-09-01,06:30,64.0,48.0,55.9,0.0,125,W,1.2,4.2,0.0,77.2,"Ahtanum, Yakima County",310112,Ahtanum,2020-12-17 11:46:22.200847
2020-09-01,06:45,66.5,48.6,52.5,0.0,163,W,1.8,4.9,0.0,77.1,"Ahtanum, Yakima County",310112,Ahtanum,2020-12-17 11:46:22.200847
2020-09-01,07:00,68.1,48.3,49.0,0.0,205,NW,2.7,4.9,0.0,77.0,"Ahtanum, Yakima County",310112,Ahtanum,2020-12-17 11:46:22.200847
2020-09-01,07:15,69.4,49.3,48.8,0.0,250,SW,2.6,4.6,0.0,76.9,"Ahtanum, Yakima County",310112,Ahtanum,2020-12-17 11:46:22.200847
2020-09-01,07:30,70.4,49.9,48.0,0.0,294,S,1.9,2.8,0.0,76.8,"Ahtanum, Yakima County",310112,Ahtanum,2020-12-17 11:46:22.200847
2020-09-01,07:45,73.5,47.1,39.0,0.0,323,S,1.2,2.8,0.0,76.7,"Ahtanum, Yakima County",310112,Ahtanum,2020-12-17 11:46:22.200847
2020-09-01,08:00,75.4,47.4,37.0,0.0,380,S,1.7,3.1,0.0,76.7,"Ahtanum, Yakima County",310112,Ahtanum,2020-12-17 11:46:22.200847
2020-09-01,08:15,75.7,49.0,38.9,0.0,420,SW,2.7,4.2,0.0,76.6,"Ahtanum, Yakima County",310112,Ahtanum,2020-12-17 11:46:22.200847
2020-09-01,08:30,75.7,51.2,42.2,0.0,461,SW,3.0,4.6,0.0,76.5,"Ahtanum, Yakima County",310112,Ahtanum,2020-12-17 11:46:22.200847
2020-09-01,08:45,77.4,51.8,40.8,0.0,499,S,2.9,7.4,0.0,76.5,"Ahtanum, Yakima County",310112,Ahtanum,2020-12-17 11:46:22.200847
2020-09-01,09:00,78.3,50.9,38.3,0.0,536,SE,3.9,6.4,0.0,76.5,"Ahtanum, Yakima County",310112,Ahtanum,2020-12-17 11:46:22.200847
2020-09-01,09:15,80.4,51.1,36.1,0.0,571,SE,2.7,4.9,0.0,76.4,"Ahtanum, Yakima County",310112,Ahtanum,2020-12-17 11:46:22.200847
2020-09-01,09:30,81.1,51.5,35.9,0.0,604,SE,5.1,8.5,0.0,76.4,"Ahtanum, Yakima County",310112,Ahtanum,2020-12-17 11:46:22.200847
2020-09-01,09:45,81.5,51.1,34.9,0.0,634,SE,5.6,9.6,0.0,76.4,"Ahtanum, Yakima County",310112,Ahtanum,2020-12-17 11:46:22.200847
2020-09-01,10:00,81.4,51.9,35.9,0.0,663,S,5.5,9.6,0.0,76.4,"Ahtanum, Yakima County",310112,Ahtanum,2020-12-17 11:46:22.200847
2020-09-01,10:15,81.4,52.9,37.3,0.0,687,S,5.1,8.2,0.0,76.5,"Ahtanum, Yakima County",310112,Ahtanum,2020-12-17 11:46:22.200847
2020-09-01,10:30,83.0,52.9,35.4,0.0,709,S,5.2,9.6,0.0,76.5,"Ahtanum, Yakima County",310112,Ahtanum,2020-12-17 11:46:22.200847
2020-09-01,10:45,83.9,53.0,34.5,0.0,728,SE,4.0,7.1,0.0,76.6,"Ahtanum, Yakima County",310112,Ahtanum,2020-12-17 11:46:22.200847
2020-09-01,11:00,85.3,52.8,32.8,0.0,744,NE,5.0,12.1,0.0,76.7,"Ahtanum, Yakima County",310112,Ahtanum,2020-12-17 11:46:22.200847
2020-09-01,11:15,85.2,53.0,33.1,0.0,757,NE,5.2,10.3,0.0,76.8,"Ahtanum, Yakima County",310112,Ahtanum,2020-12-17 11:46:22.200847
2020-09-01,11:30,84.8,51.8,32.1,0.0,762,SE,5.2,10.3,0.0,76.9,"Ahtanum, Yakima County",310112,Ahtanum,2020-12-17 11:46:22.200847
2020-09-01,11:45,84.7,52.0,32.5,0.0,767,SE,4.3,7.4,0.0,77.1,"Ahtanum, Yakima County",310112,Ahtanum,2020-12-17 11:46:22.200847
2020-09-01,12:00,85.6,51.6,31.1,0.0,770,SE,4.8,9.9,0.0,77.2,"Ahtanum, Yakima County",310112,Ahtanum,2020-12-17 11:46:22.200847
2020-09-01,12:15,86.0,50.9,29.9,0.0,771,SE,6.2,12.8,0.0,77.4,"Ahtanum, Yakima County",310112,Ahtanum,2020-12-17 11:46:22.200847
2020-09-01,12:30,86.5,51.6,30.2,0.0,767,SE,5.7,9.2,0.0,77.6,"Ahtanum, Yakima County",310112,Ahtanum,2020-12-17 11:46:22.200847
2020-09-01,12:45,86.8,51.4,29.7,0.0,760,SE,4.9,8.5,0.0,77.8,"Ahtanum, Yakima County",310112,Ahtanum,2020-12-17 11:46:22.200847
2020-09-01,13:00,86.7,51.9,30.4,0.0,750,S,4.0,6.0,0.0,78.0,"Ahtanum, Yakima County",310112,Ahtanum,2020-12-17 11:46:22.200847
2020-09-01,13:15,87.7,52.8,30.4,0.0,731,S,3.6,6.0,0.0,78.2,"Ahtanum, Yakima County",310112,Ahtanum,2020-12-17 11:46:22.200847
2020-09-01,13:30,88.8,51.5,28.0,0.0,725,SE,4.5,8.9,0.0,78.4,"Ahtanum, Yakima County",310112,Ahtanum,2020-12-17 11:46:22.200847
2020-09-01,13:45,89.5,51.3,27.1,0.0,705,SE,5.2,8.2,0.0,78.7,"Ahtanum, Yakima County",310112,Ahtanum,2020-12-17 11:46:22.200847
2020-09-01,14:00,89.5,51.0,26.9,0.0,681,E,4.5,7.8,0.0,78.9,"Ahtanum, Yakima County",310112,Ahtanum,2020-12-17 11:46:22.200847
2020-09-01,14:15,90.0,51.1,26.5,0.0,650,SE,3.6,7.4,0.0,79.2,"Ahtanum, Yakima County",310112,Ahtanum,2020-12-17 11:46:22.200847
2020-09-01,14:30,90.0,50.6,26.1,0.0,620,SE,4.9,8.5,0.0,79.4,"Ahtanum, Yakima County",310112,Ahtanum,2020-12-17 11:46:22.200847
2020-09-01,14:45,90.0,51.5,27.0,0.0,596,S,3.3,6.0,0.0,79.7,"Ahtanum, Yakima County",310112,Ahtanum,2020-12-17 11:46:22.200847
2020-09-01,15:00,90.9,52.3,27.0,0.0,545,S,3.3,6.4,0.0,79.9,"Ahtanum, Yakima County",310112,Ahtanum,2020-12-17 11:46:22.200847
2020-09-01,15:15,91.5,52.3,26.5,0.0,519,NE,3.1,5.3,0.0,80.2,"Ahtanum, Yakima County",310112,Ahtanum,2020-12-17 11:46:22.200847
2020-09-01,15:30,91.3,50.8,25.2,0.0,468,SE,4.0,7.4,0.0,80.4,"Ahtanum, Yakima County",310112,Ahtanum,2020-12-17 11:46:22.200847
2020-09-01,15:45,91.4,50.2,24.6,0.0,452,SE,4.4,7.4,0.0,80.6,"Ahtanum, Yakima County",310112,Ahtanum,2020-12-17 11:46:22.200847
2020-09-01,16:00,92.1,50.9,24.7,0.0,411,E,3.2,5.7,0.0,80.9,"Ahtanum, Yakima County",310112,Ahtanum,2020-12-17 11:46:22.200847
2020-09-01,16:15,91.5,52.3,26.4,0.0,372,SE,4.9,7.4,0.0,81.1,"Ahtanum, Yakima County",310112,Ahtanum,2020-12-17 11:46:22.200847
2020-09-01,16:30,90.7,54.0,28.9,0.0,332,N,3.3,6.7,0.0,81.3,"Ahtanum, Yakima County",310112,Ahtanum,2020-12-17 11:46:22.200847
2020-09-01,16:45,89.3,52.1,28.1,0.0,284,N,7.3,13.5,0.0,81.5,"Ahtanum, Yakima County",310112,Ahtanum,2020-12-17 11:46:22.200847
2020-09-01,17:00,88.1,52.5,29.6,0.0,241,N,6.7,10.3,0.0,81.7,"Ahtanum, Yakima County",310112,Ahtanum,2020-12-17 11:46:22.200847
2020-09-01,17:15,87.6,51.5,29.1,0.0,183,N,5.6,12.1,0.0,81.8,"Ahtanum, Yakima County",310112,Ahtanum,2020-12-17 11:46:22.200847
2020-09-01,17:30,86.5,50.8,29.3,0.0,164,NW,7.4,12.8,0.0,82.0,"Ahtanum, Yakima County",310112,Ahtanum,2020-12-17 11:46:22.200847
2020-09-01,17:45,85.3,50.2,29.8,0.0,120,NW,9.2,16.7,0.0,82.1,"Ahtanum, Yakima County",310112,Ahtanum,2020-12-17 11:46:22.200847
2020-09-01,18:00,84.0,50.3,31.2,0.0,83,NW,9.2,14.6,0.0,82.3,"Ahtanum, Yakima County",310112,Ahtanum,2020-12-17 11:46:22.200847
2020-09-01,18:15,83.1,50.4,32.2,0.0,67,NW,7.2,11.7,0.0,82.4,"Ahtanum, Yakima County",310112,Ahtanum,2020-12-17 11:46:22.200847
2020-09-01,18:30,81.8,50.5,33.7,0.0,29,N,6.5,10.3,0.0,82.5,"Ahtanum, Yakima County",310112,Ahtanum,2020-12-17 11:46:22.200847
2020-09-01,18:45,81.5,49.6,32.9,0.0,8,NW,9.7,16.0,0.0,82.6,"Ahtanum, Yakima County",310112,Ahtanum,2020-12-17 11:46:22.200847
2020-09-01,19:00,80.9,49.4,33.4,0.0,1,NW,9.1,13.9,0.0,82.6,"Ahtanum, Yakima County",310112,Ahtanum,2020-12-17 11:46:22.200847
2020-09-01,19:15,80.2,49.1,33.7,0.0,0,NW,8.9,13.9,0.0,82.7,"Ahtanum, Yakima County",310112,Ahtanum,2020-12-17 11:46:22.200847
2020-09-01,19:30,79.7,48.9,34.0,0.0,0,NW,7.8,13.2,0.0,82.7,"Ahtanum, Yakima County",310112,Ahtanum,2020-12-17 11:46:22.200847
2020-09-01,19:45,78.5,49.4,36.0,0.0,0,N,6.0,8.9,0.0,82.8,"Ahtanum, Yakima County",310112,Ahtanum,2020-12-17 11:46:22.200847
2020-09-01,20:00,79.9,50.4,35.7,0.0,0,NW,5.2,10.3,0.0,82.8,"Ahtanum, Yakima County",310112,Ahtanum,2020-12-17 11:46:22.200847
2020-09-01,20:15,80.1,50.6,35.7,0.0,0,NW,4.7,10.3,0.0,82.8,"Ahtanum, Yakima County",310112,Ahtanum,2020-12-17 11:46:22.200847
2020-09-01,20:30,76.5,50.6,40.3,0.0,0,NW,3.8,6.7,0.0,82.8,"Ahtanum, Yakima County",310112,Ahtanum,2020-12-17 11:46:22.200847
2020-09-01,20:45,76.2,49.7,39.3,0.0,0,NW,6.2,9.6,0.0,82.8,"Ahtanum, Yakima County",310112,Ahtanum,2020-12-17 11:46:22.200847
2020-09-01,21:00,75.7,49.5,39.7,0.0,0,NW,6.9,10.3,0.0,82.7,"Ahtanum, Yakima County",310112,Ahtanum,2020-12-17 11:46:22.200847
2020-09-01,21:15,74.5,49.5,41.2,0.0,0,NW,4.7,10.3,0.0,82.7,"Ahtanum, Yakima County",310112,Ahtanum,2020-12-17 11:46:22.200847
2020-09-01,21:30,73.3,50.1,44.0,0.0,0,W,3.1,5.7,0.0,82.6,"Ahtanum, Yakima County",310112,Ahtanum,2020-12-17 11:46:22.200847
2020-09-01,21:45,69.0,52.1,54.7,0.0,0,SW,1.4,3.9,0.0,82.6,"Ahtanum, Yakima County",310112,Ahtanum,2020-12-17 11:46:22.200847
2020-09-01,22:00,67.2,51.8,57.6,0.0,0,W,2.3,3.5,0.0,82.5,"Ahtanum, Yakima County",310112,Ahtanum,2020-12-17 11:46:22.200847
2020-09-01,22:15,65.1,52.8,64.4,0.0,0,W,2.5,4.9,0.0,82.4,"Ahtanum, Yakima County",310112,Ahtanum,2020-12-17 11:46:22.200847
2020-09-01,22:30,65.3,51.8,61.6,0.0,0,SW,1.8,3.9,0.0,82.3,"Ahtanum, Yakima County",310112,Ahtanum,2020-12-17 11:46:22.200847
2020-09-01,22:45,64.9,52.0,62.9,0.0,0,W,2.6,4.2,0.0,82.2,"Ahtanum, Yakima County",310112,Ahtanum,2020-12-17 11:46:22.200847
2020-09-01,23:00,63.8,51.7,64.6,0.0,0,W,2.4,3.9,0.0,82.2,"Ahtanum, Yakima County",310112,Ahtanum,2020-12-17 11:46:22.200847
2020-09-02,23:15,64.5,51.0,61.5,0.0,0,W,3.2,5.3,0.0,82.1,"Ahtanum, Yakima County",310112,Ahtanum,2020-12-17 11:46:22.200847
2020-09-02,23:30,61.8,51.5,68.9,0.0,0,W,2.4,4.6,0.0,82.0,"Ahtanum, Yakima County",310112,Ahtanum,2020-12-17 11:46:22.200847
2020-09-02,23:45,61.2,51.3,70.0,0.0,0,W,2.5,4.6,0.0,81.9,"Ahtanum, Yakima County",310112,Ahtanum,2020-12-17 11:46:22.200847
2020-09-02,24:00,60.2,51.4,72.9,0.0,0,W,3.5,5.3,0.0,81.8,"Ahtanum, Yakima County",310112,Ahtanum,2020-12-17 11:46:22.200847
2020-09-02,00:15,60.9,51.0,69.8,0.0,0,W,3.3,4.6,0.0,81.7,"Ahtanum, Yakima County",310112,Ahtanum,2020-12-17 11:46:22.200847
2020-09-02,00:30,62.2,50.9,66.2,0.0,0,W,2.8,4.2,0.0,81.5,"Ahtanum, Yakima County",310112,Ahtanum,2020-12-17 11:46:22.200847
2020-09-02,00:45,60.7,51.0,70.4,0.0,0,W,3.1,4.9,0.0,81.4,"Ahtanum, Yakima County",310112,Ahtanum,2020-12-17 11:46:22.200847
2020-09-02,01:00,59.7,50.9,72.4,0.0,0,W,4.2,6.7,0.0,81.3,"Ahtanum, Yakima County",310112,Ahtanum,2020-12-17 11:46:22.200847
2020-09-02,01:15,60.8,50.4,68.5,0.0,0,W,4.1,5.7,0.0,81.2,"Ahtanum, Yakima County",310112,Ahtanum,2020-12-17 11:46:22.200847
2020-09-02,01:30,60.6,49.9,67.5,0.0,0,W,4.1,5.3,0.0,81.0,"Ahtanum, Yakima County",310112,Ahtanum,2020-12-17 11:46:22.200847
2020-09-02,01:45,60.5,49.6,67.3,0.0,0,W,3.6,5.3,0.0,80.9,"Ahtanum, Yakima County",310112,Ahtanum,2020-12-17 11:46:22.200847
2020-09-02,02:00,59.3,48.7,67.8,0.0,0,W,4.4,5.7,0.0,80.8,"Ahtanum, Yakima County",310112,Ahtanum,2020-12-17 11:46:22.200847
2020-09-02,02:15,59.7,47.7,64.2,0.0,0,W,3.9,4.6,0.0,80.6,"Ahtanum, Yakima County",310112,Ahtanum,2020-12-17 11:46:22.200847
2020-09-02,02:30,58.9,47.6,65.9,0.0,0,W,3.8,4.9,0.0,80.5,"Ahtanum, Yakima County",310112,Ahtanum,2020-12-17 11:46:22.200847
2020-09-02,02:45,58.4,47.3,66.6,0.0,0,W,4.1,5.7,0.0,80.3,"Ahtanum, Yakima County",310112,Ahtanum,2020-12-17 11:46:22.200847
2020-09-02,03:00,58.3,46.9,65.7,0.0,0,W,4.4,5.3,0.0,80.2,"Ahtanum, Yakima County",310112,Ahtanum,2020-12-17 11:46:22.200847
2020-09-02,03:15,60.6,43.6,53.4,0.0,0,W,4.1,6.0,0.0,80.1,"Ahtanum, Yakima County",310112,Ahtanum,2020-12-17 11:46:22.200847
2020-09-02,03:30,59.6,43.2,54.4,0.0,0,W,5.0,7.1,0.0,79.9,"Ahtanum, Yakima County",310112,Ahtanum,2020-12-17 11:46:22.200847
2020-09-02,03:45,60.6,41.4,49.2,0.0,0,NW,3.8,6.0,0.0,79.8,"Ahtanum, Yakima County",310112,Ahtanum,2020-12-17 11:46:22.200847
2020-09-02,04:00,60.1,41.7,50.4,0.0,0,NW,2.8,4.9,0.0,79.7,"Ahtanum, Yakima County",310112,Ahtanum,2020-12-17 11:46:22.200847
2020-09-02,04:15,58.3,42.2,54.8,0.0,0,W,3.6,5.3,0.0,79.5,"Ahtanum, Yakima County",310112,Ahtanum,2020-12-17 11:46:22.200847
2020-09-02,04:30,56.7,43.5,61.1,0.0,0,W,3.6,4.6,0.0,79.4,"Ahtanum, Yakima County",310112,Ahtanum,2020-12-17 11:46:22.200847
2020-09-02,04:45,56.6,44.4,63.5,0.0,0,W,2.8,4.6,0.0,79.3,"Ahtanum, Yakima County",310112,Ahtanum,2020-12-17 11:46:22.200847
2020-09-02,05:00,59.1,41.3,51.4,0.0,0,W,4.7,7.4,0.0,79.1,"Ahtanum, Yakima County",310112,Ahtanum,2020-12-17 11:46:22.200847
2020-09-02,05:15,58.9,41.8,53.0,0.0,1,W,4.3,6.0,0.0,79.0,"Ahtanum, Yakima County",310112,Ahtanum,2020-12-17 11:46:22.200847
2020-09-02,05:30,59.1,42.0,53.0,0.0,5,W,4.4,6.0,0.0,78.9,"Ahtanum, Yakima County",310112,Ahtanum,2020-12-17 11:46:22.200847
2020-09-02,05:45,58.8,43.3,56.2,0.0,23,W,4.3,5.7,0.0,78.8,"Ahtanum, Yakima County",310112,Ahtanum,2020-12-17 11:46:22.200847
2020-09-02,06:00,59.4,43.8,56.1,0.0,38,W,4.3,5.3,0.0,78.6,"Ahtanum, Yakima County",310112,Ahtanum,2020-12-17 11:46:22.200847
2020-09-02,06:15,62.3,39.8,43.3,0.0,90,W,4.3,6.7,0.0,78.5,"Ahtanum, Yakima County",310112,Ahtanum,2020-12-17 11:46:22.200847
2020-09-02,06:30,64.5,41.7,43.2,0.0,129,NW,3.7,6.0,0.0,78.4,"Ahtanum, Yakima County",310112,Ahtanum,2020-12-17 11:46:22.200847
2020-09-02,06:45,66.2,44.0,44.6,0.0,168,W,3.4,4.9,0.0,78.2,"Ahtanum, Yakima County",310112,Ahtanum,2020-12-17 11:46:22.200847
2020-09-02,07:00,66.5,44.3,44.6,0.0,211,SW,3.7,6.0,0.0,78.1,"Ahtanum, Yakima County",310112,Ahtanum,2020-12-17 11:46:22.200847
2020-09-02,07:15,68.7,43.8,40.5,0.0,254,SW,3.1,4.9,0.0,78.0,"Ahtanum, Yakima County",310112,Ahtanum,2020-12-17 11:46:22.200847
2020-09-02,07:30,71.1,45.8,40.3,0.0,295,W,1.8,3.1,0.0,77.9,"Ahtanum, Yakima County",310112,Ahtanum,2020-12-17 11:46:22.200847
2020-09-02,07:45,75.5,48.6,38.6,0.0,337,N ,2.1,3.9,0.0,77.8,"Ahtanum, Yakima County",310112,Ahtanum,2020-12-17 11:46:22.200847
2020-09-02,08:00,74.8,50.4,42.3,0.0,379,NE,3.2,4.9,0.0,77.7,"Ahtanum, Yakima County",310112,Ahtanum,2020-12-17 11:46:22.200847
2020-09-02,08:15,75.4,48.9,39.1,0.0,419,E,3.4,6.0,0.0,77.6,"Ahtanum, Yakima County",310112,Ahtanum,2020-12-17 11:46:22.200847
2020-09-02,08:30,76.1,47.3,36.0,0.0,462,SE,3.4,5.7,0.0,77.5,"Ahtanum, Yakima County",310112,Ahtanum,2020-12-17 11:46:22.200847
2020-09-02,08:45,76.7,48.0,36.3,0.0,500,SE,3.1,5.7,0.0,77.4,"Ahtanum, Yakima County",310112,Ahtanum,2020-12-17 11:46:22.200847
2020-09-02,09:00,78.5,48.2,34.5,0.0,537,E,2.6,4.2,0.0,77.4,"Ahtanum, Yakima County",310112,Ahtanum,2020-12-17 11:46:22.200847
2020-09-02,09:15,80.1,49.0,33.7,0.0,568,E,2.6,4.2,0.0,77.3,"Ahtanum, Yakima County",310112,Ahtanum,2020-12-17 11:46:22.200847
2020-09-02,09:30,81.4,51.0,34.8,0.0,602,NE,2.8,4.9,0.0,77.3,"Ahtanum, Yakima County",310112,Ahtanum,2020-12-17 11:46:22.200847
2020-09-02,09:45,81.3,49.0,32.5,0.0,631,E,4.5,7.4,0.0,77.3,"Ahtanum, Yakima County",310112,Ahtanum,2020-12-17 11:46:22.200847
2020-09-02,10:00,81.8,48.9,31.7,0.0,656,E,4.3,7.8,0.0,77.3,"Ahtanum, Yakima County",310112,Ahtanum,2020-12-17 11:46:22.200847
2020-09-02,10:15,83.3,50.5,32.1,0.0,680,NE,3.8,7.1,0.0,77.3,"Ahtanum, Yakima County",310112,Ahtanum,2020-12-17 11:46:22.200847
2020-09-02,10:30,83.6,51.9,33.5,0.0,702,NE,4.6,7.1,0.0,77.3,"Ahtanum, Yakima County",310112,Ahtanum,2020-12-17 11:46:22.200847
2020-09-02,10:45,84.2,50.1,30.7,0.0,718,NE,5.3,8.2,0.0,77.4,"Ahtanum, Yakima County",310112,Ahtanum,2020-12-17 11:46:22.200847
2020-09-02,11:00,84.6,49.7,29.9,0.0,734,NE,5.2,8.9,0.0,77.5,"Ahtanum, Yakima County",310112,Ahtanum,2020-12-17 11:46:22.200847
2020-09-02,11:15,85.1,49.3,28.9,0.0,744,NE,5.1,9.2,0.0,77.6,"Ahtanum, Yakima County",310112,Ahtanum,2020-12-17 11:46:22.200847
2020-09-02,11:30,85.6,50.3,29.6,0.0,750,NE,4.5,7.4,0.0,77.7,"Ahtanum, Yakima County",310112,Ahtanum,2020-12-17 11:46:22.200847
2020-09-02,11:45,86.7,50.7,29.0,0.0,757,NE,4.8,7.8,0.0,77.8,"Ahtanum, Yakima County",310112,Ahtanum,2020-12-17 11:46:22.200847
2020-09-02,12:00,87.6,48.9,26.4,0.0,761,E,5.7,9.6,0.0,78.0,"Ahtanum, Yakima County",310112,Ahtanum,2020-12-17 11:46:22.200847
2020-09-02,12:15,88.1,48.0,25.1,0.0,761,NE,5.4,8.5,0.0,78.1,"Ahtanum, Yakima County",310112,Ahtanum,2020-12-17 11:46:22.200847
2020-09-02,12:30,88.6,47.9,24.6,0.0,757,NE,5.4,8.9,0.0,78.3,"Ahtanum, Yakima County",310112,Ahtanum,2020-12-17 11:46:22.200847
2020-09-02,12:45,88.8,48.2,24.7,0.0,749,NE,4.9,10.3,0.0,78.5,"Ahtanum, Yakima County",310112,Ahtanum,2020-12-17 11:46:22.200847
2020-09-02,13:00,89.7,46.1,22.3,0.0,740,E,3.9,8.5,0.0,78.7,"Ahtanum, Yakima County",310112,Ahtanum,2020-12-17 11:46:22.200847
2020-09-02,13:15,89.6,47.6,23.5,0.0,725,E,4.6,8.9,0.0,78.9,"Ahtanum, Yakima County",310112,Ahtanum,2020-12-17 11:46:22.200847
2020-09-02,13:30,90.6,44.3,20.2,0.0,707,E,4.7,7.8,0.0,79.1,"Ahtanum, Yakima County",310112,Ahtanum,2020-12-17 11:46:22.200847
2020-09-02,13:45,91.1,45.3,20.6,0.0,690,E,4.1,7.4,0.0,79.4,"Ahtanum, Yakima County",310112,Ahtanum,2020-12-17 11:46:22.200847
2020-09-02,14:00,91.5,46.6,21.4,0.0,667,E,3.3,6.7,0.0,79.6,"Ahtanum, Yakima County",310112,Ahtanum,2020-12-17 11:46:22.200847
2020-09-02,14:15,91.3,46.5,21.4,0.0,643,SE,3.8,7.1,0.0,79.8,"Ahtanum, Yakima County",310112,Ahtanum,2020-12-17 11:46:22.200847
2020-09-02,14:30,91.0,45.4,20.7,0.0,615,SE,4.1,8.5,0.0,80.1,"Ahtanum, Yakima County",310112,Ahtanum,2020-12-17 11:46:22.200847
2020-09-02,14:45,90.5,49.1,24.3,0.0,585,S,4.3,7.4,0.0,80.3,"Ahtanum, Yakima County",310112,Ahtanum,2020-12-17 11:46:22.200847
2020-09-02,15:00,90.2,48.4,23.9,0.0,555,SW,4.0,7.1,0.0,80.6,"Ahtanum, Yakima County",310112,Ahtanum,2020-12-17 11:46:22.200847
2020-09-02,15:15,91.0,47.8,22.8,0.0,523,S,3.3,5.3,0.0,80.8,"Ahtanum, Yakima County",310112,Ahtanum,2020-12-17 11:46:22.200847
2020-09-02,15:30,90.6,49.2,24.3,0.0,487,S,3.6,7.1,0.0,81.1,"Ahtanum, Yakima County",310112,Ahtanum,2020-12-17 11:46:22.200847
2020-09-02,15:45,91.7,47.9,22.4,0.0,449,N,5.4,10.7,0.0,81.3,"Ahtanum, Yakima County",310112,Ahtanum,2020-12-17 11:46:22.200847
2020-09-02,16:00,91.5,48.6,23.1,0.0,409,NW,5.6,9.6,0.0,81.5,"Ahtanum, Yakima County",310112,Ahtanum,2020-12-17 11:46:22.200847
2020-09-02,16:15,91.7,48.3,22.7,0.0,368,NW,4.6,8.9,0.0,81.7,"Ahtanum, Yakima County",310112,Ahtanum,2020-12-17 11:46:22.200847
2020-09-02,16:30,90.9,49.9,24.7,0.0,327,N,5.0,9.2,0.0,81.9,"Ahtanum, Yakima County",310112,Ahtanum,2020-12-17 11:46:22.200847
2020-09-02,16:45,89.8,51.7,27.4,0.0,284,N ,3.4,6.7,0.0,82.1,"Ahtanum, Yakima County",310112,Ahtanum,2020-12-17 11:46:22.200847
2020-09-02,17:00,89.8,49.9,25.5,0.0,242,NW,4.2,8.2,0.0,82.3,"Ahtanum, Yakima County",310112,Ahtanum,2020-12-17 11:46:22.200847
2020-09-02,17:15,88.7,49.6,26.1,0.0,200,W,5.2,9.6,0.0,82.4,"Ahtanum, Yakima County",310112,Ahtanum,2020-12-17 11:46:22.200847
2020-09-02,17:30,87.6,49.3,26.7,0.0,160,NW,6.9,12.8,0.0,82.6,"Ahtanum, Yakima County",310112,Ahtanum,2020-12-17 11:46:22.200847
2020-09-02,17:45,87.0,48.8,26.8,0.0,123,NW,7.5,13.5,0.0,82.7,"Ahtanum, Yakima County",310112,Ahtanum,2020-12-17 11:46:22.200847
2020-09-02,18:00,85.9,49.0,27.9,0.0,89,NW,6.7,9.9,0.0,82.8,"Ahtanum, Yakima County",310112,Ahtanum,2020-12-17 11:46:22.200847
2020-09-02,18:15,84.6,48.8,28.9,0.0,57,W,7.0,12.4,0.0,83.0,"Ahtanum, Yakima County",310112,Ahtanum,2020-12-17 11:46:22.200847
2020-09-02,18:30,83.0,48.6,30.2,0.0,18,W,6.8,10.7,0.0,83.1,"Ahtanum, Yakima County",310112,Ahtanum,2020-12-17 11:46:22.200847
2020-09-02,18:45,81.4,48.5,31.8,0.0,5,W,5.9,11.0,0.0,83.1,"Ahtanum, Yakima County",310112,Ahtanum,2020-12-17 11:46:22.200847
2020-09-02,19:00,81.2,48.2,31.5,0.0,1,W,7.7,11.4,0.0,83.2,"Ahtanum, Yakima County",310112,Ahtanum,2020-12-17 11:46:22.200847
2020-09-02,19:15,81.2,48.2,31.5,0.0,0,NW,6.3,12.4,0.0,83.3,"Ahtanum, Yakima County",310112,Ahtanum,2020-12-17 11:46:22.200847
2020-09-02,19:30,80.3,48.8,33.2,0.0,0,SW,3.3,7.1,0.0,83.3,"Ahtanum, Yakima County",310112,Ahtanum,2020-12-17 11:46:22.200847
2020-09-02,19:45,78.6,49.6,36.3,0.0,0,SW,2.0,4.9,0.0,83.3,"Ahtanum, Yakima County",310112,Ahtanum,2020-12-17 11:46:22.200847
2020-09-02,20:00,75.0,52.0,44.6,0.0,0,SE,0.6,2.1,0.0,83.3,"Ahtanum, Yakima County",310112,Ahtanum,2020-12-17 11:46:22.200847
2020-09-02,20:15,72.1,52.6,50.4,0.0,0,N ,1.7,4.2,0.0,83.3,"Ahtanum, Yakima County",310112,Ahtanum,2020-12-17 11:46:22.200847
2020-09-02,20:30,72.7,51.9,48.0,0.0,0,N,3.6,6.4,0.0,83.3,"Ahtanum, Yakima County",310112,Ahtanum,2020-12-17 11:46:22.200847
2020-09-02,20:45,74.3,53.1,47.4,0.0,0,N,5.6,8.9,0.0,83.3,"Ahtanum, Yakima County",310112,Ahtanum,2020-12-17 11:46:22.200847
2020-09-02,21:00,74.3,53.6,48.5,0.0,0,N,5.4,8.5,0.0,83.3,"Ahtanum, Yakima County",310112,Ahtanum,2020-12-17 11:46:22.200847
2020-09-02,21:15,74.4,53.3,47.7,0.0,0,NW,5.5,8.5,0.0,83.2,"Ahtanum, Yakima County",310112,Ahtanum,2020-12-17 11:46:22.200847
2020-09-02,21:30,73.6,53.5,49.3,0.0,0,NW,5.3,9.6,0.0,83.1,"Ahtanum, Yakima County",310112,Ahtanum,2020-12-17 11:46:22.200847
2020-09-02,21:45,72.0,53.7,52.6,0.0,0,SW,2.8,6.0,0.0,83.1,"Ahtanum, Yakima County",310112,Ahtanum,2020-12-17 11:46:22.200847
2020-09-02,22:00,70.8,53.5,54.3,0.0,0,SW,2.7,5.7,0.0,83.0,"Ahtanum, Yakima County",310112,Ahtanum,2020-12-17 11:46:22.200847
2020-09-02,22:15,67.5,54.6,63.3,0.0,0,W,1.0,3.5,0.0,82.9,"Ahtanum, Yakima County",310112,Ahtanum,2020-12-17 11:46:22.200847
2020-09-02,22:30,66.3,54.7,66.3,0.0,0,SW,1.2,3.5,0.0,82.8,"Ahtanum, Yakima County",310112,Ahtanum,2020-12-17 11:46:22.200847
2020-09-02,22:45,67.4,54.3,62.8,0.0,0,SW,2.1,3.5,0.0,82.7,"Ahtanum, Yakima County",310112,Ahtanum,2020-12-17 11:46:22.200847
2020-09-02,23:00,65.0,54.7,69.1,0.0,0,W,2.3,3.5,0.0,82.7,"Ahtanum, Yakima County",310112,Ahtanum,2020-12-17 11:46:22.200847
2020-09-03,23:15,63.3,54.3,72.6,0.0,0,W,2.4,3.9,0.0,82.6,"Ahtanum, Yakima County",310112,Ahtanum,2020-12-17 11:46:22.200847
2020-09-03,23:30,63.7,52.9,67.9,0.0,0,W,4.1,5.7,0.0,82.5,"Ahtanum, Yakima County",310112,Ahtanum,2020-12-17 11:46:22.200847
2020-09-03,23:45,63.7,52.2,66.1,0.0,0,W,3.3,4.6,0.0,82.4,"Ahtanum, Yakima County",310112,Ahtanum,2020-12-17 11:46:22.200847
2020-09-03,24:00,64.0,51.5,63.6,0.0,0,W,3.4,4.2,0.0,82.3,"Ahtanum, Yakima County",310112,Ahtanum,2020-12-17 11:46:22.200847
2020-09-03,00:15,61.7,52.0,70.4,0.0,0,W,3.5,4.6,0.0,82.1,"Ahtanum, Yakima County",310112,Ahtanum,2020-12-17 11:46:22.200847
2020-09-03,00:30,62.3,51.2,66.9,0.0,0,W,3.4,4.6,0.0,82.0,"Ahtanum, Yakima County",310112,Ahtanum,2020-12-17 11:46:22.200847
2020-09-03,00:45,61.5,51.4,69.3,0.0,0,W,3.3,4.9,0.0,81.9,"Ahtanum, Yakima County",310112,Ahtanum,2020-12-17 11:46:22.200847
2020-09-03,01:00,60.6,51.2,71.0,0.0,0,W,3.5,4.9,0.0,81.8,"Ahtanum, Yakima County",310112,Ahtanum,2020-12-17 11:46:22.200847
2020-09-03,01:15,60.4,50.7,70.2,0.0,0,W,3.0,4.2,0.0,81.7,"Ahtanum, Yakima County",310112,Ahtanum,2020-12-17 11:46:22.200847
2020-09-03,01:30,60.4,50.5,69.7,0.0,0,W,2.7,4.2,0.0,81.5,"Ahtanum, Yakima County",310112,Ahtanum,2020-12-17 11:46:22.200847
2020-09-03,01:45,60.3,48.4,64.6,0.0,0,W,4.1,5.3,0.0,81.4,"Ahtanum, Yakima County",310112,Ahtanum,2020-12-17 11:46:22.200847
2020-09-03,02:00,60.7,48.3,63.7,0.0,0,W,3.7,4.6,0.0,81.3,"Ahtanum, Yakima County",310112,Ahtanum,2020-12-17 11:46:22.200847
2020-09-03,02:15,59.9,48.7,66.3,0.0,0,W,4.1,4.6,0.0,81.2,"Ahtanum, Yakima County",310112,Ahtanum,2020-12-17 11:46:22.200847
2020-09-03,02:30,61.9,48.6,61.7,0.0,0,W,3.9,4.9,0.0,81.0,"Ahtanum, Yakima County",310112,Ahtanum,2020-12-17 11:46:22.200847
2020-09-03,02:45,60.4,49.1,66.0,0.0,0,W,3.5,4.6,0.0,80.9,"Ahtanum, Yakima County",310112,Ahtanum,2020-12-17 11:46:22.200847
2020-09-03,03:00,59.5,47.9,65.3,0.0,0,W,4.2,5.7,0.0,80.8,"Ahtanum, Yakima County",310112,Ahtanum,2020-12-17 11:46:22.200847
2020-09-03,03:15,60.0,45.8,59.5,0.0,0,W,4.0,5.3,0.0,80.6,"Ahtanum, Yakima County",310112,Ahtanum,2020-12-17 11:46:22.200847
2020-09-03,03:30,62.4,45.0,52.9,0.0,0,W,4.1,5.7,0.0,80.5,"Ahtanum, Yakima County",310112,Ahtanum,2020-12-17 11:46:22.200847
2020-09-03,03:45,61.6,44.8,53.9,0.0,0,W,3.2,4.6,0.0,80.4,"Ahtanum, Yakima County",310112,Ahtanum,2020-12-17 11:46:22.200847
2020-09-03,04:00,58.8,45.6,61.4,0.0,0,SW,1.8,3.1,0.0,80.2,"Ahtanum, Yakima County",310112,Ahtanum,2020-12-17 11:46:22.200847
2020-09-03,04:15,56.8,46.8,69.0,0.0,0,W,2.1,3.5,0.0,80.1,"Ahtanum, Yakima County",310112,Ahtanum,2020-12-17 11:46:22.200847
2020-09-03,04:30,55.8,47.1,72.3,0.0,0,W,1.8,3.5,0.0,80.0,"Ahtanum, Yakima County",310112,Ahtanum,2020-12-17 11:46:22.200847
2020-09-03,04:45,56.4,46.4,69.0,0.0,0,W,2.4,3.5,0.0,79.8,"Ahtanum, Yakima County",310112,Ahtanum,2020-12-17 11:46:22.200847
2020-09-03,05:00,57.4,47.7,69.8,0.0,0,W,2.8,3.9,0.0,79.7,"Ahtanum, Yakima County",310112,Ahtanum,2020-12-17 11:46:22.200847
2020-09-03,05:15,56.5,47.7,72.1,0.0,1,W,3.4,4.2,0.0,79.6,"Ahtanum, Yakima County",310112,Ahtanum,2020-12-17 11:46:22.200847
2020-09-03,05:30,56.0,47.4,72.7,0.0,4,W,3.0,4.2,0.0,79.5,"Ahtanum, Yakima County",310112,Ahtanum,2020-12-17 11:46:22.200847
2020-09-03,05:45,55.3,47.0,73.7,0.0,15,W,3.4,4.6,0.0,79.3,"Ahtanum, Yakima County",310112,Ahtanum,2020-12-17 11:46:22.200847
2020-09-03,06:00,56.0,47.4,72.8,0.0,54,W,3.0,4.6,0.0,79.2,"Ahtanum, Yakima County",310112,Ahtanum,2020-12-17 11:46:22.200847
2020-09-03,06:15,58.8,47.3,65.7,0.0,86,W,2.9,4.2,0.0,79.1,"Ahtanum, Yakima County",310112,Ahtanum,2020-12-17 11:46:22.200847
2020-09-03,06:30,62.4,47.6,58.1,0.0,120,W,2.8,3.5,0.0,78.9,"Ahtanum, Yakima County",310112,Ahtanum,2020-12-17 11:46:22.200847
2020-09-03,06:45,63.8,47.9,56.1,0.0,158,W,2.6,3.1,0.0,78.8,"Ahtanum, Yakima County",310112,Ahtanum,2020-12-17 11:46:22.200847
2020-09-03,07:00,66.3,48.1,51.8,0.0,198,W,2.4,3.5,0.0,78.7,"Ahtanum, Yakima County",310112,Ahtanum,2020-12-17 11:46:22.200847
2020-09-03,07:15,68.5,47.4,46.7,0.0,240,S,1.6,3.5,0.0,78.6,"Ahtanum, Yakima County",310112,Ahtanum,2020-12-17 11:46:22.200847
2020-09-03,07:30,69.1,46.8,44.9,0.0,283,SE,2.6,4.9,0.0,78.5,"Ahtanum, Yakima County",310112,Ahtanum,2020-12-17 11:46:22.200847
2020-09-03,07:45,69.6,48.0,46.1,0.0,326,SE,2.9,4.6,0.0,78.3,"Ahtanum, Yakima County",310112,Ahtanum,2020-12-17 11:46:22.200847
2020-09-03,08:00,70.1,48.4,46.0,0.0,370,S,2.2,4.2,0.0,78.2,"Ahtanum, Yakima County",310112,Ahtanum,2020-12-17 11:46:22.200847
2020-09-03,08:15,71.2,47.9,43.5,0.0,412,E,2.6,4.2,0.0,78.1,"Ahtanum, Yakima County",310112,Ahtanum,2020-12-17 11:46:22.200847
2020-09-03,08:30,72.4,49.5,44.5,0.0,452,NE,2.9,4.9,0.0,78.0,"Ahtanum, Yakima County",310112,Ahtanum,2020-12-17 11:46:22.200847
2020-09-03,08:45,73.0,49.9,44.1,0.0,490,SE,3.0,6.4,0.0,78.0,"Ahtanum, Yakima County",310112,Ahtanum,2020-12-17 11:46:22.200847
2020-09-03,09:00,73.3,49.9,43.6,0.0,527,SE,3.5,6.4,0.0,77.9,"Ahtanum, Yakima County",310112,Ahtanum,2020-12-17 11:46:22.200847
2020-09-03,09:15,74.2,49.0,41.1,0.0,561,SE,3.6,6.4,0.0,77.8,"Ahtanum, Yakima County",310112,Ahtanum,2020-12-17 11:46:22.200847
2020-09-03,09:30,75.4,48.7,38.8,0.0,595,SE,3.1,5.3,0.0,77.8,"Ahtanum, Yakima County",310112,Ahtanum,2020-12-17 11:46:22.200847
2020-09-03,09:45,76.3,48.5,37.4,0.0,625,SE,3.9,6.0,0.0,77.8,"Ahtanum, Yakima County",310112,Ahtanum,2020-12-17 11:46:22.200847
2020-09-03,10:00,77.8,49.6,37.3,0.0,650,E,3.3,5.3,0.0,77.8,"Ahtanum, Yakima County",310112,Ahtanum,2020-12-17 11:46:22.200847
2020-09-03,10:15,79.2,50.6,36.9,0.0,674,E,3.5,6.0,0.0,77.8,"Ahtanum, Yakima County",310112,Ahtanum,2020-12-17 11:46:22.200847
2020-09-03,10:30,80.5,51.4,36.3,0.0,694,E,3.7,6.7,0.0,77.8,"Ahtanum, Yakima County",310112,Ahtanum,2020-12-17 11:46:22.200847
2020-09-03,10:45,81.1,51.8,36.1,0.0,713,SE,4.0,7.1,0.0,77.9,"Ahtanum, Yakima County",310112,Ahtanum,2020-12-17 11:46:22.200847
2020-09-03,11:00,81.8,51.4,34.8,0.0,731,E,3.6,6.7,0.0,77.9,"Ahtanum, Yakima County",310112,Ahtanum,2020-12-17 11:46:22.200847
2020-09-03,11:15,82.9,51.8,34.1,0.0,742,E,3.9,8.2,0.0,78.0,"Ahtanum, Yakima County",310112,Ahtanum,2020-12-17 11:46:22.200847
2020-09-03,11:30,83.5,51.3,32.9,0.0,753,E,4.5,8.5,0.0,78.1,"Ahtanum, Yakima County",310112,Ahtanum,2020-12-17 11:46:22.200847
2020-09-03,11:45,84.4,51.1,31.7,0.0,758,E,3.9,8.5,0.0,78.2,"Ahtanum, Yakima County",310112,Ahtanum,2020-12-17 11:46:22.200847
2020-09-03,12:00,85.7,50.0,29.2,0.0,760,E,4.3,7.4,0.0,78.4,"Ahtanum, Yakima County",310112,Ahtanum,2020-12-17 11:46:22.200847
2020-09-03,12:15,86.5,48.7,27.2,0.0,756,E,3.9,6.7,0.0,78.5,"Ahtanum, Yakima County",310112,Ahtanum,2020-12-17 11:46:22.200847
2020-09-03,12:30,87.1,48.7,26.6,0.0,752,E,4.3,7.8,0.0,78.6,"Ahtanum, Yakima County",310112,Ahtanum,2020-12-17 11:46:22.200847
2020-09-03,12:45,87.6,49.2,26.7,0.0,740,E,4.6,8.9,0.0,78.8,"Ahtanum, Yakima County",310112,Ahtanum,2020-12-17 11:46:22.200847
2020-09-03,13:00,88.5,49.7,26.4,0.0,732,E,3.2,7.4,0.0,79.0,"Ahtanum, Yakima County",310112,Ahtanum,2020-12-17 11:46:22.200847
2020-09-03,13:15,88.6,48.3,25.0,0.0,718,SE,4.1,7.4,0.0,79.2,"Ahtanum, Yakima County",310112,Ahtanum,2020-12-17 11:46:22.200847
2020-09-03,13:30,89.3,47.4,23.6,0.0,697,SE,4.5,8.2,0.0,79.4,"Ahtanum, Yakima County",310112,Ahtanum,2020-12-17 11:46:22.200847
2020-09-03,13:45,89.3,47.3,23.6,0.0,677,SE,4.5,7.8,0.0,79.6,"Ahtanum, Yakima County",310112,Ahtanum,2020-12-17 11:46:22.200847
2020-09-03,14:00,89.9,46.9,22.8,0.0,650,E,4.7,7.4,0.0,79.8,"Ahtanum, Yakima County",310112,Ahtanum,2020-12-17 11:46:22.200847
2020-09-03,14:15,89.8,47.2,23.1,0.0,623,SE,4.7,7.8,0.0,80.1,"Ahtanum, Yakima County",310112,Ahtanum,2020-12-17 11:46:22.200847
2020-09-03,14:30,89.8,46.3,22.3,0.0,595,SE,4.2,7.4,0.0,80.3,"Ahtanum, Yakima County",310112,Ahtanum,2020-12-17 11:46:22.200847
2020-09-03,14:45,90.2,47.8,23.3,0.0,566,SE,4.0,8.2,0.0,80.5,"Ahtanum, Yakima County",310112,Ahtanum,2020-12-17 11:46:22.200847
2020-09-03,15:00,89.9,51.4,26.9,0.0,537,S,3.9,7.8,0.0,80.8,"Ahtanum, Yakima County",310112,Ahtanum,2020-12-17 11:46:22.200847
2020-09-03,15:15,89.7,50.8,26.5,0.0,503,S,3.8,6.4,0.0,81.0,"Ahtanum, Yakima County",310112,Ahtanum,2020-12-17 11:46:22.200847
2020-09-03,15:30,89.7,50.7,26.4,0.0,467,S,3.4,5.3,0.0,81.2,"Ahtanum, Yakima County",310112,Ahtanum,2020-12-17 11:46:22.200847
2020-09-03,15:45,89.7,51.4,27.0,0.0,426,S,3.1,4.6,0.0,81.5,"Ahtanum, Yakima County",310112,Ahtanum,2020-12-17 11:46:22.200847
2020-09-03,16:00,89.6,50.3,26.1,0.0,382,S,2.9,4.6,0.0,81.7,"Ahtanum, Yakima County",310112,Ahtanum,2020-12-17 11:46:22.200847
2020-09-03,16:15,89.3,52.4,28.5,0.0,338,S,2.5,3.9,0.0,81.9,"Ahtanum, Yakima County",310112,Ahtanum,2020-12-17 11:46:22.200847
2020-09-03,16:30,88.8,53.4,30.0,0.0,296,S,2.7,4.6,0.0,82.0,"Ahtanum, Yakima County",310112,Ahtanum,2020-12-17 11:46:22.200847
2020-09-03,16:45,88.3,54.3,31.5,0.0,252,S,2.4,3.5,0.0,82.2,"Ahtanum, Yakima County",310112,Ahtanum,2020-12-17 11:46:22.200847
2020-09-03,17:00,87.6,54.7,32.7,0.0,209,S,2.3,3.5,0.0,82.4,"Ahtanum, Yakima County",310112,Ahtanum,2020-12-17 11:46:22.200847
2020-09-03,17:15,87.5,53.8,31.7,0.0,168,S,1.8,2.8,0.0,82.5,"Ahtanum, Yakima County",310112,Ahtanum,2020-12-17 11:46:22.200847
2020-09-03,17:30,87.0,54.3,32.8,0.0,130,S,2.1,3.9,0.0,82.7,"Ahtanum, Yakima County",310112,Ahtanum,2020-12-17 11:46:22.200847
2020-09-03,17:45,85.6,54.6,34.7,0.0,93,S,1.7,2.4,0.0,82.8,"Ahtanum, Yakima County",310112,Ahtanum,2020-12-17 11:46:22.200847
2020-09-03,18:00,84.5,56.6,38.6,0.0,61,SW,0.9,2.1,0.0,82.9,"Ahtanum, Yakima County",310112,Ahtanum,2020-12-17 11:46:22.200847
2020-09-03,18:15,81.6,58.4,45.3,0.0,33,W,1.4,2.8,0.0,83.0,"Ahtanum, Yakima County",310112,Ahtanum,2020-12-17 11:46:22.200847
2020-09-03,18:30,77.9,61.6,57.2,0.0,12,W,2.6,3.9,0.0,83.1,"Ahtanum, Yakima County",310112,Ahtanum,2020-12-17 11:46:22.200847
2020-09-03,18:45,75.4,61.1,61.3,0.0,4,W,3.4,4.2,0.0,83.2,"Ahtanum, Yakima County",310112,Ahtanum,2020-12-17 11:46:22.200847
2020-09-03,19:00,73.5,60.6,64.0,0.0,1,W,2.6,4.2,0.0,83.2,"Ahtanum, Yakima County",310112,Ahtanum,2020-12-17 11:46:22.200847
2020-09-03,19:15,74.0,57.9,57.1,0.0,0,W,3.3,4.6,0.0,83.3,"Ahtanum, Yakima County",310112,Ahtanum,2020-12-17 11:46:22.200847
2020-09-03,19:30,71.9,57.7,60.7,0.0,0,W,4.0,4.6,0.0,83.3,"Ahtanum, Yakima County",310112,Ahtanum,2020-12-17 11:46:22.200847
2020-09-03,19:45,71.3,56.6,59.7,0.0,0,W,4.1,4.6,0.0,83.4,"Ahtanum, Yakima County",310112,Ahtanum,2020-12-17 11:46:22.200847
2020-09-03,20:00,71.3,54.8,56.0,0.0,0,W,3.7,4.2,0.0,83.4,"Ahtanum, Yakima County",310112,Ahtanum,2020-12-17 11:46:22.200847
2020-09-03,20:15,71.5,53.5,53.0,0.0,0,W,3.1,4.2,0.0,83.4,"Ahtanum, Yakima County",310112,Ahtanum,2020-12-17 11:46:22.200847
2020-09-03,20:30,71.8,52.6,50.7,0.0,0,W,1.7,4.2,0.0,83.3,"Ahtanum, Yakima County",310112,Ahtanum,2020-12-17 11:46:22.200847
2020-09-03,20:45,73.5,50.8,44.8,0.0,0,W,4.5,5.7,0.0,83.3,"Ahtanum, Yakima County",310112,Ahtanum,2020-12-17 11:46:22.200847
2020-09-03,21:00,73.7,49.8,42.9,0.0,0,W,4.6,7.4,0.0,83.3,"Ahtanum, Yakima County",310112,Ahtanum,2020-12-17 11:46:22.200847
2020-09-03,21:15,73.4,49.1,42.2,0.0,0,W,4.8,7.1,0.0,83.2,"Ahtanum, Yakima County",310112,Ahtanum,2020-12-17 11:46:22.200847
2020-09-03,21:30,71.2,50.9,48.6,0.0,0,W,3.5,4.2,0.0,83.2,"Ahtanum, Yakima County",310112,Ahtanum,2020-12-17 11:46:22.200847
2020-09-03,21:45,68.9,51.5,53.8,0.0,0,NW,2.7,3.9,0.0,83.1,"Ahtanum, Yakima County",310112,Ahtanum,2020-12-17 11:46:22.200847
2020-09-03,22:00,68.0,51.6,55.7,0.0,0,W,2.8,3.9,0.0,83.0,"Ahtanum, Yakima County",310112,Ahtanum,2020-12-17 11:46:22.200847
2020-09-03,22:15,67.1,52.2,58.6,0.0,0,W,3.6,4.6,0.0,82.9,"Ahtanum, Yakima County",310112,Ahtanum,2020-12-17 11:46:22.200847
2020-09-03,22:30,66.5,51.9,59.2,0.0,0,W,3.8,4.9,0.0,82.8,"Ahtanum, Yakima County",310112,Ahtanum,2020-12-17 11:46:22.200847
2020-09-03,22:45,68.3,50.0,51.8,0.0,0,W,3.8,6.4,0.0,82.7,"Ahtanum, Yakima County",310112,Ahtanum,2020-12-17 11:46:22.200847
2020-09-03,23:00,67.7,50.3,53.6,0.0,0,W,4.0,4.9,0.0,82.6,"Ahtanum, Yakima County",310112,Ahtanum,2020-12-17 11:46:22.200847
2020-09-04,23:15,66.5,50.6,56.6,0.0,0,W,3.6,4.6,0.0,82.6,"Ahtanum, Yakima County",310112,Ahtanum,2020-12-17 11:46:22.200847
2020-09-04,23:30,65.5,51.1,59.7,0.0,0,W,3.2,3.9,0.0,82.5,"Ahtanum, Yakima County",310112,Ahtanum,2020-12-17 11:46:22.200847
2020-09-04,23:45,64.3,51.9,63.9,0.0,0,W,3.3,4.2,0.0,82.3,"Ahtanum, Yakima County",310112,Ahtanum,2020-12-17 11:46:22.200847
2020-09-04,24:00,64.7,50.9,60.9,0.0,0,W,3.5,4.6,0.0,82.2,"Ahtanum, Yakima County",310112,Ahtanum,2020-12-17 11:46:22.200847
2020-09-04,00:15,63.8,51.4,63.8,0.0,0,NW,1.8,3.5,0.0,82.1,"Ahtanum, Yakima County",310112,Ahtanum,2020-12-17 11:46:22.200847
2020-09-04,00:30,62.0,52.5,71.0,0.0,0,W,3.1,3.9,0.0,82.0,"Ahtanum, Yakima County",310112,Ahtanum,2020-12-17 11:46:22.200847
2020-09-04,00:45,60.7,52.8,75.0,0.0,0,W,3.3,3.9,0.0,81.9,"Ahtanum, Yakima County",310112,Ahtanum,2020-12-17 11:46:22.200847
2020-09-04,01:00,62.0,52.6,71.3,0.0,0,W,2.7,3.5,0.0,81.8,"Ahtanum, Yakima County",310112,Ahtanum,2020-12-17 11:46:22.200847
2020-09-04,01:15,61.2,52.5,73.0,0.0,0,W,3.1,3.9,0.0,81.7,"Ahtanum, Yakima County",310112,Ahtanum,2020-12-17 11:46:22.200847
2020-09-04,01:30,60.7,52.0,73.1,0.0,0,W,3.0,3.9,0.0,81.5,"Ahtanum, Yakima County",310112,Ahtanum,2020-12-17 11:46:22.200847
2020-09-04,01:45,60.2,52.1,74.5,0.0,0,W,4.1,5.3,0.0,81.4,"Ahtanum, Yakima County",310112,Ahtanum,2020-12-17 11:46:22.200847
2020-09-04,02:00,59.5,51.3,74.1,0.0,0,W,3.7,4.2,0.0,81.3,"Ahtanum, Yakima County",310112,Ahtanum,2020-12-17 11:46:22.200847
2020-09-04,02:15,59.2,51.3,74.8,0.0,0,W,4.0,4.6,0.0,81.2,"Ahtanum, Yakima County",310112,Ahtanum,2020-12-17 11:46:22.200847
2020-09-04,02:30,59.1,50.9,74.2,0.0,0,W,3.7,4.6,0.0,81.0,"Ahtanum, Yakima County",310112,Ahtanum,2020-12-17 11:46:22.200847
2020-09-04,02:45,59.2,50.6,73.2,0.0,0,W,4.0,4.6,0.0,80.9,"Ahtanum, Yakima County",310112,Ahtanum,2020-12-17 11:46:22.200847
2020-09-04,03:00,60.1,50.0,69.2,0.0,0,W,3.9,4.9,0.0,80.8,"Ahtanum, Yakima County",310112,Ahtanum,2020-12-17 11:46:22.200847
2020-09-04,03:15,59.3,50.4,72.3,0.0,0,W,4.0,4.9,0.0,80.7,"Ahtanum, Yakima County",310112,Ahtanum,2020-12-17 11:46:22.200847
2020-09-04,03:30,59.0,49.9,71.7,0.0,0,W,2.5,4.6,0.0,80.5,"Ahtanum, Yakima County",310112,Ahtanum,2020-12-17 11:46:22.200847
2020-09-04,03:45,57.6,50.7,77.7,0.0,0,W,3.9,4.9,0.0,80.4,"Ahtanum, Yakima County",310112,Ahtanum,2020-12-17 11:46:22.200847
2020-09-04,04:00,57.0,50.5,78.7,0.0,0,W,3.8,5.3,0.01,80.3,"Ahtanum, Yakima County",310112,Ahtanum,2020-12-17 11:46:22.200847
2020-09-04,04:15,57.8,50.3,76.0,0.0,0,W,3.7,4.6,0.01,80.2,"Ahtanum, Yakima County",310112,Ahtanum,2020-12-17 11:46:22.200847
2020-09-04,04:30,57.3,50.4,77.6,0.0,0,W,3.0,4.9,0.01,80.0,"Ahtanum, Yakima County",310112,Ahtanum,2020-12-17 11:46:22.200847
2020-09-04,04:45,58.1,49.2,72.2,0.0,0,W,2.8,4.2,0.01,79.9,"Ahtanum, Yakima County",310112,Ahtanum,2020-12-17 11:46:22.200847
2020-09-04,05:00,57.1,49.7,76.2,0.0,0,W,3.5,5.3,0.01,79.8,"Ahtanum, Yakima County",310112,Ahtanum,2020-12-17 11:46:22.200847
2020-09-04,05:15,57.4,49.5,74.8,0.0,0,W,3.3,4.6,0.01,79.7,"Ahtanum, Yakima County",310112,Ahtanum,2020-12-17 11:46:22.200847
2020-09-04,05:30,56.2,49.8,78.8,0.0,4,W,2.6,4.2,0.02,79.6,"Ahtanum, Yakima County",310112,Ahtanum,2020-12-17 11:46:22.200847
2020-09-04,05:45,55.6,50.0,81.2,0.0,14,W,3.8,4.6,0.02,79.4,"Ahtanum, Yakima County",310112,Ahtanum,2020-12-17 11:46:22.200847
2020-09-04,06:00,56.2,49.8,79.1,0.0,30,W,3.3,4.2,0.02,79.3,"Ahtanum, Yakima County",310112,Ahtanum,2020-12-17 11:46:22.200847
2020-09-04,06:15,57.8,49.5,73.8,0.0,49,W,2.8,3.5,0.02,79.2,"Ahtanum, Yakima County",310112,Ahtanum,2020-12-17 11:46:22.200847
2020-09-04,06:30,59.5,49.5,69.3,0.0,82,W,2.9,4.2,0.01,79.1,"Ahtanum, Yakima County",310112,Ahtanum,2020-12-17 11:46:22.200847
2020-09-04,06:45,61.7,49.6,64.3,0.0,120,W,2.7,3.5,0.01,78.9,"Ahtanum, Yakima County",310112,Ahtanum,2020-12-17 11:46:22.200847
2020-09-04,07:00,63.2,50.3,62.7,0.0,157,W,2.1,3.1,0.0,78.8,"Ahtanum, Yakima County",310112,Ahtanum,2020-12-17 11:46:22.200847
2020-09-04,07:15,65.5,49.9,57.0,0.0,206,W,1.4,2.4,0.0,78.7,"Ahtanum, Yakima County",310112,Ahtanum,2020-12-17 11:46:22.200847
2020-09-04,07:30,68.0,49.7,52.0,0.0,244,N ,1.3,2.8,0.0,78.6,"Ahtanum, Yakima County",310112,Ahtanum,2020-12-17 11:46:22.200847
2020-09-04,07:45,68.4,50.3,52.4,0.0,279,N ,2.2,3.5,0.0,78.5,"Ahtanum, Yakima County",310112,Ahtanum,2020-12-17 11:46:22.200847
2020-09-04,08:00,68.5,50.8,53.2,0.0,318,N ,2.3,3.5,0.0,78.4,"Ahtanum, Yakima County",310112,Ahtanum,2020-12-17 11:46:22.200847
2020-09-04,08:15,69.1,51.7,53.7,0.0,347,N,2.4,3.5,0.0,78.3,"Ahtanum, Yakima County",310112,Ahtanum,2020-12-17 11:46:22.200847
2020-09-04,08:30,70.2,51.4,51.4,0.0,378,N ,1.4,2.8,0.0,78.2,"Ahtanum, Yakima County",310112,Ahtanum,2020-12-17 11:46:22.200847
2020-09-04,08:45,72.5,51.1,46.9,0.0,407,SW,1.3,2.8,0.0,78.1,"Ahtanum, Yakima County",310112,Ahtanum,2020-12-17 11:46:22.200847
2020-09-04,09:00,73.4,53.1,49.0,0.0,442,SW,1.8,3.1,0.0,78.0,"Ahtanum, Yakima County",310112,Ahtanum,2020-12-17 11:46:22.200847
2020-09-04,09:15,74.7,52.0,45.1,0.0,480,SW,1.9,3.1,0.0,78.0,"Ahtanum, Yakima County",310112,Ahtanum,2020-12-17 11:46:22.200847
2020-09-04,09:30,76.9,50.9,40.1,0.0,523,S,1.9,3.9,0.0,77.9,"Ahtanum, Yakima County",310112,Ahtanum,2020-12-17 11:46:22.200847
2020-09-04,09:45,77.8,49.9,37.6,0.0,550,SE,3.5,4.9,0.0,77.9,"Ahtanum, Yakima County",310112,Ahtanum,2020-12-17 11:46:22.200847
2020-09-04,10:00,78.7,49.9,36.4,0.0,566,SE,3.0,4.9,0.0,77.9,"Ahtanum, Yakima County",310112,Ahtanum,2020-12-17 11:46:22.200847
2020-09-04,10:15,80.1,49.9,34.8,0.0,611,E,3.1,5.7,0.0,77.9,"Ahtanum, Yakima County",310112,Ahtanum,2020-12-17 11:46:22.200847
2020-09-04,10:30,80.8,50.7,35.1,0.0,635,SE,4.0,6.7,0.0,77.9,"Ahtanum, Yakima County",310112,Ahtanum,2020-12-17 11:46:22.200847
2020-09-04,10:45,81.6,50.5,33.9,0.0,655,SE,4.0,7.1,0.0,77.9,"Ahtanum, Yakima County",310112,Ahtanum,2020-12-17 11:46:22.200847
2020-09-04,11:00,82.7,50.6,32.9,0.0,660,SE,3.5,6.0,0.0,78.0,"Ahtanum, Yakima County",310112,Ahtanum,2020-12-17 11:46:22.200847
2020-09-04,11:15,84.5,49.7,30.1,0.0,671,NE,2.9,5.7,0.0,78.1,"Ahtanum, Yakima County",310112,Ahtanum,2020-12-17 11:46:22.200847
2020-09-04,11:30,84.2,50.5,31.2,0.0,676,N ,3.5,4.6,0.0,78.1,"Ahtanum, Yakima County",310112,Ahtanum,2020-12-17 11:46:22.200847
2020-09-04,11:45,84.6,50.3,30.6,0.0,698,N ,3.6,4.9,0.0,78.2,"Ahtanum, Yakima County",310112,Ahtanum,2020-12-17 11:46:22.200847
2020-09-04,12:00,85.7,50.9,30.1,0.0,712,NE,3.4,4.6,0.0,78.3,"Ahtanum, Yakima County",310112,Ahtanum,2020-12-17 11:46:22.200847
2020-09-04,12:15,86.8,52.1,30.6,0.0,707,N ,3.8,5.3,0.0,78.4,"Ahtanum, Yakima County",310112,Ahtanum,2020-12-17 11:46:22.200847
2020-09-04,12:30,87.0,54.1,32.5,0.0,709,NE,3.2,4.6,0.0,78.6,"Ahtanum, Yakima County",310112,Ahtanum,2020-12-17 11:46:22.200847
2020-09-04,12:45,87.9,54.2,31.8,0.0,708,NE,3.3,5.7,0.0,78.7,"Ahtanum, Yakima County",310112,Ahtanum,2020-12-17 11:46:22.200847
2020-09-04,13:00,89.6,52.7,28.4,0.0,699,NE,3.3,6.7,0.0,78.9,"Ahtanum, Yakima County",310112,Ahtanum,2020-12-17 11:46:22.200847
2020-09-04,13:15,90.1,50.5,25.8,0.0,695,E,3.5,6.4,0.0,79.1,"Ahtanum, Yakima County",310112,Ahtanum,2020-12-17 11:46:22.200847
2020-09-04,13:30,90.7,51.5,26.4,0.0,670,NE,3.7,7.4,0.0,79.3,"Ahtanum, Yakima County",310112,Ahtanum,2020-12-17 11:46:22.200847
2020-09-04,13:45,90.6,53.7,28.6,0.0,649,NE,3.5,5.7,0.0,79.5,"Ahtanum, Yakima County",310112,Ahtanum,2020-12-17 11:46:22.200847
2020-09-04,14:00,90.2,56.5,32.1,0.0,619,NE,3.8,6.0,0.0,79.7,"Ahtanum, Yakima County",310112,Ahtanum,2020-12-17 11:46:22.200847
2020-09-04,14:15,89.9,55.7,31.5,0.0,581,NE,3.6,4.9,0.0,79.9,"Ahtanum, Yakima County",310112,Ahtanum,2020-12-17 11:46:22.200847
2020-09-04,14:30,90.2,55.2,30.6,0.0,535,NE,3.7,6.0,0.0,80.1,"Ahtanum, Yakima County",310112,Ahtanum,2020-12-17 11:46:22.200847
2020-09-04,14:45,90.1,54.9,30.4,0.0,520,NE,3.4,4.6,0.0,80.3,"Ahtanum, Yakima County",310112,Ahtanum,2020-12-17 11:46:22.200847
2020-09-04,15:00,90.9,53.8,28.5,0.0,491,NE,3.3,4.9,0.0,80.5,"Ahtanum, Yakima County",310112,Ahtanum,2020-12-17 11:46:22.200847
2020-09-04,15:15,91.5,52.0,26.1,0.0,438,NE,3.1,4.2,0.0,80.8,"Ahtanum, Yakima County",310112,Ahtanum,2020-12-17 11:46:22.200847
2020-09-04,15:30,91.0,55.1,29.7,0.0,416,NE,2.8,3.5,0.0,81.0,"Ahtanum, Yakima County",310112,Ahtanum,2020-12-17 11:46:22.200847
2020-09-04,15:45,90.6,55.0,30.0,0.0,347,NE,3.2,4.6,0.0,81.2,"Ahtanum, Yakima County",310112,Ahtanum,2020-12-17 11:46:22.200847
2020-09-04,16:00,90.9,53.3,28.0,0.0,381,NE,2.8,3.9,0.0,81.4,"Ahtanum, Yakima County",310112,Ahtanum,2020-12-17 11:46:22.200847
2020-09-04,16:15,91.5,50.6,24.9,0.0,314,NE,2.8,4.2,0.0,81.6,"Ahtanum, Yakima County",310112,Ahtanum,2020-12-17 11:46:22.200847
2020-09-04,16:30,90.8,55.5,30.3,0.0,282,NE,2.6,3.9,0.0,81.8,"Ahtanum, Yakima County",310112,Ahtanum,2020-12-17 11:46:22.200847
2020-09-04,16:45,90.0,51.9,27.3,0.0,245,SE,2.3,3.9,0.0,82.0,"Ahtanum, Yakima County",310112,Ahtanum,2020-12-17 11:46:22.200847
2020-09-04,17:00,89.0,50.4,26.7,0.0,190,S,2.1,3.1,0.0,82.2,"Ahtanum, Yakima County",310112,Ahtanum,2020-12-17 11:46:22.200847
2020-09-04,17:15,88.3,52.5,29.5,0.0,160,S,1.7,2.4,0.0,82.3,"Ahtanum, Yakima County",310112,Ahtanum,2020-12-17 11:46:22.200847
2020-09-04,17:30,88.2,54.3,31.6,0.0,120,SW,1.2,1.7,0.0,82.5,"Ahtanum, Yakima County",310112,Ahtanum,2020-12-17 11:46:22.200847
2020-09-04,17:45,85.8,56.0,36.2,0.0,78,W,1.3,2.8,0.0,82.6,"Ahtanum, Yakima County",310112,Ahtanum,2020-12-17 11:46:22.200847
2020-09-04,18:00,81.6,60.3,48.4,0.0,50,W,2.4,3.5,0.0,82.7,"Ahtanum, Yakima County",310112,Ahtanum,2020-12-17 11:46:22.200847
2020-09-04,18:15,77.9,62.9,59.7,0.0,20,W,2.6,3.9,0.0,82.8,"Ahtanum, Yakima County",310112,Ahtanum,2020-12-17 11:46:22.200847
2020-09-04,18:30,76.0,61.9,61.6,0.0,11,W,2.5,3.5,0.0,82.9,"Ahtanum, Yakima County",310112,Ahtanum,2020-12-17 11:46:22.200847
2020-09-04,18:45,74.2,61.2,63.7,0.0,4,W,3.6,4.6,0.0,83.0,"Ahtanum, Yakima County",310112,Ahtanum,2020-12-17 11:46:22.200847
2020-09-04,19:00,72.0,58.9,63.3,0.0,1,W,3.0,5.3,0.0,83.1,"Ahtanum, Yakima County",310112,Ahtanum,2020-12-17 11:46:22.200847
2020-09-04,19:15,73.6,53.5,49.2,0.0,0,W,4.1,5.3,0.0,83.1,"Ahtanum, Yakima County",310112,Ahtanum,2020-12-17 11:46:22.200847
2020-09-04,19:30,73.6,52.6,47.7,0.0,0,W,4.4,5.3,0.0,83.1,"Ahtanum, Yakima County",310112,Ahtanum,2020-12-17 11:46:22.200847
2020-09-04,19:45,72.5,52.4,49.2,0.0,0,W,4.3,4.9,0.0,83.2,"Ahtanum, Yakima County",310112,Ahtanum,2020-12-17 11:46:22.200847
2020-09-04,20:00,71.6,52.7,51.3,0.0,0,W,4.0,4.9,0.0,83.2,"Ahtanum, Yakima County",310112,Ahtanum,2020-12-17 11:46:22.200847
2020-09-04,20:15,70.3,51.5,51.1,0.0,0,W,4.6,5.7,0.0,83.2,"Ahtanum, Yakima County",310112,Ahtanum,2020-12-17 11:46:22.200847
2020-09-04,20:30,72.0,49.4,44.8,0.0,0,W,4.5,5.7,0.0,83.1,"Ahtanum, Yakima County",310112,Ahtanum,2020-12-17 11:46:22.200847
2020-09-04,20:45,72.7,49.3,43.6,0.0,0,W,4.1,5.7,0.0,83.1,"Ahtanum, Yakima County",310112,Ahtanum,2020-12-17 11:46:22.200847
2020-09-04,21:00,71.8,51.3,48.3,0.0,0,W,2.8,3.9,0.0,83.1,"Ahtanum, Yakima County",310112,Ahtanum,2020-12-17 11:46:22.200847
2020-09-04,21:15,70.0,53.8,56.4,0.0,0,W,1.7,3.5,0.0,83.0,"Ahtanum, Yakima County",310112,Ahtanum,2020-12-17 11:46:22.200847
2020-09-04,21:30,68.3,54.9,62.1,0.0,0,W,2.2,4.2,0.0,82.9,"Ahtanum, Yakima County",310112,Ahtanum,2020-12-17 11:46:22.200847
2020-09-04,21:45,69.2,53.7,57.9,0.0,0,W,3.3,5.7,0.0,82.9,"Ahtanum, Yakima County",310112,Ahtanum,2020-12-17 11:46:22.200847
2020-09-04,22:00,69.9,52.0,52.9,0.0,0,W,3.5,6.0,0.0,82.8,"Ahtanum, Yakima County",310112,Ahtanum,2020-12-17 11:46:22.200847
2020-09-04,22:15,68.9,51.8,54.3,0.0,0,W,4.1,7.1,0.0,82.7,"Ahtanum, Yakima County",310112,Ahtanum,2020-12-17 11:46:22.200847
2020-09-04,22:30,68.2,52.3,56.8,0.0,0,W,2.5,4.9,0.0,82.6,"Ahtanum, Yakima County",310112,Ahtanum,2020-12-17 11:46:22.200847
2020-09-04,22:45,73.0,48.1,41.3,0.0,0,SW,3.7,6.7,0.0,82.5,"Ahtanum, Yakima County",310112,Ahtanum,2020-12-17 11:46:22.200847
2020-09-04,23:00,70.9,50.4,48.2,0.0,0,W,3.3,4.6,0.0,82.5,"Ahtanum, Yakima County",310112,Ahtanum,2020-12-17 11:46:22.200847
2020-09-05,23:15,68.8,50.0,51.0,0.0,0,W,3.5,5.7,0.0,82.4,"Ahtanum, Yakima County",310112,Ahtanum,2020-12-17 11:46:22.200847
2020-09-05,23:30,69.2,49.3,49.1,0.0,0,W,4.6,6.4,0.0,82.2,"Ahtanum, Yakima County",310112,Ahtanum,2020-12-17 11:46:22.200847
2020-09-05,23:45,70.2,50.1,48.9,0.0,0,W,3.2,4.6,0.0,82.1,"Ahtanum, Yakima County",310112,Ahtanum,2020-12-17 11:46:22.200847
2020-09-05,24:00,66.2,52.7,61.7,0.0,0,W,3.5,4.6,0.0,82.0,"Ahtanum, Yakima County",310112,Ahtanum,2020-12-17 11:46:22.200847
2020-09-05,00:15,65.0,51.8,62.4,0.0,0,W,3.9,5.3,0.0,81.9,"Ahtanum, Yakima County",310112,Ahtanum,2020-12-17 11:46:22.200847
2020-09-05,00:30,64.5,52.3,64.5,0.0,0,W,4.3,5.3,0.0,81.8,"Ahtanum, Yakima County",310112,Ahtanum,2020-12-17 11:46:22.200847
2020-09-05,00:45,64.1,52.3,65.6,0.0,0,W,3.6,5.7,0.0,81.7,"Ahtanum, Yakima County",310112,Ahtanum,2020-12-17 11:46:22.200847
2020-09-05,01:00,67.8,49.4,51.7,0.0,0,W,3.5,4.9,0.0,81.6,"Ahtanum, Yakima County",310112,Ahtanum,2020-12-17 11:46:22.200847
2020-09-05,01:15,67.7,48.9,50.9,0.0,0,W,2.9,4.6,0.0,81.5,"Ahtanum, Yakima County",310112,Ahtanum,2020-12-17 11:46:22.200847
2020-09-05,01:30,66.6,48.7,52.5,0.0,0,W,3.0,4.9,0.0,81.4,"Ahtanum, Yakima County",310112,Ahtanum,2020-12-17 11:46:22.200847
2020-09-05,01:45,64.0,50.3,61.1,0.0,0,W,3.0,5.7,0.0,81.3,"Ahtanum, Yakima County",310112,Ahtanum,2020-12-17 11:46:22.200847
2020-09-05,02:00,63.0,48.7,59.6,0.0,0,W,4.4,6.0,0.0,81.2,"Ahtanum, Yakima County",310112,Ahtanum,2020-12-17 11:46:22.200847
2020-09-05,02:15,64.2,47.7,54.8,0.0,0,W,3.9,4.9,0.0,81.0,"Ahtanum, Yakima County",310112,Ahtanum,2020-12-17 11:46:22.200847
2020-09-05,02:30,64.3,47.3,53.9,0.0,0,W,4.1,7.1,0.0,80.9,"Ahtanum, Yakima County",310112,Ahtanum,2020-12-17 11:46:22.200847
2020-09-05,02:45,63.3,47.5,56.3,0.0,0,W,3.5,4.9,0.0,80.8,"Ahtanum, Yakima County",310112,Ahtanum,2020-12-17 11:46:22.200847
2020-09-05,03:00,64.9,46.0,50.2,0.0,0,W,3.7,5.7,0.0,80.7,"Ahtanum, Yakima County",310112,Ahtanum,2020-12-17 11:46:22.200847
2020-09-05,03:15,62.8,46.4,54.8,0.0,0,NW,2.6,4.2,0.0,80.6,"Ahtanum, Yakima County",310112,Ahtanum,2020-12-17 11:46:22.200847
2020-09-05,03:30,64.0,43.9,47.8,0.0,0,SW,3.6,4.9,0.0,80.5,"Ahtanum, Yakima County",310112,Ahtanum,2020-12-17 11:46:22.200847
2020-09-05,03:45,62.0,44.9,53.3,0.0,0,W,3.1,5.3,0.0,80.3,"Ahtanum, Yakima County",310112,Ahtanum,2020-12-17 11:46:22.200847
2020-09-05,04:00,63.9,41.5,43.7,0.0,0,W,4.2,6.7,0.0,80.2,"Ahtanum, Yakima County",310112,Ahtanum,2020-12-17 11:46:22.200847
2020-09-05,04:15,66.3,39.4,37.1,0.0,0,SW,4.3,7.8,0.0,80.1,"Ahtanum, Yakima County",310112,Ahtanum,2020-12-17 11:46:22.200847
2020-09-05,04:30,62.7,42.4,47.3,0.0,0,W,1.8,3.1,0.0,80.0,"Ahtanum, Yakima County",310112,Ahtanum,2020-12-17 11:46:22.200847
2020-09-05,04:45,60.3,40.9,48.7,0.0,0,W,3.7,5.3,0.0,79.9,"Ahtanum, Yakima County",310112,Ahtanum,2020-12-17 11:46:22.200847
2020-09-05,05:00,60.6,40.1,46.6,0.0,0,W,4.1,6.0,0.0,79.7,"Ahtanum, Yakima County",310112,Ahtanum,2020-12-17 11:46:22.200847
2020-09-05,05:15,59.8,40.8,49.4,0.0,0,W,4.1,5.7,0.0,79.6,"Ahtanum, Yakima County",310112,Ahtanum,2020-12-17 11:46:22.200847
2020-09-05,05:30,60.7,41.2,48.6,0.0,2,W,4.0,5.7,0.0,79.5,"Ahtanum, Yakima County",310112,Ahtanum,2020-12-17 11:46:22.200847
2020-09-05,05:45,63.4,37.8,38.7,0.0,11,W,4.8,7.8,0.0,79.4,"Ahtanum, Yakima County",310112,Ahtanum,2020-12-17 11:46:22.200847
2020-09-05,06:00,62.8,40.7,44.2,0.0,39,SW,3.4,5.3,0.0,79.2,"Ahtanum, Yakima County",310112,Ahtanum,2020-12-17 11:46:22.200847
2020-09-05,06:15,60.7,42.2,50.5,0.0,41,W,3.5,5.3,0.0,79.1,"Ahtanum, Yakima County",310112,Ahtanum,2020-12-17 11:46:22.200847
2020-09-05,06:30,62.8,41.7,45.9,0.0,68,NW,2.9,4.6,0.0,79.0,"Ahtanum, Yakima County",310112,Ahtanum,2020-12-17 11:46:22.200847
2020-09-05,06:45,64.1,42.8,45.8,0.0,173,NW,1.7,3.5,0.0,78.9,"Ahtanum, Yakima County",310112,Ahtanum,2020-12-17 11:46:22.200847
2020-09-05,07:00,67.8,42.8,40.3,0.0,178,W,1.8,3.9,0.0,78.8,"Ahtanum, Yakima County",310112,Ahtanum,2020-12-17 11:46:22.200847
2020-09-05,07:15,69.0,45.5,42.7,0.0,221,SW,2.1,3.1,0.0,78.6,"Ahtanum, Yakima County",310112,Ahtanum,2020-12-17 11:46:22.200847
2020-09-05,07:30,69.9,44.6,40.2,0.0,247,S,2.5,4.6,0.0,78.5,"Ahtanum, Yakima County",310112,Ahtanum,2020-12-17 11:46:22.200847
2020-09-05,07:45,71.6,43.9,36.9,0.0,352,SW,3.0,4.2,0.0,78.4,"Ahtanum, Yakima County",310112,Ahtanum,2020-12-17 11:46:22.200847
2020-09-05,08:00,73.9,45.8,36.6,0.0,355,S,2.3,3.9,0.0,78.3,"Ahtanum, Yakima County",310112,Ahtanum,2020-12-17 11:46:22.200847
2020-09-05,08:15,75.1,43.6,32.4,0.0,401,SE,2.4,3.9,0.0,78.2,"Ahtanum, Yakima County",310112,Ahtanum,2020-12-17 11:46:22.200847
2020-09-05,08:30,76.5,46.5,34.5,0.0,401,SE,3.6,6.7,0.0,78.1,"Ahtanum, Yakima County",310112,Ahtanum,2020-12-17 11:46:22.200847
2020-09-05,08:45,77.2,49.2,37.4,0.0,456,SE,3.6,5.7,0.0,78.0,"Ahtanum, Yakima County",310112,Ahtanum,2020-12-17 11:46:22.200847
2020-09-05,09:00,79.0,49.7,35.8,0.0,564,SE,4.4,6.0,0.0,78.0,"Ahtanum, Yakima County",310112,Ahtanum,2020-12-17 11:46:22.200847
2020-09-05,09:15,80.9,49.5,33.4,0.0,607,E,5.2,7.8,0.0,77.9,"Ahtanum, Yakima County",310112,Ahtanum,2020-12-17 11:46:22.200847
2020-09-05,09:30,82.6,48.5,30.5,0.0,631,E,4.7,7.4,0.0,77.9,"Ahtanum, Yakima County",310112,Ahtanum,2020-12-17 11:46:22.200847
2020-09-05,09:45,84.0,47.9,28.5,0.0,660,E,4.9,7.8,0.0,77.8,"Ahtanum, Yakima County",310112,Ahtanum,2020-12-17 11:46:22.200847
2020-09-05,10:00,84.7,45.8,25.8,0.0,704,E,5.2,7.4,0.0,77.8,"Ahtanum, Yakima County",310112,Ahtanum,2020-12-17 11:46:22.200847
2020-09-05,10:15,84.8,44.7,24.6,0.0,675,S,4.3,8.5,0.0,77.9,"Ahtanum, Yakima County",310112,Ahtanum,2020-12-17 11:46:22.200847
2020-09-05,10:30,85.9,40.6,20.3,0.0,673,SE,3.2,6.0,0.0,77.9,"Ahtanum, Yakima County",310112,Ahtanum,2020-12-17 11:46:22.200847
2020-09-05,10:45,86.0,39.6,19.4,0.0,658,SE,3.9,6.7,0.0,77.9,"Ahtanum, Yakima County",310112,Ahtanum,2020-12-17 11:46:22.200847
2020-09-05,11:00,86.6,39.8,19.2,0.0,656,S,3.5,7.1,0.0,78.0,"Ahtanum, Yakima County",310112,Ahtanum,2020-12-17 11:46:22.200847
2020-09-05,11:15,87.5,38.7,17.9,0.0,753,S,2.7,5.7,0.0,78.1,"Ahtanum, Yakima County",310112,Ahtanum,2020-12-17 11:46:22.200847
2020-09-05,11:30,88.5,37.0,16.3,0.0,785,SE,3.6,7.8,0.0,78.2,"Ahtanum, Yakima County",310112,Ahtanum,2020-12-17 11:46:22.200847
2020-09-05,11:45,88.5,38.7,17.4,0.0,770,SE,4.5,8.2,0.0,78.3,"Ahtanum, Yakima County",310112,Ahtanum,2020-12-17 11:46:22.200847
2020-09-05,12:00,89.1,37.8,16.4,0.0,774,E,4.4,7.1,0.0,78.5,"Ahtanum, Yakima County",310112,Ahtanum,2020-12-17 11:46:22.200847
2020-09-05,12:15,89.1,40.6,18.3,0.0,759,SE,4.8,8.5,0.0,78.6,"Ahtanum, Yakima County",310112,Ahtanum,2020-12-17 11:46:22.200847
2020-09-05,12:30,88.9,42.0,19.4,0.0,780,E,4.4,10.3,0.0,78.8,"Ahtanum, Yakima County",310112,Ahtanum,2020-12-17 11:46:22.200847
2020-09-05,12:45,90.2,42.7,19.2,0.0,768,SE,4.4,7.8,0.0,78.9,"Ahtanum, Yakima County",310112,Ahtanum,2020-12-17 11:46:22.200847
2020-09-05,13:00,89.1,43.8,20.7,0.0,751,S,4.7,8.5,0.0,79.1,"Ahtanum, Yakima County",310112,Ahtanum,2020-12-17 11:46:22.200847
2020-09-05,13:15,89.9,46.0,22.0,0.0,735,S,3.6,6.4,0.0,79.3,"Ahtanum, Yakima County",310112,Ahtanum,2020-12-17 11:46:22.200847
2020-09-05,13:30,90.1,46.3,22.1,0.0,655,S,4.0,7.1,0.0,79.6,"Ahtanum, Yakima County",310112,Ahtanum,2020-12-17 11:46:22.200847
2020-09-05,13:45,90.0,45.7,21.6,0.0,641,S,3.6,6.7,0.0,79.8,"Ahtanum, Yakima County",310112,Ahtanum,2020-12-17 11:46:22.200847
2020-09-05,14:00,90.9,44.8,20.3,0.0,632,SE,3.6,7.8,0.0,80.0,"Ahtanum, Yakima County",310112,Ahtanum,2020-12-17 11:46:22.200847
2020-09-05,14:15,91.7,46.2,21.0,0.0,611,SW,3.7,5.7,0.0,80.2,"Ahtanum, Yakima County",310112,Ahtanum,2020-12-17 11:46:22.200847
2020-09-05,14:30,90.8,47.6,22.8,0.0,579,NE,4.9,9.6,0.0,80.5,"Ahtanum, Yakima County",310112,Ahtanum,2020-12-17 11:46:22.200847
2020-09-05,14:45,91.2,43.0,18.8,0.0,493,E,6.2,14.2,0.0,80.7,"Ahtanum, Yakima County",310112,Ahtanum,2020-12-17 11:46:22.200847
2020-09-05,15:00,90.6,43.1,19.2,0.0,473,E,6.4,9.9,0.0,80.9,"Ahtanum, Yakima County",310112,Ahtanum,2020-12-17 11:46:22.200847
2020-09-05,15:15,90.9,42.8,18.9,0.0,422,SE,5.8,8.5,0.0,81.2,"Ahtanum, Yakima County",310112,Ahtanum,2020-12-17 11:46:22.200847
2020-09-05,15:30,90.9,44.1,19.8,0.0,474,SE,5.6,8.2,0.0,81.4,"Ahtanum, Yakima County",310112,Ahtanum,2020-12-17 11:46:22.200847
2020-09-05,15:45,90.9,47.1,22.2,0.0,440,E,4.8,9.6,0.0,81.6,"Ahtanum, Yakima County",310112,Ahtanum,2020-12-17 11:46:22.200847
2020-09-05,16:00,90.0,51.6,27.1,0.0,406,N ,3.2,5.3,0.0,81.8,"Ahtanum, Yakima County",310112,Ahtanum,2020-12-17 11:46:22.200847
2020-09-05,16:15,90.8,51.0,25.8,0.0,365,N ,3.3,4.9,0.0,82.0,"Ahtanum, Yakima County",310112,Ahtanum,2020-12-17 11:46:22.200847
2020-09-05,16:30,89.0,53.8,30.3,0.0,324,NE,3.6,6.4,0.0,82.2,"Ahtanum, Yakima County",310112,Ahtanum,2020-12-17 11:46:22.200847
2020-09-05,16:45,89.6,47.8,23.8,0.0,266,N,4.5,8.2,0.0,82.4,"Ahtanum, Yakima County",310112,Ahtanum,2020-12-17 11:46:22.200847
2020-09-05,17:00,87.1,53.2,31.4,0.0,219,NE,3.0,4.9,0.0,82.5,"Ahtanum, Yakima County",310112,Ahtanum,2020-12-17 11:46:22.200847
2020-09-05,17:15,85.7,52.0,31.4,0.0,178,NE,3.1,5.3,0.0,82.7,"Ahtanum, Yakima County",310112,Ahtanum,2020-12-17 11:46:22.200847
2020-09-05,17:30,86.4,49.3,27.8,0.0,140,N,2.8,7.4,0.0,82.8,"Ahtanum, Yakima County",310112,Ahtanum,2020-12-17 11:46:22.200847
2020-09-05,17:45,86.3,44.4,23.2,0.0,101,NW,3.8,8.9,0.0,82.9,"Ahtanum, Yakima County",310112,Ahtanum,2020-12-17 11:46:22.200847
2020-09-05,18:00,85.8,42.3,21.7,0.0,69,NW,5.2,11.4,0.0,83.0,"Ahtanum, Yakima County",310112,Ahtanum,2020-12-17 11:46:22.200847
2020-09-05,18:15,85.4,41.2,21.2,0.0,39,NW,3.8,8.5,0.0,83.1,"Ahtanum, Yakima County",310112,Ahtanum,2020-12-17 11:46:22.200847
2020-09-05,18:30,81.4,43.4,26.1,0.0,12,NW,3.2,7.8,0.0,83.2,"Ahtanum, Yakima County",310112,Ahtanum,2020-12-17 11:46:22.200847
2020-09-05,18:45,80.3,41.6,25.3,0.0,3,NW,4.2,6.4,0.0,83.3,"Ahtanum, Yakima County",310112,Ahtanum,2020-12-17 11:46:22.200847
2020-09-05,19:00,80.1,41.0,24.9,0.0,0,NW,5.0,9.6,0.0,83.3,"Ahtanum, Yakima County",310112,Ahtanum,2020-12-17 11:46:22.200847
2020-09-05,19:15,79.2,40.8,25.4,0.0,0,NW,4.5,7.8,0.0,83.4,"Ahtanum, Yakima County",310112,Ahtanum,2020-12-17 11:46:22.200847
2020-09-05,19:30,77.0,42.2,28.8,0.0,0,N,5.5,7.4,0.0,83.4,"Ahtanum, Yakima County",310112,Ahtanum,2020-12-17 11:46:22.200847
2020-09-05,19:45,76.8,42.3,29.2,0.0,0,N,5.7,8.2,0.0,83.4,"Ahtanum, Yakima County",310112,Ahtanum,2020-12-17 11:46:22.200847
2020-09-05,20:00,76.5,44.0,31.4,0.0,0,W,3.4,7.4,0.0,83.4,"Ahtanum, Yakima County",310112,Ahtanum,2020-12-17 11:46:22.200847
2020-09-05,20:15,71.6,47.0,41.5,0.0,0,W,2.5,5.3,0.0,83.4,"Ahtanum, Yakima County",310112,Ahtanum,2020-12-17 11:46:22.200847
2020-09-05,20:30,69.8,48.1,45.9,0.0,0,SW,2.3,3.9,0.0,83.4,"Ahtanum, Yakima County",310112,Ahtanum,2020-12-17 11:46:22.200847
2020-09-05,20:45,68.7,48.8,49.0,0.0,0,W,2.8,4.9,0.0,83.3,"Ahtanum, Yakima County",310112,Ahtanum,2020-12-17 11:46:22.200847
2020-09-05,21:00,66.5,49.2,53.6,0.0,0,W,2.4,4.6,0.0,83.3,"Ahtanum, Yakima County",310112,Ahtanum,2020-12-17 11:46:22.200847
2020-09-05,21:15,65.6,48.9,54.8,0.0,0,W,3.3,5.7,0.0,83.2,"Ahtanum, Yakima County",310112,Ahtanum,2020-12-17 11:46:22.200847
2020-09-05,21:30,65.4,46.9,51.0,0.0,0,W,3.2,6.0,0.0,83.1,"Ahtanum, Yakima County",310112,Ahtanum,2020-12-17 11:46:22.200847
2020-09-05,21:45,64.7,46.5,51.6,0.0,0,W,2.8,6.0,0.0,83.1,"Ahtanum, Yakima County",310112,Ahtanum,2020-12-17 11:46:22.200847
2020-09-05,22:00,67.0,45.0,44.9,0.0,0,W,3.4,6.7,0.0,83.0,"Ahtanum, Yakima County",310112,Ahtanum,2020-12-17 11:46:22.200847
2020-09-05,22:15,66.8,44.9,45.2,0.0,0,W,2.5,4.6,0.0,82.9,"Ahtanum, Yakima County",310112,Ahtanum,2020-12-17 11:46:22.200847
2020-09-05,22:30,67.2,44.8,44.3,0.0,0,W,2.0,4.2,0.0,82.8,"Ahtanum, Yakima County",310112,Ahtanum,2020-12-17 11:46:22.200847
2020-09-05,22:45,64.9,44.2,47.0,0.0,0,W,1.9,4.2,0.0,82.7,"Ahtanum, Yakima County",310112,Ahtanum,2020-12-17 11:46:22.200847
2020-09-05,23:00,64.8,43.7,46.2,0.0,0,W,1.7,3.5,0.0,82.6,"Ahtanum, Yakima County",310112,Ahtanum,2020-12-17 11:46:22.200847
2020-09-06,23:15,63.1,43.0,47.7,0.0,0,W,2.2,4.2,0.0,82.5,"Ahtanum, Yakima County",310112,Ahtanum,2020-12-17 11:46:22.200847
2020-09-06,23:30,63.1,42.1,46.0,0.0,0,W,3.0,4.9,0.0,82.3,"Ahtanum, Yakima County",310112,Ahtanum,2020-12-17 11:46:22.200847
2020-09-06,23:45,62.9,42.3,46.9,0.0,0,W,2.5,6.0,0.0,82.2,"Ahtanum, Yakima County",310112,Ahtanum,2020-12-17 11:46:22.200847
2020-09-06,24:00,63.0,42.1,46.3,0.0,0,SW,3.1,4.6,0.0,82.1,"Ahtanum, Yakima County",310112,Ahtanum,2020-12-17 11:46:22.200847
2020-09-06,00:15,64.8,40.8,41.3,0.0,0,SW,3.4,4.9,0.0,81.9,"Ahtanum, Yakima County",310112,Ahtanum,2020-12-17 11:46:22.200847
2020-09-06,00:30,65.8,39.0,37.3,0.0,0,SW,3.5,6.4,0.0,81.8,"Ahtanum, Yakima County",310112,Ahtanum,2020-12-17 11:46:22.200847
2020-09-06,00:45,65.6,38.2,36.3,0.0,0,SW,3.4,5.3,0.0,81.7,"Ahtanum, Yakima County",310112,Ahtanum,2020-12-17 11:46:22.200847
2020-09-06,01:00,65.1,39.6,39.1,0.0,0,SW,2.9,4.6,0.0,81.5,"Ahtanum, Yakima County",310112,Ahtanum,2020-12-17 11:46:22.200847
2020-09-06,01:15,64.7,40.3,40.7,0.0,0,SW,2.8,3.5,0.0,81.4,"Ahtanum, Yakima County",310112,Ahtanum,2020-12-17 11:46:22.200847
2020-09-06,01:30,65.3,39.9,39.3,0.0,0,SW,2.8,3.9,0.0,81.3,"Ahtanum, Yakima County",310112,Ahtanum,2020-12-17 11:46:22.200847
2020-09-06,01:45,64.5,39.8,40.2,0.0,0,SW,2.7,4.9,0.0,81.1,"Ahtanum, Yakima County",310112,Ahtanum,2020-12-17 11:46:22.200847
2020-09-06,02:00,64.6,39.8,40.0,0.0,0,S,2.5,3.9,0.0,81.0,"Ahtanum, Yakima County",310112,Ahtanum,2020-12-17 11:46:22.200847
2020-09-06,02:15,64.4,38.7,38.7,0.0,0,SW,3.1,4.6,0.0,80.8,"Ahtanum, Yakima County",310112,Ahtanum,2020-12-17 11:46:22.200847
2020-09-06,02:30,63.9,38.8,39.6,0.0,0,SW,3.1,4.2,0.0,80.7,"Ahtanum, Yakima County",310112,Ahtanum,2020-12-17 11:46:22.200847
2020-09-06,02:45,63.9,39.1,40.0,0.0,0,SW,3.2,4.6,0.0,80.5,"Ahtanum, Yakima County",310112,Ahtanum,2020-12-17 11:46:22.200847
2020-09-06,03:00,63.1,39.2,41.3,0.0,0,SW,3.0,4.6,0.0,80.4,"Ahtanum, Yakima County",310112,Ahtanum,2020-12-17 11:46:22.200847
2020-09-06,03:15,62.4,39.6,42.9,0.0,0,SW,3.2,4.6,0.0,80.3,"Ahtanum, Yakima County",310112,Ahtanum,2020-12-17 11:46:22.200847
2020-09-06,03:30,62.2,39.9,43.8,0.0,0,SW,3.2,4.6,0.0,80.1,"Ahtanum, Yakima County",310112,Ahtanum,2020-12-17 11:46:22.200847
2020-09-06,03:45,61.5,40.4,45.6,0.0,0,SW,3.0,4.6,0.0,80.0,"Ahtanum, Yakima County",310112,Ahtanum,2020-12-17 11:46:22.200847
2020-09-06,04:00,59.1,41.9,52.7,0.0,0,SW,2.7,4.2,0.0,79.9,"Ahtanum, Yakima County",310112,Ahtanum,2020-12-17 11:46:22.200847
2020-09-06,04:15,61.9,40.6,45.3,0.0,0,S,2.1,3.9,0.0,79.7,"Ahtanum, Yakima County",310112,Ahtanum,2020-12-17 11:46:22.200847
2020-09-06,04:30,58.6,42.7,55.4,0.0,0,W,2.5,4.6,0.0,79.6,"Ahtanum, Yakima County",310112,Ahtanum,2020-12-17 11:46:22.200847
2020-09-06,04:45,56.2,43.8,63.0,0.0,0,W,3.0,4.6,0.0,79.5,"Ahtanum, Yakima County",310112,Ahtanum,2020-12-17 11:46:22.200847
2020-09-06,05:00,56.8,43.6,61.1,0.0,0,W,2.7,4.2,0.0,79.3,"Ahtanum, Yakima County",310112,Ahtanum,2020-12-17 11:46:22.200847
2020-09-06,05:15,55.3,43.5,64.3,0.0,0,W,2.8,4.6,0.0,79.2,"Ahtanum, Yakima County",310112,Ahtanum,2020-12-17 11:46:22.200847
2020-09-06,05:30,56.7,42.1,58.0,0.0,2,W,2.5,4.6,0.0,79.1,"Ahtanum, Yakima County",310112,Ahtanum,2020-12-17 11:46:22.200847
2020-09-06,05:45,55.1,42.6,62.6,0.0,10,W,3.6,4.9,0.0,78.9,"Ahtanum, Yakima County",310112,Ahtanum,2020-12-17 11:46:22.200847
2020-09-06,06:00,55.6,42.5,61.3,0.0,26,W,2.8,5.3,0.0,78.8,"Ahtanum, Yakima County",310112,Ahtanum,2020-12-17 11:46:22.200847
2020-09-06,06:15,57.6,42.0,55.9,0.0,73,W,3.5,4.9,0.0,78.7,"Ahtanum, Yakima County",310112,Ahtanum,2020-12-17 11:46:22.200847
2020-09-06,06:30,60.8,41.4,48.8,0.0,115,W,2.9,4.9,0.0,78.6,"Ahtanum, Yakima County",310112,Ahtanum,2020-12-17 11:46:22.200847
2020-09-06,06:45,64.0,40.3,41.7,0.0,149,W,2.5,3.9,0.0,78.4,"Ahtanum, Yakima County",310112,Ahtanum,2020-12-17 11:46:22.200847
2020-09-06,07:00,66.6,39.9,37.4,0.0,188,S,2.4,3.5,0.0,78.3,"Ahtanum, Yakima County",310112,Ahtanum,2020-12-17 11:46:22.200847
2020-09-06,07:15,69.1,38.9,33.1,0.0,233,S,1.8,3.1,0.0,78.2,"Ahtanum, Yakima County",310112,Ahtanum,2020-12-17 11:46:22.200847
2020-09-06,07:30,70.2,37.5,30.1,0.0,275,SE,2.4,4.6,0.0,78.1,"Ahtanum, Yakima County",310112,Ahtanum,2020-12-17 11:46:22.200847
2020-09-06,07:45,71.3,38.3,30.0,0.0,319,E,2.5,3.9,0.0,78.0,"Ahtanum, Yakima County",310112,Ahtanum,2020-12-17 11:46:22.200847
2020-09-06,08:00,72.0,39.1,30.2,0.0,361,E,3.0,4.9,0.0,77.9,"Ahtanum, Yakima County",310112,Ahtanum,2020-12-17 11:46:22.200847
2020-09-06,08:15,72.7,39.5,30.0,0.0,404,E,3.3,5.3,0.0,77.7,"Ahtanum, Yakima County",310112,Ahtanum,2020-12-17 11:46:22.200847
2020-09-06,08:30,74.0,39.2,28.3,0.0,444,E,3.4,5.3,0.0,77.7,"Ahtanum, Yakima County",310112,Ahtanum,2020-12-17 11:46:22.200847
2020-09-06,08:45,75.4,39.8,27.7,0.0,481,NE,2.1,3.9,0.0,77.6,"Ahtanum, Yakima County",310112,Ahtanum,2020-12-17 11:46:22.200847
2020-09-06,09:00,78.0,40.2,25.8,0.0,518,E,2.8,4.6,0.0,77.5,"Ahtanum, Yakima County",310112,Ahtanum,2020-12-17 11:46:22.200847
2020-09-06,09:15,79.7,40.2,24.4,0.0,552,E,3.2,4.9,0.0,77.5,"Ahtanum, Yakima County",310112,Ahtanum,2020-12-17 11:46:22.200847
2020-09-06,09:30,81.3,40.1,23.1,0.0,586,SE,3.5,4.9,0.0,77.5,"Ahtanum, Yakima County",310112,Ahtanum,2020-12-17 11:46:22.200847
2020-09-06,09:45,83.0,37.4,19.7,0.0,618,SE,3.3,4.9,0.0,77.4,"Ahtanum, Yakima County",310112,Ahtanum,2020-12-17 11:46:22.200847
2020-09-06,10:00,83.6,38.2,19.9,0.0,648,SE,4.3,6.7,0.0,77.4,"Ahtanum, Yakima County",310112,Ahtanum,2020-12-17 11:46:22.200847
2020-09-06,10:15,84.9,38.7,19.5,0.0,673,SE,3.7,6.0,0.0,77.4,"Ahtanum, Yakima County",310112,Ahtanum,2020-12-17 11:46:22.200847
2020-09-06,10:30,85.7,38.4,18.8,0.0,696,E,2.7,6.7,0.0,77.5,"Ahtanum, Yakima County",310112,Ahtanum,2020-12-17 11:46:22.200847
2020-09-06,10:45,86.1,41.2,20.6,0.0,713,NE,3.0,4.9,0.0,77.5,"Ahtanum, Yakima County",310112,Ahtanum,2020-12-17 11:46:22.200847
2020-09-06,11:00,86.9,40.5,19.6,0.0,727,E,4.1,8.2,0.0,77.6,"Ahtanum, Yakima County",310112,Ahtanum,2020-12-17 11:46:22.200847
2020-09-06,11:15,86.4,40.2,19.6,0.0,738,E,4.1,7.8,0.0,77.7,"Ahtanum, Yakima County",310112,Ahtanum,2020-12-17 11:46:22.200847
2020-09-06,11:30,87.6,40.3,19.0,0.0,746,E,3.8,6.0,0.0,77.8,"Ahtanum, Yakima County",310112,Ahtanum,2020-12-17 11:46:22.200847
2020-09-06,11:45,88.9,41.6,19.2,0.0,753,NE,3.8,6.4,0.0,77.9,"Ahtanum, Yakima County",310112,Ahtanum,2020-12-17 11:46:22.200847
2020-09-06,12:00,89.2,42.8,19.9,0.0,755,NE,4.6,7.1,0.0,78.0,"Ahtanum, Yakima County",310112,Ahtanum,2020-12-17 11:46:22.200847
2020-09-06,12:15,89.6,40.8,18.2,0.0,754,E,3.6,6.4,0.0,78.2,"Ahtanum, Yakima County",310112,Ahtanum,2020-12-17 11:46:22.200847
2020-09-06,12:30,90.4,39.8,17.1,0.0,750,SE,3.9,6.0,0.0,78.3,"Ahtanum, Yakima County",310112,Ahtanum,2020-12-17 11:46:22.200847
2020-09-06,12:45,91.1,41.9,18.1,0.0,742,E,3.5,5.3,0.0,78.5,"Ahtanum, Yakima County",310112,Ahtanum,2020-12-17 11:46:22.200847
2020-09-06,13:00,91.4,40.2,16.8,0.0,731,E,3.9,8.2,0.0,78.7,"Ahtanum, Yakima County",310112,Ahtanum,2020-12-17 11:46:22.200847
2020-09-06,13:15,92.2,39.7,16.1,0.0,718,SE,4.1,7.8,0.0,79.0,"Ahtanum, Yakima County",310112,Ahtanum,2020-12-17 11:46:22.200847
2020-09-06,13:30,92.7,39.7,15.8,0.0,699,SE,3.3,6.4,0.0,79.2,"Ahtanum, Yakima County",310112,Ahtanum,2020-12-17 11:46:22.200847
2020-09-06,13:45,93.0,41.2,16.6,0.0,675,S,2.8,4.9,0.0,79.4,"Ahtanum, Yakima County",310112,Ahtanum,2020-12-17 11:46:22.200847
2020-09-06,14:00,93.8,41.9,16.6,0.0,654,S,2.3,3.9,0.0,79.7,"Ahtanum, Yakima County",310112,Ahtanum,2020-12-17 11:46:22.200847
2020-09-06,14:15,93.6,45.4,19.2,0.0,629,S,3.4,4.9,0.0,79.9,"Ahtanum, Yakima County",310112,Ahtanum,2020-12-17 11:46:22.200847
2020-09-06,14:30,92.9,44.8,19.1,0.0,601,S,3.8,5.3,0.0,80.1,"Ahtanum, Yakima County",310112,Ahtanum,2020-12-17 11:46:22.200847
2020-09-06,14:45,93.2,44.3,18.6,0.0,570,S,3.7,6.0,0.0,80.4,"Ahtanum, Yakima County",310112,Ahtanum,2020-12-17 11:46:22.200847
2020-09-06,15:00,93.0,43.5,18.2,0.0,538,S,3.7,5.7,0.0,80.6,"Ahtanum, Yakima County",310112,Ahtanum,2020-12-17 11:46:22.200847
2020-09-06,15:15,92.8,45.6,19.8,0.0,503,S,3.0,4.9,0.0,80.9,"Ahtanum, Yakima County",310112,Ahtanum,2020-12-17 11:46:22.200847
2020-09-06,15:30,93.9,43.8,17.8,0.0,468,S,2.5,3.9,0.0,81.1,"Ahtanum, Yakima County",310112,Ahtanum,2020-12-17 11:46:22.200847
2020-09-06,15:45,94.1,41.5,16.3,0.0,430,S,2.9,4.9,0.0,81.4,"Ahtanum, Yakima County",310112,Ahtanum,2020-12-17 11:46:22.200847
2020-09-06,16:00,94.6,41.1,15.7,0.0,393,SE,2.7,4.6,0.0,81.6,"Ahtanum, Yakima County",310112,Ahtanum,2020-12-17 11:46:22.200847
2020-09-06,16:15,95.1,43.5,17.1,0.0,352,SE,2.0,3.9,0.0,81.8,"Ahtanum, Yakima County",310112,Ahtanum,2020-12-17 11:46:22.200847
2020-09-06,16:30,95.0,48.9,20.9,0.0,294,NE,2.6,3.5,0.0,82.0,"Ahtanum, Yakima County",310112,Ahtanum,2020-12-17 11:46:22.200847
2020-09-06,16:45,92.8,53.5,26.5,0.0,265,N ,3.8,10.3,0.0,82.2,"Ahtanum, Yakima County",310112,Ahtanum,2020-12-17 11:46:22.200847
2020-09-06,17:00,89.1,46.0,22.5,0.0,224,N,8.9,15.7,0.0,82.4,"Ahtanum, Yakima County",310112,Ahtanum,2020-12-17 11:46:22.200847
2020-09-06,17:15,87.9,45.3,22.8,0.0,180,N,8.1,14.2,0.0,82.5,"Ahtanum, Yakima County",310112,Ahtanum,2020-12-17 11:46:22.200847
2020-09-06,17:30,87.4,45.1,23.0,0.0,142,N,7.6,13.2,0.0,82.7,"Ahtanum, Yakima County",310112,Ahtanum,2020-12-17 11:46:22.200847
2020-09-06,17:45,86.5,43.5,22.3,0.0,107,NW,11.2,17.1,0.0,82.8,"Ahtanum, Yakima County",310112,Ahtanum,2020-12-17 11:46:22.200847
2020-09-06,18:00,85.3,43.0,22.7,0.0,75,NW,10.6,17.8,0.0,82.9,"Ahtanum, Yakima County",310112,Ahtanum,2020-12-17 11:46:22.200847
2020-09-06,18:15,84.6,42.6,22.9,0.0,37,NW,10.5,17.8,0.0,83.0,"Ahtanum, Yakima County",310112,Ahtanum,2020-12-17 11:46:22.200847
2020-09-06,18:30,83.4,42.5,23.6,0.0,8,NW,9.2,15.7,0.0,83.2,"Ahtanum, Yakima County",310112,Ahtanum,2020-12-17 11:46:22.200847
2020-09-06,18:45,82.3,42.2,24.3,0.0,3,NW,8.6,17.1,0.0,83.2,"Ahtanum, Yakima County",310112,Ahtanum,2020-12-17 11:46:22.200847
2020-09-06,19:00,81.8,42.2,24.6,0.0,0,NW,8.4,14.6,0.0,83.3,"Ahtanum, Yakima County",310112,Ahtanum,2020-12-17 11:46:22.200847
2020-09-06,19:15,79.9,42.5,26.5,0.0,0,NW,6.4,9.9,0.0,83.3,"Ahtanum, Yakima County",310112,Ahtanum,2020-12-17 11:46:22.200847
2020-09-06,19:30,79.5,42.1,26.4,0.0,0,NW,8.5,13.5,0.0,83.4,"Ahtanum, Yakima County",310112,Ahtanum,2020-12-17 11:46:22.200847
2020-09-06,19:45,78.8,42.3,27.2,0.0,0,NW,9.3,16.4,0.0,83.4,"Ahtanum, Yakima County",310112,Ahtanum,2020-12-17 11:46:22.200847
2020-09-06,20:00,78.1,42.6,28.2,0.0,0,N,11.5,18.2,0.0,83.4,"Ahtanum, Yakima County",310112,Ahtanum,2020-12-17 11:46:22.200847
2020-09-06,20:15,77.9,42.7,28.6,0.0,0,NW,9.5,16.0,0.0,83.4,"Ahtanum, Yakima County",310112,Ahtanum,2020-12-17 11:46:22.200847
2020-09-06,20:30,77.1,43.4,30.1,0.0,0,NW,4.2,9.2,0.0,83.4,"Ahtanum, Yakima County",310112,Ahtanum,2020-12-17 11:46:22.200847
2020-09-06,20:45,74.1,44.6,34.8,0.0,0,NW,3.4,5.7,0.0,83.3,"Ahtanum, Yakima County",310112,Ahtanum,2020-12-17 11:46:22.200847
2020-09-06,21:00,74.8,44.9,34.4,0.0,0,N,4.0,6.7,0.0,83.3,"Ahtanum, Yakima County",310112,Ahtanum,2020-12-17 11:46:22.200847
2020-09-06,21:15,72.7,45.6,37.9,0.0,0,SW,3.2,6.0,0.0,83.2,"Ahtanum, Yakima County",310112,Ahtanum,2020-12-17 11:46:22.200847
2020-09-06,21:30,71.3,46.3,40.8,0.0,0,N ,2.7,3.9,0.0,83.2,"Ahtanum, Yakima County",310112,Ahtanum,2020-12-17 11:46:22.200847
2020-09-06,21:45,71.9,45.8,39.2,0.0,0,NE,3.5,6.4,0.0,83.1,"Ahtanum, Yakima County",310112,Ahtanum,2020-12-17 11:46:22.200847
2020-09-06,22:00,73.0,45.4,37.2,0.0,0,NW,4.4,7.8,0.0,83.0,"Ahtanum, Yakima County",310112,Ahtanum,2020-12-17 11:46:22.200847
2020-09-06,22:15,74.3,45.1,35.3,0.0,0,NW,5.3,8.9,0.0,82.9,"Ahtanum, Yakima County",310112,Ahtanum,2020-12-17 11:46:22.200847
2020-09-06,22:30,73.9,44.9,35.4,0.0,0,N,4.9,8.5,0.0,82.8,"Ahtanum, Yakima County",310112,Ahtanum,2020-12-17 11:46:22.200847
2020-09-06,22:45,74.0,44.8,35.2,0.0,0,N,4.3,9.6,0.0,82.8,"Ahtanum, Yakima County",310112,Ahtanum,2020-12-17 11:46:22.200847
2020-09-06,23:00,71.4,46.7,41.3,0.0,0,W,2.5,4.2,0.0,82.7,"Ahtanum, Yakima County",310112,Ahtanum,2020-12-17 11:46:22.200847
2020-09-07,23:15,70.1,46.1,42.1,0.0,0,W,2.3,4.2,0.0,82.6,"Ahtanum, Yakima County",310112,Ahtanum,2020-12-17 11:46:22.200847
2020-09-07,23:30,68.2,47.2,46.9,0.0,0,W,2.5,4.9,0.0,82.5,"Ahtanum, Yakima County",310112,Ahtanum,2020-12-17 11:46:22.200847
2020-09-07,23:45,67.7,46.9,47.2,0.0,0,NW,3.9,4.9,0.0,82.3,"Ahtanum, Yakima County",310112,Ahtanum,2020-12-17 11:46:22.200847
2020-09-07,24:00,69.9,45.8,41.9,0.0,0,NW,6.3,17.1,0.0,82.2,"Ahtanum, Yakima County",310112,Ahtanum,2020-12-17 11:46:22.200847
2020-09-07,00:15,73.4,47.6,39.9,0.0,0,NW,9.9,16.7,0.0,82.1,"Ahtanum, Yakima County",310112,Ahtanum,2020-12-17 11:46:22.200847
2020-09-07,00:30,74.0,48.7,40.8,0.0,0,N,13.5,21.4,0.0,82.0,"Ahtanum, Yakima County",310112,Ahtanum,2020-12-17 11:46:22.200847
2020-09-07,00:45,73.7,49.3,42.0,0.0,0,NW,10.5,18.5,0.0,81.9,"Ahtanum, Yakima County",310112,Ahtanum,2020-12-17 11:46:22.200847
2020-09-07,01:00,73.5,49.6,42.8,0.0,0,N,10.9,19.2,0.0,81.8,"Ahtanum, Yakima County",310112,Ahtanum,2020-12-17 11:46:22.200847
2020-09-07,01:15,73.1,50.1,44.3,0.0,0,N,11.8,19.6,0.0,81.7,"Ahtanum, Yakima County",310112,Ahtanum,2020-12-17 11:46:22.200847
2020-09-07,01:30,73.0,50.3,44.7,0.0,0,N,11.2,19.2,0.0,81.6,"Ahtanum, Yakima County",310112,Ahtanum,2020-12-17 11:46:22.200847
2020-09-07,01:45,72.9,50.0,44.5,0.0,0,N,10.2,17.1,0.0,81.4,"Ahtanum, Yakima County",310112,Ahtanum,2020-12-17 11:46:22.200847
2020-09-07,02:00,72.8,49.5,43.7,0.0,0,N,8.1,16.7,0.0,81.3,"Ahtanum, Yakima County",310112,Ahtanum,2020-12-17 11:46:22.200847
2020-09-07,02:15,72.7,49.1,43.3,0.0,0,NW,7.7,12.4,0.0,81.2,"Ahtanum, Yakima County",310112,Ahtanum,2020-12-17 11:46:22.200847
2020-09-07,02:30,71.9,49.0,44.2,0.0,0,N,7.7,13.2,0.0,81.1,"Ahtanum, Yakima County",310112,Ahtanum,2020-12-17 11:46:22.200847
2020-09-07,02:45,72.3,48.6,43.0,0.0,0,NW,9.5,16.0,0.0,81.0,"Ahtanum, Yakima County",310112,Ahtanum,2020-12-17 11:46:22.200847
2020-09-07,03:00,72.4,48.4,42.4,0.0,0,NW,8.7,15.7,0.0,80.9,"Ahtanum, Yakima County",310112,Ahtanum,2020-12-17 11:46:22.200847
2020-09-07,03:15,72.5,48.0,41.8,0.0,0,NW,9.3,14.6,0.0,80.8,"Ahtanum, Yakima County",310112,Ahtanum,2020-12-17 11:46:22.200847
2020-09-07,03:30,72.5,48.0,41.7,0.0,0,W,4.9,12.8,0.0,80.7,"Ahtanum, Yakima County",310112,Ahtanum,2020-12-17 11:46:22.200847
2020-09-07,03:45,69.2,48.5,47.6,0.0,0,S,3.5,6.7,0.0,80.6,"Ahtanum, Yakima County",310112,Ahtanum,2020-12-17 11:46:22.200847
2020-09-07,04:00,70.3,48.1,45.2,0.0,0,W,3.5,14.2,0.0,80.5,"Ahtanum, Yakima County",310112,Ahtanum,2020-12-17 11:46:22.200847
2020-09-07,04:15,72.2,47.8,41.9,0.0,0,NW,5.3,11.4,0.0,80.4,"Ahtanum, Yakima County",310112,Ahtanum,2020-12-17 11:46:22.200847
2020-09-07,04:30,70.8,48.4,44.9,0.0,0,N ,3.7,6.7,0.0,80.3,"Ahtanum, Yakima County",310112,Ahtanum,2020-12-17 11:46:22.200847
2020-09-07,04:45,69.4,49.1,48.3,0.0,0,NE,3.1,7.8,0.0,80.2,"Ahtanum, Yakima County",310112,Ahtanum,2020-12-17 11:46:22.200847
2020-09-07,05:00,69.8,49.2,47.8,0.0,0,N,6.4,11.0,0.0,80.2,"Ahtanum, Yakima County",310112,Ahtanum,2020-12-17 11:46:22.200847
2020-09-07,05:15,69.7,49.4,48.5,0.0,0,N,4.4,8.5,0.0,80.1,"Ahtanum, Yakima County",310112,Ahtanum,2020-12-17 11:46:22.200847
2020-09-07,05:30,68.2,49.7,51.5,0.0,4,N,2.8,4.6,0.0,80.0,"Ahtanum, Yakima County",310112,Ahtanum,2020-12-17 11:46:22.200847
2020-09-07,05:45,65.5,50.7,58.8,0.0,13,S,1.1,3.1,0.0,79.9,"Ahtanum, Yakima County",310112,Ahtanum,2020-12-17 11:46:22.200847
2020-09-07,06:00,63.7,50.8,62.7,0.0,45,W,1.7,4.6,0.0,79.8,"Ahtanum, Yakima County",310112,Ahtanum,2020-12-17 11:46:22.200847
2020-09-07,06:15,64.1,51.4,63.4,0.0,83,NW,2.2,4.9,0.0,79.7,"Ahtanum, Yakima County",310112,Ahtanum,2020-12-17 11:46:22.200847
2020-09-07,06:30,66.5,50.5,56.2,0.0,124,S,2.3,4.2,0.0,79.6,"Ahtanum, Yakima County",310112,Ahtanum,2020-12-17 11:46:22.200847
2020-09-07,06:45,68.3,50.1,52.1,0.0,150,S,2.0,3.5,0.0,79.5,"Ahtanum, Yakima County",310112,Ahtanum,2020-12-17 11:46:22.200847
2020-09-07,07:00,68.9,50.3,51.4,0.0,177,S,2.4,3.5,0.0,79.5,"Ahtanum, Yakima County",310112,Ahtanum,2020-12-17 11:46:22.200847
2020-09-07,07:15,68.5,49.9,51.3,0.0,210,S,2.4,3.5,0.0,79.4,"Ahtanum, Yakima County",310112,Ahtanum,2020-12-17 11:46:22.200847
2020-09-07,07:30,70.0,50.0,49.0,0.0,263,N ,2.1,3.5,0.0,79.3,"Ahtanum, Yakima County",310112,Ahtanum,2020-12-17 11:46:22.200847
2020-09-07,07:45,71.5,51.3,48.9,0.0,294,N ,2.3,4.2,0.0,79.2,"Ahtanum, Yakima County",310112,Ahtanum,2020-12-17 11:46:22.200847
2020-09-07,08:00,72.4,51.4,47.6,0.0,353,SE,3.5,5.3,0.0,79.1,"Ahtanum, Yakima County",310112,Ahtanum,2020-12-17 11:46:22.200847
2020-09-07,08:15,72.3,51.3,47.5,0.0,395,SW,3.0,4.6,0.0,79.0,"Ahtanum, Yakima County",310112,Ahtanum,2020-12-17 11:46:22.200847
2020-09-07,08:30,74.3,49.3,41.2,0.0,428,NE,2.9,4.6,0.0,79.0,"Ahtanum, Yakima County",310112,Ahtanum,2020-12-17 11:46:22.200847
2020-09-07,08:45,75.0,48.5,39.1,0.0,455,E,3.6,6.0,0.0,78.9,"Ahtanum, Yakima County",310112,Ahtanum,2020-12-17 11:46:22.200847
2020-09-07,09:00,75.2,47.8,37.8,0.0,490,E,4.1,6.7,0.0,78.9,"Ahtanum, Yakima County",310112,Ahtanum,2020-12-17 11:46:22.200847
2020-09-07,09:15,75.4,48.3,38.4,0.0,531,E,3.6,7.1,0.0,78.8,"Ahtanum, Yakima County",310112,Ahtanum,2020-12-17 11:46:22.200847
2020-09-07,09:30,76.5,48.2,36.8,0.0,583,E,3.1,6.7,0.0,78.8,"Ahtanum, Yakima County",310112,Ahtanum,2020-12-17 11:46:22.200847
2020-09-07,09:45,77.1,48.1,36.0,0.0,610,NE,3.5,7.1,0.0,78.8,"Ahtanum, Yakima County",310112,Ahtanum,2020-12-17 11:46:22.200847
2020-09-07,10:00,78.2,46.3,32.4,0.0,637,E,5.5,11.7,0.0,78.8,"Ahtanum, Yakima County",310112,Ahtanum,2020-12-17 11:46:22.200847
2020-09-07,10:15,78.8,46.5,31.9,0.0,660,E,5.4,9.9,0.0,78.8,"Ahtanum, Yakima County",310112,Ahtanum,2020-12-17 11:46:22.200847
2020-09-07,10:30,78.9,46.9,32.5,0.0,687,NE,5.4,10.3,0.0,78.8,"Ahtanum, Yakima County",310112,Ahtanum,2020-12-17 11:46:22.200847
2020-09-07,10:45,80.2,46.5,30.6,0.0,760,E,6.2,12.4,0.0,78.9,"Ahtanum, Yakima County",310112,Ahtanum,2020-12-17 11:46:22.200847
2020-09-07,11:00,79.1,44.3,29.1,0.0,335,E,8.7,16.4,0.0,78.9,"Ahtanum, Yakima County",310112,Ahtanum,2020-12-17 11:46:22.200847
2020-09-07,11:15,77.2,40.1,26.3,0.0,430,E,10.2,17.5,0.0,79.0,"Ahtanum, Yakima County",310112,Ahtanum,2020-12-17 11:46:22.200847
2020-09-07,11:30,78.2,38.9,24.4,0.0,533,NE,10.2,16.7,0.0,79.1,"Ahtanum, Yakima County",310112,Ahtanum,2020-12-17 11:46:22.200847
2020-09-07,11:45,76.7,37.9,24.6,0.0,402,NE,8.9,15.3,0.0,79.2,"Ahtanum, Yakima County",310112,Ahtanum,2020-12-17 11:46:22.200847
2020-09-07,12:00,78.5,38.5,23.8,0.0,705,NE,8.8,15.3,0.0,79.3,"Ahtanum, Yakima County",310112,Ahtanum,2020-12-17 11:46:22.200847
2020-09-07,12:15,76.9,36.5,23.1,0.0,295,NE,10.0,17.5,0.0,79.4,"Ahtanum, Yakima County",310112,Ahtanum,2020-12-17 11:46:22.200847
2020-09-07,12:30,76.1,33.9,21.4,0.0,243,NE,11.3,17.5,0.0,79.5,"Ahtanum, Yakima County",310112,Ahtanum,2020-12-17 11:46:22.200847
2020-09-07,12:45,74.8,33.4,22.0,0.0,195,NE,11.7,21.0,0.0,79.6,"Ahtanum, Yakima County",310112,Ahtanum,2020-12-17 11:46:22.200847
2020-09-07,13:00,73.7,33.5,22.9,0.0,221,NE,12.9,24.6,0.0,79.8,"Ahtanum, Yakima County",310112,Ahtanum,2020-12-17 11:46:22.200847
2020-09-07,13:15,73.5,34.0,23.5,0.0,243,NE,12.8,26.0,0.0,79.9,"Ahtanum, Yakima County",310112,Ahtanum,2020-12-17 11:46:22.200847
2020-09-07,13:30,73.5,35.2,24.7,0.0,229,NE,11.1,21.0,0.0,80.0,"Ahtanum, Yakima County",310112,Ahtanum,2020-12-17 11:46:22.200847
2020-09-07,13:45,73.5,37.6,27.0,0.0,348,NE,11.5,22.5,0.0,80.1,"Ahtanum, Yakima County",310112,Ahtanum,2020-12-17 11:46:22.200847
2020-09-07,14:00,73.9,38.2,27.3,0.0,456,NE,12.6,21.8,0.0,80.2,"Ahtanum, Yakima County",310112,Ahtanum,2020-12-17 11:46:22.200847
2020-09-07,14:15,73.3,39.8,29.7,0.0,431,NE,12.3,22.5,0.0,80.3,"Ahtanum, Yakima County",310112,Ahtanum,2020-12-17 11:46:22.200847
2020-09-07,14:30,72.6,38.7,29.2,0.0,410,NE,12.1,19.2,0.0,80.3,"Ahtanum, Yakima County",310112,Ahtanum,2020-12-17 11:46:22.200847
2020-09-07,14:45,71.9,37.5,28.5,0.0,409,NE,11.6,20.0,0.0,80.4,"Ahtanum, Yakima County",310112,Ahtanum,2020-12-17 11:46:22.200847
2020-09-07,15:00,71.4,37.3,28.7,0.0,373,NE,10.0,16.4,0.0,80.4,"Ahtanum, Yakima County",310112,Ahtanum,2020-12-17 11:46:22.200847
2020-09-07,15:15,70.8,36.5,28.4,0.0,308,NE,10.6,25.0,0.0,80.5,"Ahtanum, Yakima County",310112,Ahtanum,2020-12-17 11:46:22.200847
2020-09-07,15:30,70.2,36.1,28.6,0.0,266,NE,10.1,19.2,0.0,80.5,"Ahtanum, Yakima County",310112,Ahtanum,2020-12-17 11:46:22.200847
2020-09-07,15:45,69.9,36.7,29.6,0.0,205,NE,8.1,18.2,0.0,80.6,"Ahtanum, Yakima County",310112,Ahtanum,2020-12-17 11:46:22.200847
2020-09-07,16:00,69.1,36.0,29.5,0.0,152,NE,8.6,16.0,0.0,80.6,"Ahtanum, Yakima County",310112,Ahtanum,2020-12-17 11:46:22.200847
2020-09-07,16:15,68.6,34.6,28.4,0.0,106,NE,8.5,16.7,0.0,80.6,"Ahtanum, Yakima County",310112,Ahtanum,2020-12-17 11:46:22.200847
2020-09-07,16:30,68.1,33.8,28.1,0.0,75,NE,7.8,15.0,0.0,80.6,"Ahtanum, Yakima County",310112,Ahtanum,2020-12-17 11:46:22.200847
2020-09-07,16:45,68.0,29.8,23.9,0.0,52,NE,9.7,16.4,0.0,80.7,"Ahtanum, Yakima County",310112,Ahtanum,2020-12-17 11:46:22.200847
2020-09-07,17:00,67.6,28.5,23.1,0.0,49,NE,7.1,13.9,0.0,80.7,"Ahtanum, Yakima County",310112,Ahtanum,2020-12-17 11:46:22.200847
2020-09-07,17:15,66.9,28.3,23.4,0.0,49,NE,6.6,16.0,0.0,80.7,"Ahtanum, Yakima County",310112,Ahtanum,2020-12-17 11:46:22.200847
2020-09-07,17:30,66.3,30.1,25.7,0.0,45,NE,3.9,7.4,0.0,80.7,"Ahtanum, Yakima County",310112,Ahtanum,2020-12-17 11:46:22.200847
2020-09-07,17:45,66.1,30.1,25.8,0.0,34,NE,4.6,7.8,0.0,80.7,"Ahtanum, Yakima County",310112,Ahtanum,2020-12-17 11:46:22.200847
2020-09-07,18:00,66.0,29.9,25.7,0.0,18,E,6.1,12.4,0.0,80.7,"Ahtanum, Yakima County",310112,Ahtanum,2020-12-17 11:46:22.200847
2020-09-07,18:15,65.6,29.6,25.8,0.0,9,NE,9.1,20.3,0.0,80.6,"Ahtanum, Yakima County",310112,Ahtanum,2020-12-17 11:46:22.200847
2020-09-07,18:30,64.5,29.1,26.2,0.0,3,NE,7.4,13.2,0.0,80.6,"Ahtanum, Yakima County",310112,Ahtanum,2020-12-17 11:46:22.200847
2020-09-07,18:45,64.3,28.1,25.3,0.0,1,E,6.9,11.4,0.0,80.6,"Ahtanum, Yakima County",310112,Ahtanum,2020-12-17 11:46:22.200847
2020-09-07,19:00,63.1,28.6,27.0,0.0,0,NE,5.5,11.4,0.0,80.5,"Ahtanum, Yakima County",310112,Ahtanum,2020-12-17 11:46:22.200847
2020-09-07,19:15,63.0,27.3,25.7,0.0,0,NE,4.7,10.3,0.0,80.4,"Ahtanum, Yakima County",310112,Ahtanum,2020-12-17 11:46:22.200847
2020-09-07,19:30,61.7,28.2,27.9,0.0,0,NE,3.8,6.7,0.0,80.4,"Ahtanum, Yakima County",310112,Ahtanum,2020-12-17 11:46:22.200847
2020-09-07,19:45,60.6,29.2,30.2,0.0,0,NE,2.8,6.7,0.0,80.3,"Ahtanum, Yakima County",310112,Ahtanum,2020-12-17 11:46:22.200847
2020-09-07,20:00,60.0,28.2,29.7,0.0,0,NE,3.2,7.1,0.0,80.2,"Ahtanum, Yakima County",310112,Ahtanum,2020-12-17 11:46:22.200847
2020-09-07,20:15,59.3,28.7,30.9,0.0,0,N ,2.7,4.9,0.0,80.1,"Ahtanum, Yakima County",310112,Ahtanum,2020-12-17 11:46:22.200847
2020-09-07,20:30,57.7,30.4,35.3,0.0,0,N ,2.8,4.9,0.0,80.0,"Ahtanum, Yakima County",310112,Ahtanum,2020-12-17 11:46:22.200847
2020-09-07,20:45,57.8,27.9,31.7,0.0,0,N ,3.2,4.9,0.0,80.0,"Ahtanum, Yakima County",310112,Ahtanum,2020-12-17 11:46:22.200847
2020-09-07,21:00,57.4,27.9,32.1,0.0,0,N,3.4,6.7,0.0,79.9,"Ahtanum, Yakima County",310112,Ahtanum,2020-12-17 11:46:22.200847
2020-09-07,21:15,57.2,26.9,31.0,0.0,0,N,3.0,4.2,0.0,79.8,"Ahtanum, Yakima County",310112,Ahtanum,2020-12-17 11:46:22.200847
2020-09-07,21:30,56.6,27.4,32.4,0.0,0,N,3.5,4.9,0.0,79.6,"Ahtanum, Yakima County",310112,Ahtanum,2020-12-17 11:46:22.200847
2020-09-07,21:45,56.5,26.7,31.7,0.0,0,N ,3.9,9.6,0.0,79.5,"Ahtanum, Yakima County",310112,Ahtanum,2020-12-17 11:46:22.200847
2020-09-07,22:00,56.0,26.6,32.0,0.0,0,N,3.3,5.3,0.0,79.4,"Ahtanum, Yakima County",310112,Ahtanum,2020-12-17 11:46:22.200847
2020-09-07,22:15,54.7,27.5,34.8,0.0,0,N,2.9,4.2,0.0,79.3,"Ahtanum, Yakima County",310112,Ahtanum,2020-12-17 11:46:22.200847
2020-09-07,22:30,54.5,27.4,34.9,0.0,0,N,3.2,4.2,0.0,79.2,"Ahtanum, Yakima County",310112,Ahtanum,2020-12-17 11:46:22.200847
2020-09-07,22:45,54.3,26.7,34.2,0.0,0,N,3.3,4.9,0.0,79.1,"Ahtanum, Yakima County",310112,Ahtanum,2020-12-17 11:46:22.200847
2020-09-07,23:00,53.4,27.1,36.0,0.0,0,N,2.6,5.3,0.0,78.9,"Ahtanum, Yakima County",310112,Ahtanum,2020-12-17 11:46:22.200847
2020-09-08,23:15,53.2,28.5,38.4,0.0,0,NW,3.3,4.6,0.0,78.8,"Ahtanum, Yakima County",310112,Ahtanum,2020-12-17 11:46:22.200847
2020-09-08,23:30,49.2,30.7,48.6,0.0,0,W,3.3,4.6,0.0,78.7,"Ahtanum, Yakima County",310112,Ahtanum,2020-12-17 11:46:22.200847
2020-09-08,23:45,48.4,32.0,52.8,0.0,0,W,3.8,4.6,0.0,78.5,"Ahtanum, Yakima County",310112,Ahtanum,2020-12-17 11:46:22.200847
2020-09-08,24:00,48.6,31.7,51.8,0.0,0,NW,2.4,4.6,0.0,78.4,"Ahtanum, Yakima County",310112,Ahtanum,2020-12-17 11:46:22.200847
