Date,Time PST,Air Temp °F, Dew Point °F, Rel Hum %, Tot Prec in, Wind Dir @ Speed mph, Wind Gust mph, Leaf Wet u., Solar Rad W/m², 8 in. Soil Tmp °F, 2<sup>nd</sup> Air Temp °F,Location,Station ID,Station Name,Download Timestamp
2020-01-01,00:15,36.6,35.3,95.2,0.0,S@14.3,20.0,0.59,0,34.0,37.4,"Davenport, Davenport, Lincoln County",330029,Davenport,2020-01-21 20:11:20.669795
2020-01-01,00:30,36.8,35.4,94.9,0.0,S@14.7,19.6,0.35,0,34.0,37.6,"Davenport, Davenport, Lincoln County",330029,Davenport,2020-01-21 20:11:20.669795
2020-01-01,00:45,36.7,35.4,95.1,0.0,S@13.0,18.2,0.24,0,33.9,37.5,"Davenport, Davenport, Lincoln County",330029,Davenport,2020-01-21 20:11:20.669795
2020-01-01,01:00,36.5,35.3,95.4,0.0,SW@10.9,13.9,0.36,0,33.9,37.3,"Davenport, Davenport, Lincoln County",330029,Davenport,2020-01-21 20:11:20.669795
2020-01-01,01:15,36.3,35.1,95.5,0.0,S@11.4,15.0,0.41,0,34.0,37.1,"Davenport, Davenport, Lincoln County",330029,Davenport,2020-01-21 20:11:20.669795
2020-01-01,01:30,35.9,34.9,96.2,0.0,S@10.6,14.2,0.5,0,34.0,36.7,"Davenport, Davenport, Lincoln County",330029,Davenport,2020-01-21 20:11:20.669795
2020-01-01,01:45,35.5,34.6,96.7,0.0,S@9.6,12.1,0.65,0,34.0,36.3,"Davenport, Davenport, Lincoln County",330029,Davenport,2020-01-21 20:11:20.669795
2020-01-01,02:00,35.3,34.6,97.0,0.0,SW@9.8,12.8,0.73,0,34.0,36.2,"Davenport, Davenport, Lincoln County",330029,Davenport,2020-01-21 20:11:20.669795
2020-01-01,02:15,35.7,34.8,96.3,0.0,S@8.8,12.8,0.76,0,34.0,36.6,"Davenport, Davenport, Lincoln County",330029,Davenport,2020-01-21 20:11:20.669795
2020-01-01,02:30,35.9,34.9,96.0,0.0,SE@5.3,9.2,0.8,0,34.0,36.7,"Davenport, Davenport, Lincoln County",330029,Davenport,2020-01-21 20:11:20.669795
2020-01-01,02:45,35.8,34.8,96.0,0.0,S@7.4,10.7,0.83,0,34.0,36.6,"Davenport, Davenport, Lincoln County",330029,Davenport,2020-01-21 20:11:20.669795
2020-01-01,03:00,35.9,35.0,96.7,0.0,S@11.1,14.2,0.85,0,34.0,36.7,"Davenport, Davenport, Lincoln County",330029,Davenport,2020-01-21 20:11:20.669795
2020-01-01,03:15,36.1,35.3,96.6,0.0,SW@12.9,17.5,0.87,0,34.0,37.0,"Davenport, Davenport, Lincoln County",330029,Davenport,2020-01-21 20:11:20.669795
2020-01-01,03:30,36.3,35.4,96.6,0.0,SW@12.5,16.7,0.88,0,34.0,37.1,"Davenport, Davenport, Lincoln County",330029,Davenport,2020-01-21 20:11:20.669795
2020-01-01,03:45,36.7,35.6,95.8,0.0,SW@12.9,17.8,0.87,0,34.0,37.6,"Davenport, Davenport, Lincoln County",330029,Davenport,2020-01-21 20:11:20.669795
2020-01-01,04:00,36.8,35.7,95.4,0.0,SW@12.5,16.4,0.87,0,34.0,37.7,"Davenport, Davenport, Lincoln County",330029,Davenport,2020-01-21 20:11:20.669795
2020-01-01,04:15,37.3,36.0,94.9,0.0,SW@12.8,18.2,0.86,0,34.0,38.2,"Davenport, Davenport, Lincoln County",330029,Davenport,2020-01-21 20:11:20.669795
2020-01-01,04:30,37.7,36.1,93.7,0.0,SW@14.7,18.9,0.83,0,34.0,38.6,"Davenport, Davenport, Lincoln County",330029,Davenport,2020-01-21 20:11:20.669795
2020-01-01,04:45,37.3,35.8,94.2,0.0,SW@11.8,15.3,0.79,0,34.0,38.2,"Davenport, Davenport, Lincoln County",330029,Davenport,2020-01-21 20:11:20.669795
2020-01-01,05:00,37.0,35.6,94.5,0.0,SW@9.9,12.1,0.72,0,34.0,37.9,"Davenport, Davenport, Lincoln County",330029,Davenport,2020-01-21 20:11:20.669795
2020-01-01,05:15,37.7,35.9,93.1,0.0,SW@10.7,16.4,0.52,0,34.0,38.5,"Davenport, Davenport, Lincoln County",330029,Davenport,2020-01-21 20:11:20.669795
2020-01-01,05:30,38.0,35.6,90.9,0.0,SW@12.5,17.5,0.04,0,33.9,38.8,"Davenport, Davenport, Lincoln County",330029,Davenport,2020-01-21 20:11:20.669795
2020-01-01,05:45,37.9,35.2,89.9,0.0,SW@13.1,18.2,0.0,0,33.9,38.8,"Davenport, Davenport, Lincoln County",330029,Davenport,2020-01-21 20:11:20.669795
2020-01-01,06:00,39.5,35.1,84.2,0.0,SW@14.2,18.9,0.0,0,33.9,40.3,"Davenport, Davenport, Lincoln County",330029,Davenport,2020-01-21 20:11:20.669795
2020-01-01,06:15,39.2,34.8,84.1,0.0,W@13.6,19.2,0.0,0,33.9,40.1,"Davenport, Davenport, Lincoln County",330029,Davenport,2020-01-21 20:11:20.669795
2020-01-01,06:30,39.3,34.6,83.1,0.0,SW@13.6,18.9,0.0,0,33.9,40.1,"Davenport, Davenport, Lincoln County",330029,Davenport,2020-01-21 20:11:20.669795
2020-01-01,06:45,39.5,34.2,80.9,0.0,W@12.6,18.2,0.0,0,34.0,40.4,"Davenport, Davenport, Lincoln County",330029,Davenport,2020-01-21 20:11:20.669795
2020-01-01,07:00,39.0,34.4,83.2,0.0,W@10.5,14.2,0.0,0,33.9,39.9,"Davenport, Davenport, Lincoln County",330029,Davenport,2020-01-21 20:11:20.669795
2020-01-01,07:15,38.6,34.7,85.7,0.0,W@9.0,12.8,0.0,0,33.9,39.4,"Davenport, Davenport, Lincoln County",330029,Davenport,2020-01-21 20:11:20.669795
2020-01-01,07:30,38.4,34.6,85.9,0.0,SW@9.3,14.6,0.0,0,33.9,39.3,"Davenport, Davenport, Lincoln County",330029,Davenport,2020-01-21 20:11:20.669795
2020-01-01,07:45,37.4,34.0,87.6,0.0,SW@8.8,14.6,0.0,0,33.9,38.2,"Davenport, Davenport, Lincoln County",330029,Davenport,2020-01-21 20:11:20.669795
2020-01-01,08:00,35.8,33.7,91.7,0.0,SW@8.9,11.7,0.0,3,33.9,36.6,"Davenport, Davenport, Lincoln County",330029,Davenport,2020-01-21 20:11:20.669795
2020-01-01,08:15,37.4,34.2,88.2,0.0,SW@12.1,16.7,0.0,7,33.9,38.3,"Davenport, Davenport, Lincoln County",330029,Davenport,2020-01-21 20:11:20.669795
2020-01-01,08:30,38.9,34.2,83.2,0.0,SW@12.0,17.5,0.0,16,33.9,39.7,"Davenport, Davenport, Lincoln County",330029,Davenport,2020-01-21 20:11:20.669795
2020-01-01,08:45,37.4,34.1,87.6,0.0,SW@7.6,12.1,0.0,24,33.9,38.2,"Davenport, Davenport, Lincoln County",330029,Davenport,2020-01-21 20:11:20.669795
2020-01-01,09:00,36.7,34.5,91.9,0.0,SW@8.1,11.4,0.0,45,33.9,37.4,"Davenport, Davenport, Lincoln County",330029,Davenport,2020-01-21 20:11:20.669795
2020-01-01,09:15,37.2,35.1,92.2,0.0,SW@10.1,12.8,0.0,64,33.9,38.0,"Davenport, Davenport, Lincoln County",330029,Davenport,2020-01-21 20:11:20.669795
2020-01-01,09:30,38.0,35.5,90.6,0.0,SW@11.6,17.1,0.0,73,33.9,38.8,"Davenport, Davenport, Lincoln County",330029,Davenport,2020-01-21 20:11:20.669795
2020-01-01,09:45,39.2,35.5,86.4,0.0,SW@13.7,18.2,0.0,89,33.9,39.9,"Davenport, Davenport, Lincoln County",330029,Davenport,2020-01-21 20:11:20.669795
2020-01-01,10:00,40.0,34.9,81.9,0.0,SW@14.5,20.7,0.0,87,33.9,40.8,"Davenport, Davenport, Lincoln County",330029,Davenport,2020-01-21 20:11:20.669795
2020-01-01,10:15,40.0,34.7,81.2,0.0,SW@15.0,22.5,0.0,91,34.0,40.8,"Davenport, Davenport, Lincoln County",330029,Davenport,2020-01-21 20:11:20.669795
2020-01-01,10:30,40.3,34.4,79.2,0.0,SW@16.3,22.5,0.0,96,33.9,41.1,"Davenport, Davenport, Lincoln County",330029,Davenport,2020-01-21 20:11:20.669795
2020-01-01,10:45,40.8,33.9,76.3,0.0,W@16.1,23.5,0.0,103,33.9,41.6,"Davenport, Davenport, Lincoln County",330029,Davenport,2020-01-21 20:11:20.669795
2020-01-01,11:00,41.1,33.7,74.6,0.0,W@16.1,21.4,0.0,90,33.9,42.0,"Davenport, Davenport, Lincoln County",330029,Davenport,2020-01-21 20:11:20.669795
2020-01-01,11:15,41.1,33.8,75.0,0.0,W@14.1,20.3,0.0,77,33.9,41.9,"Davenport, Davenport, Lincoln County",330029,Davenport,2020-01-21 20:11:20.669795
2020-01-01,11:30,41.2,34.4,76.4,0.0,SW@12.9,18.9,0.0,119,33.9,42.0,"Davenport, Davenport, Lincoln County",330029,Davenport,2020-01-21 20:11:20.669795
2020-01-01,11:45,41.6,34.4,75.6,0.0,SW@15.4,21.0,0.0,111,33.9,42.4,"Davenport, Davenport, Lincoln County",330029,Davenport,2020-01-21 20:11:20.669795
2020-01-01,12:00,41.5,34.5,76.0,0.0,W@14.8,21.8,0.0,131,33.9,42.3,"Davenport, Davenport, Lincoln County",330029,Davenport,2020-01-21 20:11:20.669795
2020-01-01,12:15,41.7,34.7,76.1,0.0,SW@15.2,20.3,0.0,134,33.9,42.5,"Davenport, Davenport, Lincoln County",330029,Davenport,2020-01-21 20:11:20.669795
2020-01-01,12:30,42.4,35.1,75.1,0.0,SW@16.1,21.8,0.0,196,33.9,43.2,"Davenport, Davenport, Lincoln County",330029,Davenport,2020-01-21 20:11:20.669795
2020-01-01,12:45,42.8,35.2,74.2,0.0,SW@15.5,20.0,0.0,174,34.0,43.6,"Davenport, Davenport, Lincoln County",330029,Davenport,2020-01-21 20:11:20.669795
2020-01-01,13:00,43.2,34.7,71.6,0.0,W@15.4,21.4,0.0,161,33.9,44.1,"Davenport, Davenport, Lincoln County",330029,Davenport,2020-01-21 20:11:20.669795
2020-01-01,13:15,43.7,34.5,69.7,0.0,SW@15.1,20.0,0.0,173,34.0,44.6,"Davenport, Davenport, Lincoln County",330029,Davenport,2020-01-21 20:11:20.669795
2020-01-01,13:30,45.0,35.1,68.1,0.0,W@14.9,22.1,0.0,223,34.0,45.7,"Davenport, Davenport, Lincoln County",330029,Davenport,2020-01-21 20:11:20.669795
2020-01-01,13:45,44.5,34.4,67.4,0.0,W@14.7,20.7,0.0,122,34.0,45.3,"Davenport, Davenport, Lincoln County",330029,Davenport,2020-01-21 20:11:20.669795
2020-01-01,14:00,43.9,34.0,68.0,0.0,W@13.0,19.2,0.0,95,34.0,44.7,"Davenport, Davenport, Lincoln County",330029,Davenport,2020-01-21 20:11:20.669795
2020-01-01,14:15,44.4,33.8,66.1,0.0,W@13.1,19.2,0.0,110,34.0,45.3,"Davenport, Davenport, Lincoln County",330029,Davenport,2020-01-21 20:11:20.669795
2020-01-01,14:30,46.3,33.4,60.5,0.0,W@16.6,23.5,0.0,234,34.0,46.9,"Davenport, Davenport, Lincoln County",330029,Davenport,2020-01-21 20:11:20.669795
2020-01-01,14:45,45.7,32.9,60.6,0.0,W@16.2,23.9,0.0,169,34.0,46.4,"Davenport, Davenport, Lincoln County",330029,Davenport,2020-01-21 20:11:20.669795
2020-01-01,15:00,45.4,32.4,60.3,0.0,W@16.1,23.9,0.0,135,34.0,46.0,"Davenport, Davenport, Lincoln County",330029,Davenport,2020-01-21 20:11:20.669795
2020-01-01,15:15,44.8,32.6,62.2,0.0,W@12.2,18.5,0.0,109,34.0,45.5,"Davenport, Davenport, Lincoln County",330029,Davenport,2020-01-21 20:11:20.669795
2020-01-01,15:30,44.4,32.7,63.1,0.0,W@12.8,18.9,0.0,84,34.0,45.1,"Davenport, Davenport, Lincoln County",330029,Davenport,2020-01-21 20:11:20.669795
2020-01-01,15:45,43.3,32.7,65.9,0.0,W@10.3,13.5,0.0,59,34.0,44.1,"Davenport, Davenport, Lincoln County",330029,Davenport,2020-01-21 20:11:20.669795
2020-01-01,16:00,42.2,32.7,68.9,0.0,W@9.5,12.4,0.0,36,34.0,43.0,"Davenport, Davenport, Lincoln County",330029,Davenport,2020-01-21 20:11:20.669795
2020-01-01,16:15,41.1,32.2,70.2,0.0,W@9.3,13.5,0.0,13,34.0,42.0,"Davenport, Davenport, Lincoln County",330029,Davenport,2020-01-21 20:11:20.669795
2020-01-01,16:30,40.5,31.9,71.2,0.0,W@9.4,12.8,0.0,2,34.0,41.4,"Davenport, Davenport, Lincoln County",330029,Davenport,2020-01-21 20:11:20.669795
2020-01-01,16:45,39.9,31.7,72.3,0.0,W@9.5,12.8,0.0,0,34.0,40.8,"Davenport, Davenport, Lincoln County",330029,Davenport,2020-01-21 20:11:20.669795
2020-01-01,17:00,39.6,31.8,73.4,0.0,W@9.4,13.5,0.0,0,34.0,40.5,"Davenport, Davenport, Lincoln County",330029,Davenport,2020-01-21 20:11:20.669795
2020-01-01,17:15,38.6,31.9,76.6,0.0,W@8.4,11.7,0.0,0,34.0,39.4,"Davenport, Davenport, Lincoln County",330029,Davenport,2020-01-21 20:11:20.669795
2020-01-01,17:30,38.2,31.7,77.3,0.0,SW@8.3,12.4,0.0,0,34.0,39.1,"Davenport, Davenport, Lincoln County",330029,Davenport,2020-01-21 20:11:20.669795
2020-01-01,17:45,37.7,31.4,77.6,0.0,SW@6.5,9.6,0.0,0,34.0,38.6,"Davenport, Davenport, Lincoln County",330029,Davenport,2020-01-21 20:11:20.669795
2020-01-01,18:00,37.3,31.5,79.2,0.0,SW@8.5,12.4,0.0,0,34.0,38.1,"Davenport, Davenport, Lincoln County",330029,Davenport,2020-01-21 20:11:20.669795
2020-01-01,18:15,37.5,31.5,79.0,0.0,SW@9.0,13.9,0.0,0,34.0,38.3,"Davenport, Davenport, Lincoln County",330029,Davenport,2020-01-21 20:11:20.669795
2020-01-01,18:30,37.8,31.5,77.7,0.0,SW@9.9,14.6,0.0,0,34.0,38.7,"Davenport, Davenport, Lincoln County",330029,Davenport,2020-01-21 20:11:20.669795
2020-01-01,18:45,36.1,31.1,82.0,0.0,SW@7.3,10.7,0.0,0,34.0,36.9,"Davenport, Davenport, Lincoln County",330029,Davenport,2020-01-21 20:11:20.669795
2020-01-01,19:00,36.5,31.1,80.4,0.0,SW@7.2,10.3,0.0,0,34.1,37.3,"Davenport, Davenport, Lincoln County",330029,Davenport,2020-01-21 20:11:20.669795
2020-01-01,19:15,34.8,30.7,84.8,0.0,S@8.4,11.4,0.0,0,34.1,35.7,"Davenport, Davenport, Lincoln County",330029,Davenport,2020-01-21 20:11:20.669795
2020-01-01,19:30,34.0,30.4,86.7,0.0,S@8.4,12.4,0.0,0,34.0,34.8,"Davenport, Davenport, Lincoln County",330029,Davenport,2020-01-21 20:11:20.669795
2020-01-01,19:45,33.2,30.6,90.0,0.0,S@6.2,8.9,0.0,0,34.0,34.0,"Davenport, Davenport, Lincoln County",330029,Davenport,2020-01-21 20:11:20.669795
2020-01-01,20:00,34.3,31.2,88.0,0.0,SW@6.9,13.2,0.01,0,34.1,35.2,"Davenport, Davenport, Lincoln County",330029,Davenport,2020-01-21 20:11:20.669795
2020-01-01,20:15,34.5,31.4,88.6,0.0,SW@9.0,13.2,0.0,0,34.1,35.3,"Davenport, Davenport, Lincoln County",330029,Davenport,2020-01-21 20:11:20.669795
2020-01-01,20:30,35.3,31.8,86.8,0.0,SW@11.5,16.0,0.0,0,34.1,36.2,"Davenport, Davenport, Lincoln County",330029,Davenport,2020-01-21 20:11:20.669795
2020-01-01,20:45,34.4,31.3,88.4,0.0,SW@11.0,14.2,0.0,0,34.1,35.2,"Davenport, Davenport, Lincoln County",330029,Davenport,2020-01-21 20:11:20.669795
2020-01-01,21:00,32.6,30.6,92.2,0.0,SW@9.5,12.1,0.0,0,34.0,33.4,"Davenport, Davenport, Lincoln County",330029,Davenport,2020-01-21 20:11:20.669795
2020-01-01,21:15,32.8,30.8,92.4,0.0,SW@9.5,12.1,0.0,0,34.1,33.6,"Davenport, Davenport, Lincoln County",330029,Davenport,2020-01-21 20:11:20.669795
2020-01-01,21:30,33.5,31.2,91.1,0.0,SW@10.8,14.6,0.0,0,34.1,34.3,"Davenport, Davenport, Lincoln County",330029,Davenport,2020-01-21 20:11:20.669795
2020-01-01,21:45,33.8,31.4,90.9,0.0,SW@12.0,16.0,0.0,0,34.1,34.7,"Davenport, Davenport, Lincoln County",330029,Davenport,2020-01-21 20:11:20.669795
2020-01-01,22:00,34.4,31.8,89.9,0.0,SW@12.4,17.5,0.0,0,34.1,35.3,"Davenport, Davenport, Lincoln County",330029,Davenport,2020-01-21 20:11:20.669795
2020-01-01,22:15,35.1,32.0,88.4,0.0,SW@13.6,18.9,0.0,0,34.1,35.9,"Davenport, Davenport, Lincoln County",330029,Davenport,2020-01-21 20:11:20.669795
2020-01-01,22:30,34.4,32.0,90.5,0.0,S@12.7,16.7,0.0,0,34.1,35.3,"Davenport, Davenport, Lincoln County",330029,Davenport,2020-01-21 20:11:20.669795
2020-01-01,22:45,34.1,31.9,91.5,0.0,S@12.1,16.0,0.0,0,34.1,35.0,"Davenport, Davenport, Lincoln County",330029,Davenport,2020-01-21 20:11:20.669795
2020-01-01,23:00,34.9,32.2,89.9,0.0,SW@13.6,20.3,0.0,0,34.1,35.7,"Davenport, Davenport, Lincoln County",330029,Davenport,2020-01-21 20:11:20.669795
2020-01-01,23:15,34.9,32.2,89.7,0.0,SW@13.8,19.6,0.0,0,34.1,35.7,"Davenport, Davenport, Lincoln County",330029,Davenport,2020-01-21 20:11:20.669795
2020-01-01,23:30,34.7,32.1,89.9,0.0,SW@16.4,23.9,0.0,0,34.1,35.6,"Davenport, Davenport, Lincoln County",330029,Davenport,2020-01-21 20:11:20.669795
2020-01-01,23:45,34.9,32.0,89.3,0.0,SW@17.0,22.5,0.0,0,34.1,35.7,"Davenport, Davenport, Lincoln County",330029,Davenport,2020-01-21 20:11:20.669795
2020-01-01,24:00,34.8,31.9,89.1,0.0,SW@13.6,20.7,0.0,0,34.0,35.6,"Davenport, Davenport, Lincoln County",330029,Davenport,2020-01-21 20:11:20.669795
2020-01-02,00:15,34.6,31.8,89.2,0.0,SW@12.2,18.5,0.0,0,34.0,35.5,"Davenport, Davenport, Lincoln County",330029,Davenport,2020-01-21 20:11:20.669795
2020-01-02,00:30,34.9,31.7,88.0,0.0,SW@13.3,18.5,0.0,0,34.0,35.7,"Davenport, Davenport, Lincoln County",330029,Davenport,2020-01-21 20:11:20.669795
2020-01-02,00:45,34.4,31.4,88.6,0.0,SW@12.4,17.1,0.0,0,34.0,35.2,"Davenport, Davenport, Lincoln County",330029,Davenport,2020-01-21 20:11:20.669795
2020-01-02,01:00,34.1,31.1,88.9,0.0,SW@11.5,16.0,0.0,0,34.0,34.9,"Davenport, Davenport, Lincoln County",330029,Davenport,2020-01-21 20:11:20.669795
2020-01-02,01:15,33.8,30.9,88.7,0.0,SW@8.4,11.4,0.0,0,34.0,34.7,"Davenport, Davenport, Lincoln County",330029,Davenport,2020-01-21 20:11:20.669795
2020-01-02,01:30,33.9,30.6,87.8,0.0,SW@5.7,10.7,0.0,0,34.0,34.7,"Davenport, Davenport, Lincoln County",330029,Davenport,2020-01-21 20:11:20.669795
2020-01-02,01:45,33.9,30.5,86.9,0.0,SW@7.8,12.8,0.0,0,34.0,34.7,"Davenport, Davenport, Lincoln County",330029,Davenport,2020-01-21 20:11:20.669795
2020-01-02,02:00,33.5,30.1,87.2,0.0,S@5.6,9.9,0.0,0,34.0,34.3,"Davenport, Davenport, Lincoln County",330029,Davenport,2020-01-21 20:11:20.669795
2020-01-02,02:15,32.5,29.7,89.2,0.0,SE@4.9,7.1,0.0,0,34.0,33.3,"Davenport, Davenport, Lincoln County",330029,Davenport,2020-01-21 20:11:20.669795
2020-01-02,02:30,32.2,29.5,89.5,0.0,SE@4.8,7.4,0.0,0,34.0,33.0,"Davenport, Davenport, Lincoln County",330029,Davenport,2020-01-21 20:11:20.669795
2020-01-02,02:45,32.5,29.6,88.7,0.0,SE@5.4,8.2,0.0,0,34.0,33.3,"Davenport, Davenport, Lincoln County",330029,Davenport,2020-01-21 20:11:20.669795
2020-01-02,03:00,33.2,29.3,85.6,0.0,SE@6.1,9.2,0.0,0,34.0,34.0,"Davenport, Davenport, Lincoln County",330029,Davenport,2020-01-21 20:11:20.669795
2020-01-02,03:15,33.6,28.5,81.1,0.0,S@4.4,7.4,0.0,0,34.0,34.4,"Davenport, Davenport, Lincoln County",330029,Davenport,2020-01-21 20:11:20.669795
2020-01-02,03:30,33.7,27.8,78.9,0.0,S@3.8,6.4,0.0,0,34.0,34.5,"Davenport, Davenport, Lincoln County",330029,Davenport,2020-01-21 20:11:20.669795
2020-01-02,03:45,34.3,27.1,74.7,0.0,W@6.6,12.1,0.0,0,34.0,35.1,"Davenport, Davenport, Lincoln County",330029,Davenport,2020-01-21 20:11:20.669795
2020-01-02,04:00,34.0,26.8,74.8,0.0,W@7.1,11.4,0.0,0,34.0,34.8,"Davenport, Davenport, Lincoln County",330029,Davenport,2020-01-21 20:11:20.669795
2020-01-02,04:15,33.5,26.7,75.6,0.0,W@5.6,7.8,0.0,0,34.0,34.4,"Davenport, Davenport, Lincoln County",330029,Davenport,2020-01-21 20:11:20.669795
2020-01-02,04:30,33.4,26.3,74.9,0.0,W@4.8,7.1,0.0,0,34.0,34.2,"Davenport, Davenport, Lincoln County",330029,Davenport,2020-01-21 20:11:20.669795
2020-01-02,04:45,32.8,26.0,75.8,0.0,SW@6.2,8.5,0.0,0,34.0,33.6,"Davenport, Davenport, Lincoln County",330029,Davenport,2020-01-21 20:11:20.669795
2020-01-02,05:00,32.5,25.7,75.7,0.0,SW@8.3,13.2,0.0,0,34.0,33.3,"Davenport, Davenport, Lincoln County",330029,Davenport,2020-01-21 20:11:20.669795
2020-01-02,05:15,32.7,25.1,73.6,0.0,SW@9.4,13.5,0.0,0,34.0,33.5,"Davenport, Davenport, Lincoln County",330029,Davenport,2020-01-21 20:11:20.669795
2020-01-02,05:30,32.7,24.5,71.3,0.0,SW@9.7,13.5,0.0,0,34.0,33.5,"Davenport, Davenport, Lincoln County",330029,Davenport,2020-01-21 20:11:20.669795
2020-01-02,05:45,32.8,23.9,69.2,0.0,SW@10.1,13.5,0.0,0,34.0,33.7,"Davenport, Davenport, Lincoln County",330029,Davenport,2020-01-21 20:11:20.669795
2020-01-02,06:00,33.1,23.5,67.3,0.0,W@9.9,15.7,0.0,0,34.0,33.9,"Davenport, Davenport, Lincoln County",330029,Davenport,2020-01-21 20:11:20.669795
2020-01-02,06:15,32.9,23.4,67.8,0.0,W@10.3,13.9,0.0,0,34.0,33.7,"Davenport, Davenport, Lincoln County",330029,Davenport,2020-01-21 20:11:20.669795
2020-01-02,06:30,32.5,23.4,68.8,0.0,W@11.9,16.7,0.0,0,34.0,33.3,"Davenport, Davenport, Lincoln County",330029,Davenport,2020-01-21 20:11:20.669795
2020-01-02,06:45,32.6,23.2,68.0,0.0,SW@12.3,17.1,0.0,0,34.0,33.4,"Davenport, Davenport, Lincoln County",330029,Davenport,2020-01-21 20:11:20.669795
2020-01-02,07:00,32.7,23.0,67.1,0.0,SW@11.2,15.7,0.0,0,34.0,33.5,"Davenport, Davenport, Lincoln County",330029,Davenport,2020-01-21 20:11:20.669795
2020-01-02,07:15,32.5,22.9,67.3,0.0,SW@10.0,15.3,0.0,0,34.0,33.3,"Davenport, Davenport, Lincoln County",330029,Davenport,2020-01-21 20:11:20.669795
2020-01-02,07:30,31.9,22.7,68.9,0.0,SW@9.5,12.4,0.0,0,34.0,32.7,"Davenport, Davenport, Lincoln County",330029,Davenport,2020-01-21 20:11:20.669795
2020-01-02,07:45,31.7,22.8,69.6,0.0,W@7.0,11.4,0.0,3,34.0,32.5,"Davenport, Davenport, Lincoln County",330029,Davenport,2020-01-21 20:11:20.669795
2020-01-02,08:00,31.4,22.8,70.7,0.0,W@5.1,8.9,0.0,10,34.0,32.1,"Davenport, Davenport, Lincoln County",330029,Davenport,2020-01-21 20:11:20.669795
2020-01-02,08:15,31.3,23.2,72.2,0.0,W@6.4,9.2,0.0,25,34.0,32.1,"Davenport, Davenport, Lincoln County",330029,Davenport,2020-01-21 20:11:20.669795
2020-01-02,08:30,31.0,23.6,74.3,0.0,W@5.3,7.8,0.0,41,34.0,31.7,"Davenport, Davenport, Lincoln County",330029,Davenport,2020-01-21 20:11:20.669795
2020-01-02,08:45,31.5,23.7,73.1,0.0,W@5.9,7.8,0.0,46,34.0,32.2,"Davenport, Davenport, Lincoln County",330029,Davenport,2020-01-21 20:11:20.669795
2020-01-02,09:00,32.2,23.8,70.9,0.0,W@6.3,8.5,0.0,45,34.0,32.9,"Davenport, Davenport, Lincoln County",330029,Davenport,2020-01-21 20:11:20.669795
2020-01-02,09:15,32.8,24.0,69.8,0.0,W@6.7,9.6,0.0,60,34.0,33.5,"Davenport, Davenport, Lincoln County",330029,Davenport,2020-01-21 20:11:20.669795
2020-01-02,09:30,33.1,24.3,69.8,0.0,W@6.7,8.9,0.0,66,34.0,33.8,"Davenport, Davenport, Lincoln County",330029,Davenport,2020-01-21 20:11:20.669795
2020-01-02,09:45,33.6,24.0,67.6,0.0,W@7.4,9.9,0.0,79,34.0,34.3,"Davenport, Davenport, Lincoln County",330029,Davenport,2020-01-21 20:11:20.669795
2020-01-02,10:00,34.0,24.0,66.5,0.0,W@7.0,9.9,0.0,141,34.0,34.6,"Davenport, Davenport, Lincoln County",330029,Davenport,2020-01-21 20:11:20.669795
2020-01-02,10:15,34.9,24.0,64.2,0.0,W@8.1,11.7,0.0,196,34.0,35.5,"Davenport, Davenport, Lincoln County",330029,Davenport,2020-01-21 20:11:20.669795
2020-01-02,10:30,36.0,24.4,62.2,0.0,W@8.4,11.4,0.0,246,34.0,36.4,"Davenport, Davenport, Lincoln County",330029,Davenport,2020-01-21 20:11:20.669795
2020-01-02,10:45,37.1,24.2,59.2,0.0,W@9.3,13.9,0.0,302,34.0,37.5,"Davenport, Davenport, Lincoln County",330029,Davenport,2020-01-21 20:11:20.669795
2020-01-02,11:00,37.7,23.7,56.6,0.0,SW@10.3,14.2,0.0,296,34.0,38.1,"Davenport, Davenport, Lincoln County",330029,Davenport,2020-01-21 20:11:20.669795
2020-01-02,11:15,38.2,23.1,54.1,0.0,SW@10.4,15.7,0.0,291,34.0,38.7,"Davenport, Davenport, Lincoln County",330029,Davenport,2020-01-21 20:11:20.669795
2020-01-02,11:30,38.7,23.4,53.7,0.0,W@9.9,14.2,0.0,319,34.0,39.1,"Davenport, Davenport, Lincoln County",330029,Davenport,2020-01-21 20:11:20.669795
2020-01-02,11:45,39.2,23.3,52.6,0.0,W@9.7,13.5,0.0,320,34.0,39.6,"Davenport, Davenport, Lincoln County",330029,Davenport,2020-01-21 20:11:20.669795
2020-01-02,12:00,39.8,22.6,49.8,0.0,W@9.5,13.5,0.0,343,34.0,40.2,"Davenport, Davenport, Lincoln County",330029,Davenport,2020-01-21 20:11:20.669795
2020-01-02,12:15,40.4,22.2,47.9,0.0,W@8.9,15.0,0.0,341,34.0,40.7,"Davenport, Davenport, Lincoln County",330029,Davenport,2020-01-21 20:11:20.669795
2020-01-02,12:30,40.7,21.5,45.8,0.0,W@9.3,13.5,0.0,325,34.0,41.1,"Davenport, Davenport, Lincoln County",330029,Davenport,2020-01-21 20:11:20.669795
2020-01-02,12:45,40.4,20.5,44.5,0.0,W@8.5,12.8,0.0,264,34.0,40.8,"Davenport, Davenport, Lincoln County",330029,Davenport,2020-01-21 20:11:20.669795
2020-01-02,13:00,40.5,20.5,44.4,0.0,W@7.3,11.0,0.0,241,34.0,41.0,"Davenport, Davenport, Lincoln County",330029,Davenport,2020-01-21 20:11:20.669795
2020-01-02,13:15,41.0,20.2,43.0,0.0,W@8.2,11.4,0.0,293,34.0,41.4,"Davenport, Davenport, Lincoln County",330029,Davenport,2020-01-21 20:11:20.669795
2020-01-02,13:30,40.7,19.9,43.0,0.0,W@9.3,13.2,0.0,264,34.0,41.2,"Davenport, Davenport, Lincoln County",330029,Davenport,2020-01-21 20:11:20.669795
2020-01-02,13:45,40.2,20.1,44.1,0.0,W@6.4,8.9,0.0,214,34.0,40.8,"Davenport, Davenport, Lincoln County",330029,Davenport,2020-01-21 20:11:20.669795
2020-01-02,14:00,40.6,19.6,42.6,0.0,W@7.2,11.7,0.0,221,34.0,41.1,"Davenport, Davenport, Lincoln County",330029,Davenport,2020-01-21 20:11:20.669795
2020-01-02,14:15,39.3,22.3,50.1,0.0,SW@10.5,16.0,0.0,156,34.0,40.0,"Davenport, Davenport, Lincoln County",330029,Davenport,2020-01-21 20:11:20.669795
2020-01-02,14:30,37.9,23.7,56.1,0.0,SW@11.2,15.3,0.0,118,34.0,38.7,"Davenport, Davenport, Lincoln County",330029,Davenport,2020-01-21 20:11:20.669795
2020-01-02,14:45,37.6,24.7,59.1,0.0,SW@10.2,13.2,0.0,123,34.0,38.4,"Davenport, Davenport, Lincoln County",330029,Davenport,2020-01-21 20:11:20.669795
2020-01-02,15:00,37.4,24.5,59.4,0.0,SW@8.3,11.7,0.0,79,34.0,38.2,"Davenport, Davenport, Lincoln County",330029,Davenport,2020-01-21 20:11:20.669795
2020-01-02,15:15,36.7,24.9,62.0,0.0,SW@6.7,8.5,0.0,46,34.0,37.5,"Davenport, Davenport, Lincoln County",330029,Davenport,2020-01-21 20:11:20.669795
2020-01-02,15:30,35.8,25.8,66.7,0.0,SW@6.9,8.9,0.0,34,34.0,36.6,"Davenport, Davenport, Lincoln County",330029,Davenport,2020-01-21 20:11:20.669795
2020-01-02,15:45,35.7,25.2,65.1,0.0,SW@7.4,10.3,0.0,19,34.0,36.6,"Davenport, Davenport, Lincoln County",330029,Davenport,2020-01-21 20:11:20.669795
2020-01-02,16:00,35.2,25.4,67.0,0.0,SW@5.9,8.2,0.0,8,34.0,36.0,"Davenport, Davenport, Lincoln County",330029,Davenport,2020-01-21 20:11:20.669795
2020-01-02,16:15,34.4,26.2,71.9,0.0,S@6.4,8.5,0.0,2,34.0,35.2,"Davenport, Davenport, Lincoln County",330029,Davenport,2020-01-21 20:11:20.669795
2020-01-02,16:30,34.3,27.1,74.5,0.0,SW@7.5,10.3,0.0,0,34.0,35.1,"Davenport, Davenport, Lincoln County",330029,Davenport,2020-01-21 20:11:20.669795
2020-01-02,16:45,34.2,28.0,77.7,0.0,SW@7.8,10.3,0.0,0,34.0,35.0,"Davenport, Davenport, Lincoln County",330029,Davenport,2020-01-21 20:11:20.669795
2020-01-02,17:00,34.0,28.5,80.2,0.0,SW@9.0,14.2,0.0,0,34.0,34.8,"Davenport, Davenport, Lincoln County",330029,Davenport,2020-01-21 20:11:20.669795
2020-01-02,17:15,34.3,28.6,79.5,0.0,SW@11.9,16.4,0.0,0,34.0,35.1,"Davenport, Davenport, Lincoln County",330029,Davenport,2020-01-21 20:11:20.669795
2020-01-02,17:30,34.3,28.3,78.5,0.0,SW@11.8,16.4,0.0,0,34.0,35.2,"Davenport, Davenport, Lincoln County",330029,Davenport,2020-01-21 20:11:20.669795
2020-01-02,17:45,33.9,28.9,81.8,0.0,SW@11.5,15.3,0.0,0,34.0,34.7,"Davenport, Davenport, Lincoln County",330029,Davenport,2020-01-21 20:11:20.669795
2020-01-02,18:00,33.4,29.4,85.1,0.0,SW@10.1,13.9,0.0,0,34.1,34.3,"Davenport, Davenport, Lincoln County",330029,Davenport,2020-01-21 20:11:20.669795
2020-01-02,18:15,33.0,29.7,87.4,0.0,SW@8.4,11.7,0.0,0,34.1,33.8,"Davenport, Davenport, Lincoln County",330029,Davenport,2020-01-21 20:11:20.669795
2020-01-02,18:30,32.6,30.1,90.6,0.0,SW@8.3,12.1,0.0,0,34.0,33.4,"Davenport, Davenport, Lincoln County",330029,Davenport,2020-01-21 20:11:20.669795
2020-01-02,18:45,32.2,30.4,93.0,0.0,SW@8.5,11.4,0.0,0,34.1,33.0,"Davenport, Davenport, Lincoln County",330029,Davenport,2020-01-21 20:11:20.669795
2020-01-02,19:00,31.8,30.6,95.9,0.0,SW@7.4,9.6,0.03,0,34.1,32.5,"Davenport, Davenport, Lincoln County",330029,Davenport,2020-01-21 20:11:20.669795
2020-01-02,19:15,31.7,30.9,97.1,0.0,S@6.9,9.2,0.12,0,34.1,32.5,"Davenport, Davenport, Lincoln County",330029,Davenport,2020-01-21 20:11:20.669795
2020-01-02,19:30,31.7,31.0,97.6,0.0,S@6.1,7.8,0.2,0,34.1,32.5,"Davenport, Davenport, Lincoln County",330029,Davenport,2020-01-21 20:11:20.669795
2020-01-02,19:45,31.7,31.0,97.9,0.0,S@6.0,8.9,0.28,0,34.1,32.4,"Davenport, Davenport, Lincoln County",330029,Davenport,2020-01-21 20:11:20.669795
2020-01-02,20:00,31.7,31.1,98.1,0.0,S@6.9,9.2,0.32,0,34.1,32.5,"Davenport, Davenport, Lincoln County",330029,Davenport,2020-01-21 20:11:20.669795
2020-01-02,20:15,31.7,31.1,98.3,0.0,S@7.2,9.2,0.35,0,34.1,32.4,"Davenport, Davenport, Lincoln County",330029,Davenport,2020-01-21 20:11:20.669795
2020-01-02,20:30,31.6,31.1,98.5,0.0,S@6.9,9.2,0.38,0,34.1,32.4,"Davenport, Davenport, Lincoln County",330029,Davenport,2020-01-21 20:11:20.669795
2020-01-02,20:45,31.6,31.1,98.6,0.0,S@7.3,10.3,0.42,0,34.1,32.4,"Davenport, Davenport, Lincoln County",330029,Davenport,2020-01-21 20:11:20.669795
2020-01-02,21:00,31.5,31.1,98.7,0.0,S@7.5,9.9,0.43,0,34.1,32.3,"Davenport, Davenport, Lincoln County",330029,Davenport,2020-01-21 20:11:20.669795
2020-01-02,21:15,31.5,31.0,98.8,0.0,S@7.4,9.6,0.44,0,34.1,32.3,"Davenport, Davenport, Lincoln County",330029,Davenport,2020-01-21 20:11:20.669795
2020-01-02,21:30,31.4,30.9,98.8,0.0,S@8.1,11.0,0.45,0,34.1,32.2,"Davenport, Davenport, Lincoln County",330029,Davenport,2020-01-21 20:11:20.669795
2020-01-02,21:45,31.3,30.8,98.8,0.0,S@7.3,9.6,0.44,0,34.1,32.1,"Davenport, Davenport, Lincoln County",330029,Davenport,2020-01-21 20:11:20.669795
2020-01-02,22:00,31.3,30.8,98.8,0.0,S@7.7,11.0,0.43,0,34.1,32.1,"Davenport, Davenport, Lincoln County",330029,Davenport,2020-01-21 20:11:20.669795
2020-01-02,22:15,31.3,30.8,98.8,0.0,SE@6.9,9.9,0.43,0,34.1,32.1,"Davenport, Davenport, Lincoln County",330029,Davenport,2020-01-21 20:11:20.669795
2020-01-02,22:30,31.3,30.8,98.8,0.0,SE@6.6,10.3,0.43,0,34.1,32.1,"Davenport, Davenport, Lincoln County",330029,Davenport,2020-01-21 20:11:20.669795
2020-01-02,22:45,31.4,30.9,98.8,0.0,SE@7.2,9.9,0.44,0,34.1,32.2,"Davenport, Davenport, Lincoln County",330029,Davenport,2020-01-21 20:11:20.669795
2020-01-02,23:00,31.5,31.0,98.8,0.0,SE@8.6,12.1,0.44,0,34.1,32.3,"Davenport, Davenport, Lincoln County",330029,Davenport,2020-01-21 20:11:20.669795
2020-01-02,23:15,31.6,31.1,98.8,0.0,SE@9.1,12.4,0.44,0,34.1,32.4,"Davenport, Davenport, Lincoln County",330029,Davenport,2020-01-21 20:11:20.669795
2020-01-02,23:30,31.7,31.3,98.8,0.0,SE@8.8,11.7,0.45,0,34.1,32.5,"Davenport, Davenport, Lincoln County",330029,Davenport,2020-01-21 20:11:20.669795
2020-01-02,23:45,31.8,31.4,98.8,0.0,SE@8.3,11.4,0.45,0,34.1,32.6,"Davenport, Davenport, Lincoln County",330029,Davenport,2020-01-21 20:11:20.669795
2020-01-02,24:00,31.9,31.5,98.8,0.0,SE@8.2,11.7,0.46,0,34.1,32.7,"Davenport, Davenport, Lincoln County",330029,Davenport,2020-01-21 20:11:20.669795
2020-01-03,00:15,32.0,31.6,98.9,0.0,SE@8.1,11.4,0.51,0,34.1,32.8,"Davenport, Davenport, Lincoln County",330029,Davenport,2020-01-21 20:11:20.669795
2020-01-03,00:30,32.2,31.9,98.9,0.0,S@7.6,10.7,0.58,0,34.1,33.0,"Davenport, Davenport, Lincoln County",330029,Davenport,2020-01-21 20:11:20.669795
2020-01-03,00:45,32.4,32.1,99.0,0.0,S@7.8,11.0,0.68,0,34.0,33.2,"Davenport, Davenport, Lincoln County",330029,Davenport,2020-01-21 20:11:20.669795
2020-01-03,01:00,32.7,32.4,99.0,0.0,S@8.3,11.0,0.95,0,34.0,33.5,"Davenport, Davenport, Lincoln County",330029,Davenport,2020-01-21 20:11:20.669795
2020-01-03,01:15,33.0,32.7,99.1,0.0,SE@8.8,15.0,1.0,0,34.0,33.8,"Davenport, Davenport, Lincoln County",330029,Davenport,2020-01-21 20:11:20.669795
2020-01-03,01:30,32.9,32.7,99.1,0.0,S@8.6,11.7,1.0,0,34.0,33.7,"Davenport, Davenport, Lincoln County",330029,Davenport,2020-01-21 20:11:20.669795
2020-01-03,01:45,33.0,32.7,99.2,0.0,S@8.4,12.8,1.0,0,34.0,33.8,"Davenport, Davenport, Lincoln County",330029,Davenport,2020-01-21 20:11:20.669795
2020-01-03,02:00,33.1,32.9,99.2,0.0,S@8.5,13.5,1.0,0,34.0,33.9,"Davenport, Davenport, Lincoln County",330029,Davenport,2020-01-21 20:11:20.669795
2020-01-03,02:15,33.0,32.8,99.2,0.01,S@6.3,9.9,1.0,0,34.0,33.7,"Davenport, Davenport, Lincoln County",330029,Davenport,2020-01-21 20:11:20.669795
2020-01-03,02:30,33.0,32.9,99.2,0.0,S@6.7,9.6,1.0,0,34.0,33.8,"Davenport, Davenport, Lincoln County",330029,Davenport,2020-01-21 20:11:20.669795
2020-01-03,02:45,33.2,33.0,99.2,0.0,S@7.7,10.3,1.0,0,34.0,34.0,"Davenport, Davenport, Lincoln County",330029,Davenport,2020-01-21 20:11:20.669795
2020-01-03,03:00,33.4,33.2,99.2,0.0,S@8.9,12.4,1.0,0,34.0,34.2,"Davenport, Davenport, Lincoln County",330029,Davenport,2020-01-21 20:11:20.669795
2020-01-03,03:15,33.5,33.3,99.2,0.0,S@11.1,14.6,1.0,0,34.0,34.4,"Davenport, Davenport, Lincoln County",330029,Davenport,2020-01-21 20:11:20.669795
2020-01-03,03:30,33.7,33.5,99.2,0.0,S@11.2,15.0,1.0,0,34.0,34.6,"Davenport, Davenport, Lincoln County",330029,Davenport,2020-01-21 20:11:20.669795
2020-01-03,03:45,33.8,33.5,99.2,0.0,S@11.0,13.9,1.0,0,34.0,34.6,"Davenport, Davenport, Lincoln County",330029,Davenport,2020-01-21 20:11:20.669795
2020-01-03,04:00,33.7,33.5,99.1,0.0,S@11.2,14.6,1.0,0,34.0,34.6,"Davenport, Davenport, Lincoln County",330029,Davenport,2020-01-21 20:11:20.669795
2020-01-03,04:15,34.0,33.7,99.0,0.0,S@10.4,13.9,1.0,0,34.0,34.9,"Davenport, Davenport, Lincoln County",330029,Davenport,2020-01-21 20:11:20.669795
2020-01-03,04:30,33.9,33.7,98.9,0.0,S@8.3,12.1,1.0,0,34.0,34.8,"Davenport, Davenport, Lincoln County",330029,Davenport,2020-01-21 20:11:20.669795
2020-01-03,04:45,34.0,33.7,98.8,0.0,S@7.5,10.3,1.0,0,34.0,34.8,"Davenport, Davenport, Lincoln County",330029,Davenport,2020-01-21 20:11:20.669795
2020-01-03,05:00,34.2,33.9,98.8,0.0,S@9.0,12.8,1.0,0,34.0,35.1,"Davenport, Davenport, Lincoln County",330029,Davenport,2020-01-21 20:11:20.669795
2020-01-03,05:15,34.4,34.1,98.8,0.0,S@10.4,14.2,1.0,0,34.0,35.3,"Davenport, Davenport, Lincoln County",330029,Davenport,2020-01-21 20:11:20.669795
2020-01-03,05:30,34.5,34.2,98.7,0.0,S@10.9,14.2,1.0,0,34.0,35.5,"Davenport, Davenport, Lincoln County",330029,Davenport,2020-01-21 20:11:20.669795
2020-01-03,05:45,34.5,34.1,98.5,0.0,S@10.3,14.2,1.0,0,34.0,35.5,"Davenport, Davenport, Lincoln County",330029,Davenport,2020-01-21 20:11:20.669795
2020-01-03,06:00,34.5,34.0,98.1,0.0,S@11.9,17.5,1.0,0,34.0,35.4,"Davenport, Davenport, Lincoln County",330029,Davenport,2020-01-21 20:11:20.669795
2020-01-03,06:15,34.7,34.0,97.2,0.0,S@12.4,16.4,1.0,0,34.0,35.7,"Davenport, Davenport, Lincoln County",330029,Davenport,2020-01-21 20:11:20.669795
2020-01-03,06:30,34.9,34.0,96.4,0.0,S@12.5,17.1,1.0,0,34.0,35.8,"Davenport, Davenport, Lincoln County",330029,Davenport,2020-01-21 20:11:20.669795
2020-01-03,06:45,35.2,34.1,95.8,0.0,S@12.7,17.5,1.0,0,34.0,36.1,"Davenport, Davenport, Lincoln County",330029,Davenport,2020-01-21 20:11:20.669795
2020-01-03,07:00,35.4,34.1,95.0,0.0,S@13.0,18.2,1.0,0,34.0,36.3,"Davenport, Davenport, Lincoln County",330029,Davenport,2020-01-21 20:11:20.669795
2020-01-03,07:15,35.0,33.9,95.5,0.0,S@11.6,15.3,1.0,0,34.0,35.9,"Davenport, Davenport, Lincoln County",330029,Davenport,2020-01-21 20:11:20.669795
2020-01-03,07:30,35.1,33.9,95.5,0.0,S@13.6,18.9,1.0,0,34.0,36.0,"Davenport, Davenport, Lincoln County",330029,Davenport,2020-01-21 20:11:20.669795
2020-01-03,07:45,36.5,34.7,93.1,0.0,S@15.6,20.7,0.95,3,34.0,37.3,"Davenport, Davenport, Lincoln County",330029,Davenport,2020-01-21 20:11:20.669795
2020-01-03,08:00,36.6,34.7,92.9,0.0,S@15.0,21.8,0.92,7,34.0,37.4,"Davenport, Davenport, Lincoln County",330029,Davenport,2020-01-21 20:11:20.669795
2020-01-03,08:15,36.4,34.8,93.9,0.0,S@14.4,19.2,0.87,15,34.0,37.3,"Davenport, Davenport, Lincoln County",330029,Davenport,2020-01-21 20:11:20.669795
2020-01-03,08:30,37.0,35.1,92.9,0.01,S@15.7,20.7,0.7,25,34.0,37.8,"Davenport, Davenport, Lincoln County",330029,Davenport,2020-01-21 20:11:20.669795
2020-01-03,08:45,36.7,34.9,93.0,0.0,S@12.8,16.7,0.35,53,34.0,37.5,"Davenport, Davenport, Lincoln County",330029,Davenport,2020-01-21 20:11:20.669795
2020-01-03,09:00,36.4,34.8,94.1,0.0,S@11.6,15.7,0.21,61,34.0,37.2,"Davenport, Davenport, Lincoln County",330029,Davenport,2020-01-21 20:11:20.669795
2020-01-03,09:15,37.2,35.3,92.7,0.0,S@14.6,20.3,0.09,73,34.0,38.1,"Davenport, Davenport, Lincoln County",330029,Davenport,2020-01-21 20:11:20.669795
2020-01-03,09:30,37.7,35.6,91.9,0.0,S@14.8,19.6,0.0,100,34.0,38.5,"Davenport, Davenport, Lincoln County",330029,Davenport,2020-01-21 20:11:20.669795
2020-01-03,09:45,38.9,36.3,90.3,0.0,S@14.5,20.0,0.0,173,34.0,39.5,"Davenport, Davenport, Lincoln County",330029,Davenport,2020-01-21 20:11:20.669795
2020-01-03,10:00,39.5,36.7,89.5,0.0,S@14.6,19.6,0.0,173,34.0,40.2,"Davenport, Davenport, Lincoln County",330029,Davenport,2020-01-21 20:11:20.669795
2020-01-03,10:15,41.1,37.5,86.6,0.0,S@13.3,17.8,0.0,244,34.0,41.7,"Davenport, Davenport, Lincoln County",330029,Davenport,2020-01-21 20:11:20.669795
2020-01-03,10:30,42.2,37.8,84.5,0.0,S@13.8,18.5,0.0,261,34.0,42.8,"Davenport, Davenport, Lincoln County",330029,Davenport,2020-01-21 20:11:20.669795
2020-01-03,10:45,43.2,38.2,82.3,0.0,S@16.3,24.3,0.0,280,34.0,43.9,"Davenport, Davenport, Lincoln County",330029,Davenport,2020-01-21 20:11:20.669795
2020-01-03,11:00,43.7,38.0,80.2,0.0,S@18.2,23.2,0.0,245,34.0,44.4,"Davenport, Davenport, Lincoln County",330029,Davenport,2020-01-21 20:11:20.669795
2020-01-03,11:15,44.4,38.1,78.4,0.0,S@15.2,20.0,0.0,255,34.0,45.1,"Davenport, Davenport, Lincoln County",330029,Davenport,2020-01-21 20:11:20.669795
2020-01-03,11:30,43.7,37.3,77.9,0.0,S@15.6,20.3,0.0,166,34.0,44.6,"Davenport, Davenport, Lincoln County",330029,Davenport,2020-01-21 20:11:20.669795
2020-01-03,11:45,43.2,36.9,78.2,0.0,S@15.5,19.6,0.0,117,34.0,44.1,"Davenport, Davenport, Lincoln County",330029,Davenport,2020-01-21 20:11:20.669795
2020-01-03,12:00,43.0,36.4,77.4,0.0,S@15.0,20.3,0.0,109,34.0,43.9,"Davenport, Davenport, Lincoln County",330029,Davenport,2020-01-21 20:11:20.669795
2020-01-03,12:15,42.8,36.3,77.6,0.0,S@13.9,17.8,0.0,117,34.1,43.7,"Davenport, Davenport, Lincoln County",330029,Davenport,2020-01-21 20:11:20.669795
2020-01-03,12:30,42.7,35.9,76.8,0.0,S@13.4,18.2,0.0,112,34.1,43.6,"Davenport, Davenport, Lincoln County",330029,Davenport,2020-01-21 20:11:20.669795
2020-01-03,12:45,42.5,35.9,77.1,0.0,S@12.3,17.1,0.0,110,34.1,43.4,"Davenport, Davenport, Lincoln County",330029,Davenport,2020-01-21 20:11:20.669795
2020-01-03,13:00,42.5,35.6,76.3,0.0,S@14.2,20.0,0.0,100,34.1,43.4,"Davenport, Davenport, Lincoln County",330029,Davenport,2020-01-21 20:11:20.669795
2020-01-03,13:15,42.9,35.5,74.9,0.0,S@12.3,16.7,0.0,137,34.1,43.8,"Davenport, Davenport, Lincoln County",330029,Davenport,2020-01-21 20:11:20.669795
2020-01-03,13:30,42.8,34.7,72.9,0.0,S@11.8,15.3,0.0,115,34.1,43.7,"Davenport, Davenport, Lincoln County",330029,Davenport,2020-01-21 20:11:20.669795
2020-01-03,13:45,43.0,34.0,70.1,0.0,S@12.4,16.7,0.0,116,34.2,43.9,"Davenport, Davenport, Lincoln County",330029,Davenport,2020-01-21 20:11:20.669795
2020-01-03,14:00,42.9,33.2,68.3,0.0,S@12.1,17.1,0.0,94,34.2,43.8,"Davenport, Davenport, Lincoln County",330029,Davenport,2020-01-21 20:11:20.669795
2020-01-03,14:15,42.6,32.6,67.7,0.0,S@10.9,13.9,0.0,82,34.2,43.4,"Davenport, Davenport, Lincoln County",330029,Davenport,2020-01-21 20:11:20.669795
2020-01-03,14:30,42.2,32.7,68.7,0.0,S@11.8,15.7,0.0,82,34.2,43.1,"Davenport, Davenport, Lincoln County",330029,Davenport,2020-01-21 20:11:20.669795
2020-01-03,14:45,42.3,32.7,68.5,0.0,S@11.4,15.7,0.0,65,34.3,43.2,"Davenport, Davenport, Lincoln County",330029,Davenport,2020-01-21 20:11:20.669795
2020-01-03,15:00,42.4,32.6,68.0,0.0,S@13.7,17.8,0.0,43,34.3,43.3,"Davenport, Davenport, Lincoln County",330029,Davenport,2020-01-21 20:11:20.669795
2020-01-03,15:15,42.9,32.2,65.7,0.0,S@14.3,18.5,0.0,52,34.3,43.7,"Davenport, Davenport, Lincoln County",330029,Davenport,2020-01-21 20:11:20.669795
2020-01-03,15:30,43.2,31.7,63.4,0.0,S@10.2,14.6,0.0,58,34.3,44.1,"Davenport, Davenport, Lincoln County",330029,Davenport,2020-01-21 20:11:20.669795
2020-01-03,15:45,42.3,31.8,66.1,0.0,S@9.1,12.4,0.0,31,34.4,43.2,"Davenport, Davenport, Lincoln County",330029,Davenport,2020-01-21 20:11:20.669795
2020-01-03,16:00,41.8,31.0,65.3,0.0,S@10.5,15.3,0.0,18,34.4,42.7,"Davenport, Davenport, Lincoln County",330029,Davenport,2020-01-21 20:11:20.669795
2020-01-03,16:15,40.8,31.0,68.0,0.0,SE@10.2,12.8,0.0,6,34.4,41.7,"Davenport, Davenport, Lincoln County",330029,Davenport,2020-01-21 20:11:20.669795
2020-01-03,16:30,39.6,30.8,70.5,0.0,SE@9.5,13.2,0.0,1,34.5,40.5,"Davenport, Davenport, Lincoln County",330029,Davenport,2020-01-21 20:11:20.669795
2020-01-03,16:45,39.9,30.3,68.3,0.0,S@9.4,15.0,0.0,0,34.5,40.8,"Davenport, Davenport, Lincoln County",330029,Davenport,2020-01-21 20:11:20.669795
2020-01-03,17:00,41.5,29.9,63.2,0.0,S@14.1,18.9,0.0,0,34.5,42.4,"Davenport, Davenport, Lincoln County",330029,Davenport,2020-01-21 20:11:20.669795
2020-01-03,17:15,41.4,29.7,63.0,0.0,S@13.8,17.8,0.0,0,34.5,42.3,"Davenport, Davenport, Lincoln County",330029,Davenport,2020-01-21 20:11:20.669795
2020-01-03,17:30,40.8,29.9,64.8,0.0,S@13.4,18.5,0.0,0,34.6,41.8,"Davenport, Davenport, Lincoln County",330029,Davenport,2020-01-21 20:11:20.669795
2020-01-03,17:45,39.8,30.1,67.9,0.0,S@11.1,14.6,0.0,0,34.6,40.7,"Davenport, Davenport, Lincoln County",330029,Davenport,2020-01-21 20:11:20.669795
2020-01-03,18:00,40.1,30.5,68.1,0.0,S@12.0,16.7,0.0,0,34.6,41.1,"Davenport, Davenport, Lincoln County",330029,Davenport,2020-01-21 20:11:20.669795
2020-01-03,18:15,39.0,30.9,72.4,0.0,SE@10.0,13.2,0.0,0,34.6,39.9,"Davenport, Davenport, Lincoln County",330029,Davenport,2020-01-21 20:11:20.669795
2020-01-03,18:30,39.0,31.1,73.0,0.0,SE@9.3,15.0,0.0,0,34.7,39.9,"Davenport, Davenport, Lincoln County",330029,Davenport,2020-01-21 20:11:20.669795
2020-01-03,18:45,38.5,31.3,75.2,0.0,SE@6.2,11.4,0.0,0,34.7,39.4,"Davenport, Davenport, Lincoln County",330029,Davenport,2020-01-21 20:11:20.669795
2020-01-03,19:00,39.4,31.7,73.8,0.0,S@11.6,19.2,0.0,0,34.7,40.3,"Davenport, Davenport, Lincoln County",330029,Davenport,2020-01-21 20:11:20.669795
2020-01-03,19:15,40.0,31.7,72.0,0.0,SE@14.0,20.0,0.0,0,34.7,40.9,"Davenport, Davenport, Lincoln County",330029,Davenport,2020-01-21 20:11:20.669795
2020-01-03,19:30,39.2,31.6,73.9,0.0,SE@13.4,17.5,0.0,0,34.7,40.1,"Davenport, Davenport, Lincoln County",330029,Davenport,2020-01-21 20:11:20.669795
2020-01-03,19:45,39.0,31.5,74.0,0.0,SE@13.5,17.5,0.0,0,34.7,39.9,"Davenport, Davenport, Lincoln County",330029,Davenport,2020-01-21 20:11:20.669795
2020-01-03,20:00,39.3,31.4,73.2,0.0,SE@13.5,17.1,0.0,0,34.7,40.2,"Davenport, Davenport, Lincoln County",330029,Davenport,2020-01-21 20:11:20.669795
2020-01-03,20:15,39.5,31.6,73.1,0.0,SE@9.5,14.2,0.0,0,34.7,40.3,"Davenport, Davenport, Lincoln County",330029,Davenport,2020-01-21 20:11:20.669795
2020-01-03,20:30,39.2,31.7,74.3,0.0,SE@9.2,14.2,0.0,0,34.7,40.1,"Davenport, Davenport, Lincoln County",330029,Davenport,2020-01-21 20:11:20.669795
2020-01-03,20:45,39.4,31.8,74.0,0.0,SE@10.0,16.7,0.0,0,34.8,40.3,"Davenport, Davenport, Lincoln County",330029,Davenport,2020-01-21 20:11:20.669795
2020-01-03,21:00,38.7,31.9,76.5,0.0,SE@5.4,9.9,0.0,0,34.8,39.6,"Davenport, Davenport, Lincoln County",330029,Davenport,2020-01-21 20:11:20.669795
2020-01-03,21:15,39.3,31.9,74.7,0.0,E@6.4,9.9,0.0,0,34.8,40.2,"Davenport, Davenport, Lincoln County",330029,Davenport,2020-01-21 20:11:20.669795
2020-01-03,21:30,39.0,32.0,75.7,0.0,E@6.2,11.0,0.0,0,34.8,39.9,"Davenport, Davenport, Lincoln County",330029,Davenport,2020-01-21 20:11:20.669795
2020-01-03,21:45,39.2,32.0,75.2,0.0,SE@12.0,17.1,0.0,0,34.8,40.1,"Davenport, Davenport, Lincoln County",330029,Davenport,2020-01-21 20:11:20.669795
2020-01-03,22:00,39.6,32.0,74.2,0.0,SE@13.1,18.2,0.0,0,34.8,40.4,"Davenport, Davenport, Lincoln County",330029,Davenport,2020-01-21 20:11:20.669795
2020-01-03,22:15,39.5,32.1,74.7,0.0,SE@13.7,17.8,0.0,0,34.8,40.4,"Davenport, Davenport, Lincoln County",330029,Davenport,2020-01-21 20:11:20.669795
2020-01-03,22:30,39.7,32.1,73.9,0.0,SE@11.0,16.7,0.0,0,34.8,40.7,"Davenport, Davenport, Lincoln County",330029,Davenport,2020-01-21 20:11:20.669795
2020-01-03,22:45,39.6,32.1,74.2,0.0,SE@11.0,17.1,0.0,0,34.8,40.5,"Davenport, Davenport, Lincoln County",330029,Davenport,2020-01-21 20:11:20.669795
2020-01-03,23:00,39.4,32.0,74.5,0.0,SE@9.8,15.7,0.0,0,34.8,40.3,"Davenport, Davenport, Lincoln County",330029,Davenport,2020-01-21 20:11:20.669795
2020-01-03,23:15,39.1,31.8,74.9,0.0,SE@6.2,13.2,0.0,0,34.8,40.0,"Davenport, Davenport, Lincoln County",330029,Davenport,2020-01-21 20:11:20.669795
2020-01-03,23:30,39.0,31.7,74.9,0.0,SE@5.6,9.2,0.0,0,34.8,39.8,"Davenport, Davenport, Lincoln County",330029,Davenport,2020-01-21 20:11:20.669795
2020-01-03,23:45,39.3,31.6,73.7,0.0,SE@6.5,13.2,0.0,0,34.8,40.2,"Davenport, Davenport, Lincoln County",330029,Davenport,2020-01-21 20:11:20.669795
2020-01-03,24:00,39.3,31.5,73.4,0.0,SE@6.1,11.7,0.0,0,34.8,40.2,"Davenport, Davenport, Lincoln County",330029,Davenport,2020-01-21 20:11:20.669795
2020-01-04,00:15,39.4,31.5,73.1,0.0,SE@7.7,15.0,0.0,0,34.8,40.3,"Davenport, Davenport, Lincoln County",330029,Davenport,2020-01-21 20:11:20.669795
2020-01-04,00:30,39.4,31.4,72.6,0.0,SE@6.4,11.4,0.0,0,34.8,40.3,"Davenport, Davenport, Lincoln County",330029,Davenport,2020-01-21 20:11:20.669795
2020-01-04,00:45,39.4,31.3,72.4,0.0,SE@6.1,11.0,0.0,0,34.8,40.3,"Davenport, Davenport, Lincoln County",330029,Davenport,2020-01-21 20:11:20.669795
2020-01-04,01:00,39.5,31.2,72.0,0.0,SE@8.7,15.0,0.0,0,34.9,40.4,"Davenport, Davenport, Lincoln County",330029,Davenport,2020-01-21 20:11:20.669795
2020-01-04,01:15,40.5,30.8,68.0,0.0,SE@12.4,16.0,0.0,0,34.9,41.4,"Davenport, Davenport, Lincoln County",330029,Davenport,2020-01-21 20:11:20.669795
2020-01-04,01:30,40.9,30.7,66.7,0.0,SE@12.7,17.5,0.0,0,34.9,41.8,"Davenport, Davenport, Lincoln County",330029,Davenport,2020-01-21 20:11:20.669795
2020-01-04,01:45,42.2,30.1,62.0,0.0,SE@14.3,21.0,0.0,0,34.9,43.2,"Davenport, Davenport, Lincoln County",330029,Davenport,2020-01-21 20:11:20.669795
2020-01-04,02:00,41.5,30.7,65.0,0.0,SE@13.8,21.0,0.0,0,34.9,42.5,"Davenport, Davenport, Lincoln County",330029,Davenport,2020-01-21 20:11:20.669795
2020-01-04,02:15,42.2,30.4,62.6,0.0,S@13.2,18.5,0.0,0,34.9,43.2,"Davenport, Davenport, Lincoln County",330029,Davenport,2020-01-21 20:11:20.669795
2020-01-04,02:30,41.4,30.8,65.9,0.0,SE@12.8,18.5,0.0,0,34.9,42.3,"Davenport, Davenport, Lincoln County",330029,Davenport,2020-01-21 20:11:20.669795
2020-01-04,02:45,42.0,30.5,63.4,0.0,S@13.1,24.6,0.0,0,34.9,43.0,"Davenport, Davenport, Lincoln County",330029,Davenport,2020-01-21 20:11:20.669795
2020-01-04,03:00,43.2,30.0,59.3,0.0,S@15.1,23.5,0.0,0,34.9,44.2,"Davenport, Davenport, Lincoln County",330029,Davenport,2020-01-21 20:11:20.669795
2020-01-04,03:15,42.3,30.4,62.4,0.0,S@13.4,18.2,0.0,0,34.9,43.3,"Davenport, Davenport, Lincoln County",330029,Davenport,2020-01-21 20:11:20.669795
2020-01-04,03:30,42.8,30.4,61.1,0.0,S@15.6,20.7,0.0,0,34.9,43.8,"Davenport, Davenport, Lincoln County",330029,Davenport,2020-01-21 20:11:20.669795
2020-01-04,03:45,42.5,30.5,62.2,0.0,S@14.8,20.3,0.0,0,34.9,43.4,"Davenport, Davenport, Lincoln County",330029,Davenport,2020-01-21 20:11:20.669795
2020-01-04,04:00,41.6,30.8,65.3,0.0,S@13.2,18.2,0.0,0,34.9,42.6,"Davenport, Davenport, Lincoln County",330029,Davenport,2020-01-21 20:11:20.669795
2020-01-04,04:15,40.8,31.1,68.0,0.0,SW@10.9,15.7,0.0,0,34.9,41.7,"Davenport, Davenport, Lincoln County",330029,Davenport,2020-01-21 20:11:20.669795
2020-01-04,04:30,40.9,30.9,67.4,0.0,SW@13.6,21.0,0.0,0,34.9,41.8,"Davenport, Davenport, Lincoln County",330029,Davenport,2020-01-21 20:11:20.669795
2020-01-04,04:45,41.5,30.9,65.5,0.0,SW@18.2,25.3,0.0,0,35.0,42.5,"Davenport, Davenport, Lincoln County",330029,Davenport,2020-01-21 20:11:20.669795
2020-01-04,05:00,40.5,31.2,69.2,0.0,SW@17.8,23.5,0.0,0,35.0,41.4,"Davenport, Davenport, Lincoln County",330029,Davenport,2020-01-21 20:11:20.669795
2020-01-04,05:15,39.6,31.5,72.5,0.0,SW@17.4,23.5,0.0,0,35.0,40.6,"Davenport, Davenport, Lincoln County",330029,Davenport,2020-01-21 20:11:20.669795
2020-01-04,05:30,39.4,32.2,75.2,0.0,SW@17.7,23.9,0.0,0,35.0,40.4,"Davenport, Davenport, Lincoln County",330029,Davenport,2020-01-21 20:11:20.669795
2020-01-04,05:45,39.4,32.4,75.5,0.0,SW@18.1,23.9,0.0,0,35.0,40.4,"Davenport, Davenport, Lincoln County",330029,Davenport,2020-01-21 20:11:20.669795
2020-01-04,06:00,39.5,31.5,72.8,0.0,SW@20.6,28.9,0.0,0,35.0,40.4,"Davenport, Davenport, Lincoln County",330029,Davenport,2020-01-21 20:11:20.669795
2020-01-04,06:15,39.5,30.5,69.9,0.0,SW@19.2,25.3,0.0,0,35.0,40.4,"Davenport, Davenport, Lincoln County",330029,Davenport,2020-01-21 20:11:20.669795
2020-01-04,06:30,39.7,29.7,67.1,0.0,SW@19.9,27.1,0.0,0,35.0,40.6,"Davenport, Davenport, Lincoln County",330029,Davenport,2020-01-21 20:11:20.669795
2020-01-04,06:45,39.9,29.2,65.3,0.0,SW@21.1,30.3,0.0,0,35.0,40.8,"Davenport, Davenport, Lincoln County",330029,Davenport,2020-01-21 20:11:20.669795
2020-01-04,07:00,39.6,28.6,64.4,0.0,SW@21.0,28.6,0.0,0,35.1,40.5,"Davenport, Davenport, Lincoln County",330029,Davenport,2020-01-21 20:11:20.669795
2020-01-04,07:15,39.5,28.3,63.9,0.0,SW@22.5,31.1,0.0,0,35.1,40.4,"Davenport, Davenport, Lincoln County",330029,Davenport,2020-01-21 20:11:20.669795
2020-01-04,07:30,39.1,27.5,62.8,0.0,W@21.4,32.1,0.0,0,35.1,40.0,"Davenport, Davenport, Lincoln County",330029,Davenport,2020-01-21 20:11:20.669795
2020-01-04,07:45,37.8,28.3,68.2,0.0,SW@19.1,28.6,0.0,3,35.1,38.7,"Davenport, Davenport, Lincoln County",330029,Davenport,2020-01-21 20:11:20.669795
2020-01-04,08:00,36.6,27.8,70.0,0.0,SW@17.9,28.2,0.0,8,35.1,37.5,"Davenport, Davenport, Lincoln County",330029,Davenport,2020-01-21 20:11:20.669795
2020-01-04,08:15,36.2,26.5,67.6,0.0,SW@17.6,25.0,0.0,14,35.1,37.0,"Davenport, Davenport, Lincoln County",330029,Davenport,2020-01-21 20:11:20.669795
2020-01-04,08:30,36.0,25.4,64.9,0.0,SW@18.4,26.0,0.0,61,35.1,36.8,"Davenport, Davenport, Lincoln County",330029,Davenport,2020-01-21 20:11:20.669795
2020-01-04,08:45,35.7,24.5,63.3,0.0,SW@18.8,26.0,0.0,55,35.1,36.5,"Davenport, Davenport, Lincoln County",330029,Davenport,2020-01-21 20:11:20.669795
2020-01-04,09:00,35.5,24.5,63.8,0.0,SW@16.3,22.1,0.0,128,35.1,36.2,"Davenport, Davenport, Lincoln County",330029,Davenport,2020-01-21 20:11:20.669795
2020-01-04,09:15,36.2,25.2,64.1,0.0,SW@18.4,27.1,0.0,155,35.1,36.8,"Davenport, Davenport, Lincoln County",330029,Davenport,2020-01-21 20:11:20.669795
2020-01-04,09:30,36.3,24.9,62.9,0.0,SW@16.6,26.0,0.0,182,35.1,36.9,"Davenport, Davenport, Lincoln County",330029,Davenport,2020-01-21 20:11:20.669795
2020-01-04,09:45,36.9,25.5,63.0,0.0,SW@15.0,25.7,0.0,208,35.1,37.4,"Davenport, Davenport, Lincoln County",330029,Davenport,2020-01-21 20:11:20.669795
2020-01-04,10:00,37.5,24.0,57.8,0.0,W@20.3,31.8,0.0,231,35.1,38.0,"Davenport, Davenport, Lincoln County",330029,Davenport,2020-01-21 20:11:20.669795
2020-01-04,10:15,38.4,22.5,52.5,0.0,W@22.4,32.1,0.0,253,35.1,38.9,"Davenport, Davenport, Lincoln County",330029,Davenport,2020-01-21 20:11:20.669795
2020-01-04,10:30,38.6,23.2,53.5,0.0,W@21.0,29.6,0.0,272,35.1,39.2,"Davenport, Davenport, Lincoln County",330029,Davenport,2020-01-21 20:11:20.669795
2020-01-04,10:45,39.0,24.0,54.6,0.0,W@18.6,25.3,0.0,288,35.1,39.6,"Davenport, Davenport, Lincoln County",330029,Davenport,2020-01-21 20:11:20.669795
2020-01-04,11:00,38.9,24.7,56.4,0.0,SW@21.1,30.3,0.0,301,35.1,39.6,"Davenport, Davenport, Lincoln County",330029,Davenport,2020-01-21 20:11:20.669795
2020-01-04,11:15,39.0,24.6,56.0,0.0,SW@22.1,28.6,0.0,313,35.1,39.6,"Davenport, Davenport, Lincoln County",330029,Davenport,2020-01-21 20:11:20.669795
2020-01-04,11:30,39.4,24.7,55.3,0.0,SW@19.8,28.2,0.0,316,35.1,39.9,"Davenport, Davenport, Lincoln County",330029,Davenport,2020-01-21 20:11:20.669795
2020-01-04,11:45,39.5,24.9,55.5,0.0,SW@19.8,27.8,0.0,325,35.1,40.1,"Davenport, Davenport, Lincoln County",330029,Davenport,2020-01-21 20:11:20.669795
2020-01-04,12:00,39.8,24.6,54.1,0.0,SW@20.2,30.7,0.0,327,35.1,40.5,"Davenport, Davenport, Lincoln County",330029,Davenport,2020-01-21 20:11:20.669795
2020-01-04,12:15,39.7,24.3,53.9,0.0,SW@21.4,30.0,0.0,327,35.1,40.3,"Davenport, Davenport, Lincoln County",330029,Davenport,2020-01-21 20:11:20.669795
2020-01-04,12:30,39.9,23.5,51.5,0.0,SW@22.0,30.0,0.0,323,35.0,40.5,"Davenport, Davenport, Lincoln County",330029,Davenport,2020-01-21 20:11:20.669795
2020-01-04,12:45,40.4,23.6,50.8,0.0,SW@18.8,29.3,0.0,314,35.1,41.0,"Davenport, Davenport, Lincoln County",330029,Davenport,2020-01-21 20:11:20.669795
2020-01-04,13:00,41.2,22.3,46.6,0.0,SW@19.0,28.9,0.0,299,35.1,41.9,"Davenport, Davenport, Lincoln County",330029,Davenport,2020-01-21 20:11:20.669795
2020-01-04,13:15,41.1,21.5,45.1,0.0,SW@21.3,32.5,0.0,288,35.1,41.8,"Davenport, Davenport, Lincoln County",330029,Davenport,2020-01-21 20:11:20.669795
2020-01-04,13:30,41.5,21.7,44.9,0.0,SW@17.2,23.2,0.0,276,35.1,42.1,"Davenport, Davenport, Lincoln County",330029,Davenport,2020-01-21 20:11:20.669795
2020-01-04,13:45,41.5,22.5,46.5,0.0,SW@17.2,25.0,0.0,252,35.1,42.1,"Davenport, Davenport, Lincoln County",330029,Davenport,2020-01-21 20:11:20.669795
2020-01-04,14:00,41.3,22.8,47.4,0.0,SW@16.9,24.6,0.0,231,35.1,41.9,"Davenport, Davenport, Lincoln County",330029,Davenport,2020-01-21 20:11:20.669795
2020-01-04,14:15,40.9,23.0,48.4,0.0,SW@18.8,25.0,0.0,213,35.1,41.6,"Davenport, Davenport, Lincoln County",330029,Davenport,2020-01-21 20:11:20.669795
2020-01-04,14:30,40.7,24.3,51.7,0.0,SW@17.2,25.3,0.0,163,35.1,41.4,"Davenport, Davenport, Lincoln County",330029,Davenport,2020-01-21 20:11:20.669795
2020-01-04,14:45,40.7,24.9,52.8,0.0,SW@17.3,25.3,0.0,170,35.1,41.4,"Davenport, Davenport, Lincoln County",330029,Davenport,2020-01-21 20:11:20.669795
2020-01-04,15:00,40.2,24.6,53.5,0.0,SW@17.2,27.1,0.0,142,35.1,40.9,"Davenport, Davenport, Lincoln County",330029,Davenport,2020-01-21 20:11:20.669795
2020-01-04,15:15,39.8,24.4,53.8,0.0,SW@16.0,24.6,0.0,116,35.1,40.5,"Davenport, Davenport, Lincoln County",330029,Davenport,2020-01-21 20:11:20.669795
2020-01-04,15:30,39.4,24.0,53.6,0.0,SW@15.4,25.7,0.0,90,35.2,40.1,"Davenport, Davenport, Lincoln County",330029,Davenport,2020-01-21 20:11:20.669795
2020-01-04,15:45,38.9,24.0,54.7,0.0,SW@14.6,21.4,0.0,65,35.2,39.6,"Davenport, Davenport, Lincoln County",330029,Davenport,2020-01-21 20:11:20.669795
2020-01-04,16:00,37.9,24.2,57.5,0.0,SW@12.7,17.5,0.0,35,35.2,38.7,"Davenport, Davenport, Lincoln County",330029,Davenport,2020-01-21 20:11:20.669795
2020-01-04,16:15,36.8,24.5,60.9,0.0,SW@11.1,14.6,0.0,16,35.2,37.6,"Davenport, Davenport, Lincoln County",330029,Davenport,2020-01-21 20:11:20.669795
2020-01-04,16:30,35.1,24.9,65.9,0.0,SW@9.4,13.2,0.0,3,35.2,36.0,"Davenport, Davenport, Lincoln County",330029,Davenport,2020-01-21 20:11:20.669795
2020-01-04,16:45,33.7,25.0,70.1,0.0,SW@8.8,12.4,0.0,0,35.2,34.5,"Davenport, Davenport, Lincoln County",330029,Davenport,2020-01-21 20:11:20.669795
2020-01-04,17:00,34.2,24.8,68.2,0.0,SW@10.3,13.5,0.0,0,35.3,35.1,"Davenport, Davenport, Lincoln County",330029,Davenport,2020-01-21 20:11:20.669795
2020-01-04,17:15,33.8,24.7,69.1,0.0,SW@9.5,12.8,0.0,0,35.3,34.7,"Davenport, Davenport, Lincoln County",330029,Davenport,2020-01-21 20:11:20.669795
2020-01-04,17:30,32.2,25.1,74.8,0.0,SW@7.8,10.3,0.0,0,35.3,33.0,"Davenport, Davenport, Lincoln County",330029,Davenport,2020-01-21 20:11:20.669795
2020-01-04,17:45,31.5,25.2,77.6,0.0,SW@9.4,14.6,0.0,0,35.3,32.4,"Davenport, Davenport, Lincoln County",330029,Davenport,2020-01-21 20:11:20.669795
2020-01-04,18:00,32.0,25.9,78.4,0.0,SW@11.4,15.7,0.0,0,35.3,32.8,"Davenport, Davenport, Lincoln County",330029,Davenport,2020-01-21 20:11:20.669795
2020-01-04,18:15,32.7,26.5,77.4,0.0,SW@13.2,17.8,0.0,0,35.3,33.6,"Davenport, Davenport, Lincoln County",330029,Davenport,2020-01-21 20:11:20.669795
2020-01-04,18:30,32.4,26.7,79.3,0.0,SW@13.3,18.5,0.0,0,35.3,33.3,"Davenport, Davenport, Lincoln County",330029,Davenport,2020-01-21 20:11:20.669795
2020-01-04,18:45,32.4,26.9,80.0,0.0,S@12.3,15.7,0.0,0,35.3,33.2,"Davenport, Davenport, Lincoln County",330029,Davenport,2020-01-21 20:11:20.669795
2020-01-04,19:00,32.0,27.2,82.2,0.0,S@12.1,16.0,0.0,0,35.3,32.9,"Davenport, Davenport, Lincoln County",330029,Davenport,2020-01-21 20:11:20.669795
2020-01-04,19:15,31.8,27.2,83.1,0.0,S@12.9,17.1,0.0,0,35.3,32.7,"Davenport, Davenport, Lincoln County",330029,Davenport,2020-01-21 20:11:20.669795
2020-01-04,19:30,31.7,27.2,83.7,0.0,SW@12.6,19.2,0.0,0,35.3,32.5,"Davenport, Davenport, Lincoln County",330029,Davenport,2020-01-21 20:11:20.669795
2020-01-04,19:45,32.0,27.5,83.2,0.0,SW@14.4,18.9,0.0,0,35.3,32.9,"Davenport, Davenport, Lincoln County",330029,Davenport,2020-01-21 20:11:20.669795
2020-01-04,20:00,31.6,27.2,84.4,0.0,SW@12.5,17.8,0.0,0,35.2,32.4,"Davenport, Davenport, Lincoln County",330029,Davenport,2020-01-21 20:11:20.669795
2020-01-04,20:15,31.1,27.1,85.8,0.0,SW@12.3,16.0,0.0,0,35.2,31.9,"Davenport, Davenport, Lincoln County",330029,Davenport,2020-01-21 20:11:20.669795
2020-01-04,20:30,30.9,27.1,86.4,0.0,S@12.0,17.1,0.0,0,35.2,31.8,"Davenport, Davenport, Lincoln County",330029,Davenport,2020-01-21 20:11:20.669795
2020-01-04,20:45,30.6,27.2,88.2,0.0,S@13.6,17.1,0.0,0,35.2,31.4,"Davenport, Davenport, Lincoln County",330029,Davenport,2020-01-21 20:11:20.669795
2020-01-04,21:00,30.6,27.2,88.2,0.0,SW@16.8,21.0,0.0,0,35.2,31.4,"Davenport, Davenport, Lincoln County",330029,Davenport,2020-01-21 20:11:20.669795
2020-01-04,21:15,30.4,27.1,88.8,0.0,SW@16.6,22.5,0.0,0,35.1,31.2,"Davenport, Davenport, Lincoln County",330029,Davenport,2020-01-21 20:11:20.669795
2020-01-04,21:30,30.4,27.2,89.0,0.0,SW@15.6,20.3,0.0,0,35.1,31.2,"Davenport, Davenport, Lincoln County",330029,Davenport,2020-01-21 20:11:20.669795
2020-01-04,21:45,30.4,27.1,88.5,0.0,SW@13.1,18.2,0.0,0,35.1,31.2,"Davenport, Davenport, Lincoln County",330029,Davenport,2020-01-21 20:11:20.669795
2020-01-04,22:00,30.3,27.1,89.0,0.0,SW@10.7,14.2,0.0,0,35.1,31.1,"Davenport, Davenport, Lincoln County",330029,Davenport,2020-01-21 20:11:20.669795
2020-01-04,22:15,30.0,27.0,90.0,0.0,SW@11.4,16.0,0.0,0,35.1,30.8,"Davenport, Davenport, Lincoln County",330029,Davenport,2020-01-21 20:11:20.669795
2020-01-04,22:30,29.6,26.8,90.8,0.0,SW@9.5,12.8,0.0,0,35.0,30.4,"Davenport, Davenport, Lincoln County",330029,Davenport,2020-01-21 20:11:20.669795
2020-01-04,22:45,29.4,26.7,91.4,0.0,SW@10.2,13.9,0.0,0,35.0,30.2,"Davenport, Davenport, Lincoln County",330029,Davenport,2020-01-21 20:11:20.669795
2020-01-04,23:00,29.4,26.7,91.4,0.0,SW@9.4,13.9,0.0,0,35.0,30.2,"Davenport, Davenport, Lincoln County",330029,Davenport,2020-01-21 20:11:20.669795
2020-01-04,23:15,29.9,27.0,90.6,0.0,SW@9.6,14.6,0.01,0,35.0,30.7,"Davenport, Davenport, Lincoln County",330029,Davenport,2020-01-21 20:11:20.669795
2020-01-04,23:30,29.1,26.6,92.2,0.0,S@7.8,12.4,0.03,0,35.0,29.9,"Davenport, Davenport, Lincoln County",330029,Davenport,2020-01-21 20:11:20.669795
2020-01-04,23:45,29.0,26.7,93.2,0.0,SE@6.9,10.3,0.14,0,35.0,29.8,"Davenport, Davenport, Lincoln County",330029,Davenport,2020-01-21 20:11:20.669795
2020-01-04,24:00,28.3,26.2,94.2,0.0,S@8.0,11.4,0.27,0,35.0,29.0,"Davenport, Davenport, Lincoln County",330029,Davenport,2020-01-21 20:11:20.669795
2020-01-05,00:15,27.9,25.9,94.7,0.0,S@7.7,11.4,0.44,0,34.9,28.7,"Davenport, Davenport, Lincoln County",330029,Davenport,2020-01-21 20:11:20.669795
2020-01-05,00:30,27.9,26.0,95.1,0.0,S@8.3,10.7,0.58,0,34.9,28.7,"Davenport, Davenport, Lincoln County",330029,Davenport,2020-01-21 20:11:20.669795
2020-01-05,00:45,28.3,26.3,94.7,0.0,S@9.3,12.4,0.66,0,34.9,29.1,"Davenport, Davenport, Lincoln County",330029,Davenport,2020-01-21 20:11:20.669795
2020-01-05,01:00,28.5,26.4,94.2,0.0,S@9.4,12.8,0.7,0,34.9,29.2,"Davenport, Davenport, Lincoln County",330029,Davenport,2020-01-21 20:11:20.669795
2020-01-05,01:15,28.4,26.3,94.2,0.0,S@8.2,11.0,0.72,0,34.9,29.1,"Davenport, Davenport, Lincoln County",330029,Davenport,2020-01-21 20:11:20.669795
2020-01-05,01:30,28.8,26.6,93.6,0.0,S@7.8,10.7,0.74,0,34.9,29.6,"Davenport, Davenport, Lincoln County",330029,Davenport,2020-01-21 20:11:20.669795
2020-01-05,01:45,29.4,27.1,92.7,0.0,S@9.6,12.4,0.69,0,34.8,30.2,"Davenport, Davenport, Lincoln County",330029,Davenport,2020-01-21 20:11:20.669795
2020-01-05,02:00,29.7,27.3,92.5,0.0,S@8.9,11.7,0.52,0,34.8,30.4,"Davenport, Davenport, Lincoln County",330029,Davenport,2020-01-21 20:11:20.669795
2020-01-05,02:15,30.0,27.6,92.0,0.0,S@9.6,12.4,0.19,0,34.8,30.8,"Davenport, Davenport, Lincoln County",330029,Davenport,2020-01-21 20:11:20.669795
2020-01-05,02:30,29.9,27.4,91.8,0.0,S@8.9,11.7,0.02,0,34.8,30.7,"Davenport, Davenport, Lincoln County",330029,Davenport,2020-01-21 20:11:20.669795
2020-01-05,02:45,29.4,27.1,92.6,0.0,S@9.1,12.4,0.03,0,34.8,30.2,"Davenport, Davenport, Lincoln County",330029,Davenport,2020-01-21 20:11:20.669795
2020-01-05,03:00,29.4,27.1,92.7,0.0,S@9.7,13.5,0.06,0,34.8,30.2,"Davenport, Davenport, Lincoln County",330029,Davenport,2020-01-21 20:11:20.669795
2020-01-05,03:15,29.7,27.1,91.7,0.0,S@9.2,12.4,0.03,0,34.7,30.5,"Davenport, Davenport, Lincoln County",330029,Davenport,2020-01-21 20:11:20.669795
2020-01-05,03:30,29.9,27.2,91.1,0.0,S@7.8,12.1,0.0,0,34.7,30.7,"Davenport, Davenport, Lincoln County",330029,Davenport,2020-01-21 20:11:20.669795
2020-01-05,03:45,30.0,27.3,90.8,0.0,SE@3.4,8.2,0.0,0,34.7,30.8,"Davenport, Davenport, Lincoln County",330029,Davenport,2020-01-21 20:11:20.669795
2020-01-05,04:00,30.0,27.3,90.8,0.0,SE@3.7,7.1,0.0,0,34.7,30.8,"Davenport, Davenport, Lincoln County",330029,Davenport,2020-01-21 20:11:20.669795
2020-01-05,04:15,30.6,27.6,89.9,0.0,SE@6.0,8.2,0.0,0,34.7,31.3,"Davenport, Davenport, Lincoln County",330029,Davenport,2020-01-21 20:11:20.669795
2020-01-05,04:30,30.6,27.7,89.7,0.0,S@4.8,8.5,0.0,0,34.7,31.4,"Davenport, Davenport, Lincoln County",330029,Davenport,2020-01-21 20:11:20.669795
2020-01-05,04:45,30.4,27.8,91.3,0.0,SE@3.9,6.0,0.0,0,34.7,31.1,"Davenport, Davenport, Lincoln County",330029,Davenport,2020-01-21 20:11:20.669795
2020-01-05,05:00,30.5,27.9,91.2,0.0,SE@5.2,6.7,0.0,0,34.6,31.2,"Davenport, Davenport, Lincoln County",330029,Davenport,2020-01-21 20:11:20.669795
2020-01-05,05:15,30.7,27.9,90.2,0.0,S@6.1,8.9,0.0,0,34.6,31.5,"Davenport, Davenport, Lincoln County",330029,Davenport,2020-01-21 20:11:20.669795
2020-01-05,05:30,30.7,27.6,89.3,0.0,S@8.3,11.7,0.0,0,34.6,31.5,"Davenport, Davenport, Lincoln County",330029,Davenport,2020-01-21 20:11:20.669795
2020-01-05,05:45,30.4,27.6,90.5,0.0,S@8.4,11.0,0.0,0,34.6,31.2,"Davenport, Davenport, Lincoln County",330029,Davenport,2020-01-21 20:11:20.669795
2020-01-05,06:00,30.0,27.7,92.6,0.0,S@6.2,8.9,0.0,0,34.6,30.7,"Davenport, Davenport, Lincoln County",330029,Davenport,2020-01-21 20:11:20.669795
2020-01-05,06:15,29.8,27.7,93.5,0.0,S@7.1,9.6,0.0,0,34.6,30.6,"Davenport, Davenport, Lincoln County",330029,Davenport,2020-01-21 20:11:20.669795
2020-01-05,06:30,29.2,26.9,92.9,0.0,SE@6.4,8.9,0.05,0,34.6,30.0,"Davenport, Davenport, Lincoln County",330029,Davenport,2020-01-21 20:11:20.669795
2020-01-05,06:45,29.2,26.8,92.8,0.0,SE@5.7,7.8,0.05,0,34.6,29.9,"Davenport, Davenport, Lincoln County",330029,Davenport,2020-01-21 20:11:20.669795
2020-01-05,07:00,30.1,27.6,91.8,0.0,SE@5.4,7.1,0.0,0,34.6,30.8,"Davenport, Davenport, Lincoln County",330029,Davenport,2020-01-21 20:11:20.669795
2020-01-05,07:15,30.5,27.8,90.7,0.0,SE@6.7,9.6,0.0,0,34.6,31.2,"Davenport, Davenport, Lincoln County",330029,Davenport,2020-01-21 20:11:20.669795
2020-01-05,07:30,30.8,28.1,90.4,0.0,SE@7.9,10.7,0.0,0,34.5,31.6,"Davenport, Davenport, Lincoln County",330029,Davenport,2020-01-21 20:11:20.669795
2020-01-05,07:45,31.0,28.1,89.8,0.0,SE@7.6,11.4,0.0,3,34.5,31.8,"Davenport, Davenport, Lincoln County",330029,Davenport,2020-01-21 20:11:20.669795
2020-01-05,08:00,30.8,28.0,90.2,0.0,S@8.0,10.7,0.0,6,34.5,31.6,"Davenport, Davenport, Lincoln County",330029,Davenport,2020-01-21 20:11:20.669795
2020-01-05,08:15,31.2,28.5,90.6,0.0,S@7.7,10.7,0.0,8,34.5,31.9,"Davenport, Davenport, Lincoln County",330029,Davenport,2020-01-21 20:11:20.669795
2020-01-05,08:30,31.5,28.7,89.8,0.0,S@9.3,12.4,0.0,12,34.5,32.3,"Davenport, Davenport, Lincoln County",330029,Davenport,2020-01-21 20:11:20.669795
2020-01-05,08:45,31.8,28.7,88.8,0.0,S@9.9,13.2,0.0,34,34.5,32.6,"Davenport, Davenport, Lincoln County",330029,Davenport,2020-01-21 20:11:20.669795
2020-01-05,09:00,32.3,28.9,87.0,0.0,S@10.7,14.2,0.0,84,34.5,33.1,"Davenport, Davenport, Lincoln County",330029,Davenport,2020-01-21 20:11:20.669795
2020-01-05,09:15,32.8,28.7,84.8,0.0,S@11.1,15.0,0.0,77,34.5,33.6,"Davenport, Davenport, Lincoln County",330029,Davenport,2020-01-21 20:11:20.669795
2020-01-05,09:30,33.4,28.9,83.3,0.0,S@10.2,15.0,0.0,105,34.5,34.1,"Davenport, Davenport, Lincoln County",330029,Davenport,2020-01-21 20:11:20.669795
2020-01-05,09:45,34.0,29.1,82.2,0.0,S@9.8,13.5,0.0,135,34.5,34.7,"Davenport, Davenport, Lincoln County",330029,Davenport,2020-01-21 20:11:20.669795
2020-01-05,10:00,34.3,29.2,81.2,0.0,S@10.3,13.2,0.0,127,34.5,35.1,"Davenport, Davenport, Lincoln County",330029,Davenport,2020-01-21 20:11:20.669795
2020-01-05,10:15,34.3,29.2,81.4,0.0,S@9.9,13.2,0.0,97,34.5,35.2,"Davenport, Davenport, Lincoln County",330029,Davenport,2020-01-21 20:11:20.669795
2020-01-05,10:30,34.0,29.2,82.1,0.0,S@8.8,12.4,0.0,81,34.5,34.9,"Davenport, Davenport, Lincoln County",330029,Davenport,2020-01-21 20:11:20.669795
2020-01-05,10:45,34.3,28.8,80.3,0.0,S@9.2,13.2,0.0,108,34.5,35.1,"Davenport, Davenport, Lincoln County",330029,Davenport,2020-01-21 20:11:20.669795
2020-01-05,11:00,34.8,28.6,77.8,0.0,S@9.5,13.2,0.0,124,34.4,35.6,"Davenport, Davenport, Lincoln County",330029,Davenport,2020-01-21 20:11:20.669795
2020-01-05,11:15,35.1,28.3,76.1,0.0,SE@9.5,14.2,0.0,130,34.4,35.9,"Davenport, Davenport, Lincoln County",330029,Davenport,2020-01-21 20:11:20.669795
2020-01-05,11:30,35.6,27.9,73.1,0.0,S@9.9,13.9,0.0,155,34.4,36.4,"Davenport, Davenport, Lincoln County",330029,Davenport,2020-01-21 20:11:20.669795
2020-01-05,11:45,36.0,27.3,70.5,0.0,S@10.6,15.3,0.0,130,34.4,36.8,"Davenport, Davenport, Lincoln County",330029,Davenport,2020-01-21 20:11:20.669795
2020-01-05,12:00,36.1,27.3,70.2,0.0,S@10.5,15.0,0.0,102,34.4,36.9,"Davenport, Davenport, Lincoln County",330029,Davenport,2020-01-21 20:11:20.669795
2020-01-05,12:15,36.1,27.1,69.7,0.0,S@10.1,15.0,0.0,90,34.4,36.9,"Davenport, Davenport, Lincoln County",330029,Davenport,2020-01-21 20:11:20.669795
2020-01-05,12:30,36.0,27.1,69.8,0.0,S@11.0,16.4,0.0,89,34.4,36.8,"Davenport, Davenport, Lincoln County",330029,Davenport,2020-01-21 20:11:20.669795
2020-01-05,12:45,36.4,27.0,68.5,0.0,S@12.1,17.1,0.0,103,34.4,37.2,"Davenport, Davenport, Lincoln County",330029,Davenport,2020-01-21 20:11:20.669795
2020-01-05,13:00,36.8,27.1,67.4,0.0,S@11.9,15.7,0.0,120,34.4,37.6,"Davenport, Davenport, Lincoln County",330029,Davenport,2020-01-21 20:11:20.669795
2020-01-05,13:15,36.9,26.8,66.4,0.0,S@13.7,18.5,0.0,129,34.4,37.7,"Davenport, Davenport, Lincoln County",330029,Davenport,2020-01-21 20:11:20.669795
2020-01-05,13:30,37.2,27.3,67.0,0.0,S@14.1,18.9,0.0,116,34.4,38.1,"Davenport, Davenport, Lincoln County",330029,Davenport,2020-01-21 20:11:20.669795
2020-01-05,13:45,37.3,27.2,66.7,0.0,S@13.4,18.9,0.0,79,34.4,38.1,"Davenport, Davenport, Lincoln County",330029,Davenport,2020-01-21 20:11:20.669795
2020-01-05,14:00,37.0,27.0,66.9,0.0,S@14.0,18.5,0.0,75,34.4,37.8,"Davenport, Davenport, Lincoln County",330029,Davenport,2020-01-21 20:11:20.669795
2020-01-05,14:15,35.9,28.7,75.0,0.0,S@19.3,27.8,0.0,46,34.4,36.9,"Davenport, Davenport, Lincoln County",330029,Davenport,2020-01-21 20:11:20.669795
2020-01-05,14:30,33.2,31.3,92.5,0.0,SW@18.4,27.1,0.4,24,34.4,34.2,"Davenport, Davenport, Lincoln County",330029,Davenport,2020-01-21 20:11:20.669795
2020-01-05,14:45,32.2,31.5,97.2,0.0,SW@12.9,17.8,0.45,24,34.4,32.9,"Davenport, Davenport, Lincoln County",330029,Davenport,2020-01-21 20:11:20.669795
2020-01-05,15:00,32.1,31.6,97.8,0.0,SW@11.6,15.3,0.5,24,34.4,32.8,"Davenport, Davenport, Lincoln County",330029,Davenport,2020-01-21 20:11:20.669795
2020-01-05,15:15,32.1,31.6,98.1,0.0,SW@11.4,16.0,0.64,20,34.4,32.8,"Davenport, Davenport, Lincoln County",330029,Davenport,2020-01-21 20:11:20.669795
2020-01-05,15:30,32.1,31.6,98.3,0.0,S@12.5,19.2,0.82,21,34.4,32.8,"Davenport, Davenport, Lincoln County",330029,Davenport,2020-01-21 20:11:20.669795
2020-01-05,15:45,32.0,31.7,98.5,0.0,S@12.9,18.9,0.9,14,34.4,32.7,"Davenport, Davenport, Lincoln County",330029,Davenport,2020-01-21 20:11:20.669795
2020-01-05,16:00,32.0,31.7,98.6,0.0,S@16.2,21.0,0.92,13,34.4,32.8,"Davenport, Davenport, Lincoln County",330029,Davenport,2020-01-21 20:11:20.669795
2020-01-05,16:15,32.0,31.7,98.7,0.0,S@14.5,18.9,0.93,11,34.4,32.8,"Davenport, Davenport, Lincoln County",330029,Davenport,2020-01-21 20:11:20.669795
2020-01-05,16:30,32.0,31.7,98.8,0.0,S@16.6,21.0,0.94,2,34.4,32.8,"Davenport, Davenport, Lincoln County",330029,Davenport,2020-01-21 20:11:20.669795
2020-01-05,16:45,32.1,31.8,98.9,0.0,S@17.5,22.8,0.94,0,34.4,32.9,"Davenport, Davenport, Lincoln County",330029,Davenport,2020-01-21 20:11:20.669795
2020-01-05,17:00,32.3,32.0,98.9,0.0,S@16.5,21.4,0.97,0,34.4,33.2,"Davenport, Davenport, Lincoln County",330029,Davenport,2020-01-21 20:11:20.669795
2020-01-05,17:15,32.4,32.1,98.9,0.0,S@14.7,18.9,1.0,0,34.3,33.3,"Davenport, Davenport, Lincoln County",330029,Davenport,2020-01-21 20:11:20.669795
2020-01-05,17:30,32.3,32.0,98.9,0.0,SW@13.4,17.8,1.0,0,34.3,33.1,"Davenport, Davenport, Lincoln County",330029,Davenport,2020-01-21 20:11:20.669795
2020-01-05,17:45,32.1,31.8,98.8,0.0,SW@12.1,17.1,0.99,0,34.3,33.0,"Davenport, Davenport, Lincoln County",330029,Davenport,2020-01-21 20:11:20.669795
2020-01-05,18:00,32.2,31.7,97.9,0.0,SW@14.4,20.7,0.92,0,34.4,33.2,"Davenport, Davenport, Lincoln County",330029,Davenport,2020-01-21 20:11:20.669795
2020-01-05,18:15,32.5,31.4,95.5,0.0,SW@16.4,22.8,0.93,0,34.4,33.7,"Davenport, Davenport, Lincoln County",330029,Davenport,2020-01-21 20:11:20.669795
2020-01-05,18:30,32.2,30.4,93.2,0.0,SW@15.5,21.4,0.78,0,34.3,33.4,"Davenport, Davenport, Lincoln County",330029,Davenport,2020-01-21 20:11:20.669795
2020-01-05,18:45,31.6,28.8,89.9,0.0,SW@15.0,22.1,0.39,0,34.3,32.7,"Davenport, Davenport, Lincoln County",330029,Davenport,2020-01-21 20:11:20.669795
2020-01-05,19:00,31.1,27.5,87.3,0.0,SW@14.5,20.7,0.1,0,34.3,32.1,"Davenport, Davenport, Lincoln County",330029,Davenport,2020-01-21 20:11:20.669795
2020-01-05,19:15,31.2,26.6,83.6,0.0,SW@15.0,21.4,0.0,0,34.3,32.2,"Davenport, Davenport, Lincoln County",330029,Davenport,2020-01-21 20:11:20.669795
2020-01-05,19:30,31.2,25.9,81.4,0.0,SW@13.9,19.6,0.0,0,34.3,32.1,"Davenport, Davenport, Lincoln County",330029,Davenport,2020-01-21 20:11:20.669795
2020-01-05,19:45,31.1,25.4,79.9,0.0,W@11.3,17.5,0.0,0,34.3,32.1,"Davenport, Davenport, Lincoln County",330029,Davenport,2020-01-21 20:11:20.669795
2020-01-05,20:00,30.0,24.6,81.4,0.0,W@4.9,8.9,0.0,0,34.3,30.8,"Davenport, Davenport, Lincoln County",330029,Davenport,2020-01-21 20:11:20.669795
2020-01-05,20:15,28.9,24.1,84.1,0.0,W@3.5,10.3,0.02,0,34.3,29.7,"Davenport, Davenport, Lincoln County",330029,Davenport,2020-01-21 20:11:20.669795
2020-01-05,20:30,29.8,24.0,80.1,0.0,W@9.0,14.6,0.0,0,34.3,30.8,"Davenport, Davenport, Lincoln County",330029,Davenport,2020-01-21 20:11:20.669795
2020-01-05,20:45,28.8,23.8,83.4,0.0,SW@9.6,13.9,0.0,0,34.3,29.6,"Davenport, Davenport, Lincoln County",330029,Davenport,2020-01-21 20:11:20.669795
2020-01-05,21:00,28.0,23.6,86.0,0.0,SW@11.5,15.7,0.0,0,34.3,28.8,"Davenport, Davenport, Lincoln County",330029,Davenport,2020-01-21 20:11:20.669795
2020-01-05,21:15,29.3,24.2,82.4,0.0,W@14.1,20.0,0.0,0,34.3,30.2,"Davenport, Davenport, Lincoln County",330029,Davenport,2020-01-21 20:11:20.669795
2020-01-05,21:30,30.1,24.8,81.6,0.0,SW@15.9,21.4,0.0,0,34.3,31.1,"Davenport, Davenport, Lincoln County",330029,Davenport,2020-01-21 20:11:20.669795
2020-01-05,21:45,29.5,24.8,84.0,0.0,SW@13.3,18.9,0.0,0,34.3,30.3,"Davenport, Davenport, Lincoln County",330029,Davenport,2020-01-21 20:11:20.669795
2020-01-05,22:00,29.2,24.9,85.7,0.0,SW@14.9,23.2,0.0,0,34.3,30.1,"Davenport, Davenport, Lincoln County",330029,Davenport,2020-01-21 20:11:20.669795
2020-01-05,22:15,29.6,25.5,86.2,0.0,SW@16.9,22.8,0.0,0,34.3,30.5,"Davenport, Davenport, Lincoln County",330029,Davenport,2020-01-21 20:11:20.669795
2020-01-05,22:30,30.0,26.0,86.5,0.0,SW@16.3,23.5,0.0,0,34.3,30.9,"Davenport, Davenport, Lincoln County",330029,Davenport,2020-01-21 20:11:20.669795
2020-01-05,22:45,30.1,25.9,85.6,0.0,SW@14.9,20.7,0.0,0,34.3,31.0,"Davenport, Davenport, Lincoln County",330029,Davenport,2020-01-21 20:11:20.669795
2020-01-05,23:00,30.2,25.8,84.9,0.0,SW@13.6,18.2,0.0,0,34.3,31.1,"Davenport, Davenport, Lincoln County",330029,Davenport,2020-01-21 20:11:20.669795
2020-01-05,23:15,29.7,25.7,86.4,0.0,SW@11.6,15.0,0.0,0,34.3,30.5,"Davenport, Davenport, Lincoln County",330029,Davenport,2020-01-21 20:11:20.669795
2020-01-05,23:30,29.2,25.6,88.0,0.0,S@12.4,17.1,0.0,0,34.3,30.0,"Davenport, Davenport, Lincoln County",330029,Davenport,2020-01-21 20:11:20.669795
2020-01-05,23:45,29.1,25.7,88.8,0.0,S@12.3,16.0,0.0,0,34.3,29.9,"Davenport, Davenport, Lincoln County",330029,Davenport,2020-01-21 20:11:20.669795
2020-01-05,24:00,29.0,25.9,90.3,0.0,S@11.7,15.3,0.0,0,34.2,29.8,"Davenport, Davenport, Lincoln County",330029,Davenport,2020-01-21 20:11:20.669795
2020-01-06,00:15,28.9,26.0,90.6,0.0,S@11.6,15.7,0.0,0,34.2,29.7,"Davenport, Davenport, Lincoln County",330029,Davenport,2020-01-21 20:11:20.669795
2020-01-06,00:30,29.4,26.5,90.6,0.0,SW@12.5,16.4,0.0,0,34.2,30.2,"Davenport, Davenport, Lincoln County",330029,Davenport,2020-01-21 20:11:20.669795
2020-01-06,00:45,29.8,27.0,90.7,0.0,SW@14.7,18.9,0.0,0,34.2,30.6,"Davenport, Davenport, Lincoln County",330029,Davenport,2020-01-21 20:11:20.669795
2020-01-06,01:00,29.8,27.4,92.5,0.0,SW@15.0,19.6,0.03,0,34.2,30.6,"Davenport, Davenport, Lincoln County",330029,Davenport,2020-01-21 20:11:20.669795
2020-01-06,01:15,29.8,27.7,93.5,0.0,SW@13.5,17.1,0.06,0,34.2,30.6,"Davenport, Davenport, Lincoln County",330029,Davenport,2020-01-21 20:11:20.669795
2020-01-06,01:30,29.7,27.8,94.5,0.0,SW@11.7,17.5,0.09,0,34.2,30.5,"Davenport, Davenport, Lincoln County",330029,Davenport,2020-01-21 20:11:20.669795
2020-01-06,01:45,29.8,28.1,94.8,0.0,SW@12.9,18.5,0.11,0,34.2,30.6,"Davenport, Davenport, Lincoln County",330029,Davenport,2020-01-21 20:11:20.669795
2020-01-06,02:00,29.8,28.1,95.0,0.0,SW@12.3,15.7,0.12,0,34.2,30.6,"Davenport, Davenport, Lincoln County",330029,Davenport,2020-01-21 20:11:20.669795
2020-01-06,02:15,29.7,28.0,95.2,0.0,SW@11.8,15.7,0.14,0,34.2,30.5,"Davenport, Davenport, Lincoln County",330029,Davenport,2020-01-21 20:11:20.669795
2020-01-06,02:30,29.6,28.1,95.7,0.0,SW@13.6,18.2,0.2,0,34.2,30.4,"Davenport, Davenport, Lincoln County",330029,Davenport,2020-01-21 20:11:20.669795
2020-01-06,02:45,29.7,28.2,96.1,0.0,SW@13.6,18.9,0.32,0,34.2,30.5,"Davenport, Davenport, Lincoln County",330029,Davenport,2020-01-21 20:11:20.669795
2020-01-06,03:00,29.7,28.3,96.2,0.0,SW@13.0,16.4,0.42,0,34.2,30.5,"Davenport, Davenport, Lincoln County",330029,Davenport,2020-01-21 20:11:20.669795
2020-01-06,03:15,29.5,28.1,96.2,0.0,SW@12.3,15.7,0.48,0,34.2,30.3,"Davenport, Davenport, Lincoln County",330029,Davenport,2020-01-21 20:11:20.669795
2020-01-06,03:30,29.6,28.2,96.1,0.0,S@11.6,15.3,0.43,0,34.2,30.4,"Davenport, Davenport, Lincoln County",330029,Davenport,2020-01-21 20:11:20.669795
2020-01-06,03:45,30.0,28.6,96.0,0.0,S@10.9,14.6,0.42,0,34.2,30.8,"Davenport, Davenport, Lincoln County",330029,Davenport,2020-01-21 20:11:20.669795
2020-01-06,04:00,30.1,28.6,95.8,0.0,S@11.0,13.9,0.37,0,34.2,30.9,"Davenport, Davenport, Lincoln County",330029,Davenport,2020-01-21 20:11:20.669795
2020-01-06,04:15,30.1,28.6,95.9,0.0,S@8.8,13.2,0.3,0,34.2,30.8,"Davenport, Davenport, Lincoln County",330029,Davenport,2020-01-21 20:11:20.669795
2020-01-06,04:30,30.6,29.2,95.6,0.0,S@9.5,12.8,0.24,0,34.2,31.4,"Davenport, Davenport, Lincoln County",330029,Davenport,2020-01-21 20:11:20.669795
2020-01-06,04:45,31.1,29.6,94.8,0.0,S@10.4,13.9,0.15,0,34.2,31.9,"Davenport, Davenport, Lincoln County",330029,Davenport,2020-01-21 20:11:20.669795
2020-01-06,05:00,31.3,29.7,94.4,0.0,S@10.3,13.2,0.11,0,34.2,32.2,"Davenport, Davenport, Lincoln County",330029,Davenport,2020-01-21 20:11:20.669795
2020-01-06,05:15,31.5,29.9,94.4,0.0,S@10.5,14.2,0.1,0,34.2,32.3,"Davenport, Davenport, Lincoln County",330029,Davenport,2020-01-21 20:11:20.669795
2020-01-06,05:30,31.6,30.1,95.0,0.0,S@11.4,14.6,0.1,0,34.2,32.4,"Davenport, Davenport, Lincoln County",330029,Davenport,2020-01-21 20:11:20.669795
2020-01-06,05:45,31.5,30.4,96.2,0.0,S@10.4,14.2,0.12,0,34.2,32.4,"Davenport, Davenport, Lincoln County",330029,Davenport,2020-01-21 20:11:20.669795
2020-01-06,06:00,31.6,30.6,96.8,0.0,S@10.2,13.5,0.17,0,34.2,32.4,"Davenport, Davenport, Lincoln County",330029,Davenport,2020-01-21 20:11:20.669795
2020-01-06,06:15,31.6,30.7,97.2,0.0,S@10.3,13.5,0.22,0,34.2,32.4,"Davenport, Davenport, Lincoln County",330029,Davenport,2020-01-21 20:11:20.669795
2020-01-06,06:30,31.6,30.7,97.4,0.0,S@11.1,15.0,0.27,0,34.2,32.4,"Davenport, Davenport, Lincoln County",330029,Davenport,2020-01-21 20:11:20.669795
2020-01-06,06:45,31.6,30.8,97.6,0.0,S@11.1,14.2,0.31,0,34.2,32.4,"Davenport, Davenport, Lincoln County",330029,Davenport,2020-01-21 20:11:20.669795
2020-01-06,07:00,31.6,30.8,97.7,0.0,S@11.3,14.6,0.35,0,34.2,32.4,"Davenport, Davenport, Lincoln County",330029,Davenport,2020-01-21 20:11:20.669795
2020-01-06,07:15,31.5,30.8,97.6,0.0,S@11.4,15.3,0.33,0,34.2,32.4,"Davenport, Davenport, Lincoln County",330029,Davenport,2020-01-21 20:11:20.669795
2020-01-06,07:30,31.5,30.7,97.3,0.0,S@11.2,15.3,0.25,0,34.2,32.4,"Davenport, Davenport, Lincoln County",330029,Davenport,2020-01-21 20:11:20.669795
2020-01-06,07:45,31.5,30.4,96.6,0.0,S@10.7,15.3,0.18,2,34.2,32.3,"Davenport, Davenport, Lincoln County",330029,Davenport,2020-01-21 20:11:20.669795
2020-01-06,08:00,31.5,30.3,95.6,0.0,S@10.5,13.9,0.14,7,34.2,32.4,"Davenport, Davenport, Lincoln County",330029,Davenport,2020-01-21 20:11:20.669795
2020-01-06,08:15,31.9,30.2,93.8,0.0,S@11.3,16.0,0.09,13,34.2,32.7,"Davenport, Davenport, Lincoln County",330029,Davenport,2020-01-21 20:11:20.669795
2020-01-06,08:30,32.4,30.4,92.2,0.0,S@11.4,14.6,0.04,26,34.2,33.2,"Davenport, Davenport, Lincoln County",330029,Davenport,2020-01-21 20:11:20.669795
2020-01-06,08:45,32.8,30.5,91.0,0.0,S@11.9,16.7,0.0,38,34.1,33.5,"Davenport, Davenport, Lincoln County",330029,Davenport,2020-01-21 20:11:20.669795
2020-01-06,09:00,33.0,30.5,90.4,0.0,S@11.2,13.9,0.0,51,34.2,33.7,"Davenport, Davenport, Lincoln County",330029,Davenport,2020-01-21 20:11:20.669795
2020-01-06,09:15,33.3,30.6,89.8,0.0,S@11.9,16.0,0.0,64,34.2,34.0,"Davenport, Davenport, Lincoln County",330029,Davenport,2020-01-21 20:11:20.669795
2020-01-06,09:30,33.5,30.9,90.0,0.0,S@10.3,13.2,0.0,85,34.1,34.2,"Davenport, Davenport, Lincoln County",330029,Davenport,2020-01-21 20:11:20.669795
2020-01-06,09:45,33.9,31.2,89.7,0.0,S@10.9,14.6,0.0,91,34.2,34.6,"Davenport, Davenport, Lincoln County",330029,Davenport,2020-01-21 20:11:20.669795
2020-01-06,10:00,34.2,31.5,89.6,0.0,S@10.6,13.5,0.0,104,34.1,34.9,"Davenport, Davenport, Lincoln County",330029,Davenport,2020-01-21 20:11:20.669795
2020-01-06,10:15,34.6,31.8,89.3,0.0,S@11.5,15.7,0.0,123,34.1,35.3,"Davenport, Davenport, Lincoln County",330029,Davenport,2020-01-21 20:11:20.669795
2020-01-06,10:30,35.0,32.1,88.9,0.01,S@14.1,19.6,0.0,142,34.1,35.7,"Davenport, Davenport, Lincoln County",330029,Davenport,2020-01-21 20:11:20.669795
2020-01-06,10:45,35.3,32.3,88.7,0.0,SW@16.2,21.0,0.0,148,34.1,36.0,"Davenport, Davenport, Lincoln County",330029,Davenport,2020-01-21 20:11:20.669795
2020-01-06,11:00,35.5,32.5,88.7,0.0,SW@16.9,22.1,0.0,144,34.1,36.2,"Davenport, Davenport, Lincoln County",330029,Davenport,2020-01-21 20:11:20.669795
2020-01-06,11:15,35.7,32.8,89.0,0.0,SW@17.8,23.2,0.0,143,34.1,36.4,"Davenport, Davenport, Lincoln County",330029,Davenport,2020-01-21 20:11:20.669795
2020-01-06,11:30,35.8,33.1,89.7,0.0,SW@16.1,22.5,0.0,109,34.1,36.6,"Davenport, Davenport, Lincoln County",330029,Davenport,2020-01-21 20:11:20.669795
2020-01-06,11:45,35.9,33.4,90.5,0.0,SW@15.1,19.2,0.0,91,34.1,36.7,"Davenport, Davenport, Lincoln County",330029,Davenport,2020-01-21 20:11:20.669795
2020-01-06,12:00,36.4,34.0,91.1,0.0,SW@15.2,21.8,0.0,96,34.1,37.1,"Davenport, Davenport, Lincoln County",330029,Davenport,2020-01-21 20:11:20.669795
2020-01-06,12:15,37.0,34.4,90.5,0.0,SW@16.9,23.2,0.0,89,34.1,37.8,"Davenport, Davenport, Lincoln County",330029,Davenport,2020-01-21 20:11:20.669795
2020-01-06,12:30,37.2,34.6,90.2,0.0,SW@16.9,22.5,0.0,62,34.1,38.1,"Davenport, Davenport, Lincoln County",330029,Davenport,2020-01-21 20:11:20.669795
2020-01-06,12:45,37.4,34.9,90.6,0.0,SW@16.8,22.5,0.01,54,34.1,38.2,"Davenport, Davenport, Lincoln County",330029,Davenport,2020-01-21 20:11:20.669795
2020-01-06,13:00,37.7,35.0,89.9,0.0,SW@17.3,23.2,0.0,54,34.1,38.6,"Davenport, Davenport, Lincoln County",330029,Davenport,2020-01-21 20:11:20.669795
2020-01-06,13:15,38.3,35.4,89.2,0.0,SW@17.7,26.4,0.0,83,34.1,39.1,"Davenport, Davenport, Lincoln County",330029,Davenport,2020-01-21 20:11:20.669795
2020-01-06,13:30,39.3,36.1,88.2,0.0,SW@18.4,26.4,0.0,128,34.1,40.1,"Davenport, Davenport, Lincoln County",330029,Davenport,2020-01-21 20:11:20.669795
2020-01-06,13:45,40.1,36.7,87.5,0.0,SW@18.4,26.4,0.0,112,34.1,40.9,"Davenport, Davenport, Lincoln County",330029,Davenport,2020-01-21 20:11:20.669795
2020-01-06,14:00,40.7,37.0,86.5,0.0,SW@19.4,27.1,0.0,92,34.1,41.6,"Davenport, Davenport, Lincoln County",330029,Davenport,2020-01-21 20:11:20.669795
2020-01-06,14:15,41.0,37.1,85.7,0.0,SW@18.8,25.3,0.0,57,34.1,41.9,"Davenport, Davenport, Lincoln County",330029,Davenport,2020-01-21 20:11:20.669795
2020-01-06,14:30,41.4,37.2,84.9,0.0,SW@19.4,25.3,0.0,53,34.1,42.3,"Davenport, Davenport, Lincoln County",330029,Davenport,2020-01-21 20:11:20.669795
2020-01-06,14:45,41.4,37.2,84.7,0.0,SW@18.7,25.7,0.0,48,34.1,42.3,"Davenport, Davenport, Lincoln County",330029,Davenport,2020-01-21 20:11:20.669795
2020-01-06,15:00,41.6,37.3,84.6,0.0,SW@18.7,27.1,0.0,47,34.1,42.5,"Davenport, Davenport, Lincoln County",330029,Davenport,2020-01-21 20:11:20.669795
2020-01-06,15:15,41.8,37.4,84.2,0.0,SW@19.3,26.4,0.0,36,34.1,42.8,"Davenport, Davenport, Lincoln County",330029,Davenport,2020-01-21 20:11:20.669795
2020-01-06,15:30,41.9,37.6,84.7,0.0,SW@17.4,23.5,0.0,27,34.1,42.8,"Davenport, Davenport, Lincoln County",330029,Davenport,2020-01-21 20:11:20.669795
2020-01-06,15:45,42.0,37.8,84.8,0.0,SW@17.1,22.1,0.0,30,34.1,42.9,"Davenport, Davenport, Lincoln County",330029,Davenport,2020-01-21 20:11:20.669795
2020-01-06,16:00,42.2,37.9,84.7,0.0,SW@16.6,21.4,0.0,21,34.1,43.1,"Davenport, Davenport, Lincoln County",330029,Davenport,2020-01-21 20:11:20.669795
2020-01-06,16:15,42.1,38.0,85.5,0.0,SW@16.1,23.5,0.0,16,34.1,43.0,"Davenport, Davenport, Lincoln County",330029,Davenport,2020-01-21 20:11:20.669795
2020-01-06,16:30,42.0,38.0,85.8,0.0,SW@16.1,22.5,0.0,4,34.1,42.9,"Davenport, Davenport, Lincoln County",330029,Davenport,2020-01-21 20:11:20.669795
2020-01-06,16:45,41.5,37.9,87.0,0.0,SW@14.8,20.0,0.0,0,34.2,42.4,"Davenport, Davenport, Lincoln County",330029,Davenport,2020-01-21 20:11:20.669795
2020-01-06,17:00,40.8,37.6,88.2,0.0,SW@12.6,17.1,0.0,0,34.2,41.7,"Davenport, Davenport, Lincoln County",330029,Davenport,2020-01-21 20:11:20.669795
2020-01-06,17:15,40.1,37.2,89.5,0.0,SW@12.7,16.7,0.01,0,34.2,41.0,"Davenport, Davenport, Lincoln County",330029,Davenport,2020-01-21 20:11:20.669795
2020-01-06,17:30,39.6,37.1,90.5,0.0,SW@11.1,15.7,0.05,0,34.2,40.6,"Davenport, Davenport, Lincoln County",330029,Davenport,2020-01-21 20:11:20.669795
2020-01-06,17:45,39.8,37.2,90.5,0.0,SW@11.5,15.3,0.03,0,34.2,40.7,"Davenport, Davenport, Lincoln County",330029,Davenport,2020-01-21 20:11:20.669795
2020-01-06,18:00,40.1,37.4,90.1,0.0,SW@12.4,15.7,0.01,0,34.2,41.0,"Davenport, Davenport, Lincoln County",330029,Davenport,2020-01-21 20:11:20.669795
2020-01-06,18:15,39.5,37.1,90.7,0.0,SW@12.0,16.0,0.06,0,34.3,40.5,"Davenport, Davenport, Lincoln County",330029,Davenport,2020-01-21 20:11:20.669795
2020-01-06,18:30,39.4,37.0,90.8,0.0,SW@13.2,17.5,0.06,0,34.3,40.3,"Davenport, Davenport, Lincoln County",330029,Davenport,2020-01-21 20:11:20.669795
2020-01-06,18:45,39.1,36.9,91.6,0.0,SW@12.6,16.4,0.08,0,34.3,40.0,"Davenport, Davenport, Lincoln County",330029,Davenport,2020-01-21 20:11:20.669795
2020-01-06,19:00,38.7,36.7,92.3,0.0,SW@12.2,16.7,0.09,0,34.4,39.6,"Davenport, Davenport, Lincoln County",330029,Davenport,2020-01-21 20:11:20.669795
2020-01-06,19:15,38.4,36.5,92.8,0.0,S@12.7,17.1,0.12,0,34.4,39.3,"Davenport, Davenport, Lincoln County",330029,Davenport,2020-01-21 20:11:20.669795
2020-01-06,19:30,38.5,36.7,93.1,0.0,SW@13.0,17.1,0.13,0,34.4,39.4,"Davenport, Davenport, Lincoln County",330029,Davenport,2020-01-21 20:11:20.669795
2020-01-06,19:45,39.1,37.1,92.5,0.0,SW@14.6,18.9,0.11,0,34.4,40.0,"Davenport, Davenport, Lincoln County",330029,Davenport,2020-01-21 20:11:20.669795
2020-01-06,20:00,39.4,37.3,92.3,0.0,SW@16.3,21.4,0.1,0,34.4,40.3,"Davenport, Davenport, Lincoln County",330029,Davenport,2020-01-21 20:11:20.669795
2020-01-06,20:15,39.7,37.5,91.7,0.0,SW@17.1,21.4,0.08,0,34.5,40.6,"Davenport, Davenport, Lincoln County",330029,Davenport,2020-01-21 20:11:20.669795
2020-01-06,20:30,40.0,37.6,91.1,0.0,SW@19.7,27.5,0.03,0,34.5,41.0,"Davenport, Davenport, Lincoln County",330029,Davenport,2020-01-21 20:11:20.669795
2020-01-06,20:45,40.1,37.6,90.8,0.0,SW@18.0,23.5,0.01,0,34.5,41.0,"Davenport, Davenport, Lincoln County",330029,Davenport,2020-01-21 20:11:20.669795
2020-01-06,21:00,40.1,37.6,90.9,0.0,SW@17.7,22.5,0.0,0,34.5,41.0,"Davenport, Davenport, Lincoln County",330029,Davenport,2020-01-21 20:11:20.669795
2020-01-06,21:15,40.1,37.6,90.7,0.0,SW@15.9,21.4,0.0,0,34.5,41.0,"Davenport, Davenport, Lincoln County",330029,Davenport,2020-01-21 20:11:20.669795
2020-01-06,21:30,39.7,37.3,91.0,0.0,SW@14.8,18.9,0.05,0,34.6,40.7,"Davenport, Davenport, Lincoln County",330029,Davenport,2020-01-21 20:11:20.669795
2020-01-06,21:45,39.6,37.3,91.1,0.0,SW@14.7,19.2,0.05,0,34.6,40.5,"Davenport, Davenport, Lincoln County",330029,Davenport,2020-01-21 20:11:20.669795
2020-01-06,22:00,40.0,37.6,91.0,0.0,SW@15.3,20.0,0.0,0,34.6,40.9,"Davenport, Davenport, Lincoln County",330029,Davenport,2020-01-21 20:11:20.669795
2020-01-06,22:15,40.5,38.0,90.5,0.0,SW@15.7,22.8,0.0,0,34.6,41.4,"Davenport, Davenport, Lincoln County",330029,Davenport,2020-01-21 20:11:20.669795
2020-01-06,22:30,40.6,38.3,91.2,0.0,SW@15.1,20.3,0.04,0,34.6,41.5,"Davenport, Davenport, Lincoln County",330029,Davenport,2020-01-21 20:11:20.669795
2020-01-06,22:45,40.7,38.4,91.4,0.0,SW@15.3,19.6,0.04,0,34.6,41.7,"Davenport, Davenport, Lincoln County",330029,Davenport,2020-01-21 20:11:20.669795
2020-01-06,23:00,41.1,38.5,90.4,0.0,SW@16.3,21.4,0.0,0,34.6,42.0,"Davenport, Davenport, Lincoln County",330029,Davenport,2020-01-21 20:11:20.669795
2020-01-06,23:15,41.0,38.7,91.2,0.0,SW@13.9,19.6,0.02,0,34.7,42.0,"Davenport, Davenport, Lincoln County",330029,Davenport,2020-01-21 20:11:20.669795
2020-01-06,23:30,41.2,38.7,90.9,0.0,SW@15.3,20.3,0.0,0,34.7,42.1,"Davenport, Davenport, Lincoln County",330029,Davenport,2020-01-21 20:11:20.669795
2020-01-06,23:45,41.3,38.8,90.7,0.0,SW@16.3,21.4,0.0,0,34.7,42.3,"Davenport, Davenport, Lincoln County",330029,Davenport,2020-01-21 20:11:20.669795
2020-01-06,24:00,41.5,38.8,90.2,0.0,SW@16.4,22.1,0.0,0,34.7,42.4,"Davenport, Davenport, Lincoln County",330029,Davenport,2020-01-21 20:11:20.669795
2020-01-07,00:15,41.4,38.8,90.3,0.0,SW@14.9,21.0,0.0,0,34.8,42.3,"Davenport, Davenport, Lincoln County",330029,Davenport,2020-01-21 20:11:20.669795
2020-01-07,00:30,41.6,38.8,89.7,0.0,SW@17.5,24.3,0.0,0,34.8,42.5,"Davenport, Davenport, Lincoln County",330029,Davenport,2020-01-21 20:11:20.669795
2020-01-07,00:45,41.7,38.8,89.1,0.0,SW@17.5,25.0,0.0,0,34.8,42.7,"Davenport, Davenport, Lincoln County",330029,Davenport,2020-01-21 20:11:20.669795
2020-01-07,01:00,41.7,38.8,89.0,0.0,SW@16.9,25.0,0.0,0,34.8,42.7,"Davenport, Davenport, Lincoln County",330029,Davenport,2020-01-21 20:11:20.669795
2020-01-07,01:15,41.5,38.5,88.9,0.0,SW@17.2,22.5,0.0,0,34.9,42.5,"Davenport, Davenport, Lincoln County",330029,Davenport,2020-01-21 20:11:20.669795
2020-01-07,01:30,41.5,38.5,88.8,0.0,SW@17.3,23.9,0.0,0,34.9,42.4,"Davenport, Davenport, Lincoln County",330029,Davenport,2020-01-21 20:11:20.669795
2020-01-07,01:45,41.6,38.4,88.3,0.0,SW@17.8,23.2,0.0,0,34.9,42.5,"Davenport, Davenport, Lincoln County",330029,Davenport,2020-01-21 20:11:20.669795
2020-01-07,02:00,41.8,38.5,88.0,0.0,SW@18.1,26.0,0.0,0,35.0,42.7,"Davenport, Davenport, Lincoln County",330029,Davenport,2020-01-21 20:11:20.669795
2020-01-07,02:15,41.9,38.5,87.8,0.0,SW@16.7,23.2,0.0,0,35.0,42.8,"Davenport, Davenport, Lincoln County",330029,Davenport,2020-01-21 20:11:20.669795
2020-01-07,02:30,41.8,38.4,87.8,0.0,SW@17.3,23.9,0.0,0,35.0,42.7,"Davenport, Davenport, Lincoln County",330029,Davenport,2020-01-21 20:11:20.669795
2020-01-07,02:45,41.6,38.4,88.6,0.0,SW@18.0,24.6,0.0,0,35.0,42.5,"Davenport, Davenport, Lincoln County",330029,Davenport,2020-01-21 20:11:20.669795
2020-01-07,03:00,41.4,38.4,89.0,0.0,SW@18.1,23.9,0.0,0,35.1,42.4,"Davenport, Davenport, Lincoln County",330029,Davenport,2020-01-21 20:11:20.669795
2020-01-07,03:15,41.4,38.3,88.7,0.0,SW@17.3,24.3,0.0,0,35.1,42.4,"Davenport, Davenport, Lincoln County",330029,Davenport,2020-01-21 20:11:20.669795
2020-01-07,03:30,41.6,38.3,87.7,0.0,SW@19.3,27.5,0.0,0,35.1,42.6,"Davenport, Davenport, Lincoln County",330029,Davenport,2020-01-21 20:11:20.669795
2020-01-07,03:45,41.6,38.1,87.4,0.0,SW@18.3,27.8,0.0,0,35.2,42.5,"Davenport, Davenport, Lincoln County",330029,Davenport,2020-01-21 20:11:20.669795
2020-01-07,04:00,41.5,38.0,87.4,0.0,SW@16.9,25.3,0.0,0,35.2,42.4,"Davenport, Davenport, Lincoln County",330029,Davenport,2020-01-21 20:11:20.669795
2020-01-07,04:15,41.3,37.9,87.7,0.0,SW@16.0,20.7,0.0,0,35.2,42.2,"Davenport, Davenport, Lincoln County",330029,Davenport,2020-01-21 20:11:20.669795
2020-01-07,04:30,41.0,37.8,88.2,0.0,SW@15.8,21.0,0.0,0,35.3,41.9,"Davenport, Davenport, Lincoln County",330029,Davenport,2020-01-21 20:11:20.669795
2020-01-07,04:45,40.7,37.6,88.3,0.0,SW@16.0,20.7,0.0,0,35.3,41.7,"Davenport, Davenport, Lincoln County",330029,Davenport,2020-01-21 20:11:20.669795
2020-01-07,05:00,40.6,37.2,87.5,0.0,S@16.7,21.8,0.0,0,35.3,41.6,"Davenport, Davenport, Lincoln County",330029,Davenport,2020-01-21 20:11:20.669795
2020-01-07,05:15,40.6,37.1,87.1,0.0,SW@17.2,24.6,0.0,0,35.3,41.5,"Davenport, Davenport, Lincoln County",330029,Davenport,2020-01-21 20:11:20.669795
2020-01-07,05:30,40.6,37.1,87.2,0.0,SW@17.1,24.6,0.0,0,35.4,41.5,"Davenport, Davenport, Lincoln County",330029,Davenport,2020-01-21 20:11:20.669795
2020-01-07,05:45,40.8,37.2,86.8,0.0,SW@17.9,24.3,0.0,0,35.4,41.7,"Davenport, Davenport, Lincoln County",330029,Davenport,2020-01-21 20:11:20.669795
2020-01-07,06:00,41.0,37.1,86.0,0.0,SW@19.2,24.3,0.0,0,35.4,41.9,"Davenport, Davenport, Lincoln County",330029,Davenport,2020-01-21 20:11:20.669795
2020-01-07,06:15,40.9,37.0,85.7,0.0,S@19.2,26.0,0.0,0,35.5,41.9,"Davenport, Davenport, Lincoln County",330029,Davenport,2020-01-21 20:11:20.669795
2020-01-07,06:30,40.8,36.9,85.8,0.0,S@18.5,25.7,0.0,0,35.5,41.7,"Davenport, Davenport, Lincoln County",330029,Davenport,2020-01-21 20:11:20.669795
2020-01-07,06:45,40.7,36.9,86.2,0.0,S@17.7,23.2,0.0,0,35.5,41.6,"Davenport, Davenport, Lincoln County",330029,Davenport,2020-01-21 20:11:20.669795
2020-01-07,07:00,40.4,37.0,87.5,0.0,S@16.9,22.1,0.0,0,35.5,41.4,"Davenport, Davenport, Lincoln County",330029,Davenport,2020-01-21 20:11:20.669795
2020-01-07,07:15,40.1,37.2,89.3,0.0,S@16.5,23.9,0.0,0,35.5,41.0,"Davenport, Davenport, Lincoln County",330029,Davenport,2020-01-21 20:11:20.669795
2020-01-07,07:30,39.9,37.3,90.5,0.0,S@16.9,24.6,0.01,0,35.6,40.8,"Davenport, Davenport, Lincoln County",330029,Davenport,2020-01-21 20:11:20.669795
2020-01-07,07:45,39.7,37.3,90.9,0.0,S@17.7,23.9,0.0,0,35.6,40.7,"Davenport, Davenport, Lincoln County",330029,Davenport,2020-01-21 20:11:20.669795
2020-01-07,08:00,39.6,37.2,91.0,0.01,S@17.6,23.2,0.23,2,35.6,40.6,"Davenport, Davenport, Lincoln County",330029,Davenport,2020-01-21 20:11:20.669795
2020-01-07,08:15,39.5,37.1,90.8,0.0,S@16.9,23.2,0.61,4,35.6,40.5,"Davenport, Davenport, Lincoln County",330029,Davenport,2020-01-21 20:11:20.669795
2020-01-07,08:30,39.6,37.0,90.5,0.01,S@18.0,22.5,0.83,7,35.7,40.6,"Davenport, Davenport, Lincoln County",330029,Davenport,2020-01-21 20:11:20.669795
2020-01-07,08:45,39.6,37.2,90.9,0.01,S@17.5,23.5,0.88,12,35.7,40.6,"Davenport, Davenport, Lincoln County",330029,Davenport,2020-01-21 20:11:20.669795
2020-01-07,09:00,39.7,37.2,90.7,0.0,S@16.3,20.7,0.91,19,35.7,40.6,"Davenport, Davenport, Lincoln County",330029,Davenport,2020-01-21 20:11:20.669795
2020-01-07,09:15,39.9,37.2,90.1,0.01,S@17.1,22.5,0.93,24,35.7,40.8,"Davenport, Davenport, Lincoln County",330029,Davenport,2020-01-21 20:11:20.669795
2020-01-07,09:30,40.0,37.3,90.0,0.0,S@16.3,21.8,0.93,29,35.8,40.9,"Davenport, Davenport, Lincoln County",330029,Davenport,2020-01-21 20:11:20.669795
2020-01-07,09:45,40.2,37.5,90.2,0.0,S@14.9,20.0,0.9,41,35.8,41.1,"Davenport, Davenport, Lincoln County",330029,Davenport,2020-01-21 20:11:20.669795
2020-01-07,10:00,40.6,37.8,89.5,0.0,S@16.1,20.0,0.8,79,35.8,41.5,"Davenport, Davenport, Lincoln County",330029,Davenport,2020-01-21 20:11:20.669795
2020-01-07,10:15,41.1,38.1,88.8,0.0,S@15.2,20.0,0.38,93,35.8,42.0,"Davenport, Davenport, Lincoln County",330029,Davenport,2020-01-21 20:11:20.669795
2020-01-07,10:30,41.3,38.1,88.5,0.0,S@15.6,20.3,0.06,83,35.8,42.2,"Davenport, Davenport, Lincoln County",330029,Davenport,2020-01-21 20:11:20.669795
2020-01-07,10:45,41.4,38.2,88.1,0.0,S@14.8,20.7,0.0,88,35.8,42.3,"Davenport, Davenport, Lincoln County",330029,Davenport,2020-01-21 20:11:20.669795
2020-01-07,11:00,41.7,38.2,87.0,0.0,S@15.8,20.7,0.0,117,35.9,42.6,"Davenport, Davenport, Lincoln County",330029,Davenport,2020-01-21 20:11:20.669795
2020-01-07,11:15,42.1,38.1,85.7,0.0,S@15.5,20.0,0.0,129,35.9,43.0,"Davenport, Davenport, Lincoln County",330029,Davenport,2020-01-21 20:11:20.669795
2020-01-07,11:30,42.5,38.2,84.4,0.0,S@15.5,21.0,0.0,144,35.9,43.4,"Davenport, Davenport, Lincoln County",330029,Davenport,2020-01-21 20:11:20.669795
2020-01-07,11:45,42.8,38.1,83.4,0.0,S@15.2,21.0,0.0,136,35.9,43.6,"Davenport, Davenport, Lincoln County",330029,Davenport,2020-01-21 20:11:20.669795
2020-01-07,12:00,42.6,37.9,83.3,0.0,S@14.1,19.2,0.0,79,35.9,43.5,"Davenport, Davenport, Lincoln County",330029,Davenport,2020-01-21 20:11:20.669795
2020-01-07,12:15,42.7,38.0,83.1,0.0,S@14.2,18.2,0.0,93,36.0,43.6,"Davenport, Davenport, Lincoln County",330029,Davenport,2020-01-21 20:11:20.669795
2020-01-07,12:30,42.9,38.1,83.0,0.0,S@15.1,21.4,0.0,105,36.0,43.8,"Davenport, Davenport, Lincoln County",330029,Davenport,2020-01-21 20:11:20.669795
2020-01-07,12:45,42.9,37.9,82.5,0.0,S@15.4,22.1,0.0,85,36.0,43.8,"Davenport, Davenport, Lincoln County",330029,Davenport,2020-01-21 20:11:20.669795
2020-01-07,13:00,42.9,37.8,82.1,0.0,S@14.7,19.6,0.0,88,36.1,43.8,"Davenport, Davenport, Lincoln County",330029,Davenport,2020-01-21 20:11:20.669795
2020-01-07,13:15,42.7,37.7,82.3,0.0,S@14.2,18.5,0.0,59,36.1,43.6,"Davenport, Davenport, Lincoln County",330029,Davenport,2020-01-21 20:11:20.669795
2020-01-07,13:30,43.4,38.2,81.7,0.0,S@13.4,17.8,0.0,162,36.1,44.2,"Davenport, Davenport, Lincoln County",330029,Davenport,2020-01-21 20:11:20.669795
2020-01-07,13:45,44.3,38.2,79.0,0.0,S@15.5,21.0,0.0,197,36.2,45.1,"Davenport, Davenport, Lincoln County",330029,Davenport,2020-01-21 20:11:20.669795
2020-01-07,14:00,44.3,37.9,77.9,0.0,S@15.8,21.8,0.0,173,36.2,45.2,"Davenport, Davenport, Lincoln County",330029,Davenport,2020-01-21 20:11:20.669795
2020-01-07,14:15,43.8,37.9,79.6,0.0,S@15.0,20.0,0.0,123,36.2,44.7,"Davenport, Davenport, Lincoln County",330029,Davenport,2020-01-21 20:11:20.669795
2020-01-07,14:30,43.4,37.6,79.8,0.0,S@12.8,18.2,0.0,88,36.3,44.3,"Davenport, Davenport, Lincoln County",330029,Davenport,2020-01-21 20:11:20.669795
2020-01-07,14:45,43.0,37.2,79.7,0.0,S@11.4,16.4,0.0,67,36.3,44.0,"Davenport, Davenport, Lincoln County",330029,Davenport,2020-01-21 20:11:20.669795
2020-01-07,15:00,42.6,37.4,81.6,0.0,S@10.3,13.9,0.0,44,36.3,43.5,"Davenport, Davenport, Lincoln County",330029,Davenport,2020-01-21 20:11:20.669795
2020-01-07,15:15,42.4,37.4,82.2,0.0,S@10.0,13.9,0.0,35,36.4,43.3,"Davenport, Davenport, Lincoln County",330029,Davenport,2020-01-21 20:11:20.669795
2020-01-07,15:30,42.4,37.3,81.7,0.0,S@10.8,16.7,0.0,42,36.4,43.4,"Davenport, Davenport, Lincoln County",330029,Davenport,2020-01-21 20:11:20.669795
2020-01-07,15:45,42.6,36.4,78.6,0.0,S@13.6,19.2,0.0,26,36.4,43.5,"Davenport, Davenport, Lincoln County",330029,Davenport,2020-01-21 20:11:20.669795
2020-01-07,16:00,41.9,36.2,80.0,0.0,S@11.4,15.0,0.0,13,36.5,42.8,"Davenport, Davenport, Lincoln County",330029,Davenport,2020-01-21 20:11:20.669795
2020-01-07,16:15,41.3,35.9,80.8,0.0,S@10.0,13.9,0.0,5,36.5,42.2,"Davenport, Davenport, Lincoln County",330029,Davenport,2020-01-21 20:11:20.669795
2020-01-07,16:30,41.7,35.4,78.0,0.0,S@12.0,15.7,0.0,1,36.6,42.7,"Davenport, Davenport, Lincoln County",330029,Davenport,2020-01-21 20:11:20.669795
2020-01-07,16:45,41.4,35.0,77.8,0.0,S@11.5,14.6,0.0,0,36.6,42.4,"Davenport, Davenport, Lincoln County",330029,Davenport,2020-01-21 20:11:20.669795
2020-01-07,17:00,41.0,34.7,78.0,0.0,S@9.0,12.8,0.0,0,36.6,41.9,"Davenport, Davenport, Lincoln County",330029,Davenport,2020-01-21 20:11:20.669795
2020-01-07,17:15,40.6,34.4,78.4,0.0,S@9.7,13.9,0.0,0,36.6,41.5,"Davenport, Davenport, Lincoln County",330029,Davenport,2020-01-21 20:11:20.669795
2020-01-07,17:30,40.4,34.2,78.2,0.0,S@10.7,13.5,0.0,0,36.7,41.4,"Davenport, Davenport, Lincoln County",330029,Davenport,2020-01-21 20:11:20.669795
2020-01-07,17:45,40.2,34.0,78.3,0.0,S@10.0,14.2,0.0,0,36.7,41.1,"Davenport, Davenport, Lincoln County",330029,Davenport,2020-01-21 20:11:20.669795
2020-01-07,18:00,40.1,33.9,78.0,0.0,S@10.7,13.9,0.0,0,36.7,41.1,"Davenport, Davenport, Lincoln County",330029,Davenport,2020-01-21 20:11:20.669795
2020-01-07,18:15,40.1,33.9,78.2,0.0,S@10.8,15.3,0.0,0,36.7,41.0,"Davenport, Davenport, Lincoln County",330029,Davenport,2020-01-21 20:11:20.669795
2020-01-07,18:30,39.4,33.6,79.4,0.0,S@7.4,11.4,0.0,0,36.8,40.3,"Davenport, Davenport, Lincoln County",330029,Davenport,2020-01-21 20:11:20.669795
2020-01-07,18:45,38.1,33.9,84.6,0.0,S@6.4,8.5,0.0,0,36.8,39.0,"Davenport, Davenport, Lincoln County",330029,Davenport,2020-01-21 20:11:20.669795
2020-01-07,19:00,37.4,34.4,88.6,0.0,SE@7.2,9.9,0.01,0,36.8,38.3,"Davenport, Davenport, Lincoln County",330029,Davenport,2020-01-21 20:11:20.669795
2020-01-07,19:15,37.0,34.3,89.8,0.0,SE@9.1,12.1,0.07,0,36.8,37.9,"Davenport, Davenport, Lincoln County",330029,Davenport,2020-01-21 20:11:20.669795
2020-01-07,19:30,37.8,34.4,87.6,0.0,S@9.9,13.9,0.03,0,36.8,38.7,"Davenport, Davenport, Lincoln County",330029,Davenport,2020-01-21 20:11:20.669795
2020-01-07,19:45,37.8,34.3,87.2,0.0,S@8.0,11.7,0.0,0,36.8,38.6,"Davenport, Davenport, Lincoln County",330029,Davenport,2020-01-21 20:11:20.669795
2020-01-07,20:00,37.7,34.3,87.6,0.0,S@8.9,12.8,0.0,0,36.8,38.5,"Davenport, Davenport, Lincoln County",330029,Davenport,2020-01-21 20:11:20.669795
2020-01-07,20:15,37.6,34.2,87.2,0.0,S@10.1,13.2,0.0,0,36.8,38.5,"Davenport, Davenport, Lincoln County",330029,Davenport,2020-01-21 20:11:20.669795
2020-01-07,20:30,38.3,34.2,85.0,0.0,S@11.0,14.6,0.0,0,36.8,39.2,"Davenport, Davenport, Lincoln County",330029,Davenport,2020-01-21 20:11:20.669795
2020-01-07,20:45,38.1,34.1,85.6,0.0,S@10.3,13.9,0.0,0,36.8,38.9,"Davenport, Davenport, Lincoln County",330029,Davenport,2020-01-21 20:11:20.669795
2020-01-07,21:00,37.4,34.0,87.6,0.0,S@9.6,12.1,0.0,0,36.8,38.2,"Davenport, Davenport, Lincoln County",330029,Davenport,2020-01-21 20:11:20.669795
2020-01-07,21:15,38.0,34.2,85.8,0.0,S@10.3,15.7,0.02,0,36.8,38.9,"Davenport, Davenport, Lincoln County",330029,Davenport,2020-01-21 20:11:20.669795
2020-01-07,21:30,39.4,34.5,82.6,0.0,S@13.2,19.2,0.0,0,36.8,40.3,"Davenport, Davenport, Lincoln County",330029,Davenport,2020-01-21 20:11:20.669795
2020-01-07,21:45,40.7,34.6,78.6,0.0,S@16.4,24.6,0.0,0,36.8,41.6,"Davenport, Davenport, Lincoln County",330029,Davenport,2020-01-21 20:11:20.669795
2020-01-07,22:00,41.1,34.6,77.6,0.0,S@15.0,19.6,0.0,0,36.8,42.0,"Davenport, Davenport, Lincoln County",330029,Davenport,2020-01-21 20:11:20.669795
2020-01-07,22:15,41.2,34.6,77.0,0.0,S@14.9,20.7,0.0,0,36.8,42.2,"Davenport, Davenport, Lincoln County",330029,Davenport,2020-01-21 20:11:20.669795
2020-01-07,22:30,40.4,35.2,81.4,0.0,S@14.9,20.3,0.0,0,36.8,41.3,"Davenport, Davenport, Lincoln County",330029,Davenport,2020-01-21 20:11:20.669795
2020-01-07,22:45,40.5,35.6,82.6,0.0,S@16.8,23.2,0.0,0,36.7,41.4,"Davenport, Davenport, Lincoln County",330029,Davenport,2020-01-21 20:11:20.669795
2020-01-07,23:00,40.7,36.1,83.4,0.0,S@18.8,24.3,0.0,0,36.7,41.7,"Davenport, Davenport, Lincoln County",330029,Davenport,2020-01-21 20:11:20.669795
2020-01-07,23:15,40.4,36.3,85.2,0.01,S@16.5,26.8,0.05,0,36.7,41.4,"Davenport, Davenport, Lincoln County",330029,Davenport,2020-01-21 20:11:20.669795
2020-01-07,23:30,39.6,36.1,87.1,0.0,S@13.2,17.8,0.5,0,36.7,40.6,"Davenport, Davenport, Lincoln County",330029,Davenport,2020-01-21 20:11:20.669795
2020-01-07,23:45,38.9,35.9,88.6,0.01,S@12.6,16.7,0.51,0,36.7,39.9,"Davenport, Davenport, Lincoln County",330029,Davenport,2020-01-21 20:11:20.669795
2020-01-07,24:00,38.6,35.6,89.0,0.0,S@11.8,15.7,0.55,0,36.7,39.5,"Davenport, Davenport, Lincoln County",330029,Davenport,2020-01-21 20:11:20.669795
