Date,Time PST,Air Temp °F, 2<sup>nd</sup> Air Temp °F, Dew Point °F, Rel Hum %, Leaf Wet u., Wind Dir @ Speed mph, Wind Gust mph, 8 in. Soil Tmp °F, Tot Prec in, Solar Rad W/m²,Location,Station ID,Station Name,Download Timestamp
2014-02-28,00:15,29.7,29.6,28.9,98.8,1.0,SW@3.2,4.2,32.0,0.0,0,"Davenport, Davenport, Lincoln County",330029,Davenport,2017-12-11 07:44:25.115001
2014-02-28,00:30,29.7,29.6,28.9,98.8,1.0,W@2.8,4.6,32.0,0.0,0,"Davenport, Davenport, Lincoln County",330029,Davenport,2017-12-11 07:44:25.115001
2014-02-28,00:45,29.8,29.8,29.0,98.4,1.0,SW@3.8,5.7,32.0,0.0,0,"Davenport, Davenport, Lincoln County",330029,Davenport,2017-12-11 07:44:25.115001
2014-02-28,01:00,29.8,29.7,28.9,98.1,0.99,SW@2.8,3.9,32.0,0.0,0,"Davenport, Davenport, Lincoln County",330029,Davenport,2017-12-11 07:44:25.115001
2014-02-28,01:15,29.3,29.2,28.3,97.9,0.92,SW@2.9,3.9,31.9,0.0,0,"Davenport, Davenport, Lincoln County",330029,Davenport,2017-12-11 07:44:25.115001
2014-02-28,01:30,28.6,28.5,27.5,97.9,0.91,S@4.1,5.3,32.0,0.0,0,"Davenport, Davenport, Lincoln County",330029,Davenport,2017-12-11 07:44:25.115001
2014-02-28,01:45,28.7,28.7,27.7,98.2,0.94,S@4.0,5.3,31.9,0.0,0,"Davenport, Davenport, Lincoln County",330029,Davenport,2017-12-11 07:44:25.115001
2014-02-28,02:00,29.1,29.1,28.1,98.4,0.94,S@3.5,5.7,31.9,0.0,0,"Davenport, Davenport, Lincoln County",330029,Davenport,2017-12-11 07:44:25.115001
2014-02-28,02:15,29.0,28.9,28.0,98.4,0.92,SW@2.4,3.5,32.0,0.0,0,"Davenport, Davenport, Lincoln County",330029,Davenport,2017-12-11 07:44:25.115001
2014-02-28,02:30,28.7,28.7,27.7,98.4,0.92,SW@2.8,3.9,32.0,0.0,0,"Davenport, Davenport, Lincoln County",330029,Davenport,2017-12-11 07:44:25.115001
2014-02-28,02:45,29.0,28.9,28.1,98.6,0.93,SW@0.6,2.4,32.0,0.0,0,"Davenport, Davenport, Lincoln County",330029,Davenport,2017-12-11 07:44:25.115001
2014-02-28,03:00,29.2,29.1,28.3,98.7,0.93,S@1.7,2.8,32.0,0.0,0,"Davenport, Davenport, Lincoln County",330029,Davenport,2017-12-11 07:44:25.115001
2014-02-28,03:15,29.1,29.0,28.3,98.8,0.93,S@1.2,2.8,32.0,0.0,0,"Davenport, Davenport, Lincoln County",330029,Davenport,2017-12-11 07:44:25.115001
2014-02-28,03:30,29.2,29.1,28.4,98.8,0.94,SE@2.1,3.1,32.0,0.0,0,"Davenport, Davenport, Lincoln County",330029,Davenport,2017-12-11 07:44:25.115001
2014-02-28,03:45,29.3,29.2,28.5,98.8,0.95,E@0.2,2.1,31.9,0.0,0,"Davenport, Davenport, Lincoln County",330029,Davenport,2017-12-11 07:44:25.115001
2014-02-28,04:00,29.5,29.3,28.7,98.8,0.95,N@0.0,0.0,32.0,0.0,0,"Davenport, Davenport, Lincoln County",330029,Davenport,2017-12-11 07:44:25.115001
2014-02-28,04:15,29.5,29.3,28.7,98.7,0.94,S@0.6,3.9,32.0,0.0,0,"Davenport, Davenport, Lincoln County",330029,Davenport,2017-12-11 07:44:25.115001
2014-02-28,04:30,29.4,29.4,28.6,98.4,0.94,S@2.6,3.9,32.0,0.0,0,"Davenport, Davenport, Lincoln County",330029,Davenport,2017-12-11 07:44:25.115001
2014-02-28,04:45,29.5,29.4,28.6,98.2,0.94,E@2.7,4.9,32.0,0.0,0,"Davenport, Davenport, Lincoln County",330029,Davenport,2017-12-11 07:44:25.115001
2014-02-28,05:00,29.3,29.3,28.4,98.4,0.94,E@4.0,4.9,32.0,0.0,0,"Davenport, Davenport, Lincoln County",330029,Davenport,2017-12-11 07:44:25.115001
2014-02-28,05:15,29.0,28.9,28.0,98.4,0.9,E@2.6,4.9,32.0,0.0,0,"Davenport, Davenport, Lincoln County",330029,Davenport,2017-12-11 07:44:25.115001
2014-02-28,05:30,28.4,28.3,27.3,98.3,0.89,E@2.5,3.9,32.0,0.0,0,"Davenport, Davenport, Lincoln County",330029,Davenport,2017-12-11 07:44:25.115001
2014-02-28,05:45,28.7,28.6,27.7,98.5,0.91,E@1.7,3.1,32.0,0.0,0,"Davenport, Davenport, Lincoln County",330029,Davenport,2017-12-11 07:44:25.115001
2014-02-28,06:00,28.7,28.6,27.8,98.5,0.91,NE@2.9,4.2,32.0,0.0,0,"Davenport, Davenport, Lincoln County",330029,Davenport,2017-12-11 07:44:25.115001
2014-02-28,06:15,28.3,28.3,27.3,98.5,0.89,NE@4.2,5.7,32.0,0.0,0,"Davenport, Davenport, Lincoln County",330029,Davenport,2017-12-11 07:44:25.115001
2014-02-28,06:30,28.2,28.2,27.2,98.5,0.89,NE@5.1,6.7,32.0,0.0,0,"Davenport, Davenport, Lincoln County",330029,Davenport,2017-12-11 07:44:25.115001
2014-02-28,06:45,27.9,27.8,26.8,98.4,0.86,NE@4.0,5.3,32.0,0.0,4,"Davenport, Davenport, Lincoln County",330029,Davenport,2017-12-11 07:44:25.115001
2014-02-28,07:00,27.7,27.7,26.6,98.4,0.87,NE@4.9,6.4,32.0,0.0,12,"Davenport, Davenport, Lincoln County",330029,Davenport,2017-12-11 07:44:25.115001
2014-02-28,07:15,28.4,28.3,27.4,98.5,0.91,NE@0.4,2.8,32.0,0.0,21,"Davenport, Davenport, Lincoln County",330029,Davenport,2017-12-11 07:44:25.115001
2014-02-28,07:30,29.2,29.0,28.2,98.4,0.94,NE@1.1,4.6,32.0,0.0,32,"Davenport, Davenport, Lincoln County",330029,Davenport,2017-12-11 07:44:25.115001
2014-02-28,07:45,29.5,29.4,28.5,98.1,1.0,NE@5.7,8.2,32.0,0.0,51,"Davenport, Davenport, Lincoln County",330029,Davenport,2017-12-11 07:44:25.115001
2014-02-28,08:00,29.7,29.6,28.7,97.9,1.0,NE@7.1,8.9,32.0,0.0,72,"Davenport, Davenport, Lincoln County",330029,Davenport,2017-12-11 07:44:25.115001
2014-02-28,08:15,30.1,30.0,29.1,97.5,1.0,NE@9.8,12.4,32.0,0.0,93,"Davenport, Davenport, Lincoln County",330029,Davenport,2017-12-11 07:44:25.115001
2014-02-28,08:30,30.6,30.5,29.5,97.0,1.0,NE@9.8,11.7,32.0,0.0,144,"Davenport, Davenport, Lincoln County",330029,Davenport,2017-12-11 07:44:25.115001
2014-02-28,08:45,30.9,30.8,29.7,96.2,1.0,NE@9.2,12.1,32.0,0.0,123,"Davenport, Davenport, Lincoln County",330029,Davenport,2017-12-11 07:44:25.115001
2014-02-28,09:00,31.0,30.9,29.6,95.4,1.0,NE@8.9,10.7,32.0,0.0,123,"Davenport, Davenport, Lincoln County",330029,Davenport,2017-12-11 07:44:25.115001
2014-02-28,09:15,31.2,31.1,29.5,94.4,0.93,NE@8.3,11.0,32.0,0.0,134,"Davenport, Davenport, Lincoln County",330029,Davenport,2017-12-11 07:44:25.115001
2014-02-28,09:30,31.5,31.5,29.6,93.4,0.53,NE@7.3,9.2,32.0,0.0,137,"Davenport, Davenport, Lincoln County",330029,Davenport,2017-12-11 07:44:25.115001
2014-02-28,09:45,31.9,31.8,29.7,91.8,0.3,NE@7.3,9.2,32.0,0.0,151,"Davenport, Davenport, Lincoln County",330029,Davenport,2017-12-11 07:44:25.115001
2014-02-28,10:00,31.9,31.8,29.4,90.6,0.26,NE@6.7,8.5,32.0,0.0,167,"Davenport, Davenport, Lincoln County",330029,Davenport,2017-12-11 07:44:25.115001
2014-02-28,10:15,32.2,32.1,29.5,89.6,0.22,NE@6.0,7.8,32.0,0.0,210,"Davenport, Davenport, Lincoln County",330029,Davenport,2017-12-11 07:44:25.115001
2014-02-28,10:30,32.8,32.7,29.7,88.1,0.18,NE@5.5,6.7,32.0,0.0,250,"Davenport, Davenport, Lincoln County",330029,Davenport,2017-12-11 07:44:25.115001
2014-02-28,10:45,33.2,33.0,29.6,86.6,0.16,NE@5.5,7.1,32.0,0.0,263,"Davenport, Davenport, Lincoln County",330029,Davenport,2017-12-11 07:44:25.115001
2014-02-28,11:00,34.0,34.0,30.0,84.9,0.13,NE@4.9,6.7,32.0,0.0,357,"Davenport, Davenport, Lincoln County",330029,Davenport,2017-12-11 07:44:25.115001
2014-02-28,11:15,34.1,34.1,29.8,84.0,0.11,N@5.7,8.5,32.0,0.0,355,"Davenport, Davenport, Lincoln County",330029,Davenport,2017-12-11 07:44:25.115001
2014-02-28,11:30,34.4,34.5,30.1,83.9,0.11,N@5.2,7.1,32.0,0.0,349,"Davenport, Davenport, Lincoln County",330029,Davenport,2017-12-11 07:44:25.115001
2014-02-28,11:45,34.7,34.8,30.0,82.7,0.09,N@5.7,7.8,32.0,0.0,404,"Davenport, Davenport, Lincoln County",330029,Davenport,2017-12-11 07:44:25.115001
2014-02-28,12:00,35.3,35.4,30.1,81.1,0.08,N@5.2,7.4,32.0,0.0,390,"Davenport, Davenport, Lincoln County",330029,Davenport,2017-12-11 07:44:25.115001
2014-02-28,12:15,35.3,35.4,30.3,81.5,0.08,N@6.2,8.9,32.0,0.0,358,"Davenport, Davenport, Lincoln County",330029,Davenport,2017-12-11 07:44:25.115001
2014-02-28,12:30,35.6,35.6,30.6,81.7,0.09,NE@7.5,10.3,32.0,0.0,359,"Davenport, Davenport, Lincoln County",330029,Davenport,2017-12-11 07:44:25.115001
2014-02-28,12:45,36.0,35.8,30.4,79.7,0.08,NE@8.8,11.0,32.0,0.0,349,"Davenport, Davenport, Lincoln County",330029,Davenport,2017-12-11 07:44:25.115001
2014-02-28,13:00,36.0,35.8,30.1,79.0,0.08,NE@9.0,12.1,32.0,0.0,339,"Davenport, Davenport, Lincoln County",330029,Davenport,2017-12-11 07:44:25.115001
2014-02-28,13:15,36.1,35.9,30.3,79.2,0.08,NE@10.2,14.2,32.0,0.0,317,"Davenport, Davenport, Lincoln County",330029,Davenport,2017-12-11 07:44:25.115001
2014-02-28,13:30,36.1,36.0,30.3,79.1,0.08,NE@11.5,14.2,32.0,0.0,278,"Davenport, Davenport, Lincoln County",330029,Davenport,2017-12-11 07:44:25.115001
2014-02-28,13:45,36.0,35.9,29.9,78.1,0.08,NE@12.0,15.0,32.0,0.0,225,"Davenport, Davenport, Lincoln County",330029,Davenport,2017-12-11 07:44:25.115001
2014-02-28,14:00,36.0,35.9,29.8,77.9,0.08,E@12.1,15.0,32.0,0.0,207,"Davenport, Davenport, Lincoln County",330029,Davenport,2017-12-11 07:44:25.115001
2014-02-28,14:15,36.5,36.5,30.4,78.1,0.08,E@11.3,14.6,32.0,0.0,248,"Davenport, Davenport, Lincoln County",330029,Davenport,2017-12-11 07:44:25.115001
2014-02-28,14:30,37.1,37.0,30.9,77.9,0.08,E@12.0,15.3,32.0,0.0,338,"Davenport, Davenport, Lincoln County",330029,Davenport,2017-12-11 07:44:25.115001
2014-02-28,14:45,38.4,38.1,31.6,76.3,0.07,E@12.9,16.7,32.0,0.01,500,"Davenport, Davenport, Lincoln County",330029,Davenport,2017-12-11 07:44:25.115001
2014-02-28,15:00,38.7,38.4,31.8,76.1,0.08,E@13.8,18.9,32.0,0.0,381,"Davenport, Davenport, Lincoln County",330029,Davenport,2017-12-11 07:44:25.115001
2014-02-28,15:15,38.5,38.3,31.6,75.8,0.08,E@14.3,18.9,32.0,0.0,320,"Davenport, Davenport, Lincoln County",330029,Davenport,2017-12-11 07:44:25.115001
2014-02-28,15:30,38.4,38.1,31.1,74.9,0.08,E@14.2,17.8,32.0,0.0,285,"Davenport, Davenport, Lincoln County",330029,Davenport,2017-12-11 07:44:25.115001
2014-02-28,15:45,37.8,37.6,30.0,73.1,0.07,E@15.9,20.0,32.0,0.0,250,"Davenport, Davenport, Lincoln County",330029,Davenport,2017-12-11 07:44:25.115001
2014-02-28,16:00,37.4,37.1,29.3,72.5,0.06,E@16.1,20.7,32.0,0.0,216,"Davenport, Davenport, Lincoln County",330029,Davenport,2017-12-11 07:44:25.115001
2014-02-28,16:15,37.0,36.7,29.3,73.6,0.07,NE@15.5,20.0,32.0,0.0,184,"Davenport, Davenport, Lincoln County",330029,Davenport,2017-12-11 07:44:25.115001
2014-02-28,16:30,36.5,36.3,29.2,74.6,0.07,E@15.0,19.2,32.0,0.0,164,"Davenport, Davenport, Lincoln County",330029,Davenport,2017-12-11 07:44:25.115001
2014-02-28,16:45,35.9,35.6,29.0,75.8,0.08,NE@15.2,19.6,32.0,0.0,141,"Davenport, Davenport, Lincoln County",330029,Davenport,2017-12-11 07:44:25.115001
2014-02-28,17:00,34.1,33.9,27.6,76.9,0.09,NE@15.2,19.2,32.0,0.0,67,"Davenport, Davenport, Lincoln County",330029,Davenport,2017-12-11 07:44:25.115001
2014-02-28,17:15,32.7,32.6,26.4,77.5,0.09,NE@16.4,20.3,32.0,0.0,36,"Davenport, Davenport, Lincoln County",330029,Davenport,2017-12-11 07:44:25.115001
2014-02-28,17:30,32.0,32.0,25.4,76.3,0.08,NE@18.2,25.7,32.0,0.0,17,"Davenport, Davenport, Lincoln County",330029,Davenport,2017-12-11 07:44:25.115001
2014-02-28,17:45,31.4,31.5,24.9,77.2,0.08,NE@17.2,23.9,32.0,0.0,2,"Davenport, Davenport, Lincoln County",330029,Davenport,2017-12-11 07:44:25.115001
2014-02-28,18:00,30.8,30.9,23.2,74.0,0.06,NE@20.9,26.0,32.0,0.0,0,"Davenport, Davenport, Lincoln County",330029,Davenport,2017-12-11 07:44:25.115001
2014-02-28,18:15,30.3,30.3,22.2,72.8,0.05,NE@20.1,26.8,32.0,0.0,0,"Davenport, Davenport, Lincoln County",330029,Davenport,2017-12-11 07:44:25.115001
2014-02-28,18:30,29.8,29.9,21.1,70.9,0.01,NE@21.7,26.8,32.0,0.0,0,"Davenport, Davenport, Lincoln County",330029,Davenport,2017-12-11 07:44:25.115001
2014-02-28,18:45,29.3,29.3,19.9,69.2,0.0,NE@23.0,29.3,32.0,0.0,0,"Davenport, Davenport, Lincoln County",330029,Davenport,2017-12-11 07:44:25.115001
2014-02-28,19:00,28.9,29.0,19.0,67.6,0.0,NE@24.0,30.3,32.0,0.0,0,"Davenport, Davenport, Lincoln County",330029,Davenport,2017-12-11 07:44:25.115001
2014-02-28,19:15,28.5,28.6,18.3,66.7,0.0,NE@23.0,29.3,32.0,0.0,0,"Davenport, Davenport, Lincoln County",330029,Davenport,2017-12-11 07:44:25.115001
2014-02-28,19:30,28.2,28.3,17.8,66.2,0.0,NE@22.5,32.1,32.0,0.0,0,"Davenport, Davenport, Lincoln County",330029,Davenport,2017-12-11 07:44:25.115001
2014-02-28,19:45,27.8,27.9,16.6,64.2,0.0,NE@23.5,29.3,32.0,0.0,0,"Davenport, Davenport, Lincoln County",330029,Davenport,2017-12-11 07:44:25.115001
2014-02-28,20:00,27.6,27.6,15.7,62.3,0.0,NE@23.4,31.8,32.0,0.0,0,"Davenport, Davenport, Lincoln County",330029,Davenport,2017-12-11 07:44:25.115001
2014-02-28,20:15,27.0,27.0,14.6,61.2,0.0,NE@24.9,31.4,32.0,0.0,0,"Davenport, Davenport, Lincoln County",330029,Davenport,2017-12-11 07:44:25.115001
2014-02-28,20:30,26.7,26.7,14.4,61.5,0.0,NE@23.4,31.8,32.0,0.0,0,"Davenport, Davenport, Lincoln County",330029,Davenport,2017-12-11 07:44:25.115001
2014-02-28,20:45,26.3,26.3,13.2,59.6,0.0,NE@24.7,33.2,32.0,0.0,0,"Davenport, Davenport, Lincoln County",330029,Davenport,2017-12-11 07:44:25.115001
2014-02-28,21:00,25.8,25.9,12.8,59.5,0.0,NE@25.2,32.8,32.0,0.0,0,"Davenport, Davenport, Lincoln County",330029,Davenport,2017-12-11 07:44:25.115001
2014-02-28,21:15,25.4,25.4,12.1,59.0,0.0,NE@26.5,33.9,32.0,0.0,0,"Davenport, Davenport, Lincoln County",330029,Davenport,2017-12-11 07:44:25.115001
2014-02-28,21:30,25.0,25.1,11.7,59.2,0.0,NE@25.3,35.0,32.0,0.0,0,"Davenport, Davenport, Lincoln County",330029,Davenport,2017-12-11 07:44:25.115001
2014-02-28,21:45,24.7,24.7,11.5,59.3,0.0,NE@24.3,30.3,32.0,0.0,0,"Davenport, Davenport, Lincoln County",330029,Davenport,2017-12-11 07:44:25.115001
2014-02-28,22:00,24.4,24.5,11.3,59.7,0.0,NE@22.2,31.4,32.0,0.0,0,"Davenport, Davenport, Lincoln County",330029,Davenport,2017-12-11 07:44:25.115001
2014-02-28,22:15,23.9,23.9,10.8,59.8,0.0,NE@22.9,28.6,32.0,0.0,0,"Davenport, Davenport, Lincoln County",330029,Davenport,2017-12-11 07:44:25.115001
2014-02-28,22:30,23.4,23.4,10.1,59.3,0.0,NE@22.8,28.2,32.0,0.0,0,"Davenport, Davenport, Lincoln County",330029,Davenport,2017-12-11 07:44:25.115001
2014-02-28,22:45,22.9,22.9,9.4,59.0,0.0,NE@23.7,30.0,32.0,0.0,0,"Davenport, Davenport, Lincoln County",330029,Davenport,2017-12-11 07:44:25.115001
2014-02-28,23:00,22.6,22.7,9.0,58.7,0.0,NE@24.0,29.3,32.0,0.0,0,"Davenport, Davenport, Lincoln County",330029,Davenport,2017-12-11 07:44:25.115001
2014-02-28,23:15,22.2,22.2,8.8,59.0,0.0,NE@23.8,29.3,32.0,0.0,0,"Davenport, Davenport, Lincoln County",330029,Davenport,2017-12-11 07:44:25.115001
2014-02-28,23:30,22.0,22.0,8.3,58.6,0.0,NE@22.1,30.0,32.0,0.0,0,"Davenport, Davenport, Lincoln County",330029,Davenport,2017-12-11 07:44:25.115001
2014-02-28,23:45,21.6,21.6,6.7,55.5,0.0,NE@24.7,31.8,32.0,0.0,0,"Davenport, Davenport, Lincoln County",330029,Davenport,2017-12-11 07:44:25.115001
2014-02-28,24:00,21.0,21.0,6.0,55.1,0.0,NE@23.8,31.4,32.0,0.0,0,"Davenport, Davenport, Lincoln County",330029,Davenport,2017-12-11 07:44:25.115001
2014-03-01,00:15,20.6,20.6,5.6,55.0,0.0,NE@25.1,33.2,32.0,0.0,0,"Davenport, Davenport, Lincoln County",330029,Davenport,2017-12-11 07:44:25.115001
2014-03-01,00:30,20.2,20.2,4.7,54.0,0.0,NE@25.5,32.5,32.0,0.0,0,"Davenport, Davenport, Lincoln County",330029,Davenport,2017-12-11 07:44:25.115001
2014-03-01,00:45,19.8,19.8,3.7,52.6,0.0,NE@27.3,33.9,32.0,0.0,0,"Davenport, Davenport, Lincoln County",330029,Davenport,2017-12-11 07:44:25.115001
2014-03-01,01:00,19.5,19.5,3.6,53.1,0.0,NE@24.7,34.6,32.0,0.0,0,"Davenport, Davenport, Lincoln County",330029,Davenport,2017-12-11 07:44:25.115001
2014-03-01,01:15,19.0,19.0,3.1,53.0,0.0,NE@24.7,33.2,32.0,0.0,0,"Davenport, Davenport, Lincoln County",330029,Davenport,2017-12-11 07:44:25.115001
2014-03-01,01:30,18.4,18.4,2.3,52.5,0.0,NE@25.8,32.1,32.0,0.0,0,"Davenport, Davenport, Lincoln County",330029,Davenport,2017-12-11 07:44:25.115001
2014-03-01,01:45,18.0,18.0,1.8,52.3,0.0,NE@26.6,34.6,32.0,0.0,0,"Davenport, Davenport, Lincoln County",330029,Davenport,2017-12-11 07:44:25.115001
2014-03-01,02:00,17.6,17.6,1.2,51.9,0.0,NE@26.6,38.6,32.0,0.0,0,"Davenport, Davenport, Lincoln County",330029,Davenport,2017-12-11 07:44:25.115001
2014-03-01,02:15,17.3,17.4,0.3,50.3,0.0,NE@27.2,37.5,32.0,0.0,0,"Davenport, Davenport, Lincoln County",330029,Davenport,2017-12-11 07:44:25.115001
2014-03-01,02:30,17.1,17.1,-0.2,49.9,0.0,NE@27.6,33.9,32.0,0.0,0,"Davenport, Davenport, Lincoln County",330029,Davenport,2017-12-11 07:44:25.115001
2014-03-01,02:45,16.7,16.7,-0.4,50.3,0.0,NE@25.4,33.6,32.0,0.0,0,"Davenport, Davenport, Lincoln County",330029,Davenport,2017-12-11 07:44:25.115001
2014-03-01,03:00,16.3,16.2,-1.2,49.6,0.0,NE@26.3,34.6,32.0,0.0,0,"Davenport, Davenport, Lincoln County",330029,Davenport,2017-12-11 07:44:25.115001
2014-03-01,03:15,16.0,16.0,-1.4,49.6,0.0,NE@24.0,31.4,32.0,0.0,0,"Davenport, Davenport, Lincoln County",330029,Davenport,2017-12-11 07:44:25.115001
2014-03-01,03:30,15.6,15.5,-2.3,48.5,0.0,NE@26.2,32.1,32.0,0.0,0,"Davenport, Davenport, Lincoln County",330029,Davenport,2017-12-11 07:44:25.115001
2014-03-01,03:45,15.4,15.4,-2.1,49.4,0.0,NE@24.5,32.5,32.0,0.0,0,"Davenport, Davenport, Lincoln County",330029,Davenport,2017-12-11 07:44:25.115001
2014-03-01,04:00,15.1,15.1,-2.9,48.3,0.0,NE@26.1,35.0,32.0,0.0,0,"Davenport, Davenport, Lincoln County",330029,Davenport,2017-12-11 07:44:25.115001
2014-03-01,04:15,14.9,14.9,-3.5,47.4,0.0,NE@26.9,32.8,32.0,0.0,0,"Davenport, Davenport, Lincoln County",330029,Davenport,2017-12-11 07:44:25.115001
2014-03-01,04:30,14.6,14.6,-3.7,47.4,0.0,NE@25.8,32.8,32.0,0.0,0,"Davenport, Davenport, Lincoln County",330029,Davenport,2017-12-11 07:44:25.115001
2014-03-01,04:45,14.3,14.4,-4.1,47.1,0.0,NE@25.3,32.8,32.0,0.0,0,"Davenport, Davenport, Lincoln County",330029,Davenport,2017-12-11 07:44:25.115001
2014-03-01,05:00,14.1,14.1,-4.8,46.2,0.0,NE@27.3,35.7,32.0,0.0,0,"Davenport, Davenport, Lincoln County",330029,Davenport,2017-12-11 07:44:25.115001
2014-03-01,05:15,13.9,13.9,-4.9,46.3,0.0,NE@26.1,36.4,32.0,0.0,0,"Davenport, Davenport, Lincoln County",330029,Davenport,2017-12-11 07:44:25.115001
2014-03-01,05:30,13.5,13.5,-5.9,45.2,0.0,NE@28.7,37.1,32.0,0.0,0,"Davenport, Davenport, Lincoln County",330029,Davenport,2017-12-11 07:44:25.115001
2014-03-01,05:45,13.3,13.3,-5.5,46.3,0.0,NE@26.0,32.5,32.0,0.0,0,"Davenport, Davenport, Lincoln County",330029,Davenport,2017-12-11 07:44:25.115001
2014-03-01,06:00,13.2,13.2,-5.5,46.6,0.0,NE@23.9,33.2,32.0,0.0,0,"Davenport, Davenport, Lincoln County",330029,Davenport,2017-12-11 07:44:25.115001
2014-03-01,06:15,13.0,13.0,-5.4,47.2,0.0,NE@21.9,28.6,32.0,0.0,0,"Davenport, Davenport, Lincoln County",330029,Davenport,2017-12-11 07:44:25.115001
2014-03-01,06:30,12.8,12.8,-6.0,46.4,0.0,NE@22.7,30.3,32.0,0.0,0,"Davenport, Davenport, Lincoln County",330029,Davenport,2017-12-11 07:44:25.115001
2014-03-01,06:45,12.7,12.7,-5.9,47.0,0.0,NE@20.9,28.6,32.0,0.0,2,"Davenport, Davenport, Lincoln County",330029,Davenport,2017-12-11 07:44:25.115001
2014-03-01,07:00,12.5,12.5,-6.2,46.6,0.0,NE@20.6,28.6,32.0,0.0,7,"Davenport, Davenport, Lincoln County",330029,Davenport,2017-12-11 07:44:25.115001
2014-03-01,07:15,12.5,12.4,-6.8,45.4,0.0,NE@21.5,27.1,32.0,0.0,14,"Davenport, Davenport, Lincoln County",330029,Davenport,2017-12-11 07:44:25.115001
2014-03-01,07:30,12.5,12.4,-6.6,45.7,0.0,NE@20.8,26.0,32.0,0.0,20,"Davenport, Davenport, Lincoln County",330029,Davenport,2017-12-11 07:44:25.115001
2014-03-01,07:45,12.4,12.3,-7.2,44.9,0.0,NE@22.4,30.3,32.0,0.0,28,"Davenport, Davenport, Lincoln County",330029,Davenport,2017-12-11 07:44:25.115001
2014-03-01,08:00,12.4,12.3,-7.6,44.0,0.0,NE@22.0,28.9,32.0,0.0,48,"Davenport, Davenport, Lincoln County",330029,Davenport,2017-12-11 07:44:25.115001
2014-03-01,08:15,12.5,12.4,-7.9,43.1,0.0,NE@22.3,30.0,32.0,0.0,65,"Davenport, Davenport, Lincoln County",330029,Davenport,2017-12-11 07:44:25.115001
2014-03-01,08:30,12.4,12.3,-8.2,42.6,0.0,NE@22.5,27.5,32.0,0.0,76,"Davenport, Davenport, Lincoln County",330029,Davenport,2017-12-11 07:44:25.115001
2014-03-01,08:45,12.4,12.4,-8.1,42.7,0.0,NE@23.0,28.6,32.0,0.0,88,"Davenport, Davenport, Lincoln County",330029,Davenport,2017-12-11 07:44:25.115001
2014-03-01,09:00,12.6,12.5,-7.6,43.3,0.0,NE@22.1,27.5,32.0,0.0,113,"Davenport, Davenport, Lincoln County",330029,Davenport,2017-12-11 07:44:25.115001
2014-03-01,09:15,12.9,12.8,-7.1,43.8,0.0,NE@22.6,29.6,32.0,0.0,124,"Davenport, Davenport, Lincoln County",330029,Davenport,2017-12-11 07:44:25.115001
2014-03-01,09:30,12.9,12.7,-7.8,42.4,0.0,NE@23.6,31.1,32.0,0.0,133,"Davenport, Davenport, Lincoln County",330029,Davenport,2017-12-11 07:44:25.115001
2014-03-01,09:45,12.8,12.7,-8.3,41.6,0.0,NE@24.2,30.3,32.0,0.0,139,"Davenport, Davenport, Lincoln County",330029,Davenport,2017-12-11 07:44:25.115001
2014-03-01,10:00,13.0,12.9,-8.0,41.7,0.0,NE@23.5,30.0,32.0,0.0,149,"Davenport, Davenport, Lincoln County",330029,Davenport,2017-12-11 07:44:25.115001
2014-03-01,10:15,13.4,13.3,-7.4,42.2,0.0,NE@24.1,30.7,32.0,0.0,165,"Davenport, Davenport, Lincoln County",330029,Davenport,2017-12-11 07:44:25.115001
2014-03-01,10:30,13.6,13.5,-7.5,41.5,0.0,NE@22.1,27.8,32.0,0.0,163,"Davenport, Davenport, Lincoln County",330029,Davenport,2017-12-11 07:44:25.115001
2014-03-01,10:45,13.6,13.4,-7.5,41.6,0.0,NE@22.5,27.8,32.0,0.0,153,"Davenport, Davenport, Lincoln County",330029,Davenport,2017-12-11 07:44:25.115001
2014-03-01,11:00,13.7,13.6,-7.1,42.0,0.0,NE@22.0,27.8,32.0,0.0,148,"Davenport, Davenport, Lincoln County",330029,Davenport,2017-12-11 07:44:25.115001
2014-03-01,11:15,13.7,13.6,-7.3,41.7,0.0,NE@22.0,30.3,32.0,0.0,133,"Davenport, Davenport, Lincoln County",330029,Davenport,2017-12-11 07:44:25.115001
2014-03-01,11:30,14.1,14.0,-6.6,42.2,0.0,NE@20.5,27.5,32.0,0.0,158,"Davenport, Davenport, Lincoln County",330029,Davenport,2017-12-11 07:44:25.115001
2014-03-01,11:45,13.9,13.8,-7.2,41.6,0.0,NE@22.0,28.9,32.0,0.0,151,"Davenport, Davenport, Lincoln County",330029,Davenport,2017-12-11 07:44:25.115001
2014-03-01,12:00,13.9,13.7,-6.9,42.1,0.0,NE@22.1,27.1,32.0,0.0,166,"Davenport, Davenport, Lincoln County",330029,Davenport,2017-12-11 07:44:25.115001
2014-03-01,12:15,14.5,14.3,-6.0,42.9,0.0,NE@21.7,26.8,32.0,0.0,208,"Davenport, Davenport, Lincoln County",330029,Davenport,2017-12-11 07:44:25.115001
2014-03-01,12:30,14.5,14.3,-5.8,43.2,0.0,NE@21.0,27.1,32.0,0.0,180,"Davenport, Davenport, Lincoln County",330029,Davenport,2017-12-11 07:44:25.115001
2014-03-01,12:45,14.4,14.3,-5.7,43.5,0.0,NE@20.7,26.8,31.9,0.0,178,"Davenport, Davenport, Lincoln County",330029,Davenport,2017-12-11 07:44:25.115001
2014-03-01,13:00,14.3,14.2,-5.9,43.4,0.0,NE@21.0,26.0,31.9,0.0,171,"Davenport, Davenport, Lincoln County",330029,Davenport,2017-12-11 07:44:25.115001
2014-03-01,13:15,14.3,14.1,-5.9,43.5,0.0,NE@22.0,27.1,31.9,0.0,167,"Davenport, Davenport, Lincoln County",330029,Davenport,2017-12-11 07:44:25.115001
2014-03-01,13:30,14.3,14.2,-5.4,44.5,0.0,NE@21.5,26.8,31.9,0.0,150,"Davenport, Davenport, Lincoln County",330029,Davenport,2017-12-11 07:44:25.115001
2014-03-01,13:45,14.4,14.2,-5.1,44.9,0.0,NE@21.8,27.8,31.9,0.0,157,"Davenport, Davenport, Lincoln County",330029,Davenport,2017-12-11 07:44:25.115001
2014-03-01,14:00,14.5,14.4,-4.4,46.3,0.0,NE@20.6,26.8,31.9,0.0,158,"Davenport, Davenport, Lincoln County",330029,Davenport,2017-12-11 07:44:25.115001
2014-03-01,14:15,14.3,14.1,-3.5,48.6,0.0,NE@21.1,26.8,31.8,0.0,145,"Davenport, Davenport, Lincoln County",330029,Davenport,2017-12-11 07:44:25.115001
2014-03-01,14:30,14.0,13.9,-2.8,51.0,0.0,NE@22.1,26.8,31.8,0.0,125,"Davenport, Davenport, Lincoln County",330029,Davenport,2017-12-11 07:44:25.115001
2014-03-01,14:45,13.8,13.7,-1.3,55.3,0.0,NE@20.0,25.7,31.8,0.0,106,"Davenport, Davenport, Lincoln County",330029,Davenport,2017-12-11 07:44:25.115001
2014-03-01,15:00,13.9,13.7,-0.3,58.0,0.0,NE@20.9,26.8,31.8,0.0,94,"Davenport, Davenport, Lincoln County",330029,Davenport,2017-12-11 07:44:25.115001
2014-03-01,15:15,13.5,13.3,0.5,61.4,0.0,NE@21.0,27.5,31.8,0.0,73,"Davenport, Davenport, Lincoln County",330029,Davenport,2017-12-11 07:44:25.115001
2014-03-01,15:30,12.9,12.9,0.4,62.6,0.0,NE@21.4,27.5,31.7,0.0,51,"Davenport, Davenport, Lincoln County",330029,Davenport,2017-12-11 07:44:25.115001
2014-03-01,15:45,13.0,12.9,1.0,64.2,0.0,NE@20.7,26.4,31.7,0.0,42,"Davenport, Davenport, Lincoln County",330029,Davenport,2017-12-11 07:44:25.115001
2014-03-01,16:00,12.8,12.7,1.6,66.7,0.0,NE@19.3,24.3,31.7,0.0,36,"Davenport, Davenport, Lincoln County",330029,Davenport,2017-12-11 07:44:25.115001
2014-03-01,16:15,12.8,12.7,2.0,67.9,0.0,NE@19.1,23.9,31.7,0.0,38,"Davenport, Davenport, Lincoln County",330029,Davenport,2017-12-11 07:44:25.115001
2014-03-01,16:30,12.6,12.5,1.9,68.3,0.0,NE@20.0,25.0,31.6,0.0,30,"Davenport, Davenport, Lincoln County",330029,Davenport,2017-12-11 07:44:25.115001
2014-03-01,16:45,12.5,12.4,1.8,68.6,0.0,NE@19.4,23.9,31.6,0.0,20,"Davenport, Davenport, Lincoln County",330029,Davenport,2017-12-11 07:44:25.115001
2014-03-01,17:00,12.3,12.3,2.1,69.7,0.0,NE@18.5,22.8,31.6,0.0,16,"Davenport, Davenport, Lincoln County",330029,Davenport,2017-12-11 07:44:25.115001
2014-03-01,17:15,12.1,12.0,2.5,71.7,0.0,NE@19.2,24.6,31.5,0.0,9,"Davenport, Davenport, Lincoln County",330029,Davenport,2017-12-11 07:44:25.115001
2014-03-01,17:30,11.9,11.9,2.7,73.2,0.0,NE@18.2,24.3,31.5,0.0,4,"Davenport, Davenport, Lincoln County",330029,Davenport,2017-12-11 07:44:25.115001
2014-03-01,17:45,11.8,11.7,2.9,74.5,0.01,NE@19.3,23.5,31.5,0.0,0,"Davenport, Davenport, Lincoln County",330029,Davenport,2017-12-11 07:44:25.115001
2014-03-01,18:00,11.6,11.5,3.4,76.9,0.06,NE@17.8,23.2,31.4,0.0,0,"Davenport, Davenport, Lincoln County",330029,Davenport,2017-12-11 07:44:25.115001
2014-03-01,18:15,11.4,11.4,3.5,77.8,0.06,NE@18.3,24.6,31.4,0.0,0,"Davenport, Davenport, Lincoln County",330029,Davenport,2017-12-11 07:44:25.115001
2014-03-01,18:30,11.3,11.3,3.3,77.4,0.06,NE@19.0,22.8,31.3,0.0,0,"Davenport, Davenport, Lincoln County",330029,Davenport,2017-12-11 07:44:25.115001
2014-03-01,18:45,11.3,11.3,3.4,78.0,0.07,NE@18.5,23.2,31.3,0.0,0,"Davenport, Davenport, Lincoln County",330029,Davenport,2017-12-11 07:44:25.115001
2014-03-01,19:00,11.2,11.2,3.4,78.1,0.06,NE@19.1,25.0,31.2,0.0,0,"Davenport, Davenport, Lincoln County",330029,Davenport,2017-12-11 07:44:25.115001
2014-03-01,19:15,11.3,11.2,3.5,78.3,0.07,NE@18.8,23.9,31.2,0.0,0,"Davenport, Davenport, Lincoln County",330029,Davenport,2017-12-11 07:44:25.115001
2014-03-01,19:30,11.2,11.1,3.4,78.3,0.07,NE@19.2,23.9,31.2,0.0,0,"Davenport, Davenport, Lincoln County",330029,Davenport,2017-12-11 07:44:25.115001
2014-03-01,19:45,11.1,11.1,3.4,78.5,0.07,NE@19.7,25.3,31.1,0.0,0,"Davenport, Davenport, Lincoln County",330029,Davenport,2017-12-11 07:44:25.115001
2014-03-01,20:00,11.1,11.0,3.4,78.8,0.07,NE@19.3,24.6,31.1,0.0,0,"Davenport, Davenport, Lincoln County",330029,Davenport,2017-12-11 07:44:25.115001
2014-03-01,20:15,11.1,11.0,3.5,79.3,0.07,NE@19.4,25.3,31.0,0.0,0,"Davenport, Davenport, Lincoln County",330029,Davenport,2017-12-11 07:44:25.115001
2014-03-01,20:30,11.0,11.0,3.5,79.4,0.07,NE@19.5,25.0,31.0,0.0,0,"Davenport, Davenport, Lincoln County",330029,Davenport,2017-12-11 07:44:25.115001
2014-03-01,20:45,11.2,11.2,3.8,80.0,0.08,NE@18.0,22.8,30.9,0.0,0,"Davenport, Davenport, Lincoln County",330029,Davenport,2017-12-11 07:44:25.115001
2014-03-01,21:00,11.3,11.2,4.0,80.3,0.08,NE@16.6,21.8,30.9,0.0,0,"Davenport, Davenport, Lincoln County",330029,Davenport,2017-12-11 07:44:25.115001
2014-03-01,21:15,11.3,11.3,3.9,79.8,0.07,NE@17.4,23.5,30.9,0.0,0,"Davenport, Davenport, Lincoln County",330029,Davenport,2017-12-11 07:44:25.115001
2014-03-01,21:30,11.3,11.3,3.6,78.7,0.07,NE@18.1,22.1,30.8,0.0,0,"Davenport, Davenport, Lincoln County",330029,Davenport,2017-12-11 07:44:25.115001
2014-03-01,21:45,11.3,11.2,4.0,80.2,0.08,NE@16.9,21.0,30.8,0.0,0,"Davenport, Davenport, Lincoln County",330029,Davenport,2017-12-11 07:44:25.115001
2014-03-01,22:00,11.2,11.1,4.1,81.0,0.09,NE@17.4,22.5,30.7,0.0,0,"Davenport, Davenport, Lincoln County",330029,Davenport,2017-12-11 07:44:25.115001
2014-03-01,22:15,11.2,11.2,4.3,81.5,0.09,NE@16.0,20.7,30.7,0.0,0,"Davenport, Davenport, Lincoln County",330029,Davenport,2017-12-11 07:44:25.115001
2014-03-01,22:30,11.2,11.2,4.3,81.5,0.09,NE@16.1,20.3,30.7,0.0,0,"Davenport, Davenport, Lincoln County",330029,Davenport,2017-12-11 07:44:25.115001
2014-03-01,22:45,11.2,11.2,4.2,81.2,0.09,NE@17.1,21.4,30.6,0.0,0,"Davenport, Davenport, Lincoln County",330029,Davenport,2017-12-11 07:44:25.115001
2014-03-01,23:00,11.3,11.3,4.2,81.0,0.09,NE@16.9,20.7,30.6,0.0,0,"Davenport, Davenport, Lincoln County",330029,Davenport,2017-12-11 07:44:25.115001
2014-03-01,23:15,11.3,11.2,4.2,81.0,0.09,NE@17.3,21.4,30.5,0.0,0,"Davenport, Davenport, Lincoln County",330029,Davenport,2017-12-11 07:44:25.115001
2014-03-01,23:30,11.3,11.3,4.2,80.7,0.08,NE@17.3,22.8,30.5,0.0,0,"Davenport, Davenport, Lincoln County",330029,Davenport,2017-12-11 07:44:25.115001
2014-03-01,23:45,11.4,11.4,4.1,80.3,0.08,NE@16.1,20.7,30.5,0.0,0,"Davenport, Davenport, Lincoln County",330029,Davenport,2017-12-11 07:44:25.115001
2014-03-01,24:00,11.3,11.3,4.1,80.3,0.08,NE@16.1,20.7,30.4,0.0,0,"Davenport, Davenport, Lincoln County",330029,Davenport,2017-12-11 07:44:25.115001
2014-03-02,00:15,11.4,11.4,4.2,80.5,0.08,NE@15.6,20.0,30.4,0.0,0,"Davenport, Davenport, Lincoln County",330029,Davenport,2017-12-11 07:44:25.115001
2014-03-02,00:30,11.4,11.4,4.2,80.4,0.08,NE@14.9,18.5,30.4,0.0,0,"Davenport, Davenport, Lincoln County",330029,Davenport,2017-12-11 07:44:25.115001
2014-03-02,00:45,11.4,11.4,4.2,80.3,0.08,NE@15.1,18.5,30.3,0.0,0,"Davenport, Davenport, Lincoln County",330029,Davenport,2017-12-11 07:44:25.115001
2014-03-02,01:00,11.5,11.5,4.2,80.0,0.08,NE@15.2,18.9,30.3,0.0,0,"Davenport, Davenport, Lincoln County",330029,Davenport,2017-12-11 07:44:25.115001
2014-03-02,01:15,11.6,11.5,4.3,80.1,0.08,NE@15.8,19.6,30.3,0.0,0,"Davenport, Davenport, Lincoln County",330029,Davenport,2017-12-11 07:44:25.115001
2014-03-02,01:30,11.6,11.5,4.3,80.3,0.08,NE@16.1,20.3,30.2,0.0,0,"Davenport, Davenport, Lincoln County",330029,Davenport,2017-12-11 07:44:25.115001
2014-03-02,01:45,11.6,11.6,4.2,79.9,0.08,NE@16.3,20.0,30.2,0.0,0,"Davenport, Davenport, Lincoln County",330029,Davenport,2017-12-11 07:44:25.115001
2014-03-02,02:00,11.7,11.7,4.3,79.8,0.08,NE@15.6,19.6,30.2,0.0,0,"Davenport, Davenport, Lincoln County",330029,Davenport,2017-12-11 07:44:25.115001
2014-03-02,02:15,11.7,11.7,4.3,79.7,0.08,NE@15.0,19.2,30.1,0.0,0,"Davenport, Davenport, Lincoln County",330029,Davenport,2017-12-11 07:44:25.115001
2014-03-02,02:30,11.7,11.7,4.3,79.5,0.08,NE@15.4,19.6,30.1,0.0,0,"Davenport, Davenport, Lincoln County",330029,Davenport,2017-12-11 07:44:25.115001
2014-03-02,02:45,11.8,11.8,4.4,79.6,0.08,NE@15.4,18.9,30.1,0.0,0,"Davenport, Davenport, Lincoln County",330029,Davenport,2017-12-11 07:44:25.115001
2014-03-02,03:00,11.8,11.7,4.3,79.5,0.08,NE@16.2,20.7,30.0,0.0,0,"Davenport, Davenport, Lincoln County",330029,Davenport,2017-12-11 07:44:25.115001
2014-03-02,03:15,11.8,11.8,4.3,79.5,0.08,NE@16.9,20.7,30.0,0.0,0,"Davenport, Davenport, Lincoln County",330029,Davenport,2017-12-11 07:44:25.115001
2014-03-02,03:30,11.8,11.8,4.3,79.2,0.08,NE@16.4,20.3,30.0,0.0,0,"Davenport, Davenport, Lincoln County",330029,Davenport,2017-12-11 07:44:25.115001
2014-03-02,03:45,11.8,11.8,4.2,78.8,0.07,NE@16.7,21.8,30.0,0.0,0,"Davenport, Davenport, Lincoln County",330029,Davenport,2017-12-11 07:44:25.115001
2014-03-02,04:00,11.8,11.8,4.2,79.0,0.07,NE@16.8,21.0,29.9,0.0,0,"Davenport, Davenport, Lincoln County",330029,Davenport,2017-12-11 07:44:25.115001
2014-03-02,04:15,11.8,11.8,4.5,79.8,0.08,NE@16.4,20.7,29.9,0.0,0,"Davenport, Davenport, Lincoln County",330029,Davenport,2017-12-11 07:44:25.115001
2014-03-02,04:30,11.8,11.7,4.4,79.9,0.08,NE@16.3,20.0,29.9,0.0,0,"Davenport, Davenport, Lincoln County",330029,Davenport,2017-12-11 07:44:25.115001
2014-03-02,04:45,11.7,11.7,4.4,79.9,0.08,NE@16.3,19.6,29.9,0.0,0,"Davenport, Davenport, Lincoln County",330029,Davenport,2017-12-11 07:44:25.115001
2014-03-02,05:00,11.9,11.9,4.6,80.2,0.08,NE@14.5,18.9,29.8,0.0,0,"Davenport, Davenport, Lincoln County",330029,Davenport,2017-12-11 07:44:25.115001
2014-03-02,05:15,11.9,11.9,4.6,79.8,0.08,NE@16.6,20.7,29.8,0.0,0,"Davenport, Davenport, Lincoln County",330029,Davenport,2017-12-11 07:44:25.115001
2014-03-02,05:30,11.9,11.9,4.5,79.6,0.08,NE@16.4,20.3,29.8,0.0,0,"Davenport, Davenport, Lincoln County",330029,Davenport,2017-12-11 07:44:25.115001
2014-03-02,05:45,11.9,11.8,4.5,79.8,0.08,NE@16.4,19.6,29.8,0.0,0,"Davenport, Davenport, Lincoln County",330029,Davenport,2017-12-11 07:44:25.115001
2014-03-02,06:00,11.9,11.9,4.5,79.7,0.08,NE@16.0,20.0,29.7,0.0,0,"Davenport, Davenport, Lincoln County",330029,Davenport,2017-12-11 07:44:25.115001
2014-03-02,06:15,12.0,12.0,4.4,79.0,0.07,NE@15.5,18.9,29.7,0.0,0,"Davenport, Davenport, Lincoln County",330029,Davenport,2017-12-11 07:44:25.115001
2014-03-02,06:30,12.1,12.1,4.6,79.1,0.08,NE@15.0,19.2,29.7,0.0,0,"Davenport, Davenport, Lincoln County",330029,Davenport,2017-12-11 07:44:25.115001
2014-03-02,06:45,12.2,12.2,4.7,79.0,0.07,NE@14.9,18.9,29.7,0.0,1,"Davenport, Davenport, Lincoln County",330029,Davenport,2017-12-11 07:44:25.115001
2014-03-02,07:00,12.3,12.2,4.6,78.5,0.07,NE@16.0,20.3,29.6,0.0,6,"Davenport, Davenport, Lincoln County",330029,Davenport,2017-12-11 07:44:25.115001
2014-03-02,07:15,12.4,12.3,4.5,77.9,0.07,NE@15.4,19.2,29.6,0.0,11,"Davenport, Davenport, Lincoln County",330029,Davenport,2017-12-11 07:44:25.115001
2014-03-02,07:30,12.5,12.5,4.5,77.2,0.06,NE@16.3,21.4,29.6,0.0,20,"Davenport, Davenport, Lincoln County",330029,Davenport,2017-12-11 07:44:25.115001
2014-03-02,07:45,12.6,12.6,4.4,76.6,0.06,NE@16.5,20.7,29.6,0.0,33,"Davenport, Davenport, Lincoln County",330029,Davenport,2017-12-11 07:44:25.115001
2014-03-02,08:00,12.9,12.8,4.4,75.7,0.06,NE@14.7,18.9,29.6,0.0,33,"Davenport, Davenport, Lincoln County",330029,Davenport,2017-12-11 07:44:25.115001
2014-03-02,08:15,13.0,13.0,4.4,75.0,0.05,NE@15.1,19.2,29.5,0.0,40,"Davenport, Davenport, Lincoln County",330029,Davenport,2017-12-11 07:44:25.115001
2014-03-02,08:30,13.3,13.2,4.4,74.4,0.03,NE@15.1,18.5,29.5,0.0,51,"Davenport, Davenport, Lincoln County",330029,Davenport,2017-12-11 07:44:25.115001
2014-03-02,08:45,13.4,13.3,4.8,75.0,0.04,NE@16.3,20.3,29.5,0.0,96,"Davenport, Davenport, Lincoln County",330029,Davenport,2017-12-11 07:44:25.115001
2014-03-02,09:00,13.7,13.6,5.8,77.4,0.06,NE@14.3,18.2,29.5,0.0,103,"Davenport, Davenport, Lincoln County",330029,Davenport,2017-12-11 07:44:25.115001
2014-03-02,09:15,14.1,13.9,6.3,78.0,0.06,NE@16.2,19.6,29.5,0.0,150,"Davenport, Davenport, Lincoln County",330029,Davenport,2017-12-11 07:44:25.115001
2014-03-02,09:30,14.5,14.3,6.8,77.9,0.06,NE@16.5,21.8,29.5,0.0,192,"Davenport, Davenport, Lincoln County",330029,Davenport,2017-12-11 07:44:25.115001
2014-03-02,09:45,15.0,14.7,7.1,77.5,0.06,NE@16.0,19.2,29.4,0.0,168,"Davenport, Davenport, Lincoln County",330029,Davenport,2017-12-11 07:44:25.115001
2014-03-02,10:00,15.2,15.0,7.3,76.9,0.06,NE@14.5,17.8,29.4,0.0,148,"Davenport, Davenport, Lincoln County",330029,Davenport,2017-12-11 07:44:25.115001
2014-03-02,10:15,15.4,15.2,7.4,76.6,0.05,NE@15.0,19.6,29.4,0.0,154,"Davenport, Davenport, Lincoln County",330029,Davenport,2017-12-11 07:44:25.115001
2014-03-02,10:30,15.8,15.6,7.9,77.0,0.06,NE@15.8,20.0,29.4,0.0,176,"Davenport, Davenport, Lincoln County",330029,Davenport,2017-12-11 07:44:25.115001
2014-03-02,10:45,16.1,15.9,8.4,77.5,0.06,NE@15.7,20.0,29.4,0.0,160,"Davenport, Davenport, Lincoln County",330029,Davenport,2017-12-11 07:44:25.115001
2014-03-02,11:00,16.2,16.0,8.5,77.6,0.06,NE@16.0,20.0,29.4,0.0,163,"Davenport, Davenport, Lincoln County",330029,Davenport,2017-12-11 07:44:25.115001
2014-03-02,11:15,16.4,16.2,9.1,78.7,0.06,NE@15.7,19.2,29.4,0.0,164,"Davenport, Davenport, Lincoln County",330029,Davenport,2017-12-11 07:44:25.115001
2014-03-02,11:30,16.6,16.5,9.5,79.6,0.07,NE@14.4,17.5,29.4,0.0,157,"Davenport, Davenport, Lincoln County",330029,Davenport,2017-12-11 07:44:25.115001
2014-03-02,11:45,16.8,16.5,10.0,81.0,0.08,NE@14.0,17.5,29.5,0.0,171,"Davenport, Davenport, Lincoln County",330029,Davenport,2017-12-11 07:44:25.115001
2014-03-02,12:00,16.8,16.6,10.5,82.4,0.08,NE@13.7,17.1,29.5,0.0,177,"Davenport, Davenport, Lincoln County",330029,Davenport,2017-12-11 07:44:25.115001
2014-03-02,12:15,16.7,16.5,10.6,83.2,0.09,NE@14.3,17.8,29.5,0.0,161,"Davenport, Davenport, Lincoln County",330029,Davenport,2017-12-11 07:44:25.115001
2014-03-02,12:30,17.0,16.8,11.1,83.9,0.09,NE@14.2,17.1,29.5,0.0,167,"Davenport, Davenport, Lincoln County",330029,Davenport,2017-12-11 07:44:25.115001
2014-03-02,12:45,17.4,17.1,11.4,83.8,0.09,NE@14.7,19.6,29.5,0.0,173,"Davenport, Davenport, Lincoln County",330029,Davenport,2017-12-11 07:44:25.115001
2014-03-02,13:00,17.1,16.9,11.2,83.9,0.09,NE@15.2,18.9,29.5,0.0,143,"Davenport, Davenport, Lincoln County",330029,Davenport,2017-12-11 07:44:25.115001
2014-03-02,13:15,17.2,17.0,11.4,84.5,0.1,NE@13.6,16.4,29.5,0.0,141,"Davenport, Davenport, Lincoln County",330029,Davenport,2017-12-11 07:44:25.115001
2014-03-02,13:30,17.7,17.4,12.1,85.0,0.1,NE@13.6,17.8,29.6,0.0,162,"Davenport, Davenport, Lincoln County",330029,Davenport,2017-12-11 07:44:25.115001
2014-03-02,13:45,17.5,17.2,11.9,84.9,0.1,NE@15.0,17.8,29.6,0.0,158,"Davenport, Davenport, Lincoln County",330029,Davenport,2017-12-11 07:44:25.115001
2014-03-02,14:00,17.6,17.3,12.0,84.9,0.1,NE@14.7,18.5,29.6,0.0,177,"Davenport, Davenport, Lincoln County",330029,Davenport,2017-12-11 07:44:25.115001
2014-03-02,14:15,17.8,17.6,12.2,84.8,0.1,NE@14.7,18.2,29.6,0.0,174,"Davenport, Davenport, Lincoln County",330029,Davenport,2017-12-11 07:44:25.115001
2014-03-02,14:30,18.1,17.8,12.6,85.1,0.1,NE@14.5,17.8,29.6,0.0,178,"Davenport, Davenport, Lincoln County",330029,Davenport,2017-12-11 07:44:25.115001
2014-03-02,14:45,18.2,18.0,12.8,85.4,0.11,NE@13.5,16.7,29.7,0.0,165,"Davenport, Davenport, Lincoln County",330029,Davenport,2017-12-11 07:44:25.115001
2014-03-02,15:00,18.1,17.9,12.8,85.7,0.11,NE@14.3,17.8,29.7,0.0,135,"Davenport, Davenport, Lincoln County",330029,Davenport,2017-12-11 07:44:25.115001
2014-03-02,15:15,18.2,18.0,12.9,85.8,0.11,NE@14.4,17.5,29.7,0.0,132,"Davenport, Davenport, Lincoln County",330029,Davenport,2017-12-11 07:44:25.115001
2014-03-02,15:30,18.4,18.2,13.1,85.7,0.11,NE@14.1,18.2,29.7,0.0,132,"Davenport, Davenport, Lincoln County",330029,Davenport,2017-12-11 07:44:25.115001
2014-03-02,15:45,18.4,18.3,13.1,85.6,0.11,NE@13.8,16.7,29.7,0.0,100,"Davenport, Davenport, Lincoln County",330029,Davenport,2017-12-11 07:44:25.115001
2014-03-02,16:00,18.5,18.4,13.3,86.1,0.12,NE@12.9,16.0,29.8,0.0,90,"Davenport, Davenport, Lincoln County",330029,Davenport,2017-12-11 07:44:25.115001
2014-03-02,16:15,18.3,18.2,13.3,86.7,0.13,NE@13.3,17.5,29.8,0.0,58,"Davenport, Davenport, Lincoln County",330029,Davenport,2017-12-11 07:44:25.115001
2014-03-02,16:30,18.4,18.3,13.6,87.8,0.14,NE@12.2,16.4,29.8,0.0,61,"Davenport, Davenport, Lincoln County",330029,Davenport,2017-12-11 07:44:25.115001
2014-03-02,16:45,18.4,18.3,13.6,87.8,0.14,NE@12.7,15.3,29.8,0.0,35,"Davenport, Davenport, Lincoln County",330029,Davenport,2017-12-11 07:44:25.115001
2014-03-02,17:00,18.3,18.3,13.6,87.9,0.15,NE@10.9,13.9,29.8,0.0,24,"Davenport, Davenport, Lincoln County",330029,Davenport,2017-12-11 07:44:25.115001
2014-03-02,17:15,18.3,18.2,13.7,88.3,0.16,NE@11.6,15.0,29.9,0.0,33,"Davenport, Davenport, Lincoln County",330029,Davenport,2017-12-11 07:44:25.115001
2014-03-02,17:30,18.4,18.3,13.7,88.3,0.16,NE@11.2,13.2,29.9,0.0,19,"Davenport, Davenport, Lincoln County",330029,Davenport,2017-12-11 07:44:25.115001
2014-03-02,17:45,18.4,18.3,13.8,88.5,0.16,NE@9.9,12.1,29.9,0.0,4,"Davenport, Davenport, Lincoln County",330029,Davenport,2017-12-11 07:44:25.115001
2014-03-02,18:00,18.4,18.4,13.8,88.6,0.17,NE@9.7,12.1,29.9,0.0,0,"Davenport, Davenport, Lincoln County",330029,Davenport,2017-12-11 07:44:25.115001
2014-03-02,18:15,18.5,18.5,13.9,88.6,0.17,NE@10.1,12.4,29.9,0.0,0,"Davenport, Davenport, Lincoln County",330029,Davenport,2017-12-11 07:44:25.115001
2014-03-02,18:30,18.6,18.6,14.0,88.6,0.17,NE@11.3,14.6,29.9,0.0,0,"Davenport, Davenport, Lincoln County",330029,Davenport,2017-12-11 07:44:25.115001
2014-03-02,18:45,18.5,18.4,13.9,88.4,0.17,NE@10.8,14.2,29.9,0.0,0,"Davenport, Davenport, Lincoln County",330029,Davenport,2017-12-11 07:44:25.115001
2014-03-02,19:00,18.5,18.5,13.9,88.3,0.17,NE@12.5,16.4,30.0,0.0,0,"Davenport, Davenport, Lincoln County",330029,Davenport,2017-12-11 07:44:25.115001
2014-03-02,19:15,18.5,18.4,13.8,88.3,0.17,NE@12.4,15.3,30.0,0.0,0,"Davenport, Davenport, Lincoln County",330029,Davenport,2017-12-11 07:44:25.115001
2014-03-02,19:30,18.5,18.5,13.9,88.2,0.19,NE@11.1,13.9,30.0,0.0,0,"Davenport, Davenport, Lincoln County",330029,Davenport,2017-12-11 07:44:25.115001
2014-03-02,19:45,18.6,18.6,13.9,88.0,0.2,NE@10.1,12.8,30.0,0.0,0,"Davenport, Davenport, Lincoln County",330029,Davenport,2017-12-11 07:44:25.115001
2014-03-02,20:00,18.6,18.6,13.9,87.7,0.18,E@9.4,11.4,30.0,0.0,0,"Davenport, Davenport, Lincoln County",330029,Davenport,2017-12-11 07:44:25.115001
2014-03-02,20:15,18.5,18.5,13.6,87.0,0.16,E@9.4,11.0,30.0,0.0,0,"Davenport, Davenport, Lincoln County",330029,Davenport,2017-12-11 07:44:25.115001
2014-03-02,20:30,18.5,18.4,13.5,87.2,0.16,E@8.7,11.4,30.0,0.0,0,"Davenport, Davenport, Lincoln County",330029,Davenport,2017-12-11 07:44:25.115001
2014-03-02,20:45,18.3,18.3,13.4,87.4,0.16,E@9.5,11.0,30.0,0.0,0,"Davenport, Davenport, Lincoln County",330029,Davenport,2017-12-11 07:44:25.115001
2014-03-02,21:00,18.2,18.2,13.5,88.0,0.18,E@9.9,12.8,30.1,0.0,0,"Davenport, Davenport, Lincoln County",330029,Davenport,2017-12-11 07:44:25.115001
2014-03-02,21:15,18.1,18.1,13.8,89.6,0.22,E@9.7,11.7,30.1,0.0,0,"Davenport, Davenport, Lincoln County",330029,Davenport,2017-12-11 07:44:25.115001
2014-03-02,21:30,18.2,18.2,14.1,90.4,0.24,NE@9.9,12.1,30.1,0.0,0,"Davenport, Davenport, Lincoln County",330029,Davenport,2017-12-11 07:44:25.115001
2014-03-02,21:45,18.5,18.4,14.4,90.6,0.23,E@10.6,12.8,30.1,0.0,0,"Davenport, Davenport, Lincoln County",330029,Davenport,2017-12-11 07:44:25.115001
2014-03-02,22:00,18.7,18.7,14.7,90.6,0.23,E@10.5,13.5,30.1,0.0,0,"Davenport, Davenport, Lincoln County",330029,Davenport,2017-12-11 07:44:25.115001
2014-03-02,22:15,18.7,18.7,14.6,90.3,0.22,E@10.6,12.8,30.1,0.0,0,"Davenport, Davenport, Lincoln County",330029,Davenport,2017-12-11 07:44:25.115001
2014-03-02,22:30,18.7,18.6,14.4,89.8,0.2,E@9.9,12.1,30.1,0.0,0,"Davenport, Davenport, Lincoln County",330029,Davenport,2017-12-11 07:44:25.115001
2014-03-02,22:45,18.7,18.7,14.4,89.5,0.2,E@10.1,12.1,30.1,0.0,0,"Davenport, Davenport, Lincoln County",330029,Davenport,2017-12-11 07:44:25.115001
2014-03-02,23:00,18.7,18.7,14.3,89.1,0.19,E@9.2,11.7,30.1,0.0,0,"Davenport, Davenport, Lincoln County",330029,Davenport,2017-12-11 07:44:25.115001
2014-03-02,23:15,18.8,18.8,14.4,89.2,0.19,E@7.4,8.9,30.1,0.0,0,"Davenport, Davenport, Lincoln County",330029,Davenport,2017-12-11 07:44:25.115001
2014-03-02,23:30,18.9,18.9,14.5,89.2,0.2,E@7.2,8.9,30.1,0.0,0,"Davenport, Davenport, Lincoln County",330029,Davenport,2017-12-11 07:44:25.115001
2014-03-02,23:45,19.0,19.0,14.8,90.1,0.23,E@6.5,8.5,30.2,0.0,0,"Davenport, Davenport, Lincoln County",330029,Davenport,2017-12-11 07:44:25.115001
2014-03-02,24:00,19.2,19.2,15.5,92.1,0.28,E@6.5,7.8,30.2,0.0,0,"Davenport, Davenport, Lincoln County",330029,Davenport,2017-12-11 07:44:25.115001
2014-03-03,00:15,19.2,19.2,15.7,92.5,0.32,NE@5.8,7.1,30.2,0.0,0,"Davenport, Davenport, Lincoln County",330029,Davenport,2017-12-11 07:44:25.115001
2014-03-03,00:30,19.4,19.4,15.9,92.7,0.37,E@6.0,8.2,30.2,0.0,0,"Davenport, Davenport, Lincoln County",330029,Davenport,2017-12-11 07:44:25.115001
2014-03-03,00:45,19.5,19.5,16.0,92.7,0.37,NE@5.9,7.4,30.2,0.0,0,"Davenport, Davenport, Lincoln County",330029,Davenport,2017-12-11 07:44:25.115001
2014-03-03,01:00,19.7,19.7,16.3,92.8,0.38,NE@5.2,6.4,30.2,0.0,0,"Davenport, Davenport, Lincoln County",330029,Davenport,2017-12-11 07:44:25.115001
2014-03-03,01:15,20.0,20.0,16.6,92.9,0.39,E@4.9,6.0,30.2,0.0,0,"Davenport, Davenport, Lincoln County",330029,Davenport,2017-12-11 07:44:25.115001
2014-03-03,01:30,20.3,20.3,17.0,93.1,0.4,E@4.7,6.4,30.2,0.0,0,"Davenport, Davenport, Lincoln County",330029,Davenport,2017-12-11 07:44:25.115001
2014-03-03,01:45,20.9,20.9,17.8,93.4,0.42,E@4.1,5.7,30.2,0.0,0,"Davenport, Davenport, Lincoln County",330029,Davenport,2017-12-11 07:44:25.115001
2014-03-03,02:00,20.7,20.7,17.6,93.3,0.42,E@3.8,5.7,30.2,0.0,0,"Davenport, Davenport, Lincoln County",330029,Davenport,2017-12-11 07:44:25.115001
2014-03-03,02:15,22.2,22.4,19.4,94.4,0.47,S@5.6,8.9,30.2,0.0,0,"Davenport, Davenport, Lincoln County",330029,Davenport,2017-12-11 07:44:25.115001
2014-03-03,02:30,22.9,22.9,20.3,94.7,0.49,SW@6.5,8.9,30.2,0.0,0,"Davenport, Davenport, Lincoln County",330029,Davenport,2017-12-11 07:44:25.115001
2014-03-03,02:45,22.8,22.8,20.2,94.7,0.49,SW@6.7,8.9,30.2,0.0,0,"Davenport, Davenport, Lincoln County",330029,Davenport,2017-12-11 07:44:25.115001
2014-03-03,03:00,22.6,22.6,19.9,94.6,0.48,SW@7.5,10.3,30.3,0.0,0,"Davenport, Davenport, Lincoln County",330029,Davenport,2017-12-11 07:44:25.115001
2014-03-03,03:15,22.4,22.4,19.7,94.6,0.47,SW@6.9,9.2,30.3,0.0,0,"Davenport, Davenport, Lincoln County",330029,Davenport,2017-12-11 07:44:25.115001
2014-03-03,03:30,22.2,22.2,19.4,94.5,0.46,SW@5.9,7.4,30.3,0.0,0,"Davenport, Davenport, Lincoln County",330029,Davenport,2017-12-11 07:44:25.115001
2014-03-03,03:45,22.0,22.1,19.3,94.4,0.46,SW@4.7,6.4,30.3,0.0,0,"Davenport, Davenport, Lincoln County",330029,Davenport,2017-12-11 07:44:25.115001
2014-03-03,04:00,22.0,22.0,19.2,94.4,0.46,SW@4.5,6.0,30.3,0.0,0,"Davenport, Davenport, Lincoln County",330029,Davenport,2017-12-11 07:44:25.115001
2014-03-03,04:15,22.0,22.0,19.2,94.3,0.46,SW@4.1,5.3,30.3,0.0,0,"Davenport, Davenport, Lincoln County",330029,Davenport,2017-12-11 07:44:25.115001
2014-03-03,04:30,22.0,22.0,19.2,94.3,0.45,SW@3.4,4.6,30.3,0.0,0,"Davenport, Davenport, Lincoln County",330029,Davenport,2017-12-11 07:44:25.115001
2014-03-03,04:45,22.0,22.0,19.2,94.3,0.46,W@0.9,2.8,30.3,0.0,0,"Davenport, Davenport, Lincoln County",330029,Davenport,2017-12-11 07:44:25.115001
2014-03-03,05:00,22.1,22.0,19.4,94.3,0.46,N@0.0,0.0,30.3,0.0,0,"Davenport, Davenport, Lincoln County",330029,Davenport,2017-12-11 07:44:25.115001
2014-03-03,05:15,22.1,22.0,19.3,94.3,0.46,E@1.5,2.8,30.3,0.0,0,"Davenport, Davenport, Lincoln County",330029,Davenport,2017-12-11 07:44:25.115001
2014-03-03,05:30,22.1,22.1,19.3,94.3,0.46,NE@3.5,5.3,30.3,0.0,0,"Davenport, Davenport, Lincoln County",330029,Davenport,2017-12-11 07:44:25.115001
2014-03-03,05:45,22.1,22.2,19.4,94.4,0.46,NE@4.7,6.4,30.4,0.0,0,"Davenport, Davenport, Lincoln County",330029,Davenport,2017-12-11 07:44:25.115001
2014-03-03,06:00,22.2,22.3,19.5,94.5,0.47,NE@5.5,7.4,30.4,0.0,0,"Davenport, Davenport, Lincoln County",330029,Davenport,2017-12-11 07:44:25.115001
2014-03-03,06:15,21.6,21.5,18.7,94.1,0.44,NE@6.7,8.9,30.4,0.0,0,"Davenport, Davenport, Lincoln County",330029,Davenport,2017-12-11 07:44:25.115001
2014-03-03,06:30,21.3,21.3,18.4,94.1,0.44,NE@6.3,7.4,30.4,0.0,1,"Davenport, Davenport, Lincoln County",330029,Davenport,2017-12-11 07:44:25.115001
2014-03-03,06:45,21.6,21.7,18.8,94.2,0.45,NE@6.5,7.8,30.4,0.0,5,"Davenport, Davenport, Lincoln County",330029,Davenport,2017-12-11 07:44:25.115001
2014-03-03,07:00,22.0,22.0,19.2,94.4,0.46,NE@6.8,8.9,30.4,0.0,19,"Davenport, Davenport, Lincoln County",330029,Davenport,2017-12-11 07:44:25.115001
2014-03-03,07:15,21.9,21.8,19.1,94.2,0.46,NE@7.4,9.2,30.4,0.0,34,"Davenport, Davenport, Lincoln County",330029,Davenport,2017-12-11 07:44:25.115001
2014-03-03,07:30,22.2,22.1,19.4,94.4,0.48,NE@6.8,8.5,30.4,0.0,64,"Davenport, Davenport, Lincoln County",330029,Davenport,2017-12-11 07:44:25.115001
2014-03-03,07:45,22.6,22.6,19.9,94.5,0.5,NE@6.4,7.4,30.4,0.0,81,"Davenport, Davenport, Lincoln County",330029,Davenport,2017-12-11 07:44:25.115001
2014-03-03,08:00,23.2,23.1,20.6,94.8,0.53,NE@6.0,7.4,30.4,0.0,105,"Davenport, Davenport, Lincoln County",330029,Davenport,2017-12-11 07:44:25.115001
2014-03-03,08:15,24.1,24.0,21.8,95.2,0.57,NE@6.2,7.8,30.4,0.0,128,"Davenport, Davenport, Lincoln County",330029,Davenport,2017-12-11 07:44:25.115001
2014-03-03,08:30,24.5,24.4,22.3,95.4,0.58,NE@5.9,7.4,30.5,0.0,132,"Davenport, Davenport, Lincoln County",330029,Davenport,2017-12-11 07:44:25.115001
2014-03-03,08:45,24.0,23.8,21.6,95.2,0.56,NE@6.1,7.8,30.4,0.0,144,"Davenport, Davenport, Lincoln County",330029,Davenport,2017-12-11 07:44:25.115001
2014-03-03,09:00,23.9,23.7,21.5,95.1,0.56,NE@6.3,7.4,30.5,0.0,150,"Davenport, Davenport, Lincoln County",330029,Davenport,2017-12-11 07:44:25.115001
2014-03-03,09:15,23.9,23.8,21.6,95.3,0.57,NE@6.4,7.8,30.5,0.0,150,"Davenport, Davenport, Lincoln County",330029,Davenport,2017-12-11 07:44:25.115001
2014-03-03,09:30,24.2,24.0,21.9,95.4,0.57,NE@6.2,7.8,30.5,0.0,133,"Davenport, Davenport, Lincoln County",330029,Davenport,2017-12-11 07:44:25.115001
2014-03-03,09:45,24.2,24.0,21.9,95.5,0.57,NE@8.6,11.0,30.5,0.0,115,"Davenport, Davenport, Lincoln County",330029,Davenport,2017-12-11 07:44:25.115001
2014-03-03,10:00,24.1,24.0,21.9,95.6,0.56,NE@10.8,13.2,30.5,0.0,61,"Davenport, Davenport, Lincoln County",330029,Davenport,2017-12-11 07:44:25.115001
2014-03-03,10:15,24.2,24.2,22.0,95.6,0.58,NE@10.3,12.8,30.5,0.0,76,"Davenport, Davenport, Lincoln County",330029,Davenport,2017-12-11 07:44:25.115001
2014-03-03,10:30,24.6,24.4,22.4,95.6,0.61,NE@12.1,17.1,30.5,0.0,142,"Davenport, Davenport, Lincoln County",330029,Davenport,2017-12-11 07:44:25.115001
2014-03-03,10:45,25.5,25.1,23.3,95.4,0.74,NE@14.1,16.0,30.5,0.0,252,"Davenport, Davenport, Lincoln County",330029,Davenport,2017-12-11 07:44:25.115001
2014-03-03,11:00,26.0,25.8,24.1,95.9,0.83,NE@13.3,16.0,30.5,0.0,217,"Davenport, Davenport, Lincoln County",330029,Davenport,2017-12-11 07:44:25.115001
2014-03-03,11:15,26.8,26.5,25.0,96.2,0.83,NE@12.0,14.6,30.5,0.0,242,"Davenport, Davenport, Lincoln County",330029,Davenport,2017-12-11 07:44:25.115001
2014-03-03,11:30,27.0,26.8,25.3,96.5,0.98,NE@12.2,14.2,30.6,0.0,196,"Davenport, Davenport, Lincoln County",330029,Davenport,2017-12-11 07:44:25.115001
2014-03-03,11:45,27.5,27.3,25.9,96.9,1.0,NE@11.6,13.5,30.6,0.0,197,"Davenport, Davenport, Lincoln County",330029,Davenport,2017-12-11 07:44:25.115001
2014-03-03,12:00,27.8,27.6,26.3,97.1,1.0,NE@12.5,14.2,30.6,0.0,196,"Davenport, Davenport, Lincoln County",330029,Davenport,2017-12-11 07:44:25.115001
2014-03-03,12:15,28.0,27.8,26.6,97.2,1.0,NE@12.4,14.2,30.6,0.0,225,"Davenport, Davenport, Lincoln County",330029,Davenport,2017-12-11 07:44:25.115001
2014-03-03,12:30,28.3,28.0,26.9,97.3,1.0,NE@11.3,15.0,30.6,0.0,230,"Davenport, Davenport, Lincoln County",330029,Davenport,2017-12-11 07:44:25.115001
2014-03-03,12:45,28.8,28.5,27.6,97.6,1.0,NE@9.8,11.4,30.6,0.0,214,"Davenport, Davenport, Lincoln County",330029,Davenport,2017-12-11 07:44:25.115001
2014-03-03,13:00,29.2,28.9,28.1,97.5,1.0,NE@8.6,11.0,30.6,0.0,329,"Davenport, Davenport, Lincoln County",330029,Davenport,2017-12-11 07:44:25.115001
2014-03-03,13:15,29.9,29.4,28.9,97.4,1.0,NE@7.7,9.6,30.6,0.0,348,"Davenport, Davenport, Lincoln County",330029,Davenport,2017-12-11 07:44:25.115001
2014-03-03,13:30,29.7,29.3,28.6,97.4,1.0,NE@8.0,9.6,30.6,0.02,365,"Davenport, Davenport, Lincoln County",330029,Davenport,2017-12-11 07:44:25.115001
2014-03-03,13:45,29.7,29.3,28.6,97.4,1.0,NE@8.2,9.9,30.6,0.02,333,"Davenport, Davenport, Lincoln County",330029,Davenport,2017-12-11 07:44:25.115001
2014-03-03,14:00,29.8,29.4,28.7,97.4,1.0,NE@7.4,9.6,30.7,0.04,372,"Davenport, Davenport, Lincoln County",330029,Davenport,2017-12-11 07:44:25.115001
2014-03-03,14:15,29.8,29.4,28.8,97.8,1.0,NE@8.2,9.9,30.7,0.02,210,"Davenport, Davenport, Lincoln County",330029,Davenport,2017-12-11 07:44:25.115001
2014-03-03,14:30,29.8,29.5,28.9,97.9,1.0,NE@7.4,8.9,30.7,0.02,238,"Davenport, Davenport, Lincoln County",330029,Davenport,2017-12-11 07:44:25.115001
2014-03-03,14:45,29.9,29.6,28.9,97.9,1.0,NE@7.4,9.6,30.7,0.01,239,"Davenport, Davenport, Lincoln County",330029,Davenport,2017-12-11 07:44:25.115001
2014-03-03,15:00,30.9,30.6,30.1,97.9,1.0,NE@5.4,8.2,30.7,0.01,321,"Davenport, Davenport, Lincoln County",330029,Davenport,2017-12-11 07:44:25.115001
2014-03-03,15:15,31.8,31.6,31.3,98.5,1.0,E@3.5,5.3,30.7,0.02,242,"Davenport, Davenport, Lincoln County",330029,Davenport,2017-12-11 07:44:25.115001
2014-03-03,15:30,32.7,32.9,32.5,99.0,1.0,S@2.5,4.9,30.7,0.0,211,"Davenport, Davenport, Lincoln County",330029,Davenport,2017-12-11 07:44:25.115001
2014-03-03,15:45,33.9,34.4,33.7,99.4,0.99,S@6.3,9.9,30.8,0.0,157,"Davenport, Davenport, Lincoln County",330029,Davenport,2017-12-11 07:44:25.115001
2014-03-03,16:00,35.4,35.6,35.3,99.6,0.89,SW@8.0,10.3,30.8,0.01,85,"Davenport, Davenport, Lincoln County",330029,Davenport,2017-12-11 07:44:25.115001
2014-03-03,16:15,35.3,35.4,35.2,99.5,0.86,SW@8.0,11.4,30.8,0.0,81,"Davenport, Davenport, Lincoln County",330029,Davenport,2017-12-11 07:44:25.115001
2014-03-03,16:30,35.0,35.1,34.8,99.4,0.85,SW@7.3,9.2,30.8,0.0,88,"Davenport, Davenport, Lincoln County",330029,Davenport,2017-12-11 07:44:25.115001
2014-03-03,16:45,35.2,35.3,35.0,99.0,0.85,SW@6.1,8.5,30.8,0.0,159,"Davenport, Davenport, Lincoln County",330029,Davenport,2017-12-11 07:44:25.115001
2014-03-03,17:00,35.0,35.0,34.8,99.1,0.86,SW@6.6,8.5,30.8,0.0,71,"Davenport, Davenport, Lincoln County",330029,Davenport,2017-12-11 07:44:25.115001
2014-03-03,17:15,34.3,34.4,34.1,99.4,0.87,SW@6.9,9.2,30.8,0.0,22,"Davenport, Davenport, Lincoln County",330029,Davenport,2017-12-11 07:44:25.115001
2014-03-03,17:30,34.0,34.1,33.8,99.3,0.88,SW@8.9,10.7,30.8,0.0,19,"Davenport, Davenport, Lincoln County",330029,Davenport,2017-12-11 07:44:25.115001
2014-03-03,17:45,33.5,33.5,33.2,99.0,0.89,SW@9.7,13.2,30.9,0.0,8,"Davenport, Davenport, Lincoln County",330029,Davenport,2017-12-11 07:44:25.115001
2014-03-03,18:00,32.7,32.7,32.4,99.0,0.9,SW@10.0,12.4,30.9,0.0,0,"Davenport, Davenport, Lincoln County",330029,Davenport,2017-12-11 07:44:25.115001
2014-03-03,18:15,32.2,32.2,32.0,99.3,0.9,SW@11.3,15.3,30.9,0.0,0,"Davenport, Davenport, Lincoln County",330029,Davenport,2017-12-11 07:44:25.115001
2014-03-03,18:30,32.0,32.0,31.8,99.7,0.91,SW@8.9,12.4,30.9,0.0,0,"Davenport, Davenport, Lincoln County",330029,Davenport,2017-12-11 07:44:25.115001
2014-03-03,18:45,31.8,31.8,31.6,99.9,0.89,S@9.3,12.1,30.9,0.0,0,"Davenport, Davenport, Lincoln County",330029,Davenport,2017-12-11 07:44:25.115001
2014-03-03,19:00,31.6,31.6,31.4,100.0,0.79,S@10.0,14.2,30.9,0.0,0,"Davenport, Davenport, Lincoln County",330029,Davenport,2017-12-11 07:44:25.115001
2014-03-03,19:15,31.5,31.5,31.3,100.0,0.71,S@10.9,13.5,30.9,0.0,0,"Davenport, Davenport, Lincoln County",330029,Davenport,2017-12-11 07:44:25.115001
2014-03-03,19:30,31.3,31.3,31.3,100.0,0.66,S@12.7,16.0,31.0,0.0,0,"Davenport, Davenport, Lincoln County",330029,Davenport,2017-12-11 07:44:25.115001
2014-03-03,19:45,31.2,31.2,31.2,100.0,0.61,S@11.5,15.7,31.0,0.0,0,"Davenport, Davenport, Lincoln County",330029,Davenport,2017-12-11 07:44:25.115001
2014-03-03,20:00,31.1,31.2,31.1,100.0,0.61,S@10.6,15.0,31.0,0.0,0,"Davenport, Davenport, Lincoln County",330029,Davenport,2017-12-11 07:44:25.115001
2014-03-03,20:15,31.2,31.2,31.2,100.0,0.61,SW@7.3,9.9,31.0,0.0,0,"Davenport, Davenport, Lincoln County",330029,Davenport,2017-12-11 07:44:25.115001
2014-03-03,20:30,31.2,31.2,31.2,100.0,0.62,SW@7.6,10.3,31.0,0.0,0,"Davenport, Davenport, Lincoln County",330029,Davenport,2017-12-11 07:44:25.115001
2014-03-03,20:45,31.1,31.1,31.1,100.0,0.6,SW@8.5,10.7,31.0,0.0,0,"Davenport, Davenport, Lincoln County",330029,Davenport,2017-12-11 07:44:25.115001
2014-03-03,21:00,31.0,31.1,31.0,100.0,0.59,S@8.0,9.6,31.0,0.0,0,"Davenport, Davenport, Lincoln County",330029,Davenport,2017-12-11 07:44:25.115001
2014-03-03,21:15,31.0,31.0,31.0,100.0,0.58,SW@6.8,8.5,31.1,0.0,0,"Davenport, Davenport, Lincoln County",330029,Davenport,2017-12-11 07:44:25.115001
2014-03-03,21:30,30.9,30.9,30.9,100.0,0.56,SW@6.1,9.2,31.1,0.0,0,"Davenport, Davenport, Lincoln County",330029,Davenport,2017-12-11 07:44:25.115001
2014-03-03,21:45,30.8,30.9,30.8,100.0,0.55,SW@5.7,7.8,31.1,0.0,0,"Davenport, Davenport, Lincoln County",330029,Davenport,2017-12-11 07:44:25.115001
2014-03-03,22:00,30.7,30.8,30.7,100.0,0.53,SW@6.7,9.2,31.1,0.0,0,"Davenport, Davenport, Lincoln County",330029,Davenport,2017-12-11 07:44:25.115001
2014-03-03,22:15,30.7,30.8,30.7,100.0,0.53,SW@6.7,9.2,31.1,0.0,0,"Davenport, Davenport, Lincoln County",330029,Davenport,2017-12-11 07:44:25.115001
2014-03-03,22:30,30.7,30.8,30.7,100.0,0.52,S@8.7,11.0,31.1,0.0,0,"Davenport, Davenport, Lincoln County",330029,Davenport,2017-12-11 07:44:25.115001
2014-03-03,22:45,30.9,30.9,30.9,100.0,0.54,S@8.5,11.0,31.1,0.0,0,"Davenport, Davenport, Lincoln County",330029,Davenport,2017-12-11 07:44:25.115001
2014-03-03,23:00,30.7,30.7,30.7,100.0,0.51,S@6.1,8.5,31.1,0.0,0,"Davenport, Davenport, Lincoln County",330029,Davenport,2017-12-11 07:44:25.115001
2014-03-03,23:15,30.6,30.6,30.6,100.0,0.49,S@6.0,8.5,31.2,0.0,0,"Davenport, Davenport, Lincoln County",330029,Davenport,2017-12-11 07:44:25.115001
2014-03-03,23:30,30.5,30.6,30.5,100.0,0.48,S@6.1,7.4,31.2,0.0,0,"Davenport, Davenport, Lincoln County",330029,Davenport,2017-12-11 07:44:25.115001
2014-03-03,23:45,30.5,30.6,30.5,100.0,0.49,S@6.7,8.2,31.2,0.0,0,"Davenport, Davenport, Lincoln County",330029,Davenport,2017-12-11 07:44:25.115001
2014-03-03,24:00,30.6,30.6,30.6,100.0,0.49,S@6.2,8.9,31.2,0.0,0,"Davenport, Davenport, Lincoln County",330029,Davenport,2017-12-11 07:44:25.115001
2014-03-04,00:15,30.7,30.7,30.7,100.0,0.5,S@7.8,10.3,31.2,0.0,0,"Davenport, Davenport, Lincoln County",330029,Davenport,2017-12-11 07:44:25.115001
2014-03-04,00:30,30.8,30.9,30.8,100.0,0.53,S@9.6,12.8,31.2,0.0,0,"Davenport, Davenport, Lincoln County",330029,Davenport,2017-12-11 07:44:25.115001
2014-03-04,00:45,31.1,31.2,31.1,100.0,0.59,S@10.3,13.2,31.2,0.0,0,"Davenport, Davenport, Lincoln County",330029,Davenport,2017-12-11 07:44:25.115001
2014-03-04,01:00,31.4,31.4,31.4,100.0,0.66,S@9.2,12.8,31.2,0.0,0,"Davenport, Davenport, Lincoln County",330029,Davenport,2017-12-11 07:44:25.115001
2014-03-04,01:15,31.5,31.6,31.5,100.0,0.71,S@9.5,12.8,31.2,0.0,0,"Davenport, Davenport, Lincoln County",330029,Davenport,2017-12-11 07:44:25.115001
2014-03-04,01:30,31.7,31.8,31.7,100.0,0.77,S@8.6,11.0,31.2,0.0,0,"Davenport, Davenport, Lincoln County",330029,Davenport,2017-12-11 07:44:25.115001
2014-03-04,01:45,31.9,32.0,31.9,100.0,0.82,S@9.3,12.4,31.3,0.0,0,"Davenport, Davenport, Lincoln County",330029,Davenport,2017-12-11 07:44:25.115001
2014-03-04,02:00,31.9,32.0,31.9,100.0,0.85,S@10.0,12.1,31.3,0.0,0,"Davenport, Davenport, Lincoln County",330029,Davenport,2017-12-11 07:44:25.115001
2014-03-04,02:15,31.8,31.8,31.8,100.0,0.84,S@8.9,11.7,31.3,0.0,0,"Davenport, Davenport, Lincoln County",330029,Davenport,2017-12-11 07:44:25.115001
2014-03-04,02:30,31.6,31.7,31.6,100.0,0.81,S@9.8,13.5,31.3,0.0,0,"Davenport, Davenport, Lincoln County",330029,Davenport,2017-12-11 07:44:25.115001
2014-03-04,02:45,31.8,31.9,31.8,100.0,0.85,S@10.5,14.2,31.3,0.0,0,"Davenport, Davenport, Lincoln County",330029,Davenport,2017-12-11 07:44:25.115001
2014-03-04,03:00,32.1,32.1,32.1,100.0,0.94,S@11.0,14.6,31.3,0.0,0,"Davenport, Davenport, Lincoln County",330029,Davenport,2017-12-11 07:44:25.115001
2014-03-04,03:15,32.0,32.1,32.0,100.0,1.0,S@10.6,13.5,31.3,0.0,0,"Davenport, Davenport, Lincoln County",330029,Davenport,2017-12-11 07:44:25.115001
2014-03-04,03:30,31.8,31.8,31.8,100.0,1.0,S@10.5,14.6,31.3,0.0,0,"Davenport, Davenport, Lincoln County",330029,Davenport,2017-12-11 07:44:25.115001
2014-03-04,03:45,31.9,32.0,31.9,100.0,1.0,S@11.8,15.3,31.3,0.0,0,"Davenport, Davenport, Lincoln County",330029,Davenport,2017-12-11 07:44:25.115001
2014-03-04,04:00,32.2,32.2,32.2,100.0,1.0,S@13.1,16.7,31.3,0.0,0,"Davenport, Davenport, Lincoln County",330029,Davenport,2017-12-11 07:44:25.115001
2014-03-04,04:15,32.2,32.2,32.2,100.0,1.0,S@11.8,15.0,31.3,0.0,0,"Davenport, Davenport, Lincoln County",330029,Davenport,2017-12-11 07:44:25.115001
2014-03-04,04:30,32.2,32.2,32.2,100.0,1.0,S@11.2,15.3,31.4,0.0,0,"Davenport, Davenport, Lincoln County",330029,Davenport,2017-12-11 07:44:25.115001
2014-03-04,04:45,32.2,32.2,32.2,100.0,1.0,S@10.4,14.2,31.4,0.0,0,"Davenport, Davenport, Lincoln County",330029,Davenport,2017-12-11 07:44:25.115001
2014-03-04,05:00,32.2,32.3,32.2,100.0,1.0,S@10.3,13.9,31.4,0.0,0,"Davenport, Davenport, Lincoln County",330029,Davenport,2017-12-11 07:44:25.115001
2014-03-04,05:15,32.2,32.2,32.2,100.0,1.0,S@9.5,13.5,31.4,0.0,0,"Davenport, Davenport, Lincoln County",330029,Davenport,2017-12-11 07:44:25.115001
2014-03-04,05:30,32.1,32.2,32.1,100.0,1.0,S@7.7,11.0,31.4,0.0,0,"Davenport, Davenport, Lincoln County",330029,Davenport,2017-12-11 07:44:25.115001
2014-03-04,05:45,32.0,32.1,32.0,100.0,1.0,S@8.8,11.7,31.4,0.0,0,"Davenport, Davenport, Lincoln County",330029,Davenport,2017-12-11 07:44:25.115001
2014-03-04,06:00,32.0,32.0,32.0,100.0,1.0,S@10.1,12.4,31.4,0.0,0,"Davenport, Davenport, Lincoln County",330029,Davenport,2017-12-11 07:44:25.115001
2014-03-04,06:15,31.7,31.6,31.7,100.0,0.97,S@7.4,11.0,31.4,0.0,0,"Davenport, Davenport, Lincoln County",330029,Davenport,2017-12-11 07:44:25.115001
2014-03-04,06:30,30.9,30.9,30.9,100.0,0.84,S@2.9,7.4,31.4,0.0,2,"Davenport, Davenport, Lincoln County",330029,Davenport,2017-12-11 07:44:25.115001
2014-03-04,06:45,31.0,31.1,31.0,100.0,0.88,N@0.0,0.0,31.4,0.0,7,"Davenport, Davenport, Lincoln County",330029,Davenport,2017-12-11 07:44:25.115001
2014-03-04,07:00,32.0,32.1,32.0,100.0,0.99,N@0.0,0.0,31.4,0.0,17,"Davenport, Davenport, Lincoln County",330029,Davenport,2017-12-11 07:44:25.115001
2014-03-04,07:15,32.2,32.2,32.2,100.0,1.0,N@0.0,0.0,31.4,0.0,30,"Davenport, Davenport, Lincoln County",330029,Davenport,2017-12-11 07:44:25.115001
2014-03-04,07:30,32.4,32.3,32.4,100.0,1.0,N@0.0,0.0,31.4,0.0,54,"Davenport, Davenport, Lincoln County",330029,Davenport,2017-12-11 07:44:25.115001
2014-03-04,07:45,32.5,32.4,32.5,100.0,1.0,S@1.9,8.2,31.4,0.0,78,"Davenport, Davenport, Lincoln County",330029,Davenport,2017-12-11 07:44:25.115001
2014-03-04,08:00,32.8,32.8,32.8,100.0,1.0,S@7.8,9.6,31.4,0.0,106,"Davenport, Davenport, Lincoln County",330029,Davenport,2017-12-11 07:44:25.115001
2014-03-04,08:15,33.4,33.5,33.4,100.0,1.0,S@8.1,10.3,31.5,0.0,139,"Davenport, Davenport, Lincoln County",330029,Davenport,2017-12-11 07:44:25.115001
2014-03-04,08:30,33.7,33.4,33.7,100.0,1.0,S@8.6,10.7,31.5,0.0,166,"Davenport, Davenport, Lincoln County",330029,Davenport,2017-12-11 07:44:25.115001
2014-03-04,08:45,33.8,33.5,33.8,100.0,1.0,S@9.0,11.0,31.5,0.0,175,"Davenport, Davenport, Lincoln County",330029,Davenport,2017-12-11 07:44:25.115001
2014-03-04,09:00,34.2,33.8,34.2,100.0,1.0,S@10.3,13.9,31.5,0.0,256,"Davenport, Davenport, Lincoln County",330029,Davenport,2017-12-11 07:44:25.115001
2014-03-04,09:15,34.8,34.4,34.8,100.0,1.0,S@9.9,12.4,31.5,0.0,231,"Davenport, Davenport, Lincoln County",330029,Davenport,2017-12-11 07:44:25.115001
2014-03-04,09:30,34.7,34.6,34.7,100.0,1.0,S@8.6,11.0,31.5,0.0,173,"Davenport, Davenport, Lincoln County",330029,Davenport,2017-12-11 07:44:25.115001
2014-03-04,09:45,34.7,34.6,34.7,100.0,1.0,S@9.4,11.4,31.5,0.0,186,"Davenport, Davenport, Lincoln County",330029,Davenport,2017-12-11 07:44:25.115001
2014-03-04,10:00,35.0,34.8,35.0,100.0,1.0,S@8.5,10.3,31.5,0.0,210,"Davenport, Davenport, Lincoln County",330029,Davenport,2017-12-11 07:44:25.115001
2014-03-04,10:15,35.2,35.1,35.2,100.0,0.95,S@9.6,12.4,31.5,0.0,251,"Davenport, Davenport, Lincoln County",330029,Davenport,2017-12-11 07:44:25.115001
2014-03-04,10:30,35.5,35.3,35.5,100.0,0.88,S@10.2,12.4,31.5,0.0,262,"Davenport, Davenport, Lincoln County",330029,Davenport,2017-12-11 07:44:25.115001
2014-03-04,10:45,35.6,35.4,35.6,100.0,0.7,S@10.3,12.8,31.5,0.0,247,"Davenport, Davenport, Lincoln County",330029,Davenport,2017-12-11 07:44:25.115001
2014-03-04,11:00,36.0,35.8,36.0,100.0,0.25,S@10.7,13.5,31.5,0.0,269,"Davenport, Davenport, Lincoln County",330029,Davenport,2017-12-11 07:44:25.115001
2014-03-04,11:15,36.1,35.9,36.1,100.0,0.01,S@10.2,12.8,31.5,0.0,249,"Davenport, Davenport, Lincoln County",330029,Davenport,2017-12-11 07:44:25.115001
2014-03-04,11:30,36.2,36.1,36.2,100.0,0.0,S@8.8,12.8,31.5,0.0,253,"Davenport, Davenport, Lincoln County",330029,Davenport,2017-12-11 07:44:25.115001
2014-03-04,11:45,36.8,36.7,36.8,100.0,0.0,S@10.3,12.4,31.5,0.0,320,"Davenport, Davenport, Lincoln County",330029,Davenport,2017-12-11 07:44:25.115001
2014-03-04,12:00,37.5,37.4,37.5,100.0,0.0,S@12.1,15.3,31.5,0.0,338,"Davenport, Davenport, Lincoln County",330029,Davenport,2017-12-11 07:44:25.115001
2014-03-04,12:15,37.9,37.7,37.8,99.7,0.0,S@13.4,17.8,31.5,0.0,331,"Davenport, Davenport, Lincoln County",330029,Davenport,2017-12-11 07:44:25.115001
2014-03-04,12:30,38.8,38.7,38.7,99.4,0.0,S@13.9,19.2,31.5,0.0,304,"Davenport, Davenport, Lincoln County",330029,Davenport,2017-12-11 07:44:25.115001
2014-03-04,12:45,39.0,38.8,38.7,98.8,0.0,S@11.6,15.3,31.5,0.0,237,"Davenport, Davenport, Lincoln County",330029,Davenport,2017-12-11 07:44:25.115001
2014-03-04,13:00,39.2,39.0,38.7,97.9,0.0,SW@10.2,12.8,31.5,0.0,264,"Davenport, Davenport, Lincoln County",330029,Davenport,2017-12-11 07:44:25.115001
2014-03-04,13:15,39.9,39.6,38.9,96.1,0.0,SW@9.1,12.8,31.5,0.0,327,"Davenport, Davenport, Lincoln County",330029,Davenport,2017-12-11 07:44:25.115001
2014-03-04,13:30,40.4,40.1,38.9,94.2,0.0,S@8.9,11.4,31.5,0.0,302,"Davenport, Davenport, Lincoln County",330029,Davenport,2017-12-11 07:44:25.115001
2014-03-04,13:45,40.3,40.1,38.4,92.6,0.0,SW@9.0,11.4,31.6,0.0,230,"Davenport, Davenport, Lincoln County",330029,Davenport,2017-12-11 07:44:25.115001
2014-03-04,14:00,40.5,40.2,38.0,90.7,0.0,SW@7.1,9.6,31.6,0.0,251,"Davenport, Davenport, Lincoln County",330029,Davenport,2017-12-11 07:44:25.115001
2014-03-04,14:15,40.5,40.4,38.1,90.9,0.0,S@7.2,9.2,31.6,0.0,184,"Davenport, Davenport, Lincoln County",330029,Davenport,2017-12-11 07:44:25.115001
2014-03-04,14:30,40.4,40.2,38.0,91.2,0.0,S@6.7,8.2,31.6,0.0,182,"Davenport, Davenport, Lincoln County",330029,Davenport,2017-12-11 07:44:25.115001
2014-03-04,14:45,39.8,39.6,37.8,92.4,0.01,S@7.4,8.9,31.6,0.0,234,"Davenport, Davenport, Lincoln County",330029,Davenport,2017-12-11 07:44:25.115001
2014-03-04,15:00,41.5,41.5,39.4,92.3,0.01,S@8.9,12.8,31.6,0.0,245,"Davenport, Davenport, Lincoln County",330029,Davenport,2017-12-11 07:44:25.115001
2014-03-04,15:15,42.4,42.3,39.8,90.3,0.0,SW@10.2,12.8,31.6,0.0,198,"Davenport, Davenport, Lincoln County",330029,Davenport,2017-12-11 07:44:25.115001
2014-03-04,15:30,43.1,43.0,40.2,89.2,0.0,SW@11.4,15.3,31.6,0.0,223,"Davenport, Davenport, Lincoln County",330029,Davenport,2017-12-11 07:44:25.115001
2014-03-04,15:45,44.0,43.7,40.2,86.6,0.0,SW@12.4,15.7,31.6,0.0,198,"Davenport, Davenport, Lincoln County",330029,Davenport,2017-12-11 07:44:25.115001
2014-03-04,16:00,43.8,43.7,40.2,86.8,0.0,SW@12.0,15.3,31.6,0.0,200,"Davenport, Davenport, Lincoln County",330029,Davenport,2017-12-11 07:44:25.115001
2014-03-04,16:15,44.1,44.0,40.3,86.4,0.0,SW@12.7,15.7,31.6,0.0,162,"Davenport, Davenport, Lincoln County",330029,Davenport,2017-12-11 07:44:25.115001
2014-03-04,16:30,43.9,43.8,40.1,86.5,0.0,S@12.5,16.0,31.6,0.0,102,"Davenport, Davenport, Lincoln County",330029,Davenport,2017-12-11 07:44:25.115001
2014-03-04,16:45,43.3,43.3,40.0,87.9,0.0,S@10.6,13.9,31.6,0.0,78,"Davenport, Davenport, Lincoln County",330029,Davenport,2017-12-11 07:44:25.115001
2014-03-04,17:00,43.9,43.8,40.2,86.8,0.0,S@11.3,15.0,31.6,0.0,94,"Davenport, Davenport, Lincoln County",330029,Davenport,2017-12-11 07:44:25.115001
2014-03-04,17:15,43.3,43.2,39.6,86.4,0.0,S@10.9,13.2,31.6,0.0,51,"Davenport, Davenport, Lincoln County",330029,Davenport,2017-12-11 07:44:25.115001
2014-03-04,17:30,42.7,42.6,39.2,87.3,0.0,S@11.8,16.0,31.6,0.0,26,"Davenport, Davenport, Lincoln County",330029,Davenport,2017-12-11 07:44:25.115001
2014-03-04,17:45,41.2,41.2,38.3,89.3,0.0,S@11.3,14.2,31.6,0.0,8,"Davenport, Davenport, Lincoln County",330029,Davenport,2017-12-11 07:44:25.115001
2014-03-04,18:00,40.4,40.4,37.7,89.8,0.02,S@10.3,13.5,31.6,0.0,1,"Davenport, Davenport, Lincoln County",330029,Davenport,2017-12-11 07:44:25.115001
2014-03-04,18:15,38.2,38.1,36.0,91.9,0.1,S@8.6,10.7,31.6,0.0,0,"Davenport, Davenport, Lincoln County",330029,Davenport,2017-12-11 07:44:25.115001
2014-03-04,18:30,37.1,37.1,35.5,93.8,0.22,S@7.1,8.9,31.6,0.0,0,"Davenport, Davenport, Lincoln County",330029,Davenport,2017-12-11 07:44:25.115001
2014-03-04,18:45,36.7,36.7,35.4,94.7,0.42,S@5.6,8.2,31.6,0.0,0,"Davenport, Davenport, Lincoln County",330029,Davenport,2017-12-11 07:44:25.115001
2014-03-04,19:00,36.4,36.5,35.3,95.5,0.6,S@4.9,7.4,31.6,0.0,0,"Davenport, Davenport, Lincoln County",330029,Davenport,2017-12-11 07:44:25.115001
2014-03-04,19:15,37.1,37.2,36.0,95.7,0.69,S@5.4,7.4,31.6,0.0,0,"Davenport, Davenport, Lincoln County",330029,Davenport,2017-12-11 07:44:25.115001
2014-03-04,19:30,36.9,36.9,35.7,95.5,0.72,S@6.8,9.2,31.6,0.0,0,"Davenport, Davenport, Lincoln County",330029,Davenport,2017-12-11 07:44:25.115001
2014-03-04,19:45,36.8,36.9,35.7,95.9,0.75,S@9.2,11.7,31.7,0.0,0,"Davenport, Davenport, Lincoln County",330029,Davenport,2017-12-11 07:44:25.115001
2014-03-04,20:00,37.0,37.1,35.9,95.6,0.76,S@8.9,11.4,31.7,0.0,0,"Davenport, Davenport, Lincoln County",330029,Davenport,2017-12-11 07:44:25.115001
2014-03-04,20:15,36.1,36.1,35.1,96.1,0.79,S@8.2,9.9,31.7,0.0,0,"Davenport, Davenport, Lincoln County",330029,Davenport,2017-12-11 07:44:25.115001
2014-03-04,20:30,36.4,36.4,35.3,95.9,0.8,SW@8.3,9.9,31.7,0.0,0,"Davenport, Davenport, Lincoln County",330029,Davenport,2017-12-11 07:44:25.115001
2014-03-04,20:45,36.2,36.3,35.0,95.4,0.8,SW@8.3,9.9,31.7,0.0,0,"Davenport, Davenport, Lincoln County",330029,Davenport,2017-12-11 07:44:25.115001
2014-03-04,21:00,36.3,36.4,34.9,94.8,0.78,SW@8.9,11.0,31.7,0.0,0,"Davenport, Davenport, Lincoln County",330029,Davenport,2017-12-11 07:44:25.115001
2014-03-04,21:15,36.6,36.7,35.0,93.9,0.74,S@9.4,11.4,31.7,0.0,0,"Davenport, Davenport, Lincoln County",330029,Davenport,2017-12-11 07:44:25.115001
2014-03-04,21:30,36.3,36.3,34.6,93.6,0.66,S@9.7,12.1,31.7,0.0,0,"Davenport, Davenport, Lincoln County",330029,Davenport,2017-12-11 07:44:25.115001
2014-03-04,21:45,35.8,35.9,34.3,94.1,0.61,S@8.6,11.0,31.7,0.0,0,"Davenport, Davenport, Lincoln County",330029,Davenport,2017-12-11 07:44:25.115001
2014-03-04,22:00,36.1,36.1,34.6,94.2,0.6,S@7.6,10.7,31.7,0.0,0,"Davenport, Davenport, Lincoln County",330029,Davenport,2017-12-11 07:44:25.115001
2014-03-04,22:15,35.6,35.7,34.2,94.4,0.63,S@6.7,9.6,31.7,0.0,0,"Davenport, Davenport, Lincoln County",330029,Davenport,2017-12-11 07:44:25.115001
2014-03-04,22:30,36.3,36.5,34.8,94.2,0.6,S@8.2,11.0,31.7,0.0,0,"Davenport, Davenport, Lincoln County",330029,Davenport,2017-12-11 07:44:25.115001
2014-03-04,22:45,36.6,36.6,34.8,93.2,0.38,SE@6.1,7.1,31.7,0.0,0,"Davenport, Davenport, Lincoln County",330029,Davenport,2017-12-11 07:44:25.115001
2014-03-04,23:00,36.1,36.2,34.5,93.7,0.3,SE@6.4,9.6,31.7,0.0,0,"Davenport, Davenport, Lincoln County",330029,Davenport,2017-12-11 07:44:25.115001
2014-03-04,23:15,36.4,36.5,34.7,93.7,0.14,SE@6.8,8.5,31.7,0.0,0,"Davenport, Davenport, Lincoln County",330029,Davenport,2017-12-11 07:44:25.115001
2014-03-04,23:30,36.4,36.6,35.0,94.3,0.11,S@7.6,9.6,31.7,0.0,0,"Davenport, Davenport, Lincoln County",330029,Davenport,2017-12-11 07:44:25.115001
2014-03-04,23:45,37.2,37.3,35.4,93.2,0.07,SE@7.9,9.9,31.7,0.0,0,"Davenport, Davenport, Lincoln County",330029,Davenport,2017-12-11 07:44:25.115001
2014-03-04,24:00,36.7,36.7,35.1,93.9,0.07,SE@9.0,11.7,31.7,0.0,0,"Davenport, Davenport, Lincoln County",330029,Davenport,2017-12-11 07:44:25.115001
2014-03-05,00:15,36.3,36.3,34.9,94.7,0.08,SE@8.7,11.0,31.7,0.0,0,"Davenport, Davenport, Lincoln County",330029,Davenport,2017-12-11 07:44:25.115001
2014-03-05,00:30,36.1,36.1,34.9,95.5,0.08,SE@8.5,10.3,31.7,0.0,0,"Davenport, Davenport, Lincoln County",330029,Davenport,2017-12-11 07:44:25.115001
2014-03-05,00:45,36.4,36.6,35.3,95.6,0.08,SE@8.3,11.0,31.7,0.0,0,"Davenport, Davenport, Lincoln County",330029,Davenport,2017-12-11 07:44:25.115001
2014-03-05,01:00,36.7,36.8,35.6,95.6,0.08,S@8.2,10.7,31.7,0.0,0,"Davenport, Davenport, Lincoln County",330029,Davenport,2017-12-11 07:44:25.115001
2014-03-05,01:15,36.8,36.9,35.7,95.9,0.08,S@9.3,11.7,31.7,0.0,0,"Davenport, Davenport, Lincoln County",330029,Davenport,2017-12-11 07:44:25.115001
2014-03-05,01:30,36.8,36.9,35.8,95.9,0.09,S@8.5,11.4,31.7,0.0,0,"Davenport, Davenport, Lincoln County",330029,Davenport,2017-12-11 07:44:25.115001
2014-03-05,01:45,36.7,36.8,35.8,96.4,0.12,S@8.0,10.7,31.7,0.0,0,"Davenport, Davenport, Lincoln County",330029,Davenport,2017-12-11 07:44:25.115001
2014-03-05,02:00,36.6,36.6,35.8,96.8,0.16,S@7.1,10.3,31.7,0.0,0,"Davenport, Davenport, Lincoln County",330029,Davenport,2017-12-11 07:44:25.115001
2014-03-05,02:15,37.0,37.2,36.3,97.2,0.2,S@9.6,13.5,31.7,0.0,0,"Davenport, Davenport, Lincoln County",330029,Davenport,2017-12-11 07:44:25.115001
2014-03-05,02:30,37.3,37.4,36.5,97.0,0.15,S@10.9,13.5,31.7,0.0,0,"Davenport, Davenport, Lincoln County",330029,Davenport,2017-12-11 07:44:25.115001
2014-03-05,02:45,37.7,37.8,36.9,97.1,0.13,S@11.3,13.9,31.7,0.0,0,"Davenport, Davenport, Lincoln County",330029,Davenport,2017-12-11 07:44:25.115001
2014-03-05,03:00,38.3,38.3,37.4,96.6,0.1,S@9.9,13.5,31.7,0.0,0,"Davenport, Davenport, Lincoln County",330029,Davenport,2017-12-11 07:44:25.115001
2014-03-05,03:15,38.1,38.1,37.2,96.5,0.1,S@7.5,11.0,31.7,0.0,0,"Davenport, Davenport, Lincoln County",330029,Davenport,2017-12-11 07:44:25.115001
2014-03-05,03:30,37.8,37.9,36.9,96.6,0.09,SE@10.6,14.2,31.7,0.0,0,"Davenport, Davenport, Lincoln County",330029,Davenport,2017-12-11 07:44:25.115001
2014-03-05,03:45,38.3,38.4,37.3,96.4,0.09,SE@9.7,14.6,31.7,0.0,0,"Davenport, Davenport, Lincoln County",330029,Davenport,2017-12-11 07:44:25.115001
2014-03-05,04:00,38.0,38.0,37.0,96.5,0.28,SE@7.4,9.6,31.7,0.0,0,"Davenport, Davenport, Lincoln County",330029,Davenport,2017-12-11 07:44:25.115001
2014-03-05,04:15,38.0,38.1,37.2,97.0,0.68,SE@7.7,9.6,31.8,0.0,0,"Davenport, Davenport, Lincoln County",330029,Davenport,2017-12-11 07:44:25.115001
2014-03-05,04:30,38.5,38.5,37.7,96.9,0.91,SE@5.9,9.2,31.8,0.0,0,"Davenport, Davenport, Lincoln County",330029,Davenport,2017-12-11 07:44:25.115001
2014-03-05,04:45,38.0,38.0,37.3,97.2,1.0,SE@3.9,6.4,31.8,0.01,0,"Davenport, Davenport, Lincoln County",330029,Davenport,2017-12-11 07:44:25.115001
2014-03-05,05:00,38.1,38.2,37.5,97.5,0.96,SE@4.1,9.2,31.8,0.01,0,"Davenport, Davenport, Lincoln County",330029,Davenport,2017-12-11 07:44:25.115001
2014-03-05,05:15,38.2,38.1,37.5,97.5,0.93,SE@3.1,5.3,31.8,0.01,0,"Davenport, Davenport, Lincoln County",330029,Davenport,2017-12-11 07:44:25.115001
2014-03-05,05:30,37.8,37.7,37.1,97.4,0.92,NE@3.1,5.3,31.8,0.0,0,"Davenport, Davenport, Lincoln County",330029,Davenport,2017-12-11 07:44:25.115001
2014-03-05,05:45,37.0,37.0,36.5,98.0,0.91,NE@5.5,7.4,31.8,0.01,0,"Davenport, Davenport, Lincoln County",330029,Davenport,2017-12-11 07:44:25.115001
2014-03-05,06:00,37.5,37.6,37.0,98.3,0.88,NE@6.1,7.4,31.8,0.01,0,"Davenport, Davenport, Lincoln County",330029,Davenport,2017-12-11 07:44:25.115001
2014-03-05,06:15,37.0,37.0,36.6,98.5,0.83,NE@6.7,8.5,31.8,0.03,0,"Davenport, Davenport, Lincoln County",330029,Davenport,2017-12-11 07:44:25.115001
2014-03-05,06:30,36.5,36.5,36.2,99.1,0.82,NE@7.5,10.7,31.8,0.02,0,"Davenport, Davenport, Lincoln County",330029,Davenport,2017-12-11 07:44:25.115001
2014-03-05,06:45,35.6,35.6,35.5,99.5,0.82,NE@8.5,10.3,31.8,0.01,0,"Davenport, Davenport, Lincoln County",330029,Davenport,2017-12-11 07:44:25.115001
2014-03-05,07:00,35.3,35.3,35.3,99.9,0.81,NE@7.5,9.9,31.8,0.02,3,"Davenport, Davenport, Lincoln County",330029,Davenport,2017-12-11 07:44:25.115001
2014-03-05,07:15,35.7,35.8,35.7,100.0,0.79,E@6.7,8.5,31.8,0.02,4,"Davenport, Davenport, Lincoln County",330029,Davenport,2017-12-11 07:44:25.115001
2014-03-05,07:30,36.0,36.1,36.0,100.0,0.79,E@6.3,8.2,31.8,0.01,9,"Davenport, Davenport, Lincoln County",330029,Davenport,2017-12-11 07:44:25.115001
2014-03-05,07:45,36.5,36.5,36.5,100.0,0.81,E@7.8,9.6,31.8,0.02,11,"Davenport, Davenport, Lincoln County",330029,Davenport,2017-12-11 07:44:25.115001
2014-03-05,08:00,36.4,36.6,36.4,100.0,0.8,E@6.1,7.8,31.8,0.03,13,"Davenport, Davenport, Lincoln County",330029,Davenport,2017-12-11 07:44:25.115001
2014-03-05,08:15,37.2,37.3,37.2,100.0,0.79,SE@5.6,7.8,31.8,0.02,19,"Davenport, Davenport, Lincoln County",330029,Davenport,2017-12-11 07:44:25.115001
2014-03-05,08:30,37.8,37.9,37.8,100.0,0.81,SE@6.1,8.5,31.8,0.0,27,"Davenport, Davenport, Lincoln County",330029,Davenport,2017-12-11 07:44:25.115001
2014-03-05,08:45,38.6,38.6,38.5,99.9,0.82,SE@7.6,11.4,31.8,0.01,39,"Davenport, Davenport, Lincoln County",330029,Davenport,2017-12-11 07:44:25.115001
2014-03-05,09:00,39.3,39.4,39.0,98.9,0.82,S@11.1,16.0,31.8,0.0,50,"Davenport, Davenport, Lincoln County",330029,Davenport,2017-12-11 07:44:25.115001
2014-03-05,09:15,40.1,40.2,39.7,98.3,0.81,S@12.5,15.7,31.8,0.0,78,"Davenport, Davenport, Lincoln County",330029,Davenport,2017-12-11 07:44:25.115001
2014-03-05,09:30,40.8,41.0,40.5,98.6,0.82,S@11.6,15.0,31.8,0.0,99,"Davenport, Davenport, Lincoln County",330029,Davenport,2017-12-11 07:44:25.115001
2014-03-05,09:45,41.6,41.7,41.3,98.7,0.82,S@12.3,15.3,31.8,0.0,110,"Davenport, Davenport, Lincoln County",330029,Davenport,2017-12-11 07:44:25.115001
2014-03-05,10:00,42.4,42.4,42.1,99.0,0.81,S@12.4,16.0,31.8,0.0,166,"Davenport, Davenport, Lincoln County",330029,Davenport,2017-12-11 07:44:25.115001
2014-03-05,10:15,42.7,42.8,42.5,99.0,0.79,S@11.4,15.7,31.8,0.0,212,"Davenport, Davenport, Lincoln County",330029,Davenport,2017-12-11 07:44:25.115001
2014-03-05,10:30,44.3,44.3,43.7,97.6,0.73,S@14.9,19.6,31.8,0.0,398,"Davenport, Davenport, Lincoln County",330029,Davenport,2017-12-11 07:44:25.115001
2014-03-05,10:45,45.8,45.7,44.6,95.5,0.49,S@14.7,19.6,31.8,0.0,406,"Davenport, Davenport, Lincoln County",330029,Davenport,2017-12-11 07:44:25.115001
2014-03-05,11:00,47.1,47.1,45.3,93.5,0.05,S@14.9,23.9,31.8,0.0,465,"Davenport, Davenport, Lincoln County",330029,Davenport,2017-12-11 07:44:25.115001
2014-03-05,11:15,48.5,48.4,45.4,88.7,0.0,S@19.4,25.0,31.8,0.0,518,"Davenport, Davenport, Lincoln County",330029,Davenport,2017-12-11 07:44:25.115001
2014-03-05,11:30,49.3,49.2,45.4,86.3,0.0,S@21.4,28.9,31.8,0.0,473,"Davenport, Davenport, Lincoln County",330029,Davenport,2017-12-11 07:44:25.115001
2014-03-05,11:45,50.4,50.4,45.9,84.4,0.0,SW@21.2,29.3,31.8,0.0,531,"Davenport, Davenport, Lincoln County",330029,Davenport,2017-12-11 07:44:25.115001
2014-03-05,12:00,51.1,51.0,46.0,82.7,0.0,SW@19.7,26.0,31.8,0.0,454,"Davenport, Davenport, Lincoln County",330029,Davenport,2017-12-11 07:44:25.115001
2014-03-05,12:15,52.0,51.9,46.7,82.1,0.0,SW@19.6,28.9,31.8,0.0,515,"Davenport, Davenport, Lincoln County",330029,Davenport,2017-12-11 07:44:25.115001
2014-03-05,12:30,51.4,51.2,46.3,82.4,0.0,SW@20.7,29.3,31.8,0.0,407,"Davenport, Davenport, Lincoln County",330029,Davenport,2017-12-11 07:44:25.115001
2014-03-05,12:45,50.2,50.2,45.7,84.3,0.0,SW@18.1,26.8,31.8,0.0,259,"Davenport, Davenport, Lincoln County",330029,Davenport,2017-12-11 07:44:25.115001
2014-03-05,13:00,50.9,51.0,46.9,85.9,0.0,SW@13.9,19.6,31.8,0.0,307,"Davenport, Davenport, Lincoln County",330029,Davenport,2017-12-11 07:44:25.115001
2014-03-05,13:15,52.3,52.3,47.8,84.6,0.0,SW@16.9,24.3,31.8,0.0,419,"Davenport, Davenport, Lincoln County",330029,Davenport,2017-12-11 07:44:25.115001
2014-03-05,13:30,52.8,52.7,47.9,83.5,0.0,SW@18.3,27.5,31.8,0.0,379,"Davenport, Davenport, Lincoln County",330029,Davenport,2017-12-11 07:44:25.115001
2014-03-05,13:45,53.2,53.1,48.3,83.1,0.0,SW@21.4,29.3,31.8,0.0,420,"Davenport, Davenport, Lincoln County",330029,Davenport,2017-12-11 07:44:25.115001
2014-03-05,14:00,53.9,53.7,48.4,81.6,0.0,SW@22.8,28.2,31.8,0.0,475,"Davenport, Davenport, Lincoln County",330029,Davenport,2017-12-11 07:44:25.115001
2014-03-05,14:15,53.3,53.1,48.4,83.6,0.0,SW@20.0,26.8,31.8,0.0,296,"Davenport, Davenport, Lincoln County",330029,Davenport,2017-12-11 07:44:25.115001
2014-03-05,14:30,52.4,52.4,48.4,86.1,0.0,SW@16.9,21.4,31.8,0.0,220,"Davenport, Davenport, Lincoln County",330029,Davenport,2017-12-11 07:44:25.115001
2014-03-05,14:45,51.7,51.8,47.7,86.1,0.0,SW@16.1,20.3,31.8,0.0,188,"Davenport, Davenport, Lincoln County",330029,Davenport,2017-12-11 07:44:25.115001
2014-03-05,15:00,51.0,51.0,47.3,87.1,0.0,SW@14.5,21.0,31.8,0.0,130,"Davenport, Davenport, Lincoln County",330029,Davenport,2017-12-11 07:44:25.115001
2014-03-05,15:15,50.1,50.2,46.5,87.1,0.0,SW@16.2,21.4,31.8,0.0,91,"Davenport, Davenport, Lincoln County",330029,Davenport,2017-12-11 07:44:25.115001
2014-03-05,15:30,49.5,49.6,46.2,88.0,0.0,SW@15.1,20.3,31.8,0.0,79,"Davenport, Davenport, Lincoln County",330029,Davenport,2017-12-11 07:44:25.115001
2014-03-05,15:45,49.0,49.0,46.0,89.3,0.0,SW@13.2,17.8,31.8,0.0,63,"Davenport, Davenport, Lincoln County",330029,Davenport,2017-12-11 07:44:25.115001
2014-03-05,16:00,49.3,49.4,46.2,89.0,0.0,SW@15.1,20.0,31.8,0.0,113,"Davenport, Davenport, Lincoln County",330029,Davenport,2017-12-11 07:44:25.115001
2014-03-05,16:15,49.3,49.4,46.1,88.6,0.0,SW@14.1,17.1,31.8,0.0,78,"Davenport, Davenport, Lincoln County",330029,Davenport,2017-12-11 07:44:25.115001
2014-03-05,16:30,48.9,49.0,45.9,89.1,0.0,S@12.1,16.4,31.8,0.0,59,"Davenport, Davenport, Lincoln County",330029,Davenport,2017-12-11 07:44:25.115001
2014-03-05,16:45,47.6,47.7,45.3,91.6,0.0,S@10.5,13.5,31.8,0.0,45,"Davenport, Davenport, Lincoln County",330029,Davenport,2017-12-11 07:44:25.115001
2014-03-05,17:00,47.6,47.6,45.4,92.2,0.0,S@10.8,13.9,31.9,0.0,34,"Davenport, Davenport, Lincoln County",330029,Davenport,2017-12-11 07:44:25.115001
2014-03-05,17:15,46.9,47.0,45.0,93.1,0.0,S@11.0,14.2,31.9,0.0,19,"Davenport, Davenport, Lincoln County",330029,Davenport,2017-12-11 07:44:25.115001
2014-03-05,17:30,46.6,46.7,44.8,93.3,0.0,S@12.5,15.7,31.9,0.0,8,"Davenport, Davenport, Lincoln County",330029,Davenport,2017-12-11 07:44:25.115001
2014-03-05,17:45,46.2,46.3,44.5,93.6,0.0,S@10.6,13.2,31.9,0.0,0,"Davenport, Davenport, Lincoln County",330029,Davenport,2017-12-11 07:44:25.115001
2014-03-05,18:00,45.6,45.7,44.1,94.5,0.0,S@11.7,13.9,31.9,0.0,0,"Davenport, Davenport, Lincoln County",330029,Davenport,2017-12-11 07:44:25.115001
2014-03-05,18:15,46.1,46.3,44.7,94.6,0.0,S@10.9,12.8,31.9,0.0,0,"Davenport, Davenport, Lincoln County",330029,Davenport,2017-12-11 07:44:25.115001
2014-03-05,18:30,46.5,46.6,45.0,94.7,0.0,S@12.7,17.1,31.9,0.0,0,"Davenport, Davenport, Lincoln County",330029,Davenport,2017-12-11 07:44:25.115001
2014-03-05,18:45,46.0,46.1,45.3,97.5,0.04,S@11.1,15.3,31.9,0.0,0,"Davenport, Davenport, Lincoln County",330029,Davenport,2017-12-11 07:44:25.115001
2014-03-05,19:00,45.5,45.6,45.1,98.6,0.26,S@10.1,12.8,31.8,0.01,0,"Davenport, Davenport, Lincoln County",330029,Davenport,2017-12-11 07:44:25.115001
2014-03-05,19:15,45.1,45.2,45.1,99.9,0.88,S@9.1,12.1,31.9,0.03,0,"Davenport, Davenport, Lincoln County",330029,Davenport,2017-12-11 07:44:25.115001
2014-03-05,19:30,44.6,44.7,44.6,100.0,0.89,SE@8.5,11.7,31.9,0.03,0,"Davenport, Davenport, Lincoln County",330029,Davenport,2017-12-11 07:44:25.115001
2014-03-05,19:45,44.4,44.5,44.4,100.0,0.86,SE@7.9,11.0,31.9,0.04,0,"Davenport, Davenport, Lincoln County",330029,Davenport,2017-12-11 07:44:25.115001
2014-03-05,20:00,44.2,44.2,44.2,100.0,0.82,SE@6.8,12.1,31.9,0.06,0,"Davenport, Davenport, Lincoln County",330029,Davenport,2017-12-11 07:44:25.115001
2014-03-05,20:15,44.0,44.0,44.0,100.0,0.8,SE@5.5,8.2,31.9,0.02,0,"Davenport, Davenport, Lincoln County",330029,Davenport,2017-12-11 07:44:25.115001
2014-03-05,20:30,43.6,43.7,43.6,100.0,0.82,SE@8.7,14.2,31.9,0.02,0,"Davenport, Davenport, Lincoln County",330029,Davenport,2017-12-11 07:44:25.115001
2014-03-05,20:45,43.6,43.7,43.6,100.0,0.83,SE@10.2,13.9,31.9,0.04,0,"Davenport, Davenport, Lincoln County",330029,Davenport,2017-12-11 07:44:25.115001
2014-03-05,21:00,43.4,43.5,43.4,100.0,0.8,SE@7.8,11.0,31.9,0.04,0,"Davenport, Davenport, Lincoln County",330029,Davenport,2017-12-11 07:44:25.115001
2014-03-05,21:15,43.4,43.4,43.4,100.0,0.81,SE@7.0,11.7,31.9,0.02,0,"Davenport, Davenport, Lincoln County",330029,Davenport,2017-12-11 07:44:25.115001
2014-03-05,21:30,42.9,42.9,42.9,100.0,0.82,SE@7.3,11.4,31.9,0.01,0,"Davenport, Davenport, Lincoln County",330029,Davenport,2017-12-11 07:44:25.115001
2014-03-05,21:45,42.7,42.8,42.7,100.0,0.82,SE@8.2,12.8,31.9,0.01,0,"Davenport, Davenport, Lincoln County",330029,Davenport,2017-12-11 07:44:25.115001
2014-03-05,22:00,43.0,43.1,43.0,100.0,0.83,SE@9.0,14.2,31.9,0.02,0,"Davenport, Davenport, Lincoln County",330029,Davenport,2017-12-11 07:44:25.115001
2014-03-05,22:15,42.9,43.0,42.9,100.0,0.82,SE@9.5,13.5,31.9,0.0,0,"Davenport, Davenport, Lincoln County",330029,Davenport,2017-12-11 07:44:25.115001
2014-03-05,22:30,42.9,43.0,42.9,100.0,0.83,SE@13.0,17.8,31.9,0.0,0,"Davenport, Davenport, Lincoln County",330029,Davenport,2017-12-11 07:44:25.115001
2014-03-05,22:45,43.0,43.1,43.0,100.0,0.83,SE@12.8,17.8,31.9,0.0,0,"Davenport, Davenport, Lincoln County",330029,Davenport,2017-12-11 07:44:25.115001
2014-03-05,23:00,42.9,43.0,42.9,100.0,0.85,SE@12.8,16.7,31.9,0.02,0,"Davenport, Davenport, Lincoln County",330029,Davenport,2017-12-11 07:44:25.115001
2014-03-05,23:15,43.7,43.9,43.7,100.0,0.85,S@14.6,22.8,31.9,0.02,0,"Davenport, Davenport, Lincoln County",330029,Davenport,2017-12-11 07:44:25.115001
2014-03-05,23:30,44.8,45.1,44.8,100.0,0.84,S@19.9,27.8,31.9,0.0,0,"Davenport, Davenport, Lincoln County",330029,Davenport,2017-12-11 07:44:25.115001
2014-03-05,23:45,46.0,46.3,46.0,100.0,0.84,S@23.4,31.1,31.9,0.01,0,"Davenport, Davenport, Lincoln County",330029,Davenport,2017-12-11 07:44:25.115001
2014-03-05,24:00,46.1,46.3,46.1,100.0,0.83,SW@18.1,30.3,31.9,0.01,0,"Davenport, Davenport, Lincoln County",330029,Davenport,2017-12-11 07:44:25.115001
2014-03-06,00:15,45.5,45.6,45.5,100.0,0.84,S@14.1,20.0,31.9,0.0,0,"Davenport, Davenport, Lincoln County",330029,Davenport,2017-12-11 07:44:25.115001
2014-03-06,00:30,44.8,45.0,44.8,100.0,0.84,S@17.5,23.2,31.9,0.01,0,"Davenport, Davenport, Lincoln County",330029,Davenport,2017-12-11 07:44:25.115001
2014-03-06,00:45,45.0,45.1,45.0,100.0,0.84,S@14.9,21.8,31.9,0.0,0,"Davenport, Davenport, Lincoln County",330029,Davenport,2017-12-11 07:44:25.115001
2014-03-06,01:00,44.7,44.8,44.7,100.0,0.84,S@15.4,22.5,31.9,0.0,0,"Davenport, Davenport, Lincoln County",330029,Davenport,2017-12-11 07:44:25.115001
2014-03-06,01:15,44.7,44.8,44.5,99.1,0.82,S@19.2,24.6,31.9,0.0,0,"Davenport, Davenport, Lincoln County",330029,Davenport,2017-12-11 07:44:25.115001
2014-03-06,01:30,44.7,44.8,44.1,97.8,0.79,S@20.8,25.7,31.9,0.0,0,"Davenport, Davenport, Lincoln County",330029,Davenport,2017-12-11 07:44:25.115001
2014-03-06,01:45,44.4,44.4,43.1,95.3,0.72,SW@20.2,28.6,31.9,0.0,0,"Davenport, Davenport, Lincoln County",330029,Davenport,2017-12-11 07:44:25.115001
2014-03-06,02:00,43.8,44.0,42.0,93.4,0.61,SW@19.4,28.2,31.9,0.0,0,"Davenport, Davenport, Lincoln County",330029,Davenport,2017-12-11 07:44:25.115001
2014-03-06,02:15,43.5,43.5,40.9,90.4,0.12,SW@18.7,26.0,31.9,0.0,0,"Davenport, Davenport, Lincoln County",330029,Davenport,2017-12-11 07:44:25.115001
2014-03-06,02:30,42.7,42.8,40.8,93.1,0.0,SW@18.5,23.5,31.9,0.0,0,"Davenport, Davenport, Lincoln County",330029,Davenport,2017-12-11 07:44:25.115001
2014-03-06,02:45,42.5,42.6,40.8,93.5,0.0,SW@19.6,26.4,31.9,0.0,0,"Davenport, Davenport, Lincoln County",330029,Davenport,2017-12-11 07:44:25.115001
2014-03-06,03:00,42.1,42.2,40.4,93.7,0.0,SW@16.5,23.2,31.9,0.0,0,"Davenport, Davenport, Lincoln County",330029,Davenport,2017-12-11 07:44:25.115001
2014-03-06,03:15,42.0,42.1,40.8,95.6,0.0,SW@17.1,22.1,31.9,0.0,0,"Davenport, Davenport, Lincoln County",330029,Davenport,2017-12-11 07:44:25.115001
2014-03-06,03:30,41.8,41.9,41.2,97.6,0.09,SW@13.7,19.6,31.9,0.0,0,"Davenport, Davenport, Lincoln County",330029,Davenport,2017-12-11 07:44:25.115001
2014-03-06,03:45,41.8,41.9,41.2,97.7,0.14,SW@16.6,21.0,31.9,0.0,0,"Davenport, Davenport, Lincoln County",330029,Davenport,2017-12-11 07:44:25.115001
2014-03-06,04:00,42.0,42.1,40.5,94.5,0.02,SW@18.1,24.3,31.9,0.0,0,"Davenport, Davenport, Lincoln County",330029,Davenport,2017-12-11 07:44:25.115001
2014-03-06,04:15,41.5,41.7,39.1,91.0,0.0,SW@17.0,24.3,31.9,0.0,0,"Davenport, Davenport, Lincoln County",330029,Davenport,2017-12-11 07:44:25.115001
2014-03-06,04:30,41.1,41.2,38.1,88.9,0.0,SW@15.6,21.4,31.9,0.0,0,"Davenport, Davenport, Lincoln County",330029,Davenport,2017-12-11 07:44:25.115001
2014-03-06,04:45,40.5,40.6,38.0,90.8,0.0,SW@15.0,19.6,31.9,0.0,0,"Davenport, Davenport, Lincoln County",330029,Davenport,2017-12-11 07:44:25.115001
2014-03-06,05:00,40.7,40.9,38.8,92.9,0.0,S@16.4,20.7,31.9,0.0,0,"Davenport, Davenport, Lincoln County",330029,Davenport,2017-12-11 07:44:25.115001
2014-03-06,05:15,40.8,40.9,38.3,90.7,0.0,SW@17.5,24.3,31.9,0.0,0,"Davenport, Davenport, Lincoln County",330029,Davenport,2017-12-11 07:44:25.115001
2014-03-06,05:30,40.3,40.4,37.6,89.9,0.0,SW@16.4,21.4,31.9,0.0,0,"Davenport, Davenport, Lincoln County",330029,Davenport,2017-12-11 07:44:25.115001
2014-03-06,05:45,39.6,39.6,37.1,90.6,0.0,SW@11.8,16.7,31.9,0.0,0,"Davenport, Davenport, Lincoln County",330029,Davenport,2017-12-11 07:44:25.115001
2014-03-06,06:00,38.9,39.0,37.1,92.9,0.0,S@12.9,17.8,31.9,0.0,0,"Davenport, Davenport, Lincoln County",330029,Davenport,2017-12-11 07:44:25.115001
2014-03-06,06:15,39.4,39.6,37.9,94.1,0.0,S@15.7,20.0,31.9,0.0,0,"Davenport, Davenport, Lincoln County",330029,Davenport,2017-12-11 07:44:25.115001
2014-03-06,06:30,39.8,39.9,37.6,91.7,0.0,S@16.9,24.6,31.9,0.0,3,"Davenport, Davenport, Lincoln County",330029,Davenport,2017-12-11 07:44:25.115001
2014-03-06,06:45,39.8,39.8,37.0,89.7,0.0,S@17.3,25.0,31.9,0.0,15,"Davenport, Davenport, Lincoln County",330029,Davenport,2017-12-11 07:44:25.115001
2014-03-06,07:00,39.5,39.4,36.8,90.0,0.0,S@14.6,18.9,31.9,0.0,54,"Davenport, Davenport, Lincoln County",330029,Davenport,2017-12-11 07:44:25.115001
2014-03-06,07:15,40.1,40.1,37.3,89.6,0.0,S@16.6,21.0,31.9,0.0,85,"Davenport, Davenport, Lincoln County",330029,Davenport,2017-12-11 07:44:25.115001
2014-03-06,07:30,40.8,40.8,37.4,87.6,0.0,S@18.6,23.5,31.9,0.0,121,"Davenport, Davenport, Lincoln County",330029,Davenport,2017-12-11 07:44:25.115001
2014-03-06,07:45,41.4,41.3,37.5,86.0,0.0,S@19.3,24.6,31.9,0.0,152,"Davenport, Davenport, Lincoln County",330029,Davenport,2017-12-11 07:44:25.115001
2014-03-06,08:00,41.3,41.2,37.5,86.5,0.0,S@18.1,22.5,31.9,0.0,59,"Davenport, Davenport, Lincoln County",330029,Davenport,2017-12-11 07:44:25.115001
2014-03-06,08:15,42.0,42.1,38.0,85.6,0.0,S@19.7,25.7,31.9,0.0,154,"Davenport, Davenport, Lincoln County",330029,Davenport,2017-12-11 07:44:25.115001
2014-03-06,08:30,43.1,43.0,38.3,83.2,0.0,S@21.2,28.6,31.9,0.0,273,"Davenport, Davenport, Lincoln County",330029,Davenport,2017-12-11 07:44:25.115001
2014-03-06,08:45,44.3,44.3,38.7,80.3,0.0,SW@21.1,27.5,31.9,0.0,313,"Davenport, Davenport, Lincoln County",330029,Davenport,2017-12-11 07:44:25.115001
2014-03-06,09:00,45.6,45.5,39.1,78.0,0.0,SW@19.1,24.6,31.9,0.0,365,"Davenport, Davenport, Lincoln County",330029,Davenport,2017-12-11 07:44:25.115001
2014-03-06,09:15,46.7,46.5,39.4,75.5,0.0,SW@19.7,25.0,31.9,0.0,416,"Davenport, Davenport, Lincoln County",330029,Davenport,2017-12-11 07:44:25.115001
2014-03-06,09:30,47.5,47.3,40.3,75.9,0.0,S@18.7,25.7,31.9,0.0,441,"Davenport, Davenport, Lincoln County",330029,Davenport,2017-12-11 07:44:25.115001
2014-03-06,09:45,48.0,47.8,40.5,75.0,0.0,S@21.6,28.6,31.9,0.0,476,"Davenport, Davenport, Lincoln County",330029,Davenport,2017-12-11 07:44:25.115001
2014-03-06,10:00,49.0,48.9,40.8,73.0,0.0,S@21.9,28.6,31.9,0.0,469,"Davenport, Davenport, Lincoln County",330029,Davenport,2017-12-11 07:44:25.115001
2014-03-06,10:15,48.8,48.7,39.8,70.9,0.0,SW@22.2,32.1,31.9,0.0,312,"Davenport, Davenport, Lincoln County",330029,Davenport,2017-12-11 07:44:25.115001
2014-03-06,10:30,50.0,49.9,40.2,68.8,0.0,SW@24.2,31.4,31.9,0.0,507,"Davenport, Davenport, Lincoln County",330029,Davenport,2017-12-11 07:44:25.115001
2014-03-06,10:45,50.4,50.2,40.6,68.9,0.0,S@22.1,30.7,31.9,0.0,449,"Davenport, Davenport, Lincoln County",330029,Davenport,2017-12-11 07:44:25.115001
2014-03-06,11:00,49.2,49.1,39.4,68.8,0.0,SW@22.1,28.2,31.9,0.0,267,"Davenport, Davenport, Lincoln County",330029,Davenport,2017-12-11 07:44:25.115001
2014-03-06,11:15,49.1,49.1,39.6,69.6,0.0,SW@22.1,31.1,31.9,0.0,255,"Davenport, Davenport, Lincoln County",330029,Davenport,2017-12-11 07:44:25.115001
2014-03-06,11:30,48.5,48.5,39.2,69.9,0.0,SW@22.0,29.3,31.9,0.0,206,"Davenport, Davenport, Lincoln County",330029,Davenport,2017-12-11 07:44:25.115001
2014-03-06,11:45,48.6,48.6,39.2,69.9,0.0,SW@20.8,27.8,31.9,0.0,228,"Davenport, Davenport, Lincoln County",330029,Davenport,2017-12-11 07:44:25.115001
2014-03-06,12:00,48.5,48.5,39.1,69.7,0.0,SW@20.3,26.8,31.9,0.0,222,"Davenport, Davenport, Lincoln County",330029,Davenport,2017-12-11 07:44:25.115001
2014-03-06,12:15,48.2,48.2,39.5,71.7,0.0,S@19.1,25.7,31.9,0.0,164,"Davenport, Davenport, Lincoln County",330029,Davenport,2017-12-11 07:44:25.115001
2014-03-06,12:30,47.7,47.7,39.5,73.3,0.0,S@19.8,25.3,31.9,0.0,117,"Davenport, Davenport, Lincoln County",330029,Davenport,2017-12-11 07:44:25.115001
2014-03-06,12:45,47.9,48.0,39.4,72.3,0.0,S@18.8,23.5,31.9,0.0,189,"Davenport, Davenport, Lincoln County",330029,Davenport,2017-12-11 07:44:25.115001
2014-03-06,13:00,49.4,49.5,39.9,69.7,0.0,S@19.3,29.3,31.9,0.0,311,"Davenport, Davenport, Lincoln County",330029,Davenport,2017-12-11 07:44:25.115001
2014-03-06,13:15,49.4,49.3,39.4,68.4,0.0,S@21.8,30.7,31.9,0.0,223,"Davenport, Davenport, Lincoln County",330029,Davenport,2017-12-11 07:44:25.115001
2014-03-06,13:30,48.6,48.5,38.5,67.8,0.0,SW@23.3,32.8,31.9,0.0,188,"Davenport, Davenport, Lincoln County",330029,Davenport,2017-12-11 07:44:25.115001
2014-03-06,13:45,46.7,46.7,36.7,68.1,0.0,SW@21.4,28.2,31.9,0.0,101,"Davenport, Davenport, Lincoln County",330029,Davenport,2017-12-11 07:44:25.115001
2014-03-06,14:00,46.7,46.7,36.9,68.5,0.0,S@20.7,28.9,31.9,0.0,116,"Davenport, Davenport, Lincoln County",330029,Davenport,2017-12-11 07:44:25.115001
2014-03-06,14:15,45.7,45.7,38.5,75.8,0.03,S@16.1,23.9,31.9,0.0,101,"Davenport, Davenport, Lincoln County",330029,Davenport,2017-12-11 07:44:25.115001
2014-03-06,14:30,45.3,45.3,39.1,78.6,0.0,S@13.8,23.9,31.9,0.0,97,"Davenport, Davenport, Lincoln County",330029,Davenport,2017-12-11 07:44:25.115001
2014-03-06,14:45,44.8,44.8,40.1,83.5,0.0,S@10.6,16.0,32.0,0.0,64,"Davenport, Davenport, Lincoln County",330029,Davenport,2017-12-11 07:44:25.115001
2014-03-06,15:00,44.9,45.0,40.1,83.1,0.0,S@11.0,18.5,32.0,0.0,59,"Davenport, Davenport, Lincoln County",330029,Davenport,2017-12-11 07:44:25.115001
2014-03-06,15:15,45.6,45.7,39.3,78.2,0.0,S@16.9,24.3,32.0,0.0,52,"Davenport, Davenport, Lincoln County",330029,Davenport,2017-12-11 07:44:25.115001
2014-03-06,15:30,45.2,45.3,39.4,79.8,0.0,S@16.4,24.3,31.9,0.01,31,"Davenport, Davenport, Lincoln County",330029,Davenport,2017-12-11 07:44:25.115001
2014-03-06,15:45,44.8,44.9,39.9,82.8,0.0,S@12.8,18.2,32.0,0.0,33,"Davenport, Davenport, Lincoln County",330029,Davenport,2017-12-11 07:44:25.115001
2014-03-06,16:00,44.7,44.7,40.3,84.6,0.05,S@12.8,20.3,32.0,0.0,32,"Davenport, Davenport, Lincoln County",330029,Davenport,2017-12-11 07:44:25.115001
2014-03-06,16:15,44.2,44.2,40.8,87.7,0.33,S@13.0,17.5,32.0,0.0,34,"Davenport, Davenport, Lincoln County",330029,Davenport,2017-12-11 07:44:25.115001
2014-03-06,16:30,44.0,44.0,40.9,88.9,0.17,S@12.0,15.3,31.9,0.0,34,"Davenport, Davenport, Lincoln County",330029,Davenport,2017-12-11 07:44:25.115001
2014-03-06,16:45,43.8,43.9,40.9,89.4,0.0,S@12.3,15.0,32.0,0.0,32,"Davenport, Davenport, Lincoln County",330029,Davenport,2017-12-11 07:44:25.115001
2014-03-06,17:00,43.7,43.7,40.8,89.6,0.0,S@11.8,15.3,32.0,0.0,25,"Davenport, Davenport, Lincoln County",330029,Davenport,2017-12-11 07:44:25.115001
2014-03-06,17:15,43.2,43.3,40.8,91.0,0.0,S@10.4,12.4,32.0,0.0,21,"Davenport, Davenport, Lincoln County",330029,Davenport,2017-12-11 07:44:25.115001
2014-03-06,17:30,42.9,43.0,40.7,91.8,0.0,S@9.9,12.8,32.0,0.0,11,"Davenport, Davenport, Lincoln County",330029,Davenport,2017-12-11 07:44:25.115001
2014-03-06,17:45,42.5,42.5,40.3,92.1,0.0,S@10.3,12.8,32.0,0.0,6,"Davenport, Davenport, Lincoln County",330029,Davenport,2017-12-11 07:44:25.115001
2014-03-06,18:00,41.7,41.8,39.7,92.4,0.0,S@9.8,12.8,32.0,0.0,1,"Davenport, Davenport, Lincoln County",330029,Davenport,2017-12-11 07:44:25.115001
2014-03-06,18:15,40.8,40.8,39.0,93.2,0.0,S@8.5,9.9,32.0,0.0,0,"Davenport, Davenport, Lincoln County",330029,Davenport,2017-12-11 07:44:25.115001
2014-03-06,18:30,40.2,40.3,38.7,94.2,0.0,S@7.9,9.9,32.0,0.0,0,"Davenport, Davenport, Lincoln County",330029,Davenport,2017-12-11 07:44:25.115001
2014-03-06,18:45,40.2,40.3,38.5,93.4,0.0,S@9.0,11.4,32.0,0.0,0,"Davenport, Davenport, Lincoln County",330029,Davenport,2017-12-11 07:44:25.115001
2014-03-06,19:00,40.1,40.2,37.4,89.8,0.0,S@8.8,11.4,32.0,0.0,0,"Davenport, Davenport, Lincoln County",330029,Davenport,2017-12-11 07:44:25.115001
2014-03-06,19:15,39.8,39.9,36.7,88.5,0.0,S@9.0,11.7,32.0,0.0,0,"Davenport, Davenport, Lincoln County",330029,Davenport,2017-12-11 07:44:25.115001
2014-03-06,19:30,39.7,39.9,36.8,89.2,0.0,SW@10.2,13.2,32.0,0.0,0,"Davenport, Davenport, Lincoln County",330029,Davenport,2017-12-11 07:44:25.115001
2014-03-06,19:45,40.8,41.0,37.7,88.6,0.0,SW@10.4,14.2,32.0,0.0,0,"Davenport, Davenport, Lincoln County",330029,Davenport,2017-12-11 07:44:25.115001
2014-03-06,20:00,40.7,40.8,37.2,87.2,0.0,SW@10.0,14.2,32.0,0.0,0,"Davenport, Davenport, Lincoln County",330029,Davenport,2017-12-11 07:44:25.115001
2014-03-06,20:15,40.3,40.3,36.8,87.4,0.0,SW@9.7,13.2,32.0,0.0,0,"Davenport, Davenport, Lincoln County",330029,Davenport,2017-12-11 07:44:25.115001
2014-03-06,20:30,40.5,40.6,36.6,85.8,0.0,SW@11.1,15.3,32.0,0.0,0,"Davenport, Davenport, Lincoln County",330029,Davenport,2017-12-11 07:44:25.115001
2014-03-06,20:45,40.6,40.8,35.9,83.0,0.0,SW@12.6,16.7,32.0,0.0,0,"Davenport, Davenport, Lincoln County",330029,Davenport,2017-12-11 07:44:25.115001
2014-03-06,21:00,40.8,40.9,35.6,81.7,0.0,SW@13.4,19.2,32.0,0.01,0,"Davenport, Davenport, Lincoln County",330029,Davenport,2017-12-11 07:44:25.115001
2014-03-06,21:15,40.9,41.0,35.6,81.2,0.0,SW@14.7,19.6,32.0,0.0,0,"Davenport, Davenport, Lincoln County",330029,Davenport,2017-12-11 07:44:25.115001
2014-03-06,21:30,40.3,40.3,35.6,83.1,0.0,SW@14.0,18.5,32.0,0.0,0,"Davenport, Davenport, Lincoln County",330029,Davenport,2017-12-11 07:44:25.115001
2014-03-06,21:45,39.9,40.0,35.6,84.4,0.0,SW@14.2,19.2,32.0,0.0,0,"Davenport, Davenport, Lincoln County",330029,Davenport,2017-12-11 07:44:25.115001
2014-03-06,22:00,39.1,39.1,35.4,86.4,0.0,SW@11.9,17.5,32.0,0.0,0,"Davenport, Davenport, Lincoln County",330029,Davenport,2017-12-11 07:44:25.115001
2014-03-06,22:15,37.6,37.7,34.9,89.7,0.0,SW@10.6,13.9,32.0,0.0,0,"Davenport, Davenport, Lincoln County",330029,Davenport,2017-12-11 07:44:25.115001
2014-03-06,22:30,36.7,36.8,34.4,91.1,0.0,SW@9.5,14.6,32.0,0.0,0,"Davenport, Davenport, Lincoln County",330029,Davenport,2017-12-11 07:44:25.115001
2014-03-06,22:45,36.4,36.4,34.1,91.2,0.0,SW@9.5,12.8,32.0,0.0,0,"Davenport, Davenport, Lincoln County",330029,Davenport,2017-12-11 07:44:25.115001
2014-03-06,23:00,35.6,35.6,33.8,93.1,0.0,SW@10.5,13.9,32.0,0.0,0,"Davenport, Davenport, Lincoln County",330029,Davenport,2017-12-11 07:44:25.115001
2014-03-06,23:15,35.3,35.4,33.7,94.0,0.0,SW@11.9,15.0,32.0,0.0,0,"Davenport, Davenport, Lincoln County",330029,Davenport,2017-12-11 07:44:25.115001
2014-03-06,23:30,35.6,35.7,34.1,94.4,0.0,SW@13.3,16.4,32.0,0.0,0,"Davenport, Davenport, Lincoln County",330029,Davenport,2017-12-11 07:44:25.115001
2014-03-06,23:45,35.7,35.9,34.3,94.5,0.0,SW@14.2,19.2,32.0,0.0,0,"Davenport, Davenport, Lincoln County",330029,Davenport,2017-12-11 07:44:25.115001
2014-03-06,24:00,35.8,35.9,34.3,94.4,0.0,SW@14.3,19.2,32.0,0.0,0,"Davenport, Davenport, Lincoln County",330029,Davenport,2017-12-11 07:44:25.115001
