Date,Time PDT,Air Temp °F, Dew Point °F, Rel Hum %, Tot Prec in, Wind Dir @ Speed mph, Wind Gust mph, Leaf Wet u., Solar Rad W/m², 8 in. Soil Tmp °F,Location,Station ID,Station Name,Download Timestamp
2020-02-05,23:15,48.5,48.1,98.5,0.0,W@12.9,17.5,0.91,0,47.1,"Tokeland, Pacific County",344109,Tokeland,2020-05-13 15:35:03.719098
2020-02-05,23:30,48.5,48.1,98.5,0.01,W@12.4,17.8,0.91,0,47.0,"Tokeland, Pacific County",344109,Tokeland,2020-05-13 15:35:03.719098
2020-02-05,23:45,48.6,48.2,98.5,0.0,W@14.1,18.9,0.91,0,47.1,"Tokeland, Pacific County",344109,Tokeland,2020-05-13 15:35:03.719098
2020-02-05,24:00,48.6,48.2,98.5,0.0,W@14.1,20.0,0.92,0,47.1,"Tokeland, Pacific County",344109,Tokeland,2020-05-13 15:35:03.719098
2020-02-06,00:15,48.6,48.2,98.5,0.0,W@13.5,18.2,0.92,0,47.1,"Tokeland, Pacific County",344109,Tokeland,2020-05-13 15:35:03.719098
2020-02-06,00:30,48.6,48.2,98.5,0.0,W@13.6,17.5,0.92,0,47.2,"Tokeland, Pacific County",344109,Tokeland,2020-05-13 15:35:03.719098
2020-02-06,00:45,48.7,48.3,98.5,0.0,W@12.6,16.4,0.92,0,47.2,"Tokeland, Pacific County",344109,Tokeland,2020-05-13 15:35:03.719098
2020-02-06,01:00,48.7,48.3,98.5,0.0,W@13.3,17.8,0.92,0,47.2,"Tokeland, Pacific County",344109,Tokeland,2020-05-13 15:35:03.719098
2020-02-06,01:15,48.8,48.3,98.5,0.0,W@12.0,18.5,0.92,0,47.2,"Tokeland, Pacific County",344109,Tokeland,2020-05-13 15:35:03.719098
2020-02-06,01:30,48.8,48.4,98.5,0.01,W@11.8,16.4,0.9,0,47.1,"Tokeland, Pacific County",344109,Tokeland,2020-05-13 15:35:03.719098
2020-02-06,01:45,48.8,48.4,98.5,0.01,W@12.4,18.9,0.89,0,47.1,"Tokeland, Pacific County",344109,Tokeland,2020-05-13 15:35:03.719098
2020-02-06,02:00,48.8,48.4,98.5,0.01,W@12.4,17.1,0.89,0,47.1,"Tokeland, Pacific County",344109,Tokeland,2020-05-13 15:35:03.719098
2020-02-06,02:15,48.8,48.4,98.5,0.01,W@11.4,15.7,0.87,0,47.1,"Tokeland, Pacific County",344109,Tokeland,2020-05-13 15:35:03.719098
2020-02-06,02:30,48.8,48.4,98.5,0.02,W@10.8,14.6,0.85,0,47.1,"Tokeland, Pacific County",344109,Tokeland,2020-05-13 15:35:03.719098
2020-02-06,02:45,48.8,48.4,98.5,0.0,W@10.4,13.2,0.85,0,47.1,"Tokeland, Pacific County",344109,Tokeland,2020-05-13 15:35:03.719098
2020-02-06,03:00,48.8,48.4,98.5,0.01,W@11.6,15.3,0.85,0,47.1,"Tokeland, Pacific County",344109,Tokeland,2020-05-13 15:35:03.719098
2020-02-06,03:15,48.7,48.3,98.5,0.01,W@11.2,14.2,0.85,0,47.1,"Tokeland, Pacific County",344109,Tokeland,2020-05-13 15:35:03.719098
2020-02-06,03:30,48.6,48.2,98.5,0.0,W@10.6,15.3,0.86,0,47.1,"Tokeland, Pacific County",344109,Tokeland,2020-05-13 15:35:03.719098
2020-02-06,03:45,48.6,48.2,98.5,0.01,W@10.8,15.3,0.86,0,47.1,"Tokeland, Pacific County",344109,Tokeland,2020-05-13 15:35:03.719098
2020-02-06,04:00,48.6,48.2,98.5,0.0,W@10.7,14.6,0.86,0,47.1,"Tokeland, Pacific County",344109,Tokeland,2020-05-13 15:35:03.719098
2020-02-06,04:15,48.5,48.2,98.6,0.02,W@11.3,15.7,0.86,0,47.1,"Tokeland, Pacific County",344109,Tokeland,2020-05-13 15:35:03.719098
2020-02-06,04:30,48.5,48.1,98.6,0.01,W@11.5,16.7,0.85,0,47.1,"Tokeland, Pacific County",344109,Tokeland,2020-05-13 15:35:03.719098
2020-02-06,04:45,48.4,48.1,98.6,0.0,W@11.6,15.3,0.86,0,47.2,"Tokeland, Pacific County",344109,Tokeland,2020-05-13 15:35:03.719098
2020-02-06,05:00,48.5,48.1,98.6,0.01,W@11.8,15.7,0.87,0,47.2,"Tokeland, Pacific County",344109,Tokeland,2020-05-13 15:35:03.719098
2020-02-06,05:15,48.4,48.1,98.6,0.01,W@10.6,13.5,0.85,0,47.2,"Tokeland, Pacific County",344109,Tokeland,2020-05-13 15:35:03.719098
2020-02-06,05:30,48.4,48.0,98.6,0.0,W@9.6,15.0,0.85,0,47.2,"Tokeland, Pacific County",344109,Tokeland,2020-05-13 15:35:03.719098
2020-02-06,05:45,48.4,48.0,98.6,0.01,W@10.2,14.2,0.85,0,47.2,"Tokeland, Pacific County",344109,Tokeland,2020-05-13 15:35:03.719098
2020-02-06,06:00,48.3,48.0,98.6,0.0,W@9.8,12.8,0.86,0,47.2,"Tokeland, Pacific County",344109,Tokeland,2020-05-13 15:35:03.719098
2020-02-06,06:15,48.3,47.9,98.6,0.01,W@10.3,12.8,0.85,0,47.2,"Tokeland, Pacific County",344109,Tokeland,2020-05-13 15:35:03.719098
2020-02-06,06:30,48.3,47.9,98.6,0.01,W@10.2,14.6,0.84,0,47.2,"Tokeland, Pacific County",344109,Tokeland,2020-05-13 15:35:03.719098
2020-02-06,06:45,48.3,48.0,98.6,0.0,W@10.8,15.3,0.85,0,47.2,"Tokeland, Pacific County",344109,Tokeland,2020-05-13 15:35:03.719098
2020-02-06,07:00,48.4,48.0,98.6,0.0,W@11.0,15.7,0.85,0,47.2,"Tokeland, Pacific County",344109,Tokeland,2020-05-13 15:35:03.719098
2020-02-06,07:15,48.4,48.0,98.6,0.0,W@10.4,15.0,0.86,0,47.2,"Tokeland, Pacific County",344109,Tokeland,2020-05-13 15:35:03.719098
2020-02-06,07:30,48.4,48.0,98.6,0.03,W@10.6,15.7,0.86,0,47.3,"Tokeland, Pacific County",344109,Tokeland,2020-05-13 15:35:03.719098
2020-02-06,07:45,48.4,48.0,98.6,0.02,W@10.7,13.9,0.82,1,47.2,"Tokeland, Pacific County",344109,Tokeland,2020-05-13 15:35:03.719098
2020-02-06,08:00,48.4,48.0,98.6,0.01,W@10.8,15.7,0.81,8,47.3,"Tokeland, Pacific County",344109,Tokeland,2020-05-13 15:35:03.719098
2020-02-06,08:15,48.4,48.0,98.6,0.01,W@11.1,16.4,0.82,14,47.3,"Tokeland, Pacific County",344109,Tokeland,2020-05-13 15:35:03.719098
2020-02-06,08:30,48.4,48.0,98.6,0.01,W@10.3,14.2,0.83,11,47.3,"Tokeland, Pacific County",344109,Tokeland,2020-05-13 15:35:03.719098
2020-02-06,08:45,48.4,48.1,98.6,0.01,W@10.1,16.4,0.82,18,47.3,"Tokeland, Pacific County",344109,Tokeland,2020-05-13 15:35:03.719098
2020-02-06,09:00,48.5,48.2,98.6,0.01,W@8.7,11.4,0.83,20,47.3,"Tokeland, Pacific County",344109,Tokeland,2020-05-13 15:35:03.719098
2020-02-06,09:15,48.6,48.3,98.6,0.01,W@9.6,11.7,0.82,30,47.3,"Tokeland, Pacific County",344109,Tokeland,2020-05-13 15:35:03.719098
2020-02-06,09:30,48.7,48.3,98.6,0.01,W@11.2,15.3,0.82,32,47.3,"Tokeland, Pacific County",344109,Tokeland,2020-05-13 15:35:03.719098
2020-02-06,09:45,48.8,48.4,98.6,0.01,W@11.9,16.7,0.82,39,47.3,"Tokeland, Pacific County",344109,Tokeland,2020-05-13 15:35:03.719098
2020-02-06,10:00,48.9,48.5,98.6,0.01,W@12.7,17.8,0.83,51,47.3,"Tokeland, Pacific County",344109,Tokeland,2020-05-13 15:35:03.719098
2020-02-06,10:15,48.9,48.6,98.6,0.0,W@13.0,16.4,0.84,56,47.4,"Tokeland, Pacific County",344109,Tokeland,2020-05-13 15:35:03.719098
2020-02-06,10:30,49.1,48.7,98.6,0.0,W@13.0,16.7,0.85,79,47.4,"Tokeland, Pacific County",344109,Tokeland,2020-05-13 15:35:03.719098
2020-02-06,10:45,49.1,48.8,98.5,0.01,W@13.1,17.8,0.85,98,47.4,"Tokeland, Pacific County",344109,Tokeland,2020-05-13 15:35:03.719098
2020-02-06,11:00,49.3,48.9,98.4,0.01,W@12.5,17.8,0.84,162,47.4,"Tokeland, Pacific County",344109,Tokeland,2020-05-13 15:35:03.719098
2020-02-06,11:15,49.5,49.1,98.4,0.0,W@12.4,16.4,0.84,153,47.4,"Tokeland, Pacific County",344109,Tokeland,2020-05-13 15:35:03.719098
2020-02-06,11:30,49.4,49.0,98.4,0.0,W@12.6,17.8,0.86,104,47.4,"Tokeland, Pacific County",344109,Tokeland,2020-05-13 15:35:03.719098
2020-02-06,11:45,49.5,49.0,98.3,0.0,W@12.6,18.5,0.87,107,47.4,"Tokeland, Pacific County",344109,Tokeland,2020-05-13 15:35:03.719098
2020-02-06,12:00,49.5,49.1,98.3,0.0,W@12.9,18.5,0.88,108,47.5,"Tokeland, Pacific County",344109,Tokeland,2020-05-13 15:35:03.719098
2020-02-06,12:15,49.6,49.1,98.3,0.0,W@12.8,17.8,0.88,91,47.5,"Tokeland, Pacific County",344109,Tokeland,2020-05-13 15:35:03.719098
2020-02-06,12:30,49.6,49.1,98.3,0.0,W@12.8,19.2,0.89,71,47.5,"Tokeland, Pacific County",344109,Tokeland,2020-05-13 15:35:03.719098
2020-02-06,12:45,49.5,49.0,98.2,0.02,W@13.4,18.2,0.89,61,47.6,"Tokeland, Pacific County",344109,Tokeland,2020-05-13 15:35:03.719098
2020-02-06,13:00,49.5,49.1,98.2,0.04,W@14.1,21.0,0.87,85,47.5,"Tokeland, Pacific County",344109,Tokeland,2020-05-13 15:35:03.719098
2020-02-06,13:15,49.7,49.2,98.2,0.02,W@14.1,19.6,0.85,133,47.5,"Tokeland, Pacific County",344109,Tokeland,2020-05-13 15:35:03.719098
2020-02-06,13:30,49.7,49.2,98.2,0.03,W@14.7,20.0,0.85,101,47.5,"Tokeland, Pacific County",344109,Tokeland,2020-05-13 15:35:03.719098
2020-02-06,13:45,49.6,49.1,98.2,0.0,W@14.8,20.3,0.86,72,47.6,"Tokeland, Pacific County",344109,Tokeland,2020-05-13 15:35:03.719098
2020-02-06,14:00,49.7,49.2,98.1,0.0,W@15.0,20.3,0.89,79,47.6,"Tokeland, Pacific County",344109,Tokeland,2020-05-13 15:35:03.719098
2020-02-06,14:15,49.6,49.1,98.1,0.02,W@14.9,20.7,0.89,71,47.7,"Tokeland, Pacific County",344109,Tokeland,2020-05-13 15:35:03.719098
2020-02-06,14:30,49.7,49.2,98.1,0.01,W@14.7,20.7,0.88,65,47.7,"Tokeland, Pacific County",344109,Tokeland,2020-05-13 15:35:03.719098
2020-02-06,14:45,49.8,49.2,98.0,0.0,W@16.2,21.8,0.89,69,47.7,"Tokeland, Pacific County",344109,Tokeland,2020-05-13 15:35:03.719098
2020-02-06,15:00,49.8,49.3,98.0,0.0,W@16.3,22.5,0.91,49,47.8,"Tokeland, Pacific County",344109,Tokeland,2020-05-13 15:35:03.719098
2020-02-06,15:15,49.8,49.2,98.0,0.02,W@15.7,21.8,0.9,48,47.8,"Tokeland, Pacific County",344109,Tokeland,2020-05-13 15:35:03.719098
2020-02-06,15:30,49.7,49.2,98.0,0.0,W@14.8,20.0,0.91,47,47.8,"Tokeland, Pacific County",344109,Tokeland,2020-05-13 15:35:03.719098
2020-02-06,15:45,49.7,49.2,98.1,0.0,W@15.2,21.4,0.92,29,47.8,"Tokeland, Pacific County",344109,Tokeland,2020-05-13 15:35:03.719098
2020-02-06,16:00,49.8,49.3,98.1,0.01,W@15.5,21.4,0.92,18,47.9,"Tokeland, Pacific County",344109,Tokeland,2020-05-13 15:35:03.719098
2020-02-06,16:15,49.7,49.2,98.0,0.02,W@14.4,20.0,0.91,12,47.9,"Tokeland, Pacific County",344109,Tokeland,2020-05-13 15:35:03.719098
2020-02-06,16:30,49.6,49.1,98.0,0.05,W@14.2,20.3,0.89,8,47.9,"Tokeland, Pacific County",344109,Tokeland,2020-05-13 15:35:03.719098
2020-02-06,16:45,49.5,48.9,97.8,0.03,W@14.4,19.2,0.87,6,47.8,"Tokeland, Pacific County",344109,Tokeland,2020-05-13 15:35:03.719098
2020-02-06,17:00,49.4,48.8,97.7,0.03,W@14.2,19.2,0.87,5,47.9,"Tokeland, Pacific County",344109,Tokeland,2020-05-13 15:35:03.719098
2020-02-06,17:15,49.3,48.7,97.7,0.01,W@14.4,18.9,0.88,3,47.9,"Tokeland, Pacific County",344109,Tokeland,2020-05-13 15:35:03.719098
2020-02-06,17:30,49.3,48.7,97.7,0.03,W@14.1,18.5,0.89,0,47.9,"Tokeland, Pacific County",344109,Tokeland,2020-05-13 15:35:03.719098
2020-02-06,17:45,49.3,48.7,97.8,0.04,W@13.7,18.9,0.85,0,47.9,"Tokeland, Pacific County",344109,Tokeland,2020-05-13 15:35:03.719098
2020-02-06,18:00,49.2,48.6,97.8,0.03,W@13.4,18.2,0.84,0,47.9,"Tokeland, Pacific County",344109,Tokeland,2020-05-13 15:35:03.719098
2020-02-06,18:15,49.2,48.6,97.9,0.0,W@13.1,20.7,0.86,0,48.0,"Tokeland, Pacific County",344109,Tokeland,2020-05-13 15:35:03.719098
2020-02-06,18:30,49.2,48.6,97.9,0.02,W@12.7,18.2,0.87,0,48.0,"Tokeland, Pacific County",344109,Tokeland,2020-05-13 15:35:03.719098
2020-02-06,18:45,49.2,48.6,98.0,0.01,W@13.2,17.5,0.87,0,48.0,"Tokeland, Pacific County",344109,Tokeland,2020-05-13 15:35:03.719098
2020-02-06,19:00,49.2,48.7,98.1,0.0,W@12.8,17.8,0.88,0,48.1,"Tokeland, Pacific County",344109,Tokeland,2020-05-13 15:35:03.719098
2020-02-06,19:15,49.2,48.7,98.1,0.0,W@12.0,16.0,0.89,0,48.1,"Tokeland, Pacific County",344109,Tokeland,2020-05-13 15:35:03.719098
2020-02-06,19:30,49.2,48.7,98.2,0.01,W@12.8,16.7,0.89,0,48.1,"Tokeland, Pacific County",344109,Tokeland,2020-05-13 15:35:03.719098
2020-02-06,19:45,49.1,48.7,98.2,0.01,W@12.3,16.0,0.89,0,48.1,"Tokeland, Pacific County",344109,Tokeland,2020-05-13 15:35:03.719098
2020-02-06,20:00,49.1,48.7,98.3,0.01,W@12.7,16.4,0.87,0,48.1,"Tokeland, Pacific County",344109,Tokeland,2020-05-13 15:35:03.719098
2020-02-06,20:15,49.1,48.7,98.3,0.0,W@13.2,17.1,0.87,0,48.1,"Tokeland, Pacific County",344109,Tokeland,2020-05-13 15:35:03.719098
2020-02-06,20:30,49.1,48.7,98.3,0.0,W@13.2,18.2,0.88,0,48.1,"Tokeland, Pacific County",344109,Tokeland,2020-05-13 15:35:03.719098
2020-02-06,20:45,49.1,48.7,98.3,0.0,W@13.9,17.8,0.89,0,48.2,"Tokeland, Pacific County",344109,Tokeland,2020-05-13 15:35:03.719098
2020-02-06,21:00,49.0,48.6,98.3,0.01,W@12.9,17.8,0.88,0,48.2,"Tokeland, Pacific County",344109,Tokeland,2020-05-13 15:35:03.719098
2020-02-06,21:15,49.0,48.5,98.4,0.0,W@12.4,17.5,0.89,0,48.2,"Tokeland, Pacific County",344109,Tokeland,2020-05-13 15:35:03.719098
2020-02-06,21:30,48.9,48.4,98.4,0.0,W@11.2,15.0,0.89,0,48.2,"Tokeland, Pacific County",344109,Tokeland,2020-05-13 15:35:03.719098
2020-02-06,21:45,48.8,48.4,98.4,0.0,W@11.2,14.2,0.89,0,48.2,"Tokeland, Pacific County",344109,Tokeland,2020-05-13 15:35:03.719098
2020-02-06,22:00,48.8,48.4,98.4,0.01,W@11.1,14.6,0.88,0,48.2,"Tokeland, Pacific County",344109,Tokeland,2020-05-13 15:35:03.719098
2020-02-06,22:15,48.8,48.4,98.4,0.01,W@13.2,18.2,0.88,0,48.2,"Tokeland, Pacific County",344109,Tokeland,2020-05-13 15:35:03.719098
2020-02-06,22:30,48.8,48.4,98.4,0.02,W@12.0,17.5,0.88,0,48.2,"Tokeland, Pacific County",344109,Tokeland,2020-05-13 15:35:03.719098
2020-02-06,22:45,48.8,48.3,98.4,0.02,W@11.7,16.7,0.87,0,48.2,"Tokeland, Pacific County",344109,Tokeland,2020-05-13 15:35:03.719098
2020-02-06,23:00,48.7,48.3,98.4,0.02,W@11.7,15.3,0.86,0,48.2,"Tokeland, Pacific County",344109,Tokeland,2020-05-13 15:35:03.719098
2020-02-06,23:15,48.7,48.3,98.4,0.03,W@10.5,15.3,0.85,0,48.2,"Tokeland, Pacific County",344109,Tokeland,2020-05-13 15:35:03.719098
2020-02-06,23:30,48.7,48.2,98.4,0.02,W@12.0,15.3,0.84,0,48.2,"Tokeland, Pacific County",344109,Tokeland,2020-05-13 15:35:03.719098
2020-02-06,23:45,48.6,48.2,98.4,0.01,W@11.0,15.0,0.82,0,48.2,"Tokeland, Pacific County",344109,Tokeland,2020-05-13 15:35:03.719098
2020-02-06,24:00,48.6,48.2,98.4,0.02,W@11.0,14.2,0.82,0,48.2,"Tokeland, Pacific County",344109,Tokeland,2020-05-13 15:35:03.719098
2020-02-07,00:15,48.6,48.2,98.4,0.01,W@10.7,15.3,0.82,0,48.2,"Tokeland, Pacific County",344109,Tokeland,2020-05-13 15:35:03.719098
2020-02-07,00:30,48.7,48.2,98.4,0.01,W@11.2,16.0,0.82,0,48.2,"Tokeland, Pacific County",344109,Tokeland,2020-05-13 15:35:03.719098
2020-02-07,00:45,48.7,48.3,98.4,0.02,W@11.1,15.7,0.83,0,48.2,"Tokeland, Pacific County",344109,Tokeland,2020-05-13 15:35:03.719098
2020-02-07,01:00,48.7,48.3,98.4,0.01,W@11.2,15.7,0.82,0,48.2,"Tokeland, Pacific County",344109,Tokeland,2020-05-13 15:35:03.719098
2020-02-07,01:15,48.8,48.4,98.4,0.01,W@11.0,16.0,0.82,0,48.2,"Tokeland, Pacific County",344109,Tokeland,2020-05-13 15:35:03.719098
2020-02-07,01:30,48.8,48.4,98.4,0.0,W@11.1,15.7,0.83,0,48.2,"Tokeland, Pacific County",344109,Tokeland,2020-05-13 15:35:03.719098
2020-02-07,01:45,48.9,48.5,98.4,0.01,W@11.2,15.0,0.83,0,48.2,"Tokeland, Pacific County",344109,Tokeland,2020-05-13 15:35:03.719098
2020-02-07,02:00,48.9,48.5,98.4,0.0,W@12.2,17.5,0.84,0,48.3,"Tokeland, Pacific County",344109,Tokeland,2020-05-13 15:35:03.719098
2020-02-07,02:15,49.0,48.6,98.4,0.0,W@12.3,16.4,0.86,0,48.3,"Tokeland, Pacific County",344109,Tokeland,2020-05-13 15:35:03.719098
2020-02-07,02:30,49.0,48.6,98.4,0.0,W@12.3,17.1,0.87,0,48.3,"Tokeland, Pacific County",344109,Tokeland,2020-05-13 15:35:03.719098
2020-02-07,02:45,49.0,48.6,98.4,0.0,W@12.3,17.5,0.88,0,48.3,"Tokeland, Pacific County",344109,Tokeland,2020-05-13 15:35:03.719098
2020-02-07,03:00,49.0,48.6,98.4,0.0,W@12.4,18.2,0.89,0,48.3,"Tokeland, Pacific County",344109,Tokeland,2020-05-13 15:35:03.719098
2020-02-07,03:15,49.0,48.6,98.4,0.0,W@12.7,17.1,0.9,0,48.3,"Tokeland, Pacific County",344109,Tokeland,2020-05-13 15:35:03.719098
2020-02-07,03:30,49.0,48.6,98.4,0.01,W@13.1,18.5,0.9,0,48.4,"Tokeland, Pacific County",344109,Tokeland,2020-05-13 15:35:03.719098
2020-02-07,03:45,49.0,48.6,98.4,0.0,W@12.6,16.7,0.9,0,48.3,"Tokeland, Pacific County",344109,Tokeland,2020-05-13 15:35:03.719098
2020-02-07,04:00,49.1,48.6,98.4,0.0,W@12.4,17.1,0.9,0,48.3,"Tokeland, Pacific County",344109,Tokeland,2020-05-13 15:35:03.719098
2020-02-07,04:15,49.0,48.6,98.4,0.01,W@12.5,17.5,0.89,0,48.3,"Tokeland, Pacific County",344109,Tokeland,2020-05-13 15:35:03.719098
2020-02-07,04:30,48.9,48.5,98.4,0.0,W@12.0,16.0,0.89,0,48.3,"Tokeland, Pacific County",344109,Tokeland,2020-05-13 15:35:03.719098
2020-02-07,04:45,48.9,48.5,98.5,0.0,W@10.7,14.6,0.89,0,48.3,"Tokeland, Pacific County",344109,Tokeland,2020-05-13 15:35:03.719098
2020-02-07,05:00,48.8,48.4,98.5,0.0,W@11.9,16.7,0.89,0,48.3,"Tokeland, Pacific County",344109,Tokeland,2020-05-13 15:35:03.719098
2020-02-07,05:15,48.8,48.4,98.5,0.0,W@11.1,15.0,0.89,0,48.3,"Tokeland, Pacific County",344109,Tokeland,2020-05-13 15:35:03.719098
2020-02-07,05:30,48.8,48.4,98.4,0.0,W@10.3,13.9,0.89,0,48.3,"Tokeland, Pacific County",344109,Tokeland,2020-05-13 15:35:03.719098
2020-02-07,05:45,48.7,48.3,98.4,0.0,W@10.5,13.9,0.9,0,48.3,"Tokeland, Pacific County",344109,Tokeland,2020-05-13 15:35:03.719098
2020-02-07,06:00,48.7,48.3,98.4,0.01,W@10.1,15.7,0.9,0,48.4,"Tokeland, Pacific County",344109,Tokeland,2020-05-13 15:35:03.719098
2020-02-07,06:15,48.7,48.2,98.4,0.01,W@9.2,12.4,0.89,0,48.4,"Tokeland, Pacific County",344109,Tokeland,2020-05-13 15:35:03.719098
2020-02-07,06:30,48.7,48.2,98.3,0.01,W@9.1,12.8,0.89,0,48.3,"Tokeland, Pacific County",344109,Tokeland,2020-05-13 15:35:03.719098
2020-02-07,06:45,48.6,48.2,98.3,0.01,W@9.1,12.1,0.88,0,48.3,"Tokeland, Pacific County",344109,Tokeland,2020-05-13 15:35:03.719098
2020-02-07,07:00,48.6,48.2,98.4,0.01,W@9.5,13.2,0.87,0,48.3,"Tokeland, Pacific County",344109,Tokeland,2020-05-13 15:35:03.719098
2020-02-07,07:15,48.6,48.2,98.4,0.0,W@8.9,12.1,0.86,0,48.3,"Tokeland, Pacific County",344109,Tokeland,2020-05-13 15:35:03.719098
2020-02-07,07:30,48.7,48.3,98.4,0.01,W@8.2,11.7,0.85,0,48.3,"Tokeland, Pacific County",344109,Tokeland,2020-05-13 15:35:03.719098
2020-02-07,07:45,48.7,48.3,98.4,0.01,W@8.7,12.8,0.84,2,48.3,"Tokeland, Pacific County",344109,Tokeland,2020-05-13 15:35:03.719098
2020-02-07,08:00,48.8,48.4,98.5,0.01,W@9.2,13.5,0.84,7,48.3,"Tokeland, Pacific County",344109,Tokeland,2020-05-13 15:35:03.719098
2020-02-07,08:15,48.7,48.3,98.5,0.0,W@9.4,13.5,0.85,12,48.3,"Tokeland, Pacific County",344109,Tokeland,2020-05-13 15:35:03.719098
2020-02-07,08:30,48.7,48.4,98.5,0.01,W@9.4,13.9,0.85,15,48.3,"Tokeland, Pacific County",344109,Tokeland,2020-05-13 15:35:03.719098
2020-02-07,08:45,48.8,48.4,98.5,0.0,W@9.8,13.5,0.85,25,48.3,"Tokeland, Pacific County",344109,Tokeland,2020-05-13 15:35:03.719098
2020-02-07,09:00,48.9,48.5,98.5,0.01,W@11.1,15.0,0.85,32,48.3,"Tokeland, Pacific County",344109,Tokeland,2020-05-13 15:35:03.719098
2020-02-07,09:15,49.0,48.6,98.5,0.0,W@11.4,15.3,0.85,35,48.3,"Tokeland, Pacific County",344109,Tokeland,2020-05-13 15:35:03.719098
2020-02-07,09:30,49.0,48.6,98.5,0.01,W@11.4,16.4,0.85,44,48.3,"Tokeland, Pacific County",344109,Tokeland,2020-05-13 15:35:03.719098
2020-02-07,09:45,49.1,48.7,98.5,0.01,W@11.0,15.0,0.84,60,48.3,"Tokeland, Pacific County",344109,Tokeland,2020-05-13 15:35:03.719098
2020-02-07,10:00,49.2,48.8,98.5,0.0,W@12.0,16.7,0.84,116,48.3,"Tokeland, Pacific County",344109,Tokeland,2020-05-13 15:35:03.719098
2020-02-07,10:15,49.2,48.8,98.4,0.0,W@10.7,14.2,0.84,106,48.3,"Tokeland, Pacific County",344109,Tokeland,2020-05-13 15:35:03.719098
2020-02-07,10:30,49.3,48.9,98.4,0.0,W@9.1,12.1,0.84,109,48.3,"Tokeland, Pacific County",344109,Tokeland,2020-05-13 15:35:03.719098
2020-02-07,10:45,49.4,48.9,98.3,0.0,W@8.5,14.2,0.85,107,48.3,"Tokeland, Pacific County",344109,Tokeland,2020-05-13 15:35:03.719098
2020-02-07,11:00,49.3,48.8,98.2,0.0,SW@9.0,14.6,0.86,98,48.3,"Tokeland, Pacific County",344109,Tokeland,2020-05-13 15:35:03.719098
2020-02-07,11:15,49.3,48.8,98.0,0.0,SW@9.0,14.6,0.87,121,48.3,"Tokeland, Pacific County",344109,Tokeland,2020-05-13 15:35:03.719098
2020-02-07,11:30,49.4,48.8,97.8,0.0,SW@8.9,13.5,0.86,139,48.3,"Tokeland, Pacific County",344109,Tokeland,2020-05-13 15:35:03.719098
2020-02-07,11:45,49.4,48.7,97.4,0.0,SW@8.3,15.0,0.83,154,48.3,"Tokeland, Pacific County",344109,Tokeland,2020-05-13 15:35:03.719098
2020-02-07,12:00,49.5,48.7,97.0,0.0,SW@7.7,12.1,0.79,148,48.3,"Tokeland, Pacific County",344109,Tokeland,2020-05-13 15:35:03.719098
2020-02-07,12:15,49.4,48.5,96.7,0.0,SW@7.8,12.8,0.71,112,48.3,"Tokeland, Pacific County",344109,Tokeland,2020-05-13 15:35:03.719098
2020-02-07,12:30,49.3,48.3,96.4,0.0,SW@8.1,12.4,0.56,74,48.3,"Tokeland, Pacific County",344109,Tokeland,2020-05-13 15:35:03.719098
2020-02-07,12:45,49.1,48.0,96.0,0.0,SW@6.6,10.3,0.58,65,48.3,"Tokeland, Pacific County",344109,Tokeland,2020-05-13 15:35:03.719098
2020-02-07,13:00,49.0,47.9,96.0,0.0,SW@6.3,11.0,0.49,98,48.3,"Tokeland, Pacific County",344109,Tokeland,2020-05-13 15:35:03.719098
2020-02-07,13:15,49.3,48.1,95.4,0.0,SW@6.5,9.9,0.2,222,48.4,"Tokeland, Pacific County",344109,Tokeland,2020-05-13 15:35:03.719098
2020-02-07,13:30,49.6,48.0,94.2,0.0,SW@6.3,10.7,0.0,216,48.4,"Tokeland, Pacific County",344109,Tokeland,2020-05-13 15:35:03.719098
2020-02-07,13:45,49.4,47.6,93.3,0.0,SW@7.2,11.0,0.0,125,48.4,"Tokeland, Pacific County",344109,Tokeland,2020-05-13 15:35:03.719098
2020-02-07,14:00,49.5,47.4,92.4,0.0,SW@7.2,11.4,0.0,111,48.4,"Tokeland, Pacific County",344109,Tokeland,2020-05-13 15:35:03.719098
2020-02-07,14:15,49.5,47.3,92.0,0.0,SW@7.2,13.9,0.0,135,48.4,"Tokeland, Pacific County",344109,Tokeland,2020-05-13 15:35:03.719098
2020-02-07,14:30,49.5,47.2,91.7,0.0,SW@7.6,13.9,0.0,98,48.4,"Tokeland, Pacific County",344109,Tokeland,2020-05-13 15:35:03.719098
2020-02-07,14:45,49.5,47.1,91.4,0.0,SW@8.1,16.0,0.0,136,48.4,"Tokeland, Pacific County",344109,Tokeland,2020-05-13 15:35:03.719098
2020-02-07,15:00,49.3,46.6,90.2,0.0,SW@10.9,21.4,0.0,116,48.4,"Tokeland, Pacific County",344109,Tokeland,2020-05-13 15:35:03.719098
2020-02-07,15:15,49.3,46.5,90.2,0.0,SW@15.2,23.5,0.0,109,48.5,"Tokeland, Pacific County",344109,Tokeland,2020-05-13 15:35:03.719098
2020-02-07,15:30,48.8,46.7,92.3,0.0,SW@12.2,23.5,0.0,38,48.5,"Tokeland, Pacific County",344109,Tokeland,2020-05-13 15:35:03.719098
2020-02-07,15:45,48.4,46.7,93.9,0.02,SW@14.0,23.9,0.55,36,48.5,"Tokeland, Pacific County",344109,Tokeland,2020-05-13 15:35:03.719098
2020-02-07,16:00,48.3,46.8,94.8,0.02,SW@18.3,30.7,0.93,43,48.6,"Tokeland, Pacific County",344109,Tokeland,2020-05-13 15:35:03.719098
2020-02-07,16:15,48.2,46.9,95.2,0.02,S@16.7,27.8,0.95,25,48.6,"Tokeland, Pacific County",344109,Tokeland,2020-05-13 15:35:03.719098
2020-02-07,16:30,48.1,46.9,95.6,0.03,SW@15.7,28.6,1.0,20,48.7,"Tokeland, Pacific County",344109,Tokeland,2020-05-13 15:35:03.719098
2020-02-07,16:45,48.1,47.0,95.9,0.03,S@18.0,27.8,1.0,15,48.7,"Tokeland, Pacific County",344109,Tokeland,2020-05-13 15:35:03.719098
2020-02-07,17:00,48.1,47.1,96.0,0.05,SW@16.7,26.8,1.0,9,48.7,"Tokeland, Pacific County",344109,Tokeland,2020-05-13 15:35:03.719098
2020-02-07,17:15,45.8,44.5,95.0,0.08,SW@18.2,32.8,0.93,4,48.7,"Tokeland, Pacific County",344109,Tokeland,2020-05-13 15:35:03.719098
2020-02-07,17:30,45.5,43.2,91.5,0.01,W@15.3,24.3,0.89,3,48.6,"Tokeland, Pacific County",344109,Tokeland,2020-05-13 15:35:03.719098
2020-02-07,17:45,47.5,43.7,86.6,0.0,W@17.4,24.3,0.89,1,48.7,"Tokeland, Pacific County",344109,Tokeland,2020-05-13 15:35:03.719098
2020-02-07,18:00,48.0,43.3,83.5,0.0,W@18.1,24.6,0.66,0,48.6,"Tokeland, Pacific County",344109,Tokeland,2020-05-13 15:35:03.719098
2020-02-07,18:15,48.4,42.6,80.3,0.0,W@20.4,33.2,0.04,0,48.6,"Tokeland, Pacific County",344109,Tokeland,2020-05-13 15:35:03.719098
2020-02-07,18:30,48.5,40.8,74.7,0.0,W@19.9,29.6,0.0,0,48.6,"Tokeland, Pacific County",344109,Tokeland,2020-05-13 15:35:03.719098
2020-02-07,18:45,48.4,40.5,74.0,0.0,W@22.8,33.2,0.0,0,48.6,"Tokeland, Pacific County",344109,Tokeland,2020-05-13 15:35:03.719098
2020-02-07,19:00,48.1,40.7,75.5,0.0,W@20.5,28.6,0.0,0,48.7,"Tokeland, Pacific County",344109,Tokeland,2020-05-13 15:35:03.719098
2020-02-07,19:15,48.1,41.4,77.5,0.0,W@19.6,29.6,0.0,0,48.7,"Tokeland, Pacific County",344109,Tokeland,2020-05-13 15:35:03.719098
2020-02-07,19:30,48.1,41.3,77.1,0.0,W@20.5,26.4,0.0,0,48.6,"Tokeland, Pacific County",344109,Tokeland,2020-05-13 15:35:03.719098
2020-02-07,19:45,48.2,41.4,77.2,0.0,W@19.9,26.8,0.0,0,48.6,"Tokeland, Pacific County",344109,Tokeland,2020-05-13 15:35:03.719098
2020-02-07,20:00,48.1,41.7,78.6,0.0,W@18.8,26.4,0.0,0,48.6,"Tokeland, Pacific County",344109,Tokeland,2020-05-13 15:35:03.719098
2020-02-07,20:15,48.1,41.9,78.9,0.0,W@21.5,36.1,0.0,0,48.6,"Tokeland, Pacific County",344109,Tokeland,2020-05-13 15:35:03.719098
2020-02-07,20:30,48.0,42.1,79.8,0.0,W@18.7,30.0,0.0,0,48.6,"Tokeland, Pacific County",344109,Tokeland,2020-05-13 15:35:03.719098
2020-02-07,20:45,48.2,41.0,76.2,0.0,W@23.7,34.6,0.0,0,48.6,"Tokeland, Pacific County",344109,Tokeland,2020-05-13 15:35:03.719098
2020-02-07,21:00,47.8,41.5,78.4,0.0,W@22.4,30.3,0.1,0,48.6,"Tokeland, Pacific County",344109,Tokeland,2020-05-13 15:35:03.719098
2020-02-07,21:15,47.1,42.3,83.4,0.0,W@20.7,29.6,0.89,0,48.8,"Tokeland, Pacific County",344109,Tokeland,2020-05-13 15:35:03.719098
2020-02-07,21:30,46.8,42.2,83.9,0.01,W@21.9,34.6,0.98,0,49.0,"Tokeland, Pacific County",344109,Tokeland,2020-05-13 15:35:03.719098
2020-02-07,21:45,47.1,41.7,81.3,0.01,W@21.5,32.5,0.96,0,48.9,"Tokeland, Pacific County",344109,Tokeland,2020-05-13 15:35:03.719098
2020-02-07,22:00,46.2,41.3,83.0,0.0,W@21.3,31.1,1.0,0,48.9,"Tokeland, Pacific County",344109,Tokeland,2020-05-13 15:35:03.719098
2020-02-07,22:15,47.6,41.1,78.1,0.01,W@24.1,32.1,0.86,0,48.7,"Tokeland, Pacific County",344109,Tokeland,2020-05-13 15:35:03.719098
2020-02-07,22:30,46.8,41.0,80.1,0.01,W@25.2,34.3,1.0,0,48.8,"Tokeland, Pacific County",344109,Tokeland,2020-05-13 15:35:03.719098
2020-02-07,22:45,46.5,41.8,83.5,0.0,W@24.1,36.4,0.95,0,48.7,"Tokeland, Pacific County",344109,Tokeland,2020-05-13 15:35:03.719098
2020-02-07,23:00,46.2,41.8,84.4,0.02,W@24.0,33.2,1.0,0,48.8,"Tokeland, Pacific County",344109,Tokeland,2020-05-13 15:35:03.719098
2020-02-07,23:15,46.4,41.7,83.6,0.0,W@25.1,33.9,1.0,0,48.7,"Tokeland, Pacific County",344109,Tokeland,2020-05-13 15:35:03.719098
2020-02-07,23:30,45.5,42.6,89.7,0.03,W@20.8,33.6,1.0,0,48.7,"Tokeland, Pacific County",344109,Tokeland,2020-05-13 15:35:03.719098
2020-02-07,23:45,45.7,42.5,88.3,0.01,W@21.0,31.8,0.99,0,48.6,"Tokeland, Pacific County",344109,Tokeland,2020-05-13 15:35:03.719098
2020-02-07,24:00,46.1,41.9,85.0,0.0,W@22.0,34.6,0.96,0,48.5,"Tokeland, Pacific County",344109,Tokeland,2020-05-13 15:35:03.719098
2020-02-08,00:15,46.1,42.1,85.9,0.0,W@20.0,30.3,0.84,0,48.4,"Tokeland, Pacific County",344109,Tokeland,2020-05-13 15:35:03.719098
2020-02-08,00:30,45.7,42.0,86.6,0.0,W@21.6,32.8,0.97,0,48.5,"Tokeland, Pacific County",344109,Tokeland,2020-05-13 15:35:03.719098
2020-02-08,00:45,45.9,41.6,84.9,0.0,W@22.1,32.5,1.0,0,48.5,"Tokeland, Pacific County",344109,Tokeland,2020-05-13 15:35:03.719098
2020-02-08,01:00,46.0,41.6,84.5,0.0,W@23.2,35.0,0.99,0,48.4,"Tokeland, Pacific County",344109,Tokeland,2020-05-13 15:35:03.719098
2020-02-08,01:15,45.8,41.6,85.2,0.0,W@20.9,31.8,1.0,0,48.4,"Tokeland, Pacific County",344109,Tokeland,2020-05-13 15:35:03.719098
2020-02-08,01:30,46.2,41.5,83.7,0.0,W@20.0,29.6,0.83,0,48.3,"Tokeland, Pacific County",344109,Tokeland,2020-05-13 15:35:03.719098
2020-02-08,01:45,46.2,40.7,81.1,0.0,W@23.6,31.8,0.34,0,48.2,"Tokeland, Pacific County",344109,Tokeland,2020-05-13 15:35:03.719098
2020-02-08,02:00,46.1,40.1,79.2,0.0,W@22.3,31.8,0.29,0,48.2,"Tokeland, Pacific County",344109,Tokeland,2020-05-13 15:35:03.719098
2020-02-08,02:15,45.7,40.8,82.8,0.0,W@23.4,37.1,0.83,0,48.3,"Tokeland, Pacific County",344109,Tokeland,2020-05-13 15:35:03.719098
2020-02-08,02:30,45.8,40.8,82.5,0.0,W@21.2,32.1,1.0,0,48.4,"Tokeland, Pacific County",344109,Tokeland,2020-05-13 15:35:03.719098
2020-02-08,02:45,44.4,40.9,87.3,0.03,W@21.5,35.3,0.97,0,48.3,"Tokeland, Pacific County",344109,Tokeland,2020-05-13 15:35:03.719098
2020-02-08,03:00,44.8,40.6,85.1,0.0,W@19.4,32.8,0.98,0,48.2,"Tokeland, Pacific County",344109,Tokeland,2020-05-13 15:35:03.719098
2020-02-08,03:15,45.4,40.1,81.4,0.0,W@20.1,29.3,1.0,0,48.2,"Tokeland, Pacific County",344109,Tokeland,2020-05-13 15:35:03.719098
2020-02-08,03:30,44.8,40.6,84.9,0.02,W@20.5,36.4,1.0,0,48.2,"Tokeland, Pacific County",344109,Tokeland,2020-05-13 15:35:03.719098
2020-02-08,03:45,44.9,40.3,83.7,0.01,W@19.4,31.8,1.0,0,48.1,"Tokeland, Pacific County",344109,Tokeland,2020-05-13 15:35:03.719098
2020-02-08,04:00,45.5,39.4,79.0,0.0,W@19.4,28.6,1.0,0,48.1,"Tokeland, Pacific County",344109,Tokeland,2020-05-13 15:35:03.719098
2020-02-08,04:15,45.7,38.8,76.5,0.0,W@17.5,26.0,0.83,0,48.0,"Tokeland, Pacific County",344109,Tokeland,2020-05-13 15:35:03.719098
2020-02-08,04:30,45.9,37.8,73.2,0.0,W@20.4,31.1,0.07,0,47.9,"Tokeland, Pacific County",344109,Tokeland,2020-05-13 15:35:03.719098
2020-02-08,04:45,46.0,37.0,70.6,0.0,W@20.8,30.3,0.0,0,47.9,"Tokeland, Pacific County",344109,Tokeland,2020-05-13 15:35:03.719098
2020-02-08,05:00,45.7,37.0,71.4,0.0,W@17.9,26.0,0.0,0,47.9,"Tokeland, Pacific County",344109,Tokeland,2020-05-13 15:35:03.719098
2020-02-08,05:15,45.4,38.6,76.8,0.0,W@17.4,26.0,0.51,0,47.9,"Tokeland, Pacific County",344109,Tokeland,2020-05-13 15:35:03.719098
2020-02-08,05:30,45.1,39.4,80.4,0.0,W@17.7,27.1,0.98,0,47.9,"Tokeland, Pacific County",344109,Tokeland,2020-05-13 15:35:03.719098
2020-02-08,05:45,45.0,38.4,77.3,0.0,W@18.2,26.8,0.91,0,47.8,"Tokeland, Pacific County",344109,Tokeland,2020-05-13 15:35:03.719098
2020-02-08,06:00,44.8,37.9,76.5,0.0,W@18.2,26.4,0.96,0,47.9,"Tokeland, Pacific County",344109,Tokeland,2020-05-13 15:35:03.719098
2020-02-08,06:15,45.0,37.2,74.0,0.0,W@18.3,33.9,0.21,0,47.7,"Tokeland, Pacific County",344109,Tokeland,2020-05-13 15:35:03.719098
2020-02-08,06:30,44.8,37.2,74.4,0.0,W@17.1,25.0,0.06,0,47.7,"Tokeland, Pacific County",344109,Tokeland,2020-05-13 15:35:03.719098
2020-02-08,06:45,44.7,37.6,76.1,0.0,W@16.2,30.0,0.48,0,47.7,"Tokeland, Pacific County",344109,Tokeland,2020-05-13 15:35:03.719098
2020-02-08,07:00,43.8,37.3,77.8,0.0,W@17.4,26.4,1.0,0,47.8,"Tokeland, Pacific County",344109,Tokeland,2020-05-13 15:35:03.719098
2020-02-08,07:15,44.2,37.1,76.0,0.0,W@14.7,21.0,0.96,0,47.7,"Tokeland, Pacific County",344109,Tokeland,2020-05-13 15:35:03.719098
2020-02-08,07:30,43.8,37.7,78.9,0.0,W@12.0,17.8,1.0,1,47.7,"Tokeland, Pacific County",344109,Tokeland,2020-05-13 15:35:03.719098
2020-02-08,07:45,44.1,37.2,76.5,0.0,W@14.0,23.2,1.0,4,47.7,"Tokeland, Pacific County",344109,Tokeland,2020-05-13 15:35:03.719098
2020-02-08,08:00,43.0,37.8,81.7,0.02,W@15.8,28.9,1.0,5,47.6,"Tokeland, Pacific County",344109,Tokeland,2020-05-13 15:35:03.719098
2020-02-08,08:15,42.9,38.4,84.1,0.0,W@9.4,16.0,1.0,19,47.6,"Tokeland, Pacific County",344109,Tokeland,2020-05-13 15:35:03.719098
2020-02-08,08:30,44.3,37.4,76.3,0.0,W@10.8,17.5,0.97,24,47.5,"Tokeland, Pacific County",344109,Tokeland,2020-05-13 15:35:03.719098
2020-02-08,08:45,44.9,36.3,71.5,0.0,W@14.5,23.2,0.63,36,47.5,"Tokeland, Pacific County",344109,Tokeland,2020-05-13 15:35:03.719098
2020-02-08,09:00,45.0,35.9,70.2,0.0,W@14.0,20.7,0.02,37,47.4,"Tokeland, Pacific County",344109,Tokeland,2020-05-13 15:35:03.719098
2020-02-08,09:15,44.3,37.4,76.5,0.0,W@13.7,24.6,0.94,49,47.5,"Tokeland, Pacific County",344109,Tokeland,2020-05-13 15:35:03.719098
2020-02-08,09:30,44.1,38.1,79.4,0.0,W@11.1,20.3,1.0,54,47.4,"Tokeland, Pacific County",344109,Tokeland,2020-05-13 15:35:03.719098
2020-02-08,09:45,44.9,37.2,74.4,0.0,W@14.3,23.2,0.91,164,47.4,"Tokeland, Pacific County",344109,Tokeland,2020-05-13 15:35:03.719098
2020-02-08,10:00,45.6,37.6,73.3,0.0,W@17.0,25.3,0.2,247,47.3,"Tokeland, Pacific County",344109,Tokeland,2020-05-13 15:35:03.719098
2020-02-08,10:15,45.0,38.4,77.4,0.0,W@15.9,25.3,0.71,189,47.3,"Tokeland, Pacific County",344109,Tokeland,2020-05-13 15:35:03.719098
2020-02-08,10:30,44.3,38.5,79.9,0.0,W@13.8,18.9,1.0,161,47.3,"Tokeland, Pacific County",344109,Tokeland,2020-05-13 15:35:03.719098
2020-02-08,10:45,45.5,38.4,75.9,0.0,W@15.1,23.2,0.96,147,47.3,"Tokeland, Pacific County",344109,Tokeland,2020-05-13 15:35:03.719098
2020-02-08,11:00,45.2,38.7,77.6,0.0,W@14.2,22.5,0.94,118,47.3,"Tokeland, Pacific County",344109,Tokeland,2020-05-13 15:35:03.719098
2020-02-08,11:15,44.1,38.8,81.4,0.0,W@11.7,17.8,1.0,95,47.2,"Tokeland, Pacific County",344109,Tokeland,2020-05-13 15:35:03.719098
2020-02-08,11:30,44.5,39.2,81.4,0.0,W@11.1,16.7,1.0,122,47.2,"Tokeland, Pacific County",344109,Tokeland,2020-05-13 15:35:03.719098
2020-02-08,11:45,45.7,38.6,76.1,0.0,W@11.6,16.7,0.97,136,47.2,"Tokeland, Pacific County",344109,Tokeland,2020-05-13 15:35:03.719098
2020-02-08,12:00,45.6,38.2,75.3,0.01,W@12.2,17.1,0.79,114,47.1,"Tokeland, Pacific County",344109,Tokeland,2020-05-13 15:35:03.719098
2020-02-08,12:15,45.9,38.2,74.3,0.0,W@11.0,15.3,0.16,162,47.1,"Tokeland, Pacific County",344109,Tokeland,2020-05-13 15:35:03.719098
2020-02-08,12:30,45.8,38.2,74.7,0.0,W@10.4,17.5,0.27,179,47.1,"Tokeland, Pacific County",344109,Tokeland,2020-05-13 15:35:03.719098
2020-02-08,12:45,46.2,38.7,74.9,0.0,W@9.2,13.5,0.03,186,47.1,"Tokeland, Pacific County",344109,Tokeland,2020-05-13 15:35:03.719098
2020-02-08,13:00,46.2,38.1,73.4,0.0,W@12.2,17.8,0.16,316,47.1,"Tokeland, Pacific County",344109,Tokeland,2020-05-13 15:35:03.719098
2020-02-08,13:15,46.3,37.6,71.4,0.0,W@11.9,20.7,0.43,178,47.1,"Tokeland, Pacific County",344109,Tokeland,2020-05-13 15:35:03.719098
2020-02-08,13:30,46.6,37.8,71.3,0.0,W@10.6,15.0,0.18,111,47.1,"Tokeland, Pacific County",344109,Tokeland,2020-05-13 15:35:03.719098
2020-02-08,13:45,46.8,38.0,71.2,0.0,W@11.2,17.8,0.0,242,47.1,"Tokeland, Pacific County",344109,Tokeland,2020-05-13 15:35:03.719098
2020-02-08,14:00,46.2,37.6,71.7,0.0,W@11.9,18.5,0.76,173,47.1,"Tokeland, Pacific County",344109,Tokeland,2020-05-13 15:35:03.719098
2020-02-08,14:15,46.4,38.4,73.5,0.0,W@8.8,13.9,0.2,142,47.1,"Tokeland, Pacific County",344109,Tokeland,2020-05-13 15:35:03.719098
2020-02-08,14:30,46.9,38.5,72.3,0.0,W@10.7,14.2,0.06,168,47.1,"Tokeland, Pacific County",344109,Tokeland,2020-05-13 15:35:03.719098
2020-02-08,14:45,47.0,38.3,71.7,0.0,W@10.9,15.3,0.0,97,47.1,"Tokeland, Pacific County",344109,Tokeland,2020-05-13 15:35:03.719098
2020-02-08,15:00,46.9,37.7,70.1,0.0,W@11.7,18.5,0.0,126,47.1,"Tokeland, Pacific County",344109,Tokeland,2020-05-13 15:35:03.719098
2020-02-08,15:15,47.4,38.3,70.4,0.0,W@10.8,17.1,0.0,184,47.1,"Tokeland, Pacific County",344109,Tokeland,2020-05-13 15:35:03.719098
2020-02-08,15:30,47.4,39.0,72.3,0.0,W@12.1,16.4,0.0,199,47.1,"Tokeland, Pacific County",344109,Tokeland,2020-05-13 15:35:03.719098
2020-02-08,15:45,47.7,38.7,70.6,0.0,W@11.6,17.5,0.0,115,47.1,"Tokeland, Pacific County",344109,Tokeland,2020-05-13 15:35:03.719098
2020-02-08,16:00,47.7,38.8,71.3,0.0,W@9.8,13.5,0.0,69,47.1,"Tokeland, Pacific County",344109,Tokeland,2020-05-13 15:35:03.719098
2020-02-08,16:15,47.6,38.9,71.9,0.0,W@8.8,13.9,0.0,65,47.1,"Tokeland, Pacific County",344109,Tokeland,2020-05-13 15:35:03.719098
2020-02-08,16:30,47.1,39.3,74.0,0.0,W@5.7,8.5,0.02,42,47.1,"Tokeland, Pacific County",344109,Tokeland,2020-05-13 15:35:03.719098
2020-02-08,16:45,46.8,39.2,74.6,0.0,W@5.6,7.4,0.02,43,47.1,"Tokeland, Pacific County",344109,Tokeland,2020-05-13 15:35:03.719098
2020-02-08,17:00,46.7,39.3,75.4,0.0,W@5.0,7.4,0.05,33,47.1,"Tokeland, Pacific County",344109,Tokeland,2020-05-13 15:35:03.719098
2020-02-08,17:15,46.6,39.4,76.0,0.0,W@3.5,5.7,0.06,23,47.1,"Tokeland, Pacific County",344109,Tokeland,2020-05-13 15:35:03.719098
2020-02-08,17:30,46.3,39.4,76.8,0.0,NW@3.2,6.4,0.08,10,47.1,"Tokeland, Pacific County",344109,Tokeland,2020-05-13 15:35:03.719098
2020-02-08,17:45,45.9,39.9,79.2,0.0,N @1.7,3.1,0.16,3,47.0,"Tokeland, Pacific County",344109,Tokeland,2020-05-13 15:35:03.719098
2020-02-08,18:00,44.9,39.4,80.7,0.0,W@2.2,3.5,0.19,0,47.0,"Tokeland, Pacific County",344109,Tokeland,2020-05-13 15:35:03.719098
2020-02-08,18:15,43.3,39.0,84.7,0.0,W@2.8,3.9,0.22,0,47.0,"Tokeland, Pacific County",344109,Tokeland,2020-05-13 15:35:03.719098
2020-02-08,18:30,43.3,39.3,85.6,0.0,NW@1.9,3.5,0.24,0,47.0,"Tokeland, Pacific County",344109,Tokeland,2020-05-13 15:35:03.719098
2020-02-08,18:45,43.0,40.0,89.2,0.0,N@3.1,4.6,0.35,0,47.0,"Tokeland, Pacific County",344109,Tokeland,2020-05-13 15:35:03.719098
2020-02-08,19:00,42.4,40.0,90.8,0.0,N@2.7,4.6,0.49,0,47.0,"Tokeland, Pacific County",344109,Tokeland,2020-05-13 15:35:03.719098
2020-02-08,19:15,42.0,39.9,92.3,0.0,NE@2.6,4.6,0.65,0,47.0,"Tokeland, Pacific County",344109,Tokeland,2020-05-13 15:35:03.719098
2020-02-08,19:30,42.0,40.1,92.9,0.0,N @3.4,4.9,0.74,0,47.0,"Tokeland, Pacific County",344109,Tokeland,2020-05-13 15:35:03.719098
2020-02-08,19:45,40.9,39.2,93.3,0.0,NW@3.3,4.9,0.8,0,47.1,"Tokeland, Pacific County",344109,Tokeland,2020-05-13 15:35:03.719098
2020-02-08,20:00,40.9,39.3,93.9,0.0,NW@2.8,4.9,0.86,0,47.1,"Tokeland, Pacific County",344109,Tokeland,2020-05-13 15:35:03.719098
2020-02-08,20:15,40.7,39.2,94.1,0.0,N@3.1,5.3,0.89,0,47.1,"Tokeland, Pacific County",344109,Tokeland,2020-05-13 15:35:03.719098
2020-02-08,20:30,41.5,40.0,94.5,0.0,NE@4.7,7.8,0.92,0,47.0,"Tokeland, Pacific County",344109,Tokeland,2020-05-13 15:35:03.719098
2020-02-08,20:45,42.4,40.9,94.4,0.0,E@6.2,7.8,0.94,0,47.0,"Tokeland, Pacific County",344109,Tokeland,2020-05-13 15:35:03.719098
2020-02-08,21:00,42.4,40.5,93.0,0.0,NE@4.7,6.4,0.94,0,46.9,"Tokeland, Pacific County",344109,Tokeland,2020-05-13 15:35:03.719098
2020-02-08,21:15,41.1,39.3,93.0,0.0,NW@2.8,4.2,0.96,0,47.2,"Tokeland, Pacific County",344109,Tokeland,2020-05-13 15:35:03.719098
2020-02-08,21:30,40.2,38.5,93.4,0.0,W@2.1,3.1,1.0,0,47.2,"Tokeland, Pacific County",344109,Tokeland,2020-05-13 15:35:03.719098
2020-02-08,21:45,40.6,38.9,93.6,0.0,N @1.3,2.8,1.0,0,47.0,"Tokeland, Pacific County",344109,Tokeland,2020-05-13 15:35:03.719098
2020-02-08,22:00,41.0,39.4,93.9,0.0,N@3.2,4.9,1.0,0,47.1,"Tokeland, Pacific County",344109,Tokeland,2020-05-13 15:35:03.719098
2020-02-08,22:15,41.2,39.8,94.5,0.0,N @3.1,4.2,1.0,0,46.9,"Tokeland, Pacific County",344109,Tokeland,2020-05-13 15:35:03.719098
2020-02-08,22:30,42.0,40.5,94.5,0.0,E@4.0,5.3,1.0,0,46.9,"Tokeland, Pacific County",344109,Tokeland,2020-05-13 15:35:03.719098
2020-02-08,22:45,42.4,40.7,93.8,0.0,NE@4.9,6.7,1.0,0,46.8,"Tokeland, Pacific County",344109,Tokeland,2020-05-13 15:35:03.719098
2020-02-08,23:00,41.5,39.7,93.5,0.0,NE@3.2,4.6,1.0,0,46.8,"Tokeland, Pacific County",344109,Tokeland,2020-05-13 15:35:03.719098
2020-02-08,23:15,42.1,40.5,94.1,0.0,E@5.3,6.4,1.0,0,46.8,"Tokeland, Pacific County",344109,Tokeland,2020-05-13 15:35:03.719098
2020-02-08,23:30,42.2,40.6,94.0,0.0,E@5.5,7.1,1.0,0,46.8,"Tokeland, Pacific County",344109,Tokeland,2020-05-13 15:35:03.719098
2020-02-08,23:45,42.1,40.6,94.2,0.0,E@5.9,6.7,1.0,0,46.8,"Tokeland, Pacific County",344109,Tokeland,2020-05-13 15:35:03.719098
2020-02-08,24:00,42.1,40.7,94.6,0.0,E@6.0,7.4,1.0,0,46.8,"Tokeland, Pacific County",344109,Tokeland,2020-05-13 15:35:03.719098
2020-02-09,00:15,41.9,40.5,94.9,0.0,E@6.7,7.8,1.0,0,46.7,"Tokeland, Pacific County",344109,Tokeland,2020-05-13 15:35:03.719098
2020-02-09,00:30,41.7,40.3,94.7,0.0,E@7.2,8.5,1.0,0,46.7,"Tokeland, Pacific County",344109,Tokeland,2020-05-13 15:35:03.719098
2020-02-09,00:45,41.3,39.9,94.5,0.0,E@7.9,8.9,1.0,0,46.7,"Tokeland, Pacific County",344109,Tokeland,2020-05-13 15:35:03.719098
2020-02-09,01:00,40.9,39.5,94.8,0.0,E@8.4,9.9,1.0,0,46.6,"Tokeland, Pacific County",344109,Tokeland,2020-05-13 15:35:03.719098
2020-02-09,01:15,39.9,38.9,95.9,0.0,E@7.2,8.9,1.0,0,46.6,"Tokeland, Pacific County",344109,Tokeland,2020-05-13 15:35:03.719098
2020-02-09,01:30,39.6,38.8,96.8,0.0,E@7.4,8.5,1.0,0,46.6,"Tokeland, Pacific County",344109,Tokeland,2020-05-13 15:35:03.719098
2020-02-09,01:45,39.1,38.4,97.3,0.0,NE@6.9,8.5,1.0,0,46.5,"Tokeland, Pacific County",344109,Tokeland,2020-05-13 15:35:03.719098
2020-02-09,02:00,38.7,38.0,97.5,0.0,E@7.3,9.2,1.0,0,46.5,"Tokeland, Pacific County",344109,Tokeland,2020-05-13 15:35:03.719098
2020-02-09,02:15,38.7,38.1,97.7,0.0,E@8.3,9.9,1.0,0,46.4,"Tokeland, Pacific County",344109,Tokeland,2020-05-13 15:35:03.719098
2020-02-09,02:30,38.6,38.0,97.9,0.0,E@8.9,10.7,1.0,0,46.4,"Tokeland, Pacific County",344109,Tokeland,2020-05-13 15:35:03.719098
2020-02-09,02:45,38.4,37.9,98.1,0.0,E@10.3,11.7,1.0,0,46.4,"Tokeland, Pacific County",344109,Tokeland,2020-05-13 15:35:03.719098
2020-02-09,03:00,38.5,38.1,98.2,0.0,E@10.6,12.4,1.0,0,46.3,"Tokeland, Pacific County",344109,Tokeland,2020-05-13 15:35:03.719098
2020-02-09,03:15,38.1,37.7,98.3,0.0,E@10.6,12.1,1.0,0,46.3,"Tokeland, Pacific County",344109,Tokeland,2020-05-13 15:35:03.719098
2020-02-09,03:30,37.8,37.4,98.4,0.0,E@10.2,12.1,1.0,0,46.3,"Tokeland, Pacific County",344109,Tokeland,2020-05-13 15:35:03.719098
2020-02-09,03:45,37.6,37.2,98.5,0.0,E@8.5,9.6,1.0,0,46.2,"Tokeland, Pacific County",344109,Tokeland,2020-05-13 15:35:03.719098
2020-02-09,04:00,37.7,37.4,98.6,0.0,E@9.1,11.4,1.0,0,46.2,"Tokeland, Pacific County",344109,Tokeland,2020-05-13 15:35:03.719098
2020-02-09,04:15,37.7,37.3,98.6,0.0,E@9.3,11.0,1.0,0,46.2,"Tokeland, Pacific County",344109,Tokeland,2020-05-13 15:35:03.719098
2020-02-09,04:30,37.4,37.1,98.6,0.0,E@9.8,11.4,1.0,0,46.1,"Tokeland, Pacific County",344109,Tokeland,2020-05-13 15:35:03.719098
2020-02-09,04:45,37.0,36.7,98.7,0.0,E@9.1,10.3,1.0,0,46.1,"Tokeland, Pacific County",344109,Tokeland,2020-05-13 15:35:03.719098
2020-02-09,05:00,37.0,36.7,98.7,0.0,NE@7.4,8.5,1.0,0,46.0,"Tokeland, Pacific County",344109,Tokeland,2020-05-13 15:35:03.719098
2020-02-09,05:15,36.8,36.5,98.8,0.0,NE@7.8,9.2,1.0,0,46.0,"Tokeland, Pacific County",344109,Tokeland,2020-05-13 15:35:03.719098
2020-02-09,05:30,37.2,36.9,98.8,0.0,NE@7.2,8.5,1.0,0,46.0,"Tokeland, Pacific County",344109,Tokeland,2020-05-13 15:35:03.719098
2020-02-09,05:45,37.6,37.3,98.8,0.0,E@7.2,8.9,1.0,0,45.9,"Tokeland, Pacific County",344109,Tokeland,2020-05-13 15:35:03.719098
2020-02-09,06:00,38.0,37.7,98.8,0.0,NE@7.0,8.9,1.0,0,45.9,"Tokeland, Pacific County",344109,Tokeland,2020-05-13 15:35:03.719098
2020-02-09,06:15,38.2,37.8,98.8,0.0,E@8.8,10.7,1.0,0,45.9,"Tokeland, Pacific County",344109,Tokeland,2020-05-13 15:35:03.719098
2020-02-09,06:30,37.6,37.3,98.7,0.0,E@10.1,11.0,1.0,0,45.9,"Tokeland, Pacific County",344109,Tokeland,2020-05-13 15:35:03.719098
2020-02-09,06:45,37.5,37.1,98.7,0.0,E@8.8,10.7,1.0,0,45.9,"Tokeland, Pacific County",344109,Tokeland,2020-05-13 15:35:03.719098
2020-02-09,07:00,37.2,36.8,98.6,0.0,E@8.5,10.3,1.0,0,45.8,"Tokeland, Pacific County",344109,Tokeland,2020-05-13 15:35:03.719098
2020-02-09,07:15,36.3,35.9,98.5,0.0,E@8.6,10.3,1.0,0,45.8,"Tokeland, Pacific County",344109,Tokeland,2020-05-13 15:35:03.719098
2020-02-09,07:30,35.8,35.4,98.5,0.0,E@7.3,8.9,1.0,3,45.8,"Tokeland, Pacific County",344109,Tokeland,2020-05-13 15:35:03.719098
2020-02-09,07:45,36.0,35.6,98.5,0.0,E@7.6,9.6,1.0,13,45.7,"Tokeland, Pacific County",344109,Tokeland,2020-05-13 15:35:03.719098
2020-02-09,08:00,36.3,35.9,98.4,0.0,E@9.2,10.7,1.0,39,45.7,"Tokeland, Pacific County",344109,Tokeland,2020-05-13 15:35:03.719098
2020-02-09,08:15,36.2,35.7,98.3,0.0,E@8.9,10.7,1.0,98,45.7,"Tokeland, Pacific County",344109,Tokeland,2020-05-13 15:35:03.719098
2020-02-09,08:30,36.7,36.2,98.1,0.0,E@8.8,10.3,1.0,129,45.6,"Tokeland, Pacific County",344109,Tokeland,2020-05-13 15:35:03.719098
2020-02-09,08:45,37.2,36.6,97.9,0.0,E@9.0,11.0,1.0,156,45.6,"Tokeland, Pacific County",344109,Tokeland,2020-05-13 15:35:03.719098
2020-02-09,09:00,37.5,36.9,97.5,0.0,E@8.7,10.3,1.0,174,45.6,"Tokeland, Pacific County",344109,Tokeland,2020-05-13 15:35:03.719098
2020-02-09,09:15,38.0,37.2,97.0,0.0,E@8.5,9.6,1.0,236,45.6,"Tokeland, Pacific County",344109,Tokeland,2020-05-13 15:35:03.719098
2020-02-09,09:30,38.7,37.7,96.3,0.0,E@8.7,10.3,1.0,287,45.5,"Tokeland, Pacific County",344109,Tokeland,2020-05-13 15:35:03.719098
2020-02-09,09:45,39.1,38.0,95.7,0.0,E@9.0,10.3,1.0,274,45.5,"Tokeland, Pacific County",344109,Tokeland,2020-05-13 15:35:03.719098
2020-02-09,10:00,39.6,38.3,94.7,0.0,E@10.1,11.7,1.0,263,45.4,"Tokeland, Pacific County",344109,Tokeland,2020-05-13 15:35:03.719098
2020-02-09,10:15,40.4,38.7,93.7,0.0,E@9.9,12.1,0.94,314,45.4,"Tokeland, Pacific County",344109,Tokeland,2020-05-13 15:35:03.719098
2020-02-09,10:30,40.9,39.0,92.9,0.0,E@9.2,10.7,0.78,344,45.4,"Tokeland, Pacific County",344109,Tokeland,2020-05-13 15:35:03.719098
2020-02-09,10:45,41.8,39.7,92.0,0.0,E@9.4,10.7,0.26,380,45.4,"Tokeland, Pacific County",344109,Tokeland,2020-05-13 15:35:03.719098
2020-02-09,11:00,42.6,40.0,90.3,0.0,E@8.9,10.7,0.16,405,45.3,"Tokeland, Pacific County",344109,Tokeland,2020-05-13 15:35:03.719098
2020-02-09,11:15,43.5,39.7,86.2,0.0,E@6.6,8.2,0.1,425,45.3,"Tokeland, Pacific County",344109,Tokeland,2020-05-13 15:35:03.719098
2020-02-09,11:30,44.2,38.9,81.2,0.0,E@4.2,6.7,0.06,445,45.3,"Tokeland, Pacific County",344109,Tokeland,2020-05-13 15:35:03.719098
2020-02-09,11:45,45.2,38.1,76.1,0.0,E@2.5,4.2,0.0,463,45.4,"Tokeland, Pacific County",344109,Tokeland,2020-05-13 15:35:03.719098
2020-02-09,12:00,46.2,38.6,74.8,0.0,S@2.4,4.2,0.0,314,45.4,"Tokeland, Pacific County",344109,Tokeland,2020-05-13 15:35:03.719098
2020-02-09,12:15,46.3,38.6,74.4,0.0,SE@3.5,4.6,0.0,474,45.4,"Tokeland, Pacific County",344109,Tokeland,2020-05-13 15:35:03.719098
2020-02-09,12:30,46.8,38.2,71.8,0.0,SE@3.4,4.9,0.0,470,45.4,"Tokeland, Pacific County",344109,Tokeland,2020-05-13 15:35:03.719098
2020-02-09,12:45,46.9,38.2,71.6,0.0,S@3.1,4.9,0.0,511,45.4,"Tokeland, Pacific County",344109,Tokeland,2020-05-13 15:35:03.719098
2020-02-09,13:00,47.3,39.1,73.0,0.0,SW@2.9,5.7,0.0,353,45.4,"Tokeland, Pacific County",344109,Tokeland,2020-05-13 15:35:03.719098
2020-02-09,13:15,47.3,39.9,75.3,0.0,W@3.3,5.3,0.0,395,45.4,"Tokeland, Pacific County",344109,Tokeland,2020-05-13 15:35:03.719098
2020-02-09,13:30,46.6,40.1,77.9,0.0,W@4.5,7.1,0.02,387,45.4,"Tokeland, Pacific County",344109,Tokeland,2020-05-13 15:35:03.719098
2020-02-09,13:45,46.8,39.5,75.5,0.0,W@4.9,6.7,0.0,430,45.4,"Tokeland, Pacific County",344109,Tokeland,2020-05-13 15:35:03.719098
2020-02-09,14:00,47.2,40.2,76.5,0.0,W@4.4,6.0,0.0,414,45.4,"Tokeland, Pacific County",344109,Tokeland,2020-05-13 15:35:03.719098
2020-02-09,14:15,48.0,40.9,76.3,0.0,SW@3.8,6.4,0.0,401,45.4,"Tokeland, Pacific County",344109,Tokeland,2020-05-13 15:35:03.719098
2020-02-09,14:30,47.8,41.0,77.0,0.0,W@4.6,7.1,0.0,375,45.5,"Tokeland, Pacific County",344109,Tokeland,2020-05-13 15:35:03.719098
2020-02-09,14:45,47.9,41.5,78.4,0.0,SW@4.5,7.4,0.0,356,45.5,"Tokeland, Pacific County",344109,Tokeland,2020-05-13 15:35:03.719098
2020-02-09,15:00,47.6,40.7,76.9,0.0,W@5.5,8.2,0.0,312,45.5,"Tokeland, Pacific County",344109,Tokeland,2020-05-13 15:35:03.719098
2020-02-09,15:15,47.6,40.2,75.2,0.0,W@5.5,8.2,0.0,298,45.5,"Tokeland, Pacific County",344109,Tokeland,2020-05-13 15:35:03.719098
2020-02-09,15:30,47.4,40.3,76.1,0.0,W@6.0,8.2,0.01,218,45.6,"Tokeland, Pacific County",344109,Tokeland,2020-05-13 15:35:03.719098
2020-02-09,15:45,47.4,40.6,77.1,0.0,W@5.2,7.4,0.06,74,45.6,"Tokeland, Pacific County",344109,Tokeland,2020-05-13 15:35:03.719098
2020-02-09,16:00,47.1,40.3,77.0,0.0,W@5.0,7.1,0.06,59,45.6,"Tokeland, Pacific County",344109,Tokeland,2020-05-13 15:35:03.719098
2020-02-09,16:15,47.2,40.5,77.4,0.0,W@5.6,7.8,0.06,53,45.6,"Tokeland, Pacific County",344109,Tokeland,2020-05-13 15:35:03.719098
2020-02-09,16:30,47.1,40.4,77.5,0.0,W@5.2,7.4,0.06,60,45.7,"Tokeland, Pacific County",344109,Tokeland,2020-05-13 15:35:03.719098
2020-02-09,16:45,46.9,40.5,78.1,0.0,W@6.9,9.9,0.07,66,45.7,"Tokeland, Pacific County",344109,Tokeland,2020-05-13 15:35:03.719098
2020-02-09,17:00,46.5,40.5,79.5,0.0,W@6.0,8.5,0.08,39,45.8,"Tokeland, Pacific County",344109,Tokeland,2020-05-13 15:35:03.719098
2020-02-09,17:15,45.7,40.2,81.1,0.0,W@5.3,7.1,0.09,22,45.8,"Tokeland, Pacific County",344109,Tokeland,2020-05-13 15:35:03.719098
2020-02-09,17:30,45.2,40.1,82.3,0.0,W@4.1,5.3,0.11,11,45.8,"Tokeland, Pacific County",344109,Tokeland,2020-05-13 15:35:03.719098
2020-02-09,17:45,44.3,39.9,84.2,0.0,W@3.9,4.6,0.14,3,45.9,"Tokeland, Pacific County",344109,Tokeland,2020-05-13 15:35:03.719098
2020-02-09,18:00,44.2,40.0,85.1,0.0,W@3.0,4.6,0.14,0,45.9,"Tokeland, Pacific County",344109,Tokeland,2020-05-13 15:35:03.719098
2020-02-09,18:15,44.4,40.4,85.6,0.0,W@3.8,4.9,0.15,0,45.9,"Tokeland, Pacific County",344109,Tokeland,2020-05-13 15:35:03.719098
2020-02-09,18:30,44.0,40.3,86.6,0.0,W@3.7,4.6,0.18,0,46.0,"Tokeland, Pacific County",344109,Tokeland,2020-05-13 15:35:03.719098
2020-02-09,18:45,42.9,39.7,88.2,0.0,W@4.1,5.7,0.24,0,46.0,"Tokeland, Pacific County",344109,Tokeland,2020-05-13 15:35:03.719098
2020-02-09,19:00,42.4,39.4,89.2,0.0,W@5.2,7.1,0.28,0,46.0,"Tokeland, Pacific County",344109,Tokeland,2020-05-13 15:35:03.719098
2020-02-09,19:15,42.5,39.5,88.7,0.0,W@5.5,7.1,0.23,0,46.1,"Tokeland, Pacific County",344109,Tokeland,2020-05-13 15:35:03.719098
2020-02-09,19:30,41.9,38.9,89.1,0.0,NW@2.6,4.2,0.26,0,46.1,"Tokeland, Pacific County",344109,Tokeland,2020-05-13 15:35:03.719098
2020-02-09,19:45,42.0,39.5,91.0,0.0,NW@1.9,3.5,0.39,0,46.1,"Tokeland, Pacific County",344109,Tokeland,2020-05-13 15:35:03.719098
2020-02-09,20:00,41.8,39.6,92.0,0.0,W@1.6,2.4,0.55,0,46.1,"Tokeland, Pacific County",344109,Tokeland,2020-05-13 15:35:03.719098
2020-02-09,20:15,41.7,39.7,92.5,0.0,NW@1.5,3.1,0.64,0,46.1,"Tokeland, Pacific County",344109,Tokeland,2020-05-13 15:35:03.719098
2020-02-09,20:30,41.7,39.8,92.8,0.0,N@1.8,3.1,0.7,0,46.2,"Tokeland, Pacific County",344109,Tokeland,2020-05-13 15:35:03.719098
2020-02-09,20:45,41.1,39.3,93.1,0.0,NW@2.2,3.5,0.74,0,46.2,"Tokeland, Pacific County",344109,Tokeland,2020-05-13 15:35:03.719098
2020-02-09,21:00,40.6,39.0,93.8,0.0,NW@2.1,3.1,0.79,0,46.3,"Tokeland, Pacific County",344109,Tokeland,2020-05-13 15:35:03.719098
2020-02-09,21:15,40.7,39.2,94.3,0.0,NE@1.7,2.8,0.83,0,46.2,"Tokeland, Pacific County",344109,Tokeland,2020-05-13 15:35:03.719098
2020-02-09,21:30,41.3,39.9,94.7,0.0,E@2.7,4.2,0.86,0,46.2,"Tokeland, Pacific County",344109,Tokeland,2020-05-13 15:35:03.719098
2020-02-09,21:45,40.5,39.2,94.7,0.0,NW@1.9,3.1,0.88,0,46.4,"Tokeland, Pacific County",344109,Tokeland,2020-05-13 15:35:03.719098
2020-02-09,22:00,39.2,37.9,94.9,0.0,NW@1.7,2.8,0.9,0,46.5,"Tokeland, Pacific County",344109,Tokeland,2020-05-13 15:35:03.719098
2020-02-09,22:15,38.9,37.7,95.3,0.0,N@2.2,3.1,0.91,0,46.3,"Tokeland, Pacific County",344109,Tokeland,2020-05-13 15:35:03.719098
2020-02-09,22:30,40.2,39.0,95.6,0.0,NE@2.6,5.7,0.92,0,46.3,"Tokeland, Pacific County",344109,Tokeland,2020-05-13 15:35:03.719098
2020-02-09,22:45,40.9,39.8,95.9,0.0,E@5.8,7.1,0.93,0,46.2,"Tokeland, Pacific County",344109,Tokeland,2020-05-13 15:35:03.719098
2020-02-09,23:00,41.0,40.0,96.2,0.0,E@6.6,7.4,0.94,0,46.2,"Tokeland, Pacific County",344109,Tokeland,2020-05-13 15:35:03.719098
2020-02-09,23:15,41.0,40.1,96.4,0.0,E@7.7,9.6,0.94,0,46.2,"Tokeland, Pacific County",344109,Tokeland,2020-05-13 15:35:03.719098
2020-02-09,23:30,41.2,40.3,96.5,0.0,E@7.9,9.6,0.95,0,46.2,"Tokeland, Pacific County",344109,Tokeland,2020-05-13 15:35:03.719098
2020-02-09,23:45,41.4,40.5,96.7,0.0,E@8.0,10.3,0.95,0,46.1,"Tokeland, Pacific County",344109,Tokeland,2020-05-13 15:35:03.719098
2020-02-09,24:00,41.4,40.6,96.8,0.0,E@9.0,10.7,0.95,0,46.1,"Tokeland, Pacific County",344109,Tokeland,2020-05-13 15:35:03.719098
2020-02-10,00:15,41.6,40.7,96.6,0.0,E@7.6,8.5,0.95,0,46.1,"Tokeland, Pacific County",344109,Tokeland,2020-05-13 15:35:03.719098
2020-02-10,00:30,41.3,40.4,96.5,0.0,E@6.4,8.5,0.95,0,46.1,"Tokeland, Pacific County",344109,Tokeland,2020-05-13 15:35:03.719098
2020-02-10,00:45,41.4,40.5,96.3,0.0,NE@6.3,8.2,0.95,0,46.1,"Tokeland, Pacific County",344109,Tokeland,2020-05-13 15:35:03.719098
2020-02-10,01:00,41.7,40.6,96.0,0.0,E@6.1,7.8,0.95,0,46.1,"Tokeland, Pacific County",344109,Tokeland,2020-05-13 15:35:03.719098
2020-02-10,01:15,41.8,40.6,95.7,0.0,E@6.8,8.9,0.95,0,46.0,"Tokeland, Pacific County",344109,Tokeland,2020-05-13 15:35:03.719098
2020-02-10,01:30,41.8,40.6,95.5,0.0,E@6.1,8.2,0.95,0,46.0,"Tokeland, Pacific County",344109,Tokeland,2020-05-13 15:35:03.719098
2020-02-10,01:45,41.7,40.5,95.4,0.0,E@6.7,8.5,0.94,0,45.9,"Tokeland, Pacific County",344109,Tokeland,2020-05-13 15:35:03.719098
2020-02-10,02:00,41.7,40.5,95.1,0.0,E@6.3,7.8,0.93,0,45.9,"Tokeland, Pacific County",344109,Tokeland,2020-05-13 15:35:03.719098
2020-02-10,02:15,41.9,40.5,94.6,0.0,E@4.7,6.4,0.9,0,45.9,"Tokeland, Pacific County",344109,Tokeland,2020-05-13 15:35:03.719098
2020-02-10,02:30,41.9,40.4,94.2,0.0,NE@3.6,4.6,0.86,0,45.8,"Tokeland, Pacific County",344109,Tokeland,2020-05-13 15:35:03.719098
2020-02-10,02:45,42.0,40.5,94.3,0.0,E@5.6,7.8,0.87,0,45.8,"Tokeland, Pacific County",344109,Tokeland,2020-05-13 15:35:03.719098
2020-02-10,03:00,41.8,40.4,94.7,0.0,E@7.9,9.2,0.88,0,45.8,"Tokeland, Pacific County",344109,Tokeland,2020-05-13 15:35:03.719098
2020-02-10,03:15,41.7,40.2,94.4,0.0,E@9.1,10.7,0.88,0,45.8,"Tokeland, Pacific County",344109,Tokeland,2020-05-13 15:35:03.719098
2020-02-10,03:30,41.6,40.2,94.6,0.0,E@8.4,9.6,0.86,0,45.8,"Tokeland, Pacific County",344109,Tokeland,2020-05-13 15:35:03.719098
2020-02-10,03:45,41.3,40.0,94.8,0.0,E@7.5,9.2,0.79,0,45.8,"Tokeland, Pacific County",344109,Tokeland,2020-05-13 15:35:03.719098
2020-02-10,04:00,41.2,39.8,94.8,0.0,E@8.0,9.6,0.64,0,45.7,"Tokeland, Pacific County",344109,Tokeland,2020-05-13 15:35:03.719098
2020-02-10,04:15,41.2,39.8,94.6,0.0,E@10.1,12.8,0.51,0,45.7,"Tokeland, Pacific County",344109,Tokeland,2020-05-13 15:35:03.719098
2020-02-10,04:30,41.0,39.7,94.9,0.0,E@10.4,12.1,0.61,0,45.7,"Tokeland, Pacific County",344109,Tokeland,2020-05-13 15:35:03.719098
2020-02-10,04:45,40.8,39.6,95.3,0.0,E@9.1,11.0,0.68,0,45.7,"Tokeland, Pacific County",344109,Tokeland,2020-05-13 15:35:03.719098
2020-02-10,05:00,40.7,39.6,95.7,0.0,E@7.8,9.2,0.73,0,45.7,"Tokeland, Pacific County",344109,Tokeland,2020-05-13 15:35:03.719098
2020-02-10,05:15,40.6,39.5,95.8,0.0,E@8.6,10.3,0.78,0,45.7,"Tokeland, Pacific County",344109,Tokeland,2020-05-13 15:35:03.719098
2020-02-10,05:30,40.4,39.3,95.8,0.0,E@8.2,9.9,0.81,0,45.7,"Tokeland, Pacific County",344109,Tokeland,2020-05-13 15:35:03.719098
2020-02-10,05:45,40.3,39.2,95.8,0.0,E@8.3,10.7,0.83,0,45.7,"Tokeland, Pacific County",344109,Tokeland,2020-05-13 15:35:03.719098
2020-02-10,06:00,40.3,39.2,95.9,0.0,E@10.5,12.1,0.86,0,45.7,"Tokeland, Pacific County",344109,Tokeland,2020-05-13 15:35:03.719098
2020-02-10,06:15,40.0,38.9,96.0,0.0,E@11.5,13.9,0.87,0,45.6,"Tokeland, Pacific County",344109,Tokeland,2020-05-13 15:35:03.719098
2020-02-10,06:30,39.8,38.8,96.1,0.0,E@10.6,12.1,0.89,0,45.6,"Tokeland, Pacific County",344109,Tokeland,2020-05-13 15:35:03.719098
2020-02-10,06:45,40.1,39.0,95.8,0.0,E@9.4,10.7,0.9,0,45.6,"Tokeland, Pacific County",344109,Tokeland,2020-05-13 15:35:03.719098
2020-02-10,07:00,39.7,38.6,95.7,0.0,E@10.0,12.4,0.9,0,45.6,"Tokeland, Pacific County",344109,Tokeland,2020-05-13 15:35:03.719098
2020-02-10,07:15,39.5,38.4,96.0,0.0,E@10.6,12.1,0.91,1,45.6,"Tokeland, Pacific County",344109,Tokeland,2020-05-13 15:35:03.719098
2020-02-10,07:30,39.2,38.1,95.8,0.0,E@10.2,11.7,0.92,6,45.6,"Tokeland, Pacific County",344109,Tokeland,2020-05-13 15:35:03.719098
2020-02-10,07:45,39.2,38.0,95.6,0.0,E@10.9,12.4,0.92,24,45.6,"Tokeland, Pacific County",344109,Tokeland,2020-05-13 15:35:03.719098
2020-02-10,08:00,39.2,37.9,95.3,0.0,E@9.7,12.1,0.92,63,45.5,"Tokeland, Pacific County",344109,Tokeland,2020-05-13 15:35:03.719098
2020-02-10,08:15,39.2,37.9,94.8,0.0,E@8.2,9.6,0.92,92,45.5,"Tokeland, Pacific County",344109,Tokeland,2020-05-13 15:35:03.719098
2020-02-10,08:30,39.1,37.7,94.4,0.0,E@9.6,11.4,0.91,117,45.4,"Tokeland, Pacific County",344109,Tokeland,2020-05-13 15:35:03.719098
2020-02-10,08:45,39.0,37.5,94.1,0.0,E@7.6,9.6,0.87,145,45.4,"Tokeland, Pacific County",344109,Tokeland,2020-05-13 15:35:03.719098
2020-02-10,09:00,39.3,37.8,94.3,0.0,E@8.5,9.6,0.81,185,45.4,"Tokeland, Pacific County",344109,Tokeland,2020-05-13 15:35:03.719098
2020-02-10,09:15,39.3,37.9,94.5,0.0,E@8.5,9.9,0.69,215,45.4,"Tokeland, Pacific County",344109,Tokeland,2020-05-13 15:35:03.719098
2020-02-10,09:30,39.3,37.9,94.8,0.0,E@8.9,10.3,0.5,254,45.4,"Tokeland, Pacific County",344109,Tokeland,2020-05-13 15:35:03.719098
2020-02-10,09:45,39.4,38.2,95.3,0.0,E@8.7,9.9,0.39,279,45.4,"Tokeland, Pacific County",344109,Tokeland,2020-05-13 15:35:03.719098
2020-02-10,10:00,40.2,38.8,94.6,0.0,E@7.2,8.5,0.24,303,45.4,"Tokeland, Pacific County",344109,Tokeland,2020-05-13 15:35:03.719098
2020-02-10,10:15,41.2,38.6,90.6,0.0,E@6.5,8.5,0.14,328,45.4,"Tokeland, Pacific County",344109,Tokeland,2020-05-13 15:35:03.719098
2020-02-10,10:30,42.3,38.3,85.5,0.0,E@7.9,9.2,0.1,367,45.3,"Tokeland, Pacific County",344109,Tokeland,2020-05-13 15:35:03.719098
2020-02-10,10:45,43.2,38.1,81.9,0.0,E@7.8,11.0,0.08,391,45.3,"Tokeland, Pacific County",344109,Tokeland,2020-05-13 15:35:03.719098
2020-02-10,11:00,43.9,38.3,80.5,0.0,E@7.8,9.6,0.07,413,45.3,"Tokeland, Pacific County",344109,Tokeland,2020-05-13 15:35:03.719098
2020-02-10,11:15,44.4,38.2,78.7,0.0,NE@5.9,8.2,0.06,430,45.3,"Tokeland, Pacific County",344109,Tokeland,2020-05-13 15:35:03.719098
2020-02-10,11:30,45.0,38.4,77.6,0.0,E@5.6,7.1,0.05,446,45.3,"Tokeland, Pacific County",344109,Tokeland,2020-05-13 15:35:03.719098
2020-02-10,11:45,45.4,38.3,76.1,0.0,E@5.1,6.4,0.04,458,45.3,"Tokeland, Pacific County",344109,Tokeland,2020-05-13 15:35:03.719098
2020-02-10,12:00,45.8,38.3,75.0,0.0,E@5.2,6.7,0.03,468,45.4,"Tokeland, Pacific County",344109,Tokeland,2020-05-13 15:35:03.719098
2020-02-10,12:15,46.1,38.6,74.8,0.0,E@5.6,6.7,0.04,473,45.4,"Tokeland, Pacific County",344109,Tokeland,2020-05-13 15:35:03.719098
2020-02-10,12:30,46.5,38.5,73.5,0.0,E@5.8,6.7,0.01,489,45.4,"Tokeland, Pacific County",344109,Tokeland,2020-05-13 15:35:03.719098
2020-02-10,12:45,46.7,38.4,72.6,0.0,E@4.8,5.7,0.0,406,45.4,"Tokeland, Pacific County",344109,Tokeland,2020-05-13 15:35:03.719098
2020-02-10,13:00,47.0,38.4,71.7,0.0,E@4.3,5.7,0.0,390,45.3,"Tokeland, Pacific County",344109,Tokeland,2020-05-13 15:35:03.719098
2020-02-10,13:15,47.6,38.4,70.3,0.0,NE@3.6,4.9,0.0,354,45.4,"Tokeland, Pacific County",344109,Tokeland,2020-05-13 15:35:03.719098
2020-02-10,13:30,47.7,39.2,72.3,0.0,E@3.2,4.9,0.0,344,45.4,"Tokeland, Pacific County",344109,Tokeland,2020-05-13 15:35:03.719098
2020-02-10,13:45,48.3,39.3,71.0,0.0,E@4.6,6.4,0.0,446,45.4,"Tokeland, Pacific County",344109,Tokeland,2020-05-13 15:35:03.719098
2020-02-10,14:00,48.7,39.1,69.3,0.0,E@6.6,7.8,0.0,426,45.4,"Tokeland, Pacific County",344109,Tokeland,2020-05-13 15:35:03.719098
2020-02-10,14:15,48.9,39.5,69.7,0.0,E@7.5,9.2,0.0,413,45.4,"Tokeland, Pacific County",344109,Tokeland,2020-05-13 15:35:03.719098
2020-02-10,14:30,49.0,39.8,70.4,0.0,E@9.1,11.0,0.0,394,45.5,"Tokeland, Pacific County",344109,Tokeland,2020-05-13 15:35:03.719098
2020-02-10,14:45,49.2,38.9,67.3,0.0,NE@7.5,9.9,0.0,359,45.5,"Tokeland, Pacific County",344109,Tokeland,2020-05-13 15:35:03.719098
2020-02-10,15:00,49.2,40.1,70.6,0.0,E@8.0,11.7,0.0,436,45.5,"Tokeland, Pacific County",344109,Tokeland,2020-05-13 15:35:03.719098
2020-02-10,15:15,48.5,40.4,73.4,0.0,E@8.6,11.4,0.03,132,45.6,"Tokeland, Pacific County",344109,Tokeland,2020-05-13 15:35:03.719098
2020-02-10,15:30,48.6,39.8,71.5,0.0,NE@8.6,11.4,0.01,89,45.6,"Tokeland, Pacific County",344109,Tokeland,2020-05-13 15:35:03.719098
2020-02-10,15:45,48.4,39.7,71.7,0.0,NE@10.0,11.7,0.02,60,45.6,"Tokeland, Pacific County",344109,Tokeland,2020-05-13 15:35:03.719098
2020-02-10,16:00,48.4,39.7,71.7,0.0,NE@8.5,11.7,0.01,80,45.6,"Tokeland, Pacific County",344109,Tokeland,2020-05-13 15:35:03.719098
2020-02-10,16:15,48.4,39.4,70.9,0.0,NE@9.0,11.7,0.0,84,45.6,"Tokeland, Pacific County",344109,Tokeland,2020-05-13 15:35:03.719098
2020-02-10,16:30,47.9,39.7,72.8,0.0,NE@10.7,13.5,0.02,73,45.7,"Tokeland, Pacific County",344109,Tokeland,2020-05-13 15:35:03.719098
2020-02-10,16:45,47.5,39.9,74.7,0.0,E@11.6,13.5,0.05,37,45.8,"Tokeland, Pacific County",344109,Tokeland,2020-05-13 15:35:03.719098
2020-02-10,17:00,47.2,39.9,75.7,0.0,E@11.5,13.5,0.06,37,45.8,"Tokeland, Pacific County",344109,Tokeland,2020-05-13 15:35:03.719098
2020-02-10,17:15,46.9,39.8,76.1,0.0,E@11.8,14.2,0.07,28,45.9,"Tokeland, Pacific County",344109,Tokeland,2020-05-13 15:35:03.719098
2020-02-10,17:30,46.6,39.3,75.5,0.0,E@12.2,14.2,0.06,13,45.9,"Tokeland, Pacific County",344109,Tokeland,2020-05-13 15:35:03.719098
2020-02-10,17:45,46.2,38.9,75.6,0.0,E@10.4,13.2,0.07,3,45.9,"Tokeland, Pacific County",344109,Tokeland,2020-05-13 15:35:03.719098
2020-02-10,18:00,45.9,38.6,75.5,0.0,E@11.0,13.2,0.06,0,46.0,"Tokeland, Pacific County",344109,Tokeland,2020-05-13 15:35:03.719098
2020-02-10,18:15,45.6,38.5,76.0,0.0,E@10.1,12.8,0.07,0,46.0,"Tokeland, Pacific County",344109,Tokeland,2020-05-13 15:35:03.719098
2020-02-10,18:30,45.3,38.6,77.1,0.0,E@12.0,14.2,0.07,0,46.0,"Tokeland, Pacific County",344109,Tokeland,2020-05-13 15:35:03.719098
2020-02-10,18:45,44.9,38.8,79.2,0.0,NE@9.6,11.4,0.09,0,46.1,"Tokeland, Pacific County",344109,Tokeland,2020-05-13 15:35:03.719098
2020-02-10,19:00,44.7,38.6,79.1,0.0,E@8.7,10.3,0.09,0,46.1,"Tokeland, Pacific County",344109,Tokeland,2020-05-13 15:35:03.719098
2020-02-10,19:15,44.3,38.7,80.7,0.0,E@7.6,8.9,0.11,0,46.1,"Tokeland, Pacific County",344109,Tokeland,2020-05-13 15:35:03.719098
2020-02-10,19:30,43.3,38.3,82.2,0.0,N @3.7,6.7,0.18,0,46.1,"Tokeland, Pacific County",344109,Tokeland,2020-05-13 15:35:03.719098
2020-02-10,19:45,42.1,38.0,85.0,0.0,N @2.5,3.9,0.31,0,46.2,"Tokeland, Pacific County",344109,Tokeland,2020-05-13 15:35:03.719098
2020-02-10,20:00,41.0,37.9,88.5,0.0,N @3.7,5.3,0.44,0,46.2,"Tokeland, Pacific County",344109,Tokeland,2020-05-13 15:35:03.719098
2020-02-10,20:15,40.4,37.8,90.2,0.0,N@3.2,5.3,0.53,0,46.2,"Tokeland, Pacific County",344109,Tokeland,2020-05-13 15:35:03.719098
2020-02-10,20:30,39.9,37.6,91.3,0.0,N@4.4,7.1,0.59,0,46.2,"Tokeland, Pacific County",344109,Tokeland,2020-05-13 15:35:03.719098
2020-02-10,20:45,39.5,37.5,92.5,0.0,N @4.7,6.7,0.64,0,46.2,"Tokeland, Pacific County",344109,Tokeland,2020-05-13 15:35:03.719098
2020-02-10,21:00,39.1,37.3,93.0,0.0,N @4.6,6.0,0.68,0,46.2,"Tokeland, Pacific County",344109,Tokeland,2020-05-13 15:35:03.719098
2020-02-10,21:15,39.1,37.3,93.1,0.0,N @4.3,5.7,0.71,0,46.2,"Tokeland, Pacific County",344109,Tokeland,2020-05-13 15:35:03.719098
2020-02-10,21:30,39.2,37.3,92.9,0.0,N @4.5,6.4,0.73,0,46.2,"Tokeland, Pacific County",344109,Tokeland,2020-05-13 15:35:03.719098
2020-02-10,21:45,39.0,37.1,92.9,0.0,N @3.5,4.9,0.75,0,46.2,"Tokeland, Pacific County",344109,Tokeland,2020-05-13 15:35:03.719098
2020-02-10,22:00,39.4,37.4,92.5,0.0,NE@2.9,4.2,0.77,0,46.2,"Tokeland, Pacific County",344109,Tokeland,2020-05-13 15:35:03.719098
2020-02-10,22:15,39.1,36.8,91.2,0.0,N@2.3,3.9,0.77,0,46.2,"Tokeland, Pacific County",344109,Tokeland,2020-05-13 15:35:03.719098
2020-02-10,22:30,38.4,36.3,91.8,0.0,NW@2.2,3.1,0.78,0,46.3,"Tokeland, Pacific County",344109,Tokeland,2020-05-13 15:35:03.719098
2020-02-10,22:45,38.8,36.7,92.3,0.0,NW@2.8,4.6,0.78,0,46.3,"Tokeland, Pacific County",344109,Tokeland,2020-05-13 15:35:03.719098
2020-02-10,23:00,38.2,36.3,92.6,0.0,NW@2.7,4.6,0.78,0,46.2,"Tokeland, Pacific County",344109,Tokeland,2020-05-13 15:35:03.719098
2020-02-10,23:15,38.9,37.2,93.4,0.0,N@3.4,4.9,0.8,0,46.2,"Tokeland, Pacific County",344109,Tokeland,2020-05-13 15:35:03.719098
2020-02-10,23:30,39.7,37.9,93.4,0.0,N @3.3,4.2,0.81,0,46.1,"Tokeland, Pacific County",344109,Tokeland,2020-05-13 15:35:03.719098
2020-02-10,23:45,40.1,38.3,92.9,0.0,NE@4.2,6.0,0.82,0,46.1,"Tokeland, Pacific County",344109,Tokeland,2020-05-13 15:35:03.719098
2020-02-10,24:00,40.2,38.2,92.5,0.0,E@5.8,7.1,0.83,0,46.1,"Tokeland, Pacific County",344109,Tokeland,2020-05-13 15:35:03.719098
2020-02-11,00:15,40.1,38.1,92.3,0.0,E@7.0,8.2,0.82,0,46.1,"Tokeland, Pacific County",344109,Tokeland,2020-05-13 15:35:03.719098
2020-02-11,00:30,40.0,38.2,93.0,0.0,E@7.5,8.5,0.79,0,46.0,"Tokeland, Pacific County",344109,Tokeland,2020-05-13 15:35:03.719098
2020-02-11,00:45,39.9,38.2,93.5,0.0,E@7.7,9.2,0.73,0,46.0,"Tokeland, Pacific County",344109,Tokeland,2020-05-13 15:35:03.719098
2020-02-11,01:00,39.9,38.3,94.0,0.0,E@7.5,8.5,0.7,0,46.0,"Tokeland, Pacific County",344109,Tokeland,2020-05-13 15:35:03.719098
2020-02-11,01:15,39.6,38.1,94.4,0.0,E@7.8,8.9,0.7,0,46.0,"Tokeland, Pacific County",344109,Tokeland,2020-05-13 15:35:03.719098
2020-02-11,01:30,39.6,38.1,94.5,0.0,E@7.4,8.5,0.72,0,45.9,"Tokeland, Pacific County",344109,Tokeland,2020-05-13 15:35:03.719098
2020-02-11,01:45,39.5,38.2,94.9,0.0,E@7.8,9.6,0.72,0,45.9,"Tokeland, Pacific County",344109,Tokeland,2020-05-13 15:35:03.719098
2020-02-11,02:00,39.6,38.3,95.1,0.0,E@8.6,10.7,0.71,0,45.9,"Tokeland, Pacific County",344109,Tokeland,2020-05-13 15:35:03.719098
2020-02-11,02:15,39.2,38.0,95.4,0.0,E@7.4,9.6,0.71,0,45.8,"Tokeland, Pacific County",344109,Tokeland,2020-05-13 15:35:03.719098
2020-02-11,02:30,39.0,37.9,95.6,0.0,E@7.7,9.2,0.72,0,45.8,"Tokeland, Pacific County",344109,Tokeland,2020-05-13 15:35:03.719098
2020-02-11,02:45,38.8,37.7,95.7,0.0,E@7.8,9.6,0.73,0,45.8,"Tokeland, Pacific County",344109,Tokeland,2020-05-13 15:35:03.719098
2020-02-11,03:00,39.0,37.7,94.8,0.0,E@7.8,9.6,0.71,0,45.8,"Tokeland, Pacific County",344109,Tokeland,2020-05-13 15:35:03.719098
2020-02-11,03:15,39.2,37.8,94.6,0.0,E@8.3,10.7,0.71,0,45.7,"Tokeland, Pacific County",344109,Tokeland,2020-05-13 15:35:03.719098
2020-02-11,03:30,39.2,37.7,94.3,0.0,E@8.1,9.9,0.69,0,45.7,"Tokeland, Pacific County",344109,Tokeland,2020-05-13 15:35:03.719098
2020-02-11,03:45,39.2,37.5,93.6,0.0,E@6.8,8.5,0.56,0,45.7,"Tokeland, Pacific County",344109,Tokeland,2020-05-13 15:35:03.719098
2020-02-11,04:00,39.4,37.6,93.3,0.0,E@7.0,8.5,0.51,0,45.6,"Tokeland, Pacific County",344109,Tokeland,2020-05-13 15:35:03.719098
2020-02-11,04:15,39.5,37.7,93.2,0.0,E@6.6,7.8,0.49,0,45.6,"Tokeland, Pacific County",344109,Tokeland,2020-05-13 15:35:03.719098
2020-02-11,04:30,39.4,37.5,93.0,0.0,E@6.0,7.4,0.43,0,45.6,"Tokeland, Pacific County",344109,Tokeland,2020-05-13 15:35:03.719098
2020-02-11,04:45,39.7,37.8,93.0,0.0,E@4.5,6.7,0.49,0,45.6,"Tokeland, Pacific County",344109,Tokeland,2020-05-13 15:35:03.719098
2020-02-11,05:00,39.9,37.9,92.8,0.0,E@3.8,6.4,0.57,0,45.5,"Tokeland, Pacific County",344109,Tokeland,2020-05-13 15:35:03.719098
2020-02-11,05:15,39.6,37.8,93.0,0.0,E@5.3,7.4,0.62,0,45.5,"Tokeland, Pacific County",344109,Tokeland,2020-05-13 15:35:03.719098
2020-02-11,05:30,39.2,37.5,93.6,0.0,E@6.1,7.8,0.62,0,45.5,"Tokeland, Pacific County",344109,Tokeland,2020-05-13 15:35:03.719098
2020-02-11,05:45,39.2,37.7,94.2,0.0,E@4.4,6.0,0.64,0,45.5,"Tokeland, Pacific County",344109,Tokeland,2020-05-13 15:35:03.719098
2020-02-11,06:00,39.6,38.1,94.2,0.0,E@3.2,4.6,0.67,0,45.4,"Tokeland, Pacific County",344109,Tokeland,2020-05-13 15:35:03.719098
2020-02-11,06:15,39.3,37.8,94.2,0.0,E@3.2,5.7,0.67,0,45.4,"Tokeland, Pacific County",344109,Tokeland,2020-05-13 15:35:03.719098
2020-02-11,06:30,40.3,39.0,94.8,0.0,SE@5.3,10.3,0.65,0,45.4,"Tokeland, Pacific County",344109,Tokeland,2020-05-13 15:35:03.719098
2020-02-11,06:45,41.7,40.1,93.8,0.0,S@8.5,11.7,0.55,0,45.4,"Tokeland, Pacific County",344109,Tokeland,2020-05-13 15:35:03.719098
2020-02-11,07:00,42.0,40.2,93.1,0.0,S@8.6,12.4,0.42,0,45.4,"Tokeland, Pacific County",344109,Tokeland,2020-05-13 15:35:03.719098
2020-02-11,07:15,42.0,40.1,92.9,0.0,S@9.1,12.8,0.35,0,45.3,"Tokeland, Pacific County",344109,Tokeland,2020-05-13 15:35:03.719098
2020-02-11,07:30,42.0,40.1,92.8,0.0,S@9.8,16.4,0.31,2,45.3,"Tokeland, Pacific County",344109,Tokeland,2020-05-13 15:35:03.719098
2020-02-11,07:45,42.0,40.1,92.8,0.0,S@9.8,15.0,0.31,9,45.3,"Tokeland, Pacific County",344109,Tokeland,2020-05-13 15:35:03.719098
2020-02-11,08:00,42.1,40.1,92.7,0.0,S@9.6,13.5,0.28,22,45.3,"Tokeland, Pacific County",344109,Tokeland,2020-05-13 15:35:03.719098
2020-02-11,08:15,42.9,40.9,92.6,0.0,S@9.4,14.2,0.27,25,45.3,"Tokeland, Pacific County",344109,Tokeland,2020-05-13 15:35:03.719098
2020-02-11,08:30,43.1,41.1,92.6,0.0,S@9.6,14.6,0.26,34,45.2,"Tokeland, Pacific County",344109,Tokeland,2020-05-13 15:35:03.719098
2020-02-11,08:45,43.4,41.5,92.8,0.0,S@9.0,13.5,0.26,39,45.2,"Tokeland, Pacific County",344109,Tokeland,2020-05-13 15:35:03.719098
2020-02-11,09:00,43.7,41.7,92.6,0.0,S@9.0,13.2,0.24,96,45.2,"Tokeland, Pacific County",344109,Tokeland,2020-05-13 15:35:03.719098
2020-02-11,09:15,44.2,42.3,92.8,0.0,SW@5.8,11.0,0.24,61,45.2,"Tokeland, Pacific County",344109,Tokeland,2020-05-13 15:35:03.719098
2020-02-11,09:30,46.0,43.5,91.1,0.0,W@6.8,11.0,0.19,53,45.2,"Tokeland, Pacific County",344109,Tokeland,2020-05-13 15:35:03.719098
2020-02-11,09:45,46.5,43.5,89.3,0.0,W@7.4,12.1,0.17,61,45.2,"Tokeland, Pacific County",344109,Tokeland,2020-05-13 15:35:03.719098
2020-02-11,10:00,46.7,43.7,89.2,0.0,SW@5.5,8.9,0.18,49,45.1,"Tokeland, Pacific County",344109,Tokeland,2020-05-13 15:35:03.719098
2020-02-11,10:15,46.9,44.0,89.7,0.0,SW@5.2,10.3,0.2,74,45.1,"Tokeland, Pacific County",344109,Tokeland,2020-05-13 15:35:03.719098
2020-02-11,10:30,46.8,44.3,90.9,0.0,SW@5.9,10.3,0.69,84,45.2,"Tokeland, Pacific County",344109,Tokeland,2020-05-13 15:35:03.719098
2020-02-11,10:45,46.4,44.5,93.1,0.0,W@7.3,9.9,0.98,92,45.4,"Tokeland, Pacific County",344109,Tokeland,2020-05-13 15:35:03.719098
2020-02-11,11:00,46.6,45.1,94.3,0.0,W@6.2,10.3,1.0,97,45.5,"Tokeland, Pacific County",344109,Tokeland,2020-05-13 15:35:03.719098
2020-02-11,11:15,46.9,45.4,94.5,0.0,W@5.3,8.5,1.0,119,45.5,"Tokeland, Pacific County",344109,Tokeland,2020-05-13 15:35:03.719098
2020-02-11,11:30,46.9,45.4,94.4,0.0,SW@5.2,11.4,1.0,95,45.4,"Tokeland, Pacific County",344109,Tokeland,2020-05-13 15:35:03.719098
2020-02-11,11:45,47.3,45.5,93.2,0.0,W@7.6,11.0,1.0,128,45.3,"Tokeland, Pacific County",344109,Tokeland,2020-05-13 15:35:03.719098
2020-02-11,12:00,47.6,45.7,93.1,0.0,W@7.0,9.6,1.0,159,45.3,"Tokeland, Pacific County",344109,Tokeland,2020-05-13 15:35:03.719098
2020-02-11,12:15,47.5,45.6,93.0,0.0,W@7.4,10.7,1.0,175,45.3,"Tokeland, Pacific County",344109,Tokeland,2020-05-13 15:35:03.719098
2020-02-11,12:30,47.5,45.6,93.3,0.0,W@8.0,11.7,1.0,208,45.3,"Tokeland, Pacific County",344109,Tokeland,2020-05-13 15:35:03.719098
2020-02-11,12:45,47.6,45.7,93.0,0.0,W@8.0,11.0,1.0,221,45.3,"Tokeland, Pacific County",344109,Tokeland,2020-05-13 15:35:03.719098
2020-02-11,13:00,47.8,45.2,90.7,0.0,W@8.8,11.4,1.0,245,45.2,"Tokeland, Pacific County",344109,Tokeland,2020-05-13 15:35:03.719098
2020-02-11,13:15,47.7,45.2,91.1,0.0,W@7.7,12.4,1.0,130,45.3,"Tokeland, Pacific County",344109,Tokeland,2020-05-13 15:35:03.719098
2020-02-11,13:30,47.7,45.6,92.3,0.0,W@8.8,13.2,0.98,221,45.3,"Tokeland, Pacific County",344109,Tokeland,2020-05-13 15:35:03.719098
2020-02-11,13:45,47.8,45.6,92.1,0.0,W@9.5,13.9,0.88,232,45.2,"Tokeland, Pacific County",344109,Tokeland,2020-05-13 15:35:03.719098
2020-02-11,14:00,47.5,45.6,93.0,0.0,W@9.2,13.2,0.87,173,45.3,"Tokeland, Pacific County",344109,Tokeland,2020-05-13 15:35:03.719098
2020-02-11,14:15,47.3,45.8,94.3,0.0,W@8.6,12.4,0.97,116,45.5,"Tokeland, Pacific County",344109,Tokeland,2020-05-13 15:35:03.719098
2020-02-11,14:30,47.4,45.9,94.7,0.0,W@9.4,14.2,1.0,172,45.5,"Tokeland, Pacific County",344109,Tokeland,2020-05-13 15:35:03.719098
2020-02-11,14:45,47.3,45.9,95.1,0.0,W@8.7,13.2,1.0,198,45.6,"Tokeland, Pacific County",344109,Tokeland,2020-05-13 15:35:03.719098
2020-02-11,15:00,47.3,45.9,95.2,0.0,W@8.5,11.0,1.0,201,45.5,"Tokeland, Pacific County",344109,Tokeland,2020-05-13 15:35:03.719098
2020-02-11,15:15,47.4,46.1,95.2,0.0,W@8.4,12.1,1.0,156,45.6,"Tokeland, Pacific County",344109,Tokeland,2020-05-13 15:35:03.719098
2020-02-11,15:30,47.4,46.3,95.6,0.0,W@8.1,10.7,1.0,145,45.7,"Tokeland, Pacific County",344109,Tokeland,2020-05-13 15:35:03.719098
2020-02-11,15:45,47.4,46.3,95.8,0.01,W@7.5,11.7,1.0,101,45.7,"Tokeland, Pacific County",344109,Tokeland,2020-05-13 15:35:03.719098
2020-02-11,16:00,47.5,46.3,95.6,0.0,W@8.1,12.1,1.0,98,45.7,"Tokeland, Pacific County",344109,Tokeland,2020-05-13 15:35:03.719098
2020-02-11,16:15,47.1,45.9,95.4,0.0,W@8.1,12.8,0.98,87,45.7,"Tokeland, Pacific County",344109,Tokeland,2020-05-13 15:35:03.719098
2020-02-11,16:30,47.2,46.1,95.8,0.0,W@7.7,11.4,0.95,59,45.7,"Tokeland, Pacific County",344109,Tokeland,2020-05-13 15:35:03.719098
2020-02-11,16:45,47.0,45.9,95.7,0.0,W@8.5,12.8,0.95,63,45.8,"Tokeland, Pacific County",344109,Tokeland,2020-05-13 15:35:03.719098
2020-02-11,17:00,47.1,45.9,95.6,0.0,W@8.4,12.4,0.94,50,45.8,"Tokeland, Pacific County",344109,Tokeland,2020-05-13 15:35:03.719098
2020-02-11,17:15,46.9,45.7,95.5,0.0,W@8.2,12.1,0.94,17,45.8,"Tokeland, Pacific County",344109,Tokeland,2020-05-13 15:35:03.719098
2020-02-11,17:30,46.8,45.5,95.2,0.0,W@8.3,12.8,0.94,5,45.8,"Tokeland, Pacific County",344109,Tokeland,2020-05-13 15:35:03.719098
2020-02-11,17:45,46.5,45.2,95.4,0.01,W@8.2,11.4,0.93,2,45.8,"Tokeland, Pacific County",344109,Tokeland,2020-05-13 15:35:03.719098
2020-02-11,18:00,46.2,44.9,95.1,0.0,W@6.7,9.9,0.93,0,45.9,"Tokeland, Pacific County",344109,Tokeland,2020-05-13 15:35:03.719098
2020-02-11,18:15,46.1,44.7,95.0,0.0,W@6.8,9.6,0.92,0,45.9,"Tokeland, Pacific County",344109,Tokeland,2020-05-13 15:35:03.719098
2020-02-11,18:30,45.7,44.4,95.2,0.0,W@5.7,8.5,0.92,0,45.9,"Tokeland, Pacific County",344109,Tokeland,2020-05-13 15:35:03.719098
2020-02-11,18:45,45.8,44.5,95.1,0.0,W@6.9,9.2,0.92,0,45.9,"Tokeland, Pacific County",344109,Tokeland,2020-05-13 15:35:03.719098
2020-02-11,19:00,45.8,44.6,95.5,0.0,W@5.5,7.4,0.92,0,46.0,"Tokeland, Pacific County",344109,Tokeland,2020-05-13 15:35:03.719098
2020-02-11,19:15,45.8,44.7,95.7,0.01,W@6.6,8.5,0.92,0,46.0,"Tokeland, Pacific County",344109,Tokeland,2020-05-13 15:35:03.719098
2020-02-11,19:30,45.6,44.4,95.5,0.0,W@7.5,11.7,0.92,0,46.0,"Tokeland, Pacific County",344109,Tokeland,2020-05-13 15:35:03.719098
2020-02-11,19:45,45.7,44.5,95.4,0.0,W@6.8,8.9,0.92,0,46.0,"Tokeland, Pacific County",344109,Tokeland,2020-05-13 15:35:03.719098
2020-02-11,20:00,45.5,44.4,95.8,0.0,W@6.2,8.9,0.92,0,46.1,"Tokeland, Pacific County",344109,Tokeland,2020-05-13 15:35:03.719098
2020-02-11,20:15,45.2,44.1,95.7,0.0,W@6.4,9.6,0.92,0,46.1,"Tokeland, Pacific County",344109,Tokeland,2020-05-13 15:35:03.719098
2020-02-11,20:30,45.2,44.1,95.6,0.0,W@5.9,8.5,0.93,0,46.1,"Tokeland, Pacific County",344109,Tokeland,2020-05-13 15:35:03.719098
2020-02-11,20:45,45.1,44.0,95.9,0.0,W@6.2,9.2,0.93,0,46.1,"Tokeland, Pacific County",344109,Tokeland,2020-05-13 15:35:03.719098
2020-02-11,21:00,44.8,43.7,95.9,0.0,W@5.0,7.4,0.92,0,46.1,"Tokeland, Pacific County",344109,Tokeland,2020-05-13 15:35:03.719098
2020-02-11,21:15,45.0,43.9,96.0,0.0,W@4.5,6.4,0.93,0,46.2,"Tokeland, Pacific County",344109,Tokeland,2020-05-13 15:35:03.719098
2020-02-11,21:30,45.1,44.1,96.1,0.0,W@4.9,6.7,0.93,0,46.2,"Tokeland, Pacific County",344109,Tokeland,2020-05-13 15:35:03.719098
2020-02-11,21:45,45.1,44.1,96.2,0.0,W@4.7,6.7,0.92,0,46.2,"Tokeland, Pacific County",344109,Tokeland,2020-05-13 15:35:03.719098
2020-02-11,22:00,44.9,44.0,96.3,0.0,W@4.3,6.7,0.91,0,46.2,"Tokeland, Pacific County",344109,Tokeland,2020-05-13 15:35:03.719098
2020-02-11,22:15,44.8,43.8,96.4,0.0,W@6.1,9.2,0.91,0,46.2,"Tokeland, Pacific County",344109,Tokeland,2020-05-13 15:35:03.719098
2020-02-11,22:30,44.4,43.4,96.3,0.0,W@5.2,7.1,0.91,0,46.2,"Tokeland, Pacific County",344109,Tokeland,2020-05-13 15:35:03.719098
2020-02-11,22:45,44.4,43.4,96.2,0.0,W@4.8,6.4,0.91,0,46.2,"Tokeland, Pacific County",344109,Tokeland,2020-05-13 15:35:03.719098
2020-02-11,23:00,44.4,43.4,96.2,0.01,W@6.9,10.7,0.91,0,46.2,"Tokeland, Pacific County",344109,Tokeland,2020-05-13 15:35:03.719098
2020-02-11,23:15,44.5,43.4,96.1,0.0,W@5.2,7.4,0.89,0,46.2,"Tokeland, Pacific County",344109,Tokeland,2020-05-13 15:35:03.719098
2020-02-11,23:30,44.3,43.2,95.9,0.0,W@4.6,6.4,0.9,0,46.2,"Tokeland, Pacific County",344109,Tokeland,2020-05-13 15:35:03.719098
2020-02-11,23:45,44.2,43.1,96.0,0.0,W@5.0,7.1,0.91,0,46.2,"Tokeland, Pacific County",344109,Tokeland,2020-05-13 15:35:03.719098
2020-02-11,24:00,44.0,43.0,96.3,0.0,W@6.3,8.9,0.9,0,46.2,"Tokeland, Pacific County",344109,Tokeland,2020-05-13 15:35:03.719098
2020-02-12,00:15,44.1,43.1,96.2,0.0,W@4.1,6.0,0.89,0,46.2,"Tokeland, Pacific County",344109,Tokeland,2020-05-13 15:35:03.719098
2020-02-12,00:30,44.1,43.1,96.0,0.0,W@4.5,5.7,0.9,0,46.2,"Tokeland, Pacific County",344109,Tokeland,2020-05-13 15:35:03.719098
2020-02-12,00:45,43.6,42.5,95.8,0.0,W@3.6,4.9,0.89,0,46.2,"Tokeland, Pacific County",344109,Tokeland,2020-05-13 15:35:03.719098
2020-02-12,01:00,42.9,41.8,95.9,0.0,W@3.3,4.6,0.9,0,46.1,"Tokeland, Pacific County",344109,Tokeland,2020-05-13 15:35:03.719098
2020-02-12,01:15,42.9,41.8,96.0,0.0,W@2.4,3.5,0.9,0,46.1,"Tokeland, Pacific County",344109,Tokeland,2020-05-13 15:35:03.719098
2020-02-12,01:30,42.8,41.8,96.1,0.0,W@1.9,2.4,0.9,0,46.1,"Tokeland, Pacific County",344109,Tokeland,2020-05-13 15:35:03.719098
2020-02-12,01:45,41.9,40.9,96.3,0.0,W@2.0,2.4,0.9,0,46.1,"Tokeland, Pacific County",344109,Tokeland,2020-05-13 15:35:03.719098
2020-02-12,02:00,41.7,40.8,96.5,0.0,W@1.6,2.4,0.9,0,46.1,"Tokeland, Pacific County",344109,Tokeland,2020-05-13 15:35:03.719098
2020-02-12,02:15,41.9,41.0,96.7,0.0,N@0.8,2.1,0.9,0,46.1,"Tokeland, Pacific County",344109,Tokeland,2020-05-13 15:35:03.719098
2020-02-12,02:30,41.2,40.4,96.7,0.0,W@1.6,2.4,0.9,0,46.1,"Tokeland, Pacific County",344109,Tokeland,2020-05-13 15:35:03.719098
2020-02-12,02:45,41.1,40.3,97.0,0.0,W@2.4,3.1,0.9,0,46.1,"Tokeland, Pacific County",344109,Tokeland,2020-05-13 15:35:03.719098
2020-02-12,03:00,42.0,41.3,97.1,0.0,W@1.2,2.8,0.9,0,46.1,"Tokeland, Pacific County",344109,Tokeland,2020-05-13 15:35:03.719098
2020-02-12,03:15,42.0,41.2,97.1,0.0,NW@0.4,2.4,0.9,0,46.0,"Tokeland, Pacific County",344109,Tokeland,2020-05-13 15:35:03.719098
2020-02-12,03:30,41.9,41.2,97.2,0.0,NW@2.4,3.9,0.9,0,46.1,"Tokeland, Pacific County",344109,Tokeland,2020-05-13 15:35:03.719098
2020-02-12,03:45,41.9,41.2,97.3,0.0,N@1.8,5.3,0.9,0,46.0,"Tokeland, Pacific County",344109,Tokeland,2020-05-13 15:35:03.719098
2020-02-12,04:00,41.5,40.8,97.2,0.0,NW@3.0,4.6,0.9,0,46.0,"Tokeland, Pacific County",344109,Tokeland,2020-05-13 15:35:03.719098
2020-02-12,04:15,41.0,40.3,97.3,0.01,N@3.0,4.2,0.9,0,46.0,"Tokeland, Pacific County",344109,Tokeland,2020-05-13 15:35:03.719098
2020-02-12,04:30,41.1,40.4,97.4,0.0,NE@3.6,4.9,0.9,0,45.9,"Tokeland, Pacific County",344109,Tokeland,2020-05-13 15:35:03.719098
2020-02-12,04:45,42.4,41.7,97.5,0.0,E@6.9,8.5,0.9,0,45.9,"Tokeland, Pacific County",344109,Tokeland,2020-05-13 15:35:03.719098
2020-02-12,05:00,42.3,41.7,97.5,0.0,E@6.5,7.8,0.9,0,45.9,"Tokeland, Pacific County",344109,Tokeland,2020-05-13 15:35:03.719098
2020-02-12,05:15,42.2,41.6,97.6,0.0,E@6.0,7.4,0.9,0,45.8,"Tokeland, Pacific County",344109,Tokeland,2020-05-13 15:35:03.719098
2020-02-12,05:30,42.2,41.6,97.6,0.0,E@5.9,7.1,0.9,0,45.8,"Tokeland, Pacific County",344109,Tokeland,2020-05-13 15:35:03.719098
2020-02-12,05:45,42.1,41.5,97.5,0.0,E@5.6,7.4,0.91,0,45.8,"Tokeland, Pacific County",344109,Tokeland,2020-05-13 15:35:03.719098
2020-02-12,06:00,42.1,41.5,97.6,0.0,E@5.5,6.7,0.91,0,45.8,"Tokeland, Pacific County",344109,Tokeland,2020-05-13 15:35:03.719098
2020-02-12,06:15,42.1,41.5,97.7,0.0,E@4.8,6.4,0.91,0,45.8,"Tokeland, Pacific County",344109,Tokeland,2020-05-13 15:35:03.719098
2020-02-12,06:30,42.2,41.6,97.8,0.0,E@4.5,6.0,0.91,0,45.7,"Tokeland, Pacific County",344109,Tokeland,2020-05-13 15:35:03.719098
2020-02-12,06:45,42.1,41.6,97.8,0.0,E@5.0,6.7,0.9,0,45.7,"Tokeland, Pacific County",344109,Tokeland,2020-05-13 15:35:03.719098
2020-02-12,07:00,41.6,41.1,97.9,0.0,NE@4.9,6.4,0.9,0,45.7,"Tokeland, Pacific County",344109,Tokeland,2020-05-13 15:35:03.719098
2020-02-12,07:15,41.2,40.7,98.0,0.0,E@5.8,7.4,0.91,0,45.7,"Tokeland, Pacific County",344109,Tokeland,2020-05-13 15:35:03.719098
2020-02-12,07:30,41.0,40.5,98.1,0.0,E@6.3,7.8,0.91,4,45.6,"Tokeland, Pacific County",344109,Tokeland,2020-05-13 15:35:03.719098
2020-02-12,07:45,40.5,40.0,98.2,0.0,E@6.8,7.8,0.91,9,45.6,"Tokeland, Pacific County",344109,Tokeland,2020-05-13 15:35:03.719098
2020-02-12,08:00,40.5,40.0,98.2,0.0,E@7.6,9.9,0.91,37,45.6,"Tokeland, Pacific County",344109,Tokeland,2020-05-13 15:35:03.719098
2020-02-12,08:15,40.7,40.3,98.3,0.0,E@8.6,9.6,0.91,75,45.6,"Tokeland, Pacific County",344109,Tokeland,2020-05-13 15:35:03.719098
2020-02-12,08:30,40.4,40.0,98.3,0.0,E@7.4,9.2,0.91,103,45.5,"Tokeland, Pacific County",344109,Tokeland,2020-05-13 15:35:03.719098
2020-02-12,08:45,40.3,39.8,98.3,0.0,E@5.8,7.4,0.91,112,45.5,"Tokeland, Pacific County",344109,Tokeland,2020-05-13 15:35:03.719098
2020-02-12,09:00,40.2,39.8,98.4,0.0,E@5.1,6.7,0.92,106,45.5,"Tokeland, Pacific County",344109,Tokeland,2020-05-13 15:35:03.719098
2020-02-12,09:15,40.2,39.8,98.4,0.0,E@5.9,7.1,0.92,140,45.5,"Tokeland, Pacific County",344109,Tokeland,2020-05-13 15:35:03.719098
2020-02-12,09:30,40.6,40.2,98.4,0.0,E@5.4,6.7,0.92,171,45.5,"Tokeland, Pacific County",344109,Tokeland,2020-05-13 15:35:03.719098
2020-02-12,09:45,41.1,40.6,98.3,0.0,E@3.8,6.0,0.92,243,45.5,"Tokeland, Pacific County",344109,Tokeland,2020-05-13 15:35:03.719098
2020-02-12,10:00,41.6,41.2,98.1,0.0,E@3.9,4.9,0.91,310,45.5,"Tokeland, Pacific County",344109,Tokeland,2020-05-13 15:35:03.719098
2020-02-12,10:15,42.1,41.6,98.1,0.0,E@3.2,4.9,0.92,359,45.5,"Tokeland, Pacific County",344109,Tokeland,2020-05-13 15:35:03.719098
2020-02-12,10:30,42.3,41.8,98.1,0.0,E@3.3,4.6,0.92,270,45.5,"Tokeland, Pacific County",344109,Tokeland,2020-05-13 15:35:03.719098
2020-02-12,10:45,42.6,42.1,98.2,0.0,E@3.8,4.9,0.93,286,45.5,"Tokeland, Pacific County",344109,Tokeland,2020-05-13 15:35:03.719098
2020-02-12,11:00,43.1,42.7,98.2,0.0,SE@4.4,5.7,0.92,345,45.5,"Tokeland, Pacific County",344109,Tokeland,2020-05-13 15:35:03.719098
2020-02-12,11:15,43.1,42.6,98.1,0.0,SE@4.0,4.9,0.91,388,45.5,"Tokeland, Pacific County",344109,Tokeland,2020-05-13 15:35:03.719098
2020-02-12,11:30,43.7,43.2,97.9,0.0,SE@3.6,4.9,0.88,545,45.5,"Tokeland, Pacific County",344109,Tokeland,2020-05-13 15:35:03.719098
2020-02-12,11:45,45.0,44.4,97.7,0.0,SE@2.9,4.6,0.77,594,45.5,"Tokeland, Pacific County",344109,Tokeland,2020-05-13 15:35:03.719098
2020-02-12,12:00,44.8,44.2,97.6,0.0,NE@2.6,4.2,0.42,476,45.6,"Tokeland, Pacific County",344109,Tokeland,2020-05-13 15:35:03.719098
2020-02-12,12:15,44.9,44.2,97.4,0.0,NW@3.3,5.3,0.02,387,45.6,"Tokeland, Pacific County",344109,Tokeland,2020-05-13 15:35:03.719098
2020-02-12,12:30,45.3,44.5,96.7,0.0,NW@2.8,4.9,0.0,543,45.6,"Tokeland, Pacific County",344109,Tokeland,2020-05-13 15:35:03.719098
2020-02-12,12:45,45.4,44.2,95.5,0.0,NE@2.5,4.2,0.0,545,45.6,"Tokeland, Pacific County",344109,Tokeland,2020-05-13 15:35:03.719098
2020-02-12,13:00,45.1,43.5,94.0,0.0,E@2.4,4.2,0.0,467,45.7,"Tokeland, Pacific County",344109,Tokeland,2020-05-13 15:35:03.719098
2020-02-12,13:15,46.7,44.3,91.4,0.0,S@3.0,4.9,0.0,524,45.7,"Tokeland, Pacific County",344109,Tokeland,2020-05-13 15:35:03.719098
2020-02-12,13:30,46.7,43.4,88.4,0.0,SW@3.9,6.7,0.0,482,45.7,"Tokeland, Pacific County",344109,Tokeland,2020-05-13 15:35:03.719098
2020-02-12,13:45,46.4,43.0,87.5,0.0,W@4.1,7.4,0.0,452,45.7,"Tokeland, Pacific County",344109,Tokeland,2020-05-13 15:35:03.719098
2020-02-12,14:00,46.6,42.7,85.9,0.0,W@4.5,6.7,0.0,462,45.7,"Tokeland, Pacific County",344109,Tokeland,2020-05-13 15:35:03.719098
2020-02-12,14:15,47.0,42.1,83.0,0.0,W@5.8,8.9,0.0,453,45.8,"Tokeland, Pacific County",344109,Tokeland,2020-05-13 15:35:03.719098
2020-02-12,14:30,47.2,42.1,82.3,0.0,W@5.6,7.4,0.0,421,45.8,"Tokeland, Pacific County",344109,Tokeland,2020-05-13 15:35:03.719098
2020-02-12,14:45,47.7,42.3,81.4,0.0,W@5.9,8.5,0.0,460,45.8,"Tokeland, Pacific County",344109,Tokeland,2020-05-13 15:35:03.719098
2020-02-12,15:00,47.8,42.1,80.5,0.0,W@5.9,8.5,0.0,434,45.9,"Tokeland, Pacific County",344109,Tokeland,2020-05-13 15:35:03.719098
2020-02-12,15:15,47.7,41.6,79.3,0.0,W@5.7,7.8,0.0,382,45.9,"Tokeland, Pacific County",344109,Tokeland,2020-05-13 15:35:03.719098
2020-02-12,15:30,47.7,41.5,78.9,0.0,W@6.1,8.2,0.0,360,46.0,"Tokeland, Pacific County",344109,Tokeland,2020-05-13 15:35:03.719098
2020-02-12,15:45,47.2,41.2,79.7,0.0,W@5.1,7.1,0.0,132,46.0,"Tokeland, Pacific County",344109,Tokeland,2020-05-13 15:35:03.719098
2020-02-12,16:00,46.7,40.7,79.5,0.0,W@5.4,7.4,0.0,119,46.0,"Tokeland, Pacific County",344109,Tokeland,2020-05-13 15:35:03.719098
2020-02-12,16:15,46.7,40.6,79.2,0.0,W@5.6,7.8,0.0,97,46.1,"Tokeland, Pacific County",344109,Tokeland,2020-05-13 15:35:03.719098
2020-02-12,16:30,46.7,40.2,77.9,0.0,W@4.9,7.1,0.0,77,46.1,"Tokeland, Pacific County",344109,Tokeland,2020-05-13 15:35:03.719098
2020-02-12,16:45,46.8,40.3,77.9,0.0,W@4.3,6.0,0.0,48,46.2,"Tokeland, Pacific County",344109,Tokeland,2020-05-13 15:35:03.719098
2020-02-12,17:00,46.6,40.0,77.6,0.0,W@4.1,5.3,0.0,31,46.2,"Tokeland, Pacific County",344109,Tokeland,2020-05-13 15:35:03.719098
2020-02-12,17:15,46.7,40.6,79.1,0.0,NW@3.3,6.4,0.0,19,46.3,"Tokeland, Pacific County",344109,Tokeland,2020-05-13 15:35:03.719098
2020-02-12,17:30,46.4,42.0,84.6,0.0,NW@4.2,6.4,0.0,9,46.3,"Tokeland, Pacific County",344109,Tokeland,2020-05-13 15:35:03.719098
2020-02-12,17:45,45.9,41.9,85.7,0.0,NW@3.4,6.0,0.0,3,46.4,"Tokeland, Pacific County",344109,Tokeland,2020-05-13 15:35:03.719098
2020-02-12,18:00,45.9,41.9,85.8,0.0,W@2.8,4.9,0.0,0,46.5,"Tokeland, Pacific County",344109,Tokeland,2020-05-13 15:35:03.719098
2020-02-12,18:15,45.7,41.9,86.3,0.0,NW@3.2,4.9,0.0,0,46.5,"Tokeland, Pacific County",344109,Tokeland,2020-05-13 15:35:03.719098
2020-02-12,18:30,45.7,42.0,86.6,0.0,NW@3.3,5.3,0.0,0,46.6,"Tokeland, Pacific County",344109,Tokeland,2020-05-13 15:35:03.719098
2020-02-12,18:45,45.7,42.3,87.7,0.0,N @3.8,5.7,0.0,0,46.6,"Tokeland, Pacific County",344109,Tokeland,2020-05-13 15:35:03.719098
2020-02-12,19:00,45.8,42.7,88.8,0.0,N @3.4,4.9,0.0,0,46.6,"Tokeland, Pacific County",344109,Tokeland,2020-05-13 15:35:03.719098
2020-02-12,19:15,45.4,42.5,89.5,0.0,NE@3.0,4.2,0.0,0,46.7,"Tokeland, Pacific County",344109,Tokeland,2020-05-13 15:35:03.719098
2020-02-12,19:30,45.5,42.5,89.1,0.0,N @3.1,4.6,0.0,0,46.7,"Tokeland, Pacific County",344109,Tokeland,2020-05-13 15:35:03.719098
2020-02-12,19:45,45.3,42.4,89.5,0.0,N@3.3,5.3,0.0,0,46.7,"Tokeland, Pacific County",344109,Tokeland,2020-05-13 15:35:03.719098
2020-02-12,20:00,45.3,42.4,89.5,0.0,N @3.0,4.2,0.0,0,46.8,"Tokeland, Pacific County",344109,Tokeland,2020-05-13 15:35:03.719098
2020-02-12,20:15,45.2,42.5,90.1,0.0,N @2.8,4.6,0.0,0,46.8,"Tokeland, Pacific County",344109,Tokeland,2020-05-13 15:35:03.719098
2020-02-12,20:30,44.9,42.4,90.9,0.0,NW@2.7,5.3,0.0,0,46.8,"Tokeland, Pacific County",344109,Tokeland,2020-05-13 15:35:03.719098
2020-02-12,20:45,44.6,42.2,91.4,0.0,NW@3.1,6.0,0.0,0,46.9,"Tokeland, Pacific County",344109,Tokeland,2020-05-13 15:35:03.719098
2020-02-12,21:00,44.5,42.2,91.9,0.0,NW@3.1,5.7,0.0,0,46.9,"Tokeland, Pacific County",344109,Tokeland,2020-05-13 15:35:03.719098
2020-02-12,21:15,44.2,42.2,92.5,0.0,NW@3.3,5.3,0.0,0,46.9,"Tokeland, Pacific County",344109,Tokeland,2020-05-13 15:35:03.719098
2020-02-12,21:30,44.1,42.2,93.0,0.0,N @3.4,5.3,0.0,0,46.9,"Tokeland, Pacific County",344109,Tokeland,2020-05-13 15:35:03.719098
2020-02-12,21:45,44.0,42.2,93.4,0.0,N @3.4,6.0,0.04,0,46.9,"Tokeland, Pacific County",344109,Tokeland,2020-05-13 15:35:03.719098
2020-02-12,22:00,43.7,41.9,93.3,0.0,N@2.4,3.9,0.1,0,46.9,"Tokeland, Pacific County",344109,Tokeland,2020-05-13 15:35:03.719098
2020-02-12,22:15,43.6,41.8,93.3,0.0,N @2.8,3.9,0.17,0,46.9,"Tokeland, Pacific County",344109,Tokeland,2020-05-13 15:35:03.719098
2020-02-12,22:30,43.4,41.7,93.8,0.0,NE@3.4,8.9,0.27,0,46.9,"Tokeland, Pacific County",344109,Tokeland,2020-05-13 15:35:03.719098
2020-02-12,22:45,43.4,42.0,94.6,0.0,E@7.8,9.2,0.36,0,46.9,"Tokeland, Pacific County",344109,Tokeland,2020-05-13 15:35:03.719098
2020-02-12,23:00,42.7,41.5,95.5,0.0,E@8.3,9.6,0.44,0,46.9,"Tokeland, Pacific County",344109,Tokeland,2020-05-13 15:35:03.719098
