Date,Time PST,Air Temp °F, 2<sup>nd</sup> Air Temp °F, Dew Point °F, Rel Hum %, Leaf Wet u., Wind Dir @ Speed mph, Wind Gust mph, 8 in. Soil Tmp °F, Tot Prec in, Solar Rad W/m²,Location,Station ID,Station Name,Download Timestamp
2008-06-03,00:15,52.9,,38.9,58.7,0.0,N@0.0,0.0,59.7,0.0,0,"Roza, Benton County",300045,Roza,2017-12-08 00:12:47.970198
2008-06-03,00:30,53.7,,39.2,57.9,0.0,N@0.0,0.0,59.6,0.0,0,"Roza, Benton County",300045,Roza,2017-12-08 00:12:47.970198
2008-06-03,00:45,52.7,,40.0,61.9,0.0,N@0.0,0.0,59.6,0.0,0,"Roza, Benton County",300045,Roza,2017-12-08 00:12:47.970198
2008-06-03,01:00,51.6,,40.2,64.9,0.0,N@0.0,0.0,59.5,0.0,0,"Roza, Benton County",300045,Roza,2017-12-08 00:12:47.970198
2008-06-03,01:15,51.1,,40.6,67.1,0.0,N@0.0,0.0,59.5,0.0,0,"Roza, Benton County",300045,Roza,2017-12-08 00:12:47.970198
2008-06-03,01:30,51.0,,40.7,67.6,0.0,N@0.0,0.0,59.4,0.0,0,"Roza, Benton County",300045,Roza,2017-12-08 00:12:47.970198
2008-06-03,01:45,51.9,,40.6,65.3,0.0,N@0.0,0.0,59.4,0.0,0,"Roza, Benton County",300045,Roza,2017-12-08 00:12:47.970198
2008-06-03,02:00,51.6,,41.0,66.8,0.0,N@0.0,0.0,59.4,0.0,0,"Roza, Benton County",300045,Roza,2017-12-08 00:12:47.970198
2008-06-03,02:15,50.8,,41.0,69.0,0.0,N@0.0,0.0,59.3,0.0,0,"Roza, Benton County",300045,Roza,2017-12-08 00:12:47.970198
2008-06-03,02:30,50.3,,41.2,70.6,0.0,N@0.0,0.0,59.2,0.0,0,"Roza, Benton County",300045,Roza,2017-12-08 00:12:47.970198
2008-06-03,02:45,50.5,,41.2,70.3,0.0,N@0.0,0.0,59.2,0.0,0,"Roza, Benton County",300045,Roza,2017-12-08 00:12:47.970198
2008-06-03,03:00,50.3,,41.3,71.3,0.0,N@0.0,0.0,59.1,0.0,0,"Roza, Benton County",300045,Roza,2017-12-08 00:12:47.970198
2008-06-03,03:15,49.9,,41.1,71.6,0.0,N@0.0,0.0,59.1,0.0,0,"Roza, Benton County",300045,Roza,2017-12-08 00:12:47.970198
2008-06-03,03:30,48.8,,40.6,73.1,0.0,N@0.0,0.0,59.0,0.0,0,"Roza, Benton County",300045,Roza,2017-12-08 00:12:47.970198
2008-06-03,03:45,47.2,,40.3,76.9,0.0,N@0.0,0.0,59.0,0.0,0,"Roza, Benton County",300045,Roza,2017-12-08 00:12:47.970198
2008-06-03,04:00,46.6,,40.5,79.1,0.0,N@0.0,0.0,58.9,0.0,1,"Roza, Benton County",300045,Roza,2017-12-08 00:12:47.970198
2008-06-03,04:15,47.3,,41.2,79.1,0.0,N@0.0,0.0,58.8,0.0,6,"Roza, Benton County",300045,Roza,2017-12-08 00:12:47.970198
2008-06-03,04:30,48.4,,41.9,78.1,0.0,N@0.0,0.0,58.8,0.0,20,"Roza, Benton County",300045,Roza,2017-12-08 00:12:47.970198
2008-06-03,04:45,49.6,,43.0,77.7,0.0,N@0.0,0.0,58.7,0.0,39,"Roza, Benton County",300045,Roza,2017-12-08 00:12:47.970198
2008-06-03,05:00,50.8,,43.9,77.0,0.0,N@0.0,0.0,58.7,0.0,35,"Roza, Benton County",300045,Roza,2017-12-08 00:12:47.970198
2008-06-03,05:15,51.5,,44.8,77.7,0.0,N@0.0,0.0,58.6,0.0,35,"Roza, Benton County",300045,Roza,2017-12-08 00:12:47.970198
2008-06-03,05:30,52.3,,44.8,75.5,0.59,N@0.0,0.0,58.6,0.0,23,"Roza, Benton County",300045,Roza,2017-12-08 00:12:47.970198
2008-06-03,05:45,52.2,,45.7,78.4,0.56,N@0.0,0.0,58.6,0.0,22,"Roza, Benton County",300045,Roza,2017-12-08 00:12:47.970198
2008-06-03,06:00,52.3,,45.6,77.9,0.29,N@0.0,0.0,58.5,0.0,22,"Roza, Benton County",300045,Roza,2017-12-08 00:12:47.970198
2008-06-03,06:15,52.1,,47.0,82.5,0.99,N@0.0,0.0,58.5,0.0,25,"Roza, Benton County",300045,Roza,2017-12-08 00:12:47.970198
2008-06-03,06:30,51.5,,48.0,87.9,1.0,N@0.0,0.0,58.4,0.01,29,"Roza, Benton County",300045,Roza,2017-12-08 00:12:47.970198
2008-06-03,06:45,51.4,,47.7,87.1,1.0,N@0.0,0.0,58.4,0.01,46,"Roza, Benton County",300045,Roza,2017-12-08 00:12:47.970198
2008-06-03,07:00,51.4,,48.0,88.1,1.0,N@0.0,0.0,58.4,0.0,76,"Roza, Benton County",300045,Roza,2017-12-08 00:12:47.970198
2008-06-03,07:15,51.8,,48.6,88.7,1.0,N@0.0,0.0,58.3,0.01,87,"Roza, Benton County",300045,Roza,2017-12-08 00:12:47.970198
2008-06-03,07:30,52.1,,48.6,87.9,1.0,N@0.0,0.0,58.3,0.0,88,"Roza, Benton County",300045,Roza,2017-12-08 00:12:47.970198
2008-06-03,07:45,52.3,,49.3,89.3,1.0,N@0.0,0.0,58.2,0.01,109,"Roza, Benton County",300045,Roza,2017-12-08 00:12:47.970198
2008-06-03,08:00,52.4,,49.7,90.5,1.0,N@0.0,0.0,58.2,0.01,125,"Roza, Benton County",300045,Roza,2017-12-08 00:12:47.970198
2008-06-03,08:15,52.6,,50.3,91.7,1.0,N@0.0,0.0,58.2,0.01,110,"Roza, Benton County",300045,Roza,2017-12-08 00:12:47.970198
2008-06-03,08:30,52.2,,50.3,93.1,1.0,N@0.0,0.0,58.1,0.01,73,"Roza, Benton County",300045,Roza,2017-12-08 00:12:47.970198
2008-06-03,08:45,51.8,,50.9,96.7,1.0,N@0.0,0.0,58.1,0.01,67,"Roza, Benton County",300045,Roza,2017-12-08 00:12:47.970198
2008-06-03,09:00,51.5,,51.0,98.1,1.0,N@0.0,0.0,58.1,0.01,108,"Roza, Benton County",300045,Roza,2017-12-08 00:12:47.970198
2008-06-03,09:15,51.8,,51.3,98.1,1.0,N@0.0,0.0,58.1,0.01,166,"Roza, Benton County",300045,Roza,2017-12-08 00:12:47.970198
2008-06-03,09:30,52.7,,52.4,98.7,1.0,N@0.0,0.0,58.1,0.0,187,"Roza, Benton County",300045,Roza,2017-12-08 00:12:47.970198
2008-06-03,09:45,53.0,,52.6,98.6,1.0,N@0.0,0.0,58.1,0.01,214,"Roza, Benton County",300045,Roza,2017-12-08 00:12:47.970198
2008-06-03,10:00,53.5,,53.1,98.7,1.0,N@0.0,0.0,58.0,0.01,302,"Roza, Benton County",300045,Roza,2017-12-08 00:12:47.970198
2008-06-03,10:15,54.4,,53.8,97.7,1.0,N@0.0,0.0,58.0,0.0,358,"Roza, Benton County",300045,Roza,2017-12-08 00:12:47.970198
2008-06-03,10:30,54.9,,53.5,94.8,1.0,N@0.0,0.0,58.1,0.01,273,"Roza, Benton County",300045,Roza,2017-12-08 00:12:47.970198
2008-06-03,10:45,54.8,,53.5,95.0,1.0,N@0.0,0.0,58.1,0.0,107,"Roza, Benton County",300045,Roza,2017-12-08 00:12:47.970198
2008-06-03,11:00,53.9,,53.7,99.4,0.96,SW@3.1,7.1,58.2,0.01,96,"Roza, Benton County",300045,Roza,2017-12-08 00:12:47.970198
2008-06-03,11:15,53.6,,53.6,100.0,0.95,SW@4.7,8.2,58.2,0.01,87,"Roza, Benton County",300045,Roza,2017-12-08 00:12:47.970198
2008-06-03,11:30,54.0,,54.0,100.0,1.0,W@4.3,6.4,58.2,0.0,349,"Roza, Benton County",300045,Roza,2017-12-08 00:12:47.970198
2008-06-03,11:45,55.2,,55.1,99.4,1.0,W@1.4,5.3,58.2,0.01,329,"Roza, Benton County",300045,Roza,2017-12-08 00:12:47.970198
2008-06-03,12:00,56.0,,53.5,91.3,1.0,W@4.0,8.5,58.2,0.0,295,"Roza, Benton County",300045,Roza,2017-12-08 00:12:47.970198
2008-06-03,12:15,57.1,,52.9,85.9,0.97,W@6.0,9.2,58.2,0.01,455,"Roza, Benton County",300045,Roza,2017-12-08 00:12:47.970198
2008-06-03,12:30,58.0,,53.5,85.0,0.8,W@6.9,12.8,58.2,0.0,617,"Roza, Benton County",300045,Roza,2017-12-08 00:12:47.970198
2008-06-03,12:45,58.8,,53.4,82.2,0.37,W@8.0,12.1,58.2,0.01,600,"Roza, Benton County",300045,Roza,2017-12-08 00:12:47.970198
2008-06-03,13:00,59.1,,52.6,79.0,0.0,W@9.7,13.5,58.2,0.0,607,"Roza, Benton County",300045,Roza,2017-12-08 00:12:47.970198
2008-06-03,13:15,58.4,,52.3,80.1,0.56,W@9.2,15.7,58.2,0.01,197,"Roza, Benton County",300045,Roza,2017-12-08 00:12:47.970198
2008-06-03,13:30,56.4,,52.4,86.3,0.98,W@9.8,14.2,58.2,0.0,206,"Roza, Benton County",300045,Roza,2017-12-08 00:12:47.970198
2008-06-03,13:45,57.1,,53.2,86.8,0.94,W@8.9,13.5,58.2,0.0,396,"Roza, Benton County",300045,Roza,2017-12-08 00:12:47.970198
2008-06-03,14:00,57.9,,52.9,83.3,0.92,W@10.0,12.8,58.3,0.01,446,"Roza, Benton County",300045,Roza,2017-12-08 00:12:47.970198
2008-06-03,14:15,57.9,,53.4,84.9,0.91,W@8.4,10.7,58.3,0.0,273,"Roza, Benton County",300045,Roza,2017-12-08 00:12:47.970198
2008-06-03,14:30,57.2,,53.5,87.4,1.0,W@6.9,11.7,58.3,0.0,195,"Roza, Benton County",300045,Roza,2017-12-08 00:12:47.970198
2008-06-03,14:45,57.2,,53.5,87.3,0.99,W@6.1,8.5,58.3,0.01,196,"Roza, Benton County",300045,Roza,2017-12-08 00:12:47.970198
2008-06-03,15:00,57.5,,53.0,85.0,0.9,NW@3.0,7.4,58.4,0.0,233,"Roza, Benton County",300045,Roza,2017-12-08 00:12:47.970198
2008-06-03,15:15,58.3,,52.9,82.1,0.4,NW@0.1,4.9,58.4,0.0,383,"Roza, Benton County",300045,Roza,2017-12-08 00:12:47.970198
2008-06-03,15:30,59.4,,51.9,76.0,0.0,N@0.0,0.0,58.4,0.0,462,"Roza, Benton County",300045,Roza,2017-12-08 00:12:47.970198
2008-06-03,15:45,59.9,,51.0,72.3,0.05,N@0.0,0.0,58.4,0.01,423,"Roza, Benton County",300045,Roza,2017-12-08 00:12:47.970198
2008-06-03,16:00,60.8,,49.3,65.8,0.12,N@0.0,0.0,58.5,0.0,515,"Roza, Benton County",300045,Roza,2017-12-08 00:12:47.970198
2008-06-03,16:15,60.7,,48.4,63.6,0.08,N@0.0,0.0,58.5,0.0,284,"Roza, Benton County",300045,Roza,2017-12-08 00:12:47.970198
2008-06-03,16:30,60.7,,49.8,67.2,0.15,N@0.0,0.0,58.5,0.01,401,"Roza, Benton County",300045,Roza,2017-12-08 00:12:47.970198
2008-06-03,16:45,62.7,,49.7,62.5,0.15,N@0.0,0.0,58.5,0.0,502,"Roza, Benton County",300045,Roza,2017-12-08 00:12:47.970198
2008-06-03,17:00,61.5,,49.9,65.7,0.0,N@0.0,0.0,58.6,0.0,152,"Roza, Benton County",300045,Roza,2017-12-08 00:12:47.970198
2008-06-03,17:15,61.3,,51.6,70.3,0.01,N@0.0,0.0,58.6,0.0,242,"Roza, Benton County",300045,Roza,2017-12-08 00:12:47.970198
2008-06-03,17:30,60.1,,50.6,70.8,0.14,SW@6.1,13.5,58.6,0.0,122,"Roza, Benton County",300045,Roza,2017-12-08 00:12:47.970198
2008-06-03,17:45,58.2,,49.9,73.8,0.94,W@2.0,8.9,58.7,0.01,84,"Roza, Benton County",300045,Roza,2017-12-08 00:12:47.970198
2008-06-03,18:00,58.5,,51.1,76.1,0.92,N@0.0,0.0,58.7,0.0,222,"Roza, Benton County",300045,Roza,2017-12-08 00:12:47.970198
2008-06-03,18:15,58.2,,51.2,77.4,0.79,N@0.0,0.0,58.7,0.0,74,"Roza, Benton County",300045,Roza,2017-12-08 00:12:47.970198
2008-06-03,18:30,56.8,,48.5,73.6,0.33,NW@8.0,17.1,58.8,0.0,42,"Roza, Benton County",300045,Roza,2017-12-08 00:12:47.970198
2008-06-03,18:45,55.6,,45.8,69.5,0.0,W@10.9,18.2,58.8,0.0,83,"Roza, Benton County",300045,Roza,2017-12-08 00:12:47.970198
2008-06-03,19:00,55.3,,46.4,71.9,0.0,NW@8.3,12.4,58.8,0.0,33,"Roza, Benton County",300045,Roza,2017-12-08 00:12:47.970198
2008-06-03,19:15,54.7,,46.7,74.3,0.0,NW@5.6,8.5,58.8,0.0,35,"Roza, Benton County",300045,Roza,2017-12-08 00:12:47.970198
2008-06-03,19:30,53.5,,47.7,80.6,0.0,NW@1.6,6.0,58.8,0.0,23,"Roza, Benton County",300045,Roza,2017-12-08 00:12:47.970198
2008-06-03,19:45,52.1,,48.0,85.7,0.02,NW@2.5,10.7,58.9,0.01,9,"Roza, Benton County",300045,Roza,2017-12-08 00:12:47.970198
2008-06-03,20:00,54.1,,44.9,71.2,0.0,NW@10.2,15.0,58.8,0.0,3,"Roza, Benton County",300045,Roza,2017-12-08 00:12:47.970198
2008-06-03,20:15,54.3,,42.9,65.1,0.0,NW@10.9,16.0,58.8,0.0,0,"Roza, Benton County",300045,Roza,2017-12-08 00:12:47.970198
2008-06-03,20:30,53.1,,43.5,69.6,0.0,NW@8.1,15.0,58.8,0.0,0,"Roza, Benton County",300045,Roza,2017-12-08 00:12:47.970198
2008-06-03,20:45,52.8,,43.6,70.7,0.0,NW@7.9,11.0,58.8,0.0,0,"Roza, Benton County",300045,Roza,2017-12-08 00:12:47.970198
2008-06-03,21:00,52.0,,42.5,69.9,0.0,NW@8.2,10.7,58.8,0.0,0,"Roza, Benton County",300045,Roza,2017-12-08 00:12:47.970198
2008-06-03,21:15,50.7,,42.8,74.4,0.0,NW@7.3,10.3,58.8,0.0,0,"Roza, Benton County",300045,Roza,2017-12-08 00:12:47.970198
2008-06-03,21:30,50.3,,42.6,74.7,0.0,NW@8.1,11.4,58.7,0.0,0,"Roza, Benton County",300045,Roza,2017-12-08 00:12:47.970198
2008-06-03,21:45,50.6,,41.5,70.9,0.0,NW@8.3,12.4,58.7,0.0,0,"Roza, Benton County",300045,Roza,2017-12-08 00:12:47.970198
2008-06-03,22:00,49.7,,41.2,72.4,0.0,NW@4.2,7.4,58.7,0.0,0,"Roza, Benton County",300045,Roza,2017-12-08 00:12:47.970198
2008-06-03,22:15,49.1,,41.1,73.9,0.0,NW@6.9,10.7,58.6,0.0,0,"Roza, Benton County",300045,Roza,2017-12-08 00:12:47.970198
2008-06-03,22:30,48.9,,41.0,73.8,0.0,NW@6.6,10.7,58.6,0.0,0,"Roza, Benton County",300045,Roza,2017-12-08 00:12:47.970198
2008-06-03,22:45,49.0,,40.6,72.6,0.0,NW@4.5,9.2,58.5,0.01,0,"Roza, Benton County",300045,Roza,2017-12-08 00:12:47.970198
2008-06-03,23:00,48.3,,40.6,74.5,0.0,NW@1.2,7.4,58.4,0.0,0,"Roza, Benton County",300045,Roza,2017-12-08 00:12:47.970198
2008-06-04,23:15,47.3,,41.0,78.6,0.0,N@0.0,0.0,58.4,0.0,0,"Roza, Benton County",300045,Roza,2017-12-08 00:12:47.970198
2008-06-04,23:30,46.9,,41.0,79.7,0.0,N@0.0,0.0,58.4,0.0,0,"Roza, Benton County",300045,Roza,2017-12-08 00:12:47.970198
2008-06-04,23:45,46.4,,41.0,81.6,0.01,N@0.0,0.0,58.3,0.0,0,"Roza, Benton County",300045,Roza,2017-12-08 00:12:47.970198
2008-06-04,24:00,45.6,,41.0,83.7,0.01,N@0.0,0.0,58.2,0.0,0,"Roza, Benton County",300045,Roza,2017-12-08 00:12:47.970198
2008-06-04,00:15,44.4,,41.0,87.8,0.02,N@0.0,0.0,58.2,0.0,0,"Roza, Benton County",300045,Roza,2017-12-08 00:12:47.970198
2008-06-04,00:30,44.3,,41.1,88.3,0.02,N@0.0,0.0,58.1,0.0,0,"Roza, Benton County",300045,Roza,2017-12-08 00:12:47.970198
2008-06-04,00:45,44.1,,41.1,89.2,0.03,N@0.0,0.0,58.1,0.0,0,"Roza, Benton County",300045,Roza,2017-12-08 00:12:47.970198
2008-06-04,01:00,44.2,,41.0,88.4,0.03,N@0.0,0.0,58.0,0.0,0,"Roza, Benton County",300045,Roza,2017-12-08 00:12:47.970198
2008-06-04,01:15,44.2,,40.6,87.1,0.02,N@0.0,0.0,57.9,0.01,0,"Roza, Benton County",300045,Roza,2017-12-08 00:12:47.970198
2008-06-04,01:30,43.1,,40.4,89.8,0.04,N@0.0,0.0,57.9,0.0,0,"Roza, Benton County",300045,Roza,2017-12-08 00:12:47.970198
2008-06-04,01:45,42.2,,40.0,91.9,0.07,N@0.0,0.0,57.8,0.0,0,"Roza, Benton County",300045,Roza,2017-12-08 00:12:47.970198
2008-06-04,02:00,41.3,,39.9,94.9,0.13,N@0.0,0.0,57.7,0.0,0,"Roza, Benton County",300045,Roza,2017-12-08 00:12:47.970198
2008-06-04,02:15,41.5,,39.8,93.8,0.19,N@0.0,0.0,57.7,0.0,0,"Roza, Benton County",300045,Roza,2017-12-08 00:12:47.970198
2008-06-04,02:30,42.0,,39.8,92.0,0.21,N@0.0,0.0,57.6,0.0,0,"Roza, Benton County",300045,Roza,2017-12-08 00:12:47.970198
2008-06-04,02:45,41.0,,39.4,93.6,0.21,N@0.0,0.0,57.5,0.0,0,"Roza, Benton County",300045,Roza,2017-12-08 00:12:47.970198
2008-06-04,03:00,41.1,,39.2,93.0,0.19,N@0.0,0.0,57.5,0.0,0,"Roza, Benton County",300045,Roza,2017-12-08 00:12:47.970198
2008-06-04,03:15,42.3,,39.2,88.9,0.1,N@0.0,0.0,57.4,0.0,0,"Roza, Benton County",300045,Roza,2017-12-08 00:12:47.970198
2008-06-04,03:30,41.2,,38.8,90.8,0.08,N@0.0,0.0,57.3,0.01,0,"Roza, Benton County",300045,Roza,2017-12-08 00:12:47.970198
2008-06-04,03:45,40.8,,38.5,91.6,0.07,N@0.0,0.0,57.3,0.0,0,"Roza, Benton County",300045,Roza,2017-12-08 00:12:47.970198
2008-06-04,04:00,40.8,,38.5,91.4,0.08,N@0.0,0.0,57.2,0.0,1,"Roza, Benton County",300045,Roza,2017-12-08 00:12:47.970198
2008-06-04,04:15,40.9,,38.3,90.3,0.07,N@0.0,0.0,57.1,0.0,3,"Roza, Benton County",300045,Roza,2017-12-08 00:12:47.970198
2008-06-04,04:30,41.1,,38.1,89.0,0.06,N@0.0,0.0,57.1,0.0,10,"Roza, Benton County",300045,Roza,2017-12-08 00:12:47.970198
2008-06-04,04:45,41.3,,38.1,88.4,0.04,N@0.0,0.0,57.0,0.01,21,"Roza, Benton County",300045,Roza,2017-12-08 00:12:47.970198
2008-06-04,05:00,41.5,,38.4,88.6,0.03,N@0.0,0.0,56.9,0.0,56,"Roza, Benton County",300045,Roza,2017-12-08 00:12:47.970198
2008-06-04,05:15,41.9,,39.1,89.7,0.02,N@0.0,0.0,56.9,0.0,96,"Roza, Benton County",300045,Roza,2017-12-08 00:12:47.970198
2008-06-04,05:30,42.5,,39.5,89.0,0.03,N@0.0,0.0,56.8,0.0,42,"Roza, Benton County",300045,Roza,2017-12-08 00:12:47.970198
2008-06-04,05:45,43.4,,40.0,87.6,0.02,N@0.0,0.0,56.7,0.01,184,"Roza, Benton County",300045,Roza,2017-12-08 00:12:47.970198
2008-06-04,06:00,45.1,,40.5,83.7,0.0,N@0.0,0.0,56.7,0.01,187,"Roza, Benton County",300045,Roza,2017-12-08 00:12:47.970198
2008-06-04,06:15,46.6,,41.2,81.4,0.0,N@0.0,0.0,56.6,0.0,239,"Roza, Benton County",300045,Roza,2017-12-08 00:12:47.970198
2008-06-04,06:30,47.9,,41.4,78.1,0.0,N@0.0,0.0,56.6,0.0,307,"Roza, Benton County",300045,Roza,2017-12-08 00:12:47.970198
2008-06-04,06:45,48.9,,40.9,73.7,0.0,N@0.0,0.0,56.5,0.01,350,"Roza, Benton County",300045,Roza,2017-12-08 00:12:47.970198
2008-06-04,07:00,50.2,,41.1,70.7,0.0,W@7.4,11.4,56.4,0.0,393,"Roza, Benton County",300045,Roza,2017-12-08 00:12:47.970198
2008-06-04,07:15,51.3,,40.7,66.8,0.01,W@5.5,11.0,56.4,0.01,437,"Roza, Benton County",300045,Roza,2017-12-08 00:12:47.970198
2008-06-04,07:30,52.3,,40.2,63.1,0.0,W@6.9,12.1,56.4,0.0,511,"Roza, Benton County",300045,Roza,2017-12-08 00:12:47.970198
2008-06-04,07:45,52.4,,39.8,61.8,0.0,W@7.7,12.1,56.3,0.0,327,"Roza, Benton County",300045,Roza,2017-12-08 00:12:47.970198
2008-06-04,08:00,53.2,,39.4,59.5,0.0,W@9.7,14.2,56.3,0.01,568,"Roza, Benton County",300045,Roza,2017-12-08 00:12:47.970198
2008-06-04,08:15,54.0,,39.5,57.9,0.0,W@9.5,15.0,56.2,0.0,610,"Roza, Benton County",300045,Roza,2017-12-08 00:12:47.970198
2008-06-04,08:30,54.7,,39.9,57.3,0.0,W@9.1,12.8,56.2,0.0,647,"Roza, Benton County",300045,Roza,2017-12-08 00:12:47.970198
2008-06-04,08:45,55.4,,40.1,56.3,0.0,W@7.9,12.4,56.2,0.01,658,"Roza, Benton County",300045,Roza,2017-12-08 00:12:47.970198
2008-06-04,09:00,56.0,,39.8,54.4,0.0,W@6.3,12.8,56.1,0.0,708,"Roza, Benton County",300045,Roza,2017-12-08 00:12:47.970198
2008-06-04,09:15,56.7,,39.8,53.1,0.0,W@5.2,11.7,56.1,0.0,741,"Roza, Benton County",300045,Roza,2017-12-08 00:12:47.970198
2008-06-04,09:30,57.5,,40.3,52.6,0.0,W@6.4,11.4,56.1,0.0,772,"Roza, Benton County",300045,Roza,2017-12-08 00:12:47.970198
2008-06-04,09:45,57.9,,40.0,51.2,0.0,W@6.1,11.4,56.1,0.0,781,"Roza, Benton County",300045,Roza,2017-12-08 00:12:47.970198
2008-06-04,10:00,58.1,,39.8,50.4,0.0,W@6.1,12.8,56.1,0.0,826,"Roza, Benton County",300045,Roza,2017-12-08 00:12:47.970198
2008-06-04,10:15,58.7,,39.9,49.4,0.0,W@6.4,11.0,56.1,0.0,853,"Roza, Benton County",300045,Roza,2017-12-08 00:12:47.970198
2008-06-04,10:30,59.3,,40.0,48.8,0.0,W@4.9,17.1,56.1,0.0,874,"Roza, Benton County",300045,Roza,2017-12-08 00:12:47.970198
2008-06-04,10:45,59.6,,39.6,47.4,0.0,W@5.5,9.6,56.2,0.0,894,"Roza, Benton County",300045,Roza,2017-12-08 00:12:47.970198
2008-06-04,11:00,60.1,,40.1,47.5,0.0,SW@4.1,13.2,56.2,0.0,908,"Roza, Benton County",300045,Roza,2017-12-08 00:12:47.970198
2008-06-04,11:15,60.8,,39.8,45.8,0.0,W@6.3,10.3,56.3,0.0,922,"Roza, Benton County",300045,Roza,2017-12-08 00:12:47.970198
2008-06-04,11:30,61.5,,40.0,44.9,0.0,W@5.1,10.7,56.3,0.0,932,"Roza, Benton County",300045,Roza,2017-12-08 00:12:47.970198
2008-06-04,11:45,62.0,,40.3,44.8,0.0,SW@6.5,12.4,56.4,0.0,938,"Roza, Benton County",300045,Roza,2017-12-08 00:12:47.970198
2008-06-04,12:00,62.2,,39.2,42.6,0.0,SW@6.8,12.8,56.5,0.0,943,"Roza, Benton County",300045,Roza,2017-12-08 00:12:47.970198
2008-06-04,12:15,62.9,,39.3,41.8,0.0,W@8.5,13.9,56.6,0.0,946,"Roza, Benton County",300045,Roza,2017-12-08 00:12:47.970198
2008-06-04,12:30,63.4,,39.3,41.0,0.0,SW@9.7,14.6,56.7,0.0,947,"Roza, Benton County",300045,Roza,2017-12-08 00:12:47.970198
2008-06-04,12:45,63.8,,40.1,41.5,0.0,SW@8.4,15.7,56.8,0.0,949,"Roza, Benton County",300045,Roza,2017-12-08 00:12:47.970198
2008-06-04,13:00,64.5,,39.5,39.7,0.0,W@10.2,15.3,56.9,0.0,975,"Roza, Benton County",300045,Roza,2017-12-08 00:12:47.970198
2008-06-04,13:15,65.4,,39.5,38.5,0.0,SW@7.6,13.9,57.0,0.0,1006,"Roza, Benton County",300045,Roza,2017-12-08 00:12:47.970198
2008-06-04,13:30,65.1,,39.7,39.3,0.0,SW@5.8,12.1,57.1,0.0,565,"Roza, Benton County",300045,Roza,2017-12-08 00:12:47.970198
2008-06-04,13:45,65.3,,39.2,38.1,0.0,SW@5.1,12.4,57.3,0.0,897,"Roza, Benton County",300045,Roza,2017-12-08 00:12:47.970198
2008-06-04,14:00,66.1,,40.2,38.6,0.0,SW@4.1,9.6,57.4,0.0,918,"Roza, Benton County",300045,Roza,2017-12-08 00:12:47.970198
2008-06-04,14:15,66.2,,39.3,37.2,0.0,S@4.5,11.4,57.5,0.0,699,"Roza, Benton County",300045,Roza,2017-12-08 00:12:47.970198
2008-06-04,14:30,65.3,,39.6,38.9,0.0,SW@3.4,8.9,57.6,0.0,561,"Roza, Benton County",300045,Roza,2017-12-08 00:12:47.970198
2008-06-04,14:45,66.1,,39.3,37.3,0.0,S@2.0,8.9,57.8,0.0,603,"Roza, Benton County",300045,Roza,2017-12-08 00:12:47.970198
2008-06-04,15:00,64.9,,39.6,39.3,0.0,S@0.5,7.1,57.9,0.0,222,"Roza, Benton County",300045,Roza,2017-12-08 00:12:47.970198
2008-06-04,15:15,64.9,,40.5,40.6,0.0,E@1.0,7.4,58.0,0.0,265,"Roza, Benton County",300045,Roza,2017-12-08 00:12:47.970198
2008-06-04,15:30,65.2,,40.1,39.8,0.0,SE@0.1,4.9,58.1,0.0,236,"Roza, Benton County",300045,Roza,2017-12-08 00:12:47.970198
2008-06-04,15:45,65.9,,40.0,38.5,0.0,N@0.0,0.0,58.2,0.0,319,"Roza, Benton County",300045,Roza,2017-12-08 00:12:47.970198
2008-06-04,16:00,66.3,,40.7,39.0,0.0,S@0.0,1.4,58.3,0.0,231,"Roza, Benton County",300045,Roza,2017-12-08 00:12:47.970198
2008-06-04,16:15,65.8,,41.7,41.3,0.0,W@1.3,8.5,58.4,0.0,150,"Roza, Benton County",300045,Roza,2017-12-08 00:12:47.970198
2008-06-04,16:30,65.4,,41.8,42.2,0.0,NW@3.6,9.9,58.4,0.0,132,"Roza, Benton County",300045,Roza,2017-12-08 00:12:47.970198
2008-06-04,16:45,66.0,,41.5,40.8,0.0,NW@3.8,8.2,58.5,0.0,237,"Roza, Benton County",300045,Roza,2017-12-08 00:12:47.970198
2008-06-04,17:00,66.7,,41.3,39.5,0.0,NW@0.0,2.8,58.6,0.0,247,"Roza, Benton County",300045,Roza,2017-12-08 00:12:47.970198
2008-06-04,17:15,66.9,,41.6,39.7,0.0,N@0.0,0.0,58.6,0.0,291,"Roza, Benton County",300045,Roza,2017-12-08 00:12:47.970198
2008-06-04,17:30,67.0,,41.9,40.1,0.0,W@2.2,7.1,58.7,0.0,223,"Roza, Benton County",300045,Roza,2017-12-08 00:12:47.970198
2008-06-04,17:45,66.1,,41.9,41.3,0.0,N@0.0,0.0,58.7,0.0,140,"Roza, Benton County",300045,Roza,2017-12-08 00:12:47.970198
2008-06-04,18:00,66.5,,41.6,40.1,0.0,N@0.0,0.0,58.7,0.0,162,"Roza, Benton County",300045,Roza,2017-12-08 00:12:47.970198
2008-06-04,18:15,66.3,,41.7,40.6,0.0,W@0.6,7.8,58.8,0.0,165,"Roza, Benton County",300045,Roza,2017-12-08 00:12:47.970198
2008-06-04,18:30,65.9,,41.5,41.0,0.0,N@0.0,0.0,58.8,0.0,84,"Roza, Benton County",300045,Roza,2017-12-08 00:12:47.970198
2008-06-04,18:45,65.4,,41.3,41.2,0.0,N@0.0,0.0,58.8,0.0,86,"Roza, Benton County",300045,Roza,2017-12-08 00:12:47.970198
2008-06-04,19:00,65.9,,41.4,40.7,0.0,N@0.0,0.0,58.9,0.0,94,"Roza, Benton County",300045,Roza,2017-12-08 00:12:47.970198
2008-06-04,19:15,65.3,,41.7,42.1,0.0,N@0.0,0.0,58.9,0.0,77,"Roza, Benton County",300045,Roza,2017-12-08 00:12:47.970198
2008-06-04,19:30,64.7,,42.2,43.9,0.0,NW@4.0,11.7,58.9,0.0,43,"Roza, Benton County",300045,Roza,2017-12-08 00:12:47.970198
2008-06-04,19:45,63.5,,43.0,47.2,0.0,SW@3.5,9.9,58.9,0.0,9,"Roza, Benton County",300045,Roza,2017-12-08 00:12:47.970198
2008-06-04,20:00,62.4,,43.0,48.9,0.0,NW@3.8,7.1,58.9,0.0,2,"Roza, Benton County",300045,Roza,2017-12-08 00:12:47.970198
2008-06-04,20:15,60.5,,43.3,52.9,0.0,NW@0.1,4.2,58.9,0.0,0,"Roza, Benton County",300045,Roza,2017-12-08 00:12:47.970198
2008-06-04,20:30,58.9,,43.8,57.1,0.0,N@0.0,0.0,58.9,0.0,0,"Roza, Benton County",300045,Roza,2017-12-08 00:12:47.970198
2008-06-04,20:45,57.9,,43.9,59.4,0.0,N@0.0,0.0,58.9,0.0,0,"Roza, Benton County",300045,Roza,2017-12-08 00:12:47.970198
2008-06-04,21:00,57.3,,45.0,63.5,0.0,SW@0.1,6.0,58.9,0.0,0,"Roza, Benton County",300045,Roza,2017-12-08 00:12:47.970198
2008-06-04,21:15,56.1,,44.0,63.6,0.0,W@0.5,9.2,58.9,0.0,0,"Roza, Benton County",300045,Roza,2017-12-08 00:12:47.970198
2008-06-04,21:30,55.1,,43.0,63.7,0.0,N@0.0,0.0,58.9,0.0,0,"Roza, Benton County",300045,Roza,2017-12-08 00:12:47.970198
2008-06-04,21:45,54.2,,42.1,63.7,0.0,N@0.0,0.0,58.8,0.0,0,"Roza, Benton County",300045,Roza,2017-12-08 00:12:47.970198
2008-06-04,22:00,53.0,,42.0,66.1,0.0,N@0.0,0.0,58.8,0.0,0,"Roza, Benton County",300045,Roza,2017-12-08 00:12:47.970198
2008-06-04,22:15,52.0,,42.0,68.7,0.0,N@0.0,0.0,58.8,0.0,0,"Roza, Benton County",300045,Roza,2017-12-08 00:12:47.970198
2008-06-04,22:30,49.7,,42.3,75.6,0.0,N@0.0,0.0,58.8,0.0,0,"Roza, Benton County",300045,Roza,2017-12-08 00:12:47.970198
2008-06-04,22:45,49.2,,42.3,77.1,0.0,N@0.0,0.0,58.8,0.0,0,"Roza, Benton County",300045,Roza,2017-12-08 00:12:47.970198
2008-06-04,23:00,48.3,,41.9,78.4,0.0,N@0.0,0.0,58.7,0.0,0,"Roza, Benton County",300045,Roza,2017-12-08 00:12:47.970198
2008-06-05,23:15,47.4,,41.7,80.5,0.0,N@0.0,0.0,58.7,0.0,0,"Roza, Benton County",300045,Roza,2017-12-08 00:12:47.970198
2008-06-05,23:30,47.4,,41.7,80.5,0.0,N@0.0,0.0,58.7,0.0,0,"Roza, Benton County",300045,Roza,2017-12-08 00:12:47.970198
2008-06-05,23:45,47.6,,41.8,80.0,0.01,N@0.0,0.0,58.6,0.0,0,"Roza, Benton County",300045,Roza,2017-12-08 00:12:47.970198
2008-06-05,24:00,46.8,,42.4,84.6,0.02,N@0.0,0.0,58.6,0.0,0,"Roza, Benton County",300045,Roza,2017-12-08 00:12:47.970198
2008-06-05,00:15,46.2,,41.2,82.6,0.01,N@0.0,0.0,58.5,0.0,0,"Roza, Benton County",300045,Roza,2017-12-08 00:12:47.970198
2008-06-05,00:30,46.6,,41.0,80.5,0.01,N@0.0,0.0,58.5,0.0,0,"Roza, Benton County",300045,Roza,2017-12-08 00:12:47.970198
2008-06-05,00:45,45.5,,41.4,85.5,0.02,N@0.0,0.0,58.4,0.0,0,"Roza, Benton County",300045,Roza,2017-12-08 00:12:47.970198
2008-06-05,01:00,44.6,,41.5,88.5,0.02,N@0.0,0.0,58.4,0.0,0,"Roza, Benton County",300045,Roza,2017-12-08 00:12:47.970198
2008-06-05,01:15,44.3,,40.9,87.6,0.02,N@0.0,0.0,58.3,0.0,0,"Roza, Benton County",300045,Roza,2017-12-08 00:12:47.970198
2008-06-05,01:30,43.8,,40.8,89.0,0.02,N@0.0,0.0,58.2,0.0,0,"Roza, Benton County",300045,Roza,2017-12-08 00:12:47.970198
2008-06-05,01:45,43.7,,40.9,89.8,0.02,N@0.0,0.0,58.2,0.0,0,"Roza, Benton County",300045,Roza,2017-12-08 00:12:47.970198
2008-06-05,02:00,43.3,,40.7,90.2,0.02,N@0.0,0.0,58.1,0.0,0,"Roza, Benton County",300045,Roza,2017-12-08 00:12:47.970198
2008-06-05,02:15,43.1,,40.5,90.2,0.03,N@0.0,0.0,58.1,0.0,0,"Roza, Benton County",300045,Roza,2017-12-08 00:12:47.970198
2008-06-05,02:30,42.7,,40.1,90.6,0.03,N@0.0,0.0,58.0,0.0,0,"Roza, Benton County",300045,Roza,2017-12-08 00:12:47.970198
2008-06-05,02:45,42.3,,40.0,91.7,0.04,N@0.0,0.0,57.9,0.0,0,"Roza, Benton County",300045,Roza,2017-12-08 00:12:47.970198
2008-06-05,03:00,42.3,,40.0,91.6,0.04,N@0.0,0.0,57.9,0.0,0,"Roza, Benton County",300045,Roza,2017-12-08 00:12:47.970198
2008-06-05,03:15,42.6,,40.2,91.0,0.04,N@0.0,0.0,57.8,0.0,0,"Roza, Benton County",300045,Roza,2017-12-08 00:12:47.970198
2008-06-05,03:30,43.3,,40.4,89.3,0.04,N@0.0,0.0,57.7,0.0,0,"Roza, Benton County",300045,Roza,2017-12-08 00:12:47.970198
2008-06-05,03:45,43.8,,40.6,88.6,0.02,N@0.0,0.0,57.7,0.0,0,"Roza, Benton County",300045,Roza,2017-12-08 00:12:47.970198
2008-06-05,04:00,43.6,,41.1,90.8,0.03,N@0.0,0.0,57.6,0.0,2,"Roza, Benton County",300045,Roza,2017-12-08 00:12:47.970198
2008-06-05,04:15,43.6,,41.2,91.1,0.03,N@0.0,0.0,57.6,0.0,7,"Roza, Benton County",300045,Roza,2017-12-08 00:12:47.970198
2008-06-05,04:30,43.8,,41.3,91.1,0.02,N@0.0,0.0,57.5,0.0,13,"Roza, Benton County",300045,Roza,2017-12-08 00:12:47.970198
2008-06-05,04:45,44.5,,41.5,88.9,0.01,N@0.0,0.0,57.4,0.0,35,"Roza, Benton County",300045,Roza,2017-12-08 00:12:47.970198
2008-06-05,05:00,44.5,,41.5,89.1,0.01,E@0.1,6.4,57.4,0.0,59,"Roza, Benton County",300045,Roza,2017-12-08 00:12:47.970198
2008-06-05,05:15,45.1,,41.8,87.9,0.01,E@1.7,6.4,57.3,0.0,88,"Roza, Benton County",300045,Roza,2017-12-08 00:12:47.970198
2008-06-05,05:30,45.3,,42.2,88.6,0.01,E@0.1,4.2,57.3,0.0,90,"Roza, Benton County",300045,Roza,2017-12-08 00:12:47.970198
2008-06-05,05:45,45.8,,42.4,87.9,0.0,N@0.0,0.0,57.2,0.0,114,"Roza, Benton County",300045,Roza,2017-12-08 00:12:47.970198
2008-06-05,06:00,46.5,,42.0,84.1,0.0,N@0.0,0.0,57.1,0.0,124,"Roza, Benton County",300045,Roza,2017-12-08 00:12:47.970198
2008-06-05,06:15,47.1,,42.0,82.3,0.0,N@0.0,0.0,57.1,0.0,168,"Roza, Benton County",300045,Roza,2017-12-08 00:12:47.970198
2008-06-05,06:30,47.6,,41.9,80.4,0.0,SE@0.3,6.7,57.0,0.0,191,"Roza, Benton County",300045,Roza,2017-12-08 00:12:47.970198
2008-06-05,06:45,47.8,,42.2,80.6,0.0,N@0.0,0.0,57.0,0.0,171,"Roza, Benton County",300045,Roza,2017-12-08 00:12:47.970198
2008-06-05,07:00,48.2,,42.4,80.0,0.0,SE@0.2,4.2,56.9,0.0,184,"Roza, Benton County",300045,Roza,2017-12-08 00:12:47.970198
2008-06-05,07:15,48.7,,42.4,78.7,0.0,SE@1.8,6.4,56.9,0.0,237,"Roza, Benton County",300045,Roza,2017-12-08 00:12:47.970198
2008-06-05,07:30,49.0,,42.6,78.4,0.0,S@0.7,6.4,56.9,0.0,208,"Roza, Benton County",300045,Roza,2017-12-08 00:12:47.970198
2008-06-05,07:45,49.4,,42.1,75.9,0.0,S@0.0,2.1,56.8,0.0,233,"Roza, Benton County",300045,Roza,2017-12-08 00:12:47.970198
2008-06-05,08:00,49.9,,42.2,74.7,0.0,N@0.0,0.0,56.8,0.0,243,"Roza, Benton County",300045,Roza,2017-12-08 00:12:47.970198
2008-06-05,08:15,50.4,,42.5,74.1,0.0,N@0.0,0.0,56.8,0.0,216,"Roza, Benton County",300045,Roza,2017-12-08 00:12:47.970198
2008-06-05,08:30,50.9,,42.4,72.4,0.0,N@0.0,0.0,56.8,0.0,227,"Roza, Benton County",300045,Roza,2017-12-08 00:12:47.970198
2008-06-05,08:45,51.6,,42.4,70.6,0.0,N@0.0,0.0,56.8,0.0,264,"Roza, Benton County",300045,Roza,2017-12-08 00:12:47.970198
2008-06-05,09:00,52.8,,42.6,68.1,0.0,N@0.0,0.0,56.7,0.0,292,"Roza, Benton County",300045,Roza,2017-12-08 00:12:47.970198
2008-06-05,09:15,53.7,,42.9,66.7,0.0,SW@0.5,8.9,56.7,0.0,319,"Roza, Benton County",300045,Roza,2017-12-08 00:12:47.970198
2008-06-05,09:30,54.4,,42.4,63.7,0.0,SW@3.4,8.5,56.7,0.0,400,"Roza, Benton County",300045,Roza,2017-12-08 00:12:47.970198
2008-06-05,09:45,54.9,,41.7,60.9,0.0,SW@4.5,9.9,56.7,0.0,445,"Roza, Benton County",300045,Roza,2017-12-08 00:12:47.970198
2008-06-05,10:00,55.5,,41.4,58.9,0.0,S@4.4,10.7,56.7,0.0,476,"Roza, Benton County",300045,Roza,2017-12-08 00:12:47.970198
2008-06-05,10:15,57.2,,41.4,55.3,0.0,S@1.6,9.6,56.7,0.0,881,"Roza, Benton County",300045,Roza,2017-12-08 00:12:47.970198
2008-06-05,10:30,58.1,,40.9,52.7,0.0,N@0.0,0.0,56.8,0.0,677,"Roza, Benton County",300045,Roza,2017-12-08 00:12:47.970198
2008-06-05,10:45,58.7,,41.3,52.3,0.0,N@0.0,0.0,56.8,0.0,860,"Roza, Benton County",300045,Roza,2017-12-08 00:12:47.970198
2008-06-05,11:00,60.3,,41.9,50.6,0.0,N@0.0,0.0,56.8,0.0,914,"Roza, Benton County",300045,Roza,2017-12-08 00:12:47.970198
2008-06-05,11:15,61.2,,40.2,45.8,0.0,SW@3.2,12.8,56.8,0.0,827,"Roza, Benton County",300045,Roza,2017-12-08 00:12:47.970198
2008-06-05,11:30,60.4,,39.5,46.0,0.0,W@1.4,12.4,56.9,0.0,428,"Roza, Benton County",300045,Roza,2017-12-08 00:12:47.970198
2008-06-05,11:45,60.2,,39.7,46.7,0.0,W@5.5,13.5,56.9,0.0,390,"Roza, Benton County",300045,Roza,2017-12-08 00:12:47.970198
2008-06-05,12:00,60.3,,40.6,48.2,0.01,W@10.9,17.1,57.0,0.0,317,"Roza, Benton County",300045,Roza,2017-12-08 00:12:47.970198
2008-06-05,12:15,59.0,,41.3,51.7,0.05,W@9.9,15.3,57.0,0.0,264,"Roza, Benton County",300045,Roza,2017-12-08 00:12:47.970198
2008-06-05,12:30,58.8,,42.9,55.3,0.47,W@7.6,11.7,57.1,0.0,291,"Roza, Benton County",300045,Roza,2017-12-08 00:12:47.970198
2008-06-05,12:45,59.8,,41.5,50.8,0.04,W@9.2,14.6,57.2,0.0,296,"Roza, Benton County",300045,Roza,2017-12-08 00:12:47.970198
2008-06-05,13:00,59.8,,41.6,50.7,0.41,W@12.6,19.2,57.2,0.0,358,"Roza, Benton County",300045,Roza,2017-12-08 00:12:47.970198
2008-06-05,13:15,57.5,,43.0,58.3,0.98,W@11.2,15.7,57.3,0.0,311,"Roza, Benton County",300045,Roza,2017-12-08 00:12:47.970198
2008-06-05,13:30,58.6,,43.3,56.6,0.46,W@7.9,13.2,57.3,0.0,372,"Roza, Benton County",300045,Roza,2017-12-08 00:12:47.970198
2008-06-05,13:45,59.2,,43.0,54.7,0.22,W@7.5,13.2,57.3,0.0,379,"Roza, Benton County",300045,Roza,2017-12-08 00:12:47.970198
2008-06-05,14:00,56.9,,46.0,67.0,0.97,W@8.9,13.2,57.4,0.0,166,"Roza, Benton County",300045,Roza,2017-12-08 00:12:47.970198
2008-06-05,14:15,55.3,,47.4,74.6,1.0,W@7.8,10.7,57.4,0.01,191,"Roza, Benton County",300045,Roza,2017-12-08 00:12:47.970198
2008-06-05,14:30,55.5,,47.8,75.2,1.0,W@9.8,14.6,57.4,0.0,265,"Roza, Benton County",300045,Roza,2017-12-08 00:12:47.970198
2008-06-05,14:45,55.1,,47.8,76.3,0.97,SW@10.2,14.6,57.5,0.0,256,"Roza, Benton County",300045,Roza,2017-12-08 00:12:47.970198
2008-06-05,15:00,54.7,,48.2,78.7,0.91,SW@7.3,11.7,57.5,0.0,192,"Roza, Benton County",300045,Roza,2017-12-08 00:12:47.970198
2008-06-05,15:15,55.4,,48.6,77.7,0.41,SW@5.0,8.2,57.5,0.0,262,"Roza, Benton County",300045,Roza,2017-12-08 00:12:47.970198
2008-06-05,15:30,56.0,,47.8,74.0,0.0,SW@5.1,8.9,57.5,0.0,193,"Roza, Benton County",300045,Roza,2017-12-08 00:12:47.970198
2008-06-05,15:45,56.4,,47.2,71.1,0.0,SW@1.0,10.7,57.5,0.0,170,"Roza, Benton County",300045,Roza,2017-12-08 00:12:47.970198
2008-06-05,16:00,57.6,,47.1,68.0,0.0,W@2.7,8.9,57.6,0.0,325,"Roza, Benton County",300045,Roza,2017-12-08 00:12:47.970198
2008-06-05,16:15,59.3,,47.5,64.9,0.0,W@7.5,13.9,57.6,0.0,473,"Roza, Benton County",300045,Roza,2017-12-08 00:12:47.970198
2008-06-05,16:30,60.4,,46.0,59.0,0.0,W@9.5,15.3,57.6,0.0,483,"Roza, Benton County",300045,Roza,2017-12-08 00:12:47.970198
2008-06-05,16:45,60.6,,45.0,56.4,0.0,W@8.9,17.1,57.6,0.0,326,"Roza, Benton County",300045,Roza,2017-12-08 00:12:47.970198
2008-06-05,17:00,59.5,,44.2,56.7,0.0,W@12.5,19.2,57.7,0.0,174,"Roza, Benton County",300045,Roza,2017-12-08 00:12:47.970198
2008-06-05,17:15,60.5,,44.1,54.6,0.0,W@15.1,20.7,57.7,0.0,386,"Roza, Benton County",300045,Roza,2017-12-08 00:12:47.970198
2008-06-05,17:30,60.4,,44.0,54.6,0.0,W@17.0,23.2,57.7,0.0,336,"Roza, Benton County",300045,Roza,2017-12-08 00:12:47.970198
2008-06-05,17:45,59.4,,43.0,54.3,0.0,W@16.1,24.6,57.7,0.0,163,"Roza, Benton County",300045,Roza,2017-12-08 00:12:47.970198
2008-06-05,18:00,58.6,,42.2,54.4,0.0,W@13.6,18.2,57.7,0.0,111,"Roza, Benton County",300045,Roza,2017-12-08 00:12:47.970198
2008-06-05,18:15,59.0,,42.6,54.3,0.0,W@12.1,17.8,57.7,0.0,188,"Roza, Benton County",300045,Roza,2017-12-08 00:12:47.970198
2008-06-05,18:30,59.1,,42.4,53.7,0.0,W@13.6,22.1,57.7,0.0,178,"Roza, Benton County",300045,Roza,2017-12-08 00:12:47.970198
2008-06-05,18:45,58.4,,41.9,54.0,0.0,W@11.8,17.1,57.7,0.0,87,"Roza, Benton County",300045,Roza,2017-12-08 00:12:47.970198
2008-06-05,19:00,57.7,,41.5,54.7,0.0,W@12.2,19.2,57.7,0.0,84,"Roza, Benton County",300045,Roza,2017-12-08 00:12:47.970198
2008-06-05,19:15,57.0,,41.6,56.2,0.0,W@14.0,20.3,57.7,0.0,65,"Roza, Benton County",300045,Roza,2017-12-08 00:12:47.970198
2008-06-05,19:30,56.0,,41.9,59.0,0.0,W@11.7,17.8,57.7,0.0,30,"Roza, Benton County",300045,Roza,2017-12-08 00:12:47.970198
2008-06-05,19:45,55.1,,42.2,61.6,0.0,W@10.2,13.9,57.7,0.0,13,"Roza, Benton County",300045,Roza,2017-12-08 00:12:47.970198
2008-06-05,20:00,53.9,,42.7,65.8,0.0,W@6.7,11.0,57.7,0.0,3,"Roza, Benton County",300045,Roza,2017-12-08 00:12:47.970198
2008-06-05,20:15,53.1,,42.4,66.7,0.0,W@2.4,11.7,57.6,0.0,1,"Roza, Benton County",300045,Roza,2017-12-08 00:12:47.970198
2008-06-05,20:30,52.4,,42.0,67.6,0.0,N@0.0,0.0,57.6,0.0,0,"Roza, Benton County",300045,Roza,2017-12-08 00:12:47.970198
2008-06-05,20:45,50.8,,42.1,72.0,0.0,N@0.0,0.0,57.6,0.0,0,"Roza, Benton County",300045,Roza,2017-12-08 00:12:47.970198
2008-06-05,21:00,49.1,,42.2,77.0,0.0,N@0.0,0.0,57.5,0.0,0,"Roza, Benton County",300045,Roza,2017-12-08 00:12:47.970198
2008-06-05,21:15,49.3,,42.6,77.6,0.0,N@0.0,0.0,57.5,0.0,0,"Roza, Benton County",300045,Roza,2017-12-08 00:12:47.970198
2008-06-05,21:30,49.2,,42.3,76.9,0.0,N@0.0,0.0,57.4,0.0,0,"Roza, Benton County",300045,Roza,2017-12-08 00:12:47.970198
2008-06-05,21:45,48.6,,42.1,78.1,0.0,N@0.0,0.0,57.4,0.0,0,"Roza, Benton County",300045,Roza,2017-12-08 00:12:47.970198
2008-06-05,22:00,48.9,,42.1,77.2,0.0,N@0.0,0.0,57.4,0.0,0,"Roza, Benton County",300045,Roza,2017-12-08 00:12:47.970198
2008-06-05,22:15,47.6,,42.1,81.2,0.01,N@0.0,0.0,57.3,0.0,0,"Roza, Benton County",300045,Roza,2017-12-08 00:12:47.970198
2008-06-05,22:30,47.9,,42.0,79.8,0.0,N@0.0,0.0,57.3,0.0,0,"Roza, Benton County",300045,Roza,2017-12-08 00:12:47.970198
2008-06-05,22:45,47.0,,41.9,82.2,0.01,N@0.0,0.0,57.2,0.0,0,"Roza, Benton County",300045,Roza,2017-12-08 00:12:47.970198
2008-06-05,23:00,48.2,,42.4,80.1,0.0,W@1.0,9.9,57.2,0.0,0,"Roza, Benton County",300045,Roza,2017-12-08 00:12:47.970198
2008-06-06,23:15,49.3,,42.5,77.3,0.0,W@7.4,9.6,57.1,0.0,0,"Roza, Benton County",300045,Roza,2017-12-08 00:12:47.970198
2008-06-06,23:30,49.1,,42.4,77.6,0.0,W@8.3,11.4,57.1,0.0,0,"Roza, Benton County",300045,Roza,2017-12-08 00:12:47.970198
2008-06-06,23:45,49.2,,42.2,76.6,0.0,W@8.6,11.4,57.0,0.0,0,"Roza, Benton County",300045,Roza,2017-12-08 00:12:47.970198
2008-06-06,24:00,48.9,,41.9,76.6,0.0,W@8.8,11.7,57.0,0.0,0,"Roza, Benton County",300045,Roza,2017-12-08 00:12:47.970198
2008-06-06,00:15,48.9,,41.7,76.0,0.0,W@9.2,12.1,56.9,0.0,0,"Roza, Benton County",300045,Roza,2017-12-08 00:12:47.970198
2008-06-06,00:30,49.0,,41.4,75.0,0.0,W@8.5,11.7,56.9,0.0,0,"Roza, Benton County",300045,Roza,2017-12-08 00:12:47.970198
2008-06-06,00:45,48.8,,41.4,75.5,0.0,W@8.9,12.1,56.8,0.0,0,"Roza, Benton County",300045,Roza,2017-12-08 00:12:47.970198
2008-06-06,01:00,48.3,,41.2,76.1,0.0,W@8.2,11.7,56.7,0.0,0,"Roza, Benton County",300045,Roza,2017-12-08 00:12:47.970198
2008-06-06,01:15,48.2,,40.6,75.0,0.0,W@8.3,12.1,56.7,0.0,0,"Roza, Benton County",300045,Roza,2017-12-08 00:12:47.970198
2008-06-06,01:30,47.9,,39.9,73.9,0.0,W@8.1,13.2,56.6,0.0,0,"Roza, Benton County",300045,Roza,2017-12-08 00:12:47.970198
2008-06-06,01:45,46.5,,39.8,77.4,0.0,NW@5.8,7.8,56.6,0.0,0,"Roza, Benton County",300045,Roza,2017-12-08 00:12:47.970198
2008-06-06,02:00,45.7,,39.3,78.0,0.0,W@0.7,6.7,56.5,0.0,0,"Roza, Benton County",300045,Roza,2017-12-08 00:12:47.970198
2008-06-06,02:15,46.3,,38.9,75.0,0.0,W@6.3,12.4,56.5,0.0,0,"Roza, Benton County",300045,Roza,2017-12-08 00:12:47.970198
2008-06-06,02:30,47.0,,38.3,71.8,0.0,NW@9.3,13.9,56.4,0.0,0,"Roza, Benton County",300045,Roza,2017-12-08 00:12:47.970198
2008-06-06,02:45,46.5,,38.0,72.1,0.0,NW@10.0,14.6,56.3,0.0,0,"Roza, Benton County",300045,Roza,2017-12-08 00:12:47.970198
2008-06-06,03:00,46.3,,37.8,72.0,0.0,W@10.7,15.3,56.3,0.0,0,"Roza, Benton County",300045,Roza,2017-12-08 00:12:47.970198
2008-06-06,03:15,47.0,,37.2,68.8,0.0,W@13.3,19.6,56.2,0.0,0,"Roza, Benton County",300045,Roza,2017-12-08 00:12:47.970198
2008-06-06,03:30,46.9,,37.1,68.4,0.0,NW@11.8,17.5,56.2,0.0,0,"Roza, Benton County",300045,Roza,2017-12-08 00:12:47.970198
2008-06-06,03:45,46.7,,36.9,68.5,0.0,NW@11.7,18.2,56.1,0.0,0,"Roza, Benton County",300045,Roza,2017-12-08 00:12:47.970198
2008-06-06,04:00,46.0,,36.7,69.8,0.0,NW@7.7,12.4,56.0,0.0,1,"Roza, Benton County",300045,Roza,2017-12-08 00:12:47.970198
2008-06-06,04:15,45.2,,36.4,71.1,0.0,NW@5.9,9.9,56.0,0.0,4,"Roza, Benton County",300045,Roza,2017-12-08 00:12:47.970198
2008-06-06,04:30,44.4,,36.6,73.9,0.0,NW@7.2,10.7,55.9,0.0,14,"Roza, Benton County",300045,Roza,2017-12-08 00:12:47.970198
2008-06-06,04:45,45.3,,36.9,72.3,0.0,NW@7.7,11.4,55.9,0.0,52,"Roza, Benton County",300045,Roza,2017-12-08 00:12:47.970198
2008-06-06,05:00,45.5,,37.3,73.0,0.0,NW@6.8,9.6,55.8,0.0,74,"Roza, Benton County",300045,Roza,2017-12-08 00:12:47.970198
2008-06-06,05:15,46.6,,37.5,70.5,0.0,NW@5.4,10.7,55.7,0.0,131,"Roza, Benton County",300045,Roza,2017-12-08 00:12:47.970198
2008-06-06,05:30,47.7,,37.8,68.2,0.0,W@7.7,12.1,55.7,0.0,163,"Roza, Benton County",300045,Roza,2017-12-08 00:12:47.970198
2008-06-06,05:45,48.7,,37.7,65.4,0.0,W@8.8,13.2,55.6,0.0,174,"Roza, Benton County",300045,Roza,2017-12-08 00:12:47.970198
2008-06-06,06:00,48.6,,37.6,65.4,0.0,W@8.1,11.7,55.5,0.0,97,"Roza, Benton County",300045,Roza,2017-12-08 00:12:47.970198
2008-06-06,06:15,48.2,,37.4,66.0,0.0,W@5.4,12.1,55.5,0.0,74,"Roza, Benton County",300045,Roza,2017-12-08 00:12:47.970198
2008-06-06,06:30,48.1,,38.1,68.0,0.0,W@3.3,8.9,55.4,0.0,98,"Roza, Benton County",300045,Roza,2017-12-08 00:12:47.970198
2008-06-06,06:45,48.9,,38.2,66.3,0.0,W@6.7,11.4,55.4,0.0,138,"Roza, Benton County",300045,Roza,2017-12-08 00:12:47.970198
2008-06-06,07:00,49.4,,38.8,66.5,0.0,SW@6.7,10.7,55.3,0.0,135,"Roza, Benton County",300045,Roza,2017-12-08 00:12:47.970198
2008-06-06,07:15,50.2,,38.7,64.5,0.0,W@8.2,12.8,55.3,0.0,153,"Roza, Benton County",300045,Roza,2017-12-08 00:12:47.970198
2008-06-06,07:30,50.8,,38.4,62.5,0.0,SW@8.2,12.1,55.3,0.0,182,"Roza, Benton County",300045,Roza,2017-12-08 00:12:47.970198
2008-06-06,07:45,50.9,,38.3,61.8,0.0,SW@7.1,11.4,55.2,0.0,144,"Roza, Benton County",300045,Roza,2017-12-08 00:12:47.970198
2008-06-06,08:00,51.1,,38.4,61.6,0.0,SW@2.7,9.2,55.2,0.0,162,"Roza, Benton County",300045,Roza,2017-12-08 00:12:47.970198
2008-06-06,08:15,51.9,,38.8,60.7,0.0,SW@4.1,8.5,55.2,0.0,231,"Roza, Benton County",300045,Roza,2017-12-08 00:12:47.970198
2008-06-06,08:30,52.5,,38.6,59.0,0.0,SW@6.3,10.3,55.2,0.0,270,"Roza, Benton County",300045,Roza,2017-12-08 00:12:47.970198
2008-06-06,08:45,53.2,,38.2,56.6,0.0,W@10.1,15.7,55.1,0.0,267,"Roza, Benton County",300045,Roza,2017-12-08 00:12:47.970198
2008-06-06,09:00,53.4,,37.6,55.0,0.0,W@13.2,17.1,55.1,0.0,279,"Roza, Benton County",300045,Roza,2017-12-08 00:12:47.970198
2008-06-06,09:15,52.9,,37.8,56.3,0.03,W@15.0,20.3,55.1,0.0,258,"Roza, Benton County",300045,Roza,2017-12-08 00:12:47.970198
2008-06-06,09:30,52.4,,37.8,57.2,0.06,W@15.8,20.3,55.1,0.0,252,"Roza, Benton County",300045,Roza,2017-12-08 00:12:47.970198
2008-06-06,09:45,52.8,,37.8,56.6,0.07,W@14.4,18.9,55.1,0.0,298,"Roza, Benton County",300045,Roza,2017-12-08 00:12:47.970198
2008-06-06,10:00,53.1,,39.1,58.9,0.33,W@12.8,18.9,55.1,0.0,396,"Roza, Benton County",300045,Roza,2017-12-08 00:12:47.970198
2008-06-06,10:15,53.8,,38.6,56.3,0.02,W@13.4,18.5,55.0,0.0,392,"Roza, Benton County",300045,Roza,2017-12-08 00:12:47.970198
2008-06-06,10:30,54.0,,38.3,55.1,0.0,W@13.9,18.9,55.0,0.0,353,"Roza, Benton County",300045,Roza,2017-12-08 00:12:47.970198
2008-06-06,10:45,54.4,,38.3,54.5,0.0,W@13.5,18.9,55.0,0.0,366,"Roza, Benton County",300045,Roza,2017-12-08 00:12:47.970198
2008-06-06,11:00,54.5,,38.2,54.0,0.01,W@15.4,21.8,55.0,0.0,421,"Roza, Benton County",300045,Roza,2017-12-08 00:12:47.970198
2008-06-06,11:15,54.9,,38.3,53.4,0.0,W@14.7,21.4,55.0,0.0,412,"Roza, Benton County",300045,Roza,2017-12-08 00:12:47.970198
2008-06-06,11:30,54.6,,37.9,53.1,0.01,W@15.5,22.8,55.0,0.0,357,"Roza, Benton County",300045,Roza,2017-12-08 00:12:47.970198
2008-06-06,11:45,54.6,,38.4,54.1,0.01,W@13.3,18.9,55.0,0.0,308,"Roza, Benton County",300045,Roza,2017-12-08 00:12:47.970198
2008-06-06,12:00,55.7,,38.6,52.5,0.0,W@15.0,19.6,55.0,0.0,519,"Roza, Benton County",300045,Roza,2017-12-08 00:12:47.970198
2008-06-06,12:15,57.3,,39.1,50.7,0.0,SW@15.5,21.4,55.0,0.0,604,"Roza, Benton County",300045,Roza,2017-12-08 00:12:47.970198
2008-06-06,12:30,57.7,,39.4,50.4,0.0,SW@16.3,22.5,55.1,0.0,649,"Roza, Benton County",300045,Roza,2017-12-08 00:12:47.970198
2008-06-06,12:45,58.5,,39.4,49.1,0.0,SW@16.2,25.3,55.0,0.0,653,"Roza, Benton County",300045,Roza,2017-12-08 00:12:47.970198
2008-06-06,13:00,58.0,,39.7,50.3,0.02,SW@15.0,25.3,55.1,0.0,511,"Roza, Benton County",300045,Roza,2017-12-08 00:12:47.970198
2008-06-06,13:15,57.9,,39.6,50.5,0.01,SW@15.4,22.5,55.1,0.0,502,"Roza, Benton County",300045,Roza,2017-12-08 00:12:47.970198
2008-06-06,13:30,60.5,,39.7,46.1,0.0,W@14.8,21.4,55.1,0.0,883,"Roza, Benton County",300045,Roza,2017-12-08 00:12:47.970198
2008-06-06,13:45,61.0,,38.9,43.9,0.0,W@14.9,20.0,55.1,0.0,717,"Roza, Benton County",300045,Roza,2017-12-08 00:12:47.970198
2008-06-06,14:00,60.9,,38.7,43.7,0.0,W@14.6,21.8,55.2,0.0,816,"Roza, Benton County",300045,Roza,2017-12-08 00:12:47.970198
2008-06-06,14:15,61.8,,38.5,42.0,0.0,W@16.0,21.4,55.2,0.0,838,"Roza, Benton County",300045,Roza,2017-12-08 00:12:47.970198
2008-06-06,14:30,62.0,,38.3,41.4,0.0,W@15.5,21.4,55.2,0.0,736,"Roza, Benton County",300045,Roza,2017-12-08 00:12:47.970198
2008-06-06,14:45,62.5,,38.4,40.8,0.0,W@15.2,21.4,55.3,0.0,835,"Roza, Benton County",300045,Roza,2017-12-08 00:12:47.970198
2008-06-06,15:00,60.9,,37.9,42.2,0.0,W@16.9,22.5,55.3,0.0,420,"Roza, Benton County",300045,Roza,2017-12-08 00:12:47.970198
2008-06-06,15:15,60.6,,38.2,43.4,0.0,W@17.2,23.5,55.4,0.0,444,"Roza, Benton County",300045,Roza,2017-12-08 00:12:47.970198
2008-06-06,15:30,59.3,,38.2,45.4,0.0,W@16.6,21.4,55.4,0.0,276,"Roza, Benton County",300045,Roza,2017-12-08 00:12:47.970198
2008-06-06,15:45,59.4,,38.6,46.0,0.0,W@16.9,23.5,55.5,0.0,293,"Roza, Benton County",300045,Roza,2017-12-08 00:12:47.970198
2008-06-06,16:00,59.3,,38.9,46.5,0.0,W@16.3,21.8,55.5,0.0,274,"Roza, Benton County",300045,Roza,2017-12-08 00:12:47.970198
2008-06-06,16:15,58.8,,38.9,47.5,0.0,W@15.4,22.1,55.5,0.0,163,"Roza, Benton County",300045,Roza,2017-12-08 00:12:47.970198
2008-06-06,16:30,58.4,,38.8,47.9,0.03,W@13.5,18.5,55.6,0.0,182,"Roza, Benton County",300045,Roza,2017-12-08 00:12:47.970198
2008-06-06,16:45,58.2,,39.6,49.8,0.0,NW@10.7,16.0,55.6,0.0,154,"Roza, Benton County",300045,Roza,2017-12-08 00:12:47.970198
2008-06-06,17:00,57.8,,40.8,52.9,0.0,NW@11.6,16.4,55.6,0.0,192,"Roza, Benton County",300045,Roza,2017-12-08 00:12:47.970198
2008-06-06,17:15,57.9,,40.9,53.0,0.0,NW@9.9,13.5,55.6,0.0,193,"Roza, Benton County",300045,Roza,2017-12-08 00:12:47.970198
2008-06-06,17:30,58.5,,40.6,51.3,0.0,NW@10.4,16.4,55.7,0.0,227,"Roza, Benton County",300045,Roza,2017-12-08 00:12:47.970198
2008-06-06,17:45,58.4,,40.5,51.4,0.0,NW@9.9,14.2,55.7,0.0,198,"Roza, Benton County",300045,Roza,2017-12-08 00:12:47.970198
2008-06-06,18:00,58.9,,40.3,50.0,0.0,W@10.8,19.2,55.7,0.0,246,"Roza, Benton County",300045,Roza,2017-12-08 00:12:47.970198
2008-06-06,18:15,59.6,,39.1,46.5,0.0,W@13.2,19.2,55.7,0.0,268,"Roza, Benton County",300045,Roza,2017-12-08 00:12:47.970198
2008-06-06,18:30,58.7,,38.9,47.6,0.0,W@13.4,18.2,55.7,0.0,193,"Roza, Benton County",300045,Roza,2017-12-08 00:12:47.970198
2008-06-06,18:45,57.8,,39.2,49.7,0.0,W@13.1,18.5,55.7,0.0,147,"Roza, Benton County",300045,Roza,2017-12-08 00:12:47.970198
2008-06-06,19:00,57.1,,39.1,50.7,0.0,W@12.6,17.8,55.7,0.0,123,"Roza, Benton County",300045,Roza,2017-12-08 00:12:47.970198
2008-06-06,19:15,56.5,,39.2,52.2,0.0,W@10.7,14.2,55.7,0.0,81,"Roza, Benton County",300045,Roza,2017-12-08 00:12:47.970198
2008-06-06,19:30,55.4,,39.4,54.8,0.0,W@10.5,16.7,55.7,0.0,34,"Roza, Benton County",300045,Roza,2017-12-08 00:12:47.970198
2008-06-06,19:45,54.3,,39.2,56.5,0.0,W@11.9,18.2,55.7,0.0,12,"Roza, Benton County",300045,Roza,2017-12-08 00:12:47.970198
2008-06-06,20:00,53.1,,39.7,60.0,0.0,W@8.7,12.1,55.7,0.0,3,"Roza, Benton County",300045,Roza,2017-12-08 00:12:47.970198
2008-06-06,20:15,51.5,,40.1,64.8,0.0,NW@5.7,8.9,55.7,0.0,1,"Roza, Benton County",300045,Roza,2017-12-08 00:12:47.970198
2008-06-06,20:30,50.5,,40.1,67.2,0.0,NW@7.9,11.7,55.7,0.0,0,"Roza, Benton County",300045,Roza,2017-12-08 00:12:47.970198
2008-06-06,20:45,50.5,,40.1,67.1,0.0,NW@8.4,12.1,55.7,0.0,0,"Roza, Benton County",300045,Roza,2017-12-08 00:12:47.970198
2008-06-06,21:00,50.3,,40.2,68.0,0.0,NW@8.4,11.0,55.7,0.0,0,"Roza, Benton County",300045,Roza,2017-12-08 00:12:47.970198
2008-06-06,21:15,50.2,,40.2,68.4,0.0,NW@4.9,9.9,55.6,0.0,0,"Roza, Benton County",300045,Roza,2017-12-08 00:12:47.970198
2008-06-06,21:30,49.3,,40.3,70.8,0.0,NW@2.1,7.1,55.6,0.0,0,"Roza, Benton County",300045,Roza,2017-12-08 00:12:47.970198
2008-06-06,21:45,48.4,,40.4,73.6,0.0,NW@0.6,6.0,55.6,0.0,0,"Roza, Benton County",300045,Roza,2017-12-08 00:12:47.970198
2008-06-06,22:00,49.1,,41.1,73.8,0.0,N@0.0,0.0,55.6,0.0,0,"Roza, Benton County",300045,Roza,2017-12-08 00:12:47.970198
2008-06-06,22:15,49.3,,41.4,74.0,0.0,N@0.0,0.0,55.5,0.0,0,"Roza, Benton County",300045,Roza,2017-12-08 00:12:47.970198
2008-06-06,22:30,49.4,,41.2,73.3,0.0,NW@0.2,4.2,55.5,0.0,0,"Roza, Benton County",300045,Roza,2017-12-08 00:12:47.970198
2008-06-06,22:45,48.0,,41.1,76.9,0.0,N@0.0,0.0,55.5,0.0,0,"Roza, Benton County",300045,Roza,2017-12-08 00:12:47.970198
2008-06-06,23:00,46.6,,41.2,81.1,0.0,N@0.0,0.0,55.4,0.0,0,"Roza, Benton County",300045,Roza,2017-12-08 00:12:47.970198
2008-06-07,23:15,45.8,,40.9,82.9,0.0,N@0.0,0.0,55.4,0.0,0,"Roza, Benton County",300045,Roza,2017-12-08 00:12:47.970198
2008-06-07,23:30,45.3,,40.6,83.4,0.0,NW@1.8,6.4,55.4,0.0,0,"Roza, Benton County",300045,Roza,2017-12-08 00:12:47.970198
2008-06-07,23:45,45.8,,40.4,81.1,0.0,N@0.0,0.0,55.3,0.0,0,"Roza, Benton County",300045,Roza,2017-12-08 00:12:47.970198
2008-06-07,24:00,44.9,,40.2,83.5,0.0,NW@1.0,6.7,55.3,0.0,0,"Roza, Benton County",300045,Roza,2017-12-08 00:12:47.970198
2008-06-07,00:15,44.6,,40.2,84.6,0.0,NW@3.1,7.8,55.3,0.0,0,"Roza, Benton County",300045,Roza,2017-12-08 00:12:47.970198
2008-06-07,00:30,44.0,,40.0,85.5,0.01,N@0.0,0.0,55.2,0.0,0,"Roza, Benton County",300045,Roza,2017-12-08 00:12:47.970198
2008-06-07,00:45,43.3,,40.0,88.0,0.01,NW@2.5,9.2,55.2,0.0,0,"Roza, Benton County",300045,Roza,2017-12-08 00:12:47.970198
2008-06-07,01:00,44.0,,40.3,86.7,0.01,NW@6.6,9.2,55.2,0.0,0,"Roza, Benton County",300045,Roza,2017-12-08 00:12:47.970198
2008-06-07,01:15,43.9,,40.3,86.8,0.01,NW@6.9,8.9,55.1,0.0,0,"Roza, Benton County",300045,Roza,2017-12-08 00:12:47.970198
2008-06-07,01:30,43.2,,39.8,87.9,0.01,NW@5.7,8.5,55.1,0.0,0,"Roza, Benton County",300045,Roza,2017-12-08 00:12:47.970198
2008-06-07,01:45,41.3,,38.9,91.0,0.02,NW@5.3,6.4,55.0,0.0,0,"Roza, Benton County",300045,Roza,2017-12-08 00:12:47.970198
2008-06-07,02:00,40.5,,38.7,93.3,0.04,NW@4.5,5.3,55.0,0.0,0,"Roza, Benton County",300045,Roza,2017-12-08 00:12:47.970198
2008-06-07,02:15,41.2,,38.9,91.4,0.04,NW@5.4,6.7,54.9,0.0,0,"Roza, Benton County",300045,Roza,2017-12-08 00:12:47.970198
2008-06-07,02:30,41.5,,39.0,90.6,0.03,NW@4.8,6.0,54.9,0.0,0,"Roza, Benton County",300045,Roza,2017-12-08 00:12:47.970198
2008-06-07,02:45,42.1,,38.8,88.1,0.02,NW@0.4,5.3,54.8,0.0,0,"Roza, Benton County",300045,Roza,2017-12-08 00:12:47.970198
2008-06-07,03:00,41.5,,38.4,88.9,0.03,N@0.0,0.0,54.8,0.0,0,"Roza, Benton County",300045,Roza,2017-12-08 00:12:47.970198
2008-06-07,03:15,41.1,,38.3,89.9,0.04,N@0.0,0.0,54.7,0.0,0,"Roza, Benton County",300045,Roza,2017-12-08 00:12:47.970198
2008-06-07,03:30,42.3,,38.6,86.5,0.02,N@0.0,0.0,54.7,0.0,0,"Roza, Benton County",300045,Roza,2017-12-08 00:12:47.970198
2008-06-07,03:45,42.3,,38.3,85.5,0.01,N@0.0,0.0,54.6,0.0,0,"Roza, Benton County",300045,Roza,2017-12-08 00:12:47.970198
2008-06-07,04:00,43.2,,38.6,83.5,0.01,NW@1.6,8.2,54.6,0.0,1,"Roza, Benton County",300045,Roza,2017-12-08 00:12:47.970198
2008-06-07,04:15,42.7,,38.2,84.0,0.01,SW@1.9,6.0,54.5,0.0,4,"Roza, Benton County",300045,Roza,2017-12-08 00:12:47.970198
2008-06-07,04:30,42.1,,38.2,86.0,0.02,W@0.0,3.1,54.5,0.0,16,"Roza, Benton County",300045,Roza,2017-12-08 00:12:47.970198
2008-06-07,04:45,42.1,,38.1,85.7,0.01,W@0.0,2.8,54.4,0.0,27,"Roza, Benton County",300045,Roza,2017-12-08 00:12:47.970198
2008-06-07,05:00,43.6,,38.4,81.7,0.01,W@2.5,6.4,54.4,0.0,40,"Roza, Benton County",300045,Roza,2017-12-08 00:12:47.970198
2008-06-07,05:15,43.7,,38.8,82.9,0.0,S@0.1,2.8,54.3,0.0,125,"Roza, Benton County",300045,Roza,2017-12-08 00:12:47.970198
2008-06-07,05:30,44.1,,39.6,83.9,0.0,W@0.1,2.1,54.3,0.0,152,"Roza, Benton County",300045,Roza,2017-12-08 00:12:47.970198
2008-06-07,05:45,45.5,,40.4,82.1,0.0,N@0.0,0.0,54.3,0.0,189,"Roza, Benton County",300045,Roza,2017-12-08 00:12:47.970198
2008-06-07,06:00,47.3,,40.6,77.3,0.0,N@0.0,0.0,54.2,0.0,174,"Roza, Benton County",300045,Roza,2017-12-08 00:12:47.970198
2008-06-07,06:15,48.4,,41.5,76.8,0.0,N@0.0,0.0,54.2,0.0,321,"Roza, Benton County",300045,Roza,2017-12-08 00:12:47.970198
2008-06-07,06:30,49.5,,41.3,73.3,0.0,SW@0.4,7.1,54.1,0.0,249,"Roza, Benton County",300045,Roza,2017-12-08 00:12:47.970198
2008-06-07,06:45,50.3,,40.0,67.5,0.0,W@4.5,9.2,54.1,0.0,182,"Roza, Benton County",300045,Roza,2017-12-08 00:12:47.970198
2008-06-07,07:00,51.0,,39.7,65.1,0.0,W@6.0,9.2,54.0,0.0,259,"Roza, Benton County",300045,Roza,2017-12-08 00:12:47.970198
2008-06-07,07:15,51.1,,39.6,64.7,0.0,W@5.1,8.5,54.0,0.0,178,"Roza, Benton County",300045,Roza,2017-12-08 00:12:47.970198
2008-06-07,07:30,51.3,,39.2,63.2,0.0,W@0.3,7.8,54.0,0.0,238,"Roza, Benton County",300045,Roza,2017-12-08 00:12:47.970198
2008-06-07,07:45,52.3,,38.9,60.0,0.0,N@0.0,0.0,54.0,0.0,377,"Roza, Benton County",300045,Roza,2017-12-08 00:12:47.970198
2008-06-07,08:00,54.1,,39.3,57.0,0.0,W@7.0,12.1,53.9,0.0,540,"Roza, Benton County",300045,Roza,2017-12-08 00:12:47.970198
2008-06-07,08:15,55.0,,38.1,52.7,0.0,W@9.5,15.0,53.9,0.0,338,"Roza, Benton County",300045,Roza,2017-12-08 00:12:47.970198
2008-06-07,08:30,55.6,,37.7,50.8,0.0,W@9.2,13.5,53.9,0.0,416,"Roza, Benton County",300045,Roza,2017-12-08 00:12:47.970198
2008-06-07,08:45,56.5,,38.0,49.8,0.0,W@8.9,12.8,53.9,0.0,573,"Roza, Benton County",300045,Roza,2017-12-08 00:12:47.970198
2008-06-07,09:00,58.5,,37.8,45.9,0.0,W@10.4,15.3,53.9,0.0,520,"Roza, Benton County",300045,Roza,2017-12-08 00:12:47.970198
2008-06-07,09:15,57.7,,37.5,46.7,0.0,W@11.0,14.6,53.9,0.0,386,"Roza, Benton County",300045,Roza,2017-12-08 00:12:47.970198
2008-06-07,09:30,58.1,,37.8,46.6,0.0,W@10.6,16.4,53.9,0.0,521,"Roza, Benton County",300045,Roza,2017-12-08 00:12:47.970198
2008-06-07,09:45,59.9,,38.2,44.5,0.0,NW@10.9,19.6,54.0,0.0,816,"Roza, Benton County",300045,Roza,2017-12-08 00:12:47.970198
2008-06-07,10:00,60.6,,38.5,44.0,0.0,W@10.9,15.7,54.0,0.0,839,"Roza, Benton County",300045,Roza,2017-12-08 00:12:47.970198
2008-06-07,10:15,61.6,,39.3,43.6,0.0,W@10.1,16.4,54.0,0.0,863,"Roza, Benton County",300045,Roza,2017-12-08 00:12:47.970198
2008-06-07,10:30,62.4,,39.2,42.3,0.0,W@10.5,17.1,54.0,0.0,884,"Roza, Benton County",300045,Roza,2017-12-08 00:12:47.970198
2008-06-07,10:45,63.3,,39.5,41.4,0.0,W@10.7,15.7,54.1,0.0,905,"Roza, Benton County",300045,Roza,2017-12-08 00:12:47.970198
2008-06-07,11:00,63.9,,39.4,40.5,0.0,W@11.7,17.8,54.1,0.0,913,"Roza, Benton County",300045,Roza,2017-12-08 00:12:47.970198
2008-06-07,11:15,64.2,,39.2,39.6,0.0,W@11.2,16.7,54.2,0.0,909,"Roza, Benton County",300045,Roza,2017-12-08 00:12:47.970198
2008-06-07,11:30,65.1,,39.1,38.3,0.0,W@11.4,17.8,54.2,0.0,954,"Roza, Benton County",300045,Roza,2017-12-08 00:12:47.970198
2008-06-07,11:45,65.3,,37.9,36.3,0.0,W@10.0,15.7,54.3,0.0,915,"Roza, Benton County",300045,Roza,2017-12-08 00:12:47.970198
2008-06-07,12:00,65.9,,37.8,35.4,0.0,W@10.4,16.7,54.4,0.0,978,"Roza, Benton County",300045,Roza,2017-12-08 00:12:47.970198
2008-06-07,12:15,66.1,,37.7,35.0,0.0,W@10.2,16.0,54.5,0.0,931,"Roza, Benton County",300045,Roza,2017-12-08 00:12:47.970198
2008-06-07,12:30,66.2,,38.6,36.1,0.0,W@7.5,14.2,54.6,0.0,727,"Roza, Benton County",300045,Roza,2017-12-08 00:12:47.970198
2008-06-07,12:45,67.1,,38.5,35.0,0.0,W@9.3,17.1,54.7,0.0,846,"Roza, Benton County",300045,Roza,2017-12-08 00:12:47.970198
2008-06-07,13:00,67.1,,39.4,36.2,0.0,SW@8.5,13.9,54.8,0.0,973,"Roza, Benton County",300045,Roza,2017-12-08 00:12:47.970198
2008-06-07,13:15,67.4,,39.1,35.4,0.0,SW@8.2,16.7,54.9,0.0,654,"Roza, Benton County",300045,Roza,2017-12-08 00:12:47.970198
2008-06-07,13:30,66.3,,38.0,35.2,0.0,W@4.3,15.0,55.0,0.0,671,"Roza, Benton County",300045,Roza,2017-12-08 00:12:47.970198
2008-06-07,13:45,67.8,,37.9,33.3,0.0,W@8.9,16.7,55.2,0.0,829,"Roza, Benton County",300045,Roza,2017-12-08 00:12:47.970198
2008-06-07,14:00,68.5,,37.5,31.9,0.0,W@10.3,16.4,55.3,0.0,692,"Roza, Benton County",300045,Roza,2017-12-08 00:12:47.970198
2008-06-07,14:15,68.4,,38.0,32.7,0.0,NW@11.2,17.1,55.4,0.0,644,"Roza, Benton County",300045,Roza,2017-12-08 00:12:47.970198
2008-06-07,14:30,67.8,,38.0,33.5,0.0,W@9.4,14.2,55.5,0.0,575,"Roza, Benton County",300045,Roza,2017-12-08 00:12:47.970198
2008-06-07,14:45,69.3,,37.9,31.6,0.0,W@11.6,19.6,55.7,0.0,779,"Roza, Benton County",300045,Roza,2017-12-08 00:12:47.970198
2008-06-07,15:00,69.0,,37.7,31.7,0.0,W@10.1,19.6,55.8,0.0,543,"Roza, Benton County",300045,Roza,2017-12-08 00:12:47.970198
2008-06-07,15:15,67.6,,37.2,32.6,0.0,W@10.6,17.8,55.9,0.0,416,"Roza, Benton County",300045,Roza,2017-12-08 00:12:47.970198
2008-06-07,15:30,69.0,,37.2,31.0,0.0,NW@12.5,18.2,56.0,0.0,683,"Roza, Benton County",300045,Roza,2017-12-08 00:12:47.970198
2008-06-07,15:45,68.5,,37.3,31.7,0.0,NW@14.3,21.8,56.1,0.0,628,"Roza, Benton County",300045,Roza,2017-12-08 00:12:47.970198
2008-06-07,16:00,68.4,,39.0,34.1,0.0,NW@12.2,19.2,56.1,0.0,639,"Roza, Benton County",300045,Roza,2017-12-08 00:12:47.970198
2008-06-07,16:15,68.7,,39.2,33.9,0.0,NW@14.1,21.0,56.2,0.0,594,"Roza, Benton County",300045,Roza,2017-12-08 00:12:47.970198
2008-06-07,16:30,67.4,,38.4,34.4,0.0,NW@13.8,19.2,56.3,0.0,480,"Roza, Benton County",300045,Roza,2017-12-08 00:12:47.970198
2008-06-07,16:45,67.2,,37.2,33.1,0.0,NW@14.7,23.5,56.4,0.0,479,"Roza, Benton County",300045,Roza,2017-12-08 00:12:47.970198
2008-06-07,17:00,66.9,,36.0,31.9,0.0,NW@16.1,22.8,56.4,0.0,437,"Roza, Benton County",300045,Roza,2017-12-08 00:12:47.970198
2008-06-07,17:15,66.4,,35.4,31.7,0.0,NW@16.0,23.5,56.5,0.0,393,"Roza, Benton County",300045,Roza,2017-12-08 00:12:47.970198
2008-06-07,17:30,65.9,,34.9,31.5,0.0,NW@17.2,23.5,56.5,0.0,350,"Roza, Benton County",300045,Roza,2017-12-08 00:12:47.970198
2008-06-07,17:45,65.3,,35.1,32.5,0.0,NW@16.5,23.2,56.5,0.0,305,"Roza, Benton County",300045,Roza,2017-12-08 00:12:47.970198
2008-06-07,18:00,64.6,,35.5,33.8,0.0,NW@16.6,22.8,56.6,0.0,262,"Roza, Benton County",300045,Roza,2017-12-08 00:12:47.970198
2008-06-07,18:15,63.7,,34.9,34.0,0.0,NW@17.7,25.3,56.6,0.0,218,"Roza, Benton County",300045,Roza,2017-12-08 00:12:47.970198
2008-06-07,18:30,63.1,,34.6,34.4,0.0,NW@17.5,25.0,56.6,0.0,177,"Roza, Benton County",300045,Roza,2017-12-08 00:12:47.970198
2008-06-07,18:45,62.2,,34.4,35.1,0.0,NW@17.1,23.5,56.7,0.0,138,"Roza, Benton County",300045,Roza,2017-12-08 00:12:47.970198
2008-06-07,19:00,61.4,,35.3,37.5,0.0,NW@14.6,20.3,56.7,0.0,102,"Roza, Benton County",300045,Roza,2017-12-08 00:12:47.970198
2008-06-07,19:15,60.2,,35.6,39.7,0.0,NW@15.0,21.0,56.7,0.0,69,"Roza, Benton County",300045,Roza,2017-12-08 00:12:47.970198
2008-06-07,19:30,59.0,,35.8,41.7,0.0,NW@14.8,20.0,56.7,0.0,40,"Roza, Benton County",300045,Roza,2017-12-08 00:12:47.970198
2008-06-07,19:45,57.8,,36.0,43.8,0.0,NW@14.5,20.3,56.7,0.0,15,"Roza, Benton County",300045,Roza,2017-12-08 00:12:47.970198
2008-06-07,20:00,56.6,,36.3,46.5,0.0,NW@11.1,15.7,56.7,0.0,3,"Roza, Benton County",300045,Roza,2017-12-08 00:12:47.970198
2008-06-07,20:15,55.9,,36.5,47.9,0.0,W@11.3,16.4,56.7,0.0,1,"Roza, Benton County",300045,Roza,2017-12-08 00:12:47.970198
2008-06-07,20:30,55.1,,36.8,49.8,0.0,NW@13.2,17.8,56.6,0.0,0,"Roza, Benton County",300045,Roza,2017-12-08 00:12:47.970198
2008-06-07,20:45,54.5,,37.1,51.7,0.0,NW@12.5,17.1,56.6,0.0,0,"Roza, Benton County",300045,Roza,2017-12-08 00:12:47.970198
2008-06-07,21:00,54.0,,37.2,52.9,0.0,NW@11.5,18.2,56.6,0.0,0,"Roza, Benton County",300045,Roza,2017-12-08 00:12:47.970198
2008-06-07,21:15,53.7,,37.2,53.5,0.0,NW@12.5,17.8,56.6,0.0,0,"Roza, Benton County",300045,Roza,2017-12-08 00:12:47.970198
2008-06-07,21:30,53.4,,37.3,54.2,0.0,NW@13.1,16.7,56.5,0.0,0,"Roza, Benton County",300045,Roza,2017-12-08 00:12:47.970198
2008-06-07,21:45,53.3,,37.2,54.1,0.0,NW@14.7,20.0,56.5,0.0,0,"Roza, Benton County",300045,Roza,2017-12-08 00:12:47.970198
2008-06-07,22:00,53.0,,37.3,54.9,0.0,NW@13.1,18.2,56.5,0.0,0,"Roza, Benton County",300045,Roza,2017-12-08 00:12:47.970198
2008-06-07,22:15,52.6,,37.4,56.0,0.0,NW@11.3,15.7,56.4,0.0,0,"Roza, Benton County",300045,Roza,2017-12-08 00:12:47.970198
2008-06-07,22:30,51.9,,37.5,57.8,0.0,W@8.0,12.4,56.4,0.0,0,"Roza, Benton County",300045,Roza,2017-12-08 00:12:47.970198
2008-06-07,22:45,51.6,,37.7,58.8,0.0,W@9.1,13.9,56.4,0.0,0,"Roza, Benton County",300045,Roza,2017-12-08 00:12:47.970198
2008-06-07,23:00,50.4,,38.1,62.4,0.0,NW@9.5,13.2,56.3,0.0,0,"Roza, Benton County",300045,Roza,2017-12-08 00:12:47.970198
2008-06-08,23:15,49.5,,38.2,64.9,0.0,NW@8.6,12.4,56.3,0.0,0,"Roza, Benton County",300045,Roza,2017-12-08 00:12:47.970198
2008-06-08,23:30,48.8,,38.1,66.4,0.0,W@1.1,6.7,56.2,0.0,0,"Roza, Benton County",300045,Roza,2017-12-08 00:12:47.970198
2008-06-08,23:45,47.9,,38.5,69.7,0.0,W@2.4,7.8,56.2,0.0,0,"Roza, Benton County",300045,Roza,2017-12-08 00:12:47.970198
2008-06-08,24:00,46.5,,38.5,73.4,0.0,N@0.0,0.0,56.1,0.0,0,"Roza, Benton County",300045,Roza,2017-12-08 00:12:47.970198
2008-06-08,00:15,46.5,,38.4,73.4,0.0,N@0.0,0.0,56.1,0.0,0,"Roza, Benton County",300045,Roza,2017-12-08 00:12:47.970198
2008-06-08,00:30,45.6,,38.4,75.7,0.0,N@0.0,0.0,56.0,0.0,0,"Roza, Benton County",300045,Roza,2017-12-08 00:12:47.970198
2008-06-08,00:45,44.6,,38.5,79.1,0.0,N@0.0,0.0,56.0,0.0,0,"Roza, Benton County",300045,Roza,2017-12-08 00:12:47.970198
2008-06-08,01:00,44.1,,37.9,78.8,0.0,N@0.0,0.0,55.9,0.0,0,"Roza, Benton County",300045,Roza,2017-12-08 00:12:47.970198
2008-06-08,01:15,43.4,,37.2,78.8,0.0,N@0.0,0.0,55.9,0.0,0,"Roza, Benton County",300045,Roza,2017-12-08 00:12:47.970198
2008-06-08,01:30,43.5,,37.1,77.9,0.0,N@0.0,0.0,55.8,0.0,0,"Roza, Benton County",300045,Roza,2017-12-08 00:12:47.970198
2008-06-08,01:45,43.3,,37.1,78.7,0.0,N@0.0,0.0,55.8,0.0,0,"Roza, Benton County",300045,Roza,2017-12-08 00:12:47.970198
2008-06-08,02:00,42.3,,36.8,80.9,0.0,N@0.0,0.0,55.7,0.0,0,"Roza, Benton County",300045,Roza,2017-12-08 00:12:47.970198
2008-06-08,02:15,41.8,,36.8,82.3,0.0,N@0.0,0.0,55.6,0.0,0,"Roza, Benton County",300045,Roza,2017-12-08 00:12:47.970198
2008-06-08,02:30,42.8,,37.1,79.9,0.0,N@0.0,0.0,55.6,0.0,0,"Roza, Benton County",300045,Roza,2017-12-08 00:12:47.970198
2008-06-08,02:45,43.4,,37.0,78.1,0.0,N@0.0,0.0,55.5,0.0,0,"Roza, Benton County",300045,Roza,2017-12-08 00:12:47.970198
2008-06-08,03:00,41.8,,36.5,81.3,0.0,N@0.0,0.0,55.5,0.0,0,"Roza, Benton County",300045,Roza,2017-12-08 00:12:47.970198
2008-06-08,03:15,41.0,,36.4,83.5,0.0,N@0.0,0.0,55.4,0.0,0,"Roza, Benton County",300045,Roza,2017-12-08 00:12:47.970198
2008-06-08,03:30,40.6,,36.4,84.9,0.0,N@0.0,0.0,55.3,0.0,0,"Roza, Benton County",300045,Roza,2017-12-08 00:12:47.970198
2008-06-08,03:45,41.4,,36.8,83.4,0.01,N@0.0,0.0,55.3,0.0,0,"Roza, Benton County",300045,Roza,2017-12-08 00:12:47.970198
2008-06-08,04:00,40.6,,36.4,84.9,0.01,N@0.0,0.0,55.2,0.0,1,"Roza, Benton County",300045,Roza,2017-12-08 00:12:47.970198
2008-06-08,04:15,40.9,,36.7,84.6,0.01,N@0.0,0.0,55.2,0.0,5,"Roza, Benton County",300045,Roza,2017-12-08 00:12:47.970198
2008-06-08,04:30,41.2,,36.8,84.4,0.01,NE@0.7,5.7,55.1,0.0,14,"Roza, Benton County",300045,Roza,2017-12-08 00:12:47.970198
2008-06-08,04:45,41.5,,37.3,84.8,0.01,NE@1.9,5.3,55.1,0.0,45,"Roza, Benton County",300045,Roza,2017-12-08 00:12:47.970198
2008-06-08,05:00,44.8,,38.0,77.0,0.0,N@0.0,0.0,55.0,0.0,77,"Roza, Benton County",300045,Roza,2017-12-08 00:12:47.970198
2008-06-08,05:15,44.9,,38.9,79.4,0.0,N@0.0,0.0,54.9,0.0,109,"Roza, Benton County",300045,Roza,2017-12-08 00:12:47.970198
2008-06-08,05:30,46.7,,39.8,76.7,0.0,N@0.0,0.0,54.9,0.0,144,"Roza, Benton County",300045,Roza,2017-12-08 00:12:47.970198
2008-06-08,05:45,48.4,,40.1,72.9,0.0,N@0.0,0.0,54.8,0.0,181,"Roza, Benton County",300045,Roza,2017-12-08 00:12:47.970198
2008-06-08,06:00,49.1,,39.9,70.2,0.0,N@0.0,0.0,54.8,0.0,221,"Roza, Benton County",300045,Roza,2017-12-08 00:12:47.970198
2008-06-08,06:15,49.6,,40.3,70.1,0.0,N@0.0,0.0,54.7,0.0,262,"Roza, Benton County",300045,Roza,2017-12-08 00:12:47.970198
2008-06-08,06:30,49.9,,41.2,71.9,0.0,N@0.0,0.0,54.7,0.0,304,"Roza, Benton County",300045,Roza,2017-12-08 00:12:47.970198
2008-06-08,06:45,50.6,,41.3,70.3,0.0,N@0.0,0.0,54.6,0.0,348,"Roza, Benton County",300045,Roza,2017-12-08 00:12:47.970198
2008-06-08,07:00,51.2,,41.3,68.7,0.0,N@0.0,0.0,54.6,0.0,391,"Roza, Benton County",300045,Roza,2017-12-08 00:12:47.970198
2008-06-08,07:15,52.0,,41.5,67.4,0.0,N@0.0,0.0,54.5,0.0,434,"Roza, Benton County",300045,Roza,2017-12-08 00:12:47.970198
2008-06-08,07:30,53.0,,41.9,65.7,0.0,N@0.0,0.0,54.5,0.0,477,"Roza, Benton County",300045,Roza,2017-12-08 00:12:47.970198
2008-06-08,07:45,53.8,,41.8,63.7,0.0,SW@1.2,8.2,54.5,0.0,519,"Roza, Benton County",300045,Roza,2017-12-08 00:12:47.970198
2008-06-08,08:00,54.8,,41.7,61.3,0.0,SW@1.5,6.4,54.5,0.0,560,"Roza, Benton County",300045,Roza,2017-12-08 00:12:47.970198
2008-06-08,08:15,55.4,,41.4,59.2,0.0,SW@0.7,5.3,54.5,0.0,600,"Roza, Benton County",300045,Roza,2017-12-08 00:12:47.970198
2008-06-08,08:30,56.7,,40.5,54.6,0.0,N@0.0,0.0,54.5,0.0,641,"Roza, Benton County",300045,Roza,2017-12-08 00:12:47.970198
2008-06-08,08:45,58.0,,41.3,53.5,0.0,N@0.0,0.0,54.5,0.0,680,"Roza, Benton County",300045,Roza,2017-12-08 00:12:47.970198
2008-06-08,09:00,58.4,,40.7,51.5,0.0,N@0.0,0.0,54.5,0.0,717,"Roza, Benton County",300045,Roza,2017-12-08 00:12:47.970198
2008-06-08,09:15,59.3,,40.8,50.2,0.0,S@2.2,9.6,54.5,0.0,724,"Roza, Benton County",300045,Roza,2017-12-08 00:12:47.970198
2008-06-08,09:30,59.4,,41.1,50.4,0.0,S@3.5,9.2,54.6,0.0,726,"Roza, Benton County",300045,Roza,2017-12-08 00:12:47.970198
2008-06-08,09:45,59.9,,40.8,49.2,0.0,S@3.2,9.2,54.6,0.0,691,"Roza, Benton County",300045,Roza,2017-12-08 00:12:47.970198
2008-06-08,10:00,61.3,,40.9,46.9,0.0,S@3.3,9.6,54.7,0.0,844,"Roza, Benton County",300045,Roza,2017-12-08 00:12:47.970198
2008-06-08,10:15,62.0,,40.3,44.7,0.0,S@4.1,9.2,54.7,0.0,859,"Roza, Benton County",300045,Roza,2017-12-08 00:12:47.970198
2008-06-08,10:30,62.5,,40.9,45.1,0.0,S@2.8,11.7,54.8,0.0,874,"Roza, Benton County",300045,Roza,2017-12-08 00:12:47.970198
2008-06-08,10:45,63.1,,41.5,45.1,0.0,S@6.6,12.4,54.9,0.0,893,"Roza, Benton County",300045,Roza,2017-12-08 00:12:47.970198
2008-06-08,11:00,64.2,,41.9,44.1,0.0,S@5.7,10.7,55.0,0.0,911,"Roza, Benton County",300045,Roza,2017-12-08 00:12:47.970198
2008-06-08,11:15,64.3,,41.9,43.9,0.0,S@6.1,11.4,55.1,0.0,921,"Roza, Benton County",300045,Roza,2017-12-08 00:12:47.970198
2008-06-08,11:30,64.7,,41.2,42.2,0.0,SW@3.7,10.3,55.2,0.0,944,"Roza, Benton County",300045,Roza,2017-12-08 00:12:47.970198
2008-06-08,11:45,65.4,,40.9,40.6,0.0,S@4.8,10.3,55.4,0.0,969,"Roza, Benton County",300045,Roza,2017-12-08 00:12:47.970198
2008-06-08,12:00,66.5,,41.2,39.5,0.0,SW@6.7,11.7,55.5,0.0,925,"Roza, Benton County",300045,Roza,2017-12-08 00:12:47.970198
2008-06-08,12:15,66.8,,41.3,39.3,0.0,S@4.1,9.6,55.7,0.0,947,"Roza, Benton County",300045,Roza,2017-12-08 00:12:47.970198
2008-06-08,12:30,67.4,,41.4,38.7,0.0,S@3.1,10.3,55.8,0.0,928,"Roza, Benton County",300045,Roza,2017-12-08 00:12:47.970198
2008-06-08,12:45,67.7,,40.6,37.1,0.0,S@1.7,10.3,55.9,0.0,922,"Roza, Benton County",300045,Roza,2017-12-08 00:12:47.970198
2008-06-08,13:00,68.9,,40.0,34.8,0.0,W@3.1,9.2,56.1,0.0,906,"Roza, Benton County",300045,Roza,2017-12-08 00:12:47.970198
2008-06-08,13:15,69.2,,39.3,33.5,0.0,S@2.9,8.5,56.3,0.0,929,"Roza, Benton County",300045,Roza,2017-12-08 00:12:47.970198
2008-06-08,13:30,69.8,,38.6,31.9,0.0,S@4.6,11.4,56.4,0.0,895,"Roza, Benton County",300045,Roza,2017-12-08 00:12:47.970198
2008-06-08,13:45,69.7,,39.1,32.7,0.0,SE@0.5,7.1,56.6,0.0,804,"Roza, Benton County",300045,Roza,2017-12-08 00:12:47.970198
2008-06-08,14:00,70.2,,39.7,32.9,0.0,S@0.0,1.4,56.7,0.0,770,"Roza, Benton County",300045,Roza,2017-12-08 00:12:47.970198
2008-06-08,14:15,71.2,,40.6,32.8,0.0,N@0.0,0.0,56.9,0.0,823,"Roza, Benton County",300045,Roza,2017-12-08 00:12:47.970198
2008-06-08,14:30,71.6,,40.9,32.8,0.0,SW@1.0,12.8,57.0,0.0,728,"Roza, Benton County",300045,Roza,2017-12-08 00:12:47.970198
2008-06-08,14:45,72.3,,41.1,32.3,0.0,S@0.9,7.1,57.2,0.0,715,"Roza, Benton County",300045,Roza,2017-12-08 00:12:47.970198
2008-06-08,15:00,72.5,,40.4,31.3,0.0,SW@3.5,12.8,57.3,0.0,747,"Roza, Benton County",300045,Roza,2017-12-08 00:12:47.970198
2008-06-08,15:15,72.8,,40.2,30.7,0.0,S@5.9,11.7,57.4,0.0,712,"Roza, Benton County",300045,Roza,2017-12-08 00:12:47.970198
2008-06-08,15:30,73.0,,39.5,29.7,0.0,SE@3.4,8.5,57.5,0.0,681,"Roza, Benton County",300045,Roza,2017-12-08 00:12:47.970198
2008-06-08,15:45,73.8,,38.3,27.5,0.0,S@3.7,8.2,57.6,0.0,647,"Roza, Benton County",300045,Roza,2017-12-08 00:12:47.970198
2008-06-08,16:00,74.2,,37.8,26.7,0.0,S@0.0,1.4,57.7,0.0,544,"Roza, Benton County",300045,Roza,2017-12-08 00:12:47.970198
2008-06-08,16:15,73.7,,38.5,28.0,0.0,SE@0.2,4.6,57.8,0.0,427,"Roza, Benton County",300045,Roza,2017-12-08 00:12:47.970198
2008-06-08,16:30,73.2,,38.1,28.0,0.0,E@1.2,6.4,57.9,0.0,385,"Roza, Benton County",300045,Roza,2017-12-08 00:12:47.970198
2008-06-08,16:45,73.8,,38.1,27.4,0.0,SE@0.3,3.9,58.0,0.0,386,"Roza, Benton County",300045,Roza,2017-12-08 00:12:47.970198
2008-06-08,17:00,74.5,,37.4,25.9,0.0,N@0.0,0.0,58.0,0.0,438,"Roza, Benton County",300045,Roza,2017-12-08 00:12:47.970198
2008-06-08,17:15,74.7,,38.6,27.0,0.0,N@0.0,0.0,58.1,0.0,377,"Roza, Benton County",300045,Roza,2017-12-08 00:12:47.970198
2008-06-08,17:30,74.4,,39.3,28.0,0.0,N@0.0,0.0,58.2,0.0,327,"Roza, Benton County",300045,Roza,2017-12-08 00:12:47.970198
2008-06-08,17:45,73.3,,39.4,29.3,0.0,N@0.0,0.0,58.2,0.0,139,"Roza, Benton County",300045,Roza,2017-12-08 00:12:47.970198
2008-06-08,18:00,72.6,,40.2,30.9,0.0,N@0.0,0.0,58.3,0.0,118,"Roza, Benton County",300045,Roza,2017-12-08 00:12:47.970198
2008-06-08,18:15,72.0,,40.9,32.4,0.0,N@0.0,0.0,58.3,0.0,102,"Roza, Benton County",300045,Roza,2017-12-08 00:12:47.970198
2008-06-08,18:30,71.4,,41.7,34.0,0.0,W@0.1,5.3,58.4,0.0,82,"Roza, Benton County",300045,Roza,2017-12-08 00:12:47.970198
2008-06-08,18:45,71.2,,39.4,31.4,0.0,W@5.9,13.9,58.5,0.0,67,"Roza, Benton County",300045,Roza,2017-12-08 00:12:47.970198
2008-06-08,19:00,71.5,,37.9,29.3,0.0,W@11.5,18.9,58.5,0.0,113,"Roza, Benton County",300045,Roza,2017-12-08 00:12:47.970198
2008-06-08,19:15,70.5,,36.4,28.5,0.0,W@12.6,19.2,58.5,0.0,50,"Roza, Benton County",300045,Roza,2017-12-08 00:12:47.970198
2008-06-08,19:30,69.3,,35.8,29.0,0.0,W@10.5,16.7,58.5,0.0,25,"Roza, Benton County",300045,Roza,2017-12-08 00:12:47.970198
2008-06-08,19:45,68.3,,35.7,30.0,0.0,W@11.0,17.1,58.6,0.0,11,"Roza, Benton County",300045,Roza,2017-12-08 00:12:47.970198
2008-06-08,20:00,67.5,,35.2,30.2,0.0,W@11.8,17.8,58.6,0.0,2,"Roza, Benton County",300045,Roza,2017-12-08 00:12:47.970198
2008-06-08,20:15,66.5,,36.0,32.3,0.0,W@8.7,14.2,58.6,0.0,0,"Roza, Benton County",300045,Roza,2017-12-08 00:12:47.970198
2008-06-08,20:30,65.9,,36.8,34.0,0.0,W@7.6,12.8,58.6,0.0,0,"Roza, Benton County",300045,Roza,2017-12-08 00:12:47.970198
2008-06-08,20:45,65.1,,37.1,35.4,0.0,N@0.0,0.0,58.5,0.0,0,"Roza, Benton County",300045,Roza,2017-12-08 00:12:47.970198
2008-06-08,21:00,63.9,,38.1,38.4,0.0,W@0.0,1.4,58.6,0.0,0,"Roza, Benton County",300045,Roza,2017-12-08 00:12:47.970198
2008-06-08,21:15,62.7,,39.5,42.4,0.0,N@0.0,0.0,58.6,0.0,0,"Roza, Benton County",300045,Roza,2017-12-08 00:12:47.970198
2008-06-08,21:30,61.5,,40.9,46.5,0.0,N@0.0,0.0,58.5,0.0,0,"Roza, Benton County",300045,Roza,2017-12-08 00:12:47.970198
2008-06-08,21:45,60.2,,41.3,49.6,0.0,N@0.0,0.0,58.5,0.0,0,"Roza, Benton County",300045,Roza,2017-12-08 00:12:47.970198
2008-06-08,22:00,58.0,,41.5,54.1,0.0,N@0.0,0.0,58.5,0.0,0,"Roza, Benton County",300045,Roza,2017-12-08 00:12:47.970198
2008-06-08,22:15,58.5,,41.1,52.2,0.0,NW@3.4,8.2,58.4,0.0,0,"Roza, Benton County",300045,Roza,2017-12-08 00:12:47.970198
2008-06-08,22:30,58.0,,41.6,54.2,0.0,NW@1.4,7.1,58.4,0.0,0,"Roza, Benton County",300045,Roza,2017-12-08 00:12:47.970198
2008-06-08,22:45,57.3,,41.4,55.3,0.0,N@0.0,0.0,58.4,0.0,0,"Roza, Benton County",300045,Roza,2017-12-08 00:12:47.970198
2008-06-08,23:00,56.5,,41.3,56.6,0.0,N@0.0,0.0,58.3,0.0,0,"Roza, Benton County",300045,Roza,2017-12-08 00:12:47.970198
2008-06-09,23:15,57.2,,39.5,51.4,0.0,N@0.0,0.0,58.3,0.0,0,"Roza, Benton County",300045,Roza,2017-12-08 00:12:47.970198
2008-06-09,23:30,57.4,,38.8,49.7,0.0,N@0.0,0.0,58.3,0.0,0,"Roza, Benton County",300045,Roza,2017-12-08 00:12:47.970198
2008-06-09,23:45,55.9,,40.2,55.5,0.0,N@0.0,0.0,58.2,0.0,0,"Roza, Benton County",300045,Roza,2017-12-08 00:12:47.970198
2008-06-09,24:00,55.5,,40.5,56.8,0.0,N@0.0,0.0,58.2,0.0,0,"Roza, Benton County",300045,Roza,2017-12-08 00:12:47.970198
2008-06-09,00:15,55.6,,40.1,55.7,0.0,N@0.0,0.0,58.1,0.0,0,"Roza, Benton County",300045,Roza,2017-12-08 00:12:47.970198
2008-06-09,00:30,55.9,,40.5,56.1,0.0,N@0.0,0.0,58.1,0.0,0,"Roza, Benton County",300045,Roza,2017-12-08 00:12:47.970198
2008-06-09,00:45,55.7,,40.7,56.9,0.0,N@0.0,0.0,58.1,0.0,0,"Roza, Benton County",300045,Roza,2017-12-08 00:12:47.970198
2008-06-09,01:00,54.8,,41.0,59.4,0.0,N@0.0,0.0,58.0,0.0,0,"Roza, Benton County",300045,Roza,2017-12-08 00:12:47.970198
2008-06-09,01:15,55.0,,41.0,59.1,0.0,N@0.0,0.0,58.0,0.0,0,"Roza, Benton County",300045,Roza,2017-12-08 00:12:47.970198
2008-06-09,01:30,55.0,,40.6,58.2,0.0,N@0.0,0.0,57.9,0.0,0,"Roza, Benton County",300045,Roza,2017-12-08 00:12:47.970198
2008-06-09,01:45,55.7,,40.0,55.5,0.0,N@0.0,0.0,57.9,0.0,0,"Roza, Benton County",300045,Roza,2017-12-08 00:12:47.970198
2008-06-09,02:00,55.6,,40.8,57.4,0.0,N@0.0,0.0,57.8,0.0,0,"Roza, Benton County",300045,Roza,2017-12-08 00:12:47.970198
2008-06-09,02:15,55.9,,40.5,56.0,0.0,NE@0.3,3.5,57.8,0.0,0,"Roza, Benton County",300045,Roza,2017-12-08 00:12:47.970198
2008-06-09,02:30,55.2,,40.5,57.5,0.0,N@0.0,0.0,57.8,0.0,0,"Roza, Benton County",300045,Roza,2017-12-08 00:12:47.970198
2008-06-09,02:45,55.7,,40.4,56.2,0.0,N@0.0,0.0,57.7,0.0,0,"Roza, Benton County",300045,Roza,2017-12-08 00:12:47.970198
2008-06-09,03:00,54.8,,42.0,61.9,0.0,N@0.0,0.0,57.7,0.0,0,"Roza, Benton County",300045,Roza,2017-12-08 00:12:47.970198
2008-06-09,03:15,55.0,,41.7,60.8,0.0,N@0.0,0.0,57.6,0.0,0,"Roza, Benton County",300045,Roza,2017-12-08 00:12:47.970198
2008-06-09,03:30,54.4,,43.1,65.6,0.0,N@0.0,0.0,57.6,0.0,0,"Roza, Benton County",300045,Roza,2017-12-08 00:12:47.970198
2008-06-09,03:45,54.3,,42.8,65.1,0.0,N@0.0,0.0,57.6,0.0,0,"Roza, Benton County",300045,Roza,2017-12-08 00:12:47.970198
2008-06-09,04:00,54.0,,43.1,66.6,0.0,N@0.0,0.0,57.5,0.0,1,"Roza, Benton County",300045,Roza,2017-12-08 00:12:47.970198
2008-06-09,04:15,54.1,,42.3,64.3,0.0,N@0.0,0.0,57.5,0.0,3,"Roza, Benton County",300045,Roza,2017-12-08 00:12:47.970198
2008-06-09,04:30,53.2,,42.4,66.8,0.0,N@0.0,0.0,57.4,0.0,10,"Roza, Benton County",300045,Roza,2017-12-08 00:12:47.970198
2008-06-09,04:45,52.0,,42.3,69.4,0.0,N@0.0,0.0,57.4,0.0,24,"Roza, Benton County",300045,Roza,2017-12-08 00:12:47.970198
2008-06-09,05:00,52.6,,41.1,64.9,0.0,N@0.0,0.0,57.4,0.0,64,"Roza, Benton County",300045,Roza,2017-12-08 00:12:47.970198
2008-06-09,05:15,53.6,,41.7,63.9,0.0,N@0.0,0.0,57.3,0.0,117,"Roza, Benton County",300045,Roza,2017-12-08 00:12:47.970198
2008-06-09,05:30,55.5,,43.0,62.6,0.0,N@0.0,0.0,57.2,0.0,84,"Roza, Benton County",300045,Roza,2017-12-08 00:12:47.970198
2008-06-09,05:45,56.7,,42.6,59.1,0.0,N@0.0,0.0,57.2,0.0,102,"Roza, Benton County",300045,Roza,2017-12-08 00:12:47.970198
2008-06-09,06:00,57.3,,42.4,57.3,0.0,W@0.5,5.7,57.2,0.0,112,"Roza, Benton County",300045,Roza,2017-12-08 00:12:47.970198
2008-06-09,06:15,57.5,,42.4,57.0,0.04,W@2.8,8.5,57.1,0.0,91,"Roza, Benton County",300045,Roza,2017-12-08 00:12:47.970198
2008-06-09,06:30,57.0,,42.8,58.9,0.09,W@5.9,9.2,57.1,0.0,70,"Roza, Benton County",300045,Roza,2017-12-08 00:12:47.970198
2008-06-09,06:45,56.9,,42.9,59.2,0.0,W@4.5,8.5,57.0,0.0,90,"Roza, Benton County",300045,Roza,2017-12-08 00:12:47.970198
2008-06-09,07:00,57.2,,42.9,58.6,0.04,W@8.4,12.8,57.0,0.0,124,"Roza, Benton County",300045,Roza,2017-12-08 00:12:47.970198
2008-06-09,07:15,58.1,,43.2,57.5,0.0,W@8.6,12.4,57.0,0.0,253,"Roza, Benton County",300045,Roza,2017-12-08 00:12:47.970198
2008-06-09,07:30,58.3,,43.2,57.1,0.09,W@9.3,13.9,57.0,0.0,177,"Roza, Benton County",300045,Roza,2017-12-08 00:12:47.970198
2008-06-09,07:45,58.3,,44.7,60.4,0.53,W@9.2,12.8,56.9,0.0,254,"Roza, Benton County",300045,Roza,2017-12-08 00:12:47.970198
2008-06-09,08:00,59.0,,45.0,59.5,0.07,W@7.9,11.4,56.9,0.0,375,"Roza, Benton County",300045,Roza,2017-12-08 00:12:47.970198
2008-06-09,08:15,60.7,,44.7,55.6,0.0,W@7.2,9.6,56.9,0.0,657,"Roza, Benton County",300045,Roza,2017-12-08 00:12:47.970198
2008-06-09,08:30,61.4,,44.4,53.4,0.0,W@6.9,10.7,56.9,0.0,675,"Roza, Benton County",300045,Roza,2017-12-08 00:12:47.970198
2008-06-09,08:45,62.1,,44.2,51.7,0.0,SW@7.8,10.7,56.9,0.0,655,"Roza, Benton County",300045,Roza,2017-12-08 00:12:47.970198
2008-06-09,09:00,62.3,,43.7,50.6,0.0,SW@4.8,9.9,56.8,0.0,714,"Roza, Benton County",300045,Roza,2017-12-08 00:12:47.970198
2008-06-09,09:15,62.8,,44.7,51.5,0.0,SW@3.1,9.9,56.8,0.0,754,"Roza, Benton County",300045,Roza,2017-12-08 00:12:47.970198
2008-06-09,09:30,64.2,,46.1,51.7,0.0,SW@6.8,13.9,56.9,0.0,738,"Roza, Benton County",300045,Roza,2017-12-08 00:12:47.970198
2008-06-09,09:45,65.2,,46.0,49.8,0.0,S@7.1,14.2,56.9,0.0,802,"Roza, Benton County",300045,Roza,2017-12-08 00:12:47.970198
2008-06-09,10:00,66.5,,46.4,48.2,0.0,W@5.3,13.9,56.9,0.0,865,"Roza, Benton County",300045,Roza,2017-12-08 00:12:47.970198
2008-06-09,10:15,66.8,,46.2,47.6,0.0,W@9.5,16.7,56.9,0.0,842,"Roza, Benton County",300045,Roza,2017-12-08 00:12:47.970198
2008-06-09,10:30,66.8,,45.8,46.7,0.0,W@9.8,15.3,57.0,0.0,757,"Roza, Benton County",300045,Roza,2017-12-08 00:12:47.970198
2008-06-09,10:45,67.3,,46.1,46.6,0.0,W@10.3,15.7,57.1,0.0,795,"Roza, Benton County",300045,Roza,2017-12-08 00:12:47.970198
2008-06-09,11:00,68.1,,46.2,45.4,0.0,W@10.9,19.6,57.2,0.0,824,"Roza, Benton County",300045,Roza,2017-12-08 00:12:47.970198
2008-06-09,11:15,68.6,,45.9,44.1,0.0,W@15.0,26.4,57.2,0.0,909,"Roza, Benton County",300045,Roza,2017-12-08 00:12:47.970198
2008-06-09,11:30,69.6,,45.6,42.1,0.0,W@18.9,27.5,57.3,0.0,955,"Roza, Benton County",300045,Roza,2017-12-08 00:12:47.970198
2008-06-09,11:45,69.3,,45.3,42.0,0.0,W@20.2,26.8,57.4,0.0,951,"Roza, Benton County",300045,Roza,2017-12-08 00:12:47.970198
2008-06-09,12:00,69.7,,45.5,41.8,0.0,W@20.7,28.2,57.5,0.0,968,"Roza, Benton County",300045,Roza,2017-12-08 00:12:47.970198
2008-06-09,12:15,69.3,,45.1,41.7,0.0,W@21.0,28.9,57.6,0.0,1019,"Roza, Benton County",300045,Roza,2017-12-08 00:12:47.970198
2008-06-09,12:30,68.9,,44.4,41.2,0.0,W@21.0,31.4,57.7,0.0,965,"Roza, Benton County",300045,Roza,2017-12-08 00:12:47.970198
2008-06-09,12:45,68.8,,44.2,41.0,0.0,W@22.5,35.7,57.7,0.0,943,"Roza, Benton County",300045,Roza,2017-12-08 00:12:47.970198
2008-06-09,13:00,68.0,,43.7,41.4,0.0,W@22.8,33.2,57.8,0.0,921,"Roza, Benton County",300045,Roza,2017-12-08 00:12:47.970198
2008-06-09,13:15,68.1,,43.9,41.6,0.0,SW@20.2,31.1,57.9,0.0,901,"Roza, Benton County",300045,Roza,2017-12-08 00:12:47.970198
2008-06-09,13:30,68.9,,42.9,38.9,0.0,W@21.2,31.4,58.0,0.0,881,"Roza, Benton County",300045,Roza,2017-12-08 00:12:47.970198
2008-06-09,13:45,68.9,,42.0,37.5,0.0,W@20.5,29.3,58.1,0.0,860,"Roza, Benton County",300045,Roza,2017-12-08 00:12:47.970198
2008-06-09,14:00,69.0,,41.1,36.2,0.0,W@20.3,30.0,58.1,0.0,847,"Roza, Benton County",300045,Roza,2017-12-08 00:12:47.970198
2008-06-09,14:15,69.2,,40.2,34.7,0.0,W@21.1,28.9,58.2,0.0,823,"Roza, Benton County",300045,Roza,2017-12-08 00:12:47.970198
2008-06-09,14:30,69.3,,39.6,33.8,0.0,W@18.8,25.0,58.3,0.0,816,"Roza, Benton County",300045,Roza,2017-12-08 00:12:47.970198
2008-06-09,14:45,69.0,,39.2,33.6,0.0,SW@18.2,27.5,58.3,0.0,780,"Roza, Benton County",300045,Roza,2017-12-08 00:12:47.970198
2008-06-09,15:00,68.3,,39.5,34.8,0.0,SW@19.9,26.8,58.4,0.0,742,"Roza, Benton County",300045,Roza,2017-12-08 00:12:47.970198
2008-06-09,15:15,67.6,,38.8,34.6,0.0,SW@22.8,32.5,58.5,0.0,705,"Roza, Benton County",300045,Roza,2017-12-08 00:12:47.970198
2008-06-09,15:30,68.1,,38.1,33.2,0.0,SW@20.6,26.4,58.5,0.0,676,"Roza, Benton County",300045,Roza,2017-12-08 00:12:47.970198
2008-06-09,15:45,68.5,,37.3,31.7,0.0,W@19.5,25.7,58.5,0.0,641,"Roza, Benton County",300045,Roza,2017-12-08 00:12:47.970198
2008-06-09,16:00,67.9,,37.1,32.1,0.0,W@20.8,27.5,58.6,0.0,590,"Roza, Benton County",300045,Roza,2017-12-08 00:12:47.970198
2008-06-09,16:15,67.1,,37.4,33.4,0.0,W@21.5,30.0,58.6,0.0,553,"Roza, Benton County",300045,Roza,2017-12-08 00:12:47.970198
2008-06-09,16:30,66.8,,38.0,34.6,0.0,W@20.9,30.7,58.6,0.0,509,"Roza, Benton County",300045,Roza,2017-12-08 00:12:47.970198
2008-06-09,16:45,66.5,,38.0,34.9,0.0,W@20.7,28.9,58.7,0.0,467,"Roza, Benton County",300045,Roza,2017-12-08 00:12:47.970198
2008-06-09,17:00,66.2,,37.2,34.2,0.0,W@22.2,30.3,58.7,0.0,430,"Roza, Benton County",300045,Roza,2017-12-08 00:12:47.970198
2008-06-09,17:15,65.7,,36.8,34.3,0.0,W@23.1,30.0,58.7,0.0,385,"Roza, Benton County",300045,Roza,2017-12-08 00:12:47.970198
2008-06-09,17:30,65.5,,37.7,35.9,0.0,W@19.1,27.1,58.7,0.0,349,"Roza, Benton County",300045,Roza,2017-12-08 00:12:47.970198
2008-06-09,17:45,64.7,,38.1,37.4,0.0,W@14.7,23.5,58.7,0.0,255,"Roza, Benton County",300045,Roza,2017-12-08 00:12:47.970198
2008-06-09,18:00,64.0,,38.6,38.9,0.0,W@21.9,31.4,58.7,0.0,212,"Roza, Benton County",300045,Roza,2017-12-08 00:12:47.970198
2008-06-09,18:15,63.2,,39.4,41.4,0.0,W@18.0,27.1,58.7,0.0,155,"Roza, Benton County",300045,Roza,2017-12-08 00:12:47.970198
2008-06-09,18:30,63.0,,40.1,42.8,0.0,W@15.2,21.0,58.7,0.0,179,"Roza, Benton County",300045,Roza,2017-12-08 00:12:47.970198
2008-06-09,18:45,62.4,,38.5,41.2,0.0,W@18.6,27.1,58.7,0.0,117,"Roza, Benton County",300045,Roza,2017-12-08 00:12:47.970198
2008-06-09,19:00,61.5,,37.4,40.7,0.0,W@19.0,28.9,58.7,0.0,46,"Roza, Benton County",300045,Roza,2017-12-08 00:12:47.970198
2008-06-09,19:15,60.9,,37.7,42.0,0.0,W@14.9,21.0,58.7,0.0,67,"Roza, Benton County",300045,Roza,2017-12-08 00:12:47.970198
2008-06-09,19:30,60.0,,37.2,42.5,0.0,W@16.2,23.2,58.7,0.0,17,"Roza, Benton County",300045,Roza,2017-12-08 00:12:47.970198
2008-06-09,19:45,59.2,,37.6,44.4,0.0,W@16.5,25.3,58.6,0.0,7,"Roza, Benton County",300045,Roza,2017-12-08 00:12:47.970198
2008-06-09,20:00,58.6,,38.1,46.4,0.0,W@14.3,21.0,58.6,0.0,2,"Roza, Benton County",300045,Roza,2017-12-08 00:12:47.970198
2008-06-09,20:15,58.0,,38.1,47.3,0.0,W@19.1,30.3,58.6,0.0,1,"Roza, Benton County",300045,Roza,2017-12-08 00:12:47.970198
2008-06-09,20:30,56.9,,38.3,49.6,0.0,W@19.1,28.2,58.5,0.0,0,"Roza, Benton County",300045,Roza,2017-12-08 00:12:47.970198
2008-06-09,20:45,56.2,,37.5,49.4,0.0,W@15.2,25.7,58.5,0.0,0,"Roza, Benton County",300045,Roza,2017-12-08 00:12:47.970198
2008-06-09,21:00,54.9,,36.3,49.4,0.0,W@19.6,33.2,58.5,0.0,0,"Roza, Benton County",300045,Roza,2017-12-08 00:12:47.970198
2008-06-09,21:15,52.0,,36.1,54.4,0.0,W@23.3,35.7,58.4,0.0,0,"Roza, Benton County",300045,Roza,2017-12-08 00:12:47.970198
2008-06-09,21:30,49.9,,35.9,58.5,0.0,W@22.6,32.5,58.4,0.0,0,"Roza, Benton County",300045,Roza,2017-12-08 00:12:47.970198
2008-06-09,21:45,48.9,,34.9,58.2,0.0,W@20.8,30.3,58.3,0.0,0,"Roza, Benton County",300045,Roza,2017-12-08 00:12:47.970198
2008-06-09,22:00,48.4,,35.0,59.4,0.0,W@18.3,25.7,58.3,0.0,0,"Roza, Benton County",300045,Roza,2017-12-08 00:12:47.970198
2008-06-09,22:15,48.5,,32.4,53.5,0.0,W@16.8,26.4,58.2,0.0,0,"Roza, Benton County",300045,Roza,2017-12-08 00:12:47.970198
2008-06-09,22:30,48.6,,30.6,49.5,0.0,W@18.2,25.3,58.2,0.0,0,"Roza, Benton County",300045,Roza,2017-12-08 00:12:47.970198
2008-06-09,22:45,48.3,,30.8,50.7,0.0,W@17.8,26.0,58.1,0.0,0,"Roza, Benton County",300045,Roza,2017-12-08 00:12:47.970198
2008-06-09,23:00,47.1,,31.0,53.4,0.0,W@15.9,21.0,58.0,0.0,0,"Roza, Benton County",300045,Roza,2017-12-08 00:12:47.970198
2008-06-10,23:15,46.0,,29.7,52.8,0.0,W@17.5,23.5,58.0,0.0,0,"Roza, Benton County",300045,Roza,2017-12-08 00:12:47.970198
2008-06-10,23:30,44.8,,30.3,56.6,0.0,W@14.5,27.1,57.9,0.0,0,"Roza, Benton County",300045,Roza,2017-12-08 00:12:47.970198
2008-06-10,23:45,43.8,,30.3,58.6,0.0,W@11.5,20.0,57.8,0.0,0,"Roza, Benton County",300045,Roza,2017-12-08 00:12:47.970198
2008-06-10,24:00,44.0,,29.3,56.0,0.0,W@12.5,17.8,57.8,0.0,0,"Roza, Benton County",300045,Roza,2017-12-08 00:12:47.970198
