Date,Time PDT,Air Temp °F, 2<sup>nd</sup> Air Temp °F, Dew Point °F, Rel Hum %, Leaf Wet u., Wind Dir @ Speed mph, Wind Gust mph, 8 in. Soil Tmp °F, Tot Prec in, Solar Rad W/m²,Location,Station ID,Station Name,Download Timestamp
2019-03-11,00:15,22.9,22.4,22.9,100.0,0.0,N@0.0,0.0,31.5,0.0,0,"RoyalCty.E (Royal City East), Grant County",330041,RoyalCty.E,2019-06-26 13:11:14.685201
2019-03-11,00:30,22.6,22.2,22.6,100.0,0.0,N@0.0,0.0,31.5,0.0,0,"RoyalCty.E (Royal City East), Grant County",330041,RoyalCty.E,2019-06-26 13:11:14.685201
2019-03-11,00:45,22.8,22.4,22.8,100.0,0.0,E@0.0,2.8,31.5,0.0,0,"RoyalCty.E (Royal City East), Grant County",330041,RoyalCty.E,2019-06-26 13:11:14.685201
2019-03-11,01:00,23.2,22.7,23.2,100.0,0.0,N@0.0,0.0,31.5,0.0,0,"RoyalCty.E (Royal City East), Grant County",330041,RoyalCty.E,2019-06-26 13:11:14.685201
2019-03-11,01:15,23.2,22.8,23.2,100.0,0.0,N@0.0,0.0,31.5,0.0,0,"RoyalCty.E (Royal City East), Grant County",330041,RoyalCty.E,2019-06-26 13:11:14.685201
2019-03-11,01:30,23.1,22.6,23.1,100.0,0.0,N@0.0,0.0,31.5,0.0,0,"RoyalCty.E (Royal City East), Grant County",330041,RoyalCty.E,2019-06-26 13:11:14.685201
2019-03-11,01:45,23.0,22.5,23.0,100.0,0.0,N@0.0,0.0,31.5,0.0,0,"RoyalCty.E (Royal City East), Grant County",330041,RoyalCty.E,2019-06-26 13:11:14.685201
2019-03-11,02:00,22.6,22.1,22.6,100.0,0.0,N@0.0,0.0,31.5,0.0,0,"RoyalCty.E (Royal City East), Grant County",330041,RoyalCty.E,2019-06-26 13:11:14.685201
2019-03-11,02:15,21.8,21.3,21.8,100.0,0.0,SE@0.5,4.9,31.5,0.0,0,"RoyalCty.E (Royal City East), Grant County",330041,RoyalCty.E,2019-06-26 13:11:14.685201
2019-03-11,02:30,21.4,20.9,21.4,100.0,0.0,N@0.0,0.0,31.5,0.0,0,"RoyalCty.E (Royal City East), Grant County",330041,RoyalCty.E,2019-06-26 13:11:14.685201
2019-03-11,02:45,21.4,20.9,21.4,100.0,0.0,E@1.5,8.2,31.5,0.0,0,"RoyalCty.E (Royal City East), Grant County",330041,RoyalCty.E,2019-06-26 13:11:14.685201
2019-03-11,03:00,21.1,20.7,21.1,100.0,0.0,E@5.6,8.9,31.5,0.0,0,"RoyalCty.E (Royal City East), Grant County",330041,RoyalCty.E,2019-06-26 13:11:14.685201
2019-03-11,03:15,20.5,20.0,20.5,100.0,0.0,E@6.1,11.0,31.5,0.0,0,"RoyalCty.E (Royal City East), Grant County",330041,RoyalCty.E,2019-06-26 13:11:14.685201
2019-03-11,03:30,20.2,19.8,20.2,100.0,0.0,E@6.7,9.9,31.5,0.0,0,"RoyalCty.E (Royal City East), Grant County",330041,RoyalCty.E,2019-06-26 13:11:14.685201
2019-03-11,03:45,20.3,19.9,20.3,100.0,0.0,E@5.8,9.2,31.5,0.0,0,"RoyalCty.E (Royal City East), Grant County",330041,RoyalCty.E,2019-06-26 13:11:14.685201
2019-03-11,04:00,20.7,20.3,20.7,100.0,0.0,E@5.8,9.6,31.5,0.0,0,"RoyalCty.E (Royal City East), Grant County",330041,RoyalCty.E,2019-06-26 13:11:14.685201
2019-03-11,04:15,21.1,20.7,21.1,100.0,0.0,E@5.0,7.4,31.5,0.0,0,"RoyalCty.E (Royal City East), Grant County",330041,RoyalCty.E,2019-06-26 13:11:14.685201
2019-03-11,04:30,21.5,21.1,21.5,100.0,0.0,E@5.0,7.1,31.5,0.0,0,"RoyalCty.E (Royal City East), Grant County",330041,RoyalCty.E,2019-06-26 13:11:14.685201
2019-03-11,04:45,21.7,21.3,21.7,100.0,0.0,E@5.2,8.9,31.5,0.0,0,"RoyalCty.E (Royal City East), Grant County",330041,RoyalCty.E,2019-06-26 13:11:14.685201
2019-03-11,05:00,21.8,21.4,21.8,100.0,0.0,E@3.7,6.4,31.5,0.0,0,"RoyalCty.E (Royal City East), Grant County",330041,RoyalCty.E,2019-06-26 13:11:14.685201
2019-03-11,05:15,22.0,21.5,22.0,100.0,0.0,E@3.2,5.7,31.5,0.0,0,"RoyalCty.E (Royal City East), Grant County",330041,RoyalCty.E,2019-06-26 13:11:14.685201
2019-03-11,05:30,21.8,21.3,21.8,100.0,0.0,E@1.9,4.2,31.5,0.0,0,"RoyalCty.E (Royal City East), Grant County",330041,RoyalCty.E,2019-06-26 13:11:14.685201
2019-03-11,05:45,20.6,20.2,20.6,100.0,0.0,N@2.8,5.3,31.5,0.0,0,"RoyalCty.E (Royal City East), Grant County",330041,RoyalCty.E,2019-06-26 13:11:14.685201
2019-03-11,06:00,17.8,17.4,17.8,100.0,0.0,NW@3.3,4.6,31.5,0.0,0,"RoyalCty.E (Royal City East), Grant County",330041,RoyalCty.E,2019-06-26 13:11:14.685201
2019-03-11,06:15,18.2,17.8,18.2,100.0,0.0,NW@3.3,4.6,31.5,0.0,0,"RoyalCty.E (Royal City East), Grant County",330041,RoyalCty.E,2019-06-26 13:11:14.685201
2019-03-11,06:30,18.8,18.3,18.8,100.0,0.0,N@0.9,3.1,31.5,0.0,0,"RoyalCty.E (Royal City East), Grant County",330041,RoyalCty.E,2019-06-26 13:11:14.685201
2019-03-11,06:45,19.1,18.7,19.1,100.0,0.0,NW@1.1,3.1,31.5,0.0,0,"RoyalCty.E (Royal City East), Grant County",330041,RoyalCty.E,2019-06-26 13:11:14.685201
2019-03-11,07:00,19.6,19.1,19.6,100.0,0.0,NW@1.7,2.8,31.5,0.0,0,"RoyalCty.E (Royal City East), Grant County",330041,RoyalCty.E,2019-06-26 13:11:14.685201
2019-03-11,07:15,20.1,19.6,20.1,100.0,0.0,NW@0.1,2.4,31.5,0.0,1,"RoyalCty.E (Royal City East), Grant County",330041,RoyalCty.E,2019-06-26 13:11:14.685201
2019-03-11,07:30,20.6,20.1,20.6,100.0,0.0,N@0.0,0.0,31.5,0.0,5,"RoyalCty.E (Royal City East), Grant County",330041,RoyalCty.E,2019-06-26 13:11:14.685201
2019-03-11,07:45,21.0,20.6,21.0,100.0,0.0,NW@0.3,2.8,31.5,0.0,15,"RoyalCty.E (Royal City East), Grant County",330041,RoyalCty.E,2019-06-26 13:11:14.685201
2019-03-11,08:00,21.3,20.9,21.3,100.0,0.0,NW@1.2,3.1,31.5,0.0,23,"RoyalCty.E (Royal City East), Grant County",330041,RoyalCty.E,2019-06-26 13:11:14.685201
2019-03-11,08:15,21.7,21.2,21.7,100.0,0.0,N@0.0,0.0,31.5,0.0,35,"RoyalCty.E (Royal City East), Grant County",330041,RoyalCty.E,2019-06-26 13:11:14.685201
2019-03-11,08:30,22.0,21.5,22.0,100.0,0.0,N@0.0,0.0,31.4,0.0,41,"RoyalCty.E (Royal City East), Grant County",330041,RoyalCty.E,2019-06-26 13:11:14.685201
2019-03-11,08:45,22.3,21.8,22.3,100.0,0.0,N@0.0,0.0,31.4,0.0,46,"RoyalCty.E (Royal City East), Grant County",330041,RoyalCty.E,2019-06-26 13:11:14.685201
2019-03-11,09:00,22.9,22.4,22.9,100.0,0.0,N@0.0,0.0,31.4,0.0,94,"RoyalCty.E (Royal City East), Grant County",330041,RoyalCty.E,2019-06-26 13:11:14.685201
2019-03-11,09:15,23.0,22.5,23.0,100.0,0.0,N@0.0,0.0,31.4,0.0,120,"RoyalCty.E (Royal City East), Grant County",330041,RoyalCty.E,2019-06-26 13:11:14.685201
2019-03-11,09:30,23.1,22.5,23.1,100.0,0.0,SE@1.8,4.9,31.4,0.0,128,"RoyalCty.E (Royal City East), Grant County",330041,RoyalCty.E,2019-06-26 13:11:14.685201
2019-03-11,09:45,23.1,22.6,23.1,100.0,0.0,SE@3.8,5.7,31.4,0.0,153,"RoyalCty.E (Royal City East), Grant County",330041,RoyalCty.E,2019-06-26 13:11:14.685201
2019-03-11,10:00,23.3,22.8,23.3,100.0,0.01,SE@3.4,5.3,31.4,0.0,183,"RoyalCty.E (Royal City East), Grant County",330041,RoyalCty.E,2019-06-26 13:11:14.685201
2019-03-11,10:15,23.3,22.7,23.3,100.0,0.06,SE@1.8,3.1,31.4,0.0,188,"RoyalCty.E (Royal City East), Grant County",330041,RoyalCty.E,2019-06-26 13:11:14.685201
2019-03-11,10:30,23.4,22.8,23.4,100.0,0.07,SE@1.8,3.1,31.4,0.0,214,"RoyalCty.E (Royal City East), Grant County",330041,RoyalCty.E,2019-06-26 13:11:14.685201
2019-03-11,10:45,23.5,22.9,23.5,100.0,0.06,SE@1.6,3.1,31.4,0.0,212,"RoyalCty.E (Royal City East), Grant County",330041,RoyalCty.E,2019-06-26 13:11:14.685201
2019-03-11,11:00,23.5,22.9,23.5,100.0,0.06,SE@1.4,3.1,31.4,0.0,178,"RoyalCty.E (Royal City East), Grant County",330041,RoyalCty.E,2019-06-26 13:11:14.685201
2019-03-11,11:15,24.2,23.6,24.2,100.0,0.09,SE@0.7,3.1,31.4,0.0,279,"RoyalCty.E (Royal City East), Grant County",330041,RoyalCty.E,2019-06-26 13:11:14.685201
2019-03-11,11:30,24.5,23.8,24.5,100.0,0.09,SE@1.5,4.2,31.4,0.0,281,"RoyalCty.E (Royal City East), Grant County",330041,RoyalCty.E,2019-06-26 13:11:14.685201
2019-03-11,11:45,24.4,23.8,24.4,100.0,0.09,N@0.0,0.0,31.3,0.0,273,"RoyalCty.E (Royal City East), Grant County",330041,RoyalCty.E,2019-06-26 13:11:14.685201
2019-03-11,12:00,24.3,23.7,24.3,100.0,0.1,N@0.0,0.0,31.3,0.0,268,"RoyalCty.E (Royal City East), Grant County",330041,RoyalCty.E,2019-06-26 13:11:14.685201
2019-03-11,12:15,24.4,23.8,24.4,100.0,0.12,N@0.0,0.0,31.3,0.0,283,"RoyalCty.E (Royal City East), Grant County",330041,RoyalCty.E,2019-06-26 13:11:14.685201
2019-03-11,12:30,24.8,24.1,24.8,100.0,0.31,N@0.0,0.0,31.3,0.0,307,"RoyalCty.E (Royal City East), Grant County",330041,RoyalCty.E,2019-06-26 13:11:14.685201
2019-03-11,12:45,25.2,24.5,25.2,100.0,0.46,N@0.0,0.0,31.3,0.0,311,"RoyalCty.E (Royal City East), Grant County",330041,RoyalCty.E,2019-06-26 13:11:14.685201
2019-03-11,13:00,25.4,24.7,25.4,100.0,0.2,N@0.0,0.0,31.3,0.0,327,"RoyalCty.E (Royal City East), Grant County",330041,RoyalCty.E,2019-06-26 13:11:14.685201
2019-03-11,13:15,25.8,25.1,25.8,100.0,0.37,N@0.0,0.0,31.3,0.0,318,"RoyalCty.E (Royal City East), Grant County",330041,RoyalCty.E,2019-06-26 13:11:14.685201
2019-03-11,13:30,26.1,25.4,26.1,100.0,0.64,N@0.0,0.0,31.3,0.0,302,"RoyalCty.E (Royal City East), Grant County",330041,RoyalCty.E,2019-06-26 13:11:14.685201
2019-03-11,13:45,26.0,25.3,26.0,100.0,0.36,N@0.0,0.0,31.3,0.0,313,"RoyalCty.E (Royal City East), Grant County",330041,RoyalCty.E,2019-06-26 13:11:14.685201
2019-03-11,14:00,25.8,25.2,25.8,100.0,0.17,N@0.0,0.0,31.3,0.0,289,"RoyalCty.E (Royal City East), Grant County",330041,RoyalCty.E,2019-06-26 13:11:14.685201
2019-03-11,14:15,26.1,25.4,26.1,100.0,0.04,N@0.0,0.0,31.4,0.0,288,"RoyalCty.E (Royal City East), Grant County",330041,RoyalCty.E,2019-06-26 13:11:14.685201
2019-03-11,14:30,26.5,25.9,26.5,100.0,0.0,N@0.0,0.0,31.4,0.0,264,"RoyalCty.E (Royal City East), Grant County",330041,RoyalCty.E,2019-06-26 13:11:14.685201
2019-03-11,14:45,26.2,25.6,26.2,100.0,0.0,N@0.0,0.0,31.4,0.0,241,"RoyalCty.E (Royal City East), Grant County",330041,RoyalCty.E,2019-06-26 13:11:14.685201
2019-03-11,15:00,26.2,25.6,26.2,100.0,0.0,N@0.0,0.0,31.4,0.0,251,"RoyalCty.E (Royal City East), Grant County",330041,RoyalCty.E,2019-06-26 13:11:14.685201
2019-03-11,15:15,26.3,25.7,26.3,100.0,0.0,N@0.0,0.0,31.4,0.0,244,"RoyalCty.E (Royal City East), Grant County",330041,RoyalCty.E,2019-06-26 13:11:14.685201
2019-03-11,15:30,26.2,25.7,26.2,100.0,0.0,N@0.0,0.0,31.4,0.0,221,"RoyalCty.E (Royal City East), Grant County",330041,RoyalCty.E,2019-06-26 13:11:14.685201
2019-03-11,15:45,26.7,26.2,26.7,100.0,0.0,N@0.0,0.0,31.4,0.0,265,"RoyalCty.E (Royal City East), Grant County",330041,RoyalCty.E,2019-06-26 13:11:14.685201
2019-03-11,16:00,27.1,26.5,27.1,100.0,0.0,N@0.0,0.0,31.4,0.0,242,"RoyalCty.E (Royal City East), Grant County",330041,RoyalCty.E,2019-06-26 13:11:14.685201
2019-03-11,16:15,26.9,26.4,26.1,100.0,0.0,N@0.0,0.0,31.4,0.0,181,"RoyalCty.E (Royal City East), Grant County",330041,RoyalCty.E,2019-06-26 13:11:14.685201
2019-03-11,16:30,27.1,26.6,26.3,100.0,0.0,N@0.0,0.0,31.4,0.0,168,"RoyalCty.E (Royal City East), Grant County",330041,RoyalCty.E,2019-06-26 13:11:14.685201
2019-03-11,16:45,27.0,26.4,26.2,100.0,0.0,N@0.0,0.0,31.4,0.0,172,"RoyalCty.E (Royal City East), Grant County",330041,RoyalCty.E,2019-06-26 13:11:14.685201
2019-03-11,17:00,26.9,26.3,26.0,100.0,0.0,N@0.0,0.0,31.4,0.0,141,"RoyalCty.E (Royal City East), Grant County",330041,RoyalCty.E,2019-06-26 13:11:14.685201
2019-03-11,17:15,27.1,26.6,26.3,100.0,0.0,N@0.0,0.0,31.4,0.0,136,"RoyalCty.E (Royal City East), Grant County",330041,RoyalCty.E,2019-06-26 13:11:14.685201
2019-03-11,17:30,26.8,26.3,26.0,100.0,0.0,N@0.0,0.0,31.4,0.0,87,"RoyalCty.E (Royal City East), Grant County",330041,RoyalCty.E,2019-06-26 13:11:14.685201
2019-03-11,17:45,26.6,26.2,25.7,100.0,0.0,N@0.0,0.0,31.4,0.0,52,"RoyalCty.E (Royal City East), Grant County",330041,RoyalCty.E,2019-06-26 13:11:14.685201
2019-03-11,18:00,26.6,26.2,25.7,100.0,0.0,N@0.0,0.0,31.4,0.0,39,"RoyalCty.E (Royal City East), Grant County",330041,RoyalCty.E,2019-06-26 13:11:14.685201
2019-03-11,18:15,26.5,26.1,25.6,100.0,0.0,N@0.0,0.0,31.4,0.0,31,"RoyalCty.E (Royal City East), Grant County",330041,RoyalCty.E,2019-06-26 13:11:14.685201
2019-03-11,18:30,26.5,26.0,25.6,100.0,0.0,SE@0.6,6.0,31.4,0.0,22,"RoyalCty.E (Royal City East), Grant County",330041,RoyalCty.E,2019-06-26 13:11:14.685201
2019-03-11,18:45,26.2,25.8,25.3,100.0,0.0,SE@0.7,4.2,31.4,0.0,11,"RoyalCty.E (Royal City East), Grant County",330041,RoyalCty.E,2019-06-26 13:11:14.685201
2019-03-11,19:00,26.2,25.8,25.3,100.0,0.0,N@0.0,0.0,31.4,0.0,3,"RoyalCty.E (Royal City East), Grant County",330041,RoyalCty.E,2019-06-26 13:11:14.685201
2019-03-11,19:15,26.3,25.8,25.3,100.0,0.0,N@0.0,0.0,31.4,0.0,0,"RoyalCty.E (Royal City East), Grant County",330041,RoyalCty.E,2019-06-26 13:11:14.685201
2019-03-11,19:30,26.2,25.8,25.3,100.0,0.0,N@0.0,0.0,31.4,0.0,0,"RoyalCty.E (Royal City East), Grant County",330041,RoyalCty.E,2019-06-26 13:11:14.685201
2019-03-11,19:45,26.1,25.7,25.2,100.0,0.0,N@0.0,0.0,31.4,0.0,0,"RoyalCty.E (Royal City East), Grant County",330041,RoyalCty.E,2019-06-26 13:11:14.685201
2019-03-11,20:00,26.1,25.6,26.1,100.0,0.0,N@0.0,0.0,31.4,0.0,0,"RoyalCty.E (Royal City East), Grant County",330041,RoyalCty.E,2019-06-26 13:11:14.685201
2019-03-11,20:15,26.1,25.6,26.1,100.0,0.0,N@0.0,0.0,31.5,0.0,0,"RoyalCty.E (Royal City East), Grant County",330041,RoyalCty.E,2019-06-26 13:11:14.685201
2019-03-11,20:30,26.1,25.6,26.1,100.0,0.0,N@0.0,0.0,31.5,0.0,0,"RoyalCty.E (Royal City East), Grant County",330041,RoyalCty.E,2019-06-26 13:11:14.685201
2019-03-11,20:45,26.1,25.6,26.1,100.0,0.0,N@0.0,0.0,31.5,0.0,0,"RoyalCty.E (Royal City East), Grant County",330041,RoyalCty.E,2019-06-26 13:11:14.685201
2019-03-11,21:00,26.1,25.6,26.1,100.0,0.0,N@0.0,0.0,31.5,0.0,0,"RoyalCty.E (Royal City East), Grant County",330041,RoyalCty.E,2019-06-26 13:11:14.685201
2019-03-11,21:15,26.0,25.5,25.0,100.0,0.0,N@0.0,0.0,31.5,0.0,0,"RoyalCty.E (Royal City East), Grant County",330041,RoyalCty.E,2019-06-26 13:11:14.685201
2019-03-11,21:30,25.3,24.8,25.3,100.0,0.0,NW@0.9,6.0,31.5,0.0,0,"RoyalCty.E (Royal City East), Grant County",330041,RoyalCty.E,2019-06-26 13:11:14.685201
2019-03-11,21:45,25.1,24.7,25.1,100.0,0.0,N@2.0,6.0,31.5,0.0,0,"RoyalCty.E (Royal City East), Grant County",330041,RoyalCty.E,2019-06-26 13:11:14.685201
2019-03-11,22:00,25.0,24.6,25.0,100.0,0.0,NW@0.3,5.3,31.5,0.0,0,"RoyalCty.E (Royal City East), Grant County",330041,RoyalCty.E,2019-06-26 13:11:14.685201
2019-03-11,22:15,24.9,24.5,24.9,100.0,0.0,N@0.9,6.0,31.5,0.0,0,"RoyalCty.E (Royal City East), Grant County",330041,RoyalCty.E,2019-06-26 13:11:14.685201
2019-03-11,22:30,24.9,24.5,24.9,100.0,0.0,N@3.1,7.1,31.5,0.0,0,"RoyalCty.E (Royal City East), Grant County",330041,RoyalCty.E,2019-06-26 13:11:14.685201
2019-03-11,22:45,24.9,24.5,24.9,100.0,0.0,NW@0.3,5.7,31.5,0.0,0,"RoyalCty.E (Royal City East), Grant County",330041,RoyalCty.E,2019-06-26 13:11:14.685201
2019-03-11,23:00,24.9,24.5,24.9,100.0,0.0,NW@1.2,7.1,31.5,0.0,0,"RoyalCty.E (Royal City East), Grant County",330041,RoyalCty.E,2019-06-26 13:11:14.685201
2019-03-11,23:15,24.8,24.4,24.8,100.0,0.0,NW@4.4,6.7,31.5,0.0,0,"RoyalCty.E (Royal City East), Grant County",330041,RoyalCty.E,2019-06-26 13:11:14.685201
2019-03-11,23:30,24.9,24.4,24.9,100.0,0.04,NW@0.2,4.6,31.5,0.0,0,"RoyalCty.E (Royal City East), Grant County",330041,RoyalCty.E,2019-06-26 13:11:14.685201
2019-03-11,23:45,24.8,24.4,24.8,100.0,0.07,NW@1.9,6.7,31.5,0.0,0,"RoyalCty.E (Royal City East), Grant County",330041,RoyalCty.E,2019-06-26 13:11:14.685201
2019-03-11,24:00,24.9,24.4,24.9,100.0,0.07,NW@3.5,6.7,31.5,0.0,0,"RoyalCty.E (Royal City East), Grant County",330041,RoyalCty.E,2019-06-26 13:11:14.685201
2019-03-12,00:15,24.9,24.5,24.9,100.0,0.06,NW@0.3,4.6,31.5,0.0,0,"RoyalCty.E (Royal City East), Grant County",330041,RoyalCty.E,2019-06-26 13:11:14.685201
2019-03-12,00:30,24.9,24.5,24.9,100.0,0.06,N@0.0,1.4,31.5,0.0,0,"RoyalCty.E (Royal City East), Grant County",330041,RoyalCty.E,2019-06-26 13:11:14.685201
2019-03-12,00:45,24.9,24.5,24.9,100.0,0.06,N@0.0,0.0,31.5,0.0,0,"RoyalCty.E (Royal City East), Grant County",330041,RoyalCty.E,2019-06-26 13:11:14.685201
2019-03-12,01:00,24.8,24.4,24.8,100.0,0.06,N@0.0,0.0,31.5,0.0,0,"RoyalCty.E (Royal City East), Grant County",330041,RoyalCty.E,2019-06-26 13:11:14.685201
2019-03-12,01:15,24.8,24.4,24.8,100.0,0.06,NW@0.1,5.7,31.5,0.0,0,"RoyalCty.E (Royal City East), Grant County",330041,RoyalCty.E,2019-06-26 13:11:14.685201
2019-03-12,01:30,24.8,24.4,24.8,100.0,0.06,NW@1.4,7.1,31.5,0.0,0,"RoyalCty.E (Royal City East), Grant County",330041,RoyalCty.E,2019-06-26 13:11:14.685201
2019-03-12,01:45,24.8,24.4,24.8,100.0,0.06,NW@1.1,6.4,31.5,0.0,0,"RoyalCty.E (Royal City East), Grant County",330041,RoyalCty.E,2019-06-26 13:11:14.685201
2019-03-12,02:00,24.7,24.3,24.7,100.0,0.06,N@0.0,0.0,31.5,0.0,0,"RoyalCty.E (Royal City East), Grant County",330041,RoyalCty.E,2019-06-26 13:11:14.685201
2019-03-12,02:15,24.7,24.3,24.7,100.0,0.06,N@0.0,0.0,31.5,0.0,0,"RoyalCty.E (Royal City East), Grant County",330041,RoyalCty.E,2019-06-26 13:11:14.685201
2019-03-12,02:30,24.8,24.4,24.8,100.0,0.06,N@0.0,0.0,31.5,0.0,0,"RoyalCty.E (Royal City East), Grant County",330041,RoyalCty.E,2019-06-26 13:11:14.685201
2019-03-12,02:45,24.8,24.4,24.8,100.0,0.06,N@0.0,0.0,31.5,0.0,0,"RoyalCty.E (Royal City East), Grant County",330041,RoyalCty.E,2019-06-26 13:11:14.685201
2019-03-12,03:00,24.8,24.4,24.8,100.0,0.06,N@0.0,0.0,31.5,0.0,0,"RoyalCty.E (Royal City East), Grant County",330041,RoyalCty.E,2019-06-26 13:11:14.685201
2019-03-12,03:15,24.9,24.4,24.9,100.0,0.06,N@0.0,0.0,31.5,0.0,0,"RoyalCty.E (Royal City East), Grant County",330041,RoyalCty.E,2019-06-26 13:11:14.685201
2019-03-12,03:30,24.9,24.4,24.9,100.0,0.06,N@0.0,0.0,31.5,0.0,0,"RoyalCty.E (Royal City East), Grant County",330041,RoyalCty.E,2019-06-26 13:11:14.685201
2019-03-12,03:45,24.9,24.4,24.9,100.0,0.06,N@0.0,0.0,31.5,0.0,0,"RoyalCty.E (Royal City East), Grant County",330041,RoyalCty.E,2019-06-26 13:11:14.685201
2019-03-12,04:00,24.9,24.4,24.9,100.0,0.06,N@0.0,0.0,31.5,0.0,0,"RoyalCty.E (Royal City East), Grant County",330041,RoyalCty.E,2019-06-26 13:11:14.685201
2019-03-12,04:15,24.8,24.3,24.8,100.0,0.05,N@0.0,0.0,31.5,0.0,0,"RoyalCty.E (Royal City East), Grant County",330041,RoyalCty.E,2019-06-26 13:11:14.685201
2019-03-12,04:30,24.7,24.2,24.7,100.0,0.05,N@0.0,0.0,31.5,0.0,0,"RoyalCty.E (Royal City East), Grant County",330041,RoyalCty.E,2019-06-26 13:11:14.685201
2019-03-12,04:45,24.6,24.1,24.6,100.0,0.05,N@0.0,0.0,31.5,0.0,0,"RoyalCty.E (Royal City East), Grant County",330041,RoyalCty.E,2019-06-26 13:11:14.685201
2019-03-12,05:00,24.5,24.1,24.5,100.0,0.05,W@0.0,2.8,31.5,0.0,0,"RoyalCty.E (Royal City East), Grant County",330041,RoyalCty.E,2019-06-26 13:11:14.685201
2019-03-12,05:15,24.5,24.0,24.5,100.0,0.05,W@0.0,2.8,31.5,0.0,0,"RoyalCty.E (Royal City East), Grant County",330041,RoyalCty.E,2019-06-26 13:11:14.685201
2019-03-12,05:30,24.4,23.9,24.4,100.0,0.05,N@0.0,0.0,31.5,0.0,0,"RoyalCty.E (Royal City East), Grant County",330041,RoyalCty.E,2019-06-26 13:11:14.685201
2019-03-12,05:45,24.4,23.9,24.4,100.0,0.05,N@0.0,0.0,31.5,0.0,0,"RoyalCty.E (Royal City East), Grant County",330041,RoyalCty.E,2019-06-26 13:11:14.685201
2019-03-12,06:00,24.4,23.9,24.4,100.0,0.05,N@0.0,0.0,31.5,0.0,0,"RoyalCty.E (Royal City East), Grant County",330041,RoyalCty.E,2019-06-26 13:11:14.685201
2019-03-12,06:15,24.4,24.0,24.4,100.0,0.05,W@0.1,2.8,31.5,0.0,0,"RoyalCty.E (Royal City East), Grant County",330041,RoyalCty.E,2019-06-26 13:11:14.685201
2019-03-12,06:30,24.4,23.9,24.4,100.0,0.02,N@0.0,0.0,31.5,0.0,0,"RoyalCty.E (Royal City East), Grant County",330041,RoyalCty.E,2019-06-26 13:11:14.685201
2019-03-12,06:45,24.4,23.9,24.4,100.0,0.01,N@0.0,0.0,31.5,0.0,0,"RoyalCty.E (Royal City East), Grant County",330041,RoyalCty.E,2019-06-26 13:11:14.685201
2019-03-12,07:00,24.4,23.9,24.4,100.0,0.01,N@0.0,0.0,31.5,0.0,0,"RoyalCty.E (Royal City East), Grant County",330041,RoyalCty.E,2019-06-26 13:11:14.685201
2019-03-12,07:15,24.4,23.9,24.4,100.0,0.02,N@0.0,0.0,31.5,0.0,0,"RoyalCty.E (Royal City East), Grant County",330041,RoyalCty.E,2019-06-26 13:11:14.685201
2019-03-12,07:30,24.5,24.0,24.5,100.0,0.04,N@0.0,0.0,31.5,0.0,1,"RoyalCty.E (Royal City East), Grant County",330041,RoyalCty.E,2019-06-26 13:11:14.685201
2019-03-12,07:45,24.5,24.0,24.5,100.0,0.05,N@0.0,0.0,31.5,0.0,4,"RoyalCty.E (Royal City East), Grant County",330041,RoyalCty.E,2019-06-26 13:11:14.685201
2019-03-12,08:00,24.7,24.2,24.7,100.0,0.05,N@0.0,0.0,31.5,0.0,9,"RoyalCty.E (Royal City East), Grant County",330041,RoyalCty.E,2019-06-26 13:11:14.685201
2019-03-12,08:15,24.9,24.4,24.9,100.0,0.06,N@0.0,0.0,31.5,0.0,16,"RoyalCty.E (Royal City East), Grant County",330041,RoyalCty.E,2019-06-26 13:11:14.685201
2019-03-12,08:30,25.1,24.6,25.1,100.0,0.06,N@0.0,0.0,31.5,0.0,22,"RoyalCty.E (Royal City East), Grant County",330041,RoyalCty.E,2019-06-26 13:11:14.685201
2019-03-12,08:45,25.6,25.0,25.6,100.0,0.08,N@0.0,0.0,31.5,0.0,35,"RoyalCty.E (Royal City East), Grant County",330041,RoyalCty.E,2019-06-26 13:11:14.685201
2019-03-12,09:00,26.1,25.4,26.1,100.0,0.1,N@0.0,0.0,31.5,0.0,51,"RoyalCty.E (Royal City East), Grant County",330041,RoyalCty.E,2019-06-26 13:11:14.685201
2019-03-12,09:15,26.6,25.8,26.6,100.0,0.19,N@0.0,0.0,31.5,0.0,77,"RoyalCty.E (Royal City East), Grant County",330041,RoyalCty.E,2019-06-26 13:11:14.685201
2019-03-12,09:30,27.2,26.4,27.2,100.0,0.58,N@0.0,0.0,31.5,0.0,96,"RoyalCty.E (Royal City East), Grant County",330041,RoyalCty.E,2019-06-26 13:11:14.685201
2019-03-12,09:45,27.0,26.3,27.0,100.0,0.88,N@0.0,0.0,31.5,0.0,80,"RoyalCty.E (Royal City East), Grant County",330041,RoyalCty.E,2019-06-26 13:11:14.685201
2019-03-12,10:00,27.1,26.4,27.1,100.0,1.0,N@0.0,0.0,31.5,0.0,78,"RoyalCty.E (Royal City East), Grant County",330041,RoyalCty.E,2019-06-26 13:11:14.685201
2019-03-12,10:15,28.1,27.3,28.1,100.0,1.0,N@0.0,0.0,31.5,0.0,101,"RoyalCty.E (Royal City East), Grant County",330041,RoyalCty.E,2019-06-26 13:11:14.685201
2019-03-12,10:30,29.0,28.1,28.5,100.0,1.0,N@0.0,0.0,31.5,0.0,127,"RoyalCty.E (Royal City East), Grant County",330041,RoyalCty.E,2019-06-26 13:11:14.685201
2019-03-12,10:45,29.1,28.1,28.5,100.0,0.97,SW@0.6,5.7,31.5,0.0,162,"RoyalCty.E (Royal City East), Grant County",330041,RoyalCty.E,2019-06-26 13:11:14.685201
2019-03-12,11:00,29.3,28.2,28.7,100.0,0.94,W@1.1,6.0,31.5,0.0,217,"RoyalCty.E (Royal City East), Grant County",330041,RoyalCty.E,2019-06-26 13:11:14.685201
2019-03-12,11:15,30.7,29.6,30.0,98.3,0.94,W@0.8,5.3,31.5,0.0,277,"RoyalCty.E (Royal City East), Grant County",330041,RoyalCty.E,2019-06-26 13:11:14.685201
2019-03-12,11:30,30.8,29.6,29.2,94.9,0.95,W@0.0,1.7,31.5,0.0,363,"RoyalCty.E (Royal City East), Grant County",330041,RoyalCty.E,2019-06-26 13:11:14.685201
2019-03-12,11:45,31.0,29.8,29.1,93.3,0.97,W@0.4,5.3,31.5,0.0,405,"RoyalCty.E (Royal City East), Grant County",330041,RoyalCty.E,2019-06-26 13:11:14.685201
2019-03-12,12:00,31.2,30.0,29.0,92.4,1.0,W@2.0,5.7,31.5,0.0,588,"RoyalCty.E (Royal City East), Grant County",330041,RoyalCty.E,2019-06-26 13:11:14.685201
2019-03-12,12:15,31.3,30.2,28.6,90.5,1.0,W@1.9,5.7,31.5,0.0,516,"RoyalCty.E (Royal City East), Grant County",330041,RoyalCty.E,2019-06-26 13:11:14.685201
2019-03-12,12:30,31.5,30.5,28.5,89.3,1.0,W@0.7,6.0,31.5,0.03,418,"RoyalCty.E (Royal City East), Grant County",330041,RoyalCty.E,2019-06-26 13:11:14.685201
2019-03-12,12:45,31.1,30.2,28.4,90.4,0.94,W@1.4,5.7,31.5,0.03,417,"RoyalCty.E (Royal City East), Grant County",330041,RoyalCty.E,2019-06-26 13:11:14.685201
2019-03-12,13:00,30.9,30.0,27.9,89.7,0.91,W@0.0,1.4,31.5,0.03,411,"RoyalCty.E (Royal City East), Grant County",330041,RoyalCty.E,2019-06-26 13:11:14.685201
2019-03-12,13:15,31.7,30.7,28.1,86.8,0.81,N@0.0,0.0,31.5,0.02,471,"RoyalCty.E (Royal City East), Grant County",330041,RoyalCty.E,2019-06-26 13:11:14.685201
2019-03-12,13:30,32.2,31.2,28.1,84.6,0.51,SW@0.1,2.8,31.5,0.03,483,"RoyalCty.E (Royal City East), Grant County",330041,RoyalCty.E,2019-06-26 13:11:14.685201
2019-03-12,13:45,32.3,31.4,28.0,83.7,0.06,N@0.0,0.0,31.5,0.01,449,"RoyalCty.E (Royal City East), Grant County",330041,RoyalCty.E,2019-06-26 13:11:14.685201
2019-03-12,14:00,34.0,32.9,27.8,77.8,0.43,N@0.0,0.0,31.5,0.02,560,"RoyalCty.E (Royal City East), Grant County",330041,RoyalCty.E,2019-06-26 13:11:14.685201
2019-03-12,14:15,35.3,34.3,26.9,71.2,0.99,N@0.0,0.0,31.5,0.01,585,"RoyalCty.E (Royal City East), Grant County",330041,RoyalCty.E,2019-06-26 13:11:14.685201
2019-03-12,14:30,36.1,35.0,26.9,69.0,0.94,N@0.0,0.0,31.5,0.0,740,"RoyalCty.E (Royal City East), Grant County",330041,RoyalCty.E,2019-06-26 13:11:14.685201
2019-03-12,14:45,37.3,36.6,26.1,63.6,0.9,N@0.0,0.0,31.5,0.01,570,"RoyalCty.E (Royal City East), Grant County",330041,RoyalCty.E,2019-06-26 13:11:14.685201
2019-03-12,15:00,36.0,35.1,25.7,65.9,0.7,N@0.0,0.0,31.5,0.0,496,"RoyalCty.E (Royal City East), Grant County",330041,RoyalCty.E,2019-06-26 13:11:14.685201
2019-03-12,15:15,36.1,35.2,25.7,65.4,0.06,N@0.0,0.0,31.5,0.0,676,"RoyalCty.E (Royal City East), Grant County",330041,RoyalCty.E,2019-06-26 13:11:14.685201
2019-03-12,15:30,38.8,37.9,26.4,60.5,0.0,N@0.0,0.0,31.5,0.0,688,"RoyalCty.E (Royal City East), Grant County",330041,RoyalCty.E,2019-06-26 13:11:14.685201
2019-03-12,15:45,38.9,38.3,26.2,59.9,0.0,N@0.0,0.0,31.5,0.0,625,"RoyalCty.E (Royal City East), Grant County",330041,RoyalCty.E,2019-06-26 13:11:14.685201
2019-03-12,16:00,37.0,36.1,26.1,64.3,0.0,N@0.0,0.0,31.5,0.0,515,"RoyalCty.E (Royal City East), Grant County",330041,RoyalCty.E,2019-06-26 13:11:14.685201
2019-03-12,16:15,35.1,34.3,26.2,69.5,0.0,N@0.0,0.0,31.5,0.0,459,"RoyalCty.E (Royal City East), Grant County",330041,RoyalCty.E,2019-06-26 13:11:14.685201
2019-03-12,16:30,35.1,34.2,27.0,72.1,0.0,N@0.0,0.0,31.5,0.0,449,"RoyalCty.E (Royal City East), Grant County",330041,RoyalCty.E,2019-06-26 13:11:14.685201
2019-03-12,16:45,35.6,34.7,27.6,72.4,0.0,N@0.0,0.0,31.5,0.0,577,"RoyalCty.E (Royal City East), Grant County",330041,RoyalCty.E,2019-06-26 13:11:14.685201
2019-03-12,17:00,35.8,34.9,27.6,71.8,0.0,N@0.0,0.0,31.5,0.0,465,"RoyalCty.E (Royal City East), Grant County",330041,RoyalCty.E,2019-06-26 13:11:14.685201
2019-03-12,17:15,35.9,35.1,28.5,74.1,0.0,N@0.0,0.0,31.5,0.0,407,"RoyalCty.E (Royal City East), Grant County",330041,RoyalCty.E,2019-06-26 13:11:14.685201
2019-03-12,17:30,35.7,34.9,29.3,77.2,0.0,E@1.8,8.2,31.5,0.0,340,"RoyalCty.E (Royal City East), Grant County",330041,RoyalCty.E,2019-06-26 13:11:14.685201
2019-03-12,17:45,35.5,34.8,29.9,79.7,0.0,E@5.1,7.8,31.5,0.0,276,"RoyalCty.E (Royal City East), Grant County",330041,RoyalCty.E,2019-06-26 13:11:14.685201
2019-03-12,18:00,34.9,34.3,30.2,82.6,0.0,E@3.5,8.5,31.5,0.0,196,"RoyalCty.E (Royal City East), Grant County",330041,RoyalCty.E,2019-06-26 13:11:14.685201
2019-03-12,18:15,34.7,34.1,30.6,84.8,0.0,E@1.7,7.1,31.5,0.0,149,"RoyalCty.E (Royal City East), Grant County",330041,RoyalCty.E,2019-06-26 13:11:14.685201
2019-03-12,18:30,34.1,33.7,30.6,86.8,0.0,NE@0.2,4.2,31.5,0.0,110,"RoyalCty.E (Royal City East), Grant County",330041,RoyalCty.E,2019-06-26 13:11:14.685201
2019-03-12,18:45,33.6,33.2,30.7,89.0,0.0,N@0.0,0.0,31.5,0.0,44,"RoyalCty.E (Royal City East), Grant County",330041,RoyalCty.E,2019-06-26 13:11:14.685201
2019-03-12,19:00,33.4,33.0,30.6,89.2,0.0,N@0.0,0.0,31.5,0.0,17,"RoyalCty.E (Royal City East), Grant County",330041,RoyalCty.E,2019-06-26 13:11:14.685201
2019-03-12,19:15,32.6,32.2,30.4,91.6,0.0,N@0.0,0.0,31.5,0.0,2,"RoyalCty.E (Royal City East), Grant County",330041,RoyalCty.E,2019-06-26 13:11:14.685201
2019-03-12,19:30,32.0,31.5,30.4,93.8,0.0,N@0.0,0.0,31.5,0.0,0,"RoyalCty.E (Royal City East), Grant County",330041,RoyalCty.E,2019-06-26 13:11:14.685201
2019-03-12,19:45,31.4,30.9,30.0,95.1,0.0,N@0.0,0.0,31.5,0.0,0,"RoyalCty.E (Royal City East), Grant County",330041,RoyalCty.E,2019-06-26 13:11:14.685201
2019-03-12,20:00,31.1,30.6,30.1,96.9,0.0,N@0.0,0.0,31.5,0.0,0,"RoyalCty.E (Royal City East), Grant County",330041,RoyalCty.E,2019-06-26 13:11:14.685201
2019-03-12,20:15,31.1,30.7,30.2,97.4,0.0,N@0.0,0.0,31.5,0.0,0,"RoyalCty.E (Royal City East), Grant County",330041,RoyalCty.E,2019-06-26 13:11:14.685201
2019-03-12,20:30,30.9,30.4,30.1,97.9,0.0,N@0.0,0.0,31.5,0.0,0,"RoyalCty.E (Royal City East), Grant County",330041,RoyalCty.E,2019-06-26 13:11:14.685201
2019-03-12,20:45,30.9,30.5,30.2,98.3,0.0,N@0.0,0.0,31.5,0.0,0,"RoyalCty.E (Royal City East), Grant County",330041,RoyalCty.E,2019-06-26 13:11:14.685201
2019-03-12,21:00,31.0,30.6,30.4,98.4,0.0,N@0.0,0.0,31.5,0.0,0,"RoyalCty.E (Royal City East), Grant County",330041,RoyalCty.E,2019-06-26 13:11:14.685201
2019-03-12,21:15,31.2,30.8,30.5,97.9,0.0,N@0.0,0.0,31.5,0.0,0,"RoyalCty.E (Royal City East), Grant County",330041,RoyalCty.E,2019-06-26 13:11:14.685201
2019-03-12,21:30,31.7,31.4,30.7,96.6,0.0,W@1.3,6.0,31.5,0.0,0,"RoyalCty.E (Royal City East), Grant County",330041,RoyalCty.E,2019-06-26 13:11:14.685201
2019-03-12,21:45,32.0,31.6,30.4,94.2,0.0,W@0.8,5.3,31.5,0.0,0,"RoyalCty.E (Royal City East), Grant County",330041,RoyalCty.E,2019-06-26 13:11:14.685201
2019-03-12,22:00,31.7,31.3,29.8,93.0,0.0,N@0.0,0.0,31.5,0.0,0,"RoyalCty.E (Royal City East), Grant County",330041,RoyalCty.E,2019-06-26 13:11:14.685201
2019-03-12,22:15,32.0,31.7,29.7,90.9,0.0,W@0.3,5.7,31.5,0.0,0,"RoyalCty.E (Royal City East), Grant County",330041,RoyalCty.E,2019-06-26 13:11:14.685201
2019-03-12,22:30,32.2,31.8,29.1,88.3,0.0,W@1.4,5.7,31.5,0.0,0,"RoyalCty.E (Royal City East), Grant County",330041,RoyalCty.E,2019-06-26 13:11:14.685201
2019-03-12,22:45,31.8,31.4,28.9,89.5,0.0,W@0.2,3.5,31.5,0.0,0,"RoyalCty.E (Royal City East), Grant County",330041,RoyalCty.E,2019-06-26 13:11:14.685201
2019-03-12,23:00,31.6,31.2,28.9,90.4,0.0,W@0.1,3.1,31.5,0.0,0,"RoyalCty.E (Royal City East), Grant County",330041,RoyalCty.E,2019-06-26 13:11:14.685201
2019-03-12,23:15,31.5,31.1,28.9,90.9,0.0,W@0.0,1.4,31.5,0.0,0,"RoyalCty.E (Royal City East), Grant County",330041,RoyalCty.E,2019-06-26 13:11:14.685201
2019-03-12,23:30,31.7,31.3,28.5,88.4,0.0,N@0.0,0.0,31.5,0.0,0,"RoyalCty.E (Royal City East), Grant County",330041,RoyalCty.E,2019-06-26 13:11:14.685201
2019-03-12,23:45,31.1,30.6,28.4,90.4,0.0,N@0.0,0.0,31.5,0.0,0,"RoyalCty.E (Royal City East), Grant County",330041,RoyalCty.E,2019-06-26 13:11:14.685201
2019-03-12,24:00,31.3,30.9,27.6,86.6,0.0,NW@0.0,1.4,31.5,0.0,0,"RoyalCty.E (Royal City East), Grant County",330041,RoyalCty.E,2019-06-26 13:11:14.685201
2019-03-13,00:15,32.3,31.9,27.0,80.5,0.0,SW@0.2,3.5,31.5,0.0,0,"RoyalCty.E (Royal City East), Grant County",330041,RoyalCty.E,2019-06-26 13:11:14.685201
2019-03-13,00:30,33.6,33.3,26.6,75.3,0.0,SW@0.2,3.1,31.6,0.0,0,"RoyalCty.E (Royal City East), Grant County",330041,RoyalCty.E,2019-06-26 13:11:14.685201
2019-03-13,00:45,34.2,33.8,26.2,72.1,0.0,W@0.5,3.9,31.5,0.0,0,"RoyalCty.E (Royal City East), Grant County",330041,RoyalCty.E,2019-06-26 13:11:14.685201
2019-03-13,01:00,34.2,33.8,26.7,73.6,0.0,W@0.0,1.4,31.5,0.0,0,"RoyalCty.E (Royal City East), Grant County",330041,RoyalCty.E,2019-06-26 13:11:14.685201
2019-03-13,01:15,33.2,32.9,26.4,75.8,0.0,W@0.3,3.9,31.5,0.0,0,"RoyalCty.E (Royal City East), Grant County",330041,RoyalCty.E,2019-06-26 13:11:14.685201
2019-03-13,01:30,32.6,32.2,25.9,76.2,0.0,N@0.0,0.0,31.5,0.0,0,"RoyalCty.E (Royal City East), Grant County",330041,RoyalCty.E,2019-06-26 13:11:14.685201
2019-03-13,01:45,32.0,31.6,26.2,78.9,0.0,N@0.0,0.0,31.5,0.0,0,"RoyalCty.E (Royal City East), Grant County",330041,RoyalCty.E,2019-06-26 13:11:14.685201
2019-03-13,02:00,31.7,31.3,25.8,78.8,0.0,N@0.0,0.0,31.6,0.0,0,"RoyalCty.E (Royal City East), Grant County",330041,RoyalCty.E,2019-06-26 13:11:14.685201
2019-03-13,02:15,31.0,30.7,25.8,81.3,0.0,N@0.0,0.0,31.6,0.0,0,"RoyalCty.E (Royal City East), Grant County",330041,RoyalCty.E,2019-06-26 13:11:14.685201
2019-03-13,02:30,31.0,30.6,25.8,81.8,0.0,W@0.2,3.5,31.6,0.0,0,"RoyalCty.E (Royal City East), Grant County",330041,RoyalCty.E,2019-06-26 13:11:14.685201
2019-03-13,02:45,31.1,30.7,25.7,81.2,0.0,W@0.6,5.3,31.6,0.0,0,"RoyalCty.E (Royal City East), Grant County",330041,RoyalCty.E,2019-06-26 13:11:14.685201
2019-03-13,03:00,30.5,30.2,25.5,82.3,0.0,N@0.0,0.0,31.6,0.0,0,"RoyalCty.E (Royal City East), Grant County",330041,RoyalCty.E,2019-06-26 13:11:14.685201
2019-03-13,03:15,29.7,29.3,25.1,84.1,0.0,N@0.0,0.0,31.6,0.0,0,"RoyalCty.E (Royal City East), Grant County",330041,RoyalCty.E,2019-06-26 13:11:14.685201
2019-03-13,03:30,30.2,29.8,25.3,82.9,0.0,N@0.0,0.0,31.6,0.0,0,"RoyalCty.E (Royal City East), Grant County",330041,RoyalCty.E,2019-06-26 13:11:14.685201
2019-03-13,03:45,30.5,30.1,25.1,81.3,0.0,SW@0.0,3.1,31.6,0.0,0,"RoyalCty.E (Royal City East), Grant County",330041,RoyalCty.E,2019-06-26 13:11:14.685201
2019-03-13,04:00,30.9,30.5,24.8,78.6,0.0,N@0.0,0.0,31.6,0.0,0,"RoyalCty.E (Royal City East), Grant County",330041,RoyalCty.E,2019-06-26 13:11:14.685201
2019-03-13,04:15,30.7,30.3,24.4,78.2,0.0,N@0.0,0.0,31.6,0.0,0,"RoyalCty.E (Royal City East), Grant County",330041,RoyalCty.E,2019-06-26 13:11:14.685201
2019-03-13,04:30,31.8,31.5,23.9,72.7,0.0,N@0.0,0.0,31.6,0.0,0,"RoyalCty.E (Royal City East), Grant County",330041,RoyalCty.E,2019-06-26 13:11:14.685201
2019-03-13,04:45,31.3,30.9,22.9,71.2,0.0,N@0.0,0.0,31.6,0.0,0,"RoyalCty.E (Royal City East), Grant County",330041,RoyalCty.E,2019-06-26 13:11:14.685201
2019-03-13,05:00,30.6,30.2,22.2,71.5,0.0,N@0.0,0.0,31.6,0.0,0,"RoyalCty.E (Royal City East), Grant County",330041,RoyalCty.E,2019-06-26 13:11:14.685201
2019-03-13,05:15,29.0,28.6,21.7,75.3,0.0,N@0.0,0.0,31.6,0.0,0,"RoyalCty.E (Royal City East), Grant County",330041,RoyalCty.E,2019-06-26 13:11:14.685201
2019-03-13,05:30,28.5,28.1,21.8,77.5,0.0,N@0.0,0.0,31.6,0.0,0,"RoyalCty.E (Royal City East), Grant County",330041,RoyalCty.E,2019-06-26 13:11:14.685201
2019-03-13,05:45,28.7,28.3,21.9,77.4,0.0,N@0.0,0.0,31.6,0.0,0,"RoyalCty.E (Royal City East), Grant County",330041,RoyalCty.E,2019-06-26 13:11:14.685201
2019-03-13,06:00,28.6,28.3,22.2,78.3,0.0,N@0.0,0.0,31.6,0.0,0,"RoyalCty.E (Royal City East), Grant County",330041,RoyalCty.E,2019-06-26 13:11:14.685201
2019-03-13,06:15,28.9,28.6,22.2,77.2,0.0,N@0.0,0.0,31.6,0.0,0,"RoyalCty.E (Royal City East), Grant County",330041,RoyalCty.E,2019-06-26 13:11:14.685201
2019-03-13,06:30,29.4,29.0,22.2,76.0,0.0,N@0.0,0.0,31.6,0.0,0,"RoyalCty.E (Royal City East), Grant County",330041,RoyalCty.E,2019-06-26 13:11:14.685201
2019-03-13,06:45,29.3,28.9,21.6,74.1,0.0,N@0.0,0.0,31.6,0.0,0,"RoyalCty.E (Royal City East), Grant County",330041,RoyalCty.E,2019-06-26 13:11:14.685201
2019-03-13,07:00,29.1,28.8,21.3,74.0,0.0,N@0.0,0.0,31.6,0.0,0,"RoyalCty.E (Royal City East), Grant County",330041,RoyalCty.E,2019-06-26 13:11:14.685201
2019-03-13,07:15,29.8,29.4,20.9,70.3,0.0,N@0.0,0.0,31.6,0.0,3,"RoyalCty.E (Royal City East), Grant County",330041,RoyalCty.E,2019-06-26 13:11:14.685201
2019-03-13,07:30,28.4,28.1,20.4,73.6,0.0,N@0.0,0.0,31.6,0.0,19,"RoyalCty.E (Royal City East), Grant County",330041,RoyalCty.E,2019-06-26 13:11:14.685201
2019-03-13,07:45,29.3,29.2,20.4,70.4,0.0,N@0.0,0.0,31.6,0.0,53,"RoyalCty.E (Royal City East), Grant County",330041,RoyalCty.E,2019-06-26 13:11:14.685201
2019-03-13,08:00,29.6,29.3,20.5,69.8,0.0,N@0.0,0.0,31.6,0.0,88,"RoyalCty.E (Royal City East), Grant County",330041,RoyalCty.E,2019-06-26 13:11:14.685201
2019-03-13,08:15,30.8,30.4,21.1,67.6,0.0,N@0.0,0.0,31.6,0.0,127,"RoyalCty.E (Royal City East), Grant County",330041,RoyalCty.E,2019-06-26 13:11:14.685201
2019-03-13,08:30,32.7,32.1,21.6,63.2,0.0,N@0.0,0.0,31.6,0.0,168,"RoyalCty.E (Royal City East), Grant County",330041,RoyalCty.E,2019-06-26 13:11:14.685201
2019-03-13,08:45,33.8,33.1,21.8,61.1,0.0,N@0.0,0.0,31.6,0.0,211,"RoyalCty.E (Royal City East), Grant County",330041,RoyalCty.E,2019-06-26 13:11:14.685201
2019-03-13,09:00,35.7,35.0,22.4,58.1,0.0,N@0.0,0.0,31.6,0.0,255,"RoyalCty.E (Royal City East), Grant County",330041,RoyalCty.E,2019-06-26 13:11:14.685201
2019-03-13,09:15,37.5,36.7,22.6,54.5,0.0,N@0.0,0.0,31.6,0.0,300,"RoyalCty.E (Royal City East), Grant County",330041,RoyalCty.E,2019-06-26 13:11:14.685201
2019-03-13,09:30,37.6,36.7,22.4,54.0,0.0,W@0.2,3.5,31.6,0.0,343,"RoyalCty.E (Royal City East), Grant County",330041,RoyalCty.E,2019-06-26 13:11:14.685201
2019-03-13,09:45,38.7,37.7,22.9,52.9,0.0,W@0.2,4.2,31.6,0.0,386,"RoyalCty.E (Royal City East), Grant County",330041,RoyalCty.E,2019-06-26 13:11:14.685201
2019-03-13,10:00,39.5,38.5,23.0,51.3,0.0,N@0.0,0.0,31.6,0.0,426,"RoyalCty.E (Royal City East), Grant County",330041,RoyalCty.E,2019-06-26 13:11:14.685201
2019-03-13,10:15,39.5,38.5,23.7,52.6,0.0,N@0.0,0.0,31.6,0.0,465,"RoyalCty.E (Royal City East), Grant County",330041,RoyalCty.E,2019-06-26 13:11:14.685201
2019-03-13,10:30,40.2,39.2,25.5,55.4,0.0,W@0.1,3.9,31.6,0.0,502,"RoyalCty.E (Royal City East), Grant County",330041,RoyalCty.E,2019-06-26 13:11:14.685201
2019-03-13,10:45,41.1,40.0,26.7,56.3,0.0,W@2.0,6.7,31.6,0.0,535,"RoyalCty.E (Royal City East), Grant County",330041,RoyalCty.E,2019-06-26 13:11:14.685201
2019-03-13,11:00,41.7,40.6,26.4,54.4,0.0,W@1.0,6.0,31.6,0.0,566,"RoyalCty.E (Royal City East), Grant County",330041,RoyalCty.E,2019-06-26 13:11:14.685201
2019-03-13,11:15,42.0,40.9,26.3,53.4,0.0,W@1.3,5.7,31.6,0.0,594,"RoyalCty.E (Royal City East), Grant County",330041,RoyalCty.E,2019-06-26 13:11:14.685201
2019-03-13,11:30,42.0,40.8,26.7,54.3,0.0,W@1.6,5.7,31.6,0.0,619,"RoyalCty.E (Royal City East), Grant County",330041,RoyalCty.E,2019-06-26 13:11:14.685201
2019-03-13,11:45,41.6,40.4,26.9,55.6,0.0,W@1.1,5.3,31.6,0.0,641,"RoyalCty.E (Royal City East), Grant County",330041,RoyalCty.E,2019-06-26 13:11:14.685201
2019-03-13,12:00,43.0,41.8,27.1,53.1,0.0,W@0.1,3.9,31.6,0.0,661,"RoyalCty.E (Royal City East), Grant County",330041,RoyalCty.E,2019-06-26 13:11:14.685201
2019-03-13,12:15,43.1,42.0,26.6,51.8,0.0,W@2.4,6.7,31.6,0.0,677,"RoyalCty.E (Royal City East), Grant County",330041,RoyalCty.E,2019-06-26 13:11:14.685201
2019-03-13,12:30,45.0,43.7,25.3,45.7,0.0,W@1.9,5.7,31.6,0.0,689,"RoyalCty.E (Royal City East), Grant County",330041,RoyalCty.E,2019-06-26 13:11:14.685201
2019-03-13,12:45,45.5,44.3,24.9,44.1,0.0,W@0.6,4.6,31.6,0.0,699,"RoyalCty.E (Royal City East), Grant County",330041,RoyalCty.E,2019-06-26 13:11:14.685201
2019-03-13,13:00,45.4,44.2,26.6,47.6,0.0,W@0.4,5.3,31.6,0.0,704,"RoyalCty.E (Royal City East), Grant County",330041,RoyalCty.E,2019-06-26 13:11:14.685201
2019-03-13,13:15,44.8,43.6,26.4,48.2,0.0,W@2.8,6.7,31.6,0.0,707,"RoyalCty.E (Royal City East), Grant County",330041,RoyalCty.E,2019-06-26 13:11:14.685201
2019-03-13,13:30,45.3,44.1,25.9,46.3,0.0,W@2.9,6.7,31.6,0.0,705,"RoyalCty.E (Royal City East), Grant County",330041,RoyalCty.E,2019-06-26 13:11:14.685201
2019-03-13,13:45,45.5,44.3,26.4,46.9,0.0,W@1.4,6.4,31.6,0.0,699,"RoyalCty.E (Royal City East), Grant County",330041,RoyalCty.E,2019-06-26 13:11:14.685201
2019-03-13,14:00,45.4,44.2,26.4,47.0,0.0,W@3.8,7.1,31.6,0.0,690,"RoyalCty.E (Royal City East), Grant County",330041,RoyalCty.E,2019-06-26 13:11:14.685201
2019-03-13,14:15,45.6,44.4,27.9,49.8,0.0,W@2.2,6.4,31.6,0.0,679,"RoyalCty.E (Royal City East), Grant County",330041,RoyalCty.E,2019-06-26 13:11:14.685201
2019-03-13,14:30,46.5,45.4,28.3,48.8,0.0,W@0.3,3.9,31.6,0.0,663,"RoyalCty.E (Royal City East), Grant County",330041,RoyalCty.E,2019-06-26 13:11:14.685201
2019-03-13,14:45,46.5,45.4,28.0,48.2,0.0,W@2.0,5.3,31.6,0.0,643,"RoyalCty.E (Royal City East), Grant County",330041,RoyalCty.E,2019-06-26 13:11:14.685201
2019-03-13,15:00,46.8,45.9,27.7,47.1,0.0,W@0.5,4.6,31.6,0.0,620,"RoyalCty.E (Royal City East), Grant County",330041,RoyalCty.E,2019-06-26 13:11:14.685201
2019-03-13,15:15,46.7,45.7,27.4,46.7,0.0,W@0.8,5.7,31.6,0.0,595,"RoyalCty.E (Royal City East), Grant County",330041,RoyalCty.E,2019-06-26 13:11:14.685201
2019-03-13,15:30,47.1,46.3,27.4,45.9,0.0,N@0.0,0.0,31.6,0.0,567,"RoyalCty.E (Royal City East), Grant County",330041,RoyalCty.E,2019-06-26 13:11:14.685201
2019-03-13,15:45,47.8,47.0,27.3,44.7,0.0,N@0.0,0.0,31.6,0.0,535,"RoyalCty.E (Royal City East), Grant County",330041,RoyalCty.E,2019-06-26 13:11:14.685201
2019-03-13,16:00,49.3,48.4,25.5,39.2,0.0,N@0.0,0.0,31.6,0.0,502,"RoyalCty.E (Royal City East), Grant County",330041,RoyalCty.E,2019-06-26 13:11:14.685201
2019-03-13,16:15,48.8,48.2,22.2,34.7,0.0,N@0.0,0.0,31.7,0.0,465,"RoyalCty.E (Royal City East), Grant County",330041,RoyalCty.E,2019-06-26 13:11:14.685201
2019-03-13,16:30,48.8,48.2,20.6,32.4,0.0,N@0.0,0.0,31.7,0.0,427,"RoyalCty.E (Royal City East), Grant County",330041,RoyalCty.E,2019-06-26 13:11:14.685201
2019-03-13,16:45,49.4,49.1,21.7,33.3,0.0,N@0.0,0.0,31.8,0.0,365,"RoyalCty.E (Royal City East), Grant County",330041,RoyalCty.E,2019-06-26 13:11:14.685201
2019-03-13,17:00,47.7,47.2,22.2,36.2,0.0,N@0.0,0.0,31.8,0.0,316,"RoyalCty.E (Royal City East), Grant County",330041,RoyalCty.E,2019-06-26 13:11:14.685201
2019-03-13,17:15,47.1,46.6,22.1,36.8,0.0,N@0.0,0.0,31.8,0.0,298,"RoyalCty.E (Royal City East), Grant County",330041,RoyalCty.E,2019-06-26 13:11:14.685201
2019-03-13,17:30,46.5,46.0,22.9,39.0,0.0,N@0.0,0.0,31.9,0.0,205,"RoyalCty.E (Royal City East), Grant County",330041,RoyalCty.E,2019-06-26 13:11:14.685201
2019-03-13,17:45,44.5,44.1,24.3,44.5,0.0,S@1.4,6.4,31.9,0.0,104,"RoyalCty.E (Royal City East), Grant County",330041,RoyalCty.E,2019-06-26 13:11:14.685201
2019-03-13,18:00,43.0,42.6,25.5,49.5,0.0,SE@0.5,5.7,31.9,0.0,168,"RoyalCty.E (Royal City East), Grant County",330041,RoyalCty.E,2019-06-26 13:11:14.685201
2019-03-13,18:15,42.2,41.8,27.1,54.7,0.0,SE@3.2,6.7,31.9,0.0,105,"RoyalCty.E (Royal City East), Grant County",330041,RoyalCty.E,2019-06-26 13:11:14.685201
2019-03-13,18:30,41.3,41.0,29.9,63.5,0.0,SE@1.0,4.9,31.9,0.0,87,"RoyalCty.E (Royal City East), Grant County",330041,RoyalCty.E,2019-06-26 13:11:14.685201
2019-03-13,18:45,40.6,40.2,29.9,65.5,0.0,SE@0.0,1.4,31.9,0.0,25,"RoyalCty.E (Royal City East), Grant County",330041,RoyalCty.E,2019-06-26 13:11:14.685201
2019-03-13,19:00,39.9,39.6,29.3,65.4,0.0,SE@1.4,4.9,31.9,0.0,12,"RoyalCty.E (Royal City East), Grant County",330041,RoyalCty.E,2019-06-26 13:11:14.685201
2019-03-13,19:15,38.6,38.3,28.3,66.0,0.0,SE@0.3,4.2,31.9,0.0,3,"RoyalCty.E (Royal City East), Grant County",330041,RoyalCty.E,2019-06-26 13:11:14.685201
2019-03-13,19:30,38.3,38.0,27.6,65.0,0.0,SE@0.1,3.1,31.9,0.0,0,"RoyalCty.E (Royal City East), Grant County",330041,RoyalCty.E,2019-06-26 13:11:14.685201
2019-03-13,19:45,37.9,37.6,27.8,66.6,0.0,SE@0.3,4.2,31.9,0.0,0,"RoyalCty.E (Royal City East), Grant County",330041,RoyalCty.E,2019-06-26 13:11:14.685201
2019-03-13,20:00,37.1,36.7,27.8,68.7,0.0,N@0.0,0.0,31.9,0.0,0,"RoyalCty.E (Royal City East), Grant County",330041,RoyalCty.E,2019-06-26 13:11:14.685201
2019-03-13,20:15,36.5,36.1,27.6,69.9,0.0,N@0.0,0.0,31.9,0.0,0,"RoyalCty.E (Royal City East), Grant County",330041,RoyalCty.E,2019-06-26 13:11:14.685201
2019-03-13,20:30,35.2,34.7,27.8,74.3,0.0,N@0.0,0.0,31.9,0.0,0,"RoyalCty.E (Royal City East), Grant County",330041,RoyalCty.E,2019-06-26 13:11:14.685201
2019-03-13,20:45,34.4,34.0,28.2,77.7,0.0,N@0.0,0.0,31.9,0.0,0,"RoyalCty.E (Royal City East), Grant County",330041,RoyalCty.E,2019-06-26 13:11:14.685201
2019-03-13,21:00,33.5,33.0,27.9,79.7,0.0,N@0.0,0.0,31.9,0.0,0,"RoyalCty.E (Royal City East), Grant County",330041,RoyalCty.E,2019-06-26 13:11:14.685201
2019-03-13,21:15,34.3,33.9,27.5,76.2,0.0,N@0.0,0.0,31.9,0.0,0,"RoyalCty.E (Royal City East), Grant County",330041,RoyalCty.E,2019-06-26 13:11:14.685201
2019-03-13,21:30,36.1,35.7,26.2,66.9,0.0,N@0.0,0.0,31.9,0.0,0,"RoyalCty.E (Royal City East), Grant County",330041,RoyalCty.E,2019-06-26 13:11:14.685201
2019-03-13,21:45,33.5,33.1,26.6,75.5,0.0,N@0.0,0.0,31.9,0.0,0,"RoyalCty.E (Royal City East), Grant County",330041,RoyalCty.E,2019-06-26 13:11:14.685201
2019-03-13,22:00,32.7,32.2,26.6,77.8,0.0,N@0.0,0.0,31.9,0.0,0,"RoyalCty.E (Royal City East), Grant County",330041,RoyalCty.E,2019-06-26 13:11:14.685201
2019-03-13,22:15,32.3,31.8,26.2,78.0,0.0,N@0.0,0.0,31.9,0.0,0,"RoyalCty.E (Royal City East), Grant County",330041,RoyalCty.E,2019-06-26 13:11:14.685201
2019-03-13,22:30,31.0,30.4,26.3,83.6,0.0,N@0.0,0.0,31.9,0.0,0,"RoyalCty.E (Royal City East), Grant County",330041,RoyalCty.E,2019-06-26 13:11:14.685201
2019-03-13,22:45,33.0,32.5,26.0,75.4,0.0,N@0.0,0.0,31.9,0.0,0,"RoyalCty.E (Royal City East), Grant County",330041,RoyalCty.E,2019-06-26 13:11:14.685201
2019-03-13,23:00,33.2,32.8,25.6,73.4,0.0,N@0.0,0.0,31.9,0.0,0,"RoyalCty.E (Royal City East), Grant County",330041,RoyalCty.E,2019-06-26 13:11:14.685201
2019-03-13,23:15,34.7,34.4,25.6,69.0,0.0,N@0.0,0.0,31.9,0.0,0,"RoyalCty.E (Royal City East), Grant County",330041,RoyalCty.E,2019-06-26 13:11:14.685201
2019-03-13,23:30,33.9,33.7,25.8,71.9,0.0,N@0.0,0.0,31.9,0.0,0,"RoyalCty.E (Royal City East), Grant County",330041,RoyalCty.E,2019-06-26 13:11:14.685201
2019-03-13,23:45,33.6,33.4,25.5,71.9,0.0,N@0.0,0.0,31.9,0.0,0,"RoyalCty.E (Royal City East), Grant County",330041,RoyalCty.E,2019-06-26 13:11:14.685201
2019-03-13,24:00,32.2,31.9,25.2,75.0,0.0,N@0.0,0.0,31.9,0.0,0,"RoyalCty.E (Royal City East), Grant County",330041,RoyalCty.E,2019-06-26 13:11:14.685201
2019-03-14,00:15,31.6,31.1,25.1,77.2,0.0,N@0.0,0.0,31.9,0.0,0,"RoyalCty.E (Royal City East), Grant County",330041,RoyalCty.E,2019-06-26 13:11:14.685201
2019-03-14,00:30,30.0,29.5,25.1,82.7,0.0,N@0.0,0.0,31.9,0.0,0,"RoyalCty.E (Royal City East), Grant County",330041,RoyalCty.E,2019-06-26 13:11:14.685201
2019-03-14,00:45,30.0,29.4,25.3,83.9,0.0,N@0.0,0.0,31.9,0.0,0,"RoyalCty.E (Royal City East), Grant County",330041,RoyalCty.E,2019-06-26 13:11:14.685201
2019-03-14,01:00,30.5,29.9,25.4,82.4,0.0,N@0.0,0.0,31.9,0.0,0,"RoyalCty.E (Royal City East), Grant County",330041,RoyalCty.E,2019-06-26 13:11:14.685201
2019-03-14,01:15,31.8,31.5,25.7,78.2,0.0,N@0.0,0.0,31.9,0.0,0,"RoyalCty.E (Royal City East), Grant County",330041,RoyalCty.E,2019-06-26 13:11:14.685201
2019-03-14,01:30,30.5,30.1,25.4,82.0,0.0,N@0.0,0.0,31.9,0.0,0,"RoyalCty.E (Royal City East), Grant County",330041,RoyalCty.E,2019-06-26 13:11:14.685201
2019-03-14,01:45,30.5,30.2,26.1,84.8,0.0,N@0.0,0.0,31.9,0.0,0,"RoyalCty.E (Royal City East), Grant County",330041,RoyalCty.E,2019-06-26 13:11:14.685201
2019-03-14,02:00,29.9,29.5,25.5,84.6,0.0,N@0.0,0.0,31.9,0.0,0,"RoyalCty.E (Royal City East), Grant County",330041,RoyalCty.E,2019-06-26 13:11:14.685201
2019-03-14,02:15,30.4,29.6,26.1,85.1,0.02,N@0.0,0.0,31.9,0.0,0,"RoyalCty.E (Royal City East), Grant County",330041,RoyalCty.E,2019-06-26 13:11:14.685201
2019-03-14,02:30,30.0,29.8,26.1,86.6,0.05,N@0.0,0.0,31.9,0.0,0,"RoyalCty.E (Royal City East), Grant County",330041,RoyalCty.E,2019-06-26 13:11:14.685201
2019-03-14,02:45,30.7,30.3,26.5,85.1,0.08,N@0.0,0.0,31.9,0.0,0,"RoyalCty.E (Royal City East), Grant County",330041,RoyalCty.E,2019-06-26 13:11:14.685201
2019-03-14,03:00,29.0,28.5,25.6,88.9,0.08,N@0.0,0.0,31.9,0.0,0,"RoyalCty.E (Royal City East), Grant County",330041,RoyalCty.E,2019-06-26 13:11:14.685201
2019-03-14,03:15,28.3,27.9,25.6,91.8,0.06,N@0.0,0.0,31.9,0.0,0,"RoyalCty.E (Royal City East), Grant County",330041,RoyalCty.E,2019-06-26 13:11:14.685201
2019-03-14,03:30,28.0,27.5,25.4,92.5,0.05,N@0.0,0.0,31.9,0.0,0,"RoyalCty.E (Royal City East), Grant County",330041,RoyalCty.E,2019-06-26 13:11:14.685201
2019-03-14,03:45,28.0,27.5,25.6,93.3,0.05,N@0.0,0.0,31.9,0.0,0,"RoyalCty.E (Royal City East), Grant County",330041,RoyalCty.E,2019-06-26 13:11:14.685201
2019-03-14,04:00,27.1,26.5,25.0,94.8,0.02,N@0.0,0.0,31.9,0.0,0,"RoyalCty.E (Royal City East), Grant County",330041,RoyalCty.E,2019-06-26 13:11:14.685201
2019-03-14,04:15,27.0,26.5,25.2,95.9,0.01,N@0.0,0.0,31.9,0.0,0,"RoyalCty.E (Royal City East), Grant County",330041,RoyalCty.E,2019-06-26 13:11:14.685201
2019-03-14,04:30,25.8,25.4,24.2,97.4,0.0,N@0.3,4.6,31.9,0.0,0,"RoyalCty.E (Royal City East), Grant County",330041,RoyalCty.E,2019-06-26 13:11:14.685201
2019-03-14,04:45,24.3,23.9,23.0,99.4,0.0,N@0.1,3.5,31.9,0.0,0,"RoyalCty.E (Royal City East), Grant County",330041,RoyalCty.E,2019-06-26 13:11:14.685201
2019-03-14,05:00,24.9,24.4,23.8,100.0,0.0,N@0.0,0.0,31.9,0.0,0,"RoyalCty.E (Royal City East), Grant County",330041,RoyalCty.E,2019-06-26 13:11:14.685201
2019-03-14,05:15,24.7,24.2,24.7,100.0,0.0,N@0.0,1.4,31.9,0.0,0,"RoyalCty.E (Royal City East), Grant County",330041,RoyalCty.E,2019-06-26 13:11:14.685201
2019-03-14,05:30,24.3,23.8,24.3,100.0,0.0,N@0.0,0.0,31.9,0.0,0,"RoyalCty.E (Royal City East), Grant County",330041,RoyalCty.E,2019-06-26 13:11:14.685201
2019-03-14,05:45,24.8,24.3,23.7,100.0,0.0,N@0.0,0.0,31.9,0.0,0,"RoyalCty.E (Royal City East), Grant County",330041,RoyalCty.E,2019-06-26 13:11:14.685201
2019-03-14,06:00,24.9,24.4,23.8,100.0,0.0,NW@0.0,1.7,31.9,0.0,0,"RoyalCty.E (Royal City East), Grant County",330041,RoyalCty.E,2019-06-26 13:11:14.685201
2019-03-14,06:15,24.9,24.4,24.9,100.0,0.0,N@0.0,0.0,31.9,0.0,0,"RoyalCty.E (Royal City East), Grant County",330041,RoyalCty.E,2019-06-26 13:11:14.685201
2019-03-14,06:30,24.2,23.7,24.2,100.0,0.0,N@0.0,0.0,31.9,0.0,0,"RoyalCty.E (Royal City East), Grant County",330041,RoyalCty.E,2019-06-26 13:11:14.685201
2019-03-14,06:45,23.4,22.9,23.4,100.0,0.0,N@0.0,0.0,31.9,0.0,0,"RoyalCty.E (Royal City East), Grant County",330041,RoyalCty.E,2019-06-26 13:11:14.685201
2019-03-14,07:00,23.3,22.9,23.3,100.0,0.0,N@0.2,4.2,31.9,0.0,0,"RoyalCty.E (Royal City East), Grant County",330041,RoyalCty.E,2019-06-26 13:11:14.685201
2019-03-14,07:15,23.5,23.0,23.5,100.0,0.0,N@0.0,0.0,31.9,0.0,8,"RoyalCty.E (Royal City East), Grant County",330041,RoyalCty.E,2019-06-26 13:11:14.685201
2019-03-14,07:30,23.9,23.5,23.9,100.0,0.0,N@0.0,0.0,31.9,0.0,29,"RoyalCty.E (Royal City East), Grant County",330041,RoyalCty.E,2019-06-26 13:11:14.685201
2019-03-14,07:45,24.3,24.0,24.3,100.0,0.0,N@0.0,0.0,31.9,0.0,54,"RoyalCty.E (Royal City East), Grant County",330041,RoyalCty.E,2019-06-26 13:11:14.685201
2019-03-14,08:00,25.5,25.1,24.5,100.0,0.0,N@0.0,0.0,31.9,0.0,91,"RoyalCty.E (Royal City East), Grant County",330041,RoyalCty.E,2019-06-26 13:11:14.685201
2019-03-14,08:15,26.6,26.0,25.2,97.8,0.05,N@0.0,0.0,31.9,0.0,154,"RoyalCty.E (Royal City East), Grant County",330041,RoyalCty.E,2019-06-26 13:11:14.685201
2019-03-14,08:30,28.0,27.9,25.3,92.1,0.06,N@0.0,0.0,31.9,0.0,136,"RoyalCty.E (Royal City East), Grant County",330041,RoyalCty.E,2019-06-26 13:11:14.685201
2019-03-14,08:45,28.5,28.0,24.9,88.2,0.07,N@0.0,0.0,31.9,0.0,213,"RoyalCty.E (Royal City East), Grant County",330041,RoyalCty.E,2019-06-26 13:11:14.685201
2019-03-14,09:00,27.1,26.9,23.4,88.3,0.07,N@0.0,0.0,31.9,0.0,264,"RoyalCty.E (Royal City East), Grant County",330041,RoyalCty.E,2019-06-26 13:11:14.685201
2019-03-14,09:15,27.0,26.5,23.7,90.4,0.06,NW@0.0,1.7,31.9,0.0,264,"RoyalCty.E (Royal City East), Grant County",330041,RoyalCty.E,2019-06-26 13:11:14.685201
2019-03-14,09:30,26.9,26.3,23.8,91.2,0.0,NW@3.4,8.5,31.9,0.0,302,"RoyalCty.E (Royal City East), Grant County",330041,RoyalCty.E,2019-06-26 13:11:14.685201
2019-03-14,09:45,27.0,26.4,23.7,90.0,0.0,NW@6.6,9.2,31.9,0.0,403,"RoyalCty.E (Royal City East), Grant County",330041,RoyalCty.E,2019-06-26 13:11:14.685201
2019-03-14,10:00,27.8,27.4,24.4,89.2,0.0,N@2.5,8.5,31.9,0.0,433,"RoyalCty.E (Royal City East), Grant County",330041,RoyalCty.E,2019-06-26 13:11:14.685201
2019-03-14,10:15,30.0,28.9,25.0,82.9,0.0,N@0.0,0.0,31.9,0.0,385,"RoyalCty.E (Royal City East), Grant County",330041,RoyalCty.E,2019-06-26 13:11:14.685201
2019-03-14,10:30,29.8,29.4,25.1,83.9,0.0,NW@0.0,2.1,31.9,0.0,404,"RoyalCty.E (Royal City East), Grant County",330041,RoyalCty.E,2019-06-26 13:11:14.685201
2019-03-14,10:45,29.6,29.1,25.3,85.3,0.0,N@3.1,7.4,31.9,0.0,505,"RoyalCty.E (Royal City East), Grant County",330041,RoyalCty.E,2019-06-26 13:11:14.685201
2019-03-14,11:00,30.2,29.8,25.8,84.6,0.0,NW@4.5,6.7,31.9,0.0,562,"RoyalCty.E (Royal City East), Grant County",330041,RoyalCty.E,2019-06-26 13:11:14.685201
2019-03-14,11:15,31.9,31.5,26.6,80.8,0.0,N@0.1,4.2,31.9,0.0,587,"RoyalCty.E (Royal City East), Grant County",330041,RoyalCty.E,2019-06-26 13:11:14.685201
2019-03-14,11:30,32.4,31.9,27.1,80.7,0.0,NW@0.7,5.7,31.9,0.0,605,"RoyalCty.E (Royal City East), Grant County",330041,RoyalCty.E,2019-06-26 13:11:14.685201
2019-03-14,11:45,33.8,33.3,27.1,76.2,0.0,N@0.0,0.0,31.9,0.0,623,"RoyalCty.E (Royal City East), Grant County",330041,RoyalCty.E,2019-06-26 13:11:14.685201
2019-03-14,12:00,34.8,34.3,26.8,72.2,0.0,N@0.0,0.0,31.9,0.0,653,"RoyalCty.E (Royal City East), Grant County",330041,RoyalCty.E,2019-06-26 13:11:14.685201
2019-03-14,12:15,35.9,35.1,26.8,69.1,0.0,N@0.0,0.0,31.9,0.0,649,"RoyalCty.E (Royal City East), Grant County",330041,RoyalCty.E,2019-06-26 13:11:14.685201
2019-03-14,12:30,36.7,36.2,26.7,66.7,0.0,N@0.0,0.0,31.9,0.0,650,"RoyalCty.E (Royal City East), Grant County",330041,RoyalCty.E,2019-06-26 13:11:14.685201
2019-03-14,12:45,36.6,35.6,26.5,66.7,0.0,N@0.0,0.0,31.9,0.0,676,"RoyalCty.E (Royal City East), Grant County",330041,RoyalCty.E,2019-06-26 13:11:14.685201
2019-03-14,13:00,36.4,35.8,26.7,67.5,0.0,N@0.0,0.0,31.9,0.0,694,"RoyalCty.E (Royal City East), Grant County",330041,RoyalCty.E,2019-06-26 13:11:14.685201
2019-03-14,13:15,37.2,36.9,27.0,66.1,0.0,N@0.0,0.0,31.8,0.0,671,"RoyalCty.E (Royal City East), Grant County",330041,RoyalCty.E,2019-06-26 13:11:14.685201
2019-03-14,13:30,37.6,37.0,27.0,65.2,0.0,N@0.0,0.0,31.8,0.0,626,"RoyalCty.E (Royal City East), Grant County",330041,RoyalCty.E,2019-06-26 13:11:14.685201
2019-03-14,13:45,38.6,37.6,27.0,62.7,0.0,N@0.0,0.0,31.8,0.0,653,"RoyalCty.E (Royal City East), Grant County",330041,RoyalCty.E,2019-06-26 13:11:14.685201
2019-03-14,14:00,39.5,38.6,27.5,61.9,0.0,N@0.0,0.0,31.9,0.0,676,"RoyalCty.E (Royal City East), Grant County",330041,RoyalCty.E,2019-06-26 13:11:14.685201
2019-03-14,14:15,40.3,39.5,27.2,59.0,0.0,N@0.0,0.0,31.8,0.0,645,"RoyalCty.E (Royal City East), Grant County",330041,RoyalCty.E,2019-06-26 13:11:14.685201
2019-03-14,14:30,39.3,38.6,27.2,61.4,0.0,N@0.0,0.0,31.8,0.0,533,"RoyalCty.E (Royal City East), Grant County",330041,RoyalCty.E,2019-06-26 13:11:14.685201
2019-03-14,14:45,39.8,38.9,27.5,61.1,0.0,N@0.0,0.0,31.8,0.0,553,"RoyalCty.E (Royal City East), Grant County",330041,RoyalCty.E,2019-06-26 13:11:14.685201
2019-03-14,15:00,39.7,38.6,28.0,62.6,0.0,N@0.0,0.0,31.8,0.0,542,"RoyalCty.E (Royal City East), Grant County",330041,RoyalCty.E,2019-06-26 13:11:14.685201
2019-03-14,15:15,39.7,38.7,28.1,62.8,0.0,N@0.0,0.0,31.9,0.0,552,"RoyalCty.E (Royal City East), Grant County",330041,RoyalCty.E,2019-06-26 13:11:14.685201
2019-03-14,15:30,39.0,38.2,28.0,64.2,0.0,N@0.0,0.0,31.8,0.0,314,"RoyalCty.E (Royal City East), Grant County",330041,RoyalCty.E,2019-06-26 13:11:14.685201
2019-03-14,15:45,38.1,37.4,28.2,67.0,0.0,N@0.0,0.0,31.8,0.0,307,"RoyalCty.E (Royal City East), Grant County",330041,RoyalCty.E,2019-06-26 13:11:14.685201
2019-03-14,16:00,38.3,37.5,28.2,66.6,0.0,N@0.0,0.0,31.9,0.0,320,"RoyalCty.E (Royal City East), Grant County",330041,RoyalCty.E,2019-06-26 13:11:14.685201
2019-03-14,16:15,38.9,38.1,28.3,65.4,0.0,N@0.0,0.0,31.9,0.0,292,"RoyalCty.E (Royal City East), Grant County",330041,RoyalCty.E,2019-06-26 13:11:14.685201
2019-03-14,16:30,38.6,37.9,28.5,66.7,0.0,N@0.0,0.0,31.9,0.0,243,"RoyalCty.E (Royal City East), Grant County",330041,RoyalCty.E,2019-06-26 13:11:14.685201
2019-03-14,16:45,38.4,37.9,28.5,67.0,0.0,N@0.0,0.0,31.9,0.0,206,"RoyalCty.E (Royal City East), Grant County",330041,RoyalCty.E,2019-06-26 13:11:14.685201
2019-03-14,17:00,38.2,37.6,28.5,67.8,0.0,N@0.0,0.0,31.9,0.0,207,"RoyalCty.E (Royal City East), Grant County",330041,RoyalCty.E,2019-06-26 13:11:14.685201
2019-03-14,17:15,38.4,37.7,28.7,67.8,0.0,N@0.0,0.0,31.9,0.0,184,"RoyalCty.E (Royal City East), Grant County",330041,RoyalCty.E,2019-06-26 13:11:14.685201
2019-03-14,17:30,38.1,37.5,28.8,68.9,0.0,N@0.0,0.0,31.9,0.0,139,"RoyalCty.E (Royal City East), Grant County",330041,RoyalCty.E,2019-06-26 13:11:14.685201
2019-03-14,17:45,38.0,37.4,28.6,68.6,0.0,N@0.0,0.0,31.9,0.0,114,"RoyalCty.E (Royal City East), Grant County",330041,RoyalCty.E,2019-06-26 13:11:14.685201
2019-03-14,18:00,37.2,36.7,28.8,71.4,0.0,N@0.0,0.0,31.9,0.0,80,"RoyalCty.E (Royal City East), Grant County",330041,RoyalCty.E,2019-06-26 13:11:14.685201
2019-03-14,18:15,36.5,36.0,29.6,75.8,0.0,N@0.0,0.0,31.9,0.0,55,"RoyalCty.E (Royal City East), Grant County",330041,RoyalCty.E,2019-06-26 13:11:14.685201
2019-03-14,18:30,36.2,35.8,29.6,76.6,0.0,N@0.0,0.0,31.9,0.0,32,"RoyalCty.E (Royal City East), Grant County",330041,RoyalCty.E,2019-06-26 13:11:14.685201
2019-03-14,18:45,35.8,35.4,29.9,78.6,0.0,N@0.0,0.0,31.9,0.0,17,"RoyalCty.E (Royal City East), Grant County",330041,RoyalCty.E,2019-06-26 13:11:14.685201
2019-03-14,19:00,35.7,35.3,29.9,79.1,0.0,N@0.0,0.0,31.9,0.0,7,"RoyalCty.E (Royal City East), Grant County",330041,RoyalCty.E,2019-06-26 13:11:14.685201
2019-03-14,19:15,35.3,34.9,30.4,82.0,0.0,N@0.0,0.0,31.9,0.0,2,"RoyalCty.E (Royal City East), Grant County",330041,RoyalCty.E,2019-06-26 13:11:14.685201
2019-03-14,19:30,34.6,34.2,30.8,86.1,0.0,N@0.0,0.0,31.9,0.0,0,"RoyalCty.E (Royal City East), Grant County",330041,RoyalCty.E,2019-06-26 13:11:14.685201
2019-03-14,19:45,34.1,33.8,30.9,87.7,0.0,N@0.0,0.0,31.9,0.0,0,"RoyalCty.E (Royal City East), Grant County",330041,RoyalCty.E,2019-06-26 13:11:14.685201
2019-03-14,20:00,33.9,33.5,30.8,88.3,0.0,N@0.0,0.0,31.9,0.0,0,"RoyalCty.E (Royal City East), Grant County",330041,RoyalCty.E,2019-06-26 13:11:14.685201
2019-03-14,20:15,33.6,33.2,31.2,91.0,0.0,N@0.0,0.0,31.9,0.0,0,"RoyalCty.E (Royal City East), Grant County",330041,RoyalCty.E,2019-06-26 13:11:14.685201
2019-03-14,20:30,33.7,33.3,31.5,91.6,0.0,N@0.0,0.0,31.9,0.0,0,"RoyalCty.E (Royal City East), Grant County",330041,RoyalCty.E,2019-06-26 13:11:14.685201
2019-03-14,20:45,33.6,33.3,30.7,88.8,0.0,N@0.0,0.0,31.9,0.0,0,"RoyalCty.E (Royal City East), Grant County",330041,RoyalCty.E,2019-06-26 13:11:14.685201
2019-03-14,21:00,33.3,32.9,30.7,90.0,0.0,N@0.0,0.0,31.9,0.0,0,"RoyalCty.E (Royal City East), Grant County",330041,RoyalCty.E,2019-06-26 13:11:14.685201
2019-03-14,21:15,33.2,32.9,30.6,89.8,0.0,N@0.0,0.0,31.9,0.0,0,"RoyalCty.E (Royal City East), Grant County",330041,RoyalCty.E,2019-06-26 13:11:14.685201
2019-03-14,21:30,33.3,32.9,30.1,88.1,0.0,N@0.0,0.0,31.9,0.0,0,"RoyalCty.E (Royal City East), Grant County",330041,RoyalCty.E,2019-06-26 13:11:14.685201
2019-03-14,21:45,33.1,32.6,30.0,88.4,0.0,N@0.0,0.0,31.9,0.0,0,"RoyalCty.E (Royal City East), Grant County",330041,RoyalCty.E,2019-06-26 13:11:14.685201
2019-03-14,22:00,32.7,32.3,29.7,88.7,0.0,N@0.0,0.0,31.9,0.0,0,"RoyalCty.E (Royal City East), Grant County",330041,RoyalCty.E,2019-06-26 13:11:14.685201
2019-03-14,22:15,32.4,31.9,29.6,89.3,0.0,N@0.0,0.0,31.9,0.0,0,"RoyalCty.E (Royal City East), Grant County",330041,RoyalCty.E,2019-06-26 13:11:14.685201
2019-03-14,22:30,31.2,30.8,29.2,93.0,0.02,N@0.0,0.0,31.9,0.0,0,"RoyalCty.E (Royal City East), Grant County",330041,RoyalCty.E,2019-06-26 13:11:14.685201
2019-03-14,22:45,31.2,30.7,29.2,93.3,0.03,N@0.0,0.0,31.9,0.0,0,"RoyalCty.E (Royal City East), Grant County",330041,RoyalCty.E,2019-06-26 13:11:14.685201
2019-03-14,23:00,31.6,31.2,29.0,90.6,0.0,N@0.0,0.0,31.9,0.0,0,"RoyalCty.E (Royal City East), Grant County",330041,RoyalCty.E,2019-06-26 13:11:14.685201
2019-03-14,23:15,31.5,31.0,29.1,91.2,0.0,N@0.0,0.0,31.9,0.0,0,"RoyalCty.E (Royal City East), Grant County",330041,RoyalCty.E,2019-06-26 13:11:14.685201
2019-03-14,23:30,31.1,30.7,29.0,92.5,0.04,N@0.0,0.0,31.9,0.0,0,"RoyalCty.E (Royal City East), Grant County",330041,RoyalCty.E,2019-06-26 13:11:14.685201
2019-03-14,23:45,31.2,30.8,28.8,91.7,0.0,N@0.0,0.0,31.9,0.0,0,"RoyalCty.E (Royal City East), Grant County",330041,RoyalCty.E,2019-06-26 13:11:14.685201
2019-03-14,24:00,30.9,30.3,28.5,91.8,0.0,N@0.0,0.0,31.9,0.0,0,"RoyalCty.E (Royal City East), Grant County",330041,RoyalCty.E,2019-06-26 13:11:14.685201
2019-03-15,00:15,30.3,29.8,27.9,92.1,0.0,N@0.0,0.0,31.9,0.0,0,"RoyalCty.E (Royal City East), Grant County",330041,RoyalCty.E,2019-06-26 13:11:14.685201
2019-03-15,00:30,29.9,29.4,27.8,93.7,0.04,N@0.0,0.0,31.9,0.0,0,"RoyalCty.E (Royal City East), Grant County",330041,RoyalCty.E,2019-06-26 13:11:14.685201
2019-03-15,00:45,30.4,29.9,28.0,92.1,0.0,N@0.0,0.0,31.9,0.0,0,"RoyalCty.E (Royal City East), Grant County",330041,RoyalCty.E,2019-06-26 13:11:14.685201
2019-03-15,01:00,30.2,29.8,28.1,93.1,0.0,N@0.0,0.0,31.9,0.0,0,"RoyalCty.E (Royal City East), Grant County",330041,RoyalCty.E,2019-06-26 13:11:14.685201
2019-03-15,01:15,30.9,30.5,28.4,91.2,0.0,N@0.0,0.0,31.9,0.0,0,"RoyalCty.E (Royal City East), Grant County",330041,RoyalCty.E,2019-06-26 13:11:14.685201
2019-03-15,01:30,30.3,29.9,28.0,92.1,0.0,N@0.2,3.5,31.9,0.0,0,"RoyalCty.E (Royal City East), Grant County",330041,RoyalCty.E,2019-06-26 13:11:14.685201
2019-03-15,01:45,29.5,29.0,27.6,94.1,0.0,N@0.0,0.0,31.9,0.0,0,"RoyalCty.E (Royal City East), Grant County",330041,RoyalCty.E,2019-06-26 13:11:14.685201
2019-03-15,02:00,30.3,29.9,28.3,93.6,0.0,N@0.0,0.0,31.9,0.0,0,"RoyalCty.E (Royal City East), Grant County",330041,RoyalCty.E,2019-06-26 13:11:14.685201
2019-03-15,02:15,31.1,30.7,29.1,92.9,0.0,N@0.0,0.0,31.9,0.0,0,"RoyalCty.E (Royal City East), Grant County",330041,RoyalCty.E,2019-06-26 13:11:14.685201
2019-03-15,02:30,31.7,31.3,29.6,92.5,0.0,N@0.0,0.0,31.9,0.0,0,"RoyalCty.E (Royal City East), Grant County",330041,RoyalCty.E,2019-06-26 13:11:14.685201
2019-03-15,02:45,31.9,31.5,29.9,92.4,0.0,N@0.0,0.0,31.9,0.0,0,"RoyalCty.E (Royal City East), Grant County",330041,RoyalCty.E,2019-06-26 13:11:14.685201
2019-03-15,03:00,31.9,31.5,30.1,93.2,0.0,N@0.0,0.0,31.9,0.0,0,"RoyalCty.E (Royal City East), Grant County",330041,RoyalCty.E,2019-06-26 13:11:14.685201
2019-03-15,03:15,31.8,31.5,30.2,94.0,0.0,N@0.0,0.0,31.9,0.0,0,"RoyalCty.E (Royal City East), Grant County",330041,RoyalCty.E,2019-06-26 13:11:14.685201
2019-03-15,03:30,31.8,31.4,30.3,94.8,0.0,N@0.0,0.0,31.9,0.0,0,"RoyalCty.E (Royal City East), Grant County",330041,RoyalCty.E,2019-06-26 13:11:14.685201
2019-03-15,03:45,31.6,31.2,30.4,96.0,0.0,N@0.0,0.0,31.9,0.0,0,"RoyalCty.E (Royal City East), Grant County",330041,RoyalCty.E,2019-06-26 13:11:14.685201
2019-03-15,04:00,31.6,31.3,30.4,95.9,0.0,NW@0.6,6.0,31.9,0.0,0,"RoyalCty.E (Royal City East), Grant County",330041,RoyalCty.E,2019-06-26 13:11:14.685201
2019-03-15,04:15,31.4,31.0,30.2,96.4,0.0,W@0.0,2.1,31.9,0.0,0,"RoyalCty.E (Royal City East), Grant County",330041,RoyalCty.E,2019-06-26 13:11:14.685201
2019-03-15,04:30,31.0,30.6,30.0,97.3,0.0,N@0.0,0.0,31.9,0.0,0,"RoyalCty.E (Royal City East), Grant County",330041,RoyalCty.E,2019-06-26 13:11:14.685201
2019-03-15,04:45,30.9,30.5,29.9,97.3,0.0,N@0.0,0.0,31.9,0.0,0,"RoyalCty.E (Royal City East), Grant County",330041,RoyalCty.E,2019-06-26 13:11:14.685201
2019-03-15,05:00,30.6,30.2,29.5,96.8,0.0,NW@2.1,6.7,31.9,0.0,0,"RoyalCty.E (Royal City East), Grant County",330041,RoyalCty.E,2019-06-26 13:11:14.685201
2019-03-15,05:15,30.8,30.4,29.3,95.4,0.0,NW@0.9,6.4,31.9,0.0,0,"RoyalCty.E (Royal City East), Grant County",330041,RoyalCty.E,2019-06-26 13:11:14.685201
2019-03-15,05:30,30.9,30.5,29.1,94.0,0.0,NW@1.2,6.4,31.9,0.0,0,"RoyalCty.E (Royal City East), Grant County",330041,RoyalCty.E,2019-06-26 13:11:14.685201
2019-03-15,05:45,31.0,30.6,28.9,93.0,0.0,N@0.0,0.0,31.9,0.0,0,"RoyalCty.E (Royal City East), Grant County",330041,RoyalCty.E,2019-06-26 13:11:14.685201
2019-03-15,06:00,30.7,30.3,28.9,93.9,0.0,N@0.0,0.0,31.9,0.0,0,"RoyalCty.E (Royal City East), Grant County",330041,RoyalCty.E,2019-06-26 13:11:14.685201
2019-03-15,06:15,31.3,30.9,28.9,91.4,0.0,N@0.0,0.0,31.9,0.0,0,"RoyalCty.E (Royal City East), Grant County",330041,RoyalCty.E,2019-06-26 13:11:14.685201
2019-03-15,06:30,31.4,31.0,29.1,91.8,0.0,N@0.0,0.0,31.9,0.0,0,"RoyalCty.E (Royal City East), Grant County",330041,RoyalCty.E,2019-06-26 13:11:14.685201
2019-03-15,06:45,31.5,31.0,29.1,91.6,0.0,N@0.0,0.0,31.9,0.0,0,"RoyalCty.E (Royal City East), Grant County",330041,RoyalCty.E,2019-06-26 13:11:14.685201
2019-03-15,07:00,31.2,30.8,29.0,92.2,0.0,N@0.7,5.7,31.9,0.0,0,"RoyalCty.E (Royal City East), Grant County",330041,RoyalCty.E,2019-06-26 13:11:14.685201
2019-03-15,07:15,31.1,30.6,29.1,93.2,0.0,N@3.6,6.7,31.9,0.0,2,"RoyalCty.E (Royal City East), Grant County",330041,RoyalCty.E,2019-06-26 13:11:14.685201
2019-03-15,07:30,31.0,30.5,29.2,94.3,0.0,N@0.0,0.0,31.9,0.0,8,"RoyalCty.E (Royal City East), Grant County",330041,RoyalCty.E,2019-06-26 13:11:14.685201
2019-03-15,07:45,30.9,30.5,29.4,94.8,0.0,N@0.0,0.0,31.9,0.0,22,"RoyalCty.E (Royal City East), Grant County",330041,RoyalCty.E,2019-06-26 13:11:14.685201
2019-03-15,08:00,31.2,30.8,29.5,94.3,0.0,N@0.0,0.0,31.9,0.0,41,"RoyalCty.E (Royal City East), Grant County",330041,RoyalCty.E,2019-06-26 13:11:14.685201
2019-03-15,08:15,31.8,31.3,30.0,93.4,0.0,N@0.0,0.0,31.9,0.0,67,"RoyalCty.E (Royal City East), Grant County",330041,RoyalCty.E,2019-06-26 13:11:14.685201
2019-03-15,08:30,32.2,31.7,30.1,91.7,0.0,N@0.0,0.0,31.9,0.0,92,"RoyalCty.E (Royal City East), Grant County",330041,RoyalCty.E,2019-06-26 13:11:14.685201
2019-03-15,08:45,32.8,32.2,30.2,90.1,0.0,N@0.0,0.0,31.9,0.0,118,"RoyalCty.E (Royal City East), Grant County",330041,RoyalCty.E,2019-06-26 13:11:14.685201
2019-03-15,09:00,32.7,32.1,30.2,90.6,0.0,NW@0.0,2.4,31.9,0.0,151,"RoyalCty.E (Royal City East), Grant County",330041,RoyalCty.E,2019-06-26 13:11:14.685201
2019-03-15,09:15,32.7,32.1,30.2,90.4,0.0,N@0.0,0.0,31.9,0.0,181,"RoyalCty.E (Royal City East), Grant County",330041,RoyalCty.E,2019-06-26 13:11:14.685201
2019-03-15,09:30,32.9,32.4,30.2,89.5,0.0,N@0.0,0.0,31.9,0.0,258,"RoyalCty.E (Royal City East), Grant County",330041,RoyalCty.E,2019-06-26 13:11:14.685201
2019-03-15,09:45,33.1,32.5,30.2,89.0,0.0,N@0.0,0.0,31.9,0.0,271,"RoyalCty.E (Royal City East), Grant County",330041,RoyalCty.E,2019-06-26 13:11:14.685201
2019-03-15,10:00,33.5,33.0,30.5,88.6,0.0,NW@3.4,7.1,31.9,0.0,305,"RoyalCty.E (Royal City East), Grant County",330041,RoyalCty.E,2019-06-26 13:11:14.685201
2019-03-15,10:15,33.7,33.3,30.9,89.2,0.0,N@5.8,8.2,31.9,0.0,333,"RoyalCty.E (Royal City East), Grant County",330041,RoyalCty.E,2019-06-26 13:11:14.685201
2019-03-15,10:30,34.3,33.9,30.9,87.3,0.0,N@0.2,4.6,31.9,0.0,353,"RoyalCty.E (Royal City East), Grant County",330041,RoyalCty.E,2019-06-26 13:11:14.685201
2019-03-15,10:45,35.3,34.9,30.9,83.9,0.0,NW@0.1,6.7,31.9,0.0,430,"RoyalCty.E (Royal City East), Grant County",330041,RoyalCty.E,2019-06-26 13:11:14.685201
2019-03-15,11:00,35.6,35.0,29.7,78.9,0.0,NW@4.7,7.4,31.9,0.0,454,"RoyalCty.E (Royal City East), Grant County",330041,RoyalCty.E,2019-06-26 13:11:14.685201
2019-03-15,11:15,37.0,36.6,29.4,73.7,0.0,NW@0.7,6.4,31.9,0.0,608,"RoyalCty.E (Royal City East), Grant County",330041,RoyalCty.E,2019-06-26 13:11:14.685201
2019-03-15,11:30,38.1,37.3,29.7,71.5,0.0,N@0.0,0.0,31.9,0.0,639,"RoyalCty.E (Royal City East), Grant County",330041,RoyalCty.E,2019-06-26 13:11:14.685201
2019-03-15,11:45,38.3,37.7,30.5,73.1,0.0,N@2.8,7.8,31.9,0.0,642,"RoyalCty.E (Royal City East), Grant County",330041,RoyalCty.E,2019-06-26 13:11:14.685201
2019-03-15,12:00,38.7,38.2,30.7,72.6,0.0,N@5.4,8.2,31.9,0.0,658,"RoyalCty.E (Royal City East), Grant County",330041,RoyalCty.E,2019-06-26 13:11:14.685201
2019-03-15,12:15,39.3,38.8,30.8,71.4,0.0,N@3.7,7.8,31.9,0.0,675,"RoyalCty.E (Royal City East), Grant County",330041,RoyalCty.E,2019-06-26 13:11:14.685201
2019-03-15,12:30,39.7,38.9,30.5,69.2,0.0,N@5.6,8.2,31.9,0.0,691,"RoyalCty.E (Royal City East), Grant County",330041,RoyalCty.E,2019-06-26 13:11:14.685201
2019-03-15,12:45,40.0,39.1,30.6,68.8,0.0,N@4.5,7.4,31.9,0.0,697,"RoyalCty.E (Royal City East), Grant County",330041,RoyalCty.E,2019-06-26 13:11:14.685201
2019-03-15,13:00,40.1,39.5,30.5,68.1,0.0,N@1.5,5.7,31.9,0.0,705,"RoyalCty.E (Royal City East), Grant County",330041,RoyalCty.E,2019-06-26 13:11:14.685201
2019-03-15,13:15,40.7,40.0,30.4,66.6,0.0,N@0.0,0.0,31.9,0.0,705,"RoyalCty.E (Royal City East), Grant County",330041,RoyalCty.E,2019-06-26 13:11:14.685201
2019-03-15,13:30,40.5,40.1,30.4,66.8,0.0,N@0.0,0.0,31.9,0.0,705,"RoyalCty.E (Royal City East), Grant County",330041,RoyalCty.E,2019-06-26 13:11:14.685201
2019-03-15,13:45,40.7,40.3,31.1,68.3,0.0,N@0.0,0.0,31.9,0.0,690,"RoyalCty.E (Royal City East), Grant County",330041,RoyalCty.E,2019-06-26 13:11:14.685201
2019-03-15,14:00,40.3,40.3,31.2,69.6,0.0,N@0.0,0.0,31.8,0.0,561,"RoyalCty.E (Royal City East), Grant County",330041,RoyalCty.E,2019-06-26 13:11:14.685201
2019-03-15,14:15,40.8,40.5,30.8,67.4,0.0,N@0.0,0.0,31.8,0.0,671,"RoyalCty.E (Royal City East), Grant County",330041,RoyalCty.E,2019-06-26 13:11:14.685201
2019-03-15,14:30,41.2,41.0,30.9,66.5,0.0,N@0.0,0.0,31.7,0.0,701,"RoyalCty.E (Royal City East), Grant County",330041,RoyalCty.E,2019-06-26 13:11:14.685201
2019-03-15,14:45,41.4,41.1,30.9,65.9,0.0,N@2.7,6.7,31.3,0.0,693,"RoyalCty.E (Royal City East), Grant County",330041,RoyalCty.E,2019-06-26 13:11:14.685201
2019-03-15,15:00,41.3,41.2,30.5,65.1,0.0,N@0.8,5.3,30.8,0.0,556,"RoyalCty.E (Royal City East), Grant County",330041,RoyalCty.E,2019-06-26 13:11:14.685201
2019-03-15,15:15,41.4,40.9,30.1,64.0,0.0,N@0.2,5.3,30.8,0.0,542,"RoyalCty.E (Royal City East), Grant County",330041,RoyalCty.E,2019-06-26 13:11:14.685201
2019-03-15,15:30,41.6,41.2,29.8,62.7,0.0,N@0.0,0.0,30.9,0.0,513,"RoyalCty.E (Royal City East), Grant County",330041,RoyalCty.E,2019-06-26 13:11:14.685201
2019-03-15,15:45,41.9,41.5,29.8,61.8,0.0,N@0.0,0.0,31.0,0.0,459,"RoyalCty.E (Royal City East), Grant County",330041,RoyalCty.E,2019-06-26 13:11:14.685201
2019-03-15,16:00,42.3,41.8,29.9,61.1,0.0,N@0.0,0.0,30.9,0.0,450,"RoyalCty.E (Royal City East), Grant County",330041,RoyalCty.E,2019-06-26 13:11:14.685201
2019-03-15,16:15,42.9,42.7,29.9,59.9,0.0,N@0.0,0.0,30.8,0.0,425,"RoyalCty.E (Royal City East), Grant County",330041,RoyalCty.E,2019-06-26 13:11:14.685201
2019-03-15,16:30,42.2,42.1,30.1,61.9,0.0,N@0.0,0.0,30.8,0.0,302,"RoyalCty.E (Royal City East), Grant County",330041,RoyalCty.E,2019-06-26 13:11:14.685201
2019-03-15,16:45,41.5,41.4,30.4,64.5,0.0,N@0.0,0.0,30.8,0.0,237,"RoyalCty.E (Royal City East), Grant County",330041,RoyalCty.E,2019-06-26 13:11:14.685201
2019-03-15,17:00,40.9,40.7,30.6,66.3,0.0,N@0.0,0.0,30.8,0.0,217,"RoyalCty.E (Royal City East), Grant County",330041,RoyalCty.E,2019-06-26 13:11:14.685201
2019-03-15,17:15,40.8,40.6,30.7,67.0,0.0,N@0.0,0.0,30.8,0.0,192,"RoyalCty.E (Royal City East), Grant County",330041,RoyalCty.E,2019-06-26 13:11:14.685201
2019-03-15,17:30,40.6,40.5,30.4,66.6,0.0,N@0.0,0.0,30.8,0.0,167,"RoyalCty.E (Royal City East), Grant County",330041,RoyalCty.E,2019-06-26 13:11:14.685201
2019-03-15,17:45,40.3,40.1,30.2,66.9,0.0,N@0.0,0.0,30.8,0.0,123,"RoyalCty.E (Royal City East), Grant County",330041,RoyalCty.E,2019-06-26 13:11:14.685201
2019-03-15,18:00,40.1,39.8,30.2,67.6,0.0,N@0.0,0.0,30.7,0.0,111,"RoyalCty.E (Royal City East), Grant County",330041,RoyalCty.E,2019-06-26 13:11:14.685201
2019-03-15,18:15,39.7,39.3,30.3,68.6,0.0,N@0.0,0.0,30.7,0.0,73,"RoyalCty.E (Royal City East), Grant County",330041,RoyalCty.E,2019-06-26 13:11:14.685201
2019-03-15,18:30,39.3,38.9,30.5,70.5,0.0,N@0.0,0.0,30.7,0.0,45,"RoyalCty.E (Royal City East), Grant County",330041,RoyalCty.E,2019-06-26 13:11:14.685201
2019-03-15,18:45,38.3,37.9,31.2,75.3,0.0,N@0.0,0.0,30.7,0.0,26,"RoyalCty.E (Royal City East), Grant County",330041,RoyalCty.E,2019-06-26 13:11:14.685201
2019-03-15,19:00,37.6,37.2,31.4,78.0,0.0,N@0.0,0.0,30.7,0.0,10,"RoyalCty.E (Royal City East), Grant County",330041,RoyalCty.E,2019-06-26 13:11:14.685201
2019-03-15,19:15,37.0,36.6,31.3,79.6,0.0,N@0.0,0.0,30.7,0.0,2,"RoyalCty.E (Royal City East), Grant County",330041,RoyalCty.E,2019-06-26 13:11:14.685201
2019-03-15,19:30,36.6,36.3,31.3,80.7,0.0,N@0.0,0.0,30.7,0.0,0,"RoyalCty.E (Royal City East), Grant County",330041,RoyalCty.E,2019-06-26 13:11:14.685201
2019-03-15,19:45,36.3,36.0,31.7,83.0,0.0,N@0.0,0.0,30.7,0.0,0,"RoyalCty.E (Royal City East), Grant County",330041,RoyalCty.E,2019-06-26 13:11:14.685201
2019-03-15,20:00,36.3,35.9,31.7,83.2,0.0,N@0.0,0.0,30.7,0.0,0,"RoyalCty.E (Royal City East), Grant County",330041,RoyalCty.E,2019-06-26 13:11:14.685201
2019-03-15,20:15,36.0,35.7,32.0,84.9,0.0,N@0.0,0.0,30.8,0.0,0,"RoyalCty.E (Royal City East), Grant County",330041,RoyalCty.E,2019-06-26 13:11:14.685201
2019-03-15,20:30,35.7,35.3,32.1,86.6,0.0,N@0.0,0.0,30.8,0.0,0,"RoyalCty.E (Royal City East), Grant County",330041,RoyalCty.E,2019-06-26 13:11:14.685201
2019-03-15,20:45,35.4,35.0,32.1,87.7,0.0,N@0.0,0.0,31.2,0.0,0,"RoyalCty.E (Royal City East), Grant County",330041,RoyalCty.E,2019-06-26 13:11:14.685201
2019-03-15,21:00,34.9,34.6,32.0,88.9,0.0,N@0.0,0.0,31.6,0.0,0,"RoyalCty.E (Royal City East), Grant County",330041,RoyalCty.E,2019-06-26 13:11:14.685201
2019-03-15,21:15,34.9,34.5,31.6,87.8,0.0,N@0.0,0.0,31.7,0.0,0,"RoyalCty.E (Royal City East), Grant County",330041,RoyalCty.E,2019-06-26 13:11:14.685201
2019-03-15,21:30,34.8,34.5,31.3,86.6,0.0,N@0.0,0.0,31.7,0.0,0,"RoyalCty.E (Royal City East), Grant County",330041,RoyalCty.E,2019-06-26 13:11:14.685201
2019-03-15,21:45,34.4,34.1,31.1,87.4,0.0,N@0.0,0.0,31.7,0.0,0,"RoyalCty.E (Royal City East), Grant County",330041,RoyalCty.E,2019-06-26 13:11:14.685201
2019-03-15,22:00,34.0,33.6,30.9,88.4,0.0,N@0.0,0.0,31.7,0.0,0,"RoyalCty.E (Royal City East), Grant County",330041,RoyalCty.E,2019-06-26 13:11:14.685201
2019-03-15,22:15,33.5,33.1,30.7,89.4,0.0,N@0.0,0.0,31.8,0.0,0,"RoyalCty.E (Royal City East), Grant County",330041,RoyalCty.E,2019-06-26 13:11:14.685201
2019-03-15,22:30,33.6,33.2,30.8,89.2,0.0,N@0.0,0.0,31.8,0.0,0,"RoyalCty.E (Royal City East), Grant County",330041,RoyalCty.E,2019-06-26 13:11:14.685201
2019-03-15,22:45,32.9,32.4,30.3,89.9,0.03,N@0.0,0.0,31.8,0.0,0,"RoyalCty.E (Royal City East), Grant County",330041,RoyalCty.E,2019-06-26 13:11:14.685201
2019-03-15,23:00,32.4,32.1,30.5,92.5,0.06,N@0.0,0.0,31.8,0.0,0,"RoyalCty.E (Royal City East), Grant County",330041,RoyalCty.E,2019-06-26 13:11:14.685201
2019-03-15,23:15,32.8,32.5,30.9,92.4,0.04,N@0.0,0.0,31.8,0.0,0,"RoyalCty.E (Royal City East), Grant County",330041,RoyalCty.E,2019-06-26 13:11:14.685201
2019-03-15,23:30,33.8,33.5,30.9,88.7,0.0,N@0.0,0.0,31.8,0.0,0,"RoyalCty.E (Royal City East), Grant County",330041,RoyalCty.E,2019-06-26 13:11:14.685201
2019-03-15,23:45,33.8,33.4,30.8,88.6,0.0,W@0.0,1.4,31.8,0.0,0,"RoyalCty.E (Royal City East), Grant County",330041,RoyalCty.E,2019-06-26 13:11:14.685201
2019-03-15,24:00,33.7,33.3,30.5,87.9,0.0,N@0.0,0.0,31.8,0.0,0,"RoyalCty.E (Royal City East), Grant County",330041,RoyalCty.E,2019-06-26 13:11:14.685201
2019-03-16,00:15,33.4,33.0,30.5,89.1,0.0,N@0.0,0.0,31.8,0.0,0,"RoyalCty.E (Royal City East), Grant County",330041,RoyalCty.E,2019-06-26 13:11:14.685201
2019-03-16,00:30,33.2,32.9,30.2,88.4,0.0,N@0.0,0.0,31.8,0.0,0,"RoyalCty.E (Royal City East), Grant County",330041,RoyalCty.E,2019-06-26 13:11:14.685201
2019-03-16,00:45,32.7,32.3,29.9,89.3,0.0,N@0.0,0.0,31.8,0.0,0,"RoyalCty.E (Royal City East), Grant County",330041,RoyalCty.E,2019-06-26 13:11:14.685201
2019-03-16,01:00,31.8,31.4,29.5,91.6,0.0,N@0.0,0.0,31.8,0.0,0,"RoyalCty.E (Royal City East), Grant County",330041,RoyalCty.E,2019-06-26 13:11:14.685201
2019-03-16,01:15,31.9,31.5,30.0,92.7,0.0,N@0.0,0.0,31.8,0.0,0,"RoyalCty.E (Royal City East), Grant County",330041,RoyalCty.E,2019-06-26 13:11:14.685201
2019-03-16,01:30,31.7,31.3,30.0,93.6,0.0,N@0.0,0.0,31.8,0.0,0,"RoyalCty.E (Royal City East), Grant County",330041,RoyalCty.E,2019-06-26 13:11:14.685201
2019-03-16,01:45,31.8,31.4,30.0,93.4,0.05,NW@0.0,3.5,31.7,0.0,0,"RoyalCty.E (Royal City East), Grant County",330041,RoyalCty.E,2019-06-26 13:11:14.685201
2019-03-16,02:00,32.8,32.4,30.3,90.7,0.0,NW@4.7,7.1,31.7,0.0,0,"RoyalCty.E (Royal City East), Grant County",330041,RoyalCty.E,2019-06-26 13:11:14.685201
2019-03-16,02:15,31.9,31.5,29.6,91.6,0.0,NW@0.1,3.9,31.6,0.0,0,"RoyalCty.E (Royal City East), Grant County",330041,RoyalCty.E,2019-06-26 13:11:14.685201
2019-03-16,02:30,32.2,31.9,30.0,91.4,0.0,N@0.0,0.0,31.7,0.0,0,"RoyalCty.E (Royal City East), Grant County",330041,RoyalCty.E,2019-06-26 13:11:14.685201
2019-03-16,02:45,32.1,31.7,29.5,90.0,0.0,N@0.0,0.0,31.7,0.0,0,"RoyalCty.E (Royal City East), Grant County",330041,RoyalCty.E,2019-06-26 13:11:14.685201
2019-03-16,03:00,31.7,31.3,29.1,90.4,0.0,NW@0.1,3.5,31.7,0.0,0,"RoyalCty.E (Royal City East), Grant County",330041,RoyalCty.E,2019-06-26 13:11:14.685201
2019-03-16,03:15,31.5,31.0,28.8,90.4,0.0,W@0.1,3.5,31.7,0.0,0,"RoyalCty.E (Royal City East), Grant County",330041,RoyalCty.E,2019-06-26 13:11:14.685201
2019-03-16,03:30,32.0,31.6,29.3,90.0,0.0,W@0.1,2.4,31.7,0.0,0,"RoyalCty.E (Royal City East), Grant County",330041,RoyalCty.E,2019-06-26 13:11:14.685201
2019-03-16,03:45,31.5,31.1,29.0,90.9,0.0,N@0.0,0.0,31.7,0.0,0,"RoyalCty.E (Royal City East), Grant County",330041,RoyalCty.E,2019-06-26 13:11:14.685201
2019-03-16,04:00,32.5,32.1,29.3,87.7,0.0,N@0.0,0.0,31.7,0.0,0,"RoyalCty.E (Royal City East), Grant County",330041,RoyalCty.E,2019-06-26 13:11:14.685201
2019-03-16,04:15,33.4,33.1,29.4,84.8,0.0,N@0.0,0.0,31.7,0.0,0,"RoyalCty.E (Royal City East), Grant County",330041,RoyalCty.E,2019-06-26 13:11:14.685201
2019-03-16,04:30,32.8,32.4,29.0,85.6,0.0,N@0.0,0.0,31.7,0.0,0,"RoyalCty.E (Royal City East), Grant County",330041,RoyalCty.E,2019-06-26 13:11:14.685201
2019-03-16,04:45,31.9,31.5,28.7,88.2,0.0,N@0.0,0.0,31.7,0.0,0,"RoyalCty.E (Royal City East), Grant County",330041,RoyalCty.E,2019-06-26 13:11:14.685201
2019-03-16,05:00,30.6,30.2,28.1,91.6,0.0,N@0.0,0.0,31.8,0.0,0,"RoyalCty.E (Royal City East), Grant County",330041,RoyalCty.E,2019-06-26 13:11:14.685201
2019-03-16,05:15,30.3,29.7,28.2,93.3,0.01,N@0.0,0.0,31.8,0.0,0,"RoyalCty.E (Royal City East), Grant County",330041,RoyalCty.E,2019-06-26 13:11:14.685201
2019-03-16,05:30,30.0,29.6,28.0,93.9,0.03,N@0.0,0.0,31.8,0.0,0,"RoyalCty.E (Royal City East), Grant County",330041,RoyalCty.E,2019-06-26 13:11:14.685201
2019-03-16,05:45,30.8,30.4,28.3,91.4,0.0,N@0.0,0.0,31.8,0.0,0,"RoyalCty.E (Royal City East), Grant County",330041,RoyalCty.E,2019-06-26 13:11:14.685201
2019-03-16,06:00,31.2,30.8,28.2,89.2,0.0,N@0.0,0.0,31.8,0.0,0,"RoyalCty.E (Royal City East), Grant County",330041,RoyalCty.E,2019-06-26 13:11:14.685201
2019-03-16,06:15,31.2,30.9,28.2,89.3,0.0,NW@0.3,6.7,31.8,0.0,0,"RoyalCty.E (Royal City East), Grant County",330041,RoyalCty.E,2019-06-26 13:11:14.685201
2019-03-16,06:30,31.1,30.8,28.2,89.5,0.0,NW@1.8,6.4,31.8,0.0,0,"RoyalCty.E (Royal City East), Grant County",330041,RoyalCty.E,2019-06-26 13:11:14.685201
2019-03-16,06:45,30.7,30.3,28.0,90.7,0.0,NW@0.0,1.4,31.8,0.0,0,"RoyalCty.E (Royal City East), Grant County",330041,RoyalCty.E,2019-06-26 13:11:14.685201
2019-03-16,07:00,31.2,30.9,28.2,89.2,0.0,NW@2.1,7.4,31.8,0.0,1,"RoyalCty.E (Royal City East), Grant County",330041,RoyalCty.E,2019-06-26 13:11:14.685201
2019-03-16,07:15,31.3,30.9,28.1,88.4,0.0,N@0.0,0.0,31.8,0.0,6,"RoyalCty.E (Royal City East), Grant County",330041,RoyalCty.E,2019-06-26 13:11:14.685201
2019-03-16,07:30,31.6,31.2,28.1,87.4,0.0,NW@0.0,2.4,31.8,0.0,22,"RoyalCty.E (Royal City East), Grant County",330041,RoyalCty.E,2019-06-26 13:11:14.685201
2019-03-16,07:45,31.8,31.3,28.1,86.6,0.0,NW@0.2,6.7,31.8,0.0,57,"RoyalCty.E (Royal City East), Grant County",330041,RoyalCty.E,2019-06-26 13:11:14.685201
2019-03-16,08:00,32.2,31.6,28.3,85.5,0.0,NW@0.0,1.4,31.8,0.0,106,"RoyalCty.E (Royal City East), Grant County",330041,RoyalCty.E,2019-06-26 13:11:14.685201
2019-03-16,08:15,32.9,32.4,28.1,82.5,0.0,N@0.0,0.0,31.8,0.0,125,"RoyalCty.E (Royal City East), Grant County",330041,RoyalCty.E,2019-06-26 13:11:14.685201
2019-03-16,08:30,33.0,32.4,28.1,81.9,0.0,N@0.0,0.0,31.8,0.0,136,"RoyalCty.E (Royal City East), Grant County",330041,RoyalCty.E,2019-06-26 13:11:14.685201
2019-03-16,08:45,33.2,32.6,28.0,81.1,0.0,N@0.0,0.0,31.8,0.0,152,"RoyalCty.E (Royal City East), Grant County",330041,RoyalCty.E,2019-06-26 13:11:14.685201
2019-03-16,09:00,34.9,34.1,28.8,78.1,0.0,N@0.0,0.0,31.8,0.0,304,"RoyalCty.E (Royal City East), Grant County",330041,RoyalCty.E,2019-06-26 13:11:14.685201
2019-03-16,09:15,35.9,35.1,28.8,75.3,0.0,N@0.0,0.0,31.8,0.0,376,"RoyalCty.E (Royal City East), Grant County",330041,RoyalCty.E,2019-06-26 13:11:14.685201
2019-03-16,09:30,35.3,34.7,27.3,72.3,0.0,N@0.0,0.0,31.8,0.0,338,"RoyalCty.E (Royal City East), Grant County",330041,RoyalCty.E,2019-06-26 13:11:14.685201
2019-03-16,09:45,35.1,34.5,27.1,72.4,0.0,N@0.0,0.0,31.8,0.0,306,"RoyalCty.E (Royal City East), Grant County",330041,RoyalCty.E,2019-06-26 13:11:14.685201
2019-03-16,10:00,35.4,34.7,27.5,72.7,0.0,NW@1.7,7.1,31.8,0.0,417,"RoyalCty.E (Royal City East), Grant County",330041,RoyalCty.E,2019-06-26 13:11:14.685201
2019-03-16,10:15,35.4,34.7,27.4,72.4,0.0,N@0.0,0.0,31.8,0.0,383,"RoyalCty.E (Royal City East), Grant County",330041,RoyalCty.E,2019-06-26 13:11:14.685201
2019-03-16,10:30,35.8,35.0,27.7,72.2,0.0,N@0.0,0.0,31.8,0.0,389,"RoyalCty.E (Royal City East), Grant County",330041,RoyalCty.E,2019-06-26 13:11:14.685201
2019-03-16,10:45,35.8,35.2,26.8,69.6,0.0,NW@0.3,5.3,31.8,0.0,365,"RoyalCty.E (Royal City East), Grant County",330041,RoyalCty.E,2019-06-26 13:11:14.685201
2019-03-16,11:00,36.3,35.7,27.0,68.6,0.0,NW@5.0,8.5,31.8,0.0,447,"RoyalCty.E (Royal City East), Grant County",330041,RoyalCty.E,2019-06-26 13:11:14.685201
2019-03-16,11:15,36.8,36.0,27.1,67.5,0.0,NW@3.7,8.2,31.8,0.0,526,"RoyalCty.E (Royal City East), Grant County",330041,RoyalCty.E,2019-06-26 13:11:14.685201
2019-03-16,11:30,37.2,36.4,27.3,67.0,0.0,NW@0.0,1.4,31.8,0.0,536,"RoyalCty.E (Royal City East), Grant County",330041,RoyalCty.E,2019-06-26 13:11:14.685201
2019-03-16,11:45,37.8,37.3,27.6,66.5,0.0,N@0.0,0.0,31.8,0.0,511,"RoyalCty.E (Royal City East), Grant County",330041,RoyalCty.E,2019-06-26 13:11:14.685201
2019-03-16,12:00,38.2,37.7,27.6,65.4,0.0,NW@0.1,5.7,31.8,0.0,471,"RoyalCty.E (Royal City East), Grant County",330041,RoyalCty.E,2019-06-26 13:11:14.685201
2019-03-16,12:15,38.8,38.3,27.7,64.1,0.0,NW@0.1,3.9,31.8,0.0,489,"RoyalCty.E (Royal City East), Grant County",330041,RoyalCty.E,2019-06-26 13:11:14.685201
2019-03-16,12:30,39.6,38.8,27.7,62.0,0.0,NW@1.0,6.0,31.8,0.0,643,"RoyalCty.E (Royal City East), Grant County",330041,RoyalCty.E,2019-06-26 13:11:14.685201
2019-03-16,12:45,40.3,39.4,28.0,61.2,0.0,NW@2.7,7.8,31.8,0.0,645,"RoyalCty.E (Royal City East), Grant County",330041,RoyalCty.E,2019-06-26 13:11:14.685201
2019-03-16,13:00,40.9,40.4,28.0,59.5,0.0,NW@1.7,7.1,31.8,0.0,649,"RoyalCty.E (Royal City East), Grant County",330041,RoyalCty.E,2019-06-26 13:11:14.685201
2019-03-16,13:15,41.3,40.7,27.9,58.6,0.0,NW@5.0,7.8,31.8,0.0,700,"RoyalCty.E (Royal City East), Grant County",330041,RoyalCty.E,2019-06-26 13:11:14.685201
2019-03-16,13:30,41.5,40.9,28.0,58.3,0.0,NW@4.7,8.9,31.8,0.0,563,"RoyalCty.E (Royal City East), Grant County",330041,RoyalCty.E,2019-06-26 13:11:14.685201
2019-03-16,13:45,41.7,41.1,28.1,58.2,0.0,NW@4.0,8.2,31.8,0.0,531,"RoyalCty.E (Royal City East), Grant County",330041,RoyalCty.E,2019-06-26 13:11:14.685201
2019-03-16,14:00,41.7,41.3,28.2,58.4,0.0,NW@3.9,7.8,31.8,0.0,501,"RoyalCty.E (Royal City East), Grant County",330041,RoyalCty.E,2019-06-26 13:11:14.685201
2019-03-16,14:15,42.3,41.6,28.4,57.5,0.0,NW@4.5,7.8,31.8,0.0,580,"RoyalCty.E (Royal City East), Grant County",330041,RoyalCty.E,2019-06-26 13:11:14.685201
2019-03-16,14:30,42.4,42.0,28.6,57.7,0.0,NW@2.2,7.4,31.8,0.0,545,"RoyalCty.E (Royal City East), Grant County",330041,RoyalCty.E,2019-06-26 13:11:14.685201
2019-03-16,14:45,42.6,42.2,28.3,56.8,0.0,NW@0.1,3.9,31.8,0.0,587,"RoyalCty.E (Royal City East), Grant County",330041,RoyalCty.E,2019-06-26 13:11:14.685201
2019-03-16,15:00,42.2,41.4,29.7,61.0,0.0,N@0.0,0.0,31.8,0.0,400,"RoyalCty.E (Royal City East), Grant County",330041,RoyalCty.E,2019-06-26 13:11:14.685201
2019-03-16,15:15,42.3,41.5,29.7,60.8,0.0,N@0.0,0.0,31.8,0.0,370,"RoyalCty.E (Royal City East), Grant County",330041,RoyalCty.E,2019-06-26 13:11:14.685201
2019-03-16,15:30,43.0,42.0,29.7,59.2,0.0,W@0.5,4.6,31.8,0.0,594,"RoyalCty.E (Royal City East), Grant County",330041,RoyalCty.E,2019-06-26 13:11:14.685201
2019-03-16,15:45,43.5,42.6,29.8,58.1,0.0,W@1.1,4.9,31.8,0.0,580,"RoyalCty.E (Royal City East), Grant County",330041,RoyalCty.E,2019-06-26 13:11:14.685201
2019-03-16,16:00,43.4,42.6,29.6,57.9,0.0,W@0.5,4.6,31.8,0.0,458,"RoyalCty.E (Royal City East), Grant County",330041,RoyalCty.E,2019-06-26 13:11:14.685201
2019-03-16,16:15,43.1,42.4,29.6,58.5,0.0,W@1.1,4.2,31.8,0.0,397,"RoyalCty.E (Royal City East), Grant County",330041,RoyalCty.E,2019-06-26 13:11:14.685201
2019-03-16,16:30,43.4,42.7,29.4,57.6,0.0,W@0.0,3.1,31.8,0.0,400,"RoyalCty.E (Royal City East), Grant County",330041,RoyalCty.E,2019-06-26 13:11:14.685201
2019-03-16,16:45,43.3,42.7,29.3,57.4,0.0,W@0.2,3.5,31.5,0.0,337,"RoyalCty.E (Royal City East), Grant County",330041,RoyalCty.E,2019-06-26 13:11:14.685201
2019-03-16,17:00,43.6,42.9,29.3,56.9,0.0,W@0.1,2.8,31.5,0.0,368,"RoyalCty.E (Royal City East), Grant County",330041,RoyalCty.E,2019-06-26 13:11:14.685201
2019-03-16,17:15,43.2,42.6,29.5,58.0,0.0,N@0.0,0.0,31.5,0.0,307,"RoyalCty.E (Royal City East), Grant County",330041,RoyalCty.E,2019-06-26 13:11:14.685201
2019-03-16,17:30,42.7,42.1,29.4,59.2,0.0,N@0.0,0.0,31.5,0.0,205,"RoyalCty.E (Royal City East), Grant County",330041,RoyalCty.E,2019-06-26 13:11:14.685201
2019-03-16,17:45,42.0,41.5,29.7,61.6,0.0,N@0.0,0.0,31.5,0.0,166,"RoyalCty.E (Royal City East), Grant County",330041,RoyalCty.E,2019-06-26 13:11:14.685201
2019-03-16,18:00,41.2,40.8,29.7,63.4,0.0,W@0.0,1.4,31.5,0.0,100,"RoyalCty.E (Royal City East), Grant County",330041,RoyalCty.E,2019-06-26 13:11:14.685201
2019-03-16,18:15,40.3,39.9,29.7,65.6,0.0,N@0.0,0.0,31.5,0.0,60,"RoyalCty.E (Royal City East), Grant County",330041,RoyalCty.E,2019-06-26 13:11:14.685201
2019-03-16,18:30,39.5,39.1,29.9,68.3,0.0,N@0.0,0.0,31.4,0.0,43,"RoyalCty.E (Royal City East), Grant County",330041,RoyalCty.E,2019-06-26 13:11:14.685201
2019-03-16,18:45,38.8,38.4,29.9,70.0,0.0,N@0.0,0.0,31.5,0.0,24,"RoyalCty.E (Royal City East), Grant County",330041,RoyalCty.E,2019-06-26 13:11:14.685201
2019-03-16,19:00,38.6,38.2,29.6,69.8,0.0,N@0.0,0.0,31.5,0.0,9,"RoyalCty.E (Royal City East), Grant County",330041,RoyalCty.E,2019-06-26 13:11:14.685201
2019-03-16,19:15,38.4,38.0,29.5,70.2,0.0,N@0.0,0.0,31.5,0.0,2,"RoyalCty.E (Royal City East), Grant County",330041,RoyalCty.E,2019-06-26 13:11:14.685201
2019-03-16,19:30,38.2,37.8,29.5,70.5,0.0,N@0.0,0.0,31.5,0.0,0,"RoyalCty.E (Royal City East), Grant County",330041,RoyalCty.E,2019-06-26 13:11:14.685201
2019-03-16,19:45,38.1,37.7,29.4,70.7,0.0,N@0.0,0.0,31.5,0.0,0,"RoyalCty.E (Royal City East), Grant County",330041,RoyalCty.E,2019-06-26 13:11:14.685201
2019-03-16,20:00,37.8,37.4,29.3,71.3,0.0,N@0.0,0.0,31.5,0.0,0,"RoyalCty.E (Royal City East), Grant County",330041,RoyalCty.E,2019-06-26 13:11:14.685201
2019-03-16,20:15,37.4,37.0,29.4,72.8,0.0,N@0.0,0.0,31.6,0.0,0,"RoyalCty.E (Royal City East), Grant County",330041,RoyalCty.E,2019-06-26 13:11:14.685201
2019-03-16,20:30,37.6,37.2,29.5,72.3,0.0,N@0.0,0.0,31.7,0.0,0,"RoyalCty.E (Royal City East), Grant County",330041,RoyalCty.E,2019-06-26 13:11:14.685201
2019-03-16,20:45,37.8,37.4,29.5,71.6,0.0,N@0.0,0.0,31.7,0.0,0,"RoyalCty.E (Royal City East), Grant County",330041,RoyalCty.E,2019-06-26 13:11:14.685201
2019-03-16,21:00,37.5,37.1,29.5,72.5,0.0,N@0.0,0.0,31.7,0.0,0,"RoyalCty.E (Royal City East), Grant County",330041,RoyalCty.E,2019-06-26 13:11:14.685201
2019-03-16,21:15,37.1,36.7,29.8,74.6,0.0,N@0.0,0.0,31.7,0.0,0,"RoyalCty.E (Royal City East), Grant County",330041,RoyalCty.E,2019-06-26 13:11:14.685201
2019-03-16,21:30,36.7,36.3,29.7,75.6,0.0,N@0.0,0.0,31.7,0.0,0,"RoyalCty.E (Royal City East), Grant County",330041,RoyalCty.E,2019-06-26 13:11:14.685201
2019-03-16,21:45,36.2,35.9,29.8,77.5,0.0,N@0.0,0.0,31.7,0.0,0,"RoyalCty.E (Royal City East), Grant County",330041,RoyalCty.E,2019-06-26 13:11:14.685201
2019-03-16,22:00,35.7,35.3,29.8,79.0,0.0,N@0.0,0.0,31.7,0.0,0,"RoyalCty.E (Royal City East), Grant County",330041,RoyalCty.E,2019-06-26 13:11:14.685201
2019-03-16,22:15,35.3,34.8,29.9,80.5,0.0,N@0.0,0.0,31.7,0.0,0,"RoyalCty.E (Royal City East), Grant County",330041,RoyalCty.E,2019-06-26 13:11:14.685201
2019-03-16,22:30,35.2,34.9,29.8,80.5,0.0,N@0.0,0.0,31.7,0.0,0,"RoyalCty.E (Royal City East), Grant County",330041,RoyalCty.E,2019-06-26 13:11:14.685201
2019-03-16,22:45,35.5,35.0,30.0,80.2,0.0,N@0.0,0.0,31.7,0.0,0,"RoyalCty.E (Royal City East), Grant County",330041,RoyalCty.E,2019-06-26 13:11:14.685201
2019-03-16,23:00,35.8,35.4,29.9,78.7,0.0,N@0.0,0.0,31.7,0.0,0,"RoyalCty.E (Royal City East), Grant County",330041,RoyalCty.E,2019-06-26 13:11:14.685201
2019-03-16,23:15,34.2,33.8,30.0,84.5,0.0,N@0.0,0.0,31.8,0.0,0,"RoyalCty.E (Royal City East), Grant County",330041,RoyalCty.E,2019-06-26 13:11:14.685201
2019-03-16,23:30,33.7,33.3,29.7,85.1,0.0,N@0.0,0.0,31.7,0.0,0,"RoyalCty.E (Royal City East), Grant County",330041,RoyalCty.E,2019-06-26 13:11:14.685201
2019-03-16,23:45,33.6,33.2,29.8,85.7,0.0,N@0.0,0.0,31.8,0.0,0,"RoyalCty.E (Royal City East), Grant County",330041,RoyalCty.E,2019-06-26 13:11:14.685201
2019-03-16,24:00,35.6,35.3,29.9,79.4,0.0,N@0.0,0.0,31.8,0.0,0,"RoyalCty.E (Royal City East), Grant County",330041,RoyalCty.E,2019-06-26 13:11:14.685201
2019-03-17,00:15,34.7,34.4,29.8,82.3,0.0,N@0.0,0.0,31.8,0.0,0,"RoyalCty.E (Royal City East), Grant County",330041,RoyalCty.E,2019-06-26 13:11:14.685201
2019-03-17,00:30,34.4,34.1,29.9,83.2,0.0,N@0.0,0.0,31.8,0.0,0,"RoyalCty.E (Royal City East), Grant County",330041,RoyalCty.E,2019-06-26 13:11:14.685201
2019-03-17,00:45,35.2,35.0,30.4,82.5,0.0,N@0.0,0.0,31.8,0.0,0,"RoyalCty.E (Royal City East), Grant County",330041,RoyalCty.E,2019-06-26 13:11:14.685201
2019-03-17,01:00,35.5,35.3,30.4,81.5,0.0,N@0.0,0.0,31.8,0.0,0,"RoyalCty.E (Royal City East), Grant County",330041,RoyalCty.E,2019-06-26 13:11:14.685201
2019-03-17,01:15,34.7,34.3,30.4,84.1,0.0,N@0.0,0.0,31.8,0.0,0,"RoyalCty.E (Royal City East), Grant County",330041,RoyalCty.E,2019-06-26 13:11:14.685201
2019-03-17,01:30,33.9,33.2,30.5,87.4,0.0,N@0.0,0.0,31.8,0.0,0,"RoyalCty.E (Royal City East), Grant County",330041,RoyalCty.E,2019-06-26 13:11:14.685201
2019-03-17,01:45,35.4,35.0,31.0,83.8,0.0,N@0.0,0.0,31.8,0.0,0,"RoyalCty.E (Royal City East), Grant County",330041,RoyalCty.E,2019-06-26 13:11:14.685201
2019-03-17,02:00,34.9,34.3,30.2,83.1,0.0,N@0.0,0.0,31.8,0.0,0,"RoyalCty.E (Royal City East), Grant County",330041,RoyalCty.E,2019-06-26 13:11:14.685201
2019-03-17,02:15,34.1,33.6,30.6,86.7,0.0,N@0.0,0.0,31.8,0.0,0,"RoyalCty.E (Royal City East), Grant County",330041,RoyalCty.E,2019-06-26 13:11:14.685201
2019-03-17,02:30,34.3,34.0,30.4,85.5,0.0,N@0.0,0.0,31.8,0.0,0,"RoyalCty.E (Royal City East), Grant County",330041,RoyalCty.E,2019-06-26 13:11:14.685201
2019-03-17,02:45,33.7,33.2,30.7,88.7,0.04,N@0.0,0.0,31.8,0.0,0,"RoyalCty.E (Royal City East), Grant County",330041,RoyalCty.E,2019-06-26 13:11:14.685201
2019-03-17,03:00,33.6,33.1,30.5,88.2,0.06,N@0.0,0.0,31.8,0.0,0,"RoyalCty.E (Royal City East), Grant County",330041,RoyalCty.E,2019-06-26 13:11:14.685201
2019-03-17,03:15,33.5,32.9,30.7,89.5,0.07,N@0.0,0.0,31.8,0.0,0,"RoyalCty.E (Royal City East), Grant County",330041,RoyalCty.E,2019-06-26 13:11:14.685201
2019-03-17,03:30,34.9,34.5,31.0,85.7,0.02,N@0.0,0.0,31.8,0.0,0,"RoyalCty.E (Royal City East), Grant County",330041,RoyalCty.E,2019-06-26 13:11:14.685201
2019-03-17,03:45,34.8,34.4,30.9,85.3,0.0,N@0.0,0.0,31.8,0.0,0,"RoyalCty.E (Royal City East), Grant County",330041,RoyalCty.E,2019-06-26 13:11:14.685201
2019-03-17,04:00,34.0,33.5,30.7,87.6,0.0,N@0.0,0.0,31.8,0.0,0,"RoyalCty.E (Royal City East), Grant County",330041,RoyalCty.E,2019-06-26 13:11:14.685201
2019-03-17,04:15,32.0,31.4,30.0,92.8,0.03,N@0.0,0.0,31.8,0.0,0,"RoyalCty.E (Royal City East), Grant County",330041,RoyalCty.E,2019-06-26 13:11:14.685201
2019-03-17,04:30,33.4,32.9,31.4,92.5,0.03,N@0.0,0.0,31.8,0.0,0,"RoyalCty.E (Royal City East), Grant County",330041,RoyalCty.E,2019-06-26 13:11:14.685201
2019-03-17,04:45,34.6,34.2,31.3,87.8,0.0,N@0.0,0.0,31.8,0.0,0,"RoyalCty.E (Royal City East), Grant County",330041,RoyalCty.E,2019-06-26 13:11:14.685201
2019-03-17,05:00,34.7,34.3,30.8,85.5,0.0,N@0.0,0.0,31.8,0.0,0,"RoyalCty.E (Royal City East), Grant County",330041,RoyalCty.E,2019-06-26 13:11:14.685201
2019-03-17,05:15,33.2,32.7,30.9,91.2,0.0,N@0.0,0.0,31.8,0.0,0,"RoyalCty.E (Royal City East), Grant County",330041,RoyalCty.E,2019-06-26 13:11:14.685201
2019-03-17,05:30,34.0,33.6,31.1,88.9,0.0,N@0.0,0.0,31.8,0.0,0,"RoyalCty.E (Royal City East), Grant County",330041,RoyalCty.E,2019-06-26 13:11:14.685201
2019-03-17,05:45,33.3,32.8,30.6,89.8,0.0,N@0.0,0.0,31.8,0.0,0,"RoyalCty.E (Royal City East), Grant County",330041,RoyalCty.E,2019-06-26 13:11:14.685201
2019-03-17,06:00,32.3,31.8,30.3,92.1,0.0,N@0.0,0.0,31.7,0.0,0,"RoyalCty.E (Royal City East), Grant County",330041,RoyalCty.E,2019-06-26 13:11:14.685201
2019-03-17,06:15,31.7,31.3,30.2,94.5,0.0,N@0.0,0.0,31.8,0.0,0,"RoyalCty.E (Royal City East), Grant County",330041,RoyalCty.E,2019-06-26 13:11:14.685201
2019-03-17,06:30,31.4,30.9,30.4,97.0,0.0,N@0.0,0.0,31.7,0.0,0,"RoyalCty.E (Royal City East), Grant County",330041,RoyalCty.E,2019-06-26 13:11:14.685201
2019-03-17,06:45,32.3,31.8,31.0,94.8,0.0,N@0.0,0.0,31.7,0.0,0,"RoyalCty.E (Royal City East), Grant County",330041,RoyalCty.E,2019-06-26 13:11:14.685201
2019-03-17,07:00,32.7,32.3,31.2,94.1,0.0,N@0.0,0.0,31.7,0.0,0,"RoyalCty.E (Royal City East), Grant County",330041,RoyalCty.E,2019-06-26 13:11:14.685201
2019-03-17,07:15,33.5,33.0,31.3,91.7,0.0,N@0.0,0.0,31.7,0.0,3,"RoyalCty.E (Royal City East), Grant County",330041,RoyalCty.E,2019-06-26 13:11:14.685201
2019-03-17,07:30,34.0,33.6,31.3,89.7,0.0,N@0.0,0.0,31.7,0.0,17,"RoyalCty.E (Royal City East), Grant County",330041,RoyalCty.E,2019-06-26 13:11:14.685201
2019-03-17,07:45,34.0,33.5,31.3,89.5,0.0,N@0.0,0.0,31.7,0.0,42,"RoyalCty.E (Royal City East), Grant County",330041,RoyalCty.E,2019-06-26 13:11:14.685201
2019-03-17,08:00,34.0,33.5,31.4,89.9,0.0,N@0.0,0.0,31.7,0.0,79,"RoyalCty.E (Royal City East), Grant County",330041,RoyalCty.E,2019-06-26 13:11:14.685201
2019-03-17,08:15,34.9,34.4,31.5,87.3,0.0,N@0.0,0.0,31.7,0.0,128,"RoyalCty.E (Royal City East), Grant County",330041,RoyalCty.E,2019-06-26 13:11:14.685201
2019-03-17,08:30,35.6,35.1,31.4,84.2,0.0,N@0.0,0.0,31.7,0.0,170,"RoyalCty.E (Royal City East), Grant County",330041,RoyalCty.E,2019-06-26 13:11:14.685201
2019-03-17,08:45,36.4,36.0,31.2,80.9,0.0,N@0.0,0.0,31.7,0.0,200,"RoyalCty.E (Royal City East), Grant County",330041,RoyalCty.E,2019-06-26 13:11:14.685201
2019-03-17,09:00,36.6,36.2,31.2,80.8,0.0,NW@1.3,6.7,31.7,0.0,262,"RoyalCty.E (Royal City East), Grant County",330041,RoyalCty.E,2019-06-26 13:11:14.685201
2019-03-17,09:15,36.4,35.7,31.5,82.1,0.0,NW@4.1,7.1,31.7,0.0,311,"RoyalCty.E (Royal City East), Grant County",330041,RoyalCty.E,2019-06-26 13:11:14.685201
2019-03-17,09:30,36.7,36.1,32.0,82.7,0.0,NW@0.3,5.7,31.7,0.0,354,"RoyalCty.E (Royal City East), Grant County",330041,RoyalCty.E,2019-06-26 13:11:14.685201
2019-03-17,09:45,37.4,36.7,31.9,80.4,0.0,NW@0.2,5.3,31.7,0.0,395,"RoyalCty.E (Royal City East), Grant County",330041,RoyalCty.E,2019-06-26 13:11:14.685201
2019-03-17,10:00,37.9,37.1,32.0,79.0,0.0,NW@4.1,7.4,31.8,0.0,434,"RoyalCty.E (Royal City East), Grant County",330041,RoyalCty.E,2019-06-26 13:11:14.685201
2019-03-17,10:15,38.6,37.8,31.8,76.1,0.0,NW@4.4,7.1,31.8,0.0,472,"RoyalCty.E (Royal City East), Grant County",330041,RoyalCty.E,2019-06-26 13:11:14.685201
2019-03-17,10:30,39.4,38.8,31.7,73.5,0.0,NW@1.1,5.7,31.8,0.0,507,"RoyalCty.E (Royal City East), Grant County",330041,RoyalCty.E,2019-06-26 13:11:14.685201
2019-03-17,10:45,39.9,39.2,31.6,72.0,0.0,NW@3.3,7.4,31.8,0.0,539,"RoyalCty.E (Royal City East), Grant County",330041,RoyalCty.E,2019-06-26 13:11:14.685201
2019-03-17,11:00,40.8,40.1,31.5,69.1,0.0,NW@2.9,7.8,31.8,0.0,569,"RoyalCty.E (Royal City East), Grant County",330041,RoyalCty.E,2019-06-26 13:11:14.685201
2019-03-17,11:15,41.3,40.9,31.1,66.8,0.0,N@5.2,8.5,31.8,0.0,597,"RoyalCty.E (Royal City East), Grant County",330041,RoyalCty.E,2019-06-26 13:11:14.685201
2019-03-17,11:30,41.9,41.2,30.8,64.5,0.0,NW@3.2,6.4,31.8,0.0,621,"RoyalCty.E (Royal City East), Grant County",330041,RoyalCty.E,2019-06-26 13:11:14.685201
2019-03-17,11:45,42.5,41.9,31.1,63.8,0.0,NW@1.3,7.1,31.8,0.0,642,"RoyalCty.E (Royal City East), Grant County",330041,RoyalCty.E,2019-06-26 13:11:14.685201
2019-03-17,12:00,43.2,42.5,30.6,60.9,0.0,NW@1.8,6.0,31.8,0.0,661,"RoyalCty.E (Royal City East), Grant County",330041,RoyalCty.E,2019-06-26 13:11:14.685201
2019-03-17,12:15,44.0,43.5,30.7,59.4,0.0,N@0.0,0.0,31.8,0.0,676,"RoyalCty.E (Royal City East), Grant County",330041,RoyalCty.E,2019-06-26 13:11:14.685201
2019-03-17,12:30,43.7,43.6,30.5,59.4,0.0,N@0.0,3.5,31.8,0.0,688,"RoyalCty.E (Royal City East), Grant County",330041,RoyalCty.E,2019-06-26 13:11:14.685201
2019-03-17,12:45,43.8,43.5,30.8,59.9,0.0,N@3.9,7.1,31.8,0.0,696,"RoyalCty.E (Royal City East), Grant County",330041,RoyalCty.E,2019-06-26 13:11:14.685201
2019-03-17,13:00,44.1,43.9,30.8,59.2,0.0,NW@0.1,4.9,31.8,0.0,700,"RoyalCty.E (Royal City East), Grant County",330041,RoyalCty.E,2019-06-26 13:11:14.685201
2019-03-17,13:15,44.5,44.3,30.5,57.6,0.0,N@2.3,6.7,31.8,0.0,702,"RoyalCty.E (Royal City East), Grant County",330041,RoyalCty.E,2019-06-26 13:11:14.685201
2019-03-17,13:30,44.8,44.6,30.5,57.1,0.0,N@2.1,6.4,31.8,0.0,699,"RoyalCty.E (Royal City East), Grant County",330041,RoyalCty.E,2019-06-26 13:11:14.685201
2019-03-17,13:45,45.0,44.8,30.6,56.9,0.0,N@0.0,0.0,31.8,0.0,693,"RoyalCty.E (Royal City East), Grant County",330041,RoyalCty.E,2019-06-26 13:11:14.685201
2019-03-17,14:00,45.1,44.8,30.5,56.2,0.0,N@0.0,0.0,31.8,0.0,684,"RoyalCty.E (Royal City East), Grant County",330041,RoyalCty.E,2019-06-26 13:11:14.685201
2019-03-17,14:15,45.4,45.1,31.0,56.8,0.0,NW@1.0,6.7,31.6,0.0,671,"RoyalCty.E (Royal City East), Grant County",330041,RoyalCty.E,2019-06-26 13:11:14.685201
2019-03-17,14:30,45.7,45.3,31.3,56.9,0.0,NW@3.4,7.1,31.6,0.0,656,"RoyalCty.E (Royal City East), Grant County",330041,RoyalCty.E,2019-06-26 13:11:14.685201
2019-03-17,14:45,46.2,45.9,31.4,56.1,0.0,NW@1.4,6.4,31.7,0.0,636,"RoyalCty.E (Royal City East), Grant County",330041,RoyalCty.E,2019-06-26 13:11:14.685201
2019-03-17,15:00,46.4,46.0,31.7,56.2,0.0,NW@3.8,7.8,32.0,0.0,614,"RoyalCty.E (Royal City East), Grant County",330041,RoyalCty.E,2019-06-26 13:11:14.685201
2019-03-17,15:15,47.3,47.2,31.9,54.8,0.0,N@0.0,0.0,32.4,0.0,590,"RoyalCty.E (Royal City East), Grant County",330041,RoyalCty.E,2019-06-26 13:11:14.685201
2019-03-17,15:30,48.1,47.7,32.2,53.8,0.0,N@0.0,0.0,32.8,0.0,562,"RoyalCty.E (Royal City East), Grant County",330041,RoyalCty.E,2019-06-26 13:11:14.685201
2019-03-17,15:45,48.5,48.1,32.3,53.1,0.0,N@0.0,0.0,33.2,0.0,532,"RoyalCty.E (Royal City East), Grant County",330041,RoyalCty.E,2019-06-26 13:11:14.685201
2019-03-17,16:00,49.1,48.4,32.3,52.1,0.0,W@0.3,3.5,33.6,0.0,498,"RoyalCty.E (Royal City East), Grant County",330041,RoyalCty.E,2019-06-26 13:11:14.685201
2019-03-17,16:15,48.5,47.8,32.4,53.4,0.0,SW@1.5,6.0,33.9,0.0,463,"RoyalCty.E (Royal City East), Grant County",330041,RoyalCty.E,2019-06-26 13:11:14.685201
2019-03-17,16:30,48.6,48.0,31.8,51.9,0.0,W@1.4,5.3,34.0,0.0,426,"RoyalCty.E (Royal City East), Grant County",330041,RoyalCty.E,2019-06-26 13:11:14.685201
2019-03-17,16:45,48.0,47.4,31.4,52.2,0.0,W@0.7,4.6,34.1,0.0,387,"RoyalCty.E (Royal City East), Grant County",330041,RoyalCty.E,2019-06-26 13:11:14.685201
2019-03-17,17:00,48.2,47.7,31.5,52.0,0.0,W@0.6,5.3,34.2,0.0,346,"RoyalCty.E (Royal City East), Grant County",330041,RoyalCty.E,2019-06-26 13:11:14.685201
2019-03-17,17:15,48.6,48.1,31.4,51.1,0.0,N@0.0,0.0,34.2,0.0,304,"RoyalCty.E (Royal City East), Grant County",330041,RoyalCty.E,2019-06-26 13:11:14.685201
2019-03-17,17:30,47.9,47.4,31.4,52.5,0.0,N@0.0,0.0,34.3,0.0,261,"RoyalCty.E (Royal City East), Grant County",330041,RoyalCty.E,2019-06-26 13:11:14.685201
2019-03-17,17:45,46.9,46.5,31.5,54.8,0.0,N@0.0,0.0,34.3,0.0,218,"RoyalCty.E (Royal City East), Grant County",330041,RoyalCty.E,2019-06-26 13:11:14.685201
2019-03-17,18:00,46.5,46.0,31.8,56.4,0.0,N@0.0,0.0,34.3,0.0,175,"RoyalCty.E (Royal City East), Grant County",330041,RoyalCty.E,2019-06-26 13:11:14.685201
2019-03-17,18:15,46.7,46.4,31.6,55.3,0.0,N@0.0,0.0,34.3,0.0,134,"RoyalCty.E (Royal City East), Grant County",330041,RoyalCty.E,2019-06-26 13:11:14.685201
2019-03-17,18:30,46.3,46.1,31.9,56.8,0.0,N@0.0,0.0,34.3,0.0,95,"RoyalCty.E (Royal City East), Grant County",330041,RoyalCty.E,2019-06-26 13:11:14.685201
2019-03-17,18:45,45.2,44.8,32.5,60.9,0.0,N@0.0,0.0,34.2,0.0,31,"RoyalCty.E (Royal City East), Grant County",330041,RoyalCty.E,2019-06-26 13:11:14.685201
2019-03-17,19:00,44.1,43.7,32.2,62.8,0.0,N@0.0,0.0,34.1,0.0,14,"RoyalCty.E (Royal City East), Grant County",330041,RoyalCty.E,2019-06-26 13:11:14.685201
2019-03-17,19:15,43.0,42.6,32.0,64.9,0.0,N@0.0,0.0,34.0,0.0,6,"RoyalCty.E (Royal City East), Grant County",330041,RoyalCty.E,2019-06-26 13:11:14.685201
2019-03-17,19:30,41.8,41.4,32.4,69.1,0.0,N@0.0,0.0,33.8,0.0,1,"RoyalCty.E (Royal City East), Grant County",330041,RoyalCty.E,2019-06-26 13:11:14.685201
2019-03-17,19:45,40.9,40.5,32.6,72.2,0.0,N@0.0,0.0,33.5,0.0,0,"RoyalCty.E (Royal City East), Grant County",330041,RoyalCty.E,2019-06-26 13:11:14.685201
2019-03-17,20:00,40.2,39.8,32.6,73.9,0.0,N@0.0,0.0,33.3,0.0,0,"RoyalCty.E (Royal City East), Grant County",330041,RoyalCty.E,2019-06-26 13:11:14.685201
2019-03-17,20:15,39.6,39.3,32.5,75.4,0.0,N@0.0,0.0,33.1,0.0,0,"RoyalCty.E (Royal City East), Grant County",330041,RoyalCty.E,2019-06-26 13:11:14.685201
2019-03-17,20:30,38.9,38.6,32.6,77.8,0.0,N@0.0,0.0,33.0,0.0,0,"RoyalCty.E (Royal City East), Grant County",330041,RoyalCty.E,2019-06-26 13:11:14.685201
2019-03-17,20:45,38.2,37.5,32.7,80.4,0.03,N@0.0,0.0,32.9,0.0,0,"RoyalCty.E (Royal City East), Grant County",330041,RoyalCty.E,2019-06-26 13:11:14.685201
2019-03-17,21:00,36.9,36.4,33.3,86.4,0.08,N@0.0,0.0,32.8,0.0,0,"RoyalCty.E (Royal City East), Grant County",330041,RoyalCty.E,2019-06-26 13:11:14.685201
2019-03-17,21:15,38.0,37.7,32.5,80.3,0.01,N@0.0,0.0,32.7,0.0,0,"RoyalCty.E (Royal City East), Grant County",330041,RoyalCty.E,2019-06-26 13:11:14.685201
2019-03-17,21:30,37.6,37.3,32.0,79.8,0.0,N@0.0,0.0,32.6,0.0,0,"RoyalCty.E (Royal City East), Grant County",330041,RoyalCty.E,2019-06-26 13:11:14.685201
2019-03-17,21:45,37.4,37.1,31.8,79.7,0.0,N@0.0,0.0,32.5,0.0,0,"RoyalCty.E (Royal City East), Grant County",330041,RoyalCty.E,2019-06-26 13:11:14.685201
2019-03-17,22:00,38.0,37.6,31.2,76.2,0.0,N@0.0,0.0,32.5,0.0,0,"RoyalCty.E (Royal City East), Grant County",330041,RoyalCty.E,2019-06-26 13:11:14.685201
2019-03-17,22:15,37.7,37.4,30.9,76.0,0.0,N@0.0,0.0,32.4,0.0,0,"RoyalCty.E (Royal City East), Grant County",330041,RoyalCty.E,2019-06-26 13:11:14.685201
2019-03-17,22:30,38.3,37.9,30.7,73.8,0.0,N@0.0,0.0,32.4,0.0,0,"RoyalCty.E (Royal City East), Grant County",330041,RoyalCty.E,2019-06-26 13:11:14.685201
2019-03-17,22:45,39.0,38.6,30.3,70.6,0.0,N@0.0,0.0,32.3,0.0,0,"RoyalCty.E (Royal City East), Grant County",330041,RoyalCty.E,2019-06-26 13:11:14.685201
2019-03-17,23:00,38.4,38.0,30.0,71.6,0.0,N@0.0,0.0,32.3,0.0,0,"RoyalCty.E (Royal City East), Grant County",330041,RoyalCty.E,2019-06-26 13:11:14.685201
2019-03-17,23:15,37.6,36.9,30.3,74.8,0.0,N@0.0,0.0,32.3,0.0,0,"RoyalCty.E (Royal City East), Grant County",330041,RoyalCty.E,2019-06-26 13:11:14.685201
2019-03-17,23:30,37.6,37.1,30.4,74.8,0.0,N@0.0,0.0,32.3,0.0,0,"RoyalCty.E (Royal City East), Grant County",330041,RoyalCty.E,2019-06-26 13:11:14.685201
2019-03-17,23:45,35.5,35.1,30.5,81.8,0.03,N@0.0,0.0,32.3,0.0,0,"RoyalCty.E (Royal City East), Grant County",330041,RoyalCty.E,2019-06-26 13:11:14.685201
2019-03-17,24:00,34.6,34.1,30.6,84.9,0.01,N@0.0,0.0,32.2,0.0,0,"RoyalCty.E (Royal City East), Grant County",330041,RoyalCty.E,2019-06-26 13:11:14.685201
