Date,Time PST,Air Temp °F, 2<sup>nd</sup> Air Temp °F, Dew Point °F, Rel Hum %, Leaf Wet u., Wind Dir @ Speed mph, Wind Gust mph, 2 in. Soil Tmp °F, 8 in. Soil Tmp °F, Tot Prec in, Solar Rad W/m²,Location,Station ID,Station Name,Download Timestamp
2019-08-25,00:15,61.6,61.6,47.7,60.0,0.0,NW@2.5,3.5,78.2,80.1,0.0,0,"Outlook, Yakima County",310135,Outlook,2019-11-27 10:38:27.764558
2019-08-25,00:30,61.4,61.4,47.6,60.3,0.0,NW@0.2,4.9,77.9,80.1,0.0,0,"Outlook, Yakima County",310135,Outlook,2019-11-27 10:38:27.764558
2019-08-25,00:45,62.3,62.3,47.4,58.0,0.0,W@1.7,3.5,77.5,80.0,0.0,0,"Outlook, Yakima County",310135,Outlook,2019-11-27 10:38:27.764558
2019-08-25,01:00,60.7,60.7,47.4,61.4,0.0,N @0.4,3.5,77.2,80.0,0.0,0,"Outlook, Yakima County",310135,Outlook,2019-11-27 10:38:27.764558
2019-08-25,01:15,62.4,62.4,47.1,57.2,0.0,NW@1.9,6.7,76.8,79.9,0.0,0,"Outlook, Yakima County",310135,Outlook,2019-11-27 10:38:27.764558
2019-08-25,01:30,65.1,65.2,46.2,50.3,0.0,NW@9.0,14.6,76.5,79.9,0.0,0,"Outlook, Yakima County",310135,Outlook,2019-11-27 10:38:27.764558
2019-08-25,01:45,65.6,65.6,45.7,48.6,0.0,NW@11.0,16.4,76.2,79.8,0.0,0,"Outlook, Yakima County",310135,Outlook,2019-11-27 10:38:27.764558
2019-08-25,02:00,65.4,65.5,45.5,48.4,0.0,NW@11.3,15.0,76.1,79.7,0.0,0,"Outlook, Yakima County",310135,Outlook,2019-11-27 10:38:27.764558
2019-08-25,02:15,65.5,65.5,45.0,47.5,0.0,NW@12.1,16.7,75.9,79.7,0.0,0,"Outlook, Yakima County",310135,Outlook,2019-11-27 10:38:27.764558
2019-08-25,02:30,65.6,65.6,44.6,46.6,0.0,NW@10.6,14.6,75.8,79.6,0.0,0,"Outlook, Yakima County",310135,Outlook,2019-11-27 10:38:27.764558
2019-08-25,02:45,63.8,63.7,46.8,53.8,0.0,W@5.4,11.4,75.7,79.5,0.0,0,"Outlook, Yakima County",310135,Outlook,2019-11-27 10:38:27.764558
2019-08-25,03:00,60.4,60.3,48.8,65.5,0.0,NW@0.3,3.5,75.5,79.4,0.0,0,"Outlook, Yakima County",310135,Outlook,2019-11-27 10:38:27.764558
2019-08-25,03:15,59.7,59.6,49.3,68.4,0.0,E@1.5,2.8,75.3,79.4,0.0,0,"Outlook, Yakima County",310135,Outlook,2019-11-27 10:38:27.764558
2019-08-25,03:30,60.8,60.6,48.6,64.0,0.0,N @2.9,5.7,75.1,79.3,0.0,0,"Outlook, Yakima County",310135,Outlook,2019-11-27 10:38:27.764558
2019-08-25,03:45,60.7,60.6,47.7,62.2,0.0,N @0.9,3.9,75.0,79.2,0.0,0,"Outlook, Yakima County",310135,Outlook,2019-11-27 10:38:27.764558
2019-08-25,04:00,60.5,60.3,47.5,62.3,0.0,SW@0.0,1.4,74.8,79.2,0.0,0,"Outlook, Yakima County",310135,Outlook,2019-11-27 10:38:27.764558
2019-08-25,04:15,61.2,61.1,46.7,58.8,0.0,W@1.4,5.3,74.6,79.1,0.0,0,"Outlook, Yakima County",310135,Outlook,2019-11-27 10:38:27.764558
2019-08-25,04:30,63.9,63.9,44.6,49.5,0.0,NW@5.3,9.2,74.5,79.0,0.0,0,"Outlook, Yakima County",310135,Outlook,2019-11-27 10:38:27.764558
2019-08-25,04:45,64.0,64.0,45.5,50.9,0.0,W@4.1,8.2,74.3,78.9,0.0,0,"Outlook, Yakima County",310135,Outlook,2019-11-27 10:38:27.764558
2019-08-25,05:00,60.6,60.5,47.7,62.5,0.0,W@2.9,4.6,74.2,78.9,0.0,0,"Outlook, Yakima County",310135,Outlook,2019-11-27 10:38:27.764558
2019-08-25,05:15,59.6,59.5,47.4,63.8,0.0,W@1.7,4.6,74.1,78.8,0.0,4,"Outlook, Yakima County",310135,Outlook,2019-11-27 10:38:27.764558
2019-08-25,05:30,61.8,61.8,45.2,54.3,0.0,W@4.2,9.2,73.9,78.7,0.0,15,"Outlook, Yakima County",310135,Outlook,2019-11-27 10:38:27.764558
2019-08-25,05:45,62.2,62.1,45.3,53.8,0.0,NW@5.6,10.3,73.6,78.6,0.0,43,"Outlook, Yakima County",310135,Outlook,2019-11-27 10:38:27.764558
2019-08-25,06:00,64.0,63.8,44.4,48.7,0.0,NW@8.7,12.1,73.5,78.6,0.0,72,"Outlook, Yakima County",310135,Outlook,2019-11-27 10:38:27.764558
2019-08-25,06:15,65.5,65.2,43.5,44.8,0.0,NW@10.4,14.6,73.3,78.5,0.0,105,"Outlook, Yakima County",310135,Outlook,2019-11-27 10:38:27.764558
2019-08-25,06:30,66.2,65.9,43.0,42.8,0.0,NW@11.2,15.7,73.3,78.4,0.0,141,"Outlook, Yakima County",310135,Outlook,2019-11-27 10:38:27.764558
2019-08-25,06:45,66.9,66.6,42.9,41.6,0.0,NW@11.3,16.0,73.3,78.4,0.0,180,"Outlook, Yakima County",310135,Outlook,2019-11-27 10:38:27.764558
2019-08-25,07:00,67.5,67.2,42.8,40.7,0.0,NW@10.7,15.0,73.4,78.3,0.0,221,"Outlook, Yakima County",310135,Outlook,2019-11-27 10:38:27.764558
2019-08-25,07:15,67.6,67.4,43.2,41.2,0.0,NW@11.9,15.3,73.5,78.2,0.0,263,"Outlook, Yakima County",310135,Outlook,2019-11-27 10:38:27.764558
2019-08-25,07:30,67.8,67.6,43.0,40.5,0.0,NW@12.7,18.2,73.7,78.1,0.0,305,"Outlook, Yakima County",310135,Outlook,2019-11-27 10:38:27.764558
2019-08-25,07:45,68.9,68.4,43.2,39.3,0.0,NW@10.7,15.0,73.9,78.0,0.0,349,"Outlook, Yakima County",310135,Outlook,2019-11-27 10:38:27.764558
2019-08-25,08:00,69.5,69.3,42.7,37.7,0.0,NW@11.8,15.7,74.2,78.0,0.0,391,"Outlook, Yakima County",310135,Outlook,2019-11-27 10:38:27.764558
2019-08-25,08:15,70.2,69.8,42.8,37.0,0.0,NW@10.5,15.0,74.6,77.9,0.0,434,"Outlook, Yakima County",310135,Outlook,2019-11-27 10:38:27.764558
2019-08-25,08:30,70.7,70.2,42.1,35.5,0.0,NW@9.4,14.2,75.1,77.8,0.0,475,"Outlook, Yakima County",310135,Outlook,2019-11-27 10:38:27.764558
2019-08-25,08:45,71.1,70.8,41.9,34.8,0.0,NW@10.7,16.7,75.7,77.8,0.0,514,"Outlook, Yakima County",310135,Outlook,2019-11-27 10:38:27.764558
2019-08-25,09:00,72.2,71.8,40.8,32.1,0.0,NW@11.5,17.8,76.4,77.7,0.0,552,"Outlook, Yakima County",310135,Outlook,2019-11-27 10:38:27.764558
2019-08-25,09:15,72.4,72.1,40.5,31.4,0.0,NW@12.9,18.9,77.1,77.6,0.0,588,"Outlook, Yakima County",310135,Outlook,2019-11-27 10:38:27.764558
2019-08-25,09:30,73.1,72.7,40.7,31.0,0.0,NW@11.1,17.5,77.8,77.6,0.0,621,"Outlook, Yakima County",310135,Outlook,2019-11-27 10:38:27.764558
2019-08-25,09:45,72.9,72.6,40.5,30.9,0.0,NW@11.5,19.2,78.7,77.5,0.0,654,"Outlook, Yakima County",310135,Outlook,2019-11-27 10:38:27.764558
2019-08-25,10:00,73.8,73.4,39.8,29.3,0.0,NW@11.2,18.2,79.6,77.5,0.0,683,"Outlook, Yakima County",310135,Outlook,2019-11-27 10:38:27.764558
2019-08-25,10:15,74.4,74.1,39.1,27.9,0.0,NW@12.3,18.5,80.7,77.4,0.0,712,"Outlook, Yakima County",310135,Outlook,2019-11-27 10:38:27.764558
2019-08-25,10:30,74.8,74.5,39.4,27.8,0.0,NW@11.3,19.2,81.9,77.4,0.0,737,"Outlook, Yakima County",310135,Outlook,2019-11-27 10:38:27.764558
2019-08-25,10:45,76.2,75.9,38.4,25.5,0.0,NW@11.3,18.2,83.1,77.4,0.0,759,"Outlook, Yakima County",310135,Outlook,2019-11-27 10:38:27.764558
2019-08-25,11:00,76.6,76.4,38.1,24.9,0.0,W@11.3,17.8,84.3,77.4,0.0,778,"Outlook, Yakima County",310135,Outlook,2019-11-27 10:38:27.764558
2019-08-25,11:15,76.8,76.5,37.6,24.3,0.0,W@10.3,17.5,85.5,77.3,0.0,793,"Outlook, Yakima County",310135,Outlook,2019-11-27 10:38:27.764558
2019-08-25,11:30,77.5,77.2,37.3,23.4,0.0,W@8.5,15.3,86.7,77.3,0.0,804,"Outlook, Yakima County",310135,Outlook,2019-11-27 10:38:27.764558
2019-08-25,11:45,77.4,77.0,36.6,22.8,0.0,NW@9.2,16.7,87.9,77.3,0.0,813,"Outlook, Yakima County",310135,Outlook,2019-11-27 10:38:27.764558
2019-08-25,12:00,78.3,77.9,36.2,21.9,0.0,W@8.5,16.7,89.1,77.4,0.0,820,"Outlook, Yakima County",310135,Outlook,2019-11-27 10:38:27.764558
2019-08-25,12:15,78.7,78.4,37.5,22.7,0.0,W@9.1,18.2,90.1,77.4,0.0,823,"Outlook, Yakima County",310135,Outlook,2019-11-27 10:38:27.764558
2019-08-25,12:30,79.8,79.5,38.4,22.7,0.0,W@7.9,15.7,91.1,77.4,0.0,821,"Outlook, Yakima County",310135,Outlook,2019-11-27 10:38:27.764558
2019-08-25,12:45,78.2,77.9,42.5,28.1,0.0,SW@9.0,16.0,92.0,77.4,0.0,817,"Outlook, Yakima County",310135,Outlook,2019-11-27 10:38:27.764558
2019-08-25,13:00,78.4,78.1,42.8,28.2,0.0,SW@7.8,13.5,92.8,77.4,0.0,809,"Outlook, Yakima County",310135,Outlook,2019-11-27 10:38:27.764558
2019-08-25,13:15,79.0,78.8,42.5,27.3,0.0,SW@8.0,12.1,93.5,77.5,0.0,800,"Outlook, Yakima County",310135,Outlook,2019-11-27 10:38:27.764558
2019-08-25,13:30,79.6,79.4,43.2,27.5,0.0,SW@8.5,12.4,94.1,77.5,0.0,787,"Outlook, Yakima County",310135,Outlook,2019-11-27 10:38:27.764558
2019-08-25,13:45,79.6,79.3,41.3,25.6,0.0,SW@8.8,13.9,94.6,77.6,0.0,770,"Outlook, Yakima County",310135,Outlook,2019-11-27 10:38:27.764558
2019-08-25,14:00,80.3,79.9,40.5,24.2,0.0,SW@7.9,12.4,95.0,77.7,0.0,749,"Outlook, Yakima County",310135,Outlook,2019-11-27 10:38:27.764558
2019-08-25,14:15,80.8,80.5,40.3,23.6,0.0,SW@8.4,12.8,95.3,77.7,0.0,726,"Outlook, Yakima County",310135,Outlook,2019-11-27 10:38:27.764558
2019-08-25,14:30,81.3,80.9,39.2,22.3,0.0,SW@7.8,11.0,95.5,77.8,0.0,699,"Outlook, Yakima County",310135,Outlook,2019-11-27 10:38:27.764558
2019-08-25,14:45,81.5,81.2,38.1,21.2,0.0,SW@8.5,12.4,95.7,77.9,0.0,670,"Outlook, Yakima County",310135,Outlook,2019-11-27 10:38:27.764558
2019-08-25,15:00,81.9,81.6,38.5,21.3,0.0,SW@7.7,13.5,95.7,78.0,0.0,639,"Outlook, Yakima County",310135,Outlook,2019-11-27 10:38:27.764558
2019-08-25,15:15,82.0,81.7,37.2,20.1,0.0,SW@8.4,13.5,95.4,78.1,0.0,605,"Outlook, Yakima County",310135,Outlook,2019-11-27 10:38:27.764558
2019-08-25,15:30,82.2,81.9,37.0,19.8,0.0,SW@7.0,11.7,95.1,78.2,0.0,567,"Outlook, Yakima County",310135,Outlook,2019-11-27 10:38:27.764558
2019-08-25,15:45,82.2,81.9,38.0,20.6,0.0,SW@6.8,10.7,94.5,78.3,0.0,527,"Outlook, Yakima County",310135,Outlook,2019-11-27 10:38:27.764558
2019-08-25,16:00,82.5,82.2,38.4,20.8,0.0,W@6.2,11.4,93.7,78.4,0.0,486,"Outlook, Yakima County",310135,Outlook,2019-11-27 10:38:27.764558
2019-08-25,16:15,82.3,82.0,39.2,21.6,0.0,SW@5.2,8.9,92.9,78.5,0.0,442,"Outlook, Yakima County",310135,Outlook,2019-11-27 10:38:27.764558
2019-08-25,16:30,82.7,82.4,39.9,21.9,0.0,SW@4.4,9.2,92.1,78.6,0.0,398,"Outlook, Yakima County",310135,Outlook,2019-11-27 10:38:27.764558
2019-08-25,16:45,82.4,82.1,38.0,20.5,0.0,NW@6.9,13.2,91.5,78.7,0.0,353,"Outlook, Yakima County",310135,Outlook,2019-11-27 10:38:27.764558
2019-08-25,17:00,81.9,81.6,34.7,18.3,0.0,N@8.6,16.4,90.9,78.8,0.0,307,"Outlook, Yakima County",310135,Outlook,2019-11-27 10:38:27.764558
2019-08-25,17:15,81.0,80.6,35.2,19.3,0.0,N@10.9,15.3,90.3,79.0,0.0,261,"Outlook, Yakima County",310135,Outlook,2019-11-27 10:38:27.764558
2019-08-25,17:30,79.8,79.4,35.2,20.0,0.0,N@11.6,15.7,89.7,79.1,0.0,218,"Outlook, Yakima County",310135,Outlook,2019-11-27 10:38:27.764558
2019-08-25,17:45,78.4,78.0,36.2,21.7,0.0,N@11.9,16.7,89.1,79.2,0.0,173,"Outlook, Yakima County",310135,Outlook,2019-11-27 10:38:27.764558
2019-08-25,18:00,77.1,76.8,36.5,23.0,0.0,N@12.1,16.4,88.5,79.3,0.0,132,"Outlook, Yakima County",310135,Outlook,2019-11-27 10:38:27.764558
2019-08-25,18:15,76.1,75.9,36.3,23.6,0.0,N@12.7,18.5,87.9,79.4,0.0,93,"Outlook, Yakima County",310135,Outlook,2019-11-27 10:38:27.764558
2019-08-25,18:30,74.1,73.9,37.0,25.9,0.0,N@12.6,17.8,87.3,79.5,0.0,57,"Outlook, Yakima County",310135,Outlook,2019-11-27 10:38:27.764558
2019-08-25,18:45,72.9,72.8,36.9,27.0,0.0,N@12.9,19.2,86.7,79.5,0.0,23,"Outlook, Yakima County",310135,Outlook,2019-11-27 10:38:27.764558
2019-08-25,19:00,72.1,72.1,36.6,27.3,0.0,N@13.3,19.2,86.1,79.6,0.0,6,"Outlook, Yakima County",310135,Outlook,2019-11-27 10:38:27.764558
2019-08-25,19:15,71.9,72.0,35.8,26.6,0.0,NW@15.1,22.8,85.4,79.7,0.0,1,"Outlook, Yakima County",310135,Outlook,2019-11-27 10:38:27.764558
2019-08-25,19:30,71.2,71.2,35.8,27.3,0.0,NW@16.1,21.4,84.8,79.7,0.0,0,"Outlook, Yakima County",310135,Outlook,2019-11-27 10:38:27.764558
2019-08-25,19:45,70.6,70.6,35.8,27.9,0.0,NW@16.4,21.8,84.3,79.8,0.0,0,"Outlook, Yakima County",310135,Outlook,2019-11-27 10:38:27.764558
2019-08-25,20:00,70.1,70.2,35.6,28.1,0.0,NW@16.5,23.9,83.7,79.8,0.0,0,"Outlook, Yakima County",310135,Outlook,2019-11-27 10:38:27.764558
2019-08-25,20:15,69.6,69.7,35.7,28.7,0.0,NW@17.0,23.2,83.2,79.9,0.0,0,"Outlook, Yakima County",310135,Outlook,2019-11-27 10:38:27.764558
2019-08-25,20:30,69.1,69.1,36.3,29.9,0.0,NW@16.9,24.3,82.8,79.9,0.0,0,"Outlook, Yakima County",310135,Outlook,2019-11-27 10:38:27.764558
2019-08-25,20:45,68.9,69.0,36.4,30.2,0.0,NW@18.4,26.0,82.3,79.9,0.0,0,"Outlook, Yakima County",310135,Outlook,2019-11-27 10:38:27.764558
2019-08-25,21:00,68.6,68.7,36.4,30.5,0.0,NW@19.4,26.4,81.9,80.0,0.0,0,"Outlook, Yakima County",310135,Outlook,2019-11-27 10:38:27.764558
2019-08-25,21:15,68.5,68.6,36.6,30.8,0.0,NW@19.9,28.6,81.4,80.0,0.0,0,"Outlook, Yakima County",310135,Outlook,2019-11-27 10:38:27.764558
2019-08-25,21:30,68.1,68.2,36.7,31.4,0.0,NW@19.7,27.5,81.1,80.0,0.0,0,"Outlook, Yakima County",310135,Outlook,2019-11-27 10:38:27.764558
2019-08-25,21:45,67.5,67.6,36.7,32.1,0.0,NW@19.1,25.7,80.7,80.0,0.0,0,"Outlook, Yakima County",310135,Outlook,2019-11-27 10:38:27.764558
2019-08-25,22:00,67.1,67.2,36.5,32.2,0.0,NW@17.4,25.0,80.3,79.9,0.0,0,"Outlook, Yakima County",310135,Outlook,2019-11-27 10:38:27.764558
2019-08-25,22:15,66.2,66.2,36.7,33.5,0.0,NW@13.1,20.3,80.0,79.9,0.0,0,"Outlook, Yakima County",310135,Outlook,2019-11-27 10:38:27.764558
2019-08-25,22:30,64.9,64.9,36.9,35.4,0.0,NW@5.5,9.6,79.7,79.9,0.0,0,"Outlook, Yakima County",310135,Outlook,2019-11-27 10:38:27.764558
2019-08-25,22:45,64.4,64.4,37.3,36.6,0.0,SW@6.2,9.9,79.3,79.9,0.0,0,"Outlook, Yakima County",310135,Outlook,2019-11-27 10:38:27.764558
2019-08-25,23:00,63.7,63.7,37.7,38.1,0.0,SW@5.7,10.3,78.9,79.9,0.0,0,"Outlook, Yakima County",310135,Outlook,2019-11-27 10:38:27.764558
2019-08-26,23:15,62.2,62.2,37.5,39.8,0.0,NW@2.8,7.4,78.5,79.8,0.0,0,"Outlook, Yakima County",310135,Outlook,2019-11-27 10:38:27.764558
2019-08-26,23:30,62.3,62.3,38.1,40.7,0.0,W@7.4,11.7,78.2,79.8,0.0,0,"Outlook, Yakima County",310135,Outlook,2019-11-27 10:38:27.764558
2019-08-26,23:45,63.3,63.3,38.1,39.3,0.0,NW@11.1,18.5,77.8,79.7,0.0,0,"Outlook, Yakima County",310135,Outlook,2019-11-27 10:38:27.764558
2019-08-26,24:00,63.3,63.4,37.8,38.8,0.0,NW@11.0,14.6,77.4,79.7,0.0,0,"Outlook, Yakima County",310135,Outlook,2019-11-27 10:38:27.764558
2019-08-26,00:15,62.9,62.9,37.8,39.4,0.0,NW@10.8,13.5,77.1,79.7,0.0,0,"Outlook, Yakima County",310135,Outlook,2019-11-27 10:38:27.764558
2019-08-26,00:30,62.5,62.5,37.7,39.7,0.0,NW@9.8,13.5,76.9,79.6,0.0,0,"Outlook, Yakima County",310135,Outlook,2019-11-27 10:38:27.764558
2019-08-26,00:45,62.2,62.2,37.7,40.2,0.0,NW@7.2,12.8,76.6,79.5,0.0,0,"Outlook, Yakima County",310135,Outlook,2019-11-27 10:38:27.764558
2019-08-26,01:00,62.5,62.5,38.1,40.3,0.0,W@2.5,6.7,76.4,79.5,0.0,0,"Outlook, Yakima County",310135,Outlook,2019-11-27 10:38:27.764558
2019-08-26,01:15,62.8,62.7,38.7,40.9,0.0,N@3.2,7.8,76.1,79.4,0.0,0,"Outlook, Yakima County",310135,Outlook,2019-11-27 10:38:27.764558
2019-08-26,01:30,62.5,62.5,39.2,42.2,0.0,NW@7.2,10.7,75.7,79.4,0.0,0,"Outlook, Yakima County",310135,Outlook,2019-11-27 10:38:27.764558
2019-08-26,01:45,62.9,63.0,39.6,42.1,0.0,N@8.8,13.2,75.5,79.3,0.0,0,"Outlook, Yakima County",310135,Outlook,2019-11-27 10:38:27.764558
2019-08-26,02:00,63.4,63.5,39.7,41.7,0.0,N@9.6,15.7,75.2,79.2,0.0,0,"Outlook, Yakima County",310135,Outlook,2019-11-27 10:38:27.764558
2019-08-26,02:15,61.8,61.8,39.7,44.1,0.0,N@7.8,11.4,75.1,79.2,0.0,0,"Outlook, Yakima County",310135,Outlook,2019-11-27 10:38:27.764558
2019-08-26,02:30,60.6,60.6,39.5,45.7,0.0,N@6.5,9.6,74.9,79.1,0.0,0,"Outlook, Yakima County",310135,Outlook,2019-11-27 10:38:27.764558
2019-08-26,02:45,61.0,61.1,39.5,45.0,0.0,NW@7.2,11.4,74.7,79.0,0.0,0,"Outlook, Yakima County",310135,Outlook,2019-11-27 10:38:27.764558
2019-08-26,03:00,62.6,62.7,39.1,41.8,0.0,NW@7.6,10.3,74.5,79.0,0.0,0,"Outlook, Yakima County",310135,Outlook,2019-11-27 10:38:27.764558
2019-08-26,03:15,61.9,62.0,39.2,43.0,0.0,NW@6.4,9.9,74.3,78.9,0.0,0,"Outlook, Yakima County",310135,Outlook,2019-11-27 10:38:27.764558
2019-08-26,03:30,58.3,58.3,41.0,52.5,0.0,NE@2.4,4.9,74.1,78.8,0.0,0,"Outlook, Yakima County",310135,Outlook,2019-11-27 10:38:27.764558
2019-08-26,03:45,57.0,57.2,39.7,52.2,0.0,NW@4.7,6.7,73.8,78.8,0.0,0,"Outlook, Yakima County",310135,Outlook,2019-11-27 10:38:27.764558
2019-08-26,04:00,56.5,56.5,40.4,54.8,0.0,SE@0.9,3.1,73.6,78.7,0.0,0,"Outlook, Yakima County",310135,Outlook,2019-11-27 10:38:27.764558
2019-08-26,04:15,57.0,56.9,40.2,53.3,0.0,N@2.4,5.3,73.3,78.6,0.0,0,"Outlook, Yakima County",310135,Outlook,2019-11-27 10:38:27.764558
2019-08-26,04:30,58.5,58.7,39.5,49.1,0.0,NW@3.1,6.0,73.0,78.6,0.0,0,"Outlook, Yakima County",310135,Outlook,2019-11-27 10:38:27.764558
2019-08-26,04:45,58.1,58.0,39.5,49.8,0.0,SW@2.2,5.3,72.8,78.5,0.0,0,"Outlook, Yakima County",310135,Outlook,2019-11-27 10:38:27.764558
2019-08-26,05:00,56.9,56.8,39.7,52.5,0.0,SE@1.2,4.9,72.5,78.4,0.0,1,"Outlook, Yakima County",310135,Outlook,2019-11-27 10:38:27.764558
2019-08-26,05:15,55.8,55.7,40.3,55.9,0.0,E@1.1,3.5,72.2,78.4,0.0,4,"Outlook, Yakima County",310135,Outlook,2019-11-27 10:38:27.764558
2019-08-26,05:30,55.3,55.2,41.3,59.1,0.0,SE@1.3,3.9,71.9,78.3,0.0,14,"Outlook, Yakima County",310135,Outlook,2019-11-27 10:38:27.764558
2019-08-26,05:45,55.2,55.1,41.6,60.0,0.0,SE@1.4,3.5,71.7,78.2,0.0,42,"Outlook, Yakima County",310135,Outlook,2019-11-27 10:38:27.764558
2019-08-26,06:00,55.6,55.4,41.9,59.8,0.0,N @0.0,0.0,71.5,78.1,0.0,70,"Outlook, Yakima County",310135,Outlook,2019-11-27 10:38:27.764558
2019-08-26,06:15,57.0,56.8,42.4,57.8,0.0,N @0.0,0.0,71.3,78.0,0.0,103,"Outlook, Yakima County",310135,Outlook,2019-11-27 10:38:27.764558
2019-08-26,06:30,59.1,58.4,42.1,53.1,0.0,N @0.0,0.0,71.2,78.0,0.0,140,"Outlook, Yakima County",310135,Outlook,2019-11-27 10:38:27.764558
2019-08-26,06:45,60.7,60.0,42.2,50.4,0.0,SW@1.3,4.2,71.2,77.9,0.0,179,"Outlook, Yakima County",310135,Outlook,2019-11-27 10:38:27.764558
2019-08-26,07:00,62.3,61.8,43.5,50.1,0.0,SW@3.3,5.3,71.3,77.8,0.0,219,"Outlook, Yakima County",310135,Outlook,2019-11-27 10:38:27.764558
2019-08-26,07:15,63.0,62.6,44.6,51.1,0.0,S@3.3,6.0,71.5,77.8,0.0,261,"Outlook, Yakima County",310135,Outlook,2019-11-27 10:38:27.764558
2019-08-26,07:30,63.4,63.1,45.8,52.6,0.0,SW@3.4,6.0,71.8,77.7,0.0,303,"Outlook, Yakima County",310135,Outlook,2019-11-27 10:38:27.764558
2019-08-26,07:45,64.1,63.9,46.5,52.8,0.0,S@2.6,4.6,72.1,77.6,0.0,346,"Outlook, Yakima County",310135,Outlook,2019-11-27 10:38:27.764558
2019-08-26,08:00,65.0,64.7,47.4,52.8,0.0,S@3.4,5.7,72.5,77.5,0.0,388,"Outlook, Yakima County",310135,Outlook,2019-11-27 10:38:27.764558
2019-08-26,08:15,64.9,64.6,48.5,55.2,0.0,S@3.8,6.7,73.0,77.4,0.0,429,"Outlook, Yakima County",310135,Outlook,2019-11-27 10:38:27.764558
2019-08-26,08:30,66.0,65.7,47.5,51.3,0.0,S@3.7,7.1,73.6,77.4,0.0,469,"Outlook, Yakima County",310135,Outlook,2019-11-27 10:38:27.764558
2019-08-26,08:45,66.9,66.5,46.3,47.6,0.0,SW@4.7,7.1,74.3,77.3,0.0,508,"Outlook, Yakima County",310135,Outlook,2019-11-27 10:38:27.764558
2019-08-26,09:00,68.3,67.9,46.5,45.6,0.0,SW@4.6,7.1,75.1,77.2,0.0,546,"Outlook, Yakima County",310135,Outlook,2019-11-27 10:38:27.764558
2019-08-26,09:15,68.8,68.5,46.0,43.9,0.0,SW@5.0,7.4,76.0,77.1,0.0,582,"Outlook, Yakima County",310135,Outlook,2019-11-27 10:38:27.764558
2019-08-26,09:30,70.0,69.6,45.7,41.6,0.0,SW@5.2,8.2,76.9,77.1,0.0,616,"Outlook, Yakima County",310135,Outlook,2019-11-27 10:38:27.764558
2019-08-26,09:45,71.4,71.1,44.6,38.1,0.0,SW@4.5,7.1,77.9,77.0,0.0,648,"Outlook, Yakima County",310135,Outlook,2019-11-27 10:38:27.764558
2019-08-26,10:00,71.8,71.5,44.4,37.2,0.0,SW@5.1,8.2,79.1,77.0,0.0,677,"Outlook, Yakima County",310135,Outlook,2019-11-27 10:38:27.764558
2019-08-26,10:15,72.1,71.8,43.8,36.1,0.0,S@5.3,8.2,80.3,76.9,0.0,702,"Outlook, Yakima County",310135,Outlook,2019-11-27 10:38:27.764558
2019-08-26,10:30,72.8,72.4,42.8,34.0,0.0,SW@4.6,7.4,81.6,76.9,0.0,726,"Outlook, Yakima County",310135,Outlook,2019-11-27 10:38:27.764558
2019-08-26,10:45,73.3,72.9,43.3,34.1,0.0,SW@5.3,9.2,82.9,76.9,0.0,748,"Outlook, Yakima County",310135,Outlook,2019-11-27 10:38:27.764558
2019-08-26,11:00,74.2,73.9,43.2,32.8,0.0,SW@4.8,7.4,84.3,76.8,0.0,767,"Outlook, Yakima County",310135,Outlook,2019-11-27 10:38:27.764558
2019-08-26,11:15,74.9,74.5,42.4,31.2,0.0,SW@5.1,11.0,85.7,76.9,0.0,785,"Outlook, Yakima County",310135,Outlook,2019-11-27 10:38:27.764558
2019-08-26,11:30,75.6,75.3,42.9,31.1,0.0,SW@5.2,9.2,87.0,76.8,0.0,798,"Outlook, Yakima County",310135,Outlook,2019-11-27 10:38:27.764558
2019-08-26,11:45,75.9,75.5,43.2,31.0,0.0,SW@5.2,8.5,88.2,76.8,0.0,808,"Outlook, Yakima County",310135,Outlook,2019-11-27 10:38:27.764558
2019-08-26,12:00,76.3,76.0,43.0,30.4,0.0,SW@5.0,8.2,89.5,76.9,0.0,815,"Outlook, Yakima County",310135,Outlook,2019-11-27 10:38:27.764558
2019-08-26,12:15,76.8,76.5,42.7,29.6,0.0,SW@5.4,9.2,90.6,76.9,0.0,817,"Outlook, Yakima County",310135,Outlook,2019-11-27 10:38:27.764558
2019-08-26,12:30,77.9,77.6,42.8,28.6,0.0,SW@5.1,9.9,91.7,76.9,0.0,817,"Outlook, Yakima County",310135,Outlook,2019-11-27 10:38:27.764558
2019-08-26,12:45,78.0,77.6,43.0,28.8,0.0,SW@6.1,9.6,92.6,76.9,0.0,814,"Outlook, Yakima County",310135,Outlook,2019-11-27 10:38:27.764558
2019-08-26,13:00,78.4,78.0,42.0,27.4,0.0,SW@5.5,8.9,93.4,77.0,0.0,806,"Outlook, Yakima County",310135,Outlook,2019-11-27 10:38:27.764558
2019-08-26,13:15,78.7,78.4,43.1,28.3,0.0,SW@6.2,9.9,94.1,77.1,0.0,794,"Outlook, Yakima County",310135,Outlook,2019-11-27 10:38:27.764558
2019-08-26,13:30,79.0,78.7,42.7,27.4,0.0,SW@5.9,9.9,94.7,77.1,0.0,780,"Outlook, Yakima County",310135,Outlook,2019-11-27 10:38:27.764558
2019-08-26,13:45,79.4,79.1,41.6,26.1,0.0,SW@5.9,8.9,95.2,77.2,0.0,764,"Outlook, Yakima County",310135,Outlook,2019-11-27 10:38:27.764558
2019-08-26,14:00,79.6,79.2,42.0,26.3,0.0,SW@6.0,9.9,95.6,77.3,0.0,743,"Outlook, Yakima County",310135,Outlook,2019-11-27 10:38:27.764558
2019-08-26,14:15,79.9,79.7,42.2,26.2,0.0,SW@5.9,9.6,95.9,77.4,0.0,719,"Outlook, Yakima County",310135,Outlook,2019-11-27 10:38:27.764558
2019-08-26,14:30,79.9,79.6,41.8,25.8,0.0,SW@4.4,8.9,96.1,77.5,0.0,692,"Outlook, Yakima County",310135,Outlook,2019-11-27 10:38:27.764558
2019-08-26,14:45,80.4,80.0,42.2,25.8,0.0,SW@5.6,8.5,96.2,77.5,0.0,664,"Outlook, Yakima County",310135,Outlook,2019-11-27 10:38:27.764558
2019-08-26,15:00,80.4,80.0,42.1,25.6,0.0,SW@5.2,8.9,96.1,77.7,0.0,633,"Outlook, Yakima County",310135,Outlook,2019-11-27 10:38:27.764558
2019-08-26,15:15,80.3,79.9,41.7,25.3,0.0,SW@4.6,9.6,95.9,77.8,0.0,599,"Outlook, Yakima County",310135,Outlook,2019-11-27 10:38:27.764558
2019-08-26,15:30,80.3,79.9,41.9,25.6,0.0,SW@4.8,8.2,95.6,77.9,0.0,562,"Outlook, Yakima County",310135,Outlook,2019-11-27 10:38:27.764558
2019-08-26,15:45,80.7,80.4,41.8,25.1,0.0,W@4.8,8.2,95.0,78.0,0.0,524,"Outlook, Yakima County",310135,Outlook,2019-11-27 10:38:27.764558
2019-08-26,16:00,80.1,79.8,41.6,25.4,0.0,SW@4.2,7.1,94.3,78.1,0.0,483,"Outlook, Yakima County",310135,Outlook,2019-11-27 10:38:27.764558
2019-08-26,16:15,80.1,79.8,42.5,26.3,0.0,S@3.8,6.4,93.3,78.2,0.0,439,"Outlook, Yakima County",310135,Outlook,2019-11-27 10:38:27.764558
2019-08-26,16:30,80.0,79.8,42.2,26.1,0.0,S@2.9,6.0,92.5,78.4,0.0,394,"Outlook, Yakima County",310135,Outlook,2019-11-27 10:38:27.764558
2019-08-26,16:45,80.1,79.9,42.7,26.6,0.0,S@3.2,5.3,91.7,78.5,0.0,350,"Outlook, Yakima County",310135,Outlook,2019-11-27 10:38:27.764558
2019-08-26,17:00,79.7,79.4,43.1,27.2,0.0,S@3.1,5.3,91.0,78.6,0.0,306,"Outlook, Yakima County",310135,Outlook,2019-11-27 10:38:27.764558
2019-08-26,17:15,79.3,79.0,44.3,28.9,0.0,S@3.4,6.0,90.4,78.7,0.0,259,"Outlook, Yakima County",310135,Outlook,2019-11-27 10:38:27.764558
2019-08-26,17:30,78.7,78.4,45.0,30.4,0.0,S@2.9,4.9,89.8,78.8,0.0,213,"Outlook, Yakima County",310135,Outlook,2019-11-27 10:38:27.764558
2019-08-26,17:45,78.5,78.3,44.8,30.3,0.0,S@1.8,4.6,89.2,78.9,0.0,170,"Outlook, Yakima County",310135,Outlook,2019-11-27 10:38:27.764558
2019-08-26,18:00,77.7,77.6,45.5,31.9,0.0,S@1.0,3.5,88.6,79.0,0.0,127,"Outlook, Yakima County",310135,Outlook,2019-11-27 10:38:27.764558
2019-08-26,18:15,77.1,77.1,46.3,33.6,0.0,N @0.0,0.0,88.0,79.2,0.0,89,"Outlook, Yakima County",310135,Outlook,2019-11-27 10:38:27.764558
2019-08-26,18:30,75.2,75.6,46.0,35.5,0.0,N @1.3,3.1,87.4,79.3,0.0,53,"Outlook, Yakima County",310135,Outlook,2019-11-27 10:38:27.764558
2019-08-26,18:45,73.1,73.3,44.6,36.0,0.0,N @2.5,3.5,86.7,79.4,0.0,20,"Outlook, Yakima County",310135,Outlook,2019-11-27 10:38:27.764558
2019-08-26,19:00,70.2,70.1,43.3,37.7,0.0,N @4.4,7.8,86.1,79.4,0.0,5,"Outlook, Yakima County",310135,Outlook,2019-11-27 10:38:27.764558
2019-08-26,19:15,68.4,68.4,42.3,38.7,0.0,N @7.8,9.9,85.4,79.5,0.0,1,"Outlook, Yakima County",310135,Outlook,2019-11-27 10:38:27.764558
2019-08-26,19:30,67.5,67.3,42.3,39.9,0.0,N @8.5,10.3,84.7,79.6,0.0,0,"Outlook, Yakima County",310135,Outlook,2019-11-27 10:38:27.764558
2019-08-26,19:45,66.8,66.7,42.3,40.8,0.0,N @8.8,10.3,84.1,79.7,0.0,0,"Outlook, Yakima County",310135,Outlook,2019-11-27 10:38:27.764558
2019-08-26,20:00,66.7,66.6,41.3,39.4,0.0,N @8.8,10.7,83.5,79.7,0.0,0,"Outlook, Yakima County",310135,Outlook,2019-11-27 10:38:27.764558
2019-08-26,20:15,66.9,66.8,40.0,37.2,0.0,N @8.1,9.6,83.0,79.8,0.0,0,"Outlook, Yakima County",310135,Outlook,2019-11-27 10:38:27.764558
2019-08-26,20:30,68.0,67.9,40.2,36.1,0.0,N @8.0,9.9,82.5,79.8,0.0,0,"Outlook, Yakima County",310135,Outlook,2019-11-27 10:38:27.764558
2019-08-26,20:45,67.6,67.5,40.2,36.7,0.0,N @8.1,9.9,82.0,79.9,0.0,0,"Outlook, Yakima County",310135,Outlook,2019-11-27 10:38:27.764558
2019-08-26,21:00,66.8,66.7,38.8,35.7,0.0,N @7.6,9.2,81.6,79.9,0.0,0,"Outlook, Yakima County",310135,Outlook,2019-11-27 10:38:27.764558
2019-08-26,21:15,66.7,66.6,38.0,34.7,0.0,N @7.7,9.6,81.2,79.9,0.0,0,"Outlook, Yakima County",310135,Outlook,2019-11-27 10:38:27.764558
2019-08-26,21:30,66.0,65.9,38.0,35.6,0.0,N @8.6,9.9,80.8,79.9,0.0,0,"Outlook, Yakima County",310135,Outlook,2019-11-27 10:38:27.764558
2019-08-26,21:45,66.5,66.4,38.6,35.8,0.0,N @8.0,9.9,80.4,79.9,0.0,0,"Outlook, Yakima County",310135,Outlook,2019-11-27 10:38:27.764558
2019-08-26,22:00,66.0,65.8,39.1,37.1,0.0,N @8.4,10.3,80.0,79.9,0.0,0,"Outlook, Yakima County",310135,Outlook,2019-11-27 10:38:27.764558
2019-08-26,22:15,65.2,65.1,39.4,38.5,0.0,N @8.6,10.7,79.7,79.9,0.0,0,"Outlook, Yakima County",310135,Outlook,2019-11-27 10:38:27.764558
2019-08-26,22:30,65.7,65.6,39.3,37.9,0.0,N @7.9,9.9,79.3,79.9,0.0,0,"Outlook, Yakima County",310135,Outlook,2019-11-27 10:38:27.764558
2019-08-26,22:45,64.7,64.6,39.4,39.3,0.0,N @7.7,9.2,79.0,79.9,0.0,0,"Outlook, Yakima County",310135,Outlook,2019-11-27 10:38:27.764558
2019-08-26,23:00,63.9,63.8,39.3,40.3,0.0,N @8.3,10.3,78.7,79.8,0.0,0,"Outlook, Yakima County",310135,Outlook,2019-11-27 10:38:27.764558
2019-08-27,23:15,64.9,64.8,39.3,38.9,0.0,N@5.5,10.3,78.4,79.8,0.0,0,"Outlook, Yakima County",310135,Outlook,2019-11-27 10:38:27.764558
2019-08-27,23:30,63.9,63.9,39.2,40.1,0.0,N @5.4,7.4,78.1,79.8,0.0,0,"Outlook, Yakima County",310135,Outlook,2019-11-27 10:38:27.764558
2019-08-27,23:45,64.5,64.2,39.6,39.8,0.0,N @4.4,6.7,77.8,79.7,0.0,0,"Outlook, Yakima County",310135,Outlook,2019-11-27 10:38:27.764558
2019-08-27,24:00,63.8,63.7,39.2,40.2,0.0,N@6.4,9.6,77.5,79.7,0.0,0,"Outlook, Yakima County",310135,Outlook,2019-11-27 10:38:27.764558
2019-08-27,00:15,64.3,64.2,38.8,38.9,0.0,N @8.3,10.3,77.2,79.6,0.0,0,"Outlook, Yakima County",310135,Outlook,2019-11-27 10:38:27.764558
2019-08-27,00:30,64.4,64.2,38.2,38.0,0.0,N@6.9,9.9,76.9,79.6,0.0,0,"Outlook, Yakima County",310135,Outlook,2019-11-27 10:38:27.764558
2019-08-27,00:45,63.5,63.4,38.4,39.4,0.0,N@6.2,8.2,76.7,79.5,0.0,0,"Outlook, Yakima County",310135,Outlook,2019-11-27 10:38:27.764558
2019-08-27,01:00,64.1,63.9,38.9,39.4,0.0,N @4.2,7.8,76.4,79.5,0.0,0,"Outlook, Yakima County",310135,Outlook,2019-11-27 10:38:27.764558
2019-08-27,01:15,64.7,64.5,39.8,39.9,0.0,N @2.6,4.6,76.2,79.4,0.0,0,"Outlook, Yakima County",310135,Outlook,2019-11-27 10:38:27.764558
2019-08-27,01:30,63.6,63.6,40.8,43.1,0.0,NE@2.5,3.9,75.9,79.4,0.0,0,"Outlook, Yakima County",310135,Outlook,2019-11-27 10:38:27.764558
2019-08-27,01:45,62.7,62.7,40.7,44.4,0.0,NE@1.4,3.5,75.6,79.3,0.0,0,"Outlook, Yakima County",310135,Outlook,2019-11-27 10:38:27.764558
2019-08-27,02:00,63.6,63.6,40.4,42.4,0.0,NE@3.1,4.2,75.2,79.3,0.0,0,"Outlook, Yakima County",310135,Outlook,2019-11-27 10:38:27.764558
2019-08-27,02:15,63.4,63.3,38.8,40.1,0.0,NE@2.0,3.5,74.9,79.2,0.0,0,"Outlook, Yakima County",310135,Outlook,2019-11-27 10:38:27.764558
2019-08-27,02:30,62.4,62.4,38.8,41.6,0.0,NE@2.8,3.9,74.7,79.1,0.0,0,"Outlook, Yakima County",310135,Outlook,2019-11-27 10:38:27.764558
2019-08-27,02:45,61.9,61.7,39.5,43.6,0.0,N @3.3,4.6,74.4,79.1,0.0,0,"Outlook, Yakima County",310135,Outlook,2019-11-27 10:38:27.764558
2019-08-27,03:00,62.5,62.2,37.7,39.8,0.0,N @2.2,6.0,74.1,79.0,0.0,0,"Outlook, Yakima County",310135,Outlook,2019-11-27 10:38:27.764558
2019-08-27,03:15,61.5,61.5,39.5,44.1,0.0,N @0.0,0.0,73.8,78.9,0.0,0,"Outlook, Yakima County",310135,Outlook,2019-11-27 10:38:27.764558
2019-08-27,03:30,61.0,61.0,41.0,47.7,0.0,NE@1.5,3.9,73.6,78.9,0.0,0,"Outlook, Yakima County",310135,Outlook,2019-11-27 10:38:27.764558
2019-08-27,03:45,61.5,61.5,41.3,47.2,0.0,NE@2.3,3.5,73.3,78.8,0.0,0,"Outlook, Yakima County",310135,Outlook,2019-11-27 10:38:27.764558
2019-08-27,04:00,61.0,61.0,39.0,44.0,0.0,NE@2.7,4.2,73.1,78.7,0.0,0,"Outlook, Yakima County",310135,Outlook,2019-11-27 10:38:27.764558
2019-08-27,04:15,61.0,61.2,39.9,45.5,0.0,NE@0.7,4.2,72.9,78.7,0.0,0,"Outlook, Yakima County",310135,Outlook,2019-11-27 10:38:27.764558
2019-08-27,04:30,61.2,61.1,41.3,47.8,0.0,S@0.3,2.8,72.6,78.6,0.0,0,"Outlook, Yakima County",310135,Outlook,2019-11-27 10:38:27.764558
2019-08-27,04:45,59.4,59.5,41.3,51.0,0.0,N@0.9,4.2,72.4,78.5,0.0,0,"Outlook, Yakima County",310135,Outlook,2019-11-27 10:38:27.764558
2019-08-27,05:00,58.0,57.7,41.3,53.6,0.0,NE@1.8,4.2,72.1,78.4,0.0,0,"Outlook, Yakima County",310135,Outlook,2019-11-27 10:38:27.764558
2019-08-27,05:15,57.3,56.8,41.1,54.7,0.0,N @4.2,5.7,71.9,78.4,0.0,3,"Outlook, Yakima County",310135,Outlook,2019-11-27 10:38:27.764558
2019-08-27,05:30,59.0,58.7,41.3,51.8,0.0,N @5.7,6.7,71.6,78.3,0.0,11,"Outlook, Yakima County",310135,Outlook,2019-11-27 10:38:27.764558
2019-08-27,05:45,61.0,60.8,40.4,46.5,0.0,N@3.8,6.7,71.5,78.2,0.0,39,"Outlook, Yakima County",310135,Outlook,2019-11-27 10:38:27.764558
2019-08-27,06:00,62.3,62.1,40.4,44.3,0.0,N@1.2,4.2,71.4,78.1,0.0,69,"Outlook, Yakima County",310135,Outlook,2019-11-27 10:38:27.764558
2019-08-27,06:15,62.1,61.7,41.8,47.2,0.0,N @0.0,0.0,71.3,78.0,0.0,101,"Outlook, Yakima County",310135,Outlook,2019-11-27 10:38:27.764558
2019-08-27,06:30,62.7,62.2,42.2,47.0,0.0,W@0.4,3.1,71.3,77.9,0.0,137,"Outlook, Yakima County",310135,Outlook,2019-11-27 10:38:27.764558
2019-08-27,06:45,63.8,63.1,42.6,46.0,0.0,W@1.6,3.9,71.3,77.9,0.0,175,"Outlook, Yakima County",310135,Outlook,2019-11-27 10:38:27.764558
2019-08-27,07:00,65.0,64.4,42.7,44.2,0.0,SW@0.6,3.5,71.4,77.8,0.0,216,"Outlook, Yakima County",310135,Outlook,2019-11-27 10:38:27.764558
2019-08-27,07:15,65.8,65.4,44.8,46.6,0.0,S@2.2,4.2,71.6,77.7,0.0,257,"Outlook, Yakima County",310135,Outlook,2019-11-27 10:38:27.764558
2019-08-27,07:30,66.8,66.4,45.3,45.8,0.0,S@0.3,3.9,71.9,77.6,0.0,300,"Outlook, Yakima County",310135,Outlook,2019-11-27 10:38:27.764558
2019-08-27,07:45,69.4,69.1,47.3,45.3,0.0,S@2.1,4.9,72.3,77.5,0.0,342,"Outlook, Yakima County",310135,Outlook,2019-11-27 10:38:27.764558
2019-08-27,08:00,69.1,68.8,48.5,47.8,0.0,SW@3.0,4.6,72.8,77.5,0.0,384,"Outlook, Yakima County",310135,Outlook,2019-11-27 10:38:27.764558
2019-08-27,08:15,69.3,69.0,50.3,50.8,0.0,S@3.2,5.7,73.3,77.4,0.0,424,"Outlook, Yakima County",310135,Outlook,2019-11-27 10:38:27.764558
2019-08-27,08:30,70.2,69.8,50.9,50.4,0.0,SW@3.3,5.7,74.0,77.3,0.0,464,"Outlook, Yakima County",310135,Outlook,2019-11-27 10:38:27.764558
2019-08-27,08:45,70.5,70.1,49.7,47.7,0.0,SW@3.8,6.7,74.7,77.2,0.0,503,"Outlook, Yakima County",310135,Outlook,2019-11-27 10:38:27.764558
2019-08-27,09:00,71.4,71.0,50.9,48.2,0.0,SW@4.5,7.1,75.6,77.2,0.0,541,"Outlook, Yakima County",310135,Outlook,2019-11-27 10:38:27.764558
2019-08-27,09:15,72.6,72.2,50.7,46.0,0.0,SW@5.1,7.4,76.5,77.1,0.0,576,"Outlook, Yakima County",310135,Outlook,2019-11-27 10:38:27.764558
2019-08-27,09:30,73.0,72.6,50.1,44.5,0.0,SW@5.0,8.2,77.5,77.0,0.0,609,"Outlook, Yakima County",310135,Outlook,2019-11-27 10:38:27.764558
2019-08-27,09:45,74.1,73.6,48.4,40.2,0.0,W@5.8,9.6,78.6,77.0,0.0,642,"Outlook, Yakima County",310135,Outlook,2019-11-27 10:38:27.764558
2019-08-27,10:00,75.5,75.1,48.0,37.7,0.0,W@5.9,8.9,79.7,76.9,0.0,671,"Outlook, Yakima County",310135,Outlook,2019-11-27 10:38:27.764558
2019-08-27,10:15,76.7,76.4,47.1,35.1,0.0,SW@5.9,8.5,81.0,76.9,0.0,698,"Outlook, Yakima County",310135,Outlook,2019-11-27 10:38:27.764558
2019-08-27,10:30,78.0,77.7,46.1,32.4,0.0,SW@5.5,8.2,82.4,76.9,0.0,722,"Outlook, Yakima County",310135,Outlook,2019-11-27 10:38:27.764558
2019-08-27,10:45,78.3,78.1,45.7,31.5,0.0,SW@4.9,9.2,83.8,76.9,0.0,744,"Outlook, Yakima County",310135,Outlook,2019-11-27 10:38:27.764558
2019-08-27,11:00,79.6,79.3,47.4,32.3,0.0,SW@4.9,7.8,85.2,76.9,0.0,763,"Outlook, Yakima County",310135,Outlook,2019-11-27 10:38:27.764558
2019-08-27,11:15,79.7,79.4,49.0,34.1,0.0,S@5.1,8.2,86.5,76.8,0.0,778,"Outlook, Yakima County",310135,Outlook,2019-11-27 10:38:27.764558
2019-08-27,11:30,80.3,80.0,49.0,33.5,0.0,SW@5.2,8.5,87.9,76.8,0.0,791,"Outlook, Yakima County",310135,Outlook,2019-11-27 10:38:27.764558
2019-08-27,11:45,81.4,81.0,47.9,31.1,0.0,SW@4.8,8.2,89.2,76.8,0.0,798,"Outlook, Yakima County",310135,Outlook,2019-11-27 10:38:27.764558
2019-08-27,12:00,81.7,81.3,46.6,29.2,0.0,SW@4.3,7.8,90.5,76.9,0.0,805,"Outlook, Yakima County",310135,Outlook,2019-11-27 10:38:27.764558
2019-08-27,12:15,83.0,82.7,46.5,27.8,0.0,SW@3.9,7.1,91.7,76.9,0.0,809,"Outlook, Yakima County",310135,Outlook,2019-11-27 10:38:27.764558
2019-08-27,12:30,83.4,83.1,45.3,26.3,0.0,SW@4.7,8.5,92.8,77.0,0.0,808,"Outlook, Yakima County",310135,Outlook,2019-11-27 10:38:27.764558
2019-08-27,12:45,83.3,83.0,45.4,26.5,0.0,SW@6.0,8.5,93.7,77.0,0.0,802,"Outlook, Yakima County",310135,Outlook,2019-11-27 10:38:27.764558
2019-08-27,13:00,84.2,84.0,43.9,24.4,0.0,S@4.9,7.4,94.6,77.0,0.0,797,"Outlook, Yakima County",310135,Outlook,2019-11-27 10:38:27.764558
2019-08-27,13:15,84.3,84.1,42.4,22.9,0.0,S@4.7,7.8,95.3,77.1,0.0,788,"Outlook, Yakima County",310135,Outlook,2019-11-27 10:38:27.764558
2019-08-27,13:30,84.4,84.1,43.3,23.6,0.0,S@4.7,8.2,95.9,77.2,0.0,773,"Outlook, Yakima County",310135,Outlook,2019-11-27 10:38:27.764558
2019-08-27,13:45,84.7,84.5,44.2,24.2,0.0,S@5.2,7.8,96.3,77.3,0.0,753,"Outlook, Yakima County",310135,Outlook,2019-11-27 10:38:27.764558
2019-08-27,14:00,84.7,84.4,43.5,23.6,0.0,S@4.5,7.1,96.7,77.3,0.0,735,"Outlook, Yakima County",310135,Outlook,2019-11-27 10:38:27.764558
2019-08-27,14:15,85.2,84.9,42.8,22.6,0.0,S@4.7,8.2,97.0,77.5,0.0,713,"Outlook, Yakima County",310135,Outlook,2019-11-27 10:38:27.764558
2019-08-27,14:30,85.5,85.2,42.7,22.3,0.0,S@4.4,7.8,97.2,77.6,0.0,687,"Outlook, Yakima County",310135,Outlook,2019-11-27 10:38:27.764558
2019-08-27,14:45,85.8,85.4,42.6,22.0,0.0,S@4.4,8.2,97.3,77.7,0.0,653,"Outlook, Yakima County",310135,Outlook,2019-11-27 10:38:27.764558
2019-08-27,15:00,86.0,85.7,43.8,22.9,0.0,S@4.6,7.1,97.3,77.8,0.0,621,"Outlook, Yakima County",310135,Outlook,2019-11-27 10:38:27.764558
2019-08-27,15:15,85.7,85.4,43.8,23.1,0.0,SW@4.6,7.8,97.1,77.9,0.0,585,"Outlook, Yakima County",310135,Outlook,2019-11-27 10:38:27.764558
2019-08-27,15:30,85.9,85.6,43.0,22.3,0.0,SW@4.7,7.8,96.8,78.0,0.0,553,"Outlook, Yakima County",310135,Outlook,2019-11-27 10:38:27.764558
2019-08-27,15:45,86.5,86.2,44.1,22.8,0.0,S@4.5,7.8,96.3,78.1,0.0,515,"Outlook, Yakima County",310135,Outlook,2019-11-27 10:38:27.764558
2019-08-27,16:00,86.1,85.8,44.8,23.7,0.0,SW@4.5,7.8,95.5,78.3,0.0,470,"Outlook, Yakima County",310135,Outlook,2019-11-27 10:38:27.764558
2019-08-27,16:15,86.0,85.7,43.8,22.9,0.0,SW@4.7,7.4,94.6,78.4,0.0,431,"Outlook, Yakima County",310135,Outlook,2019-11-27 10:38:27.764558
2019-08-27,16:30,85.9,85.6,43.2,22.4,0.0,S@2.9,5.3,93.8,78.5,0.0,389,"Outlook, Yakima County",310135,Outlook,2019-11-27 10:38:27.764558
2019-08-27,16:45,85.6,85.3,43.5,22.9,0.0,S@2.8,4.2,93.1,78.7,0.0,344,"Outlook, Yakima County",310135,Outlook,2019-11-27 10:38:27.764558
2019-08-27,17:00,85.8,85.5,43.5,22.7,0.0,W@4.4,6.7,92.4,78.8,0.0,299,"Outlook, Yakima County",310135,Outlook,2019-11-27 10:38:27.764558
2019-08-27,17:15,85.3,85.1,43.5,23.1,0.0,SW@4.4,6.0,91.8,78.9,0.0,256,"Outlook, Yakima County",310135,Outlook,2019-11-27 10:38:27.764558
2019-08-27,17:30,84.7,84.4,43.8,23.8,0.0,W@4.2,6.0,91.2,79.0,0.0,211,"Outlook, Yakima County",310135,Outlook,2019-11-27 10:38:27.764558
2019-08-27,17:45,83.8,83.5,43.8,24.6,0.0,NW@4.9,6.7,90.6,79.2,0.0,168,"Outlook, Yakima County",310135,Outlook,2019-11-27 10:38:27.764558
2019-08-27,18:00,82.7,82.5,44.1,25.8,0.0,W@6.0,7.8,90.1,79.3,0.0,127,"Outlook, Yakima County",310135,Outlook,2019-11-27 10:38:27.764558
2019-08-27,18:15,81.5,81.3,44.6,27.3,0.0,NW@5.5,8.2,89.5,79.4,0.0,88,"Outlook, Yakima County",310135,Outlook,2019-11-27 10:38:27.764558
2019-08-27,18:30,78.4,78.3,40.8,26.1,0.0,NW@4.2,8.2,88.9,79.5,0.0,52,"Outlook, Yakima County",310135,Outlook,2019-11-27 10:38:27.764558
2019-08-27,18:45,74.9,74.7,36.8,25.1,0.0,N @2.8,6.0,88.3,79.6,0.0,17,"Outlook, Yakima County",310135,Outlook,2019-11-27 10:38:27.764558
2019-08-27,19:00,75.4,75.0,35.9,23.8,0.0,N @5.0,6.4,87.5,79.7,0.0,4,"Outlook, Yakima County",310135,Outlook,2019-11-27 10:38:27.764558
2019-08-27,19:15,75.9,75.7,35.5,23.1,0.0,N @3.0,5.3,86.8,79.8,0.0,0,"Outlook, Yakima County",310135,Outlook,2019-11-27 10:38:27.764558
2019-08-27,19:30,73.9,73.8,35.4,24.5,0.0,N @6.2,8.5,86.1,79.9,0.0,0,"Outlook, Yakima County",310135,Outlook,2019-11-27 10:38:27.764558
2019-08-27,19:45,72.9,72.6,35.5,25.5,0.0,N @6.1,7.8,85.4,79.9,0.0,0,"Outlook, Yakima County",310135,Outlook,2019-11-27 10:38:27.764558
2019-08-27,20:00,72.0,71.8,35.4,26.2,0.0,N @6.8,8.5,84.8,80.0,0.0,0,"Outlook, Yakima County",310135,Outlook,2019-11-27 10:38:27.764558
2019-08-27,20:15,72.7,72.5,35.2,25.3,0.0,N @7.4,8.9,84.2,80.1,0.0,0,"Outlook, Yakima County",310135,Outlook,2019-11-27 10:38:27.764558
2019-08-27,20:30,73.3,73.1,35.1,24.7,0.0,N @7.6,9.6,83.7,80.1,0.0,0,"Outlook, Yakima County",310135,Outlook,2019-11-27 10:38:27.764558
2019-08-27,20:45,72.9,72.7,35.3,25.3,0.0,N @7.3,9.6,83.2,80.2,0.0,0,"Outlook, Yakima County",310135,Outlook,2019-11-27 10:38:27.764558
2019-08-27,21:00,72.3,72.2,35.0,25.5,0.0,N @8.4,10.3,82.7,80.2,0.0,0,"Outlook, Yakima County",310135,Outlook,2019-11-27 10:38:27.764558
2019-08-27,21:15,70.5,70.4,34.6,26.6,0.0,N @8.9,10.7,82.3,80.2,0.0,0,"Outlook, Yakima County",310135,Outlook,2019-11-27 10:38:27.764558
2019-08-27,21:30,71.0,70.9,34.5,26.1,0.0,N @9.6,11.7,81.9,80.2,0.0,0,"Outlook, Yakima County",310135,Outlook,2019-11-27 10:38:27.764558
2019-08-27,21:45,71.0,70.9,34.4,26.0,0.0,N @9.5,11.4,81.5,80.2,0.0,0,"Outlook, Yakima County",310135,Outlook,2019-11-27 10:38:27.764558
2019-08-27,22:00,70.9,70.8,35.0,26.6,0.0,N @9.4,11.0,81.1,80.2,0.0,0,"Outlook, Yakima County",310135,Outlook,2019-11-27 10:38:27.764558
2019-08-27,22:15,70.1,70.0,35.1,27.5,0.0,N @8.8,11.0,80.8,80.2,0.0,0,"Outlook, Yakima County",310135,Outlook,2019-11-27 10:38:27.764558
2019-08-27,22:30,69.6,69.7,40.9,35.2,0.0,W@1.5,5.3,80.4,80.2,0.0,0,"Outlook, Yakima County",310135,Outlook,2019-11-27 10:38:27.764558
2019-08-27,22:45,68.8,68.7,35.6,29.4,0.0,N @4.9,6.7,80.1,80.2,0.0,0,"Outlook, Yakima County",310135,Outlook,2019-11-27 10:38:27.764558
2019-08-27,23:00,67.5,67.4,34.9,29.8,0.0,N @7.0,9.6,79.7,80.2,0.0,0,"Outlook, Yakima County",310135,Outlook,2019-11-27 10:38:27.764558
2019-08-28,23:15,69.2,69.0,35.2,28.6,0.0,N @8.7,11.0,79.3,80.1,0.0,0,"Outlook, Yakima County",310135,Outlook,2019-11-27 10:38:27.764558
2019-08-28,23:30,70.0,69.9,35.7,28.3,0.0,N @8.8,11.7,79.0,80.1,0.0,0,"Outlook, Yakima County",310135,Outlook,2019-11-27 10:38:27.764558
2019-08-28,23:45,70.3,70.1,35.6,28.0,0.0,N @9.0,10.7,78.7,80.1,0.0,0,"Outlook, Yakima County",310135,Outlook,2019-11-27 10:38:27.764558
2019-08-28,24:00,71.4,71.4,36.1,27.4,0.0,W@3.6,9.2,78.5,80.0,0.0,0,"Outlook, Yakima County",310135,Outlook,2019-11-27 10:38:27.764558
2019-08-28,00:15,70.1,70.0,35.4,27.9,0.0,N @6.5,8.5,78.2,80.0,0.0,0,"Outlook, Yakima County",310135,Outlook,2019-11-27 10:38:27.764558
2019-08-28,00:30,68.2,68.1,34.9,29.1,0.0,N @7.0,9.2,77.9,80.0,0.0,0,"Outlook, Yakima County",310135,Outlook,2019-11-27 10:38:27.764558
2019-08-28,00:45,69.5,69.3,34.8,27.8,0.0,N @6.1,8.9,77.7,79.9,0.0,0,"Outlook, Yakima County",310135,Outlook,2019-11-27 10:38:27.764558
2019-08-28,01:00,67.1,67.0,34.5,29.8,0.0,N @6.5,8.2,77.4,79.9,0.0,0,"Outlook, Yakima County",310135,Outlook,2019-11-27 10:38:27.764558
2019-08-28,01:15,66.2,66.0,34.4,30.7,0.0,N @6.3,8.2,77.2,79.8,0.0,0,"Outlook, Yakima County",310135,Outlook,2019-11-27 10:38:27.764558
2019-08-28,01:30,65.7,65.5,34.8,31.6,0.0,N @5.2,7.4,76.9,79.8,0.0,0,"Outlook, Yakima County",310135,Outlook,2019-11-27 10:38:27.764558
2019-08-28,01:45,64.9,64.7,35.2,33.0,0.0,N@4.4,6.4,76.6,79.7,0.0,0,"Outlook, Yakima County",310135,Outlook,2019-11-27 10:38:27.764558
2019-08-28,02:00,65.7,65.5,35.4,32.4,0.0,N @6.7,9.6,76.4,79.6,0.0,0,"Outlook, Yakima County",310135,Outlook,2019-11-27 10:38:27.764558
2019-08-28,02:15,66.4,66.4,36.2,32.6,0.0,N@6.3,9.2,76.1,79.6,0.0,0,"Outlook, Yakima County",310135,Outlook,2019-11-27 10:38:27.764558
2019-08-28,02:30,68.3,68.3,36.4,30.9,0.0,N@6.0,8.9,75.9,79.5,0.0,0,"Outlook, Yakima County",310135,Outlook,2019-11-27 10:38:27.764558
2019-08-28,02:45,69.5,69.4,37.4,30.8,0.0,W@3.0,8.2,75.7,79.5,0.0,0,"Outlook, Yakima County",310135,Outlook,2019-11-27 10:38:27.764558
2019-08-28,03:00,64.1,64.0,39.4,40.2,0.0,W@1.9,4.2,75.5,79.4,0.0,0,"Outlook, Yakima County",310135,Outlook,2019-11-27 10:38:27.764558
2019-08-28,03:15,60.8,60.7,39.6,45.3,0.0,NE@2.5,4.2,75.2,79.4,0.0,0,"Outlook, Yakima County",310135,Outlook,2019-11-27 10:38:27.764558
2019-08-28,03:30,61.9,61.9,39.6,43.7,0.0,NE@3.6,4.9,74.9,79.3,0.0,0,"Outlook, Yakima County",310135,Outlook,2019-11-27 10:38:27.764558
2019-08-28,03:45,63.8,63.8,37.1,37.0,0.0,NE@3.4,4.9,74.6,79.2,0.0,0,"Outlook, Yakima County",310135,Outlook,2019-11-27 10:38:27.764558
2019-08-28,04:00,62.6,62.4,35.6,36.3,0.0,N @5.5,7.1,74.4,79.2,0.0,0,"Outlook, Yakima County",310135,Outlook,2019-11-27 10:38:27.764558
2019-08-28,04:15,61.9,61.6,35.5,37.2,0.0,N @4.1,5.7,74.1,79.1,0.0,0,"Outlook, Yakima County",310135,Outlook,2019-11-27 10:38:27.764558
2019-08-28,04:30,62.6,62.1,36.2,37.4,0.0,N @1.2,4.2,73.9,79.0,0.0,0,"Outlook, Yakima County",310135,Outlook,2019-11-27 10:38:27.764558
2019-08-28,04:45,61.3,60.9,35.5,37.9,0.0,N @4.3,5.3,73.7,79.0,0.0,0,"Outlook, Yakima County",310135,Outlook,2019-11-27 10:38:27.764558
2019-08-28,05:00,61.4,61.2,34.6,36.5,0.0,N @5.3,7.4,73.4,78.9,0.0,0,"Outlook, Yakima County",310135,Outlook,2019-11-27 10:38:27.764558
2019-08-28,05:15,62.4,62.1,34.7,35.4,0.0,N @3.7,6.7,73.2,78.8,0.0,3,"Outlook, Yakima County",310135,Outlook,2019-11-27 10:38:27.764558
2019-08-28,05:30,62.3,62.0,34.6,35.4,0.0,N @3.6,6.4,73.0,78.7,0.0,9,"Outlook, Yakima County",310135,Outlook,2019-11-27 10:38:27.764558
2019-08-28,05:45,62.3,62.2,34.8,35.7,0.0,N @4.2,7.4,72.8,78.7,0.0,36,"Outlook, Yakima County",310135,Outlook,2019-11-27 10:38:27.764558
2019-08-28,06:00,63.2,63.2,35.8,36.0,0.0,N@3.5,4.2,72.6,78.6,0.0,65,"Outlook, Yakima County",310135,Outlook,2019-11-27 10:38:27.764558
2019-08-28,06:15,65.2,65.1,36.6,34.6,0.0,N@2.2,3.5,72.5,78.5,0.0,98,"Outlook, Yakima County",310135,Outlook,2019-11-27 10:38:27.764558
2019-08-28,06:30,65.3,64.7,38.6,37.2,0.0,N @0.0,0.0,72.4,78.4,0.0,134,"Outlook, Yakima County",310135,Outlook,2019-11-27 10:38:27.764558
2019-08-28,06:45,67.7,66.9,38.7,34.5,0.0,NW@1.3,3.5,72.5,78.4,0.0,172,"Outlook, Yakima County",310135,Outlook,2019-11-27 10:38:27.764558
2019-08-28,07:00,69.3,68.7,39.2,33.3,0.0,N @0.0,0.0,72.5,78.3,0.0,210,"Outlook, Yakima County",310135,Outlook,2019-11-27 10:38:27.764558
2019-08-28,07:15,71.1,71.0,39.7,31.8,0.0,S@0.2,3.5,72.7,78.2,0.0,255,"Outlook, Yakima County",310135,Outlook,2019-11-27 10:38:27.764558
2019-08-28,07:30,69.8,69.5,43.7,39.0,0.0,S@2.4,3.5,73.0,78.1,0.0,298,"Outlook, Yakima County",310135,Outlook,2019-11-27 10:38:27.764558
2019-08-28,07:45,70.1,69.9,44.0,39.0,0.0,S@0.9,3.1,73.4,78.1,0.0,339,"Outlook, Yakima County",310135,Outlook,2019-11-27 10:38:27.764558
2019-08-28,08:00,70.6,70.4,47.2,43.3,0.0,S@2.0,4.2,73.8,78.0,0.0,380,"Outlook, Yakima County",310135,Outlook,2019-11-27 10:38:27.764558
2019-08-28,08:15,70.7,70.6,48.0,44.3,0.0,SW@1.3,4.2,74.4,77.9,0.0,423,"Outlook, Yakima County",310135,Outlook,2019-11-27 10:38:27.764558
2019-08-28,08:30,70.5,70.2,49.1,46.6,0.0,S@3.3,4.9,75.0,77.8,0.0,464,"Outlook, Yakima County",310135,Outlook,2019-11-27 10:38:27.764558
2019-08-28,08:45,71.1,70.7,50.2,47.5,0.0,S@2.8,4.9,75.8,77.8,0.0,502,"Outlook, Yakima County",310135,Outlook,2019-11-27 10:38:27.764558
2019-08-28,09:00,72.1,71.8,51.2,47.7,0.0,S@2.1,4.2,76.6,77.7,0.0,539,"Outlook, Yakima County",310135,Outlook,2019-11-27 10:38:27.764558
2019-08-28,09:15,73.4,73.2,51.9,46.7,0.0,S@2.5,4.6,77.5,77.6,0.0,575,"Outlook, Yakima County",310135,Outlook,2019-11-27 10:38:27.764558
2019-08-28,09:30,75.3,74.9,51.7,43.7,0.0,SW@1.4,4.2,78.4,77.6,0.0,610,"Outlook, Yakima County",310135,Outlook,2019-11-27 10:38:27.764558
2019-08-28,09:45,76.4,76.1,52.7,43.8,0.0,S@3.0,5.3,79.5,77.5,0.0,642,"Outlook, Yakima County",310135,Outlook,2019-11-27 10:38:27.764558
2019-08-28,10:00,76.9,76.7,53.2,43.7,0.0,S@3.8,5.7,80.7,77.5,0.0,672,"Outlook, Yakima County",310135,Outlook,2019-11-27 10:38:27.764558
2019-08-28,10:15,78.5,78.2,53.4,41.7,0.0,S@3.3,5.3,82.0,77.5,0.0,699,"Outlook, Yakima County",310135,Outlook,2019-11-27 10:38:27.764558
2019-08-28,10:30,79.5,79.2,52.4,38.9,0.0,S@3.1,5.3,83.3,77.4,0.0,726,"Outlook, Yakima County",310135,Outlook,2019-11-27 10:38:27.764558
2019-08-28,10:45,80.7,80.4,52.0,37.0,0.0,S@3.6,6.0,84.8,77.4,0.0,748,"Outlook, Yakima County",310135,Outlook,2019-11-27 10:38:27.764558
2019-08-28,11:00,81.1,80.8,55.5,41.3,0.0,S@3.5,6.0,86.2,77.4,0.0,765,"Outlook, Yakima County",310135,Outlook,2019-11-27 10:38:27.764558
2019-08-28,11:15,81.7,81.5,55.2,40.2,0.0,S@4.0,6.4,87.7,77.4,0.0,781,"Outlook, Yakima County",310135,Outlook,2019-11-27 10:38:27.764558
2019-08-28,11:30,83.3,82.9,51.1,32.9,0.0,SE@3.3,5.3,89.0,77.4,0.0,795,"Outlook, Yakima County",310135,Outlook,2019-11-27 10:38:27.764558
2019-08-28,11:45,84.6,84.4,48.6,28.7,0.0,S@3.4,5.7,90.4,77.4,0.0,805,"Outlook, Yakima County",310135,Outlook,2019-11-27 10:38:27.764558
2019-08-28,12:00,85.9,85.7,44.6,23.7,0.0,SE@4.1,6.4,91.6,77.4,0.0,813,"Outlook, Yakima County",310135,Outlook,2019-11-27 10:38:27.764558
2019-08-28,12:15,86.0,85.7,48.2,27.0,0.0,S@4.4,6.7,92.8,77.5,0.0,814,"Outlook, Yakima County",310135,Outlook,2019-11-27 10:38:27.764558
2019-08-28,12:30,86.9,86.6,44.4,22.7,0.0,SE@4.7,6.7,93.9,77.5,0.0,814,"Outlook, Yakima County",310135,Outlook,2019-11-27 10:38:27.764558
2019-08-28,12:45,87.5,87.2,45.4,23.2,0.0,S@5.3,7.8,95.0,77.6,0.0,811,"Outlook, Yakima County",310135,Outlook,2019-11-27 10:38:27.764558
2019-08-28,13:00,87.4,87.1,47.5,25.2,0.0,SE@5.2,8.5,95.8,77.6,0.0,803,"Outlook, Yakima County",310135,Outlook,2019-11-27 10:38:27.764558
2019-08-28,13:15,87.5,87.2,50.9,28.4,0.0,S@5.2,7.8,96.6,77.7,0.0,793,"Outlook, Yakima County",310135,Outlook,2019-11-27 10:38:27.764558
2019-08-28,13:30,88.0,87.7,49.1,26.3,0.0,S@5.0,7.1,97.2,77.8,0.0,778,"Outlook, Yakima County",310135,Outlook,2019-11-27 10:38:27.764558
2019-08-28,13:45,88.9,88.5,45.1,21.9,0.0,SE@4.8,9.2,97.8,77.8,0.0,759,"Outlook, Yakima County",310135,Outlook,2019-11-27 10:38:27.764558
2019-08-28,14:00,89.7,89.4,43.7,20.2,0.0,SE@4.7,7.1,98.2,77.9,0.0,738,"Outlook, Yakima County",310135,Outlook,2019-11-27 10:38:27.764558
2019-08-28,14:15,89.3,88.9,44.6,21.3,0.0,SE@5.1,8.9,98.5,78.0,0.0,713,"Outlook, Yakima County",310135,Outlook,2019-11-27 10:38:27.764558
2019-08-28,14:30,89.8,89.7,45.8,21.8,0.0,S@4.0,6.7,98.7,78.1,0.0,687,"Outlook, Yakima County",310135,Outlook,2019-11-27 10:38:27.764558
2019-08-28,14:45,90.2,89.9,44.6,20.7,0.0,SE@3.7,6.0,98.9,78.2,0.0,658,"Outlook, Yakima County",310135,Outlook,2019-11-27 10:38:27.764558
2019-08-28,15:00,90.6,90.3,43.5,19.6,0.0,SE@3.6,6.4,98.8,78.3,0.0,625,"Outlook, Yakima County",310135,Outlook,2019-11-27 10:38:27.764558
2019-08-28,15:15,90.8,90.6,45.4,20.9,0.0,SE@3.6,5.7,98.6,78.5,0.0,591,"Outlook, Yakima County",310135,Outlook,2019-11-27 10:38:27.764558
2019-08-28,15:30,90.9,90.6,44.8,20.4,0.0,S@3.4,5.7,98.3,78.6,0.0,555,"Outlook, Yakima County",310135,Outlook,2019-11-27 10:38:27.764558
2019-08-28,15:45,90.7,90.5,43.5,19.5,0.0,SE@3.7,6.4,97.8,78.7,0.0,516,"Outlook, Yakima County",310135,Outlook,2019-11-27 10:38:27.764558
2019-08-28,16:00,91.0,90.8,43.2,19.1,0.0,SE@3.3,5.3,97.1,78.8,0.0,474,"Outlook, Yakima County",310135,Outlook,2019-11-27 10:38:27.764558
2019-08-28,16:15,91.4,91.2,42.9,18.7,0.0,SE@2.4,4.6,96.2,79.0,0.0,429,"Outlook, Yakima County",310135,Outlook,2019-11-27 10:38:27.764558
2019-08-28,16:30,91.7,91.4,44.0,19.3,0.0,S@2.3,4.2,95.4,79.1,0.0,384,"Outlook, Yakima County",310135,Outlook,2019-11-27 10:38:27.764558
2019-08-28,16:45,91.5,91.2,43.7,19.2,0.0,SE@1.6,3.9,94.6,79.3,0.0,337,"Outlook, Yakima County",310135,Outlook,2019-11-27 10:38:27.764558
2019-08-28,17:00,91.2,91.0,46.0,21.1,0.0,S@1.3,4.2,93.9,79.4,0.0,292,"Outlook, Yakima County",310135,Outlook,2019-11-27 10:38:27.764558
2019-08-28,17:15,90.3,90.0,49.4,24.8,0.0,S@2.3,4.6,93.3,79.5,0.0,246,"Outlook, Yakima County",310135,Outlook,2019-11-27 10:38:27.764558
2019-08-28,17:30,90.0,89.9,47.1,22.8,0.0,SE@0.1,2.4,92.7,79.7,0.0,200,"Outlook, Yakima County",310135,Outlook,2019-11-27 10:38:27.764558
2019-08-28,17:45,88.9,88.8,51.2,27.6,0.0,SE@0.6,2.8,92.1,79.8,0.0,156,"Outlook, Yakima County",310135,Outlook,2019-11-27 10:38:27.764558
2019-08-28,18:00,87.2,87.4,53.1,31.1,0.0,N @0.0,0.0,91.6,79.9,0.0,115,"Outlook, Yakima County",310135,Outlook,2019-11-27 10:38:27.764558
2019-08-28,18:15,86.1,86.7,51.2,30.1,0.0,N @0.0,0.0,91.0,80.1,0.0,78,"Outlook, Yakima County",310135,Outlook,2019-11-27 10:38:27.764558
2019-08-28,18:30,84.1,84.5,49.7,30.4,0.0,NE@2.6,4.6,90.4,80.2,0.0,43,"Outlook, Yakima County",310135,Outlook,2019-11-27 10:38:27.764558
2019-08-28,18:45,81.3,81.3,41.5,24.4,0.0,N @7.5,9.2,89.7,80.3,0.0,14,"Outlook, Yakima County",310135,Outlook,2019-11-27 10:38:27.764558
2019-08-28,19:00,79.4,79.3,39.7,24.2,0.0,N @7.8,9.2,89.0,80.4,0.0,4,"Outlook, Yakima County",310135,Outlook,2019-11-27 10:38:27.764558
2019-08-28,19:15,78.8,78.7,39.7,24.6,0.0,N @6.1,8.5,88.4,80.5,0.0,1,"Outlook, Yakima County",310135,Outlook,2019-11-27 10:38:27.764558
2019-08-28,19:30,78.0,77.8,40.1,25.8,0.0,N @7.5,9.6,87.7,80.6,0.0,0,"Outlook, Yakima County",310135,Outlook,2019-11-27 10:38:27.764558
2019-08-28,19:45,76.9,76.8,39.1,25.6,0.0,N @8.9,10.7,87.1,80.7,0.0,0,"Outlook, Yakima County",310135,Outlook,2019-11-27 10:38:27.764558
2019-08-28,20:00,77.9,77.8,39.2,24.9,0.0,N @7.8,9.6,86.5,80.7,0.0,0,"Outlook, Yakima County",310135,Outlook,2019-11-27 10:38:27.764558
2019-08-28,20:15,77.8,77.7,39.0,24.8,0.0,N @7.8,9.6,86.0,80.8,0.0,0,"Outlook, Yakima County",310135,Outlook,2019-11-27 10:38:27.764558
2019-08-28,20:30,77.5,77.4,38.3,24.4,0.0,N @6.9,9.6,85.5,80.9,0.0,0,"Outlook, Yakima County",310135,Outlook,2019-11-27 10:38:27.764558
2019-08-28,20:45,76.9,76.7,37.9,24.5,0.0,N @6.0,7.8,85.0,80.9,0.0,0,"Outlook, Yakima County",310135,Outlook,2019-11-27 10:38:27.764558
2019-08-28,21:00,77.0,76.8,37.4,23.9,0.0,N @6.1,7.8,84.6,80.9,0.0,0,"Outlook, Yakima County",310135,Outlook,2019-11-27 10:38:27.764558
2019-08-28,21:15,75.9,75.7,36.7,24.1,0.0,N @7.5,9.6,84.2,81.0,0.0,0,"Outlook, Yakima County",310135,Outlook,2019-11-27 10:38:27.764558
2019-08-28,21:30,76.1,75.9,36.7,24.0,0.0,N @7.8,10.3,83.8,81.0,0.0,0,"Outlook, Yakima County",310135,Outlook,2019-11-27 10:38:27.764558
2019-08-28,21:45,76.7,76.6,37.2,23.9,0.0,N @8.6,10.7,83.4,81.0,0.0,0,"Outlook, Yakima County",310135,Outlook,2019-11-27 10:38:27.764558
2019-08-28,22:00,78.7,78.5,38.4,23.5,0.0,N @9.0,11.4,83.0,81.0,0.0,0,"Outlook, Yakima County",310135,Outlook,2019-11-27 10:38:27.764558
2019-08-28,22:15,78.3,78.2,39.2,24.6,0.0,N @8.2,10.3,82.7,81.0,0.0,0,"Outlook, Yakima County",310135,Outlook,2019-11-27 10:38:27.764558
2019-08-28,22:30,77.1,76.9,39.5,25.9,0.0,N @8.1,9.9,82.5,81.0,0.0,0,"Outlook, Yakima County",310135,Outlook,2019-11-27 10:38:27.764558
2019-08-28,22:45,78.1,77.9,38.7,24.3,0.0,N @7.5,8.9,82.2,81.0,0.0,0,"Outlook, Yakima County",310135,Outlook,2019-11-27 10:38:27.764558
2019-08-28,23:00,78.5,78.4,37.9,23.2,0.0,N @7.2,8.9,82.0,81.0,0.0,0,"Outlook, Yakima County",310135,Outlook,2019-11-27 10:38:27.764558
2019-08-29,23:15,77.2,77.1,38.0,24.3,0.0,N @6.4,8.5,81.8,81.0,0.0,0,"Outlook, Yakima County",310135,Outlook,2019-11-27 10:38:27.764558
2019-08-29,23:30,76.3,76.2,38.2,25.2,0.0,N @5.7,7.4,81.5,80.9,0.0,0,"Outlook, Yakima County",310135,Outlook,2019-11-27 10:38:27.764558
2019-08-29,23:45,76.1,76.1,38.4,25.7,0.0,N@3.4,6.0,81.3,80.9,0.0,0,"Outlook, Yakima County",310135,Outlook,2019-11-27 10:38:27.764558
2019-08-29,24:00,74.7,74.7,38.7,27.1,0.0,N@3.0,5.3,81.0,80.9,0.0,0,"Outlook, Yakima County",310135,Outlook,2019-11-27 10:38:27.764558
2019-08-29,00:15,75.1,74.7,38.8,26.9,0.0,N @4.3,5.7,80.7,80.9,0.0,0,"Outlook, Yakima County",310135,Outlook,2019-11-27 10:38:27.764558
2019-08-29,00:30,73.0,72.8,38.8,28.9,0.0,N@5.4,7.1,80.5,80.8,0.0,0,"Outlook, Yakima County",310135,Outlook,2019-11-27 10:38:27.764558
2019-08-29,00:45,74.9,74.8,39.1,27.4,0.0,NE@3.5,6.7,80.2,80.8,0.0,0,"Outlook, Yakima County",310135,Outlook,2019-11-27 10:38:27.764558
2019-08-29,01:00,75.6,75.7,39.2,26.9,0.0,NE@3.1,4.2,79.9,80.7,0.0,0,"Outlook, Yakima County",310135,Outlook,2019-11-27 10:38:27.764558
2019-08-29,01:15,74.5,74.5,39.9,28.6,0.0,E@1.2,4.2,79.6,80.7,0.0,0,"Outlook, Yakima County",310135,Outlook,2019-11-27 10:38:27.764558
2019-08-29,01:30,71.3,71.3,41.5,34.0,0.0,N@0.2,3.1,79.4,80.7,0.0,0,"Outlook, Yakima County",310135,Outlook,2019-11-27 10:38:27.764558
2019-08-29,01:45,71.0,70.9,41.4,34.3,0.0,N @4.3,6.7,79.1,80.6,0.0,0,"Outlook, Yakima County",310135,Outlook,2019-11-27 10:38:27.764558
2019-08-29,02:00,73.7,73.4,39.9,29.4,0.0,N @4.8,7.8,78.9,80.6,0.0,0,"Outlook, Yakima County",310135,Outlook,2019-11-27 10:38:27.764558
2019-08-29,02:15,74.7,74.4,40.4,29.0,0.14,N @3.6,5.7,78.8,80.5,0.0,0,"Outlook, Yakima County",310135,Outlook,2019-11-27 10:38:27.764558
2019-08-29,02:30,74.1,73.9,42.2,31.8,0.01,N @5.6,7.1,78.7,80.5,0.0,0,"Outlook, Yakima County",310135,Outlook,2019-11-27 10:38:27.764558
2019-08-29,02:45,74.9,74.7,43.5,32.4,0.0,N @3.3,7.4,78.7,80.4,0.0,0,"Outlook, Yakima County",310135,Outlook,2019-11-27 10:38:27.764558
2019-08-29,03:00,74.2,74.1,43.3,32.9,0.0,S@0.7,4.9,78.6,80.4,0.0,0,"Outlook, Yakima County",310135,Outlook,2019-11-27 10:38:27.764558
2019-08-29,03:15,71.8,71.7,45.5,38.9,0.11,SE@2.8,6.0,78.6,80.3,0.0,0,"Outlook, Yakima County",310135,Outlook,2019-11-27 10:38:27.764558
2019-08-29,03:30,68.2,68.0,49.9,52.0,0.84,N @4.4,9.6,78.5,80.3,0.04,0,"Outlook, Yakima County",310135,Outlook,2019-11-27 10:38:27.764558
2019-08-29,03:45,67.8,67.5,52.0,56.9,0.16,N @7.4,10.7,78.5,80.2,0.0,0,"Outlook, Yakima County",310135,Outlook,2019-11-27 10:38:27.764558
2019-08-29,04:00,69.8,69.6,52.5,54.2,0.05,N @8.7,12.4,78.4,80.1,0.0,0,"Outlook, Yakima County",310135,Outlook,2019-11-27 10:38:27.764558
2019-08-29,04:15,70.2,70.2,54.3,56.9,0.44,N@8.0,12.8,78.3,80.1,0.0,0,"Outlook, Yakima County",310135,Outlook,2019-11-27 10:38:27.764558
2019-08-29,04:30,71.9,71.7,53.5,52.4,0.01,N @5.4,8.9,78.1,80.0,0.0,0,"Outlook, Yakima County",310135,Outlook,2019-11-27 10:38:27.764558
2019-08-29,04:45,71.6,71.5,53.3,52.5,0.0,NW@3.7,11.4,78.0,80.0,0.0,0,"Outlook, Yakima County",310135,Outlook,2019-11-27 10:38:27.764558
2019-08-29,05:00,70.9,70.9,53.5,54.1,0.02,N@3.0,7.8,77.9,79.9,0.0,0,"Outlook, Yakima County",310135,Outlook,2019-11-27 10:38:27.764558
2019-08-29,05:15,72.5,72.5,50.8,46.3,0.01,NW@5.6,7.4,77.7,79.9,0.0,0,"Outlook, Yakima County",310135,Outlook,2019-11-27 10:38:27.764558
2019-08-29,05:30,72.8,72.7,50.4,45.2,0.26,N@3.2,5.7,77.6,79.8,0.0,0,"Outlook, Yakima County",310135,Outlook,2019-11-27 10:38:27.764558
2019-08-29,05:45,71.9,71.9,54.1,53.4,0.75,N@5.6,8.2,77.5,79.8,0.0,2,"Outlook, Yakima County",310135,Outlook,2019-11-27 10:38:27.764558
2019-08-29,06:00,73.2,73.3,52.9,48.9,0.63,NW@7.8,10.7,77.4,79.7,0.0,2,"Outlook, Yakima County",310135,Outlook,2019-11-27 10:38:27.764558
2019-08-29,06:15,71.3,71.4,54.4,55.1,0.75,NW@12.3,17.5,77.3,79.7,0.0,5,"Outlook, Yakima County",310135,Outlook,2019-11-27 10:38:27.764558
2019-08-29,06:30,71.2,71.5,54.5,55.6,0.67,N@13.7,18.5,77.1,79.6,0.0,10,"Outlook, Yakima County",310135,Outlook,2019-11-27 10:38:27.764558
2019-08-29,06:45,70.9,71.0,55.2,57.5,0.08,W@8.5,15.3,76.9,79.6,0.0,18,"Outlook, Yakima County",310135,Outlook,2019-11-27 10:38:27.764558
2019-08-29,07:00,73.1,73.1,52.8,48.9,0.01,NW@3.9,8.9,76.7,79.5,0.0,19,"Outlook, Yakima County",310135,Outlook,2019-11-27 10:38:27.764558
2019-08-29,07:15,67.9,67.8,58.3,71.5,0.01,S@3.3,7.1,76.6,79.5,0.0,35,"Outlook, Yakima County",310135,Outlook,2019-11-27 10:38:27.764558
2019-08-29,07:30,69.1,69.1,58.1,67.9,0.01,NW@4.1,6.4,76.5,79.4,0.0,69,"Outlook, Yakima County",310135,Outlook,2019-11-27 10:38:27.764558
2019-08-29,07:45,71.6,71.5,56.2,58.2,0.0,W@5.5,8.2,76.6,79.4,0.0,48,"Outlook, Yakima County",310135,Outlook,2019-11-27 10:38:27.764558
2019-08-29,08:00,72.2,72.2,54.8,54.2,0.06,NW@6.0,7.8,76.6,79.3,0.0,39,"Outlook, Yakima County",310135,Outlook,2019-11-27 10:38:27.764558
2019-08-29,08:15,74.1,74.1,53.8,49.1,0.12,NW@8.6,16.7,76.7,79.3,0.0,81,"Outlook, Yakima County",310135,Outlook,2019-11-27 10:38:27.764558
2019-08-29,08:30,74.7,74.6,53.2,47.1,0.01,NW@7.7,12.1,76.7,79.2,0.0,107,"Outlook, Yakima County",310135,Outlook,2019-11-27 10:38:27.764558
2019-08-29,08:45,71.7,71.6,57.8,61.5,0.06,W@4.0,8.2,76.8,79.2,0.0,71,"Outlook, Yakima County",310135,Outlook,2019-11-27 10:38:27.764558
2019-08-29,09:00,70.3,70.3,57.5,63.8,0.21,N @3.9,9.2,76.9,79.1,0.0,45,"Outlook, Yakima County",310135,Outlook,2019-11-27 10:38:27.764558
2019-08-29,09:15,69.7,69.5,60.8,73.3,0.0,E@1.4,4.9,77.0,79.1,0.0,129,"Outlook, Yakima County",310135,Outlook,2019-11-27 10:38:27.764558
2019-08-29,09:30,72.1,72.0,58.9,63.0,0.06,N @3.1,8.5,77.0,79.0,0.0,283,"Outlook, Yakima County",310135,Outlook,2019-11-27 10:38:27.764558
2019-08-29,09:45,73.4,73.1,60.7,64.4,0.0,SW@5.7,11.0,77.3,79.0,0.0,387,"Outlook, Yakima County",310135,Outlook,2019-11-27 10:38:27.764558
2019-08-29,10:00,74.2,74.0,59.9,61.0,0.0,SW@7.1,9.9,78.0,78.9,0.0,342,"Outlook, Yakima County",310135,Outlook,2019-11-27 10:38:27.764558
2019-08-29,10:15,75.7,75.6,60.3,58.6,0.0,W@8.6,18.5,78.8,78.9,0.0,376,"Outlook, Yakima County",310135,Outlook,2019-11-27 10:38:27.764558
2019-08-29,10:30,76.3,76.1,57.8,52.7,0.0,NW@13.2,17.8,79.5,78.8,0.0,318,"Outlook, Yakima County",310135,Outlook,2019-11-27 10:38:27.764558
2019-08-29,10:45,75.2,75.0,58.3,55.7,0.06,NW@10.7,15.0,80.0,78.8,0.0,252,"Outlook, Yakima County",310135,Outlook,2019-11-27 10:38:27.764558
2019-08-29,11:00,75.7,75.5,58.8,55.8,0.25,NW@10.4,13.2,80.3,78.7,0.0,307,"Outlook, Yakima County",310135,Outlook,2019-11-27 10:38:27.764558
2019-08-29,11:15,76.3,76.1,59.5,56.0,0.06,NW@8.2,12.4,80.4,78.7,0.0,321,"Outlook, Yakima County",310135,Outlook,2019-11-27 10:38:27.764558
2019-08-29,11:30,77.3,77.0,59.5,54.2,0.0,W@7.9,11.4,80.7,78.7,0.0,455,"Outlook, Yakima County",310135,Outlook,2019-11-27 10:38:27.764558
2019-08-29,11:45,80.0,79.6,58.7,48.3,0.0,W@8.7,13.5,81.1,78.6,0.0,815,"Outlook, Yakima County",310135,Outlook,2019-11-27 10:38:27.764558
2019-08-29,12:00,80.4,80.0,58.9,47.9,0.0,W@7.7,12.1,82.2,78.6,0.0,667,"Outlook, Yakima County",310135,Outlook,2019-11-27 10:38:27.764558
2019-08-29,12:15,82.0,81.5,59.1,45.9,0.0,W@6.4,11.0,83.5,78.6,0.0,831,"Outlook, Yakima County",310135,Outlook,2019-11-27 10:38:27.764558
2019-08-29,12:30,81.7,81.3,59.0,46.1,0.0,W@5.8,9.9,85.0,78.6,0.0,594,"Outlook, Yakima County",310135,Outlook,2019-11-27 10:38:27.764558
2019-08-29,12:45,81.4,81.1,58.5,45.8,0.0,W@6.2,9.6,85.9,78.6,0.0,465,"Outlook, Yakima County",310135,Outlook,2019-11-27 10:38:27.764558
2019-08-29,13:00,81.0,80.7,58.3,46.0,0.0,W@5.2,8.5,86.3,78.6,0.0,399,"Outlook, Yakima County",310135,Outlook,2019-11-27 10:38:27.764558
2019-08-29,13:15,81.2,80.9,59.5,47.7,0.0,SW@4.9,8.2,86.4,78.5,0.0,388,"Outlook, Yakima County",310135,Outlook,2019-11-27 10:38:27.764558
2019-08-29,13:30,80.3,80.2,61.4,52.5,0.0,SW@5.2,8.2,86.4,78.6,0.0,303,"Outlook, Yakima County",310135,Outlook,2019-11-27 10:38:27.764558
2019-08-29,13:45,79.7,79.6,61.9,54.6,0.0,SW@5.9,8.5,86.3,78.6,0.0,287,"Outlook, Yakima County",310135,Outlook,2019-11-27 10:38:27.764558
2019-08-29,14:00,79.3,79.1,61.3,54.1,0.0,W@6.0,7.8,86.1,78.6,0.0,330,"Outlook, Yakima County",310135,Outlook,2019-11-27 10:38:27.764558
2019-08-29,14:15,80.3,80.0,61.8,53.2,0.0,W@5.1,7.4,85.9,78.6,0.0,445,"Outlook, Yakima County",310135,Outlook,2019-11-27 10:38:27.764558
2019-08-29,14:30,81.1,80.8,61.8,51.9,0.0,SW@4.0,7.1,85.8,78.6,0.0,510,"Outlook, Yakima County",310135,Outlook,2019-11-27 10:38:27.764558
2019-08-29,14:45,80.8,80.6,62.2,53.0,0.0,S@2.9,5.7,86.0,78.6,0.0,460,"Outlook, Yakima County",310135,Outlook,2019-11-27 10:38:27.764558
2019-08-29,15:00,81.9,81.6,62.2,51.2,0.0,S@4.1,8.5,86.1,78.7,0.0,624,"Outlook, Yakima County",310135,Outlook,2019-11-27 10:38:27.764558
2019-08-29,15:15,80.0,79.8,62.2,54.6,0.0,SE@4.5,7.8,86.2,78.7,0.0,326,"Outlook, Yakima County",310135,Outlook,2019-11-27 10:38:27.764558
2019-08-29,15:30,81.1,80.7,62.2,52.6,0.0,SE@4.8,7.1,86.2,78.8,0.0,591,"Outlook, Yakima County",310135,Outlook,2019-11-27 10:38:27.764558
2019-08-29,15:45,81.2,80.9,61.7,51.6,0.0,E@4.2,6.7,86.0,78.8,0.0,507,"Outlook, Yakima County",310135,Outlook,2019-11-27 10:38:27.764558
2019-08-29,16:00,81.5,81.2,61.4,50.5,0.0,SE@4.5,6.7,85.7,78.8,0.0,461,"Outlook, Yakima County",310135,Outlook,2019-11-27 10:38:27.764558
2019-08-29,16:15,82.2,82.1,60.5,47.8,0.0,E@2.6,4.9,85.3,78.9,0.0,368,"Outlook, Yakima County",310135,Outlook,2019-11-27 10:38:27.764558
2019-08-29,16:30,81.5,81.3,61.7,51.2,0.0,SE@3.4,4.9,84.8,78.9,0.0,292,"Outlook, Yakima County",310135,Outlook,2019-11-27 10:38:27.764558
2019-08-29,16:45,80.4,80.3,61.6,52.7,0.0,SE@3.2,6.4,84.3,79.0,0.0,133,"Outlook, Yakima County",310135,Outlook,2019-11-27 10:38:27.764558
2019-08-29,17:00,80.0,79.9,62.2,54.6,0.0,SE@2.4,4.2,83.9,79.0,0.0,117,"Outlook, Yakima County",310135,Outlook,2019-11-27 10:38:27.764558
2019-08-29,17:15,79.0,78.9,63.4,58.9,0.0,S@2.6,4.2,83.5,79.0,0.0,83,"Outlook, Yakima County",310135,Outlook,2019-11-27 10:38:27.764558
2019-08-29,17:30,78.7,78.6,62.3,57.3,0.0,SE@0.6,3.5,83.2,79.1,0.0,55,"Outlook, Yakima County",310135,Outlook,2019-11-27 10:38:27.764558
2019-08-29,17:45,79.2,79.1,62.6,56.7,0.0,SW@0.0,1.4,82.9,79.1,0.0,79,"Outlook, Yakima County",310135,Outlook,2019-11-27 10:38:27.764558
2019-08-29,18:00,79.1,79.1,62.1,56.0,0.0,E@0.3,2.4,82.6,79.2,0.0,62,"Outlook, Yakima County",310135,Outlook,2019-11-27 10:38:27.764558
2019-08-29,18:15,78.6,78.6,62.0,56.7,0.0,N @0.0,0.0,82.4,79.2,0.0,47,"Outlook, Yakima County",310135,Outlook,2019-11-27 10:38:27.764558
2019-08-29,18:30,77.3,77.3,61.6,58.4,0.0,NE@0.4,2.4,82.0,79.3,0.0,13,"Outlook, Yakima County",310135,Outlook,2019-11-27 10:38:27.764558
2019-08-29,18:45,76.6,76.6,60.9,58.3,0.0,SE@0.7,2.8,81.7,79.3,0.0,5,"Outlook, Yakima County",310135,Outlook,2019-11-27 10:38:27.764558
2019-08-29,19:00,75.3,75.2,60.9,60.8,0.0,N @3.1,4.2,81.4,79.3,0.0,2,"Outlook, Yakima County",310135,Outlook,2019-11-27 10:38:27.764558
2019-08-29,19:15,74.8,74.6,60.8,61.6,0.0,N @3.9,6.0,80.9,79.4,0.0,0,"Outlook, Yakima County",310135,Outlook,2019-11-27 10:38:27.764558
2019-08-29,19:30,74.5,74.4,61.5,63.9,0.0,N @2.7,4.9,80.6,79.4,0.0,0,"Outlook, Yakima County",310135,Outlook,2019-11-27 10:38:27.764558
2019-08-29,19:45,74.7,74.6,61.2,62.7,0.0,N @0.7,3.9,80.2,79.4,0.0,0,"Outlook, Yakima County",310135,Outlook,2019-11-27 10:38:27.764558
2019-08-29,20:00,75.8,75.7,60.1,58.1,0.0,N@0.6,4.2,79.9,79.4,0.0,0,"Outlook, Yakima County",310135,Outlook,2019-11-27 10:38:27.764558
2019-08-29,20:15,76.2,76.2,59.2,55.5,0.0,N @0.0,0.0,79.7,79.4,0.0,0,"Outlook, Yakima County",310135,Outlook,2019-11-27 10:38:27.764558
2019-08-29,20:30,76.2,75.9,57.4,52.2,0.0,N @0.0,0.0,79.4,79.5,0.0,0,"Outlook, Yakima County",310135,Outlook,2019-11-27 10:38:27.764558
2019-08-29,20:45,75.5,75.2,57.0,52.6,0.0,N @0.6,3.5,79.2,79.5,0.0,0,"Outlook, Yakima County",310135,Outlook,2019-11-27 10:38:27.764558
2019-08-29,21:00,74.6,74.3,57.1,54.5,0.0,N @3.4,5.3,79.0,79.5,0.0,0,"Outlook, Yakima County",310135,Outlook,2019-11-27 10:38:27.764558
2019-08-29,21:15,73.7,73.6,57.0,55.9,0.0,N @4.2,5.3,78.8,79.5,0.0,0,"Outlook, Yakima County",310135,Outlook,2019-11-27 10:38:27.764558
2019-08-29,21:30,72.6,72.6,57.1,58.2,0.0,N@4.5,6.0,78.5,79.5,0.0,0,"Outlook, Yakima County",310135,Outlook,2019-11-27 10:38:27.764558
2019-08-29,21:45,72.0,72.0,57.1,59.3,0.0,N@4.9,6.4,78.3,79.5,0.0,0,"Outlook, Yakima County",310135,Outlook,2019-11-27 10:38:27.764558
2019-08-29,22:00,73.2,73.2,57.5,57.8,0.0,NW@5.5,6.7,78.1,79.5,0.0,0,"Outlook, Yakima County",310135,Outlook,2019-11-27 10:38:27.764558
2019-08-29,22:15,72.4,72.4,58.2,60.9,0.0,NW@5.4,6.4,77.8,79.4,0.0,0,"Outlook, Yakima County",310135,Outlook,2019-11-27 10:38:27.764558
2019-08-29,22:30,73.2,73.2,56.9,56.6,0.0,NW@5.8,7.4,77.6,79.4,0.0,0,"Outlook, Yakima County",310135,Outlook,2019-11-27 10:38:27.764558
2019-08-29,22:45,73.7,73.7,56.9,55.7,0.29,NW@4.7,6.0,77.4,79.4,0.0,0,"Outlook, Yakima County",310135,Outlook,2019-11-27 10:38:27.764558
2019-08-29,23:00,72.8,72.8,57.4,58.3,0.05,N@4.7,5.7,77.3,79.4,0.0,0,"Outlook, Yakima County",310135,Outlook,2019-11-27 10:38:27.764558
2019-08-30,23:15,73.1,73.1,57.0,57.1,0.0,N@3.6,4.6,77.2,79.4,0.0,0,"Outlook, Yakima County",310135,Outlook,2019-11-27 10:38:27.764558
2019-08-30,23:30,71.8,71.8,58.2,62.1,0.0,S@0.8,2.8,77.0,79.3,0.0,0,"Outlook, Yakima County",310135,Outlook,2019-11-27 10:38:27.764558
2019-08-30,23:45,71.2,71.1,58.9,65.0,0.0,SE@0.5,3.5,76.9,79.3,0.0,0,"Outlook, Yakima County",310135,Outlook,2019-11-27 10:38:27.764558
2019-08-30,24:00,71.0,70.7,58.2,63.8,0.02,N @2.3,4.2,76.7,79.3,0.0,0,"Outlook, Yakima County",310135,Outlook,2019-11-27 10:38:27.764558
2019-08-30,00:15,71.1,71.0,57.7,62.4,0.0,NE@1.7,5.3,76.5,79.2,0.0,0,"Outlook, Yakima County",310135,Outlook,2019-11-27 10:38:27.764558
2019-08-30,00:30,71.7,71.6,57.5,60.8,0.02,NW@2.2,4.6,76.4,79.2,0.0,0,"Outlook, Yakima County",310135,Outlook,2019-11-27 10:38:27.764558
2019-08-30,00:45,72.2,72.2,57.4,59.6,0.01,N@3.8,5.3,76.2,79.2,0.0,0,"Outlook, Yakima County",310135,Outlook,2019-11-27 10:38:27.764558
2019-08-30,01:00,74.1,74.3,56.1,53.4,0.0,N@6.0,9.2,76.1,79.1,0.0,0,"Outlook, Yakima County",310135,Outlook,2019-11-27 10:38:27.764558
2019-08-30,01:15,74.5,74.6,55.7,51.9,0.0,NW@7.0,10.3,76.0,79.1,0.0,0,"Outlook, Yakima County",310135,Outlook,2019-11-27 10:38:27.764558
2019-08-30,01:30,73.5,73.5,56.2,54.5,0.0,NW@2.0,7.8,75.9,79.1,0.0,0,"Outlook, Yakima County",310135,Outlook,2019-11-27 10:38:27.764558
2019-08-30,01:45,71.8,71.7,57.6,60.7,0.0,SW@1.0,3.1,75.8,79.0,0.0,0,"Outlook, Yakima County",310135,Outlook,2019-11-27 10:38:27.764558
2019-08-30,02:00,69.4,69.4,58.8,69.0,0.0,W@2.6,5.3,75.6,79.0,0.0,0,"Outlook, Yakima County",310135,Outlook,2019-11-27 10:38:27.764558
2019-08-30,02:15,68.8,68.7,59.1,71.2,0.0,E@1.0,2.8,75.3,79.0,0.0,0,"Outlook, Yakima County",310135,Outlook,2019-11-27 10:38:27.764558
2019-08-30,02:30,67.7,67.6,58.2,71.6,0.0,N @2.5,4.6,75.1,78.9,0.0,0,"Outlook, Yakima County",310135,Outlook,2019-11-27 10:38:27.764558
2019-08-30,02:45,69.8,69.5,57.2,64.3,0.0,NW@2.9,6.4,74.8,78.9,0.0,0,"Outlook, Yakima County",310135,Outlook,2019-11-27 10:38:27.764558
2019-08-30,03:00,71.7,71.7,57.3,60.5,0.0,NW@7.4,11.4,74.7,78.8,0.0,0,"Outlook, Yakima County",310135,Outlook,2019-11-27 10:38:27.764558
2019-08-30,03:15,71.2,71.3,57.2,61.2,0.0,NW@8.6,10.7,74.6,78.8,0.0,0,"Outlook, Yakima County",310135,Outlook,2019-11-27 10:38:27.764558
2019-08-30,03:30,71.1,71.1,56.9,60.9,0.0,NW@8.7,11.4,74.5,78.7,0.0,0,"Outlook, Yakima County",310135,Outlook,2019-11-27 10:38:27.764558
2019-08-30,03:45,71.6,71.7,56.5,58.9,0.0,NW@9.1,11.7,74.4,78.7,0.0,0,"Outlook, Yakima County",310135,Outlook,2019-11-27 10:38:27.764558
2019-08-30,04:00,71.8,71.8,56.3,58.1,0.0,NW@7.6,9.9,74.2,78.7,0.0,0,"Outlook, Yakima County",310135,Outlook,2019-11-27 10:38:27.764558
2019-08-30,04:15,71.4,71.4,56.2,58.7,0.0,NW@5.8,9.2,74.1,78.6,0.0,0,"Outlook, Yakima County",310135,Outlook,2019-11-27 10:38:27.764558
2019-08-30,04:30,69.2,69.2,57.6,66.5,0.0,W@4.7,7.1,74.1,78.6,0.0,0,"Outlook, Yakima County",310135,Outlook,2019-11-27 10:38:27.764558
2019-08-30,04:45,70.6,70.5,56.5,60.9,0.0,NW@3.2,6.7,74.0,78.5,0.0,0,"Outlook, Yakima County",310135,Outlook,2019-11-27 10:38:27.764558
2019-08-30,05:00,71.3,71.3,56.2,58.7,0.0,W@3.6,5.3,73.9,78.5,0.0,0,"Outlook, Yakima County",310135,Outlook,2019-11-27 10:38:27.764558
2019-08-30,05:15,70.3,70.2,56.0,60.5,0.0,W@1.0,4.9,73.8,78.4,0.0,1,"Outlook, Yakima County",310135,Outlook,2019-11-27 10:38:27.764558
2019-08-30,05:30,70.6,70.5,56.6,61.0,0.0,SW@2.9,7.4,73.7,78.4,0.0,6,"Outlook, Yakima County",310135,Outlook,2019-11-27 10:38:27.764558
2019-08-30,05:45,69.0,68.9,57.4,66.4,0.0,NW@3.3,4.9,73.6,78.3,0.0,19,"Outlook, Yakima County",310135,Outlook,2019-11-27 10:38:27.764558
2019-08-30,06:00,70.9,70.7,56.9,61.2,0.0,NW@2.5,4.6,73.5,78.3,0.0,47,"Outlook, Yakima County",310135,Outlook,2019-11-27 10:38:27.764558
2019-08-30,06:15,69.3,69.2,58.9,69.4,0.0,E@1.3,3.9,73.5,78.2,0.0,42,"Outlook, Yakima County",310135,Outlook,2019-11-27 10:38:27.764558
2019-08-30,06:30,68.5,68.3,60.0,74.1,0.0,NE@1.4,3.5,73.5,78.2,0.0,69,"Outlook, Yakima County",310135,Outlook,2019-11-27 10:38:27.764558
2019-08-30,06:45,69.1,68.9,60.5,73.9,0.0,E@3.5,5.7,73.6,78.2,0.0,97,"Outlook, Yakima County",310135,Outlook,2019-11-27 10:38:27.764558
2019-08-30,07:00,70.2,69.9,60.4,71.1,0.0,SE@2.1,3.9,73.6,78.1,0.0,99,"Outlook, Yakima County",310135,Outlook,2019-11-27 10:38:27.764558
2019-08-30,07:15,71.3,71.0,60.9,69.8,0.0,SE@3.8,6.0,73.7,78.0,0.0,240,"Outlook, Yakima County",310135,Outlook,2019-11-27 10:38:27.764558
2019-08-30,07:30,71.6,71.3,62.0,71.6,0.0,SE@4.6,6.4,73.9,78.0,0.0,277,"Outlook, Yakima County",310135,Outlook,2019-11-27 10:38:27.764558
2019-08-30,07:45,72.5,72.2,61.9,69.3,0.0,SE@3.6,6.4,74.1,78.0,0.0,314,"Outlook, Yakima County",310135,Outlook,2019-11-27 10:38:27.764558
2019-08-30,08:00,73.3,73.0,62.0,67.6,0.0,E@4.2,6.4,74.4,77.9,0.0,355,"Outlook, Yakima County",310135,Outlook,2019-11-27 10:38:27.764558
2019-08-30,08:15,73.8,73.5,61.7,65.7,0.0,E@4.0,5.7,74.8,77.9,0.0,399,"Outlook, Yakima County",310135,Outlook,2019-11-27 10:38:27.764558
2019-08-30,08:30,74.9,74.6,62.4,65.1,0.0,E@3.5,5.3,75.3,77.8,0.0,433,"Outlook, Yakima County",310135,Outlook,2019-11-27 10:38:27.764558
2019-08-30,08:45,76.1,75.9,61.6,60.8,0.0,SE@2.4,4.6,75.9,77.8,0.0,468,"Outlook, Yakima County",310135,Outlook,2019-11-27 10:38:27.764558
2019-08-30,09:00,77.0,76.8,59.9,55.4,0.0,NE@2.5,4.6,76.5,77.7,0.0,507,"Outlook, Yakima County",310135,Outlook,2019-11-27 10:38:27.764558
2019-08-30,09:15,77.4,77.1,60.8,56.6,0.0,SE@3.4,5.7,77.2,77.7,0.0,541,"Outlook, Yakima County",310135,Outlook,2019-11-27 10:38:27.764558
2019-08-30,09:30,77.6,77.4,60.8,56.2,0.0,SE@3.7,6.4,78.0,77.7,0.0,576,"Outlook, Yakima County",310135,Outlook,2019-11-27 10:38:27.764558
2019-08-30,09:45,78.5,78.2,60.4,53.8,0.0,SE@3.1,6.4,78.8,77.7,0.0,593,"Outlook, Yakima County",310135,Outlook,2019-11-27 10:38:27.764558
2019-08-30,10:00,78.7,78.4,62.1,56.8,0.0,S@4.0,7.1,79.8,77.6,0.0,633,"Outlook, Yakima County",310135,Outlook,2019-11-27 10:38:27.764558
2019-08-30,10:15,79.2,78.9,62.2,56.1,0.0,SE@4.2,7.1,80.8,77.6,0.0,643,"Outlook, Yakima County",310135,Outlook,2019-11-27 10:38:27.764558
2019-08-30,10:30,80.3,79.9,60.9,51.7,0.0,SE@4.1,7.8,81.9,77.6,0.0,680,"Outlook, Yakima County",310135,Outlook,2019-11-27 10:38:27.764558
2019-08-30,10:45,80.4,80.0,60.7,51.2,0.0,SE@4.5,7.8,83.0,77.6,0.0,717,"Outlook, Yakima County",310135,Outlook,2019-11-27 10:38:27.764558
2019-08-30,11:00,81.5,81.2,60.9,49.6,0.0,S@4.3,7.4,84.2,77.6,0.0,753,"Outlook, Yakima County",310135,Outlook,2019-11-27 10:38:27.764558
2019-08-30,11:15,81.9,81.5,59.8,47.2,0.0,S@4.3,7.1,85.4,77.6,0.0,748,"Outlook, Yakima County",310135,Outlook,2019-11-27 10:38:27.764558
2019-08-30,11:30,82.1,81.8,59.0,45.5,0.0,SE@4.7,8.9,86.6,77.6,0.0,757,"Outlook, Yakima County",310135,Outlook,2019-11-27 10:38:27.764558
2019-08-30,11:45,82.6,82.2,59.5,45.7,0.0,S@5.1,7.8,87.7,77.7,0.0,765,"Outlook, Yakima County",310135,Outlook,2019-11-27 10:38:27.764558
2019-08-30,12:00,83.0,82.7,59.5,44.9,0.0,SE@4.9,8.5,88.8,77.7,0.0,769,"Outlook, Yakima County",310135,Outlook,2019-11-27 10:38:27.764558
2019-08-30,12:15,84.0,83.7,59.0,42.9,0.0,SE@4.4,7.8,89.8,77.7,0.0,774,"Outlook, Yakima County",310135,Outlook,2019-11-27 10:38:27.764558
2019-08-30,12:30,84.2,83.9,58.2,41.3,0.0,SE@5.0,8.9,90.8,77.8,0.0,774,"Outlook, Yakima County",310135,Outlook,2019-11-27 10:38:27.764558
2019-08-30,12:45,84.5,84.3,56.7,38.7,0.0,SE@5.1,9.6,91.7,77.8,0.0,771,"Outlook, Yakima County",310135,Outlook,2019-11-27 10:38:27.764558
2019-08-30,13:00,85.5,85.2,56.6,37.4,0.0,SE@5.0,8.5,92.4,77.9,0.0,764,"Outlook, Yakima County",310135,Outlook,2019-11-27 10:38:27.764558
2019-08-30,13:15,85.6,85.3,57.4,38.5,0.0,SE@4.5,7.8,93.1,78.0,0.0,755,"Outlook, Yakima County",310135,Outlook,2019-11-27 10:38:27.764558
2019-08-30,13:30,86.2,85.9,58.0,38.5,0.0,SE@5.1,8.2,93.7,78.0,0.0,744,"Outlook, Yakima County",310135,Outlook,2019-11-27 10:38:27.764558
2019-08-30,13:45,85.9,85.6,57.5,38.1,0.0,SE@4.7,9.2,94.1,78.1,0.0,724,"Outlook, Yakima County",310135,Outlook,2019-11-27 10:38:27.764558
2019-08-30,14:00,86.5,86.2,58.1,38.2,0.0,SE@5.4,8.9,94.4,78.2,0.0,694,"Outlook, Yakima County",310135,Outlook,2019-11-27 10:38:27.764558
2019-08-30,14:15,86.6,86.3,57.8,37.7,0.0,S@3.9,8.5,94.7,78.3,0.0,683,"Outlook, Yakima County",310135,Outlook,2019-11-27 10:38:27.764558
2019-08-30,14:30,87.2,87.1,57.4,36.4,0.0,SE@3.0,7.4,94.8,78.4,0.0,657,"Outlook, Yakima County",310135,Outlook,2019-11-27 10:38:27.764558
2019-08-30,14:45,87.6,87.4,57.7,36.5,0.0,S@3.4,6.4,95.0,78.5,0.0,628,"Outlook, Yakima County",310135,Outlook,2019-11-27 10:38:27.764558
2019-08-30,15:00,87.3,87.1,56.6,35.3,0.0,SE@4.7,9.9,94.9,78.6,0.0,593,"Outlook, Yakima County",310135,Outlook,2019-11-27 10:38:27.764558
2019-08-30,15:15,87.4,87.1,56.6,35.3,0.0,SE@3.9,8.2,94.7,78.7,0.0,560,"Outlook, Yakima County",310135,Outlook,2019-11-27 10:38:27.764558
2019-08-30,15:30,88.0,87.8,56.2,34.0,0.0,SE@3.5,6.4,94.4,78.8,0.0,521,"Outlook, Yakima County",310135,Outlook,2019-11-27 10:38:27.764558
2019-08-30,15:45,88.0,87.7,56.4,34.3,0.0,SE@4.0,6.4,94.0,78.9,0.0,483,"Outlook, Yakima County",310135,Outlook,2019-11-27 10:38:27.764558
2019-08-30,16:00,88.5,88.3,55.7,32.9,0.0,SE@2.7,6.7,93.3,79.0,0.0,444,"Outlook, Yakima County",310135,Outlook,2019-11-27 10:38:27.764558
2019-08-30,16:15,88.0,87.8,56.7,34.6,0.0,E@3.1,6.4,92.5,79.2,0.0,403,"Outlook, Yakima County",310135,Outlook,2019-11-27 10:38:27.764558
2019-08-30,16:30,88.1,87.8,55.4,33.0,0.0,SE@3.0,4.9,91.8,79.3,0.0,363,"Outlook, Yakima County",310135,Outlook,2019-11-27 10:38:27.764558
2019-08-30,16:45,87.8,87.6,56.4,34.5,0.0,E@3.4,4.9,91.1,79.4,0.0,317,"Outlook, Yakima County",310135,Outlook,2019-11-27 10:38:27.764558
2019-08-30,17:00,87.5,87.3,56.7,35.2,0.0,E@4.1,5.7,90.4,79.5,0.0,272,"Outlook, Yakima County",310135,Outlook,2019-11-27 10:38:27.764558
2019-08-30,17:15,87.1,86.9,57.0,36.1,0.0,E@3.2,4.9,89.9,79.7,0.0,228,"Outlook, Yakima County",310135,Outlook,2019-11-27 10:38:27.764558
2019-08-30,17:30,86.8,86.7,57.4,36.9,0.0,E@2.9,4.6,89.3,79.7,0.0,186,"Outlook, Yakima County",310135,Outlook,2019-11-27 10:38:27.764558
2019-08-30,17:45,86.3,86.1,58.0,38.3,0.0,SE@0.8,4.2,88.8,79.9,0.0,142,"Outlook, Yakima County",310135,Outlook,2019-11-27 10:38:27.764558
2019-08-30,18:00,84.8,84.7,58.4,40.9,0.0,N @0.0,0.0,88.3,80.0,0.0,100,"Outlook, Yakima County",310135,Outlook,2019-11-27 10:38:27.764558
2019-08-30,18:15,84.4,84.6,58.2,41.0,0.0,N @0.0,0.0,87.8,80.1,0.0,74,"Outlook, Yakima County",310135,Outlook,2019-11-27 10:38:27.764558
2019-08-30,18:30,82.9,83.1,57.1,41.3,0.0,N @0.0,0.0,87.3,80.2,0.0,32,"Outlook, Yakima County",310135,Outlook,2019-11-27 10:38:27.764558
2019-08-30,18:45,82.2,82.2,56.6,41.6,0.0,S@1.8,6.7,86.7,80.3,0.0,7,"Outlook, Yakima County",310135,Outlook,2019-11-27 10:38:27.764558
2019-08-30,19:00,80.1,80.0,56.9,45.1,0.0,SW@3.7,6.7,86.1,80.4,0.0,1,"Outlook, Yakima County",310135,Outlook,2019-11-27 10:38:27.764558
2019-08-30,19:15,78.4,78.4,49.8,36.7,0.0,W@3.1,4.6,85.5,80.4,0.0,0,"Outlook, Yakima County",310135,Outlook,2019-11-27 10:38:27.764558
2019-08-30,19:30,78.0,78.0,46.1,32.3,0.0,W@2.6,4.9,84.9,80.5,0.0,0,"Outlook, Yakima County",310135,Outlook,2019-11-27 10:38:27.764558
2019-08-30,19:45,77.0,76.9,45.0,32.1,0.0,NW@2.1,5.7,84.3,80.6,0.0,0,"Outlook, Yakima County",310135,Outlook,2019-11-27 10:38:27.764558
2019-08-30,20:00,77.4,77.4,44.2,30.8,0.0,W@5.7,8.9,83.6,80.7,0.0,0,"Outlook, Yakima County",310135,Outlook,2019-11-27 10:38:27.764558
2019-08-30,20:15,76.7,76.7,44.6,31.9,0.0,W@5.6,8.5,83.0,80.7,0.0,0,"Outlook, Yakima County",310135,Outlook,2019-11-27 10:38:27.764558
2019-08-30,20:30,75.9,75.8,44.5,32.6,0.0,NW@5.4,8.2,82.5,80.7,0.0,0,"Outlook, Yakima County",310135,Outlook,2019-11-27 10:38:27.764558
2019-08-30,20:45,73.9,73.8,44.1,34.4,0.0,NW@5.3,6.4,82.0,80.8,0.0,0,"Outlook, Yakima County",310135,Outlook,2019-11-27 10:38:27.764558
2019-08-30,21:00,71.2,71.4,43.6,36.9,0.0,NW@6.3,7.4,81.5,80.8,0.0,0,"Outlook, Yakima County",310135,Outlook,2019-11-27 10:38:27.764558
2019-08-30,21:15,73.5,73.4,42.5,32.8,0.0,NW@6.2,7.8,81.0,80.8,0.0,0,"Outlook, Yakima County",310135,Outlook,2019-11-27 10:38:27.764558
2019-08-30,21:30,71.0,71.1,43.1,36.5,0.0,NW@5.9,6.7,80.6,80.8,0.0,0,"Outlook, Yakima County",310135,Outlook,2019-11-27 10:38:27.764558
2019-08-30,21:45,70.3,70.4,43.8,38.5,0.0,NW@5.8,6.7,80.2,80.9,0.0,0,"Outlook, Yakima County",310135,Outlook,2019-11-27 10:38:27.764558
2019-08-30,22:00,69.5,69.7,44.7,40.7,0.0,NW@5.6,6.7,79.8,80.9,0.0,0,"Outlook, Yakima County",310135,Outlook,2019-11-27 10:38:27.764558
2019-08-30,22:15,69.0,69.2,44.6,41.4,0.0,NW@5.6,6.4,79.4,80.9,0.0,0,"Outlook, Yakima County",310135,Outlook,2019-11-27 10:38:27.764558
2019-08-30,22:30,69.9,69.9,44.2,39.6,0.0,NW@5.5,6.7,79.0,80.8,0.0,0,"Outlook, Yakima County",310135,Outlook,2019-11-27 10:38:27.764558
2019-08-30,22:45,68.0,68.1,44.4,42.4,0.0,N@5.6,6.7,78.7,80.8,0.0,0,"Outlook, Yakima County",310135,Outlook,2019-11-27 10:38:27.764558
2019-08-30,23:00,68.5,68.7,43.8,40.8,0.0,N@5.0,6.4,78.3,80.8,0.0,0,"Outlook, Yakima County",310135,Outlook,2019-11-27 10:38:27.764558
2019-08-31,23:15,67.8,67.8,43.6,41.5,0.0,N @5.2,6.7,78.0,80.8,0.0,0,"Outlook, Yakima County",310135,Outlook,2019-11-27 10:38:27.764558
2019-08-31,23:30,66.9,66.9,43.5,42.6,0.0,N @7.5,9.9,77.7,80.8,0.0,0,"Outlook, Yakima County",310135,Outlook,2019-11-27 10:38:27.764558
2019-08-31,23:45,66.7,66.6,43.0,42.1,0.0,N @8.4,9.9,77.4,80.7,0.0,0,"Outlook, Yakima County",310135,Outlook,2019-11-27 10:38:27.764558
2019-08-31,24:00,66.6,66.5,42.0,40.7,0.0,N @8.0,9.6,77.1,80.7,0.0,0,"Outlook, Yakima County",310135,Outlook,2019-11-27 10:38:27.764558
2019-08-31,00:15,66.6,66.5,40.9,38.9,0.0,N @7.7,9.6,76.8,80.6,0.0,0,"Outlook, Yakima County",310135,Outlook,2019-11-27 10:38:27.764558
2019-08-31,00:30,65.8,65.7,40.4,39.3,0.0,N @7.0,8.5,76.6,80.6,0.0,0,"Outlook, Yakima County",310135,Outlook,2019-11-27 10:38:27.764558
2019-08-31,00:45,66.6,66.4,40.0,37.6,0.0,N @6.4,8.2,76.3,80.5,0.0,0,"Outlook, Yakima County",310135,Outlook,2019-11-27 10:38:27.764558
2019-08-31,01:00,66.5,66.3,39.8,37.5,0.0,N @7.2,8.5,76.1,80.5,0.0,0,"Outlook, Yakima County",310135,Outlook,2019-11-27 10:38:27.764558
2019-08-31,01:15,65.4,65.3,40.1,39.4,0.0,N @7.9,9.9,75.8,80.4,0.0,0,"Outlook, Yakima County",310135,Outlook,2019-11-27 10:38:27.764558
2019-08-31,01:30,65.5,65.4,40.3,39.6,0.0,N @7.3,8.5,75.6,80.4,0.0,0,"Outlook, Yakima County",310135,Outlook,2019-11-27 10:38:27.764558
2019-08-31,01:45,66.0,65.9,40.8,39.7,0.0,N @6.8,8.2,75.3,80.3,0.0,0,"Outlook, Yakima County",310135,Outlook,2019-11-27 10:38:27.764558
2019-08-31,02:00,64.6,64.4,41.5,42.8,0.0,N @6.6,8.2,75.1,80.2,0.0,0,"Outlook, Yakima County",310135,Outlook,2019-11-27 10:38:27.764558
2019-08-31,02:15,64.6,64.5,41.5,42.8,0.0,N @6.1,7.4,74.9,80.2,0.0,0,"Outlook, Yakima County",310135,Outlook,2019-11-27 10:38:27.764558
2019-08-31,02:30,63.2,63.1,41.8,45.5,0.0,N @5.7,7.8,74.7,80.1,0.0,0,"Outlook, Yakima County",310135,Outlook,2019-11-27 10:38:27.764558
2019-08-31,02:45,64.0,64.0,42.2,44.9,0.0,N @5.0,6.4,74.5,80.1,0.0,0,"Outlook, Yakima County",310135,Outlook,2019-11-27 10:38:27.764558
2019-08-31,03:00,64.0,63.8,41.9,44.3,0.0,N @5.6,7.8,74.3,80.0,0.0,0,"Outlook, Yakima County",310135,Outlook,2019-11-27 10:38:27.764558
2019-08-31,03:15,63.0,62.8,42.2,46.5,0.0,N @5.3,6.7,74.0,79.9,0.0,0,"Outlook, Yakima County",310135,Outlook,2019-11-27 10:38:27.764558
2019-08-31,03:30,63.9,63.6,42.2,45.1,0.0,N @5.9,8.2,73.8,79.8,0.0,0,"Outlook, Yakima County",310135,Outlook,2019-11-27 10:38:27.764558
2019-08-31,03:45,63.0,62.9,42.2,46.4,0.0,N @7.5,8.5,73.6,79.8,0.0,0,"Outlook, Yakima County",310135,Outlook,2019-11-27 10:38:27.764558
2019-08-31,04:00,63.5,63.4,42.2,45.6,0.0,N @8.2,9.9,73.5,79.7,0.0,0,"Outlook, Yakima County",310135,Outlook,2019-11-27 10:38:27.764558
2019-08-31,04:15,64.1,64.0,42.0,44.4,0.0,N @8.0,9.6,73.3,79.6,0.0,0,"Outlook, Yakima County",310135,Outlook,2019-11-27 10:38:27.764558
2019-08-31,04:30,64.0,63.9,41.9,44.3,0.0,N @6.6,8.5,73.1,79.6,0.0,0,"Outlook, Yakima County",310135,Outlook,2019-11-27 10:38:27.764558
2019-08-31,04:45,64.0,63.8,42.5,45.4,0.0,NE@3.8,6.4,73.0,79.5,0.0,0,"Outlook, Yakima County",310135,Outlook,2019-11-27 10:38:27.764558
2019-08-31,05:00,63.0,62.8,42.8,47.5,0.0,N @1.7,4.6,72.8,79.4,0.0,0,"Outlook, Yakima County",310135,Outlook,2019-11-27 10:38:27.764558
2019-08-31,05:15,62.0,61.8,42.1,48.0,0.0,N @4.7,6.0,72.7,79.3,0.0,1,"Outlook, Yakima County",310135,Outlook,2019-11-27 10:38:27.764558
2019-08-31,05:30,61.9,61.5,42.5,48.8,0.0,N @4.3,6.0,72.4,79.3,0.0,5,"Outlook, Yakima County",310135,Outlook,2019-11-27 10:38:27.764558
2019-08-31,05:45,61.9,61.7,42.9,49.8,0.0,N @5.6,7.4,72.3,79.2,0.0,14,"Outlook, Yakima County",310135,Outlook,2019-11-27 10:38:27.764558
2019-08-31,06:00,62.4,62.2,43.8,50.4,0.0,NE@2.3,5.3,72.1,79.1,0.0,35,"Outlook, Yakima County",310135,Outlook,2019-11-27 10:38:27.764558
2019-08-31,06:15,64.5,64.5,44.5,48.0,0.0,N @1.3,4.9,71.9,79.0,0.0,90,"Outlook, Yakima County",310135,Outlook,2019-11-27 10:38:27.764558
2019-08-31,06:30,66.1,66.2,45.0,46.4,0.0,N @3.0,3.9,71.8,78.9,0.0,124,"Outlook, Yakima County",310135,Outlook,2019-11-27 10:38:27.764558
2019-08-31,06:45,68.7,68.4,46.7,45.2,0.0,NE@1.4,3.5,71.8,78.9,0.0,162,"Outlook, Yakima County",310135,Outlook,2019-11-27 10:38:27.764558
2019-08-31,07:00,70.1,69.9,48.2,45.7,0.0,E@2.1,3.9,71.9,78.8,0.0,202,"Outlook, Yakima County",310135,Outlook,2019-11-27 10:38:27.764558
2019-08-31,07:15,71.9,71.7,46.8,40.8,0.0,E@0.5,3.1,72.1,78.7,0.0,243,"Outlook, Yakima County",310135,Outlook,2019-11-27 10:38:27.764558
2019-08-31,07:30,72.0,71.8,48.1,42.7,0.0,SE@3.1,4.9,72.3,78.6,0.0,285,"Outlook, Yakima County",310135,Outlook,2019-11-27 10:38:27.764558
2019-08-31,07:45,70.5,70.2,51.5,51.0,0.0,SE@2.9,5.3,72.7,78.5,0.0,326,"Outlook, Yakima County",310135,Outlook,2019-11-27 10:38:27.764558
2019-08-31,08:00,70.8,70.5,51.8,50.9,0.0,SE@2.3,4.9,73.1,78.5,0.0,368,"Outlook, Yakima County",310135,Outlook,2019-11-27 10:38:27.764558
2019-08-31,08:15,71.4,71.1,52.7,51.6,0.0,SW@2.0,3.9,73.6,78.4,0.0,411,"Outlook, Yakima County",310135,Outlook,2019-11-27 10:38:27.764558
2019-08-31,08:30,72.6,72.3,51.5,47.5,0.0,S@1.0,3.9,74.1,78.3,0.0,452,"Outlook, Yakima County",310135,Outlook,2019-11-27 10:38:27.764558
2019-08-31,08:45,73.1,72.9,52.0,47.4,0.0,SE@3.3,6.0,74.8,78.3,0.0,490,"Outlook, Yakima County",310135,Outlook,2019-11-27 10:38:27.764558
2019-08-31,09:00,73.2,72.9,52.4,47.9,0.0,SE@4.6,6.7,75.6,78.2,0.0,527,"Outlook, Yakima County",310135,Outlook,2019-11-27 10:38:27.764558
2019-08-31,09:15,73.4,73.1,54.4,51.3,0.0,SE@4.0,7.1,76.4,78.1,0.0,562,"Outlook, Yakima County",310135,Outlook,2019-11-27 10:38:27.764558
2019-08-31,09:30,74.6,74.2,53.6,48.0,0.0,SE@4.1,8.2,77.4,78.1,0.0,595,"Outlook, Yakima County",310135,Outlook,2019-11-27 10:38:27.764558
2019-08-31,09:45,75.5,75.2,53.3,45.9,0.0,SE@4.5,7.1,78.4,78.0,0.0,627,"Outlook, Yakima County",310135,Outlook,2019-11-27 10:38:27.764558
2019-08-31,10:00,77.2,76.9,53.0,43.0,0.0,SE@4.5,7.1,79.5,78.0,0.0,657,"Outlook, Yakima County",310135,Outlook,2019-11-27 10:38:27.764558
2019-08-31,10:15,77.5,77.1,52.4,41.7,0.0,SE@4.8,7.8,80.7,78.0,0.0,685,"Outlook, Yakima County",310135,Outlook,2019-11-27 10:38:27.764558
2019-08-31,10:30,78.3,78.0,53.0,41.3,0.0,SE@5.0,7.8,82.0,77.9,0.0,708,"Outlook, Yakima County",310135,Outlook,2019-11-27 10:38:27.764558
2019-08-31,10:45,78.5,78.2,54.9,44.1,0.0,SE@5.0,8.5,83.4,77.9,0.0,729,"Outlook, Yakima County",310135,Outlook,2019-11-27 10:38:27.764558
2019-08-31,11:00,79.6,79.3,53.3,40.2,0.0,SE@5.0,8.5,84.8,77.9,0.0,748,"Outlook, Yakima County",310135,Outlook,2019-11-27 10:38:27.764558
2019-08-31,11:15,80.8,80.5,50.7,35.1,0.0,SE@4.3,7.1,86.1,77.9,0.0,764,"Outlook, Yakima County",310135,Outlook,2019-11-27 10:38:27.764558
2019-08-31,11:30,81.7,81.4,48.1,30.9,0.0,SE@4.3,7.4,87.4,77.9,0.0,776,"Outlook, Yakima County",310135,Outlook,2019-11-27 10:38:27.764558
2019-08-31,11:45,82.1,81.9,48.1,30.5,0.0,SE@5.0,7.8,88.6,77.9,0.0,785,"Outlook, Yakima County",310135,Outlook,2019-11-27 10:38:27.764558
2019-08-31,12:00,82.8,82.5,48.4,30.2,0.0,SE@4.0,7.1,89.9,77.9,0.0,791,"Outlook, Yakima County",310135,Outlook,2019-11-27 10:38:27.764558
2019-08-31,12:15,83.2,82.9,49.6,31.1,0.0,SE@5.3,7.8,91.0,77.9,0.0,794,"Outlook, Yakima County",310135,Outlook,2019-11-27 10:38:27.764558
2019-08-31,12:30,83.8,83.5,47.8,28.6,0.0,SE@4.9,7.8,92.1,78.0,0.0,793,"Outlook, Yakima County",310135,Outlook,2019-11-27 10:38:27.764558
2019-08-31,12:45,84.1,83.8,48.4,29.0,0.0,SE@4.9,8.2,93.1,78.0,0.0,788,"Outlook, Yakima County",310135,Outlook,2019-11-27 10:38:27.764558
2019-08-31,13:00,84.9,84.6,47.8,27.5,0.0,SE@4.2,7.1,93.9,78.1,0.0,782,"Outlook, Yakima County",310135,Outlook,2019-11-27 10:38:27.764558
2019-08-31,13:15,85.8,85.6,48.6,27.6,0.0,S@3.8,7.4,94.7,78.1,0.0,772,"Outlook, Yakima County",310135,Outlook,2019-11-27 10:38:27.764558
2019-08-31,13:30,86.5,86.2,48.5,26.9,0.0,S@4.2,7.4,95.3,78.2,0.0,757,"Outlook, Yakima County",310135,Outlook,2019-11-27 10:38:27.764558
2019-08-31,13:45,87.2,87.0,47.7,25.5,0.0,S@3.9,6.7,95.8,78.3,0.0,738,"Outlook, Yakima County",310135,Outlook,2019-11-27 10:38:27.764558
2019-08-31,14:00,87.4,87.3,47.1,24.7,0.0,SE@3.5,7.4,96.2,78.4,0.0,717,"Outlook, Yakima County",310135,Outlook,2019-11-27 10:38:27.764558
2019-08-31,14:15,87.9,87.7,47.5,24.8,0.0,SE@3.9,7.1,96.5,78.4,0.0,694,"Outlook, Yakima County",310135,Outlook,2019-11-27 10:38:27.764558
2019-08-31,14:30,88.7,88.4,46.2,23.0,0.0,S@3.9,6.4,96.7,78.5,0.0,665,"Outlook, Yakima County",310135,Outlook,2019-11-27 10:38:27.764558
2019-08-31,14:45,89.3,88.9,45.3,21.8,0.0,S@3.3,6.0,96.8,78.6,0.0,636,"Outlook, Yakima County",310135,Outlook,2019-11-27 10:38:27.764558
2019-08-31,15:00,89.7,89.4,45.2,21.4,0.0,S@3.3,6.7,96.8,78.7,0.0,604,"Outlook, Yakima County",310135,Outlook,2019-11-27 10:38:27.764558
2019-08-31,15:15,89.6,89.4,44.9,21.3,0.0,S@3.0,6.0,96.5,78.8,0.0,569,"Outlook, Yakima County",310135,Outlook,2019-11-27 10:38:27.764558
2019-08-31,15:30,89.5,89.3,45.7,22.0,0.0,S@3.1,6.0,96.3,79.0,0.0,531,"Outlook, Yakima County",310135,Outlook,2019-11-27 10:38:27.764558
2019-08-31,15:45,90.2,89.9,44.2,20.4,0.0,S@3.4,5.3,95.8,79.0,0.0,490,"Outlook, Yakima County",310135,Outlook,2019-11-27 10:38:27.764558
2019-08-31,16:00,89.8,89.5,44.0,20.5,0.0,S@3.6,5.7,95.1,79.2,0.0,451,"Outlook, Yakima County",310135,Outlook,2019-11-27 10:38:27.764558
2019-08-31,16:15,89.9,89.6,43.3,19.8,0.0,S@2.6,5.3,94.3,79.3,0.0,411,"Outlook, Yakima County",310135,Outlook,2019-11-27 10:38:27.764558
2019-08-31,16:30,90.1,89.8,43.8,20.1,0.0,SE@1.9,6.0,93.4,79.4,0.0,366,"Outlook, Yakima County",310135,Outlook,2019-11-27 10:38:27.764558
2019-08-31,16:45,89.3,89.0,44.6,21.3,0.0,S@4.2,7.8,92.7,79.5,0.0,300,"Outlook, Yakima County",310135,Outlook,2019-11-27 10:38:27.764558
2019-08-31,17:00,88.5,88.3,45.6,22.6,0.0,SW@5.6,9.2,92.0,79.7,0.0,276,"Outlook, Yakima County",310135,Outlook,2019-11-27 10:38:27.764558
2019-08-31,17:15,87.7,87.5,46.6,24.1,0.0,SW@5.1,8.5,91.4,79.8,0.0,231,"Outlook, Yakima County",310135,Outlook,2019-11-27 10:38:27.764558
2019-08-31,17:30,87.3,87.1,47.5,25.3,0.0,SW@4.3,7.4,90.8,79.9,0.0,187,"Outlook, Yakima County",310135,Outlook,2019-11-27 10:38:27.764558
2019-08-31,17:45,87.2,87.0,48.9,26.7,0.0,SW@3.2,4.6,90.2,80.0,0.0,146,"Outlook, Yakima County",310135,Outlook,2019-11-27 10:38:27.764558
2019-08-31,18:00,85.8,85.6,49.8,28.9,0.0,W@3.6,6.0,89.7,80.2,0.0,106,"Outlook, Yakima County",310135,Outlook,2019-11-27 10:38:27.764558
2019-08-31,18:15,84.0,83.9,49.7,30.4,0.0,W@3.9,6.7,89.2,80.3,0.0,70,"Outlook, Yakima County",310135,Outlook,2019-11-27 10:38:27.764558
2019-08-31,18:30,82.8,82.9,50.2,32.2,0.0,W@5.6,10.3,88.6,80.4,0.0,35,"Outlook, Yakima County",310135,Outlook,2019-11-27 10:38:27.764558
2019-08-31,18:45,80.9,80.9,51.3,35.8,0.0,W@7.0,10.7,88.0,80.4,0.0,7,"Outlook, Yakima County",310135,Outlook,2019-11-27 10:38:27.764558
2019-08-31,19:00,79.4,79.3,51.8,38.3,0.0,W@9.0,11.7,87.4,80.5,0.0,2,"Outlook, Yakima County",310135,Outlook,2019-11-27 10:38:27.764558
2019-08-31,19:15,78.9,78.9,51.5,38.5,0.0,W@9.7,13.2,86.9,80.6,0.0,0,"Outlook, Yakima County",310135,Outlook,2019-11-27 10:38:27.764558
2019-08-31,19:30,78.0,78.0,51.8,40.0,0.0,W@8.4,12.1,86.3,80.7,0.0,0,"Outlook, Yakima County",310135,Outlook,2019-11-27 10:38:27.764558
2019-08-31,19:45,76.8,76.7,52.1,42.2,0.0,W@7.5,10.7,85.9,80.8,0.0,0,"Outlook, Yakima County",310135,Outlook,2019-11-27 10:38:27.764558
2019-08-31,20:00,77.0,77.0,51.3,40.6,0.0,NW@7.7,10.3,85.4,80.8,0.0,0,"Outlook, Yakima County",310135,Outlook,2019-11-27 10:38:27.764558
2019-08-31,20:15,76.7,76.7,50.9,40.3,0.0,NW@6.3,9.6,84.9,80.9,0.0,0,"Outlook, Yakima County",310135,Outlook,2019-11-27 10:38:27.764558
2019-08-31,20:30,76.8,76.8,50.2,39.3,0.0,NW@7.8,11.0,84.4,80.9,0.0,0,"Outlook, Yakima County",310135,Outlook,2019-11-27 10:38:27.764558
2019-08-31,20:45,76.8,76.7,50.0,39.0,0.0,NW@7.5,11.0,84.0,81.0,0.0,0,"Outlook, Yakima County",310135,Outlook,2019-11-27 10:38:27.764558
2019-08-31,21:00,76.5,76.5,49.6,38.7,0.0,NW@7.4,9.9,83.6,81.0,0.0,0,"Outlook, Yakima County",310135,Outlook,2019-11-27 10:38:27.764558
2019-08-31,21:15,75.5,75.5,49.6,40.0,0.0,NW@5.9,9.6,83.2,81.0,0.0,0,"Outlook, Yakima County",310135,Outlook,2019-11-27 10:38:27.764558
2019-08-31,21:30,74.5,74.4,49.6,41.5,0.0,NW@4.8,6.7,82.9,81.0,0.0,0,"Outlook, Yakima County",310135,Outlook,2019-11-27 10:38:27.764558
2019-08-31,21:45,72.6,72.6,49.9,44.7,0.0,NW@5.3,6.7,82.5,81.0,0.0,0,"Outlook, Yakima County",310135,Outlook,2019-11-27 10:38:27.764558
2019-08-31,22:00,72.6,72.6,50.6,45.8,0.0,NW@5.7,8.2,82.1,81.0,0.0,0,"Outlook, Yakima County",310135,Outlook,2019-11-27 10:38:27.764558
2019-08-31,22:15,73.4,73.3,51.1,45.5,0.0,NW@6.7,9.2,81.7,81.0,0.0,0,"Outlook, Yakima County",310135,Outlook,2019-11-27 10:38:27.764558
2019-08-31,22:30,72.0,71.9,51.3,48.1,0.0,NW@6.9,8.5,81.4,81.0,0.0,0,"Outlook, Yakima County",310135,Outlook,2019-11-27 10:38:27.764558
2019-08-31,22:45,72.6,72.6,51.7,47.8,0.0,NW@8.2,11.0,81.1,81.0,0.0,0,"Outlook, Yakima County",310135,Outlook,2019-11-27 10:38:27.764558
2019-08-31,23:00,72.5,72.4,51.7,47.9,0.0,NW@7.9,10.7,80.8,81.0,0.0,0,"Outlook, Yakima County",310135,Outlook,2019-11-27 10:38:27.764558
2019-09-01,23:15,72.7,72.6,51.7,47.6,0.0,NW@8.0,10.3,80.5,81.0,0.0,0,"Outlook, Yakima County",310135,Outlook,2019-11-27 10:38:27.764558
2019-09-01,23:30,72.4,72.4,51.7,48.0,0.0,NW@8.2,11.4,80.3,81.0,0.0,0,"Outlook, Yakima County",310135,Outlook,2019-11-27 10:38:27.764558
2019-09-01,23:45,72.2,72.2,51.6,48.2,0.0,NW@7.4,10.3,80.0,80.9,0.0,0,"Outlook, Yakima County",310135,Outlook,2019-11-27 10:38:27.764558
2019-09-01,24:00,71.5,71.4,51.6,49.5,0.0,NW@7.2,8.9,79.8,80.9,0.0,0,"Outlook, Yakima County",310135,Outlook,2019-11-27 10:38:27.764558
