Date,Time PST,1.5m Air Temp °F, 1.5m Dew Point °F, 1.5m Rel Hum %, Tot Prec in, Solar Rad W/m², Wind Direction, Wind Speed mph, 2m Wind Gust mph, 1.5m Leaf Wet u., 2 in. Soil Tmp °F, 8 in. Soil Tmp °F,Location,Station ID,Station Name,Download Timestamp
2020-07-12,00:15,62.6,42.4,47.6,0.0,0,NW,5.6,7.4,0.0,77.7,81.5,"Outlook, Yakima County",310135,Outlook,2020-12-14 03:56:58.268152
2020-07-12,00:30,61.8,42.6,49.2,0.0,0,NW,3.1,5.7,0.0,77.4,81.5,"Outlook, Yakima County",310135,Outlook,2020-12-14 03:56:58.268152
2020-07-12,00:45,61.2,42.8,50.6,0.0,0,NW,2.7,4.9,0.0,77.0,81.4,"Outlook, Yakima County",310135,Outlook,2020-12-14 03:56:58.268152
2020-07-12,01:00,60.1,42.7,52.5,0.0,0,N,6.0,9.2,0.0,76.7,81.3,"Outlook, Yakima County",310135,Outlook,2020-12-14 03:56:58.268152
2020-07-12,01:15,58.8,42.8,55.3,0.0,0,N,8.1,9.6,0.0,76.3,81.2,"Outlook, Yakima County",310135,Outlook,2020-12-14 03:56:58.268152
2020-07-12,01:30,59.4,43.0,54.4,0.0,0,N,7.0,8.5,0.0,76.0,81.1,"Outlook, Yakima County",310135,Outlook,2020-12-14 03:56:58.268152
2020-07-12,01:45,57.6,42.6,57.2,0.0,0,N ,7.2,9.2,0.0,75.7,81.0,"Outlook, Yakima County",310135,Outlook,2020-12-14 03:56:58.268152
2020-07-12,02:00,56.3,42.8,60.2,0.0,0,N ,6.5,7.8,0.0,75.4,80.9,"Outlook, Yakima County",310135,Outlook,2020-12-14 03:56:58.268152
2020-07-12,02:15,57.0,43.6,60.8,0.0,0,NW,4.3,6.4,0.0,75.2,80.8,"Outlook, Yakima County",310135,Outlook,2020-12-14 03:56:58.268152
2020-07-12,02:30,58.5,44.3,59.0,0.0,0,NW,1.0,3.9,0.0,74.9,80.7,"Outlook, Yakima County",310135,Outlook,2020-12-14 03:56:58.268152
2020-07-12,02:45,58.0,44.2,59.9,0.0,0,N ,3.4,5.7,0.0,74.6,80.6,"Outlook, Yakima County",310135,Outlook,2020-12-14 03:56:58.268152
2020-07-12,03:00,58.1,43.9,59.1,0.0,0,N ,4.1,5.7,0.0,74.3,80.4,"Outlook, Yakima County",310135,Outlook,2020-12-14 03:56:58.268152
2020-07-12,03:15,57.3,43.9,60.8,0.0,0,N ,5.6,7.1,0.0,74.0,80.3,"Outlook, Yakima County",310135,Outlook,2020-12-14 03:56:58.268152
2020-07-12,03:30,57.4,44.0,60.7,0.0,0,N ,6.0,7.4,0.0,73.8,80.2,"Outlook, Yakima County",310135,Outlook,2020-12-14 03:56:58.268152
2020-07-12,03:45,57.1,44.0,61.4,0.0,0,N ,6.5,7.8,0.0,73.6,80.1,"Outlook, Yakima County",310135,Outlook,2020-12-14 03:56:58.268152
2020-07-12,04:00,57.6,44.1,60.7,0.0,0,N ,5.5,6.7,0.0,73.4,80.0,"Outlook, Yakima County",310135,Outlook,2020-12-14 03:56:58.268152
2020-07-12,04:15,57.2,44.0,61.3,0.0,2,N ,5.9,7.8,0.0,73.2,79.9,"Outlook, Yakima County",310135,Outlook,2020-12-14 03:56:58.268152
2020-07-12,04:30,57.8,44.2,60.3,0.0,4,N ,5.4,6.7,0.0,73.0,79.8,"Outlook, Yakima County",310135,Outlook,2020-12-14 03:56:58.268152
2020-07-12,04:45,58.2,44.2,59.4,0.0,13,N ,4.8,6.7,0.0,72.8,79.6,"Outlook, Yakima County",310135,Outlook,2020-12-14 03:56:58.268152
2020-07-12,05:00,58.5,44.3,59.1,0.0,24,N ,4.1,7.1,0.0,72.6,79.5,"Outlook, Yakima County",310135,Outlook,2020-12-14 03:56:58.268152
2020-07-12,05:15,59.6,44.4,57.1,0.0,34,N ,3.6,6.0,0.0,72.5,79.4,"Outlook, Yakima County",310135,Outlook,2020-12-14 03:56:58.268152
2020-07-12,05:30,60.0,44.6,56.6,0.0,56,N ,3.4,5.3,0.0,72.4,79.3,"Outlook, Yakima County",310135,Outlook,2020-12-14 03:56:58.268152
2020-07-12,05:45,61.2,45.0,55.2,0.0,75,N ,2.2,3.9,0.0,72.4,79.2,"Outlook, Yakima County",310135,Outlook,2020-12-14 03:56:58.268152
2020-07-12,06:00,62.0,46.3,56.2,0.0,85,N ,0.0,1.4,0.0,72.4,79.1,"Outlook, Yakima County",310135,Outlook,2020-12-14 03:56:58.268152
2020-07-12,06:15,62.5,46.2,55.1,0.0,128,SE,0.6,2.8,0.0,72.5,78.9,"Outlook, Yakima County",310135,Outlook,2020-12-14 03:56:58.268152
2020-07-12,06:30,63.1,46.9,55.4,0.0,167,S,3.0,5.3,0.0,72.7,78.8,"Outlook, Yakima County",310135,Outlook,2020-12-14 03:56:58.268152
2020-07-12,06:45,62.4,48.0,59.1,0.0,196,S,2.2,4.6,0.0,72.9,78.7,"Outlook, Yakima County",310135,Outlook,2020-12-14 03:56:58.268152
2020-07-12,07:00,65.5,46.2,49.7,0.0,307,S,0.3,2.4,0.0,73.1,78.6,"Outlook, Yakima County",310135,Outlook,2020-12-14 03:56:58.268152
2020-07-12,07:15,65.5,47.3,51.8,0.0,359,S,3.4,5.7,0.0,73.4,78.5,"Outlook, Yakima County",310135,Outlook,2020-12-14 03:56:58.268152
2020-07-12,07:30,66.2,47.5,50.9,0.0,471,S,3.4,5.7,0.0,73.9,78.4,"Outlook, Yakima County",310135,Outlook,2020-12-14 03:56:58.268152
2020-07-12,07:45,67.0,47.2,48.9,0.0,439,S,4.1,6.7,0.0,74.4,78.3,"Outlook, Yakima County",310135,Outlook,2020-12-14 03:56:58.268152
2020-07-12,08:00,67.6,47.0,47.6,0.0,412,SW,4.2,8.9,0.0,75.1,78.2,"Outlook, Yakima County",310135,Outlook,2020-12-14 03:56:58.268152
2020-07-12,08:15,66.7,48.5,52.0,0.0,356,S,5.4,8.5,0.0,75.7,78.1,"Outlook, Yakima County",310135,Outlook,2020-12-14 03:56:58.268152
2020-07-12,08:30,67.7,46.7,46.9,0.0,479,SW,6.3,8.9,0.0,76.2,78.0,"Outlook, Yakima County",310135,Outlook,2020-12-14 03:56:58.268152
2020-07-12,08:45,68.5,46.4,45.1,0.0,468,SW,6.4,11.0,0.0,76.7,77.9,"Outlook, Yakima County",310135,Outlook,2020-12-14 03:56:58.268152
2020-07-12,09:00,68.3,46.2,45.1,0.0,428,W,7.9,10.7,0.0,77.4,77.9,"Outlook, Yakima County",310135,Outlook,2020-12-14 03:56:58.268152
2020-07-12,09:15,68.3,46.2,45.0,0.0,452,W,7.7,11.0,0.0,77.9,77.8,"Outlook, Yakima County",310135,Outlook,2020-12-14 03:56:58.268152
2020-07-12,09:30,68.8,45.2,42.7,0.0,487,SW,7.6,10.3,0.0,78.4,77.7,"Outlook, Yakima County",310135,Outlook,2020-12-14 03:56:58.268152
2020-07-12,09:45,69.4,45.1,41.6,0.0,526,W,6.5,9.6,0.0,78.9,77.7,"Outlook, Yakima County",310135,Outlook,2020-12-14 03:56:58.268152
2020-07-12,10:00,70.3,44.7,39.7,0.0,615,SW,6.7,9.6,0.0,79.4,77.7,"Outlook, Yakima County",310135,Outlook,2020-12-14 03:56:58.268152
2020-07-12,10:15,70.8,43.6,37.4,0.0,724,SW,5.7,9.2,0.0,80.1,77.6,"Outlook, Yakima County",310135,Outlook,2020-12-14 03:56:58.268152
2020-07-12,10:30,71.1,43.5,37.0,0.0,706,SW,4.4,8.2,0.0,81.1,77.6,"Outlook, Yakima County",310135,Outlook,2020-12-14 03:56:58.268152
2020-07-12,10:45,71.5,43.9,37.1,0.0,806,SW,4.8,7.4,0.0,82.1,77.6,"Outlook, Yakima County",310135,Outlook,2020-12-14 03:56:58.268152
2020-07-12,11:00,72.5,43.9,35.9,0.0,890,SW,5.3,10.3,0.0,83.2,77.6,"Outlook, Yakima County",310135,Outlook,2020-12-14 03:56:58.268152
2020-07-12,11:15,73.9,43.7,33.9,0.0,893,SW,4.9,9.9,0.0,84.4,77.6,"Outlook, Yakima County",310135,Outlook,2020-12-14 03:56:58.268152
2020-07-12,11:30,74.1,43.3,33.2,0.0,904,SW,5.1,10.3,0.0,85.7,77.7,"Outlook, Yakima County",310135,Outlook,2020-12-14 03:56:58.268152
2020-07-12,11:45,74.2,43.3,32.9,0.0,914,SW,5.3,8.9,0.0,86.8,77.7,"Outlook, Yakima County",310135,Outlook,2020-12-14 03:56:58.268152
2020-07-12,12:00,74.8,42.9,31.9,0.0,921,W,6.2,13.2,0.0,87.9,77.7,"Outlook, Yakima County",310135,Outlook,2020-12-14 03:56:58.268152
2020-07-12,12:15,74.7,44.0,33.4,0.0,924,SW,4.5,10.3,0.0,88.9,77.8,"Outlook, Yakima County",310135,Outlook,2020-12-14 03:56:58.268152
2020-07-12,12:30,75.7,42.2,30.2,0.0,924,NW,4.2,8.2,0.0,89.8,77.9,"Outlook, Yakima County",310135,Outlook,2020-12-14 03:56:58.268152
2020-07-12,12:45,75.8,41.1,28.8,0.0,923,SW,5.5,9.2,0.0,90.6,78.0,"Outlook, Yakima County",310135,Outlook,2020-12-14 03:56:58.268152
2020-07-12,13:00,76.8,41.0,27.8,0.0,915,SW,6.3,13.2,0.0,91.2,78.1,"Outlook, Yakima County",310135,Outlook,2020-12-14 03:56:58.268152
2020-07-12,13:15,78.5,42.0,27.2,0.0,905,SW,5.7,11.7,0.0,91.9,78.2,"Outlook, Yakima County",310135,Outlook,2020-12-14 03:56:58.268152
2020-07-12,13:30,78.3,42.8,28.2,0.0,901,SW,6.5,9.9,0.0,92.5,78.3,"Outlook, Yakima County",310135,Outlook,2020-12-14 03:56:58.268152
2020-07-12,13:45,77.5,42.8,29.0,0.0,873,S,6.1,10.3,0.0,93.0,78.5,"Outlook, Yakima County",310135,Outlook,2020-12-14 03:56:58.268152
2020-07-12,14:00,78.3,42.1,27.5,0.0,862,SW,4.7,7.8,0.0,93.4,78.6,"Outlook, Yakima County",310135,Outlook,2020-12-14 03:56:58.268152
2020-07-12,14:15,78.5,41.2,26.4,0.0,835,NW,5.5,11.7,0.0,93.5,78.8,"Outlook, Yakima County",310135,Outlook,2020-12-14 03:56:58.268152
2020-07-12,14:30,79.2,42.3,26.9,0.0,834,SW,5.0,16.0,0.0,93.1,79.0,"Outlook, Yakima County",310135,Outlook,2020-12-14 03:56:58.268152
2020-07-12,14:45,79.9,43.6,27.6,0.0,808,S,5.1,9.2,0.0,92.2,79.2,"Outlook, Yakima County",310135,Outlook,2020-12-14 03:56:58.268152
2020-07-12,15:00,80.2,44.1,27.9,0.0,764,S,5.4,8.9,0.0,91.7,79.4,"Outlook, Yakima County",310135,Outlook,2020-12-14 03:56:58.268152
2020-07-12,15:15,80.2,42.8,26.5,0.0,783,SW,5.3,11.7,0.0,91.5,79.6,"Outlook, Yakima County",310135,Outlook,2020-12-14 03:56:58.268152
2020-07-12,15:30,80.1,40.9,24.8,0.0,621,W,7.0,11.7,0.0,91.3,79.8,"Outlook, Yakima County",310135,Outlook,2020-12-14 03:56:58.268152
2020-07-12,15:45,80.2,41.8,25.5,0.0,649,SW,5.6,9.9,0.0,90.8,80.0,"Outlook, Yakima County",310135,Outlook,2020-12-14 03:56:58.268152
2020-07-12,16:00,80.0,42.3,26.3,0.0,643,S,6.0,12.1,0.0,90.4,80.2,"Outlook, Yakima County",310135,Outlook,2020-12-14 03:56:58.268152
2020-07-12,16:15,80.4,41.3,24.9,0.0,606,SW,4.4,8.5,0.0,90.2,80.5,"Outlook, Yakima County",310135,Outlook,2020-12-14 03:56:58.268152
2020-07-12,16:30,80.6,41.8,25.3,0.0,573,SW,5.6,9.9,0.0,90.0,80.7,"Outlook, Yakima County",310135,Outlook,2020-12-14 03:56:58.268152
2020-07-12,16:45,80.6,41.6,25.0,0.0,521,SW,6.3,10.7,0.0,89.8,80.9,"Outlook, Yakima County",310135,Outlook,2020-12-14 03:56:58.268152
2020-07-12,17:00,80.9,41.3,24.5,0.0,485,SW,7.9,15.7,0.0,89.5,81.1,"Outlook, Yakima County",310135,Outlook,2020-12-14 03:56:58.268152
2020-07-12,17:15,80.8,36.9,20.6,0.0,420,W,10.0,14.6,0.0,89.2,81.3,"Outlook, Yakima County",310135,Outlook,2020-12-14 03:56:58.268152
2020-07-12,17:30,79.6,38.3,22.8,0.0,369,NW,12.8,21.0,0.0,88.9,81.5,"Outlook, Yakima County",310135,Outlook,2020-12-14 03:56:58.268152
2020-07-12,17:45,77.8,38.8,24.6,0.0,318,NW,17.6,22.1,0.0,88.4,81.7,"Outlook, Yakima County",310135,Outlook,2020-12-14 03:56:58.268152
2020-07-12,18:00,76.0,38.5,25.8,0.0,271,N,20.3,25.0,0.0,87.9,81.8,"Outlook, Yakima County",310135,Outlook,2020-12-14 03:56:58.268152
2020-07-12,18:15,74.6,38.1,26.7,0.0,227,N,21.0,26.8,0.0,87.4,82.0,"Outlook, Yakima County",310135,Outlook,2020-12-14 03:56:58.268152
2020-07-12,18:30,73.3,37.5,27.1,0.0,186,NW,20.7,25.7,0.0,86.8,82.2,"Outlook, Yakima County",310135,Outlook,2020-12-14 03:56:58.268152
2020-07-12,18:45,72.7,37.1,27.3,0.0,146,N,18.9,25.3,0.0,86.2,82.3,"Outlook, Yakima County",310135,Outlook,2020-12-14 03:56:58.268152
2020-07-12,19:00,71.7,37.0,28.2,0.0,107,NW,19.4,26.0,0.0,85.7,82.4,"Outlook, Yakima County",310135,Outlook,2020-12-14 03:56:58.268152
2020-07-12,19:15,70.9,36.9,28.8,0.0,75,NW,19.4,25.3,0.0,85.1,82.5,"Outlook, Yakima County",310135,Outlook,2020-12-14 03:56:58.268152
2020-07-12,19:30,69.7,36.8,29.9,0.0,44,NW,18.7,23.9,0.0,84.5,82.6,"Outlook, Yakima County",310135,Outlook,2020-12-14 03:56:58.268152
2020-07-12,19:45,68.1,36.8,31.5,0.0,12,N,17.3,23.2,0.0,84.0,82.7,"Outlook, Yakima County",310135,Outlook,2020-12-14 03:56:58.268152
2020-07-12,20:00,67.1,36.5,32.3,0.0,6,NW,15.8,22.5,0.0,83.4,82.8,"Outlook, Yakima County",310135,Outlook,2020-12-14 03:56:58.268152
2020-07-12,20:15,66.9,36.3,32.2,0.0,1,NW,19.9,27.5,0.0,82.8,82.8,"Outlook, Yakima County",310135,Outlook,2020-12-14 03:56:58.268152
2020-07-12,20:30,66.5,36.1,32.5,0.0,0,NW,21.6,28.2,0.0,82.3,82.8,"Outlook, Yakima County",310135,Outlook,2020-12-14 03:56:58.268152
2020-07-12,20:45,65.8,36.2,33.3,0.0,0,NW,20.5,27.1,0.0,81.8,82.9,"Outlook, Yakima County",310135,Outlook,2020-12-14 03:56:58.268152
2020-07-12,21:00,65.4,35.9,33.4,0.0,0,NW,18.8,24.3,0.0,81.3,82.9,"Outlook, Yakima County",310135,Outlook,2020-12-14 03:56:58.268152
2020-07-12,21:15,64.7,35.8,34.1,0.0,0,NW,16.0,22.1,0.0,80.8,82.9,"Outlook, Yakima County",310135,Outlook,2020-12-14 03:56:58.268152
2020-07-12,21:30,65.5,35.6,33.0,0.0,0,NW,20.5,28.2,0.0,80.4,82.8,"Outlook, Yakima County",310135,Outlook,2020-12-14 03:56:58.268152
2020-07-12,21:45,64.8,36.0,34.2,0.0,0,NW,20.9,28.2,0.0,80.0,82.8,"Outlook, Yakima County",310135,Outlook,2020-12-14 03:56:58.268152
2020-07-12,22:00,64.5,36.2,34.9,0.0,0,NW,19.7,26.0,0.0,79.5,82.7,"Outlook, Yakima County",310135,Outlook,2020-12-14 03:56:58.268152
2020-07-12,22:15,63.8,36.5,36.2,0.0,0,NW,15.5,20.7,0.0,79.2,82.7,"Outlook, Yakima County",310135,Outlook,2020-12-14 03:56:58.268152
2020-07-12,22:30,63.4,36.9,37.2,0.0,0,NW,14.6,20.7,0.0,78.8,82.6,"Outlook, Yakima County",310135,Outlook,2020-12-14 03:56:58.268152
2020-07-12,22:45,63.1,37.0,37.8,0.0,0,NW,13.3,21.4,0.0,78.5,82.5,"Outlook, Yakima County",310135,Outlook,2020-12-14 03:56:58.268152
2020-07-12,23:00,63.0,37.2,38.2,0.0,0,NW,15.3,22.1,0.0,78.1,82.5,"Outlook, Yakima County",310135,Outlook,2020-12-14 03:56:58.268152
2020-07-13,23:15,62.2,37.2,39.3,0.0,0,NW,12.0,16.0,0.0,77.8,82.4,"Outlook, Yakima County",310135,Outlook,2020-12-14 03:56:58.268152
2020-07-13,23:30,61.9,37.1,39.6,0.0,0,NW,11.2,15.0,0.0,77.5,82.3,"Outlook, Yakima County",310135,Outlook,2020-12-14 03:56:58.268152
2020-07-13,23:45,62.1,37.4,39.8,0.0,0,NW,16.6,25.3,0.0,77.2,82.2,"Outlook, Yakima County",310135,Outlook,2020-12-14 03:56:58.268152
2020-07-13,24:00,62.3,37.7,40.0,0.0,0,NW,18.9,23.9,0.0,76.9,82.1,"Outlook, Yakima County",310135,Outlook,2020-12-14 03:56:58.268152
2020-07-13,00:15,62.0,38.1,41.0,0.0,0,NW,18.1,23.2,0.0,76.6,82.0,"Outlook, Yakima County",310135,Outlook,2020-12-14 03:56:58.268152
2020-07-13,00:30,61.6,38.5,42.4,0.0,0,NW,14.1,20.3,0.0,76.4,81.9,"Outlook, Yakima County",310135,Outlook,2020-12-14 03:56:58.268152
2020-07-13,00:45,61.3,38.8,43.4,0.0,0,NW,13.5,17.5,0.0,76.1,81.7,"Outlook, Yakima County",310135,Outlook,2020-12-14 03:56:58.268152
2020-07-13,01:00,61.2,38.7,43.3,0.0,0,NW,14.9,20.0,0.0,75.9,81.6,"Outlook, Yakima County",310135,Outlook,2020-12-14 03:56:58.268152
2020-07-13,01:15,61.4,38.3,42.3,0.0,0,NW,15.3,19.6,0.0,75.6,81.5,"Outlook, Yakima County",310135,Outlook,2020-12-14 03:56:58.268152
2020-07-13,01:30,61.2,38.1,42.4,0.0,0,NW,14.0,18.9,0.0,75.4,81.4,"Outlook, Yakima County",310135,Outlook,2020-12-14 03:56:58.268152
2020-07-13,01:45,60.9,37.9,42.4,0.0,0,NW,14.7,19.6,0.0,75.2,81.3,"Outlook, Yakima County",310135,Outlook,2020-12-14 03:56:58.268152
2020-07-13,02:00,60.0,38.0,43.8,0.0,0,NW,11.5,16.7,0.0,74.9,81.1,"Outlook, Yakima County",310135,Outlook,2020-12-14 03:56:58.268152
2020-07-13,02:15,59.8,37.8,43.9,0.0,0,NW,11.0,16.0,0.0,74.7,81.0,"Outlook, Yakima County",310135,Outlook,2020-12-14 03:56:58.268152
2020-07-13,02:30,59.7,37.7,43.7,0.0,0,NW,10.1,17.1,0.0,74.5,80.9,"Outlook, Yakima County",310135,Outlook,2020-12-14 03:56:58.268152
2020-07-13,02:45,60.4,37.3,42.1,0.0,0,NW,11.6,16.7,0.0,74.3,80.8,"Outlook, Yakima County",310135,Outlook,2020-12-14 03:56:58.268152
2020-07-13,03:00,60.9,36.7,40.4,0.0,0,N,14.1,21.8,0.0,74.0,80.7,"Outlook, Yakima County",310135,Outlook,2020-12-14 03:56:58.268152
2020-07-13,03:15,60.2,37.4,42.5,0.0,0,N,16.0,23.2,0.0,73.8,80.5,"Outlook, Yakima County",310135,Outlook,2020-12-14 03:56:58.268152
2020-07-13,03:30,59.5,37.9,44.5,0.0,0,N,14.2,20.3,0.0,73.6,80.4,"Outlook, Yakima County",310135,Outlook,2020-12-14 03:56:58.268152
2020-07-13,03:45,58.5,38.2,46.6,0.0,0,SE,5.4,13.2,0.0,73.4,80.3,"Outlook, Yakima County",310135,Outlook,2020-12-14 03:56:58.268152
2020-07-13,04:00,57.8,37.6,46.7,0.0,0,NE,4.2,7.8,0.0,73.2,80.2,"Outlook, Yakima County",310135,Outlook,2020-12-14 03:56:58.268152
2020-07-13,04:15,56.9,36.2,45.7,0.0,2,N ,5.3,8.5,0.0,72.9,80.1,"Outlook, Yakima County",310135,Outlook,2020-12-14 03:56:58.268152
2020-07-13,04:30,57.1,35.3,43.8,0.0,7,N ,6.7,8.5,0.0,72.6,79.9,"Outlook, Yakima County",310135,Outlook,2020-12-14 03:56:58.268152
2020-07-13,04:45,55.7,35.9,47.2,0.0,17,N,6.2,7.8,0.0,72.4,79.8,"Outlook, Yakima County",310135,Outlook,2020-12-14 03:56:58.268152
2020-07-13,05:00,56.6,36.7,47.0,0.0,52,N,7.2,9.2,0.0,72.1,79.7,"Outlook, Yakima County",310135,Outlook,2020-12-14 03:56:58.268152
2020-07-13,05:15,57.8,36.0,44.0,0.0,77,N ,7.8,10.3,0.0,71.9,79.6,"Outlook, Yakima County",310135,Outlook,2020-12-14 03:56:58.268152
2020-07-13,05:30,59.5,36.5,42.1,0.0,107,N ,8.8,12.1,0.0,71.8,79.5,"Outlook, Yakima County",310135,Outlook,2020-12-14 03:56:58.268152
2020-07-13,05:45,61.2,36.2,39.1,0.0,146,N ,7.8,10.3,0.0,71.6,79.4,"Outlook, Yakima County",310135,Outlook,2020-12-14 03:56:58.268152
2020-07-13,06:00,60.7,38.0,42.7,0.0,150,S,2.9,7.4,0.0,71.6,79.3,"Outlook, Yakima County",310135,Outlook,2020-12-14 03:56:58.268152
2020-07-13,06:15,58.7,39.9,49.5,0.0,135,SW,0.7,2.8,0.0,71.6,79.1,"Outlook, Yakima County",310135,Outlook,2020-12-14 03:56:58.268152
2020-07-13,06:30,59.8,39.4,46.7,0.0,232,S,0.9,3.5,0.0,71.6,79.0,"Outlook, Yakima County",310135,Outlook,2020-12-14 03:56:58.268152
2020-07-13,06:45,60.7,38.9,44.5,0.0,257,S,1.8,3.9,0.0,71.7,78.9,"Outlook, Yakima County",310135,Outlook,2020-12-14 03:56:58.268152
2020-07-13,07:00,61.6,38.9,43.0,0.0,356,S,2.6,5.3,0.0,72.0,78.8,"Outlook, Yakima County",310135,Outlook,2020-12-14 03:56:58.268152
2020-07-13,07:15,61.6,39.9,44.6,0.0,354,S,3.1,4.6,0.0,72.3,78.7,"Outlook, Yakima County",310135,Outlook,2020-12-14 03:56:58.268152
2020-07-13,07:30,62.0,40.6,45.4,0.0,375,S,2.5,4.2,0.0,72.8,78.6,"Outlook, Yakima County",310135,Outlook,2020-12-14 03:56:58.268152
2020-07-13,07:45,63.5,40.5,42.9,0.0,478,SW,2.0,4.6,0.0,73.3,78.4,"Outlook, Yakima County",310135,Outlook,2020-12-14 03:56:58.268152
2020-07-13,08:00,64.2,43.2,46.2,0.0,475,S,3.6,6.4,0.0,73.9,78.3,"Outlook, Yakima County",310135,Outlook,2020-12-14 03:56:58.268152
2020-07-13,08:15,64.8,44.7,48.1,0.0,515,S,3.6,7.1,0.0,74.6,78.2,"Outlook, Yakima County",310135,Outlook,2020-12-14 03:56:58.268152
2020-07-13,08:30,65.9,42.2,42.0,0.0,548,S,3.3,5.7,0.0,75.4,78.1,"Outlook, Yakima County",310135,Outlook,2020-12-14 03:56:58.268152
2020-07-13,08:45,66.9,42.0,40.2,0.0,658,S,4.0,6.4,0.0,76.3,78.0,"Outlook, Yakima County",310135,Outlook,2020-12-14 03:56:58.268152
2020-07-13,09:00,67.7,40.6,37.1,0.0,618,S,4.5,7.1,0.0,77.2,78.0,"Outlook, Yakima County",310135,Outlook,2020-12-14 03:56:58.268152
2020-07-13,09:15,68.2,39.4,34.9,0.0,686,S,4.3,7.1,0.0,78.2,77.9,"Outlook, Yakima County",310135,Outlook,2020-12-14 03:56:58.268152
2020-07-13,09:30,69.4,34.2,27.2,0.0,742,S,3.7,7.8,0.0,79.1,77.8,"Outlook, Yakima County",310135,Outlook,2020-12-14 03:56:58.268152
2020-07-13,09:45,69.6,36.5,29.6,0.0,765,S,5.4,8.9,0.0,80.1,77.8,"Outlook, Yakima County",310135,Outlook,2020-12-14 03:56:58.268152
2020-07-13,10:00,69.7,36.6,29.7,0.0,792,S,5.2,9.9,0.0,81.2,77.7,"Outlook, Yakima County",310135,Outlook,2020-12-14 03:56:58.268152
2020-07-13,10:15,70.0,36.6,29.3,0.0,819,S,5.6,8.5,0.0,82.2,77.7,"Outlook, Yakima County",310135,Outlook,2020-12-14 03:56:58.268152
2020-07-13,10:30,70.8,35.3,27.1,0.0,844,S,4.1,7.4,0.0,83.3,77.7,"Outlook, Yakima County",310135,Outlook,2020-12-14 03:56:58.268152
2020-07-13,10:45,70.9,35.9,27.7,0.0,858,S,4.1,7.8,0.0,84.4,77.7,"Outlook, Yakima County",310135,Outlook,2020-12-14 03:56:58.268152
2020-07-13,11:00,71.6,36.5,27.7,0.0,878,S,4.3,9.6,0.0,85.4,77.7,"Outlook, Yakima County",310135,Outlook,2020-12-14 03:56:58.268152
2020-07-13,11:15,72.2,36.6,27.3,0.0,893,S,5.2,9.2,0.0,86.4,77.7,"Outlook, Yakima County",310135,Outlook,2020-12-14 03:56:58.268152
2020-07-13,11:30,72.8,36.0,26.0,0.0,911,S,5.0,9.2,0.0,87.4,77.8,"Outlook, Yakima County",310135,Outlook,2020-12-14 03:56:58.268152
2020-07-13,11:45,73.1,32.9,22.8,0.0,921,S,4.5,9.6,0.0,88.3,77.9,"Outlook, Yakima County",310135,Outlook,2020-12-14 03:56:58.268152
2020-07-13,12:00,73.2,32.5,22.4,0.0,924,S,5.4,9.6,0.0,89.2,77.9,"Outlook, Yakima County",310135,Outlook,2020-12-14 03:56:58.268152
2020-07-13,12:15,73.2,33.8,23.6,0.0,931,S,5.1,9.9,0.0,90.0,78.0,"Outlook, Yakima County",310135,Outlook,2020-12-14 03:56:58.268152
2020-07-13,12:30,74.1,32.9,22.0,0.0,931,SW,5.9,9.9,0.0,90.8,78.1,"Outlook, Yakima County",310135,Outlook,2020-12-14 03:56:58.268152
2020-07-13,12:45,74.4,32.9,21.8,0.0,926,SW,5.0,10.3,0.0,91.5,78.2,"Outlook, Yakima County",310135,Outlook,2020-12-14 03:56:58.268152
2020-07-13,13:00,75.6,34.8,22.6,0.0,924,S,5.6,9.9,0.0,92.1,78.4,"Outlook, Yakima County",310135,Outlook,2020-12-14 03:56:58.268152
2020-07-13,13:15,75.7,33.5,21.4,0.0,917,SW,5.9,9.9,0.0,92.7,78.5,"Outlook, Yakima County",310135,Outlook,2020-12-14 03:56:58.268152
2020-07-13,13:30,75.8,34.7,22.3,0.0,905,S,5.6,10.7,0.0,93.2,78.7,"Outlook, Yakima County",310135,Outlook,2020-12-14 03:56:58.268152
2020-07-13,13:45,76.8,33.5,20.6,0.0,889,SW,5.5,9.2,0.0,93.7,78.8,"Outlook, Yakima County",310135,Outlook,2020-12-14 03:56:58.268152
2020-07-13,14:00,77.0,32.5,19.7,0.0,872,S,4.8,9.2,0.0,94.1,79.0,"Outlook, Yakima County",310135,Outlook,2020-12-14 03:56:58.268152
2020-07-13,14:15,77.8,33.3,19.7,0.0,851,SW,5.9,10.7,0.0,94.2,79.2,"Outlook, Yakima County",310135,Outlook,2020-12-14 03:56:58.268152
2020-07-13,14:30,77.8,33.2,19.7,0.0,827,S,5.6,9.9,0.0,93.8,79.4,"Outlook, Yakima County",310135,Outlook,2020-12-14 03:56:58.268152
2020-07-13,14:45,78.0,32.7,19.2,0.0,797,S,5.1,8.9,0.0,93.0,79.6,"Outlook, Yakima County",310135,Outlook,2020-12-14 03:56:58.268152
2020-07-13,15:00,79.1,34.4,19.8,0.0,764,SW,5.5,9.9,0.0,92.4,79.8,"Outlook, Yakima County",310135,Outlook,2020-12-14 03:56:58.268152
2020-07-13,15:15,78.9,34.6,20.1,0.0,730,S,6.0,9.6,0.0,92.1,80.0,"Outlook, Yakima County",310135,Outlook,2020-12-14 03:56:58.268152
2020-07-13,15:30,78.6,35.3,20.8,0.0,695,S,6.0,10.3,0.0,91.7,80.2,"Outlook, Yakima County",310135,Outlook,2020-12-14 03:56:58.268152
2020-07-13,15:45,78.8,35.3,20.7,0.0,661,S,5.8,9.9,0.0,91.1,80.4,"Outlook, Yakima County",310135,Outlook,2020-12-14 03:56:58.268152
2020-07-13,16:00,78.4,35.1,20.9,0.0,617,S,5.6,9.2,0.0,90.5,80.6,"Outlook, Yakima County",310135,Outlook,2020-12-14 03:56:58.268152
2020-07-13,16:15,79.1,36.0,21.1,0.0,570,S,5.0,8.2,0.0,90.1,80.8,"Outlook, Yakima County",310135,Outlook,2020-12-14 03:56:58.268152
2020-07-13,16:30,78.9,35.5,20.8,0.0,535,S,5.1,8.2,0.0,89.8,81.1,"Outlook, Yakima County",310135,Outlook,2020-12-14 03:56:58.268152
2020-07-13,16:45,78.9,35.6,20.9,0.0,485,S,4.6,7.1,0.0,89.6,81.3,"Outlook, Yakima County",310135,Outlook,2020-12-14 03:56:58.268152
2020-07-13,17:00,79.1,36.6,21.7,0.0,441,S,5.2,8.5,0.0,89.2,81.5,"Outlook, Yakima County",310135,Outlook,2020-12-14 03:56:58.268152
2020-07-13,17:15,79.0,35.5,20.8,0.0,398,S,4.7,7.4,0.0,88.9,81.7,"Outlook, Yakima County",310135,Outlook,2020-12-14 03:56:58.268152
2020-07-13,17:30,79.2,35.6,20.7,0.0,354,S,3.7,6.4,0.0,88.4,81.9,"Outlook, Yakima County",310135,Outlook,2020-12-14 03:56:58.268152
2020-07-13,17:45,78.8,36.2,21.5,0.0,310,S,4.3,6.7,0.0,87.9,82.1,"Outlook, Yakima County",310135,Outlook,2020-12-14 03:56:58.268152
2020-07-13,18:00,78.5,36.5,22.0,0.0,265,S,4.1,6.4,0.0,87.5,82.2,"Outlook, Yakima County",310135,Outlook,2020-12-14 03:56:58.268152
2020-07-13,18:15,78.3,35.0,20.8,0.0,222,SE,4.1,7.1,0.0,87.0,82.4,"Outlook, Yakima County",310135,Outlook,2020-12-14 03:56:58.268152
2020-07-13,18:30,76.7,38.0,24.8,0.0,174,SE,5.3,7.1,0.0,86.5,82.6,"Outlook, Yakima County",310135,Outlook,2020-12-14 03:56:58.268152
2020-07-13,18:45,75.3,40.1,28.2,0.0,140,E,4.6,6.7,0.0,86.0,82.7,"Outlook, Yakima County",310135,Outlook,2020-12-14 03:56:58.268152
2020-07-13,19:00,74.4,39.4,28.2,0.0,104,E,4.6,6.4,0.0,85.6,82.9,"Outlook, Yakima County",310135,Outlook,2020-12-14 03:56:58.268152
2020-07-13,19:15,73.3,39.2,29.0,0.0,70,E,3.7,5.3,0.0,85.1,83.0,"Outlook, Yakima County",310135,Outlook,2020-12-14 03:56:58.268152
2020-07-13,19:30,72.3,38.0,28.7,0.0,39,E,3.9,5.3,0.0,84.6,83.1,"Outlook, Yakima County",310135,Outlook,2020-12-14 03:56:58.268152
2020-07-13,19:45,70.6,36.0,28.0,0.0,12,NE,3.4,4.9,0.0,84.1,83.2,"Outlook, Yakima County",310135,Outlook,2020-12-14 03:56:58.268152
2020-07-13,20:00,70.1,34.7,27.1,0.0,5,NE,3.7,5.3,0.0,83.6,83.3,"Outlook, Yakima County",310135,Outlook,2020-12-14 03:56:58.268152
2020-07-13,20:15,69.8,33.9,26.5,0.0,1,E,4.6,6.7,0.0,83.1,83.3,"Outlook, Yakima County",310135,Outlook,2020-12-14 03:56:58.268152
2020-07-13,20:30,69.8,32.8,25.3,0.0,0,E,5.1,8.5,0.0,82.5,83.4,"Outlook, Yakima County",310135,Outlook,2020-12-14 03:56:58.268152
2020-07-13,20:45,69.7,33.3,25.9,0.0,0,E,5.1,7.4,0.0,82.1,83.4,"Outlook, Yakima County",310135,Outlook,2020-12-14 03:56:58.268152
2020-07-13,21:00,68.9,33.6,27.0,0.0,0,NE,4.7,6.4,0.0,81.6,83.5,"Outlook, Yakima County",310135,Outlook,2020-12-14 03:56:58.268152
2020-07-13,21:15,68.6,33.5,27.1,0.0,0,NE,5.0,7.4,0.0,81.1,83.5,"Outlook, Yakima County",310135,Outlook,2020-12-14 03:56:58.268152
2020-07-13,21:30,68.1,33.8,27.9,0.0,0,NE,5.0,7.4,0.0,80.7,83.5,"Outlook, Yakima County",310135,Outlook,2020-12-14 03:56:58.268152
2020-07-13,21:45,68.1,33.9,28.1,0.0,0,NE,5.0,7.8,0.0,80.3,83.4,"Outlook, Yakima County",310135,Outlook,2020-12-14 03:56:58.268152
2020-07-13,22:00,67.9,34.1,28.5,0.0,0,NE,5.3,7.8,0.0,80.0,83.4,"Outlook, Yakima County",310135,Outlook,2020-12-14 03:56:58.268152
2020-07-13,22:15,68.3,34.3,28.3,0.0,0,NE,5.8,7.8,0.0,79.6,83.4,"Outlook, Yakima County",310135,Outlook,2020-12-14 03:56:58.268152
2020-07-13,22:30,67.6,34.0,28.7,0.0,0,N ,5.6,7.8,0.0,79.2,83.3,"Outlook, Yakima County",310135,Outlook,2020-12-14 03:56:58.268152
2020-07-13,22:45,65.7,33.4,29.9,0.0,0,N ,6.4,9.9,0.0,78.9,83.3,"Outlook, Yakima County",310135,Outlook,2020-12-14 03:56:58.268152
2020-07-13,23:00,65.1,33.7,30.9,0.0,0,N ,9.5,11.7,0.0,78.6,83.2,"Outlook, Yakima County",310135,Outlook,2020-12-14 03:56:58.268152
2020-07-14,23:15,65.3,33.4,30.4,0.0,0,N ,9.2,11.0,0.0,78.2,83.1,"Outlook, Yakima County",310135,Outlook,2020-12-14 03:56:58.268152
2020-07-14,23:30,64.2,33.2,31.3,0.0,0,N ,9.5,11.4,0.0,77.9,83.1,"Outlook, Yakima County",310135,Outlook,2020-12-14 03:56:58.268152
2020-07-14,23:45,63.8,33.2,31.8,0.0,0,N ,10.1,11.7,0.0,77.6,83.0,"Outlook, Yakima County",310135,Outlook,2020-12-14 03:56:58.268152
2020-07-14,24:00,63.3,33.5,32.6,0.0,0,N ,10.2,12.1,0.0,77.3,82.9,"Outlook, Yakima County",310135,Outlook,2020-12-14 03:56:58.268152
2020-07-14,00:15,63.7,32.8,31.3,0.0,0,N ,9.5,11.0,0.0,77.0,82.8,"Outlook, Yakima County",310135,Outlook,2020-12-14 03:56:58.268152
2020-07-14,00:30,64.2,29.5,26.9,0.0,0,N ,9.7,11.0,0.0,76.7,82.7,"Outlook, Yakima County",310135,Outlook,2020-12-14 03:56:58.268152
2020-07-14,00:45,64.1,28.6,26.0,0.0,0,N ,8.6,10.7,0.0,76.5,82.5,"Outlook, Yakima County",310135,Outlook,2020-12-14 03:56:58.268152
2020-07-14,01:00,64.4,29.0,26.2,0.0,0,N ,8.2,11.0,0.0,76.2,82.4,"Outlook, Yakima County",310135,Outlook,2020-12-14 03:56:58.268152
2020-07-14,01:15,64.7,29.5,26.5,0.0,0,N ,6.0,7.8,0.0,75.9,82.3,"Outlook, Yakima County",310135,Outlook,2020-12-14 03:56:58.268152
2020-07-14,01:30,64.9,29.7,26.5,0.0,0,NE,4.2,7.8,0.0,75.7,82.2,"Outlook, Yakima County",310135,Outlook,2020-12-14 03:56:58.268152
2020-07-14,01:45,63.1,29.4,28.0,0.0,0,N ,5.2,7.1,0.0,75.4,82.1,"Outlook, Yakima County",310135,Outlook,2020-12-14 03:56:58.268152
2020-07-14,02:00,62.2,29.3,28.7,0.0,0,N ,5.2,7.4,0.0,75.2,82.0,"Outlook, Yakima County",310135,Outlook,2020-12-14 03:56:58.268152
2020-07-14,02:15,63.4,29.3,27.5,0.0,0,NE,1.7,5.3,0.0,74.9,81.9,"Outlook, Yakima County",310135,Outlook,2020-12-14 03:56:58.268152
2020-07-14,02:30,63.6,27.6,25.5,0.0,0,N ,5.8,8.9,0.0,74.6,81.7,"Outlook, Yakima County",310135,Outlook,2020-12-14 03:56:58.268152
2020-07-14,02:45,62.7,24.5,23.1,0.0,0,N ,7.1,8.2,0.0,74.3,81.6,"Outlook, Yakima County",310135,Outlook,2020-12-14 03:56:58.268152
2020-07-14,03:00,62.2,24.0,23.1,0.0,0,N ,4.4,7.1,0.0,74.1,81.5,"Outlook, Yakima County",310135,Outlook,2020-12-14 03:56:58.268152
2020-07-14,03:15,60.5,27.2,28.0,0.0,0,E,2.2,5.3,0.0,73.9,81.4,"Outlook, Yakima County",310135,Outlook,2020-12-14 03:56:58.268152
2020-07-14,03:30,58.6,28.1,31.0,0.0,0,N,0.5,3.1,0.0,73.6,81.3,"Outlook, Yakima County",310135,Outlook,2020-12-14 03:56:58.268152
2020-07-14,03:45,58.9,32.6,36.8,0.0,0,NE,2.4,3.9,0.0,73.3,81.2,"Outlook, Yakima County",310135,Outlook,2020-12-14 03:56:58.268152
2020-07-14,04:00,57.7,32.2,37.9,0.0,0,NE,3.1,4.2,0.0,73.0,81.0,"Outlook, Yakima County",310135,Outlook,2020-12-14 03:56:58.268152
2020-07-14,04:15,58.4,31.2,35.5,0.0,2,NE,2.2,3.9,0.0,72.7,80.9,"Outlook, Yakima County",310135,Outlook,2020-12-14 03:56:58.268152
2020-07-14,04:30,56.7,28.3,33.4,0.0,6,N ,5.1,6.7,0.0,72.4,80.8,"Outlook, Yakima County",310135,Outlook,2020-12-14 03:56:58.268152
2020-07-14,04:45,57.6,26.9,30.5,0.0,13,N ,4.5,7.1,0.0,72.1,80.7,"Outlook, Yakima County",310135,Outlook,2020-12-14 03:56:58.268152
2020-07-14,05:00,57.8,26.6,30.1,0.0,41,N ,5.9,7.4,0.0,71.9,80.5,"Outlook, Yakima County",310135,Outlook,2020-12-14 03:56:58.268152
2020-07-14,05:15,59.1,28.7,31.2,0.0,68,N ,4.4,6.4,0.0,71.7,80.4,"Outlook, Yakima County",310135,Outlook,2020-12-14 03:56:58.268152
2020-07-14,05:30,61.0,29.3,29.9,0.0,98,N ,2.6,4.6,0.0,71.6,80.3,"Outlook, Yakima County",310135,Outlook,2020-12-14 03:56:58.268152
2020-07-14,05:45,63.1,31.6,30.5,0.0,132,E,1.6,2.8,0.0,71.5,80.1,"Outlook, Yakima County",310135,Outlook,2020-12-14 03:56:58.268152
2020-07-14,06:00,64.8,32.5,29.9,0.0,167,W,2.6,4.6,0.0,71.4,80.0,"Outlook, Yakima County",310135,Outlook,2020-12-14 03:56:58.268152
2020-07-14,06:15,65.4,34.7,31.9,0.0,206,SW,3.4,5.3,0.0,71.5,79.9,"Outlook, Yakima County",310135,Outlook,2020-12-14 03:56:58.268152
2020-07-14,06:30,64.5,37.7,37.0,0.0,246,S,3.0,4.9,0.0,71.6,79.7,"Outlook, Yakima County",310135,Outlook,2020-12-14 03:56:58.268152
2020-07-14,06:45,64.1,38.0,37.9,0.0,286,S,3.3,4.6,0.0,71.9,79.6,"Outlook, Yakima County",310135,Outlook,2020-12-14 03:56:58.268152
2020-07-14,07:00,64.2,37.9,37.6,0.0,329,S,3.2,4.6,0.0,72.2,79.5,"Outlook, Yakima County",310135,Outlook,2020-12-14 03:56:58.268152
2020-07-14,07:15,64.4,39.8,40.4,0.0,372,S,3.1,4.9,0.0,72.7,79.3,"Outlook, Yakima County",310135,Outlook,2020-12-14 03:56:58.268152
2020-07-14,07:30,65.1,40.0,39.7,0.0,413,SW,2.7,5.3,0.0,73.2,79.2,"Outlook, Yakima County",310135,Outlook,2020-12-14 03:56:58.268152
2020-07-14,07:45,66.7,40.1,37.7,0.0,455,SW,2.6,4.2,0.0,73.8,79.1,"Outlook, Yakima County",310135,Outlook,2020-12-14 03:56:58.268152
2020-07-14,08:00,67.9,40.9,37.2,0.0,495,SW,2.6,4.9,0.0,74.5,79.0,"Outlook, Yakima County",310135,Outlook,2020-12-14 03:56:58.268152
2020-07-14,08:15,68.7,41.2,36.6,0.0,534,S,3.2,5.3,0.0,75.3,78.9,"Outlook, Yakima County",310135,Outlook,2020-12-14 03:56:58.268152
2020-07-14,08:30,69.7,41.4,35.8,0.0,574,S,3.0,4.9,0.0,76.2,78.7,"Outlook, Yakima County",310135,Outlook,2020-12-14 03:56:58.268152
2020-07-14,08:45,70.1,40.4,33.9,0.0,612,SE,3.8,7.1,0.0,77.2,78.6,"Outlook, Yakima County",310135,Outlook,2020-12-14 03:56:58.268152
2020-07-14,09:00,70.9,39.7,32.1,0.0,649,SE,3.4,6.0,0.0,78.2,78.6,"Outlook, Yakima County",310135,Outlook,2020-12-14 03:56:58.268152
2020-07-14,09:15,71.9,41.3,33.1,0.0,685,SE,3.4,7.8,0.0,79.2,78.5,"Outlook, Yakima County",310135,Outlook,2020-12-14 03:56:58.268152
2020-07-14,09:30,73.1,42.5,33.3,0.0,717,S,3.8,6.0,0.0,80.2,78.4,"Outlook, Yakima County",310135,Outlook,2020-12-14 03:56:58.268152
2020-07-14,09:45,73.5,42.7,33.0,0.0,748,SE,4.0,8.2,0.0,81.3,78.4,"Outlook, Yakima County",310135,Outlook,2020-12-14 03:56:58.268152
2020-07-14,10:00,74.6,42.9,32.0,0.0,777,SE,4.6,8.2,0.0,82.4,78.3,"Outlook, Yakima County",310135,Outlook,2020-12-14 03:56:58.268152
2020-07-14,10:15,75.2,41.7,30.1,0.0,803,SE,4.5,7.1,0.0,83.5,78.3,"Outlook, Yakima County",310135,Outlook,2020-12-14 03:56:58.268152
2020-07-14,10:30,76.1,42.7,30.3,0.0,826,S,5.0,8.2,0.0,84.6,78.3,"Outlook, Yakima County",310135,Outlook,2020-12-14 03:56:58.268152
2020-07-14,10:45,76.5,39.8,26.7,0.0,850,SE,5.2,8.9,0.0,85.7,78.3,"Outlook, Yakima County",310135,Outlook,2020-12-14 03:56:58.268152
2020-07-14,11:00,77.1,40.1,26.6,0.0,868,SE,5.2,9.9,0.0,86.8,78.3,"Outlook, Yakima County",310135,Outlook,2020-12-14 03:56:58.268152
2020-07-14,11:15,78.6,40.1,25.2,0.0,882,SE,5.3,8.5,0.0,87.8,78.3,"Outlook, Yakima County",310135,Outlook,2020-12-14 03:56:58.268152
2020-07-14,11:30,79.4,39.8,24.3,0.0,896,SE,5.7,8.5,0.0,88.8,78.4,"Outlook, Yakima County",310135,Outlook,2020-12-14 03:56:58.268152
2020-07-14,11:45,79.2,38.4,23.2,0.0,898,SE,6.7,9.6,0.0,89.7,78.4,"Outlook, Yakima County",310135,Outlook,2020-12-14 03:56:58.268152
2020-07-14,12:00,80.4,36.5,20.6,0.0,914,SE,5.7,8.5,0.0,90.4,78.5,"Outlook, Yakima County",310135,Outlook,2020-12-14 03:56:58.268152
2020-07-14,12:15,80.7,36.9,20.7,0.0,916,SE,5.4,9.2,0.0,91.2,78.6,"Outlook, Yakima County",310135,Outlook,2020-12-14 03:56:58.268152
2020-07-14,12:30,81.1,37.4,20.8,0.0,916,SE,6.1,11.0,0.0,91.9,78.7,"Outlook, Yakima County",310135,Outlook,2020-12-14 03:56:58.268152
2020-07-14,12:45,81.3,37.5,20.9,0.0,912,SE,6.2,10.3,0.0,92.6,78.9,"Outlook, Yakima County",310135,Outlook,2020-12-14 03:56:58.268152
2020-07-14,13:00,82.4,37.9,20.4,0.0,912,SE,5.9,9.2,0.0,93.2,79.0,"Outlook, Yakima County",310135,Outlook,2020-12-14 03:56:58.268152
2020-07-14,13:15,83.0,35.5,18.3,0.0,902,S,5.8,9.6,0.0,93.8,79.2,"Outlook, Yakima County",310135,Outlook,2020-12-14 03:56:58.268152
2020-07-14,13:30,83.0,34.2,17.3,0.0,895,SE,5.7,9.6,0.0,94.3,79.3,"Outlook, Yakima County",310135,Outlook,2020-12-14 03:56:58.268152
2020-07-14,13:45,83.9,35.3,17.6,0.0,852,S,5.3,8.9,0.0,94.8,79.5,"Outlook, Yakima County",310135,Outlook,2020-12-14 03:56:58.268152
2020-07-14,14:00,83.2,34.0,17.0,0.0,855,SE,5.3,8.5,0.0,95.2,79.7,"Outlook, Yakima County",310135,Outlook,2020-12-14 03:56:58.268152
2020-07-14,14:15,83.9,34.6,17.1,0.0,838,S,4.1,7.8,0.0,95.4,79.9,"Outlook, Yakima County",310135,Outlook,2020-12-14 03:56:58.268152
2020-07-14,14:30,84.1,34.5,16.9,0.0,815,S,4.5,8.9,0.0,95.0,80.1,"Outlook, Yakima County",310135,Outlook,2020-12-14 03:56:58.268152
2020-07-14,14:45,84.3,34.7,16.9,0.0,790,SE,4.1,8.5,0.0,94.4,80.3,"Outlook, Yakima County",310135,Outlook,2020-12-14 03:56:58.268152
2020-07-14,15:00,84.8,35.0,16.8,0.0,760,S,4.8,9.2,0.0,93.9,80.5,"Outlook, Yakima County",310135,Outlook,2020-12-14 03:56:58.268152
2020-07-14,15:15,84.8,36.3,17.8,0.0,721,S,5.1,9.2,0.0,93.6,80.7,"Outlook, Yakima County",310135,Outlook,2020-12-14 03:56:58.268152
2020-07-14,15:30,84.7,36.5,18.0,0.0,689,SE,5.2,8.9,0.0,93.2,80.9,"Outlook, Yakima County",310135,Outlook,2020-12-14 03:56:58.268152
2020-07-14,15:45,85.1,36.8,18.0,0.0,652,S,5.1,9.9,0.0,92.6,81.1,"Outlook, Yakima County",310135,Outlook,2020-12-14 03:56:58.268152
2020-07-14,16:00,84.9,37.2,18.3,0.0,600,S,5.5,8.5,0.0,92.0,81.4,"Outlook, Yakima County",310135,Outlook,2020-12-14 03:56:58.268152
2020-07-14,16:15,84.9,36.8,18.1,0.0,553,SE,5.3,8.5,0.0,91.6,81.6,"Outlook, Yakima County",310135,Outlook,2020-12-14 03:56:58.268152
2020-07-14,16:30,85.5,37.0,17.9,0.0,532,SE,5.3,9.2,0.0,91.4,81.8,"Outlook, Yakima County",310135,Outlook,2020-12-14 03:56:58.268152
2020-07-14,16:45,85.4,37.6,18.3,0.0,486,S,5.8,8.9,0.0,91.1,82.0,"Outlook, Yakima County",310135,Outlook,2020-12-14 03:56:58.268152
2020-07-14,17:00,85.3,36.6,17.7,0.0,437,S,4.5,7.8,0.0,90.8,82.2,"Outlook, Yakima County",310135,Outlook,2020-12-14 03:56:58.268152
2020-07-14,17:15,85.1,37.9,18.7,0.0,372,S,4.4,7.4,0.0,90.4,82.4,"Outlook, Yakima County",310135,Outlook,2020-12-14 03:56:58.268152
2020-07-14,17:30,85.2,37.7,18.5,0.0,361,SE,4.2,6.4,0.0,90.0,82.6,"Outlook, Yakima County",310135,Outlook,2020-12-14 03:56:58.268152
2020-07-14,17:45,84.6,39.6,20.3,0.0,297,SE,4.7,6.4,0.0,89.6,82.7,"Outlook, Yakima County",310135,Outlook,2020-12-14 03:56:58.268152
2020-07-14,18:00,84.4,39.2,20.2,0.0,279,SE,4.3,6.7,0.0,89.1,82.9,"Outlook, Yakima County",310135,Outlook,2020-12-14 03:56:58.268152
2020-07-14,18:15,84.4,37.8,19.1,0.0,228,SE,3.6,5.3,0.0,88.7,83.1,"Outlook, Yakima County",310135,Outlook,2020-12-14 03:56:58.268152
2020-07-14,18:30,83.8,38.2,19.8,0.0,178,SE,3.2,5.3,0.0,88.2,83.2,"Outlook, Yakima County",310135,Outlook,2020-12-14 03:56:58.268152
2020-07-14,18:45,83.0,38.8,20.8,0.0,137,SE,2.1,3.5,0.0,87.8,83.4,"Outlook, Yakima County",310135,Outlook,2020-12-14 03:56:58.268152
2020-07-14,19:00,82.8,40.7,22.4,0.0,106,E,0.3,2.4,0.0,87.3,83.5,"Outlook, Yakima County",310135,Outlook,2020-12-14 03:56:58.268152
2020-07-14,19:15,80.7,42.0,25.3,0.0,70,E,2.0,2.8,0.0,86.9,83.7,"Outlook, Yakima County",310135,Outlook,2020-12-14 03:56:58.268152
2020-07-14,19:30,78.8,40.4,25.4,0.0,37,NE,2.8,3.9,0.0,86.4,83.8,"Outlook, Yakima County",310135,Outlook,2020-12-14 03:56:58.268152
2020-07-14,19:45,77.0,37.2,23.7,0.0,11,N ,6.3,9.6,0.0,85.9,83.9,"Outlook, Yakima County",310135,Outlook,2020-12-14 03:56:58.268152
2020-07-14,20:00,76.6,34.0,21.2,0.0,4,N ,7.4,9.2,0.0,85.4,84.0,"Outlook, Yakima County",310135,Outlook,2020-12-14 03:56:58.268152
2020-07-14,20:15,75.0,33.6,22.0,0.0,1,N ,8.7,11.0,0.0,84.8,84.0,"Outlook, Yakima County",310135,Outlook,2020-12-14 03:56:58.268152
2020-07-14,20:30,74.8,25.8,16.1,0.0,0,N ,8.9,11.4,0.0,84.3,84.1,"Outlook, Yakima County",310135,Outlook,2020-12-14 03:56:58.268152
2020-07-14,20:45,75.4,23.7,14.4,0.0,0,N ,8.5,10.7,0.0,83.8,84.1,"Outlook, Yakima County",310135,Outlook,2020-12-14 03:56:58.268152
2020-07-14,21:00,75.0,22.6,14.0,0.0,0,NE,6.7,9.6,0.0,83.3,84.2,"Outlook, Yakima County",310135,Outlook,2020-12-14 03:56:58.268152
2020-07-14,21:15,76.4,26.0,15.4,0.0,0,NE,5.0,10.3,0.0,82.9,84.2,"Outlook, Yakima County",310135,Outlook,2020-12-14 03:56:58.268152
2020-07-14,21:30,73.0,24.5,16.2,0.0,0,N ,7.3,9.6,0.0,82.4,84.2,"Outlook, Yakima County",310135,Outlook,2020-12-14 03:56:58.268152
2020-07-14,21:45,72.4,21.5,14.6,0.0,0,N ,9.3,11.4,0.0,82.0,84.2,"Outlook, Yakima County",310135,Outlook,2020-12-14 03:56:58.268152
2020-07-14,22:00,71.4,21.1,14.8,0.0,0,N ,10.3,12.8,0.0,81.6,84.2,"Outlook, Yakima County",310135,Outlook,2020-12-14 03:56:58.268152
2020-07-14,22:15,73.4,19.5,13.0,0.0,0,N ,9.2,13.2,0.0,81.2,84.1,"Outlook, Yakima County",310135,Outlook,2020-12-14 03:56:58.268152
2020-07-14,22:30,73.2,17.2,11.8,0.0,0,N ,8.9,11.0,0.0,80.8,84.1,"Outlook, Yakima County",310135,Outlook,2020-12-14 03:56:58.268152
2020-07-14,22:45,72.6,14.0,10.5,0.0,0,N ,7.5,12.1,0.0,80.4,84.1,"Outlook, Yakima County",310135,Outlook,2020-12-14 03:56:58.268152
2020-07-14,23:00,72.8,13.7,10.3,0.0,0,E,3.6,8.5,0.0,80.1,84.0,"Outlook, Yakima County",310135,Outlook,2020-12-14 03:56:58.268152
2020-07-15,23:15,72.0,12.1,9.8,0.0,0,NW,1.7,5.3,0.0,79.7,83.9,"Outlook, Yakima County",310135,Outlook,2020-12-14 03:56:58.268152
2020-07-15,23:30,74.4,10.5,8.4,0.0,0,NE,3.1,5.7,0.0,79.3,83.9,"Outlook, Yakima County",310135,Outlook,2020-12-14 03:56:58.268152
2020-07-15,23:45,75.0,11.5,8.6,0.0,0,NE,3.4,5.7,0.0,78.9,83.8,"Outlook, Yakima County",310135,Outlook,2020-12-14 03:56:58.268152
2020-07-15,24:00,73.2,12.4,9.6,0.0,0,N,3.2,7.4,0.0,78.5,83.7,"Outlook, Yakima County",310135,Outlook,2020-12-14 03:56:58.268152
2020-07-15,00:15,72.1,13.7,10.5,0.0,0,W,2.2,6.0,0.0,78.2,83.6,"Outlook, Yakima County",310135,Outlook,2020-12-14 03:56:58.268152
2020-07-15,00:30,71.8,11.4,9.6,0.0,0,NW,4.1,13.2,0.0,77.8,83.5,"Outlook, Yakima County",310135,Outlook,2020-12-14 03:56:58.268152
2020-07-15,00:45,72.7,7.9,8.0,0.0,0,NW,12.8,16.4,0.0,77.5,83.4,"Outlook, Yakima County",310135,Outlook,2020-12-14 03:56:58.268152
2020-07-15,01:00,73.1,7.6,7.7,0.0,0,NW,14.5,18.9,0.0,77.2,83.3,"Outlook, Yakima County",310135,Outlook,2020-12-14 03:56:58.268152
2020-07-15,01:15,72.6,7.9,8.0,0.0,0,NW,14.8,21.4,0.0,77.1,83.2,"Outlook, Yakima County",310135,Outlook,2020-12-14 03:56:58.268152
2020-07-15,01:30,71.7,7.5,8.1,0.0,0,W,10.8,16.7,0.0,76.9,83.1,"Outlook, Yakima County",310135,Outlook,2020-12-14 03:56:58.268152
2020-07-15,01:45,71.1,7.6,8.3,0.0,0,W,8.6,11.7,0.0,76.7,83.0,"Outlook, Yakima County",310135,Outlook,2020-12-14 03:56:58.268152
2020-07-15,02:00,70.3,9.5,9.3,0.0,0,W,9.1,12.4,0.0,76.5,82.8,"Outlook, Yakima County",310135,Outlook,2020-12-14 03:56:58.268152
2020-07-15,02:15,71.2,12.5,10.3,0.0,0,W,11.2,15.0,0.0,76.3,82.7,"Outlook, Yakima County",310135,Outlook,2020-12-14 03:56:58.268152
2020-07-15,02:30,71.6,17.4,12.6,0.0,0,NW,11.4,18.5,0.0,76.2,82.6,"Outlook, Yakima County",310135,Outlook,2020-12-14 03:56:58.268152
2020-07-15,02:45,69.8,19.3,14.5,0.0,0,W,7.7,13.2,0.0,76.0,82.5,"Outlook, Yakima County",310135,Outlook,2020-12-14 03:56:58.268152
2020-07-15,03:00,70.7,21.0,15.1,0.0,0,NW,8.0,12.4,0.0,75.8,82.3,"Outlook, Yakima County",310135,Outlook,2020-12-14 03:56:58.268152
2020-07-15,03:15,68.5,25.0,19.3,0.0,0,W,4.3,10.3,0.0,75.7,82.2,"Outlook, Yakima County",310135,Outlook,2020-12-14 03:56:58.268152
2020-07-15,03:30,65.6,28.6,24.7,0.0,0,S,2.7,6.4,0.0,75.5,82.1,"Outlook, Yakima County",310135,Outlook,2020-12-14 03:56:58.268152
2020-07-15,03:45,64.2,30.0,27.5,0.0,0,W,2.1,7.1,0.0,75.3,82.0,"Outlook, Yakima County",310135,Outlook,2020-12-14 03:56:58.268152
2020-07-15,04:00,64.4,31.7,29.3,0.0,0,SW,3.0,7.8,0.0,75.1,81.9,"Outlook, Yakima County",310135,Outlook,2020-12-14 03:56:58.268152
2020-07-15,04:15,67.2,32.1,27.0,0.0,1,NW,3.5,7.1,0.0,74.8,81.7,"Outlook, Yakima County",310135,Outlook,2020-12-14 03:56:58.268152
2020-07-15,04:30,64.5,32.3,29.9,0.0,5,W,3.5,10.3,0.0,74.6,81.6,"Outlook, Yakima County",310135,Outlook,2020-12-14 03:56:58.268152
2020-07-15,04:45,69.1,33.1,26.2,0.0,11,NW,9.2,12.1,0.0,74.4,81.5,"Outlook, Yakima County",310135,Outlook,2020-12-14 03:56:58.268152
2020-07-15,05:00,67.1,34.5,29.8,0.0,40,NW,6.1,12.1,0.0,74.3,81.4,"Outlook, Yakima County",310135,Outlook,2020-12-14 03:56:58.268152
2020-07-15,05:15,64.9,35.4,33.4,0.0,69,W,4.8,7.1,0.0,74.2,81.3,"Outlook, Yakima County",310135,Outlook,2020-12-14 03:56:58.268152
2020-07-15,05:30,68.6,34.3,28.0,0.0,99,NW,7.2,10.7,0.0,74.1,81.2,"Outlook, Yakima County",310135,Outlook,2020-12-14 03:56:58.268152
2020-07-15,05:45,67.7,35.6,30.4,0.0,131,SW,4.4,10.7,0.0,74.0,81.0,"Outlook, Yakima County",310135,Outlook,2020-12-14 03:56:58.268152
2020-07-15,06:00,69.4,33.0,25.9,0.0,167,W,6.0,9.6,0.0,74.0,80.9,"Outlook, Yakima County",310135,Outlook,2020-12-14 03:56:58.268152
2020-07-15,06:15,69.8,37.2,30.2,0.0,205,SW,3.9,8.5,0.0,74.1,80.8,"Outlook, Yakima County",310135,Outlook,2020-12-14 03:56:58.268152
2020-07-15,06:30,72.4,36.2,26.6,0.0,249,W,4.4,7.8,0.0,74.2,80.7,"Outlook, Yakima County",310135,Outlook,2020-12-14 03:56:58.268152
2020-07-15,06:45,72.5,39.4,30.0,0.0,294,SW,4.0,6.0,0.0,74.4,80.6,"Outlook, Yakima County",310135,Outlook,2020-12-14 03:56:58.268152
2020-07-15,07:00,71.2,42.9,36.0,0.0,289,SW,4.0,7.4,0.0,74.8,80.4,"Outlook, Yakima County",310135,Outlook,2020-12-14 03:56:58.268152
2020-07-15,07:15,70.7,44.6,39.0,0.0,310,SW,3.5,5.7,0.0,75.3,80.3,"Outlook, Yakima County",310135,Outlook,2020-12-14 03:56:58.268152
2020-07-15,07:30,71.4,46.1,40.3,0.0,433,S,3.3,6.0,0.0,75.7,80.2,"Outlook, Yakima County",310135,Outlook,2020-12-14 03:56:58.268152
2020-07-15,07:45,73.0,47.4,40.2,0.0,472,S,4.1,7.4,0.0,76.4,80.1,"Outlook, Yakima County",310135,Outlook,2020-12-14 03:56:58.268152
2020-07-15,08:00,73.6,48.1,40.4,0.0,519,S,4.9,7.4,0.0,77.2,80.0,"Outlook, Yakima County",310135,Outlook,2020-12-14 03:56:58.268152
2020-07-15,08:15,74.9,48.3,38.9,0.0,548,S,4.4,7.1,0.0,78.1,79.9,"Outlook, Yakima County",310135,Outlook,2020-12-14 03:56:58.268152
2020-07-15,08:30,73.8,49.6,42.4,0.0,534,S,4.6,7.4,0.0,79.0,79.8,"Outlook, Yakima County",310135,Outlook,2020-12-14 03:56:58.268152
2020-07-15,08:45,73.9,49.9,42.8,0.0,596,S,4.3,6.4,0.0,80.0,79.7,"Outlook, Yakima County",310135,Outlook,2020-12-14 03:56:58.268152
2020-07-15,09:00,75.1,49.9,41.1,0.0,618,SE,3.8,6.4,0.0,80.9,79.7,"Outlook, Yakima County",310135,Outlook,2020-12-14 03:56:58.268152
2020-07-15,09:15,76.4,50.0,39.5,0.0,594,S,4.0,6.7,0.0,81.9,79.6,"Outlook, Yakima County",310135,Outlook,2020-12-14 03:56:58.268152
2020-07-15,09:30,76.8,50.0,39.0,0.0,649,S,4.1,7.8,0.0,82.8,79.5,"Outlook, Yakima County",310135,Outlook,2020-12-14 03:56:58.268152
2020-07-15,09:45,78.0,50.3,37.9,0.0,685,SE,4.7,7.1,0.0,83.7,79.5,"Outlook, Yakima County",310135,Outlook,2020-12-14 03:56:58.268152
2020-07-15,10:00,79.0,50.1,36.3,0.0,742,SE,4.5,7.8,0.0,84.7,79.5,"Outlook, Yakima County",310135,Outlook,2020-12-14 03:56:58.268152
2020-07-15,10:15,80.2,49.6,34.4,0.0,789,SE,4.3,7.1,0.0,85.7,79.5,"Outlook, Yakima County",310135,Outlook,2020-12-14 03:56:58.268152
2020-07-15,10:30,81.9,50.4,33.5,0.0,823,S,5.0,7.8,0.0,86.8,79.5,"Outlook, Yakima County",310135,Outlook,2020-12-14 03:56:58.268152
2020-07-15,10:45,82.0,50.0,32.8,0.0,869,SE,6.1,9.6,0.0,87.9,79.5,"Outlook, Yakima County",310135,Outlook,2020-12-14 03:56:58.268152
2020-07-15,11:00,82.6,50.2,32.4,0.0,876,S,5.7,8.9,0.0,89.0,79.5,"Outlook, Yakima County",310135,Outlook,2020-12-14 03:56:58.268152
2020-07-15,11:15,83.2,48.7,30.1,0.0,885,S,5.5,8.9,0.0,90.2,79.6,"Outlook, Yakima County",310135,Outlook,2020-12-14 03:56:58.268152
2020-07-15,11:30,84.3,45.4,25.7,0.0,890,SE,6.2,9.6,0.0,91.3,79.6,"Outlook, Yakima County",310135,Outlook,2020-12-14 03:56:58.268152
2020-07-15,11:45,84.8,45.5,25.4,0.0,875,SE,5.6,9.2,0.0,92.2,79.7,"Outlook, Yakima County",310135,Outlook,2020-12-14 03:56:58.268152
2020-07-15,12:00,84.7,45.5,25.5,0.0,871,SE,6.0,8.9,0.0,93.1,79.8,"Outlook, Yakima County",310135,Outlook,2020-12-14 03:56:58.268152
2020-07-15,12:15,86.1,45.8,24.6,0.0,893,SE,5.9,11.0,0.0,93.8,79.9,"Outlook, Yakima County",310135,Outlook,2020-12-14 03:56:58.268152
2020-07-15,12:30,86.2,45.6,24.3,0.0,899,SE,5.5,9.6,0.0,94.5,80.0,"Outlook, Yakima County",310135,Outlook,2020-12-14 03:56:58.268152
2020-07-15,12:45,87.4,47.0,24.7,0.0,895,SE,5.5,9.6,0.0,95.2,80.1,"Outlook, Yakima County",310135,Outlook,2020-12-14 03:56:58.268152
2020-07-15,13:00,88.2,45.8,23.0,0.0,886,S,5.3,9.6,0.0,95.9,80.3,"Outlook, Yakima County",310135,Outlook,2020-12-14 03:56:58.268152
2020-07-15,13:15,88.2,45.5,22.8,0.0,875,S,5.3,8.9,0.0,96.6,80.4,"Outlook, Yakima County",310135,Outlook,2020-12-14 03:56:58.268152
2020-07-15,13:30,88.6,45.6,22.6,0.0,863,SE,5.8,11.0,0.0,97.1,80.6,"Outlook, Yakima County",310135,Outlook,2020-12-14 03:56:58.268152
2020-07-15,13:45,89.1,45.5,22.1,0.0,849,SE,5.5,10.7,0.0,97.6,80.8,"Outlook, Yakima County",310135,Outlook,2020-12-14 03:56:58.268152
2020-07-15,14:00,90.0,45.7,21.7,0.0,832,S,5.1,7.8,0.0,97.9,81.0,"Outlook, Yakima County",310135,Outlook,2020-12-14 03:56:58.268152
2020-07-15,14:15,89.7,45.9,22.1,0.0,812,S,5.8,10.7,0.0,98.2,81.2,"Outlook, Yakima County",310135,Outlook,2020-12-14 03:56:58.268152
2020-07-15,14:30,90.2,46.6,22.3,0.0,785,S,6.5,9.6,0.0,97.9,81.4,"Outlook, Yakima County",310135,Outlook,2020-12-14 03:56:58.268152
2020-07-15,14:45,90.1,46.7,22.5,0.0,758,S,5.3,9.2,0.0,97.4,81.5,"Outlook, Yakima County",310135,Outlook,2020-12-14 03:56:58.268152
2020-07-15,15:00,90.7,46.8,22.1,0.0,730,S,5.3,8.5,0.0,97.0,81.7,"Outlook, Yakima County",310135,Outlook,2020-12-14 03:56:58.268152
2020-07-15,15:15,90.9,46.6,21.8,0.0,698,SE,5.8,9.9,0.0,96.8,81.9,"Outlook, Yakima County",310135,Outlook,2020-12-14 03:56:58.268152
2020-07-15,15:30,91.0,48.1,23.1,0.0,665,S,5.3,8.2,0.0,96.4,82.1,"Outlook, Yakima County",310135,Outlook,2020-12-14 03:56:58.268152
2020-07-15,15:45,91.4,47.2,21.9,0.0,629,SE,5.6,8.2,0.0,95.7,82.3,"Outlook, Yakima County",310135,Outlook,2020-12-14 03:56:58.268152
2020-07-15,16:00,91.6,47.7,22.2,0.0,592,SE,5.5,8.2,0.0,95.1,82.6,"Outlook, Yakima County",310135,Outlook,2020-12-14 03:56:58.268152
2020-07-15,16:15,91.5,47.9,22.5,0.0,552,SE,5.6,9.6,0.0,94.7,82.8,"Outlook, Yakima County",310135,Outlook,2020-12-14 03:56:58.268152
2020-07-15,16:30,91.6,47.5,22.0,0.0,513,SE,6.1,11.0,0.0,94.4,83.0,"Outlook, Yakima County",310135,Outlook,2020-12-14 03:56:58.268152
2020-07-15,16:45,92.0,48.2,22.3,0.0,470,SE,6.0,9.2,0.0,94.1,83.2,"Outlook, Yakima County",310135,Outlook,2020-12-14 03:56:58.268152
2020-07-15,17:00,91.8,49.1,23.3,0.0,428,SE,5.7,8.9,0.0,93.8,83.4,"Outlook, Yakima County",310135,Outlook,2020-12-14 03:56:58.268152
2020-07-15,17:15,91.5,48.3,22.8,0.0,384,SE,5.2,8.2,0.0,93.5,83.6,"Outlook, Yakima County",310135,Outlook,2020-12-14 03:56:58.268152
2020-07-15,17:30,91.4,49.1,23.6,0.0,341,SE,5.3,8.2,0.0,93.0,83.8,"Outlook, Yakima County",310135,Outlook,2020-12-14 03:56:58.268152
2020-07-15,17:45,91.1,49.3,24.0,0.0,297,E,3.5,7.1,0.0,92.6,84.0,"Outlook, Yakima County",310135,Outlook,2020-12-14 03:56:58.268152
2020-07-15,18:00,92.3,44.4,19.2,0.0,255,N,11.6,17.8,0.0,92.2,84.2,"Outlook, Yakima County",310135,Outlook,2020-12-14 03:56:58.268152
2020-07-15,18:15,91.2,44.2,19.7,0.0,214,N,15.9,20.0,0.0,91.8,84.4,"Outlook, Yakima County",310135,Outlook,2020-12-14 03:56:58.268152
2020-07-15,18:30,89.8,44.1,20.6,0.0,173,N,16.8,21.0,0.0,91.3,84.5,"Outlook, Yakima County",310135,Outlook,2020-12-14 03:56:58.268152
2020-07-15,18:45,88.6,44.1,21.4,0.0,135,N,15.4,20.7,0.0,90.9,84.7,"Outlook, Yakima County",310135,Outlook,2020-12-14 03:56:58.268152
2020-07-15,19:00,87.4,44.2,22.2,0.0,99,N,15.9,21.0,0.0,90.5,84.8,"Outlook, Yakima County",310135,Outlook,2020-12-14 03:56:58.268152
2020-07-15,19:15,86.1,44.3,23.2,0.0,68,N,16.4,22.5,0.0,90.0,84.9,"Outlook, Yakima County",310135,Outlook,2020-12-14 03:56:58.268152
2020-07-15,19:30,84.9,43.7,23.6,0.0,38,N,16.2,21.0,0.0,89.6,85.1,"Outlook, Yakima County",310135,Outlook,2020-12-14 03:56:58.268152
2020-07-15,19:45,83.7,43.6,24.5,0.0,10,NW,15.0,20.3,0.0,89.1,85.2,"Outlook, Yakima County",310135,Outlook,2020-12-14 03:56:58.268152
2020-07-15,20:00,82.6,43.6,25.3,0.0,4,NW,14.7,20.3,0.0,88.6,85.2,"Outlook, Yakima County",310135,Outlook,2020-12-14 03:56:58.268152
2020-07-15,20:15,81.6,43.8,26.3,0.0,1,NW,15.9,21.0,0.0,88.1,85.3,"Outlook, Yakima County",310135,Outlook,2020-12-14 03:56:58.268152
2020-07-15,20:30,80.9,43.8,27.0,0.0,0,NW,15.4,20.3,0.0,87.7,85.3,"Outlook, Yakima County",310135,Outlook,2020-12-14 03:56:58.268152
2020-07-15,20:45,80.4,43.9,27.5,0.0,0,NW,15.9,20.7,0.0,87.2,85.4,"Outlook, Yakima County",310135,Outlook,2020-12-14 03:56:58.268152
2020-07-15,21:00,80.0,44.2,28.2,0.0,0,NW,16.7,22.5,0.0,86.8,85.4,"Outlook, Yakima County",310135,Outlook,2020-12-14 03:56:58.268152
2020-07-15,21:15,79.6,44.5,28.9,0.0,0,NW,17.9,22.5,0.0,86.4,85.4,"Outlook, Yakima County",310135,Outlook,2020-12-14 03:56:58.268152
2020-07-15,21:30,79.1,44.6,29.5,0.0,0,NW,18.1,23.9,0.0,86.0,85.5,"Outlook, Yakima County",310135,Outlook,2020-12-14 03:56:58.268152
2020-07-15,21:45,78.8,44.7,29.9,0.0,0,NW,17.8,25.0,0.0,85.6,85.5,"Outlook, Yakima County",310135,Outlook,2020-12-14 03:56:58.268152
2020-07-15,22:00,78.6,44.6,30.0,0.0,0,NW,14.3,23.9,0.0,85.3,85.4,"Outlook, Yakima County",310135,Outlook,2020-12-14 03:56:58.268152
2020-07-15,22:15,77.8,45.1,31.4,0.0,0,NE,5.8,13.9,0.0,84.9,85.4,"Outlook, Yakima County",310135,Outlook,2020-12-14 03:56:58.268152
2020-07-15,22:30,76.3,45.4,33.3,0.0,0,SE,4.0,7.1,0.0,84.6,85.3,"Outlook, Yakima County",310135,Outlook,2020-12-14 03:56:58.268152
2020-07-15,22:45,76.3,45.5,33.5,0.0,0,SE,3.9,11.0,0.0,84.2,85.3,"Outlook, Yakima County",310135,Outlook,2020-12-14 03:56:58.268152
2020-07-15,23:00,74.6,45.6,35.6,0.0,0,N ,2.7,7.8,0.0,83.8,85.3,"Outlook, Yakima County",310135,Outlook,2020-12-14 03:56:58.268152
2020-07-16,23:15,75.2,44.7,33.7,0.0,0,NW,6.3,9.2,0.0,83.4,85.2,"Outlook, Yakima County",310135,Outlook,2020-12-14 03:56:58.268152
2020-07-16,23:30,75.4,44.7,33.5,0.0,0,N,6.0,10.3,0.0,83.0,85.2,"Outlook, Yakima County",310135,Outlook,2020-12-14 03:56:58.268152
2020-07-16,23:45,75.1,44.9,34.0,0.0,0,NW,6.3,12.1,0.0,82.7,85.1,"Outlook, Yakima County",310135,Outlook,2020-12-14 03:56:58.268152
2020-07-16,24:00,75.2,44.6,33.5,0.0,0,NW,6.9,9.9,0.0,82.3,85.1,"Outlook, Yakima County",310135,Outlook,2020-12-14 03:56:58.268152
2020-07-16,00:15,75.2,44.6,33.5,0.0,0,NW,9.0,13.9,0.0,82.0,85.0,"Outlook, Yakima County",310135,Outlook,2020-12-14 03:56:58.268152
2020-07-16,00:30,74.9,44.6,33.9,0.0,0,NW,8.6,15.0,0.0,81.8,84.9,"Outlook, Yakima County",310135,Outlook,2020-12-14 03:56:58.268152
2020-07-16,00:45,74.7,44.4,33.8,0.0,0,NW,7.8,12.4,0.0,81.5,84.8,"Outlook, Yakima County",310135,Outlook,2020-12-14 03:56:58.268152
2020-07-16,01:00,75.3,44.0,32.7,0.0,0,NW,9.7,12.4,0.0,81.3,84.7,"Outlook, Yakima County",310135,Outlook,2020-12-14 03:56:58.268152
2020-07-16,01:15,73.1,44.4,35.7,0.0,0,W,6.4,9.6,0.0,81.1,84.7,"Outlook, Yakima County",310135,Outlook,2020-12-14 03:56:58.268152
2020-07-16,01:30,72.9,44.6,36.2,0.0,0,W,7.4,9.6,0.0,80.8,84.6,"Outlook, Yakima County",310135,Outlook,2020-12-14 03:56:58.268152
2020-07-16,01:45,72.7,44.7,36.7,0.0,0,NW,6.7,8.9,0.0,80.6,84.5,"Outlook, Yakima County",310135,Outlook,2020-12-14 03:56:58.268152
2020-07-16,02:00,72.1,44.8,37.4,0.0,0,NW,7.0,9.6,0.0,80.4,84.4,"Outlook, Yakima County",310135,Outlook,2020-12-14 03:56:58.268152
2020-07-16,02:15,71.6,45.0,38.4,0.0,0,NW,8.4,10.3,0.0,80.1,84.3,"Outlook, Yakima County",310135,Outlook,2020-12-14 03:56:58.268152
2020-07-16,02:30,71.5,44.9,38.5,0.0,0,NW,7.5,12.1,0.0,79.9,84.2,"Outlook, Yakima County",310135,Outlook,2020-12-14 03:56:58.268152
2020-07-16,02:45,69.9,45.0,40.7,0.0,0,NW,6.6,9.2,0.0,79.7,84.1,"Outlook, Yakima County",310135,Outlook,2020-12-14 03:56:58.268152
2020-07-16,03:00,71.0,45.3,39.6,0.0,0,NW,10.3,16.0,0.0,79.4,84.0,"Outlook, Yakima County",310135,Outlook,2020-12-14 03:56:58.268152
2020-07-16,03:15,73.1,45.1,36.6,0.0,0,NW,14.5,18.9,0.0,79.2,83.9,"Outlook, Yakima County",310135,Outlook,2020-12-14 03:56:58.268152
2020-07-16,03:30,71.7,45.4,38.8,0.0,0,NW,12.1,15.0,0.0,79.0,83.7,"Outlook, Yakima County",310135,Outlook,2020-12-14 03:56:58.268152
2020-07-16,03:45,72.3,45.2,37.8,0.0,0,NW,12.4,16.7,0.0,78.9,83.6,"Outlook, Yakima County",310135,Outlook,2020-12-14 03:56:58.268152
2020-07-16,04:00,72.9,44.7,36.4,0.0,0,NW,13.3,16.7,0.0,78.7,83.5,"Outlook, Yakima County",310135,Outlook,2020-12-14 03:56:58.268152
2020-07-16,04:15,72.7,44.5,36.3,0.0,1,NW,12.1,17.5,0.0,78.6,83.4,"Outlook, Yakima County",310135,Outlook,2020-12-14 03:56:58.268152
2020-07-16,04:30,70.4,44.7,39.6,0.0,4,NW,8.7,11.7,0.0,78.4,83.3,"Outlook, Yakima County",310135,Outlook,2020-12-14 03:56:58.268152
2020-07-16,04:45,71.2,44.8,38.7,0.0,10,NW,9.8,12.8,0.0,78.3,83.2,"Outlook, Yakima County",310135,Outlook,2020-12-14 03:56:58.268152
2020-07-16,05:00,70.9,45.0,39.3,0.0,40,NW,8.4,11.0,0.0,78.1,83.1,"Outlook, Yakima County",310135,Outlook,2020-12-14 03:56:58.268152
2020-07-16,05:15,69.8,45.4,41.4,0.0,66,NE,2.5,5.7,0.0,77.9,83.0,"Outlook, Yakima County",310135,Outlook,2020-12-14 03:56:58.268152
2020-07-16,05:30,70.8,45.1,39.7,0.0,95,NE,2.0,4.6,0.0,77.8,82.9,"Outlook, Yakima County",310135,Outlook,2020-12-14 03:56:58.268152
2020-07-16,05:45,73.9,43.4,33.4,0.0,127,NW,7.9,12.4,0.0,77.6,82.8,"Outlook, Yakima County",310135,Outlook,2020-12-14 03:56:58.268152
2020-07-16,06:00,74.8,43.3,32.4,0.0,162,NW,11.6,17.5,0.0,77.5,82.6,"Outlook, Yakima County",310135,Outlook,2020-12-14 03:56:58.268152
2020-07-16,06:15,75.1,43.5,32.3,0.0,200,NW,13.1,17.5,0.0,77.5,82.5,"Outlook, Yakima County",310135,Outlook,2020-12-14 03:56:58.268152
2020-07-16,06:30,76.1,43.5,31.3,0.0,240,NW,11.9,16.4,0.0,77.5,82.4,"Outlook, Yakima County",310135,Outlook,2020-12-14 03:56:58.268152
2020-07-16,06:45,76.8,43.5,30.5,0.0,282,NW,11.9,15.7,0.0,77.6,82.3,"Outlook, Yakima County",310135,Outlook,2020-12-14 03:56:58.268152
2020-07-16,07:00,78.2,43.6,29.2,0.0,327,NW,12.3,16.0,0.0,77.8,82.2,"Outlook, Yakima County",310135,Outlook,2020-12-14 03:56:58.268152
2020-07-16,07:15,79.1,43.8,28.6,0.0,380,NW,11.6,16.4,0.0,78.0,82.1,"Outlook, Yakima County",310135,Outlook,2020-12-14 03:56:58.268152
2020-07-16,07:30,79.7,43.9,28.2,0.0,434,NW,12.2,16.4,0.0,78.4,82.0,"Outlook, Yakima County",310135,Outlook,2020-12-14 03:56:58.268152
2020-07-16,07:45,80.3,43.9,27.6,0.0,409,W,11.9,17.5,0.0,78.9,81.9,"Outlook, Yakima County",310135,Outlook,2020-12-14 03:56:58.268152
2020-07-16,08:00,80.3,43.6,27.4,0.0,348,NW,13.4,19.6,0.0,79.5,81.8,"Outlook, Yakima County",310135,Outlook,2020-12-14 03:56:58.268152
2020-07-16,08:15,79.9,43.9,28.0,0.0,436,NW,12.3,16.0,0.0,80.0,81.7,"Outlook, Yakima County",310135,Outlook,2020-12-14 03:56:58.268152
2020-07-16,08:30,81.5,43.6,26.2,0.0,569,NW,13.0,17.8,0.0,80.4,81.6,"Outlook, Yakima County",310135,Outlook,2020-12-14 03:56:58.268152
2020-07-16,08:45,82.3,42.9,24.9,0.0,607,NW,13.3,17.8,0.0,81.1,81.5,"Outlook, Yakima County",310135,Outlook,2020-12-14 03:56:58.268152
2020-07-16,09:00,81.5,49.0,32.2,0.0,638,W,10.2,16.7,0.0,81.9,81.4,"Outlook, Yakima County",310135,Outlook,2020-12-14 03:56:58.268152
2020-07-16,09:15,82.8,49.3,31.2,0.0,674,W,9.1,13.2,0.0,82.9,81.3,"Outlook, Yakima County",310135,Outlook,2020-12-14 03:56:58.268152
2020-07-16,09:30,82.6,50.7,33.1,0.0,702,W,9.5,13.2,0.0,84.1,81.3,"Outlook, Yakima County",310135,Outlook,2020-12-14 03:56:58.268152
2020-07-16,09:45,83.8,48.8,29.7,0.0,734,W,8.7,15.3,0.0,85.3,81.2,"Outlook, Yakima County",310135,Outlook,2020-12-14 03:56:58.268152
2020-07-16,10:00,84.9,47.5,27.3,0.0,762,W,9.0,15.0,0.0,86.6,81.2,"Outlook, Yakima County",310135,Outlook,2020-12-14 03:56:58.268152
2020-07-16,10:15,86.1,44.6,23.4,0.0,790,W,10.1,16.7,0.0,87.9,81.2,"Outlook, Yakima County",310135,Outlook,2020-12-14 03:56:58.268152
2020-07-16,10:30,87.6,38.3,17.6,0.0,813,NW,11.9,16.0,0.0,89.0,81.1,"Outlook, Yakima County",310135,Outlook,2020-12-14 03:56:58.268152
2020-07-16,10:45,88.0,38.9,17.8,0.0,837,W,10.7,16.0,0.0,90.0,81.1,"Outlook, Yakima County",310135,Outlook,2020-12-14 03:56:58.268152
2020-07-16,11:00,89.0,40.3,18.2,0.0,816,W,10.6,16.0,0.0,90.9,81.1,"Outlook, Yakima County",310135,Outlook,2020-12-14 03:56:58.268152
2020-07-16,11:15,88.7,41.6,19.3,0.0,866,W,8.4,13.5,0.0,91.9,81.1,"Outlook, Yakima County",310135,Outlook,2020-12-14 03:56:58.268152
2020-07-16,11:30,88.5,43.0,20.5,0.0,889,SW,6.6,10.3,0.0,92.9,81.2,"Outlook, Yakima County",310135,Outlook,2020-12-14 03:56:58.268152
2020-07-16,11:45,88.6,43.8,21.1,0.0,897,SW,6.7,12.8,0.0,94.0,81.2,"Outlook, Yakima County",310135,Outlook,2020-12-14 03:56:58.268152
2020-07-16,12:00,89.0,45.2,21.9,0.0,910,SW,6.8,10.7,0.0,95.1,81.3,"Outlook, Yakima County",310135,Outlook,2020-12-14 03:56:58.268152
2020-07-16,12:15,88.8,44.7,21.7,0.0,917,SW,6.8,10.3,0.0,96.0,81.4,"Outlook, Yakima County",310135,Outlook,2020-12-14 03:56:58.268152
2020-07-16,12:30,88.9,45.2,22.0,0.0,923,SW,6.2,10.7,0.0,96.9,81.4,"Outlook, Yakima County",310135,Outlook,2020-12-14 03:56:58.268152
2020-07-16,12:45,89.7,45.4,21.7,0.0,913,SW,6.7,10.7,0.0,97.7,81.6,"Outlook, Yakima County",310135,Outlook,2020-12-14 03:56:58.268152
2020-07-16,13:00,89.8,45.1,21.3,0.0,903,S,5.7,10.3,0.0,98.4,81.7,"Outlook, Yakima County",310135,Outlook,2020-12-14 03:56:58.268152
2020-07-16,13:15,90.5,43.6,19.7,0.0,905,SW,6.1,11.0,0.0,99.1,81.8,"Outlook, Yakima County",310135,Outlook,2020-12-14 03:56:58.268152
2020-07-16,13:30,90.9,42.2,18.5,0.0,884,SW,5.9,9.6,0.0,99.6,81.9,"Outlook, Yakima County",310135,Outlook,2020-12-14 03:56:58.268152
2020-07-16,13:45,91.2,41.9,18.0,0.0,866,S,5.8,9.9,0.0,100.1,82.1,"Outlook, Yakima County",310135,Outlook,2020-12-14 03:56:58.268152
2020-07-16,14:00,91.9,42.0,17.7,0.0,831,S,6.1,11.4,0.0,100.5,82.2,"Outlook, Yakima County",310135,Outlook,2020-12-14 03:56:58.268152
2020-07-16,14:15,92.1,40.5,16.7,0.0,831,S,5.4,10.7,0.0,100.6,82.4,"Outlook, Yakima County",310135,Outlook,2020-12-14 03:56:58.268152
2020-07-16,14:30,92.7,41.4,16.9,0.0,797,SW,5.2,9.9,0.0,100.3,82.6,"Outlook, Yakima County",310135,Outlook,2020-12-14 03:56:58.268152
2020-07-16,14:45,93.4,40.5,15.9,0.0,778,W,5.3,8.9,0.0,99.8,82.7,"Outlook, Yakima County",310135,Outlook,2020-12-14 03:56:58.268152
2020-07-16,15:00,94.0,39.7,15.2,0.0,739,SW,5.5,8.5,0.0,99.3,82.9,"Outlook, Yakima County",310135,Outlook,2020-12-14 03:56:58.268152
2020-07-16,15:15,93.7,40.6,15.9,0.0,705,SW,5.9,9.9,0.0,99.1,83.1,"Outlook, Yakima County",310135,Outlook,2020-12-14 03:56:58.268152
2020-07-16,15:30,93.3,41.2,16.4,0.0,663,SW,5.9,9.6,0.0,98.6,83.3,"Outlook, Yakima County",310135,Outlook,2020-12-14 03:56:58.268152
2020-07-16,15:45,93.4,42.3,17.1,0.0,658,SW,6.0,9.6,0.0,97.9,83.6,"Outlook, Yakima County",310135,Outlook,2020-12-14 03:56:58.268152
2020-07-16,16:00,93.1,41.9,17.0,0.0,624,S,5.2,8.2,0.0,97.3,83.8,"Outlook, Yakima County",310135,Outlook,2020-12-14 03:56:58.268152
2020-07-16,16:15,93.1,41.6,16.8,0.0,526,S,4.5,7.8,0.0,96.9,84.0,"Outlook, Yakima County",310135,Outlook,2020-12-14 03:56:58.268152
2020-07-16,16:30,92.9,43.8,18.4,0.0,487,S,5.0,8.2,0.0,96.6,84.2,"Outlook, Yakima County",310135,Outlook,2020-12-14 03:56:58.268152
2020-07-16,16:45,92.6,42.8,17.9,0.0,549,S,5.7,8.5,0.0,96.3,84.4,"Outlook, Yakima County",310135,Outlook,2020-12-14 03:56:58.268152
2020-07-16,17:00,92.7,42.6,17.7,0.0,417,S,4.9,7.1,0.0,96.1,84.6,"Outlook, Yakima County",310135,Outlook,2020-12-14 03:56:58.268152
2020-07-16,17:15,91.8,43.6,18.9,0.0,321,S,4.4,8.5,0.0,95.8,84.8,"Outlook, Yakima County",310135,Outlook,2020-12-14 03:56:58.268152
2020-07-16,17:30,92.4,43.4,18.4,0.0,393,N,8.3,20.3,0.0,95.3,85.0,"Outlook, Yakima County",310135,Outlook,2020-12-14 03:56:58.268152
2020-07-16,17:45,90.6,43.2,19.3,0.0,294,N,17.6,22.8,0.0,94.9,85.1,"Outlook, Yakima County",310135,Outlook,2020-12-14 03:56:58.268152
2020-07-16,18:00,88.2,44.0,21.5,0.0,133,N,16.8,21.8,0.0,94.5,85.3,"Outlook, Yakima County",310135,Outlook,2020-12-14 03:56:58.268152
2020-07-16,18:15,87.1,44.5,22.7,0.0,147,NW,17.1,22.5,0.0,94.0,85.5,"Outlook, Yakima County",310135,Outlook,2020-12-14 03:56:58.268152
2020-07-16,18:30,85.1,45.2,24.9,0.0,132,N,19.1,24.3,0.0,93.4,85.7,"Outlook, Yakima County",310135,Outlook,2020-12-14 03:56:58.268152
2020-07-16,18:45,84.6,45.8,25.8,0.0,166,N,19.5,24.3,0.0,92.9,85.8,"Outlook, Yakima County",310135,Outlook,2020-12-14 03:56:58.268152
2020-07-16,19:00,83.4,46.2,27.2,0.0,97,N,18.5,24.3,0.0,92.3,85.9,"Outlook, Yakima County",310135,Outlook,2020-12-14 03:56:58.268152
2020-07-16,19:15,81.1,46.5,29.7,0.0,27,N,18.6,24.6,0.0,91.8,86.0,"Outlook, Yakima County",310135,Outlook,2020-12-14 03:56:58.268152
2020-07-16,19:30,79.6,46.5,31.2,0.0,24,N,19.0,24.6,0.0,91.2,86.1,"Outlook, Yakima County",310135,Outlook,2020-12-14 03:56:58.268152
2020-07-16,19:45,78.7,46.3,31.9,0.0,12,N,19.0,25.0,0.0,90.6,86.2,"Outlook, Yakima County",310135,Outlook,2020-12-14 03:56:58.268152
2020-07-16,20:00,77.7,45.8,32.3,0.0,3,N,19.4,23.9,0.0,90.0,86.3,"Outlook, Yakima County",310135,Outlook,2020-12-14 03:56:58.268152
2020-07-16,20:15,76.5,45.7,33.5,0.0,1,N,17.8,22.1,0.0,89.4,86.4,"Outlook, Yakima County",310135,Outlook,2020-12-14 03:56:58.268152
2020-07-16,20:30,76.1,46.3,34.7,0.0,0,N,18.8,24.3,0.0,88.9,86.4,"Outlook, Yakima County",310135,Outlook,2020-12-14 03:56:58.268152
2020-07-16,20:45,75.7,46.8,35.9,0.0,0,NW,19.3,23.5,0.0,88.3,86.4,"Outlook, Yakima County",310135,Outlook,2020-12-14 03:56:58.268152
2020-07-16,21:00,75.4,46.8,36.2,0.0,0,NW,16.9,22.1,0.0,87.8,86.5,"Outlook, Yakima County",310135,Outlook,2020-12-14 03:56:58.268152
2020-07-16,21:15,75.2,46.6,36.1,0.0,0,NW,16.0,22.8,0.0,87.3,86.4,"Outlook, Yakima County",310135,Outlook,2020-12-14 03:56:58.268152
2020-07-16,21:30,75.3,46.8,36.3,0.0,0,N,15.9,21.0,0.0,86.9,86.4,"Outlook, Yakima County",310135,Outlook,2020-12-14 03:56:58.268152
2020-07-16,21:45,74.1,47.8,39.3,0.0,0,N,16.7,21.8,0.0,86.4,86.4,"Outlook, Yakima County",310135,Outlook,2020-12-14 03:56:58.268152
2020-07-16,22:00,73.3,48.3,41.1,0.0,0,NW,17.0,22.8,0.0,86.0,86.4,"Outlook, Yakima County",310135,Outlook,2020-12-14 03:56:58.268152
2020-07-16,22:15,73.0,48.6,42.0,0.0,0,NW,16.3,22.1,0.0,85.6,86.4,"Outlook, Yakima County",310135,Outlook,2020-12-14 03:56:58.268152
2020-07-16,22:30,73.1,48.1,41.1,0.0,0,NW,14.6,20.3,0.0,85.3,86.3,"Outlook, Yakima County",310135,Outlook,2020-12-14 03:56:58.268152
2020-07-16,22:45,73.0,47.4,40.2,0.0,0,NW,14.1,19.2,0.0,84.9,86.3,"Outlook, Yakima County",310135,Outlook,2020-12-14 03:56:58.268152
2020-07-16,23:00,72.4,47.3,40.9,0.0,0,NW,11.9,15.7,0.0,84.6,86.2,"Outlook, Yakima County",310135,Outlook,2020-12-14 03:56:58.268152
2020-07-17,23:15,72.4,47.4,41.0,0.0,0,NW,12.7,17.1,0.0,84.2,86.1,"Outlook, Yakima County",310135,Outlook,2020-12-14 03:56:58.268152
2020-07-17,23:30,72.3,47.9,41.9,0.0,0,NW,16.1,21.8,0.0,83.9,86.1,"Outlook, Yakima County",310135,Outlook,2020-12-14 03:56:58.268152
2020-07-17,23:45,72.0,48.3,42.9,0.0,0,NW,16.5,22.5,0.0,83.6,86.0,"Outlook, Yakima County",310135,Outlook,2020-12-14 03:56:58.268152
2020-07-17,24:00,71.9,48.1,42.7,0.0,0,NW,15.8,22.8,0.0,83.3,85.9,"Outlook, Yakima County",310135,Outlook,2020-12-14 03:56:58.268152
2020-07-17,00:15,71.7,48.0,43.0,0.0,0,NW,13.4,18.2,0.0,83.0,85.8,"Outlook, Yakima County",310135,Outlook,2020-12-14 03:56:58.268152
2020-07-17,00:30,70.8,48.0,44.2,0.0,0,N,9.3,13.9,0.0,82.7,85.7,"Outlook, Yakima County",310135,Outlook,2020-12-14 03:56:58.268152
2020-07-17,00:45,70.2,48.6,46.1,0.0,0,W,5.0,11.4,0.0,82.4,85.6,"Outlook, Yakima County",310135,Outlook,2020-12-14 03:56:58.268152
2020-07-17,01:00,67.5,49.3,52.0,0.0,0,SW,0.3,3.1,0.0,82.1,85.5,"Outlook, Yakima County",310135,Outlook,2020-12-14 03:56:58.268152
2020-07-17,01:15,66.9,49.7,54.0,0.0,0,SE,2.2,4.6,0.01,81.7,85.4,"Outlook, Yakima County",310135,Outlook,2020-12-14 03:56:58.268152
2020-07-17,01:30,68.1,48.4,49.1,0.0,0,N,6.6,13.5,0.0,81.4,85.3,"Outlook, Yakima County",310135,Outlook,2020-12-14 03:56:58.268152
2020-07-17,01:45,68.7,47.9,47.3,0.0,0,N,10.8,15.0,0.0,81.0,85.3,"Outlook, Yakima County",310135,Outlook,2020-12-14 03:56:58.268152
2020-07-17,02:00,68.9,47.6,46.5,0.0,0,N,13.6,18.2,0.0,80.7,85.2,"Outlook, Yakima County",310135,Outlook,2020-12-14 03:56:58.268152
2020-07-17,02:15,68.9,47.4,46.1,0.0,0,N,13.5,18.5,0.0,80.5,85.1,"Outlook, Yakima County",310135,Outlook,2020-12-14 03:56:58.268152
2020-07-17,02:30,68.8,47.3,46.1,0.0,0,NW,14.0,17.8,0.0,80.3,84.9,"Outlook, Yakima County",310135,Outlook,2020-12-14 03:56:58.268152
2020-07-17,02:45,68.7,47.3,46.3,0.0,0,NW,12.6,17.8,0.0,80.1,84.8,"Outlook, Yakima County",310135,Outlook,2020-12-14 03:56:58.268152
2020-07-17,03:00,68.3,47.4,47.2,0.0,0,NW,11.5,16.0,0.0,79.8,84.7,"Outlook, Yakima County",310135,Outlook,2020-12-14 03:56:58.268152
2020-07-17,03:15,67.4,47.6,48.9,0.0,0,NW,12.7,16.7,0.0,79.7,84.6,"Outlook, Yakima County",310135,Outlook,2020-12-14 03:56:58.268152
2020-07-17,03:30,67.3,47.6,49.2,0.0,0,NW,14.4,19.6,0.0,79.5,84.5,"Outlook, Yakima County",310135,Outlook,2020-12-14 03:56:58.268152
2020-07-17,03:45,67.6,47.6,48.7,0.0,0,NW,14.7,20.7,0.0,79.2,84.4,"Outlook, Yakima County",310135,Outlook,2020-12-14 03:56:58.268152
2020-07-17,04:00,67.6,47.5,48.6,0.0,0,NW,15.2,20.7,0.0,79.1,84.3,"Outlook, Yakima County",310135,Outlook,2020-12-14 03:56:58.268152
2020-07-17,04:15,68.3,47.5,47.3,0.0,1,NW,17.8,22.1,0.0,78.8,84.1,"Outlook, Yakima County",310135,Outlook,2020-12-14 03:56:58.268152
2020-07-17,04:30,67.9,47.7,48.3,0.0,3,NW,15.0,20.7,0.0,78.7,84.0,"Outlook, Yakima County",310135,Outlook,2020-12-14 03:56:58.268152
2020-07-17,04:45,67.6,47.6,48.7,0.0,9,NW,14.0,20.0,0.0,78.5,83.9,"Outlook, Yakima County",310135,Outlook,2020-12-14 03:56:58.268152
2020-07-17,05:00,67.6,48.0,49.4,0.0,35,NW,16.0,20.7,0.0,78.3,83.8,"Outlook, Yakima County",310135,Outlook,2020-12-14 03:56:58.268152
2020-07-17,05:15,67.9,48.1,49.0,0.0,65,NW,14.2,20.3,0.0,78.2,83.7,"Outlook, Yakima County",310135,Outlook,2020-12-14 03:56:58.268152
2020-07-17,05:30,67.8,48.7,50.4,0.0,94,NW,13.2,18.2,0.0,78.0,83.5,"Outlook, Yakima County",310135,Outlook,2020-12-14 03:56:58.268152
2020-07-17,05:45,68.1,48.9,50.3,0.0,117,NW,11.7,15.7,0.0,77.9,83.4,"Outlook, Yakima County",310135,Outlook,2020-12-14 03:56:58.268152
2020-07-17,06:00,68.7,48.9,49.1,0.0,159,NW,12.4,19.2,0.0,77.8,83.3,"Outlook, Yakima County",310135,Outlook,2020-12-14 03:56:58.268152
2020-07-17,06:15,69.4,49.0,48.2,0.0,197,W,10.1,14.6,0.0,77.8,83.2,"Outlook, Yakima County",310135,Outlook,2020-12-14 03:56:58.268152
2020-07-17,06:30,69.3,50.0,50.1,0.0,236,W,9.6,13.9,0.0,77.8,83.1,"Outlook, Yakima County",310135,Outlook,2020-12-14 03:56:58.268152
2020-07-17,06:45,69.6,50.1,49.9,0.0,276,W,10.3,14.2,0.0,77.8,82.9,"Outlook, Yakima County",310135,Outlook,2020-12-14 03:56:58.268152
2020-07-17,07:00,69.8,50.7,50.6,0.0,317,W,9.4,13.9,0.0,78.0,82.8,"Outlook, Yakima County",310135,Outlook,2020-12-14 03:56:58.268152
2020-07-17,07:15,70.2,51.6,51.6,0.0,359,W,8.6,12.1,0.0,78.3,82.7,"Outlook, Yakima County",310135,Outlook,2020-12-14 03:56:58.268152
2020-07-17,07:30,70.5,52.4,52.5,0.0,401,SW,7.3,10.3,0.0,78.8,82.6,"Outlook, Yakima County",310135,Outlook,2020-12-14 03:56:58.268152
2020-07-17,07:45,71.5,52.2,50.6,0.0,442,SW,7.4,10.3,0.0,79.3,82.5,"Outlook, Yakima County",310135,Outlook,2020-12-14 03:56:58.268152
2020-07-17,08:00,72.1,51.5,48.3,0.0,482,SW,8.8,14.2,0.0,80.0,82.4,"Outlook, Yakima County",310135,Outlook,2020-12-14 03:56:58.268152
2020-07-17,08:15,72.9,51.7,47.4,0.0,521,SW,8.6,12.8,0.0,80.7,82.3,"Outlook, Yakima County",310135,Outlook,2020-12-14 03:56:58.268152
2020-07-17,08:30,73.4,51.5,46.2,0.0,558,SW,9.5,14.6,0.0,81.5,82.2,"Outlook, Yakima County",310135,Outlook,2020-12-14 03:56:58.268152
2020-07-17,08:45,74.1,50.2,42.9,0.0,596,SW,9.6,13.9,0.0,82.4,82.1,"Outlook, Yakima County",310135,Outlook,2020-12-14 03:56:58.268152
2020-07-17,09:00,75.3,49.9,40.9,0.0,619,W,8.8,13.5,0.0,83.3,82.0,"Outlook, Yakima County",310135,Outlook,2020-12-14 03:56:58.268152
2020-07-17,09:15,75.4,49.0,39.4,0.0,670,W,12.4,17.8,0.0,84.3,82.0,"Outlook, Yakima County",310135,Outlook,2020-12-14 03:56:58.268152
2020-07-17,09:30,76.2,48.9,38.3,0.0,703,W,11.9,17.1,0.0,85.3,81.9,"Outlook, Yakima County",310135,Outlook,2020-12-14 03:56:58.268152
2020-07-17,09:45,77.0,48.7,36.9,0.0,734,W,11.2,19.2,0.0,86.2,81.8,"Outlook, Yakima County",310135,Outlook,2020-12-14 03:56:58.268152
2020-07-17,10:00,78.3,48.1,34.6,0.0,763,W,11.1,15.7,0.0,87.2,81.8,"Outlook, Yakima County",310135,Outlook,2020-12-14 03:56:58.268152
2020-07-17,10:15,78.9,47.1,32.7,0.0,789,W,10.1,15.7,0.0,88.3,81.7,"Outlook, Yakima County",310135,Outlook,2020-12-14 03:56:58.268152
2020-07-17,10:30,79.3,44.1,28.8,0.0,813,W,10.8,19.2,0.0,89.4,81.7,"Outlook, Yakima County",310135,Outlook,2020-12-14 03:56:58.268152
2020-07-17,10:45,79.2,47.1,32.3,0.0,831,SW,8.2,12.4,0.0,90.4,81.7,"Outlook, Yakima County",310135,Outlook,2020-12-14 03:56:58.268152
2020-07-17,11:00,80.0,46.8,31.2,0.0,850,SW,8.8,13.9,0.0,91.5,81.7,"Outlook, Yakima County",310135,Outlook,2020-12-14 03:56:58.268152
2020-07-17,11:15,80.1,46.0,30.1,0.0,868,SW,7.5,12.1,0.0,92.5,81.7,"Outlook, Yakima County",310135,Outlook,2020-12-14 03:56:58.268152
2020-07-17,11:30,80.3,46.7,30.7,0.0,885,SW,6.7,13.5,0.0,93.6,81.7,"Outlook, Yakima County",310135,Outlook,2020-12-14 03:56:58.268152
2020-07-17,11:45,80.4,47.3,31.3,0.0,894,SW,9.4,16.7,0.0,94.6,81.8,"Outlook, Yakima County",310135,Outlook,2020-12-14 03:56:58.268152
2020-07-17,12:00,81.1,46.4,29.5,0.0,901,SW,9.7,15.7,0.0,95.5,81.8,"Outlook, Yakima County",310135,Outlook,2020-12-14 03:56:58.268152
2020-07-17,12:15,81.7,45.9,28.5,0.0,903,SW,8.1,17.5,0.0,96.3,81.9,"Outlook, Yakima County",310135,Outlook,2020-12-14 03:56:58.268152
2020-07-17,12:30,82.0,46.3,28.6,0.0,904,SW,6.7,12.4,0.0,97.1,81.9,"Outlook, Yakima County",310135,Outlook,2020-12-14 03:56:58.268152
2020-07-17,12:45,83.1,46.6,27.9,0.0,903,SW,7.4,11.0,0.0,97.8,82.0,"Outlook, Yakima County",310135,Outlook,2020-12-14 03:56:58.268152
2020-07-17,13:00,82.9,45.9,27.3,0.0,900,SW,7.7,13.2,0.0,98.4,82.1,"Outlook, Yakima County",310135,Outlook,2020-12-14 03:56:58.268152
2020-07-17,13:15,83.9,45.3,26.0,0.0,894,SW,8.7,14.2,0.0,98.9,82.2,"Outlook, Yakima County",310135,Outlook,2020-12-14 03:56:58.268152
2020-07-17,13:30,83.8,45.4,26.1,0.0,883,SW,7.5,13.2,0.0,99.4,82.3,"Outlook, Yakima County",310135,Outlook,2020-12-14 03:56:58.268152
2020-07-17,13:45,84.4,43.5,23.8,0.0,867,W,8.9,14.2,0.0,99.9,82.5,"Outlook, Yakima County",310135,Outlook,2020-12-14 03:56:58.268152
2020-07-17,14:00,84.7,42.1,22.4,0.0,849,W,7.8,12.4,0.0,100.2,82.6,"Outlook, Yakima County",310135,Outlook,2020-12-14 03:56:58.268152
2020-07-17,14:15,85.1,38.9,19.5,0.0,830,W,9.0,15.0,0.0,100.3,82.8,"Outlook, Yakima County",310135,Outlook,2020-12-14 03:56:58.268152
2020-07-17,14:30,85.2,39.9,20.2,0.0,807,W,8.6,17.1,0.0,99.8,82.9,"Outlook, Yakima County",310135,Outlook,2020-12-14 03:56:58.268152
2020-07-17,14:45,85.8,41.7,21.3,0.0,782,SW,9.0,13.9,0.0,99.1,83.1,"Outlook, Yakima County",310135,Outlook,2020-12-14 03:56:58.268152
2020-07-17,15:00,85.8,41.6,21.2,0.0,749,SW,8.7,14.6,0.0,98.6,83.2,"Outlook, Yakima County",310135,Outlook,2020-12-14 03:56:58.268152
2020-07-17,15:15,85.8,42.2,21.7,0.0,717,SW,7.5,11.0,0.0,98.3,83.4,"Outlook, Yakima County",310135,Outlook,2020-12-14 03:56:58.268152
2020-07-17,15:30,85.9,40.5,20.3,0.0,682,W,7.9,13.5,0.0,97.7,83.6,"Outlook, Yakima County",310135,Outlook,2020-12-14 03:56:58.268152
2020-07-17,15:45,85.7,40.7,20.5,0.0,644,W,7.5,20.0,0.0,96.9,83.8,"Outlook, Yakima County",310135,Outlook,2020-12-14 03:56:58.268152
2020-07-17,16:00,86.4,37.1,17.4,0.0,609,W,8.6,14.6,0.0,96.2,83.9,"Outlook, Yakima County",310135,Outlook,2020-12-14 03:56:58.268152
2020-07-17,16:15,86.0,37.6,18.0,0.0,572,W,8.8,13.5,0.0,95.8,84.1,"Outlook, Yakima County",310135,Outlook,2020-12-14 03:56:58.268152
2020-07-17,16:30,86.1,37.2,17.7,0.0,531,W,8.3,13.2,0.0,95.4,84.3,"Outlook, Yakima County",310135,Outlook,2020-12-14 03:56:58.268152
2020-07-17,16:45,86.1,37.7,18.1,0.0,489,W,9.2,13.9,0.0,95.1,84.5,"Outlook, Yakima County",310135,Outlook,2020-12-14 03:56:58.268152
2020-07-17,17:00,85.9,38.0,18.4,0.0,445,NW,10.9,17.5,0.0,94.8,84.6,"Outlook, Yakima County",310135,Outlook,2020-12-14 03:56:58.268152
2020-07-17,17:15,85.4,38.3,18.8,0.0,402,NW,10.4,15.7,0.0,94.3,84.8,"Outlook, Yakima County",310135,Outlook,2020-12-14 03:56:58.268152
2020-07-17,17:30,85.0,37.7,18.7,0.0,356,NW,13.1,18.2,0.0,93.9,85.0,"Outlook, Yakima County",310135,Outlook,2020-12-14 03:56:58.268152
2020-07-17,17:45,84.7,35.8,17.5,0.0,314,NW,14.2,20.3,0.0,93.4,85.1,"Outlook, Yakima County",310135,Outlook,2020-12-14 03:56:58.268152
2020-07-17,18:00,83.5,33.9,16.8,0.0,268,NW,17.4,22.5,0.0,92.8,85.2,"Outlook, Yakima County",310135,Outlook,2020-12-14 03:56:58.268152
2020-07-17,18:15,83.0,32.1,15.9,0.0,219,NW,16.7,21.8,0.0,92.3,85.4,"Outlook, Yakima County",310135,Outlook,2020-12-14 03:56:58.268152
2020-07-17,18:30,81.9,27.8,13.8,0.0,185,NW,19.3,25.0,0.0,91.7,85.5,"Outlook, Yakima County",310135,Outlook,2020-12-14 03:56:58.268152
2020-07-17,18:45,80.9,25.7,13.1,0.0,145,NW,20.2,26.8,0.0,91.1,85.6,"Outlook, Yakima County",310135,Outlook,2020-12-14 03:56:58.268152
2020-07-17,19:00,80.1,24.8,13.0,0.0,108,NW,20.9,26.4,0.0,90.4,85.7,"Outlook, Yakima County",310135,Outlook,2020-12-14 03:56:58.268152
2020-07-17,19:15,79.0,26.4,14.3,0.0,75,NW,17.9,24.3,0.0,89.8,85.8,"Outlook, Yakima County",310135,Outlook,2020-12-14 03:56:58.268152
2020-07-17,19:30,76.2,37.3,24.4,0.0,35,NW,18.6,26.8,0.0,89.2,85.9,"Outlook, Yakima County",310135,Outlook,2020-12-14 03:56:58.268152
2020-07-17,19:45,73.2,42.2,32.7,0.0,8,N,18.6,24.3,0.0,88.6,85.9,"Outlook, Yakima County",310135,Outlook,2020-12-14 03:56:58.268152
2020-07-17,20:00,72.1,41.8,33.4,0.0,3,N,18.7,25.0,0.0,88.1,86.0,"Outlook, Yakima County",310135,Outlook,2020-12-14 03:56:58.268152
2020-07-17,20:15,71.4,41.5,33.9,0.0,1,N,19.7,24.6,0.0,87.5,86.0,"Outlook, Yakima County",310135,Outlook,2020-12-14 03:56:58.268152
2020-07-17,20:30,70.4,41.7,35.3,0.0,0,N,18.4,25.0,0.0,87.0,86.0,"Outlook, Yakima County",310135,Outlook,2020-12-14 03:56:58.268152
2020-07-17,20:45,69.1,42.6,38.1,0.0,0,N,15.1,22.5,0.0,86.4,86.1,"Outlook, Yakima County",310135,Outlook,2020-12-14 03:56:58.268152
2020-07-17,21:00,69.0,42.5,38.2,0.0,0,NW,14.9,19.2,0.0,85.9,86.1,"Outlook, Yakima County",310135,Outlook,2020-12-14 03:56:58.268152
2020-07-17,21:15,68.4,42.4,38.8,0.0,0,NW,16.6,22.5,0.0,85.4,86.0,"Outlook, Yakima County",310135,Outlook,2020-12-14 03:56:58.268152
2020-07-17,21:30,67.6,41.6,38.7,0.0,0,NW,17.3,23.2,0.0,84.9,86.0,"Outlook, Yakima County",310135,Outlook,2020-12-14 03:56:58.268152
2020-07-17,21:45,67.2,41.8,39.6,0.0,0,NW,19.9,25.7,0.0,84.4,86.0,"Outlook, Yakima County",310135,Outlook,2020-12-14 03:56:58.268152
2020-07-17,22:00,67.9,42.2,39.2,0.0,0,NW,21.1,26.4,0.0,84.0,85.9,"Outlook, Yakima County",310135,Outlook,2020-12-14 03:56:58.268152
2020-07-17,22:15,68.1,42.4,39.2,0.0,0,N,21.4,27.1,0.0,83.5,85.9,"Outlook, Yakima County",310135,Outlook,2020-12-14 03:56:58.268152
2020-07-17,22:30,66.6,42.7,41.7,0.0,0,N,20.4,26.4,0.0,83.1,85.8,"Outlook, Yakima County",310135,Outlook,2020-12-14 03:56:58.268152
2020-07-17,22:45,66.1,42.8,42.8,0.0,0,N,18.7,24.3,0.0,82.8,85.8,"Outlook, Yakima County",310135,Outlook,2020-12-14 03:56:58.268152
2020-07-17,23:00,66.0,42.9,43.0,0.0,0,NW,15.6,21.0,0.0,82.4,85.7,"Outlook, Yakima County",310135,Outlook,2020-12-14 03:56:58.268152
2020-07-18,23:15,65.7,43.1,43.7,0.0,0,NW,15.3,21.4,0.0,82.0,85.6,"Outlook, Yakima County",310135,Outlook,2020-12-14 03:56:58.268152
2020-07-18,23:30,65.3,43.2,44.7,0.0,0,W,4.4,7.8,0.0,81.7,85.5,"Outlook, Yakima County",310135,Outlook,2020-12-14 03:56:58.268152
2020-07-18,23:45,64.6,43.3,45.9,0.0,0,W,7.3,12.8,0.0,81.3,85.4,"Outlook, Yakima County",310135,Outlook,2020-12-14 03:56:58.268152
2020-07-18,24:00,65.0,43.4,45.4,0.0,0,W,7.9,15.7,0.0,81.0,85.3,"Outlook, Yakima County",310135,Outlook,2020-12-14 03:56:58.268152
2020-07-18,00:15,66.1,43.2,43.3,0.0,0,NW,7.5,15.3,0.0,80.6,85.2,"Outlook, Yakima County",310135,Outlook,2020-12-14 03:56:58.268152
2020-07-18,00:30,66.8,43.0,42.0,0.0,0,NW,7.7,16.0,0.0,80.3,85.1,"Outlook, Yakima County",310135,Outlook,2020-12-14 03:56:58.268152
2020-07-18,00:45,62.9,43.9,49.8,0.0,0,NE,4.1,6.7,0.0,80.0,85.0,"Outlook, Yakima County",310135,Outlook,2020-12-14 03:56:58.268152
2020-07-18,01:00,60.1,43.4,53.9,0.0,0,NE,2.3,4.6,0.01,79.7,84.9,"Outlook, Yakima County",310135,Outlook,2020-12-14 03:56:58.268152
2020-07-18,01:15,60.4,43.2,52.8,0.0,0,N,2.0,4.6,0.01,79.3,84.8,"Outlook, Yakima County",310135,Outlook,2020-12-14 03:56:58.268152
2020-07-18,01:30,60.4,43.2,53.0,0.0,0,N,0.6,3.1,0.01,78.9,84.7,"Outlook, Yakima County",310135,Outlook,2020-12-14 03:56:58.268152
2020-07-18,01:45,60.9,43.4,52.4,0.0,0,W,2.8,4.6,0.01,78.5,84.6,"Outlook, Yakima County",310135,Outlook,2020-12-14 03:56:58.268152
2020-07-18,02:00,60.6,43.8,53.8,0.0,0,N,1.0,3.1,0.01,78.1,84.5,"Outlook, Yakima County",310135,Outlook,2020-12-14 03:56:58.268152
2020-07-18,02:15,59.2,43.8,56.6,0.0,0,NW,2.7,3.9,0.02,77.7,84.4,"Outlook, Yakima County",310135,Outlook,2020-12-14 03:56:58.268152
2020-07-18,02:30,58.4,43.5,57.5,0.0,0,N,2.2,4.9,0.02,77.3,84.3,"Outlook, Yakima County",310135,Outlook,2020-12-14 03:56:58.268152
2020-07-18,02:45,58.9,43.3,56.1,0.0,0,N,2.9,4.6,0.01,77.0,84.2,"Outlook, Yakima County",310135,Outlook,2020-12-14 03:56:58.268152
2020-07-18,03:00,58.9,43.6,56.7,0.0,0,N ,1.8,2.8,0.02,76.6,84.1,"Outlook, Yakima County",310135,Outlook,2020-12-14 03:56:58.268152
2020-07-18,03:15,59.8,43.8,55.5,0.0,0,N ,2.7,4.6,0.01,76.3,84.0,"Outlook, Yakima County",310135,Outlook,2020-12-14 03:56:58.268152
2020-07-18,03:30,58.2,43.5,58.0,0.0,0,N ,3.8,4.9,0.02,76.0,83.8,"Outlook, Yakima County",310135,Outlook,2020-12-14 03:56:58.268152
2020-07-18,03:45,57.7,43.5,58.8,0.0,0,N ,3.9,6.0,0.02,75.7,83.7,"Outlook, Yakima County",310135,Outlook,2020-12-14 03:56:58.268152
2020-07-18,04:00,57.4,43.4,59.3,0.0,0,N,3.7,6.0,0.02,75.4,83.6,"Outlook, Yakima County",310135,Outlook,2020-12-14 03:56:58.268152
2020-07-18,04:15,57.8,44.0,59.8,0.0,1,NE,1.4,3.5,0.02,75.2,83.5,"Outlook, Yakima County",310135,Outlook,2020-12-14 03:56:58.268152
2020-07-18,04:30,58.1,44.3,59.9,0.0,5,N,1.6,4.2,0.02,75.0,83.3,"Outlook, Yakima County",310135,Outlook,2020-12-14 03:56:58.268152
2020-07-18,04:45,57.4,44.3,61.4,0.0,10,N ,1.8,4.2,0.02,74.7,83.2,"Outlook, Yakima County",310135,Outlook,2020-12-14 03:56:58.268152
2020-07-18,05:00,57.8,44.5,61.0,0.0,36,NE,3.0,3.9,0.02,74.5,83.1,"Outlook, Yakima County",310135,Outlook,2020-12-14 03:56:58.268152
2020-07-18,05:15,58.4,43.9,58.5,0.0,60,N ,4.6,6.4,0.01,74.2,82.9,"Outlook, Yakima County",310135,Outlook,2020-12-14 03:56:58.268152
2020-07-18,05:30,60.1,43.8,54.8,0.0,91,N ,5.0,6.7,0.0,74.1,82.8,"Outlook, Yakima County",310135,Outlook,2020-12-14 03:56:58.268152
2020-07-18,05:45,62.2,43.9,51.1,0.0,124,N,3.4,5.7,0.0,74.0,82.7,"Outlook, Yakima County",310135,Outlook,2020-12-14 03:56:58.268152
2020-07-18,06:00,64.7,44.2,47.2,0.0,158,SW,0.3,2.1,0.0,74.0,82.5,"Outlook, Yakima County",310135,Outlook,2020-12-14 03:56:58.268152
2020-07-18,06:15,65.7,44.2,45.6,0.0,195,SW,1.1,3.1,0.0,74.1,82.4,"Outlook, Yakima County",310135,Outlook,2020-12-14 03:56:58.268152
2020-07-18,06:30,65.6,44.7,46.7,0.0,234,SW,1.7,3.9,0.0,74.2,82.2,"Outlook, Yakima County",310135,Outlook,2020-12-14 03:56:58.268152
2020-07-18,06:45,65.7,46.0,49.0,0.0,274,S,3.0,4.9,0.0,74.5,82.1,"Outlook, Yakima County",310135,Outlook,2020-12-14 03:56:58.268152
2020-07-18,07:00,66.0,47.1,50.3,0.0,316,S,3.4,5.7,0.0,74.8,82.0,"Outlook, Yakima County",310135,Outlook,2020-12-14 03:56:58.268152
2020-07-18,07:15,67.4,47.8,49.3,0.0,357,SW,4.3,6.7,0.0,75.3,81.9,"Outlook, Yakima County",310135,Outlook,2020-12-14 03:56:58.268152
2020-07-18,07:30,67.4,49.5,52.5,0.0,399,SW,5.0,7.8,0.0,75.9,81.7,"Outlook, Yakima County",310135,Outlook,2020-12-14 03:56:58.268152
2020-07-18,07:45,68.3,50.6,53.2,0.0,440,SW,4.6,7.4,0.0,76.5,81.6,"Outlook, Yakima County",310135,Outlook,2020-12-14 03:56:58.268152
2020-07-18,08:00,68.8,50.2,51.6,0.0,480,SW,5.1,8.5,0.0,77.3,81.5,"Outlook, Yakima County",310135,Outlook,2020-12-14 03:56:58.268152
2020-07-18,08:15,69.9,50.0,49.2,0.0,520,SW,6.0,9.2,0.0,78.2,81.4,"Outlook, Yakima County",310135,Outlook,2020-12-14 03:56:58.268152
2020-07-18,08:30,71.0,49.8,47.0,0.0,558,SW,5.7,8.5,0.0,79.1,81.2,"Outlook, Yakima County",310135,Outlook,2020-12-14 03:56:58.268152
2020-07-18,08:45,72.0,49.7,45.2,0.0,595,SW,6.0,9.2,0.0,80.1,81.1,"Outlook, Yakima County",310135,Outlook,2020-12-14 03:56:58.268152
2020-07-18,09:00,73.5,50.1,43.7,0.0,630,SW,6.5,10.3,0.0,81.2,81.0,"Outlook, Yakima County",310135,Outlook,2020-12-14 03:56:58.268152
2020-07-18,09:15,74.3,49.6,41.8,0.0,665,SW,6.7,10.7,0.0,82.3,80.9,"Outlook, Yakima County",310135,Outlook,2020-12-14 03:56:58.268152
2020-07-18,09:30,75.3,48.7,39.1,0.0,697,SW,7.1,11.0,0.0,83.5,80.9,"Outlook, Yakima County",310135,Outlook,2020-12-14 03:56:58.268152
2020-07-18,09:45,76.0,48.6,38.0,0.0,728,SW,7.4,10.3,0.0,84.6,80.8,"Outlook, Yakima County",310135,Outlook,2020-12-14 03:56:58.268152
2020-07-18,10:00,77.1,47.7,35.5,0.0,756,SW,7.2,10.7,0.0,85.8,80.8,"Outlook, Yakima County",310135,Outlook,2020-12-14 03:56:58.268152
2020-07-18,10:15,78.0,48.4,35.3,0.0,782,SW,6.9,11.0,0.0,87.0,80.7,"Outlook, Yakima County",310135,Outlook,2020-12-14 03:56:58.268152
2020-07-18,10:30,78.3,49.1,35.9,0.0,806,S,6.7,10.7,0.0,88.1,80.7,"Outlook, Yakima County",310135,Outlook,2020-12-14 03:56:58.268152
2020-07-18,10:45,78.8,48.1,34.0,0.0,828,SW,6.0,9.6,0.0,89.3,80.7,"Outlook, Yakima County",310135,Outlook,2020-12-14 03:56:58.268152
2020-07-18,11:00,79.5,47.9,33.0,0.0,847,SW,6.5,10.7,0.0,90.5,80.7,"Outlook, Yakima County",310135,Outlook,2020-12-14 03:56:58.268152
2020-07-18,11:15,79.7,48.2,33.1,0.0,862,SW,6.3,12.1,0.0,91.6,80.7,"Outlook, Yakima County",310135,Outlook,2020-12-14 03:56:58.268152
2020-07-18,11:30,81.3,48.2,31.4,0.0,876,SW,6.5,10.7,0.0,92.6,80.7,"Outlook, Yakima County",310135,Outlook,2020-12-14 03:56:58.268152
2020-07-18,11:45,81.4,48.7,31.9,0.0,887,SW,7.0,11.0,0.0,93.7,80.8,"Outlook, Yakima County",310135,Outlook,2020-12-14 03:56:58.268152
2020-07-18,12:00,81.9,49.2,31.9,0.0,894,SW,7.1,10.7,0.0,94.6,80.8,"Outlook, Yakima County",310135,Outlook,2020-12-14 03:56:58.268152
2020-07-18,12:15,82.6,49.4,31.5,0.0,899,SW,6.9,10.3,0.0,95.6,80.9,"Outlook, Yakima County",310135,Outlook,2020-12-14 03:56:58.268152
2020-07-18,12:30,83.6,49.7,30.9,0.0,899,SW,7.0,9.9,0.0,96.4,81.0,"Outlook, Yakima County",310135,Outlook,2020-12-14 03:56:58.268152
2020-07-18,12:45,83.7,49.6,30.7,0.0,896,SW,7.0,10.7,0.0,97.2,81.1,"Outlook, Yakima County",310135,Outlook,2020-12-14 03:56:58.268152
2020-07-18,13:00,84.1,49.6,30.2,0.0,892,SW,7.2,11.4,0.0,97.9,81.2,"Outlook, Yakima County",310135,Outlook,2020-12-14 03:56:58.268152
2020-07-18,13:15,84.1,49.3,29.9,0.0,883,S,6.5,10.7,0.0,98.5,81.3,"Outlook, Yakima County",310135,Outlook,2020-12-14 03:56:58.268152
2020-07-18,13:30,84.8,49.3,29.3,0.0,871,SW,6.8,10.3,0.0,99.0,81.5,"Outlook, Yakima County",310135,Outlook,2020-12-14 03:56:58.268152
2020-07-18,13:45,85.4,49.0,28.4,0.0,857,SW,6.5,10.3,0.0,99.5,81.6,"Outlook, Yakima County",310135,Outlook,2020-12-14 03:56:58.268152
2020-07-18,14:00,86.1,48.6,27.4,0.0,840,SW,6.5,11.0,0.0,99.8,81.8,"Outlook, Yakima County",310135,Outlook,2020-12-14 03:56:58.268152
2020-07-18,14:15,85.7,48.3,27.3,0.0,816,S,5.7,9.9,0.0,100.1,82.0,"Outlook, Yakima County",310135,Outlook,2020-12-14 03:56:58.268152
2020-07-18,14:30,86.4,49.2,27.7,0.0,789,S,5.9,9.2,0.0,99.9,82.1,"Outlook, Yakima County",310135,Outlook,2020-12-14 03:56:58.268152
2020-07-18,14:45,86.3,49.6,28.1,0.0,762,S,6.1,10.3,0.0,99.6,82.3,"Outlook, Yakima County",310135,Outlook,2020-12-14 03:56:58.268152
2020-07-18,15:00,86.5,48.7,27.1,0.0,735,S,5.4,8.2,0.0,99.2,82.5,"Outlook, Yakima County",310135,Outlook,2020-12-14 03:56:58.268152
2020-07-18,15:15,86.5,48.9,27.3,0.0,701,S,5.9,8.5,0.0,99.0,82.7,"Outlook, Yakima County",310135,Outlook,2020-12-14 03:56:58.268152
2020-07-18,15:30,86.4,47.5,26.0,0.0,669,S,5.1,8.2,0.0,98.4,82.9,"Outlook, Yakima County",310135,Outlook,2020-12-14 03:56:58.268152
2020-07-18,15:45,86.8,45.4,23.7,0.0,634,S,4.7,8.5,0.0,97.5,83.1,"Outlook, Yakima County",310135,Outlook,2020-12-14 03:56:58.268152
2020-07-18,16:00,87.1,45.4,23.4,0.0,594,S,4.6,8.2,0.0,96.7,83.3,"Outlook, Yakima County",310135,Outlook,2020-12-14 03:56:58.268152
2020-07-18,16:15,87.1,45.8,23.8,0.0,553,S,5.5,8.9,0.0,96.1,83.6,"Outlook, Yakima County",310135,Outlook,2020-12-14 03:56:58.268152
2020-07-18,16:30,87.4,46.3,24.1,0.0,510,S,4.1,6.7,0.0,95.6,83.7,"Outlook, Yakima County",310135,Outlook,2020-12-14 03:56:58.268152
2020-07-18,16:45,87.1,46.8,24.8,0.0,469,S,4.9,8.2,0.0,95.3,83.9,"Outlook, Yakima County",310135,Outlook,2020-12-14 03:56:58.268152
2020-07-18,17:00,86.8,47.7,25.9,0.0,427,S,4.7,7.1,0.0,94.9,84.2,"Outlook, Yakima County",310135,Outlook,2020-12-14 03:56:58.268152
2020-07-18,17:15,86.6,48.4,26.7,0.0,384,S,4.5,7.1,0.0,94.4,84.4,"Outlook, Yakima County",310135,Outlook,2020-12-14 03:56:58.268152
2020-07-18,17:30,86.7,47.2,25.5,0.0,339,S,4.0,5.7,0.0,93.9,84.5,"Outlook, Yakima County",310135,Outlook,2020-12-14 03:56:58.268152
2020-07-18,17:45,86.5,47.3,25.7,0.0,296,S,3.8,5.7,0.0,93.4,84.7,"Outlook, Yakima County",310135,Outlook,2020-12-14 03:56:58.268152
2020-07-18,18:00,86.3,46.4,25.0,0.0,253,S,3.4,5.7,0.0,92.9,84.9,"Outlook, Yakima County",310135,Outlook,2020-12-14 03:56:58.268152
2020-07-18,18:15,85.9,46.5,25.5,0.0,210,S,2.8,4.9,0.0,92.4,85.1,"Outlook, Yakima County",310135,Outlook,2020-12-14 03:56:58.268152
2020-07-18,18:30,85.7,46.4,25.5,0.0,170,SW,3.6,5.3,0.0,91.9,85.2,"Outlook, Yakima County",310135,Outlook,2020-12-14 03:56:58.268152
2020-07-18,18:45,85.1,45.9,25.6,0.0,131,S,2.0,3.1,0.0,91.3,85.4,"Outlook, Yakima County",310135,Outlook,2020-12-14 03:56:58.268152
2020-07-18,19:00,85.1,47.1,26.7,0.0,95,S,0.6,2.1,0.0,90.8,85.5,"Outlook, Yakima County",310135,Outlook,2020-12-14 03:56:58.268152
2020-07-18,19:15,84.8,45.6,25.5,0.0,63,NW,1.7,3.1,0.0,90.3,85.6,"Outlook, Yakima County",310135,Outlook,2020-12-14 03:56:58.268152
2020-07-18,19:30,81.4,44.7,27.4,0.0,25,N ,3.1,3.9,0.0,89.7,85.8,"Outlook, Yakima County",310135,Outlook,2020-12-14 03:56:58.268152
2020-07-18,19:45,80.7,44.5,27.9,0.0,8,N ,3.3,5.3,0.0,89.2,85.8,"Outlook, Yakima County",310135,Outlook,2020-12-14 03:56:58.268152
2020-07-18,20:00,77.7,42.9,29.0,0.0,3,N ,6.9,9.6,0.0,88.6,85.9,"Outlook, Yakima County",310135,Outlook,2020-12-14 03:56:58.268152
2020-07-18,20:15,76.6,42.8,30.0,0.0,1,N ,8.4,10.3,0.0,88.0,86.0,"Outlook, Yakima County",310135,Outlook,2020-12-14 03:56:58.268152
2020-07-18,20:30,75.9,43.2,31.0,0.0,0,N ,9.9,12.4,0.0,87.4,86.1,"Outlook, Yakima County",310135,Outlook,2020-12-14 03:56:58.268152
2020-07-18,20:45,77.8,42.2,28.1,0.0,0,N ,10.0,12.1,0.0,86.9,86.1,"Outlook, Yakima County",310135,Outlook,2020-12-14 03:56:58.268152
2020-07-18,21:00,77.6,41.4,27.4,0.0,0,N ,9.9,12.8,0.0,86.5,86.2,"Outlook, Yakima County",310135,Outlook,2020-12-14 03:56:58.268152
2020-07-18,21:15,77.6,40.7,26.6,0.0,0,N ,9.3,13.2,0.0,86.0,86.2,"Outlook, Yakima County",310135,Outlook,2020-12-14 03:56:58.268152
2020-07-18,21:30,76.5,40.8,27.8,0.0,0,N ,9.8,15.0,0.0,85.6,86.2,"Outlook, Yakima County",310135,Outlook,2020-12-14 03:56:58.268152
2020-07-18,21:45,75.7,41.0,28.7,0.0,0,N ,9.2,11.4,0.0,85.2,86.2,"Outlook, Yakima County",310135,Outlook,2020-12-14 03:56:58.268152
2020-07-18,22:00,75.5,41.6,29.6,0.0,0,N ,7.4,10.3,0.0,84.9,86.2,"Outlook, Yakima County",310135,Outlook,2020-12-14 03:56:58.268152
2020-07-18,22:15,74.7,41.2,30.0,0.0,0,N ,9.1,11.4,0.0,84.5,86.2,"Outlook, Yakima County",310135,Outlook,2020-12-14 03:56:58.268152
2020-07-18,22:30,74.5,40.1,28.9,0.0,0,N ,9.2,11.4,0.0,84.1,86.1,"Outlook, Yakima County",310135,Outlook,2020-12-14 03:56:58.268152
2020-07-18,22:45,74.8,39.4,27.8,0.0,0,N ,8.8,11.7,0.0,83.8,86.1,"Outlook, Yakima County",310135,Outlook,2020-12-14 03:56:58.268152
2020-07-18,23:00,76.5,38.0,24.8,0.0,0,N ,10.2,13.5,0.0,83.5,86.1,"Outlook, Yakima County",310135,Outlook,2020-12-14 03:56:58.268152
2020-07-19,23:15,76.3,37.7,24.7,0.0,0,N ,10.3,12.8,0.0,83.2,86.0,"Outlook, Yakima County",310135,Outlook,2020-12-14 03:56:58.268152
2020-07-19,23:30,75.0,38.8,26.9,0.0,0,N ,11.2,15.3,0.0,82.9,86.0,"Outlook, Yakima County",310135,Outlook,2020-12-14 03:56:58.268152
2020-07-19,23:45,73.9,40.4,29.8,0.0,0,N,10.9,14.6,0.0,82.6,85.9,"Outlook, Yakima County",310135,Outlook,2020-12-14 03:56:58.268152
2020-07-19,24:00,74.8,40.3,28.8,0.0,0,N,11.8,16.0,0.0,82.3,85.8,"Outlook, Yakima County",310135,Outlook,2020-12-14 03:56:58.268152
