Date,Time PST,Air Temp °F, 2<sup>nd</sup> Air Temp °F, Dew Point °F, Rel Hum %, Leaf Wet u., Wind Dir @ Speed mph, Wind Gust mph, 2 in. Soil Tmp °F, 8 in. Soil Tmp °F, Tot Prec in, Solar Rad W/m²,Location,Station ID,Station Name,Download Timestamp
2016-02-01,00:15,30.6,30.1,25.9,83.8,0.0,N@6.4,7.4,34.1,38.5,0.0,0,"Outlook, Yakima County",310135,Outlook,2017-12-07 00:56:12.325915
2016-02-01,00:30,30.9,30.4,26.2,83.5,0.0,N@6.4,7.4,34.1,38.5,0.0,0,"Outlook, Yakima County",310135,Outlook,2017-12-07 00:56:12.325915
2016-02-01,00:45,31.0,30.5,26.3,83.5,0.0,N@5.7,7.1,34.0,38.5,0.0,0,"Outlook, Yakima County",310135,Outlook,2017-12-07 00:56:12.325915
2016-02-01,01:00,30.2,29.7,25.8,84.6,0.0,N@6.8,7.8,34.0,38.4,0.0,0,"Outlook, Yakima County",310135,Outlook,2017-12-07 00:56:12.325915
2016-02-01,01:15,30.0,29.5,25.8,85.5,0.0,N@6.3,7.1,33.9,38.4,0.0,0,"Outlook, Yakima County",310135,Outlook,2017-12-07 00:56:12.325915
2016-02-01,01:30,30.1,29.6,25.8,85.0,0.0,N@5.8,6.7,33.9,38.3,0.0,0,"Outlook, Yakima County",310135,Outlook,2017-12-07 00:56:12.325915
2016-02-01,01:45,30.8,30.3,26.1,83.5,0.0,N@4.6,5.7,33.8,38.3,0.0,0,"Outlook, Yakima County",310135,Outlook,2017-12-07 00:56:12.325915
2016-02-01,02:00,30.3,29.6,25.6,83.4,0.0,N@4.8,7.1,33.8,38.2,0.0,0,"Outlook, Yakima County",310135,Outlook,2017-12-07 00:56:12.325915
2016-02-01,02:15,30.2,29.8,25.9,85.1,0.0,N@3.9,6.4,33.7,38.2,0.0,0,"Outlook, Yakima County",310135,Outlook,2017-12-07 00:56:12.325915
2016-02-01,02:30,30.8,30.3,26.0,82.9,0.0,N@3.8,5.3,33.7,38.2,0.0,0,"Outlook, Yakima County",310135,Outlook,2017-12-07 00:56:12.325915
2016-02-01,02:45,30.2,29.8,25.9,84.9,0.0,N@6.9,9.2,33.7,38.1,0.0,0,"Outlook, Yakima County",310135,Outlook,2017-12-07 00:56:12.325915
2016-02-01,03:00,30.5,29.9,26.1,84.7,0.0,N@5.6,7.1,33.6,38.1,0.0,0,"Outlook, Yakima County",310135,Outlook,2017-12-07 00:56:12.325915
2016-02-01,03:15,30.2,29.8,26.0,85.3,0.0,N@5.5,7.1,33.6,38.0,0.0,0,"Outlook, Yakima County",310135,Outlook,2017-12-07 00:56:12.325915
2016-02-01,03:30,30.5,30.1,26.2,85.1,0.0,NE@2.8,5.3,33.6,38.0,0.0,0,"Outlook, Yakima County",310135,Outlook,2017-12-07 00:56:12.325915
2016-02-01,03:45,29.6,29.0,25.6,86.6,0.0,N@3.9,5.3,33.5,38.0,0.0,0,"Outlook, Yakima County",310135,Outlook,2017-12-07 00:56:12.325915
2016-02-01,04:00,28.3,27.9,24.9,89.4,0.0,N@4.5,5.7,33.5,37.9,0.0,0,"Outlook, Yakima County",310135,Outlook,2017-12-07 00:56:12.325915
2016-02-01,04:15,30.0,29.4,26.0,86.4,0.0,N@3.3,4.6,33.4,37.9,0.0,0,"Outlook, Yakima County",310135,Outlook,2017-12-07 00:56:12.325915
2016-02-01,04:30,30.0,29.3,25.6,84.8,0.0,N@4.3,4.9,33.4,37.9,0.0,0,"Outlook, Yakima County",310135,Outlook,2017-12-07 00:56:12.325915
2016-02-01,04:45,28.6,27.9,24.6,86.9,0.0,N@5.3,6.4,33.4,37.8,0.0,0,"Outlook, Yakima County",310135,Outlook,2017-12-07 00:56:12.325915
2016-02-01,05:00,28.3,27.8,24.6,88.0,0.0,N@6.1,7.4,33.3,37.8,0.0,0,"Outlook, Yakima County",310135,Outlook,2017-12-07 00:56:12.325915
2016-02-01,05:15,27.9,27.4,24.3,88.8,0.0,N@5.4,7.4,33.3,37.7,0.0,0,"Outlook, Yakima County",310135,Outlook,2017-12-07 00:56:12.325915
2016-02-01,05:30,27.7,27.3,24.2,89.1,0.0,N@5.2,6.4,33.3,37.7,0.0,0,"Outlook, Yakima County",310135,Outlook,2017-12-07 00:56:12.325915
2016-02-01,05:45,28.7,28.3,24.7,87.0,0.0,N@5.2,6.4,33.2,37.7,0.0,0,"Outlook, Yakima County",310135,Outlook,2017-12-07 00:56:12.325915
2016-02-01,06:00,29.6,29.1,25.3,85.1,0.0,N@4.7,5.7,33.2,37.6,0.0,0,"Outlook, Yakima County",310135,Outlook,2017-12-07 00:56:12.325915
2016-02-01,06:15,30.0,29.3,25.1,83.1,0.0,N@4.2,5.3,33.2,37.6,0.0,0,"Outlook, Yakima County",310135,Outlook,2017-12-07 00:56:12.325915
2016-02-01,06:30,28.7,28.2,24.2,85.3,0.0,NW@4.2,5.3,33.1,37.6,0.0,0,"Outlook, Yakima County",310135,Outlook,2017-12-07 00:56:12.325915
2016-02-01,06:45,28.3,27.8,23.9,85.8,0.0,N@4.8,5.7,33.1,37.5,0.0,0,"Outlook, Yakima County",310135,Outlook,2017-12-07 00:56:12.325915
2016-02-01,07:00,27.8,27.4,23.8,87.5,0.0,NE@1.9,4.6,33.1,37.5,0.0,0,"Outlook, Yakima County",310135,Outlook,2017-12-07 00:56:12.325915
2016-02-01,07:15,29.1,28.6,24.6,84.8,0.0,N@1.8,3.9,33.1,37.5,0.0,1,"Outlook, Yakima County",310135,Outlook,2017-12-07 00:56:12.325915
2016-02-01,07:30,29.1,28.6,24.4,84.2,0.0,NE@3.6,4.9,33.0,37.4,0.0,4,"Outlook, Yakima County",310135,Outlook,2017-12-07 00:56:12.325915
2016-02-01,07:45,28.6,28.0,24.1,85.3,0.0,N@3.9,4.9,33.0,37.4,0.0,17,"Outlook, Yakima County",310135,Outlook,2017-12-07 00:56:12.325915
2016-02-01,08:00,30.7,30.5,25.7,82.2,0.0,E@2.2,3.1,33.0,37.4,0.0,56,"Outlook, Yakima County",310135,Outlook,2017-12-07 00:56:12.325915
2016-02-01,08:15,32.4,32.2,27.0,80.0,0.0,E@1.1,3.1,33.0,37.3,0.0,85,"Outlook, Yakima County",310135,Outlook,2017-12-07 00:56:12.325915
2016-02-01,08:30,34.6,34.0,27.9,76.2,0.0,N@0.4,2.8,33.0,37.3,0.0,116,"Outlook, Yakima County",310135,Outlook,2017-12-07 00:56:12.325915
2016-02-01,08:45,34.3,33.9,27.7,76.7,0.0,NE@2.2,3.1,32.9,37.3,0.0,149,"Outlook, Yakima County",310135,Outlook,2017-12-07 00:56:12.325915
2016-02-01,09:00,35.4,35.2,28.0,74.3,0.0,SE@1.5,3.5,32.9,37.2,0.0,182,"Outlook, Yakima County",310135,Outlook,2017-12-07 00:56:12.325915
2016-02-01,09:15,35.8,35.5,28.4,74.3,0.0,SE@1.2,3.9,32.9,37.2,0.0,215,"Outlook, Yakima County",310135,Outlook,2017-12-07 00:56:12.325915
2016-02-01,09:30,36.4,36.0,28.5,72.6,0.0,SE@1.7,3.5,32.9,37.2,0.0,248,"Outlook, Yakima County",310135,Outlook,2017-12-07 00:56:12.325915
2016-02-01,09:45,37.2,37.0,29.1,72.2,0.0,E@1.0,3.1,32.9,37.2,0.0,280,"Outlook, Yakima County",310135,Outlook,2017-12-07 00:56:12.325915
2016-02-01,10:00,38.4,38.0,30.3,72.4,0.0,SE@2.8,4.6,32.9,37.1,0.0,310,"Outlook, Yakima County",310135,Outlook,2017-12-07 00:56:12.325915
2016-02-01,10:15,38.0,37.6,31.0,75.7,0.0,S@2.8,4.2,32.9,37.1,0.0,338,"Outlook, Yakima County",310135,Outlook,2017-12-07 00:56:12.325915
2016-02-01,10:30,38.0,37.6,31.1,76.0,0.0,S@3.7,5.3,32.9,37.1,0.0,362,"Outlook, Yakima County",310135,Outlook,2017-12-07 00:56:12.325915
2016-02-01,10:45,38.4,38.0,31.2,75.1,0.0,S@3.2,5.3,33.0,37.0,0.0,385,"Outlook, Yakima County",310135,Outlook,2017-12-07 00:56:12.325915
2016-02-01,11:00,38.4,37.9,31.4,75.7,0.0,S@3.7,4.9,33.1,37.0,0.0,405,"Outlook, Yakima County",310135,Outlook,2017-12-07 00:56:12.325915
2016-02-01,11:15,38.8,38.4,31.0,73.2,0.0,S@3.1,5.3,33.4,37.0,0.0,425,"Outlook, Yakima County",310135,Outlook,2017-12-07 00:56:12.325915
2016-02-01,11:30,39.7,39.3,30.7,70.1,0.0,SW@2.6,5.7,33.8,37.0,0.0,442,"Outlook, Yakima County",310135,Outlook,2017-12-07 00:56:12.325915
2016-02-01,11:45,40.4,40.1,30.8,68.1,0.0,SW@3.2,5.7,34.3,36.9,0.0,446,"Outlook, Yakima County",310135,Outlook,2017-12-07 00:56:12.325915
2016-02-01,12:00,41.0,40.6,31.0,67.2,0.0,SW@3.5,6.4,34.8,36.9,0.0,457,"Outlook, Yakima County",310135,Outlook,2017-12-07 00:56:12.325915
2016-02-01,12:15,42.1,41.6,31.2,64.9,0.0,S@3.0,5.7,35.4,36.9,0.0,463,"Outlook, Yakima County",310135,Outlook,2017-12-07 00:56:12.325915
2016-02-01,12:30,42.1,41.6,31.6,66.0,0.0,S@3.6,5.7,35.9,36.9,0.0,465,"Outlook, Yakima County",310135,Outlook,2017-12-07 00:56:12.325915
2016-02-01,12:45,42.5,41.9,31.3,64.4,0.0,S@3.5,5.7,36.5,36.9,0.0,463,"Outlook, Yakima County",310135,Outlook,2017-12-07 00:56:12.325915
2016-02-01,13:00,42.8,42.3,31.7,64.4,0.0,S@3.6,6.7,37.0,36.8,0.0,458,"Outlook, Yakima County",310135,Outlook,2017-12-07 00:56:12.325915
2016-02-01,13:15,43.8,43.3,32.2,63.4,0.0,S@3.2,5.7,37.5,36.8,0.0,449,"Outlook, Yakima County",310135,Outlook,2017-12-07 00:56:12.325915
2016-02-01,13:30,43.6,43.2,31.7,62.5,0.0,S@3.4,6.0,38.0,36.9,0.0,437,"Outlook, Yakima County",310135,Outlook,2017-12-07 00:56:12.325915
2016-02-01,13:45,44.2,43.7,31.2,60.0,0.0,S@3.6,6.7,38.4,36.9,0.0,422,"Outlook, Yakima County",310135,Outlook,2017-12-07 00:56:12.325915
2016-02-01,14:00,44.6,44.2,30.7,57.8,0.0,SW@2.4,5.7,38.7,36.9,0.0,408,"Outlook, Yakima County",310135,Outlook,2017-12-07 00:56:12.325915
2016-02-01,14:15,44.9,44.2,30.9,57.9,0.0,SW@3.1,6.4,38.9,37.0,0.0,390,"Outlook, Yakima County",310135,Outlook,2017-12-07 00:56:12.325915
2016-02-01,14:30,45.1,44.6,31.4,58.4,0.0,S@2.6,6.7,39.1,37.1,0.0,367,"Outlook, Yakima County",310135,Outlook,2017-12-07 00:56:12.325915
2016-02-01,14:45,45.5,45.0,31.7,58.1,0.0,SW@4.7,7.8,39.2,37.1,0.0,313,"Outlook, Yakima County",310135,Outlook,2017-12-07 00:56:12.325915
2016-02-01,15:00,44.5,44.1,31.3,59.6,0.0,SW@4.9,8.2,39.2,37.2,0.0,213,"Outlook, Yakima County",310135,Outlook,2017-12-07 00:56:12.325915
2016-02-01,15:15,44.3,43.9,31.3,60.0,0.0,SW@4.8,7.4,39.2,37.3,0.0,193,"Outlook, Yakima County",310135,Outlook,2017-12-07 00:56:12.325915
2016-02-01,15:30,44.0,43.6,30.7,59.2,0.0,SW@3.4,5.3,39.1,37.4,0.0,142,"Outlook, Yakima County",310135,Outlook,2017-12-07 00:56:12.325915
2016-02-01,15:45,43.7,43.2,30.8,60.1,0.0,SW@2.7,4.9,39.0,37.6,0.0,118,"Outlook, Yakima County",310135,Outlook,2017-12-07 00:56:12.325915
2016-02-01,16:00,43.2,42.6,31.1,62.2,0.0,S@2.2,3.9,38.7,37.7,0.0,83,"Outlook, Yakima County",310135,Outlook,2017-12-07 00:56:12.325915
2016-02-01,16:15,42.0,41.5,30.9,64.7,0.0,S@2.8,3.5,38.5,37.8,0.0,51,"Outlook, Yakima County",310135,Outlook,2017-12-07 00:56:12.325915
2016-02-01,16:30,41.2,40.5,30.6,65.8,0.0,S@0.6,2.4,38.3,37.9,0.0,31,"Outlook, Yakima County",310135,Outlook,2017-12-07 00:56:12.325915
2016-02-01,16:45,39.5,38.8,30.2,69.0,0.0,N@1.9,4.2,38.0,38.0,0.0,21,"Outlook, Yakima County",310135,Outlook,2017-12-07 00:56:12.325915
2016-02-01,17:00,36.7,36.0,29.5,75.2,0.0,N@6.0,9.2,37.7,38.1,0.0,9,"Outlook, Yakima County",310135,Outlook,2017-12-07 00:56:12.325915
2016-02-01,17:15,35.5,35.0,29.7,79.2,0.0,N@6.1,8.5,37.3,38.2,0.0,2,"Outlook, Yakima County",310135,Outlook,2017-12-07 00:56:12.325915
2016-02-01,17:30,35.0,34.5,29.7,81.0,0.0,N@7.5,8.9,37.0,38.3,0.0,0,"Outlook, Yakima County",310135,Outlook,2017-12-07 00:56:12.325915
2016-02-01,17:45,33.7,33.2,29.5,84.4,0.0,N@8.6,10.3,36.7,38.4,0.0,0,"Outlook, Yakima County",310135,Outlook,2017-12-07 00:56:12.325915
2016-02-01,18:00,33.3,32.9,29.3,85.1,0.0,N@8.4,9.9,36.4,38.5,0.0,0,"Outlook, Yakima County",310135,Outlook,2017-12-07 00:56:12.325915
2016-02-01,18:15,33.1,32.7,29.3,85.7,0.0,N@8.5,9.6,36.2,38.5,0.0,0,"Outlook, Yakima County",310135,Outlook,2017-12-07 00:56:12.325915
2016-02-01,18:30,34.0,33.7,29.5,83.3,0.0,N@7.4,9.2,36.0,38.6,0.0,0,"Outlook, Yakima County",310135,Outlook,2017-12-07 00:56:12.325915
2016-02-01,18:45,34.0,33.5,29.4,83.0,0.0,N@7.8,9.6,35.8,38.6,0.0,0,"Outlook, Yakima County",310135,Outlook,2017-12-07 00:56:12.325915
2016-02-01,19:00,33.7,33.2,29.2,83.6,0.0,N@8.6,10.7,35.7,38.7,0.0,0,"Outlook, Yakima County",310135,Outlook,2017-12-07 00:56:12.325915
2016-02-01,19:15,33.1,32.7,28.8,84.0,0.0,N@8.3,10.7,35.5,38.7,0.0,0,"Outlook, Yakima County",310135,Outlook,2017-12-07 00:56:12.325915
2016-02-01,19:30,33.7,33.3,28.6,81.3,0.0,N@8.0,9.2,35.4,38.7,0.0,0,"Outlook, Yakima County",310135,Outlook,2017-12-07 00:56:12.325915
2016-02-01,19:45,33.0,32.6,28.3,82.8,0.0,N@8.7,10.7,35.2,38.7,0.0,0,"Outlook, Yakima County",310135,Outlook,2017-12-07 00:56:12.325915
2016-02-01,20:00,32.8,32.5,28.3,83.1,0.0,N@8.9,10.3,35.1,38.7,0.0,0,"Outlook, Yakima County",310135,Outlook,2017-12-07 00:56:12.325915
2016-02-01,20:15,33.4,33.0,28.3,81.2,0.0,N@8.2,9.9,35.0,38.7,0.0,0,"Outlook, Yakima County",310135,Outlook,2017-12-07 00:56:12.325915
2016-02-01,20:30,33.3,32.9,28.4,81.9,0.0,N@8.3,10.3,34.9,38.6,0.0,0,"Outlook, Yakima County",310135,Outlook,2017-12-07 00:56:12.325915
2016-02-01,20:45,33.9,33.6,28.7,80.8,0.0,N@6.7,8.9,34.8,38.6,0.0,0,"Outlook, Yakima County",310135,Outlook,2017-12-07 00:56:12.325915
2016-02-01,21:00,34.0,33.5,28.7,80.7,0.0,N@6.4,7.8,34.8,38.6,0.0,0,"Outlook, Yakima County",310135,Outlook,2017-12-07 00:56:12.325915
2016-02-01,21:15,34.5,34.3,28.9,79.6,0.0,N@3.0,5.3,34.7,38.6,0.0,0,"Outlook, Yakima County",310135,Outlook,2017-12-07 00:56:12.325915
2016-02-01,21:30,34.4,33.9,29.1,80.9,0.0,NE@2.4,3.9,34.6,38.5,0.0,0,"Outlook, Yakima County",310135,Outlook,2017-12-07 00:56:12.325915
2016-02-01,21:45,34.1,33.6,28.7,80.4,0.0,N@3.9,5.3,34.5,38.5,0.0,0,"Outlook, Yakima County",310135,Outlook,2017-12-07 00:56:12.325915
2016-02-01,22:00,33.3,32.8,28.3,81.4,0.0,N@7.2,8.9,34.5,38.4,0.0,0,"Outlook, Yakima County",310135,Outlook,2017-12-07 00:56:12.325915
2016-02-01,22:15,32.6,32.1,28.2,83.8,0.0,N@7.7,8.9,34.4,38.4,0.0,0,"Outlook, Yakima County",310135,Outlook,2017-12-07 00:56:12.325915
2016-02-01,22:30,32.1,31.7,28.1,85.0,0.0,N@7.1,8.9,34.4,38.4,0.0,0,"Outlook, Yakima County",310135,Outlook,2017-12-07 00:56:12.325915
2016-02-01,22:45,32.4,32.1,28.5,85.1,0.0,N@6.8,8.2,34.3,38.3,0.0,0,"Outlook, Yakima County",310135,Outlook,2017-12-07 00:56:12.325915
2016-02-01,23:00,32.2,31.7,28.0,84.3,0.0,N@8.7,11.0,34.2,38.3,0.0,0,"Outlook, Yakima County",310135,Outlook,2017-12-07 00:56:12.325915
2016-02-01,23:15,31.6,31.3,27.5,85.4,0.0,N@9.4,11.0,34.2,38.3,0.0,0,"Outlook, Yakima County",310135,Outlook,2017-12-07 00:56:12.325915
2016-02-01,23:30,32.5,32.1,27.7,82.3,0.0,N@8.1,9.6,34.1,38.2,0.0,0,"Outlook, Yakima County",310135,Outlook,2017-12-07 00:56:12.325915
2016-02-01,23:45,31.6,31.2,27.2,84.3,0.0,N@7.7,9.6,34.1,38.2,0.0,0,"Outlook, Yakima County",310135,Outlook,2017-12-07 00:56:12.325915
2016-02-01,24:00,32.9,32.4,27.7,81.0,0.0,N@6.8,8.2,34.0,38.1,0.0,0,"Outlook, Yakima County",310135,Outlook,2017-12-07 00:56:12.325915
2016-02-02,00:15,32.6,32.1,27.4,81.0,0.0,N@6.3,8.9,34.0,38.1,0.0,0,"Outlook, Yakima County",310135,Outlook,2017-12-07 00:56:12.325915
2016-02-02,00:30,32.6,32.2,27.8,82.2,0.0,NE@2.4,3.9,33.9,38.1,0.0,0,"Outlook, Yakima County",310135,Outlook,2017-12-07 00:56:12.325915
2016-02-02,00:45,32.4,31.8,27.2,80.8,0.0,N@3.4,4.9,33.9,38.0,0.0,0,"Outlook, Yakima County",310135,Outlook,2017-12-07 00:56:12.325915
2016-02-02,01:00,31.1,30.8,26.1,82.3,0.0,N@3.6,4.6,33.9,38.0,0.0,0,"Outlook, Yakima County",310135,Outlook,2017-12-07 00:56:12.325915
2016-02-02,01:15,31.1,30.9,26.4,83.0,0.0,N@4.8,6.0,33.8,37.9,0.0,0,"Outlook, Yakima County",310135,Outlook,2017-12-07 00:56:12.325915
2016-02-02,01:30,31.7,31.1,26.6,81.8,0.0,N@5.7,8.2,33.8,37.9,0.0,0,"Outlook, Yakima County",310135,Outlook,2017-12-07 00:56:12.325915
2016-02-02,01:45,31.7,31.2,26.8,82.6,0.0,N@6.3,7.4,33.7,37.9,0.0,0,"Outlook, Yakima County",310135,Outlook,2017-12-07 00:56:12.325915
2016-02-02,02:00,31.1,30.7,26.6,83.9,0.0,N@5.5,6.7,33.7,37.8,0.0,0,"Outlook, Yakima County",310135,Outlook,2017-12-07 00:56:12.325915
2016-02-02,02:15,30.5,30.2,26.7,86.8,0.0,N@4.7,6.0,33.7,37.8,0.0,0,"Outlook, Yakima County",310135,Outlook,2017-12-07 00:56:12.325915
2016-02-02,02:30,30.0,29.8,26.7,88.7,0.0,N@4.3,5.3,33.6,37.8,0.0,0,"Outlook, Yakima County",310135,Outlook,2017-12-07 00:56:12.325915
2016-02-02,02:45,31.3,31.1,27.7,87.1,0.0,N@4.6,6.7,33.6,37.7,0.0,0,"Outlook, Yakima County",310135,Outlook,2017-12-07 00:56:12.325915
2016-02-02,03:00,31.1,30.6,27.4,86.8,0.0,N@6.4,7.4,33.6,37.7,0.0,0,"Outlook, Yakima County",310135,Outlook,2017-12-07 00:56:12.325915
2016-02-02,03:15,30.4,29.9,27.0,88.1,0.0,N@7.5,9.6,33.5,37.7,0.0,0,"Outlook, Yakima County",310135,Outlook,2017-12-07 00:56:12.325915
2016-02-02,03:30,30.4,30.0,27.1,88.8,0.0,N@6.7,8.2,33.5,37.6,0.0,0,"Outlook, Yakima County",310135,Outlook,2017-12-07 00:56:12.325915
2016-02-02,03:45,30.5,30.1,27.0,88.1,0.0,N@6.4,7.4,33.5,37.6,0.0,0,"Outlook, Yakima County",310135,Outlook,2017-12-07 00:56:12.325915
2016-02-02,04:00,30.5,30.0,27.0,88.0,0.0,N@7.0,8.9,33.4,37.6,0.0,0,"Outlook, Yakima County",310135,Outlook,2017-12-07 00:56:12.325915
2016-02-02,04:15,29.7,29.3,26.5,89.4,0.0,N@7.7,8.9,33.4,37.5,0.0,0,"Outlook, Yakima County",310135,Outlook,2017-12-07 00:56:12.325915
2016-02-02,04:30,29.8,29.4,26.7,89.6,0.0,N@7.4,8.5,33.4,37.5,0.0,0,"Outlook, Yakima County",310135,Outlook,2017-12-07 00:56:12.325915
2016-02-02,04:45,30.1,29.6,27.0,89.6,0.0,N@5.0,7.4,33.3,37.5,0.0,0,"Outlook, Yakima County",310135,Outlook,2017-12-07 00:56:12.325915
2016-02-02,05:00,30.4,29.7,27.1,88.3,0.0,N@3.7,4.9,33.3,37.4,0.0,0,"Outlook, Yakima County",310135,Outlook,2017-12-07 00:56:12.325915
2016-02-02,05:15,30.5,29.9,26.8,87.1,0.0,N@3.7,5.3,33.3,37.4,0.0,0,"Outlook, Yakima County",310135,Outlook,2017-12-07 00:56:12.325915
2016-02-02,05:30,29.7,29.1,26.5,89.0,0.0,N@4.0,4.9,33.2,37.4,0.0,0,"Outlook, Yakima County",310135,Outlook,2017-12-07 00:56:12.325915
2016-02-02,05:45,30.3,29.5,26.9,88.4,0.0,N@2.4,4.2,33.2,37.3,0.0,0,"Outlook, Yakima County",310135,Outlook,2017-12-07 00:56:12.325915
2016-02-02,06:00,29.3,28.6,26.0,89.2,0.0,N@5.7,7.8,33.2,37.3,0.0,0,"Outlook, Yakima County",310135,Outlook,2017-12-07 00:56:12.325915
2016-02-02,06:15,28.0,27.6,25.1,91.0,0.0,N@8.1,8.9,33.2,37.3,0.0,0,"Outlook, Yakima County",310135,Outlook,2017-12-07 00:56:12.325915
2016-02-02,06:30,28.4,28.0,25.6,91.6,0.0,N@8.0,9.6,33.1,37.2,0.0,0,"Outlook, Yakima County",310135,Outlook,2017-12-07 00:56:12.325915
2016-02-02,06:45,29.0,28.7,26.2,91.1,0.0,N@6.7,8.9,33.1,37.2,0.0,0,"Outlook, Yakima County",310135,Outlook,2017-12-07 00:56:12.325915
2016-02-02,07:00,29.3,28.7,26.3,90.4,0.0,N@4.8,6.7,33.1,37.2,0.0,0,"Outlook, Yakima County",310135,Outlook,2017-12-07 00:56:12.325915
2016-02-02,07:15,30.6,30.2,27.3,88.6,0.01,E@2.4,3.5,33.0,37.2,0.0,1,"Outlook, Yakima County",310135,Outlook,2017-12-07 00:56:12.325915
2016-02-02,07:30,29.8,29.2,26.7,89.9,0.03,E@1.2,3.5,33.0,37.1,0.0,8,"Outlook, Yakima County",310135,Outlook,2017-12-07 00:56:12.325915
2016-02-02,07:45,29.5,29.1,26.7,91.1,0.03,NE@2.8,3.9,33.0,37.1,0.0,28,"Outlook, Yakima County",310135,Outlook,2017-12-07 00:56:12.325915
2016-02-02,08:00,30.9,30.7,27.9,89.6,0.01,NE@2.6,3.9,33.0,37.1,0.0,55,"Outlook, Yakima County",310135,Outlook,2017-12-07 00:56:12.325915
2016-02-02,08:15,32.7,32.6,29.0,86.0,0.0,E@2.2,3.9,32.9,37.0,0.0,84,"Outlook, Yakima County",310135,Outlook,2017-12-07 00:56:12.325915
2016-02-02,08:30,32.7,32.2,28.6,84.8,0.0,SE@3.2,4.2,32.9,37.0,0.0,115,"Outlook, Yakima County",310135,Outlook,2017-12-07 00:56:12.325915
2016-02-02,08:45,31.7,31.2,28.4,87.8,0.0,SE@4.5,6.7,32.9,37.0,0.0,141,"Outlook, Yakima County",310135,Outlook,2017-12-07 00:56:12.325915
2016-02-02,09:00,32.0,31.6,29.2,89.7,0.0,E@4.7,6.7,32.9,37.0,0.0,177,"Outlook, Yakima County",310135,Outlook,2017-12-07 00:56:12.325915
2016-02-02,09:15,33.0,32.6,29.9,88.3,0.0,E@4.6,6.4,32.9,36.9,0.0,214,"Outlook, Yakima County",310135,Outlook,2017-12-07 00:56:12.325915
2016-02-02,09:30,33.2,32.8,30.0,87.7,0.0,E@4.7,6.4,32.9,36.9,0.0,246,"Outlook, Yakima County",310135,Outlook,2017-12-07 00:56:12.325915
2016-02-02,09:45,33.9,33.4,30.4,86.9,0.0,SE@4.9,6.4,32.9,36.9,0.0,277,"Outlook, Yakima County",310135,Outlook,2017-12-07 00:56:12.325915
2016-02-02,10:00,34.4,33.9,30.7,85.9,0.0,SE@4.3,6.4,32.9,36.9,0.0,307,"Outlook, Yakima County",310135,Outlook,2017-12-07 00:56:12.325915
2016-02-02,10:15,34.8,34.3,31.0,85.7,0.0,SE@4.3,7.1,32.9,36.8,0.0,335,"Outlook, Yakima County",310135,Outlook,2017-12-07 00:56:12.325915
2016-02-02,10:30,35.1,34.6,30.8,84.1,0.0,SE@4.2,6.0,32.9,36.8,0.0,360,"Outlook, Yakima County",310135,Outlook,2017-12-07 00:56:12.325915
2016-02-02,10:45,35.7,35.3,30.8,82.3,0.0,S@3.5,5.7,33.0,36.8,0.0,385,"Outlook, Yakima County",310135,Outlook,2017-12-07 00:56:12.325915
2016-02-02,11:00,36.8,36.5,30.6,77.8,0.0,SE@2.5,5.7,33.1,36.8,0.0,399,"Outlook, Yakima County",310135,Outlook,2017-12-07 00:56:12.325915
2016-02-02,11:15,37.6,37.2,30.9,76.5,0.0,S@2.7,6.0,33.4,36.7,0.0,415,"Outlook, Yakima County",310135,Outlook,2017-12-07 00:56:12.325915
2016-02-02,11:30,37.7,37.3,31.3,77.3,0.0,S@3.2,6.4,33.8,36.7,0.0,443,"Outlook, Yakima County",310135,Outlook,2017-12-07 00:56:12.325915
2016-02-02,11:45,38.2,37.8,31.5,76.5,0.0,SE@2.9,6.4,34.4,36.7,0.0,459,"Outlook, Yakima County",310135,Outlook,2017-12-07 00:56:12.325915
2016-02-02,12:00,38.3,37.8,32.0,77.9,0.0,S@4.0,7.1,34.9,36.7,0.0,485,"Outlook, Yakima County",310135,Outlook,2017-12-07 00:56:12.325915
2016-02-02,12:15,38.0,37.6,31.6,77.2,0.0,SE@4.3,6.4,35.5,36.6,0.0,373,"Outlook, Yakima County",310135,Outlook,2017-12-07 00:56:12.325915
2016-02-02,12:30,37.6,37.2,32.0,79.9,0.0,SE@4.3,6.4,36.0,36.6,0.0,282,"Outlook, Yakima County",310135,Outlook,2017-12-07 00:56:12.325915
2016-02-02,12:45,37.9,37.5,32.4,80.2,0.0,SE@4.5,6.7,36.3,36.6,0.0,377,"Outlook, Yakima County",310135,Outlook,2017-12-07 00:56:12.325915
2016-02-02,13:00,38.6,38.0,32.5,78.6,0.0,SE@4.6,7.1,36.6,36.6,0.0,434,"Outlook, Yakima County",310135,Outlook,2017-12-07 00:56:12.325915
2016-02-02,13:15,39.0,38.5,32.7,77.8,0.0,SE@4.2,6.4,37.0,36.6,0.0,442,"Outlook, Yakima County",310135,Outlook,2017-12-07 00:56:12.325915
2016-02-02,13:30,39.7,39.2,32.9,76.5,0.0,SE@4.0,6.7,37.3,36.6,0.0,424,"Outlook, Yakima County",310135,Outlook,2017-12-07 00:56:12.325915
2016-02-02,13:45,40.4,39.9,33.2,75.4,0.0,SE@3.4,6.4,37.7,36.7,0.0,414,"Outlook, Yakima County",310135,Outlook,2017-12-07 00:56:12.325915
2016-02-02,14:00,40.5,39.9,33.1,74.7,0.0,S@4.7,7.1,37.9,36.7,0.0,402,"Outlook, Yakima County",310135,Outlook,2017-12-07 00:56:12.325915
2016-02-02,14:15,40.8,40.2,33.3,74.4,0.0,S@5.2,8.2,38.2,36.7,0.0,390,"Outlook, Yakima County",310135,Outlook,2017-12-07 00:56:12.325915
2016-02-02,14:30,40.9,40.4,33.0,73.2,0.0,S@4.5,8.5,38.4,36.8,0.0,368,"Outlook, Yakima County",310135,Outlook,2017-12-07 00:56:12.325915
2016-02-02,14:45,41.3,40.8,33.4,73.2,0.0,S@5.5,8.5,38.5,36.9,0.0,351,"Outlook, Yakima County",310135,Outlook,2017-12-07 00:56:12.325915
2016-02-02,15:00,41.3,40.8,33.1,72.5,0.0,SE@4.4,7.4,38.7,37.0,0.0,312,"Outlook, Yakima County",310135,Outlook,2017-12-07 00:56:12.325915
2016-02-02,15:15,41.5,41.0,33.3,72.4,0.0,SE@4.3,6.7,38.7,37.0,0.0,239,"Outlook, Yakima County",310135,Outlook,2017-12-07 00:56:12.325915
2016-02-02,15:30,40.7,40.2,33.0,73.9,0.0,S@4.0,6.0,38.7,37.1,0.0,143,"Outlook, Yakima County",310135,Outlook,2017-12-07 00:56:12.325915
2016-02-02,15:45,40.5,40.1,33.3,75.3,0.0,SE@4.0,6.7,38.6,37.2,0.0,124,"Outlook, Yakima County",310135,Outlook,2017-12-07 00:56:12.325915
2016-02-02,16:00,40.5,40.1,33.2,75.0,0.0,SE@4.6,6.4,38.5,37.3,0.0,144,"Outlook, Yakima County",310135,Outlook,2017-12-07 00:56:12.325915
2016-02-02,16:15,40.6,40.1,33.0,74.0,0.0,SE@5.7,8.2,38.4,37.4,0.0,161,"Outlook, Yakima County",310135,Outlook,2017-12-07 00:56:12.325915
2016-02-02,16:30,40.0,39.6,32.7,74.8,0.0,SE@5.4,7.4,38.3,37.5,0.0,104,"Outlook, Yakima County",310135,Outlook,2017-12-07 00:56:12.325915
2016-02-02,16:45,39.6,39.1,32.7,76.1,0.0,SE@5.0,7.4,38.2,37.7,0.0,60,"Outlook, Yakima County",310135,Outlook,2017-12-07 00:56:12.325915
2016-02-02,17:00,38.4,38.0,32.3,78.6,0.0,SE@5.6,8.2,38.1,37.8,0.0,23,"Outlook, Yakima County",310135,Outlook,2017-12-07 00:56:12.325915
2016-02-02,17:15,37.5,37.1,32.0,80.5,0.0,SE@4.6,6.7,37.9,37.8,0.0,5,"Outlook, Yakima County",310135,Outlook,2017-12-07 00:56:12.325915
2016-02-02,17:30,36.6,36.2,31.6,81.7,0.0,SE@4.3,5.7,37.6,37.9,0.0,1,"Outlook, Yakima County",310135,Outlook,2017-12-07 00:56:12.325915
2016-02-02,17:45,35.6,35.2,31.4,84.5,0.0,E@2.8,4.2,37.4,38.0,0.0,0,"Outlook, Yakima County",310135,Outlook,2017-12-07 00:56:12.325915
2016-02-02,18:00,35.5,35.1,32.0,87.2,0.0,NE@3.0,4.2,37.2,38.1,0.0,0,"Outlook, Yakima County",310135,Outlook,2017-12-07 00:56:12.325915
2016-02-02,18:15,35.8,35.4,31.8,85.1,0.0,NE@4.1,6.0,37.0,38.2,0.0,0,"Outlook, Yakima County",310135,Outlook,2017-12-07 00:56:12.325915
2016-02-02,18:30,35.8,35.4,31.4,83.8,0.0,N@5.3,6.7,36.8,38.2,0.0,0,"Outlook, Yakima County",310135,Outlook,2017-12-07 00:56:12.325915
2016-02-02,18:45,34.6,34.2,31.2,87.0,0.0,N@5.2,6.4,36.6,38.3,0.0,0,"Outlook, Yakima County",310135,Outlook,2017-12-07 00:56:12.325915
2016-02-02,19:00,35.0,34.6,31.5,86.8,0.0,N@4.6,6.0,36.4,38.3,0.0,0,"Outlook, Yakima County",310135,Outlook,2017-12-07 00:56:12.325915
2016-02-02,19:15,35.0,34.6,31.8,87.8,0.0,N@3.8,4.6,36.3,38.3,0.0,0,"Outlook, Yakima County",310135,Outlook,2017-12-07 00:56:12.325915
2016-02-02,19:30,35.3,34.9,31.6,86.0,0.0,N@3.6,4.6,36.2,38.3,0.0,0,"Outlook, Yakima County",310135,Outlook,2017-12-07 00:56:12.325915
2016-02-02,19:45,35.6,35.2,31.2,83.8,0.0,N@3.8,4.6,36.1,38.4,0.0,0,"Outlook, Yakima County",310135,Outlook,2017-12-07 00:56:12.325915
2016-02-02,20:00,34.5,34.0,30.7,85.5,0.0,N@3.9,5.3,36.0,38.4,0.0,0,"Outlook, Yakima County",310135,Outlook,2017-12-07 00:56:12.325915
2016-02-02,20:15,33.7,33.4,30.9,89.1,0.0,NW@2.3,5.3,35.9,38.4,0.0,0,"Outlook, Yakima County",310135,Outlook,2017-12-07 00:56:12.325915
2016-02-02,20:30,33.7,33.3,31.2,90.4,0.0,W@3.2,5.7,35.7,38.4,0.0,0,"Outlook, Yakima County",310135,Outlook,2017-12-07 00:56:12.325915
2016-02-02,20:45,32.8,32.3,30.7,91.7,0.01,N@2.6,3.1,35.6,38.4,0.0,0,"Outlook, Yakima County",310135,Outlook,2017-12-07 00:56:12.325915
2016-02-02,21:00,32.3,31.9,30.5,92.9,0.02,NE@3.1,4.2,35.4,38.4,0.0,0,"Outlook, Yakima County",310135,Outlook,2017-12-07 00:56:12.325915
2016-02-02,21:15,31.4,30.8,29.3,92.5,0.03,N@3.0,6.0,35.3,38.4,0.0,0,"Outlook, Yakima County",310135,Outlook,2017-12-07 00:56:12.325915
2016-02-02,21:30,32.1,31.7,30.0,91.7,0.03,N@1.7,4.6,35.1,38.3,0.0,0,"Outlook, Yakima County",310135,Outlook,2017-12-07 00:56:12.325915
2016-02-02,21:45,31.0,30.3,28.3,90.5,0.02,N@4.2,6.0,35.0,38.3,0.0,0,"Outlook, Yakima County",310135,Outlook,2017-12-07 00:56:12.325915
2016-02-02,22:00,29.5,28.9,27.3,93.3,0.02,N@5.0,6.4,34.8,38.3,0.0,0,"Outlook, Yakima County",310135,Outlook,2017-12-07 00:56:12.325915
2016-02-02,22:15,29.7,29.3,27.7,93.8,0.02,N@5.8,6.7,34.7,38.3,0.0,0,"Outlook, Yakima County",310135,Outlook,2017-12-07 00:56:12.325915
2016-02-02,22:30,31.3,30.8,29.0,91.9,0.01,N@4.2,6.4,34.6,38.3,0.0,0,"Outlook, Yakima County",310135,Outlook,2017-12-07 00:56:12.325915
2016-02-02,22:45,30.2,29.5,27.6,91.5,0.02,N@5.0,7.4,34.5,38.2,0.0,0,"Outlook, Yakima County",310135,Outlook,2017-12-07 00:56:12.325915
2016-02-02,23:00,30.3,29.9,28.2,93.1,0.02,N@4.4,6.4,34.5,38.2,0.0,0,"Outlook, Yakima County",310135,Outlook,2017-12-07 00:56:12.325915
2016-02-02,23:15,31.9,31.4,29.2,90.2,0.01,N@3.8,6.4,34.4,38.2,0.0,0,"Outlook, Yakima County",310135,Outlook,2017-12-07 00:56:12.325915
2016-02-02,23:30,33.0,32.5,30.0,88.8,0.0,N@3.1,4.6,34.3,38.1,0.0,0,"Outlook, Yakima County",310135,Outlook,2017-12-07 00:56:12.325915
2016-02-02,23:45,32.9,32.6,30.4,90.2,0.0,NE@2.8,3.9,34.3,38.1,0.0,0,"Outlook, Yakima County",310135,Outlook,2017-12-07 00:56:12.325915
2016-02-02,24:00,33.6,33.1,30.4,88.0,0.0,N@3.8,5.7,34.2,38.1,0.0,0,"Outlook, Yakima County",310135,Outlook,2017-12-07 00:56:12.325915
2016-02-03,00:15,33.5,33.1,30.8,89.6,0.0,N@3.8,5.3,34.2,38.0,0.0,0,"Outlook, Yakima County",310135,Outlook,2017-12-07 00:56:12.325915
2016-02-03,00:30,34.2,33.8,31.0,88.0,0.0,NE@2.7,4.6,34.2,38.0,0.0,0,"Outlook, Yakima County",310135,Outlook,2017-12-07 00:56:12.325915
2016-02-03,00:45,34.3,33.9,31.2,88.2,0.0,NE@3.0,4.2,34.1,38.0,0.0,0,"Outlook, Yakima County",310135,Outlook,2017-12-07 00:56:12.325915
2016-02-03,01:00,34.5,34.2,31.5,88.4,0.0,NE@3.2,4.2,34.1,37.9,0.0,0,"Outlook, Yakima County",310135,Outlook,2017-12-07 00:56:12.325915
2016-02-03,01:15,34.2,33.6,31.4,89.2,0.0,N@3.0,4.2,34.1,37.9,0.0,0,"Outlook, Yakima County",310135,Outlook,2017-12-07 00:56:12.325915
2016-02-03,01:30,33.3,32.9,31.4,92.5,0.0,NW@3.6,4.6,34.1,37.9,0.0,0,"Outlook, Yakima County",310135,Outlook,2017-12-07 00:56:12.325915
2016-02-03,01:45,31.4,30.7,29.7,94.1,0.0,W@3.8,5.3,34.0,37.8,0.0,0,"Outlook, Yakima County",310135,Outlook,2017-12-07 00:56:12.325915
2016-02-03,02:00,29.6,29.2,28.4,97.0,0.01,N@3.7,6.4,34.0,37.8,0.0,0,"Outlook, Yakima County",310135,Outlook,2017-12-07 00:56:12.325915
2016-02-03,02:15,29.8,29.5,29.2,99.2,0.08,NE@3.4,4.6,34.0,37.8,0.0,0,"Outlook, Yakima County",310135,Outlook,2017-12-07 00:56:12.325915
2016-02-03,02:30,29.9,29.6,29.9,100.0,0.13,NE@3.9,5.3,34.0,37.7,0.0,0,"Outlook, Yakima County",310135,Outlook,2017-12-07 00:56:12.325915
2016-02-03,02:45,31.0,30.7,30.3,98.2,0.18,NE@3.8,4.9,33.9,37.7,0.0,0,"Outlook, Yakima County",310135,Outlook,2017-12-07 00:56:12.325915
2016-02-03,03:00,31.4,31.0,30.2,96.0,0.19,NE@3.2,4.9,33.9,37.7,0.0,0,"Outlook, Yakima County",310135,Outlook,2017-12-07 00:56:12.325915
2016-02-03,03:15,32.0,31.5,30.5,94.5,0.18,NE@1.4,3.1,33.9,37.6,0.0,0,"Outlook, Yakima County",310135,Outlook,2017-12-07 00:56:12.325915
2016-02-03,03:30,30.7,29.9,29.1,95.1,0.19,S@1.5,3.9,33.8,37.6,0.0,0,"Outlook, Yakima County",310135,Outlook,2017-12-07 00:56:12.325915
2016-02-03,03:45,28.8,28.2,27.8,98.2,0.25,N@2.1,3.5,33.8,37.6,0.0,0,"Outlook, Yakima County",310135,Outlook,2017-12-07 00:56:12.325915
2016-02-03,04:00,27.9,27.4,27.1,99.5,0.34,NW@3.1,4.9,33.7,37.5,0.0,0,"Outlook, Yakima County",310135,Outlook,2017-12-07 00:56:12.325915
2016-02-03,04:15,28.0,27.7,27.0,98.6,0.36,N@3.5,5.3,33.7,37.5,0.0,0,"Outlook, Yakima County",310135,Outlook,2017-12-07 00:56:12.325915
2016-02-03,04:30,28.1,27.6,26.7,97.0,0.38,N@4.5,6.0,33.6,37.5,0.0,0,"Outlook, Yakima County",310135,Outlook,2017-12-07 00:56:12.325915
2016-02-03,04:45,29.3,29.1,28.2,97.5,0.42,NW@1.9,3.9,33.6,37.4,0.0,0,"Outlook, Yakima County",310135,Outlook,2017-12-07 00:56:12.325915
2016-02-03,05:00,29.7,29.2,28.3,96.4,0.44,N@3.9,4.9,33.6,37.4,0.0,0,"Outlook, Yakima County",310135,Outlook,2017-12-07 00:56:12.325915
2016-02-03,05:15,29.6,29.2,28.3,96.5,0.32,NE@3.0,4.6,33.6,37.4,0.0,0,"Outlook, Yakima County",310135,Outlook,2017-12-07 00:56:12.325915
2016-02-03,05:30,29.4,29.0,28.4,97.8,0.05,S@1.7,3.5,33.5,37.4,0.0,0,"Outlook, Yakima County",310135,Outlook,2017-12-07 00:56:12.325915
2016-02-03,05:45,29.3,28.8,28.5,98.7,0.05,N@0.0,0.0,33.5,37.3,0.0,0,"Outlook, Yakima County",310135,Outlook,2017-12-07 00:56:12.325915
2016-02-03,06:00,29.3,28.9,28.5,98.6,0.04,W@3.0,3.9,33.5,37.3,0.0,0,"Outlook, Yakima County",310135,Outlook,2017-12-07 00:56:12.325915
2016-02-03,06:15,29.4,29.0,28.4,98.0,0.04,NW@2.3,3.1,33.5,37.3,0.0,0,"Outlook, Yakima County",310135,Outlook,2017-12-07 00:56:12.325915
2016-02-03,06:30,29.7,29.3,28.8,97.9,0.06,N@2.4,3.9,33.5,37.2,0.0,0,"Outlook, Yakima County",310135,Outlook,2017-12-07 00:56:12.325915
2016-02-03,06:45,29.6,29.1,28.5,97.1,0.09,NE@2.2,4.9,33.4,37.2,0.0,0,"Outlook, Yakima County",310135,Outlook,2017-12-07 00:56:12.325915
2016-02-03,07:00,30.6,30.2,28.9,94.7,0.07,NE@5.0,6.7,33.4,37.2,0.0,0,"Outlook, Yakima County",310135,Outlook,2017-12-07 00:56:12.325915
2016-02-03,07:15,31.1,30.8,29.1,93.2,0.04,NE@3.6,5.3,33.4,37.2,0.0,2,"Outlook, Yakima County",310135,Outlook,2017-12-07 00:56:12.325915
2016-02-03,07:30,31.3,30.8,29.2,92.4,0.03,SE@3.3,5.3,33.4,37.1,0.0,11,"Outlook, Yakima County",310135,Outlook,2017-12-07 00:56:12.325915
2016-02-03,07:45,29.7,29.2,28.5,97.0,0.04,SW@1.0,3.1,33.4,37.1,0.0,19,"Outlook, Yakima County",310135,Outlook,2017-12-07 00:56:12.325915
2016-02-03,08:00,29.8,29.4,29.0,98.2,0.04,N@1.5,3.1,33.3,37.1,0.0,27,"Outlook, Yakima County",310135,Outlook,2017-12-07 00:56:12.325915
2016-02-03,08:15,30.1,29.7,29.0,97.3,0.03,SW@2.8,4.2,33.3,37.1,0.0,42,"Outlook, Yakima County",310135,Outlook,2017-12-07 00:56:12.325915
2016-02-03,08:30,30.0,29.6,29.0,97.4,0.03,W@4.8,6.7,33.3,37.0,0.0,57,"Outlook, Yakima County",310135,Outlook,2017-12-07 00:56:12.325915
2016-02-03,08:45,29.6,29.2,28.5,97.5,0.03,W@5.9,8.5,33.3,37.0,0.0,55,"Outlook, Yakima County",310135,Outlook,2017-12-07 00:56:12.325915
2016-02-03,09:00,30.2,29.9,29.3,97.7,0.03,W@4.7,7.4,33.3,37.0,0.0,147,"Outlook, Yakima County",310135,Outlook,2017-12-07 00:56:12.325915
2016-02-03,09:15,31.3,30.9,30.1,95.9,0.02,SW@4.0,6.4,33.3,37.0,0.0,150,"Outlook, Yakima County",310135,Outlook,2017-12-07 00:56:12.325915
2016-02-03,09:30,31.3,30.9,30.2,96.8,0.02,W@3.7,5.3,33.3,36.9,0.0,169,"Outlook, Yakima County",310135,Outlook,2017-12-07 00:56:12.325915
2016-02-03,09:45,32.1,31.7,31.1,95.9,0.02,W@4.5,5.3,33.3,36.9,0.0,182,"Outlook, Yakima County",310135,Outlook,2017-12-07 00:56:12.325915
2016-02-03,10:00,33.9,33.5,32.2,93.2,0.01,NW@3.4,5.3,33.4,36.9,0.0,307,"Outlook, Yakima County",310135,Outlook,2017-12-07 00:56:12.325915
2016-02-03,10:15,35.9,35.5,32.0,85.6,0.0,SE@2.1,4.6,33.5,36.9,0.0,323,"Outlook, Yakima County",310135,Outlook,2017-12-07 00:56:12.325915
2016-02-03,10:30,35.5,35.0,31.7,85.7,0.0,SE@2.5,4.6,33.8,36.9,0.0,264,"Outlook, Yakima County",310135,Outlook,2017-12-07 00:56:12.325915
2016-02-03,10:45,35.0,34.5,31.6,87.2,0.0,SE@3.5,5.7,34.1,36.8,0.0,184,"Outlook, Yakima County",310135,Outlook,2017-12-07 00:56:12.325915
2016-02-03,11:00,34.5,34.0,31.7,89.4,0.0,S@4.2,6.0,34.3,36.8,0.0,179,"Outlook, Yakima County",310135,Outlook,2017-12-07 00:56:12.325915
2016-02-03,11:15,34.4,34.0,31.6,89.2,0.0,S@4.5,6.4,34.6,36.8,0.0,235,"Outlook, Yakima County",310135,Outlook,2017-12-07 00:56:12.325915
2016-02-03,11:30,34.6,34.2,31.4,88.0,0.0,SW@3.4,6.0,34.9,36.8,0.0,270,"Outlook, Yakima County",310135,Outlook,2017-12-07 00:56:12.325915
2016-02-03,11:45,34.6,34.1,31.3,87.7,0.0,S@3.4,5.7,35.3,36.8,0.0,236,"Outlook, Yakima County",310135,Outlook,2017-12-07 00:56:12.325915
2016-02-03,12:00,34.8,34.4,31.3,87.1,0.0,SW@3.1,5.3,35.8,36.7,0.0,222,"Outlook, Yakima County",310135,Outlook,2017-12-07 00:56:12.325915
2016-02-03,12:15,34.7,34.3,31.5,87.8,0.0,SW@3.8,5.3,36.2,36.7,0.0,184,"Outlook, Yakima County",310135,Outlook,2017-12-07 00:56:12.325915
2016-02-03,12:30,34.9,34.5,31.4,87.0,0.0,W@2.7,5.3,36.5,36.7,0.0,212,"Outlook, Yakima County",310135,Outlook,2017-12-07 00:56:12.325915
2016-02-03,12:45,35.3,34.8,31.3,85.4,0.0,SW@2.8,5.3,36.8,36.7,0.0,249,"Outlook, Yakima County",310135,Outlook,2017-12-07 00:56:12.325915
2016-02-03,13:00,35.8,35.4,31.7,84.9,0.0,S@2.2,4.9,37.2,36.7,0.0,257,"Outlook, Yakima County",310135,Outlook,2017-12-07 00:56:12.325915
2016-02-03,13:15,36.7,36.3,31.9,82.3,0.0,W@2.5,4.9,37.5,36.7,0.0,280,"Outlook, Yakima County",310135,Outlook,2017-12-07 00:56:12.325915
2016-02-03,13:30,37.0,36.6,32.0,81.8,0.0,SW@2.7,4.9,37.9,36.7,0.0,222,"Outlook, Yakima County",310135,Outlook,2017-12-07 00:56:12.325915
2016-02-03,13:45,36.8,36.3,32.0,82.6,0.0,SW@2.9,5.3,38.2,36.7,0.0,132,"Outlook, Yakima County",310135,Outlook,2017-12-07 00:56:12.325915
2016-02-03,14:00,36.7,36.4,32.4,83.9,0.0,SW@4.5,6.4,38.4,36.8,0.0,116,"Outlook, Yakima County",310135,Outlook,2017-12-07 00:56:12.325915
2016-02-03,14:15,36.5,36.1,32.2,84.4,0.0,W@5.1,6.4,38.5,36.8,0.0,103,"Outlook, Yakima County",310135,Outlook,2017-12-07 00:56:12.325915
2016-02-03,14:30,36.3,36.0,32.3,85.0,0.0,W@4.3,6.0,38.6,36.8,0.0,86,"Outlook, Yakima County",310135,Outlook,2017-12-07 00:56:12.325915
2016-02-03,14:45,36.0,35.7,32.0,85.1,0.0,SW@4.2,6.0,38.6,36.9,0.0,78,"Outlook, Yakima County",310135,Outlook,2017-12-07 00:56:12.325915
2016-02-03,15:00,35.9,35.6,32.1,85.8,0.0,SW@4.9,6.4,38.5,36.9,0.0,64,"Outlook, Yakima County",310135,Outlook,2017-12-07 00:56:12.325915
2016-02-03,15:15,35.6,35.2,32.0,86.7,0.0,SW@4.2,5.7,38.5,37.0,0.0,50,"Outlook, Yakima County",310135,Outlook,2017-12-07 00:56:12.325915
2016-02-03,15:30,35.4,35.0,32.0,87.5,0.0,SW@2.6,5.3,38.4,37.0,0.0,34,"Outlook, Yakima County",310135,Outlook,2017-12-07 00:56:12.325915
2016-02-03,15:45,35.4,34.9,32.0,87.2,0.0,NE@0.8,4.2,38.3,37.1,0.0,27,"Outlook, Yakima County",310135,Outlook,2017-12-07 00:56:12.325915
2016-02-03,16:00,35.5,35.1,32.3,88.2,0.0,S@3.3,4.9,38.1,37.2,0.0,28,"Outlook, Yakima County",310135,Outlook,2017-12-07 00:56:12.325915
2016-02-03,16:15,35.2,34.8,32.3,89.4,0.0,SW@5.0,7.1,38.0,37.2,0.0,20,"Outlook, Yakima County",310135,Outlook,2017-12-07 00:56:12.325915
2016-02-03,16:30,34.5,34.1,32.2,91.3,0.0,SW@5.3,7.8,37.9,37.3,0.0,12,"Outlook, Yakima County",310135,Outlook,2017-12-07 00:56:12.325915
2016-02-03,16:45,34.2,33.8,32.2,92.3,0.0,SW@4.1,6.7,37.8,37.3,0.0,9,"Outlook, Yakima County",310135,Outlook,2017-12-07 00:56:12.325915
2016-02-03,17:00,34.2,33.7,32.2,92.3,0.01,NW@1.4,3.9,37.6,37.4,0.0,4,"Outlook, Yakima County",310135,Outlook,2017-12-07 00:56:12.325915
2016-02-03,17:15,33.8,33.2,32.3,94.4,0.27,N@2.9,3.9,37.5,37.4,0.0,1,"Outlook, Yakima County",310135,Outlook,2017-12-07 00:56:12.325915
2016-02-03,17:30,33.4,33.0,32.7,97.5,0.48,NE@3.3,4.9,37.3,37.5,0.0,0,"Outlook, Yakima County",310135,Outlook,2017-12-07 00:56:12.325915
2016-02-03,17:45,33.3,33.0,33.1,99.4,0.55,NE@3.9,6.0,37.1,37.5,0.0,0,"Outlook, Yakima County",310135,Outlook,2017-12-07 00:56:12.325915
2016-02-03,18:00,33.9,33.7,33.8,99.7,0.53,E@5.8,8.5,36.9,37.5,0.0,0,"Outlook, Yakima County",310135,Outlook,2017-12-07 00:56:12.325915
2016-02-03,18:15,35.0,34.7,34.4,97.7,0.46,E@6.7,9.6,36.7,37.6,0.0,0,"Outlook, Yakima County",310135,Outlook,2017-12-07 00:56:12.325915
2016-02-03,18:30,35.4,35.1,34.5,96.2,0.3,E@6.3,10.3,36.6,37.6,0.0,0,"Outlook, Yakima County",310135,Outlook,2017-12-07 00:56:12.325915
2016-02-03,18:45,35.1,34.6,34.2,96.4,0.34,SE@4.1,6.0,36.5,37.6,0.0,0,"Outlook, Yakima County",310135,Outlook,2017-12-07 00:56:12.325915
2016-02-03,19:00,33.3,32.8,33.2,99.9,0.41,S@2.6,4.6,36.5,37.6,0.0,0,"Outlook, Yakima County",310135,Outlook,2017-12-07 00:56:12.325915
2016-02-03,19:15,33.1,32.6,33.1,100.0,0.42,SW@0.5,2.8,36.4,37.6,0.0,0,"Outlook, Yakima County",310135,Outlook,2017-12-07 00:56:12.325915
2016-02-03,19:30,32.9,32.3,32.9,100.0,0.46,N@0.0,0.0,36.3,37.6,0.0,0,"Outlook, Yakima County",310135,Outlook,2017-12-07 00:56:12.325915
2016-02-03,19:45,32.8,32.2,32.8,100.0,0.53,N@0.0,0.0,36.2,37.7,0.0,0,"Outlook, Yakima County",310135,Outlook,2017-12-07 00:56:12.325915
2016-02-03,20:00,32.7,32.2,32.7,100.0,0.56,NW@0.0,1.4,36.0,37.7,0.0,0,"Outlook, Yakima County",310135,Outlook,2017-12-07 00:56:12.325915
2016-02-03,20:15,32.8,32.3,32.8,100.0,0.59,NE@1.1,2.8,35.9,37.7,0.0,0,"Outlook, Yakima County",310135,Outlook,2017-12-07 00:56:12.325915
2016-02-03,20:30,32.8,32.4,32.8,100.0,0.61,NE@0.7,2.4,35.9,37.7,0.0,0,"Outlook, Yakima County",310135,Outlook,2017-12-07 00:56:12.325915
2016-02-03,20:45,32.8,32.3,32.8,100.0,0.62,W@1.5,2.8,35.8,37.7,0.0,0,"Outlook, Yakima County",310135,Outlook,2017-12-07 00:56:12.325915
2016-02-03,21:00,32.7,32.2,32.7,100.0,0.62,W@2.4,3.1,35.8,37.7,0.0,0,"Outlook, Yakima County",310135,Outlook,2017-12-07 00:56:12.325915
2016-02-03,21:15,32.5,32.0,32.5,100.0,0.63,W@3.2,4.2,35.7,37.7,0.0,0,"Outlook, Yakima County",310135,Outlook,2017-12-07 00:56:12.325915
2016-02-03,21:30,32.4,32.0,32.4,100.0,0.64,NW@3.3,4.6,35.7,37.6,0.0,0,"Outlook, Yakima County",310135,Outlook,2017-12-07 00:56:12.325915
2016-02-03,21:45,32.6,32.2,32.6,100.0,0.65,NW@2.7,4.2,35.6,37.6,0.0,0,"Outlook, Yakima County",310135,Outlook,2017-12-07 00:56:12.325915
2016-02-03,22:00,32.9,32.4,32.9,100.0,0.66,N@2.2,3.5,35.6,37.6,0.0,0,"Outlook, Yakima County",310135,Outlook,2017-12-07 00:56:12.325915
2016-02-03,22:15,33.1,32.7,33.1,100.0,0.69,NE@1.3,2.8,35.5,37.6,0.0,0,"Outlook, Yakima County",310135,Outlook,2017-12-07 00:56:12.325915
2016-02-03,22:30,33.3,32.7,33.3,100.0,0.67,N@0.0,0.0,35.4,37.6,0.0,0,"Outlook, Yakima County",310135,Outlook,2017-12-07 00:56:12.325915
2016-02-03,22:45,33.3,32.7,33.3,100.0,0.73,N@2.8,7.4,35.4,37.6,0.0,0,"Outlook, Yakima County",310135,Outlook,2017-12-07 00:56:12.325915
2016-02-03,23:00,34.1,33.9,34.1,100.0,0.74,NE@4.1,7.1,35.3,37.6,0.0,0,"Outlook, Yakima County",310135,Outlook,2017-12-07 00:56:12.325915
2016-02-03,23:15,34.4,34.0,34.4,100.0,0.63,E@3.0,5.7,35.2,37.6,0.0,0,"Outlook, Yakima County",310135,Outlook,2017-12-07 00:56:12.325915
2016-02-03,23:30,33.6,33.1,33.6,100.0,0.41,N@1.9,3.9,35.1,37.5,0.0,0,"Outlook, Yakima County",310135,Outlook,2017-12-07 00:56:12.325915
2016-02-03,23:45,33.4,32.9,33.4,100.0,0.24,NE@1.7,2.8,35.0,37.5,0.0,0,"Outlook, Yakima County",310135,Outlook,2017-12-07 00:56:12.325915
2016-02-03,24:00,32.6,31.9,32.6,100.0,0.2,N@3.3,7.1,35.0,37.5,0.0,0,"Outlook, Yakima County",310135,Outlook,2017-12-07 00:56:12.325915
2016-02-04,00:15,31.8,31.2,31.5,99.7,0.18,N@4.7,7.8,34.9,37.5,0.0,0,"Outlook, Yakima County",310135,Outlook,2017-12-07 00:56:12.325915
2016-02-04,00:30,31.5,31.1,31.2,99.7,0.18,NE@4.3,6.4,34.8,37.5,0.0,0,"Outlook, Yakima County",310135,Outlook,2017-12-07 00:56:12.325915
2016-02-04,00:45,32.1,31.7,32.1,100.0,0.18,NE@2.8,4.6,34.7,37.5,0.0,0,"Outlook, Yakima County",310135,Outlook,2017-12-07 00:56:12.325915
2016-02-04,01:00,32.1,31.7,32.1,100.0,0.21,NE@3.2,4.9,34.6,37.4,0.0,0,"Outlook, Yakima County",310135,Outlook,2017-12-07 00:56:12.325915
2016-02-04,01:15,32.0,31.6,32.0,100.0,0.22,E@3.4,4.6,34.5,37.4,0.0,0,"Outlook, Yakima County",310135,Outlook,2017-12-07 00:56:12.325915
2016-02-04,01:30,32.3,32.0,32.3,100.0,0.32,E@3.7,6.0,34.5,37.4,0.0,0,"Outlook, Yakima County",310135,Outlook,2017-12-07 00:56:12.325915
2016-02-04,01:45,33.0,32.7,33.0,100.0,0.43,E@4.7,7.4,34.4,37.4,0.0,0,"Outlook, Yakima County",310135,Outlook,2017-12-07 00:56:12.325915
2016-02-04,02:00,32.6,32.2,32.6,100.0,0.31,E@4.1,5.7,34.4,37.4,0.0,0,"Outlook, Yakima County",310135,Outlook,2017-12-07 00:56:12.325915
2016-02-04,02:15,33.0,32.8,33.0,100.0,0.45,NE@4.2,5.7,34.4,37.3,0.0,0,"Outlook, Yakima County",310135,Outlook,2017-12-07 00:56:12.325915
2016-02-04,02:30,33.9,33.4,33.9,100.0,0.67,E@2.8,5.3,34.3,37.3,0.0,0,"Outlook, Yakima County",310135,Outlook,2017-12-07 00:56:12.325915
2016-02-04,02:45,34.0,33.6,34.0,100.0,0.72,E@1.6,3.1,34.3,37.3,0.0,0,"Outlook, Yakima County",310135,Outlook,2017-12-07 00:56:12.325915
2016-02-04,03:00,34.6,34.2,34.5,99.5,0.68,E@2.2,5.3,34.3,37.3,0.0,0,"Outlook, Yakima County",310135,Outlook,2017-12-07 00:56:12.325915
2016-02-04,03:15,35.2,34.8,34.5,97.4,0.55,NE@3.8,6.4,34.3,37.3,0.0,0,"Outlook, Yakima County",310135,Outlook,2017-12-07 00:56:12.325915
2016-02-04,03:30,35.8,35.4,34.5,95.0,0.47,NE@3.4,6.0,34.3,37.2,0.0,0,"Outlook, Yakima County",310135,Outlook,2017-12-07 00:56:12.325915
2016-02-04,03:45,35.6,35.3,34.2,94.3,0.49,E@3.7,6.0,34.2,37.2,0.0,0,"Outlook, Yakima County",310135,Outlook,2017-12-07 00:56:12.325915
2016-02-04,04:00,34.1,33.5,32.8,94.9,0.27,W@2.4,5.7,34.2,37.2,0.0,0,"Outlook, Yakima County",310135,Outlook,2017-12-07 00:56:12.325915
2016-02-04,04:15,32.2,31.8,31.6,97.6,0.16,NW@3.8,6.7,34.2,37.2,0.0,0,"Outlook, Yakima County",310135,Outlook,2017-12-07 00:56:12.325915
2016-02-04,04:30,34.3,34.0,33.3,96.1,0.2,NE@4.3,7.8,34.1,37.2,0.0,0,"Outlook, Yakima County",310135,Outlook,2017-12-07 00:56:12.325915
2016-02-04,04:45,34.0,33.4,32.5,94.3,0.19,N@6.3,8.5,34.1,37.1,0.0,0,"Outlook, Yakima County",310135,Outlook,2017-12-07 00:56:12.325915
2016-02-04,05:00,34.0,33.5,32.3,93.7,0.17,N@6.2,8.2,34.0,37.1,0.0,0,"Outlook, Yakima County",310135,Outlook,2017-12-07 00:56:12.325915
2016-02-04,05:15,32.7,32.1,31.5,94.9,0.16,N@4.8,9.2,34.0,37.1,0.0,0,"Outlook, Yakima County",310135,Outlook,2017-12-07 00:56:12.325915
2016-02-04,05:30,32.1,31.7,31.6,98.1,0.15,N@5.4,9.9,34.0,37.1,0.0,0,"Outlook, Yakima County",310135,Outlook,2017-12-07 00:56:12.325915
2016-02-04,05:45,33.3,32.9,32.1,95.4,0.16,N@7.6,9.2,33.9,37.1,0.0,0,"Outlook, Yakima County",310135,Outlook,2017-12-07 00:56:12.325915
2016-02-04,06:00,33.6,33.2,32.2,94.7,0.17,NE@5.9,9.2,33.9,37.0,0.0,0,"Outlook, Yakima County",310135,Outlook,2017-12-07 00:56:12.325915
2016-02-04,06:15,32.7,32.1,31.5,95.3,0.14,E@1.9,4.9,33.8,37.0,0.0,0,"Outlook, Yakima County",310135,Outlook,2017-12-07 00:56:12.325915
2016-02-04,06:30,32.1,31.6,31.5,97.5,0.14,E@1.8,3.9,33.8,37.0,0.0,0,"Outlook, Yakima County",310135,Outlook,2017-12-07 00:56:12.325915
2016-02-04,06:45,31.9,31.2,31.0,96.9,0.14,NE@1.8,3.5,33.8,37.0,0.0,0,"Outlook, Yakima County",310135,Outlook,2017-12-07 00:56:12.325915
2016-02-04,07:00,31.9,31.5,31.3,98.1,0.14,NE@3.8,6.4,33.7,37.0,0.0,0,"Outlook, Yakima County",310135,Outlook,2017-12-07 00:56:12.325915
2016-02-04,07:15,32.7,32.2,31.6,95.8,0.15,N@4.5,9.2,33.7,36.9,0.0,2,"Outlook, Yakima County",310135,Outlook,2017-12-07 00:56:12.325915
2016-02-04,07:30,32.5,31.8,31.2,94.9,0.14,SE@2.6,5.7,33.7,36.9,0.0,13,"Outlook, Yakima County",310135,Outlook,2017-12-07 00:56:12.325915
2016-02-04,07:45,29.5,28.7,28.4,97.3,0.13,S@0.7,3.1,33.7,36.9,0.0,35,"Outlook, Yakima County",310135,Outlook,2017-12-07 00:56:12.325915
2016-02-04,08:00,27.4,26.8,26.5,99.6,0.12,N@2.2,3.9,33.6,36.9,0.0,25,"Outlook, Yakima County",310135,Outlook,2017-12-07 00:56:12.325915
2016-02-04,08:15,29.5,29.3,29.5,100.0,0.14,N@1.9,3.5,33.6,36.9,0.0,45,"Outlook, Yakima County",310135,Outlook,2017-12-07 00:56:12.325915
2016-02-04,08:30,35.2,34.8,34.6,97.8,0.37,NE@3.8,4.9,33.6,36.9,0.0,65,"Outlook, Yakima County",310135,Outlook,2017-12-07 00:56:12.325915
2016-02-04,08:45,33.6,32.7,32.1,94.0,0.29,S@3.7,6.0,33.5,36.8,0.0,81,"Outlook, Yakima County",310135,Outlook,2017-12-07 00:56:12.325915
2016-02-04,09:00,29.5,29.0,28.9,99.6,0.17,W@3.2,4.9,33.5,36.8,0.0,96,"Outlook, Yakima County",310135,Outlook,2017-12-07 00:56:12.325915
2016-02-04,09:15,30.7,30.5,30.7,100.0,0.18,N@2.5,4.6,33.5,36.8,0.0,114,"Outlook, Yakima County",310135,Outlook,2017-12-07 00:56:12.325915
2016-02-04,09:30,32.2,31.8,32.2,100.0,0.22,E@1.5,4.2,33.5,36.8,0.0,139,"Outlook, Yakima County",310135,Outlook,2017-12-07 00:56:12.325915
2016-02-04,09:45,32.4,31.9,32.4,100.0,0.29,SW@1.0,2.8,33.5,36.8,0.01,159,"Outlook, Yakima County",310135,Outlook,2017-12-07 00:56:12.325915
2016-02-04,10:00,33.3,33.0,33.3,100.0,0.28,W@1.3,3.9,33.5,36.7,0.0,181,"Outlook, Yakima County",310135,Outlook,2017-12-07 00:56:12.325915
2016-02-04,10:15,35.6,35.4,35.5,99.3,0.27,NE@0.1,1.7,33.6,36.7,0.0,195,"Outlook, Yakima County",310135,Outlook,2017-12-07 00:56:12.325915
2016-02-04,10:30,36.1,35.5,35.3,97.0,0.22,SE@1.9,3.5,33.8,36.7,0.0,207,"Outlook, Yakima County",310135,Outlook,2017-12-07 00:56:12.325915
2016-02-04,10:45,35.7,35.4,35.7,99.8,0.2,E@2.7,5.7,34.0,36.7,0.0,222,"Outlook, Yakima County",310135,Outlook,2017-12-07 00:56:12.325915
2016-02-04,11:00,38.7,38.5,37.8,96.6,0.19,NE@2.5,3.9,34.3,36.7,0.0,254,"Outlook, Yakima County",310135,Outlook,2017-12-07 00:56:12.325915
2016-02-04,11:15,38.4,37.8,37.4,96.3,0.15,S@2.4,6.0,34.7,36.7,0.0,309,"Outlook, Yakima County",310135,Outlook,2017-12-07 00:56:12.325915
2016-02-04,11:30,40.0,39.7,39.7,98.9,0.13,E@2.5,4.6,35.3,36.7,0.0,453,"Outlook, Yakima County",310135,Outlook,2017-12-07 00:56:12.325915
2016-02-04,11:45,38.7,37.8,38.2,97.9,0.05,SE@4.0,6.4,36.0,36.6,0.0,442,"Outlook, Yakima County",310135,Outlook,2017-12-07 00:56:12.325915
2016-02-04,12:00,38.4,38.1,38.4,100.0,0.04,E@0.8,3.9,36.9,36.6,0.0,406,"Outlook, Yakima County",310135,Outlook,2017-12-07 00:56:12.325915
2016-02-04,12:15,42.2,42.5,41.2,95.8,0.03,NE@1.3,3.5,37.6,36.6,0.0,418,"Outlook, Yakima County",310135,Outlook,2017-12-07 00:56:12.325915
2016-02-04,12:30,42.3,41.3,39.7,90.5,0.02,S@4.6,7.8,38.2,36.6,0.0,330,"Outlook, Yakima County",310135,Outlook,2017-12-07 00:56:12.325915
2016-02-04,12:45,36.8,36.2,36.8,100.0,0.02,S@4.4,6.4,38.8,36.6,0.0,157,"Outlook, Yakima County",310135,Outlook,2017-12-07 00:56:12.325915
2016-02-04,13:00,35.6,35.1,35.6,100.0,0.02,SE@3.1,5.7,39.1,36.6,0.0,181,"Outlook, Yakima County",310135,Outlook,2017-12-07 00:56:12.325915
2016-02-04,13:15,36.2,36.0,36.2,100.0,0.02,NE@1.2,4.2,39.2,36.6,0.0,220,"Outlook, Yakima County",310135,Outlook,2017-12-07 00:56:12.325915
2016-02-04,13:30,38.7,38.6,38.7,100.0,0.02,N@2.6,4.2,39.4,36.6,0.0,385,"Outlook, Yakima County",310135,Outlook,2017-12-07 00:56:12.325915
2016-02-04,13:45,43.6,43.3,42.4,95.5,0.02,S@2.7,7.1,39.6,36.7,0.0,427,"Outlook, Yakima County",310135,Outlook,2017-12-07 00:56:12.325915
2016-02-04,14:00,43.7,43.2,41.6,92.0,0.02,S@3.8,7.4,39.9,36.8,0.0,396,"Outlook, Yakima County",310135,Outlook,2017-12-07 00:56:12.325915
2016-02-04,14:15,42.3,41.6,41.0,95.2,0.02,S@4.7,7.4,40.3,36.8,0.0,288,"Outlook, Yakima County",310135,Outlook,2017-12-07 00:56:12.325915
2016-02-04,14:30,39.9,39.3,39.6,98.9,0.02,S@4.1,6.7,40.6,36.9,0.0,146,"Outlook, Yakima County",310135,Outlook,2017-12-07 00:56:12.325915
2016-02-04,14:45,39.9,39.5,39.8,99.9,0.02,SW@2.2,3.9,40.8,37.0,0.0,144,"Outlook, Yakima County",310135,Outlook,2017-12-07 00:56:12.325915
2016-02-04,15:00,40.5,40.1,40.2,99.1,0.02,NW@2.3,5.3,40.8,37.1,0.0,143,"Outlook, Yakima County",310135,Outlook,2017-12-07 00:56:12.325915
2016-02-04,15:15,41.2,40.9,40.6,97.7,0.02,NW@0.9,3.5,40.9,37.2,0.0,109,"Outlook, Yakima County",310135,Outlook,2017-12-07 00:56:12.325915
2016-02-04,15:30,42.0,41.6,41.0,96.1,0.02,SE@0.1,2.1,40.9,37.3,0.0,86,"Outlook, Yakima County",310135,Outlook,2017-12-07 00:56:12.325915
2016-02-04,15:45,41.9,41.5,41.1,96.9,0.02,SW@0.1,2.1,40.9,37.4,0.0,65,"Outlook, Yakima County",310135,Outlook,2017-12-07 00:56:12.325915
2016-02-04,16:00,42.1,41.6,41.3,96.8,0.02,SW@0.9,2.8,40.8,37.5,0.0,60,"Outlook, Yakima County",310135,Outlook,2017-12-07 00:56:12.325915
2016-02-04,16:15,42.1,41.6,41.0,95.5,0.02,N@0.0,0.0,40.7,37.6,0.0,45,"Outlook, Yakima County",310135,Outlook,2017-12-07 00:56:12.325915
2016-02-04,16:30,42.3,41.7,41.2,95.9,0.02,N@0.0,0.0,40.6,37.7,0.0,38,"Outlook, Yakima County",310135,Outlook,2017-12-07 00:56:12.325915
2016-02-04,16:45,42.1,41.6,41.2,96.4,0.02,N@0.8,3.1,40.5,37.8,0.0,35,"Outlook, Yakima County",310135,Outlook,2017-12-07 00:56:12.325915
2016-02-04,17:00,42.6,41.9,41.0,94.2,0.02,S@0.9,2.8,40.4,37.9,0.0,20,"Outlook, Yakima County",310135,Outlook,2017-12-07 00:56:12.325915
2016-02-04,17:15,40.3,39.7,40.2,99.3,0.09,SE@0.8,2.8,40.2,38.0,0.0,4,"Outlook, Yakima County",310135,Outlook,2017-12-07 00:56:12.325915
2016-02-04,17:30,38.8,38.1,38.8,100.0,0.22,N@0.0,0.0,40.0,38.1,0.0,0,"Outlook, Yakima County",310135,Outlook,2017-12-07 00:56:12.325915
2016-02-04,17:45,38.2,37.6,38.2,100.0,0.32,N@0.5,3.1,39.8,38.2,0.0,0,"Outlook, Yakima County",310135,Outlook,2017-12-07 00:56:12.325915
2016-02-04,18:00,38.3,37.8,38.3,100.0,0.37,N@1.1,3.5,39.5,38.3,0.0,0,"Outlook, Yakima County",310135,Outlook,2017-12-07 00:56:12.325915
2016-02-04,18:15,39.2,38.7,39.2,99.9,0.41,N@5.0,7.4,39.3,38.3,0.0,0,"Outlook, Yakima County",310135,Outlook,2017-12-07 00:56:12.325915
2016-02-04,18:30,39.9,39.5,39.0,96.2,0.11,N@6.5,7.8,39.1,38.4,0.0,0,"Outlook, Yakima County",310135,Outlook,2017-12-07 00:56:12.325915
2016-02-04,18:45,40.0,39.6,38.3,93.7,0.05,N@7.3,9.6,38.9,38.5,0.0,0,"Outlook, Yakima County",310135,Outlook,2017-12-07 00:56:12.325915
2016-02-04,19:00,40.5,40.1,38.4,92.1,0.03,N@6.6,8.2,38.8,38.5,0.0,0,"Outlook, Yakima County",310135,Outlook,2017-12-07 00:56:12.325915
2016-02-04,19:15,40.9,40.5,38.3,90.5,0.02,N@5.7,7.1,38.7,38.6,0.0,0,"Outlook, Yakima County",310135,Outlook,2017-12-07 00:56:12.325915
2016-02-04,19:30,40.9,40.4,38.3,90.5,0.02,E@3.0,4.6,38.6,38.6,0.0,0,"Outlook, Yakima County",310135,Outlook,2017-12-07 00:56:12.325915
2016-02-04,19:45,39.1,38.6,38.0,95.8,0.02,E@2.9,4.2,38.5,38.6,0.0,0,"Outlook, Yakima County",310135,Outlook,2017-12-07 00:56:12.325915
2016-02-04,20:00,38.7,38.4,38.4,98.8,0.04,E@0.7,2.1,38.5,38.7,0.0,0,"Outlook, Yakima County",310135,Outlook,2017-12-07 00:56:12.325915
2016-02-04,20:15,39.2,38.8,38.5,97.2,0.04,SE@2.7,3.9,38.3,38.7,0.0,0,"Outlook, Yakima County",310135,Outlook,2017-12-07 00:56:12.325915
2016-02-04,20:30,36.9,36.2,36.8,99.4,0.09,SE@1.9,3.9,38.2,38.7,0.0,0,"Outlook, Yakima County",310135,Outlook,2017-12-07 00:56:12.325915
2016-02-04,20:45,35.0,34.6,35.0,100.0,0.21,NE@1.8,4.2,38.1,38.7,0.0,0,"Outlook, Yakima County",310135,Outlook,2017-12-07 00:56:12.325915
2016-02-04,21:00,36.6,36.5,36.6,100.0,0.27,NE@2.7,4.6,38.0,38.7,0.0,0,"Outlook, Yakima County",310135,Outlook,2017-12-07 00:56:12.325915
2016-02-04,21:15,39.1,38.8,39.1,100.0,0.18,NE@3.6,4.6,37.9,38.7,0.0,0,"Outlook, Yakima County",310135,Outlook,2017-12-07 00:56:12.325915
2016-02-04,21:30,39.6,39.1,38.8,97.1,0.06,N@4.4,5.7,37.8,38.7,0.0,0,"Outlook, Yakima County",310135,Outlook,2017-12-07 00:56:12.325915
2016-02-04,21:45,40.5,40.1,38.5,92.6,0.04,N@4.6,7.1,37.8,38.7,0.0,0,"Outlook, Yakima County",310135,Outlook,2017-12-07 00:56:12.325915
2016-02-04,22:00,39.7,39.2,37.8,92.7,0.03,N@5.6,7.1,37.7,38.7,0.0,0,"Outlook, Yakima County",310135,Outlook,2017-12-07 00:56:12.325915
2016-02-04,22:15,39.4,39.0,37.8,94.2,0.02,N@3.6,6.0,37.7,38.7,0.0,0,"Outlook, Yakima County",310135,Outlook,2017-12-07 00:56:12.325915
2016-02-04,22:30,40.4,40.0,38.3,91.9,0.02,N@4.5,6.7,37.6,38.7,0.0,0,"Outlook, Yakima County",310135,Outlook,2017-12-07 00:56:12.325915
2016-02-04,22:45,39.7,39.2,37.9,93.1,0.02,E@3.3,7.1,37.6,38.7,0.0,0,"Outlook, Yakima County",310135,Outlook,2017-12-07 00:56:12.325915
2016-02-04,23:00,38.7,38.1,37.7,96.4,0.03,N@1.1,3.9,37.5,38.7,0.0,0,"Outlook, Yakima County",310135,Outlook,2017-12-07 00:56:12.325915
2016-02-04,23:15,39.6,39.3,38.0,93.9,0.02,NE@3.7,4.6,37.4,38.7,0.0,0,"Outlook, Yakima County",310135,Outlook,2017-12-07 00:56:12.325915
2016-02-04,23:30,41.4,41.1,38.5,89.2,0.02,NE@4.3,6.0,37.3,38.7,0.0,0,"Outlook, Yakima County",310135,Outlook,2017-12-07 00:56:12.325915
2016-02-04,23:45,42.2,41.8,38.5,86.8,0.02,NE@4.9,6.4,37.3,38.7,0.0,0,"Outlook, Yakima County",310135,Outlook,2017-12-07 00:56:12.325915
2016-02-04,24:00,41.9,41.3,38.0,85.9,0.02,NE@3.8,5.7,37.3,38.7,0.0,0,"Outlook, Yakima County",310135,Outlook,2017-12-07 00:56:12.325915
2016-02-05,00:15,37.4,36.7,36.6,96.7,0.07,W@4.2,6.0,37.2,38.6,0.0,0,"Outlook, Yakima County",310135,Outlook,2017-12-07 00:56:12.325915
2016-02-05,00:30,36.1,35.8,36.0,99.7,0.11,N@5.3,7.4,37.1,38.6,0.0,0,"Outlook, Yakima County",310135,Outlook,2017-12-07 00:56:12.325915
2016-02-05,00:45,37.2,36.9,36.1,95.7,0.03,N@4.3,7.4,37.0,38.6,0.0,0,"Outlook, Yakima County",310135,Outlook,2017-12-07 00:56:12.325915
2016-02-05,01:00,37.7,37.4,36.2,94.2,0.02,N@3.8,7.1,36.8,38.6,0.0,0,"Outlook, Yakima County",310135,Outlook,2017-12-07 00:56:12.325915
2016-02-05,01:15,38.7,38.5,36.9,93.2,0.02,N@6.7,8.5,36.7,38.6,0.0,0,"Outlook, Yakima County",310135,Outlook,2017-12-07 00:56:12.325915
2016-02-05,01:30,39.5,39.2,37.5,92.5,0.02,N@5.2,7.1,36.7,38.5,0.0,0,"Outlook, Yakima County",310135,Outlook,2017-12-07 00:56:12.325915
2016-02-05,01:45,40.0,39.6,37.6,90.8,0.02,E@1.8,3.5,36.7,38.5,0.0,0,"Outlook, Yakima County",310135,Outlook,2017-12-07 00:56:12.325915
2016-02-05,02:00,38.8,38.4,37.0,93.5,0.02,NE@4.7,6.4,36.7,38.5,0.0,0,"Outlook, Yakima County",310135,Outlook,2017-12-07 00:56:12.325915
2016-02-05,02:15,39.5,39.1,37.3,91.9,0.02,NE@2.0,4.6,36.6,38.5,0.0,0,"Outlook, Yakima County",310135,Outlook,2017-12-07 00:56:12.325915
2016-02-05,02:30,37.5,36.7,35.9,93.8,0.04,SE@1.4,4.6,36.5,38.5,0.0,0,"Outlook, Yakima County",310135,Outlook,2017-12-07 00:56:12.325915
2016-02-05,02:45,34.0,33.3,33.9,99.6,0.19,NW@2.9,4.9,36.4,38.4,0.0,0,"Outlook, Yakima County",310135,Outlook,2017-12-07 00:56:12.325915
2016-02-05,03:00,34.5,34.1,34.5,100.0,0.29,N@4.0,5.7,36.3,38.4,0.0,0,"Outlook, Yakima County",310135,Outlook,2017-12-07 00:56:12.325915
2016-02-05,03:15,35.8,35.3,35.7,99.4,0.32,N@6.1,8.5,36.1,38.4,0.0,0,"Outlook, Yakima County",310135,Outlook,2017-12-07 00:56:12.325915
2016-02-05,03:30,36.1,35.8,35.6,98.2,0.08,N@7.3,8.9,36.0,38.4,0.0,0,"Outlook, Yakima County",310135,Outlook,2017-12-07 00:56:12.325915
2016-02-05,03:45,37.5,37.0,36.3,95.1,0.04,N@5.6,8.2,35.9,38.3,0.0,0,"Outlook, Yakima County",310135,Outlook,2017-12-07 00:56:12.325915
2016-02-05,04:00,37.1,36.8,36.1,96.2,0.04,NE@3.8,6.0,35.8,38.3,0.0,0,"Outlook, Yakima County",310135,Outlook,2017-12-07 00:56:12.325915
2016-02-05,04:15,36.9,36.3,35.5,94.6,0.04,N@4.9,6.7,35.8,38.3,0.0,0,"Outlook, Yakima County",310135,Outlook,2017-12-07 00:56:12.325915
2016-02-05,04:30,36.9,36.6,36.0,96.4,0.04,NE@4.7,7.8,35.7,38.3,0.0,0,"Outlook, Yakima County",310135,Outlook,2017-12-07 00:56:12.325915
2016-02-05,04:45,37.6,37.1,36.1,94.4,0.04,NE@2.7,4.2,35.6,38.2,0.0,0,"Outlook, Yakima County",310135,Outlook,2017-12-07 00:56:12.325915
2016-02-05,05:00,36.5,35.8,35.5,95.9,0.08,SE@1.0,3.1,35.5,38.2,0.0,0,"Outlook, Yakima County",310135,Outlook,2017-12-07 00:56:12.325915
2016-02-05,05:15,35.3,34.8,35.1,99.4,0.19,NE@1.6,3.1,35.4,38.2,0.0,0,"Outlook, Yakima County",310135,Outlook,2017-12-07 00:56:12.325915
2016-02-05,05:30,34.5,34.0,34.5,100.0,0.19,N@4.1,4.9,35.4,38.2,0.0,0,"Outlook, Yakima County",310135,Outlook,2017-12-07 00:56:12.325915
2016-02-05,05:45,35.7,35.3,35.7,100.0,0.09,N@3.2,4.6,35.3,38.1,0.0,0,"Outlook, Yakima County",310135,Outlook,2017-12-07 00:56:12.325915
2016-02-05,06:00,37.1,36.8,36.9,99.2,0.09,NE@2.5,3.1,35.3,38.1,0.0,0,"Outlook, Yakima County",310135,Outlook,2017-12-07 00:56:12.325915
2016-02-05,06:15,37.3,36.9,36.4,96.5,0.08,NE@3.3,4.6,35.2,38.1,0.0,0,"Outlook, Yakima County",310135,Outlook,2017-12-07 00:56:12.325915
2016-02-05,06:30,36.7,36.3,35.9,97.0,0.07,E@4.4,5.7,35.2,38.0,0.0,0,"Outlook, Yakima County",310135,Outlook,2017-12-07 00:56:12.325915
2016-02-05,06:45,35.9,35.5,35.7,99.1,0.12,E@3.7,4.9,35.1,38.0,0.0,0,"Outlook, Yakima County",310135,Outlook,2017-12-07 00:56:12.325915
2016-02-05,07:00,35.5,35.0,35.5,100.0,0.27,NE@3.4,4.9,35.1,38.0,0.0,0,"Outlook, Yakima County",310135,Outlook,2017-12-07 00:56:12.325915
2016-02-05,07:15,35.4,35.0,35.4,100.0,0.36,NE@2.9,3.9,35.0,37.9,0.0,1,"Outlook, Yakima County",310135,Outlook,2017-12-07 00:56:12.325915
2016-02-05,07:30,34.9,34.5,34.9,100.0,0.44,E@2.6,3.9,35.0,37.9,0.0,7,"Outlook, Yakima County",310135,Outlook,2017-12-07 00:56:12.325915
2016-02-05,07:45,35.0,34.6,35.0,100.0,0.51,NE@2.3,3.9,34.9,37.9,0.0,23,"Outlook, Yakima County",310135,Outlook,2017-12-07 00:56:12.325915
2016-02-05,08:00,36.0,35.7,36.0,100.0,0.54,NE@1.2,3.1,34.8,37.8,0.0,71,"Outlook, Yakima County",310135,Outlook,2017-12-07 00:56:12.325915
2016-02-05,08:15,37.1,36.7,37.1,100.0,0.57,E@2.8,3.9,34.8,37.8,0.0,115,"Outlook, Yakima County",310135,Outlook,2017-12-07 00:56:12.325915
2016-02-05,08:30,38.9,38.8,38.9,100.0,0.62,E@3.1,4.9,34.9,37.8,0.0,190,"Outlook, Yakima County",310135,Outlook,2017-12-07 00:56:12.325915
2016-02-05,08:45,42.5,42.3,41.3,95.4,0.33,E@6.0,8.5,35.1,37.8,0.0,243,"Outlook, Yakima County",310135,Outlook,2017-12-07 00:56:12.325915
2016-02-05,09:00,43.1,42.5,40.9,91.8,0.07,SE@4.1,6.7,35.6,37.7,0.0,259,"Outlook, Yakima County",310135,Outlook,2017-12-07 00:56:12.325915
2016-02-05,09:15,42.7,42.3,41.0,93.6,0.04,SE@4.8,6.7,36.3,37.7,0.0,354,"Outlook, Yakima County",310135,Outlook,2017-12-07 00:56:12.325915
2016-02-05,09:30,43.1,42.7,41.3,93.2,0.02,SE@5.3,7.8,37.0,37.7,0.0,263,"Outlook, Yakima County",310135,Outlook,2017-12-07 00:56:12.325915
2016-02-05,09:45,43.0,42.5,41.2,93.2,0.02,SE@5.0,7.4,37.8,37.7,0.0,237,"Outlook, Yakima County",310135,Outlook,2017-12-07 00:56:12.325915
2016-02-05,10:00,42.4,41.9,40.7,93.8,0.02,SE@4.1,7.8,38.3,37.6,0.0,253,"Outlook, Yakima County",310135,Outlook,2017-12-07 00:56:12.325915
2016-02-05,10:15,43.1,42.8,41.2,93.0,0.01,SE@3.5,4.9,38.7,37.6,0.0,288,"Outlook, Yakima County",310135,Outlook,2017-12-07 00:56:12.325915
2016-02-05,10:30,43.8,43.4,41.1,90.2,0.01,SE@5.2,7.8,39.2,37.6,0.0,258,"Outlook, Yakima County",310135,Outlook,2017-12-07 00:56:12.325915
2016-02-05,10:45,44.4,44.0,41.3,88.5,0.0,SE@4.8,7.1,39.6,37.6,0.0,324,"Outlook, Yakima County",310135,Outlook,2017-12-07 00:56:12.325915
2016-02-05,11:00,44.0,43.5,41.0,89.1,0.0,SE@4.0,6.7,40.0,37.6,0.0,281,"Outlook, Yakima County",310135,Outlook,2017-12-07 00:56:12.325915
2016-02-05,11:15,43.8,43.3,41.1,90.0,0.0,SE@2.6,5.3,40.4,37.6,0.0,317,"Outlook, Yakima County",310135,Outlook,2017-12-07 00:56:12.325915
2016-02-05,11:30,45.2,44.9,41.7,87.3,0.0,SE@2.5,4.6,40.9,37.6,0.0,456,"Outlook, Yakima County",310135,Outlook,2017-12-07 00:56:12.325915
2016-02-05,11:45,45.2,44.7,41.8,87.8,0.0,S@3.5,6.0,41.5,37.7,0.0,388,"Outlook, Yakima County",310135,Outlook,2017-12-07 00:56:12.325915
2016-02-05,12:00,45.6,45.4,42.0,87.1,0.0,SE@2.4,4.9,42.1,37.7,0.0,384,"Outlook, Yakima County",310135,Outlook,2017-12-07 00:56:12.325915
2016-02-05,12:15,46.6,46.2,42.2,84.4,0.0,SE@3.2,5.3,42.6,37.8,0.0,359,"Outlook, Yakima County",310135,Outlook,2017-12-07 00:56:12.325915
2016-02-05,12:30,46.2,45.8,42.5,86.8,0.0,SE@3.6,5.3,43.1,37.8,0.0,230,"Outlook, Yakima County",310135,Outlook,2017-12-07 00:56:12.325915
2016-02-05,12:45,45.1,44.6,42.6,90.8,0.0,S@3.1,4.9,43.3,37.9,0.0,190,"Outlook, Yakima County",310135,Outlook,2017-12-07 00:56:12.325915
2016-02-05,13:00,44.8,44.5,42.8,92.3,0.0,S@1.6,4.2,43.4,38.0,0.0,168,"Outlook, Yakima County",310135,Outlook,2017-12-07 00:56:12.325915
2016-02-05,13:15,45.2,44.7,42.9,91.5,0.0,S@1.7,3.5,43.5,38.1,0.0,119,"Outlook, Yakima County",310135,Outlook,2017-12-07 00:56:12.325915
2016-02-05,13:30,45.3,45.0,42.5,90.0,0.0,E@4.5,6.7,43.5,38.2,0.0,77,"Outlook, Yakima County",310135,Outlook,2017-12-07 00:56:12.325915
2016-02-05,13:45,46.7,46.4,42.5,85.2,0.0,E@4.9,7.1,43.4,38.3,0.0,90,"Outlook, Yakima County",310135,Outlook,2017-12-07 00:56:12.325915
2016-02-05,14:00,46.2,45.7,42.6,87.0,0.0,SE@4.6,7.8,43.3,38.4,0.0,72,"Outlook, Yakima County",310135,Outlook,2017-12-07 00:56:12.325915
2016-02-05,14:15,43.7,43.1,42.6,95.9,0.01,SW@2.9,5.7,43.1,38.5,0.0,75,"Outlook, Yakima County",310135,Outlook,2017-12-07 00:56:12.325915
2016-02-05,14:30,43.4,43.0,42.9,97.9,0.01,SE@3.3,4.9,43.0,38.6,0.0,100,"Outlook, Yakima County",310135,Outlook,2017-12-07 00:56:12.325915
2016-02-05,14:45,42.9,42.5,42.6,98.6,0.01,S@3.4,5.3,42.9,38.7,0.0,115,"Outlook, Yakima County",310135,Outlook,2017-12-07 00:56:12.325915
2016-02-05,15:00,43.5,43.2,42.7,97.2,0.01,W@2.4,4.9,42.9,38.8,0.0,108,"Outlook, Yakima County",310135,Outlook,2017-12-07 00:56:12.325915
2016-02-05,15:15,44.5,44.0,42.9,94.0,0.01,SE@2.5,6.7,42.9,38.9,0.0,105,"Outlook, Yakima County",310135,Outlook,2017-12-07 00:56:12.325915
2016-02-05,15:30,43.2,42.7,42.6,97.9,0.02,NE@2.6,6.7,42.9,39.0,0.0,67,"Outlook, Yakima County",310135,Outlook,2017-12-07 00:56:12.325915
2016-02-05,15:45,43.8,43.4,43.0,96.9,0.02,SE@3.2,5.3,42.8,39.1,0.0,54,"Outlook, Yakima County",310135,Outlook,2017-12-07 00:56:12.325915
2016-02-05,16:00,43.1,42.7,42.6,98.1,0.02,E@3.1,4.2,42.7,39.2,0.0,35,"Outlook, Yakima County",310135,Outlook,2017-12-07 00:56:12.325915
2016-02-05,16:15,45.2,45.2,42.5,90.0,0.01,E@5.1,8.5,42.6,39.3,0.0,38,"Outlook, Yakima County",310135,Outlook,2017-12-07 00:56:12.325915
2016-02-05,16:30,47.5,47.2,41.5,79.6,0.0,E@4.4,6.4,42.5,39.4,0.0,40,"Outlook, Yakima County",310135,Outlook,2017-12-07 00:56:12.325915
2016-02-05,16:45,47.6,47.2,40.8,77.4,0.0,E@4.7,8.5,42.4,39.4,0.0,18,"Outlook, Yakima County",310135,Outlook,2017-12-07 00:56:12.325915
2016-02-05,17:00,45.2,44.5,41.1,85.3,0.01,SE@3.7,6.7,42.2,39.5,0.0,9,"Outlook, Yakima County",310135,Outlook,2017-12-07 00:56:12.325915
2016-02-05,17:15,42.8,42.2,41.0,93.3,0.02,NE@1.8,4.2,42.0,39.6,0.0,3,"Outlook, Yakima County",310135,Outlook,2017-12-07 00:56:12.325915
2016-02-05,17:30,44.3,44.0,40.1,85.1,0.01,NE@3.3,4.2,41.8,39.6,0.0,0,"Outlook, Yakima County",310135,Outlook,2017-12-07 00:56:12.325915
2016-02-05,17:45,45.5,45.1,39.4,79.3,0.0,E@4.5,6.4,41.6,39.7,0.0,0,"Outlook, Yakima County",310135,Outlook,2017-12-07 00:56:12.325915
2016-02-05,18:00,45.2,44.9,39.4,79.8,0.0,E@4.3,6.0,41.4,39.7,0.0,0,"Outlook, Yakima County",310135,Outlook,2017-12-07 00:56:12.325915
2016-02-05,18:15,45.7,45.4,39.6,79.0,0.0,E@6.7,10.7,41.3,39.8,0.0,0,"Outlook, Yakima County",310135,Outlook,2017-12-07 00:56:12.325915
2016-02-05,18:30,46.8,46.6,39.3,75.0,0.0,SE@8.5,15.0,41.2,39.8,0.0,0,"Outlook, Yakima County",310135,Outlook,2017-12-07 00:56:12.325915
2016-02-05,18:45,48.0,47.5,39.0,70.7,0.0,SE@6.6,11.7,41.1,39.8,0.0,0,"Outlook, Yakima County",310135,Outlook,2017-12-07 00:56:12.325915
2016-02-05,19:00,46.5,46.2,39.3,75.8,0.0,E@5.0,7.4,41.1,39.9,0.0,0,"Outlook, Yakima County",310135,Outlook,2017-12-07 00:56:12.325915
2016-02-05,19:15,46.8,46.5,39.3,75.0,0.0,E@5.0,7.1,41.1,39.9,0.0,0,"Outlook, Yakima County",310135,Outlook,2017-12-07 00:56:12.325915
2016-02-05,19:30,46.9,46.4,39.2,74.2,0.0,SE@4.5,7.4,41.0,39.9,0.0,0,"Outlook, Yakima County",310135,Outlook,2017-12-07 00:56:12.325915
2016-02-05,19:45,42.5,41.9,39.3,88.5,0.0,W@7.5,9.9,41.0,39.9,0.0,0,"Outlook, Yakima County",310135,Outlook,2017-12-07 00:56:12.325915
2016-02-05,20:00,42.0,41.7,39.6,91.2,0.0,NW@6.7,9.6,40.9,40.0,0.0,0,"Outlook, Yakima County",310135,Outlook,2017-12-07 00:56:12.325915
2016-02-05,20:15,42.8,42.6,39.8,89.0,0.0,NW@6.1,8.5,40.8,40.0,0.0,0,"Outlook, Yakima County",310135,Outlook,2017-12-07 00:56:12.325915
2016-02-05,20:30,44.7,44.5,39.6,82.2,0.0,NE@2.8,6.0,40.8,40.0,0.0,0,"Outlook, Yakima County",310135,Outlook,2017-12-07 00:56:12.325915
2016-02-05,20:45,46.2,46.0,39.4,76.7,0.0,NW@6.3,11.4,40.7,40.0,0.0,0,"Outlook, Yakima County",310135,Outlook,2017-12-07 00:56:12.325915
2016-02-05,21:00,46.7,46.4,39.6,76.2,0.0,W@6.8,9.9,40.7,40.0,0.0,0,"Outlook, Yakima County",310135,Outlook,2017-12-07 00:56:12.325915
2016-02-05,21:15,47.6,47.3,40.1,75.1,0.0,W@9.6,13.9,40.7,40.0,0.0,0,"Outlook, Yakima County",310135,Outlook,2017-12-07 00:56:12.325915
2016-02-05,21:30,45.3,44.8,40.1,81.9,0.0,W@8.9,12.1,40.7,40.0,0.0,0,"Outlook, Yakima County",310135,Outlook,2017-12-07 00:56:12.325915
2016-02-05,21:45,43.8,43.4,39.8,85.7,0.0,W@7.2,9.2,40.6,40.0,0.0,0,"Outlook, Yakima County",310135,Outlook,2017-12-07 00:56:12.325915
2016-02-05,22:00,42.1,41.5,38.7,87.9,0.0,NW@5.3,7.4,40.5,40.0,0.0,0,"Outlook, Yakima County",310135,Outlook,2017-12-07 00:56:12.325915
2016-02-05,22:15,42.5,42.2,39.0,87.2,0.0,NW@4.6,6.7,40.3,40.0,0.0,0,"Outlook, Yakima County",310135,Outlook,2017-12-07 00:56:12.325915
2016-02-05,22:30,42.5,42.2,38.9,86.8,0.0,SW@1.9,5.3,40.1,40.0,0.0,0,"Outlook, Yakima County",310135,Outlook,2017-12-07 00:56:12.325915
2016-02-05,22:45,42.0,41.4,38.2,86.2,0.0,W@2.1,3.1,39.8,40.0,0.0,0,"Outlook, Yakima County",310135,Outlook,2017-12-07 00:56:12.325915
2016-02-05,23:00,41.3,40.9,38.1,88.3,0.01,SW@2.5,13.5,39.5,40.0,0.0,0,"Outlook, Yakima County",310135,Outlook,2017-12-07 00:56:12.325915
2016-02-05,23:15,43.3,43.1,37.0,78.3,0.0,SW@10.5,15.0,39.2,40.0,0.0,0,"Outlook, Yakima County",310135,Outlook,2017-12-07 00:56:12.325915
2016-02-05,23:30,43.7,43.5,36.4,75.2,0.0,SW@13.2,18.9,39.0,40.0,0.0,0,"Outlook, Yakima County",310135,Outlook,2017-12-07 00:56:12.325915
2016-02-05,23:45,43.6,43.2,36.4,75.7,0.0,SW@12.4,19.6,38.8,40.0,0.0,0,"Outlook, Yakima County",310135,Outlook,2017-12-07 00:56:12.325915
2016-02-05,24:00,42.3,41.9,36.2,79.0,0.0,W@8.6,13.9,38.7,40.0,0.0,0,"Outlook, Yakima County",310135,Outlook,2017-12-07 00:56:12.325915
2016-02-06,00:15,41.6,41.2,35.9,79.9,0.0,W@7.5,10.7,38.6,40.0,0.0,0,"Outlook, Yakima County",310135,Outlook,2017-12-07 00:56:12.325915
2016-02-06,00:30,38.9,38.4,34.4,83.5,0.0,NW@4.9,6.7,38.4,40.0,0.0,0,"Outlook, Yakima County",310135,Outlook,2017-12-07 00:56:12.325915
2016-02-06,00:45,39.3,39.1,34.3,82.1,0.0,W@6.6,9.9,38.3,40.0,0.0,0,"Outlook, Yakima County",310135,Outlook,2017-12-07 00:56:12.325915
2016-02-06,01:00,40.5,40.3,34.3,78.4,0.0,W@8.3,11.7,38.1,39.9,0.0,0,"Outlook, Yakima County",310135,Outlook,2017-12-07 00:56:12.325915
2016-02-06,01:15,40.6,40.2,33.6,76.1,0.0,W@6.9,9.6,37.9,39.9,0.0,0,"Outlook, Yakima County",310135,Outlook,2017-12-07 00:56:12.325915
2016-02-06,01:30,39.7,39.3,32.8,76.1,0.0,W@8.4,11.7,37.7,39.9,0.0,0,"Outlook, Yakima County",310135,Outlook,2017-12-07 00:56:12.325915
2016-02-06,01:45,39.9,39.7,32.8,75.5,0.0,W@10.2,13.5,37.6,39.9,0.0,0,"Outlook, Yakima County",310135,Outlook,2017-12-07 00:56:12.325915
2016-02-06,02:00,40.5,40.2,33.2,75.0,0.0,W@9.8,13.2,37.4,39.8,0.0,0,"Outlook, Yakima County",310135,Outlook,2017-12-07 00:56:12.325915
2016-02-06,02:15,40.3,40.0,33.8,77.3,0.0,SW@8.7,16.4,37.3,39.8,0.0,0,"Outlook, Yakima County",310135,Outlook,2017-12-07 00:56:12.325915
2016-02-06,02:30,41.4,41.2,34.0,74.6,0.0,SW@10.8,16.0,37.2,39.8,0.0,0,"Outlook, Yakima County",310135,Outlook,2017-12-07 00:56:12.325915
2016-02-06,02:45,41.6,41.3,34.1,74.6,0.0,W@10.8,16.0,37.1,39.7,0.0,0,"Outlook, Yakima County",310135,Outlook,2017-12-07 00:56:12.325915
2016-02-06,03:00,41.7,41.4,34.2,74.5,0.0,W@10.6,16.7,37.0,39.7,0.0,0,"Outlook, Yakima County",310135,Outlook,2017-12-07 00:56:12.325915
2016-02-06,03:15,41.6,41.4,33.9,73.9,0.0,W@9.2,14.2,36.9,39.7,0.0,0,"Outlook, Yakima County",310135,Outlook,2017-12-07 00:56:12.325915
2016-02-06,03:30,42.3,42.1,33.8,71.6,0.0,W@11.9,19.2,36.9,39.6,0.0,0,"Outlook, Yakima County",310135,Outlook,2017-12-07 00:56:12.325915
2016-02-06,03:45,42.1,41.8,33.6,71.6,0.0,W@10.2,14.6,36.8,39.6,0.0,0,"Outlook, Yakima County",310135,Outlook,2017-12-07 00:56:12.325915
2016-02-06,04:00,41.8,41.5,33.4,71.9,0.0,W@9.5,15.7,36.8,39.6,0.0,0,"Outlook, Yakima County",310135,Outlook,2017-12-07 00:56:12.325915
2016-02-06,04:15,41.0,40.6,33.2,73.5,0.0,W@8.3,13.9,36.7,39.5,0.0,0,"Outlook, Yakima County",310135,Outlook,2017-12-07 00:56:12.325915
2016-02-06,04:30,39.0,38.5,32.7,77.9,0.0,NW@7.2,9.6,36.7,39.5,0.0,0,"Outlook, Yakima County",310135,Outlook,2017-12-07 00:56:12.325915
2016-02-06,04:45,39.0,38.7,32.8,78.1,0.0,W@7.6,10.3,36.6,39.5,0.0,0,"Outlook, Yakima County",310135,Outlook,2017-12-07 00:56:12.325915
2016-02-06,05:00,39.0,38.8,32.7,77.7,0.0,W@8.5,11.7,36.5,39.4,0.0,0,"Outlook, Yakima County",310135,Outlook,2017-12-07 00:56:12.325915
2016-02-06,05:15,38.3,37.9,32.4,79.1,0.0,W@8.2,10.3,36.4,39.4,0.0,0,"Outlook, Yakima County",310135,Outlook,2017-12-07 00:56:12.325915
2016-02-06,05:30,38.5,38.4,32.6,79.2,0.0,W@10.9,16.4,36.3,39.3,0.0,0,"Outlook, Yakima County",310135,Outlook,2017-12-07 00:56:12.325915
2016-02-06,05:45,38.7,38.3,32.6,78.3,0.0,W@11.1,13.5,36.2,39.3,0.0,0,"Outlook, Yakima County",310135,Outlook,2017-12-07 00:56:12.325915
2016-02-06,06:00,37.7,37.4,32.4,81.1,0.0,NW@9.7,11.7,36.2,39.3,0.0,0,"Outlook, Yakima County",310135,Outlook,2017-12-07 00:56:12.325915
2016-02-06,06:15,37.9,37.6,32.4,80.5,0.0,NW@8.6,11.0,36.1,39.2,0.0,0,"Outlook, Yakima County",310135,Outlook,2017-12-07 00:56:12.325915
2016-02-06,06:30,39.1,39.0,32.5,76.9,0.0,NW@8.1,10.3,36.0,39.2,0.0,0,"Outlook, Yakima County",310135,Outlook,2017-12-07 00:56:12.325915
2016-02-06,06:45,40.3,39.9,32.4,73.1,0.0,W@7.5,9.9,36.0,39.2,0.0,0,"Outlook, Yakima County",310135,Outlook,2017-12-07 00:56:12.325915
2016-02-06,07:00,39.6,39.3,32.1,74.2,0.0,NW@6.2,9.6,35.9,39.1,0.0,0,"Outlook, Yakima County",310135,Outlook,2017-12-07 00:56:12.325915
2016-02-06,07:15,39.0,38.4,32.0,75.7,0.0,NE@3.3,6.0,35.9,39.1,0.0,1,"Outlook, Yakima County",310135,Outlook,2017-12-07 00:56:12.325915
2016-02-06,07:30,38.6,38.3,32.2,77.4,0.0,E@3.0,4.2,35.8,39.1,0.0,3,"Outlook, Yakima County",310135,Outlook,2017-12-07 00:56:12.325915
2016-02-06,07:45,39.5,39.1,32.0,74.2,0.0,NE@3.2,5.3,35.8,39.0,0.0,10,"Outlook, Yakima County",310135,Outlook,2017-12-07 00:56:12.325915
2016-02-06,08:00,38.3,38.0,32.1,78.0,0.0,NE@5.3,7.8,35.8,39.0,0.0,21,"Outlook, Yakima County",310135,Outlook,2017-12-07 00:56:12.325915
2016-02-06,08:15,39.8,39.5,32.6,75.2,0.0,NE@6.3,8.9,35.8,38.9,0.0,33,"Outlook, Yakima County",310135,Outlook,2017-12-07 00:56:12.325915
2016-02-06,08:30,40.6,40.3,32.6,72.8,0.0,NE@5.2,8.2,35.8,38.9,0.0,45,"Outlook, Yakima County",310135,Outlook,2017-12-07 00:56:12.325915
2016-02-06,08:45,40.6,40.2,32.9,74.0,0.0,NE@4.8,7.1,35.9,38.9,0.0,68,"Outlook, Yakima County",310135,Outlook,2017-12-07 00:56:12.325915
2016-02-06,09:00,40.7,40.4,33.6,75.5,0.0,NE@4.4,6.4,36.0,38.8,0.0,89,"Outlook, Yakima County",310135,Outlook,2017-12-07 00:56:12.325915
2016-02-06,09:15,41.7,41.4,34.0,73.8,0.0,NE@6.0,9.6,36.1,38.8,0.0,118,"Outlook, Yakima County",310135,Outlook,2017-12-07 00:56:12.325915
2016-02-06,09:30,43.1,42.8,34.3,71.0,0.0,E@7.2,9.6,36.3,38.7,0.0,153,"Outlook, Yakima County",310135,Outlook,2017-12-07 00:56:12.325915
2016-02-06,09:45,43.9,43.6,34.7,69.8,0.0,E@7.0,10.3,36.6,38.7,0.0,178,"Outlook, Yakima County",310135,Outlook,2017-12-07 00:56:12.325915
2016-02-06,10:00,44.2,43.9,34.9,69.7,0.0,E@6.9,10.3,36.9,38.7,0.0,160,"Outlook, Yakima County",310135,Outlook,2017-12-07 00:56:12.325915
2016-02-06,10:15,44.7,44.3,35.6,70.2,0.0,E@6.7,8.9,37.2,38.6,0.0,174,"Outlook, Yakima County",310135,Outlook,2017-12-07 00:56:12.325915
2016-02-06,10:30,45.3,44.9,35.7,68.9,0.0,E@6.7,9.6,37.5,38.6,0.0,195,"Outlook, Yakima County",310135,Outlook,2017-12-07 00:56:12.325915
2016-02-06,10:45,45.7,45.3,35.7,68.0,0.0,E@7.0,9.6,37.9,38.6,0.0,228,"Outlook, Yakima County",310135,Outlook,2017-12-07 00:56:12.325915
2016-02-06,11:00,46.1,45.8,35.6,66.5,0.0,E@6.7,10.3,38.2,38.6,0.0,263,"Outlook, Yakima County",310135,Outlook,2017-12-07 00:56:12.325915
2016-02-06,11:15,46.9,46.6,35.2,63.6,0.0,E@7.0,9.6,38.6,38.5,0.0,301,"Outlook, Yakima County",310135,Outlook,2017-12-07 00:56:12.325915
2016-02-06,11:30,46.8,46.4,36.0,65.7,0.0,E@7.4,9.9,39.1,38.5,0.0,262,"Outlook, Yakima County",310135,Outlook,2017-12-07 00:56:12.325915
2016-02-06,11:45,46.8,46.5,35.2,63.7,0.0,E@6.0,8.9,39.5,38.5,0.0,225,"Outlook, Yakima County",310135,Outlook,2017-12-07 00:56:12.325915
2016-02-06,12:00,46.8,46.4,35.7,65.1,0.0,SE@7.0,10.3,39.8,38.5,0.0,225,"Outlook, Yakima County",310135,Outlook,2017-12-07 00:56:12.325915
2016-02-06,12:15,46.5,46.1,36.2,67.2,0.0,SE@6.3,8.5,40.1,38.6,0.0,185,"Outlook, Yakima County",310135,Outlook,2017-12-07 00:56:12.325915
2016-02-06,12:30,46.8,46.4,35.5,64.7,0.0,SE@5.8,8.2,40.4,38.6,0.0,177,"Outlook, Yakima County",310135,Outlook,2017-12-07 00:56:12.325915
2016-02-06,12:45,46.6,46.1,35.2,64.4,0.0,SE@6.2,8.5,40.5,38.6,0.0,154,"Outlook, Yakima County",310135,Outlook,2017-12-07 00:56:12.325915
2016-02-06,13:00,46.4,46.0,34.8,63.8,0.0,SE@5.9,8.2,40.7,38.6,0.0,143,"Outlook, Yakima County",310135,Outlook,2017-12-07 00:56:12.325915
2016-02-06,13:15,46.4,46.0,34.6,63.3,0.0,SE@5.3,7.8,40.8,38.7,0.0,132,"Outlook, Yakima County",310135,Outlook,2017-12-07 00:56:12.325915
2016-02-06,13:30,46.3,45.9,34.6,63.6,0.0,E@4.7,6.7,40.9,38.7,0.0,126,"Outlook, Yakima County",310135,Outlook,2017-12-07 00:56:12.325915
2016-02-06,13:45,46.4,46.0,35.2,64.9,0.0,E@4.7,7.4,40.9,38.7,0.0,118,"Outlook, Yakima County",310135,Outlook,2017-12-07 00:56:12.325915
2016-02-06,14:00,46.5,46.1,35.1,64.2,0.0,E@3.9,5.3,41.0,38.8,0.0,106,"Outlook, Yakima County",310135,Outlook,2017-12-07 00:56:12.325915
2016-02-06,14:15,46.5,46.2,35.0,63.8,0.0,E@4.7,7.1,41.0,38.8,0.0,99,"Outlook, Yakima County",310135,Outlook,2017-12-07 00:56:12.325915
2016-02-06,14:30,46.5,46.2,34.0,61.5,0.0,E@4.4,6.4,41.1,38.9,0.0,96,"Outlook, Yakima County",310135,Outlook,2017-12-07 00:56:12.325915
2016-02-06,14:45,46.6,46.3,34.1,61.5,0.0,E@5.1,7.1,41.1,39.0,0.0,97,"Outlook, Yakima County",310135,Outlook,2017-12-07 00:56:12.325915
2016-02-06,15:00,46.7,46.4,34.3,61.7,0.0,E@3.7,6.0,41.1,39.0,0.0,94,"Outlook, Yakima County",310135,Outlook,2017-12-07 00:56:12.325915
2016-02-06,15:15,46.9,46.5,34.4,61.6,0.0,NE@3.4,4.6,41.2,39.1,0.0,82,"Outlook, Yakima County",310135,Outlook,2017-12-07 00:56:12.325915
2016-02-06,15:30,47.0,46.5,34.2,60.9,0.0,NE@2.2,3.9,41.2,39.1,0.0,69,"Outlook, Yakima County",310135,Outlook,2017-12-07 00:56:12.325915
2016-02-06,15:45,46.8,46.3,34.2,61.2,0.0,N@0.0,0.0,41.2,39.2,0.0,55,"Outlook, Yakima County",310135,Outlook,2017-12-07 00:56:12.325915
2016-02-06,16:00,46.8,46.1,34.3,61.7,0.0,N@0.0,0.0,41.2,39.2,0.0,35,"Outlook, Yakima County",310135,Outlook,2017-12-07 00:56:12.325915
2016-02-06,16:15,46.4,45.8,33.5,60.5,0.0,SE@0.3,2.4,41.2,39.3,0.0,39,"Outlook, Yakima County",310135,Outlook,2017-12-07 00:56:12.325915
2016-02-06,16:30,45.9,45.3,34.4,63.9,0.0,N@0.0,0.0,41.1,39.3,0.0,28,"Outlook, Yakima County",310135,Outlook,2017-12-07 00:56:12.325915
2016-02-06,16:45,45.0,44.5,36.4,71.6,0.0,N@0.0,0.0,41.1,39.4,0.0,25,"Outlook, Yakima County",310135,Outlook,2017-12-07 00:56:12.325915
2016-02-06,17:00,44.5,43.9,36.5,73.0,0.0,N@0.0,0.0,41.0,39.4,0.0,12,"Outlook, Yakima County",310135,Outlook,2017-12-07 00:56:12.325915
2016-02-06,17:15,43.7,43.0,36.3,74.9,0.0,N@0.0,0.0,40.8,39.5,0.0,3,"Outlook, Yakima County",310135,Outlook,2017-12-07 00:56:12.325915
2016-02-06,17:30,43.4,42.8,36.6,76.5,0.0,N@0.0,0.0,40.7,39.5,0.0,1,"Outlook, Yakima County",310135,Outlook,2017-12-07 00:56:12.325915
2016-02-06,17:45,43.4,42.8,36.0,75.1,0.0,N@0.2,4.6,40.5,39.6,0.0,0,"Outlook, Yakima County",310135,Outlook,2017-12-07 00:56:12.325915
2016-02-06,18:00,42.0,41.3,35.7,78.1,0.0,N@3.7,6.7,40.4,39.6,0.0,0,"Outlook, Yakima County",310135,Outlook,2017-12-07 00:56:12.325915
2016-02-06,18:15,40.9,40.5,35.4,80.7,0.0,N@5.3,7.8,40.2,39.7,0.0,0,"Outlook, Yakima County",310135,Outlook,2017-12-07 00:56:12.325915
2016-02-06,18:30,40.7,40.3,35.4,81.3,0.0,N@5.5,6.7,40.1,39.7,0.0,0,"Outlook, Yakima County",310135,Outlook,2017-12-07 00:56:12.325915
2016-02-06,18:45,40.7,40.3,35.3,80.9,0.0,N@5.2,6.4,40.0,39.7,0.0,0,"Outlook, Yakima County",310135,Outlook,2017-12-07 00:56:12.325915
2016-02-06,19:00,40.7,40.4,34.9,79.5,0.0,N@5.7,6.7,39.8,39.8,0.0,0,"Outlook, Yakima County",310135,Outlook,2017-12-07 00:56:12.325915
2016-02-06,19:15,41.0,40.8,34.7,77.9,0.0,N@5.9,7.4,39.7,39.8,0.0,0,"Outlook, Yakima County",310135,Outlook,2017-12-07 00:56:12.325915
2016-02-06,19:30,40.7,40.4,34.1,77.2,0.0,N@6.4,7.1,39.6,39.8,0.0,0,"Outlook, Yakima County",310135,Outlook,2017-12-07 00:56:12.325915
2016-02-06,19:45,40.3,39.8,33.4,76.0,0.0,N@6.2,8.2,39.5,39.8,0.0,0,"Outlook, Yakima County",310135,Outlook,2017-12-07 00:56:12.325915
2016-02-06,20:00,38.9,38.6,32.3,77.0,0.0,N@6.6,8.5,39.3,39.8,0.0,0,"Outlook, Yakima County",310135,Outlook,2017-12-07 00:56:12.325915
2016-02-06,20:15,38.9,38.5,32.6,78.0,0.0,N@7.8,9.9,39.1,39.9,0.0,0,"Outlook, Yakima County",310135,Outlook,2017-12-07 00:56:12.325915
2016-02-06,20:30,38.5,38.0,32.3,78.3,0.0,N@8.6,11.4,38.9,39.9,0.0,0,"Outlook, Yakima County",310135,Outlook,2017-12-07 00:56:12.325915
2016-02-06,20:45,37.3,36.9,31.9,80.6,0.0,N@9.5,11.4,38.7,39.9,0.0,0,"Outlook, Yakima County",310135,Outlook,2017-12-07 00:56:12.325915
2016-02-06,21:00,37.0,36.6,30.9,78.1,0.0,N@10.0,11.4,38.5,39.9,0.0,0,"Outlook, Yakima County",310135,Outlook,2017-12-07 00:56:12.325915
2016-02-06,21:15,37.0,36.7,30.0,75.4,0.0,N@9.7,11.0,38.3,39.9,0.0,0,"Outlook, Yakima County",310135,Outlook,2017-12-07 00:56:12.325915
2016-02-06,21:30,37.2,36.9,29.8,74.2,0.0,N@9.1,10.7,38.1,39.9,0.0,0,"Outlook, Yakima County",310135,Outlook,2017-12-07 00:56:12.325915
2016-02-06,21:45,37.3,36.9,29.4,72.8,0.0,N@7.8,9.9,37.9,39.9,0.0,0,"Outlook, Yakima County",310135,Outlook,2017-12-07 00:56:12.325915
2016-02-06,22:00,37.4,37.0,29.0,71.3,0.0,N@6.3,7.8,37.7,39.8,0.0,0,"Outlook, Yakima County",310135,Outlook,2017-12-07 00:56:12.325915
2016-02-06,22:15,38.3,38.0,29.8,71.0,0.0,NW@3.3,6.4,37.6,39.8,0.0,0,"Outlook, Yakima County",310135,Outlook,2017-12-07 00:56:12.325915
2016-02-06,22:30,38.2,37.8,31.1,75.4,0.0,NW@2.9,4.2,37.4,39.8,0.0,0,"Outlook, Yakima County",310135,Outlook,2017-12-07 00:56:12.325915
2016-02-06,22:45,36.9,36.5,29.5,74.3,0.0,N@4.5,6.4,37.2,39.8,0.0,0,"Outlook, Yakima County",310135,Outlook,2017-12-07 00:56:12.325915
2016-02-06,23:00,36.3,35.8,28.9,74.2,0.0,N@7.4,9.2,37.0,39.8,0.0,0,"Outlook, Yakima County",310135,Outlook,2017-12-07 00:56:12.325915
2016-02-06,23:15,37.2,36.9,29.1,72.2,0.0,NE@3.6,8.5,36.9,39.7,0.0,0,"Outlook, Yakima County",310135,Outlook,2017-12-07 00:56:12.325915
2016-02-06,23:30,37.3,36.8,29.2,72.3,0.0,NE@0.9,3.9,36.7,39.7,0.0,0,"Outlook, Yakima County",310135,Outlook,2017-12-07 00:56:12.325915
2016-02-06,23:45,37.4,36.6,29.0,71.4,0.0,N@3.5,5.7,36.6,39.7,0.0,0,"Outlook, Yakima County",310135,Outlook,2017-12-07 00:56:12.325915
2016-02-06,24:00,35.6,34.9,28.7,75.7,0.0,N@5.5,6.7,36.4,39.6,0.0,0,"Outlook, Yakima County",310135,Outlook,2017-12-07 00:56:12.325915
2016-02-07,00:15,35.5,34.9,28.9,76.7,0.0,N@6.2,7.4,36.3,39.6,0.0,0,"Outlook, Yakima County",310135,Outlook,2017-12-07 00:56:12.325915
2016-02-07,00:30,35.4,35.0,28.9,76.7,0.0,N@7.6,10.3,36.2,39.6,0.0,0,"Outlook, Yakima County",310135,Outlook,2017-12-07 00:56:12.325915
2016-02-07,00:45,34.7,34.3,28.7,78.4,0.0,N@8.4,9.9,36.1,39.5,0.0,0,"Outlook, Yakima County",310135,Outlook,2017-12-07 00:56:12.325915
2016-02-07,01:00,35.5,35.1,28.8,76.3,0.0,N@7.8,10.3,36.0,39.5,0.0,0,"Outlook, Yakima County",310135,Outlook,2017-12-07 00:56:12.325915
2016-02-07,01:15,35.9,35.4,28.6,74.5,0.0,N@6.6,7.8,35.9,39.4,0.0,0,"Outlook, Yakima County",310135,Outlook,2017-12-07 00:56:12.325915
2016-02-07,01:30,35.0,34.5,28.9,78.0,0.0,N@6.9,8.9,35.8,39.4,0.0,0,"Outlook, Yakima County",310135,Outlook,2017-12-07 00:56:12.325915
2016-02-07,01:45,34.2,33.7,28.7,80.1,0.0,N@7.6,8.9,35.7,39.4,0.0,0,"Outlook, Yakima County",310135,Outlook,2017-12-07 00:56:12.325915
2016-02-07,02:00,34.1,33.7,28.5,79.5,0.0,N@7.9,9.6,35.7,39.3,0.0,0,"Outlook, Yakima County",310135,Outlook,2017-12-07 00:56:12.325915
2016-02-07,02:15,34.3,34.0,28.4,78.8,0.0,N@7.0,9.2,35.6,39.3,0.0,0,"Outlook, Yakima County",310135,Outlook,2017-12-07 00:56:12.325915
2016-02-07,02:30,35.1,34.6,28.7,77.3,0.0,N@3.2,6.7,35.5,39.2,0.0,0,"Outlook, Yakima County",310135,Outlook,2017-12-07 00:56:12.325915
2016-02-07,02:45,34.9,34.1,28.7,78.0,0.0,N@5.8,7.4,35.4,39.2,0.0,0,"Outlook, Yakima County",310135,Outlook,2017-12-07 00:56:12.325915
2016-02-07,03:00,34.0,33.5,28.6,80.3,0.0,N@6.2,7.8,35.3,39.1,0.0,0,"Outlook, Yakima County",310135,Outlook,2017-12-07 00:56:12.325915
2016-02-07,03:15,33.2,32.9,28.2,81.6,0.0,N@6.9,8.9,35.3,39.1,0.0,0,"Outlook, Yakima County",310135,Outlook,2017-12-07 00:56:12.325915
2016-02-07,03:30,33.9,33.4,28.2,79.2,0.0,N@6.7,8.9,35.2,39.0,0.0,0,"Outlook, Yakima County",310135,Outlook,2017-12-07 00:56:12.325915
2016-02-07,03:45,34.2,33.8,28.3,78.7,0.0,N@5.2,7.1,35.1,39.0,0.0,0,"Outlook, Yakima County",310135,Outlook,2017-12-07 00:56:12.325915
2016-02-07,04:00,34.2,33.6,28.4,79.0,0.0,N@5.7,7.4,35.1,39.0,0.0,0,"Outlook, Yakima County",310135,Outlook,2017-12-07 00:56:12.325915
2016-02-07,04:15,34.6,34.2,29.2,80.3,0.0,N@5.0,6.4,35.0,38.9,0.0,0,"Outlook, Yakima County",310135,Outlook,2017-12-07 00:56:12.325915
2016-02-07,04:30,34.8,34.2,29.2,79.5,0.0,NE@3.6,6.4,34.9,38.9,0.0,0,"Outlook, Yakima County",310135,Outlook,2017-12-07 00:56:12.325915
2016-02-07,04:45,34.4,33.8,28.9,80.1,0.0,N@3.2,5.7,34.9,38.8,0.0,0,"Outlook, Yakima County",310135,Outlook,2017-12-07 00:56:12.325915
2016-02-07,05:00,34.3,33.6,28.7,79.5,0.0,N@4.6,6.4,34.8,38.8,0.0,0,"Outlook, Yakima County",310135,Outlook,2017-12-07 00:56:12.325915
2016-02-07,05:15,33.3,32.8,28.6,82.4,0.0,N@5.6,7.4,34.7,38.7,0.0,0,"Outlook, Yakima County",310135,Outlook,2017-12-07 00:56:12.325915
2016-02-07,05:30,33.0,32.5,28.5,83.0,0.0,N@6.3,7.4,34.7,38.7,0.0,0,"Outlook, Yakima County",310135,Outlook,2017-12-07 00:56:12.325915
2016-02-07,05:45,33.3,32.8,28.9,83.6,0.0,NE@4.0,6.4,34.6,38.7,0.0,0,"Outlook, Yakima County",310135,Outlook,2017-12-07 00:56:12.325915
2016-02-07,06:00,33.4,32.8,28.8,82.9,0.0,N@3.5,5.3,34.6,38.6,0.0,0,"Outlook, Yakima County",310135,Outlook,2017-12-07 00:56:12.325915
2016-02-07,06:15,33.2,32.6,28.6,83.0,0.0,N@2.8,4.9,34.5,38.6,0.0,0,"Outlook, Yakima County",310135,Outlook,2017-12-07 00:56:12.325915
2016-02-07,06:30,32.5,32.0,28.4,84.6,0.0,N@6.4,8.2,34.4,38.5,0.0,0,"Outlook, Yakima County",310135,Outlook,2017-12-07 00:56:12.325915
2016-02-07,06:45,33.1,32.7,29.0,84.6,0.0,N@4.9,6.7,34.4,38.5,0.0,0,"Outlook, Yakima County",310135,Outlook,2017-12-07 00:56:12.325915
2016-02-07,07:00,33.6,33.0,28.9,82.6,0.0,N@3.1,6.4,34.3,38.5,0.0,0,"Outlook, Yakima County",310135,Outlook,2017-12-07 00:56:12.325915
2016-02-07,07:15,33.4,32.9,29.1,83.8,0.0,N@3.4,5.3,34.3,38.4,0.0,3,"Outlook, Yakima County",310135,Outlook,2017-12-07 00:56:12.325915
2016-02-07,07:30,32.9,32.4,28.8,84.8,0.0,N@5.4,7.8,34.2,38.4,0.0,14,"Outlook, Yakima County",310135,Outlook,2017-12-07 00:56:12.325915
2016-02-07,07:45,33.9,33.6,29.3,83.1,0.0,N@7.1,8.5,34.2,38.3,0.0,33,"Outlook, Yakima County",310135,Outlook,2017-12-07 00:56:12.325915
2016-02-07,08:00,34.8,34.4,29.8,81.8,0.0,NW@3.5,6.7,34.2,38.3,0.0,66,"Outlook, Yakima County",310135,Outlook,2017-12-07 00:56:12.325915
2016-02-07,08:15,35.8,35.5,30.2,80.0,0.0,S@2.0,3.5,34.1,38.3,0.0,101,"Outlook, Yakima County",310135,Outlook,2017-12-07 00:56:12.325915
2016-02-07,08:30,37.4,37.2,30.8,76.8,0.0,E@1.8,4.2,34.1,38.2,0.0,128,"Outlook, Yakima County",310135,Outlook,2017-12-07 00:56:12.325915
2016-02-07,08:45,37.6,37.3,31.0,76.8,0.0,NE@3.0,4.2,34.2,38.2,0.0,145,"Outlook, Yakima County",310135,Outlook,2017-12-07 00:56:12.325915
2016-02-07,09:00,38.9,38.8,31.6,75.0,0.0,NE@1.0,3.1,34.3,38.2,0.0,159,"Outlook, Yakima County",310135,Outlook,2017-12-07 00:56:12.325915
2016-02-07,09:15,40.1,39.7,31.9,72.2,0.0,S@2.6,4.2,34.5,38.1,0.0,237,"Outlook, Yakima County",310135,Outlook,2017-12-07 00:56:12.325915
2016-02-07,09:30,38.6,38.1,32.8,79.4,0.0,S@3.2,4.9,34.8,38.1,0.0,255,"Outlook, Yakima County",310135,Outlook,2017-12-07 00:56:12.325915
2016-02-07,09:45,37.8,37.5,33.1,83.1,0.0,S@2.5,4.6,35.2,38.0,0.0,289,"Outlook, Yakima County",310135,Outlook,2017-12-07 00:56:12.325915
2016-02-07,10:00,39.1,39.0,33.7,80.6,0.0,S@1.3,3.1,35.7,38.0,0.0,304,"Outlook, Yakima County",310135,Outlook,2017-12-07 00:56:12.325915
2016-02-07,10:15,40.6,40.3,33.8,76.3,0.0,SE@1.1,3.9,36.3,38.0,0.0,337,"Outlook, Yakima County",310135,Outlook,2017-12-07 00:56:12.325915
2016-02-07,10:30,41.3,40.8,34.4,76.2,0.0,S@2.9,5.3,36.9,37.9,0.0,367,"Outlook, Yakima County",310135,Outlook,2017-12-07 00:56:12.325915
2016-02-07,10:45,40.8,40.3,35.2,80.4,0.0,S@3.6,5.7,37.6,37.9,0.0,378,"Outlook, Yakima County",310135,Outlook,2017-12-07 00:56:12.325915
2016-02-07,11:00,41.3,40.9,35.3,79.2,0.0,S@3.3,6.4,38.3,37.9,0.0,407,"Outlook, Yakima County",310135,Outlook,2017-12-07 00:56:12.325915
2016-02-07,11:15,41.8,41.3,35.7,78.9,0.0,SE@4.1,6.0,39.0,37.9,0.0,419,"Outlook, Yakima County",310135,Outlook,2017-12-07 00:56:12.325915
2016-02-07,11:30,42.7,42.3,36.1,77.3,0.0,SE@3.8,6.4,39.6,37.8,0.0,434,"Outlook, Yakima County",310135,Outlook,2017-12-07 00:56:12.325915
2016-02-07,11:45,43.7,43.3,36.5,75.6,0.0,SE@3.3,7.8,40.2,37.8,0.0,459,"Outlook, Yakima County",310135,Outlook,2017-12-07 00:56:12.325915
2016-02-07,12:00,44.2,43.8,36.3,73.5,0.0,SE@2.7,5.3,40.8,37.8,0.0,460,"Outlook, Yakima County",310135,Outlook,2017-12-07 00:56:12.325915
2016-02-07,12:15,45.4,44.8,36.5,71.1,0.0,S@3.5,6.7,41.3,37.8,0.0,479,"Outlook, Yakima County",310135,Outlook,2017-12-07 00:56:12.325915
2016-02-07,12:30,45.6,45.1,36.6,70.6,0.0,SE@3.9,6.7,41.8,37.9,0.0,475,"Outlook, Yakima County",310135,Outlook,2017-12-07 00:56:12.325915
2016-02-07,12:45,46.2,45.8,36.8,69.6,0.0,S@2.9,6.4,42.3,37.9,0.0,476,"Outlook, Yakima County",310135,Outlook,2017-12-07 00:56:12.325915
2016-02-07,13:00,46.7,46.2,36.7,68.1,0.0,SE@3.6,6.7,42.8,37.9,0.0,469,"Outlook, Yakima County",310135,Outlook,2017-12-07 00:56:12.325915
2016-02-07,13:15,47.0,46.4,36.9,67.8,0.0,SE@3.7,6.7,43.1,38.0,0.0,441,"Outlook, Yakima County",310135,Outlook,2017-12-07 00:56:12.325915
2016-02-07,13:30,47.9,47.4,36.8,65.2,0.0,SE@2.7,6.0,43.5,38.1,0.0,439,"Outlook, Yakima County",310135,Outlook,2017-12-07 00:56:12.325915
2016-02-07,13:45,47.9,47.4,36.1,63.5,0.0,SE@2.8,6.4,43.7,38.2,0.0,430,"Outlook, Yakima County",310135,Outlook,2017-12-07 00:56:12.325915
2016-02-07,14:00,48.3,47.9,36.5,63.3,0.0,SE@3.7,6.7,43.9,38.2,0.0,424,"Outlook, Yakima County",310135,Outlook,2017-12-07 00:56:12.325915
2016-02-07,14:15,48.7,48.2,36.5,62.5,0.0,S@3.3,6.7,44.1,38.4,0.0,388,"Outlook, Yakima County",310135,Outlook,2017-12-07 00:56:12.325915
2016-02-07,14:30,48.8,48.5,36.4,62.0,0.0,S@2.1,5.3,44.2,38.5,0.0,361,"Outlook, Yakima County",310135,Outlook,2017-12-07 00:56:12.325915
2016-02-07,14:45,49.1,48.5,36.6,61.9,0.0,S@3.1,6.0,44.3,38.6,0.0,338,"Outlook, Yakima County",310135,Outlook,2017-12-07 00:56:12.325915
2016-02-07,15:00,49.0,48.5,36.5,61.9,0.0,S@3.4,6.0,44.3,38.7,0.0,304,"Outlook, Yakima County",310135,Outlook,2017-12-07 00:56:12.325915
2016-02-07,15:15,49.3,48.8,36.8,61.7,0.0,S@2.9,6.4,44.3,38.8,0.0,270,"Outlook, Yakima County",310135,Outlook,2017-12-07 00:56:12.325915
2016-02-07,15:30,48.7,48.2,36.5,62.5,0.0,S@3.4,6.0,44.3,39.0,0.0,186,"Outlook, Yakima County",310135,Outlook,2017-12-07 00:56:12.325915
2016-02-07,15:45,48.9,48.4,36.4,61.8,0.0,S@3.8,6.4,44.2,39.1,0.0,205,"Outlook, Yakima County",310135,Outlook,2017-12-07 00:56:12.325915
2016-02-07,16:00,48.9,48.3,36.1,61.2,0.0,S@3.6,4.9,44.1,39.3,0.0,176,"Outlook, Yakima County",310135,Outlook,2017-12-07 00:56:12.325915
2016-02-07,16:15,48.6,48.1,35.5,60.5,0.0,S@2.8,6.0,43.9,39.4,0.0,144,"Outlook, Yakima County",310135,Outlook,2017-12-07 00:56:12.325915
2016-02-07,16:30,48.1,47.6,35.5,61.3,0.0,SE@3.1,4.2,43.7,39.5,0.0,90,"Outlook, Yakima County",310135,Outlook,2017-12-07 00:56:12.325915
2016-02-07,16:45,47.3,46.8,35.6,63.4,0.0,S@2.7,3.9,43.5,39.7,0.0,48,"Outlook, Yakima County",310135,Outlook,2017-12-07 00:56:12.325915
2016-02-07,17:00,47.0,46.5,35.5,64.0,0.0,SW@1.2,2.8,43.3,39.8,0.0,31,"Outlook, Yakima County",310135,Outlook,2017-12-07 00:56:12.325915
2016-02-07,17:15,46.3,45.6,35.5,65.6,0.0,NE@0.5,2.1,43.0,39.9,0.0,14,"Outlook, Yakima County",310135,Outlook,2017-12-07 00:56:12.325915
2016-02-07,17:30,45.0,44.3,34.8,67.4,0.0,N@1.7,3.1,42.6,40.1,0.0,3,"Outlook, Yakima County",310135,Outlook,2017-12-07 00:56:12.325915
2016-02-07,17:45,43.6,42.8,34.5,70.1,0.0,N@2.6,4.6,42.3,40.2,0.0,1,"Outlook, Yakima County",310135,Outlook,2017-12-07 00:56:12.325915
2016-02-07,18:00,40.7,40.0,34.9,79.6,0.0,N@5.4,6.7,41.9,40.3,0.0,0,"Outlook, Yakima County",310135,Outlook,2017-12-07 00:56:12.325915
2016-02-07,18:15,40.7,40.2,35.3,80.8,0.0,N@5.7,7.1,41.6,40.4,0.0,0,"Outlook, Yakima County",310135,Outlook,2017-12-07 00:56:12.325915
2016-02-07,18:30,39.6,39.2,34.9,83.1,0.0,N@5.0,6.7,41.3,40.5,0.0,0,"Outlook, Yakima County",310135,Outlook,2017-12-07 00:56:12.325915
2016-02-07,18:45,40.6,40.2,35.0,80.2,0.0,NE@2.9,3.9,41.0,40.5,0.0,0,"Outlook, Yakima County",310135,Outlook,2017-12-07 00:56:12.325915
2016-02-07,19:00,38.9,38.2,34.3,83.3,0.0,N@5.9,7.8,40.7,40.6,0.0,0,"Outlook, Yakima County",310135,Outlook,2017-12-07 00:56:12.325915
2016-02-07,19:15,38.8,38.3,34.5,84.6,0.0,N@6.3,8.2,40.5,40.7,0.0,0,"Outlook, Yakima County",310135,Outlook,2017-12-07 00:56:12.325915
2016-02-07,19:30,37.9,37.5,34.2,86.3,0.0,N@8.0,9.2,40.2,40.7,0.0,0,"Outlook, Yakima County",310135,Outlook,2017-12-07 00:56:12.325915
2016-02-07,19:45,37.6,37.3,34.1,87.2,0.0,N@7.6,8.5,40.0,40.7,0.0,0,"Outlook, Yakima County",310135,Outlook,2017-12-07 00:56:12.325915
2016-02-07,20:00,37.9,37.5,34.1,85.9,0.0,N@7.7,8.9,39.8,40.8,0.0,0,"Outlook, Yakima County",310135,Outlook,2017-12-07 00:56:12.325915
2016-02-07,20:15,38.4,38.0,34.2,84.7,0.0,N@7.5,8.9,39.6,40.8,0.0,0,"Outlook, Yakima County",310135,Outlook,2017-12-07 00:56:12.325915
2016-02-07,20:30,37.5,37.1,33.8,86.3,0.0,N@7.1,8.5,39.4,40.8,0.0,0,"Outlook, Yakima County",310135,Outlook,2017-12-07 00:56:12.325915
2016-02-07,20:45,37.6,37.1,33.6,85.5,0.0,N@7.1,8.5,39.2,40.8,0.0,0,"Outlook, Yakima County",310135,Outlook,2017-12-07 00:56:12.325915
2016-02-07,21:00,37.0,36.6,33.5,87.0,0.0,N@7.0,8.2,39.0,40.8,0.0,0,"Outlook, Yakima County",310135,Outlook,2017-12-07 00:56:12.325915
2016-02-07,21:15,37.1,36.7,33.6,86.8,0.0,N@7.0,7.8,38.9,40.8,0.0,0,"Outlook, Yakima County",310135,Outlook,2017-12-07 00:56:12.325915
2016-02-07,21:30,36.8,36.4,33.5,87.6,0.0,N@6.7,7.8,38.7,40.8,0.0,0,"Outlook, Yakima County",310135,Outlook,2017-12-07 00:56:12.325915
2016-02-07,21:45,36.8,36.4,33.6,88.0,0.0,N@6.6,8.2,38.6,40.7,0.0,0,"Outlook, Yakima County",310135,Outlook,2017-12-07 00:56:12.325915
2016-02-07,22:00,36.6,36.2,33.4,88.3,0.0,N@5.6,6.7,38.4,40.7,0.0,0,"Outlook, Yakima County",310135,Outlook,2017-12-07 00:56:12.325915
2016-02-07,22:15,36.4,36.3,33.2,87.8,0.0,N@5.5,6.4,38.3,40.7,0.0,0,"Outlook, Yakima County",310135,Outlook,2017-12-07 00:56:12.325915
2016-02-07,22:30,36.4,36.0,33.0,87.3,0.0,N@5.5,6.4,38.1,40.7,0.0,0,"Outlook, Yakima County",310135,Outlook,2017-12-07 00:56:12.325915
2016-02-07,22:45,36.3,35.9,33.2,88.6,0.0,N@6.0,7.1,37.9,40.6,0.0,0,"Outlook, Yakima County",310135,Outlook,2017-12-07 00:56:12.325915
2016-02-07,23:00,35.8,35.5,33.0,89.5,0.0,N@6.1,7.4,37.8,40.6,0.0,0,"Outlook, Yakima County",310135,Outlook,2017-12-07 00:56:12.325915
2016-02-07,23:15,35.9,35.6,33.0,89.1,0.0,N@5.6,6.7,37.6,40.5,0.0,0,"Outlook, Yakima County",310135,Outlook,2017-12-07 00:56:12.325915
2016-02-07,23:30,35.8,35.4,32.8,88.8,0.0,N@5.2,6.7,37.5,40.5,0.0,0,"Outlook, Yakima County",310135,Outlook,2017-12-07 00:56:12.325915
2016-02-07,23:45,34.9,34.6,32.4,90.4,0.0,N@5.6,7.1,37.4,40.5,0.0,0,"Outlook, Yakima County",310135,Outlook,2017-12-07 00:56:12.325915
2016-02-07,24:00,36.1,35.7,33.0,88.1,0.0,N@5.7,6.7,37.2,40.4,0.0,0,"Outlook, Yakima County",310135,Outlook,2017-12-07 00:56:12.325915
