Date,Time PST,Air Temp °F, 2<sup>nd</sup> Air Temp °F, Dew Point °F, Rel Hum %, Leaf Wet u., Wind Dir @ Speed mph, Wind Gust mph, 8 in. Soil Tmp °F, Tot Prec in, Solar Rad W/m², Atm. Press. inHg,Location,Station ID,Station Name,Download Timestamp
1993-05-31,00:15,61.2,,58.1,89.5,,N@4.5,99999.0,69.5,0.0,0,,"WSU Prosser (WSU HQ), Prosser, Benton County",300033,WSU Prosser (WSU HQ),2017-11-23 19:17:27.041423
1993-05-31,00:30,61.4,,57.9,88.0,,N@3.4,99999.0,69.4,0.01,0,,"WSU Prosser (WSU HQ), Prosser, Benton County",300033,WSU Prosser (WSU HQ),2017-11-23 19:17:27.041423
1993-05-31,00:45,61.3,,58.3,89.7,,SE@2.3,99999.0,69.3,0.0,0,,"WSU Prosser (WSU HQ), Prosser, Benton County",300033,WSU Prosser (WSU HQ),2017-11-23 19:17:27.041423
1993-05-31,01:00,60.8,,58.8,92.9,,S@3.3,99999.0,69.2,0.0,0,,"WSU Prosser (WSU HQ), Prosser, Benton County",300033,WSU Prosser (WSU HQ),2017-11-23 19:17:27.041423
1993-05-31,01:15,60.4,,58.6,93.8,,SW@3.1,99999.0,69.1,0.0,0,,"WSU Prosser (WSU HQ), Prosser, Benton County",300033,WSU Prosser (WSU HQ),2017-11-23 19:17:27.041423
1993-05-31,01:30,60.2,,58.5,93.9,,SW@3.0,99999.0,69.0,0.0,0,,"WSU Prosser (WSU HQ), Prosser, Benton County",300033,WSU Prosser (WSU HQ),2017-11-23 19:17:27.041423
1993-05-31,01:45,60.4,,58.3,92.8,,SW@4.5,99999.0,69.0,0.0,0,,"WSU Prosser (WSU HQ), Prosser, Benton County",300033,WSU Prosser (WSU HQ),2017-11-23 19:17:27.041423
1993-05-31,02:00,60.3,,57.9,91.7,,W@3.2,99999.0,68.9,0.0,0,,"WSU Prosser (WSU HQ), Prosser, Benton County",300033,WSU Prosser (WSU HQ),2017-11-23 19:17:27.041423
1993-05-31,02:15,60.0,,57.9,92.7,,NW@2.5,99999.0,68.7,0.0,0,,"WSU Prosser (WSU HQ), Prosser, Benton County",300033,WSU Prosser (WSU HQ),2017-11-23 19:17:27.041423
1993-05-31,02:30,59.8,,58.0,93.7,,NW@3.0,99999.0,68.7,0.0,0,,"WSU Prosser (WSU HQ), Prosser, Benton County",300033,WSU Prosser (WSU HQ),2017-11-23 19:17:27.041423
1993-05-31,02:45,59.8,,58.1,93.9,,W@1.0,99999.0,68.6,0.0,0,,"WSU Prosser (WSU HQ), Prosser, Benton County",300033,WSU Prosser (WSU HQ),2017-11-23 19:17:27.041423
1993-05-31,03:00,59.6,,58.0,94.1,,E@1.2,99999.0,68.5,0.0,0,,"WSU Prosser (WSU HQ), Prosser, Benton County",300033,WSU Prosser (WSU HQ),2017-11-23 19:17:27.041423
1993-05-31,03:15,59.6,,58.1,94.9,,S@1.6,99999.0,68.5,0.0,0,,"WSU Prosser (WSU HQ), Prosser, Benton County",300033,WSU Prosser (WSU HQ),2017-11-23 19:17:27.041423
1993-05-31,03:30,58.9,,57.5,95.1,,W@1.3,99999.0,68.4,0.0,0,,"WSU Prosser (WSU HQ), Prosser, Benton County",300033,WSU Prosser (WSU HQ),2017-11-23 19:17:27.041423
1993-05-31,03:45,58.7,,57.6,95.9,,W@1.0,99999.0,68.3,0.0,0,,"WSU Prosser (WSU HQ), Prosser, Benton County",300033,WSU Prosser (WSU HQ),2017-11-23 19:17:27.041423
1993-05-31,04:00,58.5,,57.3,95.8,,SW@0.6,99999.0,68.2,0.0,0,,"WSU Prosser (WSU HQ), Prosser, Benton County",300033,WSU Prosser (WSU HQ),2017-11-23 19:17:27.041423
1993-05-31,04:15,58.0,,56.9,96.0,,NE@1.5,99999.0,68.1,0.0,2,,"WSU Prosser (WSU HQ), Prosser, Benton County",300033,WSU Prosser (WSU HQ),2017-11-23 19:17:27.041423
1993-05-31,04:30,58.1,,57.1,96.5,,N@2.8,99999.0,68.0,0.0,5,,"WSU Prosser (WSU HQ), Prosser, Benton County",300033,WSU Prosser (WSU HQ),2017-11-23 19:17:27.041423
1993-05-31,04:45,58.3,,57.3,96.5,,N@2.1,99999.0,67.9,0.0,15,,"WSU Prosser (WSU HQ), Prosser, Benton County",300033,WSU Prosser (WSU HQ),2017-11-23 19:17:27.041423
1993-05-31,05:00,58.3,,57.2,96.3,,N@2.1,99999.0,67.9,0.0,28,,"WSU Prosser (WSU HQ), Prosser, Benton County",300033,WSU Prosser (WSU HQ),2017-11-23 19:17:27.041423
1993-05-31,05:15,58.6,,57.7,96.5,,NE@1.4,99999.0,67.8,0.0,40,,"WSU Prosser (WSU HQ), Prosser, Benton County",300033,WSU Prosser (WSU HQ),2017-11-23 19:17:27.041423
1993-05-31,05:30,59.1,,58.1,96.3,,N@0.9,99999.0,67.7,0.0,49,,"WSU Prosser (WSU HQ), Prosser, Benton County",300033,WSU Prosser (WSU HQ),2017-11-23 19:17:27.041423
1993-05-31,05:45,59.6,,58.4,95.9,,NW@0.4,99999.0,67.6,0.0,62,,"WSU Prosser (WSU HQ), Prosser, Benton County",300033,WSU Prosser (WSU HQ),2017-11-23 19:17:27.041423
1993-05-31,06:00,60.1,,58.8,95.5,,W@0.6,99999.0,67.5,0.0,56,,"WSU Prosser (WSU HQ), Prosser, Benton County",300033,WSU Prosser (WSU HQ),2017-11-23 19:17:27.041423
1993-05-31,06:15,60.5,,59.1,95.0,,SW@2.2,99999.0,67.4,0.0,92,,"WSU Prosser (WSU HQ), Prosser, Benton County",300033,WSU Prosser (WSU HQ),2017-11-23 19:17:27.041423
1993-05-31,06:30,61.1,,59.2,93.2,,SW@2.2,99999.0,67.4,0.0,141,,"WSU Prosser (WSU HQ), Prosser, Benton County",300033,WSU Prosser (WSU HQ),2017-11-23 19:17:27.041423
1993-05-31,06:45,61.5,,59.0,91.3,,SW@1.7,99999.0,67.3,0.0,127,,"WSU Prosser (WSU HQ), Prosser, Benton County",300033,WSU Prosser (WSU HQ),2017-11-23 19:17:27.041423
1993-05-31,07:00,61.9,,59.3,91.1,,SW@2.2,99999.0,67.2,0.0,153,,"WSU Prosser (WSU HQ), Prosser, Benton County",300033,WSU Prosser (WSU HQ),2017-11-23 19:17:27.041423
1993-05-31,07:15,62.6,,59.6,89.9,,SW@2.0,99999.0,67.1,0.0,261,,"WSU Prosser (WSU HQ), Prosser, Benton County",300033,WSU Prosser (WSU HQ),2017-11-23 19:17:27.041423
1993-05-31,07:30,63.8,,59.9,87.1,,W@1.8,99999.0,67.1,0.0,294,,"WSU Prosser (WSU HQ), Prosser, Benton County",300033,WSU Prosser (WSU HQ),2017-11-23 19:17:27.041423
1993-05-31,07:45,64.0,,59.3,84.7,,W@1.6,99999.0,67.0,0.0,342,,"WSU Prosser (WSU HQ), Prosser, Benton County",300033,WSU Prosser (WSU HQ),2017-11-23 19:17:27.041423
1993-05-31,08:00,66.1,,60.4,81.9,,NW@1.3,99999.0,66.9,0.0,565,,"WSU Prosser (WSU HQ), Prosser, Benton County",300033,WSU Prosser (WSU HQ),2017-11-23 19:17:27.041423
1993-05-31,08:15,67.1,,60.1,78.3,0.0,E@2.1,99999.0,66.9,0.0,616,,"WSU Prosser (WSU HQ), Prosser, Benton County",300033,WSU Prosser (WSU HQ),2017-11-23 19:17:27.041423
1993-05-31,08:30,67.1,,60.0,77.9,0.0,E@2.4,99999.0,66.9,0.0,658,,"WSU Prosser (WSU HQ), Prosser, Benton County",300033,WSU Prosser (WSU HQ),2017-11-23 19:17:27.041423
1993-05-31,08:45,67.8,,61.0,78.7,0.0,SE@2.5,99999.0,66.8,0.0,686,,"WSU Prosser (WSU HQ), Prosser, Benton County",300033,WSU Prosser (WSU HQ),2017-11-23 19:17:27.041423
1993-05-31,09:00,68.5,,60.3,74.9,0.0,E@2.5,99999.0,66.8,0.0,705,,"WSU Prosser (WSU HQ), Prosser, Benton County",300033,WSU Prosser (WSU HQ),2017-11-23 19:17:27.041423
1993-05-31,09:15,69.3,,60.3,73.0,0.0,SE@2.7,99999.0,66.8,0.0,885,,"WSU Prosser (WSU HQ), Prosser, Benton County",300033,WSU Prosser (WSU HQ),2017-11-23 19:17:27.041423
1993-05-31,09:30,71.1,,60.3,68.5,0.0,SE@2.8,99999.0,66.8,0.0,783,,"WSU Prosser (WSU HQ), Prosser, Benton County",300033,WSU Prosser (WSU HQ),2017-11-23 19:17:27.041423
1993-05-31,09:45,70.6,,58.9,66.5,0.0,SW@3.2,99999.0,66.8,0.0,403,,"WSU Prosser (WSU HQ), Prosser, Benton County",300033,WSU Prosser (WSU HQ),2017-11-23 19:17:27.041423
1993-05-31,10:00,70.4,,58.3,65.4,0.0,S@4.1,99999.0,66.8,0.0,240,,"WSU Prosser (WSU HQ), Prosser, Benton County",300033,WSU Prosser (WSU HQ),2017-11-23 19:17:27.041423
1993-05-31,10:15,70.1,,57.3,63.7,0.0,S@3.9,99999.0,66.9,0.0,174,,"WSU Prosser (WSU HQ), Prosser, Benton County",300033,WSU Prosser (WSU HQ),2017-11-23 19:17:27.041423
1993-05-31,10:30,69.9,,57.5,64.7,0.0,S@3.8,99999.0,67.0,0.0,156,,"WSU Prosser (WSU HQ), Prosser, Benton County",300033,WSU Prosser (WSU HQ),2017-11-23 19:17:27.041423
1993-05-31,10:45,69.7,,57.9,65.9,0.0,S@5.3,99999.0,67.1,0.0,135,,"WSU Prosser (WSU HQ), Prosser, Benton County",300033,WSU Prosser (WSU HQ),2017-11-23 19:17:27.041423
1993-05-31,11:00,69.3,,56.7,64.1,0.0,S@6.4,99999.0,67.2,0.0,137,,"WSU Prosser (WSU HQ), Prosser, Benton County",300033,WSU Prosser (WSU HQ),2017-11-23 19:17:27.041423
1993-05-31,11:15,69.5,,56.5,63.2,0.0,S@7.1,99999.0,67.3,0.0,307,,"WSU Prosser (WSU HQ), Prosser, Benton County",300033,WSU Prosser (WSU HQ),2017-11-23 19:17:27.041423
1993-05-31,11:30,69.8,,56.6,62.9,0.0,S@8.1,99999.0,67.5,0.0,384,,"WSU Prosser (WSU HQ), Prosser, Benton County",300033,WSU Prosser (WSU HQ),2017-11-23 19:17:27.041423
1993-05-31,11:45,70.2,,55.8,60.1,0.0,S@8.5,99999.0,67.6,0.0,427,,"WSU Prosser (WSU HQ), Prosser, Benton County",300033,WSU Prosser (WSU HQ),2017-11-23 19:17:27.041423
1993-05-31,12:00,69.7,,57.2,64.4,0.0,S@9.9,99999.0,67.7,0.0,357,,"WSU Prosser (WSU HQ), Prosser, Benton County",300033,WSU Prosser (WSU HQ),2017-11-23 19:17:27.041423
1993-05-31,12:15,68.7,,57.0,66.3,0.0,S@9.7,99999.0,67.8,0.0,205,,"WSU Prosser (WSU HQ), Prosser, Benton County",300033,WSU Prosser (WSU HQ),2017-11-23 19:17:27.041423
1993-05-31,12:30,67.7,,58.1,71.3,1.0,S@11.3,99999.0,67.9,0.0,240,,"WSU Prosser (WSU HQ), Prosser, Benton County",300033,WSU Prosser (WSU HQ),2017-11-23 19:17:27.041423
1993-05-31,12:45,66.3,,58.0,74.6,,S@11.8,99999.0,68.0,0.0,257,,"WSU Prosser (WSU HQ), Prosser, Benton County",300033,WSU Prosser (WSU HQ),2017-11-23 19:17:27.041423
1993-05-31,13:00,66.1,,58.6,76.6,,S@10.5,99999.0,68.1,0.0,313,,"WSU Prosser (WSU HQ), Prosser, Benton County",300033,WSU Prosser (WSU HQ),2017-11-23 19:17:27.041423
1993-05-31,13:15,67.8,,54.7,63.0,0.0,S@9.5,99999.0,68.1,0.0,249,,"WSU Prosser (WSU HQ), Prosser, Benton County",300033,WSU Prosser (WSU HQ),2017-11-23 19:17:27.041423
1993-05-31,13:30,66.8,,53.5,62.3,,SW@6.4,99999.0,68.2,0.0,116,,"WSU Prosser (WSU HQ), Prosser, Benton County",300033,WSU Prosser (WSU HQ),2017-11-23 19:17:27.041423
1993-05-31,13:45,65.6,,55.7,70.4,,SW@9.1,99999.0,68.3,0.0,104,,"WSU Prosser (WSU HQ), Prosser, Benton County",300033,WSU Prosser (WSU HQ),2017-11-23 19:17:27.041423
1993-05-31,14:00,62.9,,58.8,86.4,,S@10.1,99999.0,68.4,0.02,196,,"WSU Prosser (WSU HQ), Prosser, Benton County",300033,WSU Prosser (WSU HQ),2017-11-23 19:17:27.041423
1993-05-31,14:15,62.3,,58.6,87.5,,SW@6.9,99999.0,68.4,0.01,127,,"WSU Prosser (WSU HQ), Prosser, Benton County",300033,WSU Prosser (WSU HQ),2017-11-23 19:17:27.041423
1993-05-31,14:30,61.6,,58.5,89.4,,S@7.9,99999.0,68.5,0.03,126,,"WSU Prosser (WSU HQ), Prosser, Benton County",300033,WSU Prosser (WSU HQ),2017-11-23 19:17:27.041423
1993-05-31,14:45,61.5,,58.9,91.0,,S@8.3,99999.0,68.5,0.01,207,,"WSU Prosser (WSU HQ), Prosser, Benton County",300033,WSU Prosser (WSU HQ),2017-11-23 19:17:27.041423
1993-05-31,15:00,62.0,,59.2,90.3,,S@7.6,99999.0,68.6,0.01,226,,"WSU Prosser (WSU HQ), Prosser, Benton County",300033,WSU Prosser (WSU HQ),2017-11-23 19:17:27.041423
1993-05-31,15:15,62.1,,59.0,89.3,,SW@8.0,99999.0,68.6,0.0,175,,"WSU Prosser (WSU HQ), Prosser, Benton County",300033,WSU Prosser (WSU HQ),2017-11-23 19:17:27.041423
1993-05-31,15:30,62.3,,59.1,89.2,,SW@5.2,99999.0,68.6,0.0,163,,"WSU Prosser (WSU HQ), Prosser, Benton County",300033,WSU Prosser (WSU HQ),2017-11-23 19:17:27.041423
1993-05-31,15:45,62.8,,59.0,87.3,,SW@3.8,99999.0,68.6,0.0,148,,"WSU Prosser (WSU HQ), Prosser, Benton County",300033,WSU Prosser (WSU HQ),2017-11-23 19:17:27.041423
1993-05-31,16:00,63.3,,59.1,86.0,,S@2.0,99999.0,68.6,0.0,135,,"WSU Prosser (WSU HQ), Prosser, Benton County",300033,WSU Prosser (WSU HQ),2017-11-23 19:17:27.041423
1993-05-31,16:15,63.8,,59.4,85.5,,SE@4.6,99999.0,68.6,0.0,198,,"WSU Prosser (WSU HQ), Prosser, Benton County",300033,WSU Prosser (WSU HQ),2017-11-23 19:17:27.041423
1993-05-31,16:30,64.0,,60.1,87.1,,SE@3.6,99999.0,68.6,0.0,163,,"WSU Prosser (WSU HQ), Prosser, Benton County",300033,WSU Prosser (WSU HQ),2017-11-23 19:17:27.041423
1993-05-31,16:45,64.7,,59.6,83.3,,S@2.7,99999.0,68.6,0.0,156,,"WSU Prosser (WSU HQ), Prosser, Benton County",300033,WSU Prosser (WSU HQ),2017-11-23 19:17:27.041423
1993-05-31,17:00,65.1,,57.7,76.8,,SW@4.4,99999.0,68.6,0.0,123,,"WSU Prosser (WSU HQ), Prosser, Benton County",300033,WSU Prosser (WSU HQ),2017-11-23 19:17:27.041423
1993-05-31,17:15,65.0,,58.0,78.1,,SW@2.8,99999.0,68.6,0.0,85,,"WSU Prosser (WSU HQ), Prosser, Benton County",300033,WSU Prosser (WSU HQ),2017-11-23 19:17:27.041423
1993-05-31,17:30,64.9,,58.6,79.9,,W@0.8,99999.0,68.6,0.0,67,,"WSU Prosser (WSU HQ), Prosser, Benton County",300033,WSU Prosser (WSU HQ),2017-11-23 19:17:27.041423
1993-05-31,17:45,64.9,,57.7,77.6,,W@0.7,99999.0,68.6,0.0,45,,"WSU Prosser (WSU HQ), Prosser, Benton County",300033,WSU Prosser (WSU HQ),2017-11-23 19:17:27.041423
1993-05-31,18:00,64.7,,58.1,79.1,,W@0.8,99999.0,68.6,0.0,57,,"WSU Prosser (WSU HQ), Prosser, Benton County",300033,WSU Prosser (WSU HQ),2017-11-23 19:17:27.041423
1993-05-31,18:15,64.5,,57.9,78.9,,SW@1.3,99999.0,68.6,0.0,54,,"WSU Prosser (WSU HQ), Prosser, Benton County",300033,WSU Prosser (WSU HQ),2017-11-23 19:17:27.041423
1993-05-31,18:30,64.4,,58.0,79.7,0.0,SW@1.6,99999.0,68.7,0.0,59,,"WSU Prosser (WSU HQ), Prosser, Benton County",300033,WSU Prosser (WSU HQ),2017-11-23 19:17:27.041423
1993-05-31,18:45,64.2,,58.1,80.5,0.0,SW@2.0,99999.0,68.6,0.0,33,,"WSU Prosser (WSU HQ), Prosser, Benton County",300033,WSU Prosser (WSU HQ),2017-11-23 19:17:27.041423
1993-05-31,19:00,63.5,,57.9,82.1,0.0,SW@1.6,99999.0,68.6,0.0,20,,"WSU Prosser (WSU HQ), Prosser, Benton County",300033,WSU Prosser (WSU HQ),2017-11-23 19:17:27.041423
1993-05-31,19:15,62.9,,57.9,83.5,0.0,SW@1.3,99999.0,68.6,0.0,21,,"WSU Prosser (WSU HQ), Prosser, Benton County",300033,WSU Prosser (WSU HQ),2017-11-23 19:17:27.041423
1993-05-31,19:30,62.6,,57.5,83.3,0.0,SW@1.0,99999.0,68.5,0.0,10,,"WSU Prosser (WSU HQ), Prosser, Benton County",300033,WSU Prosser (WSU HQ),2017-11-23 19:17:27.041423
1993-05-31,19:45,62.1,,57.5,84.7,,NW@1.1,99999.0,68.5,0.0,3,,"WSU Prosser (WSU HQ), Prosser, Benton County",300033,WSU Prosser (WSU HQ),2017-11-23 19:17:27.041423
1993-05-31,20:00,61.4,,57.6,87.2,,N@0.9,99999.0,68.5,0.0,1,,"WSU Prosser (WSU HQ), Prosser, Benton County",300033,WSU Prosser (WSU HQ),2017-11-23 19:17:27.041423
1993-05-31,20:15,60.2,,57.6,91.1,,SW@0.6,99999.0,68.5,0.0,0,,"WSU Prosser (WSU HQ), Prosser, Benton County",300033,WSU Prosser (WSU HQ),2017-11-23 19:17:27.041423
1993-05-31,20:30,59.9,,57.3,91.2,,W@1.5,99999.0,68.5,0.0,0,,"WSU Prosser (WSU HQ), Prosser, Benton County",300033,WSU Prosser (WSU HQ),2017-11-23 19:17:27.041423
1993-05-31,20:45,59.9,,56.2,87.4,,W@3.3,99999.0,68.4,0.0,0,,"WSU Prosser (WSU HQ), Prosser, Benton County",300033,WSU Prosser (WSU HQ),2017-11-23 19:17:27.041423
1993-05-31,21:00,60.7,,51.7,72.1,,W@4.3,99999.0,68.4,0.0,0,,"WSU Prosser (WSU HQ), Prosser, Benton County",300033,WSU Prosser (WSU HQ),2017-11-23 19:17:27.041423
1993-05-31,21:15,59.4,,50.4,72.1,0.0,NW@4.8,99999.0,68.3,0.0,0,,"WSU Prosser (WSU HQ), Prosser, Benton County",300033,WSU Prosser (WSU HQ),2017-11-23 19:17:27.041423
1993-05-31,21:30,58.0,,50.3,75.6,0.0,NW@4.1,99999.0,68.3,0.0,0,,"WSU Prosser (WSU HQ), Prosser, Benton County",300033,WSU Prosser (WSU HQ),2017-11-23 19:17:27.041423
1993-05-31,21:45,57.9,,49.6,73.7,0.0,W@2.9,99999.0,68.3,0.0,0,,"WSU Prosser (WSU HQ), Prosser, Benton County",300033,WSU Prosser (WSU HQ),2017-11-23 19:17:27.041423
1993-05-31,22:00,56.0,,50.1,80.2,0.0,NW@2.6,99999.0,68.2,0.0,0,,"WSU Prosser (WSU HQ), Prosser, Benton County",300033,WSU Prosser (WSU HQ),2017-11-23 19:17:27.041423
1993-05-31,22:15,55.4,,50.2,82.5,,W@1.8,99999.0,68.1,0.0,0,,"WSU Prosser (WSU HQ), Prosser, Benton County",300033,WSU Prosser (WSU HQ),2017-11-23 19:17:27.041423
1993-05-31,22:30,54.5,,49.9,84.4,,NW@3.1,99999.0,68.1,0.0,0,,"WSU Prosser (WSU HQ), Prosser, Benton County",300033,WSU Prosser (WSU HQ),2017-11-23 19:17:27.041423
1993-05-31,22:45,54.3,,49.7,84.1,,NW@2.5,99999.0,68.0,0.0,0,,"WSU Prosser (WSU HQ), Prosser, Benton County",300033,WSU Prosser (WSU HQ),2017-11-23 19:17:27.041423
1993-05-31,23:00,54.7,,49.5,82.6,,N@1.4,99999.0,67.9,0.0,0,,"WSU Prosser (WSU HQ), Prosser, Benton County",300033,WSU Prosser (WSU HQ),2017-11-23 19:17:27.041423
1993-06-01,23:15,53.7,,49.6,86.0,,SW@1.6,99999.0,67.8,0.0,0,,"WSU Prosser (WSU HQ), Prosser, Benton County",300033,WSU Prosser (WSU HQ),2017-11-23 19:17:27.041423
1993-06-01,23:30,53.7,,49.4,85.4,,SW@0.6,99999.0,67.7,0.0,0,,"WSU Prosser (WSU HQ), Prosser, Benton County",300033,WSU Prosser (WSU HQ),2017-11-23 19:17:27.041423
1993-06-01,23:45,54.3,,48.9,81.9,,W@0.7,99999.0,67.6,0.0,0,,"WSU Prosser (WSU HQ), Prosser, Benton County",300033,WSU Prosser (WSU HQ),2017-11-23 19:17:27.041423
1993-06-01,24:00,50.1,,45.8,85.3,,N@3.0,99999.0,66.4,0.0,0,,"WSU Prosser (WSU HQ), Prosser, Benton County",300033,WSU Prosser (WSU HQ),2017-11-23 19:17:27.041423
1993-06-01,00:15,52.9,,48.4,84.6,,N@2.3,99999.0,67.4,0.0,0,,"WSU Prosser (WSU HQ), Prosser, Benton County",300033,WSU Prosser (WSU HQ),2017-11-23 19:17:27.041423
1993-06-01,00:30,52.0,,48.5,87.8,,N@2.7,99999.0,67.3,0.0,0,,"WSU Prosser (WSU HQ), Prosser, Benton County",300033,WSU Prosser (WSU HQ),2017-11-23 19:17:27.041423
1993-06-01,00:45,51.6,,48.7,89.6,,N@0.7,99999.0,67.2,0.0,0,,"WSU Prosser (WSU HQ), Prosser, Benton County",300033,WSU Prosser (WSU HQ),2017-11-23 19:17:27.041423
1993-06-01,01:00,51.3,,47.9,88.1,,NW@2.4,99999.0,67.1,0.0,0,,"WSU Prosser (WSU HQ), Prosser, Benton County",300033,WSU Prosser (WSU HQ),2017-11-23 19:17:27.041423
1993-06-01,01:15,51.2,,47.7,87.6,,NW@2.1,99999.0,67.0,0.0,0,,"WSU Prosser (WSU HQ), Prosser, Benton County",300033,WSU Prosser (WSU HQ),2017-11-23 19:17:27.041423
1993-06-01,01:30,51.1,,47.5,87.5,,N@2.7,99999.0,66.9,0.0,0,,"WSU Prosser (WSU HQ), Prosser, Benton County",300033,WSU Prosser (WSU HQ),2017-11-23 19:17:27.041423
1993-06-01,01:45,50.7,,47.5,88.7,,N@3.3,99999.0,66.8,0.0,0,,"WSU Prosser (WSU HQ), Prosser, Benton County",300033,WSU Prosser (WSU HQ),2017-11-23 19:17:27.041423
1993-06-01,02:00,50.6,,47.4,88.8,,N@2.9,99999.0,66.7,0.0,0,,"WSU Prosser (WSU HQ), Prosser, Benton County",300033,WSU Prosser (WSU HQ),2017-11-23 19:17:27.041423
1993-06-01,02:15,49.1,,46.8,91.7,,NW@3.2,99999.0,66.5,0.0,0,,"WSU Prosser (WSU HQ), Prosser, Benton County",300033,WSU Prosser (WSU HQ),2017-11-23 19:17:27.041423
1993-06-01,02:30,49.2,,46.8,91.2,,N@3.6,99999.0,66.4,0.0,0,,"WSU Prosser (WSU HQ), Prosser, Benton County",300033,WSU Prosser (WSU HQ),2017-11-23 19:17:27.041423
1993-06-01,02:45,49.6,,46.9,90.3,,N@3.1,99999.0,66.3,0.0,0,,"WSU Prosser (WSU HQ), Prosser, Benton County",300033,WSU Prosser (WSU HQ),2017-11-23 19:17:27.041423
1993-06-01,03:00,48.6,,46.2,91.5,,NW@3.5,99999.0,66.2,0.0,0,,"WSU Prosser (WSU HQ), Prosser, Benton County",300033,WSU Prosser (WSU HQ),2017-11-23 19:17:27.041423
1993-06-01,03:15,48.2,,46.1,92.3,,NW@4.0,99999.0,66.1,0.0,0,,"WSU Prosser (WSU HQ), Prosser, Benton County",300033,WSU Prosser (WSU HQ),2017-11-23 19:17:27.041423
1993-06-01,03:30,48.1,,46.1,92.5,,N@3.0,99999.0,65.9,0.0,0,,"WSU Prosser (WSU HQ), Prosser, Benton County",300033,WSU Prosser (WSU HQ),2017-11-23 19:17:27.041423
1993-06-01,03:45,48.5,,46.2,91.7,,N@3.7,99999.0,65.8,0.0,0,,"WSU Prosser (WSU HQ), Prosser, Benton County",300033,WSU Prosser (WSU HQ),2017-11-23 19:17:27.041423
1993-06-01,04:00,48.4,,46.1,91.6,,N@3.9,99999.0,65.7,0.0,0,,"WSU Prosser (WSU HQ), Prosser, Benton County",300033,WSU Prosser (WSU HQ),2017-11-23 19:17:27.041423
1993-06-01,04:15,49.0,,46.3,90.3,,N@3.2,99999.0,65.6,0.0,3,,"WSU Prosser (WSU HQ), Prosser, Benton County",300033,WSU Prosser (WSU HQ),2017-11-23 19:17:27.041423
1993-06-01,04:30,48.6,,45.9,90.3,,N@3.4,99999.0,65.5,0.0,10,,"WSU Prosser (WSU HQ), Prosser, Benton County",300033,WSU Prosser (WSU HQ),2017-11-23 19:17:27.041423
1993-06-01,04:45,49.0,,46.1,89.8,,N@3.2,99999.0,65.4,0.0,27,,"WSU Prosser (WSU HQ), Prosser, Benton County",300033,WSU Prosser (WSU HQ),2017-11-23 19:17:27.041423
1993-06-01,05:00,49.6,,46.5,89.0,,N@3.2,99999.0,65.2,0.0,55,,"WSU Prosser (WSU HQ), Prosser, Benton County",300033,WSU Prosser (WSU HQ),2017-11-23 19:17:27.041423
1993-06-01,05:15,50.4,,47.7,90.4,,NW@2.4,99999.0,65.1,0.0,106,,"WSU Prosser (WSU HQ), Prosser, Benton County",300033,WSU Prosser (WSU HQ),2017-11-23 19:17:27.041423
1993-06-01,05:30,53.8,,49.3,84.8,,N@1.2,99999.0,64.9,0.0,167,,"WSU Prosser (WSU HQ), Prosser, Benton County",300033,WSU Prosser (WSU HQ),2017-11-23 19:17:27.041423
1993-06-01,05:45,57.1,,50.6,78.8,,N@0.6,99999.0,64.8,0.0,203,,"WSU Prosser (WSU HQ), Prosser, Benton County",300033,WSU Prosser (WSU HQ),2017-11-23 19:17:27.041423
1993-06-01,06:00,58.1,,50.1,74.5,,NW@0.8,99999.0,64.7,0.0,231,,"WSU Prosser (WSU HQ), Prosser, Benton County",300033,WSU Prosser (WSU HQ),2017-11-23 19:17:27.041423
1993-06-01,06:15,58.0,,48.9,71.6,,NW@1.3,99999.0,64.5,0.0,123,,"WSU Prosser (WSU HQ), Prosser, Benton County",300033,WSU Prosser (WSU HQ),2017-11-23 19:17:27.041423
1993-06-01,06:30,57.9,,48.9,71.8,,NW@1.0,99999.0,64.4,0.0,250,,"WSU Prosser (WSU HQ), Prosser, Benton County",300033,WSU Prosser (WSU HQ),2017-11-23 19:17:27.041423
1993-06-01,06:45,59.6,,48.2,65.9,,SW@1.2,99999.0,64.3,0.0,357,,"WSU Prosser (WSU HQ), Prosser, Benton County",300033,WSU Prosser (WSU HQ),2017-11-23 19:17:27.041423
1993-06-01,07:00,60.8,,47.8,62.1,0.0,S@2.2,99999.0,64.2,0.0,446,,"WSU Prosser (WSU HQ), Prosser, Benton County",300033,WSU Prosser (WSU HQ),2017-11-23 19:17:27.041423
1993-06-01,07:15,62.0,,47.2,58.1,0.0,SW@3.2,99999.0,64.1,0.0,412,,"WSU Prosser (WSU HQ), Prosser, Benton County",300033,WSU Prosser (WSU HQ),2017-11-23 19:17:27.041423
1993-06-01,07:30,62.4,,46.0,54.8,0.0,SW@3.4,99999.0,64.0,0.0,485,,"WSU Prosser (WSU HQ), Prosser, Benton County",300033,WSU Prosser (WSU HQ),2017-11-23 19:17:27.041423
1993-06-01,07:45,63.1,,46.1,53.9,0.0,W@3.9,99999.0,64.0,0.0,538,,"WSU Prosser (WSU HQ), Prosser, Benton County",300033,WSU Prosser (WSU HQ),2017-11-23 19:17:27.041423
1993-06-01,08:00,63.4,,45.9,52.9,0.0,W@3.5,99999.0,63.9,0.0,578,,"WSU Prosser (WSU HQ), Prosser, Benton County",300033,WSU Prosser (WSU HQ),2017-11-23 19:17:27.041423
1993-06-01,08:15,63.8,,46.6,53.4,0.0,W@2.6,99999.0,63.9,0.0,619,,"WSU Prosser (WSU HQ), Prosser, Benton County",300033,WSU Prosser (WSU HQ),2017-11-23 19:17:27.041423
1993-06-01,08:30,64.9,,47.0,52.3,0.0,SE@1.6,99999.0,63.8,0.0,663,,"WSU Prosser (WSU HQ), Prosser, Benton County",300033,WSU Prosser (WSU HQ),2017-11-23 19:17:27.041423
1993-06-01,08:45,65.2,,47.7,53.1,0.0,W@3.8,99999.0,63.9,0.0,660,,"WSU Prosser (WSU HQ), Prosser, Benton County",300033,WSU Prosser (WSU HQ),2017-11-23 19:17:27.041423
1993-06-01,09:00,65.4,,48.0,53.4,0.0,SW@4.2,99999.0,63.9,0.0,705,,"WSU Prosser (WSU HQ), Prosser, Benton County",300033,WSU Prosser (WSU HQ),2017-11-23 19:17:27.041423
1993-06-01,09:15,65.8,,48.3,53.2,0.0,SW@4.8,99999.0,64.0,0.0,572,,"WSU Prosser (WSU HQ), Prosser, Benton County",300033,WSU Prosser (WSU HQ),2017-11-23 19:17:27.041423
1993-06-01,09:30,65.7,,48.8,54.4,0.0,SW@6.6,99999.0,64.0,0.0,549,,"WSU Prosser (WSU HQ), Prosser, Benton County",300033,WSU Prosser (WSU HQ),2017-11-23 19:17:27.041423
1993-06-01,09:45,66.6,,46.7,48.6,0.0,SW@7.9,99999.0,64.0,0.0,856,,"WSU Prosser (WSU HQ), Prosser, Benton County",300033,WSU Prosser (WSU HQ),2017-11-23 19:17:27.041423
1993-06-01,10:00,66.9,,45.6,46.1,0.0,SW@8.5,99999.0,64.0,0.0,817,,"WSU Prosser (WSU HQ), Prosser, Benton County",300033,WSU Prosser (WSU HQ),2017-11-23 19:17:27.041423
1993-06-01,10:15,66.5,,45.8,47.2,0.0,SW@6.7,99999.0,64.1,0.0,567,,"WSU Prosser (WSU HQ), Prosser, Benton County",300033,WSU Prosser (WSU HQ),2017-11-23 19:17:27.041423
1993-06-01,10:30,67.1,,44.2,43.5,0.0,SW@10.9,99999.0,64.2,0.0,542,,"WSU Prosser (WSU HQ), Prosser, Benton County",300033,WSU Prosser (WSU HQ),2017-11-23 19:17:27.041423
1993-06-01,10:45,66.9,,45.1,45.5,0.0,SW@8.8,99999.0,64.2,0.0,438,,"WSU Prosser (WSU HQ), Prosser, Benton County",300033,WSU Prosser (WSU HQ),2017-11-23 19:17:27.041423
1993-06-01,11:00,65.5,,44.0,45.6,0.0,SW@10.2,99999.0,64.3,0.0,432,,"WSU Prosser (WSU HQ), Prosser, Benton County",300033,WSU Prosser (WSU HQ),2017-11-23 19:17:27.041423
1993-06-01,11:15,65.2,,45.8,49.4,0.0,SW@8.3,99999.0,64.5,0.0,417,,"WSU Prosser (WSU HQ), Prosser, Benton County",300033,WSU Prosser (WSU HQ),2017-11-23 19:17:27.041423
1993-06-01,11:30,64.4,,45.5,50.2,0.0,SW@6.2,99999.0,64.7,0.0,349,,"WSU Prosser (WSU HQ), Prosser, Benton County",300033,WSU Prosser (WSU HQ),2017-11-23 19:17:27.041423
1993-06-01,11:45,64.7,,45.8,50.2,0.0,SW@5.5,99999.0,64.8,0.0,323,,"WSU Prosser (WSU HQ), Prosser, Benton County",300033,WSU Prosser (WSU HQ),2017-11-23 19:17:27.041423
1993-06-01,12:00,65.7,,46.9,50.7,0.0,W@5.3,99999.0,64.9,0.0,735,,"WSU Prosser (WSU HQ), Prosser, Benton County",300033,WSU Prosser (WSU HQ),2017-11-23 19:17:27.041423
1993-06-01,12:15,66.9,,47.0,48.7,0.0,W@4.2,99999.0,65.1,0.0,731,,"WSU Prosser (WSU HQ), Prosser, Benton County",300033,WSU Prosser (WSU HQ),2017-11-23 19:17:27.041423
1993-06-01,12:30,68.1,,46.1,45.2,0.0,W@4.6,99999.0,65.2,0.0,1034,,"WSU Prosser (WSU HQ), Prosser, Benton County",300033,WSU Prosser (WSU HQ),2017-11-23 19:17:27.041423
1993-06-01,12:45,68.8,,44.4,41.3,0.0,SW@4.7,99999.0,65.2,0.0,1024,,"WSU Prosser (WSU HQ), Prosser, Benton County",300033,WSU Prosser (WSU HQ),2017-11-23 19:17:27.041423
1993-06-01,13:00,69.6,,43.6,39.0,0.0,W@3.7,99999.0,65.2,0.0,783,,"WSU Prosser (WSU HQ), Prosser, Benton County",300033,WSU Prosser (WSU HQ),2017-11-23 19:17:27.041423
1993-06-01,13:15,70.5,,42.0,35.6,0.0,SW@3.8,99999.0,65.4,0.0,1000,,"WSU Prosser (WSU HQ), Prosser, Benton County",300033,WSU Prosser (WSU HQ),2017-11-23 19:17:27.041423
1993-06-01,13:30,71.1,,41.5,34.1,0.0,S@5.7,99999.0,65.4,0.0,941,,"WSU Prosser (WSU HQ), Prosser, Benton County",300033,WSU Prosser (WSU HQ),2017-11-23 19:17:27.041423
1993-06-01,13:45,70.8,,42.1,35.4,0.0,SW@5.3,99999.0,65.6,0.0,687,,"WSU Prosser (WSU HQ), Prosser, Benton County",300033,WSU Prosser (WSU HQ),2017-11-23 19:17:27.041423
1993-06-01,14:00,71.6,,43.5,36.3,0.0,SW@5.4,99999.0,65.7,0.0,996,,"WSU Prosser (WSU HQ), Prosser, Benton County",300033,WSU Prosser (WSU HQ),2017-11-23 19:17:27.041423
1993-06-01,14:15,72.1,,43.3,35.5,0.0,SW@4.6,99999.0,65.8,0.0,941,,"WSU Prosser (WSU HQ), Prosser, Benton County",300033,WSU Prosser (WSU HQ),2017-11-23 19:17:27.041423
1993-06-01,14:30,71.9,,43.2,35.5,0.0,SW@4.4,99999.0,65.9,0.0,506,,"WSU Prosser (WSU HQ), Prosser, Benton County",300033,WSU Prosser (WSU HQ),2017-11-23 19:17:27.041423
1993-06-01,14:45,70.5,,43.6,37.8,0.0,SW@4.7,99999.0,66.1,0.0,497,,"WSU Prosser (WSU HQ), Prosser, Benton County",300033,WSU Prosser (WSU HQ),2017-11-23 19:17:27.041423
1993-06-01,15:00,70.9,,43.7,37.5,0.0,SW@4.4,99999.0,66.3,0.0,274,,"WSU Prosser (WSU HQ), Prosser, Benton County",300033,WSU Prosser (WSU HQ),2017-11-23 19:17:27.041423
1993-06-01,15:15,70.0,,43.9,39.0,0.0,S@3.8,99999.0,66.4,0.0,151,,"WSU Prosser (WSU HQ), Prosser, Benton County",300033,WSU Prosser (WSU HQ),2017-11-23 19:17:27.041423
1993-06-01,15:30,69.8,,43.8,39.0,0.0,S@4.3,99999.0,66.6,0.0,148,,"WSU Prosser (WSU HQ), Prosser, Benton County",300033,WSU Prosser (WSU HQ),2017-11-23 19:17:27.041423
1993-06-01,15:45,69.4,,44.2,40.1,0.0,S@8.0,99999.0,66.7,0.0,182,,"WSU Prosser (WSU HQ), Prosser, Benton County",300033,WSU Prosser (WSU HQ),2017-11-23 19:17:27.041423
1993-06-01,16:00,69.0,,44.0,40.4,0.0,S@9.9,99999.0,66.9,0.0,176,,"WSU Prosser (WSU HQ), Prosser, Benton County",300033,WSU Prosser (WSU HQ),2017-11-23 19:17:27.041423
1993-06-01,16:15,67.5,,46.2,46.3,0.0,S@12.4,99999.0,67.1,0.0,115,,"WSU Prosser (WSU HQ), Prosser, Benton County",300033,WSU Prosser (WSU HQ),2017-11-23 19:17:27.041423
1993-06-01,16:30,66.1,,45.7,47.8,0.0,S@12.1,99999.0,67.2,0.0,84,,"WSU Prosser (WSU HQ), Prosser, Benton County",300033,WSU Prosser (WSU HQ),2017-11-23 19:17:27.041423
1993-06-01,16:45,65.0,,45.1,48.5,0.0,S@8.8,99999.0,67.4,0.0,73,,"WSU Prosser (WSU HQ), Prosser, Benton County",300033,WSU Prosser (WSU HQ),2017-11-23 19:17:27.041423
1993-06-01,17:00,63.6,,48.0,56.6,0.0,S@10.2,99999.0,67.5,0.0,55,,"WSU Prosser (WSU HQ), Prosser, Benton County",300033,WSU Prosser (WSU HQ),2017-11-23 19:17:27.041423
1993-06-01,17:15,61.1,,50.3,67.5,0.0,S@11.1,99999.0,67.6,0.0,36,,"WSU Prosser (WSU HQ), Prosser, Benton County",300033,WSU Prosser (WSU HQ),2017-11-23 19:17:27.041423
1993-06-01,17:30,59.0,,52.1,77.7,0.0,S@10.0,99999.0,67.7,0.0,27,,"WSU Prosser (WSU HQ), Prosser, Benton County",300033,WSU Prosser (WSU HQ),2017-11-23 19:17:27.041423
1993-06-01,17:45,58.6,,51.6,77.4,0.0,S@7.4,99999.0,67.8,0.0,34,,"WSU Prosser (WSU HQ), Prosser, Benton County",300033,WSU Prosser (WSU HQ),2017-11-23 19:17:27.041423
1993-06-01,18:00,58.5,,51.4,77.4,0.0,S@5.9,99999.0,67.8,0.0,47,,"WSU Prosser (WSU HQ), Prosser, Benton County",300033,WSU Prosser (WSU HQ),2017-11-23 19:17:27.041423
1993-06-01,18:15,58.5,,50.9,75.8,0.0,SE@4.8,99999.0,67.8,0.0,121,,"WSU Prosser (WSU HQ), Prosser, Benton County",300033,WSU Prosser (WSU HQ),2017-11-23 19:17:27.041423
1993-06-01,18:30,59.0,,50.7,73.7,0.0,SE@5.5,99999.0,67.8,0.0,127,,"WSU Prosser (WSU HQ), Prosser, Benton County",300033,WSU Prosser (WSU HQ),2017-11-23 19:17:27.041423
1993-06-01,18:45,59.0,,50.1,72.4,0.0,E@4.0,99999.0,67.8,0.0,83,,"WSU Prosser (WSU HQ), Prosser, Benton County",300033,WSU Prosser (WSU HQ),2017-11-23 19:17:27.041423
1993-06-01,19:00,58.9,,49.6,71.1,0.0,NE@3.4,99999.0,67.8,0.0,48,,"WSU Prosser (WSU HQ), Prosser, Benton County",300033,WSU Prosser (WSU HQ),2017-11-23 19:17:27.041423
1993-06-01,19:15,58.9,,48.7,68.7,0.0,E@3.5,99999.0,67.8,0.0,33,,"WSU Prosser (WSU HQ), Prosser, Benton County",300033,WSU Prosser (WSU HQ),2017-11-23 19:17:27.041423
1993-06-01,19:30,58.6,,48.8,69.7,0.0,E@3.1,99999.0,67.7,0.0,10,,"WSU Prosser (WSU HQ), Prosser, Benton County",300033,WSU Prosser (WSU HQ),2017-11-23 19:17:27.041423
1993-06-01,19:45,58.0,,50.0,74.6,0.0,E@3.4,99999.0,67.7,0.0,3,,"WSU Prosser (WSU HQ), Prosser, Benton County",300033,WSU Prosser (WSU HQ),2017-11-23 19:17:27.041423
1993-06-01,20:00,57.8,,51.1,78.4,0.0,E@3.8,99999.0,67.7,0.0,0,,"WSU Prosser (WSU HQ), Prosser, Benton County",300033,WSU Prosser (WSU HQ),2017-11-23 19:17:27.041423
1993-06-01,20:15,57.6,,51.3,79.5,0.0,E@2.4,99999.0,67.6,0.0,0,,"WSU Prosser (WSU HQ), Prosser, Benton County",300033,WSU Prosser (WSU HQ),2017-11-23 19:17:27.041423
1993-06-01,20:30,57.5,,51.0,78.9,0.0,N@2.0,99999.0,67.6,0.0,0,,"WSU Prosser (WSU HQ), Prosser, Benton County",300033,WSU Prosser (WSU HQ),2017-11-23 19:17:27.041423
1993-06-01,20:45,57.4,,50.3,77.2,0.0,SE@5.2,99999.0,67.5,0.0,0,,"WSU Prosser (WSU HQ), Prosser, Benton County",300033,WSU Prosser (WSU HQ),2017-11-23 19:17:27.041423
1993-06-01,21:00,57.6,,49.3,73.6,0.0,S@8.5,99999.0,67.4,0.0,0,,"WSU Prosser (WSU HQ), Prosser, Benton County",300033,WSU Prosser (WSU HQ),2017-11-23 19:17:27.041423
1993-06-01,21:15,57.4,,48.6,72.2,0.0,S@5.1,99999.0,67.4,0.0,0,,"WSU Prosser (WSU HQ), Prosser, Benton County",300033,WSU Prosser (WSU HQ),2017-11-23 19:17:27.041423
1993-06-01,21:30,57.2,,47.9,70.9,0.0,SE@4.9,99999.0,67.3,0.0,0,,"WSU Prosser (WSU HQ), Prosser, Benton County",300033,WSU Prosser (WSU HQ),2017-11-23 19:17:27.041423
1993-06-01,21:45,56.9,,47.5,70.5,0.0,SE@3.5,99999.0,67.2,0.0,0,,"WSU Prosser (WSU HQ), Prosser, Benton County",300033,WSU Prosser (WSU HQ),2017-11-23 19:17:27.041423
1993-06-01,22:00,56.8,,46.4,68.2,0.0,SE@2.7,99999.0,67.1,0.0,0,,"WSU Prosser (WSU HQ), Prosser, Benton County",300033,WSU Prosser (WSU HQ),2017-11-23 19:17:27.041423
1993-06-01,22:15,55.5,,47.3,73.7,0.0,NE@1.6,99999.0,67.0,0.0,0,,"WSU Prosser (WSU HQ), Prosser, Benton County",300033,WSU Prosser (WSU HQ),2017-11-23 19:17:27.041423
1993-06-01,22:30,55.4,,46.5,71.9,0.0,SE@1.7,99999.0,66.9,0.0,0,,"WSU Prosser (WSU HQ), Prosser, Benton County",300033,WSU Prosser (WSU HQ),2017-11-23 19:17:27.041423
1993-06-01,22:45,54.4,,46.6,74.7,0.0,S@3.6,99999.0,66.8,0.0,0,,"WSU Prosser (WSU HQ), Prosser, Benton County",300033,WSU Prosser (WSU HQ),2017-11-23 19:17:27.041423
1993-06-01,23:00,53.4,,46.7,77.7,0.0,E@2.2,99999.0,66.8,0.0,0,,"WSU Prosser (WSU HQ), Prosser, Benton County",300033,WSU Prosser (WSU HQ),2017-11-23 19:17:27.041423
1993-06-02,23:15,51.4,,46.8,84.4,,NE@2.7,99999.0,66.7,0.0,0,,"WSU Prosser (WSU HQ), Prosser, Benton County",300033,WSU Prosser (WSU HQ),2017-11-23 19:17:27.041423
1993-06-02,23:30,50.8,,46.4,84.7,,N@3.4,99999.0,66.6,0.0,0,,"WSU Prosser (WSU HQ), Prosser, Benton County",300033,WSU Prosser (WSU HQ),2017-11-23 19:17:27.041423
1993-06-02,23:45,50.4,,46.1,85.3,,N@3.6,99999.0,66.5,0.0,0,,"WSU Prosser (WSU HQ), Prosser, Benton County",300033,WSU Prosser (WSU HQ),2017-11-23 19:17:27.041423
1993-06-02,24:00,55.8,,51.0,83.8,0.0,NW@2.8,99999.0,66.3,0.0,0,,"WSU Prosser (WSU HQ), Prosser, Benton County",300033,WSU Prosser (WSU HQ),2017-11-23 19:17:27.041423
1993-06-02,00:15,50.0,,45.8,85.3,,N@3.4,99999.0,66.3,0.0,0,,"WSU Prosser (WSU HQ), Prosser, Benton County",300033,WSU Prosser (WSU HQ),2017-11-23 19:17:27.041423
1993-06-02,00:30,49.8,,45.6,85.5,,N@2.8,99999.0,66.1,0.0,0,,"WSU Prosser (WSU HQ), Prosser, Benton County",300033,WSU Prosser (WSU HQ),2017-11-23 19:17:27.041423
1993-06-02,00:45,49.7,,45.5,85.4,,N@3.1,99999.0,66.1,0.0,0,,"WSU Prosser (WSU HQ), Prosser, Benton County",300033,WSU Prosser (WSU HQ),2017-11-23 19:17:27.041423
1993-06-02,01:00,49.4,,45.3,85.8,,NE@3.3,99999.0,65.9,0.0,0,,"WSU Prosser (WSU HQ), Prosser, Benton County",300033,WSU Prosser (WSU HQ),2017-11-23 19:17:27.041423
1993-06-02,01:15,48.5,,45.3,88.5,,NE@2.5,99999.0,65.8,0.0,0,,"WSU Prosser (WSU HQ), Prosser, Benton County",300033,WSU Prosser (WSU HQ),2017-11-23 19:17:27.041423
1993-06-02,01:30,48.8,,45.1,86.8,,N@3.1,99999.0,65.7,0.0,0,,"WSU Prosser (WSU HQ), Prosser, Benton County",300033,WSU Prosser (WSU HQ),2017-11-23 19:17:27.041423
1993-06-02,01:45,48.1,,44.9,88.7,,N@2.7,99999.0,65.6,0.0,0,,"WSU Prosser (WSU HQ), Prosser, Benton County",300033,WSU Prosser (WSU HQ),2017-11-23 19:17:27.041423
1993-06-02,02:00,48.3,,44.9,88.0,,NE@2.6,99999.0,65.5,0.0,0,,"WSU Prosser (WSU HQ), Prosser, Benton County",300033,WSU Prosser (WSU HQ),2017-11-23 19:17:27.041423
1993-06-02,02:15,47.7,,44.8,89.6,,N@2.7,99999.0,65.3,0.0,0,,"WSU Prosser (WSU HQ), Prosser, Benton County",300033,WSU Prosser (WSU HQ),2017-11-23 19:17:27.041423
1993-06-02,02:30,48.0,,45.0,89.1,,N@2.8,99999.0,65.2,0.0,0,,"WSU Prosser (WSU HQ), Prosser, Benton County",300033,WSU Prosser (WSU HQ),2017-11-23 19:17:27.041423
1993-06-02,02:45,47.8,,44.9,89.5,,N@3.6,99999.0,65.1,0.0,0,,"WSU Prosser (WSU HQ), Prosser, Benton County",300033,WSU Prosser (WSU HQ),2017-11-23 19:17:27.041423
1993-06-02,03:00,47.7,,45.0,90.3,,N@2.3,99999.0,65.0,0.0,0,,"WSU Prosser (WSU HQ), Prosser, Benton County",300033,WSU Prosser (WSU HQ),2017-11-23 19:17:27.041423
1993-06-02,03:15,47.8,,44.9,89.7,,N@3.2,99999.0,64.9,0.0,0,,"WSU Prosser (WSU HQ), Prosser, Benton County",300033,WSU Prosser (WSU HQ),2017-11-23 19:17:27.041423
1993-06-02,03:30,47.5,,44.8,90.1,,N@3.1,99999.0,64.7,0.0,0,,"WSU Prosser (WSU HQ), Prosser, Benton County",300033,WSU Prosser (WSU HQ),2017-11-23 19:17:27.041423
1993-06-02,03:45,47.6,,44.7,89.5,,N@2.4,99999.0,64.6,0.0,0,,"WSU Prosser (WSU HQ), Prosser, Benton County",300033,WSU Prosser (WSU HQ),2017-11-23 19:17:27.041423
1993-06-02,04:00,47.2,,44.3,89.7,,N@2.2,99999.0,64.4,0.0,0,,"WSU Prosser (WSU HQ), Prosser, Benton County",300033,WSU Prosser (WSU HQ),2017-11-23 19:17:27.041423
1993-06-02,04:15,46.7,,44.4,91.6,,N@2.0,99999.0,64.3,0.0,2,,"WSU Prosser (WSU HQ), Prosser, Benton County",300033,WSU Prosser (WSU HQ),2017-11-23 19:17:27.041423
1993-06-02,04:30,47.0,,44.5,90.9,,NW@2.2,99999.0,64.2,0.0,8,,"WSU Prosser (WSU HQ), Prosser, Benton County",300033,WSU Prosser (WSU HQ),2017-11-23 19:17:27.041423
1993-06-02,04:45,46.8,,44.7,92.2,,N@2.1,99999.0,64.1,0.0,22,,"WSU Prosser (WSU HQ), Prosser, Benton County",300033,WSU Prosser (WSU HQ),2017-11-23 19:17:27.041423
1993-06-02,05:00,47.9,,45.3,90.7,,N@2.5,99999.0,64.0,0.0,37,,"WSU Prosser (WSU HQ), Prosser, Benton County",300033,WSU Prosser (WSU HQ),2017-11-23 19:17:27.041423
1993-06-02,05:15,48.9,,45.9,89.5,,N@2.5,99999.0,63.9,0.0,68,,"WSU Prosser (WSU HQ), Prosser, Benton County",300033,WSU Prosser (WSU HQ),2017-11-23 19:17:27.041423
1993-06-02,05:30,50.3,,46.7,87.4,,N@1.6,99999.0,63.8,0.0,111,,"WSU Prosser (WSU HQ), Prosser, Benton County",300033,WSU Prosser (WSU HQ),2017-11-23 19:17:27.041423
1993-06-02,05:45,52.4,,47.5,83.4,,NE@1.0,99999.0,63.6,0.0,155,,"WSU Prosser (WSU HQ), Prosser, Benton County",300033,WSU Prosser (WSU HQ),2017-11-23 19:17:27.041423
1993-06-02,06:00,53.5,,46.7,77.6,,NE@1.1,99999.0,63.5,0.0,216,,"WSU Prosser (WSU HQ), Prosser, Benton County",300033,WSU Prosser (WSU HQ),2017-11-23 19:17:27.041423
1993-06-02,06:15,54.5,,46.8,75.3,,S@2.1,99999.0,63.4,0.0,340,,"WSU Prosser (WSU HQ), Prosser, Benton County",300033,WSU Prosser (WSU HQ),2017-11-23 19:17:27.041423
1993-06-02,06:30,54.4,,47.0,75.7,0.0,S@2.7,99999.0,63.3,0.0,362,,"WSU Prosser (WSU HQ), Prosser, Benton County",300033,WSU Prosser (WSU HQ),2017-11-23 19:17:27.041423
1993-06-02,06:45,54.6,,47.7,77.4,0.0,SW@2.0,99999.0,63.2,0.0,171,,"WSU Prosser (WSU HQ), Prosser, Benton County",300033,WSU Prosser (WSU HQ),2017-11-23 19:17:27.041423
1993-06-02,07:00,54.9,,48.4,78.7,0.0,SW@3.3,99999.0,63.1,0.0,252,,"WSU Prosser (WSU HQ), Prosser, Benton County",300033,WSU Prosser (WSU HQ),2017-11-23 19:17:27.041423
1993-06-02,07:15,55.2,,49.1,79.8,0.0,SW@3.9,99999.0,63.0,0.0,415,,"WSU Prosser (WSU HQ), Prosser, Benton County",300033,WSU Prosser (WSU HQ),2017-11-23 19:17:27.041423
1993-06-02,07:30,56.0,,49.1,77.3,0.0,SW@4.5,99999.0,62.9,0.0,370,,"WSU Prosser (WSU HQ), Prosser, Benton County",300033,WSU Prosser (WSU HQ),2017-11-23 19:17:27.041423
1993-06-02,07:45,56.7,,48.7,74.3,0.0,SW@4.2,99999.0,62.9,0.0,443,,"WSU Prosser (WSU HQ), Prosser, Benton County",300033,WSU Prosser (WSU HQ),2017-11-23 19:17:27.041423
1993-06-02,08:00,58.4,,48.0,68.2,0.0,SW@3.3,99999.0,62.9,0.0,575,,"WSU Prosser (WSU HQ), Prosser, Benton County",300033,WSU Prosser (WSU HQ),2017-11-23 19:17:27.041423
1993-06-02,08:15,59.7,,47.0,62.8,0.0,SW@3.7,99999.0,62.8,0.0,703,,"WSU Prosser (WSU HQ), Prosser, Benton County",300033,WSU Prosser (WSU HQ),2017-11-23 19:17:27.041423
1993-06-02,08:30,60.5,,47.2,61.2,0.0,S@2.9,99999.0,62.8,0.0,686,,"WSU Prosser (WSU HQ), Prosser, Benton County",300033,WSU Prosser (WSU HQ),2017-11-23 19:17:27.041423
1993-06-02,08:45,61.3,,47.4,60.2,0.0,SW@3.3,99999.0,62.8,0.0,696,,"WSU Prosser (WSU HQ), Prosser, Benton County",300033,WSU Prosser (WSU HQ),2017-11-23 19:17:27.041423
1993-06-02,09:00,61.3,,46.4,58.0,0.0,SW@3.8,99999.0,62.8,0.0,732,,"WSU Prosser (WSU HQ), Prosser, Benton County",300033,WSU Prosser (WSU HQ),2017-11-23 19:17:27.041423
1993-06-02,09:15,61.9,,46.0,55.8,0.0,SW@3.3,99999.0,62.8,0.0,770,,"WSU Prosser (WSU HQ), Prosser, Benton County",300033,WSU Prosser (WSU HQ),2017-11-23 19:17:27.041423
1993-06-02,09:30,63.2,,47.7,56.9,0.0,SW@3.2,99999.0,62.9,0.0,789,,"WSU Prosser (WSU HQ), Prosser, Benton County",300033,WSU Prosser (WSU HQ),2017-11-23 19:17:27.041423
1993-06-02,09:45,63.8,,47.9,56.0,0.0,SW@3.6,99999.0,63.0,0.0,788,,"WSU Prosser (WSU HQ), Prosser, Benton County",300033,WSU Prosser (WSU HQ),2017-11-23 19:17:27.041423
1993-06-02,10:00,64.4,,47.2,53.7,0.0,SW@3.6,99999.0,63.1,0.0,871,,"WSU Prosser (WSU HQ), Prosser, Benton County",300033,WSU Prosser (WSU HQ),2017-11-23 19:17:27.041423
1993-06-02,10:15,64.7,,47.9,54.4,0.0,SW@2.4,99999.0,63.2,0.0,814,,"WSU Prosser (WSU HQ), Prosser, Benton County",300033,WSU Prosser (WSU HQ),2017-11-23 19:17:27.041423
1993-06-02,10:30,65.8,,48.7,54.0,0.0,SE@4.6,99999.0,63.2,0.0,961,,"WSU Prosser (WSU HQ), Prosser, Benton County",300033,WSU Prosser (WSU HQ),2017-11-23 19:17:27.041423
1993-06-02,10:45,65.9,,48.2,52.8,0.0,SE@4.4,99999.0,63.3,0.0,1013,,"WSU Prosser (WSU HQ), Prosser, Benton County",300033,WSU Prosser (WSU HQ),2017-11-23 19:17:27.041423
1993-06-02,11:00,66.5,,48.5,52.3,0.0,SE@2.2,99999.0,63.4,0.0,602,,"WSU Prosser (WSU HQ), Prosser, Benton County",300033,WSU Prosser (WSU HQ),2017-11-23 19:17:27.041423
1993-06-02,11:15,67.8,,48.3,49.6,0.0,SE@3.1,99999.0,63.5,0.0,1086,,"WSU Prosser (WSU HQ), Prosser, Benton County",300033,WSU Prosser (WSU HQ),2017-11-23 19:17:27.041423
1993-06-02,11:30,67.7,,48.0,49.2,0.0,SE@3.5,99999.0,63.7,0.0,1083,,"WSU Prosser (WSU HQ), Prosser, Benton County",300033,WSU Prosser (WSU HQ),2017-11-23 19:17:27.041423
1993-06-02,11:45,68.3,,47.1,46.7,0.0,S@3.4,99999.0,63.9,0.0,611,,"WSU Prosser (WSU HQ), Prosser, Benton County",300033,WSU Prosser (WSU HQ),2017-11-23 19:17:27.041423
1993-06-02,12:00,66.6,,47.4,49.9,0.0,S@3.2,99999.0,64.1,0.0,297,,"WSU Prosser (WSU HQ), Prosser, Benton County",300033,WSU Prosser (WSU HQ),2017-11-23 19:17:27.041423
1993-06-02,12:15,66.6,,47.0,49.1,0.0,S@2.5,99999.0,64.3,0.0,382,,"WSU Prosser (WSU HQ), Prosser, Benton County",300033,WSU Prosser (WSU HQ),2017-11-23 19:17:27.041423
1993-06-02,12:30,68.0,,47.9,48.5,0.0,SW@3.5,99999.0,64.5,0.0,933,,"WSU Prosser (WSU HQ), Prosser, Benton County",300033,WSU Prosser (WSU HQ),2017-11-23 19:17:27.041423
1993-06-02,12:45,68.9,,47.6,46.5,0.0,SW@4.2,99999.0,64.7,0.0,932,,"WSU Prosser (WSU HQ), Prosser, Benton County",300033,WSU Prosser (WSU HQ),2017-11-23 19:17:27.041423
1993-06-02,13:00,69.3,,46.7,44.4,0.0,SW@3.1,99999.0,64.9,0.0,771,,"WSU Prosser (WSU HQ), Prosser, Benton County",300033,WSU Prosser (WSU HQ),2017-11-23 19:17:27.041423
1993-06-02,13:15,68.7,,46.6,45.1,0.0,S@3.9,99999.0,65.1,0.0,395,,"WSU Prosser (WSU HQ), Prosser, Benton County",300033,WSU Prosser (WSU HQ),2017-11-23 19:17:27.041423
1993-06-02,13:30,68.2,,48.3,48.9,0.0,W@4.6,99999.0,65.3,0.0,399,,"WSU Prosser (WSU HQ), Prosser, Benton County",300033,WSU Prosser (WSU HQ),2017-11-23 19:17:27.041423
1993-06-02,13:45,68.0,,47.9,48.4,0.0,NW@4.1,99999.0,65.5,0.0,322,,"WSU Prosser (WSU HQ), Prosser, Benton County",300033,WSU Prosser (WSU HQ),2017-11-23 19:17:27.041423
1993-06-02,14:00,68.0,,47.9,48.5,0.0,NW@4.4,99999.0,65.7,0.0,220,,"WSU Prosser (WSU HQ), Prosser, Benton County",300033,WSU Prosser (WSU HQ),2017-11-23 19:17:27.041423
1993-06-02,14:15,67.6,,47.3,48.0,0.0,NW@4.6,99999.0,65.9,0.0,256,,"WSU Prosser (WSU HQ), Prosser, Benton County",300033,WSU Prosser (WSU HQ),2017-11-23 19:17:27.041423
1993-06-02,14:30,68.1,,47.4,47.4,0.0,NW@5.0,99999.0,66.1,0.0,402,,"WSU Prosser (WSU HQ), Prosser, Benton County",300033,WSU Prosser (WSU HQ),2017-11-23 19:17:27.041423
1993-06-02,14:45,68.1,,47.7,48.1,0.0,W@3.8,99999.0,66.3,0.0,247,,"WSU Prosser (WSU HQ), Prosser, Benton County",300033,WSU Prosser (WSU HQ),2017-11-23 19:17:27.041423
1993-06-02,15:00,67.7,,46.6,46.7,0.0,NW@4.5,99999.0,66.5,0.0,197,,"WSU Prosser (WSU HQ), Prosser, Benton County",300033,WSU Prosser (WSU HQ),2017-11-23 19:17:27.041423
1993-06-02,15:15,67.8,,46.9,47.0,0.0,W@4.7,99999.0,66.6,0.0,167,,"WSU Prosser (WSU HQ), Prosser, Benton County",300033,WSU Prosser (WSU HQ),2017-11-23 19:17:27.041423
1993-06-02,15:30,65.2,,48.2,54.0,0.0,W@10.4,99999.0,66.8,0.0,106,,"WSU Prosser (WSU HQ), Prosser, Benton County",300033,WSU Prosser (WSU HQ),2017-11-23 19:17:27.041423
1993-06-02,15:45,64.0,,47.3,54.5,0.0,W@10.6,99999.0,66.9,0.0,176,,"WSU Prosser (WSU HQ), Prosser, Benton County",300033,WSU Prosser (WSU HQ),2017-11-23 19:17:27.041423
1993-06-02,16:00,64.6,,47.6,54.0,0.0,NW@9.6,99999.0,67.0,0.0,295,,"WSU Prosser (WSU HQ), Prosser, Benton County",300033,WSU Prosser (WSU HQ),2017-11-23 19:17:27.041423
1993-06-02,16:15,65.1,,48.4,54.6,0.0,W@8.5,99999.0,67.2,0.0,225,,"WSU Prosser (WSU HQ), Prosser, Benton County",300033,WSU Prosser (WSU HQ),2017-11-23 19:17:27.041423
1993-06-02,16:30,64.7,,48.4,55.4,0.0,NW@8.1,99999.0,67.2,0.0,165,,"WSU Prosser (WSU HQ), Prosser, Benton County",300033,WSU Prosser (WSU HQ),2017-11-23 19:17:27.041423
1993-06-02,16:45,64.9,,48.2,54.6,0.0,NW@8.0,99999.0,67.3,0.0,205,,"WSU Prosser (WSU HQ), Prosser, Benton County",300033,WSU Prosser (WSU HQ),2017-11-23 19:17:27.041423
1993-06-02,17:00,65.4,,48.0,53.3,0.0,NW@7.7,99999.0,67.4,0.0,314,,"WSU Prosser (WSU HQ), Prosser, Benton County",300033,WSU Prosser (WSU HQ),2017-11-23 19:17:27.041423
1993-06-02,17:15,65.0,,47.2,52.6,0.0,W@8.0,99999.0,67.4,0.0,175,,"WSU Prosser (WSU HQ), Prosser, Benton County",300033,WSU Prosser (WSU HQ),2017-11-23 19:17:27.041423
1993-06-02,17:30,64.7,,46.9,52.4,0.0,W@6.5,99999.0,67.5,0.0,149,,"WSU Prosser (WSU HQ), Prosser, Benton County",300033,WSU Prosser (WSU HQ),2017-11-23 19:17:27.041423
1993-06-02,17:45,64.7,,47.1,52.8,0.0,W@6.5,99999.0,67.5,0.0,118,,"WSU Prosser (WSU HQ), Prosser, Benton County",300033,WSU Prosser (WSU HQ),2017-11-23 19:17:27.041423
1993-06-02,18:00,64.4,,47.2,53.6,0.0,W@4.3,99999.0,67.5,0.0,82,,"WSU Prosser (WSU HQ), Prosser, Benton County",300033,WSU Prosser (WSU HQ),2017-11-23 19:17:27.041423
1993-06-02,18:15,63.9,,47.4,55.0,0.0,W@4.0,99999.0,67.5,0.0,58,,"WSU Prosser (WSU HQ), Prosser, Benton County",300033,WSU Prosser (WSU HQ),2017-11-23 19:17:27.041423
1993-06-02,18:30,63.3,,47.9,57.1,0.0,W@3.7,99999.0,67.5,0.0,50,,"WSU Prosser (WSU HQ), Prosser, Benton County",300033,WSU Prosser (WSU HQ),2017-11-23 19:17:27.041423
1993-06-02,18:45,62.9,,48.6,59.5,0.0,W@3.6,99999.0,67.5,0.0,37,,"WSU Prosser (WSU HQ), Prosser, Benton County",300033,WSU Prosser (WSU HQ),2017-11-23 19:17:27.041423
1993-06-02,19:00,62.0,,49.8,64.2,0.0,W@3.4,99999.0,67.5,0.0,29,,"WSU Prosser (WSU HQ), Prosser, Benton County",300033,WSU Prosser (WSU HQ),2017-11-23 19:17:27.041423
1993-06-02,19:15,61.6,,49.9,65.2,0.0,W@4.0,99999.0,67.5,0.0,18,,"WSU Prosser (WSU HQ), Prosser, Benton County",300033,WSU Prosser (WSU HQ),2017-11-23 19:17:27.041423
1993-06-02,19:30,61.3,,49.9,66.1,0.0,W@4.1,99999.0,67.4,0.0,9,,"WSU Prosser (WSU HQ), Prosser, Benton County",300033,WSU Prosser (WSU HQ),2017-11-23 19:17:27.041423
1993-06-02,19:45,60.7,,49.9,67.6,0.0,NW@3.7,99999.0,67.4,0.0,3,,"WSU Prosser (WSU HQ), Prosser, Benton County",300033,WSU Prosser (WSU HQ),2017-11-23 19:17:27.041423
1993-06-02,20:00,60.3,,50.6,70.2,0.0,NW@3.6,99999.0,67.4,0.0,1,,"WSU Prosser (WSU HQ), Prosser, Benton County",300033,WSU Prosser (WSU HQ),2017-11-23 19:17:27.041423
1993-06-02,20:15,60.0,,50.1,69.6,0.0,NW@3.7,99999.0,67.3,0.0,0,,"WSU Prosser (WSU HQ), Prosser, Benton County",300033,WSU Prosser (WSU HQ),2017-11-23 19:17:27.041423
1993-06-02,20:30,59.7,,50.4,71.4,0.0,NW@2.6,99999.0,67.3,0.0,0,,"WSU Prosser (WSU HQ), Prosser, Benton County",300033,WSU Prosser (WSU HQ),2017-11-23 19:17:27.041423
1993-06-02,20:45,58.9,,50.7,74.0,0.0,SW@1.8,99999.0,67.2,0.0,0,,"WSU Prosser (WSU HQ), Prosser, Benton County",300033,WSU Prosser (WSU HQ),2017-11-23 19:17:27.041423
1993-06-02,21:00,58.3,,50.9,76.3,0.0,SW@2.4,99999.0,67.2,0.0,0,,"WSU Prosser (WSU HQ), Prosser, Benton County",300033,WSU Prosser (WSU HQ),2017-11-23 19:17:27.041423
1993-06-02,21:15,57.7,,50.9,78.0,0.0,W@2.9,99999.0,67.1,0.0,0,,"WSU Prosser (WSU HQ), Prosser, Benton County",300033,WSU Prosser (WSU HQ),2017-11-23 19:17:27.041423
1993-06-02,21:30,58.3,,50.8,76.1,0.0,SW@2.7,99999.0,67.0,0.0,0,,"WSU Prosser (WSU HQ), Prosser, Benton County",300033,WSU Prosser (WSU HQ),2017-11-23 19:17:27.041423
1993-06-02,21:45,57.3,,50.9,79.2,0.0,W@2.3,99999.0,67.0,0.0,0,,"WSU Prosser (WSU HQ), Prosser, Benton County",300033,WSU Prosser (WSU HQ),2017-11-23 19:17:27.041423
1993-06-02,22:00,56.8,,51.1,81.2,0.0,SW@0.6,99999.0,66.9,0.0,0,,"WSU Prosser (WSU HQ), Prosser, Benton County",300033,WSU Prosser (WSU HQ),2017-11-23 19:17:27.041423
1993-06-02,22:15,56.9,,51.2,81.3,0.0,NW@2.5,99999.0,66.8,0.0,0,,"WSU Prosser (WSU HQ), Prosser, Benton County",300033,WSU Prosser (WSU HQ),2017-11-23 19:17:27.041423
1993-06-02,22:30,56.5,,51.4,82.9,0.0,NW@2.3,99999.0,66.7,0.0,0,,"WSU Prosser (WSU HQ), Prosser, Benton County",300033,WSU Prosser (WSU HQ),2017-11-23 19:17:27.041423
1993-06-02,22:45,56.1,,51.4,84.3,0.0,W@2.1,99999.0,66.7,0.0,0,,"WSU Prosser (WSU HQ), Prosser, Benton County",300033,WSU Prosser (WSU HQ),2017-11-23 19:17:27.041423
1993-06-02,23:00,55.8,,51.3,84.9,0.0,W@1.1,99999.0,66.6,0.0,0,,"WSU Prosser (WSU HQ), Prosser, Benton County",300033,WSU Prosser (WSU HQ),2017-11-23 19:17:27.041423
1993-06-03,23:15,55.8,,51.5,85.3,,W@1.1,99999.0,66.5,0.0,0,,"WSU Prosser (WSU HQ), Prosser, Benton County",300033,WSU Prosser (WSU HQ),2017-11-23 19:17:27.041423
1993-06-03,23:30,55.2,,51.3,86.5,,W@2.2,99999.0,66.4,0.0,0,,"WSU Prosser (WSU HQ), Prosser, Benton County",300033,WSU Prosser (WSU HQ),2017-11-23 19:17:27.041423
1993-06-03,23:45,55.7,,51.0,84.2,0.0,NW@2.8,99999.0,66.3,0.0,0,,"WSU Prosser (WSU HQ), Prosser, Benton County",300033,WSU Prosser (WSU HQ),2017-11-23 19:17:27.041423
1993-06-03,24:00,58.4,,50.7,75.5,0.0,NW@2.2,99999.0,67.7,0.0,0,,"WSU Prosser (WSU HQ), Prosser, Benton County",300033,WSU Prosser (WSU HQ),2017-11-23 19:17:27.041423
1993-06-03,00:15,55.8,,51.0,83.8,0.0,W@2.4,99999.0,66.2,0.0,0,,"WSU Prosser (WSU HQ), Prosser, Benton County",300033,WSU Prosser (WSU HQ),2017-11-23 19:17:27.041423
1993-06-03,00:30,55.5,,51.0,84.9,0.0,W@2.2,99999.0,66.1,0.0,0,,"WSU Prosser (WSU HQ), Prosser, Benton County",300033,WSU Prosser (WSU HQ),2017-11-23 19:17:27.041423
1993-06-03,00:45,55.4,,51.0,85.1,0.0,SW@1.5,99999.0,66.0,0.0,0,,"WSU Prosser (WSU HQ), Prosser, Benton County",300033,WSU Prosser (WSU HQ),2017-11-23 19:17:27.041423
1993-06-03,01:00,55.3,,51.0,85.1,0.0,SW@2.0,99999.0,65.9,0.0,0,,"WSU Prosser (WSU HQ), Prosser, Benton County",300033,WSU Prosser (WSU HQ),2017-11-23 19:17:27.041423
1993-06-03,01:15,55.8,,50.2,81.5,0.0,W@3.0,99999.0,65.8,0.0,0,,"WSU Prosser (WSU HQ), Prosser, Benton County",300033,WSU Prosser (WSU HQ),2017-11-23 19:17:27.041423
1993-06-03,01:30,56.0,,49.9,80.1,0.0,W@2.2,99999.0,65.7,0.0,0,,"WSU Prosser (WSU HQ), Prosser, Benton County",300033,WSU Prosser (WSU HQ),2017-11-23 19:17:27.041423
1993-06-03,01:45,55.9,,49.9,80.2,0.0,NW@3.1,99999.0,65.6,0.0,0,,"WSU Prosser (WSU HQ), Prosser, Benton County",300033,WSU Prosser (WSU HQ),2017-11-23 19:17:27.041423
1993-06-03,02:00,55.9,,49.9,80.4,0.0,W@4.2,99999.0,65.5,0.0,0,,"WSU Prosser (WSU HQ), Prosser, Benton County",300033,WSU Prosser (WSU HQ),2017-11-23 19:17:27.041423
1993-06-03,02:15,56.0,,49.6,79.1,0.0,W@2.9,99999.0,65.4,0.0,0,,"WSU Prosser (WSU HQ), Prosser, Benton County",300033,WSU Prosser (WSU HQ),2017-11-23 19:17:27.041423
1993-06-03,02:30,55.9,,49.6,79.3,0.0,NW@3.1,99999.0,65.4,0.0,0,,"WSU Prosser (WSU HQ), Prosser, Benton County",300033,WSU Prosser (WSU HQ),2017-11-23 19:17:27.041423
1993-06-03,02:45,55.9,,49.4,78.8,0.0,NW@3.2,99999.0,65.3,0.0,0,,"WSU Prosser (WSU HQ), Prosser, Benton County",300033,WSU Prosser (WSU HQ),2017-11-23 19:17:27.041423
1993-06-03,03:00,55.7,,49.5,79.5,0.0,NW@3.5,99999.0,65.2,0.0,0,,"WSU Prosser (WSU HQ), Prosser, Benton County",300033,WSU Prosser (WSU HQ),2017-11-23 19:17:27.041423
1993-06-03,03:15,55.9,,49.0,77.6,0.0,W@3.5,99999.0,65.1,0.0,0,,"WSU Prosser (WSU HQ), Prosser, Benton County",300033,WSU Prosser (WSU HQ),2017-11-23 19:17:27.041423
1993-06-03,03:30,55.9,,49.0,77.7,0.0,NW@2.9,99999.0,65.1,0.0,0,,"WSU Prosser (WSU HQ), Prosser, Benton County",300033,WSU Prosser (WSU HQ),2017-11-23 19:17:27.041423
1993-06-03,03:45,55.5,,49.3,79.5,0.0,W@2.7,99999.0,65.0,0.0,0,,"WSU Prosser (WSU HQ), Prosser, Benton County",300033,WSU Prosser (WSU HQ),2017-11-23 19:17:27.041423
1993-06-03,04:00,55.3,,49.3,80.2,0.0,W@2.6,99999.0,64.9,0.0,0,,"WSU Prosser (WSU HQ), Prosser, Benton County",300033,WSU Prosser (WSU HQ),2017-11-23 19:17:27.041423
1993-06-03,04:15,55.0,,49.3,81.0,0.0,W@1.9,99999.0,64.9,0.0,2,,"WSU Prosser (WSU HQ), Prosser, Benton County",300033,WSU Prosser (WSU HQ),2017-11-23 19:17:27.041423
1993-06-03,04:30,54.6,,49.4,82.5,0.0,SW@1.7,99999.0,64.8,0.0,9,,"WSU Prosser (WSU HQ), Prosser, Benton County",300033,WSU Prosser (WSU HQ),2017-11-23 19:17:27.041423
1993-06-03,04:45,54.4,,49.2,82.3,0.0,SW@0.9,99999.0,64.7,0.0,25,,"WSU Prosser (WSU HQ), Prosser, Benton County",300033,WSU Prosser (WSU HQ),2017-11-23 19:17:27.041423
1993-06-03,05:00,54.7,,49.5,82.5,0.0,W@1.3,99999.0,64.7,0.0,33,,"WSU Prosser (WSU HQ), Prosser, Benton County",300033,WSU Prosser (WSU HQ),2017-11-23 19:17:27.041423
1993-06-03,05:15,55.3,,49.4,80.5,0.0,W@2.0,99999.0,64.6,0.0,42,,"WSU Prosser (WSU HQ), Prosser, Benton County",300033,WSU Prosser (WSU HQ),2017-11-23 19:17:27.041423
1993-06-03,05:30,55.6,,49.7,80.5,0.0,S@3.1,99999.0,64.5,0.0,66,,"WSU Prosser (WSU HQ), Prosser, Benton County",300033,WSU Prosser (WSU HQ),2017-11-23 19:17:27.041423
1993-06-03,05:45,55.8,,49.5,79.2,0.0,SW@2.2,99999.0,64.4,0.0,102,,"WSU Prosser (WSU HQ), Prosser, Benton County",300033,WSU Prosser (WSU HQ),2017-11-23 19:17:27.041423
1993-06-03,06:00,56.4,,49.1,76.5,0.0,SW@2.9,99999.0,64.3,0.0,127,,"WSU Prosser (WSU HQ), Prosser, Benton County",300033,WSU Prosser (WSU HQ),2017-11-23 19:17:27.041423
1993-06-03,06:15,56.6,,49.6,77.1,0.0,W@2.4,99999.0,64.3,0.0,92,,"WSU Prosser (WSU HQ), Prosser, Benton County",300033,WSU Prosser (WSU HQ),2017-11-23 19:17:27.041423
1993-06-03,06:30,56.7,,50.0,78.1,0.0,SW@1.3,99999.0,64.2,0.0,95,,"WSU Prosser (WSU HQ), Prosser, Benton County",300033,WSU Prosser (WSU HQ),2017-11-23 19:17:27.041423
1993-06-03,06:45,57.6,,49.8,75.1,0.0,SW@2.6,99999.0,64.1,0.0,223,,"WSU Prosser (WSU HQ), Prosser, Benton County",300033,WSU Prosser (WSU HQ),2017-11-23 19:17:27.041423
1993-06-03,07:00,58.5,,49.2,71.3,0.0,S@3.1,99999.0,64.1,0.0,236,,"WSU Prosser (WSU HQ), Prosser, Benton County",300033,WSU Prosser (WSU HQ),2017-11-23 19:17:27.041423
1993-06-03,07:15,58.4,,50.1,73.7,0.0,SW@2.1,99999.0,64.0,0.0,151,,"WSU Prosser (WSU HQ), Prosser, Benton County",300033,WSU Prosser (WSU HQ),2017-11-23 19:17:27.041423
1993-06-03,07:30,58.5,,50.3,74.0,0.0,SW@2.7,99999.0,64.0,0.0,154,,"WSU Prosser (WSU HQ), Prosser, Benton County",300033,WSU Prosser (WSU HQ),2017-11-23 19:17:27.041423
1993-06-03,07:45,59.6,,49.8,70.0,0.0,W@3.1,99999.0,63.9,0.0,152,,"WSU Prosser (WSU HQ), Prosser, Benton County",300033,WSU Prosser (WSU HQ),2017-11-23 19:17:27.041423
1993-06-03,08:00,59.6,,49.2,68.3,0.0,W@3.4,99999.0,63.9,0.0,110,,"WSU Prosser (WSU HQ), Prosser, Benton County",300033,WSU Prosser (WSU HQ),2017-11-23 19:17:27.041423
1993-06-03,08:15,59.7,,49.2,68.1,0.0,W@3.7,99999.0,63.9,0.0,138,,"WSU Prosser (WSU HQ), Prosser, Benton County",300033,WSU Prosser (WSU HQ),2017-11-23 19:17:27.041423
1993-06-03,08:30,60.0,,49.1,67.1,0.0,W@3.7,99999.0,63.8,0.0,146,,"WSU Prosser (WSU HQ), Prosser, Benton County",300033,WSU Prosser (WSU HQ),2017-11-23 19:17:27.041423
1993-06-03,08:45,60.6,,49.3,66.4,0.0,W@3.5,99999.0,63.8,0.0,206,,"WSU Prosser (WSU HQ), Prosser, Benton County",300033,WSU Prosser (WSU HQ),2017-11-23 19:17:27.041423
1993-06-03,09:00,61.5,,49.6,64.8,0.0,W@2.8,99999.0,63.8,0.0,283,,"WSU Prosser (WSU HQ), Prosser, Benton County",300033,WSU Prosser (WSU HQ),2017-11-23 19:17:27.041423
1993-06-03,09:15,63.1,,49.8,61.7,0.0,W@2.9,99999.0,63.8,0.0,427,,"WSU Prosser (WSU HQ), Prosser, Benton County",300033,WSU Prosser (WSU HQ),2017-11-23 19:17:27.041423
1993-06-03,09:30,63.7,,49.0,58.7,0.0,SW@3.8,99999.0,63.8,0.0,368,,"WSU Prosser (WSU HQ), Prosser, Benton County",300033,WSU Prosser (WSU HQ),2017-11-23 19:17:27.041423
1993-06-03,09:45,63.6,,48.7,58.3,0.0,SW@4.5,99999.0,63.8,0.0,278,,"WSU Prosser (WSU HQ), Prosser, Benton County",300033,WSU Prosser (WSU HQ),2017-11-23 19:17:27.041423
1993-06-03,10:00,63.8,,48.9,58.3,0.0,SW@4.2,99999.0,63.8,0.0,258,,"WSU Prosser (WSU HQ), Prosser, Benton County",300033,WSU Prosser (WSU HQ),2017-11-23 19:17:27.041423
1993-06-03,10:15,63.7,,49.1,59.0,0.0,SW@3.9,99999.0,63.8,0.0,206,,"WSU Prosser (WSU HQ), Prosser, Benton County",300033,WSU Prosser (WSU HQ),2017-11-23 19:17:27.041423
1993-06-03,10:30,63.3,,48.7,58.8,0.0,SW@4.0,99999.0,63.9,0.0,172,,"WSU Prosser (WSU HQ), Prosser, Benton County",300033,WSU Prosser (WSU HQ),2017-11-23 19:17:27.041423
1993-06-03,10:45,63.9,,48.7,57.7,0.0,SW@3.8,99999.0,63.9,0.0,269,,"WSU Prosser (WSU HQ), Prosser, Benton County",300033,WSU Prosser (WSU HQ),2017-11-23 19:17:27.041423
1993-06-03,11:00,64.6,,48.7,56.3,0.0,SW@3.4,99999.0,64.0,0.0,372,,"WSU Prosser (WSU HQ), Prosser, Benton County",300033,WSU Prosser (WSU HQ),2017-11-23 19:17:27.041423
1993-06-03,11:15,66.1,,48.2,52.4,0.0,SW@2.9,99999.0,64.0,0.0,767,,"WSU Prosser (WSU HQ), Prosser, Benton County",300033,WSU Prosser (WSU HQ),2017-11-23 19:17:27.041423
1993-06-03,11:30,67.7,,47.7,48.8,0.0,S@4.3,99999.0,64.1,0.0,1081,,"WSU Prosser (WSU HQ), Prosser, Benton County",300033,WSU Prosser (WSU HQ),2017-11-23 19:17:27.041423
1993-06-03,11:45,68.7,,48.3,48.2,0.0,SW@3.1,99999.0,64.1,0.0,1132,,"WSU Prosser (WSU HQ), Prosser, Benton County",300033,WSU Prosser (WSU HQ),2017-11-23 19:17:27.041423
1993-06-03,12:00,69.3,,48.3,47.1,0.0,S@3.1,99999.0,64.1,0.0,1098,,"WSU Prosser (WSU HQ), Prosser, Benton County",300033,WSU Prosser (WSU HQ),2017-11-23 19:17:27.041423
1993-06-03,12:15,70.0,,48.0,45.4,0.0,S@4.0,99999.0,64.1,0.0,1072,,"WSU Prosser (WSU HQ), Prosser, Benton County",300033,WSU Prosser (WSU HQ),2017-11-23 19:17:27.041423
1993-06-03,12:30,70.0,,48.5,46.3,0.0,SW@4.8,99999.0,64.1,0.0,1071,,"WSU Prosser (WSU HQ), Prosser, Benton County",300033,WSU Prosser (WSU HQ),2017-11-23 19:17:27.041423
1993-06-03,12:45,70.9,,48.1,44.3,0.0,S@3.0,99999.0,64.2,0.0,1115,,"WSU Prosser (WSU HQ), Prosser, Benton County",300033,WSU Prosser (WSU HQ),2017-11-23 19:17:27.041423
1993-06-03,13:00,71.3,,48.1,43.7,0.0,S@4.8,99999.0,64.3,0.0,935,,"WSU Prosser (WSU HQ), Prosser, Benton County",300033,WSU Prosser (WSU HQ),2017-11-23 19:17:27.041423
1993-06-03,13:15,70.9,,47.1,42.7,0.0,S@3.2,99999.0,64.4,0.0,856,,"WSU Prosser (WSU HQ), Prosser, Benton County",300033,WSU Prosser (WSU HQ),2017-11-23 19:17:27.041423
1993-06-03,13:30,71.7,,48.0,43.0,0.0,SE@5.6,99999.0,64.6,0.0,974,,"WSU Prosser (WSU HQ), Prosser, Benton County",300033,WSU Prosser (WSU HQ),2017-11-23 19:17:27.041423
1993-06-03,13:45,71.3,,47.8,43.1,0.0,S@5.4,99999.0,64.8,0.0,718,,"WSU Prosser (WSU HQ), Prosser, Benton County",300033,WSU Prosser (WSU HQ),2017-11-23 19:17:27.041423
1993-06-03,14:00,72.1,,47.3,41.2,0.0,S@4.0,99999.0,64.9,0.0,988,,"WSU Prosser (WSU HQ), Prosser, Benton County",300033,WSU Prosser (WSU HQ),2017-11-23 19:17:27.041423
1993-06-03,14:15,72.5,,47.1,40.4,0.0,S@4.4,99999.0,65.1,0.0,990,,"WSU Prosser (WSU HQ), Prosser, Benton County",300033,WSU Prosser (WSU HQ),2017-11-23 19:17:27.041423
1993-06-03,14:30,72.0,,47.1,41.1,0.0,S@5.3,99999.0,65.4,0.0,694,,"WSU Prosser (WSU HQ), Prosser, Benton County",300033,WSU Prosser (WSU HQ),2017-11-23 19:17:27.041423
1993-06-03,14:45,72.7,,46.7,39.6,0.0,S@4.7,99999.0,65.6,0.0,961,,"WSU Prosser (WSU HQ), Prosser, Benton County",300033,WSU Prosser (WSU HQ),2017-11-23 19:17:27.041423
1993-06-03,15:00,72.0,,47.4,41.5,0.0,SE@5.1,99999.0,65.8,0.0,528,,"WSU Prosser (WSU HQ), Prosser, Benton County",300033,WSU Prosser (WSU HQ),2017-11-23 19:17:27.041423
1993-06-03,15:15,71.9,,46.7,40.7,0.0,SE@4.9,99999.0,66.1,0.0,569,,"WSU Prosser (WSU HQ), Prosser, Benton County",300033,WSU Prosser (WSU HQ),2017-11-23 19:17:27.041423
1993-06-03,15:30,72.4,,46.9,40.2,0.0,S@5.3,99999.0,66.2,0.0,734,,"WSU Prosser (WSU HQ), Prosser, Benton County",300033,WSU Prosser (WSU HQ),2017-11-23 19:17:27.041423
1993-06-03,15:45,72.5,,46.6,39.6,0.0,S@6.9,99999.0,66.4,0.0,540,,"WSU Prosser (WSU HQ), Prosser, Benton County",300033,WSU Prosser (WSU HQ),2017-11-23 19:17:27.041423
1993-06-03,16:00,72.4,,46.7,40.0,0.0,S@7.9,99999.0,66.7,0.0,588,,"WSU Prosser (WSU HQ), Prosser, Benton County",300033,WSU Prosser (WSU HQ),2017-11-23 19:17:27.041423
1993-06-03,16:15,72.1,,46.6,40.2,0.0,S@7.6,99999.0,66.9,0.0,438,,"WSU Prosser (WSU HQ), Prosser, Benton County",300033,WSU Prosser (WSU HQ),2017-11-23 19:17:27.041423
1993-06-03,16:30,72.3,,46.5,39.8,0.0,S@7.1,99999.0,67.1,0.0,521,,"WSU Prosser (WSU HQ), Prosser, Benton County",300033,WSU Prosser (WSU HQ),2017-11-23 19:17:27.041423
1993-06-03,16:45,72.2,,46.3,39.6,0.0,S@6.7,99999.0,67.3,0.0,405,,"WSU Prosser (WSU HQ), Prosser, Benton County",300033,WSU Prosser (WSU HQ),2017-11-23 19:17:27.041423
1993-06-03,17:00,71.7,,46.5,40.5,0.0,SW@7.6,99999.0,67.5,0.0,410,,"WSU Prosser (WSU HQ), Prosser, Benton County",300033,WSU Prosser (WSU HQ),2017-11-23 19:17:27.041423
1993-06-03,17:15,71.2,,46.5,41.3,0.0,SW@7.5,99999.0,67.7,0.0,348,,"WSU Prosser (WSU HQ), Prosser, Benton County",300033,WSU Prosser (WSU HQ),2017-11-23 19:17:27.041423
1993-06-03,17:30,70.8,,46.0,40.9,0.0,S@7.5,99999.0,67.8,0.0,259,,"WSU Prosser (WSU HQ), Prosser, Benton County",300033,WSU Prosser (WSU HQ),2017-11-23 19:17:27.041423
1993-06-03,17:45,70.4,,46.2,41.9,0.0,S@7.8,99999.0,67.9,0.0,258,,"WSU Prosser (WSU HQ), Prosser, Benton County",300033,WSU Prosser (WSU HQ),2017-11-23 19:17:27.041423
1993-06-03,18:00,70.2,,46.5,42.7,0.0,S@7.8,99999.0,68.1,0.0,204,,"WSU Prosser (WSU HQ), Prosser, Benton County",300033,WSU Prosser (WSU HQ),2017-11-23 19:17:27.041423
1993-06-03,18:15,70.1,,46.6,43.1,0.0,S@6.5,99999.0,68.2,0.0,222,,"WSU Prosser (WSU HQ), Prosser, Benton County",300033,WSU Prosser (WSU HQ),2017-11-23 19:17:27.041423
1993-06-03,18:30,69.7,,46.7,43.8,0.0,S@6.9,99999.0,68.3,0.0,135,,"WSU Prosser (WSU HQ), Prosser, Benton County",300033,WSU Prosser (WSU HQ),2017-11-23 19:17:27.041423
1993-06-03,18:45,68.8,,46.2,44.3,0.0,S@6.9,99999.0,68.4,0.0,88,,"WSU Prosser (WSU HQ), Prosser, Benton County",300033,WSU Prosser (WSU HQ),2017-11-23 19:17:27.041423
1993-06-03,19:00,67.6,,46.3,46.3,0.0,S@5.0,99999.0,68.5,0.0,44,,"WSU Prosser (WSU HQ), Prosser, Benton County",300033,WSU Prosser (WSU HQ),2017-11-23 19:17:27.041423
1993-06-03,19:15,66.4,,46.8,49.1,0.0,SW@2.9,99999.0,68.5,0.0,32,,"WSU Prosser (WSU HQ), Prosser, Benton County",300033,WSU Prosser (WSU HQ),2017-11-23 19:17:27.041423
1993-06-03,19:30,65.9,,46.4,49.3,0.0,S@1.9,99999.0,68.6,0.0,19,,"WSU Prosser (WSU HQ), Prosser, Benton County",300033,WSU Prosser (WSU HQ),2017-11-23 19:17:27.041423
1993-06-03,19:45,65.8,,45.9,48.6,0.0,S@1.9,99999.0,68.6,0.0,6,,"WSU Prosser (WSU HQ), Prosser, Benton County",300033,WSU Prosser (WSU HQ),2017-11-23 19:17:27.041423
1993-06-03,20:00,64.3,,46.7,52.7,0.0,NW@3.3,99999.0,68.6,0.0,1,,"WSU Prosser (WSU HQ), Prosser, Benton County",300033,WSU Prosser (WSU HQ),2017-11-23 19:17:27.041423
1993-06-03,20:15,63.2,,48.0,57.5,0.0,NW@3.3,99999.0,68.7,0.0,0,,"WSU Prosser (WSU HQ), Prosser, Benton County",300033,WSU Prosser (WSU HQ),2017-11-23 19:17:27.041423
1993-06-03,20:30,61.8,,48.9,62.7,0.0,NW@2.6,99999.0,68.7,0.0,0,,"WSU Prosser (WSU HQ), Prosser, Benton County",300033,WSU Prosser (WSU HQ),2017-11-23 19:17:27.041423
1993-06-03,20:45,61.0,,49.3,65.1,0.0,N@2.7,99999.0,68.7,0.0,0,,"WSU Prosser (WSU HQ), Prosser, Benton County",300033,WSU Prosser (WSU HQ),2017-11-23 19:17:27.041423
1993-06-03,21:00,59.9,,49.8,69.2,0.0,N@3.5,99999.0,68.6,0.0,0,,"WSU Prosser (WSU HQ), Prosser, Benton County",300033,WSU Prosser (WSU HQ),2017-11-23 19:17:27.041423
1993-06-03,21:15,58.9,,50.0,72.2,0.0,W@2.6,99999.0,68.6,0.0,0,,"WSU Prosser (WSU HQ), Prosser, Benton County",300033,WSU Prosser (WSU HQ),2017-11-23 19:17:27.041423
1993-06-03,21:30,59.5,,49.9,70.5,0.0,NW@1.4,99999.0,68.5,0.0,0,,"WSU Prosser (WSU HQ), Prosser, Benton County",300033,WSU Prosser (WSU HQ),2017-11-23 19:17:27.041423
1993-06-03,21:45,58.9,,49.9,72.1,0.0,N@2.5,99999.0,68.5,0.0,0,,"WSU Prosser (WSU HQ), Prosser, Benton County",300033,WSU Prosser (WSU HQ),2017-11-23 19:17:27.041423
1993-06-03,22:00,59.1,,50.0,71.7,0.0,N@2.5,99999.0,68.4,0.0,0,,"WSU Prosser (WSU HQ), Prosser, Benton County",300033,WSU Prosser (WSU HQ),2017-11-23 19:17:27.041423
1993-06-03,22:15,58.4,,50.5,74.8,0.0,N@1.8,99999.0,68.4,0.0,0,,"WSU Prosser (WSU HQ), Prosser, Benton County",300033,WSU Prosser (WSU HQ),2017-11-23 19:17:27.041423
1993-06-03,22:30,58.2,,50.8,76.1,0.0,N@2.3,99999.0,68.3,0.0,0,,"WSU Prosser (WSU HQ), Prosser, Benton County",300033,WSU Prosser (WSU HQ),2017-11-23 19:17:27.041423
1993-06-03,22:45,58.0,,51.1,77.6,0.0,NW@2.7,99999.0,68.2,0.0,0,,"WSU Prosser (WSU HQ), Prosser, Benton County",300033,WSU Prosser (WSU HQ),2017-11-23 19:17:27.041423
1993-06-03,23:00,57.6,,51.3,79.4,0.0,NW@2.8,99999.0,68.1,0.0,0,,"WSU Prosser (WSU HQ), Prosser, Benton County",300033,WSU Prosser (WSU HQ),2017-11-23 19:17:27.041423
1993-06-04,23:15,57.8,,51.2,78.5,0.0,NW@2.9,99999.0,68.0,0.0,0,,"WSU Prosser (WSU HQ), Prosser, Benton County",300033,WSU Prosser (WSU HQ),2017-11-23 19:17:27.041423
1993-06-04,23:30,58.1,,51.1,77.3,0.0,NW@3.2,99999.0,67.9,0.0,0,,"WSU Prosser (WSU HQ), Prosser, Benton County",300033,WSU Prosser (WSU HQ),2017-11-23 19:17:27.041423
1993-06-04,23:45,58.2,,50.8,76.3,0.0,N@3.1,99999.0,67.8,0.0,0,,"WSU Prosser (WSU HQ), Prosser, Benton County",300033,WSU Prosser (WSU HQ),2017-11-23 19:17:27.041423
1993-06-04,24:00,58.0,,55.5,91.5,,SW@3.8,99999.0,67.7,0.0,0,,"WSU Prosser (WSU HQ), Prosser, Benton County",300033,WSU Prosser (WSU HQ),2017-11-23 19:17:27.041423
1993-06-04,00:15,58.2,,51.1,77.1,0.0,W@1.3,99999.0,67.6,0.0,0,,"WSU Prosser (WSU HQ), Prosser, Benton County",300033,WSU Prosser (WSU HQ),2017-11-23 19:17:27.041423
1993-06-04,00:30,58.2,,51.1,77.2,0.0,W@1.6,99999.0,67.5,0.0,0,,"WSU Prosser (WSU HQ), Prosser, Benton County",300033,WSU Prosser (WSU HQ),2017-11-23 19:17:27.041423
1993-06-04,00:45,57.9,,51.5,79.1,0.0,NW@0.5,99999.0,67.4,0.0,0,,"WSU Prosser (WSU HQ), Prosser, Benton County",300033,WSU Prosser (WSU HQ),2017-11-23 19:17:27.041423
1993-06-04,01:00,57.6,,51.7,80.6,0.0,E@0.8,99999.0,67.3,0.0,0,,"WSU Prosser (WSU HQ), Prosser, Benton County",300033,WSU Prosser (WSU HQ),2017-11-23 19:17:27.041423
1993-06-04,01:15,57.5,,52.2,82.6,0.0,S@0.9,99999.0,67.2,0.0,0,,"WSU Prosser (WSU HQ), Prosser, Benton County",300033,WSU Prosser (WSU HQ),2017-11-23 19:17:27.041423
1993-06-04,01:30,57.1,,52.3,83.8,0.0,W@1.4,99999.0,67.1,0.0,0,,"WSU Prosser (WSU HQ), Prosser, Benton County",300033,WSU Prosser (WSU HQ),2017-11-23 19:17:27.041423
1993-06-04,01:45,57.1,,52.1,83.0,0.0,W@0.6,99999.0,67.0,0.0,0,,"WSU Prosser (WSU HQ), Prosser, Benton County",300033,WSU Prosser (WSU HQ),2017-11-23 19:17:27.041423
1993-06-04,02:00,56.7,,51.8,83.6,0.0,NW@1.4,99999.0,66.9,0.0,0,,"WSU Prosser (WSU HQ), Prosser, Benton County",300033,WSU Prosser (WSU HQ),2017-11-23 19:17:27.041423
1993-06-04,02:15,56.0,,51.6,85.1,0.0,N@2.2,99999.0,66.8,0.0,0,,"WSU Prosser (WSU HQ), Prosser, Benton County",300033,WSU Prosser (WSU HQ),2017-11-23 19:17:27.041423
1993-06-04,02:30,55.5,,51.3,85.6,,N@2.1,99999.0,66.7,0.0,0,,"WSU Prosser (WSU HQ), Prosser, Benton County",300033,WSU Prosser (WSU HQ),2017-11-23 19:17:27.041423
1993-06-04,02:45,55.7,,51.1,84.6,0.0,N@2.0,99999.0,66.7,0.0,0,,"WSU Prosser (WSU HQ), Prosser, Benton County",300033,WSU Prosser (WSU HQ),2017-11-23 19:17:27.041423
1993-06-04,03:00,55.0,,51.3,87.1,,N@1.1,99999.0,66.6,0.0,0,,"WSU Prosser (WSU HQ), Prosser, Benton County",300033,WSU Prosser (WSU HQ),2017-11-23 19:17:27.041423
1993-06-04,03:15,55.2,,51.2,86.2,,N@1.8,99999.0,66.5,0.0,0,,"WSU Prosser (WSU HQ), Prosser, Benton County",300033,WSU Prosser (WSU HQ),2017-11-23 19:17:27.041423
1993-06-04,03:30,54.9,,51.0,86.7,,N@0.4,99999.0,66.4,0.0,0,,"WSU Prosser (WSU HQ), Prosser, Benton County",300033,WSU Prosser (WSU HQ),2017-11-23 19:17:27.041423
1993-06-04,03:45,54.2,,50.7,87.8,,NW@1.4,99999.0,66.3,0.0,0,,"WSU Prosser (WSU HQ), Prosser, Benton County",300033,WSU Prosser (WSU HQ),2017-11-23 19:17:27.041423
1993-06-04,04:00,53.6,,50.3,88.5,,NW@1.4,99999.0,66.2,0.0,0,,"WSU Prosser (WSU HQ), Prosser, Benton County",300033,WSU Prosser (WSU HQ),2017-11-23 19:17:27.041423
1993-06-04,04:15,53.3,,50.2,89.0,,NW@2.4,99999.0,66.1,0.0,2,,"WSU Prosser (WSU HQ), Prosser, Benton County",300033,WSU Prosser (WSU HQ),2017-11-23 19:17:27.041423
1993-06-04,04:30,53.7,,50.6,89.1,,NE@2.3,99999.0,66.1,0.0,8,,"WSU Prosser (WSU HQ), Prosser, Benton County",300033,WSU Prosser (WSU HQ),2017-11-23 19:17:27.041423
1993-06-04,04:45,53.9,,50.7,88.7,,N@1.8,99999.0,66.0,0.0,17,,"WSU Prosser (WSU HQ), Prosser, Benton County",300033,WSU Prosser (WSU HQ),2017-11-23 19:17:27.041423
1993-06-04,05:00,54.7,,50.8,86.5,,NE@1.9,99999.0,65.9,0.0,32,,"WSU Prosser (WSU HQ), Prosser, Benton County",300033,WSU Prosser (WSU HQ),2017-11-23 19:17:27.041423
1993-06-04,05:15,55.1,,51.6,87.9,0.0,NE@1.1,99999.0,65.8,0.0,46,,"WSU Prosser (WSU HQ), Prosser, Benton County",300033,WSU Prosser (WSU HQ),2017-11-23 19:17:27.041423
1993-06-04,05:30,56.1,,51.8,85.5,0.0,NE@1.1,99999.0,65.7,0.0,59,,"WSU Prosser (WSU HQ), Prosser, Benton County",300033,WSU Prosser (WSU HQ),2017-11-23 19:17:27.041423
1993-06-04,05:45,57.0,,52.2,83.9,0.0,E@0.5,99999.0,65.6,0.0,74,,"WSU Prosser (WSU HQ), Prosser, Benton County",300033,WSU Prosser (WSU HQ),2017-11-23 19:17:27.041423
1993-06-04,06:00,57.4,,51.9,81.9,0.0,E@0.9,99999.0,65.5,0.0,100,,"WSU Prosser (WSU HQ), Prosser, Benton County",300033,WSU Prosser (WSU HQ),2017-11-23 19:17:27.041423
1993-06-04,06:15,57.8,,51.8,80.5,0.0,NE@1.5,99999.0,65.4,0.0,123,,"WSU Prosser (WSU HQ), Prosser, Benton County",300033,WSU Prosser (WSU HQ),2017-11-23 19:17:27.041423
1993-06-04,06:30,58.5,,51.9,78.6,0.0,NE@0.9,99999.0,65.4,0.0,114,,"WSU Prosser (WSU HQ), Prosser, Benton County",300033,WSU Prosser (WSU HQ),2017-11-23 19:17:27.041423
1993-06-04,06:45,58.8,,52.1,78.3,0.0,E@1.1,99999.0,65.3,0.0,133,,"WSU Prosser (WSU HQ), Prosser, Benton County",300033,WSU Prosser (WSU HQ),2017-11-23 19:17:27.041423
1993-06-04,07:00,59.6,,51.4,74.1,0.0,E@1.6,99999.0,65.2,0.0,218,,"WSU Prosser (WSU HQ), Prosser, Benton County",300033,WSU Prosser (WSU HQ),2017-11-23 19:17:27.041423
1993-06-04,07:15,60.4,,50.2,69.0,0.0,SE@1.2,99999.0,65.2,0.0,270,,"WSU Prosser (WSU HQ), Prosser, Benton County",300033,WSU Prosser (WSU HQ),2017-11-23 19:17:27.041423
1993-06-04,07:30,60.8,,50.3,68.1,0.0,SE@2.1,99999.0,65.1,0.0,270,,"WSU Prosser (WSU HQ), Prosser, Benton County",300033,WSU Prosser (WSU HQ),2017-11-23 19:17:27.041423
1993-06-04,07:45,61.0,,50.5,68.3,0.0,SE@2.3,99999.0,65.0,0.0,308,,"WSU Prosser (WSU HQ), Prosser, Benton County",300033,WSU Prosser (WSU HQ),2017-11-23 19:17:27.041423
1993-06-04,08:00,62.2,,50.5,65.4,0.0,S@1.6,99999.0,65.0,0.0,409,,"WSU Prosser (WSU HQ), Prosser, Benton County",300033,WSU Prosser (WSU HQ),2017-11-23 19:17:27.041423
1993-06-04,08:15,62.3,,50.3,64.7,0.0,S@2.0,99999.0,64.9,0.0,283,,"WSU Prosser (WSU HQ), Prosser, Benton County",300033,WSU Prosser (WSU HQ),2017-11-23 19:17:27.041423
1993-06-04,08:30,62.2,,50.0,64.3,0.0,SE@2.1,99999.0,64.9,0.0,283,,"WSU Prosser (WSU HQ), Prosser, Benton County",300033,WSU Prosser (WSU HQ),2017-11-23 19:17:27.041423
1993-06-04,08:45,62.8,,50.9,65.1,0.0,S@5.3,99999.0,64.9,0.0,343,,"WSU Prosser (WSU HQ), Prosser, Benton County",300033,WSU Prosser (WSU HQ),2017-11-23 19:17:27.041423
1993-06-04,09:00,62.6,,50.8,65.3,0.0,S@5.7,99999.0,64.9,0.0,377,,"WSU Prosser (WSU HQ), Prosser, Benton County",300033,WSU Prosser (WSU HQ),2017-11-23 19:17:27.041423
1993-06-04,09:15,63.2,,50.7,63.5,0.0,SE@2.8,99999.0,64.9,0.0,510,,"WSU Prosser (WSU HQ), Prosser, Benton County",300033,WSU Prosser (WSU HQ),2017-11-23 19:17:27.041423
1993-06-04,09:30,63.8,,50.0,60.8,0.0,S@3.2,99999.0,64.9,0.0,487,,"WSU Prosser (WSU HQ), Prosser, Benton County",300033,WSU Prosser (WSU HQ),2017-11-23 19:17:27.041423
1993-06-04,09:45,64.7,,50.0,58.8,0.0,S@4.6,99999.0,64.9,0.0,584,,"WSU Prosser (WSU HQ), Prosser, Benton County",300033,WSU Prosser (WSU HQ),2017-11-23 19:17:27.041423
1993-06-04,10:00,64.5,,49.8,59.0,0.0,S@3.5,99999.0,65.0,0.0,323,,"WSU Prosser (WSU HQ), Prosser, Benton County",300033,WSU Prosser (WSU HQ),2017-11-23 19:17:27.041423
1993-06-04,10:15,63.8,,50.4,61.6,,SE@3.0,99999.0,65.1,0.0,340,,"WSU Prosser (WSU HQ), Prosser, Benton County",300033,WSU Prosser (WSU HQ),2017-11-23 19:17:27.041423
1993-06-04,10:30,65.0,,50.8,59.8,,SE@2.4,99999.0,65.1,0.0,589,,"WSU Prosser (WSU HQ), Prosser, Benton County",300033,WSU Prosser (WSU HQ),2017-11-23 19:17:27.041423
1993-06-04,10:45,65.6,,50.2,57.5,0.0,SE@2.2,99999.0,65.1,0.0,610,,"WSU Prosser (WSU HQ), Prosser, Benton County",300033,WSU Prosser (WSU HQ),2017-11-23 19:17:27.041423
1993-06-04,11:00,67.4,,49.8,53.2,0.0,SE@1.4,99999.0,65.2,0.0,814,,"WSU Prosser (WSU HQ), Prosser, Benton County",300033,WSU Prosser (WSU HQ),2017-11-23 19:17:27.041423
1993-06-04,11:15,68.0,,50.3,53.0,0.0,E@2.8,99999.0,65.2,0.0,816,,"WSU Prosser (WSU HQ), Prosser, Benton County",300033,WSU Prosser (WSU HQ),2017-11-23 19:17:27.041423
1993-06-04,11:30,,,0.0,0.0,0.0,N@0.0,99999.0,32.0,0.0,0,,"WSU Prosser (WSU HQ), Prosser, Benton County",300033,WSU Prosser (WSU HQ),2017-11-23 19:17:27.041423
1993-06-04,11:45,,,0.0,0.0,0.0,N@0.0,99999.0,32.0,0.0,0,,"WSU Prosser (WSU HQ), Prosser, Benton County",300033,WSU Prosser (WSU HQ),2017-11-23 19:17:27.041423
1993-06-04,12:00,,,0.0,0.0,0.0,N@0.0,99999.0,32.0,0.0,0,,"WSU Prosser (WSU HQ), Prosser, Benton County",300033,WSU Prosser (WSU HQ),2017-11-23 19:17:27.041423
1993-06-04,12:15,,,0.0,0.0,0.0,N@0.0,99999.0,32.0,0.0,0,,"WSU Prosser (WSU HQ), Prosser, Benton County",300033,WSU Prosser (WSU HQ),2017-11-23 19:17:27.041423
1993-06-04,12:30,,,0.0,0.0,0.0,N@0.0,99999.0,32.0,0.0,0,,"WSU Prosser (WSU HQ), Prosser, Benton County",300033,WSU Prosser (WSU HQ),2017-11-23 19:17:27.041423
1993-06-04,12:45,,,0.0,0.0,0.0,N@0.0,99999.0,32.0,0.0,0,,"WSU Prosser (WSU HQ), Prosser, Benton County",300033,WSU Prosser (WSU HQ),2017-11-23 19:17:27.041423
1993-06-04,13:00,,,0.0,0.0,0.0,N@0.0,99999.0,32.0,0.0,0,,"WSU Prosser (WSU HQ), Prosser, Benton County",300033,WSU Prosser (WSU HQ),2017-11-23 19:17:27.041423
1993-06-04,13:15,,,0.0,0.0,0.0,N@0.0,99999.0,32.0,0.0,0,,"WSU Prosser (WSU HQ), Prosser, Benton County",300033,WSU Prosser (WSU HQ),2017-11-23 19:17:27.041423
1993-06-04,13:30,,,0.0,0.0,0.0,N@0.0,99999.0,32.0,0.0,0,,"WSU Prosser (WSU HQ), Prosser, Benton County",300033,WSU Prosser (WSU HQ),2017-11-23 19:17:27.041423
1993-06-04,13:45,,,0.0,0.0,0.0,N@0.0,99999.0,32.0,0.0,0,,"WSU Prosser (WSU HQ), Prosser, Benton County",300033,WSU Prosser (WSU HQ),2017-11-23 19:17:27.041423
1993-06-04,14:00,,,0.0,0.0,0.0,N@0.0,99999.0,32.0,0.0,0,,"WSU Prosser (WSU HQ), Prosser, Benton County",300033,WSU Prosser (WSU HQ),2017-11-23 19:17:27.041423
1993-06-04,14:15,,,0.0,0.0,0.0,N@0.0,99999.0,32.0,0.0,0,,"WSU Prosser (WSU HQ), Prosser, Benton County",300033,WSU Prosser (WSU HQ),2017-11-23 19:17:27.041423
1993-06-04,14:30,,,0.0,0.0,0.0,N@0.0,99999.0,32.0,0.0,0,,"WSU Prosser (WSU HQ), Prosser, Benton County",300033,WSU Prosser (WSU HQ),2017-11-23 19:17:27.041423
1993-06-04,14:45,,,0.0,0.0,0.0,N@0.0,99999.0,32.0,0.0,0,,"WSU Prosser (WSU HQ), Prosser, Benton County",300033,WSU Prosser (WSU HQ),2017-11-23 19:17:27.041423
1993-06-04,15:00,,,0.0,0.0,0.0,N@0.0,99999.0,32.0,0.0,0,,"WSU Prosser (WSU HQ), Prosser, Benton County",300033,WSU Prosser (WSU HQ),2017-11-23 19:17:27.041423
1993-06-04,15:15,,,0.0,0.0,0.0,N@0.0,99999.0,32.0,0.0,0,,"WSU Prosser (WSU HQ), Prosser, Benton County",300033,WSU Prosser (WSU HQ),2017-11-23 19:17:27.041423
1993-06-04,15:30,,,0.0,0.0,0.0,N@0.0,99999.0,32.0,0.0,0,,"WSU Prosser (WSU HQ), Prosser, Benton County",300033,WSU Prosser (WSU HQ),2017-11-23 19:17:27.041423
1993-06-04,15:45,,,0.0,0.0,0.0,N@0.0,99999.0,32.0,0.0,0,,"WSU Prosser (WSU HQ), Prosser, Benton County",300033,WSU Prosser (WSU HQ),2017-11-23 19:17:27.041423
1993-06-04,16:00,,,0.0,0.0,0.0,N@0.0,99999.0,32.0,0.0,0,,"WSU Prosser (WSU HQ), Prosser, Benton County",300033,WSU Prosser (WSU HQ),2017-11-23 19:17:27.041423
1993-06-04,16:15,,,0.0,0.0,0.0,N@0.0,99999.0,32.0,0.0,0,,"WSU Prosser (WSU HQ), Prosser, Benton County",300033,WSU Prosser (WSU HQ),2017-11-23 19:17:27.041423
1993-06-04,16:30,,,0.0,0.0,0.0,N@0.0,99999.0,32.0,0.0,0,,"WSU Prosser (WSU HQ), Prosser, Benton County",300033,WSU Prosser (WSU HQ),2017-11-23 19:17:27.041423
1993-06-04,16:45,,,0.0,0.0,0.0,N@0.0,99999.0,32.0,0.0,0,,"WSU Prosser (WSU HQ), Prosser, Benton County",300033,WSU Prosser (WSU HQ),2017-11-23 19:17:27.041423
1993-06-04,17:00,,,0.0,0.0,0.0,N@0.0,99999.0,32.0,0.0,0,,"WSU Prosser (WSU HQ), Prosser, Benton County",300033,WSU Prosser (WSU HQ),2017-11-23 19:17:27.041423
1993-06-04,17:15,,,0.0,0.0,0.0,N@0.0,99999.0,32.0,0.0,0,,"WSU Prosser (WSU HQ), Prosser, Benton County",300033,WSU Prosser (WSU HQ),2017-11-23 19:17:27.041423
1993-06-04,17:30,,,0.0,0.0,0.0,N@0.0,99999.0,32.0,0.0,0,,"WSU Prosser (WSU HQ), Prosser, Benton County",300033,WSU Prosser (WSU HQ),2017-11-23 19:17:27.041423
1993-06-04,17:45,,,0.0,0.0,0.0,N@0.0,99999.0,32.0,0.0,0,,"WSU Prosser (WSU HQ), Prosser, Benton County",300033,WSU Prosser (WSU HQ),2017-11-23 19:17:27.041423
1993-06-04,18:00,,,0.0,0.0,0.0,N@0.0,99999.0,32.0,0.0,0,,"WSU Prosser (WSU HQ), Prosser, Benton County",300033,WSU Prosser (WSU HQ),2017-11-23 19:17:27.041423
1993-06-04,18:15,,,0.0,0.0,0.0,N@0.0,99999.0,32.0,0.0,0,,"WSU Prosser (WSU HQ), Prosser, Benton County",300033,WSU Prosser (WSU HQ),2017-11-23 19:17:27.041423
1993-06-04,18:30,,,0.0,0.0,0.0,N@0.0,99999.0,32.0,0.0,0,,"WSU Prosser (WSU HQ), Prosser, Benton County",300033,WSU Prosser (WSU HQ),2017-11-23 19:17:27.041423
1993-06-04,18:45,,,0.0,0.0,0.0,N@0.0,99999.0,32.0,0.0,0,,"WSU Prosser (WSU HQ), Prosser, Benton County",300033,WSU Prosser (WSU HQ),2017-11-23 19:17:27.041423
1993-06-04,19:00,,,0.0,0.0,0.0,N@0.0,99999.0,32.0,0.0,0,,"WSU Prosser (WSU HQ), Prosser, Benton County",300033,WSU Prosser (WSU HQ),2017-11-23 19:17:27.041423
1993-06-04,19:15,,,0.0,0.0,0.0,N@0.0,99999.0,32.0,0.0,0,,"WSU Prosser (WSU HQ), Prosser, Benton County",300033,WSU Prosser (WSU HQ),2017-11-23 19:17:27.041423
1993-06-04,19:30,62.0,,56.6,82.5,0.0,SW@3.2,99999.0,68.6,0.0,4,,"WSU Prosser (WSU HQ), Prosser, Benton County",300033,WSU Prosser (WSU HQ),2017-11-23 19:17:27.041423
1993-06-04,19:45,61.7,,56.2,82.1,0.0,SW@3.2,99999.0,68.6,0.0,2,,"WSU Prosser (WSU HQ), Prosser, Benton County",300033,WSU Prosser (WSU HQ),2017-11-23 19:17:27.041423
1993-06-04,20:00,61.3,,56.1,82.7,0.0,SW@2.6,99999.0,68.7,0.0,0,,"WSU Prosser (WSU HQ), Prosser, Benton County",300033,WSU Prosser (WSU HQ),2017-11-23 19:17:27.041423
1993-06-04,20:15,61.0,,56.0,83.5,0.0,SW@2.1,99999.0,68.6,0.0,0,,"WSU Prosser (WSU HQ), Prosser, Benton County",300033,WSU Prosser (WSU HQ),2017-11-23 19:17:27.041423
1993-06-04,20:30,60.8,,55.9,83.9,0.0,W@1.5,99999.0,68.6,0.0,0,,"WSU Prosser (WSU HQ), Prosser, Benton County",300033,WSU Prosser (WSU HQ),2017-11-23 19:17:27.041423
1993-06-04,20:45,60.7,,56.0,84.6,0.0,SW@0.9,99999.0,68.6,0.0,0,,"WSU Prosser (WSU HQ), Prosser, Benton County",300033,WSU Prosser (WSU HQ),2017-11-23 19:17:27.041423
1993-06-04,21:00,60.7,,55.9,84.2,0.0,NE@1.3,99999.0,68.5,0.0,0,,"WSU Prosser (WSU HQ), Prosser, Benton County",300033,WSU Prosser (WSU HQ),2017-11-23 19:17:27.041423
1993-06-04,21:15,61.0,,55.1,80.9,0.0,NE@4.7,99999.0,68.5,0.0,0,,"WSU Prosser (WSU HQ), Prosser, Benton County",300033,WSU Prosser (WSU HQ),2017-11-23 19:17:27.041423
1993-06-04,21:30,61.3,,54.1,77.0,0.0,NE@4.3,99999.0,68.4,0.0,0,,"WSU Prosser (WSU HQ), Prosser, Benton County",300033,WSU Prosser (WSU HQ),2017-11-23 19:17:27.041423
1993-06-04,21:45,60.7,,54.1,78.9,0.0,NE@2.5,99999.0,68.4,0.0,0,,"WSU Prosser (WSU HQ), Prosser, Benton County",300033,WSU Prosser (WSU HQ),2017-11-23 19:17:27.041423
1993-06-04,22:00,60.8,,53.2,75.9,0.0,N@4.0,99999.0,68.3,0.0,0,,"WSU Prosser (WSU HQ), Prosser, Benton County",300033,WSU Prosser (WSU HQ),2017-11-23 19:17:27.041423
1993-06-04,22:15,61.1,,52.9,74.4,0.0,N@3.5,99999.0,68.3,0.0,0,,"WSU Prosser (WSU HQ), Prosser, Benton County",300033,WSU Prosser (WSU HQ),2017-11-23 19:17:27.041423
1993-06-04,22:30,60.7,,53.6,77.3,0.0,NE@0.8,99999.0,68.1,0.0,0,,"WSU Prosser (WSU HQ), Prosser, Benton County",300033,WSU Prosser (WSU HQ),2017-11-23 19:17:27.041423
1993-06-04,22:45,60.4,,54.0,79.3,0.0,SW@1.7,99999.0,68.1,0.0,0,,"WSU Prosser (WSU HQ), Prosser, Benton County",300033,WSU Prosser (WSU HQ),2017-11-23 19:17:27.041423
1993-06-04,23:00,59.9,,54.7,82.8,,W@2.2,99999.0,68.1,0.0,0,,"WSU Prosser (WSU HQ), Prosser, Benton County",300033,WSU Prosser (WSU HQ),2017-11-23 19:17:27.041423
1993-06-05,23:15,59.7,,55.1,84.7,,W@2.1,99999.0,68.0,0.0,0,,"WSU Prosser (WSU HQ), Prosser, Benton County",300033,WSU Prosser (WSU HQ),2017-11-23 19:17:27.041423
1993-06-05,23:30,59.2,,55.7,88.2,,SW@3.2,99999.0,67.9,0.0,0,,"WSU Prosser (WSU HQ), Prosser, Benton County",300033,WSU Prosser (WSU HQ),2017-11-23 19:17:27.041423
1993-06-05,23:45,58.6,,55.7,89.9,,SW@3.4,99999.0,67.8,0.0,0,,"WSU Prosser (WSU HQ), Prosser, Benton County",300033,WSU Prosser (WSU HQ),2017-11-23 19:17:27.041423
1993-06-05,24:00,64.5,,53.3,67.0,0.0,NW@3.0,99999.0,69.1,0.0,0,,"WSU Prosser (WSU HQ), Prosser, Benton County",300033,WSU Prosser (WSU HQ),2017-11-23 19:17:27.041423
1993-06-05,00:15,57.5,,55.3,92.5,,SW@4.0,99999.0,67.7,0.0,0,,"WSU Prosser (WSU HQ), Prosser, Benton County",300033,WSU Prosser (WSU HQ),2017-11-23 19:17:27.041423
1993-06-05,00:30,57.3,,55.3,93.0,,W@2.5,99999.0,67.6,0.0,0,,"WSU Prosser (WSU HQ), Prosser, Benton County",300033,WSU Prosser (WSU HQ),2017-11-23 19:17:27.041423
1993-06-05,00:45,57.2,,55.4,93.7,,SW@2.8,99999.0,67.5,0.0,0,,"WSU Prosser (WSU HQ), Prosser, Benton County",300033,WSU Prosser (WSU HQ),2017-11-23 19:17:27.041423
1993-06-05,01:00,57.1,,55.5,94.1,,W@3.1,99999.0,67.4,0.0,0,,"WSU Prosser (WSU HQ), Prosser, Benton County",300033,WSU Prosser (WSU HQ),2017-11-23 19:17:27.041423
1993-06-05,01:15,57.0,,55.4,94.2,,W@3.4,99999.0,67.4,0.0,0,,"WSU Prosser (WSU HQ), Prosser, Benton County",300033,WSU Prosser (WSU HQ),2017-11-23 19:17:27.041423
1993-06-05,01:30,56.9,,55.3,94.2,,SW@3.2,99999.0,67.3,0.0,0,,"WSU Prosser (WSU HQ), Prosser, Benton County",300033,WSU Prosser (WSU HQ),2017-11-23 19:17:27.041423
1993-06-05,01:45,56.9,,55.2,94.0,,W@2.9,99999.0,67.2,0.01,0,,"WSU Prosser (WSU HQ), Prosser, Benton County",300033,WSU Prosser (WSU HQ),2017-11-23 19:17:27.041423
1993-06-05,02:00,56.8,,55.2,94.2,,SW@2.0,99999.0,67.2,0.0,0,,"WSU Prosser (WSU HQ), Prosser, Benton County",300033,WSU Prosser (WSU HQ),2017-11-23 19:17:27.041423
1993-06-05,02:15,56.8,,55.4,94.8,,SW@2.3,99999.0,67.1,0.0,0,,"WSU Prosser (WSU HQ), Prosser, Benton County",300033,WSU Prosser (WSU HQ),2017-11-23 19:17:27.041423
1993-06-05,02:30,56.6,,55.4,95.6,,SW@3.0,99999.0,67.0,0.0,0,,"WSU Prosser (WSU HQ), Prosser, Benton County",300033,WSU Prosser (WSU HQ),2017-11-23 19:17:27.041423
1993-06-05,02:45,56.5,,55.4,96.0,,SW@3.2,99999.0,67.0,0.01,0,,"WSU Prosser (WSU HQ), Prosser, Benton County",300033,WSU Prosser (WSU HQ),2017-11-23 19:17:27.041423
1993-06-05,03:00,56.4,,55.4,96.3,,W@2.8,99999.0,66.9,0.0,0,,"WSU Prosser (WSU HQ), Prosser, Benton County",300033,WSU Prosser (WSU HQ),2017-11-23 19:17:27.041423
1993-06-05,03:15,56.4,,55.4,96.5,,SW@2.8,99999.0,66.8,0.01,0,,"WSU Prosser (WSU HQ), Prosser, Benton County",300033,WSU Prosser (WSU HQ),2017-11-23 19:17:27.041423
1993-06-05,03:30,56.3,,55.4,96.7,,SW@3.5,99999.0,66.7,0.0,0,,"WSU Prosser (WSU HQ), Prosser, Benton County",300033,WSU Prosser (WSU HQ),2017-11-23 19:17:27.041423
1993-06-05,03:45,56.2,,55.4,96.8,,SW@2.9,99999.0,66.6,0.01,0,,"WSU Prosser (WSU HQ), Prosser, Benton County",300033,WSU Prosser (WSU HQ),2017-11-23 19:17:27.041423
1993-06-05,04:00,56.2,,55.4,96.9,,SW@2.4,99999.0,66.5,0.0,0,,"WSU Prosser (WSU HQ), Prosser, Benton County",300033,WSU Prosser (WSU HQ),2017-11-23 19:17:27.041423
1993-06-05,04:15,56.2,,55.4,97.0,,SW@3.0,99999.0,66.5,0.01,1,,"WSU Prosser (WSU HQ), Prosser, Benton County",300033,WSU Prosser (WSU HQ),2017-11-23 19:17:27.041423
1993-06-05,04:30,56.2,,55.3,97.0,,W@3.1,99999.0,66.5,0.01,4,,"WSU Prosser (WSU HQ), Prosser, Benton County",300033,WSU Prosser (WSU HQ),2017-11-23 19:17:27.041423
1993-06-05,04:45,56.2,,55.4,96.9,,W@2.8,99999.0,66.4,0.0,11,,"WSU Prosser (WSU HQ), Prosser, Benton County",300033,WSU Prosser (WSU HQ),2017-11-23 19:17:27.041423
1993-06-05,05:00,56.4,,55.6,97.0,,W@2.2,99999.0,66.3,0.0,28,,"WSU Prosser (WSU HQ), Prosser, Benton County",300033,WSU Prosser (WSU HQ),2017-11-23 19:17:27.041423
1993-06-05,05:15,56.7,,55.8,96.9,,SW@1.4,99999.0,66.2,0.0,52,,"WSU Prosser (WSU HQ), Prosser, Benton County",300033,WSU Prosser (WSU HQ),2017-11-23 19:17:27.041423
1993-06-05,05:30,56.9,,56.0,96.7,,SW@4.0,99999.0,66.1,0.0,80,,"WSU Prosser (WSU HQ), Prosser, Benton County",300033,WSU Prosser (WSU HQ),2017-11-23 19:17:27.041423
1993-06-05,05:45,56.9,,56.0,96.6,,SW@3.8,99999.0,66.1,0.0,75,,"WSU Prosser (WSU HQ), Prosser, Benton County",300033,WSU Prosser (WSU HQ),2017-11-23 19:17:27.041423
1993-06-05,06:00,57.2,,56.3,96.7,,SW@3.6,99999.0,66.0,0.0,70,,"WSU Prosser (WSU HQ), Prosser, Benton County",300033,WSU Prosser (WSU HQ),2017-11-23 19:17:27.041423
1993-06-05,06:15,57.6,,56.6,96.3,,SW@4.0,99999.0,65.9,0.0,72,,"WSU Prosser (WSU HQ), Prosser, Benton County",300033,WSU Prosser (WSU HQ),2017-11-23 19:17:27.041423
1993-06-05,06:30,58.1,,57.0,96.0,,SW@3.4,99999.0,65.9,0.0,113,,"WSU Prosser (WSU HQ), Prosser, Benton County",300033,WSU Prosser (WSU HQ),2017-11-23 19:17:27.041423
1993-06-05,06:45,58.7,,57.3,94.9,,SW@3.0,99999.0,65.8,0.0,137,,"WSU Prosser (WSU HQ), Prosser, Benton County",300033,WSU Prosser (WSU HQ),2017-11-23 19:17:27.041423
1993-06-05,07:00,59.3,,57.3,93.1,,SW@2.9,99999.0,65.8,0.0,190,,"WSU Prosser (WSU HQ), Prosser, Benton County",300033,WSU Prosser (WSU HQ),2017-11-23 19:17:27.041423
1993-06-05,07:15,60.1,,57.5,90.9,,SW@3.9,99999.0,65.7,0.0,290,,"WSU Prosser (WSU HQ), Prosser, Benton County",300033,WSU Prosser (WSU HQ),2017-11-23 19:17:27.041423
1993-06-05,07:30,61.1,,57.8,88.9,,SW@4.4,99999.0,65.6,0.0,400,,"WSU Prosser (WSU HQ), Prosser, Benton County",300033,WSU Prosser (WSU HQ),2017-11-23 19:17:27.041423
1993-06-05,07:45,61.4,,57.6,87.1,,SW@4.1,99999.0,65.6,0.0,319,,"WSU Prosser (WSU HQ), Prosser, Benton County",300033,WSU Prosser (WSU HQ),2017-11-23 19:17:27.041423
1993-06-05,08:00,62.2,,57.7,85.1,,SW@4.4,99999.0,65.5,0.0,487,,"WSU Prosser (WSU HQ), Prosser, Benton County",300033,WSU Prosser (WSU HQ),2017-11-23 19:17:27.041423
1993-06-05,08:15,62.2,,57.5,84.6,0.0,SW@4.7,99999.0,65.5,0.0,453,,"WSU Prosser (WSU HQ), Prosser, Benton County",300033,WSU Prosser (WSU HQ),2017-11-23 19:17:27.041423
1993-06-05,08:30,63.9,,58.1,81.4,0.0,SW@4.2,99999.0,65.5,0.0,622,,"WSU Prosser (WSU HQ), Prosser, Benton County",300033,WSU Prosser (WSU HQ),2017-11-23 19:17:27.041423
1993-06-05,08:45,64.8,,58.6,80.1,0.0,SW@3.6,99999.0,65.5,0.0,614,,"WSU Prosser (WSU HQ), Prosser, Benton County",300033,WSU Prosser (WSU HQ),2017-11-23 19:17:27.041423
1993-06-05,09:00,64.8,,58.0,78.4,0.0,S@4.9,99999.0,65.5,0.0,498,,"WSU Prosser (WSU HQ), Prosser, Benton County",300033,WSU Prosser (WSU HQ),2017-11-23 19:17:27.041423
1993-06-05,09:15,65.2,,58.4,78.6,0.0,SW@5.2,99999.0,65.5,0.0,570,,"WSU Prosser (WSU HQ), Prosser, Benton County",300033,WSU Prosser (WSU HQ),2017-11-23 19:17:27.041423
1993-06-05,09:30,66.7,,58.6,75.1,0.0,SW@5.4,99999.0,65.5,0.0,859,,"WSU Prosser (WSU HQ), Prosser, Benton County",300033,WSU Prosser (WSU HQ),2017-11-23 19:17:27.041423
1993-06-05,09:45,67.5,,58.4,72.5,0.0,SW@3.5,99999.0,65.6,0.0,862,,"WSU Prosser (WSU HQ), Prosser, Benton County",300033,WSU Prosser (WSU HQ),2017-11-23 19:17:27.041423
1993-06-05,10:00,67.6,,58.1,71.6,0.0,SW@3.2,99999.0,65.6,0.0,557,,"WSU Prosser (WSU HQ), Prosser, Benton County",300033,WSU Prosser (WSU HQ),2017-11-23 19:17:27.041423
1993-06-05,10:15,67.4,,58.4,72.7,0.0,W@4.7,99999.0,65.6,0.0,363,,"WSU Prosser (WSU HQ), Prosser, Benton County",300033,WSU Prosser (WSU HQ),2017-11-23 19:17:27.041423
1993-06-05,10:30,66.6,,57.9,73.5,0.0,W@4.5,99999.0,65.6,0.0,399,,"WSU Prosser (WSU HQ), Prosser, Benton County",300033,WSU Prosser (WSU HQ),2017-11-23 19:17:27.041423
1993-06-05,10:45,68.4,,57.2,67.4,0.0,W@4.9,99999.0,65.8,0.0,973,,"WSU Prosser (WSU HQ), Prosser, Benton County",300033,WSU Prosser (WSU HQ),2017-11-23 19:17:27.041423
1993-06-05,11:00,70.1,,55.3,59.4,0.0,W@2.7,99999.0,65.8,0.0,883,,"WSU Prosser (WSU HQ), Prosser, Benton County",300033,WSU Prosser (WSU HQ),2017-11-23 19:17:27.041423
1993-06-05,11:15,71.0,,55.5,58.0,0.0,N@3.3,99999.0,66.0,0.0,1106,,"WSU Prosser (WSU HQ), Prosser, Benton County",300033,WSU Prosser (WSU HQ),2017-11-23 19:17:27.041423
1993-06-05,11:30,70.7,,55.5,58.5,0.0,SW@2.3,99999.0,66.1,0.0,463,,"WSU Prosser (WSU HQ), Prosser, Benton County",300033,WSU Prosser (WSU HQ),2017-11-23 19:17:27.041423
1993-06-05,11:45,69.7,,54.3,58.1,0.0,NW@3.0,99999.0,66.2,0.0,274,,"WSU Prosser (WSU HQ), Prosser, Benton County",300033,WSU Prosser (WSU HQ),2017-11-23 19:17:27.041423
1993-06-05,12:00,70.6,,54.9,57.3,0.0,W@3.1,99999.0,66.3,0.0,754,,"WSU Prosser (WSU HQ), Prosser, Benton County",300033,WSU Prosser (WSU HQ),2017-11-23 19:17:27.041423
1993-06-05,12:15,71.9,,55.6,56.6,0.0,W@3.8,99999.0,66.5,0.0,677,,"WSU Prosser (WSU HQ), Prosser, Benton County",300033,WSU Prosser (WSU HQ),2017-11-23 19:17:27.041423
1993-06-05,12:30,71.7,,56.0,57.5,0.0,SW@4.5,99999.0,66.7,0.0,697,,"WSU Prosser (WSU HQ), Prosser, Benton County",300033,WSU Prosser (WSU HQ),2017-11-23 19:17:27.041423
1993-06-05,12:45,71.8,,55.6,56.6,0.0,W@3.7,99999.0,66.8,0.0,591,,"WSU Prosser (WSU HQ), Prosser, Benton County",300033,WSU Prosser (WSU HQ),2017-11-23 19:17:27.041423
1993-06-05,13:00,71.6,,55.7,57.3,0.0,W@4.6,99999.0,67.0,0.0,437,,"WSU Prosser (WSU HQ), Prosser, Benton County",300033,WSU Prosser (WSU HQ),2017-11-23 19:17:27.041423
1993-06-05,13:15,71.2,,57.0,60.7,0.0,W@6.4,99999.0,67.1,0.0,618,,"WSU Prosser (WSU HQ), Prosser, Benton County",300033,WSU Prosser (WSU HQ),2017-11-23 19:17:27.041423
1993-06-05,13:30,71.5,,56.7,59.3,0.0,W@6.2,99999.0,67.3,0.0,641,,"WSU Prosser (WSU HQ), Prosser, Benton County",300033,WSU Prosser (WSU HQ),2017-11-23 19:17:27.041423
1993-06-05,13:45,72.1,,56.8,58.6,0.0,W@6.6,99999.0,67.5,0.0,734,,"WSU Prosser (WSU HQ), Prosser, Benton County",300033,WSU Prosser (WSU HQ),2017-11-23 19:17:27.041423
1993-06-05,14:00,72.8,,55.9,55.2,0.0,W@6.0,99999.0,67.7,0.0,800,,"WSU Prosser (WSU HQ), Prosser, Benton County",300033,WSU Prosser (WSU HQ),2017-11-23 19:17:27.041423
1993-06-05,14:15,73.4,,55.7,53.8,0.0,W@5.6,99999.0,67.8,0.0,775,,"WSU Prosser (WSU HQ), Prosser, Benton County",300033,WSU Prosser (WSU HQ),2017-11-23 19:17:27.041423
1993-06-05,14:30,74.0,,56.0,53.3,0.0,SW@5.4,99999.0,68.0,0.0,707,,"WSU Prosser (WSU HQ), Prosser, Benton County",300033,WSU Prosser (WSU HQ),2017-11-23 19:17:27.041423
1993-06-05,14:45,73.8,,55.0,51.8,0.0,W@5.3,99999.0,68.1,0.0,484,,"WSU Prosser (WSU HQ), Prosser, Benton County",300033,WSU Prosser (WSU HQ),2017-11-23 19:17:27.041423
1993-06-05,15:00,73.7,,54.8,51.5,0.0,W@5.2,99999.0,68.2,0.0,537,,"WSU Prosser (WSU HQ), Prosser, Benton County",300033,WSU Prosser (WSU HQ),2017-11-23 19:17:27.041423
1993-06-05,15:15,74.4,,54.9,50.6,0.0,SW@5.0,99999.0,68.4,0.0,551,,"WSU Prosser (WSU HQ), Prosser, Benton County",300033,WSU Prosser (WSU HQ),2017-11-23 19:17:27.041423
1993-06-05,15:30,74.1,,54.3,50.1,0.0,W@4.4,99999.0,68.5,0.0,370,,"WSU Prosser (WSU HQ), Prosser, Benton County",300033,WSU Prosser (WSU HQ),2017-11-23 19:17:27.041423
1993-06-05,15:45,74.4,,54.2,49.3,0.0,W@4.7,99999.0,68.7,0.0,421,,"WSU Prosser (WSU HQ), Prosser, Benton County",300033,WSU Prosser (WSU HQ),2017-11-23 19:17:27.041423
1993-06-05,16:00,74.7,,54.1,48.6,0.0,W@4.2,99999.0,68.8,0.0,304,,"WSU Prosser (WSU HQ), Prosser, Benton County",300033,WSU Prosser (WSU HQ),2017-11-23 19:17:27.041423
1993-06-05,16:15,73.8,,53.4,48.9,0.0,W@4.4,99999.0,69.0,0.0,204,,"WSU Prosser (WSU HQ), Prosser, Benton County",300033,WSU Prosser (WSU HQ),2017-11-23 19:17:27.041423
1993-06-05,16:30,73.5,,54.2,50.8,0.0,W@5.3,99999.0,69.0,0.0,244,,"WSU Prosser (WSU HQ), Prosser, Benton County",300033,WSU Prosser (WSU HQ),2017-11-23 19:17:27.041423
1993-06-05,16:45,72.4,,54.3,52.9,0.0,W@5.4,99999.0,69.1,0.0,236,,"WSU Prosser (WSU HQ), Prosser, Benton County",300033,WSU Prosser (WSU HQ),2017-11-23 19:17:27.041423
1993-06-05,17:00,73.0,,54.4,52.0,0.0,NW@4.0,99999.0,69.3,0.0,275,,"WSU Prosser (WSU HQ), Prosser, Benton County",300033,WSU Prosser (WSU HQ),2017-11-23 19:17:27.041423
1993-06-05,17:15,72.9,,54.6,52.7,0.0,NW@3.8,99999.0,69.4,0.0,257,,"WSU Prosser (WSU HQ), Prosser, Benton County",300033,WSU Prosser (WSU HQ),2017-11-23 19:17:27.041423
1993-06-05,17:30,72.1,,55.7,56.4,0.0,W@5.3,99999.0,69.5,0.0,231,,"WSU Prosser (WSU HQ), Prosser, Benton County",300033,WSU Prosser (WSU HQ),2017-11-23 19:17:27.041423
1993-06-05,17:45,71.5,,55.9,57.7,0.0,NW@5.4,99999.0,69.5,0.0,227,,"WSU Prosser (WSU HQ), Prosser, Benton County",300033,WSU Prosser (WSU HQ),2017-11-23 19:17:27.041423
1993-06-05,18:00,71.7,,55.8,57.2,0.0,NW@5.2,99999.0,69.6,0.0,205,,"WSU Prosser (WSU HQ), Prosser, Benton County",300033,WSU Prosser (WSU HQ),2017-11-23 19:17:27.041423
1993-06-05,18:15,71.7,,55.8,57.3,0.0,NW@4.9,99999.0,69.6,0.0,146,,"WSU Prosser (WSU HQ), Prosser, Benton County",300033,WSU Prosser (WSU HQ),2017-11-23 19:17:27.041423
1993-06-05,18:30,71.3,,55.7,57.8,0.0,NW@4.8,99999.0,69.7,0.0,104,,"WSU Prosser (WSU HQ), Prosser, Benton County",300033,WSU Prosser (WSU HQ),2017-11-23 19:17:27.041423
1993-06-05,18:45,71.1,,56.0,58.8,0.0,NW@4.0,99999.0,69.8,0.0,72,,"WSU Prosser (WSU HQ), Prosser, Benton County",300033,WSU Prosser (WSU HQ),2017-11-23 19:17:27.041423
1993-06-05,19:00,70.5,,56.4,60.9,0.0,W@3.5,99999.0,69.8,0.0,50,,"WSU Prosser (WSU HQ), Prosser, Benton County",300033,WSU Prosser (WSU HQ),2017-11-23 19:17:27.041423
1993-06-05,19:15,69.6,,56.8,63.6,0.0,NW@3.0,99999.0,69.8,0.0,29,,"WSU Prosser (WSU HQ), Prosser, Benton County",300033,WSU Prosser (WSU HQ),2017-11-23 19:17:27.041423
1993-06-05,19:30,69.0,,56.8,65.0,0.0,NW@2.4,99999.0,69.8,0.0,18,,"WSU Prosser (WSU HQ), Prosser, Benton County",300033,WSU Prosser (WSU HQ),2017-11-23 19:17:27.041423
1993-06-05,19:45,67.9,,56.9,67.7,0.0,NW@1.6,99999.0,69.8,0.0,7,,"WSU Prosser (WSU HQ), Prosser, Benton County",300033,WSU Prosser (WSU HQ),2017-11-23 19:17:27.041423
1993-06-05,20:00,67.6,,56.0,66.3,0.0,NW@1.9,99999.0,69.8,0.0,2,,"WSU Prosser (WSU HQ), Prosser, Benton County",300033,WSU Prosser (WSU HQ),2017-11-23 19:17:27.041423
1993-06-05,20:15,67.1,,56.0,67.4,0.0,NW@2.3,99999.0,69.8,0.0,0,,"WSU Prosser (WSU HQ), Prosser, Benton County",300033,WSU Prosser (WSU HQ),2017-11-23 19:17:27.041423
1993-06-05,20:30,65.8,,55.0,68.1,0.0,NW@2.3,99999.0,69.8,0.0,0,,"WSU Prosser (WSU HQ), Prosser, Benton County",300033,WSU Prosser (WSU HQ),2017-11-23 19:17:27.041423
1993-06-05,20:45,64.8,,54.9,70.1,0.0,NW@1.6,99999.0,69.8,0.0,0,,"WSU Prosser (WSU HQ), Prosser, Benton County",300033,WSU Prosser (WSU HQ),2017-11-23 19:17:27.041423
1993-06-05,21:00,64.8,,54.9,70.1,0.0,W@1.9,99999.0,69.8,0.0,0,,"WSU Prosser (WSU HQ), Prosser, Benton County",300033,WSU Prosser (WSU HQ),2017-11-23 19:17:27.041423
1993-06-05,21:15,64.7,,55.4,71.8,0.0,SW@2.2,99999.0,69.8,0.0,0,,"WSU Prosser (WSU HQ), Prosser, Benton County",300033,WSU Prosser (WSU HQ),2017-11-23 19:17:27.041423
1993-06-05,21:30,64.3,,55.7,73.6,0.0,W@1.8,99999.0,69.8,0.0,0,,"WSU Prosser (WSU HQ), Prosser, Benton County",300033,WSU Prosser (WSU HQ),2017-11-23 19:17:27.041423
1993-06-05,21:45,64.9,,55.3,70.9,0.0,SW@3.5,99999.0,69.7,0.0,0,,"WSU Prosser (WSU HQ), Prosser, Benton County",300033,WSU Prosser (WSU HQ),2017-11-23 19:17:27.041423
1993-06-05,22:00,64.8,,54.8,70.0,0.0,W@3.6,99999.0,69.7,0.0,0,,"WSU Prosser (WSU HQ), Prosser, Benton County",300033,WSU Prosser (WSU HQ),2017-11-23 19:17:27.041423
1993-06-05,22:15,65.0,,55.3,70.5,0.0,SW@2.8,99999.0,69.6,0.0,0,,"WSU Prosser (WSU HQ), Prosser, Benton County",300033,WSU Prosser (WSU HQ),2017-11-23 19:17:27.041423
1993-06-05,22:30,64.1,,57.5,79.2,0.0,S@4.3,99999.0,69.5,0.0,0,,"WSU Prosser (WSU HQ), Prosser, Benton County",300033,WSU Prosser (WSU HQ),2017-11-23 19:17:27.041423
1993-06-05,22:45,63.7,,56.6,77.5,0.0,S@4.4,99999.0,69.5,0.0,0,,"WSU Prosser (WSU HQ), Prosser, Benton County",300033,WSU Prosser (WSU HQ),2017-11-23 19:17:27.041423
1993-06-05,23:00,64.1,,55.3,73.1,0.0,SW@3.4,99999.0,69.4,0.0,0,,"WSU Prosser (WSU HQ), Prosser, Benton County",300033,WSU Prosser (WSU HQ),2017-11-23 19:17:27.041423
1993-06-06,23:15,64.3,,54.1,69.6,0.0,SW@3.5,99999.0,69.4,0.0,0,,"WSU Prosser (WSU HQ), Prosser, Benton County",300033,WSU Prosser (WSU HQ),2017-11-23 19:17:27.041423
1993-06-06,23:30,64.2,,53.8,68.9,0.0,W@2.7,99999.0,69.3,0.0,0,,"WSU Prosser (WSU HQ), Prosser, Benton County",300033,WSU Prosser (WSU HQ),2017-11-23 19:17:27.041423
1993-06-06,23:45,64.5,,53.3,67.0,0.0,W@2.4,99999.0,69.2,0.0,0,,"WSU Prosser (WSU HQ), Prosser, Benton County",300033,WSU Prosser (WSU HQ),2017-11-23 19:17:27.041423
1993-06-06,24:00,58.2,,44.5,60.3,0.0,W@4.8,99999.0,68.4,0.0,0,,"WSU Prosser (WSU HQ), Prosser, Benton County",300033,WSU Prosser (WSU HQ),2017-11-23 19:17:27.041423
1993-06-06,00:15,63.7,,54.1,70.8,0.0,NW@3.3,99999.0,69.1,0.0,0,,"WSU Prosser (WSU HQ), Prosser, Benton County",300033,WSU Prosser (WSU HQ),2017-11-23 19:17:27.041423
1993-06-06,00:30,63.2,,54.3,72.8,0.0,NW@3.0,99999.0,69.0,0.0,0,,"WSU Prosser (WSU HQ), Prosser, Benton County",300033,WSU Prosser (WSU HQ),2017-11-23 19:17:27.041423
1993-06-06,00:45,62.5,,55.0,76.5,0.0,NW@2.6,99999.0,68.9,0.0,0,,"WSU Prosser (WSU HQ), Prosser, Benton County",300033,WSU Prosser (WSU HQ),2017-11-23 19:17:27.041423
1993-06-06,01:00,61.8,,55.3,79.3,0.0,NW@2.4,99999.0,68.8,0.0,0,,"WSU Prosser (WSU HQ), Prosser, Benton County",300033,WSU Prosser (WSU HQ),2017-11-23 19:17:27.041423
1993-06-06,01:15,61.4,,55.8,81.6,0.0,W@1.7,99999.0,68.7,0.0,0,,"WSU Prosser (WSU HQ), Prosser, Benton County",300033,WSU Prosser (WSU HQ),2017-11-23 19:17:27.041423
1993-06-06,01:30,60.7,,55.7,83.4,0.0,SW@2.1,99999.0,68.6,0.0,0,,"WSU Prosser (WSU HQ), Prosser, Benton County",300033,WSU Prosser (WSU HQ),2017-11-23 19:17:27.041423
1993-06-06,01:45,59.8,,55.1,84.3,0.0,SW@1.9,99999.0,68.6,0.0,0,,"WSU Prosser (WSU HQ), Prosser, Benton County",300033,WSU Prosser (WSU HQ),2017-11-23 19:17:27.041423
1993-06-06,02:00,59.9,,55.0,83.8,0.0,SW@1.6,99999.0,68.5,0.0,0,,"WSU Prosser (WSU HQ), Prosser, Benton County",300033,WSU Prosser (WSU HQ),2017-11-23 19:17:27.041423
1993-06-06,02:15,59.7,,55.1,84.4,0.0,SW@2.0,99999.0,68.4,0.0,0,,"WSU Prosser (WSU HQ), Prosser, Benton County",300033,WSU Prosser (WSU HQ),2017-11-23 19:17:27.041423
1993-06-06,02:30,59.0,,54.6,85.2,,W@1.8,99999.0,68.3,0.0,0,,"WSU Prosser (WSU HQ), Prosser, Benton County",300033,WSU Prosser (WSU HQ),2017-11-23 19:17:27.041423
1993-06-06,02:45,58.2,,54.2,86.4,,N@2.4,99999.0,68.3,0.0,0,,"WSU Prosser (WSU HQ), Prosser, Benton County",300033,WSU Prosser (WSU HQ),2017-11-23 19:17:27.041423
1993-06-06,03:00,57.8,,54.1,87.3,,E@2.3,99999.0,68.2,0.0,0,,"WSU Prosser (WSU HQ), Prosser, Benton County",300033,WSU Prosser (WSU HQ),2017-11-23 19:17:27.041423
1993-06-06,03:15,58.1,,53.8,85.4,,S@2.9,99999.0,68.1,0.0,0,,"WSU Prosser (WSU HQ), Prosser, Benton County",300033,WSU Prosser (WSU HQ),2017-11-23 19:17:27.041423
1993-06-06,03:30,58.5,,53.8,84.4,0.33,W@1.8,99999.0,68.0,0.0,0,,"WSU Prosser (WSU HQ), Prosser, Benton County",300033,WSU Prosser (WSU HQ),2017-11-23 19:17:27.041423
1993-06-06,03:45,57.7,,53.6,86.3,,E@0.4,99999.0,67.9,0.0,0,,"WSU Prosser (WSU HQ), Prosser, Benton County",300033,WSU Prosser (WSU HQ),2017-11-23 19:17:27.041423
1993-06-06,04:00,57.4,,53.2,85.8,,NW@0.5,99999.0,67.9,0.0,0,,"WSU Prosser (WSU HQ), Prosser, Benton County",300033,WSU Prosser (WSU HQ),2017-11-23 19:17:27.041423
1993-06-06,04:15,56.7,,52.7,86.5,,W@0.5,99999.0,67.8,0.0,4,,"WSU Prosser (WSU HQ), Prosser, Benton County",300033,WSU Prosser (WSU HQ),2017-11-23 19:17:27.041423
1993-06-06,04:30,55.9,,52.1,87.2,,W@1.9,99999.0,67.7,0.0,10,,"WSU Prosser (WSU HQ), Prosser, Benton County",300033,WSU Prosser (WSU HQ),2017-11-23 19:17:27.041423
1993-06-06,04:45,56.3,,51.6,84.1,,NW@0.9,99999.0,67.6,0.0,23,,"WSU Prosser (WSU HQ), Prosser, Benton County",300033,WSU Prosser (WSU HQ),2017-11-23 19:17:27.041423
1993-06-06,05:00,55.8,,51.9,86.5,,E@1.9,99999.0,67.5,0.0,39,,"WSU Prosser (WSU HQ), Prosser, Benton County",300033,WSU Prosser (WSU HQ),2017-11-23 19:17:27.041423
1993-06-06,05:15,56.9,,52.6,85.3,,NE@1.4,99999.0,67.4,0.0,79,,"WSU Prosser (WSU HQ), Prosser, Benton County",300033,WSU Prosser (WSU HQ),2017-11-23 19:17:27.041423
1993-06-06,05:30,58.5,,53.7,84.0,,NE@0.9,99999.0,67.3,0.0,113,,"WSU Prosser (WSU HQ), Prosser, Benton County",300033,WSU Prosser (WSU HQ),2017-11-23 19:17:27.041423
1993-06-06,05:45,60.5,,53.8,78.3,,SE@1.2,99999.0,67.2,0.0,144,,"WSU Prosser (WSU HQ), Prosser, Benton County",300033,WSU Prosser (WSU HQ),2017-11-23 19:17:27.041423
1993-06-06,06:00,60.7,,53.8,78.1,0.0,E@1.5,99999.0,67.1,0.0,180,,"WSU Prosser (WSU HQ), Prosser, Benton County",300033,WSU Prosser (WSU HQ),2017-11-23 19:17:27.041423
1993-06-06,06:15,62.0,,54.0,75.0,0.0,E@1.0,99999.0,67.0,0.0,166,,"WSU Prosser (WSU HQ), Prosser, Benton County",300033,WSU Prosser (WSU HQ),2017-11-23 19:17:27.041423
1993-06-06,06:30,61.2,,54.5,78.5,0.0,NE@1.4,99999.0,66.9,0.0,129,,"WSU Prosser (WSU HQ), Prosser, Benton County",300033,WSU Prosser (WSU HQ),2017-11-23 19:17:27.041423
1993-06-06,06:45,61.8,,54.1,75.9,0.0,N@0.7,99999.0,66.8,0.0,169,,"WSU Prosser (WSU HQ), Prosser, Benton County",300033,WSU Prosser (WSU HQ),2017-11-23 19:17:27.041423
1993-06-06,07:00,64.1,,54.4,70.6,0.0,W@1.3,99999.0,66.7,0.0,389,,"WSU Prosser (WSU HQ), Prosser, Benton County",300033,WSU Prosser (WSU HQ),2017-11-23 19:17:27.041423
1993-06-06,07:15,65.2,,54.9,69.1,0.0,S@1.6,99999.0,66.7,0.0,446,,"WSU Prosser (WSU HQ), Prosser, Benton County",300033,WSU Prosser (WSU HQ),2017-11-23 19:17:27.041423
1993-06-06,07:30,67.5,,53.0,59.5,0.0,SW@2.1,99999.0,66.5,0.0,466,,"WSU Prosser (WSU HQ), Prosser, Benton County",300033,WSU Prosser (WSU HQ),2017-11-23 19:17:27.041423
1993-06-06,07:45,70.1,,49.5,48.0,0.0,N@2.5,99999.0,66.5,0.0,505,,"WSU Prosser (WSU HQ), Prosser, Benton County",300033,WSU Prosser (WSU HQ),2017-11-23 19:17:27.041423
1993-06-06,08:00,70.9,,50.8,49.0,0.0,NE@3.7,99999.0,66.4,0.0,555,,"WSU Prosser (WSU HQ), Prosser, Benton County",300033,WSU Prosser (WSU HQ),2017-11-23 19:17:27.041423
1993-06-06,08:15,69.9,,54.0,57.0,0.0,E@6.0,99999.0,66.4,0.0,582,,"WSU Prosser (WSU HQ), Prosser, Benton County",300033,WSU Prosser (WSU HQ),2017-11-23 19:17:27.041423
1993-06-06,08:30,69.1,,54.4,59.4,0.0,SE@4.7,99999.0,66.3,0.0,659,,"WSU Prosser (WSU HQ), Prosser, Benton County",300033,WSU Prosser (WSU HQ),2017-11-23 19:17:27.041423
1993-06-06,08:45,69.4,,53.3,56.5,0.0,SE@3.9,99999.0,66.3,0.0,609,,"WSU Prosser (WSU HQ), Prosser, Benton County",300033,WSU Prosser (WSU HQ),2017-11-23 19:17:27.041423
1993-06-06,09:00,69.9,,51.7,52.2,0.0,S@4.5,99999.0,66.2,0.0,532,,"WSU Prosser (WSU HQ), Prosser, Benton County",300033,WSU Prosser (WSU HQ),2017-11-23 19:17:27.041423
1993-06-06,09:15,70.6,,51.9,51.5,0.0,S@5.0,99999.0,66.3,0.0,373,,"WSU Prosser (WSU HQ), Prosser, Benton County",300033,WSU Prosser (WSU HQ),2017-11-23 19:17:27.041423
1993-06-06,09:30,70.4,,51.7,51.4,0.0,SE@2.5,99999.0,66.3,0.0,248,,"WSU Prosser (WSU HQ), Prosser, Benton County",300033,WSU Prosser (WSU HQ),2017-11-23 19:17:27.041423
1993-06-06,09:45,71.7,,51.2,48.3,0.0,SE@1.8,99999.0,66.3,0.0,331,,"WSU Prosser (WSU HQ), Prosser, Benton County",300033,WSU Prosser (WSU HQ),2017-11-23 19:17:27.041423
1993-06-06,10:00,72.9,,50.9,45.9,0.0,S@3.3,99999.0,66.4,0.0,687,,"WSU Prosser (WSU HQ), Prosser, Benton County",300033,WSU Prosser (WSU HQ),2017-11-23 19:17:27.041423
1993-06-06,10:15,74.5,,48.7,40.0,0.0,S@2.4,99999.0,66.5,0.0,780,,"WSU Prosser (WSU HQ), Prosser, Benton County",300033,WSU Prosser (WSU HQ),2017-11-23 19:17:27.041423
1993-06-06,10:30,75.5,,45.3,34.1,0.0,NE@4.0,99999.0,66.5,0.0,563,,"WSU Prosser (WSU HQ), Prosser, Benton County",300033,WSU Prosser (WSU HQ),2017-11-23 19:17:27.041423
1993-06-06,10:45,75.7,,41.2,29.0,0.0,N@5.3,99999.0,66.6,0.0,554,,"WSU Prosser (WSU HQ), Prosser, Benton County",300033,WSU Prosser (WSU HQ),2017-11-23 19:17:27.041423
1993-06-06,11:00,76.0,,40.9,28.3,0.0,N@6.3,99999.0,66.7,0.0,604,,"WSU Prosser (WSU HQ), Prosser, Benton County",300033,WSU Prosser (WSU HQ),2017-11-23 19:17:27.041423
1993-06-06,11:15,75.3,,40.1,28.1,0.0,N@2.8,99999.0,66.8,0.0,516,,"WSU Prosser (WSU HQ), Prosser, Benton County",300033,WSU Prosser (WSU HQ),2017-11-23 19:17:27.041423
1993-06-06,11:30,75.6,,40.5,28.3,0.0,SW@1.7,99999.0,66.9,0.0,483,,"WSU Prosser (WSU HQ), Prosser, Benton County",300033,WSU Prosser (WSU HQ),2017-11-23 19:17:27.041423
1993-06-06,11:45,75.7,,41.3,29.0,0.0,W@3.5,99999.0,67.0,0.0,447,,"WSU Prosser (WSU HQ), Prosser, Benton County",300033,WSU Prosser (WSU HQ),2017-11-23 19:17:27.041423
1993-06-06,12:00,76.1,,41.7,29.1,0.0,W@2.7,99999.0,67.1,0.0,429,,"WSU Prosser (WSU HQ), Prosser, Benton County",300033,WSU Prosser (WSU HQ),2017-11-23 19:17:27.041423
1993-06-06,12:15,76.6,,40.9,27.8,0.0,W@3.7,99999.0,67.2,0.0,453,,"WSU Prosser (WSU HQ), Prosser, Benton County",300033,WSU Prosser (WSU HQ),2017-11-23 19:17:27.041423
1993-06-06,12:30,77.3,,39.4,25.7,0.0,NW@3.9,99999.0,67.3,0.0,553,,"WSU Prosser (WSU HQ), Prosser, Benton County",300033,WSU Prosser (WSU HQ),2017-11-23 19:17:27.041423
1993-06-06,12:45,78.1,,42.2,27.8,0.0,N@3.4,99999.0,67.5,0.0,650,,"WSU Prosser (WSU HQ), Prosser, Benton County",300033,WSU Prosser (WSU HQ),2017-11-23 19:17:27.041423
1993-06-06,13:00,78.5,,44.9,30.4,0.0,NE@4.5,99999.0,67.6,0.0,766,,"WSU Prosser (WSU HQ), Prosser, Benton County",300033,WSU Prosser (WSU HQ),2017-11-23 19:17:27.041423
1993-06-06,13:15,79.1,,42.0,26.6,0.0,N@4.8,99999.0,67.7,0.0,690,,"WSU Prosser (WSU HQ), Prosser, Benton County",300033,WSU Prosser (WSU HQ),2017-11-23 19:17:27.041423
1993-06-06,13:30,78.9,,40.1,24.9,0.0,N@4.4,99999.0,67.8,0.0,608,,"WSU Prosser (WSU HQ), Prosser, Benton County",300033,WSU Prosser (WSU HQ),2017-11-23 19:17:27.041423
1993-06-06,13:45,79.1,,40.8,25.5,0.0,N@3.0,99999.0,67.9,0.0,499,,"WSU Prosser (WSU HQ), Prosser, Benton County",300033,WSU Prosser (WSU HQ),2017-11-23 19:17:27.041423
1993-06-06,14:00,79.6,,41.9,26.2,0.0,N@2.7,99999.0,68.0,0.0,479,,"WSU Prosser (WSU HQ), Prosser, Benton County",300033,WSU Prosser (WSU HQ),2017-11-23 19:17:27.041423
1993-06-06,14:15,78.9,,43.6,28.6,0.0,NE@3.2,99999.0,68.2,0.0,463,,"WSU Prosser (WSU HQ), Prosser, Benton County",300033,WSU Prosser (WSU HQ),2017-11-23 19:17:27.041423
1993-06-06,14:30,78.9,,45.5,30.7,0.0,NW@7.5,99999.0,68.3,0.0,473,,"WSU Prosser (WSU HQ), Prosser, Benton County",300033,WSU Prosser (WSU HQ),2017-11-23 19:17:27.041423
1993-06-06,14:45,78.5,,49.3,35.9,0.0,NW@10.4,99999.0,68.4,0.0,521,,"WSU Prosser (WSU HQ), Prosser, Benton County",300033,WSU Prosser (WSU HQ),2017-11-23 19:17:27.041423
1993-06-06,15:00,77.8,,50.5,38.4,0.0,NW@10.9,99999.0,68.6,0.0,430,,"WSU Prosser (WSU HQ), Prosser, Benton County",300033,WSU Prosser (WSU HQ),2017-11-23 19:17:27.041423
1993-06-06,15:15,76.7,,49.1,37.8,0.0,NW@11.6,99999.0,68.6,0.0,335,,"WSU Prosser (WSU HQ), Prosser, Benton County",300033,WSU Prosser (WSU HQ),2017-11-23 19:17:27.041423
1993-06-06,15:30,76.6,,48.5,37.1,0.0,NW@11.4,99999.0,68.8,0.0,333,,"WSU Prosser (WSU HQ), Prosser, Benton County",300033,WSU Prosser (WSU HQ),2017-11-23 19:17:27.041423
1993-06-06,15:45,77.2,,48.1,35.8,0.0,NW@12.0,99999.0,68.9,0.0,404,,"WSU Prosser (WSU HQ), Prosser, Benton County",300033,WSU Prosser (WSU HQ),2017-11-23 19:17:27.041423
1993-06-06,16:00,77.1,,47.3,34.9,0.0,NW@10.6,99999.0,69.0,0.0,327,,"WSU Prosser (WSU HQ), Prosser, Benton County",300033,WSU Prosser (WSU HQ),2017-11-23 19:17:27.041423
1993-06-06,16:15,75.6,,46.9,36.1,0.0,NW@11.2,99999.0,69.1,0.0,248,,"WSU Prosser (WSU HQ), Prosser, Benton County",300033,WSU Prosser (WSU HQ),2017-11-23 19:17:27.041423
1993-06-06,16:30,75.8,,47.7,37.1,0.0,NW@9.9,99999.0,69.2,0.0,282,,"WSU Prosser (WSU HQ), Prosser, Benton County",300033,WSU Prosser (WSU HQ),2017-11-23 19:17:27.041423
1993-06-06,16:45,75.7,,48.0,37.6,0.0,W@10.8,99999.0,69.3,0.0,291,,"WSU Prosser (WSU HQ), Prosser, Benton County",300033,WSU Prosser (WSU HQ),2017-11-23 19:17:27.041423
1993-06-06,17:00,75.5,,50.0,40.7,0.0,W@14.1,99999.0,69.4,0.0,408,,"WSU Prosser (WSU HQ), Prosser, Benton County",300033,WSU Prosser (WSU HQ),2017-11-23 19:17:27.041423
1993-06-06,17:15,74.4,,50.8,43.5,0.0,NW@14.5,99999.0,69.4,0.0,335,,"WSU Prosser (WSU HQ), Prosser, Benton County",300033,WSU Prosser (WSU HQ),2017-11-23 19:17:27.041423
1993-06-06,17:30,73.3,,51.7,46.7,0.0,NW@12.0,99999.0,69.5,0.0,267,,"WSU Prosser (WSU HQ), Prosser, Benton County",300033,WSU Prosser (WSU HQ),2017-11-23 19:17:27.041423
1993-06-06,17:45,73.0,,51.7,47.3,0.0,NW@12.1,99999.0,69.5,0.0,270,,"WSU Prosser (WSU HQ), Prosser, Benton County",300033,WSU Prosser (WSU HQ),2017-11-23 19:17:27.041423
1993-06-06,18:00,72.9,,51.5,46.9,0.0,NW@11.8,99999.0,69.5,0.0,232,,"WSU Prosser (WSU HQ), Prosser, Benton County",300033,WSU Prosser (WSU HQ),2017-11-23 19:17:27.041423
1993-06-06,18:15,72.2,,51.4,47.9,0.0,W@9.0,99999.0,69.6,0.0,153,,"WSU Prosser (WSU HQ), Prosser, Benton County",300033,WSU Prosser (WSU HQ),2017-11-23 19:17:27.041423
1993-06-06,18:30,71.5,,51.1,48.4,0.0,W@9.1,99999.0,69.6,0.0,120,,"WSU Prosser (WSU HQ), Prosser, Benton County",300033,WSU Prosser (WSU HQ),2017-11-23 19:17:27.041423
1993-06-06,18:45,70.7,,50.8,49.3,0.0,W@9.3,99999.0,69.6,0.0,57,,"WSU Prosser (WSU HQ), Prosser, Benton County",300033,WSU Prosser (WSU HQ),2017-11-23 19:17:27.041423
1993-06-06,19:00,69.8,,50.1,49.4,0.0,W@9.7,99999.0,69.6,0.0,54,,"WSU Prosser (WSU HQ), Prosser, Benton County",300033,WSU Prosser (WSU HQ),2017-11-23 19:17:27.041423
1993-06-06,19:15,69.4,,48.8,47.9,0.0,W@11.1,99999.0,69.6,0.0,52,,"WSU Prosser (WSU HQ), Prosser, Benton County",300033,WSU Prosser (WSU HQ),2017-11-23 19:17:27.041423
1993-06-06,19:30,68.6,,48.3,48.2,0.0,W@11.3,99999.0,69.6,0.0,27,,"WSU Prosser (WSU HQ), Prosser, Benton County",300033,WSU Prosser (WSU HQ),2017-11-23 19:17:27.041423
1993-06-06,19:45,67.9,,47.7,48.4,0.0,W@10.8,99999.0,69.6,0.0,11,,"WSU Prosser (WSU HQ), Prosser, Benton County",300033,WSU Prosser (WSU HQ),2017-11-23 19:17:27.041423
1993-06-06,20:00,67.2,,46.7,47.7,0.0,W@10.9,99999.0,69.6,0.0,2,,"WSU Prosser (WSU HQ), Prosser, Benton County",300033,WSU Prosser (WSU HQ),2017-11-23 19:17:27.041423
1993-06-06,20:15,66.7,,46.2,47.6,0.0,W@10.9,99999.0,69.5,0.0,0,,"WSU Prosser (WSU HQ), Prosser, Benton County",300033,WSU Prosser (WSU HQ),2017-11-23 19:17:27.041423
1993-06-06,20:30,66.0,,46.5,49.3,0.0,W@9.5,99999.0,69.5,0.0,0,,"WSU Prosser (WSU HQ), Prosser, Benton County",300033,WSU Prosser (WSU HQ),2017-11-23 19:17:27.041423
1993-06-06,20:45,65.4,,46.9,51.1,0.0,W@7.6,99999.0,69.4,0.0,0,,"WSU Prosser (WSU HQ), Prosser, Benton County",300033,WSU Prosser (WSU HQ),2017-11-23 19:17:27.041423
1993-06-06,21:00,64.5,,47.6,54.1,0.0,W@6.1,99999.0,69.4,0.0,0,,"WSU Prosser (WSU HQ), Prosser, Benton County",300033,WSU Prosser (WSU HQ),2017-11-23 19:17:27.041423
1993-06-06,21:15,63.9,,47.3,54.7,0.0,W@6.8,99999.0,69.4,0.0,0,,"WSU Prosser (WSU HQ), Prosser, Benton County",300033,WSU Prosser (WSU HQ),2017-11-23 19:17:27.041423
1993-06-06,21:30,63.7,,46.8,54.1,0.0,W@7.0,99999.0,69.4,0.0,0,,"WSU Prosser (WSU HQ), Prosser, Benton County",300033,WSU Prosser (WSU HQ),2017-11-23 19:17:27.041423
1993-06-06,21:45,63.4,,46.4,53.8,0.0,W@7.1,99999.0,69.3,0.0,0,,"WSU Prosser (WSU HQ), Prosser, Benton County",300033,WSU Prosser (WSU HQ),2017-11-23 19:17:27.041423
1993-06-06,22:00,63.2,,45.8,53.0,0.0,W@7.2,99999.0,69.2,0.0,0,,"WSU Prosser (WSU HQ), Prosser, Benton County",300033,WSU Prosser (WSU HQ),2017-11-23 19:17:27.041423
1993-06-06,22:15,62.7,,45.4,53.0,0.0,W@6.9,99999.0,69.1,0.0,0,,"WSU Prosser (WSU HQ), Prosser, Benton County",300033,WSU Prosser (WSU HQ),2017-11-23 19:17:27.041423
1993-06-06,22:30,62.1,,45.1,53.6,0.0,W@7.3,99999.0,69.0,0.0,0,,"WSU Prosser (WSU HQ), Prosser, Benton County",300033,WSU Prosser (WSU HQ),2017-11-23 19:17:27.041423
1993-06-06,22:45,61.3,,45.1,55.2,0.0,W@5.1,99999.0,68.9,0.0,0,,"WSU Prosser (WSU HQ), Prosser, Benton County",300033,WSU Prosser (WSU HQ),2017-11-23 19:17:27.041423
1993-06-06,23:00,60.7,,44.8,55.8,0.0,SW@5.7,99999.0,68.8,0.0,0,,"WSU Prosser (WSU HQ), Prosser, Benton County",300033,WSU Prosser (WSU HQ),2017-11-23 19:17:27.041423
1993-06-07,23:15,59.7,,45.2,58.6,0.0,SW@5.5,99999.0,68.7,0.0,0,,"WSU Prosser (WSU HQ), Prosser, Benton County",300033,WSU Prosser (WSU HQ),2017-11-23 19:17:27.041423
1993-06-07,23:30,59.2,,45.4,60.0,0.0,W@5.1,99999.0,68.6,0.0,0,,"WSU Prosser (WSU HQ), Prosser, Benton County",300033,WSU Prosser (WSU HQ),2017-11-23 19:17:27.041423
1993-06-07,23:45,58.3,,45.2,61.6,0.0,W@4.7,99999.0,68.5,0.0,0,,"WSU Prosser (WSU HQ), Prosser, Benton County",300033,WSU Prosser (WSU HQ),2017-11-23 19:17:27.041423
1993-06-07,24:00,48.8,,40.4,72.6,0.0,W@2.2,99999.0,68.4,0.0,0,,"WSU Prosser (WSU HQ), Prosser, Benton County",300033,WSU Prosser (WSU HQ),2017-11-23 19:17:27.041423
