Date,Time PST,Air Temp °F, 2<sup>nd</sup> Air Temp °F, Dew Point °F, Rel Hum %, Leaf Wet u., Wind Dir @ Speed mph, Wind Gust mph, 8 in. Soil Tmp °F, Tot Prec in, Solar Rad W/m²,Location,Station ID,Station Name,Download Timestamp
2018-01-19,00:15,37.2,37.2,37.0,99.2,0.0,SW@8.9,10.7,40.6,0.0,0,"Ringold, Franklin County",300021,Ringold,2018-02-13 21:25:40.439256
2018-01-19,00:30,37.0,37.2,36.8,99.2,0.0,SW@6.9,9.9,40.6,0.0,0,"Ringold, Franklin County",300021,Ringold,2018-02-13 21:25:40.439256
2018-01-19,00:45,35.8,35.9,35.6,99.2,0.01,SW@4.6,6.4,40.6,0.0,0,"Ringold, Franklin County",300021,Ringold,2018-02-13 21:25:40.439256
2018-01-19,01:00,35.2,35.3,35.0,99.2,0.08,S@5.1,6.4,40.6,0.0,0,"Ringold, Franklin County",300021,Ringold,2018-02-13 21:25:40.439256
2018-01-19,01:15,35.8,35.9,35.6,99.2,0.05,SW@5.7,7.8,40.6,0.0,0,"Ringold, Franklin County",300021,Ringold,2018-02-13 21:25:40.439256
2018-01-19,01:30,36.2,36.3,36.0,99.2,0.0,SW@5.9,7.8,40.6,0.0,0,"Ringold, Franklin County",300021,Ringold,2018-02-13 21:25:40.439256
2018-01-19,01:45,36.2,36.3,36.0,99.2,0.0,W@4.0,6.4,40.6,0.0,0,"Ringold, Franklin County",300021,Ringold,2018-02-13 21:25:40.439256
2018-01-19,02:00,35.0,35.1,34.8,99.2,0.0,SW@4.5,6.7,40.6,0.0,0,"Ringold, Franklin County",300021,Ringold,2018-02-13 21:25:40.439256
2018-01-19,02:15,33.9,34.0,33.7,99.2,0.0,SW@3.7,6.0,40.6,0.0,0,"Ringold, Franklin County",300021,Ringold,2018-02-13 21:25:40.439256
2018-01-19,02:30,34.9,35.0,34.6,98.8,0.0,W@3.1,5.7,40.6,0.0,0,"Ringold, Franklin County",300021,Ringold,2018-02-13 21:25:40.439256
2018-01-19,02:45,34.5,34.5,34.2,99.0,0.0,SW@3.0,5.7,40.6,0.0,0,"Ringold, Franklin County",300021,Ringold,2018-02-13 21:25:40.439256
2018-01-19,03:00,33.9,33.9,33.7,99.2,0.0,SW@3.2,4.9,40.6,0.0,0,"Ringold, Franklin County",300021,Ringold,2018-02-13 21:25:40.439256
2018-01-19,03:15,33.5,33.6,33.3,99.2,0.0,SW@3.8,4.9,40.6,0.0,0,"Ringold, Franklin County",300021,Ringold,2018-02-13 21:25:40.439256
2018-01-19,03:30,32.5,32.6,32.3,99.2,0.02,SW@4.0,5.7,40.6,0.0,0,"Ringold, Franklin County",300021,Ringold,2018-02-13 21:25:40.439256
2018-01-19,03:45,32.9,33.0,32.7,99.2,0.08,W@3.3,4.6,40.6,0.0,0,"Ringold, Franklin County",300021,Ringold,2018-02-13 21:25:40.439256
2018-01-19,04:00,34.0,34.1,33.5,98.3,0.01,SW@3.6,4.9,40.5,0.0,0,"Ringold, Franklin County",300021,Ringold,2018-02-13 21:25:40.439256
2018-01-19,04:15,32.3,32.4,32.1,99.2,0.0,SW@4.4,5.7,40.5,0.0,0,"Ringold, Franklin County",300021,Ringold,2018-02-13 21:25:40.439256
2018-01-19,04:30,32.5,32.5,32.3,99.2,0.03,SW@5.4,7.4,40.5,0.0,0,"Ringold, Franklin County",300021,Ringold,2018-02-13 21:25:40.439256
2018-01-19,04:45,32.9,33.0,32.7,99.2,0.0,SW@5.3,7.4,40.5,0.0,0,"Ringold, Franklin County",300021,Ringold,2018-02-13 21:25:40.439256
2018-01-19,05:00,34.7,34.8,34.3,98.7,0.0,SW@6.6,8.5,40.5,0.0,0,"Ringold, Franklin County",300021,Ringold,2018-02-13 21:25:40.439256
2018-01-19,05:15,34.6,34.7,34.4,99.1,0.0,SW@7.8,10.3,40.5,0.0,0,"Ringold, Franklin County",300021,Ringold,2018-02-13 21:25:40.439256
2018-01-19,05:30,34.7,34.9,34.5,99.1,0.0,SW@7.9,10.3,40.5,0.0,0,"Ringold, Franklin County",300021,Ringold,2018-02-13 21:25:40.439256
2018-01-19,05:45,33.5,33.6,33.3,99.2,0.0,S@5.5,7.4,40.5,0.0,0,"Ringold, Franklin County",300021,Ringold,2018-02-13 21:25:40.439256
2018-01-19,06:00,32.6,32.7,32.4,99.2,0.0,S@6.0,8.9,40.5,0.0,0,"Ringold, Franklin County",300021,Ringold,2018-02-13 21:25:40.439256
2018-01-19,06:15,33.1,33.2,32.9,99.2,0.0,S@6.8,9.2,40.4,0.0,0,"Ringold, Franklin County",300021,Ringold,2018-02-13 21:25:40.439256
2018-01-19,06:30,33.4,33.6,33.2,99.2,0.0,S@7.1,11.4,40.4,0.0,0,"Ringold, Franklin County",300021,Ringold,2018-02-13 21:25:40.439256
2018-01-19,06:45,34.1,34.3,33.9,99.2,0.0,S@9.2,14.2,40.4,0.0,0,"Ringold, Franklin County",300021,Ringold,2018-02-13 21:25:40.439256
2018-01-19,07:00,35.6,35.7,35.4,99.1,0.0,SW@9.7,13.9,40.4,0.0,0,"Ringold, Franklin County",300021,Ringold,2018-02-13 21:25:40.439256
2018-01-19,07:15,35.5,35.6,35.2,99.0,0.0,SW@9.5,12.4,40.4,0.0,0,"Ringold, Franklin County",300021,Ringold,2018-02-13 21:25:40.439256
2018-01-19,07:30,34.6,34.7,34.4,99.2,0.0,SW@8.0,11.7,40.4,0.0,2,"Ringold, Franklin County",300021,Ringold,2018-02-13 21:25:40.439256
2018-01-19,07:45,34.8,35.0,34.6,99.2,0.0,S@5.7,8.2,40.3,0.0,9,"Ringold, Franklin County",300021,Ringold,2018-02-13 21:25:40.439256
2018-01-19,08:00,35.3,35.3,35.0,98.8,0.0,S@4.9,10.3,40.3,0.0,25,"Ringold, Franklin County",300021,Ringold,2018-02-13 21:25:40.439256
2018-01-19,08:15,35.5,35.6,35.3,99.1,0.0,SW@7.5,10.3,40.3,0.0,39,"Ringold, Franklin County",300021,Ringold,2018-02-13 21:25:40.439256
2018-01-19,08:30,35.7,35.9,35.5,99.1,0.0,S@7.7,11.0,40.3,0.0,32,"Ringold, Franklin County",300021,Ringold,2018-02-13 21:25:40.439256
2018-01-19,08:45,36.5,36.6,35.8,97.3,0.0,SW@7.4,10.3,40.3,0.0,29,"Ringold, Franklin County",300021,Ringold,2018-02-13 21:25:40.439256
2018-01-19,09:00,37.1,37.2,36.0,95.8,0.0,SW@5.5,9.2,40.3,0.0,56,"Ringold, Franklin County",300021,Ringold,2018-02-13 21:25:40.439256
2018-01-19,09:15,38.5,38.4,37.1,94.9,0.0,SW@6.3,10.3,40.2,0.0,211,"Ringold, Franklin County",300021,Ringold,2018-02-13 21:25:40.439256
2018-01-19,09:30,39.5,39.5,37.5,92.7,0.0,SW@8.6,13.5,40.2,0.0,240,"Ringold, Franklin County",300021,Ringold,2018-02-13 21:25:40.439256
2018-01-19,09:45,40.0,40.0,37.2,89.7,0.0,SW@10.5,15.7,40.2,0.0,210,"Ringold, Franklin County",300021,Ringold,2018-02-13 21:25:40.439256
2018-01-19,10:00,39.3,39.4,37.2,92.2,0.0,SW@9.5,17.1,40.2,0.0,149,"Ringold, Franklin County",300021,Ringold,2018-02-13 21:25:40.439256
2018-01-19,10:15,38.5,38.5,36.6,92.9,0.0,SW@9.9,15.3,40.1,0.0,53,"Ringold, Franklin County",300021,Ringold,2018-02-13 21:25:40.439256
2018-01-19,10:30,38.8,38.9,37.5,95.0,0.0,SW@8.6,13.2,40.1,0.0,125,"Ringold, Franklin County",300021,Ringold,2018-02-13 21:25:40.439256
2018-01-19,10:45,39.9,40.0,37.4,90.7,0.0,SW@9.5,13.5,40.1,0.0,171,"Ringold, Franklin County",300021,Ringold,2018-02-13 21:25:40.439256
2018-01-19,11:00,41.1,41.2,37.9,88.2,0.0,SW@8.7,11.7,40.1,0.0,251,"Ringold, Franklin County",300021,Ringold,2018-02-13 21:25:40.439256
2018-01-19,11:15,43.3,43.4,38.6,83.3,0.0,SW@10.7,16.4,40.1,0.0,368,"Ringold, Franklin County",300021,Ringold,2018-02-13 21:25:40.439256
2018-01-19,11:30,43.8,43.8,37.8,79.3,0.0,SW@11.7,16.4,40.0,0.0,380,"Ringold, Franklin County",300021,Ringold,2018-02-13 21:25:40.439256
2018-01-19,11:45,44.6,44.6,38.1,77.8,0.0,SW@11.7,16.4,40.0,0.0,385,"Ringold, Franklin County",300021,Ringold,2018-02-13 21:25:40.439256
2018-01-19,12:00,45.1,45.1,37.6,74.8,0.0,SW@11.8,16.4,40.0,0.0,386,"Ringold, Franklin County",300021,Ringold,2018-02-13 21:25:40.439256
2018-01-19,12:15,45.9,45.9,37.6,72.6,0.0,SW@10.9,15.7,40.0,0.0,386,"Ringold, Franklin County",300021,Ringold,2018-02-13 21:25:40.439256
2018-01-19,12:30,46.4,46.3,36.6,68.4,0.0,SW@10.9,16.4,40.0,0.0,383,"Ringold, Franklin County",300021,Ringold,2018-02-13 21:25:40.439256
2018-01-19,12:45,47.2,47.2,37.1,67.7,0.0,SW@10.7,15.7,39.9,0.0,378,"Ringold, Franklin County",300021,Ringold,2018-02-13 21:25:40.439256
2018-01-19,13:00,47.4,47.4,36.9,66.7,0.0,SW@11.0,15.7,39.9,0.0,370,"Ringold, Franklin County",300021,Ringold,2018-02-13 21:25:40.439256
2018-01-19,13:15,47.7,47.7,35.5,62.3,0.0,SW@12.3,18.2,39.9,0.0,360,"Ringold, Franklin County",300021,Ringold,2018-02-13 21:25:40.439256
2018-01-19,13:30,47.5,47.5,36.0,64.2,0.0,SW@12.0,16.0,39.9,0.0,347,"Ringold, Franklin County",300021,Ringold,2018-02-13 21:25:40.439256
2018-01-19,13:45,47.8,47.8,36.1,63.6,0.0,SW@11.9,17.1,39.9,0.0,330,"Ringold, Franklin County",300021,Ringold,2018-02-13 21:25:40.439256
2018-01-19,14:00,47.5,47.5,35.9,63.9,0.0,SW@12.2,17.1,39.8,0.0,303,"Ringold, Franklin County",300021,Ringold,2018-02-13 21:25:40.439256
2018-01-19,14:15,46.4,46.5,36.3,67.6,0.0,SW@10.5,14.6,39.8,0.0,146,"Ringold, Franklin County",300021,Ringold,2018-02-13 21:25:40.439256
2018-01-19,14:30,45.9,46.0,36.4,69.1,0.0,SW@10.4,15.7,39.8,0.0,157,"Ringold, Franklin County",300021,Ringold,2018-02-13 21:25:40.439256
2018-01-19,14:45,47.3,47.2,36.4,65.8,0.0,SW@9.9,13.9,39.8,0.0,232,"Ringold, Franklin County",300021,Ringold,2018-02-13 21:25:40.439256
2018-01-19,15:00,47.0,47.0,35.8,64.9,0.0,SW@11.4,15.7,39.8,0.0,169,"Ringold, Franklin County",300021,Ringold,2018-02-13 21:25:40.439256
2018-01-19,15:15,46.2,46.3,35.7,66.5,0.0,SW@11.3,15.0,39.8,0.0,103,"Ringold, Franklin County",300021,Ringold,2018-02-13 21:25:40.439256
2018-01-19,15:30,45.4,45.4,35.9,69.1,0.0,SW@8.7,12.1,39.8,0.0,82,"Ringold, Franklin County",300021,Ringold,2018-02-13 21:25:40.439256
2018-01-19,15:45,45.4,45.5,36.4,70.3,0.0,SW@8.5,11.7,39.8,0.0,102,"Ringold, Franklin County",300021,Ringold,2018-02-13 21:25:40.439256
2018-01-19,16:00,45.2,45.2,36.0,70.0,0.0,SW@8.6,12.4,39.8,0.0,72,"Ringold, Franklin County",300021,Ringold,2018-02-13 21:25:40.439256
2018-01-19,16:15,44.6,44.6,35.6,70.7,0.0,SW@9.5,13.5,39.8,0.0,55,"Ringold, Franklin County",300021,Ringold,2018-02-13 21:25:40.439256
2018-01-19,16:30,42.9,43.0,36.4,77.6,0.0,SW@7.0,10.7,39.8,0.0,31,"Ringold, Franklin County",300021,Ringold,2018-02-13 21:25:40.439256
2018-01-19,16:45,40.9,41.0,36.5,84.0,0.0,S@6.0,7.8,39.8,0.0,8,"Ringold, Franklin County",300021,Ringold,2018-02-13 21:25:40.439256
2018-01-19,17:00,39.2,39.4,36.8,91.1,0.0,S@5.6,7.4,39.8,0.0,2,"Ringold, Franklin County",300021,Ringold,2018-02-13 21:25:40.439256
2018-01-19,17:15,38.6,38.7,36.4,91.5,0.0,S@4.2,6.4,39.9,0.0,0,"Ringold, Franklin County",300021,Ringold,2018-02-13 21:25:40.439256
2018-01-19,17:30,37.7,37.8,36.1,93.8,0.0,S@5.1,6.7,39.9,0.0,0,"Ringold, Franklin County",300021,Ringold,2018-02-13 21:25:40.439256
2018-01-19,17:45,38.5,38.7,36.4,92.1,0.0,S@5.5,7.4,39.9,0.0,0,"Ringold, Franklin County",300021,Ringold,2018-02-13 21:25:40.439256
2018-01-19,18:00,39.2,39.4,36.5,89.8,0.0,SW@6.9,9.9,39.9,0.0,0,"Ringold, Franklin County",300021,Ringold,2018-02-13 21:25:40.439256
2018-01-19,18:15,40.9,41.0,35.8,81.9,0.0,SW@8.8,12.4,39.9,0.0,0,"Ringold, Franklin County",300021,Ringold,2018-02-13 21:25:40.439256
2018-01-19,18:30,40.8,41.0,35.5,81.1,0.0,SW@7.9,10.3,39.9,0.0,0,"Ringold, Franklin County",300021,Ringold,2018-02-13 21:25:40.439256
2018-01-19,18:45,40.1,40.2,35.5,83.5,0.0,SW@8.7,11.7,39.9,0.0,0,"Ringold, Franklin County",300021,Ringold,2018-02-13 21:25:40.439256
2018-01-19,19:00,39.8,39.9,35.8,85.6,0.0,S@7.3,11.0,40.0,0.0,0,"Ringold, Franklin County",300021,Ringold,2018-02-13 21:25:40.439256
2018-01-19,19:15,39.8,39.9,36.0,86.3,0.0,SW@8.5,12.1,40.0,0.0,0,"Ringold, Franklin County",300021,Ringold,2018-02-13 21:25:40.439256
2018-01-19,19:30,39.8,39.9,35.9,85.7,0.0,SW@8.7,12.1,40.0,0.0,0,"Ringold, Franklin County",300021,Ringold,2018-02-13 21:25:40.439256
2018-01-19,19:45,38.4,38.5,36.1,91.3,0.0,S@6.2,8.9,40.0,0.0,0,"Ringold, Franklin County",300021,Ringold,2018-02-13 21:25:40.439256
2018-01-19,20:00,37.7,37.9,36.1,93.6,0.0,S@6.7,8.5,40.0,0.0,0,"Ringold, Franklin County",300021,Ringold,2018-02-13 21:25:40.439256
2018-01-19,20:15,36.1,36.2,35.9,99.1,0.0,S@6.4,8.2,40.0,0.0,0,"Ringold, Franklin County",300021,Ringold,2018-02-13 21:25:40.439256
2018-01-19,20:30,34.9,35.0,34.7,99.1,0.0,S@4.6,5.7,40.0,0.0,0,"Ringold, Franklin County",300021,Ringold,2018-02-13 21:25:40.439256
2018-01-19,20:45,35.7,35.9,34.3,94.4,0.0,SW@5.1,8.5,40.0,0.0,0,"Ringold, Franklin County",300021,Ringold,2018-02-13 21:25:40.439256
2018-01-19,21:00,36.9,37.0,33.9,88.9,0.0,SW@4.9,7.4,40.0,0.0,0,"Ringold, Franklin County",300021,Ringold,2018-02-13 21:25:40.439256
2018-01-19,21:15,36.9,37.0,34.1,89.4,0.0,SW@6.8,10.7,40.0,0.0,0,"Ringold, Franklin County",300021,Ringold,2018-02-13 21:25:40.439256
2018-01-19,21:30,38.5,38.7,35.0,86.9,0.0,SW@8.5,12.1,40.1,0.0,0,"Ringold, Franklin County",300021,Ringold,2018-02-13 21:25:40.439256
2018-01-19,21:45,36.8,37.0,35.3,94.3,0.0,S@7.0,10.7,40.1,0.0,0,"Ringold, Franklin County",300021,Ringold,2018-02-13 21:25:40.439256
2018-01-19,22:00,35.6,35.8,35.2,98.3,0.0,S@6.2,8.9,40.1,0.0,0,"Ringold, Franklin County",300021,Ringold,2018-02-13 21:25:40.439256
2018-01-19,22:15,35.2,35.2,35.0,99.2,0.0,S@4.7,7.4,40.1,0.0,0,"Ringold, Franklin County",300021,Ringold,2018-02-13 21:25:40.439256
2018-01-19,22:30,37.3,37.4,36.3,96.1,0.0,SW@9.1,13.5,40.1,0.0,0,"Ringold, Franklin County",300021,Ringold,2018-02-13 21:25:40.439256
2018-01-19,22:45,36.5,36.6,36.0,98.0,0.0,S@7.2,9.6,40.1,0.0,0,"Ringold, Franklin County",300021,Ringold,2018-02-13 21:25:40.439256
2018-01-19,23:00,36.0,36.2,35.8,99.2,0.0,S@7.3,9.9,40.1,0.0,0,"Ringold, Franklin County",300021,Ringold,2018-02-13 21:25:40.439256
2018-01-19,23:15,36.2,36.4,36.0,99.2,0.0,S@8.4,10.3,40.1,0.0,0,"Ringold, Franklin County",300021,Ringold,2018-02-13 21:25:40.439256
2018-01-19,23:30,36.7,36.8,36.5,99.2,0.0,SW@8.7,12.4,40.1,0.0,0,"Ringold, Franklin County",300021,Ringold,2018-02-13 21:25:40.439256
2018-01-19,23:45,36.6,36.7,36.4,99.2,0.0,SW@8.3,11.4,40.1,0.0,0,"Ringold, Franklin County",300021,Ringold,2018-02-13 21:25:40.439256
2018-01-19,24:00,35.8,36.0,35.6,99.2,0.0,S@6.8,9.2,40.1,0.0,0,"Ringold, Franklin County",300021,Ringold,2018-02-13 21:25:40.439256
2018-01-20,00:15,35.5,35.7,35.3,99.2,0.0,S@7.1,9.9,40.0,0.0,0,"Ringold, Franklin County",300021,Ringold,2018-02-13 21:25:40.439256
2018-01-20,00:30,35.1,35.2,34.9,99.2,0.0,S@6.3,11.4,40.0,0.0,0,"Ringold, Franklin County",300021,Ringold,2018-02-13 21:25:40.439256
2018-01-20,00:45,35.7,35.8,35.5,99.2,0.0,S@8.1,12.1,40.0,0.0,0,"Ringold, Franklin County",300021,Ringold,2018-02-13 21:25:40.439256
2018-01-20,01:00,34.8,34.9,34.6,99.2,0.0,S@7.9,11.4,40.0,0.0,0,"Ringold, Franklin County",300021,Ringold,2018-02-13 21:25:40.439256
2018-01-20,01:15,34.6,34.7,34.4,99.2,0.0,S@7.4,9.9,40.0,0.0,0,"Ringold, Franklin County",300021,Ringold,2018-02-13 21:25:40.439256
2018-01-20,01:30,34.8,34.9,34.6,99.2,0.0,SW@8.4,11.4,40.0,0.0,0,"Ringold, Franklin County",300021,Ringold,2018-02-13 21:25:40.439256
2018-01-20,01:45,34.8,35.0,34.6,99.2,0.0,SW@7.3,9.6,40.0,0.0,0,"Ringold, Franklin County",300021,Ringold,2018-02-13 21:25:40.439256
2018-01-20,02:00,35.0,35.2,34.8,99.2,0.0,S@8.2,10.7,40.0,0.0,0,"Ringold, Franklin County",300021,Ringold,2018-02-13 21:25:40.439256
2018-01-20,02:15,34.6,34.7,34.4,99.2,0.0,S@7.4,9.9,40.0,0.0,0,"Ringold, Franklin County",300021,Ringold,2018-02-13 21:25:40.439256
2018-01-20,02:30,33.9,34.1,33.7,99.2,0.0,S@6.1,8.2,40.0,0.0,0,"Ringold, Franklin County",300021,Ringold,2018-02-13 21:25:40.439256
2018-01-20,02:45,33.4,33.5,33.2,99.2,0.0,S@6.4,9.6,40.0,0.0,0,"Ringold, Franklin County",300021,Ringold,2018-02-13 21:25:40.439256
2018-01-20,03:00,34.4,34.6,34.2,99.2,0.0,SW@8.1,11.0,40.0,0.0,0,"Ringold, Franklin County",300021,Ringold,2018-02-13 21:25:40.439256
2018-01-20,03:15,35.7,35.9,35.5,99.2,0.0,S@7.3,9.9,40.0,0.0,0,"Ringold, Franklin County",300021,Ringold,2018-02-13 21:25:40.439256
2018-01-20,03:30,35.7,35.8,35.5,99.1,0.0,S@5.9,9.6,40.0,0.0,0,"Ringold, Franklin County",300021,Ringold,2018-02-13 21:25:40.439256
2018-01-20,03:45,34.8,34.9,34.6,99.2,0.0,S@6.3,8.5,39.9,0.0,0,"Ringold, Franklin County",300021,Ringold,2018-02-13 21:25:40.439256
2018-01-20,04:00,36.3,36.4,35.2,95.9,0.0,S@7.4,11.4,39.9,0.0,0,"Ringold, Franklin County",300021,Ringold,2018-02-13 21:25:40.439256
2018-01-20,04:15,35.6,35.8,35.3,98.9,0.0,S@7.1,12.1,39.9,0.0,0,"Ringold, Franklin County",300021,Ringold,2018-02-13 21:25:40.439256
2018-01-20,04:30,36.1,36.2,35.8,98.9,0.0,S@8.1,12.1,39.9,0.0,0,"Ringold, Franklin County",300021,Ringold,2018-02-13 21:25:40.439256
2018-01-20,04:45,37.0,37.1,36.5,97.9,0.0,SW@8.2,11.4,39.9,0.0,0,"Ringold, Franklin County",300021,Ringold,2018-02-13 21:25:40.439256
2018-01-20,05:00,37.7,37.8,36.3,94.8,0.0,SW@8.1,13.5,39.9,0.0,0,"Ringold, Franklin County",300021,Ringold,2018-02-13 21:25:40.439256
2018-01-20,05:15,37.6,37.8,36.3,94.7,0.0,SW@7.7,11.7,39.9,0.0,0,"Ringold, Franklin County",300021,Ringold,2018-02-13 21:25:40.439256
2018-01-20,05:30,37.4,37.6,36.4,96.3,0.0,SW@8.0,11.0,39.8,0.0,0,"Ringold, Franklin County",300021,Ringold,2018-02-13 21:25:40.439256
2018-01-20,05:45,36.3,36.4,36.0,98.9,0.0,SW@6.7,10.7,39.8,0.0,0,"Ringold, Franklin County",300021,Ringold,2018-02-13 21:25:40.439256
2018-01-20,06:00,36.5,36.7,36.1,98.1,0.0,SW@7.0,11.4,39.8,0.0,0,"Ringold, Franklin County",300021,Ringold,2018-02-13 21:25:40.439256
2018-01-20,06:15,37.0,37.2,36.2,96.7,0.0,SW@4.4,9.6,39.8,0.0,0,"Ringold, Franklin County",300021,Ringold,2018-02-13 21:25:40.439256
2018-01-20,06:30,37.2,37.3,36.4,97.0,0.0,SW@9.7,13.9,39.8,0.0,0,"Ringold, Franklin County",300021,Ringold,2018-02-13 21:25:40.439256
2018-01-20,06:45,37.3,37.5,36.6,97.4,0.0,SW@9.5,13.9,39.8,0.0,0,"Ringold, Franklin County",300021,Ringold,2018-02-13 21:25:40.439256
2018-01-20,07:00,37.3,37.5,36.7,97.4,0.0,SW@6.0,10.7,39.8,0.0,0,"Ringold, Franklin County",300021,Ringold,2018-02-13 21:25:40.439256
2018-01-20,07:15,37.5,37.7,36.6,96.3,0.0,SW@7.4,12.1,39.7,0.0,0,"Ringold, Franklin County",300021,Ringold,2018-02-13 21:25:40.439256
2018-01-20,07:30,37.3,37.4,36.6,97.4,0.0,SW@8.6,13.2,39.7,0.0,2,"Ringold, Franklin County",300021,Ringold,2018-02-13 21:25:40.439256
2018-01-20,07:45,37.3,37.5,36.7,97.7,0.0,SW@8.6,11.4,39.7,0.0,3,"Ringold, Franklin County",300021,Ringold,2018-02-13 21:25:40.439256
2018-01-20,08:00,37.5,37.7,36.8,97.1,0.0,SW@7.6,10.7,39.7,0.0,12,"Ringold, Franklin County",300021,Ringold,2018-02-13 21:25:40.439256
2018-01-20,08:15,37.8,37.9,36.7,95.9,0.0,SW@8.1,12.4,39.7,0.0,23,"Ringold, Franklin County",300021,Ringold,2018-02-13 21:25:40.439256
2018-01-20,08:30,37.5,37.6,36.9,97.7,0.0,SW@8.7,12.4,39.7,0.0,41,"Ringold, Franklin County",300021,Ringold,2018-02-13 21:25:40.439256
2018-01-20,08:45,37.9,38.0,36.9,96.3,0.0,SW@7.7,9.9,39.7,0.0,68,"Ringold, Franklin County",300021,Ringold,2018-02-13 21:25:40.439256
2018-01-20,09:00,38.0,38.1,37.0,95.9,0.0,SW@7.5,9.9,39.6,0.0,76,"Ringold, Franklin County",300021,Ringold,2018-02-13 21:25:40.439256
2018-01-20,09:15,38.0,38.1,37.0,96.2,0.0,SW@8.1,11.7,39.6,0.0,77,"Ringold, Franklin County",300021,Ringold,2018-02-13 21:25:40.439256
2018-01-20,09:30,38.2,38.3,37.2,96.3,0.0,SW@9.6,14.2,39.6,0.0,108,"Ringold, Franklin County",300021,Ringold,2018-02-13 21:25:40.439256
2018-01-20,09:45,38.9,39.0,37.7,95.5,0.0,SW@9.5,13.9,39.6,0.0,190,"Ringold, Franklin County",300021,Ringold,2018-02-13 21:25:40.439256
2018-01-20,10:00,39.9,40.0,37.8,91.9,0.0,SW@9.3,12.4,39.6,0.0,197,"Ringold, Franklin County",300021,Ringold,2018-02-13 21:25:40.439256
2018-01-20,10:15,40.5,40.5,37.9,90.6,0.0,SW@9.9,15.0,39.6,0.0,189,"Ringold, Franklin County",300021,Ringold,2018-02-13 21:25:40.439256
2018-01-20,10:30,41.5,41.6,38.3,88.2,0.0,SW@10.4,14.2,39.6,0.0,270,"Ringold, Franklin County",300021,Ringold,2018-02-13 21:25:40.439256
2018-01-20,10:45,42.0,42.0,38.1,86.1,0.0,SW@10.7,14.6,39.5,0.0,257,"Ringold, Franklin County",300021,Ringold,2018-02-13 21:25:40.439256
2018-01-20,11:00,41.8,41.9,38.0,86.3,0.0,SW@10.3,15.0,39.5,0.0,174,"Ringold, Franklin County",300021,Ringold,2018-02-13 21:25:40.439256
2018-01-20,11:15,41.9,42.0,37.9,85.7,0.0,SW@9.4,13.5,39.5,0.0,171,"Ringold, Franklin County",300021,Ringold,2018-02-13 21:25:40.439256
2018-01-20,11:30,41.9,42.0,37.7,84.9,0.0,SW@9.2,13.2,39.5,0.0,162,"Ringold, Franklin County",300021,Ringold,2018-02-13 21:25:40.439256
2018-01-20,11:45,42.7,42.8,37.7,82.2,0.0,SW@8.8,12.1,39.5,0.0,262,"Ringold, Franklin County",300021,Ringold,2018-02-13 21:25:40.439256
2018-01-20,12:00,43.8,43.9,37.4,77.9,0.0,SW@9.9,14.6,39.5,0.0,294,"Ringold, Franklin County",300021,Ringold,2018-02-13 21:25:40.439256
2018-01-20,12:15,44.6,44.6,37.1,74.7,0.0,SW@8.3,12.1,39.5,0.0,313,"Ringold, Franklin County",300021,Ringold,2018-02-13 21:25:40.439256
2018-01-20,12:30,46.0,46.0,35.8,67.3,0.0,SW@7.7,12.4,39.5,0.0,346,"Ringold, Franklin County",300021,Ringold,2018-02-13 21:25:40.439256
2018-01-20,12:45,46.1,46.1,35.1,65.4,0.0,SW@9.2,13.9,39.5,0.0,317,"Ringold, Franklin County",300021,Ringold,2018-02-13 21:25:40.439256
2018-01-20,13:00,45.7,45.7,35.7,67.9,0.0,SW@8.3,12.1,39.5,0.0,275,"Ringold, Franklin County",300021,Ringold,2018-02-13 21:25:40.439256
2018-01-20,13:15,46.5,46.5,36.6,68.3,0.0,SW@8.2,11.0,39.4,0.0,343,"Ringold, Franklin County",300021,Ringold,2018-02-13 21:25:40.439256
2018-01-20,13:30,46.9,47.0,36.8,67.7,0.0,SW@8.6,12.8,39.4,0.0,323,"Ringold, Franklin County",300021,Ringold,2018-02-13 21:25:40.439256
2018-01-20,13:45,46.8,46.9,36.5,67.0,0.0,SW@8.8,13.2,39.4,0.0,269,"Ringold, Franklin County",300021,Ringold,2018-02-13 21:25:40.439256
2018-01-20,14:00,46.7,46.8,36.0,66.0,0.0,SW@6.2,11.0,39.4,0.0,179,"Ringold, Franklin County",300021,Ringold,2018-02-13 21:25:40.439256
2018-01-20,14:15,47.8,47.8,34.0,58.6,0.0,SW@6.2,8.5,39.4,0.0,242,"Ringold, Franklin County",300021,Ringold,2018-02-13 21:25:40.439256
2018-01-20,14:30,48.7,48.6,33.4,55.3,0.0,SW@7.3,10.3,39.4,0.0,263,"Ringold, Franklin County",300021,Ringold,2018-02-13 21:25:40.439256
2018-01-20,14:45,47.6,47.6,32.7,56.0,0.0,SW@6.1,9.2,39.4,0.0,129,"Ringold, Franklin County",300021,Ringold,2018-02-13 21:25:40.439256
2018-01-20,15:00,46.4,46.5,33.6,60.9,0.0,SW@5.7,7.4,39.4,0.0,123,"Ringold, Franklin County",300021,Ringold,2018-02-13 21:25:40.439256
2018-01-20,15:15,48.3,48.4,33.9,57.2,0.0,SW@5.5,8.9,39.4,0.0,232,"Ringold, Franklin County",300021,Ringold,2018-02-13 21:25:40.439256
2018-01-20,15:30,49.0,49.0,32.9,53.6,0.0,SW@6.0,9.2,39.5,0.0,174,"Ringold, Franklin County",300021,Ringold,2018-02-13 21:25:40.439256
2018-01-20,15:45,48.1,48.1,33.1,56.0,0.0,SW@7.2,11.4,39.5,0.0,128,"Ringold, Franklin County",300021,Ringold,2018-02-13 21:25:40.439256
2018-01-20,16:00,47.4,47.5,33.3,57.8,0.0,SW@6.9,9.6,39.5,0.0,99,"Ringold, Franklin County",300021,Ringold,2018-02-13 21:25:40.439256
2018-01-20,16:15,46.7,46.8,33.6,60.0,0.0,SW@5.4,8.5,39.5,0.0,51,"Ringold, Franklin County",300021,Ringold,2018-02-13 21:25:40.439256
2018-01-20,16:30,44.3,44.4,34.3,67.6,0.0,S@4.6,6.7,39.5,0.0,34,"Ringold, Franklin County",300021,Ringold,2018-02-13 21:25:40.439256
2018-01-20,16:45,41.7,41.8,37.7,85.7,0.0,S@4.4,7.1,39.5,0.0,9,"Ringold, Franklin County",300021,Ringold,2018-02-13 21:25:40.439256
2018-01-20,17:00,40.7,40.8,37.9,89.7,0.0,S@4.6,6.7,39.5,0.0,2,"Ringold, Franklin County",300021,Ringold,2018-02-13 21:25:40.439256
2018-01-20,17:15,40.8,40.9,37.1,86.8,0.0,S@5.3,6.4,39.6,0.0,0,"Ringold, Franklin County",300021,Ringold,2018-02-13 21:25:40.439256
2018-01-20,17:30,38.8,38.9,37.1,93.6,0.0,S@5.5,7.1,39.6,0.0,0,"Ringold, Franklin County",300021,Ringold,2018-02-13 21:25:40.439256
2018-01-20,17:45,38.1,38.2,37.0,95.6,0.0,SW@5.3,6.7,39.6,0.0,0,"Ringold, Franklin County",300021,Ringold,2018-02-13 21:25:40.439256
2018-01-20,18:00,39.7,39.8,36.8,89.5,0.0,SW@5.9,7.8,39.6,0.0,0,"Ringold, Franklin County",300021,Ringold,2018-02-13 21:25:40.439256
2018-01-20,18:15,39.6,39.7,36.6,89.0,0.0,SW@5.9,7.8,39.6,0.0,0,"Ringold, Franklin County",300021,Ringold,2018-02-13 21:25:40.439256
2018-01-20,18:30,38.5,38.5,36.1,91.1,0.0,SW@5.5,6.7,39.7,0.0,0,"Ringold, Franklin County",300021,Ringold,2018-02-13 21:25:40.439256
2018-01-20,18:45,35.8,35.9,35.5,98.7,0.0,SW@5.0,7.1,39.7,0.0,0,"Ringold, Franklin County",300021,Ringold,2018-02-13 21:25:40.439256
2018-01-20,19:00,36.3,36.5,35.9,98.2,0.0,SW@5.2,6.7,39.7,0.0,0,"Ringold, Franklin County",300021,Ringold,2018-02-13 21:25:40.439256
2018-01-20,19:15,36.0,36.1,35.4,97.5,0.0,SW@4.1,5.7,39.7,0.0,0,"Ringold, Franklin County",300021,Ringold,2018-02-13 21:25:40.439256
2018-01-20,19:30,36.9,37.0,35.5,94.7,0.0,SW@4.0,5.3,39.8,0.0,0,"Ringold, Franklin County",300021,Ringold,2018-02-13 21:25:40.439256
2018-01-20,19:45,37.6,37.8,35.3,91.1,0.0,W@4.3,6.0,39.8,0.0,0,"Ringold, Franklin County",300021,Ringold,2018-02-13 21:25:40.439256
2018-01-20,20:00,36.2,36.3,34.6,93.6,0.0,SW@4.0,5.7,39.8,0.0,0,"Ringold, Franklin County",300021,Ringold,2018-02-13 21:25:40.439256
2018-01-20,20:15,35.0,35.1,34.5,98.2,0.0,SW@4.7,6.4,39.8,0.0,0,"Ringold, Franklin County",300021,Ringold,2018-02-13 21:25:40.439256
2018-01-20,20:30,34.5,34.6,34.0,98.3,0.0,SW@4.1,5.3,39.8,0.0,0,"Ringold, Franklin County",300021,Ringold,2018-02-13 21:25:40.439256
2018-01-20,20:45,34.3,34.4,34.1,99.1,0.0,SW@5.0,6.7,39.9,0.0,0,"Ringold, Franklin County",300021,Ringold,2018-02-13 21:25:40.439256
2018-01-20,21:00,34.8,34.9,34.6,99.1,0.0,SW@5.4,8.2,39.9,0.0,0,"Ringold, Franklin County",300021,Ringold,2018-02-13 21:25:40.439256
2018-01-20,21:15,36.6,36.7,35.7,96.6,0.0,SW@7.3,9.9,39.9,0.0,0,"Ringold, Franklin County",300021,Ringold,2018-02-13 21:25:40.439256
2018-01-20,21:30,36.4,36.5,35.8,97.8,0.0,SW@7.3,8.9,39.9,0.0,0,"Ringold, Franklin County",300021,Ringold,2018-02-13 21:25:40.439256
2018-01-20,21:45,35.5,35.6,35.3,98.9,0.0,S@5.9,7.8,39.9,0.0,0,"Ringold, Franklin County",300021,Ringold,2018-02-13 21:25:40.439256
2018-01-20,22:00,36.2,36.4,35.8,98.2,0.0,S@7.6,10.7,39.9,0.0,0,"Ringold, Franklin County",300021,Ringold,2018-02-13 21:25:40.439256
2018-01-20,22:15,36.4,36.6,35.7,97.1,0.0,S@7.7,10.7,39.9,0.0,0,"Ringold, Franklin County",300021,Ringold,2018-02-13 21:25:40.439256
2018-01-20,22:30,36.6,36.8,35.3,94.9,0.0,S@7.4,9.9,39.9,0.0,0,"Ringold, Franklin County",300021,Ringold,2018-02-13 21:25:40.439256
2018-01-20,22:45,36.5,36.7,35.2,95.1,0.0,S@7.9,11.0,39.9,0.0,0,"Ringold, Franklin County",300021,Ringold,2018-02-13 21:25:40.439256
2018-01-20,23:00,35.9,36.1,34.7,95.3,0.0,S@6.1,8.5,39.9,0.0,0,"Ringold, Franklin County",300021,Ringold,2018-02-13 21:25:40.439256
2018-01-20,23:15,34.7,34.8,34.1,97.7,0.0,S@4.4,5.7,39.9,0.0,0,"Ringold, Franklin County",300021,Ringold,2018-02-13 21:25:40.439256
2018-01-20,23:30,34.9,35.0,34.2,97.4,0.0,S@4.9,6.7,39.9,0.0,0,"Ringold, Franklin County",300021,Ringold,2018-02-13 21:25:40.439256
2018-01-20,23:45,34.2,34.3,33.8,98.4,0.0,S@4.6,6.0,39.9,0.0,0,"Ringold, Franklin County",300021,Ringold,2018-02-13 21:25:40.439256
2018-01-20,24:00,33.6,33.7,33.4,99.2,0.0,S@5.9,8.2,39.9,0.0,0,"Ringold, Franklin County",300021,Ringold,2018-02-13 21:25:40.439256
2018-01-21,00:15,35.6,35.7,35.0,97.5,0.0,S@6.0,8.9,39.9,0.0,0,"Ringold, Franklin County",300021,Ringold,2018-02-13 21:25:40.439256
2018-01-21,00:30,33.9,34.0,33.7,99.1,0.0,S@6.8,8.9,39.9,0.0,0,"Ringold, Franklin County",300021,Ringold,2018-02-13 21:25:40.439256
2018-01-21,00:45,34.8,35.0,34.1,97.2,0.0,S@5.4,8.5,39.9,0.0,0,"Ringold, Franklin County",300021,Ringold,2018-02-13 21:25:40.439256
2018-01-21,01:00,33.7,33.9,33.4,98.8,0.0,S@5.8,8.5,39.9,0.0,0,"Ringold, Franklin County",300021,Ringold,2018-02-13 21:25:40.439256
2018-01-21,01:15,34.8,34.9,33.9,96.5,0.0,S@6.2,8.5,39.9,0.0,0,"Ringold, Franklin County",300021,Ringold,2018-02-13 21:25:40.439256
2018-01-21,01:30,33.8,34.0,33.4,98.2,0.0,S@5.0,6.7,39.9,0.0,0,"Ringold, Franklin County",300021,Ringold,2018-02-13 21:25:40.439256
2018-01-21,01:45,33.2,33.4,33.0,99.2,0.0,SE@4.1,6.0,39.9,0.0,0,"Ringold, Franklin County",300021,Ringold,2018-02-13 21:25:40.439256
2018-01-21,02:00,33.0,33.1,32.8,99.1,0.0,S@5.0,6.7,39.9,0.0,0,"Ringold, Franklin County",300021,Ringold,2018-02-13 21:25:40.439256
2018-01-21,02:15,34.6,34.7,34.0,97.8,0.0,SE@5.4,6.7,39.9,0.0,0,"Ringold, Franklin County",300021,Ringold,2018-02-13 21:25:40.439256
2018-01-21,02:30,34.6,34.8,33.6,96.2,0.0,SE@4.0,6.7,39.9,0.0,0,"Ringold, Franklin County",300021,Ringold,2018-02-13 21:25:40.439256
2018-01-21,02:45,32.9,33.0,32.7,99.0,0.0,E@1.4,3.5,39.9,0.0,0,"Ringold, Franklin County",300021,Ringold,2018-02-13 21:25:40.439256
2018-01-21,03:00,33.0,33.0,32.8,99.0,0.06,E@2.2,3.5,39.9,0.0,0,"Ringold, Franklin County",300021,Ringold,2018-02-13 21:25:40.439256
2018-01-21,03:15,33.6,33.6,32.8,96.7,0.0,SE@2.5,4.2,39.8,0.0,0,"Ringold, Franklin County",300021,Ringold,2018-02-13 21:25:40.439256
2018-01-21,03:30,33.3,33.3,32.6,97.4,0.0,SE@2.4,4.2,39.8,0.0,0,"Ringold, Franklin County",300021,Ringold,2018-02-13 21:25:40.439256
2018-01-21,03:45,32.9,32.9,32.5,98.5,0.0,E@2.2,4.6,39.8,0.0,0,"Ringold, Franklin County",300021,Ringold,2018-02-13 21:25:40.439256
2018-01-21,04:00,32.4,32.4,32.1,99.1,0.03,SE@2.1,3.5,39.8,0.0,0,"Ringold, Franklin County",300021,Ringold,2018-02-13 21:25:40.439256
2018-01-21,04:15,32.1,32.2,31.9,99.1,0.05,SE@4.4,6.7,39.8,0.0,0,"Ringold, Franklin County",300021,Ringold,2018-02-13 21:25:40.439256
2018-01-21,04:30,33.1,33.3,32.3,96.7,0.0,S@6.2,9.9,39.8,0.0,0,"Ringold, Franklin County",300021,Ringold,2018-02-13 21:25:40.439256
2018-01-21,04:45,34.7,34.9,31.9,89.3,0.0,S@7.7,11.4,39.8,0.0,0,"Ringold, Franklin County",300021,Ringold,2018-02-13 21:25:40.439256
2018-01-21,05:00,35.0,35.1,31.7,87.7,0.0,S@8.2,11.4,39.7,0.0,0,"Ringold, Franklin County",300021,Ringold,2018-02-13 21:25:40.439256
2018-01-21,05:15,34.9,35.0,31.7,88.0,0.0,S@6.6,8.9,39.7,0.0,0,"Ringold, Franklin County",300021,Ringold,2018-02-13 21:25:40.439256
2018-01-21,05:30,34.7,34.9,32.1,90.2,0.0,SE@5.9,7.4,39.7,0.0,0,"Ringold, Franklin County",300021,Ringold,2018-02-13 21:25:40.439256
2018-01-21,05:45,34.6,34.8,32.8,93.2,0.0,SE@6.1,7.8,39.7,0.0,0,"Ringold, Franklin County",300021,Ringold,2018-02-13 21:25:40.439256
2018-01-21,06:00,34.2,34.3,32.6,93.9,0.0,SE@5.6,7.4,39.7,0.0,0,"Ringold, Franklin County",300021,Ringold,2018-02-13 21:25:40.439256
2018-01-21,06:15,34.2,34.3,32.9,95.1,0.0,SE@4.9,7.4,39.7,0.0,0,"Ringold, Franklin County",300021,Ringold,2018-02-13 21:25:40.439256
2018-01-21,06:30,34.3,34.4,32.8,94.0,0.0,SE@3.6,6.4,39.7,0.0,0,"Ringold, Franklin County",300021,Ringold,2018-02-13 21:25:40.439256
2018-01-21,06:45,32.9,32.9,32.6,98.8,0.0,SE@1.9,3.5,39.6,0.0,0,"Ringold, Franklin County",300021,Ringold,2018-02-13 21:25:40.439256
2018-01-21,07:00,32.7,32.7,32.5,99.1,0.0,SE@2.2,3.5,39.6,0.0,0,"Ringold, Franklin County",300021,Ringold,2018-02-13 21:25:40.439256
2018-01-21,07:15,33.8,33.9,32.7,95.7,0.0,SE@2.3,4.6,39.6,0.0,0,"Ringold, Franklin County",300021,Ringold,2018-02-13 21:25:40.439256
2018-01-21,07:30,34.2,34.2,32.6,94.1,0.0,SE@4.1,7.1,39.6,0.0,4,"Ringold, Franklin County",300021,Ringold,2018-02-13 21:25:40.439256
2018-01-21,07:45,34.4,34.4,32.5,92.9,0.0,SE@4.1,6.0,39.6,0.0,8,"Ringold, Franklin County",300021,Ringold,2018-02-13 21:25:40.439256
2018-01-21,08:00,35.0,35.1,32.3,89.7,0.0,SE@4.7,6.7,39.5,0.0,15,"Ringold, Franklin County",300021,Ringold,2018-02-13 21:25:40.439256
2018-01-21,08:15,34.6,34.7,32.8,93.2,0.0,SE@3.9,5.7,39.5,0.0,17,"Ringold, Franklin County",300021,Ringold,2018-02-13 21:25:40.439256
2018-01-21,08:30,35.4,35.5,32.8,90.0,0.0,SE@4.2,7.4,39.5,0.0,19,"Ringold, Franklin County",300021,Ringold,2018-02-13 21:25:40.439256
2018-01-21,08:45,35.7,35.9,32.7,88.6,0.0,SE@5.5,7.4,39.5,0.0,27,"Ringold, Franklin County",300021,Ringold,2018-02-13 21:25:40.439256
2018-01-21,09:00,36.0,36.1,32.9,88.5,0.0,SE@5.5,7.4,39.5,0.0,42,"Ringold, Franklin County",300021,Ringold,2018-02-13 21:25:40.439256
2018-01-21,09:15,36.0,36.1,32.7,87.8,0.0,SE@5.8,7.1,39.4,0.0,55,"Ringold, Franklin County",300021,Ringold,2018-02-13 21:25:40.439256
2018-01-21,09:30,35.8,36.0,33.1,89.5,0.0,SE@4.6,7.4,39.4,0.0,66,"Ringold, Franklin County",300021,Ringold,2018-02-13 21:25:40.439256
2018-01-21,09:45,36.7,36.9,32.8,85.3,0.0,SE@5.3,7.1,39.4,0.0,106,"Ringold, Franklin County",300021,Ringold,2018-02-13 21:25:40.439256
2018-01-21,10:00,39.2,39.3,31.6,73.9,0.0,SE@5.5,7.8,39.4,0.0,151,"Ringold, Franklin County",300021,Ringold,2018-02-13 21:25:40.439256
2018-01-21,10:15,40.4,40.6,31.0,68.9,0.0,SE@6.9,8.9,39.4,0.0,100,"Ringold, Franklin County",300021,Ringold,2018-02-13 21:25:40.439256
2018-01-21,10:30,40.0,40.1,31.2,70.5,0.0,SE@6.5,11.0,39.4,0.0,68,"Ringold, Franklin County",300021,Ringold,2018-02-13 21:25:40.439256
2018-01-21,10:45,40.1,40.3,32.0,72.4,0.0,SE@4.9,10.7,39.3,0.0,93,"Ringold, Franklin County",300021,Ringold,2018-02-13 21:25:40.439256
2018-01-21,11:00,40.9,41.0,33.0,73.2,0.0,SE@6.4,9.2,39.3,0.0,135,"Ringold, Franklin County",300021,Ringold,2018-02-13 21:25:40.439256
2018-01-21,11:15,42.1,42.2,33.6,71.6,0.0,SE@7.3,11.0,39.3,0.0,137,"Ringold, Franklin County",300021,Ringold,2018-02-13 21:25:40.439256
2018-01-21,11:30,43.7,43.8,33.5,67.2,0.0,S@7.2,11.0,39.3,0.0,158,"Ringold, Franklin County",300021,Ringold,2018-02-13 21:25:40.439256
2018-01-21,11:45,45.7,45.8,32.6,60.0,0.0,S@8.3,11.4,39.3,0.0,124,"Ringold, Franklin County",300021,Ringold,2018-02-13 21:25:40.439256
2018-01-21,12:00,44.9,45.1,33.2,63.3,0.02,S@7.6,11.0,39.2,0.0,47,"Ringold, Franklin County",300021,Ringold,2018-02-13 21:25:40.439256
2018-01-21,12:15,44.4,44.6,34.1,66.7,0.05,SW@11.5,21.0,39.2,0.0,28,"Ringold, Franklin County",300021,Ringold,2018-02-13 21:25:40.439256
2018-01-21,12:30,43.2,43.3,37.5,80.1,0.47,SW@12.3,18.9,39.2,0.0,18,"Ringold, Franklin County",300021,Ringold,2018-02-13 21:25:40.439256
2018-01-21,12:45,42.0,42.2,40.1,92.8,0.93,S@9.3,12.8,39.2,0.02,20,"Ringold, Franklin County",300021,Ringold,2018-02-13 21:25:40.439256
2018-01-21,13:00,41.4,41.5,41.1,99.0,1.0,S@8.9,15.7,39.2,0.02,28,"Ringold, Franklin County",300021,Ringold,2018-02-13 21:25:40.439256
2018-01-21,13:15,41.9,42.0,41.5,98.8,0.96,S@12.6,19.2,39.2,0.01,31,"Ringold, Franklin County",300021,Ringold,2018-02-13 21:25:40.439256
2018-01-21,13:30,41.6,41.7,41.3,99.2,0.94,S@12.6,17.5,39.2,0.01,22,"Ringold, Franklin County",300021,Ringold,2018-02-13 21:25:40.439256
2018-01-21,13:45,41.5,41.6,41.3,99.2,0.95,S@13.6,17.8,39.1,0.01,37,"Ringold, Franklin County",300021,Ringold,2018-02-13 21:25:40.439256
2018-01-21,14:00,41.8,42.0,41.6,99.2,0.94,S@13.6,20.0,39.1,0.0,57,"Ringold, Franklin County",300021,Ringold,2018-02-13 21:25:40.439256
2018-01-21,14:15,42.1,42.2,41.9,99.2,0.92,S@14.2,19.2,39.1,0.0,69,"Ringold, Franklin County",300021,Ringold,2018-02-13 21:25:40.439256
2018-01-21,14:30,42.3,42.4,42.1,99.2,0.7,S@12.4,17.5,39.1,0.0,75,"Ringold, Franklin County",300021,Ringold,2018-02-13 21:25:40.439256
2018-01-21,14:45,42.8,42.9,42.6,99.2,0.03,SE@10.7,15.7,39.1,0.0,84,"Ringold, Franklin County",300021,Ringold,2018-02-13 21:25:40.439256
2018-01-21,15:00,42.7,42.8,42.5,99.2,0.0,SE@12.4,16.7,39.1,0.0,62,"Ringold, Franklin County",300021,Ringold,2018-02-13 21:25:40.439256
2018-01-21,15:15,42.3,42.5,42.1,99.2,0.0,S@12.8,18.2,39.1,0.0,48,"Ringold, Franklin County",300021,Ringold,2018-02-13 21:25:40.439256
2018-01-21,15:30,42.4,42.5,42.2,99.2,0.0,S@13.1,17.1,39.1,0.0,31,"Ringold, Franklin County",300021,Ringold,2018-02-13 21:25:40.439256
2018-01-21,15:45,42.3,42.5,42.1,99.2,0.0,S@12.9,17.5,39.1,0.0,32,"Ringold, Franklin County",300021,Ringold,2018-02-13 21:25:40.439256
2018-01-21,16:00,42.1,42.2,41.9,99.2,0.0,S@13.1,16.7,39.1,0.0,23,"Ringold, Franklin County",300021,Ringold,2018-02-13 21:25:40.439256
2018-01-21,16:15,41.8,42.0,41.6,99.2,0.0,S@13.1,18.5,39.1,0.0,19,"Ringold, Franklin County",300021,Ringold,2018-02-13 21:25:40.439256
2018-01-21,16:30,41.9,42.0,41.7,99.2,0.0,S@11.7,17.1,39.1,0.0,19,"Ringold, Franklin County",300021,Ringold,2018-02-13 21:25:40.439256
2018-01-21,16:45,41.7,41.9,41.5,99.2,0.0,S@10.1,15.0,39.1,0.0,7,"Ringold, Franklin County",300021,Ringold,2018-02-13 21:25:40.439256
2018-01-21,17:00,41.6,41.8,41.4,99.2,0.0,S@10.4,14.6,39.1,0.0,2,"Ringold, Franklin County",300021,Ringold,2018-02-13 21:25:40.439256
2018-01-21,17:15,42.1,42.2,41.7,98.4,0.0,S@9.3,13.9,39.1,0.0,0,"Ringold, Franklin County",300021,Ringold,2018-02-13 21:25:40.439256
2018-01-21,17:30,42.2,42.3,41.2,96.2,0.0,S@7.9,13.2,39.1,0.0,0,"Ringold, Franklin County",300021,Ringold,2018-02-13 21:25:40.439256
2018-01-21,17:45,42.4,42.6,41.1,95.1,0.0,S@7.8,11.0,39.1,0.0,0,"Ringold, Franklin County",300021,Ringold,2018-02-13 21:25:40.439256
2018-01-21,18:00,43.1,43.3,40.6,90.6,0.0,S@8.3,12.4,39.1,0.0,0,"Ringold, Franklin County",300021,Ringold,2018-02-13 21:25:40.439256
2018-01-21,18:15,42.9,43.0,40.3,90.3,0.0,S@9.4,13.5,39.2,0.0,0,"Ringold, Franklin County",300021,Ringold,2018-02-13 21:25:40.439256
2018-01-21,18:30,41.0,41.1,39.9,95.6,0.0,S@6.0,9.2,39.2,0.0,0,"Ringold, Franklin County",300021,Ringold,2018-02-13 21:25:40.439256
2018-01-21,18:45,41.1,41.3,40.2,96.4,0.0,S@6.2,9.2,39.2,0.0,0,"Ringold, Franklin County",300021,Ringold,2018-02-13 21:25:40.439256
2018-01-21,19:00,40.1,40.2,39.7,98.4,0.0,SW@5.6,8.9,39.2,0.0,0,"Ringold, Franklin County",300021,Ringold,2018-02-13 21:25:40.439256
2018-01-21,19:15,40.9,41.1,40.7,99.0,0.0,S@8.7,13.5,39.2,0.0,0,"Ringold, Franklin County",300021,Ringold,2018-02-13 21:25:40.439256
2018-01-21,19:30,41.7,41.9,41.4,98.8,0.0,S@10.9,13.9,39.2,0.0,0,"Ringold, Franklin County",300021,Ringold,2018-02-13 21:25:40.439256
2018-01-21,19:45,42.0,42.1,41.6,98.5,0.0,SW@13.3,16.4,39.2,0.0,0,"Ringold, Franklin County",300021,Ringold,2018-02-13 21:25:40.439256
2018-01-21,20:00,42.6,42.8,41.6,96.1,0.0,SW@13.1,16.0,39.2,0.0,0,"Ringold, Franklin County",300021,Ringold,2018-02-13 21:25:40.439256
2018-01-21,20:15,42.7,42.9,41.1,93.8,0.0,SW@12.6,16.4,39.2,0.0,0,"Ringold, Franklin County",300021,Ringold,2018-02-13 21:25:40.439256
2018-01-21,20:30,43.3,43.5,40.0,87.8,0.0,SW@12.6,17.1,39.2,0.0,0,"Ringold, Franklin County",300021,Ringold,2018-02-13 21:25:40.439256
2018-01-21,20:45,43.2,43.3,39.6,87.1,0.0,SW@9.9,14.6,39.2,0.0,0,"Ringold, Franklin County",300021,Ringold,2018-02-13 21:25:40.439256
2018-01-21,21:00,42.6,42.7,40.2,91.3,0.0,SW@7.6,12.8,39.2,0.0,0,"Ringold, Franklin County",300021,Ringold,2018-02-13 21:25:40.439256
2018-01-21,21:15,42.2,42.3,40.7,94.3,0.0,SW@8.1,11.4,39.3,0.0,0,"Ringold, Franklin County",300021,Ringold,2018-02-13 21:25:40.439256
2018-01-21,21:30,41.5,41.6,40.0,94.5,0.0,SW@7.0,11.0,39.3,0.0,0,"Ringold, Franklin County",300021,Ringold,2018-02-13 21:25:40.439256
2018-01-21,21:45,40.6,40.7,39.2,94.7,0.0,SW@6.7,12.1,39.3,0.0,0,"Ringold, Franklin County",300021,Ringold,2018-02-13 21:25:40.439256
2018-01-21,22:00,40.9,41.0,38.2,89.9,0.0,SW@9.1,12.8,39.3,0.0,0,"Ringold, Franklin County",300021,Ringold,2018-02-13 21:25:40.439256
2018-01-21,22:15,39.3,39.4,38.0,94.9,0.0,S@7.3,11.4,39.3,0.0,0,"Ringold, Franklin County",300021,Ringold,2018-02-13 21:25:40.439256
2018-01-21,22:30,39.4,39.5,38.3,96.0,0.0,S@8.0,11.4,39.3,0.0,0,"Ringold, Franklin County",300021,Ringold,2018-02-13 21:25:40.439256
2018-01-21,22:45,39.7,39.8,37.7,92.7,0.0,SW@9.3,12.1,39.3,0.0,0,"Ringold, Franklin County",300021,Ringold,2018-02-13 21:25:40.439256
2018-01-21,23:00,38.9,39.0,37.7,95.7,0.0,SW@6.6,9.9,39.3,0.0,0,"Ringold, Franklin County",300021,Ringold,2018-02-13 21:25:40.439256
2018-01-21,23:15,39.9,40.0,37.0,89.5,0.0,SW@6.8,11.4,39.3,0.0,0,"Ringold, Franklin County",300021,Ringold,2018-02-13 21:25:40.439256
2018-01-21,23:30,39.7,39.9,36.7,88.9,0.0,SW@5.1,8.5,39.3,0.0,0,"Ringold, Franklin County",300021,Ringold,2018-02-13 21:25:40.439256
2018-01-21,23:45,39.2,39.3,37.2,92.4,0.0,SW@6.1,9.2,39.3,0.0,0,"Ringold, Franklin County",300021,Ringold,2018-02-13 21:25:40.439256
2018-01-21,24:00,37.8,37.8,37.0,97.1,0.0,SW@4.7,6.4,39.4,0.0,0,"Ringold, Franklin County",300021,Ringold,2018-02-13 21:25:40.439256
2018-01-22,00:15,37.0,37.1,36.8,99.1,0.0,SW@6.1,8.2,39.4,0.0,0,"Ringold, Franklin County",300021,Ringold,2018-02-13 21:25:40.439256
2018-01-22,00:30,36.3,36.4,36.1,99.1,0.0,SW@3.9,6.0,39.4,0.0,0,"Ringold, Franklin County",300021,Ringold,2018-02-13 21:25:40.439256
2018-01-22,00:45,35.1,35.2,34.9,99.2,0.04,S@3.1,4.2,39.4,0.0,0,"Ringold, Franklin County",300021,Ringold,2018-02-13 21:25:40.439256
2018-01-22,01:00,35.5,35.5,35.3,99.2,0.12,S@4.2,6.7,39.4,0.0,0,"Ringold, Franklin County",300021,Ringold,2018-02-13 21:25:40.439256
2018-01-22,01:15,35.3,35.4,35.1,99.2,0.11,S@4.7,6.7,39.4,0.0,0,"Ringold, Franklin County",300021,Ringold,2018-02-13 21:25:40.439256
2018-01-22,01:30,34.5,34.5,34.3,99.2,0.17,S@2.4,4.9,39.4,0.0,0,"Ringold, Franklin County",300021,Ringold,2018-02-13 21:25:40.439256
2018-01-22,01:45,33.1,33.2,32.9,99.2,0.29,SW@3.3,4.2,39.4,0.0,0,"Ringold, Franklin County",300021,Ringold,2018-02-13 21:25:40.439256
2018-01-22,02:00,32.7,32.7,32.5,99.2,0.39,SW@3.1,4.2,39.4,0.0,0,"Ringold, Franklin County",300021,Ringold,2018-02-13 21:25:40.439256
2018-01-22,02:15,33.0,33.0,32.7,98.9,0.31,SW@4.0,5.7,39.4,0.0,0,"Ringold, Franklin County",300021,Ringold,2018-02-13 21:25:40.439256
2018-01-22,02:30,32.8,33.0,32.6,99.2,0.28,SW@4.4,5.7,39.4,0.0,0,"Ringold, Franklin County",300021,Ringold,2018-02-13 21:25:40.439256
2018-01-22,02:45,33.4,33.5,33.2,99.2,0.29,SW@4.5,8.2,39.4,0.0,0,"Ringold, Franklin County",300021,Ringold,2018-02-13 21:25:40.439256
2018-01-22,03:00,36.8,36.9,35.2,94.0,0.07,SW@5.1,7.1,39.4,0.0,0,"Ringold, Franklin County",300021,Ringold,2018-02-13 21:25:40.439256
2018-01-22,03:15,35.5,35.6,35.1,98.4,0.0,SW@5.1,7.8,39.4,0.0,0,"Ringold, Franklin County",300021,Ringold,2018-02-13 21:25:40.439256
2018-01-22,03:30,35.8,35.9,35.4,98.7,0.0,SW@6.9,9.6,39.4,0.0,0,"Ringold, Franklin County",300021,Ringold,2018-02-13 21:25:40.439256
2018-01-22,03:45,35.2,35.4,35.0,99.2,0.0,SW@5.3,8.9,39.4,0.0,0,"Ringold, Franklin County",300021,Ringold,2018-02-13 21:25:40.439256
2018-01-22,04:00,34.3,34.4,34.1,99.2,0.01,SW@5.2,7.4,39.4,0.0,0,"Ringold, Franklin County",300021,Ringold,2018-02-13 21:25:40.439256
2018-01-22,04:15,34.3,34.5,34.1,99.2,0.06,S@6.4,8.9,39.4,0.0,0,"Ringold, Franklin County",300021,Ringold,2018-02-13 21:25:40.439256
2018-01-22,04:30,34.0,34.1,33.8,99.2,0.06,S@5.7,7.4,39.4,0.0,0,"Ringold, Franklin County",300021,Ringold,2018-02-13 21:25:40.439256
2018-01-22,04:45,34.1,34.3,33.9,99.2,0.06,S@6.6,8.2,39.4,0.0,0,"Ringold, Franklin County",300021,Ringold,2018-02-13 21:25:40.439256
2018-01-22,05:00,33.4,33.5,33.2,99.2,0.08,SW@5.7,7.8,39.4,0.0,0,"Ringold, Franklin County",300021,Ringold,2018-02-13 21:25:40.439256
2018-01-22,05:15,33.5,33.7,33.3,99.2,0.12,S@5.4,7.1,39.4,0.0,0,"Ringold, Franklin County",300021,Ringold,2018-02-13 21:25:40.439256
2018-01-22,05:30,33.4,33.5,33.2,99.2,0.15,S@6.2,10.7,39.4,0.0,0,"Ringold, Franklin County",300021,Ringold,2018-02-13 21:25:40.439256
2018-01-22,05:45,34.2,34.4,34.0,99.2,0.08,S@7.1,9.6,39.4,0.0,0,"Ringold, Franklin County",300021,Ringold,2018-02-13 21:25:40.439256
2018-01-22,06:00,33.5,33.5,33.3,99.2,0.1,S@3.4,6.7,39.4,0.0,0,"Ringold, Franklin County",300021,Ringold,2018-02-13 21:25:40.439256
2018-01-22,06:15,33.6,33.6,33.4,99.2,0.23,SE@1.2,2.8,39.4,0.0,0,"Ringold, Franklin County",300021,Ringold,2018-02-13 21:25:40.439256
2018-01-22,06:30,33.4,33.5,33.2,99.2,0.34,S@4.5,9.6,39.4,0.0,0,"Ringold, Franklin County",300021,Ringold,2018-02-13 21:25:40.439256
2018-01-22,06:45,33.7,33.9,33.5,99.2,0.24,S@6.7,9.6,39.3,0.0,0,"Ringold, Franklin County",300021,Ringold,2018-02-13 21:25:40.439256
2018-01-22,07:00,34.1,34.2,33.9,99.2,0.11,S@6.3,9.6,39.3,0.0,0,"Ringold, Franklin County",300021,Ringold,2018-02-13 21:25:40.439256
2018-01-22,07:15,34.4,34.5,34.2,99.2,0.04,S@6.1,8.2,39.3,0.0,0,"Ringold, Franklin County",300021,Ringold,2018-02-13 21:25:40.439256
2018-01-22,07:30,33.5,33.6,33.3,99.2,0.08,S@3.4,5.3,39.3,0.0,2,"Ringold, Franklin County",300021,Ringold,2018-02-13 21:25:40.439256
2018-01-22,07:45,33.8,34.0,33.6,99.2,0.1,S@6.6,12.1,39.3,0.0,9,"Ringold, Franklin County",300021,Ringold,2018-02-13 21:25:40.439256
2018-01-22,08:00,36.0,36.1,35.6,98.6,0.0,SW@11.8,15.3,39.3,0.0,48,"Ringold, Franklin County",300021,Ringold,2018-02-13 21:25:40.439256
2018-01-22,08:15,36.8,36.9,36.3,97.9,0.0,SW@10.9,14.6,39.3,0.0,92,"Ringold, Franklin County",300021,Ringold,2018-02-13 21:25:40.439256
2018-01-22,08:30,37.6,37.8,36.4,95.2,0.0,SW@13.5,17.1,39.3,0.0,50,"Ringold, Franklin County",300021,Ringold,2018-02-13 21:25:40.439256
2018-01-22,08:45,38.0,38.2,36.6,94.7,0.0,SW@12.5,16.7,39.2,0.0,67,"Ringold, Franklin County",300021,Ringold,2018-02-13 21:25:40.439256
2018-01-22,09:00,38.5,38.6,37.1,95.0,0.0,SW@9.6,15.3,39.2,0.0,87,"Ringold, Franklin County",300021,Ringold,2018-02-13 21:25:40.439256
2018-01-22,09:15,37.9,38.0,37.1,97.2,0.0,S@7.7,11.0,39.2,0.0,78,"Ringold, Franklin County",300021,Ringold,2018-02-13 21:25:40.439256
2018-01-22,09:30,38.2,38.3,37.9,98.8,0.0,SW@9.2,12.8,39.2,0.0,146,"Ringold, Franklin County",300021,Ringold,2018-02-13 21:25:40.439256
2018-01-22,09:45,39.3,39.4,38.5,96.9,0.0,S@6.8,12.1,39.2,0.0,148,"Ringold, Franklin County",300021,Ringold,2018-02-13 21:25:40.439256
2018-01-22,10:00,39.3,39.4,38.8,98.1,0.0,S@9.4,13.2,39.2,0.0,116,"Ringold, Franklin County",300021,Ringold,2018-02-13 21:25:40.439256
2018-01-22,10:15,41.2,41.3,39.0,91.8,0.0,S@9.6,14.2,39.2,0.0,218,"Ringold, Franklin County",300021,Ringold,2018-02-13 21:25:40.439256
2018-01-22,10:30,42.4,42.5,39.0,87.6,0.0,SW@11.0,15.7,39.1,0.0,283,"Ringold, Franklin County",300021,Ringold,2018-02-13 21:25:40.439256
2018-01-22,10:45,43.9,44.0,38.7,81.7,0.0,SW@11.0,15.7,39.1,0.0,410,"Ringold, Franklin County",300021,Ringold,2018-02-13 21:25:40.439256
2018-01-22,11:00,44.7,44.8,38.5,78.9,0.0,SW@11.1,15.7,39.1,0.0,319,"Ringold, Franklin County",300021,Ringold,2018-02-13 21:25:40.439256
2018-01-22,11:15,45.1,45.1,37.8,75.6,0.0,SW@10.6,17.1,39.1,0.0,226,"Ringold, Franklin County",300021,Ringold,2018-02-13 21:25:40.439256
2018-01-22,11:30,45.8,46.0,37.8,73.4,0.0,SW@10.5,15.7,39.1,0.0,226,"Ringold, Franklin County",300021,Ringold,2018-02-13 21:25:40.439256
2018-01-22,11:45,46.5,46.5,37.6,71.1,0.0,SW@11.4,17.5,39.1,0.0,320,"Ringold, Franklin County",300021,Ringold,2018-02-13 21:25:40.439256
2018-01-22,12:00,47.1,47.1,37.8,69.8,0.0,SW@11.6,16.7,39.1,0.0,376,"Ringold, Franklin County",300021,Ringold,2018-02-13 21:25:40.439256
2018-01-22,12:15,47.1,47.1,38.0,70.5,0.0,SW@11.5,16.7,39.0,0.0,361,"Ringold, Franklin County",300021,Ringold,2018-02-13 21:25:40.439256
2018-01-22,12:30,47.6,47.6,38.0,68.9,0.0,SW@13.3,17.1,39.0,0.0,401,"Ringold, Franklin County",300021,Ringold,2018-02-13 21:25:40.439256
2018-01-22,12:45,47.8,47.9,38.3,69.4,0.0,SW@13.0,19.2,39.0,0.0,375,"Ringold, Franklin County",300021,Ringold,2018-02-13 21:25:40.439256
2018-01-22,13:00,48.3,48.3,38.1,67.8,0.0,SW@13.4,17.8,39.0,0.0,384,"Ringold, Franklin County",300021,Ringold,2018-02-13 21:25:40.439256
2018-01-22,13:15,48.5,48.5,38.1,67.0,0.0,SW@13.2,18.5,39.0,0.0,362,"Ringold, Franklin County",300021,Ringold,2018-02-13 21:25:40.439256
2018-01-22,13:30,49.1,49.1,38.1,65.6,0.0,SW@11.9,17.5,39.0,0.0,369,"Ringold, Franklin County",300021,Ringold,2018-02-13 21:25:40.439256
2018-01-22,13:45,49.8,49.8,38.1,63.9,0.0,SW@11.3,16.7,39.0,0.0,382,"Ringold, Franklin County",300021,Ringold,2018-02-13 21:25:40.439256
2018-01-22,14:00,49.9,49.9,37.6,62.4,0.0,SW@11.5,15.7,39.0,0.0,350,"Ringold, Franklin County",300021,Ringold,2018-02-13 21:25:40.439256
2018-01-22,14:15,49.4,49.4,37.2,62.7,0.0,SW@11.5,15.7,39.0,0.0,263,"Ringold, Franklin County",300021,Ringold,2018-02-13 21:25:40.439256
2018-01-22,14:30,49.5,49.5,37.1,62.3,0.0,SW@12.3,16.4,39.0,0.0,285,"Ringold, Franklin County",300021,Ringold,2018-02-13 21:25:40.439256
2018-01-22,14:45,49.3,49.4,37.2,62.9,0.0,SW@12.3,16.4,39.0,0.0,244,"Ringold, Franklin County",300021,Ringold,2018-02-13 21:25:40.439256
2018-01-22,15:00,48.9,48.9,36.9,63.0,0.0,SW@12.1,15.3,39.0,0.0,190,"Ringold, Franklin County",300021,Ringold,2018-02-13 21:25:40.439256
2018-01-22,15:15,48.0,48.0,36.6,64.6,0.0,SW@12.1,19.2,39.0,0.0,138,"Ringold, Franklin County",300021,Ringold,2018-02-13 21:25:40.439256
2018-01-22,15:30,47.4,47.5,36.5,65.7,0.0,SW@10.3,13.5,39.0,0.0,118,"Ringold, Franklin County",300021,Ringold,2018-02-13 21:25:40.439256
2018-01-22,15:45,47.8,47.8,36.8,65.5,0.0,SW@9.1,13.5,39.0,0.0,146,"Ringold, Franklin County",300021,Ringold,2018-02-13 21:25:40.439256
2018-01-22,16:00,46.9,47.0,36.5,67.0,0.0,SW@9.4,12.8,39.0,0.0,84,"Ringold, Franklin County",300021,Ringold,2018-02-13 21:25:40.439256
2018-01-22,16:15,46.1,46.1,36.8,69.8,0.0,SW@8.5,11.7,39.0,0.0,61,"Ringold, Franklin County",300021,Ringold,2018-02-13 21:25:40.439256
2018-01-22,16:30,45.1,45.1,36.8,72.6,0.0,SW@7.8,10.3,39.1,0.0,45,"Ringold, Franklin County",300021,Ringold,2018-02-13 21:25:40.439256
2018-01-22,16:45,44.0,44.2,36.5,74.7,0.0,SW@7.4,9.6,39.1,0.0,13,"Ringold, Franklin County",300021,Ringold,2018-02-13 21:25:40.439256
2018-01-22,17:00,43.0,43.1,36.2,76.8,0.0,SW@7.1,9.6,39.1,0.0,3,"Ringold, Franklin County",300021,Ringold,2018-02-13 21:25:40.439256
2018-01-22,17:15,42.6,42.8,35.9,76.9,0.0,SW@7.8,11.0,39.1,0.0,1,"Ringold, Franklin County",300021,Ringold,2018-02-13 21:25:40.439256
2018-01-22,17:30,42.2,42.4,35.6,77.0,0.0,SW@7.1,9.9,39.2,0.0,0,"Ringold, Franklin County",300021,Ringold,2018-02-13 21:25:40.439256
2018-01-22,17:45,42.1,42.3,35.3,76.4,0.0,SW@7.4,10.7,39.2,0.0,0,"Ringold, Franklin County",300021,Ringold,2018-02-13 21:25:40.439256
2018-01-22,18:00,41.2,41.3,35.1,78.6,0.0,SW@6.7,8.9,39.2,0.0,0,"Ringold, Franklin County",300021,Ringold,2018-02-13 21:25:40.439256
2018-01-22,18:15,40.5,40.6,35.0,80.7,0.0,SW@6.0,7.4,39.2,0.0,0,"Ringold, Franklin County",300021,Ringold,2018-02-13 21:25:40.439256
2018-01-22,18:30,40.2,40.4,34.9,81.2,0.0,SW@5.5,7.1,39.3,0.0,0,"Ringold, Franklin County",300021,Ringold,2018-02-13 21:25:40.439256
2018-01-22,18:45,39.9,40.0,35.1,83.0,0.0,SW@5.9,7.8,39.3,0.0,0,"Ringold, Franklin County",300021,Ringold,2018-02-13 21:25:40.439256
2018-01-22,19:00,39.4,39.5,35.3,85.0,0.0,SW@5.3,8.5,39.3,0.0,0,"Ringold, Franklin County",300021,Ringold,2018-02-13 21:25:40.439256
2018-01-22,19:15,38.3,38.4,35.1,88.2,0.0,SW@5.1,9.6,39.3,0.0,0,"Ringold, Franklin County",300021,Ringold,2018-02-13 21:25:40.439256
2018-01-22,19:30,37.3,37.4,35.1,91.7,0.0,SW@4.5,7.1,39.4,0.0,0,"Ringold, Franklin County",300021,Ringold,2018-02-13 21:25:40.439256
2018-01-22,19:45,38.1,38.3,35.2,88.9,0.0,SW@4.5,6.4,39.4,0.0,0,"Ringold, Franklin County",300021,Ringold,2018-02-13 21:25:40.439256
2018-01-22,20:00,38.1,38.2,34.3,86.0,0.0,W@3.3,5.3,39.4,0.0,0,"Ringold, Franklin County",300021,Ringold,2018-02-13 21:25:40.439256
2018-01-22,20:15,37.7,37.8,34.3,87.1,0.0,W@1.4,4.6,39.4,0.0,0,"Ringold, Franklin County",300021,Ringold,2018-02-13 21:25:40.439256
2018-01-22,20:30,35.9,35.9,34.4,94.3,0.01,S@2.8,7.4,39.4,0.0,0,"Ringold, Franklin County",300021,Ringold,2018-02-13 21:25:40.439256
2018-01-22,20:45,33.6,33.6,33.4,99.2,0.07,SW@6.4,12.4,39.5,0.0,0,"Ringold, Franklin County",300021,Ringold,2018-02-13 21:25:40.439256
2018-01-22,21:00,33.2,33.3,33.0,99.2,0.1,SW@5.4,10.3,39.5,0.0,0,"Ringold, Franklin County",300021,Ringold,2018-02-13 21:25:40.439256
2018-01-22,21:15,33.5,33.7,33.3,99.2,0.1,SW@4.8,6.0,39.5,0.0,0,"Ringold, Franklin County",300021,Ringold,2018-02-13 21:25:40.439256
2018-01-22,21:30,34.7,34.8,34.3,98.5,0.03,SW@5.1,7.1,39.5,0.0,0,"Ringold, Franklin County",300021,Ringold,2018-02-13 21:25:40.439256
2018-01-22,21:45,35.2,35.4,34.1,95.6,0.0,SW@4.1,6.0,39.5,0.0,0,"Ringold, Franklin County",300021,Ringold,2018-02-13 21:25:40.439256
2018-01-22,22:00,35.5,35.6,33.3,91.7,0.0,W@3.7,4.9,39.6,0.0,0,"Ringold, Franklin County",300021,Ringold,2018-02-13 21:25:40.439256
2018-01-22,22:15,33.3,33.4,32.3,96.1,0.0,SW@3.1,4.9,39.6,0.0,0,"Ringold, Franklin County",300021,Ringold,2018-02-13 21:25:40.439256
2018-01-22,22:30,32.2,32.2,31.9,99.1,0.0,SW@2.9,4.2,39.6,0.0,0,"Ringold, Franklin County",300021,Ringold,2018-02-13 21:25:40.439256
2018-01-22,22:45,32.4,32.5,32.1,98.9,0.0,SW@2.8,4.2,39.6,0.0,0,"Ringold, Franklin County",300021,Ringold,2018-02-13 21:25:40.439256
2018-01-22,23:00,32.9,32.8,32.7,99.2,0.08,SE@2.8,4.6,39.6,0.0,0,"Ringold, Franklin County",300021,Ringold,2018-02-13 21:25:40.439256
2018-01-22,23:15,32.6,32.6,32.4,99.2,0.18,SE@3.3,4.9,39.6,0.0,0,"Ringold, Franklin County",300021,Ringold,2018-02-13 21:25:40.439256
2018-01-22,23:30,32.5,32.5,32.3,99.2,0.31,SE@1.9,4.2,39.6,0.0,0,"Ringold, Franklin County",300021,Ringold,2018-02-13 21:25:40.439256
2018-01-22,23:45,31.9,31.9,31.6,99.2,0.44,S@0.9,2.4,39.6,0.0,0,"Ringold, Franklin County",300021,Ringold,2018-02-13 21:25:40.439256
2018-01-22,24:00,30.0,30.0,29.3,99.2,0.55,S@2.5,3.5,39.6,0.0,0,"Ringold, Franklin County",300021,Ringold,2018-02-13 21:25:40.439256
2018-01-23,00:15,30.2,30.3,29.7,99.2,0.62,SW@3.4,6.7,39.6,0.0,0,"Ringold, Franklin County",300021,Ringold,2018-02-13 21:25:40.439256
2018-01-23,00:30,31.4,31.4,31.0,99.2,0.66,S@4.1,8.2,39.6,0.0,0,"Ringold, Franklin County",300021,Ringold,2018-02-13 21:25:40.439256
2018-01-23,00:45,32.7,32.8,32.5,99.2,0.7,SE@2.6,5.3,39.6,0.0,0,"Ringold, Franklin County",300021,Ringold,2018-02-13 21:25:40.439256
2018-01-23,01:00,33.0,33.1,32.8,99.2,0.73,SE@3.4,6.4,39.6,0.0,0,"Ringold, Franklin County",300021,Ringold,2018-02-13 21:25:40.439256
2018-01-23,01:15,32.7,32.8,32.5,99.2,0.75,S@3.3,5.3,39.6,0.0,0,"Ringold, Franklin County",300021,Ringold,2018-02-13 21:25:40.439256
2018-01-23,01:30,32.7,32.8,32.6,99.2,0.76,SE@1.8,5.7,39.6,0.0,0,"Ringold, Franklin County",300021,Ringold,2018-02-13 21:25:40.439256
2018-01-23,01:45,32.4,32.3,32.2,99.3,0.79,SE@1.3,3.1,39.6,0.0,0,"Ringold, Franklin County",300021,Ringold,2018-02-13 21:25:40.439256
2018-01-23,02:00,32.3,32.3,32.1,99.3,0.81,SE@2.2,4.2,39.6,0.0,0,"Ringold, Franklin County",300021,Ringold,2018-02-13 21:25:40.439256
2018-01-23,02:15,32.8,32.8,32.6,99.3,0.83,SE@1.7,3.9,39.6,0.0,0,"Ringold, Franklin County",300021,Ringold,2018-02-13 21:25:40.439256
2018-01-23,02:30,32.7,32.7,32.5,99.3,0.84,SE@2.4,5.7,39.6,0.0,0,"Ringold, Franklin County",300021,Ringold,2018-02-13 21:25:40.439256
2018-01-23,02:45,33.0,33.1,32.9,99.3,0.84,SE@3.2,4.6,39.6,0.0,0,"Ringold, Franklin County",300021,Ringold,2018-02-13 21:25:40.439256
2018-01-23,03:00,33.0,33.1,32.8,99.3,0.84,E@1.6,3.5,39.5,0.0,0,"Ringold, Franklin County",300021,Ringold,2018-02-13 21:25:40.439256
2018-01-23,03:15,33.2,33.3,33.1,99.3,0.84,E@1.0,2.8,39.5,0.0,0,"Ringold, Franklin County",300021,Ringold,2018-02-13 21:25:40.439256
2018-01-23,03:30,33.2,33.1,33.0,99.3,0.84,E@0.2,2.1,39.5,0.0,0,"Ringold, Franklin County",300021,Ringold,2018-02-13 21:25:40.439256
2018-01-23,03:45,33.4,33.4,33.2,99.3,0.84,SE@1.0,2.1,39.5,0.0,0,"Ringold, Franklin County",300021,Ringold,2018-02-13 21:25:40.439256
2018-01-23,04:00,33.0,32.9,32.8,99.3,0.84,E@0.2,2.1,39.5,0.0,0,"Ringold, Franklin County",300021,Ringold,2018-02-13 21:25:40.439256
2018-01-23,04:15,32.4,32.3,32.2,99.3,0.85,SE@0.9,2.4,39.5,0.0,0,"Ringold, Franklin County",300021,Ringold,2018-02-13 21:25:40.439256
2018-01-23,04:30,32.8,32.7,32.6,99.3,0.85,SE@0.2,2.1,39.5,0.0,0,"Ringold, Franklin County",300021,Ringold,2018-02-13 21:25:40.439256
2018-01-23,04:45,32.9,32.9,32.7,99.3,0.86,SE@0.5,2.1,39.5,0.0,0,"Ringold, Franklin County",300021,Ringold,2018-02-13 21:25:40.439256
2018-01-23,05:00,33.1,33.1,33.0,99.3,0.86,SE@0.7,2.4,39.4,0.0,0,"Ringold, Franklin County",300021,Ringold,2018-02-13 21:25:40.439256
2018-01-23,05:15,32.4,32.4,32.3,99.3,0.86,S@0.6,2.1,39.4,0.0,0,"Ringold, Franklin County",300021,Ringold,2018-02-13 21:25:40.439256
2018-01-23,05:30,33.0,32.9,32.8,99.3,0.86,E@0.2,1.7,39.4,0.0,0,"Ringold, Franklin County",300021,Ringold,2018-02-13 21:25:40.439256
2018-01-23,05:45,33.6,33.6,33.4,99.3,0.86,E@0.0,1.4,39.4,0.0,0,"Ringold, Franklin County",300021,Ringold,2018-02-13 21:25:40.439256
2018-01-23,06:00,33.9,33.9,33.7,99.3,0.86,SE@1.4,2.4,39.4,0.0,0,"Ringold, Franklin County",300021,Ringold,2018-02-13 21:25:40.439256
2018-01-23,06:15,33.5,33.6,33.4,99.2,0.86,SE@1.2,2.4,39.4,0.0,0,"Ringold, Franklin County",300021,Ringold,2018-02-13 21:25:40.439256
2018-01-23,06:30,33.4,33.4,33.2,99.3,0.85,SE@1.4,2.8,39.4,0.0,0,"Ringold, Franklin County",300021,Ringold,2018-02-13 21:25:40.439256
2018-01-23,06:45,33.2,33.2,33.0,99.3,0.84,SE@1.0,2.4,39.3,0.0,0,"Ringold, Franklin County",300021,Ringold,2018-02-13 21:25:40.439256
2018-01-23,07:00,33.5,33.5,33.3,99.3,0.84,SE@1.6,3.1,39.3,0.0,0,"Ringold, Franklin County",300021,Ringold,2018-02-13 21:25:40.439256
2018-01-23,07:15,33.9,33.9,33.7,99.3,0.83,SE@1.2,2.8,39.3,0.0,0,"Ringold, Franklin County",300021,Ringold,2018-02-13 21:25:40.439256
2018-01-23,07:30,33.6,33.6,33.4,99.2,0.81,SE@0.1,1.7,39.3,0.0,1,"Ringold, Franklin County",300021,Ringold,2018-02-13 21:25:40.439256
2018-01-23,07:45,33.0,33.1,32.9,99.3,0.8,W@2.5,4.2,39.3,0.0,3,"Ringold, Franklin County",300021,Ringold,2018-02-13 21:25:40.439256
2018-01-23,08:00,33.4,33.5,33.2,99.3,0.78,W@2.4,4.2,39.3,0.0,13,"Ringold, Franklin County",300021,Ringold,2018-02-13 21:25:40.439256
2018-01-23,08:15,33.7,33.7,33.5,99.2,0.76,NW@2.2,3.5,39.2,0.0,23,"Ringold, Franklin County",300021,Ringold,2018-02-13 21:25:40.439256
2018-01-23,08:30,33.1,33.2,33.0,99.3,0.71,NW@3.3,4.6,39.2,0.0,43,"Ringold, Franklin County",300021,Ringold,2018-02-13 21:25:40.439256
2018-01-23,08:45,32.9,33.0,32.7,99.3,0.67,NW@3.0,4.6,39.2,0.0,77,"Ringold, Franklin County",300021,Ringold,2018-02-13 21:25:40.439256
2018-01-23,09:00,33.7,33.8,33.5,99.3,0.58,N@2.4,3.5,39.2,0.0,60,"Ringold, Franklin County",300021,Ringold,2018-02-13 21:25:40.439256
2018-01-23,09:15,34.0,34.2,33.9,99.3,0.42,N@3.2,4.9,39.2,0.0,58,"Ringold, Franklin County",300021,Ringold,2018-02-13 21:25:40.439256
2018-01-23,09:30,34.1,34.2,34.0,99.3,0.18,N@3.7,4.9,39.2,0.0,56,"Ringold, Franklin County",300021,Ringold,2018-02-13 21:25:40.439256
2018-01-23,09:45,34.2,34.3,34.0,99.3,0.05,N@3.5,4.9,39.2,0.0,57,"Ringold, Franklin County",300021,Ringold,2018-02-13 21:25:40.439256
2018-01-23,10:00,34.5,34.6,34.3,99.3,0.0,N@3.3,4.6,39.1,0.0,71,"Ringold, Franklin County",300021,Ringold,2018-02-13 21:25:40.439256
2018-01-23,10:15,35.2,35.3,35.0,99.2,0.0,N@3.4,4.9,39.1,0.0,73,"Ringold, Franklin County",300021,Ringold,2018-02-13 21:25:40.439256
2018-01-23,10:30,35.6,35.7,35.4,99.2,0.0,N@2.7,3.9,39.1,0.0,77,"Ringold, Franklin County",300021,Ringold,2018-02-13 21:25:40.439256
2018-01-23,10:45,36.2,36.3,36.0,99.2,0.0,NE@2.4,3.9,39.1,0.0,93,"Ringold, Franklin County",300021,Ringold,2018-02-13 21:25:40.439256
2018-01-23,11:00,37.0,37.1,36.8,99.2,0.0,N@2.6,3.9,39.1,0.0,98,"Ringold, Franklin County",300021,Ringold,2018-02-13 21:25:40.439256
2018-01-23,11:15,37.1,37.2,36.9,99.2,0.0,N@3.0,3.9,39.1,0.0,97,"Ringold, Franklin County",300021,Ringold,2018-02-13 21:25:40.439256
2018-01-23,11:30,37.3,37.4,37.1,99.2,0.0,NW@2.9,4.2,39.0,0.0,98,"Ringold, Franklin County",300021,Ringold,2018-02-13 21:25:40.439256
2018-01-23,11:45,37.2,37.3,37.0,99.2,0.0,NW@2.9,4.6,39.0,0.0,78,"Ringold, Franklin County",300021,Ringold,2018-02-13 21:25:40.439256
2018-01-23,12:00,37.2,37.4,37.0,99.2,0.0,NW@3.1,4.6,39.0,0.0,75,"Ringold, Franklin County",300021,Ringold,2018-02-13 21:25:40.439256
2018-01-23,12:15,37.5,37.6,37.3,99.2,0.13,N@3.2,4.6,39.0,0.0,80,"Ringold, Franklin County",300021,Ringold,2018-02-13 21:25:40.439256
2018-01-23,12:30,37.8,37.9,37.6,99.2,0.2,N@3.4,5.3,39.0,0.0,75,"Ringold, Franklin County",300021,Ringold,2018-02-13 21:25:40.439256
2018-01-23,12:45,37.6,37.7,37.4,99.2,0.0,N@4.5,6.4,39.0,0.0,74,"Ringold, Franklin County",300021,Ringold,2018-02-13 21:25:40.439256
2018-01-23,13:00,37.7,37.8,37.5,99.2,0.0,N@4.5,6.0,39.0,0.0,66,"Ringold, Franklin County",300021,Ringold,2018-02-13 21:25:40.439256
2018-01-23,13:15,37.9,38.1,37.8,99.2,0.01,NE@3.2,5.7,39.0,0.0,60,"Ringold, Franklin County",300021,Ringold,2018-02-13 21:25:40.439256
2018-01-23,13:30,38.6,38.7,38.4,99.2,0.0,E@1.3,3.9,39.0,0.0,68,"Ringold, Franklin County",300021,Ringold,2018-02-13 21:25:40.439256
2018-01-23,13:45,38.7,38.9,38.5,99.2,0.01,SE@1.9,3.9,39.0,0.0,69,"Ringold, Franklin County",300021,Ringold,2018-02-13 21:25:40.439256
2018-01-23,14:00,39.2,39.3,39.0,99.2,0.07,SE@2.1,4.2,39.0,0.0,60,"Ringold, Franklin County",300021,Ringold,2018-02-13 21:25:40.439256
2018-01-23,14:15,39.2,39.4,39.0,99.2,0.0,SE@2.2,4.6,39.0,0.0,45,"Ringold, Franklin County",300021,Ringold,2018-02-13 21:25:40.439256
2018-01-23,14:30,39.1,39.2,38.9,99.2,0.29,SE@3.7,6.4,39.0,0.0,37,"Ringold, Franklin County",300021,Ringold,2018-02-13 21:25:40.439256
2018-01-23,14:45,38.7,38.8,38.5,99.2,0.84,SE@4.7,6.0,38.9,0.0,32,"Ringold, Franklin County",300021,Ringold,2018-02-13 21:25:40.439256
2018-01-23,15:00,38.1,38.2,37.9,99.3,1.0,SE@3.4,5.7,38.9,0.0,28,"Ringold, Franklin County",300021,Ringold,2018-02-13 21:25:40.439256
2018-01-23,15:15,37.6,37.7,37.4,99.3,1.0,SE@3.8,4.9,38.9,0.01,20,"Ringold, Franklin County",300021,Ringold,2018-02-13 21:25:40.439256
2018-01-23,15:30,37.5,37.6,37.4,99.3,1.0,SE@4.1,6.0,38.9,0.0,19,"Ringold, Franklin County",300021,Ringold,2018-02-13 21:25:40.439256
2018-01-23,15:45,37.4,37.5,37.2,99.3,0.98,SE@3.4,5.7,38.9,0.01,19,"Ringold, Franklin County",300021,Ringold,2018-02-13 21:25:40.439256
2018-01-23,16:00,37.4,37.5,37.2,99.3,0.94,SE@3.1,4.9,38.9,0.01,17,"Ringold, Franklin County",300021,Ringold,2018-02-13 21:25:40.439256
2018-01-23,16:15,37.4,37.5,37.2,99.3,0.93,SE@2.3,3.9,38.9,0.0,12,"Ringold, Franklin County",300021,Ringold,2018-02-13 21:25:40.439256
2018-01-23,16:30,37.5,37.5,37.3,99.3,0.93,SE@2.0,3.9,39.0,0.0,7,"Ringold, Franklin County",300021,Ringold,2018-02-13 21:25:40.439256
2018-01-23,16:45,37.4,37.4,37.2,99.3,0.93,SE@2.5,4.2,39.0,0.0,2,"Ringold, Franklin County",300021,Ringold,2018-02-13 21:25:40.439256
2018-01-23,17:00,37.2,37.3,37.0,99.3,0.93,SE@2.3,3.5,39.0,0.0,1,"Ringold, Franklin County",300021,Ringold,2018-02-13 21:25:40.439256
2018-01-23,17:15,37.2,37.3,37.1,99.3,0.93,SE@2.2,4.2,39.0,0.0,0,"Ringold, Franklin County",300021,Ringold,2018-02-13 21:25:40.439256
2018-01-23,17:30,37.4,37.5,37.3,99.3,0.93,SE@2.5,3.9,39.0,0.0,0,"Ringold, Franklin County",300021,Ringold,2018-02-13 21:25:40.439256
2018-01-23,17:45,37.9,37.9,37.7,99.3,0.93,SE@2.7,4.6,39.0,0.0,0,"Ringold, Franklin County",300021,Ringold,2018-02-13 21:25:40.439256
2018-01-23,18:00,38.3,38.4,38.2,99.4,0.93,S@3.5,4.6,39.0,0.0,0,"Ringold, Franklin County",300021,Ringold,2018-02-13 21:25:40.439256
2018-01-23,18:15,38.6,38.8,38.5,99.4,0.94,SW@3.4,4.6,39.0,0.0,0,"Ringold, Franklin County",300021,Ringold,2018-02-13 21:25:40.439256
2018-01-23,18:30,37.9,37.9,37.7,99.4,0.94,W@2.7,3.5,39.0,0.0,0,"Ringold, Franklin County",300021,Ringold,2018-02-13 21:25:40.439256
2018-01-23,18:45,36.9,37.0,36.8,99.3,0.94,W@2.4,3.9,39.0,0.0,0,"Ringold, Franklin County",300021,Ringold,2018-02-13 21:25:40.439256
2018-01-23,19:00,36.6,36.6,36.4,99.3,0.93,W@0.6,2.4,39.0,0.0,0,"Ringold, Franklin County",300021,Ringold,2018-02-13 21:25:40.439256
2018-01-23,19:15,36.3,36.3,36.2,99.3,0.93,SW@1.2,3.1,39.0,0.01,0,"Ringold, Franklin County",300021,Ringold,2018-02-13 21:25:40.439256
2018-01-23,19:30,37.1,37.1,37.0,99.3,0.93,S@1.6,3.1,39.0,0.0,0,"Ringold, Franklin County",300021,Ringold,2018-02-13 21:25:40.439256
2018-01-23,19:45,39.5,39.6,39.4,99.4,0.93,SE@4.5,6.7,39.0,0.0,0,"Ringold, Franklin County",300021,Ringold,2018-02-13 21:25:40.439256
2018-01-23,20:00,40.2,40.3,40.0,99.4,0.93,S@6.1,7.8,39.0,0.0,0,"Ringold, Franklin County",300021,Ringold,2018-02-13 21:25:40.439256
2018-01-23,20:15,41.0,41.1,40.8,99.4,0.93,SE@7.7,10.3,39.1,0.0,0,"Ringold, Franklin County",300021,Ringold,2018-02-13 21:25:40.439256
2018-01-23,20:30,41.3,41.5,41.2,99.3,0.93,SE@7.9,11.0,39.1,0.0,0,"Ringold, Franklin County",300021,Ringold,2018-02-13 21:25:40.439256
2018-01-23,20:45,41.6,41.8,41.4,99.3,0.93,SE@7.7,10.7,39.1,0.01,0,"Ringold, Franklin County",300021,Ringold,2018-02-13 21:25:40.439256
2018-01-23,21:00,41.5,41.6,41.3,99.3,0.93,SE@5.8,8.9,39.1,0.0,0,"Ringold, Franklin County",300021,Ringold,2018-02-13 21:25:40.439256
2018-01-23,21:15,41.3,41.4,41.1,99.3,0.93,SE@5.5,7.4,39.1,0.0,0,"Ringold, Franklin County",300021,Ringold,2018-02-13 21:25:40.439256
2018-01-23,21:30,41.2,41.3,41.0,99.3,0.93,SE@5.6,7.4,39.1,0.0,0,"Ringold, Franklin County",300021,Ringold,2018-02-13 21:25:40.439256
2018-01-23,21:45,41.1,41.2,40.9,99.3,0.93,SE@5.0,7.1,39.1,0.0,0,"Ringold, Franklin County",300021,Ringold,2018-02-13 21:25:40.439256
2018-01-23,22:00,40.9,41.0,40.7,99.3,0.93,SE@5.3,7.4,39.1,0.0,0,"Ringold, Franklin County",300021,Ringold,2018-02-13 21:25:40.439256
2018-01-23,22:15,40.7,40.8,40.5,99.3,0.93,SE@5.7,7.4,39.1,0.0,0,"Ringold, Franklin County",300021,Ringold,2018-02-13 21:25:40.439256
2018-01-23,22:30,40.6,40.7,40.4,99.3,0.93,SE@4.9,6.7,39.1,0.0,0,"Ringold, Franklin County",300021,Ringold,2018-02-13 21:25:40.439256
2018-01-23,22:45,40.8,40.9,40.6,99.3,0.93,SE@5.7,7.8,39.1,0.0,0,"Ringold, Franklin County",300021,Ringold,2018-02-13 21:25:40.439256
2018-01-23,23:00,40.7,40.8,40.5,99.3,0.93,SE@6.3,8.5,39.1,0.01,0,"Ringold, Franklin County",300021,Ringold,2018-02-13 21:25:40.439256
2018-01-23,23:15,41.4,41.6,41.2,99.3,0.93,SE@7.0,9.6,39.1,0.0,0,"Ringold, Franklin County",300021,Ringold,2018-02-13 21:25:40.439256
2018-01-23,23:30,41.7,41.8,41.5,99.3,0.93,SE@5.2,8.9,39.1,0.0,0,"Ringold, Franklin County",300021,Ringold,2018-02-13 21:25:40.439256
2018-01-23,23:45,41.4,41.4,41.2,99.3,0.93,SE@3.8,6.0,39.1,0.0,0,"Ringold, Franklin County",300021,Ringold,2018-02-13 21:25:40.439256
2018-01-23,24:00,41.4,41.5,41.2,99.3,0.93,SE@4.9,7.8,39.2,0.0,0,"Ringold, Franklin County",300021,Ringold,2018-02-13 21:25:40.439256
2018-01-24,00:15,42.0,42.1,41.8,99.3,0.93,SE@6.4,9.9,39.2,0.0,0,"Ringold, Franklin County",300021,Ringold,2018-02-13 21:25:40.439256
2018-01-24,00:30,42.3,42.4,42.2,99.3,0.93,S@5.9,9.6,39.2,0.0,0,"Ringold, Franklin County",300021,Ringold,2018-02-13 21:25:40.439256
2018-01-24,00:45,41.8,41.9,41.6,99.3,0.93,S@3.3,4.9,39.2,0.0,0,"Ringold, Franklin County",300021,Ringold,2018-02-13 21:25:40.439256
2018-01-24,01:00,41.8,41.9,41.6,99.3,0.93,SE@3.8,5.3,39.2,0.0,0,"Ringold, Franklin County",300021,Ringold,2018-02-13 21:25:40.439256
2018-01-24,01:15,41.3,41.4,41.1,99.3,0.93,SE@2.3,4.9,39.2,0.0,0,"Ringold, Franklin County",300021,Ringold,2018-02-13 21:25:40.439256
2018-01-24,01:30,41.1,41.1,40.9,99.3,0.93,E@2.3,4.9,39.2,0.0,0,"Ringold, Franklin County",300021,Ringold,2018-02-13 21:25:40.439256
2018-01-24,01:45,41.9,42.0,41.7,99.3,0.93,E@4.1,7.1,39.2,0.0,0,"Ringold, Franklin County",300021,Ringold,2018-02-13 21:25:40.439256
2018-01-24,02:00,42.5,42.5,42.3,99.2,0.92,SE@2.3,4.6,39.2,0.0,0,"Ringold, Franklin County",300021,Ringold,2018-02-13 21:25:40.439256
2018-01-24,02:15,41.8,41.8,41.6,99.3,0.91,SE@2.5,4.2,39.2,0.0,0,"Ringold, Franklin County",300021,Ringold,2018-02-13 21:25:40.439256
2018-01-24,02:30,41.5,41.6,41.4,99.3,0.91,SE@3.8,6.7,39.2,0.0,0,"Ringold, Franklin County",300021,Ringold,2018-02-13 21:25:40.439256
2018-01-24,02:45,43.1,43.2,42.9,99.2,0.89,S@5.2,6.7,39.2,0.0,0,"Ringold, Franklin County",300021,Ringold,2018-02-13 21:25:40.439256
2018-01-24,03:00,43.5,43.6,43.3,99.2,0.86,S@4.8,6.4,39.2,0.0,0,"Ringold, Franklin County",300021,Ringold,2018-02-13 21:25:40.439256
2018-01-24,03:15,43.4,43.4,43.2,99.2,0.77,SE@4.6,6.7,39.3,0.0,0,"Ringold, Franklin County",300021,Ringold,2018-02-13 21:25:40.439256
2018-01-24,03:30,42.1,42.2,41.9,99.2,0.65,SE@2.4,4.6,39.3,0.0,0,"Ringold, Franklin County",300021,Ringold,2018-02-13 21:25:40.439256
2018-01-24,03:45,41.9,41.8,41.7,99.2,0.59,E@1.2,2.8,39.3,0.0,0,"Ringold, Franklin County",300021,Ringold,2018-02-13 21:25:40.439256
2018-01-24,04:00,41.8,41.8,41.6,99.3,0.54,E@2.1,3.9,39.3,0.0,0,"Ringold, Franklin County",300021,Ringold,2018-02-13 21:25:40.439256
2018-01-24,04:15,41.3,41.3,41.1,99.3,0.45,SE@1.6,4.9,39.3,0.0,0,"Ringold, Franklin County",300021,Ringold,2018-02-13 21:25:40.439256
2018-01-24,04:30,42.4,42.4,42.2,99.2,0.19,SE@5.0,6.7,39.3,0.0,0,"Ringold, Franklin County",300021,Ringold,2018-02-13 21:25:40.439256
2018-01-24,04:45,43.4,43.5,43.0,98.5,0.0,SE@5.5,8.2,39.3,0.0,0,"Ringold, Franklin County",300021,Ringold,2018-02-13 21:25:40.439256
2018-01-24,05:00,43.3,43.4,43.1,99.2,0.0,SE@5.0,7.1,39.3,0.0,0,"Ringold, Franklin County",300021,Ringold,2018-02-13 21:25:40.439256
2018-01-24,05:15,42.7,42.8,42.5,99.2,0.0,SE@4.1,5.7,39.3,0.0,0,"Ringold, Franklin County",300021,Ringold,2018-02-13 21:25:40.439256
2018-01-24,05:30,42.5,42.6,42.3,99.2,0.0,SE@4.5,6.4,39.3,0.0,0,"Ringold, Franklin County",300021,Ringold,2018-02-13 21:25:40.439256
2018-01-24,05:45,43.4,43.5,43.0,98.4,0.0,SE@5.7,7.4,39.3,0.0,0,"Ringold, Franklin County",300021,Ringold,2018-02-13 21:25:40.439256
2018-01-24,06:00,42.9,43.1,42.6,98.8,0.0,S@5.5,7.1,39.4,0.0,0,"Ringold, Franklin County",300021,Ringold,2018-02-13 21:25:40.439256
2018-01-24,06:15,43.4,43.5,42.5,96.7,0.0,S@6.0,8.2,39.4,0.0,0,"Ringold, Franklin County",300021,Ringold,2018-02-13 21:25:40.439256
2018-01-24,06:30,43.1,43.3,42.6,98.0,0.01,S@5.8,8.5,39.4,0.0,0,"Ringold, Franklin County",300021,Ringold,2018-02-13 21:25:40.439256
2018-01-24,06:45,43.7,43.9,43.2,98.1,0.07,S@6.9,10.3,39.4,0.0,0,"Ringold, Franklin County",300021,Ringold,2018-02-13 21:25:40.439256
2018-01-24,07:00,43.6,43.7,43.4,99.2,0.45,S@7.4,11.0,39.4,0.0,0,"Ringold, Franklin County",300021,Ringold,2018-02-13 21:25:40.439256
2018-01-24,07:15,43.4,43.5,43.2,99.2,0.71,S@7.0,9.6,39.4,0.01,0,"Ringold, Franklin County",300021,Ringold,2018-02-13 21:25:40.439256
2018-01-24,07:30,43.2,43.3,43.0,99.2,0.9,SE@6.2,8.2,39.4,0.0,1,"Ringold, Franklin County",300021,Ringold,2018-02-13 21:25:40.439256
2018-01-24,07:45,43.4,43.5,43.2,99.2,0.91,SE@6.4,7.8,39.4,0.0,2,"Ringold, Franklin County",300021,Ringold,2018-02-13 21:25:40.439256
2018-01-24,08:00,43.9,44.0,43.7,99.2,0.9,SE@6.4,9.6,39.4,0.01,5,"Ringold, Franklin County",300021,Ringold,2018-02-13 21:25:40.439256
2018-01-24,08:15,44.0,44.1,43.8,99.2,0.91,SE@6.9,8.9,39.4,0.0,7,"Ringold, Franklin County",300021,Ringold,2018-02-13 21:25:40.439256
2018-01-24,08:30,43.6,43.7,43.4,99.2,0.92,SE@6.4,8.9,39.4,0.01,14,"Ringold, Franklin County",300021,Ringold,2018-02-13 21:25:40.439256
2018-01-24,08:45,43.5,43.7,43.3,99.2,0.93,SE@7.1,9.9,39.4,0.0,18,"Ringold, Franklin County",300021,Ringold,2018-02-13 21:25:40.439256
2018-01-24,09:00,43.6,43.7,43.4,99.2,0.93,SE@7.7,10.3,39.5,0.0,19,"Ringold, Franklin County",300021,Ringold,2018-02-13 21:25:40.439256
2018-01-24,09:15,43.6,43.8,43.5,99.2,0.93,SE@7.7,10.3,39.5,0.01,19,"Ringold, Franklin County",300021,Ringold,2018-02-13 21:25:40.439256
2018-01-24,09:30,43.6,43.8,43.5,99.2,0.93,SE@7.6,9.9,39.5,0.0,22,"Ringold, Franklin County",300021,Ringold,2018-02-13 21:25:40.439256
2018-01-24,09:45,43.8,43.9,43.6,99.2,0.93,SE@8.0,10.7,39.5,0.01,27,"Ringold, Franklin County",300021,Ringold,2018-02-13 21:25:40.439256
2018-01-24,10:00,43.9,44.0,43.7,99.3,0.94,S@8.1,11.7,39.5,0.01,31,"Ringold, Franklin County",300021,Ringold,2018-02-13 21:25:40.439256
2018-01-24,10:15,44.0,44.2,43.9,99.3,0.94,SE@8.3,10.7,39.5,0.01,31,"Ringold, Franklin County",300021,Ringold,2018-02-13 21:25:40.439256
2018-01-24,10:30,44.1,44.3,43.9,99.3,0.94,SE@8.6,11.7,39.5,0.0,39,"Ringold, Franklin County",300021,Ringold,2018-02-13 21:25:40.439256
2018-01-24,10:45,44.2,44.3,44.0,99.3,0.94,SE@7.9,10.7,39.5,0.01,44,"Ringold, Franklin County",300021,Ringold,2018-02-13 21:25:40.439256
2018-01-24,11:00,44.1,44.2,43.9,99.3,0.94,SE@7.4,9.9,39.5,0.02,50,"Ringold, Franklin County",300021,Ringold,2018-02-13 21:25:40.439256
2018-01-24,11:15,44.1,44.2,43.9,99.3,0.93,SE@8.0,10.3,39.5,0.01,52,"Ringold, Franklin County",300021,Ringold,2018-02-13 21:25:40.439256
2018-01-24,11:30,44.1,44.2,44.0,99.3,0.93,SE@7.6,9.9,39.5,0.01,58,"Ringold, Franklin County",300021,Ringold,2018-02-13 21:25:40.439256
2018-01-24,11:45,44.5,44.6,44.3,99.3,0.93,SE@8.1,11.0,39.6,0.01,59,"Ringold, Franklin County",300021,Ringold,2018-02-13 21:25:40.439256
2018-01-24,12:00,44.5,44.6,44.4,99.3,0.93,SE@7.6,10.7,39.6,0.01,50,"Ringold, Franklin County",300021,Ringold,2018-02-13 21:25:40.439256
2018-01-24,12:15,44.6,44.7,44.4,99.3,0.92,SE@7.4,9.9,39.6,0.01,60,"Ringold, Franklin County",300021,Ringold,2018-02-13 21:25:40.439256
2018-01-24,12:30,44.8,44.9,44.6,99.3,0.92,SE@7.8,9.9,39.6,0.0,65,"Ringold, Franklin County",300021,Ringold,2018-02-13 21:25:40.439256
2018-01-24,12:45,45.0,45.1,44.8,99.3,0.92,SE@7.4,10.7,39.6,0.0,92,"Ringold, Franklin County",300021,Ringold,2018-02-13 21:25:40.439256
2018-01-24,13:00,45.7,45.7,45.5,99.3,0.92,SE@7.4,11.7,39.6,0.01,121,"Ringold, Franklin County",300021,Ringold,2018-02-13 21:25:40.439256
2018-01-24,13:15,45.7,45.7,45.6,99.3,0.92,SE@4.7,8.5,39.6,0.0,138,"Ringold, Franklin County",300021,Ringold,2018-02-13 21:25:40.439256
2018-01-24,13:30,46.0,46.0,45.8,99.3,0.92,SE@5.0,9.2,39.6,0.0,94,"Ringold, Franklin County",300021,Ringold,2018-02-13 21:25:40.439256
2018-01-24,13:45,46.4,46.5,46.2,99.3,0.92,SE@5.6,9.6,39.7,0.0,89,"Ringold, Franklin County",300021,Ringold,2018-02-13 21:25:40.439256
2018-01-24,14:00,46.7,46.8,46.6,99.3,0.92,SE@4.5,6.7,39.7,0.0,121,"Ringold, Franklin County",300021,Ringold,2018-02-13 21:25:40.439256
2018-01-24,14:15,47.2,47.3,47.0,99.3,0.91,SE@4.2,6.4,39.7,0.0,118,"Ringold, Franklin County",300021,Ringold,2018-02-13 21:25:40.439256
2018-01-24,14:30,47.4,47.5,47.2,99.2,0.89,SE@5.9,8.2,39.7,0.0,77,"Ringold, Franklin County",300021,Ringold,2018-02-13 21:25:40.439256
2018-01-24,14:45,47.3,47.4,47.1,99.2,0.82,SE@5.6,7.8,39.7,0.0,50,"Ringold, Franklin County",300021,Ringold,2018-02-13 21:25:40.439256
2018-01-24,15:00,47.9,48.0,47.2,97.4,0.61,SE@5.5,7.4,39.7,0.0,62,"Ringold, Franklin County",300021,Ringold,2018-02-13 21:25:40.439256
2018-01-24,15:15,48.2,48.2,45.9,91.7,0.08,SE@6.5,9.2,39.8,0.0,58,"Ringold, Franklin County",300021,Ringold,2018-02-13 21:25:40.439256
2018-01-24,15:30,48.2,48.2,45.2,89.3,0.0,SE@6.7,9.2,39.8,0.0,50,"Ringold, Franklin County",300021,Ringold,2018-02-13 21:25:40.439256
2018-01-24,15:45,47.9,47.9,45.2,90.5,0.0,SE@6.0,8.9,39.8,0.0,30,"Ringold, Franklin County",300021,Ringold,2018-02-13 21:25:40.439256
2018-01-24,16:00,47.2,47.3,45.8,94.7,0.0,SE@4.4,6.7,39.8,0.0,21,"Ringold, Franklin County",300021,Ringold,2018-02-13 21:25:40.439256
2018-01-24,16:15,46.8,46.8,45.9,96.5,0.0,SE@3.3,6.4,39.8,0.0,16,"Ringold, Franklin County",300021,Ringold,2018-02-13 21:25:40.439256
2018-01-24,16:30,46.4,46.5,45.8,97.7,0.0,SE@2.7,5.3,39.9,0.0,9,"Ringold, Franklin County",300021,Ringold,2018-02-13 21:25:40.439256
2018-01-24,16:45,46.3,46.4,45.2,95.8,0.0,SE@2.3,4.2,39.9,0.0,6,"Ringold, Franklin County",300021,Ringold,2018-02-13 21:25:40.439256
2018-01-24,17:00,45.8,45.9,45.1,97.2,0.0,S@2.9,7.8,39.9,0.0,2,"Ringold, Franklin County",300021,Ringold,2018-02-13 21:25:40.439256
2018-01-24,17:15,46.9,47.1,42.8,85.6,0.0,W@4.2,7.8,39.9,0.0,0,"Ringold, Franklin County",300021,Ringold,2018-02-13 21:25:40.439256
2018-01-24,17:30,45.4,45.4,44.3,95.8,0.0,NW@4.0,6.4,40.0,0.0,0,"Ringold, Franklin County",300021,Ringold,2018-02-13 21:25:40.439256
2018-01-24,17:45,43.7,43.8,43.6,99.3,0.01,NW@2.9,5.3,40.0,0.0,0,"Ringold, Franklin County",300021,Ringold,2018-02-13 21:25:40.439256
2018-01-24,18:00,43.4,43.4,43.2,99.3,0.06,NW@1.6,3.5,40.0,0.0,0,"Ringold, Franklin County",300021,Ringold,2018-02-13 21:25:40.439256
2018-01-24,18:15,43.2,43.3,43.0,99.3,0.23,W@3.3,6.0,40.0,0.0,0,"Ringold, Franklin County",300021,Ringold,2018-02-13 21:25:40.439256
2018-01-24,18:30,45.0,45.2,44.2,97.0,0.95,NW@4.2,7.4,40.0,0.0,0,"Ringold, Franklin County",300021,Ringold,2018-02-13 21:25:40.439256
2018-01-24,18:45,45.8,45.9,45.1,97.2,1.0,N@2.6,6.0,40.1,0.0,0,"Ringold, Franklin County",300021,Ringold,2018-02-13 21:25:40.439256
2018-01-24,19:00,45.8,45.8,44.6,95.4,1.0,SW@1.6,3.5,40.1,0.0,0,"Ringold, Franklin County",300021,Ringold,2018-02-13 21:25:40.439256
2018-01-24,19:15,44.6,44.7,44.4,99.1,1.0,E@2.8,5.3,40.1,0.0,0,"Ringold, Franklin County",300021,Ringold,2018-02-13 21:25:40.439256
2018-01-24,19:30,44.7,44.7,44.2,98.2,1.0,NW@2.7,4.9,40.1,0.0,0,"Ringold, Franklin County",300021,Ringold,2018-02-13 21:25:40.439256
2018-01-24,19:45,42.8,42.9,42.7,99.3,1.0,W@2.5,4.2,40.2,0.0,0,"Ringold, Franklin County",300021,Ringold,2018-02-13 21:25:40.439256
2018-01-24,20:00,42.5,42.6,42.3,99.3,1.0,W@5.9,12.1,40.2,0.0,0,"Ringold, Franklin County",300021,Ringold,2018-02-13 21:25:40.439256
2018-01-24,20:15,41.5,41.6,41.4,99.3,0.95,W@6.1,9.2,40.2,0.01,0,"Ringold, Franklin County",300021,Ringold,2018-02-13 21:25:40.439256
2018-01-24,20:30,42.4,42.6,42.2,99.3,0.89,W@6.5,10.3,40.2,0.03,0,"Ringold, Franklin County",300021,Ringold,2018-02-13 21:25:40.439256
2018-01-24,20:45,42.9,43.1,42.7,99.3,0.86,SW@5.0,7.8,40.2,0.03,0,"Ringold, Franklin County",300021,Ringold,2018-02-13 21:25:40.439256
2018-01-24,21:00,44.8,45.0,42.1,90.1,0.85,SW@7.1,17.5,40.3,0.01,0,"Ringold, Franklin County",300021,Ringold,2018-02-13 21:25:40.439256
2018-01-24,21:15,45.1,45.2,42.7,91.3,0.85,SW@9.2,12.4,40.3,0.0,0,"Ringold, Franklin County",300021,Ringold,2018-02-13 21:25:40.439256
2018-01-24,21:30,43.8,43.9,43.6,99.2,0.86,S@10.7,16.4,40.3,0.0,0,"Ringold, Franklin County",300021,Ringold,2018-02-13 21:25:40.439256
2018-01-24,21:45,42.9,43.0,42.7,99.3,0.87,S@11.1,15.0,40.3,0.0,0,"Ringold, Franklin County",300021,Ringold,2018-02-13 21:25:40.439256
2018-01-24,22:00,42.6,42.8,42.5,99.3,0.87,S@11.5,16.0,40.3,0.0,0,"Ringold, Franklin County",300021,Ringold,2018-02-13 21:25:40.439256
2018-01-24,22:15,43.1,43.2,42.9,99.2,0.86,S@11.3,15.3,40.4,0.0,0,"Ringold, Franklin County",300021,Ringold,2018-02-13 21:25:40.439256
2018-01-24,22:30,43.2,43.4,43.0,99.2,0.79,SW@13.4,18.2,40.4,0.0,0,"Ringold, Franklin County",300021,Ringold,2018-02-13 21:25:40.439256
2018-01-24,22:45,43.0,43.1,42.8,99.2,0.55,SW@11.8,16.0,40.4,0.0,0,"Ringold, Franklin County",300021,Ringold,2018-02-13 21:25:40.439256
2018-01-24,23:00,42.9,43.0,42.4,98.1,0.05,SW@10.8,15.3,40.4,0.0,0,"Ringold, Franklin County",300021,Ringold,2018-02-13 21:25:40.439256
2018-01-24,23:15,42.5,42.6,41.5,96.2,0.0,SW@10.1,15.3,40.4,0.0,0,"Ringold, Franklin County",300021,Ringold,2018-02-13 21:25:40.439256
2018-01-24,23:30,42.2,42.3,40.4,93.3,0.0,SW@11.6,16.0,40.4,0.0,0,"Ringold, Franklin County",300021,Ringold,2018-02-13 21:25:40.439256
2018-01-24,23:45,42.0,42.2,39.7,91.4,0.0,SW@9.5,13.5,40.5,0.0,0,"Ringold, Franklin County",300021,Ringold,2018-02-13 21:25:40.439256
2018-01-24,24:00,42.0,42.1,38.4,87.0,0.0,SW@11.9,17.5,40.5,0.0,0,"Ringold, Franklin County",300021,Ringold,2018-02-13 21:25:40.439256
2018-01-25,00:15,41.3,41.4,38.5,89.5,0.0,SW@12.3,17.8,40.5,0.0,0,"Ringold, Franklin County",300021,Ringold,2018-02-13 21:25:40.439256
2018-01-25,00:30,41.4,41.5,37.5,85.8,0.0,SW@13.8,18.5,40.5,0.0,0,"Ringold, Franklin County",300021,Ringold,2018-02-13 21:25:40.439256
2018-01-25,00:45,41.9,42.0,35.3,77.4,0.0,SW@13.3,17.1,40.5,0.0,0,"Ringold, Franklin County",300021,Ringold,2018-02-13 21:25:40.439256
2018-01-25,01:00,41.4,41.5,34.6,76.7,0.0,SW@12.5,17.1,40.5,0.0,0,"Ringold, Franklin County",300021,Ringold,2018-02-13 21:25:40.439256
2018-01-25,01:15,39.1,39.2,36.2,89.2,0.0,SW@8.5,11.4,40.5,0.0,0,"Ringold, Franklin County",300021,Ringold,2018-02-13 21:25:40.439256
2018-01-25,01:30,38.0,38.1,36.6,94.6,0.0,SW@8.7,11.0,40.6,0.0,0,"Ringold, Franklin County",300021,Ringold,2018-02-13 21:25:40.439256
2018-01-25,01:45,38.5,38.6,34.8,86.6,0.0,SW@10.3,13.5,40.6,0.0,0,"Ringold, Franklin County",300021,Ringold,2018-02-13 21:25:40.439256
2018-01-25,02:00,40.0,40.2,32.1,73.2,0.0,SW@13.2,19.2,40.6,0.0,0,"Ringold, Franklin County",300021,Ringold,2018-02-13 21:25:40.439256
2018-01-25,02:15,38.4,38.5,32.9,80.1,0.0,SW@14.0,18.2,40.6,0.0,0,"Ringold, Franklin County",300021,Ringold,2018-02-13 21:25:40.439256
2018-01-25,02:30,38.3,38.4,31.9,77.6,0.0,SW@15.7,20.7,40.6,0.0,0,"Ringold, Franklin County",300021,Ringold,2018-02-13 21:25:40.439256
2018-01-25,02:45,39.6,39.8,29.3,66.4,0.0,SW@12.0,19.2,40.6,0.0,0,"Ringold, Franklin County",300021,Ringold,2018-02-13 21:25:40.439256
2018-01-25,03:00,38.8,38.9,29.0,67.5,0.0,SW@8.5,12.4,40.6,0.0,0,"Ringold, Franklin County",300021,Ringold,2018-02-13 21:25:40.439256
2018-01-25,03:15,38.7,38.9,28.2,65.7,0.0,SW@8.3,14.6,40.6,0.0,0,"Ringold, Franklin County",300021,Ringold,2018-02-13 21:25:40.439256
2018-01-25,03:30,38.6,38.8,28.5,66.7,0.0,SW@10.9,16.0,40.6,0.0,0,"Ringold, Franklin County",300021,Ringold,2018-02-13 21:25:40.439256
2018-01-25,03:45,38.2,38.3,28.6,68.3,0.0,SW@8.6,14.2,40.6,0.0,0,"Ringold, Franklin County",300021,Ringold,2018-02-13 21:25:40.439256
2018-01-25,04:00,37.9,38.1,28.1,67.4,0.0,W@5.7,9.2,40.6,0.0,0,"Ringold, Franklin County",300021,Ringold,2018-02-13 21:25:40.439256
2018-01-25,04:15,36.8,37.0,28.6,71.7,0.0,SW@5.4,7.4,40.7,0.0,0,"Ringold, Franklin County",300021,Ringold,2018-02-13 21:25:40.439256
2018-01-25,04:30,38.0,38.2,27.8,66.2,0.0,SW@6.9,10.7,40.7,0.0,0,"Ringold, Franklin County",300021,Ringold,2018-02-13 21:25:40.439256
2018-01-25,04:45,36.5,36.6,28.5,72.5,0.0,SW@6.5,9.9,40.7,0.0,0,"Ringold, Franklin County",300021,Ringold,2018-02-13 21:25:40.439256
2018-01-25,05:00,35.2,35.2,28.7,77.1,0.0,N@3.4,6.4,40.7,0.0,0,"Ringold, Franklin County",300021,Ringold,2018-02-13 21:25:40.439256
2018-01-25,05:15,35.5,35.5,29.4,78.2,0.0,S@3.7,7.1,40.7,0.0,0,"Ringold, Franklin County",300021,Ringold,2018-02-13 21:25:40.439256
2018-01-25,05:30,34.1,34.2,31.1,88.4,0.0,SE@2.8,5.7,40.7,0.0,0,"Ringold, Franklin County",300021,Ringold,2018-02-13 21:25:40.439256
2018-01-25,05:45,33.7,33.8,31.6,91.8,0.0,N@3.2,7.4,40.7,0.0,0,"Ringold, Franklin County",300021,Ringold,2018-02-13 21:25:40.439256
2018-01-25,06:00,36.3,36.5,30.4,78.9,0.0,S@5.3,10.3,40.7,0.0,0,"Ringold, Franklin County",300021,Ringold,2018-02-13 21:25:40.439256
2018-01-25,06:15,34.1,34.2,31.2,89.1,0.0,S@4.6,8.5,40.7,0.0,0,"Ringold, Franklin County",300021,Ringold,2018-02-13 21:25:40.439256
2018-01-25,06:30,33.9,34.0,32.6,94.8,0.0,S@7.7,11.4,40.7,0.0,0,"Ringold, Franklin County",300021,Ringold,2018-02-13 21:25:40.439256
2018-01-25,06:45,33.5,33.7,33.3,99.0,0.0,S@8.3,11.7,40.7,0.0,0,"Ringold, Franklin County",300021,Ringold,2018-02-13 21:25:40.439256
2018-01-25,07:00,33.5,33.6,33.3,99.1,0.0,S@6.7,9.6,40.6,0.0,0,"Ringold, Franklin County",300021,Ringold,2018-02-13 21:25:40.439256
2018-01-25,07:15,32.7,32.8,32.5,99.2,0.0,S@5.9,7.8,40.6,0.0,1,"Ringold, Franklin County",300021,Ringold,2018-02-13 21:25:40.439256
2018-01-25,07:30,31.9,32.0,31.6,99.2,0.0,S@6.0,8.5,40.6,0.0,3,"Ringold, Franklin County",300021,Ringold,2018-02-13 21:25:40.439256
2018-01-25,07:45,31.7,31.8,31.4,99.2,0.05,S@4.8,6.4,40.6,0.0,8,"Ringold, Franklin County",300021,Ringold,2018-02-13 21:25:40.439256
2018-01-25,08:00,32.3,32.3,32.1,99.2,0.1,SE@2.7,5.7,40.6,0.0,37,"Ringold, Franklin County",300021,Ringold,2018-02-13 21:25:40.439256
2018-01-25,08:15,33.6,33.7,33.4,99.2,0.13,SE@1.9,3.5,40.6,0.0,88,"Ringold, Franklin County",300021,Ringold,2018-02-13 21:25:40.439256
2018-01-25,08:30,34.8,34.9,34.6,99.2,0.12,SE@2.4,3.9,40.6,0.0,126,"Ringold, Franklin County",300021,Ringold,2018-02-13 21:25:40.439256
2018-01-25,08:45,35.8,35.9,35.5,99.0,0.03,SE@3.6,6.0,40.6,0.0,161,"Ringold, Franklin County",300021,Ringold,2018-02-13 21:25:40.439256
2018-01-25,09:00,36.1,36.3,35.9,99.2,0.0,SE@4.1,6.0,40.6,0.0,208,"Ringold, Franklin County",300021,Ringold,2018-02-13 21:25:40.439256
2018-01-25,09:15,37.3,37.7,36.7,97.5,0.0,SE@2.6,4.6,40.5,0.0,183,"Ringold, Franklin County",300021,Ringold,2018-02-13 21:25:40.439256
2018-01-25,09:30,36.2,36.4,36.0,99.2,0.0,SE@3.0,4.6,40.5,0.0,88,"Ringold, Franklin County",300021,Ringold,2018-02-13 21:25:40.439256
2018-01-25,09:45,36.8,36.9,36.6,99.2,0.0,E@2.3,4.2,40.5,0.0,166,"Ringold, Franklin County",300021,Ringold,2018-02-13 21:25:40.439256
2018-01-25,10:00,38.2,38.3,37.2,95.8,0.0,SE@2.3,4.9,40.5,0.0,194,"Ringold, Franklin County",300021,Ringold,2018-02-13 21:25:40.439256
2018-01-25,10:15,38.5,38.6,37.5,96.4,0.0,S@2.2,3.9,40.5,0.0,169,"Ringold, Franklin County",300021,Ringold,2018-02-13 21:25:40.439256
2018-01-25,10:30,39.1,39.3,37.5,93.9,0.0,SE@2.8,5.3,40.4,0.0,185,"Ringold, Franklin County",300021,Ringold,2018-02-13 21:25:40.439256
2018-01-25,10:45,39.6,39.7,37.4,91.9,0.0,SE@3.8,5.3,40.4,0.0,153,"Ringold, Franklin County",300021,Ringold,2018-02-13 21:25:40.439256
2018-01-25,11:00,40.2,40.4,37.8,91.2,0.0,SE@4.3,6.0,40.4,0.0,148,"Ringold, Franklin County",300021,Ringold,2018-02-13 21:25:40.439256
2018-01-25,11:15,40.6,40.8,38.5,92.2,0.0,SE@4.8,7.8,40.4,0.0,118,"Ringold, Franklin County",300021,Ringold,2018-02-13 21:25:40.439256
2018-01-25,11:30,41.8,41.9,39.4,91.1,0.0,SE@4.7,8.2,40.4,0.0,253,"Ringold, Franklin County",300021,Ringold,2018-02-13 21:25:40.439256
2018-01-25,11:45,43.0,43.3,38.4,83.7,0.0,SE@4.9,8.2,40.3,0.0,262,"Ringold, Franklin County",300021,Ringold,2018-02-13 21:25:40.439256
2018-01-25,12:00,42.6,42.8,37.0,80.5,0.0,SE@6.3,9.9,40.3,0.0,172,"Ringold, Franklin County",300021,Ringold,2018-02-13 21:25:40.439256
2018-01-25,12:15,42.4,42.6,36.6,79.6,0.0,SE@7.2,9.9,40.3,0.0,185,"Ringold, Franklin County",300021,Ringold,2018-02-13 21:25:40.439256
2018-01-25,12:30,43.1,43.2,36.5,77.3,0.0,SE@7.3,9.6,40.3,0.0,220,"Ringold, Franklin County",300021,Ringold,2018-02-13 21:25:40.439256
2018-01-25,12:45,43.6,43.7,36.3,75.3,0.0,SE@6.4,8.9,40.3,0.0,179,"Ringold, Franklin County",300021,Ringold,2018-02-13 21:25:40.439256
2018-01-25,13:00,44.6,44.7,36.1,72.0,0.0,S@5.0,7.8,40.2,0.0,227,"Ringold, Franklin County",300021,Ringold,2018-02-13 21:25:40.439256
2018-01-25,13:15,45.2,45.3,36.2,70.7,0.0,SE@4.2,6.4,40.2,0.0,170,"Ringold, Franklin County",300021,Ringold,2018-02-13 21:25:40.439256
2018-01-25,13:30,44.8,45.0,33.3,63.6,0.0,S@8.5,17.5,40.2,0.0,81,"Ringold, Franklin County",300021,Ringold,2018-02-13 21:25:40.439256
2018-01-25,13:45,44.5,44.7,31.7,60.4,0.0,S@8.3,13.2,40.2,0.0,71,"Ringold, Franklin County",300021,Ringold,2018-02-13 21:25:40.439256
2018-01-25,14:00,44.6,44.7,31.8,60.5,0.0,SW@11.6,18.5,40.2,0.0,80,"Ringold, Franklin County",300021,Ringold,2018-02-13 21:25:40.439256
2018-01-25,14:15,44.3,44.5,31.9,61.4,0.0,SW@11.1,16.7,40.2,0.0,95,"Ringold, Franklin County",300021,Ringold,2018-02-13 21:25:40.439256
2018-01-25,14:30,43.9,44.0,32.4,63.7,0.0,SW@9.8,14.6,40.2,0.0,72,"Ringold, Franklin County",300021,Ringold,2018-02-13 21:25:40.439256
2018-01-25,14:45,43.1,43.3,33.3,68.0,0.0,SW@9.5,14.2,40.2,0.0,49,"Ringold, Franklin County",300021,Ringold,2018-02-13 21:25:40.439256
2018-01-25,15:00,43.0,43.2,34.6,71.8,0.0,SW@10.3,17.5,40.2,0.0,57,"Ringold, Franklin County",300021,Ringold,2018-02-13 21:25:40.439256
2018-01-25,15:15,43.0,43.2,34.7,72.2,0.0,SW@10.7,16.4,40.1,0.0,54,"Ringold, Franklin County",300021,Ringold,2018-02-13 21:25:40.439256
2018-01-25,15:30,42.9,43.0,34.4,71.9,0.0,SW@9.8,13.9,40.1,0.0,55,"Ringold, Franklin County",300021,Ringold,2018-02-13 21:25:40.439256
2018-01-25,15:45,43.1,43.3,34.4,70.9,0.0,SW@10.3,16.0,40.1,0.0,83,"Ringold, Franklin County",300021,Ringold,2018-02-13 21:25:40.439256
2018-01-25,16:00,44.9,45.0,34.3,66.0,0.0,SW@11.6,18.9,40.1,0.0,154,"Ringold, Franklin County",300021,Ringold,2018-02-13 21:25:40.439256
2018-01-25,16:15,44.5,44.5,34.1,66.6,0.0,SW@10.7,16.0,40.1,0.0,91,"Ringold, Franklin County",300021,Ringold,2018-02-13 21:25:40.439256
2018-01-25,16:30,43.8,43.9,33.7,67.4,0.0,SW@9.4,13.9,40.1,0.0,47,"Ringold, Franklin County",300021,Ringold,2018-02-13 21:25:40.439256
2018-01-25,16:45,43.1,43.3,32.6,66.1,0.0,SW@8.2,12.1,40.1,0.0,19,"Ringold, Franklin County",300021,Ringold,2018-02-13 21:25:40.439256
2018-01-25,17:00,42.5,42.7,32.0,66.0,0.0,SW@8.1,11.4,40.1,0.0,5,"Ringold, Franklin County",300021,Ringold,2018-02-13 21:25:40.439256
2018-01-25,17:15,40.8,41.0,32.4,71.5,0.0,SW@6.0,8.2,40.2,0.0,1,"Ringold, Franklin County",300021,Ringold,2018-02-13 21:25:40.439256
2018-01-25,17:30,39.2,39.3,32.9,78.1,0.0,SW@5.2,7.1,40.2,0.0,0,"Ringold, Franklin County",300021,Ringold,2018-02-13 21:25:40.439256
2018-01-25,17:45,39.7,39.8,32.6,75.6,0.0,SW@6.5,9.9,40.2,0.0,0,"Ringold, Franklin County",300021,Ringold,2018-02-13 21:25:40.439256
2018-01-25,18:00,39.6,39.8,32.0,73.8,0.0,SW@6.8,9.6,40.2,0.0,0,"Ringold, Franklin County",300021,Ringold,2018-02-13 21:25:40.439256
2018-01-25,18:15,39.7,39.9,31.5,72.1,0.0,SW@7.6,11.0,40.2,0.0,0,"Ringold, Franklin County",300021,Ringold,2018-02-13 21:25:40.439256
2018-01-25,18:30,39.7,39.9,31.3,71.6,0.0,SW@8.7,14.6,40.2,0.0,0,"Ringold, Franklin County",300021,Ringold,2018-02-13 21:25:40.439256
2018-01-25,18:45,39.1,39.2,31.6,74.3,0.0,SW@7.1,10.7,40.2,0.0,0,"Ringold, Franklin County",300021,Ringold,2018-02-13 21:25:40.439256
2018-01-25,19:00,38.5,38.6,31.8,76.7,0.0,SW@6.7,9.2,40.2,0.0,0,"Ringold, Franklin County",300021,Ringold,2018-02-13 21:25:40.439256
2018-01-25,19:15,38.2,38.4,31.8,77.3,0.0,SW@6.8,9.2,40.2,0.0,0,"Ringold, Franklin County",300021,Ringold,2018-02-13 21:25:40.439256
2018-01-25,19:30,38.2,38.3,31.4,76.4,0.0,SW@6.5,11.0,40.2,0.0,0,"Ringold, Franklin County",300021,Ringold,2018-02-13 21:25:40.439256
2018-01-25,19:45,39.4,39.5,30.4,70.0,0.0,SW@8.2,11.4,40.2,0.0,0,"Ringold, Franklin County",300021,Ringold,2018-02-13 21:25:40.439256
2018-01-25,20:00,39.3,39.4,30.4,70.3,0.0,SW@6.5,9.9,40.2,0.0,0,"Ringold, Franklin County",300021,Ringold,2018-02-13 21:25:40.439256
2018-01-25,20:15,38.8,39.0,31.0,73.3,0.0,S@5.3,8.5,40.2,0.0,0,"Ringold, Franklin County",300021,Ringold,2018-02-13 21:25:40.439256
2018-01-25,20:30,38.6,38.8,31.3,74.7,0.0,SW@7.0,10.7,40.2,0.0,0,"Ringold, Franklin County",300021,Ringold,2018-02-13 21:25:40.439256
2018-01-25,20:45,38.5,38.6,31.4,75.2,0.0,SW@6.4,8.5,40.2,0.0,0,"Ringold, Franklin County",300021,Ringold,2018-02-13 21:25:40.439256
2018-01-25,21:00,37.4,37.5,31.9,80.1,0.0,S@5.2,7.4,40.2,0.0,0,"Ringold, Franklin County",300021,Ringold,2018-02-13 21:25:40.439256
2018-01-25,21:15,37.2,37.3,32.6,83.1,0.0,S@4.0,5.7,40.2,0.0,0,"Ringold, Franklin County",300021,Ringold,2018-02-13 21:25:40.439256
2018-01-25,21:30,37.3,37.5,32.9,84.0,0.0,S@5.3,8.9,40.2,0.0,0,"Ringold, Franklin County",300021,Ringold,2018-02-13 21:25:40.439256
2018-01-25,21:45,36.6,36.7,33.8,89.5,0.0,SE@2.2,5.7,40.3,0.0,0,"Ringold, Franklin County",300021,Ringold,2018-02-13 21:25:40.439256
2018-01-25,22:00,36.2,36.3,34.0,91.8,0.0,S@4.4,6.0,40.3,0.0,0,"Ringold, Franklin County",300021,Ringold,2018-02-13 21:25:40.439256
2018-01-25,22:15,35.5,35.6,33.9,94.0,0.0,S@5.9,8.5,40.2,0.0,0,"Ringold, Franklin County",300021,Ringold,2018-02-13 21:25:40.439256
2018-01-25,22:30,36.1,36.2,34.3,93.3,0.0,S@6.3,8.9,40.2,0.0,0,"Ringold, Franklin County",300021,Ringold,2018-02-13 21:25:40.439256
2018-01-25,22:45,36.3,36.4,34.0,90.9,0.0,S@2.3,4.6,40.2,0.0,0,"Ringold, Franklin County",300021,Ringold,2018-02-13 21:25:40.439256
2018-01-25,23:00,37.4,37.5,33.8,86.5,0.0,S@4.5,11.7,40.2,0.0,0,"Ringold, Franklin County",300021,Ringold,2018-02-13 21:25:40.439256
2018-01-25,23:15,39.0,39.2,34.0,82.2,0.0,SW@11.5,16.7,40.2,0.0,0,"Ringold, Franklin County",300021,Ringold,2018-02-13 21:25:40.439256
2018-01-25,23:30,39.1,39.3,33.9,81.5,0.0,SW@10.4,14.2,40.2,0.0,0,"Ringold, Franklin County",300021,Ringold,2018-02-13 21:25:40.439256
2018-01-25,23:45,39.9,40.1,33.8,78.4,0.0,SW@12.9,17.8,40.2,0.0,0,"Ringold, Franklin County",300021,Ringold,2018-02-13 21:25:40.439256
2018-01-25,24:00,39.3,39.5,33.8,80.4,0.0,SW@9.9,17.1,40.2,0.0,0,"Ringold, Franklin County",300021,Ringold,2018-02-13 21:25:40.439256
