Date,Time PST,Air Temp °F, 2<sup>nd</sup> Air Temp °F, Dew Point °F, Rel Hum %, Leaf Wet u., Wind Dir @ Speed mph, Wind Gust mph, 8 in. Soil Tmp °F, Tot Prec in, Solar Rad W/m²,Location,Station ID,Station Name,Download Timestamp
2010-05-22,00:15,43.3,,39.1,84.9,0.0,S@4.2,6.4,58.3,0.0,0,"Ringold, Franklin County",300021,Ringold,2017-12-08 12:14:46.210473
2010-05-22,00:30,43.8,,38.8,82.4,0.0,S@3.3,5.3,58.3,0.0,0,"Ringold, Franklin County",300021,Ringold,2017-12-08 12:14:46.210473
2010-05-22,00:45,42.7,,39.0,86.8,0.0,S@2.9,4.6,58.3,0.0,0,"Ringold, Franklin County",300021,Ringold,2017-12-08 12:14:46.210473
2010-05-22,01:00,41.5,,39.1,91.1,0.01,S@2.9,4.2,58.3,0.0,0,"Ringold, Franklin County",300021,Ringold,2017-12-08 12:14:46.210473
2010-05-22,01:15,40.7,,38.7,92.5,0.02,SW@2.5,3.5,58.3,0.0,0,"Ringold, Franklin County",300021,Ringold,2017-12-08 12:14:46.210473
2010-05-22,01:30,40.2,,38.3,92.8,0.03,SW@3.0,4.2,58.3,0.0,0,"Ringold, Franklin County",300021,Ringold,2017-12-08 12:14:46.210473
2010-05-22,01:45,40.1,,38.2,92.7,0.03,S@3.2,4.2,58.3,0.0,0,"Ringold, Franklin County",300021,Ringold,2017-12-08 12:14:46.210473
2010-05-22,02:00,40.1,,38.1,92.4,0.04,S@3.4,5.3,58.3,0.0,0,"Ringold, Franklin County",300021,Ringold,2017-12-08 12:14:46.210473
2010-05-22,02:15,40.0,,38.3,93.4,0.04,S@3.3,4.9,58.2,0.0,0,"Ringold, Franklin County",300021,Ringold,2017-12-08 12:14:46.210473
2010-05-22,02:30,40.1,,38.0,92.3,0.05,S@3.3,5.3,58.2,0.0,0,"Ringold, Franklin County",300021,Ringold,2017-12-08 12:14:46.210473
2010-05-22,02:45,39.3,,37.7,93.9,0.06,S@2.4,3.5,58.2,0.0,0,"Ringold, Franklin County",300021,Ringold,2017-12-08 12:14:46.210473
2010-05-22,03:00,38.5,,37.1,94.8,0.07,S@2.7,3.9,58.2,0.0,0,"Ringold, Franklin County",300021,Ringold,2017-12-08 12:14:46.210473
2010-05-22,03:15,38.2,,36.9,95.2,0.08,SW@0.8,2.4,58.2,0.0,0,"Ringold, Franklin County",300021,Ringold,2017-12-08 12:14:46.210473
2010-05-22,03:30,38.1,,36.7,94.7,0.11,SW@2.2,3.5,58.2,0.0,0,"Ringold, Franklin County",300021,Ringold,2017-12-08 12:14:46.210473
2010-05-22,03:45,38.1,,36.5,93.9,0.14,SW@0.8,3.5,58.1,0.0,0,"Ringold, Franklin County",300021,Ringold,2017-12-08 12:14:46.210473
2010-05-22,04:00,37.6,,36.5,95.6,0.18,S@3.1,4.6,58.1,0.0,0,"Ringold, Franklin County",300021,Ringold,2017-12-08 12:14:46.210473
2010-05-22,04:15,37.7,,36.6,95.9,0.21,SW@2.7,4.9,58.1,0.0,4,"Ringold, Franklin County",300021,Ringold,2017-12-08 12:14:46.210473
2010-05-22,04:30,38.1,,36.4,93.5,0.23,SE@1.5,3.1,58.1,0.0,11,"Ringold, Franklin County",300021,Ringold,2017-12-08 12:14:46.210473
2010-05-22,04:45,37.0,,36.0,95.9,0.26,S@2.8,4.9,58.0,0.0,40,"Ringold, Franklin County",300021,Ringold,2017-12-08 12:14:46.210473
2010-05-22,05:00,38.0,,36.9,95.5,0.28,S@2.9,4.6,58.0,0.0,79,"Ringold, Franklin County",300021,Ringold,2017-12-08 12:14:46.210473
2010-05-22,05:15,40.0,,38.4,94.0,0.27,S@3.7,5.7,58.0,0.0,113,"Ringold, Franklin County",300021,Ringold,2017-12-08 12:14:46.210473
2010-05-22,05:30,41.3,,39.1,91.9,0.22,S@3.6,4.6,57.9,0.0,80,"Ringold, Franklin County",300021,Ringold,2017-12-08 12:14:46.210473
2010-05-22,05:45,42.4,,39.9,90.8,0.16,S@3.2,4.6,57.9,0.0,134,"Ringold, Franklin County",300021,Ringold,2017-12-08 12:14:46.210473
2010-05-22,06:00,44.0,,40.4,87.3,0.03,S@3.3,4.9,57.9,0.0,167,"Ringold, Franklin County",300021,Ringold,2017-12-08 12:14:46.210473
2010-05-22,06:15,45.4,,40.6,83.2,0.0,S@3.8,6.0,57.8,0.0,206,"Ringold, Franklin County",300021,Ringold,2017-12-08 12:14:46.210473
2010-05-22,06:30,46.5,,40.1,78.2,0.0,S@4.4,6.7,57.8,0.0,254,"Ringold, Franklin County",300021,Ringold,2017-12-08 12:14:46.210473
2010-05-22,06:45,47.8,,40.4,75.3,0.0,S@4.1,6.0,57.8,0.0,293,"Ringold, Franklin County",300021,Ringold,2017-12-08 12:14:46.210473
2010-05-22,07:00,48.9,,39.5,69.7,0.0,S@4.2,7.1,57.7,0.0,326,"Ringold, Franklin County",300021,Ringold,2017-12-08 12:14:46.210473
2010-05-22,07:15,50.0,,39.8,67.7,0.0,S@3.9,6.7,57.7,0.0,361,"Ringold, Franklin County",300021,Ringold,2017-12-08 12:14:46.210473
2010-05-22,07:30,50.9,,39.1,63.7,0.0,SW@3.6,7.1,57.6,0.0,398,"Ringold, Franklin County",300021,Ringold,2017-12-08 12:14:46.210473
2010-05-22,07:45,51.9,,39.7,63.0,0.0,SW@3.7,6.4,57.6,0.0,434,"Ringold, Franklin County",300021,Ringold,2017-12-08 12:14:46.210473
2010-05-22,08:00,52.9,,39.0,59.1,0.0,SW@3.6,6.0,57.5,0.0,457,"Ringold, Franklin County",300021,Ringold,2017-12-08 12:14:46.210473
2010-05-22,08:15,53.2,,39.2,58.8,0.0,S@4.1,7.1,57.5,0.0,497,"Ringold, Franklin County",300021,Ringold,2017-12-08 12:14:46.210473
2010-05-22,08:30,53.4,,38.4,56.6,0.0,SE@4.5,7.8,57.4,0.0,495,"Ringold, Franklin County",300021,Ringold,2017-12-08 12:14:46.210473
2010-05-22,08:45,54.1,,38.5,55.5,0.0,SE@4.4,8.2,57.4,0.0,498,"Ringold, Franklin County",300021,Ringold,2017-12-08 12:14:46.210473
2010-05-22,09:00,54.2,,38.4,54.8,0.0,SE@4.5,7.1,57.3,0.0,460,"Ringold, Franklin County",300021,Ringold,2017-12-08 12:14:46.210473
2010-05-22,09:15,54.5,,38.2,53.9,0.0,SE@4.3,8.9,57.3,0.0,381,"Ringold, Franklin County",300021,Ringold,2017-12-08 12:14:46.210473
2010-05-22,09:30,54.6,,39.6,56.8,0.0,SE@6.0,9.9,57.2,0.0,458,"Ringold, Franklin County",300021,Ringold,2017-12-08 12:14:46.210473
2010-05-22,09:45,55.7,,39.6,54.6,0.0,SE@5.5,9.2,57.2,0.0,647,"Ringold, Franklin County",300021,Ringold,2017-12-08 12:14:46.210473
2010-05-22,10:00,57.4,,39.4,50.9,0.0,E@5.0,8.9,57.2,0.0,715,"Ringold, Franklin County",300021,Ringold,2017-12-08 12:14:46.210473
2010-05-22,10:15,57.5,,39.7,51.2,0.0,SE@6.0,11.4,57.1,0.0,607,"Ringold, Franklin County",300021,Ringold,2017-12-08 12:14:46.210473
2010-05-22,10:30,56.0,,38.7,52.1,0.0,E@6.0,10.3,57.1,0.0,420,"Ringold, Franklin County",300021,Ringold,2017-12-08 12:14:46.210473
2010-05-22,10:45,56.4,,39.3,52.5,0.0,E@7.4,11.7,57.0,0.0,495,"Ringold, Franklin County",300021,Ringold,2017-12-08 12:14:46.210473
2010-05-22,11:00,58.7,,40.0,49.7,0.0,SE@7.5,12.4,57.0,0.0,866,"Ringold, Franklin County",300021,Ringold,2017-12-08 12:14:46.210473
2010-05-22,11:15,59.1,,39.0,47.2,0.0,SE@6.7,11.7,57.0,0.0,674,"Ringold, Franklin County",300021,Ringold,2017-12-08 12:14:46.210473
2010-05-22,11:30,58.5,,39.4,48.9,0.0,SE@6.9,11.7,56.9,0.0,455,"Ringold, Franklin County",300021,Ringold,2017-12-08 12:14:46.210473
2010-05-22,11:45,58.9,,39.7,48.8,0.0,SE@7.6,12.1,56.9,0.0,569,"Ringold, Franklin County",300021,Ringold,2017-12-08 12:14:46.210473
2010-05-22,12:00,60.6,,40.1,46.6,0.0,SE@7.6,12.8,56.9,0.0,672,"Ringold, Franklin County",300021,Ringold,2017-12-08 12:14:46.210473
2010-05-22,12:15,60.5,,40.0,46.7,0.0,SE@8.4,13.5,56.8,0.0,640,"Ringold, Franklin County",300021,Ringold,2017-12-08 12:14:46.210473
2010-05-22,12:30,62.1,,39.7,43.5,0.0,SE@6.9,15.7,56.8,0.0,748,"Ringold, Franklin County",300021,Ringold,2017-12-08 12:14:46.210473
2010-05-22,12:45,62.3,,41.5,46.5,0.0,SE@9.2,14.6,56.8,0.0,715,"Ringold, Franklin County",300021,Ringold,2017-12-08 12:14:46.210473
2010-05-22,13:00,61.2,,41.2,47.6,0.0,SE@10.1,16.0,56.8,0.0,552,"Ringold, Franklin County",300021,Ringold,2017-12-08 12:14:46.210473
2010-05-22,13:15,60.4,,39.7,46.2,0.0,SE@8.9,13.2,56.8,0.0,333,"Ringold, Franklin County",300021,Ringold,2017-12-08 12:14:46.210473
2010-05-22,13:30,61.6,,40.3,45.2,0.0,SE@8.7,13.2,56.8,0.0,532,"Ringold, Franklin County",300021,Ringold,2017-12-08 12:14:46.210473
2010-05-22,13:45,61.4,,40.1,45.4,0.0,SE@9.5,13.9,56.7,0.0,476,"Ringold, Franklin County",300021,Ringold,2017-12-08 12:14:46.210473
2010-05-22,14:00,62.5,,40.3,44.1,0.0,SE@10.7,16.7,56.7,0.0,526,"Ringold, Franklin County",300021,Ringold,2017-12-08 12:14:46.210473
2010-05-22,14:15,62.1,,36.6,38.6,0.0,SE@8.1,15.0,56.7,0.0,315,"Ringold, Franklin County",300021,Ringold,2017-12-08 12:14:46.210473
2010-05-22,14:30,61.7,,35.4,37.3,0.0,S@7.3,13.5,56.8,0.0,301,"Ringold, Franklin County",300021,Ringold,2017-12-08 12:14:46.210473
2010-05-22,14:45,61.8,,34.5,36.0,0.0,S@8.7,15.3,56.8,0.0,245,"Ringold, Franklin County",300021,Ringold,2017-12-08 12:14:46.210473
2010-05-22,15:00,61.0,,34.3,36.6,0.0,S@6.9,12.8,56.8,0.0,160,"Ringold, Franklin County",300021,Ringold,2017-12-08 12:14:46.210473
2010-05-22,15:15,61.1,,34.4,36.6,0.0,SW@7.2,11.7,56.8,0.0,261,"Ringold, Franklin County",300021,Ringold,2017-12-08 12:14:46.210473
2010-05-22,15:30,63.4,,34.1,33.4,0.0,SW@6.5,13.9,56.8,0.0,374,"Ringold, Franklin County",300021,Ringold,2017-12-08 12:14:46.210473
2010-05-22,15:45,64.3,,34.8,33.2,0.0,S@9.3,15.0,56.9,0.0,510,"Ringold, Franklin County",300021,Ringold,2017-12-08 12:14:46.210473
2010-05-22,16:00,63.5,,34.0,33.2,0.0,SW@7.4,12.1,56.9,0.0,227,"Ringold, Franklin County",300021,Ringold,2017-12-08 12:14:46.210473
2010-05-22,16:15,60.7,,34.6,37.5,0.0,S@9.3,13.9,56.9,0.0,169,"Ringold, Franklin County",300021,Ringold,2017-12-08 12:14:46.210473
2010-05-22,16:30,61.5,,35.2,37.3,0.0,S@7.6,14.2,57.0,0.0,287,"Ringold, Franklin County",300021,Ringold,2017-12-08 12:14:46.210473
2010-05-22,16:45,62.9,,35.2,35.4,0.0,S@7.9,12.8,57.0,0.0,299,"Ringold, Franklin County",300021,Ringold,2017-12-08 12:14:46.210473
2010-05-22,17:00,64.3,,32.9,30.8,0.0,SW@4.0,8.5,57.1,0.0,263,"Ringold, Franklin County",300021,Ringold,2017-12-08 12:14:46.210473
2010-05-22,17:15,61.9,,33.7,34.6,0.0,W@3.4,6.7,57.1,0.0,84,"Ringold, Franklin County",300021,Ringold,2017-12-08 12:14:46.210473
2010-05-22,17:30,61.2,,34.1,36.1,0.0,W@3.1,6.0,57.2,0.0,129,"Ringold, Franklin County",300021,Ringold,2017-12-08 12:14:46.210473
2010-05-22,17:45,64.0,,32.7,30.9,0.0,W@6.0,10.3,57.2,0.0,258,"Ringold, Franklin County",300021,Ringold,2017-12-08 12:14:46.210473
2010-05-22,18:00,62.9,,33.1,32.5,0.0,W@7.1,14.6,57.3,0.0,191,"Ringold, Franklin County",300021,Ringold,2017-12-08 12:14:46.210473
2010-05-22,18:15,61.1,,32.5,33.9,0.0,W@8.5,13.2,57.3,0.0,147,"Ringold, Franklin County",300021,Ringold,2017-12-08 12:14:46.210473
2010-05-22,18:30,60.0,,32.3,35.0,0.0,W@8.1,15.0,57.4,0.0,102,"Ringold, Franklin County",300021,Ringold,2017-12-08 12:14:46.210473
2010-05-22,18:45,58.5,,32.9,37.9,0.0,W@7.1,11.7,57.4,0.0,76,"Ringold, Franklin County",300021,Ringold,2017-12-08 12:14:46.210473
2010-05-22,19:00,57.2,,32.0,38.2,0.0,W@7.7,13.5,57.5,0.0,39,"Ringold, Franklin County",300021,Ringold,2017-12-08 12:14:46.210473
2010-05-22,19:15,55.8,,30.9,38.4,0.0,W@7.8,13.5,57.6,0.0,22,"Ringold, Franklin County",300021,Ringold,2017-12-08 12:14:46.210473
2010-05-22,19:30,54.7,,31.9,41.7,0.0,W@6.8,11.4,57.6,0.0,7,"Ringold, Franklin County",300021,Ringold,2017-12-08 12:14:46.210473
2010-05-22,19:45,53.9,,32.1,43.3,0.0,W@6.4,10.3,57.7,0.0,2,"Ringold, Franklin County",300021,Ringold,2017-12-08 12:14:46.210473
2010-05-22,20:00,53.4,,32.1,44.0,0.0,W@6.4,11.4,57.7,0.0,1,"Ringold, Franklin County",300021,Ringold,2017-12-08 12:14:46.210473
2010-05-22,20:15,52.6,,32.3,45.7,0.0,SW@5.6,9.6,57.8,0.0,0,"Ringold, Franklin County",300021,Ringold,2017-12-08 12:14:46.210473
2010-05-22,20:30,51.7,,32.9,48.4,0.0,W@5.6,9.6,57.8,0.0,0,"Ringold, Franklin County",300021,Ringold,2017-12-08 12:14:46.210473
2010-05-22,20:45,51.3,,33.3,50.0,0.0,W@5.9,12.4,57.9,0.0,0,"Ringold, Franklin County",300021,Ringold,2017-12-08 12:14:46.210473
2010-05-22,21:00,51.2,,33.5,50.6,0.0,W@6.4,11.0,58.0,0.0,0,"Ringold, Franklin County",300021,Ringold,2017-12-08 12:14:46.210473
2010-05-22,21:15,50.6,,34.2,53.2,0.0,W@6.6,11.7,58.0,0.0,0,"Ringold, Franklin County",300021,Ringold,2017-12-08 12:14:46.210473
2010-05-22,21:30,50.0,,34.5,54.9,0.0,SW@6.3,10.7,58.1,0.0,0,"Ringold, Franklin County",300021,Ringold,2017-12-08 12:14:46.210473
2010-05-22,21:45,49.9,,34.5,55.3,0.0,SW@6.6,11.0,58.1,0.0,0,"Ringold, Franklin County",300021,Ringold,2017-12-08 12:14:46.210473
2010-05-22,22:00,49.4,,34.8,56.8,0.0,SW@6.1,10.7,58.2,0.0,0,"Ringold, Franklin County",300021,Ringold,2017-12-08 12:14:46.210473
2010-05-22,22:15,48.6,,35.7,60.8,0.0,SW@5.0,8.2,58.2,0.0,0,"Ringold, Franklin County",300021,Ringold,2017-12-08 12:14:46.210473
2010-05-22,22:30,47.6,,36.6,65.6,0.0,SW@4.7,7.4,58.2,0.0,0,"Ringold, Franklin County",300021,Ringold,2017-12-08 12:14:46.210473
2010-05-22,22:45,47.3,,36.9,66.7,0.0,SW@5.3,8.9,58.3,0.0,0,"Ringold, Franklin County",300021,Ringold,2017-12-08 12:14:46.210473
2010-05-22,23:00,47.6,,36.8,66.0,0.0,SW@5.2,9.6,58.3,0.0,0,"Ringold, Franklin County",300021,Ringold,2017-12-08 12:14:46.210473
2010-05-23,23:15,46.7,,37.1,68.9,0.0,SW@5.2,9.2,58.3,0.0,0,"Ringold, Franklin County",300021,Ringold,2017-12-08 12:14:46.210473
2010-05-23,23:30,46.6,,37.2,69.5,0.0,S@5.8,9.9,58.3,0.0,0,"Ringold, Franklin County",300021,Ringold,2017-12-08 12:14:46.210473
2010-05-23,23:45,46.7,,36.9,68.6,0.0,SW@6.0,9.9,58.4,0.0,0,"Ringold, Franklin County",300021,Ringold,2017-12-08 12:14:46.210473
2010-05-23,24:00,46.7,,36.8,68.1,0.0,SW@6.5,9.9,58.4,0.0,0,"Ringold, Franklin County",300021,Ringold,2017-12-08 12:14:46.210473
2010-05-23,00:15,46.1,,37.3,71.3,0.0,SW@5.7,9.9,58.4,0.0,0,"Ringold, Franklin County",300021,Ringold,2017-12-08 12:14:46.210473
2010-05-23,00:30,45.8,,36.9,70.8,0.0,SW@5.8,8.9,58.4,0.0,0,"Ringold, Franklin County",300021,Ringold,2017-12-08 12:14:46.210473
2010-05-23,00:45,46.0,,36.8,69.9,0.0,S@6.0,10.7,58.4,0.0,0,"Ringold, Franklin County",300021,Ringold,2017-12-08 12:14:46.210473
2010-05-23,01:00,46.2,,36.4,68.3,0.0,S@6.7,11.0,58.4,0.0,0,"Ringold, Franklin County",300021,Ringold,2017-12-08 12:14:46.210473
2010-05-23,01:15,46.3,,35.7,66.2,0.0,S@6.2,10.7,58.4,0.0,0,"Ringold, Franklin County",300021,Ringold,2017-12-08 12:14:46.210473
2010-05-23,01:30,46.4,,34.8,63.6,0.0,S@6.7,9.9,58.5,0.0,0,"Ringold, Franklin County",300021,Ringold,2017-12-08 12:14:46.210473
2010-05-23,01:45,45.7,,34.7,65.3,0.0,S@6.1,10.7,58.4,0.0,0,"Ringold, Franklin County",300021,Ringold,2017-12-08 12:14:46.210473
2010-05-23,02:00,44.2,,35.2,70.6,0.0,S@5.0,8.2,58.5,0.0,0,"Ringold, Franklin County",300021,Ringold,2017-12-08 12:14:46.210473
2010-05-23,02:15,41.6,,36.0,80.3,0.0,SE@5.2,7.4,58.4,0.0,0,"Ringold, Franklin County",300021,Ringold,2017-12-08 12:14:46.210473
2010-05-23,02:30,40.7,,35.9,82.8,0.0,SE@4.0,5.3,58.4,0.0,0,"Ringold, Franklin County",300021,Ringold,2017-12-08 12:14:46.210473
2010-05-23,02:45,39.9,,35.9,85.4,0.0,SE@4.8,6.7,58.4,0.0,0,"Ringold, Franklin County",300021,Ringold,2017-12-08 12:14:46.210473
2010-05-23,03:00,38.8,,35.5,88.0,0.0,SE@3.9,5.3,58.4,0.0,0,"Ringold, Franklin County",300021,Ringold,2017-12-08 12:14:46.210473
2010-05-23,03:15,38.4,,35.5,89.3,0.0,SE@3.3,4.6,58.4,0.0,0,"Ringold, Franklin County",300021,Ringold,2017-12-08 12:14:46.210473
2010-05-23,03:30,39.1,,35.3,86.1,0.0,SE@4.1,6.7,58.4,0.0,0,"Ringold, Franklin County",300021,Ringold,2017-12-08 12:14:46.210473
2010-05-23,03:45,39.6,,34.7,82.4,0.0,SE@3.6,6.0,58.4,0.0,0,"Ringold, Franklin County",300021,Ringold,2017-12-08 12:14:46.210473
2010-05-23,04:00,38.4,,34.6,86.1,0.0,SE@3.5,5.3,58.4,0.0,1,"Ringold, Franklin County",300021,Ringold,2017-12-08 12:14:46.210473
2010-05-23,04:15,37.2,,34.4,89.5,0.0,SE@3.8,5.7,58.4,0.0,4,"Ringold, Franklin County",300021,Ringold,2017-12-08 12:14:46.210473
2010-05-23,04:30,37.4,,34.5,89.1,0.0,SE@3.6,6.7,58.3,0.0,14,"Ringold, Franklin County",300021,Ringold,2017-12-08 12:14:46.210473
2010-05-23,04:45,39.6,,34.8,82.6,0.0,SE@4.2,7.8,58.3,0.0,41,"Ringold, Franklin County",300021,Ringold,2017-12-08 12:14:46.210473
2010-05-23,05:00,40.9,,35.1,79.7,0.0,S@4.0,6.4,58.3,0.0,49,"Ringold, Franklin County",300021,Ringold,2017-12-08 12:14:46.210473
2010-05-23,05:15,41.4,,34.6,76.5,0.0,S@4.1,6.0,58.3,0.0,58,"Ringold, Franklin County",300021,Ringold,2017-12-08 12:14:46.210473
2010-05-23,05:30,44.1,,33.8,66.9,0.0,S@4.2,7.1,58.2,0.0,131,"Ringold, Franklin County",300021,Ringold,2017-12-08 12:14:46.210473
2010-05-23,05:45,46.0,,32.6,59.2,0.0,S@4.7,8.2,58.2,0.0,123,"Ringold, Franklin County",300021,Ringold,2017-12-08 12:14:46.210473
2010-05-23,06:00,45.8,,33.3,61.4,0.0,S@4.0,8.5,58.2,0.0,90,"Ringold, Franklin County",300021,Ringold,2017-12-08 12:14:46.210473
2010-05-23,06:15,46.4,,35.3,65.1,0.0,SE@4.6,8.5,58.1,0.0,142,"Ringold, Franklin County",300021,Ringold,2017-12-08 12:14:46.210473
2010-05-23,06:30,46.3,,36.9,69.3,0.0,E@5.9,8.9,58.1,0.0,170,"Ringold, Franklin County",300021,Ringold,2017-12-08 12:14:46.210473
2010-05-23,06:45,47.0,,36.7,67.0,0.0,SE@6.1,8.5,58.1,0.0,185,"Ringold, Franklin County",300021,Ringold,2017-12-08 12:14:46.210473
2010-05-23,07:00,48.6,,36.0,61.5,0.0,SE@7.2,10.3,58.0,0.0,350,"Ringold, Franklin County",300021,Ringold,2017-12-08 12:14:46.210473
2010-05-23,07:15,48.5,,35.3,60.2,0.0,SE@7.7,11.7,58.0,0.0,257,"Ringold, Franklin County",300021,Ringold,2017-12-08 12:14:46.210473
2010-05-23,07:30,48.7,,35.0,58.7,0.0,SE@7.0,10.7,58.0,0.0,229,"Ringold, Franklin County",300021,Ringold,2017-12-08 12:14:46.210473
2010-05-23,07:45,48.8,,34.9,58.5,0.0,SE@8.7,12.8,57.9,0.0,308,"Ringold, Franklin County",300021,Ringold,2017-12-08 12:14:46.210473
2010-05-23,08:00,49.1,,34.4,56.6,0.0,E@9.2,13.2,57.9,0.0,291,"Ringold, Franklin County",300021,Ringold,2017-12-08 12:14:46.210473
2010-05-23,08:15,50.0,,35.4,57.0,0.0,SE@9.4,13.2,57.8,0.0,307,"Ringold, Franklin County",300021,Ringold,2017-12-08 12:14:46.210473
2010-05-23,08:30,50.2,,35.4,56.6,0.0,SE@9.6,13.2,57.8,0.0,323,"Ringold, Franklin County",300021,Ringold,2017-12-08 12:14:46.210473
2010-05-23,08:45,52.4,,35.9,53.3,0.0,SE@9.0,12.8,57.8,0.0,512,"Ringold, Franklin County",300021,Ringold,2017-12-08 12:14:46.210473
2010-05-23,09:00,53.3,,36.4,52.5,0.0,SE@8.6,12.8,57.7,0.0,538,"Ringold, Franklin County",300021,Ringold,2017-12-08 12:14:46.210473
2010-05-23,09:15,55.1,,35.1,46.8,0.0,SE@7.9,13.5,57.7,0.0,634,"Ringold, Franklin County",300021,Ringold,2017-12-08 12:14:46.210473
2010-05-23,09:30,55.9,,33.6,42.6,0.0,SE@8.8,13.5,57.6,0.0,684,"Ringold, Franklin County",300021,Ringold,2017-12-08 12:14:46.210473
2010-05-23,09:45,56.7,,33.1,40.7,0.0,SE@8.7,12.8,57.6,0.0,679,"Ringold, Franklin County",300021,Ringold,2017-12-08 12:14:46.210473
2010-05-23,10:00,57.0,,32.8,39.7,0.0,SE@9.8,15.0,57.5,0.0,668,"Ringold, Franklin County",300021,Ringold,2017-12-08 12:14:46.210473
2010-05-23,10:15,57.4,,32.9,39.3,0.0,SE@9.7,15.7,57.5,0.0,698,"Ringold, Franklin County",300021,Ringold,2017-12-08 12:14:46.210473
2010-05-23,10:30,56.0,,32.8,41.4,0.0,SE@8.8,13.2,57.4,0.0,459,"Ringold, Franklin County",300021,Ringold,2017-12-08 12:14:46.210473
2010-05-23,10:45,55.5,,33.3,42.9,0.0,SE@8.8,13.2,57.4,0.0,449,"Ringold, Franklin County",300021,Ringold,2017-12-08 12:14:46.210473
2010-05-23,11:00,55.7,,32.9,41.9,0.0,SE@8.3,14.2,57.4,0.0,445,"Ringold, Franklin County",300021,Ringold,2017-12-08 12:14:46.210473
2010-05-23,11:15,55.3,,31.2,39.6,0.0,SE@6.0,9.9,57.3,0.0,355,"Ringold, Franklin County",300021,Ringold,2017-12-08 12:14:46.210473
2010-05-23,11:30,56.3,,31.9,39.3,0.0,SE@6.7,11.0,57.3,0.0,509,"Ringold, Franklin County",300021,Ringold,2017-12-08 12:14:46.210473
2010-05-23,11:45,56.4,,30.5,37.1,0.0,SE@6.7,12.1,57.3,0.0,438,"Ringold, Franklin County",300021,Ringold,2017-12-08 12:14:46.210473
2010-05-23,12:00,57.1,,32.0,38.3,0.0,SE@6.9,10.7,57.2,0.0,478,"Ringold, Franklin County",300021,Ringold,2017-12-08 12:14:46.210473
2010-05-23,12:15,57.8,,32.1,37.5,0.0,S@5.0,11.7,57.2,0.0,528,"Ringold, Franklin County",300021,Ringold,2017-12-08 12:14:46.210473
2010-05-23,12:30,58.4,,32.0,36.7,0.0,SE@5.1,11.4,57.2,0.0,646,"Ringold, Franklin County",300021,Ringold,2017-12-08 12:14:46.210473
2010-05-23,12:45,59.5,,33.5,37.4,0.0,SE@6.9,12.1,57.2,0.0,700,"Ringold, Franklin County",300021,Ringold,2017-12-08 12:14:46.210473
2010-05-23,13:00,58.5,,33.2,38.4,0.0,S@5.4,9.9,57.1,0.0,495,"Ringold, Franklin County",300021,Ringold,2017-12-08 12:14:46.210473
2010-05-23,13:15,59.5,,34.0,38.1,0.0,SE@7.1,12.8,57.1,0.0,648,"Ringold, Franklin County",300021,Ringold,2017-12-08 12:14:46.210473
2010-05-23,13:30,58.9,,33.4,38.0,0.0,SE@6.7,18.9,57.1,0.0,397,"Ringold, Franklin County",300021,Ringold,2017-12-08 12:14:46.210473
2010-05-23,13:45,58.4,,33.9,39.5,0.0,S@7.2,11.0,57.1,0.0,462,"Ringold, Franklin County",300021,Ringold,2017-12-08 12:14:46.210473
2010-05-23,14:00,58.5,,33.4,38.6,0.0,SE@8.5,15.0,57.1,0.0,399,"Ringold, Franklin County",300021,Ringold,2017-12-08 12:14:46.210473
2010-05-23,14:15,59.5,,32.1,35.4,0.0,SE@8.9,13.5,57.1,0.0,598,"Ringold, Franklin County",300021,Ringold,2017-12-08 12:14:46.210473
2010-05-23,14:30,59.9,,30.3,32.4,0.0,SE@7.5,12.8,57.1,0.0,498,"Ringold, Franklin County",300021,Ringold,2017-12-08 12:14:46.210473
2010-05-23,14:45,58.4,,29.6,33.2,0.0,S@5.0,11.0,57.1,0.0,284,"Ringold, Franklin County",300021,Ringold,2017-12-08 12:14:46.210473
2010-05-23,15:00,59.2,,31.2,34.5,0.0,S@4.8,8.2,57.1,0.0,395,"Ringold, Franklin County",300021,Ringold,2017-12-08 12:14:46.210473
2010-05-23,15:15,59.9,,32.1,34.9,0.0,S@6.5,11.7,57.1,0.0,409,"Ringold, Franklin County",300021,Ringold,2017-12-08 12:14:46.210473
2010-05-23,15:30,58.9,,35.9,42.0,0.0,SE@9.9,16.7,57.1,0.0,344,"Ringold, Franklin County",300021,Ringold,2017-12-08 12:14:46.210473
2010-05-23,15:45,59.1,,36.1,42.0,0.0,SE@9.2,15.7,57.1,0.0,428,"Ringold, Franklin County",300021,Ringold,2017-12-08 12:14:46.210473
2010-05-23,16:00,59.3,,36.4,42.2,0.0,SE@9.1,12.8,57.1,0.0,360,"Ringold, Franklin County",300021,Ringold,2017-12-08 12:14:46.210473
2010-05-23,16:15,58.6,,35.9,42.4,0.0,SE@8.8,13.9,57.2,0.0,258,"Ringold, Franklin County",300021,Ringold,2017-12-08 12:14:46.210473
2010-05-23,16:30,58.6,,35.6,41.9,0.0,SE@7.7,11.0,57.2,0.0,264,"Ringold, Franklin County",300021,Ringold,2017-12-08 12:14:46.210473
2010-05-23,16:45,59.0,,35.9,42.0,0.0,SE@10.0,16.7,57.2,0.0,339,"Ringold, Franklin County",300021,Ringold,2017-12-08 12:14:46.210473
2010-05-23,17:00,58.7,,35.9,42.3,0.0,SE@11.1,15.3,57.3,0.0,349,"Ringold, Franklin County",300021,Ringold,2017-12-08 12:14:46.210473
2010-05-23,17:15,57.0,,35.1,43.7,0.0,SE@9.2,13.5,57.3,0.0,104,"Ringold, Franklin County",300021,Ringold,2017-12-08 12:14:46.210473
2010-05-23,17:30,55.5,,36.3,48.4,0.0,SE@8.3,11.4,57.3,0.0,59,"Ringold, Franklin County",300021,Ringold,2017-12-08 12:14:46.210473
2010-05-23,17:45,56.0,,36.8,48.4,0.0,SE@7.7,10.3,57.4,0.0,186,"Ringold, Franklin County",300021,Ringold,2017-12-08 12:14:46.210473
2010-05-23,18:00,55.7,,37.5,50.2,0.0,SE@9.4,12.8,57.4,0.0,96,"Ringold, Franklin County",300021,Ringold,2017-12-08 12:14:46.210473
2010-05-23,18:15,53.5,,37.9,55.4,0.0,SE@9.0,13.2,57.5,0.0,31,"Ringold, Franklin County",300021,Ringold,2017-12-08 12:14:46.210473
2010-05-23,18:30,52.2,,38.5,59.4,0.0,SE@6.6,9.2,57.5,0.0,32,"Ringold, Franklin County",300021,Ringold,2017-12-08 12:14:46.210473
2010-05-23,18:45,51.7,,38.9,61.3,0.0,SE@5.9,7.8,57.6,0.0,26,"Ringold, Franklin County",300021,Ringold,2017-12-08 12:14:46.210473
2010-05-23,19:00,51.1,,39.7,64.8,0.0,SE@4.3,6.4,57.6,0.0,16,"Ringold, Franklin County",300021,Ringold,2017-12-08 12:14:46.210473
2010-05-23,19:15,50.7,,40.8,68.8,0.0,SE@4.3,5.7,57.7,0.0,9,"Ringold, Franklin County",300021,Ringold,2017-12-08 12:14:46.210473
2010-05-23,19:30,50.3,,41.2,70.7,0.0,SE@3.9,5.3,57.7,0.0,4,"Ringold, Franklin County",300021,Ringold,2017-12-08 12:14:46.210473
2010-05-23,19:45,49.7,,41.4,73.0,0.0,SE@3.8,4.9,57.8,0.0,2,"Ringold, Franklin County",300021,Ringold,2017-12-08 12:14:46.210473
2010-05-23,20:00,50.0,,41.4,71.9,0.0,SE@4.4,5.7,57.8,0.0,0,"Ringold, Franklin County",300021,Ringold,2017-12-08 12:14:46.210473
2010-05-23,20:15,50.0,,41.4,72.2,0.0,S@4.4,6.0,57.9,0.0,0,"Ringold, Franklin County",300021,Ringold,2017-12-08 12:14:46.210473
2010-05-23,20:30,50.4,,39.8,66.7,0.0,S@4.9,8.9,57.9,0.0,0,"Ringold, Franklin County",300021,Ringold,2017-12-08 12:14:46.210473
2010-05-23,20:45,50.7,,39.0,64.0,0.0,SW@6.4,9.6,58.0,0.0,0,"Ringold, Franklin County",300021,Ringold,2017-12-08 12:14:46.210473
2010-05-23,21:00,50.3,,39.5,66.3,0.0,S@7.6,13.5,58.0,0.0,0,"Ringold, Franklin County",300021,Ringold,2017-12-08 12:14:46.210473
2010-05-23,21:15,49.5,,40.2,70.2,0.0,S@7.8,13.2,58.0,0.0,0,"Ringold, Franklin County",300021,Ringold,2017-12-08 12:14:46.210473
2010-05-23,21:30,50.8,,37.8,60.8,0.0,SW@6.7,12.1,58.1,0.0,0,"Ringold, Franklin County",300021,Ringold,2017-12-08 12:14:46.210473
2010-05-23,21:45,50.7,,38.7,63.1,0.0,S@4.2,8.5,58.1,0.0,0,"Ringold, Franklin County",300021,Ringold,2017-12-08 12:14:46.210473
2010-05-23,22:00,49.4,,40.8,72.1,0.0,E@4.5,9.2,58.1,0.0,0,"Ringold, Franklin County",300021,Ringold,2017-12-08 12:14:46.210473
2010-05-23,22:15,49.2,,42.0,76.1,0.0,S@4.0,7.8,58.2,0.0,0,"Ringold, Franklin County",300021,Ringold,2017-12-08 12:14:46.210473
2010-05-23,22:30,49.8,,40.5,70.2,0.0,S@4.8,7.8,58.2,0.0,0,"Ringold, Franklin County",300021,Ringold,2017-12-08 12:14:46.210473
2010-05-23,22:45,50.9,,40.0,66.0,0.0,S@1.4,4.6,58.2,0.0,0,"Ringold, Franklin County",300021,Ringold,2017-12-08 12:14:46.210473
2010-05-23,23:00,49.4,,40.3,70.9,0.0,SE@2.6,5.7,58.3,0.0,0,"Ringold, Franklin County",300021,Ringold,2017-12-08 12:14:46.210473
2010-05-24,23:15,47.8,,40.9,76.7,0.0,E@1.9,3.5,58.3,0.0,0,"Ringold, Franklin County",300021,Ringold,2017-12-08 12:14:46.210473
2010-05-24,23:30,46.7,,40.8,79.7,0.0,E@2.7,4.6,58.3,0.0,0,"Ringold, Franklin County",300021,Ringold,2017-12-08 12:14:46.210473
2010-05-24,23:45,46.4,,41.0,81.4,0.0,E@3.4,4.6,58.3,0.0,0,"Ringold, Franklin County",300021,Ringold,2017-12-08 12:14:46.210473
2010-05-24,24:00,44.7,,40.6,85.4,0.0,E@3.1,4.9,58.3,0.0,0,"Ringold, Franklin County",300021,Ringold,2017-12-08 12:14:46.210473
2010-05-24,00:15,44.1,,40.9,88.5,0.0,E@3.2,4.6,58.4,0.0,0,"Ringold, Franklin County",300021,Ringold,2017-12-08 12:14:46.210473
2010-05-24,00:30,43.8,,41.0,89.7,0.0,E@3.5,5.3,58.4,0.0,0,"Ringold, Franklin County",300021,Ringold,2017-12-08 12:14:46.210473
2010-05-24,00:45,43.4,,40.3,88.7,0.0,E@4.2,6.4,58.4,0.0,0,"Ringold, Franklin County",300021,Ringold,2017-12-08 12:14:46.210473
2010-05-24,01:00,43.4,,40.1,87.9,0.0,SE@3.8,5.7,58.4,0.0,0,"Ringold, Franklin County",300021,Ringold,2017-12-08 12:14:46.210473
2010-05-24,01:15,42.8,,39.5,88.2,0.0,E@3.8,5.7,58.4,0.0,0,"Ringold, Franklin County",300021,Ringold,2017-12-08 12:14:46.210473
2010-05-24,01:30,41.9,,38.7,88.4,0.01,E@2.5,4.2,58.4,0.0,0,"Ringold, Franklin County",300021,Ringold,2017-12-08 12:14:46.210473
2010-05-24,01:45,41.5,,38.4,88.6,0.01,E@2.9,4.6,58.4,0.0,0,"Ringold, Franklin County",300021,Ringold,2017-12-08 12:14:46.210473
2010-05-24,02:00,40.1,,38.0,92.1,0.02,E@2.4,4.2,58.4,0.0,0,"Ringold, Franklin County",300021,Ringold,2017-12-08 12:14:46.210473
2010-05-24,02:15,39.5,,37.5,92.2,0.03,E@1.8,3.5,58.4,0.0,0,"Ringold, Franklin County",300021,Ringold,2017-12-08 12:14:46.210473
2010-05-24,02:30,39.1,,36.9,91.9,0.03,E@1.9,3.5,58.4,0.0,0,"Ringold, Franklin County",300021,Ringold,2017-12-08 12:14:46.210473
2010-05-24,02:45,38.0,,36.5,94.4,0.04,SE@1.5,2.8,58.4,0.0,0,"Ringold, Franklin County",300021,Ringold,2017-12-08 12:14:46.210473
2010-05-24,03:00,37.6,,36.7,96.3,0.07,E@2.1,3.1,58.4,0.0,0,"Ringold, Franklin County",300021,Ringold,2017-12-08 12:14:46.210473
2010-05-24,03:15,37.2,,36.1,95.7,0.11,NE@2.7,3.9,58.4,0.0,0,"Ringold, Franklin County",300021,Ringold,2017-12-08 12:14:46.210473
2010-05-24,03:30,36.5,,35.7,96.9,0.14,E@2.6,3.9,58.4,0.0,0,"Ringold, Franklin County",300021,Ringold,2017-12-08 12:14:46.210473
2010-05-24,03:45,36.8,,36.1,97.1,0.18,E@1.4,2.8,58.3,0.0,0,"Ringold, Franklin County",300021,Ringold,2017-12-08 12:14:46.210473
2010-05-24,04:00,36.3,,35.5,96.9,0.24,S@1.2,3.1,58.3,0.0,1,"Ringold, Franklin County",300021,Ringold,2017-12-08 12:14:46.210473
2010-05-24,04:15,36.3,,35.7,97.6,0.31,E@1.0,2.4,58.3,0.0,3,"Ringold, Franklin County",300021,Ringold,2017-12-08 12:14:46.210473
2010-05-24,04:30,35.9,,35.3,97.6,0.37,S@1.3,3.1,58.3,0.0,12,"Ringold, Franklin County",300021,Ringold,2017-12-08 12:14:46.210473
2010-05-24,04:45,36.9,,36.4,97.7,0.42,E@3.1,6.4,58.3,0.0,40,"Ringold, Franklin County",300021,Ringold,2017-12-08 12:14:46.210473
2010-05-24,05:00,37.9,,37.0,96.4,0.46,E@2.4,3.9,58.3,0.0,73,"Ringold, Franklin County",300021,Ringold,2017-12-08 12:14:46.210473
2010-05-24,05:15,39.4,,37.8,93.7,0.45,E@2.1,3.9,58.3,0.0,101,"Ringold, Franklin County",300021,Ringold,2017-12-08 12:14:46.210473
2010-05-24,05:30,40.1,,38.3,93.2,0.39,E@2.7,4.9,58.2,0.0,127,"Ringold, Franklin County",300021,Ringold,2017-12-08 12:14:46.210473
2010-05-24,05:45,41.8,,39.4,91.4,0.29,E@2.6,4.2,58.2,0.0,153,"Ringold, Franklin County",300021,Ringold,2017-12-08 12:14:46.210473
2010-05-24,06:00,43.4,,40.1,88.1,0.09,E@3.8,6.0,58.2,0.0,182,"Ringold, Franklin County",300021,Ringold,2017-12-08 12:14:46.210473
2010-05-24,06:15,44.3,,40.6,86.9,0.0,E@4.1,6.0,58.1,0.0,215,"Ringold, Franklin County",300021,Ringold,2017-12-08 12:14:46.210473
2010-05-24,06:30,45.4,,41.0,84.4,0.0,E@4.2,6.7,58.1,0.0,249,"Ringold, Franklin County",300021,Ringold,2017-12-08 12:14:46.210473
2010-05-24,06:45,47.0,,41.4,81.0,0.0,E@4.3,6.7,58.1,0.0,284,"Ringold, Franklin County",300021,Ringold,2017-12-08 12:14:46.210473
2010-05-24,07:00,47.8,,41.6,79.0,0.0,E@5.2,7.8,58.0,0.0,321,"Ringold, Franklin County",300021,Ringold,2017-12-08 12:14:46.210473
2010-05-24,07:15,48.6,,41.9,77.3,0.0,E@5.6,8.9,58.0,0.0,356,"Ringold, Franklin County",300021,Ringold,2017-12-08 12:14:46.210473
2010-05-24,07:30,49.8,,42.1,74.5,0.0,SE@5.4,8.2,57.9,0.0,392,"Ringold, Franklin County",300021,Ringold,2017-12-08 12:14:46.210473
2010-05-24,07:45,50.6,,41.9,71.8,0.0,SE@4.6,7.4,57.9,0.0,428,"Ringold, Franklin County",300021,Ringold,2017-12-08 12:14:46.210473
2010-05-24,08:00,51.6,,41.8,68.8,0.0,E@4.2,7.8,57.9,0.0,459,"Ringold, Franklin County",300021,Ringold,2017-12-08 12:14:46.210473
2010-05-24,08:15,52.6,,41.1,64.6,0.0,E@4.2,6.7,57.8,0.0,490,"Ringold, Franklin County",300021,Ringold,2017-12-08 12:14:46.210473
2010-05-24,08:30,54.3,,42.1,63.2,0.0,SE@4.7,7.4,57.8,0.0,522,"Ringold, Franklin County",300021,Ringold,2017-12-08 12:14:46.210473
2010-05-24,08:45,54.5,,41.3,60.7,0.0,SE@4.8,7.8,57.7,0.0,551,"Ringold, Franklin County",300021,Ringold,2017-12-08 12:14:46.210473
2010-05-24,09:00,55.6,,40.5,56.8,0.0,E@3.6,8.5,57.7,0.0,580,"Ringold, Franklin County",300021,Ringold,2017-12-08 12:14:46.210473
2010-05-24,09:15,56.1,,40.5,55.7,0.0,SE@3.8,7.4,57.6,0.0,606,"Ringold, Franklin County",300021,Ringold,2017-12-08 12:14:46.210473
2010-05-24,09:30,56.7,,40.9,55.4,0.0,SE@4.5,7.8,57.6,0.0,630,"Ringold, Franklin County",300021,Ringold,2017-12-08 12:14:46.210473
2010-05-24,09:45,57.6,,40.8,53.3,0.0,SE@4.1,8.2,57.6,0.0,653,"Ringold, Franklin County",300021,Ringold,2017-12-08 12:14:46.210473
2010-05-24,10:00,57.8,,41.2,53.7,0.0,E@4.1,9.2,57.5,0.0,675,"Ringold, Franklin County",300021,Ringold,2017-12-08 12:14:46.210473
2010-05-24,10:15,59.2,,41.1,51.1,0.0,E@4.7,8.2,57.5,0.0,694,"Ringold, Franklin County",300021,Ringold,2017-12-08 12:14:46.210473
2010-05-24,10:30,59.2,,40.5,49.7,0.0,E@3.8,8.5,57.4,0.0,711,"Ringold, Franklin County",300021,Ringold,2017-12-08 12:14:46.210473
2010-05-24,10:45,60.1,,41.2,49.5,0.0,S@4.7,8.5,57.4,0.0,728,"Ringold, Franklin County",300021,Ringold,2017-12-08 12:14:46.210473
2010-05-24,11:00,60.4,,39.7,46.2,0.0,SE@4.6,8.9,57.4,0.0,745,"Ringold, Franklin County",300021,Ringold,2017-12-08 12:14:46.210473
2010-05-24,11:15,61.3,,39.2,44.0,0.0,E@2.9,6.0,57.3,0.0,754,"Ringold, Franklin County",300021,Ringold,2017-12-08 12:14:46.210473
2010-05-24,11:30,62.1,,39.4,43.1,0.0,SE@4.7,11.7,57.3,0.0,759,"Ringold, Franklin County",300021,Ringold,2017-12-08 12:14:46.210473
2010-05-24,11:45,62.7,,37.2,38.7,0.0,E@3.3,6.4,57.3,0.0,772,"Ringold, Franklin County",300021,Ringold,2017-12-08 12:14:46.210473
2010-05-24,12:00,63.0,,38.3,40.0,0.0,S@4.1,7.1,57.2,0.0,709,"Ringold, Franklin County",300021,Ringold,2017-12-08 12:14:46.210473
2010-05-24,12:15,62.7,,39.5,42.2,0.0,S@4.1,7.4,57.2,0.0,722,"Ringold, Franklin County",300021,Ringold,2017-12-08 12:14:46.210473
2010-05-24,12:30,63.2,,38.7,40.2,0.0,SE@5.6,9.9,57.2,0.0,776,"Ringold, Franklin County",300021,Ringold,2017-12-08 12:14:46.210473
2010-05-24,12:45,64.4,,39.2,39.4,0.0,S@4.1,7.8,57.2,0.0,769,"Ringold, Franklin County",300021,Ringold,2017-12-08 12:14:46.210473
2010-05-24,13:00,64.2,,36.9,36.2,0.0,SE@4.9,9.9,57.1,0.0,762,"Ringold, Franklin County",300021,Ringold,2017-12-08 12:14:46.210473
2010-05-24,13:15,65.0,,37.4,35.9,0.0,E@4.6,8.9,57.1,0.0,688,"Ringold, Franklin County",300021,Ringold,2017-12-08 12:14:46.210473
2010-05-24,13:30,64.7,,34.0,31.8,0.0,SE@3.5,7.8,57.1,0.0,714,"Ringold, Franklin County",300021,Ringold,2017-12-08 12:14:46.210473
2010-05-24,13:45,65.1,,36.1,34.0,0.0,SE@6.5,11.7,57.1,0.0,704,"Ringold, Franklin County",300021,Ringold,2017-12-08 12:14:46.210473
2010-05-24,14:00,65.2,,36.9,34.9,0.0,SE@5.6,11.0,57.1,0.0,692,"Ringold, Franklin County",300021,Ringold,2017-12-08 12:14:46.210473
2010-05-24,14:15,65.7,,36.6,34.0,0.0,SE@6.6,12.8,57.1,0.0,671,"Ringold, Franklin County",300021,Ringold,2017-12-08 12:14:46.210473
2010-05-24,14:30,65.7,,35.6,32.7,0.0,SE@6.0,11.0,57.1,0.0,634,"Ringold, Franklin County",300021,Ringold,2017-12-08 12:14:46.210473
2010-05-24,14:45,65.9,,34.0,30.5,0.0,SE@4.8,9.6,57.2,0.0,615,"Ringold, Franklin County",300021,Ringold,2017-12-08 12:14:46.210473
2010-05-24,15:00,66.2,,34.8,31.1,0.0,S@6.0,12.1,57.2,0.0,589,"Ringold, Franklin County",300021,Ringold,2017-12-08 12:14:46.210473
2010-05-24,15:15,65.9,,34.1,30.6,0.0,SE@4.5,8.5,57.2,0.0,543,"Ringold, Franklin County",300021,Ringold,2017-12-08 12:14:46.210473
2010-05-24,15:30,65.3,,35.3,32.8,0.0,SE@5.7,11.0,57.2,0.0,415,"Ringold, Franklin County",300021,Ringold,2017-12-08 12:14:46.210473
2010-05-24,15:45,65.5,,35.2,32.4,0.0,SE@4.7,12.4,57.3,0.0,492,"Ringold, Franklin County",300021,Ringold,2017-12-08 12:14:46.210473
2010-05-24,16:00,66.1,,36.2,33.0,0.0,E@5.3,11.0,57.3,0.0,461,"Ringold, Franklin County",300021,Ringold,2017-12-08 12:14:46.210473
2010-05-24,16:15,65.2,,35.4,32.9,0.0,SE@5.7,10.3,57.4,0.0,366,"Ringold, Franklin County",300021,Ringold,2017-12-08 12:14:46.210473
2010-05-24,16:30,64.0,,34.2,32.8,0.0,SE@5.2,8.5,57.4,0.0,196,"Ringold, Franklin County",300021,Ringold,2017-12-08 12:14:46.210473
2010-05-24,16:45,65.3,,34.3,31.4,0.0,SE@5.1,8.5,57.5,0.0,354,"Ringold, Franklin County",300021,Ringold,2017-12-08 12:14:46.210473
2010-05-24,17:00,65.5,,33.9,30.8,0.0,SE@2.9,7.4,57.6,0.0,258,"Ringold, Franklin County",300021,Ringold,2017-12-08 12:14:46.210473
2010-05-24,17:15,65.8,,33.6,30.1,0.0,SE@3.2,6.0,57.7,0.0,277,"Ringold, Franklin County",300021,Ringold,2017-12-08 12:14:46.210473
2010-05-24,17:30,65.4,,33.4,30.2,0.0,SE@5.0,8.5,57.7,0.0,243,"Ringold, Franklin County",300021,Ringold,2017-12-08 12:14:46.210473
2010-05-24,17:45,65.0,,33.1,30.2,0.0,SE@4.4,7.1,57.8,0.0,208,"Ringold, Franklin County",300021,Ringold,2017-12-08 12:14:46.210473
2010-05-24,18:00,64.6,,32.3,29.8,0.0,SE@5.2,7.4,57.9,0.0,177,"Ringold, Franklin County",300021,Ringold,2017-12-08 12:14:46.210473
2010-05-24,18:15,64.1,,33.3,31.5,0.0,SE@4.9,7.1,58.0,0.0,147,"Ringold, Franklin County",300021,Ringold,2017-12-08 12:14:46.210473
2010-05-24,18:30,63.8,,33.7,32.4,0.0,SE@3.6,5.3,58.1,0.0,111,"Ringold, Franklin County",300021,Ringold,2017-12-08 12:14:46.210473
2010-05-24,18:45,62.8,,32.9,32.4,0.0,SE@4.0,5.7,58.2,0.0,66,"Ringold, Franklin County",300021,Ringold,2017-12-08 12:14:46.210473
2010-05-24,19:00,61.9,,36.0,37.8,0.0,SE@3.0,4.2,58.3,0.0,53,"Ringold, Franklin County",300021,Ringold,2017-12-08 12:14:46.210473
2010-05-24,19:15,59.0,,40.3,49.9,0.0,SE@0.1,2.4,58.4,0.0,21,"Ringold, Franklin County",300021,Ringold,2017-12-08 12:14:46.210473
2010-05-24,19:30,55.5,,42.4,61.4,0.0,N@0.0,0.0,58.5,0.0,9,"Ringold, Franklin County",300021,Ringold,2017-12-08 12:14:46.210473
2010-05-24,19:45,51.2,,44.0,76.2,0.0,N@0.0,0.0,58.6,0.0,3,"Ringold, Franklin County",300021,Ringold,2017-12-08 12:14:46.210473
2010-05-24,20:00,49.9,,43.4,78.2,0.0,N@0.0,0.0,58.7,0.0,1,"Ringold, Franklin County",300021,Ringold,2017-12-08 12:14:46.210473
2010-05-24,20:15,52.6,,41.3,65.2,0.0,E@2.2,3.9,58.8,0.0,0,"Ringold, Franklin County",300021,Ringold,2017-12-08 12:14:46.210473
2010-05-24,20:30,52.6,,41.0,64.5,0.0,E@3.1,4.2,58.9,0.0,0,"Ringold, Franklin County",300021,Ringold,2017-12-08 12:14:46.210473
2010-05-24,20:45,51.9,,40.9,66.1,0.0,E@2.8,4.2,59.0,0.0,0,"Ringold, Franklin County",300021,Ringold,2017-12-08 12:14:46.210473
2010-05-24,21:00,51.1,,41.5,69.6,0.0,E@2.6,3.9,59.1,0.0,0,"Ringold, Franklin County",300021,Ringold,2017-12-08 12:14:46.210473
2010-05-24,21:15,50.7,,42.1,72.4,0.0,E@2.9,4.2,59.2,0.0,0,"Ringold, Franklin County",300021,Ringold,2017-12-08 12:14:46.210473
2010-05-24,21:30,49.9,,42.5,75.6,0.0,E@2.0,3.5,59.3,0.0,0,"Ringold, Franklin County",300021,Ringold,2017-12-08 12:14:46.210473
2010-05-24,21:45,47.0,,41.7,81.8,0.01,N@0.0,0.0,59.4,0.0,0,"Ringold, Franklin County",300021,Ringold,2017-12-08 12:14:46.210473
2010-05-24,22:00,45.2,,41.4,86.4,0.02,N@0.0,0.0,59.4,0.0,0,"Ringold, Franklin County",300021,Ringold,2017-12-08 12:14:46.210473
2010-05-24,22:15,46.4,,40.4,79.3,0.01,E@1.4,3.9,59.5,0.0,0,"Ringold, Franklin County",300021,Ringold,2017-12-08 12:14:46.210473
2010-05-24,22:30,48.6,,39.8,71.5,0.0,E@1.5,3.5,59.6,0.0,0,"Ringold, Franklin County",300021,Ringold,2017-12-08 12:14:46.210473
2010-05-24,22:45,45.8,,41.0,83.0,0.01,N@0.0,0.0,59.6,0.0,0,"Ringold, Franklin County",300021,Ringold,2017-12-08 12:14:46.210473
2010-05-24,23:00,42.9,,40.8,92.0,0.03,N@0.0,0.0,59.7,0.0,0,"Ringold, Franklin County",300021,Ringold,2017-12-08 12:14:46.210473
2010-05-25,23:15,42.8,,40.6,91.7,0.05,E@0.6,2.1,59.8,0.0,0,"Ringold, Franklin County",300021,Ringold,2017-12-08 12:14:46.210473
2010-05-25,23:30,42.4,,40.2,91.7,0.07,SE@0.0,1.4,59.8,0.0,0,"Ringold, Franklin County",300021,Ringold,2017-12-08 12:14:46.210473
2010-05-25,23:45,41.2,,40.2,96.1,0.1,N@0.0,0.0,59.9,0.0,0,"Ringold, Franklin County",300021,Ringold,2017-12-08 12:14:46.210473
2010-05-25,24:00,41.2,,40.2,96.1,0.15,N@0.0,0.0,59.9,0.0,0,"Ringold, Franklin County",300021,Ringold,2017-12-08 12:14:46.210473
2010-05-25,00:15,42.4,,40.2,91.7,0.17,SW@1.5,4.2,59.9,0.0,0,"Ringold, Franklin County",300021,Ringold,2017-12-08 12:14:46.210473
2010-05-25,00:30,44.4,,39.1,81.6,0.15,SW@1.1,3.1,60.0,0.0,0,"Ringold, Franklin County",300021,Ringold,2017-12-08 12:14:46.210473
2010-05-25,00:45,44.7,,38.9,79.7,0.09,SW@1.5,3.1,60.0,0.0,0,"Ringold, Franklin County",300021,Ringold,2017-12-08 12:14:46.210473
2010-05-25,01:00,47.3,,37.1,67.5,0.0,SW@2.7,3.5,60.0,0.0,0,"Ringold, Franklin County",300021,Ringold,2017-12-08 12:14:46.210473
2010-05-25,01:15,48.7,,37.9,66.0,0.0,S@2.1,2.8,60.1,0.0,0,"Ringold, Franklin County",300021,Ringold,2017-12-08 12:14:46.210473
2010-05-25,01:30,48.0,,39.4,72.0,0.0,E@0.6,3.5,60.1,0.0,0,"Ringold, Franklin County",300021,Ringold,2017-12-08 12:14:46.210473
2010-05-25,01:45,46.7,,40.2,77.9,0.0,NE@0.5,3.9,60.1,0.0,0,"Ringold, Franklin County",300021,Ringold,2017-12-08 12:14:46.210473
2010-05-25,02:00,45.5,,41.1,84.7,0.0,N@0.0,0.0,60.1,0.0,0,"Ringold, Franklin County",300021,Ringold,2017-12-08 12:14:46.210473
2010-05-25,02:15,44.8,,42.0,89.5,0.01,N@0.0,0.0,60.1,0.0,0,"Ringold, Franklin County",300021,Ringold,2017-12-08 12:14:46.210473
2010-05-25,02:30,45.3,,40.6,83.6,0.01,NE@0.5,3.5,60.1,0.0,0,"Ringold, Franklin County",300021,Ringold,2017-12-08 12:14:46.210473
2010-05-25,02:45,45.7,,40.2,80.7,0.0,NE@1.7,4.6,60.1,0.0,0,"Ringold, Franklin County",300021,Ringold,2017-12-08 12:14:46.210473
2010-05-25,03:00,45.1,,39.3,80.2,0.0,NE@2.8,4.6,60.1,0.0,0,"Ringold, Franklin County",300021,Ringold,2017-12-08 12:14:46.210473
2010-05-25,03:15,45.8,,38.9,76.8,0.0,NE@2.9,5.3,60.0,0.0,0,"Ringold, Franklin County",300021,Ringold,2017-12-08 12:14:46.210473
2010-05-25,03:30,45.5,,39.6,79.8,0.0,NE@2.3,4.6,60.0,0.0,0,"Ringold, Franklin County",300021,Ringold,2017-12-08 12:14:46.210473
2010-05-25,03:45,45.0,,40.2,82.9,0.0,NE@3.5,5.3,60.0,0.0,0,"Ringold, Franklin County",300021,Ringold,2017-12-08 12:14:46.210473
2010-05-25,04:00,45.3,,39.6,80.1,0.0,NE@3.6,5.7,60.0,0.0,1,"Ringold, Franklin County",300021,Ringold,2017-12-08 12:14:46.210473
2010-05-25,04:15,44.7,,38.9,79.7,0.0,NE@3.1,4.6,60.0,0.0,4,"Ringold, Franklin County",300021,Ringold,2017-12-08 12:14:46.210473
2010-05-25,04:30,44.5,,39.0,80.9,0.0,NE@2.6,4.2,60.0,0.0,18,"Ringold, Franklin County",300021,Ringold,2017-12-08 12:14:46.210473
2010-05-25,04:45,43.5,,39.3,84.9,0.0,NE@2.4,4.9,59.9,0.0,45,"Ringold, Franklin County",300021,Ringold,2017-12-08 12:14:46.210473
2010-05-25,05:00,44.4,,39.2,81.9,0.0,NE@3.2,4.6,59.9,0.0,60,"Ringold, Franklin County",300021,Ringold,2017-12-08 12:14:46.210473
2010-05-25,05:15,45.9,,39.9,79.4,0.0,NE@3.3,4.9,59.9,0.0,104,"Ringold, Franklin County",300021,Ringold,2017-12-08 12:14:46.210473
2010-05-25,05:30,47.3,,40.9,78.5,0.0,NE@3.1,5.7,59.9,0.0,104,"Ringold, Franklin County",300021,Ringold,2017-12-08 12:14:46.210473
2010-05-25,05:45,48.5,,41.5,76.6,0.0,NE@3.0,4.6,59.8,0.0,134,"Ringold, Franklin County",300021,Ringold,2017-12-08 12:14:46.210473
2010-05-25,06:00,50.1,,41.8,73.0,0.0,NE@3.4,7.4,59.8,0.0,187,"Ringold, Franklin County",300021,Ringold,2017-12-08 12:14:46.210473
2010-05-25,06:15,52.6,,41.7,66.3,0.0,NE@4.5,7.1,59.8,0.0,237,"Ringold, Franklin County",300021,Ringold,2017-12-08 12:14:46.210473
2010-05-25,06:30,52.8,,41.7,65.7,0.0,NE@4.2,6.7,59.7,0.0,155,"Ringold, Franklin County",300021,Ringold,2017-12-08 12:14:46.210473
2010-05-25,06:45,53.3,,42.5,66.5,0.0,NE@3.3,4.6,59.7,0.0,136,"Ringold, Franklin County",300021,Ringold,2017-12-08 12:14:46.210473
2010-05-25,07:00,55.9,,42.1,59.6,0.0,E@3.0,4.9,59.6,0.0,333,"Ringold, Franklin County",300021,Ringold,2017-12-08 12:14:46.210473
2010-05-25,07:15,58.8,,41.7,52.8,0.0,E@2.7,4.6,59.6,0.0,411,"Ringold, Franklin County",300021,Ringold,2017-12-08 12:14:46.210473
2010-05-25,07:30,59.9,,42.2,52.0,0.0,E@3.2,5.7,59.5,0.0,434,"Ringold, Franklin County",300021,Ringold,2017-12-08 12:14:46.210473
2010-05-25,07:45,61.6,,41.6,47.8,0.0,NE@3.4,5.7,59.5,0.0,435,"Ringold, Franklin County",300021,Ringold,2017-12-08 12:14:46.210473
2010-05-25,08:00,61.6,,42.0,48.6,0.0,NE@3.5,6.4,59.4,0.0,382,"Ringold, Franklin County",300021,Ringold,2017-12-08 12:14:46.210473
2010-05-25,08:15,61.5,,41.8,48.2,0.0,E@3.5,6.0,59.4,0.0,348,"Ringold, Franklin County",300021,Ringold,2017-12-08 12:14:46.210473
2010-05-25,08:30,62.2,,42.0,47.4,0.0,NE@2.6,6.0,59.4,0.0,374,"Ringold, Franklin County",300021,Ringold,2017-12-08 12:14:46.210473
2010-05-25,08:45,63.1,,41.8,45.7,0.0,E@3.6,5.3,59.3,0.0,446,"Ringold, Franklin County",300021,Ringold,2017-12-08 12:14:46.210473
2010-05-25,09:00,63.7,,40.5,42.5,0.0,S@2.3,4.6,59.3,0.0,488,"Ringold, Franklin County",300021,Ringold,2017-12-08 12:14:46.210473
2010-05-25,09:15,65.1,,41.3,41.8,0.0,SE@2.5,4.9,59.2,0.0,586,"Ringold, Franklin County",300021,Ringold,2017-12-08 12:14:46.210473
2010-05-25,09:30,65.7,,39.1,37.6,0.0,SE@3.0,5.3,59.2,0.0,587,"Ringold, Franklin County",300021,Ringold,2017-12-08 12:14:46.210473
2010-05-25,09:45,65.8,,40.1,38.8,0.0,E@3.2,6.4,59.2,0.0,653,"Ringold, Franklin County",300021,Ringold,2017-12-08 12:14:46.210473
2010-05-25,10:00,66.4,,40.2,38.3,0.0,SE@3.2,5.7,59.1,0.0,663,"Ringold, Franklin County",300021,Ringold,2017-12-08 12:14:46.210473
2010-05-25,10:15,67.6,,39.8,36.1,0.0,E@3.9,7.4,59.1,0.0,730,"Ringold, Franklin County",300021,Ringold,2017-12-08 12:14:46.210473
2010-05-25,10:30,68.5,,39.5,34.6,0.0,E@3.4,7.4,59.0,0.0,697,"Ringold, Franklin County",300021,Ringold,2017-12-08 12:14:46.210473
2010-05-25,10:45,68.0,,39.7,35.5,0.0,SE@4.8,8.9,59.0,0.0,677,"Ringold, Franklin County",300021,Ringold,2017-12-08 12:14:46.210473
2010-05-25,11:00,68.3,,40.1,35.6,0.0,SE@4.2,7.4,59.0,0.0,697,"Ringold, Franklin County",300021,Ringold,2017-12-08 12:14:46.210473
2010-05-25,11:15,70.0,,40.2,33.8,0.0,SE@3.6,7.8,58.9,0.0,764,"Ringold, Franklin County",300021,Ringold,2017-12-08 12:14:46.210473
2010-05-25,11:30,70.3,,39.7,32.8,0.0,E@4.1,9.6,58.9,0.0,729,"Ringold, Franklin County",300021,Ringold,2017-12-08 12:14:46.210473
2010-05-25,11:45,70.6,,38.6,31.0,0.0,NE@3.3,7.4,58.9,0.0,705,"Ringold, Franklin County",300021,Ringold,2017-12-08 12:14:46.210473
2010-05-25,12:00,70.2,,37.8,30.5,0.0,SE@4.0,8.5,58.9,0.0,712,"Ringold, Franklin County",300021,Ringold,2017-12-08 12:14:46.210473
2010-05-25,12:15,71.3,,37.1,28.7,0.0,E@3.1,6.0,58.8,0.0,798,"Ringold, Franklin County",300021,Ringold,2017-12-08 12:14:46.210473
2010-05-25,12:30,72.7,,37.4,27.7,0.0,SE@5.4,11.0,58.8,0.0,804,"Ringold, Franklin County",300021,Ringold,2017-12-08 12:14:46.210473
2010-05-25,12:45,72.0,,36.6,27.5,0.0,E@4.3,8.2,58.8,0.0,487,"Ringold, Franklin County",300021,Ringold,2017-12-08 12:14:46.210473
2010-05-25,13:00,71.4,,36.0,27.3,0.0,SE@6.5,12.8,58.8,0.0,558,"Ringold, Franklin County",300021,Ringold,2017-12-08 12:14:46.210473
2010-05-25,13:15,71.5,,35.6,26.8,0.0,SE@7.2,12.4,58.8,0.0,546,"Ringold, Franklin County",300021,Ringold,2017-12-08 12:14:46.210473
2010-05-25,13:30,71.6,,33.7,24.8,0.0,SE@5.3,9.6,58.8,0.0,532,"Ringold, Franklin County",300021,Ringold,2017-12-08 12:14:46.210473
2010-05-25,13:45,71.4,,35.5,26.8,0.0,SE@5.0,8.5,58.8,0.0,552,"Ringold, Franklin County",300021,Ringold,2017-12-08 12:14:46.210473
2010-05-25,14:00,71.5,,37.1,28.4,0.0,S@5.6,11.7,58.8,0.0,397,"Ringold, Franklin County",300021,Ringold,2017-12-08 12:14:46.210473
2010-05-25,14:15,71.1,,36.7,28.3,0.0,SE@7.1,11.0,58.8,0.0,433,"Ringold, Franklin County",300021,Ringold,2017-12-08 12:14:46.210473
2010-05-25,14:30,71.2,,36.8,28.3,0.0,SE@6.3,9.6,58.9,0.0,407,"Ringold, Franklin County",300021,Ringold,2017-12-08 12:14:46.210473
2010-05-25,14:45,71.0,,37.2,29.0,0.0,SE@5.6,9.2,58.9,0.0,367,"Ringold, Franklin County",300021,Ringold,2017-12-08 12:14:46.210473
2010-05-25,15:00,70.8,,38.3,30.5,0.0,E@5.1,8.5,58.9,0.0,301,"Ringold, Franklin County",300021,Ringold,2017-12-08 12:14:46.210473
2010-05-25,15:15,70.6,,37.4,29.7,0.0,SE@4.0,6.7,59.0,0.0,274,"Ringold, Franklin County",300021,Ringold,2017-12-08 12:14:46.210473
2010-05-25,15:30,70.3,,37.7,30.3,0.0,SE@5.7,10.3,59.0,0.0,211,"Ringold, Franklin County",300021,Ringold,2017-12-08 12:14:46.210473
2010-05-25,15:45,69.5,,38.5,32.1,0.0,SE@5.9,8.5,59.1,0.0,199,"Ringold, Franklin County",300021,Ringold,2017-12-08 12:14:46.210473
2010-05-25,16:00,69.6,,37.8,31.2,0.0,SE@4.7,7.1,59.1,0.0,214,"Ringold, Franklin County",300021,Ringold,2017-12-08 12:14:46.210473
2010-05-25,16:15,70.3,,40.1,33.3,0.0,E@3.7,6.0,59.2,0.0,240,"Ringold, Franklin County",300021,Ringold,2017-12-08 12:14:46.210473
2010-05-25,16:30,70.4,,39.9,32.9,0.0,E@4.6,7.1,59.2,0.0,178,"Ringold, Franklin County",300021,Ringold,2017-12-08 12:14:46.210473
2010-05-25,16:45,69.2,,39.6,33.9,0.0,E@5.4,8.2,59.3,0.0,123,"Ringold, Franklin County",300021,Ringold,2017-12-08 12:14:46.210473
2010-05-25,17:00,69.3,,38.5,32.4,0.0,E@4.8,7.4,59.4,0.0,85,"Ringold, Franklin County",300021,Ringold,2017-12-08 12:14:46.210473
2010-05-25,17:15,68.3,,39.6,34.9,0.0,NE@5.0,7.1,59.4,0.0,61,"Ringold, Franklin County",300021,Ringold,2017-12-08 12:14:46.210473
2010-05-25,17:30,67.9,,41.3,37.8,0.0,E@4.7,7.1,59.5,0.0,81,"Ringold, Franklin County",300021,Ringold,2017-12-08 12:14:46.210473
2010-05-25,17:45,68.2,,41.8,38.2,0.0,E@4.4,6.7,59.6,0.0,100,"Ringold, Franklin County",300021,Ringold,2017-12-08 12:14:46.210473
2010-05-25,18:00,67.9,,42.1,39.0,0.0,E@3.8,5.7,59.6,0.0,77,"Ringold, Franklin County",300021,Ringold,2017-12-08 12:14:46.210473
2010-05-25,18:15,67.4,,42.8,40.8,0.0,NE@3.4,5.3,59.7,0.0,64,"Ringold, Franklin County",300021,Ringold,2017-12-08 12:14:46.210473
2010-05-25,18:30,66.5,,43.9,43.9,0.0,NE@3.2,4.9,59.8,0.0,45,"Ringold, Franklin County",300021,Ringold,2017-12-08 12:14:46.210473
2010-05-25,18:45,65.4,,45.2,47.8,0.0,NE@2.0,4.2,59.9,0.0,27,"Ringold, Franklin County",300021,Ringold,2017-12-08 12:14:46.210473
2010-05-25,19:00,64.3,,45.4,50.1,0.0,N@2.3,3.5,60.0,0.0,21,"Ringold, Franklin County",300021,Ringold,2017-12-08 12:14:46.210473
2010-05-25,19:15,63.4,,45.0,51.0,0.0,N@2.5,3.9,60.0,0.0,14,"Ringold, Franklin County",300021,Ringold,2017-12-08 12:14:46.210473
2010-05-25,19:30,62.6,,44.5,51.5,0.0,N@1.9,3.5,60.1,0.0,4,"Ringold, Franklin County",300021,Ringold,2017-12-08 12:14:46.210473
2010-05-25,19:45,62.3,,44.3,51.7,0.0,N@2.7,4.6,60.2,0.0,2,"Ringold, Franklin County",300021,Ringold,2017-12-08 12:14:46.210473
2010-05-25,20:00,62.5,,44.3,51.4,0.0,N@3.8,5.3,60.3,0.0,0,"Ringold, Franklin County",300021,Ringold,2017-12-08 12:14:46.210473
2010-05-25,20:15,60.2,,47.5,62.7,0.0,N@3.0,3.9,60.3,0.0,0,"Ringold, Franklin County",300021,Ringold,2017-12-08 12:14:46.210473
2010-05-25,20:30,60.0,,45.9,59.4,0.0,N@3.0,4.6,60.4,0.0,0,"Ringold, Franklin County",300021,Ringold,2017-12-08 12:14:46.210473
2010-05-25,20:45,60.3,,45.5,58.0,0.0,N@3.0,4.6,60.5,0.0,0,"Ringold, Franklin County",300021,Ringold,2017-12-08 12:14:46.210473
2010-05-25,21:00,60.7,,45.1,56.3,0.0,NE@2.9,6.0,60.5,0.0,0,"Ringold, Franklin County",300021,Ringold,2017-12-08 12:14:46.210473
2010-05-25,21:15,64.5,,39.2,39.3,0.0,N@3.5,5.7,60.6,0.0,0,"Ringold, Franklin County",300021,Ringold,2017-12-08 12:14:46.210473
2010-05-25,21:30,63.1,,42.8,47.4,0.0,W@2.8,6.0,60.7,0.0,0,"Ringold, Franklin County",300021,Ringold,2017-12-08 12:14:46.210473
2010-05-25,21:45,61.9,,43.5,50.7,0.0,S@4.3,7.1,60.7,0.0,0,"Ringold, Franklin County",300021,Ringold,2017-12-08 12:14:46.210473
2010-05-25,22:00,60.0,,46.4,60.8,0.0,S@4.6,6.7,60.8,0.0,0,"Ringold, Franklin County",300021,Ringold,2017-12-08 12:14:46.210473
2010-05-25,22:15,58.8,,47.3,65.5,0.0,SE@3.9,6.7,60.8,0.0,0,"Ringold, Franklin County",300021,Ringold,2017-12-08 12:14:46.210473
2010-05-25,22:30,58.3,,46.6,65.0,0.0,S@5.2,8.2,60.9,0.0,0,"Ringold, Franklin County",300021,Ringold,2017-12-08 12:14:46.210473
2010-05-25,22:45,58.2,,46.4,64.8,0.0,S@5.5,8.5,60.9,0.0,0,"Ringold, Franklin County",300021,Ringold,2017-12-08 12:14:46.210473
2010-05-25,23:00,57.8,,47.2,67.6,0.0,S@6.5,9.2,61.0,0.0,0,"Ringold, Franklin County",300021,Ringold,2017-12-08 12:14:46.210473
2010-05-26,23:15,57.5,,47.6,69.5,0.01,S@4.8,7.4,61.0,0.0,0,"Ringold, Franklin County",300021,Ringold,2017-12-08 12:14:46.210473
2010-05-26,23:30,57.8,,47.3,68.0,0.0,S@3.6,6.4,61.1,0.0,0,"Ringold, Franklin County",300021,Ringold,2017-12-08 12:14:46.210473
2010-05-26,23:45,58.8,,46.7,64.2,0.06,S@3.1,5.7,61.1,0.0,0,"Ringold, Franklin County",300021,Ringold,2017-12-08 12:14:46.210473
2010-05-26,24:00,58.1,,49.2,72.1,0.44,SE@4.3,11.4,61.1,0.0,0,"Ringold, Franklin County",300021,Ringold,2017-12-08 12:14:46.210473
2010-05-26,00:15,57.4,,49.7,75.3,0.5,S@4.1,8.9,61.2,0.0,0,"Ringold, Franklin County",300021,Ringold,2017-12-08 12:14:46.210473
2010-05-26,00:30,55.6,,50.2,82.0,0.5,SW@3.0,4.2,61.2,0.0,0,"Ringold, Franklin County",300021,Ringold,2017-12-08 12:14:46.210473
2010-05-26,00:45,55.2,,49.9,82.3,0.21,SW@3.0,4.6,61.2,0.0,0,"Ringold, Franklin County",300021,Ringold,2017-12-08 12:14:46.210473
2010-05-26,01:00,55.1,,50.4,84.2,0.03,W@2.2,4.6,61.2,0.0,0,"Ringold, Franklin County",300021,Ringold,2017-12-08 12:14:46.210473
2010-05-26,01:15,54.9,,51.2,87.2,0.15,N@1.9,4.6,61.3,0.0,0,"Ringold, Franklin County",300021,Ringold,2017-12-08 12:14:46.210473
2010-05-26,01:30,55.1,,50.4,83.8,0.02,SW@3.1,5.7,61.3,0.0,0,"Ringold, Franklin County",300021,Ringold,2017-12-08 12:14:46.210473
2010-05-26,01:45,55.1,,50.6,84.6,0.01,SE@2.7,7.1,61.3,0.0,0,"Ringold, Franklin County",300021,Ringold,2017-12-08 12:14:46.210473
2010-05-26,02:00,54.9,,51.5,88.1,0.01,E@2.2,5.3,61.3,0.0,0,"Ringold, Franklin County",300021,Ringold,2017-12-08 12:14:46.210473
2010-05-26,02:15,54.2,,51.4,90.0,0.12,NE@3.9,6.7,61.3,0.0,0,"Ringold, Franklin County",300021,Ringold,2017-12-08 12:14:46.210473
2010-05-26,02:30,54.1,,51.5,90.7,0.52,E@1.4,6.0,61.3,0.0,0,"Ringold, Franklin County",300021,Ringold,2017-12-08 12:14:46.210473
2010-05-26,02:45,53.9,,51.9,93.0,0.67,E@1.5,7.1,61.3,0.0,0,"Ringold, Franklin County",300021,Ringold,2017-12-08 12:14:46.210473
2010-05-26,03:00,53.6,,51.5,92.4,0.66,E@5.9,9.6,61.4,0.0,0,"Ringold, Franklin County",300021,Ringold,2017-12-08 12:14:46.210473
2010-05-26,03:15,53.7,,51.8,93.3,0.73,SE@3.8,4.9,61.4,0.01,0,"Ringold, Franklin County",300021,Ringold,2017-12-08 12:14:46.210473
2010-05-26,03:30,53.4,,52.0,95.1,0.76,SE@5.5,7.4,61.4,0.01,0,"Ringold, Franklin County",300021,Ringold,2017-12-08 12:14:46.210473
2010-05-26,03:45,53.2,,51.9,95.0,0.78,SE@6.1,7.8,61.4,0.01,0,"Ringold, Franklin County",300021,Ringold,2017-12-08 12:14:46.210473
2010-05-26,04:00,52.8,,51.6,95.3,0.79,SE@5.9,8.5,61.4,0.01,0,"Ringold, Franklin County",300021,Ringold,2017-12-08 12:14:46.210473
2010-05-26,04:15,52.8,,51.6,95.6,0.8,S@4.5,6.4,61.4,0.01,0,"Ringold, Franklin County",300021,Ringold,2017-12-08 12:14:46.210473
2010-05-26,04:30,52.8,,52.0,96.8,0.81,S@4.1,6.0,61.4,0.0,2,"Ringold, Franklin County",300021,Ringold,2017-12-08 12:14:46.210473
2010-05-26,04:45,52.8,,52.1,97.3,0.82,S@4.4,6.7,61.4,0.01,4,"Ringold, Franklin County",300021,Ringold,2017-12-08 12:14:46.210473
2010-05-26,05:00,52.7,,51.7,96.3,0.82,S@6.1,9.9,61.4,0.0,5,"Ringold, Franklin County",300021,Ringold,2017-12-08 12:14:46.210473
2010-05-26,05:15,52.2,,50.9,95.2,0.83,S@6.4,10.3,61.3,0.0,11,"Ringold, Franklin County",300021,Ringold,2017-12-08 12:14:46.210473
2010-05-26,05:30,51.9,,50.9,96.3,0.86,SW@5.4,8.2,61.3,0.01,18,"Ringold, Franklin County",300021,Ringold,2017-12-08 12:14:46.210473
2010-05-26,05:45,51.9,,51.4,98.0,0.86,SW@4.3,7.1,61.3,0.0,17,"Ringold, Franklin County",300021,Ringold,2017-12-08 12:14:46.210473
2010-05-26,06:00,51.9,,51.6,98.7,0.87,SW@3.7,4.9,61.3,0.0,16,"Ringold, Franklin County",300021,Ringold,2017-12-08 12:14:46.210473
2010-05-26,06:15,51.9,,51.5,98.7,0.88,SW@2.2,4.2,61.3,0.0,21,"Ringold, Franklin County",300021,Ringold,2017-12-08 12:14:46.210473
2010-05-26,06:30,51.9,,51.7,99.4,0.89,SW@3.7,5.3,61.3,0.0,31,"Ringold, Franklin County",300021,Ringold,2017-12-08 12:14:46.210473
2010-05-26,06:45,52.2,,51.9,98.9,0.89,W@2.8,4.2,61.3,0.0,50,"Ringold, Franklin County",300021,Ringold,2017-12-08 12:14:46.210473
2010-05-26,07:00,52.8,,52.3,97.9,0.89,W@2.4,4.2,61.3,0.0,70,"Ringold, Franklin County",300021,Ringold,2017-12-08 12:14:46.210473
2010-05-26,07:15,53.1,,52.0,96.2,0.89,W@1.5,3.9,61.2,0.0,52,"Ringold, Franklin County",300021,Ringold,2017-12-08 12:14:46.210473
2010-05-26,07:30,53.4,,52.2,95.6,0.89,W@1.7,3.9,61.2,0.0,52,"Ringold, Franklin County",300021,Ringold,2017-12-08 12:14:46.210473
2010-05-26,07:45,53.3,,52.3,96.3,0.9,W@0.8,3.5,61.2,0.0,43,"Ringold, Franklin County",300021,Ringold,2017-12-08 12:14:46.210473
2010-05-26,08:00,53.6,,52.5,96.0,0.89,SW@0.2,2.8,61.2,0.0,50,"Ringold, Franklin County",300021,Ringold,2017-12-08 12:14:46.210473
2010-05-26,08:15,53.3,,52.5,96.9,0.91,S@2.7,4.9,61.2,0.01,50,"Ringold, Franklin County",300021,Ringold,2017-12-08 12:14:46.210473
2010-05-26,08:30,53.0,,52.7,98.8,0.9,S@4.6,6.4,61.1,0.02,65,"Ringold, Franklin County",300021,Ringold,2017-12-08 12:14:46.210473
2010-05-26,08:45,52.9,,52.8,99.5,0.89,S@5.4,7.8,61.1,0.02,119,"Ringold, Franklin County",300021,Ringold,2017-12-08 12:14:46.210473
2010-05-26,09:00,53.5,,53.3,99.3,0.88,S@4.8,7.1,61.1,0.02,196,"Ringold, Franklin County",300021,Ringold,2017-12-08 12:14:46.210473
2010-05-26,09:15,53.9,,53.4,97.9,0.88,S@4.8,7.1,61.1,0.01,196,"Ringold, Franklin County",300021,Ringold,2017-12-08 12:14:46.210473
2010-05-26,09:30,54.4,,53.7,97.2,0.89,S@5.0,7.8,61.0,0.01,216,"Ringold, Franklin County",300021,Ringold,2017-12-08 12:14:46.210473
2010-05-26,09:45,54.9,,54.1,97.1,0.88,S@5.2,7.8,61.0,0.0,204,"Ringold, Franklin County",300021,Ringold,2017-12-08 12:14:46.210473
2010-05-26,10:00,55.2,,54.2,96.5,0.89,S@4.7,7.4,61.0,0.01,233,"Ringold, Franklin County",300021,Ringold,2017-12-08 12:14:46.210473
2010-05-26,10:15,55.8,,54.1,94.1,0.87,S@5.3,7.8,61.0,0.0,327,"Ringold, Franklin County",300021,Ringold,2017-12-08 12:14:46.210473
2010-05-26,10:30,56.8,,54.1,90.5,0.6,SE@5.1,9.6,61.0,0.0,556,"Ringold, Franklin County",300021,Ringold,2017-12-08 12:14:46.210473
2010-05-26,10:45,57.8,,54.0,87.0,0.05,SE@4.2,7.1,60.9,0.0,444,"Ringold, Franklin County",300021,Ringold,2017-12-08 12:14:46.210473
2010-05-26,11:00,58.0,,53.6,85.3,0.0,SE@4.9,7.8,60.9,0.0,415,"Ringold, Franklin County",300021,Ringold,2017-12-08 12:14:46.210473
2010-05-26,11:15,58.9,,53.8,83.0,0.0,E@4.6,9.6,60.9,0.0,600,"Ringold, Franklin County",300021,Ringold,2017-12-08 12:14:46.210473
2010-05-26,11:30,59.2,,53.3,80.8,0.0,SE@5.0,8.5,60.8,0.0,514,"Ringold, Franklin County",300021,Ringold,2017-12-08 12:14:46.210473
2010-05-26,11:45,60.7,,54.5,79.8,0.0,SE@6.2,11.7,60.8,0.0,803,"Ringold, Franklin County",300021,Ringold,2017-12-08 12:14:46.210473
2010-05-26,12:00,61.7,,53.5,74.2,0.0,SE@4.9,8.2,60.8,0.0,838,"Ringold, Franklin County",300021,Ringold,2017-12-08 12:14:46.210473
2010-05-26,12:15,61.9,,52.3,70.6,0.0,SE@4.1,7.8,60.8,0.0,666,"Ringold, Franklin County",300021,Ringold,2017-12-08 12:14:46.210473
2010-05-26,12:30,62.8,,52.3,68.7,0.0,S@3.5,7.1,60.7,0.0,790,"Ringold, Franklin County",300021,Ringold,2017-12-08 12:14:46.210473
2010-05-26,12:45,64.1,,52.7,66.4,0.0,SE@3.5,7.4,60.7,0.0,768,"Ringold, Franklin County",300021,Ringold,2017-12-08 12:14:46.210473
2010-05-26,13:00,64.6,,51.1,61.6,0.0,S@4.3,7.8,60.7,0.0,738,"Ringold, Franklin County",300021,Ringold,2017-12-08 12:14:46.210473
2010-05-26,13:15,65.3,,50.6,58.9,0.0,SE@4.1,9.6,60.7,0.0,730,"Ringold, Franklin County",300021,Ringold,2017-12-08 12:14:46.210473
2010-05-26,13:30,65.4,,50.3,57.9,0.0,S@4.7,7.4,60.6,0.0,663,"Ringold, Franklin County",300021,Ringold,2017-12-08 12:14:46.210473
2010-05-26,13:45,64.2,,49.8,59.4,0.0,S@2.4,6.0,60.6,0.0,409,"Ringold, Franklin County",300021,Ringold,2017-12-08 12:14:46.210473
2010-05-26,14:00,66.6,,51.2,57.6,0.0,S@4.4,8.2,60.6,0.0,685,"Ringold, Franklin County",300021,Ringold,2017-12-08 12:14:46.210473
2010-05-26,14:15,66.6,,51.6,58.4,0.0,SE@7.6,12.8,60.6,0.0,660,"Ringold, Franklin County",300021,Ringold,2017-12-08 12:14:46.210473
2010-05-26,14:30,67.3,,51.9,57.6,0.0,S@5.7,9.9,60.6,0.0,592,"Ringold, Franklin County",300021,Ringold,2017-12-08 12:14:46.210473
2010-05-26,14:45,65.7,,49.9,56.7,0.0,S@5.6,9.6,60.6,0.0,288,"Ringold, Franklin County",300021,Ringold,2017-12-08 12:14:46.210473
2010-05-26,15:00,64.4,,49.8,59.0,0.0,SE@4.4,7.4,60.6,0.0,215,"Ringold, Franklin County",300021,Ringold,2017-12-08 12:14:46.210473
2010-05-26,15:15,65.0,,49.9,57.9,0.0,SE@2.6,4.6,60.6,0.0,333,"Ringold, Franklin County",300021,Ringold,2017-12-08 12:14:46.210473
2010-05-26,15:30,67.5,,50.0,53.3,0.0,E@2.9,5.3,60.6,0.0,539,"Ringold, Franklin County",300021,Ringold,2017-12-08 12:14:46.210473
2010-05-26,15:45,67.2,,49.8,53.6,0.0,E@3.6,6.4,60.6,0.0,444,"Ringold, Franklin County",300021,Ringold,2017-12-08 12:14:46.210473
2010-05-26,16:00,67.5,,49.0,51.5,0.0,E@3.5,6.4,60.6,0.0,482,"Ringold, Franklin County",300021,Ringold,2017-12-08 12:14:46.210473
2010-05-26,16:15,67.8,,48.8,50.7,0.0,E@2.4,4.9,60.6,0.0,429,"Ringold, Franklin County",300021,Ringold,2017-12-08 12:14:46.210473
2010-05-26,16:30,67.7,,49.1,51.3,0.0,NE@2.3,4.9,60.7,0.0,293,"Ringold, Franklin County",300021,Ringold,2017-12-08 12:14:46.210473
2010-05-26,16:45,67.4,,49.6,52.7,0.0,E@3.3,5.3,60.7,0.0,182,"Ringold, Franklin County",300021,Ringold,2017-12-08 12:14:46.210473
2010-05-26,17:00,66.4,,49.7,54.8,0.0,E@3.0,6.4,60.7,0.0,174,"Ringold, Franklin County",300021,Ringold,2017-12-08 12:14:46.210473
2010-05-26,17:15,67.6,,49.3,51.8,0.0,NE@3.0,6.4,60.8,0.0,269,"Ringold, Franklin County",300021,Ringold,2017-12-08 12:14:46.210473
2010-05-26,17:30,66.6,,49.2,53.5,0.0,NE@2.7,4.9,60.8,0.0,122,"Ringold, Franklin County",300021,Ringold,2017-12-08 12:14:46.210473
2010-05-26,17:45,65.7,,49.4,55.6,0.0,E@2.9,4.6,60.9,0.0,86,"Ringold, Franklin County",300021,Ringold,2017-12-08 12:14:46.210473
2010-05-26,18:00,65.7,,49.0,54.6,0.0,E@2.3,3.9,60.9,0.0,93,"Ringold, Franklin County",300021,Ringold,2017-12-08 12:14:46.210473
2010-05-26,18:15,66.1,,48.6,53.2,0.0,NE@1.6,3.9,60.9,0.0,83,"Ringold, Franklin County",300021,Ringold,2017-12-08 12:14:46.210473
2010-05-26,18:30,66.8,,48.4,51.5,0.0,SE@0.8,2.4,61.0,0.0,127,"Ringold, Franklin County",300021,Ringold,2017-12-08 12:14:46.210473
2010-05-26,18:45,67.0,,48.4,51.1,0.0,E@1.9,2.8,61.1,0.0,78,"Ringold, Franklin County",300021,Ringold,2017-12-08 12:14:46.210473
2010-05-26,19:00,64.7,,52.4,64.3,0.0,E@0.8,2.1,61.1,0.0,40,"Ringold, Franklin County",300021,Ringold,2017-12-08 12:14:46.210473
2010-05-26,19:15,62.4,,51.7,68.1,0.0,NE@3.0,7.8,61.2,0.0,33,"Ringold, Franklin County",300021,Ringold,2017-12-08 12:14:46.210473
2010-05-26,19:30,60.6,,51.7,72.6,0.0,E@3.9,5.3,61.2,0.0,10,"Ringold, Franklin County",300021,Ringold,2017-12-08 12:14:46.210473
2010-05-26,19:45,59.6,,52.0,75.8,0.0,SE@3.2,4.9,61.3,0.0,3,"Ringold, Franklin County",300021,Ringold,2017-12-08 12:14:46.210473
2010-05-26,20:00,59.0,,51.8,76.9,0.0,SE@4.4,6.4,61.3,0.0,1,"Ringold, Franklin County",300021,Ringold,2017-12-08 12:14:46.210473
2010-05-26,20:15,58.3,,52.0,79.2,0.0,S@3.4,6.0,61.4,0.0,0,"Ringold, Franklin County",300021,Ringold,2017-12-08 12:14:46.210473
2010-05-26,20:30,58.1,,52.1,80.3,0.0,E@1.8,3.9,61.5,0.0,0,"Ringold, Franklin County",300021,Ringold,2017-12-08 12:14:46.210473
2010-05-26,20:45,57.6,,52.1,81.8,0.0,N@2.5,3.9,61.5,0.0,0,"Ringold, Franklin County",300021,Ringold,2017-12-08 12:14:46.210473
2010-05-26,21:00,56.7,,48.1,72.8,0.0,NW@3.3,5.7,61.6,0.0,0,"Ringold, Franklin County",300021,Ringold,2017-12-08 12:14:46.210473
2010-05-26,21:15,55.6,,46.9,72.5,0.0,NW@3.9,6.0,61.6,0.0,0,"Ringold, Franklin County",300021,Ringold,2017-12-08 12:14:46.210473
2010-05-26,21:30,54.4,,49.0,81.8,0.0,W@4.1,6.7,61.7,0.0,0,"Ringold, Franklin County",300021,Ringold,2017-12-08 12:14:46.210473
2010-05-26,21:45,54.5,,50.1,85.2,0.0,NW@4.2,6.0,61.7,0.0,0,"Ringold, Franklin County",300021,Ringold,2017-12-08 12:14:46.210473
2010-05-26,22:00,54.6,,50.7,86.6,0.0,N@3.5,6.0,61.8,0.0,0,"Ringold, Franklin County",300021,Ringold,2017-12-08 12:14:46.210473
2010-05-26,22:15,52.9,,50.2,90.4,0.02,N@1.5,3.9,61.8,0.0,0,"Ringold, Franklin County",300021,Ringold,2017-12-08 12:14:46.210473
2010-05-26,22:30,52.5,,50.5,92.8,0.04,NE@3.1,6.0,61.8,0.0,0,"Ringold, Franklin County",300021,Ringold,2017-12-08 12:14:46.210473
2010-05-26,22:45,53.0,,50.7,91.9,0.04,NW@1.8,4.6,61.9,0.0,0,"Ringold, Franklin County",300021,Ringold,2017-12-08 12:14:46.210473
2010-05-26,23:00,51.7,,50.3,94.9,0.08,SW@1.5,4.2,61.9,0.0,0,"Ringold, Franklin County",300021,Ringold,2017-12-08 12:14:46.210473
2010-05-27,23:15,51.7,,50.1,94.3,0.12,W@1.8,3.5,61.9,0.0,0,"Ringold, Franklin County",300021,Ringold,2017-12-08 12:14:46.210473
2010-05-27,23:30,50.7,,49.0,93.9,0.15,W@1.8,3.1,62.0,0.0,0,"Ringold, Franklin County",300021,Ringold,2017-12-08 12:14:46.210473
2010-05-27,23:45,49.9,,48.6,95.2,0.19,NW@1.2,2.8,62.0,0.0,0,"Ringold, Franklin County",300021,Ringold,2017-12-08 12:14:46.210473
2010-05-27,24:00,49.2,,48.4,97.0,0.24,N@2.1,3.9,62.0,0.0,0,"Ringold, Franklin County",300021,Ringold,2017-12-08 12:14:46.210473
2010-05-27,00:15,50.1,,48.9,95.3,0.29,NW@3.0,4.6,62.0,0.0,0,"Ringold, Franklin County",300021,Ringold,2017-12-08 12:14:46.210473
2010-05-27,00:30,51.0,,48.9,92.4,0.29,NW@3.8,5.7,62.0,0.0,0,"Ringold, Franklin County",300021,Ringold,2017-12-08 12:14:46.210473
2010-05-27,00:45,51.0,,48.9,92.5,0.27,NW@3.1,4.9,62.0,0.0,0,"Ringold, Franklin County",300021,Ringold,2017-12-08 12:14:46.210473
2010-05-27,01:00,50.6,,48.7,93.3,0.25,W@2.8,4.9,62.0,0.0,0,"Ringold, Franklin County",300021,Ringold,2017-12-08 12:14:46.210473
2010-05-27,01:15,50.0,,48.3,93.7,0.25,W@3.1,4.6,62.1,0.0,0,"Ringold, Franklin County",300021,Ringold,2017-12-08 12:14:46.210473
2010-05-27,01:30,49.7,,48.1,94.1,0.25,W@2.9,4.6,62.1,0.0,0,"Ringold, Franklin County",300021,Ringold,2017-12-08 12:14:46.210473
2010-05-27,01:45,49.8,,48.0,93.5,0.24,E@1.0,4.2,62.1,0.0,0,"Ringold, Franklin County",300021,Ringold,2017-12-08 12:14:46.210473
2010-05-27,02:00,50.0,,48.5,94.5,0.21,NE@0.8,3.5,62.0,0.0,0,"Ringold, Franklin County",300021,Ringold,2017-12-08 12:14:46.210473
2010-05-27,02:15,49.8,,48.4,95.1,0.22,N@0.2,2.1,62.0,0.0,0,"Ringold, Franklin County",300021,Ringold,2017-12-08 12:14:46.210473
2010-05-27,02:30,49.2,,48.3,96.6,0.25,N@0.0,0.0,62.0,0.0,0,"Ringold, Franklin County",300021,Ringold,2017-12-08 12:14:46.210473
2010-05-27,02:45,49.2,,48.4,97.0,0.28,N@0.0,0.0,62.0,0.0,0,"Ringold, Franklin County",300021,Ringold,2017-12-08 12:14:46.210473
2010-05-27,03:00,48.6,,47.6,96.3,0.32,N@0.0,0.0,62.0,0.0,0,"Ringold, Franklin County",300021,Ringold,2017-12-08 12:14:46.210473
2010-05-27,03:15,47.6,,47.3,98.9,0.37,NW@1.6,3.1,62.0,0.0,0,"Ringold, Franklin County",300021,Ringold,2017-12-08 12:14:46.210473
2010-05-27,03:30,48.2,,48.0,99.3,0.41,W@0.3,2.8,62.0,0.0,0,"Ringold, Franklin County",300021,Ringold,2017-12-08 12:14:46.210473
2010-05-27,03:45,47.5,,47.1,98.6,0.45,SW@0.2,3.9,62.0,0.0,0,"Ringold, Franklin County",300021,Ringold,2017-12-08 12:14:46.210473
2010-05-27,04:00,47.3,,47.3,100.0,0.49,SW@2.0,4.2,61.9,0.0,0,"Ringold, Franklin County",300021,Ringold,2017-12-08 12:14:46.210473
2010-05-27,04:15,47.3,,47.1,99.5,0.52,SW@1.0,2.8,61.9,0.0,2,"Ringold, Franklin County",300021,Ringold,2017-12-08 12:14:46.210473
2010-05-27,04:30,47.0,,46.8,99.0,0.54,E@0.0,1.4,61.9,0.0,6,"Ringold, Franklin County",300021,Ringold,2017-12-08 12:14:46.210473
2010-05-27,04:45,47.3,,47.2,99.5,0.57,N@0.0,0.0,61.9,0.0,13,"Ringold, Franklin County",300021,Ringold,2017-12-08 12:14:46.210473
2010-05-27,05:00,47.7,,47.5,99.1,0.58,N@0.0,0.0,61.8,0.0,19,"Ringold, Franklin County",300021,Ringold,2017-12-08 12:14:46.210473
2010-05-27,05:15,48.2,,47.8,98.8,0.59,N@0.0,0.0,61.8,0.0,30,"Ringold, Franklin County",300021,Ringold,2017-12-08 12:14:46.210473
2010-05-27,05:30,48.9,,48.6,99.1,0.6,NW@0.7,2.4,61.8,0.0,40,"Ringold, Franklin County",300021,Ringold,2017-12-08 12:14:46.210473
2010-05-27,05:45,50.0,,49.1,96.7,0.59,NW@1.2,2.8,61.8,0.0,52,"Ringold, Franklin County",300021,Ringold,2017-12-08 12:14:46.210473
2010-05-27,06:00,51.1,,49.9,95.6,0.58,NW@1.6,3.1,61.7,0.0,75,"Ringold, Franklin County",300021,Ringold,2017-12-08 12:14:46.210473
2010-05-27,06:15,51.8,,50.3,94.6,0.53,NW@2.8,4.2,61.7,0.0,86,"Ringold, Franklin County",300021,Ringold,2017-12-08 12:14:46.210473
2010-05-27,06:30,51.9,,49.9,92.9,0.41,NW@3.0,5.7,61.6,0.0,85,"Ringold, Franklin County",300021,Ringold,2017-12-08 12:14:46.210473
2010-05-27,06:45,52.4,,50.0,91.4,0.17,NW@2.9,4.6,61.6,0.0,116,"Ringold, Franklin County",300021,Ringold,2017-12-08 12:14:46.210473
2010-05-27,07:00,53.3,,50.3,89.5,0.01,NW@3.6,6.0,61.5,0.0,202,"Ringold, Franklin County",300021,Ringold,2017-12-08 12:14:46.210473
2010-05-27,07:15,54.4,,50.4,86.4,0.0,NW@4.5,6.7,61.5,0.0,258,"Ringold, Franklin County",300021,Ringold,2017-12-08 12:14:46.210473
2010-05-27,07:30,54.6,,50.8,87.1,0.0,NW@5.2,8.2,61.5,0.0,246,"Ringold, Franklin County",300021,Ringold,2017-12-08 12:14:46.210473
2010-05-27,07:45,54.9,,51.5,88.1,0.0,NW@4.4,6.7,61.4,0.0,233,"Ringold, Franklin County",300021,Ringold,2017-12-08 12:14:46.210473
2010-05-27,08:00,55.2,,51.6,87.5,0.0,NW@4.0,7.1,61.4,0.0,206,"Ringold, Franklin County",300021,Ringold,2017-12-08 12:14:46.210473
2010-05-27,08:15,55.5,,51.9,87.4,0.0,NW@3.7,6.4,61.3,0.0,199,"Ringold, Franklin County",300021,Ringold,2017-12-08 12:14:46.210473
2010-05-27,08:30,56.2,,52.2,86.3,0.0,NW@3.8,5.7,61.3,0.0,235,"Ringold, Franklin County",300021,Ringold,2017-12-08 12:14:46.210473
2010-05-27,08:45,57.1,,52.9,85.8,0.0,W@3.1,4.9,61.2,0.0,211,"Ringold, Franklin County",300021,Ringold,2017-12-08 12:14:46.210473
2010-05-27,09:00,57.2,,52.9,85.5,0.0,W@3.6,5.7,61.2,0.0,214,"Ringold, Franklin County",300021,Ringold,2017-12-08 12:14:46.210473
2010-05-27,09:15,57.9,,53.2,84.2,0.0,NW@3.9,7.8,61.1,0.0,250,"Ringold, Franklin County",300021,Ringold,2017-12-08 12:14:46.210473
2010-05-27,09:30,58.2,,53.2,83.2,0.0,NW@5.1,8.5,61.1,0.0,246,"Ringold, Franklin County",300021,Ringold,2017-12-08 12:14:46.210473
2010-05-27,09:45,58.5,,52.7,80.9,0.0,NW@5.0,7.1,61.0,0.0,270,"Ringold, Franklin County",300021,Ringold,2017-12-08 12:14:46.210473
2010-05-27,10:00,59.3,,52.6,78.4,0.0,NW@4.7,8.5,61.0,0.0,283,"Ringold, Franklin County",300021,Ringold,2017-12-08 12:14:46.210473
2010-05-27,10:15,59.2,,52.5,78.4,0.0,NW@4.5,7.1,61.0,0.0,213,"Ringold, Franklin County",300021,Ringold,2017-12-08 12:14:46.210473
2010-05-27,10:30,59.0,,52.3,78.5,0.0,NW@4.4,8.9,60.9,0.0,211,"Ringold, Franklin County",300021,Ringold,2017-12-08 12:14:46.210473
2010-05-27,10:45,59.5,,52.7,78.2,0.0,W@3.6,6.0,60.9,0.0,152,"Ringold, Franklin County",300021,Ringold,2017-12-08 12:14:46.210473
2010-05-27,11:00,58.9,,52.3,78.6,0.0,W@3.7,7.8,60.9,0.0,144,"Ringold, Franklin County",300021,Ringold,2017-12-08 12:14:46.210473
2010-05-27,11:15,59.5,,52.4,77.2,0.0,W@3.9,6.7,60.8,0.0,187,"Ringold, Franklin County",300021,Ringold,2017-12-08 12:14:46.210473
2010-05-27,11:30,59.6,,52.1,76.1,0.0,W@3.9,6.4,60.8,0.0,176,"Ringold, Franklin County",300021,Ringold,2017-12-08 12:14:46.210473
2010-05-27,11:45,60.0,,52.0,74.9,0.0,W@4.3,7.8,60.7,0.0,218,"Ringold, Franklin County",300021,Ringold,2017-12-08 12:14:46.210473
2010-05-27,12:00,60.5,,52.1,73.8,0.0,W@4.5,7.8,60.7,0.0,254,"Ringold, Franklin County",300021,Ringold,2017-12-08 12:14:46.210473
2010-05-27,12:15,61.4,,52.5,72.3,0.0,W@4.1,6.0,60.7,0.0,312,"Ringold, Franklin County",300021,Ringold,2017-12-08 12:14:46.210473
2010-05-27,12:30,62.1,,52.5,70.7,0.0,NW@3.8,6.7,60.7,0.0,342,"Ringold, Franklin County",300021,Ringold,2017-12-08 12:14:46.210473
2010-05-27,12:45,63.3,,52.6,67.9,0.0,NW@4.0,7.8,60.6,0.0,386,"Ringold, Franklin County",300021,Ringold,2017-12-08 12:14:46.210473
2010-05-27,13:00,62.4,,52.3,69.4,0.0,W@4.1,7.4,60.6,0.0,262,"Ringold, Franklin County",300021,Ringold,2017-12-08 12:14:46.210473
2010-05-27,13:15,61.8,,53.4,73.9,0.0,S@7.8,13.9,60.6,0.0,359,"Ringold, Franklin County",300021,Ringold,2017-12-08 12:14:46.210473
2010-05-27,13:30,60.5,,53.6,77.9,0.0,S@10.5,15.7,60.6,0.0,527,"Ringold, Franklin County",300021,Ringold,2017-12-08 12:14:46.210473
2010-05-27,13:45,59.2,,53.0,79.7,0.0,S@11.4,16.0,60.6,0.0,359,"Ringold, Franklin County",300021,Ringold,2017-12-08 12:14:46.210473
2010-05-27,14:00,57.5,,52.3,82.7,0.0,S@11.9,17.1,60.5,0.0,276,"Ringold, Franklin County",300021,Ringold,2017-12-08 12:14:46.210473
2010-05-27,14:15,56.8,,52.0,83.9,0.0,S@12.0,18.2,60.5,0.0,248,"Ringold, Franklin County",300021,Ringold,2017-12-08 12:14:46.210473
2010-05-27,14:30,56.8,,51.5,82.4,0.0,S@12.5,18.2,60.5,0.0,272,"Ringold, Franklin County",300021,Ringold,2017-12-08 12:14:46.210473
2010-05-27,14:45,57.2,,51.0,79.8,0.0,S@13.3,20.3,60.5,0.0,312,"Ringold, Franklin County",300021,Ringold,2017-12-08 12:14:46.210473
2010-05-27,15:00,58.3,,51.1,76.9,0.0,S@14.7,23.2,60.5,0.0,451,"Ringold, Franklin County",300021,Ringold,2017-12-08 12:14:46.210473
2010-05-27,15:15,58.8,,51.1,75.5,0.0,S@14.1,22.5,60.5,0.0,519,"Ringold, Franklin County",300021,Ringold,2017-12-08 12:14:46.210473
2010-05-27,15:30,59.0,,51.1,75.0,0.0,S@13.9,21.0,60.5,0.0,351,"Ringold, Franklin County",300021,Ringold,2017-12-08 12:14:46.210473
2010-05-27,15:45,58.5,,50.4,74.5,0.0,SE@13.3,17.8,60.5,0.0,266,"Ringold, Franklin County",300021,Ringold,2017-12-08 12:14:46.210473
2010-05-27,16:00,58.2,,50.8,76.3,0.0,SE@12.3,17.8,60.5,0.0,145,"Ringold, Franklin County",300021,Ringold,2017-12-08 12:14:46.210473
2010-05-27,16:15,56.6,,50.5,79.8,0.0,SE@12.5,16.7,60.5,0.0,73,"Ringold, Franklin County",300021,Ringold,2017-12-08 12:14:46.210473
2010-05-27,16:30,55.4,,50.9,84.7,0.1,SE@9.9,13.9,60.5,0.0,30,"Ringold, Franklin County",300021,Ringold,2017-12-08 12:14:46.210473
2010-05-27,16:45,53.9,,50.8,89.0,0.48,SE@9.5,13.9,60.5,0.02,24,"Ringold, Franklin County",300021,Ringold,2017-12-08 12:14:46.210473
2010-05-27,17:00,53.4,,50.8,91.0,0.61,SE@8.9,14.2,60.5,0.04,26,"Ringold, Franklin County",300021,Ringold,2017-12-08 12:14:46.210473
2010-05-27,17:15,53.2,,51.5,94.0,0.67,SE@7.4,11.7,60.5,0.04,30,"Ringold, Franklin County",300021,Ringold,2017-12-08 12:14:46.210473
2010-05-27,17:30,53.2,,51.7,94.4,0.71,SE@8.7,13.2,60.5,0.03,32,"Ringold, Franklin County",300021,Ringold,2017-12-08 12:14:46.210473
2010-05-27,17:45,53.2,,51.9,95.3,0.75,SE@8.8,13.2,60.6,0.02,28,"Ringold, Franklin County",300021,Ringold,2017-12-08 12:14:46.210473
2010-05-27,18:00,52.9,,52.3,97.6,0.77,E@8.7,11.0,60.6,0.02,21,"Ringold, Franklin County",300021,Ringold,2017-12-08 12:14:46.210473
2010-05-27,18:15,52.8,,52.6,99.5,0.79,E@7.4,10.3,60.6,0.01,18,"Ringold, Franklin County",300021,Ringold,2017-12-08 12:14:46.210473
2010-05-27,18:30,52.6,,52.6,99.8,0.81,E@6.3,8.9,60.6,0.02,8,"Ringold, Franklin County",300021,Ringold,2017-12-08 12:14:46.210473
2010-05-27,18:45,52.5,,52.6,100.0,0.83,E@6.8,10.7,60.6,0.01,7,"Ringold, Franklin County",300021,Ringold,2017-12-08 12:14:46.210473
2010-05-27,19:00,52.1,,52.1,100.0,0.84,E@8.0,12.1,60.6,0.01,4,"Ringold, Franklin County",300021,Ringold,2017-12-08 12:14:46.210473
2010-05-27,19:15,51.7,,51.7,100.0,0.85,E@10.3,14.6,60.6,0.03,2,"Ringold, Franklin County",300021,Ringold,2017-12-08 12:14:46.210473
2010-05-27,19:30,51.4,,51.4,100.0,0.85,SE@10.6,15.0,60.6,0.02,2,"Ringold, Franklin County",300021,Ringold,2017-12-08 12:14:46.210473
2010-05-27,19:45,51.0,,51.0,100.0,0.85,SE@10.5,14.2,60.6,0.0,1,"Ringold, Franklin County",300021,Ringold,2017-12-08 12:14:46.210473
2010-05-27,20:00,51.0,,51.0,100.0,0.86,SE@8.7,11.4,60.7,0.0,0,"Ringold, Franklin County",300021,Ringold,2017-12-08 12:14:46.210473
2010-05-27,20:15,51.0,,51.0,100.0,0.86,SE@8.2,11.4,60.7,0.01,0,"Ringold, Franklin County",300021,Ringold,2017-12-08 12:14:46.210473
2010-05-27,20:30,51.0,,51.0,100.0,0.87,SE@7.6,9.6,60.7,0.0,0,"Ringold, Franklin County",300021,Ringold,2017-12-08 12:14:46.210473
2010-05-27,20:45,51.0,,51.0,100.0,0.87,SE@7.0,9.6,60.7,0.0,0,"Ringold, Franklin County",300021,Ringold,2017-12-08 12:14:46.210473
2010-05-27,21:00,51.0,,51.0,100.0,0.88,S@7.2,10.7,60.7,0.01,0,"Ringold, Franklin County",300021,Ringold,2017-12-08 12:14:46.210473
2010-05-27,21:15,51.0,,51.0,100.0,0.88,S@6.1,9.2,60.7,0.01,0,"Ringold, Franklin County",300021,Ringold,2017-12-08 12:14:46.210473
2010-05-27,21:30,51.0,,51.0,100.0,0.88,S@5.1,7.4,60.7,0.01,0,"Ringold, Franklin County",300021,Ringold,2017-12-08 12:14:46.210473
2010-05-27,21:45,51.0,,51.0,100.0,0.88,S@5.6,8.2,60.7,0.01,0,"Ringold, Franklin County",300021,Ringold,2017-12-08 12:14:46.210473
2010-05-27,22:00,51.0,,51.0,100.0,0.88,S@5.7,7.8,60.7,0.02,0,"Ringold, Franklin County",300021,Ringold,2017-12-08 12:14:46.210473
2010-05-27,22:15,51.0,,51.0,100.0,0.88,S@6.9,9.2,60.7,0.02,0,"Ringold, Franklin County",300021,Ringold,2017-12-08 12:14:46.210473
2010-05-27,22:30,51.0,,51.0,100.0,0.88,S@7.7,10.7,60.6,0.02,0,"Ringold, Franklin County",300021,Ringold,2017-12-08 12:14:46.210473
2010-05-27,22:45,51.0,,51.0,100.0,0.88,S@7.0,9.9,60.6,0.02,0,"Ringold, Franklin County",300021,Ringold,2017-12-08 12:14:46.210473
2010-05-27,23:00,51.0,,51.0,100.0,0.88,S@6.6,9.6,60.6,0.01,0,"Ringold, Franklin County",300021,Ringold,2017-12-08 12:14:46.210473
2010-05-28,23:15,51.0,,51.0,100.0,0.88,S@5.4,7.4,60.6,0.01,0,"Ringold, Franklin County",300021,Ringold,2017-12-08 12:14:46.210473
2010-05-28,23:30,51.0,,51.0,100.0,0.88,S@3.8,6.4,60.6,0.0,0,"Ringold, Franklin County",300021,Ringold,2017-12-08 12:14:46.210473
2010-05-28,23:45,51.0,,51.0,100.0,0.88,S@3.4,5.3,60.6,0.0,0,"Ringold, Franklin County",300021,Ringold,2017-12-08 12:14:46.210473
2010-05-28,24:00,51.0,,51.0,100.0,0.88,S@2.2,3.5,60.6,0.01,0,"Ringold, Franklin County",300021,Ringold,2017-12-08 12:14:46.210473
2010-05-28,00:15,51.0,,51.0,100.0,0.88,S@2.9,4.9,60.5,0.0,0,"Ringold, Franklin County",300021,Ringold,2017-12-08 12:14:46.210473
2010-05-28,00:30,51.0,,51.0,100.0,0.88,S@3.7,4.9,60.5,0.0,0,"Ringold, Franklin County",300021,Ringold,2017-12-08 12:14:46.210473
2010-05-28,00:45,51.0,,51.0,100.0,0.88,SE@1.8,3.9,60.5,0.0,0,"Ringold, Franklin County",300021,Ringold,2017-12-08 12:14:46.210473
2010-05-28,01:00,51.0,,51.0,100.0,0.89,SE@2.3,3.5,60.4,0.0,0,"Ringold, Franklin County",300021,Ringold,2017-12-08 12:14:46.210473
2010-05-28,01:15,51.0,,51.0,100.0,0.89,SE@2.2,3.5,60.4,0.01,0,"Ringold, Franklin County",300021,Ringold,2017-12-08 12:14:46.210473
2010-05-28,01:30,51.0,,51.0,100.0,0.89,SE@0.7,2.4,60.4,0.0,0,"Ringold, Franklin County",300021,Ringold,2017-12-08 12:14:46.210473
2010-05-28,01:45,51.0,,51.0,99.9,0.89,N@0.0,0.0,60.4,0.0,0,"Ringold, Franklin County",300021,Ringold,2017-12-08 12:14:46.210473
2010-05-28,02:00,50.8,,50.8,100.0,0.89,S@1.2,2.4,60.3,0.0,0,"Ringold, Franklin County",300021,Ringold,2017-12-08 12:14:46.210473
2010-05-28,02:15,50.5,,50.5,100.0,0.89,SE@1.1,2.8,60.3,0.0,0,"Ringold, Franklin County",300021,Ringold,2017-12-08 12:14:46.210473
2010-05-28,02:30,50.0,,50.0,100.0,0.89,SE@2.0,3.5,60.3,0.0,0,"Ringold, Franklin County",300021,Ringold,2017-12-08 12:14:46.210473
2010-05-28,02:45,50.0,,50.0,100.0,0.89,SE@2.2,3.9,60.2,0.0,0,"Ringold, Franklin County",300021,Ringold,2017-12-08 12:14:46.210473
2010-05-28,03:00,50.1,,50.1,100.0,0.9,SE@3.6,5.7,60.2,0.0,0,"Ringold, Franklin County",300021,Ringold,2017-12-08 12:14:46.210473
2010-05-28,03:15,50.0,,50.0,100.0,0.89,S@3.9,5.7,60.2,0.0,0,"Ringold, Franklin County",300021,Ringold,2017-12-08 12:14:46.210473
2010-05-28,03:30,50.0,,50.0,100.0,0.89,S@4.6,6.0,60.1,0.0,0,"Ringold, Franklin County",300021,Ringold,2017-12-08 12:14:46.210473
2010-05-28,03:45,50.0,,50.0,100.0,0.89,S@4.7,6.4,60.1,0.0,0,"Ringold, Franklin County",300021,Ringold,2017-12-08 12:14:46.210473
2010-05-28,04:00,50.0,,50.0,100.0,0.89,S@3.9,5.3,60.0,0.0,0,"Ringold, Franklin County",300021,Ringold,2017-12-08 12:14:46.210473
2010-05-28,04:15,50.0,,50.0,100.0,0.89,S@3.3,4.6,60.0,0.0,2,"Ringold, Franklin County",300021,Ringold,2017-12-08 12:14:46.210473
2010-05-28,04:30,50.0,,50.0,100.0,0.9,S@3.1,4.6,60.0,0.0,4,"Ringold, Franklin County",300021,Ringold,2017-12-08 12:14:46.210473
2010-05-28,04:45,50.0,,50.0,100.0,0.9,S@3.5,5.3,59.9,0.0,11,"Ringold, Franklin County",300021,Ringold,2017-12-08 12:14:46.210473
2010-05-28,05:00,50.4,,50.4,100.0,0.9,S@3.1,4.2,59.9,0.0,19,"Ringold, Franklin County",300021,Ringold,2017-12-08 12:14:46.210473
2010-05-28,05:15,50.8,,50.8,100.0,0.9,S@2.8,4.6,59.9,0.0,28,"Ringold, Franklin County",300021,Ringold,2017-12-08 12:14:46.210473
2010-05-28,05:30,51.0,,51.0,100.0,0.91,SW@3.3,5.3,59.8,0.0,38,"Ringold, Franklin County",300021,Ringold,2017-12-08 12:14:46.210473
2010-05-28,05:45,51.3,,51.3,99.9,0.9,SW@4.0,5.7,59.8,0.0,46,"Ringold, Franklin County",300021,Ringold,2017-12-08 12:14:46.210473
2010-05-28,06:00,51.7,,51.3,98.6,0.91,SW@3.1,5.3,59.8,0.0,37,"Ringold, Franklin County",300021,Ringold,2017-12-08 12:14:46.210473
2010-05-28,06:15,51.9,,51.5,98.5,0.91,SW@3.7,4.9,59.7,0.01,39,"Ringold, Franklin County",300021,Ringold,2017-12-08 12:14:46.210473
2010-05-28,06:30,51.9,,51.6,99.0,0.9,SW@3.8,4.9,59.7,0.01,62,"Ringold, Franklin County",300021,Ringold,2017-12-08 12:14:46.210473
2010-05-28,06:45,52.0,,51.7,98.7,0.9,S@4.0,5.7,59.6,0.0,81,"Ringold, Franklin County",300021,Ringold,2017-12-08 12:14:46.210473
2010-05-28,07:00,52.1,,51.6,98.1,0.9,SW@4.5,6.0,59.6,0.0,85,"Ringold, Franklin County",300021,Ringold,2017-12-08 12:14:46.210473
2010-05-28,07:15,52.4,,51.9,98.2,0.9,SW@4.8,6.7,59.6,0.0,94,"Ringold, Franklin County",300021,Ringold,2017-12-08 12:14:46.210473
2010-05-28,07:30,52.4,,51.6,97.1,0.9,SW@6.0,8.9,59.5,0.01,109,"Ringold, Franklin County",300021,Ringold,2017-12-08 12:14:46.210473
2010-05-28,07:45,52.4,,51.9,97.9,0.9,SW@6.0,8.5,59.5,0.01,130,"Ringold, Franklin County",300021,Ringold,2017-12-08 12:14:46.210473
2010-05-28,08:00,52.8,,52.3,98.0,0.9,SW@6.5,9.2,59.5,0.0,170,"Ringold, Franklin County",300021,Ringold,2017-12-08 12:14:46.210473
2010-05-28,08:15,52.8,,52.1,97.4,0.9,SW@6.3,9.2,59.4,0.01,156,"Ringold, Franklin County",300021,Ringold,2017-12-08 12:14:46.210473
2010-05-28,08:30,52.8,,52.3,98.0,0.9,SW@6.0,8.5,59.4,0.01,163,"Ringold, Franklin County",300021,Ringold,2017-12-08 12:14:46.210473
2010-05-28,08:45,53.2,,52.7,97.9,0.9,S@5.0,7.4,59.4,0.0,213,"Ringold, Franklin County",300021,Ringold,2017-12-08 12:14:46.210473
2010-05-28,09:00,53.9,,53.0,96.6,0.9,SW@4.7,7.1,59.3,0.0,282,"Ringold, Franklin County",300021,Ringold,2017-12-08 12:14:46.210473
2010-05-28,09:15,54.2,,53.1,96.2,0.89,S@5.4,7.8,59.3,0.01,231,"Ringold, Franklin County",300021,Ringold,2017-12-08 12:14:46.210473
2010-05-28,09:30,54.2,,53.1,96.0,0.9,S@5.8,7.8,59.3,0.0,262,"Ringold, Franklin County",300021,Ringold,2017-12-08 12:14:46.210473
2010-05-28,09:45,54.8,,53.4,95.1,0.85,S@5.4,7.4,59.2,0.0,313,"Ringold, Franklin County",300021,Ringold,2017-12-08 12:14:46.210473
2010-05-28,10:00,55.3,,53.3,92.7,0.71,S@5.2,7.8,59.2,0.0,420,"Ringold, Franklin County",300021,Ringold,2017-12-08 12:14:46.210473
2010-05-28,10:15,56.6,,54.0,91.0,0.19,S@5.3,8.5,59.2,0.0,460,"Ringold, Franklin County",300021,Ringold,2017-12-08 12:14:46.210473
2010-05-28,10:30,56.7,,53.7,89.4,0.0,SW@5.6,8.5,59.1,0.0,438,"Ringold, Franklin County",300021,Ringold,2017-12-08 12:14:46.210473
2010-05-28,10:45,57.1,,53.5,87.6,0.0,S@5.8,9.2,59.1,0.0,541,"Ringold, Franklin County",300021,Ringold,2017-12-08 12:14:46.210473
2010-05-28,11:00,57.8,,54.2,87.5,0.0,SW@5.7,10.3,59.1,0.0,377,"Ringold, Franklin County",300021,Ringold,2017-12-08 12:14:46.210473
2010-05-28,11:15,57.1,,52.5,84.6,0.0,SW@5.3,7.8,59.0,0.0,364,"Ringold, Franklin County",300021,Ringold,2017-12-08 12:14:46.210473
2010-05-28,11:30,56.6,,51.7,83.6,0.0,SW@4.6,7.1,59.0,0.0,186,"Ringold, Franklin County",300021,Ringold,2017-12-08 12:14:46.210473
2010-05-28,11:45,54.5,,52.7,93.7,0.26,SW@6.2,11.0,59.0,0.08,121,"Ringold, Franklin County",300021,Ringold,2017-12-08 12:14:46.210473
2010-05-28,12:00,54.1,,52.7,94.8,0.5,S@5.7,8.9,59.0,0.01,259,"Ringold, Franklin County",300021,Ringold,2017-12-08 12:14:46.210473
2010-05-28,12:15,56.5,,53.4,89.2,0.45,S@5.1,9.6,59.0,0.0,517,"Ringold, Franklin County",300021,Ringold,2017-12-08 12:14:46.210473
2010-05-28,12:30,58.9,,54.6,85.6,0.12,SW@5.5,9.9,58.9,0.0,722,"Ringold, Franklin County",300021,Ringold,2017-12-08 12:14:46.210473
2010-05-28,12:45,59.6,,55.1,84.8,0.0,SW@5.0,19.6,58.9,0.0,688,"Ringold, Franklin County",300021,Ringold,2017-12-08 12:14:46.210473
2010-05-28,13:00,59.9,,53.1,78.3,0.0,SW@5.2,10.7,58.9,0.0,546,"Ringold, Franklin County",300021,Ringold,2017-12-08 12:14:46.210473
2010-05-28,13:15,60.0,,51.8,74.1,0.0,W@4.3,7.8,58.9,0.0,471,"Ringold, Franklin County",300021,Ringold,2017-12-08 12:14:46.210473
2010-05-28,13:30,60.7,,51.3,71.1,0.0,W@3.8,7.4,58.9,0.0,487,"Ringold, Franklin County",300021,Ringold,2017-12-08 12:14:46.210473
2010-05-28,13:45,61.5,,51.3,69.0,0.0,W@3.7,7.4,58.9,0.0,429,"Ringold, Franklin County",300021,Ringold,2017-12-08 12:14:46.210473
2010-05-28,14:00,61.3,,50.5,67.5,0.0,W@3.5,7.1,58.9,0.0,327,"Ringold, Franklin County",300021,Ringold,2017-12-08 12:14:46.210473
2010-05-28,14:15,61.4,,50.8,67.8,0.0,W@2.9,5.7,58.9,0.0,291,"Ringold, Franklin County",300021,Ringold,2017-12-08 12:14:46.210473
2010-05-28,14:30,60.3,,50.4,69.6,0.05,SW@3.4,6.0,58.9,0.01,98,"Ringold, Franklin County",300021,Ringold,2017-12-08 12:14:46.210473
2010-05-28,14:45,57.3,,53.3,86.3,0.37,W@2.2,5.7,58.9,0.06,54,"Ringold, Franklin County",300021,Ringold,2017-12-08 12:14:46.210473
2010-05-28,15:00,56.1,,52.6,87.8,0.5,SW@4.2,10.3,58.9,0.0,83,"Ringold, Franklin County",300021,Ringold,2017-12-08 12:14:46.210473
2010-05-28,15:15,55.6,,51.8,87.1,0.45,SW@4.4,7.1,58.9,0.0,145,"Ringold, Franklin County",300021,Ringold,2017-12-08 12:14:46.210473
2010-05-28,15:30,56.3,,51.6,84.0,0.16,S@4.7,8.5,58.9,0.0,191,"Ringold, Franklin County",300021,Ringold,2017-12-08 12:14:46.210473
2010-05-28,15:45,56.9,,52.0,83.5,0.0,SW@4.7,9.2,58.9,0.0,146,"Ringold, Franklin County",300021,Ringold,2017-12-08 12:14:46.210473
2010-05-28,16:00,56.1,,51.5,84.5,0.02,S@7.7,12.1,58.9,0.01,130,"Ringold, Franklin County",300021,Ringold,2017-12-08 12:14:46.210473
2010-05-28,16:15,54.3,,50.4,86.7,0.13,S@7.9,13.5,59.0,0.0,116,"Ringold, Franklin County",300021,Ringold,2017-12-08 12:14:46.210473
2010-05-28,16:30,54.2,,51.0,89.1,0.19,S@7.7,11.4,59.0,0.0,98,"Ringold, Franklin County",300021,Ringold,2017-12-08 12:14:46.210473
2010-05-28,16:45,54.7,,51.6,89.2,0.02,S@6.3,9.6,59.0,0.0,119,"Ringold, Franklin County",300021,Ringold,2017-12-08 12:14:46.210473
2010-05-28,17:00,55.8,,51.3,84.7,0.0,S@5.0,8.2,59.0,0.0,119,"Ringold, Franklin County",300021,Ringold,2017-12-08 12:14:46.210473
2010-05-28,17:15,56.5,,50.5,80.3,0.0,S@5.4,9.6,59.1,0.0,97,"Ringold, Franklin County",300021,Ringold,2017-12-08 12:14:46.210473
2010-05-28,17:30,54.8,,51.2,87.6,0.0,SE@7.7,11.4,59.1,0.0,65,"Ringold, Franklin County",300021,Ringold,2017-12-08 12:14:46.210473
2010-05-28,17:45,53.7,,51.8,93.3,0.0,SE@7.9,12.1,59.1,0.0,64,"Ringold, Franklin County",300021,Ringold,2017-12-08 12:14:46.210473
2010-05-28,18:00,53.7,,51.6,92.7,0.0,SE@9.1,12.8,59.1,0.0,89,"Ringold, Franklin County",300021,Ringold,2017-12-08 12:14:46.210473
2010-05-28,18:15,54.0,,51.7,91.8,0.0,SE@7.8,11.0,59.2,0.0,86,"Ringold, Franklin County",300021,Ringold,2017-12-08 12:14:46.210473
2010-05-28,18:30,53.7,,51.4,91.8,0.0,SE@6.9,9.6,59.2,0.0,55,"Ringold, Franklin County",300021,Ringold,2017-12-08 12:14:46.210473
2010-05-28,18:45,53.5,,51.2,92.0,0.0,SE@6.0,9.6,59.2,0.0,64,"Ringold, Franklin County",300021,Ringold,2017-12-08 12:14:46.210473
2010-05-28,19:00,53.3,,51.3,93.1,0.0,SE@5.5,8.5,59.3,0.0,65,"Ringold, Franklin County",300021,Ringold,2017-12-08 12:14:46.210473
2010-05-28,19:15,52.8,,51.1,94.0,0.01,SE@5.1,7.8,59.3,0.0,37,"Ringold, Franklin County",300021,Ringold,2017-12-08 12:14:46.210473
2010-05-28,19:30,52.1,,50.4,93.8,0.02,SE@5.1,8.2,59.3,0.0,9,"Ringold, Franklin County",300021,Ringold,2017-12-08 12:14:46.210473
2010-05-28,19:45,51.7,,50.0,93.7,0.03,S@2.8,7.4,59.4,0.0,3,"Ringold, Franklin County",300021,Ringold,2017-12-08 12:14:46.210473
2010-05-28,20:00,51.4,,49.6,93.5,0.07,W@1.3,3.9,59.4,0.0,2,"Ringold, Franklin County",300021,Ringold,2017-12-08 12:14:46.210473
2010-05-28,20:15,50.2,,48.9,95.3,0.12,NW@0.2,1.4,59.4,0.0,0,"Ringold, Franklin County",300021,Ringold,2017-12-08 12:14:46.210473
2010-05-28,20:30,49.2,,48.5,97.6,0.16,W@1.1,2.1,59.4,0.0,0,"Ringold, Franklin County",300021,Ringold,2017-12-08 12:14:46.210473
2010-05-28,20:45,49.4,,48.0,95.0,0.21,W@0.5,2.4,59.5,0.0,0,"Ringold, Franklin County",300021,Ringold,2017-12-08 12:14:46.210473
2010-05-28,21:00,49.6,,47.0,90.7,0.25,W@0.9,3.9,59.5,0.0,0,"Ringold, Franklin County",300021,Ringold,2017-12-08 12:14:46.210473
2010-05-28,21:15,49.9,,45.2,83.9,0.21,W@2.4,6.7,59.5,0.0,0,"Ringold, Franklin County",300021,Ringold,2017-12-08 12:14:46.210473
2010-05-28,21:30,49.8,,43.8,79.9,0.04,W@3.6,6.4,59.5,0.0,0,"Ringold, Franklin County",300021,Ringold,2017-12-08 12:14:46.210473
2010-05-28,21:45,49.2,,43.2,79.6,0.0,SW@3.2,6.0,59.5,0.0,0,"Ringold, Franklin County",300021,Ringold,2017-12-08 12:14:46.210473
2010-05-28,22:00,48.3,,43.0,81.9,0.0,SW@3.5,5.3,59.5,0.0,0,"Ringold, Franklin County",300021,Ringold,2017-12-08 12:14:46.210473
2010-05-28,22:15,48.2,,43.2,82.9,0.0,SW@2.8,5.3,59.6,0.0,0,"Ringold, Franklin County",300021,Ringold,2017-12-08 12:14:46.210473
2010-05-28,22:30,48.2,,43.1,82.5,0.0,SW@3.0,4.9,59.6,0.0,0,"Ringold, Franklin County",300021,Ringold,2017-12-08 12:14:46.210473
2010-05-28,22:45,48.1,,43.4,83.5,0.0,SW@2.9,4.2,59.6,0.0,0,"Ringold, Franklin County",300021,Ringold,2017-12-08 12:14:46.210473
2010-05-28,23:00,47.5,,43.5,86.0,0.0,SW@2.8,4.2,59.6,0.0,0,"Ringold, Franklin County",300021,Ringold,2017-12-08 12:14:46.210473
2010-05-29,23:15,47.2,,43.6,87.2,0.0,SW@2.9,4.6,59.6,0.0,0,"Ringold, Franklin County",300021,Ringold,2017-12-08 12:14:46.210473
2010-05-29,23:30,46.6,,43.8,89.8,0.0,S@2.4,3.9,59.6,0.0,0,"Ringold, Franklin County",300021,Ringold,2017-12-08 12:14:46.210473
2010-05-29,23:45,46.2,,44.2,92.4,0.0,S@3.4,4.6,59.6,0.0,0,"Ringold, Franklin County",300021,Ringold,2017-12-08 12:14:46.210473
2010-05-29,24:00,46.9,,44.3,90.8,0.0,S@3.8,6.4,59.6,0.0,0,"Ringold, Franklin County",300021,Ringold,2017-12-08 12:14:46.210473
