Date,Time PST,Air Temp °F, 2<sup>nd</sup> Air Temp °F, Dew Point °F, Rel Hum %, Leaf Wet u., Wind Dir @ Speed mph, Wind Gust mph, 8 in. Soil Tmp °F, Tot Prec in, Solar Rad W/m²,Location,Station ID,Station Name,Download Timestamp
2013-08-07,00:15,57.2,57.5,55.4,93.7,1.0,NW@0.1,1.7,79.8,0.0,0,"St. Paul South, Marion County",810305,St. Paul South,2017-11-21 15:24:50.440369
2013-08-07,00:30,56.8,57.0,55.2,94.1,1.0,W@0.0,1.4,79.7,0.0,0,"St. Paul South, Marion County",810305,St. Paul South,2017-11-21 15:24:50.440369
2013-08-07,00:45,56.3,56.5,54.7,94.5,1.0,N@0.0,0.0,79.7,0.0,0,"St. Paul South, Marion County",810305,St. Paul South,2017-11-21 15:24:50.440369
2013-08-07,01:00,56.0,56.3,54.5,94.6,1.0,N@0.1,1.7,79.5,0.0,0,"St. Paul South, Marion County",810305,St. Paul South,2017-11-21 15:24:50.440369
2013-08-07,01:15,55.6,55.9,54.1,94.4,1.0,W@0.7,3.5,79.4,0.0,0,"St. Paul South, Marion County",810305,St. Paul South,2017-11-21 15:24:50.440369
2013-08-07,01:30,55.5,56.0,54.3,95.4,1.0,NW@2.6,4.2,79.3,0.0,0,"St. Paul South, Marion County",810305,St. Paul South,2017-11-21 15:24:50.440369
2013-08-07,01:45,55.7,56.0,54.3,94.8,1.0,NW@1.4,2.4,79.2,0.0,0,"St. Paul South, Marion County",810305,St. Paul South,2017-11-21 15:24:50.440369
2013-08-07,02:00,54.8,54.9,53.4,94.9,1.0,N@0.0,0.0,79.1,0.0,0,"St. Paul South, Marion County",810305,St. Paul South,2017-11-21 15:24:50.440369
2013-08-07,02:15,54.0,54.1,52.7,95.3,1.0,SE@0.1,1.4,79.0,0.0,0,"St. Paul South, Marion County",810305,St. Paul South,2017-11-21 15:24:50.440369
2013-08-07,02:30,53.1,53.3,51.9,95.5,1.0,SW@0.7,2.8,78.9,0.0,0,"St. Paul South, Marion County",810305,St. Paul South,2017-11-21 15:24:50.440369
2013-08-07,02:45,52.4,52.6,51.3,96.0,1.0,W@1.6,3.1,78.8,0.0,0,"St. Paul South, Marion County",810305,St. Paul South,2017-11-21 15:24:50.440369
2013-08-07,03:00,52.3,52.6,51.4,96.5,1.0,SE@1.0,2.8,78.7,0.0,0,"St. Paul South, Marion County",810305,St. Paul South,2017-11-21 15:24:50.440369
2013-08-07,03:15,51.5,51.7,50.6,96.6,1.0,S@1.4,2.4,78.5,0.0,0,"St. Paul South, Marion County",810305,St. Paul South,2017-11-21 15:24:50.440369
2013-08-07,03:30,51.2,51.4,50.3,97.0,1.0,S@2.6,3.5,78.4,0.0,0,"St. Paul South, Marion County",810305,St. Paul South,2017-11-21 15:24:50.440369
2013-08-07,03:45,51.0,51.4,50.4,97.5,1.0,S@2.3,3.5,78.3,0.0,0,"St. Paul South, Marion County",810305,St. Paul South,2017-11-21 15:24:50.440369
2013-08-07,04:00,50.9,51.2,50.2,97.4,1.0,SW@1.8,2.8,78.2,0.0,0,"St. Paul South, Marion County",810305,St. Paul South,2017-11-21 15:24:50.440369
2013-08-07,04:15,50.9,51.2,50.2,97.6,1.0,NW@0.2,2.1,78.1,0.0,0,"St. Paul South, Marion County",810305,St. Paul South,2017-11-21 15:24:50.440369
2013-08-07,04:30,50.8,51.1,50.2,97.6,1.0,N@0.3,2.1,78.0,0.0,0,"St. Paul South, Marion County",810305,St. Paul South,2017-11-21 15:24:50.440369
2013-08-07,04:45,50.1,50.3,49.4,97.4,1.0,S@1.3,3.1,77.8,0.0,0,"St. Paul South, Marion County",810305,St. Paul South,2017-11-21 15:24:50.440369
2013-08-07,05:00,49.7,50.0,49.1,97.8,1.0,NW@1.5,2.8,77.7,0.0,3,"St. Paul South, Marion County",810305,St. Paul South,2017-11-21 15:24:50.440369
2013-08-07,05:15,50.2,50.6,49.7,98.2,1.0,E@1.4,4.2,77.6,0.0,7,"St. Paul South, Marion County",810305,St. Paul South,2017-11-21 15:24:50.440369
2013-08-07,05:30,50.8,51.2,50.4,98.4,1.0,E@1.2,3.9,77.5,0.0,11,"St. Paul South, Marion County",810305,St. Paul South,2017-11-21 15:24:50.440369
2013-08-07,05:45,50.7,51.0,50.2,98.1,1.0,SE@1.7,5.7,77.3,0.0,20,"St. Paul South, Marion County",810305,St. Paul South,2017-11-21 15:24:50.440369
2013-08-07,06:00,52.0,52.6,51.7,98.8,1.0,S@2.8,4.6,77.2,0.0,68,"St. Paul South, Marion County",810305,St. Paul South,2017-11-21 15:24:50.440369
2013-08-07,06:15,54.9,55.1,54.2,97.7,1.0,S@1.8,2.8,77.1,0.0,150,"St. Paul South, Marion County",810305,St. Paul South,2017-11-21 15:24:50.440369
2013-08-07,06:30,56.9,57.3,55.5,94.8,0.36,S@0.2,1.7,76.9,0.0,81,"St. Paul South, Marion County",810305,St. Paul South,2017-11-21 15:24:50.440369
2013-08-07,06:45,57.1,57.0,55.4,93.8,0.69,S@1.1,6.0,76.8,0.0,94,"St. Paul South, Marion County",810305,St. Paul South,2017-11-21 15:24:50.440369
2013-08-07,07:00,57.3,57.3,56.0,95.4,1.0,NW@1.2,3.1,76.7,0.0,107,"St. Paul South, Marion County",810305,St. Paul South,2017-11-21 15:24:50.440369
2013-08-07,07:15,57.9,57.9,56.8,95.8,1.0,NW@0.8,2.4,76.6,0.0,127,"St. Paul South, Marion County",810305,St. Paul South,2017-11-21 15:24:50.440369
2013-08-07,07:30,58.7,58.9,56.8,93.2,0.01,N@1.4,3.5,76.4,0.0,151,"St. Paul South, Marion County",810305,St. Paul South,2017-11-21 15:24:50.440369
2013-08-07,07:45,60.2,60.5,55.5,84.4,0.0,NE@2.3,3.9,76.3,0.0,210,"St. Paul South, Marion County",810305,St. Paul South,2017-11-21 15:24:50.440369
2013-08-07,08:00,62.5,63.0,55.5,77.9,0.0,NE@3.6,6.0,76.2,0.0,563,"St. Paul South, Marion County",810305,St. Paul South,2017-11-21 15:24:50.440369
2013-08-07,08:15,64.8,65.2,55.7,72.3,0.0,NE@4.2,6.7,76.1,0.0,630,"St. Paul South, Marion County",810305,St. Paul South,2017-11-21 15:24:50.440369
2013-08-07,08:30,66.0,66.3,55.6,69.2,0.0,NE@4.8,7.1,76.0,0.0,634,"St. Paul South, Marion County",810305,St. Paul South,2017-11-21 15:24:50.440369
2013-08-07,08:45,67.6,67.9,55.2,64.4,0.0,NE@4.3,7.4,75.9,0.0,570,"St. Paul South, Marion County",810305,St. Paul South,2017-11-21 15:24:50.440369
2013-08-07,09:00,69.7,69.9,55.3,60.1,0.0,NE@3.0,5.3,75.9,0.0,683,"St. Paul South, Marion County",810305,St. Paul South,2017-11-21 15:24:50.440369
2013-08-07,09:15,70.7,70.9,54.9,57.3,0.0,NE@4.6,8.5,75.8,0.0,723,"St. Paul South, Marion County",810305,St. Paul South,2017-11-21 15:24:50.440369
2013-08-07,09:30,71.1,71.5,55.6,57.8,0.0,NE@5.6,10.3,75.8,0.0,747,"St. Paul South, Marion County",810305,St. Paul South,2017-11-21 15:24:50.440369
2013-08-07,09:45,72.9,73.5,55.5,54.2,0.0,N@3.9,7.4,75.8,0.0,798,"St. Paul South, Marion County",810305,St. Paul South,2017-11-21 15:24:50.440369
2013-08-07,10:00,74.8,74.9,55.2,50.6,0.0,N@2.1,4.6,75.8,0.0,737,"St. Paul South, Marion County",810305,St. Paul South,2017-11-21 15:24:50.440369
2013-08-07,10:15,75.1,74.6,55.8,51.2,0.0,SW@2.9,6.0,75.8,0.0,721,"St. Paul South, Marion County",810305,St. Paul South,2017-11-21 15:24:50.440369
2013-08-07,10:30,76.1,76.0,55.3,48.4,0.0,E@2.0,4.6,75.8,0.0,716,"St. Paul South, Marion County",810305,St. Paul South,2017-11-21 15:24:50.440369
2013-08-07,10:45,76.6,76.5,56.0,48.8,0.0,NW@2.9,6.0,75.9,0.0,681,"St. Paul South, Marion County",810305,St. Paul South,2017-11-21 15:24:50.440369
2013-08-07,11:00,76.9,76.7,55.7,47.8,0.0,W@4.0,6.7,75.9,0.0,924,"St. Paul South, Marion County",810305,St. Paul South,2017-11-21 15:24:50.440369
2013-08-07,11:15,78.4,77.8,53.8,42.5,0.0,W@2.6,6.0,76.0,0.0,759,"St. Paul South, Marion County",810305,St. Paul South,2017-11-21 15:24:50.440369
2013-08-07,11:30,78.4,78.3,55.7,45.6,0.0,W@3.9,8.5,76.1,0.0,630,"St. Paul South, Marion County",810305,St. Paul South,2017-11-21 15:24:50.440369
2013-08-07,11:45,77.5,77.1,57.1,49.4,0.0,SW@5.0,10.3,76.2,0.0,834,"St. Paul South, Marion County",810305,St. Paul South,2017-11-21 15:24:50.440369
2013-08-07,12:00,78.6,78.4,57.4,48.1,0.0,W@4.4,8.5,76.4,0.0,934,"St. Paul South, Marion County",810305,St. Paul South,2017-11-21 15:24:50.440369
2013-08-07,12:15,79.3,78.8,55.9,44.5,0.0,SW@3.2,6.7,76.5,0.0,820,"St. Paul South, Marion County",810305,St. Paul South,2017-11-21 15:24:50.440369
2013-08-07,12:30,79.8,79.5,56.1,44.2,0.0,W@4.0,7.8,76.7,0.0,941,"St. Paul South, Marion County",810305,St. Paul South,2017-11-21 15:24:50.440369
2013-08-07,12:45,80.7,80.4,56.1,42.9,0.0,W@4.6,8.5,76.9,0.0,791,"St. Paul South, Marion County",810305,St. Paul South,2017-11-21 15:24:50.440369
2013-08-07,13:00,79.6,79.1,56.7,45.5,0.0,SW@5.7,10.3,77.0,0.0,457,"St. Paul South, Marion County",810305,St. Paul South,2017-11-21 15:24:50.440369
2013-08-07,13:15,80.1,80.0,57.0,45.2,0.0,SW@6.0,11.0,77.2,0.0,923,"St. Paul South, Marion County",810305,St. Paul South,2017-11-21 15:24:50.440369
2013-08-07,13:30,80.2,79.9,56.5,44.2,0.0,SW@6.1,10.3,77.4,0.0,704,"St. Paul South, Marion County",810305,St. Paul South,2017-11-21 15:24:50.440369
2013-08-07,13:45,79.8,79.7,56.6,45.0,0.0,SW@6.0,11.0,77.6,0.0,743,"St. Paul South, Marion County",810305,St. Paul South,2017-11-21 15:24:50.440369
2013-08-07,14:00,79.9,79.8,55.6,43.2,0.0,SW@5.8,8.9,77.7,0.0,498,"St. Paul South, Marion County",810305,St. Paul South,2017-11-21 15:24:50.440369
2013-08-07,14:15,80.2,80.3,53.7,39.9,0.0,SW@6.3,9.2,77.9,0.0,794,"St. Paul South, Marion County",810305,St. Paul South,2017-11-21 15:24:50.440369
2013-08-07,14:30,81.0,80.9,52.2,36.8,0.0,SW@5.7,8.9,78.1,0.0,518,"St. Paul South, Marion County",810305,St. Paul South,2017-11-21 15:24:50.440369
2013-08-07,14:45,79.7,79.5,52.7,39.1,0.0,SW@5.6,10.3,78.2,0.0,397,"St. Paul South, Marion County",810305,St. Paul South,2017-11-21 15:24:50.440369
2013-08-07,15:00,79.8,79.9,53.4,40.0,0.0,SW@5.7,9.6,78.4,0.0,528,"St. Paul South, Marion County",810305,St. Paul South,2017-11-21 15:24:50.440369
2013-08-07,15:15,80.9,80.8,52.9,37.9,0.0,SW@5.3,10.3,78.5,0.0,552,"St. Paul South, Marion County",810305,St. Paul South,2017-11-21 15:24:50.440369
2013-08-07,15:30,82.1,81.9,54.3,38.4,0.0,SW@5.4,9.9,78.7,0.0,569,"St. Paul South, Marion County",810305,St. Paul South,2017-11-21 15:24:50.440369
2013-08-07,15:45,82.6,82.4,54.3,37.8,0.0,SW@5.8,10.3,78.8,0.0,562,"St. Paul South, Marion County",810305,St. Paul South,2017-11-21 15:24:50.440369
2013-08-07,16:00,80.4,80.0,55.8,42.8,0.0,SW@6.6,10.7,78.9,0.0,288,"St. Paul South, Marion County",810305,St. Paul South,2017-11-21 15:24:50.440369
2013-08-07,16:15,79.0,78.9,55.4,44.1,0.0,SW@7.8,11.4,79.0,0.0,419,"St. Paul South, Marion County",810305,St. Paul South,2017-11-21 15:24:50.440369
2013-08-07,16:30,80.0,80.1,55.6,43.1,0.0,W@6.4,10.7,79.1,0.0,438,"St. Paul South, Marion County",810305,St. Paul South,2017-11-21 15:24:50.440369
2013-08-07,16:45,79.9,79.9,55.1,42.4,0.0,SW@6.4,9.6,79.2,0.0,388,"St. Paul South, Marion County",810305,St. Paul South,2017-11-21 15:24:50.440369
2013-08-07,17:00,79.4,79.2,55.8,44.3,0.0,SW@6.7,10.3,79.2,0.0,373,"St. Paul South, Marion County",810305,St. Paul South,2017-11-21 15:24:50.440369
2013-08-07,17:15,78.3,78.1,55.7,45.6,0.0,W@6.5,9.9,79.3,0.0,329,"St. Paul South, Marion County",810305,St. Paul South,2017-11-21 15:24:50.440369
2013-08-07,17:30,78.2,78.0,56.6,47.4,0.0,SW@4.8,8.2,79.4,0.0,264,"St. Paul South, Marion County",810305,St. Paul South,2017-11-21 15:24:50.440369
2013-08-07,17:45,77.0,76.8,55.2,46.9,0.0,SW@6.1,10.3,79.4,0.0,233,"St. Paul South, Marion County",810305,St. Paul South,2017-11-21 15:24:50.440369
2013-08-07,18:00,76.3,76.1,57.1,51.3,0.0,S@6.3,10.7,79.5,0.0,215,"St. Paul South, Marion County",810305,St. Paul South,2017-11-21 15:24:50.440369
2013-08-07,18:15,73.9,73.6,56.9,55.2,0.0,S@5.7,9.9,79.5,0.0,108,"St. Paul South, Marion County",810305,St. Paul South,2017-11-21 15:24:50.440369
2013-08-07,18:30,70.9,70.8,56.0,59.3,0.0,S@6.1,11.0,79.5,0.0,40,"St. Paul South, Marion County",810305,St. Paul South,2017-11-21 15:24:50.440369
2013-08-07,18:45,69.1,69.1,55.3,61.4,0.0,S@5.6,9.9,79.6,0.0,27,"St. Paul South, Marion County",810305,St. Paul South,2017-11-21 15:24:50.440369
2013-08-07,19:00,68.7,68.9,54.6,60.8,0.0,SW@6.0,11.7,79.6,0.0,26,"St. Paul South, Marion County",810305,St. Paul South,2017-11-21 15:24:50.440369
2013-08-07,19:15,68.4,68.5,54.7,61.7,0.0,SW@5.5,9.2,79.6,0.0,17,"St. Paul South, Marion County",810305,St. Paul South,2017-11-21 15:24:50.440369
2013-08-07,19:30,67.8,68.0,55.0,63.4,0.0,SW@5.1,9.6,79.6,0.0,6,"St. Paul South, Marion County",810305,St. Paul South,2017-11-21 15:24:50.440369
2013-08-07,19:45,67.4,67.6,54.6,63.3,0.0,SW@5.2,10.3,79.6,0.0,2,"St. Paul South, Marion County",810305,St. Paul South,2017-11-21 15:24:50.440369
2013-08-07,20:00,66.1,66.0,55.2,67.8,0.0,S@3.0,5.3,79.6,0.0,0,"St. Paul South, Marion County",810305,St. Paul South,2017-11-21 15:24:50.440369
2013-08-07,20:15,64.3,64.3,55.6,73.2,0.0,SW@2.2,3.9,79.6,0.0,0,"St. Paul South, Marion County",810305,St. Paul South,2017-11-21 15:24:50.440369
2013-08-07,20:30,63.1,62.9,56.0,77.7,0.0,W@1.4,3.5,79.5,0.0,0,"St. Paul South, Marion County",810305,St. Paul South,2017-11-21 15:24:50.440369
2013-08-07,20:45,61.9,61.8,56.2,81.6,0.0,W@1.2,2.8,79.5,0.0,0,"St. Paul South, Marion County",810305,St. Paul South,2017-11-21 15:24:50.440369
2013-08-07,21:00,61.1,61.2,56.3,84.0,0.0,W@1.4,3.5,79.4,0.0,0,"St. Paul South, Marion County",810305,St. Paul South,2017-11-21 15:24:50.440369
2013-08-07,21:15,61.1,61.4,56.0,83.2,0.0,W@1.9,3.1,79.4,0.0,0,"St. Paul South, Marion County",810305,St. Paul South,2017-11-21 15:24:50.440369
2013-08-07,21:30,60.3,60.3,55.8,85.1,0.0,SW@1.0,2.8,79.3,0.0,0,"St. Paul South, Marion County",810305,St. Paul South,2017-11-21 15:24:50.440369
2013-08-07,21:45,58.8,58.9,55.5,88.6,0.0,SW@1.8,3.5,79.3,0.0,0,"St. Paul South, Marion County",810305,St. Paul South,2017-11-21 15:24:50.440369
2013-08-07,22:00,58.4,58.7,55.3,89.5,0.0,W@2.3,3.9,79.2,0.0,0,"St. Paul South, Marion County",810305,St. Paul South,2017-11-21 15:24:50.440369
2013-08-07,22:15,58.9,59.5,55.2,87.4,0.0,NW@3.0,5.7,79.1,0.0,0,"St. Paul South, Marion County",810305,St. Paul South,2017-11-21 15:24:50.440369
2013-08-07,22:30,59.3,59.6,55.1,86.0,0.0,NE@1.6,3.5,79.0,0.0,0,"St. Paul South, Marion County",810305,St. Paul South,2017-11-21 15:24:50.440369
2013-08-07,22:45,58.5,58.5,55.1,88.5,0.0,SE@0.8,3.5,79.0,0.0,0,"St. Paul South, Marion County",810305,St. Paul South,2017-11-21 15:24:50.440369
2013-08-07,23:00,57.1,57.3,54.8,91.9,0.0,S@3.0,4.2,78.9,0.0,0,"St. Paul South, Marion County",810305,St. Paul South,2017-11-21 15:24:50.440369
2013-08-08,23:15,56.7,56.9,54.7,92.8,0.62,SW@2.0,3.5,78.8,0.0,0,"St. Paul South, Marion County",810305,St. Paul South,2017-11-21 15:24:50.440369
2013-08-08,23:30,56.4,56.8,54.5,93.0,1.0,SW@2.3,4.6,78.7,0.0,0,"St. Paul South, Marion County",810305,St. Paul South,2017-11-21 15:24:50.440369
2013-08-08,23:45,56.0,56.2,54.1,93.1,1.0,S@0.7,2.8,78.6,0.0,0,"St. Paul South, Marion County",810305,St. Paul South,2017-11-21 15:24:50.440369
2013-08-08,24:00,55.4,55.6,53.8,94.0,1.0,SW@0.3,1.7,78.5,0.0,0,"St. Paul South, Marion County",810305,St. Paul South,2017-11-21 15:24:50.440369
2013-08-08,00:15,55.2,55.5,53.8,94.8,1.0,SW@0.8,2.8,78.4,0.0,0,"St. Paul South, Marion County",810305,St. Paul South,2017-11-21 15:24:50.440369
2013-08-08,00:30,55.2,55.6,54.0,95.5,1.0,S@1.2,2.8,78.3,0.0,0,"St. Paul South, Marion County",810305,St. Paul South,2017-11-21 15:24:50.440369
2013-08-08,00:45,55.3,55.6,54.1,95.6,1.0,S@0.3,1.7,78.2,0.0,0,"St. Paul South, Marion County",810305,St. Paul South,2017-11-21 15:24:50.440369
2013-08-08,01:00,55.0,55.3,53.8,95.6,1.0,S@1.1,2.4,78.1,0.0,0,"St. Paul South, Marion County",810305,St. Paul South,2017-11-21 15:24:50.440369
2013-08-08,01:15,54.9,55.2,53.8,96.1,1.0,S@2.4,3.5,78.0,0.0,0,"St. Paul South, Marion County",810305,St. Paul South,2017-11-21 15:24:50.440369
2013-08-08,01:30,55.1,55.6,54.1,96.3,1.0,SE@2.2,3.5,77.9,0.0,0,"St. Paul South, Marion County",810305,St. Paul South,2017-11-21 15:24:50.440369
2013-08-08,01:45,55.2,55.6,54.1,95.9,1.0,S@1.7,3.5,77.8,0.0,0,"St. Paul South, Marion County",810305,St. Paul South,2017-11-21 15:24:50.440369
2013-08-08,02:00,55.0,55.3,53.8,95.8,1.0,SW@1.3,3.1,77.7,0.0,0,"St. Paul South, Marion County",810305,St. Paul South,2017-11-21 15:24:50.440369
2013-08-08,02:15,54.9,55.3,53.8,96.0,1.0,S@2.5,4.2,77.6,0.0,0,"St. Paul South, Marion County",810305,St. Paul South,2017-11-21 15:24:50.440369
2013-08-08,02:30,55.3,55.9,54.2,95.8,1.0,S@2.6,4.6,77.5,0.0,0,"St. Paul South, Marion County",810305,St. Paul South,2017-11-21 15:24:50.440369
2013-08-08,02:45,55.9,56.5,54.3,94.5,0.31,S@3.5,5.7,77.4,0.0,0,"St. Paul South, Marion County",810305,St. Paul South,2017-11-21 15:24:50.440369
2013-08-08,03:00,56.3,56.9,54.2,92.8,0.0,S@3.7,6.4,77.3,0.0,0,"St. Paul South, Marion County",810305,St. Paul South,2017-11-21 15:24:50.440369
2013-08-08,03:15,56.4,56.9,54.0,91.8,0.0,S@3.5,5.7,77.2,0.0,0,"St. Paul South, Marion County",810305,St. Paul South,2017-11-21 15:24:50.440369
2013-08-08,03:30,56.5,56.9,53.9,91.2,0.0,S@3.2,4.9,77.1,0.0,0,"St. Paul South, Marion County",810305,St. Paul South,2017-11-21 15:24:50.440369
2013-08-08,03:45,56.5,57.0,53.9,91.1,0.0,S@3.5,5.3,77.0,0.0,0,"St. Paul South, Marion County",810305,St. Paul South,2017-11-21 15:24:50.440369
2013-08-08,04:00,56.4,56.8,53.9,91.0,0.0,S@3.2,6.4,76.9,0.0,0,"St. Paul South, Marion County",810305,St. Paul South,2017-11-21 15:24:50.440369
2013-08-08,04:15,56.2,56.6,53.7,91.2,0.0,SW@2.9,5.3,76.7,0.0,0,"St. Paul South, Marion County",810305,St. Paul South,2017-11-21 15:24:50.440369
2013-08-08,04:30,56.1,56.5,53.6,91.3,0.0,S@2.3,3.5,76.6,0.0,0,"St. Paul South, Marion County",810305,St. Paul South,2017-11-21 15:24:50.440369
2013-08-08,04:45,56.0,56.3,53.8,92.2,0.0,S@0.5,2.4,76.5,0.0,0,"St. Paul South, Marion County",810305,St. Paul South,2017-11-21 15:24:50.440369
2013-08-08,05:00,56.0,56.3,54.0,93.0,0.0,SE@0.5,2.4,76.5,0.0,0,"St. Paul South, Marion County",810305,St. Paul South,2017-11-21 15:24:50.440369
2013-08-08,05:15,55.7,56.1,53.9,93.7,0.0,S@1.6,3.1,76.4,0.0,1,"St. Paul South, Marion County",810305,St. Paul South,2017-11-21 15:24:50.440369
2013-08-08,05:30,55.8,56.3,53.9,93.1,0.0,SE@1.0,2.4,76.3,0.0,2,"St. Paul South, Marion County",810305,St. Paul South,2017-11-21 15:24:50.440369
2013-08-08,05:45,55.9,56.3,53.8,92.6,0.0,SE@1.7,3.5,76.2,0.0,4,"St. Paul South, Marion County",810305,St. Paul South,2017-11-21 15:24:50.440369
2013-08-08,06:00,55.9,56.3,53.8,92.4,0.0,SE@2.1,3.9,76.1,0.0,8,"St. Paul South, Marion County",810305,St. Paul South,2017-11-21 15:24:50.440369
2013-08-08,06:15,56.0,56.4,53.9,92.4,0.0,S@1.9,3.1,76.0,0.0,17,"St. Paul South, Marion County",810305,St. Paul South,2017-11-21 15:24:50.440369
2013-08-08,06:30,56.3,56.7,54.1,92.2,0.0,S@2.7,4.6,75.9,0.0,39,"St. Paul South, Marion County",810305,St. Paul South,2017-11-21 15:24:50.440369
2013-08-08,06:45,56.7,57.3,54.1,90.9,0.0,S@3.5,5.7,75.8,0.0,57,"St. Paul South, Marion County",810305,St. Paul South,2017-11-21 15:24:50.440369
2013-08-08,07:00,57.1,57.6,54.2,89.7,0.0,S@3.8,6.4,75.7,0.0,87,"St. Paul South, Marion County",810305,St. Paul South,2017-11-21 15:24:50.440369
2013-08-08,07:15,57.8,58.3,54.4,88.4,0.0,S@3.7,7.1,75.6,0.0,138,"St. Paul South, Marion County",810305,St. Paul South,2017-11-21 15:24:50.440369
2013-08-08,07:30,58.8,59.3,54.7,86.1,0.0,S@3.8,6.4,75.5,0.0,232,"St. Paul South, Marion County",810305,St. Paul South,2017-11-21 15:24:50.440369
2013-08-08,07:45,59.0,59.3,54.7,85.3,0.0,S@3.5,6.0,75.4,0.0,179,"St. Paul South, Marion County",810305,St. Paul South,2017-11-21 15:24:50.440369
2013-08-08,08:00,59.5,59.8,54.8,84.3,0.0,S@3.5,6.4,75.3,0.0,234,"St. Paul South, Marion County",810305,St. Paul South,2017-11-21 15:24:50.440369
2013-08-08,08:15,61.6,61.6,55.4,80.0,0.0,SW@3.7,6.4,75.3,0.0,653,"St. Paul South, Marion County",810305,St. Paul South,2017-11-21 15:24:50.440369
2013-08-08,08:30,63.3,63.1,55.6,75.9,0.0,SW@3.9,6.0,75.2,0.0,692,"St. Paul South, Marion County",810305,St. Paul South,2017-11-21 15:24:50.440369
2013-08-08,08:45,65.2,64.9,56.2,72.6,0.0,SW@3.3,6.7,75.1,0.0,607,"St. Paul South, Marion County",810305,St. Paul South,2017-11-21 15:24:50.440369
2013-08-08,09:00,66.0,65.4,56.3,70.9,0.0,W@4.1,7.1,75.1,0.0,559,"St. Paul South, Marion County",810305,St. Paul South,2017-11-21 15:24:50.440369
2013-08-08,09:15,64.7,64.5,56.1,73.4,0.0,W@3.9,7.8,75.0,0.0,401,"St. Paul South, Marion County",810305,St. Paul South,2017-11-21 15:24:50.440369
2013-08-08,09:30,65.6,65.4,56.2,71.7,0.0,SW@2.8,6.0,75.0,0.0,675,"St. Paul South, Marion County",810305,St. Paul South,2017-11-21 15:24:50.440369
2013-08-08,09:45,67.5,67.5,56.8,68.5,0.0,N@3.7,7.1,75.0,0.0,718,"St. Paul South, Marion County",810305,St. Paul South,2017-11-21 15:24:50.440369
2013-08-08,10:00,67.5,67.9,57.1,69.1,0.0,N@3.9,6.7,75.0,0.0,731,"St. Paul South, Marion County",810305,St. Paul South,2017-11-21 15:24:50.440369
2013-08-08,10:15,68.6,68.8,57.7,68.1,0.0,NW@5.1,9.9,75.1,0.0,750,"St. Paul South, Marion County",810305,St. Paul South,2017-11-21 15:24:50.440369
2013-08-08,10:30,69.7,70.2,58.0,66.4,0.0,N@5.8,10.3,75.1,0.0,769,"St. Paul South, Marion County",810305,St. Paul South,2017-11-21 15:24:50.440369
2013-08-08,10:45,70.8,71.3,58.7,65.6,0.0,N@5.6,12.8,75.2,0.0,785,"St. Paul South, Marion County",810305,St. Paul South,2017-11-21 15:24:50.440369
2013-08-08,11:00,71.8,72.4,59.0,63.9,0.0,N@5.8,12.4,75.2,0.0,802,"St. Paul South, Marion County",810305,St. Paul South,2017-11-21 15:24:50.440369
2013-08-08,11:15,71.8,72.4,59.0,64.1,0.0,N@6.6,12.1,75.3,0.0,815,"St. Paul South, Marion County",810305,St. Paul South,2017-11-21 15:24:50.440369
2013-08-08,11:30,72.6,73.0,59.4,63.1,0.0,N@6.8,13.5,75.4,0.0,811,"St. Paul South, Marion County",810305,St. Paul South,2017-11-21 15:24:50.440369
2013-08-08,11:45,72.0,72.5,59.3,64.2,0.0,N@7.1,13.2,75.5,0.0,811,"St. Paul South, Marion County",810305,St. Paul South,2017-11-21 15:24:50.440369
2013-08-08,12:00,73.7,74.2,59.4,60.9,0.0,N@5.2,10.3,75.7,0.0,796,"St. Paul South, Marion County",810305,St. Paul South,2017-11-21 15:24:50.440369
2013-08-08,12:15,73.8,74.2,59.3,60.6,0.0,N@5.2,11.0,75.8,0.0,846,"St. Paul South, Marion County",810305,St. Paul South,2017-11-21 15:24:50.440369
2013-08-08,12:30,73.9,74.0,59.4,60.5,0.0,N@5.3,11.4,76.0,0.0,837,"St. Paul South, Marion County",810305,St. Paul South,2017-11-21 15:24:50.440369
2013-08-08,12:45,74.2,74.4,58.5,58.1,0.0,E@3.0,8.2,76.1,0.0,761,"St. Paul South, Marion County",810305,St. Paul South,2017-11-21 15:24:50.440369
2013-08-08,13:00,75.3,75.5,59.3,57.6,0.0,NE@4.4,9.2,76.3,0.0,825,"St. Paul South, Marion County",810305,St. Paul South,2017-11-21 15:24:50.440369
2013-08-08,13:15,76.4,76.6,58.6,54.2,0.0,N@3.2,7.8,76.4,0.0,813,"St. Paul South, Marion County",810305,St. Paul South,2017-11-21 15:24:50.440369
2013-08-08,13:30,77.4,77.3,59.4,53.8,0.0,N@4.7,13.9,76.6,0.0,794,"St. Paul South, Marion County",810305,St. Paul South,2017-11-21 15:24:50.440369
2013-08-08,13:45,77.7,78.1,59.8,54.0,0.0,N@4.1,7.4,76.7,0.0,766,"St. Paul South, Marion County",810305,St. Paul South,2017-11-21 15:24:50.440369
2013-08-08,14:00,78.0,78.0,60.2,54.3,0.0,NE@5.0,7.8,76.9,0.0,753,"St. Paul South, Marion County",810305,St. Paul South,2017-11-21 15:24:50.440369
2013-08-08,14:15,78.7,79.0,60.0,52.7,0.0,N@4.6,10.7,77.0,0.0,718,"St. Paul South, Marion County",810305,St. Paul South,2017-11-21 15:24:50.440369
2013-08-08,14:30,79.4,79.7,60.6,52.6,0.0,N@4.9,8.5,77.2,0.0,705,"St. Paul South, Marion County",810305,St. Paul South,2017-11-21 15:24:50.440369
2013-08-08,14:45,79.0,79.1,59.9,51.9,0.0,NE@4.9,8.5,77.3,0.0,544,"St. Paul South, Marion County",810305,St. Paul South,2017-11-21 15:24:50.440369
2013-08-08,15:00,79.4,79.6,60.6,52.6,0.0,NE@4.8,8.2,77.5,0.0,447,"St. Paul South, Marion County",810305,St. Paul South,2017-11-21 15:24:50.440369
2013-08-08,15:15,80.1,80.4,60.0,50.3,0.0,NE@3.9,8.2,77.6,0.0,505,"St. Paul South, Marion County",810305,St. Paul South,2017-11-21 15:24:50.440369
2013-08-08,15:30,80.5,80.8,59.7,49.1,0.0,N@3.2,7.4,77.7,0.0,513,"St. Paul South, Marion County",810305,St. Paul South,2017-11-21 15:24:50.440369
2013-08-08,15:45,81.4,81.4,60.0,48.3,0.0,NE@4.7,8.9,77.8,0.0,598,"St. Paul South, Marion County",810305,St. Paul South,2017-11-21 15:24:50.440369
2013-08-08,16:00,81.8,82.0,59.6,46.9,0.0,N@3.0,7.1,78.0,0.0,545,"St. Paul South, Marion County",810305,St. Paul South,2017-11-21 15:24:50.440369
2013-08-08,16:15,83.5,83.4,59.5,44.2,0.0,N@3.1,8.9,78.0,0.0,500,"St. Paul South, Marion County",810305,St. Paul South,2017-11-21 15:24:50.440369
2013-08-08,16:30,82.2,82.2,59.7,46.4,0.0,NE@4.4,8.5,78.1,0.0,424,"St. Paul South, Marion County",810305,St. Paul South,2017-11-21 15:24:50.440369
2013-08-08,16:45,82.6,82.9,59.5,45.6,0.0,N@5.1,9.9,78.2,0.0,390,"St. Paul South, Marion County",810305,St. Paul South,2017-11-21 15:24:50.440369
2013-08-08,17:00,82.9,83.0,59.8,45.6,0.0,NE@3.9,9.2,78.3,0.0,339,"St. Paul South, Marion County",810305,St. Paul South,2017-11-21 15:24:50.440369
2013-08-08,17:15,82.9,82.8,60.3,46.4,0.0,NE@4.9,7.8,78.4,0.0,297,"St. Paul South, Marion County",810305,St. Paul South,2017-11-21 15:24:50.440369
2013-08-08,17:30,82.8,82.7,60.3,46.5,0.0,E@5.5,8.9,78.5,0.0,211,"St. Paul South, Marion County",810305,St. Paul South,2017-11-21 15:24:50.440369
2013-08-08,17:45,81.1,80.9,61.5,51.3,0.0,E@3.9,6.7,78.5,0.0,84,"St. Paul South, Marion County",810305,St. Paul South,2017-11-21 15:24:50.440369
2013-08-08,18:00,80.3,80.3,63.2,55.9,0.0,NE@2.8,5.7,78.6,0.0,106,"St. Paul South, Marion County",810305,St. Paul South,2017-11-21 15:24:50.440369
2013-08-08,18:15,81.1,81.0,67.1,62.4,0.0,NE@0.8,3.9,78.7,0.0,149,"St. Paul South, Marion County",810305,St. Paul South,2017-11-21 15:24:50.440369
2013-08-08,18:30,81.6,81.7,64.8,56.7,0.0,NE@2.7,5.7,78.7,0.0,134,"St. Paul South, Marion County",810305,St. Paul South,2017-11-21 15:24:50.440369
2013-08-08,18:45,80.3,80.3,61.9,53.4,0.0,NE@4.1,6.4,78.8,0.0,82,"St. Paul South, Marion County",810305,St. Paul South,2017-11-21 15:24:50.440369
2013-08-08,19:00,79.6,79.8,62.2,55.3,0.0,N@4.7,7.4,78.8,0.0,54,"St. Paul South, Marion County",810305,St. Paul South,2017-11-21 15:24:50.440369
2013-08-08,19:15,78.3,78.1,63.4,60.2,0.0,NE@3.1,6.0,78.8,0.0,22,"St. Paul South, Marion County",810305,St. Paul South,2017-11-21 15:24:50.440369
2013-08-08,19:30,75.1,74.1,64.9,70.7,0.0,N@2.3,8.2,78.9,0.0,7,"St. Paul South, Marion County",810305,St. Paul South,2017-11-21 15:24:50.440369
2013-08-08,19:45,73.3,73.2,62.9,70.0,0.0,N@4.2,8.2,78.9,0.0,2,"St. Paul South, Marion County",810305,St. Paul South,2017-11-21 15:24:50.440369
2013-08-08,20:00,75.0,75.1,60.6,60.9,0.0,N@5.5,8.9,78.9,0.0,0,"St. Paul South, Marion County",810305,St. Paul South,2017-11-21 15:24:50.440369
2013-08-08,20:15,74.0,73.9,59.8,61.3,0.0,N@4.2,6.7,78.9,0.0,0,"St. Paul South, Marion County",810305,St. Paul South,2017-11-21 15:24:50.440369
2013-08-08,20:30,72.8,72.7,59.7,63.3,0.0,N@4.1,6.7,78.9,0.0,0,"St. Paul South, Marion County",810305,St. Paul South,2017-11-21 15:24:50.440369
2013-08-08,20:45,72.4,72.5,59.1,62.9,0.0,N@5.0,8.5,78.9,0.0,0,"St. Paul South, Marion County",810305,St. Paul South,2017-11-21 15:24:50.440369
2013-08-08,21:00,72.4,72.6,57.8,60.0,0.0,N@5.8,9.9,78.9,0.0,0,"St. Paul South, Marion County",810305,St. Paul South,2017-11-21 15:24:50.440369
2013-08-08,21:15,71.9,71.9,57.6,60.6,0.0,N@4.4,8.2,78.9,0.0,0,"St. Paul South, Marion County",810305,St. Paul South,2017-11-21 15:24:50.440369
2013-08-08,21:30,71.3,71.4,57.1,60.7,0.0,NW@4.0,9.6,78.9,0.0,0,"St. Paul South, Marion County",810305,St. Paul South,2017-11-21 15:24:50.440369
2013-08-08,21:45,71.1,71.3,56.7,60.2,0.0,NW@4.7,8.2,78.9,0.0,0,"St. Paul South, Marion County",810305,St. Paul South,2017-11-21 15:24:50.440369
2013-08-08,22:00,70.9,71.0,56.3,60.0,0.0,NW@4.7,8.9,78.8,0.0,0,"St. Paul South, Marion County",810305,St. Paul South,2017-11-21 15:24:50.440369
2013-08-08,22:15,70.5,70.7,55.7,59.4,0.0,NW@4.1,8.9,78.8,0.0,0,"St. Paul South, Marion County",810305,St. Paul South,2017-11-21 15:24:50.440369
2013-08-08,22:30,70.2,70.3,55.0,58.6,0.0,NW@3.9,7.8,78.7,0.0,0,"St. Paul South, Marion County",810305,St. Paul South,2017-11-21 15:24:50.440369
2013-08-08,22:45,69.7,69.7,54.7,58.9,0.0,NW@3.4,5.7,78.7,0.0,0,"St. Paul South, Marion County",810305,St. Paul South,2017-11-21 15:24:50.440369
2013-08-08,23:00,69.2,69.2,54.7,60.0,0.0,NW@2.9,6.0,78.6,0.0,0,"St. Paul South, Marion County",810305,St. Paul South,2017-11-21 15:24:50.440369
2013-08-09,23:15,68.7,68.7,55.2,62.1,0.0,N@1.5,3.9,78.6,0.0,0,"St. Paul South, Marion County",810305,St. Paul South,2017-11-21 15:24:50.440369
2013-08-09,23:30,67.4,67.1,57.7,70.9,0.0,NE@1.9,4.2,78.5,0.0,0,"St. Paul South, Marion County",810305,St. Paul South,2017-11-21 15:24:50.440369
2013-08-09,23:45,66.4,66.2,57.5,73.0,0.0,N@1.9,3.9,78.5,0.0,0,"St. Paul South, Marion County",810305,St. Paul South,2017-11-21 15:24:50.440369
2013-08-09,24:00,65.2,65.0,58.3,78.3,0.0,NW@1.7,3.5,78.4,0.0,0,"St. Paul South, Marion County",810305,St. Paul South,2017-11-21 15:24:50.440369
2013-08-09,00:15,64.6,64.9,57.5,77.6,0.0,NW@1.6,3.1,78.4,0.0,0,"St. Paul South, Marion County",810305,St. Paul South,2017-11-21 15:24:50.440369
2013-08-09,00:30,64.3,64.4,57.9,79.6,0.0,NW@0.1,2.8,78.3,0.0,0,"St. Paul South, Marion County",810305,St. Paul South,2017-11-21 15:24:50.440369
2013-08-09,00:45,63.7,63.8,58.3,82.3,0.0,NW@1.0,3.5,78.2,0.0,0,"St. Paul South, Marion County",810305,St. Paul South,2017-11-21 15:24:50.440369
2013-08-09,01:00,63.1,63.2,58.6,85.0,0.0,NW@0.0,1.4,78.2,0.0,0,"St. Paul South, Marion County",810305,St. Paul South,2017-11-21 15:24:50.440369
2013-08-09,01:15,62.5,62.7,58.7,87.4,0.0,S@0.2,2.1,78.1,0.0,0,"St. Paul South, Marion County",810305,St. Paul South,2017-11-21 15:24:50.440369
2013-08-09,01:30,62.1,62.4,58.8,88.9,0.0,SW@0.3,2.1,78.0,0.0,0,"St. Paul South, Marion County",810305,St. Paul South,2017-11-21 15:24:50.440369
2013-08-09,01:45,62.1,62.4,59.0,89.3,0.0,NW@0.7,3.5,78.0,0.0,0,"St. Paul South, Marion County",810305,St. Paul South,2017-11-21 15:24:50.440369
2013-08-09,02:00,62.0,62.4,58.5,88.3,0.0,NW@2.2,3.9,77.9,0.0,0,"St. Paul South, Marion County",810305,St. Paul South,2017-11-21 15:24:50.440369
2013-08-09,02:15,62.2,62.4,58.3,87.0,0.0,NW@1.0,2.8,77.8,0.0,0,"St. Paul South, Marion County",810305,St. Paul South,2017-11-21 15:24:50.440369
2013-08-09,02:30,61.4,61.5,58.4,89.9,0.0,SW@0.0,1.4,77.8,0.0,0,"St. Paul South, Marion County",810305,St. Paul South,2017-11-21 15:24:50.440369
2013-08-09,02:45,60.6,60.6,58.1,91.4,0.15,SE@0.7,3.9,77.7,0.0,0,"St. Paul South, Marion County",810305,St. Paul South,2017-11-21 15:24:50.440369
2013-08-09,03:00,59.5,59.6,57.5,93.0,1.0,S@0.1,1.7,77.6,0.0,0,"St. Paul South, Marion County",810305,St. Paul South,2017-11-21 15:24:50.440369
2013-08-09,03:15,58.6,58.7,56.9,93.9,1.0,NW@0.1,2.1,77.6,0.0,0,"St. Paul South, Marion County",810305,St. Paul South,2017-11-21 15:24:50.440369
2013-08-09,03:30,58.0,58.3,56.7,95.0,1.0,NW@0.6,2.8,77.5,0.0,0,"St. Paul South, Marion County",810305,St. Paul South,2017-11-21 15:24:50.440369
2013-08-09,03:45,58.2,58.6,57.0,95.8,1.0,NW@0.8,2.8,77.4,0.0,0,"St. Paul South, Marion County",810305,St. Paul South,2017-11-21 15:24:50.440369
2013-08-09,04:00,58.6,58.9,57.5,96.1,1.0,E@1.0,2.8,77.4,0.0,0,"St. Paul South, Marion County",810305,St. Paul South,2017-11-21 15:24:50.440369
2013-08-09,04:15,58.3,58.7,57.3,96.3,1.0,W@1.4,3.1,77.3,0.0,0,"St. Paul South, Marion County",810305,St. Paul South,2017-11-21 15:24:50.440369
2013-08-09,04:30,58.2,58.6,57.3,96.6,1.0,W@0.7,2.1,77.2,0.0,0,"St. Paul South, Marion County",810305,St. Paul South,2017-11-21 15:24:50.440369
2013-08-09,04:45,58.4,58.9,57.6,96.8,1.0,N@0.0,0.0,77.1,0.0,0,"St. Paul South, Marion County",810305,St. Paul South,2017-11-21 15:24:50.440369
2013-08-09,05:00,58.2,58.6,57.3,96.6,1.0,N@0.0,0.0,77.0,0.0,0,"St. Paul South, Marion County",810305,St. Paul South,2017-11-21 15:24:50.440369
2013-08-09,05:15,57.9,58.2,57.0,96.7,1.0,N@0.0,0.0,77.0,0.0,3,"St. Paul South, Marion County",810305,St. Paul South,2017-11-21 15:24:50.440369
2013-08-09,05:30,57.9,58.3,57.1,97.0,1.0,N@0.0,0.0,76.9,0.0,9,"St. Paul South, Marion County",810305,St. Paul South,2017-11-21 15:24:50.440369
2013-08-09,05:45,58.7,59.1,58.0,97.4,1.0,N@0.7,2.4,76.8,0.0,20,"St. Paul South, Marion County",810305,St. Paul South,2017-11-21 15:24:50.440369
2013-08-09,06:00,59.1,59.6,58.4,97.4,1.0,W@0.1,1.7,76.7,0.0,28,"St. Paul South, Marion County",810305,St. Paul South,2017-11-21 15:24:50.440369
2013-08-09,06:15,59.6,60.1,58.8,97.1,1.0,NE@0.0,1.4,76.6,0.0,31,"St. Paul South, Marion County",810305,St. Paul South,2017-11-21 15:24:50.440369
2013-08-09,06:30,60.2,60.9,59.1,96.2,0.79,NE@1.0,3.9,76.6,0.0,49,"St. Paul South, Marion County",810305,St. Paul South,2017-11-21 15:24:50.440369
2013-08-09,06:45,61.9,62.8,57.5,85.4,0.0,NE@3.1,4.9,76.5,0.0,69,"St. Paul South, Marion County",810305,St. Paul South,2017-11-21 15:24:50.440369
2013-08-09,07:00,62.8,63.4,56.5,79.6,0.0,NE@3.1,4.9,76.4,0.0,76,"St. Paul South, Marion County",810305,St. Paul South,2017-11-21 15:24:50.440369
2013-08-09,07:15,63.2,63.6,55.6,76.4,0.0,N@2.8,4.2,76.3,0.0,91,"St. Paul South, Marion County",810305,St. Paul South,2017-11-21 15:24:50.440369
2013-08-09,07:30,63.4,63.7,56.0,77.0,0.0,N@3.4,4.6,76.2,0.0,109,"St. Paul South, Marion County",810305,St. Paul South,2017-11-21 15:24:50.440369
2013-08-09,07:45,63.6,64.0,56.2,76.7,0.0,N@2.9,4.6,76.1,0.0,139,"St. Paul South, Marion County",810305,St. Paul South,2017-11-21 15:24:50.440369
2013-08-09,08:00,64.3,64.6,56.6,75.9,0.0,NW@2.6,5.3,76.1,0.0,156,"St. Paul South, Marion County",810305,St. Paul South,2017-11-21 15:24:50.440369
2013-08-09,08:15,64.8,65.0,56.4,74.3,0.0,W@3.1,5.7,76.0,0.0,204,"St. Paul South, Marion County",810305,St. Paul South,2017-11-21 15:24:50.440369
2013-08-09,08:30,65.5,65.6,55.6,70.3,0.0,NW@1.4,4.2,75.9,0.0,198,"St. Paul South, Marion County",810305,St. Paul South,2017-11-21 15:24:50.440369
2013-08-09,08:45,65.8,66.0,55.2,68.5,0.0,NE@2.4,4.9,75.9,0.0,224,"St. Paul South, Marion County",810305,St. Paul South,2017-11-21 15:24:50.440369
2013-08-09,09:00,66.1,66.4,55.3,68.2,0.0,NE@4.6,6.7,75.8,0.0,227,"St. Paul South, Marion County",810305,St. Paul South,2017-11-21 15:24:50.440369
2013-08-09,09:15,66.3,66.6,55.3,67.6,0.0,NE@3.6,5.7,75.8,0.0,189,"St. Paul South, Marion County",810305,St. Paul South,2017-11-21 15:24:50.440369
2013-08-09,09:30,66.6,66.8,55.3,66.9,0.0,NE@3.2,5.3,75.7,0.0,183,"St. Paul South, Marion County",810305,St. Paul South,2017-11-21 15:24:50.440369
2013-08-09,09:45,67.5,67.8,54.4,62.7,0.0,NE@1.2,3.1,75.7,0.0,286,"St. Paul South, Marion County",810305,St. Paul South,2017-11-21 15:24:50.440369
2013-08-09,10:00,68.6,68.7,54.7,61.2,0.0,NE@1.3,3.9,75.6,0.0,389,"St. Paul South, Marion County",810305,St. Paul South,2017-11-21 15:24:50.440369
2013-08-09,10:15,69.3,69.2,55.2,60.7,0.0,SE@1.6,3.9,75.6,0.0,362,"St. Paul South, Marion County",810305,St. Paul South,2017-11-21 15:24:50.440369
2013-08-09,10:30,69.7,69.5,55.7,61.0,0.0,SW@1.4,3.1,75.6,0.0,337,"St. Paul South, Marion County",810305,St. Paul South,2017-11-21 15:24:50.440369
2013-08-09,10:45,70.5,70.3,55.8,59.5,0.0,S@0.8,3.1,75.6,0.0,390,"St. Paul South, Marion County",810305,St. Paul South,2017-11-21 15:24:50.440369
2013-08-09,11:00,71.3,71.1,55.8,57.9,0.0,S@2.0,4.2,75.6,0.0,532,"St. Paul South, Marion County",810305,St. Paul South,2017-11-21 15:24:50.440369
2013-08-09,11:15,72.7,72.4,55.7,55.0,0.0,W@2.0,4.6,75.6,0.0,640,"St. Paul South, Marion County",810305,St. Paul South,2017-11-21 15:24:50.440369
2013-08-09,11:30,73.2,72.8,55.8,54.5,0.0,W@2.3,5.7,75.5,0.0,713,"St. Paul South, Marion County",810305,St. Paul South,2017-11-21 15:24:50.440369
2013-08-09,11:45,75.4,75.3,56.2,51.3,0.0,NW@2.7,6.4,75.6,0.0,731,"St. Paul South, Marion County",810305,St. Paul South,2017-11-21 15:24:50.440369
2013-08-09,12:00,75.1,75.4,55.9,51.3,0.0,N@4.7,7.4,75.6,0.0,789,"St. Paul South, Marion County",810305,St. Paul South,2017-11-21 15:24:50.440369
2013-08-09,12:15,75.1,75.2,56.3,52.0,0.0,NE@3.8,6.7,75.6,0.0,758,"St. Paul South, Marion County",810305,St. Paul South,2017-11-21 15:24:50.440369
2013-08-09,12:30,76.5,76.9,55.9,48.9,0.0,NE@3.4,6.4,75.7,0.0,820,"St. Paul South, Marion County",810305,St. Paul South,2017-11-21 15:24:50.440369
2013-08-09,12:45,77.4,77.9,56.3,48.1,0.0,N@5.3,9.6,75.7,0.0,740,"St. Paul South, Marion County",810305,St. Paul South,2017-11-21 15:24:50.440369
2013-08-09,13:00,78.1,78.5,57.0,48.3,0.0,N@4.4,8.2,75.8,0.0,597,"St. Paul South, Marion County",810305,St. Paul South,2017-11-21 15:24:50.440369
2013-08-09,13:15,78.0,78.1,57.0,48.4,0.0,NW@3.7,7.8,75.9,0.0,467,"St. Paul South, Marion County",810305,St. Paul South,2017-11-21 15:24:50.440369
2013-08-09,13:30,78.6,78.9,56.9,47.3,0.0,N@4.6,9.6,76.0,0.0,831,"St. Paul South, Marion County",810305,St. Paul South,2017-11-21 15:24:50.440369
2013-08-09,13:45,79.4,79.7,57.2,46.6,0.0,N@4.4,10.3,76.1,0.0,760,"St. Paul South, Marion County",810305,St. Paul South,2017-11-21 15:24:50.440369
2013-08-09,14:00,80.5,80.6,57.7,45.8,0.0,N@4.4,9.9,76.3,0.0,752,"St. Paul South, Marion County",810305,St. Paul South,2017-11-21 15:24:50.440369
2013-08-09,14:15,80.3,80.5,57.1,45.1,0.0,NE@3.8,9.9,76.4,0.0,735,"St. Paul South, Marion County",810305,St. Paul South,2017-11-21 15:24:50.440369
2013-08-09,14:30,81.1,81.4,57.3,44.1,0.0,NW@3.0,7.1,76.5,0.0,704,"St. Paul South, Marion County",810305,St. Paul South,2017-11-21 15:24:50.440369
2013-08-09,14:45,81.7,81.5,57.8,44.2,0.0,N@3.4,6.4,76.6,0.0,670,"St. Paul South, Marion County",810305,St. Paul South,2017-11-21 15:24:50.440369
2013-08-09,15:00,82.3,82.6,58.1,43.8,0.0,N@3.1,8.2,76.7,0.0,641,"St. Paul South, Marion County",810305,St. Paul South,2017-11-21 15:24:50.440369
2013-08-09,15:15,82.9,82.8,58.0,42.9,0.0,NW@3.4,7.4,76.9,0.0,609,"St. Paul South, Marion County",810305,St. Paul South,2017-11-21 15:24:50.440369
2013-08-09,15:30,83.8,83.6,58.5,42.2,0.0,SW@3.7,7.4,77.0,0.0,584,"St. Paul South, Marion County",810305,St. Paul South,2017-11-21 15:24:50.440369
2013-08-09,15:45,83.6,83.5,58.6,42.7,0.0,SW@2.9,6.0,77.1,0.0,545,"St. Paul South, Marion County",810305,St. Paul South,2017-11-21 15:24:50.440369
2013-08-09,16:00,83.2,82.9,59.3,44.4,0.0,SW@4.5,7.4,77.2,0.0,411,"St. Paul South, Marion County",810305,St. Paul South,2017-11-21 15:24:50.440369
2013-08-09,16:15,83.7,83.4,59.3,43.7,0.0,S@3.5,7.8,77.4,0.0,504,"St. Paul South, Marion County",810305,St. Paul South,2017-11-21 15:24:50.440369
2013-08-09,16:30,83.3,83.1,60.4,45.9,0.0,S@4.2,8.2,77.5,0.0,430,"St. Paul South, Marion County",810305,St. Paul South,2017-11-21 15:24:50.440369
2013-08-09,16:45,82.7,82.5,59.5,45.5,0.0,SE@3.0,6.0,77.6,0.0,271,"St. Paul South, Marion County",810305,St. Paul South,2017-11-21 15:24:50.440369
2013-08-09,17:00,81.0,80.7,61.2,51.0,0.0,SE@3.2,5.7,77.7,0.0,154,"St. Paul South, Marion County",810305,St. Paul South,2017-11-21 15:24:50.440369
2013-08-09,17:15,80.1,80.0,60.0,50.4,0.0,SE@3.1,5.3,77.9,0.0,85,"St. Paul South, Marion County",810305,St. Paul South,2017-11-21 15:24:50.440369
2013-08-09,17:30,79.0,79.0,59.7,51.6,0.0,SE@2.3,4.6,78.0,0.0,36,"St. Paul South, Marion County",810305,St. Paul South,2017-11-21 15:24:50.440369
2013-08-09,17:45,77.7,77.3,62.4,59.4,0.0,E@0.9,2.4,78.1,0.0,20,"St. Paul South, Marion County",810305,St. Paul South,2017-11-21 15:24:50.440369
2013-08-09,18:00,75.2,74.8,63.4,66.6,0.0,NE@1.7,3.9,78.2,0.0,13,"St. Paul South, Marion County",810305,St. Paul South,2017-11-21 15:24:50.440369
2013-08-09,18:15,75.6,75.8,61.3,61.2,0.03,NE@5.2,9.6,78.3,0.0,8,"St. Paul South, Marion County",810305,St. Paul South,2017-11-21 15:24:50.440369
2013-08-09,18:30,76.6,76.8,59.3,55.1,0.72,NE@7.3,10.7,78.3,0.0,6,"St. Paul South, Marion County",810305,St. Paul South,2017-11-21 15:24:50.440369
2013-08-09,18:45,75.5,75.6,59.9,58.4,0.7,E@6.8,10.7,78.4,0.0,5,"St. Paul South, Marion County",810305,St. Paul South,2017-11-21 15:24:50.440369
2013-08-09,19:00,73.7,73.9,60.8,63.9,0.08,E@6.5,9.6,78.5,0.0,6,"St. Paul South, Marion County",810305,St. Paul South,2017-11-21 15:24:50.440369
2013-08-09,19:15,73.4,73.7,60.4,63.8,0.35,NE@5.2,7.4,78.5,0.0,9,"St. Paul South, Marion County",810305,St. Paul South,2017-11-21 15:24:50.440369
2013-08-09,19:30,72.7,72.8,61.5,67.8,0.0,NE@3.3,4.6,78.5,0.0,4,"St. Paul South, Marion County",810305,St. Paul South,2017-11-21 15:24:50.440369
2013-08-09,19:45,71.8,71.6,62.3,71.9,0.0,NW@2.5,4.9,78.5,0.0,1,"St. Paul South, Marion County",810305,St. Paul South,2017-11-21 15:24:50.440369
2013-08-09,20:00,69.9,69.7,63.8,80.9,0.44,W@2.0,4.2,78.6,0.0,0,"St. Paul South, Marion County",810305,St. Paul South,2017-11-21 15:24:50.440369
2013-08-09,20:15,69.3,69.7,63.0,80.5,0.36,SW@4.4,6.4,78.6,0.0,0,"St. Paul South, Marion County",810305,St. Paul South,2017-11-21 15:24:50.440369
2013-08-09,20:30,70.0,70.4,62.5,77.0,0.0,SW@4.0,5.7,78.5,0.0,0,"St. Paul South, Marion County",810305,St. Paul South,2017-11-21 15:24:50.440369
2013-08-09,20:45,70.1,70.4,62.2,76.1,0.0,SW@2.5,6.4,78.5,0.0,0,"St. Paul South, Marion County",810305,St. Paul South,2017-11-21 15:24:50.440369
2013-08-09,21:00,69.0,69.1,62.7,80.2,0.0,NE@1.7,4.2,78.5,0.0,0,"St. Paul South, Marion County",810305,St. Paul South,2017-11-21 15:24:50.440369
2013-08-09,21:15,68.1,67.9,63.1,84.1,0.0,NW@1.7,2.8,78.5,0.0,0,"St. Paul South, Marion County",810305,St. Paul South,2017-11-21 15:24:50.440369
2013-08-09,21:30,66.6,66.6,63.3,89.3,0.0,W@1.3,2.8,78.4,0.0,0,"St. Paul South, Marion County",810305,St. Paul South,2017-11-21 15:24:50.440369
2013-08-09,21:45,65.8,66.0,63.3,91.8,0.0,SW@1.5,3.1,78.4,0.0,0,"St. Paul South, Marion County",810305,St. Paul South,2017-11-21 15:24:50.440369
2013-08-09,22:00,65.4,65.7,63.2,92.6,0.0,SW@0.4,2.4,78.4,0.0,0,"St. Paul South, Marion County",810305,St. Paul South,2017-11-21 15:24:50.440369
2013-08-09,22:15,65.2,65.6,63.2,93.0,0.0,NW@0.9,2.4,78.3,0.0,0,"St. Paul South, Marion County",810305,St. Paul South,2017-11-21 15:24:50.440369
2013-08-09,22:30,64.9,65.2,63.0,93.5,0.51,S@1.2,3.9,78.3,0.0,0,"St. Paul South, Marion County",810305,St. Paul South,2017-11-21 15:24:50.440369
2013-08-09,22:45,64.6,65.1,63.0,94.5,0.96,SW@2.0,3.1,78.2,0.0,0,"St. Paul South, Marion County",810305,St. Paul South,2017-11-21 15:24:50.440369
2013-08-09,23:00,64.6,65.1,63.2,95.0,1.0,S@2.6,3.5,78.2,0.0,0,"St. Paul South, Marion County",810305,St. Paul South,2017-11-21 15:24:50.440369
2013-08-10,23:15,64.3,64.8,62.9,94.9,1.0,SW@1.7,3.1,78.1,0.0,0,"St. Paul South, Marion County",810305,St. Paul South,2017-11-21 15:24:50.440369
2013-08-10,23:30,63.9,64.3,62.4,94.7,1.0,SE@1.4,3.1,78.1,0.0,0,"St. Paul South, Marion County",810305,St. Paul South,2017-11-21 15:24:50.440369
2013-08-10,23:45,63.3,63.6,61.9,95.1,1.0,S@1.0,2.4,78.0,0.0,0,"St. Paul South, Marion County",810305,St. Paul South,2017-11-21 15:24:50.440369
2013-08-10,24:00,62.8,63.0,61.4,95.4,1.0,E@0.2,2.1,78.0,0.0,0,"St. Paul South, Marion County",810305,St. Paul South,2017-11-21 15:24:50.440369
2013-08-10,00:15,62.2,62.4,61.0,95.9,1.0,SW@1.1,6.4,77.9,0.0,0,"St. Paul South, Marion County",810305,St. Paul South,2017-11-21 15:24:50.440369
2013-08-10,00:30,61.7,62.0,60.7,96.6,1.0,S@1.5,3.1,77.8,0.0,0,"St. Paul South, Marion County",810305,St. Paul South,2017-11-21 15:24:50.440369
2013-08-10,00:45,61.1,61.4,60.2,96.9,1.0,SW@1.1,2.4,77.8,0.0,0,"St. Paul South, Marion County",810305,St. Paul South,2017-11-21 15:24:50.440369
2013-08-10,01:00,60.5,60.8,59.7,97.1,1.0,SW@2.1,3.1,77.7,0.0,0,"St. Paul South, Marion County",810305,St. Paul South,2017-11-21 15:24:50.440369
2013-08-10,01:15,60.1,60.4,59.4,97.3,1.0,SW@0.5,2.4,77.6,0.0,0,"St. Paul South, Marion County",810305,St. Paul South,2017-11-21 15:24:50.440369
2013-08-10,01:30,59.7,60.1,59.0,97.4,1.0,W@0.9,2.4,77.6,0.0,0,"St. Paul South, Marion County",810305,St. Paul South,2017-11-21 15:24:50.440369
2013-08-10,01:45,59.4,59.7,58.7,97.5,1.0,SW@0.2,2.4,77.5,0.0,0,"St. Paul South, Marion County",810305,St. Paul South,2017-11-21 15:24:50.440369
2013-08-10,02:00,58.7,59.0,58.0,97.6,1.0,S@1.1,2.1,77.4,0.0,0,"St. Paul South, Marion County",810305,St. Paul South,2017-11-21 15:24:50.440369
2013-08-10,02:15,58.6,59.0,58.0,98.0,1.0,S@1.4,3.1,77.3,0.0,0,"St. Paul South, Marion County",810305,St. Paul South,2017-11-21 15:24:50.440369
2013-08-10,02:30,58.5,58.8,57.9,98.0,1.0,SW@0.4,1.7,77.3,0.0,0,"St. Paul South, Marion County",810305,St. Paul South,2017-11-21 15:24:50.440369
2013-08-10,02:45,58.1,58.4,57.5,97.9,1.0,W@1.3,2.8,77.2,0.0,0,"St. Paul South, Marion County",810305,St. Paul South,2017-11-21 15:24:50.440369
2013-08-10,03:00,57.8,58.1,57.3,98.1,1.0,W@1.4,3.5,77.1,0.0,0,"St. Paul South, Marion County",810305,St. Paul South,2017-11-21 15:24:50.440369
2013-08-10,03:15,57.5,57.9,57.0,98.1,1.0,SW@1.7,2.4,77.0,0.0,0,"St. Paul South, Marion County",810305,St. Paul South,2017-11-21 15:24:50.440369
2013-08-10,03:30,57.2,57.5,56.7,98.1,1.0,W@0.8,2.4,77.0,0.0,0,"St. Paul South, Marion County",810305,St. Paul South,2017-11-21 15:24:50.440369
2013-08-10,03:45,56.6,57.0,56.1,98.1,1.0,S@1.7,2.8,76.9,0.0,0,"St. Paul South, Marion County",810305,St. Paul South,2017-11-21 15:24:50.440369
2013-08-10,04:00,56.1,56.5,55.7,98.2,1.0,S@0.5,2.4,76.8,0.0,0,"St. Paul South, Marion County",810305,St. Paul South,2017-11-21 15:24:50.440369
2013-08-10,04:15,55.6,55.9,55.1,98.2,1.0,S@0.7,2.1,76.7,0.0,0,"St. Paul South, Marion County",810305,St. Paul South,2017-11-21 15:24:50.440369
2013-08-10,04:30,55.1,55.4,54.6,98.2,1.0,S@0.4,1.7,76.6,0.0,0,"St. Paul South, Marion County",810305,St. Paul South,2017-11-21 15:24:50.440369
2013-08-10,04:45,54.8,55.1,54.4,98.5,1.0,S@1.7,3.5,76.6,0.0,0,"St. Paul South, Marion County",810305,St. Paul South,2017-11-21 15:24:50.440369
2013-08-10,05:00,54.5,54.8,54.1,98.5,1.0,SE@0.2,1.7,76.5,0.0,1,"St. Paul South, Marion County",810305,St. Paul South,2017-11-21 15:24:50.440369
2013-08-10,05:15,54.4,54.7,54.0,98.5,1.0,E@0.1,1.7,76.4,0.0,5,"St. Paul South, Marion County",810305,St. Paul South,2017-11-21 15:24:50.440369
2013-08-10,05:30,54.2,54.6,53.8,98.6,1.0,SW@0.1,1.7,76.3,0.0,17,"St. Paul South, Marion County",810305,St. Paul South,2017-11-21 15:24:50.440369
2013-08-10,05:45,55.0,55.1,54.7,98.9,1.0,N@0.0,0.0,76.2,0.0,52,"St. Paul South, Marion County",810305,St. Paul South,2017-11-21 15:24:50.440369
2013-08-10,06:00,56.1,56.2,55.8,98.7,1.0,S@0.1,2.1,76.1,0.0,92,"St. Paul South, Marion County",810305,St. Paul South,2017-11-21 15:24:50.440369
2013-08-10,06:15,57.8,58.1,57.3,98.1,1.0,S@2.3,4.6,76.0,0.0,131,"St. Paul South, Marion County",810305,St. Paul South,2017-11-21 15:24:50.440369
2013-08-10,06:30,59.3,59.6,58.1,95.6,0.7,S@3.3,5.3,75.9,0.0,169,"St. Paul South, Marion County",810305,St. Paul South,2017-11-21 15:24:50.440369
2013-08-10,06:45,60.3,60.4,58.0,92.0,0.0,S@3.5,6.0,75.8,0.0,210,"St. Paul South, Marion County",810305,St. Paul South,2017-11-21 15:24:50.440369
2013-08-10,07:00,61.4,61.2,58.1,89.0,0.0,SW@3.1,5.3,75.7,0.0,252,"St. Paul South, Marion County",810305,St. Paul South,2017-11-21 15:24:50.440369
2013-08-10,07:15,62.1,61.8,58.3,87.4,0.0,W@2.7,4.9,75.6,0.0,296,"St. Paul South, Marion County",810305,St. Paul South,2017-11-21 15:24:50.440369
2013-08-10,07:30,63.4,63.2,58.5,84.0,0.0,SW@3.3,5.7,75.6,0.0,342,"St. Paul South, Marion County",810305,St. Paul South,2017-11-21 15:24:50.440369
2013-08-10,07:45,64.0,63.8,58.4,82.0,0.0,SW@4.1,6.0,75.5,0.0,382,"St. Paul South, Marion County",810305,St. Paul South,2017-11-21 15:24:50.440369
2013-08-10,08:00,64.5,64.3,58.3,80.1,0.0,SW@4.3,8.2,75.4,0.0,424,"St. Paul South, Marion County",810305,St. Paul South,2017-11-21 15:24:50.440369
2013-08-10,08:15,65.3,65.1,58.7,79.1,0.0,SW@4.3,6.7,75.3,0.0,469,"St. Paul South, Marion County",810305,St. Paul South,2017-11-21 15:24:50.440369
2013-08-10,08:30,66.1,66.0,58.7,76.8,0.0,SW@4.0,8.5,75.3,0.0,503,"St. Paul South, Marion County",810305,St. Paul South,2017-11-21 15:24:50.440369
2013-08-10,08:45,67.0,66.9,58.9,75.1,0.0,SW@4.9,9.6,75.3,0.0,536,"St. Paul South, Marion County",810305,St. Paul South,2017-11-21 15:24:50.440369
2013-08-10,09:00,67.4,67.3,59.0,74.5,0.0,SW@4.8,8.9,75.3,0.0,480,"St. Paul South, Marion County",810305,St. Paul South,2017-11-21 15:24:50.440369
2013-08-10,09:15,67.8,67.9,59.2,73.8,0.0,SW@4.5,7.4,75.3,0.0,543,"St. Paul South, Marion County",810305,St. Paul South,2017-11-21 15:24:50.440369
2013-08-10,09:30,69.3,69.2,59.4,70.7,0.0,S@3.9,8.9,75.3,0.0,654,"St. Paul South, Marion County",810305,St. Paul South,2017-11-21 15:24:50.440369
2013-08-10,09:45,70.9,70.8,59.6,67.4,0.0,W@2.6,6.4,75.3,0.0,676,"St. Paul South, Marion County",810305,St. Paul South,2017-11-21 15:24:50.440369
2013-08-10,10:00,71.5,71.4,59.6,66.1,0.0,E@3.9,7.8,75.3,0.0,716,"St. Paul South, Marion County",810305,St. Paul South,2017-11-21 15:24:50.440369
2013-08-10,10:15,72.5,72.4,59.8,64.4,0.0,SW@3.7,7.1,75.4,0.0,711,"St. Paul South, Marion County",810305,St. Paul South,2017-11-21 15:24:50.440369
2013-08-10,10:30,73.1,72.8,59.7,62.7,0.0,SW@3.8,8.2,75.4,0.0,713,"St. Paul South, Marion County",810305,St. Paul South,2017-11-21 15:24:50.440369
2013-08-10,10:45,73.6,73.3,59.6,61.4,0.0,SW@3.2,7.1,75.5,0.0,779,"St. Paul South, Marion County",810305,St. Paul South,2017-11-21 15:24:50.440369
2013-08-10,11:00,73.7,73.5,59.4,60.9,0.0,SW@3.6,7.4,75.6,0.0,663,"St. Paul South, Marion County",810305,St. Paul South,2017-11-21 15:24:50.440369
2013-08-10,11:15,74.5,74.4,59.5,59.4,0.0,W@2.8,6.4,75.7,0.0,636,"St. Paul South, Marion County",810305,St. Paul South,2017-11-21 15:24:50.440369
2013-08-10,11:30,76.8,76.5,60.0,56.0,0.0,W@3.7,7.4,75.8,0.0,888,"St. Paul South, Marion County",810305,St. Paul South,2017-11-21 15:24:50.440369
2013-08-10,11:45,76.4,76.0,59.4,55.8,0.0,SE@3.9,6.7,75.9,0.0,894,"St. Paul South, Marion County",810305,St. Paul South,2017-11-21 15:24:50.440369
2013-08-10,12:00,76.8,76.8,59.6,55.3,0.0,W@3.4,6.4,76.0,0.0,860,"St. Paul South, Marion County",810305,St. Paul South,2017-11-21 15:24:50.440369
2013-08-10,12:15,78.7,78.4,59.6,52.0,0.0,SW@2.4,5.7,76.2,0.0,848,"St. Paul South, Marion County",810305,St. Paul South,2017-11-21 15:24:50.440369
2013-08-10,12:30,78.1,78.1,59.0,51.9,0.0,NE@3.0,6.0,76.3,0.0,836,"St. Paul South, Marion County",810305,St. Paul South,2017-11-21 15:24:50.440369
2013-08-10,12:45,78.6,78.3,59.0,51.0,0.0,SW@3.7,6.4,76.5,0.0,834,"St. Paul South, Marion County",810305,St. Paul South,2017-11-21 15:24:50.440369
2013-08-10,13:00,79.6,79.5,58.9,49.3,0.0,SW@2.8,6.7,76.7,0.0,857,"St. Paul South, Marion County",810305,St. Paul South,2017-11-21 15:24:50.440369
2013-08-10,13:15,79.6,79.2,59.6,50.4,0.0,SW@3.7,7.4,76.8,0.0,793,"St. Paul South, Marion County",810305,St. Paul South,2017-11-21 15:24:50.440369
2013-08-10,13:30,80.0,79.6,59.6,49.7,0.0,S@3.3,6.7,77.0,0.0,735,"St. Paul South, Marion County",810305,St. Paul South,2017-11-21 15:24:50.440369
2013-08-10,13:45,80.9,80.7,59.4,47.9,0.0,NW@3.5,8.2,77.2,0.0,726,"St. Paul South, Marion County",810305,St. Paul South,2017-11-21 15:24:50.440369
2013-08-10,14:00,80.1,79.7,60.1,50.6,0.0,S@3.4,6.7,77.4,0.0,509,"St. Paul South, Marion County",810305,St. Paul South,2017-11-21 15:24:50.440369
2013-08-10,14:15,79.4,79.1,59.6,50.7,0.0,SE@2.9,6.4,77.6,0.0,351,"St. Paul South, Marion County",810305,St. Paul South,2017-11-21 15:24:50.440369
2013-08-10,14:30,78.6,78.6,59.2,51.2,0.0,NE@1.8,4.2,77.7,0.0,209,"St. Paul South, Marion County",810305,St. Paul South,2017-11-21 15:24:50.440369
2013-08-10,14:45,78.0,78.0,60.3,54.4,0.0,SE@1.0,5.3,77.9,0.0,140,"St. Paul South, Marion County",810305,St. Paul South,2017-11-21 15:24:50.440369
2013-08-10,15:00,77.7,77.5,61.8,58.0,0.0,SE@1.4,3.1,78.1,0.0,92,"St. Paul South, Marion County",810305,St. Paul South,2017-11-21 15:24:50.440369
2013-08-10,15:15,77.2,77.1,61.2,57.8,0.0,SE@0.9,3.1,78.2,0.0,87,"St. Paul South, Marion County",810305,St. Paul South,2017-11-21 15:24:50.440369
2013-08-10,15:30,76.8,76.6,63.4,63.4,0.0,E@0.7,2.1,78.3,0.0,93,"St. Paul South, Marion County",810305,St. Paul South,2017-11-21 15:24:50.440369
2013-08-10,15:45,76.1,76.1,63.6,65.1,0.0,E@2.4,4.2,78.4,0.0,99,"St. Paul South, Marion County",810305,St. Paul South,2017-11-21 15:24:50.440369
2013-08-10,16:00,76.0,76.0,62.5,63.0,0.0,SE@3.5,7.4,78.5,0.0,132,"St. Paul South, Marion County",810305,St. Paul South,2017-11-21 15:24:50.440369
2013-08-10,16:15,75.4,75.4,59.9,58.5,0.0,SE@5.5,11.4,78.6,0.0,148,"St. Paul South, Marion County",810305,St. Paul South,2017-11-21 15:24:50.440369
2013-08-10,16:30,74.2,74.2,60.9,63.1,0.0,S@6.8,12.8,78.7,0.0,139,"St. Paul South, Marion County",810305,St. Paul South,2017-11-21 15:24:50.440369
2013-08-10,16:45,73.2,73.2,61.4,66.6,0.0,SW@7.3,14.6,78.7,0.0,131,"St. Paul South, Marion County",810305,St. Paul South,2017-11-21 15:24:50.440369
2013-08-10,17:00,72.6,72.7,61.1,67.3,0.0,S@5.4,8.5,78.8,0.0,122,"St. Paul South, Marion County",810305,St. Paul South,2017-11-21 15:24:50.440369
2013-08-10,17:15,72.2,72.4,59.1,63.3,0.0,SW@6.4,11.4,78.8,0.0,90,"St. Paul South, Marion County",810305,St. Paul South,2017-11-21 15:24:50.440369
2013-08-10,17:30,71.8,71.9,58.5,62.9,0.0,SW@6.9,12.8,78.8,0.0,98,"St. Paul South, Marion County",810305,St. Paul South,2017-11-21 15:24:50.440369
2013-08-10,17:45,71.0,71.2,58.4,64.3,0.0,SW@7.0,13.2,78.8,0.0,120,"St. Paul South, Marion County",810305,St. Paul South,2017-11-21 15:24:50.440369
2013-08-10,18:00,70.6,70.7,59.6,68.1,0.0,SW@5.8,9.9,78.8,0.0,94,"St. Paul South, Marion County",810305,St. Paul South,2017-11-21 15:24:50.440369
2013-08-10,18:15,69.8,70.0,60.5,72.2,0.0,SW@4.9,10.3,78.8,0.0,44,"St. Paul South, Marion County",810305,St. Paul South,2017-11-21 15:24:50.440369
2013-08-10,18:30,69.3,69.4,60.8,74.3,0.0,SW@4.2,8.2,78.8,0.0,23,"St. Paul South, Marion County",810305,St. Paul South,2017-11-21 15:24:50.440369
2013-08-10,18:45,68.8,68.9,60.9,75.9,0.0,SW@1.4,4.2,78.8,0.0,20,"St. Paul South, Marion County",810305,St. Paul South,2017-11-21 15:24:50.440369
2013-08-10,19:00,67.2,66.8,61.4,81.7,0.0,S@0.8,2.8,78.8,0.0,14,"St. Paul South, Marion County",810305,St. Paul South,2017-11-21 15:24:50.440369
2013-08-10,19:15,65.5,65.8,60.8,84.7,0.0,SW@3.5,7.4,78.7,0.0,12,"St. Paul South, Marion County",810305,St. Paul South,2017-11-21 15:24:50.440369
2013-08-10,19:30,65.2,65.5,60.0,83.0,0.0,S@3.8,6.7,78.7,0.0,5,"St. Paul South, Marion County",810305,St. Paul South,2017-11-21 15:24:50.440369
2013-08-10,19:45,64.9,65.3,59.2,81.7,0.0,SW@3.5,6.4,78.7,0.0,1,"St. Paul South, Marion County",810305,St. Paul South,2017-11-21 15:24:50.440369
2013-08-10,20:00,64.4,64.6,59.0,82.5,0.0,SW@2.8,4.6,78.6,0.0,0,"St. Paul South, Marion County",810305,St. Paul South,2017-11-21 15:24:50.440369
2013-08-10,20:15,63.0,63.1,58.6,85.3,0.0,S@3.8,5.7,78.6,0.0,0,"St. Paul South, Marion County",810305,St. Paul South,2017-11-21 15:24:50.440369
2013-08-10,20:30,62.1,62.5,57.8,85.6,0.0,SW@4.2,7.1,78.5,0.0,0,"St. Paul South, Marion County",810305,St. Paul South,2017-11-21 15:24:50.440369
2013-08-10,20:45,61.5,61.7,57.1,85.4,0.0,S@3.4,5.3,78.4,0.0,0,"St. Paul South, Marion County",810305,St. Paul South,2017-11-21 15:24:50.440369
2013-08-10,21:00,60.5,60.8,57.0,88.1,0.0,S@3.8,5.3,78.4,0.0,0,"St. Paul South, Marion County",810305,St. Paul South,2017-11-21 15:24:50.440369
2013-08-10,21:15,60.1,60.5,56.9,89.2,0.0,S@4.4,7.4,78.3,0.0,0,"St. Paul South, Marion County",810305,St. Paul South,2017-11-21 15:24:50.440369
2013-08-10,21:30,59.7,60.0,56.5,89.2,0.0,S@4.0,7.4,78.2,0.0,0,"St. Paul South, Marion County",810305,St. Paul South,2017-11-21 15:24:50.440369
2013-08-10,21:45,59.1,59.4,56.3,90.3,0.0,S@3.4,4.9,78.1,0.0,0,"St. Paul South, Marion County",810305,St. Paul South,2017-11-21 15:24:50.440369
2013-08-10,22:00,58.5,58.8,56.2,91.9,0.59,SW@2.2,3.9,78.1,0.0,0,"St. Paul South, Marion County",810305,St. Paul South,2017-11-21 15:24:50.440369
2013-08-10,22:15,58.1,58.3,56.0,92.6,1.0,S@0.1,1.4,78.0,0.0,0,"St. Paul South, Marion County",810305,St. Paul South,2017-11-21 15:24:50.440369
2013-08-10,22:30,57.1,57.1,55.2,93.5,1.0,W@1.0,2.4,77.9,0.0,0,"St. Paul South, Marion County",810305,St. Paul South,2017-11-21 15:24:50.440369
2013-08-10,22:45,55.9,56.1,54.5,94.7,1.0,SW@0.5,2.1,77.8,0.0,0,"St. Paul South, Marion County",810305,St. Paul South,2017-11-21 15:24:50.440369
2013-08-10,23:00,55.2,55.4,54.0,95.5,1.0,SW@1.4,2.4,77.7,0.0,0,"St. Paul South, Marion County",810305,St. Paul South,2017-11-21 15:24:50.440369
2013-08-11,23:15,55.4,56.0,54.5,96.6,1.0,SW@3.1,5.7,77.6,0.0,0,"St. Paul South, Marion County",810305,St. Paul South,2017-11-21 15:24:50.440369
2013-08-11,23:30,56.3,56.9,55.1,95.6,1.0,SW@2.8,4.6,77.5,0.0,0,"St. Paul South, Marion County",810305,St. Paul South,2017-11-21 15:24:50.440369
2013-08-11,23:45,56.1,56.5,54.6,94.5,1.0,SW@2.5,4.9,77.4,0.0,0,"St. Paul South, Marion County",810305,St. Paul South,2017-11-21 15:24:50.440369
2013-08-11,24:00,55.2,55.4,53.7,94.8,1.0,S@2.2,3.9,77.3,0.0,0,"St. Paul South, Marion County",810305,St. Paul South,2017-11-21 15:24:50.440369
2013-08-11,00:15,54.7,55.0,53.6,96.0,1.0,SE@2.1,3.1,77.2,0.0,0,"St. Paul South, Marion County",810305,St. Paul South,2017-11-21 15:24:50.440369
2013-08-11,00:30,54.3,54.5,53.2,96.0,1.0,S@0.8,2.1,77.1,0.0,0,"St. Paul South, Marion County",810305,St. Paul South,2017-11-21 15:24:50.440369
2013-08-11,00:45,53.9,54.2,53.0,96.6,1.0,N@1.0,2.4,77.0,0.0,0,"St. Paul South, Marion County",810305,St. Paul South,2017-11-21 15:24:50.440369
2013-08-11,01:00,53.7,54.0,52.8,96.8,1.0,NE@0.4,2.4,76.9,0.0,0,"St. Paul South, Marion County",810305,St. Paul South,2017-11-21 15:24:50.440369
2013-08-11,01:15,53.5,53.8,52.7,97.0,1.0,NE@0.1,1.7,76.8,0.0,0,"St. Paul South, Marion County",810305,St. Paul South,2017-11-21 15:24:50.440369
2013-08-11,01:30,52.8,53.0,52.0,97.1,1.0,S@0.0,1.4,76.7,0.0,0,"St. Paul South, Marion County",810305,St. Paul South,2017-11-21 15:24:50.440369
2013-08-11,01:45,52.7,53.1,52.1,97.7,1.0,E@0.0,1.4,76.6,0.0,0,"St. Paul South, Marion County",810305,St. Paul South,2017-11-21 15:24:50.440369
2013-08-11,02:00,54.4,55.0,54.0,98.6,1.0,E@1.6,2.8,76.4,0.0,0,"St. Paul South, Marion County",810305,St. Paul South,2017-11-21 15:24:50.440369
2013-08-11,02:15,55.4,56.0,55.0,98.3,1.0,S@2.4,4.2,76.3,0.0,0,"St. Paul South, Marion County",810305,St. Paul South,2017-11-21 15:24:50.440369
2013-08-11,02:30,56.0,56.7,55.5,98.0,1.0,S@2.9,4.9,76.2,0.0,0,"St. Paul South, Marion County",810305,St. Paul South,2017-11-21 15:24:50.440369
2013-08-11,02:45,56.5,57.1,55.7,97.2,1.0,S@2.7,3.9,76.1,0.0,0,"St. Paul South, Marion County",810305,St. Paul South,2017-11-21 15:24:50.440369
2013-08-11,03:00,56.2,56.7,55.2,96.5,1.0,S@2.5,3.9,76.0,0.0,0,"St. Paul South, Marion County",810305,St. Paul South,2017-11-21 15:24:50.440369
2013-08-11,03:15,55.8,56.2,54.9,96.6,1.0,S@2.1,3.1,75.9,0.0,0,"St. Paul South, Marion County",810305,St. Paul South,2017-11-21 15:24:50.440369
2013-08-11,03:30,56.0,56.5,55.2,97.1,1.0,S@2.1,3.5,75.8,0.0,0,"St. Paul South, Marion County",810305,St. Paul South,2017-11-21 15:24:50.440369
2013-08-11,03:45,56.5,57.1,55.7,97.0,1.0,S@2.0,4.6,75.7,0.0,0,"St. Paul South, Marion County",810305,St. Paul South,2017-11-21 15:24:50.440369
2013-08-11,04:00,56.9,57.5,55.9,96.6,1.0,S@2.6,4.6,75.6,0.0,0,"St. Paul South, Marion County",810305,St. Paul South,2017-11-21 15:24:50.440369
2013-08-11,04:15,57.1,57.7,56.0,95.9,1.0,S@3.0,4.9,75.5,0.0,0,"St. Paul South, Marion County",810305,St. Paul South,2017-11-21 15:24:50.440369
2013-08-11,04:30,57.4,58.0,56.0,95.0,0.98,SW@2.2,4.2,75.4,0.0,0,"St. Paul South, Marion County",810305,St. Paul South,2017-11-21 15:24:50.440369
2013-08-11,04:45,57.6,58.2,56.0,94.3,0.58,S@1.7,3.9,75.3,0.0,0,"St. Paul South, Marion County",810305,St. Paul South,2017-11-21 15:24:50.440369
2013-08-11,05:00,57.7,58.2,56.0,93.9,0.06,SW@2.2,4.2,75.2,0.0,0,"St. Paul South, Marion County",810305,St. Paul South,2017-11-21 15:24:50.440369
2013-08-11,05:15,57.8,58.3,55.9,93.4,0.0,SW@2.2,4.6,75.1,0.0,1,"St. Paul South, Marion County",810305,St. Paul South,2017-11-21 15:24:50.440369
2013-08-11,05:30,57.9,58.4,56.0,93.2,0.0,SW@0.2,2.1,75.0,0.0,5,"St. Paul South, Marion County",810305,St. Paul South,2017-11-21 15:24:50.440369
2013-08-11,05:45,58.2,58.6,56.3,93.4,0.0,N@0.0,0.0,75.0,0.0,10,"St. Paul South, Marion County",810305,St. Paul South,2017-11-21 15:24:50.440369
2013-08-11,06:00,58.3,58.8,56.2,92.6,0.0,W@1.0,2.4,74.9,0.0,27,"St. Paul South, Marion County",810305,St. Paul South,2017-11-21 15:24:50.440369
2013-08-11,06:15,58.6,59.1,56.2,91.7,0.0,W@1.7,3.5,74.8,0.0,30,"St. Paul South, Marion County",810305,St. Paul South,2017-11-21 15:24:50.440369
2013-08-11,06:30,58.7,59.2,56.1,90.8,0.0,SW@1.6,3.9,74.7,0.0,27,"St. Paul South, Marion County",810305,St. Paul South,2017-11-21 15:24:50.440369
2013-08-11,06:45,59.0,59.4,56.2,90.5,0.0,W@1.0,2.8,74.6,0.0,26,"St. Paul South, Marion County",810305,St. Paul South,2017-11-21 15:24:50.440369
2013-08-11,07:00,59.2,59.6,56.3,89.9,0.0,NW@0.1,1.7,74.6,0.0,30,"St. Paul South, Marion County",810305,St. Paul South,2017-11-21 15:24:50.440369
2013-08-11,07:15,59.3,59.8,56.2,89.6,0.0,N@1.9,3.5,74.5,0.0,50,"St. Paul South, Marion County",810305,St. Paul South,2017-11-21 15:24:50.440369
2013-08-11,07:30,59.4,60.0,56.1,88.7,0.0,N@0.8,2.8,74.4,0.0,75,"St. Paul South, Marion County",810305,St. Paul South,2017-11-21 15:24:50.440369
2013-08-11,07:45,60.3,60.8,56.7,87.9,0.0,NW@1.0,3.5,74.4,0.0,124,"St. Paul South, Marion County",810305,St. Paul South,2017-11-21 15:24:50.440369
2013-08-11,08:00,60.7,61.0,56.5,85.9,0.0,W@1.1,3.5,74.3,0.0,151,"St. Paul South, Marion County",810305,St. Paul South,2017-11-21 15:24:50.440369
2013-08-11,08:15,61.0,61.3,56.6,85.4,0.0,NW@0.9,3.1,74.2,0.0,114,"St. Paul South, Marion County",810305,St. Paul South,2017-11-21 15:24:50.440369
2013-08-11,08:30,61.0,61.2,56.7,85.8,0.0,NW@1.7,4.2,74.2,0.0,145,"St. Paul South, Marion County",810305,St. Paul South,2017-11-21 15:24:50.440369
2013-08-11,08:45,60.9,61.1,56.7,86.1,0.0,W@1.1,3.9,74.1,0.0,141,"St. Paul South, Marion County",810305,St. Paul South,2017-11-21 15:24:50.440369
2013-08-11,09:00,61.4,61.7,57.0,85.2,0.0,W@0.8,2.8,74.1,0.0,179,"St. Paul South, Marion County",810305,St. Paul South,2017-11-21 15:24:50.440369
2013-08-11,09:15,61.5,61.7,57.0,84.8,0.0,SW@2.1,4.6,74.0,0.0,187,"St. Paul South, Marion County",810305,St. Paul South,2017-11-21 15:24:50.440369
2013-08-11,09:30,61.9,62.2,57.2,84.4,0.0,W@2.0,3.9,74.0,0.0,179,"St. Paul South, Marion County",810305,St. Paul South,2017-11-21 15:24:50.440369
2013-08-11,09:45,62.6,62.9,57.4,83.2,0.0,S@2.3,5.3,74.0,0.0,255,"St. Paul South, Marion County",810305,St. Paul South,2017-11-21 15:24:50.440369
2013-08-11,10:00,63.2,63.3,57.3,81.2,0.0,SW@2.5,4.9,73.9,0.0,225,"St. Paul South, Marion County",810305,St. Paul South,2017-11-21 15:24:50.440369
2013-08-11,10:15,62.9,63.1,57.7,82.9,0.0,SW@3.8,6.4,73.9,0.0,177,"St. Paul South, Marion County",810305,St. Paul South,2017-11-21 15:24:50.440369
2013-08-11,10:30,63.5,63.7,57.7,81.4,0.0,SW@3.8,6.4,73.9,0.0,388,"St. Paul South, Marion County",810305,St. Paul South,2017-11-21 15:24:50.440369
2013-08-11,10:45,64.7,64.8,58.1,79.1,0.0,SW@3.6,7.1,73.9,0.0,473,"St. Paul South, Marion County",810305,St. Paul South,2017-11-21 15:24:50.440369
2013-08-11,11:00,65.3,65.2,58.0,77.3,0.0,SW@2.8,7.1,73.8,0.0,528,"St. Paul South, Marion County",810305,St. Paul South,2017-11-21 15:24:50.440369
2013-08-11,11:15,66.1,66.1,58.2,75.5,0.0,SW@3.6,7.1,73.8,0.0,459,"St. Paul South, Marion County",810305,St. Paul South,2017-11-21 15:24:50.440369
2013-08-11,11:30,66.4,66.5,58.1,74.6,0.0,SW@3.5,7.8,73.8,0.0,492,"St. Paul South, Marion County",810305,St. Paul South,2017-11-21 15:24:50.440369
2013-08-11,11:45,67.7,67.6,58.4,72.3,0.0,S@3.2,6.0,73.8,0.0,522,"St. Paul South, Marion County",810305,St. Paul South,2017-11-21 15:24:50.440369
2013-08-11,12:00,68.2,68.1,58.3,70.6,0.0,S@2.7,7.1,73.8,0.0,430,"St. Paul South, Marion County",810305,St. Paul South,2017-11-21 15:24:50.440369
2013-08-11,12:15,67.8,67.7,58.2,71.3,0.0,SE@2.3,4.9,73.9,0.0,402,"St. Paul South, Marion County",810305,St. Paul South,2017-11-21 15:24:50.440369
2013-08-11,12:30,69.8,70.0,58.8,68.0,0.0,S@3.3,8.2,73.9,0.0,944,"St. Paul South, Marion County",810305,St. Paul South,2017-11-21 15:24:50.440369
2013-08-11,12:45,70.7,70.5,58.6,65.4,0.0,E@3.3,7.4,74.0,0.0,708,"St. Paul South, Marion County",810305,St. Paul South,2017-11-21 15:24:50.440369
2013-08-11,13:00,70.0,69.9,58.5,66.8,0.0,S@2.9,7.1,74.0,0.0,468,"St. Paul South, Marion County",810305,St. Paul South,2017-11-21 15:24:50.440369
2013-08-11,13:15,69.8,69.6,58.7,67.6,0.0,W@3.5,6.4,74.1,0.0,399,"St. Paul South, Marion County",810305,St. Paul South,2017-11-21 15:24:50.440369
2013-08-11,13:30,70.6,70.5,59.0,66.6,0.0,W@2.7,5.7,74.1,0.0,419,"St. Paul South, Marion County",810305,St. Paul South,2017-11-21 15:24:50.440369
2013-08-11,13:45,71.0,70.7,58.9,65.6,0.0,W@2.7,6.7,74.2,0.0,367,"St. Paul South, Marion County",810305,St. Paul South,2017-11-21 15:24:50.440369
2013-08-11,14:00,71.0,70.9,58.8,65.2,0.0,W@3.5,6.7,74.3,0.0,597,"St. Paul South, Marion County",810305,St. Paul South,2017-11-21 15:24:50.440369
2013-08-11,14:15,71.7,72.0,59.1,64.3,0.0,NW@3.7,8.2,74.4,0.0,714,"St. Paul South, Marion County",810305,St. Paul South,2017-11-21 15:24:50.440369
2013-08-11,14:30,73.5,73.2,59.6,61.8,0.0,SW@4.5,8.2,74.5,0.0,817,"St. Paul South, Marion County",810305,St. Paul South,2017-11-21 15:24:50.440369
2013-08-11,14:45,73.0,72.9,59.3,62.1,0.0,NW@2.5,5.7,74.6,0.0,560,"St. Paul South, Marion County",810305,St. Paul South,2017-11-21 15:24:50.440369
2013-08-11,15:00,74.6,74.2,59.9,60.2,0.0,W@5.0,8.9,74.7,0.0,655,"St. Paul South, Marion County",810305,St. Paul South,2017-11-21 15:24:50.440369
2013-08-11,15:15,73.3,73.2,59.8,62.7,0.0,W@4.5,8.9,74.8,0.0,543,"St. Paul South, Marion County",810305,St. Paul South,2017-11-21 15:24:50.440369
2013-08-11,15:30,73.7,73.5,59.4,60.8,0.0,W@4.1,8.5,74.9,0.0,579,"St. Paul South, Marion County",810305,St. Paul South,2017-11-21 15:24:50.440369
2013-08-11,15:45,74.1,74.1,59.4,60.0,0.0,W@4.0,8.2,75.0,0.0,559,"St. Paul South, Marion County",810305,St. Paul South,2017-11-21 15:24:50.440369
2013-08-11,16:00,74.8,74.9,58.9,57.5,0.0,NW@2.7,6.0,75.1,0.0,519,"St. Paul South, Marion County",810305,St. Paul South,2017-11-21 15:24:50.440369
2013-08-11,16:15,74.3,74.1,58.1,57.0,0.0,W@2.9,6.4,75.2,0.0,454,"St. Paul South, Marion County",810305,St. Paul South,2017-11-21 15:24:50.440369
2013-08-11,16:30,75.0,74.6,58.1,55.7,0.0,W@2.8,5.7,75.3,0.0,408,"St. Paul South, Marion County",810305,St. Paul South,2017-11-21 15:24:50.440369
2013-08-11,16:45,74.8,74.8,58.3,56.6,0.0,NW@2.5,5.3,75.4,0.0,384,"St. Paul South, Marion County",810305,St. Paul South,2017-11-21 15:24:50.440369
2013-08-11,17:00,74.8,74.9,58.4,56.6,0.0,NW@2.4,6.7,75.5,0.0,371,"St. Paul South, Marion County",810305,St. Paul South,2017-11-21 15:24:50.440369
2013-08-11,17:15,74.2,73.9,58.6,58.1,0.0,NW@2.5,6.0,75.6,0.0,180,"St. Paul South, Marion County",810305,St. Paul South,2017-11-21 15:24:50.440369
2013-08-11,17:30,73.7,73.6,59.5,61.3,0.0,W@1.2,4.6,75.7,0.0,131,"St. Paul South, Marion County",810305,St. Paul South,2017-11-21 15:24:50.440369
2013-08-11,17:45,72.7,72.4,60.5,65.5,0.0,W@1.6,4.6,75.8,0.0,118,"St. Paul South, Marion County",810305,St. Paul South,2017-11-21 15:24:50.440369
2013-08-11,18:00,74.1,74.1,59.9,61.1,0.0,SW@2.5,4.9,75.8,0.0,157,"St. Paul South, Marion County",810305,St. Paul South,2017-11-21 15:24:50.440369
2013-08-11,18:15,73.7,73.5,60.4,63.0,0.0,SW@2.6,4.6,75.9,0.0,102,"St. Paul South, Marion County",810305,St. Paul South,2017-11-21 15:24:50.440369
2013-08-11,18:30,72.5,72.4,61.0,67.0,0.0,SW@1.4,3.9,76.0,0.0,64,"St. Paul South, Marion County",810305,St. Paul South,2017-11-21 15:24:50.440369
2013-08-11,18:45,70.7,70.5,62.8,75.9,0.0,SW@0.3,2.8,76.0,0.0,50,"St. Paul South, Marion County",810305,St. Paul South,2017-11-21 15:24:50.440369
2013-08-11,19:00,68.4,68.6,61.1,77.5,0.0,SW@4.5,9.2,76.1,0.0,27,"St. Paul South, Marion County",810305,St. Paul South,2017-11-21 15:24:50.440369
2013-08-11,19:15,67.9,68.0,58.7,72.5,0.0,SW@5.7,8.9,76.1,0.0,13,"St. Paul South, Marion County",810305,St. Paul South,2017-11-21 15:24:50.440369
2013-08-11,19:30,66.4,66.5,58.3,75.1,0.0,SW@5.1,9.2,76.1,0.0,5,"St. Paul South, Marion County",810305,St. Paul South,2017-11-21 15:24:50.440369
2013-08-11,19:45,65.0,65.1,57.9,77.9,0.0,SW@4.2,6.7,76.2,0.0,1,"St. Paul South, Marion County",810305,St. Paul South,2017-11-21 15:24:50.440369
2013-08-11,20:00,63.6,63.7,57.9,81.5,0.0,SW@2.5,4.9,76.2,0.0,0,"St. Paul South, Marion County",810305,St. Paul South,2017-11-21 15:24:50.440369
2013-08-11,20:15,62.4,62.5,57.5,83.9,0.0,SW@2.1,5.7,76.2,0.0,0,"St. Paul South, Marion County",810305,St. Paul South,2017-11-21 15:24:50.440369
2013-08-11,20:30,61.6,62.0,57.3,85.6,0.0,NW@4.2,8.2,76.2,0.0,0,"St. Paul South, Marion County",810305,St. Paul South,2017-11-21 15:24:50.440369
2013-08-11,20:45,60.9,61.0,57.0,86.8,0.0,W@2.0,3.5,76.2,0.0,0,"St. Paul South, Marion County",810305,St. Paul South,2017-11-21 15:24:50.440369
2013-08-11,21:00,59.8,60.0,56.9,90.2,0.24,SW@3.4,6.4,76.2,0.0,0,"St. Paul South, Marion County",810305,St. Paul South,2017-11-21 15:24:50.440369
2013-08-11,21:15,60.0,60.5,56.9,89.2,0.0,W@3.0,6.7,76.2,0.0,0,"St. Paul South, Marion County",810305,St. Paul South,2017-11-21 15:24:50.440369
2013-08-11,21:30,59.7,60.1,56.8,89.9,0.0,W@1.4,3.9,76.1,0.0,0,"St. Paul South, Marion County",810305,St. Paul South,2017-11-21 15:24:50.440369
2013-08-11,21:45,60.2,60.9,57.0,89.2,0.0,W@3.7,7.1,76.1,0.0,0,"St. Paul South, Marion County",810305,St. Paul South,2017-11-21 15:24:50.440369
2013-08-11,22:00,60.8,61.3,56.9,86.8,0.0,W@4.4,7.4,76.1,0.0,0,"St. Paul South, Marion County",810305,St. Paul South,2017-11-21 15:24:50.440369
2013-08-11,22:15,60.8,61.3,56.8,86.5,0.0,SW@3.8,5.7,76.0,0.0,0,"St. Paul South, Marion County",810305,St. Paul South,2017-11-21 15:24:50.440369
2013-08-11,22:30,60.7,61.1,56.8,86.9,0.0,SW@3.2,5.3,75.9,0.0,0,"St. Paul South, Marion County",810305,St. Paul South,2017-11-21 15:24:50.440369
2013-08-11,22:45,60.6,61.0,56.7,87.0,0.0,SW@2.8,4.9,75.9,0.0,0,"St. Paul South, Marion County",810305,St. Paul South,2017-11-21 15:24:50.440369
2013-08-11,23:00,60.6,61.0,56.9,87.5,0.0,SW@2.3,3.9,75.8,0.0,0,"St. Paul South, Marion County",810305,St. Paul South,2017-11-21 15:24:50.440369
2013-08-12,23:15,60.7,61.0,57.1,88.0,0.0,SW@2.2,3.9,75.8,0.0,0,"St. Paul South, Marion County",810305,St. Paul South,2017-11-21 15:24:50.440369
2013-08-12,23:30,60.6,61.0,57.1,88.3,0.0,SW@2.5,3.5,75.7,0.0,0,"St. Paul South, Marion County",810305,St. Paul South,2017-11-21 15:24:50.440369
2013-08-12,23:45,60.6,61.1,57.2,88.4,0.0,SW@2.2,3.9,75.6,0.0,0,"St. Paul South, Marion County",810305,St. Paul South,2017-11-21 15:24:50.440369
2013-08-12,24:00,60.6,61.0,57.3,88.7,0.0,SW@0.8,2.8,75.6,0.0,0,"St. Paul South, Marion County",810305,St. Paul South,2017-11-21 15:24:50.440369
2013-08-12,00:15,60.5,60.8,57.4,89.5,0.0,SE@0.3,1.7,75.5,0.0,0,"St. Paul South, Marion County",810305,St. Paul South,2017-11-21 15:24:50.440369
2013-08-12,00:30,60.4,60.7,57.6,90.3,0.0,S@0.0,1.4,75.5,0.0,0,"St. Paul South, Marion County",810305,St. Paul South,2017-11-21 15:24:50.440369
2013-08-12,00:45,60.2,60.5,57.7,91.5,0.0,S@0.3,2.8,75.4,0.0,0,"St. Paul South, Marion County",810305,St. Paul South,2017-11-21 15:24:50.440369
2013-08-12,01:00,60.0,60.3,57.6,91.7,0.0,S@0.7,2.8,75.3,0.0,0,"St. Paul South, Marion County",810305,St. Paul South,2017-11-21 15:24:50.440369
2013-08-12,01:15,59.7,60.0,57.3,91.7,0.0,S@1.1,2.4,75.3,0.0,0,"St. Paul South, Marion County",810305,St. Paul South,2017-11-21 15:24:50.440369
2013-08-12,01:30,59.4,59.7,57.1,91.9,0.0,SE@1.4,2.4,75.2,0.0,0,"St. Paul South, Marion County",810305,St. Paul South,2017-11-21 15:24:50.440369
2013-08-12,01:45,59.1,59.4,56.9,92.1,0.0,SE@0.5,2.1,75.2,0.0,0,"St. Paul South, Marion County",810305,St. Paul South,2017-11-21 15:24:50.440369
2013-08-12,02:00,58.6,58.8,56.6,93.0,0.86,SE@0.0,1.4,75.1,0.0,0,"St. Paul South, Marion County",810305,St. Paul South,2017-11-21 15:24:50.440369
2013-08-12,02:15,58.5,58.8,56.8,94.2,1.0,SE@0.1,1.7,75.0,0.0,0,"St. Paul South, Marion County",810305,St. Paul South,2017-11-21 15:24:50.440369
2013-08-12,02:30,58.6,58.9,57.0,94.5,0.17,SE@0.4,1.7,75.0,0.0,0,"St. Paul South, Marion County",810305,St. Paul South,2017-11-21 15:24:50.440369
2013-08-12,02:45,58.8,59.2,57.3,94.6,0.0,N@0.0,0.0,74.9,0.0,0,"St. Paul South, Marion County",810305,St. Paul South,2017-11-21 15:24:50.440369
2013-08-12,03:00,59.0,59.4,57.4,94.4,0.0,SE@0.1,1.7,74.8,0.0,0,"St. Paul South, Marion County",810305,St. Paul South,2017-11-21 15:24:50.440369
2013-08-12,03:15,59.0,59.3,57.4,94.2,0.33,SW@0.0,1.4,74.8,0.0,0,"St. Paul South, Marion County",810305,St. Paul South,2017-11-21 15:24:50.440369
2013-08-12,03:30,58.7,59.0,57.2,94.4,1.0,N@0.0,0.0,74.7,0.0,0,"St. Paul South, Marion County",810305,St. Paul South,2017-11-21 15:24:50.440369
2013-08-12,03:45,58.0,58.1,56.5,94.6,1.0,SE@0.2,1.7,74.7,0.0,0,"St. Paul South, Marion County",810305,St. Paul South,2017-11-21 15:24:50.440369
2013-08-12,04:00,56.9,56.9,55.4,94.9,1.0,SE@0.0,1.4,74.6,0.0,0,"St. Paul South, Marion County",810305,St. Paul South,2017-11-21 15:24:50.440369
2013-08-12,04:15,55.7,55.9,54.5,95.5,1.0,S@0.0,1.4,74.5,0.0,0,"St. Paul South, Marion County",810305,St. Paul South,2017-11-21 15:24:50.440369
2013-08-12,04:30,55.0,55.1,53.9,96.1,1.0,W@0.2,1.7,74.5,0.0,0,"St. Paul South, Marion County",810305,St. Paul South,2017-11-21 15:24:50.440369
2013-08-12,04:45,54.5,54.7,53.5,96.4,1.0,N@0.0,0.0,74.4,0.0,0,"St. Paul South, Marion County",810305,St. Paul South,2017-11-21 15:24:50.440369
2013-08-12,05:00,54.0,54.2,53.1,96.7,1.0,N@0.0,0.0,74.4,0.0,0,"St. Paul South, Marion County",810305,St. Paul South,2017-11-21 15:24:50.440369
2013-08-12,05:15,54.4,54.8,53.7,97.5,1.0,N@0.0,0.0,74.3,0.0,2,"St. Paul South, Marion County",810305,St. Paul South,2017-11-21 15:24:50.440369
2013-08-12,05:30,55.6,56.2,55.1,98.0,1.0,E@0.1,1.7,74.3,0.0,5,"St. Paul South, Marion County",810305,St. Paul South,2017-11-21 15:24:50.440369
2013-08-12,05:45,56.9,57.5,56.5,98.2,1.0,SE@0.1,1.7,74.2,0.0,11,"St. Paul South, Marion County",810305,St. Paul South,2017-11-21 15:24:50.440369
2013-08-12,06:00,57.8,58.3,57.2,98.0,1.0,N@0.0,0.0,74.1,0.0,15,"St. Paul South, Marion County",810305,St. Paul South,2017-11-21 15:24:50.440369
2013-08-12,06:15,58.5,59.0,57.9,97.8,1.0,N@0.0,0.0,74.0,0.0,22,"St. Paul South, Marion County",810305,St. Paul South,2017-11-21 15:24:50.440369
2013-08-12,06:30,59.1,59.7,58.2,96.8,1.0,N@0.0,0.0,74.0,0.0,32,"St. Paul South, Marion County",810305,St. Paul South,2017-11-21 15:24:50.440369
2013-08-12,06:45,59.6,60.3,58.2,95.1,0.48,E@0.1,1.7,73.9,0.0,42,"St. Paul South, Marion County",810305,St. Paul South,2017-11-21 15:24:50.440369
2013-08-12,07:00,60.1,60.8,58.0,92.5,0.0,N@0.0,0.0,73.8,0.0,49,"St. Paul South, Marion County",810305,St. Paul South,2017-11-21 15:24:50.440369
2013-08-12,07:15,60.6,61.2,57.6,89.6,0.0,SE@0.1,1.4,73.8,0.0,68,"St. Paul South, Marion County",810305,St. Paul South,2017-11-21 15:24:50.440369
2013-08-12,07:30,61.2,61.6,57.4,87.2,0.0,SE@0.5,2.4,73.7,0.0,85,"St. Paul South, Marion County",810305,St. Paul South,2017-11-21 15:24:50.440369
2013-08-12,07:45,61.5,61.8,57.1,85.5,0.0,S@1.1,2.8,73.6,0.0,88,"St. Paul South, Marion County",810305,St. Paul South,2017-11-21 15:24:50.440369
2013-08-12,08:00,61.8,62.1,57.1,84.4,0.0,S@0.2,2.1,73.6,0.0,113,"St. Paul South, Marion County",810305,St. Paul South,2017-11-21 15:24:50.440369
2013-08-12,08:15,62.3,62.6,57.1,82.9,0.0,SW@0.4,2.1,73.5,0.0,173,"St. Paul South, Marion County",810305,St. Paul South,2017-11-21 15:24:50.440369
2013-08-12,08:30,63.0,63.2,57.2,81.4,0.0,SW@1.9,3.1,73.5,0.0,230,"St. Paul South, Marion County",810305,St. Paul South,2017-11-21 15:24:50.440369
2013-08-12,08:45,63.7,63.9,57.6,80.3,0.0,SW@1.7,4.6,73.4,0.0,258,"St. Paul South, Marion County",810305,St. Paul South,2017-11-21 15:24:50.440369
2013-08-12,09:00,64.4,64.4,57.6,78.4,0.0,S@1.8,3.5,73.4,0.0,317,"St. Paul South, Marion County",810305,St. Paul South,2017-11-21 15:24:50.440369
2013-08-12,09:15,65.0,65.0,57.8,77.4,0.0,W@2.3,4.9,73.4,0.0,384,"St. Paul South, Marion County",810305,St. Paul South,2017-11-21 15:24:50.440369
2013-08-12,09:30,65.8,65.8,58.1,75.9,0.0,S@2.5,5.7,73.3,0.0,390,"St. Paul South, Marion County",810305,St. Paul South,2017-11-21 15:24:50.440369
2013-08-12,09:45,66.0,66.1,57.8,74.8,0.0,E@3.8,6.0,73.3,0.0,393,"St. Paul South, Marion County",810305,St. Paul South,2017-11-21 15:24:50.440369
2013-08-12,10:00,66.4,66.4,58.0,74.4,0.0,SW@2.2,6.0,73.3,0.0,353,"St. Paul South, Marion County",810305,St. Paul South,2017-11-21 15:24:50.440369
2013-08-12,10:15,67.0,67.2,58.0,72.9,0.0,SW@1.8,4.9,73.3,0.0,295,"St. Paul South, Marion County",810305,St. Paul South,2017-11-21 15:24:50.440369
2013-08-12,10:30,67.1,67.1,58.0,72.6,0.0,S@2.4,4.9,73.3,0.0,393,"St. Paul South, Marion County",810305,St. Paul South,2017-11-21 15:24:50.440369
2013-08-12,10:45,67.8,67.9,58.0,70.6,0.0,W@2.4,5.3,73.3,0.0,447,"St. Paul South, Marion County",810305,St. Paul South,2017-11-21 15:24:50.440369
2013-08-12,11:00,68.9,68.9,58.6,69.7,0.0,NW@2.7,5.3,73.3,0.0,404,"St. Paul South, Marion County",810305,St. Paul South,2017-11-21 15:24:50.440369
2013-08-12,11:15,69.6,69.5,59.3,69.6,0.0,W@3.4,5.7,73.4,0.0,467,"St. Paul South, Marion County",810305,St. Paul South,2017-11-21 15:24:50.440369
2013-08-12,11:30,69.6,69.5,58.9,68.6,0.0,S@3.8,7.4,73.4,0.0,614,"St. Paul South, Marion County",810305,St. Paul South,2017-11-21 15:24:50.440369
2013-08-12,11:45,70.0,70.0,58.4,66.6,0.0,E@3.5,7.1,73.4,0.0,653,"St. Paul South, Marion County",810305,St. Paul South,2017-11-21 15:24:50.440369
2013-08-12,12:00,70.5,70.5,58.5,65.7,0.0,E@2.4,5.3,73.5,0.0,494,"St. Paul South, Marion County",810305,St. Paul South,2017-11-21 15:24:50.440369
2013-08-12,12:15,70.8,70.6,58.6,65.3,0.0,NE@2.4,5.3,73.6,0.0,536,"St. Paul South, Marion County",810305,St. Paul South,2017-11-21 15:24:50.440369
2013-08-12,12:30,71.5,71.4,59.3,65.3,0.0,W@3.4,7.1,73.6,0.0,468,"St. Paul South, Marion County",810305,St. Paul South,2017-11-21 15:24:50.440369
2013-08-12,12:45,71.3,71.0,58.7,64.3,0.0,SW@2.9,6.0,73.7,0.0,497,"St. Paul South, Marion County",810305,St. Paul South,2017-11-21 15:24:50.440369
2013-08-12,13:00,71.8,71.5,58.8,63.6,0.0,S@3.3,7.1,73.8,0.0,435,"St. Paul South, Marion County",810305,St. Paul South,2017-11-21 15:24:50.440369
2013-08-12,13:15,71.5,71.5,59.2,64.9,0.0,SW@3.2,6.4,73.9,0.0,376,"St. Paul South, Marion County",810305,St. Paul South,2017-11-21 15:24:50.440369
2013-08-12,13:30,71.8,71.7,59.0,64.0,0.0,SW@3.5,6.7,74.0,0.0,413,"St. Paul South, Marion County",810305,St. Paul South,2017-11-21 15:24:50.440369
2013-08-12,13:45,72.2,72.0,59.0,63.2,0.0,W@3.7,6.7,74.0,0.0,391,"St. Paul South, Marion County",810305,St. Paul South,2017-11-21 15:24:50.440369
2013-08-12,14:00,72.2,72.0,58.8,62.6,0.0,SW@3.4,6.7,74.2,0.0,407,"St. Paul South, Marion County",810305,St. Paul South,2017-11-21 15:24:50.440369
2013-08-12,14:15,72.3,72.3,58.7,62.3,0.0,SW@3.4,7.4,74.2,0.0,404,"St. Paul South, Marion County",810305,St. Paul South,2017-11-21 15:24:50.440369
2013-08-12,14:30,72.9,72.8,58.6,60.7,0.0,S@3.3,6.0,74.3,0.0,593,"St. Paul South, Marion County",810305,St. Paul South,2017-11-21 15:24:50.440369
2013-08-12,14:45,74.6,74.3,58.4,57.0,0.0,S@3.5,6.7,74.4,0.0,663,"St. Paul South, Marion County",810305,St. Paul South,2017-11-21 15:24:50.440369
2013-08-12,15:00,74.7,74.3,57.8,55.6,0.0,SW@3.0,6.4,74.5,0.0,438,"St. Paul South, Marion County",810305,St. Paul South,2017-11-21 15:24:50.440369
2013-08-12,15:15,74.1,74.2,57.9,56.9,0.0,S@3.4,5.7,74.6,0.0,518,"St. Paul South, Marion County",810305,St. Paul South,2017-11-21 15:24:50.440369
2013-08-12,15:30,75.6,75.6,57.2,52.8,0.0,S@4.2,7.8,74.7,0.0,614,"St. Paul South, Marion County",810305,St. Paul South,2017-11-21 15:24:50.440369
2013-08-12,15:45,76.2,76.2,56.9,51.2,0.0,SW@2.7,7.4,74.8,0.0,560,"St. Paul South, Marion County",810305,St. Paul South,2017-11-21 15:24:50.440369
2013-08-12,16:00,77.1,76.9,57.2,50.3,0.0,W@2.7,5.3,74.9,0.0,471,"St. Paul South, Marion County",810305,St. Paul South,2017-11-21 15:24:50.440369
2013-08-12,16:15,76.7,76.2,57.4,51.2,0.0,S@2.5,4.6,75.0,0.0,461,"St. Paul South, Marion County",810305,St. Paul South,2017-11-21 15:24:50.440369
2013-08-12,16:30,76.6,76.3,57.2,51.0,0.0,SW@3.7,7.4,75.1,0.0,415,"St. Paul South, Marion County",810305,St. Paul South,2017-11-21 15:24:50.440369
2013-08-12,16:45,76.2,76.2,57.8,52.8,0.0,SW@4.3,8.5,75.2,0.0,365,"St. Paul South, Marion County",810305,St. Paul South,2017-11-21 15:24:50.440369
2013-08-12,17:00,77.5,77.4,57.5,50.2,0.0,SW@2.5,5.7,75.3,0.0,319,"St. Paul South, Marion County",810305,St. Paul South,2017-11-21 15:24:50.440369
2013-08-12,17:15,76.5,76.1,57.5,51.8,0.0,SW@0.7,3.1,75.4,0.0,196,"St. Paul South, Marion County",810305,St. Paul South,2017-11-21 15:24:50.440369
2013-08-12,17:30,76.7,76.7,57.2,50.9,0.0,SW@1.6,4.6,75.4,0.0,242,"St. Paul South, Marion County",810305,St. Paul South,2017-11-21 15:24:50.440369
2013-08-12,17:45,76.0,75.6,58.1,53.7,0.0,SW@2.7,5.7,75.5,0.0,162,"St. Paul South, Marion County",810305,St. Paul South,2017-11-21 15:24:50.440369
2013-08-12,18:00,75.8,75.6,59.8,57.5,0.0,SW@1.5,3.9,75.6,0.0,157,"St. Paul South, Marion County",810305,St. Paul South,2017-11-21 15:24:50.440369
2013-08-12,18:15,76.2,76.2,60.9,59.1,0.0,SW@1.1,3.5,75.6,0.0,127,"St. Paul South, Marion County",810305,St. Paul South,2017-11-21 15:24:50.440369
2013-08-12,18:30,73.7,73.2,58.5,58.9,0.0,SW@5.3,9.2,75.7,0.0,81,"St. Paul South, Marion County",810305,St. Paul South,2017-11-21 15:24:50.440369
2013-08-12,18:45,71.4,71.4,56.9,60.2,0.0,SW@6.4,11.4,75.7,0.0,46,"St. Paul South, Marion County",810305,St. Paul South,2017-11-21 15:24:50.440369
2013-08-12,19:00,69.9,69.9,56.5,62.6,0.0,SW@5.6,9.9,75.8,0.0,24,"St. Paul South, Marion County",810305,St. Paul South,2017-11-21 15:24:50.440369
2013-08-12,19:15,68.6,68.6,56.0,64.1,0.0,SW@5.6,9.9,75.8,0.0,12,"St. Paul South, Marion County",810305,St. Paul South,2017-11-21 15:24:50.440369
2013-08-12,19:30,67.2,67.2,55.6,66.4,0.0,SW@4.9,8.2,75.9,0.0,4,"St. Paul South, Marion County",810305,St. Paul South,2017-11-21 15:24:50.440369
2013-08-12,19:45,65.6,65.3,56.2,71.6,0.0,SW@2.7,6.4,75.9,0.0,1,"St. Paul South, Marion County",810305,St. Paul South,2017-11-21 15:24:50.440369
2013-08-12,20:00,64.3,64.5,55.3,72.4,0.0,W@4.6,8.2,75.9,0.0,0,"St. Paul South, Marion County",810305,St. Paul South,2017-11-21 15:24:50.440369
2013-08-12,20:15,64.3,64.5,54.3,69.8,0.0,W@5.3,10.3,75.9,0.0,0,"St. Paul South, Marion County",810305,St. Paul South,2017-11-21 15:24:50.440369
2013-08-12,20:30,63.6,63.7,53.7,70.0,0.0,W@4.3,7.4,75.9,0.0,0,"St. Paul South, Marion County",810305,St. Paul South,2017-11-21 15:24:50.440369
2013-08-12,20:45,62.3,62.3,53.8,73.5,0.0,W@3.9,6.7,75.9,0.0,0,"St. Paul South, Marion County",810305,St. Paul South,2017-11-21 15:24:50.440369
2013-08-12,21:00,61.5,61.6,53.6,75.1,0.0,W@3.4,5.7,75.9,0.0,0,"St. Paul South, Marion County",810305,St. Paul South,2017-11-21 15:24:50.440369
2013-08-12,21:15,59.9,59.9,53.7,79.9,0.0,W@3.1,4.9,75.9,0.0,0,"St. Paul South, Marion County",810305,St. Paul South,2017-11-21 15:24:50.440369
2013-08-12,21:30,59.3,59.7,53.5,81.0,0.0,SW@4.0,7.8,75.9,0.0,0,"St. Paul South, Marion County",810305,St. Paul South,2017-11-21 15:24:50.440369
2013-08-12,21:45,59.9,60.2,53.1,78.2,0.0,W@4.1,7.1,75.8,0.0,0,"St. Paul South, Marion County",810305,St. Paul South,2017-11-21 15:24:50.440369
2013-08-12,22:00,59.2,59.5,53.1,80.1,0.0,SW@3.6,5.7,75.8,0.0,0,"St. Paul South, Marion County",810305,St. Paul South,2017-11-21 15:24:50.440369
2013-08-12,22:15,58.5,58.6,53.0,81.8,0.0,W@1.4,4.2,75.7,0.0,0,"St. Paul South, Marion County",810305,St. Paul South,2017-11-21 15:24:50.440369
2013-08-12,22:30,56.7,56.4,52.8,86.6,0.23,W@0.0,1.4,75.7,0.0,0,"St. Paul South, Marion County",810305,St. Paul South,2017-11-21 15:24:50.440369
2013-08-12,22:45,55.0,54.9,52.3,90.3,1.0,N@0.0,0.0,75.6,0.0,0,"St. Paul South, Marion County",810305,St. Paul South,2017-11-21 15:24:50.440369
2013-08-12,23:00,53.9,53.8,51.7,92.2,1.0,N@0.0,0.0,75.6,0.0,0,"St. Paul South, Marion County",810305,St. Paul South,2017-11-21 15:24:50.440369
2013-08-13,23:15,53.0,53.0,51.2,93.4,1.0,N@0.0,0.0,75.5,0.0,0,"St. Paul South, Marion County",810305,St. Paul South,2017-11-21 15:24:50.440369
2013-08-13,23:30,52.2,52.2,50.6,94.2,1.0,NE@0.1,2.1,75.4,0.0,0,"St. Paul South, Marion County",810305,St. Paul South,2017-11-21 15:24:50.440369
2013-08-13,23:45,51.6,51.7,50.2,94.9,1.0,E@0.8,2.8,75.4,0.0,0,"St. Paul South, Marion County",810305,St. Paul South,2017-11-21 15:24:50.440369
2013-08-13,24:00,51.1,51.3,49.9,95.6,1.0,SE@0.1,1.4,75.3,0.0,0,"St. Paul South, Marion County",810305,St. Paul South,2017-11-21 15:24:50.440369
2013-08-13,00:15,50.7,50.9,49.6,96.0,1.0,SW@0.6,2.1,75.2,0.0,0,"St. Paul South, Marion County",810305,St. Paul South,2017-11-21 15:24:50.440369
2013-08-13,00:30,51.1,51.4,50.2,96.9,1.0,N@0.0,0.0,75.1,0.0,0,"St. Paul South, Marion County",810305,St. Paul South,2017-11-21 15:24:50.440369
2013-08-13,00:45,51.2,51.5,50.4,96.9,1.0,SW@1.3,3.5,75.0,0.0,0,"St. Paul South, Marion County",810305,St. Paul South,2017-11-21 15:24:50.440369
2013-08-13,01:00,51.6,52.0,51.0,97.6,1.0,N@0.3,1.7,74.9,0.0,0,"St. Paul South, Marion County",810305,St. Paul South,2017-11-21 15:24:50.440369
2013-08-13,01:15,52.4,52.9,51.8,97.8,1.0,N@0.0,0.0,74.8,0.0,0,"St. Paul South, Marion County",810305,St. Paul South,2017-11-21 15:24:50.440369
2013-08-13,01:30,53.4,53.9,52.8,97.9,1.0,NW@0.0,1.4,74.8,0.0,0,"St. Paul South, Marion County",810305,St. Paul South,2017-11-21 15:24:50.440369
2013-08-13,01:45,54.0,54.4,53.4,97.7,1.0,NW@0.6,2.4,74.7,0.0,0,"St. Paul South, Marion County",810305,St. Paul South,2017-11-21 15:24:50.440369
2013-08-13,02:00,54.1,54.6,53.5,97.4,1.0,W@0.8,2.4,74.6,0.0,0,"St. Paul South, Marion County",810305,St. Paul South,2017-11-21 15:24:50.440369
2013-08-13,02:15,54.3,54.7,53.5,97.2,1.0,W@1.1,3.1,74.5,0.0,0,"St. Paul South, Marion County",810305,St. Paul South,2017-11-21 15:24:50.440369
2013-08-13,02:30,53.6,53.9,52.7,96.6,1.0,SW@0.3,2.1,74.4,0.0,0,"St. Paul South, Marion County",810305,St. Paul South,2017-11-21 15:24:50.440369
2013-08-13,02:45,52.5,52.7,51.6,96.5,1.0,W@0.9,2.4,74.3,0.0,0,"St. Paul South, Marion County",810305,St. Paul South,2017-11-21 15:24:50.440369
2013-08-13,03:00,51.7,51.9,50.8,96.7,1.0,NW@2.3,3.5,74.2,0.0,0,"St. Paul South, Marion County",810305,St. Paul South,2017-11-21 15:24:50.440369
2013-08-13,03:15,51.6,51.8,50.8,97.1,1.0,NW@0.5,2.1,74.1,0.0,0,"St. Paul South, Marion County",810305,St. Paul South,2017-11-21 15:24:50.440369
2013-08-13,03:30,50.9,51.1,50.1,97.1,1.0,SW@0.0,1.4,74.0,0.0,0,"St. Paul South, Marion County",810305,St. Paul South,2017-11-21 15:24:50.440369
2013-08-13,03:45,50.2,50.4,49.5,97.1,1.0,NW@0.4,1.7,73.9,0.0,0,"St. Paul South, Marion County",810305,St. Paul South,2017-11-21 15:24:50.440369
2013-08-13,04:00,49.3,49.5,48.6,97.2,1.0,N@0.0,0.0,73.9,0.0,0,"St. Paul South, Marion County",810305,St. Paul South,2017-11-21 15:24:50.440369
2013-08-13,04:15,48.5,48.7,47.8,97.3,1.0,N@0.0,0.0,73.8,0.0,0,"St. Paul South, Marion County",810305,St. Paul South,2017-11-21 15:24:50.440369
2013-08-13,04:30,47.9,48.1,47.2,97.5,1.0,N@0.0,0.0,73.7,0.0,0,"St. Paul South, Marion County",810305,St. Paul South,2017-11-21 15:24:50.440369
2013-08-13,04:45,47.3,47.5,46.7,97.5,1.0,N@0.0,0.0,73.6,0.0,0,"St. Paul South, Marion County",810305,St. Paul South,2017-11-21 15:24:50.440369
2013-08-13,05:00,46.9,47.2,46.4,97.8,1.0,W@0.1,1.7,73.5,0.0,0,"St. Paul South, Marion County",810305,St. Paul South,2017-11-21 15:24:50.440369
2013-08-13,05:15,46.7,46.9,46.1,97.9,1.0,N@0.0,0.0,73.4,0.0,3,"St. Paul South, Marion County",810305,St. Paul South,2017-11-21 15:24:50.440369
2013-08-13,05:30,46.5,46.7,45.9,98.0,1.0,N@0.0,0.0,73.3,0.0,12,"St. Paul South, Marion County",810305,St. Paul South,2017-11-21 15:24:50.440369
2013-08-13,05:45,47.0,47.1,46.6,98.3,1.0,SW@0.2,2.1,73.2,0.0,42,"St. Paul South, Marion County",810305,St. Paul South,2017-11-21 15:24:50.440369
2013-08-13,06:00,47.6,47.7,47.1,98.1,1.0,S@1.4,2.1,73.1,0.0,46,"St. Paul South, Marion County",810305,St. Paul South,2017-11-21 15:24:50.440369
2013-08-13,06:15,49.4,49.5,49.1,98.6,1.0,SW@0.7,1.7,73.0,0.0,134,"St. Paul South, Marion County",810305,St. Paul South,2017-11-21 15:24:50.440369
2013-08-13,06:30,53.0,53.0,52.4,97.9,1.0,W@0.5,2.1,72.9,0.0,177,"St. Paul South, Marion County",810305,St. Paul South,2017-11-21 15:24:50.440369
2013-08-13,06:45,54.8,54.7,53.2,94.4,0.34,W@2.5,3.9,72.8,0.0,221,"St. Paul South, Marion County",810305,St. Paul South,2017-11-21 15:24:50.440369
2013-08-13,07:00,56.9,56.5,54.0,89.8,0.0,NW@2.1,4.2,72.7,0.0,266,"St. Paul South, Marion County",810305,St. Paul South,2017-11-21 15:24:50.440369
2013-08-13,07:15,58.5,58.1,54.2,85.5,0.0,W@1.3,3.1,72.6,0.0,310,"St. Paul South, Marion County",810305,St. Paul South,2017-11-21 15:24:50.440369
2013-08-13,07:30,60.3,60.0,54.8,82.1,0.0,NW@0.5,3.1,72.5,0.0,355,"St. Paul South, Marion County",810305,St. Paul South,2017-11-21 15:24:50.440369
2013-08-13,07:45,61.5,61.4,54.9,78.9,0.0,NE@1.1,3.5,72.4,0.0,399,"St. Paul South, Marion County",810305,St. Paul South,2017-11-21 15:24:50.440369
2013-08-13,08:00,63.2,63.1,55.2,75.2,0.0,E@1.1,4.2,72.4,0.0,444,"St. Paul South, Marion County",810305,St. Paul South,2017-11-21 15:24:50.440369
2013-08-13,08:15,63.3,63.2,55.0,74.3,0.0,E@1.1,3.5,72.3,0.0,467,"St. Paul South, Marion County",810305,St. Paul South,2017-11-21 15:24:50.440369
2013-08-13,08:30,64.5,64.1,55.7,73.0,0.0,SE@2.1,4.2,72.2,0.0,525,"St. Paul South, Marion County",810305,St. Paul South,2017-11-21 15:24:50.440369
2013-08-13,08:45,65.3,65.2,55.5,70.6,0.0,E@2.6,5.7,72.2,0.0,564,"St. Paul South, Marion County",810305,St. Paul South,2017-11-21 15:24:50.440369
2013-08-13,09:00,65.5,65.6,54.8,68.3,0.0,NE@2.8,6.7,72.2,0.0,603,"St. Paul South, Marion County",810305,St. Paul South,2017-11-21 15:24:50.440369
2013-08-13,09:15,66.5,66.8,55.3,67.1,0.0,N@2.7,7.4,72.2,0.0,613,"St. Paul South, Marion County",810305,St. Paul South,2017-11-21 15:24:50.440369
2013-08-13,09:30,67.4,67.1,55.6,65.8,0.0,W@2.9,5.3,72.2,0.0,668,"St. Paul South, Marion County",810305,St. Paul South,2017-11-21 15:24:50.440369
2013-08-13,09:45,67.6,67.3,55.7,65.6,0.0,S@2.5,4.9,72.2,0.0,690,"St. Paul South, Marion County",810305,St. Paul South,2017-11-21 15:24:50.440369
2013-08-13,10:00,69.0,68.9,56.3,63.9,0.0,NW@2.1,5.7,72.3,0.0,654,"St. Paul South, Marion County",810305,St. Paul South,2017-11-21 15:24:50.440369
2013-08-13,10:15,70.2,70.0,56.5,61.7,0.0,SW@2.9,5.7,72.4,0.0,757,"St. Paul South, Marion County",810305,St. Paul South,2017-11-21 15:24:50.440369
2013-08-13,10:30,71.6,71.7,56.8,59.6,0.0,N@2.9,5.7,72.4,0.0,775,"St. Paul South, Marion County",810305,St. Paul South,2017-11-21 15:24:50.440369
2013-08-13,10:45,71.5,71.6,56.9,59.9,0.0,NW@3.9,8.2,72.5,0.0,792,"St. Paul South, Marion County",810305,St. Paul South,2017-11-21 15:24:50.440369
2013-08-13,11:00,72.6,72.4,57.1,58.3,0.0,W@3.3,6.7,72.6,0.0,808,"St. Paul South, Marion County",810305,St. Paul South,2017-11-21 15:24:50.440369
2013-08-13,11:15,73.3,73.0,57.6,58.0,0.0,W@3.6,6.4,72.8,0.0,827,"St. Paul South, Marion County",810305,St. Paul South,2017-11-21 15:24:50.440369
2013-08-13,11:30,75.0,74.6,58.0,55.5,0.0,W@3.4,6.7,72.9,0.0,820,"St. Paul South, Marion County",810305,St. Paul South,2017-11-21 15:24:50.440369
2013-08-13,11:45,75.4,75.1,58.2,55.2,0.0,W@3.6,7.1,73.0,0.0,779,"St. Paul South, Marion County",810305,St. Paul South,2017-11-21 15:24:50.440369
2013-08-13,12:00,75.9,76.0,57.9,53.6,0.0,N@3.9,6.7,73.2,0.0,823,"St. Paul South, Marion County",810305,St. Paul South,2017-11-21 15:24:50.440369
2013-08-13,12:15,76.5,76.3,58.0,52.7,0.0,W@3.4,6.7,73.4,0.0,742,"St. Paul South, Marion County",810305,St. Paul South,2017-11-21 15:24:50.440369
2013-08-13,12:30,77.7,77.9,57.0,48.8,0.0,NW@4.1,8.2,73.6,0.0,824,"St. Paul South, Marion County",810305,St. Paul South,2017-11-21 15:24:50.440369
2013-08-13,12:45,78.1,78.0,55.4,45.6,0.0,W@2.7,7.4,73.8,0.0,782,"St. Paul South, Marion County",810305,St. Paul South,2017-11-21 15:24:50.440369
2013-08-13,13:00,79.0,79.0,56.9,46.7,0.0,NW@2.9,6.7,74.0,0.0,857,"St. Paul South, Marion County",810305,St. Paul South,2017-11-21 15:24:50.440369
2013-08-13,13:15,79.4,79.2,54.5,42.2,0.0,NE@4.6,8.5,74.2,0.0,835,"St. Paul South, Marion County",810305,St. Paul South,2017-11-21 15:24:50.440369
2013-08-13,13:30,80.9,80.9,54.4,40.0,0.0,NW@3.7,7.4,74.4,0.0,809,"St. Paul South, Marion County",810305,St. Paul South,2017-11-21 15:24:50.440369
2013-08-13,13:45,80.9,80.5,53.1,38.2,0.0,W@3.8,7.8,74.6,0.0,774,"St. Paul South, Marion County",810305,St. Paul South,2017-11-21 15:24:50.440369
2013-08-13,14:00,81.9,81.9,53.6,37.7,0.0,NW@3.7,7.4,74.8,0.0,769,"St. Paul South, Marion County",810305,St. Paul South,2017-11-21 15:24:50.440369
2013-08-13,14:15,82.4,82.9,54.7,38.6,0.0,NW@3.9,8.9,75.0,0.0,743,"St. Paul South, Marion County",810305,St. Paul South,2017-11-21 15:24:50.440369
2013-08-13,14:30,82.7,82.8,53.9,37.1,0.0,NW@3.4,8.5,75.1,0.0,696,"St. Paul South, Marion County",810305,St. Paul South,2017-11-21 15:24:50.440369
2013-08-13,14:45,82.5,82.3,54.5,38.2,0.0,W@3.1,6.7,75.3,0.0,646,"St. Paul South, Marion County",810305,St. Paul South,2017-11-21 15:24:50.440369
2013-08-13,15:00,83.3,83.3,52.1,34.0,0.0,NW@3.7,7.1,75.5,0.0,638,"St. Paul South, Marion County",810305,St. Paul South,2017-11-21 15:24:50.440369
2013-08-13,15:15,84.0,84.2,50.7,31.7,0.0,N@3.3,8.2,75.7,0.0,600,"St. Paul South, Marion County",810305,St. Paul South,2017-11-21 15:24:50.440369
2013-08-13,15:30,84.9,85.0,52.2,32.5,0.0,NW@3.4,7.4,75.8,0.0,573,"St. Paul South, Marion County",810305,St. Paul South,2017-11-21 15:24:50.440369
2013-08-13,15:45,84.8,84.5,51.8,32.1,0.0,W@3.9,7.4,76.0,0.0,540,"St. Paul South, Marion County",810305,St. Paul South,2017-11-21 15:24:50.440369
2013-08-13,16:00,84.5,84.5,52.4,33.1,0.0,W@3.4,7.4,76.1,0.0,485,"St. Paul South, Marion County",810305,St. Paul South,2017-11-21 15:24:50.440369
2013-08-13,16:15,84.6,84.5,52.1,32.6,0.0,NW@2.5,6.0,76.3,0.0,445,"St. Paul South, Marion County",810305,St. Paul South,2017-11-21 15:24:50.440369
2013-08-13,16:30,83.9,83.8,51.8,33.0,0.0,E@2.7,4.2,76.4,0.0,401,"St. Paul South, Marion County",810305,St. Paul South,2017-11-21 15:24:50.440369
2013-08-13,16:45,84.8,84.9,52.1,32.5,0.0,S@1.8,3.9,76.5,0.0,362,"St. Paul South, Marion County",810305,St. Paul South,2017-11-21 15:24:50.440369
2013-08-13,17:00,85.2,84.9,54.3,34.8,0.0,SW@2.0,3.1,76.7,0.0,295,"St. Paul South, Marion County",810305,St. Paul South,2017-11-21 15:24:50.440369
2013-08-13,17:15,83.5,82.9,58.0,42.0,0.0,W@1.9,4.2,76.8,0.0,209,"St. Paul South, Marion County",810305,St. Paul South,2017-11-21 15:24:50.440369
2013-08-13,17:30,82.0,81.4,64.2,54.9,0.0,W@0.4,2.1,76.9,0.0,157,"St. Paul South, Marion County",810305,St. Paul South,2017-11-21 15:24:50.440369
2013-08-13,17:45,78.7,78.2,65.9,64.7,0.0,SE@1.4,2.8,77.0,0.0,156,"St. Paul South, Marion County",810305,St. Paul South,2017-11-21 15:24:50.440369
2013-08-13,18:00,78.7,78.5,64.4,61.5,0.0,SE@1.2,2.8,77.1,0.0,161,"St. Paul South, Marion County",810305,St. Paul South,2017-11-21 15:24:50.440369
2013-08-13,18:15,76.9,76.5,65.2,67.2,0.0,S@0.3,1.7,77.1,0.0,92,"St. Paul South, Marion County",810305,St. Paul South,2017-11-21 15:24:50.440369
2013-08-13,18:30,74.1,73.6,64.5,71.9,0.0,S@1.5,2.8,77.2,0.0,74,"St. Paul South, Marion County",810305,St. Paul South,2017-11-21 15:24:50.440369
2013-08-13,18:45,72.0,71.9,66.5,83.0,0.0,SW@0.7,2.1,77.3,0.0,44,"St. Paul South, Marion County",810305,St. Paul South,2017-11-21 15:24:50.440369
2013-08-13,19:00,69.5,69.4,64.3,83.4,0.0,SE@0.4,2.8,77.3,0.0,19,"St. Paul South, Marion County",810305,St. Paul South,2017-11-21 15:24:50.440369
2013-08-13,19:15,67.2,67.0,62.6,85.3,0.0,E@0.1,1.4,77.4,0.0,8,"St. Paul South, Marion County",810305,St. Paul South,2017-11-21 15:24:50.440369
2013-08-13,19:30,65.1,65.1,62.0,89.6,0.59,SW@0.7,2.8,77.4,0.0,1,"St. Paul South, Marion County",810305,St. Paul South,2017-11-21 15:24:50.440369
2013-08-13,19:45,63.7,63.8,61.3,91.9,1.0,SW@1.5,2.8,77.4,0.0,0,"St. Paul South, Marion County",810305,St. Paul South,2017-11-21 15:24:50.440369
2013-08-13,20:00,62.4,62.5,60.3,92.9,1.0,S@0.5,1.7,77.5,0.0,0,"St. Paul South, Marion County",810305,St. Paul South,2017-11-21 15:24:50.440369
2013-08-13,20:15,61.2,61.3,59.3,93.4,1.0,SW@1.8,4.2,77.5,0.0,0,"St. Paul South, Marion County",810305,St. Paul South,2017-11-21 15:24:50.440369
2013-08-13,20:30,60.3,60.6,58.8,94.5,1.0,SW@0.4,2.1,77.5,0.0,0,"St. Paul South, Marion County",810305,St. Paul South,2017-11-21 15:24:50.440369
2013-08-13,20:45,59.6,59.8,58.1,94.6,1.0,SW@1.8,3.9,77.5,0.0,0,"St. Paul South, Marion County",810305,St. Paul South,2017-11-21 15:24:50.440369
2013-08-13,21:00,59.3,59.6,57.9,94.9,1.0,W@1.1,2.8,77.4,0.0,0,"St. Paul South, Marion County",810305,St. Paul South,2017-11-21 15:24:50.440369
2013-08-13,21:15,58.7,59.0,57.3,95.0,1.0,SW@1.9,2.8,77.4,0.0,0,"St. Paul South, Marion County",810305,St. Paul South,2017-11-21 15:24:50.440369
2013-08-13,21:30,58.2,58.5,56.8,95.0,1.0,N@0.4,1.7,77.4,0.0,0,"St. Paul South, Marion County",810305,St. Paul South,2017-11-21 15:24:50.440369
2013-08-13,21:45,57.7,57.9,56.3,95.0,1.0,NE@0.2,1.4,77.3,0.0,0,"St. Paul South, Marion County",810305,St. Paul South,2017-11-21 15:24:50.440369
2013-08-13,22:00,57.3,57.5,56.0,95.4,1.0,E@0.9,2.4,77.3,0.0,0,"St. Paul South, Marion County",810305,St. Paul South,2017-11-21 15:24:50.440369
2013-08-13,22:15,56.6,56.8,55.3,95.4,1.0,E@0.6,2.4,77.2,0.0,0,"St. Paul South, Marion County",810305,St. Paul South,2017-11-21 15:24:50.440369
2013-08-13,22:30,56.0,56.2,54.7,95.4,1.0,E@0.7,2.4,77.2,0.0,0,"St. Paul South, Marion County",810305,St. Paul South,2017-11-21 15:24:50.440369
2013-08-13,22:45,55.1,55.4,54.0,95.9,1.0,E@0.9,3.1,77.1,0.0,0,"St. Paul South, Marion County",810305,St. Paul South,2017-11-21 15:24:50.440369
2013-08-13,23:00,54.7,55.1,53.8,96.5,1.0,W@0.8,4.2,77.0,0.0,0,"St. Paul South, Marion County",810305,St. Paul South,2017-11-21 15:24:50.440369
2013-08-14,23:15,54.6,54.9,53.7,96.7,1.0,S@0.5,1.7,77.0,0.0,0,"St. Paul South, Marion County",810305,St. Paul South,2017-11-21 15:24:50.440369
2013-08-14,23:30,54.1,54.4,53.2,96.8,1.0,E@0.2,2.1,76.9,0.0,0,"St. Paul South, Marion County",810305,St. Paul South,2017-11-21 15:24:50.440369
2013-08-14,23:45,53.8,54.1,53.0,96.9,1.0,E@0.8,2.1,76.8,0.0,0,"St. Paul South, Marion County",810305,St. Paul South,2017-11-21 15:24:50.440369
2013-08-14,24:00,53.3,53.6,52.5,96.9,1.0,E@1.4,2.8,76.7,0.0,0,"St. Paul South, Marion County",810305,St. Paul South,2017-11-21 15:24:50.440369
