Date,Time PST,Air Temp °F, 2<sup>nd</sup> Air Temp °F, Dew Point °F, Rel Hum %, Leaf Wet u., Wind Dir @ Speed mph, Wind Gust mph, 8 in. Soil Tmp °F, Tot Prec in, Solar Rad W/m²,Location,Station ID,Station Name,Download Timestamp
2017-06-13,00:15,57.5,57.5,38.0,48.1,0.0,S@4.8,10.3,69.3,0.0,0,"Chelan South, Chelan County",330035,Chelan South,2017-12-13 06:28:35.391651
2017-06-13,00:30,55.7,55.7,38.3,51.8,0.0,S@6.1,8.2,69.2,0.0,0,"Chelan South, Chelan County",330035,Chelan South,2017-12-13 06:28:35.391651
2017-06-13,00:45,57.1,57.2,37.5,47.7,0.0,S@4.3,7.8,69.0,0.0,0,"Chelan South, Chelan County",330035,Chelan South,2017-12-13 06:28:35.391651
2017-06-13,01:00,59.2,59.2,36.0,41.8,0.0,SW@3.7,9.9,68.9,0.0,0,"Chelan South, Chelan County",330035,Chelan South,2017-12-13 06:28:35.391651
2017-06-13,01:15,58.7,58.7,35.7,41.9,0.0,S@3.8,7.4,68.8,0.0,0,"Chelan South, Chelan County",330035,Chelan South,2017-12-13 06:28:35.391651
2017-06-13,01:30,57.3,57.2,36.2,45.1,0.0,S@5.1,8.2,68.7,0.0,0,"Chelan South, Chelan County",330035,Chelan South,2017-12-13 06:28:35.391651
2017-06-13,01:45,56.0,56.0,35.8,46.5,0.0,S@5.5,7.8,68.6,0.0,0,"Chelan South, Chelan County",330035,Chelan South,2017-12-13 06:28:35.391651
2017-06-13,02:00,55.4,55.4,35.3,46.6,0.0,SE@4.2,10.7,68.5,0.0,0,"Chelan South, Chelan County",330035,Chelan South,2017-12-13 06:28:35.391651
2017-06-13,02:15,58.8,58.8,33.9,38.9,0.0,SW@3.6,7.1,68.4,0.0,0,"Chelan South, Chelan County",330035,Chelan South,2017-12-13 06:28:35.391651
2017-06-13,02:30,54.7,54.7,35.7,48.5,0.0,S@6.4,8.5,68.2,0.0,0,"Chelan South, Chelan County",330035,Chelan South,2017-12-13 06:28:35.391651
2017-06-13,02:45,54.9,55.0,35.3,47.4,0.0,S@6.3,8.5,68.1,0.0,0,"Chelan South, Chelan County",330035,Chelan South,2017-12-13 06:28:35.391651
2017-06-13,03:00,55.0,55.0,35.7,48.0,0.0,SE@5.1,8.2,68.0,0.0,0,"Chelan South, Chelan County",330035,Chelan South,2017-12-13 06:28:35.391651
2017-06-13,03:15,55.6,55.7,35.5,46.5,0.0,S@5.7,9.2,67.9,0.0,0,"Chelan South, Chelan County",330035,Chelan South,2017-12-13 06:28:35.391651
2017-06-13,03:30,57.2,57.1,34.9,42.9,0.0,SW@3.9,7.1,67.8,0.0,0,"Chelan South, Chelan County",330035,Chelan South,2017-12-13 06:28:35.391651
2017-06-13,03:45,54.0,54.0,35.9,50.3,0.0,S@5.5,7.8,67.7,0.0,0,"Chelan South, Chelan County",330035,Chelan South,2017-12-13 06:28:35.391651
2017-06-13,04:00,53.2,53.2,36.0,52.0,0.0,S@6.2,8.2,67.6,0.0,2,"Chelan South, Chelan County",330035,Chelan South,2017-12-13 06:28:35.391651
2017-06-13,04:15,54.6,54.7,35.8,48.8,0.0,S@4.3,7.8,67.4,0.0,11,"Chelan South, Chelan County",330035,Chelan South,2017-12-13 06:28:35.391651
2017-06-13,04:30,56.8,56.8,35.1,43.9,0.0,SW@4.7,7.8,67.3,0.0,25,"Chelan South, Chelan County",330035,Chelan South,2017-12-13 06:28:35.391651
2017-06-13,04:45,58.5,58.4,35.5,42.0,0.0,SW@3.5,6.7,67.2,0.0,71,"Chelan South, Chelan County",330035,Chelan South,2017-12-13 06:28:35.391651
2017-06-13,05:00,59.3,59.2,36.1,41.9,0.0,SE@2.8,5.7,67.1,0.0,99,"Chelan South, Chelan County",330035,Chelan South,2017-12-13 06:28:35.391651
2017-06-13,05:15,59.4,59.3,38.6,45.9,0.0,SW@4.4,9.2,67.0,0.0,148,"Chelan South, Chelan County",330035,Chelan South,2017-12-13 06:28:35.391651
2017-06-13,05:30,59.5,59.5,38.1,44.8,0.0,SW@4.1,6.7,66.9,0.0,149,"Chelan South, Chelan County",330035,Chelan South,2017-12-13 06:28:35.391651
2017-06-13,05:45,61.0,61.0,36.9,40.5,0.0,NW@3.3,6.0,66.8,0.0,181,"Chelan South, Chelan County",330035,Chelan South,2017-12-13 06:28:35.391651
2017-06-13,06:00,62.0,62.0,36.2,38.2,0.0,SW@3.1,8.2,66.7,0.0,242,"Chelan South, Chelan County",330035,Chelan South,2017-12-13 06:28:35.391651
2017-06-13,06:15,61.1,60.9,37.4,41.2,0.0,SW@5.8,8.5,66.6,0.0,304,"Chelan South, Chelan County",330035,Chelan South,2017-12-13 06:28:35.391651
2017-06-13,06:30,62.2,62.0,37.3,39.6,0.0,S@5.7,10.7,66.5,0.0,353,"Chelan South, Chelan County",330035,Chelan South,2017-12-13 06:28:35.391651
2017-06-13,06:45,62.9,62.8,37.6,38.9,0.0,S@3.8,5.3,66.4,0.0,391,"Chelan South, Chelan County",330035,Chelan South,2017-12-13 06:28:35.391651
2017-06-13,07:00,64.2,63.9,37.0,36.5,0.0,NW@4.4,9.2,66.3,0.0,451,"Chelan South, Chelan County",330035,Chelan South,2017-12-13 06:28:35.391651
2017-06-13,07:15,63.0,62.8,38.0,39.4,0.0,NW@6.5,11.4,66.3,0.0,393,"Chelan South, Chelan County",330035,Chelan South,2017-12-13 06:28:35.391651
2017-06-13,07:30,63.0,62.7,37.3,38.5,0.0,NW@7.5,12.8,66.2,0.0,458,"Chelan South, Chelan County",330035,Chelan South,2017-12-13 06:28:35.391651
2017-06-13,07:45,63.1,62.8,37.6,38.7,0.0,NW@5.7,8.5,66.1,0.0,454,"Chelan South, Chelan County",330035,Chelan South,2017-12-13 06:28:35.391651
2017-06-13,08:00,63.9,63.7,37.0,36.7,0.0,NW@6.1,9.9,66.1,0.0,545,"Chelan South, Chelan County",330035,Chelan South,2017-12-13 06:28:35.391651
2017-06-13,08:15,64.2,64.0,36.6,35.8,0.0,NW@5.2,8.9,66.1,0.0,546,"Chelan South, Chelan County",330035,Chelan South,2017-12-13 06:28:35.391651
2017-06-13,08:30,64.9,64.6,37.1,35.6,0.0,W@8.1,13.2,66.1,0.0,621,"Chelan South, Chelan County",330035,Chelan South,2017-12-13 06:28:35.391651
2017-06-13,08:45,65.3,65.2,37.0,35.0,0.0,W@7.0,12.1,66.1,0.0,655,"Chelan South, Chelan County",330035,Chelan South,2017-12-13 06:28:35.391651
2017-06-13,09:00,65.7,65.5,36.7,34.1,0.0,NW@7.0,12.8,66.1,0.0,687,"Chelan South, Chelan County",330035,Chelan South,2017-12-13 06:28:35.391651
2017-06-13,09:15,66.2,66.0,37.1,34.1,0.0,W@5.5,11.4,66.2,0.0,719,"Chelan South, Chelan County",330035,Chelan South,2017-12-13 06:28:35.391651
2017-06-13,09:30,66.8,66.7,38.1,34.6,0.0,NW@5.9,10.3,66.2,0.0,747,"Chelan South, Chelan County",330035,Chelan South,2017-12-13 06:28:35.391651
2017-06-13,09:45,66.8,66.6,38.4,35.2,0.0,W@5.3,9.6,66.3,0.0,775,"Chelan South, Chelan County",330035,Chelan South,2017-12-13 06:28:35.391651
2017-06-13,10:00,67.3,67.2,38.8,35.0,0.0,NW@6.0,11.0,66.3,0.0,802,"Chelan South, Chelan County",330035,Chelan South,2017-12-13 06:28:35.391651
2017-06-13,10:15,67.6,67.7,37.7,33.1,0.0,N@4.5,9.6,66.4,0.0,827,"Chelan South, Chelan County",330035,Chelan South,2017-12-13 06:28:35.391651
2017-06-13,10:30,67.9,67.6,38.4,33.8,0.0,NW@4.8,7.1,66.5,0.0,847,"Chelan South, Chelan County",330035,Chelan South,2017-12-13 06:28:35.391651
2017-06-13,10:45,68.4,68.2,38.5,33.4,0.0,NW@4.9,8.9,66.6,0.0,865,"Chelan South, Chelan County",330035,Chelan South,2017-12-13 06:28:35.391651
2017-06-13,11:00,68.8,68.6,39.4,34.1,0.0,NW@7.2,10.7,66.8,0.0,880,"Chelan South, Chelan County",330035,Chelan South,2017-12-13 06:28:35.391651
2017-06-13,11:15,69.0,68.8,39.8,34.4,0.0,NW@7.0,14.6,66.9,0.0,894,"Chelan South, Chelan County",330035,Chelan South,2017-12-13 06:28:35.391651
2017-06-13,11:30,69.4,69.2,39.7,33.8,0.0,NW@7.0,11.7,67.0,0.0,904,"Chelan South, Chelan County",330035,Chelan South,2017-12-13 06:28:35.391651
2017-06-13,11:45,69.5,69.4,39.8,33.8,0.0,NW@7.7,12.1,67.2,0.0,911,"Chelan South, Chelan County",330035,Chelan South,2017-12-13 06:28:35.391651
2017-06-13,12:00,70.1,69.9,40.0,33.4,0.0,NW@7.0,9.9,67.4,0.0,915,"Chelan South, Chelan County",330035,Chelan South,2017-12-13 06:28:35.391651
2017-06-13,12:15,70.6,70.4,40.7,33.7,0.0,NW@7.0,11.0,67.5,0.0,917,"Chelan South, Chelan County",330035,Chelan South,2017-12-13 06:28:35.391651
2017-06-13,12:30,70.4,70.3,40.2,33.3,0.0,NW@7.2,12.4,67.7,0.0,918,"Chelan South, Chelan County",330035,Chelan South,2017-12-13 06:28:35.391651
2017-06-13,12:45,70.8,70.7,40.4,33.1,0.0,NW@6.4,9.9,67.9,0.0,908,"Chelan South, Chelan County",330035,Chelan South,2017-12-13 06:28:35.391651
2017-06-13,13:00,70.9,70.7,40.3,32.9,0.0,NW@7.2,9.9,68.1,0.0,901,"Chelan South, Chelan County",330035,Chelan South,2017-12-13 06:28:35.391651
2017-06-13,13:15,71.4,71.2,41.1,33.3,0.0,NW@6.4,9.9,68.3,0.0,889,"Chelan South, Chelan County",330035,Chelan South,2017-12-13 06:28:35.391651
2017-06-13,13:30,71.3,71.1,40.7,32.9,0.0,NW@6.5,11.0,68.5,0.0,871,"Chelan South, Chelan County",330035,Chelan South,2017-12-13 06:28:35.391651
2017-06-13,13:45,71.5,71.4,40.3,32.3,0.0,SW@7.7,13.9,68.7,0.0,857,"Chelan South, Chelan County",330035,Chelan South,2017-12-13 06:28:35.391651
2017-06-13,14:00,71.7,71.5,40.6,32.3,0.0,SW@8.9,13.9,68.9,0.0,839,"Chelan South, Chelan County",330035,Chelan South,2017-12-13 06:28:35.391651
2017-06-13,14:15,72.0,71.9,40.8,32.3,0.0,SW@6.9,12.4,69.1,0.0,820,"Chelan South, Chelan County",330035,Chelan South,2017-12-13 06:28:35.391651
2017-06-13,14:30,71.9,71.7,40.4,31.9,0.0,W@7.5,14.2,69.3,0.0,799,"Chelan South, Chelan County",330035,Chelan South,2017-12-13 06:28:35.391651
2017-06-13,14:45,72.1,72.0,40.7,32.0,0.0,W@7.9,13.9,69.5,0.0,770,"Chelan South, Chelan County",330035,Chelan South,2017-12-13 06:28:35.391651
2017-06-13,15:00,72.2,72.0,40.8,32.1,0.0,W@8.8,14.2,69.7,0.0,739,"Chelan South, Chelan County",330035,Chelan South,2017-12-13 06:28:35.391651
2017-06-13,15:15,72.0,71.8,41.1,32.6,0.0,W@8.5,16.4,69.8,0.0,707,"Chelan South, Chelan County",330035,Chelan South,2017-12-13 06:28:35.391651
2017-06-13,15:30,71.7,71.5,40.8,32.6,0.0,W@7.7,13.9,70.0,0.0,675,"Chelan South, Chelan County",330035,Chelan South,2017-12-13 06:28:35.391651
2017-06-13,15:45,71.4,71.3,40.2,32.2,0.0,SW@6.7,12.8,70.2,0.0,612,"Chelan South, Chelan County",330035,Chelan South,2017-12-13 06:28:35.391651
2017-06-13,16:00,71.3,71.1,40.8,33.1,0.0,SW@7.2,13.2,70.3,0.0,608,"Chelan South, Chelan County",330035,Chelan South,2017-12-13 06:28:35.391651
2017-06-13,16:15,71.0,70.8,40.7,33.3,0.0,W@8.3,13.2,70.4,0.0,576,"Chelan South, Chelan County",330035,Chelan South,2017-12-13 06:28:35.391651
2017-06-13,16:30,70.3,70.1,40.6,34.0,0.0,SW@7.4,11.7,70.6,0.0,474,"Chelan South, Chelan County",330035,Chelan South,2017-12-13 06:28:35.391651
2017-06-13,16:45,70.4,70.2,40.4,33.7,0.0,W@6.5,11.7,70.6,0.0,446,"Chelan South, Chelan County",330035,Chelan South,2017-12-13 06:28:35.391651
2017-06-13,17:00,68.9,68.7,40.3,35.2,0.0,SW@6.8,10.7,70.7,0.0,382,"Chelan South, Chelan County",330035,Chelan South,2017-12-13 06:28:35.391651
2017-06-13,17:15,69.2,69.1,40.3,34.9,0.0,SW@5.9,11.7,70.8,0.0,411,"Chelan South, Chelan County",330035,Chelan South,2017-12-13 06:28:35.391651
2017-06-13,17:30,68.5,68.3,39.6,34.7,0.0,SW@6.3,12.1,70.9,0.0,369,"Chelan South, Chelan County",330035,Chelan South,2017-12-13 06:28:35.391651
2017-06-13,17:45,67.0,66.8,39.8,36.9,0.0,SW@7.4,11.7,71.0,0.0,276,"Chelan South, Chelan County",330035,Chelan South,2017-12-13 06:28:35.391651
2017-06-13,18:00,63.9,63.8,38.8,39.5,0.0,SW@8.5,12.8,71.0,0.0,79,"Chelan South, Chelan County",330035,Chelan South,2017-12-13 06:28:35.391651
2017-06-13,18:15,62.8,62.7,38.5,40.6,0.0,SW@8.3,13.5,71.0,0.0,102,"Chelan South, Chelan County",330035,Chelan South,2017-12-13 06:28:35.391651
2017-06-13,18:30,62.4,62.3,38.1,40.5,0.0,SW@7.8,11.0,71.0,0.0,98,"Chelan South, Chelan County",330035,Chelan South,2017-12-13 06:28:35.391651
2017-06-13,18:45,62.1,62.0,37.8,40.4,0.0,S@8.4,12.4,71.1,0.0,124,"Chelan South, Chelan County",330035,Chelan South,2017-12-13 06:28:35.391651
2017-06-13,19:00,61.7,61.6,37.7,41.0,0.0,S@8.2,11.0,71.1,0.0,86,"Chelan South, Chelan County",330035,Chelan South,2017-12-13 06:28:35.391651
2017-06-13,19:15,60.5,60.5,37.5,42.4,0.0,S@7.2,12.4,71.1,0.0,33,"Chelan South, Chelan County",330035,Chelan South,2017-12-13 06:28:35.391651
2017-06-13,19:30,59.8,59.8,37.1,42.7,0.0,S@6.8,9.9,71.0,0.0,30,"Chelan South, Chelan County",330035,Chelan South,2017-12-13 06:28:35.391651
2017-06-13,19:45,58.7,58.7,37.2,44.6,0.0,SW@6.0,8.5,71.0,0.0,13,"Chelan South, Chelan County",330035,Chelan South,2017-12-13 06:28:35.391651
2017-06-13,20:00,58.8,58.9,36.3,42.9,0.0,S@6.6,11.7,71.0,0.0,8,"Chelan South, Chelan County",330035,Chelan South,2017-12-13 06:28:35.391651
2017-06-13,20:15,57.6,57.6,36.5,45.0,0.0,S@6.5,9.2,70.9,0.0,4,"Chelan South, Chelan County",330035,Chelan South,2017-12-13 06:28:35.391651
2017-06-13,20:30,57.2,57.2,36.4,45.5,0.0,S@6.3,8.2,70.9,0.0,0,"Chelan South, Chelan County",330035,Chelan South,2017-12-13 06:28:35.391651
2017-06-13,20:45,56.6,56.6,36.2,46.2,0.0,S@6.2,10.3,70.8,0.0,0,"Chelan South, Chelan County",330035,Chelan South,2017-12-13 06:28:35.391651
2017-06-13,21:00,57.7,57.7,35.4,43.1,0.0,W@4.3,6.7,70.8,0.0,0,"Chelan South, Chelan County",330035,Chelan South,2017-12-13 06:28:35.391651
2017-06-13,21:15,57.4,57.4,35.8,44.1,0.0,W@3.4,6.4,70.7,0.0,0,"Chelan South, Chelan County",330035,Chelan South,2017-12-13 06:28:35.391651
2017-06-13,21:30,55.0,55.0,36.0,48.5,0.0,S@5.9,8.2,70.6,0.0,0,"Chelan South, Chelan County",330035,Chelan South,2017-12-13 06:28:35.391651
2017-06-13,21:45,55.7,55.8,35.0,45.5,0.0,S@6.3,9.9,70.5,0.0,0,"Chelan South, Chelan County",330035,Chelan South,2017-12-13 06:28:35.391651
2017-06-13,22:00,56.6,56.6,34.4,43.0,0.0,SW@4.2,7.1,70.4,0.0,0,"Chelan South, Chelan County",330035,Chelan South,2017-12-13 06:28:35.391651
2017-06-13,22:15,56.8,56.7,34.4,42.8,0.0,SW@3.5,6.7,70.3,0.0,0,"Chelan South, Chelan County",330035,Chelan South,2017-12-13 06:28:35.391651
2017-06-13,22:30,55.8,55.7,34.4,44.4,0.0,SW@3.7,7.1,70.2,0.0,0,"Chelan South, Chelan County",330035,Chelan South,2017-12-13 06:28:35.391651
2017-06-13,22:45,56.5,56.6,34.0,42.5,0.0,W@4.8,8.2,70.1,0.0,0,"Chelan South, Chelan County",330035,Chelan South,2017-12-13 06:28:35.391651
2017-06-13,23:00,55.3,55.4,34.2,44.8,0.0,S@4.1,6.0,70.0,0.0,0,"Chelan South, Chelan County",330035,Chelan South,2017-12-13 06:28:35.391651
2017-06-14,23:15,55.4,55.5,33.6,43.4,0.0,S@3.6,7.4,69.9,0.0,0,"Chelan South, Chelan County",330035,Chelan South,2017-12-13 06:28:35.391651
2017-06-14,23:30,54.3,54.3,33.9,45.7,0.0,S@5.1,8.2,69.8,0.0,0,"Chelan South, Chelan County",330035,Chelan South,2017-12-13 06:28:35.391651
2017-06-14,23:45,55.3,55.3,33.1,42.9,0.0,S@3.8,7.1,69.6,0.0,0,"Chelan South, Chelan County",330035,Chelan South,2017-12-13 06:28:35.391651
2017-06-14,24:00,54.6,54.6,33.4,44.5,0.0,SW@3.1,6.0,69.5,0.0,0,"Chelan South, Chelan County",330035,Chelan South,2017-12-13 06:28:35.391651
2017-06-14,00:15,53.2,53.1,33.7,47.3,0.0,SW@3.8,7.4,69.4,0.0,0,"Chelan South, Chelan County",330035,Chelan South,2017-12-13 06:28:35.391651
2017-06-14,00:30,53.5,53.5,33.3,46.1,0.0,SW@4.8,7.4,69.3,0.0,0,"Chelan South, Chelan County",330035,Chelan South,2017-12-13 06:28:35.391651
2017-06-14,00:45,53.3,53.2,33.5,46.8,0.0,SW@4.8,7.1,69.2,0.0,0,"Chelan South, Chelan County",330035,Chelan South,2017-12-13 06:28:35.391651
2017-06-14,01:00,52.2,52.2,33.7,49.1,0.0,S@4.8,6.4,69.0,0.0,0,"Chelan South, Chelan County",330035,Chelan South,2017-12-13 06:28:35.391651
2017-06-14,01:15,52.5,52.4,33.8,48.8,0.0,SW@5.2,7.8,68.9,0.0,0,"Chelan South, Chelan County",330035,Chelan South,2017-12-13 06:28:35.391651
2017-06-14,01:30,52.6,52.5,33.7,48.4,0.0,SW@5.4,9.6,68.8,0.0,0,"Chelan South, Chelan County",330035,Chelan South,2017-12-13 06:28:35.391651
2017-06-14,01:45,53.4,53.4,33.5,46.5,0.0,SW@6.1,9.9,68.7,0.0,0,"Chelan South, Chelan County",330035,Chelan South,2017-12-13 06:28:35.391651
2017-06-14,02:00,52.9,52.8,33.6,47.7,0.0,SW@6.1,9.6,68.5,0.0,0,"Chelan South, Chelan County",330035,Chelan South,2017-12-13 06:28:35.391651
2017-06-14,02:15,51.9,51.9,33.8,49.9,0.0,S@5.0,7.1,68.4,0.0,0,"Chelan South, Chelan County",330035,Chelan South,2017-12-13 06:28:35.391651
2017-06-14,02:30,50.7,50.7,33.8,52.0,0.0,S@4.8,7.4,68.3,0.0,0,"Chelan South, Chelan County",330035,Chelan South,2017-12-13 06:28:35.391651
2017-06-14,02:45,50.8,50.8,33.4,51.1,0.0,S@6.5,8.2,68.1,0.0,0,"Chelan South, Chelan County",330035,Chelan South,2017-12-13 06:28:35.391651
2017-06-14,03:00,52.0,52.0,34.0,50.1,0.0,S@5.7,9.2,68.0,0.0,0,"Chelan South, Chelan County",330035,Chelan South,2017-12-13 06:28:35.391651
2017-06-14,03:15,52.9,52.9,34.3,49.0,0.0,S@7.1,11.0,67.9,0.0,0,"Chelan South, Chelan County",330035,Chelan South,2017-12-13 06:28:35.391651
2017-06-14,03:30,52.5,52.5,34.8,50.8,0.0,S@6.7,9.9,67.8,0.0,0,"Chelan South, Chelan County",330035,Chelan South,2017-12-13 06:28:35.391651
2017-06-14,03:45,52.1,52.1,35.0,51.8,0.0,S@6.1,8.5,67.7,0.0,0,"Chelan South, Chelan County",330035,Chelan South,2017-12-13 06:28:35.391651
2017-06-14,04:00,51.5,51.5,35.5,54.2,0.0,S@5.7,8.2,67.5,0.0,2,"Chelan South, Chelan County",330035,Chelan South,2017-12-13 06:28:35.391651
2017-06-14,04:15,51.7,51.8,35.7,54.0,0.0,S@6.1,8.5,67.4,0.0,8,"Chelan South, Chelan County",330035,Chelan South,2017-12-13 06:28:35.391651
2017-06-14,04:30,51.9,51.9,35.8,54.0,0.0,S@5.4,7.8,67.3,0.0,12,"Chelan South, Chelan County",330035,Chelan South,2017-12-13 06:28:35.391651
2017-06-14,04:45,52.4,52.4,36.2,53.7,0.0,S@5.2,7.4,67.2,0.0,30,"Chelan South, Chelan County",330035,Chelan South,2017-12-13 06:28:35.391651
2017-06-14,05:00,51.2,51.2,35.9,55.5,0.0,S@5.4,7.8,67.1,0.0,17,"Chelan South, Chelan County",330035,Chelan South,2017-12-13 06:28:35.391651
2017-06-14,05:15,50.8,50.8,35.6,55.9,0.0,S@5.5,7.1,67.0,0.0,17,"Chelan South, Chelan County",330035,Chelan South,2017-12-13 06:28:35.391651
2017-06-14,05:30,50.2,50.1,36.0,58.1,0.0,S@2.7,6.0,66.8,0.0,20,"Chelan South, Chelan County",330035,Chelan South,2017-12-13 06:28:35.391651
2017-06-14,05:45,49.9,49.8,36.2,59.0,0.0,S@3.6,5.3,66.7,0.0,38,"Chelan South, Chelan County",330035,Chelan South,2017-12-13 06:28:35.391651
2017-06-14,06:00,53.4,53.4,37.3,54.2,0.0,S@3.0,4.9,66.6,0.0,196,"Chelan South, Chelan County",330035,Chelan South,2017-12-13 06:28:35.391651
2017-06-14,06:15,56.7,56.7,37.7,48.9,0.0,N@2.2,3.9,66.5,0.0,268,"Chelan South, Chelan County",330035,Chelan South,2017-12-13 06:28:35.391651
2017-06-14,06:30,56.9,57.2,39.1,51.1,0.0,NE@3.2,4.2,66.4,0.0,309,"Chelan South, Chelan County",330035,Chelan South,2017-12-13 06:28:35.391651
2017-06-14,06:45,57.0,57.2,39.8,52.5,0.0,N@2.8,4.6,66.3,0.0,363,"Chelan South, Chelan County",330035,Chelan South,2017-12-13 06:28:35.391651
2017-06-14,07:00,57.6,57.4,40.0,51.9,0.0,NW@2.8,4.2,66.2,0.0,421,"Chelan South, Chelan County",330035,Chelan South,2017-12-13 06:28:35.391651
2017-06-14,07:15,58.3,58.2,38.2,47.1,0.0,N@3.3,4.9,66.1,0.0,374,"Chelan South, Chelan County",330035,Chelan South,2017-12-13 06:28:35.391651
2017-06-14,07:30,58.2,57.9,38.3,47.4,0.0,NW@3.9,6.0,66.0,0.0,452,"Chelan South, Chelan County",330035,Chelan South,2017-12-13 06:28:35.391651
2017-06-14,07:45,59.0,58.6,38.9,47.1,0.0,NW@4.2,6.0,66.0,0.0,502,"Chelan South, Chelan County",330035,Chelan South,2017-12-13 06:28:35.391651
2017-06-14,08:00,59.5,59.1,39.1,46.7,0.0,NW@4.5,6.4,65.9,0.0,539,"Chelan South, Chelan County",330035,Chelan South,2017-12-13 06:28:35.391651
2017-06-14,08:15,59.7,59.2,38.3,45.0,0.0,NW@4.1,6.4,65.9,0.0,574,"Chelan South, Chelan County",330035,Chelan South,2017-12-13 06:28:35.391651
2017-06-14,08:30,59.9,59.6,38.2,44.4,0.0,NW@4.0,5.7,65.8,0.0,607,"Chelan South, Chelan County",330035,Chelan South,2017-12-13 06:28:35.391651
2017-06-14,08:45,60.9,60.7,37.5,41.7,0.0,N@4.0,5.7,65.8,0.0,672,"Chelan South, Chelan County",330035,Chelan South,2017-12-13 06:28:35.391651
2017-06-14,09:00,61.1,61.4,38.1,42.4,0.0,NE@4.1,5.7,65.8,0.0,722,"Chelan South, Chelan County",330035,Chelan South,2017-12-13 06:28:35.391651
2017-06-14,09:15,61.4,61.8,37.3,40.6,0.0,NE@4.3,6.0,65.9,0.0,803,"Chelan South, Chelan County",330035,Chelan South,2017-12-13 06:28:35.391651
2017-06-14,09:30,61.9,62.2,37.9,40.8,0.0,N@3.8,5.3,65.9,0.0,727,"Chelan South, Chelan County",330035,Chelan South,2017-12-13 06:28:35.391651
2017-06-14,09:45,63.2,63.4,37.0,37.7,0.0,N@3.9,5.7,65.9,0.0,857,"Chelan South, Chelan County",330035,Chelan South,2017-12-13 06:28:35.391651
2017-06-14,10:00,62.7,62.8,36.6,37.7,0.0,N@4.2,6.0,66.0,0.0,775,"Chelan South, Chelan County",330035,Chelan South,2017-12-13 06:28:35.391651
2017-06-14,10:15,62.6,62.8,35.5,36.3,0.0,N@3.7,6.4,66.1,0.0,512,"Chelan South, Chelan County",330035,Chelan South,2017-12-13 06:28:35.391651
2017-06-14,10:30,63.3,63.3,37.3,38.0,0.0,N@3.3,5.3,66.2,0.0,609,"Chelan South, Chelan County",330035,Chelan South,2017-12-13 06:28:35.391651
2017-06-14,10:45,64.5,64.4,37.1,36.2,0.0,N@3.3,6.0,66.3,0.0,713,"Chelan South, Chelan County",330035,Chelan South,2017-12-13 06:28:35.391651
2017-06-14,11:00,64.8,65.1,37.0,35.6,0.0,NE@4.8,7.8,66.4,0.0,741,"Chelan South, Chelan County",330035,Chelan South,2017-12-13 06:28:35.391651
2017-06-14,11:15,64.8,64.9,39.4,39.1,0.0,N@4.6,9.2,66.5,0.0,472,"Chelan South, Chelan County",330035,Chelan South,2017-12-13 06:28:35.391651
2017-06-14,11:30,66.8,66.7,38.4,35.1,0.0,NE@4.9,9.6,66.7,0.0,899,"Chelan South, Chelan County",330035,Chelan South,2017-12-13 06:28:35.391651
2017-06-14,11:45,68.8,68.6,33.0,26.5,0.0,S@7.1,11.7,66.8,0.0,813,"Chelan South, Chelan County",330035,Chelan South,2017-12-13 06:28:35.391651
2017-06-14,12:00,69.8,69.6,34.0,26.7,0.0,S@7.0,11.7,67.0,0.0,833,"Chelan South, Chelan County",330035,Chelan South,2017-12-13 06:28:35.391651
2017-06-14,12:15,69.2,69.1,32.2,25.2,0.0,SW@8.2,14.2,67.1,0.0,662,"Chelan South, Chelan County",330035,Chelan South,2017-12-13 06:28:35.391651
2017-06-14,12:30,68.0,67.8,31.4,25.6,0.0,SW@7.3,11.7,67.3,0.0,361,"Chelan South, Chelan County",330035,Chelan South,2017-12-13 06:28:35.391651
2017-06-14,12:45,68.0,67.9,30.6,24.6,0.0,S@7.2,14.6,67.4,0.0,367,"Chelan South, Chelan County",330035,Chelan South,2017-12-13 06:28:35.391651
2017-06-14,13:00,69.3,69.1,32.4,25.5,0.0,S@8.5,14.2,67.6,0.0,611,"Chelan South, Chelan County",330035,Chelan South,2017-12-13 06:28:35.391651
2017-06-14,13:15,70.0,69.8,30.7,23.1,0.0,S@9.1,14.6,67.8,0.0,558,"Chelan South, Chelan County",330035,Chelan South,2017-12-13 06:28:35.391651
2017-06-14,13:30,70.3,70.2,32.0,24.1,0.0,S@7.3,12.1,67.9,0.0,628,"Chelan South, Chelan County",330035,Chelan South,2017-12-13 06:28:35.391651
2017-06-14,13:45,71.2,71.0,33.1,24.5,0.0,S@7.1,13.5,68.0,0.0,759,"Chelan South, Chelan County",330035,Chelan South,2017-12-13 06:28:35.391651
2017-06-14,14:00,71.1,71.0,33.4,24.9,0.0,SW@6.5,11.4,68.2,0.0,622,"Chelan South, Chelan County",330035,Chelan South,2017-12-13 06:28:35.391651
2017-06-14,14:15,70.9,70.8,33.2,24.9,0.0,W@6.3,10.3,68.3,0.0,585,"Chelan South, Chelan County",330035,Chelan South,2017-12-13 06:28:35.391651
2017-06-14,14:30,70.0,69.9,33.1,25.6,0.0,W@7.1,12.4,68.4,0.0,407,"Chelan South, Chelan County",330035,Chelan South,2017-12-13 06:28:35.391651
2017-06-14,14:45,71.6,71.5,34.8,25.8,0.0,W@7.7,15.3,68.6,0.0,824,"Chelan South, Chelan County",330035,Chelan South,2017-12-13 06:28:35.391651
2017-06-14,15:00,70.9,70.7,34.4,26.1,0.0,W@9.5,20.0,68.7,0.0,482,"Chelan South, Chelan County",330035,Chelan South,2017-12-13 06:28:35.391651
2017-06-14,15:15,69.9,69.8,34.9,27.4,0.0,W@9.3,16.4,68.8,0.0,411,"Chelan South, Chelan County",330035,Chelan South,2017-12-13 06:28:35.391651
2017-06-14,15:30,70.9,70.8,36.4,28.2,0.0,W@8.3,12.4,68.9,0.0,495,"Chelan South, Chelan County",330035,Chelan South,2017-12-13 06:28:35.391651
2017-06-14,15:45,69.4,69.3,35.8,29.1,0.0,SW@8.0,15.0,69.0,0.0,277,"Chelan South, Chelan County",330035,Chelan South,2017-12-13 06:28:35.391651
2017-06-14,16:00,69.4,69.4,36.9,30.2,0.0,W@7.0,11.7,69.1,0.0,276,"Chelan South, Chelan County",330035,Chelan South,2017-12-13 06:28:35.391651
2017-06-14,16:15,69.4,69.3,36.8,30.2,0.0,W@6.9,11.0,69.2,0.0,246,"Chelan South, Chelan County",330035,Chelan South,2017-12-13 06:28:35.391651
2017-06-14,16:30,69.0,69.0,37.2,31.1,0.0,W@6.3,10.3,69.3,0.0,220,"Chelan South, Chelan County",330035,Chelan South,2017-12-13 06:28:35.391651
2017-06-14,16:45,68.8,68.7,37.7,32.0,0.0,W@8.1,11.7,69.3,0.0,245,"Chelan South, Chelan County",330035,Chelan South,2017-12-13 06:28:35.391651
2017-06-14,17:00,68.5,68.5,37.0,31.3,0.0,SW@9.0,13.2,69.4,0.0,235,"Chelan South, Chelan County",330035,Chelan South,2017-12-13 06:28:35.391651
2017-06-14,17:15,68.0,67.9,37.1,32.1,0.0,W@8.0,12.4,69.5,0.0,177,"Chelan South, Chelan County",330035,Chelan South,2017-12-13 06:28:35.391651
2017-06-14,17:30,67.6,67.6,36.2,31.3,0.0,W@8.7,14.2,69.5,0.0,170,"Chelan South, Chelan County",330035,Chelan South,2017-12-13 06:28:35.391651
2017-06-14,17:45,67.4,67.3,36.8,32.4,0.0,W@8.2,15.3,69.6,0.0,148,"Chelan South, Chelan County",330035,Chelan South,2017-12-13 06:28:35.391651
2017-06-14,18:00,67.2,67.1,37.6,33.6,0.0,W@7.7,11.4,69.6,0.0,140,"Chelan South, Chelan County",330035,Chelan South,2017-12-13 06:28:35.391651
2017-06-14,18:15,66.8,66.8,37.9,34.4,0.0,W@7.3,11.7,69.6,0.0,126,"Chelan South, Chelan County",330035,Chelan South,2017-12-13 06:28:35.391651
2017-06-14,18:30,66.5,66.5,36.9,33.5,0.0,W@8.1,12.8,69.7,0.0,99,"Chelan South, Chelan County",330035,Chelan South,2017-12-13 06:28:35.391651
2017-06-14,18:45,67.0,66.9,36.5,32.5,0.0,SW@7.2,11.0,69.7,0.0,137,"Chelan South, Chelan County",330035,Chelan South,2017-12-13 06:28:35.391651
2017-06-14,19:00,67.1,67.1,36.3,32.0,0.0,SW@6.7,9.9,69.7,0.0,115,"Chelan South, Chelan County",330035,Chelan South,2017-12-13 06:28:35.391651
2017-06-14,19:15,66.4,66.4,36.4,32.9,0.0,SW@5.8,8.9,69.7,0.0,96,"Chelan South, Chelan County",330035,Chelan South,2017-12-13 06:28:35.391651
2017-06-14,19:30,65.4,65.4,35.8,33.3,0.0,SW@5.9,8.9,69.7,0.0,45,"Chelan South, Chelan County",330035,Chelan South,2017-12-13 06:28:35.391651
2017-06-14,19:45,64.1,64.1,35.6,34.5,0.0,S@5.6,8.5,69.6,0.0,16,"Chelan South, Chelan County",330035,Chelan South,2017-12-13 06:28:35.391651
2017-06-14,20:00,62.9,62.9,35.3,35.6,0.0,S@6.1,8.2,69.6,0.0,7,"Chelan South, Chelan County",330035,Chelan South,2017-12-13 06:28:35.391651
2017-06-14,20:15,61.8,61.8,35.5,37.3,0.0,SW@5.3,8.5,69.6,0.0,2,"Chelan South, Chelan County",330035,Chelan South,2017-12-13 06:28:35.391651
2017-06-14,20:30,60.8,60.9,35.9,39.2,0.0,SW@6.0,8.9,69.6,0.0,0,"Chelan South, Chelan County",330035,Chelan South,2017-12-13 06:28:35.391651
2017-06-14,20:45,60.5,60.4,36.7,41.1,0.0,SW@4.8,7.1,69.6,0.0,0,"Chelan South, Chelan County",330035,Chelan South,2017-12-13 06:28:35.391651
2017-06-14,21:00,58.9,58.9,37.6,44.8,0.0,S@4.4,6.0,69.5,0.0,0,"Chelan South, Chelan County",330035,Chelan South,2017-12-13 06:28:35.391651
2017-06-14,21:15,58.1,58.1,37.4,45.8,0.0,SW@4.1,6.4,69.5,0.0,0,"Chelan South, Chelan County",330035,Chelan South,2017-12-13 06:28:35.391651
2017-06-14,21:30,58.8,58.7,36.7,43.6,0.0,SW@5.1,7.1,69.4,0.0,0,"Chelan South, Chelan County",330035,Chelan South,2017-12-13 06:28:35.391651
2017-06-14,21:45,59.2,59.3,36.7,42.8,0.0,SW@6.5,9.2,69.4,0.0,0,"Chelan South, Chelan County",330035,Chelan South,2017-12-13 06:28:35.391651
2017-06-14,22:00,59.6,59.6,36.1,41.3,0.0,SW@6.8,9.9,69.3,0.0,0,"Chelan South, Chelan County",330035,Chelan South,2017-12-13 06:28:35.391651
2017-06-14,22:15,59.5,59.5,36.1,41.4,0.0,SW@5.1,8.9,69.2,0.0,0,"Chelan South, Chelan County",330035,Chelan South,2017-12-13 06:28:35.391651
2017-06-14,22:30,58.4,58.3,36.9,44.6,0.0,SW@4.9,6.4,69.2,0.0,0,"Chelan South, Chelan County",330035,Chelan South,2017-12-13 06:28:35.391651
2017-06-14,22:45,57.4,57.4,37.1,46.5,0.0,SW@5.3,6.4,69.1,0.0,0,"Chelan South, Chelan County",330035,Chelan South,2017-12-13 06:28:35.391651
2017-06-14,23:00,57.2,57.2,37.0,46.7,0.0,SW@6.1,8.2,69.0,0.0,0,"Chelan South, Chelan County",330035,Chelan South,2017-12-13 06:28:35.391651
2017-06-15,23:15,57.7,57.7,36.6,45.1,0.0,SW@5.6,8.5,68.9,0.0,0,"Chelan South, Chelan County",330035,Chelan South,2017-12-13 06:28:35.391651
2017-06-15,23:30,58.1,58.1,35.8,43.1,0.0,SW@6.0,8.2,68.8,0.0,0,"Chelan South, Chelan County",330035,Chelan South,2017-12-13 06:28:35.391651
2017-06-15,23:45,58.0,58.0,35.9,43.4,0.0,SW@5.5,7.4,68.7,0.0,0,"Chelan South, Chelan County",330035,Chelan South,2017-12-13 06:28:35.391651
2017-06-15,24:00,57.5,57.5,36.2,44.7,0.0,SW@5.2,7.1,68.6,0.0,0,"Chelan South, Chelan County",330035,Chelan South,2017-12-13 06:28:35.391651
2017-06-15,00:15,57.1,57.1,36.4,45.7,0.0,SW@5.4,7.1,68.5,0.0,0,"Chelan South, Chelan County",330035,Chelan South,2017-12-13 06:28:35.391651
2017-06-15,00:30,56.4,56.4,37.0,47.9,0.0,SW@4.7,6.4,68.4,0.0,0,"Chelan South, Chelan County",330035,Chelan South,2017-12-13 06:28:35.391651
2017-06-15,00:45,55.8,55.8,37.2,49.5,0.0,SW@4.7,6.4,68.3,0.0,0,"Chelan South, Chelan County",330035,Chelan South,2017-12-13 06:28:35.391651
2017-06-15,01:00,56.9,56.9,36.9,47.0,0.0,SW@4.3,8.2,68.2,0.0,0,"Chelan South, Chelan County",330035,Chelan South,2017-12-13 06:28:35.391651
2017-06-15,01:15,56.6,56.5,37.2,48.1,0.0,SW@2.8,4.9,68.1,0.0,0,"Chelan South, Chelan County",330035,Chelan South,2017-12-13 06:28:35.391651
2017-06-15,01:30,55.4,55.4,37.8,51.3,0.0,SW@3.3,4.6,68.0,0.0,0,"Chelan South, Chelan County",330035,Chelan South,2017-12-13 06:28:35.391651
2017-06-15,01:45,55.0,55.1,37.9,52.3,0.0,SW@3.4,4.9,67.9,0.0,0,"Chelan South, Chelan County",330035,Chelan South,2017-12-13 06:28:35.391651
2017-06-15,02:00,55.3,55.3,37.6,51.1,0.0,SW@4.4,6.4,67.8,0.0,0,"Chelan South, Chelan County",330035,Chelan South,2017-12-13 06:28:35.391651
2017-06-15,02:15,55.5,55.6,37.7,51.0,0.0,SW@3.8,5.3,67.7,0.0,0,"Chelan South, Chelan County",330035,Chelan South,2017-12-13 06:28:35.391651
2017-06-15,02:30,55.0,55.0,38.2,52.9,0.0,S@3.2,4.6,67.6,0.0,0,"Chelan South, Chelan County",330035,Chelan South,2017-12-13 06:28:35.391651
2017-06-15,02:45,54.0,54.0,38.8,56.3,0.0,S@2.8,3.9,67.6,0.0,0,"Chelan South, Chelan County",330035,Chelan South,2017-12-13 06:28:35.391651
2017-06-15,03:00,54.0,54.0,39.8,58.6,0.0,S@2.1,3.1,67.5,0.0,0,"Chelan South, Chelan County",330035,Chelan South,2017-12-13 06:28:35.391651
2017-06-15,03:15,53.4,53.4,39.8,59.8,0.0,S@2.9,4.6,67.4,0.0,0,"Chelan South, Chelan County",330035,Chelan South,2017-12-13 06:28:35.391651
2017-06-15,03:30,52.5,52.5,39.9,62.0,0.0,S@3.5,4.2,67.3,0.0,0,"Chelan South, Chelan County",330035,Chelan South,2017-12-13 06:28:35.391651
2017-06-15,03:45,53.5,53.5,39.4,58.6,0.0,SW@3.1,4.2,67.2,0.0,0,"Chelan South, Chelan County",330035,Chelan South,2017-12-13 06:28:35.391651
2017-06-15,04:00,53.9,53.9,39.4,57.7,0.0,S@2.5,3.9,67.1,0.0,0,"Chelan South, Chelan County",330035,Chelan South,2017-12-13 06:28:35.391651
2017-06-15,04:15,53.8,53.8,39.4,58.1,0.0,S@2.8,4.6,67.0,0.0,3,"Chelan South, Chelan County",330035,Chelan South,2017-12-13 06:28:35.391651
2017-06-15,04:30,54.3,54.3,40.3,58.8,0.0,E@0.6,2.1,66.9,0.0,7,"Chelan South, Chelan County",330035,Chelan South,2017-12-13 06:28:35.391651
2017-06-15,04:45,53.5,53.4,41.7,64.2,0.0,S@2.6,4.2,66.8,0.0,14,"Chelan South, Chelan County",330035,Chelan South,2017-12-13 06:28:35.391651
2017-06-15,05:00,53.1,53.1,42.9,68.2,0.0,S@3.2,4.2,66.7,0.0,17,"Chelan South, Chelan County",330035,Chelan South,2017-12-13 06:28:35.391651
2017-06-15,05:15,53.5,53.5,42.5,66.2,0.0,SW@2.6,3.5,66.6,0.0,26,"Chelan South, Chelan County",330035,Chelan South,2017-12-13 06:28:35.391651
2017-06-15,05:30,54.1,54.0,42.8,65.5,0.0,SW@1.8,3.5,66.6,0.0,35,"Chelan South, Chelan County",330035,Chelan South,2017-12-13 06:28:35.391651
2017-06-15,05:45,54.5,54.4,42.9,64.8,0.0,W@0.8,3.9,66.5,0.0,36,"Chelan South, Chelan County",330035,Chelan South,2017-12-13 06:28:35.391651
2017-06-15,06:00,55.3,55.3,44.0,65.6,0.0,E@1.8,3.5,66.4,0.0,109,"Chelan South, Chelan County",330035,Chelan South,2017-12-13 06:28:35.391651
2017-06-15,06:15,56.0,56.0,44.1,64.1,0.0,SW@2.7,3.9,66.3,0.0,138,"Chelan South, Chelan County",330035,Chelan South,2017-12-13 06:28:35.391651
2017-06-15,06:30,56.5,56.5,43.1,60.8,0.0,NW@3.5,5.7,66.2,0.0,148,"Chelan South, Chelan County",330035,Chelan South,2017-12-13 06:28:35.391651
2017-06-15,06:45,56.6,56.5,43.8,62.2,0.0,NW@3.6,6.7,66.2,0.0,191,"Chelan South, Chelan County",330035,Chelan South,2017-12-13 06:28:35.391651
2017-06-15,07:00,57.5,57.4,42.1,56.5,0.0,W@1.9,3.5,66.1,0.0,204,"Chelan South, Chelan County",330035,Chelan South,2017-12-13 06:28:35.391651
2017-06-15,07:15,57.3,57.2,42.9,58.5,0.0,NW@2.8,4.2,66.0,0.0,176,"Chelan South, Chelan County",330035,Chelan South,2017-12-13 06:28:35.391651
2017-06-15,07:30,57.6,57.5,43.1,58.2,0.0,NW@2.4,3.9,66.0,0.0,255,"Chelan South, Chelan County",330035,Chelan South,2017-12-13 06:28:35.391651
2017-06-15,07:45,58.2,58.0,42.8,56.4,0.0,NW@3.0,4.6,65.9,0.0,345,"Chelan South, Chelan County",330035,Chelan South,2017-12-13 06:28:35.391651
2017-06-15,08:00,59.0,58.8,42.4,54.0,0.0,NW@3.2,4.9,65.8,0.0,382,"Chelan South, Chelan County",330035,Chelan South,2017-12-13 06:28:35.391651
2017-06-15,08:15,60.2,59.9,43.3,53.7,0.0,N@3.1,4.2,65.8,0.0,500,"Chelan South, Chelan County",330035,Chelan South,2017-12-13 06:28:35.391651
2017-06-15,08:30,61.1,61.1,42.1,49.4,0.0,N@3.4,5.7,65.8,0.0,529,"Chelan South, Chelan County",330035,Chelan South,2017-12-13 06:28:35.391651
2017-06-15,08:45,61.4,61.5,41.7,48.1,0.0,N@3.0,5.3,65.8,0.0,540,"Chelan South, Chelan County",330035,Chelan South,2017-12-13 06:28:35.391651
2017-06-15,09:00,61.7,61.8,41.8,47.9,0.0,N@3.7,5.3,65.8,0.0,631,"Chelan South, Chelan County",330035,Chelan South,2017-12-13 06:28:35.391651
2017-06-15,09:15,62.4,62.4,42.5,48.0,0.0,N@4.1,6.0,65.8,0.0,753,"Chelan South, Chelan County",330035,Chelan South,2017-12-13 06:28:35.391651
2017-06-15,09:30,62.9,63.0,43.5,49.1,0.0,NE@3.8,6.0,65.8,0.0,751,"Chelan South, Chelan County",330035,Chelan South,2017-12-13 06:28:35.391651
2017-06-15,09:45,64.5,64.8,42.1,43.9,0.0,N@4.7,6.7,65.8,0.0,698,"Chelan South, Chelan County",330035,Chelan South,2017-12-13 06:28:35.391651
2017-06-15,10:00,64.8,64.7,42.2,43.7,0.0,N@4.6,6.7,65.8,0.0,529,"Chelan South, Chelan County",330035,Chelan South,2017-12-13 06:28:35.391651
2017-06-15,10:15,64.9,65.0,42.4,43.8,0.0,N@4.0,6.4,65.9,0.0,406,"Chelan South, Chelan County",330035,Chelan South,2017-12-13 06:28:35.391651
2017-06-15,10:30,64.7,64.7,42.9,45.0,0.0,NE@4.6,7.1,65.9,0.0,320,"Chelan South, Chelan County",330035,Chelan South,2017-12-13 06:28:35.391651
2017-06-15,10:45,64.3,64.4,42.7,45.2,0.0,NE@3.9,5.3,66.0,0.0,283,"Chelan South, Chelan County",330035,Chelan South,2017-12-13 06:28:35.391651
2017-06-15,11:00,64.1,64.1,43.9,47.8,0.0,N@2.9,4.6,66.1,0.0,229,"Chelan South, Chelan County",330035,Chelan South,2017-12-13 06:28:35.391651
2017-06-15,11:15,64.2,64.2,43.2,46.3,0.0,NW@2.2,4.2,66.2,0.0,232,"Chelan South, Chelan County",330035,Chelan South,2017-12-13 06:28:35.391651
2017-06-15,11:30,65.0,64.9,44.0,46.4,0.0,NW@2.3,3.9,66.3,0.0,283,"Chelan South, Chelan County",330035,Chelan South,2017-12-13 06:28:35.391651
2017-06-15,11:45,66.2,66.1,43.2,43.2,0.0,SW@3.3,8.5,66.4,0.0,431,"Chelan South, Chelan County",330035,Chelan South,2017-12-13 06:28:35.391651
2017-06-15,12:00,66.1,66.0,42.8,42.7,0.0,SW@3.9,7.8,66.5,0.0,343,"Chelan South, Chelan County",330035,Chelan South,2017-12-13 06:28:35.391651
2017-06-15,12:15,66.1,66.0,44.2,45.0,0.0,SE@2.6,6.0,66.6,0.0,272,"Chelan South, Chelan County",330035,Chelan South,2017-12-13 06:28:35.391651
2017-06-15,12:30,65.6,65.5,43.6,44.8,0.0,NE@5.0,9.2,66.7,0.0,298,"Chelan South, Chelan County",330035,Chelan South,2017-12-13 06:28:35.391651
2017-06-15,12:45,65.5,65.5,43.4,44.6,0.0,SE@7.4,12.8,66.8,0.0,279,"Chelan South, Chelan County",330035,Chelan South,2017-12-13 06:28:35.391651
2017-06-15,13:00,65.8,65.7,43.9,45.0,0.0,SE@3.9,9.6,66.9,0.0,259,"Chelan South, Chelan County",330035,Chelan South,2017-12-13 06:28:35.391651
2017-06-15,13:15,65.5,65.4,44.6,46.7,0.02,SE@5.9,9.6,66.9,0.0,208,"Chelan South, Chelan County",330035,Chelan South,2017-12-13 06:28:35.391651
2017-06-15,13:30,65.5,65.4,45.4,48.1,0.68,E@3.3,8.5,67.0,0.0,205,"Chelan South, Chelan County",330035,Chelan South,2017-12-13 06:28:35.391651
2017-06-15,13:45,64.5,64.5,47.6,54.1,0.75,SE@4.1,7.8,67.1,0.0,158,"Chelan South, Chelan County",330035,Chelan South,2017-12-13 06:28:35.391651
2017-06-15,14:00,63.2,63.2,48.7,59.0,0.9,SW@3.4,6.7,67.1,0.0,128,"Chelan South, Chelan County",330035,Chelan South,2017-12-13 06:28:35.391651
2017-06-15,14:15,62.2,62.1,51.3,67.2,1.0,SW@2.1,3.9,67.2,0.0,178,"Chelan South, Chelan County",330035,Chelan South,2017-12-13 06:28:35.391651
2017-06-15,14:30,62.7,62.7,50.3,63.7,1.0,W@2.5,4.9,67.3,0.0,272,"Chelan South, Chelan County",330035,Chelan South,2017-12-13 06:28:35.391651
2017-06-15,14:45,62.5,62.4,49.4,62.2,1.0,NW@2.9,4.6,67.3,0.0,225,"Chelan South, Chelan County",330035,Chelan South,2017-12-13 06:28:35.391651
2017-06-15,15:00,62.2,62.1,49.9,64.1,1.0,W@2.2,4.9,67.3,0.0,184,"Chelan South, Chelan County",330035,Chelan South,2017-12-13 06:28:35.391651
2017-06-15,15:15,61.5,61.4,50.5,67.1,0.9,W@3.4,6.7,67.4,0.0,152,"Chelan South, Chelan County",330035,Chelan South,2017-12-13 06:28:35.391651
2017-06-15,15:30,61.1,61.1,50.5,68.0,0.71,NW@3.1,4.9,67.4,0.0,102,"Chelan South, Chelan County",330035,Chelan South,2017-12-13 06:28:35.391651
2017-06-15,15:45,60.8,60.6,51.6,71.8,0.99,W@1.7,3.1,67.4,0.01,105,"Chelan South, Chelan County",330035,Chelan South,2017-12-13 06:28:35.391651
2017-06-15,16:00,60.1,60.0,50.8,71.3,1.0,SW@1.1,2.8,67.5,0.0,89,"Chelan South, Chelan County",330035,Chelan South,2017-12-13 06:28:35.391651
2017-06-15,16:15,59.8,59.7,51.8,74.6,1.0,SW@0.6,2.8,67.5,0.0,82,"Chelan South, Chelan County",330035,Chelan South,2017-12-13 06:28:35.391651
2017-06-15,16:30,59.1,58.9,53.3,81.1,1.0,SW@1.7,2.8,67.5,0.01,44,"Chelan South, Chelan County",330035,Chelan South,2017-12-13 06:28:35.391651
2017-06-15,16:45,58.5,58.4,53.9,84.6,1.0,SW@2.5,3.5,67.5,0.0,49,"Chelan South, Chelan County",330035,Chelan South,2017-12-13 06:28:35.391651
2017-06-15,17:00,58.2,58.1,53.8,85.2,1.0,SW@2.8,3.9,67.5,0.0,53,"Chelan South, Chelan County",330035,Chelan South,2017-12-13 06:28:35.391651
2017-06-15,17:15,58.0,58.0,53.4,84.3,1.0,SW@3.1,3.9,67.5,0.0,37,"Chelan South, Chelan County",330035,Chelan South,2017-12-13 06:28:35.391651
2017-06-15,17:30,58.4,58.3,53.6,84.1,1.0,SW@2.6,3.9,67.5,0.01,119,"Chelan South, Chelan County",330035,Chelan South,2017-12-13 06:28:35.391651
2017-06-15,17:45,59.2,59.2,52.9,79.5,0.95,SW@2.6,4.2,67.5,0.0,140,"Chelan South, Chelan County",330035,Chelan South,2017-12-13 06:28:35.391651
2017-06-15,18:00,59.1,59.0,53.0,80.2,0.93,W@3.0,4.9,67.5,0.0,82,"Chelan South, Chelan County",330035,Chelan South,2017-12-13 06:28:35.391651
2017-06-15,18:15,58.7,58.6,54.0,84.1,0.92,NW@3.3,4.9,67.5,0.0,67,"Chelan South, Chelan County",330035,Chelan South,2017-12-13 06:28:35.391651
2017-06-15,18:30,58.1,58.0,53.7,85.4,0.87,W@4.1,5.7,67.5,0.0,25,"Chelan South, Chelan County",330035,Chelan South,2017-12-13 06:28:35.391651
2017-06-15,18:45,57.8,57.7,53.7,86.2,0.81,W@2.9,4.9,67.5,0.0,23,"Chelan South, Chelan County",330035,Chelan South,2017-12-13 06:28:35.391651
2017-06-15,19:00,57.7,57.6,54.4,88.5,0.77,W@1.6,3.1,67.5,0.0,28,"Chelan South, Chelan County",330035,Chelan South,2017-12-13 06:28:35.391651
2017-06-15,19:15,57.7,57.6,54.2,87.8,0.74,NW@2.0,3.9,67.4,0.0,29,"Chelan South, Chelan County",330035,Chelan South,2017-12-13 06:28:35.391651
2017-06-15,19:30,56.9,56.8,54.0,89.8,0.6,W@2.9,4.9,67.4,0.0,11,"Chelan South, Chelan County",330035,Chelan South,2017-12-13 06:28:35.391651
2017-06-15,19:45,56.5,56.5,53.6,89.8,0.33,NW@2.8,4.9,67.4,0.0,4,"Chelan South, Chelan County",330035,Chelan South,2017-12-13 06:28:35.391651
2017-06-15,20:00,56.1,56.1,53.1,89.4,0.1,NW@3.9,6.4,67.4,0.0,3,"Chelan South, Chelan County",330035,Chelan South,2017-12-13 06:28:35.391651
2017-06-15,20:15,55.7,55.6,52.7,89.6,0.01,W@2.6,5.3,67.4,0.0,1,"Chelan South, Chelan County",330035,Chelan South,2017-12-13 06:28:35.391651
2017-06-15,20:30,55.5,55.4,52.6,89.8,0.0,W@0.3,2.4,67.3,0.0,0,"Chelan South, Chelan County",330035,Chelan South,2017-12-13 06:28:35.391651
2017-06-15,20:45,55.4,55.3,52.4,89.6,0.0,W@1.2,3.1,67.3,0.0,0,"Chelan South, Chelan County",330035,Chelan South,2017-12-13 06:28:35.391651
2017-06-15,21:00,55.4,55.3,52.7,90.6,0.01,S@1.6,2.8,67.2,0.0,0,"Chelan South, Chelan County",330035,Chelan South,2017-12-13 06:28:35.391651
2017-06-15,21:15,55.4,55.3,52.8,90.9,0.04,W@0.7,2.4,67.2,0.0,0,"Chelan South, Chelan County",330035,Chelan South,2017-12-13 06:28:35.391651
2017-06-15,21:30,55.2,55.2,52.9,91.7,0.0,S@1.7,3.1,67.1,0.0,0,"Chelan South, Chelan County",330035,Chelan South,2017-12-13 06:28:35.391651
2017-06-15,21:45,55.1,55.1,52.8,91.8,0.0,S@2.2,3.1,67.1,0.0,0,"Chelan South, Chelan County",330035,Chelan South,2017-12-13 06:28:35.391651
2017-06-15,22:00,55.4,55.3,52.5,90.2,0.0,W@1.2,3.9,67.1,0.0,0,"Chelan South, Chelan County",330035,Chelan South,2017-12-13 06:28:35.391651
2017-06-15,22:15,55.1,55.0,52.4,90.4,0.0,SE@1.9,2.8,67.0,0.0,0,"Chelan South, Chelan County",330035,Chelan South,2017-12-13 06:28:35.391651
2017-06-15,22:30,54.8,54.7,52.4,91.7,0.0,NW@2.2,5.7,67.0,0.0,0,"Chelan South, Chelan County",330035,Chelan South,2017-12-13 06:28:35.391651
2017-06-15,22:45,54.9,54.9,52.3,90.7,0.0,W@2.2,4.9,66.9,0.0,0,"Chelan South, Chelan County",330035,Chelan South,2017-12-13 06:28:35.391651
2017-06-15,23:00,55.0,54.9,52.1,90.0,0.0,W@4.2,8.5,66.8,0.0,0,"Chelan South, Chelan County",330035,Chelan South,2017-12-13 06:28:35.391651
2017-06-16,23:15,54.8,54.7,52.0,90.2,0.0,W@1.9,4.6,66.8,0.0,0,"Chelan South, Chelan County",330035,Chelan South,2017-12-13 06:28:35.391651
2017-06-16,23:30,54.4,54.3,51.8,90.7,0.0,E@1.2,3.1,66.7,0.0,0,"Chelan South, Chelan County",330035,Chelan South,2017-12-13 06:28:35.391651
2017-06-16,23:45,54.5,54.4,52.2,91.9,0.0,E@3.0,9.2,66.6,0.0,0,"Chelan South, Chelan County",330035,Chelan South,2017-12-13 06:28:35.391651
2017-06-16,24:00,55.0,55.0,52.5,91.3,0.0,W@3.9,8.2,66.6,0.0,0,"Chelan South, Chelan County",330035,Chelan South,2017-12-13 06:28:35.391651
2017-06-16,00:15,55.0,54.9,52.5,91.2,0.0,SW@3.1,8.2,66.5,0.0,0,"Chelan South, Chelan County",330035,Chelan South,2017-12-13 06:28:35.391651
2017-06-16,00:30,55.2,55.2,52.0,88.9,0.0,W@5.1,8.9,66.5,0.0,0,"Chelan South, Chelan County",330035,Chelan South,2017-12-13 06:28:35.391651
2017-06-16,00:45,55.5,55.5,51.7,86.8,0.0,W@4.6,8.5,66.4,0.0,0,"Chelan South, Chelan County",330035,Chelan South,2017-12-13 06:28:35.391651
2017-06-16,01:00,55.5,55.5,51.8,87.2,0.0,W@3.5,7.1,66.3,0.0,0,"Chelan South, Chelan County",330035,Chelan South,2017-12-13 06:28:35.391651
2017-06-16,01:15,55.6,55.6,51.4,85.7,0.0,SW@4.3,7.8,66.3,0.0,0,"Chelan South, Chelan County",330035,Chelan South,2017-12-13 06:28:35.391651
2017-06-16,01:30,55.6,55.6,51.9,87.0,0.0,SW@2.6,5.3,66.2,0.0,0,"Chelan South, Chelan County",330035,Chelan South,2017-12-13 06:28:35.391651
2017-06-16,01:45,55.4,55.3,51.9,87.8,0.0,E@1.5,3.1,66.1,0.0,0,"Chelan South, Chelan County",330035,Chelan South,2017-12-13 06:28:35.391651
2017-06-16,02:00,55.2,55.1,52.0,88.8,0.0,W@2.7,4.9,66.1,0.0,0,"Chelan South, Chelan County",330035,Chelan South,2017-12-13 06:28:35.391651
2017-06-16,02:15,54.9,54.8,52.1,90.4,0.0,S@2.8,4.2,66.0,0.0,0,"Chelan South, Chelan County",330035,Chelan South,2017-12-13 06:28:35.391651
2017-06-16,02:30,54.8,54.8,52.2,90.8,0.0,S@2.1,4.2,65.9,0.0,0,"Chelan South, Chelan County",330035,Chelan South,2017-12-13 06:28:35.391651
2017-06-16,02:45,54.8,54.7,52.0,90.3,0.0,E@2.2,4.2,65.9,0.0,0,"Chelan South, Chelan County",330035,Chelan South,2017-12-13 06:28:35.391651
2017-06-16,03:00,55.0,55.0,51.9,89.2,0.0,SW@3.2,4.9,65.8,0.0,0,"Chelan South, Chelan County",330035,Chelan South,2017-12-13 06:28:35.391651
2017-06-16,03:15,54.7,54.6,51.8,89.7,0.0,S@2.5,4.2,65.7,0.0,0,"Chelan South, Chelan County",330035,Chelan South,2017-12-13 06:28:35.391651
2017-06-16,03:30,54.5,54.4,51.8,90.3,0.0,S@1.5,4.2,65.7,0.0,0,"Chelan South, Chelan County",330035,Chelan South,2017-12-13 06:28:35.391651
2017-06-16,03:45,54.8,54.9,51.4,87.9,0.0,SW@3.4,7.8,65.6,0.0,0,"Chelan South, Chelan County",330035,Chelan South,2017-12-13 06:28:35.391651
2017-06-16,04:00,55.0,55.0,51.1,86.7,0.0,W@4.3,6.7,65.6,0.0,0,"Chelan South, Chelan County",330035,Chelan South,2017-12-13 06:28:35.391651
2017-06-16,04:15,54.7,54.7,51.2,87.6,0.0,W@3.4,7.1,65.5,0.0,3,"Chelan South, Chelan County",330035,Chelan South,2017-12-13 06:28:35.391651
2017-06-16,04:30,55.4,55.4,50.9,84.7,0.0,W@4.9,7.1,65.5,0.0,8,"Chelan South, Chelan County",330035,Chelan South,2017-12-13 06:28:35.391651
2017-06-16,04:45,55.8,55.8,51.2,84.3,0.0,W@5.5,7.8,65.4,0.0,18,"Chelan South, Chelan County",330035,Chelan South,2017-12-13 06:28:35.391651
2017-06-16,05:00,56.6,56.5,51.5,83.0,0.0,SW@4.1,7.8,65.4,0.0,57,"Chelan South, Chelan County",330035,Chelan South,2017-12-13 06:28:35.391651
2017-06-16,05:15,56.6,56.5,51.9,84.2,0.0,W@4.6,11.7,65.3,0.0,70,"Chelan South, Chelan County",330035,Chelan South,2017-12-13 06:28:35.391651
2017-06-16,05:30,55.9,55.8,52.2,87.2,0.02,NW@4.8,13.2,65.2,0.0,55,"Chelan South, Chelan County",330035,Chelan South,2017-12-13 06:28:35.391651
2017-06-16,05:45,55.9,55.8,52.3,87.6,0.0,NW@3.8,7.8,65.2,0.0,58,"Chelan South, Chelan County",330035,Chelan South,2017-12-13 06:28:35.391651
2017-06-16,06:00,55.9,55.8,52.1,87.1,0.35,W@4.1,7.4,65.1,0.0,57,"Chelan South, Chelan County",330035,Chelan South,2017-12-13 06:28:35.391651
2017-06-16,06:15,56.1,56.0,52.2,86.7,0.58,W@2.5,4.9,65.1,0.0,82,"Chelan South, Chelan County",330035,Chelan South,2017-12-13 06:28:35.391651
2017-06-16,06:30,56.7,56.6,52.4,85.4,0.49,W@2.9,4.6,65.0,0.0,122,"Chelan South, Chelan County",330035,Chelan South,2017-12-13 06:28:35.391651
2017-06-16,06:45,57.6,57.6,52.7,83.7,0.02,W@3.4,4.9,65.0,0.0,147,"Chelan South, Chelan County",330035,Chelan South,2017-12-13 06:28:35.391651
2017-06-16,07:00,57.8,57.7,52.9,83.7,0.0,W@4.8,7.4,64.9,0.0,182,"Chelan South, Chelan County",330035,Chelan South,2017-12-13 06:28:35.391651
2017-06-16,07:15,60.0,60.0,51.5,73.5,0.0,SW@7.8,14.2,64.9,0.0,180,"Chelan South, Chelan County",330035,Chelan South,2017-12-13 06:28:35.391651
2017-06-16,07:30,61.5,61.5,50.9,68.0,0.0,SW@5.1,10.3,64.8,0.0,166,"Chelan South, Chelan County",330035,Chelan South,2017-12-13 06:28:35.391651
2017-06-16,07:45,62.4,62.3,50.3,64.4,0.0,S@5.4,9.6,64.8,0.0,245,"Chelan South, Chelan County",330035,Chelan South,2017-12-13 06:28:35.391651
2017-06-16,08:00,63.9,63.8,50.3,61.1,0.0,S@6.2,12.8,64.8,0.0,347,"Chelan South, Chelan County",330035,Chelan South,2017-12-13 06:28:35.391651
2017-06-16,08:15,63.9,63.7,50.7,62.3,0.0,S@5.0,12.1,64.7,0.0,300,"Chelan South, Chelan County",330035,Chelan South,2017-12-13 06:28:35.391651
2017-06-16,08:30,63.7,63.6,50.0,60.9,0.0,S@7.5,12.8,64.7,0.0,284,"Chelan South, Chelan County",330035,Chelan South,2017-12-13 06:28:35.391651
2017-06-16,08:45,63.4,63.3,49.8,61.3,0.0,S@7.8,12.1,64.7,0.0,226,"Chelan South, Chelan County",330035,Chelan South,2017-12-13 06:28:35.391651
2017-06-16,09:00,63.4,63.3,49.9,61.2,0.0,S@6.8,12.1,64.7,0.0,255,"Chelan South, Chelan County",330035,Chelan South,2017-12-13 06:28:35.391651
2017-06-16,09:15,64.1,64.0,49.4,58.8,0.0,S@9.0,14.2,64.7,0.0,335,"Chelan South, Chelan County",330035,Chelan South,2017-12-13 06:28:35.391651
2017-06-16,09:30,64.1,64.0,48.3,56.5,0.0,S@8.1,13.9,64.7,0.0,275,"Chelan South, Chelan County",330035,Chelan South,2017-12-13 06:28:35.391651
2017-06-16,09:45,63.9,63.8,47.6,55.3,0.0,S@9.0,15.3,64.7,0.0,279,"Chelan South, Chelan County",330035,Chelan South,2017-12-13 06:28:35.391651
2017-06-16,10:00,64.4,64.3,47.1,53.3,0.0,S@8.4,12.1,64.7,0.0,317,"Chelan South, Chelan County",330035,Chelan South,2017-12-13 06:28:35.391651
2017-06-16,10:15,65.1,65.0,47.2,52.4,0.0,S@6.8,13.5,64.7,0.0,379,"Chelan South, Chelan County",330035,Chelan South,2017-12-13 06:28:35.391651
2017-06-16,10:30,66.0,65.9,45.8,48.0,0.0,SW@6.4,12.8,64.7,0.0,377,"Chelan South, Chelan County",330035,Chelan South,2017-12-13 06:28:35.391651
2017-06-16,10:45,65.9,65.8,46.0,48.5,0.0,SW@6.3,11.7,64.7,0.0,392,"Chelan South, Chelan County",330035,Chelan South,2017-12-13 06:28:35.391651
2017-06-16,11:00,66.3,66.2,43.2,42.9,0.0,S@8.6,15.7,64.7,0.0,421,"Chelan South, Chelan County",330035,Chelan South,2017-12-13 06:28:35.391651
2017-06-16,11:15,66.7,66.6,41.7,40.1,0.0,SW@8.9,16.7,64.7,0.0,428,"Chelan South, Chelan County",330035,Chelan South,2017-12-13 06:28:35.391651
2017-06-16,11:30,67.0,66.9,41.2,38.9,0.0,SW@10.3,17.1,64.7,0.0,563,"Chelan South, Chelan County",330035,Chelan South,2017-12-13 06:28:35.391651
2017-06-16,11:45,67.7,67.5,40.1,36.4,0.0,SW@10.0,18.5,64.7,0.0,553,"Chelan South, Chelan County",330035,Chelan South,2017-12-13 06:28:35.391651
2017-06-16,12:00,68.1,67.9,38.9,34.2,0.0,SW@10.5,17.8,64.8,0.0,600,"Chelan South, Chelan County",330035,Chelan South,2017-12-13 06:28:35.391651
2017-06-16,12:15,67.9,67.7,38.2,33.5,0.0,SW@10.0,18.2,64.8,0.0,546,"Chelan South, Chelan County",330035,Chelan South,2017-12-13 06:28:35.391651
2017-06-16,12:30,67.8,67.6,36.4,31.3,0.0,SW@13.5,19.2,64.9,0.0,571,"Chelan South, Chelan County",330035,Chelan South,2017-12-13 06:28:35.391651
2017-06-16,12:45,68.2,68.1,36.6,31.2,0.0,SW@13.8,22.5,64.9,0.0,759,"Chelan South, Chelan County",330035,Chelan South,2017-12-13 06:28:35.391651
2017-06-16,13:00,68.4,68.2,37.4,32.0,0.0,SW@13.0,19.2,64.9,0.0,628,"Chelan South, Chelan County",330035,Chelan South,2017-12-13 06:28:35.391651
2017-06-16,13:15,69.5,69.3,37.1,30.5,0.0,SW@13.6,20.7,65.0,0.0,851,"Chelan South, Chelan County",330035,Chelan South,2017-12-13 06:28:35.391651
2017-06-16,13:30,68.9,68.7,36.1,29.8,0.0,SW@15.8,23.2,65.0,0.0,821,"Chelan South, Chelan County",330035,Chelan South,2017-12-13 06:28:35.391651
2017-06-16,13:45,68.8,68.6,37.2,31.3,0.0,SW@12.5,20.7,65.1,0.0,574,"Chelan South, Chelan County",330035,Chelan South,2017-12-13 06:28:35.391651
2017-06-16,14:00,66.5,66.4,36.6,33.0,0.0,SW@13.8,24.3,65.2,0.0,284,"Chelan South, Chelan County",330035,Chelan South,2017-12-13 06:28:35.391651
2017-06-16,14:15,67.9,67.7,36.5,31.4,0.0,SW@15.7,21.8,65.2,0.0,748,"Chelan South, Chelan County",330035,Chelan South,2017-12-13 06:28:35.391651
2017-06-16,14:30,68.9,68.6,36.2,30.0,0.0,SW@15.6,23.5,65.3,0.0,758,"Chelan South, Chelan County",330035,Chelan South,2017-12-13 06:28:35.391651
2017-06-16,14:45,69.4,69.2,37.1,30.4,0.0,SW@15.5,23.2,65.4,0.0,833,"Chelan South, Chelan County",330035,Chelan South,2017-12-13 06:28:35.391651
2017-06-16,15:00,68.9,68.6,37.1,31.0,0.0,SW@15.0,22.8,65.5,0.0,763,"Chelan South, Chelan County",330035,Chelan South,2017-12-13 06:28:35.391651
2017-06-16,15:15,69.3,69.0,37.8,31.5,0.0,SW@13.4,24.3,65.5,0.0,725,"Chelan South, Chelan County",330035,Chelan South,2017-12-13 06:28:35.391651
2017-06-16,15:30,69.0,68.8,38.1,32.2,0.0,SW@13.8,22.8,65.6,0.0,689,"Chelan South, Chelan County",330035,Chelan South,2017-12-13 06:28:35.391651
2017-06-16,15:45,69.4,69.1,38.5,32.2,0.0,SW@13.0,21.4,65.7,0.0,656,"Chelan South, Chelan County",330035,Chelan South,2017-12-13 06:28:35.391651
2017-06-16,16:00,69.0,68.7,37.3,31.2,0.0,SW@15.1,24.6,65.8,0.0,652,"Chelan South, Chelan County",330035,Chelan South,2017-12-13 06:28:35.391651
2017-06-16,16:15,68.5,68.2,36.2,30.4,0.0,SW@16.1,23.5,65.8,0.0,547,"Chelan South, Chelan County",330035,Chelan South,2017-12-13 06:28:35.391651
2017-06-16,16:30,68.4,68.1,36.3,30.6,0.0,SW@15.8,25.0,65.9,0.0,495,"Chelan South, Chelan County",330035,Chelan South,2017-12-13 06:28:35.391651
2017-06-16,16:45,67.5,67.3,35.8,31.0,0.0,SW@15.5,22.8,66.0,0.0,391,"Chelan South, Chelan County",330035,Chelan South,2017-12-13 06:28:35.391651
2017-06-16,17:00,67.6,67.4,35.0,29.8,0.0,SW@15.0,23.9,66.0,0.0,428,"Chelan South, Chelan County",330035,Chelan South,2017-12-13 06:28:35.391651
2017-06-16,17:15,67.2,66.9,34.8,30.1,0.0,SW@15.4,22.1,66.1,0.0,414,"Chelan South, Chelan County",330035,Chelan South,2017-12-13 06:28:35.391651
2017-06-16,17:30,67.0,66.7,35.2,30.8,0.0,SW@13.7,22.5,66.2,0.0,375,"Chelan South, Chelan County",330035,Chelan South,2017-12-13 06:28:35.391651
2017-06-16,17:45,66.5,66.2,35.4,31.5,0.0,SW@13.7,20.7,66.2,0.0,322,"Chelan South, Chelan County",330035,Chelan South,2017-12-13 06:28:35.391651
2017-06-16,18:00,65.9,65.7,34.9,31.5,0.0,SW@14.9,23.5,66.2,0.0,290,"Chelan South, Chelan County",330035,Chelan South,2017-12-13 06:28:35.391651
2017-06-16,18:15,65.5,65.2,34.4,31.3,0.0,SW@15.7,25.7,66.3,0.0,242,"Chelan South, Chelan County",330035,Chelan South,2017-12-13 06:28:35.391651
2017-06-16,18:30,65.0,64.8,33.8,31.1,0.0,SW@15.9,23.5,66.3,0.0,193,"Chelan South, Chelan County",330035,Chelan South,2017-12-13 06:28:35.391651
2017-06-16,18:45,64.6,64.4,33.8,31.6,0.0,SW@14.1,23.5,66.3,0.0,166,"Chelan South, Chelan County",330035,Chelan South,2017-12-13 06:28:35.391651
2017-06-16,19:00,63.8,63.7,34.3,33.1,0.0,SW@12.4,18.9,66.4,0.0,131,"Chelan South, Chelan County",330035,Chelan South,2017-12-13 06:28:35.391651
2017-06-16,19:15,63.0,63.0,34.5,34.4,0.0,SW@12.0,18.5,66.4,0.0,89,"Chelan South, Chelan County",330035,Chelan South,2017-12-13 06:28:35.391651
2017-06-16,19:30,62.3,62.3,34.7,35.5,0.0,SW@12.2,17.5,66.4,0.0,51,"Chelan South, Chelan County",330035,Chelan South,2017-12-13 06:28:35.391651
2017-06-16,19:45,61.0,61.0,35.5,38.5,0.0,SW@12.4,17.5,66.4,0.0,12,"Chelan South, Chelan County",330035,Chelan South,2017-12-13 06:28:35.391651
2017-06-16,20:00,60.3,60.3,35.9,40.0,0.0,SW@13.1,19.2,66.4,0.0,7,"Chelan South, Chelan County",330035,Chelan South,2017-12-13 06:28:35.391651
2017-06-16,20:15,59.7,59.7,36.1,41.3,0.0,SW@12.2,17.8,66.4,0.0,3,"Chelan South, Chelan County",330035,Chelan South,2017-12-13 06:28:35.391651
2017-06-16,20:30,59.5,59.5,36.1,41.6,0.0,SW@12.2,18.2,66.3,0.0,0,"Chelan South, Chelan County",330035,Chelan South,2017-12-13 06:28:35.391651
2017-06-16,20:45,59.1,59.1,36.0,42.0,0.0,SW@10.4,14.6,66.3,0.0,0,"Chelan South, Chelan County",330035,Chelan South,2017-12-13 06:28:35.391651
2017-06-16,21:00,59.0,59.0,35.8,41.8,0.0,SW@10.5,15.3,66.3,0.0,0,"Chelan South, Chelan County",330035,Chelan South,2017-12-13 06:28:35.391651
2017-06-16,21:15,59.2,59.2,35.7,41.3,0.0,SW@10.9,17.1,66.3,0.0,0,"Chelan South, Chelan County",330035,Chelan South,2017-12-13 06:28:35.391651
2017-06-16,21:30,58.3,58.3,36.0,43.1,0.0,SW@10.0,14.2,66.2,0.0,0,"Chelan South, Chelan County",330035,Chelan South,2017-12-13 06:28:35.391651
2017-06-16,21:45,57.8,57.8,35.8,43.6,0.0,SW@8.0,12.1,66.2,0.0,0,"Chelan South, Chelan County",330035,Chelan South,2017-12-13 06:28:35.391651
2017-06-16,22:00,58.0,58.0,35.9,43.5,0.0,SW@9.4,13.5,66.1,0.0,0,"Chelan South, Chelan County",330035,Chelan South,2017-12-13 06:28:35.391651
2017-06-16,22:15,57.8,57.8,36.2,44.2,0.0,SW@9.0,12.8,66.1,0.0,0,"Chelan South, Chelan County",330035,Chelan South,2017-12-13 06:28:35.391651
2017-06-16,22:30,57.8,57.8,36.2,44.3,0.0,SW@9.1,13.5,66.0,0.0,0,"Chelan South, Chelan County",330035,Chelan South,2017-12-13 06:28:35.391651
2017-06-16,22:45,57.2,57.2,36.5,45.7,0.0,SW@7.8,13.2,66.0,0.0,0,"Chelan South, Chelan County",330035,Chelan South,2017-12-13 06:28:35.391651
2017-06-16,23:00,56.8,56.9,36.3,46.1,0.0,SW@7.5,11.0,65.9,0.0,0,"Chelan South, Chelan County",330035,Chelan South,2017-12-13 06:28:35.391651
2017-06-17,23:15,56.4,56.4,36.1,46.5,0.0,S@6.7,9.6,65.9,0.0,0,"Chelan South, Chelan County",330035,Chelan South,2017-12-13 06:28:35.391651
2017-06-17,23:30,55.3,55.3,36.4,48.8,0.0,S@6.8,9.9,65.8,0.0,0,"Chelan South, Chelan County",330035,Chelan South,2017-12-13 06:28:35.391651
2017-06-17,23:45,56.1,56.1,36.5,47.7,0.0,SW@7.0,9.9,65.7,0.0,0,"Chelan South, Chelan County",330035,Chelan South,2017-12-13 06:28:35.391651
2017-06-17,24:00,55.9,55.9,36.3,47.5,0.0,S@6.8,10.3,65.7,0.0,0,"Chelan South, Chelan County",330035,Chelan South,2017-12-13 06:28:35.391651
2017-06-17,00:15,56.2,56.3,36.2,46.9,0.0,SW@6.7,9.6,65.6,0.0,0,"Chelan South, Chelan County",330035,Chelan South,2017-12-13 06:28:35.391651
2017-06-17,00:30,56.3,56.3,36.2,46.8,0.0,SW@5.6,8.9,65.5,0.0,0,"Chelan South, Chelan County",330035,Chelan South,2017-12-13 06:28:35.391651
2017-06-17,00:45,55.0,54.9,36.9,50.3,0.0,SW@4.9,7.4,65.4,0.0,0,"Chelan South, Chelan County",330035,Chelan South,2017-12-13 06:28:35.391651
2017-06-17,01:00,54.5,54.5,37.3,52.0,0.0,S@4.7,6.7,65.4,0.0,0,"Chelan South, Chelan County",330035,Chelan South,2017-12-13 06:28:35.391651
2017-06-17,01:15,54.2,54.3,36.9,51.9,0.0,S@5.8,8.9,65.3,0.0,0,"Chelan South, Chelan County",330035,Chelan South,2017-12-13 06:28:35.391651
2017-06-17,01:30,55.5,55.6,36.2,48.0,0.0,SW@4.9,7.4,65.2,0.0,0,"Chelan South, Chelan County",330035,Chelan South,2017-12-13 06:28:35.391651
2017-06-17,01:45,54.9,54.9,36.2,49.1,0.0,SW@5.2,7.8,65.2,0.0,0,"Chelan South, Chelan County",330035,Chelan South,2017-12-13 06:28:35.391651
2017-06-17,02:00,56.2,56.2,35.7,45.8,0.0,SW@5.5,9.2,65.1,0.0,0,"Chelan South, Chelan County",330035,Chelan South,2017-12-13 06:28:35.391651
2017-06-17,02:15,55.4,55.3,36.1,48.1,0.0,SW@3.9,6.7,65.0,0.0,0,"Chelan South, Chelan County",330035,Chelan South,2017-12-13 06:28:35.391651
2017-06-17,02:30,53.1,53.1,36.2,52.4,0.0,S@5.0,7.4,64.9,0.0,0,"Chelan South, Chelan County",330035,Chelan South,2017-12-13 06:28:35.391651
2017-06-17,02:45,53.2,53.2,36.0,51.9,0.0,S@5.2,7.1,64.8,0.0,0,"Chelan South, Chelan County",330035,Chelan South,2017-12-13 06:28:35.391651
2017-06-17,03:00,53.7,53.7,35.5,50.0,0.0,SW@4.7,6.7,64.7,0.0,0,"Chelan South, Chelan County",330035,Chelan South,2017-12-13 06:28:35.391651
2017-06-17,03:15,54.6,54.5,35.6,48.6,0.0,SW@4.2,6.4,64.6,0.0,0,"Chelan South, Chelan County",330035,Chelan South,2017-12-13 06:28:35.391651
2017-06-17,03:30,54.1,54.2,35.8,49.8,0.0,SW@5.5,7.4,64.6,0.0,0,"Chelan South, Chelan County",330035,Chelan South,2017-12-13 06:28:35.391651
2017-06-17,03:45,54.6,54.6,36.5,50.3,0.0,SW@5.3,8.2,64.5,0.0,0,"Chelan South, Chelan County",330035,Chelan South,2017-12-13 06:28:35.391651
2017-06-17,04:00,52.3,52.2,37.1,56.1,0.0,S@4.9,6.4,64.4,0.0,4,"Chelan South, Chelan County",330035,Chelan South,2017-12-13 06:28:35.391651
2017-06-17,04:15,52.2,52.2,37.0,55.9,0.0,SW@5.2,6.7,64.3,0.0,11,"Chelan South, Chelan County",330035,Chelan South,2017-12-13 06:28:35.391651
2017-06-17,04:30,54.0,54.0,36.3,51.0,0.0,SW@5.5,7.8,64.3,0.0,18,"Chelan South, Chelan County",330035,Chelan South,2017-12-13 06:28:35.391651
2017-06-17,04:45,54.9,54.9,36.4,49.6,0.0,SW@4.5,9.6,64.2,0.0,51,"Chelan South, Chelan County",330035,Chelan South,2017-12-13 06:28:35.391651
2017-06-17,05:00,54.9,54.8,37.5,51.7,0.0,S@3.3,5.7,64.1,0.0,77,"Chelan South, Chelan County",330035,Chelan South,2017-12-13 06:28:35.391651
2017-06-17,05:15,56.1,56.0,37.6,49.9,0.0,W@3.3,8.2,64.0,0.0,103,"Chelan South, Chelan County",330035,Chelan South,2017-12-13 06:28:35.391651
2017-06-17,05:30,57.4,57.4,38.9,50.0,0.0,NW@0.0,1.4,63.9,0.0,120,"Chelan South, Chelan County",330035,Chelan South,2017-12-13 06:28:35.391651
2017-06-17,05:45,58.5,58.6,39.1,48.4,0.0,SE@0.7,2.8,63.8,0.0,170,"Chelan South, Chelan County",330035,Chelan South,2017-12-13 06:28:35.391651
2017-06-17,06:00,58.1,58.0,38.2,47.4,0.0,W@3.5,6.0,63.8,0.0,218,"Chelan South, Chelan County",330035,Chelan South,2017-12-13 06:28:35.391651
2017-06-17,06:15,58.0,57.8,38.9,48.9,0.0,W@4.2,7.4,63.7,0.0,256,"Chelan South, Chelan County",330035,Chelan South,2017-12-13 06:28:35.391651
2017-06-17,06:30,58.7,58.4,37.6,45.4,0.0,W@5.5,8.2,63.6,0.0,299,"Chelan South, Chelan County",330035,Chelan South,2017-12-13 06:28:35.391651
2017-06-17,06:45,58.8,58.6,38.1,45.9,0.0,NW@5.8,7.8,63.6,0.0,346,"Chelan South, Chelan County",330035,Chelan South,2017-12-13 06:28:35.391651
2017-06-17,07:00,59.1,58.9,38.4,46.0,0.0,NW@5.3,7.4,63.5,0.0,335,"Chelan South, Chelan County",330035,Chelan South,2017-12-13 06:28:35.391651
2017-06-17,07:15,59.6,59.3,38.4,45.3,0.0,NW@5.4,7.8,63.5,0.0,377,"Chelan South, Chelan County",330035,Chelan South,2017-12-13 06:28:35.391651
2017-06-17,07:30,60.2,59.9,38.4,44.3,0.0,NW@4.5,7.1,63.4,0.0,435,"Chelan South, Chelan County",330035,Chelan South,2017-12-13 06:28:35.391651
2017-06-17,07:45,60.7,60.4,38.1,43.0,0.0,NW@5.3,7.4,63.4,0.0,463,"Chelan South, Chelan County",330035,Chelan South,2017-12-13 06:28:35.391651
2017-06-17,08:00,60.8,60.6,38.0,42.7,0.0,NW@4.6,7.1,63.4,0.0,474,"Chelan South, Chelan County",330035,Chelan South,2017-12-13 06:28:35.391651
2017-06-17,08:15,61.4,61.3,38.3,42.3,0.0,NW@4.1,6.7,63.4,0.0,475,"Chelan South, Chelan County",330035,Chelan South,2017-12-13 06:28:35.391651
2017-06-17,08:30,62.1,61.8,38.3,41.1,0.0,N@4.0,5.3,63.4,0.0,571,"Chelan South, Chelan County",330035,Chelan South,2017-12-13 06:28:35.391651
2017-06-17,08:45,62.4,62.1,38.6,41.3,0.0,N@3.9,5.7,63.4,0.0,538,"Chelan South, Chelan County",330035,Chelan South,2017-12-13 06:28:35.391651
2017-06-17,09:00,61.7,61.6,39.4,43.6,0.0,NW@3.4,5.3,63.4,0.0,510,"Chelan South, Chelan County",330035,Chelan South,2017-12-13 06:28:35.391651
2017-06-17,09:15,62.6,62.6,39.2,42.0,0.0,NE@3.0,4.6,63.4,0.0,574,"Chelan South, Chelan County",330035,Chelan South,2017-12-13 06:28:35.391651
2017-06-17,09:30,64.1,64.1,37.8,37.7,0.0,NE@3.4,5.3,63.4,0.0,644,"Chelan South, Chelan County",330035,Chelan South,2017-12-13 06:28:35.391651
2017-06-17,09:45,64.6,64.8,37.0,35.9,0.0,N@3.5,5.3,63.5,0.0,606,"Chelan South, Chelan County",330035,Chelan South,2017-12-13 06:28:35.391651
2017-06-17,10:00,64.3,64.5,37.8,37.5,0.0,N@3.1,4.6,63.6,0.0,577,"Chelan South, Chelan County",330035,Chelan South,2017-12-13 06:28:35.391651
2017-06-17,10:15,65.3,65.3,37.5,35.8,0.0,NE@3.2,4.6,63.6,0.0,751,"Chelan South, Chelan County",330035,Chelan South,2017-12-13 06:28:35.391651
2017-06-17,10:30,66.9,67.0,37.6,34.0,0.0,N@4.2,7.8,63.7,0.0,792,"Chelan South, Chelan County",330035,Chelan South,2017-12-13 06:28:35.391651
2017-06-17,10:45,66.6,66.7,37.2,33.7,0.0,N@4.0,5.3,63.8,0.0,743,"Chelan South, Chelan County",330035,Chelan South,2017-12-13 06:28:35.391651
2017-06-17,11:00,66.9,67.2,39.0,35.9,0.0,NE@4.2,5.7,63.9,0.0,853,"Chelan South, Chelan County",330035,Chelan South,2017-12-13 06:28:35.391651
2017-06-17,11:15,67.8,67.7,39.2,34.9,0.0,N@3.3,6.0,64.0,0.0,773,"Chelan South, Chelan County",330035,Chelan South,2017-12-13 06:28:35.391651
2017-06-17,11:30,68.7,68.7,37.9,32.2,0.0,N@3.6,5.7,64.2,0.0,851,"Chelan South, Chelan County",330035,Chelan South,2017-12-13 06:28:35.391651
2017-06-17,11:45,68.9,69.0,38.3,32.6,0.0,N@3.2,6.0,64.3,0.0,703,"Chelan South, Chelan County",330035,Chelan South,2017-12-13 06:28:35.391651
2017-06-17,12:00,70.2,70.1,38.5,31.4,0.0,SW@5.1,8.9,64.4,0.0,733,"Chelan South, Chelan County",330035,Chelan South,2017-12-13 06:28:35.391651
2017-06-17,12:15,69.7,69.7,38.7,32.2,0.0,NE@5.2,11.4,64.6,0.0,680,"Chelan South, Chelan County",330035,Chelan South,2017-12-13 06:28:35.391651
2017-06-17,12:30,69.0,69.2,38.9,33.2,0.0,NE@4.0,7.8,64.7,0.0,522,"Chelan South, Chelan County",330035,Chelan South,2017-12-13 06:28:35.391651
2017-06-17,12:45,69.4,69.6,38.6,32.4,0.0,NE@3.4,5.7,64.9,0.0,556,"Chelan South, Chelan County",330035,Chelan South,2017-12-13 06:28:35.391651
2017-06-17,13:00,70.2,70.2,39.2,32.2,0.0,N@4.0,6.4,65.1,0.0,476,"Chelan South, Chelan County",330035,Chelan South,2017-12-13 06:28:35.391651
2017-06-17,13:15,70.2,70.3,37.9,30.7,0.0,N@4.3,6.4,65.2,0.0,463,"Chelan South, Chelan County",330035,Chelan South,2017-12-13 06:28:35.391651
2017-06-17,13:30,71.1,71.2,37.4,29.1,0.0,NE@2.8,5.7,65.4,0.0,439,"Chelan South, Chelan County",330035,Chelan South,2017-12-13 06:28:35.391651
2017-06-17,13:45,71.5,71.4,36.0,27.2,0.0,S@4.7,7.8,65.6,0.0,418,"Chelan South, Chelan County",330035,Chelan South,2017-12-13 06:28:35.391651
2017-06-17,14:00,71.7,71.6,33.7,24.7,0.0,S@5.0,9.6,65.7,0.0,378,"Chelan South, Chelan County",330035,Chelan South,2017-12-13 06:28:35.391651
2017-06-17,14:15,71.8,71.7,34.0,24.8,0.0,S@5.8,8.9,65.9,0.0,412,"Chelan South, Chelan County",330035,Chelan South,2017-12-13 06:28:35.391651
2017-06-17,14:30,72.7,72.6,35.0,25.1,0.0,S@5.6,9.6,66.1,0.0,504,"Chelan South, Chelan County",330035,Chelan South,2017-12-13 06:28:35.391651
2017-06-17,14:45,72.8,72.6,36.2,26.3,0.0,S@6.7,11.0,66.2,0.0,477,"Chelan South, Chelan County",330035,Chelan South,2017-12-13 06:28:35.391651
2017-06-17,15:00,74.3,74.1,36.6,25.3,0.0,S@6.6,11.4,66.3,0.0,739,"Chelan South, Chelan County",330035,Chelan South,2017-12-13 06:28:35.391651
2017-06-17,15:15,76.0,75.8,37.8,25.1,0.0,SE@5.7,11.4,66.4,0.0,697,"Chelan South, Chelan County",330035,Chelan South,2017-12-13 06:28:35.391651
2017-06-17,15:30,75.3,75.1,38.4,26.3,0.0,SE@6.5,18.9,66.6,0.0,627,"Chelan South, Chelan County",330035,Chelan South,2017-12-13 06:28:35.391651
2017-06-17,15:45,74.6,74.5,38.3,26.8,0.0,SE@5.0,10.3,66.7,0.0,391,"Chelan South, Chelan County",330035,Chelan South,2017-12-13 06:28:35.391651
2017-06-17,16:00,73.1,73.1,38.9,28.9,0.0,SW@5.6,9.2,66.8,0.0,228,"Chelan South, Chelan County",330035,Chelan South,2017-12-13 06:28:35.391651
2017-06-17,16:15,72.5,72.4,39.4,30.1,0.0,S@4.1,7.1,66.8,0.0,196,"Chelan South, Chelan County",330035,Chelan South,2017-12-13 06:28:35.391651
2017-06-17,16:30,73.1,73.1,38.5,28.5,0.0,SW@5.0,8.5,67.0,0.0,260,"Chelan South, Chelan County",330035,Chelan South,2017-12-13 06:28:35.391651
2017-06-17,16:45,72.3,72.3,38.1,28.8,0.0,SW@7.2,15.0,67.1,0.0,183,"Chelan South, Chelan County",330035,Chelan South,2017-12-13 06:28:35.391651
2017-06-17,17:00,71.1,71.0,37.3,29.0,0.0,W@8.7,15.3,67.2,0.0,165,"Chelan South, Chelan County",330035,Chelan South,2017-12-13 06:28:35.391651
2017-06-17,17:15,70.4,70.4,36.7,29.0,0.0,W@9.6,15.7,67.2,0.0,125,"Chelan South, Chelan County",330035,Chelan South,2017-12-13 06:28:35.391651
2017-06-17,17:30,69.8,69.8,36.3,29.3,0.0,W@8.7,16.7,67.3,0.0,99,"Chelan South, Chelan County",330035,Chelan South,2017-12-13 06:28:35.391651
2017-06-17,17:45,69.1,69.2,35.8,29.3,0.0,W@7.7,12.4,67.4,0.0,60,"Chelan South, Chelan County",330035,Chelan South,2017-12-13 06:28:35.391651
2017-06-17,18:00,68.9,68.9,34.4,27.9,0.0,W@7.8,13.2,67.5,0.0,51,"Chelan South, Chelan County",330035,Chelan South,2017-12-13 06:28:35.391651
2017-06-17,18:15,68.6,68.7,34.6,28.4,0.0,W@6.0,11.0,67.5,0.0,59,"Chelan South, Chelan County",330035,Chelan South,2017-12-13 06:28:35.391651
2017-06-17,18:30,68.0,68.0,35.6,30.3,0.0,W@5.9,11.4,67.6,0.0,50,"Chelan South, Chelan County",330035,Chelan South,2017-12-13 06:28:35.391651
2017-06-17,18:45,67.0,67.0,36.8,32.8,0.0,W@5.9,11.7,67.6,0.0,32,"Chelan South, Chelan County",330035,Chelan South,2017-12-13 06:28:35.391651
2017-06-17,19:00,66.3,66.4,37.2,34.0,0.0,W@5.0,8.5,67.6,0.0,24,"Chelan South, Chelan County",330035,Chelan South,2017-12-13 06:28:35.391651
2017-06-17,19:15,66.2,66.2,36.9,33.8,0.0,SW@5.6,9.6,67.7,0.0,17,"Chelan South, Chelan County",330035,Chelan South,2017-12-13 06:28:35.391651
2017-06-17,19:30,65.5,65.5,37.5,35.5,0.01,SW@4.5,7.8,67.7,0.0,11,"Chelan South, Chelan County",330035,Chelan South,2017-12-13 06:28:35.391651
2017-06-17,19:45,64.9,65.0,37.9,36.7,0.0,SW@4.8,9.2,67.7,0.0,6,"Chelan South, Chelan County",330035,Chelan South,2017-12-13 06:28:35.391651
2017-06-17,20:00,64.1,64.2,39.3,39.9,0.09,S@2.8,4.9,67.7,0.0,3,"Chelan South, Chelan County",330035,Chelan South,2017-12-13 06:28:35.391651
2017-06-17,20:15,63.2,63.2,39.6,41.8,0.0,S@4.6,7.1,67.7,0.0,0,"Chelan South, Chelan County",330035,Chelan South,2017-12-13 06:28:35.391651
2017-06-17,20:30,63.5,63.5,38.9,40.2,0.0,S@5.5,8.5,67.7,0.0,0,"Chelan South, Chelan County",330035,Chelan South,2017-12-13 06:28:35.391651
2017-06-17,20:45,63.1,63.1,38.8,40.7,0.0,S@5.6,7.8,67.7,0.0,0,"Chelan South, Chelan County",330035,Chelan South,2017-12-13 06:28:35.391651
2017-06-17,21:00,63.2,63.3,39.1,40.8,0.0,SW@4.5,6.4,67.6,0.0,0,"Chelan South, Chelan County",330035,Chelan South,2017-12-13 06:28:35.391651
2017-06-17,21:15,63.2,63.2,39.4,41.5,0.0,SW@5.0,7.1,67.6,0.0,0,"Chelan South, Chelan County",330035,Chelan South,2017-12-13 06:28:35.391651
2017-06-17,21:30,63.2,63.3,39.7,41.9,0.0,SW@6.4,10.3,67.6,0.0,0,"Chelan South, Chelan County",330035,Chelan South,2017-12-13 06:28:35.391651
2017-06-17,21:45,63.7,63.7,39.6,41.1,0.0,SW@8.1,12.4,67.5,0.0,0,"Chelan South, Chelan County",330035,Chelan South,2017-12-13 06:28:35.391651
2017-06-17,22:00,62.9,62.9,39.4,41.9,0.0,SW@10.0,15.3,67.5,0.0,0,"Chelan South, Chelan County",330035,Chelan South,2017-12-13 06:28:35.391651
2017-06-17,22:15,62.1,62.2,39.5,43.3,0.0,SW@10.0,13.2,67.4,0.0,0,"Chelan South, Chelan County",330035,Chelan South,2017-12-13 06:28:35.391651
2017-06-17,22:30,61.9,61.9,39.7,44.0,0.0,SW@8.7,12.4,67.4,0.0,0,"Chelan South, Chelan County",330035,Chelan South,2017-12-13 06:28:35.391651
2017-06-17,22:45,62.0,62.1,40.1,44.3,0.0,SW@6.7,9.6,67.3,0.0,0,"Chelan South, Chelan County",330035,Chelan South,2017-12-13 06:28:35.391651
2017-06-17,23:00,61.6,61.6,40.3,45.5,0.0,SW@5.1,8.9,67.3,0.0,0,"Chelan South, Chelan County",330035,Chelan South,2017-12-13 06:28:35.391651
2017-06-18,23:15,61.0,61.0,40.9,47.3,0.0,W@3.8,7.1,67.2,0.0,0,"Chelan South, Chelan County",330035,Chelan South,2017-12-13 06:28:35.391651
2017-06-18,23:30,60.1,60.1,41.1,49.3,0.0,W@4.0,7.8,67.2,0.0,0,"Chelan South, Chelan County",330035,Chelan South,2017-12-13 06:28:35.391651
2017-06-18,23:45,58.7,58.7,41.2,52.0,0.0,SW@4.7,6.4,67.1,0.0,0,"Chelan South, Chelan County",330035,Chelan South,2017-12-13 06:28:35.391651
2017-06-18,24:00,57.8,57.8,41.1,53.7,0.0,SW@5.5,7.1,67.0,0.0,0,"Chelan South, Chelan County",330035,Chelan South,2017-12-13 06:28:35.391651
2017-06-18,00:15,58.1,58.0,40.9,52.7,0.0,SW@5.4,7.1,67.0,0.0,0,"Chelan South, Chelan County",330035,Chelan South,2017-12-13 06:28:35.391651
2017-06-18,00:30,58.1,58.1,41.0,52.7,0.0,SW@6.1,9.2,66.9,0.0,0,"Chelan South, Chelan County",330035,Chelan South,2017-12-13 06:28:35.391651
2017-06-18,00:45,57.8,57.8,41.0,53.4,0.0,SW@6.0,8.2,66.9,0.0,0,"Chelan South, Chelan County",330035,Chelan South,2017-12-13 06:28:35.391651
2017-06-18,01:00,57.9,57.9,41.1,53.6,0.0,SW@5.4,7.8,66.8,0.0,0,"Chelan South, Chelan County",330035,Chelan South,2017-12-13 06:28:35.391651
2017-06-18,01:15,58.4,58.5,41.3,52.8,0.0,SW@5.6,7.4,66.7,0.0,0,"Chelan South, Chelan County",330035,Chelan South,2017-12-13 06:28:35.391651
2017-06-18,01:30,59.1,59.2,41.4,51.7,0.0,SW@4.2,6.4,66.6,0.0,0,"Chelan South, Chelan County",330035,Chelan South,2017-12-13 06:28:35.391651
2017-06-18,01:45,59.2,59.1,41.8,52.5,0.0,SW@3.0,5.3,66.6,0.0,0,"Chelan South, Chelan County",330035,Chelan South,2017-12-13 06:28:35.391651
2017-06-18,02:00,58.4,58.4,43.7,57.8,0.0,W@1.3,3.5,66.5,0.0,0,"Chelan South, Chelan County",330035,Chelan South,2017-12-13 06:28:35.391651
2017-06-18,02:15,57.8,57.7,45.8,64.2,0.0,S@1.6,4.2,66.4,0.0,0,"Chelan South, Chelan County",330035,Chelan South,2017-12-13 06:28:35.391651
2017-06-18,02:30,58.0,58.0,42.4,55.9,0.0,SW@4.3,5.3,66.3,0.0,0,"Chelan South, Chelan County",330035,Chelan South,2017-12-13 06:28:35.391651
2017-06-18,02:45,57.9,57.9,41.9,55.1,0.0,SW@4.4,6.4,66.3,0.0,0,"Chelan South, Chelan County",330035,Chelan South,2017-12-13 06:28:35.391651
2017-06-18,03:00,58.2,58.2,42.4,55.5,0.0,SW@3.5,4.9,66.2,0.0,0,"Chelan South, Chelan County",330035,Chelan South,2017-12-13 06:28:35.391651
2017-06-18,03:15,58.4,58.4,42.4,55.2,0.0,SW@4.2,6.4,66.1,0.0,0,"Chelan South, Chelan County",330035,Chelan South,2017-12-13 06:28:35.391651
2017-06-18,03:30,58.6,58.6,42.1,54.1,0.0,SW@4.8,7.4,66.1,0.0,0,"Chelan South, Chelan County",330035,Chelan South,2017-12-13 06:28:35.391651
2017-06-18,03:45,58.1,58.1,42.3,55.5,0.0,SW@4.3,6.0,66.0,0.0,0,"Chelan South, Chelan County",330035,Chelan South,2017-12-13 06:28:35.391651
2017-06-18,04:00,58.5,58.5,42.7,55.6,0.0,SW@3.9,5.7,65.9,0.0,2,"Chelan South, Chelan County",330035,Chelan South,2017-12-13 06:28:35.391651
2017-06-18,04:15,58.2,58.2,42.7,56.0,0.0,SW@3.9,6.0,65.8,0.0,5,"Chelan South, Chelan County",330035,Chelan South,2017-12-13 06:28:35.391651
2017-06-18,04:30,57.9,57.8,43.1,57.7,0.0,SW@3.7,5.3,65.8,0.0,17,"Chelan South, Chelan County",330035,Chelan South,2017-12-13 06:28:35.391651
2017-06-18,04:45,59.4,59.4,42.9,54.4,0.0,SW@4.7,7.4,65.7,0.0,36,"Chelan South, Chelan County",330035,Chelan South,2017-12-13 06:28:35.391651
2017-06-18,05:00,60.5,60.5,42.7,51.7,0.0,SW@3.6,6.4,65.6,0.0,75,"Chelan South, Chelan County",330035,Chelan South,2017-12-13 06:28:35.391651
2017-06-18,05:15,61.0,60.9,44.0,53.4,0.0,W@3.6,5.7,65.6,0.0,94,"Chelan South, Chelan County",330035,Chelan South,2017-12-13 06:28:35.391651
2017-06-18,05:30,61.0,60.9,44.7,54.9,0.0,SW@3.6,5.7,65.5,0.0,132,"Chelan South, Chelan County",330035,Chelan South,2017-12-13 06:28:35.391651
2017-06-18,05:45,60.8,60.8,44.9,55.9,0.0,SW@3.1,4.9,65.4,0.0,96,"Chelan South, Chelan County",330035,Chelan South,2017-12-13 06:28:35.391651
2017-06-18,06:00,61.7,61.6,45.1,54.4,0.0,W@3.7,5.7,65.4,0.0,218,"Chelan South, Chelan County",330035,Chelan South,2017-12-13 06:28:35.391651
2017-06-18,06:15,61.6,61.6,45.5,55.5,0.0,W@3.4,6.0,65.3,0.0,135,"Chelan South, Chelan County",330035,Chelan South,2017-12-13 06:28:35.391651
2017-06-18,06:30,61.6,61.5,45.7,55.9,0.0,SW@2.7,3.9,65.3,0.0,155,"Chelan South, Chelan County",330035,Chelan South,2017-12-13 06:28:35.391651
2017-06-18,06:45,62.4,62.3,45.1,53.1,0.0,NW@3.4,5.7,65.2,0.0,247,"Chelan South, Chelan County",330035,Chelan South,2017-12-13 06:28:35.391651
2017-06-18,07:00,62.2,62.1,45.8,54.8,0.0,W@2.8,4.6,65.2,0.0,171,"Chelan South, Chelan County",330035,Chelan South,2017-12-13 06:28:35.391651
2017-06-18,07:15,62.1,62.0,46.0,55.4,0.0,W@4.3,6.4,65.1,0.0,203,"Chelan South, Chelan County",330035,Chelan South,2017-12-13 06:28:35.391651
2017-06-18,07:30,62.8,62.7,46.1,54.4,0.0,W@3.8,6.4,65.1,0.0,320,"Chelan South, Chelan County",330035,Chelan South,2017-12-13 06:28:35.391651
2017-06-18,07:45,64.4,64.2,46.7,52.5,0.0,W@4.5,7.1,65.1,0.0,464,"Chelan South, Chelan County",330035,Chelan South,2017-12-13 06:28:35.391651
2017-06-18,08:00,63.4,63.3,46.9,54.8,0.0,W@4.4,6.7,65.1,0.0,327,"Chelan South, Chelan County",330035,Chelan South,2017-12-13 06:28:35.391651
2017-06-18,08:15,64.7,64.6,47.2,53.1,0.0,NW@5.1,7.4,65.1,0.0,394,"Chelan South, Chelan County",330035,Chelan South,2017-12-13 06:28:35.391651
2017-06-18,08:30,64.7,64.6,47.7,54.1,0.0,W@5.4,7.4,65.0,0.0,410,"Chelan South, Chelan County",330035,Chelan South,2017-12-13 06:28:35.391651
2017-06-18,08:45,65.5,65.3,47.8,52.8,0.0,NW@5.6,8.2,65.0,0.0,495,"Chelan South, Chelan County",330035,Chelan South,2017-12-13 06:28:35.391651
2017-06-18,09:00,66.0,65.8,48.2,52.7,0.0,NW@6.4,8.9,65.0,0.0,471,"Chelan South, Chelan County",330035,Chelan South,2017-12-13 06:28:35.391651
2017-06-18,09:15,65.5,65.4,48.1,53.2,0.0,W@6.9,10.3,65.1,0.0,357,"Chelan South, Chelan County",330035,Chelan South,2017-12-13 06:28:35.391651
2017-06-18,09:30,65.9,65.8,48.2,52.8,0.0,W@7.7,12.1,65.1,0.0,421,"Chelan South, Chelan County",330035,Chelan South,2017-12-13 06:28:35.391651
2017-06-18,09:45,65.5,65.3,48.2,53.6,0.0,W@8.1,12.4,65.1,0.0,424,"Chelan South, Chelan County",330035,Chelan South,2017-12-13 06:28:35.391651
2017-06-18,10:00,65.7,65.6,48.5,53.6,0.0,W@7.6,11.4,65.2,0.0,440,"Chelan South, Chelan County",330035,Chelan South,2017-12-13 06:28:35.391651
2017-06-18,10:15,66.7,66.5,49.3,53.4,0.0,W@7.2,10.7,65.2,0.0,464,"Chelan South, Chelan County",330035,Chelan South,2017-12-13 06:28:35.391651
2017-06-18,10:30,66.6,66.4,49.5,54.1,0.0,W@7.4,11.7,65.2,0.0,452,"Chelan South, Chelan County",330035,Chelan South,2017-12-13 06:28:35.391651
2017-06-18,10:45,66.9,66.7,50.3,55.1,0.0,W@6.0,8.9,65.3,0.0,391,"Chelan South, Chelan County",330035,Chelan South,2017-12-13 06:28:35.391651
2017-06-18,11:00,66.8,66.7,50.3,55.2,0.0,W@7.8,11.7,65.4,0.0,462,"Chelan South, Chelan County",330035,Chelan South,2017-12-13 06:28:35.391651
2017-06-18,11:15,67.1,66.9,50.7,55.5,0.0,W@6.5,9.6,65.4,0.0,530,"Chelan South, Chelan County",330035,Chelan South,2017-12-13 06:28:35.391651
2017-06-18,11:30,67.6,67.4,50.6,54.5,0.0,W@7.3,12.8,65.5,0.0,472,"Chelan South, Chelan County",330035,Chelan South,2017-12-13 06:28:35.391651
2017-06-18,11:45,67.7,67.5,50.7,54.3,0.0,NW@7.1,12.4,65.6,0.0,425,"Chelan South, Chelan County",330035,Chelan South,2017-12-13 06:28:35.391651
2017-06-18,12:00,67.7,67.5,50.8,54.6,0.0,W@7.2,11.4,65.7,0.0,355,"Chelan South, Chelan County",330035,Chelan South,2017-12-13 06:28:35.391651
2017-06-18,12:15,67.5,67.3,50.9,55.3,0.0,W@6.2,12.4,65.7,0.0,312,"Chelan South, Chelan County",330035,Chelan South,2017-12-13 06:28:35.391651
2017-06-18,12:30,68.2,68.0,51.3,54.9,0.0,W@5.7,11.4,65.8,0.0,351,"Chelan South, Chelan County",330035,Chelan South,2017-12-13 06:28:35.391651
2017-06-18,12:45,68.5,68.4,51.2,53.9,0.0,NW@4.3,7.4,65.9,0.0,366,"Chelan South, Chelan County",330035,Chelan South,2017-12-13 06:28:35.391651
2017-06-18,13:00,68.7,68.6,51.0,53.2,0.0,W@3.7,10.7,66.0,0.0,310,"Chelan South, Chelan County",330035,Chelan South,2017-12-13 06:28:35.391651
2017-06-18,13:15,69.2,69.1,51.7,53.5,0.0,W@4.9,8.2,66.1,0.0,346,"Chelan South, Chelan County",330035,Chelan South,2017-12-13 06:28:35.391651
2017-06-18,13:30,69.1,69.0,52.1,54.5,0.0,W@7.1,9.9,66.2,0.0,327,"Chelan South, Chelan County",330035,Chelan South,2017-12-13 06:28:35.391651
2017-06-18,13:45,68.3,68.2,51.9,55.8,0.0,W@6.5,11.0,66.2,0.0,221,"Chelan South, Chelan County",330035,Chelan South,2017-12-13 06:28:35.391651
2017-06-18,14:00,69.9,69.8,52.5,53.9,0.0,NW@5.2,8.9,66.3,0.0,368,"Chelan South, Chelan County",330035,Chelan South,2017-12-13 06:28:35.391651
2017-06-18,14:15,71.2,71.1,53.2,53.0,0.0,NW@6.9,12.4,66.4,0.0,624,"Chelan South, Chelan County",330035,Chelan South,2017-12-13 06:28:35.391651
2017-06-18,14:30,73.7,73.5,54.0,50.2,0.0,NW@7.8,11.4,66.5,0.0,814,"Chelan South, Chelan County",330035,Chelan South,2017-12-13 06:28:35.391651
2017-06-18,14:45,73.6,73.4,53.5,49.4,0.0,NW@7.7,11.0,66.6,0.0,784,"Chelan South, Chelan County",330035,Chelan South,2017-12-13 06:28:35.391651
2017-06-18,15:00,73.6,73.4,53.4,49.3,0.0,NW@9.3,15.0,66.6,0.0,739,"Chelan South, Chelan County",330035,Chelan South,2017-12-13 06:28:35.391651
2017-06-18,15:15,73.2,72.9,54.1,51.2,0.0,W@9.8,13.9,66.7,0.0,699,"Chelan South, Chelan County",330035,Chelan South,2017-12-13 06:28:35.391651
2017-06-18,15:30,73.3,73.0,54.1,51.0,0.0,W@9.4,14.6,66.7,0.0,664,"Chelan South, Chelan County",330035,Chelan South,2017-12-13 06:28:35.391651
2017-06-18,15:45,73.1,72.8,53.8,50.8,0.0,W@11.1,15.7,66.8,0.0,628,"Chelan South, Chelan County",330035,Chelan South,2017-12-13 06:28:35.391651
2017-06-18,16:00,72.8,72.6,53.7,51.0,0.0,W@11.8,17.8,66.9,0.0,593,"Chelan South, Chelan County",330035,Chelan South,2017-12-13 06:28:35.391651
2017-06-18,16:15,72.6,72.4,53.7,51.4,0.0,W@11.9,16.7,67.0,0.0,555,"Chelan South, Chelan County",330035,Chelan South,2017-12-13 06:28:35.391651
2017-06-18,16:30,72.9,72.7,53.9,51.3,0.0,W@10.6,16.0,67.0,0.0,518,"Chelan South, Chelan County",330035,Chelan South,2017-12-13 06:28:35.391651
2017-06-18,16:45,73.1,72.8,53.4,49.9,0.0,W@10.9,16.7,67.1,0.0,477,"Chelan South, Chelan County",330035,Chelan South,2017-12-13 06:28:35.391651
2017-06-18,17:00,72.9,72.7,53.9,51.2,0.0,W@9.1,16.4,67.2,0.0,438,"Chelan South, Chelan County",330035,Chelan South,2017-12-13 06:28:35.391651
2017-06-18,17:15,73.1,72.9,53.8,50.9,0.0,W@8.5,13.5,67.3,0.0,399,"Chelan South, Chelan County",330035,Chelan South,2017-12-13 06:28:35.391651
2017-06-18,17:30,72.5,72.3,53.8,51.7,0.0,W@9.2,15.0,67.3,0.0,359,"Chelan South, Chelan County",330035,Chelan South,2017-12-13 06:28:35.391651
2017-06-18,17:45,71.7,71.5,53.7,53.1,0.0,W@9.7,14.6,67.4,0.0,319,"Chelan South, Chelan County",330035,Chelan South,2017-12-13 06:28:35.391651
2017-06-18,18:00,71.1,70.9,53.6,53.9,0.0,W@9.6,14.6,67.5,0.0,278,"Chelan South, Chelan County",330035,Chelan South,2017-12-13 06:28:35.391651
2017-06-18,18:15,71.0,70.7,53.7,54.3,0.0,W@9.0,13.9,67.5,0.0,238,"Chelan South, Chelan County",330035,Chelan South,2017-12-13 06:28:35.391651
2017-06-18,18:30,70.4,70.3,53.5,54.9,0.0,W@8.4,11.7,67.6,0.0,200,"Chelan South, Chelan County",330035,Chelan South,2017-12-13 06:28:35.391651
2017-06-18,18:45,71.0,70.9,53.3,53.4,0.0,SW@4.8,7.8,67.6,0.0,163,"Chelan South, Chelan County",330035,Chelan South,2017-12-13 06:28:35.391651
2017-06-18,19:00,70.2,70.0,53.0,54.4,0.0,SW@5.7,8.9,67.7,0.0,129,"Chelan South, Chelan County",330035,Chelan South,2017-12-13 06:28:35.391651
2017-06-18,19:15,69.1,69.1,52.7,55.9,0.0,SW@6.1,10.3,67.7,0.0,96,"Chelan South, Chelan County",330035,Chelan South,2017-12-13 06:28:35.391651
2017-06-18,19:30,68.1,68.1,52.9,58.3,0.0,W@8.5,14.2,67.7,0.0,52,"Chelan South, Chelan County",330035,Chelan South,2017-12-13 06:28:35.391651
2017-06-18,19:45,67.2,67.2,52.8,60.0,0.0,W@8.7,13.2,67.8,0.0,11,"Chelan South, Chelan County",330035,Chelan South,2017-12-13 06:28:35.391651
2017-06-18,20:00,66.6,66.6,53.1,61.7,0.0,W@9.0,14.2,67.8,0.0,7,"Chelan South, Chelan County",330035,Chelan South,2017-12-13 06:28:35.391651
2017-06-18,20:15,66.9,67.0,52.9,60.6,0.0,W@10.8,15.7,67.8,0.0,2,"Chelan South, Chelan County",330035,Chelan South,2017-12-13 06:28:35.391651
2017-06-18,20:30,66.4,66.5,53.0,61.9,0.0,W@9.0,13.2,67.8,0.0,0,"Chelan South, Chelan County",330035,Chelan South,2017-12-13 06:28:35.391651
2017-06-18,20:45,65.9,65.9,53.2,63.5,0.0,W@8.2,14.2,67.8,0.0,0,"Chelan South, Chelan County",330035,Chelan South,2017-12-13 06:28:35.391651
2017-06-18,21:00,65.7,65.7,52.8,62.9,0.0,SW@6.4,10.3,67.8,0.0,0,"Chelan South, Chelan County",330035,Chelan South,2017-12-13 06:28:35.391651
2017-06-18,21:15,66.4,66.4,52.7,61.4,0.0,SW@8.1,13.2,67.8,0.0,0,"Chelan South, Chelan County",330035,Chelan South,2017-12-13 06:28:35.391651
2017-06-18,21:30,65.9,66.0,52.8,62.5,0.0,SW@7.8,13.2,67.8,0.0,0,"Chelan South, Chelan County",330035,Chelan South,2017-12-13 06:28:35.391651
2017-06-18,21:45,65.9,65.9,52.7,62.4,0.0,SW@7.5,10.7,67.8,0.0,0,"Chelan South, Chelan County",330035,Chelan South,2017-12-13 06:28:35.391651
2017-06-18,22:00,65.7,65.8,53.0,63.5,0.0,SW@7.9,12.4,67.8,0.0,0,"Chelan South, Chelan County",330035,Chelan South,2017-12-13 06:28:35.391651
2017-06-18,22:15,65.1,65.2,53.4,65.6,0.0,W@7.5,11.7,67.8,0.0,0,"Chelan South, Chelan County",330035,Chelan South,2017-12-13 06:28:35.391651
2017-06-18,22:30,64.4,64.4,53.2,67.0,0.0,SW@5.7,9.6,67.7,0.0,0,"Chelan South, Chelan County",330035,Chelan South,2017-12-13 06:28:35.391651
2017-06-18,22:45,64.0,64.0,53.3,68.0,0.0,SW@5.4,9.6,67.7,0.0,0,"Chelan South, Chelan County",330035,Chelan South,2017-12-13 06:28:35.391651
2017-06-18,23:00,64.1,64.1,53.2,67.5,0.0,W@5.5,9.6,67.7,0.0,0,"Chelan South, Chelan County",330035,Chelan South,2017-12-13 06:28:35.391651
2017-06-19,23:15,64.5,64.5,52.9,65.9,0.0,SW@6.1,11.0,67.6,0.0,0,"Chelan South, Chelan County",330035,Chelan South,2017-12-13 06:28:35.391651
2017-06-19,23:30,64.2,64.2,53.0,66.8,0.0,NE@4.1,11.7,67.6,0.0,0,"Chelan South, Chelan County",330035,Chelan South,2017-12-13 06:28:35.391651
2017-06-19,23:45,64.1,64.1,52.8,66.4,0.0,S@3.4,7.1,67.5,0.0,0,"Chelan South, Chelan County",330035,Chelan South,2017-12-13 06:28:35.391651
2017-06-19,24:00,64.0,64.0,53.0,67.2,0.0,W@7.1,11.4,67.5,0.0,0,"Chelan South, Chelan County",330035,Chelan South,2017-12-13 06:28:35.391651
2017-06-19,00:15,63.9,63.9,53.0,67.5,0.0,SW@7.0,10.3,67.4,0.0,0,"Chelan South, Chelan County",330035,Chelan South,2017-12-13 06:28:35.391651
2017-06-19,00:30,63.3,63.2,52.8,68.6,0.0,SW@5.1,10.7,67.4,0.0,0,"Chelan South, Chelan County",330035,Chelan South,2017-12-13 06:28:35.391651
2017-06-19,00:45,62.4,62.4,52.7,70.4,0.0,SW@4.2,8.2,67.3,0.0,0,"Chelan South, Chelan County",330035,Chelan South,2017-12-13 06:28:35.391651
2017-06-19,01:00,62.2,62.2,52.6,70.8,0.0,SW@4.2,6.7,67.3,0.0,0,"Chelan South, Chelan County",330035,Chelan South,2017-12-13 06:28:35.391651
2017-06-19,01:15,62.4,62.4,52.4,69.8,0.0,SW@5.7,10.7,67.2,0.0,0,"Chelan South, Chelan County",330035,Chelan South,2017-12-13 06:28:35.391651
2017-06-19,01:30,62.2,62.2,52.4,70.2,0.0,W@5.2,9.6,67.2,0.0,0,"Chelan South, Chelan County",330035,Chelan South,2017-12-13 06:28:35.391651
2017-06-19,01:45,62.0,62.0,52.1,69.9,0.0,SW@4.4,8.2,67.1,0.0,0,"Chelan South, Chelan County",330035,Chelan South,2017-12-13 06:28:35.391651
2017-06-19,02:00,61.5,61.5,52.2,71.3,0.0,SW@5.2,10.3,67.1,0.0,0,"Chelan South, Chelan County",330035,Chelan South,2017-12-13 06:28:35.391651
2017-06-19,02:15,60.4,60.3,52.0,73.6,0.0,S@3.4,4.9,67.0,0.0,0,"Chelan South, Chelan County",330035,Chelan South,2017-12-13 06:28:35.391651
2017-06-19,02:30,60.2,60.1,51.9,73.9,0.0,SW@4.1,6.7,66.9,0.0,0,"Chelan South, Chelan County",330035,Chelan South,2017-12-13 06:28:35.391651
2017-06-19,02:45,59.6,59.6,52.1,76.1,0.0,SW@3.9,6.7,66.9,0.0,0,"Chelan South, Chelan County",330035,Chelan South,2017-12-13 06:28:35.391651
2017-06-19,03:00,57.6,57.5,51.9,81.0,0.0,S@4.5,6.4,66.8,0.0,0,"Chelan South, Chelan County",330035,Chelan South,2017-12-13 06:28:35.391651
2017-06-19,03:15,58.4,58.4,51.7,78.5,0.0,S@3.6,5.7,66.7,0.0,0,"Chelan South, Chelan County",330035,Chelan South,2017-12-13 06:28:35.391651
2017-06-19,03:30,58.3,58.3,52.2,80.0,0.0,SW@1.9,3.9,66.7,0.0,0,"Chelan South, Chelan County",330035,Chelan South,2017-12-13 06:28:35.391651
2017-06-19,03:45,57.8,57.8,52.0,80.8,0.0,S@3.1,4.6,66.6,0.0,0,"Chelan South, Chelan County",330035,Chelan South,2017-12-13 06:28:35.391651
2017-06-19,04:00,57.7,57.7,51.3,79.0,0.0,SW@4.1,6.4,66.6,0.0,1,"Chelan South, Chelan County",330035,Chelan South,2017-12-13 06:28:35.391651
2017-06-19,04:15,58.9,58.9,51.3,75.8,0.0,SW@4.5,7.8,66.5,0.0,6,"Chelan South, Chelan County",330035,Chelan South,2017-12-13 06:28:35.391651
2017-06-19,04:30,59.4,59.4,51.5,75.0,0.0,W@5.4,8.2,66.4,0.0,8,"Chelan South, Chelan County",330035,Chelan South,2017-12-13 06:28:35.391651
2017-06-19,04:45,59.9,59.9,51.3,73.2,0.0,SW@2.9,7.8,66.4,0.0,8,"Chelan South, Chelan County",330035,Chelan South,2017-12-13 06:28:35.391651
2017-06-19,05:00,60.2,60.1,51.7,73.6,0.0,NE@0.7,3.1,66.3,0.0,22,"Chelan South, Chelan County",330035,Chelan South,2017-12-13 06:28:35.391651
2017-06-19,05:15,58.9,58.9,53.0,80.6,0.0,W@1.9,4.2,66.2,0.0,33,"Chelan South, Chelan County",330035,Chelan South,2017-12-13 06:28:35.391651
2017-06-19,05:30,59.0,58.9,53.2,81.1,0.0,SW@2.0,3.5,66.2,0.0,40,"Chelan South, Chelan County",330035,Chelan South,2017-12-13 06:28:35.391651
2017-06-19,05:45,59.8,59.7,53.4,79.3,0.0,NW@1.2,4.9,66.1,0.0,58,"Chelan South, Chelan County",330035,Chelan South,2017-12-13 06:28:35.391651
2017-06-19,06:00,60.0,59.9,53.1,77.9,0.0,NW@2.8,4.6,66.0,0.0,93,"Chelan South, Chelan County",330035,Chelan South,2017-12-13 06:28:35.391651
2017-06-19,06:15,60.4,60.4,52.9,76.1,0.0,NW@2.2,4.2,65.9,0.0,166,"Chelan South, Chelan County",330035,Chelan South,2017-12-13 06:28:35.391651
2017-06-19,06:30,61.8,61.8,52.8,72.2,0.0,W@1.7,4.9,65.9,0.0,290,"Chelan South, Chelan County",330035,Chelan South,2017-12-13 06:28:35.391651
2017-06-19,06:45,61.9,61.8,52.7,71.8,0.0,NW@4.5,6.4,65.8,0.0,259,"Chelan South, Chelan County",330035,Chelan South,2017-12-13 06:28:35.391651
2017-06-19,07:00,62.0,61.9,52.4,70.8,0.0,W@3.4,5.7,65.8,0.0,215,"Chelan South, Chelan County",330035,Chelan South,2017-12-13 06:28:35.391651
2017-06-19,07:15,62.8,62.6,52.0,67.7,0.0,NW@2.9,5.3,65.8,0.0,304,"Chelan South, Chelan County",330035,Chelan South,2017-12-13 06:28:35.391651
2017-06-19,07:30,64.8,64.5,52.5,64.4,0.0,NW@2.9,5.3,65.7,0.0,358,"Chelan South, Chelan County",330035,Chelan South,2017-12-13 06:28:35.391651
2017-06-19,07:45,63.9,63.8,52.5,66.4,0.0,NW@4.2,5.7,65.7,0.0,380,"Chelan South, Chelan County",330035,Chelan South,2017-12-13 06:28:35.391651
2017-06-19,08:00,63.4,63.3,51.8,65.9,0.0,NW@2.9,4.2,65.7,0.0,240,"Chelan South, Chelan County",330035,Chelan South,2017-12-13 06:28:35.391651
2017-06-19,08:15,63.2,63.1,51.8,66.1,0.0,NW@2.6,3.9,65.6,0.0,262,"Chelan South, Chelan County",330035,Chelan South,2017-12-13 06:28:35.391651
2017-06-19,08:30,64.1,64.0,51.9,64.3,0.0,NW@2.3,4.2,65.6,0.0,289,"Chelan South, Chelan County",330035,Chelan South,2017-12-13 06:28:35.391651
2017-06-19,08:45,64.4,64.3,51.8,63.5,0.0,NW@2.3,3.5,65.6,0.0,258,"Chelan South, Chelan County",330035,Chelan South,2017-12-13 06:28:35.391651
2017-06-19,09:00,64.7,64.6,51.9,63.2,0.0,N@2.1,3.5,65.6,0.0,261,"Chelan South, Chelan County",330035,Chelan South,2017-12-13 06:28:35.391651
2017-06-19,09:15,65.1,65.1,52.4,63.3,0.0,NW@2.6,4.6,65.6,0.0,437,"Chelan South, Chelan County",330035,Chelan South,2017-12-13 06:28:35.391651
2017-06-19,09:30,65.9,65.9,52.3,61.5,0.0,N@3.2,4.6,65.7,0.0,520,"Chelan South, Chelan County",330035,Chelan South,2017-12-13 06:28:35.391651
2017-06-19,09:45,66.9,66.7,52.3,59.2,0.0,N@3.8,5.7,65.7,0.0,796,"Chelan South, Chelan County",330035,Chelan South,2017-12-13 06:28:35.391651
2017-06-19,10:00,67.3,67.3,52.4,58.7,0.0,N@4.0,5.3,65.7,0.0,812,"Chelan South, Chelan County",330035,Chelan South,2017-12-13 06:28:35.391651
2017-06-19,10:15,68.0,67.8,52.6,57.8,0.0,NW@3.7,6.4,65.8,0.0,823,"Chelan South, Chelan County",330035,Chelan South,2017-12-13 06:28:35.391651
2017-06-19,10:30,69.0,68.8,53.3,57.2,0.0,NW@4.2,6.0,65.8,0.0,869,"Chelan South, Chelan County",330035,Chelan South,2017-12-13 06:28:35.391651
2017-06-19,10:45,69.9,69.8,53.1,55.2,0.0,NW@3.7,5.7,65.9,0.0,896,"Chelan South, Chelan County",330035,Chelan South,2017-12-13 06:28:35.391651
2017-06-19,11:00,70.1,69.9,53.1,54.8,0.0,NW@3.7,4.9,66.0,0.0,765,"Chelan South, Chelan County",330035,Chelan South,2017-12-13 06:28:35.391651
2017-06-19,11:15,71.7,71.4,53.5,52.8,0.0,NW@3.7,6.0,66.0,0.0,790,"Chelan South, Chelan County",330035,Chelan South,2017-12-13 06:28:35.391651
2017-06-19,11:30,72.4,72.3,53.4,51.2,0.0,NW@3.5,4.9,66.1,0.0,685,"Chelan South, Chelan County",330035,Chelan South,2017-12-13 06:28:35.391651
2017-06-19,11:45,72.5,72.3,54.1,52.3,0.0,NW@3.8,5.3,66.2,0.0,670,"Chelan South, Chelan County",330035,Chelan South,2017-12-13 06:28:35.391651
2017-06-19,12:00,72.2,72.1,54.1,52.9,0.0,NW@3.9,5.3,66.4,0.0,633,"Chelan South, Chelan County",330035,Chelan South,2017-12-13 06:28:35.391651
2017-06-19,12:15,73.3,73.2,54.3,51.2,0.0,NW@4.6,6.7,66.5,0.0,679,"Chelan South, Chelan County",330035,Chelan South,2017-12-13 06:28:35.391651
2017-06-19,12:30,74.2,74.0,54.3,49.7,0.0,NW@4.0,5.7,66.7,0.0,877,"Chelan South, Chelan County",330035,Chelan South,2017-12-13 06:28:35.391651
2017-06-19,12:45,75.8,75.7,54.1,46.8,0.0,NW@3.1,4.9,66.8,0.0,870,"Chelan South, Chelan County",330035,Chelan South,2017-12-13 06:28:35.391651
2017-06-19,13:00,77.6,77.6,53.8,43.7,0.0,N@3.5,5.3,67.0,0.0,983,"Chelan South, Chelan County",330035,Chelan South,2017-12-13 06:28:35.391651
2017-06-19,13:15,77.9,78.0,53.8,43.3,0.0,NE@3.1,5.7,67.1,0.0,912,"Chelan South, Chelan County",330035,Chelan South,2017-12-13 06:28:35.391651
2017-06-19,13:30,79.1,78.9,55.6,44.5,0.0,N@3.4,5.7,67.3,0.0,790,"Chelan South, Chelan County",330035,Chelan South,2017-12-13 06:28:35.391651
2017-06-19,13:45,78.4,78.1,55.6,45.5,0.0,NW@3.9,5.7,67.5,0.0,789,"Chelan South, Chelan County",330035,Chelan South,2017-12-13 06:28:35.391651
2017-06-19,14:00,79.8,79.7,56.2,44.4,0.0,NW@4.6,7.1,67.7,0.0,789,"Chelan South, Chelan County",330035,Chelan South,2017-12-13 06:28:35.391651
2017-06-19,14:15,78.9,78.8,56.1,45.4,0.0,NW@4.5,6.0,67.9,0.0,530,"Chelan South, Chelan County",330035,Chelan South,2017-12-13 06:28:35.391651
2017-06-19,14:30,80.5,80.5,56.9,44.5,0.0,W@2.3,4.6,68.0,0.0,462,"Chelan South, Chelan County",330035,Chelan South,2017-12-13 06:28:35.391651
2017-06-19,14:45,81.6,81.4,56.2,41.8,0.0,N@2.8,4.9,68.2,0.0,492,"Chelan South, Chelan County",330035,Chelan South,2017-12-13 06:28:35.391651
2017-06-19,15:00,81.1,80.9,56.3,42.5,0.0,NW@2.4,4.9,68.4,0.0,517,"Chelan South, Chelan County",330035,Chelan South,2017-12-13 06:28:35.391651
2017-06-19,15:15,80.9,80.7,57.0,44.0,0.0,NW@2.3,3.9,68.6,0.0,366,"Chelan South, Chelan County",330035,Chelan South,2017-12-13 06:28:35.391651
2017-06-19,15:30,82.6,82.5,57.5,42.4,0.0,N@0.0,0.0,68.7,0.0,529,"Chelan South, Chelan County",330035,Chelan South,2017-12-13 06:28:35.391651
2017-06-19,15:45,84.8,84.9,57.0,38.9,0.0,N@1.1,3.9,68.9,0.0,621,"Chelan South, Chelan County",330035,Chelan South,2017-12-13 06:28:35.391651
2017-06-19,16:00,82.7,82.7,57.0,41.6,0.0,N@2.1,4.2,69.1,0.0,352,"Chelan South, Chelan County",330035,Chelan South,2017-12-13 06:28:35.391651
2017-06-19,16:15,84.0,83.5,58.0,41.3,0.0,NW@2.0,4.9,69.2,0.0,649,"Chelan South, Chelan County",330035,Chelan South,2017-12-13 06:28:35.391651
2017-06-19,16:30,83.7,83.3,56.9,40.0,0.0,NW@3.3,4.9,69.3,0.0,530,"Chelan South, Chelan County",330035,Chelan South,2017-12-13 06:28:35.391651
2017-06-19,16:45,83.6,83.2,56.8,40.0,0.0,NW@4.9,6.4,69.5,0.0,536,"Chelan South, Chelan County",330035,Chelan South,2017-12-13 06:28:35.391651
2017-06-19,17:00,84.2,84.0,56.0,38.1,0.0,NW@4.3,6.0,69.6,0.0,481,"Chelan South, Chelan County",330035,Chelan South,2017-12-13 06:28:35.391651
2017-06-19,17:15,82.9,82.7,57.8,42.5,0.0,NW@2.8,6.7,69.7,0.0,303,"Chelan South, Chelan County",330035,Chelan South,2017-12-13 06:28:35.391651
2017-06-19,17:30,80.6,80.6,60.2,49.8,0.0,W@2.1,5.3,69.8,0.0,174,"Chelan South, Chelan County",330035,Chelan South,2017-12-13 06:28:35.391651
2017-06-19,17:45,80.0,80.0,59.4,49.3,0.0,W@3.2,6.0,69.9,0.0,164,"Chelan South, Chelan County",330035,Chelan South,2017-12-13 06:28:35.391651
2017-06-19,18:00,80.5,80.5,58.4,46.8,0.0,W@2.7,6.4,70.0,0.0,137,"Chelan South, Chelan County",330035,Chelan South,2017-12-13 06:28:35.391651
2017-06-19,18:15,77.6,77.5,59.9,54.4,0.0,SE@2.8,4.6,70.1,0.0,110,"Chelan South, Chelan County",330035,Chelan South,2017-12-13 06:28:35.391651
2017-06-19,18:30,75.9,76.0,59.4,56.5,0.0,SE@3.1,5.3,70.2,0.0,72,"Chelan South, Chelan County",330035,Chelan South,2017-12-13 06:28:35.391651
2017-06-19,18:45,74.9,75.0,58.6,56.8,0.0,E@3.5,4.9,70.2,0.0,34,"Chelan South, Chelan County",330035,Chelan South,2017-12-13 06:28:35.391651
2017-06-19,19:00,73.3,73.3,57.9,58.4,0.0,SE@3.6,5.3,70.3,0.0,23,"Chelan South, Chelan County",330035,Chelan South,2017-12-13 06:28:35.391651
2017-06-19,19:15,73.7,73.7,56.7,55.3,0.0,SE@0.6,3.9,70.3,0.0,17,"Chelan South, Chelan County",330035,Chelan South,2017-12-13 06:28:35.391651
2017-06-19,19:30,74.6,74.6,55.9,52.0,0.0,SE@1.7,3.9,70.4,0.0,15,"Chelan South, Chelan County",330035,Chelan South,2017-12-13 06:28:35.391651
2017-06-19,19:45,74.8,74.8,55.4,50.8,0.0,SW@1.6,3.5,70.4,0.0,7,"Chelan South, Chelan County",330035,Chelan South,2017-12-13 06:28:35.391651
2017-06-19,20:00,73.4,73.5,56.0,54.5,0.0,S@3.6,5.3,70.5,0.0,2,"Chelan South, Chelan County",330035,Chelan South,2017-12-13 06:28:35.391651
2017-06-19,20:15,73.9,74.0,55.4,52.4,0.0,SE@1.7,3.1,70.5,0.0,0,"Chelan South, Chelan County",330035,Chelan South,2017-12-13 06:28:35.391651
2017-06-19,20:30,73.9,74.0,55.5,52.5,0.0,S@2.8,4.2,70.5,0.0,0,"Chelan South, Chelan County",330035,Chelan South,2017-12-13 06:28:35.391651
2017-06-19,20:45,73.2,73.3,55.1,53.1,0.0,S@3.6,4.9,70.5,0.0,0,"Chelan South, Chelan County",330035,Chelan South,2017-12-13 06:28:35.391651
2017-06-19,21:00,72.7,72.9,54.9,53.4,0.0,S@3.9,4.9,70.6,0.0,0,"Chelan South, Chelan County",330035,Chelan South,2017-12-13 06:28:35.391651
2017-06-19,21:15,73.9,74.1,53.7,49.3,0.0,SW@2.7,4.2,70.6,0.0,0,"Chelan South, Chelan County",330035,Chelan South,2017-12-13 06:28:35.391651
2017-06-19,21:30,73.7,73.8,53.9,49.9,0.0,S@2.0,4.2,70.5,0.0,0,"Chelan South, Chelan County",330035,Chelan South,2017-12-13 06:28:35.391651
2017-06-19,21:45,71.9,71.9,54.7,54.6,0.0,S@3.5,5.3,70.5,0.0,0,"Chelan South, Chelan County",330035,Chelan South,2017-12-13 06:28:35.391651
2017-06-19,22:00,70.7,70.8,54.4,56.3,0.0,S@5.2,6.4,70.5,0.0,0,"Chelan South, Chelan County",330035,Chelan South,2017-12-13 06:28:35.391651
2017-06-19,22:15,71.8,71.8,53.0,51.6,0.0,S@4.3,5.7,70.5,0.0,0,"Chelan South, Chelan County",330035,Chelan South,2017-12-13 06:28:35.391651
2017-06-19,22:30,69.4,69.4,55.2,60.4,0.0,W@2.8,6.0,70.5,0.0,0,"Chelan South, Chelan County",330035,Chelan South,2017-12-13 06:28:35.391651
2017-06-19,22:45,70.2,70.3,53.9,56.1,0.0,SW@4.9,7.1,70.4,0.0,0,"Chelan South, Chelan County",330035,Chelan South,2017-12-13 06:28:35.391651
2017-06-19,23:00,70.1,70.1,53.2,55.1,0.0,S@1.6,3.9,70.4,0.0,0,"Chelan South, Chelan County",330035,Chelan South,2017-12-13 06:28:35.391651
2017-06-20,23:15,69.9,69.9,54.1,57.1,0.0,S@3.1,4.6,70.3,0.0,0,"Chelan South, Chelan County",330035,Chelan South,2017-12-13 06:28:35.391651
2017-06-20,23:30,70.4,70.5,53.1,54.1,0.0,S@2.6,5.3,70.3,0.0,0,"Chelan South, Chelan County",330035,Chelan South,2017-12-13 06:28:35.391651
2017-06-20,23:45,71.8,71.9,52.9,51.2,0.0,SW@4.0,6.7,70.2,0.0,0,"Chelan South, Chelan County",330035,Chelan South,2017-12-13 06:28:35.391651
2017-06-20,24:00,69.3,69.2,54.5,59.3,0.0,SW@1.0,5.3,70.2,0.0,0,"Chelan South, Chelan County",330035,Chelan South,2017-12-13 06:28:35.391651
