Date,Time PST,Air Temp °F, 2<sup>nd</sup> Air Temp °F, Dew Point °F, Rel Hum %, Leaf Wet u., Wind Dir @ Speed mph, Wind Gust mph, 8 in. Soil Tmp °F, Tot Prec in, Solar Rad W/m²,Location,Station ID,Station Name,Download Timestamp
2012-08-01,00:15,69.7,69.8,40.3,34.2,0.0,NW@7.6,12.8,89.8,0.0,0,"Parker, Yakima County",310132,Parker,2017-12-10 03:27:15.803214
2012-08-01,00:30,69.9,70.0,39.9,33.4,0.0,NW@10.4,17.5,89.7,0.0,0,"Parker, Yakima County",310132,Parker,2017-12-10 03:27:15.803214
2012-08-01,00:45,69.9,70.0,38.4,31.6,0.0,NW@11.2,17.8,89.7,0.0,0,"Parker, Yakima County",310132,Parker,2017-12-10 03:27:15.803214
2012-08-01,01:00,69.6,69.6,37.5,30.7,0.0,NW@8.2,14.6,89.6,0.0,0,"Parker, Yakima County",310132,Parker,2017-12-10 03:27:15.803214
2012-08-01,01:15,69.2,69.2,37.3,31.0,0.0,NW@8.6,14.2,89.5,0.0,0,"Parker, Yakima County",310132,Parker,2017-12-10 03:27:15.803214
2012-08-01,01:30,68.5,68.5,37.6,32.1,0.0,NW@8.1,17.1,89.4,0.0,0,"Parker, Yakima County",310132,Parker,2017-12-10 03:27:15.803214
2012-08-01,01:45,68.5,68.6,37.2,31.5,0.0,NW@8.0,15.0,89.3,0.0,0,"Parker, Yakima County",310132,Parker,2017-12-10 03:27:15.803214
2012-08-01,02:00,68.1,68.1,37.5,32.5,0.0,NW@7.9,13.2,89.2,0.0,0,"Parker, Yakima County",310132,Parker,2017-12-10 03:27:15.803214
2012-08-01,02:15,67.5,67.5,37.9,33.7,0.0,N@8.1,14.6,89.1,0.0,0,"Parker, Yakima County",310132,Parker,2017-12-10 03:27:15.803214
2012-08-01,02:30,67.4,67.4,37.6,33.3,0.0,NW@8.4,13.5,89.0,0.0,0,"Parker, Yakima County",310132,Parker,2017-12-10 03:27:15.803214
2012-08-01,02:45,67.2,67.2,37.8,33.8,0.0,NW@7.8,13.5,88.9,0.0,0,"Parker, Yakima County",310132,Parker,2017-12-10 03:27:15.803214
2012-08-01,03:00,66.9,67.0,38.0,34.4,0.0,NW@8.2,15.7,88.8,0.0,0,"Parker, Yakima County",310132,Parker,2017-12-10 03:27:15.803214
2012-08-01,03:15,66.9,66.9,37.9,34.3,0.0,N@7.6,15.0,88.7,0.0,0,"Parker, Yakima County",310132,Parker,2017-12-10 03:27:15.803214
2012-08-01,03:30,66.3,66.4,37.8,34.9,0.0,NW@7.1,13.9,88.6,0.0,0,"Parker, Yakima County",310132,Parker,2017-12-10 03:27:15.803214
2012-08-01,03:45,66.1,66.1,37.7,35.0,0.0,NW@7.3,15.3,88.4,0.0,0,"Parker, Yakima County",310132,Parker,2017-12-10 03:27:15.803214
2012-08-01,04:00,65.9,65.9,37.8,35.4,0.0,NW@9.2,20.0,88.3,0.0,0,"Parker, Yakima County",310132,Parker,2017-12-10 03:27:15.803214
2012-08-01,04:15,65.5,65.5,38.2,36.5,0.0,NW@7.2,15.0,88.2,0.0,0,"Parker, Yakima County",310132,Parker,2017-12-10 03:27:15.803214
2012-08-01,04:30,65.1,65.1,38.4,37.3,0.0,NW@6.4,17.1,88.1,0.0,0,"Parker, Yakima County",310132,Parker,2017-12-10 03:27:15.803214
2012-08-01,04:45,65.0,65.0,38.4,37.4,0.0,NW@9.1,16.4,88.0,0.0,3,"Parker, Yakima County",310132,Parker,2017-12-10 03:27:15.803214
2012-08-01,05:00,64.5,64.6,38.9,38.8,0.0,NW@8.0,16.0,87.9,0.0,8,"Parker, Yakima County",310132,Parker,2017-12-10 03:27:15.803214
2012-08-01,05:15,64.5,64.5,39.6,39.9,0.0,NW@7.4,15.0,87.8,0.0,14,"Parker, Yakima County",310132,Parker,2017-12-10 03:27:15.803214
2012-08-01,05:30,65.3,65.4,39.4,38.4,0.0,NW@7.4,12.4,87.7,0.0,62,"Parker, Yakima County",310132,Parker,2017-12-10 03:27:15.803214
2012-08-01,05:45,65.7,65.7,39.1,37.5,0.0,NW@8.1,15.3,87.5,0.0,99,"Parker, Yakima County",310132,Parker,2017-12-10 03:27:15.803214
2012-08-01,06:00,66.1,66.2,39.4,37.4,0.0,NW@7.7,13.2,87.4,0.0,135,"Parker, Yakima County",310132,Parker,2017-12-10 03:27:15.803214
2012-08-01,06:15,67.0,67.1,39.4,36.3,0.0,NW@6.7,13.9,87.3,0.0,173,"Parker, Yakima County",310132,Parker,2017-12-10 03:27:15.803214
2012-08-01,06:30,68.0,68.3,39.2,34.8,0.0,NW@5.8,12.4,87.2,0.0,212,"Parker, Yakima County",310132,Parker,2017-12-10 03:27:15.803214
2012-08-01,06:45,68.6,68.9,39.2,34.0,0.0,NW@6.8,12.4,87.1,0.0,252,"Parker, Yakima County",310132,Parker,2017-12-10 03:27:15.803214
2012-08-01,07:00,69.7,69.8,39.2,32.9,0.0,NW@6.6,14.6,87.0,0.0,293,"Parker, Yakima County",310132,Parker,2017-12-10 03:27:15.803214
2012-08-01,07:15,70.2,70.3,39.2,32.2,0.0,NW@7.4,12.4,86.8,0.0,335,"Parker, Yakima County",310132,Parker,2017-12-10 03:27:15.803214
2012-08-01,07:30,70.6,70.7,40.0,32.8,0.0,NW@7.9,13.5,86.7,0.0,377,"Parker, Yakima County",310132,Parker,2017-12-10 03:27:15.803214
2012-08-01,07:45,71.2,71.3,40.5,32.9,0.0,NW@7.7,15.0,86.6,0.0,419,"Parker, Yakima County",310132,Parker,2017-12-10 03:27:15.803214
2012-08-01,08:00,71.8,71.9,39.9,31.5,0.0,NW@7.8,14.6,86.5,0.0,460,"Parker, Yakima County",310132,Parker,2017-12-10 03:27:15.803214
2012-08-01,08:15,72.7,72.9,40.4,31.0,0.0,NW@8.0,13.5,86.4,0.0,500,"Parker, Yakima County",310132,Parker,2017-12-10 03:27:15.803214
2012-08-01,08:30,73.6,73.7,40.4,30.1,0.0,NW@8.1,14.6,86.3,0.0,538,"Parker, Yakima County",310132,Parker,2017-12-10 03:27:15.803214
2012-08-01,08:45,75.8,76.1,40.0,27.6,0.0,NW@5.1,11.7,86.2,0.0,578,"Parker, Yakima County",310132,Parker,2017-12-10 03:27:15.803214
2012-08-01,09:00,76.9,77.0,40.1,26.7,0.0,NW@4.0,10.7,86.1,0.0,616,"Parker, Yakima County",310132,Parker,2017-12-10 03:27:15.803214
2012-08-01,09:15,78.3,78.5,40.0,25.3,0.0,NW@3.6,8.5,86.0,0.0,650,"Parker, Yakima County",310132,Parker,2017-12-10 03:27:15.803214
2012-08-01,09:30,79.7,80.0,40.5,24.7,0.0,NW@3.2,7.1,85.9,0.0,683,"Parker, Yakima County",310132,Parker,2017-12-10 03:27:15.803214
2012-08-01,09:45,80.7,80.6,39.8,23.2,0.0,NE@3.1,6.0,85.8,0.0,714,"Parker, Yakima County",310132,Parker,2017-12-10 03:27:15.803214
2012-08-01,10:00,81.5,81.3,38.5,21.6,0.0,E@3.3,6.4,85.8,0.0,742,"Parker, Yakima County",310132,Parker,2017-12-10 03:27:15.803214
2012-08-01,10:15,82.3,82.1,35.5,18.6,0.0,NE@2.1,4.9,85.7,0.0,769,"Parker, Yakima County",310132,Parker,2017-12-10 03:27:15.803214
2012-08-01,10:30,82.7,82.3,38.7,20.9,0.0,SE@3.0,7.8,85.7,0.0,791,"Parker, Yakima County",310132,Parker,2017-12-10 03:27:15.803214
2012-08-01,10:45,82.7,82.8,40.0,21.9,0.0,S@2.5,4.9,85.6,0.0,809,"Parker, Yakima County",310132,Parker,2017-12-10 03:27:15.803214
2012-08-01,11:00,84.0,84.2,39.4,20.5,0.0,SE@2.1,5.3,85.6,0.0,828,"Parker, Yakima County",310132,Parker,2017-12-10 03:27:15.803214
2012-08-01,11:15,84.7,84.7,38.8,19.7,0.0,SE@2.6,6.0,85.6,0.0,840,"Parker, Yakima County",310132,Parker,2017-12-10 03:27:15.803214
2012-08-01,11:30,86.0,86.1,37.8,18.2,0.0,N@1.6,4.6,85.6,0.0,852,"Parker, Yakima County",310132,Parker,2017-12-10 03:27:15.803214
2012-08-01,11:45,86.9,87.2,39.8,19.0,0.0,S@1.6,4.2,85.6,0.0,859,"Parker, Yakima County",310132,Parker,2017-12-10 03:27:15.803214
2012-08-01,12:00,86.4,86.4,40.9,20.2,0.0,S@2.7,6.0,85.6,0.0,861,"Parker, Yakima County",310132,Parker,2017-12-10 03:27:15.803214
2012-08-01,12:15,86.7,86.9,41.3,20.3,0.0,S@2.6,6.7,85.6,0.0,863,"Parker, Yakima County",310132,Parker,2017-12-10 03:27:15.803214
2012-08-01,12:30,87.7,87.8,41.9,20.1,0.0,S@2.8,5.7,85.7,0.0,862,"Parker, Yakima County",310132,Parker,2017-12-10 03:27:15.803214
2012-08-01,12:45,87.8,87.9,43.0,21.0,0.0,SE@2.4,6.4,85.8,0.0,858,"Parker, Yakima County",310132,Parker,2017-12-10 03:27:15.803214
2012-08-01,13:00,87.0,87.1,43.0,21.5,0.0,S@3.6,6.7,85.8,0.0,848,"Parker, Yakima County",310132,Parker,2017-12-10 03:27:15.803214
2012-08-01,13:15,87.5,87.6,44.4,22.3,0.0,SE@3.9,6.7,85.9,0.0,835,"Parker, Yakima County",310132,Parker,2017-12-10 03:27:15.803214
2012-08-01,13:30,87.9,88.1,43.4,21.2,0.0,SE@3.0,6.0,86.0,0.0,822,"Parker, Yakima County",310132,Parker,2017-12-10 03:27:15.803214
2012-08-01,13:45,88.5,88.7,43.2,20.6,0.0,SE@3.3,5.3,86.2,0.0,805,"Parker, Yakima County",310132,Parker,2017-12-10 03:27:15.803214
2012-08-01,14:00,88.9,89.0,42.4,19.8,0.0,SE@3.1,6.4,86.3,0.0,787,"Parker, Yakima County",310132,Parker,2017-12-10 03:27:15.803214
2012-08-01,14:15,89.2,89.6,40.9,18.5,0.0,S@2.6,6.7,86.4,0.0,765,"Parker, Yakima County",310132,Parker,2017-12-10 03:27:15.803214
2012-08-01,14:30,89.9,90.3,42.8,19.4,0.0,SE@2.6,6.4,86.6,0.0,742,"Parker, Yakima County",310132,Parker,2017-12-10 03:27:15.803214
2012-08-01,14:45,90.5,90.7,43.4,19.5,0.0,SE@2.8,6.4,86.7,0.0,714,"Parker, Yakima County",310132,Parker,2017-12-10 03:27:15.803214
2012-08-01,15:00,91.1,91.2,45.8,21.0,0.0,E@2.8,6.0,86.9,0.0,683,"Parker, Yakima County",310132,Parker,2017-12-10 03:27:15.803214
2012-08-01,15:15,90.9,91.1,45.0,20.5,0.0,SE@2.7,5.3,87.0,0.0,650,"Parker, Yakima County",310132,Parker,2017-12-10 03:27:15.803214
2012-08-01,15:30,92.0,92.3,46.6,21.1,0.0,SE@1.1,4.2,87.2,0.0,619,"Parker, Yakima County",310132,Parker,2017-12-10 03:27:15.803214
2012-08-01,15:45,91.1,91.3,45.0,20.4,0.0,SE@1.9,4.2,87.3,0.0,581,"Parker, Yakima County",310132,Parker,2017-12-10 03:27:15.803214
2012-08-01,16:00,91.2,91.4,45.7,20.9,0.0,SE@1.7,4.2,87.5,0.0,542,"Parker, Yakima County",310132,Parker,2017-12-10 03:27:15.803214
2012-08-01,16:15,91.6,91.9,44.1,19.4,0.0,SE@0.8,3.1,87.6,0.0,500,"Parker, Yakima County",310132,Parker,2017-12-10 03:27:15.803214
2012-08-01,16:30,92.2,92.3,45.6,20.2,0.0,E@1.6,4.2,87.8,0.0,461,"Parker, Yakima County",310132,Parker,2017-12-10 03:27:15.803214
2012-08-01,16:45,91.7,91.7,45.1,20.1,0.0,E@1.6,3.9,88.0,0.0,323,"Parker, Yakima County",310132,Parker,2017-12-10 03:27:15.803214
2012-08-01,17:00,91.0,90.9,48.3,23.2,0.0,NE@0.4,2.8,88.1,0.0,371,"Parker, Yakima County",310132,Parker,2017-12-10 03:27:15.803214
2012-08-01,17:15,91.5,91.5,48.4,22.8,0.0,E@0.2,2.8,88.3,0.0,340,"Parker, Yakima County",310132,Parker,2017-12-10 03:27:15.803214
2012-08-01,17:30,88.8,88.8,48.3,24.8,0.0,NW@4.0,10.7,88.5,0.0,291,"Parker, Yakima County",310132,Parker,2017-12-10 03:27:15.803214
2012-08-01,17:45,87.3,87.4,45.2,23.2,0.0,NW@6.5,12.8,88.6,0.0,249,"Parker, Yakima County",310132,Parker,2017-12-10 03:27:15.803214
2012-08-01,18:00,85.9,85.9,45.7,24.7,0.0,NW@6.1,11.4,88.8,0.0,88,"Parker, Yakima County",310132,Parker,2017-12-10 03:27:15.803214
2012-08-01,18:15,84.6,84.6,45.6,25.6,0.0,NW@6.1,12.4,88.9,0.0,49,"Parker, Yakima County",310132,Parker,2017-12-10 03:27:15.803214
2012-08-01,18:30,83.1,83.1,45.8,27.0,0.0,NW@5.4,10.7,89.1,0.0,38,"Parker, Yakima County",310132,Parker,2017-12-10 03:27:15.803214
2012-08-01,18:45,82.2,82.3,44.7,26.7,0.0,NW@6.4,11.4,89.2,0.0,32,"Parker, Yakima County",310132,Parker,2017-12-10 03:27:15.803214
2012-08-01,19:00,81.2,81.1,43.9,26.8,0.0,NW@6.7,12.4,89.4,0.0,21,"Parker, Yakima County",310132,Parker,2017-12-10 03:27:15.803214
2012-08-01,19:15,79.9,79.9,43.5,27.5,0.0,NW@7.1,14.6,89.5,0.0,15,"Parker, Yakima County",310132,Parker,2017-12-10 03:27:15.803214
2012-08-01,19:30,79.4,79.4,43.0,27.4,0.0,NW@8.9,16.0,89.6,0.0,7,"Parker, Yakima County",310132,Parker,2017-12-10 03:27:15.803214
2012-08-01,19:45,79.0,79.0,42.5,27.3,0.0,NW@10.8,19.2,89.7,0.0,2,"Parker, Yakima County",310132,Parker,2017-12-10 03:27:15.803214
2012-08-01,20:00,78.5,78.5,42.2,27.4,0.0,NW@10.3,20.3,89.8,0.0,0,"Parker, Yakima County",310132,Parker,2017-12-10 03:27:15.803214
2012-08-01,20:15,77.8,77.8,41.8,27.6,0.0,NW@11.2,17.5,89.9,0.0,0,"Parker, Yakima County",310132,Parker,2017-12-10 03:27:15.803214
2012-08-01,20:30,77.4,77.4,41.1,27.3,0.0,NW@12.2,21.0,90.0,0.0,0,"Parker, Yakima County",310132,Parker,2017-12-10 03:27:15.803214
2012-08-01,20:45,76.9,77.0,40.8,27.4,0.0,NW@12.3,18.9,90.1,0.0,0,"Parker, Yakima County",310132,Parker,2017-12-10 03:27:15.803214
2012-08-01,21:00,76.1,76.0,41.4,28.8,0.0,NW@10.3,21.4,90.1,0.0,0,"Parker, Yakima County",310132,Parker,2017-12-10 03:27:15.803214
2012-08-01,21:15,75.4,75.4,41.8,30.0,0.0,NW@9.8,15.7,90.2,0.0,0,"Parker, Yakima County",310132,Parker,2017-12-10 03:27:15.803214
2012-08-01,21:30,75.1,75.1,41.6,30.0,0.0,NW@10.1,19.2,90.2,0.0,0,"Parker, Yakima County",310132,Parker,2017-12-10 03:27:15.803214
2012-08-01,21:45,74.7,74.8,41.7,30.5,0.0,NW@10.3,18.2,90.2,0.0,0,"Parker, Yakima County",310132,Parker,2017-12-10 03:27:15.803214
2012-08-01,22:00,74.0,74.0,42.4,32.2,0.0,NW@10.6,18.2,90.2,0.0,0,"Parker, Yakima County",310132,Parker,2017-12-10 03:27:15.803214
2012-08-01,22:15,73.4,73.4,42.8,33.3,0.0,NW@9.6,17.8,90.2,0.0,0,"Parker, Yakima County",310132,Parker,2017-12-10 03:27:15.803214
2012-08-01,22:30,72.6,72.5,43.4,35.1,0.0,NW@7.7,13.2,90.2,0.0,0,"Parker, Yakima County",310132,Parker,2017-12-10 03:27:15.803214
2012-08-01,22:45,71.9,71.9,43.7,36.2,0.0,NW@7.7,13.2,90.2,0.0,0,"Parker, Yakima County",310132,Parker,2017-12-10 03:27:15.803214
2012-08-01,23:00,71.6,71.7,43.9,36.8,0.0,NW@7.7,14.2,90.1,0.0,0,"Parker, Yakima County",310132,Parker,2017-12-10 03:27:15.803214
2012-08-02,23:15,70.9,70.9,44.1,38.0,0.0,N@7.2,13.2,90.1,0.0,0,"Parker, Yakima County",310132,Parker,2017-12-10 03:27:15.803214
2012-08-02,23:30,70.3,70.4,44.6,39.5,0.0,N@6.7,12.1,90.0,0.0,0,"Parker, Yakima County",310132,Parker,2017-12-10 03:27:15.803214
2012-08-02,23:45,70.2,70.2,44.8,40.0,0.0,N@6.2,11.4,90.0,0.0,0,"Parker, Yakima County",310132,Parker,2017-12-10 03:27:15.803214
2012-08-02,24:00,69.7,69.8,45.0,41.0,0.0,N@5.7,10.3,89.9,0.0,0,"Parker, Yakima County",310132,Parker,2017-12-10 03:27:15.803214
2012-08-02,00:15,69.8,69.9,44.9,40.7,0.0,NW@6.0,11.4,89.8,0.0,0,"Parker, Yakima County",310132,Parker,2017-12-10 03:27:15.803214
2012-08-02,00:30,69.6,69.6,44.7,40.8,0.0,NW@6.5,11.7,89.8,0.0,0,"Parker, Yakima County",310132,Parker,2017-12-10 03:27:15.803214
2012-08-02,00:45,69.1,69.1,44.7,41.4,0.0,N@5.4,11.7,89.7,0.0,0,"Parker, Yakima County",310132,Parker,2017-12-10 03:27:15.803214
2012-08-02,01:00,68.8,68.9,44.6,41.7,0.0,N@6.3,12.4,89.6,0.0,0,"Parker, Yakima County",310132,Parker,2017-12-10 03:27:15.803214
2012-08-02,01:15,68.6,68.6,44.8,42.2,0.0,N@6.1,11.4,89.5,0.0,0,"Parker, Yakima County",310132,Parker,2017-12-10 03:27:15.803214
2012-08-02,01:30,68.4,68.5,45.1,43.1,0.0,N@7.6,14.2,89.4,0.0,0,"Parker, Yakima County",310132,Parker,2017-12-10 03:27:15.803214
2012-08-02,01:45,68.0,68.0,45.6,44.5,0.0,N@6.2,12.4,89.3,0.0,0,"Parker, Yakima County",310132,Parker,2017-12-10 03:27:15.803214
2012-08-02,02:00,67.2,67.2,45.8,46.2,0.0,NW@4.4,8.9,89.2,0.0,0,"Parker, Yakima County",310132,Parker,2017-12-10 03:27:15.803214
2012-08-02,02:15,67.4,67.4,46.0,46.1,0.0,NW@4.6,9.2,89.1,0.0,0,"Parker, Yakima County",310132,Parker,2017-12-10 03:27:15.803214
2012-08-02,02:30,66.9,66.9,46.3,47.4,0.0,NW@3.9,9.9,89.0,0.0,0,"Parker, Yakima County",310132,Parker,2017-12-10 03:27:15.803214
2012-08-02,02:45,66.5,66.4,46.6,48.7,0.01,N@3.2,8.2,88.9,0.0,0,"Parker, Yakima County",310132,Parker,2017-12-10 03:27:15.803214
2012-08-02,03:00,66.2,66.2,46.6,49.3,0.01,NW@3.2,7.4,88.8,0.0,0,"Parker, Yakima County",310132,Parker,2017-12-10 03:27:15.803214
2012-08-02,03:15,66.7,66.8,46.7,48.4,0.01,NW@4.9,9.6,88.7,0.0,0,"Parker, Yakima County",310132,Parker,2017-12-10 03:27:15.803214
2012-08-02,03:30,66.8,66.7,46.9,48.7,0.01,NW@4.9,8.9,88.6,0.0,0,"Parker, Yakima County",310132,Parker,2017-12-10 03:27:15.803214
2012-08-02,03:45,66.7,66.7,46.8,48.6,0.01,NW@2.3,7.4,88.5,0.0,0,"Parker, Yakima County",310132,Parker,2017-12-10 03:27:15.803214
2012-08-02,04:00,66.6,66.3,46.9,49.2,0.02,NW@0.7,3.5,88.4,0.0,0,"Parker, Yakima County",310132,Parker,2017-12-10 03:27:15.803214
2012-08-02,04:15,64.5,64.3,47.3,53.6,0.04,N@1.3,8.2,88.3,0.0,0,"Parker, Yakima County",310132,Parker,2017-12-10 03:27:15.803214
2012-08-02,04:30,66.1,66.2,46.7,49.4,0.02,NW@5.5,12.1,88.2,0.0,0,"Parker, Yakima County",310132,Parker,2017-12-10 03:27:15.803214
2012-08-02,04:45,66.2,66.3,46.7,49.4,0.02,NW@7.0,12.4,88.1,0.0,2,"Parker, Yakima County",310132,Parker,2017-12-10 03:27:15.803214
2012-08-02,05:00,66.2,66.2,46.6,49.2,0.02,NW@4.3,11.0,88.0,0.0,7,"Parker, Yakima County",310132,Parker,2017-12-10 03:27:15.803214
2012-08-02,05:15,66.4,66.4,46.8,49.3,0.02,NW@2.0,5.7,87.9,0.0,17,"Parker, Yakima County",310132,Parker,2017-12-10 03:27:15.803214
2012-08-02,05:30,66.8,66.8,47.1,49.1,0.02,NW@6.2,11.4,87.7,0.0,28,"Parker, Yakima County",310132,Parker,2017-12-10 03:27:15.803214
2012-08-02,05:45,66.6,66.6,47.3,49.7,0.02,NW@5.1,10.7,87.6,0.0,39,"Parker, Yakima County",310132,Parker,2017-12-10 03:27:15.803214
2012-08-02,06:00,66.5,66.5,47.4,50.3,0.02,NW@4.1,10.7,87.5,0.0,50,"Parker, Yakima County",310132,Parker,2017-12-10 03:27:15.803214
2012-08-02,06:15,67.6,67.8,47.8,49.0,0.02,NW@8.1,14.6,87.4,0.0,117,"Parker, Yakima County",310132,Parker,2017-12-10 03:27:15.803214
2012-08-02,06:30,69.3,69.5,48.3,47.1,0.01,NW@9.5,16.7,87.3,0.0,191,"Parker, Yakima County",310132,Parker,2017-12-10 03:27:15.803214
2012-08-02,06:45,70.2,70.5,48.6,46.1,0.01,NW@8.9,17.1,87.2,0.0,269,"Parker, Yakima County",310132,Parker,2017-12-10 03:27:15.803214
2012-08-02,07:00,71.2,71.3,49.0,45.2,0.0,NW@6.9,12.8,87.1,0.0,222,"Parker, Yakima County",310132,Parker,2017-12-10 03:27:15.803214
2012-08-02,07:15,71.8,72.0,49.2,44.8,0.0,NW@6.6,15.7,86.9,0.0,336,"Parker, Yakima County",310132,Parker,2017-12-10 03:27:15.803214
2012-08-02,07:30,73.3,73.5,49.8,43.5,0.0,N@4.9,11.0,86.8,0.0,378,"Parker, Yakima County",310132,Parker,2017-12-10 03:27:15.803214
2012-08-02,07:45,74.2,74.2,50.1,42.7,0.0,N@4.2,8.9,86.7,0.0,392,"Parker, Yakima County",310132,Parker,2017-12-10 03:27:15.803214
2012-08-02,08:00,75.2,75.1,49.9,40.9,0.0,N@4.2,8.2,86.6,0.0,461,"Parker, Yakima County",310132,Parker,2017-12-10 03:27:15.803214
2012-08-02,08:15,76.4,76.4,49.2,38.3,0.0,N@3.9,8.5,86.5,0.0,500,"Parker, Yakima County",310132,Parker,2017-12-10 03:27:15.803214
2012-08-02,08:30,77.7,77.8,49.5,37.2,0.0,N@3.6,8.2,86.4,0.0,536,"Parker, Yakima County",310132,Parker,2017-12-10 03:27:15.803214
2012-08-02,08:45,78.3,78.5,49.0,35.7,0.0,N@3.2,8.2,86.3,0.0,579,"Parker, Yakima County",310132,Parker,2017-12-10 03:27:15.803214
2012-08-02,09:00,79.2,79.2,48.9,34.6,0.0,N@3.6,7.8,86.2,0.0,608,"Parker, Yakima County",310132,Parker,2017-12-10 03:27:15.803214
2012-08-02,09:15,80.1,79.9,48.6,33.2,0.0,N@3.6,7.4,86.1,0.0,640,"Parker, Yakima County",310132,Parker,2017-12-10 03:27:15.803214
2012-08-02,09:30,80.5,80.6,48.6,32.8,0.0,NW@4.1,8.2,86.0,0.0,670,"Parker, Yakima County",310132,Parker,2017-12-10 03:27:15.803214
2012-08-02,09:45,81.1,81.2,47.2,30.4,0.0,NW@4.2,9.6,85.9,0.0,698,"Parker, Yakima County",310132,Parker,2017-12-10 03:27:15.803214
2012-08-02,10:00,82.0,82.3,47.1,29.5,0.0,NW@4.2,10.7,85.9,0.0,724,"Parker, Yakima County",310132,Parker,2017-12-10 03:27:15.803214
2012-08-02,10:15,82.7,82.8,45.0,26.7,0.0,NW@4.2,13.2,85.8,0.0,747,"Parker, Yakima County",310132,Parker,2017-12-10 03:27:15.803214
2012-08-02,10:30,83.5,83.7,45.0,25.9,0.0,NW@4.4,9.6,85.8,0.0,769,"Parker, Yakima County",310132,Parker,2017-12-10 03:27:15.803214
2012-08-02,10:45,83.5,83.7,44.7,25.6,0.0,NW@4.2,11.0,85.8,0.0,788,"Parker, Yakima County",310132,Parker,2017-12-10 03:27:15.803214
2012-08-02,11:00,84.2,84.4,44.4,24.8,0.0,NW@4.9,8.9,85.8,0.0,806,"Parker, Yakima County",310132,Parker,2017-12-10 03:27:15.803214
2012-08-02,11:15,84.3,84.2,44.1,24.4,0.0,NE@4.8,9.2,85.7,0.0,818,"Parker, Yakima County",310132,Parker,2017-12-10 03:27:15.803214
2012-08-02,11:30,85.0,85.0,43.2,23.1,0.0,N@4.0,9.2,85.8,0.0,829,"Parker, Yakima County",310132,Parker,2017-12-10 03:27:15.803214
2012-08-02,11:45,85.7,85.8,43.9,23.2,0.0,NW@4.3,10.7,85.8,0.0,843,"Parker, Yakima County",310132,Parker,2017-12-10 03:27:15.803214
2012-08-02,12:00,85.6,85.9,44.6,23.9,0.0,NW@3.9,9.6,85.8,0.0,850,"Parker, Yakima County",310132,Parker,2017-12-10 03:27:15.803214
2012-08-02,12:15,87.5,87.7,45.7,23.5,0.0,NW@1.7,7.1,85.9,0.0,848,"Parker, Yakima County",310132,Parker,2017-12-10 03:27:15.803214
2012-08-02,12:30,87.6,87.5,46.9,24.5,0.0,W@1.7,8.9,85.9,0.0,847,"Parker, Yakima County",310132,Parker,2017-12-10 03:27:15.803214
2012-08-02,12:45,88.2,88.3,48.8,25.8,0.0,W@2.0,8.2,86.0,0.0,850,"Parker, Yakima County",310132,Parker,2017-12-10 03:27:15.803214
2012-08-02,13:00,88.4,88.3,49.0,25.8,0.0,S@1.7,6.0,86.1,0.0,836,"Parker, Yakima County",310132,Parker,2017-12-10 03:27:15.803214
2012-08-02,13:15,86.9,86.8,48.4,26.5,0.0,S@4.8,10.3,86.2,0.0,822,"Parker, Yakima County",310132,Parker,2017-12-10 03:27:15.803214
2012-08-02,13:30,87.0,87.2,49.5,27.5,0.0,S@4.7,9.2,86.3,0.0,807,"Parker, Yakima County",310132,Parker,2017-12-10 03:27:15.803214
2012-08-02,13:45,87.4,87.5,49.0,26.6,0.0,S@4.7,8.5,86.4,0.0,791,"Parker, Yakima County",310132,Parker,2017-12-10 03:27:15.803214
2012-08-02,14:00,88.3,88.6,50.1,27.0,0.0,S@3.3,8.5,86.5,0.0,777,"Parker, Yakima County",310132,Parker,2017-12-10 03:27:15.803214
2012-08-02,14:15,88.6,88.9,49.8,26.4,0.0,S@3.4,7.8,86.6,0.0,767,"Parker, Yakima County",310132,Parker,2017-12-10 03:27:15.803214
2012-08-02,14:30,88.1,88.4,49.6,26.7,0.0,S@3.3,8.2,86.8,0.0,725,"Parker, Yakima County",310132,Parker,2017-12-10 03:27:15.803214
2012-08-02,14:45,88.2,88.2,50.5,27.4,0.0,S@4.0,9.6,86.9,0.0,660,"Parker, Yakima County",310132,Parker,2017-12-10 03:27:15.803214
2012-08-02,15:00,88.1,88.3,50.3,27.4,0.0,SE@3.7,7.4,87.0,0.0,671,"Parker, Yakima County",310132,Parker,2017-12-10 03:27:15.803214
2012-08-02,15:15,88.3,88.4,50.2,27.1,0.0,S@3.6,7.4,87.2,0.0,650,"Parker, Yakima County",310132,Parker,2017-12-10 03:27:15.803214
2012-08-02,15:30,88.4,88.6,49.2,26.0,0.0,SE@3.7,8.5,87.3,0.0,606,"Parker, Yakima County",310132,Parker,2017-12-10 03:27:15.803214
2012-08-02,15:45,88.6,88.9,49.8,26.4,0.0,SE@3.2,6.7,87.5,0.0,573,"Parker, Yakima County",310132,Parker,2017-12-10 03:27:15.803214
2012-08-02,16:00,88.1,88.1,50.5,27.5,0.0,S@2.6,7.4,87.6,0.0,371,"Parker, Yakima County",310132,Parker,2017-12-10 03:27:15.803214
2012-08-02,16:15,87.7,88.1,51.4,28.9,0.0,SE@1.9,5.7,87.8,0.0,459,"Parker, Yakima County",310132,Parker,2017-12-10 03:27:15.803214
2012-08-02,16:30,88.4,88.6,51.1,27.9,0.0,SE@1.9,4.9,88.0,0.0,451,"Parker, Yakima County",310132,Parker,2017-12-10 03:27:15.803214
2012-08-02,16:45,88.5,88.8,50.3,27.1,0.0,S@1.2,4.6,88.1,0.0,420,"Parker, Yakima County",310132,Parker,2017-12-10 03:27:15.803214
2012-08-02,17:00,87.7,87.8,51.5,29.0,0.0,NW@4.2,11.4,88.3,0.0,379,"Parker, Yakima County",310132,Parker,2017-12-10 03:27:15.803214
2012-08-02,17:15,85.2,85.4,51.1,30.9,0.0,NW@5.5,12.4,88.4,0.0,335,"Parker, Yakima County",310132,Parker,2017-12-10 03:27:15.803214
2012-08-02,17:30,84.1,84.2,51.4,32.4,0.0,NW@5.3,11.0,88.6,0.0,293,"Parker, Yakima County",310132,Parker,2017-12-10 03:27:15.803214
2012-08-02,17:45,82.6,82.6,50.8,33.3,0.0,NW@6.6,13.2,88.7,0.0,246,"Parker, Yakima County",310132,Parker,2017-12-10 03:27:15.803214
2012-08-02,18:00,81.3,81.3,50.4,34.1,0.0,NW@7.3,16.0,88.9,0.0,78,"Parker, Yakima County",310132,Parker,2017-12-10 03:27:15.803214
2012-08-02,18:15,80.2,80.2,50.0,34.8,0.0,NW@7.0,11.7,89.0,0.0,49,"Parker, Yakima County",310132,Parker,2017-12-10 03:27:15.803214
2012-08-02,18:30,79.3,79.3,49.5,35.3,0.0,NW@6.9,13.5,89.1,0.0,38,"Parker, Yakima County",310132,Parker,2017-12-10 03:27:15.803214
2012-08-02,18:45,78.3,78.3,48.8,35.4,0.0,NW@7.6,14.2,89.3,0.0,27,"Parker, Yakima County",310132,Parker,2017-12-10 03:27:15.803214
2012-08-02,19:00,77.4,77.4,48.6,36.2,0.0,NW@7.5,15.3,89.4,0.0,20,"Parker, Yakima County",310132,Parker,2017-12-10 03:27:15.803214
2012-08-02,19:15,76.8,76.8,47.5,35.6,0.0,NW@11.4,19.6,89.5,0.0,14,"Parker, Yakima County",310132,Parker,2017-12-10 03:27:15.803214
2012-08-02,19:30,76.0,76.0,47.0,35.8,0.0,NW@10.2,18.5,89.6,0.0,8,"Parker, Yakima County",310132,Parker,2017-12-10 03:27:15.803214
2012-08-02,19:45,74.8,74.8,46.8,37.0,0.0,NW@7.7,14.6,89.7,0.0,3,"Parker, Yakima County",310132,Parker,2017-12-10 03:27:15.803214
2012-08-02,20:00,74.3,74.3,45.9,36.4,0.0,NW@10.1,20.3,89.8,0.0,0,"Parker, Yakima County",310132,Parker,2017-12-10 03:27:15.803214
2012-08-02,20:15,73.8,73.8,45.1,35.9,0.0,NW@9.6,17.8,89.9,0.0,0,"Parker, Yakima County",310132,Parker,2017-12-10 03:27:15.803214
2012-08-02,20:30,73.2,73.2,44.9,36.3,0.0,NW@9.7,15.3,90.0,0.0,0,"Parker, Yakima County",310132,Parker,2017-12-10 03:27:15.803214
2012-08-02,20:45,72.5,72.5,45.3,37.7,0.0,NW@12.9,20.7,90.0,0.0,0,"Parker, Yakima County",310132,Parker,2017-12-10 03:27:15.803214
2012-08-02,21:00,71.7,71.7,45.9,39.7,0.0,NW@13.4,20.7,90.0,0.0,0,"Parker, Yakima County",310132,Parker,2017-12-10 03:27:15.803214
2012-08-02,21:15,70.8,70.8,46.1,41.2,0.0,NW@9.1,16.0,90.1,0.0,0,"Parker, Yakima County",310132,Parker,2017-12-10 03:27:15.803214
2012-08-02,21:30,70.3,70.4,46.0,41.6,0.0,N@8.4,16.4,90.1,0.0,0,"Parker, Yakima County",310132,Parker,2017-12-10 03:27:15.803214
2012-08-02,21:45,69.7,69.7,45.8,42.3,0.0,NW@9.1,16.7,90.1,0.0,0,"Parker, Yakima County",310132,Parker,2017-12-10 03:27:15.803214
2012-08-02,22:00,69.4,69.5,45.5,42.2,0.0,NW@8.0,15.7,90.1,0.0,0,"Parker, Yakima County",310132,Parker,2017-12-10 03:27:15.803214
2012-08-02,22:15,69.2,69.2,45.9,43.2,0.0,N@6.2,11.7,90.0,0.0,0,"Parker, Yakima County",310132,Parker,2017-12-10 03:27:15.803214
2012-08-02,22:30,68.8,68.8,46.4,44.6,0.0,N@7.0,12.8,90.0,0.0,0,"Parker, Yakima County",310132,Parker,2017-12-10 03:27:15.803214
2012-08-02,22:45,68.6,68.7,46.4,44.9,0.0,NW@6.9,13.2,90.0,0.0,0,"Parker, Yakima County",310132,Parker,2017-12-10 03:27:15.803214
2012-08-02,23:00,68.6,68.7,46.1,44.4,0.0,N@6.4,12.8,89.9,0.0,0,"Parker, Yakima County",310132,Parker,2017-12-10 03:27:15.803214
2012-08-03,23:15,68.3,68.3,46.5,45.5,0.0,N@6.2,12.1,89.9,0.0,0,"Parker, Yakima County",310132,Parker,2017-12-10 03:27:15.803214
2012-08-03,23:30,67.6,67.6,46.8,47.2,0.0,NW@7.1,13.5,89.8,0.0,0,"Parker, Yakima County",310132,Parker,2017-12-10 03:27:15.803214
2012-08-03,23:45,67.2,67.2,47.0,48.1,0.0,NW@6.5,11.7,89.8,0.0,0,"Parker, Yakima County",310132,Parker,2017-12-10 03:27:15.803214
2012-08-03,24:00,66.9,67.0,47.3,49.3,0.01,NW@6.2,11.7,89.7,0.0,0,"Parker, Yakima County",310132,Parker,2017-12-10 03:27:15.803214
2012-08-03,00:15,66.9,67.0,47.4,49.3,0.01,NW@6.2,11.4,89.6,0.0,0,"Parker, Yakima County",310132,Parker,2017-12-10 03:27:15.803214
2012-08-03,00:30,67.0,67.0,47.5,49.5,0.01,N@5.4,10.7,89.5,0.0,0,"Parker, Yakima County",310132,Parker,2017-12-10 03:27:15.803214
2012-08-03,00:45,66.6,66.6,47.9,50.8,0.02,N@5.4,9.9,89.4,0.0,0,"Parker, Yakima County",310132,Parker,2017-12-10 03:27:15.803214
2012-08-03,01:00,66.6,66.6,47.9,51.0,0.02,N@5.5,11.0,89.3,0.0,0,"Parker, Yakima County",310132,Parker,2017-12-10 03:27:15.803214
2012-08-03,01:15,66.4,66.4,48.0,51.5,0.02,N@4.1,9.9,89.2,0.0,0,"Parker, Yakima County",310132,Parker,2017-12-10 03:27:15.803214
2012-08-03,01:30,66.0,65.9,47.9,52.0,0.02,N@3.4,7.4,89.1,0.0,0,"Parker, Yakima County",310132,Parker,2017-12-10 03:27:15.803214
2012-08-03,01:45,65.4,65.5,47.7,52.7,0.03,NW@3.8,9.2,89.0,0.0,0,"Parker, Yakima County",310132,Parker,2017-12-10 03:27:15.803214
2012-08-03,02:00,65.9,65.9,47.3,51.0,0.02,NW@1.8,6.4,88.9,0.0,0,"Parker, Yakima County",310132,Parker,2017-12-10 03:27:15.803214
2012-08-03,02:15,65.9,65.9,47.3,51.1,0.02,NW@3.7,9.9,88.8,0.0,0,"Parker, Yakima County",310132,Parker,2017-12-10 03:27:15.803214
2012-08-03,02:30,65.5,65.4,47.4,51.9,0.03,N@2.7,7.4,88.7,0.0,0,"Parker, Yakima County",310132,Parker,2017-12-10 03:27:15.803214
2012-08-03,02:45,64.9,64.9,47.5,53.1,0.03,N@2.8,8.5,88.6,0.0,0,"Parker, Yakima County",310132,Parker,2017-12-10 03:27:15.803214
2012-08-03,03:00,64.3,64.3,47.5,54.3,0.04,N@3.0,8.9,88.5,0.0,0,"Parker, Yakima County",310132,Parker,2017-12-10 03:27:15.803214
2012-08-03,03:15,63.6,63.5,47.2,55.0,0.05,N@2.1,6.4,88.4,0.0,0,"Parker, Yakima County",310132,Parker,2017-12-10 03:27:15.803214
2012-08-03,03:30,63.3,63.4,47.0,55.1,0.05,NW@4.5,11.0,88.3,0.0,0,"Parker, Yakima County",310132,Parker,2017-12-10 03:27:15.803214
2012-08-03,03:45,63.4,63.5,46.7,54.2,0.04,NW@5.5,10.3,88.2,0.0,0,"Parker, Yakima County",310132,Parker,2017-12-10 03:27:15.803214
2012-08-03,04:00,62.8,62.8,46.3,54.7,0.04,NW@4.5,8.9,88.1,0.0,0,"Parker, Yakima County",310132,Parker,2017-12-10 03:27:15.803214
2012-08-03,04:15,62.7,62.7,46.0,54.3,0.04,NW@4.1,10.7,88.0,0.0,0,"Parker, Yakima County",310132,Parker,2017-12-10 03:27:15.803214
2012-08-03,04:30,62.7,62.8,45.6,53.4,0.04,NW@5.2,10.3,87.9,0.0,0,"Parker, Yakima County",310132,Parker,2017-12-10 03:27:15.803214
2012-08-03,04:45,62.5,62.5,45.4,53.5,0.04,NW@5.0,11.0,87.7,0.0,2,"Parker, Yakima County",310132,Parker,2017-12-10 03:27:15.803214
2012-08-03,05:00,62.2,62.2,45.2,53.7,0.04,NW@4.5,8.9,87.6,0.0,7,"Parker, Yakima County",310132,Parker,2017-12-10 03:27:15.803214
2012-08-03,05:15,62.2,62.3,45.4,54.0,0.04,NW@4.6,10.7,87.5,0.0,13,"Parker, Yakima County",310132,Parker,2017-12-10 03:27:15.803214
2012-08-03,05:30,62.8,62.9,45.0,51.9,0.03,NW@5.9,11.7,87.4,0.0,50,"Parker, Yakima County",310132,Parker,2017-12-10 03:27:15.803214
2012-08-03,05:45,63.5,63.7,44.3,49.5,0.02,NW@5.2,9.6,87.3,0.0,89,"Parker, Yakima County",310132,Parker,2017-12-10 03:27:15.803214
2012-08-03,06:00,64.5,64.7,44.3,47.8,0.02,NW@4.6,11.0,87.2,0.0,124,"Parker, Yakima County",310132,Parker,2017-12-10 03:27:15.803214
2012-08-03,06:15,65.6,65.7,44.6,46.5,0.01,N@4.5,8.2,87.0,0.0,161,"Parker, Yakima County",310132,Parker,2017-12-10 03:27:15.803214
2012-08-03,06:30,66.8,66.9,44.4,44.4,0.01,N@4.8,10.7,86.9,0.0,199,"Parker, Yakima County",310132,Parker,2017-12-10 03:27:15.803214
2012-08-03,06:45,67.5,67.6,44.7,43.7,0.0,N@4.4,11.0,86.8,0.0,239,"Parker, Yakima County",310132,Parker,2017-12-10 03:27:15.803214
2012-08-03,07:00,68.1,68.0,44.9,43.1,0.0,N@5.1,10.7,86.7,0.0,279,"Parker, Yakima County",310132,Parker,2017-12-10 03:27:15.803214
2012-08-03,07:15,68.8,68.7,44.9,42.1,0.0,N@4.5,9.6,86.5,0.0,320,"Parker, Yakima County",310132,Parker,2017-12-10 03:27:15.803214
2012-08-03,07:30,70.1,69.9,45.8,41.7,0.0,NE@3.4,7.4,86.4,0.0,365,"Parker, Yakima County",310132,Parker,2017-12-10 03:27:15.803214
2012-08-03,07:45,70.7,70.4,46.6,42.1,0.0,N@2.1,6.7,86.3,0.0,406,"Parker, Yakima County",310132,Parker,2017-12-10 03:27:15.803214
2012-08-03,08:00,71.4,71.0,47.7,42.8,0.0,N@3.3,8.2,86.2,0.0,448,"Parker, Yakima County",310132,Parker,2017-12-10 03:27:15.803214
2012-08-03,08:15,72.3,72.2,47.8,41.6,0.0,N@3.8,8.9,86.1,0.0,488,"Parker, Yakima County",310132,Parker,2017-12-10 03:27:15.803214
2012-08-03,08:30,73.6,73.4,48.0,40.2,0.0,N@3.8,9.6,86.0,0.0,525,"Parker, Yakima County",310132,Parker,2017-12-10 03:27:15.803214
2012-08-03,08:45,73.9,73.6,48.6,40.7,0.0,NE@3.9,7.8,85.9,0.0,562,"Parker, Yakima County",310132,Parker,2017-12-10 03:27:15.803214
2012-08-03,09:00,75.0,74.8,48.9,39.7,0.0,NE@4.5,8.9,85.8,0.0,595,"Parker, Yakima County",310132,Parker,2017-12-10 03:27:15.803214
2012-08-03,09:15,76.8,76.6,49.6,38.4,0.0,N@3.6,7.8,85.7,0.0,630,"Parker, Yakima County",310132,Parker,2017-12-10 03:27:15.803214
2012-08-03,09:30,78.2,78.2,49.3,36.3,0.0,N@3.0,6.4,85.6,0.0,661,"Parker, Yakima County",310132,Parker,2017-12-10 03:27:15.803214
2012-08-03,09:45,79.4,79.1,48.0,33.3,0.0,NE@3.2,7.1,85.5,0.0,692,"Parker, Yakima County",310132,Parker,2017-12-10 03:27:15.803214
2012-08-03,10:00,80.5,80.3,47.3,31.2,0.0,NE@1.9,5.7,85.5,0.0,720,"Parker, Yakima County",310132,Parker,2017-12-10 03:27:15.803214
2012-08-03,10:15,80.4,80.5,48.0,32.1,0.0,S@2.6,6.7,85.4,0.0,742,"Parker, Yakima County",310132,Parker,2017-12-10 03:27:15.803214
2012-08-03,10:30,81.8,82.0,49.7,32.7,0.0,S@1.5,4.6,85.4,0.0,765,"Parker, Yakima County",310132,Parker,2017-12-10 03:27:15.803214
2012-08-03,10:45,81.7,81.8,48.7,31.5,0.0,SW@1.7,5.7,85.3,0.0,786,"Parker, Yakima County",310132,Parker,2017-12-10 03:27:15.803214
2012-08-03,11:00,82.1,82.2,46.9,29.1,0.0,S@1.4,6.0,85.3,0.0,805,"Parker, Yakima County",310132,Parker,2017-12-10 03:27:15.803214
2012-08-03,11:15,82.9,83.1,47.6,29.2,0.0,S@3.0,7.4,85.3,0.0,817,"Parker, Yakima County",310132,Parker,2017-12-10 03:27:15.803214
2012-08-03,11:30,83.7,83.6,47.0,27.8,0.0,S@1.6,5.3,85.3,0.0,828,"Parker, Yakima County",310132,Parker,2017-12-10 03:27:15.803214
2012-08-03,11:45,83.8,84.0,47.3,28.0,0.0,SE@1.7,5.3,85.3,0.0,836,"Parker, Yakima County",310132,Parker,2017-12-10 03:27:15.803214
2012-08-03,12:00,84.1,84.1,46.7,27.1,0.0,E@1.3,5.3,85.3,0.0,841,"Parker, Yakima County",310132,Parker,2017-12-10 03:27:15.803214
2012-08-03,12:15,84.8,84.8,47.5,27.3,0.0,NW@0.7,3.5,85.4,0.0,844,"Parker, Yakima County",310132,Parker,2017-12-10 03:27:15.803214
2012-08-03,12:30,85.7,85.8,47.0,26.1,0.0,NW@2.0,6.0,85.4,0.0,840,"Parker, Yakima County",310132,Parker,2017-12-10 03:27:15.803214
2012-08-03,12:45,85.9,85.9,46.5,25.4,0.0,SE@3.1,8.2,85.5,0.0,834,"Parker, Yakima County",310132,Parker,2017-12-10 03:27:15.803214
2012-08-03,13:00,86.4,86.5,45.1,23.7,0.0,N@2.2,6.4,85.6,0.0,825,"Parker, Yakima County",310132,Parker,2017-12-10 03:27:15.803214
2012-08-03,13:15,85.3,85.2,49.5,29.1,0.0,SE@5.3,10.3,85.7,0.0,810,"Parker, Yakima County",310132,Parker,2017-12-10 03:27:15.803214
2012-08-03,13:30,85.8,85.9,47.8,26.8,0.0,S@3.1,9.2,85.8,0.0,797,"Parker, Yakima County",310132,Parker,2017-12-10 03:27:15.803214
2012-08-03,13:45,86.3,86.3,47.9,26.5,0.0,SE@3.0,7.8,85.9,0.0,783,"Parker, Yakima County",310132,Parker,2017-12-10 03:27:15.803214
2012-08-03,14:00,85.7,86.0,48.8,27.8,0.0,SE@4.6,8.2,86.0,0.0,761,"Parker, Yakima County",310132,Parker,2017-12-10 03:27:15.803214
2012-08-03,14:15,85.9,86.0,47.9,26.8,0.0,S@4.2,9.2,86.2,0.0,739,"Parker, Yakima County",310132,Parker,2017-12-10 03:27:15.803214
2012-08-03,14:30,86.4,86.7,50.1,28.6,0.0,S@2.8,6.7,86.3,0.0,715,"Parker, Yakima County",310132,Parker,2017-12-10 03:27:15.803214
2012-08-03,14:45,87.0,87.1,50.3,28.2,0.0,S@2.3,8.2,86.5,0.0,691,"Parker, Yakima County",310132,Parker,2017-12-10 03:27:15.803214
2012-08-03,15:00,86.8,86.7,49.0,27.1,0.0,S@3.1,6.7,86.6,0.0,663,"Parker, Yakima County",310132,Parker,2017-12-10 03:27:15.803214
2012-08-03,15:15,86.4,86.3,48.7,27.2,0.0,S@3.6,8.9,86.8,0.0,632,"Parker, Yakima County",310132,Parker,2017-12-10 03:27:15.803214
2012-08-03,15:30,86.3,86.4,49.0,27.6,0.0,S@3.3,7.1,86.9,0.0,597,"Parker, Yakima County",310132,Parker,2017-12-10 03:27:15.803214
2012-08-03,15:45,86.8,86.9,50.2,28.4,0.0,S@2.6,8.2,87.1,0.0,564,"Parker, Yakima County",310132,Parker,2017-12-10 03:27:15.803214
2012-08-03,16:00,86.4,86.4,49.1,27.7,0.0,S@2.5,7.1,87.2,0.0,526,"Parker, Yakima County",310132,Parker,2017-12-10 03:27:15.803214
2012-08-03,16:15,87.1,87.2,49.0,26.8,0.0,S@2.0,4.9,87.4,0.0,488,"Parker, Yakima County",310132,Parker,2017-12-10 03:27:15.803214
2012-08-03,16:30,87.0,87.1,49.3,27.3,0.0,S@1.4,6.4,87.5,0.0,449,"Parker, Yakima County",310132,Parker,2017-12-10 03:27:15.803214
2012-08-03,16:45,86.6,86.6,50.0,28.3,0.0,S@2.5,6.4,87.7,0.0,409,"Parker, Yakima County",310132,Parker,2017-12-10 03:27:15.803214
2012-08-03,17:00,86.4,86.6,51.4,30.0,0.0,S@1.1,4.9,87.8,0.0,368,"Parker, Yakima County",310132,Parker,2017-12-10 03:27:15.803214
2012-08-03,17:15,85.6,85.7,53.2,33.0,0.0,S@1.4,4.9,88.0,0.0,326,"Parker, Yakima County",310132,Parker,2017-12-10 03:27:15.803214
2012-08-03,17:30,85.4,85.5,54.1,34.4,0.0,S@0.8,3.9,88.1,0.0,285,"Parker, Yakima County",310132,Parker,2017-12-10 03:27:15.803214
2012-08-03,17:45,84.9,85.3,54.1,34.7,0.0,S@0.3,2.8,88.3,0.0,243,"Parker, Yakima County",310132,Parker,2017-12-10 03:27:15.803214
2012-08-03,18:00,84.7,84.5,55.7,37.2,0.0,SW@0.1,2.8,88.4,0.0,98,"Parker, Yakima County",310132,Parker,2017-12-10 03:27:15.803214
2012-08-03,18:15,82.9,82.4,56.3,40.1,0.0,N@0.0,0.0,88.6,0.0,50,"Parker, Yakima County",310132,Parker,2017-12-10 03:27:15.803214
2012-08-03,18:30,81.3,80.7,58.6,46.1,0.01,N@0.0,0.0,88.7,0.0,39,"Parker, Yakima County",310132,Parker,2017-12-10 03:27:15.803214
2012-08-03,18:45,78.2,77.7,61.2,55.8,0.11,N@0.0,0.0,88.8,0.0,29,"Parker, Yakima County",310132,Parker,2017-12-10 03:27:15.803214
2012-08-03,19:00,75.4,75.1,60.2,59.3,0.24,N@0.0,0.0,89.0,0.0,21,"Parker, Yakima County",310132,Parker,2017-12-10 03:27:15.803214
2012-08-03,19:15,73.3,72.6,58.2,59.2,0.3,N@0.0,0.0,89.1,0.0,14,"Parker, Yakima County",310132,Parker,2017-12-10 03:27:15.803214
2012-08-03,19:30,70.9,70.5,57.1,61.7,0.37,N@0.0,0.0,89.2,0.0,7,"Parker, Yakima County",310132,Parker,2017-12-10 03:27:15.803214
2012-08-03,19:45,69.5,69.0,57.0,64.5,0.47,N@0.0,0.0,89.3,0.0,2,"Parker, Yakima County",310132,Parker,2017-12-10 03:27:15.803214
2012-08-03,20:00,68.4,67.9,56.0,64.5,0.5,N@0.0,0.0,89.4,0.0,0,"Parker, Yakima County",310132,Parker,2017-12-10 03:27:15.803214
2012-08-03,20:15,67.6,67.4,52.5,58.2,0.3,N@0.0,0.0,89.5,0.0,0,"Parker, Yakima County",310132,Parker,2017-12-10 03:27:15.803214
2012-08-03,20:30,66.7,66.3,52.6,60.4,0.32,N@0.0,0.0,89.5,0.0,0,"Parker, Yakima County",310132,Parker,2017-12-10 03:27:15.803214
2012-08-03,20:45,65.7,65.7,53.0,63.3,0.35,N@0.0,0.0,89.6,0.0,0,"Parker, Yakima County",310132,Parker,2017-12-10 03:27:15.803214
2012-08-03,21:00,67.5,67.5,52.2,57.9,0.23,N@0.0,0.0,89.6,0.0,0,"Parker, Yakima County",310132,Parker,2017-12-10 03:27:15.803214
2012-08-03,21:15,66.7,66.4,52.6,60.5,0.26,N@0.0,0.0,89.7,0.0,0,"Parker, Yakima County",310132,Parker,2017-12-10 03:27:15.803214
2012-08-03,21:30,66.5,66.7,51.7,58.7,0.21,N@0.0,0.0,89.7,0.0,0,"Parker, Yakima County",310132,Parker,2017-12-10 03:27:15.803214
2012-08-03,21:45,68.4,68.9,49.7,51.1,0.13,N@1.9,5.3,89.7,0.0,0,"Parker, Yakima County",310132,Parker,2017-12-10 03:27:15.803214
2012-08-03,22:00,71.3,71.5,48.8,44.8,0.06,N@3.6,6.4,89.7,0.0,0,"Parker, Yakima County",310132,Parker,2017-12-10 03:27:15.803214
2012-08-03,22:15,71.8,71.8,48.1,42.9,0.04,N@5.5,10.7,89.7,0.0,0,"Parker, Yakima County",310132,Parker,2017-12-10 03:27:15.803214
2012-08-03,22:30,69.9,69.8,47.6,44.9,0.03,N@6.0,10.7,89.7,0.0,0,"Parker, Yakima County",310132,Parker,2017-12-10 03:27:15.803214
2012-08-03,22:45,68.6,68.7,47.9,47.6,0.03,N@6.4,11.4,89.7,0.0,0,"Parker, Yakima County",310132,Parker,2017-12-10 03:27:15.803214
2012-08-03,23:00,69.1,69.3,47.6,46.3,0.02,NE@4.8,10.3,89.6,0.0,0,"Parker, Yakima County",310132,Parker,2017-12-10 03:27:15.803214
2012-08-04,23:15,69.6,69.6,46.9,44.3,0.02,NE@3.1,7.1,89.6,0.0,0,"Parker, Yakima County",310132,Parker,2017-12-10 03:27:15.803214
2012-08-04,23:30,69.9,70.1,46.6,43.3,0.02,NE@5.1,9.2,89.5,0.0,0,"Parker, Yakima County",310132,Parker,2017-12-10 03:27:15.803214
2012-08-04,23:45,70.7,70.7,46.8,42.4,0.01,NE@3.3,8.2,89.5,0.0,0,"Parker, Yakima County",310132,Parker,2017-12-10 03:27:15.803214
2012-08-04,24:00,69.9,69.7,46.8,43.7,0.02,N@3.1,8.5,89.4,0.0,0,"Parker, Yakima County",310132,Parker,2017-12-10 03:27:15.803214
2012-08-04,00:15,68.4,68.3,46.8,45.9,0.02,N@4.4,9.9,89.3,0.0,0,"Parker, Yakima County",310132,Parker,2017-12-10 03:27:15.803214
2012-08-04,00:30,67.7,67.7,46.5,46.5,0.02,N@4.4,8.9,89.2,0.0,0,"Parker, Yakima County",310132,Parker,2017-12-10 03:27:15.803214
2012-08-04,00:45,67.8,68.0,46.4,46.1,0.02,N@4.2,8.2,89.2,0.0,0,"Parker, Yakima County",310132,Parker,2017-12-10 03:27:15.803214
2012-08-04,01:00,67.8,67.8,46.3,46.0,0.02,NE@3.5,8.5,89.1,0.0,0,"Parker, Yakima County",310132,Parker,2017-12-10 03:27:15.803214
2012-08-04,01:15,67.6,67.6,46.3,46.3,0.02,NE@4.0,7.4,89.0,0.0,0,"Parker, Yakima County",310132,Parker,2017-12-10 03:27:15.803214
2012-08-04,01:30,67.1,67.0,46.6,47.6,0.02,NE@4.5,9.6,88.9,0.0,0,"Parker, Yakima County",310132,Parker,2017-12-10 03:27:15.803214
2012-08-04,01:45,66.0,66.0,46.7,49.7,0.02,NE@4.6,9.2,88.8,0.0,0,"Parker, Yakima County",310132,Parker,2017-12-10 03:27:15.803214
2012-08-04,02:00,65.2,65.3,46.5,50.7,0.02,NE@4.4,8.2,88.7,0.0,0,"Parker, Yakima County",310132,Parker,2017-12-10 03:27:15.803214
2012-08-04,02:15,65.3,65.4,46.4,50.3,0.02,NE@6.8,11.4,88.6,0.0,0,"Parker, Yakima County",310132,Parker,2017-12-10 03:27:15.803214
2012-08-04,02:30,65.6,65.7,46.3,49.5,0.02,NE@6.5,11.7,88.5,0.0,0,"Parker, Yakima County",310132,Parker,2017-12-10 03:27:15.803214
2012-08-04,02:45,66.1,66.3,46.1,48.4,0.02,NE@4.9,9.6,88.4,0.0,0,"Parker, Yakima County",310132,Parker,2017-12-10 03:27:15.803214
2012-08-04,03:00,66.4,66.3,46.1,47.9,0.02,NE@4.9,10.7,88.3,0.0,0,"Parker, Yakima County",310132,Parker,2017-12-10 03:27:15.803214
2012-08-04,03:15,64.3,64.2,46.2,51.7,0.02,NE@4.3,8.5,88.2,0.0,0,"Parker, Yakima County",310132,Parker,2017-12-10 03:27:15.803214
2012-08-04,03:30,63.8,63.8,45.9,52.2,0.03,NE@3.0,7.1,88.1,0.0,0,"Parker, Yakima County",310132,Parker,2017-12-10 03:27:15.803214
2012-08-04,03:45,64.4,64.6,45.7,50.7,0.03,NE@1.7,7.1,88.0,0.0,0,"Parker, Yakima County",310132,Parker,2017-12-10 03:27:15.803214
2012-08-04,04:00,65.7,65.7,45.7,48.4,0.02,NE@1.7,6.0,87.9,0.0,0,"Parker, Yakima County",310132,Parker,2017-12-10 03:27:15.803214
2012-08-04,04:15,66.0,65.9,45.6,47.7,0.02,NE@1.3,4.6,87.8,0.0,0,"Parker, Yakima County",310132,Parker,2017-12-10 03:27:15.803214
2012-08-04,04:30,65.4,65.3,45.6,48.7,0.02,SE@2.2,5.7,87.7,0.0,0,"Parker, Yakima County",310132,Parker,2017-12-10 03:27:15.803214
2012-08-04,04:45,65.9,65.9,45.1,47.0,0.02,SE@2.6,6.4,87.6,0.0,2,"Parker, Yakima County",310132,Parker,2017-12-10 03:27:15.803214
2012-08-04,05:00,64.9,64.7,45.1,48.5,0.02,E@2.5,6.7,87.4,0.0,6,"Parker, Yakima County",310132,Parker,2017-12-10 03:27:15.803214
2012-08-04,05:15,64.2,64.2,45.1,49.9,0.02,E@0.9,6.0,87.3,0.0,12,"Parker, Yakima County",310132,Parker,2017-12-10 03:27:15.803214
2012-08-04,05:30,65.3,65.4,44.9,47.6,0.02,SE@2.1,6.4,87.2,0.0,47,"Parker, Yakima County",310132,Parker,2017-12-10 03:27:15.803214
2012-08-04,05:45,67.3,67.5,44.8,44.2,0.01,SE@3.5,6.7,87.1,0.0,89,"Parker, Yakima County",310132,Parker,2017-12-10 03:27:15.803214
2012-08-04,06:00,69.3,69.4,45.2,41.9,0.01,SE@3.0,8.5,87.0,0.0,123,"Parker, Yakima County",310132,Parker,2017-12-10 03:27:15.803214
2012-08-04,06:15,70.2,70.3,46.0,41.9,0.0,SE@2.2,7.1,86.9,0.0,160,"Parker, Yakima County",310132,Parker,2017-12-10 03:27:15.803214
2012-08-04,06:30,71.6,72.1,45.2,38.8,0.0,SE@2.5,5.7,86.7,0.0,200,"Parker, Yakima County",310132,Parker,2017-12-10 03:27:15.803214
2012-08-04,06:45,72.6,73.0,45.5,37.8,0.0,SE@2.8,6.0,86.6,0.0,240,"Parker, Yakima County",310132,Parker,2017-12-10 03:27:15.803214
2012-08-04,07:00,73.9,74.1,45.4,36.1,0.0,SE@2.7,7.4,86.5,0.0,281,"Parker, Yakima County",310132,Parker,2017-12-10 03:27:15.803214
2012-08-04,07:15,75.0,75.1,45.2,34.4,0.0,SE@3.0,7.8,86.4,0.0,324,"Parker, Yakima County",310132,Parker,2017-12-10 03:27:15.803214
2012-08-04,07:30,75.6,75.6,46.3,35.4,0.0,SE@1.7,5.3,86.3,0.0,366,"Parker, Yakima County",310132,Parker,2017-12-10 03:27:15.803214
2012-08-04,07:45,76.1,76.1,45.3,33.4,0.0,E@2.8,6.4,86.2,0.0,407,"Parker, Yakima County",310132,Parker,2017-12-10 03:27:15.803214
2012-08-04,08:00,76.8,76.7,46.1,33.6,0.0,NE@3.7,7.1,86.1,0.0,447,"Parker, Yakima County",310132,Parker,2017-12-10 03:27:15.803214
2012-08-04,08:15,77.6,77.3,46.4,33.2,0.0,NE@4.8,8.5,86.0,0.0,487,"Parker, Yakima County",310132,Parker,2017-12-10 03:27:15.803214
2012-08-04,08:30,78.6,78.1,46.9,32.7,0.0,NE@4.7,8.5,85.9,0.0,525,"Parker, Yakima County",310132,Parker,2017-12-10 03:27:15.803214
2012-08-04,08:45,78.9,78.4,48.1,34.0,0.0,NE@4.2,7.4,85.8,0.0,563,"Parker, Yakima County",310132,Parker,2017-12-10 03:27:15.803214
2012-08-04,09:00,80.0,79.6,49.1,33.9,0.0,NE@3.7,8.5,85.7,0.0,599,"Parker, Yakima County",310132,Parker,2017-12-10 03:27:15.803214
2012-08-04,09:15,81.4,81.1,49.6,33.1,0.0,NE@2.9,6.4,85.6,0.0,633,"Parker, Yakima County",310132,Parker,2017-12-10 03:27:15.803214
2012-08-04,09:30,82.6,82.5,51.7,34.4,0.0,SE@1.3,4.6,85.6,0.0,665,"Parker, Yakima County",310132,Parker,2017-12-10 03:27:15.803214
2012-08-04,09:45,83.6,83.7,54.4,36.6,0.0,SW@1.0,3.5,85.5,0.0,695,"Parker, Yakima County",310132,Parker,2017-12-10 03:27:15.803214
2012-08-04,10:00,83.8,83.7,55.1,37.5,0.0,S@2.3,5.3,85.4,0.0,723,"Parker, Yakima County",310132,Parker,2017-12-10 03:27:15.803214
2012-08-04,10:15,84.2,84.3,56.8,39.3,0.0,S@2.4,5.3,85.4,0.0,747,"Parker, Yakima County",310132,Parker,2017-12-10 03:27:15.803214
2012-08-04,10:30,85.6,85.8,53.0,32.7,0.0,S@2.8,6.0,85.4,0.0,768,"Parker, Yakima County",310132,Parker,2017-12-10 03:27:15.803214
2012-08-04,10:45,86.7,86.7,48.4,26.7,0.0,S@2.7,5.3,85.3,0.0,789,"Parker, Yakima County",310132,Parker,2017-12-10 03:27:15.803214
2012-08-04,11:00,87.8,87.9,48.5,25.9,0.0,S@1.9,5.3,85.3,0.0,806,"Parker, Yakima County",310132,Parker,2017-12-10 03:27:15.803214
2012-08-04,11:15,88.0,88.1,47.7,24.9,0.0,S@2.5,6.7,85.3,0.0,820,"Parker, Yakima County",310132,Parker,2017-12-10 03:27:15.803214
2012-08-04,11:30,88.4,88.6,46.3,23.3,0.0,S@3.7,7.1,85.4,0.0,831,"Parker, Yakima County",310132,Parker,2017-12-10 03:27:15.803214
2012-08-04,11:45,89.7,89.9,48.6,24.3,0.0,S@2.9,7.4,85.4,0.0,838,"Parker, Yakima County",310132,Parker,2017-12-10 03:27:15.803214
2012-08-04,12:00,90.6,90.6,50.5,25.5,0.0,S@2.4,5.3,85.4,0.0,842,"Parker, Yakima County",310132,Parker,2017-12-10 03:27:15.803214
2012-08-04,12:15,90.3,90.5,48.5,23.9,0.0,S@2.5,6.0,85.5,0.0,842,"Parker, Yakima County",310132,Parker,2017-12-10 03:27:15.803214
2012-08-04,12:30,91.6,91.9,49.9,24.2,0.0,S@2.1,7.4,85.6,0.0,839,"Parker, Yakima County",310132,Parker,2017-12-10 03:27:15.803214
2012-08-04,12:45,91.4,91.6,48.0,22.7,0.0,S@2.6,6.4,85.7,0.0,834,"Parker, Yakima County",310132,Parker,2017-12-10 03:27:15.803214
2012-08-04,13:00,91.3,91.4,47.9,22.6,0.0,S@2.6,6.7,85.8,0.0,826,"Parker, Yakima County",310132,Parker,2017-12-10 03:27:15.803214
2012-08-04,13:15,91.6,91.6,49.9,24.1,0.0,SW@2.4,6.4,85.9,0.0,815,"Parker, Yakima County",310132,Parker,2017-12-10 03:27:15.803214
2012-08-04,13:30,91.7,92.1,48.4,22.7,0.0,S@2.2,6.0,86.0,0.0,804,"Parker, Yakima County",310132,Parker,2017-12-10 03:27:15.803214
2012-08-04,13:45,92.5,92.7,50.0,23.6,0.0,S@2.0,5.3,86.1,0.0,787,"Parker, Yakima County",310132,Parker,2017-12-10 03:27:15.803214
2012-08-04,14:00,92.9,93.1,50.6,23.8,0.0,SW@1.2,3.5,86.2,0.0,769,"Parker, Yakima County",310132,Parker,2017-12-10 03:27:15.803214
2012-08-04,14:15,92.7,92.7,49.9,23.3,0.0,S@2.3,6.0,86.4,0.0,747,"Parker, Yakima County",310132,Parker,2017-12-10 03:27:15.803214
2012-08-04,14:30,93.4,93.6,50.4,23.2,0.0,SW@1.2,4.6,86.5,0.0,725,"Parker, Yakima County",310132,Parker,2017-12-10 03:27:15.803214
2012-08-04,14:45,93.4,93.5,51.5,24.2,0.0,SW@1.0,4.9,86.7,0.0,699,"Parker, Yakima County",310132,Parker,2017-12-10 03:27:15.803214
2012-08-04,15:00,93.3,93.4,50.5,23.5,0.0,SW@1.2,3.9,86.9,0.0,670,"Parker, Yakima County",310132,Parker,2017-12-10 03:27:15.803214
2012-08-04,15:15,93.6,93.8,50.9,23.5,0.0,S@1.7,4.9,87.0,0.0,639,"Parker, Yakima County",310132,Parker,2017-12-10 03:27:15.803214
2012-08-04,15:30,93.7,94.0,51.8,24.2,0.0,SW@1.4,3.5,87.2,0.0,606,"Parker, Yakima County",310132,Parker,2017-12-10 03:27:15.803214
2012-08-04,15:45,93.1,93.4,52.8,25.6,0.0,SW@1.0,4.2,87.4,0.0,572,"Parker, Yakima County",310132,Parker,2017-12-10 03:27:15.803214
2012-08-04,16:00,93.9,94.2,52.3,24.6,0.0,S@1.2,3.5,87.5,0.0,536,"Parker, Yakima County",310132,Parker,2017-12-10 03:27:15.803214
2012-08-04,16:15,93.2,93.3,54.6,27.3,0.0,SW@1.2,3.9,87.7,0.0,497,"Parker, Yakima County",310132,Parker,2017-12-10 03:27:15.803214
2012-08-04,16:30,92.6,92.9,54.0,27.2,0.0,SW@1.1,4.6,87.9,0.0,457,"Parker, Yakima County",310132,Parker,2017-12-10 03:27:15.803214
2012-08-04,16:45,92.5,92.6,53.5,26.8,0.0,SW@1.0,3.5,88.1,0.0,417,"Parker, Yakima County",310132,Parker,2017-12-10 03:27:15.803214
2012-08-04,17:00,92.3,92.8,54.7,28.2,0.0,SW@0.6,2.4,88.2,0.0,375,"Parker, Yakima County",310132,Parker,2017-12-10 03:27:15.803214
2012-08-04,17:15,91.9,92.1,55.2,29.1,0.0,S@1.0,4.2,88.4,0.0,333,"Parker, Yakima County",310132,Parker,2017-12-10 03:27:15.803214
2012-08-04,17:30,91.5,91.6,57.0,31.5,0.0,S@0.9,3.1,88.6,0.0,290,"Parker, Yakima County",310132,Parker,2017-12-10 03:27:15.803214
2012-08-04,17:45,90.9,91.5,60.4,36.1,0.0,SW@0.1,1.7,88.8,0.0,248,"Parker, Yakima County",310132,Parker,2017-12-10 03:27:15.803214
2012-08-04,18:00,91.0,91.0,59.3,34.6,0.0,N@0.0,0.0,88.9,0.0,96,"Parker, Yakima County",310132,Parker,2017-12-10 03:27:15.803214
2012-08-04,18:15,87.5,87.0,58.1,36.9,0.0,N@0.0,0.0,89.1,0.0,60,"Parker, Yakima County",310132,Parker,2017-12-10 03:27:15.803214
2012-08-04,18:30,85.8,85.1,60.6,42.7,0.01,N@0.0,0.0,89.2,0.0,35,"Parker, Yakima County",310132,Parker,2017-12-10 03:27:15.803214
2012-08-04,18:45,83.2,82.5,63.1,50.8,0.04,N@0.0,0.0,89.4,0.0,24,"Parker, Yakima County",310132,Parker,2017-12-10 03:27:15.803214
2012-08-04,19:00,80.1,79.3,62.0,54.0,0.1,N@0.0,0.0,89.5,0.0,17,"Parker, Yakima County",310132,Parker,2017-12-10 03:27:15.803214
2012-08-04,19:15,77.1,76.5,59.5,54.6,0.11,N@0.0,0.0,89.7,0.0,12,"Parker, Yakima County",310132,Parker,2017-12-10 03:27:15.803214
2012-08-04,19:30,75.4,74.8,56.3,51.5,0.08,N@0.0,0.0,89.8,0.0,6,"Parker, Yakima County",310132,Parker,2017-12-10 03:27:15.803214
2012-08-04,19:45,73.9,73.2,57.5,56.5,0.15,N@0.0,0.0,89.9,0.0,2,"Parker, Yakima County",310132,Parker,2017-12-10 03:27:15.803214
2012-08-04,20:00,72.5,71.9,56.3,56.6,0.16,N@0.0,0.0,90.0,0.0,0,"Parker, Yakima County",310132,Parker,2017-12-10 03:27:15.803214
2012-08-04,20:15,70.6,70.2,54.9,57.5,0.14,N@0.0,0.0,90.2,0.0,0,"Parker, Yakima County",310132,Parker,2017-12-10 03:27:15.803214
2012-08-04,20:30,70.1,70.2,55.2,59.0,0.15,N@0.0,0.0,90.2,0.0,0,"Parker, Yakima County",310132,Parker,2017-12-10 03:27:15.803214
2012-08-04,20:45,72.3,72.7,52.4,49.5,0.07,NW@0.1,3.1,90.3,0.0,0,"Parker, Yakima County",310132,Parker,2017-12-10 03:27:15.803214
2012-08-04,21:00,76.0,76.4,49.4,39.2,0.03,N@1.9,5.3,90.4,0.0,0,"Parker, Yakima County",310132,Parker,2017-12-10 03:27:15.803214
2012-08-04,21:15,77.6,77.9,49.2,36.8,0.02,N@3.8,6.7,90.4,0.0,0,"Parker, Yakima County",310132,Parker,2017-12-10 03:27:15.803214
2012-08-04,21:30,77.6,77.7,49.2,36.8,0.01,N@4.2,7.8,90.5,0.0,0,"Parker, Yakima County",310132,Parker,2017-12-10 03:27:15.803214
2012-08-04,21:45,76.8,76.9,50.0,39.0,0.0,N@4.2,7.8,90.5,0.0,0,"Parker, Yakima County",310132,Parker,2017-12-10 03:27:15.803214
2012-08-04,22:00,76.5,76.4,50.4,40.0,0.0,N@6.2,10.3,90.5,0.0,0,"Parker, Yakima County",310132,Parker,2017-12-10 03:27:15.803214
2012-08-04,22:15,76.1,76.3,49.2,38.7,0.0,N@4.8,9.2,90.5,0.0,0,"Parker, Yakima County",310132,Parker,2017-12-10 03:27:15.803214
2012-08-04,22:30,76.3,76.2,48.5,37.5,0.0,N@2.7,6.4,90.5,0.0,0,"Parker, Yakima County",310132,Parker,2017-12-10 03:27:15.803214
2012-08-04,22:45,75.6,75.6,47.6,37.1,0.0,NE@4.8,9.2,90.5,0.0,0,"Parker, Yakima County",310132,Parker,2017-12-10 03:27:15.803214
2012-08-04,23:00,74.7,74.6,47.6,38.2,0.0,N@5.8,10.7,90.5,0.0,0,"Parker, Yakima County",310132,Parker,2017-12-10 03:27:15.803214
2012-08-05,23:15,74.4,74.6,47.0,37.8,0.0,NE@6.1,10.3,90.4,0.0,0,"Parker, Yakima County",310132,Parker,2017-12-10 03:27:15.803214
2012-08-05,23:30,74.3,74.4,47.4,38.3,0.0,NE@5.6,9.9,90.4,0.0,0,"Parker, Yakima County",310132,Parker,2017-12-10 03:27:15.803214
2012-08-05,23:45,74.4,74.5,47.9,38.9,0.0,NE@4.4,8.2,90.3,0.0,0,"Parker, Yakima County",310132,Parker,2017-12-10 03:27:15.803214
2012-08-05,24:00,73.7,73.7,48.2,40.4,0.0,E@5.0,8.5,90.3,0.0,0,"Parker, Yakima County",310132,Parker,2017-12-10 03:27:15.803214
2012-08-05,00:15,72.5,72.4,48.2,42.0,0.0,NE@4.5,8.5,90.2,0.0,0,"Parker, Yakima County",310132,Parker,2017-12-10 03:27:15.803214
2012-08-05,00:30,71.3,71.3,47.8,43.2,0.0,NE@6.0,9.9,90.2,0.0,0,"Parker, Yakima County",310132,Parker,2017-12-10 03:27:15.803214
2012-08-05,00:45,71.7,71.8,47.2,41.7,0.0,NE@6.6,10.3,90.1,0.0,0,"Parker, Yakima County",310132,Parker,2017-12-10 03:27:15.803214
2012-08-05,01:00,71.1,70.8,47.8,43.4,0.0,NE@2.1,7.8,90.0,0.0,0,"Parker, Yakima County",310132,Parker,2017-12-10 03:27:15.803214
2012-08-05,01:15,70.2,70.2,47.7,44.5,0.0,E@1.1,3.9,89.9,0.0,0,"Parker, Yakima County",310132,Parker,2017-12-10 03:27:15.803214
2012-08-05,01:30,72.1,72.3,47.3,41.3,0.0,NE@2.4,6.4,89.8,0.0,0,"Parker, Yakima County",310132,Parker,2017-12-10 03:27:15.803214
2012-08-05,01:45,73.5,73.6,47.2,39.3,0.0,NE@3.9,8.2,89.8,0.0,0,"Parker, Yakima County",310132,Parker,2017-12-10 03:27:15.803214
2012-08-05,02:00,74.0,73.8,47.3,38.7,0.0,NE@3.5,8.5,89.7,0.0,0,"Parker, Yakima County",310132,Parker,2017-12-10 03:27:15.803214
2012-08-05,02:15,71.5,71.1,48.0,43.1,0.0,NE@3.6,8.9,89.6,0.0,0,"Parker, Yakima County",310132,Parker,2017-12-10 03:27:15.803214
2012-08-05,02:30,70.0,70.0,47.9,45.3,0.0,NE@3.1,10.7,89.5,0.0,0,"Parker, Yakima County",310132,Parker,2017-12-10 03:27:15.803214
2012-08-05,02:45,70.5,70.2,47.8,44.3,0.0,NE@3.2,9.2,89.4,0.0,0,"Parker, Yakima County",310132,Parker,2017-12-10 03:27:15.803214
2012-08-05,03:00,70.7,71.1,47.1,43.1,0.0,N@3.6,9.6,89.3,0.0,0,"Parker, Yakima County",310132,Parker,2017-12-10 03:27:15.803214
2012-08-05,03:15,73.6,73.4,47.0,38.7,0.0,N@3.3,8.5,89.2,0.0,0,"Parker, Yakima County",310132,Parker,2017-12-10 03:27:15.803214
2012-08-05,03:30,70.1,69.7,47.8,44.9,0.0,E@2.0,4.9,89.1,0.0,0,"Parker, Yakima County",310132,Parker,2017-12-10 03:27:15.803214
2012-08-05,03:45,69.8,69.8,47.5,44.9,0.0,E@2.0,4.6,89.0,0.0,0,"Parker, Yakima County",310132,Parker,2017-12-10 03:27:15.803214
2012-08-05,04:00,70.5,70.3,47.4,43.8,0.0,SE@2.8,5.7,88.9,0.0,0,"Parker, Yakima County",310132,Parker,2017-12-10 03:27:15.803214
2012-08-05,04:15,69.4,69.3,47.6,45.6,0.0,E@2.4,5.7,88.8,0.0,0,"Parker, Yakima County",310132,Parker,2017-12-10 03:27:15.803214
2012-08-05,04:30,69.4,69.5,47.1,44.9,0.0,NE@3.4,7.8,88.7,0.0,0,"Parker, Yakima County",310132,Parker,2017-12-10 03:27:15.803214
2012-08-05,04:45,70.3,70.4,46.8,43.0,0.0,N@3.8,9.2,88.6,0.0,2,"Parker, Yakima County",310132,Parker,2017-12-10 03:27:15.803214
2012-08-05,05:00,72.7,72.9,46.1,38.6,0.0,N@3.8,9.9,88.5,0.0,6,"Parker, Yakima County",310132,Parker,2017-12-10 03:27:15.803214
2012-08-05,05:15,72.9,73.0,46.2,38.6,0.0,N@4.9,10.7,88.4,0.0,12,"Parker, Yakima County",310132,Parker,2017-12-10 03:27:15.803214
2012-08-05,05:30,73.6,73.6,46.3,37.8,0.0,N@4.6,10.3,88.3,0.0,44,"Parker, Yakima County",310132,Parker,2017-12-10 03:27:15.803214
2012-08-05,05:45,73.0,72.8,47.0,39.6,0.0,SE@3.2,11.0,88.2,0.0,87,"Parker, Yakima County",310132,Parker,2017-12-10 03:27:15.803214
2012-08-05,06:00,73.7,73.9,47.0,38.7,0.0,SE@3.6,6.7,88.0,0.0,122,"Parker, Yakima County",310132,Parker,2017-12-10 03:27:15.803214
2012-08-05,06:15,74.8,74.9,47.1,37.4,0.0,N@3.6,10.7,87.9,0.0,159,"Parker, Yakima County",310132,Parker,2017-12-10 03:27:15.803214
2012-08-05,06:30,75.3,75.5,47.1,36.8,0.0,N@4.9,11.0,87.8,0.0,199,"Parker, Yakima County",310132,Parker,2017-12-10 03:27:15.803214
2012-08-05,06:45,75.3,75.6,47.5,37.2,0.0,N@4.6,12.4,87.7,0.0,239,"Parker, Yakima County",310132,Parker,2017-12-10 03:27:15.803214
2012-08-05,07:00,75.7,76.0,47.8,37.2,0.0,N@5.8,13.5,87.6,0.0,280,"Parker, Yakima County",310132,Parker,2017-12-10 03:27:15.803214
2012-08-05,07:15,77.4,77.5,48.3,35.9,0.0,N@4.9,9.6,87.5,0.0,322,"Parker, Yakima County",310132,Parker,2017-12-10 03:27:15.803214
2012-08-05,07:30,78.4,78.5,48.6,35.1,0.0,N@4.7,9.9,87.4,0.0,364,"Parker, Yakima County",310132,Parker,2017-12-10 03:27:15.803214
2012-08-05,07:45,80.2,80.3,47.9,32.2,0.0,N@4.9,12.1,87.3,0.0,407,"Parker, Yakima County",310132,Parker,2017-12-10 03:27:15.803214
2012-08-05,08:00,81.4,81.5,48.1,31.3,0.0,N@4.8,9.6,87.2,0.0,448,"Parker, Yakima County",310132,Parker,2017-12-10 03:27:15.803214
2012-08-05,08:15,82.0,82.0,48.9,31.5,0.0,N@5.3,12.4,87.1,0.0,484,"Parker, Yakima County",310132,Parker,2017-12-10 03:27:15.803214
2012-08-05,08:30,83.2,83.2,48.8,30.2,0.0,N@4.3,11.0,87.0,0.0,529,"Parker, Yakima County",310132,Parker,2017-12-10 03:27:15.803214
2012-08-05,08:45,83.8,83.5,49.2,30.1,0.0,N@3.8,7.1,86.9,0.0,549,"Parker, Yakima County",310132,Parker,2017-12-10 03:27:15.803214
2012-08-05,09:00,84.7,84.6,50.5,30.7,0.0,N@3.4,6.4,86.8,0.0,587,"Parker, Yakima County",310132,Parker,2017-12-10 03:27:15.803214
2012-08-05,09:15,86.0,85.8,51.1,30.1,0.0,N@3.3,8.5,86.8,0.0,634,"Parker, Yakima County",310132,Parker,2017-12-10 03:27:15.803214
2012-08-05,09:30,86.3,86.1,51.6,30.3,0.0,NE@3.9,7.1,86.7,0.0,666,"Parker, Yakima County",310132,Parker,2017-12-10 03:27:15.803214
2012-08-05,09:45,87.2,86.8,52.1,30.0,0.0,NE@4.5,7.4,86.6,0.0,695,"Parker, Yakima County",310132,Parker,2017-12-10 03:27:15.803214
2012-08-05,10:00,88.1,87.9,52.6,29.7,0.0,NE@4.0,7.8,86.6,0.0,723,"Parker, Yakima County",310132,Parker,2017-12-10 03:27:15.803214
2012-08-05,10:15,89.4,89.2,53.0,28.9,0.0,NE@3.8,6.0,86.5,0.0,747,"Parker, Yakima County",310132,Parker,2017-12-10 03:27:15.803214
2012-08-05,10:30,90.8,90.6,52.1,26.8,0.0,NE@3.1,5.7,86.5,0.0,771,"Parker, Yakima County",310132,Parker,2017-12-10 03:27:15.803214
2012-08-05,10:45,92.6,92.4,49.8,23.3,0.0,NE@2.0,4.9,86.5,0.0,791,"Parker, Yakima County",310132,Parker,2017-12-10 03:27:15.803214
2012-08-05,11:00,93.5,93.7,49.8,22.6,0.0,SE@1.1,3.9,86.5,0.0,808,"Parker, Yakima County",310132,Parker,2017-12-10 03:27:15.803214
2012-08-05,11:15,93.9,93.9,54.0,26.1,0.0,SW@1.7,4.2,86.5,0.0,821,"Parker, Yakima County",310132,Parker,2017-12-10 03:27:15.803214
2012-08-05,11:30,94.2,94.4,53.7,25.6,0.0,SW@1.6,3.9,86.5,0.0,831,"Parker, Yakima County",310132,Parker,2017-12-10 03:27:15.803214
2012-08-05,11:45,95.3,95.5,52.0,23.2,0.0,SW@1.4,3.5,86.5,0.0,842,"Parker, Yakima County",310132,Parker,2017-12-10 03:27:15.803214
2012-08-05,12:00,96.0,96.3,54.1,24.6,0.0,SE@2.6,4.9,86.6,0.0,816,"Parker, Yakima County",310132,Parker,2017-12-10 03:27:15.803214
2012-08-05,12:15,95.5,95.7,54.3,25.1,0.0,SE@2.9,5.3,86.6,0.0,851,"Parker, Yakima County",310132,Parker,2017-12-10 03:27:15.803214
2012-08-05,12:30,96.0,96.0,53.6,24.2,0.0,SE@2.6,5.3,86.7,0.0,850,"Parker, Yakima County",310132,Parker,2017-12-10 03:27:15.803214
2012-08-05,12:45,96.2,96.5,51.9,22.6,0.0,S@3.6,6.7,86.8,0.0,843,"Parker, Yakima County",310132,Parker,2017-12-10 03:27:15.803214
2012-08-05,13:00,96.2,96.5,50.4,21.3,0.0,S@4.4,7.1,86.9,0.0,836,"Parker, Yakima County",310132,Parker,2017-12-10 03:27:15.803214
2012-08-05,13:15,96.4,96.6,49.4,20.5,0.0,S@4.8,7.4,87.0,0.0,827,"Parker, Yakima County",310132,Parker,2017-12-10 03:27:15.803214
2012-08-05,13:30,96.7,96.8,51.9,22.2,0.0,S@4.7,7.8,87.1,0.0,814,"Parker, Yakima County",310132,Parker,2017-12-10 03:27:15.803214
2012-08-05,13:45,96.8,97.0,51.9,22.1,0.0,S@4.2,7.8,87.2,0.0,796,"Parker, Yakima County",310132,Parker,2017-12-10 03:27:15.803214
2012-08-05,14:00,97.1,97.3,51.0,21.2,0.0,S@4.2,7.4,87.4,0.0,780,"Parker, Yakima County",310132,Parker,2017-12-10 03:27:15.803214
2012-08-05,14:15,97.5,97.7,49.4,19.7,0.0,S@3.4,6.7,87.5,0.0,755,"Parker, Yakima County",310132,Parker,2017-12-10 03:27:15.803214
2012-08-05,14:30,97.9,98.1,48.6,18.9,0.0,S@2.8,6.0,87.7,0.0,738,"Parker, Yakima County",310132,Parker,2017-12-10 03:27:15.803214
2012-08-05,14:45,98.4,98.6,50.4,20.0,0.0,S@1.5,5.7,87.9,0.0,644,"Parker, Yakima County",310132,Parker,2017-12-10 03:27:15.803214
2012-08-05,15:00,98.7,99.0,51.5,20.6,0.0,S@1.1,3.5,88.0,0.0,659,"Parker, Yakima County",310132,Parker,2017-12-10 03:27:15.803214
2012-08-05,15:15,99.1,99.4,51.6,20.4,0.0,S@1.1,3.9,88.2,0.0,606,"Parker, Yakima County",310132,Parker,2017-12-10 03:27:15.803214
2012-08-05,15:30,99.2,99.4,54.9,23.0,0.0,SW@0.5,3.1,88.4,0.0,565,"Parker, Yakima County",310132,Parker,2017-12-10 03:27:15.803214
2012-08-05,15:45,99.2,99.4,54.4,22.6,0.0,SW@1.6,4.6,88.6,0.0,577,"Parker, Yakima County",310132,Parker,2017-12-10 03:27:15.803214
2012-08-05,16:00,98.6,99.0,54.4,23.0,0.0,S@1.8,4.9,88.7,0.0,587,"Parker, Yakima County",310132,Parker,2017-12-10 03:27:15.803214
2012-08-05,16:15,99.8,100.2,55.1,22.8,0.0,S@2.2,5.3,88.9,0.0,650,"Parker, Yakima County",310132,Parker,2017-12-10 03:27:15.803214
2012-08-05,16:30,99.0,99.0,54.9,23.1,0.0,SE@3.1,5.3,89.1,0.0,446,"Parker, Yakima County",310132,Parker,2017-12-10 03:27:15.803214
2012-08-05,16:45,95.2,95.0,56.8,27.9,0.0,SE@3.3,4.9,89.2,0.0,407,"Parker, Yakima County",310132,Parker,2017-12-10 03:27:15.803214
2012-08-05,17:00,95.6,96.0,56.0,26.7,0.0,SE@2.6,4.9,89.4,0.0,390,"Parker, Yakima County",310132,Parker,2017-12-10 03:27:15.803214
2012-08-05,17:15,94.0,93.9,58.1,30.3,0.0,SE@0.8,3.5,89.6,0.0,201,"Parker, Yakima County",310132,Parker,2017-12-10 03:27:15.803214
2012-08-05,17:30,93.0,93.0,62.2,36.0,0.0,N@0.0,0.0,89.8,0.0,192,"Parker, Yakima County",310132,Parker,2017-12-10 03:27:15.803214
2012-08-05,17:45,93.0,93.3,61.1,34.7,0.0,SE@0.0,1.4,89.9,0.0,228,"Parker, Yakima County",310132,Parker,2017-12-10 03:27:15.803214
2012-08-05,18:00,93.0,93.3,61.3,34.8,0.0,N@0.0,0.0,90.1,0.0,131,"Parker, Yakima County",310132,Parker,2017-12-10 03:27:15.803214
2012-08-05,18:15,91.1,90.8,61.1,36.8,0.0,N@0.0,0.0,90.3,0.0,63,"Parker, Yakima County",310132,Parker,2017-12-10 03:27:15.803214
2012-08-05,18:30,87.8,87.3,63.0,43.7,0.0,N@0.0,0.0,90.4,0.0,40,"Parker, Yakima County",310132,Parker,2017-12-10 03:27:15.803214
2012-08-05,18:45,85.8,85.4,62.2,45.3,0.01,N@0.0,0.0,90.6,0.0,25,"Parker, Yakima County",310132,Parker,2017-12-10 03:27:15.803214
2012-08-05,19:00,82.9,82.3,62.9,50.9,0.03,N@0.0,0.0,90.7,0.0,18,"Parker, Yakima County",310132,Parker,2017-12-10 03:27:15.803214
2012-08-05,19:15,80.0,79.4,64.1,58.4,0.13,N@0.0,0.0,90.9,0.0,10,"Parker, Yakima County",310132,Parker,2017-12-10 03:27:15.803214
2012-08-05,19:30,77.4,77.2,60.4,55.9,0.1,N@0.0,0.0,91.0,0.0,4,"Parker, Yakima County",310132,Parker,2017-12-10 03:27:15.803214
2012-08-05,19:45,76.8,76.4,60.5,57.1,0.14,N@0.0,0.0,91.1,0.0,2,"Parker, Yakima County",310132,Parker,2017-12-10 03:27:15.803214
2012-08-05,20:00,75.4,74.8,61.1,61.0,0.22,N@0.0,0.0,91.2,0.0,0,"Parker, Yakima County",310132,Parker,2017-12-10 03:27:15.803214
2012-08-05,20:15,74.6,74.3,61.3,63.1,0.26,N@0.0,0.0,91.3,0.0,0,"Parker, Yakima County",310132,Parker,2017-12-10 03:27:15.803214
2012-08-05,20:30,74.4,74.5,61.5,64.2,0.25,N@0.1,1.7,91.5,0.0,0,"Parker, Yakima County",310132,Parker,2017-12-10 03:27:15.803214
2012-08-05,20:45,75.4,75.5,60.7,60.1,0.2,N@0.6,4.2,91.5,0.0,0,"Parker, Yakima County",310132,Parker,2017-12-10 03:27:15.803214
2012-08-05,21:00,79.1,79.6,56.7,46.2,0.08,N@0.4,3.5,91.6,0.0,0,"Parker, Yakima County",310132,Parker,2017-12-10 03:27:15.803214
2012-08-05,21:15,79.9,79.4,56.8,45.1,0.04,N@0.1,3.5,91.7,0.0,0,"Parker, Yakima County",310132,Parker,2017-12-10 03:27:15.803214
2012-08-05,21:30,84.1,84.7,55.2,37.1,0.03,N@3.1,7.4,91.7,0.0,0,"Parker, Yakima County",310132,Parker,2017-12-10 03:27:15.803214
2012-08-05,21:45,86.9,87.0,55.7,34.6,0.01,NW@4.1,8.5,91.8,0.0,0,"Parker, Yakima County",310132,Parker,2017-12-10 03:27:15.803214
2012-08-05,22:00,86.9,86.9,55.9,34.9,0.0,NW@5.9,11.0,91.8,0.0,0,"Parker, Yakima County",310132,Parker,2017-12-10 03:27:15.803214
2012-08-05,22:15,86.6,86.7,56.0,35.3,0.0,NW@5.3,10.3,91.8,0.0,0,"Parker, Yakima County",310132,Parker,2017-12-10 03:27:15.803214
2012-08-05,22:30,86.0,86.0,56.2,36.3,0.0,N@4.7,10.3,91.7,0.0,0,"Parker, Yakima County",310132,Parker,2017-12-10 03:27:15.803214
2012-08-05,22:45,85.6,85.6,56.4,37.0,0.0,N@4.0,9.6,91.7,0.0,0,"Parker, Yakima County",310132,Parker,2017-12-10 03:27:15.803214
2012-08-05,23:00,84.9,84.8,56.8,38.4,0.0,N@3.9,7.8,91.7,0.0,0,"Parker, Yakima County",310132,Parker,2017-12-10 03:27:15.803214
2012-08-06,23:15,84.7,84.8,56.9,38.8,0.0,N@4.6,8.2,91.7,0.0,0,"Parker, Yakima County",310132,Parker,2017-12-10 03:27:15.803214
2012-08-06,23:30,84.6,84.6,57.1,39.2,0.0,W@2.6,7.4,91.6,0.0,0,"Parker, Yakima County",310132,Parker,2017-12-10 03:27:15.803214
2012-08-06,23:45,83.6,83.5,57.9,41.6,0.0,SW@0.5,2.4,91.6,0.0,0,"Parker, Yakima County",310132,Parker,2017-12-10 03:27:15.803214
2012-08-06,24:00,83.0,82.6,58.1,42.8,0.0,N@1.8,5.3,91.5,0.0,0,"Parker, Yakima County",310132,Parker,2017-12-10 03:27:15.803214
2012-08-06,00:15,79.2,78.8,57.7,47.8,0.01,SW@1.0,3.1,91.5,0.0,0,"Parker, Yakima County",310132,Parker,2017-12-10 03:27:15.803214
2012-08-06,00:30,77.3,76.8,58.6,52.6,0.03,N@1.0,3.9,91.4,0.0,0,"Parker, Yakima County",310132,Parker,2017-12-10 03:27:15.803214
2012-08-06,00:45,74.8,74.3,59.5,58.8,0.11,N@0.0,0.0,91.4,0.0,0,"Parker, Yakima County",310132,Parker,2017-12-10 03:27:15.803214
2012-08-06,01:00,74.2,73.9,59.9,60.9,0.16,S@0.0,1.4,91.3,0.0,0,"Parker, Yakima County",310132,Parker,2017-12-10 03:27:15.803214
2012-08-06,01:15,74.1,74.2,59.9,61.2,0.15,N@0.8,4.2,91.3,0.0,0,"Parker, Yakima County",310132,Parker,2017-12-10 03:27:15.803214
2012-08-06,01:30,73.9,73.6,59.9,61.5,0.19,N@0.0,0.0,91.2,0.0,0,"Parker, Yakima County",310132,Parker,2017-12-10 03:27:15.803214
2012-08-06,01:45,74.0,73.9,60.1,61.9,0.19,N@0.1,3.1,91.1,0.0,0,"Parker, Yakima County",310132,Parker,2017-12-10 03:27:15.803214
2012-08-06,02:00,72.6,72.1,60.9,66.6,0.32,NW@0.0,1.7,91.1,0.0,0,"Parker, Yakima County",310132,Parker,2017-12-10 03:27:15.803214
2012-08-06,02:15,71.4,71.0,60.9,69.4,0.39,E@0.0,1.4,91.0,0.0,0,"Parker, Yakima County",310132,Parker,2017-12-10 03:27:15.803214
2012-08-06,02:30,70.9,70.7,61.0,71.0,0.4,N@0.1,1.7,90.9,0.0,0,"Parker, Yakima County",310132,Parker,2017-12-10 03:27:15.803214
2012-08-06,02:45,70.9,70.8,61.9,73.1,0.47,N@0.0,0.0,90.8,0.0,0,"Parker, Yakima County",310132,Parker,2017-12-10 03:27:15.803214
2012-08-06,03:00,72.7,73.3,61.3,67.5,0.44,NE@1.3,4.2,90.7,0.0,0,"Parker, Yakima County",310132,Parker,2017-12-10 03:27:15.803214
2012-08-06,03:15,77.4,77.5,60.0,55.0,0.23,E@0.8,2.8,90.7,0.0,0,"Parker, Yakima County",310132,Parker,2017-12-10 03:27:15.803214
2012-08-06,03:30,77.1,76.9,59.8,55.3,0.14,E@2.5,8.2,90.6,0.0,0,"Parker, Yakima County",310132,Parker,2017-12-10 03:27:15.803214
2012-08-06,03:45,78.7,78.9,59.4,51.4,0.09,NE@2.4,6.0,90.5,0.0,0,"Parker, Yakima County",310132,Parker,2017-12-10 03:27:15.803214
2012-08-06,04:00,77.1,76.4,60.3,56.1,0.1,NE@0.2,2.4,90.4,0.0,0,"Parker, Yakima County",310132,Parker,2017-12-10 03:27:15.803214
2012-08-06,04:15,74.4,73.9,60.4,61.7,0.16,N@0.3,3.9,90.3,0.0,0,"Parker, Yakima County",310132,Parker,2017-12-10 03:27:15.803214
2012-08-06,04:30,75.3,76.0,59.7,58.3,0.12,NE@2.8,5.7,90.2,0.0,0,"Parker, Yakima County",310132,Parker,2017-12-10 03:27:15.803214
2012-08-06,04:45,76.2,76.2,59.7,56.6,0.09,N@2.5,7.1,90.1,0.0,1,"Parker, Yakima County",310132,Parker,2017-12-10 03:27:15.803214
2012-08-06,05:00,76.2,76.2,59.7,56.7,0.08,NE@2.4,5.3,90.1,0.0,2,"Parker, Yakima County",310132,Parker,2017-12-10 03:27:15.803214
2012-08-06,05:15,76.3,76.1,60.6,58.2,0.09,NW@0.5,3.1,90.0,0.0,4,"Parker, Yakima County",310132,Parker,2017-12-10 03:27:15.803214
2012-08-06,05:30,75.4,75.5,60.5,60.0,0.1,NE@1.1,5.3,89.9,0.0,12,"Parker, Yakima County",310132,Parker,2017-12-10 03:27:15.803214
2012-08-06,05:45,75.7,75.7,60.0,58.1,0.16,N@2.5,6.7,89.8,0.0,19,"Parker, Yakima County",310132,Parker,2017-12-10 03:27:15.803214
2012-08-06,06:00,76.4,76.6,60.2,57.4,0.09,N@2.6,6.0,89.7,0.0,29,"Parker, Yakima County",310132,Parker,2017-12-10 03:27:15.803214
2012-08-06,06:15,79.2,79.3,59.9,51.5,0.06,NW@4.1,9.2,89.6,0.0,30,"Parker, Yakima County",310132,Parker,2017-12-10 03:27:15.803214
2012-08-06,06:30,80.3,80.4,59.5,49.1,0.04,NW@6.4,11.7,89.5,0.0,27,"Parker, Yakima County",310132,Parker,2017-12-10 03:27:15.803214
2012-08-06,06:45,80.0,80.0,59.5,49.6,0.03,NW@4.9,11.7,89.4,0.0,28,"Parker, Yakima County",310132,Parker,2017-12-10 03:27:15.803214
2012-08-06,07:00,80.1,80.1,59.5,49.4,0.03,NW@4.7,11.7,89.3,0.0,41,"Parker, Yakima County",310132,Parker,2017-12-10 03:27:15.803214
2012-08-06,07:15,79.9,80.0,59.9,50.4,0.03,N@4.2,11.0,89.2,0.0,92,"Parker, Yakima County",310132,Parker,2017-12-10 03:27:15.803214
2012-08-06,07:30,79.9,79.9,60.0,50.6,0.02,N@5.5,13.2,89.1,0.0,95,"Parker, Yakima County",310132,Parker,2017-12-10 03:27:15.803214
2012-08-06,07:45,80.4,80.6,59.6,49.1,0.02,N@5.6,11.0,89.0,0.0,195,"Parker, Yakima County",310132,Parker,2017-12-10 03:27:15.803214
2012-08-06,08:00,83.9,84.2,59.3,43.3,0.02,N@6.1,10.7,88.9,0.0,429,"Parker, Yakima County",310132,Parker,2017-12-10 03:27:15.803214
2012-08-06,08:15,84.5,84.4,58.9,41.9,0.01,N@7.3,13.2,88.9,0.0,473,"Parker, Yakima County",310132,Parker,2017-12-10 03:27:15.803214
2012-08-06,08:30,85.2,85.2,59.5,42.0,0.01,N@4.9,10.7,88.8,0.0,518,"Parker, Yakima County",310132,Parker,2017-12-10 03:27:15.803214
2012-08-06,08:45,86.7,86.4,60.4,41.4,0.0,N@3.3,6.4,88.7,0.0,565,"Parker, Yakima County",310132,Parker,2017-12-10 03:27:15.803214
2012-08-06,09:00,88.4,88.5,59.2,37.5,0.0,N@3.1,8.5,88.6,0.0,578,"Parker, Yakima County",310132,Parker,2017-12-10 03:27:15.803214
2012-08-06,09:15,89.8,89.8,60.5,37.6,0.0,E@2.6,5.3,88.6,0.0,614,"Parker, Yakima County",310132,Parker,2017-12-10 03:27:15.803214
2012-08-06,09:30,89.0,88.9,64.2,43.9,0.0,E@4.4,7.8,88.5,0.0,643,"Parker, Yakima County",310132,Parker,2017-12-10 03:27:15.803214
2012-08-06,09:45,89.5,89.7,64.6,43.8,0.0,SE@3.6,6.4,88.4,0.0,669,"Parker, Yakima County",310132,Parker,2017-12-10 03:27:15.803214
2012-08-06,10:00,89.8,89.9,65.5,44.9,0.0,SE@3.2,6.4,88.4,0.0,697,"Parker, Yakima County",310132,Parker,2017-12-10 03:27:15.803214
2012-08-06,10:15,90.6,90.8,64.4,41.9,0.0,SE@3.5,6.4,88.3,0.0,726,"Parker, Yakima County",310132,Parker,2017-12-10 03:27:15.803214
2012-08-06,10:30,91.1,91.3,63.3,39.9,0.0,SE@3.5,5.7,88.3,0.0,750,"Parker, Yakima County",310132,Parker,2017-12-10 03:27:15.803214
2012-08-06,10:45,92.5,92.9,62.4,36.8,0.0,SE@2.9,5.7,88.2,0.0,768,"Parker, Yakima County",310132,Parker,2017-12-10 03:27:15.803214
2012-08-06,11:00,93.0,93.2,62.2,36.2,0.0,SE@2.5,5.3,88.2,0.0,783,"Parker, Yakima County",310132,Parker,2017-12-10 03:27:15.803214
2012-08-06,11:15,93.7,94.0,59.2,31.7,0.0,S@1.5,3.9,88.2,0.0,796,"Parker, Yakima County",310132,Parker,2017-12-10 03:27:15.803214
2012-08-06,11:30,94.7,95.0,60.8,32.5,0.0,SE@2.4,4.6,88.2,0.0,809,"Parker, Yakima County",310132,Parker,2017-12-10 03:27:15.803214
2012-08-06,11:45,96.4,96.6,62.2,32.5,0.0,S@0.7,2.8,88.2,0.0,815,"Parker, Yakima County",310132,Parker,2017-12-10 03:27:15.803214
2012-08-06,12:00,97.5,97.6,63.1,32.4,0.0,SE@1.6,4.9,88.2,0.0,813,"Parker, Yakima County",310132,Parker,2017-12-10 03:27:15.803214
2012-08-06,12:15,96.8,97.0,56.0,25.7,0.0,SE@2.3,6.0,88.3,0.0,819,"Parker, Yakima County",310132,Parker,2017-12-10 03:27:15.803214
2012-08-06,12:30,97.5,97.8,54.0,23.4,0.0,SE@3.0,5.3,88.4,0.0,820,"Parker, Yakima County",310132,Parker,2017-12-10 03:27:15.803214
2012-08-06,12:45,98.0,98.3,51.4,21.0,0.0,SE@3.1,6.4,88.4,0.0,817,"Parker, Yakima County",310132,Parker,2017-12-10 03:27:15.803214
2012-08-06,13:00,98.2,98.5,50.3,20.0,0.0,E@2.7,4.6,88.5,0.0,813,"Parker, Yakima County",310132,Parker,2017-12-10 03:27:15.803214
2012-08-06,13:15,99.4,99.6,50.1,19.2,0.0,E@1.6,4.2,88.6,0.0,805,"Parker, Yakima County",310132,Parker,2017-12-10 03:27:15.803214
2012-08-06,13:30,99.6,99.6,49.3,18.4,0.0,NE@1.3,3.9,88.7,0.0,793,"Parker, Yakima County",310132,Parker,2017-12-10 03:27:15.803214
2012-08-06,13:45,99.6,100.1,49.8,18.8,0.0,SE@1.2,4.6,88.9,0.0,780,"Parker, Yakima County",310132,Parker,2017-12-10 03:27:15.803214
2012-08-06,14:00,99.5,99.7,52.5,20.9,0.0,SE@1.7,6.4,89.0,0.0,760,"Parker, Yakima County",310132,Parker,2017-12-10 03:27:15.803214
2012-08-06,14:15,100.6,100.8,51.7,19.6,0.0,E@1.5,4.9,89.1,0.0,734,"Parker, Yakima County",310132,Parker,2017-12-10 03:27:15.803214
2012-08-06,14:30,100.0,100.5,51.1,19.6,0.0,N@1.7,4.9,89.3,0.0,707,"Parker, Yakima County",310132,Parker,2017-12-10 03:27:15.803214
2012-08-06,14:45,100.0,100.5,51.9,20.1,0.0,S@1.7,4.6,89.4,0.0,689,"Parker, Yakima County",310132,Parker,2017-12-10 03:27:15.803214
2012-08-06,15:00,100.9,101.2,53.2,20.5,0.0,S@1.3,6.0,89.6,0.0,650,"Parker, Yakima County",310132,Parker,2017-12-10 03:27:15.803214
2012-08-06,15:15,99.3,99.7,54.4,22.5,0.0,SE@3.3,8.2,89.7,0.0,616,"Parker, Yakima County",310132,Parker,2017-12-10 03:27:15.803214
2012-08-06,15:30,98.7,99.0,54.8,23.2,0.0,NW@4.0,7.4,89.9,0.0,582,"Parker, Yakima County",310132,Parker,2017-12-10 03:27:15.803214
2012-08-06,15:45,99.1,99.3,53.8,22.1,0.0,NE@2.5,6.4,90.1,0.0,545,"Parker, Yakima County",310132,Parker,2017-12-10 03:27:15.803214
2012-08-06,16:00,97.4,97.1,54.2,23.7,0.0,N@3.1,5.3,90.2,0.0,235,"Parker, Yakima County",310132,Parker,2017-12-10 03:27:15.803214
2012-08-06,16:15,97.8,97.6,55.4,24.4,0.0,N@3.0,5.3,90.4,0.0,321,"Parker, Yakima County",310132,Parker,2017-12-10 03:27:15.803214
2012-08-06,16:30,94.6,94.3,56.8,28.3,0.0,N@1.6,3.5,90.6,0.0,122,"Parker, Yakima County",310132,Parker,2017-12-10 03:27:15.803214
2012-08-06,16:45,95.5,96.3,55.9,26.7,0.0,N@2.1,4.9,90.7,0.0,386,"Parker, Yakima County",310132,Parker,2017-12-10 03:27:15.803214
2012-08-06,17:00,97.4,97.3,56.7,25.9,0.0,N@1.4,3.9,90.9,0.0,264,"Parker, Yakima County",310132,Parker,2017-12-10 03:27:15.803214
2012-08-06,17:15,93.5,93.1,59.0,31.7,0.0,NW@1.8,6.7,91.1,0.0,37,"Parker, Yakima County",310132,Parker,2017-12-10 03:27:15.803214
2012-08-06,17:30,90.9,91.0,57.4,32.5,0.0,NW@3.0,6.7,91.2,0.0,30,"Parker, Yakima County",310132,Parker,2017-12-10 03:27:15.803214
2012-08-06,17:45,90.0,90.1,57.1,33.0,0.0,NW@2.1,4.2,91.4,0.0,23,"Parker, Yakima County",310132,Parker,2017-12-10 03:27:15.803214
2012-08-06,18:00,89.4,89.4,57.5,34.1,0.0,N@1.6,4.9,91.6,0.0,22,"Parker, Yakima County",310132,Parker,2017-12-10 03:27:15.803214
2012-08-06,18:15,88.8,88.7,57.4,34.6,0.0,N@1.3,4.6,91.7,0.0,20,"Parker, Yakima County",310132,Parker,2017-12-10 03:27:15.803214
2012-08-06,18:30,86.7,86.1,59.6,40.0,0.0,N@0.9,3.1,91.9,0.0,16,"Parker, Yakima County",310132,Parker,2017-12-10 03:27:15.803214
2012-08-06,18:45,84.6,84.6,59.0,42.1,0.0,N@1.5,3.1,92.0,0.0,16,"Parker, Yakima County",310132,Parker,2017-12-10 03:27:15.803214
2012-08-06,19:00,84.9,85.3,57.8,39.8,0.0,N@1.8,7.1,92.2,0.0,18,"Parker, Yakima County",310132,Parker,2017-12-10 03:27:15.803214
2012-08-06,19:15,88.6,88.8,54.3,31.2,0.0,NW@4.4,9.9,92.3,0.0,12,"Parker, Yakima County",310132,Parker,2017-12-10 03:27:15.803214
2012-08-06,19:30,88.2,88.1,54.3,31.5,0.0,NW@4.6,9.2,92.4,0.0,6,"Parker, Yakima County",310132,Parker,2017-12-10 03:27:15.803214
2012-08-06,19:45,87.1,87.2,52.2,30.2,0.0,NW@6.3,13.5,92.5,0.0,1,"Parker, Yakima County",310132,Parker,2017-12-10 03:27:15.803214
2012-08-06,20:00,86.2,86.2,51.9,30.8,0.0,NW@6.7,12.4,92.5,0.0,0,"Parker, Yakima County",310132,Parker,2017-12-10 03:27:15.803214
2012-08-06,20:15,85.5,85.5,52.3,31.9,0.0,NW@7.4,15.0,92.6,0.0,0,"Parker, Yakima County",310132,Parker,2017-12-10 03:27:15.803214
2012-08-06,20:30,85.2,85.3,53.0,33.2,0.0,NW@7.1,12.8,92.7,0.0,0,"Parker, Yakima County",310132,Parker,2017-12-10 03:27:15.803214
2012-08-06,20:45,85.0,85.0,52.6,32.9,0.0,NW@5.3,9.9,92.7,0.0,0,"Parker, Yakima County",310132,Parker,2017-12-10 03:27:15.803214
2012-08-06,21:00,84.8,84.9,52.0,32.3,0.0,NW@7.3,12.4,92.7,0.0,0,"Parker, Yakima County",310132,Parker,2017-12-10 03:27:15.803214
2012-08-06,21:15,84.9,84.9,51.3,31.4,0.0,NW@6.7,11.0,92.7,0.0,0,"Parker, Yakima County",310132,Parker,2017-12-10 03:27:15.803214
2012-08-06,21:30,84.9,85.0,51.4,31.5,0.0,NW@6.7,10.7,92.7,0.0,0,"Parker, Yakima County",310132,Parker,2017-12-10 03:27:15.803214
2012-08-06,21:45,84.8,84.8,51.9,32.1,0.0,NW@5.9,11.4,92.7,0.0,0,"Parker, Yakima County",310132,Parker,2017-12-10 03:27:15.803214
2012-08-06,22:00,83.8,83.8,52.4,34.0,0.0,NW@7.1,13.2,92.7,0.0,0,"Parker, Yakima County",310132,Parker,2017-12-10 03:27:15.803214
2012-08-06,22:15,83.7,83.7,53.0,34.7,0.0,NW@7.1,12.8,92.7,0.0,0,"Parker, Yakima County",310132,Parker,2017-12-10 03:27:15.803214
2012-08-06,22:30,83.2,83.2,52.9,35.2,0.0,NW@6.5,10.3,92.7,0.0,0,"Parker, Yakima County",310132,Parker,2017-12-10 03:27:15.803214
2012-08-06,22:45,83.3,83.3,52.7,34.9,0.0,NW@5.4,12.4,92.7,0.0,0,"Parker, Yakima County",310132,Parker,2017-12-10 03:27:15.803214
2012-08-06,23:00,82.5,82.4,52.8,35.9,0.0,N@4.1,8.5,92.6,0.0,0,"Parker, Yakima County",310132,Parker,2017-12-10 03:27:15.803214
2012-08-07,23:15,81.9,81.9,52.8,36.6,0.0,N@4.3,10.3,92.6,0.0,0,"Parker, Yakima County",310132,Parker,2017-12-10 03:27:15.803214
2012-08-07,23:30,82.1,82.0,52.8,36.3,0.0,N@4.4,9.2,92.5,0.0,0,"Parker, Yakima County",310132,Parker,2017-12-10 03:27:15.803214
2012-08-07,23:45,81.3,81.2,53.0,37.6,0.0,NW@5.5,11.7,92.5,0.0,0,"Parker, Yakima County",310132,Parker,2017-12-10 03:27:15.803214
2012-08-07,24:00,80.9,80.9,53.0,38.1,0.0,NW@7.8,15.3,92.4,0.0,0,"Parker, Yakima County",310132,Parker,2017-12-10 03:27:15.803214
2012-08-07,00:15,81.1,81.1,52.8,37.6,0.0,NW@8.7,14.6,92.3,0.0,0,"Parker, Yakima County",310132,Parker,2017-12-10 03:27:15.803214
2012-08-07,00:30,80.9,80.8,52.7,37.7,0.0,NW@8.4,13.9,92.3,0.0,0,"Parker, Yakima County",310132,Parker,2017-12-10 03:27:15.803214
2012-08-07,00:45,80.3,80.3,52.8,38.5,0.0,NW@7.8,13.2,92.2,0.0,0,"Parker, Yakima County",310132,Parker,2017-12-10 03:27:15.803214
2012-08-07,01:00,80.0,80.0,52.9,39.0,0.0,NW@8.5,15.3,92.1,0.0,0,"Parker, Yakima County",310132,Parker,2017-12-10 03:27:15.803214
2012-08-07,01:15,79.7,79.7,52.8,39.2,0.0,NW@6.8,13.2,92.0,0.0,0,"Parker, Yakima County",310132,Parker,2017-12-10 03:27:15.803214
2012-08-07,01:30,79.5,79.5,52.4,39.0,0.0,NW@5.8,11.4,92.0,0.0,0,"Parker, Yakima County",310132,Parker,2017-12-10 03:27:15.803214
2012-08-07,01:45,78.9,78.9,52.8,40.3,0.0,NW@7.4,13.9,91.9,0.0,0,"Parker, Yakima County",310132,Parker,2017-12-10 03:27:15.803214
2012-08-07,02:00,78.2,78.1,53.1,41.8,0.0,NW@7.6,13.2,91.8,0.0,0,"Parker, Yakima County",310132,Parker,2017-12-10 03:27:15.803214
2012-08-07,02:15,77.9,77.9,52.9,41.9,0.0,NW@6.7,12.8,91.7,0.0,0,"Parker, Yakima County",310132,Parker,2017-12-10 03:27:15.803214
2012-08-07,02:30,78.0,77.9,52.5,41.1,0.0,NW@4.4,11.4,91.6,0.0,0,"Parker, Yakima County",310132,Parker,2017-12-10 03:27:15.803214
2012-08-07,02:45,77.6,77.6,52.2,41.1,0.0,NW@6.2,12.4,91.5,0.0,0,"Parker, Yakima County",310132,Parker,2017-12-10 03:27:15.803214
2012-08-07,03:00,77.1,77.1,52.2,41.8,0.0,NW@6.9,12.8,91.5,0.0,0,"Parker, Yakima County",310132,Parker,2017-12-10 03:27:15.803214
2012-08-07,03:15,76.6,76.6,52.3,42.7,0.0,NW@5.0,12.1,91.4,0.0,0,"Parker, Yakima County",310132,Parker,2017-12-10 03:27:15.803214
2012-08-07,03:30,76.3,76.4,52.3,43.2,0.0,NW@6.2,12.4,91.3,0.0,0,"Parker, Yakima County",310132,Parker,2017-12-10 03:27:15.803214
2012-08-07,03:45,76.0,76.0,52.4,43.8,0.0,NW@5.3,13.2,91.2,0.0,0,"Parker, Yakima County",310132,Parker,2017-12-10 03:27:15.803214
2012-08-07,04:00,75.6,75.5,52.3,44.2,0.0,NW@6.5,16.0,91.1,0.0,0,"Parker, Yakima County",310132,Parker,2017-12-10 03:27:15.803214
2012-08-07,04:15,75.0,75.0,52.1,44.8,0.0,NW@7.3,14.6,91.0,0.0,0,"Parker, Yakima County",310132,Parker,2017-12-10 03:27:15.803214
2012-08-07,04:30,74.6,74.6,52.1,45.4,0.0,NW@7.7,14.2,90.9,0.0,0,"Parker, Yakima County",310132,Parker,2017-12-10 03:27:15.803214
2012-08-07,04:45,74.4,74.4,51.9,45.3,0.0,NW@7.9,15.7,90.8,0.0,1,"Parker, Yakima County",310132,Parker,2017-12-10 03:27:15.803214
2012-08-07,05:00,74.7,74.7,51.6,44.5,0.0,NW@9.4,16.7,90.7,0.0,5,"Parker, Yakima County",310132,Parker,2017-12-10 03:27:15.803214
2012-08-07,05:15,74.3,74.4,51.6,45.0,0.0,NW@6.5,13.5,90.7,0.0,12,"Parker, Yakima County",310132,Parker,2017-12-10 03:27:15.803214
2012-08-07,05:30,74.5,74.6,51.5,44.4,0.0,NW@6.7,13.5,90.6,0.0,34,"Parker, Yakima County",310132,Parker,2017-12-10 03:27:15.803214
2012-08-07,05:45,75.2,75.3,51.4,43.3,0.0,NW@7.4,13.5,90.5,0.0,73,"Parker, Yakima County",310132,Parker,2017-12-10 03:27:15.803214
2012-08-07,06:00,75.8,75.8,51.4,42.4,0.0,NW@7.7,13.9,90.4,0.0,105,"Parker, Yakima County",310132,Parker,2017-12-10 03:27:15.803214
2012-08-07,06:15,76.4,76.5,51.3,41.5,0.0,NW@7.4,14.2,90.3,0.0,140,"Parker, Yakima County",310132,Parker,2017-12-10 03:27:15.803214
2012-08-07,06:30,76.4,76.7,51.6,41.9,0.0,NW@6.7,12.8,90.2,0.0,176,"Parker, Yakima County",310132,Parker,2017-12-10 03:27:15.803214
2012-08-07,06:45,76.7,77.0,51.6,41.4,0.0,NW@8.1,14.2,90.1,0.0,189,"Parker, Yakima County",310132,Parker,2017-12-10 03:27:15.803214
2012-08-07,07:00,77.9,78.1,51.4,39.6,0.0,NW@7.0,13.5,90.0,0.0,219,"Parker, Yakima County",310132,Parker,2017-12-10 03:27:15.803214
2012-08-07,07:15,79.1,79.2,51.4,38.1,0.0,NW@7.7,15.3,89.9,0.0,293,"Parker, Yakima County",310132,Parker,2017-12-10 03:27:15.803214
2012-08-07,07:30,80.4,80.7,51.5,36.6,0.0,NW@6.0,12.8,89.8,0.0,344,"Parker, Yakima County",310132,Parker,2017-12-10 03:27:15.803214
2012-08-07,07:45,82.0,82.2,51.4,34.6,0.0,NW@6.0,15.3,89.6,0.0,382,"Parker, Yakima County",310132,Parker,2017-12-10 03:27:15.803214
2012-08-07,08:00,83.1,83.3,52.1,34.3,0.0,NW@4.7,11.0,89.6,0.0,422,"Parker, Yakima County",310132,Parker,2017-12-10 03:27:15.803214
2012-08-07,08:15,83.7,83.9,52.5,34.2,0.0,NW@5.1,11.4,89.5,0.0,460,"Parker, Yakima County",310132,Parker,2017-12-10 03:27:15.803214
2012-08-07,08:30,84.3,84.4,52.8,33.9,0.0,NW@6.1,13.9,89.4,0.0,497,"Parker, Yakima County",310132,Parker,2017-12-10 03:27:15.803214
2012-08-07,08:45,85.1,85.5,52.9,33.1,0.0,NW@5.9,11.4,89.3,0.0,536,"Parker, Yakima County",310132,Parker,2017-12-10 03:27:15.803214
2012-08-07,09:00,86.0,86.0,53.2,32.5,0.0,NW@6.8,13.5,89.2,0.0,547,"Parker, Yakima County",310132,Parker,2017-12-10 03:27:15.803214
2012-08-07,09:15,87.0,87.3,54.3,32.9,0.0,NW@5.2,11.0,89.1,0.0,626,"Parker, Yakima County",310132,Parker,2017-12-10 03:27:15.803214
2012-08-07,09:30,88.9,89.2,54.6,31.2,0.0,NW@5.2,11.0,89.1,0.0,629,"Parker, Yakima County",310132,Parker,2017-12-10 03:27:15.803214
2012-08-07,09:45,89.4,89.8,54.1,30.1,0.0,NW@5.0,10.7,89.0,0.0,619,"Parker, Yakima County",310132,Parker,2017-12-10 03:27:15.803214
2012-08-07,10:00,91.6,92.1,54.9,29.1,0.0,NW@3.5,9.6,88.9,0.0,695,"Parker, Yakima County",310132,Parker,2017-12-10 03:27:15.803214
2012-08-07,10:15,92.9,93.2,53.7,26.7,0.0,N@3.3,8.2,88.9,0.0,689,"Parker, Yakima County",310132,Parker,2017-12-10 03:27:15.803214
2012-08-07,10:30,93.9,94.0,52.2,24.5,0.0,N@2.6,10.3,88.8,0.0,675,"Parker, Yakima County",310132,Parker,2017-12-10 03:27:15.803214
2012-08-07,10:45,94.8,94.8,51.8,23.5,0.0,N@3.0,6.7,88.8,0.0,769,"Parker, Yakima County",310132,Parker,2017-12-10 03:27:15.803214
2012-08-07,11:00,95.8,96.0,51.2,22.2,0.0,N@2.9,7.4,88.8,0.0,725,"Parker, Yakima County",310132,Parker,2017-12-10 03:27:15.803214
2012-08-07,11:15,95.8,95.8,51.8,22.7,0.0,NE@2.2,6.0,88.8,0.0,634,"Parker, Yakima County",310132,Parker,2017-12-10 03:27:15.803214
2012-08-07,11:30,95.6,95.4,52.5,23.5,0.0,N@1.7,6.0,88.8,0.0,369,"Parker, Yakima County",310132,Parker,2017-12-10 03:27:15.803214
2012-08-07,11:45,95.7,95.8,53.0,23.8,0.0,N@3.0,6.7,88.8,0.0,613,"Parker, Yakima County",310132,Parker,2017-12-10 03:27:15.803214
2012-08-07,12:00,94.8,94.9,56.5,27.8,0.0,E@2.9,6.7,88.8,0.0,496,"Parker, Yakima County",310132,Parker,2017-12-10 03:27:15.803214
2012-08-07,12:15,94.1,94.2,63.1,35.9,0.0,S@3.5,6.4,88.8,0.0,772,"Parker, Yakima County",310132,Parker,2017-12-10 03:27:15.803214
2012-08-07,12:30,94.9,95.0,62.7,34.7,0.0,S@2.7,7.1,88.9,0.0,650,"Parker, Yakima County",310132,Parker,2017-12-10 03:27:15.803214
2012-08-07,12:45,95.7,96.1,62.2,33.2,0.0,S@2.0,7.1,89.0,0.0,842,"Parker, Yakima County",310132,Parker,2017-12-10 03:27:15.803214
2012-08-07,13:00,97.4,97.7,61.1,30.3,0.0,S@2.3,5.3,89.0,0.0,779,"Parker, Yakima County",310132,Parker,2017-12-10 03:27:15.803214
2012-08-07,13:15,97.3,97.5,59.5,28.7,0.0,S@2.1,5.7,89.1,0.0,758,"Parker, Yakima County",310132,Parker,2017-12-10 03:27:15.803214
2012-08-07,13:30,97.6,97.7,59.6,28.6,0.0,S@2.8,6.0,89.2,0.0,776,"Parker, Yakima County",310132,Parker,2017-12-10 03:27:15.803214
2012-08-07,13:45,98.2,98.6,57.7,26.2,0.0,S@2.2,5.7,89.3,0.0,762,"Parker, Yakima County",310132,Parker,2017-12-10 03:27:15.803214
2012-08-07,14:00,99.0,99.4,59.1,26.9,0.0,S@1.8,4.2,89.4,0.0,743,"Parker, Yakima County",310132,Parker,2017-12-10 03:27:15.803214
2012-08-07,14:15,99.3,99.4,58.3,25.9,0.0,S@2.2,4.2,89.5,0.0,683,"Parker, Yakima County",310132,Parker,2017-12-10 03:27:15.803214
2012-08-07,14:30,98.7,98.8,61.1,29.2,0.0,SW@1.2,3.5,89.7,0.0,532,"Parker, Yakima County",310132,Parker,2017-12-10 03:27:15.803214
2012-08-07,14:45,97.6,97.7,62.1,31.3,0.0,SW@1.3,4.2,89.8,0.0,535,"Parker, Yakima County",310132,Parker,2017-12-10 03:27:15.803214
2012-08-07,15:00,97.2,97.2,63.2,32.8,0.0,SW@0.9,4.6,89.9,0.0,481,"Parker, Yakima County",310132,Parker,2017-12-10 03:27:15.803214
2012-08-07,15:15,96.9,97.1,63.2,33.2,0.0,SW@0.6,3.5,90.0,0.0,483,"Parker, Yakima County",310132,Parker,2017-12-10 03:27:15.803214
2012-08-07,15:30,96.9,97.2,63.9,34.0,0.0,SW@1.2,3.9,90.2,0.0,449,"Parker, Yakima County",310132,Parker,2017-12-10 03:27:15.803214
2012-08-07,15:45,96.3,96.6,63.6,34.2,0.0,SW@0.7,2.8,90.3,0.0,399,"Parker, Yakima County",310132,Parker,2017-12-10 03:27:15.803214
2012-08-07,16:00,96.1,96.3,63.4,34.2,0.0,W@0.1,1.7,90.5,0.0,304,"Parker, Yakima County",310132,Parker,2017-12-10 03:27:15.803214
2012-08-07,16:15,96.4,96.6,62.3,32.6,0.0,N@0.0,0.0,90.6,0.0,287,"Parker, Yakima County",310132,Parker,2017-12-10 03:27:15.803214
2012-08-07,16:30,96.9,97.0,62.8,32.7,0.0,N@0.0,0.0,90.7,0.0,293,"Parker, Yakima County",310132,Parker,2017-12-10 03:27:15.803214
2012-08-07,16:45,96.9,97.2,62.8,32.8,0.0,SW@0.0,1.4,90.9,0.0,292,"Parker, Yakima County",310132,Parker,2017-12-10 03:27:15.803214
2012-08-07,17:00,96.8,97.1,66.3,37.1,0.0,N@0.0,0.0,91.0,0.0,302,"Parker, Yakima County",310132,Parker,2017-12-10 03:27:15.803214
2012-08-07,17:15,98.9,99.6,63.8,31.9,0.0,N@0.0,0.0,91.2,0.0,355,"Parker, Yakima County",310132,Parker,2017-12-10 03:27:15.803214
2012-08-07,17:30,100.3,100.5,62.6,29.3,0.0,N@0.0,0.0,91.3,0.0,302,"Parker, Yakima County",310132,Parker,2017-12-10 03:27:15.803214
2012-08-07,17:45,98.2,97.7,65.5,34.6,0.0,N@0.0,0.0,91.5,0.0,182,"Parker, Yakima County",310132,Parker,2017-12-10 03:27:15.803214
2012-08-07,18:00,93.3,92.7,66.5,41.7,0.0,SW@0.1,1.4,91.6,0.0,121,"Parker, Yakima County",310132,Parker,2017-12-10 03:27:15.803214
2012-08-07,18:15,90.7,90.4,62.2,38.8,0.0,N@0.0,0.0,91.7,0.0,89,"Parker, Yakima County",310132,Parker,2017-12-10 03:27:15.803214
2012-08-07,18:30,89.4,89.0,59.9,37.2,0.0,N@0.0,0.0,91.8,0.0,57,"Parker, Yakima County",310132,Parker,2017-12-10 03:27:15.803214
2012-08-07,18:45,88.5,88.3,58.3,36.2,0.0,S@0.1,3.1,92.0,0.0,36,"Parker, Yakima County",310132,Parker,2017-12-10 03:27:15.803214
2012-08-07,19:00,88.0,87.6,60.3,39.4,0.0,E@0.0,1.4,92.1,0.0,21,"Parker, Yakima County",310132,Parker,2017-12-10 03:27:15.803214
2012-08-07,19:15,87.2,86.9,60.3,40.5,0.0,S@0.1,1.7,92.2,0.0,8,"Parker, Yakima County",310132,Parker,2017-12-10 03:27:15.803214
2012-08-07,19:30,87.1,87.1,62.1,43.2,0.0,E@0.1,1.4,92.3,0.0,5,"Parker, Yakima County",310132,Parker,2017-12-10 03:27:15.803214
2012-08-07,19:45,86.8,86.5,62.6,44.4,0.0,SE@0.0,1.7,92.4,0.0,2,"Parker, Yakima County",310132,Parker,2017-12-10 03:27:15.803214
2012-08-07,20:00,86.8,86.9,61.2,42.3,0.01,NW@3.3,9.9,92.5,0.0,0,"Parker, Yakima County",310132,Parker,2017-12-10 03:27:15.803214
2012-08-07,20:15,88.0,88.1,60.9,40.3,0.0,NW@6.5,12.8,92.5,0.0,0,"Parker, Yakima County",310132,Parker,2017-12-10 03:27:15.803214
2012-08-07,20:30,87.5,87.6,60.9,40.9,0.0,NW@7.7,13.5,92.6,0.0,0,"Parker, Yakima County",310132,Parker,2017-12-10 03:27:15.803214
2012-08-07,20:45,86.1,86.0,61.5,43.7,0.0,N@6.6,11.4,92.7,0.0,0,"Parker, Yakima County",310132,Parker,2017-12-10 03:27:15.803214
2012-08-07,21:00,84.6,84.6,61.2,45.4,0.0,N@4.8,8.9,92.7,0.0,0,"Parker, Yakima County",310132,Parker,2017-12-10 03:27:15.803214
2012-08-07,21:15,84.2,84.3,60.8,45.3,0.0,N@5.8,11.7,92.7,0.0,0,"Parker, Yakima County",310132,Parker,2017-12-10 03:27:15.803214
2012-08-07,21:30,84.2,84.2,60.6,45.1,0.0,N@5.4,15.0,92.8,0.0,0,"Parker, Yakima County",310132,Parker,2017-12-10 03:27:15.803214
2012-08-07,21:45,83.7,83.8,60.6,45.7,0.0,N@5.4,11.0,92.8,0.0,0,"Parker, Yakima County",310132,Parker,2017-12-10 03:27:15.803214
2012-08-07,22:00,83.4,83.5,60.5,46.0,0.0,N@6.1,12.8,92.8,0.0,0,"Parker, Yakima County",310132,Parker,2017-12-10 03:27:15.803214
2012-08-07,22:15,83.1,83.1,60.4,46.4,0.01,N@6.1,11.7,92.8,0.0,0,"Parker, Yakima County",310132,Parker,2017-12-10 03:27:15.803214
2012-08-07,22:30,82.7,82.8,60.2,46.6,0.01,N@6.2,12.1,92.8,0.0,0,"Parker, Yakima County",310132,Parker,2017-12-10 03:27:15.803214
2012-08-07,22:45,82.3,82.4,60.1,47.0,0.01,N@6.5,11.7,92.8,0.0,0,"Parker, Yakima County",310132,Parker,2017-12-10 03:27:15.803214
2012-08-07,23:00,81.8,81.8,60.1,47.8,0.01,N@6.2,12.1,92.8,0.0,0,"Parker, Yakima County",310132,Parker,2017-12-10 03:27:15.803214
2012-08-08,23:15,81.5,81.6,60.0,48.0,0.01,NW@9.3,16.7,92.7,0.0,0,"Parker, Yakima County",310132,Parker,2017-12-10 03:27:15.803214
2012-08-08,23:30,81.1,81.1,59.9,48.6,0.01,NW@7.9,15.3,92.7,0.0,0,"Parker, Yakima County",310132,Parker,2017-12-10 03:27:15.803214
2012-08-08,23:45,80.8,80.9,59.7,48.7,0.01,NW@8.5,13.5,92.7,0.0,0,"Parker, Yakima County",310132,Parker,2017-12-10 03:27:15.803214
2012-08-08,24:00,80.4,80.5,59.7,49.3,0.01,NW@7.6,14.6,92.6,0.0,0,"Parker, Yakima County",310132,Parker,2017-12-10 03:27:15.803214
