Date,Time PST,Air Temp °F, 2<sup>nd</sup> Air Temp °F, Dew Point °F, Rel Hum %, Leaf Wet u., Wind Dir @ Speed mph, Wind Gust mph, 8 in. Soil Tmp °F, Tot Prec in, Solar Rad W/m²,Location,Station ID,Station Name,Download Timestamp
2010-06-03,00:15,50.1,,48.8,95.3,0.91,S@1.6,3.1,58.1,0.0,0,"East Olympia, Olympia, Thurston County",330151,East Olympia,2017-12-09 17:37:13.271891
2010-06-03,00:30,49.7,,48.6,95.9,0.91,S@1.7,2.8,58.0,0.0,1,"East Olympia, Olympia, Thurston County",330151,East Olympia,2017-12-09 17:37:13.271891
2010-06-03,00:45,49.1,,48.2,96.4,0.9,S@1.9,3.5,58.0,0.0,1,"East Olympia, Olympia, Thurston County",330151,East Olympia,2017-12-09 17:37:13.271891
2010-06-03,01:00,48.5,,47.6,96.8,0.91,SW@2.2,4.2,57.9,0.0,1,"East Olympia, Olympia, Thurston County",330151,East Olympia,2017-12-09 17:37:13.271891
2010-06-03,01:15,48.2,,47.5,97.1,0.91,S@1.0,2.8,57.9,0.0,0,"East Olympia, Olympia, Thurston County",330151,East Olympia,2017-12-09 17:37:13.271891
2010-06-03,01:30,47.9,,47.3,97.4,0.91,S@1.2,2.4,57.8,0.0,0,"East Olympia, Olympia, Thurston County",330151,East Olympia,2017-12-09 17:37:13.271891
2010-06-03,01:45,48.2,,47.6,97.8,0.91,S@1.6,2.8,57.7,0.0,1,"East Olympia, Olympia, Thurston County",330151,East Olympia,2017-12-09 17:37:13.271891
2010-06-03,02:00,48.1,,47.5,97.8,0.91,S@1.4,2.4,57.7,0.0,1,"East Olympia, Olympia, Thurston County",330151,East Olympia,2017-12-09 17:37:13.271891
2010-06-03,02:15,47.7,,47.1,98.0,0.91,S@1.6,2.4,57.6,0.0,0,"East Olympia, Olympia, Thurston County",330151,East Olympia,2017-12-09 17:37:13.271891
2010-06-03,02:30,47.3,,46.9,98.2,0.91,SW@1.9,2.8,57.5,0.0,1,"East Olympia, Olympia, Thurston County",330151,East Olympia,2017-12-09 17:37:13.271891
2010-06-03,02:45,47.0,,46.6,98.6,0.91,SW@2.0,2.8,57.4,0.0,1,"East Olympia, Olympia, Thurston County",330151,East Olympia,2017-12-09 17:37:13.271891
2010-06-03,03:00,46.8,,46.3,98.3,0.91,SW@2.0,3.1,57.4,0.0,1,"East Olympia, Olympia, Thurston County",330151,East Olympia,2017-12-09 17:37:13.271891
2010-06-03,03:15,46.6,,46.1,98.1,0.91,SW@0.9,2.1,57.3,0.0,1,"East Olympia, Olympia, Thurston County",330151,East Olympia,2017-12-09 17:37:13.271891
2010-06-03,03:30,45.6,,44.9,97.4,0.91,N@0.0,0.0,57.2,0.0,1,"East Olympia, Olympia, Thurston County",330151,East Olympia,2017-12-09 17:37:13.271891
2010-06-03,03:45,45.3,,44.8,98.0,0.91,N@0.0,0.0,57.1,0.0,1,"East Olympia, Olympia, Thurston County",330151,East Olympia,2017-12-09 17:37:13.271891
2010-06-03,04:00,45.3,,44.7,97.9,0.91,N@0.0,0.0,57.0,0.01,2,"East Olympia, Olympia, Thurston County",330151,East Olympia,2017-12-09 17:37:13.271891
2010-06-03,04:15,44.6,,44.0,97.6,0.91,N@0.3,2.1,56.9,0.0,2,"East Olympia, Olympia, Thurston County",330151,East Olympia,2017-12-09 17:37:13.271891
2010-06-03,04:30,44.5,,44.1,98.3,0.91,SW@0.5,1.7,56.8,0.0,6,"East Olympia, Olympia, Thurston County",330151,East Olympia,2017-12-09 17:37:13.271891
2010-06-03,04:45,45.0,,44.4,97.9,0.91,N@0.0,0.0,56.7,0.0,15,"East Olympia, Olympia, Thurston County",330151,East Olympia,2017-12-09 17:37:13.271891
2010-06-03,05:00,45.4,,45.0,98.4,0.91,N@0.0,0.0,56.6,0.0,26,"East Olympia, Olympia, Thurston County",330151,East Olympia,2017-12-09 17:37:13.271891
2010-06-03,05:15,46.6,,46.1,98.3,0.91,N@0.0,0.0,56.5,0.0,31,"East Olympia, Olympia, Thurston County",330151,East Olympia,2017-12-09 17:37:13.271891
2010-06-03,05:30,46.8,,46.4,98.5,0.92,E@0.4,2.1,56.4,0.0,62,"East Olympia, Olympia, Thurston County",330151,East Olympia,2017-12-09 17:37:13.271891
2010-06-03,05:45,47.8,,47.4,98.6,0.92,S@0.4,2.1,56.3,0.0,101,"East Olympia, Olympia, Thurston County",330151,East Olympia,2017-12-09 17:37:13.271891
2010-06-03,06:00,49.0,,48.7,98.8,0.92,SW@1.1,2.4,56.2,0.0,120,"East Olympia, Olympia, Thurston County",330151,East Olympia,2017-12-09 17:37:13.271891
2010-06-03,06:15,50.4,,50.1,98.7,0.92,SE@0.8,2.1,56.1,0.0,174,"East Olympia, Olympia, Thurston County",330151,East Olympia,2017-12-09 17:37:13.271891
2010-06-03,06:30,52.5,,51.7,97.0,0.92,SE@1.4,3.1,56.0,0.0,270,"East Olympia, Olympia, Thurston County",330151,East Olympia,2017-12-09 17:37:13.271891
2010-06-03,06:45,53.9,,50.7,88.9,0.91,E@2.3,5.7,55.9,0.0,288,"East Olympia, Olympia, Thurston County",330151,East Olympia,2017-12-09 17:37:13.271891
2010-06-03,07:00,54.8,,49.6,82.7,0.9,S@2.2,4.6,55.8,0.0,239,"East Olympia, Olympia, Thurston County",330151,East Olympia,2017-12-09 17:37:13.271891
2010-06-03,07:15,53.7,,48.8,83.4,0.89,SE@2.4,5.3,55.7,0.0,171,"East Olympia, Olympia, Thurston County",330151,East Olympia,2017-12-09 17:37:13.271891
2010-06-03,07:30,53.9,,49.7,85.6,0.87,SE@2.2,3.9,55.6,0.0,200,"East Olympia, Olympia, Thurston County",330151,East Olympia,2017-12-09 17:37:13.271891
2010-06-03,07:45,54.9,,49.4,81.7,0.81,SE@3.3,6.4,55.6,0.0,328,"East Olympia, Olympia, Thurston County",330151,East Olympia,2017-12-09 17:37:13.271891
2010-06-03,08:00,56.3,,49.0,76.4,0.43,SE@3.6,7.1,55.5,0.0,412,"East Olympia, Olympia, Thurston County",330151,East Olympia,2017-12-09 17:37:13.271891
2010-06-03,08:15,57.1,,48.0,71.4,0.02,SE@3.2,7.1,55.4,0.0,469,"East Olympia, Olympia, Thurston County",330151,East Olympia,2017-12-09 17:37:13.271891
2010-06-03,08:30,56.9,,46.9,69.0,0.0,SE@4.0,7.1,55.4,0.0,373,"East Olympia, Olympia, Thurston County",330151,East Olympia,2017-12-09 17:37:13.271891
2010-06-03,08:45,58.2,,47.5,67.3,0.0,SW@3.1,5.7,55.4,0.0,590,"East Olympia, Olympia, Thurston County",330151,East Olympia,2017-12-09 17:37:13.271891
2010-06-03,09:00,58.4,,46.3,64.1,0.0,SW@3.6,7.4,55.3,0.0,500,"East Olympia, Olympia, Thurston County",330151,East Olympia,2017-12-09 17:37:13.271891
2010-06-03,09:15,59.4,,45.8,60.5,0.0,SE@3.5,7.8,55.3,0.0,638,"East Olympia, Olympia, Thurston County",330151,East Olympia,2017-12-09 17:37:13.271891
2010-06-03,09:30,58.8,,44.5,59.0,0.0,SE@4.3,8.2,55.3,0.0,561,"East Olympia, Olympia, Thurston County",330151,East Olympia,2017-12-09 17:37:13.271891
2010-06-03,09:45,58.3,,46.3,64.2,0.0,SE@3.7,8.5,55.3,0.0,373,"East Olympia, Olympia, Thurston County",330151,East Olympia,2017-12-09 17:37:13.271891
2010-06-03,10:00,57.8,,46.0,64.9,0.0,SW@4.0,9.6,55.3,0.0,311,"East Olympia, Olympia, Thurston County",330151,East Olympia,2017-12-09 17:37:13.271891
2010-06-03,10:15,58.5,,46.2,63.5,0.0,SE@3.3,7.1,55.3,0.0,370,"East Olympia, Olympia, Thurston County",330151,East Olympia,2017-12-09 17:37:13.271891
2010-06-03,10:30,59.1,,45.6,61.0,0.0,S@3.2,7.1,55.4,0.0,406,"East Olympia, Olympia, Thurston County",330151,East Olympia,2017-12-09 17:37:13.271891
2010-06-03,10:45,59.2,,45.8,61.0,0.0,SE@3.4,6.7,55.4,0.0,443,"East Olympia, Olympia, Thurston County",330151,East Olympia,2017-12-09 17:37:13.271891
2010-06-03,11:00,61.1,,46.2,58.0,0.0,S@2.7,6.0,55.5,0.0,682,"East Olympia, Olympia, Thurston County",330151,East Olympia,2017-12-09 17:37:13.271891
2010-06-03,11:15,62.1,,45.2,53.8,0.0,SW@3.1,6.7,55.6,0.0,757,"East Olympia, Olympia, Thurston County",330151,East Olympia,2017-12-09 17:37:13.271891
2010-06-03,11:30,62.3,,43.9,50.9,0.0,W@4.5,9.2,55.6,0.0,683,"East Olympia, Olympia, Thurston County",330151,East Olympia,2017-12-09 17:37:13.271891
2010-06-03,11:45,61.4,,43.2,51.0,0.0,W@3.3,7.8,55.7,0.0,587,"East Olympia, Olympia, Thurston County",330151,East Olympia,2017-12-09 17:37:13.271891
2010-06-03,12:00,61.6,,43.0,50.4,0.0,NW@3.2,6.7,55.8,0.0,499,"East Olympia, Olympia, Thurston County",330151,East Olympia,2017-12-09 17:37:13.271891
2010-06-03,12:15,63.1,,44.1,49.7,0.0,SE@3.8,7.8,55.9,0.0,729,"East Olympia, Olympia, Thurston County",330151,East Olympia,2017-12-09 17:37:13.271891
2010-06-03,12:30,63.1,,43.5,48.7,0.0,SW@3.5,8.9,56.0,0.0,602,"East Olympia, Olympia, Thurston County",330151,East Olympia,2017-12-09 17:37:13.271891
2010-06-03,12:45,62.7,,42.7,48.0,0.0,NW@3.5,7.8,56.1,0.0,518,"East Olympia, Olympia, Thurston County",330151,East Olympia,2017-12-09 17:37:13.271891
2010-06-03,13:00,63.1,,43.0,47.8,0.0,SW@4.0,7.4,56.2,0.0,596,"East Olympia, Olympia, Thurston County",330151,East Olympia,2017-12-09 17:37:13.271891
2010-06-03,13:15,63.4,,42.3,46.1,0.0,SE@2.5,4.9,56.3,0.0,554,"East Olympia, Olympia, Thurston County",330151,East Olympia,2017-12-09 17:37:13.271891
2010-06-03,13:30,64.4,,42.6,44.9,0.0,N@2.5,5.3,56.4,0.0,570,"East Olympia, Olympia, Thurston County",330151,East Olympia,2017-12-09 17:37:13.271891
2010-06-03,13:45,63.9,,42.9,46.4,0.0,S@3.0,7.1,56.6,0.0,510,"East Olympia, Olympia, Thurston County",330151,East Olympia,2017-12-09 17:37:13.271891
2010-06-03,14:00,64.4,,43.1,45.9,0.0,SE@3.2,6.7,56.7,0.0,583,"East Olympia, Olympia, Thurston County",330151,East Olympia,2017-12-09 17:37:13.271891
2010-06-03,14:15,64.2,,43.2,46.3,0.0,SW@3.6,6.0,56.8,0.0,554,"East Olympia, Olympia, Thurston County",330151,East Olympia,2017-12-09 17:37:13.271891
2010-06-03,14:30,64.2,,43.8,47.3,0.0,S@3.0,5.7,57.0,0.0,468,"East Olympia, Olympia, Thurston County",330151,East Olympia,2017-12-09 17:37:13.271891
2010-06-03,14:45,64.3,,43.9,47.5,0.0,W@3.8,6.0,57.1,0.0,455,"East Olympia, Olympia, Thurston County",330151,East Olympia,2017-12-09 17:37:13.271891
2010-06-03,15:00,64.1,,44.2,48.3,0.0,W@2.2,4.2,57.2,0.0,344,"East Olympia, Olympia, Thurston County",330151,East Olympia,2017-12-09 17:37:13.271891
2010-06-03,15:15,64.7,,45.1,48.8,0.0,W@2.6,7.1,57.3,0.0,342,"East Olympia, Olympia, Thurston County",330151,East Olympia,2017-12-09 17:37:13.271891
2010-06-03,15:30,64.6,,44.3,47.6,0.0,SW@3.0,7.4,57.5,0.0,451,"East Olympia, Olympia, Thurston County",330151,East Olympia,2017-12-09 17:37:13.271891
2010-06-03,15:45,65.4,,45.1,47.9,0.0,N@2.9,6.7,57.6,0.0,416,"East Olympia, Olympia, Thurston County",330151,East Olympia,2017-12-09 17:37:13.271891
2010-06-03,16:00,64.4,,44.2,47.8,0.0,N@2.3,4.2,57.7,0.0,276,"East Olympia, Olympia, Thurston County",330151,East Olympia,2017-12-09 17:37:13.271891
2010-06-03,16:15,64.4,,44.9,49.1,0.0,N@1.7,3.1,57.8,0.0,247,"East Olympia, Olympia, Thurston County",330151,East Olympia,2017-12-09 17:37:13.271891
2010-06-03,16:30,63.8,,45.8,51.8,0.0,NW@1.7,4.2,57.9,0.0,183,"East Olympia, Olympia, Thurston County",330151,East Olympia,2017-12-09 17:37:13.271891
2010-06-03,16:45,63.1,,44.7,50.9,0.0,SW@1.5,3.5,58.0,0.0,116,"East Olympia, Olympia, Thurston County",330151,East Olympia,2017-12-09 17:37:13.271891
2010-06-03,17:00,63.1,,46.7,55.0,0.0,S@0.8,2.8,58.1,0.0,107,"East Olympia, Olympia, Thurston County",330151,East Olympia,2017-12-09 17:37:13.271891
2010-06-03,17:15,61.5,,50.8,67.7,0.0,SE@1.6,3.1,58.2,0.0,72,"East Olympia, Olympia, Thurston County",330151,East Olympia,2017-12-09 17:37:13.271891
2010-06-03,17:30,60.9,,51.9,72.4,0.0,SE@1.4,2.8,58.3,0.0,74,"East Olympia, Olympia, Thurston County",330151,East Olympia,2017-12-09 17:37:13.271891
2010-06-03,17:45,60.5,,51.3,71.4,0.0,E@1.8,3.1,58.4,0.0,55,"East Olympia, Olympia, Thurston County",330151,East Olympia,2017-12-09 17:37:13.271891
2010-06-03,18:00,59.8,,52.9,78.0,0.0,SE@1.2,3.1,58.5,0.0,35,"East Olympia, Olympia, Thurston County",330151,East Olympia,2017-12-09 17:37:13.271891
2010-06-03,18:15,59.2,,52.6,78.6,0.0,SE@1.0,1.7,58.5,0.0,25,"East Olympia, Olympia, Thurston County",330151,East Olympia,2017-12-09 17:37:13.271891
2010-06-03,18:30,58.6,,52.4,79.7,0.08,E@0.8,2.4,58.6,0.0,20,"East Olympia, Olympia, Thurston County",330151,East Olympia,2017-12-09 17:37:13.271891
2010-06-03,18:45,58.1,,51.4,78.5,0.23,SE@1.7,2.8,58.6,0.0,24,"East Olympia, Olympia, Thurston County",330151,East Olympia,2017-12-09 17:37:13.271891
2010-06-03,19:00,57.8,,50.9,77.8,0.07,SE@2.4,3.9,58.6,0.0,15,"East Olympia, Olympia, Thurston County",330151,East Olympia,2017-12-09 17:37:13.271891
2010-06-03,19:15,56.8,,52.0,83.7,0.55,SE@1.7,3.9,58.7,0.0,9,"East Olympia, Olympia, Thurston County",330151,East Olympia,2017-12-09 17:37:13.271891
2010-06-03,19:30,55.9,,52.6,88.4,0.9,E@1.2,2.1,58.7,0.0,10,"East Olympia, Olympia, Thurston County",330151,East Olympia,2017-12-09 17:37:13.271891
2010-06-03,19:45,54.9,,52.8,92.3,0.91,SE@1.3,2.4,58.7,0.0,6,"East Olympia, Olympia, Thurston County",330151,East Olympia,2017-12-09 17:37:13.271891
2010-06-03,20:00,54.6,,52.6,93.0,0.91,SE@1.8,2.8,58.7,0.0,3,"East Olympia, Olympia, Thurston County",330151,East Olympia,2017-12-09 17:37:13.271891
2010-06-03,20:15,54.4,,52.6,93.5,0.93,E@0.9,2.1,58.7,0.0,2,"East Olympia, Olympia, Thurston County",330151,East Olympia,2017-12-09 17:37:13.271891
2010-06-03,20:30,53.9,,52.2,93.9,0.93,SE@1.4,2.4,58.7,0.0,1,"East Olympia, Olympia, Thurston County",330151,East Olympia,2017-12-09 17:37:13.271891
2010-06-03,20:45,53.6,,52.0,94.2,0.92,E@0.5,1.7,58.7,0.0,1,"East Olympia, Olympia, Thurston County",330151,East Olympia,2017-12-09 17:37:13.271891
2010-06-03,21:00,53.6,,52.2,95.0,0.92,E@1.0,2.1,58.7,0.0,1,"East Olympia, Olympia, Thurston County",330151,East Olympia,2017-12-09 17:37:13.271891
2010-06-03,21:15,53.4,,52.1,95.4,0.91,E@0.9,2.1,58.7,0.01,1,"East Olympia, Olympia, Thurston County",330151,East Olympia,2017-12-09 17:37:13.271891
2010-06-03,21:30,53.2,,52.1,95.7,0.91,E@0.7,2.1,58.6,0.0,1,"East Olympia, Olympia, Thurston County",330151,East Olympia,2017-12-09 17:37:13.271891
2010-06-03,21:45,53.3,,52.3,96.0,0.91,E@0.5,2.1,58.6,0.0,1,"East Olympia, Olympia, Thurston County",330151,East Olympia,2017-12-09 17:37:13.271891
2010-06-03,22:00,53.3,,52.4,96.4,0.91,E@0.8,2.1,58.6,0.0,1,"East Olympia, Olympia, Thurston County",330151,East Olympia,2017-12-09 17:37:13.271891
2010-06-03,22:15,53.6,,52.7,96.6,0.91,NE@0.7,1.7,58.5,0.0,1,"East Olympia, Olympia, Thurston County",330151,East Olympia,2017-12-09 17:37:13.271891
2010-06-03,22:30,53.6,,52.7,96.6,0.92,NE@0.7,2.1,58.5,0.0,1,"East Olympia, Olympia, Thurston County",330151,East Olympia,2017-12-09 17:37:13.271891
2010-06-03,22:45,53.6,,52.7,96.7,0.92,N@0.0,0.0,58.5,0.0,1,"East Olympia, Olympia, Thurston County",330151,East Olympia,2017-12-09 17:37:13.271891
2010-06-03,23:00,53.6,,52.7,96.8,0.92,E@0.3,1.7,58.4,0.0,1,"East Olympia, Olympia, Thurston County",330151,East Olympia,2017-12-09 17:37:13.271891
2010-06-04,23:15,53.5,,52.7,96.9,0.92,NE@0.6,2.1,58.4,0.0,1,"East Olympia, Olympia, Thurston County",330151,East Olympia,2017-12-09 17:37:13.271891
2010-06-04,23:30,53.4,,52.6,97.1,0.91,NE@0.1,1.4,58.3,0.0,1,"East Olympia, Olympia, Thurston County",330151,East Olympia,2017-12-09 17:37:13.271891
2010-06-04,23:45,53.1,,52.3,97.2,0.9,E@0.1,1.7,58.3,0.01,1,"East Olympia, Olympia, Thurston County",330151,East Olympia,2017-12-09 17:37:13.271891
2010-06-04,24:00,53.1,,52.4,97.4,0.9,NE@0.2,1.7,58.3,0.0,1,"East Olympia, Olympia, Thurston County",330151,East Olympia,2017-12-09 17:37:13.271891
2010-06-04,00:15,53.1,,52.4,97.2,0.89,NE@0.4,1.7,58.2,0.02,1,"East Olympia, Olympia, Thurston County",330151,East Olympia,2017-12-09 17:37:13.271891
2010-06-04,00:30,53.1,,52.4,97.5,0.89,E@0.1,1.4,58.2,0.01,1,"East Olympia, Olympia, Thurston County",330151,East Olympia,2017-12-09 17:37:13.271891
2010-06-04,00:45,53.1,,52.5,97.6,0.88,NE@0.1,1.7,58.1,0.03,1,"East Olympia, Olympia, Thurston County",330151,East Olympia,2017-12-09 17:37:13.271891
2010-06-04,01:00,52.8,,52.2,97.8,0.88,NE@0.4,1.7,58.1,0.01,1,"East Olympia, Olympia, Thurston County",330151,East Olympia,2017-12-09 17:37:13.271891
2010-06-04,01:15,53.0,,52.3,97.7,0.88,N@0.0,0.0,58.0,0.01,1,"East Olympia, Olympia, Thurston County",330151,East Olympia,2017-12-09 17:37:13.271891
2010-06-04,01:30,53.0,,52.5,97.9,0.88,SW@0.2,1.7,58.0,0.03,1,"East Olympia, Olympia, Thurston County",330151,East Olympia,2017-12-09 17:37:13.271891
2010-06-04,01:45,52.7,,52.3,98.2,0.87,NE@1.0,2.4,57.9,0.02,1,"East Olympia, Olympia, Thurston County",330151,East Olympia,2017-12-09 17:37:13.271891
2010-06-04,02:00,52.7,,52.2,98.2,0.87,NE@1.5,3.9,57.9,0.01,1,"East Olympia, Olympia, Thurston County",330151,East Olympia,2017-12-09 17:37:13.271891
2010-06-04,02:15,52.8,,52.2,98.1,0.87,NE@0.7,1.7,57.9,0.01,1,"East Olympia, Olympia, Thurston County",330151,East Olympia,2017-12-09 17:37:13.271891
2010-06-04,02:30,52.9,,52.3,97.8,0.87,N@0.8,2.8,57.8,0.01,1,"East Olympia, Olympia, Thurston County",330151,East Olympia,2017-12-09 17:37:13.271891
2010-06-04,02:45,52.7,,52.1,97.7,0.87,N@0.4,3.5,57.8,0.0,1,"East Olympia, Olympia, Thurston County",330151,East Olympia,2017-12-09 17:37:13.271891
2010-06-04,03:00,52.7,,52.1,97.7,0.88,N@0.9,2.1,57.7,0.01,1,"East Olympia, Olympia, Thurston County",330151,East Olympia,2017-12-09 17:37:13.271891
2010-06-04,03:15,52.7,,52.1,97.8,0.88,NE@0.9,3.1,57.7,0.0,1,"East Olympia, Olympia, Thurston County",330151,East Olympia,2017-12-09 17:37:13.271891
2010-06-04,03:30,53.0,,52.4,97.7,0.89,NE@0.5,2.1,57.6,0.0,1,"East Olympia, Olympia, Thurston County",330151,East Olympia,2017-12-09 17:37:13.271891
2010-06-04,03:45,52.8,,52.1,97.6,0.89,N@1.3,3.9,57.6,0.01,1,"East Olympia, Olympia, Thurston County",330151,East Olympia,2017-12-09 17:37:13.271891
2010-06-04,04:00,52.7,,52.0,97.4,0.9,N@0.5,2.8,57.5,0.01,1,"East Olympia, Olympia, Thurston County",330151,East Olympia,2017-12-09 17:37:13.271891
2010-06-04,04:15,52.7,,52.1,97.6,0.9,NW@0.9,2.4,57.5,0.0,2,"East Olympia, Olympia, Thurston County",330151,East Olympia,2017-12-09 17:37:13.271891
2010-06-04,04:30,52.7,,52.1,97.6,0.89,NW@1.0,2.1,57.4,0.01,2,"East Olympia, Olympia, Thurston County",330151,East Olympia,2017-12-09 17:37:13.271891
2010-06-04,04:45,52.5,,51.9,97.7,0.89,N@1.0,2.8,57.4,0.0,3,"East Olympia, Olympia, Thurston County",330151,East Olympia,2017-12-09 17:37:13.271891
2010-06-04,05:00,52.2,,51.7,97.8,0.89,NW@1.5,2.8,57.3,0.02,6,"East Olympia, Olympia, Thurston County",330151,East Olympia,2017-12-09 17:37:13.271891
2010-06-04,05:15,52.4,,51.8,97.8,0.88,NW@0.3,2.1,57.3,0.0,8,"East Olympia, Olympia, Thurston County",330151,East Olympia,2017-12-09 17:37:13.271891
2010-06-04,05:30,52.2,,51.6,97.7,0.88,NW@1.4,2.8,57.2,0.01,11,"East Olympia, Olympia, Thurston County",330151,East Olympia,2017-12-09 17:37:13.271891
2010-06-04,05:45,52.5,,52.0,97.9,0.88,NW@0.8,2.4,57.2,0.0,26,"East Olympia, Olympia, Thurston County",330151,East Olympia,2017-12-09 17:37:13.271891
2010-06-04,06:00,52.7,,52.1,97.8,0.88,NW@1.5,3.5,57.2,0.01,29,"East Olympia, Olympia, Thurston County",330151,East Olympia,2017-12-09 17:37:13.271891
2010-06-04,06:15,52.7,,52.1,97.6,0.88,NW@0.5,2.1,57.1,0.0,28,"East Olympia, Olympia, Thurston County",330151,East Olympia,2017-12-09 17:37:13.271891
2010-06-04,06:30,52.7,,52.0,97.5,0.88,NW@1.2,3.1,57.1,0.0,33,"East Olympia, Olympia, Thurston County",330151,East Olympia,2017-12-09 17:37:13.271891
2010-06-04,06:45,52.9,,52.2,97.4,0.88,NW@0.9,2.8,57.0,0.0,41,"East Olympia, Olympia, Thurston County",330151,East Olympia,2017-12-09 17:37:13.271891
2010-06-04,07:00,53.1,,52.3,97.1,0.89,NW@0.5,3.1,57.0,0.0,53,"East Olympia, Olympia, Thurston County",330151,East Olympia,2017-12-09 17:37:13.271891
2010-06-04,07:15,53.6,,52.7,96.6,0.89,N@0.3,1.7,57.0,0.0,54,"East Olympia, Olympia, Thurston County",330151,East Olympia,2017-12-09 17:37:13.271891
2010-06-04,07:30,53.6,,52.6,96.3,0.88,NW@0.9,2.4,56.9,0.0,96,"East Olympia, Olympia, Thurston County",330151,East Olympia,2017-12-09 17:37:13.271891
2010-06-04,07:45,54.6,,53.2,94.8,0.86,NE@2.0,4.6,56.9,0.0,222,"East Olympia, Olympia, Thurston County",330151,East Olympia,2017-12-09 17:37:13.271891
2010-06-04,08:00,54.9,,52.5,91.4,0.81,NE@2.5,4.9,56.9,0.0,212,"East Olympia, Olympia, Thurston County",330151,East Olympia,2017-12-09 17:37:13.271891
2010-06-04,08:15,55.2,,52.6,90.9,0.73,NE@2.2,3.5,56.8,0.0,197,"East Olympia, Olympia, Thurston County",330151,East Olympia,2017-12-09 17:37:13.271891
2010-06-04,08:30,55.3,,52.3,89.4,0.5,N@1.8,3.5,56.8,0.0,149,"East Olympia, Olympia, Thurston County",330151,East Olympia,2017-12-09 17:37:13.271891
2010-06-04,08:45,55.8,,51.9,86.7,0.22,NE@0.9,2.8,56.8,0.0,163,"East Olympia, Olympia, Thurston County",330151,East Olympia,2017-12-09 17:37:13.271891
2010-06-04,09:00,56.4,,52.7,87.2,0.05,SE@2.0,3.5,56.8,0.0,270,"East Olympia, Olympia, Thurston County",330151,East Olympia,2017-12-09 17:37:13.271891
2010-06-04,09:15,57.0,,52.3,84.3,0.0,SE@1.8,4.6,56.7,0.0,263,"East Olympia, Olympia, Thurston County",330151,East Olympia,2017-12-09 17:37:13.271891
2010-06-04,09:30,57.7,,52.7,83.4,0.0,S@2.2,3.9,56.7,0.0,385,"East Olympia, Olympia, Thurston County",330151,East Olympia,2017-12-09 17:37:13.271891
2010-06-04,09:45,58.2,,52.5,81.3,0.0,E@2.4,4.6,56.7,0.0,355,"East Olympia, Olympia, Thurston County",330151,East Olympia,2017-12-09 17:37:13.271891
2010-06-04,10:00,57.7,,52.3,82.1,0.0,SW@2.6,4.6,56.7,0.0,350,"East Olympia, Olympia, Thurston County",330151,East Olympia,2017-12-09 17:37:13.271891
2010-06-04,10:15,59.4,,52.4,77.6,0.0,S@3.0,6.0,56.7,0.0,471,"East Olympia, Olympia, Thurston County",330151,East Olympia,2017-12-09 17:37:13.271891
2010-06-04,10:30,57.4,,52.6,83.7,0.0,S@2.0,4.6,56.7,0.0,146,"East Olympia, Olympia, Thurston County",330151,East Olympia,2017-12-09 17:37:13.271891
2010-06-04,10:45,59.1,,53.2,80.7,0.0,S@2.6,6.4,56.8,0.0,403,"East Olympia, Olympia, Thurston County",330151,East Olympia,2017-12-09 17:37:13.271891
2010-06-04,11:00,59.3,,52.9,79.3,0.0,SW@3.5,6.7,56.8,0.0,260,"East Olympia, Olympia, Thurston County",330151,East Olympia,2017-12-09 17:37:13.271891
2010-06-04,11:15,58.2,,52.6,81.5,0.09,SW@3.0,6.4,56.8,0.0,153,"East Olympia, Olympia, Thurston County",330151,East Olympia,2017-12-09 17:37:13.271891
2010-06-04,11:30,59.0,,53.5,81.7,0.04,S@2.9,6.0,56.9,0.0,280,"East Olympia, Olympia, Thurston County",330151,East Olympia,2017-12-09 17:37:13.271891
2010-06-04,11:45,59.8,,52.9,77.9,0.0,S@3.8,7.1,56.9,0.0,349,"East Olympia, Olympia, Thurston County",330151,East Olympia,2017-12-09 17:37:13.271891
2010-06-04,12:00,60.1,,52.7,76.4,0.0,SE@3.4,6.7,56.9,0.0,314,"East Olympia, Olympia, Thurston County",330151,East Olympia,2017-12-09 17:37:13.271891
2010-06-04,12:15,61.9,,52.7,71.7,0.0,SW@3.1,7.4,57.0,0.0,366,"East Olympia, Olympia, Thurston County",330151,East Olympia,2017-12-09 17:37:13.271891
2010-06-04,12:30,59.6,,51.5,74.5,0.0,SW@4.8,10.3,57.0,0.0,111,"East Olympia, Olympia, Thurston County",330151,East Olympia,2017-12-09 17:37:13.271891
2010-06-04,12:45,58.1,,51.4,78.3,0.01,SW@4.3,10.7,57.1,0.0,113,"East Olympia, Olympia, Thurston County",330151,East Olympia,2017-12-09 17:37:13.271891
2010-06-04,13:00,58.4,,51.9,79.1,0.0,SW@3.9,8.9,57.1,0.0,223,"East Olympia, Olympia, Thurston County",330151,East Olympia,2017-12-09 17:37:13.271891
2010-06-04,13:15,62.0,,53.0,72.1,0.0,SW@3.7,9.9,57.2,0.0,681,"East Olympia, Olympia, Thurston County",330151,East Olympia,2017-12-09 17:37:13.271891
2010-06-04,13:30,63.0,,50.7,64.1,0.0,SW@5.6,13.2,57.2,0.0,673,"East Olympia, Olympia, Thurston County",330151,East Olympia,2017-12-09 17:37:13.271891
2010-06-04,13:45,63.2,,50.3,62.8,0.0,SW@4.6,9.9,57.3,0.0,428,"East Olympia, Olympia, Thurston County",330151,East Olympia,2017-12-09 17:37:13.271891
2010-06-04,14:00,62.9,,49.6,61.7,0.0,SW@4.7,11.4,57.3,0.0,333,"East Olympia, Olympia, Thurston County",330151,East Olympia,2017-12-09 17:37:13.271891
2010-06-04,14:15,63.0,,48.8,59.6,0.0,W@3.1,8.2,57.4,0.0,228,"East Olympia, Olympia, Thurston County",330151,East Olympia,2017-12-09 17:37:13.271891
2010-06-04,14:30,64.0,,48.0,56.1,0.0,SW@3.9,8.5,57.4,0.0,444,"East Olympia, Olympia, Thurston County",330151,East Olympia,2017-12-09 17:37:13.271891
2010-06-04,14:45,64.4,,47.2,53.4,0.0,SW@5.9,14.2,57.5,0.0,588,"East Olympia, Olympia, Thurston County",330151,East Olympia,2017-12-09 17:37:13.271891
2010-06-04,15:00,65.3,,46.9,51.3,0.0,SW@5.2,11.0,57.6,0.0,654,"East Olympia, Olympia, Thurston County",330151,East Olympia,2017-12-09 17:37:13.271891
2010-06-04,15:15,65.4,,46.7,50.8,0.0,SW@4.2,9.2,57.6,0.0,468,"East Olympia, Olympia, Thurston County",330151,East Olympia,2017-12-09 17:37:13.271891
2010-06-04,15:30,64.1,,44.9,49.5,0.0,SW@5.4,10.3,57.7,0.0,368,"East Olympia, Olympia, Thurston County",330151,East Olympia,2017-12-09 17:37:13.271891
2010-06-04,15:45,64.7,,45.7,50.0,0.0,SW@4.9,13.5,57.8,0.0,490,"East Olympia, Olympia, Thurston County",330151,East Olympia,2017-12-09 17:37:13.271891
2010-06-04,16:00,65.3,,44.9,47.6,0.0,SW@6.6,12.8,57.8,0.0,520,"East Olympia, Olympia, Thurston County",330151,East Olympia,2017-12-09 17:37:13.271891
2010-06-04,16:15,63.3,,46.1,53.5,0.0,SW@4.3,8.9,57.9,0.0,219,"East Olympia, Olympia, Thurston County",330151,East Olympia,2017-12-09 17:37:13.271891
2010-06-04,16:30,63.1,,46.4,54.4,0.0,W@4.1,9.2,58.0,0.0,198,"East Olympia, Olympia, Thurston County",330151,East Olympia,2017-12-09 17:37:13.271891
2010-06-04,16:45,64.4,,45.7,50.5,0.0,SW@5.5,11.7,58.1,0.0,465,"East Olympia, Olympia, Thurston County",330151,East Olympia,2017-12-09 17:37:13.271891
2010-06-04,17:00,63.6,,45.1,50.9,0.0,SW@5.6,10.7,58.2,0.0,296,"East Olympia, Olympia, Thurston County",330151,East Olympia,2017-12-09 17:37:13.271891
2010-06-04,17:15,62.5,,44.7,52.1,0.0,SW@5.6,12.4,58.2,0.0,134,"East Olympia, Olympia, Thurston County",330151,East Olympia,2017-12-09 17:37:13.271891
2010-06-04,17:30,62.2,,44.7,52.6,0.0,SW@4.7,11.7,58.3,0.0,229,"East Olympia, Olympia, Thurston County",330151,East Olympia,2017-12-09 17:37:13.271891
2010-06-04,17:45,63.4,,45.3,51.7,0.0,SW@5.3,11.7,58.4,0.0,290,"East Olympia, Olympia, Thurston County",330151,East Olympia,2017-12-09 17:37:13.271891
2010-06-04,18:00,62.2,,43.7,50.7,0.0,SW@6.1,12.8,58.4,0.0,195,"East Olympia, Olympia, Thurston County",330151,East Olympia,2017-12-09 17:37:13.271891
2010-06-04,18:15,61.1,,43.0,51.4,0.0,SW@5.3,14.2,58.5,0.0,47,"East Olympia, Olympia, Thurston County",330151,East Olympia,2017-12-09 17:37:13.271891
2010-06-04,18:30,60.5,,43.7,53.7,0.0,SW@5.0,10.7,58.5,0.0,40,"East Olympia, Olympia, Thurston County",330151,East Olympia,2017-12-09 17:37:13.271891
2010-06-04,18:45,59.6,,44.1,56.3,0.0,SW@4.8,9.2,58.6,0.0,30,"East Olympia, Olympia, Thurston County",330151,East Olympia,2017-12-09 17:37:13.271891
2010-06-04,19:00,59.0,,44.6,58.8,0.0,SW@4.5,8.9,58.6,0.0,25,"East Olympia, Olympia, Thurston County",330151,East Olympia,2017-12-09 17:37:13.271891
2010-06-04,19:15,58.4,,45.2,61.5,0.0,W@3.9,11.0,58.7,0.0,21,"East Olympia, Olympia, Thurston County",330151,East Olympia,2017-12-09 17:37:13.271891
2010-06-04,19:30,57.7,,45.8,64.6,0.0,SW@3.5,7.1,58.7,0.0,18,"East Olympia, Olympia, Thurston County",330151,East Olympia,2017-12-09 17:37:13.271891
2010-06-04,19:45,56.8,,46.2,67.6,0.0,SW@3.0,8.5,58.7,0.0,13,"East Olympia, Olympia, Thurston County",330151,East Olympia,2017-12-09 17:37:13.271891
2010-06-04,20:00,55.9,,46.3,70.0,0.0,S@3.2,8.2,58.7,0.0,7,"East Olympia, Olympia, Thurston County",330151,East Olympia,2017-12-09 17:37:13.271891
2010-06-04,20:15,55.1,,46.6,73.0,0.0,S@2.3,6.0,58.7,0.0,2,"East Olympia, Olympia, Thurston County",330151,East Olympia,2017-12-09 17:37:13.271891
2010-06-04,20:30,54.0,,46.7,76.1,0.0,SW@2.6,4.9,58.7,0.0,2,"East Olympia, Olympia, Thurston County",330151,East Olympia,2017-12-09 17:37:13.271891
2010-06-04,20:45,53.9,,46.9,77.0,0.0,S@2.7,5.3,58.7,0.0,1,"East Olympia, Olympia, Thurston County",330151,East Olympia,2017-12-09 17:37:13.271891
2010-06-04,21:00,53.4,,47.6,80.6,0.0,S@2.9,6.4,58.6,0.0,0,"East Olympia, Olympia, Thurston County",330151,East Olympia,2017-12-09 17:37:13.271891
2010-06-04,21:15,52.7,,47.8,83.4,0.01,SE@2.3,3.9,58.6,0.0,0,"East Olympia, Olympia, Thurston County",330151,East Olympia,2017-12-09 17:37:13.271891
2010-06-04,21:30,52.4,,48.0,84.9,0.01,S@2.2,4.2,58.6,0.0,0,"East Olympia, Olympia, Thurston County",330151,East Olympia,2017-12-09 17:37:13.271891
2010-06-04,21:45,51.7,,47.4,85.3,0.03,S@2.3,5.3,58.6,0.0,0,"East Olympia, Olympia, Thurston County",330151,East Olympia,2017-12-09 17:37:13.271891
2010-06-04,22:00,51.6,,47.2,84.8,0.03,SW@2.2,4.2,58.5,0.0,0,"East Olympia, Olympia, Thurston County",330151,East Olympia,2017-12-09 17:37:13.271891
2010-06-04,22:15,51.3,,47.5,86.7,0.04,S@2.1,3.1,58.5,0.0,0,"East Olympia, Olympia, Thurston County",330151,East Olympia,2017-12-09 17:37:13.271891
2010-06-04,22:30,51.2,,47.7,87.6,0.08,S@2.3,4.2,58.4,0.0,0,"East Olympia, Olympia, Thurston County",330151,East Olympia,2017-12-09 17:37:13.271891
2010-06-04,22:45,50.4,,47.5,89.8,0.14,SW@2.1,3.1,58.3,0.0,0,"East Olympia, Olympia, Thurston County",330151,East Olympia,2017-12-09 17:37:13.271891
2010-06-04,23:00,49.9,,47.8,92.2,0.24,S@1.7,3.5,58.3,0.0,0,"East Olympia, Olympia, Thurston County",330151,East Olympia,2017-12-09 17:37:13.271891
2010-06-05,23:15,50.2,,47.9,91.7,0.35,S@1.6,3.5,58.2,0.0,0,"East Olympia, Olympia, Thurston County",330151,East Olympia,2017-12-09 17:37:13.271891
2010-06-05,23:30,49.9,,47.8,92.2,0.45,SE@1.7,5.3,58.1,0.0,1,"East Olympia, Olympia, Thurston County",330151,East Olympia,2017-12-09 17:37:13.271891
2010-06-05,23:45,49.8,,47.7,92.3,0.54,SE@1.8,3.1,58.1,0.0,0,"East Olympia, Olympia, Thurston County",330151,East Olympia,2017-12-09 17:37:13.271891
2010-06-05,24:00,49.4,,47.4,92.8,0.61,SE@0.7,3.1,58.0,0.0,1,"East Olympia, Olympia, Thurston County",330151,East Olympia,2017-12-09 17:37:13.271891
2010-06-05,00:15,48.6,,47.1,94.4,0.69,S@1.1,2.4,57.9,0.0,1,"East Olympia, Olympia, Thurston County",330151,East Olympia,2017-12-09 17:37:13.271891
2010-06-05,00:30,48.5,,47.5,96.1,0.75,SW@1.4,2.4,57.8,0.0,1,"East Olympia, Olympia, Thurston County",330151,East Olympia,2017-12-09 17:37:13.271891
2010-06-05,00:45,48.2,,47.4,96.9,0.79,SW@1.3,2.8,57.8,0.0,1,"East Olympia, Olympia, Thurston County",330151,East Olympia,2017-12-09 17:37:13.271891
2010-06-05,01:00,48.0,,47.1,96.8,0.82,SW@0.9,2.8,57.7,0.0,1,"East Olympia, Olympia, Thurston County",330151,East Olympia,2017-12-09 17:37:13.271891
2010-06-05,01:15,47.9,,47.2,97.5,0.84,SW@1.7,3.1,57.6,0.0,1,"East Olympia, Olympia, Thurston County",330151,East Olympia,2017-12-09 17:37:13.271891
2010-06-05,01:30,47.7,,47.1,97.6,0.85,S@1.8,3.5,57.5,0.0,1,"East Olympia, Olympia, Thurston County",330151,East Olympia,2017-12-09 17:37:13.271891
2010-06-05,01:45,47.6,,47.0,97.4,0.86,E@0.1,1.7,57.4,0.0,1,"East Olympia, Olympia, Thurston County",330151,East Olympia,2017-12-09 17:37:13.271891
2010-06-05,02:00,47.2,,46.4,97.2,0.86,SW@0.0,1.4,57.3,0.0,1,"East Olympia, Olympia, Thurston County",330151,East Olympia,2017-12-09 17:37:13.271891
2010-06-05,02:15,46.7,,46.0,97.3,0.87,SW@0.4,2.1,57.2,0.0,1,"East Olympia, Olympia, Thurston County",330151,East Olympia,2017-12-09 17:37:13.271891
2010-06-05,02:30,46.3,,45.7,97.4,0.87,NW@0.1,2.1,57.1,0.0,1,"East Olympia, Olympia, Thurston County",330151,East Olympia,2017-12-09 17:37:13.271891
2010-06-05,02:45,45.3,,44.5,97.2,0.87,NW@0.5,2.1,57.0,0.0,1,"East Olympia, Olympia, Thurston County",330151,East Olympia,2017-12-09 17:37:13.271891
2010-06-05,03:00,44.9,,44.3,97.7,0.87,S@0.0,1.7,56.9,0.0,1,"East Olympia, Olympia, Thurston County",330151,East Olympia,2017-12-09 17:37:13.271891
2010-06-05,03:15,44.8,,44.1,97.3,0.88,S@0.2,2.1,56.8,0.0,1,"East Olympia, Olympia, Thurston County",330151,East Olympia,2017-12-09 17:37:13.271891
2010-06-05,03:30,44.2,,43.6,97.4,0.88,N@0.0,0.0,56.8,0.0,1,"East Olympia, Olympia, Thurston County",330151,East Olympia,2017-12-09 17:37:13.271891
2010-06-05,03:45,44.1,,43.4,97.5,0.88,W@1.0,2.1,56.6,0.0,1,"East Olympia, Olympia, Thurston County",330151,East Olympia,2017-12-09 17:37:13.271891
2010-06-05,04:00,43.9,,43.3,97.7,0.89,NW@0.2,1.4,56.5,0.0,2,"East Olympia, Olympia, Thurston County",330151,East Olympia,2017-12-09 17:37:13.271891
2010-06-05,04:15,44.0,,43.4,97.6,0.89,N@0.0,0.0,56.4,0.0,2,"East Olympia, Olympia, Thurston County",330151,East Olympia,2017-12-09 17:37:13.271891
2010-06-05,04:30,43.6,,43.0,97.6,0.89,N@0.3,2.1,56.3,0.0,5,"East Olympia, Olympia, Thurston County",330151,East Olympia,2017-12-09 17:37:13.271891
2010-06-05,04:45,43.6,,43.0,97.9,0.89,W@0.2,1.7,56.2,0.0,11,"East Olympia, Olympia, Thurston County",330151,East Olympia,2017-12-09 17:37:13.271891
2010-06-05,05:00,44.0,,43.5,98.0,0.9,S@0.6,1.7,56.1,0.0,17,"East Olympia, Olympia, Thurston County",330151,East Olympia,2017-12-09 17:37:13.271891
2010-06-05,05:15,44.7,,44.2,98.0,0.9,SW@0.1,1.7,56.0,0.0,24,"East Olympia, Olympia, Thurston County",330151,East Olympia,2017-12-09 17:37:13.271891
2010-06-05,05:30,45.4,,44.9,98.3,0.9,N@0.0,0.0,55.9,0.0,45,"East Olympia, Olympia, Thurston County",330151,East Olympia,2017-12-09 17:37:13.271891
2010-06-05,05:45,47.5,,47.2,99.0,0.91,N@0.0,0.0,55.8,0.0,134,"East Olympia, Olympia, Thurston County",330151,East Olympia,2017-12-09 17:37:13.271891
2010-06-05,06:00,49.1,,48.7,98.6,0.91,SE@1.0,2.4,55.7,0.0,190,"East Olympia, Olympia, Thurston County",330151,East Olympia,2017-12-09 17:37:13.271891
2010-06-05,06:15,50.2,,49.2,96.2,0.91,E@1.6,2.4,55.6,0.0,213,"East Olympia, Olympia, Thurston County",330151,East Olympia,2017-12-09 17:37:13.271891
2010-06-05,06:30,51.4,,49.2,92.0,0.92,E@1.7,2.4,55.5,0.0,248,"East Olympia, Olympia, Thurston County",330151,East Olympia,2017-12-09 17:37:13.271891
2010-06-05,06:45,53.9,,49.4,84.9,0.92,N@1.2,2.8,55.4,0.0,284,"East Olympia, Olympia, Thurston County",330151,East Olympia,2017-12-09 17:37:13.271891
2010-06-05,07:00,55.0,,49.8,82.8,0.91,N@1.8,3.1,55.3,0.0,320,"East Olympia, Olympia, Thurston County",330151,East Olympia,2017-12-09 17:37:13.271891
2010-06-05,07:15,56.4,,49.7,78.2,0.85,NE@1.5,3.1,55.2,0.0,359,"East Olympia, Olympia, Thurston County",330151,East Olympia,2017-12-09 17:37:13.271891
2010-06-05,07:30,57.0,,49.9,76.9,0.61,E@2.2,3.9,55.1,0.0,402,"East Olympia, Olympia, Thurston County",330151,East Olympia,2017-12-09 17:37:13.271891
2010-06-05,07:45,57.8,,50.4,76.1,0.16,NW@2.2,3.9,55.1,0.0,447,"East Olympia, Olympia, Thurston County",330151,East Olympia,2017-12-09 17:37:13.271891
2010-06-05,08:00,58.2,,50.4,75.1,0.0,NW@2.3,3.9,55.0,0.0,503,"East Olympia, Olympia, Thurston County",330151,East Olympia,2017-12-09 17:37:13.271891
2010-06-05,08:15,58.4,,50.1,73.8,0.0,N@2.7,6.0,55.0,0.0,471,"East Olympia, Olympia, Thurston County",330151,East Olympia,2017-12-09 17:37:13.271891
2010-06-05,08:30,59.3,,49.5,70.1,0.0,E@3.2,5.7,54.9,0.0,597,"East Olympia, Olympia, Thurston County",330151,East Olympia,2017-12-09 17:37:13.271891
2010-06-05,08:45,60.5,,50.3,69.0,0.0,N@2.3,6.7,54.9,0.0,470,"East Olympia, Olympia, Thurston County",330151,East Olympia,2017-12-09 17:37:13.271891
2010-06-05,09:00,60.3,,49.6,67.6,0.0,N@3.2,8.9,54.9,0.0,608,"East Olympia, Olympia, Thurston County",330151,East Olympia,2017-12-09 17:37:13.271891
2010-06-05,09:15,61.4,,50.5,67.2,0.0,N@2.9,6.0,54.8,0.0,664,"East Olympia, Olympia, Thurston County",330151,East Olympia,2017-12-09 17:37:13.271891
2010-06-05,09:30,61.5,,49.8,65.3,0.0,N@3.3,7.8,54.8,0.0,645,"East Olympia, Olympia, Thurston County",330151,East Olympia,2017-12-09 17:37:13.271891
2010-06-05,09:45,62.3,,49.0,61.5,0.0,NE@3.2,6.4,54.9,0.0,805,"East Olympia, Olympia, Thurston County",330151,East Olympia,2017-12-09 17:37:13.271891
2010-06-05,10:00,63.5,,51.3,64.5,0.0,NW@3.4,6.7,54.9,0.0,826,"East Olympia, Olympia, Thurston County",330151,East Olympia,2017-12-09 17:37:13.271891
2010-06-05,10:15,63.6,,51.3,64.0,0.0,N@3.3,6.7,54.9,0.0,853,"East Olympia, Olympia, Thurston County",330151,East Olympia,2017-12-09 17:37:13.271891
2010-06-05,10:30,64.0,,51.0,62.4,0.0,N@2.6,6.0,55.0,0.0,661,"East Olympia, Olympia, Thurston County",330151,East Olympia,2017-12-09 17:37:13.271891
2010-06-05,10:45,63.3,,50.4,62.6,0.0,NW@3.2,7.4,55.1,0.0,669,"East Olympia, Olympia, Thurston County",330151,East Olympia,2017-12-09 17:37:13.271891
2010-06-05,11:00,64.2,,49.4,58.6,0.0,N@3.1,7.4,55.2,0.0,756,"East Olympia, Olympia, Thurston County",330151,East Olympia,2017-12-09 17:37:13.271891
2010-06-05,11:15,64.6,,49.4,57.8,0.0,N@3.2,6.0,55.3,0.0,835,"East Olympia, Olympia, Thurston County",330151,East Olympia,2017-12-09 17:37:13.271891
2010-06-05,11:30,65.5,,50.0,57.2,0.0,N@3.4,8.2,55.4,0.0,845,"East Olympia, Olympia, Thurston County",330151,East Olympia,2017-12-09 17:37:13.271891
2010-06-05,11:45,66.4,,49.5,54.5,0.0,N@3.4,8.9,55.6,0.0,845,"East Olympia, Olympia, Thurston County",330151,East Olympia,2017-12-09 17:37:13.271891
2010-06-05,12:00,66.0,,49.9,56.1,0.0,N@4.0,7.4,55.7,0.0,842,"East Olympia, Olympia, Thurston County",330151,East Olympia,2017-12-09 17:37:13.271891
2010-06-05,12:15,66.5,,49.9,55.1,0.0,N@3.3,7.1,55.9,0.0,842,"East Olympia, Olympia, Thurston County",330151,East Olympia,2017-12-09 17:37:13.271891
2010-06-05,12:30,67.3,,49.7,53.1,0.0,NE@3.6,8.2,56.1,0.0,843,"East Olympia, Olympia, Thurston County",330151,East Olympia,2017-12-09 17:37:13.271891
2010-06-05,12:45,67.3,,50.4,54.5,0.0,N@3.7,8.5,56.3,0.0,835,"East Olympia, Olympia, Thurston County",330151,East Olympia,2017-12-09 17:37:13.271891
2010-06-05,13:00,67.5,,49.4,52.2,0.0,N@3.2,7.4,56.4,0.0,807,"East Olympia, Olympia, Thurston County",330151,East Olympia,2017-12-09 17:37:13.271891
2010-06-05,13:15,67.6,,50.0,53.2,0.0,NE@3.8,8.2,56.6,0.0,663,"East Olympia, Olympia, Thurston County",330151,East Olympia,2017-12-09 17:37:13.271891
2010-06-05,13:30,67.8,,50.0,52.7,0.0,N@3.8,8.9,56.9,0.0,725,"East Olympia, Olympia, Thurston County",330151,East Olympia,2017-12-09 17:37:13.271891
2010-06-05,13:45,67.5,,48.8,51.1,0.0,N@3.6,8.5,57.1,0.0,635,"East Olympia, Olympia, Thurston County",330151,East Olympia,2017-12-09 17:37:13.271891
2010-06-05,14:00,68.4,,48.3,48.6,0.0,NE@4.2,7.8,57.3,0.0,767,"East Olympia, Olympia, Thurston County",330151,East Olympia,2017-12-09 17:37:13.271891
2010-06-05,14:15,68.0,,47.9,48.5,0.0,NE@4.1,8.5,57.5,0.0,665,"East Olympia, Olympia, Thurston County",330151,East Olympia,2017-12-09 17:37:13.271891
2010-06-05,14:30,69.2,,49.0,48.5,0.0,N@3.9,9.9,57.7,0.0,722,"East Olympia, Olympia, Thurston County",330151,East Olympia,2017-12-09 17:37:13.271891
2010-06-05,14:45,69.4,,48.7,47.7,0.0,NE@3.7,7.1,57.9,0.0,680,"East Olympia, Olympia, Thurston County",330151,East Olympia,2017-12-09 17:37:13.271891
2010-06-05,15:00,69.6,,49.3,48.3,0.0,N@3.6,6.7,58.1,0.0,663,"East Olympia, Olympia, Thurston County",330151,East Olympia,2017-12-09 17:37:13.271891
2010-06-05,15:15,69.1,,47.3,45.8,0.0,NE@3.8,8.2,58.3,0.0,630,"East Olympia, Olympia, Thurston County",330151,East Olympia,2017-12-09 17:37:13.271891
2010-06-05,15:30,70.1,,48.5,46.1,0.0,N@3.0,8.2,58.5,0.0,522,"East Olympia, Olympia, Thurston County",330151,East Olympia,2017-12-09 17:37:13.271891
2010-06-05,15:45,68.9,,47.7,46.8,0.0,N@2.7,5.7,58.7,0.0,367,"East Olympia, Olympia, Thurston County",330151,East Olympia,2017-12-09 17:37:13.271891
2010-06-05,16:00,68.9,,48.1,47.4,0.0,N@2.1,4.2,58.9,0.0,349,"East Olympia, Olympia, Thurston County",330151,East Olympia,2017-12-09 17:37:13.271891
2010-06-05,16:15,69.5,,50.2,50.3,0.0,NW@2.4,4.6,59.1,0.0,392,"East Olympia, Olympia, Thurston County",330151,East Olympia,2017-12-09 17:37:13.271891
2010-06-05,16:30,69.3,,48.6,47.6,0.0,N@3.1,7.1,59.3,0.0,413,"East Olympia, Olympia, Thurston County",330151,East Olympia,2017-12-09 17:37:13.271891
2010-06-05,16:45,70.2,,48.7,46.4,0.0,N@2.7,4.9,59.4,0.0,434,"East Olympia, Olympia, Thurston County",330151,East Olympia,2017-12-09 17:37:13.271891
2010-06-05,17:00,69.8,,47.9,45.6,0.0,N@3.3,6.7,59.6,0.0,367,"East Olympia, Olympia, Thurston County",330151,East Olympia,2017-12-09 17:37:13.271891
2010-06-05,17:15,69.0,,47.2,45.7,0.0,N@2.8,6.4,59.7,0.0,230,"East Olympia, Olympia, Thurston County",330151,East Olympia,2017-12-09 17:37:13.271891
2010-06-05,17:30,68.8,,47.0,45.7,0.0,N@2.4,5.7,59.8,0.0,238,"East Olympia, Olympia, Thurston County",330151,East Olympia,2017-12-09 17:37:13.271891
2010-06-05,17:45,67.7,,46.5,46.5,0.0,N@2.6,5.3,59.9,0.0,168,"East Olympia, Olympia, Thurston County",330151,East Olympia,2017-12-09 17:37:13.271891
2010-06-05,18:00,69.0,,46.3,44.3,0.0,N@2.2,4.6,60.0,0.0,201,"East Olympia, Olympia, Thurston County",330151,East Olympia,2017-12-09 17:37:13.271891
2010-06-05,18:15,67.3,,45.5,45.3,0.0,NE@3.6,6.7,60.1,0.0,48,"East Olympia, Olympia, Thurston County",330151,East Olympia,2017-12-09 17:37:13.271891
2010-06-05,18:30,65.5,,48.8,54.7,0.0,NE@2.6,6.4,60.2,0.0,52,"East Olympia, Olympia, Thurston County",330151,East Olympia,2017-12-09 17:37:13.271891
2010-06-05,18:45,64.0,,52.7,66.6,0.0,E@1.5,4.2,60.3,0.0,74,"East Olympia, Olympia, Thurston County",330151,East Olympia,2017-12-09 17:37:13.271891
2010-06-05,19:00,62.8,,53.7,72.2,0.0,E@0.8,2.4,60.4,0.0,48,"East Olympia, Olympia, Thurston County",330151,East Olympia,2017-12-09 17:37:13.271891
2010-06-05,19:15,61.6,,52.2,71.1,0.0,SE@1.3,2.1,60.4,0.0,39,"East Olympia, Olympia, Thurston County",330151,East Olympia,2017-12-09 17:37:13.271891
2010-06-05,19:30,60.9,,52.4,73.5,0.0,SE@1.2,2.1,60.5,0.0,23,"East Olympia, Olympia, Thurston County",330151,East Olympia,2017-12-09 17:37:13.271891
2010-06-05,19:45,59.6,,52.4,76.8,0.0,SE@1.7,2.1,60.5,0.0,10,"East Olympia, Olympia, Thurston County",330151,East Olympia,2017-12-09 17:37:13.271891
2010-06-05,20:00,58.6,,52.2,79.3,0.0,E@0.8,1.7,60.5,0.0,6,"East Olympia, Olympia, Thurston County",330151,East Olympia,2017-12-09 17:37:13.271891
2010-06-05,20:15,57.9,,50.6,76.5,0.0,NE@0.5,1.7,60.5,0.0,2,"East Olympia, Olympia, Thurston County",330151,East Olympia,2017-12-09 17:37:13.271891
2010-06-05,20:30,57.3,,50.7,78.7,0.0,NE@1.3,2.1,60.6,0.0,2,"East Olympia, Olympia, Thurston County",330151,East Olympia,2017-12-09 17:37:13.271891
2010-06-05,20:45,57.2,,51.5,81.1,0.0,NE@0.0,1.4,60.6,0.0,0,"East Olympia, Olympia, Thurston County",330151,East Olympia,2017-12-09 17:37:13.271891
2010-06-05,21:00,57.1,,51.2,80.6,0.0,NE@1.2,2.1,60.5,0.0,0,"East Olympia, Olympia, Thurston County",330151,East Olympia,2017-12-09 17:37:13.271891
2010-06-05,21:15,56.8,,51.2,81.3,0.0,NE@0.9,2.4,60.5,0.0,0,"East Olympia, Olympia, Thurston County",330151,East Olympia,2017-12-09 17:37:13.271891
2010-06-05,21:30,56.7,,51.4,82.3,0.0,NE@0.7,2.8,60.5,0.0,0,"East Olympia, Olympia, Thurston County",330151,East Olympia,2017-12-09 17:37:13.271891
2010-06-05,21:45,56.4,,51.7,84.2,0.0,NE@1.0,2.4,60.5,0.0,0,"East Olympia, Olympia, Thurston County",330151,East Olympia,2017-12-09 17:37:13.271891
2010-06-05,22:00,56.3,,52.1,85.8,0.0,NE@0.5,2.4,60.4,0.0,0,"East Olympia, Olympia, Thurston County",330151,East Olympia,2017-12-09 17:37:13.271891
2010-06-05,22:15,56.2,,52.9,88.7,0.0,E@1.2,2.1,60.4,0.0,0,"East Olympia, Olympia, Thurston County",330151,East Olympia,2017-12-09 17:37:13.271891
2010-06-05,22:30,56.2,,52.9,88.5,0.01,NE@0.6,2.8,60.3,0.0,0,"East Olympia, Olympia, Thurston County",330151,East Olympia,2017-12-09 17:37:13.271891
2010-06-05,22:45,56.3,,52.5,86.9,0.02,SE@2.1,3.5,60.3,0.0,0,"East Olympia, Olympia, Thurston County",330151,East Olympia,2017-12-09 17:37:13.271891
2010-06-05,23:00,56.5,,52.8,87.2,0.01,E@1.6,2.8,60.2,0.0,0,"East Olympia, Olympia, Thurston County",330151,East Olympia,2017-12-09 17:37:13.271891
2010-06-06,23:15,56.7,,52.6,86.0,0.0,NE@1.5,2.4,60.1,0.0,0,"East Olympia, Olympia, Thurston County",330151,East Olympia,2017-12-09 17:37:13.271891
2010-06-06,23:30,56.3,,52.6,87.6,0.01,NW@0.9,2.1,60.1,0.0,0,"East Olympia, Olympia, Thurston County",330151,East Olympia,2017-12-09 17:37:13.271891
2010-06-06,23:45,56.1,,52.6,88.0,0.01,E@0.7,2.1,60.0,0.0,0,"East Olympia, Olympia, Thurston County",330151,East Olympia,2017-12-09 17:37:13.271891
2010-06-06,24:00,55.9,,53.0,89.8,0.01,N@1.2,2.1,60.0,0.0,0,"East Olympia, Olympia, Thurston County",330151,East Olympia,2017-12-09 17:37:13.271891
2010-06-06,00:15,55.8,,53.0,90.1,0.01,E@1.1,2.4,59.9,0.0,0,"East Olympia, Olympia, Thurston County",330151,East Olympia,2017-12-09 17:37:13.271891
2010-06-06,00:30,55.9,,52.8,89.3,0.01,E@0.7,2.1,59.8,0.0,0,"East Olympia, Olympia, Thurston County",330151,East Olympia,2017-12-09 17:37:13.271891
2010-06-06,00:45,55.9,,52.6,88.8,0.01,N@1.0,2.4,59.8,0.0,0,"East Olympia, Olympia, Thurston County",330151,East Olympia,2017-12-09 17:37:13.271891
2010-06-06,01:00,55.5,,53.0,91.0,0.02,S@1.2,2.4,59.7,0.0,0,"East Olympia, Olympia, Thurston County",330151,East Olympia,2017-12-09 17:37:13.271891
2010-06-06,01:15,55.7,,53.2,91.3,0.02,E@0.2,1.7,59.7,0.0,1,"East Olympia, Olympia, Thurston County",330151,East Olympia,2017-12-09 17:37:13.271891
2010-06-06,01:30,55.4,,52.8,90.8,0.03,N@0.0,0.0,59.6,0.0,0,"East Olympia, Olympia, Thurston County",330151,East Olympia,2017-12-09 17:37:13.271891
2010-06-06,01:45,55.3,,52.8,91.3,0.04,NE@0.7,2.4,59.5,0.0,0,"East Olympia, Olympia, Thurston County",330151,East Olympia,2017-12-09 17:37:13.271891
2010-06-06,02:00,55.0,,52.7,91.9,0.03,E@0.6,2.1,59.5,0.0,0,"East Olympia, Olympia, Thurston County",330151,East Olympia,2017-12-09 17:37:13.271891
2010-06-06,02:15,55.0,,52.7,91.9,0.03,N@0.0,0.0,59.4,0.0,0,"East Olympia, Olympia, Thurston County",330151,East Olympia,2017-12-09 17:37:13.271891
2010-06-06,02:30,55.0,,53.1,93.3,0.05,S@1.4,2.8,59.4,0.0,0,"East Olympia, Olympia, Thurston County",330151,East Olympia,2017-12-09 17:37:13.271891
2010-06-06,02:45,55.4,,53.2,92.1,0.31,NE@0.8,2.8,59.3,0.0,0,"East Olympia, Olympia, Thurston County",330151,East Olympia,2017-12-09 17:37:13.271891
2010-06-06,03:00,55.4,,53.1,92.1,0.89,SE@0.1,1.4,59.3,0.0,0,"East Olympia, Olympia, Thurston County",330151,East Olympia,2017-12-09 17:37:13.271891
2010-06-06,03:15,55.0,,53.3,93.9,0.91,SE@0.4,2.1,59.2,0.01,1,"East Olympia, Olympia, Thurston County",330151,East Olympia,2017-12-09 17:37:13.271891
2010-06-06,03:30,54.9,,53.6,95.4,0.91,SW@1.4,3.1,59.2,0.01,1,"East Olympia, Olympia, Thurston County",330151,East Olympia,2017-12-09 17:37:13.271891
2010-06-06,03:45,54.5,,53.5,96.2,0.9,SW@1.1,2.1,59.1,0.02,1,"East Olympia, Olympia, Thurston County",330151,East Olympia,2017-12-09 17:37:13.271891
2010-06-06,04:00,54.5,,53.7,97.0,0.89,S@1.8,2.8,59.0,0.05,1,"East Olympia, Olympia, Thurston County",330151,East Olympia,2017-12-09 17:37:13.271891
2010-06-06,04:15,54.5,,53.8,97.2,0.89,SE@1.0,2.1,59.0,0.01,2,"East Olympia, Olympia, Thurston County",330151,East Olympia,2017-12-09 17:37:13.271891
2010-06-06,04:30,54.5,,53.8,97.5,0.88,N@0.0,0.0,58.9,0.02,2,"East Olympia, Olympia, Thurston County",330151,East Olympia,2017-12-09 17:37:13.271891
2010-06-06,04:45,54.5,,53.9,97.7,0.87,E@0.2,1.7,58.9,0.04,2,"East Olympia, Olympia, Thurston County",330151,East Olympia,2017-12-09 17:37:13.271891
2010-06-06,05:00,54.5,,53.9,97.7,0.86,NE@0.6,1.7,58.8,0.03,2,"East Olympia, Olympia, Thurston County",330151,East Olympia,2017-12-09 17:37:13.271891
2010-06-06,05:15,54.5,,54.0,98.0,0.86,NW@1.0,2.1,58.8,0.02,6,"East Olympia, Olympia, Thurston County",330151,East Olympia,2017-12-09 17:37:13.271891
2010-06-06,05:30,54.5,,54.0,98.2,0.86,SW@0.3,1.7,58.7,0.01,11,"East Olympia, Olympia, Thurston County",330151,East Olympia,2017-12-09 17:37:13.271891
2010-06-06,05:45,54.8,,54.3,98.2,0.87,W@0.4,1.7,58.7,0.0,18,"East Olympia, Olympia, Thurston County",330151,East Olympia,2017-12-09 17:37:13.271891
2010-06-06,06:00,55.1,,54.6,98.2,0.87,SE@0.1,1.4,58.6,0.0,31,"East Olympia, Olympia, Thurston County",330151,East Olympia,2017-12-09 17:37:13.271891
2010-06-06,06:15,55.4,,54.9,98.2,0.87,S@0.4,1.7,58.6,0.0,39,"East Olympia, Olympia, Thurston County",330151,East Olympia,2017-12-09 17:37:13.271891
2010-06-06,06:30,55.7,,55.1,98.0,0.87,NW@0.3,2.1,58.5,0.0,38,"East Olympia, Olympia, Thurston County",330151,East Olympia,2017-12-09 17:37:13.271891
2010-06-06,06:45,56.2,,55.6,98.0,0.87,NW@0.4,1.7,58.5,0.0,68,"East Olympia, Olympia, Thurston County",330151,East Olympia,2017-12-09 17:37:13.271891
2010-06-06,07:00,56.6,,56.0,97.7,0.87,N@0.7,2.4,58.4,0.0,74,"East Olympia, Olympia, Thurston County",330151,East Olympia,2017-12-09 17:37:13.271891
2010-06-06,07:15,56.5,,55.8,97.3,0.88,SW@0.8,2.4,58.4,0.0,63,"East Olympia, Olympia, Thurston County",330151,East Olympia,2017-12-09 17:37:13.271891
2010-06-06,07:30,57.1,,56.3,97.1,0.88,N@0.4,2.1,58.3,0.0,110,"East Olympia, Olympia, Thurston County",330151,East Olympia,2017-12-09 17:37:13.271891
2010-06-06,07:45,57.5,,56.3,95.8,0.87,NW@0.7,3.5,58.3,0.0,109,"East Olympia, Olympia, Thurston County",330151,East Olympia,2017-12-09 17:37:13.271891
2010-06-06,08:00,58.1,,56.6,94.8,0.86,N@1.2,2.4,58.3,0.0,131,"East Olympia, Olympia, Thurston County",330151,East Olympia,2017-12-09 17:37:13.271891
2010-06-06,08:15,58.1,,56.6,94.8,0.85,NW@1.2,2.4,58.2,0.0,95,"East Olympia, Olympia, Thurston County",330151,East Olympia,2017-12-09 17:37:13.271891
2010-06-06,08:30,58.1,,56.7,95.2,0.84,W@1.2,3.1,58.2,0.0,84,"East Olympia, Olympia, Thurston County",330151,East Olympia,2017-12-09 17:37:13.271891
2010-06-06,08:45,58.1,,56.5,94.4,0.82,NW@1.3,2.8,58.2,0.0,90,"East Olympia, Olympia, Thurston County",330151,East Olympia,2017-12-09 17:37:13.271891
2010-06-06,09:00,58.4,,56.9,94.5,0.88,NW@0.4,2.8,58.1,0.0,69,"East Olympia, Olympia, Thurston County",330151,East Olympia,2017-12-09 17:37:13.271891
2010-06-06,09:15,58.4,,56.9,94.8,0.91,NW@0.2,1.7,58.1,0.0,63,"East Olympia, Olympia, Thurston County",330151,East Olympia,2017-12-09 17:37:13.271891
2010-06-06,09:30,58.6,,57.3,95.5,0.91,N@0.6,2.1,58.1,0.0,104,"East Olympia, Olympia, Thurston County",330151,East Olympia,2017-12-09 17:37:13.271891
2010-06-06,09:45,59.3,,57.9,95.2,0.91,N@0.9,2.8,58.1,0.01,180,"East Olympia, Olympia, Thurston County",330151,East Olympia,2017-12-09 17:37:13.271891
2010-06-06,10:00,59.9,,58.1,93.7,0.91,N@1.1,2.4,58.1,0.0,181,"East Olympia, Olympia, Thurston County",330151,East Olympia,2017-12-09 17:37:13.271891
2010-06-06,10:15,59.5,,57.8,93.9,0.9,NW@1.2,3.1,58.1,0.0,147,"East Olympia, Olympia, Thurston County",330151,East Olympia,2017-12-09 17:37:13.271891
2010-06-06,10:30,59.3,,57.7,94.4,0.9,NW@1.4,3.1,58.1,0.01,113,"East Olympia, Olympia, Thurston County",330151,East Olympia,2017-12-09 17:37:13.271891
2010-06-06,10:45,59.4,,58.0,95.0,0.9,N@0.9,2.4,58.1,0.0,130,"East Olympia, Olympia, Thurston County",330151,East Olympia,2017-12-09 17:37:13.271891
2010-06-06,11:00,59.3,,57.8,94.5,0.9,NW@1.2,2.8,58.1,0.01,138,"East Olympia, Olympia, Thurston County",330151,East Olympia,2017-12-09 17:37:13.271891
2010-06-06,11:15,59.5,,58.1,94.9,0.9,NW@1.3,3.1,58.1,0.01,128,"East Olympia, Olympia, Thurston County",330151,East Olympia,2017-12-09 17:37:13.271891
2010-06-06,11:30,59.0,,57.7,95.3,0.89,NW@2.0,4.2,58.1,0.0,152,"East Olympia, Olympia, Thurston County",330151,East Olympia,2017-12-09 17:37:13.271891
2010-06-06,11:45,59.5,,58.2,95.2,0.9,N@1.6,3.1,58.1,0.01,213,"East Olympia, Olympia, Thurston County",330151,East Olympia,2017-12-09 17:37:13.271891
2010-06-06,12:00,60.2,,58.5,94.0,0.89,NE@0.8,2.1,58.1,0.01,225,"East Olympia, Olympia, Thurston County",330151,East Olympia,2017-12-09 17:37:13.271891
2010-06-06,12:15,60.2,,58.4,93.7,0.89,N@1.3,3.1,58.1,0.0,219,"East Olympia, Olympia, Thurston County",330151,East Olympia,2017-12-09 17:37:13.271891
2010-06-06,12:30,60.7,,58.6,92.8,0.9,N@1.1,3.9,58.1,0.0,206,"East Olympia, Olympia, Thurston County",330151,East Olympia,2017-12-09 17:37:13.271891
2010-06-06,12:45,60.4,,58.6,93.8,0.9,NW@1.2,3.5,58.1,0.01,170,"East Olympia, Olympia, Thurston County",330151,East Olympia,2017-12-09 17:37:13.271891
2010-06-06,13:00,60.7,,59.0,94.0,0.9,NW@1.2,2.4,58.2,0.01,167,"East Olympia, Olympia, Thurston County",330151,East Olympia,2017-12-09 17:37:13.271891
2010-06-06,13:15,60.7,,59.0,94.0,0.89,NW@1.2,3.1,58.2,0.0,146,"East Olympia, Olympia, Thurston County",330151,East Olympia,2017-12-09 17:37:13.271891
2010-06-06,13:30,60.4,,58.7,93.9,0.9,NE@1.1,2.8,58.2,0.01,106,"East Olympia, Olympia, Thurston County",330151,East Olympia,2017-12-09 17:37:13.271891
2010-06-06,13:45,60.5,,59.0,94.5,0.89,NW@0.8,2.8,58.2,0.0,110,"East Olympia, Olympia, Thurston County",330151,East Olympia,2017-12-09 17:37:13.271891
2010-06-06,14:00,60.6,,58.9,94.2,0.9,N@0.7,2.4,58.3,0.0,147,"East Olympia, Olympia, Thurston County",330151,East Olympia,2017-12-09 17:37:13.271891
2010-06-06,14:15,61.0,,59.3,94.0,0.9,N@1.4,2.8,58.3,0.01,199,"East Olympia, Olympia, Thurston County",330151,East Olympia,2017-12-09 17:37:13.271891
2010-06-06,14:30,61.3,,59.6,94.1,0.9,NW@1.6,4.2,58.3,0.0,174,"East Olympia, Olympia, Thurston County",330151,East Olympia,2017-12-09 17:37:13.271891
2010-06-06,14:45,60.4,,58.7,94.1,0.9,N@1.9,6.4,58.4,0.01,131,"East Olympia, Olympia, Thurston County",330151,East Olympia,2017-12-09 17:37:13.271891
2010-06-06,15:00,60.0,,58.4,94.6,0.9,SW@1.3,3.9,58.4,0.0,97,"East Olympia, Olympia, Thurston County",330151,East Olympia,2017-12-09 17:37:13.271891
2010-06-06,15:15,60.3,,59.1,95.8,0.9,SW@1.9,4.2,58.4,0.0,155,"East Olympia, Olympia, Thurston County",330151,East Olympia,2017-12-09 17:37:13.271891
2010-06-06,15:30,60.6,,59.1,94.5,0.89,SE@1.1,2.8,58.5,0.01,166,"East Olympia, Olympia, Thurston County",330151,East Olympia,2017-12-09 17:37:13.271891
2010-06-06,15:45,61.3,,59.4,93.3,0.88,SE@1.6,3.9,58.5,0.0,215,"East Olympia, Olympia, Thurston County",330151,East Olympia,2017-12-09 17:37:13.271891
2010-06-06,16:00,61.2,,59.2,92.8,0.87,SW@1.2,3.5,58.5,0.0,97,"East Olympia, Olympia, Thurston County",330151,East Olympia,2017-12-09 17:37:13.271891
2010-06-06,16:15,61.9,,59.6,92.2,0.86,S@0.4,2.1,58.6,0.0,134,"East Olympia, Olympia, Thurston County",330151,East Olympia,2017-12-09 17:37:13.271891
2010-06-06,16:30,61.7,,59.4,92.2,0.87,SW@1.4,4.2,58.6,0.0,59,"East Olympia, Olympia, Thurston County",330151,East Olympia,2017-12-09 17:37:13.271891
2010-06-06,16:45,60.9,,59.1,93.7,0.89,SW@2.7,5.3,58.6,0.0,103,"East Olympia, Olympia, Thurston County",330151,East Olympia,2017-12-09 17:37:13.271891
2010-06-06,17:00,61.6,,60.0,94.4,0.88,SE@1.3,4.2,58.7,0.0,100,"East Olympia, Olympia, Thurston County",330151,East Olympia,2017-12-09 17:37:13.271891
2010-06-06,17:15,61.3,,59.7,94.2,0.89,SW@2.1,4.9,58.7,0.0,127,"East Olympia, Olympia, Thurston County",330151,East Olympia,2017-12-09 17:37:13.271891
2010-06-06,17:30,61.2,,59.5,94.1,0.88,S@2.3,4.6,58.7,0.0,100,"East Olympia, Olympia, Thurston County",330151,East Olympia,2017-12-09 17:37:13.271891
2010-06-06,17:45,61.4,,59.4,93.2,0.86,S@2.5,4.6,58.8,0.0,129,"East Olympia, Olympia, Thurston County",330151,East Olympia,2017-12-09 17:37:13.271891
2010-06-06,18:00,61.7,,59.7,93.1,0.85,SW@1.5,3.1,58.8,0.0,97,"East Olympia, Olympia, Thurston County",330151,East Olympia,2017-12-09 17:37:13.271891
2010-06-06,18:15,61.5,,59.2,92.3,0.82,SW@2.5,4.6,58.8,0.0,81,"East Olympia, Olympia, Thurston County",330151,East Olympia,2017-12-09 17:37:13.271891
2010-06-06,18:30,61.2,,59.2,92.9,0.78,SW@2.1,4.2,58.8,0.0,52,"East Olympia, Olympia, Thurston County",330151,East Olympia,2017-12-09 17:37:13.271891
2010-06-06,18:45,60.7,,58.7,92.9,0.81,SW@1.8,4.2,58.9,0.0,24,"East Olympia, Olympia, Thurston County",330151,East Olympia,2017-12-09 17:37:13.271891
2010-06-06,19:00,60.1,,58.1,93.0,0.83,SW@1.6,4.2,58.9,0.01,20,"East Olympia, Olympia, Thurston County",330151,East Olympia,2017-12-09 17:37:13.271891
2010-06-06,19:15,59.2,,57.1,92.7,0.88,SW@2.8,6.4,58.9,0.01,62,"East Olympia, Olympia, Thurston County",330151,East Olympia,2017-12-09 17:37:13.271891
2010-06-06,19:30,59.0,,57.4,94.5,0.88,S@2.1,3.9,59.0,0.0,16,"East Olympia, Olympia, Thurston County",330151,East Olympia,2017-12-09 17:37:13.271891
2010-06-06,19:45,58.6,,57.5,96.0,0.89,S@1.7,3.1,59.0,0.0,10,"East Olympia, Olympia, Thurston County",330151,East Olympia,2017-12-09 17:37:13.271891
2010-06-06,20:00,58.7,,57.8,96.5,0.9,S@1.3,3.1,59.0,0.0,4,"East Olympia, Olympia, Thurston County",330151,East Olympia,2017-12-09 17:37:13.271891
2010-06-06,20:15,58.6,,57.8,97.1,0.9,SE@1.7,2.8,59.0,0.0,2,"East Olympia, Olympia, Thurston County",330151,East Olympia,2017-12-09 17:37:13.271891
2010-06-06,20:30,58.1,,57.5,97.6,0.9,S@2.1,3.1,59.0,0.0,2,"East Olympia, Olympia, Thurston County",330151,East Olympia,2017-12-09 17:37:13.271891
2010-06-06,20:45,58.1,,57.5,97.9,0.9,S@1.9,4.2,59.0,0.0,1,"East Olympia, Olympia, Thurston County",330151,East Olympia,2017-12-09 17:37:13.271891
2010-06-06,21:00,58.1,,57.5,97.9,0.9,S@2.1,3.9,59.0,0.0,0,"East Olympia, Olympia, Thurston County",330151,East Olympia,2017-12-09 17:37:13.271891
2010-06-06,21:15,58.1,,57.5,97.7,0.9,S@2.2,4.6,59.0,0.0,0,"East Olympia, Olympia, Thurston County",330151,East Olympia,2017-12-09 17:37:13.271891
2010-06-06,21:30,58.1,,57.4,97.4,0.9,S@2.5,4.9,59.0,0.0,0,"East Olympia, Olympia, Thurston County",330151,East Olympia,2017-12-09 17:37:13.271891
2010-06-06,21:45,58.0,,57.1,96.9,0.9,SW@3.1,6.4,59.0,0.0,0,"East Olympia, Olympia, Thurston County",330151,East Olympia,2017-12-09 17:37:13.271891
2010-06-06,22:00,57.7,,56.7,96.6,0.9,SW@2.7,4.9,59.0,0.0,0,"East Olympia, Olympia, Thurston County",330151,East Olympia,2017-12-09 17:37:13.271891
2010-06-06,22:15,57.3,,56.4,96.5,0.89,SW@3.1,6.7,59.0,0.0,0,"East Olympia, Olympia, Thurston County",330151,East Olympia,2017-12-09 17:37:13.271891
2010-06-06,22:30,57.2,,56.0,95.7,0.89,SW@3.2,8.2,59.0,0.0,0,"East Olympia, Olympia, Thurston County",330151,East Olympia,2017-12-09 17:37:13.271891
2010-06-06,22:45,56.9,,55.6,95.4,0.89,SW@2.8,5.7,59.0,0.0,0,"East Olympia, Olympia, Thurston County",330151,East Olympia,2017-12-09 17:37:13.271891
2010-06-06,23:00,56.4,,55.2,95.7,0.89,SW@2.6,6.0,59.0,0.0,0,"East Olympia, Olympia, Thurston County",330151,East Olympia,2017-12-09 17:37:13.271891
2010-06-07,23:15,56.2,,55.1,96.0,0.89,SW@2.2,5.3,58.9,0.0,0,"East Olympia, Olympia, Thurston County",330151,East Olympia,2017-12-09 17:37:13.271891
2010-06-07,23:30,55.9,,55.0,96.7,0.89,S@2.3,5.7,58.9,0.0,0,"East Olympia, Olympia, Thurston County",330151,East Olympia,2017-12-09 17:37:13.271891
2010-06-07,23:45,55.9,,55.0,96.8,0.9,SW@3.1,6.0,58.9,0.0,0,"East Olympia, Olympia, Thurston County",330151,East Olympia,2017-12-09 17:37:13.271891
2010-06-07,24:00,55.9,,54.6,95.5,0.89,SW@3.1,6.4,58.9,0.0,0,"East Olympia, Olympia, Thurston County",330151,East Olympia,2017-12-09 17:37:13.271891
2010-06-07,00:15,55.8,,54.1,93.8,0.88,S@2.6,6.0,58.9,0.0,0,"East Olympia, Olympia, Thurston County",330151,East Olympia,2017-12-09 17:37:13.271891
2010-06-07,00:30,55.8,,53.9,93.1,0.88,SW@2.6,4.9,58.8,0.0,0,"East Olympia, Olympia, Thurston County",330151,East Olympia,2017-12-09 17:37:13.271891
2010-06-07,00:45,55.4,,53.8,94.1,0.87,SW@2.9,6.0,58.8,0.0,0,"East Olympia, Olympia, Thurston County",330151,East Olympia,2017-12-09 17:37:13.271891
2010-06-07,01:00,55.4,,53.7,94.0,0.86,SW@4.1,7.8,58.8,0.0,1,"East Olympia, Olympia, Thurston County",330151,East Olympia,2017-12-09 17:37:13.271891
2010-06-07,01:15,55.4,,53.4,92.7,0.84,SW@4.1,9.9,58.7,0.0,0,"East Olympia, Olympia, Thurston County",330151,East Olympia,2017-12-09 17:37:13.271891
2010-06-07,01:30,55.4,,53.1,91.9,0.82,SW@3.0,6.4,58.7,0.0,0,"East Olympia, Olympia, Thurston County",330151,East Olympia,2017-12-09 17:37:13.271891
2010-06-07,01:45,55.3,,53.1,92.4,0.8,SE@3.0,6.0,58.7,0.0,0,"East Olympia, Olympia, Thurston County",330151,East Olympia,2017-12-09 17:37:13.271891
2010-06-07,02:00,55.4,,53.3,92.6,0.77,S@2.6,5.3,58.6,0.0,0,"East Olympia, Olympia, Thurston County",330151,East Olympia,2017-12-09 17:37:13.271891
2010-06-07,02:15,55.4,,53.2,92.1,0.72,W@3.1,9.6,58.6,0.0,1,"East Olympia, Olympia, Thurston County",330151,East Olympia,2017-12-09 17:37:13.271891
2010-06-07,02:30,55.4,,53.1,92.0,0.62,SW@3.2,7.1,58.6,0.0,0,"East Olympia, Olympia, Thurston County",330151,East Olympia,2017-12-09 17:37:13.271891
2010-06-07,02:45,55.4,,52.9,91.3,0.51,S@2.2,5.7,58.5,0.0,0,"East Olympia, Olympia, Thurston County",330151,East Olympia,2017-12-09 17:37:13.271891
2010-06-07,03:00,55.4,,53.0,91.5,0.42,S@1.8,5.7,58.5,0.0,0,"East Olympia, Olympia, Thurston County",330151,East Olympia,2017-12-09 17:37:13.271891
2010-06-07,03:15,55.4,,53.0,91.5,0.33,SW@2.6,8.5,58.5,0.0,1,"East Olympia, Olympia, Thurston County",330151,East Olympia,2017-12-09 17:37:13.271891
2010-06-07,03:30,55.4,,52.9,91.3,0.22,S@3.2,6.4,58.4,0.0,0,"East Olympia, Olympia, Thurston County",330151,East Olympia,2017-12-09 17:37:13.271891
2010-06-07,03:45,55.4,,52.7,90.7,0.12,SW@2.6,6.7,58.4,0.0,0,"East Olympia, Olympia, Thurston County",330151,East Olympia,2017-12-09 17:37:13.271891
2010-06-07,04:00,55.1,,52.4,90.4,0.06,S@2.5,6.0,58.4,0.0,1,"East Olympia, Olympia, Thurston County",330151,East Olympia,2017-12-09 17:37:13.271891
2010-06-07,04:15,54.7,,52.5,92.1,0.04,S@2.3,5.7,58.3,0.0,2,"East Olympia, Olympia, Thurston County",330151,East Olympia,2017-12-09 17:37:13.271891
2010-06-07,04:30,54.6,,52.3,91.8,0.03,S@2.5,5.7,58.3,0.0,2,"East Olympia, Olympia, Thurston County",330151,East Olympia,2017-12-09 17:37:13.271891
2010-06-07,04:45,54.9,,52.4,91.4,0.02,S@2.1,5.3,58.2,0.0,8,"East Olympia, Olympia, Thurston County",330151,East Olympia,2017-12-09 17:37:13.271891
2010-06-07,05:00,54.9,,52.4,91.2,0.02,SW@2.4,4.6,58.2,0.0,19,"East Olympia, Olympia, Thurston County",330151,East Olympia,2017-12-09 17:37:13.271891
2010-06-07,05:15,54.9,,52.4,91.0,0.01,W@2.6,5.7,58.2,0.0,29,"East Olympia, Olympia, Thurston County",330151,East Olympia,2017-12-09 17:37:13.271891
2010-06-07,05:30,55.0,,52.3,90.7,0.01,SW@2.2,4.9,58.1,0.0,40,"East Olympia, Olympia, Thurston County",330151,East Olympia,2017-12-09 17:37:13.271891
2010-06-07,05:45,55.1,,52.4,90.5,0.01,SW@1.7,5.3,58.1,0.0,48,"East Olympia, Olympia, Thurston County",330151,East Olympia,2017-12-09 17:37:13.271891
2010-06-07,06:00,55.5,,52.7,90.2,0.01,SW@2.5,6.7,58.1,0.0,113,"East Olympia, Olympia, Thurston County",330151,East Olympia,2017-12-09 17:37:13.271891
2010-06-07,06:15,56.9,,52.8,86.0,0.0,SW@3.0,4.9,58.0,0.0,196,"East Olympia, Olympia, Thurston County",330151,East Olympia,2017-12-09 17:37:13.271891
2010-06-07,06:30,57.3,,52.5,84.0,0.0,SW@3.5,7.4,58.0,0.0,204,"East Olympia, Olympia, Thurston County",330151,East Olympia,2017-12-09 17:37:13.271891
2010-06-07,06:45,57.7,,52.2,81.8,0.0,SW@4.0,11.7,58.0,0.0,274,"East Olympia, Olympia, Thurston County",330151,East Olympia,2017-12-09 17:37:13.271891
2010-06-07,07:00,58.1,,52.3,80.9,0.0,SW@4.5,10.3,57.9,0.0,314,"East Olympia, Olympia, Thurston County",330151,East Olympia,2017-12-09 17:37:13.271891
2010-06-07,07:15,58.7,,52.5,79.6,0.0,SW@3.6,9.2,57.9,0.0,348,"East Olympia, Olympia, Thurston County",330151,East Olympia,2017-12-09 17:37:13.271891
2010-06-07,07:30,59.2,,52.5,78.3,0.0,SW@4.1,9.2,57.9,0.0,392,"East Olympia, Olympia, Thurston County",330151,East Olympia,2017-12-09 17:37:13.271891
2010-06-07,07:45,59.8,,52.3,76.3,0.0,SW@4.2,8.5,57.8,0.0,432,"East Olympia, Olympia, Thurston County",330151,East Olympia,2017-12-09 17:37:13.271891
2010-06-07,08:00,59.8,,51.8,74.7,0.0,SW@4.9,12.8,57.8,0.0,463,"East Olympia, Olympia, Thurston County",330151,East Olympia,2017-12-09 17:37:13.271891
2010-06-07,08:15,61.0,,52.6,73.7,0.0,W@3.9,8.5,57.8,0.0,488,"East Olympia, Olympia, Thurston County",330151,East Olympia,2017-12-09 17:37:13.271891
2010-06-07,08:30,61.1,,52.6,73.5,0.0,SW@4.3,8.9,57.8,0.0,556,"East Olympia, Olympia, Thurston County",330151,East Olympia,2017-12-09 17:37:13.271891
2010-06-07,08:45,61.9,,52.0,69.8,0.0,SW@4.3,9.9,57.8,0.0,617,"East Olympia, Olympia, Thurston County",330151,East Olympia,2017-12-09 17:37:13.271891
2010-06-07,09:00,62.5,,51.6,67.5,0.0,SW@4.7,12.4,57.8,0.0,623,"East Olympia, Olympia, Thurston County",330151,East Olympia,2017-12-09 17:37:13.271891
2010-06-07,09:15,62.0,,50.3,65.5,0.0,SW@5.0,12.1,57.8,0.0,518,"East Olympia, Olympia, Thurston County",330151,East Olympia,2017-12-09 17:37:13.271891
2010-06-07,09:30,63.5,,51.2,64.2,0.0,SW@4.5,10.7,57.8,0.0,711,"East Olympia, Olympia, Thurston County",330151,East Olympia,2017-12-09 17:37:13.271891
2010-06-07,09:45,64.1,,50.8,61.8,0.0,SW@5.5,11.4,57.8,0.0,728,"East Olympia, Olympia, Thurston County",330151,East Olympia,2017-12-09 17:37:13.271891
2010-06-07,10:00,63.5,,50.2,61.7,0.0,SW@5.4,11.0,57.8,0.0,708,"East Olympia, Olympia, Thurston County",330151,East Olympia,2017-12-09 17:37:13.271891
2010-06-07,10:15,65.0,,51.4,61.3,0.0,SW@4.5,9.2,57.9,0.0,704,"East Olympia, Olympia, Thurston County",330151,East Olympia,2017-12-09 17:37:13.271891
2010-06-07,10:30,64.9,,50.7,59.9,0.0,SW@5.1,12.1,57.9,0.0,815,"East Olympia, Olympia, Thurston County",330151,East Olympia,2017-12-09 17:37:13.271891
2010-06-07,10:45,65.6,,50.6,58.3,0.0,SW@5.4,11.0,58.0,0.0,879,"East Olympia, Olympia, Thurston County",330151,East Olympia,2017-12-09 17:37:13.271891
2010-06-07,11:00,66.7,,51.6,58.1,0.0,W@4.7,9.9,58.0,0.0,832,"East Olympia, Olympia, Thurston County",330151,East Olympia,2017-12-09 17:37:13.271891
2010-06-07,11:15,66.4,,51.0,57.5,0.0,S@4.2,9.6,58.1,0.0,861,"East Olympia, Olympia, Thurston County",330151,East Olympia,2017-12-09 17:37:13.271891
2010-06-07,11:30,66.6,,50.9,56.9,0.0,SW@5.1,10.7,58.2,0.0,713,"East Olympia, Olympia, Thurston County",330151,East Olympia,2017-12-09 17:37:13.271891
2010-06-07,11:45,66.4,,51.1,57.8,0.0,SW@4.3,11.7,58.3,0.0,715,"East Olympia, Olympia, Thurston County",330151,East Olympia,2017-12-09 17:37:13.271891
2010-06-07,12:00,67.3,,50.6,55.1,0.0,SW@5.5,11.4,58.5,0.0,922,"East Olympia, Olympia, Thurston County",330151,East Olympia,2017-12-09 17:37:13.271891
2010-06-07,12:15,66.6,,50.5,56.2,0.0,SW@4.7,9.9,58.6,0.0,659,"East Olympia, Olympia, Thurston County",330151,East Olympia,2017-12-09 17:37:13.271891
2010-06-07,12:30,68.1,,51.2,54.6,0.0,W@4.6,10.7,58.8,0.0,963,"East Olympia, Olympia, Thurston County",330151,East Olympia,2017-12-09 17:37:13.271891
2010-06-07,12:45,68.9,,50.9,52.7,0.0,SW@5.3,9.9,58.9,0.0,979,"East Olympia, Olympia, Thurston County",330151,East Olympia,2017-12-09 17:37:13.271891
2010-06-07,13:00,68.8,,50.5,52.0,0.0,SW@5.3,12.4,59.1,0.0,982,"East Olympia, Olympia, Thurston County",330151,East Olympia,2017-12-09 17:37:13.271891
2010-06-07,13:15,67.6,,49.7,52.6,0.0,W@4.7,8.9,59.2,0.0,504,"East Olympia, Olympia, Thurston County",330151,East Olympia,2017-12-09 17:37:13.271891
2010-06-07,13:30,67.5,,51.0,55.4,0.0,W@3.8,7.8,59.4,0.0,643,"East Olympia, Olympia, Thurston County",330151,East Olympia,2017-12-09 17:37:13.271891
2010-06-07,13:45,69.2,,50.3,50.9,0.0,S@4.8,12.4,59.6,0.0,688,"East Olympia, Olympia, Thurston County",330151,East Olympia,2017-12-09 17:37:13.271891
2010-06-07,14:00,67.4,,50.5,54.5,0.0,SW@3.7,8.2,59.7,0.0,449,"East Olympia, Olympia, Thurston County",330151,East Olympia,2017-12-09 17:37:13.271891
2010-06-07,14:15,69.2,,50.8,52.0,0.0,W@3.9,8.9,59.9,0.0,722,"East Olympia, Olympia, Thurston County",330151,East Olympia,2017-12-09 17:37:13.271891
2010-06-07,14:30,69.1,,51.0,52.3,0.0,W@5.2,11.7,60.1,0.0,761,"East Olympia, Olympia, Thurston County",330151,East Olympia,2017-12-09 17:37:13.271891
2010-06-07,14:45,68.5,,50.1,51.8,0.0,SW@4.0,9.2,60.2,0.0,485,"East Olympia, Olympia, Thurston County",330151,East Olympia,2017-12-09 17:37:13.271891
2010-06-07,15:00,69.4,,49.4,48.9,0.0,W@4.9,9.6,60.4,0.0,850,"East Olympia, Olympia, Thurston County",330151,East Olympia,2017-12-09 17:37:13.271891
2010-06-07,15:15,69.7,,49.3,48.3,0.0,W@5.4,11.4,60.6,0.0,757,"East Olympia, Olympia, Thurston County",330151,East Olympia,2017-12-09 17:37:13.271891
2010-06-07,15:30,70.0,,49.8,48.5,0.0,SW@4.0,9.6,60.7,0.0,673,"East Olympia, Olympia, Thurston County",330151,East Olympia,2017-12-09 17:37:13.271891
2010-06-07,15:45,69.8,,49.1,47.8,0.0,SW@4.1,8.9,60.9,0.0,625,"East Olympia, Olympia, Thurston County",330151,East Olympia,2017-12-09 17:37:13.271891
2010-06-07,16:00,69.6,,49.5,48.9,0.0,SW@4.2,8.9,61.0,0.0,571,"East Olympia, Olympia, Thurston County",330151,East Olympia,2017-12-09 17:37:13.271891
2010-06-07,16:15,69.6,,48.9,47.7,0.0,SW@3.8,7.4,61.2,0.0,551,"East Olympia, Olympia, Thurston County",330151,East Olympia,2017-12-09 17:37:13.271891
2010-06-07,16:30,69.5,,48.8,47.8,0.0,W@4.5,8.9,61.3,0.0,513,"East Olympia, Olympia, Thurston County",330151,East Olympia,2017-12-09 17:37:13.271891
2010-06-07,16:45,69.3,,48.8,48.1,0.0,SW@3.3,9.2,61.4,0.0,454,"East Olympia, Olympia, Thurston County",330151,East Olympia,2017-12-09 17:37:13.271891
2010-06-07,17:00,69.4,,48.1,46.6,0.0,SW@4.3,8.5,61.5,0.0,459,"East Olympia, Olympia, Thurston County",330151,East Olympia,2017-12-09 17:37:13.271891
2010-06-07,17:15,68.3,,48.3,48.7,0.0,S@3.5,8.9,61.6,0.0,287,"East Olympia, Olympia, Thurston County",330151,East Olympia,2017-12-09 17:37:13.271891
2010-06-07,17:30,69.1,,48.3,47.6,0.0,SW@3.0,9.2,61.7,0.0,329,"East Olympia, Olympia, Thurston County",330151,East Olympia,2017-12-09 17:37:13.271891
2010-06-07,17:45,67.8,,47.7,48.5,0.0,W@4.1,8.5,61.8,0.0,289,"East Olympia, Olympia, Thurston County",330151,East Olympia,2017-12-09 17:37:13.271891
2010-06-07,18:00,67.8,,47.6,48.3,0.0,W@2.3,5.3,61.9,0.0,179,"East Olympia, Olympia, Thurston County",330151,East Olympia,2017-12-09 17:37:13.271891
2010-06-07,18:15,65.9,,47.3,51.1,0.0,W@2.6,7.1,62.0,0.0,49,"East Olympia, Olympia, Thurston County",330151,East Olympia,2017-12-09 17:37:13.271891
2010-06-07,18:30,65.5,,48.4,53.9,0.0,NW@2.2,4.2,62.1,0.0,68,"East Olympia, Olympia, Thurston County",330151,East Olympia,2017-12-09 17:37:13.271891
2010-06-07,18:45,64.9,,49.3,56.8,0.0,NW@2.0,4.9,62.1,0.0,59,"East Olympia, Olympia, Thurston County",330151,East Olympia,2017-12-09 17:37:13.271891
2010-06-07,19:00,64.4,,49.1,57.5,0.0,NE@1.9,3.9,62.2,0.0,60,"East Olympia, Olympia, Thurston County",330151,East Olympia,2017-12-09 17:37:13.271891
2010-06-07,19:15,64.3,,49.8,59.4,0.0,E@1.5,3.9,62.2,0.0,52,"East Olympia, Olympia, Thurston County",330151,East Olympia,2017-12-09 17:37:13.271891
2010-06-07,19:30,63.4,,49.9,61.4,0.0,E@1.6,3.1,62.3,0.0,30,"East Olympia, Olympia, Thurston County",330151,East Olympia,2017-12-09 17:37:13.271891
2010-06-07,19:45,62.0,,49.7,63.9,0.0,SE@1.9,4.9,62.3,0.0,14,"East Olympia, Olympia, Thurston County",330151,East Olympia,2017-12-09 17:37:13.271891
2010-06-07,20:00,60.8,,50.2,68.0,0.0,SE@1.9,3.5,62.3,0.0,7,"East Olympia, Olympia, Thurston County",330151,East Olympia,2017-12-09 17:37:13.271891
2010-06-07,20:15,58.6,,52.4,79.7,0.0,S@1.2,2.4,62.3,0.0,3,"East Olympia, Olympia, Thurston County",330151,East Olympia,2017-12-09 17:37:13.271891
2010-06-07,20:30,57.7,,52.6,83.0,0.02,S@0.2,2.1,62.3,0.0,2,"East Olympia, Olympia, Thurston County",330151,East Olympia,2017-12-09 17:37:13.271891
2010-06-07,20:45,56.5,,52.1,85.1,0.08,N@0.0,0.0,62.3,0.0,1,"East Olympia, Olympia, Thurston County",330151,East Olympia,2017-12-09 17:37:13.271891
2010-06-07,21:00,55.4,,52.0,88.3,0.19,N@0.0,0.0,62.2,0.0,0,"East Olympia, Olympia, Thurston County",330151,East Olympia,2017-12-09 17:37:13.271891
2010-06-07,21:15,54.5,,51.7,90.2,0.33,E@0.1,1.7,62.2,0.0,0,"East Olympia, Olympia, Thurston County",330151,East Olympia,2017-12-09 17:37:13.271891
2010-06-07,21:30,53.7,,51.4,91.8,0.45,SW@0.6,2.4,62.2,0.0,0,"East Olympia, Olympia, Thurston County",330151,East Olympia,2017-12-09 17:37:13.271891
2010-06-07,21:45,53.4,,51.5,93.5,0.55,SW@0.5,2.1,62.1,0.0,0,"East Olympia, Olympia, Thurston County",330151,East Olympia,2017-12-09 17:37:13.271891
2010-06-07,22:00,52.8,,51.2,94.1,0.64,NE@0.2,1.7,62.1,0.0,0,"East Olympia, Olympia, Thurston County",330151,East Olympia,2017-12-09 17:37:13.271891
2010-06-07,22:15,52.3,,50.9,95.0,0.72,SW@0.1,1.7,62.0,0.0,0,"East Olympia, Olympia, Thurston County",330151,East Olympia,2017-12-09 17:37:13.271891
2010-06-07,22:30,51.8,,50.7,96.2,0.78,SW@1.2,2.4,61.9,0.0,0,"East Olympia, Olympia, Thurston County",330151,East Olympia,2017-12-09 17:37:13.271891
2010-06-07,22:45,51.6,,50.6,96.1,0.81,W@0.2,1.7,61.9,0.0,0,"East Olympia, Olympia, Thurston County",330151,East Olympia,2017-12-09 17:37:13.271891
2010-06-07,23:00,51.1,,50.1,96.4,0.84,NE@0.1,1.4,61.8,0.0,0,"East Olympia, Olympia, Thurston County",330151,East Olympia,2017-12-09 17:37:13.271891
2010-06-08,23:15,50.9,,50.0,96.6,0.86,SW@0.0,1.4,61.7,0.0,0,"East Olympia, Olympia, Thurston County",330151,East Olympia,2017-12-09 17:37:13.271891
2010-06-08,23:30,50.4,,49.5,96.9,0.87,W@0.3,1.7,61.6,0.0,1,"East Olympia, Olympia, Thurston County",330151,East Olympia,2017-12-09 17:37:13.271891
2010-06-08,23:45,49.7,,49.0,97.2,0.88,E@1.5,3.1,61.5,0.0,0,"East Olympia, Olympia, Thurston County",330151,East Olympia,2017-12-09 17:37:13.271891
2010-06-08,24:00,48.7,,48.1,97.7,0.88,S@1.7,3.5,61.4,0.0,0,"East Olympia, Olympia, Thurston County",330151,East Olympia,2017-12-09 17:37:13.271891
2010-06-08,00:15,49.1,,48.5,97.7,0.89,SW@0.0,1.4,61.3,0.0,0,"East Olympia, Olympia, Thurston County",330151,East Olympia,2017-12-09 17:37:13.271891
2010-06-08,00:30,48.8,,48.0,97.2,0.89,N@0.0,0.0,61.1,0.0,0,"East Olympia, Olympia, Thurston County",330151,East Olympia,2017-12-09 17:37:13.271891
2010-06-08,00:45,48.5,,47.7,97.3,0.89,N@0.0,0.0,61.0,0.0,0,"East Olympia, Olympia, Thurston County",330151,East Olympia,2017-12-09 17:37:13.271891
2010-06-08,01:00,48.2,,47.4,96.9,0.89,N@0.0,0.0,60.9,0.0,0,"East Olympia, Olympia, Thurston County",330151,East Olympia,2017-12-09 17:37:13.271891
2010-06-08,01:15,47.8,,47.0,97.0,0.9,N@0.0,0.0,60.8,0.0,0,"East Olympia, Olympia, Thurston County",330151,East Olympia,2017-12-09 17:37:13.271891
2010-06-08,01:30,48.2,,47.6,97.6,0.9,N@0.0,0.0,60.7,0.0,0,"East Olympia, Olympia, Thurston County",330151,East Olympia,2017-12-09 17:37:13.271891
2010-06-08,01:45,47.9,,47.2,97.5,0.9,N@0.0,0.0,60.6,0.0,0,"East Olympia, Olympia, Thurston County",330151,East Olympia,2017-12-09 17:37:13.271891
2010-06-08,02:00,47.8,,47.1,97.4,0.9,N@0.0,0.0,60.4,0.0,0,"East Olympia, Olympia, Thurston County",330151,East Olympia,2017-12-09 17:37:13.271891
2010-06-08,02:15,47.8,,47.3,97.9,0.9,N@0.0,0.0,60.3,0.0,0,"East Olympia, Olympia, Thurston County",330151,East Olympia,2017-12-09 17:37:13.271891
2010-06-08,02:30,47.4,,46.7,97.5,0.91,N@0.0,0.0,60.2,0.0,0,"East Olympia, Olympia, Thurston County",330151,East Olympia,2017-12-09 17:37:13.271891
2010-06-08,02:45,46.8,,46.0,97.0,0.91,N@0.0,0.0,60.1,0.0,0,"East Olympia, Olympia, Thurston County",330151,East Olympia,2017-12-09 17:37:13.271891
2010-06-08,03:00,46.7,,46.0,97.5,0.91,N@0.0,0.0,59.9,0.0,0,"East Olympia, Olympia, Thurston County",330151,East Olympia,2017-12-09 17:37:13.271891
2010-06-08,03:15,46.2,,45.5,97.3,0.91,N@0.0,0.0,59.8,0.0,0,"East Olympia, Olympia, Thurston County",330151,East Olympia,2017-12-09 17:37:13.271891
2010-06-08,03:30,45.9,,45.2,97.2,0.91,N@0.0,0.0,59.7,0.0,0,"East Olympia, Olympia, Thurston County",330151,East Olympia,2017-12-09 17:37:13.271891
2010-06-08,03:45,46.0,,45.3,97.4,0.91,N@0.0,0.0,59.6,0.0,1,"East Olympia, Olympia, Thurston County",330151,East Olympia,2017-12-09 17:37:13.271891
2010-06-08,04:00,45.5,,44.8,97.4,0.92,N@0.0,0.0,59.4,0.0,2,"East Olympia, Olympia, Thurston County",330151,East Olympia,2017-12-09 17:37:13.271891
2010-06-08,04:15,45.3,,44.7,97.6,0.92,N@0.0,0.0,59.3,0.0,2,"East Olympia, Olympia, Thurston County",330151,East Olympia,2017-12-09 17:37:13.271891
2010-06-08,04:30,45.4,,44.8,97.5,0.92,N@0.0,0.0,59.2,0.0,6,"East Olympia, Olympia, Thurston County",330151,East Olympia,2017-12-09 17:37:13.271891
2010-06-08,04:45,45.2,,44.5,97.4,0.92,N@0.0,0.0,59.1,0.0,11,"East Olympia, Olympia, Thurston County",330151,East Olympia,2017-12-09 17:37:13.271891
2010-06-08,05:00,45.9,,45.4,98.1,0.92,N@0.0,0.0,59.0,0.0,20,"East Olympia, Olympia, Thurston County",330151,East Olympia,2017-12-09 17:37:13.271891
2010-06-08,05:15,47.4,,47.0,98.4,0.93,N@0.0,0.0,58.8,0.0,41,"East Olympia, Olympia, Thurston County",330151,East Olympia,2017-12-09 17:37:13.271891
2010-06-08,05:30,48.2,,47.7,98.0,0.93,N@0.0,0.0,58.7,0.0,40,"East Olympia, Olympia, Thurston County",330151,East Olympia,2017-12-09 17:37:13.271891
2010-06-08,05:45,48.3,,47.8,98.1,0.93,N@0.0,0.0,58.6,0.0,68,"East Olympia, Olympia, Thurston County",330151,East Olympia,2017-12-09 17:37:13.271891
2010-06-08,06:00,49.5,,49.1,98.5,0.93,E@0.2,1.7,58.5,0.0,154,"East Olympia, Olympia, Thurston County",330151,East Olympia,2017-12-09 17:37:13.271891
2010-06-08,06:15,51.4,,50.7,97.4,0.93,E@1.4,2.1,58.4,0.0,222,"East Olympia, Olympia, Thurston County",330151,East Olympia,2017-12-09 17:37:13.271891
2010-06-08,06:30,53.3,,51.8,94.7,0.93,SE@1.8,2.1,58.2,0.0,254,"East Olympia, Olympia, Thurston County",330151,East Olympia,2017-12-09 17:37:13.271891
2010-06-08,06:45,54.7,,52.4,91.7,0.94,E@1.7,3.1,58.1,0.0,266,"East Olympia, Olympia, Thurston County",330151,East Olympia,2017-12-09 17:37:13.271891
2010-06-08,07:00,56.4,,52.7,87.2,0.94,NE@2.6,6.7,58.0,0.0,290,"East Olympia, Olympia, Thurston County",330151,East Olympia,2017-12-09 17:37:13.271891
2010-06-08,07:15,57.6,,52.4,82.8,0.92,NE@3.0,6.0,57.9,0.0,345,"East Olympia, Olympia, Thurston County",330151,East Olympia,2017-12-09 17:37:13.271891
2010-06-08,07:30,59.0,,53.2,80.9,0.87,N@2.7,4.9,57.9,0.0,364,"East Olympia, Olympia, Thurston County",330151,East Olympia,2017-12-09 17:37:13.271891
2010-06-08,07:45,59.1,,51.6,76.2,0.51,NE@3.8,6.4,57.8,0.0,392,"East Olympia, Olympia, Thurston County",330151,East Olympia,2017-12-09 17:37:13.271891
2010-06-08,08:00,59.6,,51.8,75.3,0.02,NE@3.7,9.2,57.7,0.0,435,"East Olympia, Olympia, Thurston County",330151,East Olympia,2017-12-09 17:37:13.271891
2010-06-08,08:15,60.3,,52.0,74.1,0.0,NE@3.4,6.7,57.6,0.0,425,"East Olympia, Olympia, Thurston County",330151,East Olympia,2017-12-09 17:37:13.271891
2010-06-08,08:30,60.9,,52.5,73.7,0.0,NE@3.1,7.1,57.6,0.0,449,"East Olympia, Olympia, Thurston County",330151,East Olympia,2017-12-09 17:37:13.271891
2010-06-08,08:45,61.7,,52.4,71.5,0.0,NE@3.6,7.8,57.5,0.0,553,"East Olympia, Olympia, Thurston County",330151,East Olympia,2017-12-09 17:37:13.271891
2010-06-08,09:00,62.3,,52.3,69.8,0.0,N@3.8,8.2,57.5,0.0,523,"East Olympia, Olympia, Thurston County",330151,East Olympia,2017-12-09 17:37:13.271891
2010-06-08,09:15,63.0,,52.7,69.0,0.0,N@3.7,8.5,57.5,0.0,585,"East Olympia, Olympia, Thurston County",330151,East Olympia,2017-12-09 17:37:13.271891
2010-06-08,09:30,63.3,,52.2,67.1,0.0,NE@4.0,8.5,57.5,0.0,641,"East Olympia, Olympia, Thurston County",330151,East Olympia,2017-12-09 17:37:13.271891
2010-06-08,09:45,64.3,,52.5,65.5,0.0,N@4.2,8.5,57.5,0.0,738,"East Olympia, Olympia, Thurston County",330151,East Olympia,2017-12-09 17:37:13.271891
2010-06-08,10:00,64.1,,52.0,64.8,0.0,NE@4.1,8.9,57.5,0.0,622,"East Olympia, Olympia, Thurston County",330151,East Olympia,2017-12-09 17:37:13.271891
2010-06-08,10:15,64.3,,51.9,63.9,0.0,NE@4.5,9.6,57.5,0.0,623,"East Olympia, Olympia, Thurston County",330151,East Olympia,2017-12-09 17:37:13.271891
2010-06-08,10:30,64.8,,52.3,63.6,0.0,N@3.4,9.2,57.6,0.0,592,"East Olympia, Olympia, Thurston County",330151,East Olympia,2017-12-09 17:37:13.271891
2010-06-08,10:45,64.7,,52.1,63.6,0.0,N@3.0,6.7,57.6,0.0,404,"East Olympia, Olympia, Thurston County",330151,East Olympia,2017-12-09 17:37:13.271891
2010-06-08,11:00,64.9,,51.6,62.0,0.0,N@3.3,7.1,57.7,0.0,507,"East Olympia, Olympia, Thurston County",330151,East Olympia,2017-12-09 17:37:13.271891
2010-06-08,11:15,65.8,,51.9,60.8,0.0,N@3.0,7.8,57.8,0.0,555,"East Olympia, Olympia, Thurston County",330151,East Olympia,2017-12-09 17:37:13.271891
2010-06-08,11:30,65.1,,50.3,58.7,0.0,NE@3.9,7.8,57.9,0.0,482,"East Olympia, Olympia, Thurston County",330151,East Olympia,2017-12-09 17:37:13.271891
2010-06-08,11:45,65.4,,51.7,61.1,0.0,NW@2.6,5.7,58.0,0.0,395,"East Olympia, Olympia, Thurston County",330151,East Olympia,2017-12-09 17:37:13.271891
2010-06-08,12:00,65.4,,51.0,59.7,0.0,N@3.0,7.8,58.1,0.0,371,"East Olympia, Olympia, Thurston County",330151,East Olympia,2017-12-09 17:37:13.271891
2010-06-08,12:15,65.3,,51.5,60.8,0.0,N@2.6,6.0,58.2,0.0,341,"East Olympia, Olympia, Thurston County",330151,East Olympia,2017-12-09 17:37:13.271891
2010-06-08,12:30,65.3,,50.7,59.1,0.0,N@3.6,8.2,58.3,0.0,445,"East Olympia, Olympia, Thurston County",330151,East Olympia,2017-12-09 17:37:13.271891
2010-06-08,12:45,66.0,,50.5,57.3,0.0,NE@3.5,6.4,58.5,0.0,574,"East Olympia, Olympia, Thurston County",330151,East Olympia,2017-12-09 17:37:13.271891
2010-06-08,13:00,66.6,,50.1,55.3,0.0,N@3.4,8.2,58.6,0.0,547,"East Olympia, Olympia, Thurston County",330151,East Olympia,2017-12-09 17:37:13.271891
2010-06-08,13:15,67.0,,49.6,53.4,0.0,NE@3.0,7.1,58.7,0.0,578,"East Olympia, Olympia, Thurston County",330151,East Olympia,2017-12-09 17:37:13.271891
2010-06-08,13:30,67.0,,49.7,53.6,0.0,NE@3.2,5.7,58.8,0.0,472,"East Olympia, Olympia, Thurston County",330151,East Olympia,2017-12-09 17:37:13.271891
2010-06-08,13:45,67.3,,49.3,52.4,0.0,NE@4.0,7.8,58.9,0.0,716,"East Olympia, Olympia, Thurston County",330151,East Olympia,2017-12-09 17:37:13.271891
2010-06-08,14:00,68.4,,49.1,50.1,0.0,NE@3.4,9.6,59.0,0.0,687,"East Olympia, Olympia, Thurston County",330151,East Olympia,2017-12-09 17:37:13.271891
2010-06-08,14:15,68.8,,48.9,49.1,0.0,N@4.5,8.2,59.1,0.0,805,"East Olympia, Olympia, Thurston County",330151,East Olympia,2017-12-09 17:37:13.271891
2010-06-08,14:30,69.2,,48.8,48.0,0.0,NE@3.6,7.8,59.2,0.0,709,"East Olympia, Olympia, Thurston County",330151,East Olympia,2017-12-09 17:37:13.271891
2010-06-08,14:45,70.1,,49.6,48.1,0.0,NE@3.6,8.5,59.3,0.0,668,"East Olympia, Olympia, Thurston County",330151,East Olympia,2017-12-09 17:37:13.271891
2010-06-08,15:00,69.8,,49.0,47.6,0.0,NE@2.7,6.7,59.4,0.0,558,"East Olympia, Olympia, Thurston County",330151,East Olympia,2017-12-09 17:37:13.271891
2010-06-08,15:15,70.5,,49.9,48.0,0.0,NW@2.9,6.0,59.5,0.0,672,"East Olympia, Olympia, Thurston County",330151,East Olympia,2017-12-09 17:37:13.271891
2010-06-08,15:30,70.5,,48.9,46.3,0.0,NE@3.3,6.7,59.7,0.0,565,"East Olympia, Olympia, Thurston County",330151,East Olympia,2017-12-09 17:37:13.271891
2010-06-08,15:45,69.2,,49.3,49.1,0.0,NW@2.3,4.2,59.8,0.0,283,"East Olympia, Olympia, Thurston County",330151,East Olympia,2017-12-09 17:37:13.271891
2010-06-08,16:00,68.9,,49.4,49.8,0.0,N@1.0,3.1,59.9,0.0,190,"East Olympia, Olympia, Thurston County",330151,East Olympia,2017-12-09 17:37:13.271891
2010-06-08,16:15,67.8,,51.9,56.7,0.0,E@1.9,3.9,60.0,0.0,133,"East Olympia, Olympia, Thurston County",330151,East Olympia,2017-12-09 17:37:13.271891
2010-06-08,16:30,66.7,,56.8,70.3,0.0,SE@1.2,2.8,60.2,0.0,121,"East Olympia, Olympia, Thurston County",330151,East Olympia,2017-12-09 17:37:13.271891
2010-06-08,16:45,65.4,,57.0,74.0,0.0,SE@1.8,3.5,60.3,0.0,105,"East Olympia, Olympia, Thurston County",330151,East Olympia,2017-12-09 17:37:13.271891
2010-06-08,17:00,64.9,,57.1,75.8,0.0,SE@1.7,2.8,60.4,0.0,80,"East Olympia, Olympia, Thurston County",330151,East Olympia,2017-12-09 17:37:13.271891
2010-06-08,17:15,64.4,,58.0,79.4,0.0,SE@0.8,2.1,60.5,0.0,80,"East Olympia, Olympia, Thurston County",330151,East Olympia,2017-12-09 17:37:13.271891
2010-06-08,17:30,64.2,,58.5,81.5,0.0,SE@1.4,2.8,60.6,0.0,53,"East Olympia, Olympia, Thurston County",330151,East Olympia,2017-12-09 17:37:13.271891
2010-06-08,17:45,63.5,,58.0,82.1,0.0,E@1.2,3.1,60.7,0.0,38,"East Olympia, Olympia, Thurston County",330151,East Olympia,2017-12-09 17:37:13.271891
2010-06-08,18:00,62.4,,56.6,81.1,0.0,SE@2.6,6.0,60.8,0.0,26,"East Olympia, Olympia, Thurston County",330151,East Olympia,2017-12-09 17:37:13.271891
2010-06-08,18:15,62.6,,57.1,82.3,0.0,S@1.5,3.1,60.9,0.0,18,"East Olympia, Olympia, Thurston County",330151,East Olympia,2017-12-09 17:37:13.271891
2010-06-08,18:30,62.1,,56.1,80.7,0.0,S@1.6,4.9,60.9,0.0,22,"East Olympia, Olympia, Thurston County",330151,East Olympia,2017-12-09 17:37:13.271891
2010-06-08,18:45,62.4,,55.8,78.8,0.0,S@2.8,4.2,61.0,0.0,24,"East Olympia, Olympia, Thurston County",330151,East Olympia,2017-12-09 17:37:13.271891
2010-06-08,19:00,63.5,,53.4,69.4,0.0,S@2.5,5.7,61.0,0.0,20,"East Olympia, Olympia, Thurston County",330151,East Olympia,2017-12-09 17:37:13.271891
2010-06-08,19:15,63.0,,54.1,72.8,0.0,SE@2.9,7.4,61.0,0.0,16,"East Olympia, Olympia, Thurston County",330151,East Olympia,2017-12-09 17:37:13.271891
2010-06-08,19:30,63.5,,51.1,64.0,0.02,SW@3.6,9.6,61.0,0.0,7,"East Olympia, Olympia, Thurston County",330151,East Olympia,2017-12-09 17:37:13.271891
2010-06-08,19:45,62.3,,50.6,65.4,0.33,SW@4.1,8.9,61.0,0.0,3,"East Olympia, Olympia, Thurston County",330151,East Olympia,2017-12-09 17:37:13.271891
2010-06-08,20:00,60.1,,52.1,74.8,0.84,SW@3.8,8.9,61.1,0.0,2,"East Olympia, Olympia, Thurston County",330151,East Olympia,2017-12-09 17:37:13.271891
2010-06-08,20:15,58.0,,53.5,84.8,0.91,S@2.5,6.7,61.1,0.02,2,"East Olympia, Olympia, Thurston County",330151,East Olympia,2017-12-09 17:37:13.271891
2010-06-08,20:30,56.7,,54.1,91.0,0.9,S@3.5,6.7,61.0,0.01,1,"East Olympia, Olympia, Thurston County",330151,East Olympia,2017-12-09 17:37:13.271891
2010-06-08,20:45,56.3,,54.3,93.1,0.89,S@2.3,4.9,61.1,0.01,0,"East Olympia, Olympia, Thurston County",330151,East Olympia,2017-12-09 17:37:13.271891
2010-06-08,21:00,56.3,,54.7,94.5,0.89,SW@2.0,3.5,61.0,0.0,0,"East Olympia, Olympia, Thurston County",330151,East Olympia,2017-12-09 17:37:13.271891
2010-06-08,21:15,56.0,,54.5,94.7,0.89,SW@3.3,8.5,61.0,0.01,0,"East Olympia, Olympia, Thurston County",330151,East Olympia,2017-12-09 17:37:13.271891
2010-06-08,21:30,55.6,,53.7,93.0,0.88,S@2.0,7.8,61.0,0.01,0,"East Olympia, Olympia, Thurston County",330151,East Olympia,2017-12-09 17:37:13.271891
2010-06-08,21:45,55.2,,53.6,94.3,0.88,SE@2.2,4.9,60.9,0.01,0,"East Olympia, Olympia, Thurston County",330151,East Olympia,2017-12-09 17:37:13.271891
2010-06-08,22:00,54.7,,53.5,95.6,0.88,S@2.6,3.5,60.9,0.0,0,"East Olympia, Olympia, Thurston County",330151,East Olympia,2017-12-09 17:37:13.271891
2010-06-08,22:15,54.7,,53.7,96.2,0.88,S@1.8,2.8,60.9,0.0,0,"East Olympia, Olympia, Thurston County",330151,East Olympia,2017-12-09 17:37:13.271891
2010-06-08,22:30,54.8,,54.0,97.0,0.88,SE@1.2,2.1,60.8,0.02,0,"East Olympia, Olympia, Thurston County",330151,East Olympia,2017-12-09 17:37:13.271891
2010-06-08,22:45,54.7,,54.0,97.5,0.87,NE@1.8,3.1,60.8,0.02,0,"East Olympia, Olympia, Thurston County",330151,East Olympia,2017-12-09 17:37:13.271891
2010-06-08,23:00,54.9,,54.3,97.6,0.87,N@0.1,1.7,60.8,0.0,0,"East Olympia, Olympia, Thurston County",330151,East Olympia,2017-12-09 17:37:13.271891
2010-06-09,23:15,54.9,,54.3,97.8,0.87,SE@1.0,2.1,60.7,0.0,0,"East Olympia, Olympia, Thurston County",330151,East Olympia,2017-12-09 17:37:13.271891
2010-06-09,23:30,54.9,,54.3,97.7,0.88,S@0.1,1.7,60.7,0.01,0,"East Olympia, Olympia, Thurston County",330151,East Olympia,2017-12-09 17:37:13.271891
2010-06-09,23:45,54.7,,54.1,97.8,0.87,NE@1.6,2.8,60.6,0.0,0,"East Olympia, Olympia, Thurston County",330151,East Olympia,2017-12-09 17:37:13.271891
2010-06-09,24:00,54.5,,53.9,97.9,0.87,NE@1.4,2.8,60.6,0.0,0,"East Olympia, Olympia, Thurston County",330151,East Olympia,2017-12-09 17:37:13.271891
2010-06-09,00:15,54.4,,53.8,97.7,0.87,NE@0.9,2.1,60.5,0.01,0,"East Olympia, Olympia, Thurston County",330151,East Olympia,2017-12-09 17:37:13.271891
2010-06-09,00:30,54.4,,53.8,97.7,0.87,NE@0.4,1.7,60.5,0.0,0,"East Olympia, Olympia, Thurston County",330151,East Olympia,2017-12-09 17:37:13.271891
2010-06-09,00:45,54.5,,53.8,97.6,0.87,E@0.5,1.7,60.4,0.0,0,"East Olympia, Olympia, Thurston County",330151,East Olympia,2017-12-09 17:37:13.271891
2010-06-09,01:00,54.5,,53.8,97.7,0.87,NE@1.1,2.4,60.3,0.0,0,"East Olympia, Olympia, Thurston County",330151,East Olympia,2017-12-09 17:37:13.271891
2010-06-09,01:15,54.5,,53.8,97.7,0.87,W@0.7,2.1,60.3,0.0,0,"East Olympia, Olympia, Thurston County",330151,East Olympia,2017-12-09 17:37:13.271891
2010-06-09,01:30,54.5,,53.9,97.8,0.87,NE@1.3,2.4,60.2,0.0,0,"East Olympia, Olympia, Thurston County",330151,East Olympia,2017-12-09 17:37:13.271891
2010-06-09,01:45,54.5,,53.9,97.8,0.88,NE@0.9,2.8,60.2,0.0,0,"East Olympia, Olympia, Thurston County",330151,East Olympia,2017-12-09 17:37:13.271891
2010-06-09,02:00,54.5,,53.9,97.7,0.88,N@0.5,2.1,60.1,0.0,0,"East Olympia, Olympia, Thurston County",330151,East Olympia,2017-12-09 17:37:13.271891
2010-06-09,02:15,54.5,,53.9,97.9,0.88,NE@1.9,3.1,60.1,0.04,0,"East Olympia, Olympia, Thurston County",330151,East Olympia,2017-12-09 17:37:13.271891
2010-06-09,02:30,54.5,,53.9,98.0,0.87,NE@1.8,3.9,60.0,0.03,0,"East Olympia, Olympia, Thurston County",330151,East Olympia,2017-12-09 17:37:13.271891
2010-06-09,02:45,54.5,,53.9,97.9,0.87,N@2.0,3.9,60.0,0.02,0,"East Olympia, Olympia, Thurston County",330151,East Olympia,2017-12-09 17:37:13.271891
2010-06-09,03:00,54.5,,54.0,98.1,0.86,W@2.0,4.9,59.9,0.0,0,"East Olympia, Olympia, Thurston County",330151,East Olympia,2017-12-09 17:37:13.271891
2010-06-09,03:15,54.5,,54.0,97.9,0.86,W@2.1,4.2,59.9,0.0,0,"East Olympia, Olympia, Thurston County",330151,East Olympia,2017-12-09 17:37:13.271891
2010-06-09,03:30,54.5,,53.9,97.8,0.86,W@1.5,3.9,59.8,0.0,0,"East Olympia, Olympia, Thurston County",330151,East Olympia,2017-12-09 17:37:13.271891
2010-06-09,03:45,54.5,,53.9,97.6,0.87,SW@1.2,3.5,59.8,0.0,0,"East Olympia, Olympia, Thurston County",330151,East Olympia,2017-12-09 17:37:13.271891
2010-06-09,04:00,54.5,,53.9,97.6,0.87,SW@1.6,3.5,59.7,0.01,1,"East Olympia, Olympia, Thurston County",330151,East Olympia,2017-12-09 17:37:13.271891
2010-06-09,04:15,54.5,,53.7,97.3,0.87,S@1.2,3.1,59.7,0.0,2,"East Olympia, Olympia, Thurston County",330151,East Olympia,2017-12-09 17:37:13.271891
2010-06-09,04:30,54.4,,53.7,97.1,0.87,W@1.9,3.1,59.6,0.02,2,"East Olympia, Olympia, Thurston County",330151,East Olympia,2017-12-09 17:37:13.271891
2010-06-09,04:45,54.3,,53.5,97.2,0.87,SW@1.5,4.2,59.6,0.0,4,"East Olympia, Olympia, Thurston County",330151,East Olympia,2017-12-09 17:37:13.271891
2010-06-09,05:00,54.5,,53.7,97.0,0.87,SE@0.3,1.7,59.5,0.0,8,"East Olympia, Olympia, Thurston County",330151,East Olympia,2017-12-09 17:37:13.271891
2010-06-09,05:15,54.6,,53.8,97.2,0.87,E@0.1,1.4,59.5,0.0,21,"East Olympia, Olympia, Thurston County",330151,East Olympia,2017-12-09 17:37:13.271891
2010-06-09,05:30,54.8,,54.1,97.4,0.87,N@0.5,2.1,59.4,0.0,24,"East Olympia, Olympia, Thurston County",330151,East Olympia,2017-12-09 17:37:13.271891
2010-06-09,05:45,54.9,,54.3,97.6,0.88,NE@1.3,2.4,59.4,0.01,17,"East Olympia, Olympia, Thurston County",330151,East Olympia,2017-12-09 17:37:13.271891
2010-06-09,06:00,55.2,,54.6,97.8,0.87,NE@0.6,1.7,59.3,0.0,51,"East Olympia, Olympia, Thurston County",330151,East Olympia,2017-12-09 17:37:13.271891
2010-06-09,06:15,55.9,,55.2,97.7,0.87,N@0.7,2.4,59.3,0.0,112,"East Olympia, Olympia, Thurston County",330151,East Olympia,2017-12-09 17:37:13.271891
2010-06-09,06:30,56.3,,55.3,96.6,0.88,NW@1.3,3.1,59.2,0.0,89,"East Olympia, Olympia, Thurston County",330151,East Olympia,2017-12-09 17:37:13.271891
2010-06-09,06:45,55.9,,54.8,96.1,0.88,W@2.2,3.5,59.2,0.0,78,"East Olympia, Olympia, Thurston County",330151,East Olympia,2017-12-09 17:37:13.271891
2010-06-09,07:00,56.3,,55.2,95.9,0.88,SW@1.1,2.4,59.2,0.01,84,"East Olympia, Olympia, Thurston County",330151,East Olympia,2017-12-09 17:37:13.271891
2010-06-09,07:15,56.4,,55.1,95.2,0.88,W@0.5,2.4,59.1,0.01,64,"East Olympia, Olympia, Thurston County",330151,East Olympia,2017-12-09 17:37:13.271891
2010-06-09,07:30,56.5,,55.2,95.5,0.87,N@1.6,3.1,59.1,0.01,85,"East Olympia, Olympia, Thurston County",330151,East Olympia,2017-12-09 17:37:13.271891
2010-06-09,07:45,57.3,,56.0,95.5,0.87,NE@1.4,2.8,59.0,0.01,171,"East Olympia, Olympia, Thurston County",330151,East Olympia,2017-12-09 17:37:13.271891
2010-06-09,08:00,57.3,,55.7,94.3,0.9,E@1.8,4.2,59.0,0.01,107,"East Olympia, Olympia, Thurston County",330151,East Olympia,2017-12-09 17:37:13.271891
2010-06-09,08:15,57.5,,55.7,93.3,0.91,W@2.0,3.9,59.0,0.0,140,"East Olympia, Olympia, Thurston County",330151,East Olympia,2017-12-09 17:37:13.271891
2010-06-09,08:30,57.8,,55.7,92.7,0.91,S@2.0,3.9,58.9,0.0,184,"East Olympia, Olympia, Thurston County",330151,East Olympia,2017-12-09 17:37:13.271891
2010-06-09,08:45,59.5,,56.9,91.2,0.88,S@2.7,5.3,58.9,0.01,427,"East Olympia, Olympia, Thurston County",330151,East Olympia,2017-12-09 17:37:13.271891
2010-06-09,09:00,60.7,,57.3,88.2,0.76,W@2.8,8.2,58.9,0.0,369,"East Olympia, Olympia, Thurston County",330151,East Olympia,2017-12-09 17:37:13.271891
2010-06-09,09:15,62.2,,57.7,85.0,0.26,NW@3.0,5.7,58.9,0.0,544,"East Olympia, Olympia, Thurston County",330151,East Olympia,2017-12-09 17:37:13.271891
2010-06-09,09:30,63.4,,58.5,83.8,0.0,S@3.6,5.3,58.9,0.0,802,"East Olympia, Olympia, Thurston County",330151,East Olympia,2017-12-09 17:37:13.271891
2010-06-09,09:45,63.6,,56.7,78.2,0.0,S@4.4,9.9,58.9,0.0,746,"East Olympia, Olympia, Thurston County",330151,East Olympia,2017-12-09 17:37:13.271891
2010-06-09,10:00,63.9,,56.1,75.4,0.0,S@4.4,10.3,58.9,0.0,636,"East Olympia, Olympia, Thurston County",330151,East Olympia,2017-12-09 17:37:13.271891
2010-06-09,10:15,63.1,,55.5,76.2,0.05,SW@3.7,7.1,58.9,0.0,387,"East Olympia, Olympia, Thurston County",330151,East Olympia,2017-12-09 17:37:13.271891
2010-06-09,10:30,62.1,,56.3,81.5,0.9,SW@3.2,7.4,58.9,0.0,193,"East Olympia, Olympia, Thurston County",330151,East Olympia,2017-12-09 17:37:13.271891
2010-06-09,10:45,60.1,,56.3,87.3,0.94,W@3.5,9.2,58.9,0.01,151,"East Olympia, Olympia, Thurston County",330151,East Olympia,2017-12-09 17:37:13.271891
2010-06-09,11:00,58.1,,55.6,91.4,0.91,S@2.8,8.2,58.9,0.06,79,"East Olympia, Olympia, Thurston County",330151,East Olympia,2017-12-09 17:37:13.271891
2010-06-09,11:15,58.7,,57.1,94.1,0.91,SE@1.4,2.8,58.9,0.01,197,"East Olympia, Olympia, Thurston County",330151,East Olympia,2017-12-09 17:37:13.271891
2010-06-09,11:30,59.6,,57.5,92.8,0.9,SE@2.0,3.5,59.0,0.0,131,"East Olympia, Olympia, Thurston County",330151,East Olympia,2017-12-09 17:37:13.271891
2010-06-09,11:45,59.1,,57.2,93.5,0.89,SE@2.4,5.7,59.0,0.0,90,"East Olympia, Olympia, Thurston County",330151,East Olympia,2017-12-09 17:37:13.271891
2010-06-09,12:00,58.4,,56.6,93.5,0.9,SE@2.6,6.0,59.1,0.02,74,"East Olympia, Olympia, Thurston County",330151,East Olympia,2017-12-09 17:37:13.271891
2010-06-09,12:15,58.2,,56.5,94.1,0.91,SE@2.5,4.6,59.1,0.01,164,"East Olympia, Olympia, Thurston County",330151,East Olympia,2017-12-09 17:37:13.271891
2010-06-09,12:30,60.1,,57.6,91.2,0.88,SE@3.0,4.9,59.1,0.0,532,"East Olympia, Olympia, Thurston County",330151,East Olympia,2017-12-09 17:37:13.271891
2010-06-09,12:45,61.2,,57.5,87.6,0.77,S@2.1,5.3,59.2,0.0,257,"East Olympia, Olympia, Thurston County",330151,East Olympia,2017-12-09 17:37:13.271891
2010-06-09,13:00,60.1,,56.8,88.7,0.8,S@3.5,9.9,59.2,0.0,244,"East Olympia, Olympia, Thurston County",330151,East Olympia,2017-12-09 17:37:13.271891
2010-06-09,13:15,59.8,,56.3,88.1,0.91,S@3.5,8.2,59.2,0.0,284,"East Olympia, Olympia, Thurston County",330151,East Olympia,2017-12-09 17:37:13.271891
2010-06-09,13:30,59.6,,56.3,88.8,0.9,S@2.8,6.0,59.3,0.0,306,"East Olympia, Olympia, Thurston County",330151,East Olympia,2017-12-09 17:37:13.271891
2010-06-09,13:45,60.3,,56.4,87.0,0.85,S@3.2,6.7,59.3,0.0,332,"East Olympia, Olympia, Thurston County",330151,East Olympia,2017-12-09 17:37:13.271891
2010-06-09,14:00,59.7,,56.6,89.5,0.89,E@2.2,4.6,59.3,0.05,188,"East Olympia, Olympia, Thurston County",330151,East Olympia,2017-12-09 17:37:13.271891
2010-06-09,14:15,60.7,,57.7,90.0,0.89,E@2.7,6.4,59.3,0.0,393,"East Olympia, Olympia, Thurston County",330151,East Olympia,2017-12-09 17:37:13.271891
2010-06-09,14:30,60.9,,56.9,86.4,0.86,SW@3.2,7.8,59.4,0.18,122,"East Olympia, Olympia, Thurston County",330151,East Olympia,2017-12-09 17:37:13.271891
2010-06-09,14:45,58.7,,56.2,91.3,0.88,W@2.5,6.4,59.4,0.08,117,"East Olympia, Olympia, Thurston County",330151,East Olympia,2017-12-09 17:37:13.271891
2010-06-09,15:00,60.4,,58.4,93.0,0.88,SE@2.3,4.6,59.4,0.01,551,"East Olympia, Olympia, Thurston County",330151,East Olympia,2017-12-09 17:37:13.271891
2010-06-09,15:15,61.9,,57.7,86.2,0.83,S@2.6,6.0,59.5,0.0,286,"East Olympia, Olympia, Thurston County",330151,East Olympia,2017-12-09 17:37:13.271891
2010-06-09,15:30,60.4,,56.3,86.2,0.87,S@3.0,7.4,59.5,0.01,210,"East Olympia, Olympia, Thurston County",330151,East Olympia,2017-12-09 17:37:13.271891
2010-06-09,15:45,58.7,,55.8,90.1,0.89,SW@2.9,8.9,59.5,0.04,52,"East Olympia, Olympia, Thurston County",330151,East Olympia,2017-12-09 17:37:13.271891
2010-06-09,16:00,58.1,,56.3,93.5,0.89,SE@2.9,7.1,59.6,0.04,163,"East Olympia, Olympia, Thurston County",330151,East Olympia,2017-12-09 17:37:13.271891
2010-06-09,16:15,59.1,,57.3,93.6,0.89,S@2.3,5.7,59.6,0.01,205,"East Olympia, Olympia, Thurston County",330151,East Olympia,2017-12-09 17:37:13.271891
2010-06-09,16:30,59.3,,57.3,93.0,0.89,SE@3.2,5.7,59.7,0.02,199,"East Olympia, Olympia, Thurston County",330151,East Olympia,2017-12-09 17:37:13.271891
2010-06-09,16:45,59.8,,57.8,93.0,0.87,E@1.9,3.9,59.7,0.0,168,"East Olympia, Olympia, Thurston County",330151,East Olympia,2017-12-09 17:37:13.271891
2010-06-09,17:00,61.1,,58.1,89.8,0.83,S@2.4,4.2,59.7,0.0,280,"East Olympia, Olympia, Thurston County",330151,East Olympia,2017-12-09 17:37:13.271891
2010-06-09,17:15,61.0,,57.6,88.6,0.7,W@3.1,5.7,59.8,0.01,274,"East Olympia, Olympia, Thurston County",330151,East Olympia,2017-12-09 17:37:13.271891
2010-06-09,17:30,60.6,,56.5,86.2,0.25,W@3.1,8.5,59.8,0.0,130,"East Olympia, Olympia, Thurston County",330151,East Olympia,2017-12-09 17:37:13.271891
2010-06-09,17:45,59.6,,55.4,86.0,0.02,SW@2.8,6.0,59.8,0.0,149,"East Olympia, Olympia, Thurston County",330151,East Olympia,2017-12-09 17:37:13.271891
2010-06-09,18:00,59.5,,55.7,87.3,0.0,SW@2.5,6.0,59.9,0.0,118,"East Olympia, Olympia, Thurston County",330151,East Olympia,2017-12-09 17:37:13.271891
2010-06-09,18:15,58.7,,54.5,85.8,0.0,SW@3.6,9.2,59.9,0.0,68,"East Olympia, Olympia, Thurston County",330151,East Olympia,2017-12-09 17:37:13.271891
2010-06-09,18:30,58.2,,53.5,84.4,0.0,SW@3.2,6.4,59.9,0.0,98,"East Olympia, Olympia, Thurston County",330151,East Olympia,2017-12-09 17:37:13.271891
2010-06-09,18:45,58.0,,52.7,82.5,0.0,SW@3.8,8.9,59.9,0.0,72,"East Olympia, Olympia, Thurston County",330151,East Olympia,2017-12-09 17:37:13.271891
2010-06-09,19:00,57.2,,52.6,84.3,0.0,SW@3.3,6.0,60.0,0.0,59,"East Olympia, Olympia, Thurston County",330151,East Olympia,2017-12-09 17:37:13.271891
2010-06-09,19:15,56.3,,52.2,86.1,0.0,S@2.9,6.4,60.0,0.0,25,"East Olympia, Olympia, Thurston County",330151,East Olympia,2017-12-09 17:37:13.271891
2010-06-09,19:30,55.6,,51.8,87.0,0.0,S@3.0,7.8,60.0,0.0,13,"East Olympia, Olympia, Thurston County",330151,East Olympia,2017-12-09 17:37:13.271891
2010-06-09,19:45,55.0,,51.0,86.4,0.0,S@3.2,5.3,60.0,0.0,8,"East Olympia, Olympia, Thurston County",330151,East Olympia,2017-12-09 17:37:13.271891
2010-06-09,20:00,54.7,,50.6,85.8,0.0,S@2.9,5.3,60.0,0.0,5,"East Olympia, Olympia, Thurston County",330151,East Olympia,2017-12-09 17:37:13.271891
2010-06-09,20:15,54.1,,51.0,89.3,0.0,S@2.8,5.3,60.0,0.0,2,"East Olympia, Olympia, Thurston County",330151,East Olympia,2017-12-09 17:37:13.271891
2010-06-09,20:30,53.9,,51.0,89.9,0.01,S@2.7,4.6,60.0,0.0,2,"East Olympia, Olympia, Thurston County",330151,East Olympia,2017-12-09 17:37:13.271891
2010-06-09,20:45,53.8,,51.2,90.8,0.01,S@2.2,4.9,60.0,0.0,1,"East Olympia, Olympia, Thurston County",330151,East Olympia,2017-12-09 17:37:13.271891
2010-06-09,21:00,53.6,,51.8,93.4,0.02,SW@2.0,8.5,60.0,0.0,0,"East Olympia, Olympia, Thurston County",330151,East Olympia,2017-12-09 17:37:13.271891
2010-06-09,21:15,53.8,,51.2,90.9,0.01,S@2.4,4.6,60.0,0.0,0,"East Olympia, Olympia, Thurston County",330151,East Olympia,2017-12-09 17:37:13.271891
2010-06-09,21:30,53.7,,51.0,90.2,0.01,S@2.7,5.7,60.0,0.0,0,"East Olympia, Olympia, Thurston County",330151,East Olympia,2017-12-09 17:37:13.271891
2010-06-09,21:45,53.8,,51.0,90.4,0.02,SW@1.7,4.2,60.0,0.0,0,"East Olympia, Olympia, Thurston County",330151,East Olympia,2017-12-09 17:37:13.271891
2010-06-09,22:00,53.6,,51.2,91.5,0.05,S@1.0,3.5,60.0,0.0,0,"East Olympia, Olympia, Thurston County",330151,East Olympia,2017-12-09 17:37:13.271891
2010-06-09,22:15,53.4,,51.3,92.5,0.09,S@2.0,3.9,59.9,0.0,0,"East Olympia, Olympia, Thurston County",330151,East Olympia,2017-12-09 17:37:13.271891
2010-06-09,22:30,53.5,,51.4,92.5,0.14,S@1.4,3.9,59.9,0.0,0,"East Olympia, Olympia, Thurston County",330151,East Olympia,2017-12-09 17:37:13.271891
2010-06-09,22:45,53.6,,51.4,92.4,0.34,S@0.7,3.1,59.9,0.0,0,"East Olympia, Olympia, Thurston County",330151,East Olympia,2017-12-09 17:37:13.271891
2010-06-09,23:00,53.6,,52.0,94.3,0.68,S@0.5,2.4,59.8,0.0,0,"East Olympia, Olympia, Thurston County",330151,East Olympia,2017-12-09 17:37:13.271891
2010-06-10,23:15,53.4,,51.9,94.8,0.79,W@2.0,4.2,59.8,0.0,0,"East Olympia, Olympia, Thurston County",330151,East Olympia,2017-12-09 17:37:13.271891
2010-06-10,23:30,53.6,,51.8,93.5,0.87,W@1.8,3.9,59.8,0.0,0,"East Olympia, Olympia, Thurston County",330151,East Olympia,2017-12-09 17:37:13.271891
2010-06-10,23:45,53.6,,51.4,92.3,0.9,W@2.2,6.0,59.7,0.0,0,"East Olympia, Olympia, Thurston County",330151,East Olympia,2017-12-09 17:37:13.271891
2010-06-10,24:00,53.6,,51.5,92.4,0.9,S@2.7,5.3,59.7,0.0,0,"East Olympia, Olympia, Thurston County",330151,East Olympia,2017-12-09 17:37:13.271891
