Date,Time PST,Air Temp °F, 2<sup>nd</sup> Air Temp °F, Dew Point °F, Rel Hum %, Leaf Wet u., Wind Dir @ Speed mph, Wind Gust mph, 8 in. Soil Tmp °F, Tot Prec in, Solar Rad W/m²,Location,Station ID,Station Name,Download Timestamp
2014-05-22,00:15,50.8,50.3,49.7,96.2,0.65,N@0.0,0.0,58.9,0.0,0,"East Olympia, Olympia, Thurston County",330151,East Olympia,2017-12-11 06:37:21.499102
2014-05-22,00:30,49.8,49.3,48.8,96.1,0.69,N@0.0,0.0,58.9,0.0,0,"East Olympia, Olympia, Thurston County",330151,East Olympia,2017-12-11 06:37:21.499102
2014-05-22,00:45,49.0,48.6,48.0,96.2,0.72,N@0.0,0.0,58.9,0.0,0,"East Olympia, Olympia, Thurston County",330151,East Olympia,2017-12-11 06:37:21.499102
2014-05-22,01:00,49.5,49.3,48.6,96.4,0.74,N@0.0,0.0,58.9,0.0,0,"East Olympia, Olympia, Thurston County",330151,East Olympia,2017-12-11 06:37:21.499102
2014-05-22,01:15,48.6,48.2,47.6,96.4,0.76,N@0.0,0.0,58.8,0.0,0,"East Olympia, Olympia, Thurston County",330151,East Olympia,2017-12-11 06:37:21.499102
2014-05-22,01:30,48.3,47.9,47.3,96.4,0.77,N@0.0,0.0,58.8,0.0,0,"East Olympia, Olympia, Thurston County",330151,East Olympia,2017-12-11 06:37:21.499102
2014-05-22,01:45,48.1,47.7,47.2,96.5,0.79,N@0.0,0.0,58.8,0.0,0,"East Olympia, Olympia, Thurston County",330151,East Olympia,2017-12-11 06:37:21.499102
2014-05-22,02:00,48.1,47.9,47.2,96.7,0.81,N@0.0,0.0,58.7,0.0,0,"East Olympia, Olympia, Thurston County",330151,East Olympia,2017-12-11 06:37:21.499102
2014-05-22,02:15,48.6,48.2,47.7,96.7,0.82,N@0.0,0.0,58.7,0.0,0,"East Olympia, Olympia, Thurston County",330151,East Olympia,2017-12-11 06:37:21.499102
2014-05-22,02:30,47.9,47.7,47.1,96.7,0.83,N@0.0,0.0,58.7,0.0,0,"East Olympia, Olympia, Thurston County",330151,East Olympia,2017-12-11 06:37:21.499102
2014-05-22,02:45,47.8,47.6,47.0,96.8,0.84,N@0.0,0.0,58.7,0.0,0,"East Olympia, Olympia, Thurston County",330151,East Olympia,2017-12-11 06:37:21.499102
2014-05-22,03:00,48.0,47.6,47.1,96.9,0.84,N@0.0,0.0,58.6,0.0,0,"East Olympia, Olympia, Thurston County",330151,East Olympia,2017-12-11 06:37:21.499102
2014-05-22,03:15,46.9,46.6,46.1,96.7,0.85,N@0.0,0.0,58.6,0.0,0,"East Olympia, Olympia, Thurston County",330151,East Olympia,2017-12-11 06:37:21.499102
2014-05-22,03:30,47.2,46.8,46.3,96.8,0.86,N@0.0,0.0,58.5,0.0,0,"East Olympia, Olympia, Thurston County",330151,East Olympia,2017-12-11 06:37:21.499102
2014-05-22,03:45,46.5,46.2,45.6,96.8,0.86,N@0.0,1.4,58.5,0.0,0,"East Olympia, Olympia, Thurston County",330151,East Olympia,2017-12-11 06:37:21.499102
2014-05-22,04:00,46.0,45.5,45.1,96.7,0.87,N@0.0,0.0,58.5,0.0,0,"East Olympia, Olympia, Thurston County",330151,East Olympia,2017-12-11 06:37:21.499102
2014-05-22,04:15,45.4,45.2,44.5,96.8,0.87,N@0.0,0.0,58.4,0.0,1,"East Olympia, Olympia, Thurston County",330151,East Olympia,2017-12-11 06:37:21.499102
2014-05-22,04:30,45.6,45.3,44.7,96.8,0.88,N@0.0,0.0,58.4,0.0,4,"East Olympia, Olympia, Thurston County",330151,East Olympia,2017-12-11 06:37:21.499102
2014-05-22,04:45,45.5,45.2,44.7,96.8,0.88,N@0.0,0.0,58.4,0.0,12,"East Olympia, Olympia, Thurston County",330151,East Olympia,2017-12-11 06:37:21.499102
2014-05-22,05:00,45.6,45.4,44.8,96.8,0.88,N@0.0,0.0,58.3,0.0,23,"East Olympia, Olympia, Thurston County",330151,East Olympia,2017-12-11 06:37:21.499102
2014-05-22,05:15,46.0,45.9,45.2,96.9,0.88,N@0.0,0.0,58.3,0.0,35,"East Olympia, Olympia, Thurston County",330151,East Olympia,2017-12-11 06:37:21.499102
2014-05-22,05:30,46.6,46.5,45.8,97.0,0.88,N@0.0,0.0,58.2,0.0,51,"East Olympia, Olympia, Thurston County",330151,East Olympia,2017-12-11 06:37:21.499102
2014-05-22,05:45,47.6,47.4,46.8,97.0,0.88,N@0.0,0.0,58.2,0.0,93,"East Olympia, Olympia, Thurston County",330151,East Olympia,2017-12-11 06:37:21.499102
2014-05-22,06:00,49.3,49.2,48.5,97.0,0.89,N@0.0,0.0,58.1,0.0,136,"East Olympia, Olympia, Thurston County",330151,East Olympia,2017-12-11 06:37:21.499102
2014-05-22,06:15,51.7,51.4,50.8,96.7,0.89,SE@0.2,2.1,58.1,0.0,230,"East Olympia, Olympia, Thurston County",330151,East Olympia,2017-12-11 06:37:21.499102
2014-05-22,06:30,53.3,52.8,52.4,96.4,0.89,SE@0.1,2.1,58.1,0.0,183,"East Olympia, Olympia, Thurston County",330151,East Olympia,2017-12-11 06:37:21.499102
2014-05-22,06:45,53.3,53.0,52.1,95.7,0.88,SE@0.4,2.8,58.0,0.0,177,"East Olympia, Olympia, Thurston County",330151,East Olympia,2017-12-11 06:37:21.499102
2014-05-22,07:00,54.9,54.9,53.2,93.9,0.85,N@0.1,3.1,58.0,0.0,244,"East Olympia, Olympia, Thurston County",330151,East Olympia,2017-12-11 06:37:21.499102
2014-05-22,07:15,57.1,56.8,53.3,87.0,0.73,W@2.5,5.3,57.9,0.0,374,"East Olympia, Olympia, Thurston County",330151,East Olympia,2017-12-11 06:37:21.499102
2014-05-22,07:30,58.0,57.9,53.1,83.6,0.18,W@2.7,6.0,57.9,0.0,430,"East Olympia, Olympia, Thurston County",330151,East Olympia,2017-12-11 06:37:21.499102
2014-05-22,07:45,59.1,58.7,52.9,79.7,0.0,W@3.2,6.4,57.8,0.0,433,"East Olympia, Olympia, Thurston County",330151,East Olympia,2017-12-11 06:37:21.499102
2014-05-22,08:00,60.1,59.9,53.1,77.5,0.0,NE@3.1,7.1,57.8,0.0,487,"East Olympia, Olympia, Thurston County",330151,East Olympia,2017-12-11 06:37:21.499102
2014-05-22,08:15,61.6,61.4,53.2,73.8,0.0,N@2.5,7.1,57.7,0.0,540,"East Olympia, Olympia, Thurston County",330151,East Olympia,2017-12-11 06:37:21.499102
2014-05-22,08:30,63.0,62.7,53.4,70.9,0.0,N@2.5,4.9,57.7,0.0,589,"East Olympia, Olympia, Thurston County",330151,East Olympia,2017-12-11 06:37:21.499102
2014-05-22,08:45,63.8,63.5,53.2,68.3,0.0,NW@2.7,6.0,57.7,0.0,629,"East Olympia, Olympia, Thurston County",330151,East Olympia,2017-12-11 06:37:21.499102
2014-05-22,09:00,65.5,65.1,54.3,67.2,0.0,NW@2.5,4.9,57.7,0.0,656,"East Olympia, Olympia, Thurston County",330151,East Olympia,2017-12-11 06:37:21.499102
2014-05-22,09:15,66.2,65.8,53.8,64.1,0.0,N@2.6,4.9,57.6,0.0,713,"East Olympia, Olympia, Thurston County",330151,East Olympia,2017-12-11 06:37:21.499102
2014-05-22,09:30,67.1,66.6,53.7,62.1,0.0,N@3.3,6.0,57.6,0.0,744,"East Olympia, Olympia, Thurston County",330151,East Olympia,2017-12-11 06:37:21.499102
2014-05-22,09:45,67.5,67.2,53.7,61.2,0.0,N@3.0,5.7,57.6,0.0,739,"East Olympia, Olympia, Thurston County",330151,East Olympia,2017-12-11 06:37:21.499102
2014-05-22,10:00,67.9,67.4,53.1,59.0,0.0,NW@3.1,6.7,57.6,0.0,816,"East Olympia, Olympia, Thurston County",330151,East Olympia,2017-12-11 06:37:21.499102
2014-05-22,10:15,68.8,68.4,54.3,59.7,0.0,NW@3.2,6.4,57.6,0.0,829,"East Olympia, Olympia, Thurston County",330151,East Olympia,2017-12-11 06:37:21.499102
2014-05-22,10:30,70.4,69.8,55.7,59.6,0.0,NW@2.7,6.0,57.6,0.0,852,"East Olympia, Olympia, Thurston County",330151,East Olympia,2017-12-11 06:37:21.499102
2014-05-22,10:45,71.8,71.2,56.8,59.0,0.0,N@3.0,5.7,57.6,0.0,879,"East Olympia, Olympia, Thurston County",330151,East Olympia,2017-12-11 06:37:21.499102
2014-05-22,11:00,71.6,70.9,55.4,56.7,0.0,NE@3.7,7.1,57.6,0.0,913,"East Olympia, Olympia, Thurston County",330151,East Olympia,2017-12-11 06:37:21.499102
2014-05-22,11:15,72.0,71.4,55.6,56.3,0.0,N@3.3,7.4,57.6,0.0,932,"East Olympia, Olympia, Thurston County",330151,East Olympia,2017-12-11 06:37:21.499102
2014-05-22,11:30,73.1,72.7,55.7,54.3,0.0,N@3.3,7.1,57.7,0.0,964,"East Olympia, Olympia, Thurston County",330151,East Olympia,2017-12-11 06:37:21.499102
2014-05-22,11:45,73.7,73.1,55.7,53.3,0.0,N@3.2,6.0,57.7,0.0,948,"East Olympia, Olympia, Thurston County",330151,East Olympia,2017-12-11 06:37:21.499102
2014-05-22,12:00,74.1,73.8,55.4,51.8,0.0,N@2.7,5.7,57.7,0.0,842,"East Olympia, Olympia, Thurston County",330151,East Olympia,2017-12-11 06:37:21.499102
2014-05-22,12:15,74.2,73.7,55.3,51.6,0.0,N@2.9,4.9,57.8,0.0,850,"East Olympia, Olympia, Thurston County",330151,East Olympia,2017-12-11 06:37:21.499102
2014-05-22,12:30,75.2,74.7,55.3,49.9,0.0,NW@3.2,6.4,57.8,0.0,951,"East Olympia, Olympia, Thurston County",330151,East Olympia,2017-12-11 06:37:21.499102
2014-05-22,12:45,75.6,75.0,55.8,50.2,0.0,N@3.5,6.7,57.9,0.0,938,"East Olympia, Olympia, Thurston County",330151,East Olympia,2017-12-11 06:37:21.499102
2014-05-22,13:00,76.1,75.5,56.8,51.2,0.0,N@3.0,6.7,57.9,0.0,824,"East Olympia, Olympia, Thurston County",330151,East Olympia,2017-12-11 06:37:21.499102
2014-05-22,13:15,76.0,75.4,55.9,49.6,0.0,N@2.8,6.0,58.0,0.0,756,"East Olympia, Olympia, Thurston County",330151,East Olympia,2017-12-11 06:37:21.499102
2014-05-22,13:30,76.3,75.7,56.2,49.7,0.0,N@2.2,4.9,58.1,0.0,769,"East Olympia, Olympia, Thurston County",330151,East Olympia,2017-12-11 06:37:21.499102
2014-05-22,13:45,75.7,75.1,54.9,48.3,0.0,N@3.2,6.4,58.1,0.0,692,"East Olympia, Olympia, Thurston County",330151,East Olympia,2017-12-11 06:37:21.499102
2014-05-22,14:00,75.3,74.8,55.7,50.4,0.0,NW@2.3,4.2,58.2,0.0,550,"East Olympia, Olympia, Thurston County",330151,East Olympia,2017-12-11 06:37:21.499102
2014-05-22,14:15,74.9,74.1,55.6,51.0,0.0,NW@2.2,5.7,58.3,0.0,403,"East Olympia, Olympia, Thurston County",330151,East Olympia,2017-12-11 06:37:21.499102
2014-05-22,14:30,74.4,73.8,54.9,50.6,0.0,NW@1.9,4.2,58.4,0.0,339,"East Olympia, Olympia, Thurston County",330151,East Olympia,2017-12-11 06:37:21.499102
2014-05-22,14:45,74.3,73.8,55.9,52.6,0.0,NW@1.0,4.2,58.4,0.0,340,"East Olympia, Olympia, Thurston County",330151,East Olympia,2017-12-11 06:37:21.499102
2014-05-22,15:00,75.4,74.9,56.1,51.2,0.0,NW@2.6,6.0,58.5,0.0,574,"East Olympia, Olympia, Thurston County",330151,East Olympia,2017-12-11 06:37:21.499102
2014-05-22,15:15,75.6,75.0,55.0,48.7,0.0,N@2.1,4.2,58.6,0.0,437,"East Olympia, Olympia, Thurston County",330151,East Olympia,2017-12-11 06:37:21.499102
2014-05-22,15:30,75.8,75.2,55.7,49.8,0.0,NW@2.3,4.9,58.7,0.0,435,"East Olympia, Olympia, Thurston County",330151,East Olympia,2017-12-11 06:37:21.499102
2014-05-22,15:45,75.4,74.8,54.2,47.8,0.0,N@2.7,6.7,58.8,0.0,374,"East Olympia, Olympia, Thurston County",330151,East Olympia,2017-12-11 06:37:21.499102
2014-05-22,16:00,74.5,74.0,55.3,51.2,0.0,NE@2.1,5.7,58.8,0.0,291,"East Olympia, Olympia, Thurston County",330151,East Olympia,2017-12-11 06:37:21.499102
2014-05-22,16:15,74.4,73.8,54.8,50.3,0.0,NE@2.3,5.3,58.9,0.0,248,"East Olympia, Olympia, Thurston County",330151,East Olympia,2017-12-11 06:37:21.499102
2014-05-22,16:30,74.1,73.5,55.0,51.3,0.0,NE@1.9,3.5,59.0,0.0,190,"East Olympia, Olympia, Thurston County",330151,East Olympia,2017-12-11 06:37:21.499102
2014-05-22,16:45,73.7,73.2,55.1,52.2,0.0,NE@2.2,4.2,59.0,0.0,181,"East Olympia, Olympia, Thurston County",330151,East Olympia,2017-12-11 06:37:21.499102
2014-05-22,17:00,73.7,73.2,57.1,56.0,0.0,N@1.3,4.6,59.1,0.0,217,"East Olympia, Olympia, Thurston County",330151,East Olympia,2017-12-11 06:37:21.499102
2014-05-22,17:15,73.7,73.1,56.3,54.5,0.0,NE@0.8,3.5,59.2,0.0,207,"East Olympia, Olympia, Thurston County",330151,East Olympia,2017-12-11 06:37:21.499102
2014-05-22,17:30,73.0,72.4,57.5,58.2,0.0,NE@1.2,3.5,59.3,0.0,183,"East Olympia, Olympia, Thurston County",330151,East Olympia,2017-12-11 06:37:21.499102
2014-05-22,17:45,72.6,71.9,57.7,59.6,0.0,N@0.0,1.7,59.3,0.0,149,"East Olympia, Olympia, Thurston County",330151,East Olympia,2017-12-11 06:37:21.499102
2014-05-22,18:00,71.1,70.4,60.2,68.4,0.0,N@0.0,0.0,59.4,0.0,114,"East Olympia, Olympia, Thurston County",330151,East Olympia,2017-12-11 06:37:21.499102
2014-05-22,18:15,69.6,68.9,61.0,74.2,0.0,N@0.0,0.0,59.4,0.0,90,"East Olympia, Olympia, Thurston County",330151,East Olympia,2017-12-11 06:37:21.499102
2014-05-22,18:30,68.6,67.9,61.3,77.4,0.0,N@0.0,0.0,59.5,0.0,68,"East Olympia, Olympia, Thurston County",330151,East Olympia,2017-12-11 06:37:21.499102
2014-05-22,18:45,67.7,66.9,60.7,78.2,0.0,N@0.0,0.0,59.5,0.0,51,"East Olympia, Olympia, Thurston County",330151,East Olympia,2017-12-11 06:37:21.499102
2014-05-22,19:00,66.7,66.2,60.0,78.9,0.0,N@0.0,0.0,59.6,0.0,38,"East Olympia, Olympia, Thurston County",330151,East Olympia,2017-12-11 06:37:21.499102
2014-05-22,19:15,66.2,65.7,57.9,74.4,0.0,N@0.0,0.0,59.6,0.0,30,"East Olympia, Olympia, Thurston County",330151,East Olympia,2017-12-11 06:37:21.499102
2014-05-22,19:30,65.4,64.8,59.2,80.1,0.0,N@0.0,0.0,59.7,0.0,19,"East Olympia, Olympia, Thurston County",330151,East Olympia,2017-12-11 06:37:21.499102
2014-05-22,19:45,64.3,63.7,58.5,81.3,0.0,N@0.0,0.0,59.7,0.0,12,"East Olympia, Olympia, Thurston County",330151,East Olympia,2017-12-11 06:37:21.499102
2014-05-22,20:00,63.6,62.9,58.1,82.1,0.0,N@0.0,0.0,59.8,0.0,2,"East Olympia, Olympia, Thurston County",330151,East Olympia,2017-12-11 06:37:21.499102
2014-05-22,20:15,62.0,61.3,57.3,84.5,0.01,N@0.0,0.0,59.8,0.0,1,"East Olympia, Olympia, Thurston County",330151,East Olympia,2017-12-11 06:37:21.499102
2014-05-22,20:30,61.3,60.7,56.6,84.2,0.01,N@0.0,0.0,59.8,0.0,0,"East Olympia, Olympia, Thurston County",330151,East Olympia,2017-12-11 06:37:21.499102
2014-05-22,20:45,60.4,60.0,56.5,86.7,0.02,N@0.0,0.0,59.9,0.0,0,"East Olympia, Olympia, Thurston County",330151,East Olympia,2017-12-11 06:37:21.499102
2014-05-22,21:00,59.4,58.4,55.6,87.0,0.03,N@0.0,0.0,59.9,0.0,0,"East Olympia, Olympia, Thurston County",330151,East Olympia,2017-12-11 06:37:21.499102
2014-05-22,21:15,58.1,57.3,55.2,90.0,0.05,N@0.0,0.0,59.9,0.0,0,"East Olympia, Olympia, Thurston County",330151,East Olympia,2017-12-11 06:37:21.499102
2014-05-22,21:30,57.8,57.3,55.3,91.6,0.08,N@0.0,0.0,59.9,0.0,0,"East Olympia, Olympia, Thurston County",330151,East Olympia,2017-12-11 06:37:21.499102
2014-05-22,21:45,57.6,57.0,55.3,91.8,0.12,N@0.0,0.0,60.0,0.0,0,"East Olympia, Olympia, Thurston County",330151,East Olympia,2017-12-11 06:37:21.499102
2014-05-22,22:00,57.3,56.7,55.4,93.1,0.19,N@0.0,0.0,60.0,0.0,0,"East Olympia, Olympia, Thurston County",330151,East Olympia,2017-12-11 06:37:21.499102
2014-05-22,22:15,56.3,55.8,54.6,93.8,0.24,N@0.0,0.0,60.0,0.0,0,"East Olympia, Olympia, Thurston County",330151,East Olympia,2017-12-11 06:37:21.499102
2014-05-22,22:30,55.8,55.2,54.4,94.8,0.32,N@0.0,0.0,60.0,0.0,0,"East Olympia, Olympia, Thurston County",330151,East Olympia,2017-12-11 06:37:21.499102
2014-05-22,22:45,55.1,54.6,53.8,95.2,0.4,N@0.0,0.0,60.0,0.0,0,"East Olympia, Olympia, Thurston County",330151,East Olympia,2017-12-11 06:37:21.499102
2014-05-22,23:00,54.7,54.3,53.5,95.7,0.48,N@0.0,0.0,60.0,0.0,0,"East Olympia, Olympia, Thurston County",330151,East Olympia,2017-12-11 06:37:21.499102
2014-05-23,23:15,55.4,54.9,54.3,96.3,0.55,N@0.0,0.0,60.0,0.0,0,"East Olympia, Olympia, Thurston County",330151,East Olympia,2017-12-11 06:37:21.499102
2014-05-23,23:30,55.0,54.7,54.0,96.5,0.6,N@0.0,0.0,60.0,0.0,0,"East Olympia, Olympia, Thurston County",330151,East Olympia,2017-12-11 06:37:21.499102
2014-05-23,23:45,55.6,55.2,54.7,96.6,0.63,N@0.0,0.0,60.0,0.0,0,"East Olympia, Olympia, Thurston County",330151,East Olympia,2017-12-11 06:37:21.499102
2014-05-23,24:00,55.3,54.9,54.4,96.6,0.65,N@0.0,0.0,60.0,0.0,0,"East Olympia, Olympia, Thurston County",330151,East Olympia,2017-12-11 06:37:21.499102
2014-05-23,00:15,55.5,55.0,54.6,96.7,0.68,N@0.0,0.0,60.0,0.0,0,"East Olympia, Olympia, Thurston County",330151,East Olympia,2017-12-11 06:37:21.499102
2014-05-23,00:30,54.8,54.0,53.8,96.4,0.72,N@0.0,0.0,60.0,0.0,0,"East Olympia, Olympia, Thurston County",330151,East Olympia,2017-12-11 06:37:21.499102
2014-05-23,00:45,54.4,54.0,53.5,96.7,0.75,N@0.0,0.0,59.9,0.0,0,"East Olympia, Olympia, Thurston County",330151,East Olympia,2017-12-11 06:37:21.499102
2014-05-23,01:00,54.3,53.7,53.5,96.8,0.78,N@0.0,0.0,59.9,0.0,0,"East Olympia, Olympia, Thurston County",330151,East Olympia,2017-12-11 06:37:21.499102
2014-05-23,01:15,53.2,52.6,52.3,96.7,0.79,N@0.0,0.0,59.9,0.0,0,"East Olympia, Olympia, Thurston County",330151,East Olympia,2017-12-11 06:37:21.499102
2014-05-23,01:30,53.0,52.5,52.1,96.8,0.81,N@0.0,0.0,59.9,0.0,0,"East Olympia, Olympia, Thurston County",330151,East Olympia,2017-12-11 06:37:21.499102
2014-05-23,01:45,52.2,51.8,51.4,96.8,0.83,N@0.0,0.0,59.9,0.0,0,"East Olympia, Olympia, Thurston County",330151,East Olympia,2017-12-11 06:37:21.499102
2014-05-23,02:00,51.7,51.3,50.9,96.9,0.84,N@0.0,0.0,59.8,0.0,0,"East Olympia, Olympia, Thurston County",330151,East Olympia,2017-12-11 06:37:21.499102
2014-05-23,02:15,51.5,51.2,50.7,97.0,0.85,N@0.0,0.0,59.8,0.0,0,"East Olympia, Olympia, Thurston County",330151,East Olympia,2017-12-11 06:37:21.499102
2014-05-23,02:30,51.7,51.4,51.0,97.2,0.86,N@0.0,0.0,59.8,0.0,0,"East Olympia, Olympia, Thurston County",330151,East Olympia,2017-12-11 06:37:21.499102
2014-05-23,02:45,52.6,52.6,52.0,97.5,0.87,SW@0.3,2.4,59.8,0.0,0,"East Olympia, Olympia, Thurston County",330151,East Olympia,2017-12-11 06:37:21.499102
2014-05-23,03:00,53.4,53.2,52.7,97.6,0.88,SW@0.9,2.4,59.8,0.0,0,"East Olympia, Olympia, Thurston County",330151,East Olympia,2017-12-11 06:37:21.499102
2014-05-23,03:15,54.0,53.7,53.3,97.5,0.88,SW@1.3,3.1,59.7,0.0,0,"East Olympia, Olympia, Thurston County",330151,East Olympia,2017-12-11 06:37:21.499102
2014-05-23,03:30,54.6,54.4,53.9,97.7,0.89,SW@1.0,3.1,59.7,0.0,0,"East Olympia, Olympia, Thurston County",330151,East Olympia,2017-12-11 06:37:21.499102
2014-05-23,03:45,55.3,55.0,54.6,97.5,0.89,S@0.6,3.5,59.6,0.0,0,"East Olympia, Olympia, Thurston County",330151,East Olympia,2017-12-11 06:37:21.499102
2014-05-23,04:00,55.5,55.1,54.7,97.3,0.89,SW@0.2,2.1,59.6,0.0,0,"East Olympia, Olympia, Thurston County",330151,East Olympia,2017-12-11 06:37:21.499102
2014-05-23,04:15,55.8,55.5,55.0,96.9,0.89,S@0.9,3.9,59.6,0.0,1,"East Olympia, Olympia, Thurston County",330151,East Olympia,2017-12-11 06:37:21.499102
2014-05-23,04:30,56.3,56.0,55.2,95.9,0.89,S@0.8,3.1,59.5,0.0,2,"East Olympia, Olympia, Thurston County",330151,East Olympia,2017-12-11 06:37:21.499102
2014-05-23,04:45,57.1,56.9,55.3,93.7,0.9,SW@2.0,4.6,59.5,0.0,2,"East Olympia, Olympia, Thurston County",330151,East Olympia,2017-12-11 06:37:21.499102
2014-05-23,05:00,57.4,57.0,55.0,91.6,0.9,SW@0.4,2.8,59.4,0.0,6,"East Olympia, Olympia, Thurston County",330151,East Olympia,2017-12-11 06:37:21.499102
2014-05-23,05:15,57.6,57.3,55.0,90.8,0.9,SE@1.7,6.7,59.4,0.0,10,"East Olympia, Olympia, Thurston County",330151,East Olympia,2017-12-11 06:37:21.499102
2014-05-23,05:30,58.1,57.7,54.8,88.9,0.89,S@1.9,7.1,59.4,0.0,18,"East Olympia, Olympia, Thurston County",330151,East Olympia,2017-12-11 06:37:21.499102
2014-05-23,05:45,58.2,57.9,54.8,88.3,0.89,W@0.6,2.8,59.4,0.0,28,"East Olympia, Olympia, Thurston County",330151,East Olympia,2017-12-11 06:37:21.499102
2014-05-23,06:00,58.2,57.8,55.0,88.7,0.9,NW@0.3,2.4,59.3,0.0,27,"East Olympia, Olympia, Thurston County",330151,East Olympia,2017-12-11 06:37:21.499102
2014-05-23,06:15,57.9,57.5,55.3,90.9,0.89,W@0.7,2.8,59.3,0.01,39,"East Olympia, Olympia, Thurston County",330151,East Olympia,2017-12-11 06:37:21.499102
2014-05-23,06:30,57.7,57.4,55.4,92.0,0.88,SW@1.3,4.2,59.3,0.01,46,"East Olympia, Olympia, Thurston County",330151,East Olympia,2017-12-11 06:37:21.499102
2014-05-23,06:45,57.6,57.3,55.8,93.4,0.86,SE@2.1,4.6,59.2,0.01,57,"East Olympia, Olympia, Thurston County",330151,East Olympia,2017-12-11 06:37:21.499102
2014-05-23,07:00,57.5,57.2,55.8,93.9,0.82,SE@2.2,5.3,59.2,0.01,59,"East Olympia, Olympia, Thurston County",330151,East Olympia,2017-12-11 06:37:21.499102
2014-05-23,07:15,57.4,57.1,55.7,94.1,0.8,S@2.4,6.7,59.2,0.01,55,"East Olympia, Olympia, Thurston County",330151,East Olympia,2017-12-11 06:37:21.499102
2014-05-23,07:30,57.1,56.7,55.2,93.5,0.78,S@1.8,6.4,59.2,0.01,68,"East Olympia, Olympia, Thurston County",330151,East Olympia,2017-12-11 06:37:21.499102
2014-05-23,07:45,56.7,56.4,54.9,93.4,0.74,SE@1.2,4.9,59.1,0.03,66,"East Olympia, Olympia, Thurston County",330151,East Olympia,2017-12-11 06:37:21.499102
2014-05-23,08:00,56.7,56.4,54.8,93.4,0.71,S@1.4,6.4,59.1,0.02,78,"East Olympia, Olympia, Thurston County",330151,East Olympia,2017-12-11 06:37:21.499102
2014-05-23,08:15,56.3,56.0,54.1,92.1,0.68,S@2.1,4.2,59.1,0.02,80,"East Olympia, Olympia, Thurston County",330151,East Olympia,2017-12-11 06:37:21.499102
2014-05-23,08:30,56.2,56.0,54.0,92.1,0.66,SW@1.5,4.2,59.1,0.01,135,"East Olympia, Olympia, Thurston County",330151,East Olympia,2017-12-11 06:37:21.499102
2014-05-23,08:45,56.8,56.6,54.8,92.9,0.66,W@1.0,4.2,59.0,0.0,174,"East Olympia, Olympia, Thurston County",330151,East Olympia,2017-12-11 06:37:21.499102
2014-05-23,09:00,57.1,56.8,54.8,92.0,0.65,SW@1.6,5.3,59.0,0.01,183,"East Olympia, Olympia, Thurston County",330151,East Olympia,2017-12-11 06:37:21.499102
2014-05-23,09:15,57.1,56.9,54.9,92.2,0.67,S@1.7,3.9,59.0,0.01,157,"East Olympia, Olympia, Thurston County",330151,East Olympia,2017-12-11 06:37:21.499102
2014-05-23,09:30,57.5,57.2,55.8,93.7,0.66,W@1.3,3.1,59.0,0.02,129,"East Olympia, Olympia, Thurston County",330151,East Olympia,2017-12-11 06:37:21.499102
2014-05-23,09:45,58.0,57.7,56.4,94.3,0.64,W@1.5,3.5,59.0,0.01,163,"East Olympia, Olympia, Thurston County",330151,East Olympia,2017-12-11 06:37:21.499102
2014-05-23,10:00,58.0,57.7,56.3,93.8,0.63,SW@1.6,4.6,59.0,0.01,124,"East Olympia, Olympia, Thurston County",330151,East Olympia,2017-12-11 06:37:21.499102
2014-05-23,10:15,58.3,58.0,56.5,93.5,0.6,SW@2.4,4.6,59.0,0.0,276,"East Olympia, Olympia, Thurston County",330151,East Olympia,2017-12-11 06:37:21.499102
2014-05-23,10:30,59.8,59.6,57.3,91.4,0.47,S@3.5,7.1,58.9,0.0,578,"East Olympia, Olympia, Thurston County",330151,East Olympia,2017-12-11 06:37:21.499102
2014-05-23,10:45,60.9,60.7,57.3,87.7,0.15,SW@3.2,6.7,58.9,0.0,618,"East Olympia, Olympia, Thurston County",330151,East Olympia,2017-12-11 06:37:21.499102
2014-05-23,11:00,61.8,61.4,57.5,85.5,0.01,S@4.1,8.5,58.9,0.0,503,"East Olympia, Olympia, Thurston County",330151,East Olympia,2017-12-11 06:37:21.499102
2014-05-23,11:15,61.6,61.3,57.3,85.7,0.0,SW@3.5,7.1,58.9,0.0,444,"East Olympia, Olympia, Thurston County",330151,East Olympia,2017-12-11 06:37:21.499102
2014-05-23,11:30,61.6,61.3,57.6,86.4,0.01,S@3.1,7.4,58.9,0.0,263,"East Olympia, Olympia, Thurston County",330151,East Olympia,2017-12-11 06:37:21.499102
2014-05-23,11:45,61.7,61.3,58.2,88.0,0.01,SW@3.8,9.9,58.9,0.0,316,"East Olympia, Olympia, Thurston County",330151,East Olympia,2017-12-11 06:37:21.499102
2014-05-23,12:00,62.6,62.3,59.2,88.5,0.0,SW@3.2,7.1,58.9,0.0,440,"East Olympia, Olympia, Thurston County",330151,East Olympia,2017-12-11 06:37:21.499102
2014-05-23,12:15,63.0,62.6,58.9,86.5,0.0,SW@3.7,9.6,58.9,0.0,393,"East Olympia, Olympia, Thurston County",330151,East Olympia,2017-12-11 06:37:21.499102
2014-05-23,12:30,62.8,62.3,58.8,86.5,0.01,SW@4.4,8.9,58.9,0.0,253,"East Olympia, Olympia, Thurston County",330151,East Olympia,2017-12-11 06:37:21.499102
2014-05-23,12:45,62.1,61.6,58.8,88.8,0.13,SW@3.7,9.6,58.9,0.0,192,"East Olympia, Olympia, Thurston County",330151,East Olympia,2017-12-11 06:37:21.499102
2014-05-23,13:00,61.1,60.7,58.7,91.7,0.58,SW@3.1,6.7,58.9,0.05,183,"East Olympia, Olympia, Thurston County",330151,East Olympia,2017-12-11 06:37:21.499102
2014-05-23,13:15,63.4,63.3,61.1,92.2,0.41,SW@2.6,7.1,59.0,0.0,646,"East Olympia, Olympia, Thurston County",330151,East Olympia,2017-12-11 06:37:21.499102
2014-05-23,13:30,64.3,64.0,60.8,88.2,0.06,S@4.1,8.9,59.0,0.0,803,"East Olympia, Olympia, Thurston County",330151,East Olympia,2017-12-11 06:37:21.499102
2014-05-23,13:45,64.8,64.3,60.6,86.2,0.0,S@4.5,8.5,59.0,0.0,691,"East Olympia, Olympia, Thurston County",330151,East Olympia,2017-12-11 06:37:21.499102
2014-05-23,14:00,65.7,65.3,60.6,83.4,0.0,SW@4.3,12.1,59.0,0.0,792,"East Olympia, Olympia, Thurston County",330151,East Olympia,2017-12-11 06:37:21.499102
2014-05-23,14:15,67.2,66.6,59.8,77.2,0.0,SW@5.1,11.0,59.0,0.0,768,"East Olympia, Olympia, Thurston County",330151,East Olympia,2017-12-11 06:37:21.499102
2014-05-23,14:30,66.9,66.3,59.1,75.9,0.0,SW@5.0,11.0,59.0,0.0,598,"East Olympia, Olympia, Thurston County",330151,East Olympia,2017-12-11 06:37:21.499102
2014-05-23,14:45,67.3,66.9,59.4,75.8,0.0,W@4.6,12.1,59.1,0.0,666,"East Olympia, Olympia, Thurston County",330151,East Olympia,2017-12-11 06:37:21.499102
2014-05-23,15:00,69.0,68.3,59.0,70.4,0.0,SW@5.5,12.4,59.1,0.0,813,"East Olympia, Olympia, Thurston County",330151,East Olympia,2017-12-11 06:37:21.499102
2014-05-23,15:15,68.9,68.3,58.3,68.7,0.0,SW@4.8,9.9,59.1,0.0,761,"East Olympia, Olympia, Thurston County",330151,East Olympia,2017-12-11 06:37:21.499102
2014-05-23,15:30,69.2,68.6,57.9,67.4,0.0,SW@4.1,8.2,59.1,0.0,606,"East Olympia, Olympia, Thurston County",330151,East Olympia,2017-12-11 06:37:21.499102
2014-05-23,15:45,67.8,67.0,56.9,68.1,0.01,SW@5.1,11.4,59.2,0.0,339,"East Olympia, Olympia, Thurston County",330151,East Olympia,2017-12-11 06:37:21.499102
2014-05-23,16:00,64.9,64.3,58.5,79.5,0.47,SW@4.3,8.5,59.2,0.0,428,"East Olympia, Olympia, Thurston County",330151,East Olympia,2017-12-11 06:37:21.499102
2014-05-23,16:15,66.3,65.9,59.0,77.1,0.06,SW@4.4,9.6,59.2,0.0,620,"East Olympia, Olympia, Thurston County",330151,East Olympia,2017-12-11 06:37:21.499102
2014-05-23,16:30,65.5,65.0,58.2,77.2,0.0,SW@4.7,8.2,59.3,0.0,212,"East Olympia, Olympia, Thurston County",330151,East Olympia,2017-12-11 06:37:21.499102
2014-05-23,16:45,64.9,64.6,57.5,76.9,0.0,SW@4.3,9.2,59.3,0.0,188,"East Olympia, Olympia, Thurston County",330151,East Olympia,2017-12-11 06:37:21.499102
2014-05-23,17:00,65.8,65.4,57.1,73.6,0.0,SW@3.7,7.4,59.4,0.0,253,"East Olympia, Olympia, Thurston County",330151,East Olympia,2017-12-11 06:37:21.499102
2014-05-23,17:15,65.6,65.1,56.2,71.4,0.0,SW@4.2,8.2,59.4,0.0,242,"East Olympia, Olympia, Thurston County",330151,East Olympia,2017-12-11 06:37:21.499102
2014-05-23,17:30,66.1,65.7,55.3,68.2,0.0,W@3.9,11.4,59.4,0.0,405,"East Olympia, Olympia, Thurston County",330151,East Olympia,2017-12-11 06:37:21.499102
2014-05-23,17:45,64.6,64.0,54.2,68.9,0.0,SW@6.2,12.4,59.5,0.0,252,"East Olympia, Olympia, Thurston County",330151,East Olympia,2017-12-11 06:37:21.499102
2014-05-23,18:00,63.9,63.5,53.0,67.7,0.0,SW@5.8,14.2,59.5,0.0,270,"East Olympia, Olympia, Thurston County",330151,East Olympia,2017-12-11 06:37:21.499102
2014-05-23,18:15,62.7,62.5,52.1,68.3,0.0,SW@5.0,12.1,59.5,0.0,106,"East Olympia, Olympia, Thurston County",330151,East Olympia,2017-12-11 06:37:21.499102
2014-05-23,18:30,61.7,61.3,52.0,70.3,0.0,SW@4.9,11.7,59.6,0.0,39,"East Olympia, Olympia, Thurston County",330151,East Olympia,2017-12-11 06:37:21.499102
2014-05-23,18:45,61.1,60.7,51.7,71.1,0.0,SW@3.7,8.2,59.6,0.0,34,"East Olympia, Olympia, Thurston County",330151,East Olympia,2017-12-11 06:37:21.499102
2014-05-23,19:00,60.5,60.1,51.9,73.3,0.0,SW@3.2,7.1,59.6,0.0,31,"East Olympia, Olympia, Thurston County",330151,East Olympia,2017-12-11 06:37:21.499102
2014-05-23,19:15,59.4,58.9,52.3,77.3,0.0,SW@3.5,8.2,59.7,0.0,21,"East Olympia, Olympia, Thurston County",330151,East Olympia,2017-12-11 06:37:21.499102
2014-05-23,19:30,58.3,57.9,52.2,80.1,0.0,SW@4.9,11.0,59.7,0.0,16,"East Olympia, Olympia, Thurston County",330151,East Olympia,2017-12-11 06:37:21.499102
2014-05-23,19:45,57.4,57.0,51.7,81.3,0.0,SW@3.6,7.4,59.7,0.0,9,"East Olympia, Olympia, Thurston County",330151,East Olympia,2017-12-11 06:37:21.499102
2014-05-23,20:00,56.7,56.3,51.4,82.2,0.0,SE@3.6,8.2,59.8,0.0,3,"East Olympia, Olympia, Thurston County",330151,East Olympia,2017-12-11 06:37:21.499102
2014-05-23,20:15,55.6,55.2,51.3,85.2,0.0,S@2.1,4.9,59.8,0.0,1,"East Olympia, Olympia, Thurston County",330151,East Olympia,2017-12-11 06:37:21.499102
2014-05-23,20:30,54.7,54.4,50.8,86.5,0.0,SW@2.7,6.7,59.8,0.0,0,"East Olympia, Olympia, Thurston County",330151,East Olympia,2017-12-11 06:37:21.499102
2014-05-23,20:45,54.7,54.4,50.7,86.3,0.0,S@2.6,7.1,59.8,0.0,0,"East Olympia, Olympia, Thurston County",330151,East Olympia,2017-12-11 06:37:21.499102
2014-05-23,21:00,54.8,54.4,50.6,85.9,0.0,SW@2.3,5.7,59.8,0.0,0,"East Olympia, Olympia, Thurston County",330151,East Olympia,2017-12-11 06:37:21.499102
2014-05-23,21:15,54.4,54.1,50.6,86.9,0.01,SW@2.5,6.0,59.9,0.0,0,"East Olympia, Olympia, Thurston County",330151,East Olympia,2017-12-11 06:37:21.499102
2014-05-23,21:30,53.9,53.6,50.4,87.9,0.01,S@2.9,6.7,59.9,0.0,0,"East Olympia, Olympia, Thurston County",330151,East Olympia,2017-12-11 06:37:21.499102
2014-05-23,21:45,53.4,53.1,50.3,89.1,0.02,SE@1.6,4.6,59.9,0.0,0,"East Olympia, Olympia, Thurston County",330151,East Olympia,2017-12-11 06:37:21.499102
2014-05-23,22:00,52.6,52.2,49.7,90.0,0.05,SE@1.5,3.5,59.9,0.0,0,"East Olympia, Olympia, Thurston County",330151,East Olympia,2017-12-11 06:37:21.499102
2014-05-23,22:15,51.6,51.3,49.3,91.8,0.09,S@1.2,3.5,59.9,0.0,0,"East Olympia, Olympia, Thurston County",330151,East Olympia,2017-12-11 06:37:21.499102
2014-05-23,22:30,51.2,50.9,48.4,90.1,0.12,S@1.2,4.6,59.9,0.0,0,"East Olympia, Olympia, Thurston County",330151,East Olympia,2017-12-11 06:37:21.499102
2014-05-23,22:45,51.4,51.1,48.2,88.9,0.13,SE@2.1,4.6,59.9,0.0,0,"East Olympia, Olympia, Thurston County",330151,East Olympia,2017-12-11 06:37:21.499102
2014-05-23,23:00,50.9,50.6,47.9,89.5,0.15,SE@1.9,3.9,59.9,0.0,0,"East Olympia, Olympia, Thurston County",330151,East Olympia,2017-12-11 06:37:21.499102
2014-05-24,23:15,50.2,49.9,47.7,91.0,0.19,SE@1.8,3.9,59.9,0.0,0,"East Olympia, Olympia, Thurston County",330151,East Olympia,2017-12-11 06:37:21.499102
2014-05-24,23:30,49.8,49.5,47.6,92.0,0.23,SE@1.4,2.8,59.9,0.0,0,"East Olympia, Olympia, Thurston County",330151,East Olympia,2017-12-11 06:37:21.499102
2014-05-24,23:45,49.1,48.8,47.3,93.4,0.28,S@0.4,2.4,59.8,0.0,0,"East Olympia, Olympia, Thurston County",330151,East Olympia,2017-12-11 06:37:21.499102
2014-05-24,24:00,48.9,48.6,47.4,94.4,0.34,SW@0.9,3.5,59.8,0.0,0,"East Olympia, Olympia, Thurston County",330151,East Olympia,2017-12-11 06:37:21.499102
2014-05-24,00:15,49.1,48.9,47.6,94.5,0.4,S@2.1,4.2,59.8,0.0,0,"East Olympia, Olympia, Thurston County",330151,East Olympia,2017-12-11 06:37:21.499102
2014-05-24,00:30,49.6,49.5,47.9,93.8,0.45,S@2.2,4.2,59.8,0.0,0,"East Olympia, Olympia, Thurston County",330151,East Olympia,2017-12-11 06:37:21.499102
2014-05-24,00:45,49.9,49.8,47.8,92.4,0.48,S@1.7,4.6,59.8,0.0,0,"East Olympia, Olympia, Thurston County",330151,East Olympia,2017-12-11 06:37:21.499102
2014-05-24,01:00,50.2,50.1,47.9,91.6,0.49,S@1.6,3.1,59.8,0.0,0,"East Olympia, Olympia, Thurston County",330151,East Olympia,2017-12-11 06:37:21.499102
2014-05-24,01:15,51.3,51.3,48.3,89.3,0.49,S@1.8,5.3,59.8,0.0,0,"East Olympia, Olympia, Thurston County",330151,East Olympia,2017-12-11 06:37:21.499102
2014-05-24,01:30,51.3,50.9,48.1,89.0,0.47,SW@1.2,3.1,59.7,0.0,0,"East Olympia, Olympia, Thurston County",330151,East Olympia,2017-12-11 06:37:21.499102
2014-05-24,01:45,51.1,50.8,48.3,90.2,0.45,S@1.0,3.9,59.7,0.0,0,"East Olympia, Olympia, Thurston County",330151,East Olympia,2017-12-11 06:37:21.499102
2014-05-24,02:00,51.8,51.7,48.7,89.0,0.41,SW@0.8,3.9,59.7,0.0,0,"East Olympia, Olympia, Thurston County",330151,East Olympia,2017-12-11 06:37:21.499102
2014-05-24,02:15,52.3,52.1,48.7,87.5,0.34,SW@1.6,4.2,59.6,0.0,0,"East Olympia, Olympia, Thurston County",330151,East Olympia,2017-12-11 06:37:21.499102
2014-05-24,02:30,52.4,52.3,48.6,86.6,0.23,S@2.0,4.9,59.6,0.0,0,"East Olympia, Olympia, Thurston County",330151,East Olympia,2017-12-11 06:37:21.499102
2014-05-24,02:45,52.8,52.6,48.6,85.6,0.1,S@1.4,3.9,59.6,0.0,0,"East Olympia, Olympia, Thurston County",330151,East Olympia,2017-12-11 06:37:21.499102
2014-05-24,03:00,52.8,52.5,48.7,85.7,0.02,S@1.7,4.2,59.5,0.0,0,"East Olympia, Olympia, Thurston County",330151,East Olympia,2017-12-11 06:37:21.499102
2014-05-24,03:15,52.8,52.6,48.7,85.7,0.0,S@1.7,5.7,59.5,0.0,0,"East Olympia, Olympia, Thurston County",330151,East Olympia,2017-12-11 06:37:21.499102
2014-05-24,03:30,52.9,52.6,48.8,85.7,0.0,S@1.2,4.6,59.4,0.0,0,"East Olympia, Olympia, Thurston County",330151,East Olympia,2017-12-11 06:37:21.499102
2014-05-24,03:45,52.8,52.5,48.9,86.4,0.0,S@1.6,3.9,59.4,0.0,0,"East Olympia, Olympia, Thurston County",330151,East Olympia,2017-12-11 06:37:21.499102
2014-05-24,04:00,52.8,52.5,48.9,86.5,0.0,SE@1.2,3.9,59.4,0.0,0,"East Olympia, Olympia, Thurston County",330151,East Olympia,2017-12-11 06:37:21.499102
2014-05-24,04:15,52.8,52.5,48.9,86.7,0.0,S@1.0,4.9,59.3,0.0,1,"East Olympia, Olympia, Thurston County",330151,East Olympia,2017-12-11 06:37:21.499102
2014-05-24,04:30,52.9,52.6,48.9,86.1,0.0,S@1.7,4.6,59.3,0.0,2,"East Olympia, Olympia, Thurston County",330151,East Olympia,2017-12-11 06:37:21.499102
2014-05-24,04:45,52.9,52.6,48.9,86.2,0.0,S@0.7,2.8,59.3,0.0,4,"East Olympia, Olympia, Thurston County",330151,East Olympia,2017-12-11 06:37:21.499102
2014-05-24,05:00,53.0,52.7,49.0,86.2,0.0,W@1.4,4.9,59.2,0.0,10,"East Olympia, Olympia, Thurston County",330151,East Olympia,2017-12-11 06:37:21.499102
2014-05-24,05:15,53.0,52.8,49.0,86.3,0.0,SW@1.5,4.2,59.2,0.0,11,"East Olympia, Olympia, Thurston County",330151,East Olympia,2017-12-11 06:37:21.499102
2014-05-24,05:30,53.1,52.8,49.2,86.7,0.0,SE@1.4,3.9,59.2,0.0,26,"East Olympia, Olympia, Thurston County",330151,East Olympia,2017-12-11 06:37:21.499102
2014-05-24,05:45,53.3,53.0,49.2,86.2,0.0,S@1.9,4.6,59.1,0.0,39,"East Olympia, Olympia, Thurston County",330151,East Olympia,2017-12-11 06:37:21.499102
2014-05-24,06:00,53.6,53.3,49.4,85.8,0.0,SW@1.3,3.5,59.1,0.0,50,"East Olympia, Olympia, Thurston County",330151,East Olympia,2017-12-11 06:37:21.499102
2014-05-24,06:15,53.7,53.4,49.5,85.8,0.0,S@1.8,4.2,59.1,0.0,54,"East Olympia, Olympia, Thurston County",330151,East Olympia,2017-12-11 06:37:21.499102
2014-05-24,06:30,54.0,53.8,49.6,84.9,0.0,S@1.7,3.9,59.1,0.0,78,"East Olympia, Olympia, Thurston County",330151,East Olympia,2017-12-11 06:37:21.499102
2014-05-24,06:45,54.3,54.1,49.6,84.2,0.0,S@2.0,4.2,59.0,0.0,86,"East Olympia, Olympia, Thurston County",330151,East Olympia,2017-12-11 06:37:21.499102
2014-05-24,07:00,54.6,54.4,49.8,83.6,0.0,S@1.6,3.5,59.0,0.0,93,"East Olympia, Olympia, Thurston County",330151,East Olympia,2017-12-11 06:37:21.499102
2014-05-24,07:15,55.3,55.1,50.1,82.4,0.0,W@1.5,4.2,59.0,0.0,163,"East Olympia, Olympia, Thurston County",330151,East Olympia,2017-12-11 06:37:21.499102
2014-05-24,07:30,55.7,55.4,49.9,80.7,0.0,S@2.8,7.4,58.9,0.0,152,"East Olympia, Olympia, Thurston County",330151,East Olympia,2017-12-11 06:37:21.499102
2014-05-24,07:45,55.7,55.4,49.2,78.8,0.0,SW@3.5,8.5,58.9,0.0,158,"East Olympia, Olympia, Thurston County",330151,East Olympia,2017-12-11 06:37:21.499102
2014-05-24,08:00,55.9,55.6,49.4,78.7,0.0,S@2.5,5.3,58.9,0.0,132,"East Olympia, Olympia, Thurston County",330151,East Olympia,2017-12-11 06:37:21.499102
2014-05-24,08:15,56.3,56.0,49.8,78.9,0.0,SE@2.2,5.7,58.9,0.0,150,"East Olympia, Olympia, Thurston County",330151,East Olympia,2017-12-11 06:37:21.499102
2014-05-24,08:30,56.4,56.1,49.9,78.7,0.0,SW@2.6,5.3,58.9,0.0,126,"East Olympia, Olympia, Thurston County",330151,East Olympia,2017-12-11 06:37:21.499102
2014-05-24,08:45,56.9,56.7,50.1,77.7,0.0,SW@1.7,3.5,58.8,0.0,179,"East Olympia, Olympia, Thurston County",330151,East Olympia,2017-12-11 06:37:21.499102
2014-05-24,09:00,57.5,57.2,50.0,75.8,0.0,S@2.9,4.9,58.8,0.0,224,"East Olympia, Olympia, Thurston County",330151,East Olympia,2017-12-11 06:37:21.499102
2014-05-24,09:15,58.3,58.0,49.8,73.3,0.0,SW@3.0,6.4,58.8,0.0,307,"East Olympia, Olympia, Thurston County",330151,East Olympia,2017-12-11 06:37:21.499102
2014-05-24,09:30,58.8,58.5,49.5,71.0,0.0,W@2.3,5.7,58.8,0.0,305,"East Olympia, Olympia, Thurston County",330151,East Olympia,2017-12-11 06:37:21.499102
2014-05-24,09:45,59.1,58.8,49.1,69.4,0.0,SW@2.2,4.6,58.8,0.0,283,"East Olympia, Olympia, Thurston County",330151,East Olympia,2017-12-11 06:37:21.499102
2014-05-24,10:00,59.2,58.9,49.4,69.8,0.0,S@2.1,5.7,58.8,0.0,242,"East Olympia, Olympia, Thurston County",330151,East Olympia,2017-12-11 06:37:21.499102
2014-05-24,10:15,59.2,58.8,49.4,70.1,0.0,W@2.5,4.9,58.8,0.0,214,"East Olympia, Olympia, Thurston County",330151,East Olympia,2017-12-11 06:37:21.499102
2014-05-24,10:30,59.6,59.3,49.6,69.2,0.0,SE@2.3,5.7,58.7,0.0,270,"East Olympia, Olympia, Thurston County",330151,East Olympia,2017-12-11 06:37:21.499102
2014-05-24,10:45,60.0,59.7,49.5,68.1,0.0,W@2.8,5.7,58.7,0.0,337,"East Olympia, Olympia, Thurston County",330151,East Olympia,2017-12-11 06:37:21.499102
2014-05-24,11:00,61.2,60.9,50.1,66.8,0.0,W@2.6,4.6,58.7,0.0,434,"East Olympia, Olympia, Thurston County",330151,East Olympia,2017-12-11 06:37:21.499102
2014-05-24,11:15,61.5,61.1,49.8,65.4,0.0,S@2.7,5.7,58.7,0.0,434,"East Olympia, Olympia, Thurston County",330151,East Olympia,2017-12-11 06:37:21.499102
2014-05-24,11:30,61.5,61.1,49.2,63.9,0.0,W@3.0,6.7,58.7,0.0,437,"East Olympia, Olympia, Thurston County",330151,East Olympia,2017-12-11 06:37:21.499102
2014-05-24,11:45,63.0,62.9,50.8,64.5,0.0,NW@2.0,3.9,58.7,0.0,479,"East Olympia, Olympia, Thurston County",330151,East Olympia,2017-12-11 06:37:21.499102
2014-05-24,12:00,62.3,61.7,48.6,60.7,0.0,W@3.0,6.7,58.7,0.0,357,"East Olympia, Olympia, Thurston County",330151,East Olympia,2017-12-11 06:37:21.499102
2014-05-24,12:15,62.7,62.4,49.6,62.2,0.0,SW@3.2,7.8,58.7,0.0,523,"East Olympia, Olympia, Thurston County",330151,East Olympia,2017-12-11 06:37:21.499102
2014-05-24,12:30,63.4,62.9,49.3,60.2,0.0,SE@3.5,7.8,58.7,0.0,677,"East Olympia, Olympia, Thurston County",330151,East Olympia,2017-12-11 06:37:21.499102
2014-05-24,12:45,64.1,63.6,49.6,59.3,0.0,S@4.2,8.9,58.7,0.0,710,"East Olympia, Olympia, Thurston County",330151,East Olympia,2017-12-11 06:37:21.499102
2014-05-24,13:00,63.9,63.4,49.4,59.0,0.0,SE@3.4,7.8,58.7,0.0,461,"East Olympia, Olympia, Thurston County",330151,East Olympia,2017-12-11 06:37:21.499102
2014-05-24,13:15,63.5,63.2,49.8,60.8,0.0,W@1.8,4.9,58.8,0.0,276,"East Olympia, Olympia, Thurston County",330151,East Olympia,2017-12-11 06:37:21.499102
2014-05-24,13:30,63.9,63.5,49.0,58.2,0.0,W@1.9,6.7,58.8,0.0,298,"East Olympia, Olympia, Thurston County",330151,East Olympia,2017-12-11 06:37:21.499102
2014-05-24,13:45,64.1,63.8,49.2,58.4,0.0,SE@1.3,5.3,58.8,0.0,231,"East Olympia, Olympia, Thurston County",330151,East Olympia,2017-12-11 06:37:21.499102
2014-05-24,14:00,64.0,63.6,48.1,56.3,0.0,SE@2.5,5.7,58.8,0.0,317,"East Olympia, Olympia, Thurston County",330151,East Olympia,2017-12-11 06:37:21.499102
2014-05-24,14:15,65.0,64.6,48.9,55.8,0.0,W@2.7,5.3,58.8,0.0,454,"East Olympia, Olympia, Thurston County",330151,East Olympia,2017-12-11 06:37:21.499102
2014-05-24,14:30,65.6,65.1,48.5,53.9,0.0,W@3.2,6.0,58.8,0.0,498,"East Olympia, Olympia, Thurston County",330151,East Olympia,2017-12-11 06:37:21.499102
2014-05-24,14:45,65.9,65.5,48.8,53.9,0.0,W@3.4,8.2,58.9,0.0,544,"East Olympia, Olympia, Thurston County",330151,East Olympia,2017-12-11 06:37:21.499102
2014-05-24,15:00,65.7,65.2,48.4,53.4,0.0,W@3.5,7.1,58.9,0.0,503,"East Olympia, Olympia, Thurston County",330151,East Olympia,2017-12-11 06:37:21.499102
2014-05-24,15:15,65.4,65.0,47.5,52.2,0.0,S@3.2,8.9,58.9,0.0,487,"East Olympia, Olympia, Thurston County",330151,East Olympia,2017-12-11 06:37:21.499102
2014-05-24,15:30,66.0,65.5,48.0,52.3,0.0,W@3.2,9.9,58.9,0.0,458,"East Olympia, Olympia, Thurston County",330151,East Olympia,2017-12-11 06:37:21.499102
2014-05-24,15:45,65.5,65.2,48.0,53.0,0.0,SW@2.8,9.6,58.9,0.0,447,"East Olympia, Olympia, Thurston County",330151,East Olympia,2017-12-11 06:37:21.499102
2014-05-24,16:00,67.0,66.5,48.4,51.2,0.0,SE@3.6,7.8,59.0,0.0,518,"East Olympia, Olympia, Thurston County",330151,East Olympia,2017-12-11 06:37:21.499102
2014-05-24,16:15,65.2,64.7,48.3,54.2,0.0,SW@3.0,6.7,59.0,0.0,254,"East Olympia, Olympia, Thurston County",330151,East Olympia,2017-12-11 06:37:21.499102
2014-05-24,16:30,65.4,65.0,48.0,53.4,0.0,S@3.1,6.0,59.0,0.0,326,"East Olympia, Olympia, Thurston County",330151,East Olympia,2017-12-11 06:37:21.499102
2014-05-24,16:45,65.0,64.6,48.0,53.9,0.0,S@2.7,6.4,59.1,0.0,187,"East Olympia, Olympia, Thurston County",330151,East Olympia,2017-12-11 06:37:21.499102
2014-05-24,17:00,64.3,63.8,49.8,59.4,0.0,SE@1.7,4.9,59.1,0.0,141,"East Olympia, Olympia, Thurston County",330151,East Olympia,2017-12-11 06:37:21.499102
2014-05-24,17:15,63.9,63.6,52.5,66.4,0.0,SE@1.9,3.1,59.1,0.0,225,"East Olympia, Olympia, Thurston County",330151,East Olympia,2017-12-11 06:37:21.499102
2014-05-24,17:30,65.0,64.6,50.0,58.2,0.0,SE@1.7,3.5,59.1,0.0,163,"East Olympia, Olympia, Thurston County",330151,East Olympia,2017-12-11 06:37:21.499102
2014-05-24,17:45,63.6,63.0,53.3,69.1,0.0,SE@2.0,3.1,59.2,0.0,120,"East Olympia, Olympia, Thurston County",330151,East Olympia,2017-12-11 06:37:21.499102
2014-05-24,18:00,63.1,62.8,50.6,63.8,0.0,SW@3.1,6.0,59.2,0.0,96,"East Olympia, Olympia, Thurston County",330151,East Olympia,2017-12-11 06:37:21.499102
2014-05-24,18:15,63.4,62.9,48.6,58.5,0.0,SW@3.0,6.0,59.2,0.0,73,"East Olympia, Olympia, Thurston County",330151,East Olympia,2017-12-11 06:37:21.499102
2014-05-24,18:30,63.2,62.8,48.4,58.3,0.0,S@2.8,5.3,59.3,0.0,85,"East Olympia, Olympia, Thurston County",330151,East Olympia,2017-12-11 06:37:21.499102
2014-05-24,18:45,63.1,62.8,48.3,58.3,0.0,S@3.0,6.0,59.3,0.0,72,"East Olympia, Olympia, Thurston County",330151,East Olympia,2017-12-11 06:37:21.499102
2014-05-24,19:00,63.6,63.2,47.8,56.3,0.0,SW@3.4,7.4,59.3,0.0,70,"East Olympia, Olympia, Thurston County",330151,East Olympia,2017-12-11 06:37:21.499102
2014-05-24,19:15,62.7,62.2,48.1,58.8,0.0,SW@3.3,6.7,59.3,0.0,37,"East Olympia, Olympia, Thurston County",330151,East Olympia,2017-12-11 06:37:21.499102
2014-05-24,19:30,61.3,60.7,48.0,61.6,0.0,SW@3.1,6.7,59.4,0.0,16,"East Olympia, Olympia, Thurston County",330151,East Olympia,2017-12-11 06:37:21.499102
2014-05-24,19:45,59.6,59.0,48.5,66.7,0.0,S@2.7,5.3,59.4,0.0,10,"East Olympia, Olympia, Thurston County",330151,East Olympia,2017-12-11 06:37:21.499102
2014-05-24,20:00,58.4,57.9,48.7,70.0,0.0,S@2.6,4.9,59.4,0.0,3,"East Olympia, Olympia, Thurston County",330151,East Olympia,2017-12-11 06:37:21.499102
2014-05-24,20:15,57.2,56.7,48.7,73.0,0.0,S@2.1,4.9,59.4,0.0,1,"East Olympia, Olympia, Thurston County",330151,East Olympia,2017-12-11 06:37:21.499102
2014-05-24,20:30,55.6,54.9,48.9,78.0,0.0,E@0.4,2.8,59.4,0.0,0,"East Olympia, Olympia, Thurston County",330151,East Olympia,2017-12-11 06:37:21.499102
2014-05-24,20:45,53.9,53.1,49.1,83.8,0.01,NE@0.6,2.4,59.4,0.0,0,"East Olympia, Olympia, Thurston County",330151,East Olympia,2017-12-11 06:37:21.499102
2014-05-24,21:00,52.6,51.9,48.9,87.3,0.02,SE@0.7,2.4,59.4,0.0,0,"East Olympia, Olympia, Thurston County",330151,East Olympia,2017-12-11 06:37:21.499102
2014-05-24,21:15,52.0,51.4,48.6,88.1,0.04,NE@0.8,2.8,59.5,0.0,0,"East Olympia, Olympia, Thurston County",330151,East Olympia,2017-12-11 06:37:21.499102
2014-05-24,21:30,50.7,50.1,47.8,89.8,0.08,NE@0.1,1.7,59.5,0.0,0,"East Olympia, Olympia, Thurston County",330151,East Olympia,2017-12-11 06:37:21.499102
2014-05-24,21:45,50.2,49.7,48.0,92.2,0.14,N@0.0,0.0,59.5,0.0,0,"East Olympia, Olympia, Thurston County",330151,East Olympia,2017-12-11 06:37:21.499102
2014-05-24,22:00,49.4,48.9,47.5,93.0,0.2,NE@0.0,1.4,59.5,0.0,0,"East Olympia, Olympia, Thurston County",330151,East Olympia,2017-12-11 06:37:21.499102
2014-05-24,22:15,49.0,48.5,47.4,94.3,0.27,N@0.0,0.0,59.5,0.0,0,"East Olympia, Olympia, Thurston County",330151,East Olympia,2017-12-11 06:37:21.499102
2014-05-24,22:30,48.5,48.1,47.1,94.8,0.37,N@0.0,0.0,59.5,0.0,0,"East Olympia, Olympia, Thurston County",330151,East Olympia,2017-12-11 06:37:21.499102
2014-05-24,22:45,47.5,47.0,46.1,94.9,0.44,N@0.0,0.0,59.5,0.0,0,"East Olympia, Olympia, Thurston County",330151,East Olympia,2017-12-11 06:37:21.499102
2014-05-24,23:00,47.3,46.8,46.0,95.2,0.5,N@0.0,0.0,59.5,0.0,0,"East Olympia, Olympia, Thurston County",330151,East Olympia,2017-12-11 06:37:21.499102
2014-05-25,23:15,46.9,46.8,45.8,95.6,0.55,N@0.0,0.0,59.5,0.0,0,"East Olympia, Olympia, Thurston County",330151,East Olympia,2017-12-11 06:37:21.499102
2014-05-25,23:30,46.9,46.6,45.8,95.9,0.6,N@0.0,0.0,59.5,0.0,0,"East Olympia, Olympia, Thurston County",330151,East Olympia,2017-12-11 06:37:21.499102
2014-05-25,23:45,46.2,45.8,45.1,95.9,0.63,NE@0.5,2.4,59.4,0.0,0,"East Olympia, Olympia, Thurston County",330151,East Olympia,2017-12-11 06:37:21.499102
2014-05-25,24:00,45.6,45.3,44.5,96.0,0.66,N@0.0,0.0,59.4,0.0,0,"East Olympia, Olympia, Thurston County",330151,East Olympia,2017-12-11 06:37:21.499102
2014-05-25,00:15,45.0,44.7,43.9,96.1,0.68,N@0.0,0.0,59.4,0.0,0,"East Olympia, Olympia, Thurston County",330151,East Olympia,2017-12-11 06:37:21.499102
2014-05-25,00:30,45.1,44.7,44.1,96.2,0.7,N@0.0,0.0,59.4,0.0,0,"East Olympia, Olympia, Thurston County",330151,East Olympia,2017-12-11 06:37:21.499102
2014-05-25,00:45,44.6,44.4,43.6,96.2,0.72,N@0.0,0.0,59.3,0.0,0,"East Olympia, Olympia, Thurston County",330151,East Olympia,2017-12-11 06:37:21.499102
2014-05-25,01:00,44.3,44.0,43.3,96.2,0.75,N@0.0,0.0,59.3,0.0,0,"East Olympia, Olympia, Thurston County",330151,East Olympia,2017-12-11 06:37:21.499102
2014-05-25,01:15,43.8,43.5,42.9,96.3,0.76,N@0.0,0.0,59.3,0.0,0,"East Olympia, Olympia, Thurston County",330151,East Olympia,2017-12-11 06:37:21.499102
2014-05-25,01:30,43.9,43.7,43.0,96.4,0.78,N@0.0,0.0,59.2,0.0,0,"East Olympia, Olympia, Thurston County",330151,East Olympia,2017-12-11 06:37:21.499102
2014-05-25,01:45,43.6,43.2,42.6,96.3,0.79,N@0.0,0.0,59.2,0.0,0,"East Olympia, Olympia, Thurston County",330151,East Olympia,2017-12-11 06:37:21.499102
2014-05-25,02:00,43.5,43.3,42.6,96.5,0.8,N@0.0,0.0,59.1,0.0,0,"East Olympia, Olympia, Thurston County",330151,East Olympia,2017-12-11 06:37:21.499102
2014-05-25,02:15,43.2,42.8,42.2,96.4,0.81,N@0.0,0.0,59.1,0.0,0,"East Olympia, Olympia, Thurston County",330151,East Olympia,2017-12-11 06:37:21.499102
2014-05-25,02:30,43.3,43.0,42.4,96.5,0.82,N@0.0,0.0,59.1,0.0,0,"East Olympia, Olympia, Thurston County",330151,East Olympia,2017-12-11 06:37:21.499102
2014-05-25,02:45,43.1,42.7,42.2,96.5,0.82,N@0.0,0.0,59.0,0.0,0,"East Olympia, Olympia, Thurston County",330151,East Olympia,2017-12-11 06:37:21.499102
2014-05-25,03:00,43.9,44.1,43.1,96.9,0.83,SW@0.7,2.8,59.0,0.0,0,"East Olympia, Olympia, Thurston County",330151,East Olympia,2017-12-11 06:37:21.499102
2014-05-25,03:15,46.4,46.3,45.6,97.2,0.84,SW@2.1,3.5,58.9,0.0,0,"East Olympia, Olympia, Thurston County",330151,East Olympia,2017-12-11 06:37:21.499102
2014-05-25,03:30,46.3,46.0,45.5,97.0,0.84,W@0.4,2.4,58.9,0.0,0,"East Olympia, Olympia, Thurston County",330151,East Olympia,2017-12-11 06:37:21.499102
2014-05-25,03:45,46.0,45.8,45.2,97.0,0.84,NW@0.3,2.1,58.8,0.0,0,"East Olympia, Olympia, Thurston County",330151,East Olympia,2017-12-11 06:37:21.499102
2014-05-25,04:00,46.0,45.8,45.2,97.0,0.84,N@0.0,0.0,58.8,0.0,0,"East Olympia, Olympia, Thurston County",330151,East Olympia,2017-12-11 06:37:21.499102
2014-05-25,04:15,46.2,45.9,45.5,97.0,0.84,N@0.0,0.0,58.7,0.0,1,"East Olympia, Olympia, Thurston County",330151,East Olympia,2017-12-11 06:37:21.499102
2014-05-25,04:30,46.1,45.8,45.3,97.0,0.84,N@0.0,0.0,58.7,0.0,2,"East Olympia, Olympia, Thurston County",330151,East Olympia,2017-12-11 06:37:21.499102
2014-05-25,04:45,46.5,46.3,45.7,97.1,0.85,S@0.2,2.1,58.6,0.0,5,"East Olympia, Olympia, Thurston County",330151,East Olympia,2017-12-11 06:37:21.499102
2014-05-25,05:00,47.2,46.9,46.4,97.1,0.85,E@0.1,1.7,58.6,0.0,10,"East Olympia, Olympia, Thurston County",330151,East Olympia,2017-12-11 06:37:21.499102
2014-05-25,05:15,47.3,47.1,46.6,97.1,0.85,S@0.2,2.1,58.5,0.0,23,"East Olympia, Olympia, Thurston County",330151,East Olympia,2017-12-11 06:37:21.499102
2014-05-25,05:30,47.9,47.7,47.2,97.1,0.85,SW@0.3,1.7,58.5,0.0,41,"East Olympia, Olympia, Thurston County",330151,East Olympia,2017-12-11 06:37:21.499102
2014-05-25,05:45,48.7,48.4,47.9,97.1,0.85,N@0.2,3.5,58.4,0.0,53,"East Olympia, Olympia, Thurston County",330151,East Olympia,2017-12-11 06:37:21.499102
2014-05-25,06:00,49.3,49.0,48.6,97.1,0.86,SW@0.0,1.4,58.4,0.0,36,"East Olympia, Olympia, Thurston County",330151,East Olympia,2017-12-11 06:37:21.499102
2014-05-25,06:15,49.6,49.2,48.8,97.1,0.86,N@0.0,0.0,58.3,0.0,35,"East Olympia, Olympia, Thurston County",330151,East Olympia,2017-12-11 06:37:21.499102
2014-05-25,06:30,50.1,49.7,49.2,96.8,0.86,W@0.2,3.5,58.3,0.0,76,"East Olympia, Olympia, Thurston County",330151,East Olympia,2017-12-11 06:37:21.499102
2014-05-25,06:45,50.8,50.6,49.6,95.6,0.86,W@1.5,4.9,58.2,0.0,110,"East Olympia, Olympia, Thurston County",330151,East Olympia,2017-12-11 06:37:21.499102
2014-05-25,07:00,51.7,51.6,50.1,94.1,0.86,W@1.2,6.0,58.2,0.0,113,"East Olympia, Olympia, Thurston County",330151,East Olympia,2017-12-11 06:37:21.499102
2014-05-25,07:15,52.6,52.5,50.3,91.8,0.85,SW@1.6,4.2,58.2,0.0,166,"East Olympia, Olympia, Thurston County",330151,East Olympia,2017-12-11 06:37:21.499102
2014-05-25,07:30,53.5,53.3,50.3,88.8,0.8,SW@2.0,6.0,58.1,0.0,162,"East Olympia, Olympia, Thurston County",330151,East Olympia,2017-12-11 06:37:21.499102
2014-05-25,07:45,53.6,53.4,49.7,86.3,0.68,SW@2.7,6.4,58.1,0.0,170,"East Olympia, Olympia, Thurston County",330151,East Olympia,2017-12-11 06:37:21.499102
2014-05-25,08:00,54.5,54.3,50.0,84.7,0.39,SW@2.7,6.4,58.0,0.0,216,"East Olympia, Olympia, Thurston County",330151,East Olympia,2017-12-11 06:37:21.499102
2014-05-25,08:15,54.7,54.4,49.7,82.9,0.03,SW@3.4,7.4,58.0,0.0,191,"East Olympia, Olympia, Thurston County",330151,East Olympia,2017-12-11 06:37:21.499102
2014-05-25,08:30,55.1,54.9,49.8,82.0,0.0,W@3.1,6.0,58.0,0.0,215,"East Olympia, Olympia, Thurston County",330151,East Olympia,2017-12-11 06:37:21.499102
2014-05-25,08:45,55.7,55.5,50.0,81.2,0.0,SW@2.5,6.4,58.0,0.0,256,"East Olympia, Olympia, Thurston County",330151,East Olympia,2017-12-11 06:37:21.499102
2014-05-25,09:00,56.4,56.2,50.2,79.6,0.0,S@3.4,7.8,57.9,0.0,292,"East Olympia, Olympia, Thurston County",330151,East Olympia,2017-12-11 06:37:21.499102
2014-05-25,09:15,56.8,56.4,50.4,79.1,0.0,W@3.5,6.4,57.9,0.0,301,"East Olympia, Olympia, Thurston County",330151,East Olympia,2017-12-11 06:37:21.499102
2014-05-25,09:30,57.3,57.0,50.0,76.8,0.0,SW@2.8,6.0,57.9,0.0,354,"East Olympia, Olympia, Thurston County",330151,East Olympia,2017-12-11 06:37:21.499102
2014-05-25,09:45,58.1,57.8,49.7,73.3,0.0,SE@4.0,7.4,57.9,0.0,404,"East Olympia, Olympia, Thurston County",330151,East Olympia,2017-12-11 06:37:21.499102
2014-05-25,10:00,58.8,58.5,49.7,71.7,0.0,S@3.3,7.8,57.8,0.0,458,"East Olympia, Olympia, Thurston County",330151,East Olympia,2017-12-11 06:37:21.499102
2014-05-25,10:15,59.5,59.2,49.2,68.6,0.0,W@2.4,5.7,57.8,0.0,443,"East Olympia, Olympia, Thurston County",330151,East Olympia,2017-12-11 06:37:21.499102
2014-05-25,10:30,59.8,59.3,48.6,66.5,0.0,SW@3.4,6.7,57.8,0.0,331,"East Olympia, Olympia, Thurston County",330151,East Olympia,2017-12-11 06:37:21.499102
2014-05-25,10:45,59.6,59.2,48.5,66.6,0.0,S@2.7,6.7,57.8,0.0,298,"East Olympia, Olympia, Thurston County",330151,East Olympia,2017-12-11 06:37:21.499102
2014-05-25,11:00,59.4,59.0,48.1,66.1,0.0,W@3.2,6.4,57.8,0.0,278,"East Olympia, Olympia, Thurston County",330151,East Olympia,2017-12-11 06:37:21.499102
2014-05-25,11:15,59.3,58.9,48.5,67.3,0.0,W@2.8,4.9,57.8,0.0,250,"East Olympia, Olympia, Thurston County",330151,East Olympia,2017-12-11 06:37:21.499102
2014-05-25,11:30,60.1,59.8,49.1,66.9,0.01,S@1.9,4.2,57.8,0.0,325,"East Olympia, Olympia, Thurston County",330151,East Olympia,2017-12-11 06:37:21.499102
2014-05-25,11:45,60.7,60.3,50.3,68.6,0.03,W@2.0,5.3,57.8,0.0,327,"East Olympia, Olympia, Thurston County",330151,East Olympia,2017-12-11 06:37:21.499102
2014-05-25,12:00,61.1,60.7,49.8,66.3,0.0,SW@2.8,5.7,57.8,0.0,369,"East Olympia, Olympia, Thurston County",330151,East Olympia,2017-12-11 06:37:21.499102
2014-05-25,12:15,60.9,60.4,49.1,65.0,0.0,SW@3.8,8.2,57.8,0.0,323,"East Olympia, Olympia, Thurston County",330151,East Olympia,2017-12-11 06:37:21.499102
2014-05-25,12:30,60.6,60.3,49.0,65.4,0.0,SW@3.4,7.1,57.8,0.0,316,"East Olympia, Olympia, Thurston County",330151,East Olympia,2017-12-11 06:37:21.499102
2014-05-25,12:45,61.2,60.8,49.9,66.3,0.0,S@3.1,5.3,57.8,0.0,286,"East Olympia, Olympia, Thurston County",330151,East Olympia,2017-12-11 06:37:21.499102
2014-05-25,13:00,60.9,60.5,50.3,68.0,0.18,SE@2.1,7.4,57.8,0.0,260,"East Olympia, Olympia, Thurston County",330151,East Olympia,2017-12-11 06:37:21.499102
2014-05-25,13:15,60.8,60.4,51.1,70.3,0.49,S@2.0,4.6,57.8,0.0,295,"East Olympia, Olympia, Thurston County",330151,East Olympia,2017-12-11 06:37:21.499102
2014-05-25,13:30,60.2,59.8,53.0,76.9,0.66,SE@1.7,3.9,57.8,0.0,199,"East Olympia, Olympia, Thurston County",330151,East Olympia,2017-12-11 06:37:21.499102
2014-05-25,13:45,59.8,59.3,54.1,81.3,0.73,SE@0.0,1.4,57.8,0.0,169,"East Olympia, Olympia, Thurston County",330151,East Olympia,2017-12-11 06:37:21.499102
2014-05-25,14:00,59.9,59.5,54.4,82.1,0.83,N@0.0,0.0,57.9,0.01,191,"East Olympia, Olympia, Thurston County",330151,East Olympia,2017-12-11 06:37:21.499102
2014-05-25,14:15,60.4,60.0,53.7,78.4,0.81,N@0.0,0.0,57.9,0.0,220,"East Olympia, Olympia, Thurston County",330151,East Olympia,2017-12-11 06:37:21.499102
2014-05-25,14:30,60.1,59.4,54.5,81.7,0.79,S@0.0,1.4,57.9,0.01,139,"East Olympia, Olympia, Thurston County",330151,East Olympia,2017-12-11 06:37:21.499102
2014-05-25,14:45,58.3,57.8,55.2,89.2,0.75,S@0.1,1.7,57.9,0.03,112,"East Olympia, Olympia, Thurston County",330151,East Olympia,2017-12-11 06:37:21.499102
2014-05-25,15:00,58.1,57.7,55.3,90.5,0.68,NE@0.8,3.1,57.9,0.02,183,"East Olympia, Olympia, Thurston County",330151,East Olympia,2017-12-11 06:37:21.499102
2014-05-25,15:15,58.4,58.2,55.5,90.0,0.66,N@1.3,2.8,57.9,0.01,232,"East Olympia, Olympia, Thurston County",330151,East Olympia,2017-12-11 06:37:21.499102
2014-05-25,15:30,58.1,57.7,55.0,89.5,0.65,N@1.1,3.1,58.0,0.0,174,"East Olympia, Olympia, Thurston County",330151,East Olympia,2017-12-11 06:37:21.499102
2014-05-25,15:45,57.9,57.5,55.1,90.2,0.64,W@1.2,3.5,58.0,0.01,134,"East Olympia, Olympia, Thurston County",330151,East Olympia,2017-12-11 06:37:21.499102
2014-05-25,16:00,58.0,57.6,55.7,92.0,0.65,NW@0.2,2.1,58.0,0.0,109,"East Olympia, Olympia, Thurston County",330151,East Olympia,2017-12-11 06:37:21.499102
2014-05-25,16:15,57.7,57.1,55.6,92.6,0.64,NW@0.0,1.4,58.0,0.02,75,"East Olympia, Olympia, Thurston County",330151,East Olympia,2017-12-11 06:37:21.499102
2014-05-25,16:30,57.3,56.9,55.4,93.2,0.62,N@0.0,0.0,58.0,0.02,69,"East Olympia, Olympia, Thurston County",330151,East Olympia,2017-12-11 06:37:21.499102
2014-05-25,16:45,57.2,56.7,55.2,92.9,0.6,SW@0.2,2.8,58.1,0.01,96,"East Olympia, Olympia, Thurston County",330151,East Olympia,2017-12-11 06:37:21.499102
2014-05-25,17:00,57.4,57.0,55.2,92.3,0.59,W@0.4,2.1,58.1,0.01,106,"East Olympia, Olympia, Thurston County",330151,East Olympia,2017-12-11 06:37:21.499102
2014-05-25,17:15,56.8,56.4,54.2,90.9,0.6,S@1.5,3.5,58.1,0.0,93,"East Olympia, Olympia, Thurston County",330151,East Olympia,2017-12-11 06:37:21.499102
2014-05-25,17:30,55.6,55.2,52.3,88.5,0.57,SW@2.3,5.7,58.1,0.01,54,"East Olympia, Olympia, Thurston County",330151,East Olympia,2017-12-11 06:37:21.499102
2014-05-25,17:45,54.7,54.3,52.2,91.0,0.61,S@0.4,2.4,58.1,0.03,45,"East Olympia, Olympia, Thurston County",330151,East Olympia,2017-12-11 06:37:21.499102
2014-05-25,18:00,54.3,54.0,52.4,93.2,0.57,S@0.3,2.8,58.2,0.01,68,"East Olympia, Olympia, Thurston County",330151,East Olympia,2017-12-11 06:37:21.499102
2014-05-25,18:15,54.2,53.8,52.6,94.2,0.57,SW@0.1,1.7,58.2,0.01,42,"East Olympia, Olympia, Thurston County",330151,East Olympia,2017-12-11 06:37:21.499102
2014-05-25,18:30,54.2,53.9,52.8,94.8,0.58,N@0.0,0.0,58.2,0.02,48,"East Olympia, Olympia, Thurston County",330151,East Olympia,2017-12-11 06:37:21.499102
2014-05-25,18:45,54.2,53.8,52.9,95.0,0.54,SW@0.0,1.4,58.2,0.0,38,"East Olympia, Olympia, Thurston County",330151,East Olympia,2017-12-11 06:37:21.499102
2014-05-25,19:00,54.1,53.7,52.8,95.1,0.5,N@0.0,0.0,58.2,0.0,32,"East Olympia, Olympia, Thurston County",330151,East Olympia,2017-12-11 06:37:21.499102
2014-05-25,19:15,53.9,53.5,52.6,95.2,0.51,SE@0.2,2.8,58.2,0.0,21,"East Olympia, Olympia, Thurston County",330151,East Olympia,2017-12-11 06:37:21.499102
2014-05-25,19:30,53.5,53.2,52.2,95.1,0.53,E@0.1,2.8,58.2,0.0,12,"East Olympia, Olympia, Thurston County",330151,East Olympia,2017-12-11 06:37:21.499102
2014-05-25,19:45,53.5,53.1,52.2,95.4,0.53,N@0.0,0.0,58.2,0.0,4,"East Olympia, Olympia, Thurston County",330151,East Olympia,2017-12-11 06:37:21.499102
2014-05-25,20:00,53.3,52.9,52.2,95.7,0.54,N@0.0,0.0,58.3,0.0,2,"East Olympia, Olympia, Thurston County",330151,East Olympia,2017-12-11 06:37:21.499102
2014-05-25,20:15,53.1,52.6,52.0,96.0,0.54,E@0.0,1.4,58.3,0.0,1,"East Olympia, Olympia, Thurston County",330151,East Olympia,2017-12-11 06:37:21.499102
2014-05-25,20:30,52.9,52.6,51.9,96.2,0.55,SE@1.2,2.8,58.3,0.0,0,"East Olympia, Olympia, Thurston County",330151,East Olympia,2017-12-11 06:37:21.499102
2014-05-25,20:45,52.8,52.5,51.8,96.3,0.59,E@0.4,2.4,58.3,0.0,0,"East Olympia, Olympia, Thurston County",330151,East Olympia,2017-12-11 06:37:21.499102
2014-05-25,21:00,52.7,52.2,51.7,96.4,0.55,N@0.0,0.0,58.3,0.01,0,"East Olympia, Olympia, Thurston County",330151,East Olympia,2017-12-11 06:37:21.499102
2014-05-25,21:15,52.6,52.2,51.6,96.5,0.57,N@0.0,0.0,58.3,0.0,0,"East Olympia, Olympia, Thurston County",330151,East Olympia,2017-12-11 06:37:21.499102
2014-05-25,21:30,52.5,52.1,51.6,96.6,0.58,N@0.0,0.0,58.3,0.0,0,"East Olympia, Olympia, Thurston County",330151,East Olympia,2017-12-11 06:37:21.499102
2014-05-25,21:45,52.5,52.1,51.6,96.7,0.58,N@0.0,0.0,58.3,0.01,0,"East Olympia, Olympia, Thurston County",330151,East Olympia,2017-12-11 06:37:21.499102
2014-05-25,22:00,52.7,52.3,51.8,96.8,0.55,E@0.3,3.5,58.3,0.0,0,"East Olympia, Olympia, Thurston County",330151,East Olympia,2017-12-11 06:37:21.499102
2014-05-25,22:15,52.8,52.4,51.9,96.8,0.54,S@0.3,2.8,58.3,0.0,0,"East Olympia, Olympia, Thurston County",330151,East Olympia,2017-12-11 06:37:21.499102
2014-05-25,22:30,52.8,52.4,51.9,96.9,0.53,NE@0.0,1.4,58.3,0.0,0,"East Olympia, Olympia, Thurston County",330151,East Olympia,2017-12-11 06:37:21.499102
2014-05-25,22:45,52.8,52.3,51.9,96.9,0.53,N@0.0,0.0,58.3,0.0,0,"East Olympia, Olympia, Thurston County",330151,East Olympia,2017-12-11 06:37:21.499102
2014-05-25,23:00,52.8,52.3,51.9,97.0,0.55,N@0.0,0.0,58.3,0.0,0,"East Olympia, Olympia, Thurston County",330151,East Olympia,2017-12-11 06:37:21.499102
2014-05-26,23:15,52.8,52.3,51.9,97.0,0.57,N@0.0,0.0,58.3,0.0,0,"East Olympia, Olympia, Thurston County",330151,East Olympia,2017-12-11 06:37:21.499102
2014-05-26,23:30,52.8,52.3,51.9,97.0,0.59,N@0.0,0.0,58.3,0.02,0,"East Olympia, Olympia, Thurston County",330151,East Olympia,2017-12-11 06:37:21.499102
2014-05-26,23:45,52.7,52.2,51.9,97.0,0.57,N@0.0,0.0,58.3,0.0,0,"East Olympia, Olympia, Thurston County",330151,East Olympia,2017-12-11 06:37:21.499102
2014-05-26,24:00,52.7,52.2,51.9,97.1,0.54,N@0.0,0.0,58.3,0.0,0,"East Olympia, Olympia, Thurston County",330151,East Olympia,2017-12-11 06:37:21.499102
2014-05-26,00:15,52.7,52.3,51.9,97.1,0.55,N@0.0,0.0,58.3,0.0,0,"East Olympia, Olympia, Thurston County",330151,East Olympia,2017-12-11 06:37:21.499102
2014-05-26,00:30,52.8,52.4,52.0,97.2,0.57,SE@0.2,2.1,58.3,0.01,0,"East Olympia, Olympia, Thurston County",330151,East Olympia,2017-12-11 06:37:21.499102
2014-05-26,00:45,52.9,52.5,52.1,97.2,0.56,N@0.0,0.0,58.3,0.0,0,"East Olympia, Olympia, Thurston County",330151,East Olympia,2017-12-11 06:37:21.499102
2014-05-26,01:00,52.9,52.5,52.1,97.2,0.57,N@0.0,0.0,58.2,0.01,0,"East Olympia, Olympia, Thurston County",330151,East Olympia,2017-12-11 06:37:21.499102
2014-05-26,01:15,52.9,52.5,52.1,97.3,0.56,S@0.0,1.4,58.2,0.0,0,"East Olympia, Olympia, Thurston County",330151,East Olympia,2017-12-11 06:37:21.499102
2014-05-26,01:30,52.9,52.5,52.1,97.3,0.53,S@0.1,1.4,58.2,0.0,0,"East Olympia, Olympia, Thurston County",330151,East Olympia,2017-12-11 06:37:21.499102
2014-05-26,01:45,52.8,52.4,52.0,97.2,0.53,N@0.0,0.0,58.2,0.0,0,"East Olympia, Olympia, Thurston County",330151,East Olympia,2017-12-11 06:37:21.499102
2014-05-26,02:00,52.6,52.1,51.8,97.2,0.53,S@0.0,1.4,58.2,0.0,0,"East Olympia, Olympia, Thurston County",330151,East Olympia,2017-12-11 06:37:21.499102
2014-05-26,02:15,52.5,52.1,51.7,97.2,0.53,SW@0.1,2.8,58.2,0.0,0,"East Olympia, Olympia, Thurston County",330151,East Olympia,2017-12-11 06:37:21.499102
2014-05-26,02:30,52.6,52.3,51.9,97.2,0.53,S@0.4,2.8,58.2,0.0,0,"East Olympia, Olympia, Thurston County",330151,East Olympia,2017-12-11 06:37:21.499102
2014-05-26,02:45,52.7,52.4,51.9,97.2,0.53,N@0.0,0.0,58.2,0.0,0,"East Olympia, Olympia, Thurston County",330151,East Olympia,2017-12-11 06:37:21.499102
2014-05-26,03:00,52.7,52.3,51.9,97.1,0.53,S@0.4,3.1,58.2,0.0,0,"East Olympia, Olympia, Thurston County",330151,East Olympia,2017-12-11 06:37:21.499102
2014-05-26,03:15,52.4,52.0,51.6,97.0,0.54,SW@0.1,2.4,58.2,0.0,0,"East Olympia, Olympia, Thurston County",330151,East Olympia,2017-12-11 06:37:21.499102
2014-05-26,03:30,51.8,51.3,50.9,96.8,0.55,SW@0.0,1.4,58.1,0.0,0,"East Olympia, Olympia, Thurston County",330151,East Olympia,2017-12-11 06:37:21.499102
2014-05-26,03:45,51.2,50.8,50.4,96.8,0.56,E@0.0,1.7,58.1,0.0,0,"East Olympia, Olympia, Thurston County",330151,East Olympia,2017-12-11 06:37:21.499102
2014-05-26,04:00,50.7,50.4,49.9,96.9,0.56,SE@0.1,2.1,58.1,0.0,0,"East Olympia, Olympia, Thurston County",330151,East Olympia,2017-12-11 06:37:21.499102
2014-05-26,04:15,49.8,49.5,49.0,96.8,0.56,SE@0.1,3.1,58.1,0.0,2,"East Olympia, Olympia, Thurston County",330151,East Olympia,2017-12-11 06:37:21.499102
2014-05-26,04:30,49.8,49.5,49.0,97.0,0.56,S@0.1,2.8,58.1,0.0,2,"East Olympia, Olympia, Thurston County",330151,East Olympia,2017-12-11 06:37:21.499102
2014-05-26,04:45,50.5,50.4,49.8,97.2,0.55,SW@0.5,4.6,58.1,0.0,7,"East Olympia, Olympia, Thurston County",330151,East Olympia,2017-12-11 06:37:21.499102
2014-05-26,05:00,51.3,51.1,50.6,97.3,0.55,SW@1.3,4.9,58.1,0.0,8,"East Olympia, Olympia, Thurston County",330151,East Olympia,2017-12-11 06:37:21.499102
2014-05-26,05:15,51.7,51.5,51.0,97.3,0.54,S@0.9,4.2,58.1,0.0,18,"East Olympia, Olympia, Thurston County",330151,East Olympia,2017-12-11 06:37:21.499102
2014-05-26,05:30,52.3,52.0,51.5,97.2,0.53,S@1.0,4.6,58.1,0.0,55,"East Olympia, Olympia, Thurston County",330151,East Olympia,2017-12-11 06:37:21.499102
2014-05-26,05:45,52.8,52.6,52.0,96.9,0.52,SW@1.1,3.9,58.0,0.0,44,"East Olympia, Olympia, Thurston County",330151,East Olympia,2017-12-11 06:37:21.499102
2014-05-26,06:00,53.2,52.9,52.2,96.5,0.52,S@0.9,3.5,58.0,0.0,58,"East Olympia, Olympia, Thurston County",330151,East Olympia,2017-12-11 06:37:21.499102
2014-05-26,06:15,53.7,53.5,52.5,95.6,0.52,SW@1.9,4.9,58.0,0.0,123,"East Olympia, Olympia, Thurston County",330151,East Olympia,2017-12-11 06:37:21.499102
2014-05-26,06:30,54.0,53.7,52.5,94.7,0.52,SE@1.1,3.5,58.0,0.0,101,"East Olympia, Olympia, Thurston County",330151,East Olympia,2017-12-11 06:37:21.499102
2014-05-26,06:45,54.4,54.1,52.6,93.5,0.53,S@1.2,4.2,58.0,0.0,187,"East Olympia, Olympia, Thurston County",330151,East Olympia,2017-12-11 06:37:21.499102
2014-05-26,07:00,55.3,55.1,52.9,91.6,0.48,SE@1.5,6.4,57.9,0.0,270,"East Olympia, Olympia, Thurston County",330151,East Olympia,2017-12-11 06:37:21.499102
2014-05-26,07:15,56.2,56.0,52.9,88.5,0.3,S@2.2,6.0,57.9,0.0,283,"East Olympia, Olympia, Thurston County",330151,East Olympia,2017-12-11 06:37:21.499102
2014-05-26,07:30,56.6,56.2,52.4,85.8,0.11,SW@4.0,8.2,57.9,0.0,386,"East Olympia, Olympia, Thurston County",330151,East Olympia,2017-12-11 06:37:21.499102
2014-05-26,07:45,57.0,56.6,51.4,81.5,0.0,SW@4.6,8.9,57.9,0.0,488,"East Olympia, Olympia, Thurston County",330151,East Olympia,2017-12-11 06:37:21.499102
2014-05-26,08:00,57.5,57.1,50.4,77.2,0.0,SW@4.4,9.6,57.9,0.0,528,"East Olympia, Olympia, Thurston County",330151,East Olympia,2017-12-11 06:37:21.499102
2014-05-26,08:15,57.9,57.4,49.0,72.3,0.0,SW@5.0,11.7,57.9,0.0,553,"East Olympia, Olympia, Thurston County",330151,East Olympia,2017-12-11 06:37:21.499102
2014-05-26,08:30,57.9,57.4,47.2,67.4,0.0,SW@5.5,12.8,57.8,0.0,587,"East Olympia, Olympia, Thurston County",330151,East Olympia,2017-12-11 06:37:21.499102
2014-05-26,08:45,58.5,58.1,46.7,64.6,0.0,SW@5.6,11.7,57.8,0.0,639,"East Olympia, Olympia, Thurston County",330151,East Olympia,2017-12-11 06:37:21.499102
2014-05-26,09:00,59.5,59.1,47.5,64.3,0.0,SW@4.8,11.7,57.8,0.0,771,"East Olympia, Olympia, Thurston County",330151,East Olympia,2017-12-11 06:37:21.499102
2014-05-26,09:15,59.5,59.0,47.5,64.3,0.0,SW@4.3,9.9,57.8,0.0,533,"East Olympia, Olympia, Thurston County",330151,East Olympia,2017-12-11 06:37:21.499102
2014-05-26,09:30,60.1,59.6,47.0,61.9,0.0,SW@5.8,10.3,57.8,0.0,773,"East Olympia, Olympia, Thurston County",330151,East Olympia,2017-12-11 06:37:21.499102
2014-05-26,09:45,61.2,60.7,46.9,59.3,0.0,SW@4.6,11.7,57.8,0.0,851,"East Olympia, Olympia, Thurston County",330151,East Olympia,2017-12-11 06:37:21.499102
2014-05-26,10:00,61.7,61.1,46.3,56.9,0.0,SW@4.5,11.0,57.8,0.0,771,"East Olympia, Olympia, Thurston County",330151,East Olympia,2017-12-11 06:37:21.499102
2014-05-26,10:15,62.5,62.0,46.4,55.6,0.0,SW@5.6,11.4,57.8,0.0,1012,"East Olympia, Olympia, Thurston County",330151,East Olympia,2017-12-11 06:37:21.499102
2014-05-26,10:30,62.6,61.9,46.2,55.0,0.0,SW@4.9,12.8,57.8,0.0,834,"East Olympia, Olympia, Thurston County",330151,East Olympia,2017-12-11 06:37:21.499102
2014-05-26,10:45,60.9,60.3,45.5,56.7,0.0,SW@4.8,11.7,57.8,0.0,437,"East Olympia, Olympia, Thurston County",330151,East Olympia,2017-12-11 06:37:21.499102
2014-05-26,11:00,63.0,62.7,46.8,55.4,0.0,SW@4.4,9.9,57.8,0.0,921,"East Olympia, Olympia, Thurston County",330151,East Olympia,2017-12-11 06:37:21.499102
2014-05-26,11:15,61.8,61.1,45.9,55.9,0.0,SW@4.1,9.9,57.8,0.0,353,"East Olympia, Olympia, Thurston County",330151,East Olympia,2017-12-11 06:37:21.499102
2014-05-26,11:30,59.8,59.4,45.6,59.3,0.0,SW@3.9,8.5,57.8,0.0,189,"East Olympia, Olympia, Thurston County",330151,East Olympia,2017-12-11 06:37:21.499102
2014-05-26,11:45,60.2,59.9,47.2,62.1,0.0,SW@5.2,12.1,57.8,0.0,596,"East Olympia, Olympia, Thurston County",330151,East Olympia,2017-12-11 06:37:21.499102
2014-05-26,12:00,61.0,60.5,47.4,60.8,0.0,SW@5.1,8.5,57.9,0.0,531,"East Olympia, Olympia, Thurston County",330151,East Olympia,2017-12-11 06:37:21.499102
2014-05-26,12:15,60.3,59.9,47.0,61.4,0.0,SW@4.3,8.9,57.9,0.0,401,"East Olympia, Olympia, Thurston County",330151,East Olympia,2017-12-11 06:37:21.499102
2014-05-26,12:30,59.3,58.5,48.0,66.3,0.37,SW@3.7,8.2,57.9,0.01,293,"East Olympia, Olympia, Thurston County",330151,East Olympia,2017-12-11 06:37:21.499102
2014-05-26,12:45,58.2,58.0,50.1,74.4,0.13,SW@3.4,9.6,58.0,0.0,436,"East Olympia, Olympia, Thurston County",330151,East Olympia,2017-12-11 06:37:21.499102
2014-05-26,13:00,59.1,58.8,48.4,67.5,0.01,SW@4.5,9.6,58.0,0.0,402,"East Olympia, Olympia, Thurston County",330151,East Olympia,2017-12-11 06:37:21.499102
2014-05-26,13:15,60.5,60.2,47.2,61.3,0.0,W@4.1,7.4,58.0,0.0,463,"East Olympia, Olympia, Thurston County",330151,East Olympia,2017-12-11 06:37:21.499102
2014-05-26,13:30,62.2,62.0,46.4,56.0,0.01,SW@3.8,11.7,58.1,0.0,772,"East Olympia, Olympia, Thurston County",330151,East Olympia,2017-12-11 06:37:21.499102
2014-05-26,13:45,63.9,63.3,45.7,51.6,0.0,SW@4.6,8.2,58.1,0.0,863,"East Olympia, Olympia, Thurston County",330151,East Olympia,2017-12-11 06:37:21.499102
2014-05-26,14:00,63.5,63.0,44.6,50.1,0.0,SW@3.7,9.9,58.1,0.0,584,"East Olympia, Olympia, Thurston County",330151,East Olympia,2017-12-11 06:37:21.499102
2014-05-26,14:15,63.0,62.5,46.9,55.7,0.0,W@3.0,11.7,58.2,0.0,430,"East Olympia, Olympia, Thurston County",330151,East Olympia,2017-12-11 06:37:21.499102
2014-05-26,14:30,62.7,62.1,46.0,54.4,0.0,SW@3.3,7.8,58.2,0.0,410,"East Olympia, Olympia, Thurston County",330151,East Olympia,2017-12-11 06:37:21.499102
2014-05-26,14:45,62.0,61.5,45.7,55.0,0.0,SW@4.0,8.9,58.3,0.0,335,"East Olympia, Olympia, Thurston County",330151,East Olympia,2017-12-11 06:37:21.499102
2014-05-26,15:00,63.3,62.9,46.6,54.3,0.01,SW@4.3,10.7,58.3,0.0,573,"East Olympia, Olympia, Thurston County",330151,East Olympia,2017-12-11 06:37:21.499102
2014-05-26,15:15,61.8,61.4,45.6,55.2,0.02,SW@3.7,11.4,58.3,0.0,426,"East Olympia, Olympia, Thurston County",330151,East Olympia,2017-12-11 06:37:21.499102
2014-05-26,15:30,63.8,63.4,46.4,53.0,0.0,SW@5.1,11.0,58.4,0.0,643,"East Olympia, Olympia, Thurston County",330151,East Olympia,2017-12-11 06:37:21.499102
2014-05-26,15:45,63.8,63.3,46.6,53.5,0.0,SW@5.0,9.9,58.4,0.0,695,"East Olympia, Olympia, Thurston County",330151,East Olympia,2017-12-11 06:37:21.499102
2014-05-26,16:00,64.1,63.4,46.2,52.1,0.0,SW@4.1,7.4,58.4,0.0,488,"East Olympia, Olympia, Thurston County",330151,East Olympia,2017-12-11 06:37:21.499102
2014-05-26,16:15,62.3,61.9,45.5,53.9,0.0,SW@3.5,6.7,58.5,0.0,424,"East Olympia, Olympia, Thurston County",330151,East Olympia,2017-12-11 06:37:21.499102
2014-05-26,16:30,63.4,63.0,45.3,51.6,0.0,SW@4.2,8.9,58.5,0.0,532,"East Olympia, Olympia, Thurston County",330151,East Olympia,2017-12-11 06:37:21.499102
2014-05-26,16:45,63.7,63.2,45.4,51.2,0.0,SW@4.1,8.5,58.5,0.0,451,"East Olympia, Olympia, Thurston County",330151,East Olympia,2017-12-11 06:37:21.499102
2014-05-26,17:00,63.1,62.7,44.7,51.0,0.0,SW@4.1,9.2,58.6,0.0,407,"East Olympia, Olympia, Thurston County",330151,East Olympia,2017-12-11 06:37:21.499102
2014-05-26,17:15,61.7,61.0,43.8,51.8,0.0,SW@4.1,11.4,58.6,0.0,154,"East Olympia, Olympia, Thurston County",330151,East Olympia,2017-12-11 06:37:21.499102
2014-05-26,17:30,62.7,62.4,44.9,52.2,0.0,SW@3.9,9.9,58.6,0.0,400,"East Olympia, Olympia, Thurston County",330151,East Olympia,2017-12-11 06:37:21.499102
2014-05-26,17:45,62.7,62.2,44.2,50.7,0.0,SW@3.9,8.5,58.7,0.0,333,"East Olympia, Olympia, Thurston County",330151,East Olympia,2017-12-11 06:37:21.499102
2014-05-26,18:00,62.0,61.8,43.8,51.2,0.0,SW@3.7,7.8,58.7,0.0,276,"East Olympia, Olympia, Thurston County",330151,East Olympia,2017-12-11 06:37:21.499102
2014-05-26,18:15,61.1,60.9,43.1,51.4,0.0,SW@3.6,8.5,58.8,0.0,77,"East Olympia, Olympia, Thurston County",330151,East Olympia,2017-12-11 06:37:21.499102
2014-05-26,18:30,60.2,59.8,43.4,53.7,0.0,SW@3.6,8.2,58.8,0.0,43,"East Olympia, Olympia, Thurston County",330151,East Olympia,2017-12-11 06:37:21.499102
2014-05-26,18:45,59.5,59.1,42.9,54.0,0.0,SW@2.9,6.4,58.8,0.0,36,"East Olympia, Olympia, Thurston County",330151,East Olympia,2017-12-11 06:37:21.499102
2014-05-26,19:00,58.8,58.3,42.7,55.1,0.0,SW@2.7,6.7,58.8,0.0,29,"East Olympia, Olympia, Thurston County",330151,East Olympia,2017-12-11 06:37:21.499102
2014-05-26,19:15,57.7,57.4,42.2,55.9,0.0,SW@2.8,5.3,58.9,0.0,22,"East Olympia, Olympia, Thurston County",330151,East Olympia,2017-12-11 06:37:21.499102
2014-05-26,19:30,56.1,55.4,43.7,63.0,0.0,S@1.9,3.5,58.9,0.0,16,"East Olympia, Olympia, Thurston County",330151,East Olympia,2017-12-11 06:37:21.499102
2014-05-26,19:45,53.8,53.2,44.7,71.2,0.0,S@1.0,2.4,58.9,0.0,8,"East Olympia, Olympia, Thurston County",330151,East Olympia,2017-12-11 06:37:21.499102
2014-05-26,20:00,51.9,51.0,45.4,78.4,0.0,N@0.0,0.0,58.9,0.0,3,"East Olympia, Olympia, Thurston County",330151,East Olympia,2017-12-11 06:37:21.499102
2014-05-26,20:15,50.1,49.3,45.4,83.7,0.01,N@0.0,0.0,58.9,0.0,2,"East Olympia, Olympia, Thurston County",330151,East Olympia,2017-12-11 06:37:21.499102
2014-05-26,20:30,49.5,49.0,45.5,86.2,0.02,SW@0.3,2.1,59.0,0.0,0,"East Olympia, Olympia, Thurston County",330151,East Olympia,2017-12-11 06:37:21.499102
2014-05-26,20:45,48.4,47.7,44.9,87.7,0.05,N@0.0,0.0,59.0,0.0,0,"East Olympia, Olympia, Thurston County",330151,East Olympia,2017-12-11 06:37:21.499102
2014-05-26,21:00,47.4,47.0,45.0,91.0,0.09,N@0.0,0.0,59.0,0.0,0,"East Olympia, Olympia, Thurston County",330151,East Olympia,2017-12-11 06:37:21.499102
2014-05-26,21:15,46.7,46.1,44.4,91.8,0.14,NW@0.0,1.4,59.0,0.0,0,"East Olympia, Olympia, Thurston County",330151,East Olympia,2017-12-11 06:37:21.499102
2014-05-26,21:30,45.4,45.0,43.5,92.7,0.19,N@0.0,0.0,59.0,0.0,0,"East Olympia, Olympia, Thurston County",330151,East Olympia,2017-12-11 06:37:21.499102
2014-05-26,21:45,45.0,44.6,43.3,93.6,0.24,N@0.0,0.0,59.0,0.0,0,"East Olympia, Olympia, Thurston County",330151,East Olympia,2017-12-11 06:37:21.499102
2014-05-26,22:00,44.7,44.2,43.1,94.0,0.31,N@0.0,0.0,59.0,0.0,0,"East Olympia, Olympia, Thurston County",330151,East Olympia,2017-12-11 06:37:21.499102
2014-05-26,22:15,44.3,44.0,42.9,94.6,0.36,N@0.0,0.0,59.0,0.0,0,"East Olympia, Olympia, Thurston County",330151,East Olympia,2017-12-11 06:37:21.499102
2014-05-26,22:30,44.3,43.9,43.0,95.0,0.42,N@0.0,0.0,59.0,0.0,0,"East Olympia, Olympia, Thurston County",330151,East Olympia,2017-12-11 06:37:21.499102
2014-05-26,22:45,44.0,43.9,42.8,95.2,0.47,N@0.0,0.0,59.0,0.0,0,"East Olympia, Olympia, Thurston County",330151,East Olympia,2017-12-11 06:37:21.499102
2014-05-26,23:00,44.6,44.3,43.4,95.5,0.5,S@0.4,2.4,59.0,0.0,0,"East Olympia, Olympia, Thurston County",330151,East Olympia,2017-12-11 06:37:21.499102
2014-05-27,23:15,44.0,43.7,42.8,95.5,0.53,N@0.0,0.0,58.9,0.0,0,"East Olympia, Olympia, Thurston County",330151,East Olympia,2017-12-11 06:37:21.499102
2014-05-27,23:30,43.8,43.4,42.7,95.6,0.56,N@0.0,0.0,58.9,0.0,0,"East Olympia, Olympia, Thurston County",330151,East Olympia,2017-12-11 06:37:21.499102
2014-05-27,23:45,43.4,43.1,42.3,95.7,0.59,N@0.0,0.0,58.9,0.0,0,"East Olympia, Olympia, Thurston County",330151,East Olympia,2017-12-11 06:37:21.499102
2014-05-27,24:00,43.2,42.9,42.1,95.8,0.61,N@0.0,0.0,58.9,0.0,0,"East Olympia, Olympia, Thurston County",330151,East Olympia,2017-12-11 06:37:21.499102
2014-05-27,00:15,43.5,43.4,42.5,96.1,0.63,SW@1.2,2.8,58.8,0.0,0,"East Olympia, Olympia, Thurston County",330151,East Olympia,2017-12-11 06:37:21.499102
2014-05-27,00:30,44.1,43.9,43.1,96.2,0.65,SW@1.3,2.8,58.8,0.0,0,"East Olympia, Olympia, Thurston County",330151,East Olympia,2017-12-11 06:37:21.499102
2014-05-27,00:45,43.4,43.0,42.4,96.0,0.66,N@0.0,1.4,58.8,0.0,0,"East Olympia, Olympia, Thurston County",330151,East Olympia,2017-12-11 06:37:21.499102
2014-05-27,01:00,42.8,42.5,41.8,96.0,0.68,N@0.0,0.0,58.7,0.0,0,"East Olympia, Olympia, Thurston County",330151,East Olympia,2017-12-11 06:37:21.499102
2014-05-27,01:15,42.6,42.3,41.6,96.1,0.7,N@0.0,0.0,58.7,0.0,0,"East Olympia, Olympia, Thurston County",330151,East Olympia,2017-12-11 06:37:21.499102
2014-05-27,01:30,42.5,42.2,41.5,96.2,0.72,NE@0.0,1.4,58.6,0.0,0,"East Olympia, Olympia, Thurston County",330151,East Olympia,2017-12-11 06:37:21.499102
2014-05-27,01:45,42.6,42.3,41.6,96.2,0.74,N@0.0,0.0,58.6,0.0,0,"East Olympia, Olympia, Thurston County",330151,East Olympia,2017-12-11 06:37:21.499102
2014-05-27,02:00,42.8,42.7,41.9,96.4,0.75,N@0.0,0.0,58.5,0.0,0,"East Olympia, Olympia, Thurston County",330151,East Olympia,2017-12-11 06:37:21.499102
2014-05-27,02:15,42.6,42.3,41.7,96.3,0.76,N@0.0,0.0,58.5,0.0,0,"East Olympia, Olympia, Thurston County",330151,East Olympia,2017-12-11 06:37:21.499102
2014-05-27,02:30,42.3,42.0,41.4,96.4,0.76,N@0.0,0.0,58.5,0.0,0,"East Olympia, Olympia, Thurston County",330151,East Olympia,2017-12-11 06:37:21.499102
2014-05-27,02:45,42.6,42.4,41.6,96.4,0.77,SW@0.0,1.4,58.4,0.0,0,"East Olympia, Olympia, Thurston County",330151,East Olympia,2017-12-11 06:37:21.499102
2014-05-27,03:00,42.3,42.0,41.4,96.4,0.78,N@0.0,0.0,58.4,0.0,0,"East Olympia, Olympia, Thurston County",330151,East Olympia,2017-12-11 06:37:21.499102
2014-05-27,03:15,42.4,42.2,41.5,96.5,0.79,N@0.0,1.4,58.3,0.0,0,"East Olympia, Olympia, Thurston County",330151,East Olympia,2017-12-11 06:37:21.499102
2014-05-27,03:30,42.2,41.8,41.2,96.5,0.79,N@0.0,0.0,58.3,0.0,0,"East Olympia, Olympia, Thurston County",330151,East Olympia,2017-12-11 06:37:21.499102
2014-05-27,03:45,42.4,42.3,41.5,96.6,0.8,N@0.0,0.0,58.2,0.0,0,"East Olympia, Olympia, Thurston County",330151,East Olympia,2017-12-11 06:37:21.499102
2014-05-27,04:00,42.3,42.0,41.4,96.5,0.8,N@0.0,0.0,58.2,0.0,0,"East Olympia, Olympia, Thurston County",330151,East Olympia,2017-12-11 06:37:21.499102
2014-05-27,04:15,42.2,41.9,41.3,96.6,0.8,N@0.0,0.0,58.1,0.0,2,"East Olympia, Olympia, Thurston County",330151,East Olympia,2017-12-11 06:37:21.499102
2014-05-27,04:30,41.3,41.0,40.4,96.4,0.81,S@0.0,1.4,58.1,0.0,3,"East Olympia, Olympia, Thurston County",330151,East Olympia,2017-12-11 06:37:21.499102
2014-05-27,04:45,41.1,41.0,40.2,96.5,0.81,N@0.0,0.0,58.0,0.0,11,"East Olympia, Olympia, Thurston County",330151,East Olympia,2017-12-11 06:37:21.499102
2014-05-27,05:00,41.3,41.1,40.4,96.5,0.81,N@0.0,0.0,58.0,0.0,29,"East Olympia, Olympia, Thurston County",330151,East Olympia,2017-12-11 06:37:21.499102
2014-05-27,05:15,41.6,41.4,40.7,96.5,0.81,N@0.0,0.0,57.9,0.0,50,"East Olympia, Olympia, Thurston County",330151,East Olympia,2017-12-11 06:37:21.499102
2014-05-27,05:30,42.6,42.5,41.7,96.6,0.82,N@0.0,0.0,57.9,0.0,73,"East Olympia, Olympia, Thurston County",330151,East Olympia,2017-12-11 06:37:21.499102
2014-05-27,05:45,43.7,43.6,42.8,96.6,0.82,N@0.0,0.0,57.8,0.0,105,"East Olympia, Olympia, Thurston County",330151,East Olympia,2017-12-11 06:37:21.499102
2014-05-27,06:00,45.7,45.6,44.8,96.5,0.83,N@0.0,0.0,57.8,0.0,171,"East Olympia, Olympia, Thurston County",330151,East Olympia,2017-12-11 06:37:21.499102
2014-05-27,06:15,47.6,47.2,46.5,95.9,0.83,N@0.0,0.0,57.7,0.0,276,"East Olympia, Olympia, Thurston County",330151,East Olympia,2017-12-11 06:37:21.499102
2014-05-27,06:30,48.6,48.1,47.4,95.6,0.82,N@0.0,0.0,57.7,0.0,253,"East Olympia, Olympia, Thurston County",330151,East Olympia,2017-12-11 06:37:21.499102
2014-05-27,06:45,51.3,51.0,49.0,91.6,0.77,S@0.8,4.2,57.6,0.0,348,"East Olympia, Olympia, Thurston County",330151,East Olympia,2017-12-11 06:37:21.499102
2014-05-27,07:00,52.5,52.3,47.5,83.0,0.52,SW@2.2,3.9,57.6,0.0,356,"East Olympia, Olympia, Thurston County",330151,East Olympia,2017-12-11 06:37:21.499102
2014-05-27,07:15,54.4,54.5,46.6,74.6,0.07,E@2.0,3.9,57.5,0.0,439,"East Olympia, Olympia, Thurston County",330151,East Olympia,2017-12-11 06:37:21.499102
2014-05-27,07:30,56.2,55.9,46.6,70.1,0.0,SE@1.3,3.1,57.5,0.0,488,"East Olympia, Olympia, Thurston County",330151,East Olympia,2017-12-11 06:37:21.499102
2014-05-27,07:45,56.7,56.4,46.3,68.1,0.0,SE@2.7,4.9,57.5,0.0,538,"East Olympia, Olympia, Thurston County",330151,East Olympia,2017-12-11 06:37:21.499102
2014-05-27,08:00,57.6,57.6,45.9,64.7,0.0,NE@2.6,4.2,57.4,0.0,584,"East Olympia, Olympia, Thurston County",330151,East Olympia,2017-12-11 06:37:21.499102
2014-05-27,08:15,59.4,59.2,47.0,63.5,0.0,NE@2.2,4.2,57.4,0.0,641,"East Olympia, Olympia, Thurston County",330151,East Olympia,2017-12-11 06:37:21.499102
2014-05-27,08:30,59.3,58.7,45.4,59.8,0.0,W@2.6,5.7,57.3,0.0,674,"East Olympia, Olympia, Thurston County",330151,East Olympia,2017-12-11 06:37:21.499102
2014-05-27,08:45,59.8,59.3,46.2,60.5,0.0,W@2.9,5.7,57.3,0.0,635,"East Olympia, Olympia, Thurston County",330151,East Olympia,2017-12-11 06:37:21.499102
2014-05-27,09:00,58.6,58.0,45.1,60.7,0.0,SW@3.7,8.2,57.3,0.0,530,"East Olympia, Olympia, Thurston County",330151,East Olympia,2017-12-11 06:37:21.499102
2014-05-27,09:15,59.4,59.2,45.8,60.6,0.0,SW@2.9,5.7,57.2,0.0,691,"East Olympia, Olympia, Thurston County",330151,East Olympia,2017-12-11 06:37:21.499102
2014-05-27,09:30,60.0,59.5,46.6,61.0,0.0,W@2.6,6.0,57.2,0.0,556,"East Olympia, Olympia, Thurston County",330151,East Olympia,2017-12-11 06:37:21.499102
2014-05-27,09:45,61.5,61.1,46.6,58.1,0.0,W@2.8,5.7,57.2,0.0,920,"East Olympia, Olympia, Thurston County",330151,East Olympia,2017-12-11 06:37:21.499102
2014-05-27,10:00,61.6,61.2,46.3,57.1,0.0,N@2.7,5.3,57.2,0.0,642,"East Olympia, Olympia, Thurston County",330151,East Olympia,2017-12-11 06:37:21.499102
2014-05-27,10:15,60.2,59.8,46.4,60.3,0.0,NW@2.3,4.9,57.2,0.0,448,"East Olympia, Olympia, Thurston County",330151,East Olympia,2017-12-11 06:37:21.499102
2014-05-27,10:30,61.0,60.5,45.8,57.3,0.0,NW@2.6,6.0,57.1,0.0,583,"East Olympia, Olympia, Thurston County",330151,East Olympia,2017-12-11 06:37:21.499102
2014-05-27,10:45,61.2,60.9,44.6,54.3,0.0,SW@2.7,6.4,57.1,0.0,651,"East Olympia, Olympia, Thurston County",330151,East Olympia,2017-12-11 06:37:21.499102
2014-05-27,11:00,63.7,63.1,44.2,49.0,0.0,SW@3.9,9.2,57.2,0.0,1060,"East Olympia, Olympia, Thurston County",330151,East Olympia,2017-12-11 06:37:21.499102
2014-05-27,11:15,63.4,62.8,43.3,47.8,0.0,SW@3.9,7.4,57.2,0.0,948,"East Olympia, Olympia, Thurston County",330151,East Olympia,2017-12-11 06:37:21.499102
2014-05-27,11:30,62.8,62.2,42.2,46.7,0.0,W@3.8,7.8,57.2,0.0,719,"East Olympia, Olympia, Thurston County",330151,East Olympia,2017-12-11 06:37:21.499102
2014-05-27,11:45,61.3,60.9,41.4,47.9,0.0,SE@3.0,5.7,57.2,0.0,504,"East Olympia, Olympia, Thurston County",330151,East Olympia,2017-12-11 06:37:21.499102
2014-05-27,12:00,64.5,64.1,40.6,41.6,0.0,SE@4.7,9.2,57.2,0.0,1125,"East Olympia, Olympia, Thurston County",330151,East Olympia,2017-12-11 06:37:21.499102
2014-05-27,12:15,64.8,64.1,40.3,40.6,0.0,S@3.9,6.7,57.2,0.0,724,"East Olympia, Olympia, Thurston County",330151,East Olympia,2017-12-11 06:37:21.499102
2014-05-27,12:30,64.8,64.4,42.3,43.8,0.0,W@2.9,6.7,57.3,0.0,830,"East Olympia, Olympia, Thurston County",330151,East Olympia,2017-12-11 06:37:21.499102
2014-05-27,12:45,63.8,63.4,43.6,47.7,0.0,N@2.4,3.9,57.3,0.0,548,"East Olympia, Olympia, Thurston County",330151,East Olympia,2017-12-11 06:37:21.499102
2014-05-27,13:00,64.0,63.4,43.9,48.0,0.0,NW@2.2,5.7,57.3,0.0,423,"East Olympia, Olympia, Thurston County",330151,East Olympia,2017-12-11 06:37:21.499102
2014-05-27,13:15,64.1,64.0,43.6,47.2,0.0,SW@2.5,6.0,57.4,0.0,756,"East Olympia, Olympia, Thurston County",330151,East Olympia,2017-12-11 06:37:21.499102
2014-05-27,13:30,66.6,66.2,44.2,44.3,0.0,NW@3.5,7.1,57.4,0.0,1041,"East Olympia, Olympia, Thurston County",330151,East Olympia,2017-12-11 06:37:21.499102
2014-05-27,13:45,66.4,66.0,43.2,42.8,0.0,W@3.7,8.9,57.5,0.0,1056,"East Olympia, Olympia, Thurston County",330151,East Olympia,2017-12-11 06:37:21.499102
2014-05-27,14:00,66.9,66.3,43.4,42.4,0.0,W@3.3,6.4,57.5,0.0,792,"East Olympia, Olympia, Thurston County",330151,East Olympia,2017-12-11 06:37:21.499102
2014-05-27,14:15,65.9,65.3,44.1,45.2,0.0,W@3.1,6.4,57.6,0.0,836,"East Olympia, Olympia, Thurston County",330151,East Olympia,2017-12-11 06:37:21.499102
2014-05-27,14:30,67.1,66.6,43.0,41.4,0.0,SW@2.3,5.7,57.6,0.0,631,"East Olympia, Olympia, Thurston County",330151,East Olympia,2017-12-11 06:37:21.499102
2014-05-27,14:45,64.5,63.9,43.0,45.5,0.0,N@1.8,3.5,57.7,0.0,217,"East Olympia, Olympia, Thurston County",330151,East Olympia,2017-12-11 06:37:21.499102
2014-05-27,15:00,63.5,62.9,42.2,45.7,0.0,SW@2.3,4.6,57.7,0.0,147,"East Olympia, Olympia, Thurston County",330151,East Olympia,2017-12-11 06:37:21.499102
2014-05-27,15:15,61.4,60.8,45.1,54.9,0.22,SW@5.6,10.7,57.8,0.0,129,"East Olympia, Olympia, Thurston County",330151,East Olympia,2017-12-11 06:37:21.499102
2014-05-27,15:30,58.6,58.2,46.5,64.0,0.42,SW@5.5,11.4,57.8,0.0,160,"East Olympia, Olympia, Thurston County",330151,East Olympia,2017-12-11 06:37:21.499102
2014-05-27,15:45,58.5,58.2,46.5,64.1,0.02,SW@5.4,14.2,57.9,0.0,212,"East Olympia, Olympia, Thurston County",330151,East Olympia,2017-12-11 06:37:21.499102
2014-05-27,16:00,58.2,57.9,46.8,65.7,0.02,SW@4.7,11.4,57.9,0.0,248,"East Olympia, Olympia, Thurston County",330151,East Olympia,2017-12-11 06:37:21.499102
2014-05-27,16:15,58.4,58.0,46.2,63.9,0.0,SW@3.8,8.5,58.0,0.0,220,"East Olympia, Olympia, Thurston County",330151,East Olympia,2017-12-11 06:37:21.499102
2014-05-27,16:30,58.9,58.7,45.2,60.1,0.0,SW@3.5,9.6,58.1,0.0,276,"East Olympia, Olympia, Thurston County",330151,East Olympia,2017-12-11 06:37:21.499102
2014-05-27,16:45,58.7,58.3,43.7,57.5,0.0,SW@4.2,8.5,58.1,0.0,188,"East Olympia, Olympia, Thurston County",330151,East Olympia,2017-12-11 06:37:21.499102
2014-05-27,17:00,58.7,58.4,46.6,64.1,0.0,W@4.2,9.9,58.2,0.0,230,"East Olympia, Olympia, Thurston County",330151,East Olympia,2017-12-11 06:37:21.499102
2014-05-27,17:15,58.7,58.4,47.7,66.7,0.0,SW@4.7,9.2,58.2,0.0,197,"East Olympia, Olympia, Thurston County",330151,East Olympia,2017-12-11 06:37:21.499102
2014-05-27,17:30,59.0,58.7,48.1,67.1,0.0,SW@3.2,6.4,58.2,0.0,176,"East Olympia, Olympia, Thurston County",330151,East Olympia,2017-12-11 06:37:21.499102
2014-05-27,17:45,59.1,58.8,48.7,68.1,0.0,SW@2.9,6.0,58.3,0.0,155,"East Olympia, Olympia, Thurston County",330151,East Olympia,2017-12-11 06:37:21.499102
2014-05-27,18:00,59.7,59.4,47.3,63.6,0.0,SW@4.0,8.5,58.3,0.0,152,"East Olympia, Olympia, Thurston County",330151,East Olympia,2017-12-11 06:37:21.499102
2014-05-27,18:15,59.6,59.3,44.5,57.1,0.0,SW@3.9,8.9,58.4,0.0,97,"East Olympia, Olympia, Thurston County",330151,East Olympia,2017-12-11 06:37:21.499102
2014-05-27,18:30,59.2,58.9,43.4,55.6,0.0,SW@3.9,7.4,58.4,0.0,103,"East Olympia, Olympia, Thurston County",330151,East Olympia,2017-12-11 06:37:21.499102
2014-05-27,18:45,58.9,58.5,43.9,57.4,0.0,SW@3.3,6.4,58.4,0.0,75,"East Olympia, Olympia, Thurston County",330151,East Olympia,2017-12-11 06:37:21.499102
2014-05-27,19:00,58.4,58.1,44.4,59.6,0.0,SW@3.8,7.4,58.4,0.0,53,"East Olympia, Olympia, Thurston County",330151,East Olympia,2017-12-11 06:37:21.499102
2014-05-27,19:15,57.7,57.4,44.9,62.0,0.0,SW@3.3,6.4,58.5,0.0,37,"East Olympia, Olympia, Thurston County",330151,East Olympia,2017-12-11 06:37:21.499102
2014-05-27,19:30,57.0,56.4,45.1,64.3,0.0,SW@2.0,4.2,58.5,0.0,26,"East Olympia, Olympia, Thurston County",330151,East Olympia,2017-12-11 06:37:21.499102
2014-05-27,19:45,55.5,54.9,45.4,68.7,0.0,SW@2.6,4.6,58.5,0.0,15,"East Olympia, Olympia, Thurston County",330151,East Olympia,2017-12-11 06:37:21.499102
2014-05-27,20:00,54.7,54.3,45.2,70.3,0.0,S@2.2,4.2,58.5,0.0,6,"East Olympia, Olympia, Thurston County",330151,East Olympia,2017-12-11 06:37:21.499102
2014-05-27,20:15,53.4,52.8,45.6,74.8,0.0,S@2.2,3.9,58.6,0.0,2,"East Olympia, Olympia, Thurston County",330151,East Olympia,2017-12-11 06:37:21.499102
2014-05-27,20:30,52.2,51.6,46.0,79.2,0.0,SE@1.2,3.5,58.6,0.0,0,"East Olympia, Olympia, Thurston County",330151,East Olympia,2017-12-11 06:37:21.499102
2014-05-27,20:45,51.3,51.0,46.1,82.3,0.01,S@2.4,3.1,58.6,0.0,0,"East Olympia, Olympia, Thurston County",330151,East Olympia,2017-12-11 06:37:21.499102
2014-05-27,21:00,50.9,50.6,46.7,85.4,0.02,S@2.3,3.5,58.6,0.0,0,"East Olympia, Olympia, Thurston County",330151,East Olympia,2017-12-11 06:37:21.499102
2014-05-27,21:15,50.0,49.7,46.7,88.1,0.04,S@1.6,3.1,58.6,0.0,0,"East Olympia, Olympia, Thurston County",330151,East Olympia,2017-12-11 06:37:21.499102
2014-05-27,21:30,49.4,49.0,46.5,89.7,0.09,S@1.3,2.8,58.6,0.0,0,"East Olympia, Olympia, Thurston County",330151,East Olympia,2017-12-11 06:37:21.499102
2014-05-27,21:45,49.0,48.8,46.6,91.1,0.15,S@1.9,3.1,58.6,0.0,0,"East Olympia, Olympia, Thurston County",330151,East Olympia,2017-12-11 06:37:21.499102
2014-05-27,22:00,48.4,48.1,46.2,91.8,0.2,S@0.9,2.4,58.6,0.0,0,"East Olympia, Olympia, Thurston County",330151,East Olympia,2017-12-11 06:37:21.499102
2014-05-27,22:15,48.0,47.7,46.1,93.0,0.26,S@0.4,2.4,58.6,0.0,0,"East Olympia, Olympia, Thurston County",330151,East Olympia,2017-12-11 06:37:21.499102
2014-05-27,22:30,47.8,47.5,46.1,93.7,0.32,SW@0.4,2.8,58.6,0.0,0,"East Olympia, Olympia, Thurston County",330151,East Olympia,2017-12-11 06:37:21.499102
2014-05-27,22:45,47.7,47.4,46.1,93.9,0.39,SW@0.5,2.1,58.6,0.0,0,"East Olympia, Olympia, Thurston County",330151,East Olympia,2017-12-11 06:37:21.499102
2014-05-27,23:00,47.2,46.9,45.6,94.2,0.46,SW@0.5,3.1,58.6,0.0,0,"East Olympia, Olympia, Thurston County",330151,East Olympia,2017-12-11 06:37:21.499102
2014-05-28,23:15,47.2,46.9,45.6,94.1,0.53,S@0.9,2.8,58.6,0.0,0,"East Olympia, Olympia, Thurston County",330151,East Olympia,2017-12-11 06:37:21.499102
2014-05-28,23:30,47.0,46.7,45.4,94.1,0.58,SE@0.8,2.8,58.6,0.0,0,"East Olympia, Olympia, Thurston County",330151,East Olympia,2017-12-11 06:37:21.499102
2014-05-28,23:45,46.5,46.1,45.0,94.3,0.62,SE@0.0,1.4,58.6,0.0,0,"East Olympia, Olympia, Thurston County",330151,East Olympia,2017-12-11 06:37:21.499102
2014-05-28,24:00,46.0,45.6,44.5,94.6,0.65,SW@0.0,1.4,58.5,0.0,0,"East Olympia, Olympia, Thurston County",330151,East Olympia,2017-12-11 06:37:21.499102
2014-05-28,00:15,46.4,46.2,45.1,95.2,0.68,S@1.1,2.8,58.5,0.0,0,"East Olympia, Olympia, Thurston County",330151,East Olympia,2017-12-11 06:37:21.499102
2014-05-28,00:30,46.7,46.6,45.4,95.0,0.7,SW@1.2,3.5,58.5,0.0,0,"East Olympia, Olympia, Thurston County",330151,East Olympia,2017-12-11 06:37:21.499102
2014-05-28,00:45,47.3,47.2,45.8,94.2,0.71,SW@1.5,3.1,58.5,0.0,0,"East Olympia, Olympia, Thurston County",330151,East Olympia,2017-12-11 06:37:21.499102
2014-05-28,01:00,47.9,47.8,46.0,92.8,0.71,W@1.4,3.9,58.4,0.0,0,"East Olympia, Olympia, Thurston County",330151,East Olympia,2017-12-11 06:37:21.499102
2014-05-28,01:15,47.9,47.6,45.4,91.1,0.72,SW@1.1,4.9,58.4,0.0,0,"East Olympia, Olympia, Thurston County",330151,East Olympia,2017-12-11 06:37:21.499102
2014-05-28,01:30,47.0,46.7,44.6,91.4,0.73,SW@1.1,4.2,58.3,0.0,0,"East Olympia, Olympia, Thurston County",330151,East Olympia,2017-12-11 06:37:21.499102
2014-05-28,01:45,46.6,46.4,44.5,92.2,0.74,S@1.4,5.3,58.3,0.0,0,"East Olympia, Olympia, Thurston County",330151,East Olympia,2017-12-11 06:37:21.499102
2014-05-28,02:00,46.6,46.4,44.5,92.3,0.75,S@2.1,5.7,58.3,0.0,0,"East Olympia, Olympia, Thurston County",330151,East Olympia,2017-12-11 06:37:21.499102
2014-05-28,02:15,46.6,46.4,44.5,92.3,0.76,S@1.4,5.3,58.2,0.0,0,"East Olympia, Olympia, Thurston County",330151,East Olympia,2017-12-11 06:37:21.499102
2014-05-28,02:30,46.7,46.5,44.6,92.1,0.78,S@1.8,4.2,58.2,0.0,0,"East Olympia, Olympia, Thurston County",330151,East Olympia,2017-12-11 06:37:21.499102
2014-05-28,02:45,46.2,45.9,44.1,92.1,0.79,SW@1.4,3.9,58.1,0.0,0,"East Olympia, Olympia, Thurston County",330151,East Olympia,2017-12-11 06:37:21.499102
2014-05-28,03:00,45.8,45.6,43.9,93.1,0.8,SW@1.1,3.1,58.1,0.0,0,"East Olympia, Olympia, Thurston County",330151,East Olympia,2017-12-11 06:37:21.499102
2014-05-28,03:15,46.2,46.1,44.4,93.4,0.81,S@2.1,5.7,58.1,0.0,0,"East Olympia, Olympia, Thurston County",330151,East Olympia,2017-12-11 06:37:21.499102
2014-05-28,03:30,46.7,46.5,44.6,92.5,0.82,SW@1.6,4.9,58.0,0.0,0,"East Olympia, Olympia, Thurston County",330151,East Olympia,2017-12-11 06:37:21.499102
2014-05-28,03:45,46.6,46.4,44.4,92.1,0.82,SW@1.3,4.2,58.0,0.0,0,"East Olympia, Olympia, Thurston County",330151,East Olympia,2017-12-11 06:37:21.499102
2014-05-28,04:00,46.5,46.2,44.2,91.9,0.83,S@1.4,4.6,58.0,0.0,0,"East Olympia, Olympia, Thurston County",330151,East Olympia,2017-12-11 06:37:21.499102
2014-05-28,04:15,45.9,45.6,43.7,91.9,0.83,SW@1.5,3.9,57.9,0.0,2,"East Olympia, Olympia, Thurston County",330151,East Olympia,2017-12-11 06:37:21.499102
2014-05-28,04:30,45.9,45.7,43.9,92.6,0.84,SW@1.3,3.5,57.9,0.0,5,"East Olympia, Olympia, Thurston County",330151,East Olympia,2017-12-11 06:37:21.499102
2014-05-28,04:45,46.0,45.7,44.0,92.7,0.84,SW@1.2,4.2,57.8,0.0,15,"East Olympia, Olympia, Thurston County",330151,East Olympia,2017-12-11 06:37:21.499102
2014-05-28,05:00,46.4,46.2,44.4,92.7,0.84,S@1.3,5.3,57.8,0.0,29,"East Olympia, Olympia, Thurston County",330151,East Olympia,2017-12-11 06:37:21.499102
2014-05-28,05:15,46.7,46.5,44.6,92.4,0.85,S@0.8,3.5,57.8,0.0,40,"East Olympia, Olympia, Thurston County",330151,East Olympia,2017-12-11 06:37:21.499102
2014-05-28,05:30,47.1,46.9,44.9,91.8,0.85,S@1.0,3.9,57.7,0.0,42,"East Olympia, Olympia, Thurston County",330151,East Olympia,2017-12-11 06:37:21.499102
2014-05-28,05:45,47.4,47.3,45.0,91.3,0.85,S@0.9,3.9,57.7,0.0,90,"East Olympia, Olympia, Thurston County",330151,East Olympia,2017-12-11 06:37:21.499102
2014-05-28,06:00,49.2,49.3,46.3,89.6,0.86,SE@1.6,4.9,57.6,0.0,139,"East Olympia, Olympia, Thurston County",330151,East Olympia,2017-12-11 06:37:21.499102
2014-05-28,06:15,49.6,49.4,46.3,88.2,0.86,SE@1.1,4.2,57.6,0.0,85,"East Olympia, Olympia, Thurston County",330151,East Olympia,2017-12-11 06:37:21.499102
2014-05-28,06:30,49.7,49.4,46.2,87.7,0.85,S@1.1,5.7,57.6,0.0,112,"East Olympia, Olympia, Thurston County",330151,East Olympia,2017-12-11 06:37:21.499102
2014-05-28,06:45,51.6,51.5,47.3,85.1,0.79,SE@1.3,4.2,57.5,0.0,262,"East Olympia, Olympia, Thurston County",330151,East Olympia,2017-12-11 06:37:21.499102
2014-05-28,07:00,53.3,52.9,47.6,81.0,0.43,S@2.8,7.1,57.5,0.0,346,"East Olympia, Olympia, Thurston County",330151,East Olympia,2017-12-11 06:37:21.499102
2014-05-28,07:15,53.8,53.4,47.7,79.7,0.02,SW@4.3,11.4,57.5,0.0,396,"East Olympia, Olympia, Thurston County",330151,East Olympia,2017-12-11 06:37:21.499102
2014-05-28,07:30,54.3,54.0,47.7,78.2,0.0,SW@3.6,8.2,57.4,0.0,364,"East Olympia, Olympia, Thurston County",330151,East Olympia,2017-12-11 06:37:21.499102
2014-05-28,07:45,54.9,54.6,47.9,77.4,0.0,SW@4.3,10.3,57.4,0.0,324,"East Olympia, Olympia, Thurston County",330151,East Olympia,2017-12-11 06:37:21.499102
2014-05-28,08:00,55.3,55.0,48.1,76.5,0.0,S@4.6,10.3,57.3,0.0,451,"East Olympia, Olympia, Thurston County",330151,East Olympia,2017-12-11 06:37:21.499102
2014-05-28,08:15,57.6,57.2,49.4,73.9,0.0,SE@4.6,11.0,57.3,0.0,645,"East Olympia, Olympia, Thurston County",330151,East Olympia,2017-12-11 06:37:21.499102
2014-05-28,08:30,56.7,56.2,48.7,74.3,0.0,SW@3.5,7.8,57.3,0.0,433,"East Olympia, Olympia, Thurston County",330151,East Olympia,2017-12-11 06:37:21.499102
2014-05-28,08:45,57.0,56.7,49.1,74.6,0.0,SW@3.8,8.5,57.2,0.0,438,"East Olympia, Olympia, Thurston County",330151,East Olympia,2017-12-11 06:37:21.499102
2014-05-28,09:00,56.8,56.5,48.9,74.5,0.0,S@3.5,6.4,57.2,0.0,350,"East Olympia, Olympia, Thurston County",330151,East Olympia,2017-12-11 06:37:21.499102
2014-05-28,09:15,57.3,56.9,48.3,71.9,0.0,SW@2.7,6.4,57.2,0.0,290,"East Olympia, Olympia, Thurston County",330151,East Olympia,2017-12-11 06:37:21.499102
2014-05-28,09:30,57.3,56.9,47.9,70.8,0.0,SW@3.2,6.0,57.2,0.0,244,"East Olympia, Olympia, Thurston County",330151,East Olympia,2017-12-11 06:37:21.499102
2014-05-28,09:45,57.4,57.1,48.0,70.9,0.0,SW@2.6,7.1,57.2,0.0,302,"East Olympia, Olympia, Thurston County",330151,East Olympia,2017-12-11 06:37:21.499102
2014-05-28,10:00,60.4,60.3,48.6,65.1,0.0,W@3.2,8.2,57.2,0.0,876,"East Olympia, Olympia, Thurston County",330151,East Olympia,2017-12-11 06:37:21.499102
2014-05-28,10:15,62.6,62.1,48.3,59.6,0.0,S@3.9,9.6,57.1,0.0,832,"East Olympia, Olympia, Thurston County",330151,East Olympia,2017-12-11 06:37:21.499102
2014-05-28,10:30,62.4,62.0,46.8,56.5,0.0,SW@4.3,9.2,57.1,0.0,954,"East Olympia, Olympia, Thurston County",330151,East Olympia,2017-12-11 06:37:21.499102
2014-05-28,10:45,61.9,61.1,47.2,58.6,0.0,SW@4.5,9.6,57.1,0.0,354,"East Olympia, Olympia, Thurston County",330151,East Olympia,2017-12-11 06:37:21.499102
2014-05-28,11:00,61.6,61.3,47.4,59.6,0.0,S@4.3,11.0,57.1,0.0,731,"East Olympia, Olympia, Thurston County",330151,East Olympia,2017-12-11 06:37:21.499102
2014-05-28,11:15,62.6,62.0,47.5,57.6,0.0,SW@5.9,11.0,57.1,0.0,805,"East Olympia, Olympia, Thurston County",330151,East Olympia,2017-12-11 06:37:21.499102
2014-05-28,11:30,58.9,57.9,47.9,66.7,0.51,SW@6.0,12.1,57.2,0.01,231,"East Olympia, Olympia, Thurston County",330151,East Olympia,2017-12-11 06:37:21.499102
2014-05-28,11:45,56.1,55.9,50.8,82.2,0.69,SW@3.4,7.8,57.2,0.0,552,"East Olympia, Olympia, Thurston County",330151,East Olympia,2017-12-11 06:37:21.499102
2014-05-28,12:00,58.3,57.9,53.5,83.9,0.7,W@2.5,5.7,57.2,0.04,259,"East Olympia, Olympia, Thurston County",330151,East Olympia,2017-12-11 06:37:21.499102
2014-05-28,12:15,55.6,54.9,52.6,89.7,0.6,E@3.1,5.7,57.2,0.13,152,"East Olympia, Olympia, Thurston County",330151,East Olympia,2017-12-11 06:37:21.499102
2014-05-28,12:30,56.8,56.5,51.3,81.8,0.38,S@4.3,7.8,57.2,0.0,530,"East Olympia, Olympia, Thurston County",330151,East Olympia,2017-12-11 06:37:21.499102
2014-05-28,12:45,59.1,58.8,50.7,73.6,0.09,SW@6.0,15.7,57.2,0.0,995,"East Olympia, Olympia, Thurston County",330151,East Olympia,2017-12-11 06:37:21.499102
2014-05-28,13:00,60.3,59.9,50.9,71.3,0.0,SW@5.2,11.0,57.3,0.0,996,"East Olympia, Olympia, Thurston County",330151,East Olympia,2017-12-11 06:37:21.499102
2014-05-28,13:15,60.9,60.5,50.8,69.3,0.0,SW@6.0,11.0,57.3,0.0,944,"East Olympia, Olympia, Thurston County",330151,East Olympia,2017-12-11 06:37:21.499102
2014-05-28,13:30,62.5,61.9,50.9,65.7,0.0,W@5.1,11.0,57.3,0.0,755,"East Olympia, Olympia, Thurston County",330151,East Olympia,2017-12-11 06:37:21.499102
2014-05-28,13:45,61.8,61.3,49.1,63.0,0.0,SW@6.0,13.2,57.4,0.0,673,"East Olympia, Olympia, Thurston County",330151,East Olympia,2017-12-11 06:37:21.499102
2014-05-28,14:00,62.2,61.6,48.8,61.4,0.0,SW@6.0,11.7,57.4,0.0,689,"East Olympia, Olympia, Thurston County",330151,East Olympia,2017-12-11 06:37:21.499102
2014-05-28,14:15,63.2,62.6,48.3,58.2,0.0,SW@5.8,13.2,57.4,0.0,748,"East Olympia, Olympia, Thurston County",330151,East Olympia,2017-12-11 06:37:21.499102
2014-05-28,14:30,60.3,59.7,50.0,68.8,0.42,SW@4.9,9.6,57.4,0.0,378,"East Olympia, Olympia, Thurston County",330151,East Olympia,2017-12-11 06:37:21.499102
2014-05-28,14:45,61.1,60.5,48.5,63.2,0.01,SW@6.3,11.7,57.5,0.01,465,"East Olympia, Olympia, Thurston County",330151,East Olympia,2017-12-11 06:37:21.499102
2014-05-28,15:00,59.5,59.1,47.5,64.5,0.01,SW@5.2,12.8,57.5,0.0,619,"East Olympia, Olympia, Thurston County",330151,East Olympia,2017-12-11 06:37:21.499102
2014-05-28,15:15,62.3,62.0,47.0,57.1,0.0,W@4.5,9.6,57.5,0.0,842,"East Olympia, Olympia, Thurston County",330151,East Olympia,2017-12-11 06:37:21.499102
2014-05-28,15:30,62.4,61.6,47.3,57.5,0.0,SW@7.0,14.2,57.6,0.0,561,"East Olympia, Olympia, Thurston County",330151,East Olympia,2017-12-11 06:37:21.499102
2014-05-28,15:45,61.5,61.0,46.6,58.1,0.0,SW@5.4,12.8,57.6,0.0,369,"East Olympia, Olympia, Thurston County",330151,East Olympia,2017-12-11 06:37:21.499102
2014-05-28,16:00,62.7,62.3,46.6,55.5,0.0,SW@5.5,12.4,57.6,0.0,534,"East Olympia, Olympia, Thurston County",330151,East Olympia,2017-12-11 06:37:21.499102
2014-05-28,16:15,63.1,62.6,46.0,53.6,0.0,SW@5.0,12.1,57.7,0.0,431,"East Olympia, Olympia, Thurston County",330151,East Olympia,2017-12-11 06:37:21.499102
2014-05-28,16:30,64.3,63.7,46.3,52.0,0.0,W@4.4,10.3,57.7,0.0,523,"East Olympia, Olympia, Thurston County",330151,East Olympia,2017-12-11 06:37:21.499102
2014-05-28,16:45,64.4,63.7,44.2,47.8,0.0,SW@6.3,14.6,57.7,0.0,559,"East Olympia, Olympia, Thurston County",330151,East Olympia,2017-12-11 06:37:21.499102
2014-05-28,17:00,63.7,63.1,42.6,46.2,0.0,SW@6.1,13.5,57.8,0.0,500,"East Olympia, Olympia, Thurston County",330151,East Olympia,2017-12-11 06:37:21.499102
2014-05-28,17:15,64.3,63.7,44.2,47.9,0.0,SW@4.8,11.7,57.8,0.0,465,"East Olympia, Olympia, Thurston County",330151,East Olympia,2017-12-11 06:37:21.499102
2014-05-28,17:30,63.0,62.3,42.5,46.9,0.0,SW@6.8,13.9,57.9,0.0,358,"East Olympia, Olympia, Thurston County",330151,East Olympia,2017-12-11 06:37:21.499102
2014-05-28,17:45,61.0,60.4,43.3,52.1,0.0,SW@5.3,12.4,57.9,0.0,177,"East Olympia, Olympia, Thurston County",330151,East Olympia,2017-12-11 06:37:21.499102
2014-05-28,18:00,59.8,59.5,44.7,57.3,0.0,SW@5.1,11.7,57.9,0.0,233,"East Olympia, Olympia, Thurston County",330151,East Olympia,2017-12-11 06:37:21.499102
2014-05-28,18:15,60.2,59.9,45.0,57.0,0.0,SW@5.0,12.1,57.9,0.0,166,"East Olympia, Olympia, Thurston County",330151,East Olympia,2017-12-11 06:37:21.499102
2014-05-28,18:30,59.8,59.4,45.4,58.8,0.0,SW@3.9,11.0,58.0,0.0,106,"East Olympia, Olympia, Thurston County",330151,East Olympia,2017-12-11 06:37:21.499102
2014-05-28,18:45,59.2,58.8,45.4,60.2,0.0,SW@3.9,8.2,58.0,0.0,106,"East Olympia, Olympia, Thurston County",330151,East Olympia,2017-12-11 06:37:21.499102
2014-05-28,19:00,58.3,57.9,45.5,62.4,0.0,SW@5.3,9.9,58.0,0.0,61,"East Olympia, Olympia, Thurston County",330151,East Olympia,2017-12-11 06:37:21.499102
2014-05-28,19:15,57.3,56.9,45.7,65.0,0.0,SW@4.6,9.2,58.1,0.0,31,"East Olympia, Olympia, Thurston County",330151,East Olympia,2017-12-11 06:37:21.499102
2014-05-28,19:30,56.4,56.0,45.0,65.6,0.0,SW@4.0,9.9,58.1,0.0,21,"East Olympia, Olympia, Thurston County",330151,East Olympia,2017-12-11 06:37:21.499102
2014-05-28,19:45,55.7,55.3,43.2,62.8,0.0,SW@4.3,9.2,58.1,0.0,12,"East Olympia, Olympia, Thurston County",330151,East Olympia,2017-12-11 06:37:21.499102
2014-05-28,20:00,54.9,54.6,42.9,63.9,0.0,SW@4.4,10.7,58.1,0.0,5,"East Olympia, Olympia, Thurston County",330151,East Olympia,2017-12-11 06:37:21.499102
2014-05-28,20:15,54.1,53.6,43.7,67.6,0.0,SW@2.6,7.1,58.2,0.0,2,"East Olympia, Olympia, Thurston County",330151,East Olympia,2017-12-11 06:37:21.499102
2014-05-28,20:30,53.2,52.8,44.8,73.2,0.0,S@2.8,5.3,58.2,0.0,0,"East Olympia, Olympia, Thurston County",330151,East Olympia,2017-12-11 06:37:21.499102
2014-05-28,20:45,53.1,52.8,45.2,74.5,0.0,S@2.2,7.1,58.2,0.0,0,"East Olympia, Olympia, Thurston County",330151,East Olympia,2017-12-11 06:37:21.499102
2014-05-28,21:00,53.2,52.9,45.0,73.6,0.0,SW@3.4,10.3,58.2,0.0,0,"East Olympia, Olympia, Thurston County",330151,East Olympia,2017-12-11 06:37:21.499102
2014-05-28,21:15,52.6,52.2,44.9,74.8,0.0,SW@2.7,7.1,58.2,0.0,0,"East Olympia, Olympia, Thurston County",330151,East Olympia,2017-12-11 06:37:21.499102
2014-05-28,21:30,52.1,51.8,45.0,76.7,0.0,SW@3.0,4.9,58.3,0.0,0,"East Olympia, Olympia, Thurston County",330151,East Olympia,2017-12-11 06:37:21.499102
2014-05-28,21:45,52.0,51.8,45.4,78.0,0.0,S@2.8,4.9,58.3,0.0,0,"East Olympia, Olympia, Thurston County",330151,East Olympia,2017-12-11 06:37:21.499102
2014-05-28,22:00,51.4,51.1,45.5,79.9,0.0,S@3.1,7.1,58.3,0.0,0,"East Olympia, Olympia, Thurston County",330151,East Olympia,2017-12-11 06:37:21.499102
2014-05-28,22:15,51.2,51.0,45.6,80.9,0.0,S@2.6,7.4,58.3,0.0,0,"East Olympia, Olympia, Thurston County",330151,East Olympia,2017-12-11 06:37:21.499102
2014-05-28,22:30,51.2,50.9,45.6,81.2,0.0,SW@3.0,6.7,58.3,0.0,0,"East Olympia, Olympia, Thurston County",330151,East Olympia,2017-12-11 06:37:21.499102
2014-05-28,22:45,51.0,50.8,45.8,82.3,0.0,SW@3.4,8.5,58.3,0.0,0,"East Olympia, Olympia, Thurston County",330151,East Olympia,2017-12-11 06:37:21.499102
2014-05-28,23:00,51.5,51.4,46.1,81.7,0.0,SW@3.0,6.4,58.3,0.0,0,"East Olympia, Olympia, Thurston County",330151,East Olympia,2017-12-11 06:37:21.499102
2014-05-29,23:15,52.0,51.8,46.2,80.7,0.0,SW@3.8,8.2,58.3,0.0,0,"East Olympia, Olympia, Thurston County",330151,East Olympia,2017-12-11 06:37:21.499102
2014-05-29,23:30,52.1,52.0,46.2,80.2,0.0,SW@3.4,8.9,58.3,0.0,0,"East Olympia, Olympia, Thurston County",330151,East Olympia,2017-12-11 06:37:21.499102
2014-05-29,23:45,52.1,51.8,46.4,80.9,0.0,SW@3.0,6.4,58.3,0.0,0,"East Olympia, Olympia, Thurston County",330151,East Olympia,2017-12-11 06:37:21.499102
2014-05-29,24:00,51.9,51.7,46.7,82.2,0.0,SW@3.7,9.6,58.3,0.0,0,"East Olympia, Olympia, Thurston County",330151,East Olympia,2017-12-11 06:37:21.499102
