Date,Time PST,Air Temp °F, 2<sup>nd</sup> Air Temp °F, Dew Point °F, Rel Hum %, Leaf Wet u., Wind Dir @ Speed mph, Wind Gust mph, 8 in. Soil Tmp °F, Tot Prec in, Solar Rad W/m²,Location,Station ID,Station Name,Download Timestamp
2017-01-11,00:15,19.9,20.0,-0.1,43.9,0.0,N@9.7,18.5,32.7,0.0,0,"Orondo, Douglas County",330078,Orondo,2017-12-10 14:40:11.889964
2017-01-11,00:30,19.6,19.7,-0.9,42.9,0.0,NE@10.4,18.2,32.7,0.0,0,"Orondo, Douglas County",330078,Orondo,2017-12-10 14:40:11.889964
2017-01-11,00:45,19.1,19.3,-1.2,43.3,0.0,N@11.1,17.5,32.7,0.0,0,"Orondo, Douglas County",330078,Orondo,2017-12-10 14:40:11.889964
2017-01-11,01:00,18.7,18.8,-1.1,44.4,0.0,N@8.2,16.7,32.7,0.0,0,"Orondo, Douglas County",330078,Orondo,2017-12-10 14:40:11.889964
2017-01-11,01:15,18.5,18.6,-1.4,44.3,0.0,N@9.1,19.2,32.7,0.0,0,"Orondo, Douglas County",330078,Orondo,2017-12-10 14:40:11.889964
2017-01-11,01:30,18.2,18.3,-1.9,43.8,0.0,N@7.7,15.7,32.7,0.0,0,"Orondo, Douglas County",330078,Orondo,2017-12-10 14:40:11.889964
2017-01-11,01:45,17.9,18.1,-2.1,43.8,0.0,N@8.4,15.7,32.7,0.0,0,"Orondo, Douglas County",330078,Orondo,2017-12-10 14:40:11.889964
2017-01-11,02:00,17.7,17.8,-2.4,43.6,0.0,N@9.1,15.0,32.7,0.0,0,"Orondo, Douglas County",330078,Orondo,2017-12-10 14:40:11.889964
2017-01-11,02:15,17.5,17.7,-2.6,43.6,0.0,N@9.0,17.8,32.7,0.0,0,"Orondo, Douglas County",330078,Orondo,2017-12-10 14:40:11.889964
2017-01-11,02:30,17.6,17.8,-2.6,43.4,0.0,N@10.8,18.5,32.8,0.0,0,"Orondo, Douglas County",330078,Orondo,2017-12-10 14:40:11.889964
2017-01-11,02:45,17.5,17.6,-3.0,43.0,0.0,N@10.3,17.8,32.8,0.0,0,"Orondo, Douglas County",330078,Orondo,2017-12-10 14:40:11.889964
2017-01-11,03:00,17.2,17.3,-2.6,44.4,0.0,N@7.7,12.8,32.8,0.0,0,"Orondo, Douglas County",330078,Orondo,2017-12-10 14:40:11.889964
2017-01-11,03:15,17.1,17.2,-2.7,44.4,0.0,N@8.4,13.9,32.8,0.0,0,"Orondo, Douglas County",330078,Orondo,2017-12-10 14:40:11.889964
2017-01-11,03:30,17.2,17.4,-1.3,47.2,0.0,N@7.7,12.8,32.8,0.0,0,"Orondo, Douglas County",330078,Orondo,2017-12-10 14:40:11.889964
2017-01-11,03:45,17.0,17.2,-0.3,49.8,0.0,NW@10.6,15.3,32.8,0.0,0,"Orondo, Douglas County",330078,Orondo,2017-12-10 14:40:11.889964
2017-01-11,04:00,17.1,17.3,0.1,50.4,0.0,NW@10.1,17.8,32.8,0.0,0,"Orondo, Douglas County",330078,Orondo,2017-12-10 14:40:11.889964
2017-01-11,04:15,17.0,17.2,-2.0,45.9,0.0,N@10.0,16.4,32.8,0.0,0,"Orondo, Douglas County",330078,Orondo,2017-12-10 14:40:11.889964
2017-01-11,04:30,16.9,17.1,-0.2,50.2,0.0,NW@11.5,20.3,32.8,0.0,0,"Orondo, Douglas County",330078,Orondo,2017-12-10 14:40:11.889964
2017-01-11,04:45,16.9,17.1,0.3,51.4,0.0,NW@12.2,16.7,32.8,0.0,0,"Orondo, Douglas County",330078,Orondo,2017-12-10 14:40:11.889964
2017-01-11,05:00,16.7,16.9,0.2,51.7,0.0,NW@11.4,16.7,32.8,0.0,0,"Orondo, Douglas County",330078,Orondo,2017-12-10 14:40:11.889964
2017-01-11,05:15,16.6,16.7,0.1,51.9,0.0,NW@9.4,15.0,32.8,0.0,0,"Orondo, Douglas County",330078,Orondo,2017-12-10 14:40:11.889964
2017-01-11,05:30,16.5,16.7,0.1,52.1,0.0,NW@10.6,15.7,32.8,0.0,0,"Orondo, Douglas County",330078,Orondo,2017-12-10 14:40:11.889964
2017-01-11,05:45,16.5,16.6,0.0,52.0,0.0,NW@9.9,15.3,32.8,0.0,0,"Orondo, Douglas County",330078,Orondo,2017-12-10 14:40:11.889964
2017-01-11,06:00,16.3,16.5,0.3,53.0,0.0,NW@10.1,15.7,32.8,0.0,0,"Orondo, Douglas County",330078,Orondo,2017-12-10 14:40:11.889964
2017-01-11,06:15,16.1,16.3,0.3,53.3,0.0,NW@10.1,15.3,32.8,0.0,0,"Orondo, Douglas County",330078,Orondo,2017-12-10 14:40:11.889964
2017-01-11,06:30,16.2,16.4,0.6,54.0,0.0,NW@9.3,15.7,32.8,0.0,0,"Orondo, Douglas County",330078,Orondo,2017-12-10 14:40:11.889964
2017-01-11,06:45,16.3,16.4,0.6,53.9,0.0,N@9.8,16.4,32.8,0.0,0,"Orondo, Douglas County",330078,Orondo,2017-12-10 14:40:11.889964
2017-01-11,07:00,16.2,16.4,0.8,54.6,0.0,N@11.5,21.0,32.8,0.0,0,"Orondo, Douglas County",330078,Orondo,2017-12-10 14:40:11.889964
2017-01-11,07:15,16.1,16.3,0.7,54.4,0.0,N@11.5,17.8,32.8,0.0,0,"Orondo, Douglas County",330078,Orondo,2017-12-10 14:40:11.889964
2017-01-11,07:30,15.8,16.0,0.4,54.5,0.0,NE@10.3,17.8,32.8,0.0,0,"Orondo, Douglas County",330078,Orondo,2017-12-10 14:40:11.889964
2017-01-11,07:45,15.5,15.6,-0.3,53.7,0.0,NE@9.7,16.0,32.8,0.0,2,"Orondo, Douglas County",330078,Orondo,2017-12-10 14:40:11.889964
2017-01-11,08:00,15.3,15.4,-0.6,53.4,0.0,N@9.2,17.1,32.8,0.0,5,"Orondo, Douglas County",330078,Orondo,2017-12-10 14:40:11.889964
2017-01-11,08:15,15.2,15.3,-0.5,53.8,0.0,N@9.2,15.0,32.8,0.0,18,"Orondo, Douglas County",330078,Orondo,2017-12-10 14:40:11.889964
2017-01-11,08:30,15.4,15.5,0.2,55.2,0.0,N@8.4,14.6,32.8,0.0,37,"Orondo, Douglas County",330078,Orondo,2017-12-10 14:40:11.889964
2017-01-11,08:45,15.1,15.2,-0.5,54.1,0.0,NE@10.2,17.1,32.8,0.0,57,"Orondo, Douglas County",330078,Orondo,2017-12-10 14:40:11.889964
2017-01-11,09:00,15.2,15.2,-0.6,53.6,0.0,NE@9.5,15.3,32.8,0.0,81,"Orondo, Douglas County",330078,Orondo,2017-12-10 14:40:11.889964
2017-01-11,09:15,15.2,15.2,-0.6,53.5,0.0,NE@10.4,16.7,32.8,0.0,115,"Orondo, Douglas County",330078,Orondo,2017-12-10 14:40:11.889964
2017-01-11,09:30,15.2,15.2,-1.0,52.5,0.0,NE@11.9,18.5,32.8,0.0,150,"Orondo, Douglas County",330078,Orondo,2017-12-10 14:40:11.889964
2017-01-11,09:45,15.3,15.3,-1.3,51.4,0.0,NE@11.1,17.5,32.8,0.0,170,"Orondo, Douglas County",330078,Orondo,2017-12-10 14:40:11.889964
2017-01-11,10:00,15.7,15.6,-1.3,50.7,0.0,NE@9.1,16.7,32.8,0.0,186,"Orondo, Douglas County",330078,Orondo,2017-12-10 14:40:11.889964
2017-01-11,10:15,15.8,15.7,-1.3,50.3,0.0,NE@9.8,16.0,32.8,0.0,187,"Orondo, Douglas County",330078,Orondo,2017-12-10 14:40:11.889964
2017-01-11,10:30,15.9,15.8,-1.4,49.9,0.0,N@9.1,13.9,32.8,0.0,182,"Orondo, Douglas County",330078,Orondo,2017-12-10 14:40:11.889964
2017-01-11,10:45,16.1,16.0,-1.0,50.2,0.0,N@9.3,15.0,32.8,0.0,201,"Orondo, Douglas County",330078,Orondo,2017-12-10 14:40:11.889964
2017-01-11,11:00,16.6,16.4,-0.4,50.7,0.0,N@8.8,13.9,32.8,0.0,235,"Orondo, Douglas County",330078,Orondo,2017-12-10 14:40:11.889964
2017-01-11,11:15,17.0,16.8,-0.1,50.3,0.0,N@8.4,13.9,32.8,0.0,271,"Orondo, Douglas County",330078,Orondo,2017-12-10 14:40:11.889964
2017-01-11,11:30,17.3,17.0,-0.3,49.2,0.0,N@10.1,16.4,32.8,0.0,325,"Orondo, Douglas County",330078,Orondo,2017-12-10 14:40:11.889964
2017-01-11,11:45,16.8,16.7,-0.8,49.1,0.0,N@10.6,17.1,32.8,0.0,237,"Orondo, Douglas County",330078,Orondo,2017-12-10 14:40:11.889964
2017-01-11,12:00,16.6,16.5,-1.1,48.9,0.0,N@10.4,16.0,32.8,0.0,201,"Orondo, Douglas County",330078,Orondo,2017-12-10 14:40:11.889964
2017-01-11,12:15,16.5,16.4,-1.5,48.3,0.0,N@11.2,17.5,32.8,0.0,215,"Orondo, Douglas County",330078,Orondo,2017-12-10 14:40:11.889964
2017-01-11,12:30,16.7,16.6,-1.0,48.8,0.0,N@10.6,16.7,32.8,0.0,225,"Orondo, Douglas County",330078,Orondo,2017-12-10 14:40:11.889964
2017-01-11,12:45,16.8,16.7,-0.9,48.9,0.0,N@10.5,16.0,32.8,0.0,204,"Orondo, Douglas County",330078,Orondo,2017-12-10 14:40:11.889964
2017-01-11,13:00,16.9,16.8,-0.7,49.1,0.0,N@10.4,15.3,32.8,0.0,198,"Orondo, Douglas County",330078,Orondo,2017-12-10 14:40:11.889964
2017-01-11,13:15,16.9,16.8,-0.7,49.3,0.0,NE@9.6,16.0,32.8,0.0,162,"Orondo, Douglas County",330078,Orondo,2017-12-10 14:40:11.889964
2017-01-11,13:30,16.7,16.7,-0.6,49.9,0.0,NE@8.7,13.9,32.8,0.0,102,"Orondo, Douglas County",330078,Orondo,2017-12-10 14:40:11.889964
2017-01-11,13:45,16.8,16.8,-0.5,49.8,0.0,NE@7.7,12.4,32.8,0.0,96,"Orondo, Douglas County",330078,Orondo,2017-12-10 14:40:11.889964
2017-01-11,14:00,16.9,16.9,-0.2,50.2,0.0,NE@7.7,11.7,32.8,0.0,88,"Orondo, Douglas County",330078,Orondo,2017-12-10 14:40:11.889964
2017-01-11,14:15,17.1,17.2,0.1,50.4,0.0,NE@5.5,8.2,32.8,0.0,91,"Orondo, Douglas County",330078,Orondo,2017-12-10 14:40:11.889964
2017-01-11,14:30,17.3,17.3,0.2,50.4,0.0,NE@5.1,7.8,32.8,0.0,100,"Orondo, Douglas County",330078,Orondo,2017-12-10 14:40:11.889964
2017-01-11,14:45,17.9,17.9,0.3,49.3,0.0,N@5.3,8.9,32.8,0.0,117,"Orondo, Douglas County",330078,Orondo,2017-12-10 14:40:11.889964
2017-01-11,15:00,18.4,18.4,0.2,47.7,0.0,N@6.8,11.4,32.8,0.0,139,"Orondo, Douglas County",330078,Orondo,2017-12-10 14:40:11.889964
2017-01-11,15:15,18.6,18.6,0.3,47.4,0.0,N@7.4,13.2,32.8,0.0,146,"Orondo, Douglas County",330078,Orondo,2017-12-10 14:40:11.889964
2017-01-11,15:30,18.5,18.6,0.3,47.7,0.0,N@6.3,10.7,32.8,0.0,108,"Orondo, Douglas County",330078,Orondo,2017-12-10 14:40:11.889964
2017-01-11,15:45,17.8,17.9,0.0,48.7,0.0,N@6.0,10.7,32.8,0.0,45,"Orondo, Douglas County",330078,Orondo,2017-12-10 14:40:11.889964
2017-01-11,16:00,17.5,17.6,0.0,49.3,0.0,NE@5.3,8.5,32.8,0.0,28,"Orondo, Douglas County",330078,Orondo,2017-12-10 14:40:11.889964
2017-01-11,16:15,17.4,17.4,-0.2,49.3,0.0,NE@4.5,7.4,32.8,0.0,22,"Orondo, Douglas County",330078,Orondo,2017-12-10 14:40:11.889964
2017-01-11,16:30,16.9,17.0,-0.4,50.0,0.0,NE@4.4,6.7,32.8,0.0,9,"Orondo, Douglas County",330078,Orondo,2017-12-10 14:40:11.889964
2017-01-11,16:45,16.7,16.8,-0.7,49.5,0.0,NE@5.5,7.8,32.8,0.0,3,"Orondo, Douglas County",330078,Orondo,2017-12-10 14:40:11.889964
2017-01-11,17:00,16.8,17.0,-0.7,49.4,0.0,NE@6.7,9.6,32.8,0.0,1,"Orondo, Douglas County",330078,Orondo,2017-12-10 14:40:11.889964
2017-01-11,17:15,16.3,16.4,-0.7,50.5,0.0,NE@5.6,8.5,32.8,0.0,0,"Orondo, Douglas County",330078,Orondo,2017-12-10 14:40:11.889964
2017-01-11,17:30,16.1,16.3,-0.5,51.5,0.0,NE@6.0,9.9,32.8,0.0,0,"Orondo, Douglas County",330078,Orondo,2017-12-10 14:40:11.889964
2017-01-11,17:45,15.7,15.8,-0.3,53.1,0.0,N@6.7,10.7,32.8,0.0,0,"Orondo, Douglas County",330078,Orondo,2017-12-10 14:40:11.889964
2017-01-11,18:00,15.3,15.4,-0.1,54.5,0.0,N@7.0,11.4,32.8,0.0,0,"Orondo, Douglas County",330078,Orondo,2017-12-10 14:40:11.889964
2017-01-11,18:15,15.5,15.5,0.0,54.5,0.0,N@5.8,9.2,32.8,0.0,0,"Orondo, Douglas County",330078,Orondo,2017-12-10 14:40:11.889964
2017-01-11,18:30,15.1,15.2,0.1,55.6,0.0,N@6.0,10.7,32.8,0.0,0,"Orondo, Douglas County",330078,Orondo,2017-12-10 14:40:11.889964
2017-01-11,18:45,14.5,14.6,-0.4,56.0,0.0,NE@3.6,7.1,32.8,0.0,0,"Orondo, Douglas County",330078,Orondo,2017-12-10 14:40:11.889964
2017-01-11,19:00,14.1,14.1,0.0,58.3,0.0,NE@3.6,6.4,32.8,0.0,0,"Orondo, Douglas County",330078,Orondo,2017-12-10 14:40:11.889964
2017-01-11,19:15,14.5,14.6,0.4,57.9,0.0,NE@4.3,8.5,32.8,0.0,0,"Orondo, Douglas County",330078,Orondo,2017-12-10 14:40:11.889964
2017-01-11,19:30,14.4,14.4,1.7,62.1,0.0,N@5.5,9.2,32.8,0.0,0,"Orondo, Douglas County",330078,Orondo,2017-12-10 14:40:11.889964
2017-01-11,19:45,14.2,14.3,2.2,64.2,0.0,N@4.6,8.9,32.8,0.0,0,"Orondo, Douglas County",330078,Orondo,2017-12-10 14:40:11.889964
2017-01-11,20:00,13.3,13.4,0.8,62.7,0.0,N@3.0,4.6,32.8,0.0,0,"Orondo, Douglas County",330078,Orondo,2017-12-10 14:40:11.889964
2017-01-11,20:15,13.7,13.8,2.6,66.9,0.0,N@4.7,7.8,32.8,0.0,0,"Orondo, Douglas County",330078,Orondo,2017-12-10 14:40:11.889964
2017-01-11,20:30,13.5,13.6,3.4,69.8,0.0,N@3.7,7.1,32.8,0.0,0,"Orondo, Douglas County",330078,Orondo,2017-12-10 14:40:11.889964
2017-01-11,20:45,13.1,13.2,4.3,74.2,0.01,N@4.1,6.7,32.8,0.0,0,"Orondo, Douglas County",330078,Orondo,2017-12-10 14:40:11.889964
2017-01-11,21:00,12.8,12.9,4.4,75.8,0.05,N@4.8,8.5,32.8,0.0,0,"Orondo, Douglas County",330078,Orondo,2017-12-10 14:40:11.889964
2017-01-11,21:15,12.6,12.7,3.7,74.4,0.03,N@4.7,8.5,32.8,0.0,0,"Orondo, Douglas County",330078,Orondo,2017-12-10 14:40:11.889964
2017-01-11,21:30,12.7,12.7,3.7,73.9,0.02,NE@5.5,8.2,32.8,0.0,0,"Orondo, Douglas County",330078,Orondo,2017-12-10 14:40:11.889964
2017-01-11,21:45,12.6,12.8,3.3,72.7,0.0,NE@5.8,8.2,32.8,0.0,0,"Orondo, Douglas County",330078,Orondo,2017-12-10 14:40:11.889964
2017-01-11,22:00,12.3,12.4,3.2,73.2,0.0,NE@5.5,9.6,32.8,0.0,0,"Orondo, Douglas County",330078,Orondo,2017-12-10 14:40:11.889964
2017-01-11,22:15,12.0,12.0,1.7,69.8,0.0,N@5.9,10.7,32.8,0.0,0,"Orondo, Douglas County",330078,Orondo,2017-12-10 14:40:11.889964
2017-01-11,22:30,11.9,11.9,1.2,68.4,0.0,NE@5.7,9.2,32.8,0.0,0,"Orondo, Douglas County",330078,Orondo,2017-12-10 14:40:11.889964
2017-01-11,22:45,11.8,11.9,0.7,66.9,0.0,NE@5.6,9.6,32.8,0.0,0,"Orondo, Douglas County",330078,Orondo,2017-12-10 14:40:11.889964
2017-01-11,23:00,11.8,11.8,1.1,68.5,0.0,N@6.5,9.6,32.8,0.0,0,"Orondo, Douglas County",330078,Orondo,2017-12-10 14:40:11.889964
2017-01-11,23:15,11.2,11.3,1.2,70.8,0.0,N@5.8,9.2,32.8,0.0,0,"Orondo, Douglas County",330078,Orondo,2017-12-10 14:40:11.889964
2017-01-11,23:30,10.6,10.7,-0.6,66.6,0.0,N@6.1,11.0,32.8,0.0,0,"Orondo, Douglas County",330078,Orondo,2017-12-10 14:40:11.889964
2017-01-11,23:45,11.0,11.1,0.3,68.3,0.0,N@6.0,10.3,32.8,0.0,0,"Orondo, Douglas County",330078,Orondo,2017-12-10 14:40:11.889964
2017-01-11,24:00,11.1,11.2,1.1,70.6,0.0,N@5.7,9.9,32.8,0.0,0,"Orondo, Douglas County",330078,Orondo,2017-12-10 14:40:11.889964
2017-01-12,00:15,10.6,10.6,2.0,75.5,0.05,NE@4.7,7.4,32.8,0.0,0,"Orondo, Douglas County",330078,Orondo,2017-12-10 14:40:11.889964
2017-01-12,00:30,9.6,9.6,1.2,76.4,0.07,NE@3.7,6.4,32.8,0.0,0,"Orondo, Douglas County",330078,Orondo,2017-12-10 14:40:11.889964
2017-01-12,00:45,10.1,10.1,1.9,77.1,0.08,NE@4.5,6.0,32.8,0.0,0,"Orondo, Douglas County",330078,Orondo,2017-12-10 14:40:11.889964
2017-01-12,01:00,9.9,10.0,1.7,76.9,0.08,NE@4.5,7.4,32.8,0.0,0,"Orondo, Douglas County",330078,Orondo,2017-12-10 14:40:11.889964
2017-01-12,01:15,9.6,9.7,1.2,76.3,0.07,NE@4.5,6.7,32.8,0.0,0,"Orondo, Douglas County",330078,Orondo,2017-12-10 14:40:11.889964
2017-01-12,01:30,9.4,9.4,0.9,76.4,0.07,NE@5.0,7.8,32.8,0.0,0,"Orondo, Douglas County",330078,Orondo,2017-12-10 14:40:11.889964
2017-01-12,01:45,9.3,9.4,1.2,77.4,0.08,NE@4.5,6.4,32.8,0.0,0,"Orondo, Douglas County",330078,Orondo,2017-12-10 14:40:11.889964
2017-01-12,02:00,9.3,9.4,1.5,78.6,0.08,N@5.7,8.9,32.8,0.0,0,"Orondo, Douglas County",330078,Orondo,2017-12-10 14:40:11.889964
2017-01-12,02:15,9.0,9.1,0.7,76.9,0.08,NE@4.4,7.1,32.8,0.0,0,"Orondo, Douglas County",330078,Orondo,2017-12-10 14:40:11.889964
2017-01-12,02:30,9.1,9.2,0.6,76.1,0.07,NE@5.1,8.5,32.8,0.0,0,"Orondo, Douglas County",330078,Orondo,2017-12-10 14:40:11.889964
2017-01-12,02:45,8.8,8.9,0.6,77.2,0.08,NE@4.9,7.8,32.8,0.0,0,"Orondo, Douglas County",330078,Orondo,2017-12-10 14:40:11.889964
2017-01-12,03:00,8.9,9.0,0.2,75.4,0.07,NE@4.9,7.1,32.8,0.0,0,"Orondo, Douglas County",330078,Orondo,2017-12-10 14:40:11.889964
2017-01-12,03:15,8.6,8.7,-0.3,74.7,0.07,NE@4.6,7.1,32.8,0.0,0,"Orondo, Douglas County",330078,Orondo,2017-12-10 14:40:11.889964
2017-01-12,03:30,8.6,8.6,-0.5,74.3,0.07,NE@3.9,6.0,32.8,0.0,0,"Orondo, Douglas County",330078,Orondo,2017-12-10 14:40:11.889964
2017-01-12,03:45,7.1,7.2,-1.6,75.5,0.07,E@3.9,6.0,32.8,0.0,0,"Orondo, Douglas County",330078,Orondo,2017-12-10 14:40:11.889964
2017-01-12,04:00,8.6,8.7,0.1,76.2,0.08,NE@4.4,6.7,32.8,0.0,0,"Orondo, Douglas County",330078,Orondo,2017-12-10 14:40:11.889964
2017-01-12,04:15,8.5,8.5,0.2,77.0,0.08,NE@4.8,7.8,32.8,0.0,0,"Orondo, Douglas County",330078,Orondo,2017-12-10 14:40:11.889964
2017-01-12,04:30,8.2,8.2,0.9,80.7,0.1,NE@5.7,9.2,32.8,0.0,0,"Orondo, Douglas County",330078,Orondo,2017-12-10 14:40:11.889964
2017-01-12,04:45,7.9,7.9,1.7,85.3,0.11,NE@4.6,6.7,32.8,0.0,0,"Orondo, Douglas County",330078,Orondo,2017-12-10 14:40:11.889964
2017-01-12,05:00,7.8,7.8,0.5,81.0,0.11,NE@4.6,6.7,32.8,0.0,0,"Orondo, Douglas County",330078,Orondo,2017-12-10 14:40:11.889964
2017-01-12,05:15,7.5,7.6,0.1,80.4,0.1,NE@4.0,6.4,32.8,0.0,0,"Orondo, Douglas County",330078,Orondo,2017-12-10 14:40:11.889964
2017-01-12,05:30,7.7,7.7,0.7,81.9,0.11,NE@4.3,7.8,32.8,0.0,0,"Orondo, Douglas County",330078,Orondo,2017-12-10 14:40:11.889964
2017-01-12,05:45,7.7,7.7,0.7,82.0,0.11,NE@4.2,7.8,32.8,0.0,0,"Orondo, Douglas County",330078,Orondo,2017-12-10 14:40:11.889964
2017-01-12,06:00,7.4,7.4,0.3,81.7,0.1,NE@3.2,6.0,32.8,0.0,0,"Orondo, Douglas County",330078,Orondo,2017-12-10 14:40:11.889964
2017-01-12,06:15,6.5,6.5,-0.7,81.4,0.1,NE@2.9,4.2,32.8,0.0,0,"Orondo, Douglas County",330078,Orondo,2017-12-10 14:40:11.889964
2017-01-12,06:30,6.1,6.1,-0.2,84.9,0.1,NE@3.6,5.3,32.8,0.0,0,"Orondo, Douglas County",330078,Orondo,2017-12-10 14:40:11.889964
2017-01-12,06:45,5.1,5.2,-1.5,83.9,0.09,E@3.4,4.9,32.8,0.0,0,"Orondo, Douglas County",330078,Orondo,2017-12-10 14:40:11.889964
2017-01-12,07:00,4.7,4.8,-2.0,83.6,0.09,E@3.0,4.2,32.8,0.0,0,"Orondo, Douglas County",330078,Orondo,2017-12-10 14:40:11.889964
2017-01-12,07:15,4.2,4.3,-2.6,83.4,0.08,E@3.8,4.9,32.8,0.0,0,"Orondo, Douglas County",330078,Orondo,2017-12-10 14:40:11.889964
2017-01-12,07:30,5.4,5.4,-1.7,82.2,0.09,E@3.5,5.3,32.8,0.0,1,"Orondo, Douglas County",330078,Orondo,2017-12-10 14:40:11.889964
2017-01-12,07:45,3.6,3.6,-3.3,82.8,0.08,E@3.2,5.7,32.8,0.0,2,"Orondo, Douglas County",330078,Orondo,2017-12-10 14:40:11.889964
2017-01-12,08:00,6.3,6.3,-0.4,83.5,0.1,NE@4.2,6.0,32.8,0.0,6,"Orondo, Douglas County",330078,Orondo,2017-12-10 14:40:11.889964
2017-01-12,08:15,6.7,6.7,0.3,84.5,0.1,NE@4.1,6.4,32.8,0.0,10,"Orondo, Douglas County",330078,Orondo,2017-12-10 14:40:11.889964
2017-01-12,08:30,6.4,6.4,0.3,86.0,0.1,NE@3.9,7.4,32.8,0.0,14,"Orondo, Douglas County",330078,Orondo,2017-12-10 14:40:11.889964
2017-01-12,08:45,5.8,5.8,-0.9,83.6,0.1,NE@4.1,6.0,32.8,0.0,19,"Orondo, Douglas County",330078,Orondo,2017-12-10 14:40:11.889964
2017-01-12,09:00,5.9,6.0,-0.9,82.9,0.1,E@3.4,5.7,32.8,0.0,25,"Orondo, Douglas County",330078,Orondo,2017-12-10 14:40:11.889964
2017-01-12,09:15,5.3,5.4,-1.6,82.6,0.1,SE@3.4,4.6,32.8,0.0,44,"Orondo, Douglas County",330078,Orondo,2017-12-10 14:40:11.889964
2017-01-12,09:30,6.5,6.5,-0.3,82.9,0.11,SE@2.7,4.2,32.8,0.0,61,"Orondo, Douglas County",330078,Orondo,2017-12-10 14:40:11.889964
2017-01-12,09:45,6.2,6.3,-0.7,82.5,0.11,E@3.2,5.3,32.8,0.0,52,"Orondo, Douglas County",330078,Orondo,2017-12-10 14:40:11.889964
2017-01-12,10:00,5.8,5.8,-0.9,83.3,0.1,E@4.2,5.3,32.8,0.0,57,"Orondo, Douglas County",330078,Orondo,2017-12-10 14:40:11.889964
2017-01-12,10:15,7.1,6.8,-1.0,77.7,0.13,E@4.5,8.5,32.8,0.0,269,"Orondo, Douglas County",330078,Orondo,2017-12-10 14:40:11.889964
2017-01-12,10:30,8.4,8.1,-0.2,75.7,0.15,NE@5.2,8.2,32.8,0.0,295,"Orondo, Douglas County",330078,Orondo,2017-12-10 14:40:11.889964
2017-01-12,10:45,10.2,9.9,0.8,72.7,0.17,NE@4.7,6.7,32.8,0.0,316,"Orondo, Douglas County",330078,Orondo,2017-12-10 14:40:11.889964
2017-01-12,11:00,10.8,10.5,0.7,70.2,0.12,NE@4.6,9.6,32.8,0.0,332,"Orondo, Douglas County",330078,Orondo,2017-12-10 14:40:11.889964
2017-01-12,11:15,11.7,11.6,0.5,66.8,0.01,NE@4.3,8.2,32.8,0.0,347,"Orondo, Douglas County",330078,Orondo,2017-12-10 14:40:11.889964
2017-01-12,11:30,12.5,12.3,0.4,64.0,0.0,NE@3.9,7.4,32.8,0.0,359,"Orondo, Douglas County",330078,Orondo,2017-12-10 14:40:11.889964
2017-01-12,11:45,12.9,12.7,0.5,63.1,0.0,NE@4.9,9.2,32.8,0.0,371,"Orondo, Douglas County",330078,Orondo,2017-12-10 14:40:11.889964
2017-01-12,12:00,13.3,13.0,1.7,65.3,0.0,N@5.3,8.9,32.8,0.0,374,"Orondo, Douglas County",330078,Orondo,2017-12-10 14:40:11.889964
2017-01-12,12:15,14.2,14.0,2.1,63.9,0.0,N@4.6,7.4,32.8,0.0,374,"Orondo, Douglas County",330078,Orondo,2017-12-10 14:40:11.889964
2017-01-12,12:30,14.6,14.3,2.3,63.1,0.0,N@4.4,7.1,32.8,0.0,375,"Orondo, Douglas County",330078,Orondo,2017-12-10 14:40:11.889964
2017-01-12,12:45,14.8,14.6,2.9,64.2,0.0,N@4.8,8.2,32.8,0.0,371,"Orondo, Douglas County",330078,Orondo,2017-12-10 14:40:11.889964
2017-01-12,13:00,15.2,15.1,3.7,65.4,0.0,N@4.3,6.7,32.8,0.0,365,"Orondo, Douglas County",330078,Orondo,2017-12-10 14:40:11.889964
2017-01-12,13:15,15.8,15.6,3.6,63.2,0.0,N@3.9,6.4,32.8,0.0,352,"Orondo, Douglas County",330078,Orondo,2017-12-10 14:40:11.889964
2017-01-12,13:30,16.0,15.7,3.9,63.5,0.0,N@3.7,6.0,32.8,0.0,341,"Orondo, Douglas County",330078,Orondo,2017-12-10 14:40:11.889964
2017-01-12,13:45,16.2,15.9,3.9,62.9,0.0,N@3.5,5.7,32.8,0.0,324,"Orondo, Douglas County",330078,Orondo,2017-12-10 14:40:11.889964
2017-01-12,14:00,16.3,16.1,3.7,62.0,0.0,N@3.8,6.4,32.8,0.0,306,"Orondo, Douglas County",330078,Orondo,2017-12-10 14:40:11.889964
2017-01-12,14:15,16.1,16.3,3.6,62.4,0.0,N@3.8,5.7,32.8,0.0,284,"Orondo, Douglas County",330078,Orondo,2017-12-10 14:40:11.889964
2017-01-12,14:30,16.6,16.8,3.7,61.4,0.0,N@3.0,4.9,32.8,0.0,260,"Orondo, Douglas County",330078,Orondo,2017-12-10 14:40:11.889964
2017-01-12,14:45,16.3,16.8,3.7,62.1,0.0,NE@3.2,5.3,32.8,0.0,233,"Orondo, Douglas County",330078,Orondo,2017-12-10 14:40:11.889964
2017-01-12,15:00,16.5,17.1,4.1,62.7,0.0,NE@2.6,5.3,32.8,0.0,197,"Orondo, Douglas County",330078,Orondo,2017-12-10 14:40:11.889964
2017-01-12,15:15,16.2,16.3,4.8,65.4,0.0,N@3.3,5.7,32.8,0.0,166,"Orondo, Douglas County",330078,Orondo,2017-12-10 14:40:11.889964
2017-01-12,15:30,16.3,16.7,4.2,63.7,0.0,NE@2.3,4.2,32.8,0.0,139,"Orondo, Douglas County",330078,Orondo,2017-12-10 14:40:11.889964
2017-01-12,15:45,16.1,16.5,4.0,63.6,0.0,NE@2.7,4.9,32.8,0.0,112,"Orondo, Douglas County",330078,Orondo,2017-12-10 14:40:11.889964
2017-01-12,16:00,15.3,15.6,3.8,65.3,0.0,NE@3.9,6.4,32.8,0.0,80,"Orondo, Douglas County",330078,Orondo,2017-12-10 14:40:11.889964
2017-01-12,16:15,14.2,14.4,3.5,68.0,0.0,N@4.2,6.7,32.8,0.0,18,"Orondo, Douglas County",330078,Orondo,2017-12-10 14:40:11.889964
2017-01-12,16:30,13.5,13.6,3.1,69.1,0.0,NE@4.9,8.9,32.8,0.0,9,"Orondo, Douglas County",330078,Orondo,2017-12-10 14:40:11.889964
2017-01-12,16:45,12.8,12.9,2.8,70.5,0.0,E@4.5,7.8,32.8,0.0,4,"Orondo, Douglas County",330078,Orondo,2017-12-10 14:40:11.889964
2017-01-12,17:00,13.2,13.2,3.0,69.9,0.0,NE@4.5,7.4,32.8,0.0,1,"Orondo, Douglas County",330078,Orondo,2017-12-10 14:40:11.889964
2017-01-12,17:15,13.0,13.1,2.4,68.5,0.0,N@5.2,8.9,32.8,0.0,0,"Orondo, Douglas County",330078,Orondo,2017-12-10 14:40:11.889964
2017-01-12,17:30,12.5,12.6,2.1,69.2,0.0,N@5.5,9.2,32.8,0.0,0,"Orondo, Douglas County",330078,Orondo,2017-12-10 14:40:11.889964
2017-01-12,17:45,12.0,12.1,1.8,69.8,0.0,NE@5.6,8.2,32.8,0.0,0,"Orondo, Douglas County",330078,Orondo,2017-12-10 14:40:11.889964
2017-01-12,18:00,11.8,11.8,1.8,70.6,0.0,N@5.0,8.9,32.8,0.0,0,"Orondo, Douglas County",330078,Orondo,2017-12-10 14:40:11.889964
2017-01-12,18:15,11.5,11.6,1.5,70.6,0.0,N@5.9,8.5,32.8,0.0,0,"Orondo, Douglas County",330078,Orondo,2017-12-10 14:40:11.889964
2017-01-12,18:30,11.4,11.5,1.8,72.1,0.0,N@6.6,10.3,32.8,0.0,0,"Orondo, Douglas County",330078,Orondo,2017-12-10 14:40:11.889964
2017-01-12,18:45,10.9,11.0,1.3,72.3,0.0,N@6.9,10.7,32.8,0.0,0,"Orondo, Douglas County",330078,Orondo,2017-12-10 14:40:11.889964
2017-01-12,19:00,10.8,10.9,1.4,72.5,0.0,NE@5.9,9.2,32.8,0.0,0,"Orondo, Douglas County",330078,Orondo,2017-12-10 14:40:11.889964
2017-01-12,19:15,11.1,11.2,1.2,71.1,0.0,NE@5.4,9.6,32.8,0.0,0,"Orondo, Douglas County",330078,Orondo,2017-12-10 14:40:11.889964
2017-01-12,19:30,10.8,10.9,1.4,72.8,0.0,NE@6.6,11.4,32.8,0.0,0,"Orondo, Douglas County",330078,Orondo,2017-12-10 14:40:11.889964
2017-01-12,19:45,10.7,10.8,1.8,74.4,0.02,NE@7.3,11.4,32.8,0.0,0,"Orondo, Douglas County",330078,Orondo,2017-12-10 14:40:11.889964
2017-01-12,20:00,10.5,10.6,1.5,74.2,0.02,NE@6.6,9.9,32.8,0.0,0,"Orondo, Douglas County",330078,Orondo,2017-12-10 14:40:11.889964
2017-01-12,20:15,10.5,10.6,1.9,75.4,0.05,NE@6.4,10.3,32.8,0.0,0,"Orondo, Douglas County",330078,Orondo,2017-12-10 14:40:11.889964
2017-01-12,20:30,10.3,10.4,2.4,78.1,0.07,NE@6.0,8.5,32.8,0.0,0,"Orondo, Douglas County",330078,Orondo,2017-12-10 14:40:11.889964
2017-01-12,20:45,9.9,10.0,1.6,76.5,0.07,NE@6.2,8.9,32.8,0.0,0,"Orondo, Douglas County",330078,Orondo,2017-12-10 14:40:11.889964
2017-01-12,21:00,9.6,9.7,0.4,73.7,0.05,NE@6.0,8.9,32.8,0.0,0,"Orondo, Douglas County",330078,Orondo,2017-12-10 14:40:11.889964
2017-01-12,21:15,9.3,9.4,0.6,75.3,0.06,N@6.4,9.9,32.8,0.0,0,"Orondo, Douglas County",330078,Orondo,2017-12-10 14:40:11.889964
2017-01-12,21:30,9.5,9.5,1.1,76.5,0.07,NE@6.1,9.9,32.8,0.0,0,"Orondo, Douglas County",330078,Orondo,2017-12-10 14:40:11.889964
2017-01-12,21:45,9.7,9.7,1.5,77.4,0.08,NE@5.4,8.2,32.7,0.0,0,"Orondo, Douglas County",330078,Orondo,2017-12-10 14:40:11.889964
2017-01-12,22:00,9.6,9.7,1.1,76.2,0.07,NE@6.2,9.2,32.8,0.0,0,"Orondo, Douglas County",330078,Orondo,2017-12-10 14:40:11.889964
2017-01-12,22:15,9.7,9.8,1.3,76.4,0.07,NE@5.1,8.9,32.7,0.0,0,"Orondo, Douglas County",330078,Orondo,2017-12-10 14:40:11.889964
2017-01-12,22:30,9.8,9.9,1.1,75.1,0.07,NE@4.9,7.8,32.7,0.0,0,"Orondo, Douglas County",330078,Orondo,2017-12-10 14:40:11.889964
2017-01-12,22:45,9.1,9.2,0.4,75.5,0.08,NE@3.3,7.1,32.7,0.0,0,"Orondo, Douglas County",330078,Orondo,2017-12-10 14:40:11.889964
2017-01-12,23:00,8.3,8.3,0.0,76.7,0.09,NE@3.4,5.3,32.7,0.0,0,"Orondo, Douglas County",330078,Orondo,2017-12-10 14:40:11.889964
2017-01-12,23:15,8.5,8.6,0.8,79.1,0.1,NE@5.0,10.3,32.7,0.0,0,"Orondo, Douglas County",330078,Orondo,2017-12-10 14:40:11.889964
2017-01-12,23:30,8.8,8.9,1.9,82.2,0.12,NE@5.6,8.5,32.7,0.0,0,"Orondo, Douglas County",330078,Orondo,2017-12-10 14:40:11.889964
2017-01-12,23:45,8.4,8.5,1.4,81.8,0.12,NE@4.2,6.0,32.7,0.0,0,"Orondo, Douglas County",330078,Orondo,2017-12-10 14:40:11.889964
2017-01-12,24:00,7.9,8.0,0.8,81.5,0.11,E@4.1,5.7,32.7,0.0,0,"Orondo, Douglas County",330078,Orondo,2017-12-10 14:40:11.889964
2017-01-13,00:15,8.2,8.3,0.9,80.7,0.11,NE@3.8,5.7,32.7,0.0,0,"Orondo, Douglas County",330078,Orondo,2017-12-10 14:40:11.889964
2017-01-13,00:30,6.9,6.9,-0.5,80.5,0.1,E@3.4,4.6,32.7,0.0,0,"Orondo, Douglas County",330078,Orondo,2017-12-10 14:40:11.889964
2017-01-13,00:45,6.9,7.0,-0.9,79.2,0.1,NE@3.6,5.3,32.7,0.0,0,"Orondo, Douglas County",330078,Orondo,2017-12-10 14:40:11.889964
2017-01-13,01:00,8.7,8.8,0.2,76.2,0.11,NE@4.0,5.7,32.7,0.0,0,"Orondo, Douglas County",330078,Orondo,2017-12-10 14:40:11.889964
2017-01-13,01:15,8.6,8.7,0.4,77.0,0.1,NE@4.5,6.0,32.7,0.0,0,"Orondo, Douglas County",330078,Orondo,2017-12-10 14:40:11.889964
2017-01-13,01:30,6.6,6.8,-1.4,78.1,0.08,E@4.6,6.0,32.7,0.0,0,"Orondo, Douglas County",330078,Orondo,2017-12-10 14:40:11.889964
2017-01-13,01:45,6.0,6.2,-1.7,79.3,0.09,E@4.7,6.4,32.7,0.0,0,"Orondo, Douglas County",330078,Orondo,2017-12-10 14:40:11.889964
2017-01-13,02:00,6.5,6.6,-1.1,79.9,0.09,E@4.8,6.4,32.7,0.0,0,"Orondo, Douglas County",330078,Orondo,2017-12-10 14:40:11.889964
2017-01-13,02:15,6.0,6.1,-1.1,81.6,0.11,E@3.8,5.3,32.7,0.0,0,"Orondo, Douglas County",330078,Orondo,2017-12-10 14:40:11.889964
2017-01-13,02:30,5.9,6.0,-1.0,82.6,0.12,SE@2.6,3.9,32.7,0.0,0,"Orondo, Douglas County",330078,Orondo,2017-12-10 14:40:11.889964
2017-01-13,02:45,7.0,7.0,1.0,86.1,0.11,SE@2.8,3.5,32.7,0.0,0,"Orondo, Douglas County",330078,Orondo,2017-12-10 14:40:11.889964
2017-01-13,03:00,7.0,7.1,1.6,88.3,0.11,SE@2.7,3.5,32.7,0.0,0,"Orondo, Douglas County",330078,Orondo,2017-12-10 14:40:11.889964
2017-01-13,03:15,6.8,6.8,0.5,85.0,0.11,SE@2.9,3.9,32.7,0.0,0,"Orondo, Douglas County",330078,Orondo,2017-12-10 14:40:11.889964
2017-01-13,03:30,6.5,6.5,1.3,89.6,0.11,S@3.5,4.9,32.7,0.0,0,"Orondo, Douglas County",330078,Orondo,2017-12-10 14:40:11.889964
2017-01-13,03:45,6.1,6.3,1.3,91.1,0.1,SE@3.4,5.3,32.7,0.0,0,"Orondo, Douglas County",330078,Orondo,2017-12-10 14:40:11.889964
2017-01-13,04:00,5.5,5.6,0.3,89.6,0.09,SE@2.8,3.9,32.7,0.0,0,"Orondo, Douglas County",330078,Orondo,2017-12-10 14:40:11.889964
2017-01-13,04:15,5.3,5.4,-0.1,89.1,0.1,SE@3.0,4.6,32.7,0.0,0,"Orondo, Douglas County",330078,Orondo,2017-12-10 14:40:11.889964
2017-01-13,04:30,5.2,5.3,-0.3,88.3,0.1,SE@3.4,4.2,32.7,0.0,0,"Orondo, Douglas County",330078,Orondo,2017-12-10 14:40:11.889964
2017-01-13,04:45,5.6,5.7,0.1,88.0,0.1,SE@2.8,3.5,32.7,0.0,0,"Orondo, Douglas County",330078,Orondo,2017-12-10 14:40:11.889964
2017-01-13,05:00,6.1,6.1,0.5,87.8,0.11,SE@3.4,4.2,32.7,0.0,0,"Orondo, Douglas County",330078,Orondo,2017-12-10 14:40:11.889964
2017-01-13,05:15,6.2,6.3,0.8,88.6,0.11,S@3.5,4.9,32.7,0.0,0,"Orondo, Douglas County",330078,Orondo,2017-12-10 14:40:11.889964
2017-01-13,05:30,5.6,5.7,0.1,88.2,0.11,SE@3.3,4.6,32.7,0.0,0,"Orondo, Douglas County",330078,Orondo,2017-12-10 14:40:11.889964
2017-01-13,05:45,4.8,4.9,-0.9,87.7,0.1,SE@3.3,4.2,32.7,0.0,0,"Orondo, Douglas County",330078,Orondo,2017-12-10 14:40:11.889964
2017-01-13,06:00,4.5,4.6,-1.2,87.5,0.09,SE@3.4,4.2,32.7,0.0,0,"Orondo, Douglas County",330078,Orondo,2017-12-10 14:40:11.889964
2017-01-13,06:15,4.1,4.2,-1.9,86.8,0.09,SE@3.4,4.6,32.7,0.0,0,"Orondo, Douglas County",330078,Orondo,2017-12-10 14:40:11.889964
2017-01-13,06:30,4.3,4.5,-1.2,88.3,0.09,SE@3.7,5.3,32.7,0.0,0,"Orondo, Douglas County",330078,Orondo,2017-12-10 14:40:11.889964
2017-01-13,06:45,3.7,3.7,-2.1,87.6,0.09,SE@3.2,4.2,32.7,0.0,0,"Orondo, Douglas County",330078,Orondo,2017-12-10 14:40:11.889964
2017-01-13,07:00,3.4,3.5,-2.6,87.0,0.09,SE@3.7,5.3,32.7,0.0,0,"Orondo, Douglas County",330078,Orondo,2017-12-10 14:40:11.889964
2017-01-13,07:15,3.5,3.6,-2.5,86.9,0.09,SE@3.6,4.6,32.7,0.0,0,"Orondo, Douglas County",330078,Orondo,2017-12-10 14:40:11.889964
2017-01-13,07:30,3.5,3.6,-2.5,86.7,0.09,SE@3.4,4.2,32.7,0.0,1,"Orondo, Douglas County",330078,Orondo,2017-12-10 14:40:11.889964
2017-01-13,07:45,3.8,3.9,-2.2,86.8,0.09,SE@3.1,3.9,32.7,0.0,4,"Orondo, Douglas County",330078,Orondo,2017-12-10 14:40:11.889964
2017-01-13,08:00,4.0,4.1,-1.9,87.2,0.09,SE@3.2,4.9,32.7,0.0,11,"Orondo, Douglas County",330078,Orondo,2017-12-10 14:40:11.889964
2017-01-13,08:15,4.4,4.5,-1.5,86.9,0.1,SE@3.1,4.2,32.7,0.0,23,"Orondo, Douglas County",330078,Orondo,2017-12-10 14:40:11.889964
2017-01-13,08:30,4.6,4.6,-1.4,86.4,0.1,SE@3.1,4.6,32.7,0.0,32,"Orondo, Douglas County",330078,Orondo,2017-12-10 14:40:11.889964
2017-01-13,08:45,4.6,4.6,-1.5,86.1,0.1,SE@3.2,4.2,32.7,0.0,47,"Orondo, Douglas County",330078,Orondo,2017-12-10 14:40:11.889964
2017-01-13,09:00,4.8,4.8,-1.3,85.8,0.11,SE@2.9,4.2,32.7,0.0,77,"Orondo, Douglas County",330078,Orondo,2017-12-10 14:40:11.889964
2017-01-13,09:15,5.7,5.6,-0.4,85.8,0.12,SE@3.4,4.6,32.7,0.0,94,"Orondo, Douglas County",330078,Orondo,2017-12-10 14:40:11.889964
2017-01-13,09:30,5.6,5.6,-0.3,86.6,0.11,S@2.9,4.2,32.7,0.0,51,"Orondo, Douglas County",330078,Orondo,2017-12-10 14:40:11.889964
2017-01-13,09:45,5.6,5.5,-0.5,86.0,0.11,SE@3.3,4.2,32.7,0.0,70,"Orondo, Douglas County",330078,Orondo,2017-12-10 14:40:11.889964
2017-01-13,10:00,6.2,6.1,0.1,85.9,0.11,SE@3.1,4.2,32.7,0.0,99,"Orondo, Douglas County",330078,Orondo,2017-12-10 14:40:11.889964
2017-01-13,10:15,7.8,7.4,1.5,84.2,0.14,SE@3.3,4.2,32.7,0.0,222,"Orondo, Douglas County",330078,Orondo,2017-12-10 14:40:11.889964
2017-01-13,10:30,9.4,8.8,2.6,82.3,0.16,SE@3.1,4.2,32.7,0.0,264,"Orondo, Douglas County",330078,Orondo,2017-12-10 14:40:11.889964
2017-01-13,10:45,9.3,8.9,2.4,82.1,0.15,SE@2.6,3.5,32.7,0.0,207,"Orondo, Douglas County",330078,Orondo,2017-12-10 14:40:11.889964
2017-01-13,11:00,9.3,9.0,2.4,82.1,0.15,SE@2.7,4.2,32.7,0.0,175,"Orondo, Douglas County",330078,Orondo,2017-12-10 14:40:11.889964
2017-01-13,11:15,10.7,10.4,3.1,79.2,0.16,SE@2.7,3.9,32.7,0.0,244,"Orondo, Douglas County",330078,Orondo,2017-12-10 14:40:11.889964
2017-01-13,11:30,11.7,11.6,3.1,75.3,0.18,SE@2.4,3.1,32.7,0.0,270,"Orondo, Douglas County",330078,Orondo,2017-12-10 14:40:11.889964
2017-01-13,11:45,12.1,12.1,3.1,74.0,0.18,SE@2.1,3.5,32.7,0.0,274,"Orondo, Douglas County",330078,Orondo,2017-12-10 14:40:11.889964
2017-01-13,12:00,12.8,12.6,4.1,74.9,0.19,SE@2.0,3.5,32.7,0.0,294,"Orondo, Douglas County",330078,Orondo,2017-12-10 14:40:11.889964
2017-01-13,12:15,13.9,14.2,4.7,73.2,0.14,E@1.8,3.9,32.6,0.0,330,"Orondo, Douglas County",330078,Orondo,2017-12-10 14:40:11.889964
2017-01-13,12:30,15.0,15.5,5.6,72.3,0.11,E@0.8,3.5,32.6,0.0,261,"Orondo, Douglas County",330078,Orondo,2017-12-10 14:40:11.889964
2017-01-13,12:45,13.2,13.4,4.7,75.7,0.09,E@2.0,3.5,32.6,0.0,207,"Orondo, Douglas County",330078,Orondo,2017-12-10 14:40:11.889964
2017-01-13,13:00,13.9,14.3,5.4,75.2,0.08,E@0.9,2.4,32.6,0.0,219,"Orondo, Douglas County",330078,Orondo,2017-12-10 14:40:11.889964
2017-01-13,13:15,14.0,14.4,5.6,75.8,0.08,SE@0.9,2.8,32.6,0.0,207,"Orondo, Douglas County",330078,Orondo,2017-12-10 14:40:11.889964
2017-01-13,13:30,14.7,14.6,6.1,74.9,0.07,SE@2.3,3.1,32.6,0.0,290,"Orondo, Douglas County",330078,Orondo,2017-12-10 14:40:11.889964
2017-01-13,13:45,15.6,15.7,6.5,72.9,0.07,SE@1.9,2.8,32.6,0.0,278,"Orondo, Douglas County",330078,Orondo,2017-12-10 14:40:11.889964
2017-01-13,14:00,15.0,15.1,6.6,75.3,0.06,E@2.3,2.8,32.6,0.0,229,"Orondo, Douglas County",330078,Orondo,2017-12-10 14:40:11.889964
2017-01-13,14:15,15.0,15.2,6.6,75.7,0.06,E@2.2,3.1,32.6,0.0,186,"Orondo, Douglas County",330078,Orondo,2017-12-10 14:40:11.889964
2017-01-13,14:30,14.5,14.6,6.4,76.6,0.06,E@2.5,3.1,32.6,0.0,134,"Orondo, Douglas County",330078,Orondo,2017-12-10 14:40:11.889964
2017-01-13,14:45,14.3,14.4,6.1,76.3,0.06,SE@2.6,3.9,32.6,0.0,128,"Orondo, Douglas County",330078,Orondo,2017-12-10 14:40:11.889964
2017-01-13,15:00,14.5,14.5,6.6,77.2,0.06,SE@2.3,3.5,32.6,0.0,97,"Orondo, Douglas County",330078,Orondo,2017-12-10 14:40:11.889964
2017-01-13,15:15,14.5,14.5,6.6,77.4,0.06,SE@2.1,3.1,32.6,0.0,69,"Orondo, Douglas County",330078,Orondo,2017-12-10 14:40:11.889964
2017-01-13,15:30,14.5,14.5,6.8,78.1,0.07,S@2.1,2.8,32.6,0.0,53,"Orondo, Douglas County",330078,Orondo,2017-12-10 14:40:11.889964
2017-01-13,15:45,14.7,14.8,7.2,78.7,0.07,SE@0.3,2.1,32.6,0.0,36,"Orondo, Douglas County",330078,Orondo,2017-12-10 14:40:11.889964
2017-01-13,16:00,14.5,14.6,7.2,79.3,0.07,SE@2.6,3.5,32.6,0.0,26,"Orondo, Douglas County",330078,Orondo,2017-12-10 14:40:11.889964
2017-01-13,16:15,14.5,14.6,7.2,79.4,0.07,SE@2.3,3.1,32.6,0.0,16,"Orondo, Douglas County",330078,Orondo,2017-12-10 14:40:11.889964
2017-01-13,16:30,14.4,14.5,7.6,81.2,0.09,SE@2.2,2.8,32.6,0.0,8,"Orondo, Douglas County",330078,Orondo,2017-12-10 14:40:11.889964
2017-01-13,16:45,14.2,14.3,7.7,82.2,0.12,SE@2.3,3.5,32.6,0.0,2,"Orondo, Douglas County",330078,Orondo,2017-12-10 14:40:11.889964
2017-01-13,17:00,14.0,14.1,7.6,82.9,0.13,SE@2.7,3.5,32.6,0.0,1,"Orondo, Douglas County",330078,Orondo,2017-12-10 14:40:11.889964
2017-01-13,17:15,13.3,13.4,6.8,82.8,0.15,SE@2.8,3.5,32.6,0.0,0,"Orondo, Douglas County",330078,Orondo,2017-12-10 14:40:11.889964
2017-01-13,17:30,13.2,13.2,6.9,83.7,0.17,SE@2.7,3.1,32.6,0.0,0,"Orondo, Douglas County",330078,Orondo,2017-12-10 14:40:11.889964
2017-01-13,17:45,12.7,12.8,6.5,84.0,0.16,SE@3.0,4.2,32.6,0.0,0,"Orondo, Douglas County",330078,Orondo,2017-12-10 14:40:11.889964
2017-01-13,18:00,12.2,12.3,6.2,84.8,0.14,SE@2.8,3.5,32.6,0.0,0,"Orondo, Douglas County",330078,Orondo,2017-12-10 14:40:11.889964
2017-01-13,18:15,11.5,11.7,5.8,86.0,0.14,SE@2.7,3.1,32.6,0.0,0,"Orondo, Douglas County",330078,Orondo,2017-12-10 14:40:11.889964
2017-01-13,18:30,11.9,11.9,6.2,86.1,0.14,SE@2.8,3.5,32.6,0.0,0,"Orondo, Douglas County",330078,Orondo,2017-12-10 14:40:11.889964
2017-01-13,18:45,11.6,11.7,5.8,85.7,0.14,SE@2.9,3.9,32.6,0.0,0,"Orondo, Douglas County",330078,Orondo,2017-12-10 14:40:11.889964
2017-01-13,19:00,11.1,11.3,5.3,85.8,0.14,SE@3.0,4.2,32.6,0.0,0,"Orondo, Douglas County",330078,Orondo,2017-12-10 14:40:11.889964
2017-01-13,19:15,11.3,11.4,5.5,85.8,0.14,SE@2.8,3.9,32.6,0.0,0,"Orondo, Douglas County",330078,Orondo,2017-12-10 14:40:11.889964
2017-01-13,19:30,11.4,11.5,5.1,84.0,0.15,SE@3.1,4.2,32.6,0.0,0,"Orondo, Douglas County",330078,Orondo,2017-12-10 14:40:11.889964
2017-01-13,19:45,12.0,12.1,5.3,82.6,0.16,SE@3.1,3.9,32.6,0.0,0,"Orondo, Douglas County",330078,Orondo,2017-12-10 14:40:11.889964
2017-01-13,20:00,12.3,12.4,5.6,82.1,0.16,SE@2.8,3.5,32.6,0.0,0,"Orondo, Douglas County",330078,Orondo,2017-12-10 14:40:11.889964
2017-01-13,20:15,12.6,12.7,5.7,81.5,0.17,SE@3.0,4.6,32.6,0.0,0,"Orondo, Douglas County",330078,Orondo,2017-12-10 14:40:11.889964
2017-01-13,20:30,12.9,13.0,5.7,80.2,0.18,SE@3.5,4.6,32.6,0.0,0,"Orondo, Douglas County",330078,Orondo,2017-12-10 14:40:11.889964
2017-01-13,20:45,13.1,13.1,5.9,80.0,0.18,SE@2.5,3.1,32.6,0.0,0,"Orondo, Douglas County",330078,Orondo,2017-12-10 14:40:11.889964
2017-01-13,21:00,13.2,13.3,6.1,80.7,0.19,SE@2.6,3.5,32.6,0.0,0,"Orondo, Douglas County",330078,Orondo,2017-12-10 14:40:11.889964
2017-01-13,21:15,12.9,12.9,6.0,81.4,0.18,SE@3.0,3.9,32.6,0.0,0,"Orondo, Douglas County",330078,Orondo,2017-12-10 14:40:11.889964
2017-01-13,21:30,13.0,13.1,6.0,81.1,0.16,SE@3.0,3.5,32.6,0.0,0,"Orondo, Douglas County",330078,Orondo,2017-12-10 14:40:11.889964
2017-01-13,21:45,13.4,13.5,6.1,79.6,0.13,SE@2.7,3.5,32.6,0.0,0,"Orondo, Douglas County",330078,Orondo,2017-12-10 14:40:11.889964
2017-01-13,22:00,13.3,13.4,6.3,80.7,0.13,SE@2.6,3.5,32.6,0.0,0,"Orondo, Douglas County",330078,Orondo,2017-12-10 14:40:11.889964
2017-01-13,22:15,13.6,13.6,6.9,82.1,0.13,SE@2.7,3.5,32.6,0.0,0,"Orondo, Douglas County",330078,Orondo,2017-12-10 14:40:11.889964
2017-01-13,22:30,13.9,13.9,7.4,82.7,0.14,SE@2.5,3.1,32.6,0.0,0,"Orondo, Douglas County",330078,Orondo,2017-12-10 14:40:11.889964
2017-01-13,22:45,13.7,13.7,7.3,83.0,0.14,SE@2.4,3.1,32.6,0.0,0,"Orondo, Douglas County",330078,Orondo,2017-12-10 14:40:11.889964
2017-01-13,23:00,13.6,13.7,7.1,82.4,0.14,SE@2.3,2.8,32.6,0.0,0,"Orondo, Douglas County",330078,Orondo,2017-12-10 14:40:11.889964
2017-01-13,23:15,13.7,13.8,7.3,83.0,0.14,SE@2.3,2.8,32.6,0.0,0,"Orondo, Douglas County",330078,Orondo,2017-12-10 14:40:11.889964
2017-01-13,23:30,13.9,14.0,7.7,83.5,0.14,S@2.6,4.6,32.5,0.0,0,"Orondo, Douglas County",330078,Orondo,2017-12-10 14:40:11.889964
2017-01-13,23:45,13.9,13.9,7.7,83.9,0.14,SE@3.4,4.9,32.5,0.0,0,"Orondo, Douglas County",330078,Orondo,2017-12-10 14:40:11.889964
2017-01-13,24:00,13.5,13.6,7.5,84.4,0.14,SE@2.8,3.9,32.5,0.0,0,"Orondo, Douglas County",330078,Orondo,2017-12-10 14:40:11.889964
2017-01-14,00:15,13.5,13.6,7.5,84.4,0.14,SE@2.2,3.5,32.5,0.0,0,"Orondo, Douglas County",330078,Orondo,2017-12-10 14:40:11.889964
2017-01-14,00:30,13.7,13.8,7.5,83.8,0.14,SE@2.6,3.5,32.5,0.0,0,"Orondo, Douglas County",330078,Orondo,2017-12-10 14:40:11.889964
2017-01-14,00:45,13.7,13.8,7.6,84.0,0.15,SE@2.9,3.5,32.5,0.0,0,"Orondo, Douglas County",330078,Orondo,2017-12-10 14:40:11.889964
2017-01-14,01:00,13.9,14.0,7.8,84.2,0.15,SE@2.8,3.5,32.5,0.0,0,"Orondo, Douglas County",330078,Orondo,2017-12-10 14:40:11.889964
2017-01-14,01:15,13.9,13.9,7.6,83.5,0.17,SE@2.3,2.8,32.5,0.0,0,"Orondo, Douglas County",330078,Orondo,2017-12-10 14:40:11.889964
2017-01-14,01:30,13.6,13.7,7.6,84.4,0.16,S@2.3,3.1,32.5,0.0,0,"Orondo, Douglas County",330078,Orondo,2017-12-10 14:40:11.889964
2017-01-14,01:45,13.6,13.6,7.7,85.1,0.16,SE@2.6,3.5,32.5,0.0,0,"Orondo, Douglas County",330078,Orondo,2017-12-10 14:40:11.889964
2017-01-14,02:00,13.8,13.8,8.1,85.6,0.16,SE@3.0,3.9,32.5,0.0,0,"Orondo, Douglas County",330078,Orondo,2017-12-10 14:40:11.889964
2017-01-14,02:15,14.0,14.1,8.1,85.0,0.16,E@2.9,3.5,32.5,0.0,0,"Orondo, Douglas County",330078,Orondo,2017-12-10 14:40:11.889964
2017-01-14,02:30,14.1,14.2,8.0,84.0,0.15,E@2.7,3.9,32.5,0.0,0,"Orondo, Douglas County",330078,Orondo,2017-12-10 14:40:11.889964
2017-01-14,02:45,14.9,14.9,8.3,82.2,0.14,E@3.0,3.9,32.5,0.0,0,"Orondo, Douglas County",330078,Orondo,2017-12-10 14:40:11.889964
2017-01-14,03:00,14.8,14.8,8.1,81.7,0.15,SE@1.7,3.1,32.5,0.0,0,"Orondo, Douglas County",330078,Orondo,2017-12-10 14:40:11.889964
2017-01-14,03:15,14.1,14.2,7.8,83.3,0.17,SE@2.1,2.8,32.5,0.0,0,"Orondo, Douglas County",330078,Orondo,2017-12-10 14:40:11.889964
2017-01-14,03:30,14.1,14.1,7.8,83.4,0.17,E@3.2,4.6,32.5,0.0,0,"Orondo, Douglas County",330078,Orondo,2017-12-10 14:40:11.889964
2017-01-14,03:45,13.3,13.4,7.0,83.4,0.17,E@3.3,4.9,32.5,0.0,0,"Orondo, Douglas County",330078,Orondo,2017-12-10 14:40:11.889964
2017-01-14,04:00,12.5,12.6,6.4,84.3,0.17,E@3.9,4.9,32.5,0.0,0,"Orondo, Douglas County",330078,Orondo,2017-12-10 14:40:11.889964
2017-01-14,04:15,12.6,12.7,6.4,84.0,0.16,E@3.6,4.2,32.5,0.0,0,"Orondo, Douglas County",330078,Orondo,2017-12-10 14:40:11.889964
2017-01-14,04:30,12.7,12.8,6.4,83.6,0.17,SE@3.2,4.9,32.5,0.0,0,"Orondo, Douglas County",330078,Orondo,2017-12-10 14:40:11.889964
2017-01-14,04:45,12.9,12.9,7.1,85.4,0.19,SE@2.8,3.9,32.5,0.0,0,"Orondo, Douglas County",330078,Orondo,2017-12-10 14:40:11.889964
2017-01-14,05:00,13.3,13.4,7.4,84.6,0.17,SE@2.6,3.5,32.5,0.0,0,"Orondo, Douglas County",330078,Orondo,2017-12-10 14:40:11.889964
2017-01-14,05:15,13.6,13.7,7.7,84.7,0.17,SE@2.5,3.1,32.5,0.0,0,"Orondo, Douglas County",330078,Orondo,2017-12-10 14:40:11.889964
2017-01-14,05:30,13.8,13.8,8.0,85.4,0.17,SE@2.6,3.1,32.5,0.0,0,"Orondo, Douglas County",330078,Orondo,2017-12-10 14:40:11.889964
2017-01-14,05:45,13.8,13.8,8.7,87.9,0.19,SE@2.5,3.5,32.5,0.0,0,"Orondo, Douglas County",330078,Orondo,2017-12-10 14:40:11.889964
2017-01-14,06:00,13.9,14.0,8.8,87.9,0.19,SE@2.7,3.5,32.5,0.0,0,"Orondo, Douglas County",330078,Orondo,2017-12-10 14:40:11.889964
2017-01-14,06:15,14.1,14.1,8.9,87.7,0.19,SE@2.6,3.5,32.5,0.0,0,"Orondo, Douglas County",330078,Orondo,2017-12-10 14:40:11.889964
2017-01-14,06:30,14.1,14.1,8.9,87.5,0.19,SE@2.5,3.1,32.5,0.0,0,"Orondo, Douglas County",330078,Orondo,2017-12-10 14:40:11.889964
2017-01-14,06:45,14.1,14.2,9.0,87.6,0.19,SE@2.5,3.1,32.5,0.0,0,"Orondo, Douglas County",330078,Orondo,2017-12-10 14:40:11.889964
2017-01-14,07:00,14.2,14.3,9.1,87.8,0.19,S@2.9,4.6,32.5,0.0,0,"Orondo, Douglas County",330078,Orondo,2017-12-10 14:40:11.889964
2017-01-14,07:15,14.2,14.2,9.1,87.9,0.19,S@3.1,4.2,32.5,0.0,0,"Orondo, Douglas County",330078,Orondo,2017-12-10 14:40:11.889964
2017-01-14,07:30,13.9,14.0,8.7,87.6,0.18,S@3.5,4.9,32.5,0.0,0,"Orondo, Douglas County",330078,Orondo,2017-12-10 14:40:11.889964
2017-01-14,07:45,13.6,13.7,8.0,86.0,0.17,S@2.9,4.6,32.5,0.0,3,"Orondo, Douglas County",330078,Orondo,2017-12-10 14:40:11.889964
2017-01-14,08:00,13.6,13.7,7.8,85.2,0.16,S@2.9,4.2,32.5,0.0,5,"Orondo, Douglas County",330078,Orondo,2017-12-10 14:40:11.889964
2017-01-14,08:15,13.7,13.7,7.9,85.4,0.16,S@3.1,4.6,32.5,0.0,11,"Orondo, Douglas County",330078,Orondo,2017-12-10 14:40:11.889964
2017-01-14,08:30,13.8,13.9,8.1,85.5,0.16,S@2.8,3.9,32.5,0.0,15,"Orondo, Douglas County",330078,Orondo,2017-12-10 14:40:11.889964
2017-01-14,08:45,14.0,14.0,8.3,85.6,0.16,S@2.8,4.2,32.5,0.0,19,"Orondo, Douglas County",330078,Orondo,2017-12-10 14:40:11.889964
2017-01-14,09:00,14.1,14.1,8.2,84.8,0.15,SE@3.3,4.6,32.5,0.0,32,"Orondo, Douglas County",330078,Orondo,2017-12-10 14:40:11.889964
2017-01-14,09:15,14.5,14.5,8.3,83.2,0.15,S@2.3,3.1,32.5,0.0,55,"Orondo, Douglas County",330078,Orondo,2017-12-10 14:40:11.889964
2017-01-14,09:30,15.0,15.0,8.2,81.2,0.14,SE@2.3,3.5,32.5,0.0,75,"Orondo, Douglas County",330078,Orondo,2017-12-10 14:40:11.889964
2017-01-14,09:45,15.3,15.3,8.4,80.4,0.13,SE@2.7,3.9,32.5,0.0,96,"Orondo, Douglas County",330078,Orondo,2017-12-10 14:40:11.889964
2017-01-14,10:00,15.7,15.6,8.7,80.3,0.12,SE@2.7,3.5,32.5,0.0,108,"Orondo, Douglas County",330078,Orondo,2017-12-10 14:40:11.889964
2017-01-14,10:15,16.0,16.0,9.1,80.5,0.12,S@2.7,3.5,32.5,0.0,119,"Orondo, Douglas County",330078,Orondo,2017-12-10 14:40:11.889964
2017-01-14,10:30,16.7,16.7,9.7,79.9,0.11,S@2.1,3.5,32.5,0.0,128,"Orondo, Douglas County",330078,Orondo,2017-12-10 14:40:11.889964
2017-01-14,10:45,17.2,17.2,10.1,79.7,0.11,S@1.3,3.1,32.5,0.0,143,"Orondo, Douglas County",330078,Orondo,2017-12-10 14:40:11.889964
2017-01-14,11:00,17.9,18.1,10.3,77.4,0.1,E@1.1,2.8,32.5,0.0,152,"Orondo, Douglas County",330078,Orondo,2017-12-10 14:40:11.889964
2017-01-14,11:15,17.5,17.5,10.2,78.7,0.09,SE@2.1,3.5,32.5,0.0,162,"Orondo, Douglas County",330078,Orondo,2017-12-10 14:40:11.889964
2017-01-14,11:30,18.0,17.9,10.4,77.8,0.09,S@2.0,4.9,32.5,0.0,174,"Orondo, Douglas County",330078,Orondo,2017-12-10 14:40:11.889964
2017-01-14,11:45,18.7,18.8,10.7,76.1,0.08,SW@1.3,3.9,32.4,0.0,177,"Orondo, Douglas County",330078,Orondo,2017-12-10 14:40:11.889964
2017-01-14,12:00,18.8,18.9,10.7,75.7,0.07,S@1.3,3.1,32.4,0.0,177,"Orondo, Douglas County",330078,Orondo,2017-12-10 14:40:11.889964
2017-01-14,12:15,18.6,18.6,10.6,76.1,0.07,SW@2.6,4.6,32.4,0.0,186,"Orondo, Douglas County",330078,Orondo,2017-12-10 14:40:11.889964
2017-01-14,12:30,19.0,18.9,10.7,75.1,0.06,S@1.9,3.1,32.4,0.0,195,"Orondo, Douglas County",330078,Orondo,2017-12-10 14:40:11.889964
2017-01-14,12:45,19.3,19.3,10.7,74.1,0.06,S@1.4,2.8,32.4,0.0,195,"Orondo, Douglas County",330078,Orondo,2017-12-10 14:40:11.889964
2017-01-14,13:00,19.4,19.4,10.5,73.1,0.05,S@1.2,3.1,32.4,0.0,181,"Orondo, Douglas County",330078,Orondo,2017-12-10 14:40:11.889964
2017-01-14,13:15,19.8,20.0,10.7,72.2,0.04,SE@0.9,2.8,32.4,0.0,168,"Orondo, Douglas County",330078,Orondo,2017-12-10 14:40:11.889964
2017-01-14,13:30,20.6,20.7,10.8,69.9,0.0,SE@0.5,2.4,32.4,0.0,168,"Orondo, Douglas County",330078,Orondo,2017-12-10 14:40:11.889964
2017-01-14,13:45,20.6,20.8,11.0,70.7,0.0,SW@0.8,3.1,32.4,0.0,163,"Orondo, Douglas County",330078,Orondo,2017-12-10 14:40:11.889964
2017-01-14,14:00,20.3,20.4,11.1,71.6,0.0,SW@1.1,2.8,32.4,0.0,141,"Orondo, Douglas County",330078,Orondo,2017-12-10 14:40:11.889964
2017-01-14,14:15,20.4,20.4,11.0,71.4,0.0,S@1.0,2.1,32.4,0.0,129,"Orondo, Douglas County",330078,Orondo,2017-12-10 14:40:11.889964
2017-01-14,14:30,20.6,20.7,10.9,70.1,0.0,SE@0.5,2.1,32.4,0.0,113,"Orondo, Douglas County",330078,Orondo,2017-12-10 14:40:11.889964
2017-01-14,14:45,19.9,20.0,10.8,72.1,0.0,E@1.4,3.5,32.4,0.0,94,"Orondo, Douglas County",330078,Orondo,2017-12-10 14:40:11.889964
2017-01-14,15:00,20.4,20.5,10.9,71.0,0.0,E@0.9,2.4,32.4,0.0,80,"Orondo, Douglas County",330078,Orondo,2017-12-10 14:40:11.889964
2017-01-14,15:15,19.9,20.0,10.9,72.3,0.0,SE@1.7,2.8,32.4,0.0,65,"Orondo, Douglas County",330078,Orondo,2017-12-10 14:40:11.889964
2017-01-14,15:30,19.7,19.8,10.9,73.4,0.0,E@2.3,2.8,32.4,0.0,53,"Orondo, Douglas County",330078,Orondo,2017-12-10 14:40:11.889964
2017-01-14,15:45,19.8,19.9,11.1,73.2,0.0,SE@2.1,2.8,32.4,0.0,41,"Orondo, Douglas County",330078,Orondo,2017-12-10 14:40:11.889964
2017-01-14,16:00,19.8,19.9,11.0,73.3,0.0,E@2.0,2.4,32.4,0.0,29,"Orondo, Douglas County",330078,Orondo,2017-12-10 14:40:11.889964
2017-01-14,16:15,19.8,19.8,11.5,74.8,0.0,E@1.7,2.4,32.4,0.0,19,"Orondo, Douglas County",330078,Orondo,2017-12-10 14:40:11.889964
2017-01-14,16:30,19.7,19.8,11.5,75.0,0.0,E@1.1,2.4,32.4,0.0,9,"Orondo, Douglas County",330078,Orondo,2017-12-10 14:40:11.889964
2017-01-14,16:45,19.7,19.8,11.4,74.8,0.0,E@1.4,2.4,32.4,0.0,2,"Orondo, Douglas County",330078,Orondo,2017-12-10 14:40:11.889964
2017-01-14,17:00,19.7,19.7,11.4,75.1,0.03,SE@2.0,2.8,32.4,0.0,1,"Orondo, Douglas County",330078,Orondo,2017-12-10 14:40:11.889964
2017-01-14,17:15,19.6,19.6,11.6,76.0,0.05,SE@2.2,2.8,32.4,0.0,0,"Orondo, Douglas County",330078,Orondo,2017-12-10 14:40:11.889964
2017-01-14,17:30,19.6,19.6,11.6,76.1,0.05,SE@2.2,2.8,32.4,0.0,0,"Orondo, Douglas County",330078,Orondo,2017-12-10 14:40:11.889964
2017-01-14,17:45,19.6,19.7,11.6,75.6,0.05,SE@1.8,2.4,32.4,0.0,0,"Orondo, Douglas County",330078,Orondo,2017-12-10 14:40:11.889964
2017-01-14,18:00,19.7,19.7,11.8,76.4,0.06,E@2.2,2.8,32.4,0.0,0,"Orondo, Douglas County",330078,Orondo,2017-12-10 14:40:11.889964
2017-01-14,18:15,19.6,19.7,12.2,77.9,0.06,E@2.2,2.8,32.4,0.0,0,"Orondo, Douglas County",330078,Orondo,2017-12-10 14:40:11.889964
2017-01-14,18:30,19.6,19.7,12.3,78.1,0.06,SE@2.2,2.8,32.4,0.0,0,"Orondo, Douglas County",330078,Orondo,2017-12-10 14:40:11.889964
2017-01-14,18:45,19.8,19.8,12.1,77.1,0.06,SE@2.0,2.4,32.4,0.0,0,"Orondo, Douglas County",330078,Orondo,2017-12-10 14:40:11.889964
2017-01-14,19:00,19.9,20.0,12.1,76.5,0.06,SE@1.5,2.8,32.4,0.0,0,"Orondo, Douglas County",330078,Orondo,2017-12-10 14:40:11.889964
2017-01-14,19:15,19.9,19.9,12.0,76.3,0.06,SE@1.8,2.8,32.4,0.0,0,"Orondo, Douglas County",330078,Orondo,2017-12-10 14:40:11.889964
2017-01-14,19:30,19.9,20.0,12.0,76.1,0.06,SE@2.2,2.8,32.4,0.0,0,"Orondo, Douglas County",330078,Orondo,2017-12-10 14:40:11.889964
2017-01-14,19:45,19.9,20.0,12.3,77.0,0.06,SE@2.3,2.8,32.4,0.0,0,"Orondo, Douglas County",330078,Orondo,2017-12-10 14:40:11.889964
2017-01-14,20:00,19.9,20.0,12.5,77.7,0.07,SE@2.3,3.1,32.4,0.0,0,"Orondo, Douglas County",330078,Orondo,2017-12-10 14:40:11.889964
2017-01-14,20:15,19.9,19.9,12.6,78.4,0.07,SE@2.2,3.1,32.4,0.0,0,"Orondo, Douglas County",330078,Orondo,2017-12-10 14:40:11.889964
2017-01-14,20:30,19.9,20.0,12.5,77.8,0.07,SE@2.5,3.5,32.4,0.0,0,"Orondo, Douglas County",330078,Orondo,2017-12-10 14:40:11.889964
2017-01-14,20:45,19.8,19.9,12.6,78.3,0.07,SE@2.5,3.5,32.4,0.0,0,"Orondo, Douglas County",330078,Orondo,2017-12-10 14:40:11.889964
2017-01-14,21:00,19.8,19.9,12.5,78.2,0.07,S@2.3,3.1,32.4,0.0,0,"Orondo, Douglas County",330078,Orondo,2017-12-10 14:40:11.889964
2017-01-14,21:15,19.7,19.8,12.5,78.5,0.07,S@2.4,3.9,32.4,0.0,0,"Orondo, Douglas County",330078,Orondo,2017-12-10 14:40:11.889964
2017-01-14,21:30,19.7,19.9,12.0,76.8,0.07,S@3.0,4.9,32.4,0.0,0,"Orondo, Douglas County",330078,Orondo,2017-12-10 14:40:11.889964
2017-01-14,21:45,19.6,19.7,11.3,74.8,0.06,S@3.0,4.2,32.4,0.0,0,"Orondo, Douglas County",330078,Orondo,2017-12-10 14:40:11.889964
2017-01-14,22:00,19.4,19.5,10.9,74.0,0.06,S@2.9,3.9,32.4,0.0,0,"Orondo, Douglas County",330078,Orondo,2017-12-10 14:40:11.889964
2017-01-14,22:15,19.3,19.4,10.8,74.4,0.06,S@2.9,4.9,32.4,0.0,0,"Orondo, Douglas County",330078,Orondo,2017-12-10 14:40:11.889964
2017-01-14,22:30,19.2,19.3,11.1,75.8,0.06,SE@2.9,4.6,32.4,0.0,0,"Orondo, Douglas County",330078,Orondo,2017-12-10 14:40:11.889964
2017-01-14,22:45,19.2,19.3,11.3,76.4,0.06,S@2.9,3.9,32.4,0.0,0,"Orondo, Douglas County",330078,Orondo,2017-12-10 14:40:11.889964
2017-01-14,23:00,19.3,19.3,11.1,75.4,0.06,S@2.7,4.2,32.4,0.0,0,"Orondo, Douglas County",330078,Orondo,2017-12-10 14:40:11.889964
2017-01-14,23:15,19.2,19.3,11.1,75.6,0.06,S@3.0,5.3,32.4,0.0,0,"Orondo, Douglas County",330078,Orondo,2017-12-10 14:40:11.889964
2017-01-14,23:30,19.2,19.3,11.2,75.9,0.06,SE@2.5,4.6,32.4,0.0,0,"Orondo, Douglas County",330078,Orondo,2017-12-10 14:40:11.889964
2017-01-14,23:45,19.3,19.4,11.1,75.1,0.06,SE@2.8,4.6,32.4,0.0,0,"Orondo, Douglas County",330078,Orondo,2017-12-10 14:40:11.889964
2017-01-14,24:00,19.3,19.4,11.0,74.9,0.06,SE@2.4,3.1,32.4,0.0,0,"Orondo, Douglas County",330078,Orondo,2017-12-10 14:40:11.889964
2017-01-15,00:15,19.2,19.3,11.2,75.7,0.06,S@2.7,3.9,32.4,0.0,0,"Orondo, Douglas County",330078,Orondo,2017-12-10 14:40:11.889964
2017-01-15,00:30,19.2,19.3,11.6,77.4,0.06,S@2.8,4.6,32.4,0.0,0,"Orondo, Douglas County",330078,Orondo,2017-12-10 14:40:11.889964
2017-01-15,00:45,19.2,19.3,12.1,79.2,0.07,S@3.3,5.7,32.4,0.0,0,"Orondo, Douglas County",330078,Orondo,2017-12-10 14:40:11.889964
2017-01-15,01:00,19.1,19.2,12.2,79.8,0.07,S@3.8,6.0,32.4,0.0,0,"Orondo, Douglas County",330078,Orondo,2017-12-10 14:40:11.889964
2017-01-15,01:15,19.0,19.1,12.2,80.3,0.07,S@3.6,5.3,32.4,0.0,0,"Orondo, Douglas County",330078,Orondo,2017-12-10 14:40:11.889964
2017-01-15,01:30,18.7,18.8,11.7,79.5,0.07,S@3.2,4.9,32.4,0.0,0,"Orondo, Douglas County",330078,Orondo,2017-12-10 14:40:11.889964
2017-01-15,01:45,18.5,18.6,11.7,80.2,0.07,S@3.1,4.6,32.4,0.0,0,"Orondo, Douglas County",330078,Orondo,2017-12-10 14:40:11.889964
2017-01-15,02:00,18.5,18.6,11.7,80.2,0.07,S@3.0,4.2,32.4,0.0,0,"Orondo, Douglas County",330078,Orondo,2017-12-10 14:40:11.889964
2017-01-15,02:15,18.7,18.7,11.9,80.4,0.08,S@2.8,3.9,32.4,0.0,0,"Orondo, Douglas County",330078,Orondo,2017-12-10 14:40:11.889964
2017-01-15,02:30,18.7,18.8,12.0,80.5,0.08,S@3.3,4.9,32.4,0.0,0,"Orondo, Douglas County",330078,Orondo,2017-12-10 14:40:11.889964
2017-01-15,02:45,18.9,18.9,12.2,80.8,0.08,SE@1.7,4.6,32.4,0.0,0,"Orondo, Douglas County",330078,Orondo,2017-12-10 14:40:11.889964
2017-01-15,03:00,18.9,19.0,12.4,81.3,0.08,S@2.8,6.4,32.4,0.0,0,"Orondo, Douglas County",330078,Orondo,2017-12-10 14:40:11.889964
2017-01-15,03:15,18.9,19.0,12.7,82.2,0.09,S@2.7,4.9,32.4,0.0,0,"Orondo, Douglas County",330078,Orondo,2017-12-10 14:40:11.889964
2017-01-15,03:30,18.8,18.9,12.8,83.1,0.09,S@3.7,5.7,32.4,0.0,0,"Orondo, Douglas County",330078,Orondo,2017-12-10 14:40:11.889964
2017-01-15,03:45,18.7,18.8,12.9,84.0,0.1,S@4.2,5.7,32.4,0.0,0,"Orondo, Douglas County",330078,Orondo,2017-12-10 14:40:11.889964
2017-01-15,04:00,18.5,18.6,13.0,85.1,0.1,S@4.1,6.4,32.4,0.0,0,"Orondo, Douglas County",330078,Orondo,2017-12-10 14:40:11.889964
2017-01-15,04:15,18.3,18.4,13.0,85.9,0.11,S@3.7,6.4,32.4,0.0,0,"Orondo, Douglas County",330078,Orondo,2017-12-10 14:40:11.889964
2017-01-15,04:30,18.1,18.2,12.9,86.3,0.11,S@4.1,7.1,32.4,0.0,0,"Orondo, Douglas County",330078,Orondo,2017-12-10 14:40:11.889964
2017-01-15,04:45,18.1,18.2,12.8,86.1,0.12,S@4.4,6.4,32.4,0.0,0,"Orondo, Douglas County",330078,Orondo,2017-12-10 14:40:11.889964
2017-01-15,05:00,17.9,18.0,12.7,86.4,0.12,SW@3.6,6.4,32.4,0.0,0,"Orondo, Douglas County",330078,Orondo,2017-12-10 14:40:11.889964
2017-01-15,05:15,17.7,17.8,12.5,86.3,0.12,S@3.7,5.7,32.4,0.0,0,"Orondo, Douglas County",330078,Orondo,2017-12-10 14:40:11.889964
2017-01-15,05:30,17.6,17.7,12.4,86.6,0.13,S@3.6,5.7,32.4,0.0,0,"Orondo, Douglas County",330078,Orondo,2017-12-10 14:40:11.889964
2017-01-15,05:45,17.4,17.5,12.3,86.9,0.13,S@3.8,6.4,32.4,0.0,0,"Orondo, Douglas County",330078,Orondo,2017-12-10 14:40:11.889964
2017-01-15,06:00,17.4,17.5,12.3,86.9,0.13,S@3.7,5.3,32.4,0.0,0,"Orondo, Douglas County",330078,Orondo,2017-12-10 14:40:11.889964
2017-01-15,06:15,17.2,17.3,11.9,86.2,0.13,S@5.5,8.9,32.4,0.0,0,"Orondo, Douglas County",330078,Orondo,2017-12-10 14:40:11.889964
2017-01-15,06:30,17.0,17.1,11.7,86.2,0.13,S@4.8,8.5,32.4,0.0,0,"Orondo, Douglas County",330078,Orondo,2017-12-10 14:40:11.889964
2017-01-15,06:45,16.8,16.9,11.6,86.7,0.14,S@4.2,8.5,32.4,0.0,0,"Orondo, Douglas County",330078,Orondo,2017-12-10 14:40:11.889964
2017-01-15,07:00,16.6,16.8,11.4,86.6,0.13,S@4.6,7.4,32.4,0.0,0,"Orondo, Douglas County",330078,Orondo,2017-12-10 14:40:11.889964
2017-01-15,07:15,16.7,16.8,11.5,86.7,0.14,S@3.4,4.9,32.4,0.0,0,"Orondo, Douglas County",330078,Orondo,2017-12-10 14:40:11.889964
2017-01-15,07:30,16.7,16.8,11.3,86.0,0.13,S@5.2,7.4,32.4,0.0,0,"Orondo, Douglas County",330078,Orondo,2017-12-10 14:40:11.889964
2017-01-15,07:45,16.5,16.6,11.2,86.5,0.14,S@4.4,8.2,32.4,0.0,2,"Orondo, Douglas County",330078,Orondo,2017-12-10 14:40:11.889964
2017-01-15,08:00,16.3,16.4,11.0,86.3,0.13,S@4.0,6.4,32.4,0.0,4,"Orondo, Douglas County",330078,Orondo,2017-12-10 14:40:11.889964
2017-01-15,08:15,16.3,16.4,11.1,86.5,0.14,S@4.0,6.0,32.4,0.0,11,"Orondo, Douglas County",330078,Orondo,2017-12-10 14:40:11.889964
2017-01-15,08:30,16.4,16.5,11.1,86.3,0.13,S@3.6,5.3,32.4,0.0,18,"Orondo, Douglas County",330078,Orondo,2017-12-10 14:40:11.889964
2017-01-15,08:45,16.4,16.4,10.9,85.9,0.13,S@4.1,6.0,32.4,0.0,27,"Orondo, Douglas County",330078,Orondo,2017-12-10 14:40:11.889964
2017-01-15,09:00,16.4,16.4,10.9,85.8,0.13,S@4.1,6.7,32.4,0.0,40,"Orondo, Douglas County",330078,Orondo,2017-12-10 14:40:11.889964
2017-01-15,09:15,16.5,16.5,10.8,84.9,0.12,S@4.0,6.0,32.4,0.0,54,"Orondo, Douglas County",330078,Orondo,2017-12-10 14:40:11.889964
2017-01-15,09:30,16.6,16.6,10.8,84.3,0.12,S@4.5,7.8,32.4,0.0,67,"Orondo, Douglas County",330078,Orondo,2017-12-10 14:40:11.889964
2017-01-15,09:45,16.8,16.8,11.0,84.3,0.12,S@4.1,6.7,32.4,0.0,78,"Orondo, Douglas County",330078,Orondo,2017-12-10 14:40:11.889964
2017-01-15,10:00,16.9,16.8,11.0,84.0,0.12,S@5.0,8.2,32.4,0.0,90,"Orondo, Douglas County",330078,Orondo,2017-12-10 14:40:11.889964
2017-01-15,10:15,16.8,16.8,10.8,83.7,0.11,S@5.1,8.2,32.4,0.0,101,"Orondo, Douglas County",330078,Orondo,2017-12-10 14:40:11.889964
2017-01-15,10:30,17.0,16.9,10.9,83.4,0.11,S@5.1,7.8,32.4,0.0,111,"Orondo, Douglas County",330078,Orondo,2017-12-10 14:40:11.889964
2017-01-15,10:45,17.1,17.1,11.0,83.3,0.11,S@4.7,7.1,32.4,0.0,119,"Orondo, Douglas County",330078,Orondo,2017-12-10 14:40:11.889964
2017-01-15,11:00,17.4,17.3,11.3,83.1,0.1,S@4.1,6.7,32.4,0.0,134,"Orondo, Douglas County",330078,Orondo,2017-12-10 14:40:11.889964
2017-01-15,11:15,17.7,17.7,11.4,82.2,0.1,S@3.8,6.0,32.4,0.0,143,"Orondo, Douglas County",330078,Orondo,2017-12-10 14:40:11.889964
2017-01-15,11:30,17.9,17.8,11.6,82.3,0.1,SW@4.4,7.1,32.4,0.0,155,"Orondo, Douglas County",330078,Orondo,2017-12-10 14:40:11.889964
2017-01-15,11:45,17.8,17.7,11.5,82.1,0.09,SW@4.8,7.8,32.4,0.0,157,"Orondo, Douglas County",330078,Orondo,2017-12-10 14:40:11.889964
2017-01-15,12:00,17.9,17.7,11.5,81.9,0.09,SW@4.5,7.8,32.4,0.0,164,"Orondo, Douglas County",330078,Orondo,2017-12-10 14:40:11.889964
2017-01-15,12:15,18.0,17.9,11.6,81.7,0.09,SW@4.4,7.4,32.4,0.0,168,"Orondo, Douglas County",330078,Orondo,2017-12-10 14:40:11.889964
2017-01-15,12:30,18.1,18.0,11.4,80.9,0.08,SW@4.1,6.4,32.4,0.0,159,"Orondo, Douglas County",330078,Orondo,2017-12-10 14:40:11.889964
2017-01-15,12:45,18.0,17.9,11.2,80.6,0.08,S@3.9,7.1,32.4,0.0,165,"Orondo, Douglas County",330078,Orondo,2017-12-10 14:40:11.889964
2017-01-15,13:00,18.1,17.9,11.1,79.8,0.08,SW@4.4,7.1,32.4,0.0,156,"Orondo, Douglas County",330078,Orondo,2017-12-10 14:40:11.889964
2017-01-15,13:15,17.9,17.8,11.0,80.1,0.07,SW@4.8,7.8,32.4,0.0,146,"Orondo, Douglas County",330078,Orondo,2017-12-10 14:40:11.889964
2017-01-15,13:30,17.3,17.2,10.2,79.5,0.07,S@5.3,9.2,32.4,0.0,130,"Orondo, Douglas County",330078,Orondo,2017-12-10 14:40:11.889964
2017-01-15,13:45,17.2,17.1,10.0,79.2,0.07,S@5.2,7.8,32.4,0.0,126,"Orondo, Douglas County",330078,Orondo,2017-12-10 14:40:11.889964
2017-01-15,14:00,17.3,17.3,10.1,79.1,0.07,SW@4.2,8.5,32.4,0.0,125,"Orondo, Douglas County",330078,Orondo,2017-12-10 14:40:11.889964
2017-01-15,14:15,17.5,17.5,10.2,78.8,0.07,SW@4.3,6.4,32.4,0.0,126,"Orondo, Douglas County",330078,Orondo,2017-12-10 14:40:11.889964
2017-01-15,14:30,17.6,17.5,10.1,78.3,0.07,SW@4.7,7.4,32.4,0.0,123,"Orondo, Douglas County",330078,Orondo,2017-12-10 14:40:11.889964
2017-01-15,14:45,17.3,17.3,9.8,78.2,0.06,SW@4.7,7.8,32.4,0.0,97,"Orondo, Douglas County",330078,Orondo,2017-12-10 14:40:11.889964
2017-01-15,15:00,17.1,17.1,9.5,78.0,0.06,SW@5.8,8.9,32.4,0.0,76,"Orondo, Douglas County",330078,Orondo,2017-12-10 14:40:11.889964
2017-01-15,15:15,16.9,16.9,9.5,78.8,0.06,SW@5.0,8.9,32.4,0.0,40,"Orondo, Douglas County",330078,Orondo,2017-12-10 14:40:11.889964
2017-01-15,15:30,16.7,16.8,9.5,79.1,0.07,S@4.4,7.1,32.4,0.0,36,"Orondo, Douglas County",330078,Orondo,2017-12-10 14:40:11.889964
2017-01-15,15:45,16.6,16.6,9.4,79.5,0.07,S@4.5,8.2,32.4,0.0,27,"Orondo, Douglas County",330078,Orondo,2017-12-10 14:40:11.889964
2017-01-15,16:00,16.5,16.6,9.4,79.7,0.07,S@3.9,6.4,32.4,0.0,24,"Orondo, Douglas County",330078,Orondo,2017-12-10 14:40:11.889964
2017-01-15,16:15,16.5,16.6,9.4,79.7,0.07,SW@4.0,6.7,32.4,0.0,18,"Orondo, Douglas County",330078,Orondo,2017-12-10 14:40:11.889964
2017-01-15,16:30,16.5,16.6,9.4,79.8,0.07,SW@5.1,7.4,32.4,0.0,12,"Orondo, Douglas County",330078,Orondo,2017-12-10 14:40:11.889964
2017-01-15,16:45,16.3,16.4,9.2,79.8,0.07,S@4.3,7.1,32.4,0.0,3,"Orondo, Douglas County",330078,Orondo,2017-12-10 14:40:11.889964
2017-01-15,17:00,16.2,16.3,9.0,79.5,0.07,S@3.4,5.7,32.4,0.0,1,"Orondo, Douglas County",330078,Orondo,2017-12-10 14:40:11.889964
2017-01-15,17:15,16.2,16.3,9.3,80.2,0.07,S@4.0,6.0,32.5,0.0,0,"Orondo, Douglas County",330078,Orondo,2017-12-10 14:40:11.889964
2017-01-15,17:30,16.2,16.3,9.4,80.7,0.07,S@3.7,6.0,32.5,0.0,0,"Orondo, Douglas County",330078,Orondo,2017-12-10 14:40:11.889964
2017-01-15,17:45,16.2,16.3,9.3,80.4,0.07,S@4.6,7.8,32.5,0.0,0,"Orondo, Douglas County",330078,Orondo,2017-12-10 14:40:11.889964
2017-01-15,18:00,16.1,16.2,8.9,79.5,0.07,S@4.8,6.7,32.5,0.0,0,"Orondo, Douglas County",330078,Orondo,2017-12-10 14:40:11.889964
2017-01-15,18:15,16.1,16.3,8.9,79.4,0.07,S@4.6,7.8,32.4,0.0,0,"Orondo, Douglas County",330078,Orondo,2017-12-10 14:40:11.889964
2017-01-15,18:30,16.1,16.2,8.9,79.8,0.07,S@3.9,6.0,32.4,0.0,0,"Orondo, Douglas County",330078,Orondo,2017-12-10 14:40:11.889964
2017-01-15,18:45,16.0,16.2,9.0,80.2,0.07,S@4.5,7.1,32.5,0.0,0,"Orondo, Douglas County",330078,Orondo,2017-12-10 14:40:11.889964
2017-01-15,19:00,16.1,16.2,8.9,79.7,0.07,S@4.3,6.0,32.5,0.0,0,"Orondo, Douglas County",330078,Orondo,2017-12-10 14:40:11.889964
2017-01-15,19:15,16.0,16.1,9.1,80.4,0.07,S@4.5,7.4,32.5,0.0,0,"Orondo, Douglas County",330078,Orondo,2017-12-10 14:40:11.889964
2017-01-15,19:30,16.0,16.1,9.1,80.5,0.08,S@4.7,6.7,32.5,0.0,0,"Orondo, Douglas County",330078,Orondo,2017-12-10 14:40:11.889964
2017-01-15,19:45,16.0,16.1,9.0,80.5,0.08,S@4.7,7.4,32.5,0.0,0,"Orondo, Douglas County",330078,Orondo,2017-12-10 14:40:11.889964
2017-01-15,20:00,16.0,16.1,9.2,80.9,0.08,S@4.9,7.1,32.5,0.0,0,"Orondo, Douglas County",330078,Orondo,2017-12-10 14:40:11.889964
2017-01-15,20:15,15.9,16.1,9.2,81.1,0.08,S@4.9,7.1,32.5,0.0,0,"Orondo, Douglas County",330078,Orondo,2017-12-10 14:40:11.889964
2017-01-15,20:30,15.9,16.0,8.9,80.4,0.08,S@4.4,6.0,32.5,0.0,0,"Orondo, Douglas County",330078,Orondo,2017-12-10 14:40:11.889964
2017-01-15,20:45,15.9,16.0,9.1,80.9,0.08,S@4.0,6.0,32.5,0.0,0,"Orondo, Douglas County",330078,Orondo,2017-12-10 14:40:11.889964
2017-01-15,21:00,15.8,16.0,8.8,80.2,0.08,S@5.1,7.4,32.5,0.0,0,"Orondo, Douglas County",330078,Orondo,2017-12-10 14:40:11.889964
2017-01-15,21:15,15.9,16.0,8.9,80.3,0.08,S@4.3,6.7,32.5,0.0,0,"Orondo, Douglas County",330078,Orondo,2017-12-10 14:40:11.889964
2017-01-15,21:30,16.0,16.1,9.0,80.1,0.08,S@3.7,5.3,32.5,0.0,0,"Orondo, Douglas County",330078,Orondo,2017-12-10 14:40:11.889964
2017-01-15,21:45,16.1,16.2,9.0,79.9,0.08,S@4.2,7.4,32.5,0.0,0,"Orondo, Douglas County",330078,Orondo,2017-12-10 14:40:11.889964
2017-01-15,22:00,16.0,16.1,8.9,79.7,0.08,S@3.9,6.4,32.5,0.0,0,"Orondo, Douglas County",330078,Orondo,2017-12-10 14:40:11.889964
2017-01-15,22:15,16.0,16.1,9.1,80.6,0.08,S@3.3,4.9,32.5,0.0,0,"Orondo, Douglas County",330078,Orondo,2017-12-10 14:40:11.889964
2017-01-15,22:30,16.1,16.2,9.3,80.9,0.08,S@4.0,6.0,32.5,0.0,0,"Orondo, Douglas County",330078,Orondo,2017-12-10 14:40:11.889964
2017-01-15,22:45,16.1,16.2,9.3,80.8,0.08,S@3.4,4.9,32.5,0.0,0,"Orondo, Douglas County",330078,Orondo,2017-12-10 14:40:11.889964
2017-01-15,23:00,16.2,16.3,9.5,81.3,0.08,S@4.0,6.4,32.5,0.0,0,"Orondo, Douglas County",330078,Orondo,2017-12-10 14:40:11.889964
2017-01-15,23:15,15.9,16.0,9.2,81.3,0.08,SW@5.4,8.9,32.5,0.0,0,"Orondo, Douglas County",330078,Orondo,2017-12-10 14:40:11.889964
2017-01-15,23:30,15.9,16.0,9.4,82.0,0.08,S@4.2,6.4,32.5,0.0,0,"Orondo, Douglas County",330078,Orondo,2017-12-10 14:40:11.889964
2017-01-15,23:45,15.9,16.0,9.3,81.6,0.08,S@4.5,6.4,32.5,0.0,0,"Orondo, Douglas County",330078,Orondo,2017-12-10 14:40:11.889964
2017-01-15,24:00,15.8,15.9,9.1,81.2,0.08,S@4.5,6.4,32.5,0.0,0,"Orondo, Douglas County",330078,Orondo,2017-12-10 14:40:11.889964
2017-01-16,00:15,15.9,16.0,9.3,81.7,0.08,S@4.1,6.0,32.5,0.0,0,"Orondo, Douglas County",330078,Orondo,2017-12-10 14:40:11.889964
2017-01-16,00:30,15.9,16.0,9.2,81.5,0.08,S@4.2,6.4,32.5,0.0,0,"Orondo, Douglas County",330078,Orondo,2017-12-10 14:40:11.889964
2017-01-16,00:45,16.0,16.1,9.5,82.2,0.09,S@4.2,6.4,32.5,0.0,0,"Orondo, Douglas County",330078,Orondo,2017-12-10 14:40:11.889964
2017-01-16,01:00,15.9,16.0,9.6,82.6,0.09,S@3.8,6.7,32.5,0.0,0,"Orondo, Douglas County",330078,Orondo,2017-12-10 14:40:11.889964
2017-01-16,01:15,15.9,16.0,9.7,82.8,0.09,S@2.8,5.3,32.5,0.0,0,"Orondo, Douglas County",330078,Orondo,2017-12-10 14:40:11.889964
2017-01-16,01:30,16.0,16.0,9.7,82.8,0.09,S@2.8,4.6,32.5,0.0,0,"Orondo, Douglas County",330078,Orondo,2017-12-10 14:40:11.889964
2017-01-16,01:45,15.9,16.0,9.6,82.7,0.09,S@3.7,6.4,32.5,0.0,0,"Orondo, Douglas County",330078,Orondo,2017-12-10 14:40:11.889964
2017-01-16,02:00,15.9,16.1,9.6,82.6,0.09,S@5.1,8.2,32.5,0.0,0,"Orondo, Douglas County",330078,Orondo,2017-12-10 14:40:11.889964
2017-01-16,02:15,15.9,16.0,9.7,83.0,0.09,S@3.9,6.7,32.5,0.0,0,"Orondo, Douglas County",330078,Orondo,2017-12-10 14:40:11.889964
2017-01-16,02:30,16.0,16.1,9.7,82.7,0.09,S@4.7,7.1,32.5,0.0,0,"Orondo, Douglas County",330078,Orondo,2017-12-10 14:40:11.889964
2017-01-16,02:45,15.9,16.0,9.2,81.4,0.09,S@4.1,6.0,32.5,0.0,0,"Orondo, Douglas County",330078,Orondo,2017-12-10 14:40:11.889964
2017-01-16,03:00,16.1,16.2,9.3,80.9,0.09,S@3.2,6.0,32.5,0.0,0,"Orondo, Douglas County",330078,Orondo,2017-12-10 14:40:11.889964
2017-01-16,03:15,16.1,16.2,9.6,81.8,0.09,S@4.1,6.7,32.5,0.0,0,"Orondo, Douglas County",330078,Orondo,2017-12-10 14:40:11.889964
2017-01-16,03:30,16.2,16.3,9.9,83.0,0.1,SW@4.0,7.1,32.5,0.0,0,"Orondo, Douglas County",330078,Orondo,2017-12-10 14:40:11.889964
2017-01-16,03:45,16.1,16.2,9.7,82.6,0.09,S@4.1,6.4,32.5,0.0,0,"Orondo, Douglas County",330078,Orondo,2017-12-10 14:40:11.889964
2017-01-16,04:00,15.8,15.9,9.5,82.7,0.09,S@3.0,4.2,32.5,0.0,0,"Orondo, Douglas County",330078,Orondo,2017-12-10 14:40:11.889964
2017-01-16,04:15,16.0,16.1,10.0,83.8,0.1,S@3.9,5.7,32.5,0.0,0,"Orondo, Douglas County",330078,Orondo,2017-12-10 14:40:11.889964
2017-01-16,04:30,16.0,16.0,9.8,83.4,0.1,S@4.4,7.4,32.5,0.0,0,"Orondo, Douglas County",330078,Orondo,2017-12-10 14:40:11.889964
2017-01-16,04:45,15.8,15.9,9.8,83.7,0.1,S@4.5,7.4,32.5,0.0,0,"Orondo, Douglas County",330078,Orondo,2017-12-10 14:40:11.889964
2017-01-16,05:00,15.8,15.9,9.6,83.4,0.1,S@4.6,7.1,32.5,0.0,0,"Orondo, Douglas County",330078,Orondo,2017-12-10 14:40:11.889964
2017-01-16,05:15,15.8,15.9,9.6,83.2,0.1,S@4.5,6.7,32.5,0.0,0,"Orondo, Douglas County",330078,Orondo,2017-12-10 14:40:11.889964
2017-01-16,05:30,15.8,15.9,9.6,83.1,0.1,S@4.6,7.8,32.5,0.0,0,"Orondo, Douglas County",330078,Orondo,2017-12-10 14:40:11.889964
2017-01-16,05:45,15.7,15.8,9.6,83.7,0.1,S@4.9,7.1,32.5,0.0,0,"Orondo, Douglas County",330078,Orondo,2017-12-10 14:40:11.889964
2017-01-16,06:00,15.6,15.7,9.7,84.2,0.1,S@3.9,6.4,32.5,0.0,0,"Orondo, Douglas County",330078,Orondo,2017-12-10 14:40:11.889964
2017-01-16,06:15,15.6,15.7,9.6,84.0,0.1,S@3.8,5.3,32.5,0.0,0,"Orondo, Douglas County",330078,Orondo,2017-12-10 14:40:11.889964
2017-01-16,06:30,15.6,15.7,9.6,84.2,0.1,S@3.5,4.9,32.5,0.0,0,"Orondo, Douglas County",330078,Orondo,2017-12-10 14:40:11.889964
2017-01-16,06:45,15.6,15.7,9.7,84.2,0.11,S@4.4,6.7,32.5,0.0,0,"Orondo, Douglas County",330078,Orondo,2017-12-10 14:40:11.889964
2017-01-16,07:00,15.6,15.6,9.6,84.2,0.11,S@3.0,4.9,32.5,0.0,0,"Orondo, Douglas County",330078,Orondo,2017-12-10 14:40:11.889964
2017-01-16,07:15,15.6,15.7,9.6,84.1,0.11,S@3.4,6.4,32.5,0.0,0,"Orondo, Douglas County",330078,Orondo,2017-12-10 14:40:11.889964
2017-01-16,07:30,15.5,15.6,9.5,84.1,0.11,S@4.9,7.1,32.5,0.0,1,"Orondo, Douglas County",330078,Orondo,2017-12-10 14:40:11.889964
2017-01-16,07:45,15.5,15.6,9.5,83.9,0.11,S@3.5,5.7,32.5,0.0,2,"Orondo, Douglas County",330078,Orondo,2017-12-10 14:40:11.889964
2017-01-16,08:00,15.5,15.6,9.4,83.6,0.11,S@5.0,7.8,32.5,0.0,4,"Orondo, Douglas County",330078,Orondo,2017-12-10 14:40:11.889964
2017-01-16,08:15,15.6,15.7,9.4,83.4,0.11,S@4.8,7.4,32.5,0.0,11,"Orondo, Douglas County",330078,Orondo,2017-12-10 14:40:11.889964
2017-01-16,08:30,15.8,15.8,9.6,83.4,0.11,SW@3.6,6.7,32.5,0.0,16,"Orondo, Douglas County",330078,Orondo,2017-12-10 14:40:11.889964
2017-01-16,08:45,15.9,15.9,9.7,83.3,0.11,S@3.6,5.7,32.5,0.0,26,"Orondo, Douglas County",330078,Orondo,2017-12-10 14:40:11.889964
2017-01-16,09:00,15.9,16.0,9.9,83.6,0.11,SW@4.3,6.7,32.5,0.0,42,"Orondo, Douglas County",330078,Orondo,2017-12-10 14:40:11.889964
2017-01-16,09:15,16.1,16.2,10.1,83.7,0.11,SW@4.7,7.1,32.5,0.0,46,"Orondo, Douglas County",330078,Orondo,2017-12-10 14:40:11.889964
2017-01-16,09:30,16.1,16.1,10.0,83.4,0.1,S@4.1,6.0,32.5,0.0,47,"Orondo, Douglas County",330078,Orondo,2017-12-10 14:40:11.889964
2017-01-16,09:45,16.3,16.3,10.1,82.9,0.1,S@3.2,5.7,32.5,0.0,64,"Orondo, Douglas County",330078,Orondo,2017-12-10 14:40:11.889964
2017-01-16,10:00,16.6,16.6,10.1,81.8,0.1,S@3.3,5.3,32.5,0.0,82,"Orondo, Douglas County",330078,Orondo,2017-12-10 14:40:11.889964
2017-01-16,10:15,16.8,16.8,10.0,80.7,0.09,S@2.8,4.6,32.5,0.0,99,"Orondo, Douglas County",330078,Orondo,2017-12-10 14:40:11.889964
2017-01-16,10:30,17.0,16.9,10.2,80.7,0.09,S@3.5,5.3,32.5,0.0,115,"Orondo, Douglas County",330078,Orondo,2017-12-10 14:40:11.889964
2017-01-16,10:45,17.2,17.1,10.4,80.7,0.09,S@4.0,6.0,32.5,0.0,130,"Orondo, Douglas County",330078,Orondo,2017-12-10 14:40:11.889964
2017-01-16,11:00,17.1,17.0,10.2,80.1,0.08,S@4.4,6.4,32.4,0.0,134,"Orondo, Douglas County",330078,Orondo,2017-12-10 14:40:11.889964
2017-01-16,11:15,17.6,17.5,10.7,80.1,0.08,SW@4.1,6.7,32.4,0.0,144,"Orondo, Douglas County",330078,Orondo,2017-12-10 14:40:11.889964
2017-01-16,11:30,17.9,17.9,10.9,79.6,0.08,SW@3.3,6.0,32.4,0.0,146,"Orondo, Douglas County",330078,Orondo,2017-12-10 14:40:11.889964
2017-01-16,11:45,18.0,18.0,10.7,78.6,0.08,SW@3.6,5.3,32.4,0.0,154,"Orondo, Douglas County",330078,Orondo,2017-12-10 14:40:11.889964
2017-01-16,12:00,18.0,17.9,10.5,78.3,0.07,SW@3.4,6.0,32.4,0.0,157,"Orondo, Douglas County",330078,Orondo,2017-12-10 14:40:11.889964
2017-01-16,12:15,18.0,17.9,10.7,78.6,0.07,S@3.9,6.0,32.4,0.0,153,"Orondo, Douglas County",330078,Orondo,2017-12-10 14:40:11.889964
2017-01-16,12:30,18.0,17.9,10.6,78.1,0.07,SW@3.4,5.7,32.4,0.0,156,"Orondo, Douglas County",330078,Orondo,2017-12-10 14:40:11.889964
2017-01-16,12:45,18.4,18.3,10.8,77.6,0.07,S@3.2,5.3,32.4,0.0,159,"Orondo, Douglas County",330078,Orondo,2017-12-10 14:40:11.889964
2017-01-16,13:00,18.3,18.2,10.6,77.3,0.06,S@2.7,4.2,32.4,0.0,175,"Orondo, Douglas County",330078,Orondo,2017-12-10 14:40:11.889964
2017-01-16,13:15,18.8,18.7,11.1,76.9,0.06,S@2.8,5.7,32.4,0.0,162,"Orondo, Douglas County",330078,Orondo,2017-12-10 14:40:11.889964
2017-01-16,13:30,18.4,18.3,10.8,77.8,0.06,S@3.2,5.7,32.4,0.0,143,"Orondo, Douglas County",330078,Orondo,2017-12-10 14:40:11.889964
2017-01-16,13:45,18.5,18.4,10.9,77.5,0.06,S@2.8,5.3,32.4,0.0,144,"Orondo, Douglas County",330078,Orondo,2017-12-10 14:40:11.889964
2017-01-16,14:00,18.4,18.4,10.7,77.1,0.05,S@3.1,4.6,32.4,0.0,128,"Orondo, Douglas County",330078,Orondo,2017-12-10 14:40:11.889964
2017-01-16,14:15,18.3,18.3,10.8,77.7,0.05,S@3.2,4.2,32.4,0.0,109,"Orondo, Douglas County",330078,Orondo,2017-12-10 14:40:11.889964
2017-01-16,14:30,18.3,18.2,10.7,77.8,0.05,S@3.0,4.2,32.4,0.0,96,"Orondo, Douglas County",330078,Orondo,2017-12-10 14:40:11.889964
2017-01-16,14:45,18.3,18.3,10.9,78.2,0.06,S@3.0,4.9,32.4,0.0,96,"Orondo, Douglas County",330078,Orondo,2017-12-10 14:40:11.889964
2017-01-16,15:00,18.1,18.1,10.7,78.1,0.06,S@3.1,4.6,32.4,0.0,73,"Orondo, Douglas County",330078,Orondo,2017-12-10 14:40:11.889964
2017-01-16,15:15,18.2,18.2,10.6,77.7,0.06,SE@3.1,4.9,32.4,0.0,80,"Orondo, Douglas County",330078,Orondo,2017-12-10 14:40:11.889964
2017-01-16,15:30,18.2,18.2,10.7,78.1,0.06,S@3.1,5.3,32.4,0.0,57,"Orondo, Douglas County",330078,Orondo,2017-12-10 14:40:11.889964
2017-01-16,15:45,18.1,18.1,10.6,78.0,0.06,SE@2.9,4.2,32.4,0.0,41,"Orondo, Douglas County",330078,Orondo,2017-12-10 14:40:11.889964
2017-01-16,16:00,18.0,18.1,10.6,78.2,0.06,S@3.0,4.2,32.4,0.0,35,"Orondo, Douglas County",330078,Orondo,2017-12-10 14:40:11.889964
2017-01-16,16:15,17.8,17.9,10.5,78.7,0.06,SE@3.4,4.9,32.4,0.0,21,"Orondo, Douglas County",330078,Orondo,2017-12-10 14:40:11.889964
2017-01-16,16:30,17.6,17.7,10.4,79.0,0.06,S@3.3,4.6,32.4,0.0,12,"Orondo, Douglas County",330078,Orondo,2017-12-10 14:40:11.889964
2017-01-16,16:45,17.5,17.6,10.4,79.5,0.06,S@3.5,5.7,32.4,0.0,4,"Orondo, Douglas County",330078,Orondo,2017-12-10 14:40:11.889964
2017-01-16,17:00,17.4,17.5,10.3,79.6,0.06,S@3.4,5.7,32.4,0.0,1,"Orondo, Douglas County",330078,Orondo,2017-12-10 14:40:11.889964
2017-01-16,17:15,17.2,17.3,10.1,79.5,0.06,S@3.6,4.9,32.4,0.0,0,"Orondo, Douglas County",330078,Orondo,2017-12-10 14:40:11.889964
2017-01-16,17:30,17.1,17.2,9.9,79.3,0.07,S@3.9,5.7,32.4,0.0,0,"Orondo, Douglas County",330078,Orondo,2017-12-10 14:40:11.889964
2017-01-16,17:45,17.0,17.1,9.9,79.6,0.07,S@3.2,4.9,32.4,0.0,0,"Orondo, Douglas County",330078,Orondo,2017-12-10 14:40:11.889964
2017-01-16,18:00,17.0,17.1,10.0,79.9,0.07,SE@1.8,3.1,32.4,0.0,0,"Orondo, Douglas County",330078,Orondo,2017-12-10 14:40:11.889964
2017-01-16,18:15,17.1,17.1,10.2,80.2,0.07,S@2.7,4.6,32.4,0.0,0,"Orondo, Douglas County",330078,Orondo,2017-12-10 14:40:11.889964
2017-01-16,18:30,16.6,16.7,9.5,79.5,0.07,S@4.0,6.4,32.4,0.0,0,"Orondo, Douglas County",330078,Orondo,2017-12-10 14:40:11.889964
2017-01-16,18:45,16.3,16.4,9.0,79.1,0.07,S@3.6,6.0,32.4,0.0,0,"Orondo, Douglas County",330078,Orondo,2017-12-10 14:40:11.889964
2017-01-16,19:00,16.1,16.2,9.2,80.4,0.08,SE@2.9,4.2,32.4,0.0,0,"Orondo, Douglas County",330078,Orondo,2017-12-10 14:40:11.889964
2017-01-16,19:15,16.1,16.2,9.2,80.6,0.08,S@2.9,4.6,32.4,0.0,0,"Orondo, Douglas County",330078,Orondo,2017-12-10 14:40:11.889964
2017-01-16,19:30,16.0,16.1,9.0,80.0,0.08,SE@3.3,4.9,32.4,0.0,0,"Orondo, Douglas County",330078,Orondo,2017-12-10 14:40:11.889964
2017-01-16,19:45,16.0,16.1,8.9,79.9,0.08,S@3.6,6.0,32.4,0.0,0,"Orondo, Douglas County",330078,Orondo,2017-12-10 14:40:11.889964
2017-01-16,20:00,16.1,16.2,9.0,80.0,0.08,S@2.7,4.6,32.4,0.0,0,"Orondo, Douglas County",330078,Orondo,2017-12-10 14:40:11.889964
2017-01-16,20:15,16.1,16.1,8.9,79.8,0.08,S@3.2,4.9,32.4,0.0,0,"Orondo, Douglas County",330078,Orondo,2017-12-10 14:40:11.889964
2017-01-16,20:30,15.9,16.0,9.0,80.5,0.08,S@4.6,6.4,32.4,0.0,0,"Orondo, Douglas County",330078,Orondo,2017-12-10 14:40:11.889964
2017-01-16,20:45,15.9,16.0,9.0,80.8,0.08,S@4.5,6.4,32.4,0.0,0,"Orondo, Douglas County",330078,Orondo,2017-12-10 14:40:11.889964
2017-01-16,21:00,16.1,16.2,9.2,80.4,0.08,S@3.3,5.7,32.4,0.0,0,"Orondo, Douglas County",330078,Orondo,2017-12-10 14:40:11.889964
2017-01-16,21:15,15.9,16.0,9.0,80.4,0.08,S@3.9,5.7,32.4,0.0,0,"Orondo, Douglas County",330078,Orondo,2017-12-10 14:40:11.889964
2017-01-16,21:30,16.0,16.1,9.0,80.2,0.08,SW@4.6,7.4,32.4,0.0,0,"Orondo, Douglas County",330078,Orondo,2017-12-10 14:40:11.889964
2017-01-16,21:45,15.9,16.0,9.0,80.6,0.08,S@4.3,6.4,32.4,0.0,0,"Orondo, Douglas County",330078,Orondo,2017-12-10 14:40:11.889964
2017-01-16,22:00,15.9,16.0,8.9,80.4,0.08,S@3.8,6.0,32.4,0.0,0,"Orondo, Douglas County",330078,Orondo,2017-12-10 14:40:11.889964
2017-01-16,22:15,15.9,16.0,9.0,80.4,0.08,S@3.4,5.3,32.4,0.0,0,"Orondo, Douglas County",330078,Orondo,2017-12-10 14:40:11.889964
2017-01-16,22:30,15.8,15.9,8.9,80.8,0.08,S@3.8,6.7,32.4,0.0,0,"Orondo, Douglas County",330078,Orondo,2017-12-10 14:40:11.889964
2017-01-16,22:45,15.8,15.9,9.0,81.1,0.08,S@3.5,5.3,32.4,0.0,0,"Orondo, Douglas County",330078,Orondo,2017-12-10 14:40:11.889964
2017-01-16,23:00,15.9,16.0,9.3,81.6,0.08,S@3.1,5.7,32.4,0.0,0,"Orondo, Douglas County",330078,Orondo,2017-12-10 14:40:11.889964
2017-01-16,23:15,15.9,16.0,9.2,81.3,0.08,S@3.7,5.3,32.4,0.0,0,"Orondo, Douglas County",330078,Orondo,2017-12-10 14:40:11.889964
2017-01-16,23:30,15.8,15.9,9.3,81.8,0.08,S@3.6,4.9,32.4,0.0,0,"Orondo, Douglas County",330078,Orondo,2017-12-10 14:40:11.889964
2017-01-16,23:45,15.8,15.9,9.1,81.4,0.08,S@3.5,4.9,32.4,0.0,0,"Orondo, Douglas County",330078,Orondo,2017-12-10 14:40:11.889964
2017-01-16,24:00,15.9,16.0,9.2,81.5,0.08,S@3.6,5.7,32.4,0.0,0,"Orondo, Douglas County",330078,Orondo,2017-12-10 14:40:11.889964
2017-01-17,00:15,15.8,15.9,9.2,81.8,0.08,S@3.5,5.3,32.4,0.0,0,"Orondo, Douglas County",330078,Orondo,2017-12-10 14:40:11.889964
2017-01-17,00:30,15.6,15.6,9.1,82.2,0.08,S@3.5,5.7,32.4,0.0,0,"Orondo, Douglas County",330078,Orondo,2017-12-10 14:40:11.889964
2017-01-17,00:45,15.2,15.2,8.8,82.8,0.08,S@3.2,5.3,32.4,0.0,0,"Orondo, Douglas County",330078,Orondo,2017-12-10 14:40:11.889964
2017-01-17,01:00,14.8,14.9,8.5,83.0,0.09,S@3.2,4.6,32.4,0.0,0,"Orondo, Douglas County",330078,Orondo,2017-12-10 14:40:11.889964
2017-01-17,01:15,14.7,14.8,8.6,83.5,0.09,S@3.2,4.6,32.4,0.0,0,"Orondo, Douglas County",330078,Orondo,2017-12-10 14:40:11.889964
2017-01-17,01:30,14.8,14.9,8.4,82.7,0.09,S@3.6,6.7,32.5,0.0,0,"Orondo, Douglas County",330078,Orondo,2017-12-10 14:40:11.889964
2017-01-17,01:45,14.6,14.7,8.1,82.2,0.09,S@3.8,5.3,32.5,0.0,0,"Orondo, Douglas County",330078,Orondo,2017-12-10 14:40:11.889964
2017-01-17,02:00,14.7,14.8,8.2,82.4,0.09,S@4.0,6.4,32.5,0.0,0,"Orondo, Douglas County",330078,Orondo,2017-12-10 14:40:11.889964
2017-01-17,02:15,14.8,14.9,8.4,82.7,0.09,S@3.8,6.0,32.4,0.0,0,"Orondo, Douglas County",330078,Orondo,2017-12-10 14:40:11.889964
2017-01-17,02:30,14.7,14.8,8.2,82.5,0.09,S@3.9,5.7,32.5,0.0,0,"Orondo, Douglas County",330078,Orondo,2017-12-10 14:40:11.889964
2017-01-17,02:45,15.0,15.1,8.6,82.8,0.09,S@4.1,6.4,32.5,0.0,0,"Orondo, Douglas County",330078,Orondo,2017-12-10 14:40:11.889964
2017-01-17,03:00,15.1,15.2,8.7,82.6,0.09,S@3.0,4.6,32.5,0.0,0,"Orondo, Douglas County",330078,Orondo,2017-12-10 14:40:11.889964
2017-01-17,03:15,15.2,15.3,8.7,82.3,0.09,S@2.9,5.3,32.5,0.0,0,"Orondo, Douglas County",330078,Orondo,2017-12-10 14:40:11.889964
2017-01-17,03:30,15.5,15.6,8.6,80.7,0.08,S@3.6,5.7,32.5,0.0,0,"Orondo, Douglas County",330078,Orondo,2017-12-10 14:40:11.889964
2017-01-17,03:45,15.4,15.5,8.5,80.5,0.08,S@3.9,6.4,32.5,0.0,0,"Orondo, Douglas County",330078,Orondo,2017-12-10 14:40:11.889964
2017-01-17,04:00,15.6,15.7,8.9,81.3,0.08,S@3.3,5.3,32.4,0.0,0,"Orondo, Douglas County",330078,Orondo,2017-12-10 14:40:11.889964
2017-01-17,04:15,15.7,15.8,9.1,81.5,0.08,S@3.4,5.3,32.5,0.0,0,"Orondo, Douglas County",330078,Orondo,2017-12-10 14:40:11.889964
2017-01-17,04:30,15.6,15.7,9.0,81.7,0.09,S@4.0,5.7,32.5,0.0,0,"Orondo, Douglas County",330078,Orondo,2017-12-10 14:40:11.889964
2017-01-17,04:45,15.5,15.6,9.1,82.3,0.09,S@3.3,5.7,32.5,0.0,0,"Orondo, Douglas County",330078,Orondo,2017-12-10 14:40:11.889964
2017-01-17,05:00,15.7,15.8,9.1,81.8,0.09,S@2.9,4.6,32.5,0.0,0,"Orondo, Douglas County",330078,Orondo,2017-12-10 14:40:11.889964
2017-01-17,05:15,15.8,15.9,9.3,81.8,0.09,S@3.2,4.9,32.5,0.0,0,"Orondo, Douglas County",330078,Orondo,2017-12-10 14:40:11.889964
2017-01-17,05:30,15.9,16.0,9.2,81.4,0.09,S@3.5,6.0,32.5,0.0,0,"Orondo, Douglas County",330078,Orondo,2017-12-10 14:40:11.889964
2017-01-17,05:45,16.1,16.2,9.6,82.1,0.09,S@2.8,3.9,32.4,0.0,0,"Orondo, Douglas County",330078,Orondo,2017-12-10 14:40:11.889964
2017-01-17,06:00,16.2,16.2,9.7,82.1,0.09,S@2.5,4.2,32.5,0.0,0,"Orondo, Douglas County",330078,Orondo,2017-12-10 14:40:11.889964
2017-01-17,06:15,16.2,16.3,10.0,82.9,0.09,S@3.6,6.7,32.5,0.0,0,"Orondo, Douglas County",330078,Orondo,2017-12-10 14:40:11.889964
2017-01-17,06:30,16.2,16.3,9.8,82.6,0.09,S@3.6,5.3,32.4,0.0,0,"Orondo, Douglas County",330078,Orondo,2017-12-10 14:40:11.889964
2017-01-17,06:45,16.2,16.3,9.9,82.7,0.09,SW@3.0,4.6,32.5,0.0,0,"Orondo, Douglas County",330078,Orondo,2017-12-10 14:40:11.889964
2017-01-17,07:00,16.2,16.3,9.8,82.1,0.09,SE@2.6,4.2,32.5,0.0,0,"Orondo, Douglas County",330078,Orondo,2017-12-10 14:40:11.889964
2017-01-17,07:15,16.3,16.4,9.9,82.2,0.09,S@3.1,4.9,32.5,0.0,0,"Orondo, Douglas County",330078,Orondo,2017-12-10 14:40:11.889964
2017-01-17,07:30,16.3,16.4,9.9,82.2,0.09,S@3.1,4.9,32.4,0.0,0,"Orondo, Douglas County",330078,Orondo,2017-12-10 14:40:11.889964
2017-01-17,07:45,16.3,16.4,9.8,81.8,0.09,S@3.2,5.3,32.5,0.0,2,"Orondo, Douglas County",330078,Orondo,2017-12-10 14:40:11.889964
2017-01-17,08:00,15.9,16.0,9.2,81.4,0.09,S@3.6,6.0,32.4,0.0,4,"Orondo, Douglas County",330078,Orondo,2017-12-10 14:40:11.889964
2017-01-17,08:15,16.1,16.2,9.5,81.5,0.09,S@2.7,4.9,32.4,0.0,12,"Orondo, Douglas County",330078,Orondo,2017-12-10 14:40:11.889964
2017-01-17,08:30,16.1,16.2,9.2,80.7,0.08,S@3.9,7.4,32.4,0.0,25,"Orondo, Douglas County",330078,Orondo,2017-12-10 14:40:11.889964
2017-01-17,08:45,16.2,16.3,9.4,80.6,0.08,SW@3.8,5.3,32.4,0.0,47,"Orondo, Douglas County",330078,Orondo,2017-12-10 14:40:11.889964
2017-01-17,09:00,16.9,16.9,9.7,79.3,0.08,S@3.4,5.7,32.4,0.0,86,"Orondo, Douglas County",330078,Orondo,2017-12-10 14:40:11.889964
2017-01-17,09:15,16.8,16.8,9.6,79.2,0.08,S@4.4,6.7,32.4,0.0,98,"Orondo, Douglas County",330078,Orondo,2017-12-10 14:40:11.889964
2017-01-17,09:30,16.9,16.8,9.5,78.9,0.07,SW@3.8,6.4,32.4,0.0,100,"Orondo, Douglas County",330078,Orondo,2017-12-10 14:40:11.889964
2017-01-17,09:45,17.2,17.1,9.2,76.5,0.07,S@3.7,6.0,32.4,0.0,141,"Orondo, Douglas County",330078,Orondo,2017-12-10 14:40:11.889964
2017-01-17,10:00,17.7,17.5,9.6,75.8,0.07,SW@4.5,7.1,32.4,0.0,207,"Orondo, Douglas County",330078,Orondo,2017-12-10 14:40:11.889964
2017-01-17,10:15,18.3,18.1,9.6,74.1,0.06,SW@4.4,6.7,32.4,0.0,231,"Orondo, Douglas County",330078,Orondo,2017-12-10 14:40:11.889964
2017-01-17,10:30,18.2,18.0,9.9,75.1,0.06,S@4.6,7.4,32.4,0.0,218,"Orondo, Douglas County",330078,Orondo,2017-12-10 14:40:11.889964
2017-01-17,10:45,19.0,18.8,10.1,73.1,0.06,S@3.3,5.7,32.4,0.0,246,"Orondo, Douglas County",330078,Orondo,2017-12-10 14:40:11.889964
2017-01-17,11:00,19.3,19.3,10.1,71.9,0.03,S@2.6,4.6,32.4,0.0,193,"Orondo, Douglas County",330078,Orondo,2017-12-10 14:40:11.889964
2017-01-17,11:15,18.5,18.5,9.6,73.0,0.0,S@2.7,4.2,32.4,0.0,136,"Orondo, Douglas County",330078,Orondo,2017-12-10 14:40:11.889964
2017-01-17,11:30,20.0,19.8,10.3,70.3,0.0,S@3.0,6.0,32.4,0.0,284,"Orondo, Douglas County",330078,Orondo,2017-12-10 14:40:11.889964
2017-01-17,11:45,20.2,20.0,10.1,68.8,0.0,SW@3.8,7.4,32.4,0.0,291,"Orondo, Douglas County",330078,Orondo,2017-12-10 14:40:11.889964
2017-01-17,12:00,19.6,19.5,10.0,70.4,0.0,SW@3.9,7.8,32.4,0.0,190,"Orondo, Douglas County",330078,Orondo,2017-12-10 14:40:11.889964
2017-01-17,12:15,19.9,19.7,9.9,69.1,0.0,W@3.2,6.7,32.4,0.0,248,"Orondo, Douglas County",330078,Orondo,2017-12-10 14:40:11.889964
2017-01-17,12:30,20.0,19.8,9.9,69.0,0.0,SW@2.9,4.9,32.4,0.0,223,"Orondo, Douglas County",330078,Orondo,2017-12-10 14:40:11.889964
2017-01-17,12:45,20.0,19.9,10.1,69.6,0.0,SW@3.0,7.4,32.4,0.0,223,"Orondo, Douglas County",330078,Orondo,2017-12-10 14:40:11.889964
2017-01-17,13:00,20.8,20.7,10.6,68.6,0.0,SW@2.3,4.6,32.4,0.0,226,"Orondo, Douglas County",330078,Orondo,2017-12-10 14:40:11.889964
2017-01-17,13:15,20.2,20.2,10.2,69.4,0.0,S@1.9,3.9,32.4,0.0,162,"Orondo, Douglas County",330078,Orondo,2017-12-10 14:40:11.889964
2017-01-17,13:30,20.4,20.4,10.3,68.8,0.0,W@2.0,4.6,32.4,0.0,169,"Orondo, Douglas County",330078,Orondo,2017-12-10 14:40:11.889964
2017-01-17,13:45,20.2,20.2,10.1,69.1,0.0,SW@2.4,5.7,32.4,0.0,141,"Orondo, Douglas County",330078,Orondo,2017-12-10 14:40:11.889964
2017-01-17,14:00,19.7,19.7,10.3,71.1,0.02,S@2.9,4.9,32.4,0.0,97,"Orondo, Douglas County",330078,Orondo,2017-12-10 14:40:11.889964
2017-01-17,14:15,19.9,19.9,10.6,71.8,0.12,SE@2.1,3.9,32.4,0.0,84,"Orondo, Douglas County",330078,Orondo,2017-12-10 14:40:11.889964
2017-01-17,14:30,19.7,19.8,10.8,72.8,0.13,SE@2.1,3.5,32.4,0.0,67,"Orondo, Douglas County",330078,Orondo,2017-12-10 14:40:11.889964
2017-01-17,14:45,19.9,20.0,10.8,72.1,0.16,E@1.1,2.4,32.4,0.0,72,"Orondo, Douglas County",330078,Orondo,2017-12-10 14:40:11.889964
2017-01-17,15:00,20.1,20.2,11.3,73.3,0.18,SE@1.8,4.2,32.4,0.0,64,"Orondo, Douglas County",330078,Orondo,2017-12-10 14:40:11.889964
2017-01-17,15:15,19.9,19.9,11.7,75.3,0.18,S@2.2,3.9,32.4,0.0,36,"Orondo, Douglas County",330078,Orondo,2017-12-10 14:40:11.889964
2017-01-17,15:30,20.0,20.1,12.5,77.2,0.21,E@1.7,3.5,32.4,0.0,32,"Orondo, Douglas County",330078,Orondo,2017-12-10 14:40:11.889964
2017-01-17,15:45,20.1,20.2,13.4,80.0,0.21,NE@2.8,4.6,32.4,0.0,33,"Orondo, Douglas County",330078,Orondo,2017-12-10 14:40:11.889964
2017-01-17,16:00,19.9,20.0,13.2,80.3,0.2,NE@1.7,3.1,32.4,0.0,15,"Orondo, Douglas County",330078,Orondo,2017-12-10 14:40:11.889964
2017-01-17,16:15,19.8,19.9,13.3,80.8,0.2,S@2.0,3.5,32.4,0.0,6,"Orondo, Douglas County",330078,Orondo,2017-12-10 14:40:11.889964
2017-01-17,16:30,19.8,19.9,14.2,84.3,0.2,SW@1.5,3.1,32.4,0.01,3,"Orondo, Douglas County",330078,Orondo,2017-12-10 14:40:11.889964
2017-01-17,16:45,19.8,19.8,14.4,85.2,0.21,SW@1.8,3.9,32.4,0.0,2,"Orondo, Douglas County",330078,Orondo,2017-12-10 14:40:11.889964
2017-01-17,17:00,19.8,19.9,14.5,85.4,0.21,S@1.8,5.3,32.4,0.0,0,"Orondo, Douglas County",330078,Orondo,2017-12-10 14:40:11.889964
2017-01-17,17:15,20.0,20.1,15.2,87.1,0.22,S@3.9,7.1,32.4,0.0,0,"Orondo, Douglas County",330078,Orondo,2017-12-10 14:40:11.889964
2017-01-17,17:30,20.5,20.6,15.5,86.5,0.23,S@4.1,7.8,32.4,0.0,0,"Orondo, Douglas County",330078,Orondo,2017-12-10 14:40:11.889964
2017-01-17,17:45,21.0,21.1,15.8,85.5,0.24,NE@3.7,8.5,32.4,0.0,0,"Orondo, Douglas County",330078,Orondo,2017-12-10 14:40:11.889964
2017-01-17,18:00,21.3,21.4,16.1,85.3,0.26,N@4.0,8.2,32.4,0.0,0,"Orondo, Douglas County",330078,Orondo,2017-12-10 14:40:11.889964
2017-01-17,18:15,21.1,21.2,16.3,86.7,0.26,S@4.6,10.3,32.4,0.0,0,"Orondo, Douglas County",330078,Orondo,2017-12-10 14:40:11.889964
2017-01-17,18:30,20.4,20.5,16.2,89.4,0.25,SW@4.7,8.9,32.4,0.0,0,"Orondo, Douglas County",330078,Orondo,2017-12-10 14:40:11.889964
2017-01-17,18:45,19.9,20.0,15.9,90.2,0.26,SW@3.2,6.4,32.4,0.0,0,"Orondo, Douglas County",330078,Orondo,2017-12-10 14:40:11.889964
2017-01-17,19:00,20.0,20.1,16.1,90.4,0.26,S@3.8,6.7,32.4,0.0,0,"Orondo, Douglas County",330078,Orondo,2017-12-10 14:40:11.889964
2017-01-17,19:15,20.4,20.5,16.3,89.8,0.28,E@4.0,9.6,32.4,0.0,0,"Orondo, Douglas County",330078,Orondo,2017-12-10 14:40:11.889964
2017-01-17,19:30,20.5,20.6,16.6,90.6,0.28,E@3.5,6.4,32.4,0.0,0,"Orondo, Douglas County",330078,Orondo,2017-12-10 14:40:11.889964
2017-01-17,19:45,20.7,20.8,17.0,91.1,0.29,NW@4.6,7.8,32.4,0.0,0,"Orondo, Douglas County",330078,Orondo,2017-12-10 14:40:11.889964
2017-01-17,20:00,21.0,21.1,17.0,89.9,0.3,SW@4.2,7.4,32.5,0.0,0,"Orondo, Douglas County",330078,Orondo,2017-12-10 14:40:11.889964
2017-01-17,20:15,21.1,21.2,17.2,90.3,0.31,S@4.6,7.4,32.4,0.0,0,"Orondo, Douglas County",330078,Orondo,2017-12-10 14:40:11.889964
2017-01-17,20:30,21.4,21.5,17.4,89.8,0.32,S@4.4,9.2,32.5,0.0,0,"Orondo, Douglas County",330078,Orondo,2017-12-10 14:40:11.889964
2017-01-17,20:45,21.5,21.6,17.6,90.2,0.33,SW@4.6,9.2,32.5,0.0,0,"Orondo, Douglas County",330078,Orondo,2017-12-10 14:40:11.889964
2017-01-17,21:00,20.3,20.4,16.6,91.4,0.31,S@3.7,7.1,32.5,0.0,0,"Orondo, Douglas County",330078,Orondo,2017-12-10 14:40:11.889964
2017-01-17,21:15,20.3,20.3,16.6,91.7,0.32,S@3.9,7.4,32.5,0.0,0,"Orondo, Douglas County",330078,Orondo,2017-12-10 14:40:11.889964
2017-01-17,21:30,20.1,20.2,16.7,92.5,0.32,S@4.1,6.7,32.5,0.0,0,"Orondo, Douglas County",330078,Orondo,2017-12-10 14:40:11.889964
2017-01-17,21:45,20.1,20.2,16.7,92.6,0.33,S@4.4,7.1,32.5,0.0,0,"Orondo, Douglas County",330078,Orondo,2017-12-10 14:40:11.889964
2017-01-17,22:00,20.0,20.1,16.6,92.7,0.33,S@3.9,5.7,32.5,0.0,0,"Orondo, Douglas County",330078,Orondo,2017-12-10 14:40:11.889964
2017-01-17,22:15,19.9,20.0,16.6,92.8,0.33,S@4.1,6.0,32.5,0.0,0,"Orondo, Douglas County",330078,Orondo,2017-12-10 14:40:11.889964
2017-01-17,22:30,20.1,20.2,16.8,93.1,0.34,S@3.5,4.9,32.5,0.0,0,"Orondo, Douglas County",330078,Orondo,2017-12-10 14:40:11.889964
2017-01-17,22:45,20.0,20.1,16.7,92.8,0.34,S@3.6,5.7,32.5,0.0,0,"Orondo, Douglas County",330078,Orondo,2017-12-10 14:40:11.889964
2017-01-17,23:00,20.0,20.1,16.7,93.1,0.35,S@3.5,6.0,32.5,0.0,0,"Orondo, Douglas County",330078,Orondo,2017-12-10 14:40:11.889964
2017-01-17,23:15,20.1,20.2,17.0,93.5,0.35,SE@2.9,4.2,32.5,0.0,0,"Orondo, Douglas County",330078,Orondo,2017-12-10 14:40:11.889964
2017-01-17,23:30,20.2,20.3,17.0,93.2,0.36,S@3.1,4.9,32.5,0.0,0,"Orondo, Douglas County",330078,Orondo,2017-12-10 14:40:11.889964
2017-01-17,23:45,20.2,20.2,16.9,93.0,0.36,SE@3.0,4.2,32.5,0.0,0,"Orondo, Douglas County",330078,Orondo,2017-12-10 14:40:11.889964
2017-01-17,24:00,20.2,20.3,17.0,93.4,0.37,S@2.5,3.9,32.5,0.0,0,"Orondo, Douglas County",330078,Orondo,2017-12-10 14:40:11.889964
