Date,Time PDT,Air Temp °F, 2<sup>nd</sup> Air Temp °F, Dew Point °F, Rel Hum %, Leaf Wet u., Wind Dir @ Speed mph, Wind Gust mph, 8 in. Soil Tmp °F, Tot Prec in, Solar Rad W/m²,Location,Station ID,Station Name,Download Timestamp
2018-08-12,00:15,65.6,65.9,44.3,45.9,0.0,E@4.3,6.7,84.7,0.0,0,"Orondo, Douglas County",330078,Orondo,2018-10-02 14:55:00.857808
2018-08-12,00:30,66.8,67.1,45.1,45.5,0.0,NE@3.7,7.1,84.7,0.0,0,"Orondo, Douglas County",330078,Orondo,2018-10-02 14:55:00.857808
2018-08-12,00:45,66.6,66.9,45.9,47.2,0.0,E@1.6,5.3,84.7,0.0,0,"Orondo, Douglas County",330078,Orondo,2018-10-02 14:55:00.857808
2018-08-12,01:00,68.3,68.5,44.9,42.8,0.0,NE@4.6,12.1,84.7,0.0,0,"Orondo, Douglas County",330078,Orondo,2018-10-02 14:55:00.857808
2018-08-12,01:15,69.1,69.4,44.7,41.4,0.0,N@4.1,10.7,84.7,0.0,0,"Orondo, Douglas County",330078,Orondo,2018-10-02 14:55:00.857808
2018-08-12,01:30,68.0,68.2,45.1,43.5,0.0,E@3.5,9.2,84.7,0.0,0,"Orondo, Douglas County",330078,Orondo,2018-10-02 14:55:00.857808
2018-08-12,01:45,65.4,65.7,46.5,50.2,0.0,SE@4.7,6.7,84.6,0.0,0,"Orondo, Douglas County",330078,Orondo,2018-10-02 14:55:00.857808
2018-08-12,02:00,64.9,65.2,45.8,50.0,0.0,SE@3.7,6.0,84.6,0.0,0,"Orondo, Douglas County",330078,Orondo,2018-10-02 14:55:00.857808
2018-08-12,02:15,65.1,65.4,45.5,48.9,0.0,SE@4.8,6.4,84.6,0.0,0,"Orondo, Douglas County",330078,Orondo,2018-10-02 14:55:00.857808
2018-08-12,02:30,65.1,65.4,45.8,49.6,0.0,SE@2.5,5.3,84.5,0.0,0,"Orondo, Douglas County",330078,Orondo,2018-10-02 14:55:00.857808
2018-08-12,02:45,65.4,65.7,46.3,49.9,0.0,S@4.0,7.4,84.5,0.0,0,"Orondo, Douglas County",330078,Orondo,2018-10-02 14:55:00.857808
2018-08-12,03:00,65.2,65.4,46.4,50.5,0.0,E@3.0,6.4,84.5,0.0,0,"Orondo, Douglas County",330078,Orondo,2018-10-02 14:55:00.857808
2018-08-12,03:15,66.1,66.3,46.1,48.4,0.0,W@1.5,4.9,84.4,0.0,0,"Orondo, Douglas County",330078,Orondo,2018-10-02 14:55:00.857808
2018-08-12,03:30,64.7,65.0,46.0,50.6,0.0,NW@2.0,6.4,84.4,0.0,0,"Orondo, Douglas County",330078,Orondo,2018-10-02 14:55:00.857808
2018-08-12,03:45,64.8,65.1,45.9,50.3,0.0,SE@4.4,6.7,84.3,0.0,0,"Orondo, Douglas County",330078,Orondo,2018-10-02 14:55:00.857808
2018-08-12,04:00,63.9,64.2,45.7,51.4,0.0,E@3.8,6.4,84.3,0.0,0,"Orondo, Douglas County",330078,Orondo,2018-10-02 14:55:00.857808
2018-08-12,04:15,62.8,63.1,46.5,55.2,0.0,S@2.4,4.6,84.2,0.0,0,"Orondo, Douglas County",330078,Orondo,2018-10-02 14:55:00.857808
2018-08-12,04:30,63.0,63.2,46.8,55.4,0.0,S@2.4,4.9,84.2,0.0,0,"Orondo, Douglas County",330078,Orondo,2018-10-02 14:55:00.857808
2018-08-12,04:45,63.0,63.3,46.3,54.4,0.0,SE@4.7,6.4,84.1,0.0,0,"Orondo, Douglas County",330078,Orondo,2018-10-02 14:55:00.857808
2018-08-12,05:00,63.0,63.4,45.8,53.2,0.0,S@3.5,4.9,84.1,0.0,0,"Orondo, Douglas County",330078,Orondo,2018-10-02 14:55:00.857808
2018-08-12,05:15,62.4,62.7,46.0,54.9,0.0,SE@4.5,5.7,84.0,0.0,0,"Orondo, Douglas County",330078,Orondo,2018-10-02 14:55:00.857808
2018-08-12,05:30,62.2,62.4,46.4,56.0,0.0,E@3.2,5.7,83.9,0.0,0,"Orondo, Douglas County",330078,Orondo,2018-10-02 14:55:00.857808
2018-08-12,05:45,62.0,62.4,45.7,55.0,0.0,SE@3.0,4.2,83.9,0.0,2,"Orondo, Douglas County",330078,Orondo,2018-10-02 14:55:00.857808
2018-08-12,06:00,62.0,62.3,46.2,56.1,0.0,SE@2.5,5.3,83.8,0.0,4,"Orondo, Douglas County",330078,Orondo,2018-10-02 14:55:00.857808
2018-08-12,06:15,62.5,62.9,45.7,54.1,0.0,SE@5.1,7.1,83.8,0.0,13,"Orondo, Douglas County",330078,Orondo,2018-10-02 14:55:00.857808
2018-08-12,06:30,62.7,63.0,46.3,55.0,0.0,SE@3.0,4.9,83.7,0.0,19,"Orondo, Douglas County",330078,Orondo,2018-10-02 14:55:00.857808
2018-08-12,06:45,62.7,62.9,46.7,55.7,0.0,E@0.5,3.9,83.6,0.0,23,"Orondo, Douglas County",330078,Orondo,2018-10-02 14:55:00.857808
2018-08-12,07:00,62.0,62.2,46.9,57.6,0.0,N@0.0,0.0,83.6,0.0,28,"Orondo, Douglas County",330078,Orondo,2018-10-02 14:55:00.857808
2018-08-12,07:15,63.8,64.0,46.6,53.3,0.0,N@0.0,0.0,83.5,0.0,32,"Orondo, Douglas County",330078,Orondo,2018-10-02 14:55:00.857808
2018-08-12,07:30,63.0,63.3,46.7,55.1,0.0,E@2.1,5.7,83.4,0.0,37,"Orondo, Douglas County",330078,Orondo,2018-10-02 14:55:00.857808
2018-08-12,07:45,64.2,64.3,47.2,53.9,0.0,E@0.8,4.6,83.4,0.0,43,"Orondo, Douglas County",330078,Orondo,2018-10-02 14:55:00.857808
2018-08-12,08:00,64.8,64.8,47.6,53.6,0.0,E@3.2,5.3,83.3,0.0,202,"Orondo, Douglas County",330078,Orondo,2018-10-02 14:55:00.857808
2018-08-12,08:15,68.8,68.8,47.3,46.0,0.0,E@1.4,4.6,83.2,0.0,294,"Orondo, Douglas County",330078,Orondo,2018-10-02 14:55:00.857808
2018-08-12,08:30,70.4,70.3,46.9,43.1,0.0,SE@2.1,5.7,83.2,0.0,319,"Orondo, Douglas County",330078,Orondo,2018-10-02 14:55:00.857808
2018-08-12,08:45,71.4,71.5,46.3,40.7,0.0,SE@4.6,10.3,83.1,0.0,356,"Orondo, Douglas County",330078,Orondo,2018-10-02 14:55:00.857808
2018-08-12,09:00,73.1,73.1,46.3,38.3,0.0,NE@2.6,4.9,83.0,0.0,392,"Orondo, Douglas County",330078,Orondo,2018-10-02 14:55:00.857808
2018-08-12,09:15,73.9,73.9,45.3,36.0,0.0,W@1.5,4.6,82.9,0.0,405,"Orondo, Douglas County",330078,Orondo,2018-10-02 14:55:00.857808
2018-08-12,09:30,75.0,75.1,46.6,36.4,0.0,NE@2.9,5.3,82.9,0.0,464,"Orondo, Douglas County",330078,Orondo,2018-10-02 14:55:00.857808
2018-08-12,09:45,75.4,75.8,44.7,33.4,0.0,NE@1.8,5.3,82.8,0.0,487,"Orondo, Douglas County",330078,Orondo,2018-10-02 14:55:00.857808
2018-08-12,10:00,75.3,75.3,45.0,33.9,0.0,SE@3.3,8.5,82.7,0.0,494,"Orondo, Douglas County",330078,Orondo,2018-10-02 14:55:00.857808
2018-08-12,10:15,76.9,76.9,45.3,32.6,0.0,NW@1.8,3.9,82.6,0.0,513,"Orondo, Douglas County",330078,Orondo,2018-10-02 14:55:00.857808
2018-08-12,10:30,76.8,76.8,45.2,32.5,0.0,NW@3.3,5.7,82.6,0.0,509,"Orondo, Douglas County",330078,Orondo,2018-10-02 14:55:00.857808
2018-08-12,10:45,77.2,77.4,44.3,31.0,0.0,N@2.9,6.4,82.5,0.0,510,"Orondo, Douglas County",330078,Orondo,2018-10-02 14:55:00.857808
2018-08-12,11:00,77.1,76.9,44.2,31.0,0.0,NW@3.2,5.7,82.4,0.0,467,"Orondo, Douglas County",330078,Orondo,2018-10-02 14:55:00.857808
2018-08-12,11:15,77.3,77.2,44.2,30.7,0.0,NW@3.0,4.6,82.3,0.0,479,"Orondo, Douglas County",330078,Orondo,2018-10-02 14:55:00.857808
2018-08-12,11:30,78.5,78.6,44.5,30.0,0.0,W@2.2,4.2,82.3,0.0,519,"Orondo, Douglas County",330078,Orondo,2018-10-02 14:55:00.857808
2018-08-12,11:45,78.6,78.4,44.4,29.8,0.0,W@3.2,4.9,82.2,0.0,544,"Orondo, Douglas County",330078,Orondo,2018-10-02 14:55:00.857808
2018-08-12,12:00,79.3,79.2,44.4,29.0,0.0,W@3.3,5.3,82.2,0.0,565,"Orondo, Douglas County",330078,Orondo,2018-10-02 14:55:00.857808
2018-08-12,12:15,79.5,79.5,44.1,28.6,0.0,W@3.4,5.7,82.1,0.0,606,"Orondo, Douglas County",330078,Orondo,2018-10-02 14:55:00.857808
2018-08-12,12:30,80.0,79.9,44.7,28.8,0.0,W@3.5,7.1,82.0,0.0,645,"Orondo, Douglas County",330078,Orondo,2018-10-02 14:55:00.857808
2018-08-12,12:45,79.7,79.5,46.7,31.3,0.0,SW@5.5,9.6,82.0,0.0,704,"Orondo, Douglas County",330078,Orondo,2018-10-02 14:55:00.857808
2018-08-12,13:00,80.0,79.9,45.4,29.5,0.0,S@4.0,8.2,82.0,0.0,737,"Orondo, Douglas County",330078,Orondo,2018-10-02 14:55:00.857808
2018-08-12,13:15,80.5,80.4,45.3,29.0,0.0,S@4.9,9.2,81.9,0.0,703,"Orondo, Douglas County",330078,Orondo,2018-10-02 14:55:00.857808
2018-08-12,13:30,81.1,80.9,43.8,26.8,0.0,S@3.2,7.1,81.9,0.0,690,"Orondo, Douglas County",330078,Orondo,2018-10-02 14:55:00.857808
2018-08-12,13:45,81.8,81.7,44.6,27.0,0.0,S@3.6,7.4,81.9,0.0,682,"Orondo, Douglas County",330078,Orondo,2018-10-02 14:55:00.857808
2018-08-12,14:00,81.5,81.5,43.7,26.3,0.0,S@3.9,8.2,81.8,0.0,676,"Orondo, Douglas County",330078,Orondo,2018-10-02 14:55:00.857808
2018-08-12,14:15,83.3,83.2,43.5,24.7,0.0,W@4.3,7.4,81.8,0.0,666,"Orondo, Douglas County",330078,Orondo,2018-10-02 14:55:00.857808
2018-08-12,14:30,83.4,83.5,44.6,25.6,0.0,SW@3.3,6.4,81.8,0.0,673,"Orondo, Douglas County",330078,Orondo,2018-10-02 14:55:00.857808
2018-08-12,14:45,84.6,84.5,43.9,24.0,0.0,W@3.5,5.3,81.8,0.0,655,"Orondo, Douglas County",330078,Orondo,2018-10-02 14:55:00.857808
2018-08-12,15:00,84.1,84.0,42.7,23.3,0.0,SW@3.6,6.0,81.8,0.0,612,"Orondo, Douglas County",330078,Orondo,2018-10-02 14:55:00.857808
2018-08-12,15:15,83.4,83.5,42.8,24.0,0.0,S@3.0,6.4,81.8,0.0,551,"Orondo, Douglas County",330078,Orondo,2018-10-02 14:55:00.857808
2018-08-12,15:30,83.4,83.4,42.1,23.3,0.0,SW@4.1,6.4,81.8,0.0,501,"Orondo, Douglas County",330078,Orondo,2018-10-02 14:55:00.857808
2018-08-12,15:45,83.9,83.9,43.4,24.1,0.0,SW@3.3,6.0,81.8,0.0,480,"Orondo, Douglas County",330078,Orondo,2018-10-02 14:55:00.857808
2018-08-12,16:00,84.2,84.2,41.8,22.4,0.0,W@2.4,4.9,81.8,0.0,457,"Orondo, Douglas County",330078,Orondo,2018-10-02 14:55:00.857808
2018-08-12,16:15,84.0,84.1,41.9,22.7,0.0,W@3.2,5.7,81.8,0.0,414,"Orondo, Douglas County",330078,Orondo,2018-10-02 14:55:00.857808
2018-08-12,16:30,84.3,84.4,41.2,21.9,0.0,W@2.3,4.6,81.8,0.0,382,"Orondo, Douglas County",330078,Orondo,2018-10-02 14:55:00.857808
2018-08-12,16:45,83.8,83.9,43.1,23.9,0.0,SW@2.1,4.2,81.9,0.0,350,"Orondo, Douglas County",330078,Orondo,2018-10-02 14:55:00.857808
2018-08-12,17:00,84.3,84.4,43.5,23.8,0.0,W@1.2,4.6,81.9,0.0,360,"Orondo, Douglas County",330078,Orondo,2018-10-02 14:55:00.857808
2018-08-12,17:15,83.8,84.0,43.6,24.4,0.0,SW@2.3,4.9,81.9,0.0,313,"Orondo, Douglas County",330078,Orondo,2018-10-02 14:55:00.857808
2018-08-12,17:30,82.3,82.4,44.4,26.4,0.0,S@3.1,5.3,82.0,0.0,268,"Orondo, Douglas County",330078,Orondo,2018-10-02 14:55:00.857808
2018-08-12,17:45,81.9,82.1,44.9,27.2,0.0,S@2.4,4.2,82.0,0.0,202,"Orondo, Douglas County",330078,Orondo,2018-10-02 14:55:00.857808
2018-08-12,18:00,81.1,81.2,45.9,29.0,0.0,S@1.3,2.8,82.0,0.0,154,"Orondo, Douglas County",330078,Orondo,2018-10-02 14:55:00.857808
2018-08-12,18:15,80.1,80.3,45.7,29.7,0.0,S@1.1,2.8,82.1,0.0,124,"Orondo, Douglas County",330078,Orondo,2018-10-02 14:55:00.857808
2018-08-12,18:30,78.9,79.1,48.6,34.5,0.0,SE@2.1,2.8,82.1,0.0,103,"Orondo, Douglas County",330078,Orondo,2018-10-02 14:55:00.857808
2018-08-12,18:45,78.0,78.2,48.9,36.0,0.0,SE@0.5,2.1,82.2,0.0,87,"Orondo, Douglas County",330078,Orondo,2018-10-02 14:55:00.857808
2018-08-12,19:00,77.8,78.0,47.0,33.7,0.0,SE@2.3,2.8,82.3,0.0,70,"Orondo, Douglas County",330078,Orondo,2018-10-02 14:55:00.857808
2018-08-12,19:15,77.4,77.6,44.7,31.3,0.0,SE@2.2,3.1,82.3,0.0,53,"Orondo, Douglas County",330078,Orondo,2018-10-02 14:55:00.857808
2018-08-12,19:30,77.0,77.4,44.7,31.7,0.0,SE@2.7,3.5,82.4,0.0,38,"Orondo, Douglas County",330078,Orondo,2018-10-02 14:55:00.857808
2018-08-12,19:45,76.1,76.4,45.8,34.0,0.0,SE@2.8,3.9,82.5,0.0,26,"Orondo, Douglas County",330078,Orondo,2018-10-02 14:55:00.857808
2018-08-12,20:00,76.4,76.8,44.0,31.5,0.0,SE@5.2,10.3,82.5,0.0,19,"Orondo, Douglas County",330078,Orondo,2018-10-02 14:55:00.857808
2018-08-12,20:15,77.0,77.3,43.6,30.3,0.0,S@4.3,7.4,82.6,0.0,11,"Orondo, Douglas County",330078,Orondo,2018-10-02 14:55:00.857808
2018-08-12,20:30,76.5,76.8,44.0,31.4,0.0,S@2.9,6.7,82.6,0.0,3,"Orondo, Douglas County",330078,Orondo,2018-10-02 14:55:00.857808
2018-08-12,20:45,76.0,76.3,43.6,31.4,0.0,S@1.9,5.3,82.7,0.0,1,"Orondo, Douglas County",330078,Orondo,2018-10-02 14:55:00.857808
2018-08-12,21:00,75.8,76.1,43.9,32.0,0.0,SE@3.5,7.1,82.7,0.0,0,"Orondo, Douglas County",330078,Orondo,2018-10-02 14:55:00.857808
2018-08-12,21:15,74.9,75.1,44.4,33.7,0.0,S@1.0,5.3,82.8,0.0,0,"Orondo, Douglas County",330078,Orondo,2018-10-02 14:55:00.857808
2018-08-12,21:30,73.4,73.7,45.0,36.1,0.0,SW@1.6,3.9,82.8,0.0,0,"Orondo, Douglas County",330078,Orondo,2018-10-02 14:55:00.857808
2018-08-12,21:45,72.8,73.1,45.4,37.4,0.0,SE@3.3,4.9,82.9,0.0,0,"Orondo, Douglas County",330078,Orondo,2018-10-02 14:55:00.857808
2018-08-12,22:00,72.7,73.0,44.9,36.9,0.0,SE@3.4,5.3,82.9,0.0,0,"Orondo, Douglas County",330078,Orondo,2018-10-02 14:55:00.857808
2018-08-12,22:15,72.0,72.3,45.0,38.0,0.0,SE@4.2,6.4,82.9,0.0,0,"Orondo, Douglas County",330078,Orondo,2018-10-02 14:55:00.857808
2018-08-12,22:30,71.3,71.6,45.2,39.2,0.0,SE@3.9,4.9,82.9,0.0,0,"Orondo, Douglas County",330078,Orondo,2018-10-02 14:55:00.857808
2018-08-12,22:45,70.8,71.1,45.2,39.8,0.0,SE@3.7,5.7,83.0,0.0,0,"Orondo, Douglas County",330078,Orondo,2018-10-02 14:55:00.857808
2018-08-12,23:00,70.9,71.3,45.0,39.3,0.0,SE@4.5,5.3,83.0,0.0,0,"Orondo, Douglas County",330078,Orondo,2018-10-02 14:55:00.857808
2018-08-12,23:15,70.8,71.2,44.9,39.3,0.0,SE@4.3,5.3,83.0,0.0,0,"Orondo, Douglas County",330078,Orondo,2018-10-02 14:55:00.857808
2018-08-12,23:30,69.7,70.1,44.9,40.8,0.0,SE@3.6,4.6,83.0,0.0,0,"Orondo, Douglas County",330078,Orondo,2018-10-02 14:55:00.857808
2018-08-12,23:45,69.5,69.7,46.0,42.9,0.0,NE@4.0,7.8,83.0,0.0,0,"Orondo, Douglas County",330078,Orondo,2018-10-02 14:55:00.857808
2018-08-12,24:00,68.7,69.0,45.3,42.9,0.0,N@5.7,8.9,83.0,0.0,0,"Orondo, Douglas County",330078,Orondo,2018-10-02 14:55:00.857808
2018-08-13,00:15,68.8,69.0,45.3,42.9,0.0,NE@6.7,11.0,83.0,0.0,0,"Orondo, Douglas County",330078,Orondo,2018-10-02 14:55:00.857808
2018-08-13,00:30,69.3,69.6,45.7,42.7,0.0,NE@6.3,8.9,83.0,0.0,0,"Orondo, Douglas County",330078,Orondo,2018-10-02 14:55:00.857808
2018-08-13,00:45,69.1,69.3,46.1,43.8,0.0,NE@6.0,9.2,83.0,0.0,0,"Orondo, Douglas County",330078,Orondo,2018-10-02 14:55:00.857808
2018-08-13,01:00,68.4,68.6,45.6,44.0,0.0,NE@3.9,7.4,83.0,0.0,0,"Orondo, Douglas County",330078,Orondo,2018-10-02 14:55:00.857808
2018-08-13,01:15,68.3,68.5,45.3,43.6,0.0,NE@4.6,7.8,83.0,0.0,0,"Orondo, Douglas County",330078,Orondo,2018-10-02 14:55:00.857808
2018-08-13,01:30,68.3,68.6,44.9,42.8,0.0,NE@3.4,4.9,83.0,0.0,0,"Orondo, Douglas County",330078,Orondo,2018-10-02 14:55:00.857808
2018-08-13,01:45,67.8,68.1,44.9,43.6,0.0,NE@2.9,4.6,82.9,0.0,0,"Orondo, Douglas County",330078,Orondo,2018-10-02 14:55:00.857808
2018-08-13,02:00,65.9,66.3,45.6,47.8,0.0,E@0.1,1.4,82.9,0.0,0,"Orondo, Douglas County",330078,Orondo,2018-10-02 14:55:00.857808
2018-08-13,02:15,65.7,65.8,45.4,47.8,0.0,E@0.6,3.5,82.9,0.0,0,"Orondo, Douglas County",330078,Orondo,2018-10-02 14:55:00.857808
2018-08-13,02:30,64.2,64.4,45.3,50.1,0.0,E@1.2,3.5,82.9,0.0,0,"Orondo, Douglas County",330078,Orondo,2018-10-02 14:55:00.857808
2018-08-13,02:45,64.5,64.6,45.7,50.4,0.0,E@3.3,3.9,82.8,0.0,0,"Orondo, Douglas County",330078,Orondo,2018-10-02 14:55:00.857808
2018-08-13,03:00,64.3,64.5,45.4,50.2,0.0,E@3.4,4.2,82.8,0.0,0,"Orondo, Douglas County",330078,Orondo,2018-10-02 14:55:00.857808
2018-08-13,03:15,63.7,63.8,45.3,51.0,0.0,E@3.2,4.2,82.7,0.0,0,"Orondo, Douglas County",330078,Orondo,2018-10-02 14:55:00.857808
2018-08-13,03:30,64.5,64.7,46.6,52.2,0.0,E@1.8,3.9,82.7,0.0,0,"Orondo, Douglas County",330078,Orondo,2018-10-02 14:55:00.857808
2018-08-13,03:45,63.4,63.7,47.2,55.5,0.0,E@1.8,4.6,82.7,0.0,0,"Orondo, Douglas County",330078,Orondo,2018-10-02 14:55:00.857808
2018-08-13,04:00,62.1,62.4,46.3,56.0,0.0,E@2.1,4.2,82.6,0.0,0,"Orondo, Douglas County",330078,Orondo,2018-10-02 14:55:00.857808
2018-08-13,04:15,62.8,62.9,47.4,57.0,0.0,E@0.7,3.1,82.6,0.0,0,"Orondo, Douglas County",330078,Orondo,2018-10-02 14:55:00.857808
2018-08-13,04:30,62.3,62.5,47.5,58.3,0.0,NE@0.0,1.7,82.6,0.0,0,"Orondo, Douglas County",330078,Orondo,2018-10-02 14:55:00.857808
2018-08-13,04:45,62.3,62.5,46.5,56.1,0.0,NE@1.0,4.9,82.5,0.0,0,"Orondo, Douglas County",330078,Orondo,2018-10-02 14:55:00.857808
2018-08-13,05:00,62.8,63.1,46.5,55.1,0.0,NE@1.9,4.6,82.5,0.0,0,"Orondo, Douglas County",330078,Orondo,2018-10-02 14:55:00.857808
2018-08-13,05:15,61.0,61.3,46.9,59.5,0.0,N@0.0,0.0,82.4,0.0,0,"Orondo, Douglas County",330078,Orondo,2018-10-02 14:55:00.857808
2018-08-13,05:30,59.8,60.0,46.5,61.5,0.0,N@0.0,0.0,82.3,0.0,0,"Orondo, Douglas County",330078,Orondo,2018-10-02 14:55:00.857808
2018-08-13,05:45,60.0,60.2,46.9,61.8,0.0,NE@0.0,1.7,82.3,0.0,1,"Orondo, Douglas County",330078,Orondo,2018-10-02 14:55:00.857808
2018-08-13,06:00,59.2,59.4,46.5,62.6,0.0,E@3.1,4.6,82.2,0.0,2,"Orondo, Douglas County",330078,Orondo,2018-10-02 14:55:00.857808
2018-08-13,06:15,60.2,60.4,45.9,59.0,0.0,E@1.8,4.6,82.2,0.0,6,"Orondo, Douglas County",330078,Orondo,2018-10-02 14:55:00.857808
2018-08-13,06:30,61.4,61.6,46.3,57.5,0.0,NE@2.0,4.6,82.1,0.0,12,"Orondo, Douglas County",330078,Orondo,2018-10-02 14:55:00.857808
2018-08-13,06:45,60.6,60.8,46.8,60.4,0.0,NE@1.0,4.2,82.1,0.0,21,"Orondo, Douglas County",330078,Orondo,2018-10-02 14:55:00.857808
2018-08-13,07:00,59.8,60.1,47.0,62.4,0.0,E@1.1,4.6,82.0,0.0,31,"Orondo, Douglas County",330078,Orondo,2018-10-02 14:55:00.857808
2018-08-13,07:15,59.8,60.0,47.3,63.2,0.0,N@0.0,0.0,82.0,0.0,43,"Orondo, Douglas County",330078,Orondo,2018-10-02 14:55:00.857808
2018-08-13,07:30,60.6,60.8,47.3,61.5,0.0,N@0.0,0.0,81.9,0.0,57,"Orondo, Douglas County",330078,Orondo,2018-10-02 14:55:00.857808
2018-08-13,07:45,60.3,60.6,48.5,65.0,0.0,N@0.0,0.0,81.8,0.0,71,"Orondo, Douglas County",330078,Orondo,2018-10-02 14:55:00.857808
2018-08-13,08:00,60.5,60.7,49.3,66.3,0.0,SE@0.7,2.8,81.8,0.0,88,"Orondo, Douglas County",330078,Orondo,2018-10-02 14:55:00.857808
2018-08-13,08:15,61.9,62.1,47.7,59.5,0.0,NE@1.3,3.5,81.7,0.0,106,"Orondo, Douglas County",330078,Orondo,2018-10-02 14:55:00.857808
2018-08-13,08:30,62.7,62.9,47.4,57.2,0.0,N@0.6,3.5,81.6,0.0,136,"Orondo, Douglas County",330078,Orondo,2018-10-02 14:55:00.857808
2018-08-13,08:45,63.2,63.4,49.3,60.4,0.0,SE@0.0,1.4,81.6,0.0,165,"Orondo, Douglas County",330078,Orondo,2018-10-02 14:55:00.857808
2018-08-13,09:00,63.9,64.1,47.9,56.0,0.0,W@0.1,2.4,81.5,0.0,189,"Orondo, Douglas County",330078,Orondo,2018-10-02 14:55:00.857808
2018-08-13,09:15,64.8,65.0,47.9,54.2,0.0,W@0.5,2.4,81.4,0.0,209,"Orondo, Douglas County",330078,Orondo,2018-10-02 14:55:00.857808
2018-08-13,09:30,64.9,64.9,48.4,55.1,0.0,W@0.7,2.4,81.4,0.0,239,"Orondo, Douglas County",330078,Orondo,2018-10-02 14:55:00.857808
2018-08-13,09:45,65.9,66.0,48.1,52.5,0.0,NW@0.2,2.4,81.3,0.0,270,"Orondo, Douglas County",330078,Orondo,2018-10-02 14:55:00.857808
2018-08-13,10:00,66.8,67.1,47.3,49.5,0.0,N@0.7,3.1,81.3,0.0,297,"Orondo, Douglas County",330078,Orondo,2018-10-02 14:55:00.857808
2018-08-13,10:15,67.5,67.5,46.3,46.5,0.0,NW@1.7,3.1,81.2,0.0,334,"Orondo, Douglas County",330078,Orondo,2018-10-02 14:55:00.857808
2018-08-13,10:30,68.8,68.7,46.4,44.6,0.0,N@2.7,4.9,81.1,0.0,374,"Orondo, Douglas County",330078,Orondo,2018-10-02 14:55:00.857808
2018-08-13,10:45,69.5,69.4,46.8,44.2,0.0,N@2.7,4.6,81.1,0.0,393,"Orondo, Douglas County",330078,Orondo,2018-10-02 14:55:00.857808
2018-08-13,11:00,70.4,70.3,47.4,43.8,0.0,NW@2.3,4.9,81.0,0.0,436,"Orondo, Douglas County",330078,Orondo,2018-10-02 14:55:00.857808
2018-08-13,11:15,70.8,70.5,48.2,44.6,0.0,NW@2.7,6.4,81.0,0.0,453,"Orondo, Douglas County",330078,Orondo,2018-10-02 14:55:00.857808
2018-08-13,11:30,71.6,71.4,47.8,42.8,0.0,NW@3.8,6.4,80.9,0.0,476,"Orondo, Douglas County",330078,Orondo,2018-10-02 14:55:00.857808
2018-08-13,11:45,72.8,72.5,47.3,40.3,0.0,NW@3.9,6.0,80.8,0.0,504,"Orondo, Douglas County",330078,Orondo,2018-10-02 14:55:00.857808
2018-08-13,12:00,74.0,73.8,48.1,39.9,0.0,N@3.3,4.9,80.8,0.0,517,"Orondo, Douglas County",330078,Orondo,2018-10-02 14:55:00.857808
2018-08-13,12:15,74.6,74.3,48.5,39.7,0.0,NW@4.0,6.0,80.7,0.0,526,"Orondo, Douglas County",330078,Orondo,2018-10-02 14:55:00.857808
2018-08-13,12:30,75.3,75.1,48.5,38.7,0.0,NW@4.2,6.7,80.7,0.0,553,"Orondo, Douglas County",330078,Orondo,2018-10-02 14:55:00.857808
2018-08-13,12:45,76.5,76.2,48.8,37.7,0.0,NW@4.3,6.4,80.6,0.0,561,"Orondo, Douglas County",330078,Orondo,2018-10-02 14:55:00.857808
2018-08-13,13:00,77.0,76.8,48.7,36.9,0.0,NW@4.6,6.7,80.6,0.0,580,"Orondo, Douglas County",330078,Orondo,2018-10-02 14:55:00.857808
2018-08-13,13:15,78.2,77.9,48.4,35.0,0.0,NW@4.0,6.4,80.5,0.0,586,"Orondo, Douglas County",330078,Orondo,2018-10-02 14:55:00.857808
2018-08-13,13:30,79.6,79.4,47.1,31.9,0.0,N@3.1,4.6,80.5,0.0,604,"Orondo, Douglas County",330078,Orondo,2018-10-02 14:55:00.857808
2018-08-13,13:45,81.0,80.8,45.7,28.9,0.0,N@3.0,6.0,80.4,0.0,599,"Orondo, Douglas County",330078,Orondo,2018-10-02 14:55:00.857808
2018-08-13,14:00,82.0,81.6,46.9,29.3,0.0,NW@3.0,4.9,80.4,0.0,597,"Orondo, Douglas County",330078,Orondo,2018-10-02 14:55:00.857808
2018-08-13,14:15,82.1,81.9,45.8,28.0,0.0,W@2.8,5.3,80.4,0.0,587,"Orondo, Douglas County",330078,Orondo,2018-10-02 14:55:00.857808
2018-08-13,14:30,82.6,82.4,46.0,27.7,0.0,W@2.9,4.6,80.3,0.0,579,"Orondo, Douglas County",330078,Orondo,2018-10-02 14:55:00.857808
2018-08-13,14:45,84.5,84.4,44.8,25.0,0.0,W@3.2,5.7,80.3,0.0,579,"Orondo, Douglas County",330078,Orondo,2018-10-02 14:55:00.857808
2018-08-13,15:00,84.7,84.6,44.8,24.8,0.0,W@3.2,5.3,80.3,0.0,564,"Orondo, Douglas County",330078,Orondo,2018-10-02 14:55:00.857808
2018-08-13,15:15,86.0,85.9,44.2,23.2,0.0,W@3.1,5.3,80.3,0.0,545,"Orondo, Douglas County",330078,Orondo,2018-10-02 14:55:00.857808
2018-08-13,15:30,85.7,85.6,44.3,23.6,0.0,W@3.3,4.9,80.3,0.0,498,"Orondo, Douglas County",330078,Orondo,2018-10-02 14:55:00.857808
2018-08-13,15:45,86.2,86.2,46.8,25.4,0.0,S@2.2,3.9,80.3,0.0,458,"Orondo, Douglas County",330078,Orondo,2018-10-02 14:55:00.857808
2018-08-13,16:00,85.3,85.3,47.0,26.4,0.0,S@2.5,3.9,80.3,0.0,441,"Orondo, Douglas County",330078,Orondo,2018-10-02 14:55:00.857808
2018-08-13,16:15,85.7,85.7,44.8,24.0,0.0,S@2.6,4.2,80.3,0.0,419,"Orondo, Douglas County",330078,Orondo,2018-10-02 14:55:00.857808
2018-08-13,16:30,86.9,86.9,42.9,21.5,0.0,SW@2.3,4.6,80.3,0.0,382,"Orondo, Douglas County",330078,Orondo,2018-10-02 14:55:00.857808
2018-08-13,16:45,86.5,86.7,44.0,22.7,0.0,S@1.5,4.2,80.3,0.0,346,"Orondo, Douglas County",330078,Orondo,2018-10-02 14:55:00.857808
2018-08-13,17:00,86.6,86.9,46.3,24.7,0.0,SE@0.3,2.1,80.3,0.0,309,"Orondo, Douglas County",330078,Orondo,2018-10-02 14:55:00.857808
2018-08-13,17:15,86.0,86.4,50.2,29.1,0.0,S@0.6,2.8,80.4,0.0,282,"Orondo, Douglas County",330078,Orondo,2018-10-02 14:55:00.857808
2018-08-13,17:30,85.4,85.6,49.4,28.8,0.0,S@0.7,2.4,80.4,0.0,250,"Orondo, Douglas County",330078,Orondo,2018-10-02 14:55:00.857808
2018-08-13,17:45,85.4,85.6,46.7,26.0,0.0,SW@0.3,2.4,80.4,0.0,209,"Orondo, Douglas County",330078,Orondo,2018-10-02 14:55:00.857808
2018-08-13,18:00,85.5,85.8,49.1,28.4,0.0,NW@0.2,2.1,80.5,0.0,182,"Orondo, Douglas County",330078,Orondo,2018-10-02 14:55:00.857808
2018-08-13,18:15,83.5,83.7,44.5,25.5,0.0,NE@2.3,5.3,80.5,0.0,149,"Orondo, Douglas County",330078,Orondo,2018-10-02 14:55:00.857808
2018-08-13,18:30,82.4,82.7,44.5,26.4,0.0,NE@3.3,5.3,80.5,0.0,117,"Orondo, Douglas County",330078,Orondo,2018-10-02 14:55:00.857808
2018-08-13,18:45,81.8,82.1,43.1,25.5,0.0,NE@4.5,6.4,80.6,0.0,90,"Orondo, Douglas County",330078,Orondo,2018-10-02 14:55:00.857808
2018-08-13,19:00,82.1,82.4,40.3,22.7,0.0,NE@3.4,4.9,80.6,0.0,69,"Orondo, Douglas County",330078,Orondo,2018-10-02 14:55:00.857808
2018-08-13,19:15,81.9,82.1,39.0,21.7,0.0,NE@3.3,4.6,80.7,0.0,50,"Orondo, Douglas County",330078,Orondo,2018-10-02 14:55:00.857808
2018-08-13,19:30,80.9,81.2,40.2,23.5,0.0,NE@4.0,6.0,80.8,0.0,35,"Orondo, Douglas County",330078,Orondo,2018-10-02 14:55:00.857808
2018-08-13,19:45,80.6,80.9,41.8,25.2,0.0,NE@2.1,4.9,80.8,0.0,22,"Orondo, Douglas County",330078,Orondo,2018-10-02 14:55:00.857808
2018-08-13,20:00,77.7,78.0,44.6,30.8,0.0,E@2.8,3.9,80.9,0.0,12,"Orondo, Douglas County",330078,Orondo,2018-10-02 14:55:00.857808
2018-08-13,20:15,77.3,77.4,43.0,29.5,0.0,E@2.8,5.3,80.9,0.0,5,"Orondo, Douglas County",330078,Orondo,2018-10-02 14:55:00.857808
2018-08-13,20:30,76.8,77.1,45.9,33.3,0.0,NE@4.0,5.7,81.0,0.0,2,"Orondo, Douglas County",330078,Orondo,2018-10-02 14:55:00.857808
2018-08-13,20:45,78.3,78.6,42.2,27.7,0.0,NE@3.6,6.0,81.0,0.0,1,"Orondo, Douglas County",330078,Orondo,2018-10-02 14:55:00.857808
2018-08-13,21:00,79.8,80.1,40.5,24.6,0.0,NE@6.3,9.6,81.1,0.0,0,"Orondo, Douglas County",330078,Orondo,2018-10-02 14:55:00.857808
2018-08-13,21:15,79.9,80.2,40.7,24.7,0.0,NE@7.1,12.8,81.1,0.0,0,"Orondo, Douglas County",330078,Orondo,2018-10-02 14:55:00.857808
2018-08-13,21:30,79.4,79.7,41.3,25.7,0.0,NE@5.3,9.6,81.2,0.0,0,"Orondo, Douglas County",330078,Orondo,2018-10-02 14:55:00.857808
2018-08-13,21:45,77.9,78.2,42.2,28.0,0.0,NE@7.0,13.2,81.2,0.0,0,"Orondo, Douglas County",330078,Orondo,2018-10-02 14:55:00.857808
2018-08-13,22:00,78.2,78.5,41.7,27.1,0.0,NE@8.3,12.1,81.3,0.0,0,"Orondo, Douglas County",330078,Orondo,2018-10-02 14:55:00.857808
2018-08-13,22:15,77.8,78.1,41.1,26.9,0.0,NE@6.4,12.8,81.3,0.0,0,"Orondo, Douglas County",330078,Orondo,2018-10-02 14:55:00.857808
2018-08-13,22:30,77.0,77.2,41.5,28.1,0.0,NE@5.9,11.7,81.3,0.0,0,"Orondo, Douglas County",330078,Orondo,2018-10-02 14:55:00.857808
2018-08-13,22:45,75.8,76.1,41.4,29.1,0.0,NE@5.5,10.7,81.4,0.0,0,"Orondo, Douglas County",330078,Orondo,2018-10-02 14:55:00.857808
2018-08-13,23:00,76.0,76.3,40.8,28.2,0.0,NE@6.6,11.4,81.4,0.0,0,"Orondo, Douglas County",330078,Orondo,2018-10-02 14:55:00.857808
2018-08-13,23:15,75.6,75.9,40.9,28.8,0.0,NE@6.1,9.2,81.4,0.0,0,"Orondo, Douglas County",330078,Orondo,2018-10-02 14:55:00.857808
2018-08-13,23:30,75.4,75.6,40.9,28.9,0.0,NE@5.3,11.4,81.4,0.0,0,"Orondo, Douglas County",330078,Orondo,2018-10-02 14:55:00.857808
2018-08-13,23:45,73.4,73.6,42.7,33.2,0.0,N@5.1,8.5,81.4,0.0,0,"Orondo, Douglas County",330078,Orondo,2018-10-02 14:55:00.857808
2018-08-13,24:00,72.6,72.8,43.8,35.6,0.0,NE@4.8,8.2,81.4,0.0,0,"Orondo, Douglas County",330078,Orondo,2018-10-02 14:55:00.857808
2018-08-14,00:15,71.2,71.4,45.5,39.6,0.0,SW@1.2,3.1,81.4,0.0,0,"Orondo, Douglas County",330078,Orondo,2018-10-02 14:55:00.857808
2018-08-14,00:30,69.9,70.3,44.6,40.0,0.0,SE@3.5,4.9,81.5,0.0,0,"Orondo, Douglas County",330078,Orondo,2018-10-02 14:55:00.857808
2018-08-14,00:45,70.8,71.1,43.6,37.4,0.0,NE@3.1,4.9,81.5,0.0,0,"Orondo, Douglas County",330078,Orondo,2018-10-02 14:55:00.857808
2018-08-14,01:00,71.7,71.9,43.3,36.0,0.0,NE@3.2,6.0,81.4,0.0,0,"Orondo, Douglas County",330078,Orondo,2018-10-02 14:55:00.857808
2018-08-14,01:15,69.1,69.3,44.7,41.4,0.0,SE@0.8,3.9,81.4,0.0,0,"Orondo, Douglas County",330078,Orondo,2018-10-02 14:55:00.857808
2018-08-14,01:30,68.1,68.4,45.4,44.0,0.0,SE@3.4,4.6,81.4,0.0,0,"Orondo, Douglas County",330078,Orondo,2018-10-02 14:55:00.857808
2018-08-14,01:45,67.9,68.2,45.7,44.8,0.0,SE@4.1,5.3,81.4,0.0,0,"Orondo, Douglas County",330078,Orondo,2018-10-02 14:55:00.857808
2018-08-14,02:00,67.1,67.3,45.8,46.3,0.0,SE@3.3,4.6,81.4,0.0,0,"Orondo, Douglas County",330078,Orondo,2018-10-02 14:55:00.857808
2018-08-14,02:15,66.4,66.7,45.3,46.4,0.0,SE@3.3,4.2,81.4,0.0,0,"Orondo, Douglas County",330078,Orondo,2018-10-02 14:55:00.857808
2018-08-14,02:30,64.3,64.6,45.3,49.9,0.0,E@2.5,3.9,81.4,0.0,0,"Orondo, Douglas County",330078,Orondo,2018-10-02 14:55:00.857808
2018-08-14,02:45,65.9,66.1,44.2,45.4,0.0,SE@1.3,3.5,81.3,0.0,0,"Orondo, Douglas County",330078,Orondo,2018-10-02 14:55:00.857808
2018-08-14,03:00,65.2,65.4,44.9,47.6,0.0,E@0.9,2.8,81.3,0.0,0,"Orondo, Douglas County",330078,Orondo,2018-10-02 14:55:00.857808
2018-08-14,03:15,63.3,63.7,45.7,52.6,0.0,SE@1.1,3.9,81.3,0.0,0,"Orondo, Douglas County",330078,Orondo,2018-10-02 14:55:00.857808
2018-08-14,03:30,64.7,64.9,46.9,52.4,0.0,NE@2.7,4.6,81.3,0.0,0,"Orondo, Douglas County",330078,Orondo,2018-10-02 14:55:00.857808
2018-08-14,03:45,65.0,65.2,49.4,56.9,0.0,NE@2.9,4.2,81.3,0.0,0,"Orondo, Douglas County",330078,Orondo,2018-10-02 14:55:00.857808
2018-08-14,04:00,64.9,65.1,47.0,52.2,0.0,NE@3.0,5.3,81.2,0.0,0,"Orondo, Douglas County",330078,Orondo,2018-10-02 14:55:00.857808
2018-08-14,04:15,65.1,65.4,44.8,47.8,0.0,NE@3.4,5.7,81.2,0.0,0,"Orondo, Douglas County",330078,Orondo,2018-10-02 14:55:00.857808
2018-08-14,04:30,65.6,65.8,44.4,46.2,0.0,NE@4.6,7.8,81.1,0.0,0,"Orondo, Douglas County",330078,Orondo,2018-10-02 14:55:00.857808
2018-08-14,04:45,66.2,66.4,43.8,44.2,0.0,N@4.5,8.5,81.1,0.0,0,"Orondo, Douglas County",330078,Orondo,2018-10-02 14:55:00.857808
2018-08-14,05:00,65.1,65.4,43.9,46.1,0.0,E@2.6,4.6,81.1,0.0,0,"Orondo, Douglas County",330078,Orondo,2018-10-02 14:55:00.857808
2018-08-14,05:15,64.6,64.8,44.1,47.2,0.0,NE@3.5,6.7,81.0,0.0,0,"Orondo, Douglas County",330078,Orondo,2018-10-02 14:55:00.857808
2018-08-14,05:30,65.0,65.2,44.3,46.9,0.0,NE@4.7,8.2,81.0,0.0,0,"Orondo, Douglas County",330078,Orondo,2018-10-02 14:55:00.857808
2018-08-14,05:45,64.9,65.1,44.7,47.9,0.0,N@4.4,7.1,80.9,0.0,1,"Orondo, Douglas County",330078,Orondo,2018-10-02 14:55:00.857808
2018-08-14,06:00,63.7,63.9,44.7,49.9,0.0,NE@1.7,4.2,80.9,0.0,2,"Orondo, Douglas County",330078,Orondo,2018-10-02 14:55:00.857808
2018-08-14,06:15,62.7,62.8,44.7,51.8,0.0,NE@0.7,3.9,80.9,0.0,5,"Orondo, Douglas County",330078,Orondo,2018-10-02 14:55:00.857808
2018-08-14,06:30,63.1,63.3,46.3,54.2,0.0,NE@1.8,4.9,80.8,0.0,12,"Orondo, Douglas County",330078,Orondo,2018-10-02 14:55:00.857808
2018-08-14,06:45,61.3,61.5,45.7,56.4,0.0,N@0.0,0.0,80.8,0.0,22,"Orondo, Douglas County",330078,Orondo,2018-10-02 14:55:00.857808
2018-08-14,07:00,61.3,61.5,46.4,57.9,0.0,E@0.2,3.1,80.7,0.0,32,"Orondo, Douglas County",330078,Orondo,2018-10-02 14:55:00.857808
2018-08-14,07:15,61.5,61.7,47.3,59.4,0.0,SE@1.3,3.5,80.7,0.0,43,"Orondo, Douglas County",330078,Orondo,2018-10-02 14:55:00.857808
2018-08-14,07:30,61.2,61.6,46.9,59.1,0.0,SE@3.3,4.2,80.6,0.0,55,"Orondo, Douglas County",330078,Orondo,2018-10-02 14:55:00.857808
2018-08-14,07:45,62.8,63.0,46.3,54.8,0.0,NE@0.9,2.4,80.6,0.0,68,"Orondo, Douglas County",330078,Orondo,2018-10-02 14:55:00.857808
2018-08-14,08:00,61.7,61.9,49.9,65.1,0.0,S@1.1,3.9,80.5,0.0,83,"Orondo, Douglas County",330078,Orondo,2018-10-02 14:55:00.857808
2018-08-14,08:15,61.5,61.7,49.4,64.5,0.0,SE@2.0,3.9,80.5,0.0,100,"Orondo, Douglas County",330078,Orondo,2018-10-02 14:55:00.857808
2018-08-14,08:30,62.9,63.1,49.0,60.3,0.0,NW@0.0,1.4,80.4,0.0,120,"Orondo, Douglas County",330078,Orondo,2018-10-02 14:55:00.857808
2018-08-14,08:45,63.8,63.9,50.2,61.2,0.0,NW@0.0,1.4,80.3,0.0,143,"Orondo, Douglas County",330078,Orondo,2018-10-02 14:55:00.857808
2018-08-14,09:00,64.4,64.4,50.8,61.3,0.0,NW@0.0,1.4,80.3,0.0,172,"Orondo, Douglas County",330078,Orondo,2018-10-02 14:55:00.857808
2018-08-14,09:15,65.4,65.4,50.0,57.4,0.0,N@1.2,4.2,80.2,0.0,193,"Orondo, Douglas County",330078,Orondo,2018-10-02 14:55:00.857808
2018-08-14,09:30,65.7,65.7,49.4,55.7,0.0,N@2.5,4.6,80.2,0.0,218,"Orondo, Douglas County",330078,Orondo,2018-10-02 14:55:00.857808
2018-08-14,09:45,66.0,66.1,49.0,54.1,0.0,N@3.1,5.7,80.1,0.0,246,"Orondo, Douglas County",330078,Orondo,2018-10-02 14:55:00.857808
2018-08-14,10:00,67.1,67.3,47.5,49.2,0.0,N@2.3,5.3,80.1,0.0,279,"Orondo, Douglas County",330078,Orondo,2018-10-02 14:55:00.857808
2018-08-14,10:15,68.4,68.5,47.2,46.5,0.0,N@1.5,3.9,80.0,0.0,313,"Orondo, Douglas County",330078,Orondo,2018-10-02 14:55:00.857808
2018-08-14,10:30,69.9,69.7,48.5,46.5,0.0,NW@1.4,3.5,80.0,0.0,356,"Orondo, Douglas County",330078,Orondo,2018-10-02 14:55:00.857808
2018-08-14,10:45,69.9,69.9,49.6,48.4,0.0,W@1.3,3.5,79.9,0.0,388,"Orondo, Douglas County",330078,Orondo,2018-10-02 14:55:00.857808
2018-08-14,11:00,71.7,71.7,49.5,45.3,0.0,W@0.7,2.8,79.8,0.0,415,"Orondo, Douglas County",330078,Orondo,2018-10-02 14:55:00.857808
2018-08-14,11:15,72.7,72.6,48.6,42.3,0.0,NW@2.1,4.2,79.8,0.0,458,"Orondo, Douglas County",330078,Orondo,2018-10-02 14:55:00.857808
2018-08-14,11:30,73.2,73.0,48.8,42.2,0.0,W@2.6,3.9,79.8,0.0,486,"Orondo, Douglas County",330078,Orondo,2018-10-02 14:55:00.857808
2018-08-14,11:45,74.7,74.7,47.9,38.6,0.0,NW@2.1,3.5,79.7,0.0,521,"Orondo, Douglas County",330078,Orondo,2018-10-02 14:55:00.857808
2018-08-14,12:00,75.8,75.6,48.2,37.7,0.0,W@2.0,3.9,79.6,0.0,544,"Orondo, Douglas County",330078,Orondo,2018-10-02 14:55:00.857808
2018-08-14,12:15,76.7,76.6,46.7,34.5,0.0,W@2.2,4.2,79.6,0.0,542,"Orondo, Douglas County",330078,Orondo,2018-10-02 14:55:00.857808
2018-08-14,12:30,77.6,77.4,46.7,33.5,0.0,W@2.6,3.9,79.5,0.0,548,"Orondo, Douglas County",330078,Orondo,2018-10-02 14:55:00.857808
2018-08-14,12:45,79.0,78.7,46.5,31.9,0.0,W@2.8,4.2,79.5,0.0,549,"Orondo, Douglas County",330078,Orondo,2018-10-02 14:55:00.857808
2018-08-14,13:00,80.8,80.4,46.6,30.2,0.0,NW@2.4,4.6,79.5,0.0,576,"Orondo, Douglas County",330078,Orondo,2018-10-02 14:55:00.857808
2018-08-14,13:15,82.0,81.7,46.8,29.2,0.0,NW@2.8,4.6,79.4,0.0,591,"Orondo, Douglas County",330078,Orondo,2018-10-02 14:55:00.857808
2018-08-14,13:30,82.1,81.8,46.1,28.3,0.0,W@2.8,4.2,79.4,0.0,601,"Orondo, Douglas County",330078,Orondo,2018-10-02 14:55:00.857808
2018-08-14,13:45,82.8,82.6,45.4,26.9,0.0,W@3.1,4.6,79.3,0.0,591,"Orondo, Douglas County",330078,Orondo,2018-10-02 14:55:00.857808
2018-08-14,14:00,84.4,84.4,44.7,25.0,0.0,SW@1.3,3.9,79.3,0.0,575,"Orondo, Douglas County",330078,Orondo,2018-10-02 14:55:00.857808
2018-08-14,14:15,85.6,85.6,44.7,24.0,0.0,SW@2.0,3.9,79.3,0.0,575,"Orondo, Douglas County",330078,Orondo,2018-10-02 14:55:00.857808
2018-08-14,14:30,85.9,85.7,44.0,23.2,0.0,W@2.8,4.2,79.3,0.0,570,"Orondo, Douglas County",330078,Orondo,2018-10-02 14:55:00.857808
2018-08-14,14:45,87.7,87.8,45.4,23.1,0.0,SW@1.7,3.9,79.3,0.0,565,"Orondo, Douglas County",330078,Orondo,2018-10-02 14:55:00.857808
2018-08-14,15:00,88.9,88.9,46.2,22.8,0.0,S@1.8,4.2,79.3,0.0,544,"Orondo, Douglas County",330078,Orondo,2018-10-02 14:55:00.857808
2018-08-14,15:15,88.9,88.9,47.6,24.1,0.0,S@2.4,3.9,79.3,0.0,536,"Orondo, Douglas County",330078,Orondo,2018-10-02 14:55:00.857808
2018-08-14,15:30,88.6,88.5,49.0,25.6,0.0,S@2.7,4.9,79.3,0.0,537,"Orondo, Douglas County",330078,Orondo,2018-10-02 14:55:00.857808
2018-08-14,15:45,90.5,90.5,47.7,23.0,0.0,S@2.1,4.6,79.3,0.0,506,"Orondo, Douglas County",330078,Orondo,2018-10-02 14:55:00.857808
2018-08-14,16:00,89.9,89.8,47.4,23.2,0.0,S@3.0,6.0,79.3,0.0,485,"Orondo, Douglas County",330078,Orondo,2018-10-02 14:55:00.857808
2018-08-14,16:15,89.5,89.5,49.1,25.0,0.0,S@3.4,4.9,79.3,0.0,452,"Orondo, Douglas County",330078,Orondo,2018-10-02 14:55:00.857808
2018-08-14,16:30,89.8,89.8,46.9,22.8,0.0,S@4.0,6.7,79.3,0.0,424,"Orondo, Douglas County",330078,Orondo,2018-10-02 14:55:00.857808
2018-08-14,16:45,89.8,89.8,47.5,23.3,0.0,SE@3.6,6.7,79.3,0.0,390,"Orondo, Douglas County",330078,Orondo,2018-10-02 14:55:00.857808
2018-08-14,17:00,90.2,90.1,48.8,24.3,0.0,SE@2.6,4.2,79.4,0.0,353,"Orondo, Douglas County",330078,Orondo,2018-10-02 14:55:00.857808
2018-08-14,17:15,90.4,90.5,45.1,20.9,0.0,S@3.3,6.4,79.4,0.0,325,"Orondo, Douglas County",330078,Orondo,2018-10-02 14:55:00.857808
2018-08-14,17:30,89.8,89.9,44.4,20.8,0.0,S@3.5,7.8,79.5,0.0,300,"Orondo, Douglas County",330078,Orondo,2018-10-02 14:55:00.857808
2018-08-14,17:45,89.5,89.6,45.0,21.5,0.0,S@3.0,4.9,79.5,0.0,264,"Orondo, Douglas County",330078,Orondo,2018-10-02 14:55:00.857808
2018-08-14,18:00,88.9,89.1,44.7,21.6,0.0,SE@3.2,6.7,79.6,0.0,224,"Orondo, Douglas County",330078,Orondo,2018-10-02 14:55:00.857808
2018-08-14,18:15,88.5,88.7,44.1,21.4,0.0,SE@3.2,6.4,79.6,0.0,176,"Orondo, Douglas County",330078,Orondo,2018-10-02 14:55:00.857808
2018-08-14,18:30,87.4,87.6,44.5,22.5,0.0,SE@3.5,7.4,79.7,0.0,127,"Orondo, Douglas County",330078,Orondo,2018-10-02 14:55:00.857808
2018-08-14,18:45,86.3,86.5,46.4,25.0,0.0,S@2.4,5.7,79.7,0.0,107,"Orondo, Douglas County",330078,Orondo,2018-10-02 14:55:00.857808
2018-08-14,19:00,84.8,85.0,46.6,26.5,0.0,S@3.9,7.8,79.8,0.0,76,"Orondo, Douglas County",330078,Orondo,2018-10-02 14:55:00.857808
2018-08-14,19:15,84.7,85.0,44.8,24.8,0.0,S@4.7,7.1,79.8,0.0,54,"Orondo, Douglas County",330078,Orondo,2018-10-02 14:55:00.857808
2018-08-14,19:30,84.8,85.1,43.8,23.8,0.0,S@4.4,7.1,79.9,0.0,36,"Orondo, Douglas County",330078,Orondo,2018-10-02 14:55:00.857808
2018-08-14,19:45,84.7,84.9,43.5,23.5,0.0,S@4.2,8.2,80.0,0.0,23,"Orondo, Douglas County",330078,Orondo,2018-10-02 14:55:00.857808
2018-08-14,20:00,84.7,85.0,42.5,22.7,0.0,S@4.3,7.4,80.0,0.0,13,"Orondo, Douglas County",330078,Orondo,2018-10-02 14:55:00.857808
2018-08-14,20:15,84.7,85.0,41.8,22.1,0.0,S@3.7,8.5,80.1,0.0,4,"Orondo, Douglas County",330078,Orondo,2018-10-02 14:55:00.857808
2018-08-14,20:30,84.4,84.7,42.3,22.7,0.0,SW@3.8,7.1,80.1,0.0,2,"Orondo, Douglas County",330078,Orondo,2018-10-02 14:55:00.857808
2018-08-14,20:45,82.0,82.2,43.6,25.8,0.0,S@3.6,6.4,80.2,0.0,1,"Orondo, Douglas County",330078,Orondo,2018-10-02 14:55:00.857808
2018-08-14,21:00,81.8,82.0,43.4,25.8,0.0,S@3.8,8.2,80.3,0.0,0,"Orondo, Douglas County",330078,Orondo,2018-10-02 14:55:00.857808
2018-08-14,21:15,80.4,80.7,44.1,27.7,0.0,S@3.7,6.7,80.4,0.0,0,"Orondo, Douglas County",330078,Orondo,2018-10-02 14:55:00.857808
2018-08-14,21:30,79.0,79.4,44.6,29.6,0.0,SE@3.8,5.3,80.4,0.0,0,"Orondo, Douglas County",330078,Orondo,2018-10-02 14:55:00.857808
2018-08-14,21:45,78.6,78.9,44.5,29.8,0.0,SE@3.8,6.0,80.5,0.0,0,"Orondo, Douglas County",330078,Orondo,2018-10-02 14:55:00.857808
2018-08-14,22:00,78.6,78.9,43.9,29.2,0.0,SE@4.7,6.7,80.5,0.0,0,"Orondo, Douglas County",330078,Orondo,2018-10-02 14:55:00.857808
2018-08-14,22:15,78.5,78.8,43.6,29.0,0.0,SE@4.0,5.7,80.6,0.0,0,"Orondo, Douglas County",330078,Orondo,2018-10-02 14:55:00.857808
2018-08-14,22:30,77.9,78.2,44.1,30.1,0.0,SE@3.8,4.9,80.6,0.0,0,"Orondo, Douglas County",330078,Orondo,2018-10-02 14:55:00.857808
2018-08-14,22:45,76.7,77.0,44.0,31.2,0.0,SE@3.2,4.2,80.7,0.0,0,"Orondo, Douglas County",330078,Orondo,2018-10-02 14:55:00.857808
2018-08-14,23:00,76.1,76.3,44.2,32.1,0.0,SE@2.1,4.2,80.7,0.0,0,"Orondo, Douglas County",330078,Orondo,2018-10-02 14:55:00.857808
2018-08-14,23:15,73.6,73.8,44.5,35.2,0.0,E@2.6,4.2,80.7,0.0,0,"Orondo, Douglas County",330078,Orondo,2018-10-02 14:55:00.857808
2018-08-14,23:30,73.0,73.1,44.4,35.8,0.0,E@2.7,4.2,80.7,0.0,0,"Orondo, Douglas County",330078,Orondo,2018-10-02 14:55:00.857808
2018-08-14,23:45,72.5,72.9,44.6,36.7,0.0,SE@3.4,4.9,80.8,0.0,0,"Orondo, Douglas County",330078,Orondo,2018-10-02 14:55:00.857808
2018-08-14,24:00,72.1,72.6,45.6,38.6,0.0,SE@4.4,5.7,80.8,0.0,0,"Orondo, Douglas County",330078,Orondo,2018-10-02 14:55:00.857808
2018-08-15,00:15,72.9,73.2,46.2,38.6,0.0,S@3.6,5.3,80.8,0.0,0,"Orondo, Douglas County",330078,Orondo,2018-10-02 14:55:00.857808
2018-08-15,00:30,71.5,71.8,46.3,40.5,0.0,S@3.4,4.9,80.8,0.0,0,"Orondo, Douglas County",330078,Orondo,2018-10-02 14:55:00.857808
2018-08-15,00:45,69.2,69.4,46.8,44.7,0.0,SE@2.6,3.5,80.8,0.0,0,"Orondo, Douglas County",330078,Orondo,2018-10-02 14:55:00.857808
2018-08-15,01:00,69.5,69.7,46.3,43.4,0.0,SE@2.3,5.3,80.8,0.0,0,"Orondo, Douglas County",330078,Orondo,2018-10-02 14:55:00.857808
2018-08-15,01:15,69.2,69.6,47.2,45.2,0.0,SE@3.2,4.9,80.8,0.0,0,"Orondo, Douglas County",330078,Orondo,2018-10-02 14:55:00.857808
2018-08-15,01:30,69.4,69.7,46.9,44.4,0.0,SE@3.0,3.9,80.8,0.0,0,"Orondo, Douglas County",330078,Orondo,2018-10-02 14:55:00.857808
2018-08-15,01:45,66.9,66.9,47.6,50.0,0.0,E@1.5,3.1,80.8,0.0,0,"Orondo, Douglas County",330078,Orondo,2018-10-02 14:55:00.857808
2018-08-15,02:00,67.6,67.9,47.9,49.2,0.0,SE@2.2,3.1,80.8,0.0,0,"Orondo, Douglas County",330078,Orondo,2018-10-02 14:55:00.857808
2018-08-15,02:15,67.1,67.4,47.9,50.0,0.0,SE@1.5,3.5,80.8,0.0,0,"Orondo, Douglas County",330078,Orondo,2018-10-02 14:55:00.857808
2018-08-15,02:30,66.8,67.1,48.0,50.8,0.0,SE@2.7,4.2,80.8,0.0,0,"Orondo, Douglas County",330078,Orondo,2018-10-02 14:55:00.857808
2018-08-15,02:45,66.5,66.9,47.8,50.8,0.0,SE@3.3,4.6,80.8,0.0,0,"Orondo, Douglas County",330078,Orondo,2018-10-02 14:55:00.857808
2018-08-15,03:00,66.3,66.6,47.8,51.2,0.0,SE@2.7,4.2,80.8,0.0,0,"Orondo, Douglas County",330078,Orondo,2018-10-02 14:55:00.857808
2018-08-15,03:15,66.4,66.7,47.5,50.4,0.0,SE@3.3,4.6,80.7,0.0,0,"Orondo, Douglas County",330078,Orondo,2018-10-02 14:55:00.857808
2018-08-15,03:30,66.7,67.0,47.1,49.4,0.0,E@3.7,4.6,80.7,0.0,0,"Orondo, Douglas County",330078,Orondo,2018-10-02 14:55:00.857808
2018-08-15,03:45,65.6,65.8,47.1,51.3,0.0,E@2.4,3.9,80.7,0.0,0,"Orondo, Douglas County",330078,Orondo,2018-10-02 14:55:00.857808
2018-08-15,04:00,65.7,65.9,47.3,51.3,0.0,E@2.7,3.9,80.6,0.0,0,"Orondo, Douglas County",330078,Orondo,2018-10-02 14:55:00.857808
2018-08-15,04:15,64.2,64.4,47.4,54.4,0.0,E@2.7,3.5,80.6,0.0,0,"Orondo, Douglas County",330078,Orondo,2018-10-02 14:55:00.857808
2018-08-15,04:30,63.0,63.2,47.9,57.6,0.0,E@3.4,4.6,80.6,0.0,0,"Orondo, Douglas County",330078,Orondo,2018-10-02 14:55:00.857808
2018-08-15,04:45,63.6,63.6,48.7,58.2,0.0,E@0.0,1.7,80.5,0.0,0,"Orondo, Douglas County",330078,Orondo,2018-10-02 14:55:00.857808
2018-08-15,05:00,63.0,63.2,47.2,56.3,0.0,E@3.5,4.6,80.5,0.0,0,"Orondo, Douglas County",330078,Orondo,2018-10-02 14:55:00.857808
2018-08-15,05:15,62.9,63.1,47.6,57.1,0.0,E@2.0,4.2,80.5,0.0,0,"Orondo, Douglas County",330078,Orondo,2018-10-02 14:55:00.857808
2018-08-15,05:30,62.7,63.0,47.6,57.7,0.0,E@3.3,4.2,80.4,0.0,0,"Orondo, Douglas County",330078,Orondo,2018-10-02 14:55:00.857808
2018-08-15,05:45,62.4,62.7,48.0,59.1,0.0,E@3.7,4.2,80.4,0.0,1,"Orondo, Douglas County",330078,Orondo,2018-10-02 14:55:00.857808
2018-08-15,06:00,63.0,63.3,46.7,55.2,0.0,E@3.1,4.2,80.3,0.0,2,"Orondo, Douglas County",330078,Orondo,2018-10-02 14:55:00.857808
2018-08-15,06:15,63.0,63.2,47.1,56.1,0.0,E@3.1,4.2,80.3,0.0,5,"Orondo, Douglas County",330078,Orondo,2018-10-02 14:55:00.857808
2018-08-15,06:30,62.5,62.7,48.6,60.3,0.0,E@3.5,4.6,80.2,0.0,12,"Orondo, Douglas County",330078,Orondo,2018-10-02 14:55:00.857808
2018-08-15,06:45,62.6,62.9,48.2,59.1,0.0,E@3.0,4.2,80.2,0.0,21,"Orondo, Douglas County",330078,Orondo,2018-10-02 14:55:00.857808
2018-08-15,07:00,63.0,63.2,50.8,64.3,0.0,NE@1.7,3.1,80.1,0.0,31,"Orondo, Douglas County",330078,Orondo,2018-10-02 14:55:00.857808
2018-08-15,07:15,63.2,63.5,49.8,61.4,0.0,NE@1.1,3.9,80.1,0.0,46,"Orondo, Douglas County",330078,Orondo,2018-10-02 14:55:00.857808
2018-08-15,07:30,63.4,63.6,50.1,61.7,0.0,N@2.2,4.2,80.0,0.0,60,"Orondo, Douglas County",330078,Orondo,2018-10-02 14:55:00.857808
2018-08-15,07:45,62.5,62.7,51.0,65.8,0.0,SE@1.7,4.2,80.0,0.0,76,"Orondo, Douglas County",330078,Orondo,2018-10-02 14:55:00.857808
2018-08-15,08:00,62.6,62.8,50.4,64.2,0.0,E@0.1,2.1,79.9,0.0,101,"Orondo, Douglas County",330078,Orondo,2018-10-02 14:55:00.857808
2018-08-15,08:15,63.4,63.7,51.9,66.1,0.0,NE@0.0,1.4,79.9,0.0,130,"Orondo, Douglas County",330078,Orondo,2018-10-02 14:55:00.857808
2018-08-15,08:30,64.5,64.7,52.0,63.9,0.0,SE@1.2,3.5,79.8,0.0,153,"Orondo, Douglas County",330078,Orondo,2018-10-02 14:55:00.857808
2018-08-15,08:45,65.9,66.0,50.1,56.6,0.0,NW@0.0,1.4,79.8,0.0,175,"Orondo, Douglas County",330078,Orondo,2018-10-02 14:55:00.857808
2018-08-15,09:00,67.1,67.1,50.6,55.3,0.0,N@0.5,2.4,79.7,0.0,201,"Orondo, Douglas County",330078,Orondo,2018-10-02 14:55:00.857808
2018-08-15,09:15,67.1,67.1,51.1,56.4,0.0,N@1.4,3.1,79.7,0.0,225,"Orondo, Douglas County",330078,Orondo,2018-10-02 14:55:00.857808
2018-08-15,09:30,67.4,67.7,51.9,57.5,0.0,N@1.5,3.1,79.6,0.0,259,"Orondo, Douglas County",330078,Orondo,2018-10-02 14:55:00.857808
2018-08-15,09:45,68.7,69.1,50.0,51.2,0.0,N@1.9,4.2,79.6,0.0,290,"Orondo, Douglas County",330078,Orondo,2018-10-02 14:55:00.857808
2018-08-15,10:00,69.9,70.1,50.1,49.3,0.0,N@2.3,5.3,79.5,0.0,328,"Orondo, Douglas County",330078,Orondo,2018-10-02 14:55:00.857808
2018-08-15,10:15,70.9,70.9,48.9,45.7,0.0,N@3.3,5.7,79.4,0.0,367,"Orondo, Douglas County",330078,Orondo,2018-10-02 14:55:00.857808
2018-08-15,10:30,71.1,71.0,50.0,47.2,0.0,N@3.6,6.4,79.4,0.0,401,"Orondo, Douglas County",330078,Orondo,2018-10-02 14:55:00.857808
2018-08-15,10:45,72.6,72.4,49.4,44.0,0.0,NW@3.9,6.0,79.3,0.0,439,"Orondo, Douglas County",330078,Orondo,2018-10-02 14:55:00.857808
2018-08-15,11:00,74.0,73.9,49.6,42.1,0.0,N@3.4,6.0,79.3,0.0,478,"Orondo, Douglas County",330078,Orondo,2018-10-02 14:55:00.857808
2018-08-15,11:15,75.0,74.8,49.9,41.2,0.0,NW@3.7,6.4,79.2,0.0,515,"Orondo, Douglas County",330078,Orondo,2018-10-02 14:55:00.857808
2018-08-15,11:30,76.5,76.3,48.0,36.5,0.0,NW@3.7,6.0,79.2,0.0,556,"Orondo, Douglas County",330078,Orondo,2018-10-02 14:55:00.857808
2018-08-15,11:45,77.5,77.4,46.7,33.6,0.0,N@4.3,7.4,79.1,0.0,578,"Orondo, Douglas County",330078,Orondo,2018-10-02 14:55:00.857808
2018-08-15,12:00,78.9,78.6,48.4,34.3,0.0,N@3.9,7.1,79.1,0.0,610,"Orondo, Douglas County",330078,Orondo,2018-10-02 14:55:00.857808
2018-08-15,12:15,79.6,79.4,47.1,31.8,0.0,N@4.2,6.4,79.0,0.0,627,"Orondo, Douglas County",330078,Orondo,2018-10-02 14:55:00.857808
2018-08-15,12:30,81.0,80.7,48.5,32.1,0.0,N@3.2,6.0,79.0,0.0,639,"Orondo, Douglas County",330078,Orondo,2018-10-02 14:55:00.857808
2018-08-15,12:45,82.7,82.4,47.5,29.2,0.0,NW@3.5,6.0,78.9,0.0,654,"Orondo, Douglas County",330078,Orondo,2018-10-02 14:55:00.857808
2018-08-15,13:00,84.3,83.9,47.8,28.1,0.0,NW@3.2,4.9,78.9,0.0,665,"Orondo, Douglas County",330078,Orondo,2018-10-02 14:55:00.857808
2018-08-15,13:15,84.4,84.0,48.3,28.5,0.0,NW@3.2,4.6,78.9,0.0,670,"Orondo, Douglas County",330078,Orondo,2018-10-02 14:55:00.857808
2018-08-15,13:30,84.7,84.5,47.3,27.3,0.0,W@2.7,3.9,78.8,0.0,664,"Orondo, Douglas County",330078,Orondo,2018-10-02 14:55:00.857808
2018-08-15,13:45,87.4,87.3,47.0,24.7,0.0,W@2.3,4.2,78.8,0.0,651,"Orondo, Douglas County",330078,Orondo,2018-10-02 14:55:00.857808
2018-08-15,14:00,87.2,87.0,45.7,23.7,0.0,W@2.9,4.6,78.8,0.0,633,"Orondo, Douglas County",330078,Orondo,2018-10-02 14:55:00.857808
2018-08-15,14:15,89.5,89.4,45.9,22.2,0.0,W@2.5,4.6,78.8,0.0,625,"Orondo, Douglas County",330078,Orondo,2018-10-02 14:55:00.857808
2018-08-15,14:30,90.3,90.3,47.4,23.0,0.0,SW@2.5,5.3,78.8,0.0,575,"Orondo, Douglas County",330078,Orondo,2018-10-02 14:55:00.857808
2018-08-15,14:45,89.4,89.4,50.5,26.4,0.0,S@3.2,4.9,78.8,0.0,558,"Orondo, Douglas County",330078,Orondo,2018-10-02 14:55:00.857808
2018-08-15,15:00,89.9,89.8,50.9,26.4,0.0,S@4.0,6.7,78.8,0.0,571,"Orondo, Douglas County",330078,Orondo,2018-10-02 14:55:00.857808
2018-08-15,15:15,91.1,91.0,49.7,24.3,0.0,S@4.6,7.4,78.8,0.0,588,"Orondo, Douglas County",330078,Orondo,2018-10-02 14:55:00.857808
2018-08-15,15:30,91.5,91.4,51.5,25.7,0.0,S@3.7,6.0,78.8,0.0,557,"Orondo, Douglas County",330078,Orondo,2018-10-02 14:55:00.857808
2018-08-15,15:45,93.0,93.0,49.2,22.5,0.0,S@4.1,12.8,78.8,0.0,558,"Orondo, Douglas County",330078,Orondo,2018-10-02 14:55:00.857808
2018-08-15,16:00,92.3,92.3,47.3,21.4,0.0,S@5.9,9.9,78.8,0.0,537,"Orondo, Douglas County",330078,Orondo,2018-10-02 14:55:00.857808
2018-08-15,16:15,93.0,92.9,47.3,21.0,0.0,S@5.3,11.0,78.8,0.0,507,"Orondo, Douglas County",330078,Orondo,2018-10-02 14:55:00.857808
2018-08-15,16:30,92.5,92.5,46.6,20.8,0.0,S@5.9,11.0,78.9,0.0,488,"Orondo, Douglas County",330078,Orondo,2018-10-02 14:55:00.857808
2018-08-15,16:45,93.1,93.2,45.5,19.5,0.0,SW@5.6,9.9,78.9,0.0,455,"Orondo, Douglas County",330078,Orondo,2018-10-02 14:55:00.857808
2018-08-15,17:00,93.0,93.1,45.0,19.2,0.0,SW@5.1,9.2,78.9,0.0,410,"Orondo, Douglas County",330078,Orondo,2018-10-02 14:55:00.857808
2018-08-15,17:15,93.2,93.3,44.0,18.4,0.0,SW@5.2,8.9,79.0,0.0,360,"Orondo, Douglas County",330078,Orondo,2018-10-02 14:55:00.857808
2018-08-15,17:30,92.6,92.7,45.2,19.6,0.0,SW@5.1,8.9,79.0,0.0,310,"Orondo, Douglas County",330078,Orondo,2018-10-02 14:55:00.857808
2018-08-15,17:45,92.1,92.3,44.7,19.5,0.0,SW@5.2,8.9,79.1,0.0,267,"Orondo, Douglas County",330078,Orondo,2018-10-02 14:55:00.857808
2018-08-15,18:00,91.7,91.8,45.3,20.2,0.0,S@4.1,7.4,79.2,0.0,224,"Orondo, Douglas County",330078,Orondo,2018-10-02 14:55:00.857808
2018-08-15,18:15,90.1,90.2,46.8,22.6,0.0,SE@4.2,7.1,79.2,0.0,185,"Orondo, Douglas County",330078,Orondo,2018-10-02 14:55:00.857808
2018-08-15,18:30,90.0,90.2,46.1,22.0,0.0,SE@5.7,9.6,79.3,0.0,150,"Orondo, Douglas County",330078,Orondo,2018-10-02 14:55:00.857808
2018-08-15,18:45,89.1,89.3,47.3,23.7,0.0,SE@4.9,6.4,79.4,0.0,120,"Orondo, Douglas County",330078,Orondo,2018-10-02 14:55:00.857808
2018-08-15,19:00,87.9,88.2,48.8,26.0,0.0,SE@5.7,7.4,79.4,0.0,91,"Orondo, Douglas County",330078,Orondo,2018-10-02 14:55:00.857808
2018-08-15,19:15,88.4,88.6,48.1,25.0,0.0,S@5.1,7.4,79.5,0.0,63,"Orondo, Douglas County",330078,Orondo,2018-10-02 14:55:00.857808
2018-08-15,19:30,87.2,87.4,49.1,26.9,0.0,S@4.3,6.4,79.6,0.0,40,"Orondo, Douglas County",330078,Orondo,2018-10-02 14:55:00.857808
2018-08-15,19:45,86.7,87.0,49.5,27.7,0.0,S@3.9,6.4,79.6,0.0,27,"Orondo, Douglas County",330078,Orondo,2018-10-02 14:55:00.857808
2018-08-15,20:00,87.2,87.4,49.2,27.0,0.0,S@3.2,6.4,79.7,0.0,15,"Orondo, Douglas County",330078,Orondo,2018-10-02 14:55:00.857808
2018-08-15,20:15,85.3,85.6,49.8,29.3,0.0,SW@2.0,4.6,79.8,0.0,5,"Orondo, Douglas County",330078,Orondo,2018-10-02 14:55:00.857808
2018-08-15,20:30,84.0,84.4,49.9,30.6,0.0,SE@3.0,4.9,79.9,0.0,2,"Orondo, Douglas County",330078,Orondo,2018-10-02 14:55:00.857808
2018-08-15,20:45,83.4,83.5,49.7,31.0,0.0,E@3.2,4.2,79.9,0.0,1,"Orondo, Douglas County",330078,Orondo,2018-10-02 14:55:00.857808
2018-08-15,21:00,81.6,81.9,50.0,33.2,0.0,SE@3.6,4.9,80.0,0.0,0,"Orondo, Douglas County",330078,Orondo,2018-10-02 14:55:00.857808
2018-08-15,21:15,82.3,82.6,49.4,31.8,0.0,SE@3.1,5.3,80.1,0.0,0,"Orondo, Douglas County",330078,Orondo,2018-10-02 14:55:00.857808
2018-08-15,21:30,81.5,81.9,49.3,32.6,0.0,SE@4.1,5.7,80.2,0.0,0,"Orondo, Douglas County",330078,Orondo,2018-10-02 14:55:00.857808
2018-08-15,21:45,82.4,82.8,48.5,30.8,0.0,SE@4.7,5.7,80.2,0.0,0,"Orondo, Douglas County",330078,Orondo,2018-10-02 14:55:00.857808
2018-08-15,22:00,81.3,81.7,49.0,32.4,0.0,SE@4.9,5.7,80.3,0.0,0,"Orondo, Douglas County",330078,Orondo,2018-10-02 14:55:00.857808
2018-08-15,22:15,80.8,81.1,49.2,33.2,0.0,SE@4.8,6.0,80.3,0.0,0,"Orondo, Douglas County",330078,Orondo,2018-10-02 14:55:00.857808
2018-08-15,22:30,80.9,81.4,49.3,33.2,0.0,SE@4.2,4.9,80.4,0.0,0,"Orondo, Douglas County",330078,Orondo,2018-10-02 14:55:00.857808
2018-08-15,22:45,80.4,80.8,49.8,34.3,0.0,SE@4.2,5.7,80.4,0.0,0,"Orondo, Douglas County",330078,Orondo,2018-10-02 14:55:00.857808
2018-08-15,23:00,79.7,80.1,50.1,35.6,0.0,SE@4.2,5.3,80.5,0.0,0,"Orondo, Douglas County",330078,Orondo,2018-10-02 14:55:00.857808
2018-08-15,23:15,78.3,78.7,50.2,37.4,0.0,S@3.6,4.9,80.5,0.0,0,"Orondo, Douglas County",330078,Orondo,2018-10-02 14:55:00.857808
2018-08-15,23:30,77.8,78.2,49.5,37.0,0.0,SE@3.5,4.2,80.6,0.0,0,"Orondo, Douglas County",330078,Orondo,2018-10-02 14:55:00.857808
2018-08-15,23:45,78.2,78.6,49.7,36.7,0.0,SE@3.9,4.6,80.6,0.0,0,"Orondo, Douglas County",330078,Orondo,2018-10-02 14:55:00.857808
2018-08-15,24:00,76.8,77.1,49.9,38.8,0.0,SE@2.7,4.2,80.6,0.0,0,"Orondo, Douglas County",330078,Orondo,2018-10-02 14:55:00.857808
2018-08-16,00:15,75.1,75.3,50.0,41.3,0.0,E@1.0,2.8,80.6,0.0,0,"Orondo, Douglas County",330078,Orondo,2018-10-02 14:55:00.857808
2018-08-16,00:30,73.7,73.8,50.3,43.7,0.0,E@1.6,4.2,80.7,0.0,0,"Orondo, Douglas County",330078,Orondo,2018-10-02 14:55:00.857808
2018-08-16,00:45,72.1,72.3,50.3,46.1,0.0,SE@3.7,4.6,80.7,0.0,0,"Orondo, Douglas County",330078,Orondo,2018-10-02 14:55:00.857808
2018-08-16,01:00,72.6,72.8,49.3,43.7,0.0,E@2.4,3.5,80.7,0.0,0,"Orondo, Douglas County",330078,Orondo,2018-10-02 14:55:00.857808
2018-08-16,01:15,71.8,72.1,50.6,47.0,0.0,SE@2.2,4.2,80.7,0.0,0,"Orondo, Douglas County",330078,Orondo,2018-10-02 14:55:00.857808
2018-08-16,01:30,71.5,71.7,50.3,47.2,0.0,E@3.8,4.6,80.7,0.0,0,"Orondo, Douglas County",330078,Orondo,2018-10-02 14:55:00.857808
2018-08-16,01:45,72.0,72.2,50.0,45.8,0.0,E@3.0,4.2,80.7,0.0,0,"Orondo, Douglas County",330078,Orondo,2018-10-02 14:55:00.857808
2018-08-16,02:00,70.8,70.9,49.4,46.6,0.0,E@2.4,4.6,80.7,0.0,0,"Orondo, Douglas County",330078,Orondo,2018-10-02 14:55:00.857808
2018-08-16,02:15,71.5,71.8,48.8,44.6,0.0,SE@3.5,4.2,80.7,0.0,0,"Orondo, Douglas County",330078,Orondo,2018-10-02 14:55:00.857808
2018-08-16,02:30,71.6,71.8,48.1,43.4,0.0,E@3.5,4.6,80.7,0.0,0,"Orondo, Douglas County",330078,Orondo,2018-10-02 14:55:00.857808
2018-08-16,02:45,70.0,70.4,48.2,45.8,0.0,SE@3.5,4.6,80.7,0.0,0,"Orondo, Douglas County",330078,Orondo,2018-10-02 14:55:00.857808
2018-08-16,03:00,72.3,72.7,47.4,41.2,0.0,SE@3.9,4.6,80.7,0.0,0,"Orondo, Douglas County",330078,Orondo,2018-10-02 14:55:00.857808
2018-08-16,03:15,72.0,72.4,47.1,41.0,0.0,SE@3.9,4.9,80.6,0.0,0,"Orondo, Douglas County",330078,Orondo,2018-10-02 14:55:00.857808
2018-08-16,03:30,71.0,71.2,48.0,44.0,0.0,E@2.6,3.9,80.6,0.0,0,"Orondo, Douglas County",330078,Orondo,2018-10-02 14:55:00.857808
2018-08-16,03:45,70.2,70.4,49.0,46.8,0.0,E@0.8,4.6,80.6,0.0,0,"Orondo, Douglas County",330078,Orondo,2018-10-02 14:55:00.857808
2018-08-16,04:00,69.8,70.1,48.1,46.0,0.0,E@3.0,4.6,80.6,0.0,0,"Orondo, Douglas County",330078,Orondo,2018-10-02 14:55:00.857808
2018-08-16,04:15,68.0,68.3,48.4,49.5,0.0,E@2.9,4.6,80.6,0.0,0,"Orondo, Douglas County",330078,Orondo,2018-10-02 14:55:00.857808
2018-08-16,04:30,68.3,68.6,47.6,47.5,0.0,E@1.9,3.5,80.5,0.0,0,"Orondo, Douglas County",330078,Orondo,2018-10-02 14:55:00.857808
2018-08-16,04:45,67.3,67.5,47.5,48.9,0.0,E@2.8,3.9,80.5,0.0,0,"Orondo, Douglas County",330078,Orondo,2018-10-02 14:55:00.857808
2018-08-16,05:00,67.0,67.2,46.6,47.9,0.0,E@2.2,3.5,80.5,0.0,0,"Orondo, Douglas County",330078,Orondo,2018-10-02 14:55:00.857808
2018-08-16,05:15,67.7,67.9,44.7,43.5,0.0,E@1.7,3.9,80.4,0.0,0,"Orondo, Douglas County",330078,Orondo,2018-10-02 14:55:00.857808
2018-08-16,05:30,66.2,66.4,49.4,54.6,0.0,NE@3.7,6.0,80.4,0.0,0,"Orondo, Douglas County",330078,Orondo,2018-10-02 14:55:00.857808
2018-08-16,05:45,66.7,66.9,44.1,44.0,0.0,NE@4.8,7.4,80.4,0.0,1,"Orondo, Douglas County",330078,Orondo,2018-10-02 14:55:00.857808
2018-08-16,06:00,66.9,67.1,42.8,41.6,0.0,NE@3.8,5.3,80.3,0.0,2,"Orondo, Douglas County",330078,Orondo,2018-10-02 14:55:00.857808
2018-08-16,06:15,66.6,66.8,43.8,43.5,0.0,NE@4.0,5.3,80.3,0.0,5,"Orondo, Douglas County",330078,Orondo,2018-10-02 14:55:00.857808
2018-08-16,06:30,64.8,65.1,45.5,49.5,0.0,NE@3.4,5.3,80.2,0.0,15,"Orondo, Douglas County",330078,Orondo,2018-10-02 14:55:00.857808
2018-08-16,06:45,66.2,66.5,44.2,44.8,0.0,NE@4.2,5.7,80.2,0.0,25,"Orondo, Douglas County",330078,Orondo,2018-10-02 14:55:00.857808
2018-08-16,07:00,66.1,66.3,44.2,45.0,0.0,NE@4.1,5.7,80.2,0.0,40,"Orondo, Douglas County",330078,Orondo,2018-10-02 14:55:00.857808
2018-08-16,07:15,65.6,65.8,44.5,46.3,0.0,NE@4.1,5.7,80.1,0.0,55,"Orondo, Douglas County",330078,Orondo,2018-10-02 14:55:00.857808
2018-08-16,07:30,65.9,66.1,44.4,45.6,0.0,NE@3.1,5.7,80.1,0.0,72,"Orondo, Douglas County",330078,Orondo,2018-10-02 14:55:00.857808
2018-08-16,07:45,67.1,67.3,43.9,43.2,0.0,NE@2.4,4.2,80.0,0.0,88,"Orondo, Douglas County",330078,Orondo,2018-10-02 14:55:00.857808
2018-08-16,08:00,66.6,66.8,44.9,45.4,0.0,N@3.0,4.9,80.0,0.0,122,"Orondo, Douglas County",330078,Orondo,2018-10-02 14:55:00.857808
2018-08-16,08:15,67.3,67.6,45.3,45.0,0.0,NE@3.1,5.3,79.9,0.0,179,"Orondo, Douglas County",330078,Orondo,2018-10-02 14:55:00.857808
2018-08-16,08:30,68.4,68.5,44.3,41.9,0.0,NE@2.7,4.9,79.9,0.0,212,"Orondo, Douglas County",330078,Orondo,2018-10-02 14:55:00.857808
2018-08-16,08:45,69.4,69.5,46.2,43.4,0.0,N@2.4,4.2,79.8,0.0,250,"Orondo, Douglas County",330078,Orondo,2018-10-02 14:55:00.857808
2018-08-16,09:00,69.7,69.9,44.6,40.5,0.0,NE@3.6,6.0,79.8,0.0,281,"Orondo, Douglas County",330078,Orondo,2018-10-02 14:55:00.857808
2018-08-16,09:15,69.8,70.2,46.3,42.9,0.0,NE@3.7,5.3,79.7,0.0,311,"Orondo, Douglas County",330078,Orondo,2018-10-02 14:55:00.857808
2018-08-16,09:30,70.3,70.6,48.6,46.0,0.0,NE@3.7,6.0,79.7,0.0,343,"Orondo, Douglas County",330078,Orondo,2018-10-02 14:55:00.857808
2018-08-16,09:45,70.9,71.2,49.6,46.8,0.0,NE@3.7,5.7,79.6,0.0,381,"Orondo, Douglas County",330078,Orondo,2018-10-02 14:55:00.857808
2018-08-16,10:00,71.5,71.7,50.3,47.0,0.0,NE@3.9,6.7,79.6,0.0,418,"Orondo, Douglas County",330078,Orondo,2018-10-02 14:55:00.857808
2018-08-16,10:15,73.3,73.5,49.2,42.5,0.0,NE@4.2,7.8,79.5,0.0,449,"Orondo, Douglas County",330078,Orondo,2018-10-02 14:55:00.857808
2018-08-16,10:30,75.7,75.8,48.3,38.0,0.0,NE@3.1,4.9,79.5,0.0,482,"Orondo, Douglas County",330078,Orondo,2018-10-02 14:55:00.857808
2018-08-16,10:45,75.6,75.8,48.3,38.2,0.0,NE@3.4,4.9,79.4,0.0,512,"Orondo, Douglas County",330078,Orondo,2018-10-02 14:55:00.857808
2018-08-16,11:00,77.1,77.4,47.4,35.1,0.0,NE@3.3,5.7,79.4,0.0,544,"Orondo, Douglas County",330078,Orondo,2018-10-02 14:55:00.857808
2018-08-16,11:15,79.5,79.5,45.6,30.3,0.0,N@3.1,5.7,79.3,0.0,573,"Orondo, Douglas County",330078,Orondo,2018-10-02 14:55:00.857808
2018-08-16,11:30,80.6,80.5,45.3,28.8,0.0,N@3.6,5.7,79.3,0.0,596,"Orondo, Douglas County",330078,Orondo,2018-10-02 14:55:00.857808
2018-08-16,11:45,81.2,81.0,45.6,28.7,0.0,N@3.5,5.7,79.2,0.0,612,"Orondo, Douglas County",330078,Orondo,2018-10-02 14:55:00.857808
2018-08-16,12:00,82.4,82.4,45.5,27.4,0.0,N@2.9,5.7,79.2,0.0,622,"Orondo, Douglas County",330078,Orondo,2018-10-02 14:55:00.857808
2018-08-16,12:15,84.7,84.9,44.3,24.3,0.0,N@2.1,4.2,79.1,0.0,640,"Orondo, Douglas County",330078,Orondo,2018-10-02 14:55:00.857808
2018-08-16,12:30,85.6,85.3,43.8,23.2,0.0,W@3.1,4.6,79.1,0.0,625,"Orondo, Douglas County",330078,Orondo,2018-10-02 14:55:00.857808
2018-08-16,12:45,86.9,86.8,45.0,23.2,0.0,NW@2.7,4.9,79.1,0.0,631,"Orondo, Douglas County",330078,Orondo,2018-10-02 14:55:00.857808
2018-08-16,13:00,85.8,85.6,42.7,22.1,0.0,W@2.9,4.6,79.1,0.0,586,"Orondo, Douglas County",330078,Orondo,2018-10-02 14:55:00.857808
2018-08-16,13:15,84.9,84.9,43.5,23.4,0.0,N@2.2,4.9,79.0,0.0,265,"Orondo, Douglas County",330078,Orondo,2018-10-02 14:55:00.857808
2018-08-16,13:30,84.3,84.4,47.9,28.2,0.0,S@2.2,4.2,79.0,0.0,329,"Orondo, Douglas County",330078,Orondo,2018-10-02 14:55:00.857808
2018-08-16,13:45,86.1,86.1,49.4,28.2,0.0,S@2.7,3.9,79.0,0.0,557,"Orondo, Douglas County",330078,Orondo,2018-10-02 14:55:00.857808
2018-08-16,14:00,89.0,88.9,45.8,22.5,0.0,W@2.8,4.6,79.0,0.0,644,"Orondo, Douglas County",330078,Orondo,2018-10-02 14:55:00.857808
2018-08-16,14:15,90.3,90.2,46.1,21.8,0.0,S@2.0,3.5,79.0,0.0,600,"Orondo, Douglas County",330078,Orondo,2018-10-02 14:55:00.857808
2018-08-16,14:30,90.3,90.3,46.7,22.3,0.0,W@2.7,4.6,79.0,0.0,494,"Orondo, Douglas County",330078,Orondo,2018-10-02 14:55:00.857808
2018-08-16,14:45,91.7,91.7,46.5,21.2,0.0,SW@2.3,4.2,79.0,0.0,551,"Orondo, Douglas County",330078,Orondo,2018-10-02 14:55:00.857808
2018-08-16,15:00,90.0,90.2,49.2,24.7,0.0,S@1.4,3.5,79.0,0.0,240,"Orondo, Douglas County",330078,Orondo,2018-10-02 14:55:00.857808
2018-08-16,15:15,88.8,88.9,52.6,29.1,0.0,S@2.3,4.9,79.0,0.0,418,"Orondo, Douglas County",330078,Orondo,2018-10-02 14:55:00.857808
2018-08-16,15:30,91.9,91.9,48.4,22.6,0.0,SW@3.0,7.8,79.0,0.0,553,"Orondo, Douglas County",330078,Orondo,2018-10-02 14:55:00.857808
2018-08-16,15:45,93.7,93.8,46.7,20.0,0.0,SW@2.7,5.7,79.0,0.0,526,"Orondo, Douglas County",330078,Orondo,2018-10-02 14:55:00.857808
2018-08-16,16:00,94.2,94.2,48.0,20.7,0.0,S@2.3,6.0,79.1,0.0,489,"Orondo, Douglas County",330078,Orondo,2018-10-02 14:55:00.857808
2018-08-16,16:15,93.9,94.0,49.4,22.1,0.0,SE@2.4,4.6,79.1,0.0,465,"Orondo, Douglas County",330078,Orondo,2018-10-02 14:55:00.857808
2018-08-16,16:30,94.6,94.7,48.3,20.7,0.0,S@2.9,6.7,79.1,0.0,427,"Orondo, Douglas County",330078,Orondo,2018-10-02 14:55:00.857808
2018-08-16,16:45,92.9,93.0,48.4,21.9,0.0,S@5.1,8.5,79.2,0.0,345,"Orondo, Douglas County",330078,Orondo,2018-10-02 14:55:00.857808
2018-08-16,17:00,93.1,93.3,47.8,21.3,0.0,S@5.2,8.5,79.2,0.0,358,"Orondo, Douglas County",330078,Orondo,2018-10-02 14:55:00.857808
2018-08-16,17:15,93.2,93.3,47.6,21.1,0.0,S@5.5,9.9,79.3,0.0,327,"Orondo, Douglas County",330078,Orondo,2018-10-02 14:55:00.857808
2018-08-16,17:30,92.5,92.6,49.5,23.1,0.0,S@4.4,8.2,79.3,0.0,286,"Orondo, Douglas County",330078,Orondo,2018-10-02 14:55:00.857808
2018-08-16,17:45,92.9,93.0,47.1,20.9,0.0,S@5.7,11.0,79.4,0.0,249,"Orondo, Douglas County",330078,Orondo,2018-10-02 14:55:00.857808
2018-08-16,18:00,92.5,92.7,47.5,21.5,0.0,SW@5.2,8.9,79.4,0.0,204,"Orondo, Douglas County",330078,Orondo,2018-10-02 14:55:00.857808
2018-08-16,18:15,90.6,90.7,49.9,24.9,0.0,S@3.4,7.8,79.5,0.0,165,"Orondo, Douglas County",330078,Orondo,2018-10-02 14:55:00.857808
2018-08-16,18:30,89.3,89.5,51.3,27.3,0.0,SE@3.2,6.0,79.5,0.0,134,"Orondo, Douglas County",330078,Orondo,2018-10-02 14:55:00.857808
2018-08-16,18:45,88.6,88.8,51.1,27.7,0.0,SE@4.1,6.0,79.6,0.0,110,"Orondo, Douglas County",330078,Orondo,2018-10-02 14:55:00.857808
2018-08-16,19:00,88.1,88.4,50.5,27.5,0.0,SE@2.4,4.6,79.7,0.0,89,"Orondo, Douglas County",330078,Orondo,2018-10-02 14:55:00.857808
2018-08-16,19:15,88.0,88.3,49.8,26.9,0.0,E@2.4,3.5,79.8,0.0,62,"Orondo, Douglas County",330078,Orondo,2018-10-02 14:55:00.857808
2018-08-16,19:30,88.1,88.4,48.7,25.7,0.0,E@2.5,4.9,79.8,0.0,36,"Orondo, Douglas County",330078,Orondo,2018-10-02 14:55:00.857808
2018-08-16,19:45,86.8,87.1,48.3,26.5,0.0,E@3.3,4.6,79.9,0.0,21,"Orondo, Douglas County",330078,Orondo,2018-10-02 14:55:00.857808
2018-08-16,20:00,85.1,85.4,47.7,27.3,0.0,E@3.3,5.3,79.9,0.0,9,"Orondo, Douglas County",330078,Orondo,2018-10-02 14:55:00.857808
2018-08-16,20:15,84.7,85.0,47.7,27.7,0.0,E@2.1,4.6,80.0,0.0,3,"Orondo, Douglas County",330078,Orondo,2018-10-02 14:55:00.857808
2018-08-16,20:30,83.4,83.6,47.4,28.4,0.0,E@3.2,3.9,80.1,0.0,2,"Orondo, Douglas County",330078,Orondo,2018-10-02 14:55:00.857808
2018-08-16,20:45,84.3,84.5,44.9,25.2,0.0,E@1.5,4.2,80.1,0.0,1,"Orondo, Douglas County",330078,Orondo,2018-10-02 14:55:00.857808
2018-08-16,21:00,81.8,82.1,46.6,29.1,0.0,SE@4.1,6.0,80.2,0.0,0,"Orondo, Douglas County",330078,Orondo,2018-10-02 14:55:00.857808
2018-08-16,21:15,84.5,84.9,44.4,24.6,0.0,S@3.0,4.2,80.3,0.0,0,"Orondo, Douglas County",330078,Orondo,2018-10-02 14:55:00.857808
2018-08-16,21:30,82.9,83.2,44.4,25.8,0.0,SE@3.9,5.7,80.3,0.0,0,"Orondo, Douglas County",330078,Orondo,2018-10-02 14:55:00.857808
2018-08-16,21:45,82.1,82.4,44.0,26.1,0.0,S@2.9,4.2,80.4,0.0,0,"Orondo, Douglas County",330078,Orondo,2018-10-02 14:55:00.857808
2018-08-16,22:00,80.9,81.1,43.0,26.2,0.0,SE@2.8,3.9,80.5,0.0,0,"Orondo, Douglas County",330078,Orondo,2018-10-02 14:55:00.857808
2018-08-16,22:15,80.8,81.3,43.2,26.4,0.0,SE@3.4,4.9,80.5,0.0,0,"Orondo, Douglas County",330078,Orondo,2018-10-02 14:55:00.857808
2018-08-16,22:30,80.3,80.6,42.6,26.3,0.0,SE@1.9,3.1,80.6,0.0,0,"Orondo, Douglas County",330078,Orondo,2018-10-02 14:55:00.857808
2018-08-16,22:45,79.8,80.1,41.7,25.8,0.0,SE@2.7,4.2,80.6,0.0,0,"Orondo, Douglas County",330078,Orondo,2018-10-02 14:55:00.857808
2018-08-16,23:00,81.1,81.4,40.1,23.3,0.0,SE@2.5,3.9,80.6,0.0,0,"Orondo, Douglas County",330078,Orondo,2018-10-02 14:55:00.857808
2018-08-16,23:15,79.7,80.1,42.1,26.3,0.0,SE@2.9,4.2,80.7,0.0,0,"Orondo, Douglas County",330078,Orondo,2018-10-02 14:55:00.857808
2018-08-16,23:30,78.1,78.5,42.2,27.9,0.0,SE@0.8,4.2,80.7,0.0,0,"Orondo, Douglas County",330078,Orondo,2018-10-02 14:55:00.857808
2018-08-16,23:45,78.6,78.8,42.2,27.4,0.0,SE@3.3,4.6,80.7,0.0,0,"Orondo, Douglas County",330078,Orondo,2018-10-02 14:55:00.857808
2018-08-16,24:00,78.4,78.6,43.1,28.5,0.0,SE@2.3,4.6,80.8,0.0,0,"Orondo, Douglas County",330078,Orondo,2018-10-02 14:55:00.857808
2018-08-17,00:15,77.7,78.0,42.2,28.2,0.0,E@4.1,5.7,80.8,0.0,0,"Orondo, Douglas County",330078,Orondo,2018-10-02 14:55:00.857808
2018-08-17,00:30,77.5,77.9,41.6,27.8,0.0,SE@4.4,5.7,80.8,0.0,0,"Orondo, Douglas County",330078,Orondo,2018-10-02 14:55:00.857808
2018-08-17,00:45,76.0,76.2,44.3,32.3,0.0,SE@4.3,6.4,80.8,0.0,0,"Orondo, Douglas County",330078,Orondo,2018-10-02 14:55:00.857808
2018-08-17,01:00,77.9,78.3,46.1,32.5,0.0,S@3.3,6.4,80.8,0.0,0,"Orondo, Douglas County",330078,Orondo,2018-10-02 14:55:00.857808
2018-08-17,01:15,77.8,78.1,47.0,33.7,0.0,SE@3.1,6.4,80.8,0.0,0,"Orondo, Douglas County",330078,Orondo,2018-10-02 14:55:00.857808
2018-08-17,01:30,76.3,76.6,47.3,35.8,0.0,SE@3.6,4.9,80.8,0.0,0,"Orondo, Douglas County",330078,Orondo,2018-10-02 14:55:00.857808
2018-08-17,01:45,75.9,76.3,47.6,36.7,0.0,SE@3.8,7.1,80.8,0.0,0,"Orondo, Douglas County",330078,Orondo,2018-10-02 14:55:00.857808
2018-08-17,02:00,76.2,76.6,47.1,35.6,0.0,S@3.8,6.0,80.8,0.0,0,"Orondo, Douglas County",330078,Orondo,2018-10-02 14:55:00.857808
2018-08-17,02:15,75.1,75.4,47.9,38.2,0.0,SE@3.9,6.4,80.8,0.0,0,"Orondo, Douglas County",330078,Orondo,2018-10-02 14:55:00.857808
2018-08-17,02:30,74.7,75.0,47.6,38.1,0.0,SE@2.2,4.9,80.8,0.0,0,"Orondo, Douglas County",330078,Orondo,2018-10-02 14:55:00.857808
2018-08-17,02:45,74.4,74.6,47.4,38.4,0.0,E@1.9,3.9,80.8,0.0,0,"Orondo, Douglas County",330078,Orondo,2018-10-02 14:55:00.857808
2018-08-17,03:00,73.4,73.8,47.2,39.2,0.0,SE@4.5,6.0,80.7,0.0,0,"Orondo, Douglas County",330078,Orondo,2018-10-02 14:55:00.857808
2018-08-17,03:15,74.2,74.5,47.0,38.0,0.0,SE@3.2,5.7,80.7,0.0,0,"Orondo, Douglas County",330078,Orondo,2018-10-02 14:55:00.857808
2018-08-17,03:30,74.3,74.7,47.2,38.2,0.0,SE@3.5,6.0,80.7,0.0,0,"Orondo, Douglas County",330078,Orondo,2018-10-02 14:55:00.857808
2018-08-17,03:45,74.8,75.1,47.3,37.7,0.0,SE@1.9,4.2,80.7,0.0,0,"Orondo, Douglas County",330078,Orondo,2018-10-02 14:55:00.857808
2018-08-17,04:00,74.0,74.3,48.6,40.6,0.0,E@3.5,6.4,80.7,0.0,0,"Orondo, Douglas County",330078,Orondo,2018-10-02 14:55:00.857808
2018-08-17,04:15,74.4,74.7,48.2,39.4,0.0,E@1.7,4.6,80.6,0.0,0,"Orondo, Douglas County",330078,Orondo,2018-10-02 14:55:00.857808
2018-08-17,04:30,73.3,73.5,48.5,41.4,0.0,E@3.5,5.3,80.6,0.0,0,"Orondo, Douglas County",330078,Orondo,2018-10-02 14:55:00.857808
2018-08-17,04:45,73.8,74.2,48.2,40.2,0.0,SE@3.9,5.3,80.6,0.0,0,"Orondo, Douglas County",330078,Orondo,2018-10-02 14:55:00.857808
2018-08-17,05:00,73.0,73.4,48.7,42.1,0.0,SE@4.1,5.3,80.5,0.0,0,"Orondo, Douglas County",330078,Orondo,2018-10-02 14:55:00.857808
2018-08-17,05:15,71.9,72.3,49.2,44.6,0.0,SE@3.5,6.4,80.5,0.0,0,"Orondo, Douglas County",330078,Orondo,2018-10-02 14:55:00.857808
2018-08-17,05:30,73.5,73.8,48.0,40.4,0.0,S@2.2,5.7,80.5,0.0,0,"Orondo, Douglas County",330078,Orondo,2018-10-02 14:55:00.857808
2018-08-17,05:45,73.9,74.1,48.0,39.9,0.0,N@1.4,4.9,80.5,0.0,0,"Orondo, Douglas County",330078,Orondo,2018-10-02 14:55:00.857808
2018-08-17,06:00,72.1,72.3,48.7,43.4,0.0,E@1.9,4.6,80.4,0.0,2,"Orondo, Douglas County",330078,Orondo,2018-10-02 14:55:00.857808
2018-08-17,06:15,71.4,71.7,48.8,44.6,0.0,S@1.5,3.5,80.4,0.0,2,"Orondo, Douglas County",330078,Orondo,2018-10-02 14:55:00.857808
2018-08-17,06:30,71.2,71.4,49.4,46.0,0.0,SE@3.2,4.9,80.4,0.0,7,"Orondo, Douglas County",330078,Orondo,2018-10-02 14:55:00.857808
2018-08-17,06:45,70.4,70.7,48.7,46.0,0.0,E@4.0,5.7,80.3,0.0,16,"Orondo, Douglas County",330078,Orondo,2018-10-02 14:55:00.857808
2018-08-17,07:00,71.4,71.7,47.9,43.2,0.0,E@3.9,4.9,80.3,0.0,25,"Orondo, Douglas County",330078,Orondo,2018-10-02 14:55:00.857808
2018-08-17,07:15,71.6,71.8,48.4,43.7,0.0,E@1.4,3.9,80.2,0.0,30,"Orondo, Douglas County",330078,Orondo,2018-10-02 14:55:00.857808
2018-08-17,07:30,72.4,72.6,48.3,42.4,0.0,NE@2.2,5.3,80.2,0.0,40,"Orondo, Douglas County",330078,Orondo,2018-10-02 14:55:00.857808
2018-08-17,07:45,72.3,72.5,49.1,43.8,0.0,SW@1.4,4.6,80.2,0.0,72,"Orondo, Douglas County",330078,Orondo,2018-10-02 14:55:00.857808
2018-08-17,08:00,73.0,73.2,49.6,43.5,0.0,NE@2.0,5.7,80.1,0.0,111,"Orondo, Douglas County",330078,Orondo,2018-10-02 14:55:00.857808
2018-08-17,08:15,74.0,74.1,49.8,42.5,0.0,SE@1.3,5.7,80.1,0.0,145,"Orondo, Douglas County",330078,Orondo,2018-10-02 14:55:00.857808
2018-08-17,08:30,73.9,74.0,49.6,42.3,0.0,NW@1.8,4.6,80.0,0.0,147,"Orondo, Douglas County",330078,Orondo,2018-10-02 14:55:00.857808
2018-08-17,08:45,73.9,74.0,50.2,43.3,0.0,N@2.0,5.7,80.0,0.0,172,"Orondo, Douglas County",330078,Orondo,2018-10-02 14:55:00.857808
2018-08-17,09:00,73.5,73.6,50.4,44.1,0.0,S@2.4,5.3,80.0,0.0,154,"Orondo, Douglas County",330078,Orondo,2018-10-02 14:55:00.857808
2018-08-17,09:15,72.5,72.6,52.2,48.7,0.0,S@3.9,6.7,79.9,0.0,258,"Orondo, Douglas County",330078,Orondo,2018-10-02 14:55:00.857808
2018-08-17,09:30,74.7,74.8,50.8,43.1,0.0,S@3.2,6.4,79.9,0.0,337,"Orondo, Douglas County",330078,Orondo,2018-10-02 14:55:00.857808
2018-08-17,09:45,75.3,75.4,50.4,41.7,0.0,S@3.3,6.4,79.8,0.0,298,"Orondo, Douglas County",330078,Orondo,2018-10-02 14:55:00.857808
2018-08-17,10:00,76.9,76.9,50.4,39.5,0.0,S@1.3,4.2,79.8,0.0,427,"Orondo, Douglas County",330078,Orondo,2018-10-02 14:55:00.857808
2018-08-17,10:15,76.8,76.8,50.0,39.0,0.0,SW@2.4,8.2,79.7,0.0,336,"Orondo, Douglas County",330078,Orondo,2018-10-02 14:55:00.857808
2018-08-17,10:30,77.5,77.6,50.6,38.9,0.0,SW@1.3,4.2,79.7,0.0,349,"Orondo, Douglas County",330078,Orondo,2018-10-02 14:55:00.857808
2018-08-17,10:45,76.1,76.3,50.2,40.2,0.0,SW@1.1,3.9,79.6,0.0,144,"Orondo, Douglas County",330078,Orondo,2018-10-02 14:55:00.857808
2018-08-17,11:00,76.3,76.4,52.5,43.6,0.0,SE@0.5,3.1,79.6,0.0,176,"Orondo, Douglas County",330078,Orondo,2018-10-02 14:55:00.857808
2018-08-17,11:15,76.7,76.8,52.7,43.3,0.0,SW@0.5,5.7,79.6,0.0,180,"Orondo, Douglas County",330078,Orondo,2018-10-02 14:55:00.857808
2018-08-17,11:30,76.9,77.0,51.9,41.7,0.0,N@0.0,0.0,79.5,0.0,164,"Orondo, Douglas County",330078,Orondo,2018-10-02 14:55:00.857808
2018-08-17,11:45,77.5,77.6,53.9,43.9,0.0,SE@0.0,2.4,79.5,0.0,208,"Orondo, Douglas County",330078,Orondo,2018-10-02 14:55:00.857808
2018-08-17,12:00,77.5,77.5,54.1,44.3,0.0,SE@3.3,4.9,79.5,0.0,313,"Orondo, Douglas County",330078,Orondo,2018-10-02 14:55:00.857808
2018-08-17,12:15,80.5,80.6,51.3,36.2,0.0,SW@0.9,3.5,79.5,0.0,509,"Orondo, Douglas County",330078,Orondo,2018-10-02 14:55:00.857808
2018-08-17,12:30,81.4,81.4,52.2,36.4,0.0,SE@2.5,4.2,79.4,0.0,533,"Orondo, Douglas County",330078,Orondo,2018-10-02 14:55:00.857808
2018-08-17,12:45,82.2,82.2,52.0,35.2,0.0,S@2.9,4.6,79.4,0.0,486,"Orondo, Douglas County",330078,Orondo,2018-10-02 14:55:00.857808
2018-08-17,13:00,81.6,81.7,52.6,36.6,0.0,SW@4.0,9.2,79.4,0.0,391,"Orondo, Douglas County",330078,Orondo,2018-10-02 14:55:00.857808
2018-08-17,13:15,80.3,80.4,52.9,38.7,0.0,SW@5.6,9.2,79.3,0.0,426,"Orondo, Douglas County",330078,Orondo,2018-10-02 14:55:00.857808
2018-08-17,13:30,80.9,80.9,52.9,37.9,0.0,S@4.3,7.1,79.3,0.0,373,"Orondo, Douglas County",330078,Orondo,2018-10-02 14:55:00.857808
2018-08-17,13:45,81.9,82.0,52.5,36.2,0.0,S@2.4,4.9,79.3,0.0,348,"Orondo, Douglas County",330078,Orondo,2018-10-02 14:55:00.857808
2018-08-17,14:00,83.7,83.9,52.1,33.6,0.0,SW@0.9,3.9,79.3,0.0,342,"Orondo, Douglas County",330078,Orondo,2018-10-02 14:55:00.857808
2018-08-17,14:15,84.3,84.4,51.6,32.3,0.0,SW@1.2,4.9,79.3,0.0,322,"Orondo, Douglas County",330078,Orondo,2018-10-02 14:55:00.857808
2018-08-17,14:30,85.5,85.5,52.0,31.6,0.0,W@3.1,5.7,79.3,0.0,553,"Orondo, Douglas County",330078,Orondo,2018-10-02 14:55:00.857808
2018-08-17,14:45,87.9,87.8,52.3,29.5,0.0,SW@3.5,7.4,79.3,0.0,735,"Orondo, Douglas County",330078,Orondo,2018-10-02 14:55:00.857808
2018-08-17,15:00,88.4,88.2,52.2,29.1,0.0,S@3.9,7.8,79.3,0.0,691,"Orondo, Douglas County",330078,Orondo,2018-10-02 14:55:00.857808
2018-08-17,15:15,87.8,87.7,51.2,28.5,0.0,S@5.6,10.7,79.3,0.0,657,"Orondo, Douglas County",330078,Orondo,2018-10-02 14:55:00.857808
2018-08-17,15:30,89.0,88.9,49.2,25.6,0.0,SW@5.2,10.3,79.3,0.0,625,"Orondo, Douglas County",330078,Orondo,2018-10-02 14:55:00.857808
2018-08-17,15:45,89.1,89.0,49.1,25.3,0.0,SW@5.0,9.2,79.3,0.0,605,"Orondo, Douglas County",330078,Orondo,2018-10-02 14:55:00.857808
2018-08-17,16:00,89.1,89.1,48.6,24.9,0.0,SW@4.8,8.2,79.3,0.0,576,"Orondo, Douglas County",330078,Orondo,2018-10-02 14:55:00.857808
2018-08-17,16:15,90.1,90.1,46.2,22.0,0.0,S@4.9,10.7,79.3,0.0,541,"Orondo, Douglas County",330078,Orondo,2018-10-02 14:55:00.857808
2018-08-17,16:30,90.4,90.4,42.9,19.2,0.0,SW@6.2,11.0,79.3,0.0,512,"Orondo, Douglas County",330078,Orondo,2018-10-02 14:55:00.857808
2018-08-17,16:45,89.3,89.2,43.3,20.2,0.0,S@6.6,11.4,79.3,0.0,480,"Orondo, Douglas County",330078,Orondo,2018-10-02 14:55:00.857808
2018-08-17,17:00,89.3,89.4,43.6,20.4,0.0,S@5.8,10.7,79.3,0.0,443,"Orondo, Douglas County",330078,Orondo,2018-10-02 14:55:00.857808
2018-08-17,17:15,90.0,90.1,41.9,18.7,0.0,SW@5.6,10.3,79.4,0.0,402,"Orondo, Douglas County",330078,Orondo,2018-10-02 14:55:00.857808
2018-08-17,17:30,89.7,89.7,42.1,19.1,0.0,SW@5.7,9.6,79.4,0.0,360,"Orondo, Douglas County",330078,Orondo,2018-10-02 14:55:00.857808
2018-08-17,17:45,87.4,87.5,44.9,22.8,0.0,SW@5.2,8.9,79.4,0.0,265,"Orondo, Douglas County",330078,Orondo,2018-10-02 14:55:00.857808
2018-08-17,18:00,85.7,85.9,45.1,24.3,0.0,S@4.5,8.5,79.5,0.0,193,"Orondo, Douglas County",330078,Orondo,2018-10-02 14:55:00.857808
2018-08-17,18:15,85.7,85.9,44.9,24.1,0.0,NE@2.7,6.7,79.5,0.0,186,"Orondo, Douglas County",330078,Orondo,2018-10-02 14:55:00.857808
2018-08-17,18:30,85.7,85.8,45.7,24.8,0.0,SE@3.8,8.9,79.5,0.0,188,"Orondo, Douglas County",330078,Orondo,2018-10-02 14:55:00.857808
2018-08-17,18:45,84.7,84.8,45.6,25.6,0.0,S@6.8,11.0,79.6,0.0,171,"Orondo, Douglas County",330078,Orondo,2018-10-02 14:55:00.857808
2018-08-17,19:00,85.1,85.2,45.2,24.8,0.0,S@6.3,11.0,79.6,0.0,187,"Orondo, Douglas County",330078,Orondo,2018-10-02 14:55:00.857808
2018-08-17,19:15,85.7,85.8,44.0,23.3,0.0,S@6.0,11.0,79.7,0.0,132,"Orondo, Douglas County",330078,Orondo,2018-10-02 14:55:00.857808
2018-08-17,19:30,84.2,84.5,44.9,25.3,0.0,S@6.1,10.7,79.8,0.0,82,"Orondo, Douglas County",330078,Orondo,2018-10-02 14:55:00.857808
2018-08-17,19:45,83.8,84.1,45.0,25.6,0.0,S@4.7,10.7,79.8,0.0,56,"Orondo, Douglas County",330078,Orondo,2018-10-02 14:55:00.857808
2018-08-17,20:00,82.6,82.8,44.4,26.1,0.0,S@5.1,8.5,79.9,0.0,40,"Orondo, Douglas County",330078,Orondo,2018-10-02 14:55:00.857808
2018-08-17,20:15,81.8,82.1,44.8,27.2,0.0,S@4.7,7.1,79.9,0.0,23,"Orondo, Douglas County",330078,Orondo,2018-10-02 14:55:00.857808
2018-08-17,20:30,79.8,80.1,46.0,30.4,0.0,SE@4.7,6.7,80.0,0.0,5,"Orondo, Douglas County",330078,Orondo,2018-10-02 14:55:00.857808
2018-08-17,20:45,80.9,81.2,42.4,25.5,0.0,E@4.3,8.2,80.0,0.0,1,"Orondo, Douglas County",330078,Orondo,2018-10-02 14:55:00.857808
2018-08-17,21:00,81.2,81.5,43.4,26.3,0.0,SE@4.6,6.0,80.1,0.0,0,"Orondo, Douglas County",330078,Orondo,2018-10-02 14:55:00.857808
2018-08-17,21:15,80.5,80.8,42.9,26.5,0.0,E@5.1,8.2,80.1,0.0,0,"Orondo, Douglas County",330078,Orondo,2018-10-02 14:55:00.857808
2018-08-17,21:30,79.7,80.1,43.8,28.0,0.0,E@2.4,6.4,80.2,0.0,0,"Orondo, Douglas County",330078,Orondo,2018-10-02 14:55:00.857808
2018-08-17,21:45,80.8,81.1,43.7,27.0,0.0,E@2.9,4.9,80.3,0.0,0,"Orondo, Douglas County",330078,Orondo,2018-10-02 14:55:00.857808
2018-08-17,22:00,77.6,77.8,46.0,32.7,0.0,SE@3.9,5.3,80.3,0.0,0,"Orondo, Douglas County",330078,Orondo,2018-10-02 14:55:00.857808
2018-08-17,22:15,77.7,78.1,46.9,33.6,0.0,SE@4.3,7.1,80.4,0.0,0,"Orondo, Douglas County",330078,Orondo,2018-10-02 14:55:00.857808
2018-08-17,22:30,76.1,76.4,47.5,36.4,0.0,SE@4.7,6.7,80.4,0.0,0,"Orondo, Douglas County",330078,Orondo,2018-10-02 14:55:00.857808
2018-08-17,22:45,76.1,76.6,47.6,36.5,0.0,SE@4.4,6.4,80.5,0.0,0,"Orondo, Douglas County",330078,Orondo,2018-10-02 14:55:00.857808
2018-08-17,23:00,76.0,76.4,47.8,36.9,0.0,SE@4.3,7.1,80.5,0.0,0,"Orondo, Douglas County",330078,Orondo,2018-10-02 14:55:00.857808
2018-08-17,23:15,75.2,75.5,49.9,40.9,0.0,S@3.2,4.9,80.5,0.0,0,"Orondo, Douglas County",330078,Orondo,2018-10-02 14:55:00.857808
2018-08-17,23:30,73.5,73.7,50.4,44.2,0.0,SE@2.5,6.4,80.5,0.0,0,"Orondo, Douglas County",330078,Orondo,2018-10-02 14:55:00.857808
2018-08-17,23:45,74.2,74.5,50.8,43.8,0.0,S@4.1,6.4,80.6,0.0,0,"Orondo, Douglas County",330078,Orondo,2018-10-02 14:55:00.857808
2018-08-17,24:00,73.3,73.6,51.4,46.1,0.0,SE@4.0,6.4,80.6,0.0,0,"Orondo, Douglas County",330078,Orondo,2018-10-02 14:55:00.857808
2018-08-18,00:15,73.0,73.3,51.5,46.8,0.0,S@2.4,6.4,80.6,0.0,0,"Orondo, Douglas County",330078,Orondo,2018-10-02 14:55:00.857808
2018-08-18,00:30,72.4,72.6,51.5,47.8,0.0,SW@1.9,4.9,80.6,0.0,0,"Orondo, Douglas County",330078,Orondo,2018-10-02 14:55:00.857808
2018-08-18,00:45,71.9,72.1,51.8,49.1,0.0,S@2.9,4.9,80.6,0.0,0,"Orondo, Douglas County",330078,Orondo,2018-10-02 14:55:00.857808
2018-08-18,01:00,70.9,71.2,52.1,51.3,0.0,S@1.2,4.2,80.6,0.0,0,"Orondo, Douglas County",330078,Orondo,2018-10-02 14:55:00.857808
2018-08-18,01:15,70.0,70.2,52.0,52.8,0.0,SE@2.8,7.1,80.6,0.0,0,"Orondo, Douglas County",330078,Orondo,2018-10-02 14:55:00.857808
2018-08-18,01:30,71.6,71.9,51.9,49.8,0.0,SE@4.3,8.9,80.6,0.0,0,"Orondo, Douglas County",330078,Orondo,2018-10-02 14:55:00.857808
2018-08-18,01:45,70.8,71.0,52.2,51.7,0.0,SE@1.1,5.7,80.6,0.0,0,"Orondo, Douglas County",330078,Orondo,2018-10-02 14:55:00.857808
2018-08-18,02:00,71.0,71.2,51.8,50.6,0.0,SE@2.3,6.7,80.6,0.0,0,"Orondo, Douglas County",330078,Orondo,2018-10-02 14:55:00.857808
2018-08-18,02:15,70.1,70.3,52.0,52.6,0.0,S@2.6,5.7,80.6,0.0,0,"Orondo, Douglas County",330078,Orondo,2018-10-02 14:55:00.857808
2018-08-18,02:30,70.0,70.3,51.9,52.6,0.0,S@2.2,5.7,80.6,0.0,0,"Orondo, Douglas County",330078,Orondo,2018-10-02 14:55:00.857808
2018-08-18,02:45,70.3,70.5,52.0,52.2,0.0,E@2.7,5.7,80.6,0.0,0,"Orondo, Douglas County",330078,Orondo,2018-10-02 14:55:00.857808
2018-08-18,03:00,69.6,69.8,51.5,52.4,0.0,SW@1.9,4.2,80.5,0.0,0,"Orondo, Douglas County",330078,Orondo,2018-10-02 14:55:00.857808
2018-08-18,03:15,68.3,68.6,51.7,55.3,0.0,SE@3.7,6.0,80.5,0.0,0,"Orondo, Douglas County",330078,Orondo,2018-10-02 14:55:00.857808
2018-08-18,03:30,69.7,69.9,51.4,52.2,0.0,E@4.2,8.2,80.5,0.0,0,"Orondo, Douglas County",330078,Orondo,2018-10-02 14:55:00.857808
2018-08-18,03:45,69.4,69.6,51.7,53.3,0.0,E@0.7,4.6,80.5,0.0,0,"Orondo, Douglas County",330078,Orondo,2018-10-02 14:55:00.857808
2018-08-18,04:00,68.6,68.9,51.7,54.6,0.0,NW@0.5,6.0,80.4,0.0,0,"Orondo, Douglas County",330078,Orondo,2018-10-02 14:55:00.857808
2018-08-18,04:15,67.1,67.5,51.3,56.9,0.0,SE@2.8,4.9,80.4,0.0,0,"Orondo, Douglas County",330078,Orondo,2018-10-02 14:55:00.857808
2018-08-18,04:30,66.5,66.8,51.3,58.0,0.0,SE@3.1,5.7,80.4,0.0,0,"Orondo, Douglas County",330078,Orondo,2018-10-02 14:55:00.857808
2018-08-18,04:45,67.4,67.8,51.4,56.3,0.0,SE@3.8,5.3,80.3,0.0,0,"Orondo, Douglas County",330078,Orondo,2018-10-02 14:55:00.857808
2018-08-18,05:00,68.0,68.3,51.6,55.7,0.0,S@2.8,4.9,80.3,0.0,0,"Orondo, Douglas County",330078,Orondo,2018-10-02 14:55:00.857808
2018-08-18,05:15,67.0,67.3,51.4,57.0,0.0,SE@3.6,6.0,80.3,0.0,0,"Orondo, Douglas County",330078,Orondo,2018-10-02 14:55:00.857808
2018-08-18,05:30,67.4,67.6,51.3,56.2,0.0,SE@3.0,5.3,80.2,0.0,0,"Orondo, Douglas County",330078,Orondo,2018-10-02 14:55:00.857808
2018-08-18,05:45,67.4,67.7,51.2,56.0,0.0,SE@3.3,5.3,80.2,0.0,0,"Orondo, Douglas County",330078,Orondo,2018-10-02 14:55:00.857808
2018-08-18,06:00,66.9,67.2,51.2,57.1,0.0,SE@4.0,7.1,80.2,0.0,2,"Orondo, Douglas County",330078,Orondo,2018-10-02 14:55:00.857808
2018-08-18,06:15,65.9,66.2,51.5,59.5,0.0,SE@3.6,5.3,80.1,0.0,3,"Orondo, Douglas County",330078,Orondo,2018-10-02 14:55:00.857808
2018-08-18,06:30,65.1,65.4,51.5,61.4,0.0,SE@3.9,5.7,80.1,0.0,12,"Orondo, Douglas County",330078,Orondo,2018-10-02 14:55:00.857808
2018-08-18,06:45,66.1,66.4,51.3,58.7,0.0,SE@3.6,5.3,80.1,0.0,23,"Orondo, Douglas County",330078,Orondo,2018-10-02 14:55:00.857808
2018-08-18,07:00,65.9,66.1,51.4,59.6,0.0,SE@3.0,4.2,80.0,0.0,37,"Orondo, Douglas County",330078,Orondo,2018-10-02 14:55:00.857808
2018-08-18,07:15,65.5,65.8,51.7,61.0,0.0,SE@3.5,4.9,80.0,0.0,53,"Orondo, Douglas County",330078,Orondo,2018-10-02 14:55:00.857808
2018-08-18,07:30,66.0,66.3,52.0,60.5,0.0,SE@3.1,4.6,79.9,0.0,74,"Orondo, Douglas County",330078,Orondo,2018-10-02 14:55:00.857808
2018-08-18,07:45,67.1,67.3,51.7,57.6,0.0,SE@2.8,4.9,79.9,0.0,93,"Orondo, Douglas County",330078,Orondo,2018-10-02 14:55:00.857808
2018-08-18,08:00,65.8,66.0,52.1,61.1,0.0,E@1.5,3.9,79.8,0.0,116,"Orondo, Douglas County",330078,Orondo,2018-10-02 14:55:00.857808
2018-08-18,08:15,67.0,67.1,52.8,60.3,0.0,SE@0.2,2.4,79.8,0.0,159,"Orondo, Douglas County",330078,Orondo,2018-10-02 14:55:00.857808
2018-08-18,08:30,69.1,69.3,53.3,57.0,0.0,N@0.0,0.0,79.7,0.0,181,"Orondo, Douglas County",330078,Orondo,2018-10-02 14:55:00.857808
2018-08-18,08:45,69.8,69.9,53.0,55.2,0.0,N@0.0,0.0,79.7,0.0,209,"Orondo, Douglas County",330078,Orondo,2018-10-02 14:55:00.857808
2018-08-18,09:00,70.0,70.2,53.5,55.7,0.0,E@0.1,2.4,79.6,0.0,240,"Orondo, Douglas County",330078,Orondo,2018-10-02 14:55:00.857808
2018-08-18,09:15,70.7,70.8,52.9,53.1,0.0,N@0.0,0.0,79.6,0.0,268,"Orondo, Douglas County",330078,Orondo,2018-10-02 14:55:00.857808
2018-08-18,09:30,71.6,71.7,52.5,50.9,0.0,N@0.0,0.0,79.5,0.0,300,"Orondo, Douglas County",330078,Orondo,2018-10-02 14:55:00.857808
2018-08-18,09:45,72.2,72.3,52.5,49.8,0.0,SE@0.1,2.4,79.5,0.0,319,"Orondo, Douglas County",330078,Orondo,2018-10-02 14:55:00.857808
2018-08-18,10:00,73.0,73.1,52.3,48.1,0.0,S@0.7,2.4,79.4,0.0,347,"Orondo, Douglas County",330078,Orondo,2018-10-02 14:55:00.857808
2018-08-18,10:15,73.5,73.4,51.8,46.5,0.0,W@1.5,3.5,79.4,0.0,383,"Orondo, Douglas County",330078,Orondo,2018-10-02 14:55:00.857808
2018-08-18,10:30,75.5,75.5,52.0,43.8,0.0,W@0.8,3.5,79.3,0.0,419,"Orondo, Douglas County",330078,Orondo,2018-10-02 14:55:00.857808
2018-08-18,10:45,75.9,75.8,51.5,42.4,0.0,W@2.2,4.2,79.3,0.0,433,"Orondo, Douglas County",330078,Orondo,2018-10-02 14:55:00.857808
2018-08-18,11:00,76.3,76.2,51.8,42.5,0.0,W@2.4,3.9,79.2,0.0,455,"Orondo, Douglas County",330078,Orondo,2018-10-02 14:55:00.857808
2018-08-18,11:15,76.7,76.5,51.4,41.2,0.0,W@2.5,3.9,79.2,0.0,491,"Orondo, Douglas County",330078,Orondo,2018-10-02 14:55:00.857808
2018-08-18,11:30,77.1,76.8,51.0,40.0,0.0,W@2.2,3.9,79.1,0.0,518,"Orondo, Douglas County",330078,Orondo,2018-10-02 14:55:00.857808
2018-08-18,11:45,78.0,77.8,51.1,39.0,0.0,W@1.9,4.2,79.1,0.0,538,"Orondo, Douglas County",330078,Orondo,2018-10-02 14:55:00.857808
2018-08-18,12:00,78.9,78.8,51.0,37.7,0.0,W@2.8,3.9,79.0,0.0,546,"Orondo, Douglas County",330078,Orondo,2018-10-02 14:55:00.857808
2018-08-18,12:15,79.7,79.5,51.2,37.0,0.0,W@2.8,4.2,79.0,0.0,552,"Orondo, Douglas County",330078,Orondo,2018-10-02 14:55:00.857808
2018-08-18,12:30,80.6,80.4,51.2,36.0,0.0,W@2.9,4.6,78.9,0.0,559,"Orondo, Douglas County",330078,Orondo,2018-10-02 14:55:00.857808
2018-08-18,12:45,80.7,80.5,51.2,35.9,0.0,W@2.9,4.2,78.9,0.0,561,"Orondo, Douglas County",330078,Orondo,2018-10-02 14:55:00.857808
2018-08-18,13:00,82.3,82.1,51.4,34.4,0.0,NW@3.4,4.9,78.9,0.0,557,"Orondo, Douglas County",330078,Orondo,2018-10-02 14:55:00.857808
2018-08-18,13:15,82.3,81.8,50.2,32.8,0.0,NW@3.5,4.9,78.9,0.0,559,"Orondo, Douglas County",330078,Orondo,2018-10-02 14:55:00.857808
2018-08-18,13:30,82.2,81.9,50.2,32.9,0.0,NW@3.6,6.0,78.8,0.0,561,"Orondo, Douglas County",330078,Orondo,2018-10-02 14:55:00.857808
2018-08-18,13:45,82.8,82.6,49.9,31.9,0.0,N@3.2,4.9,78.8,0.0,553,"Orondo, Douglas County",330078,Orondo,2018-10-02 14:55:00.857808
2018-08-18,14:00,83.0,82.7,50.2,32.1,0.0,NW@3.3,5.7,78.8,0.0,550,"Orondo, Douglas County",330078,Orondo,2018-10-02 14:55:00.857808
2018-08-18,14:15,82.9,82.6,51.3,33.5,0.0,N@3.9,6.0,78.8,0.0,544,"Orondo, Douglas County",330078,Orondo,2018-10-02 14:55:00.857808
2018-08-18,14:30,83.3,83.3,51.2,33.0,0.0,N@4.3,8.2,78.8,0.0,537,"Orondo, Douglas County",330078,Orondo,2018-10-02 14:55:00.857808
2018-08-18,14:45,84.0,84.0,52.1,33.2,0.0,N@4.5,8.2,78.8,0.0,520,"Orondo, Douglas County",330078,Orondo,2018-10-02 14:55:00.857808
2018-08-18,15:00,83.5,83.7,52.1,33.8,0.0,N@4.8,9.2,78.8,0.0,506,"Orondo, Douglas County",330078,Orondo,2018-10-02 14:55:00.857808
2018-08-18,15:15,84.6,84.6,51.4,31.8,0.0,N@4.8,8.5,78.8,0.0,479,"Orondo, Douglas County",330078,Orondo,2018-10-02 14:55:00.857808
2018-08-18,15:30,84.9,84.8,51.1,31.2,0.0,N@4.6,7.4,78.8,0.0,445,"Orondo, Douglas County",330078,Orondo,2018-10-02 14:55:00.857808
2018-08-18,15:45,85.3,85.3,51.3,31.0,0.0,N@4.3,8.5,78.8,0.0,409,"Orondo, Douglas County",330078,Orondo,2018-10-02 14:55:00.857808
2018-08-18,16:00,85.7,85.9,49.3,28.4,0.0,N@4.7,8.5,78.8,0.0,377,"Orondo, Douglas County",330078,Orondo,2018-10-02 14:55:00.857808
2018-08-18,16:15,87.4,87.4,46.7,24.4,0.0,N@5.0,7.8,78.9,0.0,348,"Orondo, Douglas County",330078,Orondo,2018-10-02 14:55:00.857808
2018-08-18,16:30,86.4,86.6,47.9,26.3,0.0,N@4.5,8.2,78.9,0.0,322,"Orondo, Douglas County",330078,Orondo,2018-10-02 14:55:00.857808
2018-08-18,16:45,86.4,86.6,47.7,26.2,0.0,N@4.2,7.8,78.9,0.0,294,"Orondo, Douglas County",330078,Orondo,2018-10-02 14:55:00.857808
2018-08-18,17:00,86.8,87.0,46.2,24.4,0.0,N@4.6,9.2,78.9,0.0,266,"Orondo, Douglas County",330078,Orondo,2018-10-02 14:55:00.857808
2018-08-18,17:15,86.9,87.2,45.1,23.3,0.0,N@5.4,8.9,79.0,0.0,237,"Orondo, Douglas County",330078,Orondo,2018-10-02 14:55:00.857808
2018-08-18,17:30,87.3,87.6,43.2,21.5,0.0,N@6.0,9.6,79.0,0.0,211,"Orondo, Douglas County",330078,Orondo,2018-10-02 14:55:00.857808
2018-08-18,17:45,87.2,87.5,43.1,21.4,0.0,N@6.1,9.2,79.1,0.0,185,"Orondo, Douglas County",330078,Orondo,2018-10-02 14:55:00.857808
2018-08-18,18:00,86.8,87.1,42.9,21.6,0.0,NE@6.0,9.6,79.1,0.0,157,"Orondo, Douglas County",330078,Orondo,2018-10-02 14:55:00.857808
2018-08-18,18:15,86.4,86.6,43.2,22.1,0.0,N@5.0,9.6,79.2,0.0,131,"Orondo, Douglas County",330078,Orondo,2018-10-02 14:55:00.857808
2018-08-18,18:30,86.0,86.3,43.0,22.2,0.0,N@5.1,8.2,79.2,0.0,105,"Orondo, Douglas County",330078,Orondo,2018-10-02 14:55:00.857808
2018-08-18,18:45,85.5,85.8,42.7,22.3,0.0,NE@5.2,8.5,79.3,0.0,81,"Orondo, Douglas County",330078,Orondo,2018-10-02 14:55:00.857808
2018-08-18,19:00,85.3,85.6,42.7,22.4,0.0,N@5.4,9.2,79.3,0.0,60,"Orondo, Douglas County",330078,Orondo,2018-10-02 14:55:00.857808
2018-08-18,19:15,85.3,85.5,42.2,22.1,0.0,NE@5.4,8.5,79.4,0.0,43,"Orondo, Douglas County",330078,Orondo,2018-10-02 14:55:00.857808
2018-08-18,19:30,84.8,85.0,42.4,22.5,0.0,NE@4.8,7.8,79.4,0.0,27,"Orondo, Douglas County",330078,Orondo,2018-10-02 14:55:00.857808
2018-08-18,19:45,84.4,84.6,42.4,22.8,0.0,NE@4.5,7.8,79.5,0.0,17,"Orondo, Douglas County",330078,Orondo,2018-10-02 14:55:00.857808
2018-08-18,20:00,84.5,84.7,41.1,21.6,0.0,NE@4.4,8.5,79.5,0.0,6,"Orondo, Douglas County",330078,Orondo,2018-10-02 14:55:00.857808
2018-08-18,20:15,84.1,84.4,41.4,22.2,0.0,NE@6.2,9.9,79.6,0.0,2,"Orondo, Douglas County",330078,Orondo,2018-10-02 14:55:00.857808
2018-08-18,20:30,83.6,83.8,41.4,22.5,0.0,NE@3.5,8.5,79.6,0.0,2,"Orondo, Douglas County",330078,Orondo,2018-10-02 14:55:00.857808
2018-08-18,20:45,81.7,81.9,42.2,24.7,0.0,S@1.6,4.9,79.7,0.0,0,"Orondo, Douglas County",330078,Orondo,2018-10-02 14:55:00.857808
2018-08-18,21:00,82.5,82.7,40.3,22.4,0.0,NE@4.0,9.6,79.8,0.0,0,"Orondo, Douglas County",330078,Orondo,2018-10-02 14:55:00.857808
2018-08-18,21:15,81.1,81.3,41.1,24.2,0.0,NW@2.7,5.3,79.8,0.0,0,"Orondo, Douglas County",330078,Orondo,2018-10-02 14:55:00.857808
2018-08-18,21:30,80.6,80.8,40.3,23.8,0.0,N@3.6,6.7,79.8,0.0,0,"Orondo, Douglas County",330078,Orondo,2018-10-02 14:55:00.857808
2018-08-18,21:45,77.9,78.2,41.5,27.3,0.0,NE@2.6,6.0,79.9,0.0,0,"Orondo, Douglas County",330078,Orondo,2018-10-02 14:55:00.857808
2018-08-18,22:00,79.2,79.4,40.4,25.0,0.0,N@5.1,8.5,79.9,0.0,0,"Orondo, Douglas County",330078,Orondo,2018-10-02 14:55:00.857808
2018-08-18,22:15,79.4,79.6,40.1,24.6,0.0,NE@6.3,10.3,80.0,0.0,0,"Orondo, Douglas County",330078,Orondo,2018-10-02 14:55:00.857808
2018-08-18,22:30,78.9,79.2,40.0,24.8,0.0,NE@6.8,11.0,80.0,0.0,0,"Orondo, Douglas County",330078,Orondo,2018-10-02 14:55:00.857808
2018-08-18,22:45,78.2,78.5,40.1,25.5,0.0,N@6.3,10.7,80.0,0.0,0,"Orondo, Douglas County",330078,Orondo,2018-10-02 14:55:00.857808
2018-08-18,23:00,77.0,77.3,40.8,27.3,0.0,N@7.9,12.4,80.1,0.0,0,"Orondo, Douglas County",330078,Orondo,2018-10-02 14:55:00.857808
2018-08-18,23:15,76.4,76.6,41.8,28.9,0.0,NE@7.8,12.4,80.1,0.0,0,"Orondo, Douglas County",330078,Orondo,2018-10-02 14:55:00.857808
2018-08-18,23:30,75.3,75.6,42.9,31.2,0.0,NE@6.7,10.7,80.1,0.0,0,"Orondo, Douglas County",330078,Orondo,2018-10-02 14:55:00.857808
2018-08-18,23:45,75.0,75.3,42.0,30.5,0.0,NE@7.1,11.7,80.1,0.0,0,"Orondo, Douglas County",330078,Orondo,2018-10-02 14:55:00.857808
2018-08-18,24:00,74.1,74.3,42.4,32.0,0.0,N@6.1,10.3,80.1,0.0,0,"Orondo, Douglas County",330078,Orondo,2018-10-02 14:55:00.857808
