Date,Time PST,Air Temp °F, 2<sup>nd</sup> Air Temp °F, Dew Point °F, Rel Hum %, Leaf Wet u., Wind Dir @ Speed mph, Wind Gust mph, 8 in. Soil Tmp °F, Tot Prec in, Solar Rad W/m², Atm. Press. inHg,Location,Station ID,Station Name,Download Timestamp
2013-06-29,00:15,60.9,61.0,59.9,96.4,0.86,SE@2.0,3.5,69.0,0.0,0,30.17,"Pullman, Whitman County",300029,Pullman,2017-12-07 21:47:46.297192
2013-06-29,00:30,60.5,60.5,59.6,96.8,0.88,W@0.6,2.4,69.0,0.0,0,30.16,"Pullman, Whitman County",300029,Pullman,2017-12-07 21:47:46.297192
2013-06-29,00:45,59.5,59.6,58.7,97.1,0.89,SW@0.4,3.5,69.0,0.0,0,30.15,"Pullman, Whitman County",300029,Pullman,2017-12-07 21:47:46.297192
2013-06-29,01:00,59.6,59.7,59.0,97.7,0.9,SE@2.8,4.2,69.0,0.0,0,30.15,"Pullman, Whitman County",300029,Pullman,2017-12-07 21:47:46.297192
2013-06-29,01:15,59.9,60.2,59.4,98.1,0.9,SE@2.3,3.5,69.0,0.0,0,30.15,"Pullman, Whitman County",300029,Pullman,2017-12-07 21:47:46.297192
2013-06-29,01:30,60.2,60.2,59.5,97.5,0.91,SE@2.5,5.3,69.0,0.0,0,30.15,"Pullman, Whitman County",300029,Pullman,2017-12-07 21:47:46.297192
2013-06-29,01:45,59.0,59.1,58.4,97.8,0.91,SE@3.5,6.0,69.0,0.0,0,30.15,"Pullman, Whitman County",300029,Pullman,2017-12-07 21:47:46.297192
2013-06-29,02:00,59.2,59.3,58.7,97.9,0.92,SE@0.8,4.2,68.9,0.0,0,30.15,"Pullman, Whitman County",300029,Pullman,2017-12-07 21:47:46.297192
2013-06-29,02:15,59.1,59.1,58.5,97.8,0.92,SE@1.0,4.2,68.9,0.0,0,30.14,"Pullman, Whitman County",300029,Pullman,2017-12-07 21:47:46.297192
2013-06-29,02:30,59.0,59.0,58.3,97.8,0.93,SE@2.7,4.2,68.9,0.0,0,30.13,"Pullman, Whitman County",300029,Pullman,2017-12-07 21:47:46.297192
2013-06-29,02:45,59.0,59.1,58.5,97.8,0.93,SE@2.7,4.9,68.8,0.0,0,30.13,"Pullman, Whitman County",300029,Pullman,2017-12-07 21:47:46.297192
2013-06-29,03:00,58.6,58.8,58.0,97.7,0.93,SE@2.4,4.2,68.8,0.0,0,30.13,"Pullman, Whitman County",300029,Pullman,2017-12-07 21:47:46.297192
2013-06-29,03:15,58.7,58.8,58.1,97.6,0.93,SE@1.7,3.1,68.8,0.0,0,30.13,"Pullman, Whitman County",300029,Pullman,2017-12-07 21:47:46.297192
2013-06-29,03:30,58.1,58.0,57.3,97.1,0.93,W@0.3,1.7,68.7,0.0,0,30.14,"Pullman, Whitman County",300029,Pullman,2017-12-07 21:47:46.297192
2013-06-29,03:45,58.1,58.1,57.4,97.4,0.94,S@0.7,3.1,68.7,0.0,0,30.15,"Pullman, Whitman County",300029,Pullman,2017-12-07 21:47:46.297192
2013-06-29,04:00,58.5,58.7,57.8,97.4,0.94,SE@1.2,3.9,68.6,0.0,7,30.15,"Pullman, Whitman County",300029,Pullman,2017-12-07 21:47:46.297192
2013-06-29,04:15,60.1,60.4,59.3,97.1,0.94,SE@2.2,3.9,68.6,0.0,12,30.16,"Pullman, Whitman County",300029,Pullman,2017-12-07 21:47:46.297192
2013-06-29,04:30,63.1,63.6,60.8,92.0,0.94,S@3.1,7.8,68.6,0.0,40,30.16,"Pullman, Whitman County",300029,Pullman,2017-12-07 21:47:46.297192
2013-06-29,04:45,64.8,64.8,60.9,87.1,0.92,SE@6.6,9.9,68.5,0.01,12,30.16,"Pullman, Whitman County",300029,Pullman,2017-12-07 21:47:46.297192
2013-06-29,05:00,62.9,63.1,60.3,91.2,0.88,N@3.1,8.5,68.5,0.0,30,30.17,"Pullman, Whitman County",300029,Pullman,2017-12-07 21:47:46.297192
2013-06-29,05:15,63.5,63.7,61.3,92.5,0.85,NW@5.2,10.7,68.4,0.0,8,30.19,"Pullman, Whitman County",300029,Pullman,2017-12-07 21:47:46.297192
2013-06-29,05:30,63.9,64.2,61.3,91.0,0.88,NE@8.8,12.1,68.4,0.0,10,30.17,"Pullman, Whitman County",300029,Pullman,2017-12-07 21:47:46.297192
2013-06-29,05:45,64.8,65.1,61.6,89.3,0.77,NE@11.2,15.3,68.3,0.01,61,30.14,"Pullman, Whitman County",300029,Pullman,2017-12-07 21:47:46.297192
2013-06-29,06:00,64.7,64.9,61.3,88.5,0.28,E@13.4,18.9,68.3,0.0,131,30.14,"Pullman, Whitman County",300029,Pullman,2017-12-07 21:47:46.297192
2013-06-29,06:15,64.9,65.1,61.6,89.0,0.0,NE@8.9,16.0,68.2,0.0,135,30.13,"Pullman, Whitman County",300029,Pullman,2017-12-07 21:47:46.297192
2013-06-29,06:30,65.6,65.9,61.5,86.5,0.0,NE@7.1,13.2,68.2,0.0,165,30.13,"Pullman, Whitman County",300029,Pullman,2017-12-07 21:47:46.297192
2013-06-29,06:45,66.5,66.7,61.0,82.2,0.0,NE@6.5,11.7,68.1,0.0,103,30.13,"Pullman, Whitman County",300029,Pullman,2017-12-07 21:47:46.297192
2013-06-29,07:00,68.4,68.8,61.8,79.3,0.0,NE@2.7,6.7,68.1,0.0,426,30.13,"Pullman, Whitman County",300029,Pullman,2017-12-07 21:47:46.297192
2013-06-29,07:15,71.0,71.2,63.4,76.8,0.0,S@3.9,9.2,68.0,0.0,430,30.14,"Pullman, Whitman County",300029,Pullman,2017-12-07 21:47:46.297192
2013-06-29,07:30,71.6,72.0,64.2,77.4,0.0,S@4.7,7.8,68.0,0.0,368,30.14,"Pullman, Whitman County",300029,Pullman,2017-12-07 21:47:46.297192
2013-06-29,07:45,73.5,74.0,64.6,73.5,0.0,SE@5.7,11.7,68.0,0.0,482,30.14,"Pullman, Whitman County",300029,Pullman,2017-12-07 21:47:46.297192
2013-06-29,08:00,75.2,75.5,64.8,70.1,0.0,SE@6.3,11.0,67.9,0.0,597,30.14,"Pullman, Whitman County",300029,Pullman,2017-12-07 21:47:46.297192
2013-06-29,08:15,75.0,75.0,64.4,69.5,0.0,SE@7.2,11.4,67.9,0.0,289,30.15,"Pullman, Whitman County",300029,Pullman,2017-12-07 21:47:46.297192
2013-06-29,08:30,73.5,73.7,63.6,71.2,0.0,SE@7.3,12.1,67.8,0.0,418,30.15,"Pullman, Whitman County",300029,Pullman,2017-12-07 21:47:46.297192
2013-06-29,08:45,73.8,74.0,63.2,69.3,0.0,SE@5.7,8.5,67.8,0.0,521,30.15,"Pullman, Whitman County",300029,Pullman,2017-12-07 21:47:46.297192
2013-06-29,09:00,75.2,75.7,64.0,68.1,0.0,S@4.2,6.4,67.7,0.0,784,30.15,"Pullman, Whitman County",300029,Pullman,2017-12-07 21:47:46.297192
2013-06-29,09:15,76.7,76.9,63.4,63.5,0.0,S@4.2,7.1,67.7,0.0,861,30.15,"Pullman, Whitman County",300029,Pullman,2017-12-07 21:47:46.297192
2013-06-29,09:30,77.4,77.7,62.6,60.3,0.0,W@3.6,7.1,67.7,0.0,968,30.15,"Pullman, Whitman County",300029,Pullman,2017-12-07 21:47:46.297192
2013-06-29,09:45,78.0,78.2,64.3,62.7,0.0,W@4.4,8.5,67.7,0.0,975,30.16,"Pullman, Whitman County",300029,Pullman,2017-12-07 21:47:46.297192
2013-06-29,10:00,78.2,78.3,64.3,62.3,0.0,W@4.3,7.1,67.6,0.0,819,30.16,"Pullman, Whitman County",300029,Pullman,2017-12-07 21:47:46.297192
2013-06-29,10:15,77.8,78.0,63.5,61.5,0.0,NW@6.1,11.4,67.6,0.0,471,30.16,"Pullman, Whitman County",300029,Pullman,2017-12-07 21:47:46.297192
2013-06-29,10:30,77.1,77.2,64.9,66.0,0.0,NW@8.2,11.4,67.6,0.0,645,30.15,"Pullman, Whitman County",300029,Pullman,2017-12-07 21:47:46.297192
2013-06-29,10:45,77.7,78.0,65.3,65.6,0.0,NW@6.8,12.8,67.6,0.0,824,30.16,"Pullman, Whitman County",300029,Pullman,2017-12-07 21:47:46.297192
2013-06-29,11:00,78.2,78.4,65.3,64.4,0.0,NW@9.3,12.4,67.6,0.0,799,30.16,"Pullman, Whitman County",300029,Pullman,2017-12-07 21:47:46.297192
2013-06-29,11:15,78.7,78.8,65.1,63.1,0.0,NW@11.9,16.7,67.6,0.0,899,30.16,"Pullman, Whitman County",300029,Pullman,2017-12-07 21:47:46.297192
2013-06-29,11:30,78.3,78.5,65.3,64.4,0.0,NW@11.0,15.3,67.6,0.0,771,30.16,"Pullman, Whitman County",300029,Pullman,2017-12-07 21:47:46.297192
2013-06-29,11:45,79.6,79.9,64.7,60.4,0.0,NW@10.7,14.6,67.6,0.0,961,30.15,"Pullman, Whitman County",300029,Pullman,2017-12-07 21:47:46.297192
2013-06-29,12:00,80.0,80.2,63.8,57.7,0.0,NW@11.1,15.0,67.6,0.0,940,30.14,"Pullman, Whitman County",300029,Pullman,2017-12-07 21:47:46.297192
2013-06-29,12:15,80.1,80.4,65.0,60.0,0.0,NW@10.5,16.0,67.7,0.0,935,30.14,"Pullman, Whitman County",300029,Pullman,2017-12-07 21:47:46.297192
2013-06-29,12:30,79.3,79.6,65.8,63.5,0.0,N@10.7,16.4,67.7,0.0,935,30.14,"Pullman, Whitman County",300029,Pullman,2017-12-07 21:47:46.297192
2013-06-29,12:45,79.9,80.3,65.1,60.5,0.0,N@10.8,16.4,67.8,0.0,946,30.14,"Pullman, Whitman County",300029,Pullman,2017-12-07 21:47:46.297192
2013-06-29,13:00,80.1,80.4,64.1,58.2,0.0,NW@11.0,16.7,67.8,0.0,690,30.14,"Pullman, Whitman County",300029,Pullman,2017-12-07 21:47:46.297192
2013-06-29,13:15,79.9,80.2,63.1,56.6,0.0,NW@9.4,13.2,67.9,0.0,696,30.14,"Pullman, Whitman County",300029,Pullman,2017-12-07 21:47:46.297192
2013-06-29,13:30,80.7,81.0,62.5,54.1,0.0,NW@9.8,13.9,67.9,0.0,805,30.14,"Pullman, Whitman County",300029,Pullman,2017-12-07 21:47:46.297192
2013-06-29,13:45,80.9,81.3,63.3,55.1,0.0,N@10.9,16.7,68.0,0.0,900,30.13,"Pullman, Whitman County",300029,Pullman,2017-12-07 21:47:46.297192
2013-06-29,14:00,80.8,81.1,61.4,51.7,0.0,N@9.1,13.5,68.1,0.0,654,30.13,"Pullman, Whitman County",300029,Pullman,2017-12-07 21:47:46.297192
2013-06-29,14:15,80.4,80.7,61.0,51.7,0.0,N@8.3,11.4,68.1,0.0,634,30.12,"Pullman, Whitman County",300029,Pullman,2017-12-07 21:47:46.297192
2013-06-29,14:30,80.6,80.9,62.7,54.4,0.0,N@7.0,10.7,68.2,0.0,628,30.12,"Pullman, Whitman County",300029,Pullman,2017-12-07 21:47:46.297192
2013-06-29,14:45,82.0,82.1,63.4,53.4,0.0,N@6.9,10.7,68.3,0.0,689,30.12,"Pullman, Whitman County",300029,Pullman,2017-12-07 21:47:46.297192
2013-06-29,15:00,82.1,82.5,63.6,53.6,0.0,N@6.1,10.3,68.4,0.0,698,30.12,"Pullman, Whitman County",300029,Pullman,2017-12-07 21:47:46.297192
2013-06-29,15:15,82.2,82.7,62.8,51.7,0.0,NW@6.6,12.4,68.5,0.0,684,30.11,"Pullman, Whitman County",300029,Pullman,2017-12-07 21:47:46.297192
2013-06-29,15:30,82.6,83.1,63.0,51.5,0.0,NW@6.5,9.9,68.6,0.0,649,30.1,"Pullman, Whitman County",300029,Pullman,2017-12-07 21:47:46.297192
2013-06-29,15:45,82.7,83.3,63.0,51.4,0.0,NW@6.6,9.9,68.7,0.0,597,30.1,"Pullman, Whitman County",300029,Pullman,2017-12-07 21:47:46.297192
2013-06-29,16:00,83.0,83.5,63.0,50.8,0.0,NW@5.9,9.9,68.8,0.0,577,30.1,"Pullman, Whitman County",300029,Pullman,2017-12-07 21:47:46.297192
2013-06-29,16:15,83.3,83.6,63.7,51.7,0.0,NW@6.0,9.2,68.8,0.0,524,30.1,"Pullman, Whitman County",300029,Pullman,2017-12-07 21:47:46.297192
2013-06-29,16:30,81.9,82.1,65.5,57.6,0.0,W@9.1,11.7,68.9,0.0,483,30.1,"Pullman, Whitman County",300029,Pullman,2017-12-07 21:47:46.297192
2013-06-29,16:45,81.3,81.5,66.1,59.8,0.0,W@9.6,12.4,69.0,0.0,455,30.09,"Pullman, Whitman County",300029,Pullman,2017-12-07 21:47:46.297192
2013-06-29,17:00,81.3,81.5,65.8,59.3,0.0,W@8.8,11.0,69.1,0.0,405,30.09,"Pullman, Whitman County",300029,Pullman,2017-12-07 21:47:46.297192
2013-06-29,17:15,81.2,81.3,66.5,61.1,0.0,W@8.8,10.7,69.1,0.0,358,30.09,"Pullman, Whitman County",300029,Pullman,2017-12-07 21:47:46.297192
2013-06-29,17:30,81.9,82.0,64.5,55.6,0.0,NW@7.3,9.9,69.2,0.0,314,30.1,"Pullman, Whitman County",300029,Pullman,2017-12-07 21:47:46.297192
2013-06-29,17:45,81.2,80.9,64.8,57.5,0.0,NW@7.9,11.0,69.3,0.0,281,30.1,"Pullman, Whitman County",300029,Pullman,2017-12-07 21:47:46.297192
2013-06-29,18:00,79.3,79.2,63.4,58.3,0.0,NW@8.5,11.4,69.3,0.0,200,30.1,"Pullman, Whitman County",300029,Pullman,2017-12-07 21:47:46.297192
2013-06-29,18:15,78.0,78.0,62.9,59.6,0.0,NW@9.3,12.8,69.4,0.0,188,30.1,"Pullman, Whitman County",300029,Pullman,2017-12-07 21:47:46.297192
2013-06-29,18:30,76.6,76.6,61.9,60.3,0.0,NW@9.4,14.2,69.5,0.0,164,30.1,"Pullman, Whitman County",300029,Pullman,2017-12-07 21:47:46.297192
2013-06-29,18:45,75.4,75.3,61.2,61.4,0.0,NW@9.3,15.0,69.5,0.0,127,30.1,"Pullman, Whitman County",300029,Pullman,2017-12-07 21:47:46.297192
2013-06-29,19:00,73.8,73.9,62.3,67.2,0.0,NW@6.4,9.2,69.6,0.0,92,30.1,"Pullman, Whitman County",300029,Pullman,2017-12-07 21:47:46.297192
2013-06-29,19:15,72.7,72.9,62.2,69.7,0.0,NW@4.9,7.1,69.7,0.0,48,30.1,"Pullman, Whitman County",300029,Pullman,2017-12-07 21:47:46.297192
2013-06-29,19:30,71.0,71.1,61.7,72.5,0.0,NW@3.2,5.7,69.7,0.0,17,30.1,"Pullman, Whitman County",300029,Pullman,2017-12-07 21:47:46.297192
2013-06-29,19:45,69.6,69.6,61.5,75.4,0.0,NW@2.8,4.2,69.8,0.0,11,30.11,"Pullman, Whitman County",300029,Pullman,2017-12-07 21:47:46.297192
2013-06-29,20:00,68.4,68.5,61.0,77.2,0.0,NW@2.5,3.9,69.8,0.0,3,30.11,"Pullman, Whitman County",300029,Pullman,2017-12-07 21:47:46.297192
2013-06-29,20:15,68.1,68.2,60.5,76.8,0.0,NW@3.8,6.0,69.9,0.0,0,30.11,"Pullman, Whitman County",300029,Pullman,2017-12-07 21:47:46.297192
2013-06-29,20:30,67.0,67.2,60.1,78.2,0.0,NW@5.0,6.7,69.9,0.0,0,30.11,"Pullman, Whitman County",300029,Pullman,2017-12-07 21:47:46.297192
2013-06-29,20:45,66.8,66.9,59.7,77.8,0.0,NW@3.6,6.4,70.0,0.0,0,30.11,"Pullman, Whitman County",300029,Pullman,2017-12-07 21:47:46.297192
2013-06-29,21:00,67.1,67.3,59.4,76.4,0.0,NW@5.1,8.5,70.0,0.0,0,30.11,"Pullman, Whitman County",300029,Pullman,2017-12-07 21:47:46.297192
2013-06-29,21:15,65.9,65.9,59.3,79.3,0.0,NW@2.4,4.6,70.1,0.0,0,30.12,"Pullman, Whitman County",300029,Pullman,2017-12-07 21:47:46.297192
2013-06-29,21:30,65.4,65.5,59.4,80.8,0.0,NW@2.4,7.4,70.1,0.0,0,30.11,"Pullman, Whitman County",300029,Pullman,2017-12-07 21:47:46.297192
2013-06-29,21:45,65.8,66.0,59.8,80.8,0.0,W@3.3,8.5,70.1,0.0,0,30.11,"Pullman, Whitman County",300029,Pullman,2017-12-07 21:47:46.297192
2013-06-29,22:00,66.0,66.2,60.0,80.9,0.0,NW@4.2,7.4,70.1,0.0,0,30.11,"Pullman, Whitman County",300029,Pullman,2017-12-07 21:47:46.297192
2013-06-29,22:15,66.0,66.2,59.9,80.5,0.0,W@4.0,6.0,70.1,0.0,0,30.11,"Pullman, Whitman County",300029,Pullman,2017-12-07 21:47:46.297192
2013-06-29,22:30,65.5,65.6,59.8,81.8,0.0,W@2.5,6.0,70.2,0.0,0,30.11,"Pullman, Whitman County",300029,Pullman,2017-12-07 21:47:46.297192
2013-06-29,22:45,65.2,65.2,59.8,82.8,0.0,W@2.1,4.2,70.2,0.0,0,30.11,"Pullman, Whitman County",300029,Pullman,2017-12-07 21:47:46.297192
2013-06-29,23:00,64.5,64.4,59.6,84.1,0.0,NW@1.8,4.2,70.2,0.0,0,30.11,"Pullman, Whitman County",300029,Pullman,2017-12-07 21:47:46.297192
2013-06-30,23:15,62.5,62.4,59.0,88.5,0.0,E@2.4,4.6,70.2,0.0,0,30.12,"Pullman, Whitman County",300029,Pullman,2017-12-07 21:47:46.297192
2013-06-30,23:30,63.4,63.5,59.8,88.0,0.0,NW@0.3,2.1,70.2,0.0,0,30.12,"Pullman, Whitman County",300029,Pullman,2017-12-07 21:47:46.297192
2013-06-30,23:45,62.8,62.8,59.4,88.4,0.0,NE@0.0,1.4,70.1,0.0,0,30.12,"Pullman, Whitman County",300029,Pullman,2017-12-07 21:47:46.297192
2013-06-30,24:00,61.6,61.4,58.8,90.5,0.02,SE@1.6,3.1,70.1,0.0,0,30.12,"Pullman, Whitman County",300029,Pullman,2017-12-07 21:47:46.297192
2013-06-30,00:15,60.9,61.0,58.7,92.2,0.08,E@1.7,4.2,70.1,0.0,0,30.12,"Pullman, Whitman County",300029,Pullman,2017-12-07 21:47:46.297192
2013-06-30,00:30,61.8,61.9,59.0,90.2,0.11,E@0.6,2.4,70.1,0.0,0,30.12,"Pullman, Whitman County",300029,Pullman,2017-12-07 21:47:46.297192
2013-06-30,00:45,60.5,60.3,57.8,90.8,0.15,SE@1.3,3.1,70.1,0.0,0,30.13,"Pullman, Whitman County",300029,Pullman,2017-12-07 21:47:46.297192
2013-06-30,01:00,58.9,58.9,57.2,93.7,0.26,SE@2.7,6.0,70.1,0.0,0,30.13,"Pullman, Whitman County",300029,Pullman,2017-12-07 21:47:46.297192
2013-06-30,01:15,58.4,58.5,57.1,95.3,0.35,SE@5.2,6.7,70.0,0.0,0,30.13,"Pullman, Whitman County",300029,Pullman,2017-12-07 21:47:46.297192
2013-06-30,01:30,57.2,57.2,56.1,96.2,0.42,E@4.2,6.0,70.0,0.0,0,30.13,"Pullman, Whitman County",300029,Pullman,2017-12-07 21:47:46.297192
2013-06-30,01:45,57.1,57.1,56.2,96.9,0.5,SE@0.3,2.4,69.9,0.0,0,30.14,"Pullman, Whitman County",300029,Pullman,2017-12-07 21:47:46.297192
2013-06-30,02:00,56.6,56.5,55.7,96.6,0.57,SE@0.3,1.7,69.9,0.0,0,30.14,"Pullman, Whitman County",300029,Pullman,2017-12-07 21:47:46.297192
2013-06-30,02:15,56.5,56.5,55.7,97.0,0.64,SE@2.4,3.1,69.9,0.0,0,30.14,"Pullman, Whitman County",300029,Pullman,2017-12-07 21:47:46.297192
2013-06-30,02:30,56.3,56.3,55.5,97.1,0.7,SE@1.9,2.8,69.8,0.0,0,30.13,"Pullman, Whitman County",300029,Pullman,2017-12-07 21:47:46.297192
2013-06-30,02:45,56.1,56.0,55.3,97.0,0.77,E@1.5,2.4,69.8,0.0,0,30.14,"Pullman, Whitman County",300029,Pullman,2017-12-07 21:47:46.297192
2013-06-30,03:00,55.1,55.0,54.3,97.0,0.81,E@0.1,2.1,69.7,0.0,0,30.14,"Pullman, Whitman County",300029,Pullman,2017-12-07 21:47:46.297192
2013-06-30,03:15,55.0,54.9,54.2,97.4,0.84,SE@2.1,3.5,69.7,0.0,0,30.14,"Pullman, Whitman County",300029,Pullman,2017-12-07 21:47:46.297192
2013-06-30,03:30,54.6,54.7,54.0,97.7,0.86,SE@2.1,2.8,69.6,0.0,0,30.14,"Pullman, Whitman County",300029,Pullman,2017-12-07 21:47:46.297192
2013-06-30,03:45,54.6,54.6,54.0,97.7,0.87,SE@0.6,3.1,69.6,0.0,0,30.14,"Pullman, Whitman County",300029,Pullman,2017-12-07 21:47:46.297192
2013-06-30,04:00,54.4,54.4,53.8,97.7,0.88,N@0.0,0.0,69.5,0.0,3,30.15,"Pullman, Whitman County",300029,Pullman,2017-12-07 21:47:46.297192
2013-06-30,04:15,54.1,54.0,53.4,97.5,0.89,N@0.0,0.0,69.5,0.0,9,30.15,"Pullman, Whitman County",300029,Pullman,2017-12-07 21:47:46.297192
2013-06-30,04:30,54.7,54.8,54.0,97.5,0.9,N@0.0,0.0,69.4,0.0,49,30.15,"Pullman, Whitman County",300029,Pullman,2017-12-07 21:47:46.297192
2013-06-30,04:45,55.4,55.6,54.6,97.0,0.91,SE@3.3,4.6,69.4,0.0,84,30.16,"Pullman, Whitman County",300029,Pullman,2017-12-07 21:47:46.297192
2013-06-30,05:00,55.6,56.2,54.7,96.6,0.91,SE@3.1,5.3,69.3,0.0,118,30.16,"Pullman, Whitman County",300029,Pullman,2017-12-07 21:47:46.297192
2013-06-30,05:15,56.5,57.5,55.5,96.2,0.9,S@1.2,3.9,69.3,0.0,153,30.16,"Pullman, Whitman County",300029,Pullman,2017-12-07 21:47:46.297192
2013-06-30,05:30,58.0,58.9,56.8,95.6,0.89,E@1.4,4.6,69.2,0.0,184,30.16,"Pullman, Whitman County",300029,Pullman,2017-12-07 21:47:46.297192
2013-06-30,05:45,60.4,60.9,58.1,92.0,0.83,E@1.6,3.5,69.1,0.0,218,30.16,"Pullman, Whitman County",300029,Pullman,2017-12-07 21:47:46.297192
2013-06-30,06:00,62.1,62.5,59.3,90.4,0.71,E@2.5,3.9,69.1,0.0,261,30.17,"Pullman, Whitman County",300029,Pullman,2017-12-07 21:47:46.297192
2013-06-30,06:15,64.0,64.3,60.4,88.1,0.39,E@2.9,4.2,69.0,0.0,305,30.17,"Pullman, Whitman County",300029,Pullman,2017-12-07 21:47:46.297192
2013-06-30,06:30,65.9,66.3,61.1,84.2,0.02,E@2.5,4.2,68.9,0.0,349,30.17,"Pullman, Whitman County",300029,Pullman,2017-12-07 21:47:46.297192
2013-06-30,06:45,67.2,67.5,61.8,82.6,0.0,SE@2.9,4.6,68.9,0.0,395,30.18,"Pullman, Whitman County",300029,Pullman,2017-12-07 21:47:46.297192
2013-06-30,07:00,68.4,68.8,62.8,82.1,0.0,SE@2.9,4.6,68.8,0.0,439,30.18,"Pullman, Whitman County",300029,Pullman,2017-12-07 21:47:46.297192
2013-06-30,07:15,70.1,70.6,63.3,78.8,0.0,SE@2.5,4.6,68.8,0.0,481,30.18,"Pullman, Whitman County",300029,Pullman,2017-12-07 21:47:46.297192
2013-06-30,07:30,71.8,72.1,63.3,74.7,0.0,SE@3.2,5.3,68.7,0.0,523,30.19,"Pullman, Whitman County",300029,Pullman,2017-12-07 21:47:46.297192
2013-06-30,07:45,72.5,72.8,63.0,71.9,0.0,SE@3.3,6.4,68.7,0.0,564,30.19,"Pullman, Whitman County",300029,Pullman,2017-12-07 21:47:46.297192
2013-06-30,08:00,73.3,73.6,63.8,72.3,0.0,SE@3.5,6.4,68.6,0.0,604,30.19,"Pullman, Whitman County",300029,Pullman,2017-12-07 21:47:46.297192
2013-06-30,08:15,74.3,74.6,64.1,70.5,0.0,SE@3.2,6.4,68.5,0.0,641,30.19,"Pullman, Whitman County",300029,Pullman,2017-12-07 21:47:46.297192
2013-06-30,08:30,75.0,75.3,64.5,69.9,0.0,S@3.1,4.9,68.5,0.0,679,30.19,"Pullman, Whitman County",300029,Pullman,2017-12-07 21:47:46.297192
2013-06-30,08:45,75.9,76.2,64.1,66.7,0.0,S@3.1,6.0,68.5,0.0,714,30.19,"Pullman, Whitman County",300029,Pullman,2017-12-07 21:47:46.297192
2013-06-30,09:00,76.8,77.1,63.7,63.9,0.0,SE@3.2,4.9,68.4,0.0,748,30.19,"Pullman, Whitman County",300029,Pullman,2017-12-07 21:47:46.297192
2013-06-30,09:15,77.8,78.1,64.0,62.5,0.0,S@2.6,6.4,68.4,0.0,779,30.19,"Pullman, Whitman County",300029,Pullman,2017-12-07 21:47:46.297192
2013-06-30,09:30,78.4,78.5,63.1,59.5,0.0,S@2.1,5.7,68.3,0.0,808,30.19,"Pullman, Whitman County",300029,Pullman,2017-12-07 21:47:46.297192
2013-06-30,09:45,78.8,78.9,63.7,59.9,0.0,SE@2.3,4.9,68.3,0.0,835,30.19,"Pullman, Whitman County",300029,Pullman,2017-12-07 21:47:46.297192
2013-06-30,10:00,79.7,79.8,65.2,61.1,0.0,SE@3.1,6.4,68.3,0.0,858,30.2,"Pullman, Whitman County",300029,Pullman,2017-12-07 21:47:46.297192
2013-06-30,10:15,79.7,79.9,64.7,60.0,0.0,NW@1.9,5.7,68.3,0.0,862,30.2,"Pullman, Whitman County",300029,Pullman,2017-12-07 21:47:46.297192
2013-06-30,10:30,80.4,80.4,64.3,58.0,0.0,E@3.4,7.1,68.2,0.0,871,30.19,"Pullman, Whitman County",300029,Pullman,2017-12-07 21:47:46.297192
2013-06-30,10:45,80.3,80.4,63.1,55.7,0.0,E@3.2,6.4,68.2,0.0,887,30.19,"Pullman, Whitman County",300029,Pullman,2017-12-07 21:47:46.297192
2013-06-30,11:00,80.8,80.9,63.0,54.7,0.0,NE@3.9,6.4,68.2,0.0,899,30.19,"Pullman, Whitman County",300029,Pullman,2017-12-07 21:47:46.297192
2013-06-30,11:15,81.4,81.6,62.7,53.0,0.0,E@3.3,5.7,68.2,0.0,910,30.19,"Pullman, Whitman County",300029,Pullman,2017-12-07 21:47:46.297192
2013-06-30,11:30,82.1,82.4,63.4,53.1,0.0,SE@2.8,5.7,68.2,0.0,913,30.18,"Pullman, Whitman County",300029,Pullman,2017-12-07 21:47:46.297192
2013-06-30,11:45,82.9,82.9,63.6,52.1,0.0,NE@3.2,6.4,68.2,0.0,914,30.18,"Pullman, Whitman County",300029,Pullman,2017-12-07 21:47:46.297192
2013-06-30,12:00,82.8,82.8,63.4,51.9,0.0,SE@2.7,5.7,68.3,0.0,913,30.18,"Pullman, Whitman County",300029,Pullman,2017-12-07 21:47:46.297192
2013-06-30,12:15,82.8,82.9,63.8,52.7,0.0,E@5.0,10.3,68.3,0.0,910,30.18,"Pullman, Whitman County",300029,Pullman,2017-12-07 21:47:46.297192
2013-06-30,12:30,83.5,83.7,64.5,52.9,0.0,E@3.9,7.4,68.3,0.0,902,30.18,"Pullman, Whitman County",300029,Pullman,2017-12-07 21:47:46.297192
2013-06-30,12:45,83.8,84.2,64.2,51.7,0.0,NW@2.9,5.3,68.4,0.0,889,30.18,"Pullman, Whitman County",300029,Pullman,2017-12-07 21:47:46.297192
2013-06-30,13:00,84.7,84.8,65.4,52.4,0.0,NE@2.2,5.7,68.4,0.0,874,30.17,"Pullman, Whitman County",300029,Pullman,2017-12-07 21:47:46.297192
2013-06-30,13:15,84.9,84.7,64.8,51.1,0.0,E@4.0,6.4,68.5,0.0,860,30.17,"Pullman, Whitman County",300029,Pullman,2017-12-07 21:47:46.297192
2013-06-30,13:30,84.9,85.2,63.5,48.8,0.0,SE@2.3,6.4,68.6,0.0,843,30.17,"Pullman, Whitman County",300029,Pullman,2017-12-07 21:47:46.297192
2013-06-30,13:45,85.5,85.8,63.1,47.2,0.0,NW@3.2,7.4,68.7,0.0,821,30.17,"Pullman, Whitman County",300029,Pullman,2017-12-07 21:47:46.297192
2013-06-30,14:00,85.6,86.0,63.2,47.0,0.0,N@3.4,6.4,68.7,0.0,798,30.16,"Pullman, Whitman County",300029,Pullman,2017-12-07 21:47:46.297192
2013-06-30,14:15,86.3,86.2,63.7,47.0,0.0,E@2.5,5.3,68.8,0.0,779,30.16,"Pullman, Whitman County",300029,Pullman,2017-12-07 21:47:46.297192
2013-06-30,14:30,86.3,86.4,62.3,44.8,0.0,SE@2.8,5.7,68.9,0.0,749,30.16,"Pullman, Whitman County",300029,Pullman,2017-12-07 21:47:46.297192
2013-06-30,14:45,86.3,86.4,61.5,43.4,0.0,E@3.0,6.7,69.1,0.0,720,30.15,"Pullman, Whitman County",300029,Pullman,2017-12-07 21:47:46.297192
2013-06-30,15:00,86.3,86.4,63.8,47.1,0.0,E@3.7,6.7,69.2,0.0,689,30.15,"Pullman, Whitman County",300029,Pullman,2017-12-07 21:47:46.297192
2013-06-30,15:15,86.7,86.5,64.8,48.2,0.0,NE@4.4,7.8,69.3,0.0,656,30.15,"Pullman, Whitman County",300029,Pullman,2017-12-07 21:47:46.297192
2013-06-30,15:30,87.0,86.7,62.9,44.7,0.0,NE@4.5,7.8,69.4,0.0,623,30.15,"Pullman, Whitman County",300029,Pullman,2017-12-07 21:47:46.297192
2013-06-30,15:45,86.8,86.5,62.6,44.5,0.0,E@4.2,8.2,69.6,0.0,591,30.14,"Pullman, Whitman County",300029,Pullman,2017-12-07 21:47:46.297192
2013-06-30,16:00,86.6,86.4,62.2,44.2,0.0,NE@4.6,7.4,69.7,0.0,555,30.14,"Pullman, Whitman County",300029,Pullman,2017-12-07 21:47:46.297192
2013-06-30,16:15,86.5,86.2,63.5,46.3,0.0,NE@4.9,7.8,69.8,0.0,518,30.14,"Pullman, Whitman County",300029,Pullman,2017-12-07 21:47:46.297192
2013-06-30,16:30,86.2,85.9,63.9,47.4,0.0,NE@5.0,7.8,69.9,0.0,481,30.13,"Pullman, Whitman County",300029,Pullman,2017-12-07 21:47:46.297192
2013-06-30,16:45,86.1,85.7,64.6,48.8,0.0,NE@5.5,8.2,70.0,0.0,443,30.13,"Pullman, Whitman County",300029,Pullman,2017-12-07 21:47:46.297192
2013-06-30,17:00,86.2,85.6,64.2,48.0,0.0,NE@5.8,9.2,70.1,0.0,403,30.13,"Pullman, Whitman County",300029,Pullman,2017-12-07 21:47:46.297192
2013-06-30,17:15,85.4,84.7,64.2,49.2,0.0,NE@5.9,8.2,70.2,0.0,363,30.12,"Pullman, Whitman County",300029,Pullman,2017-12-07 21:47:46.297192
2013-06-30,17:30,84.7,84.0,63.6,49.3,0.0,NE@6.8,9.6,70.4,0.0,323,30.12,"Pullman, Whitman County",300029,Pullman,2017-12-07 21:47:46.297192
2013-06-30,17:45,84.3,83.5,64.2,51.0,0.0,NE@6.0,8.9,70.5,0.0,283,30.12,"Pullman, Whitman County",300029,Pullman,2017-12-07 21:47:46.297192
2013-06-30,18:00,83.6,82.9,63.5,50.8,0.0,NE@7.1,10.3,70.6,0.0,243,30.12,"Pullman, Whitman County",300029,Pullman,2017-12-07 21:47:46.297192
2013-06-30,18:15,82.7,82.0,64.3,53.9,0.0,NE@6.3,8.5,70.7,0.0,203,30.11,"Pullman, Whitman County",300029,Pullman,2017-12-07 21:47:46.297192
2013-06-30,18:30,81.8,81.2,64.2,55.2,0.0,NE@6.2,8.9,70.8,0.0,165,30.11,"Pullman, Whitman County",300029,Pullman,2017-12-07 21:47:46.297192
2013-06-30,18:45,80.9,80.2,65.5,59.4,0.0,NE@4.1,6.4,70.9,0.0,129,30.11,"Pullman, Whitman County",300029,Pullman,2017-12-07 21:47:46.297192
2013-06-30,19:00,80.9,80.6,66.2,60.9,0.0,NE@1.0,3.9,71.0,0.0,96,30.11,"Pullman, Whitman County",300029,Pullman,2017-12-07 21:47:46.297192
2013-06-30,19:15,80.1,80.4,65.5,61.1,0.0,NW@1.8,3.9,71.1,0.0,65,30.12,"Pullman, Whitman County",300029,Pullman,2017-12-07 21:47:46.297192
2013-06-30,19:30,78.6,78.5,64.8,62.6,0.0,S@1.1,3.9,71.2,0.0,39,30.12,"Pullman, Whitman County",300029,Pullman,2017-12-07 21:47:46.297192
2013-06-30,19:45,74.9,74.6,65.3,72.0,0.0,SE@1.6,3.9,71.2,0.0,14,30.12,"Pullman, Whitman County",300029,Pullman,2017-12-07 21:47:46.297192
2013-06-30,20:00,73.3,72.9,64.9,74.9,0.0,SE@0.9,3.9,71.3,0.0,3,30.12,"Pullman, Whitman County",300029,Pullman,2017-12-07 21:47:46.297192
2013-06-30,20:15,71.4,71.5,64.8,79.4,0.0,SE@1.8,5.3,71.4,0.0,0,30.12,"Pullman, Whitman County",300029,Pullman,2017-12-07 21:47:46.297192
2013-06-30,20:30,69.2,69.0,64.4,84.7,0.0,SE@2.1,3.9,71.4,0.0,0,30.12,"Pullman, Whitman County",300029,Pullman,2017-12-07 21:47:46.297192
2013-06-30,20:45,68.0,68.0,64.3,87.6,0.0,SW@0.4,2.1,71.5,0.0,0,30.12,"Pullman, Whitman County",300029,Pullman,2017-12-07 21:47:46.297192
2013-06-30,21:00,67.1,67.0,63.9,89.4,0.03,SE@0.5,2.8,71.6,0.0,0,30.11,"Pullman, Whitman County",300029,Pullman,2017-12-07 21:47:46.297192
2013-06-30,21:15,66.3,66.3,63.6,90.8,0.09,SE@2.3,4.6,71.6,0.0,0,30.11,"Pullman, Whitman County",300029,Pullman,2017-12-07 21:47:46.297192
2013-06-30,21:30,65.9,66.1,63.3,91.2,0.11,SE@2.8,4.9,71.7,0.0,0,30.11,"Pullman, Whitman County",300029,Pullman,2017-12-07 21:47:46.297192
2013-06-30,21:45,64.9,65.0,62.7,92.5,0.17,SE@3.5,4.9,71.7,0.0,0,30.11,"Pullman, Whitman County",300029,Pullman,2017-12-07 21:47:46.297192
2013-06-30,22:00,64.6,64.8,62.6,93.3,0.25,SE@2.5,4.6,71.8,0.0,0,30.11,"Pullman, Whitman County",300029,Pullman,2017-12-07 21:47:46.297192
2013-06-30,22:15,64.0,63.9,62.0,92.9,0.34,SE@0.5,2.4,71.8,0.0,0,30.11,"Pullman, Whitman County",300029,Pullman,2017-12-07 21:47:46.297192
2013-06-30,22:30,62.7,62.5,60.9,93.8,0.45,S@0.0,1.4,71.8,0.0,0,30.11,"Pullman, Whitman County",300029,Pullman,2017-12-07 21:47:46.297192
2013-06-30,22:45,61.8,61.7,60.4,95.4,0.54,SE@0.1,1.7,71.8,0.0,0,30.11,"Pullman, Whitman County",300029,Pullman,2017-12-07 21:47:46.297192
2013-06-30,23:00,61.7,61.8,60.5,95.8,0.62,SE@1.3,3.5,71.8,0.0,0,30.11,"Pullman, Whitman County",300029,Pullman,2017-12-07 21:47:46.297192
2013-07-01,23:15,61.8,61.9,60.4,95.1,0.68,SE@2.4,3.9,71.9,0.0,0,30.11,"Pullman, Whitman County",300029,Pullman,2017-12-07 21:47:46.297192
2013-07-01,23:30,61.0,61.0,59.6,95.1,0.73,SE@2.0,3.5,71.9,0.0,0,30.11,"Pullman, Whitman County",300029,Pullman,2017-12-07 21:47:46.297192
2013-07-01,23:45,60.0,59.9,58.5,94.9,0.77,S@0.0,1.4,71.9,0.0,0,30.11,"Pullman, Whitman County",300029,Pullman,2017-12-07 21:47:46.297192
2013-07-01,24:00,59.7,59.8,58.6,95.9,0.81,SE@2.7,4.6,71.9,0.0,0,30.11,"Pullman, Whitman County",300029,Pullman,2017-12-07 21:47:46.297192
2013-07-01,00:15,59.4,59.6,58.5,96.6,0.85,SE@1.0,3.1,71.8,0.0,0,30.1,"Pullman, Whitman County",300029,Pullman,2017-12-07 21:47:46.297192
2013-07-01,00:30,59.4,59.4,58.2,95.8,0.87,S@1.5,3.5,71.8,0.0,0,30.1,"Pullman, Whitman County",300029,Pullman,2017-12-07 21:47:46.297192
2013-07-01,00:45,58.8,58.9,57.8,96.2,0.88,SE@1.9,3.9,71.8,0.0,0,30.1,"Pullman, Whitman County",300029,Pullman,2017-12-07 21:47:46.297192
2013-07-01,01:00,58.5,58.6,57.5,96.5,0.89,N@0.0,0.0,71.8,0.0,0,30.11,"Pullman, Whitman County",300029,Pullman,2017-12-07 21:47:46.297192
2013-07-01,01:15,58.2,58.2,57.2,96.4,0.9,N@0.0,0.0,71.7,0.0,0,30.11,"Pullman, Whitman County",300029,Pullman,2017-12-07 21:47:46.297192
2013-07-01,01:30,58.2,58.1,57.2,96.2,0.91,N@0.0,0.0,71.7,0.0,0,30.1,"Pullman, Whitman County",300029,Pullman,2017-12-07 21:47:46.297192
2013-07-01,01:45,57.3,57.2,56.2,96.2,0.91,S@1.4,5.3,71.7,0.0,0,30.1,"Pullman, Whitman County",300029,Pullman,2017-12-07 21:47:46.297192
2013-07-01,02:00,57.1,57.2,56.1,96.6,0.92,SE@3.2,5.7,71.6,0.0,0,30.1,"Pullman, Whitman County",300029,Pullman,2017-12-07 21:47:46.297192
2013-07-01,02:15,57.3,57.3,56.3,96.5,0.92,E@1.7,2.4,71.6,0.0,0,30.1,"Pullman, Whitman County",300029,Pullman,2017-12-07 21:47:46.297192
2013-07-01,02:30,56.8,56.9,55.8,96.2,0.93,SE@1.7,3.5,71.5,0.0,0,30.1,"Pullman, Whitman County",300029,Pullman,2017-12-07 21:47:46.297192
2013-07-01,02:45,57.3,57.4,56.1,95.4,0.93,S@1.8,4.2,71.5,0.0,0,30.1,"Pullman, Whitman County",300029,Pullman,2017-12-07 21:47:46.297192
2013-07-01,03:00,57.0,57.1,55.6,95.2,0.93,SW@2.6,4.2,71.5,0.0,0,30.1,"Pullman, Whitman County",300029,Pullman,2017-12-07 21:47:46.297192
2013-07-01,03:15,59.2,59.2,56.3,90.1,0.93,SE@3.3,4.6,71.4,0.0,0,30.1,"Pullman, Whitman County",300029,Pullman,2017-12-07 21:47:46.297192
2013-07-01,03:30,58.0,58.1,55.4,90.9,0.93,SE@1.4,3.1,71.4,0.0,0,30.1,"Pullman, Whitman County",300029,Pullman,2017-12-07 21:47:46.297192
2013-07-01,03:45,56.9,57.0,54.8,92.7,0.93,SE@0.6,3.1,71.3,0.0,3,30.1,"Pullman, Whitman County",300029,Pullman,2017-12-07 21:47:46.297192
2013-07-01,04:00,57.3,57.2,54.8,91.4,0.93,E@0.0,1.4,71.2,0.0,15,30.1,"Pullman, Whitman County",300029,Pullman,2017-12-07 21:47:46.297192
2013-07-01,04:15,58.6,59.0,56.3,91.9,0.93,N@0.0,0.0,71.2,0.0,18,30.1,"Pullman, Whitman County",300029,Pullman,2017-12-07 21:47:46.297192
2013-07-01,04:30,59.8,59.9,56.6,88.9,0.92,N@0.0,0.0,71.1,0.0,48,30.1,"Pullman, Whitman County",300029,Pullman,2017-12-07 21:47:46.297192
2013-07-01,04:45,59.3,59.5,56.7,91.0,0.9,S@0.0,1.4,71.1,0.0,46,30.1,"Pullman, Whitman County",300029,Pullman,2017-12-07 21:47:46.297192
2013-07-01,05:00,60.0,60.2,57.2,90.2,0.88,SE@0.0,1.4,71.0,0.0,42,30.1,"Pullman, Whitman County",300029,Pullman,2017-12-07 21:47:46.297192
2013-07-01,05:15,59.8,59.8,56.9,90.0,0.86,SE@0.0,1.7,70.9,0.0,40,30.11,"Pullman, Whitman County",300029,Pullman,2017-12-07 21:47:46.297192
2013-07-01,05:30,60.0,60.2,57.7,91.9,0.85,N@0.0,0.0,70.9,0.0,49,30.11,"Pullman, Whitman County",300029,Pullman,2017-12-07 21:47:46.297192
2013-07-01,05:45,60.8,60.9,57.5,88.9,0.82,N@0.0,0.0,70.8,0.0,153,30.11,"Pullman, Whitman County",300029,Pullman,2017-12-07 21:47:46.297192
2013-07-01,06:00,62.3,63.2,59.1,89.2,0.75,N@0.0,0.0,70.7,0.0,262,30.11,"Pullman, Whitman County",300029,Pullman,2017-12-07 21:47:46.297192
2013-07-01,06:15,66.5,67.0,62.1,85.7,0.44,E@0.0,1.4,70.7,0.0,303,30.11,"Pullman, Whitman County",300029,Pullman,2017-12-07 21:47:46.297192
2013-07-01,06:30,69.6,70.0,61.9,76.6,0.02,SE@3.2,6.4,70.6,0.0,349,30.11,"Pullman, Whitman County",300029,Pullman,2017-12-07 21:47:46.297192
2013-07-01,06:45,71.2,71.6,62.7,74.3,0.0,SE@3.1,4.9,70.6,0.0,401,30.11,"Pullman, Whitman County",300029,Pullman,2017-12-07 21:47:46.297192
2013-07-01,07:00,74.1,74.4,63.6,69.8,0.0,NE@0.7,3.1,70.5,0.0,445,30.11,"Pullman, Whitman County",300029,Pullman,2017-12-07 21:47:46.297192
2013-07-01,07:15,75.6,76.0,63.9,66.9,0.0,NW@1.3,3.5,70.5,0.0,488,30.12,"Pullman, Whitman County",300029,Pullman,2017-12-07 21:47:46.297192
2013-07-01,07:30,76.4,76.9,64.1,65.8,0.0,SE@1.4,4.6,70.4,0.0,530,30.12,"Pullman, Whitman County",300029,Pullman,2017-12-07 21:47:46.297192
2013-07-01,07:45,77.9,78.2,63.2,60.6,0.0,SE@4.1,6.0,70.3,0.0,569,30.12,"Pullman, Whitman County",300029,Pullman,2017-12-07 21:47:46.297192
2013-07-01,08:00,78.9,79.1,63.3,58.8,0.0,SE@3.3,7.1,70.3,0.0,612,30.13,"Pullman, Whitman County",300029,Pullman,2017-12-07 21:47:46.297192
2013-07-01,08:15,79.1,79.2,62.5,56.8,0.0,SE@7.5,12.1,70.2,0.0,657,30.13,"Pullman, Whitman County",300029,Pullman,2017-12-07 21:47:46.297192
2013-07-01,08:30,78.5,78.6,63.5,60.0,0.0,SE@8.0,11.4,70.2,0.0,635,30.13,"Pullman, Whitman County",300029,Pullman,2017-12-07 21:47:46.297192
2013-07-01,08:45,78.8,79.1,63.6,59.6,0.0,SE@7.6,9.9,70.1,0.0,717,30.13,"Pullman, Whitman County",300029,Pullman,2017-12-07 21:47:46.297192
2013-07-01,09:00,79.8,80.1,63.5,57.5,0.0,SE@7.6,11.0,70.1,0.0,757,30.12,"Pullman, Whitman County",300029,Pullman,2017-12-07 21:47:46.297192
2013-07-01,09:15,80.8,81.0,63.2,55.0,0.0,SE@8.2,11.4,70.0,0.0,785,30.12,"Pullman, Whitman County",300029,Pullman,2017-12-07 21:47:46.297192
2013-07-01,09:30,81.7,82.0,64.3,55.5,0.0,SE@6.6,9.9,70.0,0.0,814,30.12,"Pullman, Whitman County",300029,Pullman,2017-12-07 21:47:46.297192
2013-07-01,09:45,83.4,83.7,65.7,55.3,0.0,SE@4.6,7.1,70.0,0.0,843,30.12,"Pullman, Whitman County",300029,Pullman,2017-12-07 21:47:46.297192
2013-07-01,10:00,83.8,84.0,65.2,53.6,0.0,S@4.5,7.4,69.9,0.0,863,30.12,"Pullman, Whitman County",300029,Pullman,2017-12-07 21:47:46.297192
2013-07-01,10:15,85.1,85.3,65.5,51.9,0.0,SE@2.4,6.4,69.9,0.0,882,30.12,"Pullman, Whitman County",300029,Pullman,2017-12-07 21:47:46.297192
2013-07-01,10:30,85.6,85.8,64.2,48.8,0.0,SE@5.0,10.3,69.9,0.0,900,30.12,"Pullman, Whitman County",300029,Pullman,2017-12-07 21:47:46.297192
2013-07-01,10:45,85.6,85.8,63.0,46.9,0.0,SE@7.7,11.4,69.9,0.0,909,30.12,"Pullman, Whitman County",300029,Pullman,2017-12-07 21:47:46.297192
2013-07-01,11:00,85.9,86.1,62.7,45.9,0.0,SE@7.5,11.0,69.9,0.0,922,30.12,"Pullman, Whitman County",300029,Pullman,2017-12-07 21:47:46.297192
2013-07-01,11:15,86.8,87.1,64.7,47.9,0.0,SE@4.5,8.2,69.9,0.0,932,30.12,"Pullman, Whitman County",300029,Pullman,2017-12-07 21:47:46.297192
2013-07-01,11:30,87.7,87.9,65.3,47.5,0.0,SE@3.4,6.7,69.9,0.0,939,30.11,"Pullman, Whitman County",300029,Pullman,2017-12-07 21:47:46.297192
2013-07-01,11:45,88.3,88.5,66.1,47.8,0.0,SE@3.6,6.4,69.9,0.0,926,30.11,"Pullman, Whitman County",300029,Pullman,2017-12-07 21:47:46.297192
2013-07-01,12:00,88.5,88.5,66.1,47.8,0.0,E@3.0,6.4,69.9,0.0,889,30.11,"Pullman, Whitman County",300029,Pullman,2017-12-07 21:47:46.297192
2013-07-01,12:15,89.8,90.0,67.2,47.5,0.0,E@2.5,5.7,69.9,0.0,881,30.11,"Pullman, Whitman County",300029,Pullman,2017-12-07 21:47:46.297192
2013-07-01,12:30,91.0,91.3,67.6,46.3,0.0,SE@2.8,6.4,70.0,0.0,872,30.1,"Pullman, Whitman County",300029,Pullman,2017-12-07 21:47:46.297192
2013-07-01,12:45,91.4,91.6,67.9,46.3,0.0,S@2.6,5.3,70.0,0.0,859,30.1,"Pullman, Whitman County",300029,Pullman,2017-12-07 21:47:46.297192
2013-07-01,13:00,92.1,92.3,68.0,45.4,0.0,SE@3.0,5.3,70.1,0.0,845,30.09,"Pullman, Whitman County",300029,Pullman,2017-12-07 21:47:46.297192
2013-07-01,13:15,92.3,92.4,67.5,44.3,0.0,E@2.8,5.3,70.1,0.0,829,30.09,"Pullman, Whitman County",300029,Pullman,2017-12-07 21:47:46.297192
2013-07-01,13:30,93.1,93.5,68.2,44.2,0.0,NE@3.1,5.3,70.2,0.0,806,30.09,"Pullman, Whitman County",300029,Pullman,2017-12-07 21:47:46.297192
2013-07-01,13:45,93.5,93.5,69.0,45.0,0.0,NE@3.5,6.0,70.3,0.0,783,30.08,"Pullman, Whitman County",300029,Pullman,2017-12-07 21:47:46.297192
2013-07-01,14:00,93.2,93.2,68.9,45.2,0.0,E@3.8,6.7,70.4,0.0,759,30.08,"Pullman, Whitman County",300029,Pullman,2017-12-07 21:47:46.297192
2013-07-01,14:15,93.5,93.4,69.0,45.1,0.0,NE@4.8,7.4,70.5,0.0,735,30.08,"Pullman, Whitman County",300029,Pullman,2017-12-07 21:47:46.297192
2013-07-01,14:30,93.6,93.4,69.7,46.1,0.0,NE@4.9,6.4,70.6,0.0,707,30.07,"Pullman, Whitman County",300029,Pullman,2017-12-07 21:47:46.297192
2013-07-01,14:45,94.1,94.0,69.3,44.7,0.0,NE@4.1,6.7,70.7,0.0,681,30.07,"Pullman, Whitman County",300029,Pullman,2017-12-07 21:47:46.297192
2013-07-01,15:00,94.5,94.2,69.8,44.9,0.0,NE@4.8,7.1,70.8,0.0,649,30.07,"Pullman, Whitman County",300029,Pullman,2017-12-07 21:47:46.297192
2013-07-01,15:15,94.7,94.5,70.0,44.9,0.0,NE@5.6,7.4,70.9,0.0,617,30.06,"Pullman, Whitman County",300029,Pullman,2017-12-07 21:47:46.297192
2013-07-01,15:30,94.8,94.5,71.1,46.5,0.0,NE@5.3,8.2,71.1,0.0,583,30.06,"Pullman, Whitman County",300029,Pullman,2017-12-07 21:47:46.297192
2013-07-01,15:45,94.5,94.2,72.7,49.3,0.0,NE@5.5,7.8,71.2,0.0,546,30.06,"Pullman, Whitman County",300029,Pullman,2017-12-07 21:47:46.297192
2013-07-01,16:00,94.3,94.1,72.4,49.2,0.0,N@6.2,8.5,71.3,0.0,510,30.05,"Pullman, Whitman County",300029,Pullman,2017-12-07 21:47:46.297192
2013-07-01,16:15,94.2,94.3,73.0,50.3,0.0,N@5.2,7.1,71.5,0.0,473,30.05,"Pullman, Whitman County",300029,Pullman,2017-12-07 21:47:46.297192
2013-07-01,16:30,94.3,94.2,73.1,50.5,0.0,N@4.9,6.7,71.6,0.0,434,30.04,"Pullman, Whitman County",300029,Pullman,2017-12-07 21:47:46.297192
2013-07-01,16:45,93.7,93.2,73.7,52.4,0.0,N@5.4,7.1,71.7,0.0,397,30.04,"Pullman, Whitman County",300029,Pullman,2017-12-07 21:47:46.297192
2013-07-01,17:00,92.8,92.2,72.9,52.6,0.0,NE@5.5,8.2,71.8,0.0,357,30.04,"Pullman, Whitman County",300029,Pullman,2017-12-07 21:47:46.297192
2013-07-01,17:15,92.2,91.5,73.9,55.4,0.0,NE@4.6,6.4,71.9,0.0,318,30.04,"Pullman, Whitman County",300029,Pullman,2017-12-07 21:47:46.297192
2013-07-01,17:30,91.8,91.3,74.6,57.5,0.0,N@4.4,6.0,72.1,0.0,279,30.04,"Pullman, Whitman County",300029,Pullman,2017-12-07 21:47:46.297192
2013-07-01,17:45,90.9,90.7,75.5,60.8,0.0,N@3.8,5.7,72.2,0.0,241,30.04,"Pullman, Whitman County",300029,Pullman,2017-12-07 21:47:46.297192
2013-07-01,18:00,90.0,89.9,75.4,62.2,0.0,N@4.4,6.4,72.3,0.0,203,30.04,"Pullman, Whitman County",300029,Pullman,2017-12-07 21:47:46.297192
2013-07-01,18:15,89.1,89.1,73.5,60.2,0.0,N@4.0,6.7,72.4,0.0,171,30.04,"Pullman, Whitman County",300029,Pullman,2017-12-07 21:47:46.297192
2013-07-01,18:30,88.6,88.7,73.9,61.7,0.0,N@2.8,5.7,72.5,0.0,136,30.05,"Pullman, Whitman County",300029,Pullman,2017-12-07 21:47:46.297192
2013-07-01,18:45,87.5,86.8,73.1,62.4,0.0,NE@3.6,4.6,72.6,0.0,104,30.05,"Pullman, Whitman County",300029,Pullman,2017-12-07 21:47:46.297192
2013-07-01,19:00,85.9,85.5,72.3,64.1,0.0,NE@4.2,5.3,72.7,0.0,73,30.05,"Pullman, Whitman County",300029,Pullman,2017-12-07 21:47:46.297192
2013-07-01,19:15,84.8,84.4,72.7,66.9,0.0,E@2.7,4.2,72.8,0.0,44,30.05,"Pullman, Whitman County",300029,Pullman,2017-12-07 21:47:46.297192
2013-07-01,19:30,83.4,83.6,72.6,70.0,0.0,S@1.4,2.4,72.9,0.0,23,30.05,"Pullman, Whitman County",300029,Pullman,2017-12-07 21:47:46.297192
2013-07-01,19:45,80.7,80.3,72.3,75.6,0.0,SE@2.3,3.9,73.0,0.0,8,30.05,"Pullman, Whitman County",300029,Pullman,2017-12-07 21:47:46.297192
2013-07-01,20:00,78.4,78.3,72.3,81.7,0.0,SE@1.3,3.5,73.1,0.0,3,30.05,"Pullman, Whitman County",300029,Pullman,2017-12-07 21:47:46.297192
2013-07-01,20:15,76.9,76.8,71.5,83.3,0.0,E@1.2,2.8,73.2,0.0,0,30.05,"Pullman, Whitman County",300029,Pullman,2017-12-07 21:47:46.297192
2013-07-01,20:30,75.5,75.5,71.3,86.8,0.0,SE@1.0,3.1,73.2,0.0,0,30.05,"Pullman, Whitman County",300029,Pullman,2017-12-07 21:47:46.297192
2013-07-01,20:45,74.1,73.9,70.5,88.4,0.0,SE@2.4,4.2,73.3,0.0,0,30.06,"Pullman, Whitman County",300029,Pullman,2017-12-07 21:47:46.297192
2013-07-01,21:00,73.2,73.3,70.9,92.5,0.05,SE@3.0,4.6,73.4,0.0,0,30.06,"Pullman, Whitman County",300029,Pullman,2017-12-07 21:47:46.297192
2013-07-01,21:15,72.3,72.2,70.3,93.4,0.21,E@0.0,1.4,73.5,0.0,0,30.06,"Pullman, Whitman County",300029,Pullman,2017-12-07 21:47:46.297192
2013-07-01,21:30,71.3,71.5,69.9,95.2,0.4,SE@3.1,4.6,73.5,0.0,0,30.06,"Pullman, Whitman County",300029,Pullman,2017-12-07 21:47:46.297192
2013-07-01,21:45,71.4,71.6,69.8,94.4,0.46,SE@3.2,3.9,73.6,0.0,0,30.06,"Pullman, Whitman County",300029,Pullman,2017-12-07 21:47:46.297192
2013-07-01,22:00,71.3,71.3,69.0,92.6,0.48,SE@2.3,3.5,73.7,0.0,0,30.07,"Pullman, Whitman County",300029,Pullman,2017-12-07 21:47:46.297192
2013-07-01,22:15,70.2,70.3,68.3,93.7,0.5,SE@2.7,4.9,73.7,0.0,0,30.07,"Pullman, Whitman County",300029,Pullman,2017-12-07 21:47:46.297192
2013-07-01,22:30,71.2,71.4,68.6,91.6,0.46,SE@2.8,4.2,73.7,0.0,0,30.07,"Pullman, Whitman County",300029,Pullman,2017-12-07 21:47:46.297192
2013-07-01,22:45,71.0,71.2,68.2,90.9,0.35,SE@3.3,4.6,73.8,0.0,0,30.07,"Pullman, Whitman County",300029,Pullman,2017-12-07 21:47:46.297192
2013-07-01,23:00,70.4,70.4,67.9,91.5,0.31,SE@1.5,4.9,73.8,0.0,0,30.08,"Pullman, Whitman County",300029,Pullman,2017-12-07 21:47:46.297192
2013-07-02,23:15,69.7,69.7,67.3,92.1,0.3,E@1.3,5.3,73.8,0.0,0,30.07,"Pullman, Whitman County",300029,Pullman,2017-12-07 21:47:46.297192
2013-07-02,23:30,68.1,68.0,66.0,92.9,0.36,N@0.5,3.1,73.8,0.0,0,30.07,"Pullman, Whitman County",300029,Pullman,2017-12-07 21:47:46.297192
2013-07-02,23:45,67.2,67.2,65.7,94.8,0.45,NW@0.5,2.4,73.8,0.0,0,30.08,"Pullman, Whitman County",300029,Pullman,2017-12-07 21:47:46.297192
2013-07-02,24:00,66.8,66.8,65.4,95.4,0.52,SW@0.3,2.4,73.8,0.0,0,30.07,"Pullman, Whitman County",300029,Pullman,2017-12-07 21:47:46.297192
2013-07-02,00:15,66.6,66.7,65.4,95.8,0.59,SE@2.8,4.6,73.8,0.0,0,30.08,"Pullman, Whitman County",300029,Pullman,2017-12-07 21:47:46.297192
2013-07-02,00:30,66.7,66.8,65.4,95.6,0.63,SE@2.6,4.2,73.8,0.0,0,30.08,"Pullman, Whitman County",300029,Pullman,2017-12-07 21:47:46.297192
2013-07-02,00:45,66.6,66.9,65.4,95.8,0.66,S@0.8,3.9,73.8,0.0,0,30.08,"Pullman, Whitman County",300029,Pullman,2017-12-07 21:47:46.297192
2013-07-02,01:00,66.8,66.9,65.3,94.9,0.7,SE@2.5,3.9,73.8,0.0,0,30.08,"Pullman, Whitman County",300029,Pullman,2017-12-07 21:47:46.297192
2013-07-02,01:15,66.3,66.5,65.0,95.3,0.72,SE@3.7,4.9,73.8,0.0,0,30.08,"Pullman, Whitman County",300029,Pullman,2017-12-07 21:47:46.297192
2013-07-02,01:30,66.0,66.2,64.7,95.4,0.74,SE@1.5,3.5,73.8,0.0,0,30.08,"Pullman, Whitman County",300029,Pullman,2017-12-07 21:47:46.297192
2013-07-02,01:45,65.2,65.2,63.8,94.9,0.77,S@1.7,4.6,73.7,0.0,0,30.08,"Pullman, Whitman County",300029,Pullman,2017-12-07 21:47:46.297192
2013-07-02,02:00,64.4,64.5,63.3,96.4,0.79,S@2.9,4.9,73.7,0.0,0,30.08,"Pullman, Whitman County",300029,Pullman,2017-12-07 21:47:46.297192
2013-07-02,02:15,64.5,64.6,63.5,96.5,0.81,SE@1.4,3.1,73.7,0.0,0,30.08,"Pullman, Whitman County",300029,Pullman,2017-12-07 21:47:46.297192
2013-07-02,02:30,64.5,64.7,63.4,96.0,0.83,SE@0.6,3.5,73.6,0.0,0,30.09,"Pullman, Whitman County",300029,Pullman,2017-12-07 21:47:46.297192
2013-07-02,02:45,64.3,64.3,62.8,95.0,0.84,SE@0.0,1.4,73.6,0.0,0,30.09,"Pullman, Whitman County",300029,Pullman,2017-12-07 21:47:46.297192
2013-07-02,03:00,63.8,63.8,62.5,95.5,0.86,SE@1.1,4.2,73.6,0.0,0,30.09,"Pullman, Whitman County",300029,Pullman,2017-12-07 21:47:46.297192
2013-07-02,03:15,64.0,64.1,62.7,95.6,0.86,SE@2.3,5.3,73.5,0.0,0,30.1,"Pullman, Whitman County",300029,Pullman,2017-12-07 21:47:46.297192
2013-07-02,03:30,63.0,63.0,61.6,95.0,0.87,SW@1.3,3.9,73.5,0.0,0,30.1,"Pullman, Whitman County",300029,Pullman,2017-12-07 21:47:46.297192
2013-07-02,03:45,62.6,62.7,61.5,96.2,0.87,SE@0.7,3.1,73.4,0.0,0,30.1,"Pullman, Whitman County",300029,Pullman,2017-12-07 21:47:46.297192
2013-07-02,04:00,62.7,62.9,61.7,96.3,0.88,SE@2.9,6.4,73.4,0.0,5,30.1,"Pullman, Whitman County",300029,Pullman,2017-12-07 21:47:46.297192
2013-07-02,04:15,63.0,63.1,61.9,96.2,0.88,SE@2.4,4.2,73.3,0.0,28,30.11,"Pullman, Whitman County",300029,Pullman,2017-12-07 21:47:46.297192
2013-07-02,04:30,63.3,63.6,62.2,96.1,0.84,E@6.1,9.6,73.3,0.0,57,30.11,"Pullman, Whitman County",300029,Pullman,2017-12-07 21:47:46.297192
2013-07-02,04:45,64.4,64.7,63.0,95.0,0.85,NW@4.2,8.5,73.2,0.0,64,30.11,"Pullman, Whitman County",300029,Pullman,2017-12-07 21:47:46.297192
2013-07-02,05:00,64.6,65.0,63.3,95.2,0.87,SW@3.0,6.0,73.2,0.0,64,30.13,"Pullman, Whitman County",300029,Pullman,2017-12-07 21:47:46.297192
2013-07-02,05:15,65.2,65.5,63.8,94.9,0.85,SE@1.9,5.7,73.1,0.0,27,30.14,"Pullman, Whitman County",300029,Pullman,2017-12-07 21:47:46.297192
2013-07-02,05:30,66.1,66.4,64.2,93.4,0.81,E@3.7,8.2,73.1,0.0,18,30.13,"Pullman, Whitman County",300029,Pullman,2017-12-07 21:47:46.297192
2013-07-02,05:45,66.8,67.0,64.4,91.9,0.77,S@1.0,3.9,73.0,0.0,34,30.13,"Pullman, Whitman County",300029,Pullman,2017-12-07 21:47:46.297192
2013-07-02,06:00,66.6,66.7,64.7,93.5,0.76,E@1.2,4.6,73.0,0.0,60,30.14,"Pullman, Whitman County",300029,Pullman,2017-12-07 21:47:46.297192
2013-07-02,06:15,68.0,68.4,65.9,93.0,0.72,SE@2.0,3.5,72.9,0.0,245,30.14,"Pullman, Whitman County",300029,Pullman,2017-12-07 21:47:46.297192
2013-07-02,06:30,70.0,70.2,66.7,89.2,0.57,SW@1.1,3.9,72.9,0.0,243,30.15,"Pullman, Whitman County",300029,Pullman,2017-12-07 21:47:46.297192
2013-07-02,06:45,71.1,71.4,66.8,86.2,0.4,N@0.0,0.0,72.8,0.0,230,30.16,"Pullman, Whitman County",300029,Pullman,2017-12-07 21:47:46.297192
2013-07-02,07:00,73.4,73.8,67.9,83.0,0.15,SE@3.5,6.4,72.8,0.0,390,30.16,"Pullman, Whitman County",300029,Pullman,2017-12-07 21:47:46.297192
2013-07-02,07:15,75.6,76.1,67.5,75.9,0.0,SE@3.0,4.6,72.7,0.0,436,30.16,"Pullman, Whitman County",300029,Pullman,2017-12-07 21:47:46.297192
2013-07-02,07:30,76.9,77.3,67.2,71.8,0.0,SE@4.1,6.0,72.7,0.0,478,30.17,"Pullman, Whitman County",300029,Pullman,2017-12-07 21:47:46.297192
2013-07-02,07:45,78.7,79.1,66.9,67.2,0.0,E@3.0,5.3,72.6,0.0,515,30.17,"Pullman, Whitman County",300029,Pullman,2017-12-07 21:47:46.297192
2013-07-02,08:00,80.3,80.0,64.8,59.4,0.0,NE@2.4,3.9,72.6,0.0,553,30.17,"Pullman, Whitman County",300029,Pullman,2017-12-07 21:47:46.297192
2013-07-02,08:15,80.8,80.6,64.4,57.5,0.0,NE@2.6,4.2,72.6,0.0,590,30.17,"Pullman, Whitman County",300029,Pullman,2017-12-07 21:47:46.297192
2013-07-02,08:30,81.1,81.8,64.7,57.5,0.0,W@1.3,3.1,72.5,0.0,624,30.17,"Pullman, Whitman County",300029,Pullman,2017-12-07 21:47:46.297192
2013-07-02,08:45,81.6,81.7,65.4,58.0,0.0,SW@2.0,5.3,72.5,0.0,656,30.17,"Pullman, Whitman County",300029,Pullman,2017-12-07 21:47:46.297192
2013-07-02,09:00,81.6,82.0,66.3,59.8,0.0,W@3.1,5.7,72.5,0.0,689,30.17,"Pullman, Whitman County",300029,Pullman,2017-12-07 21:47:46.297192
2013-07-02,09:15,82.2,82.5,66.7,59.4,0.0,W@4.0,7.4,72.4,0.0,722,30.18,"Pullman, Whitman County",300029,Pullman,2017-12-07 21:47:46.297192
2013-07-02,09:30,82.7,82.9,66.9,58.9,0.0,W@5.0,9.2,72.4,0.0,754,30.18,"Pullman, Whitman County",300029,Pullman,2017-12-07 21:47:46.297192
2013-07-02,09:45,83.1,83.3,65.3,55.0,0.0,NW@6.3,9.6,72.4,0.0,779,30.17,"Pullman, Whitman County",300029,Pullman,2017-12-07 21:47:46.297192
2013-07-02,10:00,83.6,83.9,66.0,55.4,0.0,NW@6.0,8.2,72.4,0.0,805,30.17,"Pullman, Whitman County",300029,Pullman,2017-12-07 21:47:46.297192
2013-07-02,10:15,84.3,84.7,66.4,55.0,0.0,NW@5.2,8.2,72.4,0.0,826,30.17,"Pullman, Whitman County",300029,Pullman,2017-12-07 21:47:46.297192
2013-07-02,10:30,84.5,85.1,66.6,55.0,0.0,NW@4.5,9.2,72.4,0.0,841,30.17,"Pullman, Whitman County",300029,Pullman,2017-12-07 21:47:46.297192
2013-07-02,10:45,85.3,85.5,66.4,53.3,0.0,W@4.3,6.7,72.4,0.0,851,30.17,"Pullman, Whitman County",300029,Pullman,2017-12-07 21:47:46.297192
2013-07-02,11:00,85.7,86.1,66.8,53.3,0.0,W@4.2,7.1,72.4,0.0,878,30.17,"Pullman, Whitman County",300029,Pullman,2017-12-07 21:47:46.297192
2013-07-02,11:15,86.4,86.9,66.8,52.1,0.0,NW@2.8,6.4,72.4,0.0,875,30.16,"Pullman, Whitman County",300029,Pullman,2017-12-07 21:47:46.297192
2013-07-02,11:30,86.8,87.1,66.5,50.9,0.0,NW@3.4,7.1,72.5,0.0,856,30.16,"Pullman, Whitman County",300029,Pullman,2017-12-07 21:47:46.297192
2013-07-02,11:45,87.1,87.5,66.6,50.6,0.0,W@3.7,7.8,72.5,0.0,904,30.16,"Pullman, Whitman County",300029,Pullman,2017-12-07 21:47:46.297192
2013-07-02,12:00,87.8,88.2,66.1,48.7,0.0,NW@3.6,6.4,72.6,0.0,889,30.16,"Pullman, Whitman County",300029,Pullman,2017-12-07 21:47:46.297192
2013-07-02,12:15,88.4,88.8,66.5,48.4,0.0,SW@2.4,6.0,72.7,0.0,887,30.16,"Pullman, Whitman County",300029,Pullman,2017-12-07 21:47:46.297192
2013-07-02,12:30,88.6,88.7,67.1,49.2,0.0,NW@4.4,9.6,72.7,0.0,872,30.16,"Pullman, Whitman County",300029,Pullman,2017-12-07 21:47:46.297192
2013-07-02,12:45,89.3,89.7,66.7,47.4,0.0,W@2.7,6.7,72.8,0.0,885,30.15,"Pullman, Whitman County",300029,Pullman,2017-12-07 21:47:46.297192
2013-07-02,13:00,89.9,90.2,66.1,45.6,0.0,NW@3.4,6.7,72.9,0.0,874,30.15,"Pullman, Whitman County",300029,Pullman,2017-12-07 21:47:46.297192
2013-07-02,13:15,89.9,90.3,65.6,44.8,0.0,NW@4.2,7.4,73.0,0.0,861,30.15,"Pullman, Whitman County",300029,Pullman,2017-12-07 21:47:46.297192
2013-07-02,13:30,90.2,90.7,65.7,44.4,0.0,W@4.4,7.1,73.1,0.0,845,30.15,"Pullman, Whitman County",300029,Pullman,2017-12-07 21:47:46.297192
2013-07-02,13:45,90.6,91.0,64.5,42.1,0.0,NW@4.7,7.8,73.3,0.0,827,30.14,"Pullman, Whitman County",300029,Pullman,2017-12-07 21:47:46.297192
2013-07-02,14:00,91.3,92.0,63.7,40.2,0.0,NW@4.5,7.8,73.4,0.0,798,30.13,"Pullman, Whitman County",300029,Pullman,2017-12-07 21:47:46.297192
2013-07-02,14:15,91.8,92.5,63.5,39.3,0.0,NW@4.6,7.1,73.5,0.0,781,30.13,"Pullman, Whitman County",300029,Pullman,2017-12-07 21:47:46.297192
2013-07-02,14:30,92.4,93.0,62.8,37.5,0.0,NW@4.0,6.0,73.6,0.0,753,30.12,"Pullman, Whitman County",300029,Pullman,2017-12-07 21:47:46.297192
2013-07-02,14:45,92.3,92.7,62.8,37.7,0.0,W@5.0,8.9,73.8,0.0,724,30.12,"Pullman, Whitman County",300029,Pullman,2017-12-07 21:47:46.297192
2013-07-02,15:00,92.8,93.3,64.2,39.0,0.0,NW@4.4,7.1,73.9,0.0,685,30.11,"Pullman, Whitman County",300029,Pullman,2017-12-07 21:47:46.297192
2013-07-02,15:15,92.6,93.1,64.0,38.9,0.0,W@3.9,6.4,74.0,0.0,648,30.11,"Pullman, Whitman County",300029,Pullman,2017-12-07 21:47:46.297192
2013-07-02,15:30,92.7,93.2,64.4,39.2,0.0,W@4.0,6.0,74.2,0.0,610,30.1,"Pullman, Whitman County",300029,Pullman,2017-12-07 21:47:46.297192
2013-07-02,15:45,93.2,93.6,64.1,38.4,0.0,W@3.5,5.7,74.3,0.0,576,30.1,"Pullman, Whitman County",300029,Pullman,2017-12-07 21:47:46.297192
2013-07-02,16:00,93.3,93.8,64.7,39.0,0.0,W@2.9,5.7,74.5,0.0,536,30.1,"Pullman, Whitman County",300029,Pullman,2017-12-07 21:47:46.297192
2013-07-02,16:15,93.7,94.0,65.2,39.2,0.0,SW@2.9,4.6,74.6,0.0,499,30.09,"Pullman, Whitman County",300029,Pullman,2017-12-07 21:47:46.297192
2013-07-02,16:30,94.1,94.5,64.4,37.6,0.0,SW@1.8,4.2,74.7,0.0,456,30.09,"Pullman, Whitman County",300029,Pullman,2017-12-07 21:47:46.297192
2013-07-02,16:45,94.7,95.2,61.1,32.9,0.0,SW@1.0,2.8,74.9,0.0,412,30.08,"Pullman, Whitman County",300029,Pullman,2017-12-07 21:47:46.297192
2013-07-02,17:00,94.5,94.9,61.0,33.0,0.0,W@0.0,1.4,75.0,0.0,370,30.08,"Pullman, Whitman County",300029,Pullman,2017-12-07 21:47:46.297192
2013-07-02,17:15,95.7,95.9,60.8,31.6,0.0,N@0.0,0.0,75.1,0.0,328,30.08,"Pullman, Whitman County",300029,Pullman,2017-12-07 21:47:46.297192
2013-07-02,17:30,94.7,93.9,65.4,38.2,0.0,N@0.0,0.0,75.2,0.0,287,30.07,"Pullman, Whitman County",300029,Pullman,2017-12-07 21:47:46.297192
2013-07-02,17:45,91.9,91.5,68.3,46.1,0.0,S@0.6,4.9,75.3,0.0,248,30.07,"Pullman, Whitman County",300029,Pullman,2017-12-07 21:47:46.297192
2013-07-02,18:00,88.8,88.5,73.2,60.0,0.0,S@3.6,4.9,75.4,0.0,206,30.07,"Pullman, Whitman County",300029,Pullman,2017-12-07 21:47:46.297192
2013-07-02,18:15,87.7,87.6,73.1,62.1,0.0,S@3.7,5.7,75.5,0.0,167,30.07,"Pullman, Whitman County",300029,Pullman,2017-12-07 21:47:46.297192
2013-07-02,18:30,87.2,87.2,72.8,62.4,0.0,S@1.4,3.5,75.6,0.0,131,30.07,"Pullman, Whitman County",300029,Pullman,2017-12-07 21:47:46.297192
2013-07-02,18:45,86.2,86.3,72.7,64.0,0.0,SW@1.7,5.3,75.7,0.0,98,30.07,"Pullman, Whitman County",300029,Pullman,2017-12-07 21:47:46.297192
2013-07-02,19:00,85.5,85.6,72.8,65.7,0.0,S@1.2,3.5,75.8,0.0,69,30.07,"Pullman, Whitman County",300029,Pullman,2017-12-07 21:47:46.297192
2013-07-02,19:15,84.0,84.0,71.9,67.0,0.0,S@1.4,3.5,75.9,0.0,47,30.06,"Pullman, Whitman County",300029,Pullman,2017-12-07 21:47:46.297192
2013-07-02,19:30,81.7,81.6,73.2,75.4,0.0,N@0.0,0.0,75.9,0.0,29,30.07,"Pullman, Whitman County",300029,Pullman,2017-12-07 21:47:46.297192
2013-07-02,19:45,79.9,79.7,72.9,79.1,0.0,N@0.0,0.0,76.0,0.0,13,30.07,"Pullman, Whitman County",300029,Pullman,2017-12-07 21:47:46.297192
2013-07-02,20:00,79.0,79.1,72.3,80.0,0.0,SE@1.7,5.3,76.1,0.0,5,30.07,"Pullman, Whitman County",300029,Pullman,2017-12-07 21:47:46.297192
2013-07-02,20:15,76.0,76.0,71.8,86.8,0.0,SE@3.3,4.2,76.1,0.0,1,30.07,"Pullman, Whitman County",300029,Pullman,2017-12-07 21:47:46.297192
2013-07-02,20:30,75.1,75.2,71.9,89.4,0.0,SE@3.4,4.6,76.2,0.0,0,30.07,"Pullman, Whitman County",300029,Pullman,2017-12-07 21:47:46.297192
2013-07-02,20:45,74.0,74.1,71.1,90.6,0.0,SE@2.7,4.9,76.2,0.0,0,30.08,"Pullman, Whitman County",300029,Pullman,2017-12-07 21:47:46.297192
2013-07-02,21:00,73.0,73.2,70.4,91.4,0.01,SE@1.9,4.9,76.3,0.0,0,30.07,"Pullman, Whitman County",300029,Pullman,2017-12-07 21:47:46.297192
2013-07-02,21:15,72.6,72.7,69.8,90.8,0.03,SE@2.1,4.6,76.3,0.0,0,30.07,"Pullman, Whitman County",300029,Pullman,2017-12-07 21:47:46.297192
2013-07-02,21:30,70.5,70.6,68.3,92.6,0.01,SE@4.8,6.4,76.4,0.0,0,30.07,"Pullman, Whitman County",300029,Pullman,2017-12-07 21:47:46.297192
2013-07-02,21:45,69.6,69.8,67.7,93.4,0.06,SE@2.6,3.9,76.4,0.0,0,30.07,"Pullman, Whitman County",300029,Pullman,2017-12-07 21:47:46.297192
2013-07-02,22:00,69.2,69.3,67.0,92.6,0.08,SE@0.4,3.5,76.4,0.0,0,30.07,"Pullman, Whitman County",300029,Pullman,2017-12-07 21:47:46.297192
2013-07-02,22:15,68.4,68.5,66.4,93.2,0.1,SE@3.6,5.3,76.4,0.0,0,30.07,"Pullman, Whitman County",300029,Pullman,2017-12-07 21:47:46.297192
2013-07-02,22:30,67.5,67.7,65.7,93.7,0.08,SE@2.6,5.3,76.4,0.0,0,30.07,"Pullman, Whitman County",300029,Pullman,2017-12-07 21:47:46.297192
2013-07-02,22:45,68.5,68.8,65.5,90.1,0.02,SE@3.9,5.3,76.4,0.0,0,30.07,"Pullman, Whitman County",300029,Pullman,2017-12-07 21:47:46.297192
2013-07-02,23:00,68.3,68.3,64.7,88.2,0.0,SE@1.1,4.6,76.4,0.0,0,30.07,"Pullman, Whitman County",300029,Pullman,2017-12-07 21:47:46.297192
2013-07-03,23:15,67.8,68.0,64.3,88.4,0.0,SE@0.9,5.7,76.5,0.0,0,30.07,"Pullman, Whitman County",300029,Pullman,2017-12-07 21:47:46.297192
2013-07-03,23:30,69.2,69.4,63.6,82.2,0.0,S@3.5,5.7,76.4,0.0,0,30.07,"Pullman, Whitman County",300029,Pullman,2017-12-07 21:47:46.297192
2013-07-03,23:45,70.6,70.9,61.9,73.8,0.0,SW@3.9,6.7,76.4,0.0,0,30.07,"Pullman, Whitman County",300029,Pullman,2017-12-07 21:47:46.297192
2013-07-03,24:00,71.6,71.9,60.1,67.2,0.0,W@6.3,9.2,76.4,0.0,0,30.07,"Pullman, Whitman County",300029,Pullman,2017-12-07 21:47:46.297192
2013-07-03,00:15,73.9,74.5,58.2,57.8,0.0,W@12.3,18.2,76.4,0.0,0,30.08,"Pullman, Whitman County",300029,Pullman,2017-12-07 21:47:46.297192
2013-07-03,00:30,75.5,75.9,56.7,52.1,0.0,W@15.5,20.3,76.4,0.0,0,30.08,"Pullman, Whitman County",300029,Pullman,2017-12-07 21:47:46.297192
2013-07-03,00:45,74.8,75.1,56.4,52.6,0.0,W@15.0,19.6,76.4,0.0,0,30.09,"Pullman, Whitman County",300029,Pullman,2017-12-07 21:47:46.297192
2013-07-03,01:00,73.2,73.6,56.4,55.6,0.0,W@15.3,21.8,76.3,0.0,0,30.09,"Pullman, Whitman County",300029,Pullman,2017-12-07 21:47:46.297192
2013-07-03,01:15,73.8,74.1,55.8,53.3,0.0,W@17.9,23.2,76.3,0.0,0,30.09,"Pullman, Whitman County",300029,Pullman,2017-12-07 21:47:46.297192
2013-07-03,01:30,73.2,73.6,55.6,53.9,0.0,W@16.3,21.8,76.2,0.0,0,30.1,"Pullman, Whitman County",300029,Pullman,2017-12-07 21:47:46.297192
2013-07-03,01:45,72.8,73.2,55.3,54.0,0.0,W@15.2,19.2,76.2,0.0,0,30.1,"Pullman, Whitman County",300029,Pullman,2017-12-07 21:47:46.297192
2013-07-03,02:00,71.3,71.5,55.5,57.4,0.0,W@12.1,18.9,76.1,0.0,0,30.1,"Pullman, Whitman County",300029,Pullman,2017-12-07 21:47:46.297192
2013-07-03,02:15,69.9,70.2,55.6,60.4,0.0,W@11.0,14.2,76.1,0.0,0,30.1,"Pullman, Whitman County",300029,Pullman,2017-12-07 21:47:46.297192
2013-07-03,02:30,70.5,70.8,55.2,58.3,0.0,W@13.6,17.5,76.0,0.0,0,30.1,"Pullman, Whitman County",300029,Pullman,2017-12-07 21:47:46.297192
2013-07-03,02:45,69.3,69.6,55.4,61.2,0.0,NW@12.7,15.0,76.0,0.0,0,30.1,"Pullman, Whitman County",300029,Pullman,2017-12-07 21:47:46.297192
2013-07-03,03:00,69.7,70.2,55.0,59.5,0.0,NW@12.6,16.4,75.9,0.0,0,30.1,"Pullman, Whitman County",300029,Pullman,2017-12-07 21:47:46.297192
2013-07-03,03:15,69.2,69.4,55.1,60.9,0.0,NW@10.5,13.5,75.9,0.0,0,30.11,"Pullman, Whitman County",300029,Pullman,2017-12-07 21:47:46.297192
2013-07-03,03:30,67.9,68.1,55.2,63.8,0.0,NW@6.8,10.7,75.8,0.0,0,30.11,"Pullman, Whitman County",300029,Pullman,2017-12-07 21:47:46.297192
2013-07-03,03:45,67.3,67.1,55.5,65.9,0.0,E@4.1,7.4,75.8,0.0,1,30.11,"Pullman, Whitman County",300029,Pullman,2017-12-07 21:47:46.297192
2013-07-03,04:00,64.4,64.6,56.1,74.3,0.0,SE@2.6,5.7,75.7,0.0,4,30.12,"Pullman, Whitman County",300029,Pullman,2017-12-07 21:47:46.297192
2013-07-03,04:15,67.7,68.3,54.6,62.8,0.0,S@3.7,7.4,75.6,0.0,11,30.12,"Pullman, Whitman County",300029,Pullman,2017-12-07 21:47:46.297192
2013-07-03,04:30,68.7,68.6,54.4,60.4,0.0,S@0.5,4.6,75.6,0.0,33,30.12,"Pullman, Whitman County",300029,Pullman,2017-12-07 21:47:46.297192
2013-07-03,04:45,67.5,67.7,55.2,64.6,0.0,E@3.1,5.7,75.5,0.0,61,30.13,"Pullman, Whitman County",300029,Pullman,2017-12-07 21:47:46.297192
2013-07-03,05:00,68.1,68.5,55.1,63.1,0.0,NE@1.5,5.3,75.4,0.0,84,30.13,"Pullman, Whitman County",300029,Pullman,2017-12-07 21:47:46.297192
2013-07-03,05:15,68.8,69.6,55.0,61.4,0.0,NE@2.7,5.7,75.4,0.0,117,30.14,"Pullman, Whitman County",300029,Pullman,2017-12-07 21:47:46.297192
2013-07-03,05:30,70.2,70.7,53.9,56.2,0.0,N@3.6,7.1,75.3,0.0,150,30.14,"Pullman, Whitman County",300029,Pullman,2017-12-07 21:47:46.297192
2013-07-03,05:45,71.1,71.3,54.0,54.7,0.0,W@2.6,6.4,75.2,0.0,188,30.15,"Pullman, Whitman County",300029,Pullman,2017-12-07 21:47:46.297192
2013-07-03,06:00,70.4,70.7,54.6,57.3,0.0,NW@4.2,7.4,75.2,0.0,227,30.15,"Pullman, Whitman County",300029,Pullman,2017-12-07 21:47:46.297192
2013-07-03,06:15,70.3,70.5,53.4,55.0,0.0,W@8.6,14.2,75.1,0.0,272,30.15,"Pullman, Whitman County",300029,Pullman,2017-12-07 21:47:46.297192
2013-07-03,06:30,70.6,70.7,52.4,52.5,0.0,W@13.9,17.8,75.0,0.0,322,30.15,"Pullman, Whitman County",300029,Pullman,2017-12-07 21:47:46.297192
2013-07-03,06:45,71.1,71.2,52.3,51.5,0.0,W@11.3,16.4,74.9,0.0,365,30.15,"Pullman, Whitman County",300029,Pullman,2017-12-07 21:47:46.297192
2013-07-03,07:00,71.5,71.7,52.6,51.1,0.0,W@12.0,18.9,74.9,0.0,409,30.16,"Pullman, Whitman County",300029,Pullman,2017-12-07 21:47:46.297192
2013-07-03,07:15,72.0,72.2,52.0,49.2,0.0,W@15.0,21.4,74.8,0.0,453,30.16,"Pullman, Whitman County",300029,Pullman,2017-12-07 21:47:46.297192
2013-07-03,07:30,72.7,72.8,51.8,47.9,0.0,W@14.8,20.0,74.7,0.0,498,30.16,"Pullman, Whitman County",300029,Pullman,2017-12-07 21:47:46.297192
2013-07-03,07:45,73.4,73.6,52.9,48.7,0.0,W@11.5,16.0,74.7,0.0,543,30.16,"Pullman, Whitman County",300029,Pullman,2017-12-07 21:47:46.297192
2013-07-03,08:00,74.1,74.3,52.3,46.4,0.0,W@12.9,19.2,74.6,0.0,584,30.16,"Pullman, Whitman County",300029,Pullman,2017-12-07 21:47:46.297192
2013-07-03,08:15,74.4,74.5,51.8,45.2,0.0,W@13.0,18.9,74.6,0.0,623,30.16,"Pullman, Whitman County",300029,Pullman,2017-12-07 21:47:46.297192
2013-07-03,08:30,74.7,74.9,52.0,45.0,0.0,W@9.5,14.2,74.5,0.0,659,30.16,"Pullman, Whitman County",300029,Pullman,2017-12-07 21:47:46.297192
2013-07-03,08:45,75.1,75.3,52.3,44.9,0.0,W@9.2,13.9,74.5,0.0,694,30.16,"Pullman, Whitman County",300029,Pullman,2017-12-07 21:47:46.297192
2013-07-03,09:00,75.7,76.0,53.0,45.2,0.0,W@8.7,14.6,74.4,0.0,725,30.16,"Pullman, Whitman County",300029,Pullman,2017-12-07 21:47:46.297192
2013-07-03,09:15,76.4,76.6,53.6,45.1,0.0,W@10.5,18.5,74.3,0.0,727,30.16,"Pullman, Whitman County",300029,Pullman,2017-12-07 21:47:46.297192
2013-07-03,09:30,77.0,77.2,53.7,44.4,0.0,W@10.5,15.3,74.3,0.0,788,30.16,"Pullman, Whitman County",300029,Pullman,2017-12-07 21:47:46.297192
2013-07-03,09:45,77.3,77.5,53.6,43.7,0.0,W@10.1,15.0,74.3,0.0,817,30.16,"Pullman, Whitman County",300029,Pullman,2017-12-07 21:47:46.297192
2013-07-03,10:00,77.6,77.7,53.4,43.0,0.0,W@12.0,17.5,74.2,0.0,839,30.16,"Pullman, Whitman County",300029,Pullman,2017-12-07 21:47:46.297192
2013-07-03,10:15,77.3,77.5,53.1,42.9,0.0,W@14.1,19.2,74.2,0.0,860,30.16,"Pullman, Whitman County",300029,Pullman,2017-12-07 21:47:46.297192
2013-07-03,10:30,78.1,78.3,53.8,42.9,0.0,W@12.1,16.4,74.2,0.0,878,30.16,"Pullman, Whitman County",300029,Pullman,2017-12-07 21:47:46.297192
2013-07-03,10:45,78.3,78.5,53.4,42.0,0.0,W@11.9,17.1,74.2,0.0,891,30.16,"Pullman, Whitman County",300029,Pullman,2017-12-07 21:47:46.297192
2013-07-03,11:00,79.2,79.4,53.9,41.6,0.0,W@10.8,15.3,74.2,0.0,902,30.16,"Pullman, Whitman County",300029,Pullman,2017-12-07 21:47:46.297192
2013-07-03,11:15,79.7,79.9,54.0,41.1,0.0,W@10.9,17.5,74.2,0.0,912,30.16,"Pullman, Whitman County",300029,Pullman,2017-12-07 21:47:46.297192
2013-07-03,11:30,79.8,80.1,54.6,41.7,0.0,NW@10.2,15.7,74.2,0.0,922,30.16,"Pullman, Whitman County",300029,Pullman,2017-12-07 21:47:46.297192
2013-07-03,11:45,80.4,80.5,53.5,39.3,0.0,W@11.8,16.7,74.2,0.0,926,30.16,"Pullman, Whitman County",300029,Pullman,2017-12-07 21:47:46.297192
2013-07-03,12:00,80.5,80.7,53.9,39.8,0.0,W@11.1,15.3,74.2,0.0,928,30.16,"Pullman, Whitman County",300029,Pullman,2017-12-07 21:47:46.297192
2013-07-03,12:15,80.9,81.1,54.4,40.1,0.0,W@10.8,16.7,74.2,0.0,929,30.15,"Pullman, Whitman County",300029,Pullman,2017-12-07 21:47:46.297192
2013-07-03,12:30,81.3,81.6,54.1,39.1,0.0,W@10.3,15.0,74.3,0.0,923,30.15,"Pullman, Whitman County",300029,Pullman,2017-12-07 21:47:46.297192
2013-07-03,12:45,81.8,82.1,53.9,38.2,0.0,W@9.5,13.5,74.3,0.0,910,30.14,"Pullman, Whitman County",300029,Pullman,2017-12-07 21:47:46.297192
2013-07-03,13:00,82.0,82.3,54.5,38.8,0.0,W@10.2,13.9,74.4,0.0,897,30.14,"Pullman, Whitman County",300029,Pullman,2017-12-07 21:47:46.297192
2013-07-03,13:15,82.4,82.7,54.2,37.9,0.0,W@8.4,13.2,74.4,0.0,882,30.14,"Pullman, Whitman County",300029,Pullman,2017-12-07 21:47:46.297192
2013-07-03,13:30,82.8,83.1,53.8,36.8,0.0,NW@8.4,14.2,74.5,0.0,861,30.14,"Pullman, Whitman County",300029,Pullman,2017-12-07 21:47:46.297192
2013-07-03,13:45,83.3,83.5,54.1,36.7,0.0,NW@9.5,17.1,74.6,0.0,842,30.13,"Pullman, Whitman County",300029,Pullman,2017-12-07 21:47:46.297192
2013-07-03,14:00,83.4,83.7,53.7,36.1,0.0,NW@8.7,14.2,74.6,0.0,820,30.13,"Pullman, Whitman County",300029,Pullman,2017-12-07 21:47:46.297192
2013-07-03,14:15,84.0,84.2,52.6,33.9,0.0,NW@11.0,15.3,74.7,0.0,796,30.12,"Pullman, Whitman County",300029,Pullman,2017-12-07 21:47:46.297192
2013-07-03,14:30,83.8,84.1,52.5,34.0,0.0,NW@10.1,15.0,74.8,0.0,767,30.12,"Pullman, Whitman County",300029,Pullman,2017-12-07 21:47:46.297192
2013-07-03,14:45,84.2,84.5,52.3,33.3,0.0,NW@10.2,14.6,74.9,0.0,737,30.11,"Pullman, Whitman County",300029,Pullman,2017-12-07 21:47:46.297192
2013-07-03,15:00,84.4,84.6,52.6,33.6,0.0,NW@9.2,12.1,75.0,0.0,708,30.1,"Pullman, Whitman County",300029,Pullman,2017-12-07 21:47:46.297192
2013-07-03,15:15,84.3,84.6,53.7,35.0,0.0,NW@9.9,13.2,75.0,0.0,678,30.1,"Pullman, Whitman County",300029,Pullman,2017-12-07 21:47:46.297192
2013-07-03,15:30,84.3,84.6,52.2,33.2,0.0,NW@10.3,14.2,75.1,0.0,643,30.1,"Pullman, Whitman County",300029,Pullman,2017-12-07 21:47:46.297192
2013-07-03,15:45,84.9,85.2,52.1,32.3,0.0,NW@9.6,12.8,75.2,0.0,606,30.09,"Pullman, Whitman County",300029,Pullman,2017-12-07 21:47:46.297192
2013-07-03,16:00,84.4,84.6,54.4,35.8,0.0,W@9.0,12.4,75.3,0.0,567,30.09,"Pullman, Whitman County",300029,Pullman,2017-12-07 21:47:46.297192
2013-07-03,16:15,84.5,84.8,53.3,34.3,0.0,NW@9.6,13.5,75.4,0.0,524,30.08,"Pullman, Whitman County",300029,Pullman,2017-12-07 21:47:46.297192
2013-07-03,16:30,84.4,84.7,54.6,35.9,0.0,NW@8.2,11.0,75.5,0.0,483,30.07,"Pullman, Whitman County",300029,Pullman,2017-12-07 21:47:46.297192
2013-07-03,16:45,84.0,84.2,54.5,36.4,0.0,NW@9.0,11.4,75.6,0.0,442,30.07,"Pullman, Whitman County",300029,Pullman,2017-12-07 21:47:46.297192
2013-07-03,17:00,83.4,83.6,54.4,36.9,0.0,NW@9.1,11.4,75.6,0.0,401,30.07,"Pullman, Whitman County",300029,Pullman,2017-12-07 21:47:46.297192
2013-07-03,17:15,82.6,82.7,55.5,39.5,0.0,W@8.3,10.7,75.7,0.0,360,30.06,"Pullman, Whitman County",300029,Pullman,2017-12-07 21:47:46.297192
2013-07-03,17:30,82.6,82.5,56.9,41.6,0.0,NW@6.8,9.2,75.8,0.0,316,30.06,"Pullman, Whitman County",300029,Pullman,2017-12-07 21:47:46.297192
2013-07-03,17:45,82.7,82.5,57.1,41.6,0.0,W@6.5,8.5,75.8,0.0,274,30.06,"Pullman, Whitman County",300029,Pullman,2017-12-07 21:47:46.297192
2013-07-03,18:00,81.5,81.4,57.9,44.6,0.0,W@6.2,7.4,75.9,0.0,233,30.06,"Pullman, Whitman County",300029,Pullman,2017-12-07 21:47:46.297192
2013-07-03,18:15,80.8,80.7,57.6,45.2,0.0,W@6.8,8.5,75.9,0.0,197,30.06,"Pullman, Whitman County",300029,Pullman,2017-12-07 21:47:46.297192
2013-07-03,18:30,80.1,80.0,56.4,44.3,0.0,W@7.3,8.9,76.0,0.0,159,30.06,"Pullman, Whitman County",300029,Pullman,2017-12-07 21:47:46.297192
2013-07-03,18:45,79.2,79.2,55.1,43.3,0.0,W@6.9,8.5,76.0,0.0,123,30.06,"Pullman, Whitman County",300029,Pullman,2017-12-07 21:47:46.297192
2013-07-03,19:00,77.1,77.1,56.9,49.7,0.0,NW@4.2,6.4,76.1,0.0,90,30.05,"Pullman, Whitman County",300029,Pullman,2017-12-07 21:47:46.297192
2013-07-03,19:15,75.3,75.5,57.1,53.0,0.0,NW@3.7,4.9,76.1,0.0,63,30.05,"Pullman, Whitman County",300029,Pullman,2017-12-07 21:47:46.297192
2013-07-03,19:30,73.5,73.5,56.3,55.0,0.0,NW@3.6,4.9,76.1,0.0,38,30.05,"Pullman, Whitman County",300029,Pullman,2017-12-07 21:47:46.297192
2013-07-03,19:45,71.2,71.3,53.9,54.2,0.0,NW@3.8,5.3,76.2,0.0,14,30.05,"Pullman, Whitman County",300029,Pullman,2017-12-07 21:47:46.297192
2013-07-03,20:00,69.6,69.6,52.3,54.0,0.0,NW@3.1,4.6,76.2,0.0,5,30.05,"Pullman, Whitman County",300029,Pullman,2017-12-07 21:47:46.297192
2013-07-03,20:15,67.9,67.9,51.1,54.7,0.0,N@1.9,4.6,76.2,0.0,1,30.05,"Pullman, Whitman County",300029,Pullman,2017-12-07 21:47:46.297192
2013-07-03,20:30,66.8,66.6,51.4,57.8,0.0,SE@3.4,4.9,76.2,0.0,0,30.05,"Pullman, Whitman County",300029,Pullman,2017-12-07 21:47:46.297192
2013-07-03,20:45,65.7,65.8,52.5,62.4,0.0,SE@3.6,4.9,76.3,0.0,0,30.05,"Pullman, Whitman County",300029,Pullman,2017-12-07 21:47:46.297192
2013-07-03,21:00,63.4,63.4,53.6,70.3,0.0,SE@4.8,6.0,76.3,0.0,0,30.05,"Pullman, Whitman County",300029,Pullman,2017-12-07 21:47:46.297192
2013-07-03,21:15,63.4,63.4,53.7,70.5,0.0,SE@2.5,6.0,76.3,0.0,0,30.05,"Pullman, Whitman County",300029,Pullman,2017-12-07 21:47:46.297192
2013-07-03,21:30,60.9,60.9,54.7,79.9,0.0,SE@4.8,6.4,76.3,0.0,0,30.05,"Pullman, Whitman County",300029,Pullman,2017-12-07 21:47:46.297192
2013-07-03,21:45,59.7,59.7,54.5,82.6,0.0,SE@1.7,6.0,76.3,0.0,0,30.05,"Pullman, Whitman County",300029,Pullman,2017-12-07 21:47:46.297192
2013-07-03,22:00,59.3,59.4,54.2,83.2,0.0,SE@2.8,5.7,76.3,0.0,0,30.05,"Pullman, Whitman County",300029,Pullman,2017-12-07 21:47:46.297192
2013-07-03,22:15,58.2,58.2,53.7,85.0,0.0,SE@3.7,5.7,76.3,0.0,0,30.05,"Pullman, Whitman County",300029,Pullman,2017-12-07 21:47:46.297192
2013-07-03,22:30,57.2,57.1,53.1,86.3,0.0,SE@1.0,3.1,76.3,0.0,0,30.05,"Pullman, Whitman County",300029,Pullman,2017-12-07 21:47:46.297192
2013-07-03,22:45,56.9,56.9,51.8,83.0,0.0,SE@0.1,2.1,76.3,0.0,0,30.05,"Pullman, Whitman County",300029,Pullman,2017-12-07 21:47:46.297192
2013-07-03,23:00,56.0,55.9,51.4,84.6,0.0,N@0.0,0.0,76.2,0.0,0,30.05,"Pullman, Whitman County",300029,Pullman,2017-12-07 21:47:46.297192
2013-07-04,23:15,55.6,55.6,51.2,85.0,0.0,SE@0.0,1.4,76.2,0.0,0,30.05,"Pullman, Whitman County",300029,Pullman,2017-12-07 21:47:46.297192
2013-07-04,23:30,55.0,54.9,51.1,86.7,0.0,N@0.0,0.0,76.2,0.0,0,30.05,"Pullman, Whitman County",300029,Pullman,2017-12-07 21:47:46.297192
2013-07-04,23:45,54.2,54.0,50.8,88.0,0.0,N@0.0,0.0,76.1,0.0,0,30.05,"Pullman, Whitman County",300029,Pullman,2017-12-07 21:47:46.297192
2013-07-04,24:00,54.1,54.1,50.7,88.2,0.0,E@1.7,7.1,76.1,0.0,0,30.05,"Pullman, Whitman County",300029,Pullman,2017-12-07 21:47:46.297192
2013-07-04,00:15,53.6,53.7,50.5,89.5,0.0,E@0.6,4.6,76.0,0.0,0,30.05,"Pullman, Whitman County",300029,Pullman,2017-12-07 21:47:46.297192
2013-07-04,00:30,53.0,52.8,50.0,89.7,0.0,SE@0.2,3.1,75.9,0.0,0,30.05,"Pullman, Whitman County",300029,Pullman,2017-12-07 21:47:46.297192
2013-07-04,00:45,53.2,53.4,50.3,89.6,0.0,SE@2.0,5.7,75.9,0.0,0,30.05,"Pullman, Whitman County",300029,Pullman,2017-12-07 21:47:46.297192
2013-07-04,01:00,53.8,53.9,50.1,87.3,0.0,E@3.0,6.7,75.9,0.0,0,30.05,"Pullman, Whitman County",300029,Pullman,2017-12-07 21:47:46.297192
2013-07-04,01:15,53.1,53.1,49.7,88.2,0.0,S@2.7,5.3,75.8,0.0,0,30.05,"Pullman, Whitman County",300029,Pullman,2017-12-07 21:47:46.297192
2013-07-04,01:30,53.0,52.9,49.7,88.6,0.0,SE@1.8,3.9,75.7,0.0,0,30.06,"Pullman, Whitman County",300029,Pullman,2017-12-07 21:47:46.297192
2013-07-04,01:45,52.5,52.5,49.5,89.5,0.0,SE@3.1,7.1,75.6,0.0,0,30.06,"Pullman, Whitman County",300029,Pullman,2017-12-07 21:47:46.297192
2013-07-04,02:00,52.3,52.4,49.4,89.5,0.0,SE@3.4,6.0,75.6,0.0,0,30.06,"Pullman, Whitman County",300029,Pullman,2017-12-07 21:47:46.297192
2013-07-04,02:15,51.4,51.1,48.4,89.3,0.0,NW@0.2,1.7,75.5,0.0,0,30.06,"Pullman, Whitman County",300029,Pullman,2017-12-07 21:47:46.297192
2013-07-04,02:30,51.2,51.3,48.7,91.0,0.02,SE@3.7,6.4,75.4,0.0,0,30.06,"Pullman, Whitman County",300029,Pullman,2017-12-07 21:47:46.297192
2013-07-04,02:45,52.8,52.9,47.9,83.4,0.0,SW@2.7,8.9,75.3,0.0,0,30.05,"Pullman, Whitman County",300029,Pullman,2017-12-07 21:47:46.297192
2013-07-04,03:00,54.2,54.5,47.5,78.1,0.0,SE@3.0,5.7,75.2,0.0,0,30.06,"Pullman, Whitman County",300029,Pullman,2017-12-07 21:47:46.297192
2013-07-04,03:15,55.2,55.3,46.8,73.3,0.0,SE@2.4,6.0,75.1,0.0,0,30.06,"Pullman, Whitman County",300029,Pullman,2017-12-07 21:47:46.297192
2013-07-04,03:30,57.3,57.4,46.4,66.7,0.0,SE@2.1,4.2,75.0,0.0,0,30.06,"Pullman, Whitman County",300029,Pullman,2017-12-07 21:47:46.297192
2013-07-04,03:45,57.9,58.4,45.8,63.9,0.0,SE@2.2,3.9,75.0,0.0,0,30.06,"Pullman, Whitman County",300029,Pullman,2017-12-07 21:47:46.297192
2013-07-04,04:00,58.9,58.7,45.3,60.5,0.0,W@3.1,12.8,74.9,0.0,3,30.06,"Pullman, Whitman County",300029,Pullman,2017-12-07 21:47:46.297192
2013-07-04,04:15,58.8,59.0,43.9,57.6,0.0,W@10.9,16.0,74.8,0.0,7,30.05,"Pullman, Whitman County",300029,Pullman,2017-12-07 21:47:46.297192
2013-07-04,04:30,57.6,57.6,43.9,60.1,0.0,NW@6.1,9.2,74.7,0.0,30,30.05,"Pullman, Whitman County",300029,Pullman,2017-12-07 21:47:46.297192
2013-07-04,04:45,57.0,57.1,44.7,63.2,0.0,SE@3.1,5.7,74.6,0.0,64,30.05,"Pullman, Whitman County",300029,Pullman,2017-12-07 21:47:46.297192
2013-07-04,05:00,59.6,60.1,43.1,54.3,0.0,N@1.4,5.7,74.5,0.0,92,30.05,"Pullman, Whitman County",300029,Pullman,2017-12-07 21:47:46.297192
2013-07-04,05:15,58.5,59.2,44.6,59.7,0.0,N@1.6,5.3,74.4,0.0,131,30.05,"Pullman, Whitman County",300029,Pullman,2017-12-07 21:47:46.297192
2013-07-04,05:30,59.1,59.6,46.4,62.6,0.0,E@3.5,6.7,74.3,0.0,168,30.06,"Pullman, Whitman County",300029,Pullman,2017-12-07 21:47:46.297192
2013-07-04,05:45,61.3,61.6,45.6,56.2,0.0,NE@3.8,6.7,74.2,0.0,210,30.06,"Pullman, Whitman County",300029,Pullman,2017-12-07 21:47:46.297192
2013-07-04,06:00,63.4,63.6,45.2,51.4,0.0,E@2.3,4.6,74.1,0.0,252,30.06,"Pullman, Whitman County",300029,Pullman,2017-12-07 21:47:46.297192
2013-07-04,06:15,64.8,65.1,43.4,45.6,0.0,W@1.2,5.3,74.0,0.0,296,30.06,"Pullman, Whitman County",300029,Pullman,2017-12-07 21:47:46.297192
2013-07-04,06:30,64.7,65.4,43.4,45.8,0.0,NW@1.0,3.9,73.9,0.0,341,30.06,"Pullman, Whitman County",300029,Pullman,2017-12-07 21:47:46.297192
2013-07-04,06:45,66.1,66.6,44.1,44.8,0.0,E@0.0,1.7,73.8,0.0,386,30.06,"Pullman, Whitman County",300029,Pullman,2017-12-07 21:47:46.297192
2013-07-04,07:00,66.6,66.9,43.5,43.0,0.0,W@4.0,8.2,73.7,0.0,431,30.07,"Pullman, Whitman County",300029,Pullman,2017-12-07 21:47:46.297192
2013-07-04,07:15,66.7,66.9,42.4,41.1,0.0,W@7.9,11.0,73.6,0.0,477,30.07,"Pullman, Whitman County",300029,Pullman,2017-12-07 21:47:46.297192
2013-07-04,07:30,67.5,67.6,42.1,39.6,0.0,W@8.0,12.1,73.6,0.0,528,30.07,"Pullman, Whitman County",300029,Pullman,2017-12-07 21:47:46.297192
2013-07-04,07:45,67.6,67.7,40.7,37.4,0.0,W@12.7,17.1,73.5,0.0,534,30.07,"Pullman, Whitman County",300029,Pullman,2017-12-07 21:47:46.297192
2013-07-04,08:00,68.1,68.3,40.6,36.6,0.0,W@9.5,14.6,73.4,0.0,587,30.08,"Pullman, Whitman County",300029,Pullman,2017-12-07 21:47:46.297192
2013-07-04,08:15,69.3,69.4,41.4,36.2,0.0,W@9.0,14.6,73.3,0.0,642,30.08,"Pullman, Whitman County",300029,Pullman,2017-12-07 21:47:46.297192
2013-07-04,08:30,69.8,70.0,41.2,35.4,0.0,W@9.8,15.7,73.2,0.0,679,30.08,"Pullman, Whitman County",300029,Pullman,2017-12-07 21:47:46.297192
2013-07-04,08:45,70.5,70.6,40.7,33.9,0.0,W@11.3,17.1,73.1,0.0,713,30.08,"Pullman, Whitman County",300029,Pullman,2017-12-07 21:47:46.297192
2013-07-04,09:00,71.2,71.4,39.4,31.3,0.0,W@11.4,16.4,73.0,0.0,744,30.08,"Pullman, Whitman County",300029,Pullman,2017-12-07 21:47:46.297192
2013-07-04,09:15,71.8,71.9,40.0,31.5,0.0,W@10.3,14.6,73.0,0.0,777,30.07,"Pullman, Whitman County",300029,Pullman,2017-12-07 21:47:46.297192
2013-07-04,09:30,72.2,72.4,39.4,30.3,0.0,W@9.3,15.7,72.9,0.0,803,30.07,"Pullman, Whitman County",300029,Pullman,2017-12-07 21:47:46.297192
2013-07-04,09:45,73.4,73.6,41.3,31.4,0.0,W@10.1,17.1,72.9,0.0,833,30.07,"Pullman, Whitman County",300029,Pullman,2017-12-07 21:47:46.297192
2013-07-04,10:00,73.3,73.4,40.3,30.3,0.0,W@11.5,15.7,72.8,0.0,839,30.07,"Pullman, Whitman County",300029,Pullman,2017-12-07 21:47:46.297192
2013-07-04,10:15,73.9,74.1,40.8,30.3,0.0,NW@11.4,18.2,72.8,0.0,872,30.07,"Pullman, Whitman County",300029,Pullman,2017-12-07 21:47:46.297192
2013-07-04,10:30,74.1,74.2,41.1,30.5,0.0,NW@12.6,18.5,72.7,0.0,891,30.07,"Pullman, Whitman County",300029,Pullman,2017-12-07 21:47:46.297192
2013-07-04,10:45,74.2,74.3,40.4,29.5,0.0,NW@13.5,18.9,72.7,0.0,910,30.07,"Pullman, Whitman County",300029,Pullman,2017-12-07 21:47:46.297192
2013-07-04,11:00,74.6,74.8,41.5,30.4,0.0,NW@12.4,17.1,72.7,0.0,915,30.07,"Pullman, Whitman County",300029,Pullman,2017-12-07 21:47:46.297192
2013-07-04,11:15,75.1,75.3,41.7,30.1,0.0,W@11.6,16.7,72.7,0.0,924,30.07,"Pullman, Whitman County",300029,Pullman,2017-12-07 21:47:46.297192
2013-07-04,11:30,75.0,75.1,42.1,30.7,0.0,W@13.0,18.5,72.7,0.0,929,30.07,"Pullman, Whitman County",300029,Pullman,2017-12-07 21:47:46.297192
2013-07-04,11:45,75.2,75.4,41.1,29.3,0.0,NW@14.2,18.9,72.7,0.0,935,30.07,"Pullman, Whitman County",300029,Pullman,2017-12-07 21:47:46.297192
2013-07-04,12:00,75.9,76.1,42.0,29.7,0.0,W@12.8,17.8,72.7,0.0,937,30.07,"Pullman, Whitman County",300029,Pullman,2017-12-07 21:47:46.297192
2013-07-04,12:15,76.3,76.5,42.6,30.0,0.0,W@13.5,20.7,72.7,0.0,932,30.07,"Pullman, Whitman County",300029,Pullman,2017-12-07 21:47:46.297192
2013-07-04,12:30,76.3,76.5,41.3,28.5,0.0,NW@14.0,20.3,72.7,0.0,927,30.06,"Pullman, Whitman County",300029,Pullman,2017-12-07 21:47:46.297192
2013-07-04,12:45,77.0,77.2,42.1,28.7,0.0,NW@12.6,18.2,72.8,0.0,920,30.06,"Pullman, Whitman County",300029,Pullman,2017-12-07 21:47:46.297192
2013-07-04,13:00,77.4,77.6,42.5,28.8,0.0,W@13.3,18.9,72.8,0.0,911,30.05,"Pullman, Whitman County",300029,Pullman,2017-12-07 21:47:46.297192
2013-07-04,13:15,77.4,77.7,43.2,29.5,0.0,W@12.4,16.7,72.8,0.0,895,30.05,"Pullman, Whitman County",300029,Pullman,2017-12-07 21:47:46.297192
2013-07-04,13:30,77.6,77.8,42.5,28.6,0.0,W@12.3,17.8,72.9,0.0,878,30.05,"Pullman, Whitman County",300029,Pullman,2017-12-07 21:47:46.297192
2013-07-04,13:45,78.2,78.4,42.5,28.0,0.0,W@13.4,20.3,73.0,0.0,863,30.04,"Pullman, Whitman County",300029,Pullman,2017-12-07 21:47:46.297192
2013-07-04,14:00,78.6,78.8,43.4,28.6,0.0,W@11.9,16.7,73.0,0.0,842,30.04,"Pullman, Whitman County",300029,Pullman,2017-12-07 21:47:46.297192
2013-07-04,14:15,78.6,78.8,43.5,28.8,0.0,W@12.6,18.9,73.1,0.0,814,30.03,"Pullman, Whitman County",300029,Pullman,2017-12-07 21:47:46.297192
2013-07-04,14:30,78.6,78.8,42.8,28.0,0.0,NW@12.6,16.4,73.1,0.0,789,30.03,"Pullman, Whitman County",300029,Pullman,2017-12-07 21:47:46.297192
2013-07-04,14:45,79.0,79.1,44.4,29.4,0.0,NW@12.0,17.5,73.2,0.0,756,30.02,"Pullman, Whitman County",300029,Pullman,2017-12-07 21:47:46.297192
2013-07-04,15:00,79.0,79.2,43.8,28.8,0.0,NW@12.6,22.5,73.3,0.0,724,30.02,"Pullman, Whitman County",300029,Pullman,2017-12-07 21:47:46.297192
2013-07-04,15:15,79.0,79.2,45.4,30.5,0.0,W@12.0,17.8,73.4,0.0,691,30.01,"Pullman, Whitman County",300029,Pullman,2017-12-07 21:47:46.297192
2013-07-04,15:30,79.1,79.4,45.3,30.2,0.0,W@11.7,16.4,73.5,0.0,657,30.01,"Pullman, Whitman County",300029,Pullman,2017-12-07 21:47:46.297192
2013-07-04,15:45,79.7,79.9,46.4,30.9,0.0,NW@11.3,17.1,73.5,0.0,619,30.0,"Pullman, Whitman County",300029,Pullman,2017-12-07 21:47:46.297192
2013-07-04,16:00,79.5,79.6,46.3,31.1,0.0,NW@12.8,19.2,73.6,0.0,581,30.0,"Pullman, Whitman County",300029,Pullman,2017-12-07 21:47:46.297192
2013-07-04,16:15,79.3,79.5,46.4,31.3,0.0,NW@12.2,17.5,73.7,0.0,540,29.99,"Pullman, Whitman County",300029,Pullman,2017-12-07 21:47:46.297192
2013-07-04,16:30,79.2,79.3,46.9,32.1,0.0,NW@11.6,16.4,73.8,0.0,496,29.99,"Pullman, Whitman County",300029,Pullman,2017-12-07 21:47:46.297192
2013-07-04,16:45,79.1,79.3,47.0,32.3,0.0,NW@11.0,13.9,73.8,0.0,455,29.99,"Pullman, Whitman County",300029,Pullman,2017-12-07 21:47:46.297192
2013-07-04,17:00,79.0,79.2,47.5,32.9,0.0,NW@9.7,12.8,73.9,0.0,422,29.99,"Pullman, Whitman County",300029,Pullman,2017-12-07 21:47:46.297192
2013-07-04,17:15,79.1,79.1,48.2,33.8,0.0,NW@9.2,12.8,73.9,0.0,384,29.99,"Pullman, Whitman County",300029,Pullman,2017-12-07 21:47:46.297192
2013-07-04,17:30,78.9,78.8,48.9,34.9,0.0,NW@9.0,11.4,74.0,0.0,327,29.98,"Pullman, Whitman County",300029,Pullman,2017-12-07 21:47:46.297192
2013-07-04,17:45,77.9,77.7,49.4,36.7,0.0,NW@9.0,11.7,74.1,0.0,276,29.98,"Pullman, Whitman County",300029,Pullman,2017-12-07 21:47:46.297192
2013-07-04,18:00,76.9,76.8,51.2,40.6,0.0,W@7.3,9.6,74.1,0.0,232,29.98,"Pullman, Whitman County",300029,Pullman,2017-12-07 21:47:46.297192
2013-07-04,18:15,76.1,76.0,51.1,41.5,0.0,W@7.8,10.3,74.2,0.0,190,29.98,"Pullman, Whitman County",300029,Pullman,2017-12-07 21:47:46.297192
2013-07-04,18:30,75.3,75.2,51.4,43.1,0.0,W@7.2,8.5,74.2,0.0,155,29.98,"Pullman, Whitman County",300029,Pullman,2017-12-07 21:47:46.297192
2013-07-04,18:45,74.5,74.4,51.2,44.0,0.0,W@6.9,8.5,74.3,0.0,122,29.97,"Pullman, Whitman County",300029,Pullman,2017-12-07 21:47:46.297192
2013-07-04,19:00,72.0,71.9,53.3,51.7,0.0,W@5.3,6.7,74.3,0.0,89,29.97,"Pullman, Whitman County",300029,Pullman,2017-12-07 21:47:46.297192
2013-07-04,19:15,69.8,69.7,53.4,55.9,0.0,W@4.7,6.0,74.3,0.0,59,29.97,"Pullman, Whitman County",300029,Pullman,2017-12-07 21:47:46.297192
2013-07-04,19:30,69.0,69.0,51.2,52.9,0.0,SW@4.4,6.0,74.4,0.0,33,29.96,"Pullman, Whitman County",300029,Pullman,2017-12-07 21:47:46.297192
2013-07-04,19:45,67.1,66.9,51.4,57.0,0.0,S@2.7,4.9,74.4,0.0,11,29.96,"Pullman, Whitman County",300029,Pullman,2017-12-07 21:47:46.297192
2013-07-04,20:00,64.3,64.2,51.8,63.9,0.0,S@3.5,5.3,74.4,0.0,3,29.96,"Pullman, Whitman County",300029,Pullman,2017-12-07 21:47:46.297192
2013-07-04,20:15,64.2,64.1,52.4,65.4,0.0,SE@2.4,4.2,74.4,0.0,0,29.96,"Pullman, Whitman County",300029,Pullman,2017-12-07 21:47:46.297192
2013-07-04,20:30,62.8,62.9,51.7,66.9,0.0,SE@3.1,7.1,74.5,0.0,0,29.96,"Pullman, Whitman County",300029,Pullman,2017-12-07 21:47:46.297192
2013-07-04,20:45,62.0,61.7,51.6,68.6,0.0,SE@3.2,5.3,74.5,0.0,0,29.96,"Pullman, Whitman County",300029,Pullman,2017-12-07 21:47:46.297192
2013-07-04,21:00,60.2,60.4,52.4,75.4,0.0,SE@3.4,4.9,74.5,0.0,0,29.96,"Pullman, Whitman County",300029,Pullman,2017-12-07 21:47:46.297192
2013-07-04,21:15,59.6,59.3,52.2,76.6,0.0,SE@0.9,3.1,74.5,0.0,0,29.96,"Pullman, Whitman County",300029,Pullman,2017-12-07 21:47:46.297192
2013-07-04,21:30,58.0,57.8,52.1,80.6,0.0,SW@0.7,3.5,74.5,0.0,0,29.96,"Pullman, Whitman County",300029,Pullman,2017-12-07 21:47:46.297192
2013-07-04,21:45,56.6,56.5,51.8,84.1,0.0,E@0.1,2.4,74.5,0.0,0,29.96,"Pullman, Whitman County",300029,Pullman,2017-12-07 21:47:46.297192
2013-07-04,22:00,56.1,55.9,51.6,84.9,0.0,N@0.0,0.0,74.5,0.0,0,29.97,"Pullman, Whitman County",300029,Pullman,2017-12-07 21:47:46.297192
2013-07-04,22:15,54.6,54.6,51.2,87.9,0.0,SE@4.3,5.7,74.5,0.0,0,29.97,"Pullman, Whitman County",300029,Pullman,2017-12-07 21:47:46.297192
2013-07-04,22:30,54.2,54.3,50.7,87.7,0.0,E@2.1,3.9,74.5,0.0,0,29.97,"Pullman, Whitman County",300029,Pullman,2017-12-07 21:47:46.297192
2013-07-04,22:45,54.0,53.9,50.3,87.1,0.0,E@0.5,2.1,74.4,0.0,0,29.97,"Pullman, Whitman County",300029,Pullman,2017-12-07 21:47:46.297192
2013-07-04,23:00,53.7,53.6,49.9,86.9,0.0,E@0.8,3.1,74.4,0.0,0,29.97,"Pullman, Whitman County",300029,Pullman,2017-12-07 21:47:46.297192
2013-07-05,23:15,53.1,53.0,49.3,86.9,0.0,SE@1.1,4.6,74.4,0.0,0,29.97,"Pullman, Whitman County",300029,Pullman,2017-12-07 21:47:46.297192
2013-07-05,23:30,52.2,52.2,49.2,89.2,0.06,SE@0.3,2.4,74.4,0.0,0,29.98,"Pullman, Whitman County",300029,Pullman,2017-12-07 21:47:46.297192
2013-07-05,23:45,51.9,51.7,48.7,88.7,0.11,E@0.0,1.4,74.4,0.0,0,29.98,"Pullman, Whitman County",300029,Pullman,2017-12-07 21:47:46.297192
2013-07-05,24:00,53.4,53.7,48.2,82.2,0.04,S@1.0,4.9,74.3,0.0,0,29.98,"Pullman, Whitman County",300029,Pullman,2017-12-07 21:47:46.297192
2013-07-05,00:15,54.2,54.1,47.0,76.3,0.0,SE@2.4,4.9,74.2,0.0,0,29.98,"Pullman, Whitman County",300029,Pullman,2017-12-07 21:47:46.297192
2013-07-05,00:30,56.9,57.3,46.1,67.1,0.0,SE@3.5,6.4,74.2,0.0,0,29.98,"Pullman, Whitman County",300029,Pullman,2017-12-07 21:47:46.297192
2013-07-05,00:45,57.5,57.5,45.2,63.5,0.0,SE@3.3,10.3,74.1,0.0,0,29.98,"Pullman, Whitman County",300029,Pullman,2017-12-07 21:47:46.297192
2013-07-05,01:00,55.4,55.5,45.1,68.0,0.0,SW@3.8,7.1,74.1,0.0,0,29.98,"Pullman, Whitman County",300029,Pullman,2017-12-07 21:47:46.297192
2013-07-05,01:15,57.6,57.6,44.3,61.2,0.0,W@4.7,7.4,74.0,0.0,0,29.98,"Pullman, Whitman County",300029,Pullman,2017-12-07 21:47:46.297192
2013-07-05,01:30,55.1,54.8,44.8,68.0,0.0,S@2.7,7.8,74.0,0.0,0,29.97,"Pullman, Whitman County",300029,Pullman,2017-12-07 21:47:46.297192
2013-07-05,01:45,54.9,55.4,45.4,70.0,0.0,S@3.0,5.3,73.9,0.0,0,29.97,"Pullman, Whitman County",300029,Pullman,2017-12-07 21:47:46.297192
2013-07-05,02:00,55.0,54.6,45.3,69.6,0.0,W@0.8,3.9,73.8,0.0,0,29.97,"Pullman, Whitman County",300029,Pullman,2017-12-07 21:47:46.297192
2013-07-05,02:15,53.9,53.8,45.4,72.8,0.0,N@1.0,2.8,73.7,0.0,0,29.98,"Pullman, Whitman County",300029,Pullman,2017-12-07 21:47:46.297192
2013-07-05,02:30,53.7,53.6,45.9,74.5,0.0,E@0.8,3.1,73.6,0.0,0,29.98,"Pullman, Whitman County",300029,Pullman,2017-12-07 21:47:46.297192
2013-07-05,02:45,53.6,53.4,46.3,76.3,0.0,W@0.2,2.1,73.6,0.0,0,29.98,"Pullman, Whitman County",300029,Pullman,2017-12-07 21:47:46.297192
2013-07-05,03:00,53.4,53.2,46.5,77.3,0.0,W@0.3,3.1,73.5,0.0,0,29.99,"Pullman, Whitman County",300029,Pullman,2017-12-07 21:47:46.297192
2013-07-05,03:15,50.9,50.5,45.7,82.2,0.0,N@0.0,0.0,73.4,0.0,0,29.99,"Pullman, Whitman County",300029,Pullman,2017-12-07 21:47:46.297192
2013-07-05,03:30,51.0,50.9,45.8,82.2,0.0,NW@0.4,3.5,73.3,0.0,0,29.99,"Pullman, Whitman County",300029,Pullman,2017-12-07 21:47:46.297192
2013-07-05,03:45,49.6,49.5,45.6,86.1,0.0,SE@3.5,6.0,73.2,0.0,0,30.0,"Pullman, Whitman County",300029,Pullman,2017-12-07 21:47:46.297192
2013-07-05,04:00,49.1,49.5,45.7,87.7,0.0,N@2.7,5.3,73.1,0.0,2,30.0,"Pullman, Whitman County",300029,Pullman,2017-12-07 21:47:46.297192
2013-07-05,04:15,52.3,52.5,46.3,79.7,0.0,N@2.1,4.9,73.0,0.0,8,30.0,"Pullman, Whitman County",300029,Pullman,2017-12-07 21:47:46.297192
2013-07-05,04:30,51.1,51.2,45.3,80.6,0.0,NE@1.7,4.6,72.9,0.0,26,30.0,"Pullman, Whitman County",300029,Pullman,2017-12-07 21:47:46.297192
2013-07-05,04:45,52.9,53.0,45.9,77.0,0.0,NE@1.8,3.1,72.8,0.0,55,30.0,"Pullman, Whitman County",300029,Pullman,2017-12-07 21:47:46.297192
2013-07-05,05:00,54.5,54.7,46.4,74.1,0.0,N@1.4,4.6,72.7,0.0,87,30.01,"Pullman, Whitman County",300029,Pullman,2017-12-07 21:47:46.297192
2013-07-05,05:15,54.1,54.7,46.4,75.2,0.0,NW@3.1,6.0,72.6,0.0,124,30.01,"Pullman, Whitman County",300029,Pullman,2017-12-07 21:47:46.297192
2013-07-05,05:30,54.1,54.3,47.2,77.6,0.0,W@4.6,6.7,72.6,0.0,162,30.01,"Pullman, Whitman County",300029,Pullman,2017-12-07 21:47:46.297192
2013-07-05,05:45,55.7,56.0,47.9,75.0,0.0,NW@4.1,8.2,72.5,0.0,202,30.01,"Pullman, Whitman County",300029,Pullman,2017-12-07 21:47:46.297192
2013-07-05,06:00,56.7,56.8,47.9,72.4,0.0,NW@7.6,9.6,72.4,0.0,245,30.01,"Pullman, Whitman County",300029,Pullman,2017-12-07 21:47:46.297192
2013-07-05,06:15,57.1,57.2,47.7,70.6,0.0,NW@8.9,12.8,72.3,0.0,288,30.01,"Pullman, Whitman County",300029,Pullman,2017-12-07 21:47:46.297192
2013-07-05,06:30,57.4,57.4,47.7,69.8,0.0,W@9.6,13.5,72.2,0.0,332,30.01,"Pullman, Whitman County",300029,Pullman,2017-12-07 21:47:46.297192
2013-07-05,06:45,57.9,57.9,47.8,69.1,0.0,NW@10.0,14.2,72.1,0.0,377,30.02,"Pullman, Whitman County",300029,Pullman,2017-12-07 21:47:46.297192
2013-07-05,07:00,58.3,58.4,47.6,67.5,0.0,NW@9.7,12.8,72.0,0.0,422,30.02,"Pullman, Whitman County",300029,Pullman,2017-12-07 21:47:46.297192
2013-07-05,07:15,59.3,59.4,47.7,65.5,0.0,W@9.7,13.5,71.9,0.0,465,30.01,"Pullman, Whitman County",300029,Pullman,2017-12-07 21:47:46.297192
2013-07-05,07:30,59.8,59.9,47.1,62.8,0.0,W@11.1,16.4,71.8,0.0,509,30.01,"Pullman, Whitman County",300029,Pullman,2017-12-07 21:47:46.297192
2013-07-05,07:45,60.5,60.7,47.0,60.8,0.0,NW@12.5,17.1,71.7,0.0,552,30.02,"Pullman, Whitman County",300029,Pullman,2017-12-07 21:47:46.297192
2013-07-05,08:00,61.4,61.5,47.2,59.7,0.0,NW@12.4,16.4,71.7,0.0,593,30.01,"Pullman, Whitman County",300029,Pullman,2017-12-07 21:47:46.297192
2013-07-05,08:15,61.9,61.9,47.2,58.4,0.0,W@12.2,15.7,71.6,0.0,632,30.02,"Pullman, Whitman County",300029,Pullman,2017-12-07 21:47:46.297192
2013-07-05,08:30,62.3,62.5,47.2,57.6,0.0,W@12.0,16.4,71.5,0.0,670,30.02,"Pullman, Whitman County",300029,Pullman,2017-12-07 21:47:46.297192
2013-07-05,08:45,63.2,63.3,47.4,56.4,0.0,W@11.3,16.4,71.4,0.0,708,30.02,"Pullman, Whitman County",300029,Pullman,2017-12-07 21:47:46.297192
2013-07-05,09:00,63.8,63.9,47.3,54.8,0.0,NW@10.8,13.9,71.3,0.0,740,30.01,"Pullman, Whitman County",300029,Pullman,2017-12-07 21:47:46.297192
2013-07-05,09:15,64.1,64.2,47.4,54.6,0.0,NW@9.8,14.6,71.3,0.0,769,30.01,"Pullman, Whitman County",300029,Pullman,2017-12-07 21:47:46.297192
2013-07-05,09:30,64.4,64.6,46.8,52.8,0.0,NW@9.7,14.2,71.2,0.0,797,30.01,"Pullman, Whitman County",300029,Pullman,2017-12-07 21:47:46.297192
2013-07-05,09:45,64.9,65.1,46.8,51.8,0.0,NW@8.3,12.4,71.2,0.0,822,30.01,"Pullman, Whitman County",300029,Pullman,2017-12-07 21:47:46.297192
2013-07-05,10:00,65.6,65.8,46.8,50.5,0.0,NW@7.9,13.2,71.1,0.0,846,30.02,"Pullman, Whitman County",300029,Pullman,2017-12-07 21:47:46.297192
2013-07-05,10:15,65.9,66.0,46.6,49.8,0.0,NW@8.6,14.2,71.1,0.0,868,30.02,"Pullman, Whitman County",300029,Pullman,2017-12-07 21:47:46.297192
2013-07-05,10:30,66.5,66.7,46.3,48.0,0.0,NW@9.3,12.8,71.1,0.0,888,30.02,"Pullman, Whitman County",300029,Pullman,2017-12-07 21:47:46.297192
2013-07-05,10:45,66.9,67.1,46.0,47.0,0.0,NW@10.4,15.7,71.0,0.0,903,30.01,"Pullman, Whitman County",300029,Pullman,2017-12-07 21:47:46.297192
2013-07-05,11:00,67.1,67.2,46.5,47.5,0.0,W@10.6,15.0,71.0,0.0,916,30.01,"Pullman, Whitman County",300029,Pullman,2017-12-07 21:47:46.297192
2013-07-05,11:15,67.8,68.0,47.2,47.5,0.0,W@10.7,15.0,71.0,0.0,926,30.01,"Pullman, Whitman County",300029,Pullman,2017-12-07 21:47:46.297192
2013-07-05,11:30,67.8,68.0,46.8,46.9,0.0,NW@10.6,15.7,71.0,0.0,933,30.01,"Pullman, Whitman County",300029,Pullman,2017-12-07 21:47:46.297192
2013-07-05,11:45,68.3,68.5,47.0,46.4,0.0,W@10.7,15.3,71.0,0.0,937,30.01,"Pullman, Whitman County",300029,Pullman,2017-12-07 21:47:46.297192
2013-07-05,12:00,69.1,69.3,47.4,45.9,0.0,NW@10.8,14.6,71.0,0.0,937,30.0,"Pullman, Whitman County",300029,Pullman,2017-12-07 21:47:46.297192
2013-07-05,12:15,69.8,69.9,47.2,44.6,0.0,NW@10.8,15.7,71.0,0.0,935,30.0,"Pullman, Whitman County",300029,Pullman,2017-12-07 21:47:46.297192
2013-07-05,12:30,70.4,70.7,46.4,42.3,0.0,NW@10.1,14.6,71.1,0.0,930,30.0,"Pullman, Whitman County",300029,Pullman,2017-12-07 21:47:46.297192
2013-07-05,12:45,70.4,70.6,46.3,42.1,0.0,NW@9.6,15.3,71.1,0.0,921,30.0,"Pullman, Whitman County",300029,Pullman,2017-12-07 21:47:46.297192
2013-07-05,13:00,70.9,71.1,46.5,41.6,0.0,NW@11.1,15.7,71.1,0.0,909,30.0,"Pullman, Whitman County",300029,Pullman,2017-12-07 21:47:46.297192
2013-07-05,13:15,71.2,71.3,46.6,41.4,0.0,NW@11.4,16.7,71.2,0.0,895,30.0,"Pullman, Whitman County",300029,Pullman,2017-12-07 21:47:46.297192
2013-07-05,13:30,71.1,71.3,46.5,41.5,0.0,W@10.3,15.7,71.2,0.0,878,29.99,"Pullman, Whitman County",300029,Pullman,2017-12-07 21:47:46.297192
2013-07-05,13:45,71.7,72.0,46.9,41.1,0.0,W@10.4,17.5,71.3,0.0,858,29.99,"Pullman, Whitman County",300029,Pullman,2017-12-07 21:47:46.297192
2013-07-05,14:00,72.7,73.0,46.4,39.1,0.0,NW@9.4,15.3,71.3,0.0,836,29.99,"Pullman, Whitman County",300029,Pullman,2017-12-07 21:47:46.297192
2013-07-05,14:15,71.9,72.1,46.7,40.5,0.0,NW@9.8,15.3,71.4,0.0,634,29.99,"Pullman, Whitman County",300029,Pullman,2017-12-07 21:47:46.297192
2013-07-05,14:30,73.1,73.3,46.9,39.3,0.0,W@11.5,16.0,71.5,0.0,791,29.98,"Pullman, Whitman County",300029,Pullman,2017-12-07 21:47:46.297192
2013-07-05,14:45,72.6,72.9,46.5,39.3,0.0,W@10.9,17.1,71.6,0.0,690,29.98,"Pullman, Whitman County",300029,Pullman,2017-12-07 21:47:46.297192
2013-07-05,15:00,73.1,73.2,46.0,38.0,0.0,NW@11.2,16.4,71.7,0.0,724,29.98,"Pullman, Whitman County",300029,Pullman,2017-12-07 21:47:46.297192
2013-07-05,15:15,73.3,73.6,46.0,37.7,0.0,NW@11.2,16.7,71.8,0.0,690,29.97,"Pullman, Whitman County",300029,Pullman,2017-12-07 21:47:46.297192
2013-07-05,15:30,73.7,73.9,45.4,36.5,0.0,NW@10.6,16.4,71.8,0.0,656,29.97,"Pullman, Whitman County",300029,Pullman,2017-12-07 21:47:46.297192
2013-07-05,15:45,73.6,73.8,45.2,36.2,0.0,NW@9.7,14.2,71.9,0.0,615,29.97,"Pullman, Whitman County",300029,Pullman,2017-12-07 21:47:46.297192
2013-07-05,16:00,74.0,74.2,45.3,35.9,0.0,NW@10.3,15.0,72.0,0.0,579,29.97,"Pullman, Whitman County",300029,Pullman,2017-12-07 21:47:46.297192
2013-07-05,16:15,73.8,74.0,44.6,35.2,0.0,NW@9.9,14.2,72.1,0.0,541,29.97,"Pullman, Whitman County",300029,Pullman,2017-12-07 21:47:46.297192
2013-07-05,16:30,73.9,74.1,44.3,34.6,0.0,NW@9.6,13.2,72.2,0.0,500,29.97,"Pullman, Whitman County",300029,Pullman,2017-12-07 21:47:46.297192
2013-07-05,16:45,73.4,73.5,44.4,35.4,0.0,W@11.0,17.1,72.2,0.0,458,29.96,"Pullman, Whitman County",300029,Pullman,2017-12-07 21:47:46.297192
2013-07-05,17:00,73.4,73.5,44.3,35.3,0.0,NW@10.7,15.7,72.3,0.0,414,29.96,"Pullman, Whitman County",300029,Pullman,2017-12-07 21:47:46.297192
2013-07-05,17:15,73.2,73.3,44.2,35.4,0.0,NW@10.2,13.5,72.4,0.0,368,29.96,"Pullman, Whitman County",300029,Pullman,2017-12-07 21:47:46.297192
2013-07-05,17:30,73.1,73.0,45.6,37.3,0.0,NW@9.5,12.4,72.4,0.0,323,29.96,"Pullman, Whitman County",300029,Pullman,2017-12-07 21:47:46.297192
2013-07-05,17:45,72.7,72.5,46.5,39.2,0.0,W@8.5,11.4,72.5,0.0,280,29.96,"Pullman, Whitman County",300029,Pullman,2017-12-07 21:47:46.297192
2013-07-05,18:00,72.0,71.9,47.4,41.4,0.0,W@7.5,9.9,72.5,0.0,238,29.96,"Pullman, Whitman County",300029,Pullman,2017-12-07 21:47:46.297192
2013-07-05,18:15,71.3,71.1,47.6,42.8,0.0,W@7.3,9.9,72.6,0.0,198,29.96,"Pullman, Whitman County",300029,Pullman,2017-12-07 21:47:46.297192
2013-07-05,18:30,70.7,70.5,48.8,45.7,0.0,W@6.0,8.2,72.7,0.0,160,29.97,"Pullman, Whitman County",300029,Pullman,2017-12-07 21:47:46.297192
2013-07-05,18:45,69.9,69.7,49.0,47.3,0.0,W@5.7,7.1,72.7,0.0,123,29.97,"Pullman, Whitman County",300029,Pullman,2017-12-07 21:47:46.297192
2013-07-05,19:00,67.8,67.8,48.5,50.0,0.0,W@4.4,6.4,72.7,0.0,90,29.97,"Pullman, Whitman County",300029,Pullman,2017-12-07 21:47:46.297192
2013-07-05,19:15,66.6,66.9,49.3,53.6,0.0,NW@1.0,3.5,72.8,0.0,58,29.98,"Pullman, Whitman County",300029,Pullman,2017-12-07 21:47:46.297192
2013-07-05,19:30,65.8,65.7,49.2,54.8,0.0,N@0.1,1.7,72.8,0.0,30,29.97,"Pullman, Whitman County",300029,Pullman,2017-12-07 21:47:46.297192
2013-07-05,19:45,62.7,62.6,47.8,58.1,0.0,SE@1.5,4.2,72.9,0.0,9,29.97,"Pullman, Whitman County",300029,Pullman,2017-12-07 21:47:46.297192
2013-07-05,20:00,62.1,62.1,45.0,53.3,0.0,S@1.7,3.5,72.9,0.0,3,29.97,"Pullman, Whitman County",300029,Pullman,2017-12-07 21:47:46.297192
2013-07-05,20:15,61.2,61.0,44.5,54.3,0.0,S@1.9,4.6,72.9,0.0,0,29.98,"Pullman, Whitman County",300029,Pullman,2017-12-07 21:47:46.297192
2013-07-05,20:30,59.4,59.3,44.8,58.3,0.0,S@3.3,5.3,72.9,0.0,0,29.98,"Pullman, Whitman County",300029,Pullman,2017-12-07 21:47:46.297192
2013-07-05,20:45,57.5,57.2,45.9,65.3,0.0,SE@3.3,4.6,73.0,0.0,0,29.98,"Pullman, Whitman County",300029,Pullman,2017-12-07 21:47:46.297192
2013-07-05,21:00,55.6,55.6,47.1,73.2,0.0,SE@3.8,6.0,73.0,0.0,0,29.98,"Pullman, Whitman County",300029,Pullman,2017-12-07 21:47:46.297192
2013-07-05,21:15,54.7,54.7,46.4,73.3,0.0,SE@2.9,3.5,73.0,0.0,0,29.99,"Pullman, Whitman County",300029,Pullman,2017-12-07 21:47:46.297192
2013-07-05,21:30,53.9,53.8,46.5,76.1,0.0,SE@4.3,5.7,72.9,0.0,0,29.99,"Pullman, Whitman County",300029,Pullman,2017-12-07 21:47:46.297192
2013-07-05,21:45,52.4,52.4,46.9,81.5,0.0,SE@4.8,6.0,72.9,0.0,0,29.99,"Pullman, Whitman County",300029,Pullman,2017-12-07 21:47:46.297192
2013-07-05,22:00,51.2,51.2,46.7,84.5,0.0,E@1.2,4.2,73.0,0.0,0,29.99,"Pullman, Whitman County",300029,Pullman,2017-12-07 21:47:46.297192
2013-07-05,22:15,50.7,50.6,46.3,84.8,0.0,N@0.0,0.0,73.0,0.0,0,29.99,"Pullman, Whitman County",300029,Pullman,2017-12-07 21:47:46.297192
2013-07-05,22:30,49.8,49.7,45.8,86.0,0.0,SE@3.2,6.0,72.9,0.0,0,30.0,"Pullman, Whitman County",300029,Pullman,2017-12-07 21:47:46.297192
2013-07-05,22:45,49.1,49.0,45.5,87.3,0.0,SE@0.4,4.2,72.9,0.0,0,30.0,"Pullman, Whitman County",300029,Pullman,2017-12-07 21:47:46.297192
2013-07-05,23:00,49.1,49.1,45.3,86.7,0.0,SE@3.1,4.9,72.9,0.0,0,30.0,"Pullman, Whitman County",300029,Pullman,2017-12-07 21:47:46.297192
2013-07-06,23:15,47.9,47.9,44.8,88.7,0.0,SE@0.5,2.8,72.8,0.0,0,30.0,"Pullman, Whitman County",300029,Pullman,2017-12-07 21:47:46.297192
2013-07-06,23:30,47.8,47.7,44.7,89.1,0.01,SE@0.1,2.4,72.8,0.0,0,30.0,"Pullman, Whitman County",300029,Pullman,2017-12-07 21:47:46.297192
2013-07-06,23:45,47.8,47.8,44.6,88.5,0.01,SE@1.7,3.1,72.8,0.0,0,30.01,"Pullman, Whitman County",300029,Pullman,2017-12-07 21:47:46.297192
2013-07-06,24:00,47.2,47.1,44.0,88.8,0.0,SE@2.8,4.2,72.7,0.0,0,30.01,"Pullman, Whitman County",300029,Pullman,2017-12-07 21:47:46.297192
