Date,Time PST,Air Temp °F, 2<sup>nd</sup> Air Temp °F, Dew Point °F, Rel Hum %, Leaf Wet u., Wind Dir @ Speed mph, Wind Gust mph, 8 in. Soil Tmp °F, Tot Prec in, Solar Rad W/m²,Location,Station ID,Station Name,Download Timestamp
2016-05-30,00:15,43.7,43.1,39.6,85.3,0.0,W@3.2,4.2,73.5,0.0,0,"Mae, Grant County",330028,Mae,2017-12-12 05:31:33.454632
2016-05-30,00:30,43.9,43.3,38.6,81.5,0.0,W@2.9,4.6,73.4,0.0,0,"Mae, Grant County",330028,Mae,2017-12-12 05:31:33.454632
2016-05-30,00:45,43.7,43.2,38.1,80.3,0.0,W@3.9,4.9,73.3,0.0,0,"Mae, Grant County",330028,Mae,2017-12-12 05:31:33.454632
2016-05-30,01:00,43.6,43.1,38.1,80.7,0.0,NW@4.4,5.7,73.2,0.0,0,"Mae, Grant County",330028,Mae,2017-12-12 05:31:33.454632
2016-05-30,01:15,43.3,42.7,38.0,81.1,0.0,SW@2.5,3.9,73.1,0.0,0,"Mae, Grant County",330028,Mae,2017-12-12 05:31:33.454632
2016-05-30,01:30,44.3,43.7,38.1,78.6,0.0,W@3.3,4.2,72.9,0.0,0,"Mae, Grant County",330028,Mae,2017-12-12 05:31:33.454632
2016-05-30,01:45,43.3,42.8,38.2,82.2,0.0,W@4.0,4.9,72.8,0.0,0,"Mae, Grant County",330028,Mae,2017-12-12 05:31:33.454632
2016-05-30,02:00,42.8,42.2,38.6,85.0,0.0,W@3.8,5.3,72.7,0.0,0,"Mae, Grant County",330028,Mae,2017-12-12 05:31:33.454632
2016-05-30,02:15,42.6,42.1,39.2,87.5,0.0,W@3.8,4.6,72.5,0.0,0,"Mae, Grant County",330028,Mae,2017-12-12 05:31:33.454632
2016-05-30,02:30,41.8,41.2,39.1,90.2,0.05,W@3.2,4.2,72.4,0.0,0,"Mae, Grant County",330028,Mae,2017-12-12 05:31:33.454632
2016-05-30,02:45,43.2,42.6,40.1,88.7,0.09,W@3.0,4.2,72.3,0.0,0,"Mae, Grant County",330028,Mae,2017-12-12 05:31:33.454632
2016-05-30,03:00,43.6,43.0,40.0,87.0,0.09,W@3.7,4.6,72.1,0.0,0,"Mae, Grant County",330028,Mae,2017-12-12 05:31:33.454632
2016-05-30,03:15,42.5,42.0,39.2,88.1,0.09,W@3.2,4.2,72.0,0.0,0,"Mae, Grant County",330028,Mae,2017-12-12 05:31:33.454632
2016-05-30,03:30,42.8,42.3,39.6,88.3,0.12,W@2.9,4.2,71.8,0.0,0,"Mae, Grant County",330028,Mae,2017-12-12 05:31:33.454632
2016-05-30,03:45,43.1,42.7,37.9,81.5,0.03,NW@4.2,4.9,71.7,0.0,0,"Mae, Grant County",330028,Mae,2017-12-12 05:31:33.454632
2016-05-30,04:00,40.7,40.2,36.9,86.1,0.0,NW@3.0,4.9,71.5,0.0,1,"Mae, Grant County",330028,Mae,2017-12-12 05:31:33.454632
2016-05-30,04:15,40.8,40.2,37.9,89.3,0.05,W@3.6,5.3,71.4,0.0,7,"Mae, Grant County",330028,Mae,2017-12-12 05:31:33.454632
2016-05-30,04:30,43.0,42.4,38.8,85.0,0.0,W@4.1,4.6,71.2,0.0,24,"Mae, Grant County",330028,Mae,2017-12-12 05:31:33.454632
2016-05-30,04:45,42.0,41.4,38.0,85.7,0.0,W@3.1,3.9,71.0,0.0,49,"Mae, Grant County",330028,Mae,2017-12-12 05:31:33.454632
2016-05-30,05:00,44.2,43.6,39.2,82.4,0.0,W@3.3,4.2,70.9,0.0,81,"Mae, Grant County",330028,Mae,2017-12-12 05:31:33.454632
2016-05-30,05:15,45.0,44.4,40.3,83.3,0.0,W@2.7,4.2,70.7,0.0,116,"Mae, Grant County",330028,Mae,2017-12-12 05:31:33.454632
2016-05-30,05:30,45.7,45.2,42.4,88.2,0.0,W@3.2,4.2,70.6,0.0,154,"Mae, Grant County",330028,Mae,2017-12-12 05:31:33.454632
2016-05-30,05:45,47.4,47.1,43.3,85.5,0.0,W@3.6,5.3,70.4,0.0,194,"Mae, Grant County",330028,Mae,2017-12-12 05:31:33.454632
2016-05-30,06:00,49.7,49.4,43.3,78.5,0.0,W@3.5,4.9,70.2,0.0,239,"Mae, Grant County",330028,Mae,2017-12-12 05:31:33.454632
2016-05-30,06:15,51.6,51.0,43.3,73.1,0.0,W@4.8,6.4,70.1,0.0,276,"Mae, Grant County",330028,Mae,2017-12-12 05:31:33.454632
2016-05-30,06:30,53.4,52.9,43.3,68.5,0.0,W@4.4,6.0,69.9,0.0,321,"Mae, Grant County",330028,Mae,2017-12-12 05:31:33.454632
2016-05-30,06:45,54.9,54.3,43.4,65.1,0.0,W@4.9,7.1,69.8,0.0,362,"Mae, Grant County",330028,Mae,2017-12-12 05:31:33.454632
2016-05-30,07:00,56.2,55.7,43.6,62.5,0.0,W@5.4,7.4,69.6,0.0,406,"Mae, Grant County",330028,Mae,2017-12-12 05:31:33.454632
2016-05-30,07:15,57.5,57.0,43.9,60.3,0.0,W@4.9,7.1,69.5,0.0,443,"Mae, Grant County",330028,Mae,2017-12-12 05:31:33.454632
2016-05-30,07:30,58.6,58.2,42.9,55.8,0.0,W@3.4,5.7,69.3,0.0,489,"Mae, Grant County",330028,Mae,2017-12-12 05:31:33.454632
2016-05-30,07:45,60.0,59.6,41.1,49.6,0.0,W@2.9,5.3,69.2,0.0,517,"Mae, Grant County",330028,Mae,2017-12-12 05:31:33.454632
2016-05-30,08:00,61.3,60.9,39.5,44.5,0.0,W@2.3,5.7,69.1,0.0,579,"Mae, Grant County",330028,Mae,2017-12-12 05:31:33.454632
2016-05-30,08:15,62.2,62.0,37.1,39.3,0.0,N@3.8,8.2,68.9,0.0,585,"Mae, Grant County",330028,Mae,2017-12-12 05:31:33.454632
2016-05-30,08:30,62.9,62.2,36.8,37.8,0.0,N@4.0,6.0,68.8,0.0,655,"Mae, Grant County",330028,Mae,2017-12-12 05:31:33.454632
2016-05-30,08:45,63.8,63.1,37.1,37.1,0.0,N@3.6,7.1,68.7,0.0,701,"Mae, Grant County",330028,Mae,2017-12-12 05:31:33.454632
2016-05-30,09:00,64.1,63.7,37.6,37.4,0.0,N@4.0,6.4,68.6,0.0,727,"Mae, Grant County",330028,Mae,2017-12-12 05:31:33.454632
2016-05-30,09:15,64.8,64.2,38.0,37.1,0.0,N@3.9,7.1,68.5,0.0,760,"Mae, Grant County",330028,Mae,2017-12-12 05:31:33.454632
2016-05-30,09:30,65.4,65.0,37.2,35.2,0.0,N@3.2,6.4,68.4,0.0,792,"Mae, Grant County",330028,Mae,2017-12-12 05:31:33.454632
2016-05-30,09:45,66.4,65.9,37.0,33.8,0.0,N@4.2,7.8,68.3,0.0,820,"Mae, Grant County",330028,Mae,2017-12-12 05:31:33.454632
2016-05-30,10:00,66.7,66.2,35.5,31.5,0.0,NW@3.6,6.0,68.2,0.0,845,"Mae, Grant County",330028,Mae,2017-12-12 05:31:33.454632
2016-05-30,10:15,67.4,66.9,36.3,31.7,0.0,N@3.6,7.8,68.2,0.0,867,"Mae, Grant County",330028,Mae,2017-12-12 05:31:33.454632
2016-05-30,10:30,68.0,67.7,36.9,31.8,0.0,NW@4.0,7.1,68.2,0.0,887,"Mae, Grant County",330028,Mae,2017-12-12 05:31:33.454632
2016-05-30,10:45,68.1,67.8,35.2,29.6,0.0,W@5.6,10.3,68.1,0.0,906,"Mae, Grant County",330028,Mae,2017-12-12 05:31:33.454632
2016-05-30,11:00,68.0,67.7,33.2,27.5,0.0,NW@4.7,8.9,68.1,0.0,922,"Mae, Grant County",330028,Mae,2017-12-12 05:31:33.454632
2016-05-30,11:15,68.7,68.4,34.2,27.9,0.0,N@5.5,9.6,68.1,0.0,932,"Mae, Grant County",330028,Mae,2017-12-12 05:31:33.454632
2016-05-30,11:30,69.4,69.0,34.3,27.2,0.0,NW@5.3,9.6,68.2,0.0,942,"Mae, Grant County",330028,Mae,2017-12-12 05:31:33.454632
2016-05-30,11:45,69.5,69.2,33.8,26.6,0.0,W@5.3,9.2,68.2,0.0,947,"Mae, Grant County",330028,Mae,2017-12-12 05:31:33.454632
2016-05-30,12:00,70.1,69.9,33.0,25.3,0.0,NW@4.5,8.9,68.3,0.0,951,"Mae, Grant County",330028,Mae,2017-12-12 05:31:33.454632
2016-05-30,12:15,70.5,70.2,34.5,26.5,0.0,W@6.6,10.3,68.4,0.0,935,"Mae, Grant County",330028,Mae,2017-12-12 05:31:33.454632
2016-05-30,12:30,71.0,70.7,34.5,26.1,0.0,NW@5.8,9.9,68.5,0.0,942,"Mae, Grant County",330028,Mae,2017-12-12 05:31:33.454632
2016-05-30,12:45,71.3,71.0,31.8,23.2,0.0,NW@3.4,6.0,68.6,0.0,934,"Mae, Grant County",330028,Mae,2017-12-12 05:31:33.454632
2016-05-30,13:00,71.3,71.0,32.4,23.7,0.0,NW@5.2,9.9,68.7,0.0,923,"Mae, Grant County",330028,Mae,2017-12-12 05:31:33.454632
2016-05-30,13:15,71.2,71.0,31.9,23.3,0.0,NW@4.6,8.2,68.8,0.0,907,"Mae, Grant County",330028,Mae,2017-12-12 05:31:33.454632
2016-05-30,13:30,72.0,71.8,32.9,23.6,0.0,W@4.5,9.2,69.0,0.0,890,"Mae, Grant County",330028,Mae,2017-12-12 05:31:33.454632
2016-05-30,13:45,72.2,72.0,32.1,22.7,0.0,NW@5.1,8.5,69.1,0.0,871,"Mae, Grant County",330028,Mae,2017-12-12 05:31:33.454632
2016-05-30,14:00,72.8,72.4,33.1,23.2,0.0,NW@5.8,9.6,69.3,0.0,847,"Mae, Grant County",330028,Mae,2017-12-12 05:31:33.454632
2016-05-30,14:15,73.0,72.8,32.3,22.3,0.0,W@2.9,5.7,69.5,0.0,737,"Mae, Grant County",330028,Mae,2017-12-12 05:31:33.454632
2016-05-30,14:30,73.3,72.9,35.9,25.5,0.0,NW@5.2,8.2,69.7,0.0,783,"Mae, Grant County",330028,Mae,2017-12-12 05:31:33.454632
2016-05-30,14:45,74.2,73.5,35.1,24.0,0.0,W@4.3,7.8,69.9,0.0,757,"Mae, Grant County",330028,Mae,2017-12-12 05:31:33.454632
2016-05-30,15:00,74.2,73.9,33.8,22.8,0.0,NW@3.6,8.5,70.2,0.0,732,"Mae, Grant County",330028,Mae,2017-12-12 05:31:33.454632
2016-05-30,15:15,74.0,73.7,31.5,20.9,0.0,NW@4.0,8.2,70.4,0.0,664,"Mae, Grant County",330028,Mae,2017-12-12 05:31:33.454632
2016-05-30,15:30,74.2,74.1,34.2,23.1,0.0,NW@3.2,6.4,70.6,0.0,642,"Mae, Grant County",330028,Mae,2017-12-12 05:31:33.454632
2016-05-30,15:45,74.3,74.0,32.3,21.3,0.0,NW@3.2,5.3,70.9,0.0,628,"Mae, Grant County",330028,Mae,2017-12-12 05:31:33.454632
2016-05-30,16:00,74.6,74.3,33.6,22.3,0.0,NW@4.0,6.0,71.2,0.0,547,"Mae, Grant County",330028,Mae,2017-12-12 05:31:33.454632
2016-05-30,16:15,75.0,74.4,31.1,19.9,0.0,N@3.3,6.4,71.4,0.0,514,"Mae, Grant County",330028,Mae,2017-12-12 05:31:33.454632
2016-05-30,16:30,75.3,74.3,30.3,19.0,0.0,NE@2.6,4.6,71.7,0.0,491,"Mae, Grant County",330028,Mae,2017-12-12 05:31:33.454632
2016-05-30,16:45,75.4,74.8,30.4,19.1,0.0,N@2.4,4.6,72.0,0.0,486,"Mae, Grant County",330028,Mae,2017-12-12 05:31:33.454632
2016-05-30,17:00,75.0,74.3,31.2,19.9,0.0,NE@2.4,4.9,72.2,0.0,392,"Mae, Grant County",330028,Mae,2017-12-12 05:31:33.454632
2016-05-30,17:15,73.8,73.2,32.4,21.8,0.0,E@1.9,5.3,72.5,0.0,272,"Mae, Grant County",330028,Mae,2017-12-12 05:31:33.454632
2016-05-30,17:30,74.4,73.7,32.9,21.8,0.0,E@2.8,5.3,72.8,0.0,346,"Mae, Grant County",330028,Mae,2017-12-12 05:31:33.454632
2016-05-30,17:45,72.9,72.2,40.4,30.9,0.0,E@3.5,5.3,73.0,0.0,247,"Mae, Grant County",330028,Mae,2017-12-12 05:31:33.454632
2016-05-30,18:00,73.2,72.5,38.3,28.2,0.0,E@3.7,5.3,73.3,0.0,270,"Mae, Grant County",330028,Mae,2017-12-12 05:31:33.454632
2016-05-30,18:15,72.6,72.0,39.1,29.6,0.0,E@3.9,6.0,73.5,0.0,196,"Mae, Grant County",330028,Mae,2017-12-12 05:31:33.454632
2016-05-30,18:30,71.2,70.6,40.3,32.6,0.0,E@5.1,7.1,73.8,0.0,175,"Mae, Grant County",330028,Mae,2017-12-12 05:31:33.454632
2016-05-30,18:45,69.3,68.8,43.1,38.7,0.0,SE@4.5,6.0,74.0,0.0,115,"Mae, Grant County",330028,Mae,2017-12-12 05:31:33.454632
2016-05-30,19:00,68.5,68.0,43.3,40.1,0.0,SE@3.4,4.6,74.2,0.0,89,"Mae, Grant County",330028,Mae,2017-12-12 05:31:33.454632
2016-05-30,19:15,67.0,66.5,44.6,44.3,0.0,SE@3.1,3.9,74.4,0.0,51,"Mae, Grant County",330028,Mae,2017-12-12 05:31:33.454632
2016-05-30,19:30,66.4,66.0,42.5,41.7,0.0,S@2.5,3.1,74.6,0.0,34,"Mae, Grant County",330028,Mae,2017-12-12 05:31:33.454632
2016-05-30,19:45,65.9,65.5,37.7,35.2,0.0,S@2.0,2.8,74.8,0.0,12,"Mae, Grant County",330028,Mae,2017-12-12 05:31:33.454632
2016-05-30,20:00,63.9,63.4,42.4,45.4,0.0,SE@2.7,3.1,74.9,0.0,2,"Mae, Grant County",330028,Mae,2017-12-12 05:31:33.454632
2016-05-30,20:15,62.7,62.0,41.9,46.6,0.0,SE@2.6,3.5,75.1,0.0,0,"Mae, Grant County",330028,Mae,2017-12-12 05:31:33.454632
2016-05-30,20:30,63.9,63.6,34.9,33.9,0.0,S@3.4,3.9,75.2,0.0,0,"Mae, Grant County",330028,Mae,2017-12-12 05:31:33.454632
2016-05-30,20:45,61.0,60.6,34.9,37.4,0.0,S@2.5,3.1,75.3,0.0,0,"Mae, Grant County",330028,Mae,2017-12-12 05:31:33.454632
2016-05-30,21:00,60.6,60.2,36.4,40.3,0.0,SW@3.2,4.2,75.4,0.0,0,"Mae, Grant County",330028,Mae,2017-12-12 05:31:33.454632
2016-05-30,21:15,59.9,59.5,33.1,36.3,0.0,S@3.2,3.9,75.5,0.0,0,"Mae, Grant County",330028,Mae,2017-12-12 05:31:33.454632
2016-05-30,21:30,59.3,58.9,33.6,37.7,0.0,S@2.6,3.5,75.5,0.0,0,"Mae, Grant County",330028,Mae,2017-12-12 05:31:33.454632
2016-05-30,21:45,58.4,58.0,34.2,39.9,0.0,SW@1.2,3.1,75.6,0.0,0,"Mae, Grant County",330028,Mae,2017-12-12 05:31:33.454632
2016-05-30,22:00,58.9,58.6,34.9,40.4,0.0,S@3.0,3.9,75.6,0.0,0,"Mae, Grant County",330028,Mae,2017-12-12 05:31:33.454632
2016-05-30,22:15,56.6,56.2,37.3,48.3,0.0,W@2.1,2.8,75.6,0.0,0,"Mae, Grant County",330028,Mae,2017-12-12 05:31:33.454632
2016-05-30,22:30,53.1,52.7,40.7,62.5,0.0,NW@1.4,2.4,75.6,0.0,0,"Mae, Grant County",330028,Mae,2017-12-12 05:31:33.454632
2016-05-30,22:45,53.0,52.4,42.8,68.0,0.0,W@2.5,3.1,75.6,0.0,0,"Mae, Grant County",330028,Mae,2017-12-12 05:31:33.454632
2016-05-30,23:00,52.1,51.6,43.9,73.4,0.0,NW@2.5,3.9,75.6,0.0,0,"Mae, Grant County",330028,Mae,2017-12-12 05:31:33.454632
2016-05-31,23:15,50.4,50.0,43.5,77.1,0.0,NW@2.3,3.1,75.5,0.0,0,"Mae, Grant County",330028,Mae,2017-12-12 05:31:33.454632
2016-05-31,23:30,50.3,49.8,43.4,77.1,0.0,NW@2.1,3.1,75.5,0.0,0,"Mae, Grant County",330028,Mae,2017-12-12 05:31:33.454632
2016-05-31,23:45,49.6,49.1,42.7,77.0,0.0,N@1.9,3.5,75.4,0.0,0,"Mae, Grant County",330028,Mae,2017-12-12 05:31:33.454632
2016-05-31,24:00,50.2,49.6,42.4,74.3,0.0,E@2.5,3.9,75.3,0.0,0,"Mae, Grant County",330028,Mae,2017-12-12 05:31:33.454632
2016-05-31,00:15,48.9,48.4,43.2,80.4,0.0,E@3.1,4.9,75.2,0.0,0,"Mae, Grant County",330028,Mae,2017-12-12 05:31:33.454632
2016-05-31,00:30,49.5,49.1,43.3,79.0,0.0,E@2.5,4.2,75.1,0.0,0,"Mae, Grant County",330028,Mae,2017-12-12 05:31:33.454632
2016-05-31,00:45,50.3,49.6,43.4,77.0,0.0,NE@1.9,4.2,75.0,0.0,0,"Mae, Grant County",330028,Mae,2017-12-12 05:31:33.454632
2016-05-31,01:00,48.0,47.4,42.9,82.5,0.0,E@3.2,4.6,74.9,0.0,0,"Mae, Grant County",330028,Mae,2017-12-12 05:31:33.454632
2016-05-31,01:15,49.7,49.1,41.9,74.4,0.0,NE@3.2,4.2,74.8,0.0,0,"Mae, Grant County",330028,Mae,2017-12-12 05:31:33.454632
2016-05-31,01:30,49.1,48.4,41.9,76.1,0.0,NE@3.0,3.9,74.7,0.0,0,"Mae, Grant County",330028,Mae,2017-12-12 05:31:33.454632
2016-05-31,01:45,48.0,47.4,42.1,79.6,0.0,E@3.4,4.2,74.6,0.0,0,"Mae, Grant County",330028,Mae,2017-12-12 05:31:33.454632
2016-05-31,02:00,48.5,47.8,41.8,77.7,0.0,NE@2.9,4.6,74.5,0.0,0,"Mae, Grant County",330028,Mae,2017-12-12 05:31:33.454632
2016-05-31,02:15,47.9,47.2,42.8,82.3,0.0,NE@2.5,3.5,74.3,0.0,0,"Mae, Grant County",330028,Mae,2017-12-12 05:31:33.454632
2016-05-31,02:30,46.7,46.0,42.6,85.7,0.0,NE@3.5,4.6,74.2,0.0,0,"Mae, Grant County",330028,Mae,2017-12-12 05:31:33.454632
2016-05-31,02:45,46.2,45.6,42.5,86.8,0.0,NE@3.3,4.2,74.1,0.0,0,"Mae, Grant County",330028,Mae,2017-12-12 05:31:33.454632
2016-05-31,03:00,45.4,44.8,42.1,88.2,0.0,N@2.6,4.6,73.9,0.0,0,"Mae, Grant County",330028,Mae,2017-12-12 05:31:33.454632
2016-05-31,03:15,43.7,43.1,42.0,93.6,0.1,W@2.4,3.9,73.8,0.0,0,"Mae, Grant County",330028,Mae,2017-12-12 05:31:33.454632
2016-05-31,03:30,43.1,42.6,42.4,97.2,0.19,NW@1.4,3.9,73.7,0.0,0,"Mae, Grant County",330028,Mae,2017-12-12 05:31:33.454632
2016-05-31,03:45,43.8,43.3,42.6,95.5,0.29,NE@0.3,2.4,73.5,0.0,0,"Mae, Grant County",330028,Mae,2017-12-12 05:31:33.454632
2016-05-31,04:00,46.6,46.1,40.6,79.6,0.32,NE@1.4,2.8,73.4,0.0,2,"Mae, Grant County",330028,Mae,2017-12-12 05:31:33.454632
2016-05-31,04:15,45.8,45.2,39.3,77.7,0.18,NE@0.7,2.1,73.2,0.0,10,"Mae, Grant County",330028,Mae,2017-12-12 05:31:33.454632
2016-05-31,04:30,43.9,43.2,39.2,83.4,0.0,NE@2.5,3.1,73.0,0.0,29,"Mae, Grant County",330028,Mae,2017-12-12 05:31:33.454632
2016-05-31,04:45,44.3,43.7,39.9,84.2,0.0,NE@2.8,3.5,72.9,0.0,56,"Mae, Grant County",330028,Mae,2017-12-12 05:31:33.454632
2016-05-31,05:00,45.8,45.2,40.6,81.8,0.0,NE@3.1,4.2,72.7,0.0,80,"Mae, Grant County",330028,Mae,2017-12-12 05:31:33.454632
2016-05-31,05:15,47.5,46.8,41.3,78.8,0.0,NE@3.7,4.9,72.6,0.0,112,"Mae, Grant County",330028,Mae,2017-12-12 05:31:33.454632
2016-05-31,05:30,49.0,48.4,41.7,75.9,0.0,NE@3.8,5.7,72.4,0.0,142,"Mae, Grant County",330028,Mae,2017-12-12 05:31:33.454632
2016-05-31,05:45,50.4,50.2,43.1,75.8,0.0,NE@2.7,4.2,72.3,0.0,171,"Mae, Grant County",330028,Mae,2017-12-12 05:31:33.454632
2016-05-31,06:00,52.1,51.9,42.7,70.1,0.0,NE@3.4,4.6,72.1,0.0,224,"Mae, Grant County",330028,Mae,2017-12-12 05:31:33.454632
2016-05-31,06:15,54.1,53.5,42.6,65.0,0.0,NE@3.6,4.6,72.0,0.0,266,"Mae, Grant County",330028,Mae,2017-12-12 05:31:33.454632
2016-05-31,06:30,56.8,56.0,42.3,58.3,0.0,NE@2.8,4.2,71.8,0.0,311,"Mae, Grant County",330028,Mae,2017-12-12 05:31:33.454632
2016-05-31,06:45,58.9,58.1,40.8,51.0,0.0,NE@3.0,4.6,71.7,0.0,354,"Mae, Grant County",330028,Mae,2017-12-12 05:31:33.454632
2016-05-31,07:00,60.2,59.3,40.2,47.5,0.0,NE@2.7,4.2,71.5,0.0,395,"Mae, Grant County",330028,Mae,2017-12-12 05:31:33.454632
2016-05-31,07:15,61.0,60.3,41.6,48.7,0.0,N@2.8,4.6,71.4,0.0,441,"Mae, Grant County",330028,Mae,2017-12-12 05:31:33.454632
2016-05-31,07:30,62.2,61.4,41.7,46.9,0.0,N@4.6,8.2,71.2,0.0,481,"Mae, Grant County",330028,Mae,2017-12-12 05:31:33.454632
2016-05-31,07:45,63.9,63.1,42.7,46.0,0.0,N@4.4,7.1,71.1,0.0,524,"Mae, Grant County",330028,Mae,2017-12-12 05:31:33.454632
2016-05-31,08:00,65.2,64.5,42.0,42.8,0.0,NE@3.8,6.7,71.0,0.0,565,"Mae, Grant County",330028,Mae,2017-12-12 05:31:33.454632
2016-05-31,08:15,66.3,65.7,42.3,41.7,0.0,E@3.3,5.3,70.9,0.0,605,"Mae, Grant County",330028,Mae,2017-12-12 05:31:33.454632
2016-05-31,08:30,67.6,66.9,41.4,38.5,0.0,NE@3.2,6.4,70.7,0.0,644,"Mae, Grant County",330028,Mae,2017-12-12 05:31:33.454632
2016-05-31,08:45,68.8,68.1,40.7,35.8,0.0,N@3.1,5.7,70.6,0.0,680,"Mae, Grant County",330028,Mae,2017-12-12 05:31:33.454632
2016-05-31,09:00,68.5,68.2,41.9,38.0,0.0,NW@3.8,5.7,70.5,0.0,715,"Mae, Grant County",330028,Mae,2017-12-12 05:31:33.454632
2016-05-31,09:15,69.0,68.7,41.0,36.0,0.0,NW@3.8,6.4,70.4,0.0,745,"Mae, Grant County",330028,Mae,2017-12-12 05:31:33.454632
2016-05-31,09:30,69.7,69.4,39.9,33.7,0.0,NW@3.3,5.3,70.3,0.0,782,"Mae, Grant County",330028,Mae,2017-12-12 05:31:33.454632
2016-05-31,09:45,71.1,70.7,39.6,31.8,0.0,N@2.6,4.9,70.3,0.0,812,"Mae, Grant County",330028,Mae,2017-12-12 05:31:33.454632
2016-05-31,10:00,72.1,71.5,38.9,29.8,0.0,N@2.3,6.0,70.2,0.0,835,"Mae, Grant County",330028,Mae,2017-12-12 05:31:33.454632
2016-05-31,10:15,73.7,73.0,36.5,25.8,0.0,NE@2.1,4.6,70.1,0.0,863,"Mae, Grant County",330028,Mae,2017-12-12 05:31:33.454632
2016-05-31,10:30,74.3,73.8,38.1,26.9,0.0,NE@2.8,5.3,70.1,0.0,882,"Mae, Grant County",330028,Mae,2017-12-12 05:31:33.454632
2016-05-31,10:45,74.7,74.1,37.2,25.6,0.0,NE@3.1,4.9,70.1,0.0,894,"Mae, Grant County",330028,Mae,2017-12-12 05:31:33.454632
2016-05-31,11:00,75.6,75.1,37.4,25.0,0.0,E@3.2,5.7,70.1,0.0,899,"Mae, Grant County",330028,Mae,2017-12-12 05:31:33.454632
2016-05-31,11:15,76.2,75.4,37.1,24.3,0.0,NE@4.1,6.7,70.1,0.0,900,"Mae, Grant County",330028,Mae,2017-12-12 05:31:33.454632
2016-05-31,11:30,76.8,76.1,36.4,23.2,0.0,NE@4.5,7.1,70.1,0.0,923,"Mae, Grant County",330028,Mae,2017-12-12 05:31:33.454632
2016-05-31,11:45,77.7,77.3,38.7,24.5,0.0,E@5.0,7.4,70.2,0.0,922,"Mae, Grant County",330028,Mae,2017-12-12 05:31:33.454632
2016-05-31,12:00,77.6,77.1,39.4,25.4,0.0,E@6.5,11.0,70.2,0.0,941,"Mae, Grant County",330028,Mae,2017-12-12 05:31:33.454632
2016-05-31,12:15,78.1,77.8,38.5,24.0,0.0,E@6.1,9.6,70.3,0.0,936,"Mae, Grant County",330028,Mae,2017-12-12 05:31:33.454632
2016-05-31,12:30,78.1,77.8,38.9,24.4,0.0,E@6.5,11.0,70.4,0.0,929,"Mae, Grant County",330028,Mae,2017-12-12 05:31:33.454632
2016-05-31,12:45,78.9,78.6,36.3,21.5,0.0,SE@5.3,12.4,70.6,0.0,920,"Mae, Grant County",330028,Mae,2017-12-12 05:31:33.454632
2016-05-31,13:00,79.6,79.3,35.7,20.5,0.0,S@6.0,11.0,70.7,0.0,910,"Mae, Grant County",330028,Mae,2017-12-12 05:31:33.454632
2016-05-31,13:15,80.0,79.7,34.2,19.1,0.0,S@6.4,13.9,70.8,0.0,900,"Mae, Grant County",330028,Mae,2017-12-12 05:31:33.454632
2016-05-31,13:30,80.1,79.8,33.9,18.8,0.0,SW@4.7,16.7,71.0,0.0,877,"Mae, Grant County",330028,Mae,2017-12-12 05:31:33.454632
2016-05-31,13:45,80.4,80.2,34.7,19.2,0.0,SW@5.8,11.7,71.1,0.0,838,"Mae, Grant County",330028,Mae,2017-12-12 05:31:33.454632
2016-05-31,14:00,80.6,80.3,33.8,18.4,0.0,S@5.7,11.7,71.3,0.0,825,"Mae, Grant County",330028,Mae,2017-12-12 05:31:33.454632
2016-05-31,14:15,80.2,80.0,35.5,20.0,0.0,NW@3.5,8.2,71.5,0.0,805,"Mae, Grant County",330028,Mae,2017-12-12 05:31:33.454632
2016-05-31,14:30,80.7,80.4,34.5,18.9,0.0,SW@5.6,12.1,71.8,0.0,739,"Mae, Grant County",330028,Mae,2017-12-12 05:31:33.454632
2016-05-31,14:45,80.4,80.1,37.8,21.7,0.0,W@5.8,9.6,72.0,0.0,720,"Mae, Grant County",330028,Mae,2017-12-12 05:31:33.454632
2016-05-31,15:00,80.6,80.5,36.9,20.8,0.0,W@4.6,11.0,72.2,0.0,635,"Mae, Grant County",330028,Mae,2017-12-12 05:31:33.454632
2016-05-31,15:15,80.5,80.3,37.1,21.1,0.0,W@4.2,8.2,72.5,0.0,642,"Mae, Grant County",330028,Mae,2017-12-12 05:31:33.454632
2016-05-31,15:30,80.7,80.5,36.6,20.5,0.0,NW@3.2,5.3,72.7,0.0,599,"Mae, Grant County",330028,Mae,2017-12-12 05:31:33.454632
2016-05-31,15:45,80.8,80.1,37.8,21.4,0.0,NE@4.5,6.7,73.0,0.0,616,"Mae, Grant County",330028,Mae,2017-12-12 05:31:33.454632
2016-05-31,16:00,81.0,80.2,41.1,24.3,0.0,NE@4.7,8.2,73.3,0.0,600,"Mae, Grant County",330028,Mae,2017-12-12 05:31:33.454632
2016-05-31,16:15,81.4,81.1,36.5,20.0,0.0,SW@4.2,9.9,73.5,0.0,546,"Mae, Grant County",330028,Mae,2017-12-12 05:31:33.454632
2016-05-31,16:30,81.6,81.3,32.7,17.0,0.0,S@5.4,9.9,73.8,0.0,520,"Mae, Grant County",330028,Mae,2017-12-12 05:31:33.454632
2016-05-31,16:45,81.4,81.0,37.6,20.9,0.0,SE@3.7,6.4,74.1,0.0,466,"Mae, Grant County",330028,Mae,2017-12-12 05:31:33.454632
2016-05-31,17:00,79.7,79.2,39.9,24.1,0.0,E@4.1,6.4,74.4,0.0,350,"Mae, Grant County",330028,Mae,2017-12-12 05:31:33.454632
2016-05-31,17:15,80.2,79.5,42.6,26.3,0.0,E@3.3,4.9,74.7,0.0,402,"Mae, Grant County",330028,Mae,2017-12-12 05:31:33.454632
2016-05-31,17:30,76.6,75.9,48.9,37.7,0.0,E@4.4,7.1,74.9,0.0,272,"Mae, Grant County",330028,Mae,2017-12-12 05:31:33.454632
2016-05-31,17:45,75.3,74.7,50.1,41.3,0.0,E@3.0,4.9,75.2,0.0,147,"Mae, Grant County",330028,Mae,2017-12-12 05:31:33.454632
2016-05-31,18:00,75.1,74.7,49.7,40.7,0.0,E@2.9,4.6,75.4,0.0,165,"Mae, Grant County",330028,Mae,2017-12-12 05:31:33.454632
2016-05-31,18:15,74.7,74.1,52.4,45.7,0.0,E@3.4,5.3,75.7,0.0,185,"Mae, Grant County",330028,Mae,2017-12-12 05:31:33.454632
2016-05-31,18:30,73.4,72.8,55.6,53.7,0.0,E@3.2,3.9,75.9,0.0,127,"Mae, Grant County",330028,Mae,2017-12-12 05:31:33.454632
2016-05-31,18:45,71.9,71.3,54.8,54.8,0.0,E@3.2,3.9,76.1,0.0,115,"Mae, Grant County",330028,Mae,2017-12-12 05:31:33.454632
2016-05-31,19:00,71.0,70.5,55.5,57.8,0.0,E@1.3,3.1,76.3,0.0,61,"Mae, Grant County",330028,Mae,2017-12-12 05:31:33.454632
2016-05-31,19:15,70.8,70.0,53.4,54.1,0.0,N@0.0,0.0,76.5,0.0,36,"Mae, Grant County",330028,Mae,2017-12-12 05:31:33.454632
2016-05-31,19:30,68.4,67.8,52.9,57.6,0.0,E@1.4,2.8,76.7,0.0,22,"Mae, Grant County",330028,Mae,2017-12-12 05:31:33.454632
2016-05-31,19:45,67.7,67.2,51.3,55.7,0.0,E@2.2,2.4,76.9,0.0,11,"Mae, Grant County",330028,Mae,2017-12-12 05:31:33.454632
2016-05-31,20:00,67.4,66.9,52.3,58.4,0.0,SE@1.9,2.4,77.1,0.0,1,"Mae, Grant County",330028,Mae,2017-12-12 05:31:33.454632
2016-05-31,20:15,64.8,64.3,52.0,63.2,0.0,E@2.5,3.1,77.2,0.0,0,"Mae, Grant County",330028,Mae,2017-12-12 05:31:33.454632
2016-05-31,20:30,65.7,65.2,48.4,53.5,0.0,SE@3.1,3.9,77.3,0.0,0,"Mae, Grant County",330028,Mae,2017-12-12 05:31:33.454632
2016-05-31,20:45,65.5,64.9,48.7,54.6,0.0,E@3.1,3.9,77.4,0.0,0,"Mae, Grant County",330028,Mae,2017-12-12 05:31:33.454632
2016-05-31,21:00,65.2,64.8,46.5,50.7,0.0,SE@2.7,3.5,77.5,0.0,0,"Mae, Grant County",330028,Mae,2017-12-12 05:31:33.454632
2016-05-31,21:15,64.0,63.6,46.3,52.5,0.0,SE@3.5,4.2,77.6,0.0,0,"Mae, Grant County",330028,Mae,2017-12-12 05:31:33.454632
2016-05-31,21:30,64.7,64.3,41.7,43.0,0.0,SE@3.3,4.6,77.6,0.0,0,"Mae, Grant County",330028,Mae,2017-12-12 05:31:33.454632
2016-05-31,21:45,63.4,63.0,41.5,44.6,0.0,SE@3.1,3.9,77.7,0.0,0,"Mae, Grant County",330028,Mae,2017-12-12 05:31:33.454632
2016-05-31,22:00,63.2,62.8,40.8,43.8,0.0,SE@2.6,3.1,77.7,0.0,0,"Mae, Grant County",330028,Mae,2017-12-12 05:31:33.454632
2016-05-31,22:15,63.0,62.6,42.1,46.2,0.0,SE@1.9,2.8,77.7,0.0,0,"Mae, Grant County",330028,Mae,2017-12-12 05:31:33.454632
2016-05-31,22:30,62.7,62.2,43.9,50.1,0.0,SE@2.8,3.5,77.7,0.0,0,"Mae, Grant County",330028,Mae,2017-12-12 05:31:33.454632
2016-05-31,22:45,58.1,57.5,48.9,71.3,0.0,E@2.9,4.2,77.7,0.0,0,"Mae, Grant County",330028,Mae,2017-12-12 05:31:33.454632
2016-05-31,23:00,56.0,55.4,50.6,82.0,0.0,NE@0.7,2.8,77.7,0.0,0,"Mae, Grant County",330028,Mae,2017-12-12 05:31:33.454632
2016-06-01,23:15,57.4,57.0,47.3,68.8,0.0,E@2.6,4.2,77.6,0.0,0,"Mae, Grant County",330028,Mae,2017-12-12 05:31:33.454632
2016-06-01,23:30,56.3,55.8,48.3,74.3,0.0,NE@3.4,4.2,77.6,0.0,0,"Mae, Grant County",330028,Mae,2017-12-12 05:31:33.454632
2016-06-01,23:45,55.4,54.8,49.2,79.6,0.0,NE@0.5,3.1,77.5,0.0,0,"Mae, Grant County",330028,Mae,2017-12-12 05:31:33.454632
2016-06-01,24:00,55.9,55.5,48.6,76.3,0.0,N@0.0,0.0,77.4,0.0,0,"Mae, Grant County",330028,Mae,2017-12-12 05:31:33.454632
2016-06-01,00:15,56.0,55.4,48.8,76.7,0.0,N@0.0,0.0,77.3,0.0,0,"Mae, Grant County",330028,Mae,2017-12-12 05:31:33.454632
2016-06-01,00:30,55.7,55.2,48.8,77.4,0.0,E@1.4,3.9,77.3,0.0,0,"Mae, Grant County",330028,Mae,2017-12-12 05:31:33.454632
2016-06-01,00:45,53.2,52.6,48.7,84.7,0.0,NE@2.4,3.9,77.2,0.0,0,"Mae, Grant County",330028,Mae,2017-12-12 05:31:33.454632
2016-06-01,01:00,53.6,53.1,48.1,81.5,0.0,N@0.9,2.8,77.1,0.0,0,"Mae, Grant County",330028,Mae,2017-12-12 05:31:33.454632
2016-06-01,01:15,54.0,53.5,47.6,78.9,0.0,NE@3.3,4.2,77.0,0.0,0,"Mae, Grant County",330028,Mae,2017-12-12 05:31:33.454632
2016-06-01,01:30,52.7,52.2,47.7,83.0,0.0,NE@1.6,3.9,76.8,0.0,0,"Mae, Grant County",330028,Mae,2017-12-12 05:31:33.454632
2016-06-01,01:45,52.8,52.2,48.0,83.7,0.0,NE@2.7,3.5,76.7,0.0,0,"Mae, Grant County",330028,Mae,2017-12-12 05:31:33.454632
2016-06-01,02:00,52.6,52.1,47.7,83.4,0.0,NE@3.2,3.9,76.6,0.0,0,"Mae, Grant County",330028,Mae,2017-12-12 05:31:33.454632
2016-06-01,02:15,52.3,51.8,47.7,84.1,0.0,NE@2.4,3.1,76.5,0.0,0,"Mae, Grant County",330028,Mae,2017-12-12 05:31:33.454632
2016-06-01,02:30,52.0,51.5,47.6,84.7,0.0,E@1.8,2.4,76.4,0.0,0,"Mae, Grant County",330028,Mae,2017-12-12 05:31:33.454632
2016-06-01,02:45,52.0,51.5,46.7,82.1,0.0,E@0.5,2.1,76.2,0.0,0,"Mae, Grant County",330028,Mae,2017-12-12 05:31:33.454632
2016-06-01,03:00,52.4,51.9,46.0,78.7,0.0,NE@1.9,4.2,76.1,0.0,0,"Mae, Grant County",330028,Mae,2017-12-12 05:31:33.454632
2016-06-01,03:15,52.0,51.5,45.7,79.0,0.0,NE@3.4,4.9,76.0,0.0,0,"Mae, Grant County",330028,Mae,2017-12-12 05:31:33.454632
2016-06-01,03:30,51.9,51.4,45.8,79.6,0.0,NE@3.5,4.6,75.9,0.0,0,"Mae, Grant County",330028,Mae,2017-12-12 05:31:33.454632
2016-06-01,03:45,51.6,51.1,45.6,79.9,0.0,E@1.7,3.9,75.7,0.0,0,"Mae, Grant County",330028,Mae,2017-12-12 05:31:33.454632
2016-06-01,04:00,51.7,51.1,46.1,81.2,0.0,E@1.0,3.1,75.6,0.0,0,"Mae, Grant County",330028,Mae,2017-12-12 05:31:33.454632
2016-06-01,04:15,51.3,50.8,46.1,82.3,0.0,E@2.8,3.9,75.4,0.0,3,"Mae, Grant County",330028,Mae,2017-12-12 05:31:33.454632
2016-06-01,04:30,51.3,50.8,46.8,84.4,0.0,NE@2.8,3.5,75.3,0.0,12,"Mae, Grant County",330028,Mae,2017-12-12 05:31:33.454632
2016-06-01,04:45,51.6,51.1,46.9,84.0,0.0,NE@3.5,4.2,75.2,0.0,27,"Mae, Grant County",330028,Mae,2017-12-12 05:31:33.454632
2016-06-01,05:00,52.3,51.8,47.2,82.8,0.0,NE@3.1,4.2,75.0,0.0,42,"Mae, Grant County",330028,Mae,2017-12-12 05:31:33.454632
2016-06-01,05:15,52.9,52.4,47.6,82.1,0.0,N@2.7,3.9,74.9,0.0,60,"Mae, Grant County",330028,Mae,2017-12-12 05:31:33.454632
2016-06-01,05:30,53.1,52.7,48.1,82.9,0.0,NW@0.0,1.4,74.8,0.0,66,"Mae, Grant County",330028,Mae,2017-12-12 05:31:33.454632
2016-06-01,05:45,54.4,54.0,47.7,78.0,0.0,W@0.9,3.1,74.6,0.0,116,"Mae, Grant County",330028,Mae,2017-12-12 05:31:33.454632
2016-06-01,06:00,57.1,56.8,46.8,68.5,0.0,NE@0.1,1.7,74.5,0.0,155,"Mae, Grant County",330028,Mae,2017-12-12 05:31:33.454632
2016-06-01,06:15,58.8,58.5,46.6,63.7,0.0,E@0.1,1.7,74.3,0.0,170,"Mae, Grant County",330028,Mae,2017-12-12 05:31:33.454632
2016-06-01,06:30,59.9,59.4,47.8,64.2,0.0,NE@0.7,2.1,74.2,0.0,240,"Mae, Grant County",330028,Mae,2017-12-12 05:31:33.454632
2016-06-01,06:45,61.0,60.4,49.7,66.3,0.0,NE@0.0,1.4,74.1,0.0,306,"Mae, Grant County",330028,Mae,2017-12-12 05:31:33.454632
2016-06-01,07:00,61.3,60.8,49.2,64.4,0.0,E@3.2,5.7,73.9,0.0,240,"Mae, Grant County",330028,Mae,2017-12-12 05:31:33.454632
2016-06-01,07:15,61.2,60.6,50.2,67.1,0.0,N@2.4,3.5,73.8,0.0,166,"Mae, Grant County",330028,Mae,2017-12-12 05:31:33.454632
2016-06-01,07:30,62.2,61.5,50.2,64.7,0.0,NE@2.2,3.1,73.7,0.0,343,"Mae, Grant County",330028,Mae,2017-12-12 05:31:33.454632
2016-06-01,07:45,65.5,64.6,49.7,56.7,0.0,NE@3.4,6.7,73.6,0.0,538,"Mae, Grant County",330028,Mae,2017-12-12 05:31:33.454632
2016-06-01,08:00,66.9,66.2,50.8,56.2,0.0,E@4.1,6.4,73.5,0.0,590,"Mae, Grant County",330028,Mae,2017-12-12 05:31:33.454632
2016-06-01,08:15,67.1,66.3,50.1,54.3,0.0,NE@2.9,5.3,73.4,0.0,469,"Mae, Grant County",330028,Mae,2017-12-12 05:31:33.454632
2016-06-01,08:30,69.9,69.3,51.2,51.3,0.0,E@4.5,6.4,73.2,0.0,681,"Mae, Grant County",330028,Mae,2017-12-12 05:31:33.454632
2016-06-01,08:45,71.8,71.3,51.0,47.8,0.0,E@4.0,6.0,73.1,0.0,718,"Mae, Grant County",330028,Mae,2017-12-12 05:31:33.454632
2016-06-01,09:00,73.2,72.8,50.9,45.4,0.0,NW@4.1,6.4,73.1,0.0,676,"Mae, Grant County",330028,Mae,2017-12-12 05:31:33.454632
2016-06-01,09:15,75.4,75.1,48.1,38.1,0.0,W@4.9,8.9,73.0,0.0,729,"Mae, Grant County",330028,Mae,2017-12-12 05:31:33.454632
2016-06-01,09:30,76.0,75.7,49.4,39.1,0.0,W@6.0,10.7,72.9,0.0,703,"Mae, Grant County",330028,Mae,2017-12-12 05:31:33.454632
2016-06-01,09:45,76.1,75.8,50.6,40.7,0.0,W@5.1,7.4,72.9,0.0,758,"Mae, Grant County",330028,Mae,2017-12-12 05:31:33.454632
2016-06-01,10:00,76.6,76.3,49.1,38.0,0.0,W@5.6,10.7,72.8,0.0,847,"Mae, Grant County",330028,Mae,2017-12-12 05:31:33.454632
2016-06-01,10:15,78.4,78.0,47.4,33.5,0.0,W@5.8,9.9,72.8,0.0,868,"Mae, Grant County",330028,Mae,2017-12-12 05:31:33.454632
2016-06-01,10:30,78.5,78.2,47.4,33.4,0.0,W@5.1,8.9,72.7,0.0,858,"Mae, Grant County",330028,Mae,2017-12-12 05:31:33.454632
2016-06-01,10:45,78.7,78.5,47.1,32.8,0.0,W@5.1,8.5,72.7,0.0,793,"Mae, Grant County",330028,Mae,2017-12-12 05:31:33.454632
2016-06-01,11:00,79.8,79.5,46.6,31.0,0.0,W@5.9,9.9,72.7,0.0,839,"Mae, Grant County",330028,Mae,2017-12-12 05:31:33.454632
2016-06-01,11:15,80.6,80.3,47.7,31.6,0.0,W@6.1,10.3,72.7,0.0,882,"Mae, Grant County",330028,Mae,2017-12-12 05:31:33.454632
2016-06-01,11:30,81.5,81.3,45.6,28.3,0.0,W@6.8,12.1,72.8,0.0,866,"Mae, Grant County",330028,Mae,2017-12-12 05:31:33.454632
2016-06-01,11:45,81.0,80.8,46.0,29.2,0.0,W@6.9,10.3,72.8,0.0,745,"Mae, Grant County",330028,Mae,2017-12-12 05:31:33.454632
2016-06-01,12:00,81.0,80.8,43.1,26.2,0.0,W@4.6,10.3,72.9,0.0,598,"Mae, Grant County",330028,Mae,2017-12-12 05:31:33.454632
2016-06-01,12:15,82.1,82.0,45.8,28.0,0.0,W@4.2,8.5,73.0,0.0,767,"Mae, Grant County",330028,Mae,2017-12-12 05:31:33.454632
2016-06-01,12:30,82.3,82.0,41.7,23.7,0.0,W@6.9,12.1,73.0,0.0,682,"Mae, Grant County",330028,Mae,2017-12-12 05:31:33.454632
2016-06-01,12:45,82.5,82.2,38.3,20.7,0.0,SW@5.7,12.8,73.1,0.0,672,"Mae, Grant County",330028,Mae,2017-12-12 05:31:33.454632
2016-06-01,13:00,83.5,83.2,37.7,19.6,0.0,SW@6.6,12.4,73.3,0.0,721,"Mae, Grant County",330028,Mae,2017-12-12 05:31:33.454632
2016-06-01,13:15,83.0,82.8,39.6,21.4,0.0,W@7.5,12.4,73.4,0.0,627,"Mae, Grant County",330028,Mae,2017-12-12 05:31:33.454632
2016-06-01,13:30,83.6,83.4,40.6,21.9,0.0,SW@7.1,10.7,73.5,0.0,637,"Mae, Grant County",330028,Mae,2017-12-12 05:31:33.454632
2016-06-01,13:45,84.3,84.0,38.1,19.4,0.0,SW@5.2,8.9,73.7,0.0,706,"Mae, Grant County",330028,Mae,2017-12-12 05:31:33.454632
2016-06-01,14:00,85.3,85.0,38.5,19.1,0.0,S@6.1,12.1,73.8,0.0,790,"Mae, Grant County",330028,Mae,2017-12-12 05:31:33.454632
2016-06-01,14:15,85.7,85.4,38.2,18.6,0.0,S@6.8,12.4,74.0,0.0,815,"Mae, Grant County",330028,Mae,2017-12-12 05:31:33.454632
2016-06-01,14:30,85.3,85.0,37.4,18.2,0.0,SW@5.4,11.7,74.2,0.0,675,"Mae, Grant County",330028,Mae,2017-12-12 05:31:33.454632
2016-06-01,14:45,85.6,85.4,38.2,18.7,0.0,S@5.3,12.1,74.3,0.0,848,"Mae, Grant County",330028,Mae,2017-12-12 05:31:33.454632
2016-06-01,15:00,86.6,86.4,40.0,19.4,0.0,SW@6.2,12.1,74.5,0.0,749,"Mae, Grant County",330028,Mae,2017-12-12 05:31:33.454632
2016-06-01,15:15,86.5,86.2,39.6,19.1,0.0,SW@6.9,11.0,74.7,0.0,722,"Mae, Grant County",330028,Mae,2017-12-12 05:31:33.454632
2016-06-01,15:30,85.5,85.2,39.8,19.9,0.0,SW@6.9,11.7,74.9,0.0,572,"Mae, Grant County",330028,Mae,2017-12-12 05:31:33.454632
2016-06-01,15:45,84.2,84.0,43.7,24.1,0.0,W@5.8,9.9,75.1,0.0,511,"Mae, Grant County",330028,Mae,2017-12-12 05:31:33.454632
2016-06-01,16:00,85.1,85.0,41.3,21.4,0.0,W@4.8,7.8,75.3,0.0,521,"Mae, Grant County",330028,Mae,2017-12-12 05:31:33.454632
2016-06-01,16:15,85.5,85.4,39.8,19.9,0.0,SW@4.8,8.5,75.5,0.0,453,"Mae, Grant County",330028,Mae,2017-12-12 05:31:33.454632
2016-06-01,16:30,85.3,85.2,37.7,18.4,0.0,SW@6.1,10.3,75.7,0.0,354,"Mae, Grant County",330028,Mae,2017-12-12 05:31:33.454632
2016-06-01,16:45,84.3,84.1,41.0,21.7,0.0,W@5.1,7.8,75.9,0.0,287,"Mae, Grant County",330028,Mae,2017-12-12 05:31:33.454632
2016-06-01,17:00,83.6,83.4,39.8,21.2,0.0,SW@5.1,8.9,76.1,0.0,176,"Mae, Grant County",330028,Mae,2017-12-12 05:31:33.454632
2016-06-01,17:15,82.8,82.7,42.7,24.3,0.0,S@5.4,8.5,76.3,0.0,157,"Mae, Grant County",330028,Mae,2017-12-12 05:31:33.454632
2016-06-01,17:30,82.4,82.2,41.9,23.9,0.0,S@5.1,7.4,76.5,0.0,137,"Mae, Grant County",330028,Mae,2017-12-12 05:31:33.454632
2016-06-01,17:45,82.2,82.0,42.0,24.1,0.0,S@4.1,7.1,76.7,0.0,118,"Mae, Grant County",330028,Mae,2017-12-12 05:31:33.454632
2016-06-01,18:00,81.3,81.2,43.9,26.7,0.0,S@4.2,6.0,76.9,0.0,94,"Mae, Grant County",330028,Mae,2017-12-12 05:31:33.454632
2016-06-01,18:15,81.3,81.1,43.0,25.9,0.0,S@4.2,5.7,77.1,0.0,86,"Mae, Grant County",330028,Mae,2017-12-12 05:31:33.454632
2016-06-01,18:30,80.4,80.2,44.5,28.2,0.0,SW@4.3,6.4,77.2,0.0,55,"Mae, Grant County",330028,Mae,2017-12-12 05:31:33.454632
2016-06-01,18:45,79.0,78.8,47.0,32.5,0.0,SW@4.7,6.4,77.4,0.0,47,"Mae, Grant County",330028,Mae,2017-12-12 05:31:33.454632
2016-06-01,19:00,75.4,75.2,51.3,42.8,0.0,W@5.1,8.9,77.6,0.0,33,"Mae, Grant County",330028,Mae,2017-12-12 05:31:33.454632
2016-06-01,19:15,71.0,70.7,53.3,53.5,0.0,NW@4.7,6.4,77.7,0.0,18,"Mae, Grant County",330028,Mae,2017-12-12 05:31:33.454632
2016-06-01,19:30,70.1,69.8,52.7,54.0,0.0,W@4.3,6.0,77.9,0.0,8,"Mae, Grant County",330028,Mae,2017-12-12 05:31:33.454632
2016-06-01,19:45,69.2,68.9,53.2,56.7,0.0,W@3.8,4.9,78.0,0.0,3,"Mae, Grant County",330028,Mae,2017-12-12 05:31:33.454632
2016-06-01,20:00,67.4,67.1,54.4,63.0,0.0,W@3.7,4.6,78.1,0.0,0,"Mae, Grant County",330028,Mae,2017-12-12 05:31:33.454632
2016-06-01,20:15,66.9,66.6,53.7,62.5,0.0,W@2.1,3.5,78.2,0.0,0,"Mae, Grant County",330028,Mae,2017-12-12 05:31:33.454632
2016-06-01,20:30,67.5,67.2,52.3,58.1,0.0,NW@2.8,3.5,78.3,0.0,0,"Mae, Grant County",330028,Mae,2017-12-12 05:31:33.454632
2016-06-01,20:45,67.0,66.6,51.4,57.2,0.0,W@3.5,4.9,78.3,0.0,0,"Mae, Grant County",330028,Mae,2017-12-12 05:31:33.454632
2016-06-01,21:00,67.0,66.7,50.4,55.2,0.0,W@4.3,6.4,78.4,0.0,0,"Mae, Grant County",330028,Mae,2017-12-12 05:31:33.454632
2016-06-01,21:15,66.0,65.7,50.6,57.4,0.0,W@3.1,5.3,78.4,0.0,0,"Mae, Grant County",330028,Mae,2017-12-12 05:31:33.454632
2016-06-01,21:30,67.4,67.1,48.6,50.9,0.0,W@3.4,4.9,78.4,0.0,0,"Mae, Grant County",330028,Mae,2017-12-12 05:31:33.454632
2016-06-01,21:45,65.1,64.8,51.2,60.5,0.0,W@2.6,3.1,78.5,0.0,0,"Mae, Grant County",330028,Mae,2017-12-12 05:31:33.454632
2016-06-01,22:00,65.1,64.7,50.8,59.9,0.0,W@3.6,4.9,78.5,0.0,0,"Mae, Grant County",330028,Mae,2017-12-12 05:31:33.454632
2016-06-01,22:15,63.4,63.0,52.3,67.1,0.0,W@3.2,3.9,78.5,0.0,0,"Mae, Grant County",330028,Mae,2017-12-12 05:31:33.454632
2016-06-01,22:30,64.2,63.8,51.8,64.1,0.0,W@2.4,3.1,78.4,0.0,0,"Mae, Grant County",330028,Mae,2017-12-12 05:31:33.454632
2016-06-01,22:45,65.8,65.6,48.7,53.9,0.0,SW@3.7,6.4,78.4,0.0,0,"Mae, Grant County",330028,Mae,2017-12-12 05:31:33.454632
2016-06-01,23:00,66.9,66.6,47.7,50.1,0.0,SW@5.8,8.2,78.4,0.0,0,"Mae, Grant County",330028,Mae,2017-12-12 05:31:33.454632
2016-06-02,23:15,67.2,66.9,48.0,50.0,0.0,W@5.4,8.9,78.4,0.0,0,"Mae, Grant County",330028,Mae,2017-12-12 05:31:33.454632
2016-06-02,23:30,65.6,65.3,48.3,53.4,0.0,W@5.6,8.5,78.3,0.0,0,"Mae, Grant County",330028,Mae,2017-12-12 05:31:33.454632
2016-06-02,23:45,64.9,64.5,49.1,56.5,0.0,W@4.6,6.7,78.3,0.0,0,"Mae, Grant County",330028,Mae,2017-12-12 05:31:33.454632
2016-06-02,24:00,65.0,64.7,48.9,56.0,0.0,W@6.6,11.0,78.2,0.0,0,"Mae, Grant County",330028,Mae,2017-12-12 05:31:33.454632
2016-06-02,00:15,65.4,65.1,48.9,55.3,0.0,W@5.8,8.5,78.1,0.0,0,"Mae, Grant County",330028,Mae,2017-12-12 05:31:33.454632
2016-06-02,00:30,67.4,67.1,47.3,48.4,0.0,SW@6.7,10.3,78.1,0.0,0,"Mae, Grant County",330028,Mae,2017-12-12 05:31:33.454632
2016-06-02,00:45,67.0,66.7,47.6,49.7,0.0,SW@7.0,12.1,78.0,0.0,0,"Mae, Grant County",330028,Mae,2017-12-12 05:31:33.454632
2016-06-02,01:00,67.7,67.4,46.9,47.2,0.0,SW@10.3,15.0,77.9,0.0,0,"Mae, Grant County",330028,Mae,2017-12-12 05:31:33.454632
2016-06-02,01:15,67.1,66.8,47.1,48.7,0.0,SW@8.5,15.3,77.8,0.0,0,"Mae, Grant County",330028,Mae,2017-12-12 05:31:33.454632
2016-06-02,01:30,66.3,66.0,47.6,50.8,0.0,W@7.6,11.7,77.8,0.0,0,"Mae, Grant County",330028,Mae,2017-12-12 05:31:33.454632
2016-06-02,01:45,65.9,65.6,47.9,52.2,0.0,SW@7.5,11.0,77.7,0.0,0,"Mae, Grant County",330028,Mae,2017-12-12 05:31:33.454632
2016-06-02,02:00,65.2,64.9,47.8,53.2,0.0,W@7.3,11.7,77.6,0.0,0,"Mae, Grant County",330028,Mae,2017-12-12 05:31:33.454632
2016-06-02,02:15,65.0,64.7,48.1,54.2,0.0,W@7.4,10.7,77.5,0.0,0,"Mae, Grant County",330028,Mae,2017-12-12 05:31:33.454632
2016-06-02,02:30,64.4,64.1,48.8,56.8,0.0,W@7.2,11.0,77.4,0.0,0,"Mae, Grant County",330028,Mae,2017-12-12 05:31:33.454632
2016-06-02,02:45,64.8,64.5,48.5,55.5,0.0,SW@7.4,10.7,77.3,0.0,0,"Mae, Grant County",330028,Mae,2017-12-12 05:31:33.454632
2016-06-02,03:00,65.0,64.7,48.0,54.1,0.0,W@7.2,11.7,77.2,0.0,0,"Mae, Grant County",330028,Mae,2017-12-12 05:31:33.454632
2016-06-02,03:15,65.0,64.7,48.1,54.3,0.0,W@7.5,11.4,77.1,0.0,0,"Mae, Grant County",330028,Mae,2017-12-12 05:31:33.454632
2016-06-02,03:30,64.4,64.2,48.2,55.5,0.0,W@8.0,11.4,77.0,0.0,0,"Mae, Grant County",330028,Mae,2017-12-12 05:31:33.454632
2016-06-02,03:45,64.9,64.6,48.0,54.3,0.0,W@6.9,9.6,76.9,0.0,0,"Mae, Grant County",330028,Mae,2017-12-12 05:31:33.454632
2016-06-02,04:00,64.2,63.9,48.7,56.9,0.0,W@5.4,8.2,76.8,0.0,0,"Mae, Grant County",330028,Mae,2017-12-12 05:31:33.454632
2016-06-02,04:15,64.3,64.0,48.2,55.8,0.0,SW@6.2,8.5,76.7,0.0,1,"Mae, Grant County",330028,Mae,2017-12-12 05:31:33.454632
2016-06-02,04:30,63.6,63.3,48.7,58.2,0.0,SW@6.9,9.6,76.6,0.0,6,"Mae, Grant County",330028,Mae,2017-12-12 05:31:33.454632
2016-06-02,04:45,62.7,62.4,49.7,62.4,0.0,SW@5.6,7.8,76.5,0.0,14,"Mae, Grant County",330028,Mae,2017-12-12 05:31:33.454632
2016-06-02,05:00,62.5,62.1,50.5,64.6,0.0,SW@5.2,7.4,76.4,0.0,38,"Mae, Grant County",330028,Mae,2017-12-12 05:31:33.454632
2016-06-02,05:15,62.5,62.1,51.3,66.7,0.0,S@6.0,9.9,76.3,0.0,62,"Mae, Grant County",330028,Mae,2017-12-12 05:31:33.454632
2016-06-02,05:30,62.6,62.3,51.9,67.8,0.03,S@7.8,10.3,76.2,0.0,74,"Mae, Grant County",330028,Mae,2017-12-12 05:31:33.454632
2016-06-02,05:45,62.9,62.6,51.9,67.2,0.0,SW@7.2,9.9,76.1,0.0,103,"Mae, Grant County",330028,Mae,2017-12-12 05:31:33.454632
2016-06-02,06:00,63.3,63.0,52.2,67.0,0.0,S@6.5,10.3,76.0,0.0,116,"Mae, Grant County",330028,Mae,2017-12-12 05:31:33.454632
2016-06-02,06:15,63.7,63.3,52.4,66.5,0.0,S@6.7,9.2,75.9,0.0,131,"Mae, Grant County",330028,Mae,2017-12-12 05:31:33.454632
2016-06-02,06:30,64.1,63.7,51.8,64.3,0.0,SW@7.5,11.4,75.8,0.0,97,"Mae, Grant County",330028,Mae,2017-12-12 05:31:33.454632
2016-06-02,06:45,65.0,64.6,50.9,60.1,0.0,SW@8.6,13.5,75.7,0.0,150,"Mae, Grant County",330028,Mae,2017-12-12 05:31:33.454632
2016-06-02,07:00,66.1,65.7,49.6,55.2,0.0,SW@9.9,13.2,75.6,0.0,179,"Mae, Grant County",330028,Mae,2017-12-12 05:31:33.454632
2016-06-02,07:15,66.2,65.8,50.0,55.9,0.0,SW@10.0,13.9,75.5,0.0,175,"Mae, Grant County",330028,Mae,2017-12-12 05:31:33.454632
2016-06-02,07:30,66.3,66.0,49.6,54.9,0.0,SW@9.5,16.0,75.4,0.0,192,"Mae, Grant County",330028,Mae,2017-12-12 05:31:33.454632
2016-06-02,07:45,66.6,66.2,49.4,53.9,0.0,SW@9.9,15.3,75.3,0.0,240,"Mae, Grant County",330028,Mae,2017-12-12 05:31:33.454632
2016-06-02,08:00,67.6,67.2,49.6,52.4,0.0,SW@10.5,16.0,75.2,0.0,283,"Mae, Grant County",330028,Mae,2017-12-12 05:31:33.454632
2016-06-02,08:15,68.3,67.9,48.9,49.8,0.0,SW@11.2,16.0,75.1,0.0,331,"Mae, Grant County",330028,Mae,2017-12-12 05:31:33.454632
2016-06-02,08:30,68.5,68.1,48.7,49.2,0.0,SW@12.0,16.7,75.0,0.0,351,"Mae, Grant County",330028,Mae,2017-12-12 05:31:33.454632
2016-06-02,08:45,69.4,68.9,48.4,47.2,0.0,SW@12.2,16.7,75.0,0.0,458,"Mae, Grant County",330028,Mae,2017-12-12 05:31:33.454632
2016-06-02,09:00,69.4,69.0,48.2,46.7,0.0,SW@12.1,17.1,74.9,0.0,438,"Mae, Grant County",330028,Mae,2017-12-12 05:31:33.454632
2016-06-02,09:15,70.2,69.7,48.1,45.3,0.0,SW@12.4,18.2,74.8,0.0,507,"Mae, Grant County",330028,Mae,2017-12-12 05:31:33.454632
2016-06-02,09:30,70.1,69.7,47.7,44.8,0.0,SW@12.8,18.5,74.8,0.0,475,"Mae, Grant County",330028,Mae,2017-12-12 05:31:33.454632
2016-06-02,09:45,70.9,70.5,47.7,43.6,0.0,SW@12.9,18.2,74.7,0.0,613,"Mae, Grant County",330028,Mae,2017-12-12 05:31:33.454632
2016-06-02,10:00,70.9,70.4,47.0,42.4,0.0,SW@12.4,16.4,74.6,0.0,538,"Mae, Grant County",330028,Mae,2017-12-12 05:31:33.454632
2016-06-02,10:15,71.2,70.7,46.6,41.5,0.0,SW@11.7,16.4,74.6,0.0,625,"Mae, Grant County",330028,Mae,2017-12-12 05:31:33.454632
2016-06-02,10:30,71.4,71.0,46.5,40.9,0.0,SW@11.7,16.7,74.5,0.0,620,"Mae, Grant County",330028,Mae,2017-12-12 05:31:33.454632
2016-06-02,10:45,71.8,71.4,46.7,40.7,0.0,SW@11.3,16.4,74.5,0.0,516,"Mae, Grant County",330028,Mae,2017-12-12 05:31:33.454632
2016-06-02,11:00,72.5,72.1,47.5,41.0,0.0,SW@11.4,17.5,74.5,0.0,640,"Mae, Grant County",330028,Mae,2017-12-12 05:31:33.454632
2016-06-02,11:15,74.1,73.7,46.2,37.1,0.0,SW@12.7,18.2,74.5,0.0,810,"Mae, Grant County",330028,Mae,2017-12-12 05:31:33.454632
2016-06-02,11:30,74.5,74.2,46.9,37.5,0.0,SW@12.3,17.8,74.4,0.0,884,"Mae, Grant County",330028,Mae,2017-12-12 05:31:33.454632
2016-06-02,11:45,74.0,73.5,47.8,39.5,0.0,W@12.0,18.5,74.4,0.0,688,"Mae, Grant County",330028,Mae,2017-12-12 05:31:33.454632
2016-06-02,12:00,74.1,73.7,48.3,40.0,0.0,W@12.2,18.5,74.4,0.0,869,"Mae, Grant County",330028,Mae,2017-12-12 05:31:33.454632
2016-06-02,12:15,74.1,73.6,48.6,40.6,0.0,W@14.0,19.2,74.4,0.0,764,"Mae, Grant County",330028,Mae,2017-12-12 05:31:33.454632
2016-06-02,12:30,73.8,73.4,48.3,40.5,0.0,W@15.1,22.1,74.4,0.0,822,"Mae, Grant County",330028,Mae,2017-12-12 05:31:33.454632
2016-06-02,12:45,75.3,74.9,48.6,38.9,0.0,W@13.9,20.3,74.5,0.0,905,"Mae, Grant County",330028,Mae,2017-12-12 05:31:33.454632
2016-06-02,13:00,75.1,74.7,47.0,36.9,0.0,W@13.8,20.7,74.5,0.0,734,"Mae, Grant County",330028,Mae,2017-12-12 05:31:33.454632
2016-06-02,13:15,76.0,75.6,46.3,34.9,0.0,W@12.4,19.2,74.5,0.0,845,"Mae, Grant County",330028,Mae,2017-12-12 05:31:33.454632
2016-06-02,13:30,75.7,75.3,45.4,34.0,0.0,W@12.7,20.3,74.6,0.0,651,"Mae, Grant County",330028,Mae,2017-12-12 05:31:33.454632
2016-06-02,13:45,75.4,75.0,45.6,34.6,0.0,W@12.9,18.2,74.6,0.0,635,"Mae, Grant County",330028,Mae,2017-12-12 05:31:33.454632
2016-06-02,14:00,74.6,74.1,47.4,38.1,0.0,W@13.3,19.2,74.7,0.0,717,"Mae, Grant County",330028,Mae,2017-12-12 05:31:33.454632
2016-06-02,14:15,75.3,74.8,46.2,35.5,0.0,W@14.2,19.6,74.8,0.0,774,"Mae, Grant County",330028,Mae,2017-12-12 05:31:33.454632
2016-06-02,14:30,76.2,75.7,47.1,35.7,0.0,W@14.0,21.0,74.8,0.0,838,"Mae, Grant County",330028,Mae,2017-12-12 05:31:33.454632
2016-06-02,14:45,75.9,75.4,47.5,36.7,0.0,W@13.0,19.6,74.9,0.0,747,"Mae, Grant County",330028,Mae,2017-12-12 05:31:33.454632
2016-06-02,15:00,75.7,75.3,47.8,37.2,0.0,W@13.7,19.2,75.0,0.0,757,"Mae, Grant County",330028,Mae,2017-12-12 05:31:33.454632
2016-06-02,15:15,76.1,75.7,48.1,37.1,0.0,W@12.1,17.1,75.1,0.0,704,"Mae, Grant County",330028,Mae,2017-12-12 05:31:33.454632
2016-06-02,15:30,76.0,75.5,47.8,37.0,0.0,W@11.7,17.8,75.2,0.0,588,"Mae, Grant County",330028,Mae,2017-12-12 05:31:33.454632
2016-06-02,15:45,76.3,75.9,47.6,36.3,0.0,W@11.2,15.7,75.4,0.0,638,"Mae, Grant County",330028,Mae,2017-12-12 05:31:33.454632
2016-06-02,16:00,75.6,75.1,46.9,36.1,0.0,W@11.5,16.7,75.5,0.0,615,"Mae, Grant County",330028,Mae,2017-12-12 05:31:33.454632
2016-06-02,16:15,76.6,76.1,45.8,33.5,0.0,W@11.0,17.1,75.6,0.0,592,"Mae, Grant County",330028,Mae,2017-12-12 05:31:33.454632
2016-06-02,16:30,76.3,75.9,45.0,32.9,0.0,W@11.7,17.5,75.7,0.0,477,"Mae, Grant County",330028,Mae,2017-12-12 05:31:33.454632
2016-06-02,16:45,75.5,75.1,45.6,34.4,0.0,W@12.3,18.2,75.8,0.0,467,"Mae, Grant County",330028,Mae,2017-12-12 05:31:33.454632
2016-06-02,17:00,75.3,74.9,44.4,33.2,0.0,W@13.5,20.0,76.0,0.0,442,"Mae, Grant County",330028,Mae,2017-12-12 05:31:33.454632
2016-06-02,17:15,74.1,73.6,44.7,35.0,0.0,W@12.8,18.9,76.1,0.0,302,"Mae, Grant County",330028,Mae,2017-12-12 05:31:33.454632
2016-06-02,17:30,73.5,73.2,43.6,34.2,0.0,W@12.9,18.2,76.2,0.0,228,"Mae, Grant County",330028,Mae,2017-12-12 05:31:33.454632
2016-06-02,17:45,72.7,72.4,43.8,35.5,0.0,W@11.1,17.8,76.4,0.0,147,"Mae, Grant County",330028,Mae,2017-12-12 05:31:33.454632
2016-06-02,18:00,70.9,70.6,45.8,40.7,0.0,W@10.0,16.0,76.5,0.0,114,"Mae, Grant County",330028,Mae,2017-12-12 05:31:33.454632
2016-06-02,18:15,70.2,70.0,46.1,42.0,0.0,W@9.7,14.6,76.6,0.0,86,"Mae, Grant County",330028,Mae,2017-12-12 05:31:33.454632
2016-06-02,18:30,70.7,70.5,44.9,39.5,0.0,W@8.6,12.8,76.7,0.0,57,"Mae, Grant County",330028,Mae,2017-12-12 05:31:33.454632
2016-06-02,18:45,68.8,68.6,46.4,44.5,0.0,W@5.7,8.9,76.8,0.0,46,"Mae, Grant County",330028,Mae,2017-12-12 05:31:33.454632
2016-06-02,19:00,68.5,68.2,45.7,43.9,0.0,W@4.3,6.7,76.9,0.0,37,"Mae, Grant County",330028,Mae,2017-12-12 05:31:33.454632
2016-06-02,19:15,68.7,68.4,45.2,42.8,0.0,SW@4.3,7.1,77.0,0.0,19,"Mae, Grant County",330028,Mae,2017-12-12 05:31:33.454632
2016-06-02,19:30,65.6,65.3,47.2,51.3,0.0,W@5.7,9.2,77.1,0.0,17,"Mae, Grant County",330028,Mae,2017-12-12 05:31:33.454632
2016-06-02,19:45,64.8,64.5,46.5,51.6,0.0,W@7.9,12.1,77.2,0.0,5,"Mae, Grant County",330028,Mae,2017-12-12 05:31:33.454632
2016-06-02,20:00,64.1,63.8,46.2,52.1,0.0,W@7.3,11.4,77.3,0.0,0,"Mae, Grant County",330028,Mae,2017-12-12 05:31:33.454632
2016-06-02,20:15,63.6,63.4,45.5,51.6,0.0,W@8.7,13.2,77.3,0.0,0,"Mae, Grant County",330028,Mae,2017-12-12 05:31:33.454632
2016-06-02,20:30,63.3,63.1,45.2,51.4,0.0,W@7.9,12.4,77.3,0.0,0,"Mae, Grant County",330028,Mae,2017-12-12 05:31:33.454632
2016-06-02,20:45,63.0,62.7,44.9,51.6,0.0,W@7.5,12.4,77.4,0.0,0,"Mae, Grant County",330028,Mae,2017-12-12 05:31:33.454632
2016-06-02,21:00,62.7,62.4,44.3,50.8,0.0,W@8.7,12.8,77.4,0.0,0,"Mae, Grant County",330028,Mae,2017-12-12 05:31:33.454632
2016-06-02,21:15,62.5,62.2,43.5,49.6,0.0,NW@8.9,13.9,77.4,0.0,0,"Mae, Grant County",330028,Mae,2017-12-12 05:31:33.454632
2016-06-02,21:30,62.7,62.4,42.9,48.3,0.0,W@6.0,8.9,77.4,0.0,0,"Mae, Grant County",330028,Mae,2017-12-12 05:31:33.454632
2016-06-02,21:45,62.9,62.6,42.0,46.2,0.0,SW@6.0,10.7,77.4,0.0,0,"Mae, Grant County",330028,Mae,2017-12-12 05:31:33.454632
2016-06-02,22:00,63.5,63.2,41.4,44.3,0.0,W@7.0,10.7,77.4,0.0,0,"Mae, Grant County",330028,Mae,2017-12-12 05:31:33.454632
2016-06-02,22:15,61.3,60.9,43.5,51.9,0.0,W@8.3,10.7,77.4,0.0,0,"Mae, Grant County",330028,Mae,2017-12-12 05:31:33.454632
2016-06-02,22:30,60.9,60.6,43.8,53.1,0.0,W@7.7,11.4,77.4,0.0,0,"Mae, Grant County",330028,Mae,2017-12-12 05:31:33.454632
2016-06-02,22:45,60.8,60.5,43.9,53.6,0.0,W@6.1,8.9,77.3,0.0,0,"Mae, Grant County",330028,Mae,2017-12-12 05:31:33.454632
2016-06-02,23:00,63.1,62.8,40.4,43.3,0.0,SW@8.6,16.0,77.3,0.0,0,"Mae, Grant County",330028,Mae,2017-12-12 05:31:33.454632
2016-06-03,23:15,64.1,63.8,39.9,40.9,0.05,SW@10.2,17.5,77.3,0.0,0,"Mae, Grant County",330028,Mae,2017-12-12 05:31:33.454632
2016-06-03,23:30,61.4,61.1,43.5,51.6,0.24,W@7.6,11.7,77.2,0.0,0,"Mae, Grant County",330028,Mae,2017-12-12 05:31:33.454632
2016-06-03,23:45,61.3,61.0,43.7,52.3,0.19,W@7.0,11.0,77.2,0.0,0,"Mae, Grant County",330028,Mae,2017-12-12 05:31:33.454632
2016-06-03,24:00,60.1,59.8,45.0,57.2,0.12,W@6.7,10.3,77.1,0.0,0,"Mae, Grant County",330028,Mae,2017-12-12 05:31:33.454632
2016-06-03,00:15,59.7,59.4,45.4,59.0,0.13,W@4.5,6.4,77.0,0.0,0,"Mae, Grant County",330028,Mae,2017-12-12 05:31:33.454632
2016-06-03,00:30,59.2,58.8,45.8,61.1,0.0,W@4.3,5.7,76.9,0.0,0,"Mae, Grant County",330028,Mae,2017-12-12 05:31:33.454632
2016-06-03,00:45,58.6,58.3,46.3,63.6,0.0,W@4.8,6.7,76.9,0.0,0,"Mae, Grant County",330028,Mae,2017-12-12 05:31:33.454632
2016-06-03,01:00,59.9,59.5,44.1,55.8,0.0,W@4.8,7.1,76.8,0.0,0,"Mae, Grant County",330028,Mae,2017-12-12 05:31:33.454632
2016-06-03,01:15,59.3,59.0,44.5,57.7,0.0,W@5.3,8.2,76.7,0.0,0,"Mae, Grant County",330028,Mae,2017-12-12 05:31:33.454632
2016-06-03,01:30,58.8,58.5,45.4,61.0,0.0,W@5.4,6.7,76.6,0.0,0,"Mae, Grant County",330028,Mae,2017-12-12 05:31:33.454632
2016-06-03,01:45,58.7,58.3,45.6,61.7,0.0,W@5.8,8.2,76.5,0.0,0,"Mae, Grant County",330028,Mae,2017-12-12 05:31:33.454632
2016-06-03,02:00,58.4,58.0,45.2,61.5,0.0,W@5.0,7.1,76.4,0.0,0,"Mae, Grant County",330028,Mae,2017-12-12 05:31:33.454632
2016-06-03,02:15,59.4,59.1,43.5,55.6,0.0,SW@4.4,6.4,76.3,0.0,0,"Mae, Grant County",330028,Mae,2017-12-12 05:31:33.454632
2016-06-03,02:30,58.1,57.7,43.3,57.8,0.0,SW@4.5,6.4,76.2,0.0,0,"Mae, Grant County",330028,Mae,2017-12-12 05:31:33.454632
2016-06-03,02:45,56.6,56.2,44.6,64.0,0.0,W@2.9,5.7,76.1,0.0,0,"Mae, Grant County",330028,Mae,2017-12-12 05:31:33.454632
2016-06-03,03:00,55.8,55.3,45.2,67.6,0.0,W@3.9,6.0,76.0,0.0,0,"Mae, Grant County",330028,Mae,2017-12-12 05:31:33.454632
2016-06-03,03:15,55.2,54.8,44.7,67.6,0.0,SW@3.6,4.9,75.9,0.0,0,"Mae, Grant County",330028,Mae,2017-12-12 05:31:33.454632
2016-06-03,03:30,54.7,54.3,45.2,70.1,0.0,W@3.0,4.2,75.8,0.0,0,"Mae, Grant County",330028,Mae,2017-12-12 05:31:33.454632
2016-06-03,03:45,52.8,52.4,43.6,70.7,0.0,SW@3.1,4.6,75.7,0.0,0,"Mae, Grant County",330028,Mae,2017-12-12 05:31:33.454632
2016-06-03,04:00,52.1,51.7,44.1,74.0,0.0,S@3.5,4.9,75.6,0.0,2,"Mae, Grant County",330028,Mae,2017-12-12 05:31:33.454632
2016-06-03,04:15,52.5,52.1,42.9,69.4,0.0,S@4.4,5.3,75.5,0.0,10,"Mae, Grant County",330028,Mae,2017-12-12 05:31:33.454632
2016-06-03,04:30,54.1,53.6,42.8,65.4,0.0,SW@5.2,6.4,75.4,0.0,31,"Mae, Grant County",330028,Mae,2017-12-12 05:31:33.454632
2016-06-03,04:45,54.6,54.1,42.9,64.4,0.0,SW@4.7,6.0,75.3,0.0,56,"Mae, Grant County",330028,Mae,2017-12-12 05:31:33.454632
2016-06-03,05:00,55.7,55.2,44.2,65.1,0.0,SW@4.7,6.7,75.1,0.0,85,"Mae, Grant County",330028,Mae,2017-12-12 05:31:33.454632
2016-06-03,05:15,57.6,57.1,44.7,61.9,0.0,W@6.2,8.2,75.0,0.0,118,"Mae, Grant County",330028,Mae,2017-12-12 05:31:33.454632
2016-06-03,05:30,56.3,55.8,47.1,71.4,0.0,W@4.2,6.0,74.9,0.0,154,"Mae, Grant County",330028,Mae,2017-12-12 05:31:33.454632
2016-06-03,05:45,58.0,57.7,47.2,67.1,0.0,W@4.4,7.1,74.8,0.0,192,"Mae, Grant County",330028,Mae,2017-12-12 05:31:33.454632
2016-06-03,06:00,59.3,59.0,48.4,67.1,0.0,NW@4.8,6.7,74.7,0.0,231,"Mae, Grant County",330028,Mae,2017-12-12 05:31:33.454632
2016-06-03,06:15,60.3,59.9,48.9,65.9,0.0,W@5.1,7.4,74.6,0.0,273,"Mae, Grant County",330028,Mae,2017-12-12 05:31:33.454632
2016-06-03,06:30,62.1,61.7,49.2,62.5,0.0,W@5.6,9.9,74.4,0.0,315,"Mae, Grant County",330028,Mae,2017-12-12 05:31:33.454632
2016-06-03,06:45,62.7,62.2,48.8,60.3,0.0,W@6.9,9.6,74.3,0.0,358,"Mae, Grant County",330028,Mae,2017-12-12 05:31:33.454632
2016-06-03,07:00,63.8,63.3,48.5,57.4,0.0,W@7.0,10.3,74.2,0.0,401,"Mae, Grant County",330028,Mae,2017-12-12 05:31:33.454632
2016-06-03,07:15,65.2,64.7,48.8,55.3,0.0,NW@5.9,8.2,74.1,0.0,444,"Mae, Grant County",330028,Mae,2017-12-12 05:31:33.454632
2016-06-03,07:30,66.8,66.4,48.5,51.7,0.0,NW@5.4,8.9,74.0,0.0,485,"Mae, Grant County",330028,Mae,2017-12-12 05:31:33.454632
2016-06-03,07:45,67.6,67.2,47.7,48.8,0.0,NW@5.1,6.7,73.9,0.0,529,"Mae, Grant County",330028,Mae,2017-12-12 05:31:33.454632
2016-06-03,08:00,68.6,68.4,45.0,42.6,0.0,NW@3.8,6.0,73.7,0.0,571,"Mae, Grant County",330028,Mae,2017-12-12 05:31:33.454632
2016-06-03,08:15,69.4,69.3,43.0,38.4,0.0,W@2.4,4.9,73.6,0.0,610,"Mae, Grant County",330028,Mae,2017-12-12 05:31:33.454632
2016-06-03,08:30,70.7,70.1,43.0,36.7,0.0,E@3.0,5.7,73.5,0.0,648,"Mae, Grant County",330028,Mae,2017-12-12 05:31:33.454632
2016-06-03,08:45,71.7,71.3,42.6,34.9,0.0,SE@2.8,5.7,73.4,0.0,685,"Mae, Grant County",330028,Mae,2017-12-12 05:31:33.454632
2016-06-03,09:00,72.1,71.6,43.0,35.1,0.0,NE@3.1,6.0,73.4,0.0,718,"Mae, Grant County",330028,Mae,2017-12-12 05:31:33.454632
2016-06-03,09:15,72.8,72.2,43.5,34.9,0.0,E@2.9,6.0,73.3,0.0,750,"Mae, Grant County",330028,Mae,2017-12-12 05:31:33.454632
2016-06-03,09:30,73.0,72.2,44.0,35.4,0.0,NE@3.6,7.1,73.2,0.0,766,"Mae, Grant County",330028,Mae,2017-12-12 05:31:33.454632
2016-06-03,09:45,73.2,72.7,42.6,33.2,0.0,NE@3.6,7.1,73.1,0.0,812,"Mae, Grant County",330028,Mae,2017-12-12 05:31:33.454632
2016-06-03,10:00,73.5,72.9,42.9,33.3,0.0,NE@4.2,7.4,73.1,0.0,837,"Mae, Grant County",330028,Mae,2017-12-12 05:31:33.454632
2016-06-03,10:15,74.0,73.4,42.8,32.6,0.0,E@3.7,6.7,73.1,0.0,860,"Mae, Grant County",330028,Mae,2017-12-12 05:31:33.454632
2016-06-03,10:30,75.2,74.8,43.6,32.3,0.0,E@4.1,7.8,73.0,0.0,881,"Mae, Grant County",330028,Mae,2017-12-12 05:31:33.454632
2016-06-03,10:45,75.1,74.6,42.9,31.5,0.0,NE@4.6,8.2,73.0,0.0,897,"Mae, Grant County",330028,Mae,2017-12-12 05:31:33.454632
2016-06-03,11:00,75.1,74.7,42.8,31.4,0.0,SE@5.0,8.9,73.0,0.0,911,"Mae, Grant County",330028,Mae,2017-12-12 05:31:33.454632
2016-06-03,11:15,75.9,75.6,42.9,30.7,0.0,N@3.8,6.4,73.0,0.0,923,"Mae, Grant County",330028,Mae,2017-12-12 05:31:33.454632
2016-06-03,11:30,76.7,76.4,43.1,30.1,0.0,E@3.3,7.8,73.1,0.0,931,"Mae, Grant County",330028,Mae,2017-12-12 05:31:33.454632
2016-06-03,11:45,77.0,76.6,44.0,30.9,0.0,E@4.2,8.5,73.1,0.0,938,"Mae, Grant County",330028,Mae,2017-12-12 05:31:33.454632
2016-06-03,12:00,77.3,76.9,43.8,30.3,0.0,NE@4.1,7.8,73.2,0.0,939,"Mae, Grant County",330028,Mae,2017-12-12 05:31:33.454632
2016-06-03,12:15,77.8,77.6,44.4,30.6,0.0,N@4.1,6.7,73.3,0.0,938,"Mae, Grant County",330028,Mae,2017-12-12 05:31:33.454632
2016-06-03,12:30,78.6,78.2,43.9,29.2,0.0,N@3.8,7.8,73.4,0.0,932,"Mae, Grant County",330028,Mae,2017-12-12 05:31:33.454632
2016-06-03,12:45,79.2,78.9,43.9,28.6,0.0,N@4.1,6.7,73.5,0.0,923,"Mae, Grant County",330028,Mae,2017-12-12 05:31:33.454632
2016-06-03,13:00,79.9,79.4,45.8,30.1,0.0,N@4.9,7.8,73.6,0.0,911,"Mae, Grant County",330028,Mae,2017-12-12 05:31:33.454632
2016-06-03,13:15,79.7,79.6,44.9,29.3,0.0,NW@4.9,9.6,73.7,0.0,899,"Mae, Grant County",330028,Mae,2017-12-12 05:31:33.454632
2016-06-03,13:30,81.1,80.9,44.4,27.4,0.0,N@3.2,7.4,73.9,0.0,882,"Mae, Grant County",330028,Mae,2017-12-12 05:31:33.454632
2016-06-03,13:45,80.8,80.6,43.8,27.1,0.0,NW@3.3,7.4,74.0,0.0,862,"Mae, Grant County",330028,Mae,2017-12-12 05:31:33.454632
2016-06-03,14:00,81.8,81.3,44.1,26.6,0.0,N@3.6,6.7,74.2,0.0,839,"Mae, Grant County",330028,Mae,2017-12-12 05:31:33.454632
2016-06-03,14:15,82.0,81.9,43.7,25.9,0.0,NW@3.3,6.4,74.4,0.0,814,"Mae, Grant County",330028,Mae,2017-12-12 05:31:33.454632
2016-06-03,14:30,82.6,82.3,45.4,27.1,0.0,NE@3.1,6.4,74.6,0.0,787,"Mae, Grant County",330028,Mae,2017-12-12 05:31:33.454632
2016-06-03,14:45,82.0,81.4,44.4,26.6,0.0,NE@3.4,7.1,74.8,0.0,754,"Mae, Grant County",330028,Mae,2017-12-12 05:31:33.454632
2016-06-03,15:00,82.8,82.4,46.1,27.6,0.0,NE@3.6,6.7,75.0,0.0,723,"Mae, Grant County",330028,Mae,2017-12-12 05:31:33.454632
2016-06-03,15:15,83.3,82.7,46.5,27.6,0.0,NE@3.7,7.1,75.3,0.0,688,"Mae, Grant County",330028,Mae,2017-12-12 05:31:33.454632
2016-06-03,15:30,82.7,82.2,45.9,27.5,0.0,E@4.0,8.5,75.5,0.0,654,"Mae, Grant County",330028,Mae,2017-12-12 05:31:33.454632
2016-06-03,15:45,83.3,82.8,45.2,26.3,0.0,E@3.1,6.4,75.7,0.0,618,"Mae, Grant County",330028,Mae,2017-12-12 05:31:33.454632
2016-06-03,16:00,83.6,83.1,46.6,27.4,0.0,E@3.7,6.0,76.0,0.0,580,"Mae, Grant County",330028,Mae,2017-12-12 05:31:33.454632
2016-06-03,16:15,83.1,82.6,47.2,28.6,0.0,E@4.6,6.7,76.3,0.0,541,"Mae, Grant County",330028,Mae,2017-12-12 05:31:33.454632
2016-06-03,16:30,83.3,82.7,47.2,28.4,0.0,E@3.6,6.7,76.5,0.0,500,"Mae, Grant County",330028,Mae,2017-12-12 05:31:33.454632
2016-06-03,16:45,83.4,82.8,47.0,28.1,0.0,NE@3.4,8.2,76.8,0.0,455,"Mae, Grant County",330028,Mae,2017-12-12 05:31:33.454632
2016-06-03,17:00,83.5,83.0,46.3,27.3,0.0,E@3.1,5.7,77.0,0.0,417,"Mae, Grant County",330028,Mae,2017-12-12 05:31:33.454632
2016-06-03,17:15,82.5,82.0,49.3,31.5,0.0,E@4.2,7.8,77.3,0.0,375,"Mae, Grant County",330028,Mae,2017-12-12 05:31:33.454632
2016-06-03,17:30,82.2,81.8,47.3,29.5,0.0,SE@4.8,7.1,77.6,0.0,332,"Mae, Grant County",330028,Mae,2017-12-12 05:31:33.454632
2016-06-03,17:45,81.4,80.9,51.6,35.5,0.0,E@3.8,5.7,77.8,0.0,289,"Mae, Grant County",330028,Mae,2017-12-12 05:31:33.454632
2016-06-03,18:00,81.0,80.3,52.5,37.3,0.0,E@3.4,4.6,78.1,0.0,241,"Mae, Grant County",330028,Mae,2017-12-12 05:31:33.454632
2016-06-03,18:15,80.9,80.3,51.2,35.6,0.0,E@3.6,5.3,78.3,0.0,206,"Mae, Grant County",330028,Mae,2017-12-12 05:31:33.454632
2016-06-03,18:30,77.9,77.4,54.7,44.7,0.0,E@3.4,4.2,78.6,0.0,77,"Mae, Grant County",330028,Mae,2017-12-12 05:31:33.454632
2016-06-03,18:45,76.2,75.7,55.3,48.4,0.0,E@3.4,4.2,78.8,0.0,114,"Mae, Grant County",330028,Mae,2017-12-12 05:31:33.454632
2016-06-03,19:00,76.1,75.5,56.4,50.4,0.0,E@3.0,3.5,79.0,0.0,98,"Mae, Grant County",330028,Mae,2017-12-12 05:31:33.454632
2016-06-03,19:15,72.8,72.2,58.6,61.0,0.0,E@3.2,4.2,79.2,0.0,60,"Mae, Grant County",330028,Mae,2017-12-12 05:31:33.454632
2016-06-03,19:30,72.1,71.7,56.9,58.7,0.0,SE@2.2,3.1,79.4,0.0,37,"Mae, Grant County",330028,Mae,2017-12-12 05:31:33.454632
2016-06-03,19:45,71.7,71.3,56.5,58.6,0.0,SE@0.0,1.4,79.6,0.0,16,"Mae, Grant County",330028,Mae,2017-12-12 05:31:33.454632
2016-06-03,20:00,69.9,69.5,55.1,59.2,0.0,N@0.0,0.0,79.8,0.0,4,"Mae, Grant County",330028,Mae,2017-12-12 05:31:33.454632
2016-06-03,20:15,68.3,67.7,54.5,61.3,0.0,N@0.0,0.0,79.9,0.0,0,"Mae, Grant County",330028,Mae,2017-12-12 05:31:33.454632
2016-06-03,20:30,70.5,69.8,51.8,51.6,0.0,NE@0.9,3.1,80.1,0.0,0,"Mae, Grant County",330028,Mae,2017-12-12 05:31:33.454632
2016-06-03,20:45,65.4,64.6,54.3,67.5,0.0,NE@3.0,4.6,80.2,0.0,0,"Mae, Grant County",330028,Mae,2017-12-12 05:31:33.454632
2016-06-03,21:00,63.6,62.9,54.9,73.2,0.0,NE@2.2,4.6,80.3,0.0,0,"Mae, Grant County",330028,Mae,2017-12-12 05:31:33.454632
2016-06-03,21:15,63.0,62.5,53.9,72.1,0.0,W@1.7,4.6,80.4,0.0,0,"Mae, Grant County",330028,Mae,2017-12-12 05:31:33.454632
2016-06-03,21:30,62.8,62.5,54.7,74.7,0.0,W@2.9,7.8,80.4,0.0,0,"Mae, Grant County",330028,Mae,2017-12-12 05:31:33.454632
2016-06-03,21:45,64.0,63.7,52.7,66.7,0.0,W@3.2,6.0,80.5,0.0,0,"Mae, Grant County",330028,Mae,2017-12-12 05:31:33.454632
2016-06-03,22:00,62.1,61.7,55.2,78.0,0.0,W@2.6,3.5,80.5,0.0,0,"Mae, Grant County",330028,Mae,2017-12-12 05:31:33.454632
2016-06-03,22:15,62.0,61.6,54.5,76.4,0.0,NW@1.5,2.8,80.6,0.0,0,"Mae, Grant County",330028,Mae,2017-12-12 05:31:33.454632
2016-06-03,22:30,61.3,60.8,53.0,74.1,0.0,N@1.1,3.1,80.6,0.0,0,"Mae, Grant County",330028,Mae,2017-12-12 05:31:33.454632
2016-06-03,22:45,62.4,61.9,53.2,71.8,0.0,N@0.0,0.0,80.6,0.0,0,"Mae, Grant County",330028,Mae,2017-12-12 05:31:33.454632
2016-06-03,23:00,58.5,57.9,54.6,86.7,0.06,E@2.9,4.2,80.6,0.0,0,"Mae, Grant County",330028,Mae,2017-12-12 05:31:33.454632
2016-06-04,23:15,58.2,57.8,52.9,82.5,0.02,NE@4.4,5.7,80.5,0.0,0,"Mae, Grant County",330028,Mae,2017-12-12 05:31:33.454632
2016-06-04,23:30,58.1,57.6,52.5,81.6,0.0,NE@2.1,4.2,80.5,0.0,0,"Mae, Grant County",330028,Mae,2017-12-12 05:31:33.454632
2016-06-04,23:45,57.5,57.0,52.3,82.7,0.0,N@0.0,0.0,80.4,0.0,0,"Mae, Grant County",330028,Mae,2017-12-12 05:31:33.454632
2016-06-04,24:00,58.4,58.1,51.9,79.0,0.0,N@0.0,0.0,80.4,0.0,0,"Mae, Grant County",330028,Mae,2017-12-12 05:31:33.454632
2016-06-04,00:15,58.5,58.1,51.6,77.8,0.0,N@1.7,4.6,80.3,0.0,0,"Mae, Grant County",330028,Mae,2017-12-12 05:31:33.454632
2016-06-04,00:30,57.6,57.2,53.3,85.3,0.04,W@1.9,4.2,80.2,0.0,0,"Mae, Grant County",330028,Mae,2017-12-12 05:31:33.454632
2016-06-04,00:45,56.5,55.9,53.5,89.8,0.21,NW@0.7,3.1,80.1,0.0,0,"Mae, Grant County",330028,Mae,2017-12-12 05:31:33.454632
2016-06-04,01:00,55.2,54.7,52.8,91.5,0.33,NW@0.8,3.1,80.1,0.0,0,"Mae, Grant County",330028,Mae,2017-12-12 05:31:33.454632
2016-06-04,01:15,55.7,55.2,52.0,87.4,0.25,NE@3.0,4.2,80.0,0.0,0,"Mae, Grant County",330028,Mae,2017-12-12 05:31:33.454632
2016-06-04,01:30,55.5,55.1,51.1,85.1,0.07,NE@4.0,4.9,79.8,0.0,0,"Mae, Grant County",330028,Mae,2017-12-12 05:31:33.454632
2016-06-04,01:45,56.4,55.9,49.8,78.5,0.0,NE@3.7,4.9,79.7,0.0,0,"Mae, Grant County",330028,Mae,2017-12-12 05:31:33.454632
2016-06-04,02:00,55.5,55.0,49.5,80.2,0.0,NE@3.6,4.9,79.6,0.0,0,"Mae, Grant County",330028,Mae,2017-12-12 05:31:33.454632
2016-06-04,02:15,55.6,55.2,48.5,76.9,0.0,NE@4.3,6.0,79.5,0.0,0,"Mae, Grant County",330028,Mae,2017-12-12 05:31:33.454632
2016-06-04,02:30,55.5,55.1,48.5,77.0,0.0,NE@4.7,6.4,79.4,0.0,0,"Mae, Grant County",330028,Mae,2017-12-12 05:31:33.454632
2016-06-04,02:45,54.8,54.3,48.7,79.7,0.0,NE@3.8,5.7,79.2,0.0,0,"Mae, Grant County",330028,Mae,2017-12-12 05:31:33.454632
2016-06-04,03:00,55.2,54.9,48.2,77.1,0.0,NE@4.1,5.7,79.1,0.0,0,"Mae, Grant County",330028,Mae,2017-12-12 05:31:33.454632
2016-06-04,03:15,55.6,55.2,48.2,76.0,0.0,NE@4.5,5.7,79.0,0.0,0,"Mae, Grant County",330028,Mae,2017-12-12 05:31:33.454632
2016-06-04,03:30,54.5,54.0,48.4,79.8,0.0,NE@4.2,5.7,78.8,0.0,0,"Mae, Grant County",330028,Mae,2017-12-12 05:31:33.454632
2016-06-04,03:45,54.2,53.7,48.3,80.4,0.0,NE@4.2,5.3,78.7,0.0,0,"Mae, Grant County",330028,Mae,2017-12-12 05:31:33.454632
2016-06-04,04:00,53.6,53.1,48.3,82.2,0.0,NE@4.1,5.3,78.6,0.0,2,"Mae, Grant County",330028,Mae,2017-12-12 05:31:33.454632
2016-06-04,04:15,53.6,53.2,47.9,80.7,0.0,NW@2.8,5.3,78.4,0.0,8,"Mae, Grant County",330028,Mae,2017-12-12 05:31:33.454632
2016-06-04,04:30,54.6,54.1,47.4,76.5,0.0,W@2.7,4.6,78.3,0.0,26,"Mae, Grant County",330028,Mae,2017-12-12 05:31:33.454632
2016-06-04,04:45,56.3,55.9,47.2,71.5,0.0,W@1.2,2.4,78.1,0.0,51,"Mae, Grant County",330028,Mae,2017-12-12 05:31:33.454632
2016-06-04,05:00,57.7,57.5,48.0,69.9,0.0,NW@1.1,3.1,78.0,0.0,82,"Mae, Grant County",330028,Mae,2017-12-12 05:31:33.454632
2016-06-04,05:15,56.9,56.5,49.4,75.9,0.0,NW@2.5,3.9,77.8,0.0,114,"Mae, Grant County",330028,Mae,2017-12-12 05:31:33.454632
2016-06-04,05:30,58.1,58.0,50.4,75.3,0.0,NW@2.2,3.5,77.7,0.0,150,"Mae, Grant County",330028,Mae,2017-12-12 05:31:33.454632
2016-06-04,05:45,58.8,58.8,51.4,76.4,0.0,NW@2.7,3.9,77.5,0.0,188,"Mae, Grant County",330028,Mae,2017-12-12 05:31:33.454632
2016-06-04,06:00,60.2,60.2,51.7,73.5,0.0,NW@2.9,4.2,77.4,0.0,227,"Mae, Grant County",330028,Mae,2017-12-12 05:31:33.454632
2016-06-04,06:15,62.3,62.2,51.8,68.3,0.0,N@4.0,6.4,77.3,0.0,269,"Mae, Grant County",330028,Mae,2017-12-12 05:31:33.454632
2016-06-04,06:30,64.8,64.0,50.1,58.9,0.0,N@5.3,7.1,77.1,0.0,311,"Mae, Grant County",330028,Mae,2017-12-12 05:31:33.454632
2016-06-04,06:45,65.9,65.1,51.2,59.0,0.0,NE@4.5,6.7,77.0,0.0,354,"Mae, Grant County",330028,Mae,2017-12-12 05:31:33.454632
2016-06-04,07:00,66.8,66.1,52.3,59.5,0.0,NE@4.3,6.4,76.9,0.0,397,"Mae, Grant County",330028,Mae,2017-12-12 05:31:33.454632
2016-06-04,07:15,68.2,67.4,52.3,56.9,0.0,NE@3.9,6.0,76.7,0.0,440,"Mae, Grant County",330028,Mae,2017-12-12 05:31:33.454632
2016-06-04,07:30,69.7,68.9,51.6,52.4,0.0,N@3.4,4.9,76.6,0.0,482,"Mae, Grant County",330028,Mae,2017-12-12 05:31:33.454632
2016-06-04,07:45,70.6,70.2,51.8,51.3,0.0,NW@4.5,6.7,76.4,0.0,525,"Mae, Grant County",330028,Mae,2017-12-12 05:31:33.454632
2016-06-04,08:00,70.9,70.6,53.6,54.2,0.0,NW@5.0,6.4,76.3,0.0,570,"Mae, Grant County",330028,Mae,2017-12-12 05:31:33.454632
2016-06-04,08:15,72.8,72.6,52.8,49.6,0.0,NW@4.9,6.4,76.2,0.0,667,"Mae, Grant County",330028,Mae,2017-12-12 05:31:33.454632
2016-06-04,08:30,74.5,74.4,53.2,47.5,0.0,NW@4.5,6.4,76.1,0.0,664,"Mae, Grant County",330028,Mae,2017-12-12 05:31:33.454632
2016-06-04,08:45,75.9,75.2,53.2,45.1,0.0,NE@4.0,5.7,76.0,0.0,535,"Mae, Grant County",330028,Mae,2017-12-12 05:31:33.454632
2016-06-04,09:00,77.8,77.0,51.8,40.4,0.0,NE@4.8,7.4,75.9,0.0,808,"Mae, Grant County",330028,Mae,2017-12-12 05:31:33.454632
2016-06-04,09:15,79.4,78.8,51.7,38.1,0.0,NE@4.3,6.4,75.8,0.0,729,"Mae, Grant County",330028,Mae,2017-12-12 05:31:33.454632
2016-06-04,09:30,78.2,78.1,53.6,42.6,0.0,NW@4.5,6.4,75.7,0.0,570,"Mae, Grant County",330028,Mae,2017-12-12 05:31:33.454632
2016-06-04,09:45,78.9,78.8,54.1,42.3,0.0,NW@5.3,7.4,75.6,0.0,796,"Mae, Grant County",330028,Mae,2017-12-12 05:31:33.454632
2016-06-04,10:00,79.7,79.5,52.1,38.3,0.0,NW@5.1,8.5,75.5,0.0,787,"Mae, Grant County",330028,Mae,2017-12-12 05:31:33.454632
2016-06-04,10:15,80.8,80.7,51.8,36.6,0.0,NW@5.6,8.5,75.5,0.0,837,"Mae, Grant County",330028,Mae,2017-12-12 05:31:33.454632
2016-06-04,10:30,82.2,82.0,53.7,37.4,0.0,NW@5.6,7.8,75.4,0.0,861,"Mae, Grant County",330028,Mae,2017-12-12 05:31:33.454632
2016-06-04,10:45,84.0,83.6,51.3,32.3,0.0,NE@4.9,8.9,75.4,0.0,892,"Mae, Grant County",330028,Mae,2017-12-12 05:31:33.454632
2016-06-04,11:00,84.8,84.5,51.8,32.2,0.0,N@4.8,9.6,75.4,0.0,888,"Mae, Grant County",330028,Mae,2017-12-12 05:31:33.454632
2016-06-04,11:15,85.4,85.0,49.7,29.1,0.0,N@6.2,10.7,75.4,0.0,910,"Mae, Grant County",330028,Mae,2017-12-12 05:31:33.454632
2016-06-04,11:30,86.2,85.6,51.0,29.8,0.0,N@5.8,9.6,75.4,0.0,931,"Mae, Grant County",330028,Mae,2017-12-12 05:31:33.454632
2016-06-04,11:45,87.0,86.4,48.6,26.5,0.0,NE@5.3,10.3,75.5,0.0,934,"Mae, Grant County",330028,Mae,2017-12-12 05:31:33.454632
2016-06-04,12:00,88.2,87.9,49.2,26.2,0.0,NE@4.4,8.9,75.5,0.0,928,"Mae, Grant County",330028,Mae,2017-12-12 05:31:33.454632
2016-06-04,12:15,88.6,88.4,49.1,25.7,0.0,N@4.1,9.9,75.6,0.0,936,"Mae, Grant County",330028,Mae,2017-12-12 05:31:33.454632
2016-06-04,12:30,89.0,88.5,47.3,23.8,0.0,NE@4.4,7.8,75.6,0.0,930,"Mae, Grant County",330028,Mae,2017-12-12 05:31:33.454632
2016-06-04,12:45,89.1,88.8,47.0,23.4,0.0,NE@3.6,9.2,75.7,0.0,920,"Mae, Grant County",330028,Mae,2017-12-12 05:31:33.454632
2016-06-04,13:00,89.1,89.2,49.3,25.5,0.0,NW@3.9,6.7,75.8,0.0,872,"Mae, Grant County",330028,Mae,2017-12-12 05:31:33.454632
2016-06-04,13:15,89.0,89.1,51.6,27.9,0.0,NW@4.9,7.4,76.0,0.0,902,"Mae, Grant County",330028,Mae,2017-12-12 05:31:33.454632
2016-06-04,13:30,89.4,89.4,51.4,27.3,0.0,NW@5.0,7.1,76.1,0.0,879,"Mae, Grant County",330028,Mae,2017-12-12 05:31:33.454632
2016-06-04,13:45,90.3,90.4,48.2,23.6,0.0,NW@3.3,6.7,76.2,0.0,865,"Mae, Grant County",330028,Mae,2017-12-12 05:31:33.454632
2016-06-04,14:00,90.4,90.6,51.0,26.1,0.0,NW@5.2,7.1,76.4,0.0,841,"Mae, Grant County",330028,Mae,2017-12-12 05:31:33.454632
2016-06-04,14:15,90.5,90.7,50.7,25.7,0.0,NW@4.2,6.0,76.6,0.0,819,"Mae, Grant County",330028,Mae,2017-12-12 05:31:33.454632
2016-06-04,14:30,90.6,90.7,51.7,26.7,0.0,NW@4.9,8.2,76.8,0.0,795,"Mae, Grant County",330028,Mae,2017-12-12 05:31:33.454632
2016-06-04,14:45,91.0,91.0,52.9,27.5,0.0,NW@4.8,7.1,77.0,0.0,760,"Mae, Grant County",330028,Mae,2017-12-12 05:31:33.454632
2016-06-04,15:00,90.9,90.9,53.4,28.1,0.0,NW@4.9,7.1,77.2,0.0,729,"Mae, Grant County",330028,Mae,2017-12-12 05:31:33.454632
2016-06-04,15:15,90.9,90.9,54.0,28.7,0.0,NW@5.0,7.8,77.4,0.0,683,"Mae, Grant County",330028,Mae,2017-12-12 05:31:33.454632
2016-06-04,15:30,91.8,91.8,48.8,23.0,0.0,NW@4.3,6.4,77.6,0.0,621,"Mae, Grant County",330028,Mae,2017-12-12 05:31:33.454632
2016-06-04,15:45,91.6,91.7,51.8,25.9,0.0,NW@3.9,5.3,77.9,0.0,611,"Mae, Grant County",330028,Mae,2017-12-12 05:31:33.454632
2016-06-04,16:00,91.7,91.6,53.4,27.4,0.0,NW@3.9,5.3,78.1,0.0,547,"Mae, Grant County",330028,Mae,2017-12-12 05:31:33.454632
2016-06-04,16:15,91.8,91.8,50.8,24.8,0.0,NW@3.8,5.3,78.4,0.0,483,"Mae, Grant County",330028,Mae,2017-12-12 05:31:33.454632
2016-06-04,16:30,91.6,91.6,49.6,23.9,0.0,NW@3.4,4.2,78.6,0.0,448,"Mae, Grant County",330028,Mae,2017-12-12 05:31:33.454632
2016-06-04,16:45,91.8,91.9,50.2,24.2,0.0,NW@3.5,5.7,78.9,0.0,462,"Mae, Grant County",330028,Mae,2017-12-12 05:31:33.454632
2016-06-04,17:00,92.4,92.5,47.4,21.5,0.0,NW@3.1,4.6,79.1,0.0,428,"Mae, Grant County",330028,Mae,2017-12-12 05:31:33.454632
2016-06-04,17:15,92.0,92.1,48.7,22.8,0.0,NW@2.9,3.9,79.4,0.0,385,"Mae, Grant County",330028,Mae,2017-12-12 05:31:33.454632
2016-06-04,17:30,91.9,91.9,48.5,22.7,0.0,NW@2.9,3.5,79.6,0.0,333,"Mae, Grant County",330028,Mae,2017-12-12 05:31:33.454632
2016-06-04,17:45,90.8,90.6,56.5,31.5,0.0,NW@3.3,4.9,79.9,0.0,293,"Mae, Grant County",330028,Mae,2017-12-12 05:31:33.454632
2016-06-04,18:00,89.6,89.2,54.7,30.7,0.0,W@3.6,4.9,80.1,0.0,233,"Mae, Grant County",330028,Mae,2017-12-12 05:31:33.454632
2016-06-04,18:15,87.0,86.3,58.8,38.6,0.0,NW@3.6,4.9,80.3,0.0,206,"Mae, Grant County",330028,Mae,2017-12-12 05:31:33.454632
2016-06-04,18:30,85.5,85.1,60.8,43.5,0.0,NW@3.0,4.2,80.6,0.0,127,"Mae, Grant County",330028,Mae,2017-12-12 05:31:33.454632
2016-06-04,18:45,84.5,84.2,62.4,47.5,0.0,NW@2.4,3.1,80.8,0.0,126,"Mae, Grant County",330028,Mae,2017-12-12 05:31:33.454632
2016-06-04,19:00,83.3,83.2,63.1,50.6,0.0,W@2.1,2.4,81.0,0.0,87,"Mae, Grant County",330028,Mae,2017-12-12 05:31:33.454632
2016-06-04,19:15,81.5,81.3,64.1,55.7,0.0,NW@1.8,2.8,81.2,0.0,69,"Mae, Grant County",330028,Mae,2017-12-12 05:31:33.454632
2016-06-04,19:30,78.4,78.2,63.5,60.2,0.0,NW@1.0,3.5,81.4,0.0,35,"Mae, Grant County",330028,Mae,2017-12-12 05:31:33.454632
2016-06-04,19:45,74.8,74.6,63.9,68.7,0.0,NW@0.2,2.8,81.6,0.0,16,"Mae, Grant County",330028,Mae,2017-12-12 05:31:33.454632
2016-06-04,20:00,72.2,71.9,63.0,72.7,0.0,W@2.5,4.2,81.7,0.0,4,"Mae, Grant County",330028,Mae,2017-12-12 05:31:33.454632
2016-06-04,20:15,70.5,70.3,60.8,71.4,0.0,NW@3.5,5.3,81.9,0.0,0,"Mae, Grant County",330028,Mae,2017-12-12 05:31:33.454632
2016-06-04,20:30,68.3,68.0,61.4,78.8,0.0,NW@2.9,4.2,82.0,0.0,0,"Mae, Grant County",330028,Mae,2017-12-12 05:31:33.454632
2016-06-04,20:45,68.8,68.6,60.1,73.7,0.0,NW@3.8,4.6,82.1,0.0,0,"Mae, Grant County",330028,Mae,2017-12-12 05:31:33.454632
2016-06-04,21:00,68.8,68.5,58.8,70.5,0.0,NW@3.7,4.2,82.2,0.0,0,"Mae, Grant County",330028,Mae,2017-12-12 05:31:33.454632
2016-06-04,21:15,67.9,67.6,58.3,71.3,0.0,NW@3.3,3.9,82.3,0.0,0,"Mae, Grant County",330028,Mae,2017-12-12 05:31:33.454632
2016-06-04,21:30,68.4,68.1,56.7,66.2,0.0,NW@3.8,4.6,82.4,0.0,0,"Mae, Grant County",330028,Mae,2017-12-12 05:31:33.454632
2016-06-04,21:45,68.1,67.8,56.3,65.9,0.0,NW@3.6,4.2,82.5,0.0,0,"Mae, Grant County",330028,Mae,2017-12-12 05:31:33.454632
2016-06-04,22:00,66.5,66.2,56.5,70.3,0.0,NW@3.1,3.9,82.5,0.0,0,"Mae, Grant County",330028,Mae,2017-12-12 05:31:33.454632
2016-06-04,22:15,65.1,64.8,56.5,73.4,0.0,W@3.0,4.2,82.5,0.0,0,"Mae, Grant County",330028,Mae,2017-12-12 05:31:33.454632
2016-06-04,22:30,65.8,65.5,57.3,74.0,0.0,W@4.2,5.7,82.5,0.0,0,"Mae, Grant County",330028,Mae,2017-12-12 05:31:33.454632
2016-06-04,22:45,64.5,64.0,57.5,78.1,0.0,SE@3.4,6.0,82.5,0.0,0,"Mae, Grant County",330028,Mae,2017-12-12 05:31:33.454632
2016-06-04,23:00,66.1,65.7,56.5,71.0,0.0,SE@2.7,6.7,82.5,0.0,0,"Mae, Grant County",330028,Mae,2017-12-12 05:31:33.454632
2016-06-05,23:15,63.7,63.3,56.7,78.1,0.0,E@1.4,3.9,82.5,0.0,0,"Mae, Grant County",330028,Mae,2017-12-12 05:31:33.454632
2016-06-05,23:30,64.6,64.2,56.0,73.5,0.0,NE@1.5,3.5,82.5,0.0,0,"Mae, Grant County",330028,Mae,2017-12-12 05:31:33.454632
2016-06-05,23:45,62.8,62.4,55.5,76.9,0.0,W@2.0,3.5,82.4,0.0,0,"Mae, Grant County",330028,Mae,2017-12-12 05:31:33.454632
2016-06-05,24:00,62.0,61.6,56.1,80.9,0.0,W@2.5,3.9,82.4,0.0,0,"Mae, Grant County",330028,Mae,2017-12-12 05:31:33.454632
2016-06-05,00:15,61.6,61.3,55.7,80.8,0.0,W@2.9,4.9,82.3,0.0,0,"Mae, Grant County",330028,Mae,2017-12-12 05:31:33.454632
2016-06-05,00:30,61.3,60.9,57.1,85.8,0.03,NW@3.0,3.9,82.2,0.0,0,"Mae, Grant County",330028,Mae,2017-12-12 05:31:33.454632
2016-06-05,00:45,59.9,59.5,57.2,90.8,0.17,NW@2.7,3.5,82.2,0.0,0,"Mae, Grant County",330028,Mae,2017-12-12 05:31:33.454632
2016-06-05,01:00,60.3,59.9,55.8,85.2,0.19,E@1.5,3.5,82.1,0.0,0,"Mae, Grant County",330028,Mae,2017-12-12 05:31:33.454632
2016-06-05,01:15,62.4,62.0,52.3,69.5,0.0,NE@0.7,2.8,82.0,0.0,0,"Mae, Grant County",330028,Mae,2017-12-12 05:31:33.454632
2016-06-05,01:30,62.9,62.5,50.2,63.2,0.0,SE@1.3,3.5,81.9,0.0,0,"Mae, Grant County",330028,Mae,2017-12-12 05:31:33.454632
2016-06-05,01:45,62.6,62.3,50.2,63.9,0.0,NE@0.7,3.5,81.8,0.0,0,"Mae, Grant County",330028,Mae,2017-12-12 05:31:33.454632
2016-06-05,02:00,59.3,58.7,51.6,75.6,0.0,NE@2.7,3.5,81.7,0.0,0,"Mae, Grant County",330028,Mae,2017-12-12 05:31:33.454632
2016-06-05,02:15,57.5,57.0,52.3,82.8,0.0,E@3.3,4.2,81.6,0.0,0,"Mae, Grant County",330028,Mae,2017-12-12 05:31:33.454632
2016-06-05,02:30,56.7,56.1,52.1,84.4,0.0,NE@2.6,4.2,81.5,0.0,0,"Mae, Grant County",330028,Mae,2017-12-12 05:31:33.454632
2016-06-05,02:45,57.9,57.4,50.6,76.7,0.0,W@3.0,4.9,81.3,0.0,0,"Mae, Grant County",330028,Mae,2017-12-12 05:31:33.454632
2016-06-05,03:00,57.5,57.1,52.4,83.2,0.0,NW@3.1,4.9,81.2,0.0,0,"Mae, Grant County",330028,Mae,2017-12-12 05:31:33.454632
2016-06-05,03:15,56.2,55.8,52.5,87.3,0.01,NW@3.3,4.6,81.1,0.0,0,"Mae, Grant County",330028,Mae,2017-12-12 05:31:33.454632
2016-06-05,03:30,57.3,56.7,52.7,84.4,0.0,N@3.3,4.6,80.9,0.0,0,"Mae, Grant County",330028,Mae,2017-12-12 05:31:33.454632
2016-06-05,03:45,57.5,56.9,52.7,83.7,0.0,NW@2.8,4.9,80.8,0.0,0,"Mae, Grant County",330028,Mae,2017-12-12 05:31:33.454632
2016-06-05,04:00,58.0,57.5,52.6,82.1,0.0,NW@2.5,4.9,80.7,0.0,5,"Mae, Grant County",330028,Mae,2017-12-12 05:31:33.454632
2016-06-05,04:15,57.1,56.7,52.0,82.8,0.01,NW@2.9,4.2,80.5,0.0,12,"Mae, Grant County",330028,Mae,2017-12-12 05:31:33.454632
2016-06-05,04:30,57.2,56.6,51.7,81.7,0.0,NW@3.3,5.3,80.4,0.0,34,"Mae, Grant County",330028,Mae,2017-12-12 05:31:33.454632
2016-06-05,04:45,57.4,56.9,51.5,80.5,0.0,NW@2.5,4.2,80.3,0.0,59,"Mae, Grant County",330028,Mae,2017-12-12 05:31:33.454632
2016-06-05,05:00,58.1,57.7,51.7,79.1,0.0,N@2.1,3.5,80.1,0.0,55,"Mae, Grant County",330028,Mae,2017-12-12 05:31:33.454632
2016-06-05,05:15,57.8,57.5,53.0,83.7,0.0,W@1.2,4.2,80.0,0.0,93,"Mae, Grant County",330028,Mae,2017-12-12 05:31:33.454632
2016-06-05,05:30,60.9,61.0,52.6,73.8,0.0,W@0.6,2.8,79.8,0.0,147,"Mae, Grant County",330028,Mae,2017-12-12 05:31:33.454632
2016-06-05,05:45,64.4,64.9,53.7,68.2,0.0,NE@1.5,3.9,79.7,0.0,188,"Mae, Grant County",330028,Mae,2017-12-12 05:31:33.454632
2016-06-05,06:00,67.1,67.1,54.1,63.0,0.0,NE@3.3,4.6,79.5,0.0,239,"Mae, Grant County",330028,Mae,2017-12-12 05:31:33.454632
2016-06-05,06:15,68.4,67.9,53.6,59.2,0.0,NE@4.1,5.7,79.4,0.0,271,"Mae, Grant County",330028,Mae,2017-12-12 05:31:33.454632
2016-06-05,06:30,69.5,68.9,53.9,57.6,0.0,NE@4.5,7.4,79.2,0.0,320,"Mae, Grant County",330028,Mae,2017-12-12 05:31:33.454632
2016-06-05,06:45,71.3,70.7,53.5,53.2,0.0,NE@5.3,8.2,79.1,0.0,362,"Mae, Grant County",330028,Mae,2017-12-12 05:31:33.454632
2016-06-05,07:00,73.6,72.9,52.6,47.7,0.0,N@5.1,8.5,78.9,0.0,405,"Mae, Grant County",330028,Mae,2017-12-12 05:31:33.454632
2016-06-05,07:15,75.4,75.0,53.3,46.2,0.0,N@4.8,7.8,78.8,0.0,447,"Mae, Grant County",330028,Mae,2017-12-12 05:31:33.454632
2016-06-05,07:30,75.9,75.9,56.2,50.3,0.0,NW@5.1,7.8,78.7,0.0,489,"Mae, Grant County",330028,Mae,2017-12-12 05:31:33.454632
2016-06-05,07:45,77.1,77.1,56.6,49.1,0.0,NW@5.7,8.5,78.6,0.0,530,"Mae, Grant County",330028,Mae,2017-12-12 05:31:33.454632
2016-06-05,08:00,78.2,78.1,55.9,46.3,0.0,NW@6.3,8.5,78.4,0.0,573,"Mae, Grant County",330028,Mae,2017-12-12 05:31:33.454632
2016-06-05,08:15,79.1,79.1,57.0,46.7,0.0,NW@5.5,7.8,78.3,0.0,613,"Mae, Grant County",330028,Mae,2017-12-12 05:31:33.454632
2016-06-05,08:30,80.3,80.3,56.0,43.2,0.0,NW@5.6,7.4,78.2,0.0,652,"Mae, Grant County",330028,Mae,2017-12-12 05:31:33.454632
2016-06-05,08:45,81.3,81.3,56.1,42.0,0.0,NW@6.4,8.2,78.1,0.0,690,"Mae, Grant County",330028,Mae,2017-12-12 05:31:33.454632
2016-06-05,09:00,82.1,82.1,57.9,43.8,0.0,NW@5.5,7.1,78.0,0.0,726,"Mae, Grant County",330028,Mae,2017-12-12 05:31:33.454632
2016-06-05,09:15,84.0,83.9,56.4,39.0,0.0,NW@4.8,6.7,77.9,0.0,764,"Mae, Grant County",330028,Mae,2017-12-12 05:31:33.454632
2016-06-05,09:30,84.6,84.6,56.5,38.3,0.0,NW@5.6,7.8,77.8,0.0,825,"Mae, Grant County",330028,Mae,2017-12-12 05:31:33.454632
2016-06-05,09:45,85.4,85.3,55.4,36.0,0.0,NW@5.3,7.1,77.7,0.0,844,"Mae, Grant County",330028,Mae,2017-12-12 05:31:33.454632
2016-06-05,10:00,86.2,86.2,54.4,33.7,0.0,NW@5.0,6.7,77.7,0.0,862,"Mae, Grant County",330028,Mae,2017-12-12 05:31:33.454632
2016-06-05,10:15,87.1,87.3,53.1,31.3,0.0,NW@4.3,6.4,77.6,0.0,878,"Mae, Grant County",330028,Mae,2017-12-12 05:31:33.454632
2016-06-05,10:30,88.0,88.1,54.3,31.8,0.0,NW@4.3,6.7,77.6,0.0,894,"Mae, Grant County",330028,Mae,2017-12-12 05:31:33.454632
2016-06-05,10:45,88.8,88.9,53.1,29.6,0.0,NW@3.9,6.0,77.5,0.0,880,"Mae, Grant County",330028,Mae,2017-12-12 05:31:33.454632
2016-06-05,11:00,90.1,90.1,52.7,28.1,0.0,NW@3.3,6.0,77.5,0.0,905,"Mae, Grant County",330028,Mae,2017-12-12 05:31:33.454632
2016-06-05,11:15,90.5,90.7,52.6,27.6,0.0,NW@3.7,6.4,77.5,0.0,923,"Mae, Grant County",330028,Mae,2017-12-12 05:31:33.454632
2016-06-05,11:30,90.9,91.1,55.0,29.8,0.0,NW@3.9,6.4,77.5,0.0,923,"Mae, Grant County",330028,Mae,2017-12-12 05:31:33.454632
2016-06-05,11:45,91.2,91.3,52.7,27.1,0.0,W@4.2,6.0,77.6,0.0,953,"Mae, Grant County",330028,Mae,2017-12-12 05:31:33.454632
2016-06-05,12:00,92.2,92.3,52.0,25.6,0.0,NW@4.1,6.4,77.7,0.0,956,"Mae, Grant County",330028,Mae,2017-12-12 05:31:33.454632
2016-06-05,12:15,92.9,93.0,52.3,25.4,0.0,NW@3.6,6.4,77.7,0.0,929,"Mae, Grant County",330028,Mae,2017-12-12 05:31:33.454632
2016-06-05,12:30,93.2,93.1,51.3,24.2,0.0,W@4.1,6.7,77.8,0.0,938,"Mae, Grant County",330028,Mae,2017-12-12 05:31:33.454632
2016-06-05,12:45,93.6,93.6,51.4,24.0,0.0,NW@4.4,6.4,77.9,0.0,945,"Mae, Grant County",330028,Mae,2017-12-12 05:31:33.454632
2016-06-05,13:00,94.0,94.2,48.9,21.6,0.0,NW@3.5,5.7,78.0,0.0,934,"Mae, Grant County",330028,Mae,2017-12-12 05:31:33.454632
2016-06-05,13:15,94.3,94.4,47.1,20.0,0.0,W@3.5,4.6,78.1,0.0,924,"Mae, Grant County",330028,Mae,2017-12-12 05:31:33.454632
2016-06-05,13:30,94.6,94.8,47.8,20.3,0.0,NW@3.8,5.3,78.3,0.0,907,"Mae, Grant County",330028,Mae,2017-12-12 05:31:33.454632
2016-06-05,13:45,95.2,95.4,45.3,18.2,0.0,NW@3.5,4.6,78.4,0.0,882,"Mae, Grant County",330028,Mae,2017-12-12 05:31:33.454632
2016-06-05,14:00,95.7,95.9,45.2,17.8,0.0,W@3.4,6.4,78.6,0.0,857,"Mae, Grant County",330028,Mae,2017-12-12 05:31:33.454632
2016-06-05,14:15,96.0,96.2,46.8,18.8,0.0,NW@4.0,6.4,78.8,0.0,827,"Mae, Grant County",330028,Mae,2017-12-12 05:31:33.454632
2016-06-05,14:30,95.1,95.2,50.0,21.7,0.0,NW@5.6,8.9,79.0,0.0,795,"Mae, Grant County",330028,Mae,2017-12-12 05:31:33.454632
2016-06-05,14:45,95.4,95.4,54.5,25.4,0.0,NW@4.6,7.4,79.2,0.0,762,"Mae, Grant County",330028,Mae,2017-12-12 05:31:33.454632
2016-06-05,15:00,95.8,96.0,54.8,25.4,0.0,NW@4.1,10.7,79.4,0.0,729,"Mae, Grant County",330028,Mae,2017-12-12 05:31:33.454632
2016-06-05,15:15,96.0,96.0,52.2,22.9,0.0,W@4.3,8.2,79.6,0.0,693,"Mae, Grant County",330028,Mae,2017-12-12 05:31:33.454632
2016-06-05,15:30,95.6,95.6,56.4,27.0,0.0,NW@5.0,7.4,79.9,0.0,655,"Mae, Grant County",330028,Mae,2017-12-12 05:31:33.454632
2016-06-05,15:45,96.5,96.7,48.7,19.8,0.0,NW@3.1,6.0,80.1,0.0,617,"Mae, Grant County",330028,Mae,2017-12-12 05:31:33.454632
2016-06-05,16:00,97.5,97.2,49.3,19.7,0.0,NE@3.1,7.1,80.4,0.0,578,"Mae, Grant County",330028,Mae,2017-12-12 05:31:33.454632
2016-06-05,16:15,97.6,97.4,50.1,20.2,0.0,N@2.4,5.3,80.6,0.0,539,"Mae, Grant County",330028,Mae,2017-12-12 05:31:33.454632
2016-06-05,16:30,97.9,98.0,49.5,19.6,0.0,N@2.4,3.9,80.9,0.0,498,"Mae, Grant County",330028,Mae,2017-12-12 05:31:33.454632
2016-06-05,16:45,97.8,98.2,48.0,18.6,0.0,NW@2.5,3.5,81.1,0.0,457,"Mae, Grant County",330028,Mae,2017-12-12 05:31:33.454632
2016-06-05,17:00,97.3,97.4,48.2,19.0,0.0,NW@2.9,4.9,81.4,0.0,416,"Mae, Grant County",330028,Mae,2017-12-12 05:31:33.454632
2016-06-05,17:15,97.3,97.0,50.4,20.6,0.0,NE@2.2,3.1,81.7,0.0,373,"Mae, Grant County",330028,Mae,2017-12-12 05:31:33.454632
2016-06-05,17:30,96.3,95.9,53.5,23.8,0.0,E@3.1,4.2,81.9,0.0,330,"Mae, Grant County",330028,Mae,2017-12-12 05:31:33.454632
2016-06-05,17:45,96.1,95.6,53.5,24.0,0.0,E@2.4,3.5,82.2,0.0,288,"Mae, Grant County",330028,Mae,2017-12-12 05:31:33.454632
2016-06-05,18:00,96.5,95.4,52.9,23.2,0.0,NE@1.4,2.8,82.4,0.0,244,"Mae, Grant County",330028,Mae,2017-12-12 05:31:33.454632
2016-06-05,18:15,95.5,94.8,54.9,25.7,0.0,W@3.1,6.4,82.6,0.0,200,"Mae, Grant County",330028,Mae,2017-12-12 05:31:33.454632
2016-06-05,18:30,94.8,94.5,50.9,22.7,0.0,SW@5.1,7.1,82.9,0.0,166,"Mae, Grant County",330028,Mae,2017-12-12 05:31:33.454632
2016-06-05,18:45,93.6,93.3,50.7,23.4,0.0,SW@4.7,7.1,83.1,0.0,127,"Mae, Grant County",330028,Mae,2017-12-12 05:31:33.454632
2016-06-05,19:00,91.8,91.7,53.2,27.0,0.0,SW@2.7,5.3,83.3,0.0,85,"Mae, Grant County",330028,Mae,2017-12-12 05:31:33.454632
2016-06-05,19:15,90.0,89.9,54.3,29.9,0.0,SW@2.5,3.5,83.5,0.0,56,"Mae, Grant County",330028,Mae,2017-12-12 05:31:33.454632
2016-06-05,19:30,86.2,86.0,56.3,36.3,0.0,W@3.2,3.9,83.7,0.0,28,"Mae, Grant County",330028,Mae,2017-12-12 05:31:33.454632
2016-06-05,19:45,83.6,83.5,57.3,40.7,0.0,W@2.5,3.1,83.9,0.0,16,"Mae, Grant County",330028,Mae,2017-12-12 05:31:33.454632
2016-06-05,20:00,80.2,80.0,60.3,50.7,0.0,W@2.1,2.8,84.0,0.0,4,"Mae, Grant County",330028,Mae,2017-12-12 05:31:33.454632
2016-06-05,20:15,76.5,76.3,63.1,63.2,0.0,NW@0.1,1.7,84.2,0.0,0,"Mae, Grant County",330028,Mae,2017-12-12 05:31:33.454632
2016-06-05,20:30,76.2,75.9,61.3,59.9,0.0,NW@0.0,1.4,84.3,0.0,0,"Mae, Grant County",330028,Mae,2017-12-12 05:31:33.454632
2016-06-05,20:45,74.7,74.4,61.2,62.7,0.0,N@0.0,0.0,84.4,0.0,0,"Mae, Grant County",330028,Mae,2017-12-12 05:31:33.454632
2016-06-05,21:00,74.9,74.5,62.5,65.3,0.0,N@0.0,0.0,84.5,0.0,0,"Mae, Grant County",330028,Mae,2017-12-12 05:31:33.454632
2016-06-05,21:15,71.4,71.1,61.7,71.3,0.0,W@2.4,3.1,84.7,0.0,0,"Mae, Grant County",330028,Mae,2017-12-12 05:31:33.454632
2016-06-05,21:30,70.9,70.7,60.3,69.0,0.0,W@2.8,3.9,84.7,0.0,0,"Mae, Grant County",330028,Mae,2017-12-12 05:31:33.454632
2016-06-05,21:45,70.6,70.4,60.6,70.5,0.0,NW@2.5,3.5,84.8,0.0,0,"Mae, Grant County",330028,Mae,2017-12-12 05:31:33.454632
2016-06-05,22:00,69.2,68.9,60.3,73.3,0.0,W@3.1,3.9,84.8,0.0,0,"Mae, Grant County",330028,Mae,2017-12-12 05:31:33.454632
2016-06-05,22:15,68.4,68.1,59.9,74.3,0.0,NW@3.2,4.2,84.9,0.0,0,"Mae, Grant County",330028,Mae,2017-12-12 05:31:33.454632
2016-06-05,22:30,69.4,69.1,59.7,71.2,0.0,W@3.1,3.5,84.9,0.0,0,"Mae, Grant County",330028,Mae,2017-12-12 05:31:33.454632
2016-06-05,22:45,70.3,70.0,59.3,68.1,0.0,W@2.8,3.5,84.9,0.0,0,"Mae, Grant County",330028,Mae,2017-12-12 05:31:33.454632
2016-06-05,23:00,72.1,71.8,57.8,60.7,0.0,W@2.7,3.9,84.9,0.0,0,"Mae, Grant County",330028,Mae,2017-12-12 05:31:33.454632
2016-06-06,23:15,71.2,70.9,57.3,61.4,0.0,NW@3.1,4.2,84.8,0.0,0,"Mae, Grant County",330028,Mae,2017-12-12 05:31:33.454632
2016-06-06,23:30,69.1,68.8,57.5,66.5,0.0,NW@3.0,4.2,84.8,0.0,0,"Mae, Grant County",330028,Mae,2017-12-12 05:31:33.454632
2016-06-06,23:45,68.2,68.0,57.6,68.7,0.0,NW@3.0,4.9,84.8,0.0,0,"Mae, Grant County",330028,Mae,2017-12-12 05:31:33.454632
2016-06-06,24:00,66.9,66.6,57.7,72.2,0.0,NE@2.5,5.3,84.7,0.0,0,"Mae, Grant County",330028,Mae,2017-12-12 05:31:33.454632
