Date,Time PST,Air Temp °F, 2<sup>nd</sup> Air Temp °F, Dew Point °F, Rel Hum %, Leaf Wet u., Wind Dir @ Speed mph, Wind Gust mph, 8 in. Soil Tmp °F, Tot Prec in, Solar Rad W/m²,Location,Station ID,Station Name,Download Timestamp
2010-03-27,00:15,34.0,,28.8,81.0,0.01,NE@2.3,3.5,49.2,0.0,0,"Buena, Yakima County",310138,Buena,2017-12-10 00:14:22.891353
2010-03-27,00:30,33.5,,28.7,82.6,0.02,NE@1.8,3.5,49.2,0.0,0,"Buena, Yakima County",310138,Buena,2017-12-10 00:14:22.891353
2010-03-27,00:45,32.7,,28.5,84.2,0.05,N@1.2,3.1,49.2,0.0,0,"Buena, Yakima County",310138,Buena,2017-12-10 00:14:22.891353
2010-03-27,01:00,32.5,,28.3,84.5,0.13,NE@0.8,2.8,49.2,0.0,0,"Buena, Yakima County",310138,Buena,2017-12-10 00:14:22.891353
2010-03-27,01:15,33.1,,29.4,86.2,0.29,N@1.6,3.1,49.2,0.0,0,"Buena, Yakima County",310138,Buena,2017-12-10 00:14:22.891353
2010-03-27,01:30,32.6,,28.6,85.0,0.33,NE@2.3,3.9,49.2,0.0,0,"Buena, Yakima County",310138,Buena,2017-12-10 00:14:22.891353
2010-03-27,01:45,33.9,,28.7,81.1,0.22,E@2.4,6.0,49.2,0.0,0,"Buena, Yakima County",310138,Buena,2017-12-10 00:14:22.891353
2010-03-27,02:00,35.5,,29.1,77.1,0.01,E@2.8,4.2,49.2,0.0,0,"Buena, Yakima County",310138,Buena,2017-12-10 00:14:22.891353
2010-03-27,02:15,36.6,,29.5,75.1,0.01,NE@2.2,4.2,49.1,0.0,0,"Buena, Yakima County",310138,Buena,2017-12-10 00:14:22.891353
2010-03-27,02:30,36.0,,29.0,75.4,0.01,NE@1.6,2.8,49.1,0.0,0,"Buena, Yakima County",310138,Buena,2017-12-10 00:14:22.891353
2010-03-27,02:45,34.8,,28.4,77.0,0.01,NE@1.6,3.9,49.1,0.0,0,"Buena, Yakima County",310138,Buena,2017-12-10 00:14:22.891353
2010-03-27,03:00,34.2,,28.1,78.1,0.01,NE@2.6,4.2,49.1,0.0,0,"Buena, Yakima County",310138,Buena,2017-12-10 00:14:22.891353
2010-03-27,03:15,34.6,,28.2,77.3,0.01,NE@1.7,3.9,49.0,0.0,0,"Buena, Yakima County",310138,Buena,2017-12-10 00:14:22.891353
2010-03-27,03:30,34.2,,28.1,78.2,0.02,N@1.0,2.8,49.0,0.0,0,"Buena, Yakima County",310138,Buena,2017-12-10 00:14:22.891353
2010-03-27,03:45,32.8,,27.6,80.9,0.03,N@2.1,3.9,49.0,0.0,0,"Buena, Yakima County",310138,Buena,2017-12-10 00:14:22.891353
2010-03-27,04:00,32.3,,27.2,81.1,0.03,NE@2.2,4.9,48.9,0.0,0,"Buena, Yakima County",310138,Buena,2017-12-10 00:14:22.891353
2010-03-27,04:15,33.0,,27.4,79.6,0.02,N@2.3,4.2,48.9,0.0,0,"Buena, Yakima County",310138,Buena,2017-12-10 00:14:22.891353
2010-03-27,04:30,33.3,,27.5,79.0,0.02,N@1.3,3.9,48.9,0.0,0,"Buena, Yakima County",310138,Buena,2017-12-10 00:14:22.891353
2010-03-27,04:45,32.9,,27.5,80.2,0.02,NE@1.6,3.5,48.8,0.0,0,"Buena, Yakima County",310138,Buena,2017-12-10 00:14:22.891353
2010-03-27,05:00,32.4,,27.3,81.3,0.03,NE@1.3,3.5,48.8,0.0,0,"Buena, Yakima County",310138,Buena,2017-12-10 00:14:22.891353
2010-03-27,05:15,32.6,,27.4,81.2,0.04,N@1.8,9.9,48.8,0.0,0,"Buena, Yakima County",310138,Buena,2017-12-10 00:14:22.891353
2010-03-27,05:30,32.7,,27.5,80.9,0.02,NE@2.8,12.8,48.7,0.0,0,"Buena, Yakima County",310138,Buena,2017-12-10 00:14:22.891353
2010-03-27,05:45,33.0,,27.4,79.7,0.01,NE@3.3,11.4,48.7,0.0,1,"Buena, Yakima County",310138,Buena,2017-12-10 00:14:22.891353
2010-03-27,06:00,33.2,,27.4,79.0,0.01,NE@3.0,14.6,48.7,0.0,8,"Buena, Yakima County",310138,Buena,2017-12-10 00:14:22.891353
2010-03-27,06:15,33.7,,27.3,77.0,0.01,NE@3.1,12.8,48.6,0.0,23,"Buena, Yakima County",310138,Buena,2017-12-10 00:14:22.891353
2010-03-27,06:30,33.3,,27.2,77.9,0.01,NE@2.5,8.9,48.6,0.0,49,"Buena, Yakima County",310138,Buena,2017-12-10 00:14:22.891353
2010-03-27,06:45,34.2,,28.0,77.7,0.01,NE@1.9,6.7,48.5,0.0,80,"Buena, Yakima County",310138,Buena,2017-12-10 00:14:22.891353
2010-03-27,07:00,35.7,,28.9,76.0,0.01,NE@0.8,3.5,48.5,0.0,116,"Buena, Yakima County",310138,Buena,2017-12-10 00:14:22.891353
2010-03-27,07:15,37.6,,29.9,73.4,0.01,S@1.0,3.1,48.4,0.0,159,"Buena, Yakima County",310138,Buena,2017-12-10 00:14:22.891353
2010-03-27,07:30,38.4,,30.0,71.5,0.0,S@2.2,3.1,48.4,0.0,208,"Buena, Yakima County",310138,Buena,2017-12-10 00:14:22.891353
2010-03-27,07:45,39.7,,31.3,71.6,0.0,SW@2.7,4.2,48.4,0.0,252,"Buena, Yakima County",310138,Buena,2017-12-10 00:14:22.891353
2010-03-27,08:00,40.7,,31.4,69.3,0.0,SW@2.7,4.6,48.3,0.0,294,"Buena, Yakima County",310138,Buena,2017-12-10 00:14:22.891353
2010-03-27,08:15,43.1,,32.1,65.0,0.0,SE@1.9,3.9,48.3,0.0,329,"Buena, Yakima County",310138,Buena,2017-12-10 00:14:22.891353
2010-03-27,08:30,44.3,,32.5,63.1,0.0,E@2.6,4.2,48.2,0.0,368,"Buena, Yakima County",310138,Buena,2017-12-10 00:14:22.891353
2010-03-27,08:45,45.7,,32.6,60.0,0.0,E@2.7,3.9,48.2,0.0,409,"Buena, Yakima County",310138,Buena,2017-12-10 00:14:22.891353
2010-03-27,09:00,47.4,,31.9,54.5,0.0,NE@1.9,4.2,48.1,0.0,460,"Buena, Yakima County",310138,Buena,2017-12-10 00:14:22.891353
2010-03-27,09:15,48.5,,32.7,54.3,0.0,SE@1.9,4.2,48.1,0.0,488,"Buena, Yakima County",310138,Buena,2017-12-10 00:14:22.891353
2010-03-27,09:30,49.2,,33.1,53.7,0.0,S@2.7,4.2,48.0,0.0,532,"Buena, Yakima County",310138,Buena,2017-12-10 00:14:22.891353
2010-03-27,09:45,49.6,,33.9,54.4,0.0,SE@3.3,5.7,48.0,0.0,579,"Buena, Yakima County",310138,Buena,2017-12-10 00:14:22.891353
2010-03-27,10:00,50.4,,34.0,53.2,0.0,S@3.2,6.0,47.9,0.0,534,"Buena, Yakima County",310138,Buena,2017-12-10 00:14:22.891353
2010-03-27,10:15,50.7,,33.9,52.3,0.0,SE@3.6,6.7,47.9,0.0,504,"Buena, Yakima County",310138,Buena,2017-12-10 00:14:22.891353
2010-03-27,10:30,51.9,,34.9,52.1,0.0,SE@3.4,6.7,47.9,0.0,570,"Buena, Yakima County",310138,Buena,2017-12-10 00:14:22.891353
2010-03-27,10:45,53.0,,34.0,48.3,0.0,SE@4.5,8.9,47.8,0.0,604,"Buena, Yakima County",310138,Buena,2017-12-10 00:14:22.891353
2010-03-27,11:00,53.6,,34.1,47.6,0.0,SE@4.9,8.5,47.8,0.0,625,"Buena, Yakima County",310138,Buena,2017-12-10 00:14:22.891353
2010-03-27,11:15,54.3,,34.9,47.8,0.0,SE@5.0,8.5,47.8,0.0,614,"Buena, Yakima County",310138,Buena,2017-12-10 00:14:22.891353
2010-03-27,11:30,54.9,,34.2,45.5,0.0,SE@5.8,10.7,47.8,0.0,677,"Buena, Yakima County",310138,Buena,2017-12-10 00:14:22.891353
2010-03-27,11:45,55.9,,34.5,44.2,0.0,SE@5.4,8.9,47.7,0.0,686,"Buena, Yakima County",310138,Buena,2017-12-10 00:14:22.891353
2010-03-27,12:00,56.3,,34.4,43.6,0.0,SE@6.0,9.9,47.7,0.0,697,"Buena, Yakima County",310138,Buena,2017-12-10 00:14:22.891353
2010-03-27,12:15,56.9,,34.6,42.8,0.0,E@5.9,12.4,47.7,0.0,687,"Buena, Yakima County",310138,Buena,2017-12-10 00:14:22.891353
2010-03-27,12:30,56.9,,34.4,42.6,0.0,SE@6.7,11.0,47.7,0.0,557,"Buena, Yakima County",310138,Buena,2017-12-10 00:14:22.891353
2010-03-27,12:45,57.1,,34.5,42.5,0.0,E@7.1,11.4,47.7,0.0,572,"Buena, Yakima County",310138,Buena,2017-12-10 00:14:22.891353
2010-03-27,13:00,57.6,,33.8,40.4,0.0,E@7.0,10.7,47.7,0.0,556,"Buena, Yakima County",310138,Buena,2017-12-10 00:14:22.891353
2010-03-27,13:15,58.3,,33.7,39.3,0.0,E@6.9,11.4,47.7,0.0,594,"Buena, Yakima County",310138,Buena,2017-12-10 00:14:22.891353
2010-03-27,13:30,58.5,,32.4,37.0,0.0,SE@6.3,11.7,47.7,0.0,566,"Buena, Yakima County",310138,Buena,2017-12-10 00:14:22.891353
2010-03-27,13:45,58.4,,32.4,37.2,0.0,E@5.5,11.7,47.7,0.0,390,"Buena, Yakima County",310138,Buena,2017-12-10 00:14:22.891353
2010-03-27,14:00,58.2,,31.2,35.6,0.0,E@5.6,9.9,47.7,0.0,309,"Buena, Yakima County",310138,Buena,2017-12-10 00:14:22.891353
2010-03-27,14:15,57.9,,30.8,35.5,0.0,E@5.3,12.8,47.7,0.0,269,"Buena, Yakima County",310138,Buena,2017-12-10 00:14:22.891353
2010-03-27,14:30,58.5,,30.1,33.7,0.0,E@5.2,8.5,47.7,0.0,281,"Buena, Yakima County",310138,Buena,2017-12-10 00:14:22.891353
2010-03-27,14:45,58.6,,30.6,34.3,0.0,E@4.4,7.4,47.7,0.0,270,"Buena, Yakima County",310138,Buena,2017-12-10 00:14:22.891353
2010-03-27,15:00,59.1,,29.5,32.3,0.0,E@5.5,8.2,47.7,0.0,292,"Buena, Yakima County",310138,Buena,2017-12-10 00:14:22.891353
2010-03-27,15:15,59.9,,29.3,31.1,0.0,E@6.1,9.2,47.8,0.0,374,"Buena, Yakima County",310138,Buena,2017-12-10 00:14:22.891353
2010-03-27,15:30,60.5,,30.6,32.1,0.0,E@5.8,9.6,47.8,0.0,396,"Buena, Yakima County",310138,Buena,2017-12-10 00:14:22.891353
2010-03-27,15:45,61.0,,30.2,31.1,0.0,E@5.7,9.6,47.8,0.0,365,"Buena, Yakima County",310138,Buena,2017-12-10 00:14:22.891353
2010-03-27,16:00,61.0,,29.7,30.5,0.0,E@4.5,7.4,47.8,0.0,267,"Buena, Yakima County",310138,Buena,2017-12-10 00:14:22.891353
2010-03-27,16:15,61.1,,28.8,29.2,0.0,E@4.5,7.4,47.9,0.0,285,"Buena, Yakima County",310138,Buena,2017-12-10 00:14:22.891353
2010-03-27,16:30,61.0,,27.7,28.0,0.0,E@4.6,7.4,47.9,0.0,224,"Buena, Yakima County",310138,Buena,2017-12-10 00:14:22.891353
2010-03-27,16:45,60.4,,28.0,28.9,0.0,SE@2.8,5.3,47.9,0.0,114,"Buena, Yakima County",310138,Buena,2017-12-10 00:14:22.891353
2010-03-27,17:00,60.2,,30.7,32.6,0.0,E@3.4,5.3,48.0,0.0,128,"Buena, Yakima County",310138,Buena,2017-12-10 00:14:22.891353
2010-03-27,17:15,59.6,,31.0,33.7,0.0,E@4.1,6.4,48.0,0.0,102,"Buena, Yakima County",310138,Buena,2017-12-10 00:14:22.891353
2010-03-27,17:30,58.8,,31.2,34.9,0.0,E@3.3,5.3,48.0,0.0,59,"Buena, Yakima County",310138,Buena,2017-12-10 00:14:22.891353
2010-03-27,17:45,56.7,,31.7,38.4,0.0,NE@4.3,6.7,48.1,0.0,41,"Buena, Yakima County",310138,Buena,2017-12-10 00:14:22.891353
2010-03-27,18:00,55.5,,31.4,39.6,0.0,NE@4.9,8.2,48.1,0.0,27,"Buena, Yakima County",310138,Buena,2017-12-10 00:14:22.891353
2010-03-27,18:15,54.6,,30.8,39.9,0.0,NE@4.7,7.4,48.1,0.0,11,"Buena, Yakima County",310138,Buena,2017-12-10 00:14:22.891353
2010-03-27,18:30,54.5,,30.0,38.8,0.0,NE@4.6,8.2,48.2,0.0,2,"Buena, Yakima County",310138,Buena,2017-12-10 00:14:22.891353
2010-03-27,18:45,53.2,,30.3,41.3,0.0,N@2.9,5.3,48.2,0.0,0,"Buena, Yakima County",310138,Buena,2017-12-10 00:14:22.891353
2010-03-27,19:00,52.1,,30.4,43.1,0.0,N@2.9,4.6,48.2,0.0,0,"Buena, Yakima County",310138,Buena,2017-12-10 00:14:22.891353
2010-03-27,19:15,51.8,,30.0,43.0,0.0,N@2.9,6.0,48.3,0.0,0,"Buena, Yakima County",310138,Buena,2017-12-10 00:14:22.891353
2010-03-27,19:30,51.3,,29.8,43.3,0.0,N@3.0,4.6,48.3,0.0,0,"Buena, Yakima County",310138,Buena,2017-12-10 00:14:22.891353
2010-03-27,19:45,51.4,,29.2,42.2,0.0,NE@2.9,4.6,48.3,0.0,0,"Buena, Yakima County",310138,Buena,2017-12-10 00:14:22.891353
2010-03-27,20:00,51.6,,28.7,40.9,0.0,NE@2.7,4.6,48.4,0.0,0,"Buena, Yakima County",310138,Buena,2017-12-10 00:14:22.891353
2010-03-27,20:15,49.4,,29.6,46.2,0.0,S@2.2,4.2,48.4,0.0,0,"Buena, Yakima County",310138,Buena,2017-12-10 00:14:22.891353
2010-03-27,20:30,47.9,,30.0,49.5,0.0,E@1.0,2.8,48.4,0.0,0,"Buena, Yakima County",310138,Buena,2017-12-10 00:14:22.891353
2010-03-27,20:45,47.2,,31.0,53.1,0.0,N@2.1,3.9,48.5,0.0,0,"Buena, Yakima County",310138,Buena,2017-12-10 00:14:22.891353
2010-03-27,21:00,43.8,,32.7,64.6,0.0,NE@1.9,3.1,48.5,0.0,0,"Buena, Yakima County",310138,Buena,2017-12-10 00:14:22.891353
2010-03-27,21:15,42.6,,32.1,66.1,0.0,NE@0.7,2.8,48.5,0.0,0,"Buena, Yakima County",310138,Buena,2017-12-10 00:14:22.891353
2010-03-27,21:30,40.7,,32.7,72.9,0.0,NE@1.7,2.8,48.6,0.0,0,"Buena, Yakima County",310138,Buena,2017-12-10 00:14:22.891353
2010-03-27,21:45,41.2,,31.4,67.9,0.0,N@2.2,4.2,48.6,0.0,0,"Buena, Yakima County",310138,Buena,2017-12-10 00:14:22.891353
2010-03-27,22:00,44.8,,30.0,55.7,0.0,N@3.9,7.8,48.6,0.0,0,"Buena, Yakima County",310138,Buena,2017-12-10 00:14:22.891353
2010-03-27,22:15,47.9,,29.5,48.6,0.0,N@3.5,5.7,48.6,0.0,0,"Buena, Yakima County",310138,Buena,2017-12-10 00:14:22.891353
2010-03-27,22:30,47.4,,29.7,50.0,0.0,N@3.0,4.9,48.7,0.0,0,"Buena, Yakima County",310138,Buena,2017-12-10 00:14:22.891353
2010-03-27,22:45,47.9,,30.3,50.3,0.0,N@2.3,3.5,48.7,0.0,0,"Buena, Yakima County",310138,Buena,2017-12-10 00:14:22.891353
2010-03-27,23:00,47.7,,31.0,52.2,0.0,N@3.0,4.6,48.7,0.0,0,"Buena, Yakima County",310138,Buena,2017-12-10 00:14:22.891353
2010-03-28,23:15,46.8,,32.0,56.2,0.0,W@1.4,3.9,48.7,0.0,0,"Buena, Yakima County",310138,Buena,2017-12-10 00:14:22.891353
2010-03-28,23:30,46.3,,32.1,57.3,0.0,W@1.6,4.6,48.7,0.0,0,"Buena, Yakima County",310138,Buena,2017-12-10 00:14:22.891353
2010-03-28,23:45,45.9,,32.1,58.3,0.0,SW@0.5,3.9,48.7,0.0,0,"Buena, Yakima County",310138,Buena,2017-12-10 00:14:22.891353
2010-03-28,24:00,44.6,,32.3,61.7,0.0,W@0.7,2.8,48.7,0.0,0,"Buena, Yakima County",310138,Buena,2017-12-10 00:14:22.891353
2010-03-28,00:15,45.4,,32.2,59.7,0.0,NW@1.9,3.1,48.7,0.0,0,"Buena, Yakima County",310138,Buena,2017-12-10 00:14:22.891353
2010-03-28,00:30,45.9,,32.1,58.4,0.0,N@1.7,3.1,48.7,0.0,0,"Buena, Yakima County",310138,Buena,2017-12-10 00:14:22.891353
2010-03-28,00:45,45.7,,32.6,59.8,0.0,SW@1.3,3.1,48.7,0.0,0,"Buena, Yakima County",310138,Buena,2017-12-10 00:14:22.891353
2010-03-28,01:00,46.1,,32.2,58.2,0.0,N@1.7,3.1,48.7,0.0,0,"Buena, Yakima County",310138,Buena,2017-12-10 00:14:22.891353
2010-03-28,01:15,45.7,,32.6,60.0,0.0,SW@1.6,2.8,48.7,0.0,0,"Buena, Yakima County",310138,Buena,2017-12-10 00:14:22.891353
2010-03-28,01:30,44.3,,32.8,63.5,0.0,NE@1.1,3.1,48.7,0.0,0,"Buena, Yakima County",310138,Buena,2017-12-10 00:14:22.891353
2010-03-28,01:45,42.3,,33.8,71.4,0.0,NE@1.6,2.8,48.7,0.0,0,"Buena, Yakima County",310138,Buena,2017-12-10 00:14:22.891353
2010-03-28,02:00,42.0,,33.2,70.8,0.0,N@1.4,3.1,48.7,0.0,0,"Buena, Yakima County",310138,Buena,2017-12-10 00:14:22.891353
2010-03-28,02:15,44.0,,32.5,63.6,0.0,N@3.3,5.3,48.7,0.0,0,"Buena, Yakima County",310138,Buena,2017-12-10 00:14:22.891353
2010-03-28,02:30,44.9,,32.4,61.2,0.0,NE@2.5,4.6,48.7,0.0,0,"Buena, Yakima County",310138,Buena,2017-12-10 00:14:22.891353
2010-03-28,02:45,44.9,,32.4,61.2,0.0,NE@1.0,2.8,48.7,0.0,0,"Buena, Yakima County",310138,Buena,2017-12-10 00:14:22.891353
2010-03-28,03:00,44.4,,32.4,62.4,0.0,SW@1.5,3.5,48.7,0.0,0,"Buena, Yakima County",310138,Buena,2017-12-10 00:14:22.891353
2010-03-28,03:15,44.0,,33.0,65.0,0.0,NE@3.6,6.0,48.7,0.0,0,"Buena, Yakima County",310138,Buena,2017-12-10 00:14:22.891353
2010-03-28,03:30,43.9,,33.3,66.0,0.0,N@3.0,4.6,48.7,0.0,0,"Buena, Yakima County",310138,Buena,2017-12-10 00:14:22.891353
2010-03-28,03:45,43.5,,33.4,67.2,0.0,SE@1.9,3.1,48.6,0.0,0,"Buena, Yakima County",310138,Buena,2017-12-10 00:14:22.891353
2010-03-28,04:00,43.2,,33.5,68.2,0.0,E@1.6,3.5,48.6,0.0,0,"Buena, Yakima County",310138,Buena,2017-12-10 00:14:22.891353
2010-03-28,04:15,42.5,,33.9,71.5,0.0,NE@2.6,3.9,48.6,0.0,0,"Buena, Yakima County",310138,Buena,2017-12-10 00:14:22.891353
2010-03-28,04:30,43.2,,33.4,68.1,0.0,E@2.1,3.5,48.6,0.0,0,"Buena, Yakima County",310138,Buena,2017-12-10 00:14:22.891353
2010-03-28,04:45,43.7,,33.3,66.6,0.0,SE@2.1,4.9,48.6,0.0,0,"Buena, Yakima County",310138,Buena,2017-12-10 00:14:22.891353
2010-03-28,05:00,43.4,,33.3,67.2,0.0,SE@1.3,4.9,48.6,0.0,0,"Buena, Yakima County",310138,Buena,2017-12-10 00:14:22.891353
2010-03-28,05:15,43.2,,33.6,68.6,0.0,NE@2.0,3.9,48.6,0.0,0,"Buena, Yakima County",310138,Buena,2017-12-10 00:14:22.891353
2010-03-28,05:30,43.3,,33.6,68.3,0.0,NE@2.7,4.9,48.5,0.0,0,"Buena, Yakima County",310138,Buena,2017-12-10 00:14:22.891353
2010-03-28,05:45,43.8,,33.5,67.0,0.0,NE@2.4,4.9,48.5,0.0,0,"Buena, Yakima County",310138,Buena,2017-12-10 00:14:22.891353
2010-03-28,06:00,44.2,,33.8,66.6,0.0,NE@1.9,4.9,48.5,0.0,1,"Buena, Yakima County",310138,Buena,2017-12-10 00:14:22.891353
2010-03-28,06:15,45.4,,33.3,62.2,0.0,NE@2.3,4.6,48.5,0.0,3,"Buena, Yakima County",310138,Buena,2017-12-10 00:14:22.891353
2010-03-28,06:30,46.6,,32.8,58.5,0.0,SE@3.0,4.9,48.5,0.0,12,"Buena, Yakima County",310138,Buena,2017-12-10 00:14:22.891353
2010-03-28,06:45,46.5,,33.6,60.5,0.01,E@2.4,4.6,48.5,0.0,20,"Buena, Yakima County",310138,Buena,2017-12-10 00:14:22.891353
2010-03-28,07:00,47.9,,34.5,59.6,0.0,SE@3.1,5.7,48.4,0.0,23,"Buena, Yakima County",310138,Buena,2017-12-10 00:14:22.891353
2010-03-28,07:15,49.4,,36.3,60.3,0.0,S@4.8,10.7,48.4,0.0,20,"Buena, Yakima County",310138,Buena,2017-12-10 00:14:22.891353
2010-03-28,07:30,51.8,,38.1,59.3,0.11,SW@8.4,18.5,48.4,0.0,21,"Buena, Yakima County",310138,Buena,2017-12-10 00:14:22.891353
2010-03-28,07:45,51.0,,38.6,62.3,0.11,W@9.9,18.2,48.4,0.0,33,"Buena, Yakima County",310138,Buena,2017-12-10 00:14:22.891353
2010-03-28,08:00,51.4,,38.7,61.6,0.0,SW@7.4,12.4,48.4,0.0,65,"Buena, Yakima County",310138,Buena,2017-12-10 00:14:22.891353
2010-03-28,08:15,51.6,,38.8,61.3,0.0,SW@6.5,10.7,48.3,0.0,89,"Buena, Yakima County",310138,Buena,2017-12-10 00:14:22.891353
2010-03-28,08:30,51.6,,38.9,61.6,0.0,SW@5.6,11.4,48.3,0.0,76,"Buena, Yakima County",310138,Buena,2017-12-10 00:14:22.891353
2010-03-28,08:45,52.0,,39.4,62.0,0.0,W@5.0,8.9,48.3,0.0,111,"Buena, Yakima County",310138,Buena,2017-12-10 00:14:22.891353
2010-03-28,09:00,52.4,,39.8,62.0,0.0,SW@5.5,10.3,48.3,0.0,151,"Buena, Yakima County",310138,Buena,2017-12-10 00:14:22.891353
2010-03-28,09:15,53.2,,39.6,59.9,0.0,SW@7.0,15.0,48.3,0.0,187,"Buena, Yakima County",310138,Buena,2017-12-10 00:14:22.891353
2010-03-28,09:30,53.4,,38.7,57.2,0.0,SW@8.6,15.7,48.2,0.0,172,"Buena, Yakima County",310138,Buena,2017-12-10 00:14:22.891353
2010-03-28,09:45,54.1,,39.4,57.5,0.0,SW@7.2,13.5,48.2,0.0,371,"Buena, Yakima County",310138,Buena,2017-12-10 00:14:22.891353
2010-03-28,10:00,56.9,,40.7,54.7,0.0,SW@5.7,11.7,48.2,0.0,670,"Buena, Yakima County",310138,Buena,2017-12-10 00:14:22.891353
2010-03-28,10:15,57.4,,39.6,51.2,0.0,SW@6.7,13.2,48.2,0.0,405,"Buena, Yakima County",310138,Buena,2017-12-10 00:14:22.891353
2010-03-28,10:30,57.4,,39.3,50.7,0.0,SW@6.2,13.5,48.2,0.0,367,"Buena, Yakima County",310138,Buena,2017-12-10 00:14:22.891353
2010-03-28,10:45,56.7,,38.4,50.3,0.0,SW@6.0,9.6,48.2,0.0,269,"Buena, Yakima County",310138,Buena,2017-12-10 00:14:22.891353
2010-03-28,11:00,56.9,,37.3,47.8,0.0,SW@5.8,9.6,48.2,0.0,258,"Buena, Yakima County",310138,Buena,2017-12-10 00:14:22.891353
2010-03-28,11:15,57.8,,37.3,46.1,0.0,SW@4.8,9.6,48.1,0.0,256,"Buena, Yakima County",310138,Buena,2017-12-10 00:14:22.891353
2010-03-28,11:30,58.1,,38.0,47.0,0.0,S@6.3,11.7,48.1,0.0,249,"Buena, Yakima County",310138,Buena,2017-12-10 00:14:22.891353
2010-03-28,11:45,57.6,,39.0,49.8,0.0,SW@6.1,10.7,48.1,0.0,239,"Buena, Yakima County",310138,Buena,2017-12-10 00:14:22.891353
2010-03-28,12:00,57.6,,39.6,50.9,0.0,SW@6.3,11.0,48.1,0.0,247,"Buena, Yakima County",310138,Buena,2017-12-10 00:14:22.891353
2010-03-28,12:15,58.7,,40.7,51.0,0.0,SW@4.8,8.9,48.1,0.0,450,"Buena, Yakima County",310138,Buena,2017-12-10 00:14:22.891353
2010-03-28,12:30,59.3,,40.1,48.8,0.0,SW@4.4,7.8,48.1,0.0,304,"Buena, Yakima County",310138,Buena,2017-12-10 00:14:22.891353
2010-03-28,12:45,58.7,,39.9,49.5,0.0,SW@4.8,8.5,48.1,0.0,149,"Buena, Yakima County",310138,Buena,2017-12-10 00:14:22.891353
2010-03-28,13:00,57.7,,40.1,51.7,0.1,SW@3.7,7.4,48.1,0.0,91,"Buena, Yakima County",310138,Buena,2017-12-10 00:14:22.891353
2010-03-28,13:15,57.7,,40.0,51.5,0.01,SW@4.8,8.2,48.1,0.0,89,"Buena, Yakima County",310138,Buena,2017-12-10 00:14:22.891353
2010-03-28,13:30,57.7,,40.4,52.4,0.07,SW@3.8,6.4,48.1,0.0,89,"Buena, Yakima County",310138,Buena,2017-12-10 00:14:22.891353
2010-03-28,13:45,57.8,,41.2,53.8,0.14,SW@3.6,5.7,48.1,0.0,126,"Buena, Yakima County",310138,Buena,2017-12-10 00:14:22.891353
2010-03-28,14:00,58.0,,42.3,55.6,0.34,SW@3.7,6.4,48.1,0.0,159,"Buena, Yakima County",310138,Buena,2017-12-10 00:14:22.891353
2010-03-28,14:15,57.7,,42.0,55.7,0.09,SW@4.2,7.8,48.1,0.0,120,"Buena, Yakima County",310138,Buena,2017-12-10 00:14:22.891353
2010-03-28,14:30,57.8,,42.0,55.6,0.18,S@4.6,7.1,48.1,0.0,147,"Buena, Yakima County",310138,Buena,2017-12-10 00:14:22.891353
2010-03-28,14:45,57.5,,43.9,60.3,0.66,SW@3.7,7.4,48.1,0.0,157,"Buena, Yakima County",310138,Buena,2017-12-10 00:14:22.891353
2010-03-28,15:00,57.0,,43.0,59.3,0.44,SW@5.7,10.3,48.2,0.0,98,"Buena, Yakima County",310138,Buena,2017-12-10 00:14:22.891353
2010-03-28,15:15,55.9,,42.3,60.1,0.47,SW@7.8,14.2,48.2,0.0,55,"Buena, Yakima County",310138,Buena,2017-12-10 00:14:22.891353
2010-03-28,15:30,55.4,,40.4,56.9,0.0,SW@7.4,13.5,48.2,0.0,42,"Buena, Yakima County",310138,Buena,2017-12-10 00:14:22.891353
2010-03-28,15:45,55.5,,38.0,51.7,0.0,SW@11.0,22.1,48.2,0.0,70,"Buena, Yakima County",310138,Buena,2017-12-10 00:14:22.891353
2010-03-28,16:00,54.5,,36.8,51.0,0.0,SW@10.1,18.2,48.2,0.0,61,"Buena, Yakima County",310138,Buena,2017-12-10 00:14:22.891353
2010-03-28,16:15,54.4,,37.6,53.0,0.0,SW@7.5,12.4,48.2,0.0,45,"Buena, Yakima County",310138,Buena,2017-12-10 00:14:22.891353
2010-03-28,16:30,54.4,,37.6,53.0,0.0,SW@7.3,13.5,48.3,0.0,39,"Buena, Yakima County",310138,Buena,2017-12-10 00:14:22.891353
2010-03-28,16:45,54.4,,38.0,53.8,0.0,SW@6.8,12.1,48.3,0.0,32,"Buena, Yakima County",310138,Buena,2017-12-10 00:14:22.891353
2010-03-28,17:00,54.0,,38.7,56.0,0.0,W@7.5,13.5,48.3,0.0,27,"Buena, Yakima County",310138,Buena,2017-12-10 00:14:22.891353
2010-03-28,17:15,53.2,,39.4,59.2,0.0,W@5.0,10.7,48.3,0.0,12,"Buena, Yakima County",310138,Buena,2017-12-10 00:14:22.891353
2010-03-28,17:30,52.6,,39.5,60.9,0.0,SW@3.6,7.4,48.3,0.0,19,"Buena, Yakima County",310138,Buena,2017-12-10 00:14:22.891353
2010-03-28,17:45,52.8,,39.5,60.3,0.0,SW@3.2,8.9,48.3,0.0,23,"Buena, Yakima County",310138,Buena,2017-12-10 00:14:22.891353
2010-03-28,18:00,53.0,,38.7,58.2,0.01,SW@4.8,9.6,48.4,0.0,17,"Buena, Yakima County",310138,Buena,2017-12-10 00:14:22.891353
2010-03-28,18:15,52.3,,38.1,58.1,0.0,SW@4.9,8.5,48.4,0.0,10,"Buena, Yakima County",310138,Buena,2017-12-10 00:14:22.891353
2010-03-28,18:30,51.4,,38.2,60.3,0.0,SW@4.2,7.4,48.4,0.0,2,"Buena, Yakima County",310138,Buena,2017-12-10 00:14:22.891353
2010-03-28,18:45,50.8,,38.2,61.7,0.0,W@2.5,6.0,48.4,0.0,0,"Buena, Yakima County",310138,Buena,2017-12-10 00:14:22.891353
2010-03-28,19:00,49.9,,38.9,65.5,0.0,NE@2.8,3.9,48.4,0.0,0,"Buena, Yakima County",310138,Buena,2017-12-10 00:14:22.891353
2010-03-28,19:15,49.0,,39.3,69.2,0.0,NE@3.0,3.9,48.4,0.0,0,"Buena, Yakima County",310138,Buena,2017-12-10 00:14:22.891353
2010-03-28,19:30,49.2,,39.2,68.2,0.0,NE@2.4,3.5,48.5,0.0,0,"Buena, Yakima County",310138,Buena,2017-12-10 00:14:22.891353
2010-03-28,19:45,49.8,,39.2,66.8,0.0,NE@1.6,4.6,48.5,0.0,0,"Buena, Yakima County",310138,Buena,2017-12-10 00:14:22.891353
2010-03-28,20:00,50.0,,38.9,65.4,0.0,E@2.7,4.2,48.5,0.0,0,"Buena, Yakima County",310138,Buena,2017-12-10 00:14:22.891353
2010-03-28,20:15,49.7,,39.0,66.4,0.0,SE@1.1,2.8,48.5,0.0,0,"Buena, Yakima County",310138,Buena,2017-12-10 00:14:22.891353
2010-03-28,20:30,49.3,,39.3,68.3,0.0,N@1.4,3.1,48.5,0.0,0,"Buena, Yakima County",310138,Buena,2017-12-10 00:14:22.891353
2010-03-28,20:45,48.5,,40.0,72.3,0.0,E@1.1,2.8,48.5,0.0,0,"Buena, Yakima County",310138,Buena,2017-12-10 00:14:22.891353
2010-03-28,21:00,47.3,,40.2,76.1,0.0,E@2.2,3.5,48.5,0.0,0,"Buena, Yakima County",310138,Buena,2017-12-10 00:14:22.891353
2010-03-28,21:15,48.5,,39.6,71.1,0.01,E@3.7,5.3,48.6,0.0,0,"Buena, Yakima County",310138,Buena,2017-12-10 00:14:22.891353
2010-03-28,21:30,48.2,,40.6,74.7,0.0,NE@3.6,4.9,48.6,0.0,0,"Buena, Yakima County",310138,Buena,2017-12-10 00:14:22.891353
2010-03-28,21:45,48.0,,41.3,77.5,0.0,NE@3.5,4.9,48.6,0.0,0,"Buena, Yakima County",310138,Buena,2017-12-10 00:14:22.891353
2010-03-28,22:00,48.5,,41.7,77.4,0.0,NE@2.5,4.2,48.6,0.0,0,"Buena, Yakima County",310138,Buena,2017-12-10 00:14:22.891353
2010-03-28,22:15,48.1,,42.0,79.1,0.01,NE@3.4,4.6,48.6,0.0,0,"Buena, Yakima County",310138,Buena,2017-12-10 00:14:22.891353
2010-03-28,22:30,47.9,,42.0,79.9,0.01,NE@3.2,5.3,48.6,0.0,0,"Buena, Yakima County",310138,Buena,2017-12-10 00:14:22.891353
2010-03-28,22:45,48.0,,42.0,79.7,0.01,E@4.8,7.8,48.6,0.0,0,"Buena, Yakima County",310138,Buena,2017-12-10 00:14:22.891353
2010-03-28,23:00,48.0,,42.2,80.3,0.03,E@5.6,8.9,48.6,0.0,0,"Buena, Yakima County",310138,Buena,2017-12-10 00:14:22.891353
2010-03-29,23:15,48.0,,42.2,80.2,0.01,SE@4.6,7.8,48.6,0.0,0,"Buena, Yakima County",310138,Buena,2017-12-10 00:14:22.891353
2010-03-29,23:30,48.0,,42.1,79.7,0.01,SE@4.6,8.9,48.6,0.0,0,"Buena, Yakima County",310138,Buena,2017-12-10 00:14:22.891353
2010-03-29,23:45,47.8,,41.9,79.9,0.01,S@2.8,7.8,48.6,0.0,0,"Buena, Yakima County",310138,Buena,2017-12-10 00:14:22.891353
2010-03-29,24:00,47.2,,41.8,81.5,0.19,W@2.1,4.6,48.6,0.0,0,"Buena, Yakima County",310138,Buena,2017-12-10 00:14:22.891353
2010-03-29,00:15,47.2,,42.0,82.0,0.7,W@1.6,3.5,48.6,0.0,0,"Buena, Yakima County",310138,Buena,2017-12-10 00:14:22.891353
2010-03-29,00:30,47.3,,42.5,83.2,0.69,N@0.1,1.7,48.6,0.0,0,"Buena, Yakima County",310138,Buena,2017-12-10 00:14:22.891353
2010-03-29,00:45,47.5,,42.8,83.8,0.87,E@2.0,3.1,48.6,0.0,0,"Buena, Yakima County",310138,Buena,2017-12-10 00:14:22.891353
2010-03-29,01:00,46.9,,42.8,85.6,0.89,N@1.2,3.5,48.6,0.0,0,"Buena, Yakima County",310138,Buena,2017-12-10 00:14:22.891353
2010-03-29,01:15,46.1,,43.0,88.9,0.91,NE@1.7,3.1,48.6,0.0,0,"Buena, Yakima County",310138,Buena,2017-12-10 00:14:22.891353
2010-03-29,01:30,45.9,,43.1,89.7,0.99,NE@1.9,3.5,48.6,0.0,0,"Buena, Yakima County",310138,Buena,2017-12-10 00:14:22.891353
2010-03-29,01:45,45.3,,43.5,93.2,1.0,N@1.6,2.8,48.6,0.0,0,"Buena, Yakima County",310138,Buena,2017-12-10 00:14:22.891353
2010-03-29,02:00,45.3,,43.6,93.8,1.0,NE@2.3,5.3,48.6,0.0,0,"Buena, Yakima County",310138,Buena,2017-12-10 00:14:22.891353
2010-03-29,02:15,45.0,,43.4,93.9,1.0,NE@2.3,4.2,48.6,0.0,0,"Buena, Yakima County",310138,Buena,2017-12-10 00:14:22.891353
2010-03-29,02:30,44.4,,43.0,94.7,1.0,NE@2.3,4.6,48.6,0.0,0,"Buena, Yakima County",310138,Buena,2017-12-10 00:14:22.891353
2010-03-29,02:45,44.3,,43.1,95.4,1.0,E@2.7,4.2,48.6,0.0,0,"Buena, Yakima County",310138,Buena,2017-12-10 00:14:22.891353
2010-03-29,03:00,44.5,,43.4,95.7,1.0,E@4.8,8.2,48.6,0.0,0,"Buena, Yakima County",310138,Buena,2017-12-10 00:14:22.891353
2010-03-29,03:15,45.7,,43.7,92.6,1.0,SE@6.1,11.0,48.6,0.0,0,"Buena, Yakima County",310138,Buena,2017-12-10 00:14:22.891353
2010-03-29,03:30,46.2,,43.4,90.0,1.0,E@6.2,9.6,48.6,0.0,0,"Buena, Yakima County",310138,Buena,2017-12-10 00:14:22.891353
2010-03-29,03:45,46.5,,42.8,86.8,1.0,E@6.3,9.2,48.6,0.0,0,"Buena, Yakima County",310138,Buena,2017-12-10 00:14:22.891353
2010-03-29,04:00,47.1,,42.4,83.8,0.87,SE@6.1,9.2,48.6,0.0,0,"Buena, Yakima County",310138,Buena,2017-12-10 00:14:22.891353
2010-03-29,04:15,47.6,,42.4,82.0,0.31,E@5.1,7.8,48.6,0.0,0,"Buena, Yakima County",310138,Buena,2017-12-10 00:14:22.891353
2010-03-29,04:30,48.0,,42.3,80.4,0.04,E@4.9,8.5,48.6,0.0,0,"Buena, Yakima County",310138,Buena,2017-12-10 00:14:22.891353
2010-03-29,04:45,48.0,,41.8,79.0,0.02,E@4.4,7.8,48.6,0.0,0,"Buena, Yakima County",310138,Buena,2017-12-10 00:14:22.891353
2010-03-29,05:00,48.1,,41.5,77.7,0.01,SE@3.5,6.0,48.6,0.0,0,"Buena, Yakima County",310138,Buena,2017-12-10 00:14:22.891353
2010-03-29,05:15,47.8,,41.3,78.0,0.01,SE@5.1,9.9,48.6,0.0,0,"Buena, Yakima County",310138,Buena,2017-12-10 00:14:22.891353
2010-03-29,05:30,48.1,,41.6,77.8,0.01,SE@7.6,12.1,48.6,0.0,0,"Buena, Yakima County",310138,Buena,2017-12-10 00:14:22.891353
2010-03-29,05:45,48.2,,41.6,77.8,0.01,SE@7.7,13.2,48.6,0.0,1,"Buena, Yakima County",310138,Buena,2017-12-10 00:14:22.891353
2010-03-29,06:00,47.6,,41.4,78.9,0.01,S@7.1,15.0,48.6,0.0,4,"Buena, Yakima County",310138,Buena,2017-12-10 00:14:22.891353
2010-03-29,06:15,48.0,,41.4,77.8,0.01,S@7.4,12.1,48.6,0.0,13,"Buena, Yakima County",310138,Buena,2017-12-10 00:14:22.891353
2010-03-29,06:30,49.0,,41.5,75.3,0.0,S@7.9,13.5,48.5,0.0,20,"Buena, Yakima County",310138,Buena,2017-12-10 00:14:22.891353
2010-03-29,06:45,50.2,,42.2,73.9,0.0,SW@10.1,17.5,48.5,0.01,22,"Buena, Yakima County",310138,Buena,2017-12-10 00:14:22.891353
2010-03-29,07:00,50.2,,42.1,73.5,0.0,SW@9.4,19.2,48.5,0.0,64,"Buena, Yakima County",310138,Buena,2017-12-10 00:14:22.891353
2010-03-29,07:15,51.2,,42.4,71.6,0.0,S@11.7,21.0,48.5,0.0,190,"Buena, Yakima County",310138,Buena,2017-12-10 00:14:22.891353
2010-03-29,07:30,52.4,,43.1,70.6,0.0,SW@11.8,17.8,48.5,0.0,312,"Buena, Yakima County",310138,Buena,2017-12-10 00:14:22.891353
2010-03-29,07:45,53.8,,43.3,67.4,0.0,SW@9.3,15.3,48.5,0.0,358,"Buena, Yakima County",310138,Buena,2017-12-10 00:14:22.891353
2010-03-29,08:00,53.3,,43.6,69.7,0.61,SW@8.0,13.5,48.5,0.0,159,"Buena, Yakima County",310138,Buena,2017-12-10 00:14:22.891353
2010-03-29,08:15,50.6,,43.7,76.9,1.0,W@7.4,14.2,48.5,0.0,62,"Buena, Yakima County",310138,Buena,2017-12-10 00:14:22.891353
2010-03-29,08:30,49.2,,44.2,82.5,1.0,W@5.7,9.6,48.5,0.01,58,"Buena, Yakima County",310138,Buena,2017-12-10 00:14:22.891353
2010-03-29,08:45,48.0,,43.7,84.9,1.0,W@7.2,14.2,48.4,0.02,72,"Buena, Yakima County",310138,Buena,2017-12-10 00:14:22.891353
2010-03-29,09:00,47.6,,43.0,83.8,0.99,SW@6.5,11.4,48.4,0.01,55,"Buena, Yakima County",310138,Buena,2017-12-10 00:14:22.891353
2010-03-29,09:15,47.1,,41.6,81.0,1.0,SW@8.6,14.6,48.4,0.02,55,"Buena, Yakima County",310138,Buena,2017-12-10 00:14:22.891353
2010-03-29,09:30,46.9,,41.0,79.9,0.96,SW@9.1,16.0,48.4,0.0,90,"Buena, Yakima County",310138,Buena,2017-12-10 00:14:22.891353
2010-03-29,09:45,48.4,,40.8,74.8,0.75,SW@10.7,23.2,48.4,0.01,296,"Buena, Yakima County",310138,Buena,2017-12-10 00:14:22.891353
2010-03-29,10:00,49.7,,41.6,73.4,0.01,SW@9.4,16.0,48.4,0.0,295,"Buena, Yakima County",310138,Buena,2017-12-10 00:14:22.891353
2010-03-29,10:15,49.9,,41.0,71.3,0.0,W@8.0,12.8,48.4,0.0,209,"Buena, Yakima County",310138,Buena,2017-12-10 00:14:22.891353
2010-03-29,10:30,49.4,,40.2,70.6,0.0,SW@9.5,17.8,48.4,0.0,134,"Buena, Yakima County",310138,Buena,2017-12-10 00:14:22.891353
2010-03-29,10:45,49.4,,39.4,68.1,0.0,SW@10.1,16.0,48.4,0.0,225,"Buena, Yakima County",310138,Buena,2017-12-10 00:14:22.891353
2010-03-29,11:00,49.5,,39.4,68.2,0.0,SW@10.6,17.1,48.4,0.0,326,"Buena, Yakima County",310138,Buena,2017-12-10 00:14:22.891353
2010-03-29,11:15,51.0,,40.2,66.4,0.0,SW@10.2,19.2,48.4,0.0,547,"Buena, Yakima County",310138,Buena,2017-12-10 00:14:22.891353
2010-03-29,11:30,52.3,,39.7,62.0,0.0,SW@9.5,15.3,48.4,0.0,583,"Buena, Yakima County",310138,Buena,2017-12-10 00:14:22.891353
2010-03-29,11:45,54.1,,39.2,57.1,0.0,SW@10.6,17.8,48.4,0.0,628,"Buena, Yakima County",310138,Buena,2017-12-10 00:14:22.891353
2010-03-29,12:00,54.7,,37.9,52.9,0.0,SW@12.4,21.8,48.4,0.0,697,"Buena, Yakima County",310138,Buena,2017-12-10 00:14:22.891353
2010-03-29,12:15,53.9,,37.6,53.7,0.0,SW@11.3,20.7,48.4,0.0,484,"Buena, Yakima County",310138,Buena,2017-12-10 00:14:22.891353
2010-03-29,12:30,53.2,,37.7,55.4,0.0,SW@11.0,18.9,48.3,0.0,534,"Buena, Yakima County",310138,Buena,2017-12-10 00:14:22.891353
2010-03-29,12:45,55.0,,39.6,55.9,0.0,SW@7.9,13.9,48.4,0.0,599,"Buena, Yakima County",310138,Buena,2017-12-10 00:14:22.891353
2010-03-29,13:00,54.7,,39.2,55.8,0.0,SW@9.1,15.3,48.3,0.0,624,"Buena, Yakima County",310138,Buena,2017-12-10 00:14:22.891353
2010-03-29,13:15,54.9,,39.3,55.5,0.0,SW@9.9,18.5,48.3,0.0,674,"Buena, Yakima County",310138,Buena,2017-12-10 00:14:22.891353
2010-03-29,13:30,54.5,,38.3,54.3,0.0,SW@11.0,18.5,48.3,0.0,548,"Buena, Yakima County",310138,Buena,2017-12-10 00:14:22.891353
2010-03-29,13:45,53.8,,37.6,54.1,0.0,SW@12.2,21.4,48.3,0.0,564,"Buena, Yakima County",310138,Buena,2017-12-10 00:14:22.891353
2010-03-29,14:00,53.3,,36.5,52.7,0.0,SW@11.7,18.2,48.3,0.0,449,"Buena, Yakima County",310138,Buena,2017-12-10 00:14:22.891353
2010-03-29,14:15,52.3,,36.5,54.7,0.0,W@9.6,18.2,48.3,0.0,429,"Buena, Yakima County",310138,Buena,2017-12-10 00:14:22.891353
2010-03-29,14:30,52.4,,36.0,53.4,0.0,W@8.0,13.5,48.3,0.0,347,"Buena, Yakima County",310138,Buena,2017-12-10 00:14:22.891353
2010-03-29,14:45,51.9,,35.4,53.2,0.0,W@9.4,15.3,48.3,0.0,392,"Buena, Yakima County",310138,Buena,2017-12-10 00:14:22.891353
2010-03-29,15:00,51.4,,35.7,54.9,0.0,SW@9.0,15.0,48.4,0.0,336,"Buena, Yakima County",310138,Buena,2017-12-10 00:14:22.891353
2010-03-29,15:15,50.4,,34.6,54.4,0.0,W@9.0,15.0,48.4,0.0,208,"Buena, Yakima County",310138,Buena,2017-12-10 00:14:22.891353
2010-03-29,15:30,50.1,,34.7,55.3,0.0,SW@9.7,17.5,48.4,0.0,224,"Buena, Yakima County",310138,Buena,2017-12-10 00:14:22.891353
2010-03-29,15:45,49.2,,34.5,56.7,0.0,SW@10.0,17.5,48.4,0.0,130,"Buena, Yakima County",310138,Buena,2017-12-10 00:14:22.891353
2010-03-29,16:00,48.2,,34.8,59.4,0.0,SW@9.1,17.1,48.4,0.0,89,"Buena, Yakima County",310138,Buena,2017-12-10 00:14:22.891353
2010-03-29,16:15,48.4,,34.8,59.1,0.0,SW@8.8,15.7,48.4,0.0,134,"Buena, Yakima County",310138,Buena,2017-12-10 00:14:22.891353
2010-03-29,16:30,48.8,,35.5,59.7,0.0,SW@8.1,12.8,48.4,0.0,149,"Buena, Yakima County",310138,Buena,2017-12-10 00:14:22.891353
2010-03-29,16:45,49.0,,35.2,58.6,0.0,W@8.8,13.9,48.4,0.0,167,"Buena, Yakima County",310138,Buena,2017-12-10 00:14:22.891353
2010-03-29,17:00,48.0,,35.0,60.5,0.0,W@7.0,11.7,48.5,0.0,106,"Buena, Yakima County",310138,Buena,2017-12-10 00:14:22.891353
2010-03-29,17:15,47.1,,34.9,62.2,0.0,W@5.8,10.7,48.5,0.0,59,"Buena, Yakima County",310138,Buena,2017-12-10 00:14:22.891353
2010-03-29,17:30,46.7,,35.0,63.3,0.0,SW@5.0,9.9,48.5,0.0,52,"Buena, Yakima County",310138,Buena,2017-12-10 00:14:22.891353
2010-03-29,17:45,46.7,,35.2,64.0,0.0,SW@5.4,8.5,48.5,0.0,51,"Buena, Yakima County",310138,Buena,2017-12-10 00:14:22.891353
2010-03-29,18:00,46.3,,35.6,66.1,0.0,SW@3.6,7.8,48.5,0.0,30,"Buena, Yakima County",310138,Buena,2017-12-10 00:14:22.891353
2010-03-29,18:15,45.6,,35.3,67.1,0.0,SW@3.2,6.7,48.6,0.0,13,"Buena, Yakima County",310138,Buena,2017-12-10 00:14:22.891353
2010-03-29,18:30,44.9,,34.7,67.3,0.0,SW@4.9,9.2,48.6,0.0,4,"Buena, Yakima County",310138,Buena,2017-12-10 00:14:22.891353
2010-03-29,18:45,44.9,,32.7,62.0,0.0,W@6.1,13.2,48.6,0.0,1,"Buena, Yakima County",310138,Buena,2017-12-10 00:14:22.891353
2010-03-29,19:00,45.0,,31.3,58.3,0.0,W@5.3,9.9,48.6,0.0,0,"Buena, Yakima County",310138,Buena,2017-12-10 00:14:22.891353
2010-03-29,19:15,43.9,,31.4,61.1,0.0,W@2.2,6.0,48.6,0.0,0,"Buena, Yakima County",310138,Buena,2017-12-10 00:14:22.891353
2010-03-29,19:30,43.2,,31.3,62.5,0.0,N@2.5,5.3,48.6,0.0,0,"Buena, Yakima County",310138,Buena,2017-12-10 00:14:22.891353
2010-03-29,19:45,43.3,,31.3,62.5,0.0,NW@2.6,6.4,48.7,0.0,0,"Buena, Yakima County",310138,Buena,2017-12-10 00:14:22.891353
2010-03-29,20:00,42.4,,31.5,65.0,0.0,NW@4.2,8.9,48.7,0.0,0,"Buena, Yakima County",310138,Buena,2017-12-10 00:14:22.891353
2010-03-29,20:15,42.4,,32.1,66.4,0.0,NW@3.2,6.7,48.7,0.0,0,"Buena, Yakima County",310138,Buena,2017-12-10 00:14:22.891353
2010-03-29,20:30,42.5,,32.2,66.6,0.0,NW@3.3,5.7,48.7,0.0,0,"Buena, Yakima County",310138,Buena,2017-12-10 00:14:22.891353
2010-03-29,20:45,42.5,,32.3,67.1,0.0,E@3.0,6.7,48.7,0.0,0,"Buena, Yakima County",310138,Buena,2017-12-10 00:14:22.891353
2010-03-29,21:00,41.8,,32.3,68.9,0.0,NE@4.0,6.7,48.7,0.0,0,"Buena, Yakima County",310138,Buena,2017-12-10 00:14:22.891353
2010-03-29,21:15,42.3,,32.4,67.6,0.0,NE@4.1,6.0,48.7,0.0,0,"Buena, Yakima County",310138,Buena,2017-12-10 00:14:22.891353
2010-03-29,21:30,43.3,,31.4,62.6,0.0,S@4.1,13.9,48.7,0.0,0,"Buena, Yakima County",310138,Buena,2017-12-10 00:14:22.891353
2010-03-29,21:45,44.1,,31.3,60.4,0.0,NW@3.0,5.7,48.7,0.0,0,"Buena, Yakima County",310138,Buena,2017-12-10 00:14:22.891353
2010-03-29,22:00,42.9,,32.1,65.2,0.0,SE@2.2,3.5,48.7,0.0,0,"Buena, Yakima County",310138,Buena,2017-12-10 00:14:22.891353
2010-03-29,22:15,43.1,,32.2,65.1,0.0,N@2.3,3.9,48.7,0.0,0,"Buena, Yakima County",310138,Buena,2017-12-10 00:14:22.891353
2010-03-29,22:30,42.7,,32.2,66.3,0.0,NE@2.8,4.6,48.7,0.0,0,"Buena, Yakima County",310138,Buena,2017-12-10 00:14:22.891353
2010-03-29,22:45,41.9,,32.3,68.6,0.0,S@1.7,3.5,48.7,0.0,0,"Buena, Yakima County",310138,Buena,2017-12-10 00:14:22.891353
2010-03-29,23:00,41.3,,32.0,69.2,0.0,NE@1.9,3.9,48.7,0.0,0,"Buena, Yakima County",310138,Buena,2017-12-10 00:14:22.891353
2010-03-30,23:15,39.8,,32.5,75.0,0.0,NE@3.2,4.9,48.7,0.0,0,"Buena, Yakima County",310138,Buena,2017-12-10 00:14:22.891353
2010-03-30,23:30,39.3,,32.4,76.1,0.0,N@1.5,4.2,48.7,0.0,0,"Buena, Yakima County",310138,Buena,2017-12-10 00:14:22.891353
2010-03-30,23:45,37.8,,32.7,81.7,0.0,NE@2.4,4.2,48.7,0.0,0,"Buena, Yakima County",310138,Buena,2017-12-10 00:14:22.891353
2010-03-30,24:00,38.9,,32.9,79.0,0.0,NE@3.0,6.4,48.7,0.0,0,"Buena, Yakima County",310138,Buena,2017-12-10 00:14:22.891353
2010-03-30,00:15,39.3,,33.0,77.7,0.0,NE@2.5,5.3,48.7,0.0,0,"Buena, Yakima County",310138,Buena,2017-12-10 00:14:22.891353
2010-03-30,00:30,39.6,,32.7,76.3,0.0,S@2.1,4.9,48.6,0.0,0,"Buena, Yakima County",310138,Buena,2017-12-10 00:14:22.891353
2010-03-30,00:45,40.2,,31.9,72.0,0.0,SE@1.5,3.5,48.6,0.0,0,"Buena, Yakima County",310138,Buena,2017-12-10 00:14:22.891353
2010-03-30,01:00,38.2,,31.8,77.5,0.01,NE@1.3,3.5,48.6,0.0,0,"Buena, Yakima County",310138,Buena,2017-12-10 00:14:22.891353
2010-03-30,01:15,36.7,,31.2,80.2,0.01,NE@1.6,3.1,48.6,0.0,0,"Buena, Yakima County",310138,Buena,2017-12-10 00:14:22.891353
2010-03-30,01:30,36.5,,31.5,81.6,0.01,NW@2.2,4.2,48.6,0.0,0,"Buena, Yakima County",310138,Buena,2017-12-10 00:14:22.891353
2010-03-30,01:45,36.6,,31.2,80.7,0.0,N@3.1,5.3,48.6,0.0,0,"Buena, Yakima County",310138,Buena,2017-12-10 00:14:22.891353
2010-03-30,02:00,37.6,,31.1,77.0,0.0,N@2.8,4.9,48.6,0.0,0,"Buena, Yakima County",310138,Buena,2017-12-10 00:14:22.891353
2010-03-30,02:15,38.9,,30.9,72.6,0.0,N@2.5,4.6,48.6,0.0,0,"Buena, Yakima County",310138,Buena,2017-12-10 00:14:22.891353
2010-03-30,02:30,39.5,,30.8,70.9,0.0,NW@2.7,6.7,48.5,0.0,0,"Buena, Yakima County",310138,Buena,2017-12-10 00:14:22.891353
2010-03-30,02:45,40.8,,31.2,68.2,0.0,W@3.7,7.1,48.5,0.0,0,"Buena, Yakima County",310138,Buena,2017-12-10 00:14:22.891353
2010-03-30,03:00,40.4,,31.1,69.4,0.0,W@1.3,3.9,48.5,0.0,0,"Buena, Yakima County",310138,Buena,2017-12-10 00:14:22.891353
2010-03-30,03:15,40.3,,30.9,68.7,0.0,W@2.4,7.4,48.5,0.0,0,"Buena, Yakima County",310138,Buena,2017-12-10 00:14:22.891353
2010-03-30,03:30,40.7,,31.0,67.9,0.0,W@2.9,6.4,48.5,0.0,0,"Buena, Yakima County",310138,Buena,2017-12-10 00:14:22.891353
2010-03-30,03:45,40.5,,30.8,67.9,0.0,W@1.9,5.7,48.4,0.0,0,"Buena, Yakima County",310138,Buena,2017-12-10 00:14:22.891353
2010-03-30,04:00,39.4,,30.8,71.0,0.0,NE@1.3,3.5,48.4,0.0,0,"Buena, Yakima County",310138,Buena,2017-12-10 00:14:22.891353
2010-03-30,04:15,39.1,,30.7,71.6,0.0,S@2.2,4.6,48.4,0.0,0,"Buena, Yakima County",310138,Buena,2017-12-10 00:14:22.891353
2010-03-30,04:30,40.3,,30.3,67.2,0.0,W@3.4,6.4,48.4,0.0,0,"Buena, Yakima County",310138,Buena,2017-12-10 00:14:22.891353
2010-03-30,04:45,40.6,,30.6,67.2,0.0,W@5.3,12.8,48.3,0.0,0,"Buena, Yakima County",310138,Buena,2017-12-10 00:14:22.891353
2010-03-30,05:00,39.9,,30.8,69.6,0.0,S@3.5,7.8,48.3,0.0,0,"Buena, Yakima County",310138,Buena,2017-12-10 00:14:22.891353
2010-03-30,05:15,38.5,,30.5,72.6,0.0,E@3.7,5.7,48.3,0.0,0,"Buena, Yakima County",310138,Buena,2017-12-10 00:14:22.891353
2010-03-30,05:30,38.0,,30.3,73.4,0.0,E@3.2,4.9,48.3,0.0,0,"Buena, Yakima County",310138,Buena,2017-12-10 00:14:22.891353
2010-03-30,05:45,38.3,,30.0,71.8,0.0,E@3.7,5.3,48.2,0.0,2,"Buena, Yakima County",310138,Buena,2017-12-10 00:14:22.891353
2010-03-30,06:00,37.6,,30.0,74.0,0.0,E@2.5,3.5,48.2,0.0,9,"Buena, Yakima County",310138,Buena,2017-12-10 00:14:22.891353
2010-03-30,06:15,36.9,,30.4,77.1,0.0,NE@3.3,4.9,48.2,0.0,35,"Buena, Yakima County",310138,Buena,2017-12-10 00:14:22.891353
2010-03-30,06:30,37.5,,30.8,76.4,0.0,NE@3.1,5.7,48.1,0.0,63,"Buena, Yakima County",310138,Buena,2017-12-10 00:14:22.891353
2010-03-30,06:45,39.4,,31.8,73.9,0.0,NE@1.7,3.1,48.1,0.0,145,"Buena, Yakima County",310138,Buena,2017-12-10 00:14:22.891353
2010-03-30,07:00,43.0,,33.0,67.4,0.0,NE@0.8,2.1,48.1,0.0,213,"Buena, Yakima County",310138,Buena,2017-12-10 00:14:22.891353
2010-03-30,07:15,43.7,,31.9,62.9,0.0,E@2.7,4.9,48.1,0.0,179,"Buena, Yakima County",310138,Buena,2017-12-10 00:14:22.891353
2010-03-30,07:30,43.0,,31.3,62.9,0.0,SE@2.5,3.5,48.0,0.0,149,"Buena, Yakima County",310138,Buena,2017-12-10 00:14:22.891353
2010-03-30,07:45,43.2,,32.0,64.4,0.0,E@2.4,4.2,48.0,0.0,151,"Buena, Yakima County",310138,Buena,2017-12-10 00:14:22.891353
2010-03-30,08:00,43.7,,32.1,63.4,0.0,SE@2.2,3.9,48.0,0.0,198,"Buena, Yakima County",310138,Buena,2017-12-10 00:14:22.891353
2010-03-30,08:15,44.3,,31.6,60.7,0.0,SE@1.6,3.5,47.9,0.0,197,"Buena, Yakima County",310138,Buena,2017-12-10 00:14:22.891353
2010-03-30,08:30,44.6,,31.7,60.2,0.0,NE@1.8,3.9,47.9,0.0,220,"Buena, Yakima County",310138,Buena,2017-12-10 00:14:22.891353
2010-03-30,08:45,45.6,,31.5,57.6,0.0,N@1.7,3.9,47.9,0.0,247,"Buena, Yakima County",310138,Buena,2017-12-10 00:14:22.891353
2010-03-30,09:00,46.0,,31.2,56.1,0.0,N@1.8,3.5,47.8,0.0,268,"Buena, Yakima County",310138,Buena,2017-12-10 00:14:22.891353
2010-03-30,09:15,47.0,,32.2,56.0,0.0,NW@2.2,4.9,47.8,0.0,380,"Buena, Yakima County",310138,Buena,2017-12-10 00:14:22.891353
2010-03-30,09:30,47.8,,32.1,54.3,0.0,SW@3.4,6.4,47.8,0.0,490,"Buena, Yakima County",310138,Buena,2017-12-10 00:14:22.891353
2010-03-30,09:45,48.1,,32.5,54.5,0.0,SW@3.9,6.0,47.8,0.0,524,"Buena, Yakima County",310138,Buena,2017-12-10 00:14:22.891353
2010-03-30,10:00,48.4,,32.6,54.2,0.0,SW@3.2,8.9,47.7,0.0,459,"Buena, Yakima County",310138,Buena,2017-12-10 00:14:22.891353
2010-03-30,10:15,48.5,,32.4,53.4,0.0,W@3.0,5.3,47.7,0.0,423,"Buena, Yakima County",310138,Buena,2017-12-10 00:14:22.891353
2010-03-30,10:30,49.0,,32.6,53.0,0.0,W@4.6,8.5,47.7,0.0,412,"Buena, Yakima County",310138,Buena,2017-12-10 00:14:22.891353
2010-03-30,10:45,48.5,,32.3,53.2,0.0,W@4.6,8.9,47.6,0.0,329,"Buena, Yakima County",310138,Buena,2017-12-10 00:14:22.891353
2010-03-30,11:00,48.9,,32.4,52.7,0.0,W@2.8,5.3,47.6,0.0,279,"Buena, Yakima County",310138,Buena,2017-12-10 00:14:22.891353
2010-03-30,11:15,48.9,,32.0,52.0,0.0,SE@2.0,4.2,47.6,0.0,250,"Buena, Yakima County",310138,Buena,2017-12-10 00:14:22.891353
2010-03-30,11:30,49.5,,32.5,51.7,0.0,SW@4.0,7.4,47.6,0.0,335,"Buena, Yakima County",310138,Buena,2017-12-10 00:14:22.891353
2010-03-30,11:45,50.7,,32.6,49.7,0.0,SW@5.9,12.1,47.6,0.0,547,"Buena, Yakima County",310138,Buena,2017-12-10 00:14:22.891353
2010-03-30,12:00,51.0,,31.2,46.4,0.0,SW@6.0,12.8,47.5,0.0,510,"Buena, Yakima County",310138,Buena,2017-12-10 00:14:22.891353
2010-03-30,12:15,52.5,,31.6,44.7,0.0,SW@6.1,10.3,47.5,0.0,801,"Buena, Yakima County",310138,Buena,2017-12-10 00:14:22.891353
2010-03-30,12:30,52.5,,31.6,44.6,0.0,SW@5.5,11.4,47.5,0.0,413,"Buena, Yakima County",310138,Buena,2017-12-10 00:14:22.891353
2010-03-30,12:45,51.6,,31.1,45.2,0.0,SW@4.6,7.1,47.5,0.0,286,"Buena, Yakima County",310138,Buena,2017-12-10 00:14:22.891353
2010-03-30,13:00,51.5,,31.1,45.4,0.0,SW@5.5,10.3,47.5,0.0,442,"Buena, Yakima County",310138,Buena,2017-12-10 00:14:22.891353
2010-03-30,13:15,53.7,,30.9,41.5,0.0,SW@4.7,11.7,47.5,0.0,646,"Buena, Yakima County",310138,Buena,2017-12-10 00:14:22.891353
2010-03-30,13:30,53.3,,32.2,44.4,0.0,SW@6.9,13.5,47.5,0.0,391,"Buena, Yakima County",310138,Buena,2017-12-10 00:14:22.891353
2010-03-30,13:45,54.0,,33.0,44.7,0.0,SW@8.9,19.2,47.5,0.0,606,"Buena, Yakima County",310138,Buena,2017-12-10 00:14:22.891353
2010-03-30,14:00,53.5,,32.5,44.7,0.0,SW@8.1,15.3,47.5,0.0,358,"Buena, Yakima County",310138,Buena,2017-12-10 00:14:22.891353
2010-03-30,14:15,52.5,,32.5,46.3,0.0,SW@8.2,14.2,47.5,0.0,416,"Buena, Yakima County",310138,Buena,2017-12-10 00:14:22.891353
2010-03-30,14:30,53.8,,31.9,43.1,0.0,SW@8.0,14.2,47.5,0.0,478,"Buena, Yakima County",310138,Buena,2017-12-10 00:14:22.891353
2010-03-30,14:45,52.9,,32.4,45.3,0.0,SW@7.5,12.8,47.5,0.0,311,"Buena, Yakima County",310138,Buena,2017-12-10 00:14:22.891353
2010-03-30,15:00,52.2,,32.9,47.5,0.0,SW@9.6,16.7,47.5,0.0,374,"Buena, Yakima County",310138,Buena,2017-12-10 00:14:22.891353
2010-03-30,15:15,53.6,,31.2,42.2,0.0,SW@10.0,17.1,47.5,0.0,528,"Buena, Yakima County",310138,Buena,2017-12-10 00:14:22.891353
2010-03-30,15:30,53.9,,29.8,39.3,0.0,SW@10.1,15.7,47.6,0.0,391,"Buena, Yakima County",310138,Buena,2017-12-10 00:14:22.891353
2010-03-30,15:45,53.1,,31.9,44.2,0.0,SW@8.9,17.8,47.6,0.0,392,"Buena, Yakima County",310138,Buena,2017-12-10 00:14:22.891353
2010-03-30,16:00,54.0,,29.8,39.4,0.0,W@9.2,16.7,47.6,0.0,333,"Buena, Yakima County",310138,Buena,2017-12-10 00:14:22.891353
2010-03-30,16:15,52.7,,28.6,39.3,0.0,W@9.5,15.7,47.6,0.0,213,"Buena, Yakima County",310138,Buena,2017-12-10 00:14:22.891353
2010-03-30,16:30,50.9,,29.7,43.8,0.0,W@9.5,15.7,47.6,0.0,153,"Buena, Yakima County",310138,Buena,2017-12-10 00:14:22.891353
2010-03-30,16:45,50.2,,30.1,45.7,0.0,W@7.0,13.5,47.7,0.0,132,"Buena, Yakima County",310138,Buena,2017-12-10 00:14:22.891353
2010-03-30,17:00,51.4,,30.0,43.6,0.0,W@7.3,14.2,47.7,0.0,190,"Buena, Yakima County",310138,Buena,2017-12-10 00:14:22.891353
2010-03-30,17:15,51.8,,30.2,43.3,0.0,SW@7.4,13.5,47.7,0.0,130,"Buena, Yakima County",310138,Buena,2017-12-10 00:14:22.891353
2010-03-30,17:30,51.7,,30.9,44.8,0.0,W@7.0,13.5,47.7,0.0,119,"Buena, Yakima County",310138,Buena,2017-12-10 00:14:22.891353
2010-03-30,17:45,50.1,,30.5,46.7,0.0,W@6.8,12.4,47.7,0.0,69,"Buena, Yakima County",310138,Buena,2017-12-10 00:14:22.891353
2010-03-30,18:00,47.9,,30.4,50.4,0.0,W@7.1,13.5,47.8,0.0,22,"Buena, Yakima County",310138,Buena,2017-12-10 00:14:22.891353
2010-03-30,18:15,47.0,,30.0,51.2,0.0,W@6.7,13.2,47.8,0.0,18,"Buena, Yakima County",310138,Buena,2017-12-10 00:14:22.891353
2010-03-30,18:30,46.4,,29.9,52.2,0.0,W@6.1,11.0,47.8,0.0,5,"Buena, Yakima County",310138,Buena,2017-12-10 00:14:22.891353
2010-03-30,18:45,45.8,,29.9,53.6,0.0,W@4.4,8.5,47.8,0.0,1,"Buena, Yakima County",310138,Buena,2017-12-10 00:14:22.891353
2010-03-30,19:00,45.3,,29.7,54.0,0.0,W@5.1,8.9,47.9,0.0,0,"Buena, Yakima County",310138,Buena,2017-12-10 00:14:22.891353
2010-03-30,19:15,44.5,,29.5,55.2,0.0,W@3.5,7.8,47.9,0.0,0,"Buena, Yakima County",310138,Buena,2017-12-10 00:14:22.891353
2010-03-30,19:30,43.5,,29.5,57.5,0.0,W@2.6,5.3,47.9,0.0,0,"Buena, Yakima County",310138,Buena,2017-12-10 00:14:22.891353
2010-03-30,19:45,42.9,,29.1,57.7,0.0,W@3.6,5.7,48.0,0.0,0,"Buena, Yakima County",310138,Buena,2017-12-10 00:14:22.891353
2010-03-30,20:00,42.3,,29.0,59.1,0.0,W@3.6,5.3,48.0,0.0,0,"Buena, Yakima County",310138,Buena,2017-12-10 00:14:22.891353
2010-03-30,20:15,40.4,,29.5,64.6,0.0,N@2.7,4.2,48.0,0.0,0,"Buena, Yakima County",310138,Buena,2017-12-10 00:14:22.891353
2010-03-30,20:30,39.3,,30.1,69.4,0.0,NE@2.3,3.5,48.0,0.0,0,"Buena, Yakima County",310138,Buena,2017-12-10 00:14:22.891353
2010-03-30,20:45,36.7,,30.3,77.6,0.0,NE@1.7,3.5,48.0,0.0,0,"Buena, Yakima County",310138,Buena,2017-12-10 00:14:22.891353
2010-03-30,21:00,36.2,,30.3,79.1,0.01,NE@0.8,3.5,48.0,0.0,0,"Buena, Yakima County",310138,Buena,2017-12-10 00:14:22.891353
2010-03-30,21:15,34.5,,30.0,83.1,0.01,NE@2.2,3.9,48.1,0.0,0,"Buena, Yakima County",310138,Buena,2017-12-10 00:14:22.891353
2010-03-30,21:30,35.4,,30.3,81.6,0.01,NE@1.8,3.1,48.1,0.0,0,"Buena, Yakima County",310138,Buena,2017-12-10 00:14:22.891353
2010-03-30,21:45,37.7,,30.7,75.8,0.0,N@2.6,3.5,48.1,0.0,0,"Buena, Yakima County",310138,Buena,2017-12-10 00:14:22.891353
2010-03-30,22:00,37.8,,30.2,73.8,0.0,NE@0.8,2.4,48.1,0.0,0,"Buena, Yakima County",310138,Buena,2017-12-10 00:14:22.891353
2010-03-30,22:15,35.7,,30.9,82.3,0.01,NE@2.3,3.5,48.1,0.0,0,"Buena, Yakima County",310138,Buena,2017-12-10 00:14:22.891353
2010-03-30,22:30,34.9,,31.3,86.3,0.02,NE@2.0,3.5,48.1,0.0,0,"Buena, Yakima County",310138,Buena,2017-12-10 00:14:22.891353
2010-03-30,22:45,33.6,,30.6,88.6,0.08,NE@2.4,3.1,48.1,0.0,0,"Buena, Yakima County",310138,Buena,2017-12-10 00:14:22.891353
2010-03-30,23:00,33.6,,29.6,85.1,0.12,NE@1.2,3.1,48.2,0.0,0,"Buena, Yakima County",310138,Buena,2017-12-10 00:14:22.891353
2010-03-31,23:15,34.0,,29.3,82.8,0.08,NE@2.7,5.3,48.2,0.0,0,"Buena, Yakima County",310138,Buena,2017-12-10 00:14:22.891353
2010-03-31,23:30,34.3,,28.9,80.3,0.03,NE@2.2,3.5,48.2,0.0,0,"Buena, Yakima County",310138,Buena,2017-12-10 00:14:22.891353
2010-03-31,23:45,33.3,,28.6,82.9,0.03,NE@2.7,4.6,48.2,0.0,0,"Buena, Yakima County",310138,Buena,2017-12-10 00:14:22.891353
2010-03-31,24:00,32.9,,28.5,83.6,0.04,NE@1.3,2.8,48.2,0.0,0,"Buena, Yakima County",310138,Buena,2017-12-10 00:14:22.891353
2010-03-31,00:15,33.1,,29.0,84.9,0.07,NE@2.1,3.9,48.1,0.0,0,"Buena, Yakima County",310138,Buena,2017-12-10 00:14:22.891353
2010-03-31,00:30,33.1,,28.7,83.9,0.08,NE@1.6,3.5,48.1,0.0,0,"Buena, Yakima County",310138,Buena,2017-12-10 00:14:22.891353
2010-03-31,00:45,33.0,,28.7,83.9,0.09,NE@2.1,4.2,48.1,0.0,0,"Buena, Yakima County",310138,Buena,2017-12-10 00:14:22.891353
2010-03-31,01:00,32.6,,28.2,83.7,0.09,NE@2.2,4.2,48.1,0.0,0,"Buena, Yakima County",310138,Buena,2017-12-10 00:14:22.891353
2010-03-31,01:15,32.5,,28.0,83.3,0.06,NE@2.2,4.9,48.1,0.0,0,"Buena, Yakima County",310138,Buena,2017-12-10 00:14:22.891353
2010-03-31,01:30,32.3,,28.2,84.8,0.1,NE@1.9,3.1,48.1,0.0,0,"Buena, Yakima County",310138,Buena,2017-12-10 00:14:22.891353
2010-03-31,01:45,32.1,,28.0,84.6,0.1,NE@2.5,4.2,48.1,0.0,0,"Buena, Yakima County",310138,Buena,2017-12-10 00:14:22.891353
2010-03-31,02:00,32.3,,28.0,84.1,0.12,NE@1.8,4.2,48.0,0.0,0,"Buena, Yakima County",310138,Buena,2017-12-10 00:14:22.891353
2010-03-31,02:15,32.1,,27.7,83.7,0.12,NE@1.3,3.5,48.0,0.0,0,"Buena, Yakima County",310138,Buena,2017-12-10 00:14:22.891353
2010-03-31,02:30,31.7,,28.2,87.2,0.18,NE@2.5,3.5,48.0,0.0,0,"Buena, Yakima County",310138,Buena,2017-12-10 00:14:22.891353
2010-03-31,02:45,31.7,,27.8,86.0,0.22,NE@1.6,2.4,48.0,0.0,0,"Buena, Yakima County",310138,Buena,2017-12-10 00:14:22.891353
2010-03-31,03:00,31.8,,27.7,85.1,0.19,NE@3.0,9.6,48.0,0.0,0,"Buena, Yakima County",310138,Buena,2017-12-10 00:14:22.891353
2010-03-31,03:15,32.9,,28.3,83.0,0.08,NE@3.1,13.5,47.9,0.0,0,"Buena, Yakima County",310138,Buena,2017-12-10 00:14:22.891353
2010-03-31,03:30,32.2,,27.6,83.1,0.04,NE@3.3,6.7,47.9,0.0,0,"Buena, Yakima County",310138,Buena,2017-12-10 00:14:22.891353
2010-03-31,03:45,32.4,,27.7,82.6,0.02,NE@3.3,8.2,47.9,0.0,0,"Buena, Yakima County",310138,Buena,2017-12-10 00:14:22.891353
2010-03-31,04:00,32.3,,27.8,83.0,0.02,NE@3.3,7.4,47.8,0.0,0,"Buena, Yakima County",310138,Buena,2017-12-10 00:14:22.891353
2010-03-31,04:15,32.4,,27.9,83.3,0.02,NE@2.0,6.7,47.8,0.0,0,"Buena, Yakima County",310138,Buena,2017-12-10 00:14:22.891353
2010-03-31,04:30,32.7,,28.1,82.9,0.02,NE@2.5,5.7,47.8,0.0,0,"Buena, Yakima County",310138,Buena,2017-12-10 00:14:22.891353
2010-03-31,04:45,33.5,,28.5,81.8,0.02,NE@3.0,12.4,47.7,0.0,0,"Buena, Yakima County",310138,Buena,2017-12-10 00:14:22.891353
2010-03-31,05:00,33.4,,29.0,83.6,0.02,NE@3.2,9.2,47.7,0.0,0,"Buena, Yakima County",310138,Buena,2017-12-10 00:14:22.891353
2010-03-31,05:15,33.8,,29.2,82.9,0.02,NE@3.1,11.0,47.7,0.0,0,"Buena, Yakima County",310138,Buena,2017-12-10 00:14:22.891353
2010-03-31,05:30,34.4,,29.3,81.2,0.01,NE@3.1,11.4,47.7,0.0,0,"Buena, Yakima County",310138,Buena,2017-12-10 00:14:22.891353
2010-03-31,05:45,34.3,,29.5,82.2,0.01,NE@2.6,13.5,47.6,0.0,3,"Buena, Yakima County",310138,Buena,2017-12-10 00:14:22.891353
2010-03-31,06:00,32.8,,28.7,84.7,0.02,S@2.9,8.5,47.6,0.0,11,"Buena, Yakima County",310138,Buena,2017-12-10 00:14:22.891353
2010-03-31,06:15,31.6,,28.7,89.8,0.08,NE@1.4,7.4,47.5,0.0,34,"Buena, Yakima County",310138,Buena,2017-12-10 00:14:22.891353
2010-03-31,06:30,32.9,,29.4,86.7,0.09,N@2.4,4.6,47.5,0.0,101,"Buena, Yakima County",310138,Buena,2017-12-10 00:14:22.891353
2010-03-31,06:45,34.4,,29.8,83.0,0.03,N@2.2,3.5,47.5,0.0,145,"Buena, Yakima County",310138,Buena,2017-12-10 00:14:22.891353
2010-03-31,07:00,36.7,,30.6,78.2,0.01,N@2.3,3.1,47.4,0.0,191,"Buena, Yakima County",310138,Buena,2017-12-10 00:14:22.891353
2010-03-31,07:15,37.8,,30.7,75.5,0.0,NW@1.8,3.9,47.4,0.0,212,"Buena, Yakima County",310138,Buena,2017-12-10 00:14:22.891353
2010-03-31,07:30,39.8,,30.7,69.4,0.0,SE@1.0,2.4,47.3,0.0,248,"Buena, Yakima County",310138,Buena,2017-12-10 00:14:22.891353
2010-03-31,07:45,40.8,,31.0,67.6,0.0,SW@1.2,3.5,47.3,0.0,286,"Buena, Yakima County",310138,Buena,2017-12-10 00:14:22.891353
2010-03-31,08:00,42.4,,31.4,64.9,0.0,NE@1.0,2.4,47.3,0.0,356,"Buena, Yakima County",310138,Buena,2017-12-10 00:14:22.891353
2010-03-31,08:15,43.3,,32.1,64.4,0.0,SW@1.8,3.9,47.2,0.0,404,"Buena, Yakima County",310138,Buena,2017-12-10 00:14:22.891353
2010-03-31,08:30,43.6,,31.8,62.7,0.0,S@2.8,4.6,47.2,0.0,438,"Buena, Yakima County",310138,Buena,2017-12-10 00:14:22.891353
2010-03-31,08:45,43.9,,31.7,61.8,0.0,S@2.9,5.7,47.2,0.0,480,"Buena, Yakima County",310138,Buena,2017-12-10 00:14:22.891353
2010-03-31,09:00,45.6,,32.0,58.9,0.0,SE@2.3,4.9,47.1,0.0,527,"Buena, Yakima County",310138,Buena,2017-12-10 00:14:22.891353
2010-03-31,09:15,46.2,,31.1,55.4,0.0,NW@2.8,4.9,47.1,0.0,568,"Buena, Yakima County",310138,Buena,2017-12-10 00:14:22.891353
2010-03-31,09:30,46.9,,31.9,55.6,0.0,SW@2.2,4.6,47.0,0.0,587,"Buena, Yakima County",310138,Buena,2017-12-10 00:14:22.891353
2010-03-31,09:45,47.7,,31.4,52.9,0.0,NW@3.0,6.4,47.0,0.0,616,"Buena, Yakima County",310138,Buena,2017-12-10 00:14:22.891353
2010-03-31,10:00,48.0,,31.8,53.2,0.0,S@4.3,8.2,47.0,0.0,646,"Buena, Yakima County",310138,Buena,2017-12-10 00:14:22.891353
2010-03-31,10:15,49.0,,30.8,49.2,0.0,S@3.7,6.7,46.9,0.0,676,"Buena, Yakima County",310138,Buena,2017-12-10 00:14:22.891353
2010-03-31,10:30,49.9,,31.0,48.0,0.0,SW@3.3,7.1,46.9,0.0,714,"Buena, Yakima County",310138,Buena,2017-12-10 00:14:22.891353
2010-03-31,10:45,50.1,,29.5,44.8,0.0,SW@4.2,8.5,46.9,0.0,729,"Buena, Yakima County",310138,Buena,2017-12-10 00:14:22.891353
2010-03-31,11:00,50.5,,29.6,44.3,0.0,SW@4.0,7.4,46.8,0.0,718,"Buena, Yakima County",310138,Buena,2017-12-10 00:14:22.891353
2010-03-31,11:15,51.2,,29.9,43.7,0.0,SW@5.0,9.9,46.8,0.0,735,"Buena, Yakima County",310138,Buena,2017-12-10 00:14:22.891353
2010-03-31,11:30,51.4,,27.8,39.8,0.0,W@4.9,8.9,46.8,0.0,711,"Buena, Yakima County",310138,Buena,2017-12-10 00:14:22.891353
2010-03-31,11:45,52.1,,27.1,37.7,0.0,W@4.2,8.5,46.8,0.0,697,"Buena, Yakima County",310138,Buena,2017-12-10 00:14:22.891353
2010-03-31,12:00,52.8,,27.4,37.1,0.0,W@3.5,6.7,46.8,0.0,766,"Buena, Yakima County",310138,Buena,2017-12-10 00:14:22.891353
2010-03-31,12:15,53.5,,27.1,35.8,0.0,W@4.3,8.2,46.8,0.0,774,"Buena, Yakima County",310138,Buena,2017-12-10 00:14:22.891353
2010-03-31,12:30,53.5,,26.1,34.3,0.0,NW@4.5,8.2,46.8,0.0,663,"Buena, Yakima County",310138,Buena,2017-12-10 00:14:22.891353
2010-03-31,12:45,52.5,,25.7,35.2,0.0,W@3.7,7.1,46.8,0.0,384,"Buena, Yakima County",310138,Buena,2017-12-10 00:14:22.891353
2010-03-31,13:00,51.0,,24.6,35.5,0.0,W@2.1,4.9,46.7,0.0,190,"Buena, Yakima County",310138,Buena,2017-12-10 00:14:22.891353
2010-03-31,13:15,51.3,,26.0,37.1,0.0,NW@2.4,6.0,46.8,0.0,216,"Buena, Yakima County",310138,Buena,2017-12-10 00:14:22.891353
2010-03-31,13:30,52.2,,26.6,36.7,0.0,NW@2.7,4.9,46.8,0.0,317,"Buena, Yakima County",310138,Buena,2017-12-10 00:14:22.891353
2010-03-31,13:45,53.3,,28.2,37.9,0.0,SE@3.1,6.0,46.8,0.0,493,"Buena, Yakima County",310138,Buena,2017-12-10 00:14:22.891353
2010-03-31,14:00,54.6,,28.5,36.5,0.0,NE@2.8,5.7,46.8,0.0,763,"Buena, Yakima County",310138,Buena,2017-12-10 00:14:22.891353
2010-03-31,14:15,54.9,,28.5,36.2,0.0,S@4.0,7.4,46.8,0.0,579,"Buena, Yakima County",310138,Buena,2017-12-10 00:14:22.891353
2010-03-31,14:30,53.7,,27.8,36.5,0.0,S@4.5,9.6,46.8,0.0,349,"Buena, Yakima County",310138,Buena,2017-12-10 00:14:22.891353
2010-03-31,14:45,52.8,,26.8,36.3,0.0,S@4.1,7.4,46.8,0.0,250,"Buena, Yakima County",310138,Buena,2017-12-10 00:14:22.891353
2010-03-31,15:00,52.1,,27.1,37.7,0.0,SW@4.6,8.2,46.9,0.0,189,"Buena, Yakima County",310138,Buena,2017-12-10 00:14:22.891353
2010-03-31,15:15,51.4,,27.9,40.0,0.0,SW@5.2,11.4,46.9,0.0,145,"Buena, Yakima County",310138,Buena,2017-12-10 00:14:22.891353
2010-03-31,15:30,49.8,,30.3,46.9,0.0,W@6.9,11.7,46.9,0.0,141,"Buena, Yakima County",310138,Buena,2017-12-10 00:14:22.891353
2010-03-31,15:45,49.2,,30.0,47.2,0.0,W@6.0,9.9,47.0,0.0,130,"Buena, Yakima County",310138,Buena,2017-12-10 00:14:22.891353
2010-03-31,16:00,49.5,,29.9,46.6,0.0,W@5.4,10.7,47.0,0.0,124,"Buena, Yakima County",310138,Buena,2017-12-10 00:14:22.891353
2010-03-31,16:15,49.0,,30.9,49.4,0.0,W@6.1,10.7,47.0,0.0,118,"Buena, Yakima County",310138,Buena,2017-12-10 00:14:22.891353
2010-03-31,16:30,49.2,,32.2,51.6,0.0,W@4.5,7.1,47.1,0.0,131,"Buena, Yakima County",310138,Buena,2017-12-10 00:14:22.891353
2010-03-31,16:45,50.1,,31.3,48.2,0.0,W@4.9,9.2,47.1,0.0,151,"Buena, Yakima County",310138,Buena,2017-12-10 00:14:22.891353
2010-03-31,17:00,50.3,,29.9,45.3,0.0,W@4.7,7.8,47.2,0.0,125,"Buena, Yakima County",310138,Buena,2017-12-10 00:14:22.891353
2010-03-31,17:15,49.6,,29.4,45.5,0.0,W@5.4,9.2,47.2,0.0,74,"Buena, Yakima County",310138,Buena,2017-12-10 00:14:22.891353
2010-03-31,17:30,48.7,,30.0,48.1,0.0,W@4.3,6.7,47.2,0.0,54,"Buena, Yakima County",310138,Buena,2017-12-10 00:14:22.891353
2010-03-31,17:45,48.7,,30.4,49.0,0.0,W@4.3,7.1,47.3,0.0,44,"Buena, Yakima County",310138,Buena,2017-12-10 00:14:22.891353
2010-03-31,18:00,47.4,,31.6,54.1,0.0,W@2.6,4.2,47.3,0.0,28,"Buena, Yakima County",310138,Buena,2017-12-10 00:14:22.891353
2010-03-31,18:15,46.1,,32.2,58.1,0.0,SW@2.1,3.5,47.4,0.0,18,"Buena, Yakima County",310138,Buena,2017-12-10 00:14:22.891353
2010-03-31,18:30,45.1,,32.4,60.7,0.0,W@1.9,2.4,47.4,0.0,7,"Buena, Yakima County",310138,Buena,2017-12-10 00:14:22.891353
2010-03-31,18:45,43.4,,32.4,64.7,0.0,NW@2.4,3.1,47.4,0.0,1,"Buena, Yakima County",310138,Buena,2017-12-10 00:14:22.891353
2010-03-31,19:00,41.9,,32.0,67.6,0.0,N@1.0,2.8,47.5,0.0,0,"Buena, Yakima County",310138,Buena,2017-12-10 00:14:22.891353
2010-03-31,19:15,41.0,,31.9,69.8,0.0,NW@0.7,4.9,47.5,0.0,0,"Buena, Yakima County",310138,Buena,2017-12-10 00:14:22.891353
2010-03-31,19:30,41.7,,29.9,62.5,0.0,NW@2.4,4.2,47.5,0.0,0,"Buena, Yakima County",310138,Buena,2017-12-10 00:14:22.891353
2010-03-31,19:45,41.5,,29.8,63.1,0.0,NW@1.9,2.8,47.6,0.0,0,"Buena, Yakima County",310138,Buena,2017-12-10 00:14:22.891353
2010-03-31,20:00,40.9,,29.4,63.4,0.0,NW@2.4,3.5,47.6,0.0,0,"Buena, Yakima County",310138,Buena,2017-12-10 00:14:22.891353
2010-03-31,20:15,41.4,,29.6,62.7,0.0,NW@3.5,8.5,47.6,0.0,0,"Buena, Yakima County",310138,Buena,2017-12-10 00:14:22.891353
2010-03-31,20:30,42.0,,29.6,61.1,0.0,W@2.8,4.6,47.7,0.0,0,"Buena, Yakima County",310138,Buena,2017-12-10 00:14:22.891353
2010-03-31,20:45,40.5,,29.2,63.8,0.0,NW@2.2,4.2,47.7,0.0,0,"Buena, Yakima County",310138,Buena,2017-12-10 00:14:22.891353
2010-03-31,21:00,39.8,,29.5,66.4,0.0,NW@2.1,3.5,47.7,0.0,0,"Buena, Yakima County",310138,Buena,2017-12-10 00:14:22.891353
2010-03-31,21:15,37.9,,29.3,70.9,0.0,NW@2.3,3.9,47.7,0.0,0,"Buena, Yakima County",310138,Buena,2017-12-10 00:14:22.891353
2010-03-31,21:30,39.3,,30.0,69.0,0.0,NW@2.7,3.9,47.8,0.0,0,"Buena, Yakima County",310138,Buena,2017-12-10 00:14:22.891353
2010-03-31,21:45,40.0,,29.7,66.3,0.0,NW@2.2,5.7,47.8,0.0,0,"Buena, Yakima County",310138,Buena,2017-12-10 00:14:22.891353
2010-03-31,22:00,39.0,,29.7,69.0,0.0,W@0.6,3.5,47.8,0.0,0,"Buena, Yakima County",310138,Buena,2017-12-10 00:14:22.891353
2010-03-31,22:15,37.2,,29.2,72.6,0.01,SW@0.6,2.1,47.8,0.0,0,"Buena, Yakima County",310138,Buena,2017-12-10 00:14:22.891353
2010-03-31,22:30,36.7,,29.5,74.7,0.01,NE@0.8,3.9,47.8,0.0,0,"Buena, Yakima County",310138,Buena,2017-12-10 00:14:22.891353
2010-03-31,22:45,35.7,,29.1,76.8,0.01,E@2.2,3.1,47.8,0.0,0,"Buena, Yakima County",310138,Buena,2017-12-10 00:14:22.891353
2010-03-31,23:00,35.2,,29.2,78.5,0.01,NE@1.8,2.8,47.8,0.0,0,"Buena, Yakima County",310138,Buena,2017-12-10 00:14:22.891353
2010-04-01,23:15,34.1,,29.0,81.5,0.02,NE@1.8,3.9,47.8,0.0,0,"Buena, Yakima County",310138,Buena,2017-12-10 00:14:22.891353
2010-04-01,23:30,33.1,,29.8,87.6,0.05,NE@2.7,3.9,47.8,0.0,0,"Buena, Yakima County",310138,Buena,2017-12-10 00:14:22.891353
2010-04-01,23:45,32.9,,29.6,87.4,0.12,NE@2.4,3.1,47.8,0.0,0,"Buena, Yakima County",310138,Buena,2017-12-10 00:14:22.891353
2010-04-01,24:00,33.9,,29.0,81.9,0.1,N@2.4,3.5,47.8,0.0,0,"Buena, Yakima County",310138,Buena,2017-12-10 00:14:22.891353
2010-04-01,00:15,33.9,,28.5,80.3,0.06,E@1.0,3.9,47.8,0.0,0,"Buena, Yakima County",310138,Buena,2017-12-10 00:14:22.891353
2010-04-01,00:30,33.0,,28.7,83.8,0.13,NW@0.3,2.4,47.8,0.0,0,"Buena, Yakima County",310138,Buena,2017-12-10 00:14:22.891353
2010-04-01,00:45,35.8,,28.8,75.4,0.06,W@3.7,6.7,47.8,0.0,0,"Buena, Yakima County",310138,Buena,2017-12-10 00:14:22.891353
2010-04-01,01:00,38.4,,28.9,68.3,0.0,W@3.7,5.7,47.8,0.0,0,"Buena, Yakima County",310138,Buena,2017-12-10 00:14:22.891353
2010-04-01,01:15,38.5,,28.7,67.6,0.0,NW@3.2,7.1,47.7,0.0,0,"Buena, Yakima County",310138,Buena,2017-12-10 00:14:22.891353
2010-04-01,01:30,37.6,,28.6,69.7,0.0,N@2.7,3.9,47.7,0.0,0,"Buena, Yakima County",310138,Buena,2017-12-10 00:14:22.891353
2010-04-01,01:45,36.4,,28.1,71.6,0.0,NW@2.7,4.2,47.7,0.0,0,"Buena, Yakima County",310138,Buena,2017-12-10 00:14:22.891353
2010-04-01,02:00,35.9,,28.0,72.8,0.0,NW@3.1,5.7,47.7,0.0,0,"Buena, Yakima County",310138,Buena,2017-12-10 00:14:22.891353
2010-04-01,02:15,35.9,,28.3,73.7,0.0,NW@2.3,4.2,47.7,0.0,0,"Buena, Yakima County",310138,Buena,2017-12-10 00:14:22.891353
2010-04-01,02:30,36.4,,28.1,71.4,0.0,NW@3.9,8.5,47.6,0.0,0,"Buena, Yakima County",310138,Buena,2017-12-10 00:14:22.891353
2010-04-01,02:45,37.6,,28.3,68.8,0.0,NW@3.0,6.0,47.6,0.0,0,"Buena, Yakima County",310138,Buena,2017-12-10 00:14:22.891353
2010-04-01,03:00,37.1,,27.9,69.1,0.0,W@3.0,6.0,47.6,0.0,0,"Buena, Yakima County",310138,Buena,2017-12-10 00:14:22.891353
2010-04-01,03:15,36.8,,28.0,70.3,0.0,NW@3.2,4.9,47.6,0.0,0,"Buena, Yakima County",310138,Buena,2017-12-10 00:14:22.891353
2010-04-01,03:30,36.5,,28.0,71.0,0.0,N@2.2,4.9,47.5,0.0,0,"Buena, Yakima County",310138,Buena,2017-12-10 00:14:22.891353
2010-04-01,03:45,34.2,,28.0,77.8,0.01,SW@2.1,4.2,47.5,0.0,0,"Buena, Yakima County",310138,Buena,2017-12-10 00:14:22.891353
2010-04-01,04:00,33.0,,27.2,79.0,0.02,W@1.7,3.9,47.5,0.0,0,"Buena, Yakima County",310138,Buena,2017-12-10 00:14:22.891353
2010-04-01,04:15,33.1,,26.6,76.7,0.01,W@1.1,3.1,47.4,0.0,0,"Buena, Yakima County",310138,Buena,2017-12-10 00:14:22.891353
2010-04-01,04:30,33.6,,26.8,75.9,0.01,SW@1.9,4.6,47.4,0.0,0,"Buena, Yakima County",310138,Buena,2017-12-10 00:14:22.891353
2010-04-01,04:45,32.6,,26.8,78.9,0.02,W@1.8,3.9,47.4,0.0,0,"Buena, Yakima County",310138,Buena,2017-12-10 00:14:22.891353
2010-04-01,05:00,31.2,,25.4,79.7,0.02,W@1.8,3.5,47.3,0.0,0,"Buena, Yakima County",310138,Buena,2017-12-10 00:14:22.891353
2010-04-01,05:15,31.3,,25.7,80.3,0.02,NW@1.9,7.8,47.3,0.0,0,"Buena, Yakima County",310138,Buena,2017-12-10 00:14:22.891353
2010-04-01,05:30,32.2,,26.4,78.8,0.02,S@1.4,9.6,47.3,0.0,0,"Buena, Yakima County",310138,Buena,2017-12-10 00:14:22.891353
2010-04-01,05:45,31.4,,26.3,81.6,0.02,NE@2.5,14.6,47.2,0.0,4,"Buena, Yakima County",310138,Buena,2017-12-10 00:14:22.891353
2010-04-01,06:00,32.3,,27.3,81.5,0.02,NE@3.0,15.0,47.2,0.0,16,"Buena, Yakima County",310138,Buena,2017-12-10 00:14:22.891353
2010-04-01,06:15,33.3,,27.0,77.4,0.01,NE@2.6,9.6,47.2,0.0,61,"Buena, Yakima County",310138,Buena,2017-12-10 00:14:22.891353
2010-04-01,06:30,34.3,,27.4,75.5,0.01,NE@2.8,9.2,47.1,0.0,103,"Buena, Yakima County",310138,Buena,2017-12-10 00:14:22.891353
2010-04-01,06:45,36.2,,27.9,71.6,0.0,W@1.8,4.2,47.1,0.0,144,"Buena, Yakima County",310138,Buena,2017-12-10 00:14:22.891353
2010-04-01,07:00,35.8,,28.9,75.8,0.0,SE@2.5,3.9,47.1,0.0,188,"Buena, Yakima County",310138,Buena,2017-12-10 00:14:22.891353
2010-04-01,07:15,37.8,,28.7,69.3,0.0,E@2.4,3.5,47.0,0.0,233,"Buena, Yakima County",310138,Buena,2017-12-10 00:14:22.891353
2010-04-01,07:30,39.6,,29.5,66.7,0.0,E@2.3,3.1,47.0,0.0,277,"Buena, Yakima County",310138,Buena,2017-12-10 00:14:22.891353
2010-04-01,07:45,41.5,,29.1,60.9,0.0,E@2.0,2.8,46.9,0.0,316,"Buena, Yakima County",310138,Buena,2017-12-10 00:14:22.891353
2010-04-01,08:00,43.3,,29.2,57.1,0.0,SE@1.6,3.1,46.9,0.0,365,"Buena, Yakima County",310138,Buena,2017-12-10 00:14:22.891353
2010-04-01,08:15,43.7,,29.5,57.1,0.0,SW@2.4,4.2,46.9,0.0,407,"Buena, Yakima County",310138,Buena,2017-12-10 00:14:22.891353
2010-04-01,08:30,44.9,,29.7,54.9,0.0,W@3.6,6.4,46.8,0.0,442,"Buena, Yakima County",310138,Buena,2017-12-10 00:14:22.891353
2010-04-01,08:45,46.0,,28.7,50.8,0.0,SW@3.1,5.7,46.8,0.0,483,"Buena, Yakima County",310138,Buena,2017-12-10 00:14:22.891353
2010-04-01,09:00,46.9,,28.9,49.2,0.0,SW@2.8,5.3,46.7,0.0,520,"Buena, Yakima County",310138,Buena,2017-12-10 00:14:22.891353
2010-04-01,09:15,47.5,,28.3,47.1,0.0,SW@2.6,4.9,46.7,0.0,554,"Buena, Yakima County",310138,Buena,2017-12-10 00:14:22.891353
2010-04-01,09:30,48.1,,28.6,46.5,0.0,S@3.2,5.7,46.7,0.0,583,"Buena, Yakima County",310138,Buena,2017-12-10 00:14:22.891353
2010-04-01,09:45,48.3,,27.1,43.4,0.0,SW@3.5,7.4,46.6,0.0,606,"Buena, Yakima County",310138,Buena,2017-12-10 00:14:22.891353
2010-04-01,10:00,49.5,,27.5,42.2,0.0,SW@3.3,6.4,46.6,0.0,636,"Buena, Yakima County",310138,Buena,2017-12-10 00:14:22.891353
2010-04-01,10:15,50.0,,27.3,41.0,0.0,S@3.6,6.7,46.6,0.0,662,"Buena, Yakima County",310138,Buena,2017-12-10 00:14:22.891353
2010-04-01,10:30,50.7,,26.8,39.3,0.0,SW@3.6,7.4,46.5,0.0,670,"Buena, Yakima County",310138,Buena,2017-12-10 00:14:22.891353
2010-04-01,10:45,51.3,,27.5,39.5,0.0,SE@3.3,7.1,46.5,0.0,696,"Buena, Yakima County",310138,Buena,2017-12-10 00:14:22.891353
2010-04-01,11:00,51.7,,26.3,36.9,0.0,SW@3.7,7.4,46.5,0.0,704,"Buena, Yakima County",310138,Buena,2017-12-10 00:14:22.891353
2010-04-01,11:15,53.0,,26.8,36.0,0.0,S@3.3,7.8,46.4,0.0,729,"Buena, Yakima County",310138,Buena,2017-12-10 00:14:22.891353
2010-04-01,11:30,52.9,,25.9,34.8,0.0,S@4.3,9.2,46.4,0.0,735,"Buena, Yakima County",310138,Buena,2017-12-10 00:14:22.891353
2010-04-01,11:45,52.6,,24.9,33.8,0.0,SE@3.7,7.1,46.4,0.0,742,"Buena, Yakima County",310138,Buena,2017-12-10 00:14:22.891353
2010-04-01,12:00,53.9,,26.3,34.0,0.0,S@3.3,6.0,46.4,0.0,746,"Buena, Yakima County",310138,Buena,2017-12-10 00:14:22.891353
2010-04-01,12:15,54.3,,25.4,32.5,0.0,W@4.2,8.9,46.4,0.0,768,"Buena, Yakima County",310138,Buena,2017-12-10 00:14:22.891353
2010-04-01,12:30,53.9,,25.9,33.5,0.0,W@4.9,10.3,46.4,0.0,577,"Buena, Yakima County",310138,Buena,2017-12-10 00:14:22.891353
2010-04-01,12:45,54.9,,25.2,31.5,0.0,S@4.6,9.9,46.4,0.0,731,"Buena, Yakima County",310138,Buena,2017-12-10 00:14:22.891353
2010-04-01,13:00,55.5,,26.2,32.1,0.0,SW@4.5,11.4,46.4,0.0,697,"Buena, Yakima County",310138,Buena,2017-12-10 00:14:22.891353
2010-04-01,13:15,55.7,,26.3,31.9,0.0,S@5.0,11.7,46.4,0.0,710,"Buena, Yakima County",310138,Buena,2017-12-10 00:14:22.891353
2010-04-01,13:30,55.8,,25.2,30.5,0.0,S@5.5,9.6,46.4,0.0,709,"Buena, Yakima County",310138,Buena,2017-12-10 00:14:22.891353
2010-04-01,13:45,56.2,,25.5,30.4,0.0,S@5.9,9.9,46.4,0.0,652,"Buena, Yakima County",310138,Buena,2017-12-10 00:14:22.891353
2010-04-01,14:00,55.9,,24.2,29.0,0.0,S@5.4,11.7,46.4,0.0,656,"Buena, Yakima County",310138,Buena,2017-12-10 00:14:22.891353
2010-04-01,14:15,55.4,,23.4,28.6,0.0,SW@4.7,9.9,46.4,0.0,274,"Buena, Yakima County",310138,Buena,2017-12-10 00:14:22.891353
2010-04-01,14:30,54.7,,23.0,28.9,0.0,W@4.9,11.4,46.4,0.0,311,"Buena, Yakima County",310138,Buena,2017-12-10 00:14:22.891353
2010-04-01,14:45,56.1,,22.1,26.4,0.0,SW@2.7,6.0,46.5,0.0,401,"Buena, Yakima County",310138,Buena,2017-12-10 00:14:22.891353
2010-04-01,15:00,56.2,,22.2,26.5,0.0,W@4.8,13.5,46.5,0.0,452,"Buena, Yakima County",310138,Buena,2017-12-10 00:14:22.891353
2010-04-01,15:15,58.0,,21.6,24.2,0.0,SW@7.1,13.2,46.5,0.0,533,"Buena, Yakima County",310138,Buena,2017-12-10 00:14:22.891353
2010-04-01,15:30,56.7,,16.6,20.4,0.0,W@6.7,11.7,46.6,0.0,297,"Buena, Yakima County",310138,Buena,2017-12-10 00:14:22.891353
2010-04-01,15:45,54.5,,19.6,25.2,0.0,SW@5.1,8.5,46.6,0.0,152,"Buena, Yakima County",310138,Buena,2017-12-10 00:14:22.891353
2010-04-01,16:00,57.5,,21.9,24.9,0.0,SW@4.4,11.7,46.7,0.0,467,"Buena, Yakima County",310138,Buena,2017-12-10 00:14:22.891353
2010-04-01,16:15,57.2,,23.2,26.6,0.0,W@7.4,13.2,46.7,0.0,367,"Buena, Yakima County",310138,Buena,2017-12-10 00:14:22.891353
2010-04-01,16:30,55.4,,25.9,31.8,0.0,SW@8.7,15.3,46.7,0.0,275,"Buena, Yakima County",310138,Buena,2017-12-10 00:14:22.891353
2010-04-01,16:45,54.3,,25.0,31.9,0.0,SW@8.4,15.7,46.8,0.0,181,"Buena, Yakima County",310138,Buena,2017-12-10 00:14:22.891353
2010-04-01,17:00,53.0,,24.9,33.2,0.0,SW@7.0,14.2,46.8,0.0,114,"Buena, Yakima County",310138,Buena,2017-12-10 00:14:22.891353
2010-04-01,17:15,52.0,,23.8,33.0,0.0,SW@6.1,10.3,46.9,0.0,73,"Buena, Yakima County",310138,Buena,2017-12-10 00:14:22.891353
2010-04-01,17:30,52.0,,23.2,32.2,0.0,SW@7.0,12.1,46.9,0.0,68,"Buena, Yakima County",310138,Buena,2017-12-10 00:14:22.891353
2010-04-01,17:45,51.2,,23.8,34.0,0.0,SW@7.9,13.5,47.0,0.0,47,"Buena, Yakima County",310138,Buena,2017-12-10 00:14:22.891353
2010-04-01,18:00,50.0,,24.8,37.1,0.0,SW@7.9,14.6,47.0,0.0,34,"Buena, Yakima County",310138,Buena,2017-12-10 00:14:22.891353
2010-04-01,18:15,48.9,,24.3,37.8,0.0,W@6.5,11.0,47.1,0.0,17,"Buena, Yakima County",310138,Buena,2017-12-10 00:14:22.891353
2010-04-01,18:30,47.8,,23.7,38.4,0.0,W@6.2,11.4,47.2,0.0,5,"Buena, Yakima County",310138,Buena,2017-12-10 00:14:22.891353
2010-04-01,18:45,46.7,,22.9,38.7,0.0,W@4.6,10.3,47.2,0.0,1,"Buena, Yakima County",310138,Buena,2017-12-10 00:14:22.891353
2010-04-01,19:00,45.6,,23.1,40.7,0.0,SW@4.3,7.4,47.3,0.0,0,"Buena, Yakima County",310138,Buena,2017-12-10 00:14:22.891353
2010-04-01,19:15,45.0,,23.5,42.4,0.0,W@2.8,7.1,47.3,0.0,0,"Buena, Yakima County",310138,Buena,2017-12-10 00:14:22.891353
2010-04-01,19:30,43.3,,25.5,49.2,0.0,N@1.5,2.8,47.4,0.0,0,"Buena, Yakima County",310138,Buena,2017-12-10 00:14:22.891353
2010-04-01,19:45,41.8,,25.6,52.4,0.0,N@1.8,3.1,47.4,0.0,0,"Buena, Yakima County",310138,Buena,2017-12-10 00:14:22.891353
2010-04-01,20:00,41.6,,25.9,53.3,0.0,N@2.1,3.1,47.5,0.0,0,"Buena, Yakima County",310138,Buena,2017-12-10 00:14:22.891353
2010-04-01,20:15,40.4,,25.7,55.5,0.0,NE@0.1,1.7,47.5,0.0,0,"Buena, Yakima County",310138,Buena,2017-12-10 00:14:22.891353
2010-04-01,20:30,40.1,,26.5,57.8,0.0,E@0.8,2.4,47.5,0.0,0,"Buena, Yakima County",310138,Buena,2017-12-10 00:14:22.891353
2010-04-01,20:45,38.6,,27.7,64.5,0.0,NE@2.1,3.9,47.6,0.0,0,"Buena, Yakima County",310138,Buena,2017-12-10 00:14:22.891353
2010-04-01,21:00,36.8,,29.0,73.1,0.0,NE@2.4,3.1,47.6,0.0,0,"Buena, Yakima County",310138,Buena,2017-12-10 00:14:22.891353
2010-04-01,21:15,36.1,,29.5,76.7,0.0,E@2.0,3.1,47.6,0.0,0,"Buena, Yakima County",310138,Buena,2017-12-10 00:14:22.891353
2010-04-01,21:30,36.2,,28.8,74.2,0.0,NE@2.5,3.9,47.7,0.0,0,"Buena, Yakima County",310138,Buena,2017-12-10 00:14:22.891353
2010-04-01,21:45,36.8,,27.9,69.9,0.0,N@1.5,3.5,47.7,0.0,0,"Buena, Yakima County",310138,Buena,2017-12-10 00:14:22.891353
2010-04-01,22:00,36.5,,28.6,72.8,0.0,NE@2.4,4.2,47.7,0.0,0,"Buena, Yakima County",310138,Buena,2017-12-10 00:14:22.891353
2010-04-01,22:15,35.4,,27.8,73.7,0.0,NE@1.5,3.5,47.7,0.0,0,"Buena, Yakima County",310138,Buena,2017-12-10 00:14:22.891353
2010-04-01,22:30,34.6,,27.3,74.5,0.0,NE@3.0,3.9,47.8,0.0,0,"Buena, Yakima County",310138,Buena,2017-12-10 00:14:22.891353
2010-04-01,22:45,35.4,,26.8,70.4,0.0,N@2.4,3.5,47.8,0.0,0,"Buena, Yakima County",310138,Buena,2017-12-10 00:14:22.891353
2010-04-01,23:00,34.2,,27.2,75.2,0.0,NE@2.5,4.6,47.8,0.0,0,"Buena, Yakima County",310138,Buena,2017-12-10 00:14:22.891353
2010-04-02,23:15,34.1,,26.5,73.4,0.0,NE@1.8,3.9,47.8,0.0,0,"Buena, Yakima County",310138,Buena,2017-12-10 00:14:22.891353
2010-04-02,23:30,33.8,,26.4,74.0,0.0,NE@0.8,2.8,47.8,0.0,0,"Buena, Yakima County",310138,Buena,2017-12-10 00:14:22.891353
2010-04-02,23:45,34.7,,26.3,71.2,0.0,NE@3.2,4.6,47.8,0.0,0,"Buena, Yakima County",310138,Buena,2017-12-10 00:14:22.891353
2010-04-02,24:00,35.0,,26.3,70.2,0.0,NE@2.8,4.9,47.8,0.0,0,"Buena, Yakima County",310138,Buena,2017-12-10 00:14:22.891353
2010-04-02,00:15,34.8,,26.9,72.6,0.0,NE@2.4,4.2,47.9,0.0,0,"Buena, Yakima County",310138,Buena,2017-12-10 00:14:22.891353
2010-04-02,00:30,35.2,,27.8,74.1,0.0,E@3.5,4.6,47.8,0.0,0,"Buena, Yakima County",310138,Buena,2017-12-10 00:14:22.891353
2010-04-02,00:45,35.5,,26.9,70.6,0.0,E@3.2,4.9,47.8,0.0,0,"Buena, Yakima County",310138,Buena,2017-12-10 00:14:22.891353
2010-04-02,01:00,36.6,,26.7,67.0,0.0,E@3.4,5.7,47.8,0.0,0,"Buena, Yakima County",310138,Buena,2017-12-10 00:14:22.891353
2010-04-02,01:15,37.6,,26.6,64.3,0.0,E@4.4,6.4,47.8,0.0,0,"Buena, Yakima County",310138,Buena,2017-12-10 00:14:22.891353
2010-04-02,01:30,37.7,,27.0,64.9,0.0,E@4.0,6.4,47.8,0.0,0,"Buena, Yakima County",310138,Buena,2017-12-10 00:14:22.891353
2010-04-02,01:45,37.7,,26.7,64.2,0.0,E@3.8,5.3,47.8,0.0,0,"Buena, Yakima County",310138,Buena,2017-12-10 00:14:22.891353
2010-04-02,02:00,37.7,,26.9,64.7,0.0,E@2.8,4.6,47.8,0.0,0,"Buena, Yakima County",310138,Buena,2017-12-10 00:14:22.891353
2010-04-02,02:15,38.2,,26.8,63.1,0.0,E@3.3,4.6,47.8,0.0,0,"Buena, Yakima County",310138,Buena,2017-12-10 00:14:22.891353
2010-04-02,02:30,37.7,,27.2,65.5,0.0,E@3.5,4.9,47.8,0.0,0,"Buena, Yakima County",310138,Buena,2017-12-10 00:14:22.891353
2010-04-02,02:45,38.5,,26.6,61.9,0.0,E@4.7,8.9,47.7,0.0,0,"Buena, Yakima County",310138,Buena,2017-12-10 00:14:22.891353
2010-04-02,03:00,38.6,,27.4,63.7,0.0,E@6.2,8.9,47.7,0.0,0,"Buena, Yakima County",310138,Buena,2017-12-10 00:14:22.891353
2010-04-02,03:15,38.3,,28.3,66.9,0.0,E@5.9,8.2,47.7,0.0,0,"Buena, Yakima County",310138,Buena,2017-12-10 00:14:22.891353
2010-04-02,03:30,38.4,,28.6,67.5,0.0,E@6.2,9.9,47.7,0.0,0,"Buena, Yakima County",310138,Buena,2017-12-10 00:14:22.891353
2010-04-02,03:45,38.6,,28.9,67.9,0.0,E@6.3,12.8,47.6,0.0,0,"Buena, Yakima County",310138,Buena,2017-12-10 00:14:22.891353
2010-04-02,04:00,38.9,,29.5,68.6,0.0,E@6.8,10.7,47.6,0.0,0,"Buena, Yakima County",310138,Buena,2017-12-10 00:14:22.891353
2010-04-02,04:15,39.1,,29.7,68.9,0.0,E@7.2,12.4,47.6,0.0,0,"Buena, Yakima County",310138,Buena,2017-12-10 00:14:22.891353
2010-04-02,04:30,39.1,,29.9,69.5,0.0,E@7.8,12.4,47.5,0.0,0,"Buena, Yakima County",310138,Buena,2017-12-10 00:14:22.891353
2010-04-02,04:45,39.4,,30.0,69.0,0.0,E@6.5,9.6,47.5,0.0,0,"Buena, Yakima County",310138,Buena,2017-12-10 00:14:22.891353
2010-04-02,05:00,39.5,,30.1,68.7,0.0,E@5.9,9.6,47.5,0.0,0,"Buena, Yakima County",310138,Buena,2017-12-10 00:14:22.891353
2010-04-02,05:15,39.3,,29.4,67.4,0.0,E@6.9,11.0,47.5,0.0,0,"Buena, Yakima County",310138,Buena,2017-12-10 00:14:22.891353
2010-04-02,05:30,39.5,,29.2,66.3,0.0,E@6.5,10.3,47.4,0.0,0,"Buena, Yakima County",310138,Buena,2017-12-10 00:14:22.891353
2010-04-02,05:45,39.5,,28.7,64.8,0.0,E@6.4,10.7,47.4,0.0,1,"Buena, Yakima County",310138,Buena,2017-12-10 00:14:22.891353
2010-04-02,06:00,39.6,,28.8,64.9,0.13,E@7.0,12.1,47.4,0.0,1,"Buena, Yakima County",310138,Buena,2017-12-10 00:14:22.891353
2010-04-02,06:15,40.1,,29.4,65.3,0.24,E@7.8,11.7,47.3,0.0,3,"Buena, Yakima County",310138,Buena,2017-12-10 00:14:22.891353
2010-04-02,06:30,40.3,,29.6,65.3,0.03,NE@7.5,12.4,47.3,0.0,9,"Buena, Yakima County",310138,Buena,2017-12-10 00:14:22.891353
2010-04-02,06:45,40.8,,30.2,65.5,0.0,E@6.5,11.7,47.3,0.0,17,"Buena, Yakima County",310138,Buena,2017-12-10 00:14:22.891353
2010-04-02,07:00,40.5,,30.4,67.1,0.0,E@7.6,12.8,47.3,0.0,27,"Buena, Yakima County",310138,Buena,2017-12-10 00:14:22.891353
2010-04-02,07:15,40.9,,30.8,67.1,0.0,E@6.8,12.1,47.2,0.0,48,"Buena, Yakima County",310138,Buena,2017-12-10 00:14:22.891353
2010-04-02,07:30,41.5,,29.5,62.2,0.0,E@6.9,9.9,47.2,0.0,42,"Buena, Yakima County",310138,Buena,2017-12-10 00:14:22.891353
2010-04-02,07:45,41.8,,28.9,60.1,0.0,SE@6.4,12.8,47.2,0.0,29,"Buena, Yakima County",310138,Buena,2017-12-10 00:14:22.891353
2010-04-02,08:00,41.0,,29.3,62.8,0.35,SE@5.7,9.6,47.1,0.0,28,"Buena, Yakima County",310138,Buena,2017-12-10 00:14:22.891353
2010-04-02,08:15,39.5,,31.4,72.7,0.99,SE@6.1,11.4,47.1,0.01,24,"Buena, Yakima County",310138,Buena,2017-12-10 00:14:22.891353
2010-04-02,08:30,38.0,,33.6,84.0,0.96,SE@7.2,11.7,47.1,0.03,28,"Buena, Yakima County",310138,Buena,2017-12-10 00:14:22.891353
2010-04-02,08:45,37.2,,34.2,88.7,0.93,E@6.3,11.0,47.1,0.02,28,"Buena, Yakima County",310138,Buena,2017-12-10 00:14:22.891353
2010-04-02,09:00,36.8,,34.3,90.3,0.92,E@7.3,11.7,47.0,0.02,37,"Buena, Yakima County",310138,Buena,2017-12-10 00:14:22.891353
2010-04-02,09:15,36.8,,34.7,92.1,0.92,E@7.1,11.7,47.0,0.03,60,"Buena, Yakima County",310138,Buena,2017-12-10 00:14:22.891353
2010-04-02,09:30,36.8,,35.0,92.8,0.92,E@7.1,11.0,47.0,0.02,64,"Buena, Yakima County",310138,Buena,2017-12-10 00:14:22.891353
2010-04-02,09:45,36.8,,35.2,93.8,0.92,E@7.4,11.0,47.0,0.02,103,"Buena, Yakima County",310138,Buena,2017-12-10 00:14:22.891353
2010-04-02,10:00,37.1,,35.6,94.0,0.92,E@7.6,11.0,46.9,0.01,110,"Buena, Yakima County",310138,Buena,2017-12-10 00:14:22.891353
2010-04-02,10:15,37.7,,36.1,94.0,0.92,E@8.6,12.4,46.9,0.02,108,"Buena, Yakima County",310138,Buena,2017-12-10 00:14:22.891353
2010-04-02,10:30,37.3,,35.7,94.1,0.92,E@7.9,11.7,46.9,0.0,116,"Buena, Yakima County",310138,Buena,2017-12-10 00:14:22.891353
2010-04-02,10:45,37.6,,36.1,94.2,0.93,E@8.3,13.9,46.9,0.01,193,"Buena, Yakima County",310138,Buena,2017-12-10 00:14:22.891353
2010-04-02,11:00,38.4,,36.7,93.7,0.93,E@9.5,14.6,46.8,0.0,238,"Buena, Yakima County",310138,Buena,2017-12-10 00:14:22.891353
2010-04-02,11:15,39.4,,37.5,92.9,0.93,E@9.2,15.3,46.8,0.01,189,"Buena, Yakima County",310138,Buena,2017-12-10 00:14:22.891353
2010-04-02,11:30,40.0,,37.8,91.6,0.94,E@8.7,14.2,46.8,0.0,161,"Buena, Yakima County",310138,Buena,2017-12-10 00:14:22.891353
2010-04-02,11:45,41.1,,38.8,91.3,0.94,E@9.1,14.6,46.7,0.0,217,"Buena, Yakima County",310138,Buena,2017-12-10 00:14:22.891353
2010-04-02,12:00,39.4,,37.5,92.8,0.97,SW@6.6,14.6,46.7,0.0,92,"Buena, Yakima County",310138,Buena,2017-12-10 00:14:22.891353
2010-04-02,12:15,37.3,,36.4,96.4,0.95,SW@5.4,9.2,46.7,0.0,200,"Buena, Yakima County",310138,Buena,2017-12-10 00:14:22.891353
2010-04-02,12:30,38.6,,37.6,96.2,0.94,W@4.3,7.1,46.7,0.0,341,"Buena, Yakima County",310138,Buena,2017-12-10 00:14:22.891353
2010-04-02,12:45,39.9,,38.4,94.1,0.93,W@4.1,7.4,46.7,0.0,298,"Buena, Yakima County",310138,Buena,2017-12-10 00:14:22.891353
2010-04-02,13:00,41.0,,39.0,92.8,0.88,W@4.0,6.4,46.6,0.0,419,"Buena, Yakima County",310138,Buena,2017-12-10 00:14:22.891353
2010-04-02,13:15,42.9,,39.6,88.3,0.67,SW@2.9,5.3,46.6,0.0,596,"Buena, Yakima County",310138,Buena,2017-12-10 00:14:22.891353
2010-04-02,13:30,44.4,,40.3,85.4,0.12,S@2.6,5.3,46.6,0.0,616,"Buena, Yakima County",310138,Buena,2017-12-10 00:14:22.891353
2010-04-02,13:45,45.4,,41.0,84.4,0.0,SE@4.5,7.4,46.6,0.0,614,"Buena, Yakima County",310138,Buena,2017-12-10 00:14:22.891353
2010-04-02,14:00,45.8,,41.1,83.5,0.0,S@4.3,7.1,46.6,0.0,607,"Buena, Yakima County",310138,Buena,2017-12-10 00:14:22.891353
2010-04-02,14:15,46.8,,41.0,79.9,0.0,SE@4.3,7.8,46.5,0.0,569,"Buena, Yakima County",310138,Buena,2017-12-10 00:14:22.891353
2010-04-02,14:30,47.7,,41.5,78.9,0.0,SE@5.2,9.2,46.5,0.0,558,"Buena, Yakima County",310138,Buena,2017-12-10 00:14:22.891353
2010-04-02,14:45,49.9,,39.8,68.2,0.0,SW@7.2,13.5,46.5,0.0,505,"Buena, Yakima County",310138,Buena,2017-12-10 00:14:22.891353
2010-04-02,15:00,49.0,,38.0,65.7,0.0,W@8.4,22.8,46.5,0.01,493,"Buena, Yakima County",310138,Buena,2017-12-10 00:14:22.891353
2010-04-02,15:15,50.3,,38.5,63.8,0.0,W@5.5,10.3,46.5,0.0,477,"Buena, Yakima County",310138,Buena,2017-12-10 00:14:22.891353
2010-04-02,15:30,50.8,,37.2,59.4,0.0,SW@7.9,13.2,46.5,0.0,439,"Buena, Yakima County",310138,Buena,2017-12-10 00:14:22.891353
2010-04-02,15:45,50.8,,34.8,54.1,0.0,SW@8.2,14.6,46.4,0.0,406,"Buena, Yakima County",310138,Buena,2017-12-10 00:14:22.891353
2010-04-02,16:00,50.3,,32.9,51.2,0.0,SW@10.9,18.2,46.4,0.0,292,"Buena, Yakima County",310138,Buena,2017-12-10 00:14:22.891353
2010-04-02,16:15,49.7,,32.8,51.8,0.0,SW@10.8,21.4,46.4,0.0,306,"Buena, Yakima County",310138,Buena,2017-12-10 00:14:22.891353
2010-04-02,16:30,49.5,,32.8,52.5,0.0,SW@11.5,19.6,46.4,0.0,287,"Buena, Yakima County",310138,Buena,2017-12-10 00:14:22.891353
2010-04-02,16:45,49.0,,33.6,55.3,0.0,W@10.4,16.7,46.4,0.0,271,"Buena, Yakima County",310138,Buena,2017-12-10 00:14:22.891353
2010-04-02,17:00,48.4,,32.1,52.9,0.0,SW@11.7,21.4,46.4,0.0,196,"Buena, Yakima County",310138,Buena,2017-12-10 00:14:22.891353
2010-04-02,17:15,47.2,,30.4,51.8,0.0,SW@12.6,19.6,46.4,0.0,88,"Buena, Yakima County",310138,Buena,2017-12-10 00:14:22.891353
2010-04-02,17:30,46.4,,31.3,55.3,0.0,SW@9.8,22.8,46.4,0.0,54,"Buena, Yakima County",310138,Buena,2017-12-10 00:14:22.891353
2010-04-02,17:45,45.8,,31.9,57.9,0.0,SW@10.0,19.6,46.5,0.0,52,"Buena, Yakima County",310138,Buena,2017-12-10 00:14:22.891353
2010-04-02,18:00,44.9,,32.0,60.4,0.0,SW@7.6,13.9,46.5,0.0,32,"Buena, Yakima County",310138,Buena,2017-12-10 00:14:22.891353
2010-04-02,18:15,43.9,,31.5,61.5,0.0,W@5.9,12.1,46.5,0.0,16,"Buena, Yakima County",310138,Buena,2017-12-10 00:14:22.891353
2010-04-02,18:30,43.1,,30.9,61.9,0.0,SW@4.7,8.9,46.5,0.0,7,"Buena, Yakima County",310138,Buena,2017-12-10 00:14:22.891353
2010-04-02,18:45,42.5,,30.7,62.6,0.0,SW@4.6,11.4,46.5,0.0,2,"Buena, Yakima County",310138,Buena,2017-12-10 00:14:22.891353
2010-04-02,19:00,41.8,,30.7,64.6,0.0,SW@5.3,11.4,46.5,0.0,0,"Buena, Yakima County",310138,Buena,2017-12-10 00:14:22.891353
2010-04-02,19:15,41.8,,30.7,64.6,0.0,SW@5.0,9.6,46.6,0.0,0,"Buena, Yakima County",310138,Buena,2017-12-10 00:14:22.891353
2010-04-02,19:30,41.4,,30.5,64.9,0.0,SW@3.6,7.1,46.6,0.0,0,"Buena, Yakima County",310138,Buena,2017-12-10 00:14:22.891353
2010-04-02,19:45,40.9,,30.4,65.9,0.0,SW@3.3,6.0,46.6,0.0,0,"Buena, Yakima County",310138,Buena,2017-12-10 00:14:22.891353
2010-04-02,20:00,39.9,,30.4,68.6,0.0,SW@3.1,5.7,46.6,0.0,0,"Buena, Yakima County",310138,Buena,2017-12-10 00:14:22.891353
2010-04-02,20:15,40.4,,30.2,66.8,0.0,SW@4.5,6.7,46.6,0.0,0,"Buena, Yakima County",310138,Buena,2017-12-10 00:14:22.891353
2010-04-02,20:30,39.9,,30.4,68.5,0.0,SW@3.7,6.4,46.6,0.0,0,"Buena, Yakima County",310138,Buena,2017-12-10 00:14:22.891353
2010-04-02,20:45,39.8,,30.6,69.4,0.0,SW@4.0,8.2,46.7,0.0,0,"Buena, Yakima County",310138,Buena,2017-12-10 00:14:22.891353
2010-04-02,21:00,40.0,,30.1,67.6,0.0,W@4.0,8.9,46.7,0.0,0,"Buena, Yakima County",310138,Buena,2017-12-10 00:14:22.891353
2010-04-02,21:15,39.8,,30.0,67.7,0.0,W@4.7,10.7,46.7,0.0,0,"Buena, Yakima County",310138,Buena,2017-12-10 00:14:22.891353
2010-04-02,21:30,39.5,,30.2,69.0,0.0,W@3.1,6.4,46.7,0.0,0,"Buena, Yakima County",310138,Buena,2017-12-10 00:14:22.891353
2010-04-02,21:45,37.5,,30.0,74.0,0.0,N@3.4,5.3,46.7,0.0,0,"Buena, Yakima County",310138,Buena,2017-12-10 00:14:22.891353
2010-04-02,22:00,37.5,,30.1,74.6,0.0,NW@2.3,3.9,46.7,0.0,0,"Buena, Yakima County",310138,Buena,2017-12-10 00:14:22.891353
2010-04-02,22:15,39.6,,29.8,67.8,0.0,W@4.3,8.5,46.7,0.0,0,"Buena, Yakima County",310138,Buena,2017-12-10 00:14:22.891353
2010-04-02,22:30,38.8,,29.8,69.9,0.0,W@4.1,7.4,46.7,0.0,0,"Buena, Yakima County",310138,Buena,2017-12-10 00:14:22.891353
2010-04-02,22:45,38.6,,29.7,70.3,0.0,W@3.6,6.7,46.8,0.0,0,"Buena, Yakima County",310138,Buena,2017-12-10 00:14:22.891353
2010-04-02,23:00,38.0,,29.4,70.9,0.0,W@3.0,4.2,46.7,0.0,0,"Buena, Yakima County",310138,Buena,2017-12-10 00:14:22.891353
2010-04-03,23:15,37.7,,29.2,71.2,0.0,W@3.6,7.1,46.8,0.0,0,"Buena, Yakima County",310138,Buena,2017-12-10 00:14:22.891353
2010-04-03,23:30,37.6,,28.7,69.7,0.0,W@4.3,7.8,46.8,0.0,0,"Buena, Yakima County",310138,Buena,2017-12-10 00:14:22.891353
2010-04-03,23:45,38.1,,28.5,68.2,0.0,W@4.4,7.8,46.8,0.0,0,"Buena, Yakima County",310138,Buena,2017-12-10 00:14:22.891353
2010-04-03,24:00,38.1,,28.2,67.0,0.0,SW@4.9,9.6,46.8,0.0,0,"Buena, Yakima County",310138,Buena,2017-12-10 00:14:22.891353
