Date,Time PST,Air Temp °F, 2<sup>nd</sup> Air Temp °F, Dew Point °F, Rel Hum %, Leaf Wet u., Wind Dir @ Speed mph, Wind Gust mph, 8 in. Soil Tmp °F, Tot Prec in, Solar Rad W/m²,Location,Station ID,Station Name,Download Timestamp
2009-09-04,00:15,57.0,,48.5,73.1,0.0,W@1.7,3.1,71.9,0.0,0,"Mattawa, Grant County",330121,Mattawa,2017-12-09 09:03:14.840073
2009-09-04,00:30,55.9,,49.5,79.1,0.0,W@3.3,4.2,71.7,0.0,0,"Mattawa, Grant County",330121,Mattawa,2017-12-09 09:03:14.840073
2009-09-04,00:45,55.2,,49.5,80.8,0.0,W@3.0,4.2,71.5,0.0,0,"Mattawa, Grant County",330121,Mattawa,2017-12-09 09:03:14.840073
2009-09-04,01:00,55.9,,49.4,78.6,0.0,SW@2.7,3.5,71.4,0.0,0,"Mattawa, Grant County",330121,Mattawa,2017-12-09 09:03:14.840073
2009-09-04,01:15,56.0,,50.0,80.3,0.0,SW@0.2,2.1,71.2,0.0,0,"Mattawa, Grant County",330121,Mattawa,2017-12-09 09:03:14.840073
2009-09-04,01:30,55.2,,49.8,81.8,0.01,W@1.3,3.1,71.0,0.0,0,"Mattawa, Grant County",330121,Mattawa,2017-12-09 09:03:14.840073
2009-09-04,01:45,54.9,,49.7,82.4,0.01,W@1.3,3.1,70.9,0.0,0,"Mattawa, Grant County",330121,Mattawa,2017-12-09 09:03:14.840073
2009-09-04,02:00,54.5,,49.8,83.9,0.03,SW@1.1,3.1,70.7,0.0,0,"Mattawa, Grant County",330121,Mattawa,2017-12-09 09:03:14.840073
2009-09-04,02:15,53.8,,49.5,85.3,0.03,W@2.3,3.5,70.6,0.0,0,"Mattawa, Grant County",330121,Mattawa,2017-12-09 09:03:14.840073
2009-09-04,02:30,54.0,,49.3,84.1,0.03,W@2.6,4.9,70.4,0.0,0,"Mattawa, Grant County",330121,Mattawa,2017-12-09 09:03:14.840073
2009-09-04,02:45,54.6,,49.1,81.8,0.01,W@2.8,4.6,70.3,0.0,0,"Mattawa, Grant County",330121,Mattawa,2017-12-09 09:03:14.840073
2009-09-04,03:00,54.9,,48.8,79.8,0.01,W@3.4,4.2,70.2,0.0,0,"Mattawa, Grant County",330121,Mattawa,2017-12-09 09:03:14.840073
2009-09-04,03:15,55.7,,48.9,77.7,0.0,W@3.8,5.3,70.0,0.0,0,"Mattawa, Grant County",330121,Mattawa,2017-12-09 09:03:14.840073
2009-09-04,03:30,55.8,,48.8,77.4,0.0,W@3.6,4.6,69.9,0.0,0,"Mattawa, Grant County",330121,Mattawa,2017-12-09 09:03:14.840073
2009-09-04,03:45,54.5,,49.1,81.9,0.01,W@2.0,4.2,69.7,0.0,0,"Mattawa, Grant County",330121,Mattawa,2017-12-09 09:03:14.840073
2009-09-04,04:00,53.9,,49.1,83.6,0.02,W@1.2,3.5,69.6,0.0,0,"Mattawa, Grant County",330121,Mattawa,2017-12-09 09:03:14.840073
2009-09-04,04:15,53.2,,48.5,83.8,0.02,NW@0.2,2.4,69.5,0.0,0,"Mattawa, Grant County",330121,Mattawa,2017-12-09 09:03:14.840073
2009-09-04,04:30,52.0,,48.3,87.3,0.04,NW@0.8,4.2,69.4,0.0,0,"Mattawa, Grant County",330121,Mattawa,2017-12-09 09:03:14.840073
2009-09-04,04:45,52.6,,48.7,86.7,0.03,NW@3.1,4.6,69.2,0.0,0,"Mattawa, Grant County",330121,Mattawa,2017-12-09 09:03:14.840073
2009-09-04,05:00,52.5,,47.8,84.0,0.02,NW@1.6,4.2,69.1,0.0,0,"Mattawa, Grant County",330121,Mattawa,2017-12-09 09:03:14.840073
2009-09-04,05:15,53.3,,48.0,82.0,0.02,N@0.0,0.0,69.0,0.0,1,"Mattawa, Grant County",330121,Mattawa,2017-12-09 09:03:14.840073
2009-09-04,05:30,53.0,,48.2,83.7,0.03,N@0.0,0.0,68.9,0.0,11,"Mattawa, Grant County",330121,Mattawa,2017-12-09 09:03:14.840073
2009-09-04,05:45,51.9,,49.0,90.0,0.14,N@0.0,0.0,68.7,0.0,27,"Mattawa, Grant County",330121,Mattawa,2017-12-09 09:03:14.840073
2009-09-04,06:00,54.3,,50.0,85.3,0.06,N@0.0,0.0,68.6,0.0,76,"Mattawa, Grant County",330121,Mattawa,2017-12-09 09:03:14.840073
2009-09-04,06:15,56.5,,51.4,82.7,0.01,W@0.9,3.1,68.5,0.0,95,"Mattawa, Grant County",330121,Mattawa,2017-12-09 09:03:14.840073
2009-09-04,06:30,56.2,,51.9,85.3,0.01,W@0.2,2.4,68.4,0.0,75,"Mattawa, Grant County",330121,Mattawa,2017-12-09 09:03:14.840073
2009-09-04,06:45,56.6,,52.0,84.4,0.01,W@0.9,3.1,68.3,0.0,79,"Mattawa, Grant County",330121,Mattawa,2017-12-09 09:03:14.840073
2009-09-04,07:00,56.1,,51.5,84.4,0.01,W@2.9,4.9,68.2,0.0,85,"Mattawa, Grant County",330121,Mattawa,2017-12-09 09:03:14.840073
2009-09-04,07:15,57.2,,51.8,82.3,0.0,W@0.1,2.8,68.1,0.0,156,"Mattawa, Grant County",330121,Mattawa,2017-12-09 09:03:14.840073
2009-09-04,07:30,59.4,,52.0,76.5,0.0,SW@3.4,4.6,68.0,0.0,219,"Mattawa, Grant County",330121,Mattawa,2017-12-09 09:03:14.840073
2009-09-04,07:45,59.6,,53.1,79.2,0.0,SW@3.0,4.6,67.9,0.0,153,"Mattawa, Grant County",330121,Mattawa,2017-12-09 09:03:14.840073
2009-09-04,08:00,60.1,,53.2,77.7,0.0,SW@3.5,4.9,67.9,0.0,186,"Mattawa, Grant County",330121,Mattawa,2017-12-09 09:03:14.840073
2009-09-04,08:15,60.7,,53.3,76.6,0.0,SW@3.5,5.3,67.9,0.0,206,"Mattawa, Grant County",330121,Mattawa,2017-12-09 09:03:14.840073
2009-09-04,08:30,61.8,,53.3,73.4,0.0,SW@3.3,5.3,67.9,0.0,219,"Mattawa, Grant County",330121,Mattawa,2017-12-09 09:03:14.840073
2009-09-04,08:45,63.7,,53.4,69.0,0.0,SW@3.3,4.9,67.9,0.0,310,"Mattawa, Grant County",330121,Mattawa,2017-12-09 09:03:14.840073
2009-09-04,09:00,67.0,,52.6,59.8,0.0,SW@3.1,4.9,67.9,0.0,490,"Mattawa, Grant County",330121,Mattawa,2017-12-09 09:03:14.840073
2009-09-04,09:15,68.9,,51.7,54.2,0.0,W@2.6,4.9,67.9,0.0,505,"Mattawa, Grant County",330121,Mattawa,2017-12-09 09:03:14.840073
2009-09-04,09:30,69.2,,49.5,49.4,0.0,W@3.2,5.7,68.0,0.0,485,"Mattawa, Grant County",330121,Mattawa,2017-12-09 09:03:14.840073
2009-09-04,09:45,68.5,,49.8,51.0,0.0,SW@3.0,4.6,68.1,0.0,329,"Mattawa, Grant County",330121,Mattawa,2017-12-09 09:03:14.840073
2009-09-04,10:00,67.8,,51.7,56.4,0.0,SW@3.9,5.3,68.2,0.0,303,"Mattawa, Grant County",330121,Mattawa,2017-12-09 09:03:14.840073
2009-09-04,10:15,68.0,,51.5,55.5,0.0,SW@4.5,6.4,68.4,0.0,384,"Mattawa, Grant County",330121,Mattawa,2017-12-09 09:03:14.840073
2009-09-04,10:30,68.1,,52.0,56.4,0.0,S@4.3,6.0,68.6,0.0,414,"Mattawa, Grant County",330121,Mattawa,2017-12-09 09:03:14.840073
2009-09-04,10:45,69.9,,49.5,48.3,0.0,S@3.3,5.7,68.8,0.0,438,"Mattawa, Grant County",330121,Mattawa,2017-12-09 09:03:14.840073
2009-09-04,11:00,70.7,,49.1,46.3,0.0,S@2.9,4.6,69.0,0.0,584,"Mattawa, Grant County",330121,Mattawa,2017-12-09 09:03:14.840073
2009-09-04,11:15,70.9,,49.7,46.9,0.0,SE@2.7,3.9,69.2,0.0,369,"Mattawa, Grant County",330121,Mattawa,2017-12-09 09:03:14.840073
2009-09-04,11:30,71.0,,49.7,46.7,0.0,SE@3.2,4.6,69.4,0.0,440,"Mattawa, Grant County",330121,Mattawa,2017-12-09 09:03:14.840073
2009-09-04,11:45,71.2,,49.9,46.9,0.0,SE@3.1,4.6,69.6,0.0,355,"Mattawa, Grant County",330121,Mattawa,2017-12-09 09:03:14.840073
2009-09-04,12:00,72.0,,49.7,45.3,0.0,SE@3.2,4.6,69.8,0.0,488,"Mattawa, Grant County",330121,Mattawa,2017-12-09 09:03:14.840073
2009-09-04,12:15,73.8,,50.1,43.3,0.0,SE@3.4,4.9,70.0,0.0,675,"Mattawa, Grant County",330121,Mattawa,2017-12-09 09:03:14.840073
2009-09-04,12:30,75.3,,48.8,39.3,0.0,E@2.9,6.7,70.2,0.0,707,"Mattawa, Grant County",330121,Mattawa,2017-12-09 09:03:14.840073
2009-09-04,12:45,75.3,,46.7,36.1,0.0,NE@3.0,5.7,70.4,0.0,591,"Mattawa, Grant County",330121,Mattawa,2017-12-09 09:03:14.840073
2009-09-04,13:00,75.1,,48.9,39.6,0.0,SE@3.2,5.3,70.6,0.0,567,"Mattawa, Grant County",330121,Mattawa,2017-12-09 09:03:14.840073
2009-09-04,13:15,75.4,,50.6,41.7,0.0,SE@3.7,5.7,70.8,0.0,587,"Mattawa, Grant County",330121,Mattawa,2017-12-09 09:03:14.840073
2009-09-04,13:30,75.8,,50.3,40.7,0.0,SE@3.3,5.3,71.0,0.0,604,"Mattawa, Grant County",330121,Mattawa,2017-12-09 09:03:14.840073
2009-09-04,13:45,74.5,,48.5,39.7,0.0,SE@2.2,3.9,71.2,0.0,290,"Mattawa, Grant County",330121,Mattawa,2017-12-09 09:03:14.840073
2009-09-04,14:00,73.5,,51.3,45.8,0.0,W@3.4,7.1,71.4,0.0,217,"Mattawa, Grant County",330121,Mattawa,2017-12-09 09:03:14.840073
2009-09-04,14:15,72.6,,54.3,52.5,0.0,W@3.8,6.0,71.6,0.0,249,"Mattawa, Grant County",330121,Mattawa,2017-12-09 09:03:14.840073
2009-09-04,14:30,72.9,,54.1,51.7,0.0,W@4.2,5.3,71.8,0.0,299,"Mattawa, Grant County",330121,Mattawa,2017-12-09 09:03:14.840073
2009-09-04,14:45,73.8,,52.8,47.9,0.0,NW@5.1,6.7,72.0,0.0,423,"Mattawa, Grant County",330121,Mattawa,2017-12-09 09:03:14.840073
2009-09-04,15:00,73.9,,52.9,47.7,0.0,W@3.8,5.3,72.1,0.0,350,"Mattawa, Grant County",330121,Mattawa,2017-12-09 09:03:14.840073
2009-09-04,15:15,73.6,,52.4,47.2,0.0,W@3.7,4.6,72.2,0.0,295,"Mattawa, Grant County",330121,Mattawa,2017-12-09 09:03:14.840073
2009-09-04,15:30,73.6,,54.3,50.9,0.0,W@3.6,4.6,72.3,0.0,280,"Mattawa, Grant County",330121,Mattawa,2017-12-09 09:03:14.840073
2009-09-04,15:45,75.5,,53.1,45.7,0.0,W@4.0,4.9,72.4,0.0,457,"Mattawa, Grant County",330121,Mattawa,2017-12-09 09:03:14.840073
2009-09-04,16:00,76.6,,52.0,42.2,0.0,W@3.8,5.7,72.5,0.0,438,"Mattawa, Grant County",330121,Mattawa,2017-12-09 09:03:14.840073
2009-09-04,16:15,77.2,,51.9,41.2,0.0,W@3.6,5.3,72.6,0.0,424,"Mattawa, Grant County",330121,Mattawa,2017-12-09 09:03:14.840073
2009-09-04,16:30,76.0,,53.0,44.7,0.0,W@4.5,5.7,72.7,0.0,322,"Mattawa, Grant County",330121,Mattawa,2017-12-09 09:03:14.840073
2009-09-04,16:45,75.3,,53.8,47.1,0.0,W@3.3,4.2,72.7,0.0,272,"Mattawa, Grant County",330121,Mattawa,2017-12-09 09:03:14.840073
2009-09-04,17:00,73.8,,54.0,50.0,0.0,SW@2.8,3.9,72.8,0.0,105,"Mattawa, Grant County",330121,Mattawa,2017-12-09 09:03:14.840073
2009-09-04,17:15,71.7,,56.0,57.7,0.0,SW@2.7,4.2,72.9,0.0,57,"Mattawa, Grant County",330121,Mattawa,2017-12-09 09:03:14.840073
2009-09-04,17:30,70.9,,55.3,57.7,0.0,SW@2.9,3.9,72.9,0.0,46,"Mattawa, Grant County",330121,Mattawa,2017-12-09 09:03:14.840073
2009-09-04,17:45,69.7,,55.0,59.5,0.0,SW@2.9,3.9,73.0,0.0,40,"Mattawa, Grant County",330121,Mattawa,2017-12-09 09:03:14.840073
2009-09-04,18:00,68.4,,57.0,66.9,0.0,W@4.0,6.0,73.0,0.0,24,"Mattawa, Grant County",330121,Mattawa,2017-12-09 09:03:14.840073
2009-09-04,18:15,67.4,,55.9,66.4,0.0,W@4.1,5.7,73.0,0.0,17,"Mattawa, Grant County",330121,Mattawa,2017-12-09 09:03:14.840073
2009-09-04,18:30,66.8,,55.9,67.8,0.0,W@3.0,4.2,72.9,0.0,8,"Mattawa, Grant County",330121,Mattawa,2017-12-09 09:03:14.840073
2009-09-04,18:45,65.5,,56.8,73.5,0.0,W@3.3,3.9,72.9,0.0,1,"Mattawa, Grant County",330121,Mattawa,2017-12-09 09:03:14.840073
2009-09-04,19:00,64.7,,56.1,73.7,0.0,W@3.0,3.9,72.9,0.0,0,"Mattawa, Grant County",330121,Mattawa,2017-12-09 09:03:14.840073
2009-09-04,19:15,63.8,,53.3,68.6,0.0,W@2.9,3.9,72.8,0.0,0,"Mattawa, Grant County",330121,Mattawa,2017-12-09 09:03:14.840073
2009-09-04,19:30,63.2,,53.2,69.6,0.0,W@2.8,3.9,72.7,0.0,0,"Mattawa, Grant County",330121,Mattawa,2017-12-09 09:03:14.840073
2009-09-04,19:45,63.5,,50.4,62.2,0.0,W@3.2,4.6,72.6,0.0,0,"Mattawa, Grant County",330121,Mattawa,2017-12-09 09:03:14.840073
2009-09-04,20:00,62.9,,50.6,64.0,0.0,W@2.6,3.9,72.5,0.0,0,"Mattawa, Grant County",330121,Mattawa,2017-12-09 09:03:14.840073
2009-09-04,20:15,63.3,,49.0,59.6,0.0,W@3.7,5.3,72.4,0.0,0,"Mattawa, Grant County",330121,Mattawa,2017-12-09 09:03:14.840073
2009-09-04,20:30,62.2,,50.4,65.0,0.0,W@3.5,4.2,72.3,0.0,0,"Mattawa, Grant County",330121,Mattawa,2017-12-09 09:03:14.840073
2009-09-04,20:45,61.1,,51.0,69.2,0.0,W@2.7,3.9,72.2,0.0,0,"Mattawa, Grant County",330121,Mattawa,2017-12-09 09:03:14.840073
2009-09-04,21:00,60.8,,50.1,67.8,0.0,W@1.7,3.1,72.0,0.0,0,"Mattawa, Grant County",330121,Mattawa,2017-12-09 09:03:14.840073
2009-09-04,21:15,61.0,,49.5,65.8,0.0,N@0.0,0.0,71.9,0.0,0,"Mattawa, Grant County",330121,Mattawa,2017-12-09 09:03:14.840073
2009-09-04,21:30,60.9,,50.5,68.5,0.0,N@0.0,0.0,71.8,0.0,0,"Mattawa, Grant County",330121,Mattawa,2017-12-09 09:03:14.840073
2009-09-04,21:45,61.1,,50.9,68.9,0.0,W@2.6,4.6,71.6,0.0,0,"Mattawa, Grant County",330121,Mattawa,2017-12-09 09:03:14.840073
2009-09-04,22:00,62.0,,50.0,64.6,0.0,W@3.7,4.9,71.5,0.0,0,"Mattawa, Grant County",330121,Mattawa,2017-12-09 09:03:14.840073
2009-09-04,22:15,62.7,,47.8,58.0,0.0,W@4.0,6.4,71.4,0.0,0,"Mattawa, Grant County",330121,Mattawa,2017-12-09 09:03:14.840073
2009-09-04,22:30,62.0,,47.3,58.6,0.0,W@4.3,7.1,71.2,0.0,0,"Mattawa, Grant County",330121,Mattawa,2017-12-09 09:03:14.840073
2009-09-04,22:45,62.5,,46.4,55.5,0.0,W@5.0,7.8,71.1,0.0,0,"Mattawa, Grant County",330121,Mattawa,2017-12-09 09:03:14.840073
2009-09-04,23:00,61.7,,48.8,62.4,0.0,W@4.0,6.7,70.9,0.0,0,"Mattawa, Grant County",330121,Mattawa,2017-12-09 09:03:14.840073
2009-09-05,23:15,61.3,,49.5,65.0,0.0,W@2.8,4.9,70.8,0.0,0,"Mattawa, Grant County",330121,Mattawa,2017-12-09 09:03:14.840073
2009-09-05,23:30,60.5,,50.6,69.7,0.0,W@3.7,6.4,70.7,0.0,0,"Mattawa, Grant County",330121,Mattawa,2017-12-09 09:03:14.840073
2009-09-05,23:45,62.8,,45.7,53.4,0.0,SW@5.6,8.9,70.6,0.0,0,"Mattawa, Grant County",330121,Mattawa,2017-12-09 09:03:14.840073
2009-09-05,24:00,60.2,,48.2,64.4,0.0,W@4.0,6.7,70.5,0.0,0,"Mattawa, Grant County",330121,Mattawa,2017-12-09 09:03:14.840073
2009-09-05,00:15,59.1,,47.4,64.9,0.0,W@4.1,5.3,70.4,0.0,0,"Mattawa, Grant County",330121,Mattawa,2017-12-09 09:03:14.840073
2009-09-05,00:30,59.1,,48.2,66.9,0.0,W@1.2,3.1,70.3,0.0,0,"Mattawa, Grant County",330121,Mattawa,2017-12-09 09:03:14.840073
2009-09-05,00:45,58.6,,48.6,69.3,0.0,NE@0.4,3.1,70.1,0.0,0,"Mattawa, Grant County",330121,Mattawa,2017-12-09 09:03:14.840073
2009-09-05,01:00,58.1,,47.1,66.7,0.0,SW@1.0,4.6,70.0,0.0,0,"Mattawa, Grant County",330121,Mattawa,2017-12-09 09:03:14.840073
2009-09-05,01:15,58.2,,48.2,69.1,0.0,W@3.5,5.3,69.9,0.0,0,"Mattawa, Grant County",330121,Mattawa,2017-12-09 09:03:14.840073
2009-09-05,01:30,58.4,,46.7,64.8,0.0,W@3.4,6.0,69.8,0.0,0,"Mattawa, Grant County",330121,Mattawa,2017-12-09 09:03:14.840073
2009-09-05,01:45,57.6,,47.9,70.0,0.0,W@3.8,5.7,69.7,0.0,0,"Mattawa, Grant County",330121,Mattawa,2017-12-09 09:03:14.840073
2009-09-05,02:00,58.9,,47.2,64.9,0.0,W@6.2,11.0,69.6,0.0,0,"Mattawa, Grant County",330121,Mattawa,2017-12-09 09:03:14.840073
2009-09-05,02:15,61.6,,44.7,53.7,0.0,W@8.3,11.4,69.4,0.0,0,"Mattawa, Grant County",330121,Mattawa,2017-12-09 09:03:14.840073
2009-09-05,02:30,61.2,,45.0,55.1,0.0,W@6.4,8.9,69.3,0.0,0,"Mattawa, Grant County",330121,Mattawa,2017-12-09 09:03:14.840073
2009-09-05,02:45,60.1,,46.4,60.5,0.0,W@4.2,6.7,69.2,0.0,0,"Mattawa, Grant County",330121,Mattawa,2017-12-09 09:03:14.840073
2009-09-05,03:00,59.7,,46.5,61.5,0.0,W@2.1,3.5,69.1,0.0,0,"Mattawa, Grant County",330121,Mattawa,2017-12-09 09:03:14.840073
2009-09-05,03:15,59.5,,46.2,61.4,0.0,SW@1.3,3.9,68.9,0.0,0,"Mattawa, Grant County",330121,Mattawa,2017-12-09 09:03:14.840073
2009-09-05,03:30,59.4,,46.7,62.6,0.0,SW@2.0,5.7,68.8,0.0,0,"Mattawa, Grant County",330121,Mattawa,2017-12-09 09:03:14.840073
2009-09-05,03:45,55.6,,47.7,74.7,0.0,SW@3.4,5.3,68.7,0.0,0,"Mattawa, Grant County",330121,Mattawa,2017-12-09 09:03:14.840073
2009-09-05,04:00,58.4,,46.4,64.2,0.0,W@3.4,5.3,68.6,0.0,0,"Mattawa, Grant County",330121,Mattawa,2017-12-09 09:03:14.840073
2009-09-05,04:15,57.5,,47.4,68.9,0.0,W@3.3,3.9,68.5,0.0,0,"Mattawa, Grant County",330121,Mattawa,2017-12-09 09:03:14.840073
2009-09-05,04:30,57.1,,48.0,71.3,0.0,W@3.2,4.6,68.4,0.0,0,"Mattawa, Grant County",330121,Mattawa,2017-12-09 09:03:14.840073
2009-09-05,04:45,58.5,,47.5,66.6,0.0,W@4.0,4.9,68.3,0.0,0,"Mattawa, Grant County",330121,Mattawa,2017-12-09 09:03:14.840073
2009-09-05,05:00,58.9,,48.2,67.5,0.0,W@2.4,3.9,68.2,0.0,0,"Mattawa, Grant County",330121,Mattawa,2017-12-09 09:03:14.840073
2009-09-05,05:15,58.8,,48.2,67.6,0.0,SW@2.0,4.6,68.1,0.0,0,"Mattawa, Grant County",330121,Mattawa,2017-12-09 09:03:14.840073
2009-09-05,05:30,59.2,,48.6,67.7,0.0,W@4.3,5.3,68.0,0.0,2,"Mattawa, Grant County",330121,Mattawa,2017-12-09 09:03:14.840073
2009-09-05,05:45,58.9,,49.4,70.6,0.0,W@4.0,4.9,67.9,0.0,11,"Mattawa, Grant County",330121,Mattawa,2017-12-09 09:03:14.840073
2009-09-05,06:00,60.3,,48.8,65.6,0.0,W@3.6,4.9,67.8,0.0,25,"Mattawa, Grant County",330121,Mattawa,2017-12-09 09:03:14.840073
2009-09-05,06:15,60.5,,49.8,67.8,0.0,W@3.1,4.2,67.7,0.0,43,"Mattawa, Grant County",330121,Mattawa,2017-12-09 09:03:14.840073
2009-09-05,06:30,60.8,,51.0,70.1,0.0,W@2.9,3.9,67.7,0.0,61,"Mattawa, Grant County",330121,Mattawa,2017-12-09 09:03:14.840073
2009-09-05,06:45,62.4,,49.7,63.2,0.0,W@2.7,3.9,67.6,0.0,83,"Mattawa, Grant County",330121,Mattawa,2017-12-09 09:03:14.840073
2009-09-05,07:00,63.9,,50.5,61.6,0.0,W@3.4,4.6,67.5,0.0,144,"Mattawa, Grant County",330121,Mattawa,2017-12-09 09:03:14.840073
2009-09-05,07:15,65.7,,51.7,60.5,0.0,W@3.4,4.6,67.5,0.0,184,"Mattawa, Grant County",330121,Mattawa,2017-12-09 09:03:14.840073
2009-09-05,07:30,66.7,,51.2,57.3,0.0,W@2.9,4.6,67.5,0.0,183,"Mattawa, Grant County",330121,Mattawa,2017-12-09 09:03:14.840073
2009-09-05,07:45,66.7,,50.1,55.1,0.0,W@4.1,5.7,67.4,0.0,184,"Mattawa, Grant County",330121,Mattawa,2017-12-09 09:03:14.840073
2009-09-05,08:00,66.6,,50.6,56.5,0.0,W@3.2,4.2,67.4,0.0,193,"Mattawa, Grant County",330121,Mattawa,2017-12-09 09:03:14.840073
2009-09-05,08:15,67.3,,50.9,55.7,0.0,W@3.4,5.3,67.4,0.0,197,"Mattawa, Grant County",330121,Mattawa,2017-12-09 09:03:14.840073
2009-09-05,08:30,67.6,,52.6,58.7,0.0,W@3.1,4.6,67.5,0.0,242,"Mattawa, Grant County",330121,Mattawa,2017-12-09 09:03:14.840073
2009-09-05,08:45,68.7,,52.5,56.2,0.0,W@5.9,8.2,67.5,0.0,372,"Mattawa, Grant County",330121,Mattawa,2017-12-09 09:03:14.840073
2009-09-05,09:00,71.0,,51.1,49.4,0.0,W@10.0,14.6,67.6,0.0,520,"Mattawa, Grant County",330121,Mattawa,2017-12-09 09:03:14.840073
2009-09-05,09:15,69.6,,51.9,53.3,0.0,W@8.9,13.2,67.6,0.0,266,"Mattawa, Grant County",330121,Mattawa,2017-12-09 09:03:14.840073
2009-09-05,09:30,68.8,,53.5,58.1,0.0,W@5.3,8.5,67.7,0.0,207,"Mattawa, Grant County",330121,Mattawa,2017-12-09 09:03:14.840073
2009-09-05,09:45,70.6,,53.9,55.4,0.0,W@4.3,6.4,67.9,0.0,399,"Mattawa, Grant County",330121,Mattawa,2017-12-09 09:03:14.840073
2009-09-05,10:00,75.7,,51.4,42.6,0.0,W@3.8,7.1,68.0,0.0,663,"Mattawa, Grant County",330121,Mattawa,2017-12-09 09:03:14.840073
2009-09-05,10:15,76.8,,47.7,35.8,0.0,NW@3.7,5.7,68.1,0.0,601,"Mattawa, Grant County",330121,Mattawa,2017-12-09 09:03:14.840073
2009-09-05,10:30,77.1,,53.3,43.5,0.0,E@5.7,9.2,68.3,0.0,651,"Mattawa, Grant County",330121,Mattawa,2017-12-09 09:03:14.840073
2009-09-05,10:45,76.8,,53.7,44.7,0.0,E@4.9,7.8,68.5,0.0,639,"Mattawa, Grant County",330121,Mattawa,2017-12-09 09:03:14.840073
2009-09-05,11:00,77.5,,52.0,40.9,0.0,E@4.1,5.7,68.7,0.0,536,"Mattawa, Grant County",330121,Mattawa,2017-12-09 09:03:14.840073
2009-09-05,11:15,77.9,,53.5,42.8,0.0,E@4.0,5.7,68.9,0.0,532,"Mattawa, Grant County",330121,Mattawa,2017-12-09 09:03:14.840073
2009-09-05,11:30,78.2,,53.7,42.6,0.0,E@4.5,7.4,69.2,0.0,513,"Mattawa, Grant County",330121,Mattawa,2017-12-09 09:03:14.840073
2009-09-05,11:45,78.7,,51.6,38.9,0.0,SE@3.4,5.7,69.5,0.0,498,"Mattawa, Grant County",330121,Mattawa,2017-12-09 09:03:14.840073
2009-09-05,12:00,78.3,,51.9,39.8,0.0,S@3.3,4.9,69.8,0.0,416,"Mattawa, Grant County",330121,Mattawa,2017-12-09 09:03:14.840073
2009-09-05,12:15,80.5,,52.4,37.7,0.0,S@3.5,5.3,70.0,0.0,728,"Mattawa, Grant County",330121,Mattawa,2017-12-09 09:03:14.840073
2009-09-05,12:30,79.2,,53.6,41.1,0.0,W@5.3,10.7,70.3,0.0,638,"Mattawa, Grant County",330121,Mattawa,2017-12-09 09:03:14.840073
2009-09-05,12:45,78.5,,57.0,47.6,0.0,W@9.7,12.8,70.6,0.0,840,"Mattawa, Grant County",330121,Mattawa,2017-12-09 09:03:14.840073
2009-09-05,13:00,79.4,,55.5,43.8,0.0,W@8.3,10.7,70.9,0.0,926,"Mattawa, Grant County",330121,Mattawa,2017-12-09 09:03:14.840073
2009-09-05,13:15,79.2,,56.8,46.1,0.0,NW@9.9,15.0,71.2,0.0,900,"Mattawa, Grant County",330121,Mattawa,2017-12-09 09:03:14.840073
2009-09-05,13:30,78.6,,58.0,49.1,0.0,W@10.2,13.2,71.5,0.0,806,"Mattawa, Grant County",330121,Mattawa,2017-12-09 09:03:14.840073
2009-09-05,13:45,76.2,,57.8,52.8,0.0,W@9.9,13.2,71.8,0.0,323,"Mattawa, Grant County",330121,Mattawa,2017-12-09 09:03:14.840073
2009-09-05,14:00,72.8,,56.7,56.8,0.0,W@14.0,17.8,72.2,0.0,273,"Mattawa, Grant County",330121,Mattawa,2017-12-09 09:03:14.840073
2009-09-05,14:15,72.1,,56.6,58.0,0.0,W@14.6,19.2,72.6,0.0,501,"Mattawa, Grant County",330121,Mattawa,2017-12-09 09:03:14.840073
2009-09-05,14:30,71.0,,56.1,59.2,0.0,W@16.5,23.2,72.9,0.0,341,"Mattawa, Grant County",330121,Mattawa,2017-12-09 09:03:14.840073
2009-09-05,14:45,70.0,,55.1,59.1,0.0,W@15.5,23.5,73.2,0.0,352,"Mattawa, Grant County",330121,Mattawa,2017-12-09 09:03:14.840073
2009-09-05,15:00,69.1,,55.2,61.4,0.0,W@16.1,21.8,73.5,0.0,233,"Mattawa, Grant County",330121,Mattawa,2017-12-09 09:03:14.840073
2009-09-05,15:15,67.1,,55.4,66.0,0.01,W@14.7,21.0,73.7,0.0,115,"Mattawa, Grant County",330121,Mattawa,2017-12-09 09:03:14.840073
2009-09-05,15:30,66.2,,55.2,67.8,0.0,W@14.7,21.0,73.8,0.0,99,"Mattawa, Grant County",330121,Mattawa,2017-12-09 09:03:14.840073
2009-09-05,15:45,64.2,,55.8,74.1,0.0,W@15.6,21.8,73.9,0.0,106,"Mattawa, Grant County",330121,Mattawa,2017-12-09 09:03:14.840073
2009-09-05,16:00,63.1,,56.0,77.4,0.0,W@13.3,21.0,74.0,0.0,62,"Mattawa, Grant County",330121,Mattawa,2017-12-09 09:03:14.840073
2009-09-05,16:15,63.0,,55.1,75.2,0.0,W@12.2,16.7,74.0,0.0,38,"Mattawa, Grant County",330121,Mattawa,2017-12-09 09:03:14.840073
2009-09-05,16:30,63.2,,54.8,74.2,0.02,W@11.0,16.0,74.0,0.0,16,"Mattawa, Grant County",330121,Mattawa,2017-12-09 09:03:14.840073
2009-09-05,16:45,62.3,,55.2,77.6,0.98,SW@12.4,18.9,74.0,0.0,18,"Mattawa, Grant County",330121,Mattawa,2017-12-09 09:03:14.840073
2009-09-05,17:00,62.2,,55.3,78.2,1.0,W@12.3,21.4,74.0,0.0,11,"Mattawa, Grant County",330121,Mattawa,2017-12-09 09:03:14.840073
2009-09-05,17:15,61.9,,55.7,80.0,1.0,W@11.7,22.5,73.9,0.01,26,"Mattawa, Grant County",330121,Mattawa,2017-12-09 09:03:14.840073
2009-09-05,17:30,60.8,,56.1,84.2,0.96,W@6.9,12.1,73.8,0.0,6,"Mattawa, Grant County",330121,Mattawa,2017-12-09 09:03:14.840073
2009-09-05,17:45,60.2,,56.2,86.6,1.0,SW@4.8,7.8,73.7,0.0,4,"Mattawa, Grant County",330121,Mattawa,2017-12-09 09:03:14.840073
2009-09-05,18:00,61.0,,55.7,82.8,1.0,SW@6.6,11.7,73.5,0.0,17,"Mattawa, Grant County",330121,Mattawa,2017-12-09 09:03:14.840073
2009-09-05,18:15,60.5,,56.8,87.7,1.0,SW@3.9,7.4,73.4,0.0,29,"Mattawa, Grant County",330121,Mattawa,2017-12-09 09:03:14.840073
2009-09-05,18:30,59.8,,57.1,90.7,1.0,NW@7.6,12.1,73.2,0.0,14,"Mattawa, Grant County",330121,Mattawa,2017-12-09 09:03:14.840073
2009-09-05,18:45,59.5,,57.0,91.3,1.0,NW@6.3,10.7,73.1,0.0,1,"Mattawa, Grant County",330121,Mattawa,2017-12-09 09:03:14.840073
2009-09-05,19:00,59.2,,57.3,93.3,1.0,SW@0.5,3.1,72.9,0.0,0,"Mattawa, Grant County",330121,Mattawa,2017-12-09 09:03:14.840073
2009-09-05,19:15,58.7,,57.3,95.0,1.0,SE@4.9,7.4,72.7,0.0,0,"Mattawa, Grant County",330121,Mattawa,2017-12-09 09:03:14.840073
2009-09-05,19:30,58.9,,57.4,94.9,1.0,SE@4.7,6.7,72.5,0.0,0,"Mattawa, Grant County",330121,Mattawa,2017-12-09 09:03:14.840073
2009-09-05,19:45,58.9,,57.4,94.6,1.0,SE@3.7,6.7,72.3,0.0,0,"Mattawa, Grant County",330121,Mattawa,2017-12-09 09:03:14.840073
2009-09-05,20:00,59.1,,57.7,95.0,1.0,N@1.5,3.5,72.2,0.0,0,"Mattawa, Grant County",330121,Mattawa,2017-12-09 09:03:14.840073
2009-09-05,20:15,59.1,,57.7,95.1,1.0,N@0.0,0.0,72.0,0.0,0,"Mattawa, Grant County",330121,Mattawa,2017-12-09 09:03:14.840073
2009-09-05,20:30,58.4,,57.7,97.5,1.0,N@3.1,8.2,71.9,0.0,0,"Mattawa, Grant County",330121,Mattawa,2017-12-09 09:03:14.840073
2009-09-05,20:45,58.4,,57.8,98.0,1.0,N@4.2,7.4,71.7,0.0,0,"Mattawa, Grant County",330121,Mattawa,2017-12-09 09:03:14.840073
2009-09-05,21:00,58.0,,57.8,99.3,1.0,NE@2.9,5.3,71.5,0.0,0,"Mattawa, Grant County",330121,Mattawa,2017-12-09 09:03:14.840073
2009-09-05,21:15,58.0,,57.9,99.5,1.0,E@0.1,2.1,71.4,0.0,0,"Mattawa, Grant County",330121,Mattawa,2017-12-09 09:03:14.840073
2009-09-05,21:30,57.9,,57.9,99.9,1.0,NE@0.4,3.1,71.2,0.0,0,"Mattawa, Grant County",330121,Mattawa,2017-12-09 09:03:14.840073
2009-09-05,21:45,57.9,,57.7,99.2,1.0,NE@1.8,5.3,71.1,0.0,0,"Mattawa, Grant County",330121,Mattawa,2017-12-09 09:03:14.840073
2009-09-05,22:00,57.9,,57.5,98.6,1.0,NE@2.4,3.5,70.9,0.0,0,"Mattawa, Grant County",330121,Mattawa,2017-12-09 09:03:14.840073
2009-09-05,22:15,57.9,,57.6,98.9,1.0,W@0.0,1.4,70.8,0.0,0,"Mattawa, Grant County",330121,Mattawa,2017-12-09 09:03:14.840073
2009-09-05,22:30,57.9,,57.6,98.8,1.0,NW@1.7,3.5,70.7,0.0,0,"Mattawa, Grant County",330121,Mattawa,2017-12-09 09:03:14.840073
2009-09-05,22:45,57.6,,57.3,98.8,1.0,N@1.2,2.8,70.5,0.0,0,"Mattawa, Grant County",330121,Mattawa,2017-12-09 09:03:14.840073
2009-09-05,23:00,57.7,,57.5,98.9,1.0,NE@2.4,4.6,70.4,0.0,0,"Mattawa, Grant County",330121,Mattawa,2017-12-09 09:03:14.840073
2009-09-06,23:15,57.3,,56.7,97.7,1.0,NE@3.2,4.9,70.3,0.0,0,"Mattawa, Grant County",330121,Mattawa,2017-12-09 09:03:14.840073
2009-09-06,23:30,57.1,,56.7,98.6,1.0,NE@2.6,4.2,70.2,0.0,0,"Mattawa, Grant County",330121,Mattawa,2017-12-09 09:03:14.840073
2009-09-06,23:45,56.4,,56.2,99.2,1.0,E@1.7,3.5,70.1,0.0,0,"Mattawa, Grant County",330121,Mattawa,2017-12-09 09:03:14.840073
2009-09-06,24:00,56.1,,56.1,99.9,1.0,NE@0.7,2.1,70.0,0.01,0,"Mattawa, Grant County",330121,Mattawa,2017-12-09 09:03:14.840073
2009-09-06,00:15,56.1,,56.1,100.0,1.0,NE@1.3,3.5,69.8,0.0,0,"Mattawa, Grant County",330121,Mattawa,2017-12-09 09:03:14.840073
2009-09-06,00:30,55.9,,55.9,100.0,1.0,NE@0.8,3.9,69.7,0.0,0,"Mattawa, Grant County",330121,Mattawa,2017-12-09 09:03:14.840073
2009-09-06,00:45,55.5,,55.5,100.0,1.0,NE@1.8,4.2,69.6,0.0,0,"Mattawa, Grant County",330121,Mattawa,2017-12-09 09:03:14.840073
2009-09-06,01:00,55.1,,55.1,100.0,1.0,NE@2.1,3.5,69.5,0.0,0,"Mattawa, Grant County",330121,Mattawa,2017-12-09 09:03:14.840073
2009-09-06,01:15,55.1,,55.1,100.0,1.0,N@0.2,2.1,69.4,0.0,0,"Mattawa, Grant County",330121,Mattawa,2017-12-09 09:03:14.840073
2009-09-06,01:30,55.4,,55.4,100.0,1.0,NW@2.6,4.6,69.3,0.0,0,"Mattawa, Grant County",330121,Mattawa,2017-12-09 09:03:14.840073
2009-09-06,01:45,54.7,,54.7,99.8,1.0,NW@0.2,2.8,69.2,0.0,0,"Mattawa, Grant County",330121,Mattawa,2017-12-09 09:03:14.840073
2009-09-06,02:00,53.4,,53.4,99.7,1.0,N@0.0,0.0,69.0,0.0,0,"Mattawa, Grant County",330121,Mattawa,2017-12-09 09:03:14.840073
2009-09-06,02:15,54.5,,54.5,100.0,1.0,N@0.0,0.0,68.9,0.0,0,"Mattawa, Grant County",330121,Mattawa,2017-12-09 09:03:14.840073
2009-09-06,02:30,55.9,,55.9,100.0,1.0,N@0.0,0.0,68.8,0.0,0,"Mattawa, Grant County",330121,Mattawa,2017-12-09 09:03:14.840073
2009-09-06,02:45,55.0,,55.0,99.7,1.0,N@0.0,0.0,68.7,0.0,0,"Mattawa, Grant County",330121,Mattawa,2017-12-09 09:03:14.840073
2009-09-06,03:00,54.9,,54.9,99.9,1.0,N@0.0,0.0,68.5,0.0,0,"Mattawa, Grant County",330121,Mattawa,2017-12-09 09:03:14.840073
2009-09-06,03:15,53.4,,53.3,99.9,1.0,S@0.6,5.7,68.4,0.0,0,"Mattawa, Grant County",330121,Mattawa,2017-12-09 09:03:14.840073
2009-09-06,03:30,54.4,,54.4,100.0,1.0,S@1.4,4.9,68.3,0.0,0,"Mattawa, Grant County",330121,Mattawa,2017-12-09 09:03:14.840073
2009-09-06,03:45,55.1,,54.3,97.3,1.0,NW@0.7,6.0,68.2,0.0,0,"Mattawa, Grant County",330121,Mattawa,2017-12-09 09:03:14.840073
2009-09-06,04:00,54.3,,51.1,88.8,1.0,S@0.0,1.7,68.0,0.0,0,"Mattawa, Grant County",330121,Mattawa,2017-12-09 09:03:14.840073
2009-09-06,04:15,52.9,,50.0,89.7,1.0,E@0.0,1.4,67.9,0.0,0,"Mattawa, Grant County",330121,Mattawa,2017-12-09 09:03:14.840073
2009-09-06,04:30,52.1,,48.6,88.0,1.0,S@0.3,4.2,67.8,0.0,0,"Mattawa, Grant County",330121,Mattawa,2017-12-09 09:03:14.840073
2009-09-06,04:45,54.4,,48.2,79.6,1.0,SW@6.1,11.7,67.7,0.0,0,"Mattawa, Grant County",330121,Mattawa,2017-12-09 09:03:14.840073
2009-09-06,05:00,53.9,,48.4,81.6,1.0,S@5.7,11.4,67.5,0.0,0,"Mattawa, Grant County",330121,Mattawa,2017-12-09 09:03:14.840073
2009-09-06,05:15,54.7,,48.4,79.2,1.0,SW@5.6,9.9,67.4,0.0,0,"Mattawa, Grant County",330121,Mattawa,2017-12-09 09:03:14.840073
2009-09-06,05:30,53.8,,49.2,84.4,0.96,S@3.3,7.1,67.3,0.0,5,"Mattawa, Grant County",330121,Mattawa,2017-12-09 09:03:14.840073
2009-09-06,05:45,53.1,,49.3,86.8,0.93,S@4.3,7.1,67.1,0.0,20,"Mattawa, Grant County",330121,Mattawa,2017-12-09 09:03:14.840073
2009-09-06,06:00,54.0,,49.0,82.9,0.87,S@5.1,7.4,67.0,0.0,77,"Mattawa, Grant County",330121,Mattawa,2017-12-09 09:03:14.840073
2009-09-06,06:15,55.2,,49.8,82.0,0.51,S@5.6,8.2,66.9,0.0,124,"Mattawa, Grant County",330121,Mattawa,2017-12-09 09:03:14.840073
2009-09-06,06:30,56.5,,50.3,79.6,0.02,S@6.7,9.9,66.8,0.0,162,"Mattawa, Grant County",330121,Mattawa,2017-12-09 09:03:14.840073
2009-09-06,06:45,57.3,,50.1,76.8,0.01,S@7.0,11.4,66.6,0.0,158,"Mattawa, Grant County",330121,Mattawa,2017-12-09 09:03:14.840073
2009-09-06,07:00,57.3,,50.1,76.9,0.0,S@6.8,9.9,66.6,0.0,105,"Mattawa, Grant County",330121,Mattawa,2017-12-09 09:03:14.840073
2009-09-06,07:15,56.9,,50.0,77.4,0.0,S@7.6,10.3,66.5,0.0,97,"Mattawa, Grant County",330121,Mattawa,2017-12-09 09:03:14.840073
2009-09-06,07:30,57.9,,50.6,76.6,0.0,SE@6.8,10.3,66.4,0.0,190,"Mattawa, Grant County",330121,Mattawa,2017-12-09 09:03:14.840073
2009-09-06,07:45,60.3,,51.5,72.5,0.0,SE@5.9,8.2,66.3,0.0,285,"Mattawa, Grant County",330121,Mattawa,2017-12-09 09:03:14.840073
2009-09-06,08:00,58.4,,51.6,78.1,0.0,SE@5.5,8.2,66.3,0.0,135,"Mattawa, Grant County",330121,Mattawa,2017-12-09 09:03:14.840073
2009-09-06,08:15,59.6,,51.5,74.6,0.0,SE@4.8,7.4,66.3,0.0,256,"Mattawa, Grant County",330121,Mattawa,2017-12-09 09:03:14.840073
2009-09-06,08:30,63.6,,51.2,63.9,0.0,S@7.0,13.9,66.2,0.0,470,"Mattawa, Grant County",330121,Mattawa,2017-12-09 09:03:14.840073
2009-09-06,08:45,64.6,,51.5,62.4,0.0,S@6.8,10.7,66.2,0.0,494,"Mattawa, Grant County",330121,Mattawa,2017-12-09 09:03:14.840073
2009-09-06,09:00,65.2,,50.5,58.9,0.0,S@7.5,11.4,66.2,0.0,514,"Mattawa, Grant County",330121,Mattawa,2017-12-09 09:03:14.840073
2009-09-06,09:15,66.3,,50.5,56.7,0.0,S@7.4,11.7,66.3,0.0,604,"Mattawa, Grant County",330121,Mattawa,2017-12-09 09:03:14.840073
2009-09-06,09:30,67.1,,50.5,55.1,0.0,S@8.5,12.8,66.4,0.0,643,"Mattawa, Grant County",330121,Mattawa,2017-12-09 09:03:14.840073
2009-09-06,09:45,66.3,,49.6,54.8,0.0,S@8.9,13.2,66.5,0.0,489,"Mattawa, Grant County",330121,Mattawa,2017-12-09 09:03:14.840073
2009-09-06,10:00,65.4,,50.6,58.7,0.0,S@7.4,11.4,66.7,0.01,430,"Mattawa, Grant County",330121,Mattawa,2017-12-09 09:03:14.840073
2009-09-06,10:15,66.9,,50.8,56.1,0.0,S@8.3,13.2,66.9,0.0,609,"Mattawa, Grant County",330121,Mattawa,2017-12-09 09:03:14.840073
2009-09-06,10:30,68.1,,51.4,55.1,0.0,S@8.8,12.4,67.1,0.0,718,"Mattawa, Grant County",330121,Mattawa,2017-12-09 09:03:14.840073
2009-09-06,10:45,67.5,,51.4,56.2,0.0,S@8.7,13.5,67.4,0.0,474,"Mattawa, Grant County",330121,Mattawa,2017-12-09 09:03:14.840073
2009-09-06,11:00,67.3,,50.1,53.9,0.0,S@9.7,18.2,67.6,0.01,461,"Mattawa, Grant County",330121,Mattawa,2017-12-09 09:03:14.840073
2009-09-06,11:15,67.1,,50.0,54.2,0.0,S@10.6,18.2,67.9,0.0,510,"Mattawa, Grant County",330121,Mattawa,2017-12-09 09:03:14.840073
2009-09-06,11:30,68.1,,48.7,49.9,0.0,S@12.1,18.2,68.2,0.0,681,"Mattawa, Grant County",330121,Mattawa,2017-12-09 09:03:14.840073
2009-09-06,11:45,69.2,,48.3,47.3,0.0,SW@12.1,18.2,68.4,0.0,695,"Mattawa, Grant County",330121,Mattawa,2017-12-09 09:03:14.840073
2009-09-06,12:00,69.3,,48.7,47.8,0.0,SW@11.3,20.0,68.7,0.0,680,"Mattawa, Grant County",330121,Mattawa,2017-12-09 09:03:14.840073
2009-09-06,12:15,68.1,,48.6,49.6,0.0,S@9.8,22.8,68.9,0.0,357,"Mattawa, Grant County",330121,Mattawa,2017-12-09 09:03:14.840073
2009-09-06,12:30,66.8,,46.9,48.6,0.0,S@12.0,27.8,69.2,0.0,262,"Mattawa, Grant County",330121,Mattawa,2017-12-09 09:03:14.840073
2009-09-06,12:45,66.6,,46.6,48.5,0.0,SW@11.1,17.5,69.4,0.0,208,"Mattawa, Grant County",330121,Mattawa,2017-12-09 09:03:14.840073
2009-09-06,13:00,65.8,,47.3,51.2,0.0,SW@11.6,17.8,69.7,0.0,174,"Mattawa, Grant County",330121,Mattawa,2017-12-09 09:03:14.840073
2009-09-06,13:15,66.9,,49.0,52.6,0.0,SW@10.9,16.7,69.9,0.0,416,"Mattawa, Grant County",330121,Mattawa,2017-12-09 09:03:14.840073
2009-09-06,13:30,66.3,,48.2,52.0,0.0,SW@9.6,15.7,70.1,0.0,305,"Mattawa, Grant County",330121,Mattawa,2017-12-09 09:03:14.840073
2009-09-06,13:45,68.7,,49.4,50.1,0.0,SW@6.6,9.9,70.2,0.0,432,"Mattawa, Grant County",330121,Mattawa,2017-12-09 09:03:14.840073
2009-09-06,14:00,67.5,,48.1,49.7,0.0,SW@8.4,17.8,70.3,0.0,221,"Mattawa, Grant County",330121,Mattawa,2017-12-09 09:03:14.840073
2009-09-06,14:15,64.0,,47.1,54.0,0.0,SW@16.9,29.6,70.4,0.0,62,"Mattawa, Grant County",330121,Mattawa,2017-12-09 09:03:14.840073
2009-09-06,14:30,59.1,,49.3,70.0,0.0,SW@14.0,22.5,70.5,0.0,83,"Mattawa, Grant County",330121,Mattawa,2017-12-09 09:03:14.840073
2009-09-06,14:45,60.1,,50.1,69.4,0.06,W@11.3,17.8,70.6,0.0,287,"Mattawa, Grant County",330121,Mattawa,2017-12-09 09:03:14.840073
2009-09-06,15:00,64.1,,49.8,59.5,0.0,W@10.5,18.9,70.6,0.0,627,"Mattawa, Grant County",330121,Mattawa,2017-12-09 09:03:14.840073
2009-09-06,15:15,64.9,,49.4,57.2,0.0,W@7.4,12.8,70.7,0.0,513,"Mattawa, Grant County",330121,Mattawa,2017-12-09 09:03:14.840073
2009-09-06,15:30,65.7,,49.5,55.7,0.0,SW@9.7,17.5,70.7,0.0,545,"Mattawa, Grant County",330121,Mattawa,2017-12-09 09:03:14.840073
2009-09-06,15:45,63.9,,49.1,58.5,0.0,SW@8.9,15.3,70.7,0.0,254,"Mattawa, Grant County",330121,Mattawa,2017-12-09 09:03:14.840073
2009-09-06,16:00,65.1,,49.7,57.3,0.0,SW@10.4,16.0,70.7,0.0,384,"Mattawa, Grant County",330121,Mattawa,2017-12-09 09:03:14.840073
2009-09-06,16:15,63.7,,48.6,57.9,0.0,SW@10.7,16.7,70.7,0.0,129,"Mattawa, Grant County",330121,Mattawa,2017-12-09 09:03:14.840073
2009-09-06,16:30,64.8,,48.6,55.6,0.0,SW@9.6,15.3,70.8,0.0,271,"Mattawa, Grant County",330121,Mattawa,2017-12-09 09:03:14.840073
2009-09-06,16:45,65.5,,48.9,54.9,0.0,SW@10.1,17.1,70.8,0.0,346,"Mattawa, Grant County",330121,Mattawa,2017-12-09 09:03:14.840073
2009-09-06,17:00,65.6,,47.7,52.3,0.0,SW@7.9,12.4,70.8,0.0,289,"Mattawa, Grant County",330121,Mattawa,2017-12-09 09:03:14.840073
2009-09-06,17:15,64.6,,47.4,53.5,0.0,SW@8.2,14.2,70.8,0.0,189,"Mattawa, Grant County",330121,Mattawa,2017-12-09 09:03:14.840073
2009-09-06,17:30,62.6,,46.2,54.8,0.0,SW@12.1,18.2,70.8,0.0,141,"Mattawa, Grant County",330121,Mattawa,2017-12-09 09:03:14.840073
2009-09-06,17:45,62.0,,45.6,54.9,0.0,SW@13.8,21.0,70.8,0.0,107,"Mattawa, Grant County",330121,Mattawa,2017-12-09 09:03:14.840073
2009-09-06,18:00,61.5,,46.2,57.2,0.0,SW@12.1,20.7,70.8,0.0,74,"Mattawa, Grant County",330121,Mattawa,2017-12-09 09:03:14.840073
2009-09-06,18:15,60.5,,46.6,60.0,0.0,SW@10.0,15.7,70.8,0.0,35,"Mattawa, Grant County",330121,Mattawa,2017-12-09 09:03:14.840073
2009-09-06,18:30,60.2,,46.1,59.7,0.0,SW@7.7,14.2,70.7,0.0,12,"Mattawa, Grant County",330121,Mattawa,2017-12-09 09:03:14.840073
2009-09-06,18:45,59.2,,46.4,62.5,0.0,SW@5.2,9.2,70.6,0.0,1,"Mattawa, Grant County",330121,Mattawa,2017-12-09 09:03:14.840073
2009-09-06,19:00,59.1,,46.5,62.9,0.0,SW@6.6,12.4,70.5,0.0,0,"Mattawa, Grant County",330121,Mattawa,2017-12-09 09:03:14.840073
2009-09-06,19:15,60.1,,46.0,59.5,0.0,W@8.1,14.6,70.4,0.0,0,"Mattawa, Grant County",330121,Mattawa,2017-12-09 09:03:14.840073
2009-09-06,19:30,59.4,,46.2,61.4,0.0,NW@5.3,11.4,70.3,0.0,0,"Mattawa, Grant County",330121,Mattawa,2017-12-09 09:03:14.840073
2009-09-06,19:45,56.2,,47.5,72.5,0.0,W@2.6,6.4,70.2,0.0,0,"Mattawa, Grant County",330121,Mattawa,2017-12-09 09:03:14.840073
2009-09-06,20:00,56.4,,46.6,69.6,0.0,W@7.1,16.4,70.1,0.0,0,"Mattawa, Grant County",330121,Mattawa,2017-12-09 09:03:14.840073
2009-09-06,20:15,58.3,,45.0,61.2,0.0,W@8.3,14.6,69.9,0.0,0,"Mattawa, Grant County",330121,Mattawa,2017-12-09 09:03:14.840073
2009-09-06,20:30,57.4,,45.1,63.5,0.0,SW@7.1,11.0,69.8,0.0,0,"Mattawa, Grant County",330121,Mattawa,2017-12-09 09:03:14.840073
2009-09-06,20:45,56.9,,45.0,64.2,0.0,S@8.4,14.2,69.6,0.0,0,"Mattawa, Grant County",330121,Mattawa,2017-12-09 09:03:14.840073
2009-09-06,21:00,54.2,,45.7,72.9,0.0,SW@5.4,10.3,69.5,0.0,0,"Mattawa, Grant County",330121,Mattawa,2017-12-09 09:03:14.840073
2009-09-06,21:15,54.9,,45.6,70.7,0.0,NW@4.7,9.9,69.3,0.0,0,"Mattawa, Grant County",330121,Mattawa,2017-12-09 09:03:14.840073
2009-09-06,21:30,56.8,,44.5,63.2,0.0,W@3.0,6.0,69.1,0.0,0,"Mattawa, Grant County",330121,Mattawa,2017-12-09 09:03:14.840073
2009-09-06,21:45,54.9,,44.4,67.5,0.0,W@3.4,10.7,69.0,0.0,0,"Mattawa, Grant County",330121,Mattawa,2017-12-09 09:03:14.840073
2009-09-06,22:00,53.8,,44.3,70.2,0.0,W@6.1,9.2,68.8,0.0,0,"Mattawa, Grant County",330121,Mattawa,2017-12-09 09:03:14.840073
2009-09-06,22:15,52.0,,44.6,75.7,0.0,W@3.8,7.1,68.6,0.0,0,"Mattawa, Grant County",330121,Mattawa,2017-12-09 09:03:14.840073
2009-09-06,22:30,50.8,,44.3,78.4,0.0,W@3.6,5.7,68.5,0.0,0,"Mattawa, Grant County",330121,Mattawa,2017-12-09 09:03:14.840073
2009-09-06,22:45,50.7,,44.6,79.4,0.0,W@4.5,6.7,68.3,0.0,0,"Mattawa, Grant County",330121,Mattawa,2017-12-09 09:03:14.840073
2009-09-06,23:00,51.0,,44.8,79.2,0.0,W@4.5,6.7,68.2,0.0,0,"Mattawa, Grant County",330121,Mattawa,2017-12-09 09:03:14.840073
2009-09-07,23:15,52.4,,45.6,77.5,0.0,W@5.8,7.8,68.0,0.0,0,"Mattawa, Grant County",330121,Mattawa,2017-12-09 09:03:14.840073
2009-09-07,23:30,51.3,,45.5,80.3,0.0,SW@4.3,6.0,67.9,0.0,0,"Mattawa, Grant County",330121,Mattawa,2017-12-09 09:03:14.840073
2009-09-07,23:45,50.8,,45.7,82.7,0.01,W@4.6,6.7,67.7,0.0,0,"Mattawa, Grant County",330121,Mattawa,2017-12-09 09:03:14.840073
2009-09-07,24:00,51.5,,45.7,80.5,0.0,W@6.3,8.9,67.6,0.0,0,"Mattawa, Grant County",330121,Mattawa,2017-12-09 09:03:14.840073
2009-09-07,00:15,50.6,,45.7,83.0,0.0,W@5.3,7.4,67.4,0.0,0,"Mattawa, Grant County",330121,Mattawa,2017-12-09 09:03:14.840073
2009-09-07,00:30,49.9,,45.4,84.3,0.01,W@3.9,6.4,67.3,0.0,0,"Mattawa, Grant County",330121,Mattawa,2017-12-09 09:03:14.840073
2009-09-07,00:45,49.4,,45.0,84.8,0.01,W@3.6,5.3,67.1,0.0,0,"Mattawa, Grant County",330121,Mattawa,2017-12-09 09:03:14.840073
2009-09-07,01:00,49.4,,45.1,84.7,0.01,W@5.2,8.2,67.0,0.0,0,"Mattawa, Grant County",330121,Mattawa,2017-12-09 09:03:14.840073
2009-09-07,01:15,49.3,,44.4,83.2,0.01,W@4.6,6.7,66.8,0.0,0,"Mattawa, Grant County",330121,Mattawa,2017-12-09 09:03:14.840073
2009-09-07,01:30,50.4,,43.8,78.0,0.01,W@0.9,3.1,66.7,0.0,0,"Mattawa, Grant County",330121,Mattawa,2017-12-09 09:03:14.840073
2009-09-07,01:45,51.0,,43.3,74.6,0.0,NW@2.1,4.2,66.6,0.0,0,"Mattawa, Grant County",330121,Mattawa,2017-12-09 09:03:14.840073
2009-09-07,02:00,48.4,,42.9,81.2,0.01,SW@1.1,3.5,66.4,0.0,0,"Mattawa, Grant County",330121,Mattawa,2017-12-09 09:03:14.840073
2009-09-07,02:15,47.0,,43.0,85.9,0.08,N@0.0,0.0,66.3,0.0,0,"Mattawa, Grant County",330121,Mattawa,2017-12-09 09:03:14.840073
2009-09-07,02:30,47.2,,43.1,85.6,0.17,NW@0.7,3.9,66.1,0.0,0,"Mattawa, Grant County",330121,Mattawa,2017-12-09 09:03:14.840073
2009-09-07,02:45,49.1,,43.3,80.3,0.08,NW@5.1,7.1,66.0,0.0,0,"Mattawa, Grant County",330121,Mattawa,2017-12-09 09:03:14.840073
2009-09-07,03:00,49.3,,42.5,77.4,0.0,NW@6.2,7.4,65.9,0.0,0,"Mattawa, Grant County",330121,Mattawa,2017-12-09 09:03:14.840073
2009-09-07,03:15,47.8,,42.3,81.3,0.01,N@4.8,7.1,65.7,0.0,0,"Mattawa, Grant County",330121,Mattawa,2017-12-09 09:03:14.840073
2009-09-07,03:30,44.3,,42.5,93.1,0.11,NE@3.4,4.6,65.6,0.0,0,"Mattawa, Grant County",330121,Mattawa,2017-12-09 09:03:14.840073
2009-09-07,03:45,44.1,,42.3,93.3,0.23,NE@4.0,5.7,65.5,0.0,0,"Mattawa, Grant County",330121,Mattawa,2017-12-09 09:03:14.840073
2009-09-07,04:00,43.2,,41.7,94.3,0.37,S@1.8,4.9,65.3,0.0,0,"Mattawa, Grant County",330121,Mattawa,2017-12-09 09:03:14.840073
2009-09-07,04:15,44.0,,42.6,94.9,0.6,E@1.9,5.3,65.2,0.0,0,"Mattawa, Grant County",330121,Mattawa,2017-12-09 09:03:14.840073
2009-09-07,04:30,43.8,,41.9,92.8,0.67,N@1.5,4.2,65.1,0.0,0,"Mattawa, Grant County",330121,Mattawa,2017-12-09 09:03:14.840073
2009-09-07,04:45,43.0,,41.5,94.4,0.73,NW@0.2,3.1,65.0,0.0,0,"Mattawa, Grant County",330121,Mattawa,2017-12-09 09:03:14.840073
2009-09-07,05:00,43.4,,41.7,93.9,0.77,NW@3.2,5.3,64.8,0.0,0,"Mattawa, Grant County",330121,Mattawa,2017-12-09 09:03:14.840073
2009-09-07,05:15,42.8,,41.2,94.0,0.79,N@1.7,3.9,64.7,0.0,0,"Mattawa, Grant County",330121,Mattawa,2017-12-09 09:03:14.840073
2009-09-07,05:30,43.2,,41.4,93.5,0.8,NW@2.2,4.2,64.6,0.0,4,"Mattawa, Grant County",330121,Mattawa,2017-12-09 09:03:14.840073
2009-09-07,05:45,43.2,,41.2,92.8,0.81,N@0.7,3.9,64.4,0.0,20,"Mattawa, Grant County",330121,Mattawa,2017-12-09 09:03:14.840073
2009-09-07,06:00,45.3,,41.9,88.0,0.78,N@1.9,3.9,64.3,0.0,45,"Mattawa, Grant County",330121,Mattawa,2017-12-09 09:03:14.840073
2009-09-07,06:15,46.4,,42.5,86.0,0.56,N@1.9,4.2,64.2,0.0,71,"Mattawa, Grant County",330121,Mattawa,2017-12-09 09:03:14.840073
2009-09-07,06:30,46.5,,42.9,87.0,0.12,N@2.1,3.9,64.0,0.0,71,"Mattawa, Grant County",330121,Mattawa,2017-12-09 09:03:14.840073
2009-09-07,06:45,47.8,,44.3,87.4,0.02,NE@3.5,4.6,63.9,0.0,102,"Mattawa, Grant County",330121,Mattawa,2017-12-09 09:03:14.840073
2009-09-07,07:00,49.2,,45.3,86.5,0.02,E@4.3,6.0,63.8,0.0,150,"Mattawa, Grant County",330121,Mattawa,2017-12-09 09:03:14.840073
2009-09-07,07:15,51.4,,45.8,81.1,0.0,E@5.5,7.4,63.7,0.0,232,"Mattawa, Grant County",330121,Mattawa,2017-12-09 09:03:14.840073
2009-09-07,07:30,53.0,,46.8,79.2,0.0,NE@5.7,7.1,63.6,0.0,275,"Mattawa, Grant County",330121,Mattawa,2017-12-09 09:03:14.840073
2009-09-07,07:45,54.7,,47.5,76.4,0.0,NE@4.7,6.0,63.5,0.0,318,"Mattawa, Grant County",330121,Mattawa,2017-12-09 09:03:14.840073
2009-09-07,08:00,55.0,,48.1,77.6,0.0,NE@6.0,7.4,63.5,0.0,360,"Mattawa, Grant County",330121,Mattawa,2017-12-09 09:03:14.840073
2009-09-07,08:15,55.9,,48.1,74.8,0.0,NE@5.6,7.1,63.4,0.0,403,"Mattawa, Grant County",330121,Mattawa,2017-12-09 09:03:14.840073
2009-09-07,08:30,57.2,,48.3,72.1,0.0,NE@4.8,6.4,63.4,0.0,414,"Mattawa, Grant County",330121,Mattawa,2017-12-09 09:03:14.840073
2009-09-07,08:45,58.1,,48.8,71.1,0.0,NE@4.5,6.4,63.4,0.0,405,"Mattawa, Grant County",330121,Mattawa,2017-12-09 09:03:14.840073
2009-09-07,09:00,59.7,,47.0,62.9,0.0,NE@3.8,5.7,63.5,0.0,513,"Mattawa, Grant County",330121,Mattawa,2017-12-09 09:03:14.840073
2009-09-07,09:15,61.2,,47.4,60.3,0.0,E@3.7,6.4,63.6,0.0,578,"Mattawa, Grant County",330121,Mattawa,2017-12-09 09:03:14.840073
2009-09-07,09:30,62.3,,47.7,58.7,0.0,E@2.7,6.4,63.7,0.0,526,"Mattawa, Grant County",330121,Mattawa,2017-12-09 09:03:14.840073
2009-09-07,09:45,63.4,,48.2,57.6,0.0,NE@2.9,4.9,63.9,0.0,532,"Mattawa, Grant County",330121,Mattawa,2017-12-09 09:03:14.840073
2009-09-07,10:00,62.9,,48.1,58.3,0.0,E@3.6,6.4,64.1,0.0,535,"Mattawa, Grant County",330121,Mattawa,2017-12-09 09:03:14.840073
2009-09-07,10:15,65.0,,48.2,54.5,0.0,NE@3.4,5.7,64.4,0.0,668,"Mattawa, Grant County",330121,Mattawa,2017-12-09 09:03:14.840073
2009-09-07,10:30,65.2,,46.0,49.7,0.0,W@3.1,5.3,64.6,0.0,690,"Mattawa, Grant County",330121,Mattawa,2017-12-09 09:03:14.840073
2009-09-07,10:45,65.8,,46.0,48.8,0.0,W@3.0,6.0,64.9,0.0,709,"Mattawa, Grant County",330121,Mattawa,2017-12-09 09:03:14.840073
2009-09-07,11:00,66.8,,45.7,46.6,0.0,W@2.6,4.6,65.3,0.0,725,"Mattawa, Grant County",330121,Mattawa,2017-12-09 09:03:14.840073
2009-09-07,11:15,67.1,,45.6,46.0,0.0,W@4.1,8.2,65.6,0.0,740,"Mattawa, Grant County",330121,Mattawa,2017-12-09 09:03:14.840073
2009-09-07,11:30,68.0,,45.5,44.2,0.0,NW@3.8,8.9,66.0,0.0,761,"Mattawa, Grant County",330121,Mattawa,2017-12-09 09:03:14.840073
2009-09-07,11:45,68.8,,45.3,42.9,0.0,W@4.9,8.9,66.4,0.0,766,"Mattawa, Grant County",330121,Mattawa,2017-12-09 09:03:14.840073
2009-09-07,12:00,69.2,,41.5,36.4,0.0,W@3.0,6.7,66.9,0.0,767,"Mattawa, Grant County",330121,Mattawa,2017-12-09 09:03:14.840073
2009-09-07,12:15,70.3,,40.4,33.7,0.0,SE@3.4,5.7,67.3,0.0,780,"Mattawa, Grant County",330121,Mattawa,2017-12-09 09:03:14.840073
2009-09-07,12:30,70.9,,42.5,35.7,0.0,SE@3.0,6.4,67.8,0.0,785,"Mattawa, Grant County",330121,Mattawa,2017-12-09 09:03:14.840073
2009-09-07,12:45,71.2,,42.8,35.8,0.0,E@3.2,6.0,68.3,0.0,779,"Mattawa, Grant County",330121,Mattawa,2017-12-09 09:03:14.840073
2009-09-07,13:00,70.9,,42.9,36.4,0.0,N@3.3,6.4,68.8,0.0,648,"Mattawa, Grant County",330121,Mattawa,2017-12-09 09:03:14.840073
2009-09-07,13:15,69.6,,43.0,38.2,0.0,W@4.4,6.7,69.2,0.0,610,"Mattawa, Grant County",330121,Mattawa,2017-12-09 09:03:14.840073
2009-09-07,13:30,71.7,,43.2,35.8,0.0,SW@3.2,5.3,69.7,0.0,728,"Mattawa, Grant County",330121,Mattawa,2017-12-09 09:03:14.840073
2009-09-07,13:45,72.6,,42.6,33.8,0.0,NE@2.5,4.6,70.1,0.0,740,"Mattawa, Grant County",330121,Mattawa,2017-12-09 09:03:14.840073
2009-09-07,14:00,72.4,,41.7,32.9,0.0,N@2.5,5.3,70.5,0.0,689,"Mattawa, Grant County",330121,Mattawa,2017-12-09 09:03:14.840073
2009-09-07,14:15,71.7,,42.7,35.0,0.0,E@3.7,6.4,70.9,0.0,625,"Mattawa, Grant County",330121,Mattawa,2017-12-09 09:03:14.840073
2009-09-07,14:30,69.9,,41.9,36.2,0.0,SE@2.6,4.6,71.2,0.0,240,"Mattawa, Grant County",330121,Mattawa,2017-12-09 09:03:14.840073
2009-09-07,14:45,68.6,,44.0,40.9,0.06,NW@3.4,4.9,71.5,0.0,158,"Mattawa, Grant County",330121,Mattawa,2017-12-09 09:03:14.840073
2009-09-07,15:00,67.8,,48.3,49.6,0.05,W@4.0,5.3,71.8,0.0,160,"Mattawa, Grant County",330121,Mattawa,2017-12-09 09:03:14.840073
2009-09-07,15:15,68.1,,49.5,51.4,0.13,NW@4.7,7.1,72.0,0.0,247,"Mattawa, Grant County",330121,Mattawa,2017-12-09 09:03:14.840073
2009-09-07,15:30,65.8,,49.4,55.2,0.0,NW@9.7,13.9,72.2,0.0,268,"Mattawa, Grant County",330121,Mattawa,2017-12-09 09:03:14.840073
2009-09-07,15:45,65.0,,49.7,57.5,0.0,NW@8.4,13.5,72.4,0.0,224,"Mattawa, Grant County",330121,Mattawa,2017-12-09 09:03:14.840073
2009-09-07,16:00,66.1,,49.5,55.1,0.0,NW@6.1,9.2,72.5,0.0,308,"Mattawa, Grant County",330121,Mattawa,2017-12-09 09:03:14.840073
2009-09-07,16:15,68.5,,49.3,50.2,0.0,NW@5.9,8.9,72.5,0.0,404,"Mattawa, Grant County",330121,Mattawa,2017-12-09 09:03:14.840073
2009-09-07,16:30,68.7,,47.2,46.1,0.0,W@6.1,7.8,72.6,0.0,325,"Mattawa, Grant County",330121,Mattawa,2017-12-09 09:03:14.840073
2009-09-07,16:45,67.5,,48.4,50.4,0.0,W@5.2,8.2,72.6,0.0,217,"Mattawa, Grant County",330121,Mattawa,2017-12-09 09:03:14.840073
2009-09-07,17:00,66.6,,50.4,55.8,0.0,W@4.7,6.7,72.6,0.0,207,"Mattawa, Grant County",330121,Mattawa,2017-12-09 09:03:14.840073
2009-09-07,17:15,66.3,,50.8,57.4,0.0,W@4.6,8.2,72.6,0.0,160,"Mattawa, Grant County",330121,Mattawa,2017-12-09 09:03:14.840073
2009-09-07,17:30,65.4,,48.1,53.6,0.0,W@6.5,8.5,72.6,0.0,136,"Mattawa, Grant County",330121,Mattawa,2017-12-09 09:03:14.840073
2009-09-07,17:45,63.9,,47.6,55.4,0.0,W@7.1,11.0,72.5,0.0,100,"Mattawa, Grant County",330121,Mattawa,2017-12-09 09:03:14.840073
2009-09-07,18:00,62.1,,48.2,60.1,0.0,W@5.6,7.8,72.5,0.0,70,"Mattawa, Grant County",330121,Mattawa,2017-12-09 09:03:14.840073
2009-09-07,18:15,60.4,,46.9,60.9,0.0,W@6.5,9.2,72.4,0.0,39,"Mattawa, Grant County",330121,Mattawa,2017-12-09 09:03:14.840073
2009-09-07,18:30,59.0,,46.0,61.9,0.0,W@7.2,9.9,72.4,0.0,12,"Mattawa, Grant County",330121,Mattawa,2017-12-09 09:03:14.840073
2009-09-07,18:45,57.7,,45.7,64.0,0.0,W@6.1,8.2,72.3,0.0,2,"Mattawa, Grant County",330121,Mattawa,2017-12-09 09:03:14.840073
2009-09-07,19:00,55.5,,46.8,72.2,0.0,W@5.5,6.4,72.1,0.0,0,"Mattawa, Grant County",330121,Mattawa,2017-12-09 09:03:14.840073
2009-09-07,19:15,54.9,,46.7,73.5,0.0,W@6.4,14.6,72.0,0.0,0,"Mattawa, Grant County",330121,Mattawa,2017-12-09 09:03:14.840073
2009-09-07,19:30,55.9,,45.5,68.1,0.0,W@6.5,8.9,71.9,0.0,0,"Mattawa, Grant County",330121,Mattawa,2017-12-09 09:03:14.840073
2009-09-07,19:45,56.0,,45.2,67.1,0.0,W@6.0,7.8,71.7,0.0,0,"Mattawa, Grant County",330121,Mattawa,2017-12-09 09:03:14.840073
2009-09-07,20:00,55.2,,45.1,68.7,0.0,W@5.4,9.2,71.6,0.0,0,"Mattawa, Grant County",330121,Mattawa,2017-12-09 09:03:14.840073
2009-09-07,20:15,55.0,,44.5,67.4,0.0,SW@5.4,9.9,71.4,0.0,0,"Mattawa, Grant County",330121,Mattawa,2017-12-09 09:03:14.840073
2009-09-07,20:30,55.7,,43.8,64.2,0.0,SW@6.7,11.0,71.2,0.0,0,"Mattawa, Grant County",330121,Mattawa,2017-12-09 09:03:14.840073
2009-09-07,20:45,55.3,,43.8,64.9,0.0,SW@5.9,8.2,71.0,0.0,0,"Mattawa, Grant County",330121,Mattawa,2017-12-09 09:03:14.840073
2009-09-07,21:00,55.0,,43.9,66.2,0.0,W@5.6,7.8,70.8,0.0,0,"Mattawa, Grant County",330121,Mattawa,2017-12-09 09:03:14.840073
2009-09-07,21:15,55.5,,43.5,63.9,0.0,SW@7.0,11.4,70.7,0.0,0,"Mattawa, Grant County",330121,Mattawa,2017-12-09 09:03:14.840073
2009-09-07,21:30,54.8,,43.7,66.0,0.0,W@4.7,8.2,70.5,0.0,0,"Mattawa, Grant County",330121,Mattawa,2017-12-09 09:03:14.840073
2009-09-07,21:45,54.0,,44.0,68.7,0.0,W@5.9,8.9,70.3,0.0,0,"Mattawa, Grant County",330121,Mattawa,2017-12-09 09:03:14.840073
2009-09-07,22:00,54.1,,44.1,68.7,0.0,SW@7.9,11.7,70.1,0.0,0,"Mattawa, Grant County",330121,Mattawa,2017-12-09 09:03:14.840073
2009-09-07,22:15,54.2,,44.1,68.6,0.0,SW@7.2,10.7,69.9,0.0,0,"Mattawa, Grant County",330121,Mattawa,2017-12-09 09:03:14.840073
2009-09-07,22:30,53.4,,44.1,70.4,0.0,SW@5.4,8.2,69.7,0.0,0,"Mattawa, Grant County",330121,Mattawa,2017-12-09 09:03:14.840073
2009-09-07,22:45,52.5,,44.4,73.7,0.0,SW@5.7,9.9,69.6,0.0,0,"Mattawa, Grant County",330121,Mattawa,2017-12-09 09:03:14.840073
2009-09-07,23:00,53.0,,44.6,73.1,0.0,W@6.1,9.9,69.4,0.0,0,"Mattawa, Grant County",330121,Mattawa,2017-12-09 09:03:14.840073
2009-09-08,23:15,52.3,,44.4,74.4,0.0,SW@4.7,7.8,69.2,0.0,0,"Mattawa, Grant County",330121,Mattawa,2017-12-09 09:03:14.840073
2009-09-08,23:30,51.0,,44.4,78.1,0.0,SW@4.1,6.4,69.0,0.0,0,"Mattawa, Grant County",330121,Mattawa,2017-12-09 09:03:14.840073
2009-09-08,23:45,51.9,,44.5,75.7,0.0,SW@5.5,7.8,68.9,0.0,0,"Mattawa, Grant County",330121,Mattawa,2017-12-09 09:03:14.840073
2009-09-08,24:00,52.2,,44.4,74.6,0.0,SW@6.6,9.6,68.7,0.0,0,"Mattawa, Grant County",330121,Mattawa,2017-12-09 09:03:14.840073
2009-09-08,00:15,52.1,,44.5,75.3,0.0,SW@6.0,8.2,68.5,0.0,0,"Mattawa, Grant County",330121,Mattawa,2017-12-09 09:03:14.840073
2009-09-08,00:30,51.7,,44.3,75.7,0.0,SW@6.1,8.9,68.4,0.0,0,"Mattawa, Grant County",330121,Mattawa,2017-12-09 09:03:14.840073
2009-09-08,00:45,51.6,,44.5,76.5,0.0,W@4.9,7.4,68.2,0.0,0,"Mattawa, Grant County",330121,Mattawa,2017-12-09 09:03:14.840073
2009-09-08,01:00,50.8,,44.2,78.1,0.0,SW@4.9,7.8,68.0,0.0,0,"Mattawa, Grant County",330121,Mattawa,2017-12-09 09:03:14.840073
2009-09-08,01:15,50.9,,43.9,76.8,0.0,SW@5.9,8.5,67.9,0.0,0,"Mattawa, Grant County",330121,Mattawa,2017-12-09 09:03:14.840073
2009-09-08,01:30,51.3,,44.1,76.2,0.0,SW@6.5,8.9,67.7,0.0,0,"Mattawa, Grant County",330121,Mattawa,2017-12-09 09:03:14.840073
2009-09-08,01:45,51.7,,43.9,74.6,0.0,SW@7.2,10.7,67.6,0.0,0,"Mattawa, Grant County",330121,Mattawa,2017-12-09 09:03:14.840073
2009-09-08,02:00,52.6,,43.8,71.8,0.0,SW@7.4,10.7,67.4,0.0,0,"Mattawa, Grant County",330121,Mattawa,2017-12-09 09:03:14.840073
2009-09-08,02:15,52.1,,43.7,72.8,0.0,SW@6.4,8.9,67.3,0.0,0,"Mattawa, Grant County",330121,Mattawa,2017-12-09 09:03:14.840073
2009-09-08,02:30,52.6,,43.7,71.8,0.0,SW@7.3,10.7,67.1,0.0,0,"Mattawa, Grant County",330121,Mattawa,2017-12-09 09:03:14.840073
2009-09-08,02:45,51.2,,43.8,75.7,0.0,W@4.5,7.1,67.0,0.0,0,"Mattawa, Grant County",330121,Mattawa,2017-12-09 09:03:14.840073
2009-09-08,03:00,50.0,,43.8,79.1,0.0,N@1.8,4.9,66.8,0.0,0,"Mattawa, Grant County",330121,Mattawa,2017-12-09 09:03:14.840073
2009-09-08,03:15,49.5,,43.5,79.6,0.01,NW@1.0,3.5,66.7,0.0,0,"Mattawa, Grant County",330121,Mattawa,2017-12-09 09:03:14.840073
2009-09-08,03:30,48.5,,43.2,81.7,0.03,W@0.7,3.1,66.6,0.0,0,"Mattawa, Grant County",330121,Mattawa,2017-12-09 09:03:14.840073
2009-09-08,03:45,47.6,,43.0,84.0,0.02,N@3.4,6.0,66.4,0.0,0,"Mattawa, Grant County",330121,Mattawa,2017-12-09 09:03:14.840073
2009-09-08,04:00,45.9,,42.4,87.5,0.02,NE@3.0,6.0,66.3,0.0,0,"Mattawa, Grant County",330121,Mattawa,2017-12-09 09:03:14.840073
2009-09-08,04:15,45.1,,41.9,88.5,0.05,NE@2.3,4.2,66.2,0.0,0,"Mattawa, Grant County",330121,Mattawa,2017-12-09 09:03:14.840073
2009-09-08,04:30,45.2,,42.0,88.6,0.04,NE@3.1,4.9,66.0,0.0,0,"Mattawa, Grant County",330121,Mattawa,2017-12-09 09:03:14.840073
2009-09-08,04:45,44.5,,41.8,90.2,0.07,NE@3.5,4.6,65.9,0.0,0,"Mattawa, Grant County",330121,Mattawa,2017-12-09 09:03:14.840073
2009-09-08,05:00,43.8,,41.3,90.8,0.14,E@1.3,3.9,65.8,0.0,0,"Mattawa, Grant County",330121,Mattawa,2017-12-09 09:03:14.840073
2009-09-08,05:15,44.0,,41.6,91.3,0.28,NE@1.8,4.6,65.7,0.0,0,"Mattawa, Grant County",330121,Mattawa,2017-12-09 09:03:14.840073
2009-09-08,05:30,44.0,,41.5,90.9,0.25,E@2.1,4.2,65.5,0.0,3,"Mattawa, Grant County",330121,Mattawa,2017-12-09 09:03:14.840073
2009-09-08,05:45,44.4,,41.6,89.7,0.39,S@0.2,2.8,65.4,0.0,18,"Mattawa, Grant County",330121,Mattawa,2017-12-09 09:03:14.840073
2009-09-08,06:00,44.4,,41.5,89.3,0.36,N@0.0,0.0,65.3,0.0,39,"Mattawa, Grant County",330121,Mattawa,2017-12-09 09:03:14.840073
2009-09-08,06:15,45.4,,42.3,88.8,0.3,N@0.0,0.0,65.1,0.0,53,"Mattawa, Grant County",330121,Mattawa,2017-12-09 09:03:14.840073
2009-09-08,06:30,48.0,,43.1,83.2,0.06,N@0.0,1.4,65.0,0.0,106,"Mattawa, Grant County",330121,Mattawa,2017-12-09 09:03:14.840073
2009-09-08,06:45,48.7,,44.4,84.8,0.01,NE@2.2,4.2,64.9,0.0,123,"Mattawa, Grant County",330121,Mattawa,2017-12-09 09:03:14.840073
2009-09-08,07:00,50.4,,45.4,82.6,0.0,NE@4.0,5.3,64.8,0.0,179,"Mattawa, Grant County",330121,Mattawa,2017-12-09 09:03:14.840073
2009-09-08,07:15,52.0,,45.8,79.3,0.0,NE@4.4,6.4,64.6,0.0,235,"Mattawa, Grant County",330121,Mattawa,2017-12-09 09:03:14.840073
2009-09-08,07:30,53.3,,46.3,76.8,0.0,NE@4.8,6.0,64.5,0.0,277,"Mattawa, Grant County",330121,Mattawa,2017-12-09 09:03:14.840073
2009-09-08,07:45,54.3,,46.8,75.5,0.0,NE@5.2,6.7,64.4,0.0,322,"Mattawa, Grant County",330121,Mattawa,2017-12-09 09:03:14.840073
2009-09-08,08:00,55.3,,47.4,74.6,0.0,NE@4.7,7.1,64.4,0.0,350,"Mattawa, Grant County",330121,Mattawa,2017-12-09 09:03:14.840073
2009-09-08,08:15,56.4,,48.1,73.8,0.0,NE@4.7,6.4,64.3,0.0,424,"Mattawa, Grant County",330121,Mattawa,2017-12-09 09:03:14.840073
2009-09-08,08:30,57.4,,48.5,72.2,0.0,NE@5.1,6.4,64.3,0.0,452,"Mattawa, Grant County",330121,Mattawa,2017-12-09 09:03:14.840073
2009-09-08,08:45,58.9,,48.2,67.6,0.0,NE@4.5,6.4,64.3,0.0,483,"Mattawa, Grant County",330121,Mattawa,2017-12-09 09:03:14.840073
2009-09-08,09:00,60.2,,47.6,63.1,0.0,NE@4.2,6.4,64.4,0.0,526,"Mattawa, Grant County",330121,Mattawa,2017-12-09 09:03:14.840073
2009-09-08,09:15,60.5,,46.7,60.3,0.0,NE@4.1,6.4,64.5,0.0,558,"Mattawa, Grant County",330121,Mattawa,2017-12-09 09:03:14.840073
2009-09-08,09:30,61.8,,47.4,59.1,0.0,NE@3.6,5.7,64.6,0.0,581,"Mattawa, Grant County",330121,Mattawa,2017-12-09 09:03:14.840073
2009-09-08,09:45,62.9,,46.9,55.6,0.0,NE@3.1,5.7,64.8,0.0,612,"Mattawa, Grant County",330121,Mattawa,2017-12-09 09:03:14.840073
2009-09-08,10:00,63.1,,46.7,55.0,0.0,NE@5.0,7.8,65.0,0.0,639,"Mattawa, Grant County",330121,Mattawa,2017-12-09 09:03:14.840073
2009-09-08,10:15,63.7,,46.5,53.6,0.0,NE@4.9,8.5,65.2,0.0,666,"Mattawa, Grant County",330121,Mattawa,2017-12-09 09:03:14.840073
2009-09-08,10:30,64.5,,47.4,53.6,0.0,NE@5.0,8.2,65.5,0.0,689,"Mattawa, Grant County",330121,Mattawa,2017-12-09 09:03:14.840073
2009-09-08,10:45,65.5,,46.9,50.9,0.0,NE@5.3,9.2,65.8,0.0,707,"Mattawa, Grant County",330121,Mattawa,2017-12-09 09:03:14.840073
2009-09-08,11:00,67.0,,46.9,48.3,0.0,E@5.3,9.6,66.1,0.0,723,"Mattawa, Grant County",330121,Mattawa,2017-12-09 09:03:14.840073
2009-09-08,11:15,67.9,,46.3,45.9,0.0,E@4.6,7.8,66.5,0.0,736,"Mattawa, Grant County",330121,Mattawa,2017-12-09 09:03:14.840073
2009-09-08,11:30,69.3,,47.1,44.9,0.0,E@3.9,7.1,66.8,0.0,746,"Mattawa, Grant County",330121,Mattawa,2017-12-09 09:03:14.840073
2009-09-08,11:45,69.5,,45.5,42.1,0.0,E@4.2,7.8,67.2,0.0,751,"Mattawa, Grant County",330121,Mattawa,2017-12-09 09:03:14.840073
2009-09-08,12:00,70.1,,45.2,40.8,0.0,E@4.0,9.6,67.6,0.0,754,"Mattawa, Grant County",330121,Mattawa,2017-12-09 09:03:14.840073
2009-09-08,12:15,70.7,,46.5,42.0,0.0,E@5.2,8.9,68.1,0.0,752,"Mattawa, Grant County",330121,Mattawa,2017-12-09 09:03:14.840073
2009-09-08,12:30,70.7,,46.9,42.6,0.0,NE@6.8,10.7,68.5,0.0,750,"Mattawa, Grant County",330121,Mattawa,2017-12-09 09:03:14.840073
2009-09-08,12:45,70.8,,45.2,39.8,0.0,NE@5.0,10.7,69.0,0.0,745,"Mattawa, Grant County",330121,Mattawa,2017-12-09 09:03:14.840073
2009-09-08,13:00,71.5,,45.8,39.7,0.0,NE@6.3,11.4,69.4,0.0,733,"Mattawa, Grant County",330121,Mattawa,2017-12-09 09:03:14.840073
2009-09-08,13:15,71.6,,47.6,42.4,0.0,NE@6.9,11.0,69.8,0.0,718,"Mattawa, Grant County",330121,Mattawa,2017-12-09 09:03:14.840073
2009-09-08,13:30,72.0,,45.7,38.9,0.0,NE@5.9,11.4,70.3,0.0,706,"Mattawa, Grant County",330121,Mattawa,2017-12-09 09:03:14.840073
2009-09-08,13:45,72.6,,47.2,40.4,0.0,NE@7.7,11.4,70.7,0.0,684,"Mattawa, Grant County",330121,Mattawa,2017-12-09 09:03:14.840073
2009-09-08,14:00,72.6,,45.6,38.1,0.0,NE@7.0,11.4,71.0,0.0,665,"Mattawa, Grant County",330121,Mattawa,2017-12-09 09:03:14.840073
2009-09-08,14:15,72.7,,44.6,36.5,0.0,NE@6.0,11.0,71.4,0.0,641,"Mattawa, Grant County",330121,Mattawa,2017-12-09 09:03:14.840073
2009-09-08,14:30,73.1,,44.8,36.2,0.0,NE@6.7,10.7,71.7,0.0,612,"Mattawa, Grant County",330121,Mattawa,2017-12-09 09:03:14.840073
2009-09-08,14:45,73.5,,45.5,36.8,0.0,N@6.4,10.7,72.0,0.0,585,"Mattawa, Grant County",330121,Mattawa,2017-12-09 09:03:14.840073
2009-09-08,15:00,73.1,,45.9,37.9,0.0,NE@7.9,12.4,72.2,0.0,563,"Mattawa, Grant County",330121,Mattawa,2017-12-09 09:03:14.840073
2009-09-08,15:15,73.2,,46.0,37.8,0.0,NE@8.6,12.8,72.4,0.0,520,"Mattawa, Grant County",330121,Mattawa,2017-12-09 09:03:14.840073
2009-09-08,15:30,73.0,,45.3,37.0,0.0,NE@7.4,11.4,72.6,0.0,439,"Mattawa, Grant County",330121,Mattawa,2017-12-09 09:03:14.840073
2009-09-08,15:45,73.0,,44.8,36.5,0.0,NE@7.4,11.0,72.8,0.0,410,"Mattawa, Grant County",330121,Mattawa,2017-12-09 09:03:14.840073
2009-09-08,16:00,73.3,,44.8,36.0,0.0,NE@7.7,11.7,72.9,0.0,389,"Mattawa, Grant County",330121,Mattawa,2017-12-09 09:03:14.840073
2009-09-08,16:15,73.6,,45.1,36.1,0.0,NE@6.9,9.9,73.0,0.0,343,"Mattawa, Grant County",330121,Mattawa,2017-12-09 09:03:14.840073
2009-09-08,16:30,72.0,,45.7,39.0,0.0,NE@6.5,9.2,73.2,0.0,190,"Mattawa, Grant County",330121,Mattawa,2017-12-09 09:03:14.840073
2009-09-08,16:45,71.2,,47.6,43.0,0.0,NE@5.3,7.4,73.2,0.0,182,"Mattawa, Grant County",330121,Mattawa,2017-12-09 09:03:14.840073
2009-09-08,17:00,70.4,,49.0,46.6,0.0,NE@4.8,6.0,73.3,0.0,158,"Mattawa, Grant County",330121,Mattawa,2017-12-09 09:03:14.840073
2009-09-08,17:15,69.5,,51.2,52.1,0.0,NE@4.5,6.4,73.3,0.0,127,"Mattawa, Grant County",330121,Mattawa,2017-12-09 09:03:14.840073
2009-09-08,17:30,68.1,,52.5,57.3,0.0,NE@3.8,4.9,73.3,0.0,72,"Mattawa, Grant County",330121,Mattawa,2017-12-09 09:03:14.840073
2009-09-08,17:45,67.0,,52.5,59.7,0.0,NE@3.0,3.9,73.3,0.0,52,"Mattawa, Grant County",330121,Mattawa,2017-12-09 09:03:14.840073
2009-09-08,18:00,65.6,,52.6,62.8,0.0,NE@2.7,3.5,73.3,0.0,30,"Mattawa, Grant County",330121,Mattawa,2017-12-09 09:03:14.840073
2009-09-08,18:15,64.9,,52.0,63.0,0.0,NE@2.8,3.5,73.2,0.0,12,"Mattawa, Grant County",330121,Mattawa,2017-12-09 09:03:14.840073
2009-09-08,18:30,62.7,,51.7,67.3,0.0,NE@3.8,4.6,73.1,0.0,3,"Mattawa, Grant County",330121,Mattawa,2017-12-09 09:03:14.840073
2009-09-08,18:45,60.6,,52.2,73.7,0.0,NE@3.0,3.5,73.1,0.0,0,"Mattawa, Grant County",330121,Mattawa,2017-12-09 09:03:14.840073
2009-09-08,19:00,59.8,,51.6,74.3,0.0,E@2.8,3.9,73.0,0.0,0,"Mattawa, Grant County",330121,Mattawa,2017-12-09 09:03:14.840073
2009-09-08,19:15,59.4,,50.5,72.1,0.0,E@1.7,2.8,72.9,0.0,0,"Mattawa, Grant County",330121,Mattawa,2017-12-09 09:03:14.840073
2009-09-08,19:30,58.5,,50.7,75.4,0.0,N@0.0,0.0,72.7,0.0,0,"Mattawa, Grant County",330121,Mattawa,2017-12-09 09:03:14.840073
2009-09-08,19:45,58.3,,49.6,72.6,0.0,E@1.0,3.5,72.6,0.0,0,"Mattawa, Grant County",330121,Mattawa,2017-12-09 09:03:14.840073
2009-09-08,20:00,58.7,,49.6,71.6,0.0,E@0.3,2.4,72.5,0.0,0,"Mattawa, Grant County",330121,Mattawa,2017-12-09 09:03:14.840073
2009-09-08,20:15,58.7,,49.9,72.6,0.0,N@0.0,0.0,72.3,0.0,0,"Mattawa, Grant County",330121,Mattawa,2017-12-09 09:03:14.840073
2009-09-08,20:30,58.2,,51.5,78.2,0.0,N@0.0,0.0,72.2,0.0,0,"Mattawa, Grant County",330121,Mattawa,2017-12-09 09:03:14.840073
2009-09-08,20:45,58.5,,52.0,78.9,0.0,N@0.0,0.0,72.0,0.0,0,"Mattawa, Grant County",330121,Mattawa,2017-12-09 09:03:14.840073
2009-09-08,21:00,58.7,,52.2,79.0,0.0,N@0.0,0.0,71.9,0.0,0,"Mattawa, Grant County",330121,Mattawa,2017-12-09 09:03:14.840073
2009-09-08,21:15,58.4,,51.7,78.4,0.0,NW@2.2,4.6,71.7,0.0,0,"Mattawa, Grant County",330121,Mattawa,2017-12-09 09:03:14.840073
2009-09-08,21:30,58.1,,50.0,74.3,0.0,NW@4.1,4.9,71.6,0.0,0,"Mattawa, Grant County",330121,Mattawa,2017-12-09 09:03:14.840073
2009-09-08,21:45,57.6,,48.3,71.0,0.0,NW@3.2,4.2,71.4,0.0,0,"Mattawa, Grant County",330121,Mattawa,2017-12-09 09:03:14.840073
2009-09-08,22:00,57.0,,47.5,70.3,0.0,N@3.0,4.2,71.3,0.0,0,"Mattawa, Grant County",330121,Mattawa,2017-12-09 09:03:14.840073
2009-09-08,22:15,56.7,,46.3,67.9,0.0,NW@3.1,4.6,71.1,0.0,0,"Mattawa, Grant County",330121,Mattawa,2017-12-09 09:03:14.840073
2009-09-08,22:30,55.1,,47.0,74.0,0.0,NW@2.7,4.6,71.0,0.0,0,"Mattawa, Grant County",330121,Mattawa,2017-12-09 09:03:14.840073
2009-09-08,22:45,53.6,,46.6,77.0,0.0,NW@2.6,3.5,70.8,0.0,0,"Mattawa, Grant County",330121,Mattawa,2017-12-09 09:03:14.840073
2009-09-08,23:00,53.6,,45.7,74.3,0.0,NW@2.6,4.2,70.7,0.0,0,"Mattawa, Grant County",330121,Mattawa,2017-12-09 09:03:14.840073
2009-09-09,23:15,54.5,,44.4,68.5,0.0,N@1.1,3.9,70.5,0.0,0,"Mattawa, Grant County",330121,Mattawa,2017-12-09 09:03:14.840073
2009-09-09,23:30,57.0,,41.7,56.5,0.0,N@3.4,4.6,70.4,0.0,0,"Mattawa, Grant County",330121,Mattawa,2017-12-09 09:03:14.840073
2009-09-09,23:45,54.0,,46.2,74.8,0.0,W@0.4,2.8,70.2,0.0,0,"Mattawa, Grant County",330121,Mattawa,2017-12-09 09:03:14.840073
2009-09-09,24:00,52.5,,46.9,81.1,0.01,W@0.9,3.9,70.1,0.0,0,"Mattawa, Grant County",330121,Mattawa,2017-12-09 09:03:14.840073
2009-09-09,00:15,52.0,,45.3,77.5,0.0,N@0.0,0.0,69.9,0.0,0,"Mattawa, Grant County",330121,Mattawa,2017-12-09 09:03:14.840073
2009-09-09,00:30,54.8,,45.1,69.8,0.0,N@0.0,0.0,69.8,0.0,0,"Mattawa, Grant County",330121,Mattawa,2017-12-09 09:03:14.840073
2009-09-09,00:45,54.7,,45.2,70.2,0.0,NW@1.2,3.1,69.6,0.0,0,"Mattawa, Grant County",330121,Mattawa,2017-12-09 09:03:14.840073
2009-09-09,01:00,53.8,,45.2,72.5,0.0,NW@0.8,3.9,69.5,0.0,0,"Mattawa, Grant County",330121,Mattawa,2017-12-09 09:03:14.840073
2009-09-09,01:15,52.6,,45.6,76.9,0.0,N@0.0,0.0,69.3,0.0,0,"Mattawa, Grant County",330121,Mattawa,2017-12-09 09:03:14.840073
2009-09-09,01:30,51.2,,46.5,83.7,0.01,N@0.0,0.0,69.2,0.0,0,"Mattawa, Grant County",330121,Mattawa,2017-12-09 09:03:14.840073
2009-09-09,01:45,50.8,,46.5,85.3,0.05,N@0.0,0.0,69.0,0.0,0,"Mattawa, Grant County",330121,Mattawa,2017-12-09 09:03:14.840073
2009-09-09,02:00,50.9,,46.1,83.5,0.03,N@0.0,0.0,68.9,0.0,0,"Mattawa, Grant County",330121,Mattawa,2017-12-09 09:03:14.840073
2009-09-09,02:15,52.5,,45.2,75.9,0.01,N@0.0,0.0,68.8,0.0,0,"Mattawa, Grant County",330121,Mattawa,2017-12-09 09:03:14.840073
2009-09-09,02:30,50.7,,46.0,83.6,0.03,N@0.0,0.0,68.6,0.0,0,"Mattawa, Grant County",330121,Mattawa,2017-12-09 09:03:14.840073
2009-09-09,02:45,50.1,,45.6,84.5,0.09,N@0.0,0.0,68.5,0.0,0,"Mattawa, Grant County",330121,Mattawa,2017-12-09 09:03:14.840073
2009-09-09,03:00,51.5,,45.9,81.0,0.02,W@0.7,2.8,68.4,0.0,0,"Mattawa, Grant County",330121,Mattawa,2017-12-09 09:03:14.840073
2009-09-09,03:15,51.0,,46.3,84.0,0.02,W@0.4,2.8,68.2,0.0,0,"Mattawa, Grant County",330121,Mattawa,2017-12-09 09:03:14.840073
2009-09-09,03:30,50.5,,46.4,85.8,0.06,N@0.0,0.0,68.1,0.0,0,"Mattawa, Grant County",330121,Mattawa,2017-12-09 09:03:14.840073
2009-09-09,03:45,50.1,,45.8,85.1,0.03,N@0.0,0.0,68.0,0.0,0,"Mattawa, Grant County",330121,Mattawa,2017-12-09 09:03:14.840073
2009-09-09,04:00,50.5,,45.6,83.1,0.01,N@0.0,0.0,67.8,0.0,0,"Mattawa, Grant County",330121,Mattawa,2017-12-09 09:03:14.840073
2009-09-09,04:15,51.5,,45.9,81.1,0.0,W@1.0,3.1,67.7,0.0,0,"Mattawa, Grant County",330121,Mattawa,2017-12-09 09:03:14.840073
2009-09-09,04:30,52.1,,46.5,81.2,0.0,N@0.0,0.0,67.6,0.0,0,"Mattawa, Grant County",330121,Mattawa,2017-12-09 09:03:14.840073
2009-09-09,04:45,52.4,,47.1,82.1,0.01,E@0.1,3.9,67.5,0.0,0,"Mattawa, Grant County",330121,Mattawa,2017-12-09 09:03:14.840073
2009-09-09,05:00,50.9,,46.8,85.8,0.01,NE@2.1,5.3,67.3,0.0,0,"Mattawa, Grant County",330121,Mattawa,2017-12-09 09:03:14.840073
2009-09-09,05:15,50.8,,46.1,83.9,0.01,E@0.3,2.4,67.2,0.0,0,"Mattawa, Grant County",330121,Mattawa,2017-12-09 09:03:14.840073
2009-09-09,05:30,50.8,,44.7,79.4,0.0,NE@0.2,2.8,67.1,0.0,2,"Mattawa, Grant County",330121,Mattawa,2017-12-09 09:03:14.840073
2009-09-09,05:45,50.6,,44.9,80.5,0.0,NW@0.4,2.4,67.0,0.0,5,"Mattawa, Grant County",330121,Mattawa,2017-12-09 09:03:14.840073
2009-09-09,06:00,50.5,,46.4,85.6,0.01,NE@0.2,2.8,66.9,0.0,12,"Mattawa, Grant County",330121,Mattawa,2017-12-09 09:03:14.840073
2009-09-09,06:15,50.4,,47.3,89.2,0.01,E@1.5,3.5,66.8,0.0,24,"Mattawa, Grant County",330121,Mattawa,2017-12-09 09:03:14.840073
2009-09-09,06:30,50.4,,47.9,91.3,0.02,W@0.8,2.4,66.8,0.0,38,"Mattawa, Grant County",330121,Mattawa,2017-12-09 09:03:14.840073
2009-09-09,06:45,51.9,,47.8,86.0,0.01,W@0.0,1.4,66.7,0.0,61,"Mattawa, Grant County",330121,Mattawa,2017-12-09 09:03:14.840073
2009-09-09,07:00,53.5,,48.3,82.4,0.0,N@0.0,0.0,66.6,0.0,62,"Mattawa, Grant County",330121,Mattawa,2017-12-09 09:03:14.840073
2009-09-09,07:15,54.5,,49.2,82.4,0.0,N@0.0,0.0,66.5,0.0,67,"Mattawa, Grant County",330121,Mattawa,2017-12-09 09:03:14.840073
2009-09-09,07:30,55.0,,49.5,81.7,0.0,E@1.5,3.5,66.5,0.0,107,"Mattawa, Grant County",330121,Mattawa,2017-12-09 09:03:14.840073
2009-09-09,07:45,55.9,,51.6,85.3,0.0,SE@2.8,4.6,66.4,0.0,100,"Mattawa, Grant County",330121,Mattawa,2017-12-09 09:03:14.840073
2009-09-09,08:00,56.5,,52.0,84.8,0.0,E@2.7,3.9,66.3,0.0,96,"Mattawa, Grant County",330121,Mattawa,2017-12-09 09:03:14.840073
2009-09-09,08:15,57.1,,51.1,80.1,0.0,E@2.5,5.3,66.3,0.0,136,"Mattawa, Grant County",330121,Mattawa,2017-12-09 09:03:14.840073
2009-09-09,08:30,57.3,,48.3,72.0,0.0,NE@4.3,6.0,66.3,0.0,138,"Mattawa, Grant County",330121,Mattawa,2017-12-09 09:03:14.840073
2009-09-09,08:45,57.2,,47.8,70.7,0.0,NE@4.2,6.4,66.2,0.0,180,"Mattawa, Grant County",330121,Mattawa,2017-12-09 09:03:14.840073
2009-09-09,09:00,58.2,,48.2,69.1,0.0,N@2.8,4.6,66.2,0.0,253,"Mattawa, Grant County",330121,Mattawa,2017-12-09 09:03:14.840073
2009-09-09,09:15,60.1,,48.5,65.4,0.0,NE@3.9,5.7,66.2,0.0,390,"Mattawa, Grant County",330121,Mattawa,2017-12-09 09:03:14.840073
2009-09-09,09:30,62.0,,49.2,62.8,0.0,SE@2.6,4.6,66.2,0.0,403,"Mattawa, Grant County",330121,Mattawa,2017-12-09 09:03:14.840073
2009-09-09,09:45,64.9,,51.1,61.0,0.0,SE@2.3,3.9,66.3,0.0,610,"Mattawa, Grant County",330121,Mattawa,2017-12-09 09:03:14.840073
2009-09-09,10:00,67.7,,50.2,53.5,0.0,S@2.7,5.7,66.3,0.0,775,"Mattawa, Grant County",330121,Mattawa,2017-12-09 09:03:14.840073
2009-09-09,10:15,68.7,,48.6,48.5,0.0,E@3.0,6.7,66.3,0.0,638,"Mattawa, Grant County",330121,Mattawa,2017-12-09 09:03:14.840073
2009-09-09,10:30,68.8,,48.6,48.5,0.0,NE@4.6,7.1,66.5,0.0,557,"Mattawa, Grant County",330121,Mattawa,2017-12-09 09:03:14.840073
2009-09-09,10:45,68.2,,46.6,45.8,0.0,NE@2.7,4.6,66.6,0.0,402,"Mattawa, Grant County",330121,Mattawa,2017-12-09 09:03:14.840073
2009-09-09,11:00,68.9,,48.9,48.8,0.0,NE@3.5,7.4,66.8,0.0,434,"Mattawa, Grant County",330121,Mattawa,2017-12-09 09:03:14.840073
2009-09-09,11:15,68.7,,50.1,51.3,0.0,NE@5.9,8.2,67.1,0.0,499,"Mattawa, Grant County",330121,Mattawa,2017-12-09 09:03:14.840073
2009-09-09,11:30,70.0,,48.5,46.4,0.0,NE@6.1,9.6,67.3,0.0,708,"Mattawa, Grant County",330121,Mattawa,2017-12-09 09:03:14.840073
2009-09-09,11:45,70.3,,49.1,46.8,0.0,E@5.2,8.5,67.6,0.0,594,"Mattawa, Grant County",330121,Mattawa,2017-12-09 09:03:14.840073
2009-09-09,12:00,71.2,,48.0,43.5,0.0,E@5.8,8.9,67.9,0.0,679,"Mattawa, Grant County",330121,Mattawa,2017-12-09 09:03:14.840073
2009-09-09,12:15,71.7,,47.7,42.4,0.0,E@7.0,9.9,68.2,0.0,724,"Mattawa, Grant County",330121,Mattawa,2017-12-09 09:03:14.840073
2009-09-09,12:30,73.4,,47.2,39.4,0.0,E@8.1,12.1,68.5,0.0,741,"Mattawa, Grant County",330121,Mattawa,2017-12-09 09:03:14.840073
2009-09-09,12:45,74.0,,44.7,35.1,0.0,NE@9.1,13.5,68.8,0.0,732,"Mattawa, Grant County",330121,Mattawa,2017-12-09 09:03:14.840073
2009-09-09,13:00,74.7,,44.1,33.5,0.0,NE@9.9,13.2,69.2,0.0,731,"Mattawa, Grant County",330121,Mattawa,2017-12-09 09:03:14.840073
2009-09-09,13:15,75.2,,45.8,35.1,0.0,E@9.0,13.9,69.5,0.0,707,"Mattawa, Grant County",330121,Mattawa,2017-12-09 09:03:14.840073
2009-09-09,13:30,75.5,,46.9,36.2,0.0,E@7.3,12.1,69.8,0.0,666,"Mattawa, Grant County",330121,Mattawa,2017-12-09 09:03:14.840073
2009-09-09,13:45,76.4,,48.6,37.5,0.0,E@5.2,8.5,70.2,0.0,631,"Mattawa, Grant County",330121,Mattawa,2017-12-09 09:03:14.840073
2009-09-09,14:00,77.9,,47.5,34.3,0.0,E@5.8,9.6,70.5,0.0,652,"Mattawa, Grant County",330121,Mattawa,2017-12-09 09:03:14.840073
2009-09-09,14:15,78.3,,49.5,36.4,0.0,E@4.3,7.8,70.9,0.0,571,"Mattawa, Grant County",330121,Mattawa,2017-12-09 09:03:14.840073
2009-09-09,14:30,77.5,,49.5,37.3,0.0,E@5.0,8.2,71.2,0.0,502,"Mattawa, Grant County",330121,Mattawa,2017-12-09 09:03:14.840073
2009-09-09,14:45,76.8,,51.4,41.1,0.0,E@4.8,7.1,71.4,0.0,356,"Mattawa, Grant County",330121,Mattawa,2017-12-09 09:03:14.840073
2009-09-09,15:00,77.1,,47.9,35.6,0.0,E@5.7,8.5,71.7,0.0,318,"Mattawa, Grant County",330121,Mattawa,2017-12-09 09:03:14.840073
2009-09-09,15:15,77.6,,48.4,35.8,0.0,NE@7.3,10.3,71.9,0.0,327,"Mattawa, Grant County",330121,Mattawa,2017-12-09 09:03:14.840073
2009-09-09,15:30,77.9,,47.9,34.8,0.0,NE@7.2,8.9,72.2,0.0,324,"Mattawa, Grant County",330121,Mattawa,2017-12-09 09:03:14.840073
2009-09-09,15:45,79.4,,48.4,33.8,0.0,NE@7.9,10.3,72.3,0.0,507,"Mattawa, Grant County",330121,Mattawa,2017-12-09 09:03:14.840073
2009-09-09,16:00,79.2,,49.6,35.5,0.0,NE@8.4,11.4,72.5,0.0,399,"Mattawa, Grant County",330121,Mattawa,2017-12-09 09:03:14.840073
2009-09-09,16:15,78.3,,48.6,35.2,0.0,NE@8.3,10.7,72.7,0.0,318,"Mattawa, Grant County",330121,Mattawa,2017-12-09 09:03:14.840073
2009-09-09,16:30,76.8,,49.8,38.7,0.0,NE@7.7,10.3,72.8,0.0,223,"Mattawa, Grant County",330121,Mattawa,2017-12-09 09:03:14.840073
2009-09-09,16:45,75.2,,50.3,41.5,0.0,NE@6.1,8.9,72.9,0.0,106,"Mattawa, Grant County",330121,Mattawa,2017-12-09 09:03:14.840073
2009-09-09,17:00,73.1,,52.3,48.2,0.0,NE@5.1,6.4,73.0,0.0,86,"Mattawa, Grant County",330121,Mattawa,2017-12-09 09:03:14.840073
2009-09-09,17:15,71.9,,54.1,53.5,0.0,NE@4.8,6.4,73.1,0.0,78,"Mattawa, Grant County",330121,Mattawa,2017-12-09 09:03:14.840073
2009-09-09,17:30,71.0,,53.9,54.7,0.0,NE@4.8,6.7,73.1,0.0,47,"Mattawa, Grant County",330121,Mattawa,2017-12-09 09:03:14.840073
2009-09-09,17:45,69.2,,54.0,58.4,0.0,NE@4.5,6.0,73.1,0.0,32,"Mattawa, Grant County",330121,Mattawa,2017-12-09 09:03:14.840073
2009-09-09,18:00,68.6,,52.7,56.7,0.0,NW@2.1,4.9,73.1,0.0,23,"Mattawa, Grant County",330121,Mattawa,2017-12-09 09:03:14.840073
2009-09-09,18:15,69.2,,50.6,51.5,0.0,NE@6.1,9.2,73.1,0.0,13,"Mattawa, Grant County",330121,Mattawa,2017-12-09 09:03:14.840073
2009-09-09,18:30,68.1,,50.7,53.6,0.0,N@4.1,7.1,73.1,0.0,4,"Mattawa, Grant County",330121,Mattawa,2017-12-09 09:03:14.840073
2009-09-09,18:45,66.4,,51.9,59.5,0.0,NE@3.1,4.9,73.0,0.0,0,"Mattawa, Grant County",330121,Mattawa,2017-12-09 09:03:14.840073
2009-09-09,19:00,66.5,,51.3,58.0,0.0,N@2.5,5.3,73.0,0.0,0,"Mattawa, Grant County",330121,Mattawa,2017-12-09 09:03:14.840073
2009-09-09,19:15,67.4,,50.9,55.5,0.0,NW@3.8,7.8,72.9,0.0,0,"Mattawa, Grant County",330121,Mattawa,2017-12-09 09:03:14.840073
2009-09-09,19:30,65.2,,53.7,66.3,0.0,SW@1.5,4.2,72.8,0.0,0,"Mattawa, Grant County",330121,Mattawa,2017-12-09 09:03:14.840073
2009-09-09,19:45,65.4,,53.7,65.7,0.0,SW@3.9,5.7,72.7,0.0,0,"Mattawa, Grant County",330121,Mattawa,2017-12-09 09:03:14.840073
2009-09-09,20:00,65.6,,53.6,65.2,0.0,SW@4.1,5.3,72.6,0.0,0,"Mattawa, Grant County",330121,Mattawa,2017-12-09 09:03:14.840073
2009-09-09,20:15,65.8,,53.3,63.8,0.0,SW@5.2,7.8,72.6,0.0,0,"Mattawa, Grant County",330121,Mattawa,2017-12-09 09:03:14.840073
2009-09-09,20:30,67.5,,52.3,58.1,0.0,SW@6.6,8.9,72.5,0.0,0,"Mattawa, Grant County",330121,Mattawa,2017-12-09 09:03:14.840073
2009-09-09,20:45,67.8,,52.3,57.5,0.0,SW@6.6,10.7,72.4,0.0,0,"Mattawa, Grant County",330121,Mattawa,2017-12-09 09:03:14.840073
2009-09-09,21:00,66.7,,52.4,59.9,0.0,W@5.2,8.9,72.2,0.0,0,"Mattawa, Grant County",330121,Mattawa,2017-12-09 09:03:14.840073
2009-09-09,21:15,63.9,,52.9,67.3,0.0,W@4.4,8.2,72.2,0.0,0,"Mattawa, Grant County",330121,Mattawa,2017-12-09 09:03:14.840073
2009-09-09,21:30,64.3,,53.1,66.8,0.0,SW@4.3,6.7,72.0,0.0,0,"Mattawa, Grant County",330121,Mattawa,2017-12-09 09:03:14.840073
2009-09-09,21:45,63.4,,53.1,69.1,0.0,SW@3.6,7.1,71.9,0.0,0,"Mattawa, Grant County",330121,Mattawa,2017-12-09 09:03:14.840073
2009-09-09,22:00,63.9,,52.7,66.8,0.0,SW@4.8,7.8,71.8,0.0,0,"Mattawa, Grant County",330121,Mattawa,2017-12-09 09:03:14.840073
2009-09-09,22:15,64.2,,52.2,65.1,0.0,SW@4.2,6.0,71.7,0.0,0,"Mattawa, Grant County",330121,Mattawa,2017-12-09 09:03:14.840073
2009-09-09,22:30,63.1,,52.4,68.0,0.0,W@5.0,6.7,71.6,0.0,0,"Mattawa, Grant County",330121,Mattawa,2017-12-09 09:03:14.840073
2009-09-09,22:45,63.0,,52.5,68.5,0.0,W@6.1,8.9,71.5,0.0,0,"Mattawa, Grant County",330121,Mattawa,2017-12-09 09:03:14.840073
2009-09-09,23:00,62.8,,52.5,69.1,0.0,SW@6.8,10.3,71.4,0.0,0,"Mattawa, Grant County",330121,Mattawa,2017-12-09 09:03:14.840073
2009-09-10,23:15,63.5,,52.7,67.8,0.0,SW@7.1,10.3,71.3,0.0,0,"Mattawa, Grant County",330121,Mattawa,2017-12-09 09:03:14.840073
2009-09-10,23:30,62.8,,52.8,69.8,0.0,SW@6.0,8.5,71.1,0.0,0,"Mattawa, Grant County",330121,Mattawa,2017-12-09 09:03:14.840073
2009-09-10,23:45,62.3,,52.6,70.4,0.0,SW@6.8,11.0,71.0,0.0,0,"Mattawa, Grant County",330121,Mattawa,2017-12-09 09:03:14.840073
2009-09-10,24:00,62.2,,52.5,70.4,0.0,SW@6.2,9.2,70.9,0.0,0,"Mattawa, Grant County",330121,Mattawa,2017-12-09 09:03:14.840073
2009-09-10,00:15,61.2,,52.3,72.4,0.0,SW@6.0,8.9,70.8,0.0,0,"Mattawa, Grant County",330121,Mattawa,2017-12-09 09:03:14.840073
2009-09-10,00:30,62.1,,51.8,69.0,0.0,SW@7.0,10.7,70.7,0.0,0,"Mattawa, Grant County",330121,Mattawa,2017-12-09 09:03:14.840073
2009-09-10,00:45,61.7,,51.5,69.2,0.0,SW@6.8,9.9,70.5,0.0,0,"Mattawa, Grant County",330121,Mattawa,2017-12-09 09:03:14.840073
2009-09-10,01:00,60.6,,51.3,71.3,0.0,SW@4.2,6.0,70.4,0.0,0,"Mattawa, Grant County",330121,Mattawa,2017-12-09 09:03:14.840073
2009-09-10,01:15,58.9,,51.2,75.6,0.0,SW@4.0,4.9,70.3,0.0,0,"Mattawa, Grant County",330121,Mattawa,2017-12-09 09:03:14.840073
2009-09-10,01:30,58.3,,51.2,77.2,0.0,SW@4.2,6.0,70.2,0.0,0,"Mattawa, Grant County",330121,Mattawa,2017-12-09 09:03:14.840073
2009-09-10,01:45,58.2,,51.0,76.8,0.0,SW@2.9,7.1,70.1,0.0,0,"Mattawa, Grant County",330121,Mattawa,2017-12-09 09:03:14.840073
2009-09-10,02:00,59.2,,51.1,74.6,0.0,SW@6.7,9.6,70.0,0.0,0,"Mattawa, Grant County",330121,Mattawa,2017-12-09 09:03:14.840073
2009-09-10,02:15,59.5,,51.1,73.6,0.0,SW@7.4,9.9,69.8,0.0,0,"Mattawa, Grant County",330121,Mattawa,2017-12-09 09:03:14.840073
2009-09-10,02:30,60.3,,50.8,70.9,0.0,SW@6.8,9.2,69.7,0.0,0,"Mattawa, Grant County",330121,Mattawa,2017-12-09 09:03:14.840073
2009-09-10,02:45,59.9,,50.8,71.8,0.0,SW@6.6,9.6,69.6,0.0,0,"Mattawa, Grant County",330121,Mattawa,2017-12-09 09:03:14.840073
2009-09-10,03:00,59.1,,50.7,73.7,0.0,W@5.8,9.2,69.5,0.0,0,"Mattawa, Grant County",330121,Mattawa,2017-12-09 09:03:14.840073
2009-09-10,03:15,59.0,,50.5,73.3,0.0,W@6.1,9.2,69.4,0.0,0,"Mattawa, Grant County",330121,Mattawa,2017-12-09 09:03:14.840073
2009-09-10,03:30,59.8,,50.3,70.9,0.0,SW@7.9,11.4,69.3,0.0,0,"Mattawa, Grant County",330121,Mattawa,2017-12-09 09:03:14.840073
2009-09-10,03:45,59.6,,50.3,71.2,0.0,SW@7.3,9.2,69.2,0.0,0,"Mattawa, Grant County",330121,Mattawa,2017-12-09 09:03:14.840073
2009-09-10,04:00,59.3,,50.2,71.8,0.0,W@7.4,10.7,69.1,0.0,0,"Mattawa, Grant County",330121,Mattawa,2017-12-09 09:03:14.840073
2009-09-10,04:15,58.2,,50.2,74.7,0.0,SW@6.1,10.3,68.9,0.0,0,"Mattawa, Grant County",330121,Mattawa,2017-12-09 09:03:14.840073
2009-09-10,04:30,58.4,,49.8,73.0,0.0,SW@6.0,8.5,68.8,0.0,0,"Mattawa, Grant County",330121,Mattawa,2017-12-09 09:03:14.840073
2009-09-10,04:45,58.4,,49.5,72.4,0.0,W@4.2,7.8,68.7,0.0,0,"Mattawa, Grant County",330121,Mattawa,2017-12-09 09:03:14.840073
2009-09-10,05:00,57.3,,49.3,74.5,0.0,W@4.2,6.4,68.6,0.0,0,"Mattawa, Grant County",330121,Mattawa,2017-12-09 09:03:14.840073
2009-09-10,05:15,56.7,,49.3,76.2,0.0,W@3.9,6.0,68.5,0.0,0,"Mattawa, Grant County",330121,Mattawa,2017-12-09 09:03:14.840073
2009-09-10,05:30,54.3,,49.1,82.6,0.0,NW@3.9,6.0,68.4,0.0,2,"Mattawa, Grant County",330121,Mattawa,2017-12-09 09:03:14.840073
2009-09-10,05:45,53.4,,48.6,83.7,0.01,N@2.6,4.9,68.3,0.0,13,"Mattawa, Grant County",330121,Mattawa,2017-12-09 09:03:14.840073
2009-09-10,06:00,54.4,,48.2,79.6,0.0,W@2.3,4.6,68.2,0.0,37,"Mattawa, Grant County",330121,Mattawa,2017-12-09 09:03:14.840073
2009-09-10,06:15,54.4,,48.7,80.9,0.01,N@0.0,0.0,68.1,0.0,51,"Mattawa, Grant County",330121,Mattawa,2017-12-09 09:03:14.840073
2009-09-10,06:30,57.4,,50.2,76.8,0.0,N@0.0,0.0,68.0,0.0,106,"Mattawa, Grant County",330121,Mattawa,2017-12-09 09:03:14.840073
2009-09-10,06:45,60.4,,51.4,72.2,0.0,W@0.7,3.9,67.9,0.0,144,"Mattawa, Grant County",330121,Mattawa,2017-12-09 09:03:14.840073
2009-09-10,07:00,63.3,,51.9,66.3,0.0,SW@0.4,3.9,67.8,0.0,183,"Mattawa, Grant County",330121,Mattawa,2017-12-09 09:03:14.840073
2009-09-10,07:15,64.9,,51.7,62.3,0.0,W@1.3,3.1,67.7,0.0,225,"Mattawa, Grant County",330121,Mattawa,2017-12-09 09:03:14.840073
2009-09-10,07:30,66.2,,52.7,61.6,0.0,W@0.5,2.8,67.7,0.0,268,"Mattawa, Grant County",330121,Mattawa,2017-12-09 09:03:14.840073
2009-09-10,07:45,66.8,,53.2,61.5,0.0,W@0.3,2.8,67.6,0.0,315,"Mattawa, Grant County",330121,Mattawa,2017-12-09 09:03:14.840073
2009-09-10,08:00,67.3,,54.1,62.3,0.0,NW@1.4,3.9,67.5,0.0,385,"Mattawa, Grant County",330121,Mattawa,2017-12-09 09:03:14.840073
2009-09-10,08:15,66.6,,55.0,66.2,0.0,E@3.0,5.7,67.5,0.0,327,"Mattawa, Grant County",330121,Mattawa,2017-12-09 09:03:14.840073
2009-09-10,08:30,67.4,,56.3,67.5,0.0,SE@1.9,3.5,67.5,0.0,307,"Mattawa, Grant County",330121,Mattawa,2017-12-09 09:03:14.840073
2009-09-10,08:45,69.1,,56.9,65.1,0.0,SW@2.5,4.6,67.5,0.0,409,"Mattawa, Grant County",330121,Mattawa,2017-12-09 09:03:14.840073
2009-09-10,09:00,71.4,,54.4,54.9,0.0,SW@3.4,4.9,67.6,0.0,518,"Mattawa, Grant County",330121,Mattawa,2017-12-09 09:03:14.840073
2009-09-10,09:15,72.0,,52.7,50.6,0.0,SW@3.2,4.6,67.7,0.0,515,"Mattawa, Grant County",330121,Mattawa,2017-12-09 09:03:14.840073
2009-09-10,09:30,73.1,,50.7,45.2,0.0,SW@2.8,5.3,67.8,0.0,571,"Mattawa, Grant County",330121,Mattawa,2017-12-09 09:03:14.840073
2009-09-10,09:45,73.8,,49.9,42.9,0.0,W@2.9,5.7,68.0,0.0,597,"Mattawa, Grant County",330121,Mattawa,2017-12-09 09:03:14.840073
2009-09-10,10:00,73.1,,50.2,44.4,0.0,W@4.4,6.4,68.1,0.0,622,"Mattawa, Grant County",330121,Mattawa,2017-12-09 09:03:14.840073
2009-09-10,10:15,74.5,,49.8,41.8,0.0,NE@3.7,6.7,68.4,0.0,646,"Mattawa, Grant County",330121,Mattawa,2017-12-09 09:03:14.840073
2009-09-10,10:30,75.0,,51.2,43.2,0.0,E@3.8,7.4,68.6,0.0,668,"Mattawa, Grant County",330121,Mattawa,2017-12-09 09:03:14.840073
2009-09-10,10:45,75.1,,50.2,41.5,0.0,E@4.0,7.4,68.9,0.0,683,"Mattawa, Grant County",330121,Mattawa,2017-12-09 09:03:14.840073
2009-09-10,11:00,76.1,,49.5,39.2,0.0,E@3.1,5.3,69.3,0.0,703,"Mattawa, Grant County",330121,Mattawa,2017-12-09 09:03:14.840073
2009-09-10,11:15,76.8,,49.4,38.2,0.0,SE@2.9,5.7,69.6,0.0,717,"Mattawa, Grant County",330121,Mattawa,2017-12-09 09:03:14.840073
2009-09-10,11:30,77.1,,48.9,37.1,0.0,E@3.4,5.7,70.0,0.0,727,"Mattawa, Grant County",330121,Mattawa,2017-12-09 09:03:14.840073
2009-09-10,11:45,78.2,,49.0,35.9,0.0,W@2.7,6.0,70.4,0.0,733,"Mattawa, Grant County",330121,Mattawa,2017-12-09 09:03:14.840073
2009-09-10,12:00,77.0,,49.4,37.7,0.0,W@3.7,6.7,70.8,0.0,735,"Mattawa, Grant County",330121,Mattawa,2017-12-09 09:03:14.840073
2009-09-10,12:15,78.1,,49.7,36.9,0.0,W@3.3,6.4,71.2,0.0,736,"Mattawa, Grant County",330121,Mattawa,2017-12-09 09:03:14.840073
2009-09-10,12:30,78.5,,50.0,36.9,0.0,W@3.3,7.1,71.6,0.0,731,"Mattawa, Grant County",330121,Mattawa,2017-12-09 09:03:14.840073
2009-09-10,12:45,78.8,,48.8,34.8,0.0,W@2.6,5.3,72.0,0.0,724,"Mattawa, Grant County",330121,Mattawa,2017-12-09 09:03:14.840073
2009-09-10,13:00,79.7,,49.3,34.6,0.0,W@3.0,6.4,72.4,0.0,714,"Mattawa, Grant County",330121,Mattawa,2017-12-09 09:03:14.840073
2009-09-10,13:15,79.9,,48.5,33.3,0.0,W@3.2,4.9,72.8,0.0,703,"Mattawa, Grant County",330121,Mattawa,2017-12-09 09:03:14.840073
2009-09-10,13:30,80.6,,49.6,33.9,0.0,SW@3.7,6.7,73.2,0.0,685,"Mattawa, Grant County",330121,Mattawa,2017-12-09 09:03:14.840073
2009-09-10,13:45,80.1,,47.5,31.8,0.0,W@3.5,6.4,73.6,0.0,664,"Mattawa, Grant County",330121,Mattawa,2017-12-09 09:03:14.840073
2009-09-10,14:00,81.5,,49.3,32.6,0.0,W@2.5,5.3,74.0,0.0,644,"Mattawa, Grant County",330121,Mattawa,2017-12-09 09:03:14.840073
2009-09-10,14:15,81.5,,48.0,31.0,0.0,SW@2.8,5.7,74.4,0.0,613,"Mattawa, Grant County",330121,Mattawa,2017-12-09 09:03:14.840073
2009-09-10,14:30,82.1,,46.0,28.2,0.0,W@2.6,4.9,74.7,0.0,591,"Mattawa, Grant County",330121,Mattawa,2017-12-09 09:03:14.840073
2009-09-10,14:45,83.0,,46.5,27.9,0.0,W@2.2,3.9,75.0,0.0,559,"Mattawa, Grant County",330121,Mattawa,2017-12-09 09:03:14.840073
2009-09-10,15:00,82.1,,44.6,26.7,0.0,NW@3.0,4.2,75.3,0.0,526,"Mattawa, Grant County",330121,Mattawa,2017-12-09 09:03:14.840073
2009-09-10,15:15,82.4,,47.4,29.5,0.0,SW@3.1,4.9,75.5,0.0,491,"Mattawa, Grant County",330121,Mattawa,2017-12-09 09:03:14.840073
2009-09-10,15:30,82.6,,47.1,28.9,0.0,W@3.1,4.6,75.7,0.0,454,"Mattawa, Grant County",330121,Mattawa,2017-12-09 09:03:14.840073
2009-09-10,15:45,82.5,,46.3,28.2,0.0,W@2.8,3.9,75.9,0.0,414,"Mattawa, Grant County",330121,Mattawa,2017-12-09 09:03:14.840073
2009-09-10,16:00,82.5,,47.7,29.7,0.0,W@2.8,3.9,76.1,0.0,373,"Mattawa, Grant County",330121,Mattawa,2017-12-09 09:03:14.840073
2009-09-10,16:15,83.7,,47.6,28.4,0.0,SW@1.9,3.9,76.2,0.0,331,"Mattawa, Grant County",330121,Mattawa,2017-12-09 09:03:14.840073
2009-09-10,16:30,81.7,,53.2,37.4,0.0,SE@2.6,4.2,76.3,0.0,289,"Mattawa, Grant County",330121,Mattawa,2017-12-09 09:03:14.840073
2009-09-10,16:45,81.9,,50.4,33.4,0.0,SE@2.0,3.1,76.5,0.0,247,"Mattawa, Grant County",330121,Mattawa,2017-12-09 09:03:14.840073
2009-09-10,17:00,81.6,,54.4,39.3,0.0,SE@1.1,2.8,76.5,0.0,206,"Mattawa, Grant County",330121,Mattawa,2017-12-09 09:03:14.840073
2009-09-10,17:15,81.6,,49.6,32.8,0.0,E@0.3,2.4,76.6,0.0,165,"Mattawa, Grant County",330121,Mattawa,2017-12-09 09:03:14.840073
2009-09-10,17:30,81.0,,53.6,38.8,0.0,N@0.0,0.0,76.6,0.0,125,"Mattawa, Grant County",330121,Mattawa,2017-12-09 09:03:14.840073
2009-09-10,17:45,77.8,,55.9,46.7,0.0,N@0.0,0.0,76.7,0.0,88,"Mattawa, Grant County",330121,Mattawa,2017-12-09 09:03:14.840073
2009-09-10,18:00,76.3,,57.5,52.1,0.0,SW@0.2,2.4,76.6,0.0,53,"Mattawa, Grant County",330121,Mattawa,2017-12-09 09:03:14.840073
2009-09-10,18:15,72.7,,56.9,57.5,0.0,SW@2.1,2.8,76.6,0.0,21,"Mattawa, Grant County",330121,Mattawa,2017-12-09 09:03:14.840073
2009-09-10,18:30,70.6,,56.9,61.8,0.0,SW@1.2,2.4,76.6,0.0,5,"Mattawa, Grant County",330121,Mattawa,2017-12-09 09:03:14.840073
2009-09-10,18:45,68.2,,56.6,66.3,0.0,N@0.0,0.0,76.5,0.0,1,"Mattawa, Grant County",330121,Mattawa,2017-12-09 09:03:14.840073
2009-09-10,19:00,67.7,,55.7,65.5,0.0,N@0.9,4.2,76.4,0.0,0,"Mattawa, Grant County",330121,Mattawa,2017-12-09 09:03:14.840073
2009-09-10,19:15,68.1,,53.1,58.6,0.0,N@3.2,4.6,76.3,0.0,0,"Mattawa, Grant County",330121,Mattawa,2017-12-09 09:03:14.840073
2009-09-10,19:30,67.9,,53.0,58.8,0.0,NW@3.6,4.6,76.1,0.0,0,"Mattawa, Grant County",330121,Mattawa,2017-12-09 09:03:14.840073
2009-09-10,19:45,65.4,,51.9,61.5,0.0,NW@3.7,5.3,76.0,0.0,0,"Mattawa, Grant County",330121,Mattawa,2017-12-09 09:03:14.840073
2009-09-10,20:00,64.3,,50.9,61.7,0.0,NW@3.4,6.4,75.8,0.0,0,"Mattawa, Grant County",330121,Mattawa,2017-12-09 09:03:14.840073
2009-09-10,20:15,63.5,,51.3,64.5,0.0,NW@2.5,4.2,75.7,0.0,0,"Mattawa, Grant County",330121,Mattawa,2017-12-09 09:03:14.840073
2009-09-10,20:30,63.0,,51.9,67.1,0.0,N@0.0,0.0,75.5,0.0,0,"Mattawa, Grant County",330121,Mattawa,2017-12-09 09:03:14.840073
2009-09-10,20:45,63.7,,50.9,63.0,0.0,N@0.0,0.0,75.3,0.0,0,"Mattawa, Grant County",330121,Mattawa,2017-12-09 09:03:14.840073
2009-09-10,21:00,61.1,,52.4,72.9,0.0,NW@2.5,4.6,75.2,0.0,0,"Mattawa, Grant County",330121,Mattawa,2017-12-09 09:03:14.840073
2009-09-10,21:15,60.0,,52.0,74.8,0.0,W@1.6,3.1,75.0,0.0,0,"Mattawa, Grant County",330121,Mattawa,2017-12-09 09:03:14.840073
2009-09-10,21:30,61.4,,51.2,69.1,0.0,NW@0.0,1.7,74.8,0.0,0,"Mattawa, Grant County",330121,Mattawa,2017-12-09 09:03:14.840073
2009-09-10,21:45,62.3,,50.9,66.3,0.0,W@0.3,2.1,74.7,0.0,0,"Mattawa, Grant County",330121,Mattawa,2017-12-09 09:03:14.840073
2009-09-10,22:00,61.7,,51.0,67.8,0.0,W@1.5,3.9,74.5,0.0,0,"Mattawa, Grant County",330121,Mattawa,2017-12-09 09:03:14.840073
2009-09-10,22:15,60.4,,52.1,74.1,0.0,W@1.5,3.9,74.3,0.0,0,"Mattawa, Grant County",330121,Mattawa,2017-12-09 09:03:14.840073
2009-09-10,22:30,60.8,,50.9,69.8,0.0,W@3.5,4.9,74.1,0.0,0,"Mattawa, Grant County",330121,Mattawa,2017-12-09 09:03:14.840073
2009-09-10,22:45,58.4,,51.7,78.1,0.0,W@1.9,3.1,73.9,0.0,0,"Mattawa, Grant County",330121,Mattawa,2017-12-09 09:03:14.840073
2009-09-10,23:00,57.7,,51.4,79.5,0.0,SW@1.4,3.9,73.8,0.0,0,"Mattawa, Grant County",330121,Mattawa,2017-12-09 09:03:14.840073
2009-09-11,23:15,61.8,,49.7,64.4,0.0,NW@4.6,9.2,73.6,0.0,0,"Mattawa, Grant County",330121,Mattawa,2017-12-09 09:03:14.840073
2009-09-11,23:30,66.0,,47.9,51.9,0.0,W@4.5,6.7,73.4,0.0,0,"Mattawa, Grant County",330121,Mattawa,2017-12-09 09:03:14.840073
2009-09-11,23:45,66.3,,46.0,47.9,0.0,NW@4.3,7.1,73.3,0.0,0,"Mattawa, Grant County",330121,Mattawa,2017-12-09 09:03:14.840073
2009-09-11,24:00,65.9,,45.7,48.1,0.0,W@4.8,8.2,73.1,0.0,0,"Mattawa, Grant County",330121,Mattawa,2017-12-09 09:03:14.840073
