Date,Time PDT,Air Temp °F, 2<sup>nd</sup> Air Temp °F, Dew Point °F, Rel Hum %, Leaf Wet u., Wind Dir @ Speed mph, Wind Gust mph, 8 in. Soil Tmp °F, Tot Prec in, Solar Rad W/m²,Location,Station ID,Station Name,Download Timestamp
2019-05-07,00:15,50.2,50.4,45.3,83.3,0.05,N@0.0,0.0,53.2,0.0,0,"Woodinvill (21 Acres), Woodinville, King County",330026,Woodinvill,2019-06-25 19:16:11.411505
2019-05-07,00:30,49.4,49.7,45.6,86.4,0.1,N@0.0,0.0,53.2,0.0,0,"Woodinvill (21 Acres), Woodinville, King County",330026,Woodinvill,2019-06-25 19:16:11.411505
2019-05-07,00:45,49.3,49.6,45.4,86.2,0.16,N@0.0,0.0,53.2,0.0,0,"Woodinvill (21 Acres), Woodinville, King County",330026,Woodinvill,2019-06-25 19:16:11.411505
2019-05-07,01:00,48.1,48.4,44.6,87.6,0.24,N@0.0,0.0,53.2,0.0,0,"Woodinvill (21 Acres), Woodinville, King County",330026,Woodinvill,2019-06-25 19:16:11.411505
2019-05-07,01:15,47.5,47.7,44.6,89.6,0.38,N@0.0,0.0,53.2,0.0,0,"Woodinvill (21 Acres), Woodinville, King County",330026,Woodinvill,2019-06-25 19:16:11.411505
2019-05-07,01:30,47.1,47.5,44.5,90.7,0.52,N@0.0,0.0,53.2,0.0,0,"Woodinvill (21 Acres), Woodinville, King County",330026,Woodinvill,2019-06-25 19:16:11.411505
2019-05-07,01:45,47.6,48.0,44.8,90.0,0.62,N@0.0,0.0,53.2,0.0,0,"Woodinvill (21 Acres), Woodinville, King County",330026,Woodinvill,2019-06-25 19:16:11.411505
2019-05-07,02:00,46.3,46.6,43.7,90.4,0.68,SW@0.3,2.1,53.2,0.0,0,"Woodinvill (21 Acres), Woodinville, King County",330026,Woodinvill,2019-06-25 19:16:11.411505
2019-05-07,02:15,45.8,46.0,43.7,92.2,0.75,N@0.0,0.0,53.2,0.0,0,"Woodinvill (21 Acres), Woodinville, King County",330026,Woodinvill,2019-06-25 19:16:11.411505
2019-05-07,02:30,45.4,45.6,43.5,93.0,0.8,N@0.0,0.0,53.2,0.0,0,"Woodinvill (21 Acres), Woodinville, King County",330026,Woodinvill,2019-06-25 19:16:11.411505
2019-05-07,02:45,44.7,45.0,43.1,94.1,0.85,NE@0.4,2.4,53.2,0.0,0,"Woodinvill (21 Acres), Woodinville, King County",330026,Woodinvill,2019-06-25 19:16:11.411505
2019-05-07,03:00,44.9,45.1,43.4,94.5,0.88,NW@0.3,2.8,53.1,0.0,0,"Woodinvill (21 Acres), Woodinville, King County",330026,Woodinvill,2019-06-25 19:16:11.411505
2019-05-07,03:15,44.6,44.9,43.2,94.8,0.9,E@0.0,1.4,53.1,0.0,0,"Woodinvill (21 Acres), Woodinville, King County",330026,Woodinvill,2019-06-25 19:16:11.411505
2019-05-07,03:30,44.1,44.3,42.9,95.3,0.91,N@0.0,0.0,53.1,0.0,0,"Woodinvill (21 Acres), Woodinville, King County",330026,Woodinvill,2019-06-25 19:16:11.411505
2019-05-07,03:45,44.0,44.2,42.9,95.7,0.92,N@0.0,0.0,53.1,0.0,0,"Woodinvill (21 Acres), Woodinville, King County",330026,Woodinvill,2019-06-25 19:16:11.411505
2019-05-07,04:00,43.9,44.0,42.8,96.1,0.93,N@0.0,0.0,53.0,0.0,0,"Woodinvill (21 Acres), Woodinville, King County",330026,Woodinvill,2019-06-25 19:16:11.411505
2019-05-07,04:15,44.1,44.4,43.2,96.4,0.93,N@0.8,2.8,53.0,0.0,0,"Woodinvill (21 Acres), Woodinville, King County",330026,Woodinvill,2019-06-25 19:16:11.411505
2019-05-07,04:30,44.2,44.6,43.2,96.2,0.94,N@0.0,1.4,53.0,0.0,0,"Woodinvill (21 Acres), Woodinville, King County",330026,Woodinvill,2019-06-25 19:16:11.411505
2019-05-07,04:45,44.7,45.1,43.6,95.9,0.94,NE@0.1,2.1,52.9,0.0,0,"Woodinvill (21 Acres), Woodinville, King County",330026,Woodinvill,2019-06-25 19:16:11.411505
2019-05-07,05:00,43.1,43.5,42.0,95.7,0.94,N@0.0,0.0,52.9,0.0,0,"Woodinvill (21 Acres), Woodinville, King County",330026,Woodinvill,2019-06-25 19:16:11.411505
2019-05-07,05:15,42.6,42.9,41.5,96.0,0.94,N@0.0,0.0,52.9,0.0,0,"Woodinvill (21 Acres), Woodinville, King County",330026,Woodinvill,2019-06-25 19:16:11.411505
2019-05-07,05:30,42.7,43.0,41.7,96.3,0.94,N@0.0,0.0,52.8,0.0,0,"Woodinvill (21 Acres), Woodinville, King County",330026,Woodinvill,2019-06-25 19:16:11.411505
2019-05-07,05:45,41.3,41.6,40.4,96.4,0.94,N@0.0,0.0,52.8,0.0,4,"Woodinvill (21 Acres), Woodinville, King County",330026,Woodinvill,2019-06-25 19:16:11.411505
2019-05-07,06:00,41.9,42.2,41.1,96.8,0.94,N@0.0,0.0,52.7,0.0,9,"Woodinvill (21 Acres), Woodinville, King County",330026,Woodinvill,2019-06-25 19:16:11.411505
2019-05-07,06:15,41.8,42.1,41.0,96.9,0.94,N@0.0,0.0,52.7,0.0,16,"Woodinvill (21 Acres), Woodinville, King County",330026,Woodinvill,2019-06-25 19:16:11.411505
2019-05-07,06:30,41.8,42.1,41.0,97.1,0.94,N@0.0,0.0,52.7,0.0,22,"Woodinvill (21 Acres), Woodinville, King County",330026,Woodinvill,2019-06-25 19:16:11.411505
2019-05-07,06:45,42.8,43.1,42.0,97.3,0.95,N@0.2,2.1,52.6,0.0,50,"Woodinvill (21 Acres), Woodinville, King County",330026,Woodinvill,2019-06-25 19:16:11.411505
2019-05-07,07:00,45.7,45.8,44.9,97.1,0.95,N@0.0,0.0,52.6,0.0,155,"Woodinvill (21 Acres), Woodinville, King County",330026,Woodinvill,2019-06-25 19:16:11.411505
2019-05-07,07:15,47.3,47.6,46.4,96.7,0.95,N@0.0,0.0,52.5,0.0,187,"Woodinvill (21 Acres), Woodinville, King County",330026,Woodinvill,2019-06-25 19:16:11.411505
2019-05-07,07:30,48.3,49.2,47.2,95.9,0.94,N@0.0,0.0,52.4,0.0,224,"Woodinvill (21 Acres), Woodinville, King County",330026,Woodinvill,2019-06-25 19:16:11.411505
2019-05-07,07:45,49.9,51.2,48.1,93.8,0.94,N@0.0,0.0,52.4,0.0,262,"Woodinvill (21 Acres), Woodinville, King County",330026,Woodinvill,2019-06-25 19:16:11.411505
2019-05-07,08:00,52.5,54.2,48.3,85.6,0.91,N@0.0,0.0,52.4,0.0,303,"Woodinvill (21 Acres), Woodinville, King County",330026,Woodinvill,2019-06-25 19:16:11.411505
2019-05-07,08:15,55.0,56.1,48.1,77.4,0.83,N@0.0,0.0,52.3,0.0,342,"Woodinvill (21 Acres), Woodinville, King County",330026,Woodinvill,2019-06-25 19:16:11.411505
2019-05-07,08:30,57.4,58.2,48.1,71.1,0.25,E@0.0,1.4,52.2,0.0,385,"Woodinvill (21 Acres), Woodinville, King County",330026,Woodinvill,2019-06-25 19:16:11.411505
2019-05-07,08:45,58.8,59.5,47.5,65.8,0.0,NE@0.8,4.6,52.2,0.0,423,"Woodinvill (21 Acres), Woodinville, King County",330026,Woodinvill,2019-06-25 19:16:11.411505
2019-05-07,09:00,60.0,60.5,47.7,63.8,0.0,E@1.4,4.2,52.1,0.0,465,"Woodinvill (21 Acres), Woodinville, King County",330026,Woodinvill,2019-06-25 19:16:11.411505
2019-05-07,09:15,60.0,60.6,48.0,64.5,0.0,S@2.2,4.6,52.1,0.0,505,"Woodinvill (21 Acres), Woodinville, King County",330026,Woodinvill,2019-06-25 19:16:11.411505
2019-05-07,09:30,60.6,61.2,48.8,64.9,0.0,S@2.9,6.4,52.1,0.0,542,"Woodinvill (21 Acres), Woodinville, King County",330026,Woodinvill,2019-06-25 19:16:11.411505
2019-05-07,09:45,62.0,62.5,48.6,61.2,0.0,NW@3.2,7.1,52.0,0.0,574,"Woodinvill (21 Acres), Woodinville, King County",330026,Woodinvill,2019-06-25 19:16:11.411505
2019-05-07,10:00,62.8,63.1,47.8,58.0,0.0,NW@3.6,6.4,52.0,0.0,611,"Woodinvill (21 Acres), Woodinville, King County",330026,Woodinvill,2019-06-25 19:16:11.411505
2019-05-07,10:15,62.7,62.9,47.6,57.7,0.0,NW@4.3,7.4,51.9,0.0,646,"Woodinvill (21 Acres), Woodinville, King County",330026,Woodinvill,2019-06-25 19:16:11.411505
2019-05-07,10:30,63.4,63.6,47.8,56.7,0.0,NW@3.9,7.4,51.9,0.0,686,"Woodinvill (21 Acres), Woodinville, King County",330026,Woodinvill,2019-06-25 19:16:11.411505
2019-05-07,10:45,64.1,64.5,47.8,55.3,0.0,W@3.1,7.8,51.9,0.0,707,"Woodinvill (21 Acres), Woodinville, King County",330026,Woodinvill,2019-06-25 19:16:11.411505
2019-05-07,11:00,64.9,65.2,47.9,53.9,0.0,NW@4.3,7.8,51.9,0.0,744,"Woodinvill (21 Acres), Woodinville, King County",330026,Woodinvill,2019-06-25 19:16:11.411505
2019-05-07,11:15,65.6,65.9,47.3,51.4,0.0,N@3.7,7.8,51.9,0.0,781,"Woodinvill (21 Acres), Woodinville, King County",330026,Woodinvill,2019-06-25 19:16:11.411505
2019-05-07,11:30,66.6,66.9,47.7,50.4,0.0,W@3.8,7.4,51.9,0.0,793,"Woodinvill (21 Acres), Woodinville, King County",330026,Woodinvill,2019-06-25 19:16:11.411505
2019-05-07,11:45,66.8,67.0,48.0,50.6,0.0,NW@4.1,8.5,51.9,0.0,796,"Woodinvill (21 Acres), Woodinville, King County",330026,Woodinvill,2019-06-25 19:16:11.411505
2019-05-07,12:00,67.9,68.2,48.4,49.7,0.0,NW@4.1,8.5,51.9,0.0,812,"Woodinvill (21 Acres), Woodinville, King County",330026,Woodinvill,2019-06-25 19:16:11.411505
2019-05-07,12:15,67.8,68.0,48.8,50.5,0.0,NW@3.8,7.8,51.8,0.0,793,"Woodinvill (21 Acres), Woodinville, King County",330026,Woodinvill,2019-06-25 19:16:11.411505
2019-05-07,12:30,67.9,68.2,48.7,50.1,0.0,NW@3.6,8.5,51.9,0.0,817,"Woodinvill (21 Acres), Woodinville, King County",330026,Woodinvill,2019-06-25 19:16:11.411505
2019-05-07,12:45,68.3,68.6,49.3,50.6,0.0,NW@4.1,8.2,51.9,0.0,848,"Woodinvill (21 Acres), Woodinville, King County",330026,Woodinvill,2019-06-25 19:16:11.411505
2019-05-07,13:00,68.9,69.2,49.3,49.6,0.0,W@4.8,8.2,51.9,0.0,858,"Woodinvill (21 Acres), Woodinville, King County",330026,Woodinvill,2019-06-25 19:16:11.411505
2019-05-07,13:15,69.4,69.7,48.5,47.2,0.0,W@3.9,6.7,51.9,0.0,856,"Woodinvill (21 Acres), Woodinville, King County",330026,Woodinvill,2019-06-25 19:16:11.411505
2019-05-07,13:30,69.5,69.8,47.4,45.3,0.0,W@4.2,8.5,51.9,0.0,840,"Woodinvill (21 Acres), Woodinville, King County",330026,Woodinvill,2019-06-25 19:16:11.411505
2019-05-07,13:45,70.2,70.5,47.5,44.3,0.0,NW@5.0,9.6,51.9,0.0,848,"Woodinvill (21 Acres), Woodinville, King County",330026,Woodinvill,2019-06-25 19:16:11.411505
2019-05-07,14:00,71.1,71.4,46.6,41.5,0.0,W@4.4,8.9,51.9,0.0,837,"Woodinvill (21 Acres), Woodinville, King County",330026,Woodinvill,2019-06-25 19:16:11.411505
2019-05-07,14:15,71.3,71.6,45.2,39.0,0.0,NW@5.3,9.9,52.0,0.0,828,"Woodinvill (21 Acres), Woodinville, King County",330026,Woodinvill,2019-06-25 19:16:11.411505
2019-05-07,14:30,71.1,71.3,45.3,39.5,0.0,NW@5.1,9.2,52.0,0.0,814,"Woodinvill (21 Acres), Woodinville, King County",330026,Woodinvill,2019-06-25 19:16:11.411505
2019-05-07,14:45,71.6,71.8,45.7,39.5,0.0,NW@5.1,9.6,52.0,0.0,792,"Woodinvill (21 Acres), Woodinville, King County",330026,Woodinvill,2019-06-25 19:16:11.411505
2019-05-07,15:00,71.7,71.9,45.2,38.6,0.0,NW@5.4,12.1,52.1,0.0,763,"Woodinvill (21 Acres), Woodinville, King County",330026,Woodinvill,2019-06-25 19:16:11.411505
2019-05-07,15:15,71.4,71.6,43.5,36.6,0.0,NW@6.4,13.2,52.1,0.0,749,"Woodinvill (21 Acres), Woodinville, King County",330026,Woodinvill,2019-06-25 19:16:11.411505
2019-05-07,15:30,71.5,71.7,43.8,36.9,0.0,NW@6.4,11.4,52.1,0.0,723,"Woodinvill (21 Acres), Woodinville, King County",330026,Woodinvill,2019-06-25 19:16:11.411505
2019-05-07,15:45,71.5,71.7,44.1,37.3,0.0,NW@5.5,12.8,52.2,0.0,693,"Woodinvill (21 Acres), Woodinville, King County",330026,Woodinvill,2019-06-25 19:16:11.411505
2019-05-07,16:00,72.0,72.2,44.7,37.5,0.0,W@4.6,8.2,52.2,0.0,663,"Woodinvill (21 Acres), Woodinville, King County",330026,Woodinvill,2019-06-25 19:16:11.411505
2019-05-07,16:15,72.1,72.3,44.6,37.2,0.0,W@4.4,10.3,52.3,0.0,629,"Woodinvill (21 Acres), Woodinville, King County",330026,Woodinvill,2019-06-25 19:16:11.411505
2019-05-07,16:30,71.8,72.0,43.4,35.9,0.0,NW@5.4,9.9,52.3,0.0,594,"Woodinvill (21 Acres), Woodinville, King County",330026,Woodinvill,2019-06-25 19:16:11.411505
2019-05-07,16:45,71.8,72.0,43.1,35.5,0.0,W@5.2,11.7,52.4,0.0,561,"Woodinvill (21 Acres), Woodinville, King County",330026,Woodinvill,2019-06-25 19:16:11.411505
2019-05-07,17:00,71.5,71.6,42.6,35.2,0.0,NW@6.3,12.1,52.4,0.0,520,"Woodinvill (21 Acres), Woodinville, King County",330026,Woodinvill,2019-06-25 19:16:11.411505
2019-05-07,17:15,71.5,71.6,42.4,34.9,0.0,NW@5.7,14.2,52.5,0.0,483,"Woodinvill (21 Acres), Woodinville, King County",330026,Woodinvill,2019-06-25 19:16:11.411505
2019-05-07,17:30,71.3,71.5,42.2,34.9,0.0,NW@5.7,10.3,52.5,0.0,433,"Woodinvill (21 Acres), Woodinville, King County",330026,Woodinvill,2019-06-25 19:16:11.411505
2019-05-07,17:45,71.3,71.6,42.7,35.6,0.0,W@5.0,8.9,52.6,0.0,395,"Woodinvill (21 Acres), Woodinville, King County",330026,Woodinvill,2019-06-25 19:16:11.411505
2019-05-07,18:00,71.7,71.9,43.6,36.4,0.0,W@4.0,8.5,52.7,0.0,357,"Woodinvill (21 Acres), Woodinville, King County",330026,Woodinvill,2019-06-25 19:16:11.411505
2019-05-07,18:15,71.3,71.7,44.8,38.6,0.0,W@3.9,7.4,52.7,0.0,313,"Woodinvill (21 Acres), Woodinville, King County",330026,Woodinvill,2019-06-25 19:16:11.411505
2019-05-07,18:30,71.0,71.5,44.9,39.2,0.0,NW@4.5,7.8,52.8,0.0,262,"Woodinvill (21 Acres), Woodinville, King County",330026,Woodinvill,2019-06-25 19:16:11.411505
2019-05-07,18:45,70.5,70.9,45.4,40.6,0.0,NW@4.6,9.2,52.9,0.0,222,"Woodinvill (21 Acres), Woodinville, King County",330026,Woodinvill,2019-06-25 19:16:11.411505
2019-05-07,19:00,70.6,70.6,45.7,40.9,0.0,NW@4.3,7.4,52.9,0.0,193,"Woodinvill (21 Acres), Woodinville, King County",330026,Woodinvill,2019-06-25 19:16:11.411505
2019-05-07,19:15,70.4,70.4,45.8,41.3,0.0,NW@3.9,7.4,53.0,0.0,159,"Woodinvill (21 Acres), Woodinville, King County",330026,Woodinvill,2019-06-25 19:16:11.411505
2019-05-07,19:30,69.2,69.3,46.0,43.3,0.0,N@4.5,7.8,53.0,0.0,121,"Woodinvill (21 Acres), Woodinville, King County",330026,Woodinvill,2019-06-25 19:16:11.411505
2019-05-07,19:45,68.5,68.6,45.7,43.9,0.0,NW@3.5,6.7,53.1,0.0,86,"Woodinvill (21 Acres), Woodinville, King County",330026,Woodinvill,2019-06-25 19:16:11.411505
2019-05-07,20:00,67.3,67.5,45.7,45.8,0.0,N@3.5,7.4,53.2,0.0,43,"Woodinvill (21 Acres), Woodinville, King County",330026,Woodinvill,2019-06-25 19:16:11.411505
2019-05-07,20:15,66.1,66.5,45.8,47.8,0.0,N@3.8,7.4,53.2,0.0,15,"Woodinvill (21 Acres), Woodinville, King County",330026,Woodinvill,2019-06-25 19:16:11.411505
2019-05-07,20:30,64.9,65.4,45.3,48.8,0.0,N@3.3,6.4,53.3,0.0,6,"Woodinvill (21 Acres), Woodinville, King County",330026,Woodinvill,2019-06-25 19:16:11.411505
2019-05-07,20:45,63.1,63.5,45.0,51.7,0.0,N@0.6,4.6,53.4,0.0,2,"Woodinvill (21 Acres), Woodinville, King County",330026,Woodinvill,2019-06-25 19:16:11.411505
2019-05-07,21:00,61.1,61.5,44.7,54.8,0.0,N@1.9,4.9,53.4,0.0,0,"Woodinvill (21 Acres), Woodinville, King County",330026,Woodinvill,2019-06-25 19:16:11.411505
2019-05-07,21:15,60.6,61.1,45.9,58.4,0.0,NE@0.4,2.4,53.5,0.0,0,"Woodinvill (21 Acres), Woodinville, King County",330026,Woodinvill,2019-06-25 19:16:11.411505
2019-05-07,21:30,60.0,60.5,46.3,60.4,0.0,N@0.0,0.0,53.5,0.0,0,"Woodinvill (21 Acres), Woodinville, King County",330026,Woodinvill,2019-06-25 19:16:11.411505
2019-05-07,21:45,58.0,58.5,45.6,63.3,0.01,N@0.0,0.0,53.5,0.0,0,"Woodinvill (21 Acres), Woodinville, King County",330026,Woodinvill,2019-06-25 19:16:11.411505
2019-05-07,22:00,56.8,57.2,45.6,66.2,0.01,N@0.0,0.0,53.6,0.0,0,"Woodinvill (21 Acres), Woodinville, King County",330026,Woodinvill,2019-06-25 19:16:11.411505
2019-05-07,22:15,57.4,57.8,45.5,64.3,0.01,N@0.0,0.0,53.6,0.0,0,"Woodinvill (21 Acres), Woodinville, King County",330026,Woodinvill,2019-06-25 19:16:11.411505
2019-05-07,22:30,56.2,56.6,45.2,66.5,0.01,N@0.0,0.0,53.6,0.0,0,"Woodinvill (21 Acres), Woodinville, King County",330026,Woodinvill,2019-06-25 19:16:11.411505
2019-05-07,22:45,53.3,53.8,45.2,73.9,0.02,N@0.0,0.0,53.7,0.0,0,"Woodinvill (21 Acres), Woodinville, King County",330026,Woodinvill,2019-06-25 19:16:11.411505
2019-05-07,23:00,52.8,53.2,45.4,75.7,0.02,N@0.0,0.0,53.7,0.0,0,"Woodinvill (21 Acres), Woodinville, King County",330026,Woodinvill,2019-06-25 19:16:11.411505
2019-05-07,23:15,52.0,52.3,45.8,79.4,0.04,N@0.0,0.0,53.7,0.0,0,"Woodinvill (21 Acres), Woodinville, King County",330026,Woodinvill,2019-06-25 19:16:11.411505
2019-05-07,23:30,50.5,50.8,45.2,81.8,0.08,N@0.0,0.0,53.7,0.0,0,"Woodinvill (21 Acres), Woodinville, King County",330026,Woodinvill,2019-06-25 19:16:11.411505
2019-05-07,23:45,49.9,50.0,45.7,85.4,0.14,N@0.0,0.0,53.7,0.0,0,"Woodinvill (21 Acres), Woodinville, King County",330026,Woodinvill,2019-06-25 19:16:11.411505
2019-05-07,24:00,49.3,49.6,45.6,86.7,0.21,N@0.0,0.0,53.8,0.0,0,"Woodinvill (21 Acres), Woodinville, King County",330026,Woodinvill,2019-06-25 19:16:11.411505
2019-05-08,00:15,48.9,49.2,45.5,87.8,0.3,N@0.0,0.0,53.7,0.0,0,"Woodinvill (21 Acres), Woodinville, King County",330026,Woodinvill,2019-06-25 19:16:11.411505
2019-05-08,00:30,48.0,48.2,44.9,89.0,0.4,N@0.0,0.0,53.7,0.0,0,"Woodinvill (21 Acres), Woodinville, King County",330026,Woodinvill,2019-06-25 19:16:11.411505
2019-05-08,00:45,48.1,48.3,45.5,90.7,0.54,N@0.0,0.0,53.7,0.0,0,"Woodinvill (21 Acres), Woodinville, King County",330026,Woodinvill,2019-06-25 19:16:11.411505
2019-05-08,01:00,48.0,48.4,45.3,90.2,0.62,N@0.0,0.0,53.7,0.0,0,"Woodinvill (21 Acres), Woodinville, King County",330026,Woodinvill,2019-06-25 19:16:11.411505
2019-05-08,01:15,47.3,47.5,44.8,91.0,0.69,N@0.0,0.0,53.7,0.0,0,"Woodinvill (21 Acres), Woodinville, King County",330026,Woodinvill,2019-06-25 19:16:11.411505
2019-05-08,01:30,47.2,47.4,45.0,92.2,0.77,S@0.0,1.4,53.7,0.0,0,"Woodinvill (21 Acres), Woodinville, King County",330026,Woodinvill,2019-06-25 19:16:11.411505
2019-05-08,01:45,47.0,47.3,44.9,92.4,0.82,N@0.0,0.0,53.7,0.0,0,"Woodinvill (21 Acres), Woodinville, King County",330026,Woodinvill,2019-06-25 19:16:11.411505
2019-05-08,02:00,46.7,46.9,44.7,92.8,0.85,N@0.0,0.0,53.6,0.0,0,"Woodinvill (21 Acres), Woodinville, King County",330026,Woodinvill,2019-06-25 19:16:11.411505
2019-05-08,02:15,46.6,46.7,44.7,93.3,0.87,N@0.0,0.0,53.6,0.0,0,"Woodinvill (21 Acres), Woodinville, King County",330026,Woodinvill,2019-06-25 19:16:11.411505
2019-05-08,02:30,46.1,46.3,44.4,93.8,0.89,N@0.0,0.0,53.6,0.0,0,"Woodinvill (21 Acres), Woodinville, King County",330026,Woodinvill,2019-06-25 19:16:11.411505
2019-05-08,02:45,45.8,46.1,44.3,94.3,0.91,N@0.0,0.0,53.6,0.0,0,"Woodinvill (21 Acres), Woodinville, King County",330026,Woodinvill,2019-06-25 19:16:11.411505
2019-05-08,03:00,45.2,45.5,43.8,94.7,0.92,N@0.0,0.0,53.5,0.0,0,"Woodinvill (21 Acres), Woodinville, King County",330026,Woodinvill,2019-06-25 19:16:11.411505
2019-05-08,03:15,45.2,45.4,43.9,95.0,0.92,N@0.0,0.0,53.5,0.0,0,"Woodinvill (21 Acres), Woodinville, King County",330026,Woodinvill,2019-06-25 19:16:11.411505
2019-05-08,03:30,45.1,45.2,43.9,95.4,0.93,N@0.0,0.0,53.5,0.0,0,"Woodinvill (21 Acres), Woodinville, King County",330026,Woodinvill,2019-06-25 19:16:11.411505
2019-05-08,03:45,44.8,45.1,43.7,95.7,0.93,W@0.0,1.4,53.4,0.0,0,"Woodinvill (21 Acres), Woodinville, King County",330026,Woodinvill,2019-06-25 19:16:11.411505
2019-05-08,04:00,44.3,44.6,43.3,96.1,0.94,N@0.2,2.8,53.4,0.0,0,"Woodinvill (21 Acres), Woodinville, King County",330026,Woodinvill,2019-06-25 19:16:11.411505
2019-05-08,04:15,44.4,44.7,43.5,96.4,0.94,N@0.0,0.0,53.4,0.0,0,"Woodinvill (21 Acres), Woodinville, King County",330026,Woodinvill,2019-06-25 19:16:11.411505
2019-05-08,04:30,44.3,44.5,43.4,96.6,0.94,N@0.0,0.0,53.3,0.0,0,"Woodinvill (21 Acres), Woodinville, King County",330026,Woodinvill,2019-06-25 19:16:11.411505
2019-05-08,04:45,44.2,44.5,43.4,96.8,0.94,N@0.0,0.0,53.3,0.0,0,"Woodinvill (21 Acres), Woodinville, King County",330026,Woodinvill,2019-06-25 19:16:11.411505
2019-05-08,05:00,43.1,43.4,42.2,96.8,0.94,N@0.0,0.0,53.3,0.0,0,"Woodinvill (21 Acres), Woodinville, King County",330026,Woodinvill,2019-06-25 19:16:11.411505
2019-05-08,05:15,43.0,43.3,42.2,96.9,0.94,N@0.0,0.0,53.2,0.0,0,"Woodinvill (21 Acres), Woodinville, King County",330026,Woodinvill,2019-06-25 19:16:11.411505
2019-05-08,05:30,42.9,43.1,42.1,97.1,0.94,N@0.2,2.4,53.2,0.0,0,"Woodinvill (21 Acres), Woodinville, King County",330026,Woodinvill,2019-06-25 19:16:11.411505
2019-05-08,05:45,43.1,43.3,42.3,97.2,0.94,N@0.0,0.0,53.1,0.0,3,"Woodinvill (21 Acres), Woodinville, King County",330026,Woodinvill,2019-06-25 19:16:11.411505
2019-05-08,06:00,43.4,43.7,42.7,97.3,0.95,N@0.0,0.0,53.1,0.0,11,"Woodinvill (21 Acres), Woodinville, King County",330026,Woodinvill,2019-06-25 19:16:11.411505
2019-05-08,06:15,43.6,43.9,42.9,97.3,0.95,N@0.0,0.0,53.1,0.0,25,"Woodinvill (21 Acres), Woodinville, King County",330026,Woodinvill,2019-06-25 19:16:11.411505
2019-05-08,06:30,44.1,44.4,43.1,96.5,0.95,N@0.0,0.0,53.0,0.0,36,"Woodinvill (21 Acres), Woodinville, King County",330026,Woodinvill,2019-06-25 19:16:11.411505
2019-05-08,06:45,45.1,45.3,44.1,96.4,0.95,N@0.0,0.0,53.0,0.0,63,"Woodinvill (21 Acres), Woodinville, King County",330026,Woodinvill,2019-06-25 19:16:11.411505
2019-05-08,07:00,47.4,47.5,46.3,95.9,0.99,N@0.0,0.0,52.9,0.0,127,"Woodinvill (21 Acres), Woodinville, King County",330026,Woodinvill,2019-06-25 19:16:11.411505
2019-05-08,07:15,47.6,47.9,46.5,95.8,1.0,N@0.0,0.0,52.9,0.0,162,"Woodinvill (21 Acres), Woodinville, King County",330026,Woodinvill,2019-06-25 19:16:11.411505
2019-05-08,07:30,48.3,48.8,47.2,95.8,0.95,N@0.0,0.0,52.8,0.0,106,"Woodinvill (21 Acres), Woodinville, King County",330026,Woodinvill,2019-06-25 19:16:11.411505
2019-05-08,07:45,49.6,50.4,48.3,95.2,0.94,N@0.0,0.0,52.8,0.0,203,"Woodinvill (21 Acres), Woodinville, King County",330026,Woodinvill,2019-06-25 19:16:11.411505
2019-05-08,08:00,51.2,52.5,49.2,92.9,0.94,N@0.0,0.0,52.7,0.0,222,"Woodinvill (21 Acres), Woodinville, King County",330026,Woodinvill,2019-06-25 19:16:11.411505
2019-05-08,08:15,52.7,53.9,49.3,88.1,0.92,N@0.0,0.0,52.7,0.0,248,"Woodinvill (21 Acres), Woodinville, King County",330026,Woodinvill,2019-06-25 19:16:11.411505
2019-05-08,08:30,54.9,55.7,50.4,84.7,0.87,S@0.0,1.4,52.6,0.0,307,"Woodinvill (21 Acres), Woodinville, King County",330026,Woodinvill,2019-06-25 19:16:11.411505
2019-05-08,08:45,56.5,57.2,49.9,78.4,0.6,N@0.0,0.0,52.6,0.0,226,"Woodinvill (21 Acres), Woodinville, King County",330026,Woodinvill,2019-06-25 19:16:11.411505
2019-05-08,09:00,56.9,57.4,49.7,76.8,0.06,N@0.0,0.0,52.5,0.0,215,"Woodinvill (21 Acres), Woodinville, King County",330026,Woodinvill,2019-06-25 19:16:11.411505
2019-05-08,09:15,57.3,57.7,50.3,77.6,0.0,N@0.0,0.0,52.5,0.0,217,"Woodinvill (21 Acres), Woodinville, King County",330026,Woodinvill,2019-06-25 19:16:11.411505
2019-05-08,09:30,58.2,58.7,51.0,76.9,0.0,SE@1.4,3.5,52.5,0.0,333,"Woodinvill (21 Acres), Woodinville, King County",330026,Woodinvill,2019-06-25 19:16:11.411505
2019-05-08,09:45,60.3,61.0,51.1,71.6,0.0,NE@1.9,4.2,52.4,0.0,569,"Woodinvill (21 Acres), Woodinville, King County",330026,Woodinvill,2019-06-25 19:16:11.411505
2019-05-08,10:00,61.0,61.6,50.6,68.5,0.0,S@0.7,4.2,52.4,0.0,444,"Woodinvill (21 Acres), Woodinville, King County",330026,Woodinvill,2019-06-25 19:16:11.411505
2019-05-08,10:15,61.2,61.7,50.4,67.5,0.0,S@2.8,4.6,52.4,0.0,486,"Woodinvill (21 Acres), Woodinville, King County",330026,Woodinvill,2019-06-25 19:16:11.411505
2019-05-08,10:30,61.4,61.8,49.1,64.0,0.0,N@2.4,5.3,52.3,0.0,416,"Woodinvill (21 Acres), Woodinville, King County",330026,Woodinvill,2019-06-25 19:16:11.411505
2019-05-08,10:45,62.6,63.1,49.0,61.1,0.0,N@2.7,6.4,52.3,0.0,521,"Woodinvill (21 Acres), Woodinville, King County",330026,Woodinvill,2019-06-25 19:16:11.411505
2019-05-08,11:00,63.7,64.1,49.3,59.3,0.0,NW@2.4,4.9,52.3,0.0,546,"Woodinvill (21 Acres), Woodinville, King County",330026,Woodinvill,2019-06-25 19:16:11.411505
2019-05-08,11:15,64.9,65.2,49.7,57.9,0.0,W@3.3,6.4,52.3,0.0,631,"Woodinvill (21 Acres), Woodinville, King County",330026,Woodinvill,2019-06-25 19:16:11.411505
2019-05-08,11:30,64.9,65.4,49.5,57.3,0.0,SW@3.8,6.7,52.3,0.0,609,"Woodinvill (21 Acres), Woodinville, King County",330026,Woodinvill,2019-06-25 19:16:11.411505
2019-05-08,11:45,66.1,66.5,49.8,55.5,0.0,W@3.6,6.4,52.3,0.0,658,"Woodinvill (21 Acres), Woodinville, King County",330026,Woodinvill,2019-06-25 19:16:11.411505
2019-05-08,12:00,66.5,66.9,49.5,54.4,0.0,SW@3.5,6.7,52.3,0.0,779,"Woodinvill (21 Acres), Woodinville, King County",330026,Woodinvill,2019-06-25 19:16:11.411505
2019-05-08,12:15,67.2,67.6,49.1,52.2,0.0,SW@3.6,6.7,52.3,0.0,811,"Woodinvill (21 Acres), Woodinville, King County",330026,Woodinvill,2019-06-25 19:16:11.411505
2019-05-08,12:30,67.7,68.1,49.9,52.8,0.0,SW@4.1,6.7,52.3,0.0,849,"Woodinvill (21 Acres), Woodinville, King County",330026,Woodinvill,2019-06-25 19:16:11.411505
2019-05-08,12:45,68.4,68.8,49.8,51.3,0.0,SW@4.0,7.8,52.3,0.0,851,"Woodinvill (21 Acres), Woodinville, King County",330026,Woodinvill,2019-06-25 19:16:11.411505
2019-05-08,13:00,69.1,69.4,49.2,49.1,0.0,W@3.8,7.1,52.3,0.0,853,"Woodinvill (21 Acres), Woodinville, King County",330026,Woodinvill,2019-06-25 19:16:11.411505
2019-05-08,13:15,69.8,70.1,49.4,48.3,0.0,W@3.5,9.2,52.3,0.0,853,"Woodinvill (21 Acres), Woodinville, King County",330026,Woodinvill,2019-06-25 19:16:11.411505
2019-05-08,13:30,70.1,70.4,50.1,49.0,0.0,W@4.0,7.1,52.3,0.0,849,"Woodinvill (21 Acres), Woodinville, King County",330026,Woodinvill,2019-06-25 19:16:11.411505
2019-05-08,13:45,70.9,71.3,50.3,48.0,0.0,NW@4.4,8.9,52.4,0.0,844,"Woodinvill (21 Acres), Woodinville, King County",330026,Woodinvill,2019-06-25 19:16:11.411505
2019-05-08,14:00,71.6,71.8,50.2,46.7,0.0,W@3.8,7.4,52.4,0.0,834,"Woodinvill (21 Acres), Woodinville, King County",330026,Woodinvill,2019-06-25 19:16:11.411505
2019-05-08,14:15,72.2,72.4,49.6,44.7,0.0,NW@4.5,9.9,52.4,0.0,822,"Woodinvill (21 Acres), Woodinville, King County",330026,Woodinvill,2019-06-25 19:16:11.411505
2019-05-08,14:30,72.8,72.9,48.6,42.3,0.0,NW@4.0,8.9,52.4,0.0,807,"Woodinvill (21 Acres), Woodinville, King County",330026,Woodinvill,2019-06-25 19:16:11.411505
2019-05-08,14:45,72.8,72.9,48.5,42.2,0.0,NW@6.5,14.2,52.5,0.0,789,"Woodinvill (21 Acres), Woodinville, King County",330026,Woodinvill,2019-06-25 19:16:11.411505
2019-05-08,15:00,73.0,73.1,47.2,39.8,0.0,NW@5.1,9.2,52.5,0.0,771,"Woodinvill (21 Acres), Woodinville, King County",330026,Woodinvill,2019-06-25 19:16:11.411505
2019-05-08,15:15,73.5,73.6,47.3,39.4,0.0,NW@5.1,10.3,52.5,0.0,747,"Woodinvill (21 Acres), Woodinville, King County",330026,Woodinvill,2019-06-25 19:16:11.411505
2019-05-08,15:30,74.2,74.4,48.2,39.8,0.0,W@4.5,8.2,52.6,0.0,720,"Woodinvill (21 Acres), Woodinville, King County",330026,Woodinvill,2019-06-25 19:16:11.411505
2019-05-08,15:45,74.2,74.3,47.9,39.2,0.0,N@5.4,9.2,52.6,0.0,692,"Woodinvill (21 Acres), Woodinville, King County",330026,Woodinvill,2019-06-25 19:16:11.411505
2019-05-08,16:00,74.4,74.6,46.9,37.6,0.0,NE@4.3,9.9,52.7,0.0,658,"Woodinvill (21 Acres), Woodinville, King County",330026,Woodinvill,2019-06-25 19:16:11.411505
2019-05-08,16:15,74.6,74.8,47.6,38.3,0.0,N@4.6,9.2,52.7,0.0,625,"Woodinvill (21 Acres), Woodinville, King County",330026,Woodinvill,2019-06-25 19:16:11.411505
2019-05-08,16:30,74.4,74.5,48.2,39.5,0.0,N@5.2,11.4,52.8,0.0,591,"Woodinvill (21 Acres), Woodinville, King County",330026,Woodinvill,2019-06-25 19:16:11.411505
2019-05-08,16:45,74.3,74.4,47.4,38.5,0.0,N@5.6,11.0,52.8,0.0,557,"Woodinvill (21 Acres), Woodinville, King County",330026,Woodinvill,2019-06-25 19:16:11.411505
2019-05-08,17:00,74.6,74.6,47.9,38.8,0.0,N@5.1,7.8,52.9,0.0,524,"Woodinvill (21 Acres), Woodinville, King County",330026,Woodinvill,2019-06-25 19:16:11.411505
2019-05-08,17:15,73.9,74.0,47.9,39.7,0.0,NW@5.7,9.6,52.9,0.0,484,"Woodinvill (21 Acres), Woodinville, King County",330026,Woodinvill,2019-06-25 19:16:11.411505
2019-05-08,17:30,73.6,73.8,46.9,38.6,0.0,N@6.1,10.7,53.0,0.0,444,"Woodinvill (21 Acres), Woodinville, King County",330026,Woodinvill,2019-06-25 19:16:11.411505
2019-05-08,17:45,73.9,74.1,45.5,36.3,0.0,N@5.3,9.6,53.1,0.0,405,"Woodinvill (21 Acres), Woodinville, King County",330026,Woodinvill,2019-06-25 19:16:11.411505
2019-05-08,18:00,73.5,73.6,43.8,34.5,0.0,N@5.7,9.6,53.1,0.0,322,"Woodinvill (21 Acres), Woodinville, King County",330026,Woodinvill,2019-06-25 19:16:11.411505
2019-05-08,18:15,73.1,73.3,42.3,33.0,0.0,NW@5.4,8.9,53.2,0.0,319,"Woodinvill (21 Acres), Woodinville, King County",330026,Woodinvill,2019-06-25 19:16:11.411505
2019-05-08,18:30,73.1,73.6,42.6,33.3,0.0,N@5.3,9.9,53.3,0.0,278,"Woodinvill (21 Acres), Woodinville, King County",330026,Woodinvill,2019-06-25 19:16:11.411505
2019-05-08,18:45,72.4,72.7,42.8,34.4,0.0,N@6.6,10.7,53.3,0.0,232,"Woodinvill (21 Acres), Woodinville, King County",330026,Woodinvill,2019-06-25 19:16:11.411505
2019-05-08,19:00,72.0,72.2,44.3,36.9,0.0,N@5.7,9.6,53.4,0.0,189,"Woodinvill (21 Acres), Woodinville, King County",330026,Woodinvill,2019-06-25 19:16:11.411505
2019-05-08,19:15,71.7,71.8,45.7,39.3,0.0,NW@4.5,9.6,53.4,0.0,150,"Woodinvill (21 Acres), Woodinville, King County",330026,Woodinvill,2019-06-25 19:16:11.411505
2019-05-08,19:30,70.9,71.1,46.5,41.6,0.0,N@4.6,7.8,53.5,0.0,110,"Woodinvill (21 Acres), Woodinville, King County",330026,Woodinvill,2019-06-25 19:16:11.411505
2019-05-08,19:45,69.8,70.0,48.2,46.2,0.0,NW@5.3,10.7,53.6,0.0,83,"Woodinvill (21 Acres), Woodinville, King County",330026,Woodinvill,2019-06-25 19:16:11.411505
2019-05-08,20:00,68.5,68.8,49.2,50.0,0.0,NW@5.6,9.2,53.6,0.0,48,"Woodinvill (21 Acres), Woodinville, King County",330026,Woodinvill,2019-06-25 19:16:11.411505
2019-05-08,20:15,67.2,67.6,49.3,52.6,0.0,N@4.5,7.8,53.7,0.0,24,"Woodinvill (21 Acres), Woodinville, King County",330026,Woodinvill,2019-06-25 19:16:11.411505
2019-05-08,20:30,66.6,67.0,48.7,52.5,0.0,N@5.4,9.6,53.7,0.0,9,"Woodinvill (21 Acres), Woodinville, King County",330026,Woodinvill,2019-06-25 19:16:11.411505
2019-05-08,20:45,65.1,65.6,48.5,54.8,0.0,N@3.4,5.7,53.8,0.0,2,"Woodinvill (21 Acres), Woodinville, King County",330026,Woodinvill,2019-06-25 19:16:11.411505
2019-05-08,21:00,64.1,64.7,47.9,55.6,0.0,N@2.5,6.7,53.9,0.0,0,"Woodinvill (21 Acres), Woodinville, King County",330026,Woodinvill,2019-06-25 19:16:11.411505
2019-05-08,21:15,62.4,62.8,48.0,59.1,0.0,N@0.2,2.4,53.9,0.0,0,"Woodinvill (21 Acres), Woodinville, King County",330026,Woodinvill,2019-06-25 19:16:11.411505
2019-05-08,21:30,59.7,60.0,48.9,67.3,0.01,N@0.0,0.0,53.9,0.0,0,"Woodinvill (21 Acres), Woodinville, King County",330026,Woodinvill,2019-06-25 19:16:11.411505
2019-05-08,21:45,57.4,57.7,49.5,74.8,0.02,N@0.0,0.0,54.0,0.0,0,"Woodinvill (21 Acres), Woodinville, King County",330026,Woodinvill,2019-06-25 19:16:11.411505
2019-05-08,22:00,56.1,56.5,49.4,78.1,0.03,N@0.0,0.0,54.0,0.0,0,"Woodinvill (21 Acres), Woodinville, King County",330026,Woodinvill,2019-06-25 19:16:11.411505
2019-05-08,22:15,55.4,55.8,49.0,79.1,0.03,N@0.0,0.0,54.1,0.0,0,"Woodinvill (21 Acres), Woodinville, King County",330026,Woodinvill,2019-06-25 19:16:11.411505
2019-05-08,22:30,54.6,55.0,49.1,81.5,0.05,N@0.0,0.0,54.1,0.0,0,"Woodinvill (21 Acres), Woodinville, King County",330026,Woodinvill,2019-06-25 19:16:11.411505
2019-05-08,22:45,54.3,54.7,49.1,82.5,0.07,N@0.0,0.0,54.1,0.0,0,"Woodinvill (21 Acres), Woodinville, King County",330026,Woodinvill,2019-06-25 19:16:11.411505
2019-05-08,23:00,53.5,53.8,48.8,84.1,0.12,N@0.0,0.0,54.1,0.0,0,"Woodinvill (21 Acres), Woodinville, King County",330026,Woodinvill,2019-06-25 19:16:11.411505
2019-05-08,23:15,52.9,53.3,48.8,85.6,0.17,N@0.0,0.0,54.2,0.0,0,"Woodinvill (21 Acres), Woodinville, King County",330026,Woodinvill,2019-06-25 19:16:11.411505
2019-05-08,23:30,52.3,52.7,48.3,86.0,0.24,N@0.0,0.0,54.2,0.0,0,"Woodinvill (21 Acres), Woodinville, King County",330026,Woodinvill,2019-06-25 19:16:11.411505
2019-05-08,23:45,51.8,52.3,47.8,86.1,0.31,N@0.0,0.0,54.2,0.0,0,"Woodinvill (21 Acres), Woodinville, King County",330026,Woodinvill,2019-06-25 19:16:11.411505
2019-05-08,24:00,51.1,51.4,47.2,86.4,0.38,N@0.0,0.0,54.2,0.0,0,"Woodinvill (21 Acres), Woodinville, King County",330026,Woodinvill,2019-06-25 19:16:11.411505
2019-05-09,00:15,50.5,50.7,47.2,88.3,0.49,N@0.0,0.0,54.2,0.0,0,"Woodinvill (21 Acres), Woodinville, King County",330026,Woodinvill,2019-06-25 19:16:11.411505
2019-05-09,00:30,49.9,50.2,47.0,89.4,0.58,N@0.0,0.0,54.2,0.0,0,"Woodinvill (21 Acres), Woodinville, King County",330026,Woodinvill,2019-06-25 19:16:11.411505
2019-05-09,00:45,50.3,50.8,47.1,88.7,0.65,N@0.0,0.0,54.2,0.0,0,"Woodinvill (21 Acres), Woodinville, King County",330026,Woodinvill,2019-06-25 19:16:11.411505
2019-05-09,01:00,49.6,49.9,46.5,88.9,0.69,N@0.0,0.0,54.2,0.0,0,"Woodinvill (21 Acres), Woodinville, King County",330026,Woodinvill,2019-06-25 19:16:11.411505
2019-05-09,01:15,48.9,49.2,46.5,91.1,0.76,N@0.0,0.0,54.2,0.0,0,"Woodinvill (21 Acres), Woodinville, King County",330026,Woodinvill,2019-06-25 19:16:11.411505
2019-05-09,01:30,48.7,49.0,46.4,91.6,0.8,N@0.0,0.0,54.2,0.0,0,"Woodinvill (21 Acres), Woodinville, King County",330026,Woodinvill,2019-06-25 19:16:11.411505
2019-05-09,01:45,48.6,49.0,46.5,92.4,0.84,N@0.0,0.0,54.2,0.0,0,"Woodinvill (21 Acres), Woodinville, King County",330026,Woodinvill,2019-06-25 19:16:11.411505
2019-05-09,02:00,48.9,49.3,46.7,92.2,0.86,N@0.0,0.0,54.2,0.0,0,"Woodinvill (21 Acres), Woodinville, King County",330026,Woodinvill,2019-06-25 19:16:11.411505
2019-05-09,02:15,48.2,48.5,46.2,92.6,0.88,N@0.0,0.0,54.1,0.0,0,"Woodinvill (21 Acres), Woodinville, King County",330026,Woodinvill,2019-06-25 19:16:11.411505
2019-05-09,02:30,49.3,49.8,47.0,91.7,0.9,NE@2.5,4.6,54.1,0.0,0,"Woodinvill (21 Acres), Woodinville, King County",330026,Woodinvill,2019-06-25 19:16:11.411505
2019-05-09,02:45,50.1,50.6,46.5,87.4,0.9,NE@0.2,2.4,54.1,0.0,0,"Woodinvill (21 Acres), Woodinville, King County",330026,Woodinvill,2019-06-25 19:16:11.411505
2019-05-09,03:00,48.6,48.9,45.6,89.3,0.9,N@0.0,0.0,54.1,0.0,0,"Woodinvill (21 Acres), Woodinville, King County",330026,Woodinvill,2019-06-25 19:16:11.411505
2019-05-09,03:15,47.7,48.0,45.4,91.6,0.91,N@0.3,2.1,54.0,0.0,0,"Woodinvill (21 Acres), Woodinville, King County",330026,Woodinvill,2019-06-25 19:16:11.411505
2019-05-09,03:30,47.2,47.5,45.2,92.6,0.92,N@0.0,0.0,54.0,0.0,0,"Woodinvill (21 Acres), Woodinville, King County",330026,Woodinvill,2019-06-25 19:16:11.411505
2019-05-09,03:45,46.6,46.9,44.8,93.2,0.92,N@0.0,0.0,54.0,0.0,0,"Woodinvill (21 Acres), Woodinville, King County",330026,Woodinvill,2019-06-25 19:16:11.411505
2019-05-09,04:00,46.7,46.9,45.1,94.1,0.93,NW@0.0,1.4,53.9,0.0,0,"Woodinvill (21 Acres), Woodinville, King County",330026,Woodinvill,2019-06-25 19:16:11.411505
2019-05-09,04:15,46.0,46.3,44.6,94.8,0.93,NW@0.3,2.1,53.9,0.0,0,"Woodinvill (21 Acres), Woodinville, King County",330026,Woodinvill,2019-06-25 19:16:11.411505
2019-05-09,04:30,45.6,45.8,44.3,95.2,0.94,N@0.0,0.0,53.9,0.0,0,"Woodinvill (21 Acres), Woodinville, King County",330026,Woodinvill,2019-06-25 19:16:11.411505
2019-05-09,04:45,45.5,45.7,44.3,95.5,0.94,N@0.0,0.0,53.8,0.0,0,"Woodinvill (21 Acres), Woodinville, King County",330026,Woodinvill,2019-06-25 19:16:11.411505
2019-05-09,05:00,45.4,45.7,44.4,96.1,0.94,N@0.0,0.0,53.8,0.0,0,"Woodinvill (21 Acres), Woodinville, King County",330026,Woodinvill,2019-06-25 19:16:11.411505
2019-05-09,05:15,45.1,45.3,44.1,96.5,0.94,N@0.0,0.0,53.8,0.0,0,"Woodinvill (21 Acres), Woodinville, King County",330026,Woodinvill,2019-06-25 19:16:11.411505
2019-05-09,05:30,45.0,45.3,44.2,96.7,0.94,N@0.0,0.0,53.7,0.0,0,"Woodinvill (21 Acres), Woodinville, King County",330026,Woodinvill,2019-06-25 19:16:11.411505
2019-05-09,05:45,44.6,44.9,43.8,96.9,0.94,N@0.0,0.0,53.7,0.0,4,"Woodinvill (21 Acres), Woodinville, King County",330026,Woodinvill,2019-06-25 19:16:11.411505
2019-05-09,06:00,43.8,44.1,43.1,97.0,0.95,S@0.1,1.7,53.7,0.0,10,"Woodinvill (21 Acres), Woodinville, King County",330026,Woodinvill,2019-06-25 19:16:11.411505
2019-05-09,06:15,43.9,44.2,43.2,97.2,0.95,N@0.0,0.0,53.6,0.0,17,"Woodinvill (21 Acres), Woodinville, King County",330026,Woodinvill,2019-06-25 19:16:11.411505
2019-05-09,06:30,44.4,44.6,43.7,97.3,0.95,N@0.0,0.0,53.6,0.0,21,"Woodinvill (21 Acres), Woodinville, King County",330026,Woodinvill,2019-06-25 19:16:11.411505
2019-05-09,06:45,44.9,45.1,44.2,97.4,0.95,N@0.0,0.0,53.5,0.0,59,"Woodinvill (21 Acres), Woodinville, King County",330026,Woodinvill,2019-06-25 19:16:11.411505
2019-05-09,07:00,47.5,47.7,46.8,97.2,1.0,N@0.0,0.0,53.5,0.0,160,"Woodinvill (21 Acres), Woodinville, King County",330026,Woodinvill,2019-06-25 19:16:11.411505
2019-05-09,07:15,48.9,49.2,48.0,96.8,0.96,S@0.0,1.4,53.4,0.0,198,"Woodinvill (21 Acres), Woodinville, King County",330026,Woodinvill,2019-06-25 19:16:11.411505
2019-05-09,07:30,51.3,52.1,50.2,95.9,0.94,E@0.4,2.8,53.4,0.0,236,"Woodinvill (21 Acres), Woodinville, King County",330026,Woodinvill,2019-06-25 19:16:11.411505
2019-05-09,07:45,53.4,55.0,50.8,90.9,0.92,SE@0.3,2.4,53.4,0.0,276,"Woodinvill (21 Acres), Woodinville, King County",330026,Woodinvill,2019-06-25 19:16:11.411505
2019-05-09,08:00,56.4,57.7,51.0,81.9,0.87,SE@0.6,2.4,53.3,0.0,313,"Woodinvill (21 Acres), Woodinville, King County",330026,Woodinvill,2019-06-25 19:16:11.411505
2019-05-09,08:15,59.5,60.5,50.4,71.9,0.48,E@1.0,2.8,53.2,0.0,354,"Woodinvill (21 Acres), Woodinville, King County",330026,Woodinvill,2019-06-25 19:16:11.411505
2019-05-09,08:30,62.0,62.8,50.4,65.5,0.01,NE@0.3,2.1,53.2,0.0,397,"Woodinvill (21 Acres), Woodinville, King County",330026,Woodinvill,2019-06-25 19:16:11.411505
2019-05-09,08:45,62.8,63.5,50.7,64.4,0.0,N@2.0,5.7,53.1,0.0,441,"Woodinvill (21 Acres), Woodinville, King County",330026,Woodinvill,2019-06-25 19:16:11.411505
2019-05-09,09:00,63.4,64.0,50.7,63.0,0.0,NW@3.3,6.0,53.1,0.0,483,"Woodinvill (21 Acres), Woodinville, King County",330026,Woodinvill,2019-06-25 19:16:11.411505
2019-05-09,09:15,64.7,65.0,49.3,57.2,0.0,N@4.4,7.8,53.1,0.0,525,"Woodinvill (21 Acres), Woodinville, King County",330026,Woodinvill,2019-06-25 19:16:11.411505
2019-05-09,09:30,66.1,66.4,48.5,53.0,0.0,N@4.4,7.1,53.0,0.0,562,"Woodinvill (21 Acres), Woodinville, King County",330026,Woodinvill,2019-06-25 19:16:11.411505
2019-05-09,09:45,67.0,67.2,48.2,50.9,0.0,N@4.4,7.1,53.0,0.0,595,"Woodinvill (21 Acres), Woodinville, King County",330026,Woodinvill,2019-06-25 19:16:11.411505
2019-05-09,10:00,68.3,68.6,47.8,47.9,0.0,NE@4.1,7.1,53.0,0.0,621,"Woodinvill (21 Acres), Woodinville, King County",330026,Woodinvill,2019-06-25 19:16:11.411505
2019-05-09,10:15,69.8,70.2,48.9,47.4,0.0,N@3.0,6.7,52.9,0.0,660,"Woodinvill (21 Acres), Woodinville, King County",330026,Woodinvill,2019-06-25 19:16:11.411505
2019-05-09,10:30,71.5,71.8,51.7,49.6,0.0,NW@3.0,5.7,52.9,0.0,692,"Woodinvill (21 Acres), Woodinville, King County",330026,Woodinvill,2019-06-25 19:16:11.411505
2019-05-09,10:45,72.6,72.9,52.0,48.2,0.0,NW@3.0,6.0,52.9,0.0,721,"Woodinvill (21 Acres), Woodinville, King County",330026,Woodinvill,2019-06-25 19:16:11.411505
2019-05-09,11:00,73.6,73.8,51.1,45.2,0.0,NW@3.9,6.7,52.9,0.0,758,"Woodinvill (21 Acres), Woodinville, King County",330026,Woodinvill,2019-06-25 19:16:11.411505
2019-05-09,11:15,74.2,74.4,49.0,40.9,0.0,NW@4.3,7.1,52.8,0.0,781,"Woodinvill (21 Acres), Woodinville, King County",330026,Woodinvill,2019-06-25 19:16:11.411505
2019-05-09,11:30,75.4,75.7,48.0,37.8,0.0,W@4.0,7.1,52.8,0.0,786,"Woodinvill (21 Acres), Woodinville, King County",330026,Woodinvill,2019-06-25 19:16:11.411505
2019-05-09,11:45,76.3,76.6,47.5,36.1,0.0,NW@3.6,6.0,52.8,0.0,806,"Woodinvill (21 Acres), Woodinville, King County",330026,Woodinvill,2019-06-25 19:16:11.411505
2019-05-09,12:00,77.0,77.2,43.9,30.8,0.0,W@4.4,7.4,52.8,0.0,819,"Woodinvill (21 Acres), Woodinville, King County",330026,Woodinvill,2019-06-25 19:16:11.411505
2019-05-09,12:15,77.9,78.2,44.3,30.4,0.0,W@4.1,7.1,52.9,0.0,845,"Woodinvill (21 Acres), Woodinville, King County",330026,Woodinvill,2019-06-25 19:16:11.411505
2019-05-09,12:30,78.6,78.8,42.9,28.1,0.0,W@3.5,6.7,52.9,0.0,824,"Woodinvill (21 Acres), Woodinville, King County",330026,Woodinvill,2019-06-25 19:16:11.411505
2019-05-09,12:45,79.1,79.4,45.7,30.8,0.0,W@3.3,5.7,52.9,0.0,833,"Woodinvill (21 Acres), Woodinville, King County",330026,Woodinvill,2019-06-25 19:16:11.411505
2019-05-09,13:00,79.0,79.2,47.1,32.5,0.0,W@5.1,8.9,52.9,0.0,867,"Woodinvill (21 Acres), Woodinville, King County",330026,Woodinvill,2019-06-25 19:16:11.411505
2019-05-09,13:15,79.0,79.2,46.7,32.1,0.0,W@4.9,9.6,52.9,0.0,804,"Woodinvill (21 Acres), Woodinville, King County",330026,Woodinvill,2019-06-25 19:16:11.411505
2019-05-09,13:30,79.2,79.4,44.5,29.3,0.0,NW@5.3,9.2,52.9,0.0,858,"Woodinvill (21 Acres), Woodinville, King County",330026,Woodinvill,2019-06-25 19:16:11.411505
2019-05-09,13:45,79.3,79.4,45.8,30.7,0.0,NW@5.4,9.9,53.0,0.0,886,"Woodinvill (21 Acres), Woodinville, King County",330026,Woodinvill,2019-06-25 19:16:11.411505
2019-05-09,14:00,78.3,78.3,45.3,31.2,0.0,NW@6.4,12.4,53.0,0.0,795,"Woodinvill (21 Acres), Woodinville, King County",330026,Woodinvill,2019-06-25 19:16:11.411505
2019-05-09,14:15,79.0,79.1,46.4,31.7,0.0,NW@5.8,10.3,53.0,0.0,820,"Woodinvill (21 Acres), Woodinville, King County",330026,Woodinvill,2019-06-25 19:16:11.411505
2019-05-09,14:30,79.4,79.5,47.9,33.0,0.0,NW@6.5,11.4,53.1,0.0,838,"Woodinvill (21 Acres), Woodinville, King County",330026,Woodinvill,2019-06-25 19:16:11.411505
2019-05-09,14:45,79.7,79.8,46.9,31.5,0.0,NW@5.9,10.7,53.1,0.0,775,"Woodinvill (21 Acres), Woodinville, King County",330026,Woodinvill,2019-06-25 19:16:11.411505
2019-05-09,15:00,79.5,79.5,44.8,29.4,0.0,N@7.7,12.1,53.1,0.0,706,"Woodinvill (21 Acres), Woodinville, King County",330026,Woodinvill,2019-06-25 19:16:11.411505
2019-05-09,15:15,79.1,79.2,43.3,28.0,0.0,NW@7.3,12.4,53.2,0.0,635,"Woodinvill (21 Acres), Woodinville, King County",330026,Woodinvill,2019-06-25 19:16:11.411505
2019-05-09,15:30,79.5,79.5,43.4,27.8,0.0,NW@7.0,12.1,53.2,0.0,652,"Woodinvill (21 Acres), Woodinville, King County",330026,Woodinvill,2019-06-25 19:16:11.411505
2019-05-09,15:45,79.2,79.3,42.9,27.6,0.0,N@8.3,13.9,53.3,0.0,638,"Woodinvill (21 Acres), Woodinville, King County",330026,Woodinvill,2019-06-25 19:16:11.411505
2019-05-09,16:00,79.3,79.4,43.5,28.2,0.0,NW@7.3,12.4,53.3,0.0,633,"Woodinvill (21 Acres), Woodinville, King County",330026,Woodinvill,2019-06-25 19:16:11.411505
2019-05-09,16:15,80.3,80.4,43.6,27.2,0.0,NW@5.8,10.3,53.4,0.0,658,"Woodinvill (21 Acres), Woodinville, King County",330026,Woodinvill,2019-06-25 19:16:11.411505
2019-05-09,16:30,80.1,80.3,39.1,23.0,0.0,N@7.2,12.8,53.4,0.0,598,"Woodinvill (21 Acres), Woodinville, King County",330026,Woodinvill,2019-06-25 19:16:11.411505
2019-05-09,16:45,79.9,80.1,37.1,21.5,0.0,N@7.2,12.1,53.5,0.0,512,"Woodinvill (21 Acres), Woodinville, King County",330026,Woodinvill,2019-06-25 19:16:11.411505
2019-05-09,17:00,79.7,79.8,36.7,21.3,0.0,N@6.8,13.5,53.6,0.0,473,"Woodinvill (21 Acres), Woodinville, King County",330026,Woodinvill,2019-06-25 19:16:11.411505
2019-05-09,17:15,79.3,79.5,36.7,21.6,0.0,N@7.5,12.4,53.6,0.0,461,"Woodinvill (21 Acres), Woodinville, King County",330026,Woodinvill,2019-06-25 19:16:11.411505
2019-05-09,17:30,79.0,79.2,35.7,20.9,0.0,N@8.4,14.6,53.7,0.0,425,"Woodinvill (21 Acres), Woodinville, King County",330026,Woodinvill,2019-06-25 19:16:11.411505
2019-05-09,17:45,79.3,79.4,37.9,22.6,0.0,N@6.3,11.4,53.8,0.0,407,"Woodinvill (21 Acres), Woodinville, King County",330026,Woodinvill,2019-06-25 19:16:11.411505
2019-05-09,18:00,79.4,79.7,38.4,23.0,0.0,N@6.2,10.7,53.8,0.0,364,"Woodinvill (21 Acres), Woodinville, King County",330026,Woodinvill,2019-06-25 19:16:11.411505
2019-05-09,18:15,79.3,79.6,37.9,22.6,0.0,N@6.2,11.4,53.9,0.0,320,"Woodinvill (21 Acres), Woodinville, King County",330026,Woodinvill,2019-06-25 19:16:11.411505
2019-05-09,18:30,79.2,79.6,39.3,23.9,0.0,N@5.0,8.5,53.9,0.0,277,"Woodinvill (21 Acres), Woodinville, King County",330026,Woodinvill,2019-06-25 19:16:11.411505
2019-05-09,18:45,79.2,79.5,40.2,24.8,0.0,N@4.7,8.5,54.0,0.0,236,"Woodinvill (21 Acres), Woodinville, King County",330026,Woodinvill,2019-06-25 19:16:11.411505
2019-05-09,19:00,79.2,79.3,41.0,25.6,0.0,N@3.9,6.7,54.0,0.0,197,"Woodinvill (21 Acres), Woodinville, King County",330026,Woodinvill,2019-06-25 19:16:11.411505
2019-05-09,19:15,79.2,79.1,41.1,25.8,0.0,NW@3.2,6.0,54.1,0.0,158,"Woodinvill (21 Acres), Woodinville, King County",330026,Woodinvill,2019-06-25 19:16:11.411505
2019-05-09,19:30,77.8,77.8,41.6,27.4,0.0,N@3.9,6.4,54.2,0.0,120,"Woodinvill (21 Acres), Woodinville, King County",330026,Woodinvill,2019-06-25 19:16:11.411505
2019-05-09,19:45,76.6,76.7,41.2,28.1,0.0,NW@3.4,6.0,54.2,0.0,86,"Woodinvill (21 Acres), Woodinville, King County",330026,Woodinvill,2019-06-25 19:16:11.411505
2019-05-09,20:00,74.8,75.1,41.1,29.7,0.0,NW@4.7,9.2,54.3,0.0,42,"Woodinvill (21 Acres), Woodinville, King County",330026,Woodinvill,2019-06-25 19:16:11.411505
2019-05-09,20:15,72.9,73.3,41.8,32.6,0.0,N@4.0,8.2,54.3,0.0,17,"Woodinvill (21 Acres), Woodinville, King County",330026,Woodinvill,2019-06-25 19:16:11.411505
2019-05-09,20:30,71.9,72.3,42.0,33.9,0.0,N@3.4,6.0,54.4,0.0,9,"Woodinvill (21 Acres), Woodinville, King County",330026,Woodinvill,2019-06-25 19:16:11.411505
2019-05-09,20:45,69.1,69.5,42.2,37.6,0.0,NW@2.4,4.6,54.4,0.0,4,"Woodinvill (21 Acres), Woodinville, King County",330026,Woodinvill,2019-06-25 19:16:11.411505
2019-05-09,21:00,66.8,67.3,42.5,41.1,0.0,NW@0.8,4.6,54.5,0.0,1,"Woodinvill (21 Acres), Woodinville, King County",330026,Woodinvill,2019-06-25 19:16:11.411505
2019-05-09,21:15,63.5,63.9,43.5,48.1,0.0,N@0.0,0.0,54.5,0.0,0,"Woodinvill (21 Acres), Woodinville, King County",330026,Woodinvill,2019-06-25 19:16:11.411505
2019-05-09,21:30,61.0,61.4,44.1,53.7,0.0,N@0.0,0.0,54.6,0.0,0,"Woodinvill (21 Acres), Woodinville, King County",330026,Woodinvill,2019-06-25 19:16:11.411505
2019-05-09,21:45,59.8,60.2,44.7,57.5,0.0,N@0.0,0.0,54.6,0.0,0,"Woodinvill (21 Acres), Woodinville, King County",330026,Woodinvill,2019-06-25 19:16:11.411505
2019-05-09,22:00,58.3,58.7,45.6,62.7,0.01,N@0.0,0.0,54.6,0.0,0,"Woodinvill (21 Acres), Woodinville, King County",330026,Woodinvill,2019-06-25 19:16:11.411505
2019-05-09,22:15,56.8,57.0,45.8,66.5,0.01,N@0.0,0.0,54.7,0.0,0,"Woodinvill (21 Acres), Woodinville, King County",330026,Woodinvill,2019-06-25 19:16:11.411505
2019-05-09,22:30,55.8,56.0,45.6,68.7,0.01,N@0.0,0.0,54.7,0.0,0,"Woodinvill (21 Acres), Woodinville, King County",330026,Woodinvill,2019-06-25 19:16:11.411505
2019-05-09,22:45,54.1,54.4,45.9,73.7,0.02,N@0.0,0.0,54.7,0.0,0,"Woodinvill (21 Acres), Woodinville, King County",330026,Woodinvill,2019-06-25 19:16:11.411505
2019-05-09,23:00,53.7,54.0,46.2,75.6,0.03,N@0.0,0.0,54.8,0.0,0,"Woodinvill (21 Acres), Woodinville, King County",330026,Woodinvill,2019-06-25 19:16:11.411505
2019-05-09,23:15,53.4,53.8,46.4,76.9,0.04,N@0.0,0.0,54.8,0.0,0,"Woodinvill (21 Acres), Woodinville, King County",330026,Woodinvill,2019-06-25 19:16:11.411505
2019-05-09,23:30,52.5,52.9,46.1,78.7,0.06,N@0.0,0.0,54.8,0.0,0,"Woodinvill (21 Acres), Woodinville, King County",330026,Woodinvill,2019-06-25 19:16:11.411505
2019-05-09,23:45,51.6,51.8,46.3,82.1,0.11,N@0.0,0.0,54.8,0.0,0,"Woodinvill (21 Acres), Woodinville, King County",330026,Woodinvill,2019-06-25 19:16:11.411505
2019-05-09,24:00,50.7,51.0,46.2,84.3,0.17,N@0.0,0.0,54.8,0.0,0,"Woodinvill (21 Acres), Woodinville, King County",330026,Woodinvill,2019-06-25 19:16:11.411505
2019-05-10,00:15,50.8,51.2,46.1,83.7,0.25,N@0.0,0.0,54.8,0.0,0,"Woodinvill (21 Acres), Woodinville, King County",330026,Woodinvill,2019-06-25 19:16:11.411505
2019-05-10,00:30,50.6,50.9,46.2,85.0,0.34,N@0.0,0.0,54.8,0.0,0,"Woodinvill (21 Acres), Woodinville, King County",330026,Woodinvill,2019-06-25 19:16:11.411505
2019-05-10,00:45,49.7,50.0,45.8,86.1,0.43,N@0.0,0.0,54.8,0.0,0,"Woodinvill (21 Acres), Woodinville, King County",330026,Woodinvill,2019-06-25 19:16:11.411505
2019-05-10,01:00,49.5,49.8,45.7,86.6,0.54,N@0.0,0.0,54.8,0.0,0,"Woodinvill (21 Acres), Woodinville, King County",330026,Woodinvill,2019-06-25 19:16:11.411505
2019-05-10,01:15,49.0,49.3,45.6,87.8,0.62,N@0.0,0.0,54.8,0.0,0,"Woodinvill (21 Acres), Woodinville, King County",330026,Woodinvill,2019-06-25 19:16:11.411505
2019-05-10,01:30,49.0,49.3,45.9,89.1,0.69,E@0.7,3.1,54.7,0.0,0,"Woodinvill (21 Acres), Woodinville, King County",330026,Woodinvill,2019-06-25 19:16:11.411505
2019-05-10,01:45,48.7,49.1,45.3,88.1,0.74,N@0.0,0.0,54.7,0.0,0,"Woodinvill (21 Acres), Woodinville, King County",330026,Woodinvill,2019-06-25 19:16:11.411505
2019-05-10,02:00,48.3,48.6,45.4,89.7,0.78,N@0.0,0.0,54.7,0.0,0,"Woodinvill (21 Acres), Woodinville, King County",330026,Woodinvill,2019-06-25 19:16:11.411505
2019-05-10,02:15,47.4,47.6,44.9,90.9,0.82,N@0.0,0.0,54.6,0.0,0,"Woodinvill (21 Acres), Woodinville, King County",330026,Woodinvill,2019-06-25 19:16:11.411505
2019-05-10,02:30,47.4,47.6,45.4,92.4,0.87,N@0.0,0.0,54.6,0.0,0,"Woodinvill (21 Acres), Woodinville, King County",330026,Woodinvill,2019-06-25 19:16:11.411505
2019-05-10,02:45,47.1,47.4,45.2,93.1,0.89,N@0.0,0.0,54.6,0.0,0,"Woodinvill (21 Acres), Woodinville, King County",330026,Woodinvill,2019-06-25 19:16:11.411505
2019-05-10,03:00,46.9,47.1,45.1,93.6,0.91,N@0.0,0.0,54.6,0.0,0,"Woodinvill (21 Acres), Woodinville, King County",330026,Woodinvill,2019-06-25 19:16:11.411505
2019-05-10,03:15,46.1,46.3,44.4,94.0,0.92,N@0.0,0.0,54.5,0.0,0,"Woodinvill (21 Acres), Woodinville, King County",330026,Woodinvill,2019-06-25 19:16:11.411505
2019-05-10,03:30,46.2,46.3,44.8,94.7,0.93,N@0.0,0.0,54.5,0.0,0,"Woodinvill (21 Acres), Woodinville, King County",330026,Woodinvill,2019-06-25 19:16:11.411505
2019-05-10,03:45,45.8,46.1,44.4,94.9,0.93,N@0.0,0.0,54.4,0.0,0,"Woodinvill (21 Acres), Woodinville, King County",330026,Woodinvill,2019-06-25 19:16:11.411505
2019-05-10,04:00,45.2,45.4,43.9,95.2,0.94,N@0.0,0.0,54.4,0.0,0,"Woodinvill (21 Acres), Woodinville, King County",330026,Woodinvill,2019-06-25 19:16:11.411505
2019-05-10,04:15,44.8,45.0,43.6,95.6,0.94,N@0.0,0.0,54.4,0.0,0,"Woodinvill (21 Acres), Woodinville, King County",330026,Woodinvill,2019-06-25 19:16:11.411505
2019-05-10,04:30,45.1,45.4,44.1,96.0,0.94,N@0.0,0.0,54.3,0.0,0,"Woodinvill (21 Acres), Woodinville, King County",330026,Woodinvill,2019-06-25 19:16:11.411505
2019-05-10,04:45,44.4,44.7,43.4,96.2,0.94,N@0.0,0.0,54.3,0.0,0,"Woodinvill (21 Acres), Woodinville, King County",330026,Woodinvill,2019-06-25 19:16:11.411505
2019-05-10,05:00,44.6,44.9,43.7,96.5,0.94,N@0.0,0.0,54.2,0.0,0,"Woodinvill (21 Acres), Woodinville, King County",330026,Woodinvill,2019-06-25 19:16:11.411505
2019-05-10,05:15,44.2,44.4,43.3,96.6,0.94,N@0.0,0.0,54.2,0.0,0,"Woodinvill (21 Acres), Woodinville, King County",330026,Woodinvill,2019-06-25 19:16:11.411505
2019-05-10,05:30,43.8,44.1,43.0,96.9,0.95,N@0.0,0.0,54.1,0.0,0,"Woodinvill (21 Acres), Woodinville, King County",330026,Woodinvill,2019-06-25 19:16:11.411505
2019-05-10,05:45,44.1,44.4,43.3,97.1,0.95,N@0.0,0.0,54.1,0.0,5,"Woodinvill (21 Acres), Woodinville, King County",330026,Woodinvill,2019-06-25 19:16:11.411505
2019-05-10,06:00,44.1,44.4,43.4,97.2,0.95,N@0.0,0.0,54.0,0.0,12,"Woodinvill (21 Acres), Woodinville, King County",330026,Woodinvill,2019-06-25 19:16:11.411505
2019-05-10,06:15,44.4,44.7,43.7,97.3,0.95,N@0.0,0.0,54.0,0.0,18,"Woodinvill (21 Acres), Woodinville, King County",330026,Woodinvill,2019-06-25 19:16:11.411505
2019-05-10,06:30,44.5,44.7,43.8,97.3,0.95,N@0.0,0.0,53.9,0.0,23,"Woodinvill (21 Acres), Woodinville, King County",330026,Woodinvill,2019-06-25 19:16:11.411505
2019-05-10,06:45,45.1,45.3,44.4,97.5,0.97,N@0.0,0.0,53.9,0.0,71,"Woodinvill (21 Acres), Woodinville, King County",330026,Woodinvill,2019-06-25 19:16:11.411505
2019-05-10,07:00,48.4,48.2,47.7,97.2,1.0,N@0.0,0.0,53.8,0.0,159,"Woodinvill (21 Acres), Woodinville, King County",330026,Woodinvill,2019-06-25 19:16:11.411505
2019-05-10,07:15,48.8,49.2,47.9,96.7,1.0,N@0.0,0.0,53.8,0.0,194,"Woodinvill (21 Acres), Woodinville, King County",330026,Woodinvill,2019-06-25 19:16:11.411505
2019-05-10,07:30,50.0,50.9,48.9,95.9,0.95,N@0.0,0.0,53.7,0.0,228,"Woodinvill (21 Acres), Woodinville, King County",330026,Woodinvill,2019-06-25 19:16:11.411505
2019-05-10,07:45,51.6,53.3,49.5,92.7,0.94,N@0.0,0.0,53.7,0.0,268,"Woodinvill (21 Acres), Woodinville, King County",330026,Woodinvill,2019-06-25 19:16:11.411505
2019-05-10,08:00,53.8,55.2,49.1,84.2,0.91,N@0.0,0.0,53.6,0.0,309,"Woodinvill (21 Acres), Woodinville, King County",330026,Woodinvill,2019-06-25 19:16:11.411505
2019-05-10,08:15,56.8,58.0,49.2,75.6,0.79,N@0.0,0.0,53.5,0.0,352,"Woodinvill (21 Acres), Woodinville, King County",330026,Woodinvill,2019-06-25 19:16:11.411505
2019-05-10,08:30,60.0,60.9,49.1,67.1,0.13,SE@0.0,1.4,53.5,0.0,397,"Woodinvill (21 Acres), Woodinville, King County",330026,Woodinvill,2019-06-25 19:16:11.411505
2019-05-10,08:45,62.0,62.8,49.4,63.4,0.0,E@0.0,1.4,53.4,0.0,441,"Woodinvill (21 Acres), Woodinville, King County",330026,Woodinvill,2019-06-25 19:16:11.411505
2019-05-10,09:00,64.2,65.1,49.7,59.2,0.0,N@0.0,0.0,53.4,0.0,482,"Woodinvill (21 Acres), Woodinville, King County",330026,Woodinvill,2019-06-25 19:16:11.411505
2019-05-10,09:15,66.8,67.6,49.2,53.0,0.0,E@1.1,4.2,53.3,0.0,523,"Woodinvill (21 Acres), Woodinville, King County",330026,Woodinvill,2019-06-25 19:16:11.411505
2019-05-10,09:30,68.6,69.3,47.0,46.0,0.0,S@0.0,2.1,53.3,0.0,563,"Woodinvill (21 Acres), Woodinville, King County",330026,Woodinvill,2019-06-25 19:16:11.411505
2019-05-10,09:45,69.6,70.4,47.1,44.5,0.0,SE@1.8,3.5,53.2,0.0,601,"Woodinvill (21 Acres), Woodinville, King County",330026,Woodinvill,2019-06-25 19:16:11.411505
2019-05-10,10:00,69.8,70.4,46.9,44.0,0.0,SE@1.4,3.5,53.2,0.0,636,"Woodinvill (21 Acres), Woodinville, King County",330026,Woodinvill,2019-06-25 19:16:11.411505
2019-05-10,10:15,70.7,71.2,48.1,44.6,0.0,E@0.4,4.6,53.2,0.0,668,"Woodinvill (21 Acres), Woodinville, King County",330026,Woodinvill,2019-06-25 19:16:11.411505
2019-05-10,10:30,71.0,71.4,47.8,43.5,0.0,E@3.1,4.9,53.1,0.0,698,"Woodinvill (21 Acres), Woodinville, King County",330026,Woodinvill,2019-06-25 19:16:11.411505
2019-05-10,10:45,72.6,73.1,48.6,42.7,0.0,NE@2.4,4.2,53.1,0.0,729,"Woodinvill (21 Acres), Woodinville, King County",330026,Woodinvill,2019-06-25 19:16:11.411505
2019-05-10,11:00,73.5,73.8,47.2,39.2,0.0,N@2.7,5.3,53.1,0.0,754,"Woodinvill (21 Acres), Woodinville, King County",330026,Woodinvill,2019-06-25 19:16:11.411505
2019-05-10,11:15,74.5,74.6,47.6,38.6,0.0,NE@2.9,6.4,53.1,0.0,779,"Woodinvill (21 Acres), Woodinville, King County",330026,Woodinvill,2019-06-25 19:16:11.411505
2019-05-10,11:30,75.7,76.1,48.8,38.7,0.0,E@1.9,3.9,53.1,0.0,784,"Woodinvill (21 Acres), Woodinville, King County",330026,Woodinvill,2019-06-25 19:16:11.411505
2019-05-10,11:45,76.7,77.0,48.5,36.9,0.0,SW@2.9,5.7,53.1,0.0,816,"Woodinvill (21 Acres), Woodinville, King County",330026,Woodinvill,2019-06-25 19:16:11.411505
2019-05-10,12:00,76.9,77.3,49.3,37.7,0.0,N@3.9,7.4,53.1,0.0,831,"Woodinvill (21 Acres), Woodinville, King County",330026,Woodinvill,2019-06-25 19:16:11.411505
2019-05-10,12:15,78.3,78.5,48.5,35.2,0.0,NW@4.0,7.1,53.1,0.0,842,"Woodinvill (21 Acres), Woodinville, King County",330026,Woodinvill,2019-06-25 19:16:11.411505
2019-05-10,12:30,79.2,79.4,48.1,33.5,0.0,NW@4.2,8.5,53.1,0.0,849,"Woodinvill (21 Acres), Woodinville, King County",330026,Woodinvill,2019-06-25 19:16:11.411505
2019-05-10,12:45,80.4,80.6,48.9,33.3,0.0,W@3.3,8.5,53.1,0.0,858,"Woodinvill (21 Acres), Woodinville, King County",330026,Woodinvill,2019-06-25 19:16:11.411505
2019-05-10,13:00,81.2,81.4,48.3,31.7,0.0,NW@4.1,8.9,53.1,0.0,861,"Woodinvill (21 Acres), Woodinville, King County",330026,Woodinvill,2019-06-25 19:16:11.411505
2019-05-10,13:15,81.2,81.3,47.1,30.3,0.0,NW@4.9,9.6,53.1,0.0,862,"Woodinvill (21 Acres), Woodinville, King County",330026,Woodinvill,2019-06-25 19:16:11.411505
2019-05-10,13:30,81.6,81.7,47.0,29.7,0.0,NW@4.9,8.5,53.2,0.0,859,"Woodinvill (21 Acres), Woodinville, King County",330026,Woodinvill,2019-06-25 19:16:11.411505
2019-05-10,13:45,82.2,82.3,45.5,27.6,0.0,NW@5.1,10.7,53.2,0.0,854,"Woodinvill (21 Acres), Woodinville, King County",330026,Woodinvill,2019-06-25 19:16:11.411505
2019-05-10,14:00,82.1,82.3,44.4,26.5,0.0,NW@5.8,11.7,53.2,0.0,844,"Woodinvill (21 Acres), Woodinville, King County",330026,Woodinvill,2019-06-25 19:16:11.411505
2019-05-10,14:15,82.3,82.4,43.5,25.5,0.0,NW@5.1,9.6,53.3,0.0,834,"Woodinvill (21 Acres), Woodinville, King County",330026,Woodinvill,2019-06-25 19:16:11.411505
2019-05-10,14:30,82.8,82.9,43.3,24.9,0.0,NW@4.8,10.3,53.3,0.0,820,"Woodinvill (21 Acres), Woodinville, King County",330026,Woodinvill,2019-06-25 19:16:11.411505
2019-05-10,14:45,83.4,83.5,43.2,24.3,0.0,NW@4.7,9.9,53.3,0.0,802,"Woodinvill (21 Acres), Woodinville, King County",330026,Woodinvill,2019-06-25 19:16:11.411505
2019-05-10,15:00,84.0,84.1,42.7,23.4,0.0,NW@4.4,9.9,53.4,0.0,782,"Woodinvill (21 Acres), Woodinville, King County",330026,Woodinvill,2019-06-25 19:16:11.411505
2019-05-10,15:15,84.1,84.2,41.3,22.0,0.0,NW@4.3,7.1,53.4,0.0,758,"Woodinvill (21 Acres), Woodinville, King County",330026,Woodinvill,2019-06-25 19:16:11.411505
2019-05-10,15:30,83.8,83.9,41.4,22.4,0.0,NW@4.7,9.2,53.5,0.0,726,"Woodinvill (21 Acres), Woodinville, King County",330026,Woodinvill,2019-06-25 19:16:11.411505
2019-05-10,15:45,84.2,84.3,42.7,23.2,0.0,NW@4.9,9.2,53.5,0.0,697,"Woodinvill (21 Acres), Woodinville, King County",330026,Woodinvill,2019-06-25 19:16:11.411505
2019-05-10,16:00,83.7,83.7,43.2,24.1,0.0,NW@5.1,8.9,53.6,0.0,668,"Woodinvill (21 Acres), Woodinville, King County",330026,Woodinvill,2019-06-25 19:16:11.411505
2019-05-10,16:15,83.5,83.6,43.4,24.4,0.0,NW@5.4,9.6,53.6,0.0,636,"Woodinvill (21 Acres), Woodinville, King County",330026,Woodinvill,2019-06-25 19:16:11.411505
2019-05-10,16:30,83.7,83.8,42.8,23.7,0.0,NW@4.6,8.2,53.7,0.0,601,"Woodinvill (21 Acres), Woodinville, King County",330026,Woodinvill,2019-06-25 19:16:11.411505
2019-05-10,16:45,84.1,84.3,43.1,23.7,0.0,NW@3.6,7.4,53.8,0.0,564,"Woodinvill (21 Acres), Woodinville, King County",330026,Woodinvill,2019-06-25 19:16:11.411505
2019-05-10,17:00,84.3,84.2,41.3,22.0,0.0,NW@3.6,7.1,53.8,0.0,526,"Woodinvill (21 Acres), Woodinville, King County",330026,Woodinvill,2019-06-25 19:16:11.411505
2019-05-10,17:15,84.6,84.7,41.0,21.5,0.0,NW@3.5,7.4,53.9,0.0,486,"Woodinvill (21 Acres), Woodinville, King County",330026,Woodinvill,2019-06-25 19:16:11.411505
2019-05-10,17:30,84.3,84.4,39.9,20.8,0.0,N@3.6,6.4,53.9,0.0,445,"Woodinvill (21 Acres), Woodinville, King County",330026,Woodinvill,2019-06-25 19:16:11.411505
2019-05-10,17:45,85.0,85.0,40.3,20.7,0.0,NW@2.7,6.0,54.0,0.0,404,"Woodinvill (21 Acres), Woodinville, King County",330026,Woodinvill,2019-06-25 19:16:11.411505
2019-05-10,18:00,84.0,84.2,40.2,21.2,0.0,N@3.9,6.7,54.1,0.0,363,"Woodinvill (21 Acres), Woodinville, King County",330026,Woodinvill,2019-06-25 19:16:11.411505
2019-05-10,18:15,83.7,83.8,40.7,21.8,0.0,NW@3.6,8.2,54.2,0.0,321,"Woodinvill (21 Acres), Woodinville, King County",330026,Woodinvill,2019-06-25 19:16:11.411505
2019-05-10,18:30,82.7,83.2,40.7,22.5,0.0,N@3.8,6.7,54.2,0.0,279,"Woodinvill (21 Acres), Woodinville, King County",330026,Woodinvill,2019-06-25 19:16:11.411505
2019-05-10,18:45,82.8,83.2,39.7,21.6,0.0,N@3.7,7.1,54.3,0.0,238,"Woodinvill (21 Acres), Woodinville, King County",330026,Woodinvill,2019-06-25 19:16:11.411505
2019-05-10,19:00,82.6,82.7,38.8,21.0,0.0,NW@3.5,6.7,54.4,0.0,198,"Woodinvill (21 Acres), Woodinville, King County",330026,Woodinvill,2019-06-25 19:16:11.411505
2019-05-10,19:15,81.9,81.9,38.4,21.2,0.0,N@4.0,8.2,54.4,0.0,160,"Woodinvill (21 Acres), Woodinville, King County",330026,Woodinvill,2019-06-25 19:16:11.411505
2019-05-10,19:30,81.1,81.1,38.7,22.0,0.0,NW@3.8,6.4,54.5,0.0,123,"Woodinvill (21 Acres), Woodinville, King County",330026,Woodinvill,2019-06-25 19:16:11.411505
2019-05-10,19:45,79.9,79.9,39.8,23.9,0.0,N@2.6,5.3,54.6,0.0,90,"Woodinvill (21 Acres), Woodinville, King County",330026,Woodinvill,2019-06-25 19:16:11.411505
2019-05-10,20:00,77.8,78.0,41.5,27.3,0.0,NW@1.6,4.2,54.7,0.0,42,"Woodinvill (21 Acres), Woodinville, King County",330026,Woodinvill,2019-06-25 19:16:11.411505
2019-05-10,20:15,72.5,72.9,44.4,36.4,0.0,W@0.0,1.4,54.7,0.0,18,"Woodinvill (21 Acres), Woodinville, King County",330026,Woodinvill,2019-06-25 19:16:11.411505
2019-05-10,20:30,69.7,70.1,45.3,41.5,0.0,N@0.0,0.0,54.8,0.0,10,"Woodinvill (21 Acres), Woodinville, King County",330026,Woodinvill,2019-06-25 19:16:11.411505
2019-05-10,20:45,67.2,67.5,45.5,45.6,0.0,N@0.0,0.0,54.9,0.0,3,"Woodinvill (21 Acres), Woodinville, King County",330026,Woodinvill,2019-06-25 19:16:11.411505
2019-05-10,21:00,65.5,65.8,46.1,49.4,0.0,N@0.0,0.0,54.9,0.0,0,"Woodinvill (21 Acres), Woodinville, King County",330026,Woodinvill,2019-06-25 19:16:11.411505
2019-05-10,21:15,64.1,64.6,46.2,52.0,0.0,N@0.0,0.0,55.0,0.0,0,"Woodinvill (21 Acres), Woodinville, King County",330026,Woodinvill,2019-06-25 19:16:11.411505
2019-05-10,21:30,62.5,62.7,46.0,54.8,0.0,N@0.0,0.0,55.0,0.0,0,"Woodinvill (21 Acres), Woodinville, King County",330026,Woodinvill,2019-06-25 19:16:11.411505
2019-05-10,21:45,61.0,61.4,46.1,57.9,0.0,N@0.0,0.0,55.1,0.0,0,"Woodinvill (21 Acres), Woodinville, King County",330026,Woodinvill,2019-06-25 19:16:11.411505
2019-05-10,22:00,60.2,60.5,46.3,60.1,0.0,N@0.0,0.0,55.1,0.0,0,"Woodinvill (21 Acres), Woodinville, King County",330026,Woodinvill,2019-06-25 19:16:11.411505
2019-05-10,22:15,59.8,60.0,46.4,61.2,0.01,N@0.0,0.0,55.2,0.0,0,"Woodinvill (21 Acres), Woodinville, King County",330026,Woodinvill,2019-06-25 19:16:11.411505
2019-05-10,22:30,59.0,59.2,47.0,64.5,0.01,W@0.1,1.7,55.2,0.0,0,"Woodinvill (21 Acres), Woodinville, King County",330026,Woodinvill,2019-06-25 19:16:11.411505
2019-05-10,22:45,57.6,57.9,47.5,69.0,0.01,N@0.0,0.0,55.2,0.0,0,"Woodinvill (21 Acres), Woodinville, King County",330026,Woodinvill,2019-06-25 19:16:11.411505
2019-05-10,23:00,56.5,56.9,48.1,73.3,0.02,N@0.0,0.0,55.2,0.0,0,"Woodinvill (21 Acres), Woodinville, King County",330026,Woodinvill,2019-06-25 19:16:11.411505
2019-05-10,23:15,56.0,56.2,47.7,73.7,0.02,N@0.0,0.0,55.3,0.0,0,"Woodinvill (21 Acres), Woodinville, King County",330026,Woodinvill,2019-06-25 19:16:11.411505
2019-05-10,23:30,55.5,55.7,47.5,74.4,0.02,N@0.0,0.0,55.3,0.0,0,"Woodinvill (21 Acres), Woodinville, King County",330026,Woodinvill,2019-06-25 19:16:11.411505
2019-05-10,23:45,54.7,55.0,47.7,77.1,0.03,N@0.0,0.0,55.3,0.0,0,"Woodinvill (21 Acres), Woodinville, King County",330026,Woodinvill,2019-06-25 19:16:11.411505
2019-05-10,24:00,55.0,55.4,47.7,76.3,0.03,N@0.6,2.1,55.3,0.0,0,"Woodinvill (21 Acres), Woodinville, King County",330026,Woodinvill,2019-06-25 19:16:11.411505
2019-05-11,00:15,53.6,53.9,47.3,78.9,0.04,SW@0.1,1.4,55.3,0.0,0,"Woodinvill (21 Acres), Woodinville, King County",330026,Woodinvill,2019-06-25 19:16:11.411505
2019-05-11,00:30,53.1,53.5,47.8,82.0,0.07,N@0.0,0.0,55.3,0.0,0,"Woodinvill (21 Acres), Woodinville, King County",330026,Woodinvill,2019-06-25 19:16:11.411505
2019-05-11,00:45,52.8,53.1,47.7,82.5,0.1,N@0.0,0.0,55.3,0.0,0,"Woodinvill (21 Acres), Woodinville, King County",330026,Woodinvill,2019-06-25 19:16:11.411505
2019-05-11,01:00,52.5,52.9,47.7,83.6,0.14,N@0.0,0.0,55.3,0.0,0,"Woodinvill (21 Acres), Woodinville, King County",330026,Woodinvill,2019-06-25 19:16:11.411505
2019-05-11,01:15,52.9,53.3,48.0,83.4,0.19,NE@0.3,2.4,55.3,0.0,0,"Woodinvill (21 Acres), Woodinville, King County",330026,Woodinvill,2019-06-25 19:16:11.411505
2019-05-11,01:30,53.8,54.2,47.9,80.2,0.18,N@0.0,0.0,55.3,0.0,0,"Woodinvill (21 Acres), Woodinville, King County",330026,Woodinvill,2019-06-25 19:16:11.411505
2019-05-11,01:45,53.0,53.3,47.5,81.3,0.19,N@0.0,0.0,55.2,0.0,0,"Woodinvill (21 Acres), Woodinville, King County",330026,Woodinvill,2019-06-25 19:16:11.411505
2019-05-11,02:00,51.3,51.5,47.3,86.2,0.26,N@0.0,0.0,55.2,0.0,0,"Woodinvill (21 Acres), Woodinville, King County",330026,Woodinvill,2019-06-25 19:16:11.411505
2019-05-11,02:15,50.8,51.0,47.6,88.6,0.38,N@0.0,0.0,55.2,0.0,0,"Woodinvill (21 Acres), Woodinville, King County",330026,Woodinvill,2019-06-25 19:16:11.411505
2019-05-11,02:30,50.4,50.8,47.4,89.3,0.5,N@0.0,0.0,55.2,0.0,0,"Woodinvill (21 Acres), Woodinville, King County",330026,Woodinvill,2019-06-25 19:16:11.411505
2019-05-11,02:45,49.8,50.1,47.0,89.9,0.58,N@0.0,0.0,55.2,0.0,0,"Woodinvill (21 Acres), Woodinville, King County",330026,Woodinvill,2019-06-25 19:16:11.411505
2019-05-11,03:00,49.4,49.7,47.0,91.4,0.67,N@0.0,0.0,55.1,0.0,0,"Woodinvill (21 Acres), Woodinville, King County",330026,Woodinvill,2019-06-25 19:16:11.411505
2019-05-11,03:15,48.3,48.6,46.2,92.2,0.74,N@0.0,0.0,55.1,0.0,0,"Woodinvill (21 Acres), Woodinville, King County",330026,Woodinvill,2019-06-25 19:16:11.411505
2019-05-11,03:30,48.7,49.0,47.0,93.5,0.81,N@0.0,0.0,55.1,0.0,0,"Woodinvill (21 Acres), Woodinville, King County",330026,Woodinvill,2019-06-25 19:16:11.411505
2019-05-11,03:45,48.7,48.9,47.1,93.9,0.85,N@0.0,0.0,55.0,0.0,0,"Woodinvill (21 Acres), Woodinville, King County",330026,Woodinvill,2019-06-25 19:16:11.411505
2019-05-11,04:00,48.1,48.3,46.5,94.2,0.88,N@0.0,0.0,55.0,0.0,0,"Woodinvill (21 Acres), Woodinville, King County",330026,Woodinvill,2019-06-25 19:16:11.411505
2019-05-11,04:15,47.9,48.1,46.5,94.9,0.9,N@0.0,0.0,55.0,0.0,0,"Woodinvill (21 Acres), Woodinville, King County",330026,Woodinvill,2019-06-25 19:16:11.411505
2019-05-11,04:30,47.5,47.7,46.2,95.3,0.92,N@0.0,0.0,54.9,0.0,0,"Woodinvill (21 Acres), Woodinville, King County",330026,Woodinvill,2019-06-25 19:16:11.411505
2019-05-11,04:45,47.2,47.4,46.0,95.7,0.93,N@0.0,0.0,54.9,0.0,0,"Woodinvill (21 Acres), Woodinville, King County",330026,Woodinvill,2019-06-25 19:16:11.411505
2019-05-11,05:00,47.3,47.5,46.3,96.1,0.94,N@0.0,0.0,54.8,0.0,0,"Woodinvill (21 Acres), Woodinville, King County",330026,Woodinvill,2019-06-25 19:16:11.411505
2019-05-11,05:15,46.9,47.1,45.9,96.4,0.94,N@0.0,0.0,54.8,0.0,0,"Woodinvill (21 Acres), Woodinville, King County",330026,Woodinvill,2019-06-25 19:16:11.411505
2019-05-11,05:30,46.6,46.8,45.7,96.5,0.94,N@0.0,0.0,54.8,0.0,1,"Woodinvill (21 Acres), Woodinville, King County",330026,Woodinvill,2019-06-25 19:16:11.411505
2019-05-11,05:45,46.6,46.8,45.7,96.8,0.95,N@0.0,0.0,54.7,0.0,5,"Woodinvill (21 Acres), Woodinville, King County",330026,Woodinvill,2019-06-25 19:16:11.411505
2019-05-11,06:00,45.9,46.2,45.1,96.9,0.95,N@0.0,0.0,54.7,0.0,13,"Woodinvill (21 Acres), Woodinville, King County",330026,Woodinvill,2019-06-25 19:16:11.411505
2019-05-11,06:15,46.4,46.6,45.6,97.1,0.95,N@0.0,0.0,54.6,0.0,19,"Woodinvill (21 Acres), Woodinville, King County",330026,Woodinvill,2019-06-25 19:16:11.411505
2019-05-11,06:30,46.3,46.7,45.6,97.2,0.95,N@0.0,0.0,54.6,0.0,26,"Woodinvill (21 Acres), Woodinville, King County",330026,Woodinvill,2019-06-25 19:16:11.411505
2019-05-11,06:45,47.6,47.8,46.8,97.2,0.99,N@0.0,0.0,54.5,0.0,95,"Woodinvill (21 Acres), Woodinville, King County",330026,Woodinvill,2019-06-25 19:16:11.411505
2019-05-11,07:00,51.0,51.0,50.2,97.0,0.99,N@0.0,0.0,54.5,0.0,152,"Woodinvill (21 Acres), Woodinville, King County",330026,Woodinvill,2019-06-25 19:16:11.411505
2019-05-11,07:15,51.8,52.2,50.6,95.8,0.97,N@0.0,0.0,54.4,0.0,195,"Woodinvill (21 Acres), Woodinville, King County",330026,Woodinvill,2019-06-25 19:16:11.411505
2019-05-11,07:30,53.6,54.6,51.7,93.2,0.94,N@0.0,0.0,54.4,0.0,234,"Woodinvill (21 Acres), Woodinville, King County",330026,Woodinvill,2019-06-25 19:16:11.411505
2019-05-11,07:45,56.4,57.9,51.4,83.1,0.92,N@0.0,0.0,54.3,0.0,272,"Woodinvill (21 Acres), Woodinville, King County",330026,Woodinvill,2019-06-25 19:16:11.411505
2019-05-11,08:00,58.2,59.3,51.3,77.6,0.81,N@0.0,0.0,54.3,0.0,311,"Woodinvill (21 Acres), Woodinville, King County",330026,Woodinvill,2019-06-25 19:16:11.411505
2019-05-11,08:15,61.0,62.2,51.2,70.1,0.2,N@0.0,0.0,54.2,0.0,353,"Woodinvill (21 Acres), Woodinville, King County",330026,Woodinvill,2019-06-25 19:16:11.411505
2019-05-11,08:30,63.4,64.4,51.0,63.9,0.0,N@0.0,0.0,54.2,0.0,398,"Woodinvill (21 Acres), Woodinville, King County",330026,Woodinvill,2019-06-25 19:16:11.411505
2019-05-11,08:45,64.4,65.3,51.2,62.2,0.0,S@0.3,2.4,54.1,0.0,441,"Woodinvill (21 Acres), Woodinville, King County",330026,Woodinvill,2019-06-25 19:16:11.411505
2019-05-11,09:00,65.6,66.3,51.7,60.7,0.0,S@0.5,3.1,54.1,0.0,483,"Woodinvill (21 Acres), Woodinville, King County",330026,Woodinvill,2019-06-25 19:16:11.411505
2019-05-11,09:15,68.3,69.1,52.0,55.9,0.0,SE@1.7,3.5,54.0,0.0,524,"Woodinvill (21 Acres), Woodinville, King County",330026,Woodinvill,2019-06-25 19:16:11.411505
2019-05-11,09:30,70.6,71.3,50.5,48.8,0.0,SE@1.8,2.8,54.0,0.0,565,"Woodinvill (21 Acres), Woodinville, King County",330026,Woodinvill,2019-06-25 19:16:11.411505
2019-05-11,09:45,71.6,72.3,49.9,46.2,0.0,E@2.0,3.5,53.9,0.0,602,"Woodinvill (21 Acres), Woodinville, King County",330026,Woodinvill,2019-06-25 19:16:11.411505
2019-05-11,10:00,73.1,73.7,50.8,45.4,0.0,NE@1.5,3.9,53.9,0.0,634,"Woodinvill (21 Acres), Woodinville, King County",330026,Woodinvill,2019-06-25 19:16:11.411505
2019-05-11,10:15,73.4,73.9,50.5,44.5,0.0,SW@2.3,4.6,53.9,0.0,666,"Woodinvill (21 Acres), Woodinville, King County",330026,Woodinvill,2019-06-25 19:16:11.411505
2019-05-11,10:30,73.5,73.9,49.5,42.7,0.0,SW@3.3,6.7,53.8,0.0,708,"Woodinvill (21 Acres), Woodinville, King County",330026,Woodinvill,2019-06-25 19:16:11.411505
2019-05-11,10:45,74.3,74.8,48.4,39.9,0.0,SW@2.4,6.0,53.8,0.0,736,"Woodinvill (21 Acres), Woodinville, King County",330026,Woodinvill,2019-06-25 19:16:11.411505
2019-05-11,11:00,75.8,76.2,50.9,41.8,0.0,SW@1.6,4.9,53.8,0.0,764,"Woodinvill (21 Acres), Woodinville, King County",330026,Woodinvill,2019-06-25 19:16:11.411505
2019-05-11,11:15,76.0,76.3,49.8,39.8,0.0,W@3.8,7.4,53.8,0.0,728,"Woodinvill (21 Acres), Woodinville, King County",330026,Woodinvill,2019-06-25 19:16:11.411505
2019-05-11,11:30,76.5,76.8,50.4,40.0,0.0,SW@3.1,5.7,53.8,0.0,746,"Woodinvill (21 Acres), Woodinville, King County",330026,Woodinvill,2019-06-25 19:16:11.411505
2019-05-11,11:45,77.0,77.3,50.3,39.2,0.0,SW@2.8,5.7,53.8,0.0,765,"Woodinvill (21 Acres), Woodinville, King County",330026,Woodinvill,2019-06-25 19:16:11.411505
2019-05-11,12:00,77.1,77.4,50.9,39.9,0.0,S@3.6,7.4,53.8,0.0,831,"Woodinvill (21 Acres), Woodinville, King County",330026,Woodinvill,2019-06-25 19:16:11.411505
2019-05-11,12:15,78.0,78.4,51.1,39.1,0.0,SW@3.3,7.1,53.8,0.0,830,"Woodinvill (21 Acres), Woodinville, King County",330026,Woodinvill,2019-06-25 19:16:11.411505
2019-05-11,12:30,78.4,78.7,50.2,37.3,0.0,SW@2.7,7.1,53.8,0.0,851,"Woodinvill (21 Acres), Woodinville, King County",330026,Woodinvill,2019-06-25 19:16:11.411505
2019-05-11,12:45,78.3,78.5,50.0,37.1,0.0,NW@3.7,7.1,53.9,0.0,849,"Woodinvill (21 Acres), Woodinville, King County",330026,Woodinvill,2019-06-25 19:16:11.411505
2019-05-11,13:00,78.6,78.9,49.0,35.4,0.0,NE@2.6,4.9,53.9,0.0,866,"Woodinvill (21 Acres), Woodinville, King County",330026,Woodinvill,2019-06-25 19:16:11.411505
2019-05-11,13:15,79.4,79.6,49.6,35.2,0.0,NW@3.2,7.1,53.9,0.0,799,"Woodinvill (21 Acres), Woodinville, King County",330026,Woodinvill,2019-06-25 19:16:11.411505
2019-05-11,13:30,80.4,80.7,51.1,36.1,0.0,SW@2.8,6.0,53.9,0.0,836,"Woodinvill (21 Acres), Woodinville, King County",330026,Woodinvill,2019-06-25 19:16:11.411505
2019-05-11,13:45,80.8,81.0,49.7,33.7,0.0,W@3.2,8.5,54.0,0.0,833,"Woodinvill (21 Acres), Woodinville, King County",330026,Woodinvill,2019-06-25 19:16:11.411505
2019-05-11,14:00,81.4,81.5,49.7,33.1,0.0,NW@3.3,6.0,54.0,0.0,850,"Woodinvill (21 Acres), Woodinville, King County",330026,Woodinvill,2019-06-25 19:16:11.411505
2019-05-11,14:15,81.7,81.9,49.2,32.1,0.0,SW@3.4,6.0,54.0,0.0,821,"Woodinvill (21 Acres), Woodinville, King County",330026,Woodinvill,2019-06-25 19:16:11.411505
2019-05-11,14:30,82.4,82.7,48.2,30.3,0.0,SW@2.6,6.0,54.0,0.0,792,"Woodinvill (21 Acres), Woodinville, King County",330026,Woodinvill,2019-06-25 19:16:11.411505
2019-05-11,14:45,82.1,82.5,46.8,29.0,0.0,S@3.9,8.5,54.1,0.0,792,"Woodinvill (21 Acres), Woodinville, King County",330026,Woodinvill,2019-06-25 19:16:11.411505
2019-05-11,15:00,82.2,82.5,47.0,29.2,0.0,S@4.3,8.2,54.1,0.0,781,"Woodinvill (21 Acres), Woodinville, King County",330026,Woodinvill,2019-06-25 19:16:11.411505
2019-05-11,15:15,82.6,82.8,46.6,28.4,0.0,S@3.6,7.4,54.1,0.0,739,"Woodinvill (21 Acres), Woodinville, King County",330026,Woodinvill,2019-06-25 19:16:11.411505
2019-05-11,15:30,82.4,82.7,47.8,29.9,0.0,SW@3.8,8.2,54.2,0.0,735,"Woodinvill (21 Acres), Woodinville, King County",330026,Woodinvill,2019-06-25 19:16:11.411505
2019-05-11,15:45,83.4,83.6,49.1,30.3,0.0,W@3.9,9.6,54.2,0.0,695,"Woodinvill (21 Acres), Woodinville, King County",330026,Woodinvill,2019-06-25 19:16:11.411505
2019-05-11,16:00,83.3,83.5,48.6,30.0,0.0,E@2.9,5.7,54.3,0.0,653,"Woodinvill (21 Acres), Woodinville, King County",330026,Woodinvill,2019-06-25 19:16:11.411505
2019-05-11,16:15,83.4,83.6,50.3,31.8,0.0,SW@3.4,6.7,54.3,0.0,640,"Woodinvill (21 Acres), Woodinville, King County",330026,Woodinvill,2019-06-25 19:16:11.411505
2019-05-11,16:30,83.3,83.5,49.6,31.0,0.0,S@3.1,6.7,54.4,0.0,599,"Woodinvill (21 Acres), Woodinville, King County",330026,Woodinvill,2019-06-25 19:16:11.411505
2019-05-11,16:45,83.7,83.9,49.5,30.5,0.0,W@3.1,8.2,54.4,0.0,562,"Woodinvill (21 Acres), Woodinville, King County",330026,Woodinvill,2019-06-25 19:16:11.411505
2019-05-11,17:00,83.3,83.5,49.8,31.3,0.0,SW@3.0,6.4,54.5,0.0,521,"Woodinvill (21 Acres), Woodinville, King County",330026,Woodinvill,2019-06-25 19:16:11.411505
2019-05-11,17:15,82.6,82.9,50.8,33.2,0.0,S@3.4,10.3,54.6,0.0,480,"Woodinvill (21 Acres), Woodinville, King County",330026,Woodinvill,2019-06-25 19:16:11.411505
2019-05-11,17:30,82.3,82.6,50.5,33.1,0.0,SW@3.6,9.2,54.6,0.0,439,"Woodinvill (21 Acres), Woodinville, King County",330026,Woodinvill,2019-06-25 19:16:11.411505
2019-05-11,17:45,81.9,82.1,51.1,34.4,0.0,SW@3.7,7.1,54.7,0.0,403,"Woodinvill (21 Acres), Woodinville, King County",330026,Woodinvill,2019-06-25 19:16:11.411505
2019-05-11,18:00,81.1,81.4,50.8,34.9,0.0,S@4.7,8.9,54.8,0.0,358,"Woodinvill (21 Acres), Woodinville, King County",330026,Woodinvill,2019-06-25 19:16:11.411505
2019-05-11,18:15,80.7,81.0,51.7,36.6,0.0,S@4.1,11.7,54.8,0.0,310,"Woodinvill (21 Acres), Woodinville, King County",330026,Woodinvill,2019-06-25 19:16:11.411505
2019-05-11,18:30,79.6,80.0,51.6,37.7,0.0,S@4.5,8.9,54.9,0.0,250,"Woodinvill (21 Acres), Woodinville, King County",330026,Woodinvill,2019-06-25 19:16:11.411505
2019-05-11,18:45,78.3,78.7,51.0,38.6,0.0,S@4.7,12.4,55.0,0.0,178,"Woodinvill (21 Acres), Woodinville, King County",330026,Woodinvill,2019-06-25 19:16:11.411505
2019-05-11,19:00,76.7,77.2,51.2,40.9,0.0,SW@4.3,8.2,55.0,0.0,109,"Woodinvill (21 Acres), Woodinville, King County",330026,Woodinvill,2019-06-25 19:16:11.411505
2019-05-11,19:15,75.3,75.7,51.4,43.2,0.0,SW@3.8,8.9,55.1,0.0,122,"Woodinvill (21 Acres), Woodinville, King County",330026,Woodinvill,2019-06-25 19:16:11.411505
2019-05-11,19:30,74.2,74.5,50.8,43.9,0.0,S@4.6,11.4,55.2,0.0,112,"Woodinvill (21 Acres), Woodinville, King County",330026,Woodinvill,2019-06-25 19:16:11.411505
2019-05-11,19:45,72.8,73.2,50.2,44.9,0.0,S@3.5,7.4,55.3,0.0,59,"Woodinvill (21 Acres), Woodinville, King County",330026,Woodinvill,2019-06-25 19:16:11.411505
2019-05-11,20:00,71.1,71.4,50.2,47.6,0.0,SW@2.5,6.0,55.3,0.0,20,"Woodinvill (21 Acres), Woodinville, King County",330026,Woodinvill,2019-06-25 19:16:11.411505
2019-05-11,20:15,69.2,69.6,49.7,49.7,0.0,SW@3.7,6.4,55.4,0.0,12,"Woodinvill (21 Acres), Woodinville, King County",330026,Woodinvill,2019-06-25 19:16:11.411505
2019-05-11,20:30,67.8,68.2,50.0,52.9,0.0,SW@4.0,11.0,55.4,0.0,7,"Woodinvill (21 Acres), Woodinville, King County",330026,Woodinvill,2019-06-25 19:16:11.411505
2019-05-11,20:45,66.6,66.9,50.6,56.5,0.0,S@3.6,8.5,55.5,0.0,3,"Woodinvill (21 Acres), Woodinville, King County",330026,Woodinvill,2019-06-25 19:16:11.411505
2019-05-11,21:00,65.3,65.8,50.8,59.3,0.0,S@3.8,7.8,55.6,0.0,0,"Woodinvill (21 Acres), Woodinville, King County",330026,Woodinvill,2019-06-25 19:16:11.411505
2019-05-11,21:15,64.0,64.5,50.7,61.8,0.0,SW@4.2,8.9,55.6,0.0,0,"Woodinvill (21 Acres), Woodinville, King County",330026,Woodinvill,2019-06-25 19:16:11.411505
2019-05-11,21:30,62.9,63.4,50.6,64.0,0.0,S@4.6,9.6,55.7,0.0,0,"Woodinvill (21 Acres), Woodinville, King County",330026,Woodinvill,2019-06-25 19:16:11.411505
2019-05-11,21:45,61.8,62.1,50.6,66.8,0.01,S@2.3,7.8,55.7,0.0,0,"Woodinvill (21 Acres), Woodinville, King County",330026,Woodinvill,2019-06-25 19:16:11.411505
2019-05-11,22:00,60.5,60.9,50.3,69.0,0.01,S@3.1,8.5,55.8,0.0,0,"Woodinvill (21 Acres), Woodinville, King County",330026,Woodinvill,2019-06-25 19:16:11.411505
2019-05-11,22:15,59.5,59.9,50.0,70.5,0.01,S@2.4,6.7,55.8,0.0,0,"Woodinvill (21 Acres), Woodinville, King County",330026,Woodinvill,2019-06-25 19:16:11.411505
2019-05-11,22:30,58.2,58.7,49.7,73.1,0.01,S@1.7,3.9,55.8,0.0,0,"Woodinvill (21 Acres), Woodinville, King County",330026,Woodinvill,2019-06-25 19:16:11.411505
2019-05-11,22:45,57.1,57.4,49.5,75.6,0.01,S@1.4,4.6,55.9,0.0,0,"Woodinvill (21 Acres), Woodinville, King County",330026,Woodinvill,2019-06-25 19:16:11.411505
2019-05-11,23:00,57.1,57.5,49.2,74.8,0.01,SW@2.4,7.8,55.9,0.0,0,"Woodinvill (21 Acres), Woodinville, King County",330026,Woodinvill,2019-06-25 19:16:11.411505
2019-05-11,23:15,57.3,57.8,48.9,73.3,0.01,S@2.0,4.9,55.9,0.0,0,"Woodinvill (21 Acres), Woodinville, King County",330026,Woodinvill,2019-06-25 19:16:11.411505
2019-05-11,23:30,56.9,57.3,48.6,73.7,0.01,S@3.2,8.2,56.0,0.0,0,"Woodinvill (21 Acres), Woodinville, King County",330026,Woodinvill,2019-06-25 19:16:11.411505
2019-05-11,23:45,56.3,56.7,48.5,75.0,0.01,S@2.1,4.6,56.0,0.0,0,"Woodinvill (21 Acres), Woodinville, King County",330026,Woodinvill,2019-06-25 19:16:11.411505
2019-05-11,24:00,55.3,55.7,48.4,77.3,0.01,S@1.6,6.7,56.0,0.0,0,"Woodinvill (21 Acres), Woodinville, King County",330026,Woodinvill,2019-06-25 19:16:11.411505
2019-05-12,00:15,54.9,55.3,48.7,79.4,0.01,SW@2.6,7.1,56.0,0.0,0,"Woodinvill (21 Acres), Woodinville, King County",330026,Woodinvill,2019-06-25 19:16:11.411505
2019-05-12,00:30,54.0,54.4,48.4,81.2,0.02,S@1.2,4.6,56.0,0.0,0,"Woodinvill (21 Acres), Woodinville, King County",330026,Woodinvill,2019-06-25 19:16:11.411505
2019-05-12,00:45,53.9,54.3,48.7,82.4,0.03,S@2.7,5.3,56.0,0.0,0,"Woodinvill (21 Acres), Woodinville, King County",330026,Woodinvill,2019-06-25 19:16:11.411505
2019-05-12,01:00,53.4,53.7,48.5,83.4,0.03,S@1.1,4.6,56.0,0.0,0,"Woodinvill (21 Acres), Woodinville, King County",330026,Woodinvill,2019-06-25 19:16:11.411505
2019-05-12,01:15,52.8,53.1,48.5,85.4,0.05,S@0.6,3.9,56.0,0.0,0,"Woodinvill (21 Acres), Woodinville, King County",330026,Woodinvill,2019-06-25 19:16:11.411505
2019-05-12,01:30,52.5,52.8,48.6,86.4,0.07,S@0.4,2.4,56.0,0.0,0,"Woodinvill (21 Acres), Woodinville, King County",330026,Woodinvill,2019-06-25 19:16:11.411505
2019-05-12,01:45,51.7,52.0,48.1,87.5,0.13,S@0.5,3.5,56.0,0.0,0,"Woodinvill (21 Acres), Woodinville, King County",330026,Woodinvill,2019-06-25 19:16:11.411505
2019-05-12,02:00,51.2,51.6,47.9,88.1,0.2,S@1.1,5.7,56.0,0.0,0,"Woodinvill (21 Acres), Woodinville, King County",330026,Woodinvill,2019-06-25 19:16:11.411505
2019-05-12,02:15,52.1,52.5,47.8,85.3,0.21,S@3.1,6.0,56.0,0.0,0,"Woodinvill (21 Acres), Woodinville, King County",330026,Woodinvill,2019-06-25 19:16:11.411505
2019-05-12,02:30,52.1,52.4,47.6,84.4,0.14,S@2.4,6.7,56.0,0.0,0,"Woodinvill (21 Acres), Woodinville, King County",330026,Woodinvill,2019-06-25 19:16:11.411505
2019-05-12,02:45,51.9,52.3,47.4,84.5,0.08,S@1.3,4.6,56.0,0.0,0,"Woodinvill (21 Acres), Woodinville, King County",330026,Woodinvill,2019-06-25 19:16:11.411505
2019-05-12,03:00,51.1,51.4,47.1,86.0,0.12,S@0.0,1.4,56.0,0.0,0,"Woodinvill (21 Acres), Woodinville, King County",330026,Woodinvill,2019-06-25 19:16:11.411505
2019-05-12,03:15,51.0,51.3,47.3,87.1,0.16,S@2.1,7.4,55.9,0.0,0,"Woodinvill (21 Acres), Woodinville, King County",330026,Woodinvill,2019-06-25 19:16:11.411505
2019-05-12,03:30,52.2,52.6,47.6,84.2,0.07,S@1.4,5.3,55.9,0.0,0,"Woodinvill (21 Acres), Woodinville, King County",330026,Woodinvill,2019-06-25 19:16:11.411505
2019-05-12,03:45,52.2,52.5,47.9,85.4,0.04,SE@1.0,3.9,55.9,0.0,0,"Woodinvill (21 Acres), Woodinville, King County",330026,Woodinvill,2019-06-25 19:16:11.411505
2019-05-12,04:00,53.0,53.4,48.3,84.0,0.02,S@2.0,6.0,55.9,0.0,0,"Woodinvill (21 Acres), Woodinville, King County",330026,Woodinvill,2019-06-25 19:16:11.411505
2019-05-12,04:15,53.4,53.9,48.2,82.5,0.01,S@2.7,6.0,55.8,0.0,0,"Woodinvill (21 Acres), Woodinville, King County",330026,Woodinvill,2019-06-25 19:16:11.411505
2019-05-12,04:30,53.7,54.1,48.2,81.6,0.01,S@3.9,8.2,55.8,0.0,0,"Woodinvill (21 Acres), Woodinville, King County",330026,Woodinvill,2019-06-25 19:16:11.411505
2019-05-12,04:45,53.6,54.0,48.2,81.8,0.01,S@3.6,8.9,55.8,0.0,0,"Woodinvill (21 Acres), Woodinville, King County",330026,Woodinvill,2019-06-25 19:16:11.411505
2019-05-12,05:00,53.5,53.9,48.4,82.8,0.01,S@2.1,5.7,55.8,0.0,0,"Woodinvill (21 Acres), Woodinville, King County",330026,Woodinvill,2019-06-25 19:16:11.411505
2019-05-12,05:15,53.3,53.7,48.6,83.9,0.01,SW@2.9,5.3,55.7,0.0,0,"Woodinvill (21 Acres), Woodinville, King County",330026,Woodinvill,2019-06-25 19:16:11.411505
2019-05-12,05:30,53.2,53.7,48.6,84.2,0.01,SW@2.4,6.4,55.7,0.0,0,"Woodinvill (21 Acres), Woodinville, King County",330026,Woodinvill,2019-06-25 19:16:11.411505
2019-05-12,05:45,53.3,53.7,48.5,83.7,0.01,S@2.3,8.5,55.7,0.0,0,"Woodinvill (21 Acres), Woodinville, King County",330026,Woodinvill,2019-06-25 19:16:11.411505
2019-05-12,06:00,53.4,53.8,48.4,83.3,0.01,S@3.7,10.7,55.6,0.0,1,"Woodinvill (21 Acres), Woodinville, King County",330026,Woodinvill,2019-06-25 19:16:11.411505
2019-05-12,06:15,53.2,53.6,48.4,83.6,0.01,S@3.1,7.4,55.6,0.0,4,"Woodinvill (21 Acres), Woodinville, King County",330026,Woodinvill,2019-06-25 19:16:11.411505
2019-05-12,06:30,53.1,53.5,48.5,84.1,0.01,S@2.5,5.3,55.6,0.0,8,"Woodinvill (21 Acres), Woodinville, King County",330026,Woodinvill,2019-06-25 19:16:11.411505
2019-05-12,06:45,53.3,53.7,48.3,83.0,0.01,S@3.4,6.4,55.6,0.0,8,"Woodinvill (21 Acres), Woodinville, King County",330026,Woodinvill,2019-06-25 19:16:11.411505
2019-05-12,07:00,53.3,53.7,48.3,83.3,0.01,S@2.9,6.4,55.5,0.0,14,"Woodinvill (21 Acres), Woodinville, King County",330026,Woodinvill,2019-06-25 19:16:11.411505
2019-05-12,07:15,53.4,53.8,48.6,83.7,0.01,S@2.5,6.7,55.5,0.0,20,"Woodinvill (21 Acres), Woodinville, King County",330026,Woodinvill,2019-06-25 19:16:11.411505
2019-05-12,07:30,53.4,53.8,48.6,83.6,0.01,SW@2.6,5.7,55.5,0.0,19,"Woodinvill (21 Acres), Woodinville, King County",330026,Woodinvill,2019-06-25 19:16:11.411505
2019-05-12,07:45,53.4,53.8,48.5,83.3,0.01,S@3.2,6.0,55.5,0.0,25,"Woodinvill (21 Acres), Woodinville, King County",330026,Woodinvill,2019-06-25 19:16:11.411505
2019-05-12,08:00,53.3,53.7,48.6,84.1,0.01,SW@4.2,9.6,55.4,0.0,29,"Woodinvill (21 Acres), Woodinville, King County",330026,Woodinvill,2019-06-25 19:16:11.411505
2019-05-12,08:15,53.0,53.4,48.6,84.9,0.01,SW@4.1,8.5,55.4,0.0,25,"Woodinvill (21 Acres), Woodinville, King County",330026,Woodinvill,2019-06-25 19:16:11.411505
2019-05-12,08:30,53.0,53.5,48.6,85.0,0.01,SW@3.3,8.5,55.4,0.0,34,"Woodinvill (21 Acres), Woodinville, King County",330026,Woodinvill,2019-06-25 19:16:11.411505
2019-05-12,08:45,53.1,53.6,48.5,84.0,0.01,SW@3.5,7.1,55.4,0.0,33,"Woodinvill (21 Acres), Woodinville, King County",330026,Woodinvill,2019-06-25 19:16:11.411505
2019-05-12,09:00,53.1,53.6,48.3,83.4,0.01,SW@3.6,7.8,55.4,0.0,35,"Woodinvill (21 Acres), Woodinville, King County",330026,Woodinvill,2019-06-25 19:16:11.411505
2019-05-12,09:15,53.3,53.8,48.3,83.0,0.01,S@3.1,6.0,55.3,0.0,45,"Woodinvill (21 Acres), Woodinville, King County",330026,Woodinvill,2019-06-25 19:16:11.411505
2019-05-12,09:30,53.7,54.2,48.3,81.9,0.0,S@2.8,4.9,55.3,0.0,66,"Woodinvill (21 Acres), Woodinville, King County",330026,Woodinvill,2019-06-25 19:16:11.411505
2019-05-12,09:45,53.9,54.3,48.5,81.7,0.0,S@2.1,4.9,55.3,0.0,68,"Woodinvill (21 Acres), Woodinville, King County",330026,Woodinvill,2019-06-25 19:16:11.411505
2019-05-12,10:00,53.9,54.4,48.2,80.9,0.0,SW@2.9,8.5,55.3,0.0,65,"Woodinvill (21 Acres), Woodinville, King County",330026,Woodinvill,2019-06-25 19:16:11.411505
2019-05-12,10:15,53.9,54.4,48.2,81.0,0.0,S@2.0,6.4,55.3,0.0,63,"Woodinvill (21 Acres), Woodinville, King County",330026,Woodinvill,2019-06-25 19:16:11.411505
2019-05-12,10:30,54.0,54.5,48.4,81.1,0.0,S@2.6,6.0,55.2,0.0,65,"Woodinvill (21 Acres), Woodinville, King County",330026,Woodinvill,2019-06-25 19:16:11.411505
2019-05-12,10:45,53.8,54.3,48.1,80.7,0.0,S@3.0,6.7,55.2,0.0,78,"Woodinvill (21 Acres), Woodinville, King County",330026,Woodinvill,2019-06-25 19:16:11.411505
2019-05-12,11:00,53.9,54.4,48.2,81.0,0.0,S@3.3,6.7,55.2,0.0,88,"Woodinvill (21 Acres), Woodinville, King County",330026,Woodinvill,2019-06-25 19:16:11.411505
2019-05-12,11:15,54.1,54.6,48.3,80.6,0.0,S@2.5,6.4,55.2,0.0,106,"Woodinvill (21 Acres), Woodinville, King County",330026,Woodinvill,2019-06-25 19:16:11.411505
2019-05-12,11:30,54.4,54.9,48.4,79.9,0.0,S@2.6,4.9,55.2,0.0,122,"Woodinvill (21 Acres), Woodinville, King County",330026,Woodinvill,2019-06-25 19:16:11.411505
2019-05-12,11:45,54.9,55.4,48.4,78.5,0.0,SW@1.7,4.2,55.1,0.0,154,"Woodinvill (21 Acres), Woodinville, King County",330026,Woodinvill,2019-06-25 19:16:11.411505
2019-05-12,12:00,55.5,56.0,48.6,77.5,0.0,S@2.1,4.9,55.1,0.0,182,"Woodinvill (21 Acres), Woodinville, King County",330026,Woodinvill,2019-06-25 19:16:11.411505
2019-05-12,12:15,55.8,56.3,48.6,76.6,0.0,S@2.3,5.3,55.1,0.0,193,"Woodinvill (21 Acres), Woodinville, King County",330026,Woodinvill,2019-06-25 19:16:11.411505
2019-05-12,12:30,55.9,56.3,48.6,76.4,0.0,S@2.3,5.3,55.1,0.0,201,"Woodinvill (21 Acres), Woodinville, King County",330026,Woodinvill,2019-06-25 19:16:11.411505
2019-05-12,12:45,56.4,56.9,48.9,75.8,0.0,S@1.9,6.7,55.1,0.0,214,"Woodinvill (21 Acres), Woodinville, King County",330026,Woodinvill,2019-06-25 19:16:11.411505
2019-05-12,13:00,56.9,57.4,49.1,74.9,0.0,SW@1.5,5.7,55.1,0.0,235,"Woodinvill (21 Acres), Woodinville, King County",330026,Woodinvill,2019-06-25 19:16:11.411505
2019-05-12,13:15,56.5,57.0,48.3,74.1,0.0,SW@3.4,8.2,55.0,0.0,210,"Woodinvill (21 Acres), Woodinville, King County",330026,Woodinvill,2019-06-25 19:16:11.411505
2019-05-12,13:30,56.7,57.2,48.4,73.7,0.0,S@3.8,8.9,55.0,0.0,313,"Woodinvill (21 Acres), Woodinville, King County",330026,Woodinvill,2019-06-25 19:16:11.411505
2019-05-12,13:45,58.6,59.0,48.9,70.1,0.0,SW@3.3,7.4,55.0,0.0,613,"Woodinvill (21 Acres), Woodinville, King County",330026,Woodinvill,2019-06-25 19:16:11.411505
2019-05-12,14:00,60.2,60.5,48.8,66.0,0.0,W@3.9,6.4,55.0,0.0,701,"Woodinvill (21 Acres), Woodinville, King County",330026,Woodinvill,2019-06-25 19:16:11.411505
2019-05-12,14:15,60.7,61.2,48.1,63.1,0.0,SW@3.7,7.1,55.0,0.0,731,"Woodinvill (21 Acres), Woodinville, King County",330026,Woodinvill,2019-06-25 19:16:11.411505
2019-05-12,14:30,62.3,62.7,48.6,60.8,0.0,SW@4.0,10.7,55.0,0.0,786,"Woodinvill (21 Acres), Woodinville, King County",330026,Woodinvill,2019-06-25 19:16:11.411505
2019-05-12,14:45,62.6,62.9,48.3,59.3,0.0,SW@4.1,8.9,55.0,0.0,754,"Woodinvill (21 Acres), Woodinville, King County",330026,Woodinvill,2019-06-25 19:16:11.411505
2019-05-12,15:00,63.7,64.1,48.8,58.2,0.0,SW@3.7,7.4,55.0,0.0,754,"Woodinvill (21 Acres), Woodinville, King County",330026,Woodinvill,2019-06-25 19:16:11.411505
2019-05-12,15:15,64.7,65.1,48.6,55.7,0.0,S@3.4,8.9,55.0,0.0,714,"Woodinvill (21 Acres), Woodinville, King County",330026,Woodinvill,2019-06-25 19:16:11.411505
2019-05-12,15:30,64.8,65.2,47.8,54.1,0.0,W@3.1,6.4,55.0,0.0,552,"Woodinvill (21 Acres), Woodinville, King County",330026,Woodinvill,2019-06-25 19:16:11.411505
2019-05-12,15:45,63.3,63.7,47.1,55.5,0.0,SW@4.0,9.6,55.0,0.0,378,"Woodinvill (21 Acres), Woodinville, King County",330026,Woodinvill,2019-06-25 19:16:11.411505
2019-05-12,16:00,63.2,63.6,47.5,56.4,0.0,SW@3.2,6.4,55.0,0.0,401,"Woodinvill (21 Acres), Woodinville, King County",330026,Woodinvill,2019-06-25 19:16:11.411505
2019-05-12,16:15,63.9,64.3,47.0,54.0,0.0,SW@3.6,7.8,55.0,0.0,503,"Woodinvill (21 Acres), Woodinville, King County",330026,Woodinvill,2019-06-25 19:16:11.411505
2019-05-12,16:30,65.1,65.5,47.2,52.3,0.0,SW@3.5,6.4,55.0,0.0,519,"Woodinvill (21 Acres), Woodinville, King County",330026,Woodinvill,2019-06-25 19:16:11.411505
2019-05-12,16:45,65.6,66.0,47.9,52.8,0.0,SW@3.1,6.0,55.0,0.0,560,"Woodinvill (21 Acres), Woodinville, King County",330026,Woodinvill,2019-06-25 19:16:11.411505
2019-05-12,17:00,65.3,65.7,47.2,51.9,0.0,S@2.9,9.2,55.0,0.0,462,"Woodinvill (21 Acres), Woodinville, King County",330026,Woodinvill,2019-06-25 19:16:11.411505
2019-05-12,17:15,64.5,64.9,46.3,51.6,0.0,S@3.2,6.4,55.0,0.0,283,"Woodinvill (21 Acres), Woodinville, King County",330026,Woodinvill,2019-06-25 19:16:11.411505
2019-05-12,17:30,64.3,64.6,45.8,50.9,0.0,S@3.3,7.8,55.1,0.0,337,"Woodinvill (21 Acres), Woodinville, King County",330026,Woodinvill,2019-06-25 19:16:11.411505
2019-05-12,17:45,65.4,65.8,47.2,51.7,0.0,SW@2.7,6.0,55.1,0.0,375,"Woodinvill (21 Acres), Woodinville, King County",330026,Woodinvill,2019-06-25 19:16:11.411505
2019-05-12,18:00,64.9,65.3,47.5,53.2,0.0,SW@3.0,6.4,55.1,0.0,341,"Woodinvill (21 Acres), Woodinville, King County",330026,Woodinvill,2019-06-25 19:16:11.411505
2019-05-12,18:15,65.4,65.9,47.9,52.9,0.0,SW@3.0,5.3,55.1,0.0,339,"Woodinvill (21 Acres), Woodinville, King County",330026,Woodinvill,2019-06-25 19:16:11.411505
2019-05-12,18:30,64.9,65.4,47.9,54.0,0.0,S@3.0,7.1,55.2,0.0,275,"Woodinvill (21 Acres), Woodinville, King County",330026,Woodinvill,2019-06-25 19:16:11.411505
2019-05-12,18:45,64.9,65.6,47.7,53.6,0.0,S@1.9,4.9,55.2,0.0,217,"Woodinvill (21 Acres), Woodinville, King County",330026,Woodinvill,2019-06-25 19:16:11.411505
2019-05-12,19:00,65.2,65.8,47.1,52.0,0.0,S@1.0,3.5,55.2,0.0,183,"Woodinvill (21 Acres), Woodinville, King County",330026,Woodinvill,2019-06-25 19:16:11.411505
2019-05-12,19:15,65.5,66.0,48.0,53.3,0.0,SW@0.8,4.2,55.2,0.0,158,"Woodinvill (21 Acres), Woodinville, King County",330026,Woodinvill,2019-06-25 19:16:11.411505
2019-05-12,19:30,64.5,65.0,48.6,56.3,0.0,S@0.1,1.7,55.3,0.0,115,"Woodinvill (21 Acres), Woodinville, King County",330026,Woodinvill,2019-06-25 19:16:11.411505
2019-05-12,19:45,64.8,65.0,48.8,56.2,0.0,N@0.0,0.0,55.3,0.0,83,"Woodinvill (21 Acres), Woodinville, King County",330026,Woodinvill,2019-06-25 19:16:11.411505
2019-05-12,20:00,62.2,62.6,49.0,61.8,0.0,N@0.0,0.0,55.3,0.0,27,"Woodinvill (21 Acres), Woodinville, King County",330026,Woodinvill,2019-06-25 19:16:11.411505
2019-05-12,20:15,58.4,58.8,49.2,71.5,0.01,N@0.0,0.0,55.4,0.0,17,"Woodinvill (21 Acres), Woodinville, King County",330026,Woodinvill,2019-06-25 19:16:11.411505
2019-05-12,20:30,56.8,57.1,48.8,74.4,0.01,N@0.0,0.0,55.4,0.0,10,"Woodinvill (21 Acres), Woodinville, King County",330026,Woodinvill,2019-06-25 19:16:11.411505
2019-05-12,20:45,55.4,55.7,49.1,79.1,0.03,N@0.0,0.0,55.4,0.0,3,"Woodinvill (21 Acres), Woodinville, King County",330026,Woodinvill,2019-06-25 19:16:11.411505
2019-05-12,21:00,54.1,54.5,48.5,81.3,0.05,N@0.0,0.0,55.5,0.0,0,"Woodinvill (21 Acres), Woodinville, King County",330026,Woodinvill,2019-06-25 19:16:11.411505
2019-05-12,21:15,53.0,53.3,48.6,84.8,0.09,N@0.0,0.0,55.5,0.0,0,"Woodinvill (21 Acres), Woodinville, King County",330026,Woodinvill,2019-06-25 19:16:11.411505
2019-05-12,21:30,52.1,52.4,48.3,86.8,0.17,N@0.0,0.0,55.5,0.0,0,"Woodinvill (21 Acres), Woodinville, King County",330026,Woodinvill,2019-06-25 19:16:11.411505
2019-05-12,21:45,51.7,52.0,48.5,88.6,0.29,N@0.0,0.0,55.5,0.0,0,"Woodinvill (21 Acres), Woodinville, King County",330026,Woodinvill,2019-06-25 19:16:11.411505
2019-05-12,22:00,51.1,51.3,48.1,89.6,0.47,N@0.0,0.0,55.5,0.0,0,"Woodinvill (21 Acres), Woodinville, King County",330026,Woodinvill,2019-06-25 19:16:11.411505
2019-05-12,22:15,50.4,50.6,47.8,90.8,0.62,N@0.0,0.0,55.6,0.0,0,"Woodinvill (21 Acres), Woodinville, King County",330026,Woodinvill,2019-06-25 19:16:11.411505
2019-05-12,22:30,50.1,50.3,47.7,91.6,0.71,N@0.0,0.0,55.6,0.0,0,"Woodinvill (21 Acres), Woodinville, King County",330026,Woodinvill,2019-06-25 19:16:11.411505
2019-05-12,22:45,49.6,49.9,47.5,92.5,0.78,N@0.0,0.0,55.6,0.0,0,"Woodinvill (21 Acres), Woodinville, King County",330026,Woodinvill,2019-06-25 19:16:11.411505
2019-05-12,23:00,48.4,48.7,46.5,92.9,0.83,N@0.0,0.0,55.6,0.0,0,"Woodinvill (21 Acres), Woodinville, King County",330026,Woodinvill,2019-06-25 19:16:11.411505
2019-05-12,23:15,47.9,48.1,46.2,93.8,0.87,N@0.0,0.0,55.6,0.0,0,"Woodinvill (21 Acres), Woodinville, King County",330026,Woodinvill,2019-06-25 19:16:11.411505
2019-05-12,23:30,48.1,48.3,46.7,94.6,0.9,N@0.0,0.0,55.5,0.0,0,"Woodinvill (21 Acres), Woodinville, King County",330026,Woodinvill,2019-06-25 19:16:11.411505
2019-05-12,23:45,48.0,48.2,46.6,94.9,0.92,N@0.0,0.0,55.5,0.0,0,"Woodinvill (21 Acres), Woodinville, King County",330026,Woodinvill,2019-06-25 19:16:11.411505
2019-05-12,24:00,47.7,47.9,46.4,95.3,0.93,S@0.1,1.7,55.5,0.0,0,"Woodinvill (21 Acres), Woodinville, King County",330026,Woodinvill,2019-06-25 19:16:11.411505
2019-05-13,00:15,46.4,46.6,45.2,95.5,0.94,N@0.0,0.0,55.5,0.0,0,"Woodinvill (21 Acres), Woodinville, King County",330026,Woodinvill,2019-06-25 19:16:11.411505
2019-05-13,00:30,46.3,46.6,45.2,95.9,0.94,N@0.0,0.0,55.5,0.0,0,"Woodinvill (21 Acres), Woodinville, King County",330026,Woodinvill,2019-06-25 19:16:11.411505
2019-05-13,00:45,46.4,46.7,45.4,96.3,0.94,W@0.3,2.8,55.4,0.0,0,"Woodinvill (21 Acres), Woodinville, King County",330026,Woodinvill,2019-06-25 19:16:11.411505
2019-05-13,01:00,46.6,46.8,45.6,96.5,0.95,N@0.0,0.0,55.4,0.0,0,"Woodinvill (21 Acres), Woodinville, King County",330026,Woodinvill,2019-06-25 19:16:11.411505
2019-05-13,01:15,46.3,46.5,45.4,96.6,0.95,W@0.0,1.4,55.4,0.0,0,"Woodinvill (21 Acres), Woodinville, King County",330026,Woodinvill,2019-06-25 19:16:11.411505
2019-05-13,01:30,45.7,46.0,44.9,96.8,0.95,N@0.0,0.0,55.3,0.0,0,"Woodinvill (21 Acres), Woodinville, King County",330026,Woodinvill,2019-06-25 19:16:11.411505
2019-05-13,01:45,45.1,45.5,44.3,96.9,0.95,N@0.0,0.0,55.3,0.0,0,"Woodinvill (21 Acres), Woodinville, King County",330026,Woodinvill,2019-06-25 19:16:11.411505
2019-05-13,02:00,44.7,45.0,43.9,97.0,0.96,N@0.0,0.0,55.3,0.0,0,"Woodinvill (21 Acres), Woodinville, King County",330026,Woodinvill,2019-06-25 19:16:11.411505
2019-05-13,02:15,44.7,45.0,44.0,97.3,1.0,N@0.0,0.0,55.2,0.0,0,"Woodinvill (21 Acres), Woodinville, King County",330026,Woodinvill,2019-06-25 19:16:11.411505
2019-05-13,02:30,44.0,44.3,43.3,97.3,1.0,N@0.0,0.0,55.2,0.0,0,"Woodinvill (21 Acres), Woodinville, King County",330026,Woodinvill,2019-06-25 19:16:11.411505
2019-05-13,02:45,43.7,44.0,43.0,97.1,1.0,N@0.0,0.0,55.1,0.0,0,"Woodinvill (21 Acres), Woodinville, King County",330026,Woodinvill,2019-06-25 19:16:11.411505
2019-05-13,03:00,44.1,44.5,43.5,97.7,1.0,N@0.0,0.0,55.1,0.0,0,"Woodinvill (21 Acres), Woodinville, King County",330026,Woodinvill,2019-06-25 19:16:11.411505
2019-05-13,03:15,44.0,44.3,43.4,97.7,1.0,W@0.0,1.4,55.1,0.0,0,"Woodinvill (21 Acres), Woodinville, King County",330026,Woodinvill,2019-06-25 19:16:11.411505
2019-05-13,03:30,43.2,43.5,42.7,97.8,0.95,N@0.0,0.0,55.0,0.0,0,"Woodinvill (21 Acres), Woodinville, King County",330026,Woodinvill,2019-06-25 19:16:11.411505
2019-05-13,03:45,43.9,44.2,43.3,97.9,0.95,N@0.0,0.0,55.0,0.0,0,"Woodinvill (21 Acres), Woodinville, King County",330026,Woodinvill,2019-06-25 19:16:11.411505
2019-05-13,04:00,43.2,43.4,42.6,97.9,0.95,N@0.0,0.0,54.9,0.0,0,"Woodinvill (21 Acres), Woodinville, King County",330026,Woodinvill,2019-06-25 19:16:11.411505
2019-05-13,04:15,43.1,43.4,42.6,98.0,0.95,SW@0.1,2.1,54.9,0.0,0,"Woodinvill (21 Acres), Woodinville, King County",330026,Woodinvill,2019-06-25 19:16:11.411505
2019-05-13,04:30,42.7,42.9,42.2,98.1,0.94,N@0.0,0.0,54.8,0.0,0,"Woodinvill (21 Acres), Woodinville, King County",330026,Woodinvill,2019-06-25 19:16:11.411505
2019-05-13,04:45,42.6,42.9,42.2,98.2,0.94,W@0.1,2.1,54.8,0.0,0,"Woodinvill (21 Acres), Woodinville, King County",330026,Woodinvill,2019-06-25 19:16:11.411505
2019-05-13,05:00,41.7,42.1,41.3,98.2,0.94,W@0.0,1.7,54.7,0.0,0,"Woodinvill (21 Acres), Woodinville, King County",330026,Woodinvill,2019-06-25 19:16:11.411505
2019-05-13,05:15,41.7,42.1,41.3,98.2,0.94,W@0.1,1.7,54.7,0.0,0,"Woodinvill (21 Acres), Woodinville, King County",330026,Woodinvill,2019-06-25 19:16:11.411505
2019-05-13,05:30,41.5,41.8,41.1,98.3,0.94,W@0.1,1.4,54.6,0.0,2,"Woodinvill (21 Acres), Woodinville, King County",330026,Woodinvill,2019-06-25 19:16:11.411505
2019-05-13,05:45,41.5,41.8,41.1,98.3,0.94,N@0.0,0.0,54.6,0.0,5,"Woodinvill (21 Acres), Woodinville, King County",330026,Woodinvill,2019-06-25 19:16:11.411505
2019-05-13,06:00,41.1,41.4,40.7,98.3,0.94,W@0.0,1.4,54.5,0.0,12,"Woodinvill (21 Acres), Woodinville, King County",330026,Woodinvill,2019-06-25 19:16:11.411505
2019-05-13,06:15,41.7,41.9,41.2,98.4,0.94,SW@0.0,1.4,54.5,0.0,19,"Woodinvill (21 Acres), Woodinville, King County",330026,Woodinvill,2019-06-25 19:16:11.411505
2019-05-13,06:30,42.1,42.5,41.7,98.4,0.94,N@0.0,0.0,54.4,0.0,28,"Woodinvill (21 Acres), Woodinville, King County",330026,Woodinvill,2019-06-25 19:16:11.411505
2019-05-13,06:45,43.2,43.5,42.8,98.4,0.94,W@0.0,1.4,54.3,0.0,54,"Woodinvill (21 Acres), Woodinville, King County",330026,Woodinvill,2019-06-25 19:16:11.411505
2019-05-13,07:00,44.7,44.8,44.2,98.3,0.94,SW@0.1,2.1,54.3,0.0,123,"Woodinvill (21 Acres), Woodinville, King County",330026,Woodinvill,2019-06-25 19:16:11.411505
2019-05-13,07:15,47.3,47.2,46.8,98.1,0.94,E@0.2,2.1,54.2,0.0,180,"Woodinvill (21 Acres), Woodinville, King County",330026,Woodinvill,2019-06-25 19:16:11.411505
2019-05-13,07:30,49.0,49.3,48.4,97.8,0.94,SE@0.2,2.4,54.2,0.0,215,"Woodinvill (21 Acres), Woodinville, King County",330026,Woodinvill,2019-06-25 19:16:11.411505
2019-05-13,07:45,49.4,50.0,48.8,97.6,0.94,SE@0.2,3.9,54.1,0.0,223,"Woodinvill (21 Acres), Woodinville, King County",330026,Woodinvill,2019-06-25 19:16:11.411505
2019-05-13,08:00,50.6,51.9,49.8,96.9,0.94,SE@1.9,7.4,54.1,0.0,362,"Woodinvill (21 Acres), Woodinville, King County",330026,Woodinvill,2019-06-25 19:16:11.411505
2019-05-13,08:15,51.6,53.0,49.0,90.6,0.94,S@3.2,8.5,54.0,0.0,420,"Woodinvill (21 Acres), Woodinville, King County",330026,Woodinvill,2019-06-25 19:16:11.411505
2019-05-13,08:30,52.9,53.8,47.6,81.8,0.93,S@2.3,7.4,54.0,0.0,370,"Woodinvill (21 Acres), Woodinville, King County",330026,Woodinvill,2019-06-25 19:16:11.411505
2019-05-13,08:45,52.9,53.5,45.5,75.8,0.81,S@3.9,7.4,53.9,0.0,366,"Woodinvill (21 Acres), Woodinville, King County",330026,Woodinvill,2019-06-25 19:16:11.411505
2019-05-13,09:00,53.2,53.7,45.4,74.8,0.26,S@2.9,6.4,53.8,0.0,320,"Woodinvill (21 Acres), Woodinville, King County",330026,Woodinvill,2019-06-25 19:16:11.411505
2019-05-13,09:15,53.4,53.8,44.8,72.7,0.0,S@3.7,7.1,53.8,0.0,396,"Woodinvill (21 Acres), Woodinville, King County",330026,Woodinvill,2019-06-25 19:16:11.411505
2019-05-13,09:30,54.2,54.6,45.0,71.1,0.0,S@3.5,6.7,53.8,0.0,430,"Woodinvill (21 Acres), Woodinville, King County",330026,Woodinvill,2019-06-25 19:16:11.411505
2019-05-13,09:45,54.5,54.9,44.7,69.5,0.0,S@3.3,7.4,53.7,0.0,386,"Woodinvill (21 Acres), Woodinville, King County",330026,Woodinvill,2019-06-25 19:16:11.411505
2019-05-13,10:00,54.0,54.5,44.2,69.3,0.0,S@4.2,9.9,53.7,0.0,370,"Woodinvill (21 Acres), Woodinville, King County",330026,Woodinvill,2019-06-25 19:16:11.411505
2019-05-13,10:15,54.9,55.5,45.2,69.6,0.0,S@2.6,5.3,53.7,0.0,367,"Woodinvill (21 Acres), Woodinville, King County",330026,Woodinvill,2019-06-25 19:16:11.411505
2019-05-13,10:30,55.2,55.7,44.8,67.8,0.0,S@3.3,7.8,53.6,0.0,427,"Woodinvill (21 Acres), Woodinville, King County",330026,Woodinvill,2019-06-25 19:16:11.411505
2019-05-13,10:45,56.2,56.7,45.2,66.3,0.0,S@3.1,7.4,53.6,0.0,483,"Woodinvill (21 Acres), Woodinville, King County",330026,Woodinvill,2019-06-25 19:16:11.411505
2019-05-13,11:00,56.6,57.1,45.1,65.4,0.0,SE@3.3,6.4,53.6,0.0,509,"Woodinvill (21 Acres), Woodinville, King County",330026,Woodinvill,2019-06-25 19:16:11.411505
2019-05-13,11:15,57.1,57.5,45.2,64.3,0.0,SE@3.2,8.5,53.6,0.0,472,"Woodinvill (21 Acres), Woodinville, King County",330026,Woodinvill,2019-06-25 19:16:11.411505
2019-05-13,11:30,57.4,57.8,44.7,62.6,0.0,S@2.6,6.0,53.6,0.0,476,"Woodinvill (21 Acres), Woodinville, King County",330026,Woodinvill,2019-06-25 19:16:11.411505
2019-05-13,11:45,58.2,58.7,45.0,61.5,0.0,SE@2.5,9.2,53.5,0.0,485,"Woodinvill (21 Acres), Woodinville, King County",330026,Woodinvill,2019-06-25 19:16:11.411505
2019-05-13,12:00,58.2,58.6,44.4,59.9,0.0,SW@2.5,6.0,53.5,0.0,519,"Woodinvill (21 Acres), Woodinville, King County",330026,Woodinvill,2019-06-25 19:16:11.411505
2019-05-13,12:15,59.0,59.4,44.7,59.0,0.0,SW@2.4,4.6,53.5,0.0,550,"Woodinvill (21 Acres), Woodinville, King County",330026,Woodinvill,2019-06-25 19:16:11.411505
2019-05-13,12:30,59.4,59.8,45.7,60.4,0.0,S@2.8,5.3,53.5,0.0,499,"Woodinvill (21 Acres), Woodinville, King County",330026,Woodinvill,2019-06-25 19:16:11.411505
2019-05-13,12:45,59.2,59.7,45.3,59.8,0.0,SW@3.1,5.7,53.5,0.0,527,"Woodinvill (21 Acres), Woodinville, King County",330026,Woodinvill,2019-06-25 19:16:11.411505
2019-05-13,13:00,59.2,59.6,45.1,59.6,0.0,SW@2.8,5.7,53.5,0.0,515,"Woodinvill (21 Acres), Woodinville, King County",330026,Woodinvill,2019-06-25 19:16:11.411505
2019-05-13,13:15,59.6,60.2,44.8,57.9,0.0,SW@3.7,6.0,53.5,0.0,564,"Woodinvill (21 Acres), Woodinville, King County",330026,Woodinvill,2019-06-25 19:16:11.411505
2019-05-13,13:30,60.0,60.4,43.4,54.2,0.0,SW@3.3,6.4,53.5,0.0,579,"Woodinvill (21 Acres), Woodinville, King County",330026,Woodinvill,2019-06-25 19:16:11.411505
2019-05-13,13:45,59.8,60.1,42.3,52.3,0.0,SW@3.4,7.4,53.5,0.0,477,"Woodinvill (21 Acres), Woodinville, King County",330026,Woodinvill,2019-06-25 19:16:11.411505
2019-05-13,14:00,60.3,60.7,41.8,50.3,0.0,SW@3.6,7.1,53.6,0.0,576,"Woodinvill (21 Acres), Woodinville, King County",330026,Woodinvill,2019-06-25 19:16:11.411505
2019-05-13,14:15,60.9,61.4,42.6,50.7,0.0,S@3.7,7.1,53.6,0.0,539,"Woodinvill (21 Acres), Woodinville, King County",330026,Woodinvill,2019-06-25 19:16:11.411505
2019-05-13,14:30,60.8,61.2,42.7,51.2,0.0,SW@4.1,7.8,53.6,0.0,512,"Woodinvill (21 Acres), Woodinville, King County",330026,Woodinvill,2019-06-25 19:16:11.411505
2019-05-13,14:45,61.0,61.5,42.0,49.4,0.0,SW@4.2,8.2,53.6,0.0,551,"Woodinvill (21 Acres), Woodinville, King County",330026,Woodinvill,2019-06-25 19:16:11.411505
2019-05-13,15:00,60.6,61.0,42.1,50.4,0.0,S@2.7,7.1,53.6,0.0,385,"Woodinvill (21 Acres), Woodinville, King County",330026,Woodinvill,2019-06-25 19:16:11.411505
2019-05-13,15:15,60.6,61.0,41.9,50.0,0.0,S@3.4,7.1,53.7,0.0,373,"Woodinvill (21 Acres), Woodinville, King County",330026,Woodinvill,2019-06-25 19:16:11.411505
2019-05-13,15:30,62.0,62.4,43.0,49.7,0.0,S@4.0,10.3,53.7,0.0,639,"Woodinvill (21 Acres), Woodinville, King County",330026,Woodinvill,2019-06-25 19:16:11.411505
2019-05-13,15:45,63.6,63.9,43.4,47.7,0.0,SW@3.1,6.4,53.7,0.0,739,"Woodinvill (21 Acres), Woodinville, King County",330026,Woodinvill,2019-06-25 19:16:11.411505
2019-05-13,16:00,64.4,64.6,42.9,45.6,0.0,SW@2.4,6.4,53.7,0.0,666,"Woodinvill (21 Acres), Woodinville, King County",330026,Woodinvill,2019-06-25 19:16:11.411505
2019-05-13,16:15,64.7,65.1,44.4,47.7,0.0,S@2.5,6.4,53.7,0.0,585,"Woodinvill (21 Acres), Woodinville, King County",330026,Woodinvill,2019-06-25 19:16:11.411505
2019-05-13,16:30,65.2,65.6,45.7,49.2,0.0,S@2.6,5.7,53.8,0.0,560,"Woodinvill (21 Acres), Woodinville, King County",330026,Woodinvill,2019-06-25 19:16:11.411505
2019-05-13,16:45,65.7,66.0,45.4,47.8,0.0,S@3.8,7.1,53.8,0.0,581,"Woodinvill (21 Acres), Woodinville, King County",330026,Woodinvill,2019-06-25 19:16:11.411505
2019-05-13,17:00,65.5,65.8,45.5,48.4,0.0,S@3.1,6.0,53.8,0.0,527,"Woodinvill (21 Acres), Woodinville, King County",330026,Woodinvill,2019-06-25 19:16:11.411505
2019-05-13,17:15,65.4,65.9,45.5,48.5,0.0,S@2.8,5.7,53.8,0.0,442,"Woodinvill (21 Acres), Woodinville, King County",330026,Woodinvill,2019-06-25 19:16:11.411505
2019-05-13,17:30,65.2,65.6,44.6,47.2,0.0,SW@2.5,4.2,53.9,0.0,344,"Woodinvill (21 Acres), Woodinville, King County",330026,Woodinvill,2019-06-25 19:16:11.411505
2019-05-13,17:45,65.4,65.9,44.4,46.4,0.0,SW@1.1,3.5,53.9,0.0,359,"Woodinvill (21 Acres), Woodinville, King County",330026,Woodinvill,2019-06-25 19:16:11.411505
2019-05-13,18:00,65.8,66.3,46.3,49.2,0.0,SE@1.2,3.5,53.9,0.0,327,"Woodinvill (21 Acres), Woodinville, King County",330026,Woodinvill,2019-06-25 19:16:11.411505
2019-05-13,18:15,66.0,66.4,46.7,49.8,0.0,S@1.3,3.5,54.0,0.0,292,"Woodinvill (21 Acres), Woodinville, King County",330026,Woodinvill,2019-06-25 19:16:11.411505
2019-05-13,18:30,65.6,66.4,44.9,47.0,0.0,NW@1.6,5.3,54.0,0.0,283,"Woodinvill (21 Acres), Woodinville, King County",330026,Woodinvill,2019-06-25 19:16:11.411505
2019-05-13,18:45,65.2,65.9,45.2,48.3,0.0,W@2.0,4.2,54.0,0.0,173,"Woodinvill (21 Acres), Woodinville, King County",330026,Woodinvill,2019-06-25 19:16:11.411505
2019-05-13,19:00,63.9,64.4,45.1,50.4,0.0,S@1.1,3.9,54.1,0.0,136,"Woodinvill (21 Acres), Woodinville, King County",330026,Woodinvill,2019-06-25 19:16:11.411505
2019-05-13,19:15,64.8,65.2,46.3,51.1,0.0,N@0.0,0.0,54.1,0.0,192,"Woodinvill (21 Acres), Woodinville, King County",330026,Woodinvill,2019-06-25 19:16:11.411505
2019-05-13,19:30,64.9,65.5,45.3,48.9,0.0,N@0.0,0.0,54.2,0.0,145,"Woodinvill (21 Acres), Woodinville, King County",330026,Woodinvill,2019-06-25 19:16:11.411505
2019-05-13,19:45,63.1,63.6,47.4,56.6,0.0,N@0.0,0.0,54.2,0.0,61,"Woodinvill (21 Acres), Woodinville, King County",330026,Woodinvill,2019-06-25 19:16:11.411505
2019-05-13,20:00,60.0,60.4,48.1,64.5,0.01,N@0.0,0.0,54.3,0.0,39,"Woodinvill (21 Acres), Woodinville, King County",330026,Woodinvill,2019-06-25 19:16:11.411505
2019-05-13,20:15,58.2,58.6,47.3,66.9,0.01,N@0.0,0.0,54.3,0.0,27,"Woodinvill (21 Acres), Woodinville, King County",330026,Woodinvill,2019-06-25 19:16:11.411505
2019-05-13,20:30,56.2,56.7,47.1,71.5,0.01,N@0.0,0.0,54.3,0.0,14,"Woodinvill (21 Acres), Woodinville, King County",330026,Woodinvill,2019-06-25 19:16:11.411505
2019-05-13,20:45,55.0,55.4,47.4,75.5,0.02,N@0.0,0.0,54.4,0.0,4,"Woodinvill (21 Acres), Woodinville, King County",330026,Woodinvill,2019-06-25 19:16:11.411505
2019-05-13,21:00,53.4,53.7,47.0,78.7,0.04,N@0.0,0.0,54.4,0.0,0,"Woodinvill (21 Acres), Woodinville, King County",330026,Woodinvill,2019-06-25 19:16:11.411505
2019-05-13,21:15,54.9,55.4,47.9,77.1,0.03,N@1.9,7.8,54.5,0.0,0,"Woodinvill (21 Acres), Woodinville, King County",330026,Woodinvill,2019-06-25 19:16:11.411505
2019-05-13,21:30,55.8,56.4,48.5,76.3,0.01,N@3.9,6.0,54.5,0.0,0,"Woodinvill (21 Acres), Woodinville, King County",330026,Woodinvill,2019-06-25 19:16:11.411505
2019-05-13,21:45,54.6,55.0,48.1,78.6,0.02,N@1.3,4.2,54.5,0.0,0,"Woodinvill (21 Acres), Woodinville, King County",330026,Woodinvill,2019-06-25 19:16:11.411505
2019-05-13,22:00,52.9,53.2,47.6,82.1,0.04,N@0.0,0.0,54.5,0.0,0,"Woodinvill (21 Acres), Woodinville, King County",330026,Woodinvill,2019-06-25 19:16:11.411505
2019-05-13,22:15,51.2,51.5,47.3,86.4,0.11,NW@0.0,1.4,54.6,0.0,0,"Woodinvill (21 Acres), Woodinville, King County",330026,Woodinvill,2019-06-25 19:16:11.411505
2019-05-13,22:30,50.3,50.6,46.6,87.0,0.21,NW@0.0,1.4,54.6,0.0,0,"Woodinvill (21 Acres), Woodinville, King County",330026,Woodinvill,2019-06-25 19:16:11.411505
2019-05-13,22:45,50.2,50.5,47.1,88.7,0.37,NW@0.0,1.4,54.6,0.0,0,"Woodinvill (21 Acres), Woodinville, King County",330026,Woodinvill,2019-06-25 19:16:11.411505
2019-05-13,23:00,49.6,49.8,46.8,90.0,0.51,N@0.0,0.0,54.6,0.0,0,"Woodinvill (21 Acres), Woodinville, King County",330026,Woodinvill,2019-06-25 19:16:11.411505
2019-05-13,23:15,49.5,50.0,46.6,89.4,0.63,NE@0.2,2.4,54.6,0.0,0,"Woodinvill (21 Acres), Woodinville, King County",330026,Woodinvill,2019-06-25 19:16:11.411505
2019-05-13,23:30,48.3,48.5,45.7,90.4,0.7,E@0.0,1.4,54.6,0.0,0,"Woodinvill (21 Acres), Woodinville, King County",330026,Woodinvill,2019-06-25 19:16:11.411505
2019-05-13,23:45,48.0,48.1,45.9,92.3,0.76,N@0.0,0.0,54.6,0.0,0,"Woodinvill (21 Acres), Woodinville, King County",330026,Woodinvill,2019-06-25 19:16:11.411505
2019-05-13,24:00,47.2,47.4,45.3,93.1,0.8,N@0.0,0.0,54.6,0.0,0,"Woodinvill (21 Acres), Woodinville, King County",330026,Woodinvill,2019-06-25 19:16:11.411505
