Date,Time PST,Air Temp °F, 2<sup>nd</sup> Air Temp °F, Dew Point °F, Rel Hum %, Leaf Wet u., Wind Dir @ Speed mph, Wind Gust mph, 8 in. Soil Tmp °F, Tot Prec in, Solar Rad W/m²,Location,Station ID,Station Name,Download Timestamp
2011-06-24,00:15,48.0,,38.0,67.9,0.0,SW@7.8,10.3,71.0,0.0,0,"Gramling, Benton County",100139,Gramling,2017-12-10 23:01:48.509176
2011-06-24,00:30,47.4,,38.2,70.4,0.0,S@7.4,9.6,70.8,0.0,0,"Gramling, Benton County",100139,Gramling,2017-12-10 23:01:48.509176
2011-06-24,00:45,47.9,,39.2,71.6,0.0,SW@7.3,9.2,70.7,0.0,0,"Gramling, Benton County",100139,Gramling,2017-12-10 23:01:48.509176
2011-06-24,01:00,48.7,,40.5,73.1,0.0,SW@7.0,9.2,70.5,0.0,0,"Gramling, Benton County",100139,Gramling,2017-12-10 23:01:48.509176
2011-06-24,01:15,50.0,,42.1,74.2,0.0,SW@7.1,9.2,70.4,0.0,0,"Gramling, Benton County",100139,Gramling,2017-12-10 23:01:48.509176
2011-06-24,01:30,51.2,,42.4,71.9,0.0,SW@8.8,11.4,70.3,0.0,0,"Gramling, Benton County",100139,Gramling,2017-12-10 23:01:48.509176
2011-06-24,01:45,50.8,,42.7,73.6,0.0,SW@8.3,11.7,70.1,0.0,0,"Gramling, Benton County",100139,Gramling,2017-12-10 23:01:48.509176
2011-06-24,02:00,50.1,,42.9,76.2,0.0,S@8.7,11.4,70.0,0.0,0,"Gramling, Benton County",100139,Gramling,2017-12-10 23:01:48.509176
2011-06-24,02:15,50.0,,42.9,76.4,0.0,S@8.6,12.4,69.9,0.0,0,"Gramling, Benton County",100139,Gramling,2017-12-10 23:01:48.509176
2011-06-24,02:30,50.0,,42.5,75.3,0.0,SW@8.1,11.7,69.7,0.0,0,"Gramling, Benton County",100139,Gramling,2017-12-10 23:01:48.509176
2011-06-24,02:45,49.6,,42.2,75.6,0.0,SW@7.8,9.9,69.6,0.0,0,"Gramling, Benton County",100139,Gramling,2017-12-10 23:01:48.509176
2011-06-24,03:00,49.2,,41.8,75.6,0.0,SW@9.3,12.1,69.5,0.0,0,"Gramling, Benton County",100139,Gramling,2017-12-10 23:01:48.509176
2011-06-24,03:15,49.1,,41.5,74.9,0.0,SW@9.3,12.4,69.4,0.0,0,"Gramling, Benton County",100139,Gramling,2017-12-10 23:01:48.509176
2011-06-24,03:30,49.3,,41.4,74.0,0.0,SW@9.5,13.2,69.3,0.0,0,"Gramling, Benton County",100139,Gramling,2017-12-10 23:01:48.509176
2011-06-24,03:45,48.9,,41.2,74.6,0.0,S@8.7,12.4,69.1,0.0,0,"Gramling, Benton County",100139,Gramling,2017-12-10 23:01:48.509176
2011-06-24,04:00,47.3,,40.8,78.1,0.0,S@8.1,10.7,69.0,0.0,1,"Gramling, Benton County",100139,Gramling,2017-12-10 23:01:48.509176
2011-06-24,04:15,46.6,,40.7,79.7,0.0,S@8.7,11.0,68.9,0.0,7,"Gramling, Benton County",100139,Gramling,2017-12-10 23:01:48.509176
2011-06-24,04:30,46.7,,40.9,80.2,0.0,S@8.8,13.2,68.8,0.0,12,"Gramling, Benton County",100139,Gramling,2017-12-10 23:01:48.509176
2011-06-24,04:45,46.5,,40.9,80.6,0.0,S@9.1,12.1,68.7,0.0,22,"Gramling, Benton County",100139,Gramling,2017-12-10 23:01:48.509176
2011-06-24,05:00,46.9,,41.2,80.4,0.0,S@8.0,11.4,68.6,0.0,88,"Gramling, Benton County",100139,Gramling,2017-12-10 23:01:48.509176
2011-06-24,05:15,47.9,,41.7,79.0,0.0,S@7.4,11.7,68.5,0.0,114,"Gramling, Benton County",100139,Gramling,2017-12-10 23:01:48.509176
2011-06-24,05:30,48.5,,41.7,77.2,0.0,S@7.7,11.0,68.4,0.0,174,"Gramling, Benton County",100139,Gramling,2017-12-10 23:01:48.509176
2011-06-24,05:45,50.2,,42.0,73.3,0.0,SW@10.8,15.3,68.3,0.0,207,"Gramling, Benton County",100139,Gramling,2017-12-10 23:01:48.509176
2011-06-24,06:00,51.8,,42.6,70.5,0.0,S@10.7,14.2,68.2,0.0,301,"Gramling, Benton County",100139,Gramling,2017-12-10 23:01:48.509176
2011-06-24,06:15,52.1,,42.2,68.8,0.0,S@9.9,13.9,68.1,0.0,200,"Gramling, Benton County",100139,Gramling,2017-12-10 23:01:48.509176
2011-06-24,06:30,53.1,,42.6,67.3,0.0,S@9.4,12.8,68.0,0.0,319,"Gramling, Benton County",100139,Gramling,2017-12-10 23:01:48.509176
2011-06-24,06:45,54.1,,41.9,63.2,0.0,SW@10.8,14.2,67.9,0.0,404,"Gramling, Benton County",100139,Gramling,2017-12-10 23:01:48.509176
2011-06-24,07:00,55.4,,41.9,60.4,0.0,S@10.0,12.8,67.8,0.0,454,"Gramling, Benton County",100139,Gramling,2017-12-10 23:01:48.509176
2011-06-24,07:15,56.8,,40.7,54.9,0.0,SW@10.0,12.4,67.8,0.0,524,"Gramling, Benton County",100139,Gramling,2017-12-10 23:01:48.509176
2011-06-24,07:30,58.4,,41.0,52.4,0.0,SW@9.1,12.1,67.7,0.0,592,"Gramling, Benton County",100139,Gramling,2017-12-10 23:01:48.509176
2011-06-24,07:45,57.7,,40.9,53.4,0.0,S@9.4,12.8,67.7,0.0,405,"Gramling, Benton County",100139,Gramling,2017-12-10 23:01:48.509176
2011-06-24,08:00,58.0,,41.4,54.0,0.0,SW@9.7,12.8,67.7,0.0,532,"Gramling, Benton County",100139,Gramling,2017-12-10 23:01:48.509176
2011-06-24,08:15,59.0,,42.0,53.1,0.0,S@10.0,13.9,67.7,0.0,653,"Gramling, Benton County",100139,Gramling,2017-12-10 23:01:48.509176
2011-06-24,08:30,59.5,,41.5,51.1,0.0,S@9.8,13.2,67.7,0.0,690,"Gramling, Benton County",100139,Gramling,2017-12-10 23:01:48.509176
2011-06-24,08:45,59.8,,40.7,49.2,0.0,SW@8.6,13.9,67.7,0.0,728,"Gramling, Benton County",100139,Gramling,2017-12-10 23:01:48.509176
2011-06-24,09:00,60.3,,40.9,48.7,0.0,S@9.7,15.7,67.7,0.0,753,"Gramling, Benton County",100139,Gramling,2017-12-10 23:01:48.509176
2011-06-24,09:15,60.6,,40.5,47.4,0.0,S@8.8,12.8,67.8,0.0,811,"Gramling, Benton County",100139,Gramling,2017-12-10 23:01:48.509176
2011-06-24,09:30,60.5,,40.2,46.8,0.0,S@7.1,11.7,67.9,0.0,645,"Gramling, Benton County",100139,Gramling,2017-12-10 23:01:48.509176
2011-06-24,09:45,61.5,,40.5,46.0,0.0,S@8.5,12.8,68.0,0.0,755,"Gramling, Benton County",100139,Gramling,2017-12-10 23:01:48.509176
2011-06-24,10:00,61.7,,39.6,44.0,0.0,SW@6.7,12.4,68.1,0.0,877,"Gramling, Benton County",100139,Gramling,2017-12-10 23:01:48.509176
2011-06-24,10:15,62.4,,39.3,42.5,0.0,S@6.5,11.4,68.2,0.0,899,"Gramling, Benton County",100139,Gramling,2017-12-10 23:01:48.509176
2011-06-24,10:30,62.8,,39.1,41.5,0.0,S@6.3,11.0,68.4,0.0,916,"Gramling, Benton County",100139,Gramling,2017-12-10 23:01:48.509176
2011-06-24,10:45,63.6,,39.2,40.6,0.0,SW@5.2,11.0,68.6,0.0,932,"Gramling, Benton County",100139,Gramling,2017-12-10 23:01:48.509176
2011-06-24,11:00,64.7,,39.2,39.0,0.0,SW@5.5,11.0,68.7,0.0,945,"Gramling, Benton County",100139,Gramling,2017-12-10 23:01:48.509176
2011-06-24,11:15,65.1,,38.8,37.9,0.0,SE@6.4,9.9,69.0,0.0,958,"Gramling, Benton County",100139,Gramling,2017-12-10 23:01:48.509176
2011-06-24,11:30,65.3,,38.4,37.0,0.0,S@5.9,12.4,69.2,0.0,965,"Gramling, Benton County",100139,Gramling,2017-12-10 23:01:48.509176
2011-06-24,11:45,66.1,,38.1,35.6,0.0,W@4.0,9.9,69.4,0.0,974,"Gramling, Benton County",100139,Gramling,2017-12-10 23:01:48.509176
2011-06-24,12:00,67.1,,38.6,35.0,0.0,S@5.8,12.4,69.7,0.0,1007,"Gramling, Benton County",100139,Gramling,2017-12-10 23:01:48.509176
2011-06-24,12:15,67.6,,38.8,34.7,0.0,SE@5.6,9.9,69.9,0.0,1021,"Gramling, Benton County",100139,Gramling,2017-12-10 23:01:48.509176
2011-06-24,12:30,66.8,,38.8,35.7,0.0,SW@6.2,10.3,70.2,0.0,649,"Gramling, Benton County",100139,Gramling,2017-12-10 23:01:48.509176
2011-06-24,12:45,65.9,,38.8,36.9,0.0,S@4.7,11.4,70.5,0.0,321,"Gramling, Benton County",100139,Gramling,2017-12-10 23:01:48.509176
2011-06-24,13:00,67.7,,38.9,34.7,0.0,SW@5.1,13.2,70.7,0.0,704,"Gramling, Benton County",100139,Gramling,2017-12-10 23:01:48.509176
2011-06-24,13:15,68.2,,40.2,36.0,0.0,SW@7.4,13.2,70.9,0.0,736,"Gramling, Benton County",100139,Gramling,2017-12-10 23:01:48.509176
2011-06-24,13:30,69.7,,40.3,34.3,0.0,SW@9.3,15.7,71.1,0.0,998,"Gramling, Benton County",100139,Gramling,2017-12-10 23:01:48.509176
2011-06-24,13:45,70.6,,40.0,32.8,0.0,SW@9.4,18.5,71.3,0.0,967,"Gramling, Benton County",100139,Gramling,2017-12-10 23:01:48.509176
2011-06-24,14:00,69.9,,38.9,32.2,0.0,SW@8.8,15.0,71.5,0.0,890,"Gramling, Benton County",100139,Gramling,2017-12-10 23:01:48.509176
2011-06-24,14:15,69.7,,37.3,30.5,0.0,SW@8.3,16.7,71.7,0.0,850,"Gramling, Benton County",100139,Gramling,2017-12-10 23:01:48.509176
2011-06-24,14:30,69.9,,36.0,28.7,0.0,SW@9.7,16.4,71.9,0.0,816,"Gramling, Benton County",100139,Gramling,2017-12-10 23:01:48.509176
2011-06-24,14:45,70.3,,35.6,28.0,0.0,SW@9.6,14.6,72.1,0.0,781,"Gramling, Benton County",100139,Gramling,2017-12-10 23:01:48.509176
2011-06-24,15:00,70.6,,34.0,25.9,0.0,SW@8.5,13.2,72.3,0.0,747,"Gramling, Benton County",100139,Gramling,2017-12-10 23:01:48.509176
2011-06-24,15:15,70.1,,32.4,24.7,0.0,SW@7.8,13.5,72.5,0.0,711,"Gramling, Benton County",100139,Gramling,2017-12-10 23:01:48.509176
2011-06-24,15:30,70.1,,32.8,25.2,0.0,S@6.4,11.7,72.6,0.0,671,"Gramling, Benton County",100139,Gramling,2017-12-10 23:01:48.509176
2011-06-24,15:45,71.0,,34.2,25.8,0.0,W@5.8,12.1,72.7,0.0,624,"Gramling, Benton County",100139,Gramling,2017-12-10 23:01:48.509176
2011-06-24,16:00,70.9,,35.7,27.5,0.0,S@5.5,10.3,72.9,0.0,587,"Gramling, Benton County",100139,Gramling,2017-12-10 23:01:48.509176
2011-06-24,16:15,71.2,,36.4,27.9,0.0,SW@6.6,13.2,73.0,0.0,553,"Gramling, Benton County",100139,Gramling,2017-12-10 23:01:48.509176
2011-06-24,16:30,71.4,,37.2,28.6,0.0,SW@8.0,13.9,73.1,0.0,511,"Gramling, Benton County",100139,Gramling,2017-12-10 23:01:48.509176
2011-06-24,16:45,70.3,,38.4,31.2,0.0,SW@10.9,15.3,73.1,0.0,431,"Gramling, Benton County",100139,Gramling,2017-12-10 23:01:48.509176
2011-06-24,17:00,69.9,,39.2,32.7,0.0,SW@10.3,15.7,73.2,0.0,430,"Gramling, Benton County",100139,Gramling,2017-12-10 23:01:48.509176
2011-06-24,17:15,70.0,,39.4,32.8,0.0,SW@8.3,13.2,73.2,0.0,387,"Gramling, Benton County",100139,Gramling,2017-12-10 23:01:48.509176
2011-06-24,17:30,69.9,,39.5,32.9,0.0,SW@9.4,14.2,73.3,0.0,347,"Gramling, Benton County",100139,Gramling,2017-12-10 23:01:48.509176
2011-06-24,17:45,69.1,,39.4,33.6,0.0,SW@9.7,13.5,73.3,0.0,301,"Gramling, Benton County",100139,Gramling,2017-12-10 23:01:48.509176
2011-06-24,18:00,68.8,,39.7,34.5,0.0,SW@8.8,12.8,73.3,0.0,256,"Gramling, Benton County",100139,Gramling,2017-12-10 23:01:48.509176
2011-06-24,18:15,68.5,,39.5,34.6,0.0,SW@10.5,14.2,73.3,0.0,219,"Gramling, Benton County",100139,Gramling,2017-12-10 23:01:48.509176
2011-06-24,18:30,67.7,,38.8,34.6,0.0,SW@11.2,16.0,73.3,0.0,177,"Gramling, Benton County",100139,Gramling,2017-12-10 23:01:48.509176
2011-06-24,18:45,66.8,,38.6,35.3,0.0,SW@11.0,15.7,73.2,0.0,142,"Gramling, Benton County",100139,Gramling,2017-12-10 23:01:48.509176
2011-06-24,19:00,65.8,,38.6,36.7,0.0,SW@10.0,14.2,73.2,0.0,108,"Gramling, Benton County",100139,Gramling,2017-12-10 23:01:48.509176
2011-06-24,19:15,64.3,,38.7,38.8,0.0,SW@9.7,12.8,73.1,0.0,72,"Gramling, Benton County",100139,Gramling,2017-12-10 23:01:48.509176
2011-06-24,19:30,61.8,,38.9,42.6,0.0,SW@9.5,12.4,73.1,0.0,20,"Gramling, Benton County",100139,Gramling,2017-12-10 23:01:48.509176
2011-06-24,19:45,60.5,,39.3,45.4,0.0,SW@9.7,14.2,73.0,0.0,15,"Gramling, Benton County",100139,Gramling,2017-12-10 23:01:48.509176
2011-06-24,20:00,60.2,,40.1,47.4,0.0,SW@9.8,13.2,72.9,0.0,5,"Gramling, Benton County",100139,Gramling,2017-12-10 23:01:48.509176
2011-06-24,20:15,57.5,,40.5,52.9,0.0,SW@10.0,12.4,72.8,0.0,1,"Gramling, Benton County",100139,Gramling,2017-12-10 23:01:48.509176
2011-06-24,20:30,57.4,,40.9,54.0,0.0,SW@9.6,12.8,72.7,0.0,0,"Gramling, Benton County",100139,Gramling,2017-12-10 23:01:48.509176
2011-06-24,20:45,59.6,,39.1,46.6,0.0,N@5.2,8.5,72.6,0.0,0,"Gramling, Benton County",100139,Gramling,2017-12-10 23:01:48.509176
2011-06-24,21:00,60.8,,36.1,39.7,0.0,N@3.3,6.0,72.5,0.0,0,"Gramling, Benton County",100139,Gramling,2017-12-10 23:01:48.509176
2011-06-24,21:15,59.7,,36.0,41.1,0.0,N@5.1,9.9,72.4,0.0,0,"Gramling, Benton County",100139,Gramling,2017-12-10 23:01:48.509176
2011-06-24,21:30,58.1,,36.1,43.7,0.0,N@4.1,7.1,72.3,0.0,0,"Gramling, Benton County",100139,Gramling,2017-12-10 23:01:48.509176
2011-06-24,21:45,57.9,,36.3,44.3,0.0,N@3.2,7.4,72.1,0.0,0,"Gramling, Benton County",100139,Gramling,2017-12-10 23:01:48.509176
2011-06-24,22:00,57.0,,36.4,45.9,0.0,N@2.2,3.9,72.0,0.0,0,"Gramling, Benton County",100139,Gramling,2017-12-10 23:01:48.509176
2011-06-24,22:15,55.0,,36.5,49.6,0.0,S@2.2,4.2,71.9,0.0,0,"Gramling, Benton County",100139,Gramling,2017-12-10 23:01:48.509176
2011-06-24,22:30,50.4,,36.6,58.8,0.0,S@4.1,5.3,71.8,0.0,0,"Gramling, Benton County",100139,Gramling,2017-12-10 23:01:48.509176
2011-06-24,22:45,49.5,,36.8,61.6,0.0,S@4.6,6.4,71.6,0.0,0,"Gramling, Benton County",100139,Gramling,2017-12-10 23:01:48.509176
2011-06-24,23:00,49.6,,37.1,61.9,0.0,S@4.3,6.0,71.5,0.0,0,"Gramling, Benton County",100139,Gramling,2017-12-10 23:01:48.509176
2011-06-25,23:15,49.9,,36.9,60.7,0.0,S@4.6,5.7,71.4,0.0,0,"Gramling, Benton County",100139,Gramling,2017-12-10 23:01:48.509176
2011-06-25,23:30,50.9,,37.2,59.2,0.0,S@5.9,9.6,71.2,0.0,0,"Gramling, Benton County",100139,Gramling,2017-12-10 23:01:48.509176
2011-06-25,23:45,49.9,,37.3,61.8,0.0,SW@6.9,8.5,71.1,0.0,0,"Gramling, Benton County",100139,Gramling,2017-12-10 23:01:48.509176
2011-06-25,24:00,50.1,,37.4,61.4,0.0,S@7.1,10.3,70.9,0.0,0,"Gramling, Benton County",100139,Gramling,2017-12-10 23:01:48.509176
2011-06-25,00:15,48.7,,37.4,64.9,0.0,SW@6.3,8.9,70.8,0.0,0,"Gramling, Benton County",100139,Gramling,2017-12-10 23:01:48.509176
2011-06-25,00:30,48.1,,37.5,66.5,0.0,SW@4.1,6.4,70.7,0.0,0,"Gramling, Benton County",100139,Gramling,2017-12-10 23:01:48.509176
2011-06-25,00:45,48.4,,37.7,66.3,0.0,SW@4.3,7.8,70.5,0.0,0,"Gramling, Benton County",100139,Gramling,2017-12-10 23:01:48.509176
2011-06-25,01:00,49.4,,38.2,65.1,0.0,SW@4.7,6.0,70.4,0.0,0,"Gramling, Benton County",100139,Gramling,2017-12-10 23:01:48.509176
2011-06-25,01:15,51.0,,38.6,62.5,0.0,S@4.9,7.1,70.3,0.0,0,"Gramling, Benton County",100139,Gramling,2017-12-10 23:01:48.509176
2011-06-25,01:30,50.5,,38.7,63.8,0.0,S@5.1,7.1,70.1,0.0,0,"Gramling, Benton County",100139,Gramling,2017-12-10 23:01:48.509176
2011-06-25,01:45,50.6,,38.2,62.3,0.0,SW@5.7,7.4,70.0,0.0,0,"Gramling, Benton County",100139,Gramling,2017-12-10 23:01:48.509176
2011-06-25,02:00,51.1,,37.4,59.2,0.0,SW@6.0,8.2,69.9,0.0,0,"Gramling, Benton County",100139,Gramling,2017-12-10 23:01:48.509176
2011-06-25,02:15,48.9,,36.6,62.4,0.0,SW@5.6,7.1,69.7,0.0,0,"Gramling, Benton County",100139,Gramling,2017-12-10 23:01:48.509176
2011-06-25,02:30,47.7,,36.0,63.6,0.0,SW@5.2,6.4,69.6,0.0,0,"Gramling, Benton County",100139,Gramling,2017-12-10 23:01:48.509176
2011-06-25,02:45,47.4,,35.9,64.3,0.0,S@5.2,7.4,69.5,0.0,0,"Gramling, Benton County",100139,Gramling,2017-12-10 23:01:48.509176
2011-06-25,03:00,46.3,,35.9,66.9,0.0,S@5.8,8.2,69.4,0.0,0,"Gramling, Benton County",100139,Gramling,2017-12-10 23:01:48.509176
2011-06-25,03:15,45.9,,36.8,70.4,0.0,S@6.2,8.9,69.3,0.0,0,"Gramling, Benton County",100139,Gramling,2017-12-10 23:01:48.509176
2011-06-25,03:30,46.1,,39.3,77.0,0.0,S@6.6,8.9,69.2,0.0,0,"Gramling, Benton County",100139,Gramling,2017-12-10 23:01:48.509176
2011-06-25,03:45,45.8,,39.6,78.8,0.0,S@6.3,8.9,69.0,0.0,0,"Gramling, Benton County",100139,Gramling,2017-12-10 23:01:48.509176
2011-06-25,04:00,45.3,,39.4,79.6,0.0,S@6.5,9.6,68.9,0.0,1,"Gramling, Benton County",100139,Gramling,2017-12-10 23:01:48.509176
2011-06-25,04:15,46.3,,40.0,78.4,0.0,S@7.3,10.7,68.8,0.0,6,"Gramling, Benton County",100139,Gramling,2017-12-10 23:01:48.509176
2011-06-25,04:30,46.5,,40.1,78.2,0.0,SW@8.3,11.7,68.7,0.0,15,"Gramling, Benton County",100139,Gramling,2017-12-10 23:01:48.509176
2011-06-25,04:45,46.7,,40.1,77.6,0.0,S@8.0,10.7,68.5,0.0,21,"Gramling, Benton County",100139,Gramling,2017-12-10 23:01:48.509176
2011-06-25,05:00,46.9,,40.2,77.1,0.0,S@7.8,10.7,68.4,0.0,76,"Gramling, Benton County",100139,Gramling,2017-12-10 23:01:48.509176
2011-06-25,05:15,47.9,,40.7,75.9,0.0,S@6.9,9.2,68.3,0.0,84,"Gramling, Benton County",100139,Gramling,2017-12-10 23:01:48.509176
2011-06-25,05:30,47.6,,40.8,77.2,0.0,S@7.9,10.7,68.2,0.0,44,"Gramling, Benton County",100139,Gramling,2017-12-10 23:01:48.509176
2011-06-25,05:45,47.3,,40.8,78.0,0.0,S@7.7,10.7,68.1,0.0,89,"Gramling, Benton County",100139,Gramling,2017-12-10 23:01:48.509176
2011-06-25,06:00,50.5,,42.0,72.3,0.0,S@6.3,9.2,68.0,0.0,270,"Gramling, Benton County",100139,Gramling,2017-12-10 23:01:48.509176
2011-06-25,06:15,54.2,,41.6,62.4,0.0,SW@6.2,8.9,67.8,0.0,313,"Gramling, Benton County",100139,Gramling,2017-12-10 23:01:48.509176
2011-06-25,06:30,55.5,,41.1,58.2,0.0,S@7.1,10.3,67.7,0.0,358,"Gramling, Benton County",100139,Gramling,2017-12-10 23:01:48.509176
2011-06-25,06:45,56.1,,41.5,57.9,0.0,S@7.8,11.0,67.6,0.0,404,"Gramling, Benton County",100139,Gramling,2017-12-10 23:01:48.509176
2011-06-25,07:00,56.4,,41.2,56.7,0.0,S@7.4,11.7,67.6,0.0,449,"Gramling, Benton County",100139,Gramling,2017-12-10 23:01:48.509176
2011-06-25,07:15,57.0,,40.9,54.8,0.0,S@8.2,11.7,67.5,0.0,491,"Gramling, Benton County",100139,Gramling,2017-12-10 23:01:48.509176
2011-06-25,07:30,57.4,,41.1,54.4,0.0,SW@7.5,11.4,67.4,0.0,533,"Gramling, Benton County",100139,Gramling,2017-12-10 23:01:48.509176
2011-06-25,07:45,58.2,,41.2,53.1,0.0,S@7.6,10.7,67.4,0.0,575,"Gramling, Benton County",100139,Gramling,2017-12-10 23:01:48.509176
2011-06-25,08:00,58.6,,41.0,51.8,0.0,SW@7.1,11.0,67.4,0.0,615,"Gramling, Benton County",100139,Gramling,2017-12-10 23:01:48.509176
2011-06-25,08:15,59.6,,40.8,49.6,0.0,SW@7.3,11.7,67.4,0.0,655,"Gramling, Benton County",100139,Gramling,2017-12-10 23:01:48.509176
2011-06-25,08:30,60.4,,40.4,47.6,0.0,SW@7.1,11.7,67.4,0.0,694,"Gramling, Benton County",100139,Gramling,2017-12-10 23:01:48.509176
2011-06-25,08:45,61.4,,40.1,45.3,0.0,S@5.7,10.7,67.4,0.0,731,"Gramling, Benton County",100139,Gramling,2017-12-10 23:01:48.509176
2011-06-25,09:00,62.0,,39.8,44.0,0.0,SW@5.0,10.7,67.5,0.0,765,"Gramling, Benton County",100139,Gramling,2017-12-10 23:01:48.509176
2011-06-25,09:15,63.1,,39.4,41.6,0.0,S@5.0,10.7,67.5,0.0,799,"Gramling, Benton County",100139,Gramling,2017-12-10 23:01:48.509176
2011-06-25,09:30,63.7,,39.3,40.5,0.0,S@5.8,12.1,67.6,0.0,830,"Gramling, Benton County",100139,Gramling,2017-12-10 23:01:48.509176
2011-06-25,09:45,63.5,,38.9,40.2,0.0,SW@5.0,10.7,67.8,0.0,858,"Gramling, Benton County",100139,Gramling,2017-12-10 23:01:48.509176
2011-06-25,10:00,64.1,,37.6,37.4,0.0,SW@6.2,11.7,67.9,0.0,882,"Gramling, Benton County",100139,Gramling,2017-12-10 23:01:48.509176
2011-06-25,10:15,64.4,,38.8,38.8,0.0,SW@7.8,17.8,68.0,0.0,902,"Gramling, Benton County",100139,Gramling,2017-12-10 23:01:48.509176
2011-06-25,10:30,65.2,,39.3,38.4,0.0,S@7.9,15.0,68.2,0.0,922,"Gramling, Benton County",100139,Gramling,2017-12-10 23:01:48.509176
2011-06-25,10:45,65.8,,39.1,37.4,0.0,S@7.7,15.3,68.4,0.0,937,"Gramling, Benton County",100139,Gramling,2017-12-10 23:01:48.509176
2011-06-25,11:00,66.2,,39.0,36.7,0.0,SW@6.8,12.4,68.6,0.0,952,"Gramling, Benton County",100139,Gramling,2017-12-10 23:01:48.509176
2011-06-25,11:15,66.7,,39.0,36.2,0.0,SW@7.3,12.1,68.8,0.0,961,"Gramling, Benton County",100139,Gramling,2017-12-10 23:01:48.509176
2011-06-25,11:30,66.3,,38.0,35.2,0.0,SW@7.6,12.8,69.1,0.0,968,"Gramling, Benton County",100139,Gramling,2017-12-10 23:01:48.509176
2011-06-25,11:45,67.5,,37.6,33.3,0.0,W@6.2,15.0,69.4,0.0,973,"Gramling, Benton County",100139,Gramling,2017-12-10 23:01:48.509176
2011-06-25,12:00,67.8,,38.5,34.0,0.0,SW@5.4,11.0,69.6,0.0,972,"Gramling, Benton County",100139,Gramling,2017-12-10 23:01:48.509176
2011-06-25,12:15,67.9,,36.8,31.8,0.0,SW@6.5,15.0,69.9,0.0,974,"Gramling, Benton County",100139,Gramling,2017-12-10 23:01:48.509176
2011-06-25,12:30,68.6,,37.8,32.2,0.0,SW@5.9,15.0,70.2,0.0,962,"Gramling, Benton County",100139,Gramling,2017-12-10 23:01:48.509176
2011-06-25,12:45,68.9,,37.2,31.1,0.0,SW@6.6,13.5,70.5,0.0,954,"Gramling, Benton County",100139,Gramling,2017-12-10 23:01:48.509176
2011-06-25,13:00,69.2,,35.2,28.5,0.0,SW@6.5,12.1,70.8,0.0,945,"Gramling, Benton County",100139,Gramling,2017-12-10 23:01:48.509176
2011-06-25,13:15,70.6,,36.0,28.0,0.0,W@6.6,11.4,71.0,0.0,928,"Gramling, Benton County",100139,Gramling,2017-12-10 23:01:48.509176
2011-06-25,13:30,70.9,,34.9,26.5,0.0,W@5.6,11.4,71.3,0.0,912,"Gramling, Benton County",100139,Gramling,2017-12-10 23:01:48.509176
2011-06-25,13:45,70.3,,32.8,24.9,0.0,SW@8.7,13.2,71.6,0.0,894,"Gramling, Benton County",100139,Gramling,2017-12-10 23:01:48.509176
2011-06-25,14:00,70.5,,30.7,22.8,0.0,SW@5.9,11.7,71.8,0.0,872,"Gramling, Benton County",100139,Gramling,2017-12-10 23:01:48.509176
2011-06-25,14:15,71.4,,30.5,21.9,0.0,S@6.5,12.1,72.0,0.0,844,"Gramling, Benton County",100139,Gramling,2017-12-10 23:01:48.509176
2011-06-25,14:30,70.7,,30.5,22.5,0.0,S@6.1,11.7,72.3,0.0,816,"Gramling, Benton County",100139,Gramling,2017-12-10 23:01:48.509176
2011-06-25,14:45,71.5,,31.3,22.5,0.0,W@5.1,9.6,72.5,0.0,783,"Gramling, Benton County",100139,Gramling,2017-12-10 23:01:48.509176
2011-06-25,15:00,72.3,,31.5,22.2,0.0,S@5.0,9.6,72.7,0.0,748,"Gramling, Benton County",100139,Gramling,2017-12-10 23:01:48.509176
2011-06-25,15:15,72.0,,31.4,22.3,0.0,SW@5.0,12.1,72.8,0.0,713,"Gramling, Benton County",100139,Gramling,2017-12-10 23:01:48.509176
2011-06-25,15:30,72.2,,31.3,22.1,0.0,E@4.8,11.7,73.0,0.0,677,"Gramling, Benton County",100139,Gramling,2017-12-10 23:01:48.509176
2011-06-25,15:45,73.6,,32.0,21.7,0.0,SW@3.9,7.8,73.1,0.0,640,"Gramling, Benton County",100139,Gramling,2017-12-10 23:01:48.509176
2011-06-25,16:00,74.0,,31.4,20.9,0.0,SW@3.5,7.4,73.2,0.0,600,"Gramling, Benton County",100139,Gramling,2017-12-10 23:01:48.509176
2011-06-25,16:15,73.8,,30.9,20.5,0.0,N@4.3,8.2,73.3,0.0,558,"Gramling, Benton County",100139,Gramling,2017-12-10 23:01:48.509176
2011-06-25,16:30,73.1,,30.5,20.7,0.0,NE@4.1,7.8,73.4,0.0,515,"Gramling, Benton County",100139,Gramling,2017-12-10 23:01:48.509176
2011-06-25,16:45,73.7,,31.1,20.8,0.0,S@3.3,6.7,73.5,0.0,472,"Gramling, Benton County",100139,Gramling,2017-12-10 23:01:48.509176
2011-06-25,17:00,73.8,,31.1,20.7,0.0,S@3.6,8.5,73.5,0.0,429,"Gramling, Benton County",100139,Gramling,2017-12-10 23:01:48.509176
2011-06-25,17:15,73.2,,32.0,21.9,0.0,SE@3.9,8.9,73.6,0.0,386,"Gramling, Benton County",100139,Gramling,2017-12-10 23:01:48.509176
2011-06-25,17:30,73.4,,32.4,22.1,0.0,E@4.2,7.1,73.6,0.0,340,"Gramling, Benton County",100139,Gramling,2017-12-10 23:01:48.509176
2011-06-25,17:45,72.3,,32.4,22.9,0.0,E@5.5,9.2,73.6,0.0,298,"Gramling, Benton County",100139,Gramling,2017-12-10 23:01:48.509176
2011-06-25,18:00,71.6,,31.9,23.0,0.0,E@6.1,9.6,73.6,0.0,256,"Gramling, Benton County",100139,Gramling,2017-12-10 23:01:48.509176
2011-06-25,18:15,71.0,,31.2,22.9,0.0,E@5.9,9.2,73.6,0.0,215,"Gramling, Benton County",100139,Gramling,2017-12-10 23:01:48.509176
2011-06-25,18:30,70.3,,31.0,23.2,0.0,SE@5.6,8.9,73.6,0.0,176,"Gramling, Benton County",100139,Gramling,2017-12-10 23:01:48.509176
2011-06-25,18:45,69.9,,30.8,23.3,0.0,SE@3.4,8.2,73.5,0.0,139,"Gramling, Benton County",100139,Gramling,2017-12-10 23:01:48.509176
2011-06-25,19:00,68.7,,31.6,25.1,0.0,E@3.0,4.2,73.5,0.0,106,"Gramling, Benton County",100139,Gramling,2017-12-10 23:01:48.509176
2011-06-25,19:15,67.1,,36.6,32.5,0.0,SE@2.6,4.2,73.4,0.0,76,"Gramling, Benton County",100139,Gramling,2017-12-10 23:01:48.509176
2011-06-25,19:30,62.5,,37.4,39.2,0.0,S@3.7,4.9,73.3,0.0,37,"Gramling, Benton County",100139,Gramling,2017-12-10 23:01:48.509176
2011-06-25,19:45,59.2,,35.4,40.7,0.0,S@4.9,5.7,73.3,0.0,21,"Gramling, Benton County",100139,Gramling,2017-12-10 23:01:48.509176
2011-06-25,20:00,58.0,,33.9,40.1,0.0,S@4.9,5.7,73.2,0.0,6,"Gramling, Benton County",100139,Gramling,2017-12-10 23:01:48.509176
2011-06-25,20:15,56.9,,32.8,40.0,0.0,S@4.8,6.0,73.1,0.0,1,"Gramling, Benton County",100139,Gramling,2017-12-10 23:01:48.509176
2011-06-25,20:30,55.5,,31.9,40.5,0.0,S@4.8,5.7,73.0,0.0,0,"Gramling, Benton County",100139,Gramling,2017-12-10 23:01:48.509176
2011-06-25,20:45,56.1,,30.5,37.5,0.0,S@4.7,5.7,72.8,0.0,0,"Gramling, Benton County",100139,Gramling,2017-12-10 23:01:48.509176
2011-06-25,21:00,57.1,,29.3,34.3,0.0,S@5.2,6.4,72.7,0.0,0,"Gramling, Benton County",100139,Gramling,2017-12-10 23:01:48.509176
2011-06-25,21:15,57.5,,28.7,33.0,0.0,S@5.1,6.4,72.6,0.0,0,"Gramling, Benton County",100139,Gramling,2017-12-10 23:01:48.509176
2011-06-25,21:30,57.6,,29.1,33.5,0.0,S@5.0,6.0,72.5,0.0,0,"Gramling, Benton County",100139,Gramling,2017-12-10 23:01:48.509176
2011-06-25,21:45,57.4,,28.4,32.7,0.0,S@4.5,5.7,72.4,0.0,0,"Gramling, Benton County",100139,Gramling,2017-12-10 23:01:48.509176
2011-06-25,22:00,56.3,,27.4,32.8,0.0,S@5.0,5.7,72.2,0.0,0,"Gramling, Benton County",100139,Gramling,2017-12-10 23:01:48.509176
2011-06-25,22:15,54.8,,28.9,36.7,0.0,SW@4.8,8.2,72.1,0.0,0,"Gramling, Benton County",100139,Gramling,2017-12-10 23:01:48.509176
2011-06-25,22:30,57.2,,31.6,37.5,0.0,W@4.4,7.4,71.9,0.0,0,"Gramling, Benton County",100139,Gramling,2017-12-10 23:01:48.509176
2011-06-25,22:45,55.4,,34.6,45.3,0.0,SW@3.6,6.0,71.8,0.0,0,"Gramling, Benton County",100139,Gramling,2017-12-10 23:01:48.509176
2011-06-25,23:00,52.5,,35.0,51.1,0.0,S@3.9,4.9,71.6,0.0,0,"Gramling, Benton County",100139,Gramling,2017-12-10 23:01:48.509176
2011-06-26,23:15,51.1,,35.2,54.3,0.0,S@4.9,6.0,71.5,0.0,0,"Gramling, Benton County",100139,Gramling,2017-12-10 23:01:48.509176
2011-06-26,23:30,50.0,,35.3,56.8,0.0,S@4.6,6.0,71.3,0.0,0,"Gramling, Benton County",100139,Gramling,2017-12-10 23:01:48.509176
2011-06-26,23:45,50.5,,35.3,55.6,0.0,S@3.9,5.3,71.2,0.0,0,"Gramling, Benton County",100139,Gramling,2017-12-10 23:01:48.509176
2011-06-26,24:00,49.0,,35.0,58.3,0.0,S@4.3,4.9,71.0,0.0,0,"Gramling, Benton County",100139,Gramling,2017-12-10 23:01:48.509176
2011-06-26,00:15,48.9,,34.9,58.4,0.0,S@4.6,5.3,70.9,0.0,0,"Gramling, Benton County",100139,Gramling,2017-12-10 23:01:48.509176
2011-06-26,00:30,47.8,,34.8,60.4,0.0,S@4.5,5.3,70.8,0.0,0,"Gramling, Benton County",100139,Gramling,2017-12-10 23:01:48.509176
2011-06-26,00:45,47.7,,34.6,60.1,0.0,S@3.8,4.9,70.6,0.0,0,"Gramling, Benton County",100139,Gramling,2017-12-10 23:01:48.509176
2011-06-26,01:00,48.6,,34.7,58.5,0.0,S@3.9,5.3,70.5,0.0,0,"Gramling, Benton County",100139,Gramling,2017-12-10 23:01:48.509176
2011-06-26,01:15,51.2,,35.0,53.7,0.0,SE@1.0,3.9,70.3,0.0,0,"Gramling, Benton County",100139,Gramling,2017-12-10 23:01:48.509176
2011-06-26,01:30,53.1,,35.1,50.2,0.0,E@2.6,3.9,70.2,0.0,0,"Gramling, Benton County",100139,Gramling,2017-12-10 23:01:48.509176
2011-06-26,01:45,51.8,,35.0,52.4,0.0,S@2.3,4.6,70.0,0.0,0,"Gramling, Benton County",100139,Gramling,2017-12-10 23:01:48.509176
2011-06-26,02:00,47.2,,34.9,61.9,0.0,S@3.6,4.6,69.9,0.0,0,"Gramling, Benton County",100139,Gramling,2017-12-10 23:01:48.509176
2011-06-26,02:15,48.2,,35.1,60.1,0.0,S@2.8,3.9,69.7,0.0,0,"Gramling, Benton County",100139,Gramling,2017-12-10 23:01:48.509176
2011-06-26,02:30,51.5,,35.4,53.9,0.0,SE@3.5,4.2,69.6,0.0,0,"Gramling, Benton County",100139,Gramling,2017-12-10 23:01:48.509176
2011-06-26,02:45,48.0,,34.9,60.1,0.0,S@3.2,4.2,69.5,0.0,0,"Gramling, Benton County",100139,Gramling,2017-12-10 23:01:48.509176
2011-06-26,03:00,47.1,,35.1,63.0,0.0,S@3.9,4.6,69.3,0.0,0,"Gramling, Benton County",100139,Gramling,2017-12-10 23:01:48.509176
2011-06-26,03:15,48.1,,35.1,60.6,0.0,S@3.9,4.6,69.2,0.0,0,"Gramling, Benton County",100139,Gramling,2017-12-10 23:01:48.509176
2011-06-26,03:30,46.1,,35.0,64.9,0.0,S@5.4,6.4,69.0,0.0,0,"Gramling, Benton County",100139,Gramling,2017-12-10 23:01:48.509176
2011-06-26,03:45,46.5,,35.2,64.6,0.0,S@5.8,6.7,68.9,0.0,0,"Gramling, Benton County",100139,Gramling,2017-12-10 23:01:48.509176
2011-06-26,04:00,47.1,,35.2,63.1,0.0,S@5.9,7.1,68.7,0.0,2,"Gramling, Benton County",100139,Gramling,2017-12-10 23:01:48.509176
2011-06-26,04:15,47.0,,35.2,63.2,0.0,SW@5.7,7.1,68.6,0.0,6,"Gramling, Benton County",100139,Gramling,2017-12-10 23:01:48.509176
2011-06-26,04:30,47.3,,35.3,62.7,0.0,S@5.4,6.4,68.5,0.0,27,"Gramling, Benton County",100139,Gramling,2017-12-10 23:01:48.509176
2011-06-26,04:45,48.5,,35.7,61.0,0.0,S@5.7,6.7,68.3,0.0,58,"Gramling, Benton County",100139,Gramling,2017-12-10 23:01:48.509176
2011-06-26,05:00,50.3,,36.7,59.3,0.0,S@6.0,7.4,68.2,0.0,94,"Gramling, Benton County",100139,Gramling,2017-12-10 23:01:48.509176
2011-06-26,05:15,52.3,,37.5,56.8,0.0,SW@5.7,8.2,68.1,0.0,134,"Gramling, Benton County",100139,Gramling,2017-12-10 23:01:48.509176
2011-06-26,05:30,54.4,,38.3,54.3,0.0,S@5.3,6.7,68.0,0.0,175,"Gramling, Benton County",100139,Gramling,2017-12-10 23:01:48.509176
2011-06-26,05:45,56.5,,38.6,50.9,0.0,S@6.0,8.5,67.9,0.0,218,"Gramling, Benton County",100139,Gramling,2017-12-10 23:01:48.509176
2011-06-26,06:00,57.9,,38.6,48.4,0.0,S@6.5,8.5,67.7,0.0,261,"Gramling, Benton County",100139,Gramling,2017-12-10 23:01:48.509176
2011-06-26,06:15,58.7,,38.9,47.6,0.0,S@7.0,9.6,67.7,0.0,305,"Gramling, Benton County",100139,Gramling,2017-12-10 23:01:48.509176
2011-06-26,06:30,60.1,,39.2,45.8,0.0,S@6.1,8.5,67.6,0.0,350,"Gramling, Benton County",100139,Gramling,2017-12-10 23:01:48.509176
2011-06-26,06:45,61.4,,38.9,43.3,0.0,S@5.5,8.5,67.5,0.0,396,"Gramling, Benton County",100139,Gramling,2017-12-10 23:01:48.509176
2011-06-26,07:00,61.9,,38.6,42.0,0.0,S@5.7,8.2,67.4,0.0,440,"Gramling, Benton County",100139,Gramling,2017-12-10 23:01:48.509176
2011-06-26,07:15,62.3,,39.3,42.5,0.0,S@5.5,9.2,67.4,0.0,484,"Gramling, Benton County",100139,Gramling,2017-12-10 23:01:48.509176
2011-06-26,07:30,62.9,,39.2,41.5,0.0,S@4.9,7.8,67.3,0.0,528,"Gramling, Benton County",100139,Gramling,2017-12-10 23:01:48.509176
2011-06-26,07:45,63.8,,38.8,39.6,0.0,S@4.2,6.7,67.3,0.0,570,"Gramling, Benton County",100139,Gramling,2017-12-10 23:01:48.509176
2011-06-26,08:00,64.5,,38.4,38.0,0.0,S@4.0,7.4,67.3,0.0,611,"Gramling, Benton County",100139,Gramling,2017-12-10 23:01:48.509176
2011-06-26,08:15,65.6,,38.3,36.5,0.0,E@3.6,6.7,67.3,0.0,651,"Gramling, Benton County",100139,Gramling,2017-12-10 23:01:48.509176
2011-06-26,08:30,66.6,,38.2,35.2,0.0,E@4.5,8.2,67.4,0.0,688,"Gramling, Benton County",100139,Gramling,2017-12-10 23:01:48.509176
2011-06-26,08:45,67.2,,38.3,34.4,0.0,E@4.1,7.1,67.4,0.0,723,"Gramling, Benton County",100139,Gramling,2017-12-10 23:01:48.509176
2011-06-26,09:00,68.2,,40.0,35.6,0.0,NE@5.1,9.9,67.5,0.0,757,"Gramling, Benton County",100139,Gramling,2017-12-10 23:01:48.509176
2011-06-26,09:15,68.3,,40.4,36.1,0.0,NE@4.9,11.0,67.5,0.0,788,"Gramling, Benton County",100139,Gramling,2017-12-10 23:01:48.509176
2011-06-26,09:30,69.4,,40.2,34.4,0.0,N@3.9,8.2,67.6,0.0,819,"Gramling, Benton County",100139,Gramling,2017-12-10 23:01:48.509176
2011-06-26,09:45,69.6,,40.4,34.5,0.0,E@5.1,8.5,67.7,0.0,848,"Gramling, Benton County",100139,Gramling,2017-12-10 23:01:48.509176
2011-06-26,10:00,69.9,,40.2,33.9,0.0,NE@5.3,9.9,67.9,0.0,872,"Gramling, Benton County",100139,Gramling,2017-12-10 23:01:48.509176
2011-06-26,10:15,71.1,,39.9,32.2,0.0,NE@4.6,10.3,68.0,0.0,894,"Gramling, Benton County",100139,Gramling,2017-12-10 23:01:48.509176
2011-06-26,10:30,70.8,,39.7,32.2,0.0,N@5.6,10.3,68.2,0.0,913,"Gramling, Benton County",100139,Gramling,2017-12-10 23:01:48.509176
2011-06-26,10:45,71.9,,40.8,32.4,0.0,NE@5.9,12.1,68.3,0.0,929,"Gramling, Benton County",100139,Gramling,2017-12-10 23:01:48.509176
2011-06-26,11:00,72.1,,40.9,32.2,0.0,NE@5.8,11.4,68.5,0.0,940,"Gramling, Benton County",100139,Gramling,2017-12-10 23:01:48.509176
2011-06-26,11:15,71.9,,40.6,32.1,0.0,N@6.2,12.1,68.8,0.0,951,"Gramling, Benton County",100139,Gramling,2017-12-10 23:01:48.509176
2011-06-26,11:30,72.2,,40.7,32.0,0.0,NE@5.6,12.8,69.0,0.0,957,"Gramling, Benton County",100139,Gramling,2017-12-10 23:01:48.509176
2011-06-26,11:45,72.3,,40.9,32.1,0.0,E@5.4,10.7,69.2,0.0,960,"Gramling, Benton County",100139,Gramling,2017-12-10 23:01:48.509176
2011-06-26,12:00,73.5,,40.6,30.5,0.0,NE@5.4,11.0,69.5,0.0,960,"Gramling, Benton County",100139,Gramling,2017-12-10 23:01:48.509176
2011-06-26,12:15,74.1,,40.6,29.9,0.0,NE@5.6,12.8,69.8,0.0,955,"Gramling, Benton County",100139,Gramling,2017-12-10 23:01:48.509176
2011-06-26,12:30,74.5,,39.6,28.3,0.0,N@6.3,12.4,70.1,0.0,950,"Gramling, Benton County",100139,Gramling,2017-12-10 23:01:48.509176
2011-06-26,12:45,75.7,,39.6,27.2,0.0,NE@6.2,10.3,70.3,0.0,941,"Gramling, Benton County",100139,Gramling,2017-12-10 23:01:48.509176
2011-06-26,13:00,75.8,,39.5,27.0,0.0,N@6.7,11.4,70.6,0.0,928,"Gramling, Benton County",100139,Gramling,2017-12-10 23:01:48.509176
2011-06-26,13:15,75.5,,39.6,27.4,0.0,NW@5.4,10.7,70.9,0.0,914,"Gramling, Benton County",100139,Gramling,2017-12-10 23:01:48.509176
2011-06-26,13:30,76.9,,39.6,26.2,0.0,N@6.3,11.7,71.1,0.0,896,"Gramling, Benton County",100139,Gramling,2017-12-10 23:01:48.509176
2011-06-26,13:45,76.5,,39.4,26.2,0.0,N@7.3,15.7,71.4,0.0,883,"Gramling, Benton County",100139,Gramling,2017-12-10 23:01:48.509176
2011-06-26,14:00,77.2,,39.8,26.0,0.0,N@4.9,9.2,71.6,0.0,811,"Gramling, Benton County",100139,Gramling,2017-12-10 23:01:48.509176
2011-06-26,14:15,77.6,,39.9,25.8,0.0,NE@5.7,11.4,71.9,0.0,762,"Gramling, Benton County",100139,Gramling,2017-12-10 23:01:48.509176
2011-06-26,14:30,77.7,,39.8,25.7,0.0,NE@5.4,10.3,72.1,0.0,748,"Gramling, Benton County",100139,Gramling,2017-12-10 23:01:48.509176
2011-06-26,14:45,78.0,,40.0,25.7,0.0,NE@4.6,9.6,72.3,0.0,738,"Gramling, Benton County",100139,Gramling,2017-12-10 23:01:48.509176
2011-06-26,15:00,78.7,,40.5,25.5,0.0,E@7.0,11.4,72.5,0.0,738,"Gramling, Benton County",100139,Gramling,2017-12-10 23:01:48.509176
2011-06-26,15:15,77.5,,40.1,26.1,0.0,SE@5.5,10.7,72.7,0.0,597,"Gramling, Benton County",100139,Gramling,2017-12-10 23:01:48.509176
2011-06-26,15:30,77.0,,40.2,26.7,0.0,NE@5.0,10.7,72.9,0.0,543,"Gramling, Benton County",100139,Gramling,2017-12-10 23:01:48.509176
2011-06-26,15:45,78.2,,40.4,25.9,0.0,NE@5.2,12.1,73.0,0.0,566,"Gramling, Benton County",100139,Gramling,2017-12-10 23:01:48.509176
2011-06-26,16:00,78.0,,40.4,26.1,0.0,NE@6.3,10.7,73.1,0.0,523,"Gramling, Benton County",100139,Gramling,2017-12-10 23:01:48.509176
2011-06-26,16:15,76.7,,39.8,26.5,0.0,E@4.3,9.2,73.2,0.0,371,"Gramling, Benton County",100139,Gramling,2017-12-10 23:01:48.509176
2011-06-26,16:30,77.7,,39.7,25.6,0.0,NE@4.5,9.6,73.3,0.0,421,"Gramling, Benton County",100139,Gramling,2017-12-10 23:01:48.509176
2011-06-26,16:45,77.3,,39.6,25.8,0.0,N@3.8,7.4,73.4,0.0,299,"Gramling, Benton County",100139,Gramling,2017-12-10 23:01:48.509176
2011-06-26,17:00,75.9,,39.9,27.3,0.0,NE@5.0,8.5,73.5,0.0,239,"Gramling, Benton County",100139,Gramling,2017-12-10 23:01:48.509176
2011-06-26,17:15,75.8,,39.8,27.4,0.0,NE@5.3,8.2,73.5,0.0,251,"Gramling, Benton County",100139,Gramling,2017-12-10 23:01:48.509176
2011-06-26,17:30,75.3,,39.6,27.6,0.0,NE@4.8,7.4,73.6,0.0,189,"Gramling, Benton County",100139,Gramling,2017-12-10 23:01:48.509176
2011-06-26,17:45,74.2,,39.3,28.2,0.0,NE@4.7,6.7,73.6,0.0,138,"Gramling, Benton County",100139,Gramling,2017-12-10 23:01:48.509176
2011-06-26,18:00,73.2,,39.3,29.3,0.0,E@3.4,6.0,73.6,0.0,103,"Gramling, Benton County",100139,Gramling,2017-12-10 23:01:48.509176
2011-06-26,18:15,72.2,,40.2,31.3,0.0,E@2.1,3.9,73.6,0.0,91,"Gramling, Benton County",100139,Gramling,2017-12-10 23:01:48.509176
2011-06-26,18:30,71.2,,42.5,35.4,0.0,SE@2.2,2.8,73.6,0.0,101,"Gramling, Benton County",100139,Gramling,2017-12-10 23:01:48.509176
2011-06-26,18:45,71.4,,41.7,34.1,0.0,SE@2.1,2.4,73.6,0.0,90,"Gramling, Benton County",100139,Gramling,2017-12-10 23:01:48.509176
2011-06-26,19:00,69.7,,43.3,38.5,0.0,SE@2.8,3.9,73.5,0.0,65,"Gramling, Benton County",100139,Gramling,2017-12-10 23:01:48.509176
2011-06-26,19:15,67.8,,42.5,39.8,0.0,SE@3.0,3.9,73.5,0.0,33,"Gramling, Benton County",100139,Gramling,2017-12-10 23:01:48.509176
2011-06-26,19:30,65.8,,41.5,40.9,0.0,SE@3.3,4.2,73.5,0.0,21,"Gramling, Benton County",100139,Gramling,2017-12-10 23:01:48.509176
2011-06-26,19:45,64.2,,41.1,42.7,0.0,S@3.7,4.6,73.4,0.0,11,"Gramling, Benton County",100139,Gramling,2017-12-10 23:01:48.509176
2011-06-26,20:00,61.7,,40.5,45.4,0.0,S@3.4,4.2,73.4,0.0,3,"Gramling, Benton County",100139,Gramling,2017-12-10 23:01:48.509176
2011-06-26,20:15,58.0,,39.8,50.6,0.0,S@3.1,3.9,73.3,0.0,1,"Gramling, Benton County",100139,Gramling,2017-12-10 23:01:48.509176
2011-06-26,20:30,56.0,,39.3,53.3,0.0,SW@3.3,3.9,73.2,0.0,0,"Gramling, Benton County",100139,Gramling,2017-12-10 23:01:48.509176
2011-06-26,20:45,55.0,,38.8,54.1,0.0,S@3.0,3.9,73.1,0.0,0,"Gramling, Benton County",100139,Gramling,2017-12-10 23:01:48.509176
2011-06-26,21:00,55.1,,38.4,53.2,0.0,SW@3.8,4.2,73.0,0.0,0,"Gramling, Benton County",100139,Gramling,2017-12-10 23:01:48.509176
2011-06-26,21:15,57.4,,37.9,48.1,0.0,S@4.2,4.9,72.9,0.0,0,"Gramling, Benton County",100139,Gramling,2017-12-10 23:01:48.509176
2011-06-26,21:30,57.6,,37.6,47.2,0.0,S@3.6,4.2,72.8,0.0,0,"Gramling, Benton County",100139,Gramling,2017-12-10 23:01:48.509176
2011-06-26,21:45,56.7,,37.8,49.1,0.0,S@4.4,5.7,72.7,0.0,0,"Gramling, Benton County",100139,Gramling,2017-12-10 23:01:48.509176
2011-06-26,22:00,57.4,,37.7,47.6,0.0,S@3.8,4.9,72.6,0.0,0,"Gramling, Benton County",100139,Gramling,2017-12-10 23:01:48.509176
2011-06-26,22:15,58.8,,37.1,44.3,0.0,S@3.5,4.6,72.4,0.0,0,"Gramling, Benton County",100139,Gramling,2017-12-10 23:01:48.509176
2011-06-26,22:30,61.0,,37.0,40.8,0.0,SE@3.7,4.9,72.3,0.0,0,"Gramling, Benton County",100139,Gramling,2017-12-10 23:01:48.509176
2011-06-26,22:45,62.6,,37.1,38.5,0.0,SE@3.2,4.2,72.2,0.0,0,"Gramling, Benton County",100139,Gramling,2017-12-10 23:01:48.509176
2011-06-26,23:00,60.5,,38.4,43.9,0.0,S@3.6,4.6,72.0,0.0,0,"Gramling, Benton County",100139,Gramling,2017-12-10 23:01:48.509176
2011-06-27,23:15,57.2,,38.6,49.7,0.0,S@3.9,4.9,71.9,0.0,0,"Gramling, Benton County",100139,Gramling,2017-12-10 23:01:48.509176
2011-06-27,23:30,57.5,,38.8,49.6,0.0,S@4.2,4.9,71.7,0.0,0,"Gramling, Benton County",100139,Gramling,2017-12-10 23:01:48.509176
2011-06-27,23:45,58.4,,38.8,48.1,0.0,S@4.4,5.3,71.6,0.0,0,"Gramling, Benton County",100139,Gramling,2017-12-10 23:01:48.509176
2011-06-27,24:00,58.6,,38.8,47.6,0.0,S@4.4,5.7,71.5,0.0,0,"Gramling, Benton County",100139,Gramling,2017-12-10 23:01:48.509176
2011-06-27,00:15,59.0,,38.8,47.1,0.0,S@3.4,4.2,71.4,0.0,0,"Gramling, Benton County",100139,Gramling,2017-12-10 23:01:48.509176
2011-06-27,00:30,58.2,,39.6,49.8,0.0,S@4.1,4.6,71.2,0.0,0,"Gramling, Benton County",100139,Gramling,2017-12-10 23:01:48.509176
2011-06-27,00:45,58.8,,39.8,49.1,0.0,S@4.2,4.9,71.1,0.0,0,"Gramling, Benton County",100139,Gramling,2017-12-10 23:01:48.509176
2011-06-27,01:00,59.0,,40.0,49.2,0.0,S@4.0,4.6,71.0,0.0,0,"Gramling, Benton County",100139,Gramling,2017-12-10 23:01:48.509176
2011-06-27,01:15,59.2,,40.1,49.1,0.0,S@4.0,4.6,70.9,0.0,0,"Gramling, Benton County",100139,Gramling,2017-12-10 23:01:48.509176
2011-06-27,01:30,58.8,,40.1,49.8,0.0,S@3.4,4.2,70.8,0.0,0,"Gramling, Benton County",100139,Gramling,2017-12-10 23:01:48.509176
2011-06-27,01:45,57.7,,40.3,52.1,0.0,S@4.0,4.6,70.6,0.0,0,"Gramling, Benton County",100139,Gramling,2017-12-10 23:01:48.509176
2011-06-27,02:00,58.0,,40.3,51.7,0.0,S@3.4,3.9,70.5,0.0,0,"Gramling, Benton County",100139,Gramling,2017-12-10 23:01:48.509176
2011-06-27,02:15,58.8,,40.4,50.3,0.0,S@3.3,3.9,70.4,0.0,0,"Gramling, Benton County",100139,Gramling,2017-12-10 23:01:48.509176
2011-06-27,02:30,58.3,,40.8,52.1,0.0,S@3.1,3.9,70.3,0.0,0,"Gramling, Benton County",100139,Gramling,2017-12-10 23:01:48.509176
2011-06-27,02:45,58.7,,40.2,50.0,0.0,S@3.0,4.2,70.2,0.0,0,"Gramling, Benton County",100139,Gramling,2017-12-10 23:01:48.509176
2011-06-27,03:00,57.1,,40.6,53.9,0.0,S@3.7,4.2,70.1,0.0,0,"Gramling, Benton County",100139,Gramling,2017-12-10 23:01:48.509176
2011-06-27,03:15,56.7,,41.0,55.4,0.0,S@3.0,3.5,70.0,0.0,0,"Gramling, Benton County",100139,Gramling,2017-12-10 23:01:48.509176
2011-06-27,03:30,56.0,,40.9,56.7,0.0,S@3.4,4.2,69.9,0.0,0,"Gramling, Benton County",100139,Gramling,2017-12-10 23:01:48.509176
2011-06-27,03:45,56.6,,40.7,55.0,0.0,SW@3.8,4.6,69.8,0.0,0,"Gramling, Benton County",100139,Gramling,2017-12-10 23:01:48.509176
2011-06-27,04:00,56.2,,40.6,55.8,0.0,SW@4.1,4.9,69.7,0.0,1,"Gramling, Benton County",100139,Gramling,2017-12-10 23:01:48.509176
2011-06-27,04:15,55.5,,40.6,57.2,0.0,S@4.7,6.0,69.6,0.0,2,"Gramling, Benton County",100139,Gramling,2017-12-10 23:01:48.509176
2011-06-27,04:30,57.0,,39.9,52.7,0.0,S@4.6,6.0,69.5,0.0,9,"Gramling, Benton County",100139,Gramling,2017-12-10 23:01:48.509176
2011-06-27,04:45,57.7,,39.3,50.1,0.0,SW@3.2,4.6,69.4,0.0,21,"Gramling, Benton County",100139,Gramling,2017-12-10 23:01:48.509176
2011-06-27,05:00,58.6,,38.7,47.4,0.0,SW@3.2,4.6,69.4,0.0,29,"Gramling, Benton County",100139,Gramling,2017-12-10 23:01:48.509176
2011-06-27,05:15,59.1,,39.8,48.6,0.0,SW@3.4,4.2,69.3,0.0,56,"Gramling, Benton County",100139,Gramling,2017-12-10 23:01:48.509176
2011-06-27,05:30,60.1,,40.6,48.5,0.0,W@3.1,5.7,69.2,0.0,129,"Gramling, Benton County",100139,Gramling,2017-12-10 23:01:48.509176
2011-06-27,05:45,61.8,,41.4,47.1,0.0,NW@3.7,5.7,69.1,0.0,140,"Gramling, Benton County",100139,Gramling,2017-12-10 23:01:48.509176
2011-06-27,06:00,62.5,,41.5,46.1,0.0,NW@4.6,6.0,69.0,0.0,166,"Gramling, Benton County",100139,Gramling,2017-12-10 23:01:48.509176
2011-06-27,06:15,62.6,,41.1,45.3,0.0,NW@5.3,7.4,68.9,0.0,158,"Gramling, Benton County",100139,Gramling,2017-12-10 23:01:48.509176
2011-06-27,06:30,62.7,,40.8,44.5,0.0,NW@5.3,7.1,68.8,0.0,207,"Gramling, Benton County",100139,Gramling,2017-12-10 23:01:48.509176
2011-06-27,06:45,62.8,,40.9,44.5,0.0,NW@4.7,7.1,68.8,0.0,204,"Gramling, Benton County",100139,Gramling,2017-12-10 23:01:48.509176
2011-06-27,07:00,62.6,,41.1,45.1,0.0,NW@4.8,7.4,68.7,0.0,219,"Gramling, Benton County",100139,Gramling,2017-12-10 23:01:48.509176
2011-06-27,07:15,63.0,,41.6,45.4,0.0,NW@4.0,5.7,68.7,0.0,252,"Gramling, Benton County",100139,Gramling,2017-12-10 23:01:48.509176
2011-06-27,07:30,63.7,,41.9,44.9,0.0,NW@4.3,6.4,68.7,0.0,369,"Gramling, Benton County",100139,Gramling,2017-12-10 23:01:48.509176
2011-06-27,07:45,65.4,,42.6,43.4,0.0,NW@4.9,8.9,68.7,0.0,469,"Gramling, Benton County",100139,Gramling,2017-12-10 23:01:48.509176
2011-06-27,08:00,66.2,,42.1,41.5,0.0,NW@6.1,10.3,68.6,0.0,410,"Gramling, Benton County",100139,Gramling,2017-12-10 23:01:48.509176
2011-06-27,08:15,66.4,,42.4,41.6,0.0,NW@5.6,9.2,68.6,0.0,382,"Gramling, Benton County",100139,Gramling,2017-12-10 23:01:48.509176
2011-06-27,08:30,66.7,,43.1,42.1,0.0,NW@5.7,10.3,68.7,0.0,580,"Gramling, Benton County",100139,Gramling,2017-12-10 23:01:48.509176
2011-06-27,08:45,68.0,,43.5,41.1,0.0,N@5.9,9.2,68.7,0.0,693,"Gramling, Benton County",100139,Gramling,2017-12-10 23:01:48.509176
2011-06-27,09:00,68.9,,43.5,39.9,0.0,N@6.8,11.0,68.7,0.0,581,"Gramling, Benton County",100139,Gramling,2017-12-10 23:01:48.509176
2011-06-27,09:15,69.3,,43.6,39.4,0.0,N@7.6,11.0,68.8,0.0,621,"Gramling, Benton County",100139,Gramling,2017-12-10 23:01:48.509176
2011-06-27,09:30,69.2,,44.0,40.2,0.0,N@7.4,12.4,68.9,0.0,614,"Gramling, Benton County",100139,Gramling,2017-12-10 23:01:48.509176
2011-06-27,09:45,70.6,,44.6,39.1,0.0,N@7.3,10.7,68.9,0.0,680,"Gramling, Benton County",100139,Gramling,2017-12-10 23:01:48.509176
2011-06-27,10:00,71.3,,45.1,39.0,0.0,N@7.3,11.0,69.0,0.0,745,"Gramling, Benton County",100139,Gramling,2017-12-10 23:01:48.509176
2011-06-27,10:15,71.8,,45.4,38.7,0.0,N@8.5,13.5,69.1,0.0,771,"Gramling, Benton County",100139,Gramling,2017-12-10 23:01:48.509176
2011-06-27,10:30,72.9,,45.1,37.0,0.0,N@8.1,11.4,69.2,0.0,641,"Gramling, Benton County",100139,Gramling,2017-12-10 23:01:48.509176
2011-06-27,10:45,73.3,,45.5,36.9,0.0,N@7.0,10.7,69.3,0.0,610,"Gramling, Benton County",100139,Gramling,2017-12-10 23:01:48.509176
2011-06-27,11:00,73.8,,45.5,36.4,0.0,N@6.9,9.9,69.5,0.0,721,"Gramling, Benton County",100139,Gramling,2017-12-10 23:01:48.509176
2011-06-27,11:15,74.2,,45.5,35.8,0.0,N@6.9,12.1,69.6,0.0,711,"Gramling, Benton County",100139,Gramling,2017-12-10 23:01:48.509176
2011-06-27,11:30,76.0,,45.9,34.3,0.0,N@6.7,9.9,69.8,0.0,812,"Gramling, Benton County",100139,Gramling,2017-12-10 23:01:48.509176
2011-06-27,11:45,76.9,,44.8,32.0,0.0,N@6.8,10.3,70.0,0.0,779,"Gramling, Benton County",100139,Gramling,2017-12-10 23:01:48.509176
2011-06-27,12:00,77.2,,45.2,32.2,0.0,N@6.5,13.2,70.1,0.0,728,"Gramling, Benton County",100139,Gramling,2017-12-10 23:01:48.509176
2011-06-27,12:15,77.0,,44.5,31.5,0.0,N@6.5,9.9,70.3,0.0,701,"Gramling, Benton County",100139,Gramling,2017-12-10 23:01:48.509176
2011-06-27,12:30,78.4,,44.1,29.5,0.0,N@6.6,9.9,70.5,0.0,668,"Gramling, Benton County",100139,Gramling,2017-12-10 23:01:48.509176
2011-06-27,12:45,78.9,,43.8,28.8,0.0,N@6.5,13.5,70.7,0.0,733,"Gramling, Benton County",100139,Gramling,2017-12-10 23:01:48.509176
2011-06-27,13:00,78.9,,43.0,27.9,0.0,N@6.0,11.0,70.9,0.0,629,"Gramling, Benton County",100139,Gramling,2017-12-10 23:01:48.509176
2011-06-27,13:15,80.3,,42.3,25.9,0.0,N@6.3,11.0,71.1,0.0,648,"Gramling, Benton County",100139,Gramling,2017-12-10 23:01:48.509176
2011-06-27,13:30,80.1,,42.2,26.0,0.0,N@5.8,9.9,71.2,0.0,568,"Gramling, Benton County",100139,Gramling,2017-12-10 23:01:48.509176
2011-06-27,13:45,80.7,,41.6,24.9,0.0,N@5.6,10.3,71.4,0.0,555,"Gramling, Benton County",100139,Gramling,2017-12-10 23:01:48.509176
2011-06-27,14:00,80.8,,41.4,24.7,0.0,N@5.2,8.9,71.6,0.0,429,"Gramling, Benton County",100139,Gramling,2017-12-10 23:01:48.509176
2011-06-27,14:15,80.3,,41.7,25.4,0.0,N@5.1,9.2,71.7,0.0,389,"Gramling, Benton County",100139,Gramling,2017-12-10 23:01:48.509176
2011-06-27,14:30,80.8,,42.6,25.9,0.0,N@5.4,9.2,71.9,0.0,464,"Gramling, Benton County",100139,Gramling,2017-12-10 23:01:48.509176
2011-06-27,14:45,81.0,,42.7,25.7,0.0,N@5.0,8.2,72.0,0.0,510,"Gramling, Benton County",100139,Gramling,2017-12-10 23:01:48.509176
2011-06-27,15:00,81.2,,43.4,26.3,0.0,N@5.5,8.2,72.2,0.0,400,"Gramling, Benton County",100139,Gramling,2017-12-10 23:01:48.509176
2011-06-27,15:15,80.5,,42.9,26.4,0.0,N@6.0,10.3,72.3,0.0,363,"Gramling, Benton County",100139,Gramling,2017-12-10 23:01:48.509176
2011-06-27,15:30,81.0,,41.5,24.6,0.0,N@6.2,9.2,72.4,0.0,446,"Gramling, Benton County",100139,Gramling,2017-12-10 23:01:48.509176
2011-06-27,15:45,82.7,,40.8,22.6,0.0,N@7.4,12.1,72.5,0.0,605,"Gramling, Benton County",100139,Gramling,2017-12-10 23:01:48.509176
2011-06-27,16:00,83.9,,40.3,21.4,0.0,N@7.6,11.4,72.6,0.0,544,"Gramling, Benton County",100139,Gramling,2017-12-10 23:01:48.509176
2011-06-27,16:15,83.7,,40.7,21.9,0.0,N@7.4,11.0,72.7,0.0,499,"Gramling, Benton County",100139,Gramling,2017-12-10 23:01:48.509176
2011-06-27,16:30,83.8,,41.7,22.6,0.0,N@7.9,12.1,72.8,0.0,521,"Gramling, Benton County",100139,Gramling,2017-12-10 23:01:48.509176
2011-06-27,16:45,83.4,,42.2,23.4,0.0,N@8.5,12.1,72.8,0.0,420,"Gramling, Benton County",100139,Gramling,2017-12-10 23:01:48.509176
2011-06-27,17:00,82.8,,43.4,25.0,0.0,N@7.3,10.3,72.9,0.0,293,"Gramling, Benton County",100139,Gramling,2017-12-10 23:01:48.509176
2011-06-27,17:15,83.2,,43.2,24.4,0.0,N@7.3,11.7,72.9,0.0,327,"Gramling, Benton County",100139,Gramling,2017-12-10 23:01:48.509176
2011-06-27,17:30,82.5,,43.0,24.8,0.0,N@6.9,10.3,73.0,0.0,246,"Gramling, Benton County",100139,Gramling,2017-12-10 23:01:48.509176
2011-06-27,17:45,82.9,,43.0,24.5,0.0,N@7.5,10.3,73.1,0.0,261,"Gramling, Benton County",100139,Gramling,2017-12-10 23:01:48.509176
2011-06-27,18:00,82.3,,42.8,24.8,0.0,N@7.3,11.4,73.1,0.0,201,"Gramling, Benton County",100139,Gramling,2017-12-10 23:01:48.509176
2011-06-27,18:15,81.6,,41.7,24.4,0.0,N@6.9,10.3,73.1,0.0,138,"Gramling, Benton County",100139,Gramling,2017-12-10 23:01:48.509176
2011-06-27,18:30,80.9,,42.6,25.8,0.0,N@5.7,8.5,73.2,0.0,96,"Gramling, Benton County",100139,Gramling,2017-12-10 23:01:48.509176
2011-06-27,18:45,80.2,,43.4,27.2,0.0,N@5.3,7.4,73.2,0.0,73,"Gramling, Benton County",100139,Gramling,2017-12-10 23:01:48.509176
2011-06-27,19:00,79.3,,43.6,28.3,0.0,N@5.6,8.2,73.2,0.0,64,"Gramling, Benton County",100139,Gramling,2017-12-10 23:01:48.509176
2011-06-27,19:15,78.1,,44.6,30.5,0.0,NW@4.1,6.7,73.2,0.0,39,"Gramling, Benton County",100139,Gramling,2017-12-10 23:01:48.509176
2011-06-27,19:30,76.4,,45.0,32.6,0.0,NW@4.3,6.0,73.1,0.0,21,"Gramling, Benton County",100139,Gramling,2017-12-10 23:01:48.509176
2011-06-27,19:45,75.2,,44.9,34.0,0.0,NW@4.1,5.7,73.1,0.0,10,"Gramling, Benton County",100139,Gramling,2017-12-10 23:01:48.509176
2011-06-27,20:00,74.4,,44.4,34.3,0.0,NW@4.9,7.1,73.1,0.0,2,"Gramling, Benton County",100139,Gramling,2017-12-10 23:01:48.509176
2011-06-27,20:15,74.3,,43.7,33.3,0.0,NW@5.3,7.8,73.1,0.0,0,"Gramling, Benton County",100139,Gramling,2017-12-10 23:01:48.509176
2011-06-27,20:30,74.5,,43.3,32.7,0.0,NW@4.7,7.8,73.0,0.0,0,"Gramling, Benton County",100139,Gramling,2017-12-10 23:01:48.509176
2011-06-27,20:45,74.7,,43.1,32.2,0.0,NW@5.3,8.2,73.0,0.0,0,"Gramling, Benton County",100139,Gramling,2017-12-10 23:01:48.509176
2011-06-27,21:00,74.7,,43.4,32.6,0.0,NW@5.1,8.5,72.9,0.0,0,"Gramling, Benton County",100139,Gramling,2017-12-10 23:01:48.509176
2011-06-27,21:15,74.3,,43.8,33.6,0.0,NW@5.3,9.9,72.9,0.0,0,"Gramling, Benton County",100139,Gramling,2017-12-10 23:01:48.509176
2011-06-27,21:30,74.6,,43.8,33.1,0.0,NW@7.2,12.8,72.8,0.0,0,"Gramling, Benton County",100139,Gramling,2017-12-10 23:01:48.509176
2011-06-27,21:45,72.8,,44.0,35.5,0.0,NW@5.2,7.4,72.7,0.0,0,"Gramling, Benton County",100139,Gramling,2017-12-10 23:01:48.509176
2011-06-27,22:00,71.4,,44.0,37.2,0.0,NW@5.2,7.8,72.6,0.0,0,"Gramling, Benton County",100139,Gramling,2017-12-10 23:01:48.509176
2011-06-27,22:15,70.8,,44.4,38.5,0.0,NW@3.6,6.0,72.6,0.0,0,"Gramling, Benton County",100139,Gramling,2017-12-10 23:01:48.509176
2011-06-27,22:30,70.1,,44.9,40.4,0.0,NW@3.9,6.4,72.5,0.0,0,"Gramling, Benton County",100139,Gramling,2017-12-10 23:01:48.509176
2011-06-27,22:45,72.4,,45.7,38.4,0.23,NW@6.2,9.9,72.4,0.0,0,"Gramling, Benton County",100139,Gramling,2017-12-10 23:01:48.509176
2011-06-27,23:00,71.5,,46.9,41.5,0.53,N@5.3,9.6,72.3,0.0,0,"Gramling, Benton County",100139,Gramling,2017-12-10 23:01:48.509176
2011-06-28,23:15,70.4,,46.3,42.2,0.0,NW@4.6,8.2,72.2,0.0,0,"Gramling, Benton County",100139,Gramling,2017-12-10 23:01:48.509176
2011-06-28,23:30,68.7,,46.6,45.0,0.0,NW@3.5,6.0,72.1,0.0,0,"Gramling, Benton County",100139,Gramling,2017-12-10 23:01:48.509176
2011-06-28,23:45,68.1,,46.8,46.4,0.0,NW@3.1,6.0,72.0,0.0,0,"Gramling, Benton County",100139,Gramling,2017-12-10 23:01:48.509176
2011-06-28,24:00,67.6,,46.8,47.3,0.0,NW@2.7,4.9,72.0,0.0,0,"Gramling, Benton County",100139,Gramling,2017-12-10 23:01:48.509176
2011-06-28,00:15,68.1,,46.5,45.8,0.0,NW@3.5,7.4,71.9,0.0,0,"Gramling, Benton County",100139,Gramling,2017-12-10 23:01:48.509176
2011-06-28,00:30,67.7,,46.3,46.3,0.0,NW@3.4,6.4,71.8,0.0,0,"Gramling, Benton County",100139,Gramling,2017-12-10 23:01:48.509176
2011-06-28,00:45,68.4,,46.2,44.8,0.0,N@5.4,8.9,71.7,0.0,0,"Gramling, Benton County",100139,Gramling,2017-12-10 23:01:48.509176
2011-06-28,01:00,67.4,,46.1,46.2,0.0,N@3.4,6.0,71.6,0.0,0,"Gramling, Benton County",100139,Gramling,2017-12-10 23:01:48.509176
2011-06-28,01:15,67.0,,46.0,46.7,0.0,N@3.7,6.4,71.5,0.0,0,"Gramling, Benton County",100139,Gramling,2017-12-10 23:01:48.509176
2011-06-28,01:30,66.7,,45.9,47.0,0.0,N@3.9,6.4,71.4,0.0,0,"Gramling, Benton County",100139,Gramling,2017-12-10 23:01:48.509176
2011-06-28,01:45,65.4,,45.9,49.1,0.0,W@2.7,4.9,71.3,0.0,0,"Gramling, Benton County",100139,Gramling,2017-12-10 23:01:48.509176
2011-06-28,02:00,65.8,,45.7,48.2,0.0,NW@4.1,6.7,71.2,0.0,0,"Gramling, Benton County",100139,Gramling,2017-12-10 23:01:48.509176
2011-06-28,02:15,66.5,,45.4,46.5,0.0,NW@3.1,7.1,71.1,0.0,0,"Gramling, Benton County",100139,Gramling,2017-12-10 23:01:48.509176
2011-06-28,02:30,63.7,,45.6,51.7,0.0,S@4.4,6.4,71.0,0.0,0,"Gramling, Benton County",100139,Gramling,2017-12-10 23:01:48.509176
2011-06-28,02:45,62.1,,45.4,54.3,0.0,SW@3.7,5.7,70.9,0.0,0,"Gramling, Benton County",100139,Gramling,2017-12-10 23:01:48.509176
2011-06-28,03:00,64.2,,45.0,49.5,0.0,W@4.2,6.4,70.8,0.0,0,"Gramling, Benton County",100139,Gramling,2017-12-10 23:01:48.509176
2011-06-28,03:15,63.3,,44.9,50.9,0.0,SW@3.3,4.9,70.7,0.0,0,"Gramling, Benton County",100139,Gramling,2017-12-10 23:01:48.509176
2011-06-28,03:30,61.3,,45.0,54.9,0.0,S@4.8,6.4,70.6,0.0,0,"Gramling, Benton County",100139,Gramling,2017-12-10 23:01:48.509176
2011-06-28,03:45,60.6,,45.1,56.6,0.0,SW@5.8,7.8,70.5,0.0,0,"Gramling, Benton County",100139,Gramling,2017-12-10 23:01:48.509176
2011-06-28,04:00,60.1,,44.9,57.1,0.0,SW@6.3,7.8,70.5,0.0,1,"Gramling, Benton County",100139,Gramling,2017-12-10 23:01:48.509176
2011-06-28,04:15,59.9,,44.7,57.0,0.0,S@5.8,7.4,70.4,0.0,3,"Gramling, Benton County",100139,Gramling,2017-12-10 23:01:48.509176
2011-06-28,04:30,60.0,,44.6,56.7,0.0,SW@5.5,7.1,70.3,0.0,10,"Gramling, Benton County",100139,Gramling,2017-12-10 23:01:48.509176
2011-06-28,04:45,59.9,,44.6,57.0,0.0,SW@5.4,6.4,70.2,0.0,20,"Gramling, Benton County",100139,Gramling,2017-12-10 23:01:48.509176
2011-06-28,05:00,60.6,,44.7,55.8,0.0,SW@4.9,6.7,70.1,0.0,28,"Gramling, Benton County",100139,Gramling,2017-12-10 23:01:48.509176
2011-06-28,05:15,62.7,,45.5,53.4,0.0,SW@4.4,6.0,70.0,0.0,128,"Gramling, Benton County",100139,Gramling,2017-12-10 23:01:48.509176
2011-06-28,05:30,66.9,,47.1,49.0,0.0,SW@4.5,5.7,69.9,0.0,199,"Gramling, Benton County",100139,Gramling,2017-12-10 23:01:48.509176
2011-06-28,05:45,68.9,,47.2,45.8,0.0,S@4.9,8.5,69.8,0.0,167,"Gramling, Benton County",100139,Gramling,2017-12-10 23:01:48.509176
2011-06-28,06:00,65.3,,47.7,52.9,0.0,S@8.5,12.4,69.7,0.0,232,"Gramling, Benton County",100139,Gramling,2017-12-10 23:01:48.509176
2011-06-28,06:15,65.4,,49.6,56.4,0.0,S@8.5,12.1,69.7,0.0,293,"Gramling, Benton County",100139,Gramling,2017-12-10 23:01:48.509176
2011-06-28,06:30,67.6,,49.3,51.8,0.0,S@8.7,11.4,69.6,0.0,324,"Gramling, Benton County",100139,Gramling,2017-12-10 23:01:48.509176
2011-06-28,06:45,69.1,,49.7,49.9,0.0,S@9.4,12.8,69.5,0.0,374,"Gramling, Benton County",100139,Gramling,2017-12-10 23:01:48.509176
2011-06-28,07:00,70.2,,49.0,46.9,0.0,S@10.2,13.2,69.5,0.0,383,"Gramling, Benton County",100139,Gramling,2017-12-10 23:01:48.509176
2011-06-28,07:15,71.0,,49.0,45.8,0.0,SW@11.1,13.9,69.5,0.0,482,"Gramling, Benton County",100139,Gramling,2017-12-10 23:01:48.509176
2011-06-28,07:30,72.3,,49.1,43.8,0.0,SW@10.4,13.5,69.4,0.0,555,"Gramling, Benton County",100139,Gramling,2017-12-10 23:01:48.509176
2011-06-28,07:45,73.5,,47.9,40.1,0.0,SW@9.3,12.8,69.4,0.0,433,"Gramling, Benton County",100139,Gramling,2017-12-10 23:01:48.509176
2011-06-28,08:00,72.0,,47.2,41.2,0.0,SW@8.8,11.7,69.4,0.0,274,"Gramling, Benton County",100139,Gramling,2017-12-10 23:01:48.509176
2011-06-28,08:15,74.4,,49.1,40.8,0.0,SW@10.5,16.7,69.4,0.0,649,"Gramling, Benton County",100139,Gramling,2017-12-10 23:01:48.509176
2011-06-28,08:30,75.1,,48.6,39.0,0.0,SW@11.6,16.0,69.5,0.0,678,"Gramling, Benton County",100139,Gramling,2017-12-10 23:01:48.509176
2011-06-28,08:45,76.1,,48.3,37.5,0.0,SW@11.7,16.4,69.5,0.0,709,"Gramling, Benton County",100139,Gramling,2017-12-10 23:01:48.509176
2011-06-28,09:00,75.9,,50.2,40.4,0.0,SW@10.9,14.6,69.6,0.0,661,"Gramling, Benton County",100139,Gramling,2017-12-10 23:01:48.509176
2011-06-28,09:15,74.5,,50.0,42.1,0.0,SW@11.0,15.3,69.6,0.0,418,"Gramling, Benton County",100139,Gramling,2017-12-10 23:01:48.509176
2011-06-28,09:30,73.8,,50.6,44.0,0.0,SW@10.8,15.0,69.7,0.0,490,"Gramling, Benton County",100139,Gramling,2017-12-10 23:01:48.509176
2011-06-28,09:45,75.2,,50.0,41.1,0.0,SW@10.5,13.9,69.8,0.0,512,"Gramling, Benton County",100139,Gramling,2017-12-10 23:01:48.509176
2011-06-28,10:00,74.8,,50.5,42.4,0.0,SW@11.1,14.6,69.9,0.0,394,"Gramling, Benton County",100139,Gramling,2017-12-10 23:01:48.509176
2011-06-28,10:15,75.6,,51.3,42.6,0.0,S@10.9,14.6,70.1,0.0,726,"Gramling, Benton County",100139,Gramling,2017-12-10 23:01:48.509176
2011-06-28,10:30,78.1,,48.6,35.5,0.0,SW@11.1,15.0,70.2,0.0,777,"Gramling, Benton County",100139,Gramling,2017-12-10 23:01:48.509176
2011-06-28,10:45,79.1,,49.0,34.8,0.0,SW@10.9,14.6,70.3,0.0,935,"Gramling, Benton County",100139,Gramling,2017-12-10 23:01:48.509176
2011-06-28,11:00,79.3,,47.9,33.2,0.0,SW@9.4,14.2,70.4,0.0,869,"Gramling, Benton County",100139,Gramling,2017-12-10 23:01:48.509176
2011-06-28,11:15,80.5,,47.7,31.7,0.0,SW@8.7,15.0,70.6,0.0,893,"Gramling, Benton County",100139,Gramling,2017-12-10 23:01:48.509176
2011-06-28,11:30,80.7,,48.7,32.7,0.0,S@8.1,13.2,70.8,0.0,919,"Gramling, Benton County",100139,Gramling,2017-12-10 23:01:48.509176
2011-06-28,11:45,81.5,,48.3,31.4,0.0,SW@8.1,16.4,71.0,0.0,859,"Gramling, Benton County",100139,Gramling,2017-12-10 23:01:48.509176
2011-06-28,12:00,82.5,,48.8,30.9,0.0,SW@8.2,14.2,71.2,0.0,909,"Gramling, Benton County",100139,Gramling,2017-12-10 23:01:48.509176
2011-06-28,12:15,83.6,,49.1,30.1,0.0,SW@10.2,15.0,71.4,0.0,962,"Gramling, Benton County",100139,Gramling,2017-12-10 23:01:48.509176
2011-06-28,12:30,83.7,,49.0,29.9,0.0,SW@10.2,15.7,71.7,0.0,949,"Gramling, Benton County",100139,Gramling,2017-12-10 23:01:48.509176
2011-06-28,12:45,84.2,,50.2,30.9,0.0,SW@9.9,15.0,72.0,0.0,920,"Gramling, Benton County",100139,Gramling,2017-12-10 23:01:48.509176
2011-06-28,13:00,85.1,,50.4,30.2,0.0,SW@11.2,17.8,72.2,0.0,920,"Gramling, Benton County",100139,Gramling,2017-12-10 23:01:48.509176
2011-06-28,13:15,85.8,,50.3,29.4,0.0,SW@11.4,16.7,72.5,0.0,922,"Gramling, Benton County",100139,Gramling,2017-12-10 23:01:48.509176
2011-06-28,13:30,85.9,,49.7,28.7,0.0,SW@13.7,19.6,72.7,0.0,751,"Gramling, Benton County",100139,Gramling,2017-12-10 23:01:48.509176
2011-06-28,13:45,84.3,,50.6,31.1,0.0,SW@12.8,18.9,73.0,0.0,650,"Gramling, Benton County",100139,Gramling,2017-12-10 23:01:48.509176
2011-06-28,14:00,86.6,,50.4,28.9,0.0,SW@15.1,21.8,73.3,0.0,898,"Gramling, Benton County",100139,Gramling,2017-12-10 23:01:48.509176
2011-06-28,14:15,87.1,,50.7,28.7,0.0,SW@16.0,24.6,73.6,0.0,687,"Gramling, Benton County",100139,Gramling,2017-12-10 23:01:48.509176
2011-06-28,14:30,83.3,,50.4,31.9,0.0,SW@15.4,21.8,73.8,0.0,304,"Gramling, Benton County",100139,Gramling,2017-12-10 23:01:48.509176
2011-06-28,14:45,83.6,,50.4,31.7,0.0,SW@15.9,20.7,74.1,0.0,567,"Gramling, Benton County",100139,Gramling,2017-12-10 23:01:48.509176
2011-06-28,15:00,85.1,,50.4,30.3,0.0,SW@15.8,22.5,74.3,0.0,537,"Gramling, Benton County",100139,Gramling,2017-12-10 23:01:48.509176
2011-06-28,15:15,82.0,,50.9,34.0,0.0,SW@17.5,25.3,74.5,0.0,266,"Gramling, Benton County",100139,Gramling,2017-12-10 23:01:48.509176
2011-06-28,15:30,82.5,,51.7,34.5,0.0,SW@17.7,25.7,74.6,0.0,492,"Gramling, Benton County",100139,Gramling,2017-12-10 23:01:48.509176
2011-06-28,15:45,82.6,,50.9,33.3,0.0,SW@14.9,21.4,74.8,0.0,372,"Gramling, Benton County",100139,Gramling,2017-12-10 23:01:48.509176
2011-06-28,16:00,84.7,,51.1,31.4,0.0,SW@15.5,21.4,74.9,0.0,631,"Gramling, Benton County",100139,Gramling,2017-12-10 23:01:48.509176
2011-06-28,16:15,85.2,,50.1,29.8,0.0,SW@14.0,20.0,75.0,0.0,527,"Gramling, Benton County",100139,Gramling,2017-12-10 23:01:48.509176
2011-06-28,16:30,83.9,,50.5,31.5,0.0,SW@14.2,17.8,75.1,0.0,461,"Gramling, Benton County",100139,Gramling,2017-12-10 23:01:48.509176
2011-06-28,16:45,84.2,,50.8,31.5,0.0,SW@13.8,21.4,75.1,0.0,482,"Gramling, Benton County",100139,Gramling,2017-12-10 23:01:48.509176
2011-06-28,17:00,84.0,,50.5,31.4,0.0,SW@13.5,20.3,75.2,0.0,390,"Gramling, Benton County",100139,Gramling,2017-12-10 23:01:48.509176
2011-06-28,17:15,84.1,,51.2,32.1,0.0,SW@12.1,17.5,75.2,0.0,444,"Gramling, Benton County",100139,Gramling,2017-12-10 23:01:48.509176
2011-06-28,17:30,84.2,,52.5,33.6,0.0,SW@13.5,18.5,75.3,0.0,405,"Gramling, Benton County",100139,Gramling,2017-12-10 23:01:48.509176
2011-06-28,17:45,83.1,,52.3,34.5,0.0,SW@12.1,18.2,75.3,0.0,333,"Gramling, Benton County",100139,Gramling,2017-12-10 23:01:48.509176
2011-06-28,18:00,82.0,,52.1,35.4,0.0,SW@12.8,18.5,75.3,0.0,256,"Gramling, Benton County",100139,Gramling,2017-12-10 23:01:48.509176
2011-06-28,18:15,79.3,,52.8,39.8,0.0,SW@11.5,16.4,75.4,0.0,139,"Gramling, Benton County",100139,Gramling,2017-12-10 23:01:48.509176
2011-06-28,18:30,78.5,,53.8,42.4,0.0,SW@10.0,15.3,75.4,0.0,152,"Gramling, Benton County",100139,Gramling,2017-12-10 23:01:48.509176
2011-06-28,18:45,77.5,,54.6,45.1,0.0,SW@10.6,15.7,75.4,0.0,147,"Gramling, Benton County",100139,Gramling,2017-12-10 23:01:48.509176
2011-06-28,19:00,76.8,,54.6,46.3,0.0,SW@9.6,15.0,75.4,0.0,103,"Gramling, Benton County",100139,Gramling,2017-12-10 23:01:48.509176
2011-06-28,19:15,75.2,,55.1,49.5,0.0,SW@8.9,12.1,75.4,0.0,59,"Gramling, Benton County",100139,Gramling,2017-12-10 23:01:48.509176
2011-06-28,19:30,73.3,,55.2,53.0,0.0,SW@8.3,12.8,75.3,0.0,50,"Gramling, Benton County",100139,Gramling,2017-12-10 23:01:48.509176
2011-06-28,19:45,71.2,,54.4,55.2,0.0,S@9.6,13.9,75.3,0.0,29,"Gramling, Benton County",100139,Gramling,2017-12-10 23:01:48.509176
2011-06-28,20:00,70.5,,54.3,56.5,0.0,S@9.7,13.5,75.2,0.0,8,"Gramling, Benton County",100139,Gramling,2017-12-10 23:01:48.509176
2011-06-28,20:15,69.6,,54.4,58.5,0.0,SW@9.5,12.8,75.2,0.0,2,"Gramling, Benton County",100139,Gramling,2017-12-10 23:01:48.509176
2011-06-28,20:30,68.8,,54.5,60.2,0.0,SW@10.5,15.0,75.1,0.0,0,"Gramling, Benton County",100139,Gramling,2017-12-10 23:01:48.509176
2011-06-28,20:45,68.7,,54.6,60.6,0.0,SW@12.8,18.2,75.1,0.0,0,"Gramling, Benton County",100139,Gramling,2017-12-10 23:01:48.509176
2011-06-28,21:00,67.5,,54.5,63.1,0.0,SW@13.0,17.5,75.0,0.0,0,"Gramling, Benton County",100139,Gramling,2017-12-10 23:01:48.509176
2011-06-28,21:15,66.4,,54.2,64.7,0.0,SW@12.7,17.1,74.9,0.0,0,"Gramling, Benton County",100139,Gramling,2017-12-10 23:01:48.509176
2011-06-28,21:30,66.1,,53.9,64.8,0.0,SW@12.1,15.7,74.8,0.0,0,"Gramling, Benton County",100139,Gramling,2017-12-10 23:01:48.509176
2011-06-28,21:45,65.1,,53.8,66.8,0.0,SW@11.4,15.0,74.7,0.0,0,"Gramling, Benton County",100139,Gramling,2017-12-10 23:01:48.509176
2011-06-28,22:00,63.8,,53.5,69.0,0.0,SW@12.3,16.0,74.6,0.0,0,"Gramling, Benton County",100139,Gramling,2017-12-10 23:01:48.509176
2011-06-28,22:15,63.1,,53.2,69.9,0.0,SW@11.2,16.0,74.5,0.0,0,"Gramling, Benton County",100139,Gramling,2017-12-10 23:01:48.509176
2011-06-28,22:30,63.0,,53.1,70.1,0.0,S@13.0,17.8,74.4,0.0,0,"Gramling, Benton County",100139,Gramling,2017-12-10 23:01:48.509176
2011-06-28,22:45,62.3,,52.9,71.3,0.0,S@12.5,16.7,74.3,0.0,0,"Gramling, Benton County",100139,Gramling,2017-12-10 23:01:48.509176
2011-06-28,23:00,61.8,,52.9,72.4,0.0,S@12.7,16.7,74.2,0.0,0,"Gramling, Benton County",100139,Gramling,2017-12-10 23:01:48.509176
2011-06-29,23:15,61.5,,52.7,72.9,0.0,S@11.6,15.7,74.1,0.0,0,"Gramling, Benton County",100139,Gramling,2017-12-10 23:01:48.509176
2011-06-29,23:30,60.7,,52.5,74.3,0.0,S@12.5,16.7,74.0,0.0,0,"Gramling, Benton County",100139,Gramling,2017-12-10 23:01:48.509176
2011-06-29,23:45,61.2,,52.4,72.6,0.0,S@12.6,18.5,73.9,0.0,0,"Gramling, Benton County",100139,Gramling,2017-12-10 23:01:48.509176
2011-06-29,24:00,60.3,,52.0,74.1,0.0,S@11.3,14.6,73.8,0.0,0,"Gramling, Benton County",100139,Gramling,2017-12-10 23:01:48.509176
2011-06-29,00:15,60.0,,51.9,74.4,0.0,S@11.9,17.1,73.7,0.0,0,"Gramling, Benton County",100139,Gramling,2017-12-10 23:01:48.509176
2011-06-29,00:30,58.7,,51.7,77.6,0.0,S@10.6,14.2,73.6,0.0,0,"Gramling, Benton County",100139,Gramling,2017-12-10 23:01:48.509176
2011-06-29,00:45,58.6,,51.5,77.2,0.0,S@11.0,14.2,73.5,0.0,0,"Gramling, Benton County",100139,Gramling,2017-12-10 23:01:48.509176
2011-06-29,01:00,59.1,,51.4,75.6,0.0,S@11.7,15.7,73.3,0.0,0,"Gramling, Benton County",100139,Gramling,2017-12-10 23:01:48.509176
2011-06-29,01:15,58.6,,51.1,76.1,0.0,S@10.9,15.0,73.2,0.0,0,"Gramling, Benton County",100139,Gramling,2017-12-10 23:01:48.509176
2011-06-29,01:30,58.0,,50.9,77.3,0.0,S@10.4,15.0,73.1,0.0,0,"Gramling, Benton County",100139,Gramling,2017-12-10 23:01:48.509176
2011-06-29,01:45,58.4,,50.9,76.1,0.0,S@10.8,14.6,73.0,0.0,0,"Gramling, Benton County",100139,Gramling,2017-12-10 23:01:48.509176
2011-06-29,02:00,57.7,,50.7,77.4,0.0,S@10.8,16.0,72.9,0.0,0,"Gramling, Benton County",100139,Gramling,2017-12-10 23:01:48.509176
2011-06-29,02:15,57.5,,50.6,77.5,0.0,SW@12.1,17.1,72.8,0.0,0,"Gramling, Benton County",100139,Gramling,2017-12-10 23:01:48.509176
2011-06-29,02:30,58.3,,51.1,77.0,0.0,SW@13.9,20.0,72.7,0.0,0,"Gramling, Benton County",100139,Gramling,2017-12-10 23:01:48.509176
2011-06-29,02:45,58.2,,51.4,77.8,0.0,SW@12.5,17.1,72.5,0.0,0,"Gramling, Benton County",100139,Gramling,2017-12-10 23:01:48.509176
2011-06-29,03:00,58.3,,51.4,77.9,0.0,SW@11.5,16.0,72.4,0.0,0,"Gramling, Benton County",100139,Gramling,2017-12-10 23:01:48.509176
2011-06-29,03:15,57.9,,51.4,78.7,0.0,S@11.5,15.0,72.3,0.0,0,"Gramling, Benton County",100139,Gramling,2017-12-10 23:01:48.509176
2011-06-29,03:30,58.4,,51.6,78.0,0.0,S@9.6,14.2,72.2,0.0,0,"Gramling, Benton County",100139,Gramling,2017-12-10 23:01:48.509176
2011-06-29,03:45,58.5,,51.7,78.0,0.0,S@8.4,12.1,72.1,0.0,0,"Gramling, Benton County",100139,Gramling,2017-12-10 23:01:48.509176
2011-06-29,04:00,59.0,,51.9,77.1,0.0,S@8.7,12.4,72.0,0.0,1,"Gramling, Benton County",100139,Gramling,2017-12-10 23:01:48.509176
2011-06-29,04:15,58.4,,51.7,78.4,0.0,S@9.9,13.2,71.9,0.0,4,"Gramling, Benton County",100139,Gramling,2017-12-10 23:01:48.509176
2011-06-29,04:30,57.8,,51.4,79.3,0.0,S@10.2,14.6,71.8,0.0,11,"Gramling, Benton County",100139,Gramling,2017-12-10 23:01:48.509176
2011-06-29,04:45,57.1,,51.2,80.6,0.01,S@10.0,13.2,71.7,0.0,19,"Gramling, Benton County",100139,Gramling,2017-12-10 23:01:48.509176
2011-06-29,05:00,57.0,,51.3,81.2,0.01,S@10.2,13.2,71.6,0.0,26,"Gramling, Benton County",100139,Gramling,2017-12-10 23:01:48.509176
2011-06-29,05:15,57.4,,51.9,81.6,0.01,S@11.1,16.0,71.5,0.0,39,"Gramling, Benton County",100139,Gramling,2017-12-10 23:01:48.509176
2011-06-29,05:30,58.3,,52.0,79.6,0.66,S@10.9,14.2,71.4,0.0,61,"Gramling, Benton County",100139,Gramling,2017-12-10 23:01:48.509176
2011-06-29,05:45,58.6,,52.0,78.7,1.0,S@11.8,17.1,71.3,0.0,64,"Gramling, Benton County",100139,Gramling,2017-12-10 23:01:48.509176
2011-06-29,06:00,59.1,,52.4,78.3,1.0,S@12.1,16.4,71.2,0.0,150,"Gramling, Benton County",100139,Gramling,2017-12-10 23:01:48.509176
2011-06-29,06:15,62.5,,53.7,73.0,1.0,SW@13.2,21.0,71.2,0.0,396,"Gramling, Benton County",100139,Gramling,2017-12-10 23:01:48.509176
2011-06-29,06:30,64.3,,54.0,69.3,0.99,SW@15.7,22.5,71.1,0.0,466,"Gramling, Benton County",100139,Gramling,2017-12-10 23:01:48.509176
2011-06-29,06:45,62.8,,53.6,71.9,0.93,SW@15.4,19.6,71.0,0.0,259,"Gramling, Benton County",100139,Gramling,2017-12-10 23:01:48.509176
2011-06-29,07:00,61.5,,53.5,74.9,0.92,SW@13.0,17.8,70.9,0.0,159,"Gramling, Benton County",100139,Gramling,2017-12-10 23:01:48.509176
2011-06-29,07:15,61.7,,53.6,74.8,0.89,SW@12.4,18.2,70.8,0.0,188,"Gramling, Benton County",100139,Gramling,2017-12-10 23:01:48.509176
2011-06-29,07:30,62.8,,54.0,72.7,0.8,SW@12.7,17.1,70.8,0.0,387,"Gramling, Benton County",100139,Gramling,2017-12-10 23:01:48.509176
2011-06-29,07:45,64.6,,54.0,68.4,0.59,SW@13.3,18.2,70.8,0.0,556,"Gramling, Benton County",100139,Gramling,2017-12-10 23:01:48.509176
2011-06-29,08:00,65.4,,53.8,66.0,0.61,SW@13.3,18.5,70.8,0.0,588,"Gramling, Benton County",100139,Gramling,2017-12-10 23:01:48.509176
2011-06-29,08:15,67.1,,53.9,62.6,0.45,SW@13.8,18.2,70.8,0.0,630,"Gramling, Benton County",100139,Gramling,2017-12-10 23:01:48.509176
2011-06-29,08:30,68.1,,53.4,59.1,0.2,SW@13.8,18.2,70.8,0.0,669,"Gramling, Benton County",100139,Gramling,2017-12-10 23:01:48.509176
2011-06-29,08:45,69.6,,53.0,55.3,0.09,SW@13.5,18.9,70.8,0.0,706,"Gramling, Benton County",100139,Gramling,2017-12-10 23:01:48.509176
2011-06-29,09:00,70.4,,51.9,51.9,0.04,SW@13.9,17.5,70.8,0.0,744,"Gramling, Benton County",100139,Gramling,2017-12-10 23:01:48.509176
2011-06-29,09:15,71.3,,51.3,49.2,0.02,SW@14.1,20.3,70.9,0.0,780,"Gramling, Benton County",100139,Gramling,2017-12-10 23:01:48.509176
2011-06-29,09:30,71.5,,50.7,47.8,0.01,SW@14.6,23.9,70.9,0.0,809,"Gramling, Benton County",100139,Gramling,2017-12-10 23:01:48.509176
2011-06-29,09:45,71.9,,50.1,46.1,0.01,SW@15.3,21.4,71.0,0.0,838,"Gramling, Benton County",100139,Gramling,2017-12-10 23:01:48.509176
2011-06-29,10:00,72.8,,49.8,44.3,0.01,SW@14.7,19.6,71.1,0.0,850,"Gramling, Benton County",100139,Gramling,2017-12-10 23:01:48.509176
2011-06-29,10:15,73.4,,49.2,42.4,0.0,SW@14.3,23.2,71.3,0.0,909,"Gramling, Benton County",100139,Gramling,2017-12-10 23:01:48.509176
2011-06-29,10:30,75.6,,49.5,39.7,0.0,SW@17.2,25.7,71.4,0.0,965,"Gramling, Benton County",100139,Gramling,2017-12-10 23:01:48.509176
2011-06-29,10:45,74.6,,48.4,39.5,0.0,SW@19.6,26.8,71.6,0.0,891,"Gramling, Benton County",100139,Gramling,2017-12-10 23:01:48.509176
2011-06-29,11:00,75.2,,48.5,38.8,0.0,SW@19.1,28.2,71.8,0.0,930,"Gramling, Benton County",100139,Gramling,2017-12-10 23:01:48.509176
2011-06-29,11:15,75.0,,48.4,39.1,0.0,SW@20.3,27.1,72.0,0.0,935,"Gramling, Benton County",100139,Gramling,2017-12-10 23:01:48.509176
2011-06-29,11:30,74.9,,47.3,37.5,0.0,SW@22.4,30.7,72.2,0.0,938,"Gramling, Benton County",100139,Gramling,2017-12-10 23:01:48.509176
2011-06-29,11:45,75.2,,46.5,36.0,0.0,SW@21.8,31.8,72.4,0.0,946,"Gramling, Benton County",100139,Gramling,2017-12-10 23:01:48.509176
2011-06-29,12:00,74.8,,46.4,36.4,0.0,SW@22.7,31.1,72.6,0.0,944,"Gramling, Benton County",100139,Gramling,2017-12-10 23:01:48.509176
2011-06-29,12:15,74.9,,46.5,36.4,0.0,SW@23.5,31.4,72.9,0.0,938,"Gramling, Benton County",100139,Gramling,2017-12-10 23:01:48.509176
2011-06-29,12:30,76.2,,46.2,34.6,0.0,SW@22.8,30.0,73.1,0.0,928,"Gramling, Benton County",100139,Gramling,2017-12-10 23:01:48.509176
2011-06-29,12:45,76.4,,45.4,33.3,0.0,SW@23.9,33.9,73.4,0.0,917,"Gramling, Benton County",100139,Gramling,2017-12-10 23:01:48.509176
2011-06-29,13:00,76.4,,44.5,32.1,0.0,SW@24.9,35.0,73.6,0.0,906,"Gramling, Benton County",100139,Gramling,2017-12-10 23:01:48.509176
2011-06-29,13:15,76.6,,43.0,30.1,0.0,SW@25.6,35.7,73.8,0.0,894,"Gramling, Benton County",100139,Gramling,2017-12-10 23:01:48.509176
2011-06-29,13:30,76.9,,44.0,31.0,0.0,SW@25.0,36.8,74.0,0.0,879,"Gramling, Benton County",100139,Gramling,2017-12-10 23:01:48.509176
2011-06-29,13:45,77.0,,45.4,32.6,0.0,SW@24.8,33.9,74.2,0.0,873,"Gramling, Benton County",100139,Gramling,2017-12-10 23:01:48.509176
2011-06-29,14:00,75.8,,43.8,31.9,0.0,SW@25.9,35.3,74.4,0.0,729,"Gramling, Benton County",100139,Gramling,2017-12-10 23:01:48.509176
2011-06-29,14:15,76.3,,44.5,32.1,0.0,SW@24.9,33.2,74.6,0.0,820,"Gramling, Benton County",100139,Gramling,2017-12-10 23:01:48.509176
2011-06-29,14:30,75.9,,44.6,32.8,0.0,SW@26.4,35.7,74.8,0.0,806,"Gramling, Benton County",100139,Gramling,2017-12-10 23:01:48.509176
2011-06-29,14:45,74.5,,45.1,34.9,0.0,SW@25.1,32.5,74.9,0.0,584,"Gramling, Benton County",100139,Gramling,2017-12-10 23:01:48.509176
2011-06-29,15:00,74.2,,45.4,35.8,0.0,SW@24.3,32.5,75.1,0.0,542,"Gramling, Benton County",100139,Gramling,2017-12-10 23:01:48.509176
2011-06-29,15:15,74.8,,43.6,32.7,0.0,SW@24.8,35.3,75.2,0.0,593,"Gramling, Benton County",100139,Gramling,2017-12-10 23:01:48.509176
2011-06-29,15:30,74.9,,43.2,32.1,0.0,SW@23.8,33.9,75.3,0.0,513,"Gramling, Benton County",100139,Gramling,2017-12-10 23:01:48.509176
2011-06-29,15:45,73.3,,44.4,35.4,0.0,SW@24.1,33.2,75.4,0.0,352,"Gramling, Benton County",100139,Gramling,2017-12-10 23:01:48.509176
2011-06-29,16:00,74.8,,43.7,32.9,0.0,SW@22.9,32.5,75.5,0.0,601,"Gramling, Benton County",100139,Gramling,2017-12-10 23:01:48.509176
2011-06-29,16:15,76.3,,43.3,30.7,0.0,SW@23.9,35.3,75.5,0.0,586,"Gramling, Benton County",100139,Gramling,2017-12-10 23:01:48.509176
2011-06-29,16:30,75.4,,43.5,32.0,0.0,SW@24.6,33.9,75.6,0.0,517,"Gramling, Benton County",100139,Gramling,2017-12-10 23:01:48.509176
2011-06-29,16:45,74.5,,45.1,35.1,0.0,SW@22.9,31.4,75.6,0.0,460,"Gramling, Benton County",100139,Gramling,2017-12-10 23:01:48.509176
2011-06-29,17:00,74.1,,46.5,37.4,0.0,SW@19.6,25.3,75.6,0.0,438,"Gramling, Benton County",100139,Gramling,2017-12-10 23:01:48.509176
2011-06-29,17:15,73.2,,47.7,40.3,0.0,SW@19.6,27.1,75.6,0.0,340,"Gramling, Benton County",100139,Gramling,2017-12-10 23:01:48.509176
2011-06-29,17:30,71.4,,47.6,42.7,0.0,SW@18.9,27.5,75.6,0.0,210,"Gramling, Benton County",100139,Gramling,2017-12-10 23:01:48.509176
2011-06-29,17:45,71.6,,47.3,42.0,0.0,SW@16.6,22.5,75.6,0.0,331,"Gramling, Benton County",100139,Gramling,2017-12-10 23:01:48.509176
2011-06-29,18:00,72.3,,48.3,42.5,0.0,SW@17.1,23.9,75.6,0.0,330,"Gramling, Benton County",100139,Gramling,2017-12-10 23:01:48.509176
2011-06-29,18:15,71.1,,48.2,44.3,0.0,SW@16.4,22.5,75.6,0.0,233,"Gramling, Benton County",100139,Gramling,2017-12-10 23:01:48.509176
2011-06-29,18:30,70.3,,48.0,45.0,0.0,SW@16.8,22.8,75.6,0.0,194,"Gramling, Benton County",100139,Gramling,2017-12-10 23:01:48.509176
2011-06-29,18:45,69.5,,47.5,45.3,0.0,SW@17.5,26.0,75.6,0.0,155,"Gramling, Benton County",100139,Gramling,2017-12-10 23:01:48.509176
2011-06-29,19:00,67.8,,47.1,47.4,0.01,SW@16.1,23.5,75.5,0.0,114,"Gramling, Benton County",100139,Gramling,2017-12-10 23:01:48.509176
2011-06-29,19:15,66.4,,46.9,49.4,0.01,SW@17.0,23.5,75.5,0.0,76,"Gramling, Benton County",100139,Gramling,2017-12-10 23:01:48.509176
2011-06-29,19:30,64.7,,47.2,53.1,0.03,SW@15.0,22.1,75.4,0.0,36,"Gramling, Benton County",100139,Gramling,2017-12-10 23:01:48.509176
2011-06-29,19:45,63.2,,47.5,56.6,0.06,SW@13.7,21.8,75.4,0.0,24,"Gramling, Benton County",100139,Gramling,2017-12-10 23:01:48.509176
2011-06-29,20:00,62.1,,47.6,58.9,0.11,SW@13.8,19.6,75.3,0.0,5,"Gramling, Benton County",100139,Gramling,2017-12-10 23:01:48.509176
2011-06-29,20:15,61.3,,47.2,59.7,0.13,SW@14.5,20.0,75.2,0.0,1,"Gramling, Benton County",100139,Gramling,2017-12-10 23:01:48.509176
2011-06-29,20:30,60.5,,47.0,61.1,0.18,SW@14.0,20.0,75.1,0.0,0,"Gramling, Benton County",100139,Gramling,2017-12-10 23:01:48.509176
2011-06-29,20:45,59.5,,47.1,63.4,0.27,SW@14.0,17.8,75.0,0.0,0,"Gramling, Benton County",100139,Gramling,2017-12-10 23:01:48.509176
2011-06-29,21:00,59.3,,47.1,64.1,0.31,SW@13.4,17.8,74.9,0.0,0,"Gramling, Benton County",100139,Gramling,2017-12-10 23:01:48.509176
2011-06-29,21:15,58.6,,47.0,65.2,0.37,SW@13.0,18.5,74.8,0.0,0,"Gramling, Benton County",100139,Gramling,2017-12-10 23:01:48.509176
2011-06-29,21:30,58.2,,47.1,66.4,0.44,SW@13.3,18.9,74.7,0.0,0,"Gramling, Benton County",100139,Gramling,2017-12-10 23:01:48.509176
2011-06-29,21:45,57.9,,47.2,67.3,0.48,SW@13.9,17.8,74.6,0.0,0,"Gramling, Benton County",100139,Gramling,2017-12-10 23:01:48.509176
2011-06-29,22:00,56.8,,47.2,69.9,0.61,SW@12.1,16.0,74.4,0.0,0,"Gramling, Benton County",100139,Gramling,2017-12-10 23:01:48.509176
2011-06-29,22:15,56.7,,47.2,70.2,0.67,SW@13.2,17.1,74.3,0.0,0,"Gramling, Benton County",100139,Gramling,2017-12-10 23:01:48.509176
2011-06-29,22:30,56.4,,47.1,70.8,0.66,SW@13.6,17.8,74.2,0.0,0,"Gramling, Benton County",100139,Gramling,2017-12-10 23:01:48.509176
2011-06-29,22:45,56.3,,47.5,72.2,0.67,SW@14.0,18.5,74.1,0.0,0,"Gramling, Benton County",100139,Gramling,2017-12-10 23:01:48.509176
2011-06-29,23:00,57.5,,48.2,71.0,0.59,SW@15.6,22.1,74.0,0.0,0,"Gramling, Benton County",100139,Gramling,2017-12-10 23:01:48.509176
2011-06-30,23:15,58.4,,48.4,69.1,0.48,SW@16.3,22.5,73.8,0.0,0,"Gramling, Benton County",100139,Gramling,2017-12-10 23:01:48.509176
2011-06-30,23:30,57.9,,48.3,70.4,0.52,SW@16.1,21.8,73.7,0.0,0,"Gramling, Benton County",100139,Gramling,2017-12-10 23:01:48.509176
2011-06-30,23:45,57.2,,48.3,72.1,0.61,SW@14.9,21.0,73.6,0.0,0,"Gramling, Benton County",100139,Gramling,2017-12-10 23:01:48.509176
2011-06-30,24:00,57.0,,48.4,72.9,0.67,S@14.1,19.2,73.4,0.0,0,"Gramling, Benton County",100139,Gramling,2017-12-10 23:01:48.509176
2011-06-30,00:15,56.2,,48.0,74.0,0.77,SW@12.7,17.1,73.3,0.0,0,"Gramling, Benton County",100139,Gramling,2017-12-10 23:01:48.509176
2011-06-30,00:30,55.8,,47.5,73.6,0.8,SW@12.4,16.7,73.2,0.0,0,"Gramling, Benton County",100139,Gramling,2017-12-10 23:01:48.509176
2011-06-30,00:45,55.5,,46.9,72.8,0.79,SW@11.5,16.7,73.1,0.0,0,"Gramling, Benton County",100139,Gramling,2017-12-10 23:01:48.509176
2011-06-30,01:00,55.3,,47.4,74.7,0.83,SW@12.2,16.4,73.0,0.0,0,"Gramling, Benton County",100139,Gramling,2017-12-10 23:01:48.509176
2011-06-30,01:15,54.6,,47.7,77.5,0.89,SW@10.1,13.5,72.9,0.0,0,"Gramling, Benton County",100139,Gramling,2017-12-10 23:01:48.509176
2011-06-30,01:30,54.0,,47.8,79.5,0.94,S@11.3,15.7,72.8,0.0,0,"Gramling, Benton County",100139,Gramling,2017-12-10 23:01:48.509176
2011-06-30,01:45,53.8,,47.7,79.5,0.94,SW@11.1,15.3,72.7,0.0,0,"Gramling, Benton County",100139,Gramling,2017-12-10 23:01:48.509176
2011-06-30,02:00,53.4,,47.3,79.9,0.95,SW@10.7,14.2,72.6,0.0,0,"Gramling, Benton County",100139,Gramling,2017-12-10 23:01:48.509176
2011-06-30,02:15,52.2,,46.8,81.8,1.0,SW@10.9,16.4,72.5,0.0,0,"Gramling, Benton County",100139,Gramling,2017-12-10 23:01:48.509176
2011-06-30,02:30,53.6,,46.4,76.4,0.92,SW@13.9,19.2,72.3,0.0,0,"Gramling, Benton County",100139,Gramling,2017-12-10 23:01:48.509176
2011-06-30,02:45,53.7,,45.9,74.8,0.87,SW@13.1,17.5,72.2,0.0,0,"Gramling, Benton County",100139,Gramling,2017-12-10 23:01:48.509176
2011-06-30,03:00,53.0,,45.7,76.1,0.88,SW@12.2,15.7,72.1,0.0,0,"Gramling, Benton County",100139,Gramling,2017-12-10 23:01:48.509176
2011-06-30,03:15,51.8,,45.7,79.8,0.93,S@10.6,14.6,72.0,0.0,0,"Gramling, Benton County",100139,Gramling,2017-12-10 23:01:48.509176
2011-06-30,03:30,52.2,,46.1,79.5,0.93,S@12.3,16.4,71.9,0.0,0,"Gramling, Benton County",100139,Gramling,2017-12-10 23:01:48.509176
2011-06-30,03:45,52.5,,46.4,79.8,0.94,S@12.0,17.5,71.7,0.0,0,"Gramling, Benton County",100139,Gramling,2017-12-10 23:01:48.509176
2011-06-30,04:00,51.9,,46.3,81.1,0.98,S@11.5,16.0,71.7,0.0,1,"Gramling, Benton County",100139,Gramling,2017-12-10 23:01:48.509176
2011-06-30,04:15,51.9,,46.0,80.1,0.94,S@12.0,16.4,71.5,0.0,6,"Gramling, Benton County",100139,Gramling,2017-12-10 23:01:48.509176
2011-06-30,04:30,51.2,,45.5,80.8,0.94,S@9.6,15.0,71.4,0.0,12,"Gramling, Benton County",100139,Gramling,2017-12-10 23:01:48.509176
2011-06-30,04:45,50.7,,45.2,81.2,0.98,S@7.0,12.1,71.3,0.0,17,"Gramling, Benton County",100139,Gramling,2017-12-10 23:01:48.509176
2011-06-30,05:00,51.4,,45.2,79.0,0.96,SW@8.9,15.7,71.2,0.0,69,"Gramling, Benton County",100139,Gramling,2017-12-10 23:01:48.509176
2011-06-30,05:15,52.4,,44.9,75.4,0.85,SW@11.8,16.4,71.0,0.0,68,"Gramling, Benton County",100139,Gramling,2017-12-10 23:01:48.509176
2011-06-30,05:30,52.8,,45.2,75.1,0.74,S@8.7,11.7,70.9,0.0,171,"Gramling, Benton County",100139,Gramling,2017-12-10 23:01:48.509176
2011-06-30,05:45,54.0,,45.3,72.3,0.57,SW@10.3,15.7,70.8,0.0,213,"Gramling, Benton County",100139,Gramling,2017-12-10 23:01:48.509176
2011-06-30,06:00,55.1,,45.1,69.0,0.36,SW@12.2,18.5,70.7,0.0,261,"Gramling, Benton County",100139,Gramling,2017-12-10 23:01:48.509176
2011-06-30,06:15,55.4,,44.8,67.4,0.25,SW@12.5,16.4,70.6,0.0,324,"Gramling, Benton County",100139,Gramling,2017-12-10 23:01:48.509176
2011-06-30,06:30,56.0,,44.8,66.1,0.22,SW@12.0,17.8,70.5,0.0,287,"Gramling, Benton County",100139,Gramling,2017-12-10 23:01:48.509176
2011-06-30,06:45,56.4,,44.8,65.0,0.16,SW@12.6,16.7,70.4,0.0,382,"Gramling, Benton County",100139,Gramling,2017-12-10 23:01:48.509176
2011-06-30,07:00,56.6,,44.5,63.7,0.14,SW@12.1,16.7,70.4,0.0,331,"Gramling, Benton County",100139,Gramling,2017-12-10 23:01:48.509176
2011-06-30,07:15,57.9,,43.9,59.6,0.07,SW@11.3,16.0,70.3,0.0,426,"Gramling, Benton County",100139,Gramling,2017-12-10 23:01:48.509176
2011-06-30,07:30,59.6,,43.3,54.6,0.02,SW@12.8,17.5,70.2,0.0,517,"Gramling, Benton County",100139,Gramling,2017-12-10 23:01:48.509176
2011-06-30,07:45,60.4,,42.8,52.1,0.01,SW@13.4,18.2,70.2,0.0,573,"Gramling, Benton County",100139,Gramling,2017-12-10 23:01:48.509176
2011-06-30,08:00,60.9,,41.9,49.5,0.01,SW@15.0,20.3,70.1,0.0,610,"Gramling, Benton County",100139,Gramling,2017-12-10 23:01:48.509176
2011-06-30,08:15,61.8,,41.7,47.6,0.01,SW@15.3,21.8,70.1,0.0,647,"Gramling, Benton County",100139,Gramling,2017-12-10 23:01:48.509176
2011-06-30,08:30,62.3,,41.0,45.6,0.0,SW@16.1,22.1,70.1,0.0,685,"Gramling, Benton County",100139,Gramling,2017-12-10 23:01:48.509176
2011-06-30,08:45,63.9,,39.6,40.7,0.0,SW@15.1,23.9,70.1,0.0,721,"Gramling, Benton County",100139,Gramling,2017-12-10 23:01:48.509176
2011-06-30,09:00,64.5,,40.1,40.7,0.0,SW@16.1,26.8,70.1,0.0,756,"Gramling, Benton County",100139,Gramling,2017-12-10 23:01:48.509176
2011-06-30,09:15,64.9,,38.4,37.5,0.0,SW@17.1,22.8,70.2,0.0,789,"Gramling, Benton County",100139,Gramling,2017-12-10 23:01:48.509176
2011-06-30,09:30,66.0,,38.3,36.0,0.0,SW@17.0,22.5,70.2,0.0,823,"Gramling, Benton County",100139,Gramling,2017-12-10 23:01:48.509176
2011-06-30,09:45,66.1,,38.6,36.2,0.0,SW@18.2,25.0,70.3,0.0,846,"Gramling, Benton County",100139,Gramling,2017-12-10 23:01:48.509176
2011-06-30,10:00,66.6,,39.7,37.2,0.0,SW@19.0,28.2,70.4,0.0,867,"Gramling, Benton County",100139,Gramling,2017-12-10 23:01:48.509176
2011-06-30,10:15,66.4,,40.3,38.3,0.0,SW@18.9,25.3,70.5,0.0,893,"Gramling, Benton County",100139,Gramling,2017-12-10 23:01:48.509176
2011-06-30,10:30,66.4,,40.4,38.5,0.0,SW@19.1,26.4,70.7,0.0,909,"Gramling, Benton County",100139,Gramling,2017-12-10 23:01:48.509176
2011-06-30,10:45,66.9,,40.5,38.1,0.0,SW@18.6,25.7,70.8,0.0,926,"Gramling, Benton County",100139,Gramling,2017-12-10 23:01:48.509176
2011-06-30,11:00,67.5,,40.6,37.4,0.0,SW@18.1,25.3,71.0,0.0,940,"Gramling, Benton County",100139,Gramling,2017-12-10 23:01:48.509176
2011-06-30,11:15,67.6,,40.0,36.3,0.0,SW@16.9,25.7,71.2,0.0,949,"Gramling, Benton County",100139,Gramling,2017-12-10 23:01:48.509176
2011-06-30,11:30,68.0,,39.3,34.8,0.0,SW@15.8,23.2,71.4,0.0,955,"Gramling, Benton County",100139,Gramling,2017-12-10 23:01:48.509176
2011-06-30,11:45,68.8,,39.2,33.8,0.0,SW@15.3,21.0,71.6,0.0,961,"Gramling, Benton County",100139,Gramling,2017-12-10 23:01:48.509176
2011-06-30,12:00,68.8,,39.3,33.9,0.0,SW@15.6,22.5,71.8,0.0,962,"Gramling, Benton County",100139,Gramling,2017-12-10 23:01:48.509176
2011-06-30,12:15,69.0,,39.4,33.8,0.0,SW@15.9,21.8,72.1,0.0,959,"Gramling, Benton County",100139,Gramling,2017-12-10 23:01:48.509176
2011-06-30,12:30,69.6,,39.1,32.8,0.0,SW@16.1,24.6,72.3,0.0,951,"Gramling, Benton County",100139,Gramling,2017-12-10 23:01:48.509176
2011-06-30,12:45,70.3,,39.5,32.5,0.0,SW@16.0,22.8,72.6,0.0,943,"Gramling, Benton County",100139,Gramling,2017-12-10 23:01:48.509176
2011-06-30,13:00,70.5,,39.2,32.0,0.0,SW@16.1,22.8,72.8,0.0,929,"Gramling, Benton County",100139,Gramling,2017-12-10 23:01:48.509176
2011-06-30,13:15,70.3,,38.7,31.5,0.0,SW@17.4,22.8,73.0,0.0,913,"Gramling, Benton County",100139,Gramling,2017-12-10 23:01:48.509176
2011-06-30,13:30,70.8,,38.8,31.1,0.0,SW@16.8,22.8,73.3,0.0,896,"Gramling, Benton County",100139,Gramling,2017-12-10 23:01:48.509176
2011-06-30,13:45,71.6,,39.3,30.9,0.0,SW@16.6,22.1,73.5,0.0,882,"Gramling, Benton County",100139,Gramling,2017-12-10 23:01:48.509176
2011-06-30,14:00,71.4,,38.7,30.4,0.0,SW@17.4,22.5,73.8,0.0,853,"Gramling, Benton County",100139,Gramling,2017-12-10 23:01:48.509176
2011-06-30,14:15,71.5,,38.9,30.6,0.0,SW@17.7,25.0,74.0,0.0,813,"Gramling, Benton County",100139,Gramling,2017-12-10 23:01:48.509176
2011-06-30,14:30,71.8,,39.2,30.5,0.0,SW@17.5,24.3,74.2,0.0,816,"Gramling, Benton County",100139,Gramling,2017-12-10 23:01:48.509176
2011-06-30,14:45,72.3,,39.4,30.2,0.0,SW@16.8,22.5,74.4,0.0,777,"Gramling, Benton County",100139,Gramling,2017-12-10 23:01:48.509176
2011-06-30,15:00,71.7,,38.4,29.7,0.0,SW@18.1,25.0,74.5,0.0,739,"Gramling, Benton County",100139,Gramling,2017-12-10 23:01:48.509176
2011-06-30,15:15,71.2,,38.1,29.9,0.0,SW@16.0,22.1,74.7,0.0,671,"Gramling, Benton County",100139,Gramling,2017-12-10 23:01:48.509176
2011-06-30,15:30,71.7,,38.0,29.2,0.0,SW@15.2,23.9,74.8,0.0,640,"Gramling, Benton County",100139,Gramling,2017-12-10 23:01:48.509176
2011-06-30,15:45,71.6,,38.7,30.2,0.0,SW@16.1,22.1,75.0,0.0,639,"Gramling, Benton County",100139,Gramling,2017-12-10 23:01:48.509176
2011-06-30,16:00,71.3,,39.2,31.1,0.0,SW@15.5,21.0,75.1,0.0,569,"Gramling, Benton County",100139,Gramling,2017-12-10 23:01:48.509176
2011-06-30,16:15,71.6,,39.8,31.5,0.0,SW@15.7,20.7,75.2,0.0,552,"Gramling, Benton County",100139,Gramling,2017-12-10 23:01:48.509176
2011-06-30,16:30,71.7,,40.1,31.8,0.0,SW@15.7,21.8,75.2,0.0,506,"Gramling, Benton County",100139,Gramling,2017-12-10 23:01:48.509176
2011-06-30,16:45,70.9,,40.0,32.5,0.0,SW@16.5,22.5,75.3,0.0,461,"Gramling, Benton County",100139,Gramling,2017-12-10 23:01:48.509176
2011-06-30,17:00,70.4,,39.9,32.9,0.0,SW@15.9,21.4,75.3,0.0,417,"Gramling, Benton County",100139,Gramling,2017-12-10 23:01:48.509176
2011-06-30,17:15,70.2,,39.8,33.0,0.0,SW@15.8,21.4,75.4,0.0,380,"Gramling, Benton County",100139,Gramling,2017-12-10 23:01:48.509176
2011-06-30,17:30,69.5,,39.7,33.6,0.0,SW@16.2,21.8,75.4,0.0,299,"Gramling, Benton County",100139,Gramling,2017-12-10 23:01:48.509176
2011-06-30,17:45,69.2,,39.8,34.2,0.0,SW@15.5,21.0,75.4,0.0,267,"Gramling, Benton County",100139,Gramling,2017-12-10 23:01:48.509176
2011-06-30,18:00,68.8,,40.9,36.1,0.0,SW@15.0,21.8,75.4,0.0,253,"Gramling, Benton County",100139,Gramling,2017-12-10 23:01:48.509176
2011-06-30,18:15,68.3,,41.6,37.8,0.0,SW@15.0,20.7,75.4,0.0,221,"Gramling, Benton County",100139,Gramling,2017-12-10 23:01:48.509176
2011-06-30,18:30,67.6,,43.0,40.9,0.0,SW@14.2,20.3,75.3,0.0,176,"Gramling, Benton County",100139,Gramling,2017-12-10 23:01:48.509176
2011-06-30,18:45,66.6,,43.4,43.1,0.0,SW@14.0,20.0,75.3,0.0,140,"Gramling, Benton County",100139,Gramling,2017-12-10 23:01:48.509176
2011-06-30,19:00,65.7,,43.6,44.7,0.0,SW@12.4,16.7,75.2,0.0,101,"Gramling, Benton County",100139,Gramling,2017-12-10 23:01:48.509176
2011-06-30,19:15,64.1,,44.0,48.0,0.0,SW@11.8,17.1,75.2,0.0,56,"Gramling, Benton County",100139,Gramling,2017-12-10 23:01:48.509176
2011-06-30,19:30,62.9,,44.2,50.3,0.01,SW@11.4,15.7,75.1,0.0,47,"Gramling, Benton County",100139,Gramling,2017-12-10 23:01:48.509176
2011-06-30,19:45,62.2,,43.1,49.4,0.01,W@8.0,12.1,75.0,0.0,24,"Gramling, Benton County",100139,Gramling,2017-12-10 23:01:48.509176
2011-06-30,20:00,61.4,,40.7,46.4,0.01,W@3.5,6.7,75.0,0.0,7,"Gramling, Benton County",100139,Gramling,2017-12-10 23:01:48.509176
2011-06-30,20:15,58.3,,40.3,51.1,0.03,SW@2.5,4.9,74.9,0.0,1,"Gramling, Benton County",100139,Gramling,2017-12-10 23:01:48.509176
2011-06-30,20:30,58.3,,40.4,51.3,0.02,W@3.0,5.7,74.8,0.0,0,"Gramling, Benton County",100139,Gramling,2017-12-10 23:01:48.509176
2011-06-30,20:45,57.7,,40.2,52.0,0.03,W@2.6,4.6,74.7,0.0,0,"Gramling, Benton County",100139,Gramling,2017-12-10 23:01:48.509176
2011-06-30,21:00,57.5,,39.8,51.6,0.03,W@1.9,6.4,74.6,0.0,0,"Gramling, Benton County",100139,Gramling,2017-12-10 23:01:48.509176
2011-06-30,21:15,56.6,,39.5,52.7,0.07,S@2.0,3.5,74.4,0.0,0,"Gramling, Benton County",100139,Gramling,2017-12-10 23:01:48.509176
2011-06-30,21:30,52.2,,39.0,60.5,0.17,SW@3.7,4.9,74.3,0.0,0,"Gramling, Benton County",100139,Gramling,2017-12-10 23:01:48.509176
2011-06-30,21:45,53.6,,39.1,57.9,0.14,S@3.1,4.9,74.2,0.0,0,"Gramling, Benton County",100139,Gramling,2017-12-10 23:01:48.509176
2011-06-30,22:00,51.4,,39.1,62.5,0.22,S@4.0,5.3,74.1,0.0,0,"Gramling, Benton County",100139,Gramling,2017-12-10 23:01:48.509176
2011-06-30,22:15,51.9,,38.9,60.9,0.29,S@2.0,3.5,73.9,0.0,0,"Gramling, Benton County",100139,Gramling,2017-12-10 23:01:48.509176
2011-06-30,22:30,51.0,,38.4,61.7,0.26,S@4.0,6.0,73.8,0.0,0,"Gramling, Benton County",100139,Gramling,2017-12-10 23:01:48.509176
2011-06-30,22:45,49.4,,38.6,66.1,0.42,S@4.0,5.3,73.6,0.0,0,"Gramling, Benton County",100139,Gramling,2017-12-10 23:01:48.509176
2011-06-30,23:00,47.6,,38.5,70.4,0.62,S@4.3,5.3,73.5,0.0,0,"Gramling, Benton County",100139,Gramling,2017-12-10 23:01:48.509176
2011-07-01,23:15,49.9,,39.0,65.8,0.52,S@4.1,5.3,73.3,0.0,0,"Gramling, Benton County",100139,Gramling,2017-12-10 23:01:48.509176
2011-07-01,23:30,49.6,,39.2,67.1,0.53,S@4.6,7.1,73.2,0.0,0,"Gramling, Benton County",100139,Gramling,2017-12-10 23:01:48.509176
2011-07-01,23:45,51.1,,42.3,71.8,0.64,S@6.7,8.2,73.0,0.0,0,"Gramling, Benton County",100139,Gramling,2017-12-10 23:01:48.509176
2011-07-01,24:00,50.3,,42.8,75.2,0.81,S@6.1,8.9,72.9,0.0,0,"Gramling, Benton County",100139,Gramling,2017-12-10 23:01:48.509176
