Date,Time PST,Air Temp °F, 2<sup>nd</sup> Air Temp °F, Dew Point °F, Rel Hum %, Leaf Wet u., Wind Dir @ Speed mph, Wind Gust mph, 8 in. Soil Tmp °F, Tot Prec in, Solar Rad W/m²,Location,Station ID,Station Name,Download Timestamp
2017-01-21,00:15,39.0,38.6,36.3,89.9,0.01,SE@2.8,5.7,32.8,0.0,0,"Lawrence, Whatcom County",330024,Lawrence,2017-12-12 18:00:55.820076
2017-01-21,00:30,39.0,38.5,36.3,90.0,0.01,S@1.0,2.8,32.8,0.0,0,"Lawrence, Whatcom County",330024,Lawrence,2017-12-12 18:00:55.820076
2017-01-21,00:45,39.0,38.5,36.4,90.0,0.01,N@0.0,0.0,32.9,0.0,0,"Lawrence, Whatcom County",330024,Lawrence,2017-12-12 18:00:55.820076
2017-01-21,01:00,39.4,38.9,36.4,89.0,0.01,SW@4.4,6.7,32.9,0.0,0,"Lawrence, Whatcom County",330024,Lawrence,2017-12-12 18:00:55.820076
2017-01-21,01:15,40.1,39.6,36.5,86.6,0.0,S@1.2,5.3,32.9,0.0,0,"Lawrence, Whatcom County",330024,Lawrence,2017-12-12 18:00:55.820076
2017-01-21,01:30,39.3,38.8,36.0,88.1,0.01,W@0.4,2.8,32.9,0.0,0,"Lawrence, Whatcom County",330024,Lawrence,2017-12-12 18:00:55.820076
2017-01-21,01:45,38.8,38.3,36.1,90.0,0.01,S@1.0,4.2,32.9,0.0,0,"Lawrence, Whatcom County",330024,Lawrence,2017-12-12 18:00:55.820076
2017-01-21,02:00,39.2,38.7,36.8,91.1,0.1,S@1.4,3.5,32.9,0.0,0,"Lawrence, Whatcom County",330024,Lawrence,2017-12-12 18:00:55.820076
2017-01-21,02:15,39.4,38.9,36.7,89.7,0.11,SE@0.0,1.7,33.0,0.0,0,"Lawrence, Whatcom County",330024,Lawrence,2017-12-12 18:00:55.820076
2017-01-21,02:30,39.1,38.6,36.6,90.5,0.14,E@1.2,3.5,33.0,0.0,0,"Lawrence, Whatcom County",330024,Lawrence,2017-12-12 18:00:55.820076
2017-01-21,02:45,38.6,38.1,36.6,92.5,0.1,W@0.1,2.1,33.0,0.0,0,"Lawrence, Whatcom County",330024,Lawrence,2017-12-12 18:00:55.820076
2017-01-21,03:00,38.2,37.7,36.2,92.6,0.06,E@0.7,2.8,33.0,0.0,0,"Lawrence, Whatcom County",330024,Lawrence,2017-12-12 18:00:55.820076
2017-01-21,03:15,37.3,36.8,35.9,94.6,0.06,NE@0.3,2.8,33.0,0.0,0,"Lawrence, Whatcom County",330024,Lawrence,2017-12-12 18:00:55.820076
2017-01-21,03:30,37.3,36.8,36.0,95.1,0.4,NE@0.1,2.4,33.0,0.0,0,"Lawrence, Whatcom County",330024,Lawrence,2017-12-12 18:00:55.820076
2017-01-21,03:45,37.3,36.8,36.1,95.3,0.45,N@0.0,0.0,33.0,0.0,0,"Lawrence, Whatcom County",330024,Lawrence,2017-12-12 18:00:55.820076
2017-01-21,04:00,37.2,36.6,36.1,95.7,0.47,N@0.0,0.0,33.0,0.0,0,"Lawrence, Whatcom County",330024,Lawrence,2017-12-12 18:00:55.820076
2017-01-21,04:15,37.1,36.6,36.1,96.2,0.45,SE@0.9,4.6,33.1,0.0,0,"Lawrence, Whatcom County",330024,Lawrence,2017-12-12 18:00:55.820076
2017-01-21,04:30,37.3,36.8,36.3,96.1,0.39,E@0.4,2.8,33.1,0.0,0,"Lawrence, Whatcom County",330024,Lawrence,2017-12-12 18:00:55.820076
2017-01-21,04:45,36.9,36.3,35.9,96.2,0.34,S@0.1,1.7,33.1,0.0,0,"Lawrence, Whatcom County",330024,Lawrence,2017-12-12 18:00:55.820076
2017-01-21,05:00,36.9,36.4,36.1,96.7,0.36,SW@0.4,2.4,33.1,0.0,0,"Lawrence, Whatcom County",330024,Lawrence,2017-12-12 18:00:55.820076
2017-01-21,05:15,37.1,36.6,36.3,97.0,0.46,S@0.5,3.1,33.1,0.0,0,"Lawrence, Whatcom County",330024,Lawrence,2017-12-12 18:00:55.820076
2017-01-21,05:30,38.0,37.5,36.9,95.9,0.62,S@1.9,4.6,33.1,0.0,0,"Lawrence, Whatcom County",330024,Lawrence,2017-12-12 18:00:55.820076
2017-01-21,05:45,38.0,37.4,36.7,95.0,0.88,SW@0.4,2.8,33.1,0.0,0,"Lawrence, Whatcom County",330024,Lawrence,2017-12-12 18:00:55.820076
2017-01-21,06:00,38.2,37.6,37.2,96.2,0.91,SW@0.2,2.1,33.1,0.0,0,"Lawrence, Whatcom County",330024,Lawrence,2017-12-12 18:00:55.820076
2017-01-21,06:15,39.9,39.4,38.0,92.7,0.92,SE@3.2,5.7,33.2,0.0,0,"Lawrence, Whatcom County",330024,Lawrence,2017-12-12 18:00:55.820076
2017-01-21,06:30,38.7,38.2,36.9,93.2,0.92,E@2.7,4.2,33.2,0.01,0,"Lawrence, Whatcom County",330024,Lawrence,2017-12-12 18:00:55.820076
2017-01-21,06:45,37.7,37.2,36.7,96.4,0.89,NE@0.9,3.1,33.2,0.0,0,"Lawrence, Whatcom County",330024,Lawrence,2017-12-12 18:00:55.820076
2017-01-21,07:00,37.9,37.5,37.2,97.2,0.87,NE@1.3,3.5,33.2,0.0,0,"Lawrence, Whatcom County",330024,Lawrence,2017-12-12 18:00:55.820076
2017-01-21,07:15,38.0,37.7,37.3,97.2,0.86,NE@2.2,3.5,33.2,0.0,0,"Lawrence, Whatcom County",330024,Lawrence,2017-12-12 18:00:55.820076
2017-01-21,07:30,37.4,37.0,36.7,97.3,0.85,N@0.8,3.1,33.2,0.0,0,"Lawrence, Whatcom County",330024,Lawrence,2017-12-12 18:00:55.820076
2017-01-21,07:45,37.4,37.1,36.8,97.7,0.84,SW@2.0,6.4,33.3,0.0,0,"Lawrence, Whatcom County",330024,Lawrence,2017-12-12 18:00:55.820076
2017-01-21,08:00,38.7,38.3,37.7,96.4,0.84,NE@1.8,4.6,33.3,0.0,3,"Lawrence, Whatcom County",330024,Lawrence,2017-12-12 18:00:55.820076
2017-01-21,08:15,38.9,38.5,37.5,94.8,0.83,E@1.4,4.2,33.3,0.0,8,"Lawrence, Whatcom County",330024,Lawrence,2017-12-12 18:00:55.820076
2017-01-21,08:30,38.6,38.2,37.3,95.1,0.86,N@0.0,0.0,33.3,0.0,16,"Lawrence, Whatcom County",330024,Lawrence,2017-12-12 18:00:55.820076
2017-01-21,08:45,38.4,38.0,37.3,95.9,0.86,S@0.2,2.8,33.3,0.0,26,"Lawrence, Whatcom County",330024,Lawrence,2017-12-12 18:00:55.820076
2017-01-21,09:00,38.6,38.2,37.7,96.4,0.86,N@1.0,3.9,33.3,0.01,39,"Lawrence, Whatcom County",330024,Lawrence,2017-12-12 18:00:55.820076
2017-01-21,09:15,39.3,39.0,38.2,95.7,0.85,SE@1.5,4.2,33.4,0.0,55,"Lawrence, Whatcom County",330024,Lawrence,2017-12-12 18:00:55.820076
2017-01-21,09:30,39.7,39.4,38.6,95.8,0.84,SE@0.2,2.8,33.4,0.0,61,"Lawrence, Whatcom County",330024,Lawrence,2017-12-12 18:00:55.820076
2017-01-21,09:45,40.0,39.7,38.9,95.6,0.84,NW@0.0,1.4,33.4,0.0,75,"Lawrence, Whatcom County",330024,Lawrence,2017-12-12 18:00:55.820076
2017-01-21,10:00,41.0,40.6,39.7,94.9,0.84,N@0.0,0.0,33.4,0.0,104,"Lawrence, Whatcom County",330024,Lawrence,2017-12-12 18:00:55.820076
2017-01-21,10:15,42.0,41.5,39.7,91.1,0.84,N@0.0,0.0,33.4,0.0,148,"Lawrence, Whatcom County",330024,Lawrence,2017-12-12 18:00:55.820076
2017-01-21,10:30,43.0,42.5,39.7,87.9,0.83,NW@1.3,4.9,33.4,0.0,157,"Lawrence, Whatcom County",330024,Lawrence,2017-12-12 18:00:55.820076
2017-01-21,10:45,43.7,43.2,39.8,86.0,0.78,NW@1.0,4.6,33.5,0.0,161,"Lawrence, Whatcom County",330024,Lawrence,2017-12-12 18:00:55.820076
2017-01-21,11:00,44.0,43.6,39.3,83.4,0.7,NW@0.1,1.4,33.5,0.0,108,"Lawrence, Whatcom County",330024,Lawrence,2017-12-12 18:00:55.820076
2017-01-21,11:15,44.2,43.8,39.7,83.8,0.58,NW@0.0,1.4,33.5,0.0,110,"Lawrence, Whatcom County",330024,Lawrence,2017-12-12 18:00:55.820076
2017-01-21,11:30,45.7,45.2,39.6,79.1,0.24,N@2.8,7.1,33.5,0.0,347,"Lawrence, Whatcom County",330024,Lawrence,2017-12-12 18:00:55.820076
2017-01-21,11:45,47.9,47.3,39.8,73.4,0.0,N@4.5,6.0,33.5,0.0,335,"Lawrence, Whatcom County",330024,Lawrence,2017-12-12 18:00:55.820076
2017-01-21,12:00,47.8,47.2,39.5,72.9,0.0,N@5.0,7.1,33.6,0.0,403,"Lawrence, Whatcom County",330024,Lawrence,2017-12-12 18:00:55.820076
2017-01-21,12:15,48.9,48.4,39.8,70.7,0.0,N@4.8,6.7,33.6,0.0,410,"Lawrence, Whatcom County",330024,Lawrence,2017-12-12 18:00:55.820076
2017-01-21,12:30,49.2,48.8,39.3,68.5,0.0,N@5.3,7.1,33.6,0.0,266,"Lawrence, Whatcom County",330024,Lawrence,2017-12-12 18:00:55.820076
2017-01-21,12:45,48.4,47.9,39.0,69.7,0.0,N@4.5,8.9,33.7,0.0,176,"Lawrence, Whatcom County",330024,Lawrence,2017-12-12 18:00:55.820076
2017-01-21,13:00,48.7,48.4,39.7,70.6,0.0,N@3.7,6.0,33.7,0.0,222,"Lawrence, Whatcom County",330024,Lawrence,2017-12-12 18:00:55.820076
2017-01-21,13:15,48.8,48.5,39.4,69.8,0.0,N@4.4,7.1,33.8,0.0,229,"Lawrence, Whatcom County",330024,Lawrence,2017-12-12 18:00:55.820076
2017-01-21,13:30,49.1,48.6,39.7,69.9,0.0,W@2.9,4.9,33.8,0.0,249,"Lawrence, Whatcom County",330024,Lawrence,2017-12-12 18:00:55.820076
2017-01-21,13:45,49.1,48.6,39.3,68.9,0.0,NW@2.7,3.9,33.9,0.0,137,"Lawrence, Whatcom County",330024,Lawrence,2017-12-12 18:00:55.820076
2017-01-21,14:00,48.5,48.1,39.5,70.9,0.0,NW@3.1,4.2,33.9,0.0,99,"Lawrence, Whatcom County",330024,Lawrence,2017-12-12 18:00:55.820076
2017-01-21,14:15,47.6,47.2,39.5,73.5,0.0,NW@2.6,3.9,34.0,0.0,83,"Lawrence, Whatcom County",330024,Lawrence,2017-12-12 18:00:55.820076
2017-01-21,14:30,47.2,46.8,40.1,76.2,0.0,N@2.6,4.2,34.1,0.0,91,"Lawrence, Whatcom County",330024,Lawrence,2017-12-12 18:00:55.820076
2017-01-21,14:45,47.0,46.6,40.5,77.9,0.02,NW@2.3,3.5,34.2,0.0,89,"Lawrence, Whatcom County",330024,Lawrence,2017-12-12 18:00:55.820076
2017-01-21,15:00,47.1,46.8,40.1,76.5,0.07,SW@2.3,4.6,34.2,0.0,43,"Lawrence, Whatcom County",330024,Lawrence,2017-12-12 18:00:55.820076
2017-01-21,15:15,46.8,46.5,40.7,79.0,0.78,N@3.5,5.3,34.3,0.0,59,"Lawrence, Whatcom County",330024,Lawrence,2017-12-12 18:00:55.820076
2017-01-21,15:30,46.8,46.5,41.2,80.6,0.86,NE@3.0,6.4,34.4,0.0,72,"Lawrence, Whatcom County",330024,Lawrence,2017-12-12 18:00:55.820076
2017-01-21,15:45,46.9,46.6,40.7,78.6,0.73,N@1.9,6.4,34.5,0.0,34,"Lawrence, Whatcom County",330024,Lawrence,2017-12-12 18:00:55.820076
2017-01-21,16:00,46.6,46.3,40.9,80.4,0.48,SW@0.9,3.1,34.6,0.0,38,"Lawrence, Whatcom County",330024,Lawrence,2017-12-12 18:00:55.820076
2017-01-21,16:15,46.1,45.8,41.0,82.1,0.22,N@0.0,0.0,34.7,0.0,42,"Lawrence, Whatcom County",330024,Lawrence,2017-12-12 18:00:55.820076
2017-01-21,16:30,45.4,45.1,40.6,83.1,0.08,SW@0.6,3.1,34.7,0.0,22,"Lawrence, Whatcom County",330024,Lawrence,2017-12-12 18:00:55.820076
2017-01-21,16:45,45.3,45.0,39.4,79.6,0.01,SW@0.6,2.8,34.8,0.0,10,"Lawrence, Whatcom County",330024,Lawrence,2017-12-12 18:00:55.820076
2017-01-21,17:00,45.1,44.7,38.9,78.8,0.0,SE@0.4,3.5,34.9,0.0,5,"Lawrence, Whatcom County",330024,Lawrence,2017-12-12 18:00:55.820076
2017-01-21,17:15,43.6,43.2,39.3,84.9,0.0,E@0.1,2.1,34.9,0.0,0,"Lawrence, Whatcom County",330024,Lawrence,2017-12-12 18:00:55.820076
2017-01-21,17:30,42.4,42.0,39.0,87.6,0.01,N@0.0,0.0,35.0,0.0,0,"Lawrence, Whatcom County",330024,Lawrence,2017-12-12 18:00:55.820076
2017-01-21,17:45,41.9,41.5,38.9,89.2,0.01,NE@1.6,5.3,35.1,0.0,0,"Lawrence, Whatcom County",330024,Lawrence,2017-12-12 18:00:55.820076
2017-01-21,18:00,41.6,41.1,38.8,89.5,0.01,NE@1.8,3.5,35.1,0.0,0,"Lawrence, Whatcom County",330024,Lawrence,2017-12-12 18:00:55.820076
2017-01-21,18:15,41.2,40.8,38.4,89.6,0.01,SW@3.0,5.7,35.2,0.0,0,"Lawrence, Whatcom County",330024,Lawrence,2017-12-12 18:00:55.820076
2017-01-21,18:30,42.1,41.7,37.9,85.2,0.01,SW@1.9,4.2,35.2,0.0,0,"Lawrence, Whatcom County",330024,Lawrence,2017-12-12 18:00:55.820076
2017-01-21,18:45,40.3,39.9,37.5,89.5,0.01,S@2.2,4.6,35.3,0.0,0,"Lawrence, Whatcom County",330024,Lawrence,2017-12-12 18:00:55.820076
2017-01-21,19:00,39.8,39.3,37.8,92.7,0.01,SW@0.5,2.4,35.3,0.0,0,"Lawrence, Whatcom County",330024,Lawrence,2017-12-12 18:00:55.820076
2017-01-21,19:15,41.8,41.2,38.6,88.5,0.01,SE@0.9,3.1,35.3,0.0,0,"Lawrence, Whatcom County",330024,Lawrence,2017-12-12 18:00:55.820076
2017-01-21,19:30,41.5,41.1,37.9,86.8,0.0,E@1.8,4.2,35.4,0.0,0,"Lawrence, Whatcom County",330024,Lawrence,2017-12-12 18:00:55.820076
2017-01-21,19:45,39.8,39.5,37.5,91.5,0.01,SE@2.4,3.9,35.4,0.0,0,"Lawrence, Whatcom County",330024,Lawrence,2017-12-12 18:00:55.820076
2017-01-21,20:00,39.4,39.0,37.5,92.7,0.01,N@0.0,0.0,35.4,0.0,0,"Lawrence, Whatcom County",330024,Lawrence,2017-12-12 18:00:55.820076
2017-01-21,20:15,39.5,39.2,37.6,92.8,0.01,SW@1.9,4.9,35.5,0.0,0,"Lawrence, Whatcom County",330024,Lawrence,2017-12-12 18:00:55.820076
2017-01-21,20:30,40.1,39.7,37.5,90.4,0.01,SW@0.8,3.5,35.5,0.0,0,"Lawrence, Whatcom County",330024,Lawrence,2017-12-12 18:00:55.820076
2017-01-21,20:45,40.7,40.3,37.8,89.3,0.01,NW@0.1,2.8,35.5,0.0,0,"Lawrence, Whatcom County",330024,Lawrence,2017-12-12 18:00:55.820076
2017-01-21,21:00,40.3,40.0,37.4,89.2,0.0,N@0.0,0.0,35.5,0.0,0,"Lawrence, Whatcom County",330024,Lawrence,2017-12-12 18:00:55.820076
2017-01-21,21:15,39.8,39.4,37.1,89.8,0.0,N@0.0,0.0,35.5,0.0,0,"Lawrence, Whatcom County",330024,Lawrence,2017-12-12 18:00:55.820076
2017-01-21,21:30,39.1,38.7,37.0,92.4,0.01,N@0.0,0.0,35.5,0.0,0,"Lawrence, Whatcom County",330024,Lawrence,2017-12-12 18:00:55.820076
2017-01-21,21:45,38.6,38.2,36.7,92.9,0.01,N@0.0,0.0,35.5,0.0,0,"Lawrence, Whatcom County",330024,Lawrence,2017-12-12 18:00:55.820076
2017-01-21,22:00,38.1,37.8,36.6,94.2,0.01,N@0.0,0.0,35.5,0.0,0,"Lawrence, Whatcom County",330024,Lawrence,2017-12-12 18:00:55.820076
2017-01-21,22:15,37.7,37.3,36.4,95.0,0.02,N@0.0,0.0,35.5,0.0,0,"Lawrence, Whatcom County",330024,Lawrence,2017-12-12 18:00:55.820076
2017-01-21,22:30,38.0,37.6,36.8,95.5,0.03,SE@0.4,5.3,35.5,0.0,0,"Lawrence, Whatcom County",330024,Lawrence,2017-12-12 18:00:55.820076
2017-01-21,22:45,37.9,37.5,36.6,95.2,0.05,N@0.0,0.0,35.5,0.0,0,"Lawrence, Whatcom County",330024,Lawrence,2017-12-12 18:00:55.820076
2017-01-21,23:00,37.4,37.0,36.2,95.4,0.06,W@0.3,2.8,35.5,0.0,0,"Lawrence, Whatcom County",330024,Lawrence,2017-12-12 18:00:55.820076
2017-01-21,23:15,37.5,37.1,36.5,95.9,0.06,N@0.0,0.0,35.5,0.0,0,"Lawrence, Whatcom County",330024,Lawrence,2017-12-12 18:00:55.820076
2017-01-21,23:30,36.9,36.6,35.9,96.1,0.06,N@1.2,4.2,35.5,0.0,0,"Lawrence, Whatcom County",330024,Lawrence,2017-12-12 18:00:55.820076
2017-01-21,23:45,36.3,36.0,35.4,96.7,0.08,S@1.1,4.2,35.5,0.0,0,"Lawrence, Whatcom County",330024,Lawrence,2017-12-12 18:00:55.820076
2017-01-21,24:00,36.1,35.7,35.4,97.2,0.1,N@0.2,3.1,35.5,0.0,0,"Lawrence, Whatcom County",330024,Lawrence,2017-12-12 18:00:55.820076
2017-01-22,00:15,36.4,36.0,35.7,97.3,0.09,SW@2.1,3.9,35.5,0.0,0,"Lawrence, Whatcom County",330024,Lawrence,2017-12-12 18:00:55.820076
2017-01-22,00:30,37.4,37.1,36.6,97.0,0.08,S@2.5,6.4,35.5,0.0,0,"Lawrence, Whatcom County",330024,Lawrence,2017-12-12 18:00:55.820076
2017-01-22,00:45,37.6,37.2,36.7,96.5,0.06,E@0.9,3.5,35.5,0.0,0,"Lawrence, Whatcom County",330024,Lawrence,2017-12-12 18:00:55.820076
2017-01-22,01:00,37.2,36.8,36.2,96.2,0.04,NE@0.5,4.6,35.5,0.0,0,"Lawrence, Whatcom County",330024,Lawrence,2017-12-12 18:00:55.820076
2017-01-22,01:15,37.8,37.4,36.7,95.8,0.03,NE@1.9,4.9,35.5,0.0,0,"Lawrence, Whatcom County",330024,Lawrence,2017-12-12 18:00:55.820076
2017-01-22,01:30,37.5,37.1,36.3,95.4,0.04,N@0.0,0.0,35.4,0.0,0,"Lawrence, Whatcom County",330024,Lawrence,2017-12-12 18:00:55.820076
2017-01-22,01:45,36.1,35.7,35.0,95.9,0.13,NE@0.5,2.8,35.4,0.0,0,"Lawrence, Whatcom County",330024,Lawrence,2017-12-12 18:00:55.820076
2017-01-22,02:00,34.6,34.2,33.8,97.1,0.28,SE@0.0,2.1,35.4,0.0,0,"Lawrence, Whatcom County",330024,Lawrence,2017-12-12 18:00:55.820076
2017-01-22,02:15,33.9,33.6,33.3,97.9,0.41,N@0.1,3.1,35.4,0.0,0,"Lawrence, Whatcom County",330024,Lawrence,2017-12-12 18:00:55.820076
2017-01-22,02:30,33.7,33.2,33.2,98.2,0.52,N@0.0,0.0,35.4,0.0,0,"Lawrence, Whatcom County",330024,Lawrence,2017-12-12 18:00:55.820076
2017-01-22,02:45,32.7,32.4,32.3,98.4,0.61,S@0.1,2.1,35.4,0.0,0,"Lawrence, Whatcom County",330024,Lawrence,2017-12-12 18:00:55.820076
2017-01-22,03:00,33.0,32.7,32.7,98.8,0.69,SE@0.3,4.9,35.4,0.0,0,"Lawrence, Whatcom County",330024,Lawrence,2017-12-12 18:00:55.820076
2017-01-22,03:15,32.8,32.4,32.5,99.0,0.74,SE@1.2,4.9,35.4,0.0,0,"Lawrence, Whatcom County",330024,Lawrence,2017-12-12 18:00:55.820076
2017-01-22,03:30,31.5,31.2,31.1,99.1,0.65,N@0.0,0.0,35.4,0.0,0,"Lawrence, Whatcom County",330024,Lawrence,2017-12-12 18:00:55.820076
2017-01-22,03:45,31.9,31.5,31.6,99.2,0.07,NE@0.5,3.5,35.3,0.0,0,"Lawrence, Whatcom County",330024,Lawrence,2017-12-12 18:00:55.820076
2017-01-22,04:00,31.5,31.1,31.1,99.2,0.05,E@0.4,2.8,35.3,0.0,0,"Lawrence, Whatcom County",330024,Lawrence,2017-12-12 18:00:55.820076
2017-01-22,04:15,31.1,30.7,30.6,99.2,0.04,N@0.2,2.8,35.3,0.0,0,"Lawrence, Whatcom County",330024,Lawrence,2017-12-12 18:00:55.820076
2017-01-22,04:30,30.6,30.2,30.0,99.2,0.03,SE@0.5,3.5,35.3,0.0,0,"Lawrence, Whatcom County",330024,Lawrence,2017-12-12 18:00:55.820076
2017-01-22,04:45,30.3,29.9,29.7,99.2,0.03,S@0.4,3.1,35.3,0.0,0,"Lawrence, Whatcom County",330024,Lawrence,2017-12-12 18:00:55.820076
2017-01-22,05:00,31.1,30.8,30.7,99.2,0.05,SE@1.0,4.6,35.2,0.0,0,"Lawrence, Whatcom County",330024,Lawrence,2017-12-12 18:00:55.820076
2017-01-22,05:15,32.0,31.6,31.7,99.2,0.08,S@0.3,3.1,35.2,0.0,0,"Lawrence, Whatcom County",330024,Lawrence,2017-12-12 18:00:55.820076
2017-01-22,05:30,31.8,31.4,31.4,99.2,0.08,NW@1.1,4.2,35.2,0.0,0,"Lawrence, Whatcom County",330024,Lawrence,2017-12-12 18:00:55.820076
2017-01-22,05:45,31.5,31.1,31.1,99.2,0.05,SE@0.1,2.4,35.2,0.0,0,"Lawrence, Whatcom County",330024,Lawrence,2017-12-12 18:00:55.820076
2017-01-22,06:00,30.6,30.2,30.1,99.2,0.03,S@0.9,4.6,35.1,0.0,0,"Lawrence, Whatcom County",330024,Lawrence,2017-12-12 18:00:55.820076
2017-01-22,06:15,31.6,31.2,31.2,99.2,0.06,SE@1.4,5.7,35.1,0.0,0,"Lawrence, Whatcom County",330024,Lawrence,2017-12-12 18:00:55.820076
2017-01-22,06:30,32.3,31.9,32.1,99.2,0.13,SE@2.4,7.1,35.1,0.0,0,"Lawrence, Whatcom County",330024,Lawrence,2017-12-12 18:00:55.820076
2017-01-22,06:45,37.3,36.9,34.1,88.0,0.73,NE@5.3,14.2,35.0,0.0,0,"Lawrence, Whatcom County",330024,Lawrence,2017-12-12 18:00:55.820076
2017-01-22,07:00,41.6,41.3,32.0,68.3,0.82,SE@6.1,15.7,35.0,0.0,0,"Lawrence, Whatcom County",330024,Lawrence,2017-12-12 18:00:55.820076
2017-01-22,07:15,40.5,40.2,32.3,72.1,0.42,S@5.2,10.3,35.0,0.0,0,"Lawrence, Whatcom County",330024,Lawrence,2017-12-12 18:00:55.820076
2017-01-22,07:30,40.1,39.7,32.3,73.5,0.06,SE@4.3,7.1,35.0,0.0,0,"Lawrence, Whatcom County",330024,Lawrence,2017-12-12 18:00:55.820076
2017-01-22,07:45,40.4,40.1,32.1,72.0,0.0,S@2.6,7.8,34.9,0.0,0,"Lawrence, Whatcom County",330024,Lawrence,2017-12-12 18:00:55.820076
2017-01-22,08:00,39.5,39.1,32.0,74.4,0.0,SE@3.4,9.9,34.9,0.0,3,"Lawrence, Whatcom County",330024,Lawrence,2017-12-12 18:00:55.820076
2017-01-22,08:15,38.5,38.1,31.8,76.9,0.0,SE@2.7,6.4,34.9,0.0,8,"Lawrence, Whatcom County",330024,Lawrence,2017-12-12 18:00:55.820076
2017-01-22,08:30,37.2,36.8,31.7,80.6,0.0,SE@2.0,4.2,34.9,0.0,21,"Lawrence, Whatcom County",330024,Lawrence,2017-12-12 18:00:55.820076
2017-01-22,08:45,34.8,34.5,31.7,88.3,0.01,SE@1.2,3.1,34.8,0.0,36,"Lawrence, Whatcom County",330024,Lawrence,2017-12-12 18:00:55.820076
2017-01-22,09:00,34.4,34.1,32.3,91.9,0.01,S@2.7,4.2,34.8,0.0,49,"Lawrence, Whatcom County",330024,Lawrence,2017-12-12 18:00:55.820076
2017-01-22,09:15,34.9,34.6,32.7,91.6,0.01,E@3.1,6.0,34.8,0.0,50,"Lawrence, Whatcom County",330024,Lawrence,2017-12-12 18:00:55.820076
2017-01-22,09:30,35.7,35.4,33.1,90.2,0.0,S@3.4,5.7,34.7,0.0,40,"Lawrence, Whatcom County",330024,Lawrence,2017-12-12 18:00:55.820076
2017-01-22,09:45,38.9,38.5,32.6,78.1,0.08,N@2.7,4.6,34.7,0.0,27,"Lawrence, Whatcom County",330024,Lawrence,2017-12-12 18:00:55.820076
2017-01-22,10:00,38.0,37.7,33.0,81.7,0.04,NE@4.4,6.4,34.7,0.0,36,"Lawrence, Whatcom County",330024,Lawrence,2017-12-12 18:00:55.820076
2017-01-22,10:15,38.6,38.3,32.9,79.7,0.0,SW@4.3,6.4,34.7,0.0,35,"Lawrence, Whatcom County",330024,Lawrence,2017-12-12 18:00:55.820076
2017-01-22,10:30,39.5,39.2,33.2,77.9,0.0,S@2.8,6.0,34.7,0.0,51,"Lawrence, Whatcom County",330024,Lawrence,2017-12-12 18:00:55.820076
2017-01-22,10:45,39.4,39.0,33.7,79.9,0.0,S@2.7,5.3,34.6,0.0,39,"Lawrence, Whatcom County",330024,Lawrence,2017-12-12 18:00:55.820076
2017-01-22,11:00,38.7,38.4,34.0,83.2,0.0,S@1.8,4.9,34.6,0.0,31,"Lawrence, Whatcom County",330024,Lawrence,2017-12-12 18:00:55.820076
2017-01-22,11:15,38.4,38.1,34.2,84.6,0.02,S@2.4,4.9,34.6,0.0,28,"Lawrence, Whatcom County",330024,Lawrence,2017-12-12 18:00:55.820076
2017-01-22,11:30,38.6,38.3,34.5,84.9,0.29,S@1.2,3.9,34.6,0.0,38,"Lawrence, Whatcom County",330024,Lawrence,2017-12-12 18:00:55.820076
2017-01-22,11:45,39.1,38.7,35.5,86.8,0.75,S@1.1,3.9,34.6,0.0,61,"Lawrence, Whatcom County",330024,Lawrence,2017-12-12 18:00:55.820076
2017-01-22,12:00,39.8,39.4,35.8,85.4,0.89,NE@0.5,3.1,34.5,0.0,50,"Lawrence, Whatcom County",330024,Lawrence,2017-12-12 18:00:55.820076
2017-01-22,12:15,40.2,39.9,37.4,89.5,0.9,S@0.8,4.2,34.5,0.0,38,"Lawrence, Whatcom County",330024,Lawrence,2017-12-12 18:00:55.820076
2017-01-22,12:30,41.9,41.5,37.6,84.7,0.91,E@2.4,4.9,34.5,0.0,40,"Lawrence, Whatcom County",330024,Lawrence,2017-12-12 18:00:55.820076
2017-01-22,12:45,43.4,43.1,37.8,80.2,0.89,E@4.3,9.6,34.5,0.0,51,"Lawrence, Whatcom County",330024,Lawrence,2017-12-12 18:00:55.820076
2017-01-22,13:00,45.4,45.1,37.6,74.1,0.85,SE@3.7,6.7,34.5,0.0,41,"Lawrence, Whatcom County",330024,Lawrence,2017-12-12 18:00:55.820076
2017-01-22,13:15,44.7,44.4,37.6,75.9,0.77,S@5.4,8.5,34.5,0.0,34,"Lawrence, Whatcom County",330024,Lawrence,2017-12-12 18:00:55.820076
2017-01-22,13:30,44.4,44.1,37.8,77.4,0.41,SE@5.2,7.8,34.5,0.0,37,"Lawrence, Whatcom County",330024,Lawrence,2017-12-12 18:00:55.820076
2017-01-22,13:45,44.1,43.8,38.0,79.1,0.06,S@4.0,6.7,34.5,0.0,45,"Lawrence, Whatcom County",330024,Lawrence,2017-12-12 18:00:55.820076
2017-01-22,14:00,43.9,43.6,38.9,82.2,0.32,SE@2.7,3.9,34.5,0.0,61,"Lawrence, Whatcom County",330024,Lawrence,2017-12-12 18:00:55.820076
2017-01-22,14:15,44.4,44.1,39.0,81.1,0.74,E@2.4,4.2,34.5,0.0,66,"Lawrence, Whatcom County",330024,Lawrence,2017-12-12 18:00:55.820076
2017-01-22,14:30,45.0,44.6,38.9,79.0,0.47,SE@4.3,9.9,34.5,0.01,68,"Lawrence, Whatcom County",330024,Lawrence,2017-12-12 18:00:55.820076
2017-01-22,14:45,45.2,44.9,38.9,78.4,0.02,S@5.0,14.2,34.5,0.0,59,"Lawrence, Whatcom County",330024,Lawrence,2017-12-12 18:00:55.820076
2017-01-22,15:00,44.9,44.6,38.8,78.9,0.0,SE@5.6,11.4,34.5,0.0,44,"Lawrence, Whatcom County",330024,Lawrence,2017-12-12 18:00:55.820076
2017-01-22,15:15,45.3,45.0,38.2,76.1,0.0,SE@4.7,9.9,34.6,0.0,39,"Lawrence, Whatcom County",330024,Lawrence,2017-12-12 18:00:55.820076
2017-01-22,15:30,45.3,45.0,37.9,74.9,0.0,E@2.4,6.0,34.6,0.0,51,"Lawrence, Whatcom County",330024,Lawrence,2017-12-12 18:00:55.820076
2017-01-22,15:45,43.6,43.2,37.7,79.6,0.0,NW@3.8,6.0,34.6,0.0,48,"Lawrence, Whatcom County",330024,Lawrence,2017-12-12 18:00:55.820076
2017-01-22,16:00,42.3,41.9,38.5,86.3,0.0,NW@4.0,5.7,34.6,0.0,41,"Lawrence, Whatcom County",330024,Lawrence,2017-12-12 18:00:55.820076
2017-01-22,16:15,42.0,41.7,38.5,87.3,0.0,S@3.9,7.1,34.6,0.0,33,"Lawrence, Whatcom County",330024,Lawrence,2017-12-12 18:00:55.820076
2017-01-22,16:30,41.7,41.3,38.2,87.4,0.0,NW@1.5,3.1,34.7,0.0,18,"Lawrence, Whatcom County",330024,Lawrence,2017-12-12 18:00:55.820076
2017-01-22,16:45,41.3,40.9,38.1,88.2,0.01,N@1.5,3.9,34.7,0.0,11,"Lawrence, Whatcom County",330024,Lawrence,2017-12-12 18:00:55.820076
2017-01-22,17:00,41.2,40.9,37.6,87.0,0.0,N@0.9,4.6,34.7,0.0,3,"Lawrence, Whatcom County",330024,Lawrence,2017-12-12 18:00:55.820076
2017-01-22,17:15,39.7,39.3,37.2,90.6,0.01,SE@1.0,3.1,34.7,0.0,0,"Lawrence, Whatcom County",330024,Lawrence,2017-12-12 18:00:55.820076
2017-01-22,17:30,39.3,39.0,37.2,92.1,0.01,NE@0.9,2.8,34.8,0.0,0,"Lawrence, Whatcom County",330024,Lawrence,2017-12-12 18:00:55.820076
2017-01-22,17:45,38.5,38.2,36.7,93.2,0.01,SW@0.4,2.8,34.8,0.0,0,"Lawrence, Whatcom County",330024,Lawrence,2017-12-12 18:00:55.820076
2017-01-22,18:00,38.1,37.7,36.5,94.0,0.02,S@0.5,3.5,34.8,0.0,0,"Lawrence, Whatcom County",330024,Lawrence,2017-12-12 18:00:55.820076
2017-01-22,18:15,37.3,37.0,36.2,95.7,0.06,SW@1.2,3.1,34.9,0.0,0,"Lawrence, Whatcom County",330024,Lawrence,2017-12-12 18:00:55.820076
2017-01-22,18:30,37.9,37.6,36.6,94.9,0.12,W@0.7,3.1,34.9,0.0,0,"Lawrence, Whatcom County",330024,Lawrence,2017-12-12 18:00:55.820076
2017-01-22,18:45,37.4,37.0,35.9,94.0,0.19,NE@0.4,2.8,34.9,0.0,0,"Lawrence, Whatcom County",330024,Lawrence,2017-12-12 18:00:55.820076
2017-01-22,19:00,36.0,35.6,34.7,95.0,0.29,NE@0.5,3.9,34.9,0.0,0,"Lawrence, Whatcom County",330024,Lawrence,2017-12-12 18:00:55.820076
2017-01-22,19:15,36.1,35.7,35.0,95.4,0.39,SE@2.4,6.4,35.0,0.0,0,"Lawrence, Whatcom County",330024,Lawrence,2017-12-12 18:00:55.820076
2017-01-22,19:30,35.8,35.5,34.8,96.1,0.47,SW@0.7,3.1,35.0,0.0,0,"Lawrence, Whatcom County",330024,Lawrence,2017-12-12 18:00:55.820076
2017-01-22,19:45,36.5,36.1,35.5,96.3,0.54,W@1.5,3.9,35.0,0.0,0,"Lawrence, Whatcom County",330024,Lawrence,2017-12-12 18:00:55.820076
2017-01-22,20:00,36.4,36.0,35.2,95.1,0.58,W@0.6,3.9,35.0,0.0,0,"Lawrence, Whatcom County",330024,Lawrence,2017-12-12 18:00:55.820076
2017-01-22,20:15,35.0,34.7,33.9,95.6,0.62,E@1.1,3.1,35.0,0.0,0,"Lawrence, Whatcom County",330024,Lawrence,2017-12-12 18:00:55.820076
2017-01-22,20:30,34.2,33.9,33.4,96.7,0.67,SW@1.1,3.9,35.0,0.0,0,"Lawrence, Whatcom County",330024,Lawrence,2017-12-12 18:00:55.820076
2017-01-22,20:45,34.0,33.6,33.3,97.2,0.7,SW@0.0,1.4,35.0,0.0,0,"Lawrence, Whatcom County",330024,Lawrence,2017-12-12 18:00:55.820076
2017-01-22,21:00,34.2,33.8,33.7,97.9,0.74,S@0.5,4.2,35.0,0.0,0,"Lawrence, Whatcom County",330024,Lawrence,2017-12-12 18:00:55.820076
2017-01-22,21:15,33.9,33.6,33.4,97.9,0.76,NE@1.7,4.9,35.0,0.0,0,"Lawrence, Whatcom County",330024,Lawrence,2017-12-12 18:00:55.820076
2017-01-22,21:30,35.6,35.3,35.0,97.4,0.78,SE@2.1,8.9,35.0,0.0,0,"Lawrence, Whatcom County",330024,Lawrence,2017-12-12 18:00:55.820076
2017-01-22,21:45,34.8,34.3,34.0,96.8,0.78,E@1.0,4.2,35.0,0.0,0,"Lawrence, Whatcom County",330024,Lawrence,2017-12-12 18:00:55.820076
2017-01-22,22:00,34.2,33.6,33.5,97.6,0.79,E@0.2,3.1,35.0,0.0,0,"Lawrence, Whatcom County",330024,Lawrence,2017-12-12 18:00:55.820076
2017-01-22,22:15,32.5,32.0,31.9,97.4,0.8,SW@0.5,3.1,34.9,0.0,0,"Lawrence, Whatcom County",330024,Lawrence,2017-12-12 18:00:55.820076
2017-01-22,22:30,32.2,31.7,31.7,98.2,0.82,S@0.2,3.1,34.9,0.0,0,"Lawrence, Whatcom County",330024,Lawrence,2017-12-12 18:00:55.820076
2017-01-22,22:45,32.7,32.2,32.4,98.8,0.83,W@0.9,4.2,34.9,0.0,0,"Lawrence, Whatcom County",330024,Lawrence,2017-12-12 18:00:55.820076
2017-01-22,23:00,32.5,32.0,32.2,98.9,0.84,W@1.2,3.5,34.9,0.0,0,"Lawrence, Whatcom County",330024,Lawrence,2017-12-12 18:00:55.820076
2017-01-22,23:15,32.7,32.2,32.4,99.0,0.85,NE@2.4,4.2,34.9,0.0,0,"Lawrence, Whatcom County",330024,Lawrence,2017-12-12 18:00:55.820076
2017-01-22,23:30,32.2,31.7,32.0,98.9,0.86,NE@1.6,4.6,34.9,0.0,0,"Lawrence, Whatcom County",330024,Lawrence,2017-12-12 18:00:55.820076
2017-01-22,23:45,31.3,30.7,30.8,99.0,0.36,SW@0.4,3.5,34.9,0.0,0,"Lawrence, Whatcom County",330024,Lawrence,2017-12-12 18:00:55.820076
2017-01-22,24:00,31.0,30.5,30.6,99.2,0.04,S@0.3,3.5,34.8,0.0,0,"Lawrence, Whatcom County",330024,Lawrence,2017-12-12 18:00:55.820076
2017-01-23,00:15,30.4,29.8,29.8,99.3,0.03,E@0.2,3.5,34.8,0.0,0,"Lawrence, Whatcom County",330024,Lawrence,2017-12-12 18:00:55.820076
2017-01-23,00:30,31.1,30.6,30.7,99.4,0.05,S@1.7,6.0,34.8,0.0,0,"Lawrence, Whatcom County",330024,Lawrence,2017-12-12 18:00:55.820076
2017-01-23,00:45,32.0,31.5,31.6,99.1,0.09,N@1.2,5.3,34.8,0.0,0,"Lawrence, Whatcom County",330024,Lawrence,2017-12-12 18:00:55.820076
2017-01-23,01:00,30.3,29.8,29.7,98.8,0.03,SE@0.7,3.1,34.8,0.0,0,"Lawrence, Whatcom County",330024,Lawrence,2017-12-12 18:00:55.820076
2017-01-23,01:15,29.4,28.9,28.7,99.0,0.03,SE@1.1,4.6,34.7,0.0,0,"Lawrence, Whatcom County",330024,Lawrence,2017-12-12 18:00:55.820076
2017-01-23,01:30,30.3,29.8,29.8,99.3,0.03,NW@0.1,2.4,34.7,0.0,0,"Lawrence, Whatcom County",330024,Lawrence,2017-12-12 18:00:55.820076
2017-01-23,01:45,30.0,29.4,29.4,99.2,0.02,W@0.1,2.1,34.7,0.0,0,"Lawrence, Whatcom County",330024,Lawrence,2017-12-12 18:00:55.820076
2017-01-23,02:00,30.8,30.3,30.3,99.3,0.05,W@0.5,3.5,34.7,0.0,0,"Lawrence, Whatcom County",330024,Lawrence,2017-12-12 18:00:55.820076
2017-01-23,02:15,30.8,30.3,30.2,98.8,0.05,NE@1.5,3.9,34.7,0.0,0,"Lawrence, Whatcom County",330024,Lawrence,2017-12-12 18:00:55.820076
2017-01-23,02:30,29.4,28.8,28.6,98.9,0.03,E@0.1,2.1,34.6,0.0,0,"Lawrence, Whatcom County",330024,Lawrence,2017-12-12 18:00:55.820076
2017-01-23,02:45,28.7,28.2,27.9,98.9,0.02,N@0.0,0.0,34.6,0.0,0,"Lawrence, Whatcom County",330024,Lawrence,2017-12-12 18:00:55.820076
2017-01-23,03:00,29.6,29.0,28.9,99.1,0.03,N@0.0,0.0,34.6,0.0,0,"Lawrence, Whatcom County",330024,Lawrence,2017-12-12 18:00:55.820076
2017-01-23,03:15,28.5,27.9,27.6,98.9,0.02,N@0.0,0.0,34.6,0.0,0,"Lawrence, Whatcom County",330024,Lawrence,2017-12-12 18:00:55.820076
2017-01-23,03:30,29.2,28.6,28.4,99.1,0.02,N@0.0,0.0,34.6,0.0,0,"Lawrence, Whatcom County",330024,Lawrence,2017-12-12 18:00:55.820076
2017-01-23,03:45,28.3,27.7,27.4,98.7,0.02,N@0.0,0.0,34.5,0.0,0,"Lawrence, Whatcom County",330024,Lawrence,2017-12-12 18:00:55.820076
2017-01-23,04:00,28.4,27.8,27.5,98.9,0.02,SW@0.0,1.4,34.5,0.0,0,"Lawrence, Whatcom County",330024,Lawrence,2017-12-12 18:00:55.820076
2017-01-23,04:15,28.5,27.9,27.7,98.9,0.02,N@0.0,0.0,34.5,0.0,0,"Lawrence, Whatcom County",330024,Lawrence,2017-12-12 18:00:55.820076
2017-01-23,04:30,29.2,28.6,28.5,99.1,0.02,NE@1.0,3.5,34.5,0.0,0,"Lawrence, Whatcom County",330024,Lawrence,2017-12-12 18:00:55.820076
2017-01-23,04:45,28.3,27.7,27.3,98.9,0.02,S@0.8,4.6,34.5,0.0,0,"Lawrence, Whatcom County",330024,Lawrence,2017-12-12 18:00:55.820076
2017-01-23,05:00,28.0,27.4,27.1,98.9,0.02,S@0.1,2.1,34.5,0.0,0,"Lawrence, Whatcom County",330024,Lawrence,2017-12-12 18:00:55.820076
2017-01-23,05:15,27.7,27.1,26.7,98.9,0.01,N@0.3,3.1,34.4,0.0,0,"Lawrence, Whatcom County",330024,Lawrence,2017-12-12 18:00:55.820076
2017-01-23,05:30,28.7,28.1,27.9,99.1,0.02,N@0.0,0.0,34.4,0.0,0,"Lawrence, Whatcom County",330024,Lawrence,2017-12-12 18:00:55.820076
2017-01-23,05:45,27.2,26.6,26.1,98.7,0.01,N@0.0,0.0,34.4,0.0,0,"Lawrence, Whatcom County",330024,Lawrence,2017-12-12 18:00:55.820076
2017-01-23,06:00,29.0,28.4,28.2,99.1,0.02,E@0.3,3.5,34.4,0.0,0,"Lawrence, Whatcom County",330024,Lawrence,2017-12-12 18:00:55.820076
2017-01-23,06:15,28.5,27.9,27.5,98.7,0.02,E@0.9,3.9,34.4,0.0,0,"Lawrence, Whatcom County",330024,Lawrence,2017-12-12 18:00:55.820076
2017-01-23,06:30,28.2,27.6,27.3,98.8,0.02,SW@0.5,2.8,34.4,0.0,0,"Lawrence, Whatcom County",330024,Lawrence,2017-12-12 18:00:55.820076
2017-01-23,06:45,28.8,28.3,27.9,99.0,0.02,NE@0.8,3.9,34.3,0.0,0,"Lawrence, Whatcom County",330024,Lawrence,2017-12-12 18:00:55.820076
2017-01-23,07:00,28.3,27.8,27.4,98.7,0.02,NE@0.2,3.1,34.3,0.0,0,"Lawrence, Whatcom County",330024,Lawrence,2017-12-12 18:00:55.820076
2017-01-23,07:15,27.4,26.8,26.2,98.6,0.02,SE@0.6,3.5,34.3,0.0,0,"Lawrence, Whatcom County",330024,Lawrence,2017-12-12 18:00:55.820076
2017-01-23,07:30,28.1,27.5,27.1,98.8,0.02,N@0.3,2.4,34.3,0.0,0,"Lawrence, Whatcom County",330024,Lawrence,2017-12-12 18:00:55.820076
2017-01-23,07:45,27.6,27.0,26.5,98.5,0.01,SW@0.1,2.8,34.3,0.0,0,"Lawrence, Whatcom County",330024,Lawrence,2017-12-12 18:00:55.820076
2017-01-23,08:00,27.2,26.7,26.1,98.6,0.02,E@0.5,3.1,34.3,0.0,4,"Lawrence, Whatcom County",330024,Lawrence,2017-12-12 18:00:55.820076
2017-01-23,08:15,26.8,26.2,25.5,98.5,0.01,N@0.0,0.0,34.3,0.0,9,"Lawrence, Whatcom County",330024,Lawrence,2017-12-12 18:00:55.820076
2017-01-23,08:30,27.4,26.9,26.3,98.7,0.02,N@0.0,0.0,34.2,0.0,18,"Lawrence, Whatcom County",330024,Lawrence,2017-12-12 18:00:55.820076
2017-01-23,08:45,28.2,27.6,27.2,98.7,0.02,N@0.0,0.0,34.2,0.0,22,"Lawrence, Whatcom County",330024,Lawrence,2017-12-12 18:00:55.820076
2017-01-23,09:00,28.4,27.8,27.4,98.6,0.02,N@0.0,0.0,34.2,0.0,26,"Lawrence, Whatcom County",330024,Lawrence,2017-12-12 18:00:55.820076
2017-01-23,09:15,28.6,28.1,27.7,98.6,0.02,N@0.0,0.0,34.2,0.0,32,"Lawrence, Whatcom County",330024,Lawrence,2017-12-12 18:00:55.820076
2017-01-23,09:30,30.0,29.4,29.1,98.3,0.04,N@0.0,0.0,34.2,0.0,84,"Lawrence, Whatcom County",330024,Lawrence,2017-12-12 18:00:55.820076
2017-01-23,09:45,31.2,30.7,30.3,97.6,0.09,N@0.0,0.0,34.2,0.0,107,"Lawrence, Whatcom County",330024,Lawrence,2017-12-12 18:00:55.820076
2017-01-23,10:00,31.6,31.1,30.6,97.0,0.35,N@0.0,0.0,34.2,0.0,81,"Lawrence, Whatcom County",330024,Lawrence,2017-12-12 18:00:55.820076
2017-01-23,10:15,31.4,31.0,30.6,97.6,0.42,N@0.0,0.0,34.2,0.0,87,"Lawrence, Whatcom County",330024,Lawrence,2017-12-12 18:00:55.820076
2017-01-23,10:30,31.7,31.3,31.2,98.6,0.69,N@0.0,0.0,34.2,0.0,117,"Lawrence, Whatcom County",330024,Lawrence,2017-12-12 18:00:55.820076
2017-01-23,10:45,32.2,31.7,31.9,98.8,0.88,N@0.0,0.0,34.1,0.0,250,"Lawrence, Whatcom County",330024,Lawrence,2017-12-12 18:00:55.820076
2017-01-23,11:00,32.8,32.2,32.5,99.0,0.96,W@2.4,4.6,34.1,0.0,274,"Lawrence, Whatcom County",330024,Lawrence,2017-12-12 18:00:55.820076
2017-01-23,11:15,33.1,32.6,32.9,99.2,0.91,W@1.4,3.9,34.1,0.0,266,"Lawrence, Whatcom County",330024,Lawrence,2017-12-12 18:00:55.820076
2017-01-23,11:30,33.5,33.0,33.3,99.2,0.89,NW@3.1,6.0,34.1,0.0,253,"Lawrence, Whatcom County",330024,Lawrence,2017-12-12 18:00:55.820076
2017-01-23,11:45,33.9,33.4,33.8,99.2,0.89,NW@0.1,1.7,34.1,0.0,217,"Lawrence, Whatcom County",330024,Lawrence,2017-12-12 18:00:55.820076
2017-01-23,12:00,34.6,34.2,34.5,99.2,0.9,W@0.4,3.9,34.1,0.0,243,"Lawrence, Whatcom County",330024,Lawrence,2017-12-12 18:00:55.820076
2017-01-23,12:15,36.1,35.6,35.9,99.2,0.91,W@0.4,2.8,34.1,0.0,333,"Lawrence, Whatcom County",330024,Lawrence,2017-12-12 18:00:55.820076
2017-01-23,12:30,38.1,37.5,37.7,98.3,0.91,SE@0.8,3.5,34.1,0.0,412,"Lawrence, Whatcom County",330024,Lawrence,2017-12-12 18:00:55.820076
2017-01-23,12:45,39.4,39.1,38.0,94.7,0.92,SE@0.6,3.5,34.0,0.0,407,"Lawrence, Whatcom County",330024,Lawrence,2017-12-12 18:00:55.820076
2017-01-23,13:00,39.8,39.6,37.2,90.2,0.91,SE@2.8,4.6,34.0,0.0,399,"Lawrence, Whatcom County",330024,Lawrence,2017-12-12 18:00:55.820076
2017-01-23,13:15,40.9,40.9,37.1,85.9,0.89,S@0.1,3.5,34.0,0.0,387,"Lawrence, Whatcom County",330024,Lawrence,2017-12-12 18:00:55.820076
2017-01-23,13:30,42.1,42.1,37.0,81.7,0.86,E@0.0,1.4,34.0,0.0,372,"Lawrence, Whatcom County",330024,Lawrence,2017-12-12 18:00:55.820076
2017-01-23,13:45,42.1,41.9,37.1,82.1,0.72,N@0.0,0.0,34.0,0.0,352,"Lawrence, Whatcom County",330024,Lawrence,2017-12-12 18:00:55.820076
2017-01-23,14:00,42.9,42.6,37.1,79.9,0.49,N@0.0,0.0,34.0,0.0,330,"Lawrence, Whatcom County",330024,Lawrence,2017-12-12 18:00:55.820076
2017-01-23,14:15,44.5,44.3,37.4,75.9,0.23,N@0.0,0.0,34.0,0.0,305,"Lawrence, Whatcom County",330024,Lawrence,2017-12-12 18:00:55.820076
2017-01-23,14:30,44.6,44.4,37.5,75.7,0.05,N@0.0,0.0,34.0,0.0,279,"Lawrence, Whatcom County",330024,Lawrence,2017-12-12 18:00:55.820076
2017-01-23,14:45,45.4,45.2,37.6,73.9,0.0,N@0.0,0.0,34.0,0.0,256,"Lawrence, Whatcom County",330024,Lawrence,2017-12-12 18:00:55.820076
2017-01-23,15:00,45.8,45.7,37.7,73.1,0.0,N@0.0,0.0,34.0,0.0,230,"Lawrence, Whatcom County",330024,Lawrence,2017-12-12 18:00:55.820076
2017-01-23,15:15,46.3,46.1,37.4,71.0,0.0,N@0.0,0.0,34.0,0.0,204,"Lawrence, Whatcom County",330024,Lawrence,2017-12-12 18:00:55.820076
2017-01-23,15:30,46.2,46.0,37.3,71.0,0.0,N@0.0,0.0,34.0,0.0,176,"Lawrence, Whatcom County",330024,Lawrence,2017-12-12 18:00:55.820076
2017-01-23,15:45,47.5,47.3,36.7,65.8,0.0,N@0.0,0.0,34.0,0.0,148,"Lawrence, Whatcom County",330024,Lawrence,2017-12-12 18:00:55.820076
2017-01-23,16:00,47.3,46.5,36.1,65.0,0.0,N@0.0,0.0,34.1,0.0,116,"Lawrence, Whatcom County",330024,Lawrence,2017-12-12 18:00:55.820076
2017-01-23,16:15,47.0,46.4,35.9,65.1,0.0,N@0.0,0.0,34.1,0.0,87,"Lawrence, Whatcom County",330024,Lawrence,2017-12-12 18:00:55.820076
2017-01-23,16:30,46.4,46.0,36.0,66.9,0.0,N@0.0,0.0,34.1,0.0,56,"Lawrence, Whatcom County",330024,Lawrence,2017-12-12 18:00:55.820076
2017-01-23,16:45,43.1,42.7,35.6,74.6,0.0,N@0.0,0.0,34.2,0.0,23,"Lawrence, Whatcom County",330024,Lawrence,2017-12-12 18:00:55.820076
2017-01-23,17:00,40.4,40.0,35.2,81.5,0.01,N@0.0,0.0,34.2,0.0,7,"Lawrence, Whatcom County",330024,Lawrence,2017-12-12 18:00:55.820076
2017-01-23,17:15,38.6,38.2,34.6,85.3,0.02,N@0.0,0.0,34.3,0.0,2,"Lawrence, Whatcom County",330024,Lawrence,2017-12-12 18:00:55.820076
2017-01-23,17:30,36.1,35.7,33.5,90.2,0.08,N@0.0,0.0,34.3,0.0,0,"Lawrence, Whatcom County",330024,Lawrence,2017-12-12 18:00:55.820076
2017-01-23,17:45,36.2,35.9,34.3,92.5,0.19,N@0.0,0.0,34.4,0.0,0,"Lawrence, Whatcom County",330024,Lawrence,2017-12-12 18:00:55.820076
2017-01-23,18:00,34.9,34.5,33.4,93.9,0.32,N@0.0,0.0,34.4,0.0,0,"Lawrence, Whatcom County",330024,Lawrence,2017-12-12 18:00:55.820076
2017-01-23,18:15,34.3,33.9,33.2,95.8,0.5,N@0.0,0.0,34.5,0.0,0,"Lawrence, Whatcom County",330024,Lawrence,2017-12-12 18:00:55.820076
2017-01-23,18:30,33.4,33.1,32.5,96.2,0.62,N@0.0,0.0,34.5,0.0,0,"Lawrence, Whatcom County",330024,Lawrence,2017-12-12 18:00:55.820076
2017-01-23,18:45,32.5,32.1,31.7,97.0,0.71,N@0.0,0.0,34.6,0.0,0,"Lawrence, Whatcom County",330024,Lawrence,2017-12-12 18:00:55.820076
2017-01-23,19:00,32.1,31.7,31.6,97.8,0.76,N@0.0,0.0,34.6,0.0,0,"Lawrence, Whatcom County",330024,Lawrence,2017-12-12 18:00:55.820076
2017-01-23,19:15,32.2,31.8,31.8,98.2,0.8,N@0.0,0.0,34.6,0.0,0,"Lawrence, Whatcom County",330024,Lawrence,2017-12-12 18:00:55.820076
2017-01-23,19:30,33.0,32.5,32.5,98.2,0.83,N@0.0,0.0,34.6,0.0,0,"Lawrence, Whatcom County",330024,Lawrence,2017-12-12 18:00:55.820076
2017-01-23,19:45,31.7,31.2,31.0,97.7,0.65,N@0.0,0.0,34.6,0.0,0,"Lawrence, Whatcom County",330024,Lawrence,2017-12-12 18:00:55.820076
2017-01-23,20:00,31.1,30.5,30.3,97.8,0.05,N@0.0,0.0,34.6,0.0,0,"Lawrence, Whatcom County",330024,Lawrence,2017-12-12 18:00:55.820076
2017-01-23,20:15,32.2,31.7,31.7,98.1,0.08,N@0.0,0.0,34.6,0.0,0,"Lawrence, Whatcom County",330024,Lawrence,2017-12-12 18:00:55.820076
2017-01-23,20:30,32.7,32.3,32.0,97.1,0.17,SE@2.2,4.2,34.6,0.0,0,"Lawrence, Whatcom County",330024,Lawrence,2017-12-12 18:00:55.820076
2017-01-23,20:45,33.4,33.1,32.6,96.6,0.22,SE@1.4,3.9,34.6,0.0,0,"Lawrence, Whatcom County",330024,Lawrence,2017-12-12 18:00:55.820076
2017-01-23,21:00,33.4,33.0,32.1,94.7,0.25,SE@0.8,3.5,34.6,0.0,0,"Lawrence, Whatcom County",330024,Lawrence,2017-12-12 18:00:55.820076
2017-01-23,21:15,32.3,31.8,31.0,95.0,0.08,N@0.0,0.0,34.6,0.0,0,"Lawrence, Whatcom County",330024,Lawrence,2017-12-12 18:00:55.820076
2017-01-23,21:30,31.0,30.5,29.8,96.0,0.05,N@0.0,0.0,34.6,0.0,0,"Lawrence, Whatcom County",330024,Lawrence,2017-12-12 18:00:55.820076
2017-01-23,21:45,30.8,30.3,29.7,96.5,0.04,S@0.5,3.5,34.6,0.0,0,"Lawrence, Whatcom County",330024,Lawrence,2017-12-12 18:00:55.820076
2017-01-23,22:00,29.9,29.5,28.7,96.9,0.04,E@0.3,2.4,34.6,0.0,0,"Lawrence, Whatcom County",330024,Lawrence,2017-12-12 18:00:55.820076
2017-01-23,22:15,30.9,30.5,30.0,97.7,0.06,E@0.8,3.5,34.6,0.0,0,"Lawrence, Whatcom County",330024,Lawrence,2017-12-12 18:00:55.820076
2017-01-23,22:30,31.1,30.6,30.1,97.1,0.06,SE@0.6,3.5,34.6,0.0,0,"Lawrence, Whatcom County",330024,Lawrence,2017-12-12 18:00:55.820076
2017-01-23,22:45,29.9,29.6,28.9,97.4,0.03,SE@0.4,3.1,34.6,0.0,0,"Lawrence, Whatcom County",330024,Lawrence,2017-12-12 18:00:55.820076
2017-01-23,23:00,30.9,30.5,30.1,97.9,0.05,SE@0.0,1.7,34.6,0.0,0,"Lawrence, Whatcom County",330024,Lawrence,2017-12-12 18:00:55.820076
2017-01-23,23:15,31.1,30.7,30.2,97.3,0.05,SE@0.1,2.1,34.5,0.0,0,"Lawrence, Whatcom County",330024,Lawrence,2017-12-12 18:00:55.820076
2017-01-23,23:30,30.1,29.7,29.0,97.3,0.04,N@0.0,0.0,34.5,0.0,0,"Lawrence, Whatcom County",330024,Lawrence,2017-12-12 18:00:55.820076
2017-01-23,23:45,29.7,29.3,28.7,97.6,0.03,N@0.0,0.0,34.5,0.0,0,"Lawrence, Whatcom County",330024,Lawrence,2017-12-12 18:00:55.820076
2017-01-23,24:00,29.0,28.5,27.8,97.6,0.02,N@0.0,0.0,34.5,0.0,0,"Lawrence, Whatcom County",330024,Lawrence,2017-12-12 18:00:55.820076
2017-01-24,00:15,29.8,29.4,28.9,98.2,0.06,SE@0.6,4.2,34.5,0.0,0,"Lawrence, Whatcom County",330024,Lawrence,2017-12-12 18:00:55.820076
2017-01-24,00:30,31.8,31.5,31.2,97.8,0.31,SE@3.6,4.9,34.5,0.0,0,"Lawrence, Whatcom County",330024,Lawrence,2017-12-12 18:00:55.820076
2017-01-24,00:45,32.4,32.0,31.7,97.2,0.69,SE@2.6,3.9,34.5,0.0,0,"Lawrence, Whatcom County",330024,Lawrence,2017-12-12 18:00:55.820076
2017-01-24,01:00,32.9,32.5,32.0,96.7,0.89,SE@1.0,3.9,34.5,0.0,0,"Lawrence, Whatcom County",330024,Lawrence,2017-12-12 18:00:55.820076
2017-01-24,01:15,33.3,32.9,32.4,96.2,0.94,SE@1.0,3.9,34.4,0.0,0,"Lawrence, Whatcom County",330024,Lawrence,2017-12-12 18:00:55.820076
2017-01-24,01:30,33.0,32.6,31.8,95.4,0.93,N@0.9,3.1,34.4,0.0,0,"Lawrence, Whatcom County",330024,Lawrence,2017-12-12 18:00:55.820076
2017-01-24,01:45,33.5,33.1,32.4,95.7,0.92,SE@2.5,5.7,34.4,0.0,0,"Lawrence, Whatcom County",330024,Lawrence,2017-12-12 18:00:55.820076
2017-01-24,02:00,33.9,33.5,32.3,94.1,0.92,SE@4.6,6.7,34.4,0.0,0,"Lawrence, Whatcom County",330024,Lawrence,2017-12-12 18:00:55.820076
2017-01-24,02:15,33.5,33.2,31.9,93.7,0.92,SE@4.9,7.1,34.4,0.0,0,"Lawrence, Whatcom County",330024,Lawrence,2017-12-12 18:00:55.820076
2017-01-24,02:30,33.1,32.7,31.6,94.2,0.92,S@3.3,5.3,34.4,0.0,0,"Lawrence, Whatcom County",330024,Lawrence,2017-12-12 18:00:55.820076
2017-01-24,02:45,32.9,32.6,31.4,94.1,0.92,SE@3.9,5.7,34.3,0.0,0,"Lawrence, Whatcom County",330024,Lawrence,2017-12-12 18:00:55.820076
2017-01-24,03:00,33.0,32.7,31.6,94.4,0.92,SE@4.6,7.4,34.3,0.0,0,"Lawrence, Whatcom County",330024,Lawrence,2017-12-12 18:00:55.820076
2017-01-24,03:15,33.3,32.9,31.8,94.4,0.91,SE@2.0,6.0,34.3,0.0,0,"Lawrence, Whatcom County",330024,Lawrence,2017-12-12 18:00:55.820076
2017-01-24,03:30,32.9,32.5,31.5,94.6,0.91,NE@0.1,2.1,34.3,0.0,0,"Lawrence, Whatcom County",330024,Lawrence,2017-12-12 18:00:55.820076
2017-01-24,03:45,33.0,32.5,32.0,95.8,0.9,SE@0.4,3.1,34.3,0.0,0,"Lawrence, Whatcom County",330024,Lawrence,2017-12-12 18:00:55.820076
2017-01-24,04:00,33.8,33.3,32.3,94.2,0.9,S@0.2,2.1,34.3,0.0,0,"Lawrence, Whatcom County",330024,Lawrence,2017-12-12 18:00:55.820076
2017-01-24,04:15,34.0,33.4,32.3,93.5,0.89,W@0.0,1.7,34.3,0.0,0,"Lawrence, Whatcom County",330024,Lawrence,2017-12-12 18:00:55.820076
2017-01-24,04:30,33.8,33.3,32.4,94.5,0.88,N@0.0,0.0,34.3,0.0,0,"Lawrence, Whatcom County",330024,Lawrence,2017-12-12 18:00:55.820076
2017-01-24,04:45,33.3,32.7,32.1,95.3,0.87,N@0.0,0.0,34.2,0.0,0,"Lawrence, Whatcom County",330024,Lawrence,2017-12-12 18:00:55.820076
2017-01-24,05:00,32.5,32.0,31.8,97.2,0.86,N@0.0,0.0,34.2,0.0,0,"Lawrence, Whatcom County",330024,Lawrence,2017-12-12 18:00:55.820076
2017-01-24,05:15,32.6,32.1,32.0,97.5,0.86,N@0.0,0.0,34.2,0.0,0,"Lawrence, Whatcom County",330024,Lawrence,2017-12-12 18:00:55.820076
2017-01-24,05:30,32.8,32.3,32.2,97.5,0.85,N@0.0,0.0,34.2,0.0,0,"Lawrence, Whatcom County",330024,Lawrence,2017-12-12 18:00:55.820076
2017-01-24,05:45,32.9,32.4,32.2,97.2,0.85,N@0.0,0.0,34.2,0.0,0,"Lawrence, Whatcom County",330024,Lawrence,2017-12-12 18:00:55.820076
2017-01-24,06:00,33.0,32.4,32.1,96.5,0.83,N@0.0,0.0,34.2,0.0,0,"Lawrence, Whatcom County",330024,Lawrence,2017-12-12 18:00:55.820076
2017-01-24,06:15,33.1,32.5,32.1,96.1,0.83,N@0.0,0.0,34.2,0.0,0,"Lawrence, Whatcom County",330024,Lawrence,2017-12-12 18:00:55.820076
2017-01-24,06:30,33.0,32.5,32.0,95.9,0.82,N@0.0,0.0,34.2,0.0,0,"Lawrence, Whatcom County",330024,Lawrence,2017-12-12 18:00:55.820076
2017-01-24,06:45,33.1,32.4,32.0,95.9,0.81,N@0.0,0.0,34.2,0.0,0,"Lawrence, Whatcom County",330024,Lawrence,2017-12-12 18:00:55.820076
2017-01-24,07:00,32.9,32.5,31.9,95.8,0.79,N@0.0,0.0,34.1,0.0,0,"Lawrence, Whatcom County",330024,Lawrence,2017-12-12 18:00:55.820076
2017-01-24,07:15,32.7,32.3,31.8,96.5,0.78,N@0.0,0.0,34.1,0.0,0,"Lawrence, Whatcom County",330024,Lawrence,2017-12-12 18:00:55.820076
2017-01-24,07:30,32.7,32.3,31.9,96.8,0.76,N@0.0,0.0,34.1,0.0,0,"Lawrence, Whatcom County",330024,Lawrence,2017-12-12 18:00:55.820076
2017-01-24,07:45,32.7,32.4,32.0,97.0,0.75,N@0.0,0.0,34.1,0.0,0,"Lawrence, Whatcom County",330024,Lawrence,2017-12-12 18:00:55.820076
2017-01-24,08:00,32.8,32.4,32.0,97.1,0.73,N@0.0,0.0,34.1,0.0,0,"Lawrence, Whatcom County",330024,Lawrence,2017-12-12 18:00:55.820076
2017-01-24,08:15,32.7,32.3,32.0,97.2,0.72,N@0.0,0.0,34.1,0.0,3,"Lawrence, Whatcom County",330024,Lawrence,2017-12-12 18:00:55.820076
2017-01-24,08:30,32.7,32.3,32.1,97.4,0.71,N@0.0,0.0,34.1,0.0,6,"Lawrence, Whatcom County",330024,Lawrence,2017-12-12 18:00:55.820076
2017-01-24,08:45,32.8,32.4,32.1,97.4,0.69,N@0.0,0.0,34.1,0.0,11,"Lawrence, Whatcom County",330024,Lawrence,2017-12-12 18:00:55.820076
2017-01-24,09:00,32.8,32.4,32.1,97.3,0.65,NW@0.6,3.1,34.1,0.0,17,"Lawrence, Whatcom County",330024,Lawrence,2017-12-12 18:00:55.820076
2017-01-24,09:15,32.9,32.5,32.1,97.0,0.59,NW@0.4,2.4,34.1,0.0,23,"Lawrence, Whatcom County",330024,Lawrence,2017-12-12 18:00:55.820076
2017-01-24,09:30,32.9,32.5,32.1,96.6,0.51,N@0.0,0.0,34.0,0.0,28,"Lawrence, Whatcom County",330024,Lawrence,2017-12-12 18:00:55.820076
2017-01-24,09:45,33.1,32.7,32.3,96.5,0.43,N@0.0,0.0,34.1,0.0,28,"Lawrence, Whatcom County",330024,Lawrence,2017-12-12 18:00:55.820076
2017-01-24,10:00,33.6,33.1,32.6,96.2,0.36,N@0.0,0.0,34.0,0.0,24,"Lawrence, Whatcom County",330024,Lawrence,2017-12-12 18:00:55.820076
2017-01-24,10:15,33.7,33.2,32.6,95.9,0.29,N@0.0,0.0,34.0,0.0,35,"Lawrence, Whatcom County",330024,Lawrence,2017-12-12 18:00:55.820076
2017-01-24,10:30,33.8,33.4,32.7,95.5,0.2,N@0.0,0.0,34.0,0.0,42,"Lawrence, Whatcom County",330024,Lawrence,2017-12-12 18:00:55.820076
2017-01-24,10:45,34.2,33.7,32.8,94.8,0.12,N@0.0,0.0,34.0,0.0,45,"Lawrence, Whatcom County",330024,Lawrence,2017-12-12 18:00:55.820076
2017-01-24,11:00,34.2,33.7,32.7,93.9,0.05,N@0.0,0.0,34.0,0.0,53,"Lawrence, Whatcom County",330024,Lawrence,2017-12-12 18:00:55.820076
2017-01-24,11:15,34.5,34.1,32.9,93.7,0.02,N@0.0,0.0,34.0,0.0,55,"Lawrence, Whatcom County",330024,Lawrence,2017-12-12 18:00:55.820076
2017-01-24,11:30,34.8,34.4,33.1,93.5,0.01,N@0.0,0.0,34.0,0.0,56,"Lawrence, Whatcom County",330024,Lawrence,2017-12-12 18:00:55.820076
2017-01-24,11:45,34.9,34.5,33.3,93.6,0.01,N@0.0,0.0,34.0,0.0,61,"Lawrence, Whatcom County",330024,Lawrence,2017-12-12 18:00:55.820076
2017-01-24,12:00,35.2,34.8,33.5,93.4,0.01,N@0.0,0.0,34.0,0.0,68,"Lawrence, Whatcom County",330024,Lawrence,2017-12-12 18:00:55.820076
2017-01-24,12:15,35.4,35.0,33.4,92.4,0.02,N@0.0,0.0,34.0,0.0,86,"Lawrence, Whatcom County",330024,Lawrence,2017-12-12 18:00:55.820076
2017-01-24,12:30,36.1,35.6,33.7,91.1,0.02,N@0.0,0.0,34.0,0.0,107,"Lawrence, Whatcom County",330024,Lawrence,2017-12-12 18:00:55.820076
2017-01-24,12:45,36.6,36.2,33.9,89.8,0.27,SE@0.0,1.4,34.0,0.0,127,"Lawrence, Whatcom County",330024,Lawrence,2017-12-12 18:00:55.820076
2017-01-24,13:00,37.1,36.6,34.3,89.4,0.27,N@0.0,0.0,34.0,0.0,148,"Lawrence, Whatcom County",330024,Lawrence,2017-12-12 18:00:55.820076
2017-01-24,13:15,37.7,37.2,34.3,87.5,0.03,N@0.0,0.0,34.0,0.0,144,"Lawrence, Whatcom County",330024,Lawrence,2017-12-12 18:00:55.820076
2017-01-24,13:30,38.3,37.9,34.6,86.3,0.13,N@0.0,0.0,34.0,0.0,138,"Lawrence, Whatcom County",330024,Lawrence,2017-12-12 18:00:55.820076
2017-01-24,13:45,38.2,37.9,34.7,87.1,0.77,SE@0.0,1.7,34.0,0.0,144,"Lawrence, Whatcom County",330024,Lawrence,2017-12-12 18:00:55.820076
2017-01-24,14:00,38.8,38.4,34.8,85.5,0.76,N@0.0,0.0,34.0,0.0,130,"Lawrence, Whatcom County",330024,Lawrence,2017-12-12 18:00:55.820076
2017-01-24,14:15,39.2,38.7,35.2,85.6,0.58,N@0.0,0.0,34.0,0.0,111,"Lawrence, Whatcom County",330024,Lawrence,2017-12-12 18:00:55.820076
2017-01-24,14:30,39.7,39.2,35.8,86.0,0.24,N@0.0,0.0,34.0,0.0,107,"Lawrence, Whatcom County",330024,Lawrence,2017-12-12 18:00:55.820076
2017-01-24,14:45,39.8,39.3,36.0,86.1,0.01,N@0.0,0.0,34.0,0.0,104,"Lawrence, Whatcom County",330024,Lawrence,2017-12-12 18:00:55.820076
2017-01-24,15:00,40.3,39.8,36.0,84.4,0.0,N@0.0,0.0,34.1,0.0,97,"Lawrence, Whatcom County",330024,Lawrence,2017-12-12 18:00:55.820076
2017-01-24,15:15,40.7,40.0,36.0,83.2,0.0,N@0.0,0.0,34.1,0.0,80,"Lawrence, Whatcom County",330024,Lawrence,2017-12-12 18:00:55.820076
2017-01-24,15:30,40.2,39.6,35.8,84.2,0.0,N@0.0,0.0,34.1,0.0,64,"Lawrence, Whatcom County",330024,Lawrence,2017-12-12 18:00:55.820076
2017-01-24,15:45,40.3,39.7,35.7,83.4,0.0,N@0.0,0.0,34.1,0.0,48,"Lawrence, Whatcom County",330024,Lawrence,2017-12-12 18:00:55.820076
2017-01-24,16:00,40.3,39.8,35.7,83.5,0.0,N@0.0,0.0,34.2,0.0,54,"Lawrence, Whatcom County",330024,Lawrence,2017-12-12 18:00:55.820076
2017-01-24,16:15,40.4,39.8,35.7,83.2,0.0,N@0.0,0.0,34.2,0.0,36,"Lawrence, Whatcom County",330024,Lawrence,2017-12-12 18:00:55.820076
2017-01-24,16:30,39.9,39.4,35.5,84.0,0.01,N@0.0,0.0,34.2,0.0,10,"Lawrence, Whatcom County",330024,Lawrence,2017-12-12 18:00:55.820076
2017-01-24,16:45,39.3,38.7,35.6,86.3,0.01,N@0.0,0.0,34.3,0.0,6,"Lawrence, Whatcom County",330024,Lawrence,2017-12-12 18:00:55.820076
2017-01-24,17:00,38.3,37.7,35.4,89.3,0.01,N@0.0,0.0,34.3,0.0,4,"Lawrence, Whatcom County",330024,Lawrence,2017-12-12 18:00:55.820076
2017-01-24,17:15,37.1,36.5,34.9,91.6,0.03,N@0.0,0.0,34.4,0.0,0,"Lawrence, Whatcom County",330024,Lawrence,2017-12-12 18:00:55.820076
2017-01-24,17:30,35.6,35.0,33.5,92.0,0.09,N@0.0,0.0,34.4,0.0,0,"Lawrence, Whatcom County",330024,Lawrence,2017-12-12 18:00:55.820076
2017-01-24,17:45,33.9,33.4,32.5,94.4,0.24,N@0.0,0.0,34.5,0.0,0,"Lawrence, Whatcom County",330024,Lawrence,2017-12-12 18:00:55.820076
2017-01-24,18:00,33.7,33.2,32.8,96.4,0.42,N@0.0,0.0,34.5,0.0,0,"Lawrence, Whatcom County",330024,Lawrence,2017-12-12 18:00:55.820076
2017-01-24,18:15,34.4,33.8,33.6,96.8,0.57,N@0.0,0.0,34.5,0.0,0,"Lawrence, Whatcom County",330024,Lawrence,2017-12-12 18:00:55.820076
2017-01-24,18:30,33.9,33.3,33.2,97.0,0.67,N@0.0,0.0,34.6,0.0,0,"Lawrence, Whatcom County",330024,Lawrence,2017-12-12 18:00:55.820076
2017-01-24,18:45,32.3,31.8,31.6,97.0,0.71,N@0.0,0.0,34.6,0.0,0,"Lawrence, Whatcom County",330024,Lawrence,2017-12-12 18:00:55.820076
2017-01-24,19:00,31.5,30.9,30.7,97.6,0.77,N@0.0,0.0,34.6,0.0,0,"Lawrence, Whatcom County",330024,Lawrence,2017-12-12 18:00:55.820076
2017-01-24,19:15,32.0,31.5,31.7,98.5,0.81,N@0.0,0.0,34.6,0.0,0,"Lawrence, Whatcom County",330024,Lawrence,2017-12-12 18:00:55.820076
2017-01-24,19:30,32.8,32.2,32.5,98.8,0.84,N@0.0,0.0,34.7,0.0,0,"Lawrence, Whatcom County",330024,Lawrence,2017-12-12 18:00:55.820076
2017-01-24,19:45,31.5,31.0,31.1,98.9,0.86,N@0.0,0.0,34.7,0.0,0,"Lawrence, Whatcom County",330024,Lawrence,2017-12-12 18:00:55.820076
2017-01-24,20:00,31.6,31.1,31.2,99.2,0.88,N@0.0,0.0,34.7,0.0,0,"Lawrence, Whatcom County",330024,Lawrence,2017-12-12 18:00:55.820076
2017-01-24,20:15,30.9,30.4,30.4,99.2,0.89,N@0.0,0.0,34.7,0.0,0,"Lawrence, Whatcom County",330024,Lawrence,2017-12-12 18:00:55.820076
2017-01-24,20:30,31.1,30.6,30.7,99.4,0.9,SE@0.6,2.8,34.7,0.0,0,"Lawrence, Whatcom County",330024,Lawrence,2017-12-12 18:00:55.820076
2017-01-24,20:45,30.4,29.9,29.9,99.4,0.31,N@0.0,0.0,34.7,0.0,0,"Lawrence, Whatcom County",330024,Lawrence,2017-12-12 18:00:55.820076
2017-01-24,21:00,30.5,30.0,30.1,99.4,0.08,N@0.0,0.0,34.7,0.0,0,"Lawrence, Whatcom County",330024,Lawrence,2017-12-12 18:00:55.820076
2017-01-24,21:15,29.7,29.1,29.1,99.3,0.06,N@0.0,0.0,34.7,0.0,0,"Lawrence, Whatcom County",330024,Lawrence,2017-12-12 18:00:55.820076
2017-01-24,21:30,30.2,29.7,29.7,99.4,0.09,NE@0.0,1.4,34.7,0.0,0,"Lawrence, Whatcom County",330024,Lawrence,2017-12-12 18:00:55.820076
2017-01-24,21:45,29.9,29.3,29.3,99.4,0.08,N@0.0,0.0,34.7,0.0,0,"Lawrence, Whatcom County",330024,Lawrence,2017-12-12 18:00:55.820076
2017-01-24,22:00,29.3,28.8,28.7,99.4,0.08,S@0.0,1.4,34.6,0.0,0,"Lawrence, Whatcom County",330024,Lawrence,2017-12-12 18:00:55.820076
2017-01-24,22:15,30.7,30.2,30.2,99.4,0.15,SE@0.2,2.8,34.6,0.0,0,"Lawrence, Whatcom County",330024,Lawrence,2017-12-12 18:00:55.820076
2017-01-24,22:30,30.8,30.2,30.3,99.4,0.14,S@0.3,2.4,34.6,0.0,0,"Lawrence, Whatcom County",330024,Lawrence,2017-12-12 18:00:55.820076
2017-01-24,22:45,30.4,29.9,29.9,99.4,0.11,SE@0.2,2.4,34.6,0.0,0,"Lawrence, Whatcom County",330024,Lawrence,2017-12-12 18:00:55.820076
2017-01-24,23:00,30.4,29.9,30.0,99.4,0.12,SE@0.1,2.1,34.6,0.0,0,"Lawrence, Whatcom County",330024,Lawrence,2017-12-12 18:00:55.820076
2017-01-24,23:15,30.4,29.8,29.9,99.4,0.1,N@0.0,0.0,34.6,0.0,0,"Lawrence, Whatcom County",330024,Lawrence,2017-12-12 18:00:55.820076
2017-01-24,23:30,30.6,30.0,30.1,99.4,0.09,N@0.0,0.0,34.6,0.0,0,"Lawrence, Whatcom County",330024,Lawrence,2017-12-12 18:00:55.820076
2017-01-24,23:45,30.0,29.5,29.5,99.4,0.07,N@0.0,0.0,34.6,0.0,0,"Lawrence, Whatcom County",330024,Lawrence,2017-12-12 18:00:55.820076
2017-01-24,24:00,30.5,29.9,30.0,99.4,0.09,N@0.0,0.0,34.5,0.0,0,"Lawrence, Whatcom County",330024,Lawrence,2017-12-12 18:00:55.820076
2017-01-25,00:15,30.1,29.5,29.6,99.4,0.09,N@0.0,0.0,34.5,0.0,0,"Lawrence, Whatcom County",330024,Lawrence,2017-12-12 18:00:55.820076
2017-01-25,00:30,29.7,29.0,29.1,99.4,0.07,N@0.0,0.0,34.5,0.0,0,"Lawrence, Whatcom County",330024,Lawrence,2017-12-12 18:00:55.820076
2017-01-25,00:45,29.8,29.2,29.3,99.4,0.08,N@0.0,0.0,34.5,0.0,0,"Lawrence, Whatcom County",330024,Lawrence,2017-12-12 18:00:55.820076
2017-01-25,01:00,29.8,29.2,29.2,99.4,0.08,N@0.0,0.0,34.5,0.0,0,"Lawrence, Whatcom County",330024,Lawrence,2017-12-12 18:00:55.820076
2017-01-25,01:15,30.2,29.7,29.7,99.4,0.1,N@0.0,0.0,34.5,0.0,0,"Lawrence, Whatcom County",330024,Lawrence,2017-12-12 18:00:55.820076
2017-01-25,01:30,30.5,29.9,30.0,99.4,0.12,N@0.2,2.4,34.5,0.0,0,"Lawrence, Whatcom County",330024,Lawrence,2017-12-12 18:00:55.820076
2017-01-25,01:45,30.6,30.1,30.2,99.4,0.14,N@0.0,0.0,34.4,0.0,0,"Lawrence, Whatcom County",330024,Lawrence,2017-12-12 18:00:55.820076
2017-01-25,02:00,30.7,30.1,30.2,99.4,0.14,SE@0.1,2.4,34.4,0.0,0,"Lawrence, Whatcom County",330024,Lawrence,2017-12-12 18:00:55.820076
2017-01-25,02:15,30.4,29.9,29.9,99.4,0.14,SE@0.3,3.1,34.4,0.0,0,"Lawrence, Whatcom County",330024,Lawrence,2017-12-12 18:00:55.820076
2017-01-25,02:30,30.9,30.3,30.4,99.4,0.17,N@0.0,0.0,34.4,0.0,0,"Lawrence, Whatcom County",330024,Lawrence,2017-12-12 18:00:55.820076
2017-01-25,02:45,30.6,30.1,30.1,99.4,0.15,S@0.0,1.4,34.4,0.0,0,"Lawrence, Whatcom County",330024,Lawrence,2017-12-12 18:00:55.820076
2017-01-25,03:00,30.9,30.3,30.5,99.4,0.15,N@0.0,0.0,34.4,0.0,0,"Lawrence, Whatcom County",330024,Lawrence,2017-12-12 18:00:55.820076
2017-01-25,03:15,31.2,30.6,30.8,99.4,0.22,E@0.5,3.1,34.4,0.0,0,"Lawrence, Whatcom County",330024,Lawrence,2017-12-12 18:00:55.820076
2017-01-25,03:30,30.9,30.4,30.5,99.4,0.2,S@1.8,3.5,34.4,0.0,0,"Lawrence, Whatcom County",330024,Lawrence,2017-12-12 18:00:55.820076
2017-01-25,03:45,31.2,30.7,30.9,99.4,0.21,N@0.0,0.0,34.3,0.0,0,"Lawrence, Whatcom County",330024,Lawrence,2017-12-12 18:00:55.820076
2017-01-25,04:00,31.5,31.0,31.2,99.4,0.3,N@0.3,2.8,34.3,0.0,0,"Lawrence, Whatcom County",330024,Lawrence,2017-12-12 18:00:55.820076
2017-01-25,04:15,31.5,31.0,31.1,99.4,0.32,N@1.8,4.6,34.3,0.0,0,"Lawrence, Whatcom County",330024,Lawrence,2017-12-12 18:00:55.820076
2017-01-25,04:30,31.5,31.0,31.2,99.4,0.28,N@0.0,0.0,34.3,0.0,0,"Lawrence, Whatcom County",330024,Lawrence,2017-12-12 18:00:55.820076
2017-01-25,04:45,31.4,30.9,31.1,99.4,0.23,E@0.1,2.4,34.3,0.0,0,"Lawrence, Whatcom County",330024,Lawrence,2017-12-12 18:00:55.820076
2017-01-25,05:00,31.0,30.5,30.6,99.4,0.22,SE@0.8,2.8,34.3,0.0,0,"Lawrence, Whatcom County",330024,Lawrence,2017-12-12 18:00:55.820076
2017-01-25,05:15,31.1,30.5,30.7,99.4,0.21,N@0.0,0.0,34.3,0.0,0,"Lawrence, Whatcom County",330024,Lawrence,2017-12-12 18:00:55.820076
2017-01-25,05:30,31.1,30.5,30.7,99.4,0.21,N@0.0,0.0,34.2,0.0,0,"Lawrence, Whatcom County",330024,Lawrence,2017-12-12 18:00:55.820076
2017-01-25,05:45,31.3,30.8,31.0,99.4,0.19,N@0.0,0.0,34.2,0.0,0,"Lawrence, Whatcom County",330024,Lawrence,2017-12-12 18:00:55.820076
2017-01-25,06:00,31.3,30.7,30.9,99.4,0.21,N@0.0,0.0,34.2,0.0,0,"Lawrence, Whatcom County",330024,Lawrence,2017-12-12 18:00:55.820076
2017-01-25,06:15,31.3,30.7,30.9,99.4,0.23,NE@0.0,1.4,34.2,0.0,0,"Lawrence, Whatcom County",330024,Lawrence,2017-12-12 18:00:55.820076
2017-01-25,06:30,31.3,30.7,30.9,99.4,0.23,N@0.0,0.0,34.2,0.0,0,"Lawrence, Whatcom County",330024,Lawrence,2017-12-12 18:00:55.820076
2017-01-25,06:45,30.9,30.3,30.5,99.4,0.18,N@0.0,0.0,34.2,0.0,0,"Lawrence, Whatcom County",330024,Lawrence,2017-12-12 18:00:55.820076
2017-01-25,07:00,30.8,30.2,30.4,99.4,0.18,S@0.4,2.1,34.2,0.0,0,"Lawrence, Whatcom County",330024,Lawrence,2017-12-12 18:00:55.820076
2017-01-25,07:15,31.1,30.5,30.7,99.4,0.22,N@0.0,0.0,34.2,0.0,0,"Lawrence, Whatcom County",330024,Lawrence,2017-12-12 18:00:55.820076
2017-01-25,07:30,31.3,30.8,31.0,99.4,0.29,W@0.0,1.4,34.2,0.0,0,"Lawrence, Whatcom County",330024,Lawrence,2017-12-12 18:00:55.820076
2017-01-25,07:45,31.5,30.9,31.2,99.4,0.28,N@0.0,0.0,34.2,0.0,0,"Lawrence, Whatcom County",330024,Lawrence,2017-12-12 18:00:55.820076
2017-01-25,08:00,31.7,31.1,31.4,99.4,0.34,N@0.0,0.0,34.2,0.0,4,"Lawrence, Whatcom County",330024,Lawrence,2017-12-12 18:00:55.820076
2017-01-25,08:15,31.5,30.9,31.2,99.4,0.32,N@0.0,0.0,34.1,0.0,10,"Lawrence, Whatcom County",330024,Lawrence,2017-12-12 18:00:55.820076
2017-01-25,08:30,31.6,31.0,31.3,99.4,0.4,N@0.0,0.0,34.1,0.0,18,"Lawrence, Whatcom County",330024,Lawrence,2017-12-12 18:00:55.820076
2017-01-25,08:45,31.9,31.3,31.6,99.4,0.58,N@0.0,0.0,34.1,0.0,25,"Lawrence, Whatcom County",330024,Lawrence,2017-12-12 18:00:55.820076
2017-01-25,09:00,32.0,31.4,31.9,99.4,0.73,N@0.0,0.0,34.1,0.0,34,"Lawrence, Whatcom County",330024,Lawrence,2017-12-12 18:00:55.820076
2017-01-25,09:15,32.5,31.9,32.3,99.4,0.89,N@0.0,0.0,34.1,0.0,43,"Lawrence, Whatcom County",330024,Lawrence,2017-12-12 18:00:55.820076
2017-01-25,09:30,32.7,32.2,32.6,99.4,0.97,N@0.0,0.0,34.1,0.0,56,"Lawrence, Whatcom County",330024,Lawrence,2017-12-12 18:00:55.820076
2017-01-25,09:45,32.9,32.3,32.8,99.4,1.0,N@0.0,0.0,34.1,0.0,74,"Lawrence, Whatcom County",330024,Lawrence,2017-12-12 18:00:55.820076
2017-01-25,10:00,33.3,32.7,33.1,99.4,1.0,N@0.0,0.0,34.1,0.0,88,"Lawrence, Whatcom County",330024,Lawrence,2017-12-12 18:00:55.820076
2017-01-25,10:15,34.0,33.4,33.9,99.4,0.99,N@0.0,0.0,34.1,0.0,101,"Lawrence, Whatcom County",330024,Lawrence,2017-12-12 18:00:55.820076
2017-01-25,10:30,34.4,33.7,34.2,99.3,1.0,N@0.0,0.0,34.1,0.0,137,"Lawrence, Whatcom County",330024,Lawrence,2017-12-12 18:00:55.820076
2017-01-25,10:45,34.9,34.2,34.6,98.8,1.0,NW@0.0,1.4,34.1,0.0,146,"Lawrence, Whatcom County",330024,Lawrence,2017-12-12 18:00:55.820076
2017-01-25,11:00,35.2,34.7,34.7,98.0,1.0,NW@0.0,1.4,34.0,0.0,144,"Lawrence, Whatcom County",330024,Lawrence,2017-12-12 18:00:55.820076
2017-01-25,11:15,35.8,35.4,35.1,97.3,1.0,NE@0.4,2.8,34.0,0.0,147,"Lawrence, Whatcom County",330024,Lawrence,2017-12-12 18:00:55.820076
2017-01-25,11:30,36.3,35.8,35.1,95.2,1.0,N@0.0,1.4,34.0,0.0,158,"Lawrence, Whatcom County",330024,Lawrence,2017-12-12 18:00:55.820076
2017-01-25,11:45,36.6,36.1,34.8,92.9,0.98,N@0.0,0.0,34.0,0.0,137,"Lawrence, Whatcom County",330024,Lawrence,2017-12-12 18:00:55.820076
2017-01-25,12:00,36.7,36.3,34.5,91.5,0.93,N@0.0,0.0,34.0,0.0,127,"Lawrence, Whatcom County",330024,Lawrence,2017-12-12 18:00:55.820076
2017-01-25,12:15,37.4,36.9,34.6,89.6,0.91,N@0.0,0.0,34.0,0.0,125,"Lawrence, Whatcom County",330024,Lawrence,2017-12-12 18:00:55.820076
2017-01-25,12:30,38.0,37.6,34.6,87.4,0.83,N@0.0,0.0,34.0,0.0,150,"Lawrence, Whatcom County",330024,Lawrence,2017-12-12 18:00:55.820076
2017-01-25,12:45,38.6,38.2,34.5,85.1,0.69,N@0.0,0.0,34.0,0.0,145,"Lawrence, Whatcom County",330024,Lawrence,2017-12-12 18:00:55.820076
2017-01-25,13:00,39.3,38.8,34.5,82.6,0.46,N@0.0,0.0,34.0,0.0,145,"Lawrence, Whatcom County",330024,Lawrence,2017-12-12 18:00:55.820076
2017-01-25,13:15,39.6,39.0,34.1,80.4,0.15,N@0.0,0.0,34.0,0.0,122,"Lawrence, Whatcom County",330024,Lawrence,2017-12-12 18:00:55.820076
2017-01-25,13:30,39.8,39.2,34.0,79.7,0.06,N@0.0,0.0,34.0,0.0,111,"Lawrence, Whatcom County",330024,Lawrence,2017-12-12 18:00:55.820076
2017-01-25,13:45,40.0,39.6,34.8,81.5,0.01,N@0.0,0.0,34.1,0.0,104,"Lawrence, Whatcom County",330024,Lawrence,2017-12-12 18:00:55.820076
2017-01-25,14:00,40.1,39.7,34.9,81.5,0.0,N@0.0,0.0,34.1,0.0,105,"Lawrence, Whatcom County",330024,Lawrence,2017-12-12 18:00:55.820076
2017-01-25,14:15,40.3,39.9,35.3,82.1,0.01,N@0.0,0.0,34.1,0.0,101,"Lawrence, Whatcom County",330024,Lawrence,2017-12-12 18:00:55.820076
2017-01-25,14:30,40.8,40.3,35.1,80.0,0.01,N@0.0,0.0,34.1,0.0,124,"Lawrence, Whatcom County",330024,Lawrence,2017-12-12 18:00:55.820076
2017-01-25,14:45,41.3,40.8,35.4,79.4,0.01,N@0.0,0.0,34.1,0.0,114,"Lawrence, Whatcom County",330024,Lawrence,2017-12-12 18:00:55.820076
2017-01-25,15:00,41.3,40.9,35.4,79.4,0.0,N@0.0,0.0,34.2,0.0,77,"Lawrence, Whatcom County",330024,Lawrence,2017-12-12 18:00:55.820076
2017-01-25,15:15,41.2,40.8,35.5,79.7,0.0,N@0.0,0.0,34.2,0.0,68,"Lawrence, Whatcom County",330024,Lawrence,2017-12-12 18:00:55.820076
2017-01-25,15:30,41.0,40.5,35.8,81.8,0.0,N@0.0,0.0,34.2,0.0,57,"Lawrence, Whatcom County",330024,Lawrence,2017-12-12 18:00:55.820076
2017-01-25,15:45,40.7,40.2,35.7,82.1,0.01,N@0.0,0.0,34.3,0.0,46,"Lawrence, Whatcom County",330024,Lawrence,2017-12-12 18:00:55.820076
2017-01-25,16:00,40.4,40.0,35.7,83.1,0.01,N@0.0,0.0,34.3,0.0,31,"Lawrence, Whatcom County",330024,Lawrence,2017-12-12 18:00:55.820076
2017-01-25,16:15,40.1,39.7,36.2,85.5,0.01,N@0.0,0.0,34.4,0.0,20,"Lawrence, Whatcom County",330024,Lawrence,2017-12-12 18:00:55.820076
2017-01-25,16:30,39.9,39.5,36.1,86.1,0.01,N@0.0,0.0,34.4,0.0,13,"Lawrence, Whatcom County",330024,Lawrence,2017-12-12 18:00:55.820076
2017-01-25,16:45,39.6,39.2,36.2,87.5,0.01,N@0.0,0.0,34.4,0.0,7,"Lawrence, Whatcom County",330024,Lawrence,2017-12-12 18:00:55.820076
2017-01-25,17:00,38.9,38.5,35.9,88.7,0.02,N@0.0,0.0,34.5,0.0,3,"Lawrence, Whatcom County",330024,Lawrence,2017-12-12 18:00:55.820076
2017-01-25,17:15,38.2,37.8,35.9,91.0,0.02,N@0.0,0.0,34.5,0.0,0,"Lawrence, Whatcom County",330024,Lawrence,2017-12-12 18:00:55.820076
2017-01-25,17:30,37.8,37.4,35.7,92.0,0.02,N@0.0,0.0,34.6,0.0,0,"Lawrence, Whatcom County",330024,Lawrence,2017-12-12 18:00:55.820076
2017-01-25,17:45,37.5,37.1,35.5,92.6,0.03,N@0.0,0.0,34.6,0.0,0,"Lawrence, Whatcom County",330024,Lawrence,2017-12-12 18:00:55.820076
2017-01-25,18:00,37.2,36.6,35.6,93.9,0.03,N@0.0,0.0,34.7,0.0,0,"Lawrence, Whatcom County",330024,Lawrence,2017-12-12 18:00:55.820076
2017-01-25,18:15,37.3,36.7,35.8,94.2,0.03,N@0.0,0.0,34.7,0.0,0,"Lawrence, Whatcom County",330024,Lawrence,2017-12-12 18:00:55.820076
2017-01-25,18:30,37.8,37.2,35.8,92.4,0.02,N@0.0,0.0,34.7,0.0,0,"Lawrence, Whatcom County",330024,Lawrence,2017-12-12 18:00:55.820076
2017-01-25,18:45,37.3,36.7,35.4,92.8,0.03,N@0.0,0.0,34.8,0.0,0,"Lawrence, Whatcom County",330024,Lawrence,2017-12-12 18:00:55.820076
2017-01-25,19:00,36.7,36.2,35.2,94.2,0.03,N@0.0,0.0,34.8,0.0,0,"Lawrence, Whatcom County",330024,Lawrence,2017-12-12 18:00:55.820076
2017-01-25,19:15,36.5,36.0,35.4,95.6,0.04,N@0.0,0.0,34.8,0.0,0,"Lawrence, Whatcom County",330024,Lawrence,2017-12-12 18:00:55.820076
2017-01-25,19:30,36.5,35.9,35.4,95.8,0.05,N@0.0,0.0,34.8,0.0,0,"Lawrence, Whatcom County",330024,Lawrence,2017-12-12 18:00:55.820076
2017-01-25,19:45,36.2,35.7,35.3,96.2,0.06,N@0.0,0.0,34.9,0.0,0,"Lawrence, Whatcom County",330024,Lawrence,2017-12-12 18:00:55.820076
2017-01-25,20:00,36.3,35.7,35.4,96.2,0.08,N@0.0,0.0,34.9,0.0,0,"Lawrence, Whatcom County",330024,Lawrence,2017-12-12 18:00:55.820076
2017-01-25,20:15,36.2,35.7,35.3,96.4,0.09,N@0.0,0.0,34.9,0.0,0,"Lawrence, Whatcom County",330024,Lawrence,2017-12-12 18:00:55.820076
2017-01-25,20:30,36.0,35.4,35.1,96.3,0.09,N@0.0,0.0,34.9,0.0,0,"Lawrence, Whatcom County",330024,Lawrence,2017-12-12 18:00:55.820076
2017-01-25,20:45,35.5,34.9,34.7,97.0,0.1,N@0.0,0.0,34.9,0.0,0,"Lawrence, Whatcom County",330024,Lawrence,2017-12-12 18:00:55.820076
2017-01-25,21:00,35.7,35.1,35.0,97.5,0.12,S@0.4,5.7,34.9,0.0,0,"Lawrence, Whatcom County",330024,Lawrence,2017-12-12 18:00:55.820076
2017-01-25,21:15,35.7,35.2,35.1,97.6,0.14,N@0.0,0.0,35.0,0.0,0,"Lawrence, Whatcom County",330024,Lawrence,2017-12-12 18:00:55.820076
2017-01-25,21:30,35.8,35.3,35.3,98.1,0.16,N@0.0,0.0,35.0,0.0,0,"Lawrence, Whatcom County",330024,Lawrence,2017-12-12 18:00:55.820076
2017-01-25,21:45,35.6,35.0,35.0,98.0,0.18,N@0.2,2.4,35.0,0.0,0,"Lawrence, Whatcom County",330024,Lawrence,2017-12-12 18:00:55.820076
2017-01-25,22:00,35.4,34.8,34.9,98.0,0.2,N@0.0,0.0,35.0,0.0,0,"Lawrence, Whatcom County",330024,Lawrence,2017-12-12 18:00:55.820076
2017-01-25,22:15,35.1,34.5,34.7,98.1,0.22,N@0.0,0.0,35.0,0.0,0,"Lawrence, Whatcom County",330024,Lawrence,2017-12-12 18:00:55.820076
2017-01-25,22:30,35.0,34.5,34.6,98.4,0.25,N@0.0,0.0,35.0,0.0,0,"Lawrence, Whatcom County",330024,Lawrence,2017-12-12 18:00:55.820076
2017-01-25,22:45,35.1,34.5,34.7,98.5,0.29,N@0.0,0.0,35.0,0.0,0,"Lawrence, Whatcom County",330024,Lawrence,2017-12-12 18:00:55.820076
2017-01-25,23:00,34.9,34.3,34.5,98.5,0.32,N@0.0,0.0,35.0,0.0,0,"Lawrence, Whatcom County",330024,Lawrence,2017-12-12 18:00:55.820076
2017-01-25,23:15,35.3,34.7,34.9,98.6,0.35,N@0.0,0.0,35.0,0.0,0,"Lawrence, Whatcom County",330024,Lawrence,2017-12-12 18:00:55.820076
2017-01-25,23:30,35.5,34.9,35.1,98.5,0.37,W@1.2,4.2,35.0,0.0,0,"Lawrence, Whatcom County",330024,Lawrence,2017-12-12 18:00:55.820076
2017-01-25,23:45,35.3,34.8,35.0,98.7,0.4,W@0.2,1.7,35.0,0.0,0,"Lawrence, Whatcom County",330024,Lawrence,2017-12-12 18:00:55.820076
2017-01-25,24:00,35.3,34.8,35.0,98.8,0.43,NW@0.0,1.4,35.0,0.0,0,"Lawrence, Whatcom County",330024,Lawrence,2017-12-12 18:00:55.820076
2017-01-26,00:15,35.3,34.7,35.0,98.9,0.47,N@0.0,0.0,35.0,0.0,0,"Lawrence, Whatcom County",330024,Lawrence,2017-12-12 18:00:55.820076
2017-01-26,00:30,35.4,34.9,35.2,98.9,0.52,N@0.0,0.0,35.0,0.0,0,"Lawrence, Whatcom County",330024,Lawrence,2017-12-12 18:00:55.820076
2017-01-26,00:45,35.0,34.5,34.8,99.0,0.54,N@0.0,0.0,35.0,0.0,0,"Lawrence, Whatcom County",330024,Lawrence,2017-12-12 18:00:55.820076
2017-01-26,01:00,34.7,34.2,34.5,99.0,0.57,N@0.0,0.0,35.0,0.0,0,"Lawrence, Whatcom County",330024,Lawrence,2017-12-12 18:00:55.820076
2017-01-26,01:15,34.7,34.1,34.5,99.2,0.59,N@0.0,0.0,35.0,0.0,0,"Lawrence, Whatcom County",330024,Lawrence,2017-12-12 18:00:55.820076
2017-01-26,01:30,34.7,34.1,34.5,99.3,0.62,N@0.0,0.0,35.0,0.0,0,"Lawrence, Whatcom County",330024,Lawrence,2017-12-12 18:00:55.820076
2017-01-26,01:45,35.0,34.5,34.9,99.4,0.65,SE@0.0,1.4,35.0,0.0,0,"Lawrence, Whatcom County",330024,Lawrence,2017-12-12 18:00:55.820076
2017-01-26,02:00,34.7,34.2,34.6,99.4,0.68,SE@2.0,3.5,35.0,0.0,0,"Lawrence, Whatcom County",330024,Lawrence,2017-12-12 18:00:55.820076
2017-01-26,02:15,34.5,34.0,34.4,99.4,0.7,SE@0.7,2.8,35.0,0.0,0,"Lawrence, Whatcom County",330024,Lawrence,2017-12-12 18:00:55.820076
2017-01-26,02:30,34.3,33.8,34.2,99.4,0.73,N@0.0,0.0,35.0,0.0,0,"Lawrence, Whatcom County",330024,Lawrence,2017-12-12 18:00:55.820076
2017-01-26,02:45,34.5,34.1,34.4,99.3,0.76,W@0.8,3.1,35.0,0.0,0,"Lawrence, Whatcom County",330024,Lawrence,2017-12-12 18:00:55.820076
2017-01-26,03:00,34.2,33.8,34.0,99.2,0.79,N@0.0,0.0,35.0,0.0,0,"Lawrence, Whatcom County",330024,Lawrence,2017-12-12 18:00:55.820076
2017-01-26,03:15,33.9,33.6,33.7,99.2,0.81,E@0.5,3.1,35.0,0.0,0,"Lawrence, Whatcom County",330024,Lawrence,2017-12-12 18:00:55.820076
2017-01-26,03:30,34.1,33.7,33.9,99.2,0.83,NE@0.1,2.4,35.0,0.0,0,"Lawrence, Whatcom County",330024,Lawrence,2017-12-12 18:00:55.820076
2017-01-26,03:45,33.4,33.0,33.2,99.2,0.84,N@0.0,0.0,35.0,0.0,0,"Lawrence, Whatcom County",330024,Lawrence,2017-12-12 18:00:55.820076
2017-01-26,04:00,33.5,33.0,33.3,99.2,0.86,N@0.0,0.0,35.0,0.0,0,"Lawrence, Whatcom County",330024,Lawrence,2017-12-12 18:00:55.820076
2017-01-26,04:15,33.4,33.0,33.2,99.2,0.87,N@0.0,0.0,35.0,0.0,0,"Lawrence, Whatcom County",330024,Lawrence,2017-12-12 18:00:55.820076
2017-01-26,04:30,33.3,32.8,33.1,99.2,0.88,N@0.0,0.0,35.0,0.0,0,"Lawrence, Whatcom County",330024,Lawrence,2017-12-12 18:00:55.820076
2017-01-26,04:45,32.7,32.3,32.5,99.2,0.89,N@0.0,0.0,35.0,0.0,0,"Lawrence, Whatcom County",330024,Lawrence,2017-12-12 18:00:55.820076
2017-01-26,05:00,32.2,31.8,32.0,99.2,0.91,N@0.0,0.0,35.0,0.0,0,"Lawrence, Whatcom County",330024,Lawrence,2017-12-12 18:00:55.820076
2017-01-26,05:15,32.0,31.6,31.7,99.2,0.93,N@0.0,1.4,35.0,0.0,0,"Lawrence, Whatcom County",330024,Lawrence,2017-12-12 18:00:55.820076
2017-01-26,05:30,31.5,31.1,31.2,99.2,0.94,N@0.0,0.0,35.0,0.0,0,"Lawrence, Whatcom County",330024,Lawrence,2017-12-12 18:00:55.820076
2017-01-26,05:45,30.6,30.2,30.1,99.2,0.78,N@0.0,0.0,35.0,0.0,0,"Lawrence, Whatcom County",330024,Lawrence,2017-12-12 18:00:55.820076
2017-01-26,06:00,30.6,30.2,30.1,99.2,0.27,N@0.0,0.0,35.0,0.0,0,"Lawrence, Whatcom County",330024,Lawrence,2017-12-12 18:00:55.820076
2017-01-26,06:15,31.2,30.8,30.8,99.2,0.45,SE@0.1,2.4,35.0,0.0,0,"Lawrence, Whatcom County",330024,Lawrence,2017-12-12 18:00:55.820076
2017-01-26,06:30,31.3,30.8,30.8,99.2,0.58,N@0.0,0.0,34.9,0.0,0,"Lawrence, Whatcom County",330024,Lawrence,2017-12-12 18:00:55.820076
2017-01-26,06:45,31.2,30.8,30.8,99.2,0.64,N@0.0,0.0,34.9,0.0,0,"Lawrence, Whatcom County",330024,Lawrence,2017-12-12 18:00:55.820076
2017-01-26,07:00,31.8,31.5,31.5,99.2,0.78,N@0.0,0.0,34.9,0.0,0,"Lawrence, Whatcom County",330024,Lawrence,2017-12-12 18:00:55.820076
2017-01-26,07:15,32.2,31.7,32.0,99.2,0.87,N@0.0,0.0,34.9,0.0,0,"Lawrence, Whatcom County",330024,Lawrence,2017-12-12 18:00:55.820076
2017-01-26,07:30,32.1,31.6,31.9,99.2,0.86,N@0.0,0.0,34.9,0.0,0,"Lawrence, Whatcom County",330024,Lawrence,2017-12-12 18:00:55.820076
2017-01-26,07:45,32.3,31.9,32.1,99.2,0.91,N@0.0,0.0,34.9,0.0,0,"Lawrence, Whatcom County",330024,Lawrence,2017-12-12 18:00:55.820076
2017-01-26,08:00,32.5,32.0,32.4,99.4,0.94,E@1.7,4.2,34.9,0.0,3,"Lawrence, Whatcom County",330024,Lawrence,2017-12-12 18:00:55.820076
2017-01-26,08:15,32.8,32.3,32.7,99.4,1.0,SE@1.9,4.6,34.8,0.0,10,"Lawrence, Whatcom County",330024,Lawrence,2017-12-12 18:00:55.820076
2017-01-26,08:30,33.1,32.5,32.9,99.4,1.0,W@0.9,2.8,34.8,0.0,26,"Lawrence, Whatcom County",330024,Lawrence,2017-12-12 18:00:55.820076
2017-01-26,08:45,33.5,32.9,33.3,99.4,1.0,SW@0.3,2.4,34.8,0.0,91,"Lawrence, Whatcom County",330024,Lawrence,2017-12-12 18:00:55.820076
2017-01-26,09:00,35.4,34.6,35.2,99.4,1.0,N@0.1,1.7,34.8,0.0,137,"Lawrence, Whatcom County",330024,Lawrence,2017-12-12 18:00:55.820076
2017-01-26,09:15,36.8,35.9,36.4,98.6,1.0,W@0.2,2.4,34.8,0.0,168,"Lawrence, Whatcom County",330024,Lawrence,2017-12-12 18:00:55.820076
2017-01-26,09:30,37.4,36.8,36.5,96.5,0.99,N@1.4,3.5,34.8,0.0,196,"Lawrence, Whatcom County",330024,Lawrence,2017-12-12 18:00:55.820076
2017-01-26,09:45,38.6,38.1,36.6,92.6,0.93,N@1.4,3.1,34.8,0.0,227,"Lawrence, Whatcom County",330024,Lawrence,2017-12-12 18:00:55.820076
2017-01-26,10:00,39.7,38.9,36.5,88.3,0.86,N@1.4,3.5,34.8,0.0,246,"Lawrence, Whatcom County",330024,Lawrence,2017-12-12 18:00:55.820076
2017-01-26,10:15,40.1,39.3,36.2,86.0,0.31,NW@1.3,3.9,34.7,0.0,249,"Lawrence, Whatcom County",330024,Lawrence,2017-12-12 18:00:55.820076
2017-01-26,10:30,40.9,40.1,36.0,82.5,0.01,NW@2.6,4.9,34.7,0.0,261,"Lawrence, Whatcom County",330024,Lawrence,2017-12-12 18:00:55.820076
2017-01-26,10:45,42.0,41.6,36.1,79.3,0.01,SE@0.2,2.1,34.7,0.0,264,"Lawrence, Whatcom County",330024,Lawrence,2017-12-12 18:00:55.820076
2017-01-26,11:00,42.1,41.4,36.4,79.9,0.01,W@1.4,5.7,34.7,0.0,276,"Lawrence, Whatcom County",330024,Lawrence,2017-12-12 18:00:55.820076
2017-01-26,11:15,42.1,41.3,36.2,79.3,0.01,W@3.3,4.9,34.7,0.0,277,"Lawrence, Whatcom County",330024,Lawrence,2017-12-12 18:00:55.820076
2017-01-26,11:30,42.3,41.6,36.2,79.0,0.0,NW@2.3,3.9,34.7,0.0,204,"Lawrence, Whatcom County",330024,Lawrence,2017-12-12 18:00:55.820076
2017-01-26,11:45,42.7,42.0,36.3,78.0,0.0,NW@0.5,3.1,34.7,0.0,193,"Lawrence, Whatcom County",330024,Lawrence,2017-12-12 18:00:55.820076
2017-01-26,12:00,43.4,42.8,36.3,75.9,0.0,NW@0.2,3.1,34.7,0.0,223,"Lawrence, Whatcom County",330024,Lawrence,2017-12-12 18:00:55.820076
2017-01-26,12:15,43.5,43.0,36.5,76.1,0.0,NW@1.7,3.1,34.7,0.0,250,"Lawrence, Whatcom County",330024,Lawrence,2017-12-12 18:00:55.820076
2017-01-26,12:30,44.1,43.4,36.6,74.8,0.0,NW@0.8,3.1,34.8,0.0,238,"Lawrence, Whatcom County",330024,Lawrence,2017-12-12 18:00:55.820076
2017-01-26,12:45,44.4,43.8,36.2,72.7,0.0,NW@1.1,3.5,34.8,0.0,225,"Lawrence, Whatcom County",330024,Lawrence,2017-12-12 18:00:55.820076
2017-01-26,13:00,45.8,45.2,35.3,66.6,0.0,SW@1.3,3.5,34.8,0.0,352,"Lawrence, Whatcom County",330024,Lawrence,2017-12-12 18:00:55.820076
2017-01-26,13:15,47.0,46.4,35.7,64.6,0.0,NW@0.6,4.2,34.9,0.0,386,"Lawrence, Whatcom County",330024,Lawrence,2017-12-12 18:00:55.820076
2017-01-26,13:30,46.7,45.9,35.6,65.1,0.0,NW@1.4,4.9,34.9,0.0,266,"Lawrence, Whatcom County",330024,Lawrence,2017-12-12 18:00:55.820076
2017-01-26,13:45,46.8,46.1,35.3,64.0,0.0,NW@2.6,4.6,35.0,0.0,299,"Lawrence, Whatcom County",330024,Lawrence,2017-12-12 18:00:55.820076
2017-01-26,14:00,46.6,45.9,35.7,65.6,0.0,NW@2.8,4.2,35.0,0.0,213,"Lawrence, Whatcom County",330024,Lawrence,2017-12-12 18:00:55.820076
2017-01-26,14:15,46.6,46.0,35.5,65.0,0.0,N@2.3,4.6,35.1,0.0,225,"Lawrence, Whatcom County",330024,Lawrence,2017-12-12 18:00:55.820076
2017-01-26,14:30,46.9,46.1,35.4,64.2,0.0,NW@2.8,4.6,35.2,0.0,242,"Lawrence, Whatcom County",330024,Lawrence,2017-12-12 18:00:55.820076
2017-01-26,14:45,46.1,45.5,36.5,69.2,0.0,NW@3.3,4.9,35.2,0.0,124,"Lawrence, Whatcom County",330024,Lawrence,2017-12-12 18:00:55.820076
2017-01-26,15:00,45.6,45.0,37.2,72.3,0.0,NW@3.5,4.6,35.3,0.0,96,"Lawrence, Whatcom County",330024,Lawrence,2017-12-12 18:00:55.820076
2017-01-26,15:15,45.2,44.6,37.1,73.2,0.0,N@3.3,4.2,35.4,0.0,110,"Lawrence, Whatcom County",330024,Lawrence,2017-12-12 18:00:55.820076
2017-01-26,15:30,45.1,44.5,37.4,74.4,0.0,N@3.1,4.6,35.5,0.0,95,"Lawrence, Whatcom County",330024,Lawrence,2017-12-12 18:00:55.820076
2017-01-26,15:45,44.6,44.0,37.8,77.0,0.01,NW@1.1,3.5,35.6,0.0,52,"Lawrence, Whatcom County",330024,Lawrence,2017-12-12 18:00:55.820076
2017-01-26,16:00,43.9,43.4,37.3,77.4,0.01,N@0.0,0.0,35.7,0.0,44,"Lawrence, Whatcom County",330024,Lawrence,2017-12-12 18:00:55.820076
2017-01-26,16:15,43.2,42.6,37.1,78.9,0.01,N@0.0,0.0,35.7,0.0,37,"Lawrence, Whatcom County",330024,Lawrence,2017-12-12 18:00:55.820076
2017-01-26,16:30,42.5,41.9,37.1,81.1,0.01,N@0.0,0.0,35.8,0.0,29,"Lawrence, Whatcom County",330024,Lawrence,2017-12-12 18:00:55.820076
2017-01-26,16:45,41.3,40.8,36.4,82.4,0.02,N@0.0,0.0,35.9,0.0,14,"Lawrence, Whatcom County",330024,Lawrence,2017-12-12 18:00:55.820076
2017-01-26,17:00,40.6,40.1,36.4,84.8,0.03,SE@0.4,3.5,36.0,0.0,4,"Lawrence, Whatcom County",330024,Lawrence,2017-12-12 18:00:55.820076
2017-01-26,17:15,39.6,39.0,36.1,87.4,0.03,SE@3.0,3.9,36.0,0.0,0,"Lawrence, Whatcom County",330024,Lawrence,2017-12-12 18:00:55.820076
2017-01-26,17:30,38.6,38.0,35.8,89.8,0.06,SE@1.4,2.8,36.1,0.0,0,"Lawrence, Whatcom County",330024,Lawrence,2017-12-12 18:00:55.820076
2017-01-26,17:45,37.8,37.3,35.6,91.5,0.17,N@0.0,0.0,36.2,0.0,0,"Lawrence, Whatcom County",330024,Lawrence,2017-12-12 18:00:55.820076
2017-01-26,18:00,37.0,36.4,34.5,90.5,0.31,N@0.0,0.0,36.2,0.0,0,"Lawrence, Whatcom County",330024,Lawrence,2017-12-12 18:00:55.820076
2017-01-26,18:15,35.1,34.5,33.3,93.1,0.48,N@0.0,0.0,36.3,0.0,0,"Lawrence, Whatcom County",330024,Lawrence,2017-12-12 18:00:55.820076
2017-01-26,18:30,34.0,33.4,33.0,95.9,0.65,N@0.0,0.0,36.3,0.0,0,"Lawrence, Whatcom County",330024,Lawrence,2017-12-12 18:00:55.820076
2017-01-26,18:45,34.0,33.4,33.2,96.8,0.79,N@0.0,0.0,36.4,0.0,0,"Lawrence, Whatcom County",330024,Lawrence,2017-12-12 18:00:55.820076
2017-01-26,19:00,33.7,33.1,32.8,96.8,0.85,N@0.0,0.0,36.4,0.0,0,"Lawrence, Whatcom County",330024,Lawrence,2017-12-12 18:00:55.820076
2017-01-26,19:15,33.3,32.7,32.5,97.2,0.88,N@0.0,0.0,36.4,0.0,0,"Lawrence, Whatcom County",330024,Lawrence,2017-12-12 18:00:55.820076
2017-01-26,19:30,32.7,32.0,31.9,97.0,0.9,N@0.0,0.0,36.4,0.0,0,"Lawrence, Whatcom County",330024,Lawrence,2017-12-12 18:00:55.820076
2017-01-26,19:45,32.0,31.4,31.3,97.8,0.92,N@0.0,0.0,36.4,0.0,0,"Lawrence, Whatcom County",330024,Lawrence,2017-12-12 18:00:55.820076
2017-01-26,20:00,32.3,31.8,31.9,98.1,0.93,SE@0.1,2.1,36.5,0.0,0,"Lawrence, Whatcom County",330024,Lawrence,2017-12-12 18:00:55.820076
2017-01-26,20:15,31.9,31.4,31.4,98.4,0.94,S@0.4,2.8,36.4,0.0,0,"Lawrence, Whatcom County",330024,Lawrence,2017-12-12 18:00:55.820076
2017-01-26,20:30,31.7,31.1,31.2,98.6,0.95,SE@0.0,1.4,36.5,0.0,0,"Lawrence, Whatcom County",330024,Lawrence,2017-12-12 18:00:55.820076
2017-01-26,20:45,31.0,30.3,30.3,98.5,0.86,N@0.3,3.1,36.4,0.0,0,"Lawrence, Whatcom County",330024,Lawrence,2017-12-12 18:00:55.820076
2017-01-26,21:00,30.1,29.6,29.4,98.5,0.22,N@0.0,0.0,36.4,0.0,0,"Lawrence, Whatcom County",330024,Lawrence,2017-12-12 18:00:55.820076
2017-01-26,21:15,29.8,29.3,29.1,98.8,0.19,N@0.0,0.0,36.4,0.0,0,"Lawrence, Whatcom County",330024,Lawrence,2017-12-12 18:00:55.820076
2017-01-26,21:30,30.3,29.7,29.7,99.0,0.2,N@0.0,0.0,36.4,0.0,0,"Lawrence, Whatcom County",330024,Lawrence,2017-12-12 18:00:55.820076
2017-01-26,21:45,30.4,29.9,29.8,98.9,0.2,N@0.0,0.0,36.4,0.0,0,"Lawrence, Whatcom County",330024,Lawrence,2017-12-12 18:00:55.820076
2017-01-26,22:00,29.8,29.2,29.1,98.8,0.17,N@0.0,0.0,36.4,0.0,0,"Lawrence, Whatcom County",330024,Lawrence,2017-12-12 18:00:55.820076
2017-01-26,22:15,29.1,28.5,28.3,98.9,0.13,N@0.0,0.0,36.3,0.0,0,"Lawrence, Whatcom County",330024,Lawrence,2017-12-12 18:00:55.820076
2017-01-26,22:30,29.6,29.0,28.9,99.0,0.14,N@0.0,0.0,36.3,0.0,0,"Lawrence, Whatcom County",330024,Lawrence,2017-12-12 18:00:55.820076
2017-01-26,22:45,27.9,27.3,26.8,98.7,0.09,N@0.0,0.0,36.3,0.0,0,"Lawrence, Whatcom County",330024,Lawrence,2017-12-12 18:00:55.820076
2017-01-26,23:00,28.9,28.4,28.1,99.2,0.15,W@0.1,2.1,36.3,0.0,0,"Lawrence, Whatcom County",330024,Lawrence,2017-12-12 18:00:55.820076
2017-01-26,23:15,30.2,29.6,29.6,99.1,0.19,N@0.1,2.1,36.2,0.0,0,"Lawrence, Whatcom County",330024,Lawrence,2017-12-12 18:00:55.820076
2017-01-26,23:30,30.0,29.4,29.3,99.1,0.2,NE@0.6,2.4,36.2,0.0,0,"Lawrence, Whatcom County",330024,Lawrence,2017-12-12 18:00:55.820076
2017-01-26,23:45,29.5,28.9,28.8,99.1,0.15,S@0.2,2.8,36.2,0.0,0,"Lawrence, Whatcom County",330024,Lawrence,2017-12-12 18:00:55.820076
2017-01-26,24:00,28.6,28.2,27.8,99.1,0.11,N@0.0,0.0,36.1,0.0,0,"Lawrence, Whatcom County",330024,Lawrence,2017-12-12 18:00:55.820076
2017-01-27,00:15,29.9,29.4,29.3,99.4,0.18,NW@0.0,1.4,36.1,0.0,0,"Lawrence, Whatcom County",330024,Lawrence,2017-12-12 18:00:55.820076
2017-01-27,00:30,29.7,29.1,29.1,99.4,0.14,N@0.0,0.0,36.1,0.0,0,"Lawrence, Whatcom County",330024,Lawrence,2017-12-12 18:00:55.820076
2017-01-27,00:45,29.6,28.9,29.0,99.4,0.16,SE@0.8,4.9,36.1,0.0,0,"Lawrence, Whatcom County",330024,Lawrence,2017-12-12 18:00:55.820076
2017-01-27,01:00,30.3,29.7,29.8,99.4,0.17,SE@0.5,3.1,36.0,0.0,0,"Lawrence, Whatcom County",330024,Lawrence,2017-12-12 18:00:55.820076
2017-01-27,01:15,29.0,28.4,28.3,99.2,0.13,N@0.0,0.0,36.0,0.0,0,"Lawrence, Whatcom County",330024,Lawrence,2017-12-12 18:00:55.820076
2017-01-27,01:30,28.4,27.7,27.6,99.3,0.1,S@0.2,3.1,35.9,0.0,0,"Lawrence, Whatcom County",330024,Lawrence,2017-12-12 18:00:55.820076
2017-01-27,01:45,28.4,27.9,27.6,99.4,0.11,N@0.4,3.5,35.9,0.0,0,"Lawrence, Whatcom County",330024,Lawrence,2017-12-12 18:00:55.820076
2017-01-27,02:00,28.4,27.8,27.6,99.4,0.1,N@0.0,0.0,35.9,0.0,0,"Lawrence, Whatcom County",330024,Lawrence,2017-12-12 18:00:55.820076
2017-01-27,02:15,28.7,28.2,28.0,99.4,0.1,S@0.4,3.9,35.8,0.0,0,"Lawrence, Whatcom County",330024,Lawrence,2017-12-12 18:00:55.820076
2017-01-27,02:30,27.7,27.1,26.8,99.2,0.12,N@0.0,0.0,35.8,0.0,0,"Lawrence, Whatcom County",330024,Lawrence,2017-12-12 18:00:55.820076
2017-01-27,02:45,29.1,28.5,28.4,99.4,0.25,N@0.0,0.0,35.8,0.0,0,"Lawrence, Whatcom County",330024,Lawrence,2017-12-12 18:00:55.820076
2017-01-27,03:00,29.9,29.3,29.4,99.5,0.37,N@0.0,0.0,35.8,0.0,0,"Lawrence, Whatcom County",330024,Lawrence,2017-12-12 18:00:55.820076
2017-01-27,03:15,30.7,30.1,30.2,99.4,0.47,N@0.0,0.0,35.7,0.0,0,"Lawrence, Whatcom County",330024,Lawrence,2017-12-12 18:00:55.820076
2017-01-27,03:30,30.7,30.2,30.3,99.4,0.53,N@0.0,0.0,35.7,0.0,0,"Lawrence, Whatcom County",330024,Lawrence,2017-12-12 18:00:55.820076
2017-01-27,03:45,31.3,30.7,30.9,99.4,0.68,NE@0.1,2.1,35.7,0.0,0,"Lawrence, Whatcom County",330024,Lawrence,2017-12-12 18:00:55.820076
2017-01-27,04:00,31.6,31.0,31.3,99.4,0.78,N@0.0,0.0,35.6,0.0,0,"Lawrence, Whatcom County",330024,Lawrence,2017-12-12 18:00:55.820076
2017-01-27,04:15,31.8,31.2,31.5,99.4,0.84,N@0.0,0.0,35.6,0.0,0,"Lawrence, Whatcom County",330024,Lawrence,2017-12-12 18:00:55.820076
2017-01-27,04:30,31.9,31.4,31.7,99.4,0.88,E@0.6,3.5,35.6,0.0,0,"Lawrence, Whatcom County",330024,Lawrence,2017-12-12 18:00:55.820076
2017-01-27,04:45,32.3,31.8,32.2,99.4,0.92,NE@1.3,3.9,35.5,0.0,0,"Lawrence, Whatcom County",330024,Lawrence,2017-12-12 18:00:55.820076
2017-01-27,05:00,32.4,31.9,32.3,99.4,0.96,N@1.2,3.5,35.5,0.0,0,"Lawrence, Whatcom County",330024,Lawrence,2017-12-12 18:00:55.820076
2017-01-27,05:15,32.6,32.0,32.4,99.4,1.0,N@0.0,0.0,35.5,0.0,0,"Lawrence, Whatcom County",330024,Lawrence,2017-12-12 18:00:55.820076
2017-01-27,05:30,32.6,32.1,32.5,99.4,1.0,SE@0.8,4.2,35.4,0.0,0,"Lawrence, Whatcom County",330024,Lawrence,2017-12-12 18:00:55.820076
2017-01-27,05:45,32.5,31.9,32.3,99.4,0.91,S@1.2,6.4,35.4,0.0,0,"Lawrence, Whatcom County",330024,Lawrence,2017-12-12 18:00:55.820076
2017-01-27,06:00,34.5,33.9,33.5,96.1,0.95,SE@3.9,7.4,35.4,0.0,0,"Lawrence, Whatcom County",330024,Lawrence,2017-12-12 18:00:55.820076
2017-01-27,06:15,33.1,32.6,31.5,93.6,0.95,E@2.2,4.6,35.4,0.0,0,"Lawrence, Whatcom County",330024,Lawrence,2017-12-12 18:00:55.820076
2017-01-27,06:30,32.1,31.6,31.2,96.4,0.67,NE@0.8,3.9,35.4,0.0,0,"Lawrence, Whatcom County",330024,Lawrence,2017-12-12 18:00:55.820076
2017-01-27,06:45,31.6,31.1,30.8,97.4,0.68,NE@2.6,4.2,35.3,0.0,0,"Lawrence, Whatcom County",330024,Lawrence,2017-12-12 18:00:55.820076
2017-01-27,07:00,31.9,31.4,31.2,97.7,0.78,NE@0.4,3.1,35.3,0.0,0,"Lawrence, Whatcom County",330024,Lawrence,2017-12-12 18:00:55.820076
2017-01-27,07:15,31.4,30.8,30.6,97.6,0.68,N@0.0,0.0,35.3,0.0,0,"Lawrence, Whatcom County",330024,Lawrence,2017-12-12 18:00:55.820076
2017-01-27,07:30,31.4,30.9,30.7,98.0,0.6,SE@1.3,4.6,35.3,0.0,1,"Lawrence, Whatcom County",330024,Lawrence,2017-12-12 18:00:55.820076
2017-01-27,07:45,32.2,31.7,31.6,97.7,0.77,NW@0.7,3.5,35.2,0.0,4,"Lawrence, Whatcom County",330024,Lawrence,2017-12-12 18:00:55.820076
2017-01-27,08:00,33.2,32.7,32.3,96.6,0.96,S@1.5,5.7,35.2,0.0,4,"Lawrence, Whatcom County",330024,Lawrence,2017-12-12 18:00:55.820076
2017-01-27,08:15,35.2,34.6,32.3,89.0,1.0,E@2.6,4.9,35.2,0.0,8,"Lawrence, Whatcom County",330024,Lawrence,2017-12-12 18:00:55.820076
2017-01-27,08:30,33.2,32.7,32.0,95.4,1.0,NE@0.9,3.9,35.2,0.0,23,"Lawrence, Whatcom County",330024,Lawrence,2017-12-12 18:00:55.820076
2017-01-27,08:45,33.4,32.9,32.3,95.6,1.0,NW@0.3,2.4,35.1,0.0,47,"Lawrence, Whatcom County",330024,Lawrence,2017-12-12 18:00:55.820076
2017-01-27,09:00,33.5,33.0,32.5,95.9,1.0,N@0.0,0.0,35.1,0.0,62,"Lawrence, Whatcom County",330024,Lawrence,2017-12-12 18:00:55.820076
2017-01-27,09:15,33.7,33.2,32.7,95.8,1.0,S@0.1,2.1,35.1,0.0,70,"Lawrence, Whatcom County",330024,Lawrence,2017-12-12 18:00:55.820076
2017-01-27,09:30,34.0,33.4,32.9,95.8,1.0,N@0.0,0.0,35.1,0.0,83,"Lawrence, Whatcom County",330024,Lawrence,2017-12-12 18:00:55.820076
2017-01-27,09:45,34.4,33.8,33.3,95.7,1.0,N@0.0,0.0,35.1,0.0,95,"Lawrence, Whatcom County",330024,Lawrence,2017-12-12 18:00:55.820076
2017-01-27,10:00,35.2,34.6,33.7,94.2,1.0,N@0.0,0.0,35.0,0.0,119,"Lawrence, Whatcom County",330024,Lawrence,2017-12-12 18:00:55.820076
2017-01-27,10:15,35.8,35.2,34.0,93.3,1.0,N@0.0,0.0,35.0,0.0,138,"Lawrence, Whatcom County",330024,Lawrence,2017-12-12 18:00:55.820076
2017-01-27,10:30,36.9,36.3,34.2,89.6,1.0,NW@0.1,2.1,35.0,0.0,216,"Lawrence, Whatcom County",330024,Lawrence,2017-12-12 18:00:55.820076
2017-01-27,10:45,39.1,38.6,34.5,83.2,1.0,N@0.0,0.0,35.0,0.0,273,"Lawrence, Whatcom County",330024,Lawrence,2017-12-12 18:00:55.820076
2017-01-27,11:00,41.3,40.5,34.6,77.0,1.0,NW@0.0,1.7,35.0,0.0,331,"Lawrence, Whatcom County",330024,Lawrence,2017-12-12 18:00:55.820076
2017-01-27,11:15,42.2,41.4,35.1,75.6,0.97,NW@0.6,2.4,35.0,0.0,344,"Lawrence, Whatcom County",330024,Lawrence,2017-12-12 18:00:55.820076
2017-01-27,11:30,43.1,42.2,35.3,73.7,0.5,NW@1.4,3.1,35.0,0.0,358,"Lawrence, Whatcom County",330024,Lawrence,2017-12-12 18:00:55.820076
2017-01-27,11:45,44.3,43.4,35.5,71.0,0.01,N@3.1,5.7,34.9,0.0,366,"Lawrence, Whatcom County",330024,Lawrence,2017-12-12 18:00:55.820076
2017-01-27,12:00,45.1,44.2,36.0,70.3,0.0,N@4.3,6.4,34.9,0.0,373,"Lawrence, Whatcom County",330024,Lawrence,2017-12-12 18:00:55.820076
2017-01-27,12:15,46.0,45.2,35.1,65.4,0.0,N@4.1,5.7,34.9,0.0,378,"Lawrence, Whatcom County",330024,Lawrence,2017-12-12 18:00:55.820076
2017-01-27,12:30,46.6,45.8,34.6,62.7,0.0,NW@3.6,5.7,34.9,0.0,381,"Lawrence, Whatcom County",330024,Lawrence,2017-12-12 18:00:55.820076
2017-01-27,12:45,47.1,46.4,35.0,62.5,0.0,NW@3.7,5.3,34.9,0.0,379,"Lawrence, Whatcom County",330024,Lawrence,2017-12-12 18:00:55.820076
2017-01-27,13:00,47.5,46.9,35.2,62.0,0.0,NW@4.1,5.7,34.9,0.0,375,"Lawrence, Whatcom County",330024,Lawrence,2017-12-12 18:00:55.820076
2017-01-27,13:15,48.0,47.3,36.0,63.1,0.0,NW@4.7,6.7,34.9,0.0,369,"Lawrence, Whatcom County",330024,Lawrence,2017-12-12 18:00:55.820076
2017-01-27,13:30,48.3,47.6,36.3,63.0,0.0,NW@4.7,6.4,35.0,0.0,359,"Lawrence, Whatcom County",330024,Lawrence,2017-12-12 18:00:55.820076
2017-01-27,13:45,48.5,47.9,37.0,64.2,0.0,NW@4.4,6.4,35.0,0.0,366,"Lawrence, Whatcom County",330024,Lawrence,2017-12-12 18:00:55.820076
2017-01-27,14:00,48.5,47.9,37.4,65.2,0.0,NW@4.4,6.4,35.0,0.0,271,"Lawrence, Whatcom County",330024,Lawrence,2017-12-12 18:00:55.820076
2017-01-27,14:15,48.1,47.4,37.7,67.2,0.0,NW@4.3,6.0,35.1,0.0,209,"Lawrence, Whatcom County",330024,Lawrence,2017-12-12 18:00:55.820076
2017-01-27,14:30,48.2,47.6,37.6,66.4,0.0,NW@4.2,6.0,35.2,0.0,224,"Lawrence, Whatcom County",330024,Lawrence,2017-12-12 18:00:55.820076
2017-01-27,14:45,49.3,48.7,36.1,60.1,0.0,N@3.8,5.7,35.2,0.0,180,"Lawrence, Whatcom County",330024,Lawrence,2017-12-12 18:00:55.820076
2017-01-27,15:00,47.9,47.3,36.7,65.1,0.0,NW@4.0,6.4,35.3,0.0,125,"Lawrence, Whatcom County",330024,Lawrence,2017-12-12 18:00:55.820076
2017-01-27,15:15,47.6,47.0,36.9,66.2,0.0,N@4.4,6.7,35.4,0.0,160,"Lawrence, Whatcom County",330024,Lawrence,2017-12-12 18:00:55.820076
2017-01-27,15:30,47.9,47.3,37.5,67.1,0.0,N@3.5,5.3,35.5,0.0,180,"Lawrence, Whatcom County",330024,Lawrence,2017-12-12 18:00:55.820076
2017-01-27,15:45,48.2,47.6,36.6,64.1,0.0,N@2.5,4.9,35.5,0.0,103,"Lawrence, Whatcom County",330024,Lawrence,2017-12-12 18:00:55.820076
2017-01-27,16:00,47.5,47.0,36.8,66.4,0.0,NW@1.7,6.0,35.6,0.0,69,"Lawrence, Whatcom County",330024,Lawrence,2017-12-12 18:00:55.820076
2017-01-27,16:15,46.2,45.7,37.1,70.5,0.0,NW@2.7,4.6,35.7,0.0,38,"Lawrence, Whatcom County",330024,Lawrence,2017-12-12 18:00:55.820076
2017-01-27,16:30,45.6,45.1,36.2,69.3,0.0,N@2.6,4.2,35.8,0.0,19,"Lawrence, Whatcom County",330024,Lawrence,2017-12-12 18:00:55.820076
2017-01-27,16:45,44.3,43.8,36.2,73.0,0.01,SW@0.8,3.5,35.9,0.0,8,"Lawrence, Whatcom County",330024,Lawrence,2017-12-12 18:00:55.820076
2017-01-27,17:00,43.2,42.7,35.8,74.9,0.01,E@0.0,2.4,36.0,0.0,2,"Lawrence, Whatcom County",330024,Lawrence,2017-12-12 18:00:55.820076
2017-01-27,17:15,42.8,42.4,36.2,77.3,0.01,W@1.5,4.6,36.0,0.0,0,"Lawrence, Whatcom County",330024,Lawrence,2017-12-12 18:00:55.820076
2017-01-27,17:30,42.8,42.4,36.1,77.2,0.01,N@0.0,0.0,36.1,0.0,0,"Lawrence, Whatcom County",330024,Lawrence,2017-12-12 18:00:55.820076
2017-01-27,17:45,42.8,42.5,36.0,76.7,0.01,E@0.0,1.4,36.2,0.0,0,"Lawrence, Whatcom County",330024,Lawrence,2017-12-12 18:00:55.820076
2017-01-27,18:00,41.9,41.5,36.1,79.5,0.01,N@0.0,0.0,36.3,0.0,0,"Lawrence, Whatcom County",330024,Lawrence,2017-12-12 18:00:55.820076
2017-01-27,18:15,41.0,40.6,36.0,82.3,0.01,N@0.0,0.0,36.3,0.0,0,"Lawrence, Whatcom County",330024,Lawrence,2017-12-12 18:00:55.820076
2017-01-27,18:30,40.6,40.2,36.0,83.4,0.01,N@0.0,0.0,36.4,0.0,0,"Lawrence, Whatcom County",330024,Lawrence,2017-12-12 18:00:55.820076
2017-01-27,18:45,40.3,39.9,35.9,84.1,0.01,SE@1.9,4.2,36.4,0.0,0,"Lawrence, Whatcom County",330024,Lawrence,2017-12-12 18:00:55.820076
2017-01-27,19:00,39.7,39.3,36.0,86.7,0.03,SE@0.0,1.4,36.5,0.0,0,"Lawrence, Whatcom County",330024,Lawrence,2017-12-12 18:00:55.820076
2017-01-27,19:15,39.2,38.8,35.5,86.7,0.03,N@0.0,0.0,36.5,0.0,0,"Lawrence, Whatcom County",330024,Lawrence,2017-12-12 18:00:55.820076
2017-01-27,19:30,38.3,37.9,35.4,89.1,0.04,E@0.1,2.4,36.5,0.0,0,"Lawrence, Whatcom County",330024,Lawrence,2017-12-12 18:00:55.820076
2017-01-27,19:45,37.7,37.3,35.1,90.3,0.04,E@0.1,2.8,36.6,0.0,0,"Lawrence, Whatcom County",330024,Lawrence,2017-12-12 18:00:55.820076
2017-01-27,20:00,37.6,37.2,35.2,91.3,0.04,S@0.2,3.5,36.6,0.0,0,"Lawrence, Whatcom County",330024,Lawrence,2017-12-12 18:00:55.820076
2017-01-27,20:15,37.6,37.3,35.3,91.2,0.04,SE@1.3,3.5,36.6,0.0,0,"Lawrence, Whatcom County",330024,Lawrence,2017-12-12 18:00:55.820076
2017-01-27,20:30,36.9,36.5,34.6,91.5,0.06,S@0.3,3.1,36.7,0.0,0,"Lawrence, Whatcom County",330024,Lawrence,2017-12-12 18:00:55.820076
2017-01-27,20:45,36.9,36.6,35.1,93.1,0.09,SW@0.3,2.8,36.7,0.0,0,"Lawrence, Whatcom County",330024,Lawrence,2017-12-12 18:00:55.820076
2017-01-27,21:00,37.3,37.0,35.1,91.4,0.13,N@0.5,3.1,36.7,0.0,0,"Lawrence, Whatcom County",330024,Lawrence,2017-12-12 18:00:55.820076
2017-01-27,21:15,36.2,35.8,34.2,92.3,0.19,E@0.8,3.9,36.7,0.0,0,"Lawrence, Whatcom County",330024,Lawrence,2017-12-12 18:00:55.820076
2017-01-27,21:30,36.3,36.0,34.5,92.9,0.34,E@2.2,3.9,36.7,0.0,0,"Lawrence, Whatcom County",330024,Lawrence,2017-12-12 18:00:55.820076
2017-01-27,21:45,35.8,35.4,33.9,92.8,0.48,W@0.2,3.5,36.7,0.0,0,"Lawrence, Whatcom County",330024,Lawrence,2017-12-12 18:00:55.820076
2017-01-27,22:00,36.2,35.8,33.9,91.4,0.52,SE@1.9,4.6,36.7,0.0,0,"Lawrence, Whatcom County",330024,Lawrence,2017-12-12 18:00:55.820076
2017-01-27,22:15,35.7,35.3,33.2,90.7,0.46,S@0.5,2.8,36.7,0.0,0,"Lawrence, Whatcom County",330024,Lawrence,2017-12-12 18:00:55.820076
2017-01-27,22:30,34.2,33.8,32.8,94.6,0.57,SE@0.4,2.8,36.7,0.0,0,"Lawrence, Whatcom County",330024,Lawrence,2017-12-12 18:00:55.820076
2017-01-27,22:45,33.5,33.1,32.2,95.0,0.69,SW@0.9,3.1,36.7,0.0,0,"Lawrence, Whatcom County",330024,Lawrence,2017-12-12 18:00:55.820076
2017-01-27,23:00,32.8,32.3,31.8,96.1,0.8,NE@0.1,2.8,36.7,0.0,0,"Lawrence, Whatcom County",330024,Lawrence,2017-12-12 18:00:55.820076
2017-01-27,23:15,31.6,31.2,30.6,96.6,0.86,S@0.6,3.1,36.7,0.0,0,"Lawrence, Whatcom County",330024,Lawrence,2017-12-12 18:00:55.820076
2017-01-27,23:30,31.5,31.1,30.7,97.5,0.89,E@0.0,1.4,36.7,0.0,0,"Lawrence, Whatcom County",330024,Lawrence,2017-12-12 18:00:55.820076
2017-01-27,23:45,30.8,30.4,29.9,97.5,0.91,S@0.4,3.5,36.7,0.0,0,"Lawrence, Whatcom County",330024,Lawrence,2017-12-12 18:00:55.820076
2017-01-27,24:00,30.8,30.4,30.0,98.0,0.93,N@0.3,3.1,36.7,0.0,0,"Lawrence, Whatcom County",330024,Lawrence,2017-12-12 18:00:55.820076
