Date,Time PST,Air Temp °F, Dew Point °F, Rel Hum %, Tot Prec in, Wind Dir @ Speed mph, Wind Gust mph, Leaf Wet u., Solar Rad W/m², 8 in. Soil Tmp °F, 2<sup>nd</sup> Air Temp °F,Location,Station ID,Station Name,Download Timestamp
2020-01-10,00:15,25.4,24.2,99.3,0.0,N @4.1,4.9,0.02,0,39.3,25.1,"Horrigan, Benton County",100129,Horrigan,2020-01-21 18:37:27.330026
2020-01-10,00:30,25.0,23.8,99.4,0.0,N @4.1,4.9,0.02,0,39.2,24.6,"Horrigan, Benton County",100129,Horrigan,2020-01-21 18:37:27.330026
2020-01-10,00:45,25.6,24.5,99.5,0.0,N@4.0,4.9,0.03,0,39.2,25.1,"Horrigan, Benton County",100129,Horrigan,2020-01-21 18:37:27.330026
2020-01-10,01:00,25.7,24.6,99.5,0.0,N@4.1,5.3,0.04,0,39.1,25.3,"Horrigan, Benton County",100129,Horrigan,2020-01-21 18:37:27.330026
2020-01-10,01:15,25.9,24.9,99.5,0.0,N@2.1,4.2,0.07,0,39.1,25.3,"Horrigan, Benton County",100129,Horrigan,2020-01-21 18:37:27.330026
2020-01-10,01:30,26.3,25.2,99.6,0.0,NE@1.7,4.9,0.08,0,39.0,25.8,"Horrigan, Benton County",100129,Horrigan,2020-01-21 18:37:27.330026
2020-01-10,01:45,25.9,24.9,99.6,0.0,NE@2.5,4.6,0.08,0,39.0,25.7,"Horrigan, Benton County",100129,Horrigan,2020-01-21 18:37:27.330026
2020-01-10,02:00,24.0,22.7,99.6,0.0,NE@1.7,4.2,0.03,0,38.9,23.9,"Horrigan, Benton County",100129,Horrigan,2020-01-21 18:37:27.330026
2020-01-10,02:15,24.6,23.4,99.7,0.0,NE@2.7,4.2,0.04,0,38.9,24.4,"Horrigan, Benton County",100129,Horrigan,2020-01-21 18:37:27.330026
2020-01-10,02:30,25.2,24.1,99.8,0.0,N @0.0,0.0,0.04,0,38.8,24.7,"Horrigan, Benton County",100129,Horrigan,2020-01-21 18:37:27.330026
2020-01-10,02:45,24.9,23.8,99.8,0.0,N @0.0,0.0,0.04,0,38.8,24.7,"Horrigan, Benton County",100129,Horrigan,2020-01-21 18:37:27.330026
2020-01-10,03:00,25.0,23.9,99.8,0.0,N @0.0,0.0,0.05,0,38.7,24.7,"Horrigan, Benton County",100129,Horrigan,2020-01-21 18:37:27.330026
2020-01-10,03:15,24.6,23.5,99.8,0.0,N @0.0,0.0,0.05,0,38.7,24.4,"Horrigan, Benton County",100129,Horrigan,2020-01-21 18:37:27.330026
2020-01-10,03:30,25.6,24.5,99.9,0.0,N @0.0,0.0,0.06,0,38.6,25.3,"Horrigan, Benton County",100129,Horrigan,2020-01-21 18:37:27.330026
2020-01-10,03:45,27.1,26.3,99.9,0.0,N @0.0,0.0,0.07,0,38.6,26.8,"Horrigan, Benton County",100129,Horrigan,2020-01-21 18:37:27.330026
2020-01-10,04:00,27.4,26.6,99.9,0.0,N @0.0,0.0,0.07,0,38.6,27.1,"Horrigan, Benton County",100129,Horrigan,2020-01-21 18:37:27.330026
2020-01-10,04:15,27.1,26.3,99.9,0.0,N @0.0,0.0,0.08,0,38.5,26.8,"Horrigan, Benton County",100129,Horrigan,2020-01-21 18:37:27.330026
2020-01-10,04:30,27.2,26.4,99.9,0.0,N @0.0,0.0,0.08,0,38.5,26.9,"Horrigan, Benton County",100129,Horrigan,2020-01-21 18:37:27.330026
2020-01-10,04:45,27.2,26.4,100.0,0.0,N @0.0,0.0,0.09,0,38.4,26.9,"Horrigan, Benton County",100129,Horrigan,2020-01-21 18:37:27.330026
2020-01-10,05:00,27.4,26.6,100.0,0.0,N @0.0,0.0,0.09,0,38.4,27.0,"Horrigan, Benton County",100129,Horrigan,2020-01-21 18:37:27.330026
2020-01-10,05:15,27.4,26.6,100.0,0.0,N @0.0,0.0,0.09,0,38.4,27.1,"Horrigan, Benton County",100129,Horrigan,2020-01-21 18:37:27.330026
2020-01-10,05:30,27.4,26.6,100.0,0.0,N @0.0,0.0,0.1,0,38.3,27.1,"Horrigan, Benton County",100129,Horrigan,2020-01-21 18:37:27.330026
2020-01-10,05:45,27.5,26.8,100.0,0.0,N @0.0,0.0,0.1,0,38.3,27.2,"Horrigan, Benton County",100129,Horrigan,2020-01-21 18:37:27.330026
2020-01-10,06:00,27.8,27.1,100.0,0.0,N @0.0,0.0,0.11,0,38.2,27.4,"Horrigan, Benton County",100129,Horrigan,2020-01-21 18:37:27.330026
2020-01-10,06:15,27.9,27.1,100.0,0.0,N @0.0,0.0,0.11,0,38.2,27.5,"Horrigan, Benton County",100129,Horrigan,2020-01-21 18:37:27.330026
2020-01-10,06:30,28.0,27.3,100.0,0.0,N @0.0,0.0,0.12,0,38.2,27.7,"Horrigan, Benton County",100129,Horrigan,2020-01-21 18:37:27.330026
2020-01-10,06:45,28.2,27.5,100.0,0.0,N @0.0,0.0,0.12,0,38.1,27.9,"Horrigan, Benton County",100129,Horrigan,2020-01-21 18:37:27.330026
2020-01-10,07:00,28.7,28.1,100.0,0.0,NW@0.8,3.9,0.14,0,38.1,28.4,"Horrigan, Benton County",100129,Horrigan,2020-01-21 18:37:27.330026
2020-01-10,07:15,29.0,28.4,100.0,0.0,NW@0.2,3.1,0.15,0,38.1,28.7,"Horrigan, Benton County",100129,Horrigan,2020-01-21 18:37:27.330026
2020-01-10,07:30,29.1,28.5,100.0,0.0,N @0.0,0.0,0.15,0,38.0,28.8,"Horrigan, Benton County",100129,Horrigan,2020-01-21 18:37:27.330026
2020-01-10,07:45,29.1,28.6,100.0,0.0,NE@0.4,4.2,0.16,0,38.0,28.9,"Horrigan, Benton County",100129,Horrigan,2020-01-21 18:37:27.330026
2020-01-10,08:00,29.2,28.7,100.0,0.0,NE@0.2,3.9,0.17,1,38.0,29.0,"Horrigan, Benton County",100129,Horrigan,2020-01-21 18:37:27.330026
2020-01-10,08:15,29.3,28.8,100.0,0.0,NE@3.7,5.7,0.17,4,38.0,29.1,"Horrigan, Benton County",100129,Horrigan,2020-01-21 18:37:27.330026
2020-01-10,08:30,29.3,28.8,100.0,0.0,NE@4.0,6.4,0.18,13,37.9,29.1,"Horrigan, Benton County",100129,Horrigan,2020-01-21 18:37:27.330026
2020-01-10,08:45,29.7,29.2,100.0,0.0,NE@4.1,5.3,0.19,18,37.9,29.4,"Horrigan, Benton County",100129,Horrigan,2020-01-21 18:37:27.330026
2020-01-10,09:00,30.2,29.8,100.0,0.0,N @3.1,4.9,0.2,24,37.9,29.9,"Horrigan, Benton County",100129,Horrigan,2020-01-21 18:37:27.330026
2020-01-10,09:15,30.9,30.6,100.0,0.0,NE@0.1,2.1,0.23,30,37.9,30.6,"Horrigan, Benton County",100129,Horrigan,2020-01-21 18:37:27.330026
2020-01-10,09:30,31.7,31.6,100.0,0.0,N @0.0,0.0,0.27,56,37.8,31.5,"Horrigan, Benton County",100129,Horrigan,2020-01-21 18:37:27.330026
2020-01-10,09:45,32.2,32.2,100.0,0.0,N @0.0,0.0,0.3,27,37.8,32.0,"Horrigan, Benton County",100129,Horrigan,2020-01-21 18:37:27.330026
2020-01-10,10:00,32.6,32.6,99.9,0.0,N @0.0,0.0,0.3,51,37.8,32.4,"Horrigan, Benton County",100129,Horrigan,2020-01-21 18:37:27.330026
2020-01-10,10:15,32.9,32.8,99.9,0.0,N @0.0,0.0,0.29,65,37.8,32.6,"Horrigan, Benton County",100129,Horrigan,2020-01-21 18:37:27.330026
2020-01-10,10:30,33.5,33.4,99.7,0.0,S@0.4,6.4,0.31,49,37.8,33.3,"Horrigan, Benton County",100129,Horrigan,2020-01-21 18:37:27.330026
2020-01-10,10:45,33.9,33.8,99.5,0.0,S@1.3,5.3,0.33,70,37.7,33.6,"Horrigan, Benton County",100129,Horrigan,2020-01-21 18:37:27.330026
2020-01-10,11:00,34.2,34.1,99.5,0.0,N @0.0,0.0,0.27,85,37.7,33.9,"Horrigan, Benton County",100129,Horrigan,2020-01-21 18:37:27.330026
2020-01-10,11:15,34.5,34.4,99.5,0.0,SW@0.6,4.6,0.21,98,37.7,34.2,"Horrigan, Benton County",100129,Horrigan,2020-01-21 18:37:27.330026
2020-01-10,11:30,35.0,34.9,99.5,0.0,SW@4.1,6.0,0.13,93,37.7,34.7,"Horrigan, Benton County",100129,Horrigan,2020-01-21 18:37:27.330026
2020-01-10,11:45,34.5,34.4,99.5,0.0,SW@4.0,6.4,0.11,56,37.7,34.3,"Horrigan, Benton County",100129,Horrigan,2020-01-21 18:37:27.330026
2020-01-10,12:00,34.2,34.0,99.5,0.0,SW@4.4,7.1,0.1,28,37.7,33.9,"Horrigan, Benton County",100129,Horrigan,2020-01-21 18:37:27.330026
2020-01-10,12:15,34.3,34.1,99.5,0.0,SW@1.2,4.2,0.09,39,37.6,34.0,"Horrigan, Benton County",100129,Horrigan,2020-01-21 18:37:27.330026
2020-01-10,12:30,34.6,34.5,99.5,0.0,N @0.0,0.0,0.08,43,37.6,34.4,"Horrigan, Benton County",100129,Horrigan,2020-01-21 18:37:27.330026
2020-01-10,12:45,34.8,34.7,99.5,0.0,NW@0.7,3.5,0.07,50,37.6,34.6,"Horrigan, Benton County",100129,Horrigan,2020-01-21 18:37:27.330026
2020-01-10,13:00,35.1,35.0,99.5,0.0,SW@2.1,6.7,0.06,43,37.6,34.9,"Horrigan, Benton County",100129,Horrigan,2020-01-21 18:37:27.330026
2020-01-10,13:15,35.5,35.4,99.5,0.0,S@6.2,9.2,0.06,188,37.6,35.2,"Horrigan, Benton County",100129,Horrigan,2020-01-21 18:37:27.330026
2020-01-10,13:30,37.7,37.5,99.3,0.0,SW@3.2,5.7,0.05,150,37.6,37.5,"Horrigan, Benton County",100129,Horrigan,2020-01-21 18:37:27.330026
2020-01-10,13:45,39.6,39.2,98.2,0.0,SW@3.3,5.7,0.03,141,37.6,39.4,"Horrigan, Benton County",100129,Horrigan,2020-01-21 18:37:27.330026
2020-01-10,14:00,39.5,39.3,99.2,0.0,SW@5.8,7.8,0.03,113,37.6,39.3,"Horrigan, Benton County",100129,Horrigan,2020-01-21 18:37:27.330026
2020-01-10,14:15,38.6,38.5,99.3,0.0,SW@4.3,6.7,0.08,45,37.6,38.4,"Horrigan, Benton County",100129,Horrigan,2020-01-21 18:37:27.330026
2020-01-10,14:30,38.6,38.5,99.3,0.01,SW@3.9,7.1,0.14,40,37.6,38.4,"Horrigan, Benton County",100129,Horrigan,2020-01-21 18:37:27.330026
2020-01-10,14:45,38.8,38.7,99.3,0.0,SW@5.1,7.1,0.16,47,37.6,38.6,"Horrigan, Benton County",100129,Horrigan,2020-01-21 18:37:27.330026
2020-01-10,15:00,38.0,37.9,99.5,0.0,S@6.7,10.3,0.18,19,37.7,37.8,"Horrigan, Benton County",100129,Horrigan,2020-01-21 18:37:27.330026
2020-01-10,15:15,36.9,36.8,99.7,0.01,S@6.5,8.5,0.13,14,37.7,36.7,"Horrigan, Benton County",100129,Horrigan,2020-01-21 18:37:27.330026
2020-01-10,15:30,36.3,36.3,99.8,0.0,S@5.7,8.5,0.12,17,37.7,36.1,"Horrigan, Benton County",100129,Horrigan,2020-01-21 18:37:27.330026
2020-01-10,15:45,36.0,36.0,99.9,0.0,S@5.1,8.9,0.18,35,37.8,35.8,"Horrigan, Benton County",100129,Horrigan,2020-01-21 18:37:27.330026
2020-01-10,16:00,36.3,36.3,100.0,0.0,NE@0.3,2.8,0.21,70,37.8,36.0,"Horrigan, Benton County",100129,Horrigan,2020-01-21 18:37:27.330026
2020-01-10,16:15,36.2,36.2,99.9,0.0,S@3.8,6.7,0.22,30,37.8,36.0,"Horrigan, Benton County",100129,Horrigan,2020-01-21 18:37:27.330026
2020-01-10,16:30,35.6,35.6,99.9,0.0,S@5.3,6.7,0.22,12,37.9,35.4,"Horrigan, Benton County",100129,Horrigan,2020-01-21 18:37:27.330026
2020-01-10,16:45,34.1,34.1,100.0,0.0,S@7.0,8.9,0.23,4,37.9,33.9,"Horrigan, Benton County",100129,Horrigan,2020-01-21 18:37:27.330026
2020-01-10,17:00,33.4,33.4,100.0,0.0,S@4.6,6.7,0.24,0,38.0,33.1,"Horrigan, Benton County",100129,Horrigan,2020-01-21 18:37:27.330026
2020-01-10,17:15,33.2,33.2,100.0,0.0,E@3.8,5.3,0.26,0,38.0,32.9,"Horrigan, Benton County",100129,Horrigan,2020-01-21 18:37:27.330026
2020-01-10,17:30,32.9,32.9,100.0,0.0,NE@3.9,5.7,0.27,0,38.1,32.6,"Horrigan, Benton County",100129,Horrigan,2020-01-21 18:37:27.330026
2020-01-10,17:45,32.8,32.8,100.0,0.0,NE@1.1,5.3,0.28,0,38.1,32.5,"Horrigan, Benton County",100129,Horrigan,2020-01-21 18:37:27.330026
2020-01-10,18:00,32.6,32.6,100.0,0.0,NW@2.4,5.7,0.29,0,38.1,32.4,"Horrigan, Benton County",100129,Horrigan,2020-01-21 18:37:27.330026
2020-01-10,18:15,32.8,32.8,100.0,0.0,W@1.9,5.7,0.3,0,38.1,32.5,"Horrigan, Benton County",100129,Horrigan,2020-01-21 18:37:27.330026
2020-01-10,18:30,32.6,32.6,100.0,0.0,NW@2.3,4.9,0.3,0,38.2,32.4,"Horrigan, Benton County",100129,Horrigan,2020-01-21 18:37:27.330026
2020-01-10,18:45,32.8,32.8,100.0,0.0,SW@4.5,7.4,0.31,0,38.2,32.6,"Horrigan, Benton County",100129,Horrigan,2020-01-21 18:37:27.330026
2020-01-10,19:00,33.0,33.0,100.0,0.01,SW@7.5,9.6,0.33,0,38.2,32.7,"Horrigan, Benton County",100129,Horrigan,2020-01-21 18:37:27.330026
2020-01-10,19:15,33.0,33.0,100.0,0.0,SW@5.0,8.5,0.34,0,38.2,32.7,"Horrigan, Benton County",100129,Horrigan,2020-01-21 18:37:27.330026
2020-01-10,19:30,32.5,32.5,100.0,0.0,E@3.1,6.4,0.34,0,38.2,32.2,"Horrigan, Benton County",100129,Horrigan,2020-01-21 18:37:27.330026
2020-01-10,19:45,32.4,32.4,100.0,0.0,NE@4.2,7.4,0.35,0,38.2,32.1,"Horrigan, Benton County",100129,Horrigan,2020-01-21 18:37:27.330026
2020-01-10,20:00,32.8,32.8,100.0,0.0,E@3.1,4.6,0.35,0,38.2,32.5,"Horrigan, Benton County",100129,Horrigan,2020-01-21 18:37:27.330026
2020-01-10,20:15,32.9,32.9,100.0,0.0,E@4.0,6.0,0.36,0,38.2,32.7,"Horrigan, Benton County",100129,Horrigan,2020-01-21 18:37:27.330026
2020-01-10,20:30,32.0,31.9,100.0,0.0,E@4.3,6.4,0.36,0,38.2,31.7,"Horrigan, Benton County",100129,Horrigan,2020-01-21 18:37:27.330026
2020-01-10,20:45,32.0,32.0,100.0,0.0,NE@0.8,3.9,0.37,0,38.2,31.8,"Horrigan, Benton County",100129,Horrigan,2020-01-21 18:37:27.330026
2020-01-10,21:00,31.5,31.3,100.0,0.0,N @3.4,6.0,0.37,0,38.2,31.2,"Horrigan, Benton County",100129,Horrigan,2020-01-21 18:37:27.330026
2020-01-10,21:15,31.6,31.4,100.0,0.0,NE@3.9,4.9,0.37,0,38.2,31.3,"Horrigan, Benton County",100129,Horrigan,2020-01-21 18:37:27.330026
2020-01-10,21:30,31.4,31.2,100.0,0.0,NE@4.3,6.4,0.38,0,38.2,31.1,"Horrigan, Benton County",100129,Horrigan,2020-01-21 18:37:27.330026
2020-01-10,21:45,32.1,32.1,100.0,0.0,NE@2.7,4.2,0.38,0,38.2,31.9,"Horrigan, Benton County",100129,Horrigan,2020-01-21 18:37:27.330026
2020-01-10,22:00,32.1,32.1,100.0,0.0,N@0.5,3.1,0.38,0,38.2,31.7,"Horrigan, Benton County",100129,Horrigan,2020-01-21 18:37:27.330026
2020-01-10,22:15,33.5,33.5,100.0,0.0,S@1.5,3.1,0.4,0,38.2,33.3,"Horrigan, Benton County",100129,Horrigan,2020-01-21 18:37:27.330026
2020-01-10,22:30,32.4,32.4,100.0,0.0,N@1.5,4.6,0.4,0,38.2,32.2,"Horrigan, Benton County",100129,Horrigan,2020-01-21 18:37:27.330026
2020-01-10,22:45,33.4,33.4,100.0,0.0,NW@0.1,2.4,0.41,0,38.1,32.9,"Horrigan, Benton County",100129,Horrigan,2020-01-21 18:37:27.330026
2020-01-10,23:00,33.7,33.7,100.0,0.0,NW@0.3,3.1,0.41,0,38.1,33.4,"Horrigan, Benton County",100129,Horrigan,2020-01-21 18:37:27.330026
2020-01-10,23:15,33.1,33.1,100.0,0.0,N@2.9,4.9,0.41,0,38.1,32.8,"Horrigan, Benton County",100129,Horrigan,2020-01-21 18:37:27.330026
2020-01-10,23:30,32.7,32.7,100.0,0.0,N @2.2,4.2,0.41,0,38.1,32.3,"Horrigan, Benton County",100129,Horrigan,2020-01-21 18:37:27.330026
2020-01-10,23:45,34.8,34.8,100.0,0.0,S@1.1,4.9,0.42,0,38.1,34.5,"Horrigan, Benton County",100129,Horrigan,2020-01-21 18:37:27.330026
2020-01-10,24:00,34.0,34.0,100.0,0.0,SW@4.0,5.7,0.43,0,38.1,33.8,"Horrigan, Benton County",100129,Horrigan,2020-01-21 18:37:27.330026
2020-01-11,00:15,33.4,33.4,100.0,0.0,N@3.4,4.6,0.43,0,38.1,33.1,"Horrigan, Benton County",100129,Horrigan,2020-01-21 18:37:27.330026
2020-01-11,00:30,34.3,34.3,100.0,0.0,E@1.3,3.9,0.43,0,38.1,34.1,"Horrigan, Benton County",100129,Horrigan,2020-01-21 18:37:27.330026
2020-01-11,00:45,35.7,35.6,99.8,0.0,S@1.8,7.1,0.44,0,38.0,35.5,"Horrigan, Benton County",100129,Horrigan,2020-01-21 18:37:27.330026
2020-01-11,01:00,35.7,35.6,99.6,0.0,E@2.1,4.2,0.44,0,38.0,35.4,"Horrigan, Benton County",100129,Horrigan,2020-01-21 18:37:27.330026
2020-01-11,01:15,36.9,36.8,99.6,0.0,SW@0.9,3.5,0.43,0,38.0,36.7,"Horrigan, Benton County",100129,Horrigan,2020-01-21 18:37:27.330026
2020-01-11,01:30,38.2,38.0,99.4,0.0,SW@0.4,2.8,0.41,0,38.0,37.9,"Horrigan, Benton County",100129,Horrigan,2020-01-21 18:37:27.330026
2020-01-11,01:45,38.6,38.5,99.4,0.0,SW@3.1,7.8,0.4,0,38.0,38.3,"Horrigan, Benton County",100129,Horrigan,2020-01-21 18:37:27.330026
2020-01-11,02:00,36.3,36.2,99.5,0.0,S@4.5,6.0,0.38,0,38.0,36.0,"Horrigan, Benton County",100129,Horrigan,2020-01-21 18:37:27.330026
2020-01-11,02:15,35.2,35.1,99.7,0.0,E@3.6,5.7,0.37,0,38.0,34.9,"Horrigan, Benton County",100129,Horrigan,2020-01-21 18:37:27.330026
2020-01-11,02:30,33.9,33.9,99.9,0.0,NE@4.5,6.4,0.36,0,38.0,33.6,"Horrigan, Benton County",100129,Horrigan,2020-01-21 18:37:27.330026
2020-01-11,02:45,35.8,35.8,99.9,0.0,SE@3.3,7.8,0.36,0,38.0,35.6,"Horrigan, Benton County",100129,Horrigan,2020-01-21 18:37:27.330026
2020-01-11,03:00,37.5,37.4,99.5,0.0,S@6.4,12.4,0.34,0,37.9,37.3,"Horrigan, Benton County",100129,Horrigan,2020-01-21 18:37:27.330026
2020-01-11,03:15,36.7,36.6,99.5,0.0,S@6.2,8.5,0.32,0,37.9,36.4,"Horrigan, Benton County",100129,Horrigan,2020-01-21 18:37:27.330026
2020-01-11,03:30,37.5,37.4,99.6,0.0,SW@8.7,14.2,0.32,0,37.9,37.3,"Horrigan, Benton County",100129,Horrigan,2020-01-21 18:37:27.330026
2020-01-11,03:45,38.6,38.5,99.5,0.0,SW@11.5,17.8,0.31,0,37.9,38.4,"Horrigan, Benton County",100129,Horrigan,2020-01-21 18:37:27.330026
2020-01-11,04:00,39.1,39.0,99.5,0.0,SW@12.7,16.7,0.28,0,37.9,38.9,"Horrigan, Benton County",100129,Horrigan,2020-01-21 18:37:27.330026
2020-01-11,04:15,39.7,39.5,99.5,0.0,SW@11.7,17.5,0.26,0,37.9,39.5,"Horrigan, Benton County",100129,Horrigan,2020-01-21 18:37:27.330026
2020-01-11,04:30,38.8,38.6,99.5,0.0,SW@7.9,11.7,0.23,0,37.9,38.5,"Horrigan, Benton County",100129,Horrigan,2020-01-21 18:37:27.330026
2020-01-11,04:45,38.2,38.1,99.6,0.0,SW@8.6,12.4,0.21,0,37.9,38.0,"Horrigan, Benton County",100129,Horrigan,2020-01-21 18:37:27.330026
2020-01-11,05:00,38.7,38.6,99.6,0.0,SW@8.5,12.1,0.2,0,37.9,38.6,"Horrigan, Benton County",100129,Horrigan,2020-01-21 18:37:27.330026
2020-01-11,05:15,39.3,39.2,99.5,0.0,SW@9.7,13.5,0.18,0,37.9,39.1,"Horrigan, Benton County",100129,Horrigan,2020-01-21 18:37:27.330026
2020-01-11,05:30,39.0,38.9,99.5,0.0,S@9.7,12.4,0.15,0,37.9,38.8,"Horrigan, Benton County",100129,Horrigan,2020-01-21 18:37:27.330026
2020-01-11,05:45,39.0,38.9,99.5,0.0,S@9.3,12.8,0.13,0,37.9,38.8,"Horrigan, Benton County",100129,Horrigan,2020-01-21 18:37:27.330026
2020-01-11,06:00,39.5,39.3,99.5,0.0,SW@9.7,13.9,0.12,0,37.9,39.3,"Horrigan, Benton County",100129,Horrigan,2020-01-21 18:37:27.330026
2020-01-11,06:15,39.9,39.8,99.4,0.0,SW@12.0,16.4,0.1,0,37.8,39.8,"Horrigan, Benton County",100129,Horrigan,2020-01-21 18:37:27.330026
2020-01-11,06:30,39.7,39.6,99.4,0.0,SW@10.7,16.0,0.09,0,37.8,39.5,"Horrigan, Benton County",100129,Horrigan,2020-01-21 18:37:27.330026
2020-01-11,06:45,39.5,39.3,99.5,0.0,SW@11.4,16.0,0.08,0,37.8,39.3,"Horrigan, Benton County",100129,Horrigan,2020-01-21 18:37:27.330026
2020-01-11,07:00,39.4,39.3,99.5,0.0,SW@8.2,11.7,0.07,0,37.9,39.2,"Horrigan, Benton County",100129,Horrigan,2020-01-21 18:37:27.330026
2020-01-11,07:15,39.7,39.6,99.5,0.0,SW@7.3,9.9,0.06,0,37.9,39.6,"Horrigan, Benton County",100129,Horrigan,2020-01-21 18:37:27.330026
2020-01-11,07:30,39.7,39.5,99.5,0.0,SW@8.3,12.8,0.06,0,37.9,39.5,"Horrigan, Benton County",100129,Horrigan,2020-01-21 18:37:27.330026
2020-01-11,07:45,40.5,40.4,99.4,0.0,SW@11.9,20.0,0.05,1,37.9,40.4,"Horrigan, Benton County",100129,Horrigan,2020-01-21 18:37:27.330026
2020-01-11,08:00,42.1,42.0,99.3,0.0,SW@15.7,22.1,0.04,5,37.9,42.0,"Horrigan, Benton County",100129,Horrigan,2020-01-21 18:37:27.330026
2020-01-11,08:15,42.5,42.3,99.3,0.0,SW@16.5,22.5,0.03,11,37.9,42.3,"Horrigan, Benton County",100129,Horrigan,2020-01-21 18:37:27.330026
2020-01-11,08:30,42.9,42.7,99.2,0.0,SW@19.9,29.3,0.03,17,37.9,42.7,"Horrigan, Benton County",100129,Horrigan,2020-01-21 18:37:27.330026
2020-01-11,08:45,42.9,42.7,99.2,0.0,SW@17.7,25.3,0.02,24,37.9,42.7,"Horrigan, Benton County",100129,Horrigan,2020-01-21 18:37:27.330026
2020-01-11,09:00,42.7,42.5,98.9,0.0,SW@17.5,23.2,0.02,25,37.9,42.6,"Horrigan, Benton County",100129,Horrigan,2020-01-21 18:37:27.330026
2020-01-11,09:15,42.6,42.4,99.2,0.0,SW@16.5,22.1,0.01,53,37.9,42.4,"Horrigan, Benton County",100129,Horrigan,2020-01-21 18:37:27.330026
2020-01-11,09:30,42.9,42.5,98.7,0.0,SW@16.3,22.1,0.01,89,37.9,42.7,"Horrigan, Benton County",100129,Horrigan,2020-01-21 18:37:27.330026
2020-01-11,09:45,43.3,42.0,95.1,0.0,SW@17.2,22.1,0.01,104,37.9,43.1,"Horrigan, Benton County",100129,Horrigan,2020-01-21 18:37:27.330026
2020-01-11,10:00,43.5,41.3,91.9,0.0,SW@16.9,25.0,0.0,93,38.0,43.2,"Horrigan, Benton County",100129,Horrigan,2020-01-21 18:37:27.330026
2020-01-11,10:15,43.4,40.4,89.1,0.0,SW@17.6,24.3,0.0,84,38.0,43.2,"Horrigan, Benton County",100129,Horrigan,2020-01-21 18:37:27.330026
2020-01-11,10:30,43.1,40.1,88.8,0.0,SW@16.3,21.4,0.0,72,38.0,42.9,"Horrigan, Benton County",100129,Horrigan,2020-01-21 18:37:27.330026
2020-01-11,10:45,43.1,39.7,87.8,0.0,SW@14.4,19.2,0.0,77,38.0,42.8,"Horrigan, Benton County",100129,Horrigan,2020-01-21 18:37:27.330026
2020-01-11,11:00,43.0,39.5,87.3,0.0,SW@13.3,18.9,0.0,98,38.1,42.8,"Horrigan, Benton County",100129,Horrigan,2020-01-21 18:37:27.330026
2020-01-11,11:15,44.5,39.8,83.2,0.0,SW@15.5,21.0,0.0,264,38.1,44.3,"Horrigan, Benton County",100129,Horrigan,2020-01-21 18:37:27.330026
2020-01-11,11:30,43.8,39.7,85.2,0.0,SW@14.3,21.0,0.0,152,38.1,43.6,"Horrigan, Benton County",100129,Horrigan,2020-01-21 18:37:27.330026
2020-01-11,11:45,43.4,38.8,83.5,0.0,SW@14.4,21.0,0.0,62,38.2,43.2,"Horrigan, Benton County",100129,Horrigan,2020-01-21 18:37:27.330026
2020-01-11,12:00,43.9,38.4,80.7,0.0,SW@15.1,22.1,0.0,153,38.2,43.7,"Horrigan, Benton County",100129,Horrigan,2020-01-21 18:37:27.330026
2020-01-11,12:15,46.0,39.0,76.4,0.0,SW@17.4,24.6,0.0,380,38.3,45.7,"Horrigan, Benton County",100129,Horrigan,2020-01-21 18:37:27.330026
2020-01-11,12:30,47.0,38.9,73.2,0.0,SW@18.6,26.4,0.0,368,38.3,46.7,"Horrigan, Benton County",100129,Horrigan,2020-01-21 18:37:27.330026
2020-01-11,12:45,47.1,38.0,70.4,0.0,SW@20.7,28.6,0.0,361,38.4,46.8,"Horrigan, Benton County",100129,Horrigan,2020-01-21 18:37:27.330026
2020-01-11,13:00,47.4,37.5,68.3,0.0,SW@21.3,28.2,0.0,356,38.4,47.1,"Horrigan, Benton County",100129,Horrigan,2020-01-21 18:37:27.330026
2020-01-11,13:15,47.7,37.2,66.8,0.0,SW@20.8,28.2,0.0,344,38.4,47.3,"Horrigan, Benton County",100129,Horrigan,2020-01-21 18:37:27.330026
2020-01-11,13:30,47.6,36.3,64.6,0.0,SW@21.5,28.2,0.0,330,38.5,47.3,"Horrigan, Benton County",100129,Horrigan,2020-01-21 18:37:27.330026
2020-01-11,13:45,47.9,35.7,62.4,0.0,SW@20.4,26.4,0.0,327,38.6,47.6,"Horrigan, Benton County",100129,Horrigan,2020-01-21 18:37:27.330026
2020-01-11,14:00,47.8,35.7,62.7,0.0,SW@19.3,27.1,0.0,316,38.6,47.5,"Horrigan, Benton County",100129,Horrigan,2020-01-21 18:37:27.330026
2020-01-11,14:15,47.3,35.4,63.0,0.0,SW@18.8,23.9,0.0,249,38.7,47.0,"Horrigan, Benton County",100129,Horrigan,2020-01-21 18:37:27.330026
2020-01-11,14:30,45.7,35.3,66.8,0.0,SW@16.2,22.8,0.0,92,38.8,45.4,"Horrigan, Benton County",100129,Horrigan,2020-01-21 18:37:27.330026
2020-01-11,14:45,44.2,35.2,70.3,0.0,SW@16.8,22.5,0.0,81,38.9,44.0,"Horrigan, Benton County",100129,Horrigan,2020-01-21 18:37:27.330026
2020-01-11,15:00,43.8,34.9,70.7,0.0,SW@14.9,20.3,0.0,96,38.9,43.6,"Horrigan, Benton County",100129,Horrigan,2020-01-21 18:37:27.330026
2020-01-11,15:15,43.7,34.3,69.3,0.0,SW@15.2,22.1,0.0,76,39.0,43.5,"Horrigan, Benton County",100129,Horrigan,2020-01-21 18:37:27.330026
2020-01-11,15:30,43.5,33.6,67.9,0.0,SW@15.5,22.5,0.0,49,39.1,43.3,"Horrigan, Benton County",100129,Horrigan,2020-01-21 18:37:27.330026
2020-01-11,15:45,42.9,33.8,70.1,0.0,SW@16.5,20.7,0.0,40,39.2,42.7,"Horrigan, Benton County",100129,Horrigan,2020-01-21 18:37:27.330026
2020-01-11,16:00,42.3,34.0,72.1,0.0,SW@18.4,24.3,0.0,19,39.3,42.2,"Horrigan, Benton County",100129,Horrigan,2020-01-21 18:37:27.330026
2020-01-11,16:15,41.9,33.5,71.9,0.0,SW@15.5,20.3,0.0,14,39.3,41.8,"Horrigan, Benton County",100129,Horrigan,2020-01-21 18:37:27.330026
2020-01-11,16:30,41.9,31.9,67.5,0.0,SW@17.5,23.2,0.0,11,39.4,41.7,"Horrigan, Benton County",100129,Horrigan,2020-01-21 18:37:27.330026
2020-01-11,16:45,41.6,31.1,65.9,0.0,SW@18.5,24.3,0.0,1,39.5,41.5,"Horrigan, Benton County",100129,Horrigan,2020-01-21 18:37:27.330026
2020-01-11,17:00,41.6,30.1,63.4,0.0,SW@18.3,23.9,0.0,0,39.5,41.5,"Horrigan, Benton County",100129,Horrigan,2020-01-21 18:37:27.330026
2020-01-11,17:15,41.5,30.2,63.7,0.0,SW@18.2,25.3,0.0,0,39.6,41.4,"Horrigan, Benton County",100129,Horrigan,2020-01-21 18:37:27.330026
2020-01-11,17:30,40.8,31.8,70.1,0.0,SW@17.2,23.5,0.0,0,39.6,40.6,"Horrigan, Benton County",100129,Horrigan,2020-01-21 18:37:27.330026
2020-01-11,17:45,40.9,32.4,71.4,0.0,SW@18.0,23.5,0.0,0,39.6,40.7,"Horrigan, Benton County",100129,Horrigan,2020-01-21 18:37:27.330026
2020-01-11,18:00,40.5,32.9,74.1,0.0,SW@16.7,23.2,0.0,0,39.7,40.3,"Horrigan, Benton County",100129,Horrigan,2020-01-21 18:37:27.330026
2020-01-11,18:15,40.4,32.9,74.1,0.0,SW@18.4,24.6,0.0,0,39.7,40.3,"Horrigan, Benton County",100129,Horrigan,2020-01-21 18:37:27.330026
2020-01-11,18:30,40.5,33.0,74.3,0.0,SW@20.9,27.1,0.0,0,39.7,40.3,"Horrigan, Benton County",100129,Horrigan,2020-01-21 18:37:27.330026
2020-01-11,18:45,40.3,34.1,78.2,0.0,SW@20.6,26.8,0.0,0,39.8,40.1,"Horrigan, Benton County",100129,Horrigan,2020-01-21 18:37:27.330026
2020-01-11,19:00,40.5,34.5,79.2,0.0,SW@20.5,27.1,0.0,0,39.8,40.3,"Horrigan, Benton County",100129,Horrigan,2020-01-21 18:37:27.330026
2020-01-11,19:15,40.4,34.8,80.0,0.0,SW@21.4,29.6,0.0,0,39.8,40.3,"Horrigan, Benton County",100129,Horrigan,2020-01-21 18:37:27.330026
2020-01-11,19:30,40.3,35.0,81.2,0.0,SW@19.7,26.8,0.0,0,39.8,40.1,"Horrigan, Benton County",100129,Horrigan,2020-01-21 18:37:27.330026
2020-01-11,19:45,40.2,34.9,81.0,0.0,SW@17.0,22.5,0.0,0,39.8,40.1,"Horrigan, Benton County",100129,Horrigan,2020-01-21 18:37:27.330026
2020-01-11,20:00,40.2,34.7,80.5,0.0,SW@15.7,23.5,0.0,0,39.8,40.1,"Horrigan, Benton County",100129,Horrigan,2020-01-21 18:37:27.330026
2020-01-11,20:15,40.1,34.6,80.5,0.0,SW@13.0,17.1,0.0,0,39.8,40.0,"Horrigan, Benton County",100129,Horrigan,2020-01-21 18:37:27.330026
2020-01-11,20:30,40.3,34.4,79.2,0.0,SW@14.5,22.5,0.0,0,39.8,40.1,"Horrigan, Benton County",100129,Horrigan,2020-01-21 18:37:27.330026
2020-01-11,20:45,40.3,34.4,79.1,0.0,SW@16.8,23.2,0.0,0,39.8,40.2,"Horrigan, Benton County",100129,Horrigan,2020-01-21 18:37:27.330026
2020-01-11,21:00,40.5,34.3,78.0,0.0,SW@19.9,28.9,0.0,0,39.8,40.4,"Horrigan, Benton County",100129,Horrigan,2020-01-21 18:37:27.330026
2020-01-11,21:15,40.5,35.1,81.0,0.0,SW@17.6,23.5,0.0,0,39.8,40.3,"Horrigan, Benton County",100129,Horrigan,2020-01-21 18:37:27.330026
2020-01-11,21:30,40.4,36.2,84.6,0.0,SW@16.6,22.5,0.0,0,39.8,40.3,"Horrigan, Benton County",100129,Horrigan,2020-01-21 18:37:27.330026
2020-01-11,21:45,40.0,36.4,86.9,0.0,SW@16.1,21.0,0.0,0,39.8,39.8,"Horrigan, Benton County",100129,Horrigan,2020-01-21 18:37:27.330026
2020-01-11,22:00,40.0,36.5,87.3,0.0,SW@18.7,23.9,0.0,0,39.8,39.8,"Horrigan, Benton County",100129,Horrigan,2020-01-21 18:37:27.330026
2020-01-11,22:15,40.1,36.3,86.2,0.0,SW@18.8,24.3,0.0,0,39.8,40.0,"Horrigan, Benton County",100129,Horrigan,2020-01-21 18:37:27.330026
2020-01-11,22:30,40.5,35.9,83.3,0.0,SW@20.0,25.7,0.0,0,39.8,40.4,"Horrigan, Benton County",100129,Horrigan,2020-01-21 18:37:27.330026
2020-01-11,22:45,40.7,35.7,82.2,0.0,SW@20.1,27.8,0.0,0,39.8,40.6,"Horrigan, Benton County",100129,Horrigan,2020-01-21 18:37:27.330026
2020-01-11,23:00,40.7,35.9,83.1,0.0,SW@20.2,26.4,0.0,0,39.8,40.5,"Horrigan, Benton County",100129,Horrigan,2020-01-21 18:37:27.330026
2020-01-11,23:15,40.4,36.1,84.5,0.0,SW@18.6,25.3,0.0,0,39.8,40.2,"Horrigan, Benton County",100129,Horrigan,2020-01-21 18:37:27.330026
2020-01-11,23:30,40.0,36.2,86.1,0.0,SW@16.3,21.8,0.0,0,39.8,39.8,"Horrigan, Benton County",100129,Horrigan,2020-01-21 18:37:27.330026
2020-01-11,23:45,40.0,36.2,86.3,0.0,SW@13.9,18.5,0.0,0,39.8,39.8,"Horrigan, Benton County",100129,Horrigan,2020-01-21 18:37:27.330026
2020-01-11,24:00,39.9,36.6,87.8,0.0,SW@13.9,19.6,0.0,0,39.8,39.7,"Horrigan, Benton County",100129,Horrigan,2020-01-21 18:37:27.330026
2020-01-12,00:15,40.1,36.5,87.0,0.0,SW@15.7,21.8,0.0,0,39.8,39.9,"Horrigan, Benton County",100129,Horrigan,2020-01-21 18:37:27.330026
2020-01-12,00:30,40.0,36.7,87.7,0.0,SW@15.1,19.2,0.0,0,39.8,39.9,"Horrigan, Benton County",100129,Horrigan,2020-01-21 18:37:27.330026
2020-01-12,00:45,39.7,36.9,89.5,0.0,SW@13.7,19.2,0.0,0,39.8,39.5,"Horrigan, Benton County",100129,Horrigan,2020-01-21 18:37:27.330026
2020-01-12,01:00,39.7,36.9,89.6,0.0,SW@13.5,18.5,0.0,0,39.8,39.5,"Horrigan, Benton County",100129,Horrigan,2020-01-21 18:37:27.330026
2020-01-12,01:15,39.9,36.5,87.7,0.0,SW@13.0,17.1,0.0,0,39.8,39.7,"Horrigan, Benton County",100129,Horrigan,2020-01-21 18:37:27.330026
2020-01-12,01:30,39.4,37.3,92.1,0.0,SW@10.0,14.6,0.0,0,39.8,39.2,"Horrigan, Benton County",100129,Horrigan,2020-01-21 18:37:27.330026
2020-01-12,01:45,39.1,38.2,96.5,0.0,SW@10.5,15.0,0.0,0,39.8,38.9,"Horrigan, Benton County",100129,Horrigan,2020-01-21 18:37:27.330026
2020-01-12,02:00,38.8,38.6,99.2,0.0,SW@11.6,17.1,0.0,0,39.8,38.6,"Horrigan, Benton County",100129,Horrigan,2020-01-21 18:37:27.330026
2020-01-12,02:15,38.6,38.4,99.2,0.0,SW@11.3,16.0,0.0,0,39.8,38.4,"Horrigan, Benton County",100129,Horrigan,2020-01-21 18:37:27.330026
2020-01-12,02:30,38.8,38.6,99.2,0.0,SW@13.3,18.2,0.0,0,39.8,38.7,"Horrigan, Benton County",100129,Horrigan,2020-01-21 18:37:27.330026
2020-01-12,02:45,38.6,38.4,99.2,0.0,SW@9.4,13.9,0.0,0,39.8,38.4,"Horrigan, Benton County",100129,Horrigan,2020-01-21 18:37:27.330026
2020-01-12,03:00,38.4,38.1,99.0,0.0,SW@8.9,13.9,0.0,0,39.8,38.2,"Horrigan, Benton County",100129,Horrigan,2020-01-21 18:37:27.330026
2020-01-12,03:15,38.4,37.9,98.3,0.0,SW@8.7,15.3,0.0,0,39.8,38.2,"Horrigan, Benton County",100129,Horrigan,2020-01-21 18:37:27.330026
2020-01-12,03:30,38.5,38.1,98.6,0.0,SW@10.7,15.3,0.0,0,39.8,38.3,"Horrigan, Benton County",100129,Horrigan,2020-01-21 18:37:27.330026
2020-01-12,03:45,38.9,38.0,96.8,0.0,SW@12.1,17.5,0.0,0,39.8,38.7,"Horrigan, Benton County",100129,Horrigan,2020-01-21 18:37:27.330026
2020-01-12,04:00,39.0,37.9,95.7,0.0,SW@9.7,12.8,0.0,0,39.8,38.8,"Horrigan, Benton County",100129,Horrigan,2020-01-21 18:37:27.330026
2020-01-12,04:15,39.2,38.2,96.3,0.0,SW@9.7,13.5,0.0,0,39.8,39.0,"Horrigan, Benton County",100129,Horrigan,2020-01-21 18:37:27.330026
2020-01-12,04:30,39.7,38.2,94.4,0.0,SW@12.6,21.4,0.0,0,39.8,39.5,"Horrigan, Benton County",100129,Horrigan,2020-01-21 18:37:27.330026
2020-01-12,04:45,39.5,38.6,96.6,0.0,SW@14.7,21.4,0.0,0,39.7,39.3,"Horrigan, Benton County",100129,Horrigan,2020-01-21 18:37:27.330026
2020-01-12,05:00,38.8,38.6,99.2,0.0,SW@10.7,14.6,0.0,0,39.7,38.6,"Horrigan, Benton County",100129,Horrigan,2020-01-21 18:37:27.330026
2020-01-12,05:15,37.7,37.6,99.3,0.0,SW@7.9,13.2,0.0,0,39.7,37.5,"Horrigan, Benton County",100129,Horrigan,2020-01-21 18:37:27.330026
2020-01-12,05:30,37.1,36.9,99.3,0.0,SW@4.3,6.4,0.0,0,39.7,36.8,"Horrigan, Benton County",100129,Horrigan,2020-01-21 18:37:27.330026
2020-01-12,05:45,36.9,36.8,99.3,0.0,SW@1.0,4.9,0.0,0,39.7,36.7,"Horrigan, Benton County",100129,Horrigan,2020-01-21 18:37:27.330026
2020-01-12,06:00,36.4,36.3,99.4,0.0,S@3.7,5.7,0.0,0,39.7,36.2,"Horrigan, Benton County",100129,Horrigan,2020-01-21 18:37:27.330026
2020-01-12,06:15,36.1,36.0,99.4,0.0,S@3.7,5.7,0.0,0,39.7,35.9,"Horrigan, Benton County",100129,Horrigan,2020-01-21 18:37:27.330026
2020-01-12,06:30,35.3,35.2,99.5,0.0,S@4.7,7.4,0.0,0,39.7,35.1,"Horrigan, Benton County",100129,Horrigan,2020-01-21 18:37:27.330026
2020-01-12,06:45,34.8,34.7,99.6,0.0,S@2.3,6.0,0.01,0,39.7,34.5,"Horrigan, Benton County",100129,Horrigan,2020-01-21 18:37:27.330026
2020-01-12,07:00,35.0,35.0,99.6,0.0,S@2.4,4.6,0.01,0,39.7,34.8,"Horrigan, Benton County",100129,Horrigan,2020-01-21 18:37:27.330026
2020-01-12,07:15,35.2,35.1,99.6,0.0,SE@3.3,11.7,0.02,0,39.6,35.0,"Horrigan, Benton County",100129,Horrigan,2020-01-21 18:37:27.330026
2020-01-12,07:30,37.5,37.4,99.4,0.0,SW@9.2,16.4,0.02,0,39.6,37.4,"Horrigan, Benton County",100129,Horrigan,2020-01-21 18:37:27.330026
2020-01-12,07:45,36.3,36.2,99.5,0.0,S@6.8,9.6,0.02,2,39.6,36.1,"Horrigan, Benton County",100129,Horrigan,2020-01-21 18:37:27.330026
2020-01-12,08:00,36.5,36.4,99.5,0.0,S@6.8,8.9,0.02,6,39.6,36.3,"Horrigan, Benton County",100129,Horrigan,2020-01-21 18:37:27.330026
2020-01-12,08:15,36.7,36.6,99.5,0.0,S@8.1,11.4,0.02,15,39.6,36.5,"Horrigan, Benton County",100129,Horrigan,2020-01-21 18:37:27.330026
2020-01-12,08:30,36.6,36.5,99.5,0.0,SW@8.5,11.4,0.02,32,39.6,36.4,"Horrigan, Benton County",100129,Horrigan,2020-01-21 18:37:27.330026
2020-01-12,08:45,37.7,37.6,99.5,0.0,SW@8.7,11.7,0.02,43,39.5,37.6,"Horrigan, Benton County",100129,Horrigan,2020-01-21 18:37:27.330026
2020-01-12,09:00,39.2,39.0,99.3,0.0,SW@9.7,15.7,0.02,32,39.5,39.0,"Horrigan, Benton County",100129,Horrigan,2020-01-21 18:37:27.330026
2020-01-12,09:15,40.6,40.0,97.9,0.0,SW@11.4,16.7,0.01,40,39.5,40.4,"Horrigan, Benton County",100129,Horrigan,2020-01-21 18:37:27.330026
2020-01-12,09:30,40.3,39.8,97.8,0.0,S@12.9,17.1,0.01,46,39.5,40.1,"Horrigan, Benton County",100129,Horrigan,2020-01-21 18:37:27.330026
2020-01-12,09:45,39.6,39.4,99.3,0.0,S@10.5,14.6,0.0,50,39.5,39.4,"Horrigan, Benton County",100129,Horrigan,2020-01-21 18:37:27.330026
2020-01-12,10:00,39.8,39.7,99.3,0.0,S@10.7,14.6,0.0,52,39.5,39.7,"Horrigan, Benton County",100129,Horrigan,2020-01-21 18:37:27.330026
2020-01-12,10:15,40.2,40.0,99.3,0.0,S@7.1,11.0,0.0,88,39.5,40.0,"Horrigan, Benton County",100129,Horrigan,2020-01-21 18:37:27.330026
2020-01-12,10:30,43.1,41.6,94.1,0.0,S@9.1,14.2,0.0,358,39.4,42.8,"Horrigan, Benton County",100129,Horrigan,2020-01-21 18:37:27.330026
2020-01-12,10:45,44.1,39.9,85.1,0.0,SW@12.6,19.2,0.0,83,39.4,43.9,"Horrigan, Benton County",100129,Horrigan,2020-01-21 18:37:27.330026
2020-01-12,11:00,43.5,40.0,87.1,0.0,SW@14.8,23.9,0.0,44,39.4,43.4,"Horrigan, Benton County",100129,Horrigan,2020-01-21 18:37:27.330026
2020-01-12,11:15,43.0,41.0,92.6,0.0,SW@14.3,23.9,0.0,48,39.4,42.8,"Horrigan, Benton County",100129,Horrigan,2020-01-21 18:37:27.330026
2020-01-12,11:30,43.1,41.6,94.3,0.0,SW@20.0,31.8,0.0,78,39.4,42.9,"Horrigan, Benton County",100129,Horrigan,2020-01-21 18:37:27.330026
2020-01-12,11:45,41.5,41.3,99.4,0.0,SW@19.0,28.2,0.0,99,39.5,41.3,"Horrigan, Benton County",100129,Horrigan,2020-01-21 18:37:27.330026
2020-01-12,12:00,42.7,42.5,99.4,0.0,SW@16.6,22.1,0.0,362,39.5,42.4,"Horrigan, Benton County",100129,Horrigan,2020-01-21 18:37:27.330026
2020-01-12,12:15,44.4,44.3,99.3,0.0,SW@18.5,24.6,0.0,432,39.5,44.1,"Horrigan, Benton County",100129,Horrigan,2020-01-21 18:37:27.330026
2020-01-12,12:30,44.2,44.0,99.3,0.0,SW@19.8,27.8,0.0,178,39.6,43.9,"Horrigan, Benton County",100129,Horrigan,2020-01-21 18:37:27.330026
2020-01-12,12:45,44.4,44.2,99.1,0.0,SW@18.5,26.0,0.0,97,39.6,44.2,"Horrigan, Benton County",100129,Horrigan,2020-01-21 18:37:27.330026
2020-01-12,13:00,44.2,43.4,97.1,0.0,SW@18.6,25.7,0.0,118,39.6,44.0,"Horrigan, Benton County",100129,Horrigan,2020-01-21 18:37:27.330026
2020-01-12,13:15,44.5,43.2,95.0,0.0,SW@18.3,24.6,0.0,169,39.7,44.3,"Horrigan, Benton County",100129,Horrigan,2020-01-21 18:37:27.330026
2020-01-12,13:30,44.4,42.5,92.8,0.0,SW@18.0,23.2,0.0,113,39.7,44.2,"Horrigan, Benton County",100129,Horrigan,2020-01-21 18:37:27.330026
2020-01-12,13:45,44.0,40.9,89.0,0.0,SW@19.9,28.2,0.0,94,39.8,43.8,"Horrigan, Benton County",100129,Horrigan,2020-01-21 18:37:27.330026
2020-01-12,14:00,43.5,39.7,86.2,0.0,SW@22.2,33.9,0.0,56,39.8,43.3,"Horrigan, Benton County",100129,Horrigan,2020-01-21 18:37:27.330026
2020-01-12,14:15,43.0,40.1,89.3,0.0,SW@20.8,29.6,0.0,33,39.9,42.8,"Horrigan, Benton County",100129,Horrigan,2020-01-21 18:37:27.330026
2020-01-12,14:30,42.7,40.4,91.5,0.0,SW@18.5,26.4,0.0,84,40.0,42.6,"Horrigan, Benton County",100129,Horrigan,2020-01-21 18:37:27.330026
2020-01-12,14:45,43.1,39.5,86.7,0.0,SW@17.6,26.0,0.0,85,40.0,43.0,"Horrigan, Benton County",100129,Horrigan,2020-01-21 18:37:27.330026
2020-01-12,15:00,43.0,38.4,83.7,0.0,SW@22.1,31.4,0.0,131,40.1,42.8,"Horrigan, Benton County",100129,Horrigan,2020-01-21 18:37:27.330026
2020-01-12,15:15,43.4,37.8,80.6,0.0,SW@22.3,32.1,0.0,180,40.2,43.0,"Horrigan, Benton County",100129,Horrigan,2020-01-21 18:37:27.330026
2020-01-12,15:30,42.7,39.3,87.7,0.0,SW@19.3,26.8,0.0,138,40.2,42.3,"Horrigan, Benton County",100129,Horrigan,2020-01-21 18:37:27.330026
2020-01-12,15:45,41.7,40.2,94.4,0.0,SW@17.8,22.5,0.0,100,40.3,41.4,"Horrigan, Benton County",100129,Horrigan,2020-01-21 18:37:27.330026
2020-01-12,16:00,41.7,37.1,83.5,0.0,SW@17.2,24.6,0.0,83,40.3,41.4,"Horrigan, Benton County",100129,Horrigan,2020-01-21 18:37:27.330026
2020-01-12,16:15,40.9,37.2,86.5,0.0,SW@14.5,19.6,0.0,59,40.4,40.6,"Horrigan, Benton County",100129,Horrigan,2020-01-21 18:37:27.330026
2020-01-12,16:30,40.0,37.2,89.7,0.0,SW@9.3,16.0,0.0,25,40.4,39.8,"Horrigan, Benton County",100129,Horrigan,2020-01-21 18:37:27.330026
2020-01-12,16:45,38.9,36.2,89.7,0.0,SW@9.3,15.7,0.0,6,40.4,38.7,"Horrigan, Benton County",100129,Horrigan,2020-01-21 18:37:27.330026
2020-01-12,17:00,38.8,34.9,85.9,0.0,SW@12.9,18.5,0.0,1,40.5,38.6,"Horrigan, Benton County",100129,Horrigan,2020-01-21 18:37:27.330026
2020-01-12,17:15,38.9,31.7,75.0,0.0,SW@13.6,17.5,0.0,0,40.5,38.7,"Horrigan, Benton County",100129,Horrigan,2020-01-21 18:37:27.330026
2020-01-12,17:30,38.0,31.1,76.2,0.0,SW@12.5,16.7,0.0,0,40.5,37.8,"Horrigan, Benton County",100129,Horrigan,2020-01-21 18:37:27.330026
2020-01-12,17:45,37.7,31.4,77.5,0.0,SW@14.3,20.3,0.0,0,40.5,37.6,"Horrigan, Benton County",100129,Horrigan,2020-01-21 18:37:27.330026
2020-01-12,18:00,37.0,30.6,77.7,0.0,SW@11.3,15.7,0.0,0,40.5,36.8,"Horrigan, Benton County",100129,Horrigan,2020-01-21 18:37:27.330026
2020-01-12,18:15,35.9,29.2,76.3,0.0,SW@10.3,15.3,0.0,0,40.5,35.7,"Horrigan, Benton County",100129,Horrigan,2020-01-21 18:37:27.330026
2020-01-12,18:30,35.6,28.3,74.7,0.0,SW@11.4,16.7,0.0,0,40.5,35.4,"Horrigan, Benton County",100129,Horrigan,2020-01-21 18:37:27.330026
2020-01-12,18:45,35.9,27.7,71.7,0.0,SW@12.9,20.3,0.0,0,40.5,35.8,"Horrigan, Benton County",100129,Horrigan,2020-01-21 18:37:27.330026
2020-01-12,19:00,36.4,28.6,73.2,0.0,SW@15.0,24.3,0.0,0,40.5,36.2,"Horrigan, Benton County",100129,Horrigan,2020-01-21 18:37:27.330026
2020-01-12,19:15,36.6,29.4,74.9,0.0,W@14.2,23.9,0.0,0,40.4,36.4,"Horrigan, Benton County",100129,Horrigan,2020-01-21 18:37:27.330026
2020-01-12,19:30,35.8,31.2,83.1,0.0,SW@18.6,26.0,0.0,0,40.4,35.6,"Horrigan, Benton County",100129,Horrigan,2020-01-21 18:37:27.330026
2020-01-12,19:45,35.5,32.3,88.1,0.0,SW@16.8,23.2,0.0,0,40.4,35.3,"Horrigan, Benton County",100129,Horrigan,2020-01-21 18:37:27.330026
2020-01-12,20:00,35.2,34.0,95.4,0.0,SW@18.3,24.3,0.0,0,40.3,35.0,"Horrigan, Benton County",100129,Horrigan,2020-01-21 18:37:27.330026
2020-01-12,20:15,34.9,34.1,96.9,0.0,SW@16.8,21.8,0.0,0,40.3,34.7,"Horrigan, Benton County",100129,Horrigan,2020-01-21 18:37:27.330026
2020-01-12,20:30,34.6,33.6,96.0,0.0,SW@13.8,19.2,0.0,0,40.2,34.4,"Horrigan, Benton County",100129,Horrigan,2020-01-21 18:37:27.330026
2020-01-12,20:45,33.7,33.4,98.7,0.0,SW@12.5,16.7,0.0,0,40.2,33.6,"Horrigan, Benton County",100129,Horrigan,2020-01-21 18:37:27.330026
2020-01-12,21:00,33.3,33.1,99.3,0.0,SW@13.1,17.1,0.0,0,40.1,33.1,"Horrigan, Benton County",100129,Horrigan,2020-01-21 18:37:27.330026
2020-01-12,21:15,34.0,33.0,96.3,0.0,SW@15.8,23.2,0.0,0,40.1,33.8,"Horrigan, Benton County",100129,Horrigan,2020-01-21 18:37:27.330026
2020-01-12,21:30,34.1,31.8,91.0,0.0,SW@16.3,22.8,0.0,0,40.0,33.9,"Horrigan, Benton County",100129,Horrigan,2020-01-21 18:37:27.330026
2020-01-12,21:45,33.4,32.6,97.0,0.0,SW@14.5,22.1,0.0,0,40.0,33.2,"Horrigan, Benton County",100129,Horrigan,2020-01-21 18:37:27.330026
2020-01-12,22:00,33.4,32.1,94.9,0.0,SW@13.8,20.3,0.0,0,39.9,33.2,"Horrigan, Benton County",100129,Horrigan,2020-01-21 18:37:27.330026
2020-01-12,22:15,32.7,32.5,99.2,0.0,SW@11.5,15.3,0.0,0,39.9,32.5,"Horrigan, Benton County",100129,Horrigan,2020-01-21 18:37:27.330026
2020-01-12,22:30,32.8,31.6,95.0,0.0,SW@12.0,18.2,0.0,0,39.8,32.7,"Horrigan, Benton County",100129,Horrigan,2020-01-21 18:37:27.330026
2020-01-12,22:45,33.0,30.6,90.9,0.0,SW@10.9,16.0,0.0,0,39.8,32.8,"Horrigan, Benton County",100129,Horrigan,2020-01-21 18:37:27.330026
2020-01-12,23:00,32.8,30.4,90.9,0.0,SW@9.2,15.3,0.0,0,39.8,32.6,"Horrigan, Benton County",100129,Horrigan,2020-01-21 18:37:27.330026
2020-01-12,23:15,33.6,29.8,86.1,0.0,SW@14.4,18.2,0.0,0,39.7,33.4,"Horrigan, Benton County",100129,Horrigan,2020-01-21 18:37:27.330026
2020-01-12,23:30,33.7,30.6,88.3,0.0,SW@15.5,21.4,0.0,0,39.7,33.6,"Horrigan, Benton County",100129,Horrigan,2020-01-21 18:37:27.330026
2020-01-12,23:45,34.4,31.0,87.2,0.0,SW@18.2,23.2,0.0,0,39.6,34.2,"Horrigan, Benton County",100129,Horrigan,2020-01-21 18:37:27.330026
2020-01-12,24:00,34.3,31.2,88.3,0.0,SW@18.5,24.6,0.0,0,39.6,34.1,"Horrigan, Benton County",100129,Horrigan,2020-01-21 18:37:27.330026
2020-01-13,00:15,33.5,32.4,95.7,0.0,SW@14.7,21.0,0.0,0,39.5,33.3,"Horrigan, Benton County",100129,Horrigan,2020-01-21 18:37:27.330026
2020-01-13,00:30,32.6,32.5,99.3,0.0,SW@12.5,17.1,0.0,0,39.5,32.4,"Horrigan, Benton County",100129,Horrigan,2020-01-21 18:37:27.330026
2020-01-13,00:45,32.3,32.1,99.6,0.0,SW@10.1,13.5,0.0,0,39.4,32.0,"Horrigan, Benton County",100129,Horrigan,2020-01-21 18:37:27.330026
2020-01-13,01:00,31.7,31.4,99.7,0.0,SW@9.7,13.5,0.05,0,39.4,31.4,"Horrigan, Benton County",100129,Horrigan,2020-01-21 18:37:27.330026
2020-01-13,01:15,31.3,31.1,99.8,0.0,SW@8.4,11.7,0.06,0,39.3,31.1,"Horrigan, Benton County",100129,Horrigan,2020-01-21 18:37:27.330026
2020-01-13,01:30,31.1,30.8,99.9,0.0,SW@8.8,11.7,0.07,0,39.3,30.8,"Horrigan, Benton County",100129,Horrigan,2020-01-21 18:37:27.330026
2020-01-13,01:45,31.2,30.9,99.9,0.0,SW@9.2,12.8,0.07,0,39.3,31.0,"Horrigan, Benton County",100129,Horrigan,2020-01-21 18:37:27.330026
2020-01-13,02:00,31.1,30.9,100.0,0.0,SW@7.5,10.7,0.08,0,39.2,30.9,"Horrigan, Benton County",100129,Horrigan,2020-01-21 18:37:27.330026
2020-01-13,02:15,30.5,30.2,100.0,0.0,SW@6.4,8.9,0.07,0,39.2,30.3,"Horrigan, Benton County",100129,Horrigan,2020-01-21 18:37:27.330026
2020-01-13,02:30,29.6,29.2,100.0,0.0,SW@5.9,7.8,0.06,0,39.1,29.4,"Horrigan, Benton County",100129,Horrigan,2020-01-21 18:37:27.330026
2020-01-13,02:45,29.3,28.8,100.0,0.0,SW@7.1,8.9,0.06,0,39.1,29.1,"Horrigan, Benton County",100129,Horrigan,2020-01-21 18:37:27.330026
2020-01-13,03:00,28.7,28.0,99.9,0.0,SW@4.6,7.4,0.06,0,39.1,28.4,"Horrigan, Benton County",100129,Horrigan,2020-01-21 18:37:27.330026
2020-01-13,03:15,28.8,28.2,99.8,0.0,SW@6.1,7.4,0.06,0,39.0,28.6,"Horrigan, Benton County",100129,Horrigan,2020-01-21 18:37:27.330026
2020-01-13,03:30,28.4,27.7,99.7,0.0,NW@3.9,6.7,0.05,0,39.0,28.1,"Horrigan, Benton County",100129,Horrigan,2020-01-21 18:37:27.330026
2020-01-13,03:45,27.7,26.8,99.4,0.0,N@3.0,6.0,0.04,0,38.9,27.3,"Horrigan, Benton County",100129,Horrigan,2020-01-21 18:37:27.330026
2020-01-13,04:00,29.0,28.3,99.2,0.0,S@2.1,8.5,0.05,0,38.9,28.8,"Horrigan, Benton County",100129,Horrigan,2020-01-21 18:37:27.330026
2020-01-13,04:15,31.2,28.2,89.3,0.0,W@0.4,4.2,0.05,0,38.9,30.9,"Horrigan, Benton County",100129,Horrigan,2020-01-21 18:37:27.330026
2020-01-13,04:30,30.2,28.1,93.4,0.0,W@2.0,5.7,0.05,0,38.8,29.9,"Horrigan, Benton County",100129,Horrigan,2020-01-21 18:37:27.330026
2020-01-13,04:45,29.4,28.7,99.2,0.0,W@5.0,8.2,0.04,0,38.8,29.2,"Horrigan, Benton County",100129,Horrigan,2020-01-21 18:37:27.330026
2020-01-13,05:00,29.5,28.8,99.3,0.0,W@5.9,8.9,0.03,0,38.7,29.2,"Horrigan, Benton County",100129,Horrigan,2020-01-21 18:37:27.330026
2020-01-13,05:15,28.6,27.8,99.2,0.0,NW@5.2,7.8,0.03,0,38.7,28.4,"Horrigan, Benton County",100129,Horrigan,2020-01-21 18:37:27.330026
2020-01-13,05:30,29.0,28.3,99.2,0.0,NW@5.3,9.6,0.02,0,38.7,28.8,"Horrigan, Benton County",100129,Horrigan,2020-01-21 18:37:27.330026
2020-01-13,05:45,30.4,29.0,95.8,0.0,W@5.3,7.1,0.02,0,38.6,30.2,"Horrigan, Benton County",100129,Horrigan,2020-01-21 18:37:27.330026
2020-01-13,06:00,29.6,28.8,98.7,0.0,S@0.5,3.5,0.02,0,38.6,29.3,"Horrigan, Benton County",100129,Horrigan,2020-01-21 18:37:27.330026
2020-01-13,06:15,30.1,28.6,95.8,0.0,S@2.5,5.3,0.02,0,38.6,29.8,"Horrigan, Benton County",100129,Horrigan,2020-01-21 18:37:27.330026
2020-01-13,06:30,29.0,28.3,99.2,0.0,E@2.1,4.6,0.02,0,38.5,28.7,"Horrigan, Benton County",100129,Horrigan,2020-01-21 18:37:27.330026
2020-01-13,06:45,27.6,26.7,99.3,0.0,NE@4.1,6.0,0.02,0,38.5,27.2,"Horrigan, Benton County",100129,Horrigan,2020-01-21 18:37:27.330026
2020-01-13,07:00,26.5,25.4,99.3,0.0,N @4.2,5.3,0.02,0,38.4,26.2,"Horrigan, Benton County",100129,Horrigan,2020-01-21 18:37:27.330026
2020-01-13,07:15,27.2,26.2,99.3,0.0,N @1.8,4.9,0.02,0,38.4,26.9,"Horrigan, Benton County",100129,Horrigan,2020-01-21 18:37:27.330026
2020-01-13,07:30,27.4,26.5,99.3,0.0,NE@4.8,6.4,0.02,0,38.4,27.2,"Horrigan, Benton County",100129,Horrigan,2020-01-21 18:37:27.330026
2020-01-13,07:45,27.1,26.2,99.4,0.0,NE@5.2,7.1,0.02,3,38.3,26.9,"Horrigan, Benton County",100129,Horrigan,2020-01-21 18:37:27.330026
2020-01-13,08:00,27.6,26.7,99.5,0.0,NE@6.2,8.5,0.02,6,38.3,27.4,"Horrigan, Benton County",100129,Horrigan,2020-01-21 18:37:27.330026
2020-01-13,08:15,28.1,27.3,99.5,0.0,N @5.2,6.7,0.02,9,38.3,27.9,"Horrigan, Benton County",100129,Horrigan,2020-01-21 18:37:27.330026
2020-01-13,08:30,28.6,27.9,99.5,0.0,NE@5.5,7.1,0.02,19,38.2,28.4,"Horrigan, Benton County",100129,Horrigan,2020-01-21 18:37:27.330026
2020-01-13,08:45,29.4,28.8,99.5,0.0,NE@5.0,6.7,0.02,63,38.2,29.1,"Horrigan, Benton County",100129,Horrigan,2020-01-21 18:37:27.330026
2020-01-13,09:00,30.6,30.2,99.6,0.0,NE@5.0,7.1,0.02,109,38.2,30.3,"Horrigan, Benton County",100129,Horrigan,2020-01-21 18:37:27.330026
2020-01-13,09:15,31.4,31.1,99.5,0.0,NE@6.2,8.5,0.02,100,38.1,31.1,"Horrigan, Benton County",100129,Horrigan,2020-01-21 18:37:27.330026
2020-01-13,09:30,30.8,30.3,99.4,0.0,NE@8.8,11.4,0.02,219,38.1,30.5,"Horrigan, Benton County",100129,Horrigan,2020-01-21 18:37:27.330026
2020-01-13,09:45,29.9,29.3,99.3,0.0,NE@10.3,13.2,0.01,185,38.1,29.5,"Horrigan, Benton County",100129,Horrigan,2020-01-21 18:37:27.330026
2020-01-13,10:00,28.9,28.1,99.2,0.0,NE@9.9,13.2,0.01,157,38.0,28.6,"Horrigan, Benton County",100129,Horrigan,2020-01-21 18:37:27.330026
2020-01-13,10:15,28.5,27.1,96.6,0.0,NE@10.7,14.6,0.0,171,38.0,28.2,"Horrigan, Benton County",100129,Horrigan,2020-01-21 18:37:27.330026
2020-01-13,10:30,27.5,23.7,88.2,0.0,NE@11.2,14.6,0.0,174,38.0,27.2,"Horrigan, Benton County",100129,Horrigan,2020-01-21 18:37:27.330026
2020-01-13,10:45,27.9,22.7,83.2,0.0,NE@10.8,14.2,0.0,184,37.9,27.6,"Horrigan, Benton County",100129,Horrigan,2020-01-21 18:37:27.330026
2020-01-13,11:00,27.9,21.3,78.2,0.0,NE@11.2,15.0,0.0,162,37.9,27.6,"Horrigan, Benton County",100129,Horrigan,2020-01-21 18:37:27.330026
2020-01-13,11:15,27.9,20.3,74.9,0.0,NE@11.2,13.9,0.0,160,37.9,27.7,"Horrigan, Benton County",100129,Horrigan,2020-01-21 18:37:27.330026
2020-01-13,11:30,28.1,19.4,71.6,0.0,NE@11.7,15.7,0.0,148,37.9,27.9,"Horrigan, Benton County",100129,Horrigan,2020-01-21 18:37:27.330026
2020-01-13,11:45,28.3,18.9,69.3,0.0,NE@9.9,13.5,0.0,141,37.9,28.1,"Horrigan, Benton County",100129,Horrigan,2020-01-21 18:37:27.330026
2020-01-13,12:00,28.1,18.1,67.6,0.0,NE@11.6,15.0,0.0,149,37.8,27.9,"Horrigan, Benton County",100129,Horrigan,2020-01-21 18:37:27.330026
2020-01-13,12:15,27.9,17.6,66.9,0.0,NE@11.5,16.4,0.0,129,37.8,27.6,"Horrigan, Benton County",100129,Horrigan,2020-01-21 18:37:27.330026
2020-01-13,12:30,27.0,16.3,65.9,0.0,NE@12.7,17.1,0.0,108,37.8,26.8,"Horrigan, Benton County",100129,Horrigan,2020-01-21 18:37:27.330026
2020-01-13,12:45,26.2,14.7,63.8,0.0,NE@13.0,17.1,0.0,99,37.8,26.0,"Horrigan, Benton County",100129,Horrigan,2020-01-21 18:37:27.330026
2020-01-13,13:00,26.5,15.3,64.3,0.0,NE@12.6,17.1,0.0,89,37.8,26.3,"Horrigan, Benton County",100129,Horrigan,2020-01-21 18:37:27.330026
2020-01-13,13:15,25.5,12.8,60.4,0.0,NE@13.8,18.5,0.0,58,37.7,25.3,"Horrigan, Benton County",100129,Horrigan,2020-01-21 18:37:27.330026
2020-01-13,13:30,25.5,12.6,60.0,0.0,NE@12.5,17.5,0.0,70,37.7,25.3,"Horrigan, Benton County",100129,Horrigan,2020-01-21 18:37:27.330026
2020-01-13,13:45,25.1,13.1,62.6,0.0,NE@13.1,17.8,0.0,52,37.7,24.8,"Horrigan, Benton County",100129,Horrigan,2020-01-21 18:37:27.330026
2020-01-13,14:00,23.6,15.9,75.8,0.0,NE@13.5,18.9,0.0,58,37.7,23.3,"Horrigan, Benton County",100129,Horrigan,2020-01-21 18:37:27.330026
2020-01-13,14:15,21.9,20.0,98.2,0.0,NE@13.1,18.2,0.0,61,37.7,21.6,"Horrigan, Benton County",100129,Horrigan,2020-01-21 18:37:27.330026
2020-01-13,14:30,21.8,20.2,99.3,0.0,NE@12.7,17.8,0.0,63,37.7,21.6,"Horrigan, Benton County",100129,Horrigan,2020-01-21 18:37:27.330026
2020-01-13,14:45,21.9,20.3,99.3,0.0,NE@12.7,18.5,0.0,60,37.7,21.7,"Horrigan, Benton County",100129,Horrigan,2020-01-21 18:37:27.330026
2020-01-13,15:00,21.7,20.1,99.3,0.0,NE@12.9,17.1,0.0,55,37.6,21.5,"Horrigan, Benton County",100129,Horrigan,2020-01-21 18:37:27.330026
2020-01-13,15:15,21.4,19.8,99.4,0.0,NE@12.9,18.5,0.0,47,37.6,21.2,"Horrigan, Benton County",100129,Horrigan,2020-01-21 18:37:27.330026
2020-01-13,15:30,21.2,19.6,99.4,0.0,NE@13.4,18.9,0.0,37,37.6,21.0,"Horrigan, Benton County",100129,Horrigan,2020-01-21 18:37:27.330026
2020-01-13,15:45,21.3,19.6,99.4,0.0,NE@11.2,15.0,0.0,29,37.6,21.0,"Horrigan, Benton County",100129,Horrigan,2020-01-21 18:37:27.330026
2020-01-13,16:00,20.8,19.1,99.4,0.0,NE@13.9,20.0,0.0,25,37.6,20.5,"Horrigan, Benton County",100129,Horrigan,2020-01-21 18:37:27.330026
2020-01-13,16:15,20.4,18.7,99.4,0.0,NE@13.0,16.7,0.0,16,37.6,20.2,"Horrigan, Benton County",100129,Horrigan,2020-01-21 18:37:27.330026
2020-01-13,16:30,20.2,18.4,99.4,0.0,NE@12.9,17.5,0.0,8,37.6,19.9,"Horrigan, Benton County",100129,Horrigan,2020-01-21 18:37:27.330026
2020-01-13,16:45,19.9,18.1,99.4,0.0,NE@11.9,16.7,0.0,3,37.5,19.7,"Horrigan, Benton County",100129,Horrigan,2020-01-21 18:37:27.330026
2020-01-13,17:00,20.0,18.3,99.4,0.0,NE@11.5,16.0,0.0,0,37.5,19.8,"Horrigan, Benton County",100129,Horrigan,2020-01-21 18:37:27.330026
2020-01-13,17:15,20.0,18.2,99.4,0.0,NE@11.9,17.5,0.0,0,37.5,19.8,"Horrigan, Benton County",100129,Horrigan,2020-01-21 18:37:27.330026
2020-01-13,17:30,20.1,18.3,99.3,0.0,NE@12.0,16.0,0.0,0,37.5,19.9,"Horrigan, Benton County",100129,Horrigan,2020-01-21 18:37:27.330026
2020-01-13,17:45,20.4,18.6,99.2,0.0,NE@12.5,16.7,0.0,0,37.5,20.2,"Horrigan, Benton County",100129,Horrigan,2020-01-21 18:37:27.330026
2020-01-13,18:00,20.2,18.4,99.2,0.0,NE@13.0,17.5,0.0,0,37.5,20.0,"Horrigan, Benton County",100129,Horrigan,2020-01-21 18:37:27.330026
2020-01-13,18:15,19.8,17.9,99.2,0.0,NE@13.5,18.5,0.0,0,37.5,19.6,"Horrigan, Benton County",100129,Horrigan,2020-01-21 18:37:27.330026
2020-01-13,18:30,19.8,17.9,99.2,0.0,NE@12.7,17.1,0.0,0,37.5,19.6,"Horrigan, Benton County",100129,Horrigan,2020-01-21 18:37:27.330026
2020-01-13,18:45,19.7,17.8,99.2,0.0,NE@13.3,18.9,0.0,0,37.4,19.5,"Horrigan, Benton County",100129,Horrigan,2020-01-21 18:37:27.330026
2020-01-13,19:00,19.2,17.3,99.2,0.0,NE@12.8,18.2,0.0,0,37.4,19.0,"Horrigan, Benton County",100129,Horrigan,2020-01-21 18:37:27.330026
2020-01-13,19:15,19.1,17.1,98.9,0.0,NE@12.8,17.1,0.0,0,37.4,18.9,"Horrigan, Benton County",100129,Horrigan,2020-01-21 18:37:27.330026
2020-01-13,19:30,19.3,16.2,94.2,0.0,NE@12.7,16.7,0.0,0,37.4,19.1,"Horrigan, Benton County",100129,Horrigan,2020-01-21 18:37:27.330026
2020-01-13,19:45,19.2,15.6,92.1,0.0,NE@12.8,16.7,0.0,0,37.4,19.0,"Horrigan, Benton County",100129,Horrigan,2020-01-21 18:37:27.330026
2020-01-13,20:00,18.8,15.8,94.6,0.0,NE@13.0,17.5,0.0,0,37.4,18.6,"Horrigan, Benton County",100129,Horrigan,2020-01-21 18:37:27.330026
2020-01-13,20:15,18.6,16.2,97.4,0.0,NE@13.0,17.1,0.0,0,37.4,18.3,"Horrigan, Benton County",100129,Horrigan,2020-01-21 18:37:27.330026
2020-01-13,20:30,18.3,16.2,99.1,0.0,NE@12.2,16.4,0.0,0,37.4,18.0,"Horrigan, Benton County",100129,Horrigan,2020-01-21 18:37:27.330026
2020-01-13,20:45,18.0,16.0,99.2,0.0,NE@11.0,14.2,0.0,0,37.3,17.8,"Horrigan, Benton County",100129,Horrigan,2020-01-21 18:37:27.330026
2020-01-13,21:00,18.1,16.0,99.2,0.0,NE@10.7,13.9,0.0,0,37.3,17.8,"Horrigan, Benton County",100129,Horrigan,2020-01-21 18:37:27.330026
2020-01-13,21:15,18.2,16.1,99.2,0.0,NE@10.3,14.2,0.0,0,37.3,17.9,"Horrigan, Benton County",100129,Horrigan,2020-01-21 18:37:27.330026
2020-01-13,21:30,18.1,16.0,99.2,0.0,NE@10.0,13.9,0.0,0,37.3,17.8,"Horrigan, Benton County",100129,Horrigan,2020-01-21 18:37:27.330026
2020-01-13,21:45,17.8,15.8,99.3,0.0,NE@9.5,13.5,0.0,0,37.3,17.6,"Horrigan, Benton County",100129,Horrigan,2020-01-21 18:37:27.330026
2020-01-13,22:00,17.9,15.9,99.3,0.0,NE@9.3,13.5,0.0,0,37.3,17.7,"Horrigan, Benton County",100129,Horrigan,2020-01-21 18:37:27.330026
2020-01-13,22:15,18.0,16.0,99.3,0.0,NE@8.4,11.7,0.0,0,37.3,17.8,"Horrigan, Benton County",100129,Horrigan,2020-01-21 18:37:27.330026
2020-01-13,22:30,18.0,16.0,99.4,0.0,NE@7.2,10.3,0.0,0,37.3,17.7,"Horrigan, Benton County",100129,Horrigan,2020-01-21 18:37:27.330026
2020-01-13,22:45,17.7,15.7,99.4,0.0,NE@6.0,7.4,0.0,0,37.2,17.5,"Horrigan, Benton County",100129,Horrigan,2020-01-21 18:37:27.330026
2020-01-13,23:00,17.6,15.6,99.4,0.0,NE@5.4,7.4,0.0,0,37.2,17.4,"Horrigan, Benton County",100129,Horrigan,2020-01-21 18:37:27.330026
2020-01-13,23:15,17.5,15.4,99.4,0.0,E@6.4,8.5,0.0,0,37.2,17.2,"Horrigan, Benton County",100129,Horrigan,2020-01-21 18:37:27.330026
2020-01-13,23:30,17.2,15.1,99.4,0.0,NE@5.8,8.2,0.0,0,37.2,16.9,"Horrigan, Benton County",100129,Horrigan,2020-01-21 18:37:27.330026
2020-01-13,23:45,17.2,15.1,99.4,0.0,NE@4.4,5.7,0.0,0,37.2,16.9,"Horrigan, Benton County",100129,Horrigan,2020-01-21 18:37:27.330026
2020-01-13,24:00,17.4,15.3,99.4,0.0,E@6.1,7.8,0.0,0,37.2,17.1,"Horrigan, Benton County",100129,Horrigan,2020-01-21 18:37:27.330026
2020-01-14,00:15,17.4,15.4,99.3,0.0,E@5.6,7.8,0.0,0,37.2,17.2,"Horrigan, Benton County",100129,Horrigan,2020-01-21 18:37:27.330026
2020-01-14,00:30,17.6,15.6,99.3,0.0,E@2.7,6.4,0.0,0,37.2,17.4,"Horrigan, Benton County",100129,Horrigan,2020-01-21 18:37:27.330026
2020-01-14,00:45,17.4,15.4,99.3,0.0,E@4.8,7.4,0.0,0,37.2,17.2,"Horrigan, Benton County",100129,Horrigan,2020-01-21 18:37:27.330026
2020-01-14,01:00,17.2,15.1,99.3,0.0,E@6.4,8.5,0.0,0,37.1,17.0,"Horrigan, Benton County",100129,Horrigan,2020-01-21 18:37:27.330026
2020-01-14,01:15,17.1,15.0,99.3,0.0,E@5.6,7.4,0.0,0,37.1,16.9,"Horrigan, Benton County",100129,Horrigan,2020-01-21 18:37:27.330026
2020-01-14,01:30,17.1,15.0,99.3,0.0,NE@5.2,6.7,0.0,0,37.1,16.8,"Horrigan, Benton County",100129,Horrigan,2020-01-21 18:37:27.330026
2020-01-14,01:45,17.1,15.0,99.3,0.0,NE@5.3,6.7,0.0,0,37.1,16.8,"Horrigan, Benton County",100129,Horrigan,2020-01-21 18:37:27.330026
2020-01-14,02:00,17.1,15.0,99.3,0.0,NE@4.9,6.7,0.0,0,37.1,16.8,"Horrigan, Benton County",100129,Horrigan,2020-01-21 18:37:27.330026
2020-01-14,02:15,17.2,15.1,99.3,0.0,E@4.4,6.0,0.0,0,37.1,16.9,"Horrigan, Benton County",100129,Horrigan,2020-01-21 18:37:27.330026
2020-01-14,02:30,17.3,15.2,99.3,0.0,E@4.4,6.0,0.0,0,37.1,17.0,"Horrigan, Benton County",100129,Horrigan,2020-01-21 18:37:27.330026
2020-01-14,02:45,17.3,15.2,99.3,0.0,E@4.3,5.7,0.0,0,37.1,17.1,"Horrigan, Benton County",100129,Horrigan,2020-01-21 18:37:27.330026
2020-01-14,03:00,17.3,15.2,99.3,0.0,E@4.9,6.7,0.0,0,37.1,17.0,"Horrigan, Benton County",100129,Horrigan,2020-01-21 18:37:27.330026
2020-01-14,03:15,17.2,15.1,99.3,0.0,NE@4.6,6.0,0.0,0,37.0,16.9,"Horrigan, Benton County",100129,Horrigan,2020-01-21 18:37:27.330026
2020-01-14,03:30,17.2,15.1,99.3,0.0,NE@4.0,5.7,0.0,0,37.0,16.9,"Horrigan, Benton County",100129,Horrigan,2020-01-21 18:37:27.330026
2020-01-14,03:45,17.1,15.0,99.3,0.0,NE@4.7,6.4,0.0,0,37.0,16.9,"Horrigan, Benton County",100129,Horrigan,2020-01-21 18:37:27.330026
2020-01-14,04:00,17.0,14.9,99.3,0.0,NE@4.8,6.4,0.0,0,37.0,16.8,"Horrigan, Benton County",100129,Horrigan,2020-01-21 18:37:27.330026
2020-01-14,04:15,17.0,14.9,99.3,0.0,NE@4.4,7.1,0.0,0,37.0,16.8,"Horrigan, Benton County",100129,Horrigan,2020-01-21 18:37:27.330026
2020-01-14,04:30,17.2,15.1,99.3,0.0,NE@3.1,4.6,0.0,0,37.0,16.9,"Horrigan, Benton County",100129,Horrigan,2020-01-21 18:37:27.330026
2020-01-14,04:45,17.2,15.1,99.3,0.0,NE@4.0,5.3,0.0,0,37.0,16.9,"Horrigan, Benton County",100129,Horrigan,2020-01-21 18:37:27.330026
2020-01-14,05:00,17.2,15.1,99.3,0.0,NE@4.6,6.4,0.0,0,37.0,16.9,"Horrigan, Benton County",100129,Horrigan,2020-01-21 18:37:27.330026
2020-01-14,05:15,17.2,15.1,99.3,0.0,NE@3.5,4.9,0.0,0,37.0,16.9,"Horrigan, Benton County",100129,Horrigan,2020-01-21 18:37:27.330026
2020-01-14,05:30,17.3,15.2,99.3,0.0,NE@3.3,5.3,0.0,0,37.0,17.1,"Horrigan, Benton County",100129,Horrigan,2020-01-21 18:37:27.330026
2020-01-14,05:45,17.4,15.3,99.3,0.0,NE@3.6,5.3,0.0,0,37.0,17.1,"Horrigan, Benton County",100129,Horrigan,2020-01-21 18:37:27.330026
2020-01-14,06:00,17.2,15.1,99.2,0.0,E@4.3,5.7,0.0,0,36.9,17.0,"Horrigan, Benton County",100129,Horrigan,2020-01-21 18:37:27.330026
2020-01-14,06:15,17.2,15.1,99.2,0.0,E@3.9,6.7,0.0,0,36.9,17.0,"Horrigan, Benton County",100129,Horrigan,2020-01-21 18:37:27.330026
2020-01-14,06:30,17.3,15.2,99.2,0.0,NE@2.1,4.9,0.0,0,36.9,17.1,"Horrigan, Benton County",100129,Horrigan,2020-01-21 18:37:27.330026
2020-01-14,06:45,17.3,15.2,99.2,0.0,NE@3.4,5.3,0.0,0,36.9,17.0,"Horrigan, Benton County",100129,Horrigan,2020-01-21 18:37:27.330026
2020-01-14,07:00,17.3,15.2,99.1,0.0,E@3.8,5.3,0.0,0,36.9,17.0,"Horrigan, Benton County",100129,Horrigan,2020-01-21 18:37:27.330026
2020-01-14,07:15,17.3,15.1,98.7,0.0,E@4.1,5.3,0.0,0,36.9,17.1,"Horrigan, Benton County",100129,Horrigan,2020-01-21 18:37:27.330026
2020-01-14,07:30,17.4,15.1,98.3,0.0,E@4.1,5.7,0.0,0,36.9,17.2,"Horrigan, Benton County",100129,Horrigan,2020-01-21 18:37:27.330026
2020-01-14,07:45,17.4,14.6,96.4,0.0,NE@4.7,5.7,0.0,3,36.9,17.1,"Horrigan, Benton County",100129,Horrigan,2020-01-21 18:37:27.330026
2020-01-14,08:00,17.4,14.4,95.1,0.0,NE@4.4,5.7,0.0,9,36.9,17.2,"Horrigan, Benton County",100129,Horrigan,2020-01-21 18:37:27.330026
2020-01-14,08:15,17.6,14.3,93.7,0.0,NE@5.3,7.1,0.0,16,36.9,17.4,"Horrigan, Benton County",100129,Horrigan,2020-01-21 18:37:27.330026
2020-01-14,08:30,17.9,13.9,91.2,0.0,NE@5.4,6.7,0.0,40,36.9,17.6,"Horrigan, Benton County",100129,Horrigan,2020-01-21 18:37:27.330026
2020-01-14,08:45,18.3,14.1,90.1,0.0,NE@5.6,7.4,0.0,91,36.9,18.0,"Horrigan, Benton County",100129,Horrigan,2020-01-21 18:37:27.330026
2020-01-14,09:00,18.7,14.4,89.5,0.0,NE@5.4,7.4,0.0,104,36.8,18.4,"Horrigan, Benton County",100129,Horrigan,2020-01-21 18:37:27.330026
2020-01-14,09:15,19.1,14.8,89.4,0.0,E@4.8,6.7,0.0,76,36.8,18.8,"Horrigan, Benton County",100129,Horrigan,2020-01-21 18:37:27.330026
2020-01-14,09:30,19.5,15.3,89.8,0.0,NE@4.9,6.4,0.0,84,36.8,19.2,"Horrigan, Benton County",100129,Horrigan,2020-01-21 18:37:27.330026
2020-01-14,09:45,19.8,16.1,91.5,0.0,E@5.8,7.8,0.0,102,36.8,19.5,"Horrigan, Benton County",100129,Horrigan,2020-01-21 18:37:27.330026
2020-01-14,10:00,20.1,17.0,94.2,0.0,E@6.4,8.2,0.0,100,36.8,19.7,"Horrigan, Benton County",100129,Horrigan,2020-01-21 18:37:27.330026
2020-01-14,10:15,20.3,17.6,95.5,0.0,E@6.3,8.2,0.0,113,36.8,20.0,"Horrigan, Benton County",100129,Horrigan,2020-01-21 18:37:27.330026
2020-01-14,10:30,20.6,17.9,95.4,0.0,E@6.5,8.5,0.0,164,36.8,20.2,"Horrigan, Benton County",100129,Horrigan,2020-01-21 18:37:27.330026
2020-01-14,10:45,21.0,18.7,96.5,0.0,E@5.9,8.5,0.0,173,36.8,20.6,"Horrigan, Benton County",100129,Horrigan,2020-01-21 18:37:27.330026
2020-01-14,11:00,21.0,19.3,99.1,0.0,SE@5.5,8.2,0.0,165,36.8,20.7,"Horrigan, Benton County",100129,Horrigan,2020-01-21 18:37:27.330026
2020-01-14,11:15,20.9,19.2,99.2,0.0,S@4.6,7.1,0.0,182,36.8,20.6,"Horrigan, Benton County",100129,Horrigan,2020-01-21 18:37:27.330026
2020-01-14,11:30,21.2,19.5,99.2,0.0,S@4.0,6.0,0.0,213,36.8,20.8,"Horrigan, Benton County",100129,Horrigan,2020-01-21 18:37:27.330026
2020-01-14,11:45,21.9,20.3,99.2,0.0,S@1.9,5.3,0.0,257,36.8,21.4,"Horrigan, Benton County",100129,Horrigan,2020-01-21 18:37:27.330026
2020-01-14,12:00,22.1,20.5,99.1,0.0,SW@1.8,4.2,0.0,292,36.7,21.7,"Horrigan, Benton County",100129,Horrigan,2020-01-21 18:37:27.330026
2020-01-14,12:15,21.5,19.8,99.2,0.0,S@2.9,6.7,0.0,167,36.7,21.1,"Horrigan, Benton County",100129,Horrigan,2020-01-21 18:37:27.330026
2020-01-14,12:30,21.5,19.8,99.3,0.0,S@3.2,5.7,0.0,213,36.7,21.1,"Horrigan, Benton County",100129,Horrigan,2020-01-21 18:37:27.330026
2020-01-14,12:45,21.3,19.7,99.3,0.0,S@4.4,6.7,0.0,135,36.7,21.0,"Horrigan, Benton County",100129,Horrigan,2020-01-21 18:37:27.330026
2020-01-14,13:00,21.3,19.7,99.3,0.0,S@4.9,7.8,0.0,196,36.7,21.0,"Horrigan, Benton County",100129,Horrigan,2020-01-21 18:37:27.330026
2020-01-14,13:15,21.7,20.1,99.3,0.0,S@2.7,6.7,0.0,218,36.7,21.3,"Horrigan, Benton County",100129,Horrigan,2020-01-21 18:37:27.330026
2020-01-14,13:30,21.7,20.1,99.3,0.0,S@4.7,7.1,0.0,204,36.7,21.4,"Horrigan, Benton County",100129,Horrigan,2020-01-21 18:37:27.330026
2020-01-14,13:45,21.6,20.0,99.3,0.0,S@4.5,6.4,0.0,170,36.7,21.3,"Horrigan, Benton County",100129,Horrigan,2020-01-21 18:37:27.330026
2020-01-14,14:00,21.6,20.0,99.4,0.0,S@5.0,7.1,0.0,154,36.7,21.3,"Horrigan, Benton County",100129,Horrigan,2020-01-21 18:37:27.330026
2020-01-14,14:15,22.0,20.4,99.4,0.0,S@1.5,4.6,0.0,136,36.7,21.7,"Horrigan, Benton County",100129,Horrigan,2020-01-21 18:37:27.330026
2020-01-14,14:30,22.5,21.0,99.3,0.0,SW@0.6,3.5,0.0,124,36.7,22.3,"Horrigan, Benton County",100129,Horrigan,2020-01-21 18:37:27.330026
2020-01-14,14:45,22.3,20.7,99.4,0.0,S@2.2,4.9,0.0,132,36.7,21.9,"Horrigan, Benton County",100129,Horrigan,2020-01-21 18:37:27.330026
2020-01-14,15:00,22.4,20.9,99.4,0.0,S@0.2,2.4,0.0,105,36.7,22.0,"Horrigan, Benton County",100129,Horrigan,2020-01-21 18:37:27.330026
2020-01-14,15:15,22.2,20.7,99.5,0.0,S@3.3,5.3,0.0,99,36.7,21.9,"Horrigan, Benton County",100129,Horrigan,2020-01-21 18:37:27.330026
2020-01-14,15:30,22.2,20.6,99.5,0.0,S@3.9,6.4,0.0,84,36.7,21.8,"Horrigan, Benton County",100129,Horrigan,2020-01-21 18:37:27.330026
2020-01-14,15:45,22.2,20.7,99.5,0.0,S@2.0,4.2,0.0,67,36.7,21.9,"Horrigan, Benton County",100129,Horrigan,2020-01-21 18:37:27.330026
2020-01-14,16:00,22.1,20.6,99.5,0.0,SW@0.9,3.1,0.0,40,36.7,21.8,"Horrigan, Benton County",100129,Horrigan,2020-01-21 18:37:27.330026
2020-01-14,16:15,22.0,20.5,99.5,0.0,SW@1.4,3.1,0.0,33,36.7,21.7,"Horrigan, Benton County",100129,Horrigan,2020-01-21 18:37:27.330026
2020-01-14,16:30,21.8,20.2,99.5,0.0,W@3.0,4.9,0.0,19,36.7,21.5,"Horrigan, Benton County",100129,Horrigan,2020-01-21 18:37:27.330026
2020-01-14,16:45,21.4,19.8,99.6,0.0,W@2.8,4.2,0.01,5,36.7,21.1,"Horrigan, Benton County",100129,Horrigan,2020-01-21 18:37:27.330026
2020-01-14,17:00,20.5,18.9,99.6,0.0,NW@2.4,3.9,0.01,1,36.7,20.2,"Horrigan, Benton County",100129,Horrigan,2020-01-21 18:37:27.330026
2020-01-14,17:15,20.3,18.6,99.7,0.0,N @2.5,5.3,0.01,0,36.7,20.0,"Horrigan, Benton County",100129,Horrigan,2020-01-21 18:37:27.330026
2020-01-14,17:30,20.3,18.7,99.7,0.0,N@0.3,4.2,0.01,0,36.7,19.9,"Horrigan, Benton County",100129,Horrigan,2020-01-21 18:37:27.330026
2020-01-14,17:45,19.9,18.2,99.8,0.0,N @0.0,0.0,0.01,0,36.7,19.4,"Horrigan, Benton County",100129,Horrigan,2020-01-21 18:37:27.330026
2020-01-14,18:00,17.5,15.5,99.8,0.0,NW@3.8,5.3,0.01,0,36.7,17.0,"Horrigan, Benton County",100129,Horrigan,2020-01-21 18:37:27.330026
2020-01-14,18:15,17.0,15.0,99.8,0.0,NW@4.6,6.4,0.01,0,36.7,16.5,"Horrigan, Benton County",100129,Horrigan,2020-01-21 18:37:27.330026
2020-01-14,18:30,15.1,13.0,99.7,0.0,NW@5.5,7.1,0.0,0,36.7,14.8,"Horrigan, Benton County",100129,Horrigan,2020-01-21 18:37:27.330026
2020-01-14,18:45,14.9,12.7,99.7,0.0,NW@5.1,6.0,0.01,0,36.7,14.6,"Horrigan, Benton County",100129,Horrigan,2020-01-21 18:37:27.330026
2020-01-14,19:00,11.3,8.8,99.5,0.0,NW@5.6,6.4,0.0,0,36.7,11.1,"Horrigan, Benton County",100129,Horrigan,2020-01-21 18:37:27.330026
2020-01-14,19:15,12.4,10.0,99.5,0.0,N @4.0,4.9,0.0,0,36.7,12.0,"Horrigan, Benton County",100129,Horrigan,2020-01-21 18:37:27.330026
2020-01-14,19:30,13.3,10.9,99.6,0.0,N @4.0,5.3,0.0,0,36.7,13.2,"Horrigan, Benton County",100129,Horrigan,2020-01-21 18:37:27.330026
2020-01-14,19:45,12.8,10.4,99.6,0.0,N@3.6,4.9,0.0,0,36.7,12.3,"Horrigan, Benton County",100129,Horrigan,2020-01-21 18:37:27.330026
2020-01-14,20:00,14.3,12.0,99.6,0.0,NE@3.5,4.9,0.0,0,36.7,14.2,"Horrigan, Benton County",100129,Horrigan,2020-01-21 18:37:27.330026
2020-01-14,20:15,12.4,10.0,99.6,0.0,N @4.0,5.3,0.0,0,36.7,12.6,"Horrigan, Benton County",100129,Horrigan,2020-01-21 18:37:27.330026
2020-01-14,20:30,12.8,10.4,99.6,0.0,N@4.1,5.3,0.0,0,36.7,12.3,"Horrigan, Benton County",100129,Horrigan,2020-01-21 18:37:27.330026
2020-01-14,20:45,13.1,10.8,99.6,0.0,N@4.6,6.0,0.0,0,36.7,12.5,"Horrigan, Benton County",100129,Horrigan,2020-01-21 18:37:27.330026
2020-01-14,21:00,13.6,11.2,99.6,0.0,N@4.3,6.0,0.0,0,36.7,13.1,"Horrigan, Benton County",100129,Horrigan,2020-01-21 18:37:27.330026
2020-01-14,21:15,12.4,10.0,99.5,0.0,NW@5.6,7.4,0.0,0,36.7,12.1,"Horrigan, Benton County",100129,Horrigan,2020-01-21 18:37:27.330026
2020-01-14,21:30,13.5,11.1,99.6,0.0,NW@3.6,8.5,0.0,0,36.7,13.3,"Horrigan, Benton County",100129,Horrigan,2020-01-21 18:37:27.330026
2020-01-14,21:45,16.1,14.0,99.6,0.0,N@2.1,4.6,0.01,0,36.6,15.7,"Horrigan, Benton County",100129,Horrigan,2020-01-21 18:37:27.330026
2020-01-14,22:00,12.8,10.3,99.5,0.0,N@4.2,6.0,0.0,0,36.6,12.1,"Horrigan, Benton County",100129,Horrigan,2020-01-21 18:37:27.330026
2020-01-14,22:15,12.7,10.3,99.5,0.0,N @4.7,5.7,0.0,0,36.6,11.7,"Horrigan, Benton County",100129,Horrigan,2020-01-21 18:37:27.330026
2020-01-14,22:30,15.7,13.5,99.6,0.0,NE@4.1,6.0,0.01,0,36.6,15.5,"Horrigan, Benton County",100129,Horrigan,2020-01-21 18:37:27.330026
2020-01-14,22:45,16.8,14.8,99.7,0.0,NE@4.7,6.7,0.01,0,36.6,16.5,"Horrigan, Benton County",100129,Horrigan,2020-01-21 18:37:27.330026
2020-01-14,23:00,15.4,13.2,99.6,0.0,NE@4.4,5.7,0.01,0,36.6,15.4,"Horrigan, Benton County",100129,Horrigan,2020-01-21 18:37:27.330026
2020-01-14,23:15,16.7,14.7,99.6,0.0,NE@4.4,5.3,0.01,0,36.6,16.7,"Horrigan, Benton County",100129,Horrigan,2020-01-21 18:37:27.330026
2020-01-14,23:30,17.2,15.2,99.6,0.0,NE@4.9,6.7,0.01,0,36.6,17.0,"Horrigan, Benton County",100129,Horrigan,2020-01-21 18:37:27.330026
2020-01-14,23:45,16.6,14.5,99.5,0.0,NE@4.9,5.7,0.01,0,36.6,16.3,"Horrigan, Benton County",100129,Horrigan,2020-01-21 18:37:27.330026
2020-01-14,24:00,17.0,15.0,99.6,0.0,NE@4.0,4.9,0.01,0,36.6,16.7,"Horrigan, Benton County",100129,Horrigan,2020-01-21 18:37:27.330026
2020-01-15,00:15,15.1,12.9,99.5,0.0,N @4.0,4.6,0.01,0,36.6,14.8,"Horrigan, Benton County",100129,Horrigan,2020-01-21 18:37:27.330026
2020-01-15,00:30,16.8,14.7,99.6,0.0,N @4.4,5.7,0.01,0,36.5,16.5,"Horrigan, Benton County",100129,Horrigan,2020-01-21 18:37:27.330026
2020-01-15,00:45,17.2,15.2,99.6,0.0,N @5.2,6.7,0.01,0,36.5,16.9,"Horrigan, Benton County",100129,Horrigan,2020-01-21 18:37:27.330026
2020-01-15,01:00,18.4,16.5,99.6,0.0,NE@4.8,6.0,0.02,0,36.5,18.2,"Horrigan, Benton County",100129,Horrigan,2020-01-21 18:37:27.330026
2020-01-15,01:15,18.3,16.4,99.6,0.0,N @4.5,5.7,0.02,0,36.5,18.1,"Horrigan, Benton County",100129,Horrigan,2020-01-21 18:37:27.330026
2020-01-15,01:30,18.4,16.5,99.6,0.0,N @4.2,4.9,0.02,0,36.5,18.1,"Horrigan, Benton County",100129,Horrigan,2020-01-21 18:37:27.330026
2020-01-15,01:45,19.0,17.1,99.5,0.0,NE@3.3,4.9,0.02,0,36.5,18.8,"Horrigan, Benton County",100129,Horrigan,2020-01-21 18:37:27.330026
2020-01-15,02:00,19.1,17.3,99.5,0.0,NE@3.3,4.2,0.02,0,36.5,19.0,"Horrigan, Benton County",100129,Horrigan,2020-01-21 18:37:27.330026
2020-01-15,02:15,19.0,17.1,99.4,0.0,N @3.7,4.6,0.02,0,36.5,18.7,"Horrigan, Benton County",100129,Horrigan,2020-01-21 18:37:27.330026
2020-01-15,02:30,18.3,16.4,99.4,0.0,NE@3.8,4.9,0.02,0,36.5,18.1,"Horrigan, Benton County",100129,Horrigan,2020-01-21 18:37:27.330026
2020-01-15,02:45,17.8,15.8,99.4,0.0,N @4.3,5.3,0.02,0,36.4,17.6,"Horrigan, Benton County",100129,Horrigan,2020-01-21 18:37:27.330026
2020-01-15,03:00,18.2,16.2,99.4,0.0,N @4.0,4.9,0.02,0,36.4,17.9,"Horrigan, Benton County",100129,Horrigan,2020-01-21 18:37:27.330026
2020-01-15,03:15,18.5,16.5,99.3,0.0,NW@3.5,4.9,0.02,0,36.4,18.0,"Horrigan, Benton County",100129,Horrigan,2020-01-21 18:37:27.330026
2020-01-15,03:30,17.8,15.8,99.3,0.0,NW@3.7,4.6,0.02,0,36.4,17.6,"Horrigan, Benton County",100129,Horrigan,2020-01-21 18:37:27.330026
2020-01-15,03:45,17.1,15.1,99.3,0.0,NW@1.5,4.6,0.02,0,36.4,16.6,"Horrigan, Benton County",100129,Horrigan,2020-01-21 18:37:27.330026
2020-01-15,04:00,17.0,14.9,99.3,0.0,N@0.2,4.6,0.02,0,36.4,16.4,"Horrigan, Benton County",100129,Horrigan,2020-01-21 18:37:27.330026
2020-01-15,04:15,17.4,15.4,99.3,0.0,N@4.5,6.0,0.02,0,36.4,16.7,"Horrigan, Benton County",100129,Horrigan,2020-01-21 18:37:27.330026
2020-01-15,04:30,17.2,15.1,99.3,0.0,N @4.6,5.7,0.02,0,36.4,16.7,"Horrigan, Benton County",100129,Horrigan,2020-01-21 18:37:27.330026
2020-01-15,04:45,17.2,15.1,99.3,0.0,N@4.0,4.9,0.02,0,36.4,16.5,"Horrigan, Benton County",100129,Horrigan,2020-01-21 18:37:27.330026
2020-01-15,05:00,16.7,14.6,99.3,0.0,N@4.0,4.9,0.02,0,36.3,16.2,"Horrigan, Benton County",100129,Horrigan,2020-01-21 18:37:27.330026
2020-01-15,05:15,16.7,14.6,99.3,0.0,N@4.3,5.3,0.02,0,36.3,15.9,"Horrigan, Benton County",100129,Horrigan,2020-01-21 18:37:27.330026
2020-01-15,05:30,15.6,13.4,99.2,0.0,NW@4.6,5.7,0.02,0,36.3,14.9,"Horrigan, Benton County",100129,Horrigan,2020-01-21 18:37:27.330026
2020-01-15,05:45,13.8,11.4,99.2,0.0,N@4.7,5.7,0.01,0,36.3,13.2,"Horrigan, Benton County",100129,Horrigan,2020-01-21 18:37:27.330026
2020-01-15,06:00,13.9,11.6,99.3,0.0,N@5.2,6.0,0.01,0,36.3,13.1,"Horrigan, Benton County",100129,Horrigan,2020-01-21 18:37:27.330026
2020-01-15,06:15,14.9,12.6,99.2,0.0,N@5.4,6.7,0.02,0,36.3,13.9,"Horrigan, Benton County",100129,Horrigan,2020-01-21 18:37:27.330026
2020-01-15,06:30,15.4,13.1,99.2,0.0,N @5.8,7.1,0.02,0,36.3,14.9,"Horrigan, Benton County",100129,Horrigan,2020-01-21 18:37:27.330026
2020-01-15,06:45,15.8,13.6,99.3,0.0,N @5.8,7.1,0.02,0,36.3,15.5,"Horrigan, Benton County",100129,Horrigan,2020-01-21 18:37:27.330026
2020-01-15,07:00,16.2,14.1,99.3,0.0,N @5.7,8.5,0.02,0,36.2,15.8,"Horrigan, Benton County",100129,Horrigan,2020-01-21 18:37:27.330026
2020-01-15,07:15,16.4,14.3,99.2,0.0,NE@6.9,8.9,0.02,0,36.2,16.3,"Horrigan, Benton County",100129,Horrigan,2020-01-21 18:37:27.330026
2020-01-15,07:30,16.1,13.9,99.2,0.0,NE@6.8,8.5,0.02,1,36.2,15.9,"Horrigan, Benton County",100129,Horrigan,2020-01-21 18:37:27.330026
2020-01-15,07:45,16.3,14.1,99.2,0.0,NE@7.0,9.2,0.02,10,36.2,16.1,"Horrigan, Benton County",100129,Horrigan,2020-01-21 18:37:27.330026
2020-01-15,08:00,17.0,14.9,99.2,0.0,NE@7.4,9.6,0.02,38,36.2,16.7,"Horrigan, Benton County",100129,Horrigan,2020-01-21 18:37:27.330026
2020-01-15,08:15,16.9,14.7,99.2,0.0,NE@8.4,11.4,0.02,66,36.2,16.4,"Horrigan, Benton County",100129,Horrigan,2020-01-21 18:37:27.330026
2020-01-15,08:30,17.6,15.5,99.3,0.0,NE@8.4,11.4,0.02,99,36.2,17.1,"Horrigan, Benton County",100129,Horrigan,2020-01-21 18:37:27.330026
2020-01-15,08:45,18.3,16.3,99.3,0.0,NE@8.8,13.5,0.02,105,36.2,17.8,"Horrigan, Benton County",100129,Horrigan,2020-01-21 18:37:27.330026
2020-01-15,09:00,19.0,17.1,99.3,0.0,NE@9.3,12.4,0.02,145,36.1,18.5,"Horrigan, Benton County",100129,Horrigan,2020-01-21 18:37:27.330026
2020-01-15,09:15,20.4,18.6,99.2,0.0,NE@11.3,14.6,0.02,195,36.1,19.9,"Horrigan, Benton County",100129,Horrigan,2020-01-21 18:37:27.330026
2020-01-15,09:30,21.3,19.6,99.2,0.0,NE@11.1,14.6,0.02,232,36.1,20.7,"Horrigan, Benton County",100129,Horrigan,2020-01-21 18:37:27.330026
2020-01-15,09:45,22.0,20.0,97.5,0.0,NE@12.3,16.0,0.03,260,36.1,21.5,"Horrigan, Benton County",100129,Horrigan,2020-01-21 18:37:27.330026
2020-01-15,10:00,22.5,18.9,90.8,0.0,NE@13.7,18.9,0.02,272,36.1,22.0,"Horrigan, Benton County",100129,Horrigan,2020-01-21 18:37:27.330026
2020-01-15,10:15,22.4,18.3,89.4,0.0,NE@14.4,17.8,0.02,277,36.1,21.9,"Horrigan, Benton County",100129,Horrigan,2020-01-21 18:37:27.330026
2020-01-15,10:30,22.8,18.4,87.6,0.0,NE@14.1,18.9,0.02,284,36.1,22.3,"Horrigan, Benton County",100129,Horrigan,2020-01-21 18:37:27.330026
2020-01-15,10:45,23.5,18.6,85.7,0.0,NE@13.2,18.9,0.01,295,36.0,23.0,"Horrigan, Benton County",100129,Horrigan,2020-01-21 18:37:27.330026
2020-01-15,11:00,23.3,18.1,84.8,0.0,NE@14.3,20.3,0.01,264,36.0,22.8,"Horrigan, Benton County",100129,Horrigan,2020-01-21 18:37:27.330026
2020-01-15,11:15,22.7,18.3,87.9,0.0,NE@13.7,19.2,0.0,248,36.0,22.3,"Horrigan, Benton County",100129,Horrigan,2020-01-21 18:37:27.330026
2020-01-15,11:30,22.5,18.7,90.0,0.0,NE@13.6,20.0,0.0,203,36.0,22.1,"Horrigan, Benton County",100129,Horrigan,2020-01-21 18:37:27.330026
2020-01-15,11:45,22.8,19.2,90.9,0.0,NE@13.3,19.2,0.0,218,36.0,22.4,"Horrigan, Benton County",100129,Horrigan,2020-01-21 18:37:27.330026
2020-01-15,12:00,23.2,19.4,89.6,0.0,NE@13.2,17.5,0.0,237,36.0,22.9,"Horrigan, Benton County",100129,Horrigan,2020-01-21 18:37:27.330026
2020-01-15,12:15,23.7,19.4,87.7,0.0,NE@12.8,18.5,0.0,218,36.0,23.3,"Horrigan, Benton County",100129,Horrigan,2020-01-21 18:37:27.330026
2020-01-15,12:30,23.5,19.5,88.7,0.0,NE@13.0,17.5,0.0,193,36.0,23.2,"Horrigan, Benton County",100129,Horrigan,2020-01-21 18:37:27.330026
2020-01-15,12:45,23.5,19.4,88.4,0.0,NE@14.4,18.9,0.0,170,36.0,23.2,"Horrigan, Benton County",100129,Horrigan,2020-01-21 18:37:27.330026
2020-01-15,13:00,24.0,19.8,88.0,0.0,NE@13.5,17.1,0.0,188,35.9,23.6,"Horrigan, Benton County",100129,Horrigan,2020-01-21 18:37:27.330026
2020-01-15,13:15,24.1,19.6,86.7,0.0,NE@15.3,19.2,0.0,162,35.9,23.8,"Horrigan, Benton County",100129,Horrigan,2020-01-21 18:37:27.330026
2020-01-15,13:30,24.3,19.9,87.3,0.0,NE@14.6,20.7,0.0,117,35.9,24.0,"Horrigan, Benton County",100129,Horrigan,2020-01-21 18:37:27.330026
2020-01-15,13:45,24.3,19.9,87.2,0.0,NE@13.2,18.5,0.0,80,35.9,24.0,"Horrigan, Benton County",100129,Horrigan,2020-01-21 18:37:27.330026
2020-01-15,14:00,24.0,19.8,88.0,0.0,NE@14.2,18.9,0.0,74,35.9,23.8,"Horrigan, Benton County",100129,Horrigan,2020-01-21 18:37:27.330026
2020-01-15,14:15,24.0,20.2,89.5,0.0,NE@13.6,17.8,0.0,60,35.9,23.7,"Horrigan, Benton County",100129,Horrigan,2020-01-21 18:37:27.330026
2020-01-15,14:30,24.4,20.8,90.2,0.0,NE@13.3,17.5,0.0,71,35.9,24.1,"Horrigan, Benton County",100129,Horrigan,2020-01-21 18:37:27.330026
2020-01-15,14:45,24.4,22.5,96.7,0.0,NE@13.0,18.2,0.0,77,35.9,24.1,"Horrigan, Benton County",100129,Horrigan,2020-01-21 18:37:27.330026
2020-01-15,15:00,23.7,22.2,99.2,0.0,NE@13.2,17.5,0.0,50,35.9,23.4,"Horrigan, Benton County",100129,Horrigan,2020-01-21 18:37:27.330026
2020-01-15,15:15,23.8,22.4,99.3,0.0,NE@13.4,19.2,0.0,67,35.9,23.5,"Horrigan, Benton County",100129,Horrigan,2020-01-21 18:37:27.330026
2020-01-15,15:30,23.0,21.6,99.4,0.0,NE@15.1,20.3,0.0,48,35.9,22.8,"Horrigan, Benton County",100129,Horrigan,2020-01-21 18:37:27.330026
2020-01-15,15:45,22.5,21.0,99.4,0.0,NE@15.1,21.8,0.0,36,35.9,22.3,"Horrigan, Benton County",100129,Horrigan,2020-01-21 18:37:27.330026
2020-01-15,16:00,23.0,21.5,99.4,0.0,NE@14.0,18.9,0.0,26,35.9,22.8,"Horrigan, Benton County",100129,Horrigan,2020-01-21 18:37:27.330026
2020-01-15,16:15,23.3,21.9,99.5,0.0,NE@13.8,19.2,0.0,20,35.9,23.1,"Horrigan, Benton County",100129,Horrigan,2020-01-21 18:37:27.330026
2020-01-15,16:30,23.4,22.0,99.4,0.0,NE@13.6,17.8,0.0,15,35.9,23.2,"Horrigan, Benton County",100129,Horrigan,2020-01-21 18:37:27.330026
2020-01-15,16:45,23.4,21.9,99.3,0.0,NE@14.7,20.0,0.0,5,35.9,23.2,"Horrigan, Benton County",100129,Horrigan,2020-01-21 18:37:27.330026
2020-01-15,17:00,23.4,22.0,99.3,0.0,NE@15.0,21.0,0.0,0,35.9,23.2,"Horrigan, Benton County",100129,Horrigan,2020-01-21 18:37:27.330026
2020-01-15,17:15,24.1,22.7,99.3,0.0,NE@14.9,20.0,0.0,0,35.9,23.9,"Horrigan, Benton County",100129,Horrigan,2020-01-21 18:37:27.330026
2020-01-15,17:30,25.2,23.9,99.3,0.0,NE@16.3,22.5,0.0,0,35.8,25.0,"Horrigan, Benton County",100129,Horrigan,2020-01-21 18:37:27.330026
2020-01-15,17:45,25.5,24.3,99.2,0.0,NE@14.7,20.7,0.0,0,35.8,25.3,"Horrigan, Benton County",100129,Horrigan,2020-01-21 18:37:27.330026
2020-01-15,18:00,24.8,23.5,99.3,0.0,NE@12.7,17.8,0.0,0,35.8,24.6,"Horrigan, Benton County",100129,Horrigan,2020-01-21 18:37:27.330026
2020-01-15,18:15,25.2,24.0,99.3,0.0,NE@15.0,21.8,0.0,0,35.8,25.1,"Horrigan, Benton County",100129,Horrigan,2020-01-21 18:37:27.330026
2020-01-15,18:30,25.8,24.7,99.3,0.0,N @12.9,21.4,0.0,0,35.8,25.6,"Horrigan, Benton County",100129,Horrigan,2020-01-21 18:37:27.330026
2020-01-15,18:45,26.0,24.9,99.3,0.0,N @12.2,16.7,0.0,0,35.8,25.8,"Horrigan, Benton County",100129,Horrigan,2020-01-21 18:37:27.330026
2020-01-15,19:00,25.4,24.1,99.3,0.0,N@11.4,15.0,0.0,0,35.8,25.1,"Horrigan, Benton County",100129,Horrigan,2020-01-21 18:37:27.330026
2020-01-15,19:15,24.8,23.5,99.3,0.0,N@11.9,16.0,0.0,0,35.8,24.5,"Horrigan, Benton County",100129,Horrigan,2020-01-21 18:37:27.330026
2020-01-15,19:30,24.4,23.0,99.3,0.0,N@14.2,18.2,0.0,0,35.8,24.1,"Horrigan, Benton County",100129,Horrigan,2020-01-21 18:37:27.330026
2020-01-15,19:45,24.4,23.1,99.3,0.0,N@14.9,19.6,0.0,0,35.8,24.2,"Horrigan, Benton County",100129,Horrigan,2020-01-21 18:37:27.330026
2020-01-15,20:00,24.9,23.6,99.3,0.0,N@13.8,17.5,0.0,0,35.8,24.7,"Horrigan, Benton County",100129,Horrigan,2020-01-21 18:37:27.330026
2020-01-15,20:15,25.0,23.7,99.3,0.0,N@14.4,20.0,0.0,0,35.8,24.8,"Horrigan, Benton County",100129,Horrigan,2020-01-21 18:37:27.330026
2020-01-15,20:30,24.8,23.5,99.3,0.0,N@18.4,24.6,0.0,0,35.8,24.6,"Horrigan, Benton County",100129,Horrigan,2020-01-21 18:37:27.330026
2020-01-15,20:45,24.2,22.8,99.3,0.0,NW@18.9,24.6,0.0,0,35.8,24.0,"Horrigan, Benton County",100129,Horrigan,2020-01-21 18:37:27.330026
2020-01-15,21:00,24.0,22.7,99.4,0.0,NW@19.2,23.9,0.0,0,35.8,23.8,"Horrigan, Benton County",100129,Horrigan,2020-01-21 18:37:27.330026
2020-01-15,21:15,24.0,22.6,99.3,0.0,NW@18.7,23.2,0.0,0,35.8,23.8,"Horrigan, Benton County",100129,Horrigan,2020-01-21 18:37:27.330026
2020-01-15,21:30,24.4,23.1,99.3,0.0,NW@17.4,23.2,0.0,0,35.8,24.2,"Horrigan, Benton County",100129,Horrigan,2020-01-21 18:37:27.330026
2020-01-15,21:45,24.6,23.3,99.3,0.0,NW@16.7,21.0,0.0,0,35.8,24.4,"Horrigan, Benton County",100129,Horrigan,2020-01-21 18:37:27.330026
2020-01-15,22:00,24.6,23.3,99.3,0.0,NW@16.5,21.4,0.0,0,35.8,24.4,"Horrigan, Benton County",100129,Horrigan,2020-01-21 18:37:27.330026
2020-01-15,22:15,24.4,23.0,99.3,0.0,NW@18.2,22.5,0.0,0,35.8,24.2,"Horrigan, Benton County",100129,Horrigan,2020-01-21 18:37:27.330026
2020-01-15,22:30,23.9,22.5,99.3,0.0,NW@18.1,23.5,0.0,0,35.8,23.7,"Horrigan, Benton County",100129,Horrigan,2020-01-21 18:37:27.330026
2020-01-15,22:45,24.1,22.8,99.3,0.0,NW@16.2,20.3,0.0,0,35.7,23.9,"Horrigan, Benton County",100129,Horrigan,2020-01-21 18:37:27.330026
2020-01-15,23:00,24.3,23.0,99.3,0.0,NW@16.0,20.3,0.0,0,35.7,24.1,"Horrigan, Benton County",100129,Horrigan,2020-01-21 18:37:27.330026
2020-01-15,23:15,24.5,23.2,99.3,0.0,NW@13.1,16.4,0.0,0,35.7,24.3,"Horrigan, Benton County",100129,Horrigan,2020-01-21 18:37:27.330026
2020-01-15,23:30,23.8,22.4,99.2,0.0,NW@14.8,19.6,0.0,0,35.7,23.6,"Horrigan, Benton County",100129,Horrigan,2020-01-21 18:37:27.330026
2020-01-15,23:45,23.2,21.7,99.3,0.0,NW@16.4,20.7,0.0,0,35.7,23.0,"Horrigan, Benton County",100129,Horrigan,2020-01-21 18:37:27.330026
2020-01-15,24:00,23.2,21.7,99.2,0.0,NW@17.5,21.8,0.0,0,35.7,23.0,"Horrigan, Benton County",100129,Horrigan,2020-01-21 18:37:27.330026
2020-01-16,00:15,22.8,21.3,99.2,0.0,NW@17.6,21.8,0.0,0,35.7,22.6,"Horrigan, Benton County",100129,Horrigan,2020-01-21 18:37:27.330026
2020-01-16,00:30,22.5,21.0,99.3,0.0,NW@19.6,25.0,0.0,0,35.7,22.3,"Horrigan, Benton County",100129,Horrigan,2020-01-21 18:37:27.330026
2020-01-16,00:45,22.6,21.0,99.3,0.0,NW@19.6,24.3,0.0,0,35.7,22.3,"Horrigan, Benton County",100129,Horrigan,2020-01-21 18:37:27.330026
2020-01-16,01:00,22.7,21.2,99.2,0.0,NW@19.3,24.3,0.0,0,35.7,22.5,"Horrigan, Benton County",100129,Horrigan,2020-01-21 18:37:27.330026
2020-01-16,01:15,23.1,21.6,99.2,0.0,NW@17.7,21.4,0.0,0,35.7,22.9,"Horrigan, Benton County",100129,Horrigan,2020-01-21 18:37:27.330026
2020-01-16,01:30,23.0,21.5,99.2,0.0,NW@18.7,23.5,0.0,0,35.7,22.8,"Horrigan, Benton County",100129,Horrigan,2020-01-21 18:37:27.330026
2020-01-16,01:45,23.2,21.8,99.2,0.0,NW@19.0,24.3,0.0,0,35.7,23.0,"Horrigan, Benton County",100129,Horrigan,2020-01-21 18:37:27.330026
2020-01-16,02:00,23.6,22.2,99.2,0.0,NW@19.9,25.7,0.0,0,35.7,23.4,"Horrigan, Benton County",100129,Horrigan,2020-01-21 18:37:27.330026
2020-01-16,02:15,23.5,22.1,99.2,0.0,NW@18.9,24.3,0.0,0,35.6,23.3,"Horrigan, Benton County",100129,Horrigan,2020-01-21 18:37:27.330026
2020-01-16,02:30,23.7,22.3,99.3,0.0,NW@18.4,22.5,0.0,0,35.6,23.5,"Horrigan, Benton County",100129,Horrigan,2020-01-21 18:37:27.330026
2020-01-16,02:45,24.1,22.7,99.3,0.0,NW@17.0,21.4,0.0,0,35.6,23.9,"Horrigan, Benton County",100129,Horrigan,2020-01-21 18:37:27.330026
2020-01-16,03:00,24.2,22.8,99.3,0.0,NW@16.9,22.5,0.0,0,35.6,24.0,"Horrigan, Benton County",100129,Horrigan,2020-01-21 18:37:27.330026
2020-01-16,03:15,23.8,22.4,99.2,0.0,NW@16.7,22.8,0.0,0,35.6,23.6,"Horrigan, Benton County",100129,Horrigan,2020-01-21 18:37:27.330026
2020-01-16,03:30,23.3,21.9,99.2,0.0,NW@15.4,19.2,0.0,0,35.6,23.1,"Horrigan, Benton County",100129,Horrigan,2020-01-21 18:37:27.330026
2020-01-16,03:45,23.5,22.0,99.2,0.0,NW@14.5,18.9,0.0,0,35.6,23.3,"Horrigan, Benton County",100129,Horrigan,2020-01-21 18:37:27.330026
2020-01-16,04:00,24.3,23.0,99.3,0.0,NW@14.0,17.5,0.0,0,35.6,24.1,"Horrigan, Benton County",100129,Horrigan,2020-01-21 18:37:27.330026
2020-01-16,04:15,24.6,23.3,99.3,0.0,NW@12.8,16.0,0.0,0,35.6,24.4,"Horrigan, Benton County",100129,Horrigan,2020-01-21 18:37:27.330026
2020-01-16,04:30,25.1,23.8,99.3,0.0,NW@10.6,15.0,0.0,0,35.6,24.9,"Horrigan, Benton County",100129,Horrigan,2020-01-21 18:37:27.330026
2020-01-16,04:45,25.9,24.8,99.3,0.0,NW@8.5,11.7,0.0,0,35.6,25.7,"Horrigan, Benton County",100129,Horrigan,2020-01-21 18:37:27.330026
2020-01-16,05:00,25.8,24.6,99.3,0.0,N@7.9,11.7,0.0,0,35.6,25.6,"Horrigan, Benton County",100129,Horrigan,2020-01-21 18:37:27.330026
2020-01-16,05:15,26.0,24.8,99.2,0.0,N @9.7,14.2,0.0,0,35.6,25.7,"Horrigan, Benton County",100129,Horrigan,2020-01-21 18:37:27.330026
2020-01-16,05:30,25.1,23.8,99.2,0.0,N@8.4,11.4,0.0,0,35.6,24.8,"Horrigan, Benton County",100129,Horrigan,2020-01-21 18:37:27.330026
2020-01-16,05:45,25.2,24.0,99.2,0.0,N@8.0,11.0,0.0,0,35.5,25.0,"Horrigan, Benton County",100129,Horrigan,2020-01-21 18:37:27.330026
2020-01-16,06:00,25.7,24.5,99.2,0.0,NW@7.3,10.3,0.0,0,35.5,25.4,"Horrigan, Benton County",100129,Horrigan,2020-01-21 18:37:27.330026
2020-01-16,06:15,25.7,24.5,99.2,0.0,NW@9.1,12.8,0.0,0,35.5,25.5,"Horrigan, Benton County",100129,Horrigan,2020-01-21 18:37:27.330026
2020-01-16,06:30,25.8,24.7,99.2,0.0,SE@3.0,8.9,0.0,0,35.5,25.6,"Horrigan, Benton County",100129,Horrigan,2020-01-21 18:37:27.330026
2020-01-16,06:45,26.0,24.9,99.2,0.0,S@2.0,5.7,0.0,0,35.5,25.7,"Horrigan, Benton County",100129,Horrigan,2020-01-21 18:37:27.330026
2020-01-16,07:00,25.7,24.5,99.2,0.0,NW@0.6,3.9,0.0,0,35.5,25.4,"Horrigan, Benton County",100129,Horrigan,2020-01-21 18:37:27.330026
2020-01-16,07:15,24.4,23.0,99.2,0.0,W@3.4,6.0,0.0,0,35.5,24.1,"Horrigan, Benton County",100129,Horrigan,2020-01-21 18:37:27.330026
2020-01-16,07:30,24.1,22.7,99.2,0.0,W@4.3,5.7,0.0,1,35.5,23.8,"Horrigan, Benton County",100129,Horrigan,2020-01-21 18:37:27.330026
2020-01-16,07:45,21.2,19.6,99.3,0.0,N@3.4,5.3,0.01,5,35.5,21.1,"Horrigan, Benton County",100129,Horrigan,2020-01-21 18:37:27.330026
2020-01-16,08:00,20.4,18.7,99.5,0.0,N @0.2,2.4,0.01,10,35.5,20.0,"Horrigan, Benton County",100129,Horrigan,2020-01-21 18:37:27.330026
2020-01-16,08:15,20.7,19.0,99.5,0.0,NW@1.7,4.9,0.01,16,35.5,20.4,"Horrigan, Benton County",100129,Horrigan,2020-01-21 18:37:27.330026
2020-01-16,08:30,22.7,21.2,99.5,0.0,NW@1.1,4.6,0.01,24,35.5,22.4,"Horrigan, Benton County",100129,Horrigan,2020-01-21 18:37:27.330026
2020-01-16,08:45,24.3,23.0,99.4,0.0,N @0.0,0.0,0.0,44,35.5,24.0,"Horrigan, Benton County",100129,Horrigan,2020-01-21 18:37:27.330026
2020-01-16,09:00,25.1,23.9,99.4,0.0,N @0.0,0.0,0.0,46,35.5,24.7,"Horrigan, Benton County",100129,Horrigan,2020-01-21 18:37:27.330026
2020-01-16,09:15,25.2,24.0,99.4,0.0,N @0.0,0.0,0.0,68,35.5,24.9,"Horrigan, Benton County",100129,Horrigan,2020-01-21 18:37:27.330026
2020-01-16,09:30,25.6,24.5,99.3,0.0,SE@2.3,5.3,0.0,136,35.5,25.3,"Horrigan, Benton County",100129,Horrigan,2020-01-21 18:37:27.330026
2020-01-16,09:45,25.3,24.1,99.4,0.0,S@4.6,6.7,0.0,127,35.5,25.0,"Horrigan, Benton County",100129,Horrigan,2020-01-21 18:37:27.330026
2020-01-16,10:00,25.6,24.5,99.4,0.0,S@1.4,3.9,0.0,123,35.5,25.3,"Horrigan, Benton County",100129,Horrigan,2020-01-21 18:37:27.330026
2020-01-16,10:15,26.0,24.9,99.4,0.0,SW@2.2,4.2,0.0,106,35.5,25.7,"Horrigan, Benton County",100129,Horrigan,2020-01-21 18:37:27.330026
2020-01-16,10:30,26.6,25.6,99.4,0.0,W@0.3,3.5,0.0,123,35.5,26.2,"Horrigan, Benton County",100129,Horrigan,2020-01-21 18:37:27.330026
2020-01-16,10:45,27.3,26.4,99.4,0.0,N @0.0,0.0,0.0,138,35.5,26.9,"Horrigan, Benton County",100129,Horrigan,2020-01-21 18:37:27.330026
2020-01-16,11:00,27.8,26.9,99.4,0.0,NW@2.5,5.3,0.0,176,35.5,27.5,"Horrigan, Benton County",100129,Horrigan,2020-01-21 18:37:27.330026
2020-01-16,11:15,28.5,27.7,99.4,0.0,N @0.0,0.0,0.0,173,35.5,28.2,"Horrigan, Benton County",100129,Horrigan,2020-01-21 18:37:27.330026
2020-01-16,11:30,29.0,28.3,99.3,0.0,N @0.0,0.0,0.0,136,35.5,28.7,"Horrigan, Benton County",100129,Horrigan,2020-01-21 18:37:27.330026
2020-01-16,11:45,29.5,28.8,99.3,0.0,N @0.0,0.0,0.0,152,35.4,29.3,"Horrigan, Benton County",100129,Horrigan,2020-01-21 18:37:27.330026
2020-01-16,12:00,29.4,28.7,99.3,0.0,NW@1.6,6.7,0.0,171,35.4,29.1,"Horrigan, Benton County",100129,Horrigan,2020-01-21 18:37:27.330026
2020-01-16,12:15,29.3,28.7,99.3,0.0,NW@4.6,7.1,0.0,186,35.4,29.0,"Horrigan, Benton County",100129,Horrigan,2020-01-21 18:37:27.330026
2020-01-16,12:30,29.2,28.5,99.4,0.0,NW@4.8,6.4,0.0,171,35.4,28.8,"Horrigan, Benton County",100129,Horrigan,2020-01-21 18:37:27.330026
2020-01-16,12:45,29.7,29.0,99.3,0.0,NW@2.7,4.9,0.0,222,35.4,29.3,"Horrigan, Benton County",100129,Horrigan,2020-01-21 18:37:27.330026
2020-01-16,13:00,29.5,28.9,99.3,0.0,SW@3.6,5.3,0.0,182,35.4,29.2,"Horrigan, Benton County",100129,Horrigan,2020-01-21 18:37:27.330026
2020-01-16,13:15,29.2,28.6,99.5,0.0,S@4.9,7.1,0.0,162,35.4,28.8,"Horrigan, Benton County",100129,Horrigan,2020-01-21 18:37:27.330026
2020-01-16,13:30,28.9,28.3,99.5,0.0,S@4.5,6.0,0.0,139,35.4,28.6,"Horrigan, Benton County",100129,Horrigan,2020-01-21 18:37:27.330026
2020-01-16,13:45,28.8,28.1,99.5,0.0,S@3.9,5.3,0.0,136,35.4,28.5,"Horrigan, Benton County",100129,Horrigan,2020-01-21 18:37:27.330026
2020-01-16,14:00,28.8,28.2,99.6,0.0,S@4.0,5.7,0.01,135,35.4,28.5,"Horrigan, Benton County",100129,Horrigan,2020-01-21 18:37:27.330026
2020-01-16,14:15,28.5,27.8,99.7,0.0,S@5.1,6.7,0.01,112,35.4,28.2,"Horrigan, Benton County",100129,Horrigan,2020-01-21 18:37:27.330026
2020-01-16,14:30,28.3,27.6,99.8,0.0,S@5.0,6.4,0.02,94,35.4,28.0,"Horrigan, Benton County",100129,Horrigan,2020-01-21 18:37:27.330026
2020-01-16,14:45,28.3,27.6,99.8,0.0,S@4.6,6.0,0.02,83,35.4,28.0,"Horrigan, Benton County",100129,Horrigan,2020-01-21 18:37:27.330026
2020-01-16,15:00,28.4,27.7,99.8,0.0,S@1.7,3.9,0.02,68,35.4,28.1,"Horrigan, Benton County",100129,Horrigan,2020-01-21 18:37:27.330026
2020-01-16,15:15,28.5,27.8,99.8,0.0,S@0.5,3.5,0.02,50,35.4,28.2,"Horrigan, Benton County",100129,Horrigan,2020-01-21 18:37:27.330026
2020-01-16,15:30,28.5,27.9,99.8,0.0,SW@0.2,3.1,0.02,39,35.4,28.2,"Horrigan, Benton County",100129,Horrigan,2020-01-21 18:37:27.330026
2020-01-16,15:45,28.6,27.9,99.8,0.0,SW@0.1,2.4,0.02,31,35.4,28.3,"Horrigan, Benton County",100129,Horrigan,2020-01-21 18:37:27.330026
2020-01-16,16:00,28.6,27.9,99.8,0.0,S@3.4,5.3,0.02,21,35.4,28.3,"Horrigan, Benton County",100129,Horrigan,2020-01-21 18:37:27.330026
2020-01-16,16:15,28.6,27.9,99.8,0.0,N @0.0,0.0,0.02,13,35.4,28.3,"Horrigan, Benton County",100129,Horrigan,2020-01-21 18:37:27.330026
2020-01-16,16:30,28.5,27.9,99.8,0.0,S@1.1,3.5,0.03,8,35.5,28.2,"Horrigan, Benton County",100129,Horrigan,2020-01-21 18:37:27.330026
2020-01-16,16:45,28.3,27.6,99.9,0.0,SE@0.2,3.5,0.03,3,35.5,28.1,"Horrigan, Benton County",100129,Horrigan,2020-01-21 18:37:27.330026
2020-01-16,17:00,28.1,27.4,99.9,0.0,N @0.0,0.0,0.04,0,35.5,27.8,"Horrigan, Benton County",100129,Horrigan,2020-01-21 18:37:27.330026
2020-01-16,17:15,28.1,27.4,99.9,0.0,N @0.0,0.0,0.06,0,35.5,27.7,"Horrigan, Benton County",100129,Horrigan,2020-01-21 18:37:27.330026
2020-01-16,17:30,28.0,27.3,100.0,0.0,N @0.0,0.0,0.06,0,35.5,27.7,"Horrigan, Benton County",100129,Horrigan,2020-01-21 18:37:27.330026
2020-01-16,17:45,28.0,27.3,100.0,0.0,N @0.0,0.0,0.09,0,35.5,27.7,"Horrigan, Benton County",100129,Horrigan,2020-01-21 18:37:27.330026
2020-01-16,18:00,28.0,27.3,100.0,0.0,N @0.0,0.0,0.1,0,35.5,27.7,"Horrigan, Benton County",100129,Horrigan,2020-01-21 18:37:27.330026
2020-01-16,18:15,27.9,27.1,100.0,0.0,N @0.0,0.0,0.11,0,35.5,27.5,"Horrigan, Benton County",100129,Horrigan,2020-01-21 18:37:27.330026
2020-01-16,18:30,27.3,26.5,100.0,0.0,N @0.0,0.0,0.13,0,35.5,27.0,"Horrigan, Benton County",100129,Horrigan,2020-01-21 18:37:27.330026
2020-01-16,18:45,27.4,26.7,100.0,0.0,N @0.0,0.0,0.11,0,35.5,27.1,"Horrigan, Benton County",100129,Horrigan,2020-01-21 18:37:27.330026
2020-01-16,19:00,27.4,26.6,100.0,0.0,N @0.0,0.0,0.12,0,35.5,27.0,"Horrigan, Benton County",100129,Horrigan,2020-01-21 18:37:27.330026
2020-01-16,19:15,27.6,26.8,100.0,0.0,N @0.0,0.0,0.12,0,35.5,27.3,"Horrigan, Benton County",100129,Horrigan,2020-01-21 18:37:27.330026
2020-01-16,19:30,27.8,27.1,100.0,0.0,N @0.0,0.0,0.13,0,35.5,27.5,"Horrigan, Benton County",100129,Horrigan,2020-01-21 18:37:27.330026
2020-01-16,19:45,28.2,27.5,100.0,0.0,N @0.0,0.0,0.14,0,35.5,27.9,"Horrigan, Benton County",100129,Horrigan,2020-01-21 18:37:27.330026
2020-01-16,20:00,28.3,27.6,100.0,0.0,N @0.0,0.0,0.14,0,35.5,28.0,"Horrigan, Benton County",100129,Horrigan,2020-01-21 18:37:27.330026
2020-01-16,20:15,28.3,27.7,100.0,0.0,N @0.0,0.0,0.15,0,35.5,28.0,"Horrigan, Benton County",100129,Horrigan,2020-01-21 18:37:27.330026
2020-01-16,20:30,28.4,27.8,100.0,0.0,SW@0.6,2.8,0.15,0,35.5,28.1,"Horrigan, Benton County",100129,Horrigan,2020-01-21 18:37:27.330026
2020-01-16,20:45,28.4,27.8,100.0,0.0,N @0.0,0.0,0.16,0,35.5,28.1,"Horrigan, Benton County",100129,Horrigan,2020-01-21 18:37:27.330026
2020-01-16,21:00,28.4,27.8,100.0,0.0,N @0.0,0.0,0.16,0,35.5,28.1,"Horrigan, Benton County",100129,Horrigan,2020-01-21 18:37:27.330026
2020-01-16,21:15,28.4,27.8,100.0,0.0,W@0.3,3.9,0.17,0,35.5,28.2,"Horrigan, Benton County",100129,Horrigan,2020-01-21 18:37:27.330026
2020-01-16,21:30,28.4,27.8,100.0,0.0,N @0.0,0.0,0.17,0,35.5,28.2,"Horrigan, Benton County",100129,Horrigan,2020-01-21 18:37:27.330026
2020-01-16,21:45,28.4,27.7,100.0,0.0,N @0.0,0.0,0.17,0,35.5,28.1,"Horrigan, Benton County",100129,Horrigan,2020-01-21 18:37:27.330026
2020-01-16,22:00,28.2,27.6,100.0,0.0,S@0.8,3.9,0.18,0,35.5,28.0,"Horrigan, Benton County",100129,Horrigan,2020-01-21 18:37:27.330026
2020-01-16,22:15,28.1,27.4,100.0,0.0,SW@0.2,4.2,0.18,0,35.5,27.8,"Horrigan, Benton County",100129,Horrigan,2020-01-21 18:37:27.330026
2020-01-16,22:30,28.0,27.3,100.0,0.0,SW@1.2,4.9,0.18,0,35.5,27.7,"Horrigan, Benton County",100129,Horrigan,2020-01-21 18:37:27.330026
2020-01-16,22:45,27.9,27.2,100.0,0.0,SW@1.0,4.2,0.18,0,35.5,27.7,"Horrigan, Benton County",100129,Horrigan,2020-01-21 18:37:27.330026
2020-01-16,23:00,27.9,27.2,100.0,0.0,SW@0.0,1.7,0.19,0,35.5,27.7,"Horrigan, Benton County",100129,Horrigan,2020-01-21 18:37:27.330026
2020-01-16,23:15,27.9,27.2,100.0,0.0,SW@0.0,2.1,0.19,0,35.5,27.6,"Horrigan, Benton County",100129,Horrigan,2020-01-21 18:37:27.330026
2020-01-16,23:30,27.8,27.1,100.0,0.0,SW@0.8,4.9,0.19,0,35.5,27.6,"Horrigan, Benton County",100129,Horrigan,2020-01-21 18:37:27.330026
2020-01-16,23:45,27.7,27.0,100.0,0.0,SW@0.7,5.3,0.2,0,35.5,27.5,"Horrigan, Benton County",100129,Horrigan,2020-01-21 18:37:27.330026
2020-01-16,24:00,27.7,27.0,100.0,0.0,N @0.0,0.0,0.2,0,35.5,27.4,"Horrigan, Benton County",100129,Horrigan,2020-01-21 18:37:27.330026
