Date,Time PST,Air Temp °F, 2<sup>nd</sup> Air Temp °F, Dew Point °F, Rel Hum %, Leaf Wet u., Wind Dir @ Speed mph, Wind Gust mph, 8 in. Soil Tmp °F, Tot Prec in, Solar Rad W/m²,Location,Station ID,Station Name,Download Timestamp
2017-01-04,00:15,11.2,10.9,6.6,90.8,0.0,NE@10.8,13.2,33.7,0.0,0,"Huntsville, Columbia County",300034,Huntsville,2017-12-12 06:28:34.937213
2017-01-04,00:30,11.1,10.8,6.9,92.3,0.0,NE@10.2,12.8,33.7,0.0,0,"Huntsville, Columbia County",300034,Huntsville,2017-12-12 06:28:34.937213
2017-01-04,00:45,10.6,10.3,6.7,93.6,0.0,NE@9.6,11.4,33.7,0.0,0,"Huntsville, Columbia County",300034,Huntsville,2017-12-12 06:28:34.937213
2017-01-04,01:00,9.7,9.4,5.5,92.7,0.0,NE@9.0,11.0,33.7,0.0,0,"Huntsville, Columbia County",300034,Huntsville,2017-12-12 06:28:34.937213
2017-01-04,01:15,10.0,9.7,5.7,92.5,0.0,NE@11.1,13.9,33.7,0.0,0,"Huntsville, Columbia County",300034,Huntsville,2017-12-12 06:28:34.937213
2017-01-04,01:30,10.4,10.1,6.1,92.1,0.0,E@6.7,14.2,33.7,0.0,0,"Huntsville, Columbia County",300034,Huntsville,2017-12-12 06:28:34.937213
2017-01-04,01:45,10.7,10.4,6.4,92.0,0.0,NE@11.2,17.8,33.7,0.0,0,"Huntsville, Columbia County",300034,Huntsville,2017-12-12 06:28:34.937213
2017-01-04,02:00,10.9,10.6,6.5,91.6,0.0,E@8.8,16.7,33.7,0.0,0,"Huntsville, Columbia County",300034,Huntsville,2017-12-12 06:28:34.937213
2017-01-04,02:15,11.8,11.5,7.6,92.4,0.0,E@11.5,21.0,33.7,0.0,0,"Huntsville, Columbia County",300034,Huntsville,2017-12-12 06:28:34.937213
2017-01-04,02:30,12.0,11.7,7.8,92.0,0.0,E@8.1,15.7,33.6,0.0,0,"Huntsville, Columbia County",300034,Huntsville,2017-12-12 06:28:34.937213
2017-01-04,02:45,12.2,12.0,8.1,92.2,0.0,E@8.8,17.1,33.6,0.0,0,"Huntsville, Columbia County",300034,Huntsville,2017-12-12 06:28:34.937213
2017-01-04,03:00,12.3,12.0,8.2,92.4,0.0,E@7.1,12.4,33.6,0.0,0,"Huntsville, Columbia County",300034,Huntsville,2017-12-12 06:28:34.937213
2017-01-04,03:15,15.4,15.3,10.7,89.0,0.0,NE@18.4,27.1,33.6,0.0,0,"Huntsville, Columbia County",300034,Huntsville,2017-12-12 06:28:34.937213
2017-01-04,03:30,16.7,16.5,11.2,85.6,0.0,NE@23.1,28.6,33.6,0.0,0,"Huntsville, Columbia County",300034,Huntsville,2017-12-12 06:28:34.937213
2017-01-04,03:45,13.7,13.4,8.9,88.8,0.0,E@7.7,18.2,33.6,0.0,0,"Huntsville, Columbia County",300034,Huntsville,2017-12-12 06:28:34.937213
2017-01-04,04:00,13.3,13.1,8.9,90.8,0.0,SE@8.0,17.5,33.6,0.0,0,"Huntsville, Columbia County",300034,Huntsville,2017-12-12 06:28:34.937213
2017-01-04,04:15,13.1,12.9,8.8,91.1,0.0,SE@9.5,17.8,33.6,0.0,0,"Huntsville, Columbia County",300034,Huntsville,2017-12-12 06:28:34.937213
2017-01-04,04:30,13.8,13.5,8.9,88.7,0.0,SE@6.3,12.8,33.6,0.0,0,"Huntsville, Columbia County",300034,Huntsville,2017-12-12 06:28:34.937213
2017-01-04,04:45,14.9,14.6,8.9,84.1,0.0,NE@5.7,18.9,33.6,0.0,0,"Huntsville, Columbia County",300034,Huntsville,2017-12-12 06:28:34.937213
2017-01-04,05:00,13.9,13.6,8.3,86.1,0.0,NE@5.8,12.8,33.6,0.0,0,"Huntsville, Columbia County",300034,Huntsville,2017-12-12 06:28:34.937213
2017-01-04,05:15,13.5,13.2,8.3,87.7,0.0,NE@6.2,11.7,33.6,0.0,0,"Huntsville, Columbia County",300034,Huntsville,2017-12-12 06:28:34.937213
2017-01-04,05:30,13.5,13.2,8.4,88.2,0.0,NE@7.0,17.8,33.6,0.0,0,"Huntsville, Columbia County",300034,Huntsville,2017-12-12 06:28:34.937213
2017-01-04,05:45,13.5,13.2,8.3,87.6,0.0,E@6.2,9.9,33.6,0.0,0,"Huntsville, Columbia County",300034,Huntsville,2017-12-12 06:28:34.937213
2017-01-04,06:00,13.4,13.1,8.0,86.8,0.0,E@7.9,17.8,33.6,0.0,0,"Huntsville, Columbia County",300034,Huntsville,2017-12-12 06:28:34.937213
2017-01-04,06:15,12.9,12.6,7.3,86.1,0.0,NE@5.9,10.7,33.6,0.0,0,"Huntsville, Columbia County",300034,Huntsville,2017-12-12 06:28:34.937213
2017-01-04,06:30,13.3,13.0,7.2,84.1,0.0,N@4.2,8.9,33.6,0.0,0,"Huntsville, Columbia County",300034,Huntsville,2017-12-12 06:28:34.937213
2017-01-04,06:45,13.2,12.9,7.0,83.6,0.0,SE@6.5,19.2,33.6,0.0,0,"Huntsville, Columbia County",300034,Huntsville,2017-12-12 06:28:34.937213
2017-01-04,07:00,12.8,12.5,6.3,82.7,0.0,NE@6.0,10.3,33.6,0.0,0,"Huntsville, Columbia County",300034,Huntsville,2017-12-12 06:28:34.937213
2017-01-04,07:15,13.0,12.8,6.5,82.8,0.0,NE@13.0,21.8,33.6,0.0,1,"Huntsville, Columbia County",300034,Huntsville,2017-12-12 06:28:34.937213
2017-01-04,07:30,12.4,12.1,6.2,83.9,0.0,E@10.1,17.1,33.6,0.0,2,"Huntsville, Columbia County",300034,Huntsville,2017-12-12 06:28:34.937213
2017-01-04,07:45,11.8,11.5,5.9,85.3,0.0,E@7.0,13.5,33.6,0.0,5,"Huntsville, Columbia County",300034,Huntsville,2017-12-12 06:28:34.937213
2017-01-04,08:00,13.6,13.3,6.5,80.3,0.0,NE@20.9,27.8,33.6,0.0,18,"Huntsville, Columbia County",300034,Huntsville,2017-12-12 06:28:34.937213
2017-01-04,08:15,13.7,13.4,6.6,80.3,0.0,NE@24.3,29.3,33.6,0.0,29,"Huntsville, Columbia County",300034,Huntsville,2017-12-12 06:28:34.937213
2017-01-04,08:30,13.7,13.3,6.2,78.9,0.0,NE@18.9,25.0,33.6,0.0,63,"Huntsville, Columbia County",300034,Huntsville,2017-12-12 06:28:34.937213
2017-01-04,08:45,14.6,14.1,7.0,78.4,0.0,NE@19.2,24.6,33.6,0.0,142,"Huntsville, Columbia County",300034,Huntsville,2017-12-12 06:28:34.937213
2017-01-04,09:00,12.6,12.1,6.4,83.7,0.0,E@10.2,18.5,33.6,0.0,131,"Huntsville, Columbia County",300034,Huntsville,2017-12-12 06:28:34.937213
2017-01-04,09:15,12.4,11.8,7.4,88.6,0.0,SE@6.8,10.7,33.6,0.0,205,"Huntsville, Columbia County",300034,Huntsville,2017-12-12 06:28:34.937213
2017-01-04,09:30,12.8,12.0,7.8,88.8,0.0,SE@7.4,10.7,33.6,0.0,248,"Huntsville, Columbia County",300034,Huntsville,2017-12-12 06:28:34.937213
2017-01-04,09:45,13.0,12.4,7.8,87.5,0.0,S@5.5,7.4,33.6,0.0,251,"Huntsville, Columbia County",300034,Huntsville,2017-12-12 06:28:34.937213
2017-01-04,10:00,12.3,11.8,7.0,87.5,0.0,S@6.6,8.9,33.5,0.0,301,"Huntsville, Columbia County",300034,Huntsville,2017-12-12 06:28:34.937213
2017-01-04,10:15,12.5,11.9,7.1,87.1,0.0,SW@7.0,9.2,33.5,0.0,335,"Huntsville, Columbia County",300034,Huntsville,2017-12-12 06:28:34.937213
2017-01-04,10:30,13.5,12.9,7.9,86.0,0.0,SW@7.1,9.9,33.5,0.0,343,"Huntsville, Columbia County",300034,Huntsville,2017-12-12 06:28:34.937213
2017-01-04,10:45,13.6,12.9,8.2,86.6,0.0,SW@7.4,9.9,33.5,0.0,327,"Huntsville, Columbia County",300034,Huntsville,2017-12-12 06:28:34.937213
2017-01-04,11:00,13.6,13.0,8.3,87.2,0.0,SW@9.4,13.2,33.5,0.0,362,"Huntsville, Columbia County",300034,Huntsville,2017-12-12 06:28:34.937213
2017-01-04,11:15,14.2,13.6,8.8,86.9,0.0,S@8.8,12.1,33.5,0.0,371,"Huntsville, Columbia County",300034,Huntsville,2017-12-12 06:28:34.937213
2017-01-04,11:30,14.5,13.9,9.2,86.9,0.0,SW@8.7,11.4,33.5,0.0,378,"Huntsville, Columbia County",300034,Huntsville,2017-12-12 06:28:34.937213
2017-01-04,11:45,14.0,13.5,8.9,88.0,0.0,SW@9.4,13.9,33.5,0.0,380,"Huntsville, Columbia County",300034,Huntsville,2017-12-12 06:28:34.937213
2017-01-04,12:00,14.3,13.9,9.4,88.4,0.0,SW@8.5,10.7,33.5,0.0,391,"Huntsville, Columbia County",300034,Huntsville,2017-12-12 06:28:34.937213
2017-01-04,12:15,14.6,14.3,9.5,87.6,0.0,SW@7.9,10.7,33.5,0.0,389,"Huntsville, Columbia County",300034,Huntsville,2017-12-12 06:28:34.937213
2017-01-04,12:30,14.9,14.5,9.5,86.5,0.0,SW@7.1,9.2,33.5,0.0,379,"Huntsville, Columbia County",300034,Huntsville,2017-12-12 06:28:34.937213
2017-01-04,12:45,14.8,14.2,9.5,87.0,0.0,SW@7.9,10.3,33.5,0.0,374,"Huntsville, Columbia County",300034,Huntsville,2017-12-12 06:28:34.937213
2017-01-04,13:00,14.7,14.1,9.5,87.3,0.0,SW@9.5,12.1,33.5,0.0,351,"Huntsville, Columbia County",300034,Huntsville,2017-12-12 06:28:34.937213
2017-01-04,13:15,14.5,14.1,9.5,87.7,0.0,SW@9.4,11.7,33.5,0.0,339,"Huntsville, Columbia County",300034,Huntsville,2017-12-12 06:28:34.937213
2017-01-04,13:30,14.8,14.2,9.4,86.6,0.0,S@9.1,11.4,33.5,0.0,278,"Huntsville, Columbia County",300034,Huntsville,2017-12-12 06:28:34.937213
2017-01-04,13:45,14.7,14.0,9.3,86.5,0.0,SW@7.9,11.4,33.5,0.0,305,"Huntsville, Columbia County",300034,Huntsville,2017-12-12 06:28:34.937213
2017-01-04,14:00,14.7,14.1,9.1,85.8,0.0,SW@7.9,10.3,33.5,0.0,283,"Huntsville, Columbia County",300034,Huntsville,2017-12-12 06:28:34.937213
2017-01-04,14:15,14.6,13.9,8.9,85.3,0.0,SW@7.9,11.0,33.5,0.0,245,"Huntsville, Columbia County",300034,Huntsville,2017-12-12 06:28:34.937213
2017-01-04,14:30,14.4,13.9,8.7,85.2,0.0,SW@7.9,11.0,33.5,0.0,232,"Huntsville, Columbia County",300034,Huntsville,2017-12-12 06:28:34.937213
2017-01-04,14:45,14.2,13.7,8.6,85.7,0.0,SW@7.9,9.9,33.5,0.0,204,"Huntsville, Columbia County",300034,Huntsville,2017-12-12 06:28:34.937213
2017-01-04,15:00,13.8,13.3,8.5,87.0,0.0,SW@8.4,10.7,33.5,0.0,174,"Huntsville, Columbia County",300034,Huntsville,2017-12-12 06:28:34.937213
2017-01-04,15:15,13.6,13.1,8.3,87.2,0.0,SW@8.3,10.7,33.5,0.0,140,"Huntsville, Columbia County",300034,Huntsville,2017-12-12 06:28:34.937213
2017-01-04,15:30,13.4,12.8,8.1,87.4,0.0,SW@8.8,10.7,33.5,0.0,111,"Huntsville, Columbia County",300034,Huntsville,2017-12-12 06:28:34.937213
2017-01-04,15:45,12.7,12.2,7.7,88.7,0.0,SW@8.2,9.9,33.5,0.0,81,"Huntsville, Columbia County",300034,Huntsville,2017-12-12 06:28:34.937213
2017-01-04,16:00,11.9,11.5,7.0,89.0,0.0,SW@7.0,8.9,33.5,0.0,50,"Huntsville, Columbia County",300034,Huntsville,2017-12-12 06:28:34.937213
2017-01-04,16:15,10.8,10.4,5.8,89.3,0.0,S@6.5,7.4,33.5,0.0,20,"Huntsville, Columbia County",300034,Huntsville,2017-12-12 06:28:34.937213
2017-01-04,16:30,10.0,9.6,5.2,90.2,0.0,S@6.9,8.5,33.5,0.0,5,"Huntsville, Columbia County",300034,Huntsville,2017-12-12 06:28:34.937213
2017-01-04,16:45,9.6,9.1,4.8,90.5,0.0,S@5.2,6.7,33.5,0.0,2,"Huntsville, Columbia County",300034,Huntsville,2017-12-12 06:28:34.937213
2017-01-04,17:00,9.2,8.8,4.0,89.0,0.0,S@6.3,7.4,33.5,0.0,1,"Huntsville, Columbia County",300034,Huntsville,2017-12-12 06:28:34.937213
2017-01-04,17:15,8.9,8.6,3.7,88.8,0.0,S@6.0,7.1,33.5,0.0,0,"Huntsville, Columbia County",300034,Huntsville,2017-12-12 06:28:34.937213
2017-01-04,17:30,8.8,8.5,3.5,88.5,0.0,S@5.4,6.7,33.5,0.0,0,"Huntsville, Columbia County",300034,Huntsville,2017-12-12 06:28:34.937213
2017-01-04,17:45,8.7,8.3,3.5,88.7,0.0,S@4.8,6.0,33.5,0.0,0,"Huntsville, Columbia County",300034,Huntsville,2017-12-12 06:28:34.937213
2017-01-04,18:00,9.1,8.7,3.9,88.7,0.0,S@4.3,5.3,33.5,0.0,0,"Huntsville, Columbia County",300034,Huntsville,2017-12-12 06:28:34.937213
2017-01-04,18:15,9.2,8.8,4.1,89.3,0.0,SE@2.5,3.5,33.5,0.0,0,"Huntsville, Columbia County",300034,Huntsville,2017-12-12 06:28:34.937213
2017-01-04,18:30,9.5,9.2,4.6,89.8,0.0,SE@2.1,2.8,33.5,0.0,0,"Huntsville, Columbia County",300034,Huntsville,2017-12-12 06:28:34.937213
2017-01-04,18:45,9.2,8.8,4.3,90.0,0.0,E@3.0,4.2,33.5,0.0,0,"Huntsville, Columbia County",300034,Huntsville,2017-12-12 06:28:34.937213
2017-01-04,19:00,9.1,8.8,4.3,90.3,0.0,E@2.8,3.5,33.5,0.0,0,"Huntsville, Columbia County",300034,Huntsville,2017-12-12 06:28:34.937213
2017-01-04,19:15,9.3,9.0,4.6,90.6,0.0,E@1.0,2.8,33.5,0.0,0,"Huntsville, Columbia County",300034,Huntsville,2017-12-12 06:28:34.937213
2017-01-04,19:30,9.0,8.6,4.2,90.5,0.0,SE@0.0,1.4,33.5,0.0,0,"Huntsville, Columbia County",300034,Huntsville,2017-12-12 06:28:34.937213
2017-01-04,19:45,8.7,8.4,4.1,91.2,0.0,N@0.0,0.0,33.5,0.0,0,"Huntsville, Columbia County",300034,Huntsville,2017-12-12 06:28:34.937213
2017-01-04,20:00,8.9,8.5,4.2,91.1,0.0,N@0.0,0.0,33.5,0.0,0,"Huntsville, Columbia County",300034,Huntsville,2017-12-12 06:28:34.937213
2017-01-04,20:15,9.2,8.8,4.5,90.9,0.0,N@0.0,0.0,33.4,0.0,0,"Huntsville, Columbia County",300034,Huntsville,2017-12-12 06:28:34.937213
2017-01-04,20:30,8.5,8.2,3.7,90.6,0.0,N@0.0,0.0,33.4,0.0,0,"Huntsville, Columbia County",300034,Huntsville,2017-12-12 06:28:34.937213
2017-01-04,20:45,8.2,7.9,3.5,90.9,0.0,N@0.0,0.0,33.4,0.0,0,"Huntsville, Columbia County",300034,Huntsville,2017-12-12 06:28:34.937213
2017-01-04,21:00,8.2,7.8,3.5,91.0,0.0,N@0.0,0.0,33.4,0.0,0,"Huntsville, Columbia County",300034,Huntsville,2017-12-12 06:28:34.937213
2017-01-04,21:15,7.3,7.0,2.4,90.4,0.0,N@0.0,0.0,33.4,0.0,0,"Huntsville, Columbia County",300034,Huntsville,2017-12-12 06:28:34.937213
2017-01-04,21:30,8.1,7.7,3.3,91.0,0.0,N@0.0,0.0,33.4,0.0,0,"Huntsville, Columbia County",300034,Huntsville,2017-12-12 06:28:34.937213
2017-01-04,21:45,8.2,7.9,3.4,90.7,0.0,N@0.0,0.0,33.4,0.0,0,"Huntsville, Columbia County",300034,Huntsville,2017-12-12 06:28:34.937213
2017-01-04,22:00,8.2,7.9,3.4,90.7,0.0,N@0.0,0.0,33.4,0.0,0,"Huntsville, Columbia County",300034,Huntsville,2017-12-12 06:28:34.937213
2017-01-04,22:15,7.7,7.4,2.9,90.6,0.0,N@0.0,0.0,33.4,0.0,0,"Huntsville, Columbia County",300034,Huntsville,2017-12-12 06:28:34.937213
2017-01-04,22:30,7.4,7.1,2.5,90.6,0.0,N@0.0,0.0,33.4,0.0,0,"Huntsville, Columbia County",300034,Huntsville,2017-12-12 06:28:34.937213
2017-01-04,22:45,7.6,7.3,2.7,90.5,0.0,N@0.0,0.0,33.4,0.0,0,"Huntsville, Columbia County",300034,Huntsville,2017-12-12 06:28:34.937213
2017-01-04,23:00,7.3,7.0,2.4,90.2,0.0,N@0.0,0.0,33.4,0.0,0,"Huntsville, Columbia County",300034,Huntsville,2017-12-12 06:28:34.937213
2017-01-04,23:15,7.3,7.0,2.3,90.3,0.0,N@0.0,0.0,33.4,0.0,0,"Huntsville, Columbia County",300034,Huntsville,2017-12-12 06:28:34.937213
2017-01-04,23:30,7.4,7.1,2.5,90.3,0.0,N@0.0,0.0,33.4,0.0,0,"Huntsville, Columbia County",300034,Huntsville,2017-12-12 06:28:34.937213
2017-01-04,23:45,7.6,7.2,2.7,90.6,0.0,N@0.0,0.0,33.4,0.0,0,"Huntsville, Columbia County",300034,Huntsville,2017-12-12 06:28:34.937213
2017-01-04,24:00,7.7,7.4,2.8,90.4,0.0,N@0.0,0.0,33.4,0.0,0,"Huntsville, Columbia County",300034,Huntsville,2017-12-12 06:28:34.937213
2017-01-05,00:15,7.9,7.6,2.9,90.0,0.0,N@0.0,0.0,33.4,0.0,0,"Huntsville, Columbia County",300034,Huntsville,2017-12-12 06:28:34.937213
2017-01-05,00:30,7.3,6.9,2.2,89.5,0.0,N@0.0,0.0,33.4,0.0,0,"Huntsville, Columbia County",300034,Huntsville,2017-12-12 06:28:34.937213
2017-01-05,00:45,7.3,7.0,2.2,89.5,0.0,N@0.0,0.0,33.4,0.0,0,"Huntsville, Columbia County",300034,Huntsville,2017-12-12 06:28:34.937213
2017-01-05,01:00,7.0,6.7,1.9,89.6,0.0,N@0.0,0.0,33.4,0.0,0,"Huntsville, Columbia County",300034,Huntsville,2017-12-12 06:28:34.937213
2017-01-05,01:15,6.2,5.9,0.9,88.9,0.0,N@0.0,0.0,33.4,0.0,0,"Huntsville, Columbia County",300034,Huntsville,2017-12-12 06:28:34.937213
2017-01-05,01:30,6.1,5.8,0.5,88.0,0.0,N@0.0,0.0,33.4,0.0,0,"Huntsville, Columbia County",300034,Huntsville,2017-12-12 06:28:34.937213
2017-01-05,01:45,6.5,6.2,0.8,87.2,0.0,N@0.0,0.0,33.4,0.0,0,"Huntsville, Columbia County",300034,Huntsville,2017-12-12 06:28:34.937213
2017-01-05,02:00,7.1,6.7,1.0,85.7,0.0,N@0.0,0.0,33.4,0.0,0,"Huntsville, Columbia County",300034,Huntsville,2017-12-12 06:28:34.937213
2017-01-05,02:15,7.3,6.9,0.9,84.2,0.0,N@0.0,0.0,33.4,0.0,0,"Huntsville, Columbia County",300034,Huntsville,2017-12-12 06:28:34.937213
2017-01-05,02:30,7.2,6.8,0.8,84.2,0.0,N@0.0,0.0,33.4,0.0,0,"Huntsville, Columbia County",300034,Huntsville,2017-12-12 06:28:34.937213
2017-01-05,02:45,6.9,6.5,0.6,84.6,0.0,N@0.0,0.0,33.4,0.0,0,"Huntsville, Columbia County",300034,Huntsville,2017-12-12 06:28:34.937213
2017-01-05,03:00,6.5,6.2,0.5,85.9,0.0,N@0.0,0.0,33.4,0.0,0,"Huntsville, Columbia County",300034,Huntsville,2017-12-12 06:28:34.937213
2017-01-05,03:15,6.1,5.8,0.1,86.2,0.0,N@0.0,0.0,33.3,0.0,0,"Huntsville, Columbia County",300034,Huntsville,2017-12-12 06:28:34.937213
2017-01-05,03:30,5.9,5.6,-0.2,85.9,0.0,N@0.0,0.0,33.3,0.0,0,"Huntsville, Columbia County",300034,Huntsville,2017-12-12 06:28:34.937213
2017-01-05,03:45,6.4,6.1,0.1,84.8,0.0,N@0.0,0.0,33.3,0.0,0,"Huntsville, Columbia County",300034,Huntsville,2017-12-12 06:28:34.937213
2017-01-05,04:00,6.4,6.1,0.0,84.5,0.0,N@0.0,0.0,33.3,0.0,0,"Huntsville, Columbia County",300034,Huntsville,2017-12-12 06:28:34.937213
2017-01-05,04:15,6.6,6.3,0.1,84.1,0.0,N@0.0,0.0,33.3,0.0,0,"Huntsville, Columbia County",300034,Huntsville,2017-12-12 06:28:34.937213
2017-01-05,04:30,6.5,6.2,0.0,83.8,0.0,N@0.0,0.0,33.3,0.0,0,"Huntsville, Columbia County",300034,Huntsville,2017-12-12 06:28:34.937213
2017-01-05,04:45,5.9,5.5,-0.6,84.6,0.0,N@0.0,0.0,33.3,0.0,0,"Huntsville, Columbia County",300034,Huntsville,2017-12-12 06:28:34.937213
2017-01-05,05:00,5.3,5.0,-0.8,85.9,0.0,N@0.0,0.0,33.3,0.0,0,"Huntsville, Columbia County",300034,Huntsville,2017-12-12 06:28:34.937213
2017-01-05,05:15,5.2,5.0,-1.1,85.2,0.0,N@0.0,0.0,33.3,0.0,0,"Huntsville, Columbia County",300034,Huntsville,2017-12-12 06:28:34.937213
2017-01-05,05:30,5.5,5.2,-1.0,84.5,0.0,N@0.0,0.0,33.3,0.0,0,"Huntsville, Columbia County",300034,Huntsville,2017-12-12 06:28:34.937213
2017-01-05,05:45,6.1,5.8,-0.5,83.7,0.0,SW@0.0,1.4,33.3,0.0,0,"Huntsville, Columbia County",300034,Huntsville,2017-12-12 06:28:34.937213
2017-01-05,06:00,6.0,5.6,-0.7,83.1,0.0,N@0.0,0.0,33.3,0.0,0,"Huntsville, Columbia County",300034,Huntsville,2017-12-12 06:28:34.937213
2017-01-05,06:15,5.8,5.5,-0.8,83.8,0.0,N@0.0,0.0,33.3,0.0,0,"Huntsville, Columbia County",300034,Huntsville,2017-12-12 06:28:34.937213
2017-01-05,06:30,5.5,5.2,-1.0,84.0,0.0,N@0.0,0.0,33.3,0.0,0,"Huntsville, Columbia County",300034,Huntsville,2017-12-12 06:28:34.937213
2017-01-05,06:45,5.2,4.8,-1.2,84.9,0.0,N@0.0,0.0,33.3,0.0,0,"Huntsville, Columbia County",300034,Huntsville,2017-12-12 06:28:34.937213
2017-01-05,07:00,5.3,4.9,-1.1,84.8,0.0,N@0.0,0.0,33.3,0.0,0,"Huntsville, Columbia County",300034,Huntsville,2017-12-12 06:28:34.937213
2017-01-05,07:15,5.4,5.2,-1.0,84.6,0.0,N@0.0,0.0,33.3,0.0,2,"Huntsville, Columbia County",300034,Huntsville,2017-12-12 06:28:34.937213
2017-01-05,07:30,5.3,5.0,-1.1,84.6,0.0,N@0.0,0.0,33.3,0.0,2,"Huntsville, Columbia County",300034,Huntsville,2017-12-12 06:28:34.937213
2017-01-05,07:45,5.1,4.8,-1.4,84.5,0.0,N@0.0,0.0,33.3,0.0,6,"Huntsville, Columbia County",300034,Huntsville,2017-12-12 06:28:34.937213
2017-01-05,08:00,5.3,4.9,-1.2,84.6,0.0,N@0.0,0.0,33.2,0.0,37,"Huntsville, Columbia County",300034,Huntsville,2017-12-12 06:28:34.937213
2017-01-05,08:15,6.4,5.9,-0.4,83.2,0.0,N@0.0,0.0,33.2,0.0,86,"Huntsville, Columbia County",300034,Huntsville,2017-12-12 06:28:34.937213
2017-01-05,08:30,7.3,6.8,0.5,82.7,0.0,S@1.1,4.9,33.2,0.0,122,"Huntsville, Columbia County",300034,Huntsville,2017-12-12 06:28:34.937213
2017-01-05,08:45,7.2,6.6,0.0,81.2,0.0,SW@4.4,5.7,33.2,0.0,151,"Huntsville, Columbia County",300034,Huntsville,2017-12-12 06:28:34.937213
2017-01-05,09:00,6.7,6.1,-0.4,81.8,0.0,W@4.7,6.4,33.2,0.0,176,"Huntsville, Columbia County",300034,Huntsville,2017-12-12 06:28:34.937213
2017-01-05,09:15,7.0,6.3,0.2,82.8,0.0,W@4.9,6.4,33.2,0.0,199,"Huntsville, Columbia County",300034,Huntsville,2017-12-12 06:28:34.937213
2017-01-05,09:30,7.5,6.8,0.6,82.4,0.0,SW@5.5,7.4,33.2,0.0,222,"Huntsville, Columbia County",300034,Huntsville,2017-12-12 06:28:34.937213
2017-01-05,09:45,8.2,8.0,1.3,82.4,0.0,SW@3.4,4.9,33.2,0.0,243,"Huntsville, Columbia County",300034,Huntsville,2017-12-12 06:28:34.937213
2017-01-05,10:00,10.2,9.3,3.4,82.2,0.0,S@3.3,5.3,33.2,0.0,266,"Huntsville, Columbia County",300034,Huntsville,2017-12-12 06:28:34.937213
2017-01-05,10:15,10.2,8.9,3.1,81.4,0.0,SE@4.9,7.1,33.2,0.0,288,"Huntsville, Columbia County",300034,Huntsville,2017-12-12 06:28:34.937213
2017-01-05,10:30,10.9,9.9,3.2,78.7,0.0,SE@3.6,5.3,33.2,0.0,309,"Huntsville, Columbia County",300034,Huntsville,2017-12-12 06:28:34.937213
2017-01-05,10:45,12.6,12.0,4.6,77.2,0.0,S@3.0,5.3,33.2,0.0,328,"Huntsville, Columbia County",300034,Huntsville,2017-12-12 06:28:34.937213
2017-01-05,11:00,13.1,12.5,4.9,76.4,0.0,S@3.5,5.7,33.2,0.0,348,"Huntsville, Columbia County",300034,Huntsville,2017-12-12 06:28:34.937213
2017-01-05,11:15,12.6,12.0,4.3,76.3,0.0,S@4.1,6.0,33.2,0.0,375,"Huntsville, Columbia County",300034,Huntsville,2017-12-12 06:28:34.937213
2017-01-05,11:30,13.1,12.5,5.0,77.0,0.0,S@6.5,8.9,33.1,0.0,393,"Huntsville, Columbia County",300034,Huntsville,2017-12-12 06:28:34.937213
2017-01-05,11:45,13.4,12.7,5.3,76.7,0.0,S@6.6,9.2,33.1,0.0,409,"Huntsville, Columbia County",300034,Huntsville,2017-12-12 06:28:34.937213
2017-01-05,12:00,12.7,12.0,4.5,76.7,0.0,S@8.5,10.7,33.1,0.0,379,"Huntsville, Columbia County",300034,Huntsville,2017-12-12 06:28:34.937213
2017-01-05,12:15,12.4,11.7,4.3,76.9,0.0,S@9.2,11.0,33.1,0.0,380,"Huntsville, Columbia County",300034,Huntsville,2017-12-12 06:28:34.937213
2017-01-05,12:30,12.3,11.6,4.1,76.9,0.0,S@10.3,12.4,33.1,0.0,377,"Huntsville, Columbia County",300034,Huntsville,2017-12-12 06:28:34.937213
2017-01-05,12:45,11.8,11.4,3.7,77.0,0.0,SW@10.8,14.6,33.1,0.0,368,"Huntsville, Columbia County",300034,Huntsville,2017-12-12 06:28:34.937213
2017-01-05,13:00,12.0,11.3,4.0,77.4,0.0,SW@9.9,12.8,33.1,0.0,356,"Huntsville, Columbia County",300034,Huntsville,2017-12-12 06:28:34.937213
2017-01-05,13:15,12.0,11.2,3.9,77.1,0.0,SW@9.6,12.1,33.1,0.0,342,"Huntsville, Columbia County",300034,Huntsville,2017-12-12 06:28:34.937213
2017-01-05,13:30,12.1,11.4,4.0,76.9,0.0,SW@7.8,11.4,33.1,0.0,325,"Huntsville, Columbia County",300034,Huntsville,2017-12-12 06:28:34.937213
2017-01-05,13:45,11.8,11.0,3.7,77.2,0.0,SW@8.1,12.4,33.1,0.0,305,"Huntsville, Columbia County",300034,Huntsville,2017-12-12 06:28:34.937213
2017-01-05,14:00,11.4,10.8,3.4,77.4,0.0,SW@7.8,10.3,33.1,0.0,283,"Huntsville, Columbia County",300034,Huntsville,2017-12-12 06:28:34.937213
2017-01-05,14:15,11.3,10.8,3.4,78.2,0.0,SW@8.1,10.3,33.1,0.0,260,"Huntsville, Columbia County",300034,Huntsville,2017-12-12 06:28:34.937213
2017-01-05,14:30,11.3,10.8,3.5,78.1,0.0,SW@7.2,9.2,33.1,0.0,237,"Huntsville, Columbia County",300034,Huntsville,2017-12-12 06:28:34.937213
2017-01-05,14:45,11.4,10.9,3.3,77.1,0.0,SW@6.2,8.5,33.1,0.0,222,"Huntsville, Columbia County",300034,Huntsville,2017-12-12 06:28:34.937213
2017-01-05,15:00,11.6,10.9,3.5,77.1,0.0,SW@6.1,8.2,33.1,0.0,194,"Huntsville, Columbia County",300034,Huntsville,2017-12-12 06:28:34.937213
2017-01-05,15:15,11.5,10.9,3.0,75.9,0.0,SW@6.3,8.2,33.1,0.0,174,"Huntsville, Columbia County",300034,Huntsville,2017-12-12 06:28:34.937213
2017-01-05,15:30,11.9,11.3,3.0,74.3,0.0,SW@5.4,8.5,33.1,0.0,161,"Huntsville, Columbia County",300034,Huntsville,2017-12-12 06:28:34.937213
2017-01-05,15:45,11.2,10.7,2.7,75.8,0.0,SW@6.8,8.9,33.1,0.0,116,"Huntsville, Columbia County",300034,Huntsville,2017-12-12 06:28:34.937213
2017-01-05,16:00,11.0,10.4,2.9,77.2,0.0,SW@6.0,8.9,33.1,0.0,75,"Huntsville, Columbia County",300034,Huntsville,2017-12-12 06:28:34.937213
2017-01-05,16:15,10.7,10.3,2.8,77.9,0.0,SW@5.4,7.1,33.1,0.0,36,"Huntsville, Columbia County",300034,Huntsville,2017-12-12 06:28:34.937213
2017-01-05,16:30,10.1,9.8,2.7,79.7,0.0,SW@4.7,6.4,33.1,0.0,10,"Huntsville, Columbia County",300034,Huntsville,2017-12-12 06:28:34.937213
2017-01-05,16:45,9.9,9.6,2.9,81.4,0.0,S@5.1,8.2,33.1,0.0,2,"Huntsville, Columbia County",300034,Huntsville,2017-12-12 06:28:34.937213
2017-01-05,17:00,9.7,9.3,2.8,82.1,0.0,S@3.9,5.7,33.1,0.0,1,"Huntsville, Columbia County",300034,Huntsville,2017-12-12 06:28:34.937213
2017-01-05,17:15,9.4,9.1,2.1,80.4,0.0,S@4.6,6.7,33.1,0.0,0,"Huntsville, Columbia County",300034,Huntsville,2017-12-12 06:28:34.937213
2017-01-05,17:30,8.9,8.4,1.4,79.8,0.0,S@5.0,6.4,33.0,0.0,0,"Huntsville, Columbia County",300034,Huntsville,2017-12-12 06:28:34.937213
2017-01-05,17:45,8.6,8.1,1.3,80.4,0.0,S@5.8,6.7,33.0,0.0,0,"Huntsville, Columbia County",300034,Huntsville,2017-12-12 06:28:34.937213
2017-01-05,18:00,8.8,8.2,1.4,80.5,0.0,S@6.1,7.1,33.0,0.0,0,"Huntsville, Columbia County",300034,Huntsville,2017-12-12 06:28:34.937213
2017-01-05,18:15,8.4,8.0,1.2,80.9,0.0,S@4.6,6.0,33.0,0.0,0,"Huntsville, Columbia County",300034,Huntsville,2017-12-12 06:28:34.937213
2017-01-05,18:30,8.1,8.0,1.2,82.3,0.0,SE@4.2,5.7,33.0,0.0,0,"Huntsville, Columbia County",300034,Huntsville,2017-12-12 06:28:34.937213
2017-01-05,18:45,8.5,8.3,1.6,82.2,0.0,SE@4.2,5.3,33.0,0.0,0,"Huntsville, Columbia County",300034,Huntsville,2017-12-12 06:28:34.937213
2017-01-05,19:00,8.4,8.1,1.7,83.2,0.0,SE@4.0,5.7,33.0,0.0,0,"Huntsville, Columbia County",300034,Huntsville,2017-12-12 06:28:34.937213
2017-01-05,19:15,9.0,8.7,2.1,81.9,0.0,SE@2.5,3.5,33.0,0.0,0,"Huntsville, Columbia County",300034,Huntsville,2017-12-12 06:28:34.937213
2017-01-05,19:30,9.1,8.8,2.0,81.2,0.0,E@3.2,4.6,33.0,0.0,0,"Huntsville, Columbia County",300034,Huntsville,2017-12-12 06:28:34.937213
2017-01-05,19:45,9.1,8.8,2.0,81.3,0.0,E@2.9,3.9,33.0,0.0,0,"Huntsville, Columbia County",300034,Huntsville,2017-12-12 06:28:34.937213
2017-01-05,20:00,9.6,9.4,2.2,80.0,0.0,SE@4.0,7.4,33.0,0.0,0,"Huntsville, Columbia County",300034,Huntsville,2017-12-12 06:28:34.937213
2017-01-05,20:15,9.5,9.1,2.0,79.5,0.0,S@4.2,5.7,33.0,0.0,0,"Huntsville, Columbia County",300034,Huntsville,2017-12-12 06:28:34.937213
2017-01-05,20:30,9.2,8.8,1.7,79.8,0.0,SE@3.9,6.0,33.0,0.0,0,"Huntsville, Columbia County",300034,Huntsville,2017-12-12 06:28:34.937213
2017-01-05,20:45,9.2,9.0,1.8,80.1,0.0,SE@4.6,7.4,33.0,0.0,0,"Huntsville, Columbia County",300034,Huntsville,2017-12-12 06:28:34.937213
2017-01-05,21:00,8.7,8.5,1.7,81.7,0.0,SE@4.7,5.7,33.0,0.0,0,"Huntsville, Columbia County",300034,Huntsville,2017-12-12 06:28:34.937213
2017-01-05,21:15,8.7,8.5,1.8,82.1,0.0,SE@4.4,5.3,33.0,0.0,0,"Huntsville, Columbia County",300034,Huntsville,2017-12-12 06:28:34.937213
2017-01-05,21:30,8.8,8.5,1.7,81.4,0.0,SE@3.8,4.6,33.0,0.0,0,"Huntsville, Columbia County",300034,Huntsville,2017-12-12 06:28:34.937213
2017-01-05,21:45,9.2,9.0,2.0,80.8,0.0,NE@4.7,6.0,33.0,0.0,0,"Huntsville, Columbia County",300034,Huntsville,2017-12-12 06:28:34.937213
2017-01-05,22:00,10.2,9.9,2.3,78.3,0.0,NE@3.6,4.9,33.0,0.0,0,"Huntsville, Columbia County",300034,Huntsville,2017-12-12 06:28:34.937213
2017-01-05,22:15,10.9,10.7,2.3,75.3,0.0,N@4.5,7.1,33.0,0.0,0,"Huntsville, Columbia County",300034,Huntsville,2017-12-12 06:28:34.937213
2017-01-05,22:30,10.8,10.5,1.9,74.5,0.0,N@6.6,7.8,33.0,0.0,0,"Huntsville, Columbia County",300034,Huntsville,2017-12-12 06:28:34.937213
2017-01-05,22:45,9.1,8.8,1.1,77.8,0.0,NE@5.6,7.8,33.0,0.0,0,"Huntsville, Columbia County",300034,Huntsville,2017-12-12 06:28:34.937213
2017-01-05,23:00,9.3,9.0,1.4,78.3,0.0,NE@6.1,8.2,33.0,0.0,0,"Huntsville, Columbia County",300034,Huntsville,2017-12-12 06:28:34.937213
2017-01-05,23:15,9.7,9.4,1.4,77.1,0.0,NE@5.2,6.4,33.0,0.0,0,"Huntsville, Columbia County",300034,Huntsville,2017-12-12 06:28:34.937213
2017-01-05,23:30,8.9,8.6,1.1,78.7,0.0,NE@5.8,6.7,33.0,0.0,0,"Huntsville, Columbia County",300034,Huntsville,2017-12-12 06:28:34.937213
2017-01-05,23:45,8.8,8.5,1.2,79.5,0.0,NE@5.5,6.4,33.0,0.0,0,"Huntsville, Columbia County",300034,Huntsville,2017-12-12 06:28:34.937213
2017-01-05,24:00,10.2,10.0,1.8,76.1,0.0,NE@5.2,6.0,33.0,0.0,0,"Huntsville, Columbia County",300034,Huntsville,2017-12-12 06:28:34.937213
2017-01-06,00:15,11.1,10.8,1.9,73.4,0.0,NE@5.1,6.0,33.0,0.0,0,"Huntsville, Columbia County",300034,Huntsville,2017-12-12 06:28:34.937213
2017-01-06,00:30,11.5,11.3,2.1,72.5,0.0,E@4.7,6.0,33.0,0.0,0,"Huntsville, Columbia County",300034,Huntsville,2017-12-12 06:28:34.937213
2017-01-06,00:45,11.6,11.4,2.1,72.2,0.0,SE@4.7,5.7,33.0,0.0,0,"Huntsville, Columbia County",300034,Huntsville,2017-12-12 06:28:34.937213
2017-01-06,01:00,11.1,11.0,2.1,73.8,0.0,SE@4.5,6.0,32.9,0.0,0,"Huntsville, Columbia County",300034,Huntsville,2017-12-12 06:28:34.937213
2017-01-06,01:15,12.2,12.0,2.6,72.0,0.0,E@3.5,4.9,32.9,0.0,0,"Huntsville, Columbia County",300034,Huntsville,2017-12-12 06:28:34.937213
2017-01-06,01:30,13.3,13.0,3.1,69.7,0.0,E@2.6,3.5,32.9,0.0,0,"Huntsville, Columbia County",300034,Huntsville,2017-12-12 06:28:34.937213
2017-01-06,01:45,14.1,13.8,3.3,67.7,0.0,E@1.3,2.8,32.9,0.0,0,"Huntsville, Columbia County",300034,Huntsville,2017-12-12 06:28:34.937213
2017-01-06,02:00,15.2,14.8,3.3,64.3,0.0,S@2.7,3.9,32.9,0.0,0,"Huntsville, Columbia County",300034,Huntsville,2017-12-12 06:28:34.937213
2017-01-06,02:15,15.4,14.8,3.1,63.3,0.0,S@3.4,4.2,32.9,0.0,0,"Huntsville, Columbia County",300034,Huntsville,2017-12-12 06:28:34.937213
2017-01-06,02:30,15.5,15.1,2.9,62.4,0.0,S@2.8,3.1,32.9,0.0,0,"Huntsville, Columbia County",300034,Huntsville,2017-12-12 06:28:34.937213
2017-01-06,02:45,14.9,14.6,2.9,64.0,0.0,S@1.3,2.8,32.9,0.0,0,"Huntsville, Columbia County",300034,Huntsville,2017-12-12 06:28:34.937213
2017-01-06,03:00,14.5,14.1,3.0,65.6,0.0,SE@0.2,2.1,32.9,0.0,0,"Huntsville, Columbia County",300034,Huntsville,2017-12-12 06:28:34.937213
2017-01-06,03:15,14.6,14.3,3.2,65.9,0.0,W@0.8,4.2,32.9,0.0,0,"Huntsville, Columbia County",300034,Huntsville,2017-12-12 06:28:34.937213
2017-01-06,03:30,14.4,14.1,3.2,66.5,0.0,W@2.2,3.1,32.9,0.0,0,"Huntsville, Columbia County",300034,Huntsville,2017-12-12 06:28:34.937213
2017-01-06,03:45,14.1,13.8,2.9,66.3,0.0,S@2.5,3.5,32.9,0.0,0,"Huntsville, Columbia County",300034,Huntsville,2017-12-12 06:28:34.937213
2017-01-06,04:00,13.3,13.0,3.0,69.5,0.0,E@0.2,2.1,32.9,0.0,0,"Huntsville, Columbia County",300034,Huntsville,2017-12-12 06:28:34.937213
2017-01-06,04:15,13.7,13.4,3.0,68.2,0.0,E@2.1,3.5,32.9,0.0,0,"Huntsville, Columbia County",300034,Huntsville,2017-12-12 06:28:34.937213
2017-01-06,04:30,13.1,12.8,2.9,69.8,0.0,E@1.6,3.9,32.8,0.0,0,"Huntsville, Columbia County",300034,Huntsville,2017-12-12 06:28:34.937213
2017-01-06,04:45,13.8,13.5,3.2,68.2,0.0,N@0.0,0.0,32.8,0.0,0,"Huntsville, Columbia County",300034,Huntsville,2017-12-12 06:28:34.937213
2017-01-06,05:00,13.9,13.6,3.2,68.2,0.0,SE@0.9,3.5,32.8,0.0,0,"Huntsville, Columbia County",300034,Huntsville,2017-12-12 06:28:34.937213
2017-01-06,05:15,14.4,14.0,3.6,67.9,0.0,N@0.0,0.0,32.8,0.0,0,"Huntsville, Columbia County",300034,Huntsville,2017-12-12 06:28:34.937213
2017-01-06,05:30,13.9,13.6,3.4,68.7,0.0,W@3.8,7.4,32.8,0.0,0,"Huntsville, Columbia County",300034,Huntsville,2017-12-12 06:28:34.937213
2017-01-06,05:45,13.1,12.9,3.0,70.1,0.0,NW@7.5,8.5,32.8,0.0,0,"Huntsville, Columbia County",300034,Huntsville,2017-12-12 06:28:34.937213
2017-01-06,06:00,13.3,13.1,2.9,69.3,0.0,NW@4.1,7.4,32.8,0.0,0,"Huntsville, Columbia County",300034,Huntsville,2017-12-12 06:28:34.937213
2017-01-06,06:15,12.7,12.4,2.6,70.3,0.0,E@1.6,4.6,32.8,0.0,0,"Huntsville, Columbia County",300034,Huntsville,2017-12-12 06:28:34.937213
2017-01-06,06:30,11.8,11.5,2.3,72.3,0.0,NE@4.0,5.3,32.8,0.0,0,"Huntsville, Columbia County",300034,Huntsville,2017-12-12 06:28:34.937213
2017-01-06,06:45,12.1,11.8,2.8,72.8,0.0,NE@3.1,4.2,32.8,0.0,0,"Huntsville, Columbia County",300034,Huntsville,2017-12-12 06:28:34.937213
2017-01-06,07:00,12.4,12.1,2.6,71.4,0.0,E@3.3,4.2,32.8,0.0,0,"Huntsville, Columbia County",300034,Huntsville,2017-12-12 06:28:34.937213
2017-01-06,07:15,11.9,11.7,2.4,72.2,0.0,NE@4.6,5.7,32.8,0.0,1,"Huntsville, Columbia County",300034,Huntsville,2017-12-12 06:28:34.937213
2017-01-06,07:30,12.8,12.6,2.9,70.5,0.0,NE@3.9,4.6,32.8,0.0,2,"Huntsville, Columbia County",300034,Huntsville,2017-12-12 06:28:34.937213
2017-01-06,07:45,13.5,13.2,3.1,69.1,0.0,NE@3.9,4.6,32.8,0.0,6,"Huntsville, Columbia County",300034,Huntsville,2017-12-12 06:28:34.937213
2017-01-06,08:00,15.1,14.9,4.2,67.3,0.0,NE@3.4,3.9,32.8,0.0,28,"Huntsville, Columbia County",300034,Huntsville,2017-12-12 06:28:34.937213
2017-01-06,08:15,14.2,13.7,3.5,67.9,0.0,NE@3.3,3.9,32.8,0.0,68,"Huntsville, Columbia County",300034,Huntsville,2017-12-12 06:28:34.937213
2017-01-06,08:30,14.1,13.5,4.4,71.3,0.0,NE@3.2,3.9,32.8,0.0,108,"Huntsville, Columbia County",300034,Huntsville,2017-12-12 06:28:34.937213
2017-01-06,08:45,14.3,13.7,4.4,70.5,0.0,N@2.5,3.9,32.8,0.0,140,"Huntsville, Columbia County",300034,Huntsville,2017-12-12 06:28:34.937213
2017-01-06,09:00,12.1,11.5,2.7,72.9,0.0,W@4.1,5.3,32.7,0.0,173,"Huntsville, Columbia County",300034,Huntsville,2017-12-12 06:28:34.937213
2017-01-06,09:15,11.0,10.5,2.7,76.6,0.0,W@3.4,4.9,32.7,0.0,205,"Huntsville, Columbia County",300034,Huntsville,2017-12-12 06:28:34.937213
2017-01-06,09:30,12.4,12.0,3.7,74.8,0.0,W@1.6,3.1,32.7,0.0,234,"Huntsville, Columbia County",300034,Huntsville,2017-12-12 06:28:34.937213
2017-01-06,09:45,13.9,13.7,4.7,72.9,0.0,W@0.6,3.9,32.7,0.0,250,"Huntsville, Columbia County",300034,Huntsville,2017-12-12 06:28:34.937213
2017-01-06,10:00,12.9,12.4,4.8,76.7,0.0,W@2.3,4.2,32.7,0.0,261,"Huntsville, Columbia County",300034,Huntsville,2017-12-12 06:28:34.937213
2017-01-06,10:15,14.6,14.0,6.7,77.4,0.0,SE@2.5,4.2,32.7,0.0,313,"Huntsville, Columbia County",300034,Huntsville,2017-12-12 06:28:34.937213
2017-01-06,10:30,15.4,14.7,7.0,75.6,0.0,S@2.4,5.3,32.7,0.0,332,"Huntsville, Columbia County",300034,Huntsville,2017-12-12 06:28:34.937213
2017-01-06,10:45,14.0,13.6,5.6,75.9,0.0,SW@2.9,3.9,32.7,0.0,346,"Huntsville, Columbia County",300034,Huntsville,2017-12-12 06:28:34.937213
2017-01-06,11:00,13.3,12.6,5.8,78.7,0.0,W@3.4,4.6,32.7,0.0,359,"Huntsville, Columbia County",300034,Huntsville,2017-12-12 06:28:34.937213
2017-01-06,11:15,15.1,14.4,7.6,78.8,0.0,W@2.8,4.6,32.7,0.0,370,"Huntsville, Columbia County",300034,Huntsville,2017-12-12 06:28:34.937213
2017-01-06,11:30,14.6,13.9,7.0,78.3,0.0,W@3.9,5.3,32.7,0.0,376,"Huntsville, Columbia County",300034,Huntsville,2017-12-12 06:28:34.937213
2017-01-06,11:45,13.1,12.4,6.3,81.5,0.0,W@3.9,5.3,32.7,0.0,379,"Huntsville, Columbia County",300034,Huntsville,2017-12-12 06:28:34.937213
2017-01-06,12:00,15.2,14.4,8.2,80.5,0.0,W@3.5,4.6,32.7,0.0,383,"Huntsville, Columbia County",300034,Huntsville,2017-12-12 06:28:34.937213
2017-01-06,12:15,12.9,12.1,5.8,80.7,0.0,W@4.9,6.4,32.7,0.0,382,"Huntsville, Columbia County",300034,Huntsville,2017-12-12 06:28:34.937213
2017-01-06,12:30,11.3,10.5,5.2,84.6,0.0,W@5.5,6.7,32.7,0.0,375,"Huntsville, Columbia County",300034,Huntsville,2017-12-12 06:28:34.937213
2017-01-06,12:45,12.0,11.3,6.2,85.8,0.0,W@4.8,6.4,32.7,0.0,366,"Huntsville, Columbia County",300034,Huntsville,2017-12-12 06:28:34.937213
2017-01-06,13:00,11.6,10.9,5.9,86.5,0.0,W@6.2,8.2,32.7,0.0,347,"Huntsville, Columbia County",300034,Huntsville,2017-12-12 06:28:34.937213
2017-01-06,13:15,12.8,12.2,7.1,86.0,0.0,NW@3.2,5.3,32.7,0.0,320,"Huntsville, Columbia County",300034,Huntsville,2017-12-12 06:28:34.937213
2017-01-06,13:30,15.5,14.8,8.6,80.6,0.0,W@3.4,5.3,32.6,0.0,327,"Huntsville, Columbia County",300034,Huntsville,2017-12-12 06:28:34.937213
2017-01-06,13:45,13.4,12.8,7.2,83.7,0.0,W@5.5,6.7,32.7,0.0,308,"Huntsville, Columbia County",300034,Huntsville,2017-12-12 06:28:34.937213
2017-01-06,14:00,12.2,11.6,6.3,85.2,0.0,W@6.2,7.1,32.6,0.0,286,"Huntsville, Columbia County",300034,Huntsville,2017-12-12 06:28:34.937213
2017-01-06,14:15,11.6,11.0,5.9,86.0,0.0,W@6.7,7.8,32.6,0.0,259,"Huntsville, Columbia County",300034,Huntsville,2017-12-12 06:28:34.937213
2017-01-06,14:30,11.6,11.0,5.9,86.3,0.0,W@6.4,7.8,32.6,0.0,222,"Huntsville, Columbia County",300034,Huntsville,2017-12-12 06:28:34.937213
2017-01-06,14:45,11.8,11.2,6.0,86.0,0.0,W@5.5,6.7,32.6,0.0,205,"Huntsville, Columbia County",300034,Huntsville,2017-12-12 06:28:34.937213
2017-01-06,15:00,11.5,10.9,5.8,86.1,0.0,W@5.4,6.4,32.6,0.0,176,"Huntsville, Columbia County",300034,Huntsville,2017-12-12 06:28:34.937213
2017-01-06,15:15,11.3,10.8,5.7,86.3,0.0,W@5.7,6.7,32.6,0.0,144,"Huntsville, Columbia County",300034,Huntsville,2017-12-12 06:28:34.937213
2017-01-06,15:30,10.7,10.2,5.3,87.5,0.0,W@5.6,6.4,32.6,0.0,112,"Huntsville, Columbia County",300034,Huntsville,2017-12-12 06:28:34.937213
2017-01-06,15:45,10.4,9.9,5.0,87.7,0.0,W@5.8,6.4,32.6,0.0,83,"Huntsville, Columbia County",300034,Huntsville,2017-12-12 06:28:34.937213
2017-01-06,16:00,10.1,9.6,4.7,87.9,0.0,W@4.5,5.7,32.6,0.0,55,"Huntsville, Columbia County",300034,Huntsville,2017-12-12 06:28:34.937213
2017-01-06,16:15,9.4,9.0,4.0,88.1,0.0,W@6.5,8.2,32.6,0.0,28,"Huntsville, Columbia County",300034,Huntsville,2017-12-12 06:28:34.937213
2017-01-06,16:30,8.7,8.4,3.7,89.6,0.0,W@3.5,6.4,32.6,0.0,8,"Huntsville, Columbia County",300034,Huntsville,2017-12-12 06:28:34.937213
2017-01-06,16:45,8.7,8.4,3.9,90.2,0.0,E@2.4,4.2,32.6,0.0,2,"Huntsville, Columbia County",300034,Huntsville,2017-12-12 06:28:34.937213
2017-01-06,17:00,8.9,8.6,4.1,90.5,0.0,E@3.3,4.2,32.6,0.0,1,"Huntsville, Columbia County",300034,Huntsville,2017-12-12 06:28:34.937213
2017-01-06,17:15,8.6,8.2,3.8,90.6,0.0,NE@4.5,5.7,32.6,0.0,0,"Huntsville, Columbia County",300034,Huntsville,2017-12-12 06:28:34.937213
2017-01-06,17:30,8.6,8.3,4.0,91.4,0.0,NE@4.6,5.7,32.6,0.0,0,"Huntsville, Columbia County",300034,Huntsville,2017-12-12 06:28:34.937213
2017-01-06,17:45,10.1,9.9,5.6,91.1,0.0,NE@3.9,5.3,32.6,0.0,0,"Huntsville, Columbia County",300034,Huntsville,2017-12-12 06:28:34.937213
2017-01-06,18:00,11.1,10.8,6.2,89.4,0.0,NE@1.6,3.5,32.6,0.0,0,"Huntsville, Columbia County",300034,Huntsville,2017-12-12 06:28:34.937213
2017-01-06,18:15,10.5,10.0,5.3,88.3,0.0,SW@0.7,2.8,32.6,0.0,0,"Huntsville, Columbia County",300034,Huntsville,2017-12-12 06:28:34.937213
2017-01-06,18:30,8.9,8.5,4.0,89.9,0.0,S@3.0,4.2,32.6,0.0,0,"Huntsville, Columbia County",300034,Huntsville,2017-12-12 06:28:34.937213
2017-01-06,18:45,7.4,7.0,2.6,90.8,0.0,W@3.3,4.2,32.6,0.0,0,"Huntsville, Columbia County",300034,Huntsville,2017-12-12 06:28:34.937213
2017-01-06,19:00,7.6,7.3,2.9,91.0,0.0,W@2.9,3.5,32.6,0.0,0,"Huntsville, Columbia County",300034,Huntsville,2017-12-12 06:28:34.937213
2017-01-06,19:15,7.3,7.0,2.5,90.7,0.0,W@2.9,4.2,32.6,0.0,0,"Huntsville, Columbia County",300034,Huntsville,2017-12-12 06:28:34.937213
2017-01-06,19:30,7.2,6.7,2.3,90.7,0.0,W@0.6,2.1,32.6,0.0,0,"Huntsville, Columbia County",300034,Huntsville,2017-12-12 06:28:34.937213
2017-01-06,19:45,7.4,7.0,2.6,90.7,0.0,W@2.1,2.8,32.6,0.0,0,"Huntsville, Columbia County",300034,Huntsville,2017-12-12 06:28:34.937213
2017-01-06,20:00,7.2,6.8,2.3,90.7,0.0,W@2.2,2.8,32.6,0.0,0,"Huntsville, Columbia County",300034,Huntsville,2017-12-12 06:28:34.937213
2017-01-06,20:15,7.1,6.8,2.3,90.7,0.0,NW@2.9,4.2,32.6,0.0,0,"Huntsville, Columbia County",300034,Huntsville,2017-12-12 06:28:34.937213
2017-01-06,20:30,7.3,6.9,2.4,90.6,0.0,W@2.4,3.1,32.6,0.0,0,"Huntsville, Columbia County",300034,Huntsville,2017-12-12 06:28:34.937213
2017-01-06,20:45,7.1,6.7,2.2,90.4,0.0,SW@2.2,4.2,32.6,0.0,0,"Huntsville, Columbia County",300034,Huntsville,2017-12-12 06:28:34.937213
2017-01-06,21:00,6.3,6.0,1.3,90.0,0.0,SW@3.2,4.2,32.6,0.0,0,"Huntsville, Columbia County",300034,Huntsville,2017-12-12 06:28:34.937213
2017-01-06,21:15,6.0,5.7,1.0,90.1,0.0,SW@2.0,3.5,32.6,0.0,0,"Huntsville, Columbia County",300034,Huntsville,2017-12-12 06:28:34.937213
2017-01-06,21:30,6.1,5.7,0.9,89.8,0.0,SW@1.8,2.8,32.6,0.0,0,"Huntsville, Columbia County",300034,Huntsville,2017-12-12 06:28:34.937213
2017-01-06,21:45,5.5,5.1,0.2,89.5,0.0,E@2.9,3.5,32.6,0.0,0,"Huntsville, Columbia County",300034,Huntsville,2017-12-12 06:28:34.937213
2017-01-06,22:00,5.5,5.2,0.3,89.7,0.0,NE@3.8,4.9,32.6,0.0,0,"Huntsville, Columbia County",300034,Huntsville,2017-12-12 06:28:34.937213
2017-01-06,22:15,6.1,5.8,1.0,90.0,0.0,NE@4.5,4.9,32.6,0.0,0,"Huntsville, Columbia County",300034,Huntsville,2017-12-12 06:28:34.937213
2017-01-06,22:30,7.4,7.3,2.5,90.7,0.0,NE@3.7,4.6,32.6,0.0,0,"Huntsville, Columbia County",300034,Huntsville,2017-12-12 06:28:34.937213
2017-01-06,22:45,7.7,7.4,2.8,90.5,0.0,NE@3.1,3.9,32.5,0.0,0,"Huntsville, Columbia County",300034,Huntsville,2017-12-12 06:28:34.937213
2017-01-06,23:00,7.6,7.3,2.7,90.6,0.0,NE@3.5,4.6,32.5,0.0,0,"Huntsville, Columbia County",300034,Huntsville,2017-12-12 06:28:34.937213
2017-01-06,23:15,7.7,7.4,2.8,90.5,0.0,NE@3.5,4.6,32.5,0.0,0,"Huntsville, Columbia County",300034,Huntsville,2017-12-12 06:28:34.937213
2017-01-06,23:30,7.7,7.4,2.9,90.5,0.0,NE@3.4,3.9,32.5,0.0,0,"Huntsville, Columbia County",300034,Huntsville,2017-12-12 06:28:34.937213
2017-01-06,23:45,8.4,8.1,3.6,90.7,0.0,E@2.7,3.9,32.5,0.0,0,"Huntsville, Columbia County",300034,Huntsville,2017-12-12 06:28:34.937213
2017-01-06,24:00,8.0,7.8,3.2,90.6,0.0,E@3.0,3.9,32.5,0.0,0,"Huntsville, Columbia County",300034,Huntsville,2017-12-12 06:28:34.937213
2017-01-07,00:15,8.0,7.7,3.1,90.4,0.0,S@1.9,3.1,32.5,0.0,0,"Huntsville, Columbia County",300034,Huntsville,2017-12-12 06:28:34.937213
2017-01-07,00:30,7.6,7.3,2.7,90.3,0.0,S@1.9,3.5,32.5,0.0,0,"Huntsville, Columbia County",300034,Huntsville,2017-12-12 06:28:34.937213
2017-01-07,00:45,7.7,7.5,2.8,90.4,0.0,E@1.6,2.8,32.5,0.0,0,"Huntsville, Columbia County",300034,Huntsville,2017-12-12 06:28:34.937213
2017-01-07,01:00,9.7,9.2,5.2,91.5,0.0,N@1.2,2.1,32.5,0.0,0,"Huntsville, Columbia County",300034,Huntsville,2017-12-12 06:28:34.937213
2017-01-07,01:15,7.2,6.8,2.1,89.7,0.0,E@2.0,3.5,32.5,0.0,0,"Huntsville, Columbia County",300034,Huntsville,2017-12-12 06:28:34.937213
2017-01-07,01:30,8.5,8.1,3.8,91.0,0.0,NW@0.8,2.4,32.5,0.0,0,"Huntsville, Columbia County",300034,Huntsville,2017-12-12 06:28:34.937213
2017-01-07,01:45,8.8,8.4,4.1,90.9,0.0,NW@2.4,3.9,32.5,0.0,0,"Huntsville, Columbia County",300034,Huntsville,2017-12-12 06:28:34.937213
2017-01-07,02:00,8.8,8.4,4.0,90.7,0.0,NW@3.3,4.6,32.5,0.0,0,"Huntsville, Columbia County",300034,Huntsville,2017-12-12 06:28:34.937213
2017-01-07,02:15,7.2,6.9,2.2,89.7,0.0,E@2.8,4.2,32.5,0.0,0,"Huntsville, Columbia County",300034,Huntsville,2017-12-12 06:28:34.937213
2017-01-07,02:30,7.4,7.2,2.5,90.3,0.0,NE@3.5,4.6,32.5,0.0,0,"Huntsville, Columbia County",300034,Huntsville,2017-12-12 06:28:34.937213
2017-01-07,02:45,9.3,9.0,4.7,91.0,0.0,N@2.8,4.2,32.5,0.0,0,"Huntsville, Columbia County",300034,Huntsville,2017-12-12 06:28:34.937213
2017-01-07,03:00,8.5,8.1,3.6,90.2,0.0,NW@4.0,6.4,32.4,0.0,0,"Huntsville, Columbia County",300034,Huntsville,2017-12-12 06:28:34.937213
2017-01-07,03:15,8.0,7.6,3.1,90.1,0.0,NE@3.2,4.2,32.4,0.0,0,"Huntsville, Columbia County",300034,Huntsville,2017-12-12 06:28:34.937213
2017-01-07,03:30,5.7,5.4,0.4,89.1,0.0,SE@3.6,5.3,32.4,0.0,0,"Huntsville, Columbia County",300034,Huntsville,2017-12-12 06:28:34.937213
2017-01-07,03:45,4.9,4.6,-0.5,89.0,0.0,S@3.1,4.6,32.4,0.0,0,"Huntsville, Columbia County",300034,Huntsville,2017-12-12 06:28:34.937213
2017-01-07,04:00,5.7,5.4,0.5,89.5,0.0,NW@1.4,2.8,32.4,0.0,0,"Huntsville, Columbia County",300034,Huntsville,2017-12-12 06:28:34.937213
2017-01-07,04:15,7.1,6.9,2.1,90.2,0.0,NE@1.6,3.5,32.4,0.0,0,"Huntsville, Columbia County",300034,Huntsville,2017-12-12 06:28:34.937213
2017-01-07,04:30,7.0,6.8,2.0,90.0,0.0,N@3.0,4.6,32.4,0.0,0,"Huntsville, Columbia County",300034,Huntsville,2017-12-12 06:28:34.937213
2017-01-07,04:45,7.7,7.4,2.7,90.2,0.0,NE@2.5,2.8,32.4,0.0,0,"Huntsville, Columbia County",300034,Huntsville,2017-12-12 06:28:34.937213
2017-01-07,05:00,6.7,6.4,1.6,89.7,0.0,E@3.2,4.2,32.4,0.0,0,"Huntsville, Columbia County",300034,Huntsville,2017-12-12 06:28:34.937213
2017-01-07,05:15,7.3,7.0,2.4,90.1,0.0,NE@3.1,3.5,32.4,0.0,0,"Huntsville, Columbia County",300034,Huntsville,2017-12-12 06:28:34.937213
2017-01-07,05:30,6.8,6.5,1.7,89.7,0.0,NE@3.5,4.2,32.4,0.0,0,"Huntsville, Columbia County",300034,Huntsville,2017-12-12 06:28:34.937213
2017-01-07,05:45,6.8,6.5,1.7,89.8,0.0,NE@3.5,4.2,32.4,0.0,0,"Huntsville, Columbia County",300034,Huntsville,2017-12-12 06:28:34.937213
2017-01-07,06:00,7.7,7.3,2.7,90.1,0.0,E@1.6,3.5,32.4,0.0,0,"Huntsville, Columbia County",300034,Huntsville,2017-12-12 06:28:34.937213
2017-01-07,06:15,6.2,5.8,0.9,89.1,0.0,SW@2.4,4.2,32.4,0.0,0,"Huntsville, Columbia County",300034,Huntsville,2017-12-12 06:28:34.937213
2017-01-07,06:30,5.3,5.0,-0.1,89.1,0.0,W@3.3,4.6,32.3,0.0,0,"Huntsville, Columbia County",300034,Huntsville,2017-12-12 06:28:34.937213
2017-01-07,06:45,5.0,4.6,-0.4,89.1,0.0,W@2.5,3.5,32.3,0.0,0,"Huntsville, Columbia County",300034,Huntsville,2017-12-12 06:28:34.937213
2017-01-07,07:00,5.2,4.8,-0.1,89.1,0.0,E@0.9,3.1,32.3,0.0,0,"Huntsville, Columbia County",300034,Huntsville,2017-12-12 06:28:34.937213
2017-01-07,07:15,5.0,4.6,-0.4,89.0,0.0,NE@2.6,3.9,32.3,0.0,1,"Huntsville, Columbia County",300034,Huntsville,2017-12-12 06:28:34.937213
2017-01-07,07:30,5.8,5.5,0.6,89.5,0.0,NE@2.9,3.5,32.3,0.0,2,"Huntsville, Columbia County",300034,Huntsville,2017-12-12 06:28:34.937213
2017-01-07,07:45,6.6,6.3,1.6,89.9,0.0,N@3.3,4.6,32.3,0.0,4,"Huntsville, Columbia County",300034,Huntsville,2017-12-12 06:28:34.937213
2017-01-07,08:00,7.3,6.9,2.3,89.9,0.0,NE@1.7,3.9,32.3,0.0,15,"Huntsville, Columbia County",300034,Huntsville,2017-12-12 06:28:34.937213
2017-01-07,08:15,7.1,6.7,2.0,89.6,0.0,NE@1.7,3.9,32.3,0.0,30,"Huntsville, Columbia County",300034,Huntsville,2017-12-12 06:28:34.937213
2017-01-07,08:30,6.6,6.2,1.4,89.3,0.0,W@2.4,4.6,32.3,0.0,45,"Huntsville, Columbia County",300034,Huntsville,2017-12-12 06:28:34.937213
2017-01-07,08:45,5.9,5.5,0.6,89.1,0.0,SW@2.2,3.9,32.3,0.0,63,"Huntsville, Columbia County",300034,Huntsville,2017-12-12 06:28:34.937213
2017-01-07,09:00,5.6,5.2,0.3,89.0,0.0,E@1.6,3.1,32.3,0.0,70,"Huntsville, Columbia County",300034,Huntsville,2017-12-12 06:28:34.937213
2017-01-07,09:15,6.2,5.8,1.0,89.5,0.0,NE@2.7,3.5,32.3,0.0,83,"Huntsville, Columbia County",300034,Huntsville,2017-12-12 06:28:34.937213
2017-01-07,09:30,7.1,6.6,2.0,89.7,0.0,NE@2.5,4.2,32.3,0.0,98,"Huntsville, Columbia County",300034,Huntsville,2017-12-12 06:28:34.937213
2017-01-07,09:45,8.7,8.3,3.9,90.6,0.0,NE@2.9,4.6,32.3,0.0,101,"Huntsville, Columbia County",300034,Huntsville,2017-12-12 06:28:34.937213
2017-01-07,10:00,10.3,9.8,5.7,91.0,0.0,NE@2.9,4.2,32.2,0.0,103,"Huntsville, Columbia County",300034,Huntsville,2017-12-12 06:28:34.937213
2017-01-07,10:15,9.4,8.9,4.7,90.8,0.0,NW@4.2,5.7,32.2,0.0,111,"Huntsville, Columbia County",300034,Huntsville,2017-12-12 06:28:34.937213
2017-01-07,10:30,10.0,9.6,5.5,91.3,0.0,S@2.7,4.2,32.2,0.0,125,"Huntsville, Columbia County",300034,Huntsville,2017-12-12 06:28:34.937213
2017-01-07,10:45,9.2,8.7,4.5,90.7,0.0,SW@4.9,7.1,32.2,0.0,127,"Huntsville, Columbia County",300034,Huntsville,2017-12-12 06:28:34.937213
2017-01-07,11:00,8.9,8.5,4.2,91.0,0.0,SW@5.1,6.4,32.2,0.0,119,"Huntsville, Columbia County",300034,Huntsville,2017-12-12 06:28:34.937213
2017-01-07,11:15,8.1,7.7,3.3,90.6,0.0,W@4.9,6.7,32.2,0.0,110,"Huntsville, Columbia County",300034,Huntsville,2017-12-12 06:28:34.937213
2017-01-07,11:30,8.9,8.5,4.2,91.1,0.0,SW@2.7,4.2,32.2,0.0,99,"Huntsville, Columbia County",300034,Huntsville,2017-12-12 06:28:34.937213
2017-01-07,11:45,9.5,9.1,4.9,91.2,0.0,SW@1.8,3.9,32.2,0.0,78,"Huntsville, Columbia County",300034,Huntsville,2017-12-12 06:28:34.937213
2017-01-07,12:00,9.1,8.8,4.5,91.1,0.0,W@2.8,4.2,32.2,0.0,69,"Huntsville, Columbia County",300034,Huntsville,2017-12-12 06:28:34.937213
2017-01-07,12:15,8.9,8.5,4.2,91.1,0.0,W@3.3,4.6,32.2,0.0,69,"Huntsville, Columbia County",300034,Huntsville,2017-12-12 06:28:34.937213
2017-01-07,12:30,9.1,8.8,4.5,91.3,0.0,W@4.5,5.7,32.2,0.0,69,"Huntsville, Columbia County",300034,Huntsville,2017-12-12 06:28:34.937213
2017-01-07,12:45,9.2,8.8,4.6,91.3,0.0,W@3.7,4.9,32.2,0.0,70,"Huntsville, Columbia County",300034,Huntsville,2017-12-12 06:28:34.937213
2017-01-07,13:00,9.2,8.8,4.7,91.3,0.0,W@3.2,4.6,32.2,0.0,75,"Huntsville, Columbia County",300034,Huntsville,2017-12-12 06:28:34.937213
2017-01-07,13:15,9.7,9.3,5.2,91.5,0.0,NE@2.1,3.9,32.1,0.0,65,"Huntsville, Columbia County",300034,Huntsville,2017-12-12 06:28:34.937213
2017-01-07,13:30,10.0,9.6,5.5,91.7,0.0,E@3.6,5.7,32.1,0.0,54,"Huntsville, Columbia County",300034,Huntsville,2017-12-12 06:28:34.937213
2017-01-07,13:45,10.9,10.5,6.7,92.2,0.0,N@2.2,4.2,32.1,0.0,35,"Huntsville, Columbia County",300034,Huntsville,2017-12-12 06:28:34.937213
2017-01-07,14:00,10.8,10.5,6.5,92.1,0.0,NW@6.4,9.9,32.1,0.0,39,"Huntsville, Columbia County",300034,Huntsville,2017-12-12 06:28:34.937213
2017-01-07,14:15,11.0,10.7,6.8,92.3,0.0,N@9.2,11.7,32.1,0.0,45,"Huntsville, Columbia County",300034,Huntsville,2017-12-12 06:28:34.937213
2017-01-07,14:30,12.7,12.3,8.8,93.2,0.0,NE@8.6,12.4,32.1,0.0,39,"Huntsville, Columbia County",300034,Huntsville,2017-12-12 06:28:34.937213
2017-01-07,14:45,12.6,12.3,8.7,93.3,0.0,E@6.3,9.9,32.1,0.0,37,"Huntsville, Columbia County",300034,Huntsville,2017-12-12 06:28:34.937213
2017-01-07,15:00,13.7,13.4,10.1,93.9,0.0,E@4.5,7.8,32.1,0.0,36,"Huntsville, Columbia County",300034,Huntsville,2017-12-12 06:28:34.937213
2017-01-07,15:15,14.8,14.5,11.4,94.4,0.0,NE@2.8,6.0,32.1,0.0,32,"Huntsville, Columbia County",300034,Huntsville,2017-12-12 06:28:34.937213
2017-01-07,15:30,14.9,14.7,11.5,94.6,0.0,N@3.2,6.4,32.1,0.0,22,"Huntsville, Columbia County",300034,Huntsville,2017-12-12 06:28:34.937213
2017-01-07,15:45,14.1,13.8,10.5,93.9,0.0,NW@4.6,9.6,32.1,0.0,19,"Huntsville, Columbia County",300034,Huntsville,2017-12-12 06:28:34.937213
2017-01-07,16:00,14.4,14.2,10.9,94.6,0.0,NW@4.6,9.6,32.1,0.0,15,"Huntsville, Columbia County",300034,Huntsville,2017-12-12 06:28:34.937213
2017-01-07,16:15,16.5,16.3,13.5,95.3,0.0,N@4.6,9.9,32.1,0.0,10,"Huntsville, Columbia County",300034,Huntsville,2017-12-12 06:28:34.937213
2017-01-07,16:30,12.7,12.4,8.8,93.3,0.0,W@5.3,6.7,32.1,0.0,3,"Huntsville, Columbia County",300034,Huntsville,2017-12-12 06:28:34.937213
2017-01-07,16:45,11.7,11.4,7.7,92.9,0.0,W@7.5,8.9,32.1,0.0,2,"Huntsville, Columbia County",300034,Huntsville,2017-12-12 06:28:34.937213
2017-01-07,17:00,10.9,10.6,6.7,92.5,0.0,W@8.0,9.2,32.1,0.0,1,"Huntsville, Columbia County",300034,Huntsville,2017-12-12 06:28:34.937213
2017-01-07,17:15,10.5,10.2,6.3,92.3,0.0,SW@8.6,10.7,32.1,0.0,0,"Huntsville, Columbia County",300034,Huntsville,2017-12-12 06:28:34.937213
2017-01-07,17:30,9.5,9.2,5.0,91.6,0.0,SW@9.0,11.7,32.1,0.0,0,"Huntsville, Columbia County",300034,Huntsville,2017-12-12 06:28:34.937213
2017-01-07,17:45,8.9,8.6,4.3,91.3,0.0,SW@8.9,11.0,32.1,0.0,0,"Huntsville, Columbia County",300034,Huntsville,2017-12-12 06:28:34.937213
2017-01-07,18:00,8.2,7.9,3.5,90.9,0.0,SW@8.5,9.9,32.1,0.0,0,"Huntsville, Columbia County",300034,Huntsville,2017-12-12 06:28:34.937213
2017-01-07,18:15,7.9,7.6,3.1,90.7,0.0,SW@8.6,9.6,32.1,0.0,0,"Huntsville, Columbia County",300034,Huntsville,2017-12-12 06:28:34.937213
2017-01-07,18:30,8.0,7.7,3.2,90.8,0.0,SW@8.4,9.9,32.1,0.0,0,"Huntsville, Columbia County",300034,Huntsville,2017-12-12 06:28:34.937213
2017-01-07,18:45,7.6,7.3,2.8,90.6,0.0,SW@7.9,9.6,32.1,0.0,0,"Huntsville, Columbia County",300034,Huntsville,2017-12-12 06:28:34.937213
2017-01-07,19:00,7.5,7.2,2.6,90.5,0.0,SW@9.2,11.0,32.1,0.0,0,"Huntsville, Columbia County",300034,Huntsville,2017-12-12 06:28:34.937213
2017-01-07,19:15,7.3,7.0,2.4,90.4,0.0,SW@9.8,11.4,32.1,0.0,0,"Huntsville, Columbia County",300034,Huntsville,2017-12-12 06:28:34.937213
2017-01-07,19:30,7.5,7.2,2.6,90.5,0.0,SW@8.4,11.4,32.1,0.0,0,"Huntsville, Columbia County",300034,Huntsville,2017-12-12 06:28:34.937213
2017-01-07,19:45,8.0,7.7,3.2,90.8,0.0,SW@7.9,10.3,32.1,0.0,0,"Huntsville, Columbia County",300034,Huntsville,2017-12-12 06:28:34.937213
2017-01-07,20:00,8.0,7.7,3.2,90.8,0.0,SW@6.8,8.9,32.1,0.0,0,"Huntsville, Columbia County",300034,Huntsville,2017-12-12 06:28:34.937213
2017-01-07,20:15,8.6,8.3,3.9,91.1,0.0,SW@8.4,11.0,32.1,0.0,0,"Huntsville, Columbia County",300034,Huntsville,2017-12-12 06:28:34.937213
2017-01-07,20:30,9.2,9.0,4.7,91.5,0.0,S@9.7,12.8,32.1,0.0,0,"Huntsville, Columbia County",300034,Huntsville,2017-12-12 06:28:34.937213
2017-01-07,20:45,9.6,9.3,5.1,91.6,0.0,SW@7.4,9.6,32.1,0.0,0,"Huntsville, Columbia County",300034,Huntsville,2017-12-12 06:28:34.937213
2017-01-07,21:00,10.0,9.7,5.6,91.9,0.0,SW@8.5,11.0,32.0,0.0,0,"Huntsville, Columbia County",300034,Huntsville,2017-12-12 06:28:34.937213
2017-01-07,21:15,10.4,10.2,6.2,92.2,0.0,SW@6.3,8.5,32.1,0.0,0,"Huntsville, Columbia County",300034,Huntsville,2017-12-12 06:28:34.937213
2017-01-07,21:30,10.8,10.6,6.6,92.4,0.0,SW@6.4,8.5,32.0,0.0,0,"Huntsville, Columbia County",300034,Huntsville,2017-12-12 06:28:34.937213
2017-01-07,21:45,11.1,10.8,7.0,92.5,0.0,SW@5.8,7.4,32.0,0.0,0,"Huntsville, Columbia County",300034,Huntsville,2017-12-12 06:28:34.937213
2017-01-07,22:00,11.5,11.3,7.5,92.8,0.0,SW@7.0,8.2,32.0,0.0,0,"Huntsville, Columbia County",300034,Huntsville,2017-12-12 06:28:34.937213
2017-01-07,22:15,12.0,11.8,8.1,93.1,0.0,SW@7.6,8.9,32.0,0.0,0,"Huntsville, Columbia County",300034,Huntsville,2017-12-12 06:28:34.937213
2017-01-07,22:30,12.1,11.8,8.1,93.1,0.0,SW@7.8,9.2,32.0,0.0,0,"Huntsville, Columbia County",300034,Huntsville,2017-12-12 06:28:34.937213
2017-01-07,22:45,12.2,12.0,8.3,93.2,0.0,SW@7.5,9.9,32.0,0.0,0,"Huntsville, Columbia County",300034,Huntsville,2017-12-12 06:28:34.937213
2017-01-07,23:00,12.5,12.3,8.7,93.4,0.0,SW@4.5,6.4,32.0,0.0,0,"Huntsville, Columbia County",300034,Huntsville,2017-12-12 06:28:34.937213
2017-01-07,23:15,12.8,12.5,9.0,93.5,0.0,S@2.5,4.2,32.0,0.0,0,"Huntsville, Columbia County",300034,Huntsville,2017-12-12 06:28:34.937213
2017-01-07,23:30,13.0,12.6,9.2,93.6,0.0,SE@3.7,5.3,32.0,0.0,0,"Huntsville, Columbia County",300034,Huntsville,2017-12-12 06:28:34.937213
2017-01-07,23:45,12.9,12.6,9.1,93.5,0.0,SE@4.3,5.7,32.0,0.0,0,"Huntsville, Columbia County",300034,Huntsville,2017-12-12 06:28:34.937213
2017-01-07,24:00,13.1,12.8,9.4,93.7,0.0,S@3.1,4.6,32.0,0.0,0,"Huntsville, Columbia County",300034,Huntsville,2017-12-12 06:28:34.937213
2017-01-08,00:15,13.2,12.9,9.5,93.7,0.0,SE@2.1,3.5,32.0,0.0,0,"Huntsville, Columbia County",300034,Huntsville,2017-12-12 06:28:34.937213
2017-01-08,00:30,13.2,12.9,9.5,93.7,0.0,W@2.8,4.9,32.0,0.0,0,"Huntsville, Columbia County",300034,Huntsville,2017-12-12 06:28:34.937213
2017-01-08,00:45,13.1,12.8,9.4,93.7,0.0,W@3.5,4.9,32.0,0.0,0,"Huntsville, Columbia County",300034,Huntsville,2017-12-12 06:28:34.937213
2017-01-08,01:00,13.4,13.0,9.7,93.9,0.0,W@2.1,3.5,32.0,0.0,0,"Huntsville, Columbia County",300034,Huntsville,2017-12-12 06:28:34.937213
2017-01-08,01:15,13.7,13.4,10.1,94.0,0.0,E@2.4,3.5,32.0,0.0,0,"Huntsville, Columbia County",300034,Huntsville,2017-12-12 06:28:34.937213
2017-01-08,01:30,13.8,13.4,10.2,94.1,0.0,NE@1.6,3.1,32.0,0.0,0,"Huntsville, Columbia County",300034,Huntsville,2017-12-12 06:28:34.937213
2017-01-08,01:45,13.8,13.5,10.3,94.1,0.0,NE@2.9,4.6,32.0,0.0,0,"Huntsville, Columbia County",300034,Huntsville,2017-12-12 06:28:34.937213
2017-01-08,02:00,14.1,13.8,10.6,94.3,0.0,NE@4.5,6.4,32.0,0.0,0,"Huntsville, Columbia County",300034,Huntsville,2017-12-12 06:28:34.937213
2017-01-08,02:15,14.4,14.1,10.9,94.5,0.0,NE@5.6,6.7,32.0,0.0,0,"Huntsville, Columbia County",300034,Huntsville,2017-12-12 06:28:34.937213
2017-01-08,02:30,15.0,14.7,11.7,94.8,0.0,NE@6.1,8.2,32.0,0.0,0,"Huntsville, Columbia County",300034,Huntsville,2017-12-12 06:28:34.937213
2017-01-08,02:45,15.3,15.0,12.0,94.9,0.0,N@5.9,7.4,32.0,0.0,0,"Huntsville, Columbia County",300034,Huntsville,2017-12-12 06:28:34.937213
2017-01-08,03:00,15.1,14.8,11.8,94.9,0.0,NE@8.3,11.4,32.0,0.0,0,"Huntsville, Columbia County",300034,Huntsville,2017-12-12 06:28:34.937213
2017-01-08,03:15,15.5,15.2,12.3,95.1,0.0,NE@10.2,13.5,32.0,0.0,0,"Huntsville, Columbia County",300034,Huntsville,2017-12-12 06:28:34.937213
2017-01-08,03:30,15.7,15.5,12.6,95.2,0.0,E@12.7,17.5,32.0,0.0,0,"Huntsville, Columbia County",300034,Huntsville,2017-12-12 06:28:34.937213
2017-01-08,03:45,16.0,15.8,12.9,95.4,0.0,E@13.3,19.6,32.0,0.0,0,"Huntsville, Columbia County",300034,Huntsville,2017-12-12 06:28:34.937213
2017-01-08,04:00,17.8,17.6,15.1,96.3,0.0,NE@13.5,18.5,32.0,0.0,0,"Huntsville, Columbia County",300034,Huntsville,2017-12-12 06:28:34.937213
2017-01-08,04:15,17.7,17.4,14.9,95.9,0.01,NE@18.2,22.8,32.0,0.0,0,"Huntsville, Columbia County",300034,Huntsville,2017-12-12 06:28:34.937213
2017-01-08,04:30,17.5,17.2,14.6,95.5,0.0,NE@18.0,21.0,32.0,0.0,0,"Huntsville, Columbia County",300034,Huntsville,2017-12-12 06:28:34.937213
2017-01-08,04:45,16.9,16.6,13.7,94.6,0.0,NE@16.1,21.4,32.0,0.0,0,"Huntsville, Columbia County",300034,Huntsville,2017-12-12 06:28:34.937213
2017-01-08,05:00,16.6,16.3,13.1,93.4,0.0,NE@18.5,22.1,32.0,0.0,0,"Huntsville, Columbia County",300034,Huntsville,2017-12-12 06:28:34.937213
2017-01-08,05:15,17.4,17.1,13.9,93.3,0.0,NE@18.4,23.2,32.0,0.0,0,"Huntsville, Columbia County",300034,Huntsville,2017-12-12 06:28:34.937213
2017-01-08,05:30,16.9,16.7,13.5,93.6,0.0,E@10.9,18.2,32.0,0.0,0,"Huntsville, Columbia County",300034,Huntsville,2017-12-12 06:28:34.937213
2017-01-08,05:45,17.4,17.2,13.8,92.9,0.0,NE@11.0,16.0,32.0,0.0,0,"Huntsville, Columbia County",300034,Huntsville,2017-12-12 06:28:34.937213
2017-01-08,06:00,16.9,16.6,13.3,93.3,0.0,NE@10.4,19.2,32.0,0.0,0,"Huntsville, Columbia County",300034,Huntsville,2017-12-12 06:28:34.937213
2017-01-08,06:15,16.7,16.5,13.3,93.9,0.0,E@7.3,15.3,32.0,0.0,0,"Huntsville, Columbia County",300034,Huntsville,2017-12-12 06:28:34.937213
2017-01-08,06:30,16.9,16.7,13.4,93.3,0.0,E@6.3,13.2,32.0,0.0,0,"Huntsville, Columbia County",300034,Huntsville,2017-12-12 06:28:34.937213
2017-01-08,06:45,16.6,16.3,13.2,93.8,0.0,NE@4.6,6.7,32.0,0.0,0,"Huntsville, Columbia County",300034,Huntsville,2017-12-12 06:28:34.937213
2017-01-08,07:00,16.4,16.2,13.1,94.1,0.0,NE@6.0,9.9,32.0,0.0,0,"Huntsville, Columbia County",300034,Huntsville,2017-12-12 06:28:34.937213
2017-01-08,07:15,16.5,16.2,13.2,94.7,0.0,NE@8.3,11.0,32.0,0.0,1,"Huntsville, Columbia County",300034,Huntsville,2017-12-12 06:28:34.937213
2017-01-08,07:30,16.4,16.1,13.4,95.6,0.0,E@9.5,11.7,32.0,0.0,2,"Huntsville, Columbia County",300034,Huntsville,2017-12-12 06:28:34.937213
2017-01-08,07:45,16.2,15.9,13.2,95.6,0.0,E@11.0,14.6,32.0,0.0,3,"Huntsville, Columbia County",300034,Huntsville,2017-12-12 06:28:34.937213
2017-01-08,08:00,16.0,15.7,12.9,95.5,0.0,E@10.2,13.2,32.0,0.0,9,"Huntsville, Columbia County",300034,Huntsville,2017-12-12 06:28:34.937213
2017-01-08,08:15,15.9,15.6,12.8,95.5,0.0,E@8.6,10.3,32.0,0.0,24,"Huntsville, Columbia County",300034,Huntsville,2017-12-12 06:28:34.937213
2017-01-08,08:30,15.8,15.5,12.7,95.3,0.0,NE@9.4,11.4,32.0,0.0,40,"Huntsville, Columbia County",300034,Huntsville,2017-12-12 06:28:34.937213
2017-01-08,08:45,16.1,15.7,13.0,95.3,0.0,E@8.9,12.1,32.0,0.0,56,"Huntsville, Columbia County",300034,Huntsville,2017-12-12 06:28:34.937213
2017-01-08,09:00,16.8,16.5,13.7,95.3,0.0,E@5.8,10.3,32.0,0.0,65,"Huntsville, Columbia County",300034,Huntsville,2017-12-12 06:28:34.937213
2017-01-08,09:15,16.7,16.3,13.6,95.2,0.0,W@5.9,7.1,32.0,0.0,74,"Huntsville, Columbia County",300034,Huntsville,2017-12-12 06:28:34.937213
2017-01-08,09:30,16.1,15.6,13.0,95.3,0.0,SW@8.3,10.3,32.0,0.0,90,"Huntsville, Columbia County",300034,Huntsville,2017-12-12 06:28:34.937213
2017-01-08,09:45,16.3,15.9,13.3,95.5,0.0,W@6.3,8.5,32.0,0.0,94,"Huntsville, Columbia County",300034,Huntsville,2017-12-12 06:28:34.937213
2017-01-08,10:00,15.5,15.0,12.2,95.0,0.0,SW@6.3,9.2,32.0,0.0,98,"Huntsville, Columbia County",300034,Huntsville,2017-12-12 06:28:34.937213
2017-01-08,10:15,15.1,14.7,11.8,94.9,0.0,SW@5.0,7.4,32.0,0.0,107,"Huntsville, Columbia County",300034,Huntsville,2017-12-12 06:28:34.937213
2017-01-08,10:30,15.4,14.9,12.1,94.9,0.0,SW@3.8,5.3,32.0,0.0,119,"Huntsville, Columbia County",300034,Huntsville,2017-12-12 06:28:34.937213
2017-01-08,10:45,15.3,14.9,12.0,94.9,0.0,W@5.3,7.1,32.0,0.0,118,"Huntsville, Columbia County",300034,Huntsville,2017-12-12 06:28:34.937213
2017-01-08,11:00,15.0,14.7,11.7,94.8,0.0,W@8.1,10.7,32.0,0.0,126,"Huntsville, Columbia County",300034,Huntsville,2017-12-12 06:28:34.937213
2017-01-08,11:15,14.6,14.3,11.2,94.5,0.0,W@7.9,9.6,32.0,0.0,129,"Huntsville, Columbia County",300034,Huntsville,2017-12-12 06:28:34.937213
2017-01-08,11:30,14.7,14.3,11.3,94.5,0.0,W@5.9,8.5,32.0,0.0,128,"Huntsville, Columbia County",300034,Huntsville,2017-12-12 06:28:34.937213
2017-01-08,11:45,14.9,14.5,11.5,94.5,0.0,W@5.6,7.8,32.0,0.0,132,"Huntsville, Columbia County",300034,Huntsville,2017-12-12 06:28:34.937213
2017-01-08,12:00,14.9,14.5,11.5,94.5,0.0,W@5.3,7.1,32.0,0.0,129,"Huntsville, Columbia County",300034,Huntsville,2017-12-12 06:28:34.937213
2017-01-08,12:15,15.1,14.7,11.7,94.6,0.0,W@5.7,7.4,32.0,0.0,119,"Huntsville, Columbia County",300034,Huntsville,2017-12-12 06:28:34.937213
2017-01-08,12:30,15.2,14.8,11.9,94.8,0.0,W@5.5,7.1,32.0,0.0,93,"Huntsville, Columbia County",300034,Huntsville,2017-12-12 06:28:34.937213
2017-01-08,12:45,16.3,15.9,13.3,95.4,0.02,W@3.3,5.7,32.0,0.0,76,"Huntsville, Columbia County",300034,Huntsville,2017-12-12 06:28:34.937213
2017-01-08,13:00,17.8,17.5,15.1,96.2,0.02,E@3.5,8.2,32.0,0.0,75,"Huntsville, Columbia County",300034,Huntsville,2017-12-12 06:28:34.937213
2017-01-08,13:15,18.7,18.4,16.1,96.6,0.02,E@6.3,7.8,32.0,0.0,67,"Huntsville, Columbia County",300034,Huntsville,2017-12-12 06:28:34.937213
2017-01-08,13:30,20.6,20.5,18.5,97.8,0.03,NE@9.9,12.1,32.0,0.0,52,"Huntsville, Columbia County",300034,Huntsville,2017-12-12 06:28:34.937213
2017-01-08,13:45,24.0,23.8,22.6,99.1,0.05,NE@9.9,13.2,32.0,0.0,47,"Huntsville, Columbia County",300034,Huntsville,2017-12-12 06:28:34.937213
2017-01-08,14:00,26.6,26.4,25.5,99.2,0.12,NE@8.8,12.4,32.0,0.0,39,"Huntsville, Columbia County",300034,Huntsville,2017-12-12 06:28:34.937213
2017-01-08,14:15,28.6,28.4,27.8,99.3,0.26,NE@9.3,13.5,32.0,0.0,36,"Huntsville, Columbia County",300034,Huntsville,2017-12-12 06:28:34.937213
2017-01-08,14:30,31.3,31.1,30.9,99.3,0.83,NE@14.8,23.5,32.0,0.0,44,"Huntsville, Columbia County",300034,Huntsville,2017-12-12 06:28:34.937213
2017-01-08,14:45,33.0,33.5,32.8,99.3,0.98,NE@17.7,22.1,32.0,0.0,36,"Huntsville, Columbia County",300034,Huntsville,2017-12-12 06:28:34.937213
2017-01-08,15:00,34.2,34.8,34.0,99.3,0.91,NE@16.1,21.8,32.0,0.0,37,"Huntsville, Columbia County",300034,Huntsville,2017-12-12 06:28:34.937213
2017-01-08,15:15,34.3,34.3,33.9,98.5,0.88,E@10.1,15.0,32.0,0.0,36,"Huntsville, Columbia County",300034,Huntsville,2017-12-12 06:28:34.937213
2017-01-08,15:30,27.6,27.2,26.7,99.1,0.5,W@17.4,23.5,32.0,0.0,35,"Huntsville, Columbia County",300034,Huntsville,2017-12-12 06:28:34.937213
2017-01-08,15:45,24.1,23.8,22.8,99.3,0.04,SW@18.2,23.2,32.0,0.0,24,"Huntsville, Columbia County",300034,Huntsville,2017-12-12 06:28:34.937213
2017-01-08,16:00,21.0,20.6,19.2,99.1,0.02,SW@17.5,21.8,32.0,0.0,10,"Huntsville, Columbia County",300034,Huntsville,2017-12-12 06:28:34.937213
2017-01-08,16:15,19.5,19.2,17.4,98.2,0.02,SW@18.9,21.4,32.0,0.0,6,"Huntsville, Columbia County",300034,Huntsville,2017-12-12 06:28:34.937213
2017-01-08,16:30,18.2,17.8,15.7,97.3,0.02,SW@17.8,22.8,32.0,0.0,2,"Huntsville, Columbia County",300034,Huntsville,2017-12-12 06:28:34.937213
2017-01-08,16:45,18.2,18.0,15.7,97.2,0.02,S@12.2,15.3,32.1,0.0,2,"Huntsville, Columbia County",300034,Huntsville,2017-12-12 06:28:34.937213
2017-01-08,17:00,17.8,17.5,15.2,96.9,0.02,S@14.7,18.5,32.1,0.0,0,"Huntsville, Columbia County",300034,Huntsville,2017-12-12 06:28:34.937213
2017-01-08,17:15,17.4,17.2,14.8,96.8,0.02,S@13.9,18.5,32.1,0.0,0,"Huntsville, Columbia County",300034,Huntsville,2017-12-12 06:28:34.937213
2017-01-08,17:30,18.0,17.8,15.5,97.0,0.02,S@9.4,12.8,32.1,0.0,0,"Huntsville, Columbia County",300034,Huntsville,2017-12-12 06:28:34.937213
2017-01-08,17:45,18.1,17.8,15.6,97.0,0.02,S@10.1,14.2,32.1,0.0,0,"Huntsville, Columbia County",300034,Huntsville,2017-12-12 06:28:34.937213
2017-01-08,18:00,18.3,18.0,15.8,97.1,0.02,S@5.1,8.2,32.1,0.0,0,"Huntsville, Columbia County",300034,Huntsville,2017-12-12 06:28:34.937213
2017-01-08,18:15,18.8,18.6,16.4,97.4,0.02,S@7.6,10.3,32.1,0.0,0,"Huntsville, Columbia County",300034,Huntsville,2017-12-12 06:28:34.937213
2017-01-08,18:30,19.0,18.7,16.7,97.5,0.02,SW@9.6,12.4,32.1,0.0,0,"Huntsville, Columbia County",300034,Huntsville,2017-12-12 06:28:34.937213
2017-01-08,18:45,19.0,18.7,16.7,97.5,0.02,SW@9.6,12.1,32.1,0.0,0,"Huntsville, Columbia County",300034,Huntsville,2017-12-12 06:28:34.937213
2017-01-08,19:00,19.2,18.9,16.9,97.6,0.02,SW@11.1,13.5,32.1,0.0,0,"Huntsville, Columbia County",300034,Huntsville,2017-12-12 06:28:34.937213
2017-01-08,19:15,19.0,18.7,16.6,97.4,0.02,S@10.5,13.2,32.1,0.0,0,"Huntsville, Columbia County",300034,Huntsville,2017-12-12 06:28:34.937213
2017-01-08,19:30,18.8,18.6,16.4,97.3,0.02,S@9.7,13.2,32.1,0.0,0,"Huntsville, Columbia County",300034,Huntsville,2017-12-12 06:28:34.937213
2017-01-08,19:45,19.0,18.7,16.6,97.4,0.02,S@11.5,13.9,32.1,0.0,0,"Huntsville, Columbia County",300034,Huntsville,2017-12-12 06:28:34.937213
2017-01-08,20:00,18.9,18.7,16.6,97.4,0.02,SW@11.3,13.5,32.1,0.0,0,"Huntsville, Columbia County",300034,Huntsville,2017-12-12 06:28:34.937213
2017-01-08,20:15,18.9,18.7,16.6,97.4,0.02,SW@9.6,11.4,32.1,0.0,0,"Huntsville, Columbia County",300034,Huntsville,2017-12-12 06:28:34.937213
2017-01-08,20:30,18.7,18.5,16.3,97.3,0.02,SW@11.1,13.2,32.1,0.0,0,"Huntsville, Columbia County",300034,Huntsville,2017-12-12 06:28:34.937213
2017-01-08,20:45,18.6,18.3,16.1,97.2,0.02,S@9.8,12.1,32.1,0.0,0,"Huntsville, Columbia County",300034,Huntsville,2017-12-12 06:28:34.937213
2017-01-08,21:00,18.7,18.5,16.3,97.3,0.02,S@9.5,12.1,32.1,0.0,0,"Huntsville, Columbia County",300034,Huntsville,2017-12-12 06:28:34.937213
2017-01-08,21:15,18.7,18.5,16.3,97.3,0.02,S@8.2,11.4,32.1,0.0,0,"Huntsville, Columbia County",300034,Huntsville,2017-12-12 06:28:34.937213
2017-01-08,21:30,18.8,18.6,16.5,97.3,0.02,S@7.6,9.2,32.1,0.0,0,"Huntsville, Columbia County",300034,Huntsville,2017-12-12 06:28:34.937213
2017-01-08,21:45,19.0,18.7,16.6,97.4,0.02,S@6.2,8.2,32.1,0.0,0,"Huntsville, Columbia County",300034,Huntsville,2017-12-12 06:28:34.937213
2017-01-08,22:00,19.1,18.8,16.8,97.4,0.02,S@5.5,7.4,32.1,0.0,0,"Huntsville, Columbia County",300034,Huntsville,2017-12-12 06:28:34.937213
2017-01-08,22:15,19.3,19.0,17.0,97.5,0.02,S@6.0,7.1,32.1,0.0,0,"Huntsville, Columbia County",300034,Huntsville,2017-12-12 06:28:34.937213
2017-01-08,22:30,19.4,19.1,17.1,97.6,0.02,SW@5.3,6.4,32.1,0.0,0,"Huntsville, Columbia County",300034,Huntsville,2017-12-12 06:28:34.937213
2017-01-08,22:45,19.6,19.3,17.4,97.6,0.02,S@2.6,4.9,32.1,0.0,0,"Huntsville, Columbia County",300034,Huntsville,2017-12-12 06:28:34.937213
2017-01-08,23:00,19.6,19.3,17.4,97.7,0.02,SE@2.6,3.9,32.1,0.0,0,"Huntsville, Columbia County",300034,Huntsville,2017-12-12 06:28:34.937213
2017-01-08,23:15,19.6,19.2,17.3,97.6,0.02,SE@0.5,2.8,32.1,0.0,0,"Huntsville, Columbia County",300034,Huntsville,2017-12-12 06:28:34.937213
2017-01-08,23:30,19.5,19.2,17.3,97.6,0.02,W@0.2,2.8,32.1,0.0,0,"Huntsville, Columbia County",300034,Huntsville,2017-12-12 06:28:34.937213
2017-01-08,23:45,19.7,19.4,17.5,97.7,0.02,W@0.4,2.8,32.1,0.0,0,"Huntsville, Columbia County",300034,Huntsville,2017-12-12 06:28:34.937213
2017-01-08,24:00,19.8,19.5,17.6,97.7,0.02,W@1.4,3.1,32.1,0.0,0,"Huntsville, Columbia County",300034,Huntsville,2017-12-12 06:28:34.937213
2017-01-09,00:15,19.8,19.5,17.7,97.8,0.02,W@0.2,2.4,32.1,0.0,0,"Huntsville, Columbia County",300034,Huntsville,2017-12-12 06:28:34.937213
2017-01-09,00:30,19.9,19.6,17.7,97.8,0.02,N@0.0,0.0,32.1,0.0,0,"Huntsville, Columbia County",300034,Huntsville,2017-12-12 06:28:34.937213
2017-01-09,00:45,20.0,19.7,17.9,97.9,0.02,NW@3.0,4.6,32.1,0.0,0,"Huntsville, Columbia County",300034,Huntsville,2017-12-12 06:28:34.937213
2017-01-09,01:00,20.0,19.7,17.9,97.9,0.02,W@0.8,3.5,32.1,0.0,0,"Huntsville, Columbia County",300034,Huntsville,2017-12-12 06:28:34.937213
2017-01-09,01:15,20.7,20.5,18.7,98.2,0.03,E@0.4,3.5,32.1,0.0,0,"Huntsville, Columbia County",300034,Huntsville,2017-12-12 06:28:34.937213
2017-01-09,01:30,22.3,21.9,20.6,99.0,0.03,SE@3.6,6.4,32.1,0.0,0,"Huntsville, Columbia County",300034,Huntsville,2017-12-12 06:28:34.937213
2017-01-09,01:45,22.1,21.6,20.4,99.0,0.02,SE@3.9,5.7,32.1,0.0,0,"Huntsville, Columbia County",300034,Huntsville,2017-12-12 06:28:34.937213
2017-01-09,02:00,21.6,21.3,19.9,98.8,0.02,S@3.9,4.9,32.1,0.0,0,"Huntsville, Columbia County",300034,Huntsville,2017-12-12 06:28:34.937213
2017-01-09,02:15,21.3,21.0,19.5,98.6,0.02,SW@5.0,6.4,32.1,0.0,0,"Huntsville, Columbia County",300034,Huntsville,2017-12-12 06:28:34.937213
2017-01-09,02:30,21.0,20.7,19.1,98.5,0.02,SW@6.2,8.2,32.1,0.0,0,"Huntsville, Columbia County",300034,Huntsville,2017-12-12 06:28:34.937213
2017-01-09,02:45,20.9,20.6,19.0,98.5,0.02,SW@8.1,9.6,32.1,0.0,0,"Huntsville, Columbia County",300034,Huntsville,2017-12-12 06:28:34.937213
2017-01-09,03:00,20.7,20.4,18.7,98.3,0.02,SW@5.9,7.8,32.1,0.0,0,"Huntsville, Columbia County",300034,Huntsville,2017-12-12 06:28:34.937213
2017-01-09,03:15,20.9,20.6,19.0,98.4,0.02,S@3.4,6.0,32.1,0.0,0,"Huntsville, Columbia County",300034,Huntsville,2017-12-12 06:28:34.937213
2017-01-09,03:30,21.1,20.7,19.2,98.5,0.02,SW@4.0,6.0,32.1,0.0,0,"Huntsville, Columbia County",300034,Huntsville,2017-12-12 06:28:34.937213
2017-01-09,03:45,22.0,21.6,20.3,98.9,0.03,S@3.7,6.0,32.1,0.0,0,"Huntsville, Columbia County",300034,Huntsville,2017-12-12 06:28:34.937213
2017-01-09,04:00,22.3,22.0,20.7,99.1,0.03,E@3.9,6.0,32.1,0.0,0,"Huntsville, Columbia County",300034,Huntsville,2017-12-12 06:28:34.937213
2017-01-09,04:15,24.7,24.5,23.4,99.2,0.04,E@4.9,7.1,32.1,0.0,0,"Huntsville, Columbia County",300034,Huntsville,2017-12-12 06:28:34.937213
2017-01-09,04:30,27.8,27.6,26.9,99.3,0.09,E@4.0,6.7,32.1,0.0,0,"Huntsville, Columbia County",300034,Huntsville,2017-12-12 06:28:34.937213
2017-01-09,04:45,28.7,28.4,27.9,99.3,0.12,SE@2.1,3.9,32.1,0.0,0,"Huntsville, Columbia County",300034,Huntsville,2017-12-12 06:28:34.937213
2017-01-09,05:00,30.0,29.7,29.5,99.3,0.31,S@4.2,6.7,32.1,0.0,0,"Huntsville, Columbia County",300034,Huntsville,2017-12-12 06:28:34.937213
2017-01-09,05:15,31.5,31.3,31.1,99.3,0.65,S@6.1,8.2,32.1,0.0,0,"Huntsville, Columbia County",300034,Huntsville,2017-12-12 06:28:34.937213
2017-01-09,05:30,31.8,31.7,31.5,99.3,0.81,S@6.5,9.6,32.1,0.0,0,"Huntsville, Columbia County",300034,Huntsville,2017-12-12 06:28:34.937213
2017-01-09,05:45,31.9,31.8,31.6,99.3,0.73,SW@6.1,8.5,32.1,0.0,0,"Huntsville, Columbia County",300034,Huntsville,2017-12-12 06:28:34.937213
2017-01-09,06:00,31.9,31.6,31.6,99.3,0.44,SW@5.5,8.5,32.1,0.0,0,"Huntsville, Columbia County",300034,Huntsville,2017-12-12 06:28:34.937213
2017-01-09,06:15,31.8,31.4,31.5,99.3,0.32,SW@5.6,8.2,32.1,0.0,0,"Huntsville, Columbia County",300034,Huntsville,2017-12-12 06:28:34.937213
2017-01-09,06:30,31.5,30.9,31.2,99.3,0.25,SW@5.4,7.1,32.1,0.0,0,"Huntsville, Columbia County",300034,Huntsville,2017-12-12 06:28:34.937213
2017-01-09,06:45,31.5,31.2,31.1,99.3,0.31,SW@6.7,10.3,32.1,0.0,0,"Huntsville, Columbia County",300034,Huntsville,2017-12-12 06:28:34.937213
2017-01-09,07:00,31.7,31.5,31.4,99.3,0.4,SW@6.0,8.5,32.1,0.0,0,"Huntsville, Columbia County",300034,Huntsville,2017-12-12 06:28:34.937213
2017-01-09,07:15,31.7,31.4,31.3,99.3,0.37,SW@5.0,6.4,32.1,0.0,1,"Huntsville, Columbia County",300034,Huntsville,2017-12-12 06:28:34.937213
2017-01-09,07:30,31.7,31.5,31.4,99.3,0.62,SW@6.1,9.2,32.1,0.0,2,"Huntsville, Columbia County",300034,Huntsville,2017-12-12 06:28:34.937213
2017-01-09,07:45,31.9,31.7,31.6,99.3,0.76,SW@5.1,6.7,32.1,0.0,5,"Huntsville, Columbia County",300034,Huntsville,2017-12-12 06:28:34.937213
2017-01-09,08:00,31.9,31.6,31.6,99.3,0.71,SW@6.0,9.2,32.1,0.0,32,"Huntsville, Columbia County",300034,Huntsville,2017-12-12 06:28:34.937213
2017-01-09,08:15,32.0,31.8,31.8,99.3,0.87,W@10.4,13.5,32.1,0.0,39,"Huntsville, Columbia County",300034,Huntsville,2017-12-12 06:28:34.937213
2017-01-09,08:30,31.9,31.6,31.6,99.3,0.92,W@14.1,16.7,32.1,0.0,37,"Huntsville, Columbia County",300034,Huntsville,2017-12-12 06:28:34.937213
2017-01-09,08:45,29.7,29.3,29.1,99.3,0.44,W@16.4,20.0,32.1,0.0,33,"Huntsville, Columbia County",300034,Huntsville,2017-12-12 06:28:34.937213
2017-01-09,09:00,28.9,28.7,28.2,99.3,0.24,W@11.9,15.7,32.1,0.0,46,"Huntsville, Columbia County",300034,Huntsville,2017-12-12 06:28:34.937213
2017-01-09,09:15,28.1,27.8,27.3,99.3,0.17,SW@6.3,13.5,32.1,0.0,69,"Huntsville, Columbia County",300034,Huntsville,2017-12-12 06:28:34.937213
2017-01-09,09:30,28.0,27.7,27.1,99.3,0.17,S@7.2,11.4,32.1,0.0,64,"Huntsville, Columbia County",300034,Huntsville,2017-12-12 06:28:34.937213
2017-01-09,09:45,28.9,28.7,28.2,99.3,0.26,S@6.9,9.2,32.1,0.0,88,"Huntsville, Columbia County",300034,Huntsville,2017-12-12 06:28:34.937213
2017-01-09,10:00,29.8,29.6,29.2,99.3,0.44,S@6.9,10.7,32.1,0.0,126,"Huntsville, Columbia County",300034,Huntsville,2017-12-12 06:28:34.937213
2017-01-09,10:15,31.1,30.9,30.7,99.3,0.78,S@8.4,11.4,32.1,0.0,147,"Huntsville, Columbia County",300034,Huntsville,2017-12-12 06:28:34.937213
2017-01-09,10:30,31.7,31.5,31.4,99.3,0.92,SW@9.1,16.0,32.1,0.0,181,"Huntsville, Columbia County",300034,Huntsville,2017-12-12 06:28:34.937213
2017-01-09,10:45,32.1,31.8,31.9,99.3,0.94,SW@8.7,15.0,32.1,0.0,194,"Huntsville, Columbia County",300034,Huntsville,2017-12-12 06:28:34.937213
2017-01-09,11:00,32.2,31.8,32.0,99.3,0.93,SW@7.8,11.7,32.1,0.0,232,"Huntsville, Columbia County",300034,Huntsville,2017-12-12 06:28:34.937213
2017-01-09,11:15,32.2,31.7,32.1,99.3,0.93,SW@8.3,11.7,32.1,0.01,287,"Huntsville, Columbia County",300034,Huntsville,2017-12-12 06:28:34.937213
2017-01-09,11:30,32.2,31.7,32.0,99.3,0.93,SW@11.9,17.1,32.1,0.0,266,"Huntsville, Columbia County",300034,Huntsville,2017-12-12 06:28:34.937213
2017-01-09,11:45,32.6,32.0,32.4,99.3,0.92,SW@15.7,21.0,32.1,0.0,371,"Huntsville, Columbia County",300034,Huntsville,2017-12-12 06:28:34.937213
2017-01-09,12:00,33.0,33.2,32.8,99.3,0.91,SW@16.6,20.3,32.1,0.0,384,"Huntsville, Columbia County",300034,Huntsville,2017-12-12 06:28:34.937213
2017-01-09,12:15,33.1,33.8,32.9,99.3,0.89,SW@16.0,20.3,32.1,0.0,393,"Huntsville, Columbia County",300034,Huntsville,2017-12-12 06:28:34.937213
2017-01-09,12:30,33.2,33.8,33.0,99.3,0.9,SW@15.6,21.8,32.1,0.0,390,"Huntsville, Columbia County",300034,Huntsville,2017-12-12 06:28:34.937213
2017-01-09,12:45,33.6,34.2,33.4,99.3,0.9,SW@14.0,17.8,32.1,0.03,355,"Huntsville, Columbia County",300034,Huntsville,2017-12-12 06:28:34.937213
2017-01-09,13:00,34.1,34.2,33.8,99.1,0.91,SW@11.4,15.7,32.1,0.05,325,"Huntsville, Columbia County",300034,Huntsville,2017-12-12 06:28:34.937213
2017-01-09,13:15,33.8,33.5,32.7,95.6,0.91,SW@7.9,11.0,32.1,0.02,309,"Huntsville, Columbia County",300034,Huntsville,2017-12-12 06:28:34.937213
2017-01-09,13:30,34.2,33.8,31.6,90.0,0.89,SW@6.8,8.9,32.1,0.03,302,"Huntsville, Columbia County",300034,Huntsville,2017-12-12 06:28:34.937213
2017-01-09,13:45,34.1,33.7,30.5,86.6,0.89,SW@7.2,10.3,32.1,0.02,212,"Huntsville, Columbia County",300034,Huntsville,2017-12-12 06:28:34.937213
2017-01-09,14:00,34.4,34.0,29.4,81.8,0.88,SW@8.0,10.3,32.1,0.01,181,"Huntsville, Columbia County",300034,Huntsville,2017-12-12 06:28:34.937213
2017-01-09,14:15,34.6,34.2,28.4,78.0,0.88,SW@8.0,11.0,32.1,0.01,156,"Huntsville, Columbia County",300034,Huntsville,2017-12-12 06:28:34.937213
2017-01-09,14:30,34.7,34.3,27.8,75.8,0.87,SW@7.4,13.5,32.1,0.01,132,"Huntsville, Columbia County",300034,Huntsville,2017-12-12 06:28:34.937213
2017-01-09,14:45,34.6,34.4,27.2,73.9,0.85,SW@10.8,13.9,32.1,0.01,98,"Huntsville, Columbia County",300034,Huntsville,2017-12-12 06:28:34.937213
2017-01-09,15:00,34.7,34.4,27.5,74.7,0.85,SW@12.8,15.3,32.1,0.0,63,"Huntsville, Columbia County",300034,Huntsville,2017-12-12 06:28:34.937213
2017-01-09,15:15,35.3,35.1,26.9,71.2,0.85,SW@16.2,23.2,32.1,0.01,47,"Huntsville, Columbia County",300034,Huntsville,2017-12-12 06:28:34.937213
2017-01-09,15:30,34.6,34.4,27.5,75.1,0.85,SW@14.8,22.1,32.1,0.0,31,"Huntsville, Columbia County",300034,Huntsville,2017-12-12 06:28:34.937213
2017-01-09,15:45,33.8,33.6,29.6,84.4,0.86,SW@18.8,30.0,32.1,0.01,17,"Huntsville, Columbia County",300034,Huntsville,2017-12-12 06:28:34.937213
2017-01-09,16:00,33.2,33.0,30.7,90.7,0.87,SW@14.3,25.7,32.1,0.0,9,"Huntsville, Columbia County",300034,Huntsville,2017-12-12 06:28:34.937213
2017-01-09,16:15,33.2,33.0,30.4,89.3,0.87,S@13.3,17.1,32.1,0.0,5,"Huntsville, Columbia County",300034,Huntsville,2017-12-12 06:28:34.937213
2017-01-09,16:30,32.1,31.8,30.8,94.7,0.84,S@12.2,15.7,32.1,0.0,2,"Huntsville, Columbia County",300034,Huntsville,2017-12-12 06:28:34.937213
2017-01-09,16:45,31.3,31.0,30.9,99.2,0.61,S@10.4,13.2,32.1,0.0,2,"Huntsville, Columbia County",300034,Huntsville,2017-12-12 06:28:34.937213
2017-01-09,17:00,31.2,31.0,30.8,99.3,0.55,S@8.0,10.7,32.1,0.0,0,"Huntsville, Columbia County",300034,Huntsville,2017-12-12 06:28:34.937213
2017-01-09,17:15,31.3,31.0,30.9,99.3,0.55,S@8.5,11.7,32.1,0.0,0,"Huntsville, Columbia County",300034,Huntsville,2017-12-12 06:28:34.937213
2017-01-09,17:30,31.5,31.2,31.1,99.3,0.61,S@8.1,10.7,32.1,0.0,0,"Huntsville, Columbia County",300034,Huntsville,2017-12-12 06:28:34.937213
2017-01-09,17:45,31.3,31.0,30.9,99.3,0.47,S@5.0,7.1,32.1,0.0,0,"Huntsville, Columbia County",300034,Huntsville,2017-12-12 06:28:34.937213
2017-01-09,18:00,31.0,30.6,30.5,99.3,0.26,S@6.1,8.2,32.1,0.0,0,"Huntsville, Columbia County",300034,Huntsville,2017-12-12 06:28:34.937213
2017-01-09,18:15,30.7,30.4,30.3,99.3,0.18,S@7.3,9.6,32.1,0.0,0,"Huntsville, Columbia County",300034,Huntsville,2017-12-12 06:28:34.937213
2017-01-09,18:30,30.9,30.5,30.4,99.3,0.18,S@8.8,12.1,32.1,0.0,0,"Huntsville, Columbia County",300034,Huntsville,2017-12-12 06:28:34.937213
2017-01-09,18:45,32.3,32.1,31.0,94.8,0.33,S@11.1,15.0,32.1,0.0,0,"Huntsville, Columbia County",300034,Huntsville,2017-12-12 06:28:34.937213
2017-01-09,19:00,32.6,32.2,29.8,89.2,0.33,S@10.7,15.3,32.1,0.0,0,"Huntsville, Columbia County",300034,Huntsville,2017-12-12 06:28:34.937213
2017-01-09,19:15,32.0,31.5,29.1,89.6,0.22,SW@10.8,15.7,32.1,0.0,0,"Huntsville, Columbia County",300034,Huntsville,2017-12-12 06:28:34.937213
2017-01-09,19:30,31.3,30.9,28.0,88.3,0.14,S@10.2,13.9,32.1,0.0,0,"Huntsville, Columbia County",300034,Huntsville,2017-12-12 06:28:34.937213
2017-01-09,19:45,31.2,31.0,28.1,88.8,0.12,SW@11.1,14.6,32.1,0.0,0,"Huntsville, Columbia County",300034,Huntsville,2017-12-12 06:28:34.937213
2017-01-09,20:00,32.0,31.9,28.4,86.4,0.16,SW@10.4,14.2,32.1,0.0,0,"Huntsville, Columbia County",300034,Huntsville,2017-12-12 06:28:34.937213
2017-01-09,20:15,32.0,31.9,28.1,85.4,0.13,SW@9.3,12.4,32.1,0.0,0,"Huntsville, Columbia County",300034,Huntsville,2017-12-12 06:28:34.937213
2017-01-09,20:30,31.9,31.8,27.2,82.8,0.11,S@10.6,14.2,32.1,0.0,0,"Huntsville, Columbia County",300034,Huntsville,2017-12-12 06:28:34.937213
2017-01-09,20:45,32.0,31.9,26.8,80.8,0.09,SW@7.0,10.3,32.1,0.0,0,"Huntsville, Columbia County",300034,Huntsville,2017-12-12 06:28:34.937213
2017-01-09,21:00,32.4,32.3,26.6,78.8,0.09,SW@6.3,9.2,32.1,0.0,0,"Huntsville, Columbia County",300034,Huntsville,2017-12-12 06:28:34.937213
2017-01-09,21:15,33.0,32.9,26.4,76.3,0.1,SW@7.4,10.7,32.1,0.0,0,"Huntsville, Columbia County",300034,Huntsville,2017-12-12 06:28:34.937213
2017-01-09,21:30,33.0,32.8,26.3,76.0,0.09,SW@6.1,8.2,32.1,0.0,0,"Huntsville, Columbia County",300034,Huntsville,2017-12-12 06:28:34.937213
2017-01-09,21:45,32.9,32.7,26.1,75.6,0.08,SW@6.4,8.9,32.1,0.0,0,"Huntsville, Columbia County",300034,Huntsville,2017-12-12 06:28:34.937213
2017-01-09,22:00,33.0,32.8,26.1,75.2,0.08,SW@6.5,8.2,32.1,0.0,0,"Huntsville, Columbia County",300034,Huntsville,2017-12-12 06:28:34.937213
2017-01-09,22:15,33.3,33.1,26.0,74.2,0.07,SW@5.8,7.8,32.1,0.0,0,"Huntsville, Columbia County",300034,Huntsville,2017-12-12 06:28:34.937213
2017-01-09,22:30,33.5,33.3,26.0,73.6,0.05,W@4.3,5.7,32.1,0.0,0,"Huntsville, Columbia County",300034,Huntsville,2017-12-12 06:28:34.937213
2017-01-09,22:45,34.0,33.7,25.9,71.8,0.05,SW@3.3,4.6,32.1,0.0,0,"Huntsville, Columbia County",300034,Huntsville,2017-12-12 06:28:34.937213
2017-01-09,23:00,33.7,33.4,25.5,71.4,0.04,S@4.4,6.4,32.1,0.0,0,"Huntsville, Columbia County",300034,Huntsville,2017-12-12 06:28:34.937213
2017-01-09,23:15,33.5,33.1,25.8,73.1,0.03,SE@2.5,3.9,32.1,0.0,0,"Huntsville, Columbia County",300034,Huntsville,2017-12-12 06:28:34.937213
2017-01-09,23:30,33.5,33.1,25.9,73.4,0.03,SE@0.6,3.1,32.1,0.0,0,"Huntsville, Columbia County",300034,Huntsville,2017-12-12 06:28:34.937213
2017-01-09,23:45,34.6,34.3,26.0,70.5,0.03,SW@1.7,3.9,32.1,0.0,0,"Huntsville, Columbia County",300034,Huntsville,2017-12-12 06:28:34.937213
2017-01-09,24:00,34.7,34.4,25.8,69.5,0.03,SW@2.9,3.5,32.1,0.0,0,"Huntsville, Columbia County",300034,Huntsville,2017-12-12 06:28:34.937213
2017-01-10,00:15,33.2,32.9,25.3,72.4,0.02,E@2.8,4.6,32.1,0.0,0,"Huntsville, Columbia County",300034,Huntsville,2017-12-12 06:28:34.937213
2017-01-10,00:30,34.0,34.0,25.9,72.0,0.03,N@2.4,3.1,32.1,0.0,0,"Huntsville, Columbia County",300034,Huntsville,2017-12-12 06:28:34.937213
2017-01-10,00:45,35.0,34.8,26.1,69.8,0.03,N@3.0,5.3,32.1,0.0,0,"Huntsville, Columbia County",300034,Huntsville,2017-12-12 06:28:34.937213
2017-01-10,01:00,35.3,35.1,26.2,69.2,0.06,NW@4.9,5.7,32.1,0.0,0,"Huntsville, Columbia County",300034,Huntsville,2017-12-12 06:28:34.937213
2017-01-10,01:15,32.8,32.5,25.2,73.1,0.02,NE@2.3,3.1,32.1,0.0,0,"Huntsville, Columbia County",300034,Huntsville,2017-12-12 06:28:34.937213
2017-01-10,01:30,31.4,31.2,24.5,75.9,0.02,NE@3.6,5.3,32.1,0.0,0,"Huntsville, Columbia County",300034,Huntsville,2017-12-12 06:28:34.937213
2017-01-10,01:45,31.3,31.1,25.0,77.8,0.02,NE@4.2,5.3,32.1,0.0,0,"Huntsville, Columbia County",300034,Huntsville,2017-12-12 06:28:34.937213
2017-01-10,02:00,30.7,30.4,25.2,81.0,0.02,NE@3.8,4.9,32.1,0.0,0,"Huntsville, Columbia County",300034,Huntsville,2017-12-12 06:28:34.937213
2017-01-10,02:15,31.3,31.1,25.9,80.8,0.03,NE@4.0,4.9,32.1,0.0,0,"Huntsville, Columbia County",300034,Huntsville,2017-12-12 06:28:34.937213
2017-01-10,02:30,30.1,29.7,24.8,81.7,0.03,W@5.1,11.0,32.1,0.0,0,"Huntsville, Columbia County",300034,Huntsville,2017-12-12 06:28:34.937213
2017-01-10,02:45,26.6,26.4,23.5,91.2,0.02,W@4.0,8.2,32.1,0.0,0,"Huntsville, Columbia County",300034,Huntsville,2017-12-12 06:28:34.937213
2017-01-10,03:00,25.6,25.3,22.7,92.3,0.02,W@8.7,13.9,32.1,0.0,0,"Huntsville, Columbia County",300034,Huntsville,2017-12-12 06:28:34.937213
2017-01-10,03:15,22.5,22.2,20.9,99.0,0.01,W@8.7,12.1,32.1,0.0,0,"Huntsville, Columbia County",300034,Huntsville,2017-12-12 06:28:34.937213
2017-01-10,03:30,21.8,21.5,20.1,99.2,0.01,W@7.5,9.2,32.1,0.0,0,"Huntsville, Columbia County",300034,Huntsville,2017-12-12 06:28:34.937213
2017-01-10,03:45,21.2,20.9,19.5,99.2,0.0,W@6.5,9.2,32.1,0.0,0,"Huntsville, Columbia County",300034,Huntsville,2017-12-12 06:28:34.937213
2017-01-10,04:00,22.6,22.3,21.0,99.2,0.01,W@3.3,4.9,32.2,0.0,0,"Huntsville, Columbia County",300034,Huntsville,2017-12-12 06:28:34.937213
2017-01-10,04:15,23.7,23.4,22.2,99.2,0.01,S@3.0,4.2,32.2,0.0,0,"Huntsville, Columbia County",300034,Huntsville,2017-12-12 06:28:34.937213
2017-01-10,04:30,23.5,23.2,22.1,99.2,0.01,SE@1.1,3.9,32.2,0.0,0,"Huntsville, Columbia County",300034,Huntsville,2017-12-12 06:28:34.937213
2017-01-10,04:45,23.1,22.8,21.6,99.2,0.01,SE@1.0,2.8,32.2,0.0,0,"Huntsville, Columbia County",300034,Huntsville,2017-12-12 06:28:34.937213
2017-01-10,05:00,23.2,22.9,21.8,99.2,0.01,E@2.1,3.1,32.2,0.0,0,"Huntsville, Columbia County",300034,Huntsville,2017-12-12 06:28:34.937213
2017-01-10,05:15,23.0,22.7,21.4,99.2,0.01,E@2.0,3.1,32.2,0.0,0,"Huntsville, Columbia County",300034,Huntsville,2017-12-12 06:28:34.937213
2017-01-10,05:30,22.6,22.3,21.0,99.2,0.01,SW@2.3,4.2,32.2,0.0,0,"Huntsville, Columbia County",300034,Huntsville,2017-12-12 06:28:34.937213
2017-01-10,05:45,21.8,21.6,20.2,99.2,0.01,W@6.2,8.5,32.2,0.0,0,"Huntsville, Columbia County",300034,Huntsville,2017-12-12 06:28:34.937213
2017-01-10,06:00,21.7,21.5,20.1,99.2,0.0,W@4.4,5.3,32.2,0.0,0,"Huntsville, Columbia County",300034,Huntsville,2017-12-12 06:28:34.937213
2017-01-10,06:15,21.9,21.7,20.3,99.2,0.0,W@2.5,4.2,32.2,0.0,0,"Huntsville, Columbia County",300034,Huntsville,2017-12-12 06:28:34.937213
2017-01-10,06:30,21.7,21.4,20.1,99.2,0.0,W@3.2,4.9,32.2,0.0,0,"Huntsville, Columbia County",300034,Huntsville,2017-12-12 06:28:34.937213
2017-01-10,06:45,21.8,21.5,20.1,99.2,0.0,W@1.6,4.9,32.2,0.0,0,"Huntsville, Columbia County",300034,Huntsville,2017-12-12 06:28:34.937213
2017-01-10,07:00,21.3,21.0,19.6,99.0,0.0,W@4.0,6.0,32.2,0.0,0,"Huntsville, Columbia County",300034,Huntsville,2017-12-12 06:28:34.937213
2017-01-10,07:15,21.1,20.9,19.3,99.0,0.0,W@5.1,7.1,32.2,0.0,1,"Huntsville, Columbia County",300034,Huntsville,2017-12-12 06:28:34.937213
2017-01-10,07:30,21.1,20.8,19.3,98.9,0.0,W@2.4,4.6,32.2,0.0,2,"Huntsville, Columbia County",300034,Huntsville,2017-12-12 06:28:34.937213
2017-01-10,07:45,21.2,20.9,19.4,98.8,0.0,W@3.6,5.7,32.2,0.0,3,"Huntsville, Columbia County",300034,Huntsville,2017-12-12 06:28:34.937213
2017-01-10,08:00,20.9,20.7,19.1,98.8,0.0,NW@7.0,8.9,32.2,0.0,7,"Huntsville, Columbia County",300034,Huntsville,2017-12-12 06:28:34.937213
2017-01-10,08:15,20.8,20.6,19.0,98.7,0.0,NW@5.0,7.4,32.2,0.0,18,"Huntsville, Columbia County",300034,Huntsville,2017-12-12 06:28:34.937213
2017-01-10,08:30,21.3,20.9,19.4,98.7,0.0,W@2.1,4.9,32.2,0.0,29,"Huntsville, Columbia County",300034,Huntsville,2017-12-12 06:28:34.937213
2017-01-10,08:45,21.3,21.0,19.5,98.6,0.0,SW@4.6,6.4,32.2,0.0,60,"Huntsville, Columbia County",300034,Huntsville,2017-12-12 06:28:34.937213
2017-01-10,09:00,21.4,21.0,19.5,98.6,0.0,W@4.2,5.3,32.2,0.0,69,"Huntsville, Columbia County",300034,Huntsville,2017-12-12 06:28:34.937213
2017-01-10,09:15,21.5,21.1,19.7,98.6,0.0,SW@4.0,5.3,32.2,0.0,93,"Huntsville, Columbia County",300034,Huntsville,2017-12-12 06:28:34.937213
2017-01-10,09:30,21.6,21.2,19.8,98.6,0.0,W@3.5,6.0,32.2,0.0,96,"Huntsville, Columbia County",300034,Huntsville,2017-12-12 06:28:34.937213
2017-01-10,09:45,21.6,21.2,19.7,98.5,0.0,W@5.7,7.1,32.2,0.0,122,"Huntsville, Columbia County",300034,Huntsville,2017-12-12 06:28:34.937213
2017-01-10,10:00,21.6,21.1,19.7,98.5,0.0,W@3.7,5.7,32.2,0.0,131,"Huntsville, Columbia County",300034,Huntsville,2017-12-12 06:28:34.937213
2017-01-10,10:15,22.1,21.7,20.4,98.5,0.0,SE@2.6,4.9,32.2,0.0,142,"Huntsville, Columbia County",300034,Huntsville,2017-12-12 06:28:34.937213
2017-01-10,10:30,22.4,21.9,20.7,98.6,0.0,SE@1.8,4.2,32.2,0.0,139,"Huntsville, Columbia County",300034,Huntsville,2017-12-12 06:28:34.937213
2017-01-10,10:45,22.4,21.9,20.6,98.6,0.0,W@3.0,6.4,32.2,0.0,148,"Huntsville, Columbia County",300034,Huntsville,2017-12-12 06:28:34.937213
2017-01-10,11:00,21.7,21.3,19.9,98.4,0.0,W@7.2,8.5,32.2,0.0,163,"Huntsville, Columbia County",300034,Huntsville,2017-12-12 06:28:34.937213
2017-01-10,11:15,21.8,21.4,20.0,98.3,0.0,W@5.7,6.7,32.2,0.0,194,"Huntsville, Columbia County",300034,Huntsville,2017-12-12 06:28:34.937213
2017-01-10,11:30,21.9,21.4,20.0,98.2,0.0,W@4.6,5.7,32.2,0.0,202,"Huntsville, Columbia County",300034,Huntsville,2017-12-12 06:28:34.937213
2017-01-10,11:45,22.1,21.5,20.3,98.3,0.0,SW@3.9,4.9,32.2,0.0,178,"Huntsville, Columbia County",300034,Huntsville,2017-12-12 06:28:34.937213
2017-01-10,12:00,22.1,21.5,20.2,98.2,0.0,SW@4.5,5.3,32.2,0.0,198,"Huntsville, Columbia County",300034,Huntsville,2017-12-12 06:28:34.937213
2017-01-10,12:15,22.4,21.9,20.6,98.3,0.0,S@2.8,4.6,32.2,0.0,191,"Huntsville, Columbia County",300034,Huntsville,2017-12-12 06:28:34.937213
2017-01-10,12:30,23.3,22.9,21.6,98.5,0.0,SE@1.4,3.1,32.2,0.0,191,"Huntsville, Columbia County",300034,Huntsville,2017-12-12 06:28:34.937213
2017-01-10,12:45,23.8,23.6,22.3,98.7,0.01,N@0.0,0.0,32.2,0.0,177,"Huntsville, Columbia County",300034,Huntsville,2017-12-12 06:28:34.937213
2017-01-10,13:00,23.1,22.6,21.4,98.3,0.0,W@2.1,4.2,32.2,0.0,166,"Huntsville, Columbia County",300034,Huntsville,2017-12-12 06:28:34.937213
2017-01-10,13:15,22.5,22.0,20.7,98.3,0.0,W@3.4,4.2,32.2,0.0,144,"Huntsville, Columbia County",300034,Huntsville,2017-12-12 06:28:34.937213
2017-01-10,13:30,22.4,21.9,20.7,98.4,0.0,NW@3.6,4.6,32.2,0.0,135,"Huntsville, Columbia County",300034,Huntsville,2017-12-12 06:28:34.937213
2017-01-10,13:45,22.8,22.4,21.1,98.6,0.0,N@3.3,4.6,32.2,0.0,127,"Huntsville, Columbia County",300034,Huntsville,2017-12-12 06:28:34.937213
2017-01-10,14:00,23.0,22.5,21.3,98.8,0.0,NE@2.3,3.1,32.2,0.0,115,"Huntsville, Columbia County",300034,Huntsville,2017-12-12 06:28:34.937213
2017-01-10,14:15,23.6,23.2,22.1,99.0,0.01,E@0.0,1.7,32.2,0.0,101,"Huntsville, Columbia County",300034,Huntsville,2017-12-12 06:28:34.937213
2017-01-10,14:30,23.7,23.5,22.2,98.9,0.01,N@0.0,0.0,32.2,0.0,94,"Huntsville, Columbia County",300034,Huntsville,2017-12-12 06:28:34.937213
2017-01-10,14:45,23.9,23.6,22.5,99.1,0.01,W@0.6,3.9,32.2,0.0,82,"Huntsville, Columbia County",300034,Huntsville,2017-12-12 06:28:34.937213
2017-01-10,15:00,22.8,22.4,21.2,98.9,0.01,W@4.7,6.0,32.2,0.0,78,"Huntsville, Columbia County",300034,Huntsville,2017-12-12 06:28:34.937213
2017-01-10,15:15,22.2,21.9,20.6,99.1,0.0,W@5.1,6.0,32.2,0.0,60,"Huntsville, Columbia County",300034,Huntsville,2017-12-12 06:28:34.937213
2017-01-10,15:30,22.2,21.8,20.5,99.1,0.0,W@4.3,5.3,32.2,0.0,50,"Huntsville, Columbia County",300034,Huntsville,2017-12-12 06:28:34.937213
2017-01-10,15:45,22.3,22.0,20.7,99.2,0.0,NW@2.9,3.9,32.2,0.0,33,"Huntsville, Columbia County",300034,Huntsville,2017-12-12 06:28:34.937213
2017-01-10,16:00,22.8,22.5,21.2,99.2,0.0,N@3.0,4.9,32.2,0.0,22,"Huntsville, Columbia County",300034,Huntsville,2017-12-12 06:28:34.937213
2017-01-10,16:15,22.7,22.4,21.1,99.2,0.0,E@3.0,4.2,32.2,0.0,13,"Huntsville, Columbia County",300034,Huntsville,2017-12-12 06:28:34.937213
2017-01-10,16:30,22.3,22.0,20.7,99.2,0.0,E@3.0,4.6,32.2,0.0,3,"Huntsville, Columbia County",300034,Huntsville,2017-12-12 06:28:34.937213
2017-01-10,16:45,22.5,22.3,21.0,99.2,0.0,E@5.1,7.1,32.2,0.0,2,"Huntsville, Columbia County",300034,Huntsville,2017-12-12 06:28:34.937213
2017-01-10,17:00,22.9,22.6,21.4,99.2,0.0,E@6.0,7.8,32.2,0.0,1,"Huntsville, Columbia County",300034,Huntsville,2017-12-12 06:28:34.937213
2017-01-10,17:15,23.2,22.9,21.7,99.2,0.01,NE@3.0,6.7,32.2,0.0,0,"Huntsville, Columbia County",300034,Huntsville,2017-12-12 06:28:34.937213
2017-01-10,17:30,22.7,22.4,21.2,99.2,0.0,W@2.7,4.9,32.2,0.0,0,"Huntsville, Columbia County",300034,Huntsville,2017-12-12 06:28:34.937213
2017-01-10,17:45,23.0,22.8,21.5,99.2,0.01,N@4.0,7.8,32.2,0.0,0,"Huntsville, Columbia County",300034,Huntsville,2017-12-12 06:28:34.937213
2017-01-10,18:00,23.1,22.8,21.6,99.2,0.01,NW@5.2,6.7,32.2,0.0,0,"Huntsville, Columbia County",300034,Huntsville,2017-12-12 06:28:34.937213
2017-01-10,18:15,22.7,22.4,21.2,99.2,0.0,NW@3.0,4.9,32.2,0.0,0,"Huntsville, Columbia County",300034,Huntsville,2017-12-12 06:28:34.937213
2017-01-10,18:30,22.0,21.7,20.4,99.2,0.0,W@4.7,6.0,32.2,0.0,0,"Huntsville, Columbia County",300034,Huntsville,2017-12-12 06:28:34.937213
2017-01-10,18:45,21.5,21.2,19.8,99.2,0.0,W@5.0,6.0,32.2,0.0,0,"Huntsville, Columbia County",300034,Huntsville,2017-12-12 06:28:34.937213
2017-01-10,19:00,21.5,21.3,19.9,99.2,0.0,W@5.5,7.8,32.2,0.0,0,"Huntsville, Columbia County",300034,Huntsville,2017-12-12 06:28:34.937213
2017-01-10,19:15,21.6,21.3,19.9,99.2,0.0,W@5.8,7.8,32.2,0.0,0,"Huntsville, Columbia County",300034,Huntsville,2017-12-12 06:28:34.937213
2017-01-10,19:30,21.5,21.2,19.8,99.0,0.0,SW@2.9,3.9,32.2,0.0,0,"Huntsville, Columbia County",300034,Huntsville,2017-12-12 06:28:34.937213
2017-01-10,19:45,21.5,21.2,19.8,99.0,0.0,SW@1.1,4.2,32.2,0.0,0,"Huntsville, Columbia County",300034,Huntsville,2017-12-12 06:28:34.937213
2017-01-10,20:00,21.3,21.0,19.5,98.9,0.0,SW@3.7,4.2,32.2,0.0,0,"Huntsville, Columbia County",300034,Huntsville,2017-12-12 06:28:34.937213
2017-01-10,20:15,21.2,20.9,19.5,98.9,0.0,W@3.9,4.6,32.2,0.0,0,"Huntsville, Columbia County",300034,Huntsville,2017-12-12 06:28:34.937213
2017-01-10,20:30,21.2,20.9,19.5,98.9,0.0,W@3.7,4.2,32.2,0.0,0,"Huntsville, Columbia County",300034,Huntsville,2017-12-12 06:28:34.937213
2017-01-10,20:45,21.2,20.9,19.4,98.9,0.0,W@5.6,7.4,32.2,0.0,0,"Huntsville, Columbia County",300034,Huntsville,2017-12-12 06:28:34.937213
2017-01-10,21:00,21.2,20.9,19.4,98.9,0.0,W@4.3,6.0,32.2,0.0,0,"Huntsville, Columbia County",300034,Huntsville,2017-12-12 06:28:34.937213
2017-01-10,21:15,21.1,20.8,19.3,98.8,0.0,SW@5.0,6.7,32.2,0.0,0,"Huntsville, Columbia County",300034,Huntsville,2017-12-12 06:28:34.937213
2017-01-10,21:30,20.8,20.6,19.0,98.7,0.0,SW@5.3,7.4,32.2,0.0,0,"Huntsville, Columbia County",300034,Huntsville,2017-12-12 06:28:34.937213
2017-01-10,21:45,20.8,20.5,18.9,98.7,0.0,SW@4.4,7.1,32.2,0.0,0,"Huntsville, Columbia County",300034,Huntsville,2017-12-12 06:28:34.937213
2017-01-10,22:00,20.8,20.5,18.9,98.6,0.0,SW@5.7,7.1,32.2,0.0,0,"Huntsville, Columbia County",300034,Huntsville,2017-12-12 06:28:34.937213
2017-01-10,22:15,20.5,20.2,18.5,98.5,0.0,W@7.9,8.9,32.2,0.0,0,"Huntsville, Columbia County",300034,Huntsville,2017-12-12 06:28:34.937213
2017-01-10,22:30,20.3,20.0,18.3,98.4,0.0,W@7.3,8.9,32.2,0.0,0,"Huntsville, Columbia County",300034,Huntsville,2017-12-12 06:28:34.937213
2017-01-10,22:45,19.9,19.6,17.8,98.2,0.0,SW@6.3,8.2,32.2,0.0,0,"Huntsville, Columbia County",300034,Huntsville,2017-12-12 06:28:34.937213
2017-01-10,23:00,19.6,19.3,17.4,98.0,0.0,SW@6.2,8.5,32.2,0.0,0,"Huntsville, Columbia County",300034,Huntsville,2017-12-12 06:28:34.937213
2017-01-10,23:15,19.4,19.1,17.1,97.8,0.0,SW@6.9,8.2,32.2,0.0,0,"Huntsville, Columbia County",300034,Huntsville,2017-12-12 06:28:34.937213
2017-01-10,23:30,19.3,19.0,17.1,97.8,0.0,SW@7.9,9.9,32.2,0.0,0,"Huntsville, Columbia County",300034,Huntsville,2017-12-12 06:28:34.937213
2017-01-10,23:45,19.2,19.0,17.0,97.8,0.0,SW@9.3,11.0,32.2,0.0,0,"Huntsville, Columbia County",300034,Huntsville,2017-12-12 06:28:34.937213
2017-01-10,24:00,19.0,18.7,16.7,97.7,0.0,SW@9.8,11.7,32.2,0.0,0,"Huntsville, Columbia County",300034,Huntsville,2017-12-12 06:28:34.937213
