Date,Time PST,Air Temp °F, 2<sup>nd</sup> Air Temp °F, Dew Point °F, Rel Hum %, Leaf Wet u., Wind Dir @ Speed mph, Wind Gust mph, 2 in. Soil Tmp °F, 8 in. Soil Tmp °F, Tot Prec in, Solar Rad W/m²,Location,Station ID,Station Name,Download Timestamp
1996-12-06,00:15,33.8,,30.3,86.7,0.0,N@4.4,99999.0,,39.3,0.0,0,"Sunnyside, Yakima County",310136,Sunnyside,2017-12-06 00:59:55.061588
1996-12-06,00:30,33.6,,30.0,86.8,0.0,N@3.5,99999.0,,39.3,0.0,0,"Sunnyside, Yakima County",310136,Sunnyside,2017-12-06 00:59:55.061588
1996-12-06,00:45,33.3,,30.0,87.3,0.0,N@3.4,99999.0,,39.3,0.0,0,"Sunnyside, Yakima County",310136,Sunnyside,2017-12-06 00:59:55.061588
1996-12-06,01:00,34.5,,30.6,85.5,0.0,N@1.9,99999.0,,39.3,0.0,0,"Sunnyside, Yakima County",310136,Sunnyside,2017-12-06 00:59:55.061588
1996-12-06,01:15,34.5,,30.6,85.5,0.0,N@2.3,99999.0,,39.3,0.0,0,"Sunnyside, Yakima County",310136,Sunnyside,2017-12-06 00:59:55.061588
1996-12-06,01:30,34.7,,30.6,84.9,0.0,N@2.4,99999.0,,39.3,0.0,0,"Sunnyside, Yakima County",310136,Sunnyside,2017-12-06 00:59:55.061588
1996-12-06,01:45,34.7,,30.5,84.5,0.0,N@3.4,99999.0,,39.3,0.0,0,"Sunnyside, Yakima County",310136,Sunnyside,2017-12-06 00:59:55.061588
1996-12-06,02:00,35.4,,30.9,83.5,0.0,N@2.8,99999.0,,39.3,0.0,0,"Sunnyside, Yakima County",310136,Sunnyside,2017-12-06 00:59:55.061588
1996-12-06,02:15,35.3,,31.1,84.3,0.0,N@2.8,99999.0,,39.3,0.0,0,"Sunnyside, Yakima County",310136,Sunnyside,2017-12-06 00:59:55.061588
1996-12-06,02:30,35.1,,30.7,83.8,0.0,N@3.7,99999.0,,39.3,0.0,0,"Sunnyside, Yakima County",310136,Sunnyside,2017-12-06 00:59:55.061588
1996-12-06,02:45,33.4,,29.2,84.5,0.0,N@4.2,99999.0,,39.3,0.0,0,"Sunnyside, Yakima County",310136,Sunnyside,2017-12-06 00:59:55.061588
1996-12-06,03:00,32.5,,28.7,85.5,0.0,N@4.8,99999.0,,39.3,0.0,0,"Sunnyside, Yakima County",310136,Sunnyside,2017-12-06 00:59:55.061588
1996-12-06,03:15,32.5,,28.6,85.1,0.0,N@5.2,99999.0,,39.3,0.0,0,"Sunnyside, Yakima County",310136,Sunnyside,2017-12-06 00:59:55.061588
1996-12-06,03:30,32.5,,28.4,84.6,0.0,N@5.4,99999.0,,39.3,0.0,0,"Sunnyside, Yakima County",310136,Sunnyside,2017-12-06 00:59:55.061588
1996-12-06,03:45,31.9,,27.9,85.0,0.0,N@4.8,99999.0,,39.3,0.0,0,"Sunnyside, Yakima County",310136,Sunnyside,2017-12-06 00:59:55.061588
1996-12-06,04:00,32.2,,28.1,84.5,0.0,N@4.5,99999.0,,39.3,0.0,0,"Sunnyside, Yakima County",310136,Sunnyside,2017-12-06 00:59:55.061588
1996-12-06,04:15,31.8,,27.7,84.7,0.0,N@4.3,99999.0,,39.3,0.0,0,"Sunnyside, Yakima County",310136,Sunnyside,2017-12-06 00:59:55.061588
1996-12-06,04:30,31.2,,27.3,85.5,0.0,N@5.0,99999.0,,39.3,0.0,0,"Sunnyside, Yakima County",310136,Sunnyside,2017-12-06 00:59:55.061588
1996-12-06,04:45,31.3,,27.4,85.3,0.0,N@3.4,99999.0,,39.3,0.0,0,"Sunnyside, Yakima County",310136,Sunnyside,2017-12-06 00:59:55.061588
1996-12-06,05:00,31.3,,27.5,85.7,0.0,N@1.8,99999.0,,39.3,0.0,0,"Sunnyside, Yakima County",310136,Sunnyside,2017-12-06 00:59:55.061588
1996-12-06,05:15,31.0,,27.2,86.2,0.0,N@3.3,99999.0,,39.3,0.0,0,"Sunnyside, Yakima County",310136,Sunnyside,2017-12-06 00:59:55.061588
1996-12-06,05:30,31.1,,27.2,85.6,0.0,N@3.8,99999.0,,39.3,0.0,0,"Sunnyside, Yakima County",310136,Sunnyside,2017-12-06 00:59:55.061588
1996-12-06,05:45,31.8,,28.1,85.9,0.0,N@2.8,99999.0,,39.3,0.0,0,"Sunnyside, Yakima County",310136,Sunnyside,2017-12-06 00:59:55.061588
1996-12-06,06:00,33.0,,28.4,83.0,0.0,N@3.8,99999.0,,39.3,0.0,0,"Sunnyside, Yakima County",310136,Sunnyside,2017-12-06 00:59:55.061588
1996-12-06,06:15,32.0,,27.7,83.9,0.0,N@4.8,99999.0,,39.3,0.0,0,"Sunnyside, Yakima County",310136,Sunnyside,2017-12-06 00:59:55.061588
1996-12-06,06:30,32.3,,28.2,84.4,0.0,N@3.0,99999.0,,39.3,0.0,0,"Sunnyside, Yakima County",310136,Sunnyside,2017-12-06 00:59:55.061588
1996-12-06,06:45,32.9,,28.5,83.4,0.0,N@2.5,99999.0,,39.3,0.0,0,"Sunnyside, Yakima County",310136,Sunnyside,2017-12-06 00:59:55.061588
1996-12-06,07:00,31.8,,27.7,84.5,0.0,N@3.8,99999.0,,39.3,0.0,0,"Sunnyside, Yakima County",310136,Sunnyside,2017-12-06 00:59:55.061588
1996-12-06,07:15,31.1,,27.0,84.7,0.0,N@4.9,99999.0,,39.3,0.0,0,"Sunnyside, Yakima County",310136,Sunnyside,2017-12-06 00:59:55.061588
1996-12-06,07:30,30.9,,26.7,84.7,0.0,N@5.8,99999.0,,39.3,0.0,2,"Sunnyside, Yakima County",310136,Sunnyside,2017-12-06 00:59:55.061588
1996-12-06,07:45,31.0,,26.7,84.1,0.0,N@5.1,99999.0,,39.3,0.0,5,"Sunnyside, Yakima County",310136,Sunnyside,2017-12-06 00:59:55.061588
1996-12-06,08:00,31.2,,26.7,83.6,0.0,N@4.8,99999.0,,39.3,0.0,12,"Sunnyside, Yakima County",310136,Sunnyside,2017-12-06 00:59:55.061588
1996-12-06,08:15,31.4,,26.6,82.7,0.0,N@5.4,99999.0,,39.3,0.0,14,"Sunnyside, Yakima County",310136,Sunnyside,2017-12-06 00:59:55.061588
1996-12-06,08:30,31.4,,26.6,82.5,0.0,N@5.6,99999.0,,39.3,0.0,45,"Sunnyside, Yakima County",310136,Sunnyside,2017-12-06 00:59:55.061588
1996-12-06,08:45,32.6,,27.3,80.5,0.0,N@5.2,99999.0,,39.3,0.0,103,"Sunnyside, Yakima County",310136,Sunnyside,2017-12-06 00:59:55.061588
1996-12-06,09:00,34.1,,27.9,77.7,0.0,N@4.5,99999.0,,39.2,0.0,161,"Sunnyside, Yakima County",310136,Sunnyside,2017-12-06 00:59:55.061588
1996-12-06,09:15,35.9,,28.8,75.1,0.0,N@2.7,99999.0,,39.2,0.0,209,"Sunnyside, Yakima County",310136,Sunnyside,2017-12-06 00:59:55.061588
1996-12-06,09:30,37.9,,30.3,73.8,0.0,N@3.0,99999.0,,39.2,0.0,207,"Sunnyside, Yakima County",310136,Sunnyside,2017-12-06 00:59:55.061588
1996-12-06,09:45,38.8,,31.8,75.7,0.0,NE@1.9,99999.0,,39.2,0.0,197,"Sunnyside, Yakima County",310136,Sunnyside,2017-12-06 00:59:55.061588
1996-12-06,10:00,38.2,,32.2,78.8,0.0,NE@1.7,99999.0,,39.3,0.0,133,"Sunnyside, Yakima County",310136,Sunnyside,2017-12-06 00:59:55.061588
1996-12-06,10:15,37.8,,32.7,81.4,0.0,E@1.8,99999.0,,39.3,0.0,148,"Sunnyside, Yakima County",310136,Sunnyside,2017-12-06 00:59:55.061588
1996-12-06,10:30,38.2,,32.9,81.1,0.0,E@1.8,99999.0,,39.4,0.0,173,"Sunnyside, Yakima County",310136,Sunnyside,2017-12-06 00:59:55.061588
1996-12-06,10:45,38.6,,33.2,80.7,0.0,E@2.0,99999.0,,39.4,0.0,162,"Sunnyside, Yakima County",310136,Sunnyside,2017-12-06 00:59:55.061588
1996-12-06,11:00,38.3,,33.0,81.0,0.0,E@1.5,99999.0,,39.4,0.0,153,"Sunnyside, Yakima County",310136,Sunnyside,2017-12-06 00:59:55.061588
1996-12-06,11:15,39.0,,32.9,78.6,0.0,E@1.1,99999.0,,39.4,0.0,169,"Sunnyside, Yakima County",310136,Sunnyside,2017-12-06 00:59:55.061588
1996-12-06,11:30,40.0,,33.3,76.5,0.0,E@1.5,99999.0,,39.4,0.0,219,"Sunnyside, Yakima County",310136,Sunnyside,2017-12-06 00:59:55.061588
1996-12-06,11:45,40.3,,33.4,76.1,0.0,E@1.1,99999.0,,39.4,0.0,160,"Sunnyside, Yakima County",310136,Sunnyside,2017-12-06 00:59:55.061588
1996-12-06,12:00,40.7,,33.7,75.9,0.0,S@1.3,99999.0,,39.5,0.0,116,"Sunnyside, Yakima County",310136,Sunnyside,2017-12-06 00:59:55.061588
1996-12-06,12:15,40.3,,33.5,76.4,0.0,S@2.5,99999.0,,39.6,0.0,77,"Sunnyside, Yakima County",310136,Sunnyside,2017-12-06 00:59:55.061588
1996-12-06,12:30,40.5,,33.6,76.2,0.0,SE@2.5,99999.0,,39.6,0.0,115,"Sunnyside, Yakima County",310136,Sunnyside,2017-12-06 00:59:55.061588
1996-12-06,12:45,40.6,,33.5,75.5,0.0,S@2.8,99999.0,,39.6,0.0,126,"Sunnyside, Yakima County",310136,Sunnyside,2017-12-06 00:59:55.061588
1996-12-06,13:00,42.2,,34.0,72.5,0.0,SE@1.3,99999.0,,39.7,0.0,296,"Sunnyside, Yakima County",310136,Sunnyside,2017-12-06 00:59:55.061588
1996-12-06,13:15,43.3,,34.6,71.0,0.0,E@1.6,99999.0,,39.6,0.0,267,"Sunnyside, Yakima County",310136,Sunnyside,2017-12-06 00:59:55.061588
1996-12-06,13:30,42.9,,34.3,71.4,0.0,SE@1.9,99999.0,,39.6,0.0,176,"Sunnyside, Yakima County",310136,Sunnyside,2017-12-06 00:59:55.061588
1996-12-06,13:45,42.3,,34.3,73.1,0.0,SE@1.3,99999.0,,39.6,0.0,200,"Sunnyside, Yakima County",310136,Sunnyside,2017-12-06 00:59:55.061588
1996-12-06,14:00,44.5,,34.6,68.2,0.0,SE@1.6,99999.0,,39.7,0.0,306,"Sunnyside, Yakima County",310136,Sunnyside,2017-12-06 00:59:55.061588
1996-12-06,14:15,45.6,,35.0,66.1,0.0,SE@1.2,99999.0,,39.7,0.0,202,"Sunnyside, Yakima County",310136,Sunnyside,2017-12-06 00:59:55.061588
1996-12-06,14:30,45.1,,34.5,66.2,0.0,SE@1.8,99999.0,,39.7,0.0,241,"Sunnyside, Yakima County",310136,Sunnyside,2017-12-06 00:59:55.061588
1996-12-06,14:45,46.0,,34.3,63.5,0.0,SE@0.9,99999.0,,39.7,0.0,179,"Sunnyside, Yakima County",310136,Sunnyside,2017-12-06 00:59:55.061588
1996-12-06,15:00,46.7,,34.2,61.7,0.0,SE@0.7,99999.0,,39.7,0.0,107,"Sunnyside, Yakima County",310136,Sunnyside,2017-12-06 00:59:55.061588
1996-12-06,15:15,44.6,,34.1,66.2,0.0,S@1.9,99999.0,,39.8,0.0,84,"Sunnyside, Yakima County",310136,Sunnyside,2017-12-06 00:59:55.061588
1996-12-06,15:30,43.4,,33.0,66.6,0.0,SW@1.2,99999.0,,39.8,0.0,69,"Sunnyside, Yakima County",310136,Sunnyside,2017-12-06 00:59:55.061588
1996-12-06,15:45,43.2,,33.3,68.0,0.0,S@0.5,99999.0,,39.8,0.0,36,"Sunnyside, Yakima County",310136,Sunnyside,2017-12-06 00:59:55.061588
1996-12-06,16:00,40.8,,33.8,76.0,0.0,NE@0.8,99999.0,,39.8,0.0,22,"Sunnyside, Yakima County",310136,Sunnyside,2017-12-06 00:59:55.061588
1996-12-06,16:15,39.5,,33.6,79.1,0.0,NE@0.6,99999.0,,39.8,0.0,10,"Sunnyside, Yakima County",310136,Sunnyside,2017-12-06 00:59:55.061588
1996-12-06,16:30,38.4,,32.8,79.9,0.0,N@2.4,99999.0,,39.7,0.0,1,"Sunnyside, Yakima County",310136,Sunnyside,2017-12-06 00:59:55.061588
1996-12-06,16:45,36.8,,32.1,82.9,0.0,N@2.4,99999.0,,39.7,0.0,0,"Sunnyside, Yakima County",310136,Sunnyside,2017-12-06 00:59:55.061588
1996-12-06,17:00,35.5,,31.5,85.4,0.0,N@1.7,99999.0,,39.6,0.0,0,"Sunnyside, Yakima County",310136,Sunnyside,2017-12-06 00:59:55.061588
1996-12-06,17:15,35.1,,31.0,84.8,0.0,N@3.0,99999.0,,39.6,0.0,0,"Sunnyside, Yakima County",310136,Sunnyside,2017-12-06 00:59:55.061588
1996-12-06,17:30,35.5,,30.8,82.8,0.0,N@1.4,99999.0,,39.5,0.0,0,"Sunnyside, Yakima County",310136,Sunnyside,2017-12-06 00:59:55.061588
1996-12-06,17:45,34.8,,30.4,84.0,0.0,N@2.0,99999.0,,39.5,0.0,0,"Sunnyside, Yakima County",310136,Sunnyside,2017-12-06 00:59:55.061588
1996-12-06,18:00,33.0,,29.6,87.3,,N@1.7,99999.0,,39.5,0.0,0,"Sunnyside, Yakima County",310136,Sunnyside,2017-12-06 00:59:55.061588
1996-12-06,18:15,33.9,,30.0,85.4,,N@1.8,99999.0,,39.5,0.0,0,"Sunnyside, Yakima County",310136,Sunnyside,2017-12-06 00:59:55.061588
1996-12-06,18:30,34.5,,30.0,83.5,,N@1.2,99999.0,,39.5,0.0,0,"Sunnyside, Yakima County",310136,Sunnyside,2017-12-06 00:59:55.061588
1996-12-06,18:45,34.7,,29.9,82.2,0.17,NE@1.1,99999.0,,39.4,0.0,0,"Sunnyside, Yakima County",310136,Sunnyside,2017-12-06 00:59:55.061588
1996-12-06,19:00,34.1,,29.4,82.6,0.0,N@1.3,99999.0,,39.4,0.0,0,"Sunnyside, Yakima County",310136,Sunnyside,2017-12-06 00:59:55.061588
1996-12-06,19:15,33.9,,29.3,82.9,0.0,N@1.1,99999.0,,39.4,0.0,0,"Sunnyside, Yakima County",310136,Sunnyside,2017-12-06 00:59:55.061588
1996-12-06,19:30,33.7,,29.1,83.2,0.0,N@1.3,99999.0,,39.4,0.0,0,"Sunnyside, Yakima County",310136,Sunnyside,2017-12-06 00:59:55.061588
1996-12-06,19:45,33.1,,28.8,84.0,0.0,N@0.8,99999.0,,39.4,0.0,0,"Sunnyside, Yakima County",310136,Sunnyside,2017-12-06 00:59:55.061588
1996-12-06,20:00,32.8,,28.8,84.8,0.0,N@2.0,99999.0,,39.4,0.0,0,"Sunnyside, Yakima County",310136,Sunnyside,2017-12-06 00:59:55.061588
1996-12-06,20:15,32.9,,28.8,84.7,0.0,NE@1.3,99999.0,,39.4,0.0,0,"Sunnyside, Yakima County",310136,Sunnyside,2017-12-06 00:59:55.061588
1996-12-06,20:30,32.9,,29.0,85.1,0.0,N@1.7,99999.0,,39.4,0.0,0,"Sunnyside, Yakima County",310136,Sunnyside,2017-12-06 00:59:55.061588
1996-12-06,20:45,32.9,,29.1,85.8,0.0,N@2.3,99999.0,,39.4,0.0,0,"Sunnyside, Yakima County",310136,Sunnyside,2017-12-06 00:59:55.061588
1996-12-06,21:00,33.1,,29.3,85.6,0.0,N@2.6,99999.0,,39.4,0.0,0,"Sunnyside, Yakima County",310136,Sunnyside,2017-12-06 00:59:55.061588
1996-12-06,21:15,33.2,,29.1,84.6,0.0,N@3.5,99999.0,,39.4,0.0,0,"Sunnyside, Yakima County",310136,Sunnyside,2017-12-06 00:59:55.061588
1996-12-06,21:30,32.6,,28.6,84.8,0.0,N@5.4,99999.0,,39.4,0.0,0,"Sunnyside, Yakima County",310136,Sunnyside,2017-12-06 00:59:55.061588
1996-12-06,21:45,32.4,,28.4,84.9,0.0,N@5.9,99999.0,,39.4,0.0,0,"Sunnyside, Yakima County",310136,Sunnyside,2017-12-06 00:59:55.061588
1996-12-06,22:00,33.3,,29.1,84.4,0.0,N@3.7,99999.0,,39.4,0.0,0,"Sunnyside, Yakima County",310136,Sunnyside,2017-12-06 00:59:55.061588
1996-12-06,22:15,33.6,,29.0,83.2,0.0,N@5.1,99999.0,,39.4,0.0,0,"Sunnyside, Yakima County",310136,Sunnyside,2017-12-06 00:59:55.061588
1996-12-06,22:30,33.1,,28.6,83.4,0.0,N@5.7,99999.0,,39.4,0.0,0,"Sunnyside, Yakima County",310136,Sunnyside,2017-12-06 00:59:55.061588
1996-12-06,22:45,33.4,,29.0,83.5,0.0,N@4.1,99999.0,,39.4,0.0,0,"Sunnyside, Yakima County",310136,Sunnyside,2017-12-06 00:59:55.061588
1996-12-06,23:00,33.4,,29.1,84.1,0.0,N@3.7,99999.0,,39.4,0.0,0,"Sunnyside, Yakima County",310136,Sunnyside,2017-12-06 00:59:55.061588
1996-12-06,23:15,33.1,,29.0,84.4,0.0,N@4.0,99999.0,,39.4,0.0,0,"Sunnyside, Yakima County",310136,Sunnyside,2017-12-06 00:59:55.061588
1996-12-06,23:30,34.1,,29.9,84.5,0.0,N@2.6,99999.0,,39.4,0.0,0,"Sunnyside, Yakima County",310136,Sunnyside,2017-12-06 00:59:55.061588
1996-12-06,23:45,34.8,,30.2,83.2,0.0,N@2.7,99999.0,,39.4,0.0,0,"Sunnyside, Yakima County",310136,Sunnyside,2017-12-06 00:59:55.061588
1996-12-06,24:00,32.3,,32.3,100.0,,SW@3.1,99999.0,,39.4,0.0,0,"Sunnyside, Yakima County",310136,Sunnyside,2017-12-06 00:59:55.061588
1996-12-07,00:15,35.9,,30.7,81.3,0.0,NE@2.3,99999.0,,39.4,0.0,0,"Sunnyside, Yakima County",310136,Sunnyside,2017-12-06 00:59:55.061588
1996-12-07,00:30,35.7,,30.7,81.7,0.0,N@2.9,99999.0,,39.4,0.0,0,"Sunnyside, Yakima County",310136,Sunnyside,2017-12-06 00:59:55.061588
1996-12-07,00:45,35.9,,30.6,81.1,0.0,N@3.2,99999.0,,39.4,0.0,0,"Sunnyside, Yakima County",310136,Sunnyside,2017-12-06 00:59:55.061588
1996-12-07,01:00,35.5,,30.4,81.5,0.0,N@2.5,99999.0,,39.4,0.0,0,"Sunnyside, Yakima County",310136,Sunnyside,2017-12-06 00:59:55.061588
1996-12-07,01:15,35.1,,30.2,82.3,0.0,N@2.1,99999.0,,39.4,0.0,0,"Sunnyside, Yakima County",310136,Sunnyside,2017-12-06 00:59:55.061588
1996-12-07,01:30,35.3,,30.2,81.3,0.0,N@2.5,99999.0,,39.4,0.0,0,"Sunnyside, Yakima County",310136,Sunnyside,2017-12-06 00:59:55.061588
1996-12-07,01:45,35.7,,30.3,80.4,0.0,N@2.3,99999.0,,39.4,0.0,0,"Sunnyside, Yakima County",310136,Sunnyside,2017-12-06 00:59:55.061588
1996-12-07,02:00,34.6,,29.7,82.1,0.0,N@3.3,99999.0,,39.4,0.0,0,"Sunnyside, Yakima County",310136,Sunnyside,2017-12-06 00:59:55.061588
1996-12-07,02:15,33.6,,29.3,84.1,0.0,N@3.2,99999.0,,39.4,0.0,0,"Sunnyside, Yakima County",310136,Sunnyside,2017-12-06 00:59:55.061588
1996-12-07,02:30,33.4,,29.3,84.7,0.0,N@3.9,99999.0,,39.4,0.0,0,"Sunnyside, Yakima County",310136,Sunnyside,2017-12-06 00:59:55.061588
1996-12-07,02:45,33.8,,29.4,83.7,0.0,N@4.1,99999.0,,39.4,0.0,0,"Sunnyside, Yakima County",310136,Sunnyside,2017-12-06 00:59:55.061588
1996-12-07,03:00,34.7,,29.8,82.2,0.0,N@3.1,99999.0,,39.4,0.0,0,"Sunnyside, Yakima County",310136,Sunnyside,2017-12-06 00:59:55.061588
1996-12-07,03:15,35.5,,30.3,81.1,0.0,N@3.2,99999.0,,39.4,0.0,0,"Sunnyside, Yakima County",310136,Sunnyside,2017-12-06 00:59:55.061588
1996-12-07,03:30,35.9,,30.5,80.6,0.0,N@3.2,99999.0,,39.4,0.0,0,"Sunnyside, Yakima County",310136,Sunnyside,2017-12-06 00:59:55.061588
1996-12-07,03:45,36.3,,30.8,80.4,0.0,N@1.1,99999.0,,39.4,0.0,0,"Sunnyside, Yakima County",310136,Sunnyside,2017-12-06 00:59:55.061588
1996-12-07,04:00,36.8,,31.4,80.6,0.0,N@0.8,99999.0,,39.4,0.0,0,"Sunnyside, Yakima County",310136,Sunnyside,2017-12-06 00:59:55.061588
1996-12-07,04:15,36.2,,31.5,82.8,0.0,N@0.7,99999.0,,39.4,0.0,0,"Sunnyside, Yakima County",310136,Sunnyside,2017-12-06 00:59:55.061588
1996-12-07,04:30,34.8,,31.0,85.9,0.0,SW@1.1,99999.0,,39.4,0.0,0,"Sunnyside, Yakima County",310136,Sunnyside,2017-12-06 00:59:55.061588
1996-12-07,04:45,32.6,,30.2,90.6,0.0,W@2.1,99999.0,,39.4,0.0,0,"Sunnyside, Yakima County",310136,Sunnyside,2017-12-06 00:59:55.061588
1996-12-07,05:00,32.8,,30.1,89.9,0.0,W@2.3,99999.0,,39.4,0.0,0,"Sunnyside, Yakima County",310136,Sunnyside,2017-12-06 00:59:55.061588
1996-12-07,05:15,33.5,,30.3,87.9,0.0,NW@0.9,99999.0,,39.4,0.0,0,"Sunnyside, Yakima County",310136,Sunnyside,2017-12-06 00:59:55.061588
1996-12-07,05:30,33.2,,30.4,89.5,0.0,NE@0.5,99999.0,,39.4,0.0,0,"Sunnyside, Yakima County",310136,Sunnyside,2017-12-06 00:59:55.061588
1996-12-07,05:45,33.2,,30.8,90.8,,NE@0.8,99999.0,,39.4,0.0,0,"Sunnyside, Yakima County",310136,Sunnyside,2017-12-06 00:59:55.061588
1996-12-07,06:00,33.4,,31.3,92.1,,N@1.3,99999.0,,39.4,0.0,0,"Sunnyside, Yakima County",310136,Sunnyside,2017-12-06 00:59:55.061588
1996-12-07,06:15,34.1,,31.7,90.9,,NW@1.0,99999.0,,39.4,0.0,0,"Sunnyside, Yakima County",310136,Sunnyside,2017-12-06 00:59:55.061588
1996-12-07,06:30,34.7,,32.2,90.5,,W@0.6,99999.0,,39.4,0.01,0,"Sunnyside, Yakima County",310136,Sunnyside,2017-12-06 00:59:55.061588
1996-12-07,06:45,34.9,,32.4,90.7,,SW@1.4,99999.0,,39.4,0.0,0,"Sunnyside, Yakima County",310136,Sunnyside,2017-12-06 00:59:55.061588
1996-12-07,07:00,30.9,,29.4,94.6,,SW@3.4,99999.0,,39.4,0.0,0,"Sunnyside, Yakima County",310136,Sunnyside,2017-12-06 00:59:55.061588
1996-12-07,07:15,29.1,,28.0,97.3,,SW@3.1,99999.0,,39.4,0.0,0,"Sunnyside, Yakima County",310136,Sunnyside,2017-12-06 00:59:55.061588
1996-12-07,07:30,29.2,,28.3,97.6,,NW@2.4,99999.0,,39.4,0.0,0,"Sunnyside, Yakima County",310136,Sunnyside,2017-12-06 00:59:55.061588
1996-12-07,07:45,30.2,,29.3,97.6,,N@3.0,99999.0,,39.4,0.0,2,"Sunnyside, Yakima County",310136,Sunnyside,2017-12-06 00:59:55.061588
1996-12-07,08:00,30.9,,30.3,98.0,,N@2.7,99999.0,,39.4,0.0,5,"Sunnyside, Yakima County",310136,Sunnyside,2017-12-06 00:59:55.061588
1996-12-07,08:15,32.0,,31.6,98.5,,N@2.9,99999.0,,39.3,0.0,7,"Sunnyside, Yakima County",310136,Sunnyside,2017-12-06 00:59:55.061588
1996-12-07,08:30,32.9,,32.4,98.1,,SE@1.1,99999.0,,39.3,0.0,12,"Sunnyside, Yakima County",310136,Sunnyside,2017-12-06 00:59:55.061588
1996-12-07,08:45,32.4,,32.0,98.6,,SW@0.9,99999.0,,39.3,0.0,16,"Sunnyside, Yakima County",310136,Sunnyside,2017-12-06 00:59:55.061588
1996-12-07,09:00,32.3,,32.2,99.5,,NW@0.5,99999.0,,39.4,0.0,21,"Sunnyside, Yakima County",310136,Sunnyside,2017-12-06 00:59:55.061588
1996-12-07,09:15,32.5,,32.5,99.9,,NW@0.4,99999.0,,39.3,0.01,23,"Sunnyside, Yakima County",310136,Sunnyside,2017-12-06 00:59:55.061588
1996-12-07,09:30,32.5,,32.5,100.0,,W@1.0,99999.0,,39.3,0.0,27,"Sunnyside, Yakima County",310136,Sunnyside,2017-12-06 00:59:55.061588
1996-12-07,09:45,31.7,,31.7,100.0,,SW@1.6,99999.0,,39.3,0.01,29,"Sunnyside, Yakima County",310136,Sunnyside,2017-12-06 00:59:55.061588
1996-12-07,10:00,31.7,,31.7,100.0,,SW@0.7,99999.0,,39.4,0.02,31,"Sunnyside, Yakima County",310136,Sunnyside,2017-12-06 00:59:55.061588
1996-12-07,10:15,32.0,,32.0,100.0,,SW@0.6,99999.0,,39.4,0.04,34,"Sunnyside, Yakima County",310136,Sunnyside,2017-12-06 00:59:55.061588
1996-12-07,10:30,31.9,,31.9,100.0,,S@0.5,99999.0,,39.4,0.02,32,"Sunnyside, Yakima County",310136,Sunnyside,2017-12-06 00:59:55.061588
1996-12-07,10:45,32.1,,32.1,100.0,,SE@0.5,99999.0,,39.3,0.01,30,"Sunnyside, Yakima County",310136,Sunnyside,2017-12-06 00:59:55.061588
1996-12-07,11:00,32.0,,32.0,100.0,,NE@0.7,99999.0,,39.3,0.02,30,"Sunnyside, Yakima County",310136,Sunnyside,2017-12-06 00:59:55.061588
1996-12-07,11:15,32.3,,32.3,100.0,,E@0.7,99999.0,,39.3,0.02,29,"Sunnyside, Yakima County",310136,Sunnyside,2017-12-06 00:59:55.061588
1996-12-07,11:30,32.9,,32.9,100.0,,N@1.9,99999.0,,39.4,0.03,31,"Sunnyside, Yakima County",310136,Sunnyside,2017-12-06 00:59:55.061588
1996-12-07,11:45,34.5,,34.5,100.0,,NE@1.5,99999.0,,39.4,0.03,34,"Sunnyside, Yakima County",310136,Sunnyside,2017-12-06 00:59:55.061588
1996-12-07,12:00,35.2,,35.2,100.0,,E@1.9,99999.0,,39.4,0.04,35,"Sunnyside, Yakima County",310136,Sunnyside,2017-12-06 00:59:55.061588
1996-12-07,12:15,35.8,,35.8,100.0,,E@2.8,99999.0,,39.4,0.03,38,"Sunnyside, Yakima County",310136,Sunnyside,2017-12-06 00:59:55.061588
1996-12-07,12:30,36.0,,36.0,100.0,,E@2.8,99999.0,,39.4,0.02,39,"Sunnyside, Yakima County",310136,Sunnyside,2017-12-06 00:59:55.061588
1996-12-07,12:45,36.1,,36.1,100.0,,E@2.6,99999.0,,39.4,0.02,46,"Sunnyside, Yakima County",310136,Sunnyside,2017-12-06 00:59:55.061588
1996-12-07,13:00,36.1,,36.1,100.0,,E@2.0,99999.0,,39.4,0.01,44,"Sunnyside, Yakima County",310136,Sunnyside,2017-12-06 00:59:55.061588
1996-12-07,13:15,36.3,,36.3,100.0,,NE@1.9,99999.0,,39.4,0.02,44,"Sunnyside, Yakima County",310136,Sunnyside,2017-12-06 00:59:55.061588
1996-12-07,13:30,36.4,,36.4,100.0,,NE@1.2,99999.0,,39.4,0.0,55,"Sunnyside, Yakima County",310136,Sunnyside,2017-12-06 00:59:55.061588
1996-12-07,13:45,36.7,,36.7,100.0,,NE@1.5,99999.0,,39.4,0.0,58,"Sunnyside, Yakima County",310136,Sunnyside,2017-12-06 00:59:55.061588
1996-12-07,14:00,36.8,,36.8,100.0,,E@1.1,99999.0,,39.4,0.0,49,"Sunnyside, Yakima County",310136,Sunnyside,2017-12-06 00:59:55.061588
1996-12-07,14:15,35.7,,35.7,100.0,,S@2.1,99999.0,,39.4,0.0,39,"Sunnyside, Yakima County",310136,Sunnyside,2017-12-06 00:59:55.061588
1996-12-07,14:30,33.3,,33.3,100.0,,S@1.7,99999.0,,39.5,0.01,29,"Sunnyside, Yakima County",310136,Sunnyside,2017-12-06 00:59:55.061588
1996-12-07,14:45,32.6,,32.6,100.0,,SE@0.7,99999.0,,39.5,0.0,27,"Sunnyside, Yakima County",310136,Sunnyside,2017-12-06 00:59:55.061588
1996-12-07,15:00,32.6,,32.6,100.0,,NE@0.6,99999.0,,39.4,0.0,25,"Sunnyside, Yakima County",310136,Sunnyside,2017-12-06 00:59:55.061588
1996-12-07,15:15,32.8,,32.8,100.0,,NE@0.4,99999.0,,39.4,0.0,16,"Sunnyside, Yakima County",310136,Sunnyside,2017-12-06 00:59:55.061588
1996-12-07,15:30,32.7,,32.7,100.0,,NE@0.4,99999.0,,39.4,0.0,13,"Sunnyside, Yakima County",310136,Sunnyside,2017-12-06 00:59:55.061588
1996-12-07,15:45,32.8,,32.8,100.0,,NE@0.4,99999.0,,39.4,0.0,10,"Sunnyside, Yakima County",310136,Sunnyside,2017-12-06 00:59:55.061588
1996-12-07,16:00,32.8,,32.8,100.0,,NE@0.4,99999.0,,39.4,0.0,4,"Sunnyside, Yakima County",310136,Sunnyside,2017-12-06 00:59:55.061588
1996-12-07,16:15,32.6,,32.6,100.0,,E@0.4,99999.0,,39.3,0.0,1,"Sunnyside, Yakima County",310136,Sunnyside,2017-12-06 00:59:55.061588
1996-12-07,16:30,32.6,,32.6,100.0,,NE@0.5,99999.0,,39.3,0.0,0,"Sunnyside, Yakima County",310136,Sunnyside,2017-12-06 00:59:55.061588
1996-12-07,16:45,32.6,,32.6,100.0,,N@0.4,99999.0,,39.3,0.0,0,"Sunnyside, Yakima County",310136,Sunnyside,2017-12-06 00:59:55.061588
1996-12-07,17:00,32.4,,32.4,100.0,,N@0.7,99999.0,,39.3,0.0,0,"Sunnyside, Yakima County",310136,Sunnyside,2017-12-06 00:59:55.061588
1996-12-07,17:15,32.3,,32.3,100.0,,NW@2.0,99999.0,,39.3,0.0,0,"Sunnyside, Yakima County",310136,Sunnyside,2017-12-06 00:59:55.061588
1996-12-07,17:30,32.1,,32.1,100.0,,NW@1.1,99999.0,,39.3,0.0,0,"Sunnyside, Yakima County",310136,Sunnyside,2017-12-06 00:59:55.061588
1996-12-07,17:45,32.0,,32.0,100.0,,W@0.7,99999.0,,39.3,0.0,0,"Sunnyside, Yakima County",310136,Sunnyside,2017-12-06 00:59:55.061588
1996-12-07,18:00,32.3,,32.3,100.0,,N@0.7,99999.0,,39.3,0.0,0,"Sunnyside, Yakima County",310136,Sunnyside,2017-12-06 00:59:55.061588
1996-12-07,18:15,32.1,,32.1,100.0,,N@0.6,99999.0,,39.3,0.0,0,"Sunnyside, Yakima County",310136,Sunnyside,2017-12-06 00:59:55.061588
1996-12-07,18:30,32.2,,32.2,100.0,,N@0.7,99999.0,,39.3,0.0,0,"Sunnyside, Yakima County",310136,Sunnyside,2017-12-06 00:59:55.061588
1996-12-07,18:45,32.2,,32.2,100.0,,E@0.7,99999.0,,39.3,0.0,0,"Sunnyside, Yakima County",310136,Sunnyside,2017-12-06 00:59:55.061588
1996-12-07,19:00,33.0,,33.0,100.0,,N@1.6,99999.0,,39.3,0.0,0,"Sunnyside, Yakima County",310136,Sunnyside,2017-12-06 00:59:55.061588
1996-12-07,19:15,35.8,,35.8,100.0,,N@3.2,99999.0,,39.3,0.0,0,"Sunnyside, Yakima County",310136,Sunnyside,2017-12-06 00:59:55.061588
1996-12-07,19:30,36.7,,36.7,100.0,,N@1.6,99999.0,,39.3,0.0,0,"Sunnyside, Yakima County",310136,Sunnyside,2017-12-06 00:59:55.061588
1996-12-07,19:45,35.8,,35.8,100.0,,W@1.2,99999.0,,39.3,0.0,0,"Sunnyside, Yakima County",310136,Sunnyside,2017-12-06 00:59:55.061588
1996-12-07,20:00,34.4,,34.4,100.0,,S@1.1,99999.0,,39.3,0.0,0,"Sunnyside, Yakima County",310136,Sunnyside,2017-12-06 00:59:55.061588
1996-12-07,20:15,31.9,,31.9,100.0,,SW@0.9,99999.0,,39.4,0.0,0,"Sunnyside, Yakima County",310136,Sunnyside,2017-12-06 00:59:55.061588
1996-12-07,20:30,31.6,,31.6,100.0,,W@0.5,99999.0,,39.4,0.0,0,"Sunnyside, Yakima County",310136,Sunnyside,2017-12-06 00:59:55.061588
1996-12-07,20:45,32.0,,32.0,100.0,,N@1.1,99999.0,,39.4,0.0,0,"Sunnyside, Yakima County",310136,Sunnyside,2017-12-06 00:59:55.061588
1996-12-07,21:00,34.3,,34.3,100.0,,N@3.3,99999.0,,39.3,0.0,0,"Sunnyside, Yakima County",310136,Sunnyside,2017-12-06 00:59:55.061588
1996-12-07,21:15,36.4,,36.4,100.0,,N@3.4,99999.0,,39.3,0.0,0,"Sunnyside, Yakima County",310136,Sunnyside,2017-12-06 00:59:55.061588
1996-12-07,21:30,34.7,,34.5,99.2,,SE@1.2,99999.0,,39.3,0.0,0,"Sunnyside, Yakima County",310136,Sunnyside,2017-12-06 00:59:55.061588
1996-12-07,21:45,32.5,,32.5,100.0,,N@2.8,99999.0,,39.4,0.0,0,"Sunnyside, Yakima County",310136,Sunnyside,2017-12-06 00:59:55.061588
1996-12-07,22:00,33.1,,33.1,100.0,,N@2.5,99999.0,,39.4,0.0,0,"Sunnyside, Yakima County",310136,Sunnyside,2017-12-06 00:59:55.061588
1996-12-07,22:15,34.2,,34.2,100.0,,N@1.5,99999.0,,39.4,0.0,0,"Sunnyside, Yakima County",310136,Sunnyside,2017-12-06 00:59:55.061588
1996-12-07,22:30,33.8,,33.8,100.0,,SW@1.2,99999.0,,39.4,0.01,0,"Sunnyside, Yakima County",310136,Sunnyside,2017-12-06 00:59:55.061588
1996-12-07,22:45,32.5,,32.5,100.0,,SE@0.5,99999.0,,39.4,0.0,0,"Sunnyside, Yakima County",310136,Sunnyside,2017-12-06 00:59:55.061588
1996-12-07,23:00,32.4,,32.4,100.0,,W@0.7,99999.0,,39.3,0.0,0,"Sunnyside, Yakima County",310136,Sunnyside,2017-12-06 00:59:55.061588
1996-12-07,23:15,32.4,,32.4,100.0,,NE@0.6,99999.0,,39.4,0.0,0,"Sunnyside, Yakima County",310136,Sunnyside,2017-12-06 00:59:55.061588
1996-12-07,23:30,32.8,,32.8,100.0,,N@0.8,99999.0,,39.3,0.0,0,"Sunnyside, Yakima County",310136,Sunnyside,2017-12-06 00:59:55.061588
1996-12-07,23:45,34.0,,34.0,100.0,,SW@1.2,99999.0,,39.4,0.0,0,"Sunnyside, Yakima County",310136,Sunnyside,2017-12-06 00:59:55.061588
1996-12-07,24:00,39.3,,37.6,93.7,0.0,E@1.6,99999.0,,40.0,0.0,0,"Sunnyside, Yakima County",310136,Sunnyside,2017-12-06 00:59:55.061588
1996-12-08,00:15,32.0,,32.0,100.0,,NW@3.1,99999.0,,39.4,0.0,0,"Sunnyside, Yakima County",310136,Sunnyside,2017-12-06 00:59:55.061588
1996-12-08,00:30,32.5,,32.5,100.0,,N@1.9,99999.0,,39.4,0.0,0,"Sunnyside, Yakima County",310136,Sunnyside,2017-12-06 00:59:55.061588
1996-12-08,00:45,33.3,,33.3,100.0,,N@0.5,99999.0,,39.4,0.01,0,"Sunnyside, Yakima County",310136,Sunnyside,2017-12-06 00:59:55.061588
1996-12-08,01:00,33.3,,33.3,100.0,,SE@0.5,99999.0,,39.3,0.0,0,"Sunnyside, Yakima County",310136,Sunnyside,2017-12-06 00:59:55.061588
1996-12-08,01:15,34.0,,34.0,100.0,,SE@0.5,99999.0,,39.4,0.0,0,"Sunnyside, Yakima County",310136,Sunnyside,2017-12-06 00:59:55.061588
1996-12-08,01:30,34.8,,34.8,100.0,,N@0.6,99999.0,,39.4,0.01,0,"Sunnyside, Yakima County",310136,Sunnyside,2017-12-06 00:59:55.061588
1996-12-08,01:45,32.8,,32.8,100.0,,S@1.3,99999.0,,39.4,0.0,0,"Sunnyside, Yakima County",310136,Sunnyside,2017-12-06 00:59:55.061588
1996-12-08,02:00,32.0,,32.0,100.0,,E@0.5,99999.0,,39.4,0.0,0,"Sunnyside, Yakima County",310136,Sunnyside,2017-12-06 00:59:55.061588
1996-12-08,02:15,31.8,,31.8,100.0,,E@1.0,99999.0,,39.4,0.01,0,"Sunnyside, Yakima County",310136,Sunnyside,2017-12-06 00:59:55.061588
1996-12-08,02:30,31.7,,31.7,100.0,,SE@1.4,99999.0,,39.4,0.0,0,"Sunnyside, Yakima County",310136,Sunnyside,2017-12-06 00:59:55.061588
1996-12-08,02:45,31.3,,31.3,100.0,,SE@0.8,99999.0,,39.4,0.0,0,"Sunnyside, Yakima County",310136,Sunnyside,2017-12-06 00:59:55.061588
1996-12-08,03:00,31.3,,31.3,100.0,,NE@1.0,99999.0,,39.4,0.0,0,"Sunnyside, Yakima County",310136,Sunnyside,2017-12-06 00:59:55.061588
1996-12-08,03:15,31.5,,31.5,100.0,,N@1.5,99999.0,,39.4,0.0,0,"Sunnyside, Yakima County",310136,Sunnyside,2017-12-06 00:59:55.061588
1996-12-08,03:30,32.1,,32.1,100.0,,N@1.0,99999.0,,39.4,0.0,0,"Sunnyside, Yakima County",310136,Sunnyside,2017-12-06 00:59:55.061588
1996-12-08,03:45,32.9,,32.9,100.0,,N@1.8,99999.0,,39.4,0.0,0,"Sunnyside, Yakima County",310136,Sunnyside,2017-12-06 00:59:55.061588
1996-12-08,04:00,34.5,,34.5,100.0,,N@1.4,99999.0,,39.4,0.01,0,"Sunnyside, Yakima County",310136,Sunnyside,2017-12-06 00:59:55.061588
1996-12-08,04:15,35.6,,35.6,100.0,,W@0.7,99999.0,,39.4,0.0,0,"Sunnyside, Yakima County",310136,Sunnyside,2017-12-06 00:59:55.061588
1996-12-08,04:30,33.6,,33.6,100.0,,SW@0.8,99999.0,,39.4,0.01,0,"Sunnyside, Yakima County",310136,Sunnyside,2017-12-06 00:59:55.061588
1996-12-08,04:45,33.6,,33.6,100.0,,W@1.2,99999.0,,39.4,0.01,0,"Sunnyside, Yakima County",310136,Sunnyside,2017-12-06 00:59:55.061588
1996-12-08,05:00,34.1,,34.1,100.0,,SW@1.5,99999.0,,39.4,0.0,0,"Sunnyside, Yakima County",310136,Sunnyside,2017-12-06 00:59:55.061588
1996-12-08,05:15,34.1,,34.1,100.0,,NW@1.9,99999.0,,39.5,0.0,0,"Sunnyside, Yakima County",310136,Sunnyside,2017-12-06 00:59:55.061588
1996-12-08,05:30,34.5,,34.5,100.0,,NW@0.5,99999.0,,39.4,0.0,0,"Sunnyside, Yakima County",310136,Sunnyside,2017-12-06 00:59:55.061588
1996-12-08,05:45,34.1,,34.1,100.0,,NW@0.4,99999.0,,39.4,0.01,0,"Sunnyside, Yakima County",310136,Sunnyside,2017-12-06 00:59:55.061588
1996-12-08,06:00,33.7,,33.7,100.0,,NW@0.4,99999.0,,39.5,0.01,0,"Sunnyside, Yakima County",310136,Sunnyside,2017-12-06 00:59:55.061588
1996-12-08,06:15,33.3,,33.3,100.0,,NW@0.4,99999.0,,39.5,0.01,0,"Sunnyside, Yakima County",310136,Sunnyside,2017-12-06 00:59:55.061588
1996-12-08,06:30,33.0,,33.0,100.0,,SW@0.5,99999.0,,39.4,0.01,0,"Sunnyside, Yakima County",310136,Sunnyside,2017-12-06 00:59:55.061588
1996-12-08,06:45,32.4,,32.4,100.0,,SW@0.4,99999.0,,39.4,0.01,0,"Sunnyside, Yakima County",310136,Sunnyside,2017-12-06 00:59:55.061588
1996-12-08,07:00,32.3,,32.3,100.0,,S@0.5,99999.0,,39.5,0.0,0,"Sunnyside, Yakima County",310136,Sunnyside,2017-12-06 00:59:55.061588
1996-12-08,07:15,32.0,,32.0,100.0,,SE@0.6,99999.0,,39.4,0.01,0,"Sunnyside, Yakima County",310136,Sunnyside,2017-12-06 00:59:55.061588
1996-12-08,07:30,31.9,,31.9,100.0,,E@0.4,99999.0,,39.5,0.0,1,"Sunnyside, Yakima County",310136,Sunnyside,2017-12-06 00:59:55.061588
1996-12-08,07:45,31.9,,31.9,100.0,,E@0.4,99999.0,,39.4,0.01,5,"Sunnyside, Yakima County",310136,Sunnyside,2017-12-06 00:59:55.061588
1996-12-08,08:00,32.0,,32.0,100.0,,E@0.5,99999.0,,39.4,0.0,6,"Sunnyside, Yakima County",310136,Sunnyside,2017-12-06 00:59:55.061588
1996-12-08,08:15,32.1,,32.1,100.0,,E@0.6,99999.0,,39.4,0.0,14,"Sunnyside, Yakima County",310136,Sunnyside,2017-12-06 00:59:55.061588
1996-12-08,08:30,32.2,,32.2,100.0,,E@1.1,99999.0,,39.4,0.01,31,"Sunnyside, Yakima County",310136,Sunnyside,2017-12-06 00:59:55.061588
1996-12-08,08:45,32.3,,32.3,100.0,,E@0.9,99999.0,,39.4,0.0,35,"Sunnyside, Yakima County",310136,Sunnyside,2017-12-06 00:59:55.061588
1996-12-08,09:00,32.5,,32.5,100.0,,SE@0.9,99999.0,,39.4,0.0,51,"Sunnyside, Yakima County",310136,Sunnyside,2017-12-06 00:59:55.061588
1996-12-08,09:15,32.6,,32.6,100.0,,SE@0.6,99999.0,,39.4,0.0,55,"Sunnyside, Yakima County",310136,Sunnyside,2017-12-06 00:59:55.061588
1996-12-08,09:30,33.0,,33.0,100.0,,E@0.5,99999.0,,39.5,0.0,77,"Sunnyside, Yakima County",310136,Sunnyside,2017-12-06 00:59:55.061588
1996-12-08,09:45,33.5,,33.5,100.0,,E@1.0,99999.0,,39.4,0.0,140,"Sunnyside, Yakima County",310136,Sunnyside,2017-12-06 00:59:55.061588
1996-12-08,10:00,34.3,,34.3,100.0,,NW@1.0,99999.0,,39.5,0.0,165,"Sunnyside, Yakima County",310136,Sunnyside,2017-12-06 00:59:55.061588
1996-12-08,10:15,35.3,,35.3,100.0,,SW@0.5,99999.0,,39.5,0.0,150,"Sunnyside, Yakima County",310136,Sunnyside,2017-12-06 00:59:55.061588
1996-12-08,10:30,35.8,,35.8,100.0,,SW@0.5,99999.0,,39.5,0.0,123,"Sunnyside, Yakima County",310136,Sunnyside,2017-12-06 00:59:55.061588
1996-12-08,10:45,35.6,,35.6,100.0,,E@0.5,99999.0,,39.5,0.0,93,"Sunnyside, Yakima County",310136,Sunnyside,2017-12-06 00:59:55.061588
1996-12-08,11:00,35.4,,35.4,100.0,,E@0.5,99999.0,,39.5,0.0,93,"Sunnyside, Yakima County",310136,Sunnyside,2017-12-06 00:59:55.061588
1996-12-08,11:15,35.9,,35.9,100.0,,NE@0.5,99999.0,,39.6,0.0,73,"Sunnyside, Yakima County",310136,Sunnyside,2017-12-06 00:59:55.061588
1996-12-08,11:30,37.0,,37.0,100.0,,NE@0.4,99999.0,,39.6,0.0,89,"Sunnyside, Yakima County",310136,Sunnyside,2017-12-06 00:59:55.061588
1996-12-08,11:45,38.1,,38.1,100.0,,NE@0.5,99999.0,,39.6,0.0,149,"Sunnyside, Yakima County",310136,Sunnyside,2017-12-06 00:59:55.061588
1996-12-08,12:00,38.7,,38.7,100.0,,N@0.7,99999.0,,39.6,0.0,182,"Sunnyside, Yakima County",310136,Sunnyside,2017-12-06 00:59:55.061588
1996-12-08,12:15,39.4,,39.4,100.0,,N@1.0,99999.0,,39.6,0.0,152,"Sunnyside, Yakima County",310136,Sunnyside,2017-12-06 00:59:55.061588
1996-12-08,12:30,40.3,,40.3,100.0,,NE@0.7,99999.0,,39.6,0.0,160,"Sunnyside, Yakima County",310136,Sunnyside,2017-12-06 00:59:55.061588
1996-12-08,12:45,40.4,,40.4,100.0,,E@0.7,99999.0,,39.6,0.0,122,"Sunnyside, Yakima County",310136,Sunnyside,2017-12-06 00:59:55.061588
1996-12-08,13:00,40.2,,40.2,100.0,,N@1.1,99999.0,,39.7,0.0,97,"Sunnyside, Yakima County",310136,Sunnyside,2017-12-06 00:59:55.061588
1996-12-08,13:15,40.2,,40.2,100.0,,NE@1.3,99999.0,,39.7,0.0,115,"Sunnyside, Yakima County",310136,Sunnyside,2017-12-06 00:59:55.061588
1996-12-08,13:30,40.8,,40.8,100.0,,E@0.7,99999.0,,39.8,0.0,170,"Sunnyside, Yakima County",310136,Sunnyside,2017-12-06 00:59:55.061588
1996-12-08,13:45,41.6,,41.6,100.0,,NE@0.7,99999.0,,39.8,0.0,203,"Sunnyside, Yakima County",310136,Sunnyside,2017-12-06 00:59:55.061588
1996-12-08,14:00,41.9,,41.6,99.0,,N@0.8,99999.0,,39.9,0.0,118,"Sunnyside, Yakima County",310136,Sunnyside,2017-12-06 00:59:55.061588
1996-12-08,14:15,42.1,,41.7,98.3,,NE@0.9,99999.0,,39.9,0.0,100,"Sunnyside, Yakima County",310136,Sunnyside,2017-12-06 00:59:55.061588
1996-12-08,14:30,41.3,,40.7,97.9,,E@0.5,99999.0,,39.9,0.0,85,"Sunnyside, Yakima County",310136,Sunnyside,2017-12-06 00:59:55.061588
1996-12-08,14:45,40.9,,40.5,98.4,,NE@0.5,99999.0,,40.0,0.0,72,"Sunnyside, Yakima County",310136,Sunnyside,2017-12-06 00:59:55.061588
1996-12-08,15:00,40.6,,40.2,98.4,0.0,NE@0.7,99999.0,,40.0,0.0,45,"Sunnyside, Yakima County",310136,Sunnyside,2017-12-06 00:59:55.061588
1996-12-08,15:15,40.8,,40.3,98.0,0.0,NW@0.7,99999.0,,40.0,0.0,37,"Sunnyside, Yakima County",310136,Sunnyside,2017-12-06 00:59:55.061588
1996-12-08,15:30,40.3,,39.6,97.0,0.0,W@0.8,99999.0,,40.0,0.0,26,"Sunnyside, Yakima County",310136,Sunnyside,2017-12-06 00:59:55.061588
1996-12-08,15:45,38.7,,38.2,98.1,0.0,SW@0.5,99999.0,,40.0,0.0,16,"Sunnyside, Yakima County",310136,Sunnyside,2017-12-06 00:59:55.061588
1996-12-08,16:00,37.6,,37.5,99.6,,NE@0.5,99999.0,,39.9,0.0,9,"Sunnyside, Yakima County",310136,Sunnyside,2017-12-06 00:59:55.061588
1996-12-08,16:15,38.3,,38.2,99.4,,N@1.6,99999.0,,39.8,0.0,2,"Sunnyside, Yakima County",310136,Sunnyside,2017-12-06 00:59:55.061588
1996-12-08,16:30,39.2,,37.7,94.4,0.0,N@2.0,99999.0,,39.8,0.0,1,"Sunnyside, Yakima County",310136,Sunnyside,2017-12-06 00:59:55.061588
1996-12-08,16:45,39.3,,37.2,92.3,0.0,N@3.7,99999.0,,39.8,0.0,0,"Sunnyside, Yakima County",310136,Sunnyside,2017-12-06 00:59:55.061588
1996-12-08,17:00,39.3,,37.0,91.6,0.0,N@4.4,99999.0,,39.8,0.0,0,"Sunnyside, Yakima County",310136,Sunnyside,2017-12-06 00:59:55.061588
1996-12-08,17:15,39.2,,36.9,91.2,0.0,N@4.5,99999.0,,39.8,0.0,0,"Sunnyside, Yakima County",310136,Sunnyside,2017-12-06 00:59:55.061588
1996-12-08,17:30,39.1,,36.7,91.0,0.0,N@4.3,99999.0,,39.8,0.0,0,"Sunnyside, Yakima County",310136,Sunnyside,2017-12-06 00:59:55.061588
1996-12-08,17:45,39.2,,36.7,90.8,0.0,N@3.4,99999.0,,39.8,0.0,0,"Sunnyside, Yakima County",310136,Sunnyside,2017-12-06 00:59:55.061588
1996-12-08,18:00,39.3,,36.7,90.5,0.0,N@2.2,99999.0,,39.8,0.0,0,"Sunnyside, Yakima County",310136,Sunnyside,2017-12-06 00:59:55.061588
1996-12-08,18:15,39.1,,36.6,90.4,0.0,N@4.0,99999.0,,39.8,0.0,0,"Sunnyside, Yakima County",310136,Sunnyside,2017-12-06 00:59:55.061588
1996-12-08,18:30,39.2,,36.5,89.9,0.0,N@4.0,99999.0,,39.8,0.0,0,"Sunnyside, Yakima County",310136,Sunnyside,2017-12-06 00:59:55.061588
1996-12-08,18:45,39.5,,36.7,89.6,0.0,N@4.4,99999.0,,39.9,0.0,0,"Sunnyside, Yakima County",310136,Sunnyside,2017-12-06 00:59:55.061588
1996-12-08,19:00,39.9,,36.8,88.5,0.0,N@4.3,99999.0,,39.8,0.0,0,"Sunnyside, Yakima County",310136,Sunnyside,2017-12-06 00:59:55.061588
1996-12-08,19:15,39.5,,36.5,89.0,0.0,N@4.9,99999.0,,39.9,0.0,0,"Sunnyside, Yakima County",310136,Sunnyside,2017-12-06 00:59:55.061588
1996-12-08,19:30,39.6,,36.5,88.7,0.0,N@5.2,99999.0,,39.9,0.0,0,"Sunnyside, Yakima County",310136,Sunnyside,2017-12-06 00:59:55.061588
1996-12-08,19:45,40.0,,36.7,87.7,0.0,N@5.1,99999.0,,39.9,0.0,0,"Sunnyside, Yakima County",310136,Sunnyside,2017-12-06 00:59:55.061588
1996-12-08,20:00,40.0,,36.7,87.8,0.0,N@4.9,99999.0,,39.9,0.0,0,"Sunnyside, Yakima County",310136,Sunnyside,2017-12-06 00:59:55.061588
1996-12-08,20:15,40.4,,36.8,86.9,0.0,N@5.3,99999.0,,39.9,0.0,0,"Sunnyside, Yakima County",310136,Sunnyside,2017-12-06 00:59:55.061588
1996-12-08,20:30,40.2,,36.7,87.1,0.0,N@4.7,99999.0,,39.9,0.0,0,"Sunnyside, Yakima County",310136,Sunnyside,2017-12-06 00:59:55.061588
1996-12-08,20:45,40.1,,36.6,87.2,0.0,N@4.6,99999.0,,39.9,0.0,0,"Sunnyside, Yakima County",310136,Sunnyside,2017-12-06 00:59:55.061588
1996-12-08,21:00,39.6,,36.5,88.7,0.0,N@1.8,99999.0,,39.9,0.0,0,"Sunnyside, Yakima County",310136,Sunnyside,2017-12-06 00:59:55.061588
1996-12-08,21:15,39.5,,36.5,89.2,0.0,N@2.6,99999.0,,39.9,0.0,0,"Sunnyside, Yakima County",310136,Sunnyside,2017-12-06 00:59:55.061588
1996-12-08,21:30,40.1,,36.8,87.7,0.0,N@1.7,99999.0,,39.9,0.0,0,"Sunnyside, Yakima County",310136,Sunnyside,2017-12-06 00:59:55.061588
1996-12-08,21:45,39.7,,36.6,88.6,0.0,N@2.7,99999.0,,39.9,0.0,0,"Sunnyside, Yakima County",310136,Sunnyside,2017-12-06 00:59:55.061588
1996-12-08,22:00,39.7,,36.5,88.2,0.0,N@3.9,99999.0,,39.9,0.0,0,"Sunnyside, Yakima County",310136,Sunnyside,2017-12-06 00:59:55.061588
1996-12-08,22:15,39.4,,36.3,88.7,0.0,N@3.7,99999.0,,39.9,0.0,0,"Sunnyside, Yakima County",310136,Sunnyside,2017-12-06 00:59:55.061588
1996-12-08,22:30,39.2,,36.3,89.3,0.0,N@4.2,99999.0,,39.9,0.0,0,"Sunnyside, Yakima County",310136,Sunnyside,2017-12-06 00:59:55.061588
1996-12-08,22:45,39.0,,36.5,90.6,0.0,NE@1.8,99999.0,,39.9,0.0,0,"Sunnyside, Yakima County",310136,Sunnyside,2017-12-06 00:59:55.061588
1996-12-08,23:00,39.7,,37.3,90.9,0.0,E@1.3,99999.0,,39.9,0.0,0,"Sunnyside, Yakima County",310136,Sunnyside,2017-12-06 00:59:55.061588
1996-12-08,23:15,39.8,,37.5,91.4,0.0,E@1.8,99999.0,,39.9,0.0,0,"Sunnyside, Yakima County",310136,Sunnyside,2017-12-06 00:59:55.061588
1996-12-08,23:30,39.5,,37.6,92.7,0.0,E@1.3,99999.0,,39.9,0.0,0,"Sunnyside, Yakima County",310136,Sunnyside,2017-12-06 00:59:55.061588
1996-12-08,23:45,39.2,,37.5,93.7,0.0,E@1.4,99999.0,,39.9,0.0,0,"Sunnyside, Yakima County",310136,Sunnyside,2017-12-06 00:59:55.061588
1996-12-08,24:00,34.4,,34.4,100.0,,SW@0.9,99999.0,,40.4,0.01,0,"Sunnyside, Yakima County",310136,Sunnyside,2017-12-06 00:59:55.061588
1996-12-09,00:15,39.3,,37.7,93.7,0.0,E@2.3,99999.0,,39.9,0.0,0,"Sunnyside, Yakima County",310136,Sunnyside,2017-12-06 00:59:55.061588
1996-12-09,00:30,39.4,,37.7,93.6,0.0,E@2.2,99999.0,,39.9,0.0,0,"Sunnyside, Yakima County",310136,Sunnyside,2017-12-06 00:59:55.061588
1996-12-09,00:45,39.4,,37.7,93.4,0.0,E@1.8,99999.0,,39.9,0.0,0,"Sunnyside, Yakima County",310136,Sunnyside,2017-12-06 00:59:55.061588
1996-12-09,01:00,39.2,,37.6,94.0,0.0,E@1.5,99999.0,,39.9,0.0,0,"Sunnyside, Yakima County",310136,Sunnyside,2017-12-06 00:59:55.061588
1996-12-09,01:15,39.2,,37.6,94.0,0.0,E@2.0,99999.0,,39.9,0.0,0,"Sunnyside, Yakima County",310136,Sunnyside,2017-12-06 00:59:55.061588
1996-12-09,01:30,39.2,,37.5,93.6,0.0,E@2.4,99999.0,,39.9,0.0,0,"Sunnyside, Yakima County",310136,Sunnyside,2017-12-06 00:59:55.061588
1996-12-09,01:45,39.4,,37.6,93.4,0.0,E@2.3,99999.0,,39.9,0.0,0,"Sunnyside, Yakima County",310136,Sunnyside,2017-12-06 00:59:55.061588
1996-12-09,02:00,39.3,,37.6,93.5,0.0,E@2.3,99999.0,,39.9,0.0,0,"Sunnyside, Yakima County",310136,Sunnyside,2017-12-06 00:59:55.061588
1996-12-09,02:15,39.1,,37.7,94.4,0.0,E@2.7,99999.0,,39.9,0.0,0,"Sunnyside, Yakima County",310136,Sunnyside,2017-12-06 00:59:55.061588
1996-12-09,02:30,39.3,,37.9,94.5,0.0,E@2.5,99999.0,,40.0,0.0,0,"Sunnyside, Yakima County",310136,Sunnyside,2017-12-06 00:59:55.061588
1996-12-09,02:45,39.3,,37.9,94.9,0.0,E@2.0,99999.0,,40.0,0.0,0,"Sunnyside, Yakima County",310136,Sunnyside,2017-12-06 00:59:55.061588
1996-12-09,03:00,39.4,,38.1,95.1,0.0,E@2.3,99999.0,,40.0,0.0,0,"Sunnyside, Yakima County",310136,Sunnyside,2017-12-06 00:59:55.061588
1996-12-09,03:15,39.3,,38.1,95.4,0.0,E@2.3,99999.0,,40.0,0.0,0,"Sunnyside, Yakima County",310136,Sunnyside,2017-12-06 00:59:55.061588
1996-12-09,03:30,39.1,,38.1,95.9,0.0,E@2.8,99999.0,,40.0,0.0,0,"Sunnyside, Yakima County",310136,Sunnyside,2017-12-06 00:59:55.061588
1996-12-09,03:45,38.9,,38.0,96.4,0.0,E@3.0,99999.0,,40.0,0.0,0,"Sunnyside, Yakima County",310136,Sunnyside,2017-12-06 00:59:55.061588
1996-12-09,04:00,38.9,,38.1,96.8,0.0,E@2.6,99999.0,,40.0,0.0,0,"Sunnyside, Yakima County",310136,Sunnyside,2017-12-06 00:59:55.061588
1996-12-09,04:15,38.9,,38.1,96.8,0.0,E@2.9,99999.0,,40.0,0.0,0,"Sunnyside, Yakima County",310136,Sunnyside,2017-12-06 00:59:55.061588
1996-12-09,04:30,39.0,,38.1,96.7,0.0,E@2.4,99999.0,,40.0,0.0,0,"Sunnyside, Yakima County",310136,Sunnyside,2017-12-06 00:59:55.061588
1996-12-09,04:45,39.0,,38.1,96.4,0.0,E@2.7,99999.0,,40.0,0.0,0,"Sunnyside, Yakima County",310136,Sunnyside,2017-12-06 00:59:55.061588
1996-12-09,05:00,38.9,,37.9,96.3,0.0,E@2.1,99999.0,,40.0,0.0,0,"Sunnyside, Yakima County",310136,Sunnyside,2017-12-06 00:59:55.061588
1996-12-09,05:15,38.9,,37.9,96.1,0.0,E@2.3,99999.0,,40.0,0.0,0,"Sunnyside, Yakima County",310136,Sunnyside,2017-12-06 00:59:55.061588
1996-12-09,05:30,39.1,,37.9,95.6,0.0,E@2.0,99999.0,,40.0,0.0,0,"Sunnyside, Yakima County",310136,Sunnyside,2017-12-06 00:59:55.061588
1996-12-09,05:45,39.3,,38.0,95.3,0.0,E@2.5,99999.0,,40.0,0.0,0,"Sunnyside, Yakima County",310136,Sunnyside,2017-12-06 00:59:55.061588
1996-12-09,06:00,39.2,,38.0,95.3,0.0,E@2.2,99999.0,,40.0,0.0,0,"Sunnyside, Yakima County",310136,Sunnyside,2017-12-06 00:59:55.061588
1996-12-09,06:15,39.0,,37.9,95.8,0.0,E@2.3,99999.0,,40.0,0.0,0,"Sunnyside, Yakima County",310136,Sunnyside,2017-12-06 00:59:55.061588
1996-12-09,06:30,39.0,,38.1,96.5,0.0,E@2.3,99999.0,,40.0,0.0,0,"Sunnyside, Yakima County",310136,Sunnyside,2017-12-06 00:59:55.061588
1996-12-09,06:45,38.8,,38.0,96.9,0.0,E@2.0,99999.0,,40.0,0.0,0,"Sunnyside, Yakima County",310136,Sunnyside,2017-12-06 00:59:55.061588
1996-12-09,07:00,38.8,,38.0,96.9,0.0,E@1.9,99999.0,,40.0,0.0,0,"Sunnyside, Yakima County",310136,Sunnyside,2017-12-06 00:59:55.061588
1996-12-09,07:15,38.8,,38.0,96.8,0.0,NE@1.8,99999.0,,40.0,0.0,0,"Sunnyside, Yakima County",310136,Sunnyside,2017-12-06 00:59:55.061588
1996-12-09,07:30,38.5,,37.7,96.8,0.0,NE@1.5,99999.0,,40.0,0.0,0,"Sunnyside, Yakima County",310136,Sunnyside,2017-12-06 00:59:55.061588
1996-12-09,07:45,38.6,,37.8,96.9,0.0,NE@1.6,99999.0,,40.1,0.0,3,"Sunnyside, Yakima County",310136,Sunnyside,2017-12-06 00:59:55.061588
1996-12-09,08:00,38.4,,37.6,97.0,0.0,NE@1.3,99999.0,,40.1,0.0,10,"Sunnyside, Yakima County",310136,Sunnyside,2017-12-06 00:59:55.061588
1996-12-09,08:15,38.7,,37.8,96.7,0.0,NE@2.0,99999.0,,40.1,0.0,19,"Sunnyside, Yakima County",310136,Sunnyside,2017-12-06 00:59:55.061588
1996-12-09,08:30,38.9,,37.9,96.2,0.0,NE@1.9,99999.0,,40.0,0.0,29,"Sunnyside, Yakima County",310136,Sunnyside,2017-12-06 00:59:55.061588
1996-12-09,08:45,39.2,,38.1,95.8,0.0,NE@1.7,99999.0,,40.1,0.0,39,"Sunnyside, Yakima County",310136,Sunnyside,2017-12-06 00:59:55.061588
1996-12-09,09:00,39.5,,38.1,94.7,0.0,NE@1.4,99999.0,,40.0,0.0,51,"Sunnyside, Yakima County",310136,Sunnyside,2017-12-06 00:59:55.061588
1996-12-09,09:15,40.2,,38.3,92.9,0.0,NE@1.5,99999.0,,40.0,0.0,47,"Sunnyside, Yakima County",310136,Sunnyside,2017-12-06 00:59:55.061588
1996-12-09,09:30,40.6,,38.4,92.0,0.0,NE@1.4,99999.0,,40.1,0.0,83,"Sunnyside, Yakima County",310136,Sunnyside,2017-12-06 00:59:55.061588
1996-12-09,09:45,41.5,,38.9,90.5,0.0,NE@1.1,99999.0,,40.1,0.0,101,"Sunnyside, Yakima County",310136,Sunnyside,2017-12-06 00:59:55.061588
1996-12-09,10:00,42.0,,39.2,89.9,0.0,NE@1.3,99999.0,,40.1,0.0,80,"Sunnyside, Yakima County",310136,Sunnyside,2017-12-06 00:59:55.061588
1996-12-09,10:15,42.1,,39.2,89.5,0.0,NE@1.5,99999.0,,40.1,0.0,87,"Sunnyside, Yakima County",310136,Sunnyside,2017-12-06 00:59:55.061588
1996-12-09,10:30,42.4,,39.2,88.4,0.0,NE@1.1,99999.0,,40.1,0.0,78,"Sunnyside, Yakima County",310136,Sunnyside,2017-12-06 00:59:55.061588
1996-12-09,10:45,41.4,,38.4,89.1,0.0,SW@1.1,99999.0,,40.2,0.0,65,"Sunnyside, Yakima County",310136,Sunnyside,2017-12-06 00:59:55.061588
1996-12-09,11:00,39.6,,37.9,93.5,0.0,W@0.8,99999.0,,40.2,0.0,64,"Sunnyside, Yakima County",310136,Sunnyside,2017-12-06 00:59:55.061588
1996-12-09,11:15,40.1,,38.4,93.5,0.0,W@0.4,99999.0,,40.3,0.0,78,"Sunnyside, Yakima County",310136,Sunnyside,2017-12-06 00:59:55.061588
1996-12-09,11:30,40.8,,38.7,92.1,0.0,W@0.5,99999.0,,40.3,0.0,85,"Sunnyside, Yakima County",310136,Sunnyside,2017-12-06 00:59:55.061588
1996-12-09,11:45,40.6,,38.5,91.9,0.0,SW@0.5,99999.0,,40.2,0.0,76,"Sunnyside, Yakima County",310136,Sunnyside,2017-12-06 00:59:55.061588
1996-12-09,12:00,39.9,,38.2,93.8,0.0,SW@0.7,99999.0,,40.2,0.0,71,"Sunnyside, Yakima County",310136,Sunnyside,2017-12-06 00:59:55.061588
1996-12-09,12:15,39.3,,37.9,94.8,0.0,SW@0.8,99999.0,,40.2,0.0,68,"Sunnyside, Yakima County",310136,Sunnyside,2017-12-06 00:59:55.061588
1996-12-09,12:30,39.9,,38.6,95.1,0.0,W@1.5,99999.0,,40.3,0.0,61,"Sunnyside, Yakima County",310136,Sunnyside,2017-12-06 00:59:55.061588
1996-12-09,12:45,40.1,,38.3,93.4,,SW@0.6,99999.0,,40.3,0.0,60,"Sunnyside, Yakima County",310136,Sunnyside,2017-12-06 00:59:55.061588
1996-12-09,13:00,39.8,,38.5,94.9,,N@0.8,99999.0,,40.3,0.0,74,"Sunnyside, Yakima County",310136,Sunnyside,2017-12-06 00:59:55.061588
1996-12-09,13:15,40.0,,39.0,96.3,,NE@0.5,99999.0,,40.3,0.0,88,"Sunnyside, Yakima County",310136,Sunnyside,2017-12-06 00:59:55.061588
1996-12-09,13:30,40.4,,39.0,94.6,,N@2.2,99999.0,,40.3,0.0,67,"Sunnyside, Yakima County",310136,Sunnyside,2017-12-06 00:59:55.061588
1996-12-09,13:45,40.2,,38.2,92.6,,N@3.5,99999.0,,40.4,0.0,54,"Sunnyside, Yakima County",310136,Sunnyside,2017-12-06 00:59:55.061588
1996-12-09,14:00,39.8,,37.7,92.1,,N@4.1,99999.0,,40.4,0.0,39,"Sunnyside, Yakima County",310136,Sunnyside,2017-12-06 00:59:55.061588
1996-12-09,14:15,39.5,,37.4,92.2,,N@5.0,99999.0,,40.4,0.0,46,"Sunnyside, Yakima County",310136,Sunnyside,2017-12-06 00:59:55.061588
1996-12-09,14:30,39.3,,37.0,91.6,,N@4.1,99999.0,,40.4,0.0,34,"Sunnyside, Yakima County",310136,Sunnyside,2017-12-06 00:59:55.061588
1996-12-09,14:45,39.3,,37.1,91.4,,N@3.4,99999.0,,40.4,0.0,41,"Sunnyside, Yakima County",310136,Sunnyside,2017-12-06 00:59:55.061588
1996-12-09,15:00,38.7,,36.7,92.4,,SW@2.0,99999.0,,40.4,0.0,38,"Sunnyside, Yakima County",310136,Sunnyside,2017-12-06 00:59:55.061588
1996-12-09,15:15,37.4,,36.4,96.1,,S@0.9,99999.0,,40.4,0.0,25,"Sunnyside, Yakima County",310136,Sunnyside,2017-12-06 00:59:55.061588
1996-12-09,15:30,36.5,,36.1,98.1,,SW@0.9,99999.0,,40.4,0.0,19,"Sunnyside, Yakima County",310136,Sunnyside,2017-12-06 00:59:55.061588
1996-12-09,15:45,36.5,,36.3,99.3,,SW@0.5,99999.0,,40.4,0.0,9,"Sunnyside, Yakima County",310136,Sunnyside,2017-12-06 00:59:55.061588
1996-12-09,16:00,36.2,,36.0,99.4,,E@0.5,99999.0,,40.4,0.0,4,"Sunnyside, Yakima County",310136,Sunnyside,2017-12-06 00:59:55.061588
1996-12-09,16:15,35.9,,35.8,99.9,,N@0.6,99999.0,,40.4,0.0,3,"Sunnyside, Yakima County",310136,Sunnyside,2017-12-06 00:59:55.061588
1996-12-09,16:30,35.5,,35.5,100.0,,E@0.4,99999.0,,40.4,0.0,1,"Sunnyside, Yakima County",310136,Sunnyside,2017-12-06 00:59:55.061588
1996-12-09,16:45,35.3,,35.3,100.0,,E@0.5,99999.0,,40.4,0.0,0,"Sunnyside, Yakima County",310136,Sunnyside,2017-12-06 00:59:55.061588
1996-12-09,17:00,35.1,,35.1,100.0,,NE@0.5,99999.0,,40.4,0.0,0,"Sunnyside, Yakima County",310136,Sunnyside,2017-12-06 00:59:55.061588
1996-12-09,17:15,34.9,,34.9,100.0,,NE@0.5,99999.0,,40.4,0.0,0,"Sunnyside, Yakima County",310136,Sunnyside,2017-12-06 00:59:55.061588
1996-12-09,17:30,34.9,,34.9,100.0,,NE@0.4,99999.0,,40.4,0.0,0,"Sunnyside, Yakima County",310136,Sunnyside,2017-12-06 00:59:55.061588
1996-12-09,17:45,34.9,,34.9,100.0,,NE@0.4,99999.0,,40.4,0.0,0,"Sunnyside, Yakima County",310136,Sunnyside,2017-12-06 00:59:55.061588
1996-12-09,18:00,34.9,,34.9,100.0,,NE@0.4,99999.0,,40.4,0.0,0,"Sunnyside, Yakima County",310136,Sunnyside,2017-12-06 00:59:55.061588
1996-12-09,18:15,35.0,,35.0,100.0,,NE@0.4,99999.0,,40.4,0.0,0,"Sunnyside, Yakima County",310136,Sunnyside,2017-12-06 00:59:55.061588
1996-12-09,18:30,34.8,,34.8,100.0,,E@0.5,99999.0,,40.4,0.0,0,"Sunnyside, Yakima County",310136,Sunnyside,2017-12-06 00:59:55.061588
1996-12-09,18:45,34.6,,34.6,100.0,,E@0.5,99999.0,,40.4,0.0,0,"Sunnyside, Yakima County",310136,Sunnyside,2017-12-06 00:59:55.061588
1996-12-09,19:00,34.6,,34.6,100.0,,NE@0.5,99999.0,,40.5,0.0,0,"Sunnyside, Yakima County",310136,Sunnyside,2017-12-06 00:59:55.061588
1996-12-09,19:15,34.8,,34.8,100.0,,NE@0.6,99999.0,,40.4,0.0,0,"Sunnyside, Yakima County",310136,Sunnyside,2017-12-06 00:59:55.061588
1996-12-09,19:30,34.9,,34.9,100.0,,E@0.5,99999.0,,40.5,0.0,0,"Sunnyside, Yakima County",310136,Sunnyside,2017-12-06 00:59:55.061588
1996-12-09,19:45,34.8,,34.8,100.0,,SE@0.5,99999.0,,40.5,0.0,0,"Sunnyside, Yakima County",310136,Sunnyside,2017-12-06 00:59:55.061588
1996-12-09,20:00,34.9,,34.9,100.0,,N@0.8,99999.0,,40.5,0.0,0,"Sunnyside, Yakima County",310136,Sunnyside,2017-12-06 00:59:55.061588
1996-12-09,20:15,34.7,,34.7,100.0,,N@0.4,99999.0,,40.5,0.0,0,"Sunnyside, Yakima County",310136,Sunnyside,2017-12-06 00:59:55.061588
1996-12-09,20:30,34.8,,34.8,100.0,,N@0.5,99999.0,,40.5,0.0,0,"Sunnyside, Yakima County",310136,Sunnyside,2017-12-06 00:59:55.061588
1996-12-09,20:45,35.0,,35.0,100.0,,N@0.5,99999.0,,40.5,0.0,0,"Sunnyside, Yakima County",310136,Sunnyside,2017-12-06 00:59:55.061588
1996-12-09,21:00,34.9,,34.9,100.0,,E@0.6,99999.0,,40.5,0.0,0,"Sunnyside, Yakima County",310136,Sunnyside,2017-12-06 00:59:55.061588
1996-12-09,21:15,34.7,,34.7,100.0,,SE@0.7,99999.0,,40.5,0.0,0,"Sunnyside, Yakima County",310136,Sunnyside,2017-12-06 00:59:55.061588
1996-12-09,21:30,34.1,,34.1,100.0,,SE@0.5,99999.0,,40.5,0.0,0,"Sunnyside, Yakima County",310136,Sunnyside,2017-12-06 00:59:55.061588
1996-12-09,21:45,33.8,,33.8,100.0,,NE@0.5,99999.0,,40.5,0.0,0,"Sunnyside, Yakima County",310136,Sunnyside,2017-12-06 00:59:55.061588
1996-12-09,22:00,33.9,,33.9,100.0,,N@1.0,99999.0,,40.5,0.0,0,"Sunnyside, Yakima County",310136,Sunnyside,2017-12-06 00:59:55.061588
1996-12-09,22:15,34.3,,34.3,100.0,,NW@2.7,99999.0,,40.4,0.0,0,"Sunnyside, Yakima County",310136,Sunnyside,2017-12-06 00:59:55.061588
1996-12-09,22:30,34.7,,34.7,100.0,,N@3.0,99999.0,,40.4,0.0,0,"Sunnyside, Yakima County",310136,Sunnyside,2017-12-06 00:59:55.061588
1996-12-09,22:45,35.2,,35.2,100.0,,NW@1.4,99999.0,,40.5,0.0,0,"Sunnyside, Yakima County",310136,Sunnyside,2017-12-06 00:59:55.061588
1996-12-09,23:00,34.7,,34.7,100.0,,S@0.7,99999.0,,40.5,0.0,0,"Sunnyside, Yakima County",310136,Sunnyside,2017-12-06 00:59:55.061588
1996-12-09,23:15,34.1,,34.1,100.0,,E@0.5,99999.0,,40.5,0.01,0,"Sunnyside, Yakima County",310136,Sunnyside,2017-12-06 00:59:55.061588
1996-12-09,23:30,34.0,,34.0,100.0,,E@0.6,99999.0,,40.5,0.0,0,"Sunnyside, Yakima County",310136,Sunnyside,2017-12-06 00:59:55.061588
1996-12-09,23:45,34.2,,34.2,100.0,,NE@0.7,99999.0,,40.5,0.0,0,"Sunnyside, Yakima County",310136,Sunnyside,2017-12-06 00:59:55.061588
1996-12-09,24:00,35.7,,31.4,83.9,,SE@2.0,99999.0,,40.9,0.0,0,"Sunnyside, Yakima County",310136,Sunnyside,2017-12-06 00:59:55.061588
1996-12-10,00:15,34.1,,34.1,100.0,,S@0.6,99999.0,,40.5,0.03,0,"Sunnyside, Yakima County",310136,Sunnyside,2017-12-06 00:59:55.061588
1996-12-10,00:30,34.1,,34.1,100.0,,S@0.9,99999.0,,40.5,0.0,0,"Sunnyside, Yakima County",310136,Sunnyside,2017-12-06 00:59:55.061588
1996-12-10,00:45,34.0,,34.0,100.0,,SW@0.4,99999.0,,40.5,0.0,0,"Sunnyside, Yakima County",310136,Sunnyside,2017-12-06 00:59:55.061588
1996-12-10,01:00,34.3,,34.3,100.0,,W@0.7,99999.0,,40.5,0.0,0,"Sunnyside, Yakima County",310136,Sunnyside,2017-12-06 00:59:55.061588
1996-12-10,01:15,33.8,,33.8,100.0,,SW@1.1,99999.0,,40.5,0.0,0,"Sunnyside, Yakima County",310136,Sunnyside,2017-12-06 00:59:55.061588
1996-12-10,01:30,33.7,,33.7,100.0,,SW@0.4,99999.0,,40.5,0.0,0,"Sunnyside, Yakima County",310136,Sunnyside,2017-12-06 00:59:55.061588
1996-12-10,01:45,33.7,,33.7,100.0,,E@0.5,99999.0,,40.5,0.02,0,"Sunnyside, Yakima County",310136,Sunnyside,2017-12-06 00:59:55.061588
1996-12-10,02:00,33.8,,33.8,100.0,,E@0.5,99999.0,,40.5,0.0,0,"Sunnyside, Yakima County",310136,Sunnyside,2017-12-06 00:59:55.061588
1996-12-10,02:15,33.9,,33.9,100.0,,S@0.5,99999.0,,40.4,0.01,0,"Sunnyside, Yakima County",310136,Sunnyside,2017-12-06 00:59:55.061588
1996-12-10,02:30,33.9,,33.9,100.0,,S@0.5,99999.0,,40.4,0.0,0,"Sunnyside, Yakima County",310136,Sunnyside,2017-12-06 00:59:55.061588
1996-12-10,02:45,33.7,,33.7,100.0,,E@0.4,99999.0,,40.4,0.01,0,"Sunnyside, Yakima County",310136,Sunnyside,2017-12-06 00:59:55.061588
1996-12-10,03:00,33.5,,33.5,100.0,,NE@0.4,99999.0,,40.4,0.0,0,"Sunnyside, Yakima County",310136,Sunnyside,2017-12-06 00:59:55.061588
1996-12-10,03:15,33.6,,33.6,100.0,,NE@0.4,99999.0,,40.5,0.0,0,"Sunnyside, Yakima County",310136,Sunnyside,2017-12-06 00:59:55.061588
1996-12-10,03:30,33.8,,33.8,100.0,,NE@0.4,99999.0,,40.4,0.0,0,"Sunnyside, Yakima County",310136,Sunnyside,2017-12-06 00:59:55.061588
1996-12-10,03:45,33.8,,33.8,100.0,,W@1.0,99999.0,,40.4,0.0,0,"Sunnyside, Yakima County",310136,Sunnyside,2017-12-06 00:59:55.061588
1996-12-10,04:00,33.7,,33.7,100.0,,W@0.4,99999.0,,40.4,0.0,0,"Sunnyside, Yakima County",310136,Sunnyside,2017-12-06 00:59:55.061588
1996-12-10,04:15,33.6,,33.6,100.0,,W@0.5,99999.0,,40.4,0.01,0,"Sunnyside, Yakima County",310136,Sunnyside,2017-12-06 00:59:55.061588
1996-12-10,04:30,33.6,,33.6,100.0,,N@0.4,99999.0,,40.4,0.01,0,"Sunnyside, Yakima County",310136,Sunnyside,2017-12-06 00:59:55.061588
1996-12-10,04:45,33.8,,33.8,100.0,,SE@0.5,99999.0,,40.4,0.0,0,"Sunnyside, Yakima County",310136,Sunnyside,2017-12-06 00:59:55.061588
1996-12-10,05:00,33.7,,33.7,100.0,,E@0.4,99999.0,,40.4,0.0,0,"Sunnyside, Yakima County",310136,Sunnyside,2017-12-06 00:59:55.061588
1996-12-10,05:15,33.5,,33.5,100.0,,E@0.5,99999.0,,40.4,0.0,0,"Sunnyside, Yakima County",310136,Sunnyside,2017-12-06 00:59:55.061588
1996-12-10,05:30,33.5,,33.5,100.0,,E@0.6,99999.0,,40.4,0.0,0,"Sunnyside, Yakima County",310136,Sunnyside,2017-12-06 00:59:55.061588
1996-12-10,05:45,33.6,,33.6,100.0,,E@0.5,99999.0,,40.4,0.0,0,"Sunnyside, Yakima County",310136,Sunnyside,2017-12-06 00:59:55.061588
1996-12-10,06:00,33.7,,33.7,100.0,,E@0.6,99999.0,,40.4,0.0,0,"Sunnyside, Yakima County",310136,Sunnyside,2017-12-06 00:59:55.061588
1996-12-10,06:15,33.9,,33.9,100.0,,N@0.7,99999.0,,40.4,0.0,0,"Sunnyside, Yakima County",310136,Sunnyside,2017-12-06 00:59:55.061588
1996-12-10,06:30,34.6,,34.6,100.0,,W@1.6,99999.0,,40.4,0.0,0,"Sunnyside, Yakima County",310136,Sunnyside,2017-12-06 00:59:55.061588
1996-12-10,06:45,33.9,,33.9,100.0,,W@2.8,99999.0,,40.4,0.0,0,"Sunnyside, Yakima County",310136,Sunnyside,2017-12-06 00:59:55.061588
1996-12-10,07:00,34.3,,34.3,100.0,,N@0.6,99999.0,,40.4,0.0,0,"Sunnyside, Yakima County",310136,Sunnyside,2017-12-06 00:59:55.061588
1996-12-10,07:15,34.0,,34.0,100.0,,S@0.5,99999.0,,40.5,0.0,0,"Sunnyside, Yakima County",310136,Sunnyside,2017-12-06 00:59:55.061588
1996-12-10,07:30,34.0,,34.0,100.0,,NE@1.6,99999.0,,40.4,0.0,0,"Sunnyside, Yakima County",310136,Sunnyside,2017-12-06 00:59:55.061588
1996-12-10,07:45,34.4,,34.4,100.0,,SE@1.4,99999.0,,40.4,0.0,2,"Sunnyside, Yakima County",310136,Sunnyside,2017-12-06 00:59:55.061588
1996-12-10,08:00,34.1,,34.1,100.0,,E@0.5,99999.0,,40.4,0.0,4,"Sunnyside, Yakima County",310136,Sunnyside,2017-12-06 00:59:55.061588
1996-12-10,08:15,34.0,,34.0,100.0,,E@0.7,99999.0,,40.4,0.0,7,"Sunnyside, Yakima County",310136,Sunnyside,2017-12-06 00:59:55.061588
1996-12-10,08:30,34.1,,34.1,100.0,,N@0.9,99999.0,,40.4,0.0,12,"Sunnyside, Yakima County",310136,Sunnyside,2017-12-06 00:59:55.061588
1996-12-10,08:45,34.8,,34.8,100.0,,N@1.5,99999.0,,40.4,0.0,32,"Sunnyside, Yakima County",310136,Sunnyside,2017-12-06 00:59:55.061588
1996-12-10,09:00,35.7,,35.7,100.0,,N@3.6,99999.0,,40.4,0.0,68,"Sunnyside, Yakima County",310136,Sunnyside,2017-12-06 00:59:55.061588
1996-12-10,09:15,38.2,,38.2,100.0,,N@3.0,99999.0,,40.3,0.0,46,"Sunnyside, Yakima County",310136,Sunnyside,2017-12-06 00:59:55.061588
1996-12-10,09:30,39.4,,39.4,100.0,,N@2.9,99999.0,,40.3,0.0,37,"Sunnyside, Yakima County",310136,Sunnyside,2017-12-06 00:59:55.061588
1996-12-10,09:45,40.1,,40.1,100.0,,N@2.0,99999.0,,40.3,0.0,64,"Sunnyside, Yakima County",310136,Sunnyside,2017-12-06 00:59:55.061588
1996-12-10,10:00,39.1,,39.1,100.0,,S@2.0,99999.0,,40.4,0.0,58,"Sunnyside, Yakima County",310136,Sunnyside,2017-12-06 00:59:55.061588
1996-12-10,10:15,36.5,,36.5,100.0,,W@1.0,99999.0,,40.5,0.0,39,"Sunnyside, Yakima County",310136,Sunnyside,2017-12-06 00:59:55.061588
1996-12-10,10:30,37.2,,37.2,100.0,,NE@1.4,99999.0,,40.5,0.0,90,"Sunnyside, Yakima County",310136,Sunnyside,2017-12-06 00:59:55.061588
1996-12-10,10:45,38.9,,38.9,100.0,,E@1.4,99999.0,,40.5,0.0,102,"Sunnyside, Yakima County",310136,Sunnyside,2017-12-06 00:59:55.061588
1996-12-10,11:00,40.0,,40.0,100.0,,E@1.0,99999.0,,40.4,0.0,151,"Sunnyside, Yakima County",310136,Sunnyside,2017-12-06 00:59:55.061588
1996-12-10,11:15,41.8,,41.8,100.0,,E@1.4,99999.0,,40.4,0.0,256,"Sunnyside, Yakima County",310136,Sunnyside,2017-12-06 00:59:55.061588
1996-12-10,11:30,41.9,,41.7,99.0,,E@1.8,99999.0,,40.5,0.0,121,"Sunnyside, Yakima County",310136,Sunnyside,2017-12-06 00:59:55.061588
1996-12-10,11:45,44.0,,43.3,97.2,,SE@2.9,99999.0,,40.5,0.0,382,"Sunnyside, Yakima County",310136,Sunnyside,2017-12-06 00:59:55.061588
1996-12-10,12:00,45.9,,43.6,91.5,,SE@3.6,99999.0,,40.5,0.0,340,"Sunnyside, Yakima County",310136,Sunnyside,2017-12-06 00:59:55.061588
1996-12-10,12:15,47.5,,43.4,85.6,,SE@3.2,99999.0,,40.6,0.0,342,"Sunnyside, Yakima County",310136,Sunnyside,2017-12-06 00:59:55.061588
1996-12-10,12:30,47.9,,43.0,83.0,0.33,SE@3.9,99999.0,,40.6,0.0,311,"Sunnyside, Yakima County",310136,Sunnyside,2017-12-06 00:59:55.061588
1996-12-10,12:45,47.9,,41.5,78.5,0.0,S@3.0,99999.0,,40.7,0.0,288,"Sunnyside, Yakima County",310136,Sunnyside,2017-12-06 00:59:55.061588
1996-12-10,13:00,47.5,,40.3,75.8,0.0,S@2.8,99999.0,,40.8,0.0,186,"Sunnyside, Yakima County",310136,Sunnyside,2017-12-06 00:59:55.061588
1996-12-10,13:15,46.3,,39.5,77.1,0.0,SW@2.3,99999.0,,40.9,0.0,134,"Sunnyside, Yakima County",310136,Sunnyside,2017-12-06 00:59:55.061588
1996-12-10,13:30,45.6,,39.9,80.2,0.0,S@0.6,99999.0,,40.9,0.0,117,"Sunnyside, Yakima County",310136,Sunnyside,2017-12-06 00:59:55.061588
1996-12-10,13:45,45.5,,39.8,80.4,0.0,SW@1.6,99999.0,,41.0,0.0,120,"Sunnyside, Yakima County",310136,Sunnyside,2017-12-06 00:59:55.061588
1996-12-10,14:00,45.2,,39.6,80.4,0.0,S@1.4,99999.0,,41.0,0.0,88,"Sunnyside, Yakima County",310136,Sunnyside,2017-12-06 00:59:55.061588
1996-12-10,14:15,45.1,,39.3,80.0,0.0,N@1.7,99999.0,,41.0,0.0,57,"Sunnyside, Yakima County",310136,Sunnyside,2017-12-06 00:59:55.061588
1996-12-10,14:30,45.1,,38.7,78.2,0.0,N@1.4,99999.0,,41.0,0.0,32,"Sunnyside, Yakima County",310136,Sunnyside,2017-12-06 00:59:55.061588
1996-12-10,14:45,44.9,,38.9,79.2,0.0,NW@1.8,99999.0,,41.0,0.0,48,"Sunnyside, Yakima County",310136,Sunnyside,2017-12-06 00:59:55.061588
1996-12-10,15:00,45.0,,39.5,80.7,0.0,N@1.5,99999.0,,41.0,0.0,78,"Sunnyside, Yakima County",310136,Sunnyside,2017-12-06 00:59:55.061588
1996-12-10,15:15,45.3,,39.5,80.1,0.0,NW@1.1,99999.0,,41.0,0.0,46,"Sunnyside, Yakima County",310136,Sunnyside,2017-12-06 00:59:55.061588
1996-12-10,15:30,45.6,,37.8,74.1,0.0,W@2.4,99999.0,,41.1,0.0,3,"Sunnyside, Yakima County",310136,Sunnyside,2017-12-06 00:59:55.061588
1996-12-10,15:45,43.7,,38.9,82.9,,SW@7.1,99999.0,,41.1,0.01,5,"Sunnyside, Yakima County",310136,Sunnyside,2017-12-06 00:59:55.061588
1996-12-10,16:00,41.5,,38.9,90.4,,S@2.5,99999.0,,41.1,0.0,20,"Sunnyside, Yakima County",310136,Sunnyside,2017-12-06 00:59:55.061588
1996-12-10,16:15,40.8,,38.5,91.2,,SE@1.3,99999.0,,41.2,0.0,14,"Sunnyside, Yakima County",310136,Sunnyside,2017-12-06 00:59:55.061588
1996-12-10,16:30,40.3,,38.4,92.9,,SE@0.6,99999.0,,41.1,0.0,2,"Sunnyside, Yakima County",310136,Sunnyside,2017-12-06 00:59:55.061588
1996-12-10,16:45,39.9,,37.8,92.0,,SE@0.9,99999.0,,41.0,0.0,0,"Sunnyside, Yakima County",310136,Sunnyside,2017-12-06 00:59:55.061588
1996-12-10,17:00,38.5,,36.8,93.8,,N@0.7,99999.0,,41.0,0.0,0,"Sunnyside, Yakima County",310136,Sunnyside,2017-12-06 00:59:55.061588
1996-12-10,17:15,37.1,,35.9,95.3,,E@0.4,99999.0,,41.0,0.0,0,"Sunnyside, Yakima County",310136,Sunnyside,2017-12-06 00:59:55.061588
1996-12-10,17:30,36.5,,35.4,95.6,,S@1.1,99999.0,,41.0,0.0,0,"Sunnyside, Yakima County",310136,Sunnyside,2017-12-06 00:59:55.061588
1996-12-10,17:45,38.8,,34.4,84.0,,W@5.0,99999.0,,41.0,0.0,0,"Sunnyside, Yakima County",310136,Sunnyside,2017-12-06 00:59:55.061588
1996-12-10,18:00,39.5,,33.4,78.4,,W@4.7,99999.0,,41.0,0.0,0,"Sunnyside, Yakima County",310136,Sunnyside,2017-12-06 00:59:55.061588
1996-12-10,18:15,39.6,,33.0,77.1,0.0,SW@4.4,99999.0,,41.0,0.0,0,"Sunnyside, Yakima County",310136,Sunnyside,2017-12-06 00:59:55.061588
1996-12-10,18:30,38.9,,33.0,79.1,0.0,SW@4.8,99999.0,,41.0,0.0,0,"Sunnyside, Yakima County",310136,Sunnyside,2017-12-06 00:59:55.061588
1996-12-10,18:45,39.9,,33.0,76.2,0.0,W@5.9,99999.0,,41.1,0.0,0,"Sunnyside, Yakima County",310136,Sunnyside,2017-12-06 00:59:55.061588
1996-12-10,19:00,40.0,,32.8,75.3,0.0,W@5.7,99999.0,,41.1,0.0,0,"Sunnyside, Yakima County",310136,Sunnyside,2017-12-06 00:59:55.061588
1996-12-10,19:15,39.0,,32.7,77.9,0.0,W@3.7,99999.0,,41.1,0.0,0,"Sunnyside, Yakima County",310136,Sunnyside,2017-12-06 00:59:55.061588
1996-12-10,19:30,39.0,,32.6,77.3,0.0,W@4.2,99999.0,,41.1,0.0,0,"Sunnyside, Yakima County",310136,Sunnyside,2017-12-06 00:59:55.061588
1996-12-10,19:45,39.2,,32.9,78.1,0.0,SW@4.4,99999.0,,41.1,0.0,0,"Sunnyside, Yakima County",310136,Sunnyside,2017-12-06 00:59:55.061588
1996-12-10,20:00,38.5,,33.1,80.6,0.0,SW@3.6,99999.0,,41.1,0.0,0,"Sunnyside, Yakima County",310136,Sunnyside,2017-12-06 00:59:55.061588
1996-12-10,20:15,38.2,,33.0,81.4,0.0,SW@2.5,99999.0,,41.1,0.0,0,"Sunnyside, Yakima County",310136,Sunnyside,2017-12-06 00:59:55.061588
1996-12-10,20:30,37.5,,32.7,82.6,,N@1.2,99999.0,,41.1,0.0,0,"Sunnyside, Yakima County",310136,Sunnyside,2017-12-06 00:59:55.061588
1996-12-10,20:45,36.9,,32.3,83.2,,N@2.5,99999.0,,41.1,0.0,0,"Sunnyside, Yakima County",310136,Sunnyside,2017-12-06 00:59:55.061588
1996-12-10,21:00,38.9,,32.5,77.5,,SW@2.7,99999.0,,41.1,0.0,0,"Sunnyside, Yakima County",310136,Sunnyside,2017-12-06 00:59:55.061588
1996-12-10,21:15,38.1,,32.4,79.7,0.0,NE@0.9,99999.0,,41.1,0.0,0,"Sunnyside, Yakima County",310136,Sunnyside,2017-12-06 00:59:55.061588
1996-12-10,21:30,36.1,,31.6,83.3,0.0,N@2.1,99999.0,,41.0,0.0,0,"Sunnyside, Yakima County",310136,Sunnyside,2017-12-06 00:59:55.061588
1996-12-10,21:45,35.1,,31.1,85.2,0.0,N@3.0,99999.0,,41.0,0.0,0,"Sunnyside, Yakima County",310136,Sunnyside,2017-12-06 00:59:55.061588
1996-12-10,22:00,34.9,,31.1,86.0,0.0,NW@1.0,99999.0,,41.0,0.0,0,"Sunnyside, Yakima County",310136,Sunnyside,2017-12-06 00:59:55.061588
1996-12-10,22:15,35.2,,31.2,85.4,,N@1.0,99999.0,,41.0,0.0,0,"Sunnyside, Yakima County",310136,Sunnyside,2017-12-06 00:59:55.061588
1996-12-10,22:30,35.4,,31.3,85.0,0.0,N@2.0,99999.0,,41.0,0.0,0,"Sunnyside, Yakima County",310136,Sunnyside,2017-12-06 00:59:55.061588
1996-12-10,22:45,34.8,,31.1,86.4,,N@1.4,99999.0,,40.9,0.0,0,"Sunnyside, Yakima County",310136,Sunnyside,2017-12-06 00:59:55.061588
1996-12-10,23:00,34.3,,30.7,86.4,,N@1.8,99999.0,,40.9,0.0,0,"Sunnyside, Yakima County",310136,Sunnyside,2017-12-06 00:59:55.061588
1996-12-10,23:15,33.7,,30.2,86.9,,N@1.7,99999.0,,40.9,0.0,0,"Sunnyside, Yakima County",310136,Sunnyside,2017-12-06 00:59:55.061588
1996-12-10,23:30,32.9,,30.1,89.2,,N@0.6,99999.0,,40.9,0.0,0,"Sunnyside, Yakima County",310136,Sunnyside,2017-12-06 00:59:55.061588
1996-12-10,23:45,33.8,,30.6,88.0,,SE@1.5,99999.0,,40.9,0.0,0,"Sunnyside, Yakima County",310136,Sunnyside,2017-12-06 00:59:55.061588
1996-12-10,24:00,33.0,,33.0,100.0,,W@0.5,99999.0,,40.6,0.0,0,"Sunnyside, Yakima County",310136,Sunnyside,2017-12-06 00:59:55.061588
1996-12-11,00:15,36.8,,31.7,81.6,,SE@2.6,99999.0,,40.8,0.0,0,"Sunnyside, Yakima County",310136,Sunnyside,2017-12-06 00:59:55.061588
1996-12-11,00:30,36.9,,31.6,80.9,0.0,S@2.5,99999.0,,40.8,0.0,0,"Sunnyside, Yakima County",310136,Sunnyside,2017-12-06 00:59:55.061588
1996-12-11,00:45,37.9,,31.8,78.3,0.0,S@2.1,99999.0,,40.8,0.0,0,"Sunnyside, Yakima County",310136,Sunnyside,2017-12-06 00:59:55.061588
1996-12-11,01:00,37.1,,31.5,79.8,0.0,SE@1.2,99999.0,,40.8,0.0,0,"Sunnyside, Yakima County",310136,Sunnyside,2017-12-06 00:59:55.061588
1996-12-11,01:15,36.7,,31.2,80.2,0.0,E@0.7,99999.0,,40.8,0.0,0,"Sunnyside, Yakima County",310136,Sunnyside,2017-12-06 00:59:55.061588
1996-12-11,01:30,36.4,,31.1,80.9,0.0,E@0.5,99999.0,,40.9,0.0,0,"Sunnyside, Yakima County",310136,Sunnyside,2017-12-06 00:59:55.061588
1996-12-11,01:45,36.0,,31.0,81.9,0.0,NE@1.0,99999.0,,40.8,0.0,0,"Sunnyside, Yakima County",310136,Sunnyside,2017-12-06 00:59:55.061588
1996-12-11,02:00,35.2,,30.6,83.3,0.0,N@2.0,99999.0,,40.8,0.0,0,"Sunnyside, Yakima County",310136,Sunnyside,2017-12-06 00:59:55.061588
1996-12-11,02:15,34.2,,30.0,84.6,0.0,N@2.2,99999.0,,40.8,0.0,0,"Sunnyside, Yakima County",310136,Sunnyside,2017-12-06 00:59:55.061588
1996-12-11,02:30,33.9,,30.1,85.6,,N@1.5,99999.0,,40.7,0.0,0,"Sunnyside, Yakima County",310136,Sunnyside,2017-12-06 00:59:55.061588
1996-12-11,02:45,34.1,,30.2,85.4,,NE@0.9,99999.0,,40.7,0.0,0,"Sunnyside, Yakima County",310136,Sunnyside,2017-12-06 00:59:55.061588
1996-12-11,03:00,33.5,,29.8,86.0,,N@1.6,99999.0,,40.7,0.0,0,"Sunnyside, Yakima County",310136,Sunnyside,2017-12-06 00:59:55.061588
1996-12-11,03:15,34.0,,30.1,85.5,,NE@1.5,99999.0,,40.7,0.0,0,"Sunnyside, Yakima County",310136,Sunnyside,2017-12-06 00:59:55.061588
1996-12-11,03:30,33.8,,30.3,86.7,,NE@1.6,99999.0,,40.7,0.0,0,"Sunnyside, Yakima County",310136,Sunnyside,2017-12-06 00:59:55.061588
1996-12-11,03:45,33.5,,30.2,87.3,,NE@1.6,99999.0,,40.7,0.0,0,"Sunnyside, Yakima County",310136,Sunnyside,2017-12-06 00:59:55.061588
1996-12-11,04:00,33.5,,30.2,87.6,,NE@1.3,99999.0,,40.7,0.0,0,"Sunnyside, Yakima County",310136,Sunnyside,2017-12-06 00:59:55.061588
1996-12-11,04:15,33.7,,30.4,87.7,0.0,N@1.2,99999.0,,40.7,0.0,0,"Sunnyside, Yakima County",310136,Sunnyside,2017-12-06 00:59:55.061588
1996-12-11,04:30,33.7,,30.5,87.9,0.0,N@1.6,99999.0,,40.6,0.0,0,"Sunnyside, Yakima County",310136,Sunnyside,2017-12-06 00:59:55.061588
1996-12-11,04:45,33.9,,30.6,87.7,0.0,N@3.4,99999.0,,40.6,0.0,0,"Sunnyside, Yakima County",310136,Sunnyside,2017-12-06 00:59:55.061588
1996-12-11,05:00,34.4,,30.7,86.2,0.0,N@3.1,99999.0,,40.5,0.0,0,"Sunnyside, Yakima County",310136,Sunnyside,2017-12-06 00:59:55.061588
1996-12-11,05:15,34.1,,30.6,86.7,0.0,N@1.9,99999.0,,40.5,0.0,0,"Sunnyside, Yakima County",310136,Sunnyside,2017-12-06 00:59:55.061588
1996-12-11,05:30,34.6,,30.7,85.5,0.0,N@2.1,99999.0,,40.5,0.0,0,"Sunnyside, Yakima County",310136,Sunnyside,2017-12-06 00:59:55.061588
1996-12-11,05:45,34.5,,30.3,84.7,0.0,N@3.1,99999.0,,40.5,0.0,0,"Sunnyside, Yakima County",310136,Sunnyside,2017-12-06 00:59:55.061588
1996-12-11,06:00,33.8,,30.1,86.1,0.0,N@1.6,99999.0,,40.5,0.0,0,"Sunnyside, Yakima County",310136,Sunnyside,2017-12-06 00:59:55.061588
1996-12-11,06:15,33.8,,30.2,86.7,0.0,N@1.8,99999.0,,40.5,0.0,0,"Sunnyside, Yakima County",310136,Sunnyside,2017-12-06 00:59:55.061588
1996-12-11,06:30,34.3,,30.6,86.2,0.0,N@2.5,99999.0,,40.5,0.0,0,"Sunnyside, Yakima County",310136,Sunnyside,2017-12-06 00:59:55.061588
1996-12-11,06:45,34.6,,30.6,85.4,0.0,N@2.1,99999.0,,40.5,0.0,0,"Sunnyside, Yakima County",310136,Sunnyside,2017-12-06 00:59:55.061588
1996-12-11,07:00,34.3,,30.4,85.6,0.0,N@2.0,99999.0,,40.4,0.0,0,"Sunnyside, Yakima County",310136,Sunnyside,2017-12-06 00:59:55.061588
1996-12-11,07:15,34.2,,30.3,85.4,0.0,N@3.2,99999.0,,40.4,0.0,0,"Sunnyside, Yakima County",310136,Sunnyside,2017-12-06 00:59:55.061588
1996-12-11,07:30,33.8,,29.7,84.7,0.0,N@3.3,99999.0,,40.4,0.0,1,"Sunnyside, Yakima County",310136,Sunnyside,2017-12-06 00:59:55.061588
1996-12-11,07:45,32.6,,28.9,86.3,0.0,N@4.8,99999.0,,40.4,0.0,6,"Sunnyside, Yakima County",310136,Sunnyside,2017-12-06 00:59:55.061588
1996-12-11,08:00,32.8,,29.0,86.0,0.0,N@4.3,99999.0,,40.4,0.0,19,"Sunnyside, Yakima County",310136,Sunnyside,2017-12-06 00:59:55.061588
1996-12-11,08:15,33.2,,29.2,85.1,0.0,N@4.1,99999.0,,40.4,0.0,42,"Sunnyside, Yakima County",310136,Sunnyside,2017-12-06 00:59:55.061588
1996-12-11,08:30,33.9,,29.6,84.0,0.0,N@4.6,99999.0,,40.3,0.0,77,"Sunnyside, Yakima County",310136,Sunnyside,2017-12-06 00:59:55.061588
1996-12-11,08:45,34.6,,29.9,82.8,0.0,N@6.4,99999.0,,40.3,0.0,104,"Sunnyside, Yakima County",310136,Sunnyside,2017-12-06 00:59:55.061588
1996-12-11,09:00,35.7,,30.9,82.3,0.0,N@3.9,99999.0,,40.3,0.0,123,"Sunnyside, Yakima County",310136,Sunnyside,2017-12-06 00:59:55.061588
1996-12-11,09:15,37.2,,31.8,80.8,0.0,N@1.8,99999.0,,40.3,0.0,132,"Sunnyside, Yakima County",310136,Sunnyside,2017-12-06 00:59:55.061588
1996-12-11,09:30,38.7,,33.0,79.7,0.0,N@1.5,99999.0,,40.3,0.0,130,"Sunnyside, Yakima County",310136,Sunnyside,2017-12-06 00:59:55.061588
1996-12-11,09:45,39.7,,33.8,79.3,0.0,NE@1.4,99999.0,,40.3,0.0,181,"Sunnyside, Yakima County",310136,Sunnyside,2017-12-06 00:59:55.061588
1996-12-11,10:00,41.3,,34.6,76.9,0.0,E@1.3,99999.0,,40.2,0.0,189,"Sunnyside, Yakima County",310136,Sunnyside,2017-12-06 00:59:55.061588
1996-12-11,10:15,42.0,,35.0,76.2,0.0,E@1.6,99999.0,,40.3,0.0,219,"Sunnyside, Yakima County",310136,Sunnyside,2017-12-06 00:59:55.061588
1996-12-11,10:30,42.8,,35.0,73.8,0.0,E@1.7,99999.0,,40.3,0.0,241,"Sunnyside, Yakima County",310136,Sunnyside,2017-12-06 00:59:55.061588
1996-12-11,10:45,43.2,,35.8,74.8,0.0,E@1.8,99999.0,,40.3,0.0,246,"Sunnyside, Yakima County",310136,Sunnyside,2017-12-06 00:59:55.061588
1996-12-11,11:00,43.2,,35.8,74.9,0.0,E@1.7,99999.0,,40.3,0.0,195,"Sunnyside, Yakima County",310136,Sunnyside,2017-12-06 00:59:55.061588
1996-12-11,11:15,43.6,,36.1,74.7,0.0,E@1.7,99999.0,,40.4,0.0,196,"Sunnyside, Yakima County",310136,Sunnyside,2017-12-06 00:59:55.061588
1996-12-11,11:30,44.5,,35.7,71.2,0.0,E@1.8,99999.0,,40.4,0.0,351,"Sunnyside, Yakima County",310136,Sunnyside,2017-12-06 00:59:55.061588
1996-12-11,11:45,45.8,,36.0,68.3,0.0,SE@2.4,99999.0,,40.5,0.0,362,"Sunnyside, Yakima County",310136,Sunnyside,2017-12-06 00:59:55.061588
1996-12-11,12:00,46.3,,36.7,69.1,0.0,SE@2.4,99999.0,,40.5,0.0,355,"Sunnyside, Yakima County",310136,Sunnyside,2017-12-06 00:59:55.061588
1996-12-11,12:15,46.0,,36.3,68.7,0.0,SE@2.8,99999.0,,40.5,0.0,294,"Sunnyside, Yakima County",310136,Sunnyside,2017-12-06 00:59:55.061588
1996-12-11,12:30,45.8,,35.9,68.2,0.0,SE@3.1,99999.0,,40.6,0.0,267,"Sunnyside, Yakima County",310136,Sunnyside,2017-12-06 00:59:55.061588
1996-12-11,12:45,45.2,,36.1,70.2,0.0,SE@2.8,99999.0,,40.6,0.0,213,"Sunnyside, Yakima County",310136,Sunnyside,2017-12-06 00:59:55.061588
1996-12-11,13:00,45.0,,36.5,71.9,0.0,SE@2.8,99999.0,,40.6,0.0,186,"Sunnyside, Yakima County",310136,Sunnyside,2017-12-06 00:59:55.061588
1996-12-11,13:15,44.3,,36.8,74.7,0.0,SE@2.5,99999.0,,40.6,0.0,136,"Sunnyside, Yakima County",310136,Sunnyside,2017-12-06 00:59:55.061588
1996-12-11,13:30,44.2,,37.2,76.1,0.0,E@1.5,99999.0,,40.6,0.0,143,"Sunnyside, Yakima County",310136,Sunnyside,2017-12-06 00:59:55.061588
1996-12-11,13:45,44.4,,36.9,74.5,0.0,E@1.3,99999.0,,40.6,0.0,140,"Sunnyside, Yakima County",310136,Sunnyside,2017-12-06 00:59:55.061588
1996-12-11,14:00,45.0,,36.5,72.1,0.0,NE@1.8,99999.0,,40.6,0.0,121,"Sunnyside, Yakima County",310136,Sunnyside,2017-12-06 00:59:55.061588
1996-12-11,14:15,44.5,,35.7,71.0,0.0,NE@2.2,99999.0,,40.6,0.0,93,"Sunnyside, Yakima County",310136,Sunnyside,2017-12-06 00:59:55.061588
1996-12-11,14:30,43.8,,35.4,72.2,0.0,NE@2.1,99999.0,,40.6,0.0,69,"Sunnyside, Yakima County",310136,Sunnyside,2017-12-06 00:59:55.061588
1996-12-11,14:45,43.2,,34.7,71.5,0.0,N@2.6,99999.0,,40.7,0.0,61,"Sunnyside, Yakima County",310136,Sunnyside,2017-12-06 00:59:55.061588
1996-12-11,15:00,42.9,,34.8,72.8,0.0,N@3.0,99999.0,,40.7,0.0,50,"Sunnyside, Yakima County",310136,Sunnyside,2017-12-06 00:59:55.061588
1996-12-11,15:15,42.3,,34.5,73.5,0.0,N@3.9,99999.0,,40.7,0.0,39,"Sunnyside, Yakima County",310136,Sunnyside,2017-12-06 00:59:55.061588
1996-12-11,15:30,41.9,,34.5,74.8,0.0,N@4.8,99999.0,,40.7,0.0,44,"Sunnyside, Yakima County",310136,Sunnyside,2017-12-06 00:59:55.061588
1996-12-11,15:45,41.4,,34.6,76.8,0.0,N@5.3,99999.0,,40.7,0.0,13,"Sunnyside, Yakima County",310136,Sunnyside,2017-12-06 00:59:55.061588
1996-12-11,16:00,40.8,,34.7,78.4,0.0,N@4.1,99999.0,,40.7,0.0,9,"Sunnyside, Yakima County",310136,Sunnyside,2017-12-06 00:59:55.061588
1996-12-11,16:15,40.1,,34.7,80.8,0.0,SW@2.8,99999.0,,40.6,0.0,2,"Sunnyside, Yakima County",310136,Sunnyside,2017-12-06 00:59:55.061588
1996-12-11,16:30,38.5,,34.4,84.9,0.0,W@2.1,99999.0,,40.6,0.0,1,"Sunnyside, Yakima County",310136,Sunnyside,2017-12-06 00:59:55.061588
1996-12-11,16:45,38.6,,34.5,85.1,0.0,W@1.9,99999.0,,40.6,0.0,0,"Sunnyside, Yakima County",310136,Sunnyside,2017-12-06 00:59:55.061588
1996-12-11,17:00,38.5,,34.0,83.7,0.0,W@3.5,99999.0,,40.6,0.0,0,"Sunnyside, Yakima County",310136,Sunnyside,2017-12-06 00:59:55.061588
1996-12-11,17:15,39.8,,33.8,79.1,0.0,SW@4.1,99999.0,,40.6,0.0,0,"Sunnyside, Yakima County",310136,Sunnyside,2017-12-06 00:59:55.061588
1996-12-11,17:30,35.4,,32.8,90.1,0.0,W@4.7,99999.0,,40.6,0.0,0,"Sunnyside, Yakima County",310136,Sunnyside,2017-12-06 00:59:55.061588
1996-12-11,17:45,35.7,,32.7,88.6,,W@5.2,99999.0,,40.7,0.0,0,"Sunnyside, Yakima County",310136,Sunnyside,2017-12-06 00:59:55.061588
1996-12-11,18:00,36.0,,33.3,89.8,,NW@1.5,99999.0,,40.7,0.01,0,"Sunnyside, Yakima County",310136,Sunnyside,2017-12-06 00:59:55.061588
1996-12-11,18:15,36.5,,34.6,92.8,,NE@1.6,99999.0,,40.7,0.0,0,"Sunnyside, Yakima County",310136,Sunnyside,2017-12-06 00:59:55.061588
1996-12-11,18:30,37.0,,35.5,94.0,,N@1.9,99999.0,,40.7,0.0,0,"Sunnyside, Yakima County",310136,Sunnyside,2017-12-06 00:59:55.061588
1996-12-11,18:45,37.8,,35.7,91.8,,N@4.8,99999.0,,40.7,0.0,0,"Sunnyside, Yakima County",310136,Sunnyside,2017-12-06 00:59:55.061588
1996-12-11,19:00,39.0,,35.2,86.1,,N@5.4,99999.0,,40.6,0.0,0,"Sunnyside, Yakima County",310136,Sunnyside,2017-12-06 00:59:55.061588
1996-12-11,19:15,38.6,,35.0,86.7,0.0,NE@2.8,99999.0,,40.7,0.0,0,"Sunnyside, Yakima County",310136,Sunnyside,2017-12-06 00:59:55.061588
1996-12-11,19:30,37.8,,34.6,88.4,,N@3.9,99999.0,,40.7,0.0,0,"Sunnyside, Yakima County",310136,Sunnyside,2017-12-06 00:59:55.061588
1996-12-11,19:45,38.5,,34.8,86.3,,N@6.6,99999.0,,40.7,0.0,0,"Sunnyside, Yakima County",310136,Sunnyside,2017-12-06 00:59:55.061588
1996-12-11,20:00,35.5,,33.9,93.8,,SW@3.2,99999.0,,40.7,0.01,0,"Sunnyside, Yakima County",310136,Sunnyside,2017-12-06 00:59:55.061588
1996-12-11,20:15,34.6,,34.1,98.0,,SW@3.1,99999.0,,40.8,0.01,0,"Sunnyside, Yakima County",310136,Sunnyside,2017-12-06 00:59:55.061588
1996-12-11,20:30,34.5,,34.2,98.8,,SW@2.4,99999.0,,40.7,0.01,0,"Sunnyside, Yakima County",310136,Sunnyside,2017-12-06 00:59:55.061588
1996-12-11,20:45,35.2,,34.7,97.9,,SW@3.1,99999.0,,40.7,0.01,0,"Sunnyside, Yakima County",310136,Sunnyside,2017-12-06 00:59:55.061588
1996-12-11,21:00,34.1,,33.9,99.4,,W@5.4,99999.0,,40.7,0.0,0,"Sunnyside, Yakima County",310136,Sunnyside,2017-12-06 00:59:55.061588
1996-12-11,21:15,33.6,,33.6,100.0,,W@6.6,99999.0,,40.7,0.01,0,"Sunnyside, Yakima County",310136,Sunnyside,2017-12-06 00:59:55.061588
1996-12-11,21:30,33.1,,33.1,100.0,,W@6.8,99999.0,,40.7,0.01,0,"Sunnyside, Yakima County",310136,Sunnyside,2017-12-06 00:59:55.061588
1996-12-11,21:45,32.9,,32.9,100.0,,W@6.1,99999.0,,40.7,0.01,0,"Sunnyside, Yakima County",310136,Sunnyside,2017-12-06 00:59:55.061588
1996-12-11,22:00,32.8,,32.8,100.0,,W@6.3,99999.0,,40.7,0.01,0,"Sunnyside, Yakima County",310136,Sunnyside,2017-12-06 00:59:55.061588
1996-12-11,22:15,32.8,,32.8,100.0,,W@5.7,99999.0,,40.7,0.0,0,"Sunnyside, Yakima County",310136,Sunnyside,2017-12-06 00:59:55.061588
1996-12-11,22:30,32.8,,32.8,100.0,,W@5.2,99999.0,,40.7,0.0,0,"Sunnyside, Yakima County",310136,Sunnyside,2017-12-06 00:59:55.061588
1996-12-11,22:45,32.8,,32.8,100.0,,W@5.4,99999.0,,40.6,0.0,0,"Sunnyside, Yakima County",310136,Sunnyside,2017-12-06 00:59:55.061588
1996-12-11,23:00,32.8,,32.8,100.0,,W@4.6,99999.0,,40.6,0.0,0,"Sunnyside, Yakima County",310136,Sunnyside,2017-12-06 00:59:55.061588
1996-12-11,23:15,33.0,,33.0,100.0,,W@3.7,99999.0,,40.7,0.01,0,"Sunnyside, Yakima County",310136,Sunnyside,2017-12-06 00:59:55.061588
1996-12-11,23:30,33.1,,33.1,100.0,,W@2.0,99999.0,,40.7,0.0,0,"Sunnyside, Yakima County",310136,Sunnyside,2017-12-06 00:59:55.061588
1996-12-11,23:45,33.1,,33.1,100.0,,NW@0.9,99999.0,,40.6,0.0,0,"Sunnyside, Yakima County",310136,Sunnyside,2017-12-06 00:59:55.061588
1996-12-11,24:00,30.5,,30.5,100.0,,NW@1.7,99999.0,,40.5,0.0,0,"Sunnyside, Yakima County",310136,Sunnyside,2017-12-06 00:59:55.061588
1996-12-12,00:15,32.6,,32.6,100.0,,E@1.0,99999.0,,40.7,0.0,0,"Sunnyside, Yakima County",310136,Sunnyside,2017-12-06 00:59:55.061588
1996-12-12,00:30,32.5,,32.5,100.0,,E@0.8,99999.0,,40.6,0.0,0,"Sunnyside, Yakima County",310136,Sunnyside,2017-12-06 00:59:55.061588
1996-12-12,00:45,32.4,,32.4,100.0,,E@0.6,99999.0,,40.6,0.0,0,"Sunnyside, Yakima County",310136,Sunnyside,2017-12-06 00:59:55.061588
1996-12-12,01:00,32.3,,32.3,100.0,,E@0.5,99999.0,,40.6,0.0,0,"Sunnyside, Yakima County",310136,Sunnyside,2017-12-06 00:59:55.061588
1996-12-12,01:15,32.0,,32.0,100.0,,E@0.4,99999.0,,40.6,0.0,0,"Sunnyside, Yakima County",310136,Sunnyside,2017-12-06 00:59:55.061588
1996-12-12,01:30,31.9,,31.9,100.0,,N@0.6,99999.0,,40.6,0.0,0,"Sunnyside, Yakima County",310136,Sunnyside,2017-12-06 00:59:55.061588
1996-12-12,01:45,31.7,,31.7,100.0,,N@0.4,99999.0,,40.6,0.0,0,"Sunnyside, Yakima County",310136,Sunnyside,2017-12-06 00:59:55.061588
1996-12-12,02:00,31.3,,31.3,100.0,,E@0.6,99999.0,,40.6,0.0,0,"Sunnyside, Yakima County",310136,Sunnyside,2017-12-06 00:59:55.061588
1996-12-12,02:15,31.2,,31.2,100.0,,NE@0.6,99999.0,,40.6,0.0,0,"Sunnyside, Yakima County",310136,Sunnyside,2017-12-06 00:59:55.061588
1996-12-12,02:30,31.3,,31.3,100.0,0.0,N@1.2,99999.0,,40.6,0.0,0,"Sunnyside, Yakima County",310136,Sunnyside,2017-12-06 00:59:55.061588
1996-12-12,02:45,31.6,,31.6,100.0,0.0,N@1.0,99999.0,,40.6,0.0,0,"Sunnyside, Yakima County",310136,Sunnyside,2017-12-06 00:59:55.061588
1996-12-12,03:00,31.6,,31.6,100.0,0.0,N@0.5,99999.0,,40.5,0.0,0,"Sunnyside, Yakima County",310136,Sunnyside,2017-12-06 00:59:55.061588
1996-12-12,03:15,31.4,,31.4,100.0,0.0,N@1.2,99999.0,,40.5,0.0,0,"Sunnyside, Yakima County",310136,Sunnyside,2017-12-06 00:59:55.061588
1996-12-12,03:30,31.4,,31.4,100.0,0.0,N@2.3,99999.0,,40.5,0.0,0,"Sunnyside, Yakima County",310136,Sunnyside,2017-12-06 00:59:55.061588
1996-12-12,03:45,31.3,,31.3,100.0,0.0,N@3.0,99999.0,,40.5,0.0,0,"Sunnyside, Yakima County",310136,Sunnyside,2017-12-06 00:59:55.061588
1996-12-12,04:00,31.2,,31.2,100.0,0.0,N@3.5,99999.0,,40.5,0.0,0,"Sunnyside, Yakima County",310136,Sunnyside,2017-12-06 00:59:55.061588
1996-12-12,04:15,31.4,,31.4,100.0,0.0,N@4.5,99999.0,,40.5,0.0,0,"Sunnyside, Yakima County",310136,Sunnyside,2017-12-06 00:59:55.061588
1996-12-12,04:30,31.4,,31.4,100.0,0.0,N@4.5,99999.0,,40.5,0.0,0,"Sunnyside, Yakima County",310136,Sunnyside,2017-12-06 00:59:55.061588
1996-12-12,04:45,31.5,,31.3,99.1,0.0,N@5.0,99999.0,,40.5,0.0,0,"Sunnyside, Yakima County",310136,Sunnyside,2017-12-06 00:59:55.061588
1996-12-12,05:00,31.8,,31.4,98.3,0.0,N@3.7,99999.0,,40.4,0.0,0,"Sunnyside, Yakima County",310136,Sunnyside,2017-12-06 00:59:55.061588
1996-12-12,05:15,31.9,,31.4,98.0,0.0,N@4.6,99999.0,,40.4,0.0,0,"Sunnyside, Yakima County",310136,Sunnyside,2017-12-06 00:59:55.061588
1996-12-12,05:30,32.5,,31.8,97.5,0.0,N@2.7,99999.0,,40.4,0.0,0,"Sunnyside, Yakima County",310136,Sunnyside,2017-12-06 00:59:55.061588
1996-12-12,05:45,32.0,,31.4,97.7,0.0,N@2.0,99999.0,,40.4,0.0,0,"Sunnyside, Yakima County",310136,Sunnyside,2017-12-06 00:59:55.061588
1996-12-12,06:00,31.5,,31.0,98.4,0.0,N@2.4,99999.0,,40.5,0.0,0,"Sunnyside, Yakima County",310136,Sunnyside,2017-12-06 00:59:55.061588
1996-12-12,06:15,31.6,,31.0,98.0,0.0,N@3.6,99999.0,,40.4,0.0,0,"Sunnyside, Yakima County",310136,Sunnyside,2017-12-06 00:59:55.061588
1996-12-12,06:30,31.9,,31.1,96.6,0.0,N@3.9,99999.0,,40.4,0.0,0,"Sunnyside, Yakima County",310136,Sunnyside,2017-12-06 00:59:55.061588
1996-12-12,06:45,31.4,,30.3,95.9,0.0,N@3.6,99999.0,,40.4,0.0,0,"Sunnyside, Yakima County",310136,Sunnyside,2017-12-06 00:59:55.061588
1996-12-12,07:00,31.1,,30.0,96.3,0.0,N@3.7,99999.0,,40.4,0.0,0,"Sunnyside, Yakima County",310136,Sunnyside,2017-12-06 00:59:55.061588
1996-12-12,07:15,31.5,,30.2,95.1,0.0,N@2.3,99999.0,,40.4,0.0,0,"Sunnyside, Yakima County",310136,Sunnyside,2017-12-06 00:59:55.061588
1996-12-12,07:30,29.6,,28.8,97.9,0.0,N@3.0,99999.0,,40.4,0.0,1,"Sunnyside, Yakima County",310136,Sunnyside,2017-12-06 00:59:55.061588
1996-12-12,07:45,28.7,,28.7,100.0,0.0,N@1.6,99999.0,,40.4,0.0,5,"Sunnyside, Yakima County",310136,Sunnyside,2017-12-06 00:59:55.061588
1996-12-12,08:00,29.0,,29.0,100.0,0.0,N@2.1,99999.0,,40.4,0.0,24,"Sunnyside, Yakima County",310136,Sunnyside,2017-12-06 00:59:55.061588
1996-12-12,08:15,30.3,,30.3,100.0,0.0,N@3.2,99999.0,,40.4,0.0,33,"Sunnyside, Yakima County",310136,Sunnyside,2017-12-06 00:59:55.061588
1996-12-12,08:30,31.0,,30.7,99.0,0.0,N@1.0,99999.0,,40.3,0.0,96,"Sunnyside, Yakima County",310136,Sunnyside,2017-12-06 00:59:55.061588
1996-12-12,08:45,30.3,,29.9,99.6,0.0,N@1.5,99999.0,,40.4,0.0,130,"Sunnyside, Yakima County",310136,Sunnyside,2017-12-06 00:59:55.061588
1996-12-12,09:00,29.4,,28.8,98.7,0.0,S@0.6,99999.0,,40.4,0.0,79,"Sunnyside, Yakima County",310136,Sunnyside,2017-12-06 00:59:55.061588
1996-12-12,09:15,29.2,,29.2,100.0,,N@1.9,99999.0,,40.4,0.0,161,"Sunnyside, Yakima County",310136,Sunnyside,2017-12-06 00:59:55.061588
1996-12-12,09:30,32.6,,32.6,100.0,,NW@1.0,99999.0,,40.3,0.0,223,"Sunnyside, Yakima County",310136,Sunnyside,2017-12-06 00:59:55.061588
1996-12-12,09:45,32.0,,31.5,98.0,,SW@2.8,99999.0,,40.2,0.0,161,"Sunnyside, Yakima County",310136,Sunnyside,2017-12-06 00:59:55.061588
1996-12-12,10:00,30.6,,30.6,100.0,,NW@2.3,99999.0,,40.3,0.0,124,"Sunnyside, Yakima County",310136,Sunnyside,2017-12-06 00:59:55.061588
1996-12-12,10:15,33.8,,33.8,100.0,,NE@0.6,99999.0,,40.3,0.0,262,"Sunnyside, Yakima County",310136,Sunnyside,2017-12-06 00:59:55.061588
1996-12-12,10:30,37.9,,37.2,97.2,,S@1.5,99999.0,,40.2,0.0,204,"Sunnyside, Yakima County",310136,Sunnyside,2017-12-06 00:59:55.061588
1996-12-12,10:45,31.9,,30.9,96.0,,SW@1.8,99999.0,,40.3,0.0,177,"Sunnyside, Yakima County",310136,Sunnyside,2017-12-06 00:59:55.061588
1996-12-12,11:00,31.1,,30.9,99.4,,SW@1.1,99999.0,,40.3,0.0,181,"Sunnyside, Yakima County",310136,Sunnyside,2017-12-06 00:59:55.061588
1996-12-12,11:15,32.1,,32.1,100.0,,N@1.3,99999.0,,40.4,0.0,250,"Sunnyside, Yakima County",310136,Sunnyside,2017-12-06 00:59:55.061588
1996-12-12,11:30,35.7,,35.7,100.0,,SE@0.7,99999.0,,40.3,0.0,340,"Sunnyside, Yakima County",310136,Sunnyside,2017-12-06 00:59:55.061588
1996-12-12,11:45,36.4,,35.6,96.8,,S@1.8,99999.0,,40.2,0.0,289,"Sunnyside, Yakima County",310136,Sunnyside,2017-12-06 00:59:55.061588
1996-12-12,12:00,34.2,,33.8,98.4,,SW@1.9,99999.0,,40.3,0.0,139,"Sunnyside, Yakima County",310136,Sunnyside,2017-12-06 00:59:55.061588
1996-12-12,12:15,32.3,,32.1,99.4,,SW@0.7,99999.0,,40.4,0.0,161,"Sunnyside, Yakima County",310136,Sunnyside,2017-12-06 00:59:55.061588
1996-12-12,12:30,32.8,,32.8,100.0,,SE@0.7,99999.0,,40.4,0.0,141,"Sunnyside, Yakima County",310136,Sunnyside,2017-12-06 00:59:55.061588
1996-12-12,12:45,32.9,,32.9,100.0,,S@2.4,99999.0,,40.4,0.0,206,"Sunnyside, Yakima County",310136,Sunnyside,2017-12-06 00:59:55.061588
1996-12-12,13:00,32.0,,32.0,100.0,0.0,SW@1.8,99999.0,,40.4,0.0,197,"Sunnyside, Yakima County",310136,Sunnyside,2017-12-06 00:59:55.061588
1996-12-12,13:15,32.3,,32.3,100.0,0.0,NW@1.6,99999.0,,40.4,0.0,166,"Sunnyside, Yakima County",310136,Sunnyside,2017-12-06 00:59:55.061588
1996-12-12,13:30,34.6,,34.6,100.0,0.0,N@2.1,99999.0,,40.4,0.0,246,"Sunnyside, Yakima County",310136,Sunnyside,2017-12-06 00:59:55.061588
1996-12-12,13:45,37.5,,37.5,100.0,0.0,S@2.1,99999.0,,40.3,0.0,233,"Sunnyside, Yakima County",310136,Sunnyside,2017-12-06 00:59:55.061588
1996-12-12,14:00,34.0,,33.8,98.9,0.0,SW@3.3,99999.0,,40.3,0.0,88,"Sunnyside, Yakima County",310136,Sunnyside,2017-12-06 00:59:55.061588
1996-12-12,14:15,32.1,,32.1,100.0,0.5,SW@0.9,99999.0,,40.4,0.0,53,"Sunnyside, Yakima County",310136,Sunnyside,2017-12-06 00:59:55.061588
1996-12-12,14:30,32.0,,32.0,100.0,,NW@1.3,99999.0,,40.4,0.0,42,"Sunnyside, Yakima County",310136,Sunnyside,2017-12-06 00:59:55.061588
1996-12-12,14:45,32.4,,32.4,100.0,,NW@1.1,99999.0,,40.4,0.0,72,"Sunnyside, Yakima County",310136,Sunnyside,2017-12-06 00:59:55.061588
1996-12-12,15:00,33.1,,33.1,100.0,,E@0.7,99999.0,,40.4,0.0,52,"Sunnyside, Yakima County",310136,Sunnyside,2017-12-06 00:59:55.061588
1996-12-12,15:15,32.7,,32.7,100.0,,SW@1.7,99999.0,,40.4,0.0,24,"Sunnyside, Yakima County",310136,Sunnyside,2017-12-06 00:59:55.061588
1996-12-12,15:30,32.2,,32.2,100.0,,SW@1.6,99999.0,,40.4,0.0,17,"Sunnyside, Yakima County",310136,Sunnyside,2017-12-06 00:59:55.061588
1996-12-12,15:45,32.0,,32.0,100.0,,W@1.1,99999.0,,40.4,0.0,8,"Sunnyside, Yakima County",310136,Sunnyside,2017-12-06 00:59:55.061588
1996-12-12,16:00,32.1,,32.1,100.0,,S@0.6,99999.0,,40.4,0.0,4,"Sunnyside, Yakima County",310136,Sunnyside,2017-12-06 00:59:55.061588
1996-12-12,16:15,32.0,,32.0,100.0,,E@0.6,99999.0,,40.4,0.0,2,"Sunnyside, Yakima County",310136,Sunnyside,2017-12-06 00:59:55.061588
1996-12-12,16:30,31.9,,31.9,100.0,,NE@1.0,99999.0,,40.4,0.0,0,"Sunnyside, Yakima County",310136,Sunnyside,2017-12-06 00:59:55.061588
1996-12-12,16:45,32.0,,32.0,100.0,,NW@1.6,99999.0,,40.4,0.0,0,"Sunnyside, Yakima County",310136,Sunnyside,2017-12-06 00:59:55.061588
1996-12-12,17:00,31.9,,31.9,100.0,,SW@3.1,99999.0,,40.4,0.0,0,"Sunnyside, Yakima County",310136,Sunnyside,2017-12-06 00:59:55.061588
1996-12-12,17:15,31.5,,31.5,100.0,,S@1.9,99999.0,,40.5,0.0,0,"Sunnyside, Yakima County",310136,Sunnyside,2017-12-06 00:59:55.061588
1996-12-12,17:30,31.4,,31.4,100.0,,S@1.4,99999.0,,40.5,0.0,0,"Sunnyside, Yakima County",310136,Sunnyside,2017-12-06 00:59:55.061588
1996-12-12,17:45,31.2,,31.2,100.0,,SW@1.1,99999.0,,40.5,0.0,0,"Sunnyside, Yakima County",310136,Sunnyside,2017-12-06 00:59:55.061588
1996-12-12,18:00,31.1,,31.1,100.0,,NW@0.9,99999.0,,40.5,0.0,0,"Sunnyside, Yakima County",310136,Sunnyside,2017-12-06 00:59:55.061588
1996-12-12,18:15,31.1,,31.1,100.0,,W@0.8,99999.0,,40.5,0.0,0,"Sunnyside, Yakima County",310136,Sunnyside,2017-12-06 00:59:55.061588
1996-12-12,18:30,31.0,,31.0,100.0,,NW@1.6,99999.0,,40.5,0.0,0,"Sunnyside, Yakima County",310136,Sunnyside,2017-12-06 00:59:55.061588
1996-12-12,18:45,31.0,,31.0,100.0,,NW@0.7,99999.0,,40.5,0.0,0,"Sunnyside, Yakima County",310136,Sunnyside,2017-12-06 00:59:55.061588
1996-12-12,19:00,31.0,,31.0,100.0,,NW@0.9,99999.0,,40.5,0.0,0,"Sunnyside, Yakima County",310136,Sunnyside,2017-12-06 00:59:55.061588
1996-12-12,19:15,30.9,,30.9,100.0,,NW@1.3,99999.0,,40.5,0.0,0,"Sunnyside, Yakima County",310136,Sunnyside,2017-12-06 00:59:55.061588
1996-12-12,19:30,31.0,,31.0,100.0,,NW@1.6,99999.0,,40.5,0.0,0,"Sunnyside, Yakima County",310136,Sunnyside,2017-12-06 00:59:55.061588
1996-12-12,19:45,30.9,,30.9,100.0,,NW@0.5,99999.0,,40.5,0.0,0,"Sunnyside, Yakima County",310136,Sunnyside,2017-12-06 00:59:55.061588
1996-12-12,20:00,30.7,,30.7,100.0,,NW@0.5,99999.0,,40.6,0.0,0,"Sunnyside, Yakima County",310136,Sunnyside,2017-12-06 00:59:55.061588
1996-12-12,20:15,30.7,,30.7,100.0,,NW@0.9,99999.0,,40.5,0.0,0,"Sunnyside, Yakima County",310136,Sunnyside,2017-12-06 00:59:55.061588
1996-12-12,20:30,30.6,,30.6,100.0,,NW@0.7,99999.0,,40.5,0.0,0,"Sunnyside, Yakima County",310136,Sunnyside,2017-12-06 00:59:55.061588
1996-12-12,20:45,30.3,,30.3,100.0,,NW@0.5,99999.0,,40.5,0.0,0,"Sunnyside, Yakima County",310136,Sunnyside,2017-12-06 00:59:55.061588
1996-12-12,21:00,30.4,,30.4,100.0,,NW@0.6,99999.0,,40.5,0.0,0,"Sunnyside, Yakima County",310136,Sunnyside,2017-12-06 00:59:55.061588
1996-12-12,21:15,30.7,,30.7,100.0,,NW@1.7,99999.0,,40.5,0.0,0,"Sunnyside, Yakima County",310136,Sunnyside,2017-12-06 00:59:55.061588
1996-12-12,21:30,30.5,,30.5,100.0,,NW@2.2,99999.0,,40.5,0.0,0,"Sunnyside, Yakima County",310136,Sunnyside,2017-12-06 00:59:55.061588
1996-12-12,21:45,30.4,,30.4,100.0,,NW@1.9,99999.0,,40.5,0.0,0,"Sunnyside, Yakima County",310136,Sunnyside,2017-12-06 00:59:55.061588
1996-12-12,22:00,30.5,,30.5,100.0,,NW@1.7,99999.0,,40.5,0.0,0,"Sunnyside, Yakima County",310136,Sunnyside,2017-12-06 00:59:55.061588
1996-12-12,22:15,30.7,,30.7,100.0,,NW@1.5,99999.0,,40.5,0.0,0,"Sunnyside, Yakima County",310136,Sunnyside,2017-12-06 00:59:55.061588
1996-12-12,22:30,30.8,,30.8,100.0,,NW@1.0,99999.0,,40.5,0.0,0,"Sunnyside, Yakima County",310136,Sunnyside,2017-12-06 00:59:55.061588
1996-12-12,22:45,30.8,,30.8,100.0,,NW@3.6,99999.0,,40.5,0.0,0,"Sunnyside, Yakima County",310136,Sunnyside,2017-12-06 00:59:55.061588
1996-12-12,23:00,30.8,,30.8,100.0,,NW@2.6,99999.0,,40.5,0.0,0,"Sunnyside, Yakima County",310136,Sunnyside,2017-12-06 00:59:55.061588
1996-12-12,23:15,30.8,,30.8,100.0,,NW@2.1,99999.0,,40.5,0.0,0,"Sunnyside, Yakima County",310136,Sunnyside,2017-12-06 00:59:55.061588
1996-12-12,23:30,30.8,,30.8,100.0,,NW@4.1,99999.0,,40.5,0.0,0,"Sunnyside, Yakima County",310136,Sunnyside,2017-12-06 00:59:55.061588
1996-12-12,23:45,30.6,,30.6,100.0,,NW@3.6,99999.0,,40.5,0.0,0,"Sunnyside, Yakima County",310136,Sunnyside,2017-12-06 00:59:55.061588
1996-12-12,24:00,31.2,,26.4,82.2,0.0,N@6.1,99999.0,,40.7,0.0,0,"Sunnyside, Yakima County",310136,Sunnyside,2017-12-06 00:59:55.061588
