Date,Time PST,Air Temp °F, 2<sup>nd</sup> Air Temp °F, Dew Point °F, Rel Hum %, Leaf Wet u., Wind Dir @ Speed mph, Wind Gust mph, 2 in. Soil Tmp °F, 8 in. Soil Tmp °F, Tot Prec in, Solar Rad W/m²,Location,Station ID,Station Name,Download Timestamp
2017-06-30,00:15,65.6,65.7,46.1,49.2,0.0,N@3.8,5.3,80.5,80.4,0.0,0,"Sunnyside, Yakima County",310136,Sunnyside,2017-12-06 04:08:33.042992
2017-06-30,00:30,65.1,65.2,46.2,50.2,0.0,N@3.7,5.3,80.2,80.2,0.0,0,"Sunnyside, Yakima County",310136,Sunnyside,2017-12-06 04:08:33.042992
2017-06-30,00:45,65.3,65.4,46.1,49.7,0.0,N@3.6,5.7,79.8,80.1,0.0,0,"Sunnyside, Yakima County",310136,Sunnyside,2017-12-06 04:08:33.042992
2017-06-30,01:00,64.6,64.7,46.0,50.8,0.0,N@3.3,4.9,79.5,80.0,0.0,0,"Sunnyside, Yakima County",310136,Sunnyside,2017-12-06 04:08:33.042992
2017-06-30,01:15,63.6,63.7,46.1,52.8,0.0,N@3.4,4.9,79.2,79.9,0.0,0,"Sunnyside, Yakima County",310136,Sunnyside,2017-12-06 04:08:33.042992
2017-06-30,01:30,63.3,63.4,45.8,52.9,0.0,N@3.6,5.3,78.9,79.7,0.0,0,"Sunnyside, Yakima County",310136,Sunnyside,2017-12-06 04:08:33.042992
2017-06-30,01:45,62.9,63.0,45.9,53.7,0.0,N@3.8,5.3,78.6,79.6,0.0,0,"Sunnyside, Yakima County",310136,Sunnyside,2017-12-06 04:08:33.042992
2017-06-30,02:00,63.3,63.4,45.7,52.5,0.0,N@3.5,5.7,78.4,79.5,0.0,0,"Sunnyside, Yakima County",310136,Sunnyside,2017-12-06 04:08:33.042992
2017-06-30,02:15,63.2,63.3,45.6,52.6,0.0,N@3.5,5.7,78.1,79.4,0.0,0,"Sunnyside, Yakima County",310136,Sunnyside,2017-12-06 04:08:33.042992
2017-06-30,02:30,63.2,63.2,45.6,52.7,0.0,N@3.7,6.0,77.8,79.2,0.0,0,"Sunnyside, Yakima County",310136,Sunnyside,2017-12-06 04:08:33.042992
2017-06-30,02:45,63.0,63.1,45.5,52.7,0.0,N@3.2,4.9,77.6,79.1,0.0,0,"Sunnyside, Yakima County",310136,Sunnyside,2017-12-06 04:08:33.042992
2017-06-30,03:00,62.8,62.8,45.5,53.1,0.0,N@3.4,5.3,77.3,79.0,0.0,0,"Sunnyside, Yakima County",310136,Sunnyside,2017-12-06 04:08:33.042992
2017-06-30,03:15,62.3,62.3,45.5,54.2,0.0,N@3.1,4.9,77.1,78.8,0.0,0,"Sunnyside, Yakima County",310136,Sunnyside,2017-12-06 04:08:33.042992
2017-06-30,03:30,62.3,62.3,45.6,54.3,0.0,N@2.8,5.7,76.8,78.7,0.0,0,"Sunnyside, Yakima County",310136,Sunnyside,2017-12-06 04:08:33.042992
2017-06-30,03:45,61.2,61.1,45.5,56.3,0.0,N@2.4,3.9,76.6,78.6,0.0,0,"Sunnyside, Yakima County",310136,Sunnyside,2017-12-06 04:08:33.042992
2017-06-30,04:00,60.6,60.6,45.8,57.9,0.0,N@1.0,3.1,76.3,78.4,0.0,2,"Sunnyside, Yakima County",310136,Sunnyside,2017-12-06 04:08:33.042992
2017-06-30,04:15,59.0,58.9,45.7,61.3,0.0,N@0.9,2.4,76.1,78.3,0.0,3,"Sunnyside, Yakima County",310136,Sunnyside,2017-12-06 04:08:33.042992
2017-06-30,04:30,59.0,59.0,46.5,63.2,0.0,N@2.0,3.5,75.9,78.2,0.0,8,"Sunnyside, Yakima County",310136,Sunnyside,2017-12-06 04:08:33.042992
2017-06-30,04:45,57.9,57.9,47.0,67.0,0.0,N@2.3,3.5,75.6,78.1,0.0,24,"Sunnyside, Yakima County",310136,Sunnyside,2017-12-06 04:08:33.042992
2017-06-30,05:00,58.7,58.7,47.0,65.1,0.0,N@2.5,4.2,75.4,78.0,0.0,59,"Sunnyside, Yakima County",310136,Sunnyside,2017-12-06 04:08:33.042992
2017-06-30,05:15,60.3,60.3,47.6,62.7,0.0,N@2.5,3.9,75.1,77.8,0.0,89,"Sunnyside, Yakima County",310136,Sunnyside,2017-12-06 04:08:33.042992
2017-06-30,05:30,62.4,62.2,47.8,58.8,0.0,N@2.4,3.9,74.9,77.7,0.0,121,"Sunnyside, Yakima County",310136,Sunnyside,2017-12-06 04:08:33.042992
2017-06-30,05:45,63.5,64.1,48.9,58.9,0.0,N@1.0,2.8,74.8,77.6,0.0,156,"Sunnyside, Yakima County",310136,Sunnyside,2017-12-06 04:08:33.042992
2017-06-30,06:00,65.3,65.6,51.1,59.9,0.0,E@0.1,1.7,74.6,77.4,0.0,193,"Sunnyside, Yakima County",310136,Sunnyside,2017-12-06 04:08:33.042992
2017-06-30,06:15,66.5,66.1,52.8,61.3,0.0,S@1.3,2.4,74.5,77.3,0.0,233,"Sunnyside, Yakima County",310136,Sunnyside,2017-12-06 04:08:33.042992
2017-06-30,06:30,66.6,66.9,52.8,61.1,0.0,S@2.2,3.5,74.4,77.2,0.0,274,"Sunnyside, Yakima County",310136,Sunnyside,2017-12-06 04:08:33.042992
2017-06-30,06:45,66.4,66.4,53.4,63.0,0.0,S@3.0,4.6,74.4,77.0,0.0,316,"Sunnyside, Yakima County",310136,Sunnyside,2017-12-06 04:08:33.042992
2017-06-30,07:00,67.0,67.2,53.1,61.0,0.0,S@2.2,4.2,74.5,76.9,0.0,357,"Sunnyside, Yakima County",310136,Sunnyside,2017-12-06 04:08:33.042992
2017-06-30,07:15,69.4,69.5,51.7,53.2,0.0,SE@1.9,3.1,74.7,76.8,0.0,399,"Sunnyside, Yakima County",310136,Sunnyside,2017-12-06 04:08:33.042992
2017-06-30,07:30,70.2,70.3,52.7,53.8,0.0,SE@1.8,3.1,74.9,76.7,0.0,439,"Sunnyside, Yakima County",310136,Sunnyside,2017-12-06 04:08:33.042992
2017-06-30,07:45,70.7,71.0,53.7,54.8,0.0,S@2.2,3.5,75.2,76.5,0.0,479,"Sunnyside, Yakima County",310136,Sunnyside,2017-12-06 04:08:33.042992
2017-06-30,08:00,70.8,71.0,53.6,54.5,0.0,SW@2.1,3.9,75.6,76.4,0.0,519,"Sunnyside, Yakima County",310136,Sunnyside,2017-12-06 04:08:33.042992
2017-06-30,08:15,73.5,73.7,53.5,49.4,0.0,S@1.5,3.9,76.1,76.4,0.0,558,"Sunnyside, Yakima County",310136,Sunnyside,2017-12-06 04:08:33.042992
2017-06-30,08:30,73.7,74.0,53.7,49.7,0.0,S@2.0,3.9,76.8,76.3,0.0,595,"Sunnyside, Yakima County",310136,Sunnyside,2017-12-06 04:08:33.042992
2017-06-30,08:45,74.3,74.5,55.9,52.6,0.0,S@2.6,4.6,77.6,76.2,0.0,631,"Sunnyside, Yakima County",310136,Sunnyside,2017-12-06 04:08:33.042992
2017-06-30,09:00,75.3,75.5,54.9,49.0,0.0,S@2.3,3.9,78.4,76.1,0.0,666,"Sunnyside, Yakima County",310136,Sunnyside,2017-12-06 04:08:33.042992
2017-06-30,09:15,77.2,77.5,53.9,44.3,0.0,S@1.9,3.5,79.3,76.0,0.0,698,"Sunnyside, Yakima County",310136,Sunnyside,2017-12-06 04:08:33.042992
2017-06-30,09:30,77.7,77.7,55.5,46.4,0.0,S@2.8,4.9,80.1,76.0,0.0,728,"Sunnyside, Yakima County",310136,Sunnyside,2017-12-06 04:08:33.042992
2017-06-30,09:45,78.1,78.1,54.0,43.2,0.0,SW@2.7,4.9,81.0,76.0,0.0,757,"Sunnyside, Yakima County",310136,Sunnyside,2017-12-06 04:08:33.042992
2017-06-30,10:00,79.1,79.1,55.5,44.2,0.0,S@2.9,4.6,81.9,76.0,0.0,783,"Sunnyside, Yakima County",310136,Sunnyside,2017-12-06 04:08:33.042992
2017-06-30,10:15,79.8,79.8,56.7,45.1,0.0,S@3.4,6.4,82.8,76.0,0.0,804,"Sunnyside, Yakima County",310136,Sunnyside,2017-12-06 04:08:33.042992
2017-06-30,10:30,80.5,80.5,55.1,41.6,0.0,S@3.5,5.7,83.7,76.1,0.0,823,"Sunnyside, Yakima County",310136,Sunnyside,2017-12-06 04:08:33.042992
2017-06-30,10:45,80.9,80.9,52.9,37.9,0.0,SW@4.1,7.4,84.5,76.2,0.0,843,"Sunnyside, Yakima County",310136,Sunnyside,2017-12-06 04:08:33.042992
2017-06-30,11:00,82.3,82.4,52.7,36.0,0.0,SW@3.2,6.0,85.3,76.3,0.0,862,"Sunnyside, Yakima County",310136,Sunnyside,2017-12-06 04:08:33.042992
2017-06-30,11:15,82.5,82.4,53.4,36.7,0.0,SW@3.8,7.1,86.1,76.4,0.0,873,"Sunnyside, Yakima County",310136,Sunnyside,2017-12-06 04:08:33.042992
2017-06-30,11:30,83.5,83.4,53.7,35.9,0.0,S@3.3,6.4,86.9,76.6,0.0,879,"Sunnyside, Yakima County",310136,Sunnyside,2017-12-06 04:08:33.042992
2017-06-30,11:45,84.0,83.9,52.7,34.0,0.0,S@2.7,4.6,87.6,76.8,0.0,889,"Sunnyside, Yakima County",310136,Sunnyside,2017-12-06 04:08:33.042992
2017-06-30,12:00,84.0,83.7,55.1,37.2,0.0,S@3.5,8.9,88.3,77.0,0.0,896,"Sunnyside, Yakima County",310136,Sunnyside,2017-12-06 04:08:33.042992
2017-06-30,12:15,85.2,84.8,53.7,34.0,0.0,S@3.3,6.7,89.0,77.2,0.0,893,"Sunnyside, Yakima County",310136,Sunnyside,2017-12-06 04:08:33.042992
2017-06-30,12:30,84.6,84.5,52.1,32.7,0.0,S@3.3,6.7,89.7,77.4,0.0,893,"Sunnyside, Yakima County",310136,Sunnyside,2017-12-06 04:08:33.042992
2017-06-30,12:45,84.9,84.7,53.0,33.4,0.0,S@3.7,6.7,90.3,77.7,0.0,895,"Sunnyside, Yakima County",310136,Sunnyside,2017-12-06 04:08:33.042992
2017-06-30,13:00,85.0,84.9,52.1,32.2,0.0,S@3.3,5.3,90.9,77.9,0.0,883,"Sunnyside, Yakima County",310136,Sunnyside,2017-12-06 04:08:33.042992
2017-06-30,13:15,85.9,85.9,51.9,31.0,0.0,SW@3.2,6.0,91.5,78.2,0.0,875,"Sunnyside, Yakima County",310136,Sunnyside,2017-12-06 04:08:33.042992
2017-06-30,13:30,86.0,85.9,53.5,32.9,0.0,S@3.4,6.7,92.0,78.5,0.0,860,"Sunnyside, Yakima County",310136,Sunnyside,2017-12-06 04:08:33.042992
2017-06-30,13:45,85.9,85.9,53.8,33.3,0.0,S@3.6,6.4,92.5,78.8,0.0,844,"Sunnyside, Yakima County",310136,Sunnyside,2017-12-06 04:08:33.042992
2017-06-30,14:00,86.8,86.8,52.9,31.4,0.0,S@3.1,5.7,93.0,79.0,0.0,824,"Sunnyside, Yakima County",310136,Sunnyside,2017-12-06 04:08:33.042992
2017-06-30,14:15,86.9,86.9,51.2,29.3,0.0,SW@3.6,6.4,93.4,79.3,0.0,804,"Sunnyside, Yakima County",310136,Sunnyside,2017-12-06 04:08:33.042992
2017-06-30,14:30,87.1,87.1,51.8,29.8,0.0,SW@3.7,6.0,93.8,79.6,0.0,778,"Sunnyside, Yakima County",310136,Sunnyside,2017-12-06 04:08:33.042992
2017-06-30,14:45,88.1,88.1,49.6,26.7,0.0,SW@3.1,7.1,94.1,79.9,0.0,754,"Sunnyside, Yakima County",310136,Sunnyside,2017-12-06 04:08:33.042992
2017-06-30,15:00,88.8,88.7,51.3,27.8,0.0,S@2.8,5.3,94.4,80.2,0.0,727,"Sunnyside, Yakima County",310136,Sunnyside,2017-12-06 04:08:33.042992
2017-06-30,15:15,88.8,88.7,51.0,27.5,0.0,S@2.9,5.7,94.7,80.4,0.0,697,"Sunnyside, Yakima County",310136,Sunnyside,2017-12-06 04:08:33.042992
2017-06-30,15:30,89.3,89.1,49.1,25.2,0.0,W@3.0,5.3,94.9,80.7,0.0,665,"Sunnyside, Yakima County",310136,Sunnyside,2017-12-06 04:08:33.042992
2017-06-30,15:45,89.4,89.5,47.6,23.7,0.0,SW@2.3,5.7,95.1,80.9,0.0,631,"Sunnyside, Yakima County",310136,Sunnyside,2017-12-06 04:08:33.042992
2017-06-30,16:00,89.5,89.5,49.9,25.8,0.0,S@2.3,4.2,95.2,81.1,0.0,594,"Sunnyside, Yakima County",310136,Sunnyside,2017-12-06 04:08:33.042992
2017-06-30,16:15,89.5,89.5,49.0,25.0,0.0,SW@2.4,4.2,95.3,81.3,0.0,559,"Sunnyside, Yakima County",310136,Sunnyside,2017-12-06 04:08:33.042992
2017-06-30,16:30,89.4,89.3,51.6,27.5,0.0,S@2.2,4.2,95.3,81.5,0.0,521,"Sunnyside, Yakima County",310136,Sunnyside,2017-12-06 04:08:33.042992
2017-06-30,16:45,89.4,89.2,51.2,27.1,0.0,SE@2.1,3.5,95.3,81.6,0.0,472,"Sunnyside, Yakima County",310136,Sunnyside,2017-12-06 04:08:33.042992
2017-06-30,17:00,89.8,89.7,50.5,26.1,0.0,SE@1.6,2.8,95.3,81.7,0.0,439,"Sunnyside, Yakima County",310136,Sunnyside,2017-12-06 04:08:33.042992
2017-06-30,17:15,89.0,88.7,51.6,27.9,0.0,S@2.0,3.5,95.2,81.8,0.0,395,"Sunnyside, Yakima County",310136,Sunnyside,2017-12-06 04:08:33.042992
2017-06-30,17:30,89.3,89.3,51.3,27.3,0.0,SE@1.5,3.1,95.1,81.9,0.0,351,"Sunnyside, Yakima County",310136,Sunnyside,2017-12-06 04:08:33.042992
2017-06-30,17:45,89.1,89.4,48.9,25.1,0.0,S@0.8,2.4,94.9,82.0,0.0,306,"Sunnyside, Yakima County",310136,Sunnyside,2017-12-06 04:08:33.042992
2017-06-30,18:00,87.9,88.2,50.8,28.0,0.0,S@1.2,2.4,94.7,82.1,0.0,262,"Sunnyside, Yakima County",310136,Sunnyside,2017-12-06 04:08:33.042992
2017-06-30,18:15,87.3,87.3,52.5,30.5,0.0,S@1.5,2.8,94.4,82.2,0.0,222,"Sunnyside, Yakima County",310136,Sunnyside,2017-12-06 04:08:33.042992
2017-06-30,18:30,87.9,87.9,55.0,32.7,0.0,S@0.1,1.7,94.1,82.3,0.0,183,"Sunnyside, Yakima County",310136,Sunnyside,2017-12-06 04:08:33.042992
2017-06-30,18:45,88.4,88.3,57.3,35.1,0.0,E@0.0,1.4,93.7,82.3,0.0,144,"Sunnyside, Yakima County",310136,Sunnyside,2017-12-06 04:08:33.042992
2017-06-30,19:00,85.3,85.4,59.6,42.0,0.0,NE@0.0,1.4,93.3,82.4,0.0,108,"Sunnyside, Yakima County",310136,Sunnyside,2017-12-06 04:08:33.042992
2017-06-30,19:15,80.9,81.5,57.0,44.0,0.0,N@0.5,2.1,92.8,82.4,0.0,53,"Sunnyside, Yakima County",310136,Sunnyside,2017-12-06 04:08:33.042992
2017-06-30,19:30,77.6,77.9,57.0,49.1,0.0,N@1.4,2.1,92.3,82.5,0.0,18,"Sunnyside, Yakima County",310136,Sunnyside,2017-12-06 04:08:33.042992
2017-06-30,19:45,75.2,75.4,57.5,54.1,0.0,N@1.5,2.8,91.7,82.5,0.0,9,"Sunnyside, Yakima County",310136,Sunnyside,2017-12-06 04:08:33.042992
2017-06-30,20:00,75.5,75.5,50.6,41.6,0.0,N@2.5,3.5,91.0,82.5,0.0,3,"Sunnyside, Yakima County",310136,Sunnyside,2017-12-06 04:08:33.042992
2017-06-30,20:15,75.6,75.7,46.2,35.2,0.0,N@3.3,4.9,90.4,82.6,0.0,2,"Sunnyside, Yakima County",310136,Sunnyside,2017-12-06 04:08:33.042992
2017-06-30,20:30,75.1,75.2,44.6,33.7,0.0,N@4.0,6.0,89.7,82.6,0.0,1,"Sunnyside, Yakima County",310136,Sunnyside,2017-12-06 04:08:33.042992
2017-06-30,20:45,74.3,74.4,44.0,33.7,0.0,N@4.4,6.0,89.1,82.6,0.0,0,"Sunnyside, Yakima County",310136,Sunnyside,2017-12-06 04:08:33.042992
2017-06-30,21:00,73.9,74.0,43.3,33.3,0.0,N@4.2,7.1,88.4,82.5,0.0,0,"Sunnyside, Yakima County",310136,Sunnyside,2017-12-06 04:08:33.042992
2017-06-30,21:15,73.4,73.4,42.9,33.4,0.0,N@3.6,6.0,87.8,82.5,0.0,0,"Sunnyside, Yakima County",310136,Sunnyside,2017-12-06 04:08:33.042992
2017-06-30,21:30,73.3,73.4,42.6,33.2,0.0,N@3.8,6.0,87.2,82.5,0.0,0,"Sunnyside, Yakima County",310136,Sunnyside,2017-12-06 04:08:33.042992
2017-06-30,21:45,73.3,73.4,42.5,33.0,0.0,N@4.2,6.7,86.6,82.4,0.0,0,"Sunnyside, Yakima County",310136,Sunnyside,2017-12-06 04:08:33.042992
2017-06-30,22:00,72.9,72.9,42.9,34.0,0.0,N@4.0,6.7,86.1,82.3,0.0,0,"Sunnyside, Yakima County",310136,Sunnyside,2017-12-06 04:08:33.042992
2017-06-30,22:15,72.9,73.0,42.3,33.2,0.0,N@4.4,6.7,85.6,82.3,0.0,0,"Sunnyside, Yakima County",310136,Sunnyside,2017-12-06 04:08:33.042992
2017-06-30,22:30,72.7,72.9,42.0,33.0,0.0,N@4.9,7.1,85.1,82.2,0.0,0,"Sunnyside, Yakima County",310136,Sunnyside,2017-12-06 04:08:33.042992
2017-06-30,22:45,72.5,72.6,41.9,33.2,0.0,N@4.5,6.4,84.6,82.1,0.0,0,"Sunnyside, Yakima County",310136,Sunnyside,2017-12-06 04:08:33.042992
2017-06-30,23:00,71.8,71.9,42.6,34.8,0.0,N@4.2,6.4,84.2,82.0,0.0,0,"Sunnyside, Yakima County",310136,Sunnyside,2017-12-06 04:08:33.042992
2017-07-01,23:15,71.4,71.5,42.6,35.3,0.0,N@4.1,6.4,83.8,81.9,0.0,0,"Sunnyside, Yakima County",310136,Sunnyside,2017-12-06 04:08:33.042992
2017-07-01,23:30,71.3,71.3,42.2,35.0,0.0,N@3.9,6.7,83.4,81.8,0.0,0,"Sunnyside, Yakima County",310136,Sunnyside,2017-12-06 04:08:33.042992
2017-07-01,23:45,71.0,71.1,42.3,35.4,0.0,N@4.0,5.7,83.0,81.7,0.0,0,"Sunnyside, Yakima County",310136,Sunnyside,2017-12-06 04:08:33.042992
2017-07-01,24:00,70.6,70.5,42.7,36.5,0.0,N@3.4,4.9,82.7,81.6,0.0,0,"Sunnyside, Yakima County",310136,Sunnyside,2017-12-06 04:08:33.042992
2017-07-01,00:15,69.9,70.0,42.3,36.7,0.0,N@3.6,5.7,82.3,81.5,0.0,0,"Sunnyside, Yakima County",310136,Sunnyside,2017-12-06 04:08:33.042992
2017-07-01,00:30,69.8,69.8,41.9,36.4,0.0,N@4.2,6.4,82.0,81.3,0.0,0,"Sunnyside, Yakima County",310136,Sunnyside,2017-12-06 04:08:33.042992
2017-07-01,00:45,69.6,69.7,41.7,36.2,0.0,N@4.1,6.4,81.7,81.2,0.0,0,"Sunnyside, Yakima County",310136,Sunnyside,2017-12-06 04:08:33.042992
2017-07-01,01:00,69.3,69.4,42.0,37.1,0.0,N@2.7,4.6,81.4,81.1,0.0,0,"Sunnyside, Yakima County",310136,Sunnyside,2017-12-06 04:08:33.042992
2017-07-01,01:15,68.2,68.1,43.1,40.1,0.0,N@1.5,3.1,81.1,81.0,0.0,0,"Sunnyside, Yakima County",310136,Sunnyside,2017-12-06 04:08:33.042992
2017-07-01,01:30,66.8,66.7,43.1,42.2,0.0,N@0.5,2.8,80.8,80.9,0.0,0,"Sunnyside, Yakima County",310136,Sunnyside,2017-12-06 04:08:33.042992
2017-07-01,01:45,66.5,66.5,43.3,42.8,0.0,N@2.4,4.2,80.5,80.8,0.0,0,"Sunnyside, Yakima County",310136,Sunnyside,2017-12-06 04:08:33.042992
2017-07-01,02:00,67.2,67.3,42.8,41.1,0.0,N@3.4,4.9,80.2,80.6,0.0,0,"Sunnyside, Yakima County",310136,Sunnyside,2017-12-06 04:08:33.042992
2017-07-01,02:15,67.3,67.4,42.6,40.5,0.0,N@3.3,4.6,79.9,80.5,0.0,0,"Sunnyside, Yakima County",310136,Sunnyside,2017-12-06 04:08:33.042992
2017-07-01,02:30,67.0,67.0,42.7,41.3,0.0,N@3.2,4.6,79.7,80.4,0.0,0,"Sunnyside, Yakima County",310136,Sunnyside,2017-12-06 04:08:33.042992
2017-07-01,02:45,66.3,66.4,43.7,43.8,0.0,N@2.0,3.9,79.4,80.3,0.0,0,"Sunnyside, Yakima County",310136,Sunnyside,2017-12-06 04:08:33.042992
2017-07-01,03:00,65.6,65.7,44.1,45.5,0.0,N@1.6,3.5,79.2,80.1,0.0,0,"Sunnyside, Yakima County",310136,Sunnyside,2017-12-06 04:08:33.042992
2017-07-01,03:15,65.9,65.9,43.7,44.5,0.0,N@1.8,3.1,78.9,80.0,0.0,0,"Sunnyside, Yakima County",310136,Sunnyside,2017-12-06 04:08:33.042992
2017-07-01,03:30,64.7,64.6,45.3,49.2,0.0,N@2.2,3.1,78.7,79.9,0.0,0,"Sunnyside, Yakima County",310136,Sunnyside,2017-12-06 04:08:33.042992
2017-07-01,03:45,63.0,63.0,47.0,55.8,0.0,N@2.3,3.1,78.5,79.8,0.0,0,"Sunnyside, Yakima County",310136,Sunnyside,2017-12-06 04:08:33.042992
2017-07-01,04:00,62.3,62.3,47.7,58.7,0.0,N@1.9,3.5,78.2,79.6,0.0,1,"Sunnyside, Yakima County",310136,Sunnyside,2017-12-06 04:08:33.042992
2017-07-01,04:15,61.9,61.9,49.0,62.5,0.0,N@1.9,3.1,78.0,79.5,0.0,3,"Sunnyside, Yakima County",310136,Sunnyside,2017-12-06 04:08:33.042992
2017-07-01,04:30,61.4,61.3,48.4,62.3,0.0,N@1.6,3.1,77.7,79.4,0.0,9,"Sunnyside, Yakima County",310136,Sunnyside,2017-12-06 04:08:33.042992
2017-07-01,04:45,62.1,62.0,47.3,58.3,0.0,N@0.6,2.8,77.5,79.3,0.0,23,"Sunnyside, Yakima County",310136,Sunnyside,2017-12-06 04:08:33.042992
2017-07-01,05:00,62.4,62.4,48.0,59.2,0.0,N@0.0,0.0,77.3,79.1,0.0,38,"Sunnyside, Yakima County",310136,Sunnyside,2017-12-06 04:08:33.042992
2017-07-01,05:15,64.2,64.3,48.7,57.1,0.0,N@0.1,2.1,77.1,79.0,0.0,69,"Sunnyside, Yakima County",310136,Sunnyside,2017-12-06 04:08:33.042992
2017-07-01,05:30,65.0,64.9,50.4,59.2,0.0,NE@0.1,1.7,76.9,78.9,0.0,99,"Sunnyside, Yakima County",310136,Sunnyside,2017-12-06 04:08:33.042992
2017-07-01,05:45,67.0,68.0,51.6,57.5,0.0,NE@0.4,2.4,76.8,78.8,0.0,172,"Sunnyside, Yakima County",310136,Sunnyside,2017-12-06 04:08:33.042992
2017-07-01,06:00,68.9,69.5,51.9,54.6,0.0,N@1.5,2.8,76.7,78.6,0.0,171,"Sunnyside, Yakima County",310136,Sunnyside,2017-12-06 04:08:33.042992
2017-07-01,06:15,70.7,70.4,53.0,53.5,0.0,NE@0.1,2.1,76.7,78.5,0.0,203,"Sunnyside, Yakima County",310136,Sunnyside,2017-12-06 04:08:33.042992
2017-07-01,06:30,70.6,70.8,54.0,55.6,0.0,S@0.2,2.1,76.7,78.4,0.0,208,"Sunnyside, Yakima County",310136,Sunnyside,2017-12-06 04:08:33.042992
2017-07-01,06:45,72.1,72.4,52.8,50.6,0.0,SW@0.9,2.1,76.7,78.3,0.0,296,"Sunnyside, Yakima County",310136,Sunnyside,2017-12-06 04:08:33.042992
2017-07-01,07:00,72.8,73.1,54.2,51.9,0.0,S@1.0,2.8,76.8,78.2,0.0,283,"Sunnyside, Yakima County",310136,Sunnyside,2017-12-06 04:08:33.042992
2017-07-01,07:15,72.6,72.8,57.1,58.3,0.0,S@2.6,4.2,77.0,78.0,0.0,385,"Sunnyside, Yakima County",310136,Sunnyside,2017-12-06 04:08:33.042992
2017-07-01,07:30,72.9,73.0,56.8,57.2,0.0,S@2.6,4.6,77.2,77.9,0.0,427,"Sunnyside, Yakima County",310136,Sunnyside,2017-12-06 04:08:33.042992
2017-07-01,07:45,73.9,74.1,57.8,57.1,0.0,S@2.4,4.2,77.5,77.8,0.0,486,"Sunnyside, Yakima County",310136,Sunnyside,2017-12-06 04:08:33.042992
2017-07-01,08:00,74.9,75.1,56.3,52.3,0.0,SW@1.9,3.9,77.8,77.7,0.0,508,"Sunnyside, Yakima County",310136,Sunnyside,2017-12-06 04:08:33.042992
2017-07-01,08:15,76.4,76.6,57.6,52.2,0.0,SW@2.6,4.6,78.3,77.7,0.0,576,"Sunnyside, Yakima County",310136,Sunnyside,2017-12-06 04:08:33.042992
2017-07-01,08:30,75.6,75.7,57.7,53.8,0.0,SW@3.1,5.3,78.9,77.6,0.0,576,"Sunnyside, Yakima County",310136,Sunnyside,2017-12-06 04:08:33.042992
2017-07-01,08:45,76.1,76.3,59.4,56.2,0.0,S@2.6,4.6,79.5,77.5,0.0,430,"Sunnyside, Yakima County",310136,Sunnyside,2017-12-06 04:08:33.042992
2017-07-01,09:00,77.9,77.9,58.8,51.9,0.0,S@2.9,4.9,80.2,77.4,0.0,709,"Sunnyside, Yakima County",310136,Sunnyside,2017-12-06 04:08:33.042992
2017-07-01,09:15,78.9,79.0,58.7,50.0,0.0,S@2.6,4.9,80.8,77.4,0.0,775,"Sunnyside, Yakima County",310136,Sunnyside,2017-12-06 04:08:33.042992
2017-07-01,09:30,79.6,79.6,58.9,49.2,0.0,S@2.7,4.6,81.6,77.4,0.0,628,"Sunnyside, Yakima County",310136,Sunnyside,2017-12-06 04:08:33.042992
2017-07-01,09:45,79.3,79.4,59.4,50.6,0.0,S@2.7,4.6,82.4,77.4,0.0,520,"Sunnyside, Yakima County",310136,Sunnyside,2017-12-06 04:08:33.042992
2017-07-01,10:00,80.6,80.6,59.5,48.7,0.0,S@3.0,5.3,83.1,77.4,0.0,393,"Sunnyside, Yakima County",310136,Sunnyside,2017-12-06 04:08:33.042992
2017-07-01,10:15,80.1,80.2,59.8,50.0,0.0,S@2.8,4.6,83.7,77.4,0.0,663,"Sunnyside, Yakima County",310136,Sunnyside,2017-12-06 04:08:33.042992
2017-07-01,10:30,79.2,79.2,59.6,51.2,0.0,S@2.5,4.6,84.2,77.5,0.0,339,"Sunnyside, Yakima County",310136,Sunnyside,2017-12-06 04:08:33.042992
2017-07-01,10:45,82.0,81.9,61.1,49.2,0.0,S@2.7,4.9,84.7,77.5,0.0,460,"Sunnyside, Yakima County",310136,Sunnyside,2017-12-06 04:08:33.042992
2017-07-01,11:00,84.5,84.2,61.0,45.3,0.0,SE@2.8,5.3,85.1,77.6,0.0,774,"Sunnyside, Yakima County",310136,Sunnyside,2017-12-06 04:08:33.042992
2017-07-01,11:15,84.1,83.9,58.7,42.2,0.0,S@3.1,5.3,85.6,77.7,0.0,662,"Sunnyside, Yakima County",310136,Sunnyside,2017-12-06 04:08:33.042992
2017-07-01,11:30,84.1,84.1,57.7,40.7,0.0,S@2.7,4.6,86.3,77.8,0.0,846,"Sunnyside, Yakima County",310136,Sunnyside,2017-12-06 04:08:33.042992
2017-07-01,11:45,85.1,85.0,58.8,40.9,0.0,S@2.7,4.9,87.1,77.9,0.0,982,"Sunnyside, Yakima County",310136,Sunnyside,2017-12-06 04:08:33.042992
2017-07-01,12:00,85.7,85.7,55.3,35.5,0.0,SW@2.7,4.2,87.7,78.1,0.0,911,"Sunnyside, Yakima County",310136,Sunnyside,2017-12-06 04:08:33.042992
2017-07-01,12:15,87.5,87.6,54.1,32.0,0.0,SW@2.7,4.9,88.4,78.2,0.0,981,"Sunnyside, Yakima County",310136,Sunnyside,2017-12-06 04:08:33.042992
2017-07-01,12:30,87.1,87.3,53.8,32.1,0.0,SW@2.7,5.7,89.0,78.4,0.0,909,"Sunnyside, Yakima County",310136,Sunnyside,2017-12-06 04:08:33.042992
2017-07-01,12:45,87.6,87.4,54.6,32.6,0.0,S@2.7,3.9,89.7,78.5,0.0,830,"Sunnyside, Yakima County",310136,Sunnyside,2017-12-06 04:08:33.042992
2017-07-01,13:00,88.1,88.1,52.5,29.6,0.0,S@3.0,4.9,90.3,78.7,0.0,881,"Sunnyside, Yakima County",310136,Sunnyside,2017-12-06 04:08:33.042992
2017-07-01,13:15,87.9,87.9,53.1,30.5,0.0,S@3.0,5.3,90.9,78.9,0.0,887,"Sunnyside, Yakima County",310136,Sunnyside,2017-12-06 04:08:33.042992
2017-07-01,13:30,89.0,88.8,55.3,31.9,0.0,S@2.8,5.7,91.5,79.1,0.0,865,"Sunnyside, Yakima County",310136,Sunnyside,2017-12-06 04:08:33.042992
2017-07-01,13:45,89.4,89.3,53.6,29.6,0.0,S@3.2,6.4,92.0,79.4,0.0,851,"Sunnyside, Yakima County",310136,Sunnyside,2017-12-06 04:08:33.042992
2017-07-01,14:00,90.8,90.9,51.4,26.1,0.0,W@2.8,5.7,92.6,79.6,0.0,750,"Sunnyside, Yakima County",310136,Sunnyside,2017-12-06 04:08:33.042992
2017-07-01,14:15,90.1,90.1,50.7,26.0,0.0,SW@2.9,4.9,93.1,79.8,0.0,766,"Sunnyside, Yakima County",310136,Sunnyside,2017-12-06 04:08:33.042992
2017-07-01,14:30,90.3,90.3,51.4,26.6,0.0,SW@2.6,4.6,93.6,80.1,0.0,801,"Sunnyside, Yakima County",310136,Sunnyside,2017-12-06 04:08:33.042992
2017-07-01,14:45,90.3,90.2,50.7,25.9,0.0,S@3.0,4.9,94.0,80.3,0.0,814,"Sunnyside, Yakima County",310136,Sunnyside,2017-12-06 04:08:33.042992
2017-07-01,15:00,90.3,90.2,51.7,26.8,0.0,S@3.1,5.3,94.4,80.6,0.0,781,"Sunnyside, Yakima County",310136,Sunnyside,2017-12-06 04:08:33.042992
2017-07-01,15:15,90.0,89.9,53.2,28.6,0.0,S@3.3,5.3,94.7,80.8,0.0,689,"Sunnyside, Yakima County",310136,Sunnyside,2017-12-06 04:08:33.042992
2017-07-01,15:30,90.2,90.2,51.4,26.6,0.0,SW@3.6,5.7,95.0,81.0,0.0,678,"Sunnyside, Yakima County",310136,Sunnyside,2017-12-06 04:08:33.042992
2017-07-01,15:45,89.7,89.7,52.8,28.5,0.0,S@3.6,7.1,95.3,81.3,0.0,623,"Sunnyside, Yakima County",310136,Sunnyside,2017-12-06 04:08:33.042992
2017-07-01,16:00,90.7,90.7,51.7,26.6,0.0,SW@3.2,5.7,95.5,81.5,0.0,586,"Sunnyside, Yakima County",310136,Sunnyside,2017-12-06 04:08:33.042992
2017-07-01,16:15,90.0,90.0,54.0,29.5,0.0,S@3.4,7.1,95.6,81.6,0.0,546,"Sunnyside, Yakima County",310136,Sunnyside,2017-12-06 04:08:33.042992
2017-07-01,16:30,90.2,90.1,53.5,28.8,0.0,S@2.9,5.7,95.6,81.8,0.0,507,"Sunnyside, Yakima County",310136,Sunnyside,2017-12-06 04:08:33.042992
2017-07-01,16:45,89.7,89.6,54.7,30.5,0.0,S@3.2,5.3,95.7,81.9,0.0,464,"Sunnyside, Yakima County",310136,Sunnyside,2017-12-06 04:08:33.042992
2017-07-01,17:00,89.0,88.9,55.1,31.8,0.0,S@3.1,4.9,95.6,82.1,0.0,422,"Sunnyside, Yakima County",310136,Sunnyside,2017-12-06 04:08:33.042992
2017-07-01,17:15,88.5,88.4,54.8,31.9,0.0,S@2.8,4.6,95.6,82.2,0.0,378,"Sunnyside, Yakima County",310136,Sunnyside,2017-12-06 04:08:33.042992
2017-07-01,17:30,88.9,88.8,55.1,31.8,0.0,S@2.7,5.3,95.4,82.3,0.0,337,"Sunnyside, Yakima County",310136,Sunnyside,2017-12-06 04:08:33.042992
2017-07-01,17:45,88.1,88.2,55.9,33.5,0.0,S@2.8,4.6,95.3,82.4,0.0,295,"Sunnyside, Yakima County",310136,Sunnyside,2017-12-06 04:08:33.042992
2017-07-01,18:00,87.6,87.8,57.3,35.9,0.0,S@2.6,4.6,95.0,82.5,0.0,252,"Sunnyside, Yakima County",310136,Sunnyside,2017-12-06 04:08:33.042992
2017-07-01,18:15,87.6,87.7,55.9,34.1,0.0,S@2.7,4.2,94.8,82.6,0.0,210,"Sunnyside, Yakima County",310136,Sunnyside,2017-12-06 04:08:33.042992
2017-07-01,18:30,87.8,87.9,56.2,34.3,0.0,SW@1.7,2.8,94.5,82.6,0.0,174,"Sunnyside, Yakima County",310136,Sunnyside,2017-12-06 04:08:33.042992
2017-07-01,18:45,88.8,88.9,58.5,36.1,0.0,SW@0.5,2.1,94.1,82.7,0.0,137,"Sunnyside, Yakima County",310136,Sunnyside,2017-12-06 04:08:33.042992
2017-07-01,19:00,86.5,86.1,55.6,35.0,0.0,NW@3.1,6.4,93.7,82.8,0.0,102,"Sunnyside, Yakima County",310136,Sunnyside,2017-12-06 04:08:33.042992
2017-07-01,19:15,84.3,84.2,47.1,27.3,0.0,N@3.8,6.0,93.3,82.8,0.0,71,"Sunnyside, Yakima County",310136,Sunnyside,2017-12-06 04:08:33.042992
2017-07-01,19:30,82.5,82.5,41.5,23.4,0.0,N@5.2,8.9,92.7,82.9,0.0,42,"Sunnyside, Yakima County",310136,Sunnyside,2017-12-06 04:08:33.042992
2017-07-01,19:45,81.7,81.8,38.4,21.4,0.0,N@6.0,9.6,92.1,82.9,0.0,18,"Sunnyside, Yakima County",310136,Sunnyside,2017-12-06 04:08:33.042992
2017-07-01,20:00,80.7,80.9,38.1,21.8,0.01,N@5.4,9.2,91.5,82.9,0.0,7,"Sunnyside, Yakima County",310136,Sunnyside,2017-12-06 04:08:33.042992
2017-07-01,20:15,78.6,79.0,37.7,22.9,0.0,N@4.8,7.4,90.8,83.0,0.0,2,"Sunnyside, Yakima County",310136,Sunnyside,2017-12-06 04:08:33.042992
2017-07-01,20:30,79.7,80.0,34.7,19.6,0.0,N@5.2,7.8,90.2,83.0,0.0,1,"Sunnyside, Yakima County",310136,Sunnyside,2017-12-06 04:08:33.042992
2017-07-01,20:45,79.0,79.2,34.0,19.5,0.0,NE@3.5,6.4,89.6,83.0,0.0,0,"Sunnyside, Yakima County",310136,Sunnyside,2017-12-06 04:08:33.042992
2017-07-01,21:00,79.0,79.1,33.5,19.2,0.0,N@3.6,7.4,89.0,82.9,0.0,0,"Sunnyside, Yakima County",310136,Sunnyside,2017-12-06 04:08:33.042992
2017-07-01,21:15,78.6,78.8,33.0,19.0,0.0,NE@3.3,6.0,88.4,82.9,0.0,0,"Sunnyside, Yakima County",310136,Sunnyside,2017-12-06 04:08:33.042992
2017-07-01,21:30,76.8,76.9,33.6,20.7,0.0,NE@2.1,4.9,87.8,82.9,0.0,0,"Sunnyside, Yakima County",310136,Sunnyside,2017-12-06 04:08:33.042992
2017-07-01,21:45,75.1,75.2,36.1,24.2,0.0,NW@2.3,5.3,87.2,82.8,0.0,0,"Sunnyside, Yakima County",310136,Sunnyside,2017-12-06 04:08:33.042992
2017-07-01,22:00,76.2,76.3,32.4,20.1,0.0,N@2.4,4.9,86.6,82.8,0.0,0,"Sunnyside, Yakima County",310136,Sunnyside,2017-12-06 04:08:33.042992
2017-07-01,22:15,74.7,74.9,35.5,23.9,0.0,SW@2.1,3.9,86.1,82.7,0.0,0,"Sunnyside, Yakima County",310136,Sunnyside,2017-12-06 04:08:33.042992
2017-07-01,22:30,71.1,71.2,39.4,31.5,0.0,SW@0.8,4.2,85.6,82.6,0.0,0,"Sunnyside, Yakima County",310136,Sunnyside,2017-12-06 04:08:33.042992
2017-07-01,22:45,70.1,70.1,41.1,34.9,0.0,W@1.5,3.1,85.1,82.5,0.0,0,"Sunnyside, Yakima County",310136,Sunnyside,2017-12-06 04:08:33.042992
2017-07-01,23:00,67.2,67.2,43.2,41.7,0.0,N@0.5,2.8,84.6,82.4,0.0,0,"Sunnyside, Yakima County",310136,Sunnyside,2017-12-06 04:08:33.042992
2017-07-02,23:15,65.1,65.1,42.9,44.5,0.0,N@0.8,2.4,84.1,82.4,0.0,0,"Sunnyside, Yakima County",310136,Sunnyside,2017-12-06 04:08:33.042992
2017-07-02,23:30,64.3,64.2,45.4,50.3,0.0,N@0.1,1.7,83.7,82.3,0.0,0,"Sunnyside, Yakima County",310136,Sunnyside,2017-12-06 04:08:33.042992
2017-07-02,23:45,63.3,63.3,47.1,55.4,0.0,N@0.8,2.4,83.2,82.2,0.0,0,"Sunnyside, Yakima County",310136,Sunnyside,2017-12-06 04:08:33.042992
2017-07-02,24:00,63.8,63.8,48.2,56.9,0.0,NE@0.1,1.7,82.8,82.0,0.0,0,"Sunnyside, Yakima County",310136,Sunnyside,2017-12-06 04:08:33.042992
2017-07-02,00:15,63.5,63.7,48.4,57.7,0.01,NE@0.9,6.7,82.3,81.9,0.0,0,"Sunnyside, Yakima County",310136,Sunnyside,2017-12-06 04:08:33.042992
2017-07-02,00:30,61.8,62.0,50.0,65.1,0.03,NE@1.1,2.8,81.9,81.8,0.0,0,"Sunnyside, Yakima County",310136,Sunnyside,2017-12-06 04:08:33.042992
2017-07-02,00:45,60.2,60.6,48.3,64.7,0.01,NE@1.0,2.4,81.5,81.7,0.0,0,"Sunnyside, Yakima County",310136,Sunnyside,2017-12-06 04:08:33.042992
2017-07-02,01:00,60.5,60.8,45.7,57.9,0.0,N@1.2,3.1,81.1,81.6,0.0,0,"Sunnyside, Yakima County",310136,Sunnyside,2017-12-06 04:08:33.042992
2017-07-02,01:15,61.8,62.0,43.7,51.3,0.0,NE@0.5,3.1,80.7,81.4,0.0,0,"Sunnyside, Yakima County",310136,Sunnyside,2017-12-06 04:08:33.042992
2017-07-02,01:30,62.0,62.1,42.5,48.8,0.0,NE@0.7,2.8,80.4,81.3,0.0,0,"Sunnyside, Yakima County",310136,Sunnyside,2017-12-06 04:08:33.042992
2017-07-02,01:45,62.2,62.3,41.2,46.1,0.0,NE@1.8,3.1,80.0,81.2,0.0,0,"Sunnyside, Yakima County",310136,Sunnyside,2017-12-06 04:08:33.042992
2017-07-02,02:00,61.3,61.4,41.0,47.2,0.0,NE@1.1,3.1,79.7,81.0,0.0,0,"Sunnyside, Yakima County",310136,Sunnyside,2017-12-06 04:08:33.042992
2017-07-02,02:15,60.7,60.8,41.1,48.5,0.0,NE@1.6,3.1,79.3,80.9,0.0,0,"Sunnyside, Yakima County",310136,Sunnyside,2017-12-06 04:08:33.042992
2017-07-02,02:30,60.0,60.2,41.3,50.0,0.0,NE@1.8,2.8,79.0,80.8,0.0,0,"Sunnyside, Yakima County",310136,Sunnyside,2017-12-06 04:08:33.042992
2017-07-02,02:45,60.3,60.5,40.9,48.6,0.0,N@2.3,4.2,78.7,80.6,0.0,0,"Sunnyside, Yakima County",310136,Sunnyside,2017-12-06 04:08:33.042992
2017-07-02,03:00,60.9,61.1,38.9,44.1,0.0,N@2.6,4.2,78.3,80.5,0.0,0,"Sunnyside, Yakima County",310136,Sunnyside,2017-12-06 04:08:33.042992
2017-07-02,03:15,60.8,60.9,37.3,41.5,0.0,N@2.7,4.6,78.0,80.3,0.0,0,"Sunnyside, Yakima County",310136,Sunnyside,2017-12-06 04:08:33.042992
2017-07-02,03:30,60.1,60.2,38.5,44.6,0.0,N@1.4,2.8,77.7,80.2,0.0,0,"Sunnyside, Yakima County",310136,Sunnyside,2017-12-06 04:08:33.042992
2017-07-02,03:45,60.0,60.1,40.5,48.5,0.0,N@1.6,2.8,77.4,80.0,0.0,0,"Sunnyside, Yakima County",310136,Sunnyside,2017-12-06 04:08:33.042992
2017-07-02,04:00,59.2,59.3,40.3,49.3,0.0,N@2.0,3.5,77.1,79.9,0.0,1,"Sunnyside, Yakima County",310136,Sunnyside,2017-12-06 04:08:33.042992
2017-07-02,04:15,59.3,59.3,38.4,45.8,0.0,N@2.5,4.2,76.8,79.7,0.0,3,"Sunnyside, Yakima County",310136,Sunnyside,2017-12-06 04:08:33.042992
2017-07-02,04:30,59.3,59.4,38.6,46.1,0.0,N@2.4,3.5,76.6,79.6,0.0,8,"Sunnyside, Yakima County",310136,Sunnyside,2017-12-06 04:08:33.042992
2017-07-02,04:45,59.4,59.4,39.4,47.3,0.0,N@2.9,4.2,76.3,79.4,0.0,21,"Sunnyside, Yakima County",310136,Sunnyside,2017-12-06 04:08:33.042992
2017-07-02,05:00,60.0,60.0,38.3,44.3,0.0,N@3.2,4.9,76.1,79.3,0.0,54,"Sunnyside, Yakima County",310136,Sunnyside,2017-12-06 04:08:33.042992
2017-07-02,05:15,61.1,61.1,37.8,41.9,0.0,N@3.8,6.0,75.9,79.1,0.0,83,"Sunnyside, Yakima County",310136,Sunnyside,2017-12-06 04:08:33.042992
2017-07-02,05:30,62.9,62.8,39.2,41.6,0.0,N@2.3,4.6,75.7,79.0,0.0,115,"Sunnyside, Yakima County",310136,Sunnyside,2017-12-06 04:08:33.042992
2017-07-02,05:45,63.8,64.9,42.4,45.4,0.0,NE@0.8,2.1,75.5,78.8,0.0,149,"Sunnyside, Yakima County",310136,Sunnyside,2017-12-06 04:08:33.042992
2017-07-02,06:00,65.5,66.3,46.0,49.2,0.0,E@0.6,2.4,75.3,78.7,0.0,185,"Sunnyside, Yakima County",310136,Sunnyside,2017-12-06 04:08:33.042992
2017-07-02,06:15,67.6,67.0,46.6,46.9,0.0,SE@0.5,2.1,75.2,78.5,0.0,226,"Sunnyside, Yakima County",310136,Sunnyside,2017-12-06 04:08:33.042992
2017-07-02,06:30,67.9,68.5,45.4,44.4,0.0,S@0.6,2.4,75.2,78.4,0.0,269,"Sunnyside, Yakima County",310136,Sunnyside,2017-12-06 04:08:33.042992
2017-07-02,06:45,69.0,69.3,45.8,43.4,0.0,S@1.4,2.8,75.2,78.3,0.0,311,"Sunnyside, Yakima County",310136,Sunnyside,2017-12-06 04:08:33.042992
2017-07-02,07:00,69.2,69.4,46.0,43.4,0.0,S@1.5,2.8,75.3,78.1,0.0,353,"Sunnyside, Yakima County",310136,Sunnyside,2017-12-06 04:08:33.042992
2017-07-02,07:15,69.7,69.9,47.9,45.7,0.0,S@2.0,3.9,75.4,78.0,0.0,394,"Sunnyside, Yakima County",310136,Sunnyside,2017-12-06 04:08:33.042992
2017-07-02,07:30,70.8,70.8,49.8,47.4,0.0,S@2.2,3.9,75.6,77.8,0.0,435,"Sunnyside, Yakima County",310136,Sunnyside,2017-12-06 04:08:33.042992
2017-07-02,07:45,70.9,71.0,50.4,48.3,0.0,S@2.5,4.2,75.9,77.7,0.0,475,"Sunnyside, Yakima County",310136,Sunnyside,2017-12-06 04:08:33.042992
2017-07-02,08:00,71.1,71.2,49.9,47.0,0.0,S@2.8,4.9,76.2,77.6,0.0,515,"Sunnyside, Yakima County",310136,Sunnyside,2017-12-06 04:08:33.042992
2017-07-02,08:15,72.8,72.7,51.7,47.5,0.0,SE@2.4,4.2,76.8,77.5,0.0,555,"Sunnyside, Yakima County",310136,Sunnyside,2017-12-06 04:08:33.042992
2017-07-02,08:30,72.8,72.8,52.1,48.2,0.0,S@2.4,4.6,77.4,77.4,0.0,592,"Sunnyside, Yakima County",310136,Sunnyside,2017-12-06 04:08:33.042992
2017-07-02,08:45,74.3,74.4,51.5,44.9,0.0,S@1.6,3.5,78.2,77.3,0.0,627,"Sunnyside, Yakima County",310136,Sunnyside,2017-12-06 04:08:33.042992
2017-07-02,09:00,75.1,75.2,51.4,43.4,0.0,S@2.3,3.9,79.0,77.2,0.0,660,"Sunnyside, Yakima County",310136,Sunnyside,2017-12-06 04:08:33.042992
2017-07-02,09:15,76.3,76.2,51.6,42.0,0.0,S@2.1,3.9,79.9,77.1,0.0,693,"Sunnyside, Yakima County",310136,Sunnyside,2017-12-06 04:08:33.042992
2017-07-02,09:30,77.1,77.0,52.5,42.3,0.0,S@2.7,4.6,80.7,77.1,0.0,725,"Sunnyside, Yakima County",310136,Sunnyside,2017-12-06 04:08:33.042992
2017-07-02,09:45,77.3,77.2,51.8,41.0,0.0,S@2.9,6.0,81.6,77.1,0.0,754,"Sunnyside, Yakima County",310136,Sunnyside,2017-12-06 04:08:33.042992
2017-07-02,10:00,78.5,78.4,51.5,39.0,0.0,S@2.7,4.6,82.5,77.0,0.0,779,"Sunnyside, Yakima County",310136,Sunnyside,2017-12-06 04:08:33.042992
2017-07-02,10:15,78.9,78.8,50.4,36.9,0.0,S@3.1,6.0,83.3,77.1,0.0,803,"Sunnyside, Yakima County",310136,Sunnyside,2017-12-06 04:08:33.042992
2017-07-02,10:30,80.1,80.1,48.7,33.3,0.0,S@2.6,5.3,84.2,77.1,0.0,823,"Sunnyside, Yakima County",310136,Sunnyside,2017-12-06 04:08:33.042992
2017-07-02,10:45,80.2,80.2,49.4,34.2,0.0,S@3.0,5.3,85.0,77.2,0.0,845,"Sunnyside, Yakima County",310136,Sunnyside,2017-12-06 04:08:33.042992
2017-07-02,11:00,81.4,81.4,51.7,35.7,0.0,S@3.2,4.9,85.9,77.3,0.0,863,"Sunnyside, Yakima County",310136,Sunnyside,2017-12-06 04:08:33.042992
2017-07-02,11:15,82.4,82.1,52.2,35.3,0.0,S@3.0,4.9,86.6,77.4,0.0,879,"Sunnyside, Yakima County",310136,Sunnyside,2017-12-06 04:08:33.042992
2017-07-02,11:30,83.2,82.9,51.2,33.1,0.0,S@2.9,5.7,87.4,77.6,0.0,891,"Sunnyside, Yakima County",310136,Sunnyside,2017-12-06 04:08:33.042992
2017-07-02,11:45,83.2,83.2,50.0,31.6,0.0,S@3.4,5.3,88.2,77.7,0.0,899,"Sunnyside, Yakima County",310136,Sunnyside,2017-12-06 04:08:33.042992
2017-07-02,12:00,84.4,84.3,49.6,29.9,0.0,S@3.0,4.9,89.0,77.9,0.0,905,"Sunnyside, Yakima County",310136,Sunnyside,2017-12-06 04:08:33.042992
2017-07-02,12:15,85.8,85.5,51.9,31.3,0.0,S@3.0,5.3,89.7,78.1,0.0,908,"Sunnyside, Yakima County",310136,Sunnyside,2017-12-06 04:08:33.042992
2017-07-02,12:30,86.6,86.3,50.0,28.3,0.0,S@2.7,4.9,90.4,78.3,0.0,907,"Sunnyside, Yakima County",310136,Sunnyside,2017-12-06 04:08:33.042992
2017-07-02,12:45,87.0,86.9,49.6,27.6,0.0,S@2.7,4.2,91.1,78.6,0.0,901,"Sunnyside, Yakima County",310136,Sunnyside,2017-12-06 04:08:33.042992
2017-07-02,13:00,87.4,87.0,48.4,26.1,0.0,S@3.2,5.3,91.7,78.8,0.0,892,"Sunnyside, Yakima County",310136,Sunnyside,2017-12-06 04:08:33.042992
2017-07-02,13:15,88.4,88.3,48.7,25.5,0.0,SE@2.7,4.9,92.3,79.1,0.0,884,"Sunnyside, Yakima County",310136,Sunnyside,2017-12-06 04:08:33.042992
2017-07-02,13:30,89.0,88.9,48.1,24.4,0.0,S@2.7,5.7,92.9,79.3,0.0,870,"Sunnyside, Yakima County",310136,Sunnyside,2017-12-06 04:08:33.042992
2017-07-02,13:45,88.9,88.7,48.1,24.6,0.0,S@2.8,4.6,93.4,79.6,0.0,851,"Sunnyside, Yakima County",310136,Sunnyside,2017-12-06 04:08:33.042992
2017-07-02,14:00,90.0,89.7,45.9,21.8,0.0,SW@2.8,4.9,93.9,79.9,0.0,832,"Sunnyside, Yakima County",310136,Sunnyside,2017-12-06 04:08:33.042992
2017-07-02,14:15,90.2,90.0,47.7,23.2,0.0,S@2.8,4.9,94.4,80.2,0.0,813,"Sunnyside, Yakima County",310136,Sunnyside,2017-12-06 04:08:33.042992
2017-07-02,14:30,90.2,89.9,48.9,24.3,0.0,S@2.8,5.7,94.8,80.4,0.0,789,"Sunnyside, Yakima County",310136,Sunnyside,2017-12-06 04:08:33.042992
2017-07-02,14:45,91.0,90.8,49.9,24.6,0.0,S@2.6,5.3,95.2,80.7,0.0,762,"Sunnyside, Yakima County",310136,Sunnyside,2017-12-06 04:08:33.042992
2017-07-02,15:00,90.4,90.4,46.7,22.2,0.0,SW@2.9,5.3,95.6,81.0,0.0,732,"Sunnyside, Yakima County",310136,Sunnyside,2017-12-06 04:08:33.042992
2017-07-02,15:15,90.9,90.9,46.5,21.7,0.0,S@2.7,4.6,95.9,81.3,0.0,704,"Sunnyside, Yakima County",310136,Sunnyside,2017-12-06 04:08:33.042992
2017-07-02,15:30,91.4,91.3,47.4,22.1,0.0,SW@2.6,6.0,96.1,81.5,0.0,671,"Sunnyside, Yakima County",310136,Sunnyside,2017-12-06 04:08:33.042992
2017-07-02,15:45,92.4,92.5,45.2,19.7,0.0,SW@1.7,5.3,96.3,81.8,0.0,633,"Sunnyside, Yakima County",310136,Sunnyside,2017-12-06 04:08:33.042992
2017-07-02,16:00,91.7,91.6,48.8,23.2,0.0,S@2.1,3.9,96.5,82.0,0.0,598,"Sunnyside, Yakima County",310136,Sunnyside,2017-12-06 04:08:33.042992
2017-07-02,16:15,91.5,91.6,47.3,22.0,0.0,S@1.5,4.2,96.6,82.2,0.0,559,"Sunnyside, Yakima County",310136,Sunnyside,2017-12-06 04:08:33.042992
2017-07-02,16:30,92.6,92.7,47.4,21.3,0.0,SW@1.0,3.1,96.6,82.3,0.0,517,"Sunnyside, Yakima County",310136,Sunnyside,2017-12-06 04:08:33.042992
2017-07-02,16:45,92.0,92.1,47.9,22.1,0.0,SW@2.6,6.7,96.7,82.5,0.0,475,"Sunnyside, Yakima County",310136,Sunnyside,2017-12-06 04:08:33.042992
2017-07-02,17:00,90.6,90.6,50.8,25.8,0.0,S@2.6,6.4,96.6,82.6,0.0,433,"Sunnyside, Yakima County",310136,Sunnyside,2017-12-06 04:08:33.042992
2017-07-02,17:15,92.0,92.1,48.0,22.2,0.0,S@1.0,3.1,96.6,82.7,0.0,390,"Sunnyside, Yakima County",310136,Sunnyside,2017-12-06 04:08:33.042992
2017-07-02,17:30,91.9,92.0,46.1,20.8,0.0,S@1.2,2.8,96.4,82.8,0.0,347,"Sunnyside, Yakima County",310136,Sunnyside,2017-12-06 04:08:33.042992
2017-07-02,17:45,90.9,91.1,48.9,23.7,0.0,S@2.0,3.1,96.3,82.9,0.0,303,"Sunnyside, Yakima County",310136,Sunnyside,2017-12-06 04:08:33.042992
2017-07-02,18:00,89.9,90.1,51.6,27.1,0.0,S@0.9,2.4,96.0,83.0,0.0,259,"Sunnyside, Yakima County",310136,Sunnyside,2017-12-06 04:08:33.042992
2017-07-02,18:15,89.3,89.4,55.0,31.3,0.0,S@0.8,3.1,95.8,83.1,0.0,218,"Sunnyside, Yakima County",310136,Sunnyside,2017-12-06 04:08:33.042992
2017-07-02,18:30,90.7,90.6,56.7,31.9,0.0,E@0.0,1.4,95.5,83.2,0.0,179,"Sunnyside, Yakima County",310136,Sunnyside,2017-12-06 04:08:33.042992
2017-07-02,18:45,90.6,90.1,61.7,38.1,0.0,N@0.0,0.0,95.1,83.2,0.0,143,"Sunnyside, Yakima County",310136,Sunnyside,2017-12-06 04:08:33.042992
2017-07-02,19:00,87.2,87.3,59.0,38.6,0.0,N@0.6,2.8,94.7,83.3,0.0,109,"Sunnyside, Yakima County",310136,Sunnyside,2017-12-06 04:08:33.042992
2017-07-02,19:15,84.0,83.9,59.5,43.6,0.0,N@2.9,4.9,94.2,83.3,0.0,75,"Sunnyside, Yakima County",310136,Sunnyside,2017-12-06 04:08:33.042992
2017-07-02,19:30,81.7,81.4,53.6,38.0,0.0,N@3.8,6.4,93.7,83.4,0.0,47,"Sunnyside, Yakima County",310136,Sunnyside,2017-12-06 04:08:33.042992
2017-07-02,19:45,81.4,81.5,49.4,32.8,0.0,N@4.8,7.4,93.1,83.4,0.0,19,"Sunnyside, Yakima County",310136,Sunnyside,2017-12-06 04:08:33.042992
2017-07-02,20:00,81.0,81.1,47.8,31.3,0.0,N@5.4,9.2,92.4,83.5,0.0,7,"Sunnyside, Yakima County",310136,Sunnyside,2017-12-06 04:08:33.042992
2017-07-02,20:15,80.4,80.5,47.6,31.6,0.0,N@7.0,12.1,91.8,83.5,0.0,2,"Sunnyside, Yakima County",310136,Sunnyside,2017-12-06 04:08:33.042992
2017-07-02,20:30,80.0,80.2,47.3,31.7,0.0,N@7.8,11.7,91.2,83.5,0.0,1,"Sunnyside, Yakima County",310136,Sunnyside,2017-12-06 04:08:33.042992
2017-07-02,20:45,79.2,79.4,47.0,32.2,0.0,N@7.3,11.4,90.6,83.5,0.0,0,"Sunnyside, Yakima County",310136,Sunnyside,2017-12-06 04:08:33.042992
2017-07-02,21:00,78.8,78.9,47.1,32.7,0.0,N@6.8,11.4,90.0,83.5,0.0,0,"Sunnyside, Yakima County",310136,Sunnyside,2017-12-06 04:08:33.042992
2017-07-02,21:15,78.2,78.4,47.1,33.3,0.0,N@6.9,12.1,89.4,83.5,0.0,0,"Sunnyside, Yakima County",310136,Sunnyside,2017-12-06 04:08:33.042992
2017-07-02,21:30,77.9,78.1,47.0,33.6,0.0,N@7.1,11.0,88.8,83.4,0.0,0,"Sunnyside, Yakima County",310136,Sunnyside,2017-12-06 04:08:33.042992
2017-07-02,21:45,77.6,77.8,46.6,33.4,0.0,N@7.7,13.9,88.3,83.4,0.0,0,"Sunnyside, Yakima County",310136,Sunnyside,2017-12-06 04:08:33.042992
2017-07-02,22:00,77.5,77.6,46.2,33.0,0.0,N@7.4,12.8,87.8,83.3,0.0,0,"Sunnyside, Yakima County",310136,Sunnyside,2017-12-06 04:08:33.042992
2017-07-02,22:15,77.1,77.3,46.1,33.3,0.0,N@7.3,14.6,87.3,83.3,0.0,0,"Sunnyside, Yakima County",310136,Sunnyside,2017-12-06 04:08:33.042992
2017-07-02,22:30,76.8,76.9,45.7,33.2,0.0,N@6.6,11.7,86.9,83.2,0.0,0,"Sunnyside, Yakima County",310136,Sunnyside,2017-12-06 04:08:33.042992
2017-07-02,22:45,76.2,76.3,45.1,33.1,0.0,N@4.8,10.3,86.5,83.1,0.0,0,"Sunnyside, Yakima County",310136,Sunnyside,2017-12-06 04:08:33.042992
2017-07-02,23:00,75.9,76.0,44.3,32.4,0.0,N@3.9,8.2,86.1,83.0,0.0,0,"Sunnyside, Yakima County",310136,Sunnyside,2017-12-06 04:08:33.042992
2017-07-03,23:15,75.6,75.7,43.6,31.9,0.0,N@4.9,9.2,85.7,83.0,0.0,0,"Sunnyside, Yakima County",310136,Sunnyside,2017-12-06 04:08:33.042992
2017-07-03,23:30,75.2,75.3,43.2,31.9,0.0,N@3.9,8.5,85.3,82.9,0.0,0,"Sunnyside, Yakima County",310136,Sunnyside,2017-12-06 04:08:33.042992
2017-07-03,23:45,72.0,72.1,46.6,40.3,0.0,NE@2.8,8.2,84.9,82.8,0.0,0,"Sunnyside, Yakima County",310136,Sunnyside,2017-12-06 04:08:33.042992
2017-07-03,24:00,67.1,67.2,49.3,52.7,0.0,SE@0.6,2.8,84.5,82.7,0.0,0,"Sunnyside, Yakima County",310136,Sunnyside,2017-12-06 04:08:33.042992
2017-07-03,00:15,65.0,65.0,49.8,57.7,0.0,E@1.0,3.5,84.1,82.6,0.0,0,"Sunnyside, Yakima County",310136,Sunnyside,2017-12-06 04:08:33.042992
2017-07-03,00:30,63.7,63.8,49.4,59.6,0.0,NE@0.3,2.1,83.7,82.5,0.0,0,"Sunnyside, Yakima County",310136,Sunnyside,2017-12-06 04:08:33.042992
2017-07-03,00:45,62.6,62.8,49.1,61.1,0.0,NE@0.5,1.7,83.3,82.4,0.0,0,"Sunnyside, Yakima County",310136,Sunnyside,2017-12-06 04:08:33.042992
2017-07-03,01:00,62.2,62.4,48.8,61.3,0.0,NE@0.8,2.4,82.9,82.3,0.0,0,"Sunnyside, Yakima County",310136,Sunnyside,2017-12-06 04:08:33.042992
2017-07-03,01:15,62.0,62.1,48.3,60.8,0.0,N@0.0,1.4,82.4,82.2,0.0,0,"Sunnyside, Yakima County",310136,Sunnyside,2017-12-06 04:08:33.042992
2017-07-03,01:30,61.7,61.7,47.9,60.5,0.0,N@0.0,0.0,82.0,82.0,0.0,0,"Sunnyside, Yakima County",310136,Sunnyside,2017-12-06 04:08:33.042992
2017-07-03,01:45,61.3,61.3,47.6,60.7,0.0,N@0.0,0.0,81.6,81.9,0.0,0,"Sunnyside, Yakima County",310136,Sunnyside,2017-12-06 04:08:33.042992
2017-07-03,02:00,61.0,61.1,47.6,61.1,0.0,N@0.0,0.0,81.1,81.8,0.0,0,"Sunnyside, Yakima County",310136,Sunnyside,2017-12-06 04:08:33.042992
2017-07-03,02:15,60.5,60.6,47.0,61.0,0.0,N@0.8,3.1,80.7,81.7,0.0,0,"Sunnyside, Yakima County",310136,Sunnyside,2017-12-06 04:08:33.042992
2017-07-03,02:30,60.0,60.0,47.0,62.1,0.0,N@1.3,3.1,80.3,81.5,0.0,0,"Sunnyside, Yakima County",310136,Sunnyside,2017-12-06 04:08:33.042992
2017-07-03,02:45,58.6,58.6,47.1,65.6,0.0,N@1.6,3.1,79.9,81.4,0.0,0,"Sunnyside, Yakima County",310136,Sunnyside,2017-12-06 04:08:33.042992
2017-07-03,03:00,58.6,58.7,46.7,64.7,0.0,N@1.6,3.1,79.6,81.3,0.0,0,"Sunnyside, Yakima County",310136,Sunnyside,2017-12-06 04:08:33.042992
2017-07-03,03:15,58.1,58.0,47.2,66.9,0.01,N@1.7,3.1,79.2,81.1,0.0,0,"Sunnyside, Yakima County",310136,Sunnyside,2017-12-06 04:08:33.042992
2017-07-03,03:30,57.6,57.5,47.8,69.6,0.02,N@0.8,3.1,78.8,81.0,0.0,0,"Sunnyside, Yakima County",310136,Sunnyside,2017-12-06 04:08:33.042992
2017-07-03,03:45,57.3,57.3,47.5,69.5,0.02,N@2.4,4.2,78.5,80.9,0.0,0,"Sunnyside, Yakima County",310136,Sunnyside,2017-12-06 04:08:33.042992
2017-07-03,04:00,58.2,58.2,47.8,68.2,0.02,N@1.3,4.2,78.1,80.7,0.0,2,"Sunnyside, Yakima County",310136,Sunnyside,2017-12-06 04:08:33.042992
2017-07-03,04:15,57.8,57.7,47.9,69.5,0.02,NW@1.4,3.5,77.8,80.6,0.0,3,"Sunnyside, Yakima County",310136,Sunnyside,2017-12-06 04:08:33.042992
2017-07-03,04:30,57.4,57.4,48.1,70.8,0.03,N@0.6,3.1,77.5,80.4,0.0,8,"Sunnyside, Yakima County",310136,Sunnyside,2017-12-06 04:08:33.042992
2017-07-03,04:45,57.6,57.6,48.0,70.3,0.02,N@1.7,3.5,77.2,80.3,0.0,22,"Sunnyside, Yakima County",310136,Sunnyside,2017-12-06 04:08:33.042992
2017-07-03,05:00,59.3,59.2,48.5,67.4,0.02,N@0.9,2.4,76.9,80.1,0.0,59,"Sunnyside, Yakima County",310136,Sunnyside,2017-12-06 04:08:33.042992
2017-07-03,05:15,60.6,60.5,49.0,65.5,0.01,N@0.8,2.4,76.6,80.0,0.0,88,"Sunnyside, Yakima County",310136,Sunnyside,2017-12-06 04:08:33.042992
2017-07-03,05:30,62.1,62.0,50.0,64.6,0.01,N@0.1,1.4,76.4,79.8,0.0,123,"Sunnyside, Yakima County",310136,Sunnyside,2017-12-06 04:08:33.042992
2017-07-03,05:45,63.0,64.2,50.7,64.0,0.0,W@0.9,4.2,76.2,79.7,0.0,158,"Sunnyside, Yakima County",310136,Sunnyside,2017-12-06 04:08:33.042992
2017-07-03,06:00,65.0,65.2,51.1,60.6,0.0,SW@0.9,3.9,76.0,79.5,0.0,195,"Sunnyside, Yakima County",310136,Sunnyside,2017-12-06 04:08:33.042992
2017-07-03,06:15,66.4,66.3,51.4,58.3,0.0,SW@2.2,4.6,75.9,79.3,0.0,236,"Sunnyside, Yakima County",310136,Sunnyside,2017-12-06 04:08:33.042992
2017-07-03,06:30,66.2,66.4,52.8,61.8,0.0,SW@3.3,5.7,75.8,79.2,0.0,279,"Sunnyside, Yakima County",310136,Sunnyside,2017-12-06 04:08:33.042992
2017-07-03,06:45,67.3,67.4,53.5,61.3,0.0,SW@3.3,5.3,75.7,79.0,0.0,321,"Sunnyside, Yakima County",310136,Sunnyside,2017-12-06 04:08:33.042992
2017-07-03,07:00,69.2,69.5,53.3,56.8,0.0,SW@2.4,5.7,75.8,78.9,0.0,364,"Sunnyside, Yakima County",310136,Sunnyside,2017-12-06 04:08:33.042992
2017-07-03,07:15,69.7,69.9,53.5,56.2,0.0,SW@3.3,5.3,75.9,78.7,0.0,406,"Sunnyside, Yakima County",310136,Sunnyside,2017-12-06 04:08:33.042992
2017-07-03,07:30,71.0,71.2,55.2,57.4,0.0,S@2.3,4.6,76.1,78.6,0.0,449,"Sunnyside, Yakima County",310136,Sunnyside,2017-12-06 04:08:33.042992
2017-07-03,07:45,73.7,73.9,56.8,55.5,0.0,SE@2.4,6.4,76.4,78.4,0.0,489,"Sunnyside, Yakima County",310136,Sunnyside,2017-12-06 04:08:33.042992
2017-07-03,08:00,74.1,74.2,54.4,50.2,0.0,S@3.3,6.0,76.8,78.3,0.0,530,"Sunnyside, Yakima County",310136,Sunnyside,2017-12-06 04:08:33.042992
2017-07-03,08:15,76.6,76.8,49.3,38.2,0.0,W@2.9,5.3,77.3,78.2,0.0,568,"Sunnyside, Yakima County",310136,Sunnyside,2017-12-06 04:08:33.042992
2017-07-03,08:30,77.8,77.9,46.9,33.5,0.0,NW@3.3,6.7,78.0,78.1,0.0,606,"Sunnyside, Yakima County",310136,Sunnyside,2017-12-06 04:08:33.042992
2017-07-03,08:45,78.5,78.6,46.1,31.8,0.0,NW@3.7,8.2,78.7,78.0,0.0,645,"Sunnyside, Yakima County",310136,Sunnyside,2017-12-06 04:08:33.042992
2017-07-03,09:00,78.0,78.1,45.6,31.7,0.0,SW@4.6,8.5,79.5,77.9,0.0,680,"Sunnyside, Yakima County",310136,Sunnyside,2017-12-06 04:08:33.042992
2017-07-03,09:15,79.0,79.0,46.0,31.2,0.0,W@4.6,8.2,80.2,77.8,0.0,714,"Sunnyside, Yakima County",310136,Sunnyside,2017-12-06 04:08:33.042992
2017-07-03,09:30,79.0,79.0,46.9,32.3,0.0,SW@4.7,8.9,81.0,77.8,0.0,746,"Sunnyside, Yakima County",310136,Sunnyside,2017-12-06 04:08:33.042992
2017-07-03,09:45,79.0,79.0,48.0,33.7,0.0,SW@4.6,7.8,81.7,77.7,0.0,777,"Sunnyside, Yakima County",310136,Sunnyside,2017-12-06 04:08:33.042992
2017-07-03,10:00,79.1,79.1,47.3,32.7,0.0,SW@5.2,9.6,82.4,77.7,0.0,805,"Sunnyside, Yakima County",310136,Sunnyside,2017-12-06 04:08:33.042992
2017-07-03,10:15,80.0,80.0,46.7,31.0,0.0,SW@4.7,8.2,83.1,77.7,0.0,830,"Sunnyside, Yakima County",310136,Sunnyside,2017-12-06 04:08:33.042992
2017-07-03,10:30,80.2,80.3,44.8,28.6,0.0,SW@4.9,8.9,83.8,77.8,0.0,855,"Sunnyside, Yakima County",310136,Sunnyside,2017-12-06 04:08:33.042992
2017-07-03,10:45,80.8,80.8,45.1,28.4,0.0,SW@4.4,7.4,84.5,77.8,0.0,875,"Sunnyside, Yakima County",310136,Sunnyside,2017-12-06 04:08:33.042992
2017-07-03,11:00,80.6,80.5,44.5,28.0,0.0,SW@4.5,8.5,85.2,77.9,0.0,890,"Sunnyside, Yakima County",310136,Sunnyside,2017-12-06 04:08:33.042992
2017-07-03,11:15,80.8,80.8,46.1,29.5,0.0,SW@4.6,8.2,86.0,78.0,0.0,904,"Sunnyside, Yakima County",310136,Sunnyside,2017-12-06 04:08:33.042992
2017-07-03,11:30,81.2,81.3,47.0,30.1,0.0,SW@4.2,8.2,86.7,78.1,0.0,913,"Sunnyside, Yakima County",310136,Sunnyside,2017-12-06 04:08:33.042992
2017-07-03,11:45,81.6,81.5,45.8,28.5,0.0,S@4.1,8.9,87.4,78.3,0.0,921,"Sunnyside, Yakima County",310136,Sunnyside,2017-12-06 04:08:33.042992
2017-07-03,12:00,82.1,82.1,44.7,26.8,0.0,SW@3.6,8.2,88.1,78.4,0.0,926,"Sunnyside, Yakima County",310136,Sunnyside,2017-12-06 04:08:33.042992
2017-07-03,12:15,83.1,83.1,45.1,26.4,0.0,SW@3.4,6.4,88.8,78.6,0.0,929,"Sunnyside, Yakima County",310136,Sunnyside,2017-12-06 04:08:33.042992
2017-07-03,12:30,83.4,83.5,43.8,24.8,0.0,SW@3.7,7.4,89.5,78.8,0.0,927,"Sunnyside, Yakima County",310136,Sunnyside,2017-12-06 04:08:33.042992
2017-07-03,12:45,84.5,84.5,40.9,21.5,0.0,SW@3.1,6.0,90.2,79.0,0.0,926,"Sunnyside, Yakima County",310136,Sunnyside,2017-12-06 04:08:33.042992
2017-07-03,13:00,84.8,84.7,41.3,21.6,0.0,S@3.0,6.0,90.9,79.2,0.0,922,"Sunnyside, Yakima County",310136,Sunnyside,2017-12-06 04:08:33.042992
2017-07-03,13:15,85.8,85.7,39.6,19.6,0.0,SW@3.4,7.1,91.5,79.4,0.0,916,"Sunnyside, Yakima County",310136,Sunnyside,2017-12-06 04:08:33.042992
2017-07-03,13:30,85.2,85.0,42.8,22.6,0.0,S@2.9,5.3,92.0,79.7,0.0,907,"Sunnyside, Yakima County",310136,Sunnyside,2017-12-06 04:08:33.042992
2017-07-03,13:45,85.9,85.8,37.6,18.0,0.0,S@3.0,7.1,92.6,79.9,0.0,885,"Sunnyside, Yakima County",310136,Sunnyside,2017-12-06 04:08:33.042992
2017-07-03,14:00,86.2,86.1,37.2,17.6,0.0,S@3.2,6.0,93.1,80.2,0.0,865,"Sunnyside, Yakima County",310136,Sunnyside,2017-12-06 04:08:33.042992
2017-07-03,14:15,87.2,87.1,37.1,17.0,0.0,S@2.9,7.4,93.6,80.4,0.0,841,"Sunnyside, Yakima County",310136,Sunnyside,2017-12-06 04:08:33.042992
2017-07-03,14:30,87.4,87.3,38.2,17.6,0.0,S@2.7,5.7,94.0,80.7,0.0,815,"Sunnyside, Yakima County",310136,Sunnyside,2017-12-06 04:08:33.042992
2017-07-03,14:45,87.0,86.9,38.7,18.1,0.0,S@3.5,6.0,94.3,80.9,0.0,787,"Sunnyside, Yakima County",310136,Sunnyside,2017-12-06 04:08:33.042992
2017-07-03,15:00,87.8,87.8,36.2,16.1,0.0,SW@3.0,4.9,94.7,81.2,0.0,756,"Sunnyside, Yakima County",310136,Sunnyside,2017-12-06 04:08:33.042992
2017-07-03,15:15,87.8,87.7,37.8,17.2,0.0,S@3.2,6.4,95.0,81.4,0.0,724,"Sunnyside, Yakima County",310136,Sunnyside,2017-12-06 04:08:33.042992
2017-07-03,15:30,88.6,88.6,38.2,17.0,0.0,SW@3.0,5.3,95.2,81.7,0.0,689,"Sunnyside, Yakima County",310136,Sunnyside,2017-12-06 04:08:33.042992
2017-07-03,15:45,88.5,88.4,41.1,19.1,0.0,S@2.6,4.6,95.4,81.9,0.0,651,"Sunnyside, Yakima County",310136,Sunnyside,2017-12-06 04:08:33.042992
2017-07-03,16:00,88.0,87.7,43.9,21.6,0.0,S@2.9,4.6,95.5,82.1,0.0,612,"Sunnyside, Yakima County",310136,Sunnyside,2017-12-06 04:08:33.042992
2017-07-03,16:15,88.5,88.3,45.1,22.2,0.0,S@2.2,4.2,95.7,82.3,0.0,574,"Sunnyside, Yakima County",310136,Sunnyside,2017-12-06 04:08:33.042992
2017-07-03,16:30,88.8,88.6,45.5,22.3,0.0,SE@2.2,3.9,95.7,82.4,0.0,532,"Sunnyside, Yakima County",310136,Sunnyside,2017-12-06 04:08:33.042992
2017-07-03,16:45,87.8,87.6,44.3,22.0,0.0,S@2.7,5.3,95.8,82.5,0.0,489,"Sunnyside, Yakima County",310136,Sunnyside,2017-12-06 04:08:33.042992
2017-07-03,17:00,88.1,88.0,43.3,21.0,0.0,SW@2.8,5.3,95.8,82.6,0.0,446,"Sunnyside, Yakima County",310136,Sunnyside,2017-12-06 04:08:33.042992
2017-07-03,17:15,88.6,88.5,43.8,21.1,0.0,S@1.9,3.9,95.7,82.7,0.0,404,"Sunnyside, Yakima County",310136,Sunnyside,2017-12-06 04:08:33.042992
2017-07-03,17:30,88.2,88.2,45.5,22.7,0.0,S@2.1,3.5,95.6,82.8,0.0,359,"Sunnyside, Yakima County",310136,Sunnyside,2017-12-06 04:08:33.042992
2017-07-03,17:45,87.6,87.9,47.0,24.6,0.0,S@2.0,3.5,95.4,82.9,0.0,316,"Sunnyside, Yakima County",310136,Sunnyside,2017-12-06 04:08:33.042992
2017-07-03,18:00,87.9,88.4,48.1,25.3,0.0,S@0.6,2.8,95.2,83.0,0.0,273,"Sunnyside, Yakima County",310136,Sunnyside,2017-12-06 04:08:33.042992
2017-07-03,18:15,87.1,87.1,49.3,27.2,0.0,S@0.8,2.8,94.9,83.0,0.0,231,"Sunnyside, Yakima County",310136,Sunnyside,2017-12-06 04:08:33.042992
2017-07-03,18:30,87.6,87.5,49.2,26.7,0.0,SW@0.9,3.1,94.6,83.1,0.0,194,"Sunnyside, Yakima County",310136,Sunnyside,2017-12-06 04:08:33.042992
2017-07-03,18:45,88.4,88.4,53.4,30.3,0.0,N@0.0,0.0,94.3,83.2,0.0,127,"Sunnyside, Yakima County",310136,Sunnyside,2017-12-06 04:08:33.042992
2017-07-03,19:00,85.4,85.5,55.1,35.6,0.0,NE@0.3,2.1,93.8,83.2,0.0,132,"Sunnyside, Yakima County",310136,Sunnyside,2017-12-06 04:08:33.042992
2017-07-03,19:15,80.7,80.8,52.6,37.7,0.0,N@2.4,3.1,93.4,83.2,0.0,47,"Sunnyside, Yakima County",310136,Sunnyside,2017-12-06 04:08:33.042992
2017-07-03,19:30,77.8,77.6,53.7,43.2,0.0,N@2.5,3.5,92.8,83.3,0.0,36,"Sunnyside, Yakima County",310136,Sunnyside,2017-12-06 04:08:33.042992
2017-07-03,19:45,77.4,77.4,43.7,30.1,0.0,N@2.4,3.9,92.2,83.3,0.0,20,"Sunnyside, Yakima County",310136,Sunnyside,2017-12-06 04:08:33.042992
2017-07-03,20:00,76.5,76.5,40.1,27.1,0.0,N@2.8,4.6,91.6,83.3,0.0,7,"Sunnyside, Yakima County",310136,Sunnyside,2017-12-06 04:08:33.042992
2017-07-03,20:15,76.0,76.0,38.1,25.4,0.0,N@3.0,4.6,91.0,83.4,0.0,2,"Sunnyside, Yakima County",310136,Sunnyside,2017-12-06 04:08:33.042992
2017-07-03,20:30,74.3,74.4,37.3,26.0,0.0,N@3.6,6.0,90.3,83.4,0.0,1,"Sunnyside, Yakima County",310136,Sunnyside,2017-12-06 04:08:33.042992
2017-07-03,20:45,73.7,73.8,37.0,26.2,0.0,N@3.8,6.0,89.6,83.3,0.0,0,"Sunnyside, Yakima County",310136,Sunnyside,2017-12-06 04:08:33.042992
2017-07-03,21:00,73.9,73.9,37.9,27.0,0.0,N@3.8,6.7,88.9,83.3,0.0,0,"Sunnyside, Yakima County",310136,Sunnyside,2017-12-06 04:08:33.042992
2017-07-03,21:15,73.3,73.4,38.3,28.0,0.0,N@4.4,6.4,88.3,83.3,0.0,0,"Sunnyside, Yakima County",310136,Sunnyside,2017-12-06 04:08:33.042992
2017-07-03,21:30,72.6,72.6,38.4,28.8,0.0,N@4.0,6.0,87.7,83.2,0.0,0,"Sunnyside, Yakima County",310136,Sunnyside,2017-12-06 04:08:33.042992
2017-07-03,21:45,72.4,72.4,38.2,28.8,0.0,N@3.4,5.7,87.1,83.2,0.0,0,"Sunnyside, Yakima County",310136,Sunnyside,2017-12-06 04:08:33.042992
2017-07-03,22:00,72.3,72.3,38.3,29.1,0.0,N@3.5,5.3,86.6,83.1,0.0,0,"Sunnyside, Yakima County",310136,Sunnyside,2017-12-06 04:08:33.042992
2017-07-03,22:15,71.9,71.9,38.7,29.9,0.0,N@3.1,4.9,86.0,83.0,0.0,0,"Sunnyside, Yakima County",310136,Sunnyside,2017-12-06 04:08:33.042992
2017-07-03,22:30,71.1,71.2,38.9,30.9,0.0,N@3.0,5.3,85.6,82.9,0.0,0,"Sunnyside, Yakima County",310136,Sunnyside,2017-12-06 04:08:33.042992
2017-07-03,22:45,69.7,69.7,43.1,38.1,0.0,W@1.7,5.3,85.1,82.9,0.0,0,"Sunnyside, Yakima County",310136,Sunnyside,2017-12-06 04:08:33.042992
2017-07-03,23:00,66.7,66.7,43.3,42.6,0.0,N@1.1,2.4,84.6,82.8,0.0,0,"Sunnyside, Yakima County",310136,Sunnyside,2017-12-06 04:08:33.042992
2017-07-04,23:15,66.1,65.9,42.4,42.1,0.0,N@1.0,2.4,84.2,82.7,0.0,0,"Sunnyside, Yakima County",310136,Sunnyside,2017-12-06 04:08:33.042992
2017-07-04,23:30,66.4,66.3,42.6,41.9,0.0,N@1.9,3.5,83.8,82.6,0.0,0,"Sunnyside, Yakima County",310136,Sunnyside,2017-12-06 04:08:33.042992
2017-07-04,23:45,66.7,66.6,41.3,39.5,0.0,N@2.7,4.2,83.4,82.5,0.0,0,"Sunnyside, Yakima County",310136,Sunnyside,2017-12-06 04:08:33.042992
2017-07-04,24:00,66.8,66.9,39.8,37.0,0.0,NE@2.6,6.4,83.0,82.4,0.0,0,"Sunnyside, Yakima County",310136,Sunnyside,2017-12-06 04:08:33.042992
2017-07-04,00:15,65.4,65.5,40.7,40.4,0.0,NE@1.5,3.1,82.6,82.2,0.0,0,"Sunnyside, Yakima County",310136,Sunnyside,2017-12-06 04:08:33.042992
2017-07-04,00:30,64.2,64.3,41.3,43.0,0.0,NE@0.4,2.1,82.2,82.1,0.0,0,"Sunnyside, Yakima County",310136,Sunnyside,2017-12-06 04:08:33.042992
2017-07-04,00:45,63.7,63.7,40.4,42.4,0.0,N@1.5,2.8,81.8,82.0,0.0,0,"Sunnyside, Yakima County",310136,Sunnyside,2017-12-06 04:08:33.042992
2017-07-04,01:00,64.2,64.4,40.5,41.7,0.0,NE@2.0,3.9,81.4,81.9,0.0,0,"Sunnyside, Yakima County",310136,Sunnyside,2017-12-06 04:08:33.042992
2017-07-04,01:15,64.0,64.2,40.4,41.9,0.0,E@0.9,3.1,81.0,81.7,0.0,0,"Sunnyside, Yakima County",310136,Sunnyside,2017-12-06 04:08:33.042992
2017-07-04,01:30,62.4,62.5,40.6,44.6,0.0,N@0.0,0.0,80.6,81.6,0.0,0,"Sunnyside, Yakima County",310136,Sunnyside,2017-12-06 04:08:33.042992
2017-07-04,01:45,61.2,61.2,41.4,48.0,0.0,N@0.9,2.8,80.3,81.5,0.0,0,"Sunnyside, Yakima County",310136,Sunnyside,2017-12-06 04:08:33.042992
2017-07-04,02:00,61.0,61.1,41.0,47.6,0.0,N@0.0,1.4,79.9,81.3,0.0,0,"Sunnyside, Yakima County",310136,Sunnyside,2017-12-06 04:08:33.042992
2017-07-04,02:15,60.8,60.9,40.1,46.3,0.0,N@1.3,3.5,79.5,81.2,0.0,0,"Sunnyside, Yakima County",310136,Sunnyside,2017-12-06 04:08:33.042992
2017-07-04,02:30,61.3,61.4,38.9,43.4,0.0,N@1.1,3.1,79.2,81.1,0.0,0,"Sunnyside, Yakima County",310136,Sunnyside,2017-12-06 04:08:33.042992
2017-07-04,02:45,60.8,60.8,38.8,44.0,0.0,N@0.3,2.4,78.9,80.9,0.0,0,"Sunnyside, Yakima County",310136,Sunnyside,2017-12-06 04:08:33.042992
2017-07-04,03:00,60.0,60.1,38.4,44.6,0.0,N@0.5,2.8,78.6,80.8,0.0,0,"Sunnyside, Yakima County",310136,Sunnyside,2017-12-06 04:08:33.042992
2017-07-04,03:15,60.1,60.1,38.1,44.0,0.0,N@1.3,3.5,78.2,80.7,0.0,0,"Sunnyside, Yakima County",310136,Sunnyside,2017-12-06 04:08:33.042992
2017-07-04,03:30,60.1,60.1,37.8,43.4,0.0,N@1.9,3.1,78.0,80.5,0.0,0,"Sunnyside, Yakima County",310136,Sunnyside,2017-12-06 04:08:33.042992
2017-07-04,03:45,60.7,60.6,38.2,43.2,0.0,NE@1.5,3.5,77.7,80.4,0.0,0,"Sunnyside, Yakima County",310136,Sunnyside,2017-12-06 04:08:33.042992
2017-07-04,04:00,60.2,60.2,38.9,45.2,0.0,N@0.0,0.0,77.4,80.2,0.0,1,"Sunnyside, Yakima County",310136,Sunnyside,2017-12-06 04:08:33.042992
2017-07-04,04:15,59.2,59.2,39.6,48.2,0.0,N@0.0,0.0,77.2,80.1,0.0,4,"Sunnyside, Yakima County",310136,Sunnyside,2017-12-06 04:08:33.042992
2017-07-04,04:30,58.7,58.7,39.6,49.0,0.0,N@0.0,0.0,76.9,79.9,0.0,5,"Sunnyside, Yakima County",310136,Sunnyside,2017-12-06 04:08:33.042992
2017-07-04,04:45,58.8,58.9,39.9,49.4,0.0,N@0.0,0.0,76.7,79.8,0.0,13,"Sunnyside, Yakima County",310136,Sunnyside,2017-12-06 04:08:33.042992
2017-07-04,05:00,59.7,59.6,40.3,48.7,0.0,N@0.7,3.9,76.4,79.6,0.0,29,"Sunnyside, Yakima County",310136,Sunnyside,2017-12-06 04:08:33.042992
2017-07-04,05:15,59.6,59.6,39.3,46.8,0.0,N@2.2,3.5,76.2,79.5,0.0,53,"Sunnyside, Yakima County",310136,Sunnyside,2017-12-06 04:08:33.042992
2017-07-04,05:30,60.4,60.5,40.7,48.1,0.0,NE@0.7,2.8,76.0,79.4,0.0,80,"Sunnyside, Yakima County",310136,Sunnyside,2017-12-06 04:08:33.042992
2017-07-04,05:45,62.3,63.3,42.1,47.5,0.0,N@0.0,0.0,75.8,79.2,0.0,114,"Sunnyside, Yakima County",310136,Sunnyside,2017-12-06 04:08:33.042992
2017-07-04,06:00,63.5,63.9,45.6,51.9,0.0,E@0.5,2.4,75.7,79.1,0.0,194,"Sunnyside, Yakima County",310136,Sunnyside,2017-12-06 04:08:33.042992
2017-07-04,06:15,64.4,64.1,45.0,49.3,0.0,SE@1.4,3.1,75.6,78.9,0.0,231,"Sunnyside, Yakima County",310136,Sunnyside,2017-12-06 04:08:33.042992
2017-07-04,06:30,64.3,64.3,45.2,49.9,0.0,SE@0.4,2.1,75.6,78.8,0.0,230,"Sunnyside, Yakima County",310136,Sunnyside,2017-12-06 04:08:33.042992
2017-07-04,06:45,64.6,64.6,46.4,51.5,0.0,E@0.5,1.7,75.7,78.6,0.0,240,"Sunnyside, Yakima County",310136,Sunnyside,2017-12-06 04:08:33.042992
2017-07-04,07:00,65.4,65.3,48.4,54.1,0.0,SE@0.9,2.8,75.9,78.5,0.0,319,"Sunnyside, Yakima County",310136,Sunnyside,2017-12-06 04:08:33.042992
2017-07-04,07:15,65.6,65.5,48.9,54.7,0.0,SE@1.3,3.1,76.0,78.4,0.0,242,"Sunnyside, Yakima County",310136,Sunnyside,2017-12-06 04:08:33.042992
2017-07-04,07:30,68.3,68.3,48.2,48.5,0.0,SE@1.5,3.5,76.3,78.3,0.0,418,"Sunnyside, Yakima County",310136,Sunnyside,2017-12-06 04:08:33.042992
2017-07-04,07:45,69.7,69.6,48.4,46.6,0.0,SE@2.5,4.9,76.5,78.1,0.0,411,"Sunnyside, Yakima County",310136,Sunnyside,2017-12-06 04:08:33.042992
2017-07-04,08:00,68.8,68.7,49.8,50.6,0.0,SE@2.5,4.6,76.9,78.0,0.0,491,"Sunnyside, Yakima County",310136,Sunnyside,2017-12-06 04:08:33.042992
2017-07-04,08:15,69.7,69.6,48.8,47.3,0.0,SE@2.8,4.9,77.3,77.9,0.0,511,"Sunnyside, Yakima County",310136,Sunnyside,2017-12-06 04:08:33.042992
2017-07-04,08:30,70.9,70.7,49.1,45.9,0.0,SE@2.6,4.9,77.9,77.9,0.0,613,"Sunnyside, Yakima County",310136,Sunnyside,2017-12-06 04:08:33.042992
2017-07-04,08:45,71.1,71.1,48.9,45.2,0.0,S@3.2,5.3,78.6,77.8,0.0,649,"Sunnyside, Yakima County",310136,Sunnyside,2017-12-06 04:08:33.042992
2017-07-04,09:00,72.5,72.3,49.3,43.9,0.0,S@2.6,4.9,79.3,77.7,0.0,709,"Sunnyside, Yakima County",310136,Sunnyside,2017-12-06 04:08:33.042992
2017-07-04,09:15,74.0,74.0,48.0,39.7,0.0,S@2.3,4.2,80.1,77.7,0.0,746,"Sunnyside, Yakima County",310136,Sunnyside,2017-12-06 04:08:33.042992
2017-07-04,09:30,74.7,74.7,49.6,41.2,0.0,SE@2.6,5.3,80.9,77.6,0.0,755,"Sunnyside, Yakima County",310136,Sunnyside,2017-12-06 04:08:33.042992
2017-07-04,09:45,76.1,76.0,49.2,38.6,0.0,S@2.7,5.7,81.7,77.6,0.0,785,"Sunnyside, Yakima County",310136,Sunnyside,2017-12-06 04:08:33.042992
2017-07-04,10:00,77.9,77.9,49.8,37.2,0.0,SE@2.3,4.2,82.6,77.6,0.0,774,"Sunnyside, Yakima County",310136,Sunnyside,2017-12-06 04:08:33.042992
2017-07-04,10:15,78.5,78.3,48.5,34.8,0.0,SE@2.7,4.6,83.4,77.6,0.0,813,"Sunnyside, Yakima County",310136,Sunnyside,2017-12-06 04:08:33.042992
2017-07-04,10:30,79.1,78.9,47.4,32.8,0.0,S@2.7,6.0,84.3,77.6,0.0,871,"Sunnyside, Yakima County",310136,Sunnyside,2017-12-06 04:08:33.042992
2017-07-04,10:45,80.2,79.9,47.8,32.1,0.0,SE@2.3,4.2,85.2,77.7,0.0,876,"Sunnyside, Yakima County",310136,Sunnyside,2017-12-06 04:08:33.042992
2017-07-04,11:00,80.8,80.5,47.7,31.3,0.0,S@2.7,4.9,86.0,77.8,0.0,869,"Sunnyside, Yakima County",310136,Sunnyside,2017-12-06 04:08:33.042992
2017-07-04,11:15,81.6,81.2,47.9,30.8,0.0,S@3.0,5.3,86.8,77.9,0.0,888,"Sunnyside, Yakima County",310136,Sunnyside,2017-12-06 04:08:33.042992
2017-07-04,11:30,82.1,81.9,48.1,30.5,0.0,S@3.3,5.3,87.7,78.1,0.0,842,"Sunnyside, Yakima County",310136,Sunnyside,2017-12-06 04:08:33.042992
2017-07-04,11:45,82.9,82.7,47.7,29.2,0.0,S@3.0,4.9,88.5,78.2,0.0,897,"Sunnyside, Yakima County",310136,Sunnyside,2017-12-06 04:08:33.042992
2017-07-04,12:00,84.4,84.4,45.1,25.3,0.0,S@2.7,4.9,89.2,78.4,0.0,897,"Sunnyside, Yakima County",310136,Sunnyside,2017-12-06 04:08:33.042992
2017-07-04,12:15,84.5,84.4,44.4,24.6,0.0,SW@3.1,5.3,90.0,78.6,0.0,937,"Sunnyside, Yakima County",310136,Sunnyside,2017-12-06 04:08:33.042992
2017-07-04,12:30,84.7,84.7,45.8,25.7,0.0,S@3.3,5.7,90.7,78.8,0.0,932,"Sunnyside, Yakima County",310136,Sunnyside,2017-12-06 04:08:33.042992
2017-07-04,12:45,87.4,87.2,43.4,21.6,0.0,SW@1.8,3.5,91.4,79.1,0.0,928,"Sunnyside, Yakima County",310136,Sunnyside,2017-12-06 04:08:33.042992
2017-07-04,13:00,87.8,87.5,41.8,20.0,0.0,N@2.6,5.3,92.0,79.3,0.0,922,"Sunnyside, Yakima County",310136,Sunnyside,2017-12-06 04:08:33.042992
2017-07-04,13:15,87.6,87.5,45.7,23.3,0.0,SW@2.4,3.9,92.6,79.6,0.0,911,"Sunnyside, Yakima County",310136,Sunnyside,2017-12-06 04:08:33.042992
2017-07-04,13:30,88.2,87.9,42.5,20.3,0.0,NW@2.2,3.9,93.2,79.8,0.0,899,"Sunnyside, Yakima County",310136,Sunnyside,2017-12-06 04:08:33.042992
2017-07-04,13:45,88.7,88.7,43.4,20.6,0.0,SW@2.2,4.2,93.7,80.1,0.0,884,"Sunnyside, Yakima County",310136,Sunnyside,2017-12-06 04:08:33.042992
2017-07-04,14:00,88.9,89.0,45.6,22.3,0.0,SW@2.4,4.6,94.2,80.4,0.0,864,"Sunnyside, Yakima County",310136,Sunnyside,2017-12-06 04:08:33.042992
2017-07-04,14:15,89.9,89.9,45.3,21.4,0.0,W@2.3,3.9,94.7,80.6,0.0,840,"Sunnyside, Yakima County",310136,Sunnyside,2017-12-06 04:08:33.042992
2017-07-04,14:30,89.6,89.6,45.0,21.4,0.0,SW@2.5,4.6,95.1,80.9,0.0,816,"Sunnyside, Yakima County",310136,Sunnyside,2017-12-06 04:08:33.042992
2017-07-04,14:45,90.8,90.8,46.0,21.3,0.0,W@2.2,3.9,95.5,81.2,0.0,790,"Sunnyside, Yakima County",310136,Sunnyside,2017-12-06 04:08:33.042992
2017-07-04,15:00,91.2,91.2,45.2,20.4,0.0,W@2.3,4.6,95.8,81.5,0.0,760,"Sunnyside, Yakima County",310136,Sunnyside,2017-12-06 04:08:33.042992
2017-07-04,15:15,91.7,91.8,42.7,18.3,0.0,W@1.8,4.2,96.1,81.8,0.0,726,"Sunnyside, Yakima County",310136,Sunnyside,2017-12-06 04:08:33.042992
2017-07-04,15:30,90.8,90.8,43.5,19.4,0.0,S@1.8,3.9,96.4,82.0,0.0,694,"Sunnyside, Yakima County",310136,Sunnyside,2017-12-06 04:08:33.042992
2017-07-04,15:45,90.7,90.7,45.2,20.9,0.0,S@1.9,3.5,96.6,82.3,0.0,656,"Sunnyside, Yakima County",310136,Sunnyside,2017-12-06 04:08:33.042992
2017-07-04,16:00,92.6,92.6,45.4,19.8,0.0,W@1.5,2.8,96.8,82.5,0.0,617,"Sunnyside, Yakima County",310136,Sunnyside,2017-12-06 04:08:33.042992
2017-07-04,16:15,93.0,92.8,43.2,17.9,0.0,W@1.7,3.1,96.9,82.7,0.0,578,"Sunnyside, Yakima County",310136,Sunnyside,2017-12-06 04:08:33.042992
2017-07-04,16:30,92.8,92.5,41.2,16.7,0.0,W@1.1,2.8,97.0,82.8,0.0,536,"Sunnyside, Yakima County",310136,Sunnyside,2017-12-06 04:08:33.042992
2017-07-04,16:45,92.4,92.5,41.6,17.2,0.0,SW@1.8,3.1,97.0,83.0,0.0,494,"Sunnyside, Yakima County",310136,Sunnyside,2017-12-06 04:08:33.042992
2017-07-04,17:00,92.0,92.0,45.0,19.8,0.0,SE@1.0,2.4,97.0,83.1,0.0,452,"Sunnyside, Yakima County",310136,Sunnyside,2017-12-06 04:08:33.042992
2017-07-04,17:15,92.5,92.5,44.3,19.0,0.0,S@0.9,2.4,96.9,83.2,0.0,409,"Sunnyside, Yakima County",310136,Sunnyside,2017-12-06 04:08:33.042992
2017-07-04,17:30,91.7,91.8,46.1,20.9,0.0,S@0.9,2.4,96.7,83.3,0.0,363,"Sunnyside, Yakima County",310136,Sunnyside,2017-12-06 04:08:33.042992
2017-07-04,17:45,92.0,92.6,45.5,20.2,0.0,S@0.9,2.4,96.6,83.4,0.0,319,"Sunnyside, Yakima County",310136,Sunnyside,2017-12-06 04:08:33.042992
2017-07-04,18:00,91.5,92.0,45.0,20.1,0.0,N@0.0,0.0,96.4,83.5,0.0,275,"Sunnyside, Yakima County",310136,Sunnyside,2017-12-06 04:08:33.042992
2017-07-04,18:15,91.9,92.2,50.4,24.3,0.0,N@0.0,0.0,96.1,83.5,0.0,233,"Sunnyside, Yakima County",310136,Sunnyside,2017-12-06 04:08:33.042992
2017-07-04,18:30,91.5,91.5,60.5,35.5,0.0,N@0.0,0.0,95.8,83.6,0.0,192,"Sunnyside, Yakima County",310136,Sunnyside,2017-12-06 04:08:33.042992
2017-07-04,18:45,89.3,88.7,58.1,35.0,0.0,N@0.0,0.0,95.4,83.7,0.0,151,"Sunnyside, Yakima County",310136,Sunnyside,2017-12-06 04:08:33.042992
2017-07-04,19:00,85.1,85.5,54.2,34.7,0.0,N@0.8,2.4,95.0,83.7,0.0,116,"Sunnyside, Yakima County",310136,Sunnyside,2017-12-06 04:08:33.042992
2017-07-04,19:15,83.5,84.1,56.0,39.1,0.0,N@0.8,1.7,94.5,83.8,0.0,83,"Sunnyside, Yakima County",310136,Sunnyside,2017-12-06 04:08:33.042992
2017-07-04,19:30,79.6,80.0,58.5,48.6,0.0,N@0.9,2.4,93.9,83.8,0.0,51,"Sunnyside, Yakima County",310136,Sunnyside,2017-12-06 04:08:33.042992
2017-07-04,19:45,76.6,76.6,55.1,47.4,0.0,N@2.8,4.9,93.2,83.9,0.0,18,"Sunnyside, Yakima County",310136,Sunnyside,2017-12-06 04:08:33.042992
2017-07-04,20:00,76.3,76.4,41.2,28.3,0.0,N@3.9,5.3,92.6,83.9,0.0,6,"Sunnyside, Yakima County",310136,Sunnyside,2017-12-06 04:08:33.042992
2017-07-04,20:15,75.6,75.6,38.0,25.7,0.0,N@3.9,5.7,91.9,83.9,0.0,2,"Sunnyside, Yakima County",310136,Sunnyside,2017-12-06 04:08:33.042992
2017-07-04,20:30,75.2,75.3,36.3,24.3,0.0,N@4.6,7.4,91.2,83.9,0.0,1,"Sunnyside, Yakima County",310136,Sunnyside,2017-12-06 04:08:33.042992
2017-07-04,20:45,75.0,75.2,35.0,23.2,0.0,N@4.6,7.4,90.4,83.9,0.0,0,"Sunnyside, Yakima County",310136,Sunnyside,2017-12-06 04:08:33.042992
2017-07-04,21:00,74.5,74.7,36.4,24.9,0.0,N@3.6,6.4,89.7,83.9,0.0,0,"Sunnyside, Yakima County",310136,Sunnyside,2017-12-06 04:08:33.042992
2017-07-04,21:15,74.1,74.2,37.5,26.5,0.0,N@3.5,5.7,89.1,83.8,0.0,0,"Sunnyside, Yakima County",310136,Sunnyside,2017-12-06 04:08:33.042992
2017-07-04,21:30,73.3,73.3,39.5,29.4,0.0,N@2.8,4.2,88.4,83.8,0.0,0,"Sunnyside, Yakima County",310136,Sunnyside,2017-12-06 04:08:33.042992
2017-07-04,21:45,73.4,73.4,42.1,32.5,0.0,N@3.0,4.6,87.8,83.7,0.0,0,"Sunnyside, Yakima County",310136,Sunnyside,2017-12-06 04:08:33.042992
2017-07-04,22:00,72.5,72.4,41.7,32.9,0.0,N@2.9,3.9,87.2,83.7,0.0,0,"Sunnyside, Yakima County",310136,Sunnyside,2017-12-06 04:08:33.042992
2017-07-04,22:15,72.6,72.6,44.3,36.2,0.06,N@3.2,5.3,86.7,83.6,0.0,0,"Sunnyside, Yakima County",310136,Sunnyside,2017-12-06 04:08:33.042992
2017-07-04,22:30,71.2,71.3,44.1,37.8,0.04,N@3.0,5.3,86.2,83.5,0.0,0,"Sunnyside, Yakima County",310136,Sunnyside,2017-12-06 04:08:33.042992
2017-07-04,22:45,71.3,71.4,41.4,33.8,0.0,N@2.9,3.9,85.7,83.4,0.0,0,"Sunnyside, Yakima County",310136,Sunnyside,2017-12-06 04:08:33.042992
2017-07-04,23:00,72.4,72.5,39.6,30.4,0.0,N@3.1,4.2,85.2,83.3,0.0,0,"Sunnyside, Yakima County",310136,Sunnyside,2017-12-06 04:08:33.042992
2017-07-05,23:15,72.5,72.5,38.6,29.1,0.0,N@2.7,4.2,84.8,83.2,0.0,0,"Sunnyside, Yakima County",310136,Sunnyside,2017-12-06 04:08:33.042992
2017-07-05,23:30,73.9,73.8,37.2,26.4,0.0,N@2.7,4.2,84.3,83.1,0.0,0,"Sunnyside, Yakima County",310136,Sunnyside,2017-12-06 04:08:33.042992
2017-07-05,23:45,71.3,71.3,42.1,34.7,0.0,NW@2.1,4.6,83.9,83.0,0.0,0,"Sunnyside, Yakima County",310136,Sunnyside,2017-12-06 04:08:33.042992
2017-07-05,24:00,69.5,69.5,42.0,36.7,0.0,N@1.6,4.2,83.5,82.9,0.0,0,"Sunnyside, Yakima County",310136,Sunnyside,2017-12-06 04:08:33.042992
2017-07-05,00:15,68.4,68.4,42.5,39.0,0.0,N@1.6,2.8,83.1,82.7,0.0,0,"Sunnyside, Yakima County",310136,Sunnyside,2017-12-06 04:08:33.042992
2017-07-05,00:30,66.3,66.4,43.3,43.2,0.0,N@1.4,3.5,82.8,82.6,0.0,0,"Sunnyside, Yakima County",310136,Sunnyside,2017-12-06 04:08:33.042992
2017-07-05,00:45,67.0,67.0,40.9,38.5,0.0,N@2.8,5.3,82.4,82.5,0.0,0,"Sunnyside, Yakima County",310136,Sunnyside,2017-12-06 04:08:33.042992
2017-07-05,01:00,68.2,68.3,35.1,29.4,0.0,N@3.7,5.3,82.1,82.4,0.0,0,"Sunnyside, Yakima County",310136,Sunnyside,2017-12-06 04:08:33.042992
2017-07-05,01:15,67.6,67.7,34.5,29.2,0.0,N@3.6,5.3,81.7,82.2,0.0,0,"Sunnyside, Yakima County",310136,Sunnyside,2017-12-06 04:08:33.042992
2017-07-05,01:30,67.9,67.9,33.8,28.2,0.0,N@3.5,5.3,81.4,82.1,0.0,0,"Sunnyside, Yakima County",310136,Sunnyside,2017-12-06 04:08:33.042992
2017-07-05,01:45,66.5,66.5,35.4,31.6,0.0,N@2.6,4.6,81.1,82.0,0.0,0,"Sunnyside, Yakima County",310136,Sunnyside,2017-12-06 04:08:33.042992
2017-07-05,02:00,63.8,63.9,37.4,37.4,0.0,N@1.5,3.5,80.8,81.8,0.0,0,"Sunnyside, Yakima County",310136,Sunnyside,2017-12-06 04:08:33.042992
2017-07-05,02:15,64.2,64.3,34.6,33.1,0.0,N@2.7,4.2,80.4,81.7,0.0,0,"Sunnyside, Yakima County",310136,Sunnyside,2017-12-06 04:08:33.042992
2017-07-05,02:30,63.9,64.0,34.6,33.3,0.0,N@2.8,4.6,80.1,81.6,0.0,0,"Sunnyside, Yakima County",310136,Sunnyside,2017-12-06 04:08:33.042992
2017-07-05,02:45,64.3,64.3,35.2,33.9,0.0,N@2.2,5.3,79.8,81.4,0.0,0,"Sunnyside, Yakima County",310136,Sunnyside,2017-12-06 04:08:33.042992
2017-07-05,03:00,63.5,63.6,35.2,34.7,0.0,N@2.2,3.5,79.5,81.3,0.0,0,"Sunnyside, Yakima County",310136,Sunnyside,2017-12-06 04:08:33.042992
2017-07-05,03:15,62.6,62.6,35.8,36.8,0.0,N@1.6,2.4,79.2,81.2,0.0,0,"Sunnyside, Yakima County",310136,Sunnyside,2017-12-06 04:08:33.042992
2017-07-05,03:30,62.2,62.3,36.0,37.6,0.0,N@2.4,3.9,78.9,81.0,0.0,0,"Sunnyside, Yakima County",310136,Sunnyside,2017-12-06 04:08:33.042992
2017-07-05,03:45,63.2,63.3,39.6,41.8,0.0,NE@2.3,3.5,78.6,80.9,0.0,0,"Sunnyside, Yakima County",310136,Sunnyside,2017-12-06 04:08:33.042992
2017-07-05,04:00,62.6,62.7,38.1,40.2,0.0,N@2.0,2.8,78.3,80.7,0.0,1,"Sunnyside, Yakima County",310136,Sunnyside,2017-12-06 04:08:33.042992
2017-07-05,04:15,62.8,62.8,38.3,40.2,0.0,N@2.4,3.5,78.0,80.6,0.0,4,"Sunnyside, Yakima County",310136,Sunnyside,2017-12-06 04:08:33.042992
2017-07-05,04:30,62.1,62.2,35.7,37.2,0.0,N@2.2,3.9,77.8,80.4,0.0,7,"Sunnyside, Yakima County",310136,Sunnyside,2017-12-06 04:08:33.042992
2017-07-05,04:45,62.5,62.6,40.9,45.1,0.0,NE@2.0,4.2,77.5,80.3,0.0,21,"Sunnyside, Yakima County",310136,Sunnyside,2017-12-06 04:08:33.042992
2017-07-05,05:00,63.7,63.8,41.5,44.2,0.0,N@1.9,3.5,77.3,80.2,0.0,46,"Sunnyside, Yakima County",310136,Sunnyside,2017-12-06 04:08:33.042992
2017-07-05,05:15,63.4,63.4,39.9,42.1,0.0,N@1.5,3.1,77.1,80.0,0.0,73,"Sunnyside, Yakima County",310136,Sunnyside,2017-12-06 04:08:33.042992
2017-07-05,05:30,63.7,63.7,41.7,44.4,0.0,N@1.8,2.8,76.9,79.9,0.0,136,"Sunnyside, Yakima County",310136,Sunnyside,2017-12-06 04:08:33.042992
2017-07-05,05:45,64.8,65.3,41.9,43.2,0.0,N@2.3,3.5,76.8,79.7,0.0,149,"Sunnyside, Yakima County",310136,Sunnyside,2017-12-06 04:08:33.042992
2017-07-05,06:00,66.9,67.0,43.9,43.3,0.0,N@0.9,2.8,76.7,79.6,0.0,167,"Sunnyside, Yakima County",310136,Sunnyside,2017-12-06 04:08:33.042992
2017-07-05,06:15,69.3,68.8,48.7,47.7,0.0,SE@1.7,3.9,76.6,79.5,0.0,213,"Sunnyside, Yakima County",310136,Sunnyside,2017-12-06 04:08:33.042992
2017-07-05,06:30,68.9,69.4,50.7,52.3,0.0,SE@1.8,3.9,76.6,79.3,0.0,261,"Sunnyside, Yakima County",310136,Sunnyside,2017-12-06 04:08:33.042992
2017-07-05,06:45,68.9,68.9,51.7,54.2,0.0,SE@2.4,4.2,76.6,79.2,0.0,304,"Sunnyside, Yakima County",310136,Sunnyside,2017-12-06 04:08:33.042992
2017-07-05,07:00,69.7,69.7,50.8,51.0,0.0,SE@1.7,3.1,76.7,79.1,0.0,345,"Sunnyside, Yakima County",310136,Sunnyside,2017-12-06 04:08:33.042992
2017-07-05,07:15,70.8,71.1,51.6,50.6,0.0,S@1.5,2.8,76.8,78.9,0.0,387,"Sunnyside, Yakima County",310136,Sunnyside,2017-12-06 04:08:33.042992
2017-07-05,07:30,71.3,71.6,50.8,48.3,0.0,S@2.0,3.9,77.0,78.8,0.0,429,"Sunnyside, Yakima County",310136,Sunnyside,2017-12-06 04:08:33.042992
2017-07-05,07:45,72.9,73.2,50.2,44.8,0.0,SW@1.8,3.5,77.3,78.7,0.0,470,"Sunnyside, Yakima County",310136,Sunnyside,2017-12-06 04:08:33.042992
2017-07-05,08:00,73.8,74.1,52.1,46.5,0.0,S@2.2,3.9,77.6,78.6,0.0,510,"Sunnyside, Yakima County",310136,Sunnyside,2017-12-06 04:08:33.042992
2017-07-05,08:15,75.4,75.6,52.1,44.1,0.0,S@1.8,3.1,78.1,78.5,0.0,550,"Sunnyside, Yakima County",310136,Sunnyside,2017-12-06 04:08:33.042992
2017-07-05,08:30,77.0,77.1,54.5,45.7,0.0,SE@2.3,4.6,78.8,78.4,0.0,588,"Sunnyside, Yakima County",310136,Sunnyside,2017-12-06 04:08:33.042992
2017-07-05,08:45,76.9,77.1,54.5,45.8,0.0,S@2.4,4.6,79.5,78.3,0.0,628,"Sunnyside, Yakima County",310136,Sunnyside,2017-12-06 04:08:33.042992
2017-07-05,09:00,78.0,78.1,53.6,42.8,0.0,S@1.9,3.9,80.4,78.2,0.0,663,"Sunnyside, Yakima County",310136,Sunnyside,2017-12-06 04:08:33.042992
2017-07-05,09:15,79.3,79.5,53.7,41.2,0.0,S@1.9,3.9,81.2,78.2,0.0,695,"Sunnyside, Yakima County",310136,Sunnyside,2017-12-06 04:08:33.042992
2017-07-05,09:30,79.9,80.1,54.6,41.7,0.0,S@2.4,4.6,82.2,78.1,0.0,726,"Sunnyside, Yakima County",310136,Sunnyside,2017-12-06 04:08:33.042992
2017-07-05,09:45,80.4,80.4,55.0,41.7,0.0,SW@3.1,5.7,83.0,78.1,0.0,753,"Sunnyside, Yakima County",310136,Sunnyside,2017-12-06 04:08:33.042992
2017-07-05,10:00,81.4,81.2,56.8,43.0,0.0,S@3.2,5.7,83.9,78.1,0.0,780,"Sunnyside, Yakima County",310136,Sunnyside,2017-12-06 04:08:33.042992
2017-07-05,10:15,82.7,82.4,55.0,38.6,0.0,S@2.6,4.9,84.8,78.1,0.0,792,"Sunnyside, Yakima County",310136,Sunnyside,2017-12-06 04:08:33.042992
2017-07-05,10:30,84.2,84.3,52.6,33.7,0.0,SW@2.0,4.2,85.7,78.2,0.0,829,"Sunnyside, Yakima County",310136,Sunnyside,2017-12-06 04:08:33.042992
2017-07-05,10:45,86.2,86.2,50.8,29.6,0.0,S@1.7,3.1,86.6,78.3,0.0,845,"Sunnyside, Yakima County",310136,Sunnyside,2017-12-06 04:08:33.042992
2017-07-05,11:00,86.4,86.4,50.6,29.1,0.0,S@2.4,4.2,87.4,78.4,0.0,859,"Sunnyside, Yakima County",310136,Sunnyside,2017-12-06 04:08:33.042992
2017-07-05,11:15,86.6,86.8,50.6,28.9,0.0,S@2.6,3.9,88.2,78.5,0.0,871,"Sunnyside, Yakima County",310136,Sunnyside,2017-12-06 04:08:33.042992
2017-07-05,11:30,88.1,88.0,51.0,28.1,0.0,S@2.2,3.5,89.1,78.7,0.0,886,"Sunnyside, Yakima County",310136,Sunnyside,2017-12-06 04:08:33.042992
2017-07-05,11:45,89.7,89.6,53.7,29.5,0.0,S@1.9,3.1,89.9,78.8,0.0,892,"Sunnyside, Yakima County",310136,Sunnyside,2017-12-06 04:08:33.042992
2017-07-05,12:00,90.0,89.9,54.6,30.2,0.0,S@2.6,3.5,90.6,79.0,0.0,894,"Sunnyside, Yakima County",310136,Sunnyside,2017-12-06 04:08:33.042992
2017-07-05,12:15,91.1,91.2,51.8,26.3,0.0,S@2.2,3.5,91.4,79.2,0.0,902,"Sunnyside, Yakima County",310136,Sunnyside,2017-12-06 04:08:33.042992
2017-07-05,12:30,91.4,91.4,56.5,30.9,0.0,S@2.5,3.5,92.2,79.5,0.0,902,"Sunnyside, Yakima County",310136,Sunnyside,2017-12-06 04:08:33.042992
2017-07-05,12:45,91.3,91.2,58.1,32.8,0.0,S@2.2,3.1,92.9,79.7,0.0,897,"Sunnyside, Yakima County",310136,Sunnyside,2017-12-06 04:08:33.042992
2017-07-05,13:00,91.9,91.7,59.0,33.3,0.0,S@2.4,4.2,93.6,80.0,0.0,891,"Sunnyside, Yakima County",310136,Sunnyside,2017-12-06 04:08:33.042992
2017-07-05,13:15,91.7,91.6,57.0,31.1,0.0,S@2.4,3.9,94.3,80.2,0.0,881,"Sunnyside, Yakima County",310136,Sunnyside,2017-12-06 04:08:33.042992
2017-07-05,13:30,92.7,92.4,58.0,31.4,0.0,S@2.4,3.5,94.9,80.5,0.0,869,"Sunnyside, Yakima County",310136,Sunnyside,2017-12-06 04:08:33.042992
2017-07-05,13:45,93.8,93.6,55.1,27.3,0.0,S@2.1,3.5,95.5,80.8,0.0,854,"Sunnyside, Yakima County",310136,Sunnyside,2017-12-06 04:08:33.042992
2017-07-05,14:00,95.9,96.0,46.8,18.8,0.0,SE@1.9,3.1,96.1,81.1,0.0,835,"Sunnyside, Yakima County",310136,Sunnyside,2017-12-06 04:08:33.042992
2017-07-05,14:15,93.6,93.6,54.2,26.6,0.0,S@2.5,3.5,96.6,81.4,0.0,815,"Sunnyside, Yakima County",310136,Sunnyside,2017-12-06 04:08:33.042992
2017-07-05,14:30,92.3,92.2,58.8,32.6,0.0,S@2.5,4.2,97.0,81.6,0.0,792,"Sunnyside, Yakima County",310136,Sunnyside,2017-12-06 04:08:33.042992
2017-07-05,14:45,94.4,94.4,51.2,23.3,0.0,S@2.2,3.9,97.4,81.9,0.0,767,"Sunnyside, Yakima County",310136,Sunnyside,2017-12-06 04:08:33.042992
2017-07-05,15:00,95.7,95.8,50.4,21.7,0.0,S@2.1,4.6,97.8,82.2,0.0,737,"Sunnyside, Yakima County",310136,Sunnyside,2017-12-06 04:08:33.042992
2017-07-05,15:15,94.4,94.3,56.4,28.1,0.0,S@2.1,3.5,98.1,82.5,0.0,708,"Sunnyside, Yakima County",310136,Sunnyside,2017-12-06 04:08:33.042992
2017-07-05,15:30,95.4,95.3,56.0,26.8,0.0,SE@2.3,4.9,98.4,82.8,0.0,676,"Sunnyside, Yakima County",310136,Sunnyside,2017-12-06 04:08:33.042992
2017-07-05,15:45,93.1,93.0,60.3,33.7,0.0,S@2.1,3.9,98.6,83.1,0.0,647,"Sunnyside, Yakima County",310136,Sunnyside,2017-12-06 04:08:33.042992
2017-07-05,16:00,93.2,92.9,61.4,34.9,0.0,S@2.1,3.9,98.8,83.3,0.0,622,"Sunnyside, Yakima County",310136,Sunnyside,2017-12-06 04:08:33.042992
2017-07-05,16:15,93.7,93.5,58.7,31.2,0.0,SE@1.7,3.5,99.0,83.5,0.0,585,"Sunnyside, Yakima County",310136,Sunnyside,2017-12-06 04:08:33.042992
2017-07-05,16:30,94.7,94.8,56.6,28.1,0.0,S@1.4,3.1,99.0,83.7,0.0,453,"Sunnyside, Yakima County",310136,Sunnyside,2017-12-06 04:08:33.042992
2017-07-05,16:45,91.3,91.4,57.3,31.9,0.0,S@1.3,3.9,99.1,83.8,0.0,215,"Sunnyside, Yakima County",310136,Sunnyside,2017-12-06 04:08:33.042992
2017-07-05,17:00,92.9,93.1,60.2,33.8,0.0,SE@0.1,1.4,99.0,84.0,0.0,237,"Sunnyside, Yakima County",310136,Sunnyside,2017-12-06 04:08:33.042992
2017-07-05,17:15,95.3,95.6,59.3,30.3,0.0,NE@0.1,1.7,98.9,84.1,0.0,394,"Sunnyside, Yakima County",310136,Sunnyside,2017-12-06 04:08:33.042992
2017-07-05,17:30,93.0,93.2,54.9,27.8,0.0,S@1.1,2.8,98.7,84.2,0.0,349,"Sunnyside, Yakima County",310136,Sunnyside,2017-12-06 04:08:33.042992
2017-07-05,17:45,92.8,93.0,53.5,26.6,0.0,S@0.2,1.4,98.4,84.3,0.0,304,"Sunnyside, Yakima County",310136,Sunnyside,2017-12-06 04:08:33.042992
2017-07-05,18:00,93.9,95.2,57.6,29.9,0.0,N@0.0,0.0,98.2,84.4,0.0,260,"Sunnyside, Yakima County",310136,Sunnyside,2017-12-06 04:08:33.042992
2017-07-05,18:15,92.8,94.2,58.4,31.7,0.0,S@0.3,2.1,97.9,84.5,0.0,217,"Sunnyside, Yakima County",310136,Sunnyside,2017-12-06 04:08:33.042992
2017-07-05,18:30,94.4,93.8,64.2,37.1,0.0,NW@0.7,2.4,97.6,84.6,0.0,176,"Sunnyside, Yakima County",310136,Sunnyside,2017-12-06 04:08:33.042992
2017-07-05,18:45,93.1,92.9,66.3,41.5,0.0,N@0.0,0.0,97.2,84.7,0.0,137,"Sunnyside, Yakima County",310136,Sunnyside,2017-12-06 04:08:33.042992
2017-07-05,19:00,90.5,90.7,64.9,42.9,0.0,NW@0.1,1.7,96.8,84.8,0.0,101,"Sunnyside, Yakima County",310136,Sunnyside,2017-12-06 04:08:33.042992
2017-07-05,19:15,86.5,86.7,64.0,47.1,0.0,NW@0.9,3.1,96.3,84.8,0.0,70,"Sunnyside, Yakima County",310136,Sunnyside,2017-12-06 04:08:33.042992
2017-07-05,19:30,85.2,85.0,64.0,49.1,0.0,N@0.0,0.0,95.7,84.9,0.0,42,"Sunnyside, Yakima County",310136,Sunnyside,2017-12-06 04:08:33.042992
2017-07-05,19:45,81.4,81.6,63.2,54.0,0.0,N@0.0,0.0,95.1,84.9,0.0,16,"Sunnyside, Yakima County",310136,Sunnyside,2017-12-06 04:08:33.042992
2017-07-05,20:00,80.6,80.5,59.2,48.1,0.0,N@1.0,3.9,94.5,84.9,0.0,6,"Sunnyside, Yakima County",310136,Sunnyside,2017-12-06 04:08:33.042992
2017-07-05,20:15,80.2,80.2,53.9,40.2,0.0,N@3.3,4.9,93.9,85.0,0.0,2,"Sunnyside, Yakima County",310136,Sunnyside,2017-12-06 04:08:33.042992
2017-07-05,20:30,79.9,79.9,50.3,35.6,0.0,N@3.5,4.6,93.2,85.0,0.0,1,"Sunnyside, Yakima County",310136,Sunnyside,2017-12-06 04:08:33.042992
2017-07-05,20:45,79.2,79.2,47.7,33.0,0.0,N@3.9,5.7,92.6,85.0,0.0,0,"Sunnyside, Yakima County",310136,Sunnyside,2017-12-06 04:08:33.042992
2017-07-05,21:00,79.3,79.3,46.0,30.9,0.0,N@3.9,6.0,91.9,85.0,0.0,0,"Sunnyside, Yakima County",310136,Sunnyside,2017-12-06 04:08:33.042992
2017-07-05,21:15,79.1,79.2,48.5,34.2,0.0,NW@3.5,5.3,91.3,84.9,0.0,0,"Sunnyside, Yakima County",310136,Sunnyside,2017-12-06 04:08:33.042992
2017-07-05,21:30,80.0,80.1,51.4,36.9,0.0,NW@1.5,3.9,90.7,84.9,0.0,0,"Sunnyside, Yakima County",310136,Sunnyside,2017-12-06 04:08:33.042992
2017-07-05,21:45,77.4,77.6,52.1,41.3,0.0,N@1.6,3.1,90.1,84.9,0.0,0,"Sunnyside, Yakima County",310136,Sunnyside,2017-12-06 04:08:33.042992
2017-07-05,22:00,77.3,77.5,51.9,41.2,0.0,N@2.3,3.1,89.5,84.8,0.0,0,"Sunnyside, Yakima County",310136,Sunnyside,2017-12-06 04:08:33.042992
2017-07-05,22:15,75.1,75.2,54.1,47.9,0.08,N@2.3,4.9,89.0,84.7,0.0,0,"Sunnyside, Yakima County",310136,Sunnyside,2017-12-06 04:08:33.042992
2017-07-05,22:30,73.3,73.5,51.7,46.7,0.0,N@3.2,4.9,88.5,84.7,0.0,0,"Sunnyside, Yakima County",310136,Sunnyside,2017-12-06 04:08:33.042992
2017-07-05,22:45,74.6,74.8,48.8,40.1,0.0,N@3.8,7.1,88.0,84.6,0.0,0,"Sunnyside, Yakima County",310136,Sunnyside,2017-12-06 04:08:33.042992
2017-07-05,23:00,75.4,75.5,47.4,37.1,0.0,N@4.0,7.8,87.5,84.5,0.0,0,"Sunnyside, Yakima County",310136,Sunnyside,2017-12-06 04:08:33.042992
2017-07-06,23:15,74.4,74.5,47.4,38.2,0.0,N@1.3,4.2,87.0,84.4,0.0,0,"Sunnyside, Yakima County",310136,Sunnyside,2017-12-06 04:08:33.042992
2017-07-06,23:30,70.8,70.9,49.9,47.5,0.0,NE@1.1,3.5,86.6,84.3,0.0,0,"Sunnyside, Yakima County",310136,Sunnyside,2017-12-06 04:08:33.042992
2017-07-06,23:45,69.7,69.6,50.5,50.4,0.0,N@2.1,3.9,86.2,84.2,0.0,0,"Sunnyside, Yakima County",310136,Sunnyside,2017-12-06 04:08:33.042992
2017-07-06,24:00,70.7,70.7,49.5,47.0,0.0,N@3.0,4.2,85.7,84.1,0.0,0,"Sunnyside, Yakima County",310136,Sunnyside,2017-12-06 04:08:33.042992
2017-07-06,00:15,72.2,72.3,47.2,40.9,0.0,N@3.4,5.3,85.3,84.0,0.0,0,"Sunnyside, Yakima County",310136,Sunnyside,2017-12-06 04:08:33.042992
2017-07-06,00:30,71.7,71.7,47.1,41.4,0.0,N@3.0,4.2,84.9,83.9,0.0,0,"Sunnyside, Yakima County",310136,Sunnyside,2017-12-06 04:08:33.042992
2017-07-06,00:45,72.4,72.5,46.2,39.1,0.0,N@3.7,5.7,84.5,83.8,0.0,0,"Sunnyside, Yakima County",310136,Sunnyside,2017-12-06 04:08:33.042992
2017-07-06,01:00,73.2,73.2,45.9,37.7,0.0,N@3.6,5.7,84.2,83.6,0.0,0,"Sunnyside, Yakima County",310136,Sunnyside,2017-12-06 04:08:33.042992
2017-07-06,01:15,71.1,71.2,47.1,42.3,0.05,N@3.5,6.7,83.9,83.5,0.0,0,"Sunnyside, Yakima County",310136,Sunnyside,2017-12-06 04:08:33.042992
2017-07-06,01:30,72.4,72.5,44.7,36.9,0.0,N@3.8,6.4,83.5,83.4,0.0,0,"Sunnyside, Yakima County",310136,Sunnyside,2017-12-06 04:08:33.042992
2017-07-06,01:45,73.2,73.3,43.9,34.9,0.0,N@3.8,6.4,83.2,83.2,0.0,0,"Sunnyside, Yakima County",310136,Sunnyside,2017-12-06 04:08:33.042992
2017-07-06,02:00,73.0,73.1,43.9,35.2,0.0,N@4.2,6.4,82.9,83.1,0.0,0,"Sunnyside, Yakima County",310136,Sunnyside,2017-12-06 04:08:33.042992
2017-07-06,02:15,72.0,72.0,43.7,36.1,0.0,N@3.3,5.3,82.7,83.0,0.0,0,"Sunnyside, Yakima County",310136,Sunnyside,2017-12-06 04:08:33.042992
2017-07-06,02:30,71.4,71.3,44.4,37.9,0.0,N@1.4,3.1,82.4,82.8,0.0,0,"Sunnyside, Yakima County",310136,Sunnyside,2017-12-06 04:08:33.042992
2017-07-06,02:45,67.9,67.9,46.5,46.2,0.0,NE@1.3,2.8,82.1,82.7,0.0,0,"Sunnyside, Yakima County",310136,Sunnyside,2017-12-06 04:08:33.042992
2017-07-06,03:00,66.0,66.0,48.6,53.3,0.0,N@2.1,2.8,81.9,82.6,0.0,0,"Sunnyside, Yakima County",310136,Sunnyside,2017-12-06 04:08:33.042992
2017-07-06,03:15,65.5,65.5,50.2,57.6,0.0,N@1.5,2.8,81.6,82.5,0.0,0,"Sunnyside, Yakima County",310136,Sunnyside,2017-12-06 04:08:33.042992
2017-07-06,03:30,64.4,64.4,48.6,56.2,0.0,NE@0.2,2.1,81.3,82.4,0.0,0,"Sunnyside, Yakima County",310136,Sunnyside,2017-12-06 04:08:33.042992
2017-07-06,03:45,65.1,65.3,48.3,54.5,0.0,NE@1.3,2.8,81.0,82.2,0.0,0,"Sunnyside, Yakima County",310136,Sunnyside,2017-12-06 04:08:33.042992
2017-07-06,04:00,64.0,64.2,48.4,56.8,0.0,NE@1.1,2.4,80.8,82.1,0.0,1,"Sunnyside, Yakima County",310136,Sunnyside,2017-12-06 04:08:33.042992
2017-07-06,04:15,63.5,63.6,48.3,57.7,0.0,NE@1.2,2.4,80.5,82.0,0.0,3,"Sunnyside, Yakima County",310136,Sunnyside,2017-12-06 04:08:33.042992
2017-07-06,04:30,63.7,63.9,49.3,59.4,0.0,NE@1.6,3.1,80.2,81.8,0.0,8,"Sunnyside, Yakima County",310136,Sunnyside,2017-12-06 04:08:33.042992
2017-07-06,04:45,64.9,65.1,48.6,55.5,0.0,NE@2.1,3.5,79.9,81.7,0.0,18,"Sunnyside, Yakima County",310136,Sunnyside,2017-12-06 04:08:33.042992
2017-07-06,05:00,66.6,66.6,48.6,52.4,0.0,N@1.8,3.5,79.6,81.6,0.0,47,"Sunnyside, Yakima County",310136,Sunnyside,2017-12-06 04:08:33.042992
2017-07-06,05:15,67.5,67.6,48.2,49.8,0.0,NE@1.7,3.1,79.4,81.4,0.0,75,"Sunnyside, Yakima County",310136,Sunnyside,2017-12-06 04:08:33.042992
2017-07-06,05:30,68.7,68.9,48.2,47.9,0.0,NE@2.1,3.9,79.2,81.3,0.0,98,"Sunnyside, Yakima County",310136,Sunnyside,2017-12-06 04:08:33.042992
2017-07-06,05:45,68.5,70.2,50.4,52.2,0.0,NE@0.8,2.4,79.0,81.2,0.0,131,"Sunnyside, Yakima County",310136,Sunnyside,2017-12-06 04:08:33.042992
2017-07-06,06:00,69.3,69.9,52.1,54.4,0.0,NE@0.5,2.1,78.9,81.0,0.0,166,"Sunnyside, Yakima County",310136,Sunnyside,2017-12-06 04:08:33.042992
2017-07-06,06:15,71.3,71.2,54.4,55.0,0.0,NE@0.4,2.1,78.8,80.9,0.0,202,"Sunnyside, Yakima County",310136,Sunnyside,2017-12-06 04:08:33.042992
2017-07-06,06:30,73.4,74.1,55.0,52.4,0.0,NE@0.1,1.7,78.7,80.8,0.0,242,"Sunnyside, Yakima County",310136,Sunnyside,2017-12-06 04:08:33.042992
2017-07-06,06:45,76.8,77.3,53.2,43.9,0.0,N@0.0,0.0,78.7,80.6,0.0,285,"Sunnyside, Yakima County",310136,Sunnyside,2017-12-06 04:08:33.042992
2017-07-06,07:00,76.2,76.8,51.5,42.1,0.0,SW@0.0,1.4,78.8,80.5,0.0,328,"Sunnyside, Yakima County",310136,Sunnyside,2017-12-06 04:08:33.042992
2017-07-06,07:15,76.7,77.1,53.1,43.9,0.0,SW@0.0,1.7,78.9,80.4,0.0,371,"Sunnyside, Yakima County",310136,Sunnyside,2017-12-06 04:08:33.042992
2017-07-06,07:30,77.1,77.6,54.2,44.9,0.0,W@0.6,2.8,79.1,80.3,0.0,403,"Sunnyside, Yakima County",310136,Sunnyside,2017-12-06 04:08:33.042992
2017-07-06,07:45,76.0,76.2,54.9,48.0,0.0,S@2.1,3.1,79.4,80.2,0.0,447,"Sunnyside, Yakima County",310136,Sunnyside,2017-12-06 04:08:33.042992
2017-07-06,08:00,77.4,77.8,53.5,43.5,0.0,S@1.0,2.8,79.7,80.0,0.0,487,"Sunnyside, Yakima County",310136,Sunnyside,2017-12-06 04:08:33.042992
2017-07-06,08:15,78.4,78.8,54.2,43.2,0.0,S@1.8,3.1,80.1,79.9,0.0,524,"Sunnyside, Yakima County",310136,Sunnyside,2017-12-06 04:08:33.042992
2017-07-06,08:30,79.4,79.6,56.5,45.4,0.0,S@1.9,3.1,80.7,79.8,0.0,569,"Sunnyside, Yakima County",310136,Sunnyside,2017-12-06 04:08:33.042992
2017-07-06,08:45,79.8,79.9,56.9,45.5,0.0,S@2.7,3.9,81.3,79.8,0.0,587,"Sunnyside, Yakima County",310136,Sunnyside,2017-12-06 04:08:33.042992
2017-07-06,09:00,80.7,80.7,54.6,40.7,0.0,S@2.2,3.5,82.1,79.7,0.0,638,"Sunnyside, Yakima County",310136,Sunnyside,2017-12-06 04:08:33.042992
2017-07-06,09:15,82.5,82.6,55.1,38.9,0.0,S@1.9,3.1,82.9,79.6,0.0,680,"Sunnyside, Yakima County",310136,Sunnyside,2017-12-06 04:08:33.042992
2017-07-06,09:30,82.9,83.2,55.3,38.8,0.0,S@2.3,3.9,83.7,79.6,0.0,712,"Sunnyside, Yakima County",310136,Sunnyside,2017-12-06 04:08:33.042992
2017-07-06,09:45,83.7,83.9,55.0,37.5,0.0,S@2.4,4.2,84.6,79.6,0.0,740,"Sunnyside, Yakima County",310136,Sunnyside,2017-12-06 04:08:33.042992
2017-07-06,10:00,85.3,85.5,54.8,35.3,0.0,S@2.0,3.1,85.5,79.6,0.0,766,"Sunnyside, Yakima County",310136,Sunnyside,2017-12-06 04:08:33.042992
2017-07-06,10:15,86.6,86.8,54.9,34.0,0.0,S@2.2,3.9,86.3,79.6,0.0,797,"Sunnyside, Yakima County",310136,Sunnyside,2017-12-06 04:08:33.042992
2017-07-06,10:30,87.1,87.2,53.5,31.7,0.0,S@2.5,3.9,87.2,79.6,0.0,821,"Sunnyside, Yakima County",310136,Sunnyside,2017-12-06 04:08:33.042992
2017-07-06,10:45,88.4,88.4,53.0,30.0,0.0,S@2.3,3.9,88.1,79.7,0.0,833,"Sunnyside, Yakima County",310136,Sunnyside,2017-12-06 04:08:33.042992
2017-07-06,11:00,89.4,89.5,56.0,32.4,0.0,S@2.3,3.9,88.9,79.8,0.0,859,"Sunnyside, Yakima County",310136,Sunnyside,2017-12-06 04:08:33.042992
2017-07-06,11:15,90.0,90.1,55.5,31.2,0.0,S@2.4,4.2,89.7,79.9,0.0,875,"Sunnyside, Yakima County",310136,Sunnyside,2017-12-06 04:08:33.042992
2017-07-06,11:30,91.5,91.5,54.6,28.9,0.0,S@2.0,3.1,90.5,80.1,0.0,889,"Sunnyside, Yakima County",310136,Sunnyside,2017-12-06 04:08:33.042992
2017-07-06,11:45,92.0,91.9,55.5,29.2,0.0,S@2.3,4.6,91.3,80.3,0.0,898,"Sunnyside, Yakima County",310136,Sunnyside,2017-12-06 04:08:33.042992
2017-07-06,12:00,91.9,92.1,53.9,27.7,0.0,SW@2.3,4.2,92.1,80.5,0.0,904,"Sunnyside, Yakima County",310136,Sunnyside,2017-12-06 04:08:33.042992
2017-07-06,12:15,94.4,94.2,49.8,22.1,0.0,W@2.0,3.9,92.9,80.7,0.0,905,"Sunnyside, Yakima County",310136,Sunnyside,2017-12-06 04:08:33.042992
2017-07-06,12:30,95.3,95.3,50.1,21.7,0.0,W@2.1,3.9,93.6,80.9,0.0,904,"Sunnyside, Yakima County",310136,Sunnyside,2017-12-06 04:08:33.042992
2017-07-06,12:45,94.7,94.9,52.9,24.5,0.0,SW@2.2,3.5,94.3,81.1,0.0,898,"Sunnyside, Yakima County",310136,Sunnyside,2017-12-06 04:08:33.042992
2017-07-06,13:00,94.0,94.0,53.4,25.5,0.0,SW@2.5,4.6,94.9,81.4,0.0,891,"Sunnyside, Yakima County",310136,Sunnyside,2017-12-06 04:08:33.042992
2017-07-06,13:15,94.2,94.2,52.1,24.2,0.0,SW@2.5,4.6,95.5,81.6,0.0,882,"Sunnyside, Yakima County",310136,Sunnyside,2017-12-06 04:08:33.042992
2017-07-06,13:30,94.7,94.5,58.4,29.8,0.0,S@2.2,3.5,96.1,81.9,0.0,869,"Sunnyside, Yakima County",310136,Sunnyside,2017-12-06 04:08:33.042992
2017-07-06,13:45,94.0,93.9,54.0,26.1,0.0,S@2.4,3.9,96.6,82.1,0.0,841,"Sunnyside, Yakima County",310136,Sunnyside,2017-12-06 04:08:33.042992
2017-07-06,14:00,94.0,93.8,56.6,28.7,0.0,S@2.3,3.5,97.2,82.4,0.0,813,"Sunnyside, Yakima County",310136,Sunnyside,2017-12-06 04:08:33.042992
2017-07-06,14:15,94.2,93.9,57.3,29.3,0.0,S@2.3,3.9,97.7,82.7,0.0,812,"Sunnyside, Yakima County",310136,Sunnyside,2017-12-06 04:08:33.042992
2017-07-06,14:30,94.0,93.9,59.4,31.6,0.0,S@2.3,3.1,98.1,83.0,0.0,790,"Sunnyside, Yakima County",310136,Sunnyside,2017-12-06 04:08:33.042992
2017-07-06,14:45,95.0,95.1,54.7,25.9,0.0,S@2.2,3.5,98.5,83.3,0.0,761,"Sunnyside, Yakima County",310136,Sunnyside,2017-12-06 04:08:33.042992
2017-07-06,15:00,98.0,98.2,49.5,19.5,0.0,SW@1.3,2.1,98.9,83.5,0.0,731,"Sunnyside, Yakima County",310136,Sunnyside,2017-12-06 04:08:33.042992
2017-07-06,15:15,97.5,97.8,50.1,20.3,0.0,SW@1.8,2.8,99.2,83.8,0.0,703,"Sunnyside, Yakima County",310136,Sunnyside,2017-12-06 04:08:33.042992
2017-07-06,15:30,98.5,97.8,46.4,17.2,0.0,NW@3.1,4.6,99.5,84.1,0.0,672,"Sunnyside, Yakima County",310136,Sunnyside,2017-12-06 04:08:33.042992
2017-07-06,15:45,99.2,98.9,48.5,18.2,0.0,NW@2.8,5.7,99.7,84.3,0.0,639,"Sunnyside, Yakima County",310136,Sunnyside,2017-12-06 04:08:33.042992
2017-07-06,16:00,98.3,97.6,48.0,18.3,0.0,NW@3.6,5.3,99.8,84.6,0.0,604,"Sunnyside, Yakima County",310136,Sunnyside,2017-12-06 04:08:33.042992
2017-07-06,16:15,98.9,98.3,49.1,18.7,0.0,N@3.2,5.3,99.9,84.8,0.0,565,"Sunnyside, Yakima County",310136,Sunnyside,2017-12-06 04:08:33.042992
2017-07-06,16:30,99.0,98.2,49.1,18.7,0.0,N@3.3,5.3,99.8,84.9,0.0,524,"Sunnyside, Yakima County",310136,Sunnyside,2017-12-06 04:08:33.042992
2017-07-06,16:45,99.4,98.7,51.2,19.9,0.0,NW@2.5,4.2,99.8,85.1,0.0,483,"Sunnyside, Yakima County",310136,Sunnyside,2017-12-06 04:08:33.042992
2017-07-06,17:00,99.7,99.3,51.5,20.0,0.0,NW@0.8,3.1,99.7,85.2,0.0,438,"Sunnyside, Yakima County",310136,Sunnyside,2017-12-06 04:08:33.042992
2017-07-06,17:15,99.0,99.1,55.1,23.2,0.0,W@0.6,2.4,99.6,85.3,0.0,393,"Sunnyside, Yakima County",310136,Sunnyside,2017-12-06 04:08:33.042992
2017-07-06,17:30,97.4,97.4,58.5,27.7,0.0,NW@0.7,2.8,99.5,85.4,0.0,351,"Sunnyside, Yakima County",310136,Sunnyside,2017-12-06 04:08:33.042992
2017-07-06,17:45,96.8,97.1,57.8,27.4,0.0,NW@2.4,3.9,99.3,85.5,0.0,310,"Sunnyside, Yakima County",310136,Sunnyside,2017-12-06 04:08:33.042992
2017-07-06,18:00,95.7,96.0,59.8,30.5,0.0,NW@2.3,3.9,99.1,85.6,0.0,266,"Sunnyside, Yakima County",310136,Sunnyside,2017-12-06 04:08:33.042992
2017-07-06,18:15,94.7,94.4,58.8,30.3,0.0,NW@2.4,3.9,98.9,85.7,0.0,222,"Sunnyside, Yakima County",310136,Sunnyside,2017-12-06 04:08:33.042992
2017-07-06,18:30,93.7,93.1,58.2,30.6,0.0,NW@1.5,3.1,98.6,85.8,0.0,181,"Sunnyside, Yakima County",310136,Sunnyside,2017-12-06 04:08:33.042992
2017-07-06,18:45,93.1,92.1,61.4,35.0,0.0,N@0.0,0.0,98.2,85.9,0.0,143,"Sunnyside, Yakima County",310136,Sunnyside,2017-12-06 04:08:33.042992
2017-07-06,19:00,90.7,89.9,60.6,36.7,0.0,N@0.0,0.0,97.7,85.9,0.0,107,"Sunnyside, Yakima County",310136,Sunnyside,2017-12-06 04:08:33.042992
2017-07-06,19:15,88.6,87.8,58.8,36.6,0.0,N@0.0,0.0,97.2,86.0,0.0,74,"Sunnyside, Yakima County",310136,Sunnyside,2017-12-06 04:08:33.042992
2017-07-06,19:30,85.2,84.9,57.5,39.0,0.0,N@1.6,3.5,96.6,86.0,0.0,45,"Sunnyside, Yakima County",310136,Sunnyside,2017-12-06 04:08:33.042992
2017-07-06,19:45,81.7,81.8,56.5,42.1,0.0,N@1.7,3.9,96.0,86.1,0.0,17,"Sunnyside, Yakima County",310136,Sunnyside,2017-12-06 04:08:33.042992
2017-07-06,20:00,81.8,81.9,49.9,33.0,0.0,N@3.3,4.6,95.4,86.1,0.0,6,"Sunnyside, Yakima County",310136,Sunnyside,2017-12-06 04:08:33.042992
2017-07-06,20:15,82.2,82.2,45.4,27.5,0.0,N@3.6,5.7,94.7,86.1,0.0,2,"Sunnyside, Yakima County",310136,Sunnyside,2017-12-06 04:08:33.042992
2017-07-06,20:30,81.6,81.6,44.3,26.8,0.0,N@3.4,5.7,94.0,86.1,0.0,1,"Sunnyside, Yakima County",310136,Sunnyside,2017-12-06 04:08:33.042992
2017-07-06,20:45,81.0,81.0,44.3,27.4,0.0,N@3.6,6.7,93.4,86.1,0.0,0,"Sunnyside, Yakima County",310136,Sunnyside,2017-12-06 04:08:33.042992
2017-07-06,21:00,80.8,80.9,42.8,26.0,0.0,N@4.4,6.4,92.7,86.1,0.0,0,"Sunnyside, Yakima County",310136,Sunnyside,2017-12-06 04:08:33.042992
2017-07-06,21:15,80.6,80.6,42.3,25.8,0.0,N@4.1,6.4,92.1,86.1,0.0,0,"Sunnyside, Yakima County",310136,Sunnyside,2017-12-06 04:08:33.042992
2017-07-06,21:30,78.8,78.8,44.0,29.2,0.0,N@3.2,4.6,91.4,86.0,0.0,0,"Sunnyside, Yakima County",310136,Sunnyside,2017-12-06 04:08:33.042992
2017-07-06,21:45,79.2,79.2,43.7,28.4,0.0,N@3.6,4.9,90.8,86.0,0.0,0,"Sunnyside, Yakima County",310136,Sunnyside,2017-12-06 04:08:33.042992
2017-07-06,22:00,79.0,79.2,43.1,28.0,0.0,N@3.6,5.3,90.3,85.9,0.0,0,"Sunnyside, Yakima County",310136,Sunnyside,2017-12-06 04:08:33.042992
2017-07-06,22:15,79.7,79.8,41.2,25.3,0.0,N@4.3,7.4,89.8,85.8,0.0,0,"Sunnyside, Yakima County",310136,Sunnyside,2017-12-06 04:08:33.042992
2017-07-06,22:30,78.6,78.6,42.2,27.4,0.0,N@3.6,5.3,89.2,85.7,0.0,0,"Sunnyside, Yakima County",310136,Sunnyside,2017-12-06 04:08:33.042992
2017-07-06,22:45,76.1,76.1,45.3,33.5,0.0,N@3.5,4.9,88.8,85.7,0.0,0,"Sunnyside, Yakima County",310136,Sunnyside,2017-12-06 04:08:33.042992
2017-07-06,23:00,75.5,75.5,43.7,32.1,0.0,N@3.5,4.6,88.3,85.6,0.0,0,"Sunnyside, Yakima County",310136,Sunnyside,2017-12-06 04:08:33.042992
2017-07-07,23:15,75.0,75.0,42.9,31.7,0.0,N@3.5,4.9,87.9,85.5,0.0,0,"Sunnyside, Yakima County",310136,Sunnyside,2017-12-06 04:08:33.042992
2017-07-07,23:30,74.4,74.3,43.1,32.6,0.0,N@3.1,4.6,87.4,85.3,0.0,0,"Sunnyside, Yakima County",310136,Sunnyside,2017-12-06 04:08:33.042992
2017-07-07,23:45,73.6,73.5,43.3,33.7,0.0,N@2.6,4.2,87.0,85.2,0.0,0,"Sunnyside, Yakima County",310136,Sunnyside,2017-12-06 04:08:33.042992
2017-07-07,24:00,73.0,73.0,43.9,35.1,0.0,N@2.8,3.9,86.6,85.1,0.0,0,"Sunnyside, Yakima County",310136,Sunnyside,2017-12-06 04:08:33.042992
