Date,Time PST,Air Temp °F, 2<sup>nd</sup> Air Temp °F, Dew Point °F, Rel Hum %, Leaf Wet u., Wind Dir @ Speed mph, Wind Gust mph, 2 in. Soil Tmp °F, 8 in. Soil Tmp °F, Tot Prec in, Solar Rad W/m²,Location,Station ID,Station Name,Download Timestamp
1999-07-13,00:15,64.1,,45.5,50.7,0.0,N@1.0,99999.0,,73.8,0.0,0,"Sunnyside, Yakima County",310136,Sunnyside,2017-12-06 01:23:54.161188
1999-07-13,00:30,63.4,,44.2,49.4,0.0,N@1.0,99999.0,,73.8,0.0,0,"Sunnyside, Yakima County",310136,Sunnyside,2017-12-06 01:23:54.161188
1999-07-13,00:45,62.9,,42.3,46.8,0.0,N@0.9,99999.0,,73.8,0.0,0,"Sunnyside, Yakima County",310136,Sunnyside,2017-12-06 01:23:54.161188
1999-07-13,01:00,62.8,,42.0,46.5,0.0,N@1.1,99999.0,,73.7,0.0,0,"Sunnyside, Yakima County",310136,Sunnyside,2017-12-06 01:23:54.161188
1999-07-13,01:15,61.7,,41.9,48.1,0.0,N@0.8,99999.0,,73.6,0.0,0,"Sunnyside, Yakima County",310136,Sunnyside,2017-12-06 01:23:54.161188
1999-07-13,01:30,61.4,,41.2,47.2,0.0,N@0.7,99999.0,,73.6,0.0,0,"Sunnyside, Yakima County",310136,Sunnyside,2017-12-06 01:23:54.161188
1999-07-13,01:45,61.3,,40.1,45.6,0.0,N@0.7,99999.0,,73.5,0.0,0,"Sunnyside, Yakima County",310136,Sunnyside,2017-12-06 01:23:54.161188
1999-07-13,02:00,61.0,,40.6,47.0,0.0,N@0.9,99999.0,,73.4,0.0,0,"Sunnyside, Yakima County",310136,Sunnyside,2017-12-06 01:23:54.161188
1999-07-13,02:15,60.9,,39.4,44.9,0.0,N@1.1,99999.0,,73.4,0.0,0,"Sunnyside, Yakima County",310136,Sunnyside,2017-12-06 01:23:54.161188
1999-07-13,02:30,61.1,,37.8,41.9,0.0,N@1.1,99999.0,,73.3,0.0,0,"Sunnyside, Yakima County",310136,Sunnyside,2017-12-06 01:23:54.161188
1999-07-13,02:45,60.4,,38.9,44.8,0.0,N@1.2,99999.0,,73.2,0.0,0,"Sunnyside, Yakima County",310136,Sunnyside,2017-12-06 01:23:54.161188
1999-07-13,03:00,58.6,,39.6,49.1,0.0,N@2.9,99999.0,,73.2,0.0,0,"Sunnyside, Yakima County",310136,Sunnyside,2017-12-06 01:23:54.161188
1999-07-13,03:15,57.8,,37.3,46.2,0.0,N@2.8,99999.0,,73.1,0.0,0,"Sunnyside, Yakima County",310136,Sunnyside,2017-12-06 01:23:54.161188
1999-07-13,03:30,58.4,,36.3,43.6,0.0,N@2.8,99999.0,,73.0,0.0,0,"Sunnyside, Yakima County",310136,Sunnyside,2017-12-06 01:23:54.161188
1999-07-13,03:45,57.2,,36.2,45.4,0.0,N@2.2,99999.0,,72.9,0.0,0,"Sunnyside, Yakima County",310136,Sunnyside,2017-12-06 01:23:54.161188
1999-07-13,04:00,56.5,,36.2,46.3,0.0,N@2.9,99999.0,,72.9,0.0,0,"Sunnyside, Yakima County",310136,Sunnyside,2017-12-06 01:23:54.161188
1999-07-13,04:15,55.2,,34.5,45.4,0.0,N@3.3,99999.0,,72.8,0.0,2,"Sunnyside, Yakima County",310136,Sunnyside,2017-12-06 01:23:54.161188
1999-07-13,04:30,55.2,,32.8,42.5,0.0,N@3.4,99999.0,,72.7,0.0,4,"Sunnyside, Yakima County",310136,Sunnyside,2017-12-06 01:23:54.161188
1999-07-13,04:45,55.8,,32.5,41.0,0.0,N@3.1,99999.0,,72.6,0.0,9,"Sunnyside, Yakima County",310136,Sunnyside,2017-12-06 01:23:54.161188
1999-07-13,05:00,55.3,,31.0,39.3,0.0,N@3.4,99999.0,,72.5,0.0,14,"Sunnyside, Yakima County",310136,Sunnyside,2017-12-06 01:23:54.161188
1999-07-13,05:15,57.9,,29.5,33.6,0.0,N@4.2,99999.0,,72.4,0.0,42,"Sunnyside, Yakima County",310136,Sunnyside,2017-12-06 01:23:54.161188
1999-07-13,05:30,58.9,,31.0,34.6,0.0,N@1.8,99999.0,,72.3,0.0,117,"Sunnyside, Yakima County",310136,Sunnyside,2017-12-06 01:23:54.161188
1999-07-13,05:45,60.9,,34.4,36.9,0.0,N@1.6,99999.0,,72.2,0.0,154,"Sunnyside, Yakima County",310136,Sunnyside,2017-12-06 01:23:54.161188
1999-07-13,06:00,62.0,,39.9,44.0,0.0,W@0.9,99999.0,,72.0,0.0,191,"Sunnyside, Yakima County",310136,Sunnyside,2017-12-06 01:23:54.161188
1999-07-13,06:15,65.5,,40.6,40.1,0.0,SW@0.5,99999.0,,71.9,0.0,231,"Sunnyside, Yakima County",310136,Sunnyside,2017-12-06 01:23:54.161188
1999-07-13,06:30,66.5,,44.5,44.8,0.0,N@0.5,99999.0,,71.8,0.0,271,"Sunnyside, Yakima County",310136,Sunnyside,2017-12-06 01:23:54.161188
1999-07-13,06:45,68.8,,44.0,40.7,0.0,NE@0.5,99999.0,,71.7,0.0,312,"Sunnyside, Yakima County",310136,Sunnyside,2017-12-06 01:23:54.161188
1999-07-13,07:00,70.5,,44.4,39.1,0.0,S@0.4,99999.0,,71.6,0.0,356,"Sunnyside, Yakima County",310136,Sunnyside,2017-12-06 01:23:54.161188
1999-07-13,07:15,70.6,,44.5,39.0,0.0,S@0.8,99999.0,,71.5,0.0,398,"Sunnyside, Yakima County",310136,Sunnyside,2017-12-06 01:23:54.161188
1999-07-13,07:30,70.3,,46.2,42.2,0.0,SW@1.1,99999.0,,71.5,0.0,438,"Sunnyside, Yakima County",310136,Sunnyside,2017-12-06 01:23:54.161188
1999-07-13,07:45,71.3,,48.4,44.0,0.0,S@0.8,99999.0,,71.5,0.0,478,"Sunnyside, Yakima County",310136,Sunnyside,2017-12-06 01:23:54.161188
1999-07-13,08:00,71.9,,48.9,44.0,0.0,SW@1.0,99999.0,,71.4,0.0,517,"Sunnyside, Yakima County",310136,Sunnyside,2017-12-06 01:23:54.161188
1999-07-13,08:15,72.4,,49.8,44.8,0.0,SW@0.8,99999.0,,71.4,0.0,554,"Sunnyside, Yakima County",310136,Sunnyside,2017-12-06 01:23:54.161188
1999-07-13,08:30,73.5,,50.6,44.5,0.0,S@0.6,99999.0,,71.3,0.0,588,"Sunnyside, Yakima County",310136,Sunnyside,2017-12-06 01:23:54.161188
1999-07-13,08:45,74.8,,53.6,47.6,0.0,S@1.0,99999.0,,71.2,0.0,629,"Sunnyside, Yakima County",310136,Sunnyside,2017-12-06 01:23:54.161188
1999-07-13,09:00,76.1,,55.2,48.2,0.0,SE@1.3,99999.0,,71.2,0.0,667,"Sunnyside, Yakima County",310136,Sunnyside,2017-12-06 01:23:54.161188
1999-07-13,09:15,76.5,,56.8,50.5,0.0,SE@1.7,99999.0,,71.1,0.0,697,"Sunnyside, Yakima County",310136,Sunnyside,2017-12-06 01:23:54.161188
1999-07-13,09:30,77.4,,56.5,48.4,0.0,SE@1.6,99999.0,,71.1,0.0,732,"Sunnyside, Yakima County",310136,Sunnyside,2017-12-06 01:23:54.161188
1999-07-13,09:45,78.6,,57.4,48.2,0.0,SE@1.6,99999.0,,71.0,0.0,762,"Sunnyside, Yakima County",310136,Sunnyside,2017-12-06 01:23:54.161188
1999-07-13,10:00,79.3,,58.8,49.4,0.0,SE@2.1,99999.0,,71.0,0.0,788,"Sunnyside, Yakima County",310136,Sunnyside,2017-12-06 01:23:54.161188
1999-07-13,10:15,79.8,,58.7,48.6,0.0,SE@2.3,99999.0,,71.0,0.0,811,"Sunnyside, Yakima County",310136,Sunnyside,2017-12-06 01:23:54.161188
1999-07-13,10:30,80.7,,58.7,47.2,0.0,SE@2.6,99999.0,,71.0,0.0,834,"Sunnyside, Yakima County",310136,Sunnyside,2017-12-06 01:23:54.161188
1999-07-13,10:45,81.1,,59.2,47.3,0.0,SE@2.5,99999.0,,71.0,0.0,854,"Sunnyside, Yakima County",310136,Sunnyside,2017-12-06 01:23:54.161188
1999-07-13,11:00,81.4,,57.8,44.6,0.0,SE@2.3,99999.0,,71.1,0.0,873,"Sunnyside, Yakima County",310136,Sunnyside,2017-12-06 01:23:54.161188
1999-07-13,11:15,82.3,,58.7,44.7,0.0,SE@1.8,99999.0,,71.1,0.0,889,"Sunnyside, Yakima County",310136,Sunnyside,2017-12-06 01:23:54.161188
1999-07-13,11:30,83.0,,57.7,42.3,0.0,SE@1.7,99999.0,,71.2,0.0,904,"Sunnyside, Yakima County",310136,Sunnyside,2017-12-06 01:23:54.161188
1999-07-13,11:45,83.5,,56.7,40.1,0.0,SE@2.0,99999.0,,71.3,0.0,911,"Sunnyside, Yakima County",310136,Sunnyside,2017-12-06 01:23:54.161188
1999-07-13,12:00,84.3,,57.2,39.8,0.0,SE@1.9,99999.0,,71.4,0.0,917,"Sunnyside, Yakima County",310136,Sunnyside,2017-12-06 01:23:54.161188
1999-07-13,12:15,84.8,,56.0,37.4,0.0,SE@1.7,99999.0,,71.5,0.0,919,"Sunnyside, Yakima County",310136,Sunnyside,2017-12-06 01:23:54.161188
1999-07-13,12:30,85.2,,55.8,36.7,0.0,SE@1.6,99999.0,,71.6,0.0,920,"Sunnyside, Yakima County",310136,Sunnyside,2017-12-06 01:23:54.161188
1999-07-13,12:45,85.9,,55.6,35.6,0.0,S@2.0,99999.0,,71.7,0.0,919,"Sunnyside, Yakima County",310136,Sunnyside,2017-12-06 01:23:54.161188
1999-07-13,13:00,86.4,,55.4,34.9,0.0,SE@1.6,99999.0,,71.7,0.0,913,"Sunnyside, Yakima County",310136,Sunnyside,2017-12-06 01:23:54.161188
1999-07-13,13:15,87.3,,56.8,35.6,0.0,SE@1.0,99999.0,,71.7,0.0,903,"Sunnyside, Yakima County",310136,Sunnyside,2017-12-06 01:23:54.161188
1999-07-13,13:30,88.1,,55.5,33.1,0.0,SE@0.8,99999.0,,71.8,0.0,890,"Sunnyside, Yakima County",310136,Sunnyside,2017-12-06 01:23:54.161188
1999-07-13,13:45,88.8,,55.3,32.1,0.0,SE@0.6,99999.0,,71.9,0.0,874,"Sunnyside, Yakima County",310136,Sunnyside,2017-12-06 01:23:54.161188
1999-07-13,14:00,89.5,,50.9,26.8,0.0,S@0.6,99999.0,,72.0,0.0,855,"Sunnyside, Yakima County",310136,Sunnyside,2017-12-06 01:23:54.161188
1999-07-13,14:15,90.3,,50.6,25.8,0.0,S@0.8,99999.0,,72.0,0.0,829,"Sunnyside, Yakima County",310136,Sunnyside,2017-12-06 01:23:54.161188
1999-07-13,14:30,90.3,,53.3,28.5,0.0,SE@0.8,99999.0,,72.2,0.0,802,"Sunnyside, Yakima County",310136,Sunnyside,2017-12-06 01:23:54.161188
1999-07-13,14:45,90.1,,50.7,26.1,0.0,SE@0.8,99999.0,,72.3,0.0,772,"Sunnyside, Yakima County",310136,Sunnyside,2017-12-06 01:23:54.161188
1999-07-13,15:00,90.0,,53.3,28.8,0.0,SE@1.5,99999.0,,72.4,0.0,740,"Sunnyside, Yakima County",310136,Sunnyside,2017-12-06 01:23:54.161188
1999-07-13,15:15,89.8,,55.2,31.1,0.0,SE@0.9,99999.0,,72.6,0.0,703,"Sunnyside, Yakima County",310136,Sunnyside,2017-12-06 01:23:54.161188
1999-07-13,15:30,89.9,,55.8,31.6,0.0,SE@1.4,99999.0,,72.7,0.0,667,"Sunnyside, Yakima County",310136,Sunnyside,2017-12-06 01:23:54.161188
1999-07-13,15:45,89.5,,56.6,32.9,0.0,SE@1.5,99999.0,,72.8,0.0,629,"Sunnyside, Yakima County",310136,Sunnyside,2017-12-06 01:23:54.161188
1999-07-13,16:00,90.1,,57.9,33.8,0.0,SE@0.7,99999.0,,73.0,0.0,590,"Sunnyside, Yakima County",310136,Sunnyside,2017-12-06 01:23:54.161188
1999-07-13,16:15,91.1,,58.1,33.1,0.0,SE@0.6,99999.0,,73.0,0.0,551,"Sunnyside, Yakima County",310136,Sunnyside,2017-12-06 01:23:54.161188
1999-07-13,16:30,91.0,,57.7,32.8,0.0,SE@0.6,99999.0,,73.1,0.0,509,"Sunnyside, Yakima County",310136,Sunnyside,2017-12-06 01:23:54.161188
1999-07-13,16:45,90.8,,58.9,34.4,0.0,SE@0.6,99999.0,,73.2,0.0,467,"Sunnyside, Yakima County",310136,Sunnyside,2017-12-06 01:23:54.161188
1999-07-13,17:00,90.4,,60.5,36.8,0.0,SE@0.7,99999.0,,73.3,0.0,422,"Sunnyside, Yakima County",310136,Sunnyside,2017-12-06 01:23:54.161188
1999-07-13,17:15,89.5,,60.7,38.1,0.0,SE@0.7,99999.0,,73.4,0.0,379,"Sunnyside, Yakima County",310136,Sunnyside,2017-12-06 01:23:54.161188
1999-07-13,17:30,89.2,,61.0,38.9,0.0,SE@0.5,99999.0,,73.5,0.0,337,"Sunnyside, Yakima County",310136,Sunnyside,2017-12-06 01:23:54.161188
1999-07-13,17:45,89.2,,60.7,38.5,0.0,SE@0.6,99999.0,,73.5,0.0,293,"Sunnyside, Yakima County",310136,Sunnyside,2017-12-06 01:23:54.161188
1999-07-13,18:00,91.1,,62.5,38.6,0.0,S@0.5,99999.0,,73.6,0.0,250,"Sunnyside, Yakima County",310136,Sunnyside,2017-12-06 01:23:54.161188
1999-07-13,18:15,89.6,,62.1,40.0,0.0,NW@1.9,99999.0,,73.6,0.0,206,"Sunnyside, Yakima County",310136,Sunnyside,2017-12-06 01:23:54.161188
1999-07-13,18:30,87.0,,57.7,37.1,0.0,NW@4.1,99999.0,,73.8,0.0,161,"Sunnyside, Yakima County",310136,Sunnyside,2017-12-06 01:23:54.161188
1999-07-13,18:45,84.7,,53.3,34.0,0.0,NW@7.1,99999.0,,73.9,0.0,128,"Sunnyside, Yakima County",310136,Sunnyside,2017-12-06 01:23:54.161188
1999-07-13,19:00,83.1,,52.4,34.8,0.0,NW@5.8,99999.0,,74.0,0.0,95,"Sunnyside, Yakima County",310136,Sunnyside,2017-12-06 01:23:54.161188
1999-07-13,19:15,81.8,,51.8,35.4,0.0,NW@5.0,99999.0,,73.9,0.0,27,"Sunnyside, Yakima County",310136,Sunnyside,2017-12-06 01:23:54.161188
1999-07-13,19:30,79.6,,51.6,37.7,0.0,NW@4.0,99999.0,,73.9,0.0,22,"Sunnyside, Yakima County",310136,Sunnyside,2017-12-06 01:23:54.161188
1999-07-13,19:45,77.9,,51.1,39.2,0.0,NW@5.0,99999.0,,73.9,0.0,8,"Sunnyside, Yakima County",310136,Sunnyside,2017-12-06 01:23:54.161188
1999-07-13,20:00,75.9,,51.2,42.0,0.0,NW@4.0,99999.0,,73.9,0.0,3,"Sunnyside, Yakima County",310136,Sunnyside,2017-12-06 01:23:54.161188
1999-07-13,20:15,74.7,,50.7,43.0,0.0,NW@4.1,99999.0,,73.9,0.0,1,"Sunnyside, Yakima County",310136,Sunnyside,2017-12-06 01:23:54.161188
1999-07-13,20:30,72.6,,51.7,47.8,0.0,W@1.0,99999.0,,73.9,0.0,0,"Sunnyside, Yakima County",310136,Sunnyside,2017-12-06 01:23:54.161188
1999-07-13,20:45,71.7,,50.6,47.3,0.0,W@1.9,99999.0,,73.9,0.0,0,"Sunnyside, Yakima County",310136,Sunnyside,2017-12-06 01:23:54.161188
1999-07-13,21:00,70.9,,50.9,49.1,0.0,W@2.3,99999.0,,73.9,0.0,0,"Sunnyside, Yakima County",310136,Sunnyside,2017-12-06 01:23:54.161188
1999-07-13,21:15,69.0,,50.6,51.7,0.0,W@1.3,99999.0,,73.9,0.0,0,"Sunnyside, Yakima County",310136,Sunnyside,2017-12-06 01:23:54.161188
1999-07-13,21:30,66.7,,51.2,57.3,0.0,E@0.7,99999.0,,73.9,0.0,0,"Sunnyside, Yakima County",310136,Sunnyside,2017-12-06 01:23:54.161188
1999-07-13,21:45,63.9,,51.9,65.1,0.0,S@0.8,99999.0,,73.8,0.0,0,"Sunnyside, Yakima County",310136,Sunnyside,2017-12-06 01:23:54.161188
1999-07-13,22:00,65.0,,50.1,58.4,0.0,S@1.2,99999.0,,73.8,0.0,0,"Sunnyside, Yakima County",310136,Sunnyside,2017-12-06 01:23:54.161188
1999-07-13,22:15,64.5,,49.5,58.2,0.0,SE@0.9,99999.0,,73.8,0.0,0,"Sunnyside, Yakima County",310136,Sunnyside,2017-12-06 01:23:54.161188
1999-07-13,22:30,63.9,,49.6,59.5,0.0,NW@0.8,99999.0,,73.8,0.0,0,"Sunnyside, Yakima County",310136,Sunnyside,2017-12-06 01:23:54.161188
1999-07-13,22:45,63.4,,50.0,61.5,0.0,W@0.8,99999.0,,73.8,0.0,0,"Sunnyside, Yakima County",310136,Sunnyside,2017-12-06 01:23:54.161188
1999-07-13,23:00,64.3,,49.0,57.3,0.0,W@0.8,99999.0,,73.8,0.0,0,"Sunnyside, Yakima County",310136,Sunnyside,2017-12-06 01:23:54.161188
1999-07-14,23:15,64.0,,47.2,54.2,0.0,W@3.3,99999.0,,73.7,0.0,0,"Sunnyside, Yakima County",310136,Sunnyside,2017-12-06 01:23:54.161188
1999-07-14,23:30,64.5,,45.7,50.4,0.0,W@4.2,99999.0,,73.7,0.0,0,"Sunnyside, Yakima County",310136,Sunnyside,2017-12-06 01:23:54.161188
1999-07-14,23:45,62.9,,45.6,53.1,0.0,SW@1.3,99999.0,,73.6,0.0,0,"Sunnyside, Yakima County",310136,Sunnyside,2017-12-06 01:23:54.161188
1999-07-14,24:00,58.6,,46.7,64.5,0.0,W@2.3,99999.0,,71.9,0.0,0,"Sunnyside, Yakima County",310136,Sunnyside,2017-12-06 01:23:54.161188
1999-07-14,00:15,59.8,,42.8,53.3,0.0,W@0.8,99999.0,,73.5,0.0,0,"Sunnyside, Yakima County",310136,Sunnyside,2017-12-06 01:23:54.161188
1999-07-14,00:30,59.8,,41.5,50.7,0.0,W@1.8,99999.0,,73.4,0.0,0,"Sunnyside, Yakima County",310136,Sunnyside,2017-12-06 01:23:54.161188
1999-07-14,00:45,57.2,,45.0,63.6,0.0,NW@1.1,99999.0,,73.4,0.0,0,"Sunnyside, Yakima County",310136,Sunnyside,2017-12-06 01:23:54.161188
1999-07-14,01:00,55.4,,43.9,65.1,0.0,NW@2.3,99999.0,,73.3,0.0,0,"Sunnyside, Yakima County",310136,Sunnyside,2017-12-06 01:23:54.161188
1999-07-14,01:15,55.1,,43.2,64.2,0.0,N@3.2,99999.0,,73.3,0.0,0,"Sunnyside, Yakima County",310136,Sunnyside,2017-12-06 01:23:54.161188
1999-07-14,01:30,53.5,,41.4,63.5,0.0,NW@2.9,99999.0,,73.2,0.0,0,"Sunnyside, Yakima County",310136,Sunnyside,2017-12-06 01:23:54.161188
1999-07-14,01:45,57.1,,38.7,50.1,0.0,NW@2.5,99999.0,,73.1,0.0,0,"Sunnyside, Yakima County",310136,Sunnyside,2017-12-06 01:23:54.161188
1999-07-14,02:00,57.7,,37.9,47.4,0.0,NW@2.2,99999.0,,73.0,0.0,0,"Sunnyside, Yakima County",310136,Sunnyside,2017-12-06 01:23:54.161188
1999-07-14,02:15,56.1,,37.7,50.0,0.0,NW@2.4,99999.0,,73.0,0.0,0,"Sunnyside, Yakima County",310136,Sunnyside,2017-12-06 01:23:54.161188
1999-07-14,02:30,56.4,,36.3,46.7,0.0,NW@1.7,99999.0,,72.9,0.0,0,"Sunnyside, Yakima County",310136,Sunnyside,2017-12-06 01:23:54.161188
1999-07-14,02:45,52.8,,38.4,57.7,0.0,NW@0.9,99999.0,,72.8,0.0,0,"Sunnyside, Yakima County",310136,Sunnyside,2017-12-06 01:23:54.161188
1999-07-14,03:00,52.7,,36.0,53.0,0.0,NW@1.2,99999.0,,72.7,0.0,0,"Sunnyside, Yakima County",310136,Sunnyside,2017-12-06 01:23:54.161188
1999-07-14,03:15,52.1,,36.0,53.9,0.0,NW@0.9,99999.0,,72.6,0.0,0,"Sunnyside, Yakima County",310136,Sunnyside,2017-12-06 01:23:54.161188
1999-07-14,03:30,49.4,,36.3,60.4,0.0,N@1.5,99999.0,,72.5,0.0,0,"Sunnyside, Yakima County",310136,Sunnyside,2017-12-06 01:23:54.161188
1999-07-14,03:45,49.6,,35.2,57.6,0.0,NW@2.3,99999.0,,72.4,0.0,0,"Sunnyside, Yakima County",310136,Sunnyside,2017-12-06 01:23:54.161188
1999-07-14,04:00,52.8,,33.6,47.9,0.0,W@2.5,99999.0,,72.3,0.0,0,"Sunnyside, Yakima County",310136,Sunnyside,2017-12-06 01:23:54.161188
1999-07-14,04:15,53.0,,33.7,47.9,0.0,W@3.1,99999.0,,72.2,0.0,1,"Sunnyside, Yakima County",310136,Sunnyside,2017-12-06 01:23:54.161188
1999-07-14,04:30,53.9,,34.0,46.8,0.0,W@5.2,99999.0,,72.1,0.0,4,"Sunnyside, Yakima County",310136,Sunnyside,2017-12-06 01:23:54.161188
1999-07-14,04:45,55.0,,35.2,47.1,0.0,NW@4.9,99999.0,,72.0,0.0,9,"Sunnyside, Yakima County",310136,Sunnyside,2017-12-06 01:23:54.161188
1999-07-14,05:00,54.1,,36.1,50.3,0.0,NW@2.9,99999.0,,71.9,0.0,14,"Sunnyside, Yakima County",310136,Sunnyside,2017-12-06 01:23:54.161188
1999-07-14,05:15,53.7,,36.7,52.3,0.0,W@3.4,99999.0,,71.9,0.0,38,"Sunnyside, Yakima County",310136,Sunnyside,2017-12-06 01:23:54.161188
1999-07-14,05:30,53.7,,37.4,53.8,0.0,W@2.3,99999.0,,71.8,0.0,109,"Sunnyside, Yakima County",310136,Sunnyside,2017-12-06 01:23:54.161188
1999-07-14,05:45,54.4,,38.0,53.7,0.0,W@5.0,99999.0,,71.7,0.0,151,"Sunnyside, Yakima County",310136,Sunnyside,2017-12-06 01:23:54.161188
1999-07-14,06:00,55.0,,38.8,54.3,0.0,W@4.9,99999.0,,71.6,0.0,188,"Sunnyside, Yakima County",310136,Sunnyside,2017-12-06 01:23:54.161188
1999-07-14,06:15,55.7,,39.8,54.8,0.0,W@3.6,99999.0,,71.5,0.0,226,"Sunnyside, Yakima County",310136,Sunnyside,2017-12-06 01:23:54.161188
1999-07-14,06:30,56.3,,40.1,54.6,0.0,W@3.1,99999.0,,71.5,0.0,267,"Sunnyside, Yakima County",310136,Sunnyside,2017-12-06 01:23:54.161188
1999-07-14,06:45,57.0,,41.2,55.4,0.0,W@3.6,99999.0,,71.4,0.0,308,"Sunnyside, Yakima County",310136,Sunnyside,2017-12-06 01:23:54.161188
1999-07-14,07:00,57.6,,40.9,53.5,0.0,W@4.2,99999.0,,71.3,0.0,350,"Sunnyside, Yakima County",310136,Sunnyside,2017-12-06 01:23:54.161188
1999-07-14,07:15,58.3,,41.3,53.1,0.0,W@4.7,99999.0,,71.2,0.0,391,"Sunnyside, Yakima County",310136,Sunnyside,2017-12-06 01:23:54.161188
1999-07-14,07:30,58.8,,41.7,53.0,0.0,W@5.2,99999.0,,71.1,0.0,433,"Sunnyside, Yakima County",310136,Sunnyside,2017-12-06 01:23:54.161188
1999-07-14,07:45,59.0,,41.7,52.4,0.0,W@5.2,99999.0,,71.0,0.0,476,"Sunnyside, Yakima County",310136,Sunnyside,2017-12-06 01:23:54.161188
1999-07-14,08:00,59.7,,41.1,50.1,0.0,W@5.9,99999.0,,70.9,0.0,517,"Sunnyside, Yakima County",310136,Sunnyside,2017-12-06 01:23:54.161188
1999-07-14,08:15,60.3,,42.3,51.4,0.0,SW@6.0,99999.0,,70.8,0.0,557,"Sunnyside, Yakima County",310136,Sunnyside,2017-12-06 01:23:54.161188
1999-07-14,08:30,60.8,,42.2,50.2,0.0,SW@4.6,99999.0,,70.8,0.0,595,"Sunnyside, Yakima County",310136,Sunnyside,2017-12-06 01:23:54.161188
1999-07-14,08:45,61.5,,41.9,48.5,0.0,W@4.0,99999.0,,70.7,0.0,634,"Sunnyside, Yakima County",310136,Sunnyside,2017-12-06 01:23:54.161188
1999-07-14,09:00,62.3,,43.4,49.8,,SW@4.2,99999.0,,70.6,0.0,667,"Sunnyside, Yakima County",310136,Sunnyside,2017-12-06 01:23:54.161188
1999-07-14,09:15,62.5,,43.6,49.8,,SW@4.6,99999.0,,70.6,0.02,704,"Sunnyside, Yakima County",310136,Sunnyside,2017-12-06 01:23:54.161188
1999-07-14,09:30,62.7,,44.0,50.4,,W@3.9,99999.0,,70.5,0.02,730,"Sunnyside, Yakima County",310136,Sunnyside,2017-12-06 01:23:54.161188
1999-07-14,09:45,62.8,,43.4,49.0,,SW@3.5,99999.0,,70.5,0.0,760,"Sunnyside, Yakima County",310136,Sunnyside,2017-12-06 01:23:54.161188
1999-07-14,10:00,64.2,,42.9,45.8,0.0,SW@3.5,99999.0,,70.4,0.0,789,"Sunnyside, Yakima County",310136,Sunnyside,2017-12-06 01:23:54.161188
1999-07-14,10:15,65.1,,42.7,44.0,0.0,SW@3.9,99999.0,,70.2,0.0,816,"Sunnyside, Yakima County",310136,Sunnyside,2017-12-06 01:23:54.161188
1999-07-14,10:30,65.8,,41.9,41.6,0.0,W@5.3,99999.0,,70.2,0.0,841,"Sunnyside, Yakima County",310136,Sunnyside,2017-12-06 01:23:54.161188
1999-07-14,10:45,66.1,,41.3,40.3,0.0,SW@4.0,99999.0,,70.2,0.0,862,"Sunnyside, Yakima County",310136,Sunnyside,2017-12-06 01:23:54.161188
1999-07-14,11:00,66.8,,41.3,39.3,0.0,SW@2.4,99999.0,,70.2,0.0,880,"Sunnyside, Yakima County",310136,Sunnyside,2017-12-06 01:23:54.161188
1999-07-14,11:15,67.7,,43.0,40.6,0.0,SW@5.2,99999.0,,70.2,0.0,893,"Sunnyside, Yakima County",310136,Sunnyside,2017-12-06 01:23:54.161188
1999-07-14,11:30,68.2,,41.5,37.8,0.0,W@4.8,99999.0,,70.2,0.0,904,"Sunnyside, Yakima County",310136,Sunnyside,2017-12-06 01:23:54.161188
1999-07-14,11:45,68.7,,42.4,38.4,0.0,SW@3.5,99999.0,,70.3,0.0,912,"Sunnyside, Yakima County",310136,Sunnyside,2017-12-06 01:23:54.161188
1999-07-14,12:00,68.8,,42.4,38.2,0.0,W@4.4,99999.0,,70.3,0.0,916,"Sunnyside, Yakima County",310136,Sunnyside,2017-12-06 01:23:54.161188
1999-07-14,12:15,69.0,,41.6,36.8,0.0,W@4.6,99999.0,,70.4,0.0,916,"Sunnyside, Yakima County",310136,Sunnyside,2017-12-06 01:23:54.161188
1999-07-14,12:30,69.7,,43.3,38.5,0.0,W@4.9,99999.0,,70.5,0.0,911,"Sunnyside, Yakima County",310136,Sunnyside,2017-12-06 01:23:54.161188
1999-07-14,12:45,70.4,,43.9,38.3,0.0,SW@4.0,99999.0,,70.5,0.0,910,"Sunnyside, Yakima County",310136,Sunnyside,2017-12-06 01:23:54.161188
1999-07-14,13:00,70.8,,43.1,36.8,0.0,W@4.4,99999.0,,70.6,0.0,902,"Sunnyside, Yakima County",310136,Sunnyside,2017-12-06 01:23:54.161188
1999-07-14,13:15,71.1,,42.7,35.7,0.0,W@6.2,99999.0,,70.8,0.0,887,"Sunnyside, Yakima County",310136,Sunnyside,2017-12-06 01:23:54.161188
1999-07-14,13:30,71.7,,43.5,36.2,0.0,W@6.8,99999.0,,70.8,0.0,874,"Sunnyside, Yakima County",310136,Sunnyside,2017-12-06 01:23:54.161188
1999-07-14,13:45,71.5,,44.3,37.5,0.0,W@6.6,99999.0,,71.0,0.0,854,"Sunnyside, Yakima County",310136,Sunnyside,2017-12-06 01:23:54.161188
1999-07-14,14:00,71.7,,44.1,37.1,0.0,W@5.0,99999.0,,71.0,0.0,835,"Sunnyside, Yakima County",310136,Sunnyside,2017-12-06 01:23:54.161188
1999-07-14,14:15,72.1,,45.4,38.3,0.0,W@5.0,99999.0,,71.1,0.0,815,"Sunnyside, Yakima County",310136,Sunnyside,2017-12-06 01:23:54.161188
1999-07-14,14:30,72.8,,45.7,38.0,0.0,W@4.7,99999.0,,71.2,0.0,797,"Sunnyside, Yakima County",310136,Sunnyside,2017-12-06 01:23:54.161188
1999-07-14,14:45,73.3,,47.0,39.3,0.0,W@5.9,99999.0,,71.3,0.0,755,"Sunnyside, Yakima County",310136,Sunnyside,2017-12-06 01:23:54.161188
1999-07-14,15:00,73.0,,45.3,37.0,0.0,W@5.4,99999.0,,71.5,0.0,732,"Sunnyside, Yakima County",310136,Sunnyside,2017-12-06 01:23:54.161188
1999-07-14,15:15,73.2,,45.7,37.4,0.0,W@5.1,99999.0,,71.6,0.0,703,"Sunnyside, Yakima County",310136,Sunnyside,2017-12-06 01:23:54.161188
1999-07-14,15:30,73.8,,47.1,38.6,0.0,W@6.0,99999.0,,71.7,0.0,677,"Sunnyside, Yakima County",310136,Sunnyside,2017-12-06 01:23:54.161188
1999-07-14,15:45,72.9,,47.2,40.1,0.0,W@6.8,99999.0,,71.7,0.0,337,"Sunnyside, Yakima County",310136,Sunnyside,2017-12-06 01:23:54.161188
1999-07-14,16:00,72.2,,47.3,41.1,0.0,W@7.0,99999.0,,71.9,0.0,334,"Sunnyside, Yakima County",310136,Sunnyside,2017-12-06 01:23:54.161188
1999-07-14,16:15,71.3,,48.2,43.8,0.0,W@7.2,99999.0,,72.0,0.0,361,"Sunnyside, Yakima County",310136,Sunnyside,2017-12-06 01:23:54.161188
1999-07-14,16:30,72.5,,48.4,42.5,0.0,W@7.8,99999.0,,72.1,0.0,518,"Sunnyside, Yakima County",310136,Sunnyside,2017-12-06 01:23:54.161188
1999-07-14,16:45,71.9,,47.4,41.7,0.0,W@8.3,99999.0,,72.2,0.0,383,"Sunnyside, Yakima County",310136,Sunnyside,2017-12-06 01:23:54.161188
1999-07-14,17:00,71.3,,47.9,43.2,0.0,W@7.5,99999.0,,72.2,0.0,211,"Sunnyside, Yakima County",310136,Sunnyside,2017-12-06 01:23:54.161188
1999-07-14,17:15,70.6,,48.2,45.0,0.0,NW@5.8,99999.0,,72.3,0.0,327,"Sunnyside, Yakima County",310136,Sunnyside,2017-12-06 01:23:54.161188
1999-07-14,17:30,71.3,,48.2,43.8,0.0,NW@6.8,99999.0,,72.3,0.0,350,"Sunnyside, Yakima County",310136,Sunnyside,2017-12-06 01:23:54.161188
1999-07-14,17:45,70.9,,47.8,43.8,0.0,NW@5.7,99999.0,,72.3,0.0,291,"Sunnyside, Yakima County",310136,Sunnyside,2017-12-06 01:23:54.161188
1999-07-14,18:00,71.0,,48.1,44.2,0.0,W@4.5,99999.0,,72.3,0.0,239,"Sunnyside, Yakima County",310136,Sunnyside,2017-12-06 01:23:54.161188
1999-07-14,18:15,70.1,,48.2,45.8,0.0,W@4.2,99999.0,,72.4,0.0,131,"Sunnyside, Yakima County",310136,Sunnyside,2017-12-06 01:23:54.161188
1999-07-14,18:30,69.6,,47.8,45.7,0.0,NW@5.3,99999.0,,72.4,0.0,182,"Sunnyside, Yakima County",310136,Sunnyside,2017-12-06 01:23:54.161188
1999-07-14,18:45,68.8,,48.0,47.3,0.0,NW@6.7,99999.0,,72.5,0.0,130,"Sunnyside, Yakima County",310136,Sunnyside,2017-12-06 01:23:54.161188
1999-07-14,19:00,67.9,,47.4,47.7,0.0,NW@6.9,99999.0,,72.5,0.0,95,"Sunnyside, Yakima County",310136,Sunnyside,2017-12-06 01:23:54.161188
1999-07-14,19:15,66.6,,47.5,50.1,0.0,NW@6.9,99999.0,,72.5,0.0,28,"Sunnyside, Yakima County",310136,Sunnyside,2017-12-06 01:23:54.161188
1999-07-14,19:30,65.1,,47.0,51.9,0.0,N@6.9,99999.0,,72.5,0.0,19,"Sunnyside, Yakima County",310136,Sunnyside,2017-12-06 01:23:54.161188
1999-07-14,19:45,64.2,,46.8,52.9,0.0,NW@6.0,99999.0,,72.5,0.0,8,"Sunnyside, Yakima County",310136,Sunnyside,2017-12-06 01:23:54.161188
1999-07-14,20:00,64.0,,46.6,53.0,0.0,NW@5.4,99999.0,,72.5,0.0,3,"Sunnyside, Yakima County",310136,Sunnyside,2017-12-06 01:23:54.161188
1999-07-14,20:15,62.2,,46.7,56.8,0.0,NW@4.5,99999.0,,72.5,0.0,1,"Sunnyside, Yakima County",310136,Sunnyside,2017-12-06 01:23:54.161188
1999-07-14,20:30,62.1,,46.0,55.4,0.0,NW@6.4,99999.0,,72.5,0.0,0,"Sunnyside, Yakima County",310136,Sunnyside,2017-12-06 01:23:54.161188
1999-07-14,20:45,61.8,,46.1,56.3,0.0,NW@6.5,99999.0,,72.5,0.0,0,"Sunnyside, Yakima County",310136,Sunnyside,2017-12-06 01:23:54.161188
1999-07-14,21:00,61.5,,46.1,56.8,0.0,NW@5.4,99999.0,,72.5,0.0,0,"Sunnyside, Yakima County",310136,Sunnyside,2017-12-06 01:23:54.161188
1999-07-14,21:15,60.9,,46.7,59.4,0.0,NW@8.1,99999.0,,72.4,0.0,0,"Sunnyside, Yakima County",310136,Sunnyside,2017-12-06 01:23:54.161188
1999-07-14,21:30,60.4,,46.9,61.0,0.0,NW@6.9,99999.0,,72.4,0.0,0,"Sunnyside, Yakima County",310136,Sunnyside,2017-12-06 01:23:54.161188
1999-07-14,21:45,60.2,,46.7,60.9,0.0,NW@7.7,99999.0,,72.4,0.0,0,"Sunnyside, Yakima County",310136,Sunnyside,2017-12-06 01:23:54.161188
1999-07-14,22:00,60.4,,46.4,59.8,0.0,NW@9.8,99999.0,,72.3,0.0,0,"Sunnyside, Yakima County",310136,Sunnyside,2017-12-06 01:23:54.161188
1999-07-14,22:15,59.9,,46.6,61.2,0.0,NW@9.5,99999.0,,72.3,0.0,0,"Sunnyside, Yakima County",310136,Sunnyside,2017-12-06 01:23:54.161188
1999-07-14,22:30,60.0,,46.6,61.3,0.0,NW@10.2,99999.0,,72.2,0.0,0,"Sunnyside, Yakima County",310136,Sunnyside,2017-12-06 01:23:54.161188
1999-07-14,22:45,59.6,,46.8,62.6,0.0,NW@8.9,99999.0,,72.2,0.0,0,"Sunnyside, Yakima County",310136,Sunnyside,2017-12-06 01:23:54.161188
1999-07-14,23:00,59.3,,47.0,63.7,0.0,NW@7.5,99999.0,,72.2,0.0,0,"Sunnyside, Yakima County",310136,Sunnyside,2017-12-06 01:23:54.161188
1999-07-15,23:15,59.1,,47.0,64.1,0.0,NW@4.6,99999.0,,72.1,0.0,0,"Sunnyside, Yakima County",310136,Sunnyside,2017-12-06 01:23:54.161188
1999-07-15,23:30,58.8,,46.9,64.5,0.0,W@4.6,99999.0,,72.0,0.0,0,"Sunnyside, Yakima County",310136,Sunnyside,2017-12-06 01:23:54.161188
1999-07-15,23:45,58.9,,46.7,63.9,0.0,NW@5.0,99999.0,,72.0,0.0,0,"Sunnyside, Yakima County",310136,Sunnyside,2017-12-06 01:23:54.161188
1999-07-15,24:00,65.9,,45.2,47.0,0.0,N@6.1,99999.0,,71.3,0.0,0,"Sunnyside, Yakima County",310136,Sunnyside,2017-12-06 01:23:54.161188
1999-07-15,00:15,57.9,,47.0,66.8,0.0,NW@1.1,99999.0,,71.8,0.0,0,"Sunnyside, Yakima County",310136,Sunnyside,2017-12-06 01:23:54.161188
1999-07-15,00:30,57.8,,46.4,65.7,0.0,N@3.9,99999.0,,71.8,0.0,0,"Sunnyside, Yakima County",310136,Sunnyside,2017-12-06 01:23:54.161188
1999-07-15,00:45,58.4,,46.5,64.6,0.0,N@3.5,99999.0,,71.7,0.0,0,"Sunnyside, Yakima County",310136,Sunnyside,2017-12-06 01:23:54.161188
1999-07-15,01:00,57.6,,46.6,66.6,0.0,NW@1.4,99999.0,,71.6,0.0,0,"Sunnyside, Yakima County",310136,Sunnyside,2017-12-06 01:23:54.161188
1999-07-15,01:15,57.3,,46.3,66.6,0.0,NW@3.9,99999.0,,71.6,0.0,0,"Sunnyside, Yakima County",310136,Sunnyside,2017-12-06 01:23:54.161188
1999-07-15,01:30,58.1,,45.8,63.5,0.0,NW@5.0,99999.0,,71.5,0.0,0,"Sunnyside, Yakima County",310136,Sunnyside,2017-12-06 01:23:54.161188
1999-07-15,01:45,57.7,,46.5,66.0,0.0,W@2.0,99999.0,,71.4,0.0,0,"Sunnyside, Yakima County",310136,Sunnyside,2017-12-06 01:23:54.161188
1999-07-15,02:00,53.5,,47.8,80.8,0.0,NW@0.6,99999.0,,71.3,0.0,0,"Sunnyside, Yakima County",310136,Sunnyside,2017-12-06 01:23:54.161188
1999-07-15,02:15,53.2,,47.1,79.6,0.0,W@1.1,99999.0,,71.3,0.0,0,"Sunnyside, Yakima County",310136,Sunnyside,2017-12-06 01:23:54.161188
1999-07-15,02:30,52.2,,47.3,83.5,0.0,S@0.8,99999.0,,71.2,0.0,0,"Sunnyside, Yakima County",310136,Sunnyside,2017-12-06 01:23:54.161188
1999-07-15,02:45,52.3,,47.1,82.3,0.0,NW@1.1,99999.0,,71.1,0.0,0,"Sunnyside, Yakima County",310136,Sunnyside,2017-12-06 01:23:54.161188
1999-07-15,03:00,50.9,,47.1,86.9,,N@0.5,99999.0,,71.0,0.0,0,"Sunnyside, Yakima County",310136,Sunnyside,2017-12-06 01:23:54.161188
1999-07-15,03:15,51.3,,46.6,83.9,,W@1.3,99999.0,,71.0,0.0,0,"Sunnyside, Yakima County",310136,Sunnyside,2017-12-06 01:23:54.161188
1999-07-15,03:30,50.7,,47.0,87.1,,NW@0.5,99999.0,,70.9,0.0,0,"Sunnyside, Yakima County",310136,Sunnyside,2017-12-06 01:23:54.161188
1999-07-15,03:45,49.4,,46.7,90.3,,N@0.6,99999.0,,70.8,0.0,0,"Sunnyside, Yakima County",310136,Sunnyside,2017-12-06 01:23:54.161188
1999-07-15,04:00,48.6,,46.2,91.2,,N@0.6,99999.0,,70.7,0.0,0,"Sunnyside, Yakima County",310136,Sunnyside,2017-12-06 01:23:54.161188
1999-07-15,04:15,48.2,,45.8,91.1,,N@1.1,99999.0,,70.6,0.0,1,"Sunnyside, Yakima County",310136,Sunnyside,2017-12-06 01:23:54.161188
1999-07-15,04:30,48.1,,45.7,91.3,,N@0.7,99999.0,,70.6,0.0,4,"Sunnyside, Yakima County",310136,Sunnyside,2017-12-06 01:23:54.161188
1999-07-15,04:45,48.1,,45.4,90.3,,N@1.0,99999.0,,70.5,0.0,9,"Sunnyside, Yakima County",310136,Sunnyside,2017-12-06 01:23:54.161188
1999-07-15,05:00,48.5,,45.5,89.4,,N@2.0,99999.0,,70.4,0.0,15,"Sunnyside, Yakima County",310136,Sunnyside,2017-12-06 01:23:54.161188
1999-07-15,05:15,49.5,,45.0,84.4,,N@2.6,99999.0,,70.3,0.0,32,"Sunnyside, Yakima County",310136,Sunnyside,2017-12-06 01:23:54.161188
1999-07-15,05:30,50.1,,44.5,81.0,0.0,N@3.3,99999.0,,70.2,0.0,92,"Sunnyside, Yakima County",310136,Sunnyside,2017-12-06 01:23:54.161188
1999-07-15,05:45,51.8,,44.9,77.3,0.0,N@2.2,99999.0,,70.1,0.0,139,"Sunnyside, Yakima County",310136,Sunnyside,2017-12-06 01:23:54.161188
1999-07-15,06:00,55.2,,45.7,70.3,0.0,N@0.6,99999.0,,70.0,0.0,177,"Sunnyside, Yakima County",310136,Sunnyside,2017-12-06 01:23:54.161188
1999-07-15,06:15,56.9,,47.6,70.9,0.5,SE@0.8,99999.0,,69.9,0.0,211,"Sunnyside, Yakima County",310136,Sunnyside,2017-12-06 01:23:54.161188
1999-07-15,06:30,57.1,,48.7,73.2,0.0,S@0.8,99999.0,,69.8,0.0,246,"Sunnyside, Yakima County",310136,Sunnyside,2017-12-06 01:23:54.161188
1999-07-15,06:45,57.8,,49.4,73.6,0.0,S@1.0,99999.0,,69.7,0.0,289,"Sunnyside, Yakima County",310136,Sunnyside,2017-12-06 01:23:54.161188
1999-07-15,07:00,58.1,,50.0,74.3,0.0,S@0.9,99999.0,,69.7,0.0,330,"Sunnyside, Yakima County",310136,Sunnyside,2017-12-06 01:23:54.161188
1999-07-15,07:15,58.6,,49.8,72.4,0.0,S@1.2,99999.0,,69.6,0.0,373,"Sunnyside, Yakima County",310136,Sunnyside,2017-12-06 01:23:54.161188
1999-07-15,07:30,59.4,,50.1,71.0,0.0,S@1.0,99999.0,,69.6,0.0,414,"Sunnyside, Yakima County",310136,Sunnyside,2017-12-06 01:23:54.161188
1999-07-15,07:45,60.1,,50.4,70.2,0.0,S@1.4,99999.0,,69.6,0.0,455,"Sunnyside, Yakima County",310136,Sunnyside,2017-12-06 01:23:54.161188
1999-07-15,08:00,61.0,,50.8,69.1,0.0,S@1.4,99999.0,,69.5,0.0,497,"Sunnyside, Yakima County",310136,Sunnyside,2017-12-06 01:23:54.161188
1999-07-15,08:15,61.8,,50.6,66.5,0.0,SE@1.4,99999.0,,69.5,0.0,537,"Sunnyside, Yakima County",310136,Sunnyside,2017-12-06 01:23:54.161188
1999-07-15,08:30,63.0,,50.8,64.4,0.0,S@1.5,99999.0,,69.4,0.0,578,"Sunnyside, Yakima County",310136,Sunnyside,2017-12-06 01:23:54.161188
1999-07-15,08:45,63.2,,49.9,61.7,0.0,S@1.7,99999.0,,69.3,0.0,616,"Sunnyside, Yakima County",310136,Sunnyside,2017-12-06 01:23:54.161188
1999-07-15,09:00,64.5,,50.7,60.8,0.0,SE@1.4,99999.0,,69.3,0.0,654,"Sunnyside, Yakima County",310136,Sunnyside,2017-12-06 01:23:54.161188
1999-07-15,09:15,65.7,,50.6,58.0,0.0,SE@1.8,99999.0,,69.2,0.0,689,"Sunnyside, Yakima County",310136,Sunnyside,2017-12-06 01:23:54.161188
1999-07-15,09:30,66.1,,50.1,56.3,0.0,SE@2.2,99999.0,,69.2,0.0,721,"Sunnyside, Yakima County",310136,Sunnyside,2017-12-06 01:23:54.161188
1999-07-15,09:45,66.7,,50.8,56.4,0.0,SE@2.9,99999.0,,69.1,0.0,749,"Sunnyside, Yakima County",310136,Sunnyside,2017-12-06 01:23:54.161188
1999-07-15,10:00,67.4,,50.5,54.5,0.0,S@1.9,99999.0,,69.2,0.0,777,"Sunnyside, Yakima County",310136,Sunnyside,2017-12-06 01:23:54.161188
1999-07-15,10:15,68.1,,50.5,53.4,0.0,S@2.0,99999.0,,69.2,0.0,803,"Sunnyside, Yakima County",310136,Sunnyside,2017-12-06 01:23:54.161188
1999-07-15,10:30,68.7,,51.1,53.5,0.0,SE@2.2,99999.0,,69.2,0.0,824,"Sunnyside, Yakima County",310136,Sunnyside,2017-12-06 01:23:54.161188
1999-07-15,10:45,68.6,,50.5,52.3,0.0,SE@1.4,99999.0,,69.2,0.0,846,"Sunnyside, Yakima County",310136,Sunnyside,2017-12-06 01:23:54.161188
1999-07-15,11:00,69.4,,49.3,48.7,0.0,S@1.3,99999.0,,69.2,0.0,867,"Sunnyside, Yakima County",310136,Sunnyside,2017-12-06 01:23:54.161188
1999-07-15,11:15,69.8,,50.0,49.4,0.0,SE@2.3,99999.0,,69.3,0.0,882,"Sunnyside, Yakima County",310136,Sunnyside,2017-12-06 01:23:54.161188
1999-07-15,11:30,70.2,,50.2,49.0,0.0,S@1.9,99999.0,,69.4,0.0,892,"Sunnyside, Yakima County",310136,Sunnyside,2017-12-06 01:23:54.161188
1999-07-15,11:45,70.5,,50.4,49.0,0.0,SE@2.3,99999.0,,69.4,0.0,898,"Sunnyside, Yakima County",310136,Sunnyside,2017-12-06 01:23:54.161188
1999-07-15,12:00,70.8,,50.7,49.1,0.0,S@3.6,99999.0,,69.5,0.0,902,"Sunnyside, Yakima County",310136,Sunnyside,2017-12-06 01:23:54.161188
1999-07-15,12:15,71.5,,51.9,50.0,0.0,S@2.8,99999.0,,69.6,0.0,904,"Sunnyside, Yakima County",310136,Sunnyside,2017-12-06 01:23:54.161188
1999-07-15,12:30,71.6,,50.6,47.6,0.0,SE@2.8,99999.0,,69.7,0.0,903,"Sunnyside, Yakima County",310136,Sunnyside,2017-12-06 01:23:54.161188
1999-07-15,12:45,72.1,,50.3,46.1,0.0,S@2.1,99999.0,,69.8,0.0,895,"Sunnyside, Yakima County",310136,Sunnyside,2017-12-06 01:23:54.161188
1999-07-15,13:00,72.7,,51.3,47.0,0.0,S@2.6,99999.0,,69.9,0.0,895,"Sunnyside, Yakima County",310136,Sunnyside,2017-12-06 01:23:54.161188
1999-07-15,13:15,72.8,,49.7,44.0,0.0,S@2.0,99999.0,,69.9,0.0,887,"Sunnyside, Yakima County",310136,Sunnyside,2017-12-06 01:23:54.161188
1999-07-15,13:30,73.3,,50.4,44.4,0.0,SE@2.1,99999.0,,70.0,0.0,843,"Sunnyside, Yakima County",310136,Sunnyside,2017-12-06 01:23:54.161188
1999-07-15,13:45,73.7,,49.2,41.9,0.0,SW@2.4,99999.0,,70.1,0.0,834,"Sunnyside, Yakima County",310136,Sunnyside,2017-12-06 01:23:54.161188
1999-07-15,14:00,74.1,,50.1,42.9,0.0,S@2.1,99999.0,,70.2,0.0,842,"Sunnyside, Yakima County",310136,Sunnyside,2017-12-06 01:23:54.161188
1999-07-15,14:15,74.9,,50.7,42.6,0.0,S@2.5,99999.0,,70.3,0.0,813,"Sunnyside, Yakima County",310136,Sunnyside,2017-12-06 01:23:54.161188
1999-07-15,14:30,74.5,,49.7,41.7,0.0,S@1.7,99999.0,,70.4,0.0,711,"Sunnyside, Yakima County",310136,Sunnyside,2017-12-06 01:23:54.161188
1999-07-15,14:45,74.5,,50.3,42.5,0.0,SE@2.1,99999.0,,70.5,0.0,574,"Sunnyside, Yakima County",310136,Sunnyside,2017-12-06 01:23:54.161188
1999-07-15,15:00,74.1,,49.7,42.2,0.0,S@1.3,99999.0,,70.6,0.0,507,"Sunnyside, Yakima County",310136,Sunnyside,2017-12-06 01:23:54.161188
1999-07-15,15:15,74.8,,50.6,42.6,0.0,S@1.2,99999.0,,70.7,0.0,642,"Sunnyside, Yakima County",310136,Sunnyside,2017-12-06 01:23:54.161188
1999-07-15,15:30,76.0,,49.4,39.2,0.0,S@2.4,99999.0,,70.8,0.0,673,"Sunnyside, Yakima County",310136,Sunnyside,2017-12-06 01:23:54.161188
1999-07-15,15:45,75.9,,48.9,38.5,0.0,S@1.1,99999.0,,70.9,0.0,632,"Sunnyside, Yakima County",310136,Sunnyside,2017-12-06 01:23:54.161188
1999-07-15,16:00,76.1,,51.0,41.4,0.0,S@1.5,99999.0,,71.0,0.0,546,"Sunnyside, Yakima County",310136,Sunnyside,2017-12-06 01:23:54.161188
1999-07-15,16:15,75.7,,50.7,41.5,0.0,SE@1.2,99999.0,,71.1,0.0,432,"Sunnyside, Yakima County",310136,Sunnyside,2017-12-06 01:23:54.161188
1999-07-15,16:30,75.4,,50.4,41.5,0.0,S@0.6,99999.0,,71.2,0.0,393,"Sunnyside, Yakima County",310136,Sunnyside,2017-12-06 01:23:54.161188
1999-07-15,16:45,76.2,,50.1,39.8,0.0,SE@0.5,99999.0,,71.3,0.0,396,"Sunnyside, Yakima County",310136,Sunnyside,2017-12-06 01:23:54.161188
1999-07-15,17:00,76.9,,50.8,40.0,0.0,S@0.5,99999.0,,71.3,0.0,435,"Sunnyside, Yakima County",310136,Sunnyside,2017-12-06 01:23:54.161188
1999-07-15,17:15,75.9,,52.6,44.2,0.0,SE@1.8,99999.0,,71.3,0.0,382,"Sunnyside, Yakima County",310136,Sunnyside,2017-12-06 01:23:54.161188
1999-07-15,17:30,74.7,,51.2,43.8,0.0,SE@2.8,99999.0,,71.5,0.0,338,"Sunnyside, Yakima County",310136,Sunnyside,2017-12-06 01:23:54.161188
1999-07-15,17:45,75.1,,49.3,40.3,0.0,N@2.9,99999.0,,71.6,0.0,314,"Sunnyside, Yakima County",310136,Sunnyside,2017-12-06 01:23:54.161188
1999-07-15,18:00,74.9,,49.1,40.1,0.0,NE@2.6,99999.0,,71.6,0.0,217,"Sunnyside, Yakima County",310136,Sunnyside,2017-12-06 01:23:54.161188
1999-07-15,18:15,73.6,,47.9,40.2,0.0,NE@3.6,99999.0,,71.7,0.0,202,"Sunnyside, Yakima County",310136,Sunnyside,2017-12-06 01:23:54.161188
1999-07-15,18:30,73.8,,48.5,40.8,0.0,NE@2.9,99999.0,,71.8,0.0,188,"Sunnyside, Yakima County",310136,Sunnyside,2017-12-06 01:23:54.161188
1999-07-15,18:45,73.0,,47.9,41.0,0.0,NE@3.1,99999.0,,71.8,0.0,125,"Sunnyside, Yakima County",310136,Sunnyside,2017-12-06 01:23:54.161188
1999-07-15,19:00,71.8,,47.5,42.0,0.0,NE@2.6,99999.0,,71.8,0.0,79,"Sunnyside, Yakima County",310136,Sunnyside,2017-12-06 01:23:54.161188
1999-07-15,19:15,70.8,,47.8,44.0,0.0,NE@2.1,99999.0,,71.8,0.0,40,"Sunnyside, Yakima County",310136,Sunnyside,2017-12-06 01:23:54.161188
1999-07-15,19:30,69.6,,47.8,45.7,0.0,N@2.2,99999.0,,71.9,0.0,20,"Sunnyside, Yakima County",310136,Sunnyside,2017-12-06 01:23:54.161188
1999-07-15,19:45,69.9,,46.3,42.7,0.0,N@3.5,99999.0,,71.9,0.0,7,"Sunnyside, Yakima County",310136,Sunnyside,2017-12-06 01:23:54.161188
1999-07-15,20:00,68.3,,46.4,45.4,0.0,N@3.7,99999.0,,71.8,0.0,2,"Sunnyside, Yakima County",310136,Sunnyside,2017-12-06 01:23:54.161188
1999-07-15,20:15,66.7,,45.5,46.5,0.0,N@4.9,99999.0,,71.8,0.0,0,"Sunnyside, Yakima County",310136,Sunnyside,2017-12-06 01:23:54.161188
1999-07-15,20:30,66.7,,45.3,45.9,0.0,N@5.0,99999.0,,71.8,0.0,0,"Sunnyside, Yakima County",310136,Sunnyside,2017-12-06 01:23:54.161188
1999-07-15,20:45,66.3,,44.9,45.9,0.0,N@5.5,99999.0,,71.8,0.0,0,"Sunnyside, Yakima County",310136,Sunnyside,2017-12-06 01:23:54.161188
1999-07-15,21:00,65.7,,44.4,45.9,0.0,N@5.0,99999.0,,71.8,0.0,0,"Sunnyside, Yakima County",310136,Sunnyside,2017-12-06 01:23:54.161188
1999-07-15,21:15,65.8,,44.1,45.3,0.0,N@4.9,99999.0,,71.8,0.0,0,"Sunnyside, Yakima County",310136,Sunnyside,2017-12-06 01:23:54.161188
1999-07-15,21:30,65.9,,44.1,45.2,0.0,N@5.5,99999.0,,71.8,0.0,0,"Sunnyside, Yakima County",310136,Sunnyside,2017-12-06 01:23:54.161188
1999-07-15,21:45,66.1,,44.3,45.2,0.0,N@6.0,99999.0,,71.7,0.0,0,"Sunnyside, Yakima County",310136,Sunnyside,2017-12-06 01:23:54.161188
1999-07-15,22:00,66.6,,43.9,43.9,0.0,N@6.0,99999.0,,71.7,0.0,0,"Sunnyside, Yakima County",310136,Sunnyside,2017-12-06 01:23:54.161188
1999-07-15,22:15,67.3,,43.7,42.5,0.0,N@5.7,99999.0,,71.7,0.0,0,"Sunnyside, Yakima County",310136,Sunnyside,2017-12-06 01:23:54.161188
1999-07-15,22:30,67.4,,43.7,42.3,0.0,N@6.2,99999.0,,71.6,0.0,0,"Sunnyside, Yakima County",310136,Sunnyside,2017-12-06 01:23:54.161188
1999-07-15,22:45,67.1,,44.2,43.5,0.0,N@5.4,99999.0,,71.5,0.0,0,"Sunnyside, Yakima County",310136,Sunnyside,2017-12-06 01:23:54.161188
1999-07-15,23:00,67.6,,44.8,43.8,0.0,N@6.6,99999.0,,71.5,0.0,0,"Sunnyside, Yakima County",310136,Sunnyside,2017-12-06 01:23:54.161188
1999-07-16,23:15,67.4,,44.9,44.2,0.0,N@4.6,99999.0,,71.4,0.0,0,"Sunnyside, Yakima County",310136,Sunnyside,2017-12-06 01:23:54.161188
1999-07-16,23:30,67.5,,44.9,44.2,0.0,N@5.8,99999.0,,71.4,0.0,0,"Sunnyside, Yakima County",310136,Sunnyside,2017-12-06 01:23:54.161188
1999-07-16,23:45,66.3,,45.1,46.4,0.0,N@5.4,99999.0,,71.3,0.0,0,"Sunnyside, Yakima County",310136,Sunnyside,2017-12-06 01:23:54.161188
1999-07-16,24:00,59.9,,55.7,86.1,0.0,SE@0.8,99999.0,,71.3,0.0,0,"Sunnyside, Yakima County",310136,Sunnyside,2017-12-06 01:23:54.161188
1999-07-16,00:15,65.7,,45.3,47.5,0.0,N@6.9,99999.0,,71.2,0.0,0,"Sunnyside, Yakima County",310136,Sunnyside,2017-12-06 01:23:54.161188
1999-07-16,00:30,65.1,,45.4,48.8,0.0,N@7.4,99999.0,,71.2,0.0,0,"Sunnyside, Yakima County",310136,Sunnyside,2017-12-06 01:23:54.161188
1999-07-16,00:45,64.7,,45.8,50.2,0.0,N@8.1,99999.0,,71.2,0.0,0,"Sunnyside, Yakima County",310136,Sunnyside,2017-12-06 01:23:54.161188
1999-07-16,01:00,64.3,,46.0,51.4,0.0,N@8.8,99999.0,,71.1,0.0,0,"Sunnyside, Yakima County",310136,Sunnyside,2017-12-06 01:23:54.161188
1999-07-16,01:15,64.0,,46.3,52.6,0.0,N@8.1,99999.0,,71.1,0.0,0,"Sunnyside, Yakima County",310136,Sunnyside,2017-12-06 01:23:54.161188
1999-07-16,01:30,63.6,,46.2,53.0,0.0,N@7.1,99999.0,,71.0,0.0,0,"Sunnyside, Yakima County",310136,Sunnyside,2017-12-06 01:23:54.161188
1999-07-16,01:45,63.3,,46.3,53.8,0.0,N@7.4,99999.0,,70.9,0.0,0,"Sunnyside, Yakima County",310136,Sunnyside,2017-12-06 01:23:54.161188
1999-07-16,02:00,63.5,,46.4,53.6,0.0,N@8.4,99999.0,,70.9,0.0,0,"Sunnyside, Yakima County",310136,Sunnyside,2017-12-06 01:23:54.161188
1999-07-16,02:15,63.0,,46.5,54.8,0.0,N@9.3,99999.0,,70.8,0.0,0,"Sunnyside, Yakima County",310136,Sunnyside,2017-12-06 01:23:54.161188
1999-07-16,02:30,62.8,,47.0,56.2,0.0,N@9.3,99999.0,,70.8,0.0,0,"Sunnyside, Yakima County",310136,Sunnyside,2017-12-06 01:23:54.161188
1999-07-16,02:45,62.9,,47.4,56.8,0.0,N@7.9,99999.0,,70.7,0.0,0,"Sunnyside, Yakima County",310136,Sunnyside,2017-12-06 01:23:54.161188
1999-07-16,03:00,63.2,,47.8,57.0,0.0,N@11.1,99999.0,,70.6,0.0,0,"Sunnyside, Yakima County",310136,Sunnyside,2017-12-06 01:23:54.161188
1999-07-16,03:15,62.9,,48.1,58.3,0.0,N@10.7,99999.0,,70.5,0.0,0,"Sunnyside, Yakima County",310136,Sunnyside,2017-12-06 01:23:54.161188
1999-07-16,03:30,62.9,,48.0,58.2,0.0,N@10.3,99999.0,,70.4,0.0,0,"Sunnyside, Yakima County",310136,Sunnyside,2017-12-06 01:23:54.161188
1999-07-16,03:45,62.5,,48.0,58.9,0.0,N@6.0,99999.0,,70.4,0.0,0,"Sunnyside, Yakima County",310136,Sunnyside,2017-12-06 01:23:54.161188
1999-07-16,04:00,62.5,,47.7,58.3,0.0,N@6.4,99999.0,,70.4,0.0,0,"Sunnyside, Yakima County",310136,Sunnyside,2017-12-06 01:23:54.161188
1999-07-16,04:15,62.1,,47.5,58.7,0.0,N@4.3,99999.0,,70.3,0.0,1,"Sunnyside, Yakima County",310136,Sunnyside,2017-12-06 01:23:54.161188
1999-07-16,04:30,61.5,,47.3,59.4,0.0,NW@5.0,99999.0,,70.2,0.0,2,"Sunnyside, Yakima County",310136,Sunnyside,2017-12-06 01:23:54.161188
1999-07-16,04:45,61.3,,47.2,59.7,0.0,N@6.3,99999.0,,70.2,0.0,4,"Sunnyside, Yakima County",310136,Sunnyside,2017-12-06 01:23:54.161188
1999-07-16,05:00,61.0,,47.1,60.1,0.0,NW@4.9,99999.0,,70.1,0.0,9,"Sunnyside, Yakima County",310136,Sunnyside,2017-12-06 01:23:54.161188
1999-07-16,05:15,60.7,,46.8,60.1,0.0,NW@6.5,99999.0,,70.1,0.0,23,"Sunnyside, Yakima County",310136,Sunnyside,2017-12-06 01:23:54.161188
1999-07-16,05:30,61.1,,46.7,59.0,0.0,NW@7.8,99999.0,,70.0,0.0,48,"Sunnyside, Yakima County",310136,Sunnyside,2017-12-06 01:23:54.161188
1999-07-16,05:45,61.8,,46.6,57.2,0.0,N@9.3,99999.0,,70.0,0.0,91,"Sunnyside, Yakima County",310136,Sunnyside,2017-12-06 01:23:54.161188
1999-07-16,06:00,62.6,,46.5,55.5,0.0,N@11.3,99999.0,,69.9,0.0,98,"Sunnyside, Yakima County",310136,Sunnyside,2017-12-06 01:23:54.161188
1999-07-16,06:15,62.2,,46.2,55.8,0.0,N@11.0,99999.0,,69.8,0.0,119,"Sunnyside, Yakima County",310136,Sunnyside,2017-12-06 01:23:54.161188
1999-07-16,06:30,62.5,,46.1,55.1,0.0,N@11.3,99999.0,,69.8,0.0,104,"Sunnyside, Yakima County",310136,Sunnyside,2017-12-06 01:23:54.161188
1999-07-16,06:45,62.1,,46.0,55.4,0.0,NW@8.2,99999.0,,69.7,0.0,93,"Sunnyside, Yakima County",310136,Sunnyside,2017-12-06 01:23:54.161188
1999-07-16,07:00,62.4,,45.9,54.8,0.0,W@5.6,99999.0,,69.6,0.0,118,"Sunnyside, Yakima County",310136,Sunnyside,2017-12-06 01:23:54.161188
1999-07-16,07:15,63.0,,46.8,55.3,0.0,W@2.8,99999.0,,69.6,0.0,199,"Sunnyside, Yakima County",310136,Sunnyside,2017-12-06 01:23:54.161188
1999-07-16,07:30,63.7,,46.3,53.1,0.0,N@5.0,99999.0,,69.5,0.0,227,"Sunnyside, Yakima County",310136,Sunnyside,2017-12-06 01:23:54.161188
1999-07-16,07:45,64.4,,46.7,52.5,0.0,N@9.3,99999.0,,69.5,0.0,495,"Sunnyside, Yakima County",310136,Sunnyside,2017-12-06 01:23:54.161188
1999-07-16,08:00,65.7,,47.2,51.3,0.0,N@9.8,99999.0,,69.4,0.0,590,"Sunnyside, Yakima County",310136,Sunnyside,2017-12-06 01:23:54.161188
1999-07-16,08:15,66.0,,47.0,50.3,0.0,N@9.7,99999.0,,69.4,0.0,566,"Sunnyside, Yakima County",310136,Sunnyside,2017-12-06 01:23:54.161188
1999-07-16,08:30,65.8,,46.8,50.3,0.0,N@9.4,99999.0,,69.3,0.0,602,"Sunnyside, Yakima County",310136,Sunnyside,2017-12-06 01:23:54.161188
1999-07-16,08:45,66.2,,47.2,50.4,0.0,N@8.0,99999.0,,69.3,0.0,531,"Sunnyside, Yakima County",310136,Sunnyside,2017-12-06 01:23:54.161188
1999-07-16,09:00,67.2,,47.6,49.3,0.0,N@9.0,99999.0,,69.2,0.0,720,"Sunnyside, Yakima County",310136,Sunnyside,2017-12-06 01:23:54.161188
1999-07-16,09:15,68.5,,48.3,48.4,0.0,N@6.9,99999.0,,69.2,0.0,719,"Sunnyside, Yakima County",310136,Sunnyside,2017-12-06 01:23:54.161188
1999-07-16,09:30,69.4,,48.5,47.3,0.0,N@7.2,99999.0,,69.1,0.0,806,"Sunnyside, Yakima County",310136,Sunnyside,2017-12-06 01:23:54.161188
1999-07-16,09:45,69.8,,48.6,46.8,0.0,N@7.1,99999.0,,69.1,0.0,834,"Sunnyside, Yakima County",310136,Sunnyside,2017-12-06 01:23:54.161188
1999-07-16,10:00,70.6,,48.8,45.8,0.0,N@6.5,99999.0,,69.1,0.0,814,"Sunnyside, Yakima County",310136,Sunnyside,2017-12-06 01:23:54.161188
1999-07-16,10:15,70.7,,48.9,45.8,0.0,N@5.7,99999.0,,69.2,0.0,668,"Sunnyside, Yakima County",310136,Sunnyside,2017-12-06 01:23:54.161188
1999-07-16,10:30,71.0,,49.1,45.8,0.0,N@4.2,99999.0,,69.2,0.0,801,"Sunnyside, Yakima County",310136,Sunnyside,2017-12-06 01:23:54.161188
1999-07-16,10:45,71.5,,49.2,45.0,0.0,N@5.4,99999.0,,69.2,0.0,651,"Sunnyside, Yakima County",310136,Sunnyside,2017-12-06 01:23:54.161188
1999-07-16,11:00,72.1,,49.8,45.3,0.0,N@5.0,99999.0,,69.2,0.0,908,"Sunnyside, Yakima County",310136,Sunnyside,2017-12-06 01:23:54.161188
1999-07-16,11:15,73.3,,50.5,44.7,0.0,N@4.9,99999.0,,69.2,0.0,928,"Sunnyside, Yakima County",310136,Sunnyside,2017-12-06 01:23:54.161188
1999-07-16,11:30,73.4,,50.0,43.7,0.0,N@5.3,99999.0,,69.3,0.0,893,"Sunnyside, Yakima County",310136,Sunnyside,2017-12-06 01:23:54.161188
1999-07-16,11:45,73.5,,50.1,43.7,0.0,NE@3.7,99999.0,,69.3,0.0,882,"Sunnyside, Yakima County",310136,Sunnyside,2017-12-06 01:23:54.161188
1999-07-16,12:00,74.2,,50.0,42.5,0.0,N@3.8,99999.0,,69.4,0.0,946,"Sunnyside, Yakima County",310136,Sunnyside,2017-12-06 01:23:54.161188
1999-07-16,12:15,74.3,,49.3,41.3,0.0,N@5.1,99999.0,,69.5,0.0,918,"Sunnyside, Yakima County",310136,Sunnyside,2017-12-06 01:23:54.161188
1999-07-16,12:30,74.7,,49.0,40.2,0.0,N@5.0,99999.0,,69.6,0.0,811,"Sunnyside, Yakima County",310136,Sunnyside,2017-12-06 01:23:54.161188
1999-07-16,12:45,75.2,,49.9,41.0,0.0,N@3.7,99999.0,,69.7,0.0,1036,"Sunnyside, Yakima County",310136,Sunnyside,2017-12-06 01:23:54.161188
1999-07-16,13:00,75.4,,49.1,39.4,0.0,N@2.8,99999.0,,69.7,0.0,958,"Sunnyside, Yakima County",310136,Sunnyside,2017-12-06 01:23:54.161188
1999-07-16,13:15,75.8,,49.8,39.9,0.0,N@2.6,99999.0,,69.8,0.0,781,"Sunnyside, Yakima County",310136,Sunnyside,2017-12-06 01:23:54.161188
1999-07-16,13:30,76.5,,48.6,37.4,0.0,N@2.1,99999.0,,69.9,0.0,892,"Sunnyside, Yakima County",310136,Sunnyside,2017-12-06 01:23:54.161188
1999-07-16,13:45,75.4,,48.2,38.1,0.0,N@3.1,99999.0,,70.0,0.0,280,"Sunnyside, Yakima County",310136,Sunnyside,2017-12-06 01:23:54.161188
1999-07-16,14:00,73.7,,49.4,42.2,0.0,N@2.9,99999.0,,70.2,0.0,396,"Sunnyside, Yakima County",310136,Sunnyside,2017-12-06 01:23:54.161188
1999-07-16,14:15,77.0,,51.6,41.2,0.0,N@2.0,99999.0,,70.3,0.0,820,"Sunnyside, Yakima County",310136,Sunnyside,2017-12-06 01:23:54.161188
1999-07-16,14:30,77.5,,48.8,36.4,0.0,N@2.6,99999.0,,70.4,0.0,785,"Sunnyside, Yakima County",310136,Sunnyside,2017-12-06 01:23:54.161188
1999-07-16,14:45,77.8,,49.7,37.4,0.0,N@2.5,99999.0,,70.5,0.0,752,"Sunnyside, Yakima County",310136,Sunnyside,2017-12-06 01:23:54.161188
1999-07-16,15:00,78.2,,50.6,38.1,0.0,N@3.9,99999.0,,70.6,0.0,721,"Sunnyside, Yakima County",310136,Sunnyside,2017-12-06 01:23:54.161188
1999-07-16,15:15,78.2,,50.3,37.7,0.0,NE@3.1,99999.0,,70.7,0.0,692,"Sunnyside, Yakima County",310136,Sunnyside,2017-12-06 01:23:54.161188
1999-07-16,15:30,78.4,,50.7,38.0,0.0,N@4.2,99999.0,,70.8,0.0,663,"Sunnyside, Yakima County",310136,Sunnyside,2017-12-06 01:23:54.161188
1999-07-16,15:45,77.4,,50.0,38.2,0.0,N@4.0,99999.0,,70.9,0.0,417,"Sunnyside, Yakima County",310136,Sunnyside,2017-12-06 01:23:54.161188
1999-07-16,16:00,77.9,,51.4,39.5,0.0,N@3.7,99999.0,,71.1,0.0,561,"Sunnyside, Yakima County",310136,Sunnyside,2017-12-06 01:23:54.161188
1999-07-16,16:15,78.4,,51.4,38.9,0.0,N@3.4,99999.0,,71.1,0.0,545,"Sunnyside, Yakima County",310136,Sunnyside,2017-12-06 01:23:54.161188
1999-07-16,16:30,77.8,,50.9,39.0,0.0,N@5.3,99999.0,,71.2,0.0,519,"Sunnyside, Yakima County",310136,Sunnyside,2017-12-06 01:23:54.161188
1999-07-16,16:45,77.7,,50.9,39.2,0.0,N@5.8,99999.0,,71.3,0.0,411,"Sunnyside, Yakima County",310136,Sunnyside,2017-12-06 01:23:54.161188
1999-07-16,17:00,77.0,,50.8,39.9,0.0,N@5.4,99999.0,,71.5,0.0,438,"Sunnyside, Yakima County",310136,Sunnyside,2017-12-06 01:23:54.161188
1999-07-16,17:15,77.3,,50.6,39.2,0.0,N@5.4,99999.0,,71.5,0.0,339,"Sunnyside, Yakima County",310136,Sunnyside,2017-12-06 01:23:54.161188
1999-07-16,17:30,77.1,,51.2,40.3,0.0,N@5.6,99999.0,,71.5,0.0,342,"Sunnyside, Yakima County",310136,Sunnyside,2017-12-06 01:23:54.161188
1999-07-16,17:45,76.7,,51.5,41.3,0.0,N@5.5,99999.0,,71.6,0.0,196,"Sunnyside, Yakima County",310136,Sunnyside,2017-12-06 01:23:54.161188
1999-07-16,18:00,74.9,,51.2,43.4,0.0,N@5.2,99999.0,,71.7,0.0,72,"Sunnyside, Yakima County",310136,Sunnyside,2017-12-06 01:23:54.161188
1999-07-16,18:15,75.0,,51.5,43.7,0.0,N@5.4,99999.0,,71.7,0.0,143,"Sunnyside, Yakima County",310136,Sunnyside,2017-12-06 01:23:54.161188
1999-07-16,18:30,74.7,,51.4,43.9,0.0,N@5.2,99999.0,,71.8,0.0,58,"Sunnyside, Yakima County",310136,Sunnyside,2017-12-06 01:23:54.161188
1999-07-16,18:45,74.1,,50.7,43.7,0.0,N@5.5,99999.0,,71.8,0.0,39,"Sunnyside, Yakima County",310136,Sunnyside,2017-12-06 01:23:54.161188
1999-07-16,19:00,73.6,,50.2,43.8,0.0,N@5.9,99999.0,,71.8,0.0,30,"Sunnyside, Yakima County",310136,Sunnyside,2017-12-06 01:23:54.161188
1999-07-16,19:15,73.2,,50.0,43.9,0.0,N@4.8,99999.0,,71.9,0.0,23,"Sunnyside, Yakima County",310136,Sunnyside,2017-12-06 01:23:54.161188
1999-07-16,19:30,73.6,,49.2,42.1,0.0,N@5.3,99999.0,,71.9,0.0,10,"Sunnyside, Yakima County",310136,Sunnyside,2017-12-06 01:23:54.161188
1999-07-16,19:45,73.2,,49.1,42.5,0.0,N@4.5,99999.0,,71.9,0.0,3,"Sunnyside, Yakima County",310136,Sunnyside,2017-12-06 01:23:54.161188
1999-07-16,20:00,72.4,,49.4,44.2,0.0,N@4.4,99999.0,,71.9,0.0,1,"Sunnyside, Yakima County",310136,Sunnyside,2017-12-06 01:23:54.161188
1999-07-16,20:15,72.3,,50.1,45.6,0.0,N@3.1,99999.0,,71.8,0.0,0,"Sunnyside, Yakima County",310136,Sunnyside,2017-12-06 01:23:54.161188
1999-07-16,20:30,71.9,,50.0,46.0,0.0,N@1.7,99999.0,,71.7,0.0,0,"Sunnyside, Yakima County",310136,Sunnyside,2017-12-06 01:23:54.161188
1999-07-16,20:45,71.8,,50.4,46.8,0.0,N@1.4,99999.0,,71.8,0.0,0,"Sunnyside, Yakima County",310136,Sunnyside,2017-12-06 01:23:54.161188
1999-07-16,21:00,69.9,,52.1,53.2,0.0,W@2.0,99999.0,,71.7,0.0,0,"Sunnyside, Yakima County",310136,Sunnyside,2017-12-06 01:23:54.161188
1999-07-16,21:15,68.4,,53.0,57.7,0.0,W@3.2,99999.0,,71.7,0.0,0,"Sunnyside, Yakima County",310136,Sunnyside,2017-12-06 01:23:54.161188
1999-07-16,21:30,66.9,,54.9,65.3,0.0,W@8.5,99999.0,,71.7,0.0,0,"Sunnyside, Yakima County",310136,Sunnyside,2017-12-06 01:23:54.161188
1999-07-16,21:45,66.0,,54.5,66.2,0.0,NW@7.7,99999.0,,71.7,0.0,0,"Sunnyside, Yakima County",310136,Sunnyside,2017-12-06 01:23:54.161188
1999-07-16,22:00,65.5,,54.4,67.2,0.0,NW@6.0,99999.0,,71.6,0.0,0,"Sunnyside, Yakima County",310136,Sunnyside,2017-12-06 01:23:54.161188
1999-07-16,22:15,64.4,,54.9,71.1,0.0,W@2.8,99999.0,,71.6,0.0,0,"Sunnyside, Yakima County",310136,Sunnyside,2017-12-06 01:23:54.161188
1999-07-16,22:30,62.4,,55.8,79.0,0.0,SW@3.1,99999.0,,71.6,0.0,0,"Sunnyside, Yakima County",310136,Sunnyside,2017-12-06 01:23:54.161188
1999-07-16,22:45,61.4,,56.6,84.1,0.0,W@6.5,99999.0,,71.5,0.0,0,"Sunnyside, Yakima County",310136,Sunnyside,2017-12-06 01:23:54.161188
1999-07-16,23:00,61.4,,56.6,84.1,0.0,NW@7.5,99999.0,,71.5,0.0,0,"Sunnyside, Yakima County",310136,Sunnyside,2017-12-06 01:23:54.161188
1999-07-17,23:15,62.4,,55.9,79.2,0.0,NW@5.4,99999.0,,71.5,0.0,0,"Sunnyside, Yakima County",310136,Sunnyside,2017-12-06 01:23:54.161188
1999-07-17,23:30,62.4,,56.3,80.3,0.0,W@1.0,99999.0,,71.5,0.0,0,"Sunnyside, Yakima County",310136,Sunnyside,2017-12-06 01:23:54.161188
1999-07-17,23:45,61.4,,55.4,80.3,0.0,NE@0.9,99999.0,,71.4,0.0,0,"Sunnyside, Yakima County",310136,Sunnyside,2017-12-06 01:23:54.161188
1999-07-17,24:00,51.6,,50.5,95.8,,N@2.1,99999.0,,70.0,0.0,0,"Sunnyside, Yakima County",310136,Sunnyside,2017-12-06 01:23:54.161188
1999-07-17,00:15,59.3,,55.9,88.6,,SE@0.5,99999.0,,71.3,0.0,0,"Sunnyside, Yakima County",310136,Sunnyside,2017-12-06 01:23:54.161188
1999-07-17,00:30,58.3,,55.7,91.1,,E@0.8,99999.0,,71.2,0.0,0,"Sunnyside, Yakima County",310136,Sunnyside,2017-12-06 01:23:54.161188
1999-07-17,00:45,57.7,,55.6,92.7,,N@0.7,99999.0,,71.2,0.0,0,"Sunnyside, Yakima County",310136,Sunnyside,2017-12-06 01:23:54.161188
1999-07-17,01:00,57.4,,55.7,94.0,,N@1.3,99999.0,,71.2,0.0,0,"Sunnyside, Yakima County",310136,Sunnyside,2017-12-06 01:23:54.161188
1999-07-17,01:15,56.3,,54.8,94.7,,N@0.4,99999.0,,71.1,0.0,0,"Sunnyside, Yakima County",310136,Sunnyside,2017-12-06 01:23:54.161188
1999-07-17,01:30,55.5,,54.5,96.5,,N@0.6,99999.0,,71.1,0.0,0,"Sunnyside, Yakima County",310136,Sunnyside,2017-12-06 01:23:54.161188
1999-07-17,01:45,55.6,,54.5,95.9,,N@0.9,99999.0,,71.0,0.0,0,"Sunnyside, Yakima County",310136,Sunnyside,2017-12-06 01:23:54.161188
1999-07-17,02:00,54.7,,53.7,96.4,,N@0.7,99999.0,,71.0,0.0,0,"Sunnyside, Yakima County",310136,Sunnyside,2017-12-06 01:23:54.161188
1999-07-17,02:15,54.0,,53.4,97.8,,NE@0.4,99999.0,,70.9,0.0,0,"Sunnyside, Yakima County",310136,Sunnyside,2017-12-06 01:23:54.161188
1999-07-17,02:30,54.1,,53.9,99.0,,SE@0.5,99999.0,,70.9,0.0,0,"Sunnyside, Yakima County",310136,Sunnyside,2017-12-06 01:23:54.161188
1999-07-17,02:45,54.4,,54.3,99.6,,S@0.4,99999.0,,70.8,0.0,0,"Sunnyside, Yakima County",310136,Sunnyside,2017-12-06 01:23:54.161188
1999-07-17,03:00,55.1,,55.1,100.0,,SE@0.4,99999.0,,70.8,0.0,0,"Sunnyside, Yakima County",310136,Sunnyside,2017-12-06 01:23:54.161188
1999-07-17,03:15,55.7,,55.7,100.0,,NE@0.5,99999.0,,70.7,0.0,0,"Sunnyside, Yakima County",310136,Sunnyside,2017-12-06 01:23:54.161188
1999-07-17,03:30,56.0,,56.0,100.0,,NE@0.4,99999.0,,70.6,0.0,0,"Sunnyside, Yakima County",310136,Sunnyside,2017-12-06 01:23:54.161188
1999-07-17,03:45,56.4,,56.4,100.0,,NE@0.9,99999.0,,70.5,0.0,0,"Sunnyside, Yakima County",310136,Sunnyside,2017-12-06 01:23:54.161188
1999-07-17,04:00,56.5,,56.5,100.0,,N@2.4,99999.0,,70.5,0.0,0,"Sunnyside, Yakima County",310136,Sunnyside,2017-12-06 01:23:54.161188
1999-07-17,04:15,57.3,,57.0,98.8,,N@3.9,99999.0,,70.4,0.0,0,"Sunnyside, Yakima County",310136,Sunnyside,2017-12-06 01:23:54.161188
1999-07-17,04:30,58.0,,56.9,96.2,,N@1.7,99999.0,,70.3,0.0,1,"Sunnyside, Yakima County",310136,Sunnyside,2017-12-06 01:23:54.161188
1999-07-17,04:45,58.0,,56.8,95.7,,S@1.2,99999.0,,70.3,0.0,3,"Sunnyside, Yakima County",310136,Sunnyside,2017-12-06 01:23:54.161188
1999-07-17,05:00,58.3,,56.9,94.9,,S@1.1,99999.0,,70.2,0.0,12,"Sunnyside, Yakima County",310136,Sunnyside,2017-12-06 01:23:54.161188
1999-07-17,05:15,58.2,,57.1,95.8,,S@0.5,99999.0,,70.2,0.0,33,"Sunnyside, Yakima County",310136,Sunnyside,2017-12-06 01:23:54.161188
1999-07-17,05:30,58.5,,57.5,96.3,,SW@0.7,99999.0,,70.1,0.0,44,"Sunnyside, Yakima County",310136,Sunnyside,2017-12-06 01:23:54.161188
1999-07-17,05:45,58.5,,57.3,95.6,,SW@0.5,99999.0,,70.0,0.0,51,"Sunnyside, Yakima County",310136,Sunnyside,2017-12-06 01:23:54.161188
1999-07-17,06:00,58.8,,57.6,95.7,,S@0.5,99999.0,,70.0,0.0,48,"Sunnyside, Yakima County",310136,Sunnyside,2017-12-06 01:23:54.161188
1999-07-17,06:15,59.0,,57.8,96.0,,NW@0.5,99999.0,,69.9,0.0,100,"Sunnyside, Yakima County",310136,Sunnyside,2017-12-06 01:23:54.161188
1999-07-17,06:30,59.4,,58.3,95.9,,N@1.1,99999.0,,69.9,0.0,109,"Sunnyside, Yakima County",310136,Sunnyside,2017-12-06 01:23:54.161188
1999-07-17,06:45,59.4,,58.1,95.4,,N@0.8,99999.0,,69.8,0.0,70,"Sunnyside, Yakima County",310136,Sunnyside,2017-12-06 01:23:54.161188
1999-07-17,07:00,59.8,,58.0,93.5,,NE@1.2,99999.0,,69.8,0.0,157,"Sunnyside, Yakima County",310136,Sunnyside,2017-12-06 01:23:54.161188
1999-07-17,07:15,60.9,,58.0,89.9,,SE@0.8,99999.0,,69.7,0.0,119,"Sunnyside, Yakima County",310136,Sunnyside,2017-12-06 01:23:54.161188
1999-07-17,07:30,60.2,,58.0,92.5,,SE@1.6,99999.0,,69.7,0.0,86,"Sunnyside, Yakima County",310136,Sunnyside,2017-12-06 01:23:54.161188
1999-07-17,07:45,59.7,,58.0,93.9,,SE@1.2,99999.0,,69.7,0.0,103,"Sunnyside, Yakima County",310136,Sunnyside,2017-12-06 01:23:54.161188
1999-07-17,08:00,60.2,,58.3,93.4,,SE@1.2,99999.0,,69.6,0.0,165,"Sunnyside, Yakima County",310136,Sunnyside,2017-12-06 01:23:54.161188
1999-07-17,08:15,60.6,,57.9,90.5,,SE@0.9,99999.0,,69.6,0.0,136,"Sunnyside, Yakima County",310136,Sunnyside,2017-12-06 01:23:54.161188
1999-07-17,08:30,60.1,,58.1,93.0,,SE@0.7,99999.0,,69.5,0.09,65,"Sunnyside, Yakima County",310136,Sunnyside,2017-12-06 01:23:54.161188
1999-07-17,08:45,59.6,,58.7,96.9,,SW@0.5,99999.0,,69.5,0.03,188,"Sunnyside, Yakima County",310136,Sunnyside,2017-12-06 01:23:54.161188
1999-07-17,09:00,60.2,,58.9,95.3,,S@0.6,99999.0,,69.5,0.0,295,"Sunnyside, Yakima County",310136,Sunnyside,2017-12-06 01:23:54.161188
1999-07-17,09:15,61.4,,59.2,92.3,,SE@0.8,99999.0,,69.5,0.0,465,"Sunnyside, Yakima County",310136,Sunnyside,2017-12-06 01:23:54.161188
1999-07-17,09:30,63.3,,59.9,88.6,,NE@1.1,99999.0,,69.4,0.0,542,"Sunnyside, Yakima County",310136,Sunnyside,2017-12-06 01:23:54.161188
1999-07-17,09:45,63.7,,59.6,86.4,0.83,SE@0.8,99999.0,,69.3,0.0,483,"Sunnyside, Yakima County",310136,Sunnyside,2017-12-06 01:23:54.161188
1999-07-17,10:00,64.3,,59.4,84.3,0.0,NW@1.4,99999.0,,69.2,0.0,538,"Sunnyside, Yakima County",310136,Sunnyside,2017-12-06 01:23:54.161188
1999-07-17,10:15,64.5,,59.4,83.4,0.0,NW@1.7,99999.0,,69.2,0.0,454,"Sunnyside, Yakima County",310136,Sunnyside,2017-12-06 01:23:54.161188
1999-07-17,10:30,65.5,,59.4,80.4,0.0,W@1.9,99999.0,,69.3,0.0,868,"Sunnyside, Yakima County",310136,Sunnyside,2017-12-06 01:23:54.161188
1999-07-17,10:45,66.2,,59.0,77.5,0.0,W@1.4,99999.0,,69.2,0.0,477,"Sunnyside, Yakima County",310136,Sunnyside,2017-12-06 01:23:54.161188
1999-07-17,11:00,66.5,,58.8,76.3,0.0,SW@1.1,99999.0,,69.2,0.0,614,"Sunnyside, Yakima County",310136,Sunnyside,2017-12-06 01:23:54.161188
1999-07-17,11:15,67.7,,59.3,74.4,0.0,NW@2.4,99999.0,,69.3,0.0,951,"Sunnyside, Yakima County",310136,Sunnyside,2017-12-06 01:23:54.161188
1999-07-17,11:30,68.4,,57.8,68.9,0.0,NW@3.1,99999.0,,69.4,0.0,868,"Sunnyside, Yakima County",310136,Sunnyside,2017-12-06 01:23:54.161188
1999-07-17,11:45,69.7,,57.5,65.1,0.0,E@1.9,99999.0,,69.4,0.0,923,"Sunnyside, Yakima County",310136,Sunnyside,2017-12-06 01:23:54.161188
1999-07-17,12:00,70.8,,57.5,62.9,0.0,SE@2.1,99999.0,,69.4,0.0,965,"Sunnyside, Yakima County",310136,Sunnyside,2017-12-06 01:23:54.161188
1999-07-17,12:15,71.8,,56.3,58.1,0.0,SE@2.3,99999.0,,69.5,0.0,822,"Sunnyside, Yakima County",310136,Sunnyside,2017-12-06 01:23:54.161188
1999-07-17,12:30,70.4,,56.0,60.3,0.0,S@2.2,99999.0,,69.5,0.0,400,"Sunnyside, Yakima County",310136,Sunnyside,2017-12-06 01:23:54.161188
1999-07-17,12:45,66.7,,57.4,72.1,0.0,S@6.1,99999.0,,69.6,0.0,198,"Sunnyside, Yakima County",310136,Sunnyside,2017-12-06 01:23:54.161188
1999-07-17,13:00,61.7,,57.1,84.8,,SW@6.3,99999.0,,69.7,0.0,308,"Sunnyside, Yakima County",310136,Sunnyside,2017-12-06 01:23:54.161188
1999-07-17,13:15,62.4,,58.3,86.5,0.0,SW@7.4,99999.0,,69.8,0.0,893,"Sunnyside, Yakima County",310136,Sunnyside,2017-12-06 01:23:54.161188
1999-07-17,13:30,61.6,,57.6,86.7,0.0,W@7.8,99999.0,,69.8,0.0,669,"Sunnyside, Yakima County",310136,Sunnyside,2017-12-06 01:23:54.161188
1999-07-17,13:45,61.6,,57.3,85.5,0.0,SW@5.3,99999.0,,69.9,0.0,518,"Sunnyside, Yakima County",310136,Sunnyside,2017-12-06 01:23:54.161188
1999-07-17,14:00,60.8,,56.2,84.7,,SW@3.3,99999.0,,70.1,0.0,265,"Sunnyside, Yakima County",310136,Sunnyside,2017-12-06 01:23:54.161188
1999-07-17,14:15,61.3,,56.7,84.7,,NW@7.7,99999.0,,70.2,0.0,764,"Sunnyside, Yakima County",310136,Sunnyside,2017-12-06 01:23:54.161188
1999-07-17,14:30,63.8,,57.0,78.4,0.0,NW@9.3,99999.0,,70.3,0.0,836,"Sunnyside, Yakima County",310136,Sunnyside,2017-12-06 01:23:54.161188
1999-07-17,14:45,64.2,,56.9,77.1,0.0,W@7.8,99999.0,,70.3,0.0,638,"Sunnyside, Yakima County",310136,Sunnyside,2017-12-06 01:23:54.161188
1999-07-17,15:00,60.7,,56.6,86.2,0.0,W@6.2,99999.0,,70.4,0.0,151,"Sunnyside, Yakima County",310136,Sunnyside,2017-12-06 01:23:54.161188
1999-07-17,15:15,58.5,,55.2,88.5,0.0,W@7.1,99999.0,,70.5,0.0,145,"Sunnyside, Yakima County",310136,Sunnyside,2017-12-06 01:23:54.161188
1999-07-17,15:30,58.2,,54.4,87.1,0.0,W@7.0,99999.0,,70.5,0.0,138,"Sunnyside, Yakima County",310136,Sunnyside,2017-12-06 01:23:54.161188
1999-07-17,15:45,58.4,,54.0,85.2,0.0,W@5.4,99999.0,,70.6,0.0,125,"Sunnyside, Yakima County",310136,Sunnyside,2017-12-06 01:23:54.161188
1999-07-17,16:00,58.4,,53.2,82.6,0.0,W@4.9,99999.0,,70.6,0.0,88,"Sunnyside, Yakima County",310136,Sunnyside,2017-12-06 01:23:54.161188
1999-07-17,16:15,58.3,,52.3,80.2,0.0,W@5.0,99999.0,,70.7,0.0,128,"Sunnyside, Yakima County",310136,Sunnyside,2017-12-06 01:23:54.161188
1999-07-17,16:30,59.6,,52.4,77.0,0.0,W@6.5,99999.0,,70.8,0.0,177,"Sunnyside, Yakima County",310136,Sunnyside,2017-12-06 01:23:54.161188
1999-07-17,16:45,58.8,,52.5,79.5,0.0,W@5.7,99999.0,,70.8,0.0,61,"Sunnyside, Yakima County",310136,Sunnyside,2017-12-06 01:23:54.161188
1999-07-17,17:00,58.7,,52.7,80.5,0.0,W@4.5,99999.0,,70.9,0.0,75,"Sunnyside, Yakima County",310136,Sunnyside,2017-12-06 01:23:54.161188
1999-07-17,17:15,58.3,,53.7,84.7,0.0,SW@3.1,99999.0,,70.9,0.0,70,"Sunnyside, Yakima County",310136,Sunnyside,2017-12-06 01:23:54.161188
1999-07-17,17:30,58.4,,53.4,83.4,0.0,SW@2.7,99999.0,,70.9,0.0,95,"Sunnyside, Yakima County",310136,Sunnyside,2017-12-06 01:23:54.161188
1999-07-17,17:45,58.9,,54.4,85.0,0.0,S@1.5,99999.0,,70.9,0.0,214,"Sunnyside, Yakima County",310136,Sunnyside,2017-12-06 01:23:54.161188
1999-07-17,18:00,60.9,,55.2,81.3,0.0,S@1.3,99999.0,,70.9,0.0,312,"Sunnyside, Yakima County",310136,Sunnyside,2017-12-06 01:23:54.161188
1999-07-17,18:15,62.0,,54.9,77.5,0.0,SW@0.6,99999.0,,70.8,0.0,298,"Sunnyside, Yakima County",310136,Sunnyside,2017-12-06 01:23:54.161188
1999-07-17,18:30,62.6,,54.9,75.8,0.0,S@1.2,99999.0,,70.6,0.0,233,"Sunnyside, Yakima County",310136,Sunnyside,2017-12-06 01:23:54.161188
1999-07-17,18:45,62.2,,55.6,78.8,0.0,S@0.7,99999.0,,70.6,0.0,147,"Sunnyside, Yakima County",310136,Sunnyside,2017-12-06 01:23:54.161188
1999-07-17,19:00,61.8,,56.1,81.5,0.0,SE@0.5,99999.0,,70.6,0.0,76,"Sunnyside, Yakima County",310136,Sunnyside,2017-12-06 01:23:54.161188
1999-07-17,19:15,60.6,,56.0,84.5,0.0,SE@0.4,99999.0,,70.7,0.0,29,"Sunnyside, Yakima County",310136,Sunnyside,2017-12-06 01:23:54.161188
1999-07-17,19:30,59.4,,56.2,89.0,0.0,SE@0.4,99999.0,,70.7,0.0,18,"Sunnyside, Yakima County",310136,Sunnyside,2017-12-06 01:23:54.161188
1999-07-17,19:45,58.4,,55.5,90.0,0.0,E@0.5,99999.0,,70.7,0.0,8,"Sunnyside, Yakima County",310136,Sunnyside,2017-12-06 01:23:54.161188
1999-07-17,20:00,58.2,,54.9,88.6,0.17,N@0.5,99999.0,,70.7,0.0,4,"Sunnyside, Yakima County",310136,Sunnyside,2017-12-06 01:23:54.161188
1999-07-17,20:15,57.2,,54.6,90.9,,N@0.7,99999.0,,70.7,0.0,1,"Sunnyside, Yakima County",310136,Sunnyside,2017-12-06 01:23:54.161188
1999-07-17,20:30,56.2,,54.2,92.9,,N@0.8,99999.0,,70.7,0.0,0,"Sunnyside, Yakima County",310136,Sunnyside,2017-12-06 01:23:54.161188
1999-07-17,20:45,55.4,,54.0,94.8,,N@1.6,99999.0,,70.7,0.0,0,"Sunnyside, Yakima County",310136,Sunnyside,2017-12-06 01:23:54.161188
1999-07-17,21:00,54.7,,53.2,94.7,,N@2.6,99999.0,,70.7,0.0,0,"Sunnyside, Yakima County",310136,Sunnyside,2017-12-06 01:23:54.161188
1999-07-17,21:15,55.1,,52.2,89.8,,N@2.8,99999.0,,70.6,0.0,0,"Sunnyside, Yakima County",310136,Sunnyside,2017-12-06 01:23:54.161188
1999-07-17,21:30,55.1,,52.4,90.7,0.0,W@2.6,99999.0,,70.6,0.0,0,"Sunnyside, Yakima County",310136,Sunnyside,2017-12-06 01:23:54.161188
1999-07-17,21:45,56.8,,52.6,86.0,0.0,NW@1.5,99999.0,,70.6,0.0,0,"Sunnyside, Yakima County",310136,Sunnyside,2017-12-06 01:23:54.161188
1999-07-17,22:00,56.8,,52.5,85.6,0.0,W@0.7,99999.0,,70.5,0.0,0,"Sunnyside, Yakima County",310136,Sunnyside,2017-12-06 01:23:54.161188
1999-07-17,22:15,54.8,,51.9,90.1,,N@0.8,99999.0,,70.5,0.0,0,"Sunnyside, Yakima County",310136,Sunnyside,2017-12-06 01:23:54.161188
1999-07-17,22:30,55.3,,51.8,87.9,,NW@3.1,99999.0,,70.4,0.0,0,"Sunnyside, Yakima County",310136,Sunnyside,2017-12-06 01:23:54.161188
1999-07-17,22:45,55.4,,51.9,87.9,,W@0.6,99999.0,,70.4,0.0,0,"Sunnyside, Yakima County",310136,Sunnyside,2017-12-06 01:23:54.161188
1999-07-17,23:00,56.6,,51.6,83.3,0.5,W@1.5,99999.0,,70.3,0.0,0,"Sunnyside, Yakima County",310136,Sunnyside,2017-12-06 01:23:54.161188
1999-07-18,23:15,55.4,,51.7,87.4,0.0,W@0.9,99999.0,,70.3,0.0,0,"Sunnyside, Yakima County",310136,Sunnyside,2017-12-06 01:23:54.161188
1999-07-18,23:30,54.4,,51.6,90.0,,SW@0.5,99999.0,,70.2,0.0,0,"Sunnyside, Yakima County",310136,Sunnyside,2017-12-06 01:23:54.161188
1999-07-18,23:45,52.7,,50.9,93.6,,N@1.4,99999.0,,70.1,0.0,0,"Sunnyside, Yakima County",310136,Sunnyside,2017-12-06 01:23:54.161188
1999-07-18,24:00,59.8,,51.0,72.5,0.0,N@0.8,99999.0,,70.9,0.0,0,"Sunnyside, Yakima County",310136,Sunnyside,2017-12-06 01:23:54.161188
1999-07-18,00:15,51.9,,49.9,92.8,,N@3.8,99999.0,,70.0,0.0,0,"Sunnyside, Yakima County",310136,Sunnyside,2017-12-06 01:23:54.161188
1999-07-18,00:30,52.1,,49.5,90.7,,N@4.8,99999.0,,69.9,0.0,0,"Sunnyside, Yakima County",310136,Sunnyside,2017-12-06 01:23:54.161188
1999-07-18,00:45,52.1,,49.7,91.7,0.0,NW@2.9,99999.0,,69.8,0.0,0,"Sunnyside, Yakima County",310136,Sunnyside,2017-12-06 01:23:54.161188
1999-07-18,01:00,51.2,,49.4,93.4,,N@1.8,99999.0,,69.8,0.0,0,"Sunnyside, Yakima County",310136,Sunnyside,2017-12-06 01:23:54.161188
1999-07-18,01:15,51.0,,48.8,92.2,,N@3.8,99999.0,,69.7,0.0,0,"Sunnyside, Yakima County",310136,Sunnyside,2017-12-06 01:23:54.161188
1999-07-18,01:30,51.0,,48.6,91.3,0.0,N@4.4,99999.0,,69.6,0.0,0,"Sunnyside, Yakima County",310136,Sunnyside,2017-12-06 01:23:54.161188
1999-07-18,01:45,51.4,,48.6,90.1,0.0,N@4.2,99999.0,,69.6,0.0,0,"Sunnyside, Yakima County",310136,Sunnyside,2017-12-06 01:23:54.161188
1999-07-18,02:00,50.5,,48.5,93.0,0.0,N@2.2,99999.0,,69.5,0.0,0,"Sunnyside, Yakima County",310136,Sunnyside,2017-12-06 01:23:54.161188
1999-07-18,02:15,50.4,,48.4,92.5,0.0,N@3.0,99999.0,,69.4,0.0,0,"Sunnyside, Yakima County",310136,Sunnyside,2017-12-06 01:23:54.161188
1999-07-18,02:30,50.4,,48.2,92.0,0.0,N@3.3,99999.0,,69.4,0.0,0,"Sunnyside, Yakima County",310136,Sunnyside,2017-12-06 01:23:54.161188
1999-07-18,02:45,50.3,,48.1,92.0,0.0,N@2.9,99999.0,,69.3,0.0,0,"Sunnyside, Yakima County",310136,Sunnyside,2017-12-06 01:23:54.161188
1999-07-18,03:00,49.6,,47.8,93.4,,N@2.8,99999.0,,69.3,0.0,0,"Sunnyside, Yakima County",310136,Sunnyside,2017-12-06 01:23:54.161188
1999-07-18,03:15,49.9,,47.9,92.7,,N@3.2,99999.0,,69.2,0.0,0,"Sunnyside, Yakima County",310136,Sunnyside,2017-12-06 01:23:54.161188
1999-07-18,03:30,49.4,,47.7,93.8,,N@2.2,99999.0,,69.1,0.0,0,"Sunnyside, Yakima County",310136,Sunnyside,2017-12-06 01:23:54.161188
1999-07-18,03:45,49.1,,47.8,95.2,,N@3.0,99999.0,,69.1,0.0,0,"Sunnyside, Yakima County",310136,Sunnyside,2017-12-06 01:23:54.161188
1999-07-18,04:00,48.7,,47.4,95.2,,N@3.9,99999.0,,69.0,0.0,0,"Sunnyside, Yakima County",310136,Sunnyside,2017-12-06 01:23:54.161188
1999-07-18,04:15,49.0,,47.4,94.0,,N@3.9,99999.0,,68.9,0.0,0,"Sunnyside, Yakima County",310136,Sunnyside,2017-12-06 01:23:54.161188
1999-07-18,04:30,48.8,,47.4,94.9,,N@2.6,99999.0,,68.9,0.0,3,"Sunnyside, Yakima County",310136,Sunnyside,2017-12-06 01:23:54.161188
1999-07-18,04:45,48.8,,47.3,94.3,,N@3.0,99999.0,,68.8,0.0,8,"Sunnyside, Yakima County",310136,Sunnyside,2017-12-06 01:23:54.161188
1999-07-18,05:00,48.9,,47.3,94.0,0.0,N@3.1,99999.0,,68.7,0.0,13,"Sunnyside, Yakima County",310136,Sunnyside,2017-12-06 01:23:54.161188
1999-07-18,05:15,49.3,,47.3,92.7,0.0,N@4.0,99999.0,,68.7,0.0,23,"Sunnyside, Yakima County",310136,Sunnyside,2017-12-06 01:23:54.161188
1999-07-18,05:30,50.2,,47.9,91.7,0.0,N@3.9,99999.0,,68.6,0.0,67,"Sunnyside, Yakima County",310136,Sunnyside,2017-12-06 01:23:54.161188
1999-07-18,05:45,52.2,,49.2,89.4,0.0,N@1.7,99999.0,,68.5,0.0,130,"Sunnyside, Yakima County",310136,Sunnyside,2017-12-06 01:23:54.161188
1999-07-18,06:00,54.7,,50.4,85.5,0.0,N@1.3,99999.0,,68.4,0.0,167,"Sunnyside, Yakima County",310136,Sunnyside,2017-12-06 01:23:54.161188
1999-07-18,06:15,57.5,,52.1,82.0,0.0,E@0.6,99999.0,,68.3,0.0,205,"Sunnyside, Yakima County",310136,Sunnyside,2017-12-06 01:23:54.161188
1999-07-18,06:30,57.7,,52.2,81.9,0.0,SE@1.4,99999.0,,68.2,0.0,243,"Sunnyside, Yakima County",310136,Sunnyside,2017-12-06 01:23:54.161188
1999-07-18,06:45,57.7,,52.5,82.8,0.0,S@1.4,99999.0,,68.2,0.0,283,"Sunnyside, Yakima County",310136,Sunnyside,2017-12-06 01:23:54.161188
1999-07-18,07:00,57.6,,52.7,83.6,0.0,S@1.5,99999.0,,68.2,0.0,324,"Sunnyside, Yakima County",310136,Sunnyside,2017-12-06 01:23:54.161188
1999-07-18,07:15,58.5,,53.0,81.9,0.0,SE@1.0,99999.0,,68.1,0.0,366,"Sunnyside, Yakima County",310136,Sunnyside,2017-12-06 01:23:54.161188
1999-07-18,07:30,59.5,,53.4,80.2,0.0,SE@0.9,99999.0,,68.1,0.0,408,"Sunnyside, Yakima County",310136,Sunnyside,2017-12-06 01:23:54.161188
1999-07-18,07:45,60.9,,54.5,79.2,0.0,SE@1.1,99999.0,,68.1,0.0,449,"Sunnyside, Yakima County",310136,Sunnyside,2017-12-06 01:23:54.161188
1999-07-18,08:00,61.8,,55.0,78.4,0.0,S@1.4,99999.0,,68.1,0.0,490,"Sunnyside, Yakima County",310136,Sunnyside,2017-12-06 01:23:54.161188
1999-07-18,08:15,62.2,,55.2,77.7,0.0,SE@1.6,99999.0,,68.0,0.0,530,"Sunnyside, Yakima County",310136,Sunnyside,2017-12-06 01:23:54.161188
1999-07-18,08:30,63.1,,55.5,76.1,0.0,S@2.2,99999.0,,67.9,0.0,570,"Sunnyside, Yakima County",310136,Sunnyside,2017-12-06 01:23:54.161188
1999-07-18,08:45,63.9,,55.1,72.9,0.0,S@2.4,99999.0,,67.9,0.0,608,"Sunnyside, Yakima County",310136,Sunnyside,2017-12-06 01:23:54.161188
1999-07-18,09:00,64.4,,54.5,70.1,0.0,S@1.9,99999.0,,67.8,0.0,644,"Sunnyside, Yakima County",310136,Sunnyside,2017-12-06 01:23:54.161188
1999-07-18,09:15,65.6,,55.3,69.2,0.0,S@1.5,99999.0,,67.8,0.0,680,"Sunnyside, Yakima County",310136,Sunnyside,2017-12-06 01:23:54.161188
1999-07-18,09:30,66.2,,55.7,68.9,0.0,SE@1.9,99999.0,,67.8,0.0,712,"Sunnyside, Yakima County",310136,Sunnyside,2017-12-06 01:23:54.161188
1999-07-18,09:45,66.7,,55.5,67.1,0.0,SE@2.5,99999.0,,67.8,0.0,741,"Sunnyside, Yakima County",310136,Sunnyside,2017-12-06 01:23:54.161188
1999-07-18,10:00,67.1,,56.1,67.7,0.0,S@2.2,99999.0,,67.8,0.0,768,"Sunnyside, Yakima County",310136,Sunnyside,2017-12-06 01:23:54.161188
1999-07-18,10:15,68.6,,56.1,64.3,0.0,SE@2.2,99999.0,,67.8,0.0,796,"Sunnyside, Yakima County",310136,Sunnyside,2017-12-06 01:23:54.161188
1999-07-18,10:30,69.1,,55.8,62.5,0.0,SE@1.7,99999.0,,67.9,0.0,821,"Sunnyside, Yakima County",310136,Sunnyside,2017-12-06 01:23:54.161188
1999-07-18,10:45,70.1,,55.4,59.5,0.0,SE@1.2,99999.0,,67.8,0.0,843,"Sunnyside, Yakima County",310136,Sunnyside,2017-12-06 01:23:54.161188
1999-07-18,11:00,70.7,,55.0,57.6,0.0,SE@1.4,99999.0,,67.9,0.0,860,"Sunnyside, Yakima County",310136,Sunnyside,2017-12-06 01:23:54.161188
1999-07-18,11:15,71.6,,54.7,55.1,0.0,S@1.2,99999.0,,68.0,0.0,876,"Sunnyside, Yakima County",310136,Sunnyside,2017-12-06 01:23:54.161188
1999-07-18,11:30,72.5,,55.5,55.0,0.0,SW@1.5,99999.0,,68.0,0.0,887,"Sunnyside, Yakima County",310136,Sunnyside,2017-12-06 01:23:54.161188
1999-07-18,11:45,72.2,,54.8,54.2,0.0,SW@2.2,99999.0,,68.1,0.0,890,"Sunnyside, Yakima County",310136,Sunnyside,2017-12-06 01:23:54.161188
1999-07-18,12:00,73.2,,54.4,51.6,0.0,SW@1.6,99999.0,,68.2,0.0,898,"Sunnyside, Yakima County",310136,Sunnyside,2017-12-06 01:23:54.161188
1999-07-18,12:15,74.0,,55.0,51.5,0.0,SW@2.2,99999.0,,68.3,0.0,900,"Sunnyside, Yakima County",310136,Sunnyside,2017-12-06 01:23:54.161188
1999-07-18,12:30,73.9,,54.6,50.9,0.0,W@1.5,99999.0,,68.4,0.0,897,"Sunnyside, Yakima County",310136,Sunnyside,2017-12-06 01:23:54.161188
1999-07-18,12:45,74.7,,54.9,50.1,0.0,S@1.8,99999.0,,68.6,0.0,893,"Sunnyside, Yakima County",310136,Sunnyside,2017-12-06 01:23:54.161188
1999-07-18,13:00,75.7,,56.0,50.5,0.0,S@1.4,99999.0,,68.7,0.0,872,"Sunnyside, Yakima County",310136,Sunnyside,2017-12-06 01:23:54.161188
1999-07-18,13:15,75.8,,56.2,50.5,0.0,SE@2.5,99999.0,,68.8,0.0,873,"Sunnyside, Yakima County",310136,Sunnyside,2017-12-06 01:23:54.161188
1999-07-18,13:30,76.4,,55.8,48.9,0.0,S@1.2,99999.0,,68.9,0.0,862,"Sunnyside, Yakima County",310136,Sunnyside,2017-12-06 01:23:54.161188
1999-07-18,13:45,77.1,,56.3,48.5,0.0,SE@1.4,99999.0,,69.0,0.0,846,"Sunnyside, Yakima County",310136,Sunnyside,2017-12-06 01:23:54.161188
1999-07-18,14:00,77.7,,56.1,47.4,0.0,SE@1.2,99999.0,,69.2,0.0,826,"Sunnyside, Yakima County",310136,Sunnyside,2017-12-06 01:23:54.161188
1999-07-18,14:15,77.9,,54.9,44.9,0.0,S@2.2,99999.0,,69.2,0.0,803,"Sunnyside, Yakima County",310136,Sunnyside,2017-12-06 01:23:54.161188
1999-07-18,14:30,78.2,,56.1,46.6,0.0,SE@1.8,99999.0,,69.4,0.0,777,"Sunnyside, Yakima County",310136,Sunnyside,2017-12-06 01:23:54.161188
1999-07-18,14:45,78.5,,54.8,43.9,0.0,SW@2.3,99999.0,,69.5,0.0,749,"Sunnyside, Yakima County",310136,Sunnyside,2017-12-06 01:23:54.161188
1999-07-18,15:00,78.6,,55.1,44.3,0.0,S@2.6,99999.0,,69.7,0.0,715,"Sunnyside, Yakima County",310136,Sunnyside,2017-12-06 01:23:54.161188
1999-07-18,15:15,79.5,,55.6,43.9,0.0,SW@2.1,99999.0,,69.8,0.0,684,"Sunnyside, Yakima County",310136,Sunnyside,2017-12-06 01:23:54.161188
1999-07-18,15:30,79.7,,55.1,42.7,0.0,SW@2.5,99999.0,,69.9,0.0,650,"Sunnyside, Yakima County",310136,Sunnyside,2017-12-06 01:23:54.161188
1999-07-18,15:45,79.9,,55.8,43.6,0.0,S@1.2,99999.0,,70.0,0.0,615,"Sunnyside, Yakima County",310136,Sunnyside,2017-12-06 01:23:54.161188
1999-07-18,16:00,80.1,,53.8,40.2,0.0,SW@2.1,99999.0,,70.2,0.0,576,"Sunnyside, Yakima County",310136,Sunnyside,2017-12-06 01:23:54.161188
1999-07-18,16:15,80.3,,54.1,40.3,0.0,SW@1.6,99999.0,,70.3,0.0,536,"Sunnyside, Yakima County",310136,Sunnyside,2017-12-06 01:23:54.161188
1999-07-18,16:30,80.3,,54.3,40.6,0.0,SW@1.6,99999.0,,70.4,0.0,496,"Sunnyside, Yakima County",310136,Sunnyside,2017-12-06 01:23:54.161188
1999-07-18,16:45,79.9,,54.3,41.2,0.0,SW@1.8,99999.0,,70.5,0.0,454,"Sunnyside, Yakima County",310136,Sunnyside,2017-12-06 01:23:54.161188
1999-07-18,17:00,80.2,,52.4,38.0,0.0,W@1.5,99999.0,,70.6,0.0,411,"Sunnyside, Yakima County",310136,Sunnyside,2017-12-06 01:23:54.161188
1999-07-18,17:15,80.4,,54.5,40.9,0.0,S@0.8,99999.0,,70.7,0.0,370,"Sunnyside, Yakima County",310136,Sunnyside,2017-12-06 01:23:54.161188
1999-07-18,17:30,79.2,,54.6,42.7,0.0,SE@1.2,99999.0,,70.8,0.0,326,"Sunnyside, Yakima County",310136,Sunnyside,2017-12-06 01:23:54.161188
1999-07-18,17:45,79.9,,54.0,40.7,0.0,SW@0.8,99999.0,,70.8,0.0,285,"Sunnyside, Yakima County",310136,Sunnyside,2017-12-06 01:23:54.161188
1999-07-18,18:00,80.0,,55.4,42.8,0.0,S@0.7,99999.0,,70.9,0.0,244,"Sunnyside, Yakima County",310136,Sunnyside,2017-12-06 01:23:54.161188
1999-07-18,18:15,78.8,,54.7,43.5,0.0,S@0.6,99999.0,,70.9,0.0,203,"Sunnyside, Yakima County",310136,Sunnyside,2017-12-06 01:23:54.161188
1999-07-18,18:30,79.4,,56.2,44.9,0.0,S@0.5,99999.0,,71.0,0.0,165,"Sunnyside, Yakima County",310136,Sunnyside,2017-12-06 01:23:54.161188
1999-07-18,18:45,79.9,,60.0,50.7,0.0,SW@0.4,99999.0,,71.1,0.0,127,"Sunnyside, Yakima County",310136,Sunnyside,2017-12-06 01:23:54.161188
1999-07-18,19:00,77.9,,59.9,54.0,0.0,NW@0.5,99999.0,,71.2,0.0,88,"Sunnyside, Yakima County",310136,Sunnyside,2017-12-06 01:23:54.161188
1999-07-18,19:15,75.0,,61.6,63.1,0.0,NW@0.6,99999.0,,71.2,0.0,25,"Sunnyside, Yakima County",310136,Sunnyside,2017-12-06 01:23:54.161188
1999-07-18,19:30,70.6,,63.8,79.0,0.0,N@2.0,99999.0,,71.2,0.0,13,"Sunnyside, Yakima County",310136,Sunnyside,2017-12-06 01:23:54.161188
1999-07-18,19:45,68.0,,59.2,73.3,0.0,N@1.1,99999.0,,71.2,0.0,6,"Sunnyside, Yakima County",310136,Sunnyside,2017-12-06 01:23:54.161188
1999-07-18,20:00,66.3,,54.7,66.1,0.0,N@3.8,99999.0,,71.2,0.0,2,"Sunnyside, Yakima County",310136,Sunnyside,2017-12-06 01:23:54.161188
1999-07-18,20:15,66.1,,52.0,60.3,0.0,N@4.2,99999.0,,71.3,0.0,0,"Sunnyside, Yakima County",310136,Sunnyside,2017-12-06 01:23:54.161188
1999-07-18,20:30,65.9,,51.0,58.6,0.0,N@4.5,99999.0,,71.2,0.0,0,"Sunnyside, Yakima County",310136,Sunnyside,2017-12-06 01:23:54.161188
1999-07-18,20:45,65.8,,50.4,57.6,0.0,N@4.7,99999.0,,71.3,0.0,0,"Sunnyside, Yakima County",310136,Sunnyside,2017-12-06 01:23:54.161188
1999-07-18,21:00,65.1,,49.7,57.4,0.0,N@4.8,99999.0,,71.3,0.0,0,"Sunnyside, Yakima County",310136,Sunnyside,2017-12-06 01:23:54.161188
1999-07-18,21:15,64.3,,49.5,58.5,0.0,N@3.9,99999.0,,71.3,0.0,0,"Sunnyside, Yakima County",310136,Sunnyside,2017-12-06 01:23:54.161188
1999-07-18,21:30,63.3,,49.8,61.3,0.0,N@4.7,99999.0,,71.3,0.0,0,"Sunnyside, Yakima County",310136,Sunnyside,2017-12-06 01:23:54.161188
1999-07-18,21:45,64.2,,49.2,58.0,0.0,N@5.4,99999.0,,71.3,0.0,0,"Sunnyside, Yakima County",310136,Sunnyside,2017-12-06 01:23:54.161188
1999-07-18,22:00,65.0,,48.9,55.8,0.0,N@6.0,99999.0,,71.3,0.0,0,"Sunnyside, Yakima County",310136,Sunnyside,2017-12-06 01:23:54.161188
1999-07-18,22:15,65.6,,48.9,54.6,0.0,N@6.2,99999.0,,71.2,0.0,0,"Sunnyside, Yakima County",310136,Sunnyside,2017-12-06 01:23:54.161188
1999-07-18,22:30,64.7,,49.3,57.1,0.0,N@5.7,99999.0,,71.2,0.0,0,"Sunnyside, Yakima County",310136,Sunnyside,2017-12-06 01:23:54.161188
1999-07-18,22:45,65.1,,48.8,55.4,0.0,N@5.8,99999.0,,71.2,0.0,0,"Sunnyside, Yakima County",310136,Sunnyside,2017-12-06 01:23:54.161188
1999-07-18,23:00,65.2,,49.2,56.1,0.0,N@4.6,99999.0,,71.1,0.0,0,"Sunnyside, Yakima County",310136,Sunnyside,2017-12-06 01:23:54.161188
1999-07-19,23:15,63.8,,49.7,60.1,0.0,N@2.9,99999.0,,71.1,0.0,0,"Sunnyside, Yakima County",310136,Sunnyside,2017-12-06 01:23:54.161188
1999-07-19,23:30,63.5,,49.2,59.5,0.0,S@1.0,99999.0,,71.0,0.0,0,"Sunnyside, Yakima County",310136,Sunnyside,2017-12-06 01:23:54.161188
1999-07-19,23:45,62.6,,49.7,62.8,0.0,S@0.4,99999.0,,71.0,0.0,0,"Sunnyside, Yakima County",310136,Sunnyside,2017-12-06 01:23:54.161188
1999-07-19,24:00,69.9,,47.9,45.5,0.0,N@4.3,99999.0,,72.1,0.0,0,"Sunnyside, Yakima County",310136,Sunnyside,2017-12-06 01:23:54.161188
1999-07-19,00:15,58.5,,51.5,77.3,0.0,N@0.6,99999.0,,70.8,0.0,0,"Sunnyside, Yakima County",310136,Sunnyside,2017-12-06 01:23:54.161188
1999-07-19,00:30,58.2,,51.7,78.9,0.0,N@1.6,99999.0,,70.8,0.0,0,"Sunnyside, Yakima County",310136,Sunnyside,2017-12-06 01:23:54.161188
1999-07-19,00:45,57.8,,51.7,80.0,0.0,N@1.6,99999.0,,70.7,0.0,0,"Sunnyside, Yakima County",310136,Sunnyside,2017-12-06 01:23:54.161188
1999-07-19,01:00,59.0,,51.3,75.6,0.0,N@2.3,99999.0,,70.7,0.0,0,"Sunnyside, Yakima County",310136,Sunnyside,2017-12-06 01:23:54.161188
1999-07-19,01:15,58.8,,51.2,75.8,0.0,N@2.2,99999.0,,70.6,0.0,0,"Sunnyside, Yakima County",310136,Sunnyside,2017-12-06 01:23:54.161188
1999-07-19,01:30,58.8,,51.4,76.5,0.0,N@1.1,99999.0,,70.6,0.0,0,"Sunnyside, Yakima County",310136,Sunnyside,2017-12-06 01:23:54.161188
1999-07-19,01:45,57.4,,52.0,81.9,0.0,N@2.1,99999.0,,70.5,0.0,0,"Sunnyside, Yakima County",310136,Sunnyside,2017-12-06 01:23:54.161188
1999-07-19,02:00,57.0,,51.9,82.7,0.0,N@2.6,99999.0,,70.5,0.0,0,"Sunnyside, Yakima County",310136,Sunnyside,2017-12-06 01:23:54.161188
1999-07-19,02:15,57.3,,51.1,79.7,0.0,N@2.1,99999.0,,70.4,0.0,0,"Sunnyside, Yakima County",310136,Sunnyside,2017-12-06 01:23:54.161188
1999-07-19,02:30,56.8,,51.2,81.4,0.0,N@2.9,99999.0,,70.3,0.0,0,"Sunnyside, Yakima County",310136,Sunnyside,2017-12-06 01:23:54.161188
1999-07-19,02:45,56.3,,50.6,81.2,0.0,N@2.2,99999.0,,70.3,0.0,0,"Sunnyside, Yakima County",310136,Sunnyside,2017-12-06 01:23:54.161188
1999-07-19,03:00,57.7,,50.0,75.4,0.0,N@3.4,99999.0,,70.2,0.0,0,"Sunnyside, Yakima County",310136,Sunnyside,2017-12-06 01:23:54.161188
1999-07-19,03:15,58.4,,49.7,72.8,0.0,N@4.1,99999.0,,70.1,0.0,0,"Sunnyside, Yakima County",310136,Sunnyside,2017-12-06 01:23:54.161188
1999-07-19,03:30,57.8,,49.8,74.8,0.0,N@3.8,99999.0,,70.1,0.0,0,"Sunnyside, Yakima County",310136,Sunnyside,2017-12-06 01:23:54.161188
1999-07-19,03:45,57.4,,49.9,75.8,0.0,N@4.1,99999.0,,70.0,0.0,0,"Sunnyside, Yakima County",310136,Sunnyside,2017-12-06 01:23:54.161188
1999-07-19,04:00,57.9,,49.9,74.5,0.0,N@2.8,99999.0,,69.9,0.0,0,"Sunnyside, Yakima County",310136,Sunnyside,2017-12-06 01:23:54.161188
1999-07-19,04:15,57.7,,49.6,74.4,0.0,N@2.7,99999.0,,69.9,0.0,1,"Sunnyside, Yakima County",310136,Sunnyside,2017-12-06 01:23:54.161188
1999-07-19,04:30,57.8,,49.4,73.5,0.0,N@3.5,99999.0,,69.8,0.0,3,"Sunnyside, Yakima County",310136,Sunnyside,2017-12-06 01:23:54.161188
1999-07-19,04:45,57.8,,49.7,74.1,0.0,NW@1.5,99999.0,,69.7,0.0,8,"Sunnyside, Yakima County",310136,Sunnyside,2017-12-06 01:23:54.161188
1999-07-19,05:00,57.9,,50.6,76.6,0.0,W@0.7,99999.0,,69.7,0.0,13,"Sunnyside, Yakima County",310136,Sunnyside,2017-12-06 01:23:54.161188
1999-07-19,05:15,56.5,,51.2,82.3,0.0,NW@1.2,99999.0,,69.6,0.0,23,"Sunnyside, Yakima County",310136,Sunnyside,2017-12-06 01:23:54.161188
1999-07-19,05:30,56.3,,51.9,85.0,0.0,SE@0.5,99999.0,,69.6,0.0,67,"Sunnyside, Yakima County",310136,Sunnyside,2017-12-06 01:23:54.161188
1999-07-19,05:45,57.6,,52.6,83.4,0.0,E@0.5,99999.0,,69.6,0.0,125,"Sunnyside, Yakima County",310136,Sunnyside,2017-12-06 01:23:54.161188
1999-07-19,06:00,60.5,,52.8,75.5,0.0,N@0.5,99999.0,,69.4,0.0,167,"Sunnyside, Yakima County",310136,Sunnyside,2017-12-06 01:23:54.161188
1999-07-19,06:15,63.5,,54.5,72.4,0.0,N@0.7,99999.0,,69.2,0.0,205,"Sunnyside, Yakima County",310136,Sunnyside,2017-12-06 01:23:54.161188
1999-07-19,06:30,64.5,,54.5,69.9,0.0,S@0.6,99999.0,,69.1,0.0,246,"Sunnyside, Yakima County",310136,Sunnyside,2017-12-06 01:23:54.161188
1999-07-19,06:45,64.7,,56.2,73.8,0.0,SW@1.3,99999.0,,69.0,0.0,290,"Sunnyside, Yakima County",310136,Sunnyside,2017-12-06 01:23:54.161188
1999-07-19,07:00,63.2,,56.4,78.3,0.0,S@1.8,99999.0,,69.0,0.0,308,"Sunnyside, Yakima County",310136,Sunnyside,2017-12-06 01:23:54.161188
1999-07-19,07:15,63.3,,56.1,77.3,0.0,S@0.9,99999.0,,69.1,0.0,371,"Sunnyside, Yakima County",310136,Sunnyside,2017-12-06 01:23:54.161188
1999-07-19,07:30,65.2,,56.0,72.0,0.0,SW@0.8,99999.0,,69.0,0.0,413,"Sunnyside, Yakima County",310136,Sunnyside,2017-12-06 01:23:54.161188
1999-07-19,07:45,66.3,,57.0,71.9,0.0,S@1.4,99999.0,,69.0,0.0,455,"Sunnyside, Yakima County",310136,Sunnyside,2017-12-06 01:23:54.161188
1999-07-19,08:00,67.0,,57.5,71.5,0.0,SW@1.3,99999.0,,69.0,0.0,497,"Sunnyside, Yakima County",310136,Sunnyside,2017-12-06 01:23:54.161188
1999-07-19,08:15,67.8,,58.0,70.8,0.0,SW@1.1,99999.0,,69.0,0.0,538,"Sunnyside, Yakima County",310136,Sunnyside,2017-12-06 01:23:54.161188
1999-07-19,08:30,68.9,,59.0,70.7,0.0,SW@1.2,99999.0,,68.9,0.0,579,"Sunnyside, Yakima County",310136,Sunnyside,2017-12-06 01:23:54.161188
1999-07-19,08:45,70.4,,60.5,70.9,0.0,SW@1.8,99999.0,,68.8,0.0,615,"Sunnyside, Yakima County",310136,Sunnyside,2017-12-06 01:23:54.161188
1999-07-19,09:00,71.8,,61.1,69.0,0.0,SW@1.8,99999.0,,68.8,0.0,648,"Sunnyside, Yakima County",310136,Sunnyside,2017-12-06 01:23:54.161188
1999-07-19,09:15,72.5,,62.1,69.8,0.0,SW@2.0,99999.0,,68.8,0.0,682,"Sunnyside, Yakima County",310136,Sunnyside,2017-12-06 01:23:54.161188
1999-07-19,09:30,73.7,,61.4,65.5,0.0,SW@2.4,99999.0,,68.7,0.0,715,"Sunnyside, Yakima County",310136,Sunnyside,2017-12-06 01:23:54.161188
1999-07-19,09:45,75.1,,61.6,62.9,0.0,SW@2.4,99999.0,,68.7,0.0,745,"Sunnyside, Yakima County",310136,Sunnyside,2017-12-06 01:23:54.161188
1999-07-19,10:00,75.8,,59.9,57.9,0.0,SW@2.8,99999.0,,68.7,0.0,773,"Sunnyside, Yakima County",310136,Sunnyside,2017-12-06 01:23:54.161188
1999-07-19,10:15,76.1,,58.9,55.1,0.0,SW@2.4,99999.0,,68.8,0.0,797,"Sunnyside, Yakima County",310136,Sunnyside,2017-12-06 01:23:54.161188
1999-07-19,10:30,77.0,,58.5,52.8,0.0,S@2.1,99999.0,,68.8,0.0,818,"Sunnyside, Yakima County",310136,Sunnyside,2017-12-06 01:23:54.161188
1999-07-19,10:45,77.4,,58.3,51.8,0.0,SW@2.8,99999.0,,68.8,0.0,838,"Sunnyside, Yakima County",310136,Sunnyside,2017-12-06 01:23:54.161188
1999-07-19,11:00,78.2,,58.6,51.0,0.0,SW@2.2,99999.0,,68.9,0.0,857,"Sunnyside, Yakima County",310136,Sunnyside,2017-12-06 01:23:54.161188
1999-07-19,11:15,78.8,,58.6,50.0,0.0,SW@2.4,99999.0,,69.0,0.0,872,"Sunnyside, Yakima County",310136,Sunnyside,2017-12-06 01:23:54.161188
1999-07-19,11:30,79.5,,58.4,48.3,0.0,SW@1.6,99999.0,,69.0,0.0,886,"Sunnyside, Yakima County",310136,Sunnyside,2017-12-06 01:23:54.161188
1999-07-19,11:45,80.2,,58.6,47.7,0.0,S@1.2,99999.0,,69.1,0.0,894,"Sunnyside, Yakima County",310136,Sunnyside,2017-12-06 01:23:54.161188
1999-07-19,12:00,80.8,,58.6,46.7,0.0,SW@2.2,99999.0,,69.3,0.0,899,"Sunnyside, Yakima County",310136,Sunnyside,2017-12-06 01:23:54.161188
1999-07-19,12:15,81.0,,58.2,45.8,0.0,W@2.2,99999.0,,69.4,0.0,899,"Sunnyside, Yakima County",310136,Sunnyside,2017-12-06 01:23:54.161188
1999-07-19,12:30,81.9,,57.8,43.8,0.0,SW@2.1,99999.0,,69.5,0.0,896,"Sunnyside, Yakima County",310136,Sunnyside,2017-12-06 01:23:54.161188
1999-07-19,12:45,82.4,,57.2,42.3,0.0,SW@1.8,99999.0,,69.6,0.0,894,"Sunnyside, Yakima County",310136,Sunnyside,2017-12-06 01:23:54.161188
1999-07-19,13:00,83.2,,57.9,42.1,0.0,SW@1.4,99999.0,,69.7,0.0,890,"Sunnyside, Yakima County",310136,Sunnyside,2017-12-06 01:23:54.161188
1999-07-19,13:15,83.3,,57.1,40.8,0.0,S@1.6,99999.0,,69.9,0.0,873,"Sunnyside, Yakima County",310136,Sunnyside,2017-12-06 01:23:54.161188
1999-07-19,13:30,84.0,,56.4,39.0,0.0,S@0.8,99999.0,,70.0,0.0,864,"Sunnyside, Yakima County",310136,Sunnyside,2017-12-06 01:23:54.161188
1999-07-19,13:45,85.1,,57.5,39.2,0.0,S@0.8,99999.0,,70.1,0.0,850,"Sunnyside, Yakima County",310136,Sunnyside,2017-12-06 01:23:54.161188
1999-07-19,14:00,84.6,,56.4,38.3,0.0,SW@1.4,99999.0,,70.3,0.0,824,"Sunnyside, Yakima County",310136,Sunnyside,2017-12-06 01:23:54.161188
1999-07-19,14:15,84.6,,55.8,37.5,0.0,S@1.3,99999.0,,70.4,0.0,809,"Sunnyside, Yakima County",310136,Sunnyside,2017-12-06 01:23:54.161188
1999-07-19,14:30,85.1,,53.2,33.5,0.0,NW@2.4,99999.0,,70.6,0.0,782,"Sunnyside, Yakima County",310136,Sunnyside,2017-12-06 01:23:54.161188
1999-07-19,14:45,84.9,,54.7,35.6,0.0,NW@2.1,99999.0,,70.7,0.0,750,"Sunnyside, Yakima County",310136,Sunnyside,2017-12-06 01:23:54.161188
1999-07-19,15:00,84.7,,58.7,41.4,0.0,SW@3.0,99999.0,,70.9,0.0,715,"Sunnyside, Yakima County",310136,Sunnyside,2017-12-06 01:23:54.161188
1999-07-19,15:15,84.8,,57.2,39.1,0.0,SW@3.7,99999.0,,71.0,0.0,663,"Sunnyside, Yakima County",310136,Sunnyside,2017-12-06 01:23:54.161188
1999-07-19,15:30,85.3,,57.6,39.1,0.0,W@2.6,99999.0,,71.1,0.0,640,"Sunnyside, Yakima County",310136,Sunnyside,2017-12-06 01:23:54.161188
1999-07-19,15:45,85.6,,58.5,40.0,0.0,SW@2.6,99999.0,,71.2,0.0,605,"Sunnyside, Yakima County",310136,Sunnyside,2017-12-06 01:23:54.161188
1999-07-19,16:00,85.2,,57.2,38.5,0.0,W@3.4,99999.0,,71.3,0.0,556,"Sunnyside, Yakima County",310136,Sunnyside,2017-12-06 01:23:54.161188
1999-07-19,16:15,85.3,,56.6,37.6,0.0,W@3.0,99999.0,,71.5,0.0,531,"Sunnyside, Yakima County",310136,Sunnyside,2017-12-06 01:23:54.161188
1999-07-19,16:30,85.6,,56.7,37.5,0.0,W@2.2,99999.0,,71.6,0.0,488,"Sunnyside, Yakima County",310136,Sunnyside,2017-12-06 01:23:54.161188
1999-07-19,16:45,86.2,,56.8,36.8,0.0,SW@1.4,99999.0,,71.7,0.0,456,"Sunnyside, Yakima County",310136,Sunnyside,2017-12-06 01:23:54.161188
1999-07-19,17:00,86.4,,57.7,37.9,0.0,SW@1.4,99999.0,,71.8,0.0,419,"Sunnyside, Yakima County",310136,Sunnyside,2017-12-06 01:23:54.161188
1999-07-19,17:15,86.0,,58.1,38.8,0.0,SW@1.9,99999.0,,71.9,0.0,377,"Sunnyside, Yakima County",310136,Sunnyside,2017-12-06 01:23:54.161188
1999-07-19,17:30,85.8,,57.0,37.6,0.0,W@1.7,99999.0,,72.0,0.0,316,"Sunnyside, Yakima County",310136,Sunnyside,2017-12-06 01:23:54.161188
1999-07-19,17:45,84.8,,58.9,41.6,0.0,W@1.2,99999.0,,72.1,0.0,134,"Sunnyside, Yakima County",310136,Sunnyside,2017-12-06 01:23:54.161188
1999-07-19,18:00,82.1,,58.7,45.1,0.0,W@1.6,99999.0,,72.2,0.0,72,"Sunnyside, Yakima County",310136,Sunnyside,2017-12-06 01:23:54.161188
1999-07-19,18:15,79.9,,60.8,52.3,0.0,NW@1.5,99999.0,,72.2,0.0,79,"Sunnyside, Yakima County",310136,Sunnyside,2017-12-06 01:23:54.161188
1999-07-19,18:30,78.3,,62.6,58.6,0.0,NW@2.4,99999.0,,72.3,0.0,76,"Sunnyside, Yakima County",310136,Sunnyside,2017-12-06 01:23:54.161188
1999-07-19,18:45,76.8,,61.6,59.2,0.0,N@2.3,99999.0,,72.4,0.0,60,"Sunnyside, Yakima County",310136,Sunnyside,2017-12-06 01:23:54.161188
1999-07-19,19:00,76.8,,60.9,57.8,0.0,NW@1.5,99999.0,,72.4,0.0,97,"Sunnyside, Yakima County",310136,Sunnyside,2017-12-06 01:23:54.161188
1999-07-19,19:15,78.7,,59.2,51.1,0.0,NW@0.9,99999.0,,72.4,0.0,55,"Sunnyside, Yakima County",310136,Sunnyside,2017-12-06 01:23:54.161188
1999-07-19,19:30,77.7,,61.4,57.3,0.0,NW@0.6,99999.0,,72.5,0.0,26,"Sunnyside, Yakima County",310136,Sunnyside,2017-12-06 01:23:54.161188
1999-07-19,19:45,74.2,,62.2,66.3,0.0,N@2.5,99999.0,,72.5,0.0,12,"Sunnyside, Yakima County",310136,Sunnyside,2017-12-06 01:23:54.161188
1999-07-19,20:00,72.9,,59.2,62.2,0.0,N@2.8,99999.0,,72.5,0.0,3,"Sunnyside, Yakima County",310136,Sunnyside,2017-12-06 01:23:54.161188
1999-07-19,20:15,73.0,,54.3,51.9,0.0,N@3.1,99999.0,,72.5,0.0,0,"Sunnyside, Yakima County",310136,Sunnyside,2017-12-06 01:23:54.161188
1999-07-19,20:30,73.2,,51.6,46.6,0.0,N@3.7,99999.0,,72.5,0.0,0,"Sunnyside, Yakima County",310136,Sunnyside,2017-12-06 01:23:54.161188
1999-07-19,20:45,72.8,,51.2,46.6,0.0,N@4.0,99999.0,,72.5,0.0,0,"Sunnyside, Yakima County",310136,Sunnyside,2017-12-06 01:23:54.161188
1999-07-19,21:00,72.7,,50.6,45.8,0.0,N@4.2,99999.0,,72.5,0.0,0,"Sunnyside, Yakima County",310136,Sunnyside,2017-12-06 01:23:54.161188
1999-07-19,21:15,72.7,,50.3,45.3,0.0,N@3.2,99999.0,,72.4,0.0,0,"Sunnyside, Yakima County",310136,Sunnyside,2017-12-06 01:23:54.161188
1999-07-19,21:30,72.6,,51.0,46.6,0.0,N@2.9,99999.0,,72.4,0.0,0,"Sunnyside, Yakima County",310136,Sunnyside,2017-12-06 01:23:54.161188
1999-07-19,21:45,72.2,,50.6,46.4,0.0,N@3.8,99999.0,,72.4,0.0,0,"Sunnyside, Yakima County",310136,Sunnyside,2017-12-06 01:23:54.161188
1999-07-19,22:00,72.3,,49.4,44.4,0.0,N@4.1,99999.0,,72.3,0.0,0,"Sunnyside, Yakima County",310136,Sunnyside,2017-12-06 01:23:54.161188
1999-07-19,22:15,71.9,,48.9,44.1,0.0,N@4.7,99999.0,,72.3,0.0,0,"Sunnyside, Yakima County",310136,Sunnyside,2017-12-06 01:23:54.161188
1999-07-19,22:30,71.5,,48.7,44.4,0.0,N@4.3,99999.0,,72.3,0.0,0,"Sunnyside, Yakima County",310136,Sunnyside,2017-12-06 01:23:54.161188
1999-07-19,22:45,70.2,,49.0,46.8,0.0,N@2.8,99999.0,,72.3,0.0,0,"Sunnyside, Yakima County",310136,Sunnyside,2017-12-06 01:23:54.161188
1999-07-19,23:00,70.0,,47.7,45.0,0.0,N@4.6,99999.0,,72.3,0.0,0,"Sunnyside, Yakima County",310136,Sunnyside,2017-12-06 01:23:54.161188
1999-07-20,23:15,70.2,,47.0,43.6,0.0,N@5.9,99999.0,,72.2,0.0,0,"Sunnyside, Yakima County",310136,Sunnyside,2017-12-06 01:23:54.161188
1999-07-20,23:30,70.4,,46.7,42.7,0.0,N@5.8,99999.0,,72.2,0.0,0,"Sunnyside, Yakima County",310136,Sunnyside,2017-12-06 01:23:54.161188
1999-07-20,23:45,70.6,,47.2,43.2,0.0,N@4.8,99999.0,,72.1,0.0,0,"Sunnyside, Yakima County",310136,Sunnyside,2017-12-06 01:23:54.161188
1999-07-20,24:00,60.6,,58.8,93.5,,SW@1.0,99999.0,,71.9,0.0,0,"Sunnyside, Yakima County",310136,Sunnyside,2017-12-06 01:23:54.161188
