Date,Time PST,Air Temp °F, 2<sup>nd</sup> Air Temp °F, Dew Point °F, Rel Hum %, Leaf Wet u., Wind Dir @ Speed mph, Wind Gust mph, 2 in. Soil Tmp °F, 8 in. Soil Tmp °F, Soil VWC %, Tot Prec in, Solar Rad W/m², Atm. Press. inHg,Location,Station ID,Station Name,Download Timestamp
2016-05-16,00:15,54.5,54.5,51.9,90.8,0.69,NW@2.0,3.5,60.1,66.3,10.5,0.0,0,29.96,"Sunnyside NE, Sunnyside, Yakima County",310139,Sunnyside NE,2017-12-05 23:49:28.591540
2016-05-16,00:30,54.0,54.0,51.6,91.5,0.69,NW@1.8,3.5,60.0,66.2,10.5,0.0,0,29.96,"Sunnyside NE, Sunnyside, Yakima County",310139,Sunnyside NE,2017-12-05 23:49:28.591540
2016-05-16,00:45,54.0,54.0,51.2,90.3,0.69,NW@2.4,4.6,59.8,66.2,10.5,0.0,0,29.96,"Sunnyside NE, Sunnyside, Yakima County",310139,Sunnyside NE,2017-12-05 23:49:28.591540
2016-05-16,01:00,53.8,53.7,51.0,90.3,0.69,N@1.9,3.5,59.7,66.1,10.5,0.0,0,29.96,"Sunnyside NE, Sunnyside, Yakima County",310139,Sunnyside NE,2017-12-05 23:49:28.591540
2016-05-16,01:15,53.3,53.2,51.1,92.2,0.69,NW@1.5,2.8,59.6,66.1,10.5,0.0,0,29.96,"Sunnyside NE, Sunnyside, Yakima County",310139,Sunnyside NE,2017-12-05 23:49:28.591540
2016-05-16,01:30,52.7,52.6,51.2,94.8,0.69,SE@1.7,2.8,59.5,66.0,10.5,0.0,0,29.97,"Sunnyside NE, Sunnyside, Yakima County",310139,Sunnyside NE,2017-12-05 23:49:28.591540
2016-05-16,01:45,52.6,52.6,51.6,96.4,0.7,SE@3.2,4.9,59.4,66.0,10.5,0.0,0,29.97,"Sunnyside NE, Sunnyside, Yakima County",310139,Sunnyside NE,2017-12-05 23:49:28.591540
2016-05-16,02:00,52.7,52.7,51.8,96.9,0.7,SE@3.1,4.6,59.3,65.9,10.5,0.0,0,29.97,"Sunnyside NE, Sunnyside, Yakima County",310139,Sunnyside NE,2017-12-05 23:49:28.591540
2016-05-16,02:15,52.7,52.7,51.8,96.7,0.7,SE@2.2,3.9,59.3,65.9,10.5,0.0,0,29.97,"Sunnyside NE, Sunnyside, Yakima County",310139,Sunnyside NE,2017-12-05 23:49:28.591540
2016-05-16,02:30,52.7,52.7,51.5,95.5,0.7,S@1.5,3.5,59.2,65.8,10.5,0.0,0,29.97,"Sunnyside NE, Sunnyside, Yakima County",310139,Sunnyside NE,2017-12-05 23:49:28.591540
2016-05-16,02:45,52.5,52.5,51.1,95.0,0.7,SE@2.0,3.1,59.1,65.8,10.4,0.0,0,29.98,"Sunnyside NE, Sunnyside, Yakima County",310139,Sunnyside NE,2017-12-05 23:49:28.591540
2016-05-16,03:00,53.2,53.2,50.4,90.1,0.7,S@2.3,6.7,59.0,65.7,10.4,0.0,0,29.98,"Sunnyside NE, Sunnyside, Yakima County",310139,Sunnyside NE,2017-12-05 23:49:28.591540
2016-05-16,03:15,53.3,53.3,50.0,88.3,0.7,S@3.8,9.6,58.9,65.7,10.4,0.0,0,29.98,"Sunnyside NE, Sunnyside, Yakima County",310139,Sunnyside NE,2017-12-05 23:49:28.591540
2016-05-16,03:30,52.8,52.8,50.2,91.0,0.7,S@3.8,6.4,58.8,65.6,10.4,0.0,0,29.99,"Sunnyside NE, Sunnyside, Yakima County",310139,Sunnyside NE,2017-12-05 23:49:28.591540
2016-05-16,03:45,52.2,52.2,50.2,92.9,0.7,SE@2.5,4.2,58.7,65.5,10.4,0.0,0,29.99,"Sunnyside NE, Sunnyside, Yakima County",310139,Sunnyside NE,2017-12-05 23:49:28.591540
2016-05-16,04:00,52.0,52.0,50.2,93.5,0.7,SE@1.9,4.2,58.6,65.5,10.4,0.0,0,29.99,"Sunnyside NE, Sunnyside, Yakima County",310139,Sunnyside NE,2017-12-05 23:49:28.591540
2016-05-16,04:15,51.5,51.5,50.0,94.6,0.71,NE@1.8,2.8,58.6,65.5,10.4,0.0,1,30.0,"Sunnyside NE, Sunnyside, Yakima County",310139,Sunnyside NE,2017-12-05 23:49:28.591540
2016-05-16,04:30,51.3,51.3,49.9,95.0,0.71,NE@2.5,4.2,58.5,65.4,10.4,0.0,3,30.0,"Sunnyside NE, Sunnyside, Yakima County",310139,Sunnyside NE,2017-12-05 23:49:28.591540
2016-05-16,04:45,51.3,51.3,49.8,94.5,0.71,NE@1.5,2.8,58.4,65.3,10.4,0.0,6,30.01,"Sunnyside NE, Sunnyside, Yakima County",310139,Sunnyside NE,2017-12-05 23:49:28.591540
2016-05-16,05:00,51.7,51.8,50.0,93.9,0.71,NE@2.5,3.9,58.3,65.3,10.4,0.0,11,30.01,"Sunnyside NE, Sunnyside, Yakima County",310139,Sunnyside NE,2017-12-05 23:49:28.591540
2016-05-16,05:15,52.3,52.3,49.9,91.4,0.67,E@2.3,3.5,58.2,65.2,10.4,0.0,17,30.02,"Sunnyside NE, Sunnyside, Yakima County",310139,Sunnyside NE,2017-12-05 23:49:28.591540
2016-05-16,05:30,52.7,52.7,50.1,90.9,0.59,NE@2.7,4.2,58.2,65.2,10.4,0.0,23,30.02,"Sunnyside NE, Sunnyside, Yakima County",310139,Sunnyside NE,2017-12-05 23:49:28.591540
2016-05-16,05:45,53.2,53.2,50.4,90.1,0.48,NE@2.0,3.1,58.2,65.1,10.4,0.0,46,30.02,"Sunnyside NE, Sunnyside, Yakima County",310139,Sunnyside NE,2017-12-05 23:49:28.591540
2016-05-16,06:00,54.0,54.0,49.9,85.9,0.3,SE@2.6,5.3,58.3,65.1,10.4,0.0,74,30.03,"Sunnyside NE, Sunnyside, Yakima County",310139,Sunnyside NE,2017-12-05 23:49:28.591540
2016-05-16,06:15,54.4,54.4,50.4,86.3,0.2,S@1.7,3.1,58.4,65.0,10.4,0.0,103,30.03,"Sunnyside NE, Sunnyside, Yakima County",310139,Sunnyside NE,2017-12-05 23:49:28.591540
2016-05-16,06:30,54.8,54.8,50.7,86.0,0.14,SE@1.4,2.8,58.6,65.0,10.4,0.0,118,30.04,"Sunnyside NE, Sunnyside, Yakima County",310139,Sunnyside NE,2017-12-05 23:49:28.591540
2016-05-16,06:45,55.1,55.1,50.6,84.6,0.11,SE@1.8,2.8,58.8,64.9,10.4,0.0,143,30.05,"Sunnyside NE, Sunnyside, Yakima County",310139,Sunnyside NE,2017-12-05 23:49:28.591540
2016-05-16,07:00,55.8,55.8,50.5,82.3,0.08,SE@2.0,2.8,59.2,64.9,10.4,0.0,168,30.05,"Sunnyside NE, Sunnyside, Yakima County",310139,Sunnyside NE,2017-12-05 23:49:28.591540
2016-05-16,07:15,56.4,56.4,50.2,79.5,0.04,S@1.7,3.5,59.5,64.8,10.4,0.0,190,30.05,"Sunnyside NE, Sunnyside, Yakima County",310139,Sunnyside NE,2017-12-05 23:49:28.591540
2016-05-16,07:30,57.6,57.5,50.7,77.7,0.0,SE@1.5,2.4,60.0,64.8,10.4,0.0,270,30.05,"Sunnyside NE, Sunnyside, Yakima County",310139,Sunnyside NE,2017-12-05 23:49:28.591540
2016-05-16,07:45,59.7,59.6,50.8,72.3,0.0,S@2.0,3.5,60.5,64.7,10.4,0.0,433,30.05,"Sunnyside NE, Sunnyside, Yakima County",310139,Sunnyside NE,2017-12-05 23:49:28.591540
2016-05-16,08:00,58.6,58.5,51.9,78.2,0.0,S@3.4,6.4,61.2,64.7,10.4,0.0,197,30.06,"Sunnyside NE, Sunnyside, Yakima County",310139,Sunnyside NE,2017-12-05 23:49:28.591540
2016-05-16,08:15,58.4,58.1,52.0,79.1,0.0,S@3.5,5.3,61.9,64.6,10.4,0.0,464,30.06,"Sunnyside NE, Sunnyside, Yakima County",310139,Sunnyside NE,2017-12-05 23:49:28.591540
2016-05-16,08:30,60.3,60.0,52.1,74.2,0.0,S@3.8,6.0,62.5,64.6,10.4,0.0,570,30.06,"Sunnyside NE, Sunnyside, Yakima County",310139,Sunnyside NE,2017-12-05 23:49:28.591540
2016-05-16,08:45,61.2,60.8,52.4,72.8,0.0,SW@4.3,6.4,63.5,64.5,10.4,0.0,616,30.07,"Sunnyside NE, Sunnyside, Yakima County",310139,Sunnyside NE,2017-12-05 23:49:28.591540
2016-05-16,09:00,61.8,61.5,51.4,68.7,0.0,SW@4.8,7.8,64.7,64.5,10.4,0.0,598,30.07,"Sunnyside NE, Sunnyside, Yakima County",310139,Sunnyside NE,2017-12-05 23:49:28.591540
2016-05-16,09:15,62.9,62.6,50.2,63.2,0.0,SW@5.1,8.9,66.0,64.5,10.4,0.0,670,30.07,"Sunnyside NE, Sunnyside, Yakima County",310139,Sunnyside NE,2017-12-05 23:49:28.591540
2016-05-16,09:30,62.2,62.2,48.6,60.9,0.0,SW@5.0,7.8,67.2,64.5,10.4,0.0,287,30.07,"Sunnyside NE, Sunnyside, Yakima County",310139,Sunnyside NE,2017-12-05 23:49:28.591540
2016-05-16,09:45,63.1,62.9,49.2,60.5,0.0,SW@4.6,7.4,67.9,64.5,10.4,0.0,558,30.08,"Sunnyside NE, Sunnyside, Yakima County",310139,Sunnyside NE,2017-12-05 23:49:28.591540
2016-05-16,10:00,64.8,64.6,49.4,57.4,0.0,W@4.5,7.4,68.4,64.5,10.4,0.0,799,30.08,"Sunnyside NE, Sunnyside, Yakima County",310139,Sunnyside NE,2017-12-05 23:49:28.591540
2016-05-16,10:15,65.3,65.1,49.0,55.5,0.0,W@3.7,7.1,69.2,64.5,10.4,0.0,796,30.08,"Sunnyside NE, Sunnyside, Yakima County",310139,Sunnyside NE,2017-12-05 23:49:28.591540
2016-05-16,10:30,66.2,65.9,49.6,55.1,0.0,SW@4.2,7.4,69.9,64.5,10.4,0.0,795,30.08,"Sunnyside NE, Sunnyside, Yakima County",310139,Sunnyside NE,2017-12-05 23:49:28.591540
2016-05-16,10:45,66.8,66.3,50.0,54.8,0.0,S@4.6,7.8,70.5,64.5,10.4,0.0,865,30.08,"Sunnyside NE, Sunnyside, Yakima County",310139,Sunnyside NE,2017-12-05 23:49:28.591540
2016-05-16,11:00,67.5,67.2,49.8,53.0,0.0,S@4.6,8.2,71.7,64.5,10.4,0.0,928,30.08,"Sunnyside NE, Sunnyside, Yakima County",310139,Sunnyside NE,2017-12-05 23:49:28.591540
2016-05-16,11:15,67.8,67.6,49.6,52.1,0.0,S@4.0,8.2,73.2,64.6,10.5,0.0,671,30.08,"Sunnyside NE, Sunnyside, Yakima County",310139,Sunnyside NE,2017-12-05 23:49:28.591540
2016-05-16,11:30,67.4,67.2,50.2,54.0,0.0,SW@4.1,8.2,74.8,64.6,10.5,0.0,695,30.08,"Sunnyside NE, Sunnyside, Yakima County",310139,Sunnyside NE,2017-12-05 23:49:28.591540
2016-05-16,11:45,68.5,68.1,50.1,51.9,0.0,SW@4.2,10.3,75.8,64.7,10.5,0.0,899,30.08,"Sunnyside NE, Sunnyside, Yakima County",310139,Sunnyside NE,2017-12-05 23:49:28.591540
2016-05-16,12:00,68.7,68.4,49.9,51.0,0.0,S@5.5,9.2,77.2,64.7,10.5,0.0,855,30.08,"Sunnyside NE, Sunnyside, Yakima County",310139,Sunnyside NE,2017-12-05 23:49:28.591540
2016-05-16,12:15,68.9,68.7,49.5,50.0,0.0,SW@4.8,9.6,78.6,64.8,10.5,0.0,797,30.08,"Sunnyside NE, Sunnyside, Yakima County",310139,Sunnyside NE,2017-12-05 23:49:28.591540
2016-05-16,12:30,69.0,68.8,49.7,50.2,0.0,S@5.5,8.9,79.8,64.9,10.5,0.0,614,30.08,"Sunnyside NE, Sunnyside, Yakima County",310139,Sunnyside NE,2017-12-05 23:49:28.591540
2016-05-16,12:45,70.0,69.7,48.9,47.0,0.0,SE@4.6,8.9,80.7,65.0,10.5,0.0,885,30.08,"Sunnyside NE, Sunnyside, Yakima County",310139,Sunnyside NE,2017-12-05 23:49:28.591540
2016-05-16,13:00,70.7,70.5,48.2,44.8,0.0,S@4.0,10.3,81.4,65.0,10.5,0.0,870,30.08,"Sunnyside NE, Sunnyside, Yakima County",310139,Sunnyside NE,2017-12-05 23:49:28.591540
2016-05-16,13:15,70.7,70.3,47.0,42.7,0.0,S@4.3,8.9,82.4,65.1,10.5,0.0,871,30.08,"Sunnyside NE, Sunnyside, Yakima County",310139,Sunnyside NE,2017-12-05 23:49:28.591540
2016-05-16,13:30,71.1,70.8,46.8,41.9,0.0,S@5.9,11.4,83.5,65.2,10.5,0.0,840,30.08,"Sunnyside NE, Sunnyside, Yakima County",310139,Sunnyside NE,2017-12-05 23:49:28.591540
2016-05-16,13:45,71.9,71.7,46.0,39.5,0.0,S@4.9,9.2,84.4,65.4,10.6,0.0,823,30.08,"Sunnyside NE, Sunnyside, Yakima County",310139,Sunnyside NE,2017-12-05 23:49:28.591540
2016-05-16,14:00,72.2,71.9,44.8,37.5,0.0,SW@5.7,9.9,85.1,65.5,10.6,0.0,800,30.08,"Sunnyside NE, Sunnyside, Yakima County",310139,Sunnyside NE,2017-12-05 23:49:28.591540
2016-05-16,14:15,72.7,72.5,44.4,36.2,0.0,SW@5.6,9.9,85.8,65.6,10.6,0.0,780,30.08,"Sunnyside NE, Sunnyside, Yakima County",310139,Sunnyside NE,2017-12-05 23:49:28.591540
2016-05-16,14:30,72.9,72.9,43.6,34.8,0.0,W@3.9,7.4,86.3,65.8,10.6,0.0,749,30.07,"Sunnyside NE, Sunnyside, Yakima County",310139,Sunnyside NE,2017-12-05 23:49:28.591540
2016-05-16,14:45,73.6,73.5,44.9,35.9,0.0,SW@4.5,8.2,86.8,65.9,10.5,0.0,720,30.07,"Sunnyside NE, Sunnyside, Yakima County",310139,Sunnyside NE,2017-12-05 23:49:28.591540
2016-05-16,15:00,73.5,73.1,44.2,35.0,0.0,S@3.4,7.1,87.1,66.1,10.6,0.0,688,30.07,"Sunnyside NE, Sunnyside, Yakima County",310139,Sunnyside NE,2017-12-05 23:49:28.591540
2016-05-16,15:15,73.6,73.4,44.2,34.9,0.0,S@4.6,8.5,87.3,66.2,10.6,0.0,654,30.07,"Sunnyside NE, Sunnyside, Yakima County",310139,Sunnyside NE,2017-12-05 23:49:28.591540
2016-05-16,15:30,74.3,74.1,44.5,34.4,0.0,SW@3.5,6.0,87.4,66.4,10.6,0.0,623,30.06,"Sunnyside NE, Sunnyside, Yakima County",310139,Sunnyside NE,2017-12-05 23:49:28.591540
2016-05-16,15:45,74.2,73.9,44.5,34.6,0.0,S@4.2,7.4,87.3,66.6,10.6,0.0,588,30.06,"Sunnyside NE, Sunnyside, Yakima County",310139,Sunnyside NE,2017-12-05 23:49:28.591540
2016-05-16,16:00,74.3,74.2,44.8,34.8,0.0,S@4.4,8.2,87.2,66.8,10.6,0.0,548,30.06,"Sunnyside NE, Sunnyside, Yakima County",310139,Sunnyside NE,2017-12-05 23:49:28.591540
2016-05-16,16:15,73.7,73.4,44.9,35.6,0.0,S@5.2,8.2,86.9,66.9,10.6,0.0,507,30.06,"Sunnyside NE, Sunnyside, Yakima County",310139,Sunnyside NE,2017-12-05 23:49:28.591540
2016-05-16,16:30,74.1,73.8,44.5,34.7,0.0,S@4.6,7.8,86.4,67.1,10.6,0.0,469,30.06,"Sunnyside NE, Sunnyside, Yakima County",310139,Sunnyside NE,2017-12-05 23:49:28.591540
2016-05-16,16:45,74.7,74.6,44.1,33.5,0.0,S@3.0,5.7,85.9,67.3,10.7,0.0,424,30.05,"Sunnyside NE, Sunnyside, Yakima County",310139,Sunnyside NE,2017-12-05 23:49:28.591540
2016-05-16,17:00,74.7,74.4,45.1,34.8,0.0,SW@4.1,7.8,85.2,67.5,10.7,0.0,378,30.05,"Sunnyside NE, Sunnyside, Yakima County",310139,Sunnyside NE,2017-12-05 23:49:28.591540
2016-05-16,17:15,73.7,73.5,44.8,35.6,0.0,SW@3.7,6.4,84.6,67.7,10.7,0.0,239,30.05,"Sunnyside NE, Sunnyside, Yakima County",310139,Sunnyside NE,2017-12-05 23:49:28.591540
2016-05-16,17:30,71.7,71.7,46.6,40.8,0.0,SW@2.2,4.2,83.8,67.9,10.6,0.0,81,30.06,"Sunnyside NE, Sunnyside, Yakima County",310139,Sunnyside NE,2017-12-05 23:49:28.591540
2016-05-16,17:45,71.1,71.1,48.1,43.9,0.0,W@2.1,3.5,82.9,68.1,10.6,0.0,103,30.06,"Sunnyside NE, Sunnyside, Yakima County",310139,Sunnyside NE,2017-12-05 23:49:28.591540
2016-05-16,18:00,71.7,71.7,48.0,42.9,0.0,W@2.1,3.1,81.9,68.2,10.6,0.0,120,30.06,"Sunnyside NE, Sunnyside, Yakima County",310139,Sunnyside NE,2017-12-05 23:49:28.591540
2016-05-16,18:15,70.6,70.4,50.5,48.9,0.0,N@1.1,2.1,80.9,68.4,10.6,0.0,111,30.06,"Sunnyside NE, Sunnyside, Yakima County",310139,Sunnyside NE,2017-12-05 23:49:28.591540
2016-05-16,18:30,73.5,73.2,48.7,41.5,0.0,N@0.0,0.0,80.0,68.6,10.6,0.0,123,30.06,"Sunnyside NE, Sunnyside, Yakima County",310139,Sunnyside NE,2017-12-05 23:49:28.591540
2016-05-16,18:45,71.9,71.5,52.9,51.2,0.0,E@0.8,2.1,79.2,68.7,10.6,0.0,75,30.06,"Sunnyside NE, Sunnyside, Yakima County",310139,Sunnyside NE,2017-12-05 23:49:28.591540
2016-05-16,19:00,68.3,67.7,52.5,57.0,0.0,E@2.8,7.1,78.4,68.8,10.6,0.0,38,30.06,"Sunnyside NE, Sunnyside, Yakima County",310139,Sunnyside NE,2017-12-05 23:49:28.591540
2016-05-16,19:15,67.3,67.3,51.0,55.6,0.0,E@2.2,3.9,77.5,68.9,10.6,0.0,20,30.07,"Sunnyside NE, Sunnyside, Yakima County",310139,Sunnyside NE,2017-12-05 23:49:28.591540
2016-05-16,19:30,65.4,65.4,50.9,59.3,0.0,NE@3.3,4.9,76.7,69.1,10.6,0.0,5,30.07,"Sunnyside NE, Sunnyside, Yakima County",310139,Sunnyside NE,2017-12-05 23:49:28.591540
2016-05-16,19:45,63.9,63.9,50.0,60.5,0.0,NE@3.7,5.3,75.9,69.1,10.6,0.0,2,30.07,"Sunnyside NE, Sunnyside, Yakima County",310139,Sunnyside NE,2017-12-05 23:49:28.591540
2016-05-16,20:00,63.2,63.3,49.7,61.3,0.0,NE@4.6,6.4,75.0,69.2,10.6,0.0,1,30.07,"Sunnyside NE, Sunnyside, Yakima County",310139,Sunnyside NE,2017-12-05 23:49:28.591540
2016-05-16,20:15,63.1,63.1,48.9,59.7,0.0,NE@5.0,7.4,74.1,69.3,10.6,0.0,0,30.07,"Sunnyside NE, Sunnyside, Yakima County",310139,Sunnyside NE,2017-12-05 23:49:28.591540
2016-05-16,20:30,63.0,63.1,48.5,59.1,0.0,NE@4.8,6.4,73.3,69.3,10.6,0.0,0,30.08,"Sunnyside NE, Sunnyside, Yakima County",310139,Sunnyside NE,2017-12-05 23:49:28.591540
2016-05-16,20:45,62.5,62.6,48.4,59.8,0.0,NE@5.1,7.1,72.5,69.4,10.6,0.0,0,30.08,"Sunnyside NE, Sunnyside, Yakima County",310139,Sunnyside NE,2017-12-05 23:49:28.591540
2016-05-16,21:00,61.2,61.3,48.4,62.6,0.0,NE@5.3,7.8,71.7,69.4,10.6,0.0,0,30.08,"Sunnyside NE, Sunnyside, Yakima County",310139,Sunnyside NE,2017-12-05 23:49:28.591540
2016-05-16,21:15,61.1,61.2,48.5,63.1,0.0,NE@4.7,7.4,71.1,69.4,10.6,0.0,0,30.09,"Sunnyside NE, Sunnyside, Yakima County",310139,Sunnyside NE,2017-12-05 23:49:28.591540
2016-05-16,21:30,60.6,60.7,48.6,64.4,0.0,NE@4.3,6.4,70.4,69.4,10.6,0.0,0,30.09,"Sunnyside NE, Sunnyside, Yakima County",310139,Sunnyside NE,2017-12-05 23:49:28.591540
2016-05-16,21:45,59.9,60.0,48.9,66.9,0.0,NE@2.5,4.9,69.8,69.4,10.6,0.0,0,30.09,"Sunnyside NE, Sunnyside, Yakima County",310139,Sunnyside NE,2017-12-05 23:49:28.591540
2016-05-16,22:00,57.2,57.2,49.3,74.9,0.0,N@2.0,3.9,69.2,69.4,10.6,0.0,0,30.1,"Sunnyside NE, Sunnyside, Yakima County",310139,Sunnyside NE,2017-12-05 23:49:28.591540
2016-05-16,22:15,54.8,54.8,49.7,82.7,0.0,N@1.9,4.2,68.6,69.4,10.6,0.0,0,30.1,"Sunnyside NE, Sunnyside, Yakima County",310139,Sunnyside NE,2017-12-05 23:49:28.591540
2016-05-16,22:30,53.9,53.9,49.4,84.9,0.0,N@3.0,4.2,68.1,69.4,10.6,0.0,0,30.1,"Sunnyside NE, Sunnyside, Yakima County",310139,Sunnyside NE,2017-12-05 23:49:28.591540
2016-05-16,22:45,53.2,53.2,49.1,86.0,0.02,N@2.5,3.1,67.5,69.3,10.6,0.0,0,30.1,"Sunnyside NE, Sunnyside, Yakima County",310139,Sunnyside NE,2017-12-05 23:49:28.591540
2016-05-16,23:00,51.7,51.8,48.7,89.2,0.08,NE@1.8,3.5,67.0,69.3,10.6,0.0,0,30.1,"Sunnyside NE, Sunnyside, Yakima County",310139,Sunnyside NE,2017-12-05 23:49:28.591540
2016-05-17,23:15,51.4,51.6,48.5,89.6,0.13,N@3.1,3.9,66.5,69.3,10.6,0.0,0,30.11,"Sunnyside NE, Sunnyside, Yakima County",310139,Sunnyside NE,2017-12-05 23:49:28.591540
2016-05-17,23:30,52.9,53.1,48.6,85.2,0.14,NE@2.9,4.6,65.9,69.2,10.6,0.0,0,30.11,"Sunnyside NE, Sunnyside, Yakima County",310139,Sunnyside NE,2017-12-05 23:49:28.591540
2016-05-17,23:45,53.1,53.3,48.2,83.5,0.1,NE@3.5,4.9,65.5,69.1,10.6,0.0,0,30.11,"Sunnyside NE, Sunnyside, Yakima County",310139,Sunnyside NE,2017-12-05 23:49:28.591540
2016-05-17,24:00,54.2,54.3,48.3,80.4,0.02,NE@3.0,4.6,65.0,69.1,10.6,0.0,0,30.11,"Sunnyside NE, Sunnyside, Yakima County",310139,Sunnyside NE,2017-12-05 23:49:28.591540
2016-05-17,00:15,54.0,54.1,48.1,80.3,0.0,NE@3.0,4.6,64.6,69.0,10.6,0.0,0,30.12,"Sunnyside NE, Sunnyside, Yakima County",310139,Sunnyside NE,2017-12-05 23:49:28.591540
2016-05-17,00:30,53.3,53.4,47.8,81.4,0.0,NE@2.2,3.5,64.2,68.9,10.6,0.0,0,30.12,"Sunnyside NE, Sunnyside, Yakima County",310139,Sunnyside NE,2017-12-05 23:49:28.591540
2016-05-17,00:45,52.2,52.3,47.5,83.7,0.0,NE@3.4,4.6,63.8,68.9,10.6,0.0,0,30.12,"Sunnyside NE, Sunnyside, Yakima County",310139,Sunnyside NE,2017-12-05 23:49:28.591540
2016-05-17,01:00,52.2,52.3,47.4,83.5,0.03,NE@2.7,3.9,63.4,68.8,10.6,0.0,0,30.12,"Sunnyside NE, Sunnyside, Yakima County",310139,Sunnyside NE,2017-12-05 23:49:28.591540
2016-05-17,01:15,50.6,50.6,46.8,86.9,0.09,N@3.4,4.2,63.0,68.7,10.6,0.0,0,30.13,"Sunnyside NE, Sunnyside, Yakima County",310139,Sunnyside NE,2017-12-05 23:49:28.591540
2016-05-17,01:30,49.5,49.6,46.4,89.0,0.13,N@3.9,4.6,62.7,68.6,10.6,0.0,0,30.13,"Sunnyside NE, Sunnyside, Yakima County",310139,Sunnyside NE,2017-12-05 23:49:28.591540
2016-05-17,01:45,50.2,50.4,46.9,88.2,0.15,NE@3.7,4.6,62.3,68.5,10.6,0.0,0,30.13,"Sunnyside NE, Sunnyside, Yakima County",310139,Sunnyside NE,2017-12-05 23:49:28.591540
2016-05-17,02:00,50.2,50.3,46.8,88.1,0.16,N@3.6,4.6,61.9,68.5,10.6,0.0,0,30.14,"Sunnyside NE, Sunnyside, Yakima County",310139,Sunnyside NE,2017-12-05 23:49:28.591540
2016-05-17,02:15,51.3,51.6,47.0,85.2,0.16,NE@3.1,4.2,61.6,68.4,10.6,0.0,0,30.14,"Sunnyside NE, Sunnyside, Yakima County",310139,Sunnyside NE,2017-12-05 23:49:28.591540
2016-05-17,02:30,51.0,51.1,46.8,85.2,0.15,NE@2.7,3.5,61.3,68.3,10.6,0.0,0,30.14,"Sunnyside NE, Sunnyside, Yakima County",310139,Sunnyside NE,2017-12-05 23:49:28.591540
2016-05-17,02:45,51.5,51.5,46.7,83.5,0.15,NE@2.8,4.2,60.9,68.2,10.6,0.0,0,30.14,"Sunnyside NE, Sunnyside, Yakima County",310139,Sunnyside NE,2017-12-05 23:49:28.591540
2016-05-17,03:00,49.5,49.6,46.1,87.9,0.16,N@3.5,4.2,60.6,68.1,10.6,0.0,0,30.14,"Sunnyside NE, Sunnyside, Yakima County",310139,Sunnyside NE,2017-12-05 23:49:28.591540
2016-05-17,03:15,49.8,50.0,46.2,87.2,0.18,NE@3.8,5.3,60.4,68.0,10.5,0.0,0,30.15,"Sunnyside NE, Sunnyside, Yakima County",310139,Sunnyside NE,2017-12-05 23:49:28.591540
2016-05-17,03:30,48.8,48.9,45.5,88.3,0.21,NE@2.0,3.9,60.1,67.9,10.5,0.0,0,30.15,"Sunnyside NE, Sunnyside, Yakima County",310139,Sunnyside NE,2017-12-05 23:49:28.591540
2016-05-17,03:45,47.2,47.3,44.9,91.3,0.27,N@2.4,3.9,59.8,67.8,10.5,0.0,0,30.15,"Sunnyside NE, Sunnyside, Yakima County",310139,Sunnyside NE,2017-12-05 23:49:28.591540
2016-05-17,04:00,46.7,46.7,44.2,90.8,0.32,N@3.1,3.9,59.5,67.7,10.5,0.0,0,30.16,"Sunnyside NE, Sunnyside, Yakima County",310139,Sunnyside NE,2017-12-05 23:49:28.591540
2016-05-17,04:15,46.4,46.5,44.2,91.9,0.36,NE@3.2,4.2,59.2,67.6,10.5,0.0,1,30.15,"Sunnyside NE, Sunnyside, Yakima County",310139,Sunnyside NE,2017-12-05 23:49:28.591540
2016-05-17,04:30,47.1,47.4,44.5,90.7,0.4,NE@3.6,4.6,58.9,67.5,10.5,0.0,4,30.16,"Sunnyside NE, Sunnyside, Yakima County",310139,Sunnyside NE,2017-12-05 23:49:28.591540
2016-05-17,04:45,48.3,48.5,44.7,87.4,0.39,NE@3.6,4.9,58.7,67.4,10.5,0.0,12,30.16,"Sunnyside NE, Sunnyside, Yakima County",310139,Sunnyside NE,2017-12-05 23:49:28.591540
2016-05-17,05:00,51.0,51.1,45.3,81.0,0.26,NE@3.5,5.3,58.4,67.3,10.5,0.0,36,30.17,"Sunnyside NE, Sunnyside, Yakima County",310139,Sunnyside NE,2017-12-05 23:49:28.591540
2016-05-17,05:15,53.0,53.0,45.5,75.5,0.06,E@2.3,3.9,58.2,67.2,10.5,0.0,71,30.17,"Sunnyside NE, Sunnyside, Yakima County",310139,Sunnyside NE,2017-12-05 23:49:28.591540
2016-05-17,05:30,53.6,53.5,45.7,74.4,0.0,NE@2.9,5.7,58.1,67.1,10.5,0.0,102,30.17,"Sunnyside NE, Sunnyside, Yakima County",310139,Sunnyside NE,2017-12-05 23:49:28.591540
2016-05-17,05:45,54.6,54.4,46.2,73.0,0.0,E@2.8,4.9,58.1,67.0,10.5,0.0,137,30.17,"Sunnyside NE, Sunnyside, Yakima County",310139,Sunnyside NE,2017-12-05 23:49:28.591540
2016-05-17,06:00,55.5,55.5,46.4,71.3,0.0,E@3.3,5.7,58.1,66.8,10.5,0.0,176,30.18,"Sunnyside NE, Sunnyside, Yakima County",310139,Sunnyside NE,2017-12-05 23:49:28.591540
2016-05-17,06:15,55.9,56.1,46.0,69.3,0.0,SE@3.7,6.0,58.2,66.7,10.5,0.0,214,30.18,"Sunnyside NE, Sunnyside, Yakima County",310139,Sunnyside NE,2017-12-05 23:49:28.591540
2016-05-17,06:30,56.5,56.5,45.9,67.6,0.0,SE@4.2,6.4,58.4,66.6,10.5,0.0,253,30.18,"Sunnyside NE, Sunnyside, Yakima County",310139,Sunnyside NE,2017-12-05 23:49:28.591540
2016-05-17,06:45,57.2,57.0,46.3,66.9,0.0,SE@4.1,7.4,58.7,66.5,10.5,0.0,288,30.19,"Sunnyside NE, Sunnyside, Yakima County",310139,Sunnyside NE,2017-12-05 23:49:28.591540
2016-05-17,07:00,58.0,57.8,46.4,65.2,0.0,SE@4.4,6.4,59.1,66.4,10.5,0.0,324,30.19,"Sunnyside NE, Sunnyside, Yakima County",310139,Sunnyside NE,2017-12-05 23:49:28.591540
2016-05-17,07:15,59.5,59.2,47.0,63.2,0.0,SE@4.0,6.4,59.7,66.3,10.5,0.0,382,30.19,"Sunnyside NE, Sunnyside, Yakima County",310139,Sunnyside NE,2017-12-05 23:49:28.591540
2016-05-17,07:30,59.6,59.2,47.1,63.2,0.0,SE@4.9,7.4,60.4,66.2,10.5,0.0,429,30.19,"Sunnyside NE, Sunnyside, Yakima County",310139,Sunnyside NE,2017-12-05 23:49:28.591540
2016-05-17,07:45,60.2,59.8,47.8,63.5,0.0,SE@4.9,7.8,61.2,66.1,10.5,0.0,468,30.19,"Sunnyside NE, Sunnyside, Yakima County",310139,Sunnyside NE,2017-12-05 23:49:28.591540
2016-05-17,08:00,60.8,60.3,47.8,62.2,0.0,S@4.7,7.4,62.1,66.0,10.5,0.0,509,30.2,"Sunnyside NE, Sunnyside, Yakima County",310139,Sunnyside NE,2017-12-05 23:49:28.591540
2016-05-17,08:15,61.3,60.8,47.4,60.2,0.0,S@5.1,8.2,63.2,66.0,10.5,0.0,548,30.2,"Sunnyside NE, Sunnyside, Yakima County",310139,Sunnyside NE,2017-12-05 23:49:28.591540
2016-05-17,08:30,62.2,61.8,47.8,59.1,0.0,SE@4.6,8.5,64.4,65.9,10.5,0.0,585,30.2,"Sunnyside NE, Sunnyside, Yakima County",310139,Sunnyside NE,2017-12-05 23:49:28.591540
2016-05-17,08:45,63.3,62.8,47.5,56.3,0.0,S@4.4,7.4,65.6,65.8,10.5,0.0,623,30.2,"Sunnyside NE, Sunnyside, Yakima County",310139,Sunnyside NE,2017-12-05 23:49:28.591540
2016-05-17,09:00,63.6,63.2,46.7,54.1,0.0,S@4.9,7.4,67.0,65.8,10.5,0.0,656,30.2,"Sunnyside NE, Sunnyside, Yakima County",310139,Sunnyside NE,2017-12-05 23:49:28.591540
2016-05-17,09:15,64.2,63.9,47.0,53.5,0.0,S@4.5,8.2,68.4,65.7,10.5,0.0,689,30.2,"Sunnyside NE, Sunnyside, Yakima County",310139,Sunnyside NE,2017-12-05 23:49:28.591540
2016-05-17,09:30,65.6,65.3,47.3,51.4,0.0,S@4.5,8.5,69.7,65.7,10.5,0.0,720,30.2,"Sunnyside NE, Sunnyside, Yakima County",310139,Sunnyside NE,2017-12-05 23:49:28.591540
2016-05-17,09:45,66.0,65.6,46.6,49.5,0.0,S@4.7,8.9,70.9,65.7,10.5,0.0,749,30.2,"Sunnyside NE, Sunnyside, Yakima County",310139,Sunnyside NE,2017-12-05 23:49:28.591540
2016-05-17,10:00,67.4,66.9,46.1,46.3,0.0,S@4.2,7.1,72.3,65.6,10.5,0.0,776,30.2,"Sunnyside NE, Sunnyside, Yakima County",310139,Sunnyside NE,2017-12-05 23:49:28.591540
2016-05-17,10:15,67.9,67.5,45.2,44.0,0.0,S@4.5,7.8,73.6,65.6,10.5,0.0,799,30.2,"Sunnyside NE, Sunnyside, Yakima County",310139,Sunnyside NE,2017-12-05 23:49:28.591540
2016-05-17,10:30,68.6,68.3,44.4,41.5,0.0,S@4.1,6.7,74.2,65.7,10.5,0.0,815,30.2,"Sunnyside NE, Sunnyside, Yakima County",310139,Sunnyside NE,2017-12-05 23:49:28.591540
2016-05-17,10:45,69.7,69.5,44.2,39.8,0.0,SE@4.0,7.1,74.6,65.7,10.5,0.0,837,30.2,"Sunnyside NE, Sunnyside, Yakima County",310139,Sunnyside NE,2017-12-05 23:49:28.591540
2016-05-17,11:00,70.1,69.7,45.3,41.0,0.0,SE@4.1,8.9,75.5,65.7,10.5,0.0,847,30.19,"Sunnyside NE, Sunnyside, Yakima County",310139,Sunnyside NE,2017-12-05 23:49:28.591540
2016-05-17,11:15,71.5,71.1,46.5,40.9,0.0,S@4.0,6.4,77.0,65.8,10.5,0.0,859,30.19,"Sunnyside NE, Sunnyside, Yakima County",310139,Sunnyside NE,2017-12-05 23:49:28.591540
2016-05-17,11:30,71.6,71.4,46.0,39.9,0.0,S@3.9,7.4,78.6,65.8,10.5,0.0,871,30.18,"Sunnyside NE, Sunnyside, Yakima County",310139,Sunnyside NE,2017-12-05 23:49:28.591540
2016-05-17,11:45,72.2,71.9,45.3,38.1,0.0,S@4.6,8.5,80.1,65.9,10.5,0.0,880,30.18,"Sunnyside NE, Sunnyside, Yakima County",310139,Sunnyside NE,2017-12-05 23:49:28.591540
2016-05-17,12:00,73.6,73.4,43.8,34.3,0.0,S@4.3,8.5,81.6,66.0,10.5,0.0,884,30.17,"Sunnyside NE, Sunnyside, Yakima County",310139,Sunnyside NE,2017-12-05 23:49:28.591540
2016-05-17,12:15,73.8,73.6,43.9,34.2,0.0,S@3.6,6.7,83.1,66.1,10.5,0.0,873,30.17,"Sunnyside NE, Sunnyside, Yakima County",310139,Sunnyside NE,2017-12-05 23:49:28.591540
2016-05-17,12:30,74.4,74.1,43.0,32.4,0.0,SW@4.5,8.2,84.4,66.2,10.6,0.0,875,30.17,"Sunnyside NE, Sunnyside, Yakima County",310139,Sunnyside NE,2017-12-05 23:49:28.591540
2016-05-17,12:45,75.2,75.0,44.6,33.6,0.0,S@3.8,7.8,85.6,66.3,10.6,0.0,878,30.16,"Sunnyside NE, Sunnyside, Yakima County",310139,Sunnyside NE,2017-12-05 23:49:28.591540
2016-05-17,13:00,76.0,75.6,45.5,33.8,0.0,NW@4.1,6.0,86.8,66.5,10.6,0.0,874,30.16,"Sunnyside NE, Sunnyside, Yakima County",310139,Sunnyside NE,2017-12-05 23:49:28.591540
2016-05-17,13:15,76.2,76.0,45.7,33.8,0.0,S@3.6,7.8,87.8,66.6,10.6,0.0,861,30.15,"Sunnyside NE, Sunnyside, Yakima County",310139,Sunnyside NE,2017-12-05 23:49:28.591540
2016-05-17,13:30,76.7,76.5,44.6,31.9,0.0,SW@4.1,6.7,88.8,66.8,10.6,0.0,849,30.15,"Sunnyside NE, Sunnyside, Yakima County",310139,Sunnyside NE,2017-12-05 23:49:28.591540
2016-05-17,13:45,78.1,78.0,43.9,29.7,0.0,SW@2.9,6.4,89.6,66.9,10.6,0.0,822,30.14,"Sunnyside NE, Sunnyside, Yakima County",310139,Sunnyside NE,2017-12-05 23:49:28.591540
2016-05-17,14:00,78.3,78.1,42.6,28.0,0.0,SW@4.9,9.6,90.4,67.1,10.7,0.0,758,30.14,"Sunnyside NE, Sunnyside, Yakima County",310139,Sunnyside NE,2017-12-05 23:49:28.591540
2016-05-17,14:15,78.6,78.3,41.9,27.0,0.0,SW@4.3,9.2,90.9,67.3,10.7,0.0,766,30.13,"Sunnyside NE, Sunnyside, Yakima County",310139,Sunnyside NE,2017-12-05 23:49:28.591540
2016-05-17,14:30,77.9,77.6,42.9,28.8,0.0,S@4.4,8.9,91.3,67.5,10.7,0.0,676,30.12,"Sunnyside NE, Sunnyside, Yakima County",310139,Sunnyside NE,2017-12-05 23:49:28.591540
2016-05-17,14:45,77.7,77.4,42.6,28.6,0.0,S@4.2,7.8,91.4,67.7,10.6,0.0,599,30.11,"Sunnyside NE, Sunnyside, Yakima County",310139,Sunnyside NE,2017-12-05 23:49:28.591540
2016-05-17,15:00,78.0,77.7,42.8,28.6,0.0,SE@4.0,8.2,91.3,67.9,10.7,0.0,489,30.11,"Sunnyside NE, Sunnyside, Yakima County",310139,Sunnyside NE,2017-12-05 23:49:28.591540
2016-05-17,15:15,77.7,77.4,43.0,29.0,0.0,S@4.2,7.4,91.0,68.1,10.7,0.0,475,30.1,"Sunnyside NE, Sunnyside, Yakima County",310139,Sunnyside NE,2017-12-05 23:49:28.591540
2016-05-17,15:30,78.8,78.6,43.3,28.3,0.0,SE@3.5,6.4,90.4,68.3,10.7,0.0,583,30.1,"Sunnyside NE, Sunnyside, Yakima County",310139,Sunnyside NE,2017-12-05 23:49:28.591540
2016-05-17,15:45,79.4,79.2,42.7,27.1,0.0,E@2.8,7.1,90.0,68.5,10.7,0.0,604,30.09,"Sunnyside NE, Sunnyside, Yakima County",310139,Sunnyside NE,2017-12-05 23:49:28.591540
2016-05-17,16:00,79.5,79.2,43.2,27.6,0.0,S@4.1,7.8,89.8,68.8,10.7,0.0,542,30.09,"Sunnyside NE, Sunnyside, Yakima County",310139,Sunnyside NE,2017-12-05 23:49:28.591540
2016-05-17,16:15,79.4,79.1,42.6,27.1,0.0,S@3.4,6.4,89.6,69.0,10.7,0.0,516,30.08,"Sunnyside NE, Sunnyside, Yakima County",310139,Sunnyside NE,2017-12-05 23:49:28.591540
2016-05-17,16:30,79.9,79.6,43.9,28.0,0.0,SE@3.8,6.7,89.3,69.2,10.7,0.0,504,30.08,"Sunnyside NE, Sunnyside, Yakima County",310139,Sunnyside NE,2017-12-05 23:49:28.591540
2016-05-17,16:45,79.4,79.0,43.4,28.0,0.0,S@3.8,7.4,89.0,69.4,10.8,0.0,432,30.08,"Sunnyside NE, Sunnyside, Yakima County",310139,Sunnyside NE,2017-12-05 23:49:28.591540
2016-05-17,17:00,79.4,79.1,44.2,28.8,0.0,S@4.4,8.2,88.6,69.6,10.7,0.0,383,30.08,"Sunnyside NE, Sunnyside, Yakima County",310139,Sunnyside NE,2017-12-05 23:49:28.591540
2016-05-17,17:15,79.4,79.1,44.8,29.4,0.0,S@3.9,6.0,88.0,69.8,10.7,0.0,345,30.07,"Sunnyside NE, Sunnyside, Yakima County",310139,Sunnyside NE,2017-12-05 23:49:28.591540
2016-05-17,17:30,79.4,79.1,45.1,29.8,0.0,S@3.5,6.4,87.3,70.0,10.7,0.0,298,30.07,"Sunnyside NE, Sunnyside, Yakima County",310139,Sunnyside NE,2017-12-05 23:49:28.591540
2016-05-17,17:45,79.1,78.9,44.8,29.7,0.0,S@3.4,6.4,86.6,70.2,10.7,0.0,248,30.07,"Sunnyside NE, Sunnyside, Yakima County",310139,Sunnyside NE,2017-12-05 23:49:28.591540
2016-05-17,18:00,78.5,78.2,46.0,31.7,0.0,SE@3.4,5.3,85.8,70.4,10.7,0.0,196,30.06,"Sunnyside NE, Sunnyside, Yakima County",310139,Sunnyside NE,2017-12-05 23:49:28.591540
2016-05-17,18:15,77.8,77.6,47.3,34.0,0.0,SE@3.3,6.7,85.0,70.5,10.7,0.0,171,30.06,"Sunnyside NE, Sunnyside, Yakima County",310139,Sunnyside NE,2017-12-05 23:49:28.591540
2016-05-17,18:30,76.8,76.6,47.8,35.9,0.0,SE@2.7,4.9,84.2,70.7,10.7,0.0,123,30.06,"Sunnyside NE, Sunnyside, Yakima County",310139,Sunnyside NE,2017-12-05 23:49:28.591540
2016-05-17,18:45,74.6,74.5,48.0,39.0,0.0,E@2.3,3.9,83.3,70.8,10.8,0.0,51,30.06,"Sunnyside NE, Sunnyside, Yakima County",310139,Sunnyside NE,2017-12-05 23:49:28.591540
2016-05-17,19:00,73.0,72.9,48.0,41.1,0.0,NE@1.6,2.8,82.5,70.9,10.8,0.0,35,30.06,"Sunnyside NE, Sunnyside, Yakima County",310139,Sunnyside NE,2017-12-05 23:49:28.591540
2016-05-17,19:15,71.4,71.3,47.6,42.8,0.0,NE@2.3,4.2,81.7,71.1,10.8,0.0,17,30.06,"Sunnyside NE, Sunnyside, Yakima County",310139,Sunnyside NE,2017-12-05 23:49:28.591540
2016-05-17,19:30,69.4,69.3,47.3,45.2,0.0,NE@2.1,3.9,80.8,71.2,10.8,0.0,6,30.06,"Sunnyside NE, Sunnyside, Yakima County",310139,Sunnyside NE,2017-12-05 23:49:28.591540
2016-05-17,19:45,68.8,68.9,45.9,43.8,0.0,NE@3.9,6.0,80.0,71.3,10.8,0.0,2,30.06,"Sunnyside NE, Sunnyside, Yakima County",310139,Sunnyside NE,2017-12-05 23:49:28.591540
2016-05-17,20:00,69.3,69.4,45.0,41.6,0.0,NE@3.4,5.7,79.1,71.4,10.8,0.0,0,30.06,"Sunnyside NE, Sunnyside, Yakima County",310139,Sunnyside NE,2017-12-05 23:49:28.591540
2016-05-17,20:15,68.9,68.9,45.1,42.3,0.0,NE@3.6,5.3,78.3,71.4,10.8,0.0,0,30.06,"Sunnyside NE, Sunnyside, Yakima County",310139,Sunnyside NE,2017-12-05 23:49:28.591540
2016-05-17,20:30,68.2,68.3,45.0,43.1,0.0,NE@4.8,6.4,77.6,71.5,10.8,0.0,0,30.06,"Sunnyside NE, Sunnyside, Yakima County",310139,Sunnyside NE,2017-12-05 23:49:28.591540
2016-05-17,20:45,67.5,67.5,45.4,45.0,0.0,N@4.3,6.0,76.8,71.6,10.8,0.0,0,30.06,"Sunnyside NE, Sunnyside, Yakima County",310139,Sunnyside NE,2017-12-05 23:49:28.591540
2016-05-17,21:00,67.7,67.8,45.1,44.1,0.0,NE@4.0,5.7,76.2,71.6,10.8,0.0,0,30.05,"Sunnyside NE, Sunnyside, Yakima County",310139,Sunnyside NE,2017-12-05 23:49:28.591540
2016-05-17,21:15,67.8,67.8,44.6,43.1,0.0,NE@4.2,5.3,75.6,71.6,10.8,0.0,0,30.05,"Sunnyside NE, Sunnyside, Yakima County",310139,Sunnyside NE,2017-12-05 23:49:28.591540
2016-05-17,21:30,67.2,67.2,44.4,43.8,0.0,NE@4.1,6.0,75.0,71.6,10.8,0.0,0,30.05,"Sunnyside NE, Sunnyside, Yakima County",310139,Sunnyside NE,2017-12-05 23:49:28.591540
2016-05-17,21:45,66.2,66.3,44.4,45.2,0.0,NE@3.9,5.7,74.5,71.6,10.7,0.0,0,30.05,"Sunnyside NE, Sunnyside, Yakima County",310139,Sunnyside NE,2017-12-05 23:49:28.591540
2016-05-17,22:00,65.8,65.9,44.4,45.8,0.0,NE@3.8,5.3,73.9,71.6,10.7,0.0,0,30.04,"Sunnyside NE, Sunnyside, Yakima County",310139,Sunnyside NE,2017-12-05 23:49:28.591540
2016-05-17,22:15,64.5,64.6,44.4,48.0,0.0,NE@3.9,5.3,73.4,71.6,10.7,0.0,0,30.04,"Sunnyside NE, Sunnyside, Yakima County",310139,Sunnyside NE,2017-12-05 23:49:28.591540
2016-05-17,22:30,63.3,63.4,45.0,51.1,0.0,NE@2.3,3.9,72.9,71.6,10.7,0.0,0,30.04,"Sunnyside NE, Sunnyside, Yakima County",310139,Sunnyside NE,2017-12-05 23:49:28.591540
2016-05-17,22:45,60.3,60.4,46.6,60.4,0.0,NE@2.1,3.5,72.4,71.5,10.7,0.0,0,30.04,"Sunnyside NE, Sunnyside, Yakima County",310139,Sunnyside NE,2017-12-05 23:49:28.591540
2016-05-17,23:00,60.3,60.4,45.8,58.7,0.0,NE@3.2,3.9,71.9,71.5,10.7,0.0,0,30.04,"Sunnyside NE, Sunnyside, Yakima County",310139,Sunnyside NE,2017-12-05 23:49:28.591540
2016-05-18,23:15,59.7,59.7,45.6,59.5,0.0,N@3.3,4.6,71.3,71.5,10.7,0.0,0,30.04,"Sunnyside NE, Sunnyside, Yakima County",310139,Sunnyside NE,2017-12-05 23:49:28.591540
2016-05-18,23:30,58.3,58.5,44.8,60.7,0.0,N@4.0,4.9,70.8,71.4,10.7,0.0,0,30.04,"Sunnyside NE, Sunnyside, Yakima County",310139,Sunnyside NE,2017-12-05 23:49:28.591540
2016-05-18,23:45,58.0,58.2,44.6,60.9,0.0,NE@3.9,5.3,70.3,71.4,10.7,0.0,0,30.04,"Sunnyside NE, Sunnyside, Yakima County",310139,Sunnyside NE,2017-12-05 23:49:28.591540
2016-05-18,24:00,59.6,59.6,45.0,58.4,0.0,E@2.6,3.9,69.8,71.3,10.7,0.0,0,30.04,"Sunnyside NE, Sunnyside, Yakima County",310139,Sunnyside NE,2017-12-05 23:49:28.591540
2016-05-18,00:15,58.8,58.8,45.8,61.9,0.0,NE@2.2,4.2,69.3,71.2,10.7,0.0,0,30.03,"Sunnyside NE, Sunnyside, Yakima County",310139,Sunnyside NE,2017-12-05 23:49:28.591540
2016-05-18,00:30,58.9,59.0,45.9,61.9,0.0,NE@3.1,4.2,68.9,71.2,10.7,0.0,0,30.03,"Sunnyside NE, Sunnyside, Yakima County",310139,Sunnyside NE,2017-12-05 23:49:28.591540
2016-05-18,00:45,57.8,57.8,45.9,64.6,0.0,NE@3.2,4.6,68.5,71.1,10.7,0.0,0,30.03,"Sunnyside NE, Sunnyside, Yakima County",310139,Sunnyside NE,2017-12-05 23:49:28.591540
2016-05-18,01:00,55.4,55.4,45.1,68.2,0.0,N@4.5,5.7,68.1,71.0,10.7,0.0,0,30.03,"Sunnyside NE, Sunnyside, Yakima County",310139,Sunnyside NE,2017-12-05 23:49:28.591540
2016-05-18,01:15,54.5,54.7,44.7,69.3,0.0,N@5.2,6.7,67.7,71.0,10.7,0.0,0,30.03,"Sunnyside NE, Sunnyside, Yakima County",310139,Sunnyside NE,2017-12-05 23:49:28.591540
2016-05-18,01:30,54.8,54.9,44.6,68.3,0.0,N@5.6,6.4,67.3,70.9,10.7,0.0,0,30.03,"Sunnyside NE, Sunnyside, Yakima County",310139,Sunnyside NE,2017-12-05 23:49:28.591540
2016-05-18,01:45,54.8,54.9,44.6,68.3,0.0,N@5.8,7.1,66.8,70.8,10.7,0.0,0,30.03,"Sunnyside NE, Sunnyside, Yakima County",310139,Sunnyside NE,2017-12-05 23:49:28.591540
2016-05-18,02:00,56.0,56.2,44.3,64.6,0.0,NE@5.4,6.7,66.5,70.7,10.7,0.0,0,30.03,"Sunnyside NE, Sunnyside, Yakima County",310139,Sunnyside NE,2017-12-05 23:49:28.591540
2016-05-18,02:15,56.1,56.2,44.1,64.0,0.0,NE@5.9,7.1,66.1,70.6,10.7,0.0,0,30.02,"Sunnyside NE, Sunnyside, Yakima County",310139,Sunnyside NE,2017-12-05 23:49:28.591540
2016-05-18,02:30,56.1,56.2,44.0,63.7,0.0,NE@6.2,8.2,65.8,70.5,10.7,0.0,0,30.02,"Sunnyside NE, Sunnyside, Yakima County",310139,Sunnyside NE,2017-12-05 23:49:28.591540
2016-05-18,02:45,55.6,55.7,44.0,64.9,0.0,NE@5.4,7.4,65.5,70.4,10.7,0.0,0,30.02,"Sunnyside NE, Sunnyside, Yakima County",310139,Sunnyside NE,2017-12-05 23:49:28.591540
2016-05-18,03:00,54.2,54.3,45.1,71.2,0.0,N@1.8,3.9,65.2,70.4,10.7,0.0,0,30.02,"Sunnyside NE, Sunnyside, Yakima County",310139,Sunnyside NE,2017-12-05 23:49:28.591540
2016-05-18,03:15,52.3,52.4,45.5,77.4,0.0,NE@2.5,3.5,64.9,70.3,10.7,0.0,0,30.03,"Sunnyside NE, Sunnyside, Yakima County",310139,Sunnyside NE,2017-12-05 23:49:28.591540
2016-05-18,03:30,50.9,51.0,44.4,78.5,0.0,N@3.7,5.7,64.6,70.2,10.7,0.0,0,30.03,"Sunnyside NE, Sunnyside, Yakima County",310139,Sunnyside NE,2017-12-05 23:49:28.591540
2016-05-18,03:45,51.3,51.5,43.9,75.8,0.0,N@4.2,5.3,64.3,70.1,10.7,0.0,0,30.02,"Sunnyside NE, Sunnyside, Yakima County",310139,Sunnyside NE,2017-12-05 23:49:28.591540
2016-05-18,04:00,52.7,52.9,44.0,72.3,0.0,N@4.6,6.4,63.9,70.0,10.6,0.0,0,30.03,"Sunnyside NE, Sunnyside, Yakima County",310139,Sunnyside NE,2017-12-05 23:49:28.591540
2016-05-18,04:15,52.6,52.9,44.1,72.5,0.0,N@5.1,6.7,63.6,69.9,10.6,0.0,1,30.02,"Sunnyside NE, Sunnyside, Yakima County",310139,Sunnyside NE,2017-12-05 23:49:28.591540
2016-05-18,04:30,53.1,53.3,44.0,71.1,0.0,NE@5.3,7.1,63.3,69.8,10.6,0.0,5,30.02,"Sunnyside NE, Sunnyside, Yakima County",310139,Sunnyside NE,2017-12-05 23:49:28.591540
2016-05-18,04:45,52.9,53.0,44.2,72.1,0.0,NE@3.9,5.3,63.1,69.7,10.6,0.0,16,30.02,"Sunnyside NE, Sunnyside, Yakima County",310139,Sunnyside NE,2017-12-05 23:49:28.591540
2016-05-18,05:00,53.7,53.9,44.5,70.8,0.0,NE@4.2,5.3,62.8,69.6,10.6,0.0,36,30.02,"Sunnyside NE, Sunnyside, Yakima County",310139,Sunnyside NE,2017-12-05 23:49:28.591540
2016-05-18,05:15,56.3,56.2,44.7,64.9,0.0,NE@4.0,5.7,62.7,69.5,10.6,0.0,72,30.01,"Sunnyside NE, Sunnyside, Yakima County",310139,Sunnyside NE,2017-12-05 23:49:28.591540
2016-05-18,05:30,58.5,58.2,45.6,62.1,0.0,E@2.3,3.9,62.5,69.4,10.6,0.0,100,30.01,"Sunnyside NE, Sunnyside, Yakima County",310139,Sunnyside NE,2017-12-05 23:49:28.591540
2016-05-18,05:45,60.6,60.1,47.1,60.9,0.0,NE@1.5,2.4,62.4,69.3,10.6,0.0,129,30.01,"Sunnyside NE, Sunnyside, Yakima County",310139,Sunnyside NE,2017-12-05 23:49:28.591540
2016-05-18,06:00,62.2,62.0,47.6,58.7,0.0,NE@1.5,2.8,62.4,69.1,10.6,0.0,181,30.02,"Sunnyside NE, Sunnyside, Yakima County",310139,Sunnyside NE,2017-12-05 23:49:28.591540
2016-05-18,06:15,62.9,63.4,46.6,55.2,0.0,S@1.9,3.5,62.5,69.0,10.6,0.0,217,30.02,"Sunnyside NE, Sunnyside, Yakima County",310139,Sunnyside NE,2017-12-05 23:49:28.591540
2016-05-18,06:30,62.5,62.5,47.1,57.0,0.0,S@3.5,4.9,62.7,68.9,10.6,0.0,259,30.02,"Sunnyside NE, Sunnyside, Yakima County",310139,Sunnyside NE,2017-12-05 23:49:28.591540
2016-05-18,06:45,63.4,63.3,47.2,55.4,0.0,S@3.0,4.6,63.1,68.8,10.6,0.0,301,30.02,"Sunnyside NE, Sunnyside, Yakima County",310139,Sunnyside NE,2017-12-05 23:49:28.591540
2016-05-18,07:00,64.4,64.3,47.6,54.4,0.0,S@2.2,4.2,63.6,68.7,10.6,0.0,341,30.02,"Sunnyside NE, Sunnyside, Yakima County",310139,Sunnyside NE,2017-12-05 23:49:28.591540
2016-05-18,07:15,65.1,64.9,47.4,52.6,0.0,S@2.6,4.6,64.2,68.6,10.6,0.0,382,30.02,"Sunnyside NE, Sunnyside, Yakima County",310139,Sunnyside NE,2017-12-05 23:49:28.591540
2016-05-18,07:30,65.6,65.2,47.8,52.6,0.0,S@3.3,5.7,64.9,68.5,10.6,0.0,418,30.02,"Sunnyside NE, Sunnyside, Yakima County",310139,Sunnyside NE,2017-12-05 23:49:28.591540
2016-05-18,07:45,66.0,65.7,47.9,52.0,0.0,S@4.0,6.7,65.8,68.4,10.6,0.0,460,30.02,"Sunnyside NE, Sunnyside, Yakima County",310139,Sunnyside NE,2017-12-05 23:49:28.591540
2016-05-18,08:00,66.5,66.2,47.6,50.5,0.0,S@3.4,5.7,66.8,68.3,10.6,0.0,498,30.01,"Sunnyside NE, Sunnyside, Yakima County",310139,Sunnyside NE,2017-12-05 23:49:28.591540
2016-05-18,08:15,67.3,67.0,48.4,50.6,0.0,S@4.2,7.4,67.8,68.2,10.6,0.0,542,30.0,"Sunnyside NE, Sunnyside, Yakima County",310139,Sunnyside NE,2017-12-05 23:49:28.591540
2016-05-18,08:30,67.9,67.5,47.8,48.6,0.0,S@4.4,7.4,69.0,68.2,10.6,0.0,577,30.0,"Sunnyside NE, Sunnyside, Yakima County",310139,Sunnyside NE,2017-12-05 23:49:28.591540
2016-05-18,08:45,68.9,68.5,47.7,46.7,0.0,SW@4.5,6.7,70.1,68.1,10.6,0.0,616,30.0,"Sunnyside NE, Sunnyside, Yakima County",310139,Sunnyside NE,2017-12-05 23:49:28.591540
2016-05-18,09:00,69.9,69.6,47.5,44.8,0.0,S@3.5,6.0,71.4,68.0,10.6,0.0,655,30.0,"Sunnyside NE, Sunnyside, Yakima County",310139,Sunnyside NE,2017-12-05 23:49:28.591540
2016-05-18,09:15,70.8,70.4,48.0,44.4,0.0,SW@3.7,7.4,72.7,68.0,10.6,0.0,688,30.0,"Sunnyside NE, Sunnyside, Yakima County",310139,Sunnyside NE,2017-12-05 23:49:28.591540
2016-05-18,09:30,71.7,71.4,47.5,42.0,0.0,SW@3.6,7.1,74.0,68.0,10.6,0.0,724,30.0,"Sunnyside NE, Sunnyside, Yakima County",310139,Sunnyside NE,2017-12-05 23:49:28.591540
2016-05-18,09:45,72.5,72.1,48.5,42.5,0.0,S@3.5,6.7,75.2,67.9,10.6,0.0,716,29.99,"Sunnyside NE, Sunnyside, Yakima County",310139,Sunnyside NE,2017-12-05 23:49:28.591540
2016-05-18,10:00,73.7,73.3,48.7,41.2,0.0,S@4.0,6.7,76.5,67.9,10.6,0.0,770,29.98,"Sunnyside NE, Sunnyside, Yakima County",310139,Sunnyside NE,2017-12-05 23:49:28.591540
2016-05-18,10:15,75.1,74.7,49.0,39.8,0.0,SE@3.2,5.7,77.6,67.9,10.6,0.0,791,29.98,"Sunnyside NE, Sunnyside, Yakima County",310139,Sunnyside NE,2017-12-05 23:49:28.591540
2016-05-18,10:30,75.8,75.5,48.6,38.1,0.0,S@3.6,8.5,78.3,67.9,10.6,0.0,813,29.97,"Sunnyside NE, Sunnyside, Yakima County",310139,Sunnyside NE,2017-12-05 23:49:28.591540
2016-05-18,10:45,76.7,76.4,47.5,35.6,0.0,S@3.7,6.7,78.5,68.0,10.6,0.0,833,29.96,"Sunnyside NE, Sunnyside, Yakima County",310139,Sunnyside NE,2017-12-05 23:49:28.591540
2016-05-18,11:00,77.8,77.5,47.2,33.9,0.0,SW@3.7,6.7,79.2,68.0,10.6,0.0,847,29.96,"Sunnyside NE, Sunnyside, Yakima County",310139,Sunnyside NE,2017-12-05 23:49:28.591540
2016-05-18,11:15,78.1,77.8,47.3,33.7,0.0,SW@3.8,6.7,80.6,68.1,10.6,0.0,863,29.95,"Sunnyside NE, Sunnyside, Yakima County",310139,Sunnyside NE,2017-12-05 23:49:28.591540
2016-05-18,11:30,78.7,78.3,46.2,31.8,0.0,S@3.4,5.7,82.2,68.2,10.6,0.0,875,29.94,"Sunnyside NE, Sunnyside, Yakima County",310139,Sunnyside NE,2017-12-05 23:49:28.591540
2016-05-18,11:45,78.8,78.3,45.8,31.2,0.0,SE@3.8,8.9,83.8,68.2,10.6,0.0,886,29.93,"Sunnyside NE, Sunnyside, Yakima County",310139,Sunnyside NE,2017-12-05 23:49:28.591540
2016-05-18,12:00,79.2,78.8,45.5,30.5,0.0,S@4.2,8.5,85.3,68.3,10.6,0.0,879,29.92,"Sunnyside NE, Sunnyside, Yakima County",310139,Sunnyside NE,2017-12-05 23:49:28.591540
2016-05-18,12:15,79.5,79.2,46.0,30.6,0.0,S@5.5,10.3,86.7,68.4,10.7,0.0,882,29.92,"Sunnyside NE, Sunnyside, Yakima County",310139,Sunnyside NE,2017-12-05 23:49:28.591540
2016-05-18,12:30,80.2,80.0,45.8,29.7,0.0,SW@4.1,8.5,87.8,68.6,10.7,0.0,860,29.91,"Sunnyside NE, Sunnyside, Yakima County",310139,Sunnyside NE,2017-12-05 23:49:28.591540
2016-05-18,12:45,80.1,79.8,45.8,29.9,0.0,S@4.6,9.2,88.9,68.7,10.7,0.0,643,29.9,"Sunnyside NE, Sunnyside, Yakima County",310139,Sunnyside NE,2017-12-05 23:49:28.591540
2016-05-18,13:00,80.7,80.4,46.9,30.5,0.0,S@4.3,9.2,89.6,68.8,10.7,0.0,735,29.89,"Sunnyside NE, Sunnyside, Yakima County",310139,Sunnyside NE,2017-12-05 23:49:28.591540
2016-05-18,13:15,81.9,81.5,47.2,29.7,0.0,S@4.8,8.5,89.9,69.0,10.7,0.0,925,29.88,"Sunnyside NE, Sunnyside, Yakima County",310139,Sunnyside NE,2017-12-05 23:49:28.591540
2016-05-18,13:30,81.9,81.6,47.4,29.9,0.0,SE@4.0,7.8,90.4,69.1,10.7,0.0,785,29.87,"Sunnyside NE, Sunnyside, Yakima County",310139,Sunnyside NE,2017-12-05 23:49:28.591540
2016-05-18,13:45,81.6,81.3,47.0,29.8,0.0,SW@5.4,9.9,91.1,69.3,10.8,0.0,674,29.86,"Sunnyside NE, Sunnyside, Yakima County",310139,Sunnyside NE,2017-12-05 23:49:28.591540
2016-05-18,14:00,81.2,81.0,47.6,30.8,0.0,W@4.2,7.4,91.5,69.4,10.7,0.0,513,29.86,"Sunnyside NE, Sunnyside, Yakima County",310139,Sunnyside NE,2017-12-05 23:49:28.591540
2016-05-18,14:15,80.7,80.5,47.9,31.7,0.0,S@4.0,6.4,91.6,69.6,10.7,0.0,464,29.85,"Sunnyside NE, Sunnyside, Yakima County",310139,Sunnyside NE,2017-12-05 23:49:28.591540
2016-05-18,14:30,81.2,80.9,48.3,31.7,0.0,SE@3.5,6.4,91.4,69.8,10.7,0.0,516,29.84,"Sunnyside NE, Sunnyside, Yakima County",310139,Sunnyside NE,2017-12-05 23:49:28.591540
2016-05-18,14:45,81.2,81.0,48.4,31.8,0.0,S@4.5,8.2,91.0,70.0,10.8,0.0,525,29.84,"Sunnyside NE, Sunnyside, Yakima County",310139,Sunnyside NE,2017-12-05 23:49:28.591540
2016-05-18,15:00,80.6,80.2,48.1,32.1,0.0,S@4.0,7.1,90.8,70.2,10.8,0.0,380,29.83,"Sunnyside NE, Sunnyside, Yakima County",310139,Sunnyside NE,2017-12-05 23:49:28.591540
2016-05-18,15:15,80.4,80.2,49.2,33.6,0.0,W@3.7,6.4,90.5,70.4,10.8,0.0,315,29.83,"Sunnyside NE, Sunnyside, Yakima County",310139,Sunnyside NE,2017-12-05 23:49:28.591540
2016-05-18,15:30,78.6,78.5,48.9,35.2,0.0,W@7.8,15.0,90.0,70.6,10.8,0.0,237,29.82,"Sunnyside NE, Sunnyside, Yakima County",310139,Sunnyside NE,2017-12-05 23:49:28.591540
2016-05-18,15:45,76.2,76.1,47.3,36.0,0.0,NW@7.9,15.3,89.5,70.8,10.8,0.0,230,29.83,"Sunnyside NE, Sunnyside, Yakima County",310139,Sunnyside NE,2017-12-05 23:49:28.591540
2016-05-18,16:00,77.1,76.9,47.0,34.5,0.0,NW@8.0,15.7,88.7,71.0,10.8,0.0,390,29.84,"Sunnyside NE, Sunnyside, Yakima County",310139,Sunnyside NE,2017-12-05 23:49:28.591540
2016-05-18,16:15,76.0,75.9,45.8,34.2,0.0,NW@8.3,13.5,88.0,71.2,10.8,0.0,274,29.83,"Sunnyside NE, Sunnyside, Yakima County",310139,Sunnyside NE,2017-12-05 23:49:28.591540
2016-05-18,16:30,75.2,75.1,46.2,35.7,0.0,NW@6.6,13.2,87.3,71.4,10.8,0.0,205,29.83,"Sunnyside NE, Sunnyside, Yakima County",310139,Sunnyside NE,2017-12-05 23:49:28.591540
2016-05-18,16:45,74.5,74.5,45.8,35.9,0.0,NW@6.7,12.4,86.7,71.5,10.8,0.0,151,29.83,"Sunnyside NE, Sunnyside, Yakima County",310139,Sunnyside NE,2017-12-05 23:49:28.591540
2016-05-18,17:00,73.8,73.8,45.1,35.9,0.0,NW@6.6,11.0,85.9,71.7,10.8,0.0,126,29.83,"Sunnyside NE, Sunnyside, Yakima County",310139,Sunnyside NE,2017-12-05 23:49:28.591540
2016-05-18,17:15,72.8,72.7,43.7,35.2,0.0,NW@8.4,13.5,85.2,71.9,10.8,0.0,119,29.83,"Sunnyside NE, Sunnyside, Yakima County",310139,Sunnyside NE,2017-12-05 23:49:28.591540
2016-05-18,17:30,71.7,71.6,43.7,36.5,0.0,W@8.0,13.5,84.4,72.0,10.8,0.0,93,29.83,"Sunnyside NE, Sunnyside, Yakima County",310139,Sunnyside NE,2017-12-05 23:49:28.591540
2016-05-18,17:45,70.6,70.6,42.3,35.9,0.0,NW@6.9,12.8,83.6,72.1,10.8,0.0,82,29.82,"Sunnyside NE, Sunnyside, Yakima County",310139,Sunnyside NE,2017-12-05 23:49:28.591540
2016-05-18,18:00,69.8,69.8,42.2,36.8,0.0,W@6.6,12.8,82.8,72.3,10.8,0.0,65,29.81,"Sunnyside NE, Sunnyside, Yakima County",310139,Sunnyside NE,2017-12-05 23:49:28.591540
2016-05-18,18:15,69.0,69.0,43.0,38.9,0.0,W@3.7,6.4,82.0,72.4,10.8,0.0,47,29.81,"Sunnyside NE, Sunnyside, Yakima County",310139,Sunnyside NE,2017-12-05 23:49:28.591540
2016-05-18,18:30,68.2,68.2,43.3,40.5,0.0,W@3.0,6.4,81.3,72.5,10.8,0.0,35,29.81,"Sunnyside NE, Sunnyside, Yakima County",310139,Sunnyside NE,2017-12-05 23:49:28.591540
2016-05-18,18:45,67.7,67.7,42.0,39.2,0.0,W@4.4,8.2,80.5,72.5,10.8,0.0,27,29.8,"Sunnyside NE, Sunnyside, Yakima County",310139,Sunnyside NE,2017-12-05 23:49:28.591540
2016-05-18,19:00,67.1,67.2,41.5,39.2,0.0,W@4.9,11.0,79.8,72.6,10.8,0.0,18,29.79,"Sunnyside NE, Sunnyside, Yakima County",310139,Sunnyside NE,2017-12-05 23:49:28.591540
2016-05-18,19:15,66.6,66.7,41.2,39.4,0.0,W@4.9,9.2,79.1,72.7,10.8,0.0,19,29.8,"Sunnyside NE, Sunnyside, Yakima County",310139,Sunnyside NE,2017-12-05 23:49:28.591540
2016-05-18,19:30,65.8,65.8,42.0,42.0,0.0,W@4.5,8.9,78.4,72.7,10.8,0.0,6,29.8,"Sunnyside NE, Sunnyside, Yakima County",310139,Sunnyside NE,2017-12-05 23:49:28.591540
2016-05-18,19:45,65.4,65.5,41.1,40.9,0.0,W@6.8,13.9,77.7,72.7,10.8,0.0,2,29.81,"Sunnyside NE, Sunnyside, Yakima County",310139,Sunnyside NE,2017-12-05 23:49:28.591540
2016-05-18,20:00,65.3,65.4,37.1,35.2,0.0,W@6.6,11.0,77.0,72.8,10.8,0.0,0,29.81,"Sunnyside NE, Sunnyside, Yakima County",310139,Sunnyside NE,2017-12-05 23:49:28.591540
2016-05-18,20:15,64.7,64.8,36.7,35.4,0.0,W@5.1,9.6,76.4,72.8,10.8,0.0,0,29.81,"Sunnyside NE, Sunnyside, Yakima County",310139,Sunnyside NE,2017-12-05 23:49:28.591540
2016-05-18,20:30,64.6,64.7,37.3,36.4,0.0,W@6.5,11.4,75.8,72.8,10.8,0.0,0,29.82,"Sunnyside NE, Sunnyside, Yakima County",310139,Sunnyside NE,2017-12-05 23:49:28.591540
2016-05-18,20:45,64.1,64.2,38.9,39.2,0.0,SW@5.0,9.9,75.2,72.8,10.8,0.0,0,29.82,"Sunnyside NE, Sunnyside, Yakima County",310139,Sunnyside NE,2017-12-05 23:49:28.591540
2016-05-18,21:00,63.2,63.3,41.5,44.9,0.0,W@4.5,7.1,74.6,72.7,10.8,0.0,0,29.82,"Sunnyside NE, Sunnyside, Yakima County",310139,Sunnyside NE,2017-12-05 23:49:28.591540
2016-05-18,21:15,60.8,60.9,42.0,49.8,0.0,SW@3.7,6.0,74.1,72.7,10.8,0.0,0,29.82,"Sunnyside NE, Sunnyside, Yakima County",310139,Sunnyside NE,2017-12-05 23:49:28.591540
2016-05-18,21:30,60.6,60.7,41.2,48.6,0.0,W@4.0,6.0,73.6,72.7,10.8,0.0,0,29.82,"Sunnyside NE, Sunnyside, Yakima County",310139,Sunnyside NE,2017-12-05 23:49:28.591540
2016-05-18,21:45,59.1,59.2,41.6,52.1,0.0,W@2.3,4.2,73.0,72.7,10.8,0.0,0,29.82,"Sunnyside NE, Sunnyside, Yakima County",310139,Sunnyside NE,2017-12-05 23:49:28.591540
2016-05-18,22:00,58.7,58.7,40.5,50.7,0.0,W@2.7,5.3,72.5,72.6,10.8,0.0,0,29.83,"Sunnyside NE, Sunnyside, Yakima County",310139,Sunnyside NE,2017-12-05 23:49:28.591540
2016-05-18,22:15,58.5,58.6,40.6,51.2,0.0,W@4.5,7.4,71.9,72.6,10.8,0.0,0,29.83,"Sunnyside NE, Sunnyside, Yakima County",310139,Sunnyside NE,2017-12-05 23:49:28.591540
2016-05-18,22:30,57.9,58.0,40.1,51.3,0.0,W@5.3,7.1,71.3,72.5,10.8,0.0,0,29.82,"Sunnyside NE, Sunnyside, Yakima County",310139,Sunnyside NE,2017-12-05 23:49:28.591540
2016-05-18,22:45,56.3,56.4,39.9,54.0,0.0,W@3.0,4.6,70.7,72.5,10.8,0.0,0,29.82,"Sunnyside NE, Sunnyside, Yakima County",310139,Sunnyside NE,2017-12-05 23:49:28.591540
2016-05-18,23:00,55.0,55.1,39.9,56.6,0.0,N@2.1,3.1,70.2,72.4,10.8,0.0,0,29.82,"Sunnyside NE, Sunnyside, Yakima County",310139,Sunnyside NE,2017-12-05 23:49:28.591540
2016-05-19,23:15,53.5,53.3,39.6,59.0,0.0,N@2.6,3.9,69.6,72.4,10.8,0.0,0,29.82,"Sunnyside NE, Sunnyside, Yakima County",310139,Sunnyside NE,2017-12-05 23:49:28.591540
2016-05-19,23:30,54.6,54.6,39.6,56.8,0.0,NW@3.6,9.6,69.1,72.3,10.8,0.0,0,29.82,"Sunnyside NE, Sunnyside, Yakima County",310139,Sunnyside NE,2017-12-05 23:49:28.591540
2016-05-19,23:45,55.5,55.6,38.9,53.3,0.0,NW@3.4,6.7,68.5,72.2,10.8,0.0,0,29.82,"Sunnyside NE, Sunnyside, Yakima County",310139,Sunnyside NE,2017-12-05 23:49:28.591540
2016-05-19,24:00,55.1,55.2,37.1,50.6,0.0,W@3.7,6.4,68.0,72.1,10.7,0.0,0,29.82,"Sunnyside NE, Sunnyside, Yakima County",310139,Sunnyside NE,2017-12-05 23:49:28.591540
2016-05-19,00:15,54.5,54.6,36.6,50.7,0.0,NW@4.5,8.2,67.5,72.0,10.7,0.0,0,29.82,"Sunnyside NE, Sunnyside, Yakima County",310139,Sunnyside NE,2017-12-05 23:49:28.591540
2016-05-19,00:30,53.5,53.6,36.8,52.9,0.0,W@3.4,4.9,67.0,72.0,10.7,0.0,0,29.82,"Sunnyside NE, Sunnyside, Yakima County",310139,Sunnyside NE,2017-12-05 23:49:28.591540
2016-05-19,00:45,53.4,53.5,36.6,52.7,0.0,SW@6.6,10.7,66.6,71.9,10.7,0.0,0,29.83,"Sunnyside NE, Sunnyside, Yakima County",310139,Sunnyside NE,2017-12-05 23:49:28.591540
2016-05-19,01:00,52.7,52.8,36.9,54.9,0.0,W@4.5,9.2,66.2,71.8,10.7,0.0,0,29.83,"Sunnyside NE, Sunnyside, Yakima County",310139,Sunnyside NE,2017-12-05 23:49:28.591540
2016-05-19,01:15,51.0,51.1,37.1,58.7,0.0,W@3.7,7.8,65.7,71.7,10.7,0.0,0,29.83,"Sunnyside NE, Sunnyside, Yakima County",310139,Sunnyside NE,2017-12-05 23:49:28.591540
2016-05-19,01:30,51.4,51.5,36.9,57.5,0.0,W@6.8,10.3,65.3,71.6,10.7,0.0,0,29.83,"Sunnyside NE, Sunnyside, Yakima County",310139,Sunnyside NE,2017-12-05 23:49:28.591540
2016-05-19,01:45,50.9,51.0,37.0,58.7,0.0,W@6.2,11.0,64.9,71.5,10.7,0.0,0,29.83,"Sunnyside NE, Sunnyside, Yakima County",310139,Sunnyside NE,2017-12-05 23:49:28.591540
2016-05-19,02:00,50.0,50.1,36.8,60.3,0.0,W@4.4,7.8,64.6,71.4,10.7,0.0,0,29.83,"Sunnyside NE, Sunnyside, Yakima County",310139,Sunnyside NE,2017-12-05 23:49:28.591540
2016-05-19,02:15,49.8,49.9,36.3,59.4,0.0,W@4.0,7.4,64.2,71.3,10.7,0.0,0,29.84,"Sunnyside NE, Sunnyside, Yakima County",310139,Sunnyside NE,2017-12-05 23:49:28.591540
2016-05-19,02:30,48.8,48.9,36.2,61.5,0.0,W@2.6,4.9,63.8,71.2,10.7,0.0,0,29.84,"Sunnyside NE, Sunnyside, Yakima County",310139,Sunnyside NE,2017-12-05 23:49:28.591540
2016-05-19,02:45,44.8,44.7,36.4,72.2,0.0,N@3.4,5.3,63.5,71.1,10.7,0.0,0,29.84,"Sunnyside NE, Sunnyside, Yakima County",310139,Sunnyside NE,2017-12-05 23:49:28.591540
2016-05-19,03:00,43.1,43.2,35.2,73.3,0.0,N@3.6,4.9,63.1,70.9,10.6,0.0,0,29.84,"Sunnyside NE, Sunnyside, Yakima County",310139,Sunnyside NE,2017-12-05 23:49:28.591540
2016-05-19,03:15,46.0,46.0,35.5,66.5,0.0,W@2.3,3.5,62.7,70.8,10.6,0.0,0,29.84,"Sunnyside NE, Sunnyside, Yakima County",310139,Sunnyside NE,2017-12-05 23:49:28.591540
2016-05-19,03:30,45.0,45.0,36.1,70.8,0.0,NW@1.9,3.1,62.3,70.7,10.7,0.0,0,29.84,"Sunnyside NE, Sunnyside, Yakima County",310139,Sunnyside NE,2017-12-05 23:49:28.591540
2016-05-19,03:45,42.6,42.6,35.7,76.4,0.0,N@3.2,5.7,61.9,70.6,10.7,0.0,0,29.84,"Sunnyside NE, Sunnyside, Yakima County",310139,Sunnyside NE,2017-12-05 23:49:28.591540
2016-05-19,04:00,40.8,40.8,34.8,78.9,0.0,N@2.6,4.6,61.5,70.5,10.7,0.0,0,29.85,"Sunnyside NE, Sunnyside, Yakima County",310139,Sunnyside NE,2017-12-05 23:49:28.591540
2016-05-19,04:15,40.2,40.0,34.9,81.1,0.0,N@2.7,3.9,61.1,70.4,10.7,0.0,2,29.85,"Sunnyside NE, Sunnyside, Yakima County",310139,Sunnyside NE,2017-12-05 23:49:28.591540
2016-05-19,04:30,42.6,42.7,34.2,71.7,0.0,N@3.1,4.2,60.7,70.3,10.7,0.0,5,29.85,"Sunnyside NE, Sunnyside, Yakima County",310139,Sunnyside NE,2017-12-05 23:49:28.591540
2016-05-19,04:45,44.8,44.8,34.2,66.3,0.0,N@2.5,4.6,60.3,70.1,10.6,0.0,12,29.85,"Sunnyside NE, Sunnyside, Yakima County",310139,Sunnyside NE,2017-12-05 23:49:28.591540
2016-05-19,05:00,42.2,42.1,34.1,72.7,0.0,NE@2.9,4.9,60.0,70.0,10.6,0.0,45,29.85,"Sunnyside NE, Sunnyside, Yakima County",310139,Sunnyside NE,2017-12-05 23:49:28.591540
2016-05-19,05:15,43.0,42.6,34.8,72.7,0.0,NE@2.3,4.2,59.7,69.9,10.6,0.0,81,29.85,"Sunnyside NE, Sunnyside, Yakima County",310139,Sunnyside NE,2017-12-05 23:49:28.591540
2016-05-19,05:30,45.6,45.1,35.2,66.8,0.0,E@1.4,2.8,59.4,69.8,10.6,0.0,117,29.85,"Sunnyside NE, Sunnyside, Yakima County",310139,Sunnyside NE,2017-12-05 23:49:28.591540
2016-05-19,05:45,48.1,47.9,35.0,60.2,0.0,SE@2.0,4.2,59.2,69.6,10.6,0.0,154,29.85,"Sunnyside NE, Sunnyside, Yakima County",310139,Sunnyside NE,2017-12-05 23:49:28.591540
2016-05-19,06:00,49.0,49.1,35.1,58.6,0.0,SE@2.4,3.9,59.0,69.5,10.6,0.0,187,29.85,"Sunnyside NE, Sunnyside, Yakima County",310139,Sunnyside NE,2017-12-05 23:49:28.591540
2016-05-19,06:15,50.1,50.7,35.0,55.9,0.0,E@2.2,4.6,59.1,69.3,10.6,0.0,226,29.85,"Sunnyside NE, Sunnyside, Yakima County",310139,Sunnyside NE,2017-12-05 23:49:28.591540
2016-05-19,06:30,51.7,52.4,34.1,50.8,0.0,S@2.0,4.9,59.2,69.2,10.6,0.0,269,29.85,"Sunnyside NE, Sunnyside, Yakima County",310139,Sunnyside NE,2017-12-05 23:49:28.591540
2016-05-19,06:45,52.3,52.4,33.3,48.2,0.0,SW@4.2,8.5,59.5,69.1,10.6,0.0,307,29.85,"Sunnyside NE, Sunnyside, Yakima County",310139,Sunnyside NE,2017-12-05 23:49:28.591540
2016-05-19,07:00,53.2,53.1,34.2,48.2,0.0,SW@5.4,7.1,59.9,68.9,10.6,0.0,349,29.85,"Sunnyside NE, Sunnyside, Yakima County",310139,Sunnyside NE,2017-12-05 23:49:28.591540
2016-05-19,07:15,53.9,53.7,34.0,46.7,0.0,SW@6.0,9.2,60.5,68.8,10.6,0.0,395,29.85,"Sunnyside NE, Sunnyside, Yakima County",310139,Sunnyside NE,2017-12-05 23:49:28.591540
2016-05-19,07:30,55.3,55.0,32.3,41.4,0.0,SW@5.3,11.4,61.1,68.6,10.6,0.0,438,29.84,"Sunnyside NE, Sunnyside, Yakima County",310139,Sunnyside NE,2017-12-05 23:49:28.591540
2016-05-19,07:45,55.8,55.6,32.5,41.0,0.0,SW@7.4,12.1,62.0,68.5,10.6,0.0,477,29.84,"Sunnyside NE, Sunnyside, Yakima County",310139,Sunnyside NE,2017-12-05 23:49:28.591540
2016-05-19,08:00,56.2,56.0,33.1,41.4,0.0,SW@7.3,11.4,62.9,68.4,10.6,0.0,518,29.84,"Sunnyside NE, Sunnyside, Yakima County",310139,Sunnyside NE,2017-12-05 23:49:28.591540
2016-05-19,08:15,56.8,56.6,32.9,40.3,0.0,W@6.8,12.8,63.8,68.3,10.6,0.0,557,29.84,"Sunnyside NE, Sunnyside, Yakima County",310139,Sunnyside NE,2017-12-05 23:49:28.591540
2016-05-19,08:30,57.2,57.0,32.2,38.5,0.0,W@6.2,11.4,64.9,68.2,10.6,0.0,599,29.85,"Sunnyside NE, Sunnyside, Yakima County",310139,Sunnyside NE,2017-12-05 23:49:28.591540
2016-05-19,08:45,57.7,57.6,31.0,36.1,0.0,W@4.5,8.9,66.0,68.1,10.6,0.0,636,29.84,"Sunnyside NE, Sunnyside, Yakima County",310139,Sunnyside NE,2017-12-05 23:49:28.591540
2016-05-19,09:00,58.4,58.2,31.0,35.1,0.0,SW@4.7,9.2,67.3,68.0,10.6,0.0,673,29.84,"Sunnyside NE, Sunnyside, Yakima County",310139,Sunnyside NE,2017-12-05 23:49:28.591540
2016-05-19,09:15,58.8,58.5,30.9,34.6,0.0,SW@5.1,9.6,68.6,67.9,10.6,0.0,707,29.84,"Sunnyside NE, Sunnyside, Yakima County",310139,Sunnyside NE,2017-12-05 23:49:28.591540
2016-05-19,09:30,59.1,58.8,31.3,34.7,0.0,SW@7.8,12.8,69.8,67.9,10.6,0.0,735,29.84,"Sunnyside NE, Sunnyside, Yakima County",310139,Sunnyside NE,2017-12-05 23:49:28.591540
2016-05-19,09:45,60.1,59.9,32.1,34.6,0.0,SW@7.0,10.7,70.9,67.8,10.6,0.0,761,29.83,"Sunnyside NE, Sunnyside, Yakima County",310139,Sunnyside NE,2017-12-05 23:49:28.591540
2016-05-19,10:00,59.9,59.6,31.9,34.6,0.0,W@6.6,11.7,72.1,67.8,10.6,0.0,794,29.83,"Sunnyside NE, Sunnyside, Yakima County",310139,Sunnyside NE,2017-12-05 23:49:28.591540
2016-05-19,10:15,60.4,60.2,32.0,34.0,0.0,W@6.3,13.9,73.2,67.8,10.6,0.0,821,29.82,"Sunnyside NE, Sunnyside, Yakima County",310139,Sunnyside NE,2017-12-05 23:49:28.591540
2016-05-19,10:30,60.6,60.4,32.1,33.9,0.0,SW@7.5,13.2,73.8,67.8,10.6,0.0,862,29.82,"Sunnyside NE, Sunnyside, Yakima County",310139,Sunnyside NE,2017-12-05 23:49:28.591540
2016-05-19,10:45,61.9,61.6,32.1,32.5,0.0,SW@6.7,14.2,73.8,67.7,10.6,0.0,907,29.82,"Sunnyside NE, Sunnyside, Yakima County",310139,Sunnyside NE,2017-12-05 23:49:28.591540
2016-05-19,11:00,62.0,61.8,31.3,31.4,0.0,SW@6.8,14.2,74.2,67.8,10.6,0.0,882,29.81,"Sunnyside NE, Sunnyside, Yakima County",310139,Sunnyside NE,2017-12-05 23:49:28.591540
2016-05-19,11:15,62.8,62.6,30.9,29.9,0.0,W@8.7,14.2,75.5,67.8,10.6,0.0,908,29.81,"Sunnyside NE, Sunnyside, Yakima County",310139,Sunnyside NE,2017-12-05 23:49:28.591540
2016-05-19,11:30,62.8,62.6,30.9,29.9,0.0,W@6.8,15.3,76.9,67.8,10.6,0.0,937,29.8,"Sunnyside NE, Sunnyside, Yakima County",310139,Sunnyside NE,2017-12-05 23:49:28.591540
2016-05-19,11:45,63.5,63.3,31.2,29.6,0.0,SW@8.9,18.2,78.4,67.9,10.6,0.0,928,29.8,"Sunnyside NE, Sunnyside, Yakima County",310139,Sunnyside NE,2017-12-05 23:49:28.591540
2016-05-19,12:00,63.8,63.5,30.7,28.7,0.0,SW@8.1,15.0,79.8,67.9,10.6,0.0,965,29.8,"Sunnyside NE, Sunnyside, Yakima County",310139,Sunnyside NE,2017-12-05 23:49:28.591540
2016-05-19,12:15,64.1,63.7,30.6,28.3,0.0,SW@7.9,13.5,81.1,68.0,10.6,0.0,1009,29.8,"Sunnyside NE, Sunnyside, Yakima County",310139,Sunnyside NE,2017-12-05 23:49:28.591540
2016-05-19,12:30,64.2,64.0,30.4,27.9,0.0,W@6.5,11.4,82.3,68.0,10.6,0.0,787,29.8,"Sunnyside NE, Sunnyside, Yakima County",310139,Sunnyside NE,2017-12-05 23:49:28.591540
2016-05-19,12:45,65.1,64.7,30.8,27.5,0.0,SW@7.0,14.6,83.4,68.1,10.6,0.0,1006,29.79,"Sunnyside NE, Sunnyside, Yakima County",310139,Sunnyside NE,2017-12-05 23:49:28.591540
2016-05-19,13:00,64.9,64.6,31.4,28.4,0.0,SW@7.7,12.8,84.3,68.2,10.6,0.0,945,29.79,"Sunnyside NE, Sunnyside, Yakima County",310139,Sunnyside NE,2017-12-05 23:49:28.591540
2016-05-19,13:15,64.9,64.7,31.1,28.0,0.0,W@6.6,11.7,85.2,68.3,10.7,0.0,795,29.79,"Sunnyside NE, Sunnyside, Yakima County",310139,Sunnyside NE,2017-12-05 23:49:28.591540
2016-05-19,13:30,64.9,64.7,30.7,27.6,0.0,SW@5.9,12.1,85.9,68.4,10.7,0.0,881,29.79,"Sunnyside NE, Sunnyside, Yakima County",310139,Sunnyside NE,2017-12-05 23:49:28.591540
2016-05-19,13:45,65.7,65.5,31.0,27.2,0.0,SW@7.4,15.3,86.5,68.5,10.7,0.0,802,29.78,"Sunnyside NE, Sunnyside, Yakima County",310139,Sunnyside NE,2017-12-05 23:49:28.591540
2016-05-19,14:00,66.0,65.7,31.0,26.9,0.0,SW@7.6,11.7,87.0,68.7,10.7,0.0,821,29.78,"Sunnyside NE, Sunnyside, Yakima County",310139,Sunnyside NE,2017-12-05 23:49:28.591540
2016-05-19,14:15,65.7,65.5,29.6,25.7,0.0,SW@7.8,13.2,87.4,68.8,10.7,0.0,866,29.79,"Sunnyside NE, Sunnyside, Yakima County",310139,Sunnyside NE,2017-12-05 23:49:28.591540
2016-05-19,14:30,64.1,64.1,30.7,28.4,0.0,W@5.6,9.6,87.7,68.9,10.7,0.0,306,29.78,"Sunnyside NE, Sunnyside, Yakima County",310139,Sunnyside NE,2017-12-05 23:49:28.591540
2016-05-19,14:45,64.8,64.7,30.8,27.7,0.0,W@6.5,12.8,87.7,69.1,10.7,0.0,553,29.77,"Sunnyside NE, Sunnyside, Yakima County",310139,Sunnyside NE,2017-12-05 23:49:28.591540
2016-05-19,15:00,64.6,64.4,31.1,28.4,0.0,SW@6.0,9.6,87.3,69.2,10.7,0.0,544,29.77,"Sunnyside NE, Sunnyside, Yakima County",310139,Sunnyside NE,2017-12-05 23:49:28.591540
2016-05-19,15:15,64.5,64.5,30.7,28.0,0.0,SW@4.7,9.6,86.9,69.4,10.7,0.0,332,29.77,"Sunnyside NE, Sunnyside, Yakima County",310139,Sunnyside NE,2017-12-05 23:49:28.591540
2016-05-19,15:30,65.4,65.4,30.2,26.6,0.0,W@3.9,7.4,86.3,69.6,10.7,0.0,570,29.77,"Sunnyside NE, Sunnyside, Yakima County",310139,Sunnyside NE,2017-12-05 23:49:28.591540
2016-05-19,15:45,65.2,65.1,30.6,27.2,0.0,SW@5.7,12.1,85.8,69.7,10.7,0.0,393,29.76,"Sunnyside NE, Sunnyside, Yakima County",310139,Sunnyside NE,2017-12-05 23:49:28.591540
2016-05-19,16:00,65.1,64.9,29.9,26.6,0.0,SW@9.5,15.7,85.5,69.9,10.7,0.0,504,29.76,"Sunnyside NE, Sunnyside, Yakima County",310139,Sunnyside NE,2017-12-05 23:49:28.591540
2016-05-19,16:15,65.8,65.5,32.4,28.6,0.0,SW@11.4,17.8,85.0,70.0,10.7,0.0,635,29.76,"Sunnyside NE, Sunnyside, Yakima County",310139,Sunnyside NE,2017-12-05 23:49:28.591540
2016-05-19,16:30,64.0,63.7,34.0,32.5,0.0,W@10.1,16.7,84.6,70.2,10.7,0.0,482,29.76,"Sunnyside NE, Sunnyside, Yakima County",310139,Sunnyside NE,2017-12-05 23:49:28.591540
2016-05-19,16:45,64.1,63.9,34.0,32.4,0.0,W@8.3,12.4,84.2,70.3,10.7,0.0,411,29.76,"Sunnyside NE, Sunnyside, Yakima County",310139,Sunnyside NE,2017-12-05 23:49:28.591540
2016-05-19,17:00,61.6,61.6,33.3,34.4,0.0,W@7.3,12.8,83.7,70.5,10.8,0.0,116,29.76,"Sunnyside NE, Sunnyside, Yakima County",310139,Sunnyside NE,2017-12-05 23:49:28.591540
2016-05-19,17:15,61.4,61.4,33.7,35.2,0.0,W@7.4,11.0,83.0,70.6,10.8,0.0,175,29.76,"Sunnyside NE, Sunnyside, Yakima County",310139,Sunnyside NE,2017-12-05 23:49:28.591540
2016-05-19,17:30,61.8,61.8,34.6,36.0,0.0,W@7.0,11.4,82.1,70.7,10.8,0.0,197,29.76,"Sunnyside NE, Sunnyside, Yakima County",310139,Sunnyside NE,2017-12-05 23:49:28.591540
2016-05-19,17:45,61.3,61.3,35.7,38.2,0.0,W@6.8,11.4,81.2,70.8,10.8,0.0,143,29.76,"Sunnyside NE, Sunnyside, Yakima County",310139,Sunnyside NE,2017-12-05 23:49:28.591540
2016-05-19,18:00,60.4,60.4,36.3,40.4,0.0,W@6.1,12.4,80.3,70.9,10.8,0.0,86,29.76,"Sunnyside NE, Sunnyside, Yakima County",310139,Sunnyside NE,2017-12-05 23:49:28.591540
2016-05-19,18:15,58.7,58.7,35.9,42.4,0.0,NW@5.3,9.6,79.5,71.0,10.8,0.0,52,29.77,"Sunnyside NE, Sunnyside, Yakima County",310139,Sunnyside NE,2017-12-05 23:49:28.591540
2016-05-19,18:30,57.7,57.7,35.6,43.4,0.0,NW@4.4,10.3,78.7,71.1,10.8,0.0,40,29.77,"Sunnyside NE, Sunnyside, Yakima County",310139,Sunnyside NE,2017-12-05 23:49:28.591540
2016-05-19,18:45,57.2,57.2,36.3,45.5,0.0,NW@2.7,5.7,77.8,71.2,10.8,0.0,34,29.77,"Sunnyside NE, Sunnyside, Yakima County",310139,Sunnyside NE,2017-12-05 23:49:28.591540
2016-05-19,19:00,57.0,57.0,37.1,47.2,0.0,N@1.1,3.1,76.9,71.3,10.8,0.0,36,29.76,"Sunnyside NE, Sunnyside, Yakima County",310139,Sunnyside NE,2017-12-05 23:49:28.591540
2016-05-19,19:15,56.6,56.6,39.5,52.7,0.0,NE@1.1,2.4,76.1,71.3,10.8,0.0,15,29.76,"Sunnyside NE, Sunnyside, Yakima County",310139,Sunnyside NE,2017-12-05 23:49:28.591540
2016-05-19,19:30,55.4,55.4,42.4,61.3,0.0,N@1.9,3.5,75.4,71.4,10.8,0.0,5,29.77,"Sunnyside NE, Sunnyside, Yakima County",310139,Sunnyside NE,2017-12-05 23:49:28.591540
2016-05-19,19:45,56.5,56.4,36.0,46.1,0.0,N@3.4,6.7,74.7,71.4,10.8,0.0,2,29.77,"Sunnyside NE, Sunnyside, Yakima County",310139,Sunnyside NE,2017-12-05 23:49:28.591540
2016-05-19,20:00,56.7,56.7,35.9,45.5,0.0,NW@2.6,4.9,74.1,71.4,10.8,0.0,1,29.77,"Sunnyside NE, Sunnyside, Yakima County",310139,Sunnyside NE,2017-12-05 23:49:28.591540
2016-05-19,20:15,56.3,56.4,36.2,46.7,0.0,NW@3.4,7.1,73.5,71.4,10.8,0.0,0,29.77,"Sunnyside NE, Sunnyside, Yakima County",310139,Sunnyside NE,2017-12-05 23:49:28.591540
2016-05-19,20:30,55.7,55.8,36.0,47.3,0.0,NW@3.2,5.7,72.9,71.4,10.7,0.0,0,29.77,"Sunnyside NE, Sunnyside, Yakima County",310139,Sunnyside NE,2017-12-05 23:49:28.591540
2016-05-19,20:45,54.5,54.5,35.4,48.4,0.0,W@2.1,4.2,72.4,71.4,10.7,0.0,0,29.78,"Sunnyside NE, Sunnyside, Yakima County",310139,Sunnyside NE,2017-12-05 23:49:28.591540
2016-05-19,21:00,53.4,53.4,37.3,54.2,0.0,S@1.6,3.5,71.8,71.4,10.7,0.0,0,29.78,"Sunnyside NE, Sunnyside, Yakima County",310139,Sunnyside NE,2017-12-05 23:49:28.591540
2016-05-19,21:15,52.5,52.5,37.8,57.3,0.0,W@3.0,9.6,71.1,71.4,10.7,0.0,0,29.79,"Sunnyside NE, Sunnyside, Yakima County",310139,Sunnyside NE,2017-12-05 23:49:28.591540
2016-05-19,21:30,55.9,56.1,33.6,42.8,0.0,W@5.7,9.9,70.5,71.4,10.7,0.0,0,29.79,"Sunnyside NE, Sunnyside, Yakima County",310139,Sunnyside NE,2017-12-05 23:49:28.591540
2016-05-19,21:45,53.3,53.4,38.3,56.8,0.0,SW@4.4,7.4,70.0,71.3,10.7,0.0,0,29.79,"Sunnyside NE, Sunnyside, Yakima County",310139,Sunnyside NE,2017-12-05 23:49:28.591540
2016-05-19,22:00,51.8,51.9,39.4,62.4,0.0,SW@2.9,6.7,69.5,71.3,10.7,0.0,0,29.79,"Sunnyside NE, Sunnyside, Yakima County",310139,Sunnyside NE,2017-12-05 23:49:28.591540
2016-05-19,22:15,50.7,50.7,39.5,65.4,0.0,W@1.5,3.1,69.1,71.2,10.7,0.0,0,29.79,"Sunnyside NE, Sunnyside, Yakima County",310139,Sunnyside NE,2017-12-05 23:49:28.591540
2016-05-19,22:30,49.8,49.8,39.6,67.7,0.0,SW@1.1,2.4,68.7,71.2,10.7,0.0,0,29.79,"Sunnyside NE, Sunnyside, Yakima County",310139,Sunnyside NE,2017-12-05 23:49:28.591540
2016-05-19,22:45,48.6,48.7,40.0,72.0,0.0,NE@1.9,3.5,68.3,71.1,10.7,0.0,0,29.79,"Sunnyside NE, Sunnyside, Yakima County",310139,Sunnyside NE,2017-12-05 23:49:28.591540
2016-05-19,23:00,47.3,47.3,40.0,75.6,0.0,NE@2.0,3.1,67.8,71.0,10.7,0.0,0,29.79,"Sunnyside NE, Sunnyside, Yakima County",310139,Sunnyside NE,2017-12-05 23:49:28.591540
2016-05-20,23:15,44.8,44.9,39.4,81.1,0.0,NE@2.4,3.1,67.4,71.0,10.7,0.0,0,29.79,"Sunnyside NE, Sunnyside, Yakima County",310139,Sunnyside NE,2017-12-05 23:49:28.591540
2016-05-20,23:30,43.3,43.4,37.9,80.8,0.0,N@2.7,3.9,66.9,70.9,10.7,0.0,0,29.79,"Sunnyside NE, Sunnyside, Yakima County",310139,Sunnyside NE,2017-12-05 23:49:28.591540
2016-05-20,23:45,43.6,43.7,37.5,79.1,0.0,NE@2.7,3.9,66.3,70.9,10.7,0.0,0,29.8,"Sunnyside NE, Sunnyside, Yakima County",310139,Sunnyside NE,2017-12-05 23:49:28.591540
2016-05-20,24:00,44.1,44.2,37.7,78.0,0.0,NE@2.7,4.2,65.8,70.8,10.7,0.0,0,29.8,"Sunnyside NE, Sunnyside, Yakima County",310139,Sunnyside NE,2017-12-05 23:49:28.591540
2016-05-20,00:15,43.5,43.6,37.7,79.7,0.0,NE@2.4,3.9,65.3,70.7,10.6,0.0,0,29.8,"Sunnyside NE, Sunnyside, Yakima County",310139,Sunnyside NE,2017-12-05 23:49:28.591540
2016-05-20,00:30,44.5,44.6,38.1,78.0,0.0,NE@2.6,4.2,64.8,70.6,10.6,0.0,0,29.8,"Sunnyside NE, Sunnyside, Yakima County",310139,Sunnyside NE,2017-12-05 23:49:28.591540
2016-05-20,00:45,44.7,44.8,38.1,77.4,0.0,NE@2.2,3.9,64.3,70.5,10.7,0.0,0,29.8,"Sunnyside NE, Sunnyside, Yakima County",310139,Sunnyside NE,2017-12-05 23:49:28.591540
2016-05-20,01:00,43.7,43.8,38.1,80.5,0.0,NE@2.6,4.2,64.0,70.4,10.7,0.0,0,29.79,"Sunnyside NE, Sunnyside, Yakima County",310139,Sunnyside NE,2017-12-05 23:49:28.591540
2016-05-20,01:15,44.4,44.5,38.0,77.8,0.0,NE@2.8,4.9,63.6,70.3,10.7,0.0,0,29.8,"Sunnyside NE, Sunnyside, Yakima County",310139,Sunnyside NE,2017-12-05 23:49:28.591540
2016-05-20,01:30,44.4,44.4,38.0,78.3,0.0,NE@2.2,3.5,63.3,70.2,10.7,0.0,0,29.8,"Sunnyside NE, Sunnyside, Yakima County",310139,Sunnyside NE,2017-12-05 23:49:28.591540
2016-05-20,01:45,43.5,43.6,37.7,79.7,0.0,NE@2.6,3.9,63.0,70.1,10.7,0.0,0,29.8,"Sunnyside NE, Sunnyside, Yakima County",310139,Sunnyside NE,2017-12-05 23:49:28.591540
2016-05-20,02:00,43.2,43.2,37.5,80.1,0.0,NE@2.5,3.9,62.8,70.0,10.6,0.0,0,29.8,"Sunnyside NE, Sunnyside, Yakima County",310139,Sunnyside NE,2017-12-05 23:49:28.591540
2016-05-20,02:15,42.6,42.6,37.2,81.1,0.0,NE@2.7,3.5,62.4,69.9,10.6,0.0,0,29.8,"Sunnyside NE, Sunnyside, Yakima County",310139,Sunnyside NE,2017-12-05 23:49:28.591540
2016-05-20,02:30,42.2,42.3,36.8,81.2,0.0,E@2.4,4.2,62.1,69.8,10.6,0.0,0,29.8,"Sunnyside NE, Sunnyside, Yakima County",310139,Sunnyside NE,2017-12-05 23:49:28.591540
2016-05-20,02:45,42.2,42.3,36.6,80.6,0.0,NE@2.6,4.6,61.7,69.7,10.6,0.0,0,29.8,"Sunnyside NE, Sunnyside, Yakima County",310139,Sunnyside NE,2017-12-05 23:49:28.591540
2016-05-20,03:00,41.8,41.9,36.7,82.0,0.0,NE@2.6,4.2,61.4,69.6,10.6,0.0,0,29.81,"Sunnyside NE, Sunnyside, Yakima County",310139,Sunnyside NE,2017-12-05 23:49:28.591540
2016-05-20,03:15,41.8,41.9,36.5,81.3,0.0,NE@2.8,4.2,61.0,69.5,10.6,0.0,0,29.81,"Sunnyside NE, Sunnyside, Yakima County",310139,Sunnyside NE,2017-12-05 23:49:28.591540
2016-05-20,03:30,40.4,40.5,36.1,84.5,0.0,N@3.1,4.9,60.7,69.4,10.6,0.0,0,29.81,"Sunnyside NE, Sunnyside, Yakima County",310139,Sunnyside NE,2017-12-05 23:49:28.591540
2016-05-20,03:45,40.3,40.5,35.9,84.0,0.0,NE@3.4,4.2,60.3,69.3,10.6,0.0,0,29.81,"Sunnyside NE, Sunnyside, Yakima County",310139,Sunnyside NE,2017-12-05 23:49:28.591540
2016-05-20,04:00,40.7,40.8,35.1,80.3,0.0,NE@3.5,4.6,60.0,69.1,10.6,0.0,0,29.81,"Sunnyside NE, Sunnyside, Yakima County",310139,Sunnyside NE,2017-12-05 23:49:28.591540
2016-05-20,04:15,40.0,40.2,35.0,82.2,0.0,NE@4.1,5.3,59.7,69.0,10.6,0.0,2,29.81,"Sunnyside NE, Sunnyside, Yakima County",310139,Sunnyside NE,2017-12-05 23:49:28.591540
2016-05-20,04:30,39.1,39.2,34.8,84.4,0.0,N@4.3,5.3,59.4,68.9,10.6,0.0,6,29.8,"Sunnyside NE, Sunnyside, Yakima County",310139,Sunnyside NE,2017-12-05 23:49:28.591540
2016-05-20,04:45,39.0,39.2,34.7,84.3,0.0,N@3.3,4.2,59.1,68.8,10.6,0.0,14,29.8,"Sunnyside NE, Sunnyside, Yakima County",310139,Sunnyside NE,2017-12-05 23:49:28.591540
2016-05-20,05:00,39.5,39.4,35.2,84.6,0.0,N@3.1,5.3,58.9,68.7,10.6,0.0,45,29.8,"Sunnyside NE, Sunnyside, Yakima County",310139,Sunnyside NE,2017-12-05 23:49:28.591540
2016-05-20,05:15,42.0,41.7,36.1,79.5,0.0,NE@2.1,3.1,58.6,68.6,10.5,0.0,78,29.8,"Sunnyside NE, Sunnyside, Yakima County",310139,Sunnyside NE,2017-12-05 23:49:28.591540
2016-05-20,05:30,44.6,44.1,36.8,73.9,0.0,NE@1.9,3.5,58.4,68.4,10.6,0.0,111,29.8,"Sunnyside NE, Sunnyside, Yakima County",310139,Sunnyside NE,2017-12-05 23:49:28.591540
2016-05-20,05:45,47.6,47.4,37.2,66.9,0.0,NE@0.9,2.1,58.2,68.3,10.6,0.0,148,29.8,"Sunnyside NE, Sunnyside, Yakima County",310139,Sunnyside NE,2017-12-05 23:49:28.591540
2016-05-20,06:00,48.2,48.1,37.1,65.2,0.0,S@1.6,3.5,58.1,68.2,10.6,0.0,186,29.8,"Sunnyside NE, Sunnyside, Yakima County",310139,Sunnyside NE,2017-12-05 23:49:28.591540
2016-05-20,06:15,47.1,47.2,37.7,69.5,0.0,S@3.1,5.3,58.2,68.1,10.6,0.0,225,29.8,"Sunnyside NE, Sunnyside, Yakima County",310139,Sunnyside NE,2017-12-05 23:49:28.591540
2016-05-20,06:30,47.2,47.3,38.9,72.7,0.0,SW@3.5,4.9,58.3,67.9,10.6,0.0,268,29.8,"Sunnyside NE, Sunnyside, Yakima County",310139,Sunnyside NE,2017-12-05 23:49:28.591540
2016-05-20,06:45,48.2,48.3,38.8,69.6,0.0,SW@2.9,5.3,58.6,67.8,10.6,0.0,307,29.8,"Sunnyside NE, Sunnyside, Yakima County",310139,Sunnyside NE,2017-12-05 23:49:28.591540
2016-05-20,07:00,48.4,48.5,38.8,69.2,0.0,SW@3.4,4.9,59.1,67.7,10.6,0.0,307,29.8,"Sunnyside NE, Sunnyside, Yakima County",310139,Sunnyside NE,2017-12-05 23:49:28.591540
2016-05-20,07:15,49.7,49.5,38.5,65.2,0.0,S@2.3,4.6,59.6,67.6,10.6,0.0,402,29.8,"Sunnyside NE, Sunnyside, Yakima County",310139,Sunnyside NE,2017-12-05 23:49:28.591540
2016-05-20,07:30,50.5,50.4,38.6,63.5,0.0,SW@2.9,4.9,60.3,67.4,10.6,0.0,439,29.8,"Sunnyside NE, Sunnyside, Yakima County",310139,Sunnyside NE,2017-12-05 23:49:28.591540
2016-05-20,07:45,51.9,51.7,39.2,61.8,0.0,W@3.0,5.7,61.0,67.3,10.5,0.0,479,29.79,"Sunnyside NE, Sunnyside, Yakima County",310139,Sunnyside NE,2017-12-05 23:49:28.591540
2016-05-20,08:00,53.2,53.0,38.9,58.2,0.0,W@3.2,6.0,62.0,67.2,10.5,0.0,520,29.79,"Sunnyside NE, Sunnyside, Yakima County",310139,Sunnyside NE,2017-12-05 23:49:28.591540
2016-05-20,08:15,54.0,53.9,40.1,59.0,0.0,SW@3.6,6.7,63.1,67.1,10.5,0.0,562,29.78,"Sunnyside NE, Sunnyside, Yakima County",310139,Sunnyside NE,2017-12-05 23:49:28.591540
2016-05-20,08:30,54.8,54.6,39.6,56.6,0.0,SW@4.3,7.8,64.2,67.0,10.5,0.0,567,29.78,"Sunnyside NE, Sunnyside, Yakima County",310139,Sunnyside NE,2017-12-05 23:49:28.591540
2016-05-20,08:45,55.9,55.6,40.0,55.1,0.0,SW@4.5,8.5,65.5,66.9,10.5,0.0,637,29.77,"Sunnyside NE, Sunnyside, Yakima County",310139,Sunnyside NE,2017-12-05 23:49:28.591540
2016-05-20,09:00,56.7,56.5,40.6,54.5,0.0,SW@5.0,7.8,66.7,66.9,10.5,0.0,679,29.77,"Sunnyside NE, Sunnyside, Yakima County",310139,Sunnyside NE,2017-12-05 23:49:28.591540
2016-05-20,09:15,57.5,57.4,41.0,53.9,0.0,W@4.9,7.4,68.0,66.8,10.5,0.0,568,29.76,"Sunnyside NE, Sunnyside, Yakima County",310139,Sunnyside NE,2017-12-05 23:49:28.591540
2016-05-20,09:30,59.7,59.5,41.6,50.9,0.0,W@4.9,9.2,69.2,66.7,10.5,0.0,717,29.76,"Sunnyside NE, Sunnyside, Yakima County",310139,Sunnyside NE,2017-12-05 23:49:28.591540
2016-05-20,09:45,60.2,60.0,40.8,48.5,0.0,SW@4.7,8.2,70.2,66.7,10.5,0.0,659,29.76,"Sunnyside NE, Sunnyside, Yakima County",310139,Sunnyside NE,2017-12-05 23:49:28.591540
2016-05-20,10:00,60.7,60.4,40.1,46.5,0.0,SW@3.9,14.6,71.5,66.7,10.6,0.0,614,29.75,"Sunnyside NE, Sunnyside, Yakima County",310139,Sunnyside NE,2017-12-05 23:49:28.591540
2016-05-20,10:15,61.9,61.6,38.2,41.3,0.0,N@5.5,23.2,72.4,66.7,10.6,0.0,486,29.74,"Sunnyside NE, Sunnyside, Yakima County",310139,Sunnyside NE,2017-12-05 23:49:28.591540
2016-05-20,10:30,64.0,63.6,38.0,38.1,0.0,N@5.3,19.2,73.0,66.7,10.6,0.0,758,29.74,"Sunnyside NE, Sunnyside, Yakima County",310139,Sunnyside NE,2017-12-05 23:49:28.591540
2016-05-20,10:45,62.7,62.4,36.4,37.5,0.0,E@4.0,7.8,73.2,66.7,10.6,0.0,541,29.73,"Sunnyside NE, Sunnyside, Yakima County",310139,Sunnyside NE,2017-12-05 23:49:28.591540
2016-05-20,11:00,62.5,62.2,36.7,38.2,0.0,N@4.9,9.2,73.5,66.7,10.6,0.0,343,29.73,"Sunnyside NE, Sunnyside, Yakima County",310139,Sunnyside NE,2017-12-05 23:49:28.591540
2016-05-20,11:15,64.5,64.1,38.0,37.4,0.0,N@8.3,14.2,73.9,66.7,10.6,0.0,719,29.72,"Sunnyside NE, Sunnyside, Yakima County",310139,Sunnyside NE,2017-12-05 23:49:28.591540
2016-05-20,11:30,65.2,64.6,37.8,36.3,0.0,NE@8.9,17.1,74.3,66.8,10.6,0.0,766,29.72,"Sunnyside NE, Sunnyside, Yakima County",310139,Sunnyside NE,2017-12-05 23:49:28.591540
2016-05-20,11:45,65.5,65.0,38.4,36.7,0.0,N@9.1,15.7,75.0,66.8,10.6,0.0,582,29.72,"Sunnyside NE, Sunnyside, Yakima County",310139,Sunnyside NE,2017-12-05 23:49:28.591540
2016-05-20,12:00,65.8,65.3,38.0,35.8,0.0,N@9.8,15.0,75.7,66.9,10.6,0.0,826,29.71,"Sunnyside NE, Sunnyside, Yakima County",310139,Sunnyside NE,2017-12-05 23:49:28.591540
2016-05-20,12:15,66.7,66.1,37.6,34.2,0.0,NE@9.8,17.1,76.3,67.0,10.6,0.0,887,29.71,"Sunnyside NE, Sunnyside, Yakima County",310139,Sunnyside NE,2017-12-05 23:49:28.591540
2016-05-20,12:30,64.5,64.2,37.6,36.8,0.0,N@11.0,17.5,77.1,67.0,10.6,0.0,411,29.71,"Sunnyside NE, Sunnyside, Yakima County",310139,Sunnyside NE,2017-12-05 23:49:28.591540
2016-05-20,12:45,64.2,63.9,37.6,37.3,0.0,N@9.7,14.2,77.7,67.1,10.6,0.0,396,29.71,"Sunnyside NE, Sunnyside, Yakima County",310139,Sunnyside NE,2017-12-05 23:49:28.591540
2016-05-20,13:00,64.6,64.4,37.8,37.0,0.0,N@9.9,15.7,77.7,67.2,10.6,0.0,428,29.7,"Sunnyside NE, Sunnyside, Yakima County",310139,Sunnyside NE,2017-12-05 23:49:28.591540
2016-05-20,13:15,64.0,63.7,37.5,37.4,0.0,N@9.0,14.6,77.6,67.3,10.6,0.0,269,29.7,"Sunnyside NE, Sunnyside, Yakima County",310139,Sunnyside NE,2017-12-05 23:49:28.591540
2016-05-20,13:30,63.2,63.0,36.9,37.5,0.0,N@8.1,13.5,77.3,67.4,10.6,0.0,224,29.7,"Sunnyside NE, Sunnyside, Yakima County",310139,Sunnyside NE,2017-12-05 23:49:28.591540
2016-05-20,13:45,64.6,64.4,36.9,35.8,0.0,N@6.8,11.7,76.9,67.5,10.6,0.0,452,29.69,"Sunnyside NE, Sunnyside, Yakima County",310139,Sunnyside NE,2017-12-05 23:49:28.591540
2016-05-20,14:00,66.0,65.9,36.7,33.8,0.0,NW@6.0,10.7,76.5,67.6,10.6,0.0,537,29.68,"Sunnyside NE, Sunnyside, Yakima County",310139,Sunnyside NE,2017-12-05 23:49:28.591540
2016-05-20,14:15,65.9,65.8,35.0,31.6,0.0,N@5.7,12.4,76.6,67.7,10.6,0.0,397,29.68,"Sunnyside NE, Sunnyside, Yakima County",310139,Sunnyside NE,2017-12-05 23:49:28.591540
2016-05-20,14:30,66.6,66.5,34.4,30.2,0.0,N@6.1,15.3,76.8,67.8,10.6,0.0,412,29.68,"Sunnyside NE, Sunnyside, Yakima County",310139,Sunnyside NE,2017-12-05 23:49:28.591540
2016-05-20,14:45,65.8,65.8,33.7,30.2,0.0,N@4.6,9.2,77.0,67.9,10.6,0.0,248,29.68,"Sunnyside NE, Sunnyside, Yakima County",310139,Sunnyside NE,2017-12-05 23:49:28.591540
2016-05-20,15:00,65.5,65.4,32.2,28.7,0.0,N@6.3,12.4,77.0,68.0,10.6,0.0,184,29.67,"Sunnyside NE, Sunnyside, Yakima County",310139,Sunnyside NE,2017-12-05 23:49:28.591540
2016-05-20,15:15,65.2,65.3,31.8,28.5,0.0,NW@3.7,7.4,76.8,68.2,10.6,0.0,211,29.67,"Sunnyside NE, Sunnyside, Yakima County",310139,Sunnyside NE,2017-12-05 23:49:28.591540
2016-05-20,15:30,65.7,65.7,32.1,28.3,0.0,N@5.4,9.2,76.5,68.2,10.6,0.0,160,29.67,"Sunnyside NE, Sunnyside, Yakima County",310139,Sunnyside NE,2017-12-05 23:49:28.591540
2016-05-20,15:45,63.2,63.2,35.9,36.1,0.0,NE@11.7,17.8,76.1,68.3,10.6,0.0,88,29.67,"Sunnyside NE, Sunnyside, Yakima County",310139,Sunnyside NE,2017-12-05 23:49:28.591540
2016-05-20,16:00,62.5,62.5,36.9,38.6,0.0,NE@9.7,14.6,75.7,68.4,10.6,0.0,115,29.68,"Sunnyside NE, Sunnyside, Yakima County",310139,Sunnyside NE,2017-12-05 23:49:28.591540
2016-05-20,16:15,60.9,60.9,39.6,45.1,0.0,N@12.8,22.1,75.1,68.5,10.6,0.0,131,29.68,"Sunnyside NE, Sunnyside, Yakima County",310139,Sunnyside NE,2017-12-05 23:49:28.591540
2016-05-20,16:30,57.2,57.2,43.4,59.8,0.0,N@15.7,22.5,74.5,68.6,10.6,0.0,81,29.68,"Sunnyside NE, Sunnyside, Yakima County",310139,Sunnyside NE,2017-12-05 23:49:28.591540
2016-05-20,16:45,54.8,54.9,44.8,68.9,0.0,N@7.8,24.6,73.9,68.7,10.6,0.01,64,29.69,"Sunnyside NE, Sunnyside, Yakima County",310139,Sunnyside NE,2017-12-05 23:49:28.591540
2016-05-20,17:00,54.9,54.9,46.9,74.4,0.11,NW@3.1,5.7,73.2,68.8,10.6,0.0,95,29.69,"Sunnyside NE, Sunnyside, Yakima County",310139,Sunnyside NE,2017-12-05 23:49:28.591540
2016-05-20,17:15,56.0,56.1,47.8,73.6,0.15,N@3.4,7.1,72.5,68.8,10.6,0.0,95,29.68,"Sunnyside NE, Sunnyside, Yakima County",310139,Sunnyside NE,2017-12-05 23:49:28.591540
2016-05-20,17:30,56.5,56.5,48.7,75.2,0.04,N@4.9,7.8,72.0,68.9,10.6,0.0,95,29.68,"Sunnyside NE, Sunnyside, Yakima County",310139,Sunnyside NE,2017-12-05 23:49:28.591540
2016-05-20,17:45,56.9,56.9,47.8,71.4,0.0,W@4.0,6.4,71.5,68.9,10.6,0.0,105,29.68,"Sunnyside NE, Sunnyside, Yakima County",310139,Sunnyside NE,2017-12-05 23:49:28.591540
2016-05-20,18:00,56.8,56.8,45.2,65.2,0.0,W@5.2,7.4,71.0,69.0,10.6,0.0,89,29.68,"Sunnyside NE, Sunnyside, Yakima County",310139,Sunnyside NE,2017-12-05 23:49:28.591540
2016-05-20,18:15,56.3,56.3,46.0,68.3,0.0,W@3.4,6.0,70.6,69.0,10.6,0.0,62,29.68,"Sunnyside NE, Sunnyside, Yakima County",310139,Sunnyside NE,2017-12-05 23:49:28.591540
2016-05-20,18:30,56.0,56.0,46.7,70.9,0.0,NW@3.4,4.9,70.2,69.0,10.6,0.0,44,29.68,"Sunnyside NE, Sunnyside, Yakima County",310139,Sunnyside NE,2017-12-05 23:49:28.591540
2016-05-20,18:45,55.9,55.9,47.0,71.9,0.0,N@3.3,4.6,69.8,69.1,10.6,0.0,21,29.68,"Sunnyside NE, Sunnyside, Yakima County",310139,Sunnyside NE,2017-12-05 23:49:28.591540
2016-05-20,19:00,55.8,55.9,45.8,68.8,0.0,N@2.7,4.9,69.4,69.1,10.6,0.0,10,29.68,"Sunnyside NE, Sunnyside, Yakima County",310139,Sunnyside NE,2017-12-05 23:49:28.591540
2016-05-20,19:15,55.6,55.6,46.7,71.9,0.0,N@2.4,3.5,69.0,69.1,10.6,0.0,6,29.68,"Sunnyside NE, Sunnyside, Yakima County",310139,Sunnyside NE,2017-12-05 23:49:28.591540
2016-05-20,19:30,55.4,55.4,46.7,72.3,0.0,N@2.3,3.5,68.5,69.1,10.6,0.0,3,29.68,"Sunnyside NE, Sunnyside, Yakima County",310139,Sunnyside NE,2017-12-05 23:49:28.591540
2016-05-20,19:45,55.4,55.5,46.5,72.0,0.0,N@3.7,5.3,68.2,69.0,10.6,0.0,2,29.67,"Sunnyside NE, Sunnyside, Yakima County",310139,Sunnyside NE,2017-12-05 23:49:28.591540
2016-05-20,20:00,55.8,55.9,44.8,66.2,0.0,N@3.4,5.7,67.8,69.0,10.6,0.0,0,29.67,"Sunnyside NE, Sunnyside, Yakima County",310139,Sunnyside NE,2017-12-05 23:49:28.591540
2016-05-20,20:15,55.6,55.7,44.4,65.9,0.0,N@3.5,6.7,67.4,69.0,10.6,0.0,0,29.67,"Sunnyside NE, Sunnyside, Yakima County",310139,Sunnyside NE,2017-12-05 23:49:28.591540
2016-05-20,20:30,55.7,55.8,43.8,64.1,0.0,NW@3.2,5.7,67.0,69.0,10.6,0.0,0,29.67,"Sunnyside NE, Sunnyside, Yakima County",310139,Sunnyside NE,2017-12-05 23:49:28.591540
2016-05-20,20:45,56.0,56.1,42.9,61.3,0.0,NW@3.0,4.9,66.7,68.9,10.6,0.0,0,29.68,"Sunnyside NE, Sunnyside, Yakima County",310139,Sunnyside NE,2017-12-05 23:49:28.591540
2016-05-20,21:00,55.8,55.8,43.3,62.8,0.0,W@2.5,4.6,66.3,68.9,10.6,0.0,0,29.67,"Sunnyside NE, Sunnyside, Yakima County",310139,Sunnyside NE,2017-12-05 23:49:28.591540
2016-05-20,21:15,54.7,54.7,44.6,68.4,0.0,N@1.8,3.1,66.0,68.9,10.6,0.0,0,29.67,"Sunnyside NE, Sunnyside, Yakima County",310139,Sunnyside NE,2017-12-05 23:49:28.591540
2016-05-20,21:30,54.7,54.7,44.8,69.0,0.0,NE@1.4,3.1,65.8,68.8,10.5,0.0,0,29.68,"Sunnyside NE, Sunnyside, Yakima County",310139,Sunnyside NE,2017-12-05 23:49:28.591540
2016-05-20,21:45,54.6,54.6,45.6,71.6,0.0,E@2.7,3.9,65.5,68.8,10.5,0.0,0,29.68,"Sunnyside NE, Sunnyside, Yakima County",310139,Sunnyside NE,2017-12-05 23:49:28.591540
2016-05-20,22:00,54.4,54.4,46.0,73.0,0.0,SE@2.2,4.2,65.3,68.7,10.5,0.0,0,29.68,"Sunnyside NE, Sunnyside, Yakima County",310139,Sunnyside NE,2017-12-05 23:49:28.591540
2016-05-20,22:15,54.0,54.0,46.4,75.2,0.0,NE@1.9,3.9,65.1,68.7,10.5,0.0,0,29.68,"Sunnyside NE, Sunnyside, Yakima County",310139,Sunnyside NE,2017-12-05 23:49:28.591540
2016-05-20,22:30,54.2,54.2,45.9,73.5,0.0,E@1.1,3.9,64.9,68.6,10.5,0.0,0,29.68,"Sunnyside NE, Sunnyside, Yakima County",310139,Sunnyside NE,2017-12-05 23:49:28.591540
2016-05-20,22:45,53.9,53.8,46.8,76.9,0.0,N@1.5,3.9,64.7,68.6,10.5,0.0,0,29.68,"Sunnyside NE, Sunnyside, Yakima County",310139,Sunnyside NE,2017-12-05 23:49:28.591540
2016-05-20,23:00,53.9,54.0,46.6,76.2,0.0,N@2.8,4.6,64.5,68.5,10.6,0.0,0,29.69,"Sunnyside NE, Sunnyside, Yakima County",310139,Sunnyside NE,2017-12-05 23:49:28.591540
2016-05-21,23:15,54.2,54.2,46.3,74.5,0.0,N@2.3,3.9,64.4,68.4,10.6,0.0,0,29.68,"Sunnyside NE, Sunnyside, Yakima County",310139,Sunnyside NE,2017-12-05 23:49:28.591540
2016-05-21,23:30,54.4,54.4,45.7,72.3,0.0,NW@2.6,4.2,64.2,68.4,10.6,0.0,0,29.68,"Sunnyside NE, Sunnyside, Yakima County",310139,Sunnyside NE,2017-12-05 23:49:28.591540
2016-05-21,23:45,54.5,54.5,45.4,71.5,0.0,N@2.5,3.5,64.0,68.3,10.6,0.0,0,29.68,"Sunnyside NE, Sunnyside, Yakima County",310139,Sunnyside NE,2017-12-05 23:49:28.591540
2016-05-21,24:00,54.2,54.2,46.2,74.3,0.0,N@2.3,3.1,63.9,68.2,10.6,0.0,0,29.68,"Sunnyside NE, Sunnyside, Yakima County",310139,Sunnyside NE,2017-12-05 23:49:28.591540
2016-05-21,00:15,54.0,54.0,46.3,74.8,0.0,N@1.9,3.5,63.8,68.2,10.6,0.0,0,29.68,"Sunnyside NE, Sunnyside, Yakima County",310139,Sunnyside NE,2017-12-05 23:49:28.591540
2016-05-21,00:30,53.7,53.7,47.0,77.9,0.0,NE@0.5,2.1,63.6,68.1,10.6,0.0,0,29.68,"Sunnyside NE, Sunnyside, Yakima County",310139,Sunnyside NE,2017-12-05 23:49:28.591540
2016-05-21,00:45,53.3,53.3,47.4,80.2,0.0,W@0.3,1.7,63.5,68.0,10.6,0.0,0,29.67,"Sunnyside NE, Sunnyside, Yakima County",310139,Sunnyside NE,2017-12-05 23:49:28.591540
2016-05-21,01:00,53.3,53.3,47.6,80.8,0.0,S@1.6,4.9,63.4,68.0,10.6,0.0,0,29.67,"Sunnyside NE, Sunnyside, Yakima County",310139,Sunnyside NE,2017-12-05 23:49:28.591540
2016-05-21,01:15,53.4,53.4,47.8,81.1,0.0,NW@1.3,2.8,63.3,67.9,10.5,0.0,0,29.68,"Sunnyside NE, Sunnyside, Yakima County",310139,Sunnyside NE,2017-12-05 23:49:28.591540
2016-05-21,01:30,53.4,53.4,48.2,82.2,0.0,SE@1.9,3.9,63.1,67.8,10.5,0.0,0,29.68,"Sunnyside NE, Sunnyside, Yakima County",310139,Sunnyside NE,2017-12-05 23:49:28.591540
2016-05-21,01:45,53.5,53.5,48.0,81.5,0.0,SE@2.0,3.5,63.0,67.8,10.5,0.0,0,29.68,"Sunnyside NE, Sunnyside, Yakima County",310139,Sunnyside NE,2017-12-05 23:49:28.591540
2016-05-21,02:00,53.2,53.2,48.3,83.3,0.0,N@1.6,2.8,62.9,67.7,10.5,0.0,0,29.69,"Sunnyside NE, Sunnyside, Yakima County",310139,Sunnyside NE,2017-12-05 23:49:28.591540
2016-05-21,02:15,53.0,53.0,48.7,85.0,0.0,E@1.9,3.1,62.8,67.7,10.5,0.0,0,29.69,"Sunnyside NE, Sunnyside, Yakima County",310139,Sunnyside NE,2017-12-05 23:49:28.591540
2016-05-21,02:30,53.2,53.3,48.5,83.9,0.0,NE@2.0,3.1,62.8,67.6,10.5,0.0,0,29.68,"Sunnyside NE, Sunnyside, Yakima County",310139,Sunnyside NE,2017-12-05 23:49:28.591540
2016-05-21,02:45,53.2,53.2,48.7,84.7,0.02,NE@1.1,2.8,62.7,67.5,10.5,0.0,0,29.68,"Sunnyside NE, Sunnyside, Yakima County",310139,Sunnyside NE,2017-12-05 23:49:28.591540
2016-05-21,03:00,53.0,53.0,49.4,87.5,0.13,W@1.1,2.1,62.6,67.5,10.5,0.0,0,29.69,"Sunnyside NE, Sunnyside, Yakima County",310139,Sunnyside NE,2017-12-05 23:49:28.591540
2016-05-21,03:15,52.7,52.7,49.8,89.9,0.22,N@1.5,2.8,62.5,67.4,10.5,0.0,0,29.69,"Sunnyside NE, Sunnyside, Yakima County",310139,Sunnyside NE,2017-12-05 23:49:28.591540
2016-05-21,03:30,52.6,52.6,50.0,90.8,0.31,NE@1.3,3.1,62.5,67.3,10.5,0.0,0,29.69,"Sunnyside NE, Sunnyside, Yakima County",310139,Sunnyside NE,2017-12-05 23:49:28.591540
2016-05-21,03:45,52.8,52.8,49.3,87.8,0.39,S@3.5,5.7,62.4,67.3,10.5,0.0,0,29.69,"Sunnyside NE, Sunnyside, Yakima County",310139,Sunnyside NE,2017-12-05 23:49:28.591540
2016-05-21,04:00,52.2,52.3,49.0,88.8,0.43,SE@2.8,4.6,62.3,67.2,10.5,0.0,0,29.69,"Sunnyside NE, Sunnyside, Yakima County",310139,Sunnyside NE,2017-12-05 23:49:28.591540
2016-05-21,04:15,51.8,51.8,49.3,90.8,0.46,SE@1.1,2.4,62.2,67.1,10.5,0.0,1,29.7,"Sunnyside NE, Sunnyside, Yakima County",310139,Sunnyside NE,2017-12-05 23:49:28.591540
2016-05-21,04:30,51.4,51.4,49.2,92.0,0.49,E@1.8,3.1,62.1,67.1,10.5,0.0,2,29.7,"Sunnyside NE, Sunnyside, Yakima County",310139,Sunnyside NE,2017-12-05 23:49:28.591540
2016-05-21,04:45,51.5,51.5,49.2,91.8,0.5,E@1.8,2.8,62.0,67.0,10.5,0.0,5,29.7,"Sunnyside NE, Sunnyside, Yakima County",310139,Sunnyside NE,2017-12-05 23:49:28.591540
2016-05-21,05:00,51.6,51.6,49.3,91.8,0.51,SE@2.2,3.5,61.8,67.0,10.5,0.0,10,29.71,"Sunnyside NE, Sunnyside, Yakima County",310139,Sunnyside NE,2017-12-05 23:49:28.591540
2016-05-21,05:15,51.3,51.3,49.3,92.9,0.53,S@1.7,2.8,61.8,66.9,10.5,0.0,15,29.71,"Sunnyside NE, Sunnyside, Yakima County",310139,Sunnyside NE,2017-12-05 23:49:28.591540
2016-05-21,05:30,51.2,51.2,49.1,92.5,0.56,S@1.1,2.8,61.7,66.9,10.4,0.01,19,29.72,"Sunnyside NE, Sunnyside, Yakima County",310139,Sunnyside NE,2017-12-05 23:49:28.591540
2016-05-21,05:45,51.2,51.2,49.4,93.2,0.57,E@1.3,2.8,61.6,66.8,10.4,0.0,25,29.72,"Sunnyside NE, Sunnyside, Yakima County",310139,Sunnyside NE,2017-12-05 23:49:28.591540
2016-05-21,06:00,51.2,51.2,49.7,94.3,0.59,S@2.5,3.9,61.6,66.7,10.4,0.0,36,29.72,"Sunnyside NE, Sunnyside, Yakima County",310139,Sunnyside NE,2017-12-05 23:49:28.591540
2016-05-21,06:15,51.1,51.1,49.8,95.3,0.6,S@3.7,5.7,61.6,66.7,10.4,0.0,32,29.73,"Sunnyside NE, Sunnyside, Yakima County",310139,Sunnyside NE,2017-12-05 23:49:28.591540
2016-05-21,06:30,51.2,51.2,49.9,95.4,0.61,S@2.7,4.9,61.5,66.6,10.4,0.01,40,29.73,"Sunnyside NE, Sunnyside, Yakima County",310139,Sunnyside NE,2017-12-05 23:49:28.591540
2016-05-21,06:45,51.4,51.4,49.6,93.5,0.62,SW@2.4,3.5,61.5,66.6,10.4,0.0,81,29.73,"Sunnyside NE, Sunnyside, Yakima County",310139,Sunnyside NE,2017-12-05 23:49:28.591540
2016-05-21,07:00,51.8,51.7,49.3,91.3,0.64,SW@2.4,3.5,61.5,66.5,10.4,0.0,118,29.73,"Sunnyside NE, Sunnyside, Yakima County",310139,Sunnyside NE,2017-12-05 23:49:28.591540
2016-05-21,07:15,52.3,52.3,49.1,88.7,0.59,W@1.5,3.5,61.6,66.5,10.4,0.0,131,29.74,"Sunnyside NE, Sunnyside, Yakima County",310139,Sunnyside NE,2017-12-05 23:49:28.591540
2016-05-21,07:30,52.8,52.8,49.2,87.3,0.34,N@1.7,3.5,61.8,66.4,10.5,0.0,116,29.74,"Sunnyside NE, Sunnyside, Yakima County",310139,Sunnyside NE,2017-12-05 23:49:28.591540
2016-05-21,07:45,53.1,53.1,49.2,86.4,0.17,N@1.3,3.1,62.1,66.3,10.5,0.0,106,29.74,"Sunnyside NE, Sunnyside, Yakima County",310139,Sunnyside NE,2017-12-05 23:49:28.591540
2016-05-21,08:00,53.4,53.3,49.7,87.1,0.1,SE@2.1,3.5,62.3,66.3,10.5,0.0,137,29.74,"Sunnyside NE, Sunnyside, Yakima County",310139,Sunnyside NE,2017-12-05 23:49:28.591540
2016-05-21,08:15,54.0,53.9,49.6,85.0,0.07,SE@1.0,2.4,62.5,66.2,10.5,0.0,178,29.74,"Sunnyside NE, Sunnyside, Yakima County",310139,Sunnyside NE,2017-12-05 23:49:28.591540
2016-05-21,08:30,54.6,54.5,48.7,80.3,0.01,SW@1.5,3.1,62.7,66.2,10.5,0.0,258,29.74,"Sunnyside NE, Sunnyside, Yakima County",310139,Sunnyside NE,2017-12-05 23:49:28.591540
2016-05-21,08:45,55.2,55.2,48.0,76.5,0.0,SW@2.2,4.2,63.0,66.1,10.5,0.0,305,29.74,"Sunnyside NE, Sunnyside, Yakima County",310139,Sunnyside NE,2017-12-05 23:49:28.591540
2016-05-21,09:00,55.6,55.5,47.7,74.5,0.0,S@2.5,4.6,63.4,66.1,10.5,0.0,341,29.74,"Sunnyside NE, Sunnyside, Yakima County",310139,Sunnyside NE,2017-12-05 23:49:28.591540
2016-05-21,09:15,55.7,55.6,47.6,74.1,0.0,S@3.6,5.3,63.9,66.0,10.5,0.0,320,29.74,"Sunnyside NE, Sunnyside, Yakima County",310139,Sunnyside NE,2017-12-05 23:49:28.591540
2016-05-21,09:30,57.2,56.9,47.3,69.4,0.0,S@3.5,6.7,64.4,66.0,10.5,0.0,665,29.74,"Sunnyside NE, Sunnyside, Yakima County",310139,Sunnyside NE,2017-12-05 23:49:28.591540
2016-05-21,09:45,58.8,58.4,46.9,64.4,0.0,S@3.8,8.2,64.9,65.9,10.5,0.0,915,29.74,"Sunnyside NE, Sunnyside, Yakima County",310139,Sunnyside NE,2017-12-05 23:49:28.591540
2016-05-21,10:00,60.2,59.9,46.1,59.6,0.0,SE@3.3,6.4,66.0,65.9,10.5,0.0,848,29.75,"Sunnyside NE, Sunnyside, Yakima County",310139,Sunnyside NE,2017-12-05 23:49:28.591540
2016-05-21,10:15,59.5,59.5,46.8,62.7,0.0,W@3.3,6.0,67.4,65.9,10.5,0.0,388,29.75,"Sunnyside NE, Sunnyside, Yakima County",310139,Sunnyside NE,2017-12-05 23:49:28.591540
2016-05-21,10:30,58.9,58.8,46.4,63.1,0.0,W@3.8,6.7,68.5,65.8,10.5,0.0,429,29.75,"Sunnyside NE, Sunnyside, Yakima County",310139,Sunnyside NE,2017-12-05 23:49:28.591540
2016-05-21,10:45,59.6,59.6,46.5,61.6,0.0,SW@3.3,7.8,69.1,65.8,10.5,0.0,414,29.75,"Sunnyside NE, Sunnyside, Yakima County",310139,Sunnyside NE,2017-12-05 23:49:28.591540
2016-05-21,11:00,58.6,58.5,47.2,65.8,0.0,W@5.8,8.9,69.7,65.8,10.5,0.0,255,29.75,"Sunnyside NE, Sunnyside, Yakima County",310139,Sunnyside NE,2017-12-05 23:49:28.591540
2016-05-21,11:15,58.4,58.3,46.6,64.7,0.0,SW@4.7,7.1,70.0,65.8,10.5,0.0,231,29.75,"Sunnyside NE, Sunnyside, Yakima County",310139,Sunnyside NE,2017-12-05 23:49:28.591540
2016-05-21,11:30,59.0,58.9,46.3,62.7,0.0,W@3.9,6.4,70.0,65.8,10.5,0.0,283,29.74,"Sunnyside NE, Sunnyside, Yakima County",310139,Sunnyside NE,2017-12-05 23:49:28.591540
2016-05-21,11:45,59.9,59.9,45.0,57.8,0.0,W@2.6,4.2,70.0,65.8,10.5,0.0,395,29.74,"Sunnyside NE, Sunnyside, Yakima County",310139,Sunnyside NE,2017-12-05 23:49:28.591540
2016-05-21,12:00,61.4,61.2,44.4,53.5,0.0,W@3.7,6.4,70.1,65.9,10.5,0.0,708,29.74,"Sunnyside NE, Sunnyside, Yakima County",310139,Sunnyside NE,2017-12-05 23:49:28.591540
2016-05-21,12:15,62.0,61.8,43.1,49.7,0.0,W@3.7,7.4,70.5,65.9,10.5,0.0,665,29.74,"Sunnyside NE, Sunnyside, Yakima County",310139,Sunnyside NE,2017-12-05 23:49:28.591540
2016-05-21,12:30,61.7,61.5,43.4,51.0,0.0,SW@4.0,7.8,71.5,65.9,10.5,0.0,476,29.74,"Sunnyside NE, Sunnyside, Yakima County",310139,Sunnyside NE,2017-12-05 23:49:28.591540
2016-05-21,12:45,61.5,61.3,42.9,50.4,0.0,SW@4.2,7.8,72.3,66.0,10.5,0.0,414,29.74,"Sunnyside NE, Sunnyside, Yakima County",310139,Sunnyside NE,2017-12-05 23:49:28.591540
2016-05-21,13:00,61.2,61.0,42.1,49.5,0.0,SW@4.5,7.1,72.8,66.0,10.5,0.0,364,29.74,"Sunnyside NE, Sunnyside, Yakima County",310139,Sunnyside NE,2017-12-05 23:49:28.591540
2016-05-21,13:15,61.5,61.4,42.4,49.3,0.0,SW@4.9,7.8,73.1,66.1,10.5,0.0,398,29.74,"Sunnyside NE, Sunnyside, Yakima County",310139,Sunnyside NE,2017-12-05 23:49:28.591540
2016-05-21,13:30,62.0,61.8,42.5,48.8,0.0,SW@5.5,8.9,73.2,66.1,10.5,0.0,471,29.74,"Sunnyside NE, Sunnyside, Yakima County",310139,Sunnyside NE,2017-12-05 23:49:28.591540
2016-05-21,13:45,62.1,62.0,43.9,51.2,0.0,SW@7.7,12.4,73.4,66.2,10.5,0.0,480,29.75,"Sunnyside NE, Sunnyside, Yakima County",310139,Sunnyside NE,2017-12-05 23:49:28.591540
2016-05-21,14:00,62.2,62.0,43.9,51.0,0.0,SW@6.5,9.2,73.6,66.2,10.5,0.0,523,29.75,"Sunnyside NE, Sunnyside, Yakima County",310139,Sunnyside NE,2017-12-05 23:49:28.591540
2016-05-21,14:15,62.4,62.2,43.6,50.2,0.0,SW@7.7,12.1,73.8,66.3,10.5,0.0,474,29.75,"Sunnyside NE, Sunnyside, Yakima County",310139,Sunnyside NE,2017-12-05 23:49:28.591540
2016-05-21,14:30,61.9,61.7,43.9,51.6,0.0,SW@7.3,12.1,74.1,66.4,10.5,0.0,361,29.75,"Sunnyside NE, Sunnyside, Yakima County",310139,Sunnyside NE,2017-12-05 23:49:28.591540
2016-05-21,14:45,61.5,61.4,44.1,52.8,0.0,SW@7.5,10.7,74.3,66.4,10.5,0.0,283,29.75,"Sunnyside NE, Sunnyside, Yakima County",310139,Sunnyside NE,2017-12-05 23:49:28.591540
2016-05-21,15:00,61.2,61.2,45.0,55.1,0.0,SW@6.6,10.7,74.2,66.5,10.5,0.0,196,29.75,"Sunnyside NE, Sunnyside, Yakima County",310139,Sunnyside NE,2017-12-05 23:49:28.591540
2016-05-21,15:15,60.6,60.6,45.0,56.4,0.0,SW@7.3,11.4,74.0,66.6,10.5,0.0,116,29.76,"Sunnyside NE, Sunnyside, Yakima County",310139,Sunnyside NE,2017-12-05 23:49:28.591540
2016-05-21,15:30,60.0,60.0,46.2,60.3,0.0,SW@9.2,13.5,73.6,66.7,10.5,0.0,157,29.76,"Sunnyside NE, Sunnyside, Yakima County",310139,Sunnyside NE,2017-12-05 23:49:28.591540
2016-05-21,15:45,60.1,60.1,45.7,58.8,0.0,SW@8.9,12.8,73.2,66.7,10.5,0.0,234,29.76,"Sunnyside NE, Sunnyside, Yakima County",310139,Sunnyside NE,2017-12-05 23:49:28.591540
2016-05-21,16:00,60.8,60.7,46.0,58.1,0.0,SW@7.8,11.7,72.7,66.8,10.5,0.0,335,29.76,"Sunnyside NE, Sunnyside, Yakima County",310139,Sunnyside NE,2017-12-05 23:49:28.591540
2016-05-21,16:15,60.1,60.1,45.9,59.2,0.0,SW@7.1,11.0,72.5,66.9,10.5,0.0,187,29.76,"Sunnyside NE, Sunnyside, Yakima County",310139,Sunnyside NE,2017-12-05 23:49:28.591540
2016-05-21,16:30,60.5,60.5,45.9,58.4,0.0,SW@6.7,9.6,72.3,66.9,10.5,0.0,207,29.76,"Sunnyside NE, Sunnyside, Yakima County",310139,Sunnyside NE,2017-12-05 23:49:28.591540
2016-05-21,16:45,60.3,60.3,45.5,58.0,0.0,SW@7.7,9.9,72.1,67.0,10.5,0.0,188,29.76,"Sunnyside NE, Sunnyside, Yakima County",310139,Sunnyside NE,2017-12-05 23:49:28.591540
2016-05-21,17:00,59.9,60.0,45.9,59.6,0.0,SW@6.1,9.2,71.9,67.1,10.5,0.0,146,29.76,"Sunnyside NE, Sunnyside, Yakima County",310139,Sunnyside NE,2017-12-05 23:49:28.591540
2016-05-21,17:15,60.0,60.0,45.2,58.0,0.0,SW@4.9,7.8,71.6,67.1,10.5,0.0,125,29.76,"Sunnyside NE, Sunnyside, Yakima County",310139,Sunnyside NE,2017-12-05 23:49:28.591540
2016-05-21,17:30,60.1,60.2,44.7,56.6,0.0,SW@4.8,7.4,71.4,67.2,10.5,0.0,112,29.76,"Sunnyside NE, Sunnyside, Yakima County",310139,Sunnyside NE,2017-12-05 23:49:28.591540
2016-05-21,17:45,60.3,60.3,44.7,56.4,0.0,SW@3.6,6.0,71.1,67.2,10.5,0.0,88,29.76,"Sunnyside NE, Sunnyside, Yakima County",310139,Sunnyside NE,2017-12-05 23:49:28.591540
2016-05-21,18:00,60.2,60.3,44.1,55.2,0.0,SW@3.9,5.7,70.8,67.3,10.5,0.0,65,29.76,"Sunnyside NE, Sunnyside, Yakima County",310139,Sunnyside NE,2017-12-05 23:49:28.591540
2016-05-21,18:15,60.1,60.1,44.8,57.0,0.0,SW@2.7,3.9,70.5,67.3,10.5,0.0,57,29.76,"Sunnyside NE, Sunnyside, Yakima County",310139,Sunnyside NE,2017-12-05 23:49:28.591540
2016-05-21,18:30,60.1,60.1,45.5,58.5,0.0,S@1.9,2.8,70.2,67.3,10.5,0.0,52,29.76,"Sunnyside NE, Sunnyside, Yakima County",310139,Sunnyside NE,2017-12-05 23:49:28.591540
2016-05-21,18:45,59.9,59.8,46.4,60.9,0.0,SE@1.5,2.4,69.9,67.4,10.5,0.0,36,29.77,"Sunnyside NE, Sunnyside, Yakima County",310139,Sunnyside NE,2017-12-05 23:49:28.591540
2016-05-21,19:00,59.4,59.3,47.1,63.7,0.0,SE@1.5,2.8,69.6,67.4,10.5,0.0,15,29.77,"Sunnyside NE, Sunnyside, Yakima County",310139,Sunnyside NE,2017-12-05 23:49:28.591540
2016-05-21,19:15,59.0,59.0,47.8,66.2,0.0,SE@0.5,2.4,69.2,67.4,10.5,0.0,11,29.77,"Sunnyside NE, Sunnyside, Yakima County",310139,Sunnyside NE,2017-12-05 23:49:28.591540
2016-05-21,19:30,58.8,58.8,46.5,63.6,0.0,S@2.6,5.3,68.9,67.5,10.5,0.0,6,29.78,"Sunnyside NE, Sunnyside, Yakima County",310139,Sunnyside NE,2017-12-05 23:49:28.591540
2016-05-21,19:45,58.2,58.3,45.0,61.3,0.0,S@3.0,5.3,68.6,67.5,10.5,0.0,2,29.78,"Sunnyside NE, Sunnyside, Yakima County",310139,Sunnyside NE,2017-12-05 23:49:28.591540
2016-05-21,20:00,57.7,57.8,44.8,62.1,0.0,S@3.8,6.7,68.2,67.5,10.5,0.0,1,29.78,"Sunnyside NE, Sunnyside, Yakima County",310139,Sunnyside NE,2017-12-05 23:49:28.591540
2016-05-21,20:15,57.1,57.1,45.5,65.2,0.0,S@3.2,6.0,67.8,67.5,10.5,0.0,0,29.78,"Sunnyside NE, Sunnyside, Yakima County",310139,Sunnyside NE,2017-12-05 23:49:28.591540
2016-05-21,20:30,57.1,57.1,45.2,64.4,0.0,SW@3.5,7.4,67.5,67.5,10.5,0.0,0,29.78,"Sunnyside NE, Sunnyside, Yakima County",310139,Sunnyside NE,2017-12-05 23:49:28.591540
2016-05-21,20:45,56.8,56.9,46.0,67.1,0.0,W@2.4,4.6,67.1,67.5,10.5,0.0,0,29.79,"Sunnyside NE, Sunnyside, Yakima County",310139,Sunnyside NE,2017-12-05 23:49:28.591540
2016-05-21,21:00,56.0,56.0,46.2,69.5,0.0,NW@2.2,6.4,66.7,67.5,10.5,0.0,0,29.79,"Sunnyside NE, Sunnyside, Yakima County",310139,Sunnyside NE,2017-12-05 23:49:28.591540
2016-05-21,21:15,55.6,55.6,46.0,70.2,0.0,W@2.1,3.5,66.4,67.5,10.5,0.0,0,29.8,"Sunnyside NE, Sunnyside, Yakima County",310139,Sunnyside NE,2017-12-05 23:49:28.591540
2016-05-21,21:30,55.2,55.2,46.6,72.7,0.0,W@1.7,3.5,66.1,67.5,10.5,0.0,0,29.8,"Sunnyside NE, Sunnyside, Yakima County",310139,Sunnyside NE,2017-12-05 23:49:28.591540
2016-05-21,21:45,54.9,54.9,45.3,70.0,0.0,NW@2.3,3.9,65.7,67.5,10.5,0.0,0,29.81,"Sunnyside NE, Sunnyside, Yakima County",310139,Sunnyside NE,2017-12-05 23:49:28.591540
2016-05-21,22:00,54.6,54.6,44.7,69.2,0.0,W@2.8,3.9,65.4,67.4,10.5,0.0,0,29.81,"Sunnyside NE, Sunnyside, Yakima County",310139,Sunnyside NE,2017-12-05 23:49:28.591540
2016-05-21,22:15,53.8,53.8,45.4,73.1,0.0,SW@2.6,3.9,65.2,67.4,10.5,0.0,0,29.81,"Sunnyside NE, Sunnyside, Yakima County",310139,Sunnyside NE,2017-12-05 23:49:28.591540
2016-05-21,22:30,53.3,53.3,44.2,71.0,0.0,W@1.9,3.5,64.9,67.4,10.5,0.0,0,29.81,"Sunnyside NE, Sunnyside, Yakima County",310139,Sunnyside NE,2017-12-05 23:49:28.591540
2016-05-21,22:45,53.2,53.2,43.8,70.2,0.0,SW@2.3,3.1,64.6,67.4,10.5,0.0,0,29.81,"Sunnyside NE, Sunnyside, Yakima County",310139,Sunnyside NE,2017-12-05 23:49:28.591540
2016-05-21,23:00,52.5,52.5,44.0,72.7,0.0,SW@1.9,3.1,64.3,67.3,10.5,0.0,0,29.82,"Sunnyside NE, Sunnyside, Yakima County",310139,Sunnyside NE,2017-12-05 23:49:28.591540
2016-05-22,23:15,51.7,51.7,44.1,75.0,0.0,SW@1.1,2.4,64.0,67.3,10.5,0.0,0,29.82,"Sunnyside NE, Sunnyside, Yakima County",310139,Sunnyside NE,2017-12-05 23:49:28.591540
2016-05-22,23:30,51.4,51.4,43.8,75.2,0.0,W@1.0,3.1,63.8,67.3,10.5,0.0,0,29.82,"Sunnyside NE, Sunnyside, Yakima County",310139,Sunnyside NE,2017-12-05 23:49:28.591540
2016-05-22,23:45,51.6,51.6,43.0,72.4,0.0,NW@1.6,3.1,63.5,67.2,10.5,0.0,0,29.82,"Sunnyside NE, Sunnyside, Yakima County",310139,Sunnyside NE,2017-12-05 23:49:28.591540
2016-05-22,24:00,51.3,51.3,42.8,72.4,0.0,NW@1.4,2.4,63.2,67.2,10.5,0.0,0,29.82,"Sunnyside NE, Sunnyside, Yakima County",310139,Sunnyside NE,2017-12-05 23:49:28.591540
2016-05-22,00:15,51.3,51.2,42.8,72.6,0.0,NW@1.1,2.1,63.0,67.1,10.5,0.0,0,29.82,"Sunnyside NE, Sunnyside, Yakima County",310139,Sunnyside NE,2017-12-05 23:49:28.591540
2016-05-22,00:30,50.1,50.0,44.8,82.0,0.0,N@1.7,2.8,62.7,67.1,10.5,0.0,0,29.83,"Sunnyside NE, Sunnyside, Yakima County",310139,Sunnyside NE,2017-12-05 23:49:28.591540
2016-05-22,00:45,49.4,49.4,45.5,86.1,0.0,N@2.1,2.8,62.5,67.0,10.5,0.0,0,29.83,"Sunnyside NE, Sunnyside, Yakima County",310139,Sunnyside NE,2017-12-05 23:49:28.591540
2016-05-22,01:00,48.6,48.6,45.1,87.8,0.0,N@1.9,3.1,62.3,67.0,10.5,0.0,0,29.83,"Sunnyside NE, Sunnyside, Yakima County",310139,Sunnyside NE,2017-12-05 23:49:28.591540
2016-05-22,01:15,48.0,48.0,45.0,89.1,0.0,N@2.1,3.1,62.1,66.9,10.5,0.0,0,29.83,"Sunnyside NE, Sunnyside, Yakima County",310139,Sunnyside NE,2017-12-05 23:49:28.591540
2016-05-22,01:30,48.5,48.5,44.4,85.6,0.0,N@2.1,3.5,61.9,66.9,10.5,0.0,0,29.83,"Sunnyside NE, Sunnyside, Yakima County",310139,Sunnyside NE,2017-12-05 23:49:28.591540
2016-05-22,01:45,49.4,49.3,44.3,82.6,0.0,N@1.6,2.1,61.7,66.8,10.4,0.0,0,29.83,"Sunnyside NE, Sunnyside, Yakima County",310139,Sunnyside NE,2017-12-05 23:49:28.591540
2016-05-22,02:00,48.7,48.7,45.2,87.5,0.0,N@2.2,3.1,61.6,66.8,10.4,0.0,0,29.84,"Sunnyside NE, Sunnyside, Yakima County",310139,Sunnyside NE,2017-12-05 23:49:28.591540
2016-05-22,02:15,48.9,49.0,44.4,84.1,0.0,N@2.4,3.1,61.4,66.7,10.4,0.0,0,29.84,"Sunnyside NE, Sunnyside, Yakima County",310139,Sunnyside NE,2017-12-05 23:49:28.591540
2016-05-22,02:30,49.4,49.5,43.5,79.8,0.0,N@1.7,3.1,61.3,66.6,10.4,0.0,0,29.84,"Sunnyside NE, Sunnyside, Yakima County",310139,Sunnyside NE,2017-12-05 23:49:28.591540
2016-05-22,02:45,48.8,48.8,44.3,84.3,0.0,N@2.2,3.5,61.1,66.6,10.4,0.0,0,29.84,"Sunnyside NE, Sunnyside, Yakima County",310139,Sunnyside NE,2017-12-05 23:49:28.591540
2016-05-22,03:00,48.5,48.5,44.0,84.3,0.0,N@2.3,2.8,61.0,66.5,10.4,0.0,0,29.84,"Sunnyside NE, Sunnyside, Yakima County",310139,Sunnyside NE,2017-12-05 23:49:28.591540
2016-05-22,03:15,48.8,48.8,43.5,81.8,0.0,N@1.4,3.1,60.8,66.5,10.4,0.0,0,29.84,"Sunnyside NE, Sunnyside, Yakima County",310139,Sunnyside NE,2017-12-05 23:49:28.591540
2016-05-22,03:30,49.5,49.5,42.7,77.2,0.0,N@1.3,2.4,60.7,66.4,10.4,0.0,0,29.84,"Sunnyside NE, Sunnyside, Yakima County",310139,Sunnyside NE,2017-12-05 23:49:28.591540
2016-05-22,03:45,48.7,48.7,43.7,82.6,0.0,N@2.5,3.5,60.6,66.3,10.4,0.0,0,29.84,"Sunnyside NE, Sunnyside, Yakima County",310139,Sunnyside NE,2017-12-05 23:49:28.591540
2016-05-22,04:00,48.9,48.9,42.4,78.2,0.0,NE@2.8,4.6,60.4,66.3,10.5,0.0,0,29.85,"Sunnyside NE, Sunnyside, Yakima County",310139,Sunnyside NE,2017-12-05 23:49:28.591540
2016-05-22,04:15,49.3,49.3,41.8,75.4,0.0,NE@2.2,4.2,60.3,66.2,10.5,0.0,1,29.85,"Sunnyside NE, Sunnyside, Yakima County",310139,Sunnyside NE,2017-12-05 23:49:28.591540
2016-05-22,04:30,48.5,48.5,42.9,80.8,0.0,N@0.7,2.1,60.1,66.1,10.5,0.0,2,29.85,"Sunnyside NE, Sunnyside, Yakima County",310139,Sunnyside NE,2017-12-05 23:49:28.591540
2016-05-22,04:45,47.9,47.9,43.5,84.5,0.0,N@1.8,3.1,60.0,66.1,10.5,0.0,9,29.86,"Sunnyside NE, Sunnyside, Yakima County",310139,Sunnyside NE,2017-12-05 23:49:28.591540
2016-05-22,05:00,48.4,48.4,43.1,81.8,0.0,NE@1.3,2.1,59.9,66.0,10.5,0.0,24,29.86,"Sunnyside NE, Sunnyside, Yakima County",310139,Sunnyside NE,2017-12-05 23:49:28.591540
2016-05-22,05:15,48.5,48.5,44.3,85.4,0.0,N@2.1,2.8,59.8,65.9,10.5,0.0,32,29.86,"Sunnyside NE, Sunnyside, Yakima County",310139,Sunnyside NE,2017-12-05 23:49:28.591540
2016-05-22,05:30,49.4,49.5,44.5,83.0,0.0,NE@1.3,2.4,59.7,65.9,10.5,0.0,41,29.87,"Sunnyside NE, Sunnyside, Yakima County",310139,Sunnyside NE,2017-12-05 23:49:28.591540
2016-05-22,05:45,50.7,50.7,43.5,76.1,0.0,N@1.0,2.8,59.7,65.8,10.5,0.0,56,29.87,"Sunnyside NE, Sunnyside, Yakima County",310139,Sunnyside NE,2017-12-05 23:49:28.591540
2016-05-22,06:00,52.0,52.0,41.8,68.2,0.0,W@2.4,6.7,59.7,65.7,10.4,0.0,64,29.87,"Sunnyside NE, Sunnyside, Yakima County",310139,Sunnyside NE,2017-12-05 23:49:28.591540
2016-05-22,06:15,52.2,52.2,41.1,65.8,0.0,W@3.0,4.6,59.7,65.7,10.4,0.0,75,29.87,"Sunnyside NE, Sunnyside, Yakima County",310139,Sunnyside NE,2017-12-05 23:49:28.591540
2016-05-22,06:30,52.2,52.3,41.2,66.0,0.0,W@3.0,5.7,59.9,65.6,10.4,0.0,76,29.87,"Sunnyside NE, Sunnyside, Yakima County",310139,Sunnyside NE,2017-12-05 23:49:28.591540
2016-05-22,06:45,52.4,52.4,41.9,67.5,0.0,W@2.8,3.9,60.0,65.5,10.4,0.0,87,29.87,"Sunnyside NE, Sunnyside, Yakima County",310139,Sunnyside NE,2017-12-05 23:49:28.591540
2016-05-22,07:00,52.5,52.5,42.1,67.6,0.0,W@2.5,4.2,60.1,65.5,10.4,0.0,96,29.87,"Sunnyside NE, Sunnyside, Yakima County",310139,Sunnyside NE,2017-12-05 23:49:28.591540
2016-05-22,07:15,52.9,52.9,41.7,65.7,0.0,W@3.1,5.7,60.3,65.4,10.4,0.0,111,29.87,"Sunnyside NE, Sunnyside, Yakima County",310139,Sunnyside NE,2017-12-05 23:49:28.591540
2016-05-22,07:30,53.2,53.2,40.5,61.9,0.0,W@3.5,4.9,60.4,65.4,10.4,0.0,138,29.87,"Sunnyside NE, Sunnyside, Yakima County",310139,Sunnyside NE,2017-12-05 23:49:28.591540
2016-05-22,07:45,53.6,53.6,40.3,60.7,0.0,W@2.5,4.2,60.6,65.3,10.4,0.0,180,29.87,"Sunnyside NE, Sunnyside, Yakima County",310139,Sunnyside NE,2017-12-05 23:49:28.591540
2016-05-22,08:00,54.3,54.4,41.2,60.9,0.0,NW@2.1,3.5,60.9,65.2,10.4,0.0,222,29.87,"Sunnyside NE, Sunnyside, Yakima County",310139,Sunnyside NE,2017-12-05 23:49:28.591540
2016-05-22,08:15,55.0,55.0,41.1,59.3,0.0,W@2.2,3.9,61.2,65.2,10.4,0.0,251,29.87,"Sunnyside NE, Sunnyside, Yakima County",310139,Sunnyside NE,2017-12-05 23:49:28.591540
2016-05-22,08:30,55.7,55.8,41.4,58.3,0.0,W@2.3,3.9,61.7,65.1,10.4,0.0,306,29.87,"Sunnyside NE, Sunnyside, Yakima County",310139,Sunnyside NE,2017-12-05 23:49:28.591540
2016-05-22,08:45,56.4,56.4,41.6,57.5,0.0,SW@2.4,4.2,62.2,65.1,10.4,0.0,308,29.87,"Sunnyside NE, Sunnyside, Yakima County",310139,Sunnyside NE,2017-12-05 23:49:28.591540
2016-05-22,09:00,57.1,57.0,41.7,56.2,0.0,W@4.1,6.7,62.8,65.0,10.4,0.0,339,29.86,"Sunnyside NE, Sunnyside, Yakima County",310139,Sunnyside NE,2017-12-05 23:49:28.591540
2016-05-22,09:15,58.0,57.9,42.2,55.5,0.0,W@4.0,6.0,63.4,65.0,10.4,0.0,383,29.86,"Sunnyside NE, Sunnyside, Yakima County",310139,Sunnyside NE,2017-12-05 23:49:28.591540
2016-05-22,09:30,58.8,58.8,42.3,54.0,0.0,W@3.4,6.4,64.1,64.9,10.4,0.0,386,29.86,"Sunnyside NE, Sunnyside, Yakima County",310139,Sunnyside NE,2017-12-05 23:49:28.591540
2016-05-22,09:45,60.5,60.4,42.0,50.4,0.0,W@4.7,8.5,64.8,64.9,10.4,0.0,567,29.86,"Sunnyside NE, Sunnyside, Yakima County",310139,Sunnyside NE,2017-12-05 23:49:28.591540
2016-05-22,10:00,61.6,61.5,42.1,48.6,0.0,W@4.4,8.2,65.7,64.8,10.4,0.0,552,29.85,"Sunnyside NE, Sunnyside, Yakima County",310139,Sunnyside NE,2017-12-05 23:49:28.591540
2016-05-22,10:15,62.4,62.2,41.5,46.2,0.0,W@3.9,7.8,66.7,64.8,10.4,0.0,598,29.85,"Sunnyside NE, Sunnyside, Yakima County",310139,Sunnyside NE,2017-12-05 23:49:28.591540
2016-05-22,10:30,64.4,64.2,41.1,42.4,0.0,W@5.8,16.7,67.6,64.8,10.4,0.0,865,29.85,"Sunnyside NE, Sunnyside, Yakima County",310139,Sunnyside NE,2017-12-05 23:49:28.591540
2016-05-22,10:45,65.2,65.0,39.8,39.2,0.0,W@8.5,14.6,68.3,64.8,10.4,0.0,792,29.85,"Sunnyside NE, Sunnyside, Yakima County",310139,Sunnyside NE,2017-12-05 23:49:28.591540
2016-05-22,11:00,65.0,64.8,39.4,38.9,0.0,W@8.9,15.3,69.0,64.8,10.4,0.0,639,29.85,"Sunnyside NE, Sunnyside, Yakima County",310139,Sunnyside NE,2017-12-05 23:49:28.591540
2016-05-22,11:15,65.7,65.5,39.1,37.5,0.0,SW@11.2,19.2,70.0,64.8,10.5,0.0,683,29.84,"Sunnyside NE, Sunnyside, Yakima County",310139,Sunnyside NE,2017-12-05 23:49:28.591540
2016-05-22,11:30,65.7,65.5,38.8,37.1,0.0,SW@10.2,14.6,71.2,64.8,10.5,0.0,690,29.84,"Sunnyside NE, Sunnyside, Yakima County",310139,Sunnyside NE,2017-12-05 23:49:28.591540
2016-05-22,11:45,66.0,65.8,39.0,37.0,0.0,W@10.1,16.4,72.2,64.8,10.5,0.0,731,29.84,"Sunnyside NE, Sunnyside, Yakima County",310139,Sunnyside NE,2017-12-05 23:49:28.591540
2016-05-22,12:00,66.9,66.6,39.1,36.0,0.0,W@10.8,16.0,73.2,64.9,10.5,0.0,816,29.83,"Sunnyside NE, Sunnyside, Yakima County",310139,Sunnyside NE,2017-12-05 23:49:28.591540
2016-05-22,12:15,65.6,65.4,38.9,37.5,0.0,W@10.5,18.5,74.3,64.9,10.5,0.0,485,29.83,"Sunnyside NE, Sunnyside, Yakima County",310139,Sunnyside NE,2017-12-05 23:49:28.591540
2016-05-22,12:30,65.7,65.5,38.6,36.8,0.0,SW@13.7,20.7,75.1,65.0,10.5,0.0,531,29.83,"Sunnyside NE, Sunnyside, Yakima County",310139,Sunnyside NE,2017-12-05 23:49:28.591540
2016-05-22,12:45,67.3,67.1,38.3,34.4,0.0,SW@12.7,20.0,75.5,65.0,10.5,0.0,868,29.83,"Sunnyside NE, Sunnyside, Yakima County",310139,Sunnyside NE,2017-12-05 23:49:28.591540
2016-05-22,13:00,68.4,68.2,38.5,33.4,0.0,SW@10.4,17.8,75.9,65.1,10.5,0.0,910,29.83,"Sunnyside NE, Sunnyside, Yakima County",310139,Sunnyside NE,2017-12-05 23:49:28.591540
2016-05-22,13:15,68.8,68.6,38.4,32.7,0.0,SW@11.0,18.5,76.6,65.2,10.5,0.0,848,29.83,"Sunnyside NE, Sunnyside, Yakima County",310139,Sunnyside NE,2017-12-05 23:49:28.591540
2016-05-22,13:30,69.1,68.9,38.7,32.7,0.0,SW@11.3,21.8,77.6,65.3,10.5,0.0,717,29.82,"Sunnyside NE, Sunnyside, Yakima County",310139,Sunnyside NE,2017-12-05 23:49:28.591540
2016-05-22,13:45,68.5,68.2,38.9,33.8,0.0,SW@13.9,20.3,78.5,65.3,10.5,0.0,853,29.83,"Sunnyside NE, Sunnyside, Yakima County",310139,Sunnyside NE,2017-12-05 23:49:28.591540
2016-05-22,14:00,69.0,68.8,38.4,32.6,0.0,SW@12.4,21.4,79.1,65.4,10.5,0.0,837,29.83,"Sunnyside NE, Sunnyside, Yakima County",310139,Sunnyside NE,2017-12-05 23:49:28.591540
2016-05-22,14:15,69.0,68.7,38.1,32.2,0.0,SW@12.8,18.5,79.7,65.5,10.5,0.0,782,29.83,"Sunnyside NE, Sunnyside, Yakima County",310139,Sunnyside NE,2017-12-05 23:49:28.591540
2016-05-22,14:30,69.2,68.9,38.9,33.0,0.0,SW@13.3,22.1,80.2,65.6,10.5,0.0,707,29.82,"Sunnyside NE, Sunnyside, Yakima County",310139,Sunnyside NE,2017-12-05 23:49:28.591540
2016-05-22,14:45,69.5,69.2,39.2,33.1,0.0,SW@12.9,20.3,80.5,65.7,10.5,0.0,766,29.82,"Sunnyside NE, Sunnyside, Yakima County",310139,Sunnyside NE,2017-12-05 23:49:28.591540
2016-05-22,15:00,69.2,68.9,39.0,33.1,0.0,SW@14.7,22.1,80.8,65.9,10.5,0.0,731,29.82,"Sunnyside NE, Sunnyside, Yakima County",310139,Sunnyside NE,2017-12-05 23:49:28.591540
2016-05-22,15:15,69.1,68.8,39.4,33.8,0.0,SW@14.7,22.5,81.0,66.0,10.5,0.0,664,29.82,"Sunnyside NE, Sunnyside, Yakima County",310139,Sunnyside NE,2017-12-05 23:49:28.591540
2016-05-22,15:30,68.6,68.3,38.9,33.8,0.0,SW@15.4,22.8,81.1,66.1,10.5,0.0,656,29.83,"Sunnyside NE, Sunnyside, Yakima County",310139,Sunnyside NE,2017-12-05 23:49:28.591540
2016-05-22,15:45,68.8,68.5,39.3,33.9,0.0,SW@14.2,22.1,81.0,66.2,10.5,0.0,614,29.82,"Sunnyside NE, Sunnyside, Yakima County",310139,Sunnyside NE,2017-12-05 23:49:28.591540
2016-05-22,16:00,68.8,68.6,39.5,34.1,0.0,SW@12.9,19.2,80.9,66.4,10.6,0.0,552,29.82,"Sunnyside NE, Sunnyside, Yakima County",310139,Sunnyside NE,2017-12-05 23:49:28.591540
2016-05-22,16:15,68.8,68.5,38.7,33.1,0.0,SW@13.8,18.9,80.7,66.5,10.6,0.0,590,29.83,"Sunnyside NE, Sunnyside, Yakima County",310139,Sunnyside NE,2017-12-05 23:49:28.591540
2016-05-22,16:30,68.5,68.2,39.2,34.1,0.0,SW@13.4,20.0,80.4,66.6,10.6,0.0,508,29.83,"Sunnyside NE, Sunnyside, Yakima County",310139,Sunnyside NE,2017-12-05 23:49:28.591540
2016-05-22,16:45,67.3,67.1,39.6,36.2,0.0,SW@13.5,20.7,80.2,66.7,10.6,0.0,333,29.83,"Sunnyside NE, Sunnyside, Yakima County",310139,Sunnyside NE,2017-12-05 23:49:28.591540
2016-05-22,17:00,66.7,66.5,39.4,36.6,0.0,SW@14.7,20.7,79.8,66.9,10.6,0.0,353,29.83,"Sunnyside NE, Sunnyside, Yakima County",310139,Sunnyside NE,2017-12-05 23:49:28.591540
2016-05-22,17:15,66.6,66.4,39.5,37.0,0.0,SW@13.5,20.3,79.2,67.0,10.6,0.0,303,29.83,"Sunnyside NE, Sunnyside, Yakima County",310139,Sunnyside NE,2017-12-05 23:49:28.591540
2016-05-22,17:30,65.6,65.5,39.3,37.8,0.0,SW@14.3,21.4,78.5,67.1,10.6,0.0,237,29.84,"Sunnyside NE, Sunnyside, Yakima County",310139,Sunnyside NE,2017-12-05 23:49:28.591540
2016-05-22,17:45,65.8,65.6,39.5,37.9,0.0,SW@12.2,17.5,77.8,67.2,10.6,0.0,254,29.84,"Sunnyside NE, Sunnyside, Yakima County",310139,Sunnyside NE,2017-12-05 23:49:28.591540
2016-05-22,18:00,65.1,64.9,39.7,39.1,0.0,SW@11.5,17.5,77.2,67.3,10.6,0.0,223,29.84,"Sunnyside NE, Sunnyside, Yakima County",310139,Sunnyside NE,2017-12-05 23:49:28.591540
2016-05-22,18:15,64.9,64.7,40.4,40.5,0.0,SW@11.8,16.7,76.5,67.4,10.6,0.0,199,29.84,"Sunnyside NE, Sunnyside, Yakima County",310139,Sunnyside NE,2017-12-05 23:49:28.591540
2016-05-22,18:30,64.1,63.9,40.6,42.1,0.0,SW@10.1,16.7,75.8,67.5,10.6,0.0,149,29.85,"Sunnyside NE, Sunnyside, Yakima County",310139,Sunnyside NE,2017-12-05 23:49:28.591540
2016-05-22,18:45,63.2,63.0,40.2,42.8,0.0,SW@11.3,19.2,75.1,67.6,10.6,0.0,114,29.85,"Sunnyside NE, Sunnyside, Yakima County",310139,Sunnyside NE,2017-12-05 23:49:28.591540
2016-05-22,19:00,62.2,62.0,40.2,44.2,0.0,SW@11.3,18.2,74.4,67.7,10.6,0.0,88,29.85,"Sunnyside NE, Sunnyside, Yakima County",310139,Sunnyside NE,2017-12-05 23:49:28.591540
2016-05-22,19:15,60.8,60.8,40.5,47.0,0.0,SW@10.8,16.4,73.7,67.8,10.6,0.0,41,29.85,"Sunnyside NE, Sunnyside, Yakima County",310139,Sunnyside NE,2017-12-05 23:49:28.591540
2016-05-22,19:30,59.3,59.4,41.2,50.9,0.0,SW@7.7,12.4,73.0,67.8,10.6,0.0,14,29.85,"Sunnyside NE, Sunnyside, Yakima County",310139,Sunnyside NE,2017-12-05 23:49:28.591540
2016-05-22,19:45,58.6,58.7,41.3,52.4,0.0,SW@8.0,10.3,72.3,67.9,10.6,0.0,3,29.86,"Sunnyside NE, Sunnyside, Yakima County",310139,Sunnyside NE,2017-12-05 23:49:28.591540
2016-05-22,20:00,58.2,58.3,41.3,53.3,0.0,SW@7.4,11.0,71.7,67.9,10.5,0.0,2,29.86,"Sunnyside NE, Sunnyside, Yakima County",310139,Sunnyside NE,2017-12-05 23:49:28.591540
2016-05-22,20:15,57.6,57.7,41.3,54.4,0.0,SW@7.5,11.4,71.0,68.0,10.5,0.0,0,29.87,"Sunnyside NE, Sunnyside, Yakima County",310139,Sunnyside NE,2017-12-05 23:49:28.591540
2016-05-22,20:30,57.3,57.4,41.1,54.6,0.0,SW@7.7,12.4,70.3,68.0,10.5,0.0,0,29.87,"Sunnyside NE, Sunnyside, Yakima County",310139,Sunnyside NE,2017-12-05 23:49:28.591540
2016-05-22,20:45,56.4,56.5,41.4,57.0,0.0,SW@6.4,9.2,69.7,68.0,10.5,0.0,0,29.87,"Sunnyside NE, Sunnyside, Yakima County",310139,Sunnyside NE,2017-12-05 23:49:28.591540
2016-05-22,21:00,54.7,54.8,41.6,61.2,0.0,NW@3.2,7.4,69.1,68.0,10.5,0.0,0,29.88,"Sunnyside NE, Sunnyside, Yakima County",310139,Sunnyside NE,2017-12-05 23:49:28.591540
2016-05-22,21:15,50.4,50.3,41.5,71.3,0.0,N@3.2,3.5,68.6,68.0,10.5,0.0,0,29.88,"Sunnyside NE, Sunnyside, Yakima County",310139,Sunnyside NE,2017-12-05 23:49:28.591540
2016-05-22,21:30,48.0,47.9,41.4,77.7,0.0,N@3.3,4.2,68.0,68.1,10.5,0.0,0,29.88,"Sunnyside NE, Sunnyside, Yakima County",310139,Sunnyside NE,2017-12-05 23:49:28.591540
2016-05-22,21:45,47.3,47.4,40.1,75.9,0.0,N@3.4,4.6,67.4,68.0,10.5,0.0,0,29.89,"Sunnyside NE, Sunnyside, Yakima County",310139,Sunnyside NE,2017-12-05 23:49:28.591540
2016-05-22,22:00,46.8,46.9,40.1,77.4,0.0,N@3.0,3.9,66.8,68.0,10.5,0.0,0,29.89,"Sunnyside NE, Sunnyside, Yakima County",310139,Sunnyside NE,2017-12-05 23:49:28.591540
2016-05-22,22:15,46.6,46.6,40.4,78.9,0.0,N@3.2,4.2,66.3,68.0,10.5,0.0,0,29.89,"Sunnyside NE, Sunnyside, Yakima County",310139,Sunnyside NE,2017-12-05 23:49:28.591540
2016-05-22,22:30,46.2,46.4,39.5,77.1,0.0,N@3.8,4.6,65.7,68.0,10.5,0.0,0,29.89,"Sunnyside NE, Sunnyside, Yakima County",310139,Sunnyside NE,2017-12-05 23:49:28.591540
2016-05-22,22:45,46.3,46.6,38.6,74.3,0.0,N@4.1,5.3,65.2,68.0,10.6,0.0,0,29.89,"Sunnyside NE, Sunnyside, Yakima County",310139,Sunnyside NE,2017-12-05 23:49:28.591540
2016-05-22,23:00,45.6,45.8,38.6,76.3,0.0,N@3.6,5.3,64.7,67.9,10.6,0.0,0,29.89,"Sunnyside NE, Sunnyside, Yakima County",310139,Sunnyside NE,2017-12-05 23:49:28.591540
2016-05-23,23:15,44.2,44.3,39.7,84.0,0.0,N@3.1,3.9,64.2,67.9,10.6,0.0,0,29.89,"Sunnyside NE, Sunnyside, Yakima County",310139,Sunnyside NE,2017-12-05 23:49:28.591540
2016-05-23,23:30,44.4,44.5,39.9,84.3,0.0,N@3.4,4.2,63.8,67.8,10.6,0.0,0,29.88,"Sunnyside NE, Sunnyside, Yakima County",310139,Sunnyside NE,2017-12-05 23:49:28.591540
2016-05-23,23:45,45.2,45.4,39.0,78.5,0.0,N@4.1,4.6,63.3,67.8,10.5,0.0,0,29.88,"Sunnyside NE, Sunnyside, Yakima County",310139,Sunnyside NE,2017-12-05 23:49:28.591540
2016-05-23,24:00,45.3,45.5,38.9,78.2,0.0,N@4.0,4.9,62.9,67.7,10.5,0.0,0,29.88,"Sunnyside NE, Sunnyside, Yakima County",310139,Sunnyside NE,2017-12-05 23:49:28.591540
