Date,Time PST,Air Temp °F, 2<sup>nd</sup> Air Temp °F, Dew Point °F, Rel Hum %, Leaf Wet u., Wind Dir @ Speed mph, Wind Gust mph, 2 in. Soil Tmp °F, 8 in. Soil Tmp °F, Soil VWC %, Tot Prec in, Solar Rad W/m², Atm. Press. inHg,Location,Station ID,Station Name,Download Timestamp
2016-12-31,00:15,23.5,23.5,21.4,96.2,0.0,N@0.9,2.4,33.6,34.6,37.0,0.0,0,30.22,"Pendleton, Pendleton, Umatilla County",300300,Pendleton,2017-11-20 20:24:48.492684
2016-12-31,00:30,22.6,22.6,20.3,96.2,0.0,NW@1.0,2.8,33.5,34.6,36.9,0.0,0,30.22,"Pendleton, Pendleton, Umatilla County",300300,Pendleton,2017-11-20 20:24:48.492684
2016-12-31,00:45,22.1,22.1,19.8,96.3,0.0,NW@0.7,2.1,33.5,34.6,36.9,0.0,0,30.22,"Pendleton, Pendleton, Umatilla County",300300,Pendleton,2017-11-20 20:24:48.492684
2016-12-31,01:00,23.3,23.0,20.4,93.3,0.0,N@1.4,3.1,33.5,34.6,36.8,0.0,0,30.22,"Pendleton, Pendleton, Umatilla County",300300,Pendleton,2017-11-20 20:24:48.492684
2016-12-31,01:15,23.3,23.3,21.2,96.7,0.0,NE@2.5,3.9,33.5,34.6,36.8,0.0,0,30.22,"Pendleton, Pendleton, Umatilla County",300300,Pendleton,2017-11-20 20:24:48.492684
2016-12-31,01:30,22.8,22.8,20.8,97.0,0.0,N@0.4,1.7,33.4,34.6,36.8,0.0,0,30.22,"Pendleton, Pendleton, Umatilla County",300300,Pendleton,2017-11-20 20:24:48.492684
2016-12-31,01:45,23.0,23.0,20.9,96.5,0.0,NE@0.7,2.4,33.4,34.6,36.7,0.0,0,30.22,"Pendleton, Pendleton, Umatilla County",300300,Pendleton,2017-11-20 20:24:48.492684
2016-12-31,02:00,22.4,22.4,20.0,95.8,0.0,N@0.6,2.4,33.4,34.6,36.7,0.0,0,30.22,"Pendleton, Pendleton, Umatilla County",300300,Pendleton,2017-11-20 20:24:48.492684
2016-12-31,02:15,21.7,21.7,19.2,95.4,0.0,NW@1.5,2.8,33.4,34.6,36.6,0.0,0,30.22,"Pendleton, Pendleton, Umatilla County",300300,Pendleton,2017-11-20 20:24:48.492684
2016-12-31,02:30,22.4,22.4,19.6,94.2,0.0,NW@0.4,2.4,33.4,34.6,36.6,0.0,0,30.21,"Pendleton, Pendleton, Umatilla County",300300,Pendleton,2017-11-20 20:24:48.492684
2016-12-31,02:45,22.1,22.1,19.5,95.3,0.0,W@2.3,3.9,33.3,34.6,36.6,0.0,0,30.21,"Pendleton, Pendleton, Umatilla County",300300,Pendleton,2017-11-20 20:24:48.492684
2016-12-31,03:00,22.4,22.4,19.9,95.2,0.0,W@2.0,3.9,33.3,34.6,36.5,0.0,0,30.21,"Pendleton, Pendleton, Umatilla County",300300,Pendleton,2017-11-20 20:24:48.492684
2016-12-31,03:15,22.1,22.1,19.6,95.3,0.0,SW@1.0,2.8,33.3,34.6,36.5,0.0,0,30.2,"Pendleton, Pendleton, Umatilla County",300300,Pendleton,2017-11-20 20:24:48.492684
2016-12-31,03:30,22.7,22.7,20.3,95.5,0.0,SW@1.9,3.5,33.3,34.6,36.5,0.0,0,30.2,"Pendleton, Pendleton, Umatilla County",300300,Pendleton,2017-11-20 20:24:48.492684
2016-12-31,03:45,24.3,24.3,22.1,95.6,0.0,N@2.2,4.6,33.3,34.6,36.4,0.0,0,30.19,"Pendleton, Pendleton, Umatilla County",300300,Pendleton,2017-11-20 20:24:48.492684
2016-12-31,04:00,23.6,23.6,21.4,96.0,0.0,NW@2.0,4.2,33.2,34.6,36.4,0.0,0,30.19,"Pendleton, Pendleton, Umatilla County",300300,Pendleton,2017-11-20 20:24:48.492684
2016-12-31,04:15,22.8,22.8,20.4,95.5,0.0,SW@0.5,2.1,33.2,34.6,36.3,0.0,0,30.18,"Pendleton, Pendleton, Umatilla County",300300,Pendleton,2017-11-20 20:24:48.492684
2016-12-31,04:30,23.4,23.4,21.3,96.5,0.0,W@0.9,2.1,33.2,34.6,36.3,0.0,0,30.17,"Pendleton, Pendleton, Umatilla County",300300,Pendleton,2017-11-20 20:24:48.492684
2016-12-31,04:45,23.0,23.0,20.9,97.0,0.0,NW@1.6,3.1,33.2,34.6,36.3,0.0,0,30.16,"Pendleton, Pendleton, Umatilla County",300300,Pendleton,2017-11-20 20:24:48.492684
2016-12-31,05:00,21.3,21.3,19.1,97.4,0.0,W@1.5,3.1,33.2,34.6,36.2,0.0,0,30.16,"Pendleton, Pendleton, Umatilla County",300300,Pendleton,2017-11-20 20:24:48.492684
2016-12-31,05:15,20.8,20.8,18.6,97.2,0.0,SW@1.6,2.8,33.2,34.6,36.2,0.0,0,30.15,"Pendleton, Pendleton, Umatilla County",300300,Pendleton,2017-11-20 20:24:48.492684
2016-12-31,05:30,21.4,21.4,19.1,96.7,0.0,W@0.1,1.7,33.2,34.5,36.2,0.0,0,30.14,"Pendleton, Pendleton, Umatilla County",300300,Pendleton,2017-11-20 20:24:48.492684
2016-12-31,05:45,21.9,21.9,19.6,96.4,0.0,W@0.5,2.1,33.1,34.5,36.1,0.0,0,30.14,"Pendleton, Pendleton, Umatilla County",300300,Pendleton,2017-11-20 20:24:48.492684
2016-12-31,06:00,21.3,21.3,18.9,96.4,0.0,SW@1.9,3.1,33.1,34.5,36.1,0.0,0,30.13,"Pendleton, Pendleton, Umatilla County",300300,Pendleton,2017-11-20 20:24:48.492684
2016-12-31,06:15,19.7,19.7,17.0,95.7,0.0,SW@2.3,3.1,33.1,34.5,36.1,0.0,0,30.13,"Pendleton, Pendleton, Umatilla County",300300,Pendleton,2017-11-20 20:24:48.492684
2016-12-31,06:30,21.0,21.0,18.4,95.6,0.0,S@0.9,2.4,33.1,34.5,36.0,0.0,0,30.13,"Pendleton, Pendleton, Umatilla County",300300,Pendleton,2017-11-20 20:24:48.492684
2016-12-31,06:45,21.6,21.6,19.0,95.0,0.0,SW@1.6,2.4,33.1,34.5,36.0,0.0,0,30.13,"Pendleton, Pendleton, Umatilla County",300300,Pendleton,2017-11-20 20:24:48.492684
2016-12-31,07:00,20.8,20.8,18.1,95.3,0.0,W@0.9,2.8,33.1,34.5,36.0,0.0,0,30.12,"Pendleton, Pendleton, Umatilla County",300300,Pendleton,2017-11-20 20:24:48.492684
2016-12-31,07:15,20.4,20.4,17.8,95.7,0.0,NE@0.2,1.7,33.1,34.5,35.9,0.0,0,30.12,"Pendleton, Pendleton, Umatilla County",300300,Pendleton,2017-11-20 20:24:48.492684
2016-12-31,07:30,20.4,20.4,17.8,95.5,0.0,NE@1.2,3.9,33.1,34.5,35.9,0.0,2,30.12,"Pendleton, Pendleton, Umatilla County",300300,Pendleton,2017-11-20 20:24:48.492684
2016-12-31,07:45,19.9,19.9,16.6,93.3,0.0,E@1.2,3.1,33.0,34.5,35.8,0.0,6,30.11,"Pendleton, Pendleton, Umatilla County",300300,Pendleton,2017-11-20 20:24:48.492684
2016-12-31,08:00,19.7,19.7,16.7,94.4,0.0,W@0.2,2.8,33.0,34.5,35.8,0.0,25,30.11,"Pendleton, Pendleton, Umatilla County",300300,Pendleton,2017-11-20 20:24:48.492684
2016-12-31,08:15,21.9,21.9,19.2,94.8,0.0,NE@0.1,1.4,33.0,34.5,35.8,0.0,73,30.11,"Pendleton, Pendleton, Umatilla County",300300,Pendleton,2017-11-20 20:24:48.492684
2016-12-31,08:30,22.5,22.5,19.9,94.7,0.0,N@0.6,3.1,33.0,34.5,35.7,0.0,104,30.1,"Pendleton, Pendleton, Umatilla County",300300,Pendleton,2017-11-20 20:24:48.492684
2016-12-31,08:45,24.4,24.4,21.9,94.5,0.0,E@2.3,3.1,33.0,34.5,35.7,0.0,135,30.1,"Pendleton, Pendleton, Umatilla County",300300,Pendleton,2017-11-20 20:24:48.492684
2016-12-31,09:00,29.0,29.0,27.0,94.1,0.0,SE@1.7,3.9,33.0,34.5,35.7,0.0,164,30.09,"Pendleton, Pendleton, Umatilla County",300300,Pendleton,2017-11-20 20:24:48.492684
2016-12-31,09:15,30.0,30.0,27.9,93.1,0.0,S@2.6,4.2,33.0,34.5,35.7,0.0,192,30.08,"Pendleton, Pendleton, Umatilla County",300300,Pendleton,2017-11-20 20:24:48.492684
2016-12-31,09:30,27.4,27.4,24.4,91.1,0.0,NW@2.2,3.1,33.0,34.5,35.7,0.0,216,30.07,"Pendleton, Pendleton, Umatilla County",300300,Pendleton,2017-11-20 20:24:48.492684
2016-12-31,09:45,28.3,28.3,24.9,89.5,0.0,NW@2.0,3.1,33.0,34.5,35.6,0.0,240,30.07,"Pendleton, Pendleton, Umatilla County",300300,Pendleton,2017-11-20 20:24:48.492684
2016-12-31,10:00,30.2,30.2,26.9,88.9,0.04,NW@1.6,3.1,33.0,34.5,35.6,0.0,270,30.06,"Pendleton, Pendleton, Umatilla County",300300,Pendleton,2017-11-20 20:24:48.492684
2016-12-31,10:15,31.5,31.5,27.4,85.4,0.07,NW@1.6,3.5,33.0,34.5,35.6,0.0,325,30.05,"Pendleton, Pendleton, Umatilla County",300300,Pendleton,2017-11-20 20:24:48.492684
2016-12-31,10:30,34.1,34.1,28.8,80.8,0.15,E@2.2,3.1,33.0,34.5,35.5,0.0,341,30.03,"Pendleton, Pendleton, Umatilla County",300300,Pendleton,2017-11-20 20:24:48.492684
2016-12-31,10:45,36.5,36.5,29.1,74.4,0.24,SE@5.6,8.5,33.0,34.5,35.5,0.0,356,30.02,"Pendleton, Pendleton, Umatilla County",300300,Pendleton,2017-11-20 20:24:48.492684
2016-12-31,11:00,37.2,37.2,27.6,68.0,0.21,SE@5.2,7.1,33.0,34.5,35.4,0.0,365,30.0,"Pendleton, Pendleton, Umatilla County",300300,Pendleton,2017-11-20 20:24:48.492684
2016-12-31,11:15,39.1,39.1,22.5,51.0,0.24,S@2.9,5.7,33.0,34.5,35.4,0.0,370,29.99,"Pendleton, Pendleton, Umatilla County",300300,Pendleton,2017-11-20 20:24:48.492684
2016-12-31,11:30,38.5,38.5,19.5,46.0,0.16,SW@3.7,5.7,32.9,34.5,35.4,0.0,371,29.98,"Pendleton, Pendleton, Umatilla County",300300,Pendleton,2017-11-20 20:24:48.492684
2016-12-31,11:45,39.6,39.6,20.7,46.2,0.07,S@2.9,3.9,32.9,34.5,35.4,0.0,376,29.96,"Pendleton, Pendleton, Umatilla County",300300,Pendleton,2017-11-20 20:24:48.492684
2016-12-31,12:00,40.9,40.9,22.4,47.3,0.01,S@2.4,4.6,32.9,34.5,35.3,0.0,378,29.95,"Pendleton, Pendleton, Umatilla County",300300,Pendleton,2017-11-20 20:24:48.492684
2016-12-31,12:15,40.9,40.9,23.1,48.7,0.0,SW@2.6,4.2,32.9,34.5,35.3,0.0,378,29.94,"Pendleton, Pendleton, Umatilla County",300300,Pendleton,2017-11-20 20:24:48.492684
2016-12-31,12:30,40.9,40.9,22.1,46.6,0.0,W@2.6,3.5,32.9,34.5,35.3,0.0,375,29.93,"Pendleton, Pendleton, Umatilla County",300300,Pendleton,2017-11-20 20:24:48.492684
2016-12-31,12:45,41.7,41.7,21.5,44.2,0.0,W@2.1,3.5,32.9,34.5,35.3,0.0,370,29.93,"Pendleton, Pendleton, Umatilla County",300300,Pendleton,2017-11-20 20:24:48.492684
2016-12-31,13:00,42.1,42.1,22.5,45.3,0.0,NW@1.7,4.2,32.9,34.5,35.3,0.0,361,29.92,"Pendleton, Pendleton, Umatilla County",300300,Pendleton,2017-11-20 20:24:48.492684
2016-12-31,13:15,42.7,42.7,23.0,45.5,0.0,E@2.5,4.2,32.9,34.5,35.3,0.0,348,29.91,"Pendleton, Pendleton, Umatilla County",300300,Pendleton,2017-11-20 20:24:48.492684
2016-12-31,13:30,42.8,42.8,21.3,42.1,0.0,SE@3.6,5.7,32.9,34.5,35.3,0.0,333,29.9,"Pendleton, Pendleton, Umatilla County",300300,Pendleton,2017-11-20 20:24:48.492684
2016-12-31,13:45,44.2,44.2,23.6,43.8,0.0,SE@3.7,5.3,32.9,34.5,35.3,0.0,315,29.89,"Pendleton, Pendleton, Umatilla County",300300,Pendleton,2017-11-20 20:24:48.492684
2016-12-31,14:00,44.4,44.4,24.8,45.8,0.0,SE@3.7,5.7,32.9,34.5,35.3,0.0,293,29.88,"Pendleton, Pendleton, Umatilla County",300300,Pendleton,2017-11-20 20:24:48.492684
2016-12-31,14:15,45.1,45.1,24.5,44.0,0.0,S@3.0,6.4,32.9,34.4,35.3,0.0,269,29.88,"Pendleton, Pendleton, Umatilla County",300300,Pendleton,2017-11-20 20:24:48.492684
2016-12-31,14:30,42.0,42.0,19.7,40.6,0.0,SW@5.5,7.8,32.9,34.4,35.3,0.0,244,29.87,"Pendleton, Pendleton, Umatilla County",300300,Pendleton,2017-11-20 20:24:48.492684
2016-12-31,14:45,41.7,41.7,19.9,41.2,0.0,SW@4.8,6.4,32.9,34.4,35.3,0.0,215,29.86,"Pendleton, Pendleton, Umatilla County",300300,Pendleton,2017-11-20 20:24:48.492684
2016-12-31,15:00,44.0,44.0,21.4,40.3,0.0,S@3.9,6.4,32.9,34.4,35.4,0.0,185,29.85,"Pendleton, Pendleton, Umatilla County",300300,Pendleton,2017-11-20 20:24:48.492684
2016-12-31,15:15,44.9,44.9,22.5,40.9,0.0,SE@2.4,3.9,32.9,34.4,35.4,0.0,154,29.84,"Pendleton, Pendleton, Umatilla County",300300,Pendleton,2017-11-20 20:24:48.492684
2016-12-31,15:30,44.9,44.9,22.7,41.2,0.0,S@3.0,6.0,32.9,34.4,35.5,0.0,122,29.84,"Pendleton, Pendleton, Umatilla County",300300,Pendleton,2017-11-20 20:24:48.492684
2016-12-31,15:45,42.6,42.6,23.8,47.1,0.0,S@3.3,4.9,32.9,34.4,35.5,0.0,90,29.83,"Pendleton, Pendleton, Umatilla County",300300,Pendleton,2017-11-20 20:24:48.492684
2016-12-31,16:00,39.5,39.5,20.2,45.5,0.0,SW@2.0,4.2,32.9,34.4,35.5,0.0,58,29.83,"Pendleton, Pendleton, Umatilla County",300300,Pendleton,2017-11-20 20:24:48.492684
2016-12-31,16:15,38.4,38.4,20.8,48.6,0.0,SW@2.9,4.6,32.9,34.4,35.5,0.0,29,29.83,"Pendleton, Pendleton, Umatilla County",300300,Pendleton,2017-11-20 20:24:48.492684
2016-12-31,16:30,36.6,36.6,20.4,51.4,0.0,SW@3.6,4.9,32.9,34.4,35.5,0.0,6,29.83,"Pendleton, Pendleton, Umatilla County",300300,Pendleton,2017-11-20 20:24:48.492684
2016-12-31,16:45,34.2,34.2,18.4,52.0,0.0,SW@4.3,5.3,32.9,34.4,35.5,0.0,1,29.82,"Pendleton, Pendleton, Umatilla County",300300,Pendleton,2017-11-20 20:24:48.492684
2016-12-31,17:00,33.0,33.0,18.4,54.5,0.0,SW@4.7,7.1,32.9,34.4,35.6,0.0,0,29.83,"Pendleton, Pendleton, Umatilla County",300300,Pendleton,2017-11-20 20:24:48.492684
2016-12-31,17:15,32.6,32.6,17.6,53.5,0.0,W@1.5,2.8,32.9,34.4,35.6,0.0,0,29.83,"Pendleton, Pendleton, Umatilla County",300300,Pendleton,2017-11-20 20:24:48.492684
2016-12-31,17:30,32.2,32.2,17.0,53.1,0.0,W@3.5,5.7,32.9,34.4,35.6,0.0,0,29.83,"Pendleton, Pendleton, Umatilla County",300300,Pendleton,2017-11-20 20:24:48.492684
2016-12-31,17:45,33.2,33.2,18.6,54.6,0.0,W@6.1,9.6,32.9,34.4,35.6,0.0,0,29.82,"Pendleton, Pendleton, Umatilla County",300300,Pendleton,2017-11-20 20:24:48.492684
2016-12-31,18:00,32.8,32.8,18.9,56.3,0.0,W@6.4,9.2,32.9,34.4,35.6,0.0,0,29.82,"Pendleton, Pendleton, Umatilla County",300300,Pendleton,2017-11-20 20:24:48.492684
2016-12-31,18:15,31.9,31.9,19.4,59.8,0.0,SW@3.0,4.6,32.9,34.4,35.6,0.0,0,29.82,"Pendleton, Pendleton, Umatilla County",300300,Pendleton,2017-11-20 20:24:48.492684
2016-12-31,18:30,31.1,31.1,19.5,62.2,0.0,SW@4.6,7.1,32.9,34.4,35.6,0.0,0,29.83,"Pendleton, Pendleton, Umatilla County",300300,Pendleton,2017-11-20 20:24:48.492684
2016-12-31,18:45,32.2,32.2,21.9,65.5,0.0,SW@7.3,10.7,32.9,34.4,35.6,0.0,0,29.83,"Pendleton, Pendleton, Umatilla County",300300,Pendleton,2017-11-20 20:24:48.492684
2016-12-31,19:00,32.1,32.1,23.6,70.4,0.0,SW@11.2,13.9,32.9,34.4,35.6,0.0,0,29.82,"Pendleton, Pendleton, Umatilla County",300300,Pendleton,2017-11-20 20:24:48.492684
2016-12-31,19:15,31.7,31.7,26.9,82.5,0.0,SW@11.8,17.5,32.9,34.4,35.6,0.0,0,29.83,"Pendleton, Pendleton, Umatilla County",300300,Pendleton,2017-11-20 20:24:48.492684
2016-12-31,19:30,33.1,33.1,29.5,86.2,0.0,SW@14.2,20.7,32.9,34.4,35.6,0.0,0,29.82,"Pendleton, Pendleton, Umatilla County",300300,Pendleton,2017-11-20 20:24:48.492684
2016-12-31,19:45,31.8,31.8,28.7,88.7,0.0,SW@8.4,14.6,32.9,34.3,35.6,0.0,0,29.82,"Pendleton, Pendleton, Umatilla County",300300,Pendleton,2017-11-20 20:24:48.492684
2016-12-31,20:00,32.9,32.9,29.5,87.3,0.0,SW@12.3,16.4,32.9,34.3,35.5,0.0,0,29.82,"Pendleton, Pendleton, Umatilla County",300300,Pendleton,2017-11-20 20:24:48.492684
2016-12-31,20:15,34.1,34.1,28.1,78.3,0.0,S@7.3,12.8,32.9,34.3,35.5,0.0,0,29.8,"Pendleton, Pendleton, Umatilla County",300300,Pendleton,2017-11-20 20:24:48.492684
2016-12-31,20:30,33.3,33.3,27.3,78.4,0.0,S@7.8,16.7,32.9,34.3,35.5,0.0,0,29.8,"Pendleton, Pendleton, Umatilla County",300300,Pendleton,2017-11-20 20:24:48.492684
2016-12-31,20:45,33.1,33.1,25.0,71.8,0.0,S@7.0,12.1,32.9,34.3,35.5,0.0,0,29.79,"Pendleton, Pendleton, Umatilla County",300300,Pendleton,2017-11-20 20:24:48.492684
2016-12-31,21:00,33.3,33.3,26.2,74.9,0.0,S@9.8,15.7,32.9,34.3,35.5,0.0,0,29.78,"Pendleton, Pendleton, Umatilla County",300300,Pendleton,2017-11-20 20:24:48.492684
2016-12-31,21:15,33.7,33.7,25.7,72.2,0.0,S@11.1,15.7,32.9,34.3,35.5,0.0,0,29.78,"Pendleton, Pendleton, Umatilla County",300300,Pendleton,2017-11-20 20:24:48.492684
2016-12-31,21:30,33.4,33.4,25.3,71.9,0.0,S@8.0,12.1,32.9,34.3,35.5,0.0,0,29.78,"Pendleton, Pendleton, Umatilla County",300300,Pendleton,2017-11-20 20:24:48.492684
2016-12-31,21:45,32.7,32.7,24.4,71.0,0.0,S@9.8,15.0,32.9,34.3,35.5,0.0,0,29.78,"Pendleton, Pendleton, Umatilla County",300300,Pendleton,2017-11-20 20:24:48.492684
2016-12-31,22:00,32.1,32.1,23.5,70.3,0.0,SW@8.5,11.4,32.9,34.3,35.5,0.0,0,29.78,"Pendleton, Pendleton, Umatilla County",300300,Pendleton,2017-11-20 20:24:48.492684
2016-12-31,22:15,32.9,32.9,24.0,69.3,0.0,S@9.6,12.4,32.9,34.3,35.5,0.0,0,29.78,"Pendleton, Pendleton, Umatilla County",300300,Pendleton,2017-11-20 20:24:48.492684
2016-12-31,22:30,33.4,33.4,23.8,67.5,0.0,S@9.6,12.8,32.9,34.3,35.4,0.0,0,29.77,"Pendleton, Pendleton, Umatilla County",300300,Pendleton,2017-11-20 20:24:48.492684
2016-12-31,22:45,35.1,35.1,25.1,66.6,0.0,SW@10.7,16.7,32.9,34.3,35.4,0.0,0,29.77,"Pendleton, Pendleton, Umatilla County",300300,Pendleton,2017-11-20 20:24:48.492684
2016-12-31,23:00,35.2,35.2,25.1,66.5,0.0,S@9.0,12.8,32.9,34.3,35.4,0.0,0,29.76,"Pendleton, Pendleton, Umatilla County",300300,Pendleton,2017-11-20 20:24:48.492684
2016-12-31,23:15,34.4,34.4,24.4,66.5,0.0,S@7.3,9.9,32.9,34.3,35.4,0.0,0,29.75,"Pendleton, Pendleton, Umatilla County",300300,Pendleton,2017-11-20 20:24:48.492684
2016-12-31,23:30,33.5,33.5,25.5,72.1,0.0,S@6.6,8.2,32.9,34.3,35.4,0.0,0,29.75,"Pendleton, Pendleton, Umatilla County",300300,Pendleton,2017-11-20 20:24:48.492684
2016-12-31,23:45,33.8,33.8,23.7,66.2,0.0,SW@7.8,11.7,32.9,34.3,35.3,0.0,0,29.75,"Pendleton, Pendleton, Umatilla County",300300,Pendleton,2017-11-20 20:24:48.492684
2016-12-31,24:00,34.3,34.3,23.6,64.4,0.0,SW@8.2,9.6,32.9,34.3,35.3,0.0,0,29.75,"Pendleton, Pendleton, Umatilla County",300300,Pendleton,2017-11-20 20:24:48.492684
2017-01-01,00:15,34.5,34.5,24.5,66.3,0.0,SW@8.1,16.0,32.9,34.3,35.3,0.0,0,29.74,"Pendleton, Pendleton, Umatilla County",300300,Pendleton,2017-11-20 20:24:48.492684
2017-01-01,00:30,34.9,34.9,24.1,64.5,0.0,S@8.9,13.2,32.9,34.3,35.3,0.0,0,29.74,"Pendleton, Pendleton, Umatilla County",300300,Pendleton,2017-11-20 20:24:48.492684
2017-01-01,00:45,34.9,34.9,25.0,66.9,0.0,SW@11.5,19.6,32.9,34.3,35.3,0.0,0,29.74,"Pendleton, Pendleton, Umatilla County",300300,Pendleton,2017-11-20 20:24:48.492684
2017-01-01,01:00,34.6,34.6,25.3,68.4,0.0,S@10.2,13.5,32.9,34.3,35.3,0.0,0,29.74,"Pendleton, Pendleton, Umatilla County",300300,Pendleton,2017-11-20 20:24:48.492684
2017-01-01,01:15,34.4,34.4,25.2,68.7,0.0,S@9.8,13.9,32.9,34.3,35.3,0.0,0,29.73,"Pendleton, Pendleton, Umatilla County",300300,Pendleton,2017-11-20 20:24:48.492684
2017-01-01,01:30,34.4,34.4,25.7,70.3,0.0,SW@10.6,15.0,32.9,34.3,35.3,0.0,0,29.74,"Pendleton, Pendleton, Umatilla County",300300,Pendleton,2017-11-20 20:24:48.492684
2017-01-01,01:45,34.4,34.4,26.2,71.5,0.0,SW@10.6,14.2,32.9,34.3,35.2,0.0,0,29.74,"Pendleton, Pendleton, Umatilla County",300300,Pendleton,2017-11-20 20:24:48.492684
2017-01-01,02:00,34.8,34.8,27.0,73.1,0.0,SW@12.6,19.6,32.9,34.3,35.2,0.0,0,29.75,"Pendleton, Pendleton, Umatilla County",300300,Pendleton,2017-11-20 20:24:48.492684
2017-01-01,02:15,34.3,34.3,27.3,75.5,0.0,SW@12.0,18.5,32.9,34.3,35.2,0.0,0,29.75,"Pendleton, Pendleton, Umatilla County",300300,Pendleton,2017-11-20 20:24:48.492684
2017-01-01,02:30,33.1,33.1,26.4,76.1,0.0,SW@12.2,16.0,32.9,34.3,35.2,0.0,0,29.75,"Pendleton, Pendleton, Umatilla County",300300,Pendleton,2017-11-20 20:24:48.492684
2017-01-01,02:45,32.6,32.6,26.1,76.8,0.0,S@7.2,13.5,32.9,34.3,35.2,0.0,0,29.75,"Pendleton, Pendleton, Umatilla County",300300,Pendleton,2017-11-20 20:24:48.492684
2017-01-01,03:00,32.3,32.3,25.6,75.8,0.0,S@7.2,11.0,32.9,34.3,35.2,0.0,0,29.75,"Pendleton, Pendleton, Umatilla County",300300,Pendleton,2017-11-20 20:24:48.492684
2017-01-01,03:15,32.3,32.3,25.0,74.2,0.0,S@7.4,10.7,32.9,34.3,35.2,0.0,0,29.74,"Pendleton, Pendleton, Umatilla County",300300,Pendleton,2017-11-20 20:24:48.492684
2017-01-01,03:30,32.9,32.9,25.4,73.7,0.0,S@7.9,13.9,32.9,34.3,35.2,0.0,0,29.74,"Pendleton, Pendleton, Umatilla County",300300,Pendleton,2017-11-20 20:24:48.492684
2017-01-01,03:45,34.2,34.2,27.8,77.4,0.0,S@10.8,16.0,32.9,34.3,35.2,0.0,0,29.73,"Pendleton, Pendleton, Umatilla County",300300,Pendleton,2017-11-20 20:24:48.492684
2017-01-01,04:00,34.0,34.0,30.1,85.4,0.0,S@9.8,13.9,32.8,34.3,35.2,0.0,0,29.73,"Pendleton, Pendleton, Umatilla County",300300,Pendleton,2017-11-20 20:24:48.492684
2017-01-01,04:15,33.6,33.6,30.2,87.3,0.0,S@10.1,13.5,32.9,34.3,35.2,0.0,0,29.72,"Pendleton, Pendleton, Umatilla County",300300,Pendleton,2017-11-20 20:24:48.492684
2017-01-01,04:30,33.6,33.6,30.0,86.6,0.0,S@8.9,15.0,32.8,34.3,35.1,0.0,0,29.72,"Pendleton, Pendleton, Umatilla County",300300,Pendleton,2017-11-20 20:24:48.492684
2017-01-01,04:45,33.7,33.7,29.2,83.3,0.0,S@9.1,14.2,32.8,34.3,35.1,0.0,0,29.72,"Pendleton, Pendleton, Umatilla County",300300,Pendleton,2017-11-20 20:24:48.492684
2017-01-01,05:00,33.1,33.1,26.8,77.5,0.0,S@8.5,12.8,32.8,34.3,35.1,0.0,0,29.72,"Pendleton, Pendleton, Umatilla County",300300,Pendleton,2017-11-20 20:24:48.492684
2017-01-01,05:15,32.5,32.5,24.7,72.7,0.0,S@8.5,12.8,32.8,34.3,35.1,0.0,0,29.71,"Pendleton, Pendleton, Umatilla County",300300,Pendleton,2017-11-20 20:24:48.492684
2017-01-01,05:30,31.8,31.8,23.8,72.6,0.0,S@8.4,11.7,32.8,34.3,35.1,0.0,0,29.72,"Pendleton, Pendleton, Umatilla County",300300,Pendleton,2017-11-20 20:24:48.492684
2017-01-01,05:45,32.5,32.5,24.9,73.1,0.0,S@8.5,12.4,32.8,34.3,35.1,0.0,0,29.71,"Pendleton, Pendleton, Umatilla County",300300,Pendleton,2017-11-20 20:24:48.492684
2017-01-01,06:00,32.3,32.3,23.4,69.3,0.0,S@8.1,12.8,32.8,34.3,35.0,0.0,0,29.71,"Pendleton, Pendleton, Umatilla County",300300,Pendleton,2017-11-20 20:24:48.492684
2017-01-01,06:15,31.8,31.8,24.7,75.0,0.0,S@7.7,10.7,32.8,34.3,35.0,0.0,0,29.71,"Pendleton, Pendleton, Umatilla County",300300,Pendleton,2017-11-20 20:24:48.492684
2017-01-01,06:30,31.4,31.4,26.0,80.8,0.0,S@8.4,11.4,32.8,34.3,35.0,0.0,0,29.7,"Pendleton, Pendleton, Umatilla County",300300,Pendleton,2017-11-20 20:24:48.492684
2017-01-01,06:45,31.5,31.5,23.8,73.3,0.0,SW@7.1,8.5,32.8,34.3,35.0,0.0,0,29.7,"Pendleton, Pendleton, Umatilla County",300300,Pendleton,2017-11-20 20:24:48.492684
2017-01-01,07:00,31.9,31.9,26.0,78.8,0.0,SW@6.5,7.8,32.8,34.3,35.0,0.0,0,29.7,"Pendleton, Pendleton, Umatilla County",300300,Pendleton,2017-11-20 20:24:48.492684
2017-01-01,07:15,31.8,31.8,29.5,91.8,0.0,SW@3.9,5.7,32.8,34.3,35.0,0.0,0,29.7,"Pendleton, Pendleton, Umatilla County",300300,Pendleton,2017-11-20 20:24:48.492684
2017-01-01,07:30,32.2,32.2,30.8,94.7,0.0,SW@1.9,3.9,32.8,34.3,35.0,0.0,0,29.7,"Pendleton, Pendleton, Umatilla County",300300,Pendleton,2017-11-20 20:24:48.492684
2017-01-01,07:45,31.6,31.6,30.2,95.0,0.0,N@3.9,5.3,32.8,34.3,35.0,0.0,1,29.7,"Pendleton, Pendleton, Umatilla County",300300,Pendleton,2017-11-20 20:24:48.492684
2017-01-01,08:00,31.4,31.4,29.9,95.0,0.0,NE@5.9,9.6,32.8,34.3,34.9,0.0,3,29.7,"Pendleton, Pendleton, Umatilla County",300300,Pendleton,2017-11-20 20:24:48.492684
2017-01-01,08:15,32.2,32.2,31.0,95.0,0.0,N@4.7,7.1,32.8,34.3,34.9,0.0,10,29.71,"Pendleton, Pendleton, Umatilla County",300300,Pendleton,2017-11-20 20:24:48.492684
2017-01-01,08:30,31.6,31.6,30.1,94.7,0.0,NE@8.2,11.4,32.8,34.3,34.9,0.0,18,29.7,"Pendleton, Pendleton, Umatilla County",300300,Pendleton,2017-11-20 20:24:48.492684
2017-01-01,08:45,31.4,31.4,29.8,94.7,0.0,NE@10.6,13.2,32.8,34.3,34.9,0.0,26,29.69,"Pendleton, Pendleton, Umatilla County",300300,Pendleton,2017-11-20 20:24:48.492684
2017-01-01,09:00,31.2,31.2,29.9,95.5,0.0,NE@9.4,12.1,32.8,34.3,34.9,0.0,27,29.7,"Pendleton, Pendleton, Umatilla County",300300,Pendleton,2017-11-20 20:24:48.492684
2017-01-01,09:15,32.4,32.4,31.1,95.1,0.0,E@9.3,13.2,32.8,34.3,34.9,0.0,36,29.7,"Pendleton, Pendleton, Umatilla County",300300,Pendleton,2017-11-20 20:24:48.492684
2017-01-01,09:30,33.0,33.0,31.6,94.4,0.0,SE@4.8,9.2,32.8,34.3,34.9,0.0,26,29.71,"Pendleton, Pendleton, Umatilla County",300300,Pendleton,2017-11-20 20:24:48.492684
2017-01-01,09:45,31.8,31.8,30.0,93.5,0.0,SE@2.5,6.0,32.8,34.3,34.9,0.0,39,29.71,"Pendleton, Pendleton, Umatilla County",300300,Pendleton,2017-11-20 20:24:48.492684
2017-01-01,10:00,31.7,31.7,29.4,91.7,0.0,SE@1.9,3.9,32.8,34.3,34.8,0.0,40,29.71,"Pendleton, Pendleton, Umatilla County",300300,Pendleton,2017-11-20 20:24:48.492684
2017-01-01,10:15,32.1,32.1,29.5,90.1,0.07,SE@2.3,4.2,32.8,34.2,34.8,0.0,87,29.72,"Pendleton, Pendleton, Umatilla County",300300,Pendleton,2017-11-20 20:24:48.492684
2017-01-01,10:30,31.6,31.6,29.1,90.7,0.21,E@5.9,9.2,32.8,34.2,34.9,0.0,185,29.71,"Pendleton, Pendleton, Umatilla County",300300,Pendleton,2017-11-20 20:24:48.492684
2017-01-01,10:45,31.8,31.8,29.5,91.8,0.23,NE@7.5,9.6,32.8,34.3,34.9,0.0,362,29.7,"Pendleton, Pendleton, Umatilla County",300300,Pendleton,2017-11-20 20:24:48.492684
2017-01-01,11:00,32.1,32.1,30.4,93.4,0.24,E@7.9,12.4,32.8,34.3,34.9,0.03,412,29.7,"Pendleton, Pendleton, Umatilla County",300300,Pendleton,2017-11-20 20:24:48.492684
2017-01-01,11:15,32.1,32.1,30.6,94.3,0.22,E@5.5,7.4,32.8,34.3,34.9,0.02,279,29.69,"Pendleton, Pendleton, Umatilla County",300300,Pendleton,2017-11-20 20:24:48.492684
2017-01-01,11:30,32.2,32.2,30.6,93.8,0.21,E@5.0,6.7,32.8,34.3,34.9,0.0,220,29.69,"Pendleton, Pendleton, Umatilla County",300300,Pendleton,2017-11-20 20:24:48.492684
2017-01-01,11:45,33.0,33.0,31.3,93.6,0.19,E@5.5,7.4,32.8,34.3,34.8,0.0,244,29.69,"Pendleton, Pendleton, Umatilla County",300300,Pendleton,2017-11-20 20:24:48.492684
2017-01-01,12:00,33.2,33.2,31.3,92.8,0.18,E@5.5,7.8,32.8,34.2,34.8,0.0,213,29.68,"Pendleton, Pendleton, Umatilla County",300300,Pendleton,2017-11-20 20:24:48.492684
2017-01-01,12:15,32.9,32.9,30.9,92.3,0.1,E@5.7,8.9,32.8,34.3,34.8,0.0,190,29.67,"Pendleton, Pendleton, Umatilla County",300300,Pendleton,2017-11-20 20:24:48.492684
2017-01-01,12:30,32.4,32.4,29.9,90.2,0.07,E@3.5,5.7,32.8,34.2,34.8,0.0,171,29.67,"Pendleton, Pendleton, Umatilla County",300300,Pendleton,2017-11-20 20:24:48.492684
2017-01-01,12:45,34.0,34.0,31.2,89.2,0.1,NW@1.1,3.5,32.8,34.2,34.8,0.0,288,29.68,"Pendleton, Pendleton, Umatilla County",300300,Pendleton,2017-11-20 20:24:48.492684
2017-01-01,13:00,34.7,34.7,31.9,89.5,0.08,NW@4.5,6.7,32.8,34.2,34.8,0.0,210,29.67,"Pendleton, Pendleton, Umatilla County",300300,Pendleton,2017-11-20 20:24:48.492684
2017-01-01,13:15,34.2,33.8,27.4,75.9,0.01,NW@4.9,6.4,32.8,34.2,34.8,0.0,142,29.67,"Pendleton, Pendleton, Umatilla County",300300,Pendleton,2017-11-20 20:24:48.492684
2017-01-01,13:30,34.1,34.1,31.5,90.3,0.0,N@5.7,8.5,32.8,34.2,34.8,0.0,174,29.67,"Pendleton, Pendleton, Umatilla County",300300,Pendleton,2017-11-20 20:24:48.492684
2017-01-01,13:45,34.2,34.2,31.8,90.8,0.0,N@4.4,6.7,32.8,34.2,34.7,0.0,134,29.67,"Pendleton, Pendleton, Umatilla County",300300,Pendleton,2017-11-20 20:24:48.492684
2017-01-01,14:00,33.4,33.4,31.2,91.6,0.01,N@3.7,5.3,32.8,34.2,34.7,0.0,138,29.68,"Pendleton, Pendleton, Umatilla County",300300,Pendleton,2017-11-20 20:24:48.492684
2017-01-01,14:15,33.3,33.3,31.1,91.5,0.0,NE@4.1,4.9,32.8,34.2,34.7,0.0,113,29.67,"Pendleton, Pendleton, Umatilla County",300300,Pendleton,2017-11-20 20:24:48.492684
2017-01-01,14:30,32.7,32.7,30.9,92.8,0.0,NE@4.2,5.7,32.8,34.2,34.7,0.0,73,29.67,"Pendleton, Pendleton, Umatilla County",300300,Pendleton,2017-11-20 20:24:48.492684
2017-01-01,14:45,32.6,32.6,30.9,93.2,0.0,NE@5.8,6.7,32.8,34.2,34.7,0.0,59,29.67,"Pendleton, Pendleton, Umatilla County",300300,Pendleton,2017-11-20 20:24:48.492684
2017-01-01,15:00,33.0,32.5,27.5,79.8,0.0,E@6.4,9.2,32.8,34.2,34.7,0.0,57,29.67,"Pendleton, Pendleton, Umatilla County",300300,Pendleton,2017-11-20 20:24:48.492684
2017-01-01,15:15,32.4,32.0,26.9,79.9,0.0,SE@6.9,10.3,32.8,34.2,34.7,0.0,33,29.68,"Pendleton, Pendleton, Umatilla County",300300,Pendleton,2017-11-20 20:24:48.492684
2017-01-01,15:30,31.3,30.9,27.7,86.9,0.0,E@5.6,8.5,32.8,34.2,34.7,0.0,22,29.68,"Pendleton, Pendleton, Umatilla County",300300,Pendleton,2017-11-20 20:24:48.492684
2017-01-01,15:45,31.0,30.6,28.0,89.4,0.0,E@6.4,7.8,32.8,34.2,34.7,0.0,18,29.68,"Pendleton, Pendleton, Umatilla County",300300,Pendleton,2017-11-20 20:24:48.492684
2017-01-01,16:00,30.8,30.4,27.4,87.9,0.0,E@7.3,9.9,32.8,34.2,34.7,0.0,16,29.67,"Pendleton, Pendleton, Umatilla County",300300,Pendleton,2017-11-20 20:24:48.492684
2017-01-01,16:15,30.6,30.2,26.5,85.6,0.0,E@7.0,10.7,32.8,34.2,34.7,0.0,12,29.67,"Pendleton, Pendleton, Umatilla County",300300,Pendleton,2017-11-20 20:24:48.492684
2017-01-01,16:30,30.6,30.2,25.7,83.1,0.0,E@10.2,13.9,32.8,34.2,34.7,0.0,3,29.67,"Pendleton, Pendleton, Umatilla County",300300,Pendleton,2017-11-20 20:24:48.492684
2017-01-01,16:45,30.4,30.0,24.4,79.2,0.0,E@11.0,15.0,32.8,34.2,34.7,0.0,1,29.67,"Pendleton, Pendleton, Umatilla County",300300,Pendleton,2017-11-20 20:24:48.492684
2017-01-01,17:00,30.1,29.7,24.1,79.5,0.0,E@11.1,16.0,32.8,34.2,34.7,0.0,0,29.67,"Pendleton, Pendleton, Umatilla County",300300,Pendleton,2017-11-20 20:24:48.492684
2017-01-01,17:15,30.2,29.9,23.3,76.3,0.0,E@11.2,15.3,32.8,34.2,34.7,0.0,0,29.66,"Pendleton, Pendleton, Umatilla County",300300,Pendleton,2017-11-20 20:24:48.492684
2017-01-01,17:30,29.9,29.9,28.4,95.7,0.0,E@12.9,16.7,32.8,34.2,34.7,0.0,0,29.66,"Pendleton, Pendleton, Umatilla County",300300,Pendleton,2017-11-20 20:24:48.492684
2017-01-01,17:45,29.2,29.2,27.8,96.3,0.0,E@9.8,13.5,32.8,34.2,34.7,0.0,0,29.66,"Pendleton, Pendleton, Umatilla County",300300,Pendleton,2017-11-20 20:24:48.492684
2017-01-01,18:00,29.8,29.8,28.6,96.8,0.0,E@9.6,16.4,32.8,34.2,34.7,0.0,0,29.66,"Pendleton, Pendleton, Umatilla County",300300,Pendleton,2017-11-20 20:24:48.492684
2017-01-01,18:15,30.1,30.1,29.0,97.2,0.0,SE@10.2,13.5,32.8,34.2,34.7,0.0,0,29.66,"Pendleton, Pendleton, Umatilla County",300300,Pendleton,2017-11-20 20:24:48.492684
2017-01-01,18:30,29.8,29.8,28.7,97.5,0.0,SE@11.1,15.3,32.8,34.2,34.7,0.0,0,29.67,"Pendleton, Pendleton, Umatilla County",300300,Pendleton,2017-11-20 20:24:48.492684
2017-01-01,18:45,28.9,28.9,27.7,97.7,0.0,E@8.8,12.4,32.8,34.2,34.7,0.0,0,29.67,"Pendleton, Pendleton, Umatilla County",300300,Pendleton,2017-11-20 20:24:48.492684
2017-01-01,19:00,29.2,29.2,28.2,97.8,0.0,E@11.2,18.5,32.8,34.2,34.7,0.0,0,29.66,"Pendleton, Pendleton, Umatilla County",300300,Pendleton,2017-11-20 20:24:48.492684
2017-01-01,19:15,29.6,29.6,28.6,97.8,0.0,SE@12.1,16.7,32.8,34.2,34.7,0.0,0,29.66,"Pendleton, Pendleton, Umatilla County",300300,Pendleton,2017-11-20 20:24:48.492684
2017-01-01,19:30,29.8,29.8,28.8,97.8,0.0,SE@10.8,15.7,32.8,34.2,34.6,0.0,0,29.67,"Pendleton, Pendleton, Umatilla County",300300,Pendleton,2017-11-20 20:24:48.492684
2017-01-01,19:45,28.9,28.9,27.8,97.6,0.0,E@8.7,13.9,32.8,34.2,34.6,0.0,0,29.67,"Pendleton, Pendleton, Umatilla County",300300,Pendleton,2017-11-20 20:24:48.492684
2017-01-01,20:00,28.6,28.6,27.4,97.5,0.0,E@9.3,13.2,32.8,34.2,34.6,0.0,0,29.67,"Pendleton, Pendleton, Umatilla County",300300,Pendleton,2017-11-20 20:24:48.492684
2017-01-01,20:15,28.8,28.8,27.6,97.3,0.0,SE@9.8,13.5,32.8,34.2,34.6,0.0,0,29.67,"Pendleton, Pendleton, Umatilla County",300300,Pendleton,2017-11-20 20:24:48.492684
2017-01-01,20:30,29.3,29.3,28.3,97.7,0.0,SE@8.1,13.2,32.8,34.2,34.6,0.0,0,29.68,"Pendleton, Pendleton, Umatilla County",300300,Pendleton,2017-11-20 20:24:48.492684
2017-01-01,20:45,29.1,29.1,28.0,97.7,0.0,SE@5.3,9.9,32.8,34.2,34.6,0.0,0,29.69,"Pendleton, Pendleton, Umatilla County",300300,Pendleton,2017-11-20 20:24:48.492684
2017-01-01,21:00,26.8,26.8,25.4,97.8,0.0,SW@8.7,15.3,32.8,34.2,34.6,0.0,0,29.7,"Pendleton, Pendleton, Umatilla County",300300,Pendleton,2017-11-20 20:24:48.492684
2017-01-01,21:15,25.7,25.7,24.2,97.8,0.0,W@11.4,14.6,32.8,34.2,34.6,0.0,0,29.71,"Pendleton, Pendleton, Umatilla County",300300,Pendleton,2017-11-20 20:24:48.492684
2017-01-01,21:30,25.4,25.4,23.9,97.8,0.0,W@10.2,13.2,32.8,34.2,34.6,0.0,0,29.72,"Pendleton, Pendleton, Umatilla County",300300,Pendleton,2017-11-20 20:24:48.492684
2017-01-01,21:45,25.4,25.4,23.8,97.7,0.0,W@9.0,11.4,32.8,34.2,34.6,0.0,0,29.73,"Pendleton, Pendleton, Umatilla County",300300,Pendleton,2017-11-20 20:24:48.492684
2017-01-01,22:00,25.1,25.1,23.5,97.7,0.0,SW@7.2,9.9,32.8,34.2,34.6,0.0,0,29.73,"Pendleton, Pendleton, Umatilla County",300300,Pendleton,2017-11-20 20:24:48.492684
2017-01-01,22:15,25.1,25.1,23.4,97.5,0.0,SW@5.7,7.4,32.8,34.2,34.6,0.0,0,29.74,"Pendleton, Pendleton, Umatilla County",300300,Pendleton,2017-11-20 20:24:48.492684
2017-01-01,22:30,25.2,25.2,23.5,97.2,0.0,SW@3.5,6.0,32.8,34.2,34.6,0.0,0,29.75,"Pendleton, Pendleton, Umatilla County",300300,Pendleton,2017-11-20 20:24:48.492684
2017-01-01,22:45,25.3,25.3,23.4,96.8,0.0,SW@0.6,2.1,32.8,34.2,34.6,0.0,0,29.75,"Pendleton, Pendleton, Umatilla County",300300,Pendleton,2017-11-20 20:24:48.492684
2017-01-01,23:00,25.3,25.3,23.4,96.2,0.0,N@1.3,2.8,32.8,34.2,34.6,0.0,0,29.75,"Pendleton, Pendleton, Umatilla County",300300,Pendleton,2017-11-20 20:24:48.492684
2017-01-01,23:15,25.4,25.4,23.5,96.2,0.0,NE@1.4,2.8,32.8,34.2,34.6,0.0,0,29.76,"Pendleton, Pendleton, Umatilla County",300300,Pendleton,2017-11-20 20:24:48.492684
2017-01-01,23:30,25.4,25.4,23.5,96.4,0.0,E@1.3,3.1,32.8,34.2,34.6,0.0,0,29.76,"Pendleton, Pendleton, Umatilla County",300300,Pendleton,2017-11-20 20:24:48.492684
2017-01-01,23:45,25.5,25.5,23.5,95.9,0.0,E@0.3,1.7,32.8,34.2,34.6,0.0,0,29.75,"Pendleton, Pendleton, Umatilla County",300300,Pendleton,2017-11-20 20:24:48.492684
2017-01-01,24:00,25.5,25.5,23.4,95.3,0.0,S@0.3,1.7,32.8,34.2,34.6,0.0,0,29.76,"Pendleton, Pendleton, Umatilla County",300300,Pendleton,2017-11-20 20:24:48.492684
2017-01-02,00:15,25.6,25.6,23.4,95.2,0.0,SE@0.7,2.1,32.8,34.2,34.6,0.0,0,29.76,"Pendleton, Pendleton, Umatilla County",300300,Pendleton,2017-11-20 20:24:48.492684
2017-01-02,00:30,25.6,25.6,23.4,95.1,0.0,E@1.0,1.7,32.8,34.2,34.5,0.0,0,29.76,"Pendleton, Pendleton, Umatilla County",300300,Pendleton,2017-11-20 20:24:48.492684
2017-01-02,00:45,25.4,25.4,22.9,94.2,0.0,E@0.0,1.4,32.8,34.2,34.5,0.0,0,29.77,"Pendleton, Pendleton, Umatilla County",300300,Pendleton,2017-11-20 20:24:48.492684
2017-01-02,01:00,25.3,25.3,22.8,94.3,0.0,SW@0.9,2.1,32.8,34.2,34.5,0.0,0,29.77,"Pendleton, Pendleton, Umatilla County",300300,Pendleton,2017-11-20 20:24:48.492684
2017-01-02,01:15,25.4,25.4,23.4,96.0,0.0,S@1.5,2.1,32.8,34.2,34.5,0.0,0,29.78,"Pendleton, Pendleton, Umatilla County",300300,Pendleton,2017-11-20 20:24:48.492684
2017-01-02,01:30,25.3,25.3,23.5,96.7,0.0,SE@1.8,2.4,32.8,34.2,34.5,0.0,0,29.78,"Pendleton, Pendleton, Umatilla County",300300,Pendleton,2017-11-20 20:24:48.492684
2017-01-02,01:45,25.1,25.1,23.2,96.8,0.0,SE@1.8,2.8,32.8,34.2,34.5,0.0,0,29.79,"Pendleton, Pendleton, Umatilla County",300300,Pendleton,2017-11-20 20:24:48.492684
2017-01-02,02:00,24.8,24.8,22.8,96.4,0.0,SE@1.7,2.1,32.8,34.2,34.5,0.0,0,29.79,"Pendleton, Pendleton, Umatilla County",300300,Pendleton,2017-11-20 20:24:48.492684
2017-01-02,02:15,24.8,24.8,22.7,96.2,0.0,S@0.0,1.4,32.8,34.2,34.5,0.0,0,29.8,"Pendleton, Pendleton, Umatilla County",300300,Pendleton,2017-11-20 20:24:48.492684
2017-01-02,02:30,25.0,25.0,23.0,96.1,0.0,SE@0.0,1.4,32.8,34.2,34.5,0.0,0,29.8,"Pendleton, Pendleton, Umatilla County",300300,Pendleton,2017-11-20 20:24:48.492684
2017-01-02,02:45,25.3,25.3,23.3,96.1,0.0,E@1.3,2.4,32.8,34.2,34.4,0.0,0,29.8,"Pendleton, Pendleton, Umatilla County",300300,Pendleton,2017-11-20 20:24:48.492684
2017-01-02,03:00,25.2,25.2,23.1,95.6,0.0,SE@2.4,3.9,32.8,34.2,34.4,0.0,0,29.81,"Pendleton, Pendleton, Umatilla County",300300,Pendleton,2017-11-20 20:24:48.492684
2017-01-02,03:15,24.7,24.7,22.5,95.5,0.0,SE@3.7,5.3,32.8,34.2,34.4,0.0,0,29.81,"Pendleton, Pendleton, Umatilla County",300300,Pendleton,2017-11-20 20:24:48.492684
2017-01-02,03:30,24.5,24.5,22.3,95.6,0.0,E@3.8,5.3,32.8,34.2,34.4,0.0,0,29.81,"Pendleton, Pendleton, Umatilla County",300300,Pendleton,2017-11-20 20:24:48.492684
2017-01-02,03:45,24.6,24.6,22.4,95.5,0.0,E@2.8,4.2,32.8,34.2,34.4,0.0,0,29.81,"Pendleton, Pendleton, Umatilla County",300300,Pendleton,2017-11-20 20:24:48.492684
2017-01-02,04:00,24.7,24.7,22.5,95.4,0.0,E@2.2,2.8,32.8,34.2,34.4,0.0,0,29.82,"Pendleton, Pendleton, Umatilla County",300300,Pendleton,2017-11-20 20:24:48.492684
2017-01-02,04:15,24.7,24.7,22.4,95.3,0.0,E@2.3,3.1,32.8,34.2,34.4,0.0,0,29.82,"Pendleton, Pendleton, Umatilla County",300300,Pendleton,2017-11-20 20:24:48.492684
2017-01-02,04:30,25.1,25.1,22.9,95.4,0.0,SE@2.9,4.2,32.8,34.2,34.4,0.0,0,29.83,"Pendleton, Pendleton, Umatilla County",300300,Pendleton,2017-11-20 20:24:48.492684
2017-01-02,04:45,25.3,25.3,23.2,95.7,0.0,SE@3.0,3.9,32.8,34.2,34.4,0.0,0,29.83,"Pendleton, Pendleton, Umatilla County",300300,Pendleton,2017-11-20 20:24:48.492684
2017-01-02,05:00,25.6,25.6,23.6,96.2,0.0,SE@2.5,3.5,32.8,34.2,34.4,0.0,0,29.83,"Pendleton, Pendleton, Umatilla County",300300,Pendleton,2017-11-20 20:24:48.492684
2017-01-02,05:15,25.1,25.1,23.1,96.4,0.0,S@6.1,8.9,32.7,34.2,34.4,0.0,0,29.83,"Pendleton, Pendleton, Umatilla County",300300,Pendleton,2017-11-20 20:24:48.492684
2017-01-02,05:30,24.5,24.5,22.5,96.7,0.0,SW@6.9,9.2,32.8,34.2,34.4,0.0,0,29.84,"Pendleton, Pendleton, Umatilla County",300300,Pendleton,2017-11-20 20:24:48.492684
2017-01-02,05:45,24.2,24.2,22.3,96.6,0.0,S@5.8,7.4,32.7,34.2,34.4,0.0,0,29.85,"Pendleton, Pendleton, Umatilla County",300300,Pendleton,2017-11-20 20:24:48.492684
2017-01-02,06:00,23.9,23.9,21.5,95.3,0.0,S@5.8,7.8,32.8,34.2,34.4,0.0,0,29.85,"Pendleton, Pendleton, Umatilla County",300300,Pendleton,2017-11-20 20:24:48.492684
2017-01-02,06:15,23.7,23.7,21.2,94.6,0.0,S@6.5,8.2,32.7,34.2,34.3,0.0,0,29.86,"Pendleton, Pendleton, Umatilla County",300300,Pendleton,2017-11-20 20:24:48.492684
2017-01-02,06:30,23.5,23.5,20.9,94.5,0.0,S@6.4,8.2,32.8,34.2,34.3,0.0,0,29.86,"Pendleton, Pendleton, Umatilla County",300300,Pendleton,2017-11-20 20:24:48.492684
2017-01-02,06:45,23.5,23.5,20.9,94.6,0.0,SW@6.0,7.4,32.7,34.2,34.3,0.0,0,29.87,"Pendleton, Pendleton, Umatilla County",300300,Pendleton,2017-11-20 20:24:48.492684
2017-01-02,07:00,23.5,23.5,21.0,94.9,0.0,SW@6.9,8.5,32.7,34.2,34.3,0.0,0,29.87,"Pendleton, Pendleton, Umatilla County",300300,Pendleton,2017-11-20 20:24:48.492684
2017-01-02,07:15,23.4,23.4,20.9,95.0,0.0,SW@7.1,8.5,32.7,34.2,34.3,0.0,0,29.89,"Pendleton, Pendleton, Umatilla County",300300,Pendleton,2017-11-20 20:24:48.492684
2017-01-02,07:30,23.3,23.3,20.7,94.8,0.0,SW@6.7,8.2,32.7,34.2,34.3,0.0,1,29.89,"Pendleton, Pendleton, Umatilla County",300300,Pendleton,2017-11-20 20:24:48.492684
2017-01-02,07:45,23.2,23.2,20.5,94.4,0.0,SW@6.4,7.8,32.7,34.2,34.3,0.0,5,29.89,"Pendleton, Pendleton, Umatilla County",300300,Pendleton,2017-11-20 20:24:48.492684
2017-01-02,08:00,23.1,23.1,20.4,94.2,0.0,SW@6.4,7.8,32.7,34.2,34.3,0.0,16,29.9,"Pendleton, Pendleton, Umatilla County",300300,Pendleton,2017-11-20 20:24:48.492684
2017-01-02,08:15,23.0,23.0,20.2,93.8,0.0,SW@6.2,7.4,32.7,34.2,34.2,0.0,28,29.91,"Pendleton, Pendleton, Umatilla County",300300,Pendleton,2017-11-20 20:24:48.492684
2017-01-02,08:30,23.1,23.1,20.3,93.7,0.0,SW@5.1,6.4,32.7,34.2,34.3,0.0,44,29.91,"Pendleton, Pendleton, Umatilla County",300300,Pendleton,2017-11-20 20:24:48.492684
2017-01-02,08:45,23.2,23.2,20.4,93.9,0.0,SW@4.8,6.0,32.7,34.2,34.3,0.0,61,29.92,"Pendleton, Pendleton, Umatilla County",300300,Pendleton,2017-11-20 20:24:48.492684
2017-01-02,09:00,23.2,23.2,20.4,94.1,0.0,SW@4.2,5.3,32.7,34.2,34.3,0.0,77,29.93,"Pendleton, Pendleton, Umatilla County",300300,Pendleton,2017-11-20 20:24:48.492684
2017-01-02,09:15,23.1,23.1,20.5,94.3,0.0,SW@4.2,5.3,32.7,34.2,34.3,0.0,91,29.93,"Pendleton, Pendleton, Umatilla County",300300,Pendleton,2017-11-20 20:24:48.492684
2017-01-02,09:30,23.3,23.3,20.6,94.5,0.0,SW@4.9,6.0,32.7,34.2,34.3,0.0,110,29.94,"Pendleton, Pendleton, Umatilla County",300300,Pendleton,2017-11-20 20:24:48.492684
2017-01-02,09:45,23.4,23.4,20.7,93.8,0.0,SW@4.9,6.0,32.7,34.2,34.2,0.0,131,29.95,"Pendleton, Pendleton, Umatilla County",300300,Pendleton,2017-11-20 20:24:48.492684
2017-01-02,10:00,23.8,23.8,21.0,93.6,0.0,SW@4.6,5.7,32.7,34.2,34.2,0.0,160,29.95,"Pendleton, Pendleton, Umatilla County",300300,Pendleton,2017-11-20 20:24:48.492684
2017-01-02,10:15,24.0,24.0,21.2,93.6,0.0,SW@4.7,5.7,32.7,34.2,34.2,0.0,199,29.95,"Pendleton, Pendleton, Umatilla County",300300,Pendleton,2017-11-20 20:24:48.492684
2017-01-02,10:30,24.4,24.4,21.7,93.6,0.0,W@3.8,5.3,32.7,34.2,34.2,0.0,230,29.96,"Pendleton, Pendleton, Umatilla County",300300,Pendleton,2017-11-20 20:24:48.492684
2017-01-02,10:45,24.7,24.7,21.9,93.2,0.0,W@3.9,4.6,32.7,34.2,34.2,0.0,232,29.96,"Pendleton, Pendleton, Umatilla County",300300,Pendleton,2017-11-20 20:24:48.492684
2017-01-02,11:00,24.6,24.6,21.7,92.9,0.0,W@4.4,5.3,32.7,34.2,34.2,0.0,239,29.96,"Pendleton, Pendleton, Umatilla County",300300,Pendleton,2017-11-20 20:24:48.492684
2017-01-02,11:15,24.9,24.9,21.8,92.1,0.0,W@3.9,4.6,32.7,34.2,34.2,0.0,254,29.96,"Pendleton, Pendleton, Umatilla County",300300,Pendleton,2017-11-20 20:24:48.492684
2017-01-02,11:30,24.7,24.7,21.5,91.9,0.0,NW@4.0,4.9,32.7,34.2,34.2,0.0,250,29.97,"Pendleton, Pendleton, Umatilla County",300300,Pendleton,2017-11-20 20:24:48.492684
2017-01-02,11:45,24.7,24.7,21.4,91.2,0.0,NW@3.4,3.9,32.7,34.2,34.2,0.0,229,29.97,"Pendleton, Pendleton, Umatilla County",300300,Pendleton,2017-11-20 20:24:48.492684
2017-01-02,12:00,24.5,24.5,21.2,91.4,0.0,NW@4.1,5.3,32.7,34.2,34.2,0.0,210,29.98,"Pendleton, Pendleton, Umatilla County",300300,Pendleton,2017-11-20 20:24:48.492684
2017-01-02,12:15,24.2,24.2,20.8,90.9,0.0,NW@5.3,6.4,32.7,34.2,34.2,0.0,243,29.98,"Pendleton, Pendleton, Umatilla County",300300,Pendleton,2017-11-20 20:24:48.492684
2017-01-02,12:30,23.9,23.9,20.1,89.6,0.0,NW@6.0,7.1,32.7,34.2,34.2,0.0,209,29.98,"Pendleton, Pendleton, Umatilla County",300300,Pendleton,2017-11-20 20:24:48.492684
2017-01-02,12:45,23.4,23.4,19.6,89.8,0.0,NW@5.4,6.7,32.7,34.2,34.2,0.0,209,29.98,"Pendleton, Pendleton, Umatilla County",300300,Pendleton,2017-11-20 20:24:48.492684
2017-01-02,13:00,23.4,23.4,19.2,88.5,0.0,NW@4.8,6.0,32.7,34.2,34.1,0.0,228,29.99,"Pendleton, Pendleton, Umatilla County",300300,Pendleton,2017-11-20 20:24:48.492684
2017-01-02,13:15,23.8,23.8,19.6,88.2,0.0,NW@4.4,5.7,32.7,34.2,34.1,0.0,223,29.99,"Pendleton, Pendleton, Umatilla County",300300,Pendleton,2017-11-20 20:24:48.492684
2017-01-02,13:30,23.7,23.7,19.6,88.7,0.0,NW@4.3,5.3,32.7,34.2,34.1,0.0,162,30.0,"Pendleton, Pendleton, Umatilla County",300300,Pendleton,2017-11-20 20:24:48.492684
2017-01-02,13:45,23.7,23.7,20.1,90.5,0.0,NW@4.5,5.7,32.7,34.1,34.1,0.0,206,30.0,"Pendleton, Pendleton, Umatilla County",300300,Pendleton,2017-11-20 20:24:48.492684
2017-01-02,14:00,23.5,23.5,20.1,91.2,0.0,NW@4.4,5.7,32.7,34.2,34.1,0.0,151,30.01,"Pendleton, Pendleton, Umatilla County",300300,Pendleton,2017-11-20 20:24:48.492684
2017-01-02,14:15,23.2,23.2,19.6,90.7,0.0,NW@5.2,6.4,32.7,34.2,34.1,0.0,138,30.02,"Pendleton, Pendleton, Umatilla County",300300,Pendleton,2017-11-20 20:24:48.492684
2017-01-02,14:30,23.0,23.0,19.4,90.4,0.0,N@5.3,7.1,32.7,34.2,34.1,0.0,125,30.02,"Pendleton, Pendleton, Umatilla County",300300,Pendleton,2017-11-20 20:24:48.492684
2017-01-02,14:45,23.0,23.0,19.2,89.9,0.0,NW@4.9,6.7,32.7,34.2,34.1,0.0,126,30.03,"Pendleton, Pendleton, Umatilla County",300300,Pendleton,2017-11-20 20:24:48.492684
2017-01-02,15:00,22.6,22.6,18.3,88.3,0.0,NW@4.9,6.0,32.7,34.1,34.1,0.0,86,30.04,"Pendleton, Pendleton, Umatilla County",300300,Pendleton,2017-11-20 20:24:48.492684
2017-01-02,15:15,22.4,22.4,17.6,86.6,0.0,NW@3.4,5.7,32.7,34.1,34.1,0.0,59,30.04,"Pendleton, Pendleton, Umatilla County",300300,Pendleton,2017-11-20 20:24:48.492684
2017-01-02,15:30,22.2,22.2,17.6,87.3,0.0,NW@2.5,3.1,32.7,34.1,34.1,0.0,54,30.05,"Pendleton, Pendleton, Umatilla County",300300,Pendleton,2017-11-20 20:24:48.492684
2017-01-02,15:45,21.9,21.9,17.4,87.4,0.0,W@2.7,3.9,32.7,34.1,34.1,0.0,37,30.06,"Pendleton, Pendleton, Umatilla County",300300,Pendleton,2017-11-20 20:24:48.492684
2017-01-02,16:00,22.0,22.0,17.3,86.9,0.0,W@3.7,4.6,32.7,34.1,34.1,0.0,26,30.06,"Pendleton, Pendleton, Umatilla County",300300,Pendleton,2017-11-20 20:24:48.492684
2017-01-02,16:15,22.1,22.1,17.8,88.4,0.0,W@3.5,4.6,32.7,34.1,34.1,0.0,13,30.07,"Pendleton, Pendleton, Umatilla County",300300,Pendleton,2017-11-20 20:24:48.492684
2017-01-02,16:30,22.0,22.0,17.6,88.3,0.0,W@2.9,3.9,32.7,34.1,34.1,0.0,4,30.08,"Pendleton, Pendleton, Umatilla County",300300,Pendleton,2017-11-20 20:24:48.492684
2017-01-02,16:45,21.8,21.8,17.5,88.2,0.0,NW@3.9,4.9,32.7,34.1,34.1,0.0,0,30.08,"Pendleton, Pendleton, Umatilla County",300300,Pendleton,2017-11-20 20:24:48.492684
2017-01-02,17:00,21.7,21.7,17.2,88.0,0.0,NW@2.7,3.9,32.7,34.1,34.0,0.0,0,30.09,"Pendleton, Pendleton, Umatilla County",300300,Pendleton,2017-11-20 20:24:48.492684
2017-01-02,17:15,21.7,21.7,16.9,86.7,0.0,W@3.6,4.6,32.7,34.1,34.0,0.0,0,30.09,"Pendleton, Pendleton, Umatilla County",300300,Pendleton,2017-11-20 20:24:48.492684
2017-01-02,17:30,21.6,21.6,16.5,85.6,0.0,W@3.8,4.9,32.7,34.1,34.0,0.0,0,30.1,"Pendleton, Pendleton, Umatilla County",300300,Pendleton,2017-11-20 20:24:48.492684
2017-01-02,17:45,21.5,21.5,16.4,85.6,0.0,NW@3.8,4.9,32.7,34.1,34.0,0.0,0,30.1,"Pendleton, Pendleton, Umatilla County",300300,Pendleton,2017-11-20 20:24:48.492684
2017-01-02,18:00,21.4,21.4,16.3,85.4,0.0,NW@3.1,3.9,32.7,34.1,34.0,0.0,0,30.1,"Pendleton, Pendleton, Umatilla County",300300,Pendleton,2017-11-20 20:24:48.492684
2017-01-02,18:15,21.4,21.4,15.7,83.5,0.0,NW@2.7,4.2,32.7,34.1,34.0,0.0,0,30.1,"Pendleton, Pendleton, Umatilla County",300300,Pendleton,2017-11-20 20:24:48.492684
2017-01-02,18:30,21.4,21.4,16.0,84.6,0.0,W@2.7,3.5,32.7,34.1,34.0,0.0,0,30.11,"Pendleton, Pendleton, Umatilla County",300300,Pendleton,2017-11-20 20:24:48.492684
2017-01-02,18:45,21.4,21.4,16.3,85.9,0.0,W@3.7,4.6,32.7,34.1,34.0,0.0,0,30.11,"Pendleton, Pendleton, Umatilla County",300300,Pendleton,2017-11-20 20:24:48.492684
2017-01-02,19:00,21.4,21.4,15.5,82.7,0.0,W@3.1,4.2,32.7,34.1,34.0,0.0,0,30.12,"Pendleton, Pendleton, Umatilla County",300300,Pendleton,2017-11-20 20:24:48.492684
2017-01-02,19:15,21.4,21.4,15.4,82.2,0.0,SW@3.3,3.9,32.7,34.1,34.0,0.0,0,30.12,"Pendleton, Pendleton, Umatilla County",300300,Pendleton,2017-11-20 20:24:48.492684
2017-01-02,19:30,21.1,21.1,14.6,80.8,0.0,SW@4.0,4.9,32.7,34.1,34.0,0.0,0,30.12,"Pendleton, Pendleton, Umatilla County",300300,Pendleton,2017-11-20 20:24:48.492684
2017-01-02,19:45,21.0,21.0,14.8,81.7,0.0,SW@4.5,5.3,32.7,34.1,34.0,0.0,0,30.13,"Pendleton, Pendleton, Umatilla County",300300,Pendleton,2017-11-20 20:24:48.492684
2017-01-02,20:00,21.0,21.0,14.6,81.1,0.0,SW@4.6,5.7,32.7,34.1,34.0,0.0,0,30.13,"Pendleton, Pendleton, Umatilla County",300300,Pendleton,2017-11-20 20:24:48.492684
2017-01-02,20:15,21.0,21.0,14.4,80.5,0.0,SW@5.3,6.4,32.7,34.1,34.0,0.0,0,30.14,"Pendleton, Pendleton, Umatilla County",300300,Pendleton,2017-11-20 20:24:48.492684
2017-01-02,20:30,20.8,20.8,14.0,79.8,0.0,SW@5.2,6.0,32.7,34.1,34.0,0.0,0,30.14,"Pendleton, Pendleton, Umatilla County",300300,Pendleton,2017-11-20 20:24:48.492684
2017-01-02,20:45,20.6,20.6,13.9,79.8,0.0,SW@5.7,6.7,32.7,34.1,34.0,0.0,0,30.15,"Pendleton, Pendleton, Umatilla County",300300,Pendleton,2017-11-20 20:24:48.492684
2017-01-02,21:00,20.5,20.5,13.6,79.4,0.0,SW@6.6,8.2,32.7,34.1,33.9,0.0,0,30.15,"Pendleton, Pendleton, Umatilla County",300300,Pendleton,2017-11-20 20:24:48.492684
2017-01-02,21:15,20.5,20.5,13.0,77.3,0.0,W@6.1,7.1,32.7,34.1,34.0,0.0,0,30.16,"Pendleton, Pendleton, Umatilla County",300300,Pendleton,2017-11-20 20:24:48.492684
2017-01-02,21:30,20.5,20.5,12.9,77.2,0.0,W@5.3,6.4,32.7,34.1,33.9,0.0,0,30.16,"Pendleton, Pendleton, Umatilla County",300300,Pendleton,2017-11-20 20:24:48.492684
2017-01-02,21:45,20.5,20.5,13.1,77.7,0.0,W@5.2,6.4,32.7,34.1,34.0,0.0,0,30.16,"Pendleton, Pendleton, Umatilla County",300300,Pendleton,2017-11-20 20:24:48.492684
2017-01-02,22:00,20.5,20.5,13.3,78.3,0.0,W@4.7,6.4,32.7,34.1,34.0,0.0,0,30.17,"Pendleton, Pendleton, Umatilla County",300300,Pendleton,2017-11-20 20:24:48.492684
2017-01-02,22:15,20.5,20.5,13.6,79.5,0.0,W@4.1,5.7,32.7,34.1,33.9,0.0,0,30.17,"Pendleton, Pendleton, Umatilla County",300300,Pendleton,2017-11-20 20:24:48.492684
2017-01-02,22:30,20.4,20.4,13.5,79.4,0.0,SW@4.3,5.3,32.7,34.1,33.9,0.0,0,30.17,"Pendleton, Pendleton, Umatilla County",300300,Pendleton,2017-11-20 20:24:48.492684
2017-01-02,22:45,20.5,20.5,13.3,78.3,0.0,W@4.3,5.7,32.7,34.1,33.9,0.0,0,30.18,"Pendleton, Pendleton, Umatilla County",300300,Pendleton,2017-11-20 20:24:48.492684
2017-01-02,23:00,20.5,20.5,13.4,78.5,0.0,W@4.7,5.7,32.7,34.1,33.9,0.0,0,30.18,"Pendleton, Pendleton, Umatilla County",300300,Pendleton,2017-11-20 20:24:48.492684
2017-01-02,23:15,20.5,20.5,13.4,78.6,0.0,W@4.3,6.0,32.7,34.1,33.9,0.0,0,30.19,"Pendleton, Pendleton, Umatilla County",300300,Pendleton,2017-11-20 20:24:48.492684
2017-01-02,23:30,20.5,20.5,13.2,78.1,0.0,W@3.0,4.2,32.7,34.1,33.9,0.0,0,30.19,"Pendleton, Pendleton, Umatilla County",300300,Pendleton,2017-11-20 20:24:48.492684
2017-01-02,23:45,20.5,20.5,13.8,79.8,0.0,W@3.0,3.5,32.7,34.1,33.9,0.0,0,30.2,"Pendleton, Pendleton, Umatilla County",300300,Pendleton,2017-11-20 20:24:48.492684
2017-01-02,24:00,20.5,20.5,13.5,79.1,0.0,SW@3.1,4.2,32.7,34.1,33.9,0.0,0,30.2,"Pendleton, Pendleton, Umatilla County",300300,Pendleton,2017-11-20 20:24:48.492684
2017-01-03,00:15,20.5,20.5,13.4,78.7,0.0,SW@3.1,4.2,32.7,34.1,33.9,0.0,0,30.2,"Pendleton, Pendleton, Umatilla County",300300,Pendleton,2017-11-20 20:24:48.492684
2017-01-03,00:30,20.5,20.5,13.2,77.9,0.0,SW@2.5,3.5,32.7,34.1,33.9,0.0,0,30.2,"Pendleton, Pendleton, Umatilla County",300300,Pendleton,2017-11-20 20:24:48.492684
2017-01-03,00:45,20.5,20.5,13.7,79.8,0.0,SW@2.7,3.5,32.7,34.1,33.9,0.0,0,30.2,"Pendleton, Pendleton, Umatilla County",300300,Pendleton,2017-11-20 20:24:48.492684
2017-01-03,01:00,20.5,20.5,13.0,77.5,0.0,S@1.5,2.4,32.7,34.1,33.9,0.0,0,30.2,"Pendleton, Pendleton, Umatilla County",300300,Pendleton,2017-11-20 20:24:48.492684
2017-01-03,01:15,20.5,20.5,12.8,76.7,0.0,W@1.4,2.1,32.7,34.1,33.9,0.0,0,30.21,"Pendleton, Pendleton, Umatilla County",300300,Pendleton,2017-11-20 20:24:48.492684
2017-01-03,01:30,20.4,20.4,12.7,76.5,0.0,SW@1.0,2.1,32.7,34.1,33.9,0.0,0,30.21,"Pendleton, Pendleton, Umatilla County",300300,Pendleton,2017-11-20 20:24:48.492684
2017-01-03,01:45,20.4,20.4,12.6,76.3,0.0,W@1.9,2.8,32.7,34.1,33.9,0.0,0,30.22,"Pendleton, Pendleton, Umatilla County",300300,Pendleton,2017-11-20 20:24:48.492684
2017-01-03,02:00,20.4,20.4,13.0,78.0,0.0,SW@2.2,2.8,32.7,34.1,33.9,0.0,0,30.22,"Pendleton, Pendleton, Umatilla County",300300,Pendleton,2017-11-20 20:24:48.492684
2017-01-03,02:15,20.4,20.4,13.3,78.8,0.0,S@2.0,2.8,32.7,34.1,33.9,0.0,0,30.23,"Pendleton, Pendleton, Umatilla County",300300,Pendleton,2017-11-20 20:24:48.492684
2017-01-03,02:30,20.4,20.4,13.6,79.7,0.0,SW@2.0,2.4,32.7,34.1,33.9,0.0,0,30.23,"Pendleton, Pendleton, Umatilla County",300300,Pendleton,2017-11-20 20:24:48.492684
2017-01-03,02:45,20.3,20.3,13.3,79.0,0.0,SW@2.6,3.1,32.7,34.1,33.9,0.0,0,30.23,"Pendleton, Pendleton, Umatilla County",300300,Pendleton,2017-11-20 20:24:48.492684
2017-01-03,03:00,20.3,20.3,13.4,79.2,0.0,W@2.7,3.5,32.7,34.1,33.9,0.0,0,30.23,"Pendleton, Pendleton, Umatilla County",300300,Pendleton,2017-11-20 20:24:48.492684
2017-01-03,03:15,20.3,20.3,13.5,79.9,0.0,W@3.2,3.9,32.7,34.1,33.8,0.0,0,30.24,"Pendleton, Pendleton, Umatilla County",300300,Pendleton,2017-11-20 20:24:48.492684
2017-01-03,03:30,20.3,20.3,13.3,79.1,0.0,W@2.8,3.9,32.7,34.1,33.8,0.0,0,30.24,"Pendleton, Pendleton, Umatilla County",300300,Pendleton,2017-11-20 20:24:48.492684
2017-01-03,03:45,20.3,20.3,13.3,79.2,0.0,SW@3.8,4.6,32.7,34.1,33.8,0.0,0,30.25,"Pendleton, Pendleton, Umatilla County",300300,Pendleton,2017-11-20 20:24:48.492684
2017-01-03,04:00,20.1,20.1,13.1,79.4,0.0,W@3.4,4.2,32.7,34.1,33.8,0.0,0,30.25,"Pendleton, Pendleton, Umatilla County",300300,Pendleton,2017-11-20 20:24:48.492684
2017-01-03,04:15,19.8,19.8,12.8,79.2,0.0,W@2.4,2.8,32.7,34.1,33.8,0.0,0,30.25,"Pendleton, Pendleton, Umatilla County",300300,Pendleton,2017-11-20 20:24:48.492684
2017-01-03,04:30,19.7,19.7,12.6,78.8,0.0,W@3.0,3.9,32.7,34.1,33.8,0.0,0,30.25,"Pendleton, Pendleton, Umatilla County",300300,Pendleton,2017-11-20 20:24:48.492684
2017-01-03,04:45,19.6,19.6,12.1,77.4,0.0,NW@2.7,3.5,32.7,34.1,33.8,0.0,0,30.25,"Pendleton, Pendleton, Umatilla County",300300,Pendleton,2017-11-20 20:24:48.492684
2017-01-03,05:00,19.6,19.6,12.0,77.2,0.0,NW@2.1,2.8,32.7,34.1,33.8,0.0,0,30.26,"Pendleton, Pendleton, Umatilla County",300300,Pendleton,2017-11-20 20:24:48.492684
2017-01-03,05:15,19.6,19.6,11.7,76.4,0.0,W@1.9,2.4,32.7,34.1,33.8,0.0,0,30.26,"Pendleton, Pendleton, Umatilla County",300300,Pendleton,2017-11-20 20:24:48.492684
2017-01-03,05:30,19.5,19.5,11.5,76.0,0.0,NW@2.6,5.3,32.7,34.1,33.8,0.0,0,30.26,"Pendleton, Pendleton, Umatilla County",300300,Pendleton,2017-11-20 20:24:48.492684
2017-01-03,05:45,19.4,19.4,11.5,76.1,0.0,NW@2.1,5.3,32.7,34.1,33.8,0.0,0,30.26,"Pendleton, Pendleton, Umatilla County",300300,Pendleton,2017-11-20 20:24:48.492684
2017-01-03,06:00,19.3,19.3,11.6,77.0,0.0,NW@2.6,3.9,32.7,34.1,33.8,0.0,0,30.26,"Pendleton, Pendleton, Umatilla County",300300,Pendleton,2017-11-20 20:24:48.492684
2017-01-03,06:15,18.9,18.9,11.5,77.9,0.0,NW@4.0,6.0,32.7,34.1,33.8,0.0,0,30.26,"Pendleton, Pendleton, Umatilla County",300300,Pendleton,2017-11-20 20:24:48.492684
2017-01-03,06:30,18.6,18.6,11.3,78.4,0.0,NW@3.6,4.6,32.7,34.1,33.7,0.0,0,30.26,"Pendleton, Pendleton, Umatilla County",300300,Pendleton,2017-11-20 20:24:48.492684
2017-01-03,06:45,18.6,18.6,11.2,78.2,0.0,W@2.4,3.1,32.7,34.1,33.7,0.0,0,30.26,"Pendleton, Pendleton, Umatilla County",300300,Pendleton,2017-11-20 20:24:48.492684
2017-01-03,07:00,18.6,18.6,11.1,78.0,0.0,W@2.8,3.5,32.7,34.1,33.7,0.0,0,30.26,"Pendleton, Pendleton, Umatilla County",300300,Pendleton,2017-11-20 20:24:48.492684
2017-01-03,07:15,18.5,18.5,10.7,77.0,0.0,W@3.2,4.2,32.7,34.1,33.7,0.0,0,30.26,"Pendleton, Pendleton, Umatilla County",300300,Pendleton,2017-11-20 20:24:48.492684
2017-01-03,07:30,18.4,18.4,10.5,76.5,0.0,W@3.6,4.6,32.7,34.1,33.7,0.0,1,30.26,"Pendleton, Pendleton, Umatilla County",300300,Pendleton,2017-11-20 20:24:48.492684
2017-01-03,07:45,18.3,18.3,10.6,77.1,0.0,W@3.3,4.6,32.7,34.1,33.7,0.0,3,30.26,"Pendleton, Pendleton, Umatilla County",300300,Pendleton,2017-11-20 20:24:48.492684
2017-01-03,08:00,18.3,18.3,10.5,76.8,0.0,W@3.6,4.9,32.7,34.1,33.7,0.0,9,30.27,"Pendleton, Pendleton, Umatilla County",300300,Pendleton,2017-11-20 20:24:48.492684
2017-01-03,08:15,18.2,18.2,10.3,76.5,0.0,W@3.4,4.2,32.7,34.1,33.7,0.0,18,30.27,"Pendleton, Pendleton, Umatilla County",300300,Pendleton,2017-11-20 20:24:48.492684
2017-01-03,08:30,18.2,18.2,10.5,76.9,0.0,W@3.7,4.6,32.7,34.1,33.7,0.0,29,30.27,"Pendleton, Pendleton, Umatilla County",300300,Pendleton,2017-11-20 20:24:48.492684
2017-01-03,08:45,18.3,18.3,10.2,75.9,0.0,NW@4.3,5.7,32.7,34.1,33.7,0.0,42,30.28,"Pendleton, Pendleton, Umatilla County",300300,Pendleton,2017-11-20 20:24:48.492684
2017-01-03,09:00,18.4,18.4,10.4,76.2,0.0,NW@3.3,5.3,32.7,34.1,33.7,0.0,40,30.28,"Pendleton, Pendleton, Umatilla County",300300,Pendleton,2017-11-20 20:24:48.492684
2017-01-03,09:15,18.8,18.8,10.9,76.4,0.0,W@1.8,2.8,32.7,34.1,33.7,0.0,61,30.29,"Pendleton, Pendleton, Umatilla County",300300,Pendleton,2017-11-20 20:24:48.492684
2017-01-03,09:30,18.8,18.8,11.0,76.6,0.0,W@2.8,3.5,32.7,34.1,33.7,0.0,74,30.3,"Pendleton, Pendleton, Umatilla County",300300,Pendleton,2017-11-20 20:24:48.492684
2017-01-03,09:45,19.0,19.0,11.2,76.7,0.0,W@2.7,3.9,32.7,34.1,33.7,0.0,84,30.3,"Pendleton, Pendleton, Umatilla County",300300,Pendleton,2017-11-20 20:24:48.492684
2017-01-03,10:00,19.0,19.0,11.4,77.2,0.0,NW@3.7,5.3,32.7,34.1,33.7,0.0,97,30.31,"Pendleton, Pendleton, Umatilla County",300300,Pendleton,2017-11-20 20:24:48.492684
2017-01-03,10:15,18.8,18.8,11.3,77.6,0.0,NW@5.4,7.4,32.7,34.1,33.7,0.0,116,30.3,"Pendleton, Pendleton, Umatilla County",300300,Pendleton,2017-11-20 20:24:48.492684
2017-01-03,10:30,19.2,18.8,11.5,76.8,0.0,N@6.2,7.4,32.7,34.1,33.6,0.0,130,30.31,"Pendleton, Pendleton, Umatilla County",300300,Pendleton,2017-11-20 20:24:48.492684
2017-01-03,10:45,19.2,18.6,12.7,81.4,0.0,NW@5.7,7.1,32.7,34.1,33.6,0.0,144,30.31,"Pendleton, Pendleton, Umatilla County",300300,Pendleton,2017-11-20 20:24:48.492684
2017-01-03,11:00,19.0,18.3,12.8,82.2,0.0,NW@5.5,7.1,32.7,34.1,33.6,0.0,150,30.31,"Pendleton, Pendleton, Umatilla County",300300,Pendleton,2017-11-20 20:24:48.492684
2017-01-03,11:15,19.2,18.4,12.9,81.9,0.0,NW@4.1,5.7,32.7,34.1,33.6,0.0,154,30.31,"Pendleton, Pendleton, Umatilla County",300300,Pendleton,2017-11-20 20:24:48.492684
2017-01-03,11:30,19.2,18.4,13.0,82.3,0.0,W@4.6,5.7,32.7,34.1,33.6,0.0,164,30.31,"Pendleton, Pendleton, Umatilla County",300300,Pendleton,2017-11-20 20:24:48.492684
2017-01-03,11:45,19.2,18.4,12.7,81.4,0.0,W@4.4,5.7,32.7,34.1,33.6,0.0,165,30.31,"Pendleton, Pendleton, Umatilla County",300300,Pendleton,2017-11-20 20:24:48.492684
2017-01-03,12:00,19.3,18.6,12.7,80.8,0.0,NW@3.7,5.3,32.7,34.1,33.6,0.0,173,30.31,"Pendleton, Pendleton, Umatilla County",300300,Pendleton,2017-11-20 20:24:48.492684
2017-01-03,12:15,19.4,18.7,12.8,80.6,0.0,NW@4.0,4.9,32.7,34.1,33.6,0.0,183,30.3,"Pendleton, Pendleton, Umatilla County",300300,Pendleton,2017-11-20 20:24:48.492684
2017-01-03,12:30,19.6,18.8,12.8,80.1,0.0,NW@3.3,4.2,32.7,34.1,33.6,0.0,191,30.3,"Pendleton, Pendleton, Umatilla County",300300,Pendleton,2017-11-20 20:24:48.492684
2017-01-03,12:45,19.7,19.0,13.0,80.1,0.0,NW@3.5,5.7,32.7,34.1,33.6,0.0,202,30.29,"Pendleton, Pendleton, Umatilla County",300300,Pendleton,2017-11-20 20:24:48.492684
2017-01-03,13:00,19.2,18.5,12.4,80.1,0.0,NW@4.4,6.0,32.7,34.1,33.6,0.0,160,30.29,"Pendleton, Pendleton, Umatilla County",300300,Pendleton,2017-11-20 20:24:48.492684
2017-01-03,13:15,19.1,18.4,12.3,80.2,0.0,NW@3.7,4.6,32.7,34.1,33.6,0.0,146,30.29,"Pendleton, Pendleton, Umatilla County",300300,Pendleton,2017-11-20 20:24:48.492684
2017-01-03,13:30,19.3,18.6,12.3,79.6,0.0,NW@3.6,6.0,32.7,34.1,33.5,0.0,151,30.29,"Pendleton, Pendleton, Umatilla County",300300,Pendleton,2017-11-20 20:24:48.492684
2017-01-03,13:45,19.1,18.4,12.2,79.9,0.0,NW@4.8,6.4,32.7,34.1,33.5,0.0,144,30.29,"Pendleton, Pendleton, Umatilla County",300300,Pendleton,2017-11-20 20:24:48.492684
2017-01-03,14:00,19.0,18.3,12.1,79.8,0.0,NW@5.2,6.4,32.7,34.1,33.5,0.0,147,30.29,"Pendleton, Pendleton, Umatilla County",300300,Pendleton,2017-11-20 20:24:48.492684
2017-01-03,14:15,19.1,18.4,12.4,80.4,0.0,NW@5.9,7.4,32.7,34.1,33.5,0.0,151,30.29,"Pendleton, Pendleton, Umatilla County",300300,Pendleton,2017-11-20 20:24:48.492684
2017-01-03,14:30,19.0,18.4,12.1,79.8,0.0,NW@6.4,7.8,32.7,34.1,33.5,0.0,120,30.29,"Pendleton, Pendleton, Umatilla County",300300,Pendleton,2017-11-20 20:24:48.492684
2017-01-03,14:45,18.8,18.3,12.1,80.8,0.0,N@6.4,8.9,32.7,34.1,33.5,0.0,71,30.29,"Pendleton, Pendleton, Umatilla County",300300,Pendleton,2017-11-20 20:24:48.492684
2017-01-03,15:00,18.7,18.3,11.9,80.4,0.0,N@5.5,6.7,32.7,34.1,33.5,0.0,60,30.29,"Pendleton, Pendleton, Umatilla County",300300,Pendleton,2017-11-20 20:24:48.492684
2017-01-03,15:15,18.7,18.2,12.0,80.8,0.0,N@5.4,6.4,32.7,34.1,33.5,0.0,58,30.3,"Pendleton, Pendleton, Umatilla County",300300,Pendleton,2017-11-20 20:24:48.492684
2017-01-03,15:30,18.7,18.3,12.2,81.1,0.0,NW@4.1,5.3,32.7,34.1,33.5,0.0,45,30.3,"Pendleton, Pendleton, Umatilla County",300300,Pendleton,2017-11-20 20:24:48.492684
2017-01-03,15:45,18.7,18.1,12.1,81.1,0.0,NW@3.3,4.2,32.6,34.1,33.5,0.0,27,30.31,"Pendleton, Pendleton, Umatilla County",300300,Pendleton,2017-11-20 20:24:48.492684
2017-01-03,16:00,18.6,18.0,12.4,82.5,0.0,NW@2.5,3.5,32.6,34.1,33.5,0.0,13,30.31,"Pendleton, Pendleton, Umatilla County",300300,Pendleton,2017-11-20 20:24:48.492684
2017-01-03,16:15,18.5,18.0,12.5,83.0,0.0,NW@2.7,3.5,32.7,34.1,33.5,0.0,5,30.31,"Pendleton, Pendleton, Umatilla County",300300,Pendleton,2017-11-20 20:24:48.492684
2017-01-03,16:30,18.5,18.0,12.5,83.2,0.0,NW@1.8,2.4,32.6,34.1,33.5,0.0,2,30.31,"Pendleton, Pendleton, Umatilla County",300300,Pendleton,2017-11-20 20:24:48.492684
2017-01-03,16:45,18.5,17.9,12.8,84.1,0.0,SW@0.7,1.7,32.6,34.1,33.5,0.0,0,30.3,"Pendleton, Pendleton, Umatilla County",300300,Pendleton,2017-11-20 20:24:48.492684
2017-01-03,17:00,18.5,17.9,12.7,83.9,0.0,S@1.2,2.8,32.6,34.1,33.5,0.0,0,30.3,"Pendleton, Pendleton, Umatilla County",300300,Pendleton,2017-11-20 20:24:48.492684
2017-01-03,17:15,18.4,17.8,12.9,85.2,0.0,S@2.4,3.5,32.6,34.1,33.5,0.0,0,30.3,"Pendleton, Pendleton, Umatilla County",300300,Pendleton,2017-11-20 20:24:48.492684
2017-01-03,17:30,18.3,17.7,13.4,87.4,0.0,SW@2.6,3.1,32.6,34.1,33.5,0.0,0,30.3,"Pendleton, Pendleton, Umatilla County",300300,Pendleton,2017-11-20 20:24:48.492684
2017-01-03,17:45,18.2,17.7,13.3,87.3,0.0,SW@2.6,3.1,32.6,34.1,33.5,0.0,0,30.29,"Pendleton, Pendleton, Umatilla County",300300,Pendleton,2017-11-20 20:24:48.492684
2017-01-03,18:00,18.3,17.7,13.4,87.6,0.0,SW@2.4,3.5,32.6,34.1,33.5,0.0,0,30.29,"Pendleton, Pendleton, Umatilla County",300300,Pendleton,2017-11-20 20:24:48.492684
2017-01-03,18:15,18.3,17.7,13.6,88.2,0.0,SW@2.5,3.5,32.6,34.1,33.4,0.0,0,30.29,"Pendleton, Pendleton, Umatilla County",300300,Pendleton,2017-11-20 20:24:48.492684
2017-01-03,18:30,18.2,17.6,13.4,88.0,0.0,SW@2.4,3.1,32.6,34.1,33.4,0.0,0,30.29,"Pendleton, Pendleton, Umatilla County",300300,Pendleton,2017-11-20 20:24:48.492684
2017-01-03,18:45,18.2,17.6,13.6,88.4,0.0,SW@1.8,2.8,32.6,34.1,33.4,0.0,0,30.29,"Pendleton, Pendleton, Umatilla County",300300,Pendleton,2017-11-20 20:24:48.492684
2017-01-03,19:00,18.2,17.6,13.6,88.4,0.0,SW@2.1,2.8,32.6,34.1,33.4,0.0,0,30.29,"Pendleton, Pendleton, Umatilla County",300300,Pendleton,2017-11-20 20:24:48.492684
2017-01-03,19:15,18.2,17.6,13.6,88.7,0.0,SW@2.6,3.1,32.6,34.1,33.4,0.0,0,30.28,"Pendleton, Pendleton, Umatilla County",300300,Pendleton,2017-11-20 20:24:48.492684
2017-01-03,19:30,18.1,17.6,13.6,88.9,0.0,SW@2.9,3.5,32.6,34.1,33.4,0.0,0,30.28,"Pendleton, Pendleton, Umatilla County",300300,Pendleton,2017-11-20 20:24:48.492684
2017-01-03,19:45,18.1,17.6,13.6,88.8,0.0,SW@3.1,3.9,32.6,34.1,33.4,0.0,0,30.28,"Pendleton, Pendleton, Umatilla County",300300,Pendleton,2017-11-20 20:24:48.492684
2017-01-03,20:00,18.1,17.6,13.4,88.2,0.0,SW@2.9,3.9,32.6,34.1,33.4,0.0,0,30.28,"Pendleton, Pendleton, Umatilla County",300300,Pendleton,2017-11-20 20:24:48.492684
2017-01-03,20:15,18.1,17.6,13.5,88.6,0.0,SW@3.9,4.6,32.6,34.1,33.4,0.0,0,30.28,"Pendleton, Pendleton, Umatilla County",300300,Pendleton,2017-11-20 20:24:48.492684
2017-01-03,20:30,18.1,17.5,13.5,88.6,0.0,W@4.0,4.9,32.6,34.1,33.4,0.0,0,30.28,"Pendleton, Pendleton, Umatilla County",300300,Pendleton,2017-11-20 20:24:48.492684
2017-01-03,20:45,18.1,17.6,13.6,88.7,0.0,SW@4.5,5.3,32.6,34.1,33.4,0.0,0,30.28,"Pendleton, Pendleton, Umatilla County",300300,Pendleton,2017-11-20 20:24:48.492684
2017-01-03,21:00,18.2,17.6,13.8,89.6,0.0,S@3.6,4.9,32.6,34.1,33.4,0.0,0,30.27,"Pendleton, Pendleton, Umatilla County",300300,Pendleton,2017-11-20 20:24:48.492684
2017-01-03,21:15,18.2,17.6,13.8,89.6,0.0,S@2.8,4.6,32.6,34.1,33.4,0.0,0,30.27,"Pendleton, Pendleton, Umatilla County",300300,Pendleton,2017-11-20 20:24:48.492684
2017-01-03,21:30,18.2,17.6,13.8,89.6,0.0,S@4.0,5.3,32.6,34.1,33.4,0.0,0,30.27,"Pendleton, Pendleton, Umatilla County",300300,Pendleton,2017-11-20 20:24:48.492684
2017-01-03,21:45,18.2,17.6,13.8,89.4,0.0,SW@3.6,4.6,32.6,34.1,33.4,0.0,0,30.27,"Pendleton, Pendleton, Umatilla County",300300,Pendleton,2017-11-20 20:24:48.492684
2017-01-03,22:00,18.2,17.6,13.7,89.0,0.0,SW@3.1,4.2,32.6,34.1,33.3,0.0,0,30.26,"Pendleton, Pendleton, Umatilla County",300300,Pendleton,2017-11-20 20:24:48.492684
2017-01-03,22:15,18.2,17.6,13.8,89.2,0.0,SW@2.9,3.9,32.6,34.1,33.3,0.0,0,30.26,"Pendleton, Pendleton, Umatilla County",300300,Pendleton,2017-11-20 20:24:48.492684
2017-01-03,22:30,18.2,17.6,13.7,89.0,0.0,W@1.0,2.8,32.6,34.1,33.3,0.0,0,30.26,"Pendleton, Pendleton, Umatilla County",300300,Pendleton,2017-11-20 20:24:48.492684
2017-01-03,22:45,18.3,17.6,13.6,88.3,0.0,SW@0.0,1.4,32.6,34.1,33.3,0.0,0,30.25,"Pendleton, Pendleton, Umatilla County",300300,Pendleton,2017-11-20 20:24:48.492684
2017-01-03,23:00,18.3,17.6,13.5,88.0,0.0,S@1.9,2.8,32.6,34.1,33.3,0.0,0,30.25,"Pendleton, Pendleton, Umatilla County",300300,Pendleton,2017-11-20 20:24:48.492684
2017-01-03,23:15,18.2,17.6,13.7,88.8,0.0,W@2.2,2.8,32.6,34.1,33.3,0.0,0,30.26,"Pendleton, Pendleton, Umatilla County",300300,Pendleton,2017-11-20 20:24:48.492684
2017-01-03,23:30,17.5,17.0,12.2,86.2,0.0,NW@4.1,6.0,32.6,34.1,33.3,0.0,0,30.26,"Pendleton, Pendleton, Umatilla County",300300,Pendleton,2017-11-20 20:24:48.492684
2017-01-03,23:45,16.9,16.4,11.2,84.8,0.0,N@4.8,6.0,32.6,34.1,33.3,0.0,0,30.25,"Pendleton, Pendleton, Umatilla County",300300,Pendleton,2017-11-20 20:24:48.492684
2017-01-03,24:00,16.7,16.2,10.9,84.3,0.0,N@4.8,6.0,32.6,34.1,33.3,0.0,0,30.24,"Pendleton, Pendleton, Umatilla County",300300,Pendleton,2017-11-20 20:24:48.492684
2017-01-04,00:15,16.7,16.1,11.0,84.8,0.0,N@5.3,6.7,32.6,34.1,33.3,0.0,0,30.23,"Pendleton, Pendleton, Umatilla County",300300,Pendleton,2017-11-20 20:24:48.492684
2017-01-04,00:30,16.5,15.9,10.5,83.5,0.0,N@4.8,6.7,32.6,34.1,33.2,0.0,0,30.23,"Pendleton, Pendleton, Umatilla County",300300,Pendleton,2017-11-20 20:24:48.492684
2017-01-04,00:45,16.4,15.8,10.2,83.1,0.0,N@4.4,5.7,32.6,34.1,33.2,0.0,0,30.22,"Pendleton, Pendleton, Umatilla County",300300,Pendleton,2017-11-20 20:24:48.492684
2017-01-04,01:00,16.3,15.7,10.2,83.8,0.0,N@3.7,5.7,32.6,34.1,33.2,0.0,0,30.22,"Pendleton, Pendleton, Umatilla County",300300,Pendleton,2017-11-20 20:24:48.492684
2017-01-04,01:15,16.2,15.6,10.2,84.1,0.0,N@4.6,6.7,32.6,34.1,33.2,0.0,0,30.22,"Pendleton, Pendleton, Umatilla County",300300,Pendleton,2017-11-20 20:24:48.492684
2017-01-04,01:30,16.0,15.4,10.2,84.8,0.0,N@5.2,6.0,32.6,34.1,33.2,0.0,0,30.22,"Pendleton, Pendleton, Umatilla County",300300,Pendleton,2017-11-20 20:24:48.492684
2017-01-04,01:45,15.3,14.8,9.3,84.3,0.0,N@6.8,8.9,32.6,34.1,33.2,0.0,0,30.22,"Pendleton, Pendleton, Umatilla County",300300,Pendleton,2017-11-20 20:24:48.492684
2017-01-04,02:00,14.7,14.2,8.9,84.7,0.0,N@5.7,7.4,32.6,34.1,33.2,0.0,0,30.21,"Pendleton, Pendleton, Umatilla County",300300,Pendleton,2017-11-20 20:24:48.492684
2017-01-04,02:15,14.9,14.3,9.2,85.3,0.0,N@6.4,8.2,32.6,34.1,33.2,0.0,0,30.21,"Pendleton, Pendleton, Umatilla County",300300,Pendleton,2017-11-20 20:24:48.492684
2017-01-04,02:30,14.5,13.9,8.9,85.8,0.0,N@6.8,8.5,32.6,34.1,33.2,0.0,0,30.22,"Pendleton, Pendleton, Umatilla County",300300,Pendleton,2017-11-20 20:24:48.492684
2017-01-04,02:45,14.3,13.7,8.8,86.1,0.0,N@6.0,7.1,32.6,34.1,33.2,0.0,0,30.22,"Pendleton, Pendleton, Umatilla County",300300,Pendleton,2017-11-20 20:24:48.492684
2017-01-04,03:00,14.2,13.7,8.6,85.8,0.0,N@5.1,6.7,32.6,34.1,33.2,0.0,0,30.21,"Pendleton, Pendleton, Umatilla County",300300,Pendleton,2017-11-20 20:24:48.492684
2017-01-04,03:15,14.2,13.6,8.5,85.7,0.0,N@5.9,7.8,32.6,34.1,33.2,0.0,0,30.2,"Pendleton, Pendleton, Umatilla County",300300,Pendleton,2017-11-20 20:24:48.492684
2017-01-04,03:30,13.5,12.9,7.4,84.2,0.0,N@7.6,9.6,32.6,34.1,33.2,0.0,0,30.2,"Pendleton, Pendleton, Umatilla County",300300,Pendleton,2017-11-20 20:24:48.492684
2017-01-04,03:45,13.2,12.6,7.0,83.8,0.0,N@7.8,9.6,32.6,34.1,33.2,0.0,0,30.2,"Pendleton, Pendleton, Umatilla County",300300,Pendleton,2017-11-20 20:24:48.492684
2017-01-04,04:00,13.1,12.6,6.9,83.9,0.0,N@6.5,7.8,32.6,34.1,33.2,0.0,0,30.2,"Pendleton, Pendleton, Umatilla County",300300,Pendleton,2017-11-20 20:24:48.492684
2017-01-04,04:15,13.1,12.6,6.9,83.5,0.0,N@6.8,8.5,32.6,34.1,33.2,0.0,0,30.19,"Pendleton, Pendleton, Umatilla County",300300,Pendleton,2017-11-20 20:24:48.492684
2017-01-04,04:30,13.3,12.7,7.0,83.7,0.0,NW@5.2,7.8,32.6,34.1,33.2,0.0,0,30.19,"Pendleton, Pendleton, Umatilla County",300300,Pendleton,2017-11-20 20:24:48.492684
2017-01-04,04:45,13.3,12.7,7.0,83.5,0.0,NW@3.4,5.7,32.6,34.1,33.1,0.0,0,30.19,"Pendleton, Pendleton, Umatilla County",300300,Pendleton,2017-11-20 20:24:48.492684
2017-01-04,05:00,13.1,12.5,6.8,83.4,0.0,NW@3.4,5.3,32.6,34.1,33.1,0.0,0,30.19,"Pendleton, Pendleton, Umatilla County",300300,Pendleton,2017-11-20 20:24:48.492684
2017-01-04,05:15,13.0,12.4,6.6,83.1,0.0,NW@2.9,3.9,32.6,34.1,33.1,0.0,0,30.19,"Pendleton, Pendleton, Umatilla County",300300,Pendleton,2017-11-20 20:24:48.492684
2017-01-04,05:30,13.1,12.5,6.6,82.8,0.0,NW@2.4,4.2,32.6,34.1,33.1,0.0,0,30.19,"Pendleton, Pendleton, Umatilla County",300300,Pendleton,2017-11-20 20:24:48.492684
2017-01-04,05:45,13.3,12.6,6.8,82.9,0.0,W@1.8,3.5,32.6,34.1,33.1,0.0,0,30.19,"Pendleton, Pendleton, Umatilla County",300300,Pendleton,2017-11-20 20:24:48.492684
2017-01-04,06:00,13.3,12.7,6.9,83.1,0.0,NW@2.0,3.1,32.6,34.1,33.1,0.0,0,30.19,"Pendleton, Pendleton, Umatilla County",300300,Pendleton,2017-11-20 20:24:48.492684
2017-01-04,06:15,13.2,12.6,6.8,82.9,0.0,N@2.8,4.2,32.6,34.0,33.1,0.0,0,30.19,"Pendleton, Pendleton, Umatilla County",300300,Pendleton,2017-11-20 20:24:48.492684
2017-01-04,06:30,13.1,12.5,6.6,82.7,0.0,N@2.8,3.9,32.5,34.1,33.1,0.0,0,30.18,"Pendleton, Pendleton, Umatilla County",300300,Pendleton,2017-11-20 20:24:48.492684
2017-01-04,06:45,13.1,12.5,6.6,82.6,0.0,NW@1.9,2.8,32.6,34.1,33.1,0.0,0,30.18,"Pendleton, Pendleton, Umatilla County",300300,Pendleton,2017-11-20 20:24:48.492684
2017-01-04,07:00,13.3,12.6,6.7,82.3,0.0,N@1.1,2.1,32.5,34.1,33.0,0.0,0,30.18,"Pendleton, Pendleton, Umatilla County",300300,Pendleton,2017-11-20 20:24:48.492684
2017-01-04,07:15,13.4,12.7,6.9,82.8,0.0,NE@0.2,1.4,32.5,34.1,33.0,0.0,0,30.18,"Pendleton, Pendleton, Umatilla County",300300,Pendleton,2017-11-20 20:24:48.492684
2017-01-04,07:30,13.5,12.8,7.2,83.3,0.0,SW@1.6,2.8,32.5,34.1,33.0,0.0,0,30.18,"Pendleton, Pendleton, Umatilla County",300300,Pendleton,2017-11-20 20:24:48.492684
2017-01-04,07:45,13.5,12.9,7.5,84.4,0.0,SW@3.0,4.9,32.5,34.1,33.0,0.0,4,30.19,"Pendleton, Pendleton, Umatilla County",300300,Pendleton,2017-11-20 20:24:48.492684
2017-01-04,08:00,13.6,12.9,7.6,84.8,0.0,SW@3.5,4.6,32.5,34.1,33.0,0.0,8,30.19,"Pendleton, Pendleton, Umatilla County",300300,Pendleton,2017-11-20 20:24:48.492684
2017-01-04,08:15,13.6,13.1,8.3,86.9,0.0,SW@5.4,7.1,32.5,34.1,33.0,0.0,16,30.19,"Pendleton, Pendleton, Umatilla County",300300,Pendleton,2017-11-20 20:24:48.492684
2017-01-04,08:30,13.7,13.0,8.6,88.1,0.0,SW@4.7,6.7,32.5,34.0,33.0,0.0,23,30.19,"Pendleton, Pendleton, Umatilla County",300300,Pendleton,2017-11-20 20:24:48.492684
2017-01-04,08:45,13.7,13.1,8.3,86.9,0.0,SW@4.9,7.1,32.5,34.1,33.0,0.0,31,30.19,"Pendleton, Pendleton, Umatilla County",300300,Pendleton,2017-11-20 20:24:48.492684
2017-01-04,09:00,13.8,13.2,8.2,86.0,0.0,SW@5.5,7.1,32.5,34.1,33.0,0.0,47,30.19,"Pendleton, Pendleton, Umatilla County",300300,Pendleton,2017-11-20 20:24:48.492684
2017-01-04,09:15,13.9,13.3,8.4,86.1,0.0,SW@5.6,8.9,32.5,34.0,33.0,0.0,51,30.19,"Pendleton, Pendleton, Umatilla County",300300,Pendleton,2017-11-20 20:24:48.492684
2017-01-04,09:30,14.0,13.4,8.7,87.3,0.0,SW@6.7,8.9,32.5,34.1,33.0,0.0,57,30.2,"Pendleton, Pendleton, Umatilla County",300300,Pendleton,2017-11-20 20:24:48.492684
2017-01-04,09:45,14.2,13.5,8.9,87.0,0.0,SW@6.6,8.9,32.5,34.0,33.0,0.0,87,30.2,"Pendleton, Pendleton, Umatilla County",300300,Pendleton,2017-11-20 20:24:48.492684
2017-01-04,10:00,14.3,13.5,8.8,86.6,0.0,SW@7.3,8.5,32.5,34.1,32.9,0.0,133,30.2,"Pendleton, Pendleton, Umatilla County",300300,Pendleton,2017-11-20 20:24:48.492684
2017-01-04,10:15,14.4,13.7,8.4,84.1,0.0,SW@8.3,10.3,32.5,34.1,32.9,0.0,163,30.21,"Pendleton, Pendleton, Umatilla County",300300,Pendleton,2017-11-20 20:24:48.492684
2017-01-04,10:30,14.3,13.6,8.6,85.5,0.0,SW@9.1,11.0,32.5,34.1,32.9,0.0,97,30.21,"Pendleton, Pendleton, Umatilla County",300300,Pendleton,2017-11-20 20:24:48.492684
2017-01-04,10:45,14.3,13.6,8.6,85.4,0.0,SW@9.7,12.4,32.5,34.0,32.9,0.0,90,30.21,"Pendleton, Pendleton, Umatilla County",300300,Pendleton,2017-11-20 20:24:48.492684
2017-01-04,11:00,14.3,13.6,8.7,85.7,0.0,SW@9.7,11.7,32.5,34.0,32.9,0.0,111,30.21,"Pendleton, Pendleton, Umatilla County",300300,Pendleton,2017-11-20 20:24:48.492684
2017-01-04,11:15,14.5,13.8,8.8,85.3,0.0,SW@8.9,11.0,32.5,34.0,32.9,0.0,100,30.21,"Pendleton, Pendleton, Umatilla County",300300,Pendleton,2017-11-20 20:24:48.492684
2017-01-04,11:30,14.6,13.8,8.8,85.2,0.0,SW@8.6,11.4,32.5,34.0,32.9,0.0,116,30.21,"Pendleton, Pendleton, Umatilla County",300300,Pendleton,2017-11-20 20:24:48.492684
2017-01-04,11:45,14.5,13.5,7.8,81.5,0.0,W@9.7,11.7,32.5,34.0,32.9,0.0,181,30.21,"Pendleton, Pendleton, Umatilla County",300300,Pendleton,2017-11-20 20:24:48.492684
2017-01-04,12:00,14.6,13.6,7.6,80.8,0.0,W@9.2,11.0,32.5,34.0,32.9,0.0,194,30.22,"Pendleton, Pendleton, Umatilla County",300300,Pendleton,2017-11-20 20:24:48.492684
2017-01-04,12:15,14.6,13.6,7.5,80.2,0.0,SW@9.3,11.4,32.5,34.0,32.9,0.0,184,30.22,"Pendleton, Pendleton, Umatilla County",300300,Pendleton,2017-11-20 20:24:48.492684
2017-01-04,12:30,14.6,13.6,7.2,79.0,0.0,SW@10.3,12.4,32.5,34.1,32.9,0.0,189,30.21,"Pendleton, Pendleton, Umatilla County",300300,Pendleton,2017-11-20 20:24:48.492684
2017-01-04,12:45,14.7,13.7,7.1,78.1,0.0,W@9.4,11.7,32.5,34.0,32.9,0.0,195,30.22,"Pendleton, Pendleton, Umatilla County",300300,Pendleton,2017-11-20 20:24:48.492684
2017-01-04,13:00,14.7,13.7,6.8,77.4,0.0,SW@8.7,10.7,32.5,34.1,32.9,0.0,190,30.22,"Pendleton, Pendleton, Umatilla County",300300,Pendleton,2017-11-20 20:24:48.492684
2017-01-04,13:15,14.7,13.8,6.8,77.5,0.0,SW@9.2,11.4,32.5,34.0,32.8,0.0,226,30.22,"Pendleton, Pendleton, Umatilla County",300300,Pendleton,2017-11-20 20:24:48.492684
2017-01-04,13:30,14.8,13.9,6.5,76.0,0.0,SW@8.3,10.3,32.5,34.0,32.8,0.0,216,30.22,"Pendleton, Pendleton, Umatilla County",300300,Pendleton,2017-11-20 20:24:48.492684
2017-01-04,13:45,14.7,13.9,6.5,76.2,0.0,SW@7.7,9.6,32.5,34.0,32.8,0.0,166,30.23,"Pendleton, Pendleton, Umatilla County",300300,Pendleton,2017-11-20 20:24:48.492684
2017-01-04,14:00,14.6,13.9,6.5,76.7,0.0,SW@7.2,8.9,32.5,34.0,32.8,0.0,112,30.23,"Pendleton, Pendleton, Umatilla County",300300,Pendleton,2017-11-20 20:24:48.492684
2017-01-04,14:15,14.5,13.8,6.3,76.1,0.0,SW@6.6,8.5,32.5,34.0,32.8,0.0,106,30.23,"Pendleton, Pendleton, Umatilla County",300300,Pendleton,2017-11-20 20:24:48.492684
2017-01-04,14:30,14.7,14.0,6.3,75.4,0.0,S@6.0,7.8,32.5,34.0,32.8,0.0,108,30.24,"Pendleton, Pendleton, Umatilla County",300300,Pendleton,2017-11-20 20:24:48.492684
2017-01-04,14:45,14.9,14.2,6.4,75.0,0.0,S@5.2,8.2,32.5,34.0,32.8,0.0,117,30.24,"Pendleton, Pendleton, Umatilla County",300300,Pendleton,2017-11-20 20:24:48.492684
2017-01-04,15:00,14.9,14.2,6.0,73.7,0.0,S@5.2,7.1,32.5,34.0,32.8,0.0,92,30.25,"Pendleton, Pendleton, Umatilla County",300300,Pendleton,2017-11-20 20:24:48.492684
2017-01-04,15:15,14.9,14.2,6.1,74.5,0.0,S@4.7,7.4,32.5,34.0,32.8,0.0,54,30.26,"Pendleton, Pendleton, Umatilla County",300300,Pendleton,2017-11-20 20:24:48.492684
2017-01-04,15:30,14.7,14.1,7.8,80.6,0.0,S@3.5,6.0,32.5,34.0,32.7,0.0,33,30.26,"Pendleton, Pendleton, Umatilla County",300300,Pendleton,2017-11-20 20:24:48.492684
2017-01-04,15:45,14.6,14.0,7.0,78.2,0.0,S@3.7,7.4,32.5,34.0,32.7,0.0,23,30.27,"Pendleton, Pendleton, Umatilla County",300300,Pendleton,2017-11-20 20:24:48.492684
2017-01-04,16:00,14.6,14.0,6.6,77.2,0.0,S@4.1,7.8,32.5,34.0,32.7,0.0,17,30.27,"Pendleton, Pendleton, Umatilla County",300300,Pendleton,2017-11-20 20:24:48.492684
2017-01-04,16:15,14.6,14.0,6.3,75.9,0.0,S@4.4,8.9,32.5,34.0,32.7,0.0,9,30.28,"Pendleton, Pendleton, Umatilla County",300300,Pendleton,2017-11-20 20:24:48.492684
2017-01-04,16:30,14.6,14.0,6.0,74.7,0.0,S@3.3,7.8,32.5,34.0,32.7,0.0,4,30.28,"Pendleton, Pendleton, Umatilla County",300300,Pendleton,2017-11-20 20:24:48.492684
2017-01-04,16:45,14.6,14.0,5.9,74.5,0.0,S@3.0,5.3,32.5,34.0,32.7,0.0,1,30.28,"Pendleton, Pendleton, Umatilla County",300300,Pendleton,2017-11-20 20:24:48.492684
2017-01-04,17:00,14.1,13.5,5.5,74.9,0.0,S@2.8,4.6,32.5,34.0,32.7,0.0,0,30.28,"Pendleton, Pendleton, Umatilla County",300300,Pendleton,2017-11-20 20:24:48.492684
2017-01-04,17:15,12.9,12.3,4.5,75.9,0.0,S@2.3,3.5,32.5,34.0,32.7,0.0,0,30.28,"Pendleton, Pendleton, Umatilla County",300300,Pendleton,2017-11-20 20:24:48.492684
2017-01-04,17:30,12.1,11.5,3.9,76.6,0.0,SE@2.0,2.8,32.5,34.0,32.6,0.0,0,30.28,"Pendleton, Pendleton, Umatilla County",300300,Pendleton,2017-11-20 20:24:48.492684
2017-01-04,17:45,11.8,11.1,3.5,76.6,0.0,SE@2.7,4.2,32.5,34.0,32.6,0.0,0,30.28,"Pendleton, Pendleton, Umatilla County",300300,Pendleton,2017-11-20 20:24:48.492684
2017-01-04,18:00,7.9,7.2,0.2,79.0,0.0,SE@3.6,4.9,32.5,34.0,32.6,0.0,0,30.29,"Pendleton, Pendleton, Umatilla County",300300,Pendleton,2017-11-20 20:24:48.492684
2017-01-04,18:15,8.2,7.6,0.2,78.1,0.0,SE@4.0,4.9,32.5,34.0,32.6,0.0,0,30.29,"Pendleton, Pendleton, Umatilla County",300300,Pendleton,2017-11-20 20:24:48.492684
2017-01-04,18:30,7.9,7.3,-0.7,76.1,0.0,SE@4.1,5.3,32.5,34.0,32.6,0.0,0,30.3,"Pendleton, Pendleton, Umatilla County",300300,Pendleton,2017-11-20 20:24:48.492684
2017-01-04,18:45,7.0,6.2,-2.1,74.0,0.0,E@3.6,5.7,32.5,34.0,32.6,0.0,0,30.3,"Pendleton, Pendleton, Umatilla County",300300,Pendleton,2017-11-20 20:24:48.492684
2017-01-04,19:00,0.8,-0.3,-7.4,78.5,0.0,NE@5.4,6.4,32.5,34.0,32.6,0.0,0,30.3,"Pendleton, Pendleton, Umatilla County",300300,Pendleton,2017-11-20 20:24:48.492684
2017-01-04,19:15,-0.8,-1.5,-8.0,82.6,0.0,NE@5.9,6.7,32.5,34.0,32.6,0.0,0,30.31,"Pendleton, Pendleton, Umatilla County",300300,Pendleton,2017-11-20 20:24:48.492684
2017-01-04,19:30,-1.5,-2.2,-8.7,82.8,0.0,N@5.6,6.7,32.5,34.0,32.6,0.0,0,30.31,"Pendleton, Pendleton, Umatilla County",300300,Pendleton,2017-11-20 20:24:48.492684
2017-01-04,19:45,-1.2,-1.9,-8.4,83.0,0.0,NE@6.1,7.8,32.5,34.0,32.5,0.0,0,30.31,"Pendleton, Pendleton, Umatilla County",300300,Pendleton,2017-11-20 20:24:48.492684
2017-01-04,20:00,-2.1,-2.8,-9.5,82.0,0.0,N@6.2,7.1,32.5,34.0,32.5,0.0,0,30.31,"Pendleton, Pendleton, Umatilla County",300300,Pendleton,2017-11-20 20:24:48.492684
2017-01-04,20:15,-2.3,-2.9,-9.7,82.3,0.0,N@6.0,7.4,32.4,34.0,32.5,0.0,0,30.32,"Pendleton, Pendleton, Umatilla County",300300,Pendleton,2017-11-20 20:24:48.492684
2017-01-04,20:30,-3.3,-4.0,-11.0,80.9,0.0,NE@3.0,6.0,32.4,34.0,32.5,0.0,0,30.32,"Pendleton, Pendleton, Umatilla County",300300,Pendleton,2017-11-20 20:24:48.492684
2017-01-04,20:45,-3.8,-4.2,-11.2,82.4,0.0,NE@4.0,6.7,32.4,34.0,32.5,0.0,0,30.32,"Pendleton, Pendleton, Umatilla County",300300,Pendleton,2017-11-20 20:24:48.492684
2017-01-04,21:00,-3.3,-4.0,-10.8,81.7,0.0,NE@5.0,6.7,32.4,34.0,32.5,0.0,0,30.32,"Pendleton, Pendleton, Umatilla County",300300,Pendleton,2017-11-20 20:24:48.492684
2017-01-04,21:15,-4.2,-4.8,-11.8,81.7,0.0,NE@2.4,4.6,32.4,34.0,32.5,0.0,0,30.33,"Pendleton, Pendleton, Umatilla County",300300,Pendleton,2017-11-20 20:24:48.492684
2017-01-04,21:30,-4.4,-5.1,-12.0,81.9,0.0,NE@2.5,4.6,32.4,34.0,32.5,0.0,0,30.33,"Pendleton, Pendleton, Umatilla County",300300,Pendleton,2017-11-20 20:24:48.492684
2017-01-04,21:45,-4.3,-4.9,-11.7,82.3,0.0,NE@5.2,7.1,32.4,34.0,32.5,0.0,0,30.33,"Pendleton, Pendleton, Umatilla County",300300,Pendleton,2017-11-20 20:24:48.492684
2017-01-04,22:00,-4.6,-5.3,-12.3,81.5,0.0,NE@5.5,6.7,32.4,34.0,32.4,0.0,0,30.33,"Pendleton, Pendleton, Umatilla County",300300,Pendleton,2017-11-20 20:24:48.492684
2017-01-04,22:15,-3.8,-4.2,-11.1,82.7,0.0,N@6.5,7.4,32.4,34.0,32.4,0.0,0,30.34,"Pendleton, Pendleton, Umatilla County",300300,Pendleton,2017-11-20 20:24:48.492684
2017-01-04,22:30,-3.3,-4.0,-10.8,81.7,0.0,N@5.9,7.4,32.4,34.0,32.4,0.0,0,30.35,"Pendleton, Pendleton, Umatilla County",300300,Pendleton,2017-11-20 20:24:48.492684
2017-01-04,22:45,-5.1,-5.9,-13.0,80.6,0.0,NE@3.5,4.9,32.4,34.0,32.4,0.0,0,30.35,"Pendleton, Pendleton, Umatilla County",300300,Pendleton,2017-11-20 20:24:48.492684
2017-01-04,23:00,-5.9,-6.5,-13.6,81.2,0.0,NE@2.4,4.2,32.4,34.0,32.4,0.0,0,30.35,"Pendleton, Pendleton, Umatilla County",300300,Pendleton,2017-11-20 20:24:48.492684
2017-01-04,23:15,-5.7,-6.2,-13.3,81.7,0.0,NE@2.5,3.9,32.4,34.0,32.4,0.0,0,30.35,"Pendleton, Pendleton, Umatilla County",300300,Pendleton,2017-11-20 20:24:48.492684
2017-01-04,23:30,-5.7,-6.3,-13.4,81.4,0.0,NE@2.7,4.9,32.4,34.0,32.4,0.0,0,30.35,"Pendleton, Pendleton, Umatilla County",300300,Pendleton,2017-11-20 20:24:48.492684
2017-01-04,23:45,-5.7,-6.3,-13.3,81.8,0.0,NE@4.2,6.0,32.4,34.0,32.4,0.0,0,30.36,"Pendleton, Pendleton, Umatilla County",300300,Pendleton,2017-11-20 20:24:48.492684
2017-01-04,24:00,-5.7,-6.4,-13.4,81.6,0.0,NE@4.6,6.4,32.4,34.0,32.4,0.0,0,30.36,"Pendleton, Pendleton, Umatilla County",300300,Pendleton,2017-11-20 20:24:48.492684
2017-01-05,00:15,-5.5,-6.2,-13.1,82.0,0.0,N@1.6,3.1,32.4,34.0,32.3,0.0,0,30.36,"Pendleton, Pendleton, Umatilla County",300300,Pendleton,2017-11-20 20:24:48.492684
2017-01-05,00:30,-4.8,-5.4,-12.3,82.0,0.0,NE@2.3,3.5,32.4,34.0,32.3,0.0,0,30.36,"Pendleton, Pendleton, Umatilla County",300300,Pendleton,2017-11-20 20:24:48.492684
2017-01-05,00:45,-5.9,-6.6,-13.7,81.2,0.0,NE@2.1,3.9,32.4,34.0,32.3,0.0,0,30.36,"Pendleton, Pendleton, Umatilla County",300300,Pendleton,2017-11-20 20:24:48.492684
2017-01-05,01:00,-6.8,-7.4,-14.6,81.3,0.0,NE@2.9,6.4,32.4,34.0,32.3,0.0,0,30.37,"Pendleton, Pendleton, Umatilla County",300300,Pendleton,2017-11-20 20:24:48.492684
2017-01-05,01:15,-7.3,-8.0,-15.1,81.0,0.0,NE@4.0,6.4,32.4,34.0,32.3,0.0,0,30.37,"Pendleton, Pendleton, Umatilla County",300300,Pendleton,2017-11-20 20:24:48.492684
2017-01-05,01:30,-8.1,-8.7,-16.0,81.0,0.0,E@2.6,3.9,32.4,34.0,32.3,0.0,0,30.37,"Pendleton, Pendleton, Umatilla County",300300,Pendleton,2017-11-20 20:24:48.492684
2017-01-05,01:45,-8.1,-8.7,-15.9,81.3,0.0,NE@2.5,4.2,32.4,34.0,32.3,0.0,0,30.37,"Pendleton, Pendleton, Umatilla County",300300,Pendleton,2017-11-20 20:24:48.492684
2017-01-05,02:00,-8.0,-8.6,-15.9,81.0,0.0,NE@3.4,5.3,32.3,34.0,32.3,0.0,0,30.37,"Pendleton, Pendleton, Umatilla County",300300,Pendleton,2017-11-20 20:24:48.492684
2017-01-05,02:15,-7.2,-7.8,-15.0,81.6,0.0,N@2.6,5.3,32.3,34.0,32.3,0.0,0,30.37,"Pendleton, Pendleton, Umatilla County",300300,Pendleton,2017-11-20 20:24:48.492684
2017-01-05,02:30,-7.4,-8.1,-15.3,81.0,0.0,NE@2.4,3.1,32.3,34.0,32.2,0.0,0,30.37,"Pendleton, Pendleton, Umatilla County",300300,Pendleton,2017-11-20 20:24:48.492684
2017-01-05,02:45,-8.0,-8.7,-15.9,81.0,0.0,NE@2.6,4.6,32.3,34.0,32.2,0.0,0,30.37,"Pendleton, Pendleton, Umatilla County",300300,Pendleton,2017-11-20 20:24:48.492684
2017-01-05,03:00,-7.6,-8.1,-15.3,81.5,0.0,NE@5.8,7.4,32.3,34.0,32.2,0.0,0,30.37,"Pendleton, Pendleton, Umatilla County",300300,Pendleton,2017-11-20 20:24:48.492684
2017-01-05,03:15,-8.1,-8.7,-16.0,81.1,0.0,NE@5.6,7.4,32.3,34.0,32.2,0.0,0,30.38,"Pendleton, Pendleton, Umatilla County",300300,Pendleton,2017-11-20 20:24:48.492684
2017-01-05,03:30,-7.4,-8.0,-15.2,81.5,0.0,N@5.7,8.2,32.3,34.0,32.2,0.0,0,30.38,"Pendleton, Pendleton, Umatilla County",300300,Pendleton,2017-11-20 20:24:48.492684
2017-01-05,03:45,-8.3,-9.0,-16.3,80.7,0.0,E@3.6,4.6,32.3,34.0,32.2,0.0,0,30.39,"Pendleton, Pendleton, Umatilla County",300300,Pendleton,2017-11-20 20:24:48.492684
2017-01-05,04:00,-7.8,-8.4,-15.7,80.9,0.0,E@1.7,3.9,32.3,34.0,32.2,0.0,0,30.39,"Pendleton, Pendleton, Umatilla County",300300,Pendleton,2017-11-20 20:24:48.492684
2017-01-05,04:15,-7.4,-8.0,-15.2,81.1,0.0,E@1.9,3.1,32.3,34.0,32.1,0.0,0,30.39,"Pendleton, Pendleton, Umatilla County",300300,Pendleton,2017-11-20 20:24:48.492684
2017-01-05,04:30,-7.8,-8.5,-15.8,80.9,0.0,NE@2.1,3.5,32.3,34.0,32.1,0.0,0,30.38,"Pendleton, Pendleton, Umatilla County",300300,Pendleton,2017-11-20 20:24:48.492684
2017-01-05,04:45,-8.0,-8.6,-15.9,80.7,0.0,NE@2.7,5.7,32.3,34.0,32.1,0.0,0,30.39,"Pendleton, Pendleton, Umatilla County",300300,Pendleton,2017-11-20 20:24:48.492684
2017-01-05,05:00,-8.6,-9.2,-16.6,80.5,0.0,NE@3.4,6.0,32.3,34.0,32.1,0.0,0,30.38,"Pendleton, Pendleton, Umatilla County",300300,Pendleton,2017-11-20 20:24:48.492684
2017-01-05,05:15,-8.6,-9.3,-16.7,80.5,0.0,NE@2.8,4.2,32.3,34.0,32.1,0.0,0,30.38,"Pendleton, Pendleton, Umatilla County",300300,Pendleton,2017-11-20 20:24:48.492684
2017-01-05,05:30,-9.5,-10.1,-17.6,80.3,0.0,E@4.0,5.3,32.3,34.0,32.1,0.0,0,30.37,"Pendleton, Pendleton, Umatilla County",300300,Pendleton,2017-11-20 20:24:48.492684
2017-01-05,05:45,-9.5,-10.1,-17.7,80.2,0.0,NE@2.5,4.9,32.3,34.0,32.1,0.0,0,30.37,"Pendleton, Pendleton, Umatilla County",300300,Pendleton,2017-11-20 20:24:48.492684
2017-01-05,06:00,-9.2,-9.7,-17.3,80.5,0.0,NE@3.0,4.2,32.3,34.0,32.0,0.0,0,30.37,"Pendleton, Pendleton, Umatilla County",300300,Pendleton,2017-11-20 20:24:48.492684
2017-01-05,06:15,-9.0,-9.6,-17.1,80.4,0.0,NE@1.9,3.5,32.3,34.0,32.0,0.0,0,30.37,"Pendleton, Pendleton, Umatilla County",300300,Pendleton,2017-11-20 20:24:48.492684
2017-01-05,06:30,-8.3,-8.8,-16.2,80.8,0.0,N@1.5,2.8,32.3,34.0,32.0,0.0,0,30.38,"Pendleton, Pendleton, Umatilla County",300300,Pendleton,2017-11-20 20:24:48.492684
2017-01-05,06:45,-8.6,-9.1,-16.6,80.6,0.0,NE@3.6,4.9,32.3,34.0,32.0,0.0,0,30.38,"Pendleton, Pendleton, Umatilla County",300300,Pendleton,2017-11-20 20:24:48.492684
2017-01-05,07:00,-8.6,-9.3,-16.7,80.5,0.0,NE@3.7,5.3,32.2,34.0,32.0,0.0,0,30.38,"Pendleton, Pendleton, Umatilla County",300300,Pendleton,2017-11-20 20:24:48.492684
2017-01-05,07:15,-9.3,-10.0,-17.5,80.1,0.0,E@1.6,3.5,32.2,34.0,32.0,0.0,0,30.38,"Pendleton, Pendleton, Umatilla County",300300,Pendleton,2017-11-20 20:24:48.492684
2017-01-05,07:30,-9.0,-9.6,-17.1,80.5,0.0,NE@3.1,4.9,32.2,34.0,32.0,0.0,2,30.38,"Pendleton, Pendleton, Umatilla County",300300,Pendleton,2017-11-20 20:24:48.492684
2017-01-05,07:45,-8.6,-9.3,-16.7,80.4,0.0,NE@1.3,4.2,32.2,34.0,31.9,0.0,6,30.38,"Pendleton, Pendleton, Umatilla County",300300,Pendleton,2017-11-20 20:24:48.492684
2017-01-05,08:00,-8.0,-8.7,-16.0,80.5,0.0,NE@1.0,3.1,32.2,34.0,31.9,0.0,26,30.38,"Pendleton, Pendleton, Umatilla County",300300,Pendleton,2017-11-20 20:24:48.492684
2017-01-05,08:15,-6.1,-7.4,-14.1,80.1,0.0,NE@0.9,2.1,32.2,34.0,31.9,0.0,70,30.38,"Pendleton, Pendleton, Umatilla County",300300,Pendleton,2017-11-20 20:24:48.492684
2017-01-05,08:30,-5.0,-6.3,-13.1,79.4,0.0,NE@0.8,2.1,32.2,34.0,31.9,0.0,104,30.39,"Pendleton, Pendleton, Umatilla County",300300,Pendleton,2017-11-20 20:24:48.492684
2017-01-05,08:45,-4.1,-5.6,-12.4,78.8,0.0,NE@2.5,3.9,32.2,34.0,31.9,0.0,135,30.39,"Pendleton, Pendleton, Umatilla County",300300,Pendleton,2017-11-20 20:24:48.492684
2017-01-05,09:00,-4.1,-5.4,-12.6,78.0,0.0,E@2.9,4.2,32.2,34.0,31.9,0.0,167,30.39,"Pendleton, Pendleton, Umatilla County",300300,Pendleton,2017-11-20 20:24:48.492684
2017-01-05,09:15,-2.1,-3.8,-10.9,76.7,0.0,E@1.8,3.5,32.2,34.0,31.9,0.0,197,30.4,"Pendleton, Pendleton, Umatilla County",300300,Pendleton,2017-11-20 20:24:48.492684
2017-01-05,09:30,-2.0,-3.7,-11.2,75.0,0.0,E@3.2,3.9,32.2,34.0,31.8,0.0,225,30.4,"Pendleton, Pendleton, Umatilla County",300300,Pendleton,2017-11-20 20:24:48.492684
2017-01-05,09:45,-0.3,-2.2,-9.5,74.7,0.0,NE@2.5,3.1,32.2,34.0,31.8,0.0,251,30.4,"Pendleton, Pendleton, Umatilla County",300300,Pendleton,2017-11-20 20:24:48.492684
2017-01-05,10:00,3.1,-0.2,-7.0,71.4,0.0,NE@3.1,4.6,32.2,34.0,31.8,0.0,277,30.41,"Pendleton, Pendleton, Umatilla County",300300,Pendleton,2017-11-20 20:24:48.492684
2017-01-05,10:15,3.7,1.5,-6.0,72.6,0.0,E@2.8,3.5,32.2,34.0,31.8,0.0,301,30.4,"Pendleton, Pendleton, Umatilla County",300300,Pendleton,2017-11-20 20:24:48.492684
2017-01-05,10:30,4.9,3.2,-4.7,72.9,0.0,E@2.5,3.5,32.2,34.0,31.8,0.0,323,30.4,"Pendleton, Pendleton, Umatilla County",300300,Pendleton,2017-11-20 20:24:48.492684
2017-01-05,10:45,7.2,5.0,-3.2,69.8,0.0,E@2.2,3.1,32.2,34.0,31.8,0.0,344,30.4,"Pendleton, Pendleton, Umatilla County",300300,Pendleton,2017-11-20 20:24:48.492684
2017-01-05,11:00,8.3,6.0,-2.4,68.7,0.0,E@2.4,3.1,32.2,34.0,31.8,0.0,363,30.39,"Pendleton, Pendleton, Umatilla County",300300,Pendleton,2017-11-20 20:24:48.492684
2017-01-05,11:15,9.3,7.3,-1.4,68.5,0.0,N@2.8,3.9,32.2,34.0,31.7,0.0,377,30.39,"Pendleton, Pendleton, Umatilla County",300300,Pendleton,2017-11-20 20:24:48.492684
2017-01-05,11:30,10.7,10.3,-0.1,68.2,0.0,NW@1.5,3.5,32.2,34.0,31.7,0.0,388,30.38,"Pendleton, Pendleton, Umatilla County",300300,Pendleton,2017-11-20 20:24:48.492684
2017-01-05,11:45,11.3,10.7,1.5,71.3,0.0,N@2.4,3.9,32.2,34.0,31.7,0.0,396,30.38,"Pendleton, Pendleton, Umatilla County",300300,Pendleton,2017-11-20 20:24:48.492684
2017-01-05,12:00,13.9,12.4,1.6,63.2,0.0,E@2.3,3.1,32.2,34.0,31.7,0.0,402,30.37,"Pendleton, Pendleton, Umatilla County",300300,Pendleton,2017-11-20 20:24:48.492684
2017-01-05,12:15,14.7,13.1,2.0,61.8,0.0,E@1.7,3.1,32.2,34.0,31.7,0.0,403,30.36,"Pendleton, Pendleton, Umatilla County",300300,Pendleton,2017-11-20 20:24:48.492684
2017-01-05,12:30,16.3,15.6,1.4,55.7,0.0,SW@1.8,2.8,32.2,34.0,31.7,0.0,400,30.35,"Pendleton, Pendleton, Umatilla County",300300,Pendleton,2017-11-20 20:24:48.492684
2017-01-05,12:45,16.4,15.3,1.5,55.9,0.0,SW@1.5,3.1,32.1,34.0,31.7,0.0,394,30.35,"Pendleton, Pendleton, Umatilla County",300300,Pendleton,2017-11-20 20:24:48.492684
2017-01-05,13:00,16.7,17.1,1.7,55.4,0.0,NW@0.9,2.4,32.2,34.0,31.7,0.0,384,30.34,"Pendleton, Pendleton, Umatilla County",300300,Pendleton,2017-11-20 20:24:48.492684
2017-01-05,13:15,17.4,16.6,1.8,54.1,0.0,N@1.3,2.4,32.1,34.0,31.7,0.0,371,30.34,"Pendleton, Pendleton, Umatilla County",300300,Pendleton,2017-11-20 20:24:48.492684
2017-01-05,13:30,16.2,16.4,2.2,58.2,0.0,W@0.5,1.7,32.2,34.0,31.7,0.0,356,30.33,"Pendleton, Pendleton, Umatilla County",300300,Pendleton,2017-11-20 20:24:48.492684
2017-01-05,13:45,16.7,13.9,2.7,58.3,0.0,NE@2.7,4.2,32.1,34.0,31.6,0.0,337,30.32,"Pendleton, Pendleton, Umatilla County",300300,Pendleton,2017-11-20 20:24:48.492684
2017-01-05,14:00,14.0,12.4,3.4,68.3,0.0,E@3.6,4.6,32.1,34.0,31.6,0.0,315,30.31,"Pendleton, Pendleton, Umatilla County",300300,Pendleton,2017-11-20 20:24:48.492684
2017-01-05,14:15,13.6,11.2,3.1,69.0,0.0,NE@3.8,4.2,32.1,34.0,31.6,0.0,291,30.31,"Pendleton, Pendleton, Umatilla County",300300,Pendleton,2017-11-20 20:24:48.492684
2017-01-05,14:30,13.1,11.1,2.6,68.7,0.0,NE@4.2,4.6,32.1,33.9,31.6,0.0,263,30.31,"Pendleton, Pendleton, Umatilla County",300300,Pendleton,2017-11-20 20:24:48.492684
2017-01-05,14:45,13.0,11.4,2.6,69.2,0.0,E@3.6,4.6,32.1,33.9,31.6,0.0,234,30.31,"Pendleton, Pendleton, Umatilla County",300300,Pendleton,2017-11-20 20:24:48.492684
2017-01-05,15:00,12.0,10.6,2.2,71.3,0.0,E@3.8,4.6,32.1,33.9,31.6,0.0,203,30.31,"Pendleton, Pendleton, Umatilla County",300300,Pendleton,2017-11-20 20:24:48.492684
2017-01-05,15:15,11.5,10.3,1.9,71.9,0.0,E@3.2,4.2,32.1,33.9,31.5,0.0,170,30.31,"Pendleton, Pendleton, Umatilla County",300300,Pendleton,2017-11-20 20:24:48.492684
2017-01-05,15:30,11.2,10.0,1.4,71.4,0.0,E@2.9,3.9,32.1,33.9,31.5,0.0,137,30.32,"Pendleton, Pendleton, Umatilla County",300300,Pendleton,2017-11-20 20:24:48.492684
2017-01-05,15:45,9.4,8.3,0.0,72.7,0.0,E@3.3,3.9,32.1,33.9,31.5,0.0,103,30.32,"Pendleton, Pendleton, Umatilla County",300300,Pendleton,2017-11-20 20:24:48.492684
2017-01-05,16:00,9.4,8.5,0.2,73.7,0.0,SE@3.1,3.9,32.1,33.9,31.5,0.0,70,30.31,"Pendleton, Pendleton, Umatilla County",300300,Pendleton,2017-11-20 20:24:48.492684
2017-01-05,16:15,9.7,8.8,0.0,71.9,0.0,SE@2.8,3.5,32.1,33.9,31.5,0.0,38,30.31,"Pendleton, Pendleton, Umatilla County",300300,Pendleton,2017-11-20 20:24:48.492684
2017-01-05,16:30,7.9,7.2,-1.0,75.2,0.0,SE@2.4,3.1,32.1,33.9,31.5,0.0,11,30.31,"Pendleton, Pendleton, Umatilla County",300300,Pendleton,2017-11-20 20:24:48.492684
2017-01-05,16:45,7.4,6.8,-1.0,76.8,0.0,SE@2.2,3.1,32.1,33.9,31.5,0.0,2,30.3,"Pendleton, Pendleton, Umatilla County",300300,Pendleton,2017-11-20 20:24:48.492684
2017-01-05,17:00,3.0,2.3,-6.0,75.4,0.0,E@1.2,3.5,32.1,33.9,31.4,0.0,0,30.3,"Pendleton, Pendleton, Umatilla County",300300,Pendleton,2017-11-20 20:24:48.492684
2017-01-05,17:15,2.9,2.2,-4.4,81.5,0.0,NE@3.2,3.9,32.1,33.9,31.4,0.0,0,30.3,"Pendleton, Pendleton, Umatilla County",300300,Pendleton,2017-11-20 20:24:48.492684
2017-01-05,17:30,1.2,0.3,-6.5,80.2,0.0,NE@4.4,5.7,32.1,33.9,31.4,0.0,0,30.3,"Pendleton, Pendleton, Umatilla County",300300,Pendleton,2017-11-20 20:24:48.492684
2017-01-05,17:45,-0.4,-1.1,-7.7,82.1,0.0,N@5.6,6.4,32.1,33.9,31.4,0.0,0,30.3,"Pendleton, Pendleton, Umatilla County",300300,Pendleton,2017-11-20 20:24:48.492684
2017-01-05,18:00,-1.1,-1.8,-8.4,82.2,0.0,N@6.1,7.4,32.1,33.9,31.4,0.0,0,30.3,"Pendleton, Pendleton, Umatilla County",300300,Pendleton,2017-11-20 20:24:48.492684
2017-01-05,18:15,-1.8,-2.4,-9.0,82.4,0.0,NE@5.7,7.4,32.1,33.9,31.4,0.0,0,30.3,"Pendleton, Pendleton, Umatilla County",300300,Pendleton,2017-11-20 20:24:48.492684
2017-01-05,18:30,-2.0,-2.6,-9.3,82.4,0.0,NE@5.5,6.4,32.1,33.9,31.4,0.0,0,30.3,"Pendleton, Pendleton, Umatilla County",300300,Pendleton,2017-11-20 20:24:48.492684
2017-01-05,18:45,-2.5,-3.1,-9.9,82.2,0.0,NE@2.0,3.9,32.1,33.9,31.4,0.0,0,30.3,"Pendleton, Pendleton, Umatilla County",300300,Pendleton,2017-11-20 20:24:48.492684
2017-01-05,19:00,-2.6,-3.2,-9.9,82.6,0.0,NE@3.0,4.9,32.1,33.9,31.3,0.0,0,30.3,"Pendleton, Pendleton, Umatilla County",300300,Pendleton,2017-11-20 20:24:48.492684
2017-01-05,19:15,-2.3,-2.8,-9.5,82.7,0.0,NE@3.6,5.7,32.1,33.9,31.3,0.0,0,30.3,"Pendleton, Pendleton, Umatilla County",300300,Pendleton,2017-11-20 20:24:48.492684
2017-01-05,19:30,-3.4,-4.1,-11.0,81.5,0.0,E@3.1,4.6,32.1,33.9,31.3,0.0,0,30.29,"Pendleton, Pendleton, Umatilla County",300300,Pendleton,2017-11-20 20:24:48.492684
2017-01-05,19:45,-3.9,-4.6,-11.2,82.7,0.0,E@3.0,4.2,32.1,33.9,31.3,0.0,0,30.28,"Pendleton, Pendleton, Umatilla County",300300,Pendleton,2017-11-20 20:24:48.492684
2017-01-05,20:00,-3.5,-4.2,-10.7,83.0,0.0,W@0.6,1.7,32.1,33.9,31.3,0.0,0,30.28,"Pendleton, Pendleton, Umatilla County",300300,Pendleton,2017-11-20 20:24:48.492684
2017-01-05,20:15,-3.6,-4.3,-10.5,84.4,0.0,SW@0.4,1.7,32.1,33.9,31.3,0.0,0,30.27,"Pendleton, Pendleton, Umatilla County",300300,Pendleton,2017-11-20 20:24:48.492684
2017-01-05,20:30,-2.5,-3.1,-9.4,84.0,0.0,NE@1.6,3.1,32.1,33.9,31.3,0.0,0,30.26,"Pendleton, Pendleton, Umatilla County",300300,Pendleton,2017-11-20 20:24:48.492684
2017-01-05,20:45,-2.4,-3.2,-9.5,83.4,0.0,N@0.6,2.8,32.1,33.9,31.2,0.0,0,30.25,"Pendleton, Pendleton, Umatilla County",300300,Pendleton,2017-11-20 20:24:48.492684
2017-01-05,21:00,-1.4,-2.1,-8.0,84.9,0.0,W@0.9,2.1,32.1,33.9,31.2,0.0,0,30.25,"Pendleton, Pendleton, Umatilla County",300300,Pendleton,2017-11-20 20:24:48.492684
2017-01-05,21:15,-1.8,-2.6,-8.7,84.0,0.0,W@1.1,2.4,32.1,33.9,31.2,0.0,0,30.25,"Pendleton, Pendleton, Umatilla County",300300,Pendleton,2017-11-20 20:24:48.492684
2017-01-05,21:30,-1.0,-1.9,-7.6,85.0,0.0,N@1.0,2.4,32.1,33.9,31.2,0.0,0,30.24,"Pendleton, Pendleton, Umatilla County",300300,Pendleton,2017-11-20 20:24:48.492684
2017-01-05,21:45,-1.4,-2.1,-8.6,82.9,0.0,SE@1.2,2.1,32.1,33.9,31.2,0.0,0,30.23,"Pendleton, Pendleton, Umatilla County",300300,Pendleton,2017-11-20 20:24:48.492684
2017-01-05,22:00,0.3,-0.4,-6.2,85.0,0.0,SW@1.3,2.4,32.0,33.9,31.1,0.0,0,30.23,"Pendleton, Pendleton, Umatilla County",300300,Pendleton,2017-11-20 20:24:48.492684
2017-01-05,22:15,1.4,0.7,-5.6,83.3,0.0,NW@1.7,3.1,32.0,33.9,31.1,0.0,0,30.23,"Pendleton, Pendleton, Umatilla County",300300,Pendleton,2017-11-20 20:24:48.492684
2017-01-05,22:30,-0.2,-1.0,-7.4,82.6,0.0,N@2.0,3.5,32.0,33.9,31.1,0.0,0,30.23,"Pendleton, Pendleton, Umatilla County",300300,Pendleton,2017-11-20 20:24:48.492684
2017-01-05,22:45,-1.2,-1.9,-8.8,81.4,0.0,E@3.2,4.2,32.0,33.9,31.1,0.0,0,30.24,"Pendleton, Pendleton, Umatilla County",300300,Pendleton,2017-11-20 20:24:48.492684
2017-01-05,23:00,-2.0,-2.6,-9.6,81.2,0.0,NE@4.5,6.0,32.0,33.9,31.0,0.0,0,30.23,"Pendleton, Pendleton, Umatilla County",300300,Pendleton,2017-11-20 20:24:48.492684
2017-01-05,23:15,-2.5,-3.2,-10.3,80.7,0.0,E@3.0,5.3,32.0,33.9,31.0,0.0,0,30.23,"Pendleton, Pendleton, Umatilla County",300300,Pendleton,2017-11-20 20:24:48.492684
2017-01-05,23:30,-1.0,-1.6,-8.6,81.0,0.0,NE@5.6,7.4,32.0,33.9,31.0,0.0,0,30.22,"Pendleton, Pendleton, Umatilla County",300300,Pendleton,2017-11-20 20:24:48.492684
2017-01-05,23:45,-1.8,-2.5,-9.7,80.3,0.0,N@2.5,5.7,32.0,33.9,31.0,0.0,0,30.22,"Pendleton, Pendleton, Umatilla County",300300,Pendleton,2017-11-20 20:24:48.492684
2017-01-05,24:00,-1.1,-1.8,-8.7,81.0,0.0,N@2.1,3.9,32.0,33.9,31.0,0.0,0,30.21,"Pendleton, Pendleton, Umatilla County",300300,Pendleton,2017-11-20 20:24:48.492684
2017-01-06,00:15,1.0,0.7,-6.6,80.8,0.0,NE@4.7,5.7,32.0,33.9,31.0,0.0,0,30.21,"Pendleton, Pendleton, Umatilla County",300300,Pendleton,2017-11-20 20:24:48.492684
2017-01-06,00:30,2.0,1.4,-6.0,79.0,0.0,N@5.0,6.7,32.0,33.9,30.9,0.0,0,30.21,"Pendleton, Pendleton, Umatilla County",300300,Pendleton,2017-11-20 20:24:48.492684
2017-01-06,00:45,1.7,1.1,-6.4,78.7,0.0,N@2.8,4.9,32.0,33.9,30.9,0.0,0,30.21,"Pendleton, Pendleton, Umatilla County",300300,Pendleton,2017-11-20 20:24:48.492684
2017-01-06,01:00,2.5,2.1,-5.5,78.7,0.0,N@5.0,7.4,32.0,33.9,30.9,0.0,0,30.2,"Pendleton, Pendleton, Umatilla County",300300,Pendleton,2017-11-20 20:24:48.492684
2017-01-06,01:15,3.6,2.9,-5.0,76.5,0.0,SW@2.5,3.9,32.0,33.9,30.9,0.0,0,30.21,"Pendleton, Pendleton, Umatilla County",300300,Pendleton,2017-11-20 20:24:48.492684
2017-01-06,01:30,4.0,3.2,-4.3,77.6,0.0,S@1.4,3.1,32.0,33.9,30.9,0.0,0,30.21,"Pendleton, Pendleton, Umatilla County",300300,Pendleton,2017-11-20 20:24:48.492684
2017-01-06,01:45,2.8,2.1,-5.3,78.4,0.0,SE@2.6,3.9,32.0,33.9,30.8,0.0,0,30.21,"Pendleton, Pendleton, Umatilla County",300300,Pendleton,2017-11-20 20:24:48.492684
2017-01-06,02:00,2.6,1.9,-5.1,80.1,0.0,SE@2.2,3.5,32.0,33.9,30.8,0.0,0,30.21,"Pendleton, Pendleton, Umatilla County",300300,Pendleton,2017-11-20 20:24:48.492684
2017-01-06,02:15,1.9,1.3,-5.7,80.4,0.0,W@1.4,4.9,32.0,33.9,30.8,0.0,0,30.21,"Pendleton, Pendleton, Umatilla County",300300,Pendleton,2017-11-20 20:24:48.492684
2017-01-06,02:30,1.4,0.7,-5.8,82.3,0.0,SE@1.9,3.1,32.0,33.9,30.7,0.0,0,30.21,"Pendleton, Pendleton, Umatilla County",300300,Pendleton,2017-11-20 20:24:48.492684
2017-01-06,02:45,3.0,2.4,-4.2,81.9,0.0,SE@2.2,3.5,31.9,33.9,30.7,0.0,0,30.21,"Pendleton, Pendleton, Umatilla County",300300,Pendleton,2017-11-20 20:24:48.492684
2017-01-06,03:00,3.3,2.7,-3.8,82.2,0.0,SE@2.6,4.2,31.9,33.9,30.7,0.0,0,30.2,"Pendleton, Pendleton, Umatilla County",300300,Pendleton,2017-11-20 20:24:48.492684
2017-01-06,03:15,2.1,1.5,-5.5,80.7,0.0,NE@1.3,2.8,31.9,33.9,30.7,0.0,0,30.2,"Pendleton, Pendleton, Umatilla County",300300,Pendleton,2017-11-20 20:24:48.492684
2017-01-06,03:30,0.1,-0.7,-7.4,81.4,0.0,N@3.2,4.6,31.9,33.9,30.6,0.0,0,30.2,"Pendleton, Pendleton, Umatilla County",300300,Pendleton,2017-11-20 20:24:48.492684
2017-01-06,03:45,-0.6,-1.3,-7.9,82.3,0.0,N@2.8,4.2,31.9,33.9,30.6,0.0,0,30.2,"Pendleton, Pendleton, Umatilla County",300300,Pendleton,2017-11-20 20:24:48.492684
2017-01-06,04:00,0.7,0.2,-6.3,83.1,0.0,E@3.6,4.6,31.9,33.9,30.6,0.0,0,30.19,"Pendleton, Pendleton, Umatilla County",300300,Pendleton,2017-11-20 20:24:48.492684
2017-01-06,04:15,1.5,0.9,-5.7,82.1,0.0,SE@3.7,4.9,31.9,33.9,30.6,0.0,0,30.19,"Pendleton, Pendleton, Umatilla County",300300,Pendleton,2017-11-20 20:24:48.492684
2017-01-06,04:30,3.1,2.5,-4.1,81.8,0.0,SE@3.3,4.9,31.9,33.9,30.6,0.0,0,30.18,"Pendleton, Pendleton, Umatilla County",300300,Pendleton,2017-11-20 20:24:48.492684
2017-01-06,04:45,3.0,2.4,-4.7,80.2,0.0,NE@2.6,4.6,31.9,33.9,30.5,0.0,0,30.18,"Pendleton, Pendleton, Umatilla County",300300,Pendleton,2017-11-20 20:24:48.492684
2017-01-06,05:00,0.2,-0.5,-7.0,82.8,0.0,N@2.1,4.6,31.9,33.9,30.5,0.0,0,30.17,"Pendleton, Pendleton, Umatilla County",300300,Pendleton,2017-11-20 20:24:48.492684
2017-01-06,05:15,0.8,0.0,-6.3,82.9,0.0,N@2.8,3.5,31.9,33.9,30.5,0.0,0,30.17,"Pendleton, Pendleton, Umatilla County",300300,Pendleton,2017-11-20 20:24:48.492684
2017-01-06,05:30,-0.2,-1.0,-7.5,82.3,0.0,NE@3.3,5.7,31.9,33.9,30.5,0.0,0,30.16,"Pendleton, Pendleton, Umatilla County",300300,Pendleton,2017-11-20 20:24:48.492684
2017-01-06,05:45,-1.0,-1.7,-8.3,82.3,0.0,NE@4.2,5.7,31.9,33.9,30.5,0.0,0,30.16,"Pendleton, Pendleton, Umatilla County",300300,Pendleton,2017-11-20 20:24:48.492684
2017-01-06,06:00,-2.1,-2.7,-9.3,83.0,0.0,NE@1.9,3.5,31.9,33.9,30.4,0.0,0,30.15,"Pendleton, Pendleton, Umatilla County",300300,Pendleton,2017-11-20 20:24:48.492684
2017-01-06,06:15,-1.5,-2.2,-8.7,82.9,0.0,N@2.7,3.9,31.9,33.9,30.4,0.0,0,30.15,"Pendleton, Pendleton, Umatilla County",300300,Pendleton,2017-11-20 20:24:48.492684
2017-01-06,06:30,-1.3,-2.1,-8.5,82.8,0.0,NW@3.0,4.9,31.9,33.9,30.4,0.0,0,30.15,"Pendleton, Pendleton, Umatilla County",300300,Pendleton,2017-11-20 20:24:48.492684
2017-01-06,06:45,-0.7,-1.5,-7.9,82.7,0.0,N@2.3,4.6,31.9,33.8,30.4,0.0,0,30.15,"Pendleton, Pendleton, Umatilla County",300300,Pendleton,2017-11-20 20:24:48.492684
2017-01-06,07:00,1.3,0.5,-5.8,82.7,0.0,N@3.2,5.3,31.9,33.8,30.4,0.0,0,30.15,"Pendleton, Pendleton, Umatilla County",300300,Pendleton,2017-11-20 20:24:48.492684
2017-01-06,07:15,-0.5,-1.2,-8.1,81.0,0.0,E@3.5,5.7,31.8,33.8,30.4,0.0,0,30.16,"Pendleton, Pendleton, Umatilla County",300300,Pendleton,2017-11-20 20:24:48.492684
2017-01-06,07:30,1.5,1.1,-5.3,83.8,0.0,NE@4.1,8.5,31.8,33.8,30.4,0.0,1,30.16,"Pendleton, Pendleton, Umatilla County",300300,Pendleton,2017-11-20 20:24:48.492684
2017-01-06,07:45,5.6,5.2,0.0,87.6,0.0,NE@12.0,16.4,31.8,33.8,30.4,0.0,6,30.17,"Pendleton, Pendleton, Umatilla County",300300,Pendleton,2017-11-20 20:24:48.492684
2017-01-06,08:00,6.4,5.7,0.7,87.4,0.0,NE@12.3,15.3,31.8,33.8,30.3,0.0,26,30.17,"Pendleton, Pendleton, Umatilla County",300300,Pendleton,2017-11-20 20:24:48.492684
2017-01-06,08:15,6.5,5.5,0.7,86.7,0.0,N@10.0,13.5,31.8,33.8,30.3,0.0,70,30.18,"Pendleton, Pendleton, Umatilla County",300300,Pendleton,2017-11-20 20:24:48.492684
2017-01-06,08:30,6.3,4.9,0.3,86.0,0.0,N@7.5,9.6,31.8,33.8,30.3,0.0,104,30.19,"Pendleton, Pendleton, Umatilla County",300300,Pendleton,2017-11-20 20:24:48.492684
2017-01-06,08:45,5.7,4.1,-0.8,84.4,0.0,NE@3.8,5.7,31.8,33.8,30.3,0.0,142,30.19,"Pendleton, Pendleton, Umatilla County",300300,Pendleton,2017-11-20 20:24:48.492684
2017-01-06,09:00,5.4,4.3,-1.8,81.2,0.0,SE@3.0,5.3,31.8,33.8,30.3,0.0,175,30.2,"Pendleton, Pendleton, Umatilla County",300300,Pendleton,2017-11-20 20:24:48.492684
2017-01-06,09:15,5.6,4.6,-2.1,79.4,0.0,SE@3.1,4.6,31.8,33.8,30.3,0.0,204,30.2,"Pendleton, Pendleton, Umatilla County",300300,Pendleton,2017-11-20 20:24:48.492684
2017-01-06,09:30,5.6,4.5,-2.1,79.8,0.0,S@4.0,6.0,31.7,33.8,30.2,0.0,233,30.21,"Pendleton, Pendleton, Umatilla County",300300,Pendleton,2017-11-20 20:24:48.492684
2017-01-06,09:45,6.4,5.2,-1.2,79.6,0.0,S@4.5,5.7,31.7,33.8,30.2,0.0,255,30.21,"Pendleton, Pendleton, Umatilla County",300300,Pendleton,2017-11-20 20:24:48.492684
2017-01-06,10:00,7.2,5.9,-0.7,78.8,0.0,S@4.1,5.3,31.7,33.8,30.2,0.0,277,30.21,"Pendleton, Pendleton, Umatilla County",300300,Pendleton,2017-11-20 20:24:48.492684
2017-01-06,10:15,9.3,8.3,0.6,75.5,0.0,SW@1.6,3.1,31.7,33.8,30.2,0.0,310,30.21,"Pendleton, Pendleton, Umatilla County",300300,Pendleton,2017-11-20 20:24:48.492684
2017-01-06,10:30,10.4,9.5,1.0,72.8,0.0,SW@2.1,3.5,31.7,33.8,30.2,0.0,325,30.21,"Pendleton, Pendleton, Umatilla County",300300,Pendleton,2017-11-20 20:24:48.492684
2017-01-06,10:45,11.4,10.6,1.5,70.9,0.0,SW@1.5,2.4,31.7,33.8,30.2,0.0,348,30.21,"Pendleton, Pendleton, Umatilla County",300300,Pendleton,2017-11-20 20:24:48.492684
2017-01-06,11:00,13.4,12.1,2.4,67.1,0.0,E@1.2,3.1,31.7,33.8,30.2,0.0,364,30.2,"Pendleton, Pendleton, Umatilla County",300300,Pendleton,2017-11-20 20:24:48.492684
2017-01-06,11:15,12.6,9.7,2.2,69.0,0.0,NE@2.0,3.9,31.7,33.8,30.2,0.0,379,30.2,"Pendleton, Pendleton, Umatilla County",300300,Pendleton,2017-11-20 20:24:48.492684
2017-01-06,11:30,11.7,8.9,2.1,72.0,0.0,NE@3.8,4.6,31.7,33.8,30.2,0.0,386,30.2,"Pendleton, Pendleton, Umatilla County",300300,Pendleton,2017-11-20 20:24:48.492684
2017-01-06,11:45,11.4,8.9,2.3,73.8,0.0,NE@4.7,5.7,31.7,33.8,30.1,0.0,386,30.19,"Pendleton, Pendleton, Umatilla County",300300,Pendleton,2017-11-20 20:24:48.492684
2017-01-06,12:00,11.6,9.2,2.7,74.3,0.0,NE@5.0,6.7,31.7,33.8,30.1,0.0,395,30.19,"Pendleton, Pendleton, Umatilla County",300300,Pendleton,2017-11-20 20:24:48.492684
2017-01-06,12:15,12.1,9.9,3.3,74.4,0.0,NE@5.5,6.7,31.8,33.8,30.1,0.0,414,30.18,"Pendleton, Pendleton, Umatilla County",300300,Pendleton,2017-11-20 20:24:48.492684
2017-01-06,12:30,13.0,10.7,3.8,73.1,0.0,NE@5.0,6.7,31.8,33.8,30.1,0.0,403,30.18,"Pendleton, Pendleton, Umatilla County",300300,Pendleton,2017-11-20 20:24:48.492684
2017-01-06,12:45,14.2,12.1,4.4,70.6,0.0,NE@3.4,4.6,31.8,33.8,30.1,0.0,393,30.18,"Pendleton, Pendleton, Umatilla County",300300,Pendleton,2017-11-20 20:24:48.492684
2017-01-06,13:00,15.1,12.8,4.8,69.1,0.0,NE@3.1,3.9,31.8,33.8,30.1,0.0,384,30.18,"Pendleton, Pendleton, Umatilla County",300300,Pendleton,2017-11-20 20:24:48.492684
2017-01-06,13:15,15.0,12.9,5.1,70.6,0.0,E@3.7,4.9,31.8,33.8,30.1,0.0,373,30.18,"Pendleton, Pendleton, Umatilla County",300300,Pendleton,2017-11-20 20:24:48.492684
2017-01-06,13:30,14.9,13.0,5.6,72.2,0.0,NE@5.7,10.7,31.8,33.8,30.1,0.0,358,30.17,"Pendleton, Pendleton, Umatilla County",300300,Pendleton,2017-11-20 20:24:48.492684
2017-01-06,13:45,13.6,11.6,5.2,75.6,0.0,NE@11.3,14.2,31.8,33.8,30.0,0.0,329,30.17,"Pendleton, Pendleton, Umatilla County",300300,Pendleton,2017-11-20 20:24:48.492684
2017-01-06,14:00,12.2,10.4,4.6,78.9,0.0,NE@10.7,13.5,31.8,33.8,30.0,0.0,317,30.18,"Pendleton, Pendleton, Umatilla County",300300,Pendleton,2017-11-20 20:24:48.492684
2017-01-06,14:15,11.6,9.7,4.5,81.0,0.0,NE@8.9,10.3,31.8,33.8,30.0,0.0,290,30.18,"Pendleton, Pendleton, Umatilla County",300300,Pendleton,2017-11-20 20:24:48.492684
2017-01-06,14:30,11.3,9.5,4.2,80.9,0.0,NE@9.5,12.1,31.8,33.8,30.0,0.0,262,30.18,"Pendleton, Pendleton, Umatilla County",300300,Pendleton,2017-11-20 20:24:48.492684
2017-01-06,14:45,11.2,9.4,3.8,79.8,0.0,NE@7.7,9.6,31.8,33.8,30.0,0.0,233,30.19,"Pendleton, Pendleton, Umatilla County",300300,Pendleton,2017-11-20 20:24:48.492684
2017-01-06,15:00,11.1,9.3,3.6,79.5,0.0,NE@8.2,10.3,31.8,33.8,30.0,0.0,203,30.19,"Pendleton, Pendleton, Umatilla County",300300,Pendleton,2017-11-20 20:24:48.492684
2017-01-06,15:15,10.9,9.1,3.3,79.1,0.0,NE@7.6,9.2,31.8,33.8,30.0,0.0,171,30.2,"Pendleton, Pendleton, Umatilla County",300300,Pendleton,2017-11-20 20:24:48.492684
2017-01-06,15:30,10.3,8.6,2.6,78.8,0.0,NE@6.3,7.4,31.8,33.8,30.0,0.0,137,30.2,"Pendleton, Pendleton, Umatilla County",300300,Pendleton,2017-11-20 20:24:48.492684
2017-01-06,15:45,9.6,7.8,1.8,78.5,0.0,NE@4.8,6.0,31.8,33.8,30.0,0.0,104,30.2,"Pendleton, Pendleton, Umatilla County",300300,Pendleton,2017-11-20 20:24:48.492684
2017-01-06,16:00,8.2,6.8,0.8,80.5,0.0,NE@4.8,5.7,31.7,33.8,30.0,0.0,70,30.2,"Pendleton, Pendleton, Umatilla County",300300,Pendleton,2017-11-20 20:24:48.492684
2017-01-06,16:15,7.2,6.2,0.5,83.2,0.0,NE@6.3,7.8,31.7,33.8,29.9,0.0,35,30.19,"Pendleton, Pendleton, Umatilla County",300300,Pendleton,2017-11-20 20:24:48.492684
2017-01-06,16:30,6.1,5.3,-0.3,84.2,0.0,NE@5.8,7.1,31.7,33.8,29.9,0.0,10,30.19,"Pendleton, Pendleton, Umatilla County",300300,Pendleton,2017-11-20 20:24:48.492684
2017-01-06,16:45,4.8,4.1,-1.2,86.2,0.0,N@4.0,6.0,31.7,33.8,29.9,0.0,2,30.18,"Pendleton, Pendleton, Umatilla County",300300,Pendleton,2017-11-20 20:24:48.492684
2017-01-06,17:00,4.1,3.5,-1.7,87.4,0.0,N@2.9,3.9,31.7,33.8,29.9,0.0,0,30.19,"Pendleton, Pendleton, Umatilla County",300300,Pendleton,2017-11-20 20:24:48.492684
2017-01-06,17:15,4.1,3.4,-1.8,87.1,0.0,NW@2.2,3.9,31.7,33.8,29.9,0.0,0,30.19,"Pendleton, Pendleton, Umatilla County",300300,Pendleton,2017-11-20 20:24:48.492684
2017-01-06,17:30,2.2,1.5,-3.7,87.2,0.0,NW@2.4,3.5,31.7,33.8,29.9,0.0,0,30.2,"Pendleton, Pendleton, Umatilla County",300300,Pendleton,2017-11-20 20:24:48.492684
2017-01-06,17:45,1.8,1.1,-4.1,87.9,0.0,NW@2.7,3.9,31.7,33.8,29.8,0.0,0,30.2,"Pendleton, Pendleton, Umatilla County",300300,Pendleton,2017-11-20 20:24:48.492684
2017-01-06,18:00,2.6,1.9,-3.0,88.4,0.0,NW@2.3,3.9,31.7,33.8,29.8,0.0,0,30.2,"Pendleton, Pendleton, Umatilla County",300300,Pendleton,2017-11-20 20:24:48.492684
2017-01-06,18:15,3.3,2.2,-2.4,87.9,0.0,N@1.3,4.2,31.6,33.8,29.8,0.0,0,30.21,"Pendleton, Pendleton, Umatilla County",300300,Pendleton,2017-11-20 20:24:48.492684
2017-01-06,18:30,4.4,3.6,-1.7,86.3,0.0,N@3.7,4.9,31.6,33.8,29.8,0.0,0,30.21,"Pendleton, Pendleton, Umatilla County",300300,Pendleton,2017-11-20 20:24:48.492684
2017-01-06,18:45,5.1,4.6,-1.0,85.8,0.0,N@5.1,6.0,31.6,33.8,29.8,0.0,0,30.21,"Pendleton, Pendleton, Umatilla County",300300,Pendleton,2017-11-20 20:24:48.492684
2017-01-06,19:00,1.0,0.2,-5.9,83.3,0.0,NE@3.5,5.3,31.6,33.8,29.8,0.0,0,30.2,"Pendleton, Pendleton, Umatilla County",300300,Pendleton,2017-11-20 20:24:48.492684
2017-01-06,19:15,-0.8,-1.4,-7.4,85.1,0.0,E@1.8,3.9,31.6,33.8,29.8,0.0,0,30.21,"Pendleton, Pendleton, Umatilla County",300300,Pendleton,2017-11-20 20:24:48.492684
2017-01-06,19:30,0.7,0.0,-5.5,86.5,0.0,SW@0.6,2.4,31.6,33.8,29.8,0.0,0,30.21,"Pendleton, Pendleton, Umatilla County",300300,Pendleton,2017-11-20 20:24:48.492684
2017-01-06,19:45,0.6,-0.1,-5.7,86.0,0.0,SW@1.3,2.8,31.6,33.8,29.7,0.0,0,30.21,"Pendleton, Pendleton, Umatilla County",300300,Pendleton,2017-11-20 20:24:48.492684
2017-01-06,20:00,-0.5,-1.2,-6.9,86.1,0.0,SW@2.4,3.5,31.6,33.8,29.7,0.0,0,30.22,"Pendleton, Pendleton, Umatilla County",300300,Pendleton,2017-11-20 20:24:48.492684
2017-01-06,20:15,-0.1,-0.8,-6.3,86.8,0.0,SW@2.7,3.9,31.5,33.7,29.7,0.0,0,30.23,"Pendleton, Pendleton, Umatilla County",300300,Pendleton,2017-11-20 20:24:48.492684
2017-01-06,20:30,-0.1,-0.8,-6.5,85.7,0.0,NE@1.1,3.5,31.5,33.7,29.7,0.0,0,30.23,"Pendleton, Pendleton, Umatilla County",300300,Pendleton,2017-11-20 20:24:48.492684
2017-01-06,20:45,-3.0,-3.7,-9.8,84.7,0.0,E@3.4,4.6,31.5,33.7,29.7,0.0,0,30.23,"Pendleton, Pendleton, Umatilla County",300300,Pendleton,2017-11-20 20:24:48.492684
2017-01-06,21:00,-2.4,-3.0,-8.8,86.1,0.0,E@3.3,4.2,31.5,33.7,29.6,0.0,0,30.23,"Pendleton, Pendleton, Umatilla County",300300,Pendleton,2017-11-20 20:24:48.492684
2017-01-06,21:15,-1.3,-1.9,-7.4,87.0,0.0,E@3.1,3.9,31.5,33.7,29.6,0.0,0,30.24,"Pendleton, Pendleton, Umatilla County",300300,Pendleton,2017-11-20 20:24:48.492684
2017-01-06,21:30,-1.6,-2.3,-8.1,85.6,0.0,E@3.1,4.9,31.5,33.7,29.6,0.0,0,30.24,"Pendleton, Pendleton, Umatilla County",300300,Pendleton,2017-11-20 20:24:48.492684
2017-01-06,21:45,-4.2,-4.9,-11.3,83.7,0.0,NE@5.3,6.7,31.4,33.7,29.6,0.0,0,30.23,"Pendleton, Pendleton, Umatilla County",300300,Pendleton,2017-11-20 20:24:48.492684
2017-01-06,22:00,-4.7,-5.3,-11.9,83.1,0.0,NE@3.4,7.1,31.4,33.7,29.6,0.0,0,30.22,"Pendleton, Pendleton, Umatilla County",300300,Pendleton,2017-11-20 20:24:48.492684
2017-01-06,22:15,-3.9,-4.5,-11.0,83.5,0.0,N@1.8,4.6,31.4,33.7,29.6,0.0,0,30.22,"Pendleton, Pendleton, Umatilla County",300300,Pendleton,2017-11-20 20:24:48.492684
2017-01-06,22:30,-3.7,-4.4,-10.8,83.5,0.0,SW@1.1,2.4,31.4,33.7,29.6,0.0,0,30.22,"Pendleton, Pendleton, Umatilla County",300300,Pendleton,2017-11-20 20:24:48.492684
2017-01-06,22:45,-1.7,-2.3,-8.1,85.9,0.0,SW@2.2,3.9,31.4,33.7,29.6,0.0,0,30.22,"Pendleton, Pendleton, Umatilla County",300300,Pendleton,2017-11-20 20:24:48.492684
2017-01-06,23:00,-0.3,-1.2,-6.8,85.5,0.0,SW@1.1,2.8,31.4,33.7,29.6,0.0,0,30.22,"Pendleton, Pendleton, Umatilla County",300300,Pendleton,2017-11-20 20:24:48.492684
2017-01-06,23:15,-1.1,-1.8,-7.6,85.6,0.0,SW@1.9,4.9,31.3,33.7,29.5,0.0,0,30.23,"Pendleton, Pendleton, Umatilla County",300300,Pendleton,2017-11-20 20:24:48.492684
2017-01-06,23:30,-1.3,-2.0,-8.0,84.8,0.0,S@1.5,3.9,31.3,33.7,29.5,0.0,0,30.24,"Pendleton, Pendleton, Umatilla County",300300,Pendleton,2017-11-20 20:24:48.492684
2017-01-06,23:45,-1.6,-2.3,-8.3,84.8,0.0,W@1.6,3.1,31.3,33.7,29.4,0.0,0,30.23,"Pendleton, Pendleton, Umatilla County",300300,Pendleton,2017-11-20 20:24:48.492684
2017-01-06,24:00,-2.6,-3.4,-9.6,84.0,0.0,N@1.8,3.5,31.3,33.7,29.4,0.0,0,30.23,"Pendleton, Pendleton, Umatilla County",300300,Pendleton,2017-11-20 20:24:48.492684
