Date,Time PST,1.5m Air Temp °F, 1.5m Dew Point °F, 1.5m Rel Hum %, Tot Prec in, Solar Rad W/m², Atm. 2m Press. inHg, Wind Direction, Wind Speed mph, 2m Wind Gust mph, 1.5m Leaf Wet u., 2 in. Soil Tmp °F, 8 in. Soil Tmp °F, Soil VWC %,Location,Station ID,Station Name,Download Timestamp
2020-09-14,00:15,67.0,31.8,26.9,0.0,0,29.94,S,4.8,7.1,0.0,67.7,68.2,11.0,"Dayton.NW, Dayton, Columbia County",300216,Dayton.NW,2020-12-17 09:22:33.799917
2020-09-14,00:30,66.9,32.3,27.5,0.0,0,29.94,S,6.2,8.2,0.0,67.6,68.1,11.0,"Dayton.NW, Dayton, Columbia County",300216,Dayton.NW,2020-12-17 09:22:33.799917
2020-09-14,00:45,66.6,33.0,28.6,0.0,0,29.93,S,6.4,8.2,0.0,67.5,68.1,11.0,"Dayton.NW, Dayton, Columbia County",300216,Dayton.NW,2020-12-17 09:22:33.799917
2020-09-14,01:00,66.8,33.5,28.9,0.0,0,29.94,S,7.6,8.9,0.0,67.5,68.1,11.0,"Dayton.NW, Dayton, Columbia County",300216,Dayton.NW,2020-12-17 09:22:33.799917
2020-09-14,01:15,65.8,33.0,29.4,0.0,0,29.94,S,7.6,8.9,0.0,67.4,68.1,11.0,"Dayton.NW, Dayton, Columbia County",300216,Dayton.NW,2020-12-17 09:22:33.799917
2020-09-14,01:30,65.1,32.7,29.7,0.0,0,29.94,S,6.9,8.2,0.0,67.3,68.1,11.0,"Dayton.NW, Dayton, Columbia County",300216,Dayton.NW,2020-12-17 09:22:33.799917
2020-09-14,01:45,65.6,32.7,29.2,0.0,0,29.94,S,8.4,9.9,0.0,67.2,68.0,11.0,"Dayton.NW, Dayton, Columbia County",300216,Dayton.NW,2020-12-17 09:22:33.799917
2020-09-14,02:00,65.1,31.8,28.8,0.0,0,29.94,S,8.1,9.6,0.0,67.2,68.0,11.0,"Dayton.NW, Dayton, Columbia County",300216,Dayton.NW,2020-12-17 09:22:33.799917
2020-09-14,02:15,65.3,30.8,27.3,0.0,0,29.94,S,8.1,8.9,0.0,67.1,68.0,11.0,"Dayton.NW, Dayton, Columbia County",300216,Dayton.NW,2020-12-17 09:22:33.799917
2020-09-14,02:30,65.8,30.6,26.6,0.0,0,29.94,S,8.3,8.9,0.0,67.0,68.0,11.0,"Dayton.NW, Dayton, Columbia County",300216,Dayton.NW,2020-12-17 09:22:33.799917
2020-09-14,02:45,65.8,30.8,26.8,0.0,0,29.94,S,8.7,9.9,0.0,67.0,68.0,10.9,"Dayton.NW, Dayton, Columbia County",300216,Dayton.NW,2020-12-17 09:22:33.799917
2020-09-14,03:00,65.6,30.7,27.0,0.0,0,29.95,S,7.7,9.2,0.0,66.9,67.9,10.9,"Dayton.NW, Dayton, Columbia County",300216,Dayton.NW,2020-12-17 09:22:33.799917
2020-09-14,03:15,64.1,30.4,28.1,0.0,0,29.95,S,7.0,7.8,0.0,66.9,67.9,10.9,"Dayton.NW, Dayton, Columbia County",300216,Dayton.NW,2020-12-17 09:22:33.799917
2020-09-14,03:30,65.6,30.8,27.1,0.0,0,29.95,S,7.8,8.9,0.0,66.8,67.9,10.9,"Dayton.NW, Dayton, Columbia County",300216,Dayton.NW,2020-12-17 09:22:33.799917
2020-09-14,03:45,66.4,31.0,26.6,0.0,0,29.95,S,8.1,8.9,0.0,66.7,67.9,10.9,"Dayton.NW, Dayton, Columbia County",300216,Dayton.NW,2020-12-17 09:22:33.799917
2020-09-14,04:00,65.9,31.1,27.1,0.0,0,29.95,S,8.1,9.9,0.0,66.7,67.8,10.9,"Dayton.NW, Dayton, Columbia County",300216,Dayton.NW,2020-12-17 09:22:33.799917
2020-09-14,04:15,65.9,31.0,26.9,0.0,0,29.95,S,8.1,9.9,0.0,66.6,67.8,10.9,"Dayton.NW, Dayton, Columbia County",300216,Dayton.NW,2020-12-17 09:22:33.799917
2020-09-14,04:30,65.0,30.5,27.3,0.0,0,29.95,S,7.5,8.9,0.0,66.6,67.8,10.9,"Dayton.NW, Dayton, Columbia County",300216,Dayton.NW,2020-12-17 09:22:33.799917
2020-09-14,04:45,66.0,30.4,26.3,0.0,0,29.95,S,8.1,8.9,0.0,66.5,67.8,10.9,"Dayton.NW, Dayton, Columbia County",300216,Dayton.NW,2020-12-17 09:22:33.799917
2020-09-14,05:00,66.0,30.0,25.8,0.0,0,29.95,S,7.7,8.5,0.0,66.5,67.8,10.9,"Dayton.NW, Dayton, Columbia County",300216,Dayton.NW,2020-12-17 09:22:33.799917
2020-09-14,05:15,66.2,29.6,25.2,0.0,0,29.95,S,8.0,8.9,0.0,66.4,67.7,10.9,"Dayton.NW, Dayton, Columbia County",300216,Dayton.NW,2020-12-17 09:22:33.799917
2020-09-14,05:30,66.3,29.5,25.0,0.0,1,29.95,S,8.1,8.9,0.0,66.4,67.7,10.9,"Dayton.NW, Dayton, Columbia County",300216,Dayton.NW,2020-12-17 09:22:33.799917
2020-09-14,05:45,66.3,30.1,25.6,0.0,5,29.96,S,7.8,9.9,0.0,66.4,67.7,10.9,"Dayton.NW, Dayton, Columbia County",300216,Dayton.NW,2020-12-17 09:22:33.799917
2020-09-14,06:00,64.6,29.7,26.8,0.0,11,29.96,S,7.1,8.2,0.0,66.3,67.7,10.9,"Dayton.NW, Dayton, Columbia County",300216,Dayton.NW,2020-12-17 09:22:33.799917
2020-09-14,06:15,64.7,29.9,26.9,0.0,16,29.96,S,6.8,8.2,0.0,66.3,67.6,10.9,"Dayton.NW, Dayton, Columbia County",300216,Dayton.NW,2020-12-17 09:22:33.799917
2020-09-14,06:30,65.1,30.2,26.9,0.0,20,29.96,S,6.5,7.8,0.0,66.2,67.6,10.9,"Dayton.NW, Dayton, Columbia County",300216,Dayton.NW,2020-12-17 09:22:33.799917
2020-09-14,06:45,66.5,30.5,26.0,0.0,22,29.97,S,7.1,8.2,0.0,66.2,67.6,10.9,"Dayton.NW, Dayton, Columbia County",300216,Dayton.NW,2020-12-17 09:22:33.799917
2020-09-14,07:00,66.7,30.6,25.8,0.0,25,29.98,S,8.0,9.2,0.0,66.2,67.6,10.9,"Dayton.NW, Dayton, Columbia County",300216,Dayton.NW,2020-12-17 09:22:33.799917
2020-09-14,07:15,65.9,30.5,26.4,0.0,37,29.98,S,7.3,8.9,0.0,66.2,67.6,10.9,"Dayton.NW, Dayton, Columbia County",300216,Dayton.NW,2020-12-17 09:22:33.799917
2020-09-14,07:30,66.6,30.5,25.8,0.0,76,29.98,S,7.7,9.2,0.0,66.2,67.5,10.9,"Dayton.NW, Dayton, Columbia County",300216,Dayton.NW,2020-12-17 09:22:33.799917
2020-09-14,07:45,66.4,30.7,26.1,0.0,92,29.98,S,6.1,7.1,0.0,66.2,67.5,10.9,"Dayton.NW, Dayton, Columbia County",300216,Dayton.NW,2020-12-17 09:22:33.799917
2020-09-14,08:00,66.3,30.9,26.6,0.0,137,29.98,S,5.0,6.0,0.0,66.2,67.5,10.9,"Dayton.NW, Dayton, Columbia County",300216,Dayton.NW,2020-12-17 09:22:33.799917
2020-09-14,08:15,67.2,30.9,25.8,0.0,128,29.99,S,4.5,6.0,0.0,66.3,67.5,10.9,"Dayton.NW, Dayton, Columbia County",300216,Dayton.NW,2020-12-17 09:22:33.799917
2020-09-14,08:30,67.4,30.8,25.5,0.0,124,29.99,S,5.2,6.7,0.0,66.3,67.4,10.9,"Dayton.NW, Dayton, Columbia County",300216,Dayton.NW,2020-12-17 09:22:33.799917
2020-09-14,08:45,67.8,31.0,25.3,0.0,114,29.99,S,5.3,6.4,0.0,66.4,67.4,10.9,"Dayton.NW, Dayton, Columbia County",300216,Dayton.NW,2020-12-17 09:22:33.799917
2020-09-14,09:00,67.8,31.6,25.9,0.0,124,29.99,S,5.1,6.0,0.0,66.5,67.4,10.9,"Dayton.NW, Dayton, Columbia County",300216,Dayton.NW,2020-12-17 09:22:33.799917
2020-09-14,09:15,68.6,32.0,25.6,0.0,167,30.0,S,4.4,5.7,0.0,66.6,67.4,10.9,"Dayton.NW, Dayton, Columbia County",300216,Dayton.NW,2020-12-17 09:22:33.799917
2020-09-14,09:30,69.5,32.2,25.0,0.0,180,29.99,S,4.4,6.0,0.0,66.7,67.4,10.9,"Dayton.NW, Dayton, Columbia County",300216,Dayton.NW,2020-12-17 09:22:33.799917
2020-09-14,09:45,70.4,31.9,23.9,0.0,207,30.0,S,4.7,6.0,0.0,66.9,67.3,10.9,"Dayton.NW, Dayton, Columbia County",300216,Dayton.NW,2020-12-17 09:22:33.799917
2020-09-14,10:00,71.8,31.4,22.4,0.0,246,30.0,SW,6.1,7.8,0.0,67.0,67.3,10.9,"Dayton.NW, Dayton, Columbia County",300216,Dayton.NW,2020-12-17 09:22:33.799917
2020-09-14,10:15,72.5,31.5,22.0,0.0,245,30.0,SW,5.2,7.8,0.0,67.2,67.3,10.9,"Dayton.NW, Dayton, Columbia County",300216,Dayton.NW,2020-12-17 09:22:33.799917
2020-09-14,10:30,72.8,31.9,22.1,0.0,189,30.0,S,4.2,5.7,0.0,67.4,67.3,11.0,"Dayton.NW, Dayton, Columbia County",300216,Dayton.NW,2020-12-17 09:22:33.799917
2020-09-14,10:45,72.4,32.3,22.8,0.0,201,30.0,S,3.1,4.2,0.0,67.6,67.3,11.0,"Dayton.NW, Dayton, Columbia County",300216,Dayton.NW,2020-12-17 09:22:33.799917
2020-09-14,11:00,72.6,32.3,22.6,0.0,200,30.0,SW,3.5,4.6,0.0,67.9,67.3,11.0,"Dayton.NW, Dayton, Columbia County",300216,Dayton.NW,2020-12-17 09:22:33.799917
2020-09-14,11:15,73.7,32.5,22.0,0.0,252,30.0,S,2.9,4.2,0.0,68.1,67.3,11.0,"Dayton.NW, Dayton, Columbia County",300216,Dayton.NW,2020-12-17 09:22:33.799917
2020-09-14,11:30,75.0,32.6,21.1,0.0,276,30.0,S,2.0,3.9,0.0,68.3,67.3,11.0,"Dayton.NW, Dayton, Columbia County",300216,Dayton.NW,2020-12-17 09:22:33.799917
2020-09-14,11:45,74.8,32.2,20.9,0.0,237,30.0,SE,2.1,3.1,0.0,68.5,67.3,11.0,"Dayton.NW, Dayton, Columbia County",300216,Dayton.NW,2020-12-17 09:22:33.799917
2020-09-14,12:00,76.1,32.2,20.0,0.0,337,30.0,E,1.7,3.1,0.0,68.7,67.3,11.0,"Dayton.NW, Dayton, Columbia County",300216,Dayton.NW,2020-12-17 09:22:33.799917
2020-09-14,12:15,76.7,31.9,19.4,0.0,334,30.0,NE,2.6,4.2,0.0,68.9,67.3,11.0,"Dayton.NW, Dayton, Columbia County",300216,Dayton.NW,2020-12-17 09:22:33.799917
2020-09-14,12:30,77.1,33.4,20.3,0.0,390,30.0,N ,4.3,7.8,0.0,69.2,67.3,11.0,"Dayton.NW, Dayton, Columbia County",300216,Dayton.NW,2020-12-17 09:22:33.799917
2020-09-14,12:45,76.6,34.1,21.3,0.0,397,30.0,N ,6.4,10.3,0.0,69.5,67.3,11.0,"Dayton.NW, Dayton, Columbia County",300216,Dayton.NW,2020-12-17 09:22:33.799917
2020-09-14,13:00,75.8,34.6,22.3,0.0,327,29.99,N ,6.7,9.2,0.0,69.8,67.3,11.0,"Dayton.NW, Dayton, Columbia County",300216,Dayton.NW,2020-12-17 09:22:33.799917
2020-09-14,13:15,75.2,34.5,22.7,0.0,335,29.99,N ,6.9,9.9,0.0,70.1,67.3,11.0,"Dayton.NW, Dayton, Columbia County",300216,Dayton.NW,2020-12-17 09:22:33.799917
2020-09-14,13:30,75.4,34.6,22.5,0.0,346,29.99,N ,7.9,11.4,0.0,70.4,67.3,11.0,"Dayton.NW, Dayton, Columbia County",300216,Dayton.NW,2020-12-17 09:22:33.799917
2020-09-14,13:45,75.5,34.5,22.4,0.0,361,29.99,N ,8.0,12.4,0.0,70.7,67.3,11.0,"Dayton.NW, Dayton, Columbia County",300216,Dayton.NW,2020-12-17 09:22:33.799917
2020-09-14,14:00,76.2,34.1,21.6,0.0,434,29.99,N ,8.4,11.7,0.0,70.9,67.3,11.0,"Dayton.NW, Dayton, Columbia County",300216,Dayton.NW,2020-12-17 09:22:33.799917
2020-09-14,14:15,76.7,34.0,21.1,0.0,403,29.99,N ,8.2,12.1,0.0,71.2,67.3,11.0,"Dayton.NW, Dayton, Columbia County",300216,Dayton.NW,2020-12-17 09:22:33.799917
2020-09-14,14:30,76.5,33.7,21.0,0.0,368,29.99,N ,7.8,11.4,0.0,71.4,67.4,11.0,"Dayton.NW, Dayton, Columbia County",300216,Dayton.NW,2020-12-17 09:22:33.799917
2020-09-14,14:45,76.6,33.8,21.0,0.0,358,29.99,NE,7.4,11.4,0.0,71.7,67.4,11.0,"Dayton.NW, Dayton, Columbia County",300216,Dayton.NW,2020-12-17 09:22:33.799917
2020-09-14,15:00,76.8,34.2,21.2,0.0,317,29.99,NE,7.5,10.7,0.0,71.9,67.4,11.0,"Dayton.NW, Dayton, Columbia County",300216,Dayton.NW,2020-12-17 09:22:33.799917
2020-09-14,15:15,76.5,34.4,21.6,0.0,264,29.99,NE,7.4,10.3,0.0,72.2,67.4,11.0,"Dayton.NW, Dayton, Columbia County",300216,Dayton.NW,2020-12-17 09:22:33.799917
2020-09-14,15:30,76.4,34.9,22.1,0.0,233,29.99,N ,6.9,10.7,0.0,72.4,67.5,11.0,"Dayton.NW, Dayton, Columbia County",300216,Dayton.NW,2020-12-17 09:22:33.799917
2020-09-14,15:45,76.0,35.0,22.5,0.0,192,29.99,NE,7.3,8.9,0.0,72.5,67.5,10.9,"Dayton.NW, Dayton, Columbia County",300216,Dayton.NW,2020-12-17 09:22:33.799917
2020-09-14,16:00,74.9,35.3,23.6,0.0,136,29.99,NE,5.9,8.2,0.0,72.6,67.5,10.9,"Dayton.NW, Dayton, Columbia County",300216,Dayton.NW,2020-12-17 09:22:33.799917
2020-09-14,16:15,74.2,35.4,24.2,0.0,121,29.99,NE,4.9,6.4,0.0,72.7,67.6,10.9,"Dayton.NW, Dayton, Columbia County",300216,Dayton.NW,2020-12-17 09:22:33.799917
2020-09-14,16:30,74.1,35.2,24.1,0.0,159,29.98,NE,4.6,6.7,0.0,72.7,67.6,10.9,"Dayton.NW, Dayton, Columbia County",300216,Dayton.NW,2020-12-17 09:22:33.799917
2020-09-14,16:45,74.4,36.3,25.0,0.0,129,29.99,N ,5.3,6.7,0.0,72.7,67.7,10.9,"Dayton.NW, Dayton, Columbia County",300216,Dayton.NW,2020-12-17 09:22:33.799917
2020-09-14,17:00,73.4,36.8,26.3,0.0,82,29.98,NE,3.7,4.9,0.0,72.6,67.7,11.0,"Dayton.NW, Dayton, Columbia County",300216,Dayton.NW,2020-12-17 09:22:33.799917
2020-09-14,17:15,72.9,36.4,26.4,0.0,52,29.98,NE,3.1,3.9,0.0,72.6,67.8,11.0,"Dayton.NW, Dayton, Columbia County",300216,Dayton.NW,2020-12-17 09:22:33.799917
2020-09-14,17:30,72.6,35.5,25.7,0.0,34,29.98,NE,3.2,3.9,0.0,72.5,67.8,11.0,"Dayton.NW, Dayton, Columbia County",300216,Dayton.NW,2020-12-17 09:22:33.799917
2020-09-14,17:45,72.4,35.3,25.6,0.0,18,29.98,NE,2.8,3.5,0.0,72.3,67.8,11.0,"Dayton.NW, Dayton, Columbia County",300216,Dayton.NW,2020-12-17 09:22:33.799917
2020-09-14,18:00,72.0,35.5,26.2,0.0,8,29.98,NE,2.5,3.1,0.0,72.1,67.9,11.0,"Dayton.NW, Dayton, Columbia County",300216,Dayton.NW,2020-12-17 09:22:33.799917
2020-09-14,18:15,72.0,35.8,26.5,0.0,2,29.99,E,3.4,4.6,0.0,71.9,67.9,11.0,"Dayton.NW, Dayton, Columbia County",300216,Dayton.NW,2020-12-17 09:22:33.799917
2020-09-14,18:30,71.9,36.5,27.3,0.0,1,29.99,NE,2.0,3.9,0.0,71.6,67.9,11.0,"Dayton.NW, Dayton, Columbia County",300216,Dayton.NW,2020-12-17 09:22:33.799917
2020-09-14,18:45,71.6,36.4,27.5,0.0,0,29.99,NE,1.6,2.4,0.0,71.3,68.0,11.0,"Dayton.NW, Dayton, Columbia County",300216,Dayton.NW,2020-12-17 09:22:33.799917
2020-09-14,19:00,70.6,36.0,28.0,0.0,0,30.0,NE,2.1,3.1,0.0,71.0,68.0,11.0,"Dayton.NW, Dayton, Columbia County",300216,Dayton.NW,2020-12-17 09:22:33.799917
2020-09-14,19:15,70.9,36.1,27.8,0.0,0,30.01,N ,2.2,3.9,0.0,70.6,68.0,11.0,"Dayton.NW, Dayton, Columbia County",300216,Dayton.NW,2020-12-17 09:22:33.799917
2020-09-14,19:30,70.5,35.8,28.0,0.0,0,30.01,NE,1.9,3.5,0.0,70.3,68.0,11.0,"Dayton.NW, Dayton, Columbia County",300216,Dayton.NW,2020-12-17 09:22:33.799917
2020-09-14,19:45,70.9,35.9,27.7,0.0,0,30.02,E,0.7,2.4,0.0,70.0,68.1,11.0,"Dayton.NW, Dayton, Columbia County",300216,Dayton.NW,2020-12-17 09:22:33.799917
2020-09-14,20:00,69.6,35.8,28.7,0.0,0,30.02,SE,4.0,6.0,0.0,69.8,68.1,11.0,"Dayton.NW, Dayton, Columbia County",300216,Dayton.NW,2020-12-17 09:22:33.799917
2020-09-14,20:15,68.5,36.0,30.1,0.0,0,30.03,S,5.7,7.4,0.0,69.5,68.1,11.0,"Dayton.NW, Dayton, Columbia County",300216,Dayton.NW,2020-12-17 09:22:33.799917
2020-09-14,20:30,66.0,35.8,32.6,0.0,0,30.03,S,6.0,7.1,0.0,69.2,68.1,11.0,"Dayton.NW, Dayton, Columbia County",300216,Dayton.NW,2020-12-17 09:22:33.799917
2020-09-14,20:45,64.7,35.8,34.1,0.0,0,30.03,S,5.5,6.7,0.0,69.0,68.1,11.0,"Dayton.NW, Dayton, Columbia County",300216,Dayton.NW,2020-12-17 09:22:33.799917
2020-09-14,21:00,63.3,35.7,35.7,0.0,0,30.04,S,5.6,7.1,0.0,68.8,68.1,11.0,"Dayton.NW, Dayton, Columbia County",300216,Dayton.NW,2020-12-17 09:22:33.799917
2020-09-14,21:15,63.2,35.9,36.2,0.0,0,30.04,S,6.7,7.8,0.0,68.7,68.1,11.0,"Dayton.NW, Dayton, Columbia County",300216,Dayton.NW,2020-12-17 09:22:33.799917
2020-09-14,21:30,62.3,35.9,37.2,0.0,0,30.04,S,6.4,7.1,0.0,68.5,68.1,11.0,"Dayton.NW, Dayton, Columbia County",300216,Dayton.NW,2020-12-17 09:22:33.799917
2020-09-14,21:45,62.8,35.9,36.6,0.0,0,30.05,S,6.4,7.1,0.0,68.4,68.1,10.9,"Dayton.NW, Dayton, Columbia County",300216,Dayton.NW,2020-12-17 09:22:33.799917
2020-09-14,22:00,62.4,35.9,37.1,0.0,0,30.05,S,6.5,7.8,0.0,68.2,68.1,10.9,"Dayton.NW, Dayton, Columbia County",300216,Dayton.NW,2020-12-17 09:22:33.799917
2020-09-14,22:15,61.9,36.1,38.1,0.0,0,30.05,S,6.5,7.8,0.0,68.1,68.0,10.9,"Dayton.NW, Dayton, Columbia County",300216,Dayton.NW,2020-12-17 09:22:33.799917
2020-09-14,22:30,62.0,36.5,38.5,0.0,0,30.05,S,6.6,7.8,0.0,67.9,68.0,10.9,"Dayton.NW, Dayton, Columbia County",300216,Dayton.NW,2020-12-17 09:22:33.799917
2020-09-14,22:45,62.1,37.0,39.1,0.0,0,30.06,S,7.2,8.5,0.0,67.8,68.0,10.9,"Dayton.NW, Dayton, Columbia County",300216,Dayton.NW,2020-12-17 09:22:33.799917
2020-09-14,23:00,63.3,38.3,39.5,0.0,0,30.06,S,8.0,8.9,0.0,67.7,68.0,10.9,"Dayton.NW, Dayton, Columbia County",300216,Dayton.NW,2020-12-17 09:22:33.799917
2020-09-15,23:15,63.4,38.7,40.1,0.0,0,30.06,S,7.5,8.5,0.0,67.6,68.0,10.9,"Dayton.NW, Dayton, Columbia County",300216,Dayton.NW,2020-12-17 09:22:33.799917
2020-09-15,23:30,62.7,37.0,38.4,0.0,0,30.06,S,7.3,8.9,0.0,67.5,68.0,10.9,"Dayton.NW, Dayton, Columbia County",300216,Dayton.NW,2020-12-17 09:22:33.799917
2020-09-15,23:45,62.5,36.1,37.2,0.0,0,30.06,S,7.4,8.5,0.0,67.4,67.9,10.9,"Dayton.NW, Dayton, Columbia County",300216,Dayton.NW,2020-12-17 09:22:33.799917
2020-09-15,24:00,62.7,36.2,37.1,0.0,0,30.07,S,7.6,8.5,0.0,67.3,67.9,10.9,"Dayton.NW, Dayton, Columbia County",300216,Dayton.NW,2020-12-17 09:22:33.799917
2020-09-15,00:15,62.8,36.2,37.0,0.0,0,30.07,S,7.9,8.9,0.0,67.2,67.9,10.9,"Dayton.NW, Dayton, Columbia County",300216,Dayton.NW,2020-12-17 09:22:33.799917
2020-09-15,00:30,62.5,35.7,36.6,0.0,0,30.07,S,7.5,8.5,0.0,67.1,67.9,10.9,"Dayton.NW, Dayton, Columbia County",300216,Dayton.NW,2020-12-17 09:22:33.799917
2020-09-15,00:45,62.5,35.1,35.9,0.0,0,30.07,S,7.5,8.2,0.0,67.0,67.8,10.9,"Dayton.NW, Dayton, Columbia County",300216,Dayton.NW,2020-12-17 09:22:33.799917
2020-09-15,01:00,63.2,35.6,35.7,0.0,0,30.08,S,7.4,8.2,0.0,66.9,67.8,10.9,"Dayton.NW, Dayton, Columbia County",300216,Dayton.NW,2020-12-17 09:22:33.799917
2020-09-15,01:15,63.5,35.6,35.3,0.0,0,30.08,S,7.6,8.5,0.0,66.8,67.8,10.9,"Dayton.NW, Dayton, Columbia County",300216,Dayton.NW,2020-12-17 09:22:33.799917
2020-09-15,01:30,63.7,35.6,35.0,0.0,0,30.08,S,7.9,9.2,0.0,66.7,67.8,10.9,"Dayton.NW, Dayton, Columbia County",300216,Dayton.NW,2020-12-17 09:22:33.799917
2020-09-15,01:45,64.2,36.2,35.3,0.0,0,30.09,S,8.2,9.9,0.0,66.6,67.7,10.9,"Dayton.NW, Dayton, Columbia County",300216,Dayton.NW,2020-12-17 09:22:33.799917
2020-09-15,02:00,63.9,36.4,35.9,0.0,0,30.09,S,8.7,9.9,0.0,66.5,67.7,10.9,"Dayton.NW, Dayton, Columbia County",300216,Dayton.NW,2020-12-17 09:22:33.799917
2020-09-15,02:15,63.5,35.7,35.5,0.0,0,30.09,S,5.9,9.6,0.0,66.5,67.7,10.9,"Dayton.NW, Dayton, Columbia County",300216,Dayton.NW,2020-12-17 09:22:33.799917
2020-09-15,02:30,62.3,36.4,37.9,0.0,0,30.1,SW,2.1,3.9,0.0,66.4,67.7,10.9,"Dayton.NW, Dayton, Columbia County",300216,Dayton.NW,2020-12-17 09:22:33.799917
2020-09-15,02:45,63.6,36.5,36.3,0.0,0,30.1,S,1.4,2.8,0.0,66.3,67.6,10.9,"Dayton.NW, Dayton, Columbia County",300216,Dayton.NW,2020-12-17 09:22:33.799917
2020-09-15,03:00,64.1,35.9,34.9,0.0,0,30.1,S,3.7,6.0,0.0,66.3,67.6,10.9,"Dayton.NW, Dayton, Columbia County",300216,Dayton.NW,2020-12-17 09:22:33.799917
2020-09-15,03:15,62.6,34.9,35.5,0.0,0,30.1,S,5.6,6.7,0.0,66.1,67.6,10.9,"Dayton.NW, Dayton, Columbia County",300216,Dayton.NW,2020-12-17 09:22:33.799917
2020-09-15,03:30,61.5,34.2,35.9,0.0,0,30.1,S,6.4,7.1,0.0,66.0,67.6,10.9,"Dayton.NW, Dayton, Columbia County",300216,Dayton.NW,2020-12-17 09:22:33.799917
2020-09-15,03:45,60.5,34.0,36.7,0.0,0,30.11,S,6.4,7.1,0.0,65.9,67.6,10.9,"Dayton.NW, Dayton, Columbia County",300216,Dayton.NW,2020-12-17 09:22:33.799917
2020-09-15,04:00,59.6,34.0,38.0,0.0,0,30.11,S,6.7,7.4,0.0,65.8,67.5,11.0,"Dayton.NW, Dayton, Columbia County",300216,Dayton.NW,2020-12-17 09:22:33.799917
2020-09-15,04:15,60.4,33.9,36.8,0.0,0,30.12,S,7.0,8.2,0.0,65.7,67.5,10.9,"Dayton.NW, Dayton, Columbia County",300216,Dayton.NW,2020-12-17 09:22:33.799917
2020-09-15,04:30,60.6,33.9,36.5,0.0,0,30.12,S,6.8,8.5,0.0,65.7,67.5,10.9,"Dayton.NW, Dayton, Columbia County",300216,Dayton.NW,2020-12-17 09:22:33.799917
2020-09-15,04:45,60.2,33.8,36.9,0.0,0,30.12,S,6.8,7.8,0.0,65.6,67.5,11.0,"Dayton.NW, Dayton, Columbia County",300216,Dayton.NW,2020-12-17 09:22:33.799917
2020-09-15,05:00,60.8,33.6,35.9,0.0,0,30.13,S,7.2,8.5,0.0,65.5,67.4,10.9,"Dayton.NW, Dayton, Columbia County",300216,Dayton.NW,2020-12-17 09:22:33.799917
2020-09-15,05:15,61.2,33.5,35.2,0.0,0,30.13,S,6.6,7.8,0.0,65.4,67.4,10.9,"Dayton.NW, Dayton, Columbia County",300216,Dayton.NW,2020-12-17 09:22:33.799917
2020-09-15,05:30,61.0,33.8,35.9,0.0,2,30.13,S,6.4,7.1,0.0,65.4,67.4,10.9,"Dayton.NW, Dayton, Columbia County",300216,Dayton.NW,2020-12-17 09:22:33.799917
2020-09-15,05:45,61.1,34.3,36.5,0.0,5,30.13,S,6.3,7.4,0.0,65.3,67.4,10.9,"Dayton.NW, Dayton, Columbia County",300216,Dayton.NW,2020-12-17 09:22:33.799917
2020-09-15,06:00,61.4,34.7,36.7,0.0,22,30.13,S,6.5,7.1,0.0,65.2,67.3,10.9,"Dayton.NW, Dayton, Columbia County",300216,Dayton.NW,2020-12-17 09:22:33.799917
2020-09-15,06:15,62.1,35.4,36.9,0.0,31,30.14,S,6.9,7.8,0.0,65.2,67.3,10.9,"Dayton.NW, Dayton, Columbia County",300216,Dayton.NW,2020-12-17 09:22:33.799917
2020-09-15,06:30,62.0,35.3,36.7,0.0,46,30.14,S,5.7,7.4,0.0,65.1,67.3,10.9,"Dayton.NW, Dayton, Columbia County",300216,Dayton.NW,2020-12-17 09:22:33.799917
2020-09-15,06:45,60.4,34.6,37.8,0.0,61,30.14,S,4.8,5.7,0.0,65.1,67.2,10.9,"Dayton.NW, Dayton, Columbia County",300216,Dayton.NW,2020-12-17 09:22:33.799917
2020-09-15,07:00,61.9,34.9,36.4,0.0,96,30.14,S,5.3,6.0,0.0,65.1,67.2,10.9,"Dayton.NW, Dayton, Columbia County",300216,Dayton.NW,2020-12-17 09:22:33.799917
2020-09-15,07:15,63.4,35.0,34.6,0.0,118,30.15,S,4.6,6.0,0.0,65.1,67.2,10.9,"Dayton.NW, Dayton, Columbia County",300216,Dayton.NW,2020-12-17 09:22:33.799917
2020-09-15,07:30,63.3,34.9,34.6,0.0,138,30.15,SE,4.9,6.0,0.0,65.1,67.1,10.9,"Dayton.NW, Dayton, Columbia County",300216,Dayton.NW,2020-12-17 09:22:33.799917
2020-09-15,07:45,64.9,35.0,32.8,0.0,151,30.15,SE,3.8,4.9,0.0,65.2,67.1,10.9,"Dayton.NW, Dayton, Columbia County",300216,Dayton.NW,2020-12-17 09:22:33.799917
2020-09-15,08:00,65.8,35.3,32.2,0.0,168,30.15,SE,4.0,5.7,0.0,65.3,67.1,10.9,"Dayton.NW, Dayton, Columbia County",300216,Dayton.NW,2020-12-17 09:22:33.799917
2020-09-15,08:15,66.4,35.5,31.7,0.0,169,30.14,SE,4.3,6.0,0.0,65.4,67.1,10.9,"Dayton.NW, Dayton, Columbia County",300216,Dayton.NW,2020-12-17 09:22:33.799917
2020-09-15,08:30,66.6,35.3,31.3,0.0,166,30.15,SE,4.1,5.7,0.0,65.6,67.0,10.9,"Dayton.NW, Dayton, Columbia County",300216,Dayton.NW,2020-12-17 09:22:33.799917
2020-09-15,08:45,68.0,35.6,30.1,0.0,234,30.15,S,2.5,5.3,0.0,65.7,67.0,10.9,"Dayton.NW, Dayton, Columbia County",300216,Dayton.NW,2020-12-17 09:22:33.799917
2020-09-15,09:00,69.6,35.8,28.8,0.0,279,30.16,SE,2.3,4.9,0.0,65.9,67.0,10.9,"Dayton.NW, Dayton, Columbia County",300216,Dayton.NW,2020-12-17 09:22:33.799917
2020-09-15,09:15,70.5,35.9,28.0,0.0,287,30.16,SW,2.4,3.5,0.0,66.1,67.0,10.9,"Dayton.NW, Dayton, Columbia County",300216,Dayton.NW,2020-12-17 09:22:33.799917
2020-09-15,09:30,70.6,37.4,29.6,0.0,281,30.16,N ,2.9,4.9,0.0,66.4,66.9,10.9,"Dayton.NW, Dayton, Columbia County",300216,Dayton.NW,2020-12-17 09:22:33.799917
2020-09-15,09:45,71.1,37.0,28.7,0.0,320,30.16,SE,2.9,4.6,0.0,66.6,66.9,10.9,"Dayton.NW, Dayton, Columbia County",300216,Dayton.NW,2020-12-17 09:22:33.799917
2020-09-15,10:00,72.2,36.4,27.0,0.0,336,30.16,S,3.5,5.7,0.0,66.9,66.9,10.9,"Dayton.NW, Dayton, Columbia County",300216,Dayton.NW,2020-12-17 09:22:33.799917
2020-09-15,10:15,72.9,36.6,26.5,0.0,360,30.17,S,4.3,6.7,0.0,67.1,66.9,10.9,"Dayton.NW, Dayton, Columbia County",300216,Dayton.NW,2020-12-17 09:22:33.799917
2020-09-15,10:30,72.9,36.4,26.4,0.0,374,30.17,SW,4.6,7.4,0.0,67.4,66.9,10.9,"Dayton.NW, Dayton, Columbia County",300216,Dayton.NW,2020-12-17 09:22:33.799917
2020-09-15,10:45,73.4,36.7,26.3,0.0,379,30.17,SW,4.6,7.1,0.0,67.7,66.9,10.9,"Dayton.NW, Dayton, Columbia County",300216,Dayton.NW,2020-12-17 09:22:33.799917
2020-09-15,11:00,73.2,37.8,27.6,0.0,402,30.17,NW,4.5,6.7,0.0,68.0,66.9,10.9,"Dayton.NW, Dayton, Columbia County",300216,Dayton.NW,2020-12-17 09:22:33.799917
2020-09-15,11:15,73.5,38.4,28.0,0.0,418,30.17,N,4.9,7.8,0.0,68.4,66.9,10.9,"Dayton.NW, Dayton, Columbia County",300216,Dayton.NW,2020-12-17 09:22:33.799917
2020-09-15,11:30,73.8,38.6,27.8,0.0,436,30.17,N ,6.2,9.9,0.0,68.7,66.9,10.9,"Dayton.NW, Dayton, Columbia County",300216,Dayton.NW,2020-12-17 09:22:33.799917
2020-09-15,11:45,72.5,38.2,28.6,0.0,439,30.17,NE,6.4,9.6,0.0,69.1,66.9,10.9,"Dayton.NW, Dayton, Columbia County",300216,Dayton.NW,2020-12-17 09:22:33.799917
2020-09-15,12:00,73.1,38.3,28.2,0.0,450,30.17,NE,5.6,8.2,0.0,69.4,66.9,10.9,"Dayton.NW, Dayton, Columbia County",300216,Dayton.NW,2020-12-17 09:22:33.799917
2020-09-15,12:15,74.4,38.6,27.3,0.0,454,30.17,N ,5.6,8.9,0.0,69.8,66.9,10.9,"Dayton.NW, Dayton, Columbia County",300216,Dayton.NW,2020-12-17 09:22:33.799917
2020-09-15,12:30,74.4,38.6,27.4,0.0,456,30.16,N ,7.0,10.7,0.0,70.2,66.9,10.9,"Dayton.NW, Dayton, Columbia County",300216,Dayton.NW,2020-12-17 09:22:33.799917
2020-09-15,12:45,74.3,38.6,27.4,0.0,444,30.16,NE,7.7,11.4,0.0,70.5,66.9,10.9,"Dayton.NW, Dayton, Columbia County",300216,Dayton.NW,2020-12-17 09:22:33.799917
2020-09-15,13:00,75.1,38.5,26.6,0.0,427,30.16,N ,7.2,11.0,0.0,70.9,67.0,10.9,"Dayton.NW, Dayton, Columbia County",300216,Dayton.NW,2020-12-17 09:22:33.799917
2020-09-15,13:15,75.5,38.1,25.8,0.0,425,30.15,NE,6.7,10.3,0.0,71.2,67.0,10.9,"Dayton.NW, Dayton, Columbia County",300216,Dayton.NW,2020-12-17 09:22:33.799917
2020-09-15,13:30,75.9,37.9,25.2,0.0,411,30.15,NE,7.2,11.7,0.0,71.5,67.0,10.9,"Dayton.NW, Dayton, Columbia County",300216,Dayton.NW,2020-12-17 09:22:33.799917
2020-09-15,13:45,76.2,38.1,25.2,0.0,405,30.14,N ,8.2,11.4,0.0,71.8,67.0,11.0,"Dayton.NW, Dayton, Columbia County",300216,Dayton.NW,2020-12-17 09:22:33.799917
2020-09-15,14:00,76.4,38.3,25.2,0.0,382,30.14,N ,8.5,12.4,0.0,72.1,67.1,11.0,"Dayton.NW, Dayton, Columbia County",300216,Dayton.NW,2020-12-17 09:22:33.799917
2020-09-15,14:15,76.4,38.2,25.2,0.0,354,30.13,NE,9.3,14.2,0.0,72.3,67.1,11.0,"Dayton.NW, Dayton, Columbia County",300216,Dayton.NW,2020-12-17 09:22:33.799917
2020-09-15,14:30,76.6,38.6,25.4,0.0,347,30.13,N ,9.5,13.2,0.0,72.5,67.1,11.0,"Dayton.NW, Dayton, Columbia County",300216,Dayton.NW,2020-12-17 09:22:33.799917
2020-09-15,14:45,76.6,38.7,25.5,0.0,317,30.12,N ,8.2,13.5,0.0,72.7,67.2,11.0,"Dayton.NW, Dayton, Columbia County",300216,Dayton.NW,2020-12-17 09:22:33.799917
2020-09-15,15:00,76.4,38.9,25.9,0.0,282,30.12,N ,8.4,11.7,0.0,72.9,67.2,11.0,"Dayton.NW, Dayton, Columbia County",300216,Dayton.NW,2020-12-17 09:22:33.799917
2020-09-15,15:15,76.3,39.0,26.1,0.0,254,30.12,N ,9.0,12.8,0.0,73.1,67.3,11.0,"Dayton.NW, Dayton, Columbia County",300216,Dayton.NW,2020-12-17 09:22:33.799917
2020-09-15,15:30,76.3,38.0,25.1,0.0,233,30.11,NE,11.0,14.6,0.0,73.2,67.3,11.0,"Dayton.NW, Dayton, Columbia County",300216,Dayton.NW,2020-12-17 09:22:33.799917
2020-09-15,15:45,76.4,37.9,24.9,0.0,201,30.11,N ,9.8,13.2,0.0,73.3,67.3,11.0,"Dayton.NW, Dayton, Columbia County",300216,Dayton.NW,2020-12-17 09:22:33.799917
2020-09-15,16:00,76.4,37.9,24.9,0.0,183,30.11,NE,9.5,13.2,0.0,73.3,67.4,11.0,"Dayton.NW, Dayton, Columbia County",300216,Dayton.NW,2020-12-17 09:22:33.799917
2020-09-15,16:15,76.1,37.8,25.0,0.0,144,30.11,NE,10.8,13.9,0.0,73.3,67.4,11.0,"Dayton.NW, Dayton, Columbia County",300216,Dayton.NW,2020-12-17 09:22:33.799917
2020-09-15,16:30,75.7,37.5,25.0,0.0,125,30.1,NE,10.2,13.5,0.0,73.3,67.5,11.0,"Dayton.NW, Dayton, Columbia County",300216,Dayton.NW,2020-12-17 09:22:33.799917
2020-09-15,16:45,75.0,37.3,25.5,0.0,100,30.1,NE,8.9,12.4,0.0,73.3,67.5,11.0,"Dayton.NW, Dayton, Columbia County",300216,Dayton.NW,2020-12-17 09:22:33.799917
2020-09-15,17:00,73.6,37.2,26.6,0.0,74,30.1,NE,8.0,10.7,0.0,73.2,67.6,11.0,"Dayton.NW, Dayton, Columbia County",300216,Dayton.NW,2020-12-17 09:22:33.799917
2020-09-15,17:15,72.4,36.6,27.0,0.0,48,30.09,NE,7.1,9.6,0.0,73.1,67.6,11.0,"Dayton.NW, Dayton, Columbia County",300216,Dayton.NW,2020-12-17 09:22:33.799917
2020-09-15,17:30,71.7,36.4,27.5,0.0,21,30.09,NE,6.1,7.8,0.0,72.9,67.7,11.0,"Dayton.NW, Dayton, Columbia County",300216,Dayton.NW,2020-12-17 09:22:33.799917
2020-09-15,17:45,70.2,35.9,28.4,0.0,6,30.09,NE,5.3,6.7,0.0,72.8,67.7,10.9,"Dayton.NW, Dayton, Columbia County",300216,Dayton.NW,2020-12-17 09:22:33.799917
2020-09-15,18:00,70.6,36.2,28.3,0.0,5,30.08,NE,5.5,6.7,0.0,72.5,67.8,10.9,"Dayton.NW, Dayton, Columbia County",300216,Dayton.NW,2020-12-17 09:22:33.799917
2020-09-15,18:15,70.4,36.3,28.6,0.0,2,30.08,NE,4.6,5.7,0.0,72.3,67.8,10.9,"Dayton.NW, Dayton, Columbia County",300216,Dayton.NW,2020-12-17 09:22:33.799917
2020-09-15,18:30,70.3,36.4,28.8,0.0,0,30.08,NE,4.7,5.7,0.0,72.0,67.8,10.9,"Dayton.NW, Dayton, Columbia County",300216,Dayton.NW,2020-12-17 09:22:33.799917
2020-09-15,18:45,69.3,36.4,29.8,0.0,0,30.08,NE,4.8,6.7,0.0,71.7,67.9,10.9,"Dayton.NW, Dayton, Columbia County",300216,Dayton.NW,2020-12-17 09:22:33.799917
2020-09-15,19:00,69.6,36.6,29.7,0.0,0,30.08,NE,4.7,6.7,0.0,71.3,67.9,10.9,"Dayton.NW, Dayton, Columbia County",300216,Dayton.NW,2020-12-17 09:22:33.799917
2020-09-15,19:15,69.8,36.9,29.8,0.0,0,30.08,NE,4.7,6.4,0.0,71.0,67.9,10.9,"Dayton.NW, Dayton, Columbia County",300216,Dayton.NW,2020-12-17 09:22:33.799917
2020-09-15,19:30,69.4,37.1,30.5,0.0,0,30.08,NE,3.9,5.7,0.0,70.7,68.0,10.9,"Dayton.NW, Dayton, Columbia County",300216,Dayton.NW,2020-12-17 09:22:33.799917
2020-09-15,19:45,68.7,37.3,31.4,0.0,0,30.09,NE,3.6,6.4,0.0,70.4,68.0,10.9,"Dayton.NW, Dayton, Columbia County",300216,Dayton.NW,2020-12-17 09:22:33.799917
2020-09-15,20:00,67.3,37.5,33.3,0.0,0,30.09,SE,4.2,7.4,0.0,70.1,68.0,10.9,"Dayton.NW, Dayton, Columbia County",300216,Dayton.NW,2020-12-17 09:22:33.799917
2020-09-15,20:15,67.7,38.3,33.9,0.0,0,30.09,S,4.2,5.3,0.0,69.9,68.0,10.9,"Dayton.NW, Dayton, Columbia County",300216,Dayton.NW,2020-12-17 09:22:33.799917
2020-09-15,20:30,65.6,42.4,42.8,0.0,0,30.1,S,6.2,7.8,0.0,69.6,68.0,10.9,"Dayton.NW, Dayton, Columbia County",300216,Dayton.NW,2020-12-17 09:22:33.799917
2020-09-15,20:45,62.7,45.4,53.2,0.0,0,30.09,S,7.2,8.2,0.0,69.4,68.0,10.9,"Dayton.NW, Dayton, Columbia County",300216,Dayton.NW,2020-12-17 09:22:33.799917
2020-09-15,21:00,62.1,45.9,55.4,0.0,0,30.09,S,7.7,8.9,0.0,69.2,68.0,10.9,"Dayton.NW, Dayton, Columbia County",300216,Dayton.NW,2020-12-17 09:22:33.799917
2020-09-15,21:15,61.6,44.9,54.2,0.0,0,30.1,S,7.8,8.5,0.0,69.0,68.0,10.9,"Dayton.NW, Dayton, Columbia County",300216,Dayton.NW,2020-12-17 09:22:33.799917
2020-09-15,21:30,61.4,44.6,53.9,0.0,0,30.09,S,8.2,9.2,0.0,68.9,68.0,10.9,"Dayton.NW, Dayton, Columbia County",300216,Dayton.NW,2020-12-17 09:22:33.799917
2020-09-15,21:45,61.3,45.2,55.5,0.0,0,30.1,S,8.2,9.2,0.0,68.7,68.0,10.9,"Dayton.NW, Dayton, Columbia County",300216,Dayton.NW,2020-12-17 09:22:33.799917
2020-09-15,22:00,59.9,44.1,55.8,0.0,0,30.1,S,8.0,9.2,0.0,68.6,68.0,10.9,"Dayton.NW, Dayton, Columbia County",300216,Dayton.NW,2020-12-17 09:22:33.799917
2020-09-15,22:15,59.4,44.3,57.1,0.0,0,30.1,S,7.9,8.5,0.0,68.5,68.0,10.9,"Dayton.NW, Dayton, Columbia County",300216,Dayton.NW,2020-12-17 09:22:33.799917
2020-09-15,22:30,60.0,45.8,59.3,0.0,0,30.1,S,7.9,8.5,0.0,68.3,68.0,10.9,"Dayton.NW, Dayton, Columbia County",300216,Dayton.NW,2020-12-17 09:22:33.799917
2020-09-15,22:45,59.8,46.2,60.8,0.0,0,30.09,S,7.5,8.2,0.0,68.2,68.0,10.9,"Dayton.NW, Dayton, Columbia County",300216,Dayton.NW,2020-12-17 09:22:33.799917
2020-09-15,23:00,59.5,46.2,61.4,0.0,0,30.09,S,7.8,8.5,0.0,68.1,68.0,10.9,"Dayton.NW, Dayton, Columbia County",300216,Dayton.NW,2020-12-17 09:22:33.799917
2020-09-16,23:15,60.1,46.2,59.9,0.0,0,30.09,S,7.7,8.5,0.0,67.9,67.9,10.9,"Dayton.NW, Dayton, Columbia County",300216,Dayton.NW,2020-12-17 09:22:33.799917
2020-09-16,23:30,61.8,46.3,56.8,0.0,0,30.09,S,8.0,8.9,0.0,67.8,67.9,10.9,"Dayton.NW, Dayton, Columbia County",300216,Dayton.NW,2020-12-17 09:22:33.799917
2020-09-16,23:45,61.4,46.2,57.3,0.0,0,30.09,S,8.0,9.9,0.0,67.7,67.9,10.9,"Dayton.NW, Dayton, Columbia County",300216,Dayton.NW,2020-12-17 09:22:33.799917
2020-09-16,24:00,59.8,45.7,59.4,0.0,0,30.1,SW,6.9,8.9,0.0,67.6,67.9,10.9,"Dayton.NW, Dayton, Columbia County",300216,Dayton.NW,2020-12-17 09:22:33.799917
2020-09-16,00:15,60.1,45.6,58.5,0.0,0,30.1,SW,7.9,8.9,0.0,67.4,67.9,10.9,"Dayton.NW, Dayton, Columbia County",300216,Dayton.NW,2020-12-17 09:22:33.799917
2020-09-16,00:30,59.6,44.6,57.5,0.0,0,30.1,S,7.7,9.2,0.0,67.3,67.8,10.9,"Dayton.NW, Dayton, Columbia County",300216,Dayton.NW,2020-12-17 09:22:33.799917
2020-09-16,00:45,58.5,44.4,59.4,0.0,0,30.1,S,7.6,8.9,0.0,67.2,67.8,10.9,"Dayton.NW, Dayton, Columbia County",300216,Dayton.NW,2020-12-17 09:22:33.799917
2020-09-16,01:00,59.2,43.5,55.9,0.0,0,30.1,S,8.7,9.2,0.0,67.1,67.8,10.9,"Dayton.NW, Dayton, Columbia County",300216,Dayton.NW,2020-12-17 09:22:33.799917
2020-09-16,01:15,59.3,43.0,54.7,0.0,0,30.1,S,7.8,8.9,0.0,67.0,67.8,10.9,"Dayton.NW, Dayton, Columbia County",300216,Dayton.NW,2020-12-17 09:22:33.799917
2020-09-16,01:30,58.7,42.8,55.3,0.0,0,30.1,S,8.0,8.9,0.0,66.8,67.8,10.9,"Dayton.NW, Dayton, Columbia County",300216,Dayton.NW,2020-12-17 09:22:33.799917
2020-09-16,01:45,58.9,43.0,55.4,0.0,0,30.1,S,8.2,9.2,0.0,66.7,67.7,10.9,"Dayton.NW, Dayton, Columbia County",300216,Dayton.NW,2020-12-17 09:22:33.799917
2020-09-16,02:00,60.0,43.8,55.0,0.0,0,30.09,SW,9.4,11.0,0.0,66.6,67.7,10.9,"Dayton.NW, Dayton, Columbia County",300216,Dayton.NW,2020-12-17 09:22:33.799917
2020-09-16,02:15,60.4,44.6,55.8,0.0,0,30.09,SW,10.2,11.7,0.0,66.5,67.7,10.9,"Dayton.NW, Dayton, Columbia County",300216,Dayton.NW,2020-12-17 09:22:33.799917
2020-09-16,02:30,60.8,42.8,51.4,0.0,0,30.09,SW,10.1,11.7,0.0,66.4,67.7,10.9,"Dayton.NW, Dayton, Columbia County",300216,Dayton.NW,2020-12-17 09:22:33.799917
2020-09-16,02:45,59.1,42.3,53.6,0.0,0,30.09,S,7.9,10.3,0.0,66.3,67.6,11.0,"Dayton.NW, Dayton, Columbia County",300216,Dayton.NW,2020-12-17 09:22:33.799917
2020-09-16,03:00,58.2,41.9,54.6,0.0,0,30.09,S,7.9,8.9,0.0,66.2,67.6,11.0,"Dayton.NW, Dayton, Columbia County",300216,Dayton.NW,2020-12-17 09:22:33.799917
2020-09-16,03:15,58.7,42.1,53.9,0.0,0,30.09,S,7.8,8.9,0.0,66.1,67.6,10.9,"Dayton.NW, Dayton, Columbia County",300216,Dayton.NW,2020-12-17 09:22:33.799917
2020-09-16,03:30,58.9,41.7,52.6,0.0,0,30.09,S,8.4,9.2,0.0,66.0,67.6,10.9,"Dayton.NW, Dayton, Columbia County",300216,Dayton.NW,2020-12-17 09:22:33.799917
2020-09-16,03:45,58.8,41.5,52.4,0.0,0,30.09,S,7.3,8.2,0.0,66.0,67.5,10.9,"Dayton.NW, Dayton, Columbia County",300216,Dayton.NW,2020-12-17 09:22:33.799917
2020-09-16,04:00,57.2,41.2,54.9,0.0,0,30.09,S,7.1,7.8,0.0,65.9,67.5,10.9,"Dayton.NW, Dayton, Columbia County",300216,Dayton.NW,2020-12-17 09:22:33.799917
2020-09-16,04:15,56.3,40.9,56.0,0.0,0,30.09,S,6.5,7.4,0.0,65.8,67.5,10.9,"Dayton.NW, Dayton, Columbia County",300216,Dayton.NW,2020-12-17 09:22:33.799917
2020-09-16,04:30,56.1,40.9,56.4,0.0,0,30.09,S,5.8,7.1,0.0,65.7,67.4,10.9,"Dayton.NW, Dayton, Columbia County",300216,Dayton.NW,2020-12-17 09:22:33.799917
2020-09-16,04:45,56.5,40.9,55.7,0.0,0,30.09,S,6.0,7.1,0.0,65.6,67.4,10.9,"Dayton.NW, Dayton, Columbia County",300216,Dayton.NW,2020-12-17 09:22:33.799917
2020-09-16,05:00,56.7,40.6,54.7,0.0,0,30.09,S,5.6,6.7,0.0,65.5,67.4,10.9,"Dayton.NW, Dayton, Columbia County",300216,Dayton.NW,2020-12-17 09:22:33.799917
2020-09-16,05:15,56.5,39.0,51.7,0.0,0,30.09,S,5.4,6.4,0.0,65.4,67.4,10.9,"Dayton.NW, Dayton, Columbia County",300216,Dayton.NW,2020-12-17 09:22:33.799917
2020-09-16,05:30,57.1,38.1,49.0,0.0,2,30.09,S,6.4,7.4,0.0,65.3,67.3,10.9,"Dayton.NW, Dayton, Columbia County",300216,Dayton.NW,2020-12-17 09:22:33.799917
2020-09-16,05:45,57.2,36.0,44.9,0.0,6,30.09,S,6.3,7.4,0.0,65.2,67.3,10.9,"Dayton.NW, Dayton, Columbia County",300216,Dayton.NW,2020-12-17 09:22:33.799917
2020-09-16,06:00,58.2,34.9,41.5,0.0,18,30.09,S,6.9,8.2,0.0,65.1,67.3,10.9,"Dayton.NW, Dayton, Columbia County",300216,Dayton.NW,2020-12-17 09:22:33.799917
2020-09-16,06:15,58.9,34.5,39.7,0.0,35,30.09,S,6.3,7.1,0.0,65.0,67.3,10.9,"Dayton.NW, Dayton, Columbia County",300216,Dayton.NW,2020-12-17 09:22:33.799917
2020-09-16,06:30,58.4,34.3,40.2,0.0,41,30.1,S,5.4,6.7,0.0,64.9,67.2,10.9,"Dayton.NW, Dayton, Columbia County",300216,Dayton.NW,2020-12-17 09:22:33.799917
2020-09-16,06:45,58.7,34.7,40.3,0.0,51,30.1,S,4.6,5.3,0.0,64.8,67.2,10.9,"Dayton.NW, Dayton, Columbia County",300216,Dayton.NW,2020-12-17 09:22:33.799917
2020-09-16,07:00,59.3,35.5,40.7,0.0,87,30.1,S,4.1,4.9,0.0,64.7,67.2,10.9,"Dayton.NW, Dayton, Columbia County",300216,Dayton.NW,2020-12-17 09:22:33.799917
2020-09-16,07:15,60.4,35.5,39.2,0.0,115,30.1,S,3.4,4.2,0.0,64.7,67.1,10.9,"Dayton.NW, Dayton, Columbia County",300216,Dayton.NW,2020-12-17 09:22:33.799917
2020-09-16,07:30,61.0,35.8,38.8,0.0,143,30.1,S,3.8,4.6,0.0,64.7,67.1,10.9,"Dayton.NW, Dayton, Columbia County",300216,Dayton.NW,2020-12-17 09:22:33.799917
2020-09-16,07:45,62.3,39.9,43.5,0.0,175,30.1,S,3.9,4.9,0.0,64.7,67.1,10.9,"Dayton.NW, Dayton, Columbia County",300216,Dayton.NW,2020-12-17 09:22:33.799917
2020-09-16,08:00,63.1,39.0,40.9,0.0,211,30.1,S,3.0,4.2,0.0,64.7,67.0,10.9,"Dayton.NW, Dayton, Columbia County",300216,Dayton.NW,2020-12-17 09:22:33.799917
2020-09-16,08:15,63.9,39.7,40.9,0.0,240,30.1,S,2.7,5.3,0.0,64.8,67.0,10.9,"Dayton.NW, Dayton, Columbia County",300216,Dayton.NW,2020-12-17 09:22:33.799917
2020-09-16,08:30,64.5,43.0,45.5,0.0,271,30.1,SW,4.5,7.4,0.0,64.9,67.0,10.9,"Dayton.NW, Dayton, Columbia County",300216,Dayton.NW,2020-12-17 09:22:33.799917
2020-09-16,08:45,65.3,42.1,42.7,0.0,302,30.1,S,4.4,7.1,0.0,65.1,66.9,10.9,"Dayton.NW, Dayton, Columbia County",300216,Dayton.NW,2020-12-17 09:22:33.799917
2020-09-16,09:00,65.8,42.4,42.4,0.0,336,30.11,S,5.7,8.5,0.0,65.3,66.9,10.9,"Dayton.NW, Dayton, Columbia County",300216,Dayton.NW,2020-12-17 09:22:33.799917
2020-09-16,09:15,66.7,43.3,42.7,0.0,362,30.11,SW,7.0,9.9,0.0,65.5,66.9,10.9,"Dayton.NW, Dayton, Columbia County",300216,Dayton.NW,2020-12-17 09:22:33.799917
2020-09-16,09:30,67.1,42.9,41.5,0.0,351,30.11,SW,7.6,10.3,0.0,65.7,66.9,10.9,"Dayton.NW, Dayton, Columbia County",300216,Dayton.NW,2020-12-17 09:22:33.799917
2020-09-16,09:45,66.8,42.3,40.9,0.0,400,30.11,SW,8.6,11.4,0.0,66.0,66.8,10.9,"Dayton.NW, Dayton, Columbia County",300216,Dayton.NW,2020-12-17 09:22:33.799917
2020-09-16,10:00,67.1,42.7,41.0,0.0,425,30.11,SW,8.8,12.4,0.0,66.2,66.8,10.9,"Dayton.NW, Dayton, Columbia County",300216,Dayton.NW,2020-12-17 09:22:33.799917
2020-09-16,10:15,67.8,42.4,39.6,0.0,456,30.11,SW,8.6,11.4,0.0,66.5,66.8,10.9,"Dayton.NW, Dayton, Columbia County",300216,Dayton.NW,2020-12-17 09:22:33.799917
2020-09-16,10:30,68.7,42.2,38.0,0.0,484,30.11,SW,7.5,10.7,0.0,66.8,66.8,10.9,"Dayton.NW, Dayton, Columbia County",300216,Dayton.NW,2020-12-17 09:22:33.799917
2020-09-16,10:45,69.6,42.1,36.8,0.0,504,30.1,SW,6.4,9.2,0.0,67.1,66.8,10.9,"Dayton.NW, Dayton, Columbia County",300216,Dayton.NW,2020-12-17 09:22:33.799917
2020-09-16,11:00,71.1,41.9,34.8,0.0,526,30.1,SW,5.3,8.5,0.0,67.5,66.8,10.9,"Dayton.NW, Dayton, Columbia County",300216,Dayton.NW,2020-12-17 09:22:33.799917
2020-09-16,11:15,71.9,41.7,33.6,0.0,554,30.1,SW,4.5,8.9,0.0,67.9,66.8,10.9,"Dayton.NW, Dayton, Columbia County",300216,Dayton.NW,2020-12-17 09:22:33.799917
2020-09-16,11:30,72.9,41.8,32.5,0.0,577,30.1,SW,4.9,8.2,0.0,68.3,66.8,10.9,"Dayton.NW, Dayton, Columbia County",300216,Dayton.NW,2020-12-17 09:22:33.799917
2020-09-16,11:45,73.7,42.0,32.0,0.0,580,30.1,SW,5.7,9.6,0.0,68.7,66.7,10.9,"Dayton.NW, Dayton, Columbia County",300216,Dayton.NW,2020-12-17 09:22:33.799917
2020-09-16,12:00,74.2,42.3,31.7,0.0,574,30.1,SW,5.6,11.7,0.0,69.2,66.7,10.9,"Dayton.NW, Dayton, Columbia County",300216,Dayton.NW,2020-12-17 09:22:33.799917
2020-09-16,12:15,74.6,41.8,30.8,0.0,563,30.1,SW,5.3,8.9,0.0,69.7,66.7,10.9,"Dayton.NW, Dayton, Columbia County",300216,Dayton.NW,2020-12-17 09:22:33.799917
2020-09-16,12:30,75.3,41.9,30.2,0.0,550,30.09,SW,5.7,9.6,0.0,70.2,66.7,10.9,"Dayton.NW, Dayton, Columbia County",300216,Dayton.NW,2020-12-17 09:22:33.799917
2020-09-16,12:45,75.6,41.8,29.8,0.0,536,30.09,SW,6.1,9.2,0.0,70.6,66.8,10.9,"Dayton.NW, Dayton, Columbia County",300216,Dayton.NW,2020-12-17 09:22:33.799917
2020-09-16,13:00,75.3,41.4,29.6,0.0,524,30.09,SW,5.1,9.2,0.0,71.1,66.8,10.9,"Dayton.NW, Dayton, Columbia County",300216,Dayton.NW,2020-12-17 09:22:33.799917
2020-09-16,13:15,75.9,40.8,28.3,0.0,509,30.08,SW,4.6,8.2,0.0,71.5,66.8,10.9,"Dayton.NW, Dayton, Columbia County",300216,Dayton.NW,2020-12-17 09:22:33.799917
2020-09-16,13:30,76.4,40.9,28.0,0.0,484,30.08,SW,4.5,7.4,0.0,71.9,66.8,10.9,"Dayton.NW, Dayton, Columbia County",300216,Dayton.NW,2020-12-17 09:22:33.799917
2020-09-16,13:45,77.3,41.3,27.6,0.0,463,30.07,SW,3.4,5.7,0.0,72.2,66.8,10.9,"Dayton.NW, Dayton, Columbia County",300216,Dayton.NW,2020-12-17 09:22:33.799917
2020-09-16,14:00,77.5,41.6,27.7,0.0,445,30.07,SW,4.1,6.4,0.0,72.5,66.9,10.9,"Dayton.NW, Dayton, Columbia County",300216,Dayton.NW,2020-12-17 09:22:33.799917
2020-09-16,14:15,77.8,41.4,27.2,0.0,419,30.07,W,3.6,6.7,0.0,72.8,66.9,10.9,"Dayton.NW, Dayton, Columbia County",300216,Dayton.NW,2020-12-17 09:22:33.799917
2020-09-16,14:30,78.9,41.3,26.2,0.0,391,30.06,SW,3.4,6.0,0.0,73.0,66.9,10.9,"Dayton.NW, Dayton, Columbia County",300216,Dayton.NW,2020-12-17 09:22:33.799917
2020-09-16,14:45,78.4,41.1,26.3,0.0,361,30.06,W,2.8,5.3,0.0,73.3,67.0,10.9,"Dayton.NW, Dayton, Columbia County",300216,Dayton.NW,2020-12-17 09:22:33.799917
2020-09-16,15:00,78.5,41.2,26.3,0.0,331,30.05,NW,2.4,4.2,0.0,73.5,67.0,10.9,"Dayton.NW, Dayton, Columbia County",300216,Dayton.NW,2020-12-17 09:22:33.799917
2020-09-16,15:15,79.0,41.1,25.9,0.0,304,30.05,NW,2.8,6.4,0.0,73.6,67.0,10.9,"Dayton.NW, Dayton, Columbia County",300216,Dayton.NW,2020-12-17 09:22:33.799917
2020-09-16,15:30,78.7,41.2,26.2,0.0,264,30.05,N ,3.6,6.0,0.0,73.8,67.1,11.0,"Dayton.NW, Dayton, Columbia County",300216,Dayton.NW,2020-12-17 09:22:33.799917
2020-09-16,15:45,78.2,42.0,27.5,0.0,219,30.04,NE,3.9,6.0,0.0,73.9,67.1,11.0,"Dayton.NW, Dayton, Columbia County",300216,Dayton.NW,2020-12-17 09:22:33.799917
2020-09-16,16:00,77.9,42.3,28.1,0.0,183,30.04,N ,2.8,5.3,0.0,73.9,67.2,11.0,"Dayton.NW, Dayton, Columbia County",300216,Dayton.NW,2020-12-17 09:22:33.799917
2020-09-16,16:15,77.1,42.7,29.3,0.0,151,30.04,N ,4.3,6.4,0.0,74.0,67.2,11.0,"Dayton.NW, Dayton, Columbia County",300216,Dayton.NW,2020-12-17 09:22:33.799917
2020-09-16,16:30,75.9,42.9,30.7,0.0,118,30.04,N ,4.3,6.0,0.0,74.0,67.3,11.0,"Dayton.NW, Dayton, Columbia County",300216,Dayton.NW,2020-12-17 09:22:33.799917
2020-09-16,16:45,75.2,43.0,31.6,0.0,86,30.03,N,3.6,4.2,0.0,73.9,67.3,11.0,"Dayton.NW, Dayton, Columbia County",300216,Dayton.NW,2020-12-17 09:22:33.799917
2020-09-16,17:00,74.5,42.8,32.0,0.0,62,30.03,W,2.8,3.9,0.0,73.9,67.4,11.0,"Dayton.NW, Dayton, Columbia County",300216,Dayton.NW,2020-12-17 09:22:33.799917
2020-09-16,17:15,73.0,42.1,32.8,0.0,46,30.03,SW,4.4,6.0,0.0,73.7,67.5,11.0,"Dayton.NW, Dayton, Columbia County",300216,Dayton.NW,2020-12-17 09:22:33.799917
2020-09-16,17:30,71.5,41.7,34.0,0.0,29,30.03,SW,5.1,6.7,0.0,73.6,67.5,11.0,"Dayton.NW, Dayton, Columbia County",300216,Dayton.NW,2020-12-17 09:22:33.799917
2020-09-16,17:45,70.3,41.8,35.5,0.0,17,30.03,SW,5.3,6.7,0.0,73.3,67.6,11.0,"Dayton.NW, Dayton, Columbia County",300216,Dayton.NW,2020-12-17 09:22:33.799917
2020-09-16,18:00,69.1,41.9,37.2,0.0,6,30.02,SW,5.3,7.1,0.0,73.1,67.6,11.0,"Dayton.NW, Dayton, Columbia County",300216,Dayton.NW,2020-12-17 09:22:33.799917
2020-09-16,18:15,68.5,42.6,39.0,0.0,2,30.02,SW,6.6,8.2,0.0,72.8,67.7,11.0,"Dayton.NW, Dayton, Columbia County",300216,Dayton.NW,2020-12-17 09:22:33.799917
2020-09-16,18:30,67.4,43.2,41.5,0.0,0,30.03,S,6.8,9.2,0.0,72.5,67.7,11.0,"Dayton.NW, Dayton, Columbia County",300216,Dayton.NW,2020-12-17 09:22:33.799917
2020-09-16,18:45,66.6,43.5,43.1,0.0,0,30.03,SW,7.6,8.9,0.0,72.2,67.8,11.0,"Dayton.NW, Dayton, Columbia County",300216,Dayton.NW,2020-12-17 09:22:33.799917
2020-09-16,19:00,65.4,43.6,45.2,0.0,0,30.03,S,7.7,9.9,0.0,71.9,67.8,11.0,"Dayton.NW, Dayton, Columbia County",300216,Dayton.NW,2020-12-17 09:22:33.799917
2020-09-16,19:15,65.0,44.1,46.5,0.0,0,30.03,S,7.8,8.9,0.0,71.6,67.8,11.0,"Dayton.NW, Dayton, Columbia County",300216,Dayton.NW,2020-12-17 09:22:33.799917
2020-09-16,19:30,65.2,44.6,47.1,0.0,0,30.03,S,7.6,9.6,0.0,71.4,67.8,10.9,"Dayton.NW, Dayton, Columbia County",300216,Dayton.NW,2020-12-17 09:22:33.799917
2020-09-16,19:45,64.4,44.7,48.7,0.0,0,30.03,S,7.8,9.2,0.0,71.1,67.9,10.9,"Dayton.NW, Dayton, Columbia County",300216,Dayton.NW,2020-12-17 09:22:33.799917
2020-09-16,20:00,64.3,44.6,48.8,0.0,0,30.04,S,7.6,9.2,0.0,70.9,67.9,10.9,"Dayton.NW, Dayton, Columbia County",300216,Dayton.NW,2020-12-17 09:22:33.799917
2020-09-16,20:15,63.5,44.3,49.4,0.0,0,30.04,S,7.7,8.5,0.0,70.6,67.9,10.9,"Dayton.NW, Dayton, Columbia County",300216,Dayton.NW,2020-12-17 09:22:33.799917
2020-09-16,20:30,62.5,43.1,49.0,0.0,0,30.04,S,7.2,8.5,0.0,70.4,67.9,10.9,"Dayton.NW, Dayton, Columbia County",300216,Dayton.NW,2020-12-17 09:22:33.799917
2020-09-16,20:45,62.9,43.6,49.3,0.0,0,30.04,S,6.9,8.2,0.0,70.2,67.9,10.9,"Dayton.NW, Dayton, Columbia County",300216,Dayton.NW,2020-12-17 09:22:33.799917
2020-09-16,21:00,62.5,43.7,50.1,0.0,0,30.04,S,6.1,7.4,0.0,70.0,67.9,10.9,"Dayton.NW, Dayton, Columbia County",300216,Dayton.NW,2020-12-17 09:22:33.799917
2020-09-16,21:15,63.3,44.0,49.4,0.0,0,30.03,S,5.6,6.7,0.0,69.7,67.9,10.9,"Dayton.NW, Dayton, Columbia County",300216,Dayton.NW,2020-12-17 09:22:33.799917
2020-09-16,21:30,63.9,44.4,49.0,0.0,0,30.04,S,6.6,7.4,0.0,69.5,67.9,10.9,"Dayton.NW, Dayton, Columbia County",300216,Dayton.NW,2020-12-17 09:22:33.799917
2020-09-16,21:45,66.2,44.8,45.9,0.0,0,30.04,S,5.2,6.4,0.0,69.3,67.9,10.9,"Dayton.NW, Dayton, Columbia County",300216,Dayton.NW,2020-12-17 09:22:33.799917
2020-09-16,22:00,64.3,44.4,48.4,0.0,0,30.04,S,5.4,6.0,0.0,69.2,67.9,10.9,"Dayton.NW, Dayton, Columbia County",300216,Dayton.NW,2020-12-17 09:22:33.799917
2020-09-16,22:15,64.0,44.1,48.3,0.0,0,30.04,S,4.5,5.3,0.0,69.0,67.9,10.9,"Dayton.NW, Dayton, Columbia County",300216,Dayton.NW,2020-12-17 09:22:33.799917
2020-09-16,22:30,63.1,43.6,48.9,0.0,0,30.04,S,4.9,6.4,0.0,68.8,67.9,10.9,"Dayton.NW, Dayton, Columbia County",300216,Dayton.NW,2020-12-17 09:22:33.799917
2020-09-16,22:45,62.8,43.2,48.5,0.0,0,30.03,S,5.0,7.1,0.0,68.7,67.9,10.9,"Dayton.NW, Dayton, Columbia County",300216,Dayton.NW,2020-12-17 09:22:33.799917
2020-09-16,23:00,62.9,42.6,47.5,0.0,0,30.03,S,4.5,6.0,0.0,68.5,67.9,10.9,"Dayton.NW, Dayton, Columbia County",300216,Dayton.NW,2020-12-17 09:22:33.799917
2020-09-17,23:15,62.9,40.7,44.0,0.0,0,30.03,SE,5.1,6.4,0.0,68.4,67.9,10.9,"Dayton.NW, Dayton, Columbia County",300216,Dayton.NW,2020-12-17 09:22:33.799917
2020-09-17,23:30,63.3,39.5,41.5,0.0,0,30.03,SE,5.1,6.7,0.0,68.2,67.9,10.9,"Dayton.NW, Dayton, Columbia County",300216,Dayton.NW,2020-12-17 09:22:33.799917
2020-09-17,23:45,63.3,39.0,40.6,0.0,0,30.03,S,3.8,5.3,0.0,68.1,67.9,10.9,"Dayton.NW, Dayton, Columbia County",300216,Dayton.NW,2020-12-17 09:22:33.799917
2020-09-17,24:00,64.1,38.9,39.3,0.0,0,30.04,S,4.6,5.7,0.0,67.9,67.8,10.9,"Dayton.NW, Dayton, Columbia County",300216,Dayton.NW,2020-12-17 09:22:33.799917
2020-09-17,00:15,63.7,38.7,39.6,0.0,0,30.03,S,4.9,6.0,0.0,67.8,67.8,10.9,"Dayton.NW, Dayton, Columbia County",300216,Dayton.NW,2020-12-17 09:22:33.799917
2020-09-17,00:30,63.9,38.4,38.9,0.0,0,30.03,S,4.5,6.0,0.0,67.6,67.8,10.9,"Dayton.NW, Dayton, Columbia County",300216,Dayton.NW,2020-12-17 09:22:33.799917
2020-09-17,00:45,63.6,38.2,38.9,0.0,0,30.03,S,4.6,6.0,0.0,67.5,67.8,10.9,"Dayton.NW, Dayton, Columbia County",300216,Dayton.NW,2020-12-17 09:22:33.799917
2020-09-17,01:00,63.0,38.4,40.1,0.0,0,30.04,S,6.5,7.8,0.0,67.3,67.8,10.9,"Dayton.NW, Dayton, Columbia County",300216,Dayton.NW,2020-12-17 09:22:33.799917
2020-09-17,01:15,63.5,38.5,39.7,0.0,0,30.04,S,5.6,6.7,0.0,67.2,67.7,10.9,"Dayton.NW, Dayton, Columbia County",300216,Dayton.NW,2020-12-17 09:22:33.799917
2020-09-17,01:30,62.3,37.9,40.4,0.0,0,30.04,S,4.9,6.0,0.0,67.1,67.7,10.9,"Dayton.NW, Dayton, Columbia County",300216,Dayton.NW,2020-12-17 09:22:33.799917
2020-09-17,01:45,62.0,37.9,40.7,0.0,0,30.04,S,4.2,6.0,0.0,67.0,67.7,11.0,"Dayton.NW, Dayton, Columbia County",300216,Dayton.NW,2020-12-17 09:22:33.799917
2020-09-17,02:00,60.7,37.8,42.6,0.0,0,30.04,S,4.8,6.0,0.0,66.9,67.7,10.9,"Dayton.NW, Dayton, Columbia County",300216,Dayton.NW,2020-12-17 09:22:33.799917
2020-09-17,02:15,59.4,37.8,44.5,0.0,0,30.04,S,5.4,6.4,0.0,66.7,67.7,10.9,"Dayton.NW, Dayton, Columbia County",300216,Dayton.NW,2020-12-17 09:22:33.799917
2020-09-17,02:30,58.9,37.4,44.6,0.0,0,30.03,S,5.5,6.7,0.0,66.6,67.6,10.9,"Dayton.NW, Dayton, Columbia County",300216,Dayton.NW,2020-12-17 09:22:33.799917
2020-09-17,02:45,58.8,36.8,43.7,0.0,0,30.03,S,5.6,6.4,0.0,66.5,67.6,10.9,"Dayton.NW, Dayton, Columbia County",300216,Dayton.NW,2020-12-17 09:22:33.799917
2020-09-17,03:00,58.9,36.7,43.4,0.0,0,30.03,S,6.1,7.1,0.0,66.4,67.6,10.9,"Dayton.NW, Dayton, Columbia County",300216,Dayton.NW,2020-12-17 09:22:33.799917
2020-09-17,03:15,58.9,36.8,43.5,0.0,0,30.03,S,6.8,7.4,0.0,66.3,67.6,10.9,"Dayton.NW, Dayton, Columbia County",300216,Dayton.NW,2020-12-17 09:22:33.799917
2020-09-17,03:30,59.6,36.9,42.7,0.0,0,30.03,S,7.1,8.2,0.0,66.1,67.5,10.9,"Dayton.NW, Dayton, Columbia County",300216,Dayton.NW,2020-12-17 09:22:33.799917
2020-09-17,03:45,60.0,37.3,42.7,0.0,0,30.03,S,7.9,8.5,0.0,66.0,67.5,10.9,"Dayton.NW, Dayton, Columbia County",300216,Dayton.NW,2020-12-17 09:22:33.799917
2020-09-17,04:00,59.5,37.0,42.9,0.0,0,30.03,S,7.4,7.8,0.0,65.9,67.5,10.9,"Dayton.NW, Dayton, Columbia County",300216,Dayton.NW,2020-12-17 09:22:33.799917
2020-09-17,04:15,59.0,37.0,43.7,0.0,0,30.03,S,7.1,7.8,0.0,65.8,67.5,10.9,"Dayton.NW, Dayton, Columbia County",300216,Dayton.NW,2020-12-17 09:22:33.799917
2020-09-17,04:30,58.6,36.7,43.8,0.0,0,30.03,S,7.1,7.8,0.0,65.7,67.4,10.9,"Dayton.NW, Dayton, Columbia County",300216,Dayton.NW,2020-12-17 09:22:33.799917
2020-09-17,04:45,58.7,36.1,42.7,0.0,0,30.04,S,7.0,7.8,0.0,65.6,67.4,10.9,"Dayton.NW, Dayton, Columbia County",300216,Dayton.NW,2020-12-17 09:22:33.799917
2020-09-17,05:00,59.2,35.7,41.2,0.0,0,30.03,S,4.7,6.7,0.0,65.5,67.4,10.9,"Dayton.NW, Dayton, Columbia County",300216,Dayton.NW,2020-12-17 09:22:33.799917
2020-09-17,05:15,59.5,35.7,40.8,0.0,0,30.03,SE,4.5,6.4,0.0,65.4,67.4,10.9,"Dayton.NW, Dayton, Columbia County",300216,Dayton.NW,2020-12-17 09:22:33.799917
2020-09-17,05:30,59.2,35.8,41.5,0.0,1,30.03,SE,4.9,6.0,0.0,65.3,67.3,10.9,"Dayton.NW, Dayton, Columbia County",300216,Dayton.NW,2020-12-17 09:22:33.799917
2020-09-17,05:45,59.5,36.0,41.3,0.0,4,30.04,SE,5.2,6.0,0.0,65.2,67.3,10.9,"Dayton.NW, Dayton, Columbia County",300216,Dayton.NW,2020-12-17 09:22:33.799917
2020-09-17,06:00,59.0,36.2,42.3,0.0,12,30.04,S,4.5,5.7,0.0,65.2,67.3,10.9,"Dayton.NW, Dayton, Columbia County",300216,Dayton.NW,2020-12-17 09:22:33.799917
2020-09-17,06:15,58.9,36.4,42.9,0.0,23,30.04,S,4.9,6.4,0.0,65.1,67.2,10.9,"Dayton.NW, Dayton, Columbia County",300216,Dayton.NW,2020-12-17 09:22:33.799917
2020-09-17,06:30,58.9,36.6,43.3,0.0,40,30.04,S,5.7,6.4,0.0,65.0,67.2,10.9,"Dayton.NW, Dayton, Columbia County",300216,Dayton.NW,2020-12-17 09:22:33.799917
2020-09-17,06:45,59.2,36.6,42.8,0.0,59,30.04,S,5.4,6.7,0.0,64.9,67.2,10.9,"Dayton.NW, Dayton, Columbia County",300216,Dayton.NW,2020-12-17 09:22:33.799917
2020-09-17,07:00,60.0,36.5,41.5,0.0,80,30.04,S,6.0,6.7,0.0,64.8,67.1,10.9,"Dayton.NW, Dayton, Columbia County",300216,Dayton.NW,2020-12-17 09:22:33.799917
2020-09-17,07:15,60.6,37.7,42.4,0.0,98,30.04,S,6.4,7.4,0.0,64.8,67.1,10.9,"Dayton.NW, Dayton, Columbia County",300216,Dayton.NW,2020-12-17 09:22:33.799917
2020-09-17,07:30,60.7,37.8,42.4,0.0,125,30.04,S,5.8,6.7,0.0,64.8,67.1,10.8,"Dayton.NW, Dayton, Columbia County",300216,Dayton.NW,2020-12-17 09:22:33.799917
2020-09-17,07:45,61.3,38.3,42.3,0.0,153,30.04,S,5.6,7.1,0.0,64.8,67.1,10.8,"Dayton.NW, Dayton, Columbia County",300216,Dayton.NW,2020-12-17 09:22:33.799917
2020-09-17,08:00,61.6,38.5,42.3,0.0,181,30.04,S,4.9,7.8,0.0,64.8,67.0,10.8,"Dayton.NW, Dayton, Columbia County",300216,Dayton.NW,2020-12-17 09:22:33.799917
2020-09-17,08:15,62.5,39.5,42.6,0.0,213,30.04,S,5.0,7.1,0.0,64.9,67.0,10.8,"Dayton.NW, Dayton, Columbia County",300216,Dayton.NW,2020-12-17 09:22:33.799917
2020-09-17,08:30,63.7,41.1,43.4,0.0,243,30.04,S,5.6,7.4,0.0,65.0,66.9,10.8,"Dayton.NW, Dayton, Columbia County",300216,Dayton.NW,2020-12-17 09:22:33.799917
2020-09-17,08:45,64.6,42.0,43.7,0.0,274,30.04,S,6.4,8.5,0.0,65.1,66.9,10.8,"Dayton.NW, Dayton, Columbia County",300216,Dayton.NW,2020-12-17 09:22:33.799917
2020-09-17,09:00,65.4,42.7,43.6,0.0,305,30.04,SW,7.0,9.2,0.0,65.3,66.9,10.8,"Dayton.NW, Dayton, Columbia County",300216,Dayton.NW,2020-12-17 09:22:33.799917
2020-09-17,09:15,66.5,43.4,43.1,0.0,334,30.04,SW,7.5,9.9,0.0,65.5,66.9,10.8,"Dayton.NW, Dayton, Columbia County",300216,Dayton.NW,2020-12-17 09:22:33.799917
2020-09-17,09:30,66.7,44.1,44.0,0.0,362,30.04,SW,7.5,9.6,0.0,65.7,66.8,10.8,"Dayton.NW, Dayton, Columbia County",300216,Dayton.NW,2020-12-17 09:22:33.799917
2020-09-17,09:45,66.8,44.4,44.3,0.0,392,30.04,SW,7.8,11.0,0.0,65.9,66.8,10.8,"Dayton.NW, Dayton, Columbia County",300216,Dayton.NW,2020-12-17 09:22:33.799917
2020-09-17,10:00,67.0,44.6,44.3,0.0,415,30.04,SW,7.7,10.3,0.0,66.2,66.8,10.8,"Dayton.NW, Dayton, Columbia County",300216,Dayton.NW,2020-12-17 09:22:33.799917
2020-09-17,10:15,67.6,44.4,43.2,0.0,431,30.04,SW,7.4,9.6,0.0,66.5,66.8,10.8,"Dayton.NW, Dayton, Columbia County",300216,Dayton.NW,2020-12-17 09:22:33.799917
2020-09-17,10:30,68.6,44.1,41.1,0.0,449,30.03,SW,5.8,8.2,0.0,66.8,66.7,10.8,"Dayton.NW, Dayton, Columbia County",300216,Dayton.NW,2020-12-17 09:22:33.799917
2020-09-17,10:45,69.4,44.0,40.0,0.0,464,30.03,SW,6.0,8.5,0.0,67.1,66.7,10.8,"Dayton.NW, Dayton, Columbia County",300216,Dayton.NW,2020-12-17 09:22:33.799917
2020-09-17,11:00,70.0,44.3,39.6,0.0,462,30.03,SW,6.2,8.5,0.0,67.5,66.7,10.8,"Dayton.NW, Dayton, Columbia County",300216,Dayton.NW,2020-12-17 09:22:33.799917
2020-09-17,11:15,70.4,44.6,39.4,0.0,478,30.03,SW,6.1,11.0,0.0,67.8,66.7,10.8,"Dayton.NW, Dayton, Columbia County",300216,Dayton.NW,2020-12-17 09:22:33.799917
2020-09-17,11:30,70.7,44.7,39.2,0.0,471,30.03,SW,7.0,10.3,0.0,68.3,66.7,10.8,"Dayton.NW, Dayton, Columbia County",300216,Dayton.NW,2020-12-17 09:22:33.799917
2020-09-17,11:45,70.7,44.7,39.2,0.0,457,30.02,SW,7.4,11.4,0.0,68.7,66.7,10.8,"Dayton.NW, Dayton, Columbia County",300216,Dayton.NW,2020-12-17 09:22:33.799917
2020-09-17,12:00,70.6,44.7,39.3,0.0,426,30.02,SW,8.4,12.4,0.0,69.1,66.7,10.8,"Dayton.NW, Dayton, Columbia County",300216,Dayton.NW,2020-12-17 09:22:33.799917
2020-09-17,12:15,70.5,44.6,39.3,0.0,371,30.02,SW,8.5,11.7,0.0,69.5,66.7,10.8,"Dayton.NW, Dayton, Columbia County",300216,Dayton.NW,2020-12-17 09:22:33.799917
2020-09-17,12:30,70.4,44.5,39.4,0.0,354,30.01,SW,7.7,11.4,0.0,69.8,66.7,10.8,"Dayton.NW, Dayton, Columbia County",300216,Dayton.NW,2020-12-17 09:22:33.799917
2020-09-17,12:45,70.1,44.5,39.7,0.0,261,30.01,SW,6.2,8.9,0.0,70.2,66.7,10.8,"Dayton.NW, Dayton, Columbia County",300216,Dayton.NW,2020-12-17 09:22:33.799917
2020-09-17,13:00,70.1,44.5,39.7,0.0,252,30.0,SW,6.0,8.9,0.0,70.4,66.7,10.8,"Dayton.NW, Dayton, Columbia County",300216,Dayton.NW,2020-12-17 09:22:33.799917
2020-09-17,13:15,70.0,44.6,39.9,0.0,229,30.0,SW,4.7,8.2,0.0,70.7,66.8,10.8,"Dayton.NW, Dayton, Columbia County",300216,Dayton.NW,2020-12-17 09:22:33.799917
2020-09-17,13:30,70.2,44.6,39.8,0.0,241,29.99,SW,4.7,7.1,0.0,70.8,66.8,10.9,"Dayton.NW, Dayton, Columbia County",300216,Dayton.NW,2020-12-17 09:22:33.799917
2020-09-17,13:45,70.3,44.7,39.7,0.0,232,29.99,SW,4.2,6.4,0.0,70.9,66.8,10.9,"Dayton.NW, Dayton, Columbia County",300216,Dayton.NW,2020-12-17 09:22:33.799917
2020-09-17,14:00,70.3,44.7,39.7,0.0,195,29.98,SW,3.4,6.4,0.0,71.0,66.8,10.9,"Dayton.NW, Dayton, Columbia County",300216,Dayton.NW,2020-12-17 09:22:33.799917
2020-09-17,14:15,70.3,44.6,39.6,0.0,179,29.98,SW,3.6,4.9,0.0,71.1,66.9,10.9,"Dayton.NW, Dayton, Columbia County",300216,Dayton.NW,2020-12-17 09:22:33.799917
2020-09-17,14:30,70.2,44.5,39.5,0.0,175,29.98,SW,3.4,4.6,0.0,71.2,66.9,10.9,"Dayton.NW, Dayton, Columbia County",300216,Dayton.NW,2020-12-17 09:22:33.799917
2020-09-17,14:45,70.5,44.6,39.2,0.0,200,29.97,SW,2.8,4.2,0.0,71.2,66.9,10.9,"Dayton.NW, Dayton, Columbia County",300216,Dayton.NW,2020-12-17 09:22:33.799917
2020-09-17,15:00,70.9,44.6,38.8,0.0,196,29.97,SW,1.8,4.2,0.0,71.2,66.9,10.9,"Dayton.NW, Dayton, Columbia County",300216,Dayton.NW,2020-12-17 09:22:33.799917
2020-09-17,15:15,71.4,44.7,38.2,0.0,186,29.96,SW,1.4,2.8,0.0,71.2,67.0,10.9,"Dayton.NW, Dayton, Columbia County",300216,Dayton.NW,2020-12-17 09:22:33.799917
2020-09-17,15:30,71.0,44.6,38.6,0.0,173,29.96,W,1.5,3.9,0.0,71.2,67.0,10.9,"Dayton.NW, Dayton, Columbia County",300216,Dayton.NW,2020-12-17 09:22:33.799917
2020-09-17,15:45,71.0,44.7,38.9,0.0,152,29.95,NE,1.6,2.8,0.0,71.2,67.0,10.9,"Dayton.NW, Dayton, Columbia County",300216,Dayton.NW,2020-12-17 09:22:33.799917
2020-09-17,16:00,70.8,44.9,39.3,0.0,136,29.95,N ,2.2,3.1,0.0,71.2,67.0,10.9,"Dayton.NW, Dayton, Columbia County",300216,Dayton.NW,2020-12-17 09:22:33.799917
2020-09-17,16:15,70.0,44.8,40.3,0.0,105,29.94,NE,2.5,3.9,0.0,71.2,67.1,10.9,"Dayton.NW, Dayton, Columbia County",300216,Dayton.NW,2020-12-17 09:22:33.799917
2020-09-17,16:30,69.0,44.7,41.5,0.0,87,29.93,N ,3.3,4.6,0.0,71.2,67.1,10.9,"Dayton.NW, Dayton, Columbia County",300216,Dayton.NW,2020-12-17 09:22:33.799917
2020-09-17,16:45,68.1,44.3,42.0,0.0,70,29.93,NE,2.2,3.5,0.0,71.1,67.1,10.9,"Dayton.NW, Dayton, Columbia County",300216,Dayton.NW,2020-12-17 09:22:33.799917
2020-09-17,17:00,68.0,44.2,42.2,0.0,53,29.93,N ,2.4,3.9,0.0,71.0,67.1,10.9,"Dayton.NW, Dayton, Columbia County",300216,Dayton.NW,2020-12-17 09:22:33.799917
2020-09-17,17:15,68.1,44.2,42.0,0.0,37,29.93,N,1.6,3.1,0.0,70.9,67.2,10.9,"Dayton.NW, Dayton, Columbia County",300216,Dayton.NW,2020-12-17 09:22:33.799917
2020-09-17,17:30,66.9,44.2,43.8,0.0,23,29.92,NE,1.1,2.8,0.0,70.8,67.2,10.9,"Dayton.NW, Dayton, Columbia County",300216,Dayton.NW,2020-12-17 09:22:33.799917
2020-09-17,17:45,66.4,44.2,44.7,0.0,13,29.92,N ,1.0,2.8,0.0,70.6,67.2,10.9,"Dayton.NW, Dayton, Columbia County",300216,Dayton.NW,2020-12-17 09:22:33.799917
2020-09-17,18:00,65.6,44.0,45.6,0.0,4,29.92,NE,2.3,3.1,0.0,70.3,67.2,10.9,"Dayton.NW, Dayton, Columbia County",300216,Dayton.NW,2020-12-17 09:22:33.799917
2020-09-17,18:15,65.9,44.2,45.3,0.0,2,29.92,NE,2.6,3.5,0.0,70.1,67.3,10.9,"Dayton.NW, Dayton, Columbia County",300216,Dayton.NW,2020-12-17 09:22:33.799917
2020-09-17,18:30,66.0,44.2,45.1,0.0,0,29.92,E,3.1,4.2,0.0,69.8,67.3,10.9,"Dayton.NW, Dayton, Columbia County",300216,Dayton.NW,2020-12-17 09:22:33.799917
2020-09-17,18:45,65.5,44.0,45.6,0.0,0,29.92,NE,2.7,4.9,0.0,69.5,67.3,10.9,"Dayton.NW, Dayton, Columbia County",300216,Dayton.NW,2020-12-17 09:22:33.799917
2020-09-17,19:00,64.6,44.0,47.0,0.0,0,29.91,NE,3.9,6.4,0.0,69.2,67.3,10.9,"Dayton.NW, Dayton, Columbia County",300216,Dayton.NW,2020-12-17 09:22:33.799917
2020-09-17,19:15,64.4,44.0,47.3,0.0,0,29.91,NE,4.2,6.7,0.0,68.9,67.3,10.9,"Dayton.NW, Dayton, Columbia County",300216,Dayton.NW,2020-12-17 09:22:33.799917
2020-09-17,19:30,64.1,44.0,47.9,0.0,0,29.91,NE,3.7,5.3,0.0,68.7,67.4,10.9,"Dayton.NW, Dayton, Columbia County",300216,Dayton.NW,2020-12-17 09:22:33.799917
2020-09-17,19:45,63.6,43.9,48.5,0.0,0,29.91,NE,3.1,4.6,0.0,68.4,67.4,10.9,"Dayton.NW, Dayton, Columbia County",300216,Dayton.NW,2020-12-17 09:22:33.799917
2020-09-17,20:00,64.2,44.0,47.9,0.0,0,29.91,NE,3.9,4.9,0.0,68.1,67.4,10.9,"Dayton.NW, Dayton, Columbia County",300216,Dayton.NW,2020-12-17 09:22:33.799917
2020-09-17,20:15,63.2,43.9,49.3,0.0,0,29.9,NE,4.5,6.4,0.0,67.9,67.4,10.9,"Dayton.NW, Dayton, Columbia County",300216,Dayton.NW,2020-12-17 09:22:33.799917
2020-09-17,20:30,63.4,44.0,49.0,0.0,0,29.91,NE,3.8,5.3,0.0,67.6,67.4,10.9,"Dayton.NW, Dayton, Columbia County",300216,Dayton.NW,2020-12-17 09:22:33.799917
2020-09-17,20:45,63.5,44.0,48.9,0.0,0,29.91,NE,2.6,3.9,0.0,67.4,67.3,10.9,"Dayton.NW, Dayton, Columbia County",300216,Dayton.NW,2020-12-17 09:22:33.799917
2020-09-17,21:00,63.7,44.0,48.5,0.0,0,29.91,NE,2.6,3.9,0.0,67.2,67.3,10.9,"Dayton.NW, Dayton, Columbia County",300216,Dayton.NW,2020-12-17 09:22:33.799917
2020-09-17,21:15,64.2,44.1,48.0,0.0,0,29.91,NE,2.6,3.5,0.0,67.0,67.3,10.9,"Dayton.NW, Dayton, Columbia County",300216,Dayton.NW,2020-12-17 09:22:33.799917
2020-09-17,21:30,63.9,44.0,48.3,0.0,0,29.9,NE,2.3,3.9,0.0,66.8,67.3,10.9,"Dayton.NW, Dayton, Columbia County",300216,Dayton.NW,2020-12-17 09:22:33.799917
2020-09-17,21:45,63.7,44.0,48.6,0.0,0,29.9,NE,3.6,4.9,0.0,66.6,67.3,10.9,"Dayton.NW, Dayton, Columbia County",300216,Dayton.NW,2020-12-17 09:22:33.799917
2020-09-17,22:00,62.6,43.9,50.2,0.0,0,29.9,E,2.7,4.2,0.0,66.4,67.3,10.9,"Dayton.NW, Dayton, Columbia County",300216,Dayton.NW,2020-12-17 09:22:33.799917
2020-09-17,22:15,62.4,43.8,50.5,0.0,0,29.89,S,2.2,4.2,0.0,66.2,67.3,10.9,"Dayton.NW, Dayton, Columbia County",300216,Dayton.NW,2020-12-17 09:22:33.799917
2020-09-17,22:30,62.5,44.0,50.7,0.0,0,29.89,SE,2.1,4.6,0.0,66.1,67.2,10.9,"Dayton.NW, Dayton, Columbia County",300216,Dayton.NW,2020-12-17 09:22:33.799917
2020-09-17,22:45,62.6,44.1,50.8,0.0,0,29.89,E,3.0,3.9,0.0,65.9,67.2,10.9,"Dayton.NW, Dayton, Columbia County",300216,Dayton.NW,2020-12-17 09:22:33.799917
2020-09-17,23:00,63.5,44.2,49.4,0.0,0,29.89,E,2.8,4.2,0.0,65.7,67.2,10.8,"Dayton.NW, Dayton, Columbia County",300216,Dayton.NW,2020-12-17 09:22:33.799917
2020-09-18,23:15,61.8,44.0,51.9,0.0,0,29.89,S,4.1,5.7,0.0,65.6,67.2,10.8,"Dayton.NW, Dayton, Columbia County",300216,Dayton.NW,2020-12-17 09:22:33.799917
2020-09-18,23:30,61.4,44.0,52.8,0.0,0,29.89,S,4.4,5.7,0.0,65.5,67.1,10.8,"Dayton.NW, Dayton, Columbia County",300216,Dayton.NW,2020-12-17 09:22:33.799917
2020-09-18,23:45,59.3,43.5,55.8,0.0,0,29.88,S,5.7,7.1,0.0,65.3,67.1,10.8,"Dayton.NW, Dayton, Columbia County",300216,Dayton.NW,2020-12-17 09:22:33.799917
2020-09-18,24:00,59.0,42.6,54.4,0.0,0,29.88,S,5.8,7.1,0.0,65.2,67.1,10.8,"Dayton.NW, Dayton, Columbia County",300216,Dayton.NW,2020-12-17 09:22:33.799917
2020-09-18,00:15,58.1,42.0,54.8,0.0,0,29.88,S,6.0,6.7,0.0,65.1,67.1,10.8,"Dayton.NW, Dayton, Columbia County",300216,Dayton.NW,2020-12-17 09:22:33.799917
2020-09-18,00:30,59.1,42.7,54.5,0.0,0,29.88,SW,5.4,7.8,0.0,65.1,67.0,10.8,"Dayton.NW, Dayton, Columbia County",300216,Dayton.NW,2020-12-17 09:22:33.799917
2020-09-18,00:45,57.9,42.5,56.3,0.0,0,29.88,SW,5.3,7.4,0.0,65.0,67.0,10.8,"Dayton.NW, Dayton, Columbia County",300216,Dayton.NW,2020-12-17 09:22:33.799917
2020-09-18,01:00,58.4,43.4,57.2,0.0,0,29.88,SW,6.2,7.8,0.0,64.9,67.0,10.8,"Dayton.NW, Dayton, Columbia County",300216,Dayton.NW,2020-12-17 09:22:33.799917
2020-09-18,01:15,59.4,43.7,55.9,0.0,0,29.89,SW,6.3,7.8,0.0,64.8,66.9,10.8,"Dayton.NW, Dayton, Columbia County",300216,Dayton.NW,2020-12-17 09:22:33.799917
2020-09-18,01:30,58.9,43.5,56.6,0.0,0,29.88,SW,5.8,8.5,0.0,64.7,66.9,10.8,"Dayton.NW, Dayton, Columbia County",300216,Dayton.NW,2020-12-17 09:22:33.799917
2020-09-18,01:45,56.8,42.4,58.6,0.0,0,29.88,S,8.0,9.6,0.0,64.6,66.9,10.8,"Dayton.NW, Dayton, Columbia County",300216,Dayton.NW,2020-12-17 09:22:33.799917
2020-09-18,02:00,56.0,42.5,60.4,0.0,0,29.88,S,7.8,9.2,0.0,64.6,66.9,10.8,"Dayton.NW, Dayton, Columbia County",300216,Dayton.NW,2020-12-17 09:22:33.799917
2020-09-18,02:15,56.0,42.7,60.9,0.0,0,29.88,S,8.3,9.6,0.0,64.5,66.8,10.8,"Dayton.NW, Dayton, Columbia County",300216,Dayton.NW,2020-12-17 09:22:33.799917
2020-09-18,02:30,56.3,43.1,61.0,0.0,0,29.88,S,8.5,9.9,0.0,64.4,66.8,10.8,"Dayton.NW, Dayton, Columbia County",300216,Dayton.NW,2020-12-17 09:22:33.799917
2020-09-18,02:45,56.3,43.1,61.2,0.0,0,29.89,S,7.9,9.6,0.0,64.4,66.8,10.8,"Dayton.NW, Dayton, Columbia County",300216,Dayton.NW,2020-12-17 09:22:33.799917
2020-09-18,03:00,56.1,43.0,61.2,0.0,0,29.89,S,8.1,9.6,0.0,64.3,66.7,10.8,"Dayton.NW, Dayton, Columbia County",300216,Dayton.NW,2020-12-17 09:22:33.799917
2020-09-18,03:15,57.2,43.8,60.9,0.0,0,29.9,S,8.5,11.4,0.0,64.3,66.7,10.8,"Dayton.NW, Dayton, Columbia County",300216,Dayton.NW,2020-12-17 09:22:33.799917
2020-09-18,03:30,58.6,44.4,59.2,0.0,0,29.9,S,9.2,11.0,0.0,64.2,66.7,10.8,"Dayton.NW, Dayton, Columbia County",300216,Dayton.NW,2020-12-17 09:22:33.799917
2020-09-18,03:45,57.1,43.8,61.0,0.0,0,29.89,S,8.1,11.0,0.0,64.2,66.7,10.8,"Dayton.NW, Dayton, Columbia County",300216,Dayton.NW,2020-12-17 09:22:33.799917
2020-09-18,04:00,55.6,43.6,63.8,0.0,0,29.89,S,8.3,9.6,0.0,64.1,66.6,10.8,"Dayton.NW, Dayton, Columbia County",300216,Dayton.NW,2020-12-17 09:22:33.799917
2020-09-18,04:15,57.6,43.7,59.8,0.0,0,29.9,S,9.2,12.1,0.0,64.1,66.6,10.8,"Dayton.NW, Dayton, Columbia County",300216,Dayton.NW,2020-12-17 09:22:33.799917
2020-09-18,04:30,58.4,43.3,57.1,0.0,0,29.9,SW,10.0,13.2,0.0,64.1,66.6,10.8,"Dayton.NW, Dayton, Columbia County",300216,Dayton.NW,2020-12-17 09:22:33.799917
2020-09-18,04:45,58.6,43.3,56.6,0.0,0,29.9,SW,11.2,13.2,0.0,64.0,66.5,10.8,"Dayton.NW, Dayton, Columbia County",300216,Dayton.NW,2020-12-17 09:22:33.799917
2020-09-18,05:00,57.5,43.2,58.8,0.0,0,29.9,S,8.8,11.4,0.0,64.0,66.5,10.8,"Dayton.NW, Dayton, Columbia County",300216,Dayton.NW,2020-12-17 09:22:33.799917
2020-09-18,05:15,57.7,43.8,59.8,0.0,0,29.9,SW,10.0,12.8,0.0,64.0,66.5,10.8,"Dayton.NW, Dayton, Columbia County",300216,Dayton.NW,2020-12-17 09:22:33.799917
2020-09-18,05:30,56.9,43.8,61.3,0.0,1,29.9,S,7.8,11.4,0.0,63.9,66.5,10.8,"Dayton.NW, Dayton, Columbia County",300216,Dayton.NW,2020-12-17 09:22:33.799917
2020-09-18,05:45,57.1,44.2,62.0,0.0,4,29.9,S,8.1,10.3,0.0,63.9,66.4,10.8,"Dayton.NW, Dayton, Columbia County",300216,Dayton.NW,2020-12-17 09:22:33.799917
2020-09-18,06:00,55.7,43.8,64.2,0.0,13,29.9,S,7.5,9.6,0.0,63.9,66.4,10.8,"Dayton.NW, Dayton, Columbia County",300216,Dayton.NW,2020-12-17 09:22:33.799917
2020-09-18,06:15,55.3,43.8,65.0,0.0,24,29.91,S,7.7,9.6,0.0,63.8,66.4,10.8,"Dayton.NW, Dayton, Columbia County",300216,Dayton.NW,2020-12-17 09:22:33.799917
2020-09-18,06:30,55.9,43.9,63.8,0.0,45,29.91,S,7.9,10.3,0.0,63.8,66.3,10.8,"Dayton.NW, Dayton, Columbia County",300216,Dayton.NW,2020-12-17 09:22:33.799917
2020-09-18,06:45,57.2,44.1,61.6,0.0,60,29.91,S,7.3,9.9,0.0,63.8,66.3,10.8,"Dayton.NW, Dayton, Columbia County",300216,Dayton.NW,2020-12-17 09:22:33.799917
2020-09-18,07:00,57.8,44.5,61.1,0.0,65,29.91,S,9.6,12.1,0.0,63.8,66.3,10.8,"Dayton.NW, Dayton, Columbia County",300216,Dayton.NW,2020-12-17 09:22:33.799917
2020-09-18,07:15,58.5,44.9,60.5,0.0,94,29.91,SW,9.2,11.4,0.0,63.7,66.3,10.8,"Dayton.NW, Dayton, Columbia County",300216,Dayton.NW,2020-12-17 09:22:33.799917
2020-09-18,07:30,59.1,45.2,59.9,0.0,118,29.91,SW,9.2,12.1,0.0,63.8,66.2,10.8,"Dayton.NW, Dayton, Columbia County",300216,Dayton.NW,2020-12-17 09:22:33.799917
2020-09-18,07:45,59.6,45.3,59.0,0.0,134,29.91,S,6.7,9.9,0.0,63.8,66.2,10.8,"Dayton.NW, Dayton, Columbia County",300216,Dayton.NW,2020-12-17 09:22:33.799917
2020-09-18,08:00,59.5,45.1,58.9,0.0,162,29.91,S,4.1,5.3,0.0,63.9,66.2,10.8,"Dayton.NW, Dayton, Columbia County",300216,Dayton.NW,2020-12-17 09:22:33.799917
2020-09-18,08:15,60.7,45.3,56.9,0.0,224,29.91,S,5.5,8.5,0.0,63.9,66.2,10.8,"Dayton.NW, Dayton, Columbia County",300216,Dayton.NW,2020-12-17 09:22:33.799917
2020-09-18,08:30,62.6,45.6,53.8,0.0,247,29.92,S,5.7,8.2,0.0,64.0,66.1,10.8,"Dayton.NW, Dayton, Columbia County",300216,Dayton.NW,2020-12-17 09:22:33.799917
2020-09-18,08:45,63.0,45.5,52.6,0.0,234,29.92,S,5.4,7.8,0.0,64.2,66.1,10.8,"Dayton.NW, Dayton, Columbia County",300216,Dayton.NW,2020-12-17 09:22:33.799917
2020-09-18,09:00,64.1,45.7,51.0,0.0,286,29.92,S,8.5,13.9,0.0,64.4,66.1,10.8,"Dayton.NW, Dayton, Columbia County",300216,Dayton.NW,2020-12-17 09:22:33.799917
2020-09-18,09:15,65.2,46.5,50.7,0.0,312,29.92,SW,10.3,14.2,0.0,64.6,66.1,10.8,"Dayton.NW, Dayton, Columbia County",300216,Dayton.NW,2020-12-17 09:22:33.799917
2020-09-18,09:30,65.2,47.8,53.3,0.0,259,29.92,SW,12.3,16.7,0.0,64.8,66.0,10.8,"Dayton.NW, Dayton, Columbia County",300216,Dayton.NW,2020-12-17 09:22:33.799917
2020-09-18,09:45,65.4,48.4,54.0,0.0,262,29.92,SW,12.9,17.1,0.0,65.1,66.0,10.8,"Dayton.NW, Dayton, Columbia County",300216,Dayton.NW,2020-12-17 09:22:33.799917
2020-09-18,10:00,65.8,48.4,53.3,0.0,306,29.91,SW,11.6,15.0,0.0,65.3,66.0,10.8,"Dayton.NW, Dayton, Columbia County",300216,Dayton.NW,2020-12-17 09:22:33.799917
2020-09-18,10:15,67.3,48.4,50.6,0.0,429,29.91,SW,10.9,16.0,0.0,65.6,66.0,10.8,"Dayton.NW, Dayton, Columbia County",300216,Dayton.NW,2020-12-17 09:22:33.799917
2020-09-18,10:30,68.1,48.5,49.4,0.0,369,29.91,SW,10.1,14.2,0.0,65.9,66.0,10.8,"Dayton.NW, Dayton, Columbia County",300216,Dayton.NW,2020-12-17 09:22:33.799917
2020-09-18,10:45,68.4,48.8,49.4,0.0,393,29.91,SW,9.9,13.5,0.0,66.1,65.9,10.8,"Dayton.NW, Dayton, Columbia County",300216,Dayton.NW,2020-12-17 09:22:33.799917
2020-09-18,11:00,69.8,49.2,48.0,0.0,453,29.91,SW,10.2,13.5,0.0,66.5,65.9,10.8,"Dayton.NW, Dayton, Columbia County",300216,Dayton.NW,2020-12-17 09:22:33.799917
2020-09-18,11:15,70.1,49.2,47.4,0.0,483,29.91,SW,10.5,13.2,0.0,66.8,65.9,10.8,"Dayton.NW, Dayton, Columbia County",300216,Dayton.NW,2020-12-17 09:22:33.799917
2020-09-18,11:30,71.2,49.2,45.7,0.0,533,29.9,SW,10.5,13.9,0.0,67.2,65.9,10.8,"Dayton.NW, Dayton, Columbia County",300216,Dayton.NW,2020-12-17 09:22:33.799917
2020-09-18,11:45,71.3,48.7,44.6,0.0,347,29.9,SW,9.3,12.4,0.0,67.6,65.9,10.8,"Dayton.NW, Dayton, Columbia County",300216,Dayton.NW,2020-12-17 09:22:33.799917
2020-09-18,12:00,73.0,48.4,41.6,0.0,574,29.9,SW,10.2,14.2,0.0,68.0,65.9,10.8,"Dayton.NW, Dayton, Columbia County",300216,Dayton.NW,2020-12-17 09:22:33.799917
2020-09-18,12:15,73.7,48.3,40.5,0.0,673,29.9,SW,9.7,13.9,0.0,68.4,65.9,10.8,"Dayton.NW, Dayton, Columbia County",300216,Dayton.NW,2020-12-17 09:22:33.799917
2020-09-18,12:30,74.3,47.6,38.7,0.0,532,29.9,SW,9.4,14.2,0.0,68.8,65.9,10.8,"Dayton.NW, Dayton, Columbia County",300216,Dayton.NW,2020-12-17 09:22:33.799917
2020-09-18,12:45,74.8,46.9,37.1,0.0,439,29.9,SW,8.4,11.4,0.0,69.2,65.9,10.8,"Dayton.NW, Dayton, Columbia County",300216,Dayton.NW,2020-12-17 09:22:33.799917
2020-09-18,13:00,74.4,46.7,37.3,0.0,324,29.9,SW,7.5,12.4,0.0,69.6,66.0,10.8,"Dayton.NW, Dayton, Columbia County",300216,Dayton.NW,2020-12-17 09:22:33.799917
2020-09-18,13:15,74.3,47.0,37.9,0.0,301,29.9,SW,6.5,10.3,0.0,70.0,66.0,10.8,"Dayton.NW, Dayton, Columbia County",300216,Dayton.NW,2020-12-17 09:22:33.799917
2020-09-18,13:30,73.6,46.1,37.4,0.0,175,29.9,SW,6.5,9.2,0.0,70.4,66.0,10.8,"Dayton.NW, Dayton, Columbia County",300216,Dayton.NW,2020-12-17 09:22:33.799917
2020-09-18,13:45,73.3,46.2,38.0,0.0,142,29.9,SW,6.0,8.2,0.0,70.6,66.0,10.8,"Dayton.NW, Dayton, Columbia County",300216,Dayton.NW,2020-12-17 09:22:33.799917
2020-09-18,14:00,72.8,47.0,39.9,0.0,114,29.9,SW,5.0,7.8,0.0,70.8,66.1,10.8,"Dayton.NW, Dayton, Columbia County",300216,Dayton.NW,2020-12-17 09:22:33.799917
2020-09-18,14:15,72.3,47.9,41.9,0.0,146,29.9,SW,6.9,9.2,0.0,70.9,66.1,10.8,"Dayton.NW, Dayton, Columbia County",300216,Dayton.NW,2020-12-17 09:22:33.799917
2020-09-18,14:30,72.0,47.8,42.2,0.0,146,29.89,SW,5.5,7.8,0.0,70.9,66.1,10.8,"Dayton.NW, Dayton, Columbia County",300216,Dayton.NW,2020-12-17 09:22:33.799917
2020-09-18,14:45,71.9,47.9,42.4,0.0,145,29.89,SW,6.1,8.2,0.0,70.9,66.2,10.8,"Dayton.NW, Dayton, Columbia County",300216,Dayton.NW,2020-12-17 09:22:33.799917
2020-09-18,15:00,71.5,47.8,42.9,0.0,118,29.89,SW,7.2,9.2,0.0,70.9,66.2,10.8,"Dayton.NW, Dayton, Columbia County",300216,Dayton.NW,2020-12-17 09:22:33.799917
2020-09-18,15:15,71.4,47.6,42.7,0.0,110,29.89,SW,4.6,7.4,0.0,70.9,66.2,10.8,"Dayton.NW, Dayton, Columbia County",300216,Dayton.NW,2020-12-17 09:22:33.799917
2020-09-18,15:30,71.5,47.6,42.6,0.0,106,29.89,S,4.4,6.4,0.0,70.8,66.3,10.8,"Dayton.NW, Dayton, Columbia County",300216,Dayton.NW,2020-12-17 09:22:33.799917
2020-09-18,15:45,71.9,47.6,41.9,0.0,173,29.89,S,3.6,5.7,0.0,70.8,66.3,10.8,"Dayton.NW, Dayton, Columbia County",300216,Dayton.NW,2020-12-17 09:22:33.799917
2020-09-18,16:00,73.4,47.8,40.2,0.0,308,29.88,SW,5.0,6.7,0.0,70.7,66.3,10.8,"Dayton.NW, Dayton, Columbia County",300216,Dayton.NW,2020-12-17 09:22:33.799917
2020-09-18,16:15,73.8,47.2,38.9,0.0,217,29.89,W,4.7,7.1,0.0,70.7,66.4,10.8,"Dayton.NW, Dayton, Columbia County",300216,Dayton.NW,2020-12-17 09:22:33.799917
2020-09-18,16:30,73.1,46.9,39.2,0.0,141,29.89,SW,5.4,7.4,0.0,70.7,66.4,10.8,"Dayton.NW, Dayton, Columbia County",300216,Dayton.NW,2020-12-17 09:22:33.799917
2020-09-18,16:45,72.4,46.7,39.9,0.0,105,29.89,SW,5.1,7.4,0.0,70.8,66.4,10.8,"Dayton.NW, Dayton, Columbia County",300216,Dayton.NW,2020-12-17 09:22:33.799917
2020-09-18,17:00,71.7,47.2,41.7,0.0,122,29.88,SW,6.2,7.8,0.0,70.8,66.5,10.8,"Dayton.NW, Dayton, Columbia County",300216,Dayton.NW,2020-12-17 09:22:33.799917
2020-09-18,17:15,71.5,47.4,42.4,0.0,103,29.88,SW,8.1,10.3,0.0,70.8,66.5,10.8,"Dayton.NW, Dayton, Columbia County",300216,Dayton.NW,2020-12-17 09:22:33.799917
2020-09-18,17:30,70.5,47.7,44.1,0.0,56,29.88,SW,7.8,9.9,0.0,70.8,66.5,10.8,"Dayton.NW, Dayton, Columbia County",300216,Dayton.NW,2020-12-17 09:22:33.799917
2020-09-18,17:45,69.7,47.6,45.3,0.0,36,29.88,SW,6.4,9.9,0.0,70.8,66.5,10.8,"Dayton.NW, Dayton, Columbia County",300216,Dayton.NW,2020-12-17 09:22:33.799917
2020-09-18,18:00,68.3,47.8,47.8,0.0,14,29.89,S,7.3,10.3,0.0,70.7,66.6,10.8,"Dayton.NW, Dayton, Columbia County",300216,Dayton.NW,2020-12-17 09:22:33.799917
2020-09-18,18:15,67.0,48.0,50.4,0.0,2,29.89,SW,7.7,10.3,0.0,70.6,66.6,10.8,"Dayton.NW, Dayton, Columbia County",300216,Dayton.NW,2020-12-17 09:22:33.799917
2020-09-18,18:30,66.2,48.7,53.2,0.0,0,29.9,SW,8.5,11.4,0.0,70.4,66.6,10.8,"Dayton.NW, Dayton, Columbia County",300216,Dayton.NW,2020-12-17 09:22:33.799917
2020-09-18,18:45,65.7,48.7,54.3,0.0,0,29.9,SW,9.0,12.4,0.0,70.3,66.6,10.8,"Dayton.NW, Dayton, Columbia County",300216,Dayton.NW,2020-12-17 09:22:33.799917
2020-09-18,19:00,65.6,48.9,54.8,0.0,0,29.91,SW,10.0,12.8,0.0,70.1,66.7,10.8,"Dayton.NW, Dayton, Columbia County",300216,Dayton.NW,2020-12-17 09:22:33.799917
2020-09-18,19:15,65.2,49.2,56.1,0.0,0,29.92,SW,10.7,14.6,0.0,69.9,66.7,10.8,"Dayton.NW, Dayton, Columbia County",300216,Dayton.NW,2020-12-17 09:22:33.799917
2020-09-18,19:30,65.5,49.7,56.5,0.0,0,29.92,SW,13.1,16.4,0.0,69.7,66.7,10.8,"Dayton.NW, Dayton, Columbia County",300216,Dayton.NW,2020-12-17 09:22:33.799917
2020-09-18,19:45,65.1,49.7,57.4,0.0,0,29.93,SW,14.2,20.3,0.0,69.5,66.7,10.8,"Dayton.NW, Dayton, Columbia County",300216,Dayton.NW,2020-12-17 09:22:33.799917
2020-09-18,20:00,64.4,49.6,58.6,0.0,0,29.93,SW,16.0,20.3,0.0,69.3,66.8,10.8,"Dayton.NW, Dayton, Columbia County",300216,Dayton.NW,2020-12-17 09:22:33.799917
2020-09-18,20:15,63.3,49.3,60.3,0.0,0,29.94,SW,16.8,22.1,0.0,69.2,66.8,10.8,"Dayton.NW, Dayton, Columbia County",300216,Dayton.NW,2020-12-17 09:22:33.799917
2020-09-18,20:30,62.5,49.2,61.8,0.0,0,29.94,SW,17.5,22.5,0.0,69.0,66.8,10.8,"Dayton.NW, Dayton, Columbia County",300216,Dayton.NW,2020-12-17 09:22:33.799917
2020-09-18,20:45,61.8,49.3,63.4,0.0,0,29.94,SW,16.8,21.4,0.0,68.9,66.8,10.8,"Dayton.NW, Dayton, Columbia County",300216,Dayton.NW,2020-12-17 09:22:33.799917
2020-09-18,21:00,61.7,48.9,62.7,0.0,0,29.94,SW,17.7,23.9,0.0,68.7,66.8,10.8,"Dayton.NW, Dayton, Columbia County",300216,Dayton.NW,2020-12-17 09:22:33.799917
2020-09-18,21:15,61.7,49.1,63.2,0.0,0,29.94,SW,19.6,25.3,0.0,68.6,66.8,10.8,"Dayton.NW, Dayton, Columbia County",300216,Dayton.NW,2020-12-17 09:22:33.799917
2020-09-18,21:30,61.7,48.8,62.6,0.0,0,29.94,SW,19.1,23.5,0.0,68.4,66.8,10.8,"Dayton.NW, Dayton, Columbia County",300216,Dayton.NW,2020-12-17 09:22:33.799917
2020-09-18,21:45,61.7,48.1,60.9,0.0,0,29.95,SW,20.7,27.1,0.0,68.3,66.8,10.8,"Dayton.NW, Dayton, Columbia County",300216,Dayton.NW,2020-12-17 09:22:33.799917
2020-09-18,22:00,61.2,47.6,60.8,0.0,0,29.95,SW,20.5,24.6,0.0,68.1,66.8,10.8,"Dayton.NW, Dayton, Columbia County",300216,Dayton.NW,2020-12-17 09:22:33.799917
2020-09-18,22:15,60.6,47.5,61.9,0.0,0,29.95,SW,20.9,27.5,0.0,68.0,66.8,10.8,"Dayton.NW, Dayton, Columbia County",300216,Dayton.NW,2020-12-17 09:22:33.799917
2020-09-18,22:30,60.0,47.6,63.4,0.0,0,29.96,SW,19.2,24.6,0.0,67.9,66.8,10.8,"Dayton.NW, Dayton, Columbia County",300216,Dayton.NW,2020-12-17 09:22:33.799917
2020-09-18,22:45,59.8,47.8,64.3,0.0,0,29.96,SW,18.9,24.6,0.0,67.8,66.8,10.8,"Dayton.NW, Dayton, Columbia County",300216,Dayton.NW,2020-12-17 09:22:33.799917
2020-09-18,23:00,59.5,48.3,66.3,0.0,0,29.96,SW,17.5,22.8,0.0,67.7,66.8,10.8,"Dayton.NW, Dayton, Columbia County",300216,Dayton.NW,2020-12-17 09:22:33.799917
2020-09-19,23:15,59.5,48.4,66.6,0.0,0,29.97,SW,19.5,25.7,0.0,67.5,66.8,10.8,"Dayton.NW, Dayton, Columbia County",300216,Dayton.NW,2020-12-17 09:22:33.799917
2020-09-19,23:30,58.8,48.6,68.8,0.0,0,29.97,SW,19.3,25.0,0.0,67.4,66.8,10.8,"Dayton.NW, Dayton, Columbia County",300216,Dayton.NW,2020-12-17 09:22:33.799917
2020-09-19,23:45,57.4,49.8,75.9,0.0,0,29.97,SW,18.8,23.5,0.0,67.3,66.8,10.8,"Dayton.NW, Dayton, Columbia County",300216,Dayton.NW,2020-12-17 09:22:33.799917
2020-09-19,24:00,56.8,49.3,75.7,0.0,0,29.97,SW,19.9,25.3,0.0,67.2,66.7,10.8,"Dayton.NW, Dayton, Columbia County",300216,Dayton.NW,2020-12-17 09:22:33.799917
2020-09-19,00:15,56.2,48.3,74.6,0.0,0,29.97,SW,16.9,20.7,0.0,67.1,66.7,10.8,"Dayton.NW, Dayton, Columbia County",300216,Dayton.NW,2020-12-17 09:22:33.799917
2020-09-19,00:30,56.3,47.8,73.1,0.0,0,29.97,SW,16.3,20.0,0.0,67.0,66.7,10.8,"Dayton.NW, Dayton, Columbia County",300216,Dayton.NW,2020-12-17 09:22:33.799917
2020-09-19,00:45,55.9,47.6,73.6,0.0,0,29.97,SW,14.8,18.5,0.0,66.9,66.7,10.8,"Dayton.NW, Dayton, Columbia County",300216,Dayton.NW,2020-12-17 09:22:33.799917
2020-09-19,01:00,55.7,48.1,75.5,0.0,0,29.97,SW,14.8,19.6,0.0,66.8,66.7,10.8,"Dayton.NW, Dayton, Columbia County",300216,Dayton.NW,2020-12-17 09:22:33.799917
2020-09-19,01:15,56.8,48.2,72.8,0.0,0,29.97,SW,18.4,25.0,0.0,66.6,66.7,10.8,"Dayton.NW, Dayton, Columbia County",300216,Dayton.NW,2020-12-17 09:22:33.799917
2020-09-19,01:30,57.0,48.2,72.2,0.0,0,29.98,SW,18.4,24.3,0.0,66.5,66.6,10.8,"Dayton.NW, Dayton, Columbia County",300216,Dayton.NW,2020-12-17 09:22:33.799917
2020-09-19,01:45,56.9,48.1,72.3,0.0,0,29.97,SW,17.8,23.5,0.0,66.4,66.6,10.8,"Dayton.NW, Dayton, Columbia County",300216,Dayton.NW,2020-12-17 09:22:33.799917
2020-09-19,02:00,56.7,48.1,72.9,0.0,0,29.97,SW,18.9,24.6,0.0,66.3,66.6,10.8,"Dayton.NW, Dayton, Columbia County",300216,Dayton.NW,2020-12-17 09:22:33.799917
2020-09-19,02:15,55.9,48.6,76.3,0.0,0,29.97,SW,20.1,26.0,0.0,66.2,66.6,10.8,"Dayton.NW, Dayton, Columbia County",300216,Dayton.NW,2020-12-17 09:22:33.799917
2020-09-19,02:30,55.2,48.9,79.1,0.0,0,29.98,SW,19.9,26.0,0.0,66.1,66.6,10.8,"Dayton.NW, Dayton, Columbia County",300216,Dayton.NW,2020-12-17 09:22:33.799917
2020-09-19,02:45,54.1,50.1,86.4,0.0,0,29.98,S,16.2,21.8,0.04,66.0,66.6,10.8,"Dayton.NW, Dayton, Columbia County",300216,Dayton.NW,2020-12-17 09:22:33.799917
2020-09-19,03:00,52.8,51.3,94.7,0.03,0,29.98,S,13.7,17.8,0.27,65.9,66.5,10.8,"Dayton.NW, Dayton, Columbia County",300216,Dayton.NW,2020-12-17 09:22:33.799917
2020-09-19,03:15,52.5,51.3,95.7,0.01,0,29.98,SW,14.7,20.0,0.35,65.9,66.5,10.8,"Dayton.NW, Dayton, Columbia County",300216,Dayton.NW,2020-12-17 09:22:33.799917
2020-09-19,03:30,52.3,51.1,95.9,0.02,0,29.98,SW,16.5,21.8,0.38,65.8,66.5,10.8,"Dayton.NW, Dayton, Columbia County",300216,Dayton.NW,2020-12-17 09:22:33.799917
2020-09-19,03:45,52.3,51.1,95.7,0.03,0,29.98,SW,17.7,22.8,0.4,65.7,66.5,10.8,"Dayton.NW, Dayton, Columbia County",300216,Dayton.NW,2020-12-17 09:22:33.799917
2020-09-19,04:00,52.4,51.2,95.7,0.01,0,29.98,S,12.9,17.1,0.42,65.7,66.5,10.8,"Dayton.NW, Dayton, Columbia County",300216,Dayton.NW,2020-12-17 09:22:33.799917
2020-09-19,04:15,52.7,51.0,94.1,0.0,0,29.97,S,15.0,20.0,0.39,65.6,66.4,10.8,"Dayton.NW, Dayton, Columbia County",300216,Dayton.NW,2020-12-17 09:22:33.799917
2020-09-19,04:30,52.9,50.9,92.7,0.01,0,29.97,SW,15.1,19.2,0.3,65.5,66.4,10.8,"Dayton.NW, Dayton, Columbia County",300216,Dayton.NW,2020-12-17 09:22:33.799917
2020-09-19,04:45,52.9,50.8,92.5,0.02,0,29.98,S,12.4,15.3,0.32,65.4,66.4,10.8,"Dayton.NW, Dayton, Columbia County",300216,Dayton.NW,2020-12-17 09:22:33.799917
2020-09-19,05:00,53.3,50.1,89.0,0.0,0,29.98,SW,13.2,16.4,0.15,65.3,66.4,10.8,"Dayton.NW, Dayton, Columbia County",300216,Dayton.NW,2020-12-17 09:22:33.799917
2020-09-19,05:15,53.1,49.5,87.4,0.0,0,29.97,SW,15.4,19.6,0.09,65.2,66.3,10.8,"Dayton.NW, Dayton, Columbia County",300216,Dayton.NW,2020-12-17 09:22:33.799917
2020-09-19,05:30,53.5,49.0,84.9,0.0,1,29.97,SW,17.0,21.0,0.03,65.1,66.3,10.8,"Dayton.NW, Dayton, Columbia County",300216,Dayton.NW,2020-12-17 09:22:33.799917
2020-09-19,05:45,52.8,49.1,87.1,0.0,2,29.98,S,13.5,16.7,0.05,65.0,66.3,10.8,"Dayton.NW, Dayton, Columbia County",300216,Dayton.NW,2020-12-17 09:22:33.799917
2020-09-19,06:00,53.0,48.9,85.9,0.0,10,29.98,SW,14.9,18.9,0.02,64.8,66.3,10.8,"Dayton.NW, Dayton, Columbia County",300216,Dayton.NW,2020-12-17 09:22:33.799917
2020-09-19,06:15,52.7,48.8,86.6,0.0,21,29.99,SW,13.1,17.5,0.02,64.7,66.2,10.8,"Dayton.NW, Dayton, Columbia County",300216,Dayton.NW,2020-12-17 09:22:33.799917
2020-09-19,06:30,52.9,48.7,85.4,0.0,30,29.98,SW,17.0,20.7,0.0,64.6,66.2,10.8,"Dayton.NW, Dayton, Columbia County",300216,Dayton.NW,2020-12-17 09:22:33.799917
2020-09-19,06:45,52.8,48.7,85.9,0.0,44,29.99,SW,16.2,19.6,0.0,64.5,66.2,10.8,"Dayton.NW, Dayton, Columbia County",300216,Dayton.NW,2020-12-17 09:22:33.799917
2020-09-19,07:00,52.7,48.9,86.9,0.0,73,29.99,SW,14.2,18.2,0.0,64.3,66.2,10.8,"Dayton.NW, Dayton, Columbia County",300216,Dayton.NW,2020-12-17 09:22:33.799917
2020-09-19,07:15,53.2,49.1,86.0,0.0,113,29.99,SW,15.4,18.2,0.0,64.2,66.1,10.8,"Dayton.NW, Dayton, Columbia County",300216,Dayton.NW,2020-12-17 09:22:33.799917
2020-09-19,07:30,53.9,49.4,84.6,0.0,91,30.0,S,14.2,17.5,0.0,64.1,66.1,10.8,"Dayton.NW, Dayton, Columbia County",300216,Dayton.NW,2020-12-17 09:22:33.799917
2020-09-19,07:45,54.8,49.2,81.3,0.0,80,30.0,SW,17.1,21.0,0.0,64.0,66.1,10.8,"Dayton.NW, Dayton, Columbia County",300216,Dayton.NW,2020-12-17 09:22:33.799917
2020-09-19,08:00,55.0,49.8,82.4,0.0,91,30.0,SW,17.4,22.1,0.0,64.0,66.0,10.8,"Dayton.NW, Dayton, Columbia County",300216,Dayton.NW,2020-12-17 09:22:33.799917
2020-09-19,08:15,55.6,49.7,80.4,0.0,124,30.0,SW,20.1,25.0,0.0,63.9,66.0,10.8,"Dayton.NW, Dayton, Columbia County",300216,Dayton.NW,2020-12-17 09:22:33.799917
2020-09-19,08:30,56.1,49.6,78.8,0.0,182,30.0,SW,18.8,24.3,0.0,63.9,66.0,10.8,"Dayton.NW, Dayton, Columbia County",300216,Dayton.NW,2020-12-17 09:22:33.799917
2020-09-19,08:45,56.4,49.5,77.4,0.0,177,30.01,SW,19.2,25.3,0.0,63.9,66.0,10.8,"Dayton.NW, Dayton, Columbia County",300216,Dayton.NW,2020-12-17 09:22:33.799917
2020-09-19,09:00,56.8,49.6,76.8,0.0,199,30.02,SW,18.5,25.0,0.0,63.8,65.9,10.8,"Dayton.NW, Dayton, Columbia County",300216,Dayton.NW,2020-12-17 09:22:33.799917
2020-09-19,09:15,57.0,49.5,76.0,0.0,198,30.02,SW,19.5,25.7,0.0,63.9,65.9,10.8,"Dayton.NW, Dayton, Columbia County",300216,Dayton.NW,2020-12-17 09:22:33.799917
2020-09-19,09:30,57.3,49.7,75.5,0.0,190,30.02,SW,17.8,23.5,0.0,63.9,65.9,10.8,"Dayton.NW, Dayton, Columbia County",300216,Dayton.NW,2020-12-17 09:22:33.799917
2020-09-19,09:45,57.8,49.7,74.5,0.0,195,30.02,SW,18.7,24.3,0.0,64.0,65.8,10.8,"Dayton.NW, Dayton, Columbia County",300216,Dayton.NW,2020-12-17 09:22:33.799917
2020-09-19,10:00,58.0,49.9,74.2,0.0,181,30.03,SW,17.7,23.5,0.0,64.0,65.8,10.8,"Dayton.NW, Dayton, Columbia County",300216,Dayton.NW,2020-12-17 09:22:33.799917
2020-09-19,10:15,58.4,50.1,73.8,0.0,190,30.03,SW,16.5,22.1,0.0,64.1,65.8,10.8,"Dayton.NW, Dayton, Columbia County",300216,Dayton.NW,2020-12-17 09:22:33.799917
2020-09-19,10:30,58.8,50.2,72.9,0.0,234,30.03,SW,17.6,22.5,0.0,64.2,65.7,10.8,"Dayton.NW, Dayton, Columbia County",300216,Dayton.NW,2020-12-17 09:22:33.799917
2020-09-19,10:45,59.3,50.6,72.8,0.0,238,30.03,SW,17.4,23.2,0.0,64.2,65.7,10.8,"Dayton.NW, Dayton, Columbia County",300216,Dayton.NW,2020-12-17 09:22:33.799917
2020-09-19,11:00,59.5,50.4,71.7,0.0,214,30.02,SW,17.9,23.9,0.0,64.3,65.7,10.7,"Dayton.NW, Dayton, Columbia County",300216,Dayton.NW,2020-12-17 09:22:33.799917
2020-09-19,11:15,59.8,50.4,71.0,0.0,225,30.03,SW,17.7,23.9,0.0,64.4,65.7,10.7,"Dayton.NW, Dayton, Columbia County",300216,Dayton.NW,2020-12-17 09:22:33.799917
2020-09-19,11:30,60.7,51.1,70.5,0.0,336,30.03,SW,17.1,23.2,0.0,64.5,65.6,10.7,"Dayton.NW, Dayton, Columbia County",300216,Dayton.NW,2020-12-17 09:22:33.799917
2020-09-19,11:45,61.7,50.9,67.5,0.0,425,30.02,SW,19.0,25.0,0.0,64.6,65.6,10.7,"Dayton.NW, Dayton, Columbia County",300216,Dayton.NW,2020-12-17 09:22:33.799917
2020-09-19,12:00,62.5,51.1,66.3,0.0,486,30.02,SW,19.2,23.5,0.0,64.7,65.6,10.7,"Dayton.NW, Dayton, Columbia County",300216,Dayton.NW,2020-12-17 09:22:33.799917
2020-09-19,12:15,61.9,51.0,67.5,0.0,250,30.02,SW,17.6,25.0,0.0,64.9,65.6,10.7,"Dayton.NW, Dayton, Columbia County",300216,Dayton.NW,2020-12-17 09:22:33.799917
2020-09-19,12:30,62.4,50.8,65.7,0.0,372,30.02,SW,17.2,23.9,0.0,65.0,65.6,10.7,"Dayton.NW, Dayton, Columbia County",300216,Dayton.NW,2020-12-17 09:22:33.799917
2020-09-19,12:45,63.5,50.9,63.3,0.0,536,30.02,SW,18.8,25.0,0.0,65.2,65.5,10.7,"Dayton.NW, Dayton, Columbia County",300216,Dayton.NW,2020-12-17 09:22:33.799917
2020-09-19,13:00,64.6,50.8,60.9,0.0,638,30.02,SW,19.8,25.0,0.0,65.4,65.5,10.7,"Dayton.NW, Dayton, Columbia County",300216,Dayton.NW,2020-12-17 09:22:33.799917
2020-09-19,13:15,65.5,50.4,58.1,0.0,509,30.02,SW,17.8,23.9,0.0,65.6,65.5,10.7,"Dayton.NW, Dayton, Columbia County",300216,Dayton.NW,2020-12-17 09:22:33.799917
2020-09-19,13:30,64.2,50.2,60.2,0.0,276,30.02,SW,18.5,24.3,0.0,65.8,65.5,10.7,"Dayton.NW, Dayton, Columbia County",300216,Dayton.NW,2020-12-17 09:22:33.799917
2020-09-19,13:45,64.2,49.8,59.5,0.0,238,30.01,SW,19.4,25.0,0.0,66.0,65.5,10.7,"Dayton.NW, Dayton, Columbia County",300216,Dayton.NW,2020-12-17 09:22:33.799917
2020-09-19,14:00,64.0,49.4,59.2,0.0,205,30.01,SW,18.9,25.0,0.0,66.2,65.5,10.7,"Dayton.NW, Dayton, Columbia County",300216,Dayton.NW,2020-12-17 09:22:33.799917
2020-09-19,14:15,64.7,49.6,57.9,0.0,270,30.01,SW,18.9,24.6,0.0,66.4,65.5,10.7,"Dayton.NW, Dayton, Columbia County",300216,Dayton.NW,2020-12-17 09:22:33.799917
2020-09-19,14:30,65.3,49.3,56.2,0.0,290,30.01,SW,18.6,23.2,0.0,66.4,65.5,10.7,"Dayton.NW, Dayton, Columbia County",300216,Dayton.NW,2020-12-17 09:22:33.799917
2020-09-19,14:45,66.4,49.2,53.8,0.0,370,30.01,SW,18.3,23.2,0.0,66.5,65.5,10.7,"Dayton.NW, Dayton, Columbia County",300216,Dayton.NW,2020-12-17 09:22:33.799917
2020-09-19,15:00,66.7,49.4,53.6,0.0,340,30.01,SW,17.6,23.5,0.0,66.6,65.5,10.7,"Dayton.NW, Dayton, Columbia County",300216,Dayton.NW,2020-12-17 09:22:33.799917
2020-09-19,15:15,66.1,49.5,55.1,0.0,190,30.01,SW,16.9,22.8,0.0,66.6,65.5,10.7,"Dayton.NW, Dayton, Columbia County",300216,Dayton.NW,2020-12-17 09:22:33.799917
2020-09-19,15:30,65.9,49.3,55.0,0.0,179,30.01,SW,16.4,21.4,0.0,66.7,65.5,10.7,"Dayton.NW, Dayton, Columbia County",300216,Dayton.NW,2020-12-17 09:22:33.799917
2020-09-19,15:45,66.1,48.8,53.5,0.0,157,30.01,SW,14.6,21.0,0.0,66.8,65.5,10.7,"Dayton.NW, Dayton, Columbia County",300216,Dayton.NW,2020-12-17 09:22:33.799917
2020-09-19,16:00,66.4,48.7,52.9,0.0,141,30.01,SW,13.4,18.9,0.0,66.8,65.5,10.7,"Dayton.NW, Dayton, Columbia County",300216,Dayton.NW,2020-12-17 09:22:33.799917
2020-09-19,16:15,66.4,48.9,53.2,0.0,126,30.01,SW,13.3,18.5,0.0,66.8,65.5,10.7,"Dayton.NW, Dayton, Columbia County",300216,Dayton.NW,2020-12-17 09:22:33.799917
2020-09-19,16:30,66.4,48.8,52.9,0.0,110,30.01,SW,13.0,17.5,0.0,66.8,65.5,10.7,"Dayton.NW, Dayton, Columbia County",300216,Dayton.NW,2020-12-17 09:22:33.799917
2020-09-19,16:45,67.3,48.4,50.7,0.0,173,30.01,SW,13.0,17.1,0.0,66.8,65.5,10.7,"Dayton.NW, Dayton, Columbia County",300216,Dayton.NW,2020-12-17 09:22:33.799917
2020-09-19,17:00,67.3,48.1,50.0,0.0,113,30.01,SW,12.6,17.1,0.0,66.8,65.5,10.7,"Dayton.NW, Dayton, Columbia County",300216,Dayton.NW,2020-12-17 09:22:33.799917
2020-09-19,17:15,65.5,47.9,53.0,0.0,40,30.01,SW,11.5,16.4,0.0,66.8,65.5,10.7,"Dayton.NW, Dayton, Columbia County",300216,Dayton.NW,2020-12-17 09:22:33.799917
2020-09-19,17:30,64.6,48.3,55.5,0.0,21,30.01,SW,10.2,13.5,0.0,66.7,65.5,10.7,"Dayton.NW, Dayton, Columbia County",300216,Dayton.NW,2020-12-17 09:22:33.799917
2020-09-19,17:45,64.1,48.5,56.9,0.0,9,30.01,SW,8.8,11.4,0.0,66.7,65.5,10.7,"Dayton.NW, Dayton, Columbia County",300216,Dayton.NW,2020-12-17 09:22:33.799917
2020-09-19,18:00,64.0,48.7,57.5,0.0,3,30.01,SW,9.3,11.4,0.0,66.6,65.5,10.7,"Dayton.NW, Dayton, Columbia County",300216,Dayton.NW,2020-12-17 09:22:33.799917
2020-09-19,18:15,63.7,48.8,58.4,0.0,1,30.02,SW,9.1,11.4,0.0,66.5,65.5,10.7,"Dayton.NW, Dayton, Columbia County",300216,Dayton.NW,2020-12-17 09:22:33.799917
2020-09-19,18:30,63.3,48.8,59.0,0.0,0,30.02,S,9.1,11.0,0.0,66.4,65.6,10.7,"Dayton.NW, Dayton, Columbia County",300216,Dayton.NW,2020-12-17 09:22:33.799917
2020-09-19,18:45,63.0,48.7,59.4,0.0,0,30.02,S,8.8,10.3,0.0,66.2,65.6,10.7,"Dayton.NW, Dayton, Columbia County",300216,Dayton.NW,2020-12-17 09:22:33.799917
2020-09-19,19:00,63.0,48.7,59.4,0.0,0,30.03,S,8.4,11.4,0.0,66.1,65.6,10.7,"Dayton.NW, Dayton, Columbia County",300216,Dayton.NW,2020-12-17 09:22:33.799917
2020-09-19,19:15,62.8,48.8,60.1,0.0,0,30.03,SW,7.7,10.3,0.0,66.0,65.6,10.7,"Dayton.NW, Dayton, Columbia County",300216,Dayton.NW,2020-12-17 09:22:33.799917
2020-09-19,19:30,62.5,49.1,61.5,0.0,0,30.03,S,7.3,9.9,0.0,65.9,65.6,10.7,"Dayton.NW, Dayton, Columbia County",300216,Dayton.NW,2020-12-17 09:22:33.799917
2020-09-19,19:45,61.6,49.4,64.0,0.0,0,30.04,S,7.8,9.9,0.0,65.8,65.6,10.7,"Dayton.NW, Dayton, Columbia County",300216,Dayton.NW,2020-12-17 09:22:33.799917
2020-09-19,20:00,61.5,49.2,63.9,0.0,0,30.04,S,8.9,12.1,0.0,65.7,65.5,10.7,"Dayton.NW, Dayton, Columbia County",300216,Dayton.NW,2020-12-17 09:22:33.799917
2020-09-19,20:15,61.9,48.2,60.8,0.0,0,30.04,SW,10.5,13.2,0.0,65.5,65.6,10.7,"Dayton.NW, Dayton, Columbia County",300216,Dayton.NW,2020-12-17 09:22:33.799917
2020-09-19,20:30,61.7,48.2,61.0,0.0,0,30.04,S,10.3,13.2,0.0,65.4,65.5,10.7,"Dayton.NW, Dayton, Columbia County",300216,Dayton.NW,2020-12-17 09:22:33.799917
2020-09-19,20:45,61.2,48.1,62.1,0.0,0,30.04,SW,12.0,16.4,0.0,65.3,65.5,10.7,"Dayton.NW, Dayton, Columbia County",300216,Dayton.NW,2020-12-17 09:22:33.799917
2020-09-19,21:00,60.9,47.6,61.7,0.0,0,30.04,SW,13.6,16.4,0.0,65.3,65.5,10.7,"Dayton.NW, Dayton, Columbia County",300216,Dayton.NW,2020-12-17 09:22:33.799917
2020-09-19,21:15,60.4,47.9,63.2,0.0,0,30.04,SW,14.3,17.8,0.0,65.1,65.5,10.7,"Dayton.NW, Dayton, Columbia County",300216,Dayton.NW,2020-12-17 09:22:33.799917
2020-09-19,21:30,60.6,48.1,63.5,0.0,0,30.04,SW,16.6,22.1,0.0,65.0,65.5,10.7,"Dayton.NW, Dayton, Columbia County",300216,Dayton.NW,2020-12-17 09:22:33.799917
2020-09-19,21:45,60.3,48.3,64.4,0.0,0,30.05,SW,17.6,23.5,0.0,64.9,65.5,10.7,"Dayton.NW, Dayton, Columbia County",300216,Dayton.NW,2020-12-17 09:22:33.799917
2020-09-19,22:00,60.0,48.4,65.5,0.0,0,30.05,SW,17.2,22.8,0.0,64.8,65.5,10.7,"Dayton.NW, Dayton, Columbia County",300216,Dayton.NW,2020-12-17 09:22:33.799917
2020-09-19,22:15,59.7,48.5,66.3,0.0,0,30.05,SW,17.9,22.5,0.0,64.7,65.5,10.7,"Dayton.NW, Dayton, Columbia County",300216,Dayton.NW,2020-12-17 09:22:33.799917
2020-09-19,22:30,59.5,48.4,66.6,0.0,0,30.05,SW,19.1,24.6,0.0,64.6,65.5,10.7,"Dayton.NW, Dayton, Columbia County",300216,Dayton.NW,2020-12-17 09:22:33.799917
2020-09-19,22:45,59.1,48.5,68.0,0.0,0,30.06,SW,17.6,22.1,0.0,64.5,65.5,10.7,"Dayton.NW, Dayton, Columbia County",300216,Dayton.NW,2020-12-17 09:22:33.799917
2020-09-19,23:00,58.7,48.6,68.9,0.0,0,30.06,SW,17.3,23.2,0.0,64.4,65.5,10.7,"Dayton.NW, Dayton, Columbia County",300216,Dayton.NW,2020-12-17 09:22:33.799917
2020-09-20,23:15,58.5,48.5,69.3,0.0,0,30.05,SW,18.3,22.8,0.0,64.3,65.4,10.7,"Dayton.NW, Dayton, Columbia County",300216,Dayton.NW,2020-12-17 09:22:33.799917
2020-09-20,23:30,58.2,48.5,70.0,0.0,0,30.06,SW,18.3,23.9,0.0,64.2,65.4,10.7,"Dayton.NW, Dayton, Columbia County",300216,Dayton.NW,2020-12-17 09:22:33.799917
2020-09-20,23:45,57.7,48.4,71.0,0.0,0,30.06,SW,18.6,23.5,0.0,64.1,65.4,10.7,"Dayton.NW, Dayton, Columbia County",300216,Dayton.NW,2020-12-17 09:22:33.799917
2020-09-20,24:00,56.8,48.2,72.9,0.0,0,30.06,SW,17.7,22.5,0.0,64.0,65.4,10.7,"Dayton.NW, Dayton, Columbia County",300216,Dayton.NW,2020-12-17 09:22:33.799917
2020-09-20,00:15,55.9,48.1,74.8,0.0,0,30.06,SW,15.9,20.0,0.0,63.9,65.4,10.7,"Dayton.NW, Dayton, Columbia County",300216,Dayton.NW,2020-12-17 09:22:33.799917
2020-09-20,00:30,55.4,48.1,76.2,0.0,0,30.06,SW,15.5,20.0,0.0,63.8,65.4,10.7,"Dayton.NW, Dayton, Columbia County",300216,Dayton.NW,2020-12-17 09:22:33.799917
2020-09-20,00:45,55.0,48.0,77.2,0.0,0,30.07,SW,13.8,17.5,0.0,63.7,65.3,10.7,"Dayton.NW, Dayton, Columbia County",300216,Dayton.NW,2020-12-17 09:22:33.799917
2020-09-20,01:00,55.0,48.0,77.0,0.0,0,30.07,SW,15.3,20.7,0.0,63.6,65.3,10.7,"Dayton.NW, Dayton, Columbia County",300216,Dayton.NW,2020-12-17 09:22:33.799917
2020-09-20,01:15,54.8,47.9,77.4,0.0,0,30.08,SW,14.8,18.2,0.0,63.4,65.3,10.7,"Dayton.NW, Dayton, Columbia County",300216,Dayton.NW,2020-12-17 09:22:33.799917
2020-09-20,01:30,54.5,47.9,78.1,0.0,0,30.08,SW,13.5,17.1,0.0,63.3,65.3,10.7,"Dayton.NW, Dayton, Columbia County",300216,Dayton.NW,2020-12-17 09:22:33.799917
2020-09-20,01:45,54.0,47.7,79.2,0.0,0,30.08,SW,11.2,15.0,0.0,63.2,65.3,10.7,"Dayton.NW, Dayton, Columbia County",300216,Dayton.NW,2020-12-17 09:22:33.799917
2020-09-20,02:00,53.0,47.4,81.2,0.0,0,30.08,S,9.2,11.7,0.0,63.1,65.2,10.7,"Dayton.NW, Dayton, Columbia County",300216,Dayton.NW,2020-12-17 09:22:33.799917
2020-09-20,02:15,52.7,47.4,82.1,0.0,0,30.08,S,9.3,13.2,0.0,62.9,65.2,10.7,"Dayton.NW, Dayton, Columbia County",300216,Dayton.NW,2020-12-17 09:22:33.799917
2020-09-20,02:30,53.9,47.8,79.9,0.0,0,30.07,SW,13.8,16.7,0.0,62.8,65.2,10.7,"Dayton.NW, Dayton, Columbia County",300216,Dayton.NW,2020-12-17 09:22:33.799917
2020-09-20,02:45,53.5,47.6,80.0,0.0,0,30.07,S,11.5,15.3,0.0,62.7,65.2,10.7,"Dayton.NW, Dayton, Columbia County",300216,Dayton.NW,2020-12-17 09:22:33.799917
2020-09-20,03:00,52.8,47.2,81.2,0.0,0,30.07,S,9.5,12.4,0.0,62.6,65.1,10.7,"Dayton.NW, Dayton, Columbia County",300216,Dayton.NW,2020-12-17 09:22:33.799917
2020-09-20,03:15,51.9,47.0,83.5,0.0,0,30.07,S,9.9,13.5,0.0,62.4,65.1,10.7,"Dayton.NW, Dayton, Columbia County",300216,Dayton.NW,2020-12-17 09:22:33.799917
2020-09-20,03:30,52.2,46.9,82.1,0.0,0,30.07,S,10.3,13.5,0.0,62.3,65.1,10.7,"Dayton.NW, Dayton, Columbia County",300216,Dayton.NW,2020-12-17 09:22:33.799917
2020-09-20,03:45,52.6,47.0,81.3,0.0,0,30.07,SW,12.6,16.0,0.0,62.2,65.1,10.7,"Dayton.NW, Dayton, Columbia County",300216,Dayton.NW,2020-12-17 09:22:33.799917
2020-09-20,04:00,53.0,47.0,80.0,0.0,0,30.07,SW,14.4,16.7,0.0,62.1,65.0,10.7,"Dayton.NW, Dayton, Columbia County",300216,Dayton.NW,2020-12-17 09:22:33.799917
2020-09-20,04:15,53.4,47.1,79.2,0.0,0,30.07,SW,15.6,19.2,0.0,62.0,65.0,10.7,"Dayton.NW, Dayton, Columbia County",300216,Dayton.NW,2020-12-17 09:22:33.799917
2020-09-20,04:30,53.3,47.0,79.2,0.0,0,30.07,SW,17.1,21.0,0.0,61.9,65.0,10.7,"Dayton.NW, Dayton, Columbia County",300216,Dayton.NW,2020-12-17 09:22:33.799917
2020-09-20,04:45,53.3,46.9,78.8,0.0,0,30.07,SW,16.4,21.4,0.0,61.8,64.9,10.7,"Dayton.NW, Dayton, Columbia County",300216,Dayton.NW,2020-12-17 09:22:33.799917
2020-09-20,05:00,53.2,46.8,78.8,0.0,0,30.07,SW,16.2,22.1,0.0,61.7,64.9,10.7,"Dayton.NW, Dayton, Columbia County",300216,Dayton.NW,2020-12-17 09:22:33.799917
2020-09-20,05:15,52.9,46.7,79.4,0.0,0,30.08,SW,15.1,19.6,0.0,61.6,64.9,10.7,"Dayton.NW, Dayton, Columbia County",300216,Dayton.NW,2020-12-17 09:22:33.799917
2020-09-20,05:30,52.5,46.7,80.3,0.0,1,30.08,SW,16.0,20.0,0.0,61.5,64.8,10.7,"Dayton.NW, Dayton, Columbia County",300216,Dayton.NW,2020-12-17 09:22:33.799917
2020-09-20,05:45,52.8,46.8,79.7,0.0,5,30.08,SW,17.1,21.0,0.0,61.4,64.8,10.7,"Dayton.NW, Dayton, Columbia County",300216,Dayton.NW,2020-12-17 09:22:33.799917
2020-09-20,06:00,52.9,46.8,79.7,0.0,23,30.08,SW,16.4,20.0,0.0,61.3,64.8,10.7,"Dayton.NW, Dayton, Columbia County",300216,Dayton.NW,2020-12-17 09:22:33.799917
2020-09-20,06:15,52.2,46.8,81.9,0.0,53,30.08,S,14.0,16.7,0.0,61.2,64.7,10.7,"Dayton.NW, Dayton, Columbia County",300216,Dayton.NW,2020-12-17 09:22:33.799917
2020-09-20,06:30,53.4,47.2,79.5,0.0,88,30.08,SW,16.7,21.0,0.0,61.1,64.7,10.7,"Dayton.NW, Dayton, Columbia County",300216,Dayton.NW,2020-12-17 09:22:33.799917
2020-09-20,06:45,54.3,47.5,77.4,0.0,128,30.08,SW,16.6,21.0,0.0,61.1,64.7,10.7,"Dayton.NW, Dayton, Columbia County",300216,Dayton.NW,2020-12-17 09:22:33.799917
2020-09-20,07:00,54.5,47.4,76.8,0.0,169,30.09,SW,16.2,19.6,0.0,61.0,64.7,10.7,"Dayton.NW, Dayton, Columbia County",300216,Dayton.NW,2020-12-17 09:22:33.799917
2020-09-20,07:15,55.3,47.6,75.2,0.0,211,30.09,SW,16.1,20.7,0.0,61.0,64.6,10.7,"Dayton.NW, Dayton, Columbia County",300216,Dayton.NW,2020-12-17 09:22:33.799917
2020-09-20,07:30,56.1,47.7,73.3,0.0,252,30.09,SW,16.7,21.8,0.0,60.9,64.6,10.7,"Dayton.NW, Dayton, Columbia County",300216,Dayton.NW,2020-12-17 09:22:33.799917
2020-09-20,07:45,56.8,47.9,71.9,0.0,294,30.09,SW,17.8,22.5,0.0,60.9,64.5,10.7,"Dayton.NW, Dayton, Columbia County",300216,Dayton.NW,2020-12-17 09:22:33.799917
2020-09-20,08:00,58.1,47.9,68.9,0.0,335,30.09,SW,19.3,24.6,0.0,60.9,64.5,10.6,"Dayton.NW, Dayton, Columbia County",300216,Dayton.NW,2020-12-17 09:22:33.799917
2020-09-20,08:15,59.0,47.9,66.6,0.0,374,30.09,SW,19.7,27.8,0.0,61.0,64.5,10.6,"Dayton.NW, Dayton, Columbia County",300216,Dayton.NW,2020-12-17 09:22:33.799917
2020-09-20,08:30,59.7,48.1,65.5,0.0,413,30.09,SW,20.5,26.8,0.0,61.0,64.4,10.6,"Dayton.NW, Dayton, Columbia County",300216,Dayton.NW,2020-12-17 09:22:33.799917
2020-09-20,08:45,60.4,48.3,64.5,0.0,453,30.09,SW,20.3,24.6,0.0,61.1,64.4,10.6,"Dayton.NW, Dayton, Columbia County",300216,Dayton.NW,2020-12-17 09:22:33.799917
2020-09-20,09:00,60.9,48.6,63.7,0.0,494,30.1,SW,18.9,24.6,0.0,61.2,64.4,10.6,"Dayton.NW, Dayton, Columbia County",300216,Dayton.NW,2020-12-17 09:22:33.799917
2020-09-20,09:15,61.6,48.5,62.1,0.0,544,30.1,SW,18.6,24.3,0.0,61.3,64.3,10.6,"Dayton.NW, Dayton, Columbia County",300216,Dayton.NW,2020-12-17 09:22:33.799917
2020-09-20,09:30,62.5,48.5,60.2,0.0,575,30.1,SW,16.9,22.5,0.0,61.5,64.3,10.6,"Dayton.NW, Dayton, Columbia County",300216,Dayton.NW,2020-12-17 09:22:33.799917
2020-09-20,09:45,63.2,48.4,58.5,0.0,635,30.1,SW,15.9,21.4,0.0,61.6,64.3,10.6,"Dayton.NW, Dayton, Columbia County",300216,Dayton.NW,2020-12-17 09:22:33.799917
2020-09-20,10:00,63.8,48.2,56.6,0.0,679,30.1,SW,14.9,20.0,0.0,61.8,64.2,10.6,"Dayton.NW, Dayton, Columbia County",300216,Dayton.NW,2020-12-17 09:22:33.799917
2020-09-20,10:15,65.0,48.3,54.6,0.0,672,30.1,SW,13.7,19.2,0.0,62.0,64.2,10.6,"Dayton.NW, Dayton, Columbia County",300216,Dayton.NW,2020-12-17 09:22:33.799917
2020-09-20,10:30,65.6,48.3,53.5,0.0,651,30.1,SW,12.7,18.5,0.0,62.2,64.2,10.6,"Dayton.NW, Dayton, Columbia County",300216,Dayton.NW,2020-12-17 09:22:33.799917
2020-09-20,10:45,65.3,47.6,52.7,0.0,654,30.1,SW,13.6,20.7,0.0,62.5,64.2,10.6,"Dayton.NW, Dayton, Columbia County",300216,Dayton.NW,2020-12-17 09:22:33.799917
2020-09-20,11:00,65.8,47.6,51.9,0.0,665,30.09,SW,13.9,19.2,0.0,62.9,64.1,10.6,"Dayton.NW, Dayton, Columbia County",300216,Dayton.NW,2020-12-17 09:22:33.799917
2020-09-20,11:15,65.9,47.7,51.7,0.0,672,30.09,SW,13.3,18.2,0.0,63.4,64.1,10.6,"Dayton.NW, Dayton, Columbia County",300216,Dayton.NW,2020-12-17 09:22:33.799917
2020-09-20,11:30,66.7,47.3,49.7,0.0,674,30.09,SW,12.1,18.5,0.0,63.8,64.1,10.6,"Dayton.NW, Dayton, Columbia County",300216,Dayton.NW,2020-12-17 09:22:33.799917
2020-09-20,11:45,66.9,47.0,48.6,0.0,677,30.08,SW,11.6,16.4,0.0,64.3,64.1,10.6,"Dayton.NW, Dayton, Columbia County",300216,Dayton.NW,2020-12-17 09:22:33.799917
2020-09-20,12:00,67.9,46.9,46.8,0.0,678,30.08,SW,11.2,15.3,0.0,64.7,64.1,10.6,"Dayton.NW, Dayton, Columbia County",300216,Dayton.NW,2020-12-17 09:22:33.799917
2020-09-20,12:15,68.2,46.4,45.6,0.0,673,30.08,SW,11.4,16.7,0.0,65.2,64.1,10.6,"Dayton.NW, Dayton, Columbia County",300216,Dayton.NW,2020-12-17 09:22:33.799917
2020-09-20,12:30,68.4,46.2,44.9,0.0,657,30.07,SW,10.8,18.2,0.0,65.7,64.1,10.6,"Dayton.NW, Dayton, Columbia County",300216,Dayton.NW,2020-12-17 09:22:33.799917
2020-09-20,12:45,69.1,45.8,43.1,0.0,651,30.07,SW,11.1,17.5,0.0,66.1,64.1,10.6,"Dayton.NW, Dayton, Columbia County",300216,Dayton.NW,2020-12-17 09:22:33.799917
2020-09-20,13:00,69.1,45.0,41.8,0.0,638,30.06,SW,11.3,17.1,0.0,66.5,64.1,10.6,"Dayton.NW, Dayton, Columbia County",300216,Dayton.NW,2020-12-17 09:22:33.799917
2020-09-20,13:15,69.6,44.5,40.4,0.0,613,30.06,SW,11.8,17.8,0.0,66.8,64.2,10.7,"Dayton.NW, Dayton, Columbia County",300216,Dayton.NW,2020-12-17 09:22:33.799917
2020-09-20,13:30,70.2,44.1,38.9,0.0,598,30.05,SW,12.1,17.5,0.0,67.1,64.2,10.7,"Dayton.NW, Dayton, Columbia County",300216,Dayton.NW,2020-12-17 09:22:33.799917
2020-09-20,13:45,70.3,44.8,39.9,0.0,576,30.05,W,10.9,17.1,0.0,67.4,64.2,10.7,"Dayton.NW, Dayton, Columbia County",300216,Dayton.NW,2020-12-17 09:22:33.799917
2020-09-20,14:00,70.6,43.7,37.8,0.0,548,30.05,W,11.9,18.9,0.0,67.7,64.2,10.7,"Dayton.NW, Dayton, Columbia County",300216,Dayton.NW,2020-12-17 09:22:33.799917
2020-09-20,14:15,70.9,44.2,38.1,0.0,521,30.05,SW,10.8,16.7,0.0,68.0,64.2,10.7,"Dayton.NW, Dayton, Columbia County",300216,Dayton.NW,2020-12-17 09:22:33.799917
2020-09-20,14:30,71.4,44.3,37.7,0.0,488,30.05,SW,10.5,13.9,0.0,68.2,64.3,10.7,"Dayton.NW, Dayton, Columbia County",300216,Dayton.NW,2020-12-17 09:22:33.799917
2020-09-20,14:45,71.3,44.4,37.9,0.0,456,30.04,SW,9.6,15.3,0.0,68.3,64.3,10.7,"Dayton.NW, Dayton, Columbia County",300216,Dayton.NW,2020-12-17 09:22:33.799917
2020-09-20,15:00,71.9,44.4,37.2,0.0,422,30.04,SW,7.7,13.9,0.0,68.5,64.3,10.7,"Dayton.NW, Dayton, Columbia County",300216,Dayton.NW,2020-12-17 09:22:33.799917
2020-09-20,15:15,71.3,44.3,37.9,0.0,385,30.04,SW,8.9,14.6,0.0,68.6,64.4,10.7,"Dayton.NW, Dayton, Columbia County",300216,Dayton.NW,2020-12-17 09:22:33.799917
2020-09-20,15:30,71.4,44.3,37.7,0.0,348,30.04,SW,7.0,12.8,0.0,68.8,64.4,10.7,"Dayton.NW, Dayton, Columbia County",300216,Dayton.NW,2020-12-17 09:22:33.799917
2020-09-20,15:45,71.7,44.4,37.5,0.0,308,30.04,SW,7.8,12.1,0.0,68.8,64.4,10.7,"Dayton.NW, Dayton, Columbia County",300216,Dayton.NW,2020-12-17 09:22:33.799917
2020-09-20,16:00,71.6,44.1,37.2,0.0,271,30.04,SW,7.8,11.7,0.0,68.9,64.5,10.7,"Dayton.NW, Dayton, Columbia County",300216,Dayton.NW,2020-12-17 09:22:33.799917
2020-09-20,16:15,71.2,44.1,37.6,0.0,230,30.03,SW,7.0,11.0,0.0,69.0,64.5,10.7,"Dayton.NW, Dayton, Columbia County",300216,Dayton.NW,2020-12-17 09:22:33.799917
2020-09-20,16:30,70.8,44.0,38.0,0.0,189,30.03,SW,6.7,11.0,0.0,69.0,64.6,10.7,"Dayton.NW, Dayton, Columbia County",300216,Dayton.NW,2020-12-17 09:22:33.799917
2020-09-20,16:45,70.8,44.1,38.1,0.0,151,30.02,SW,4.6,7.4,0.0,69.0,64.6,10.7,"Dayton.NW, Dayton, Columbia County",300216,Dayton.NW,2020-12-17 09:22:33.799917
2020-09-20,17:00,70.2,44.2,39.1,0.0,113,30.02,SW,4.1,5.7,0.0,68.9,64.7,10.7,"Dayton.NW, Dayton, Columbia County",300216,Dayton.NW,2020-12-17 09:22:33.799917
2020-09-20,17:15,69.4,44.3,40.4,0.0,64,30.02,SW,3.0,4.2,0.0,68.8,64.7,10.7,"Dayton.NW, Dayton, Columbia County",300216,Dayton.NW,2020-12-17 09:22:33.799917
2020-09-20,17:30,67.7,44.1,42.4,0.0,18,30.02,SW,2.8,3.5,0.0,68.7,64.8,10.7,"Dayton.NW, Dayton, Columbia County",300216,Dayton.NW,2020-12-17 09:22:33.799917
2020-09-20,17:45,67.1,44.0,43.1,0.0,9,30.02,SW,3.6,4.6,0.0,68.5,64.8,10.7,"Dayton.NW, Dayton, Columbia County",300216,Dayton.NW,2020-12-17 09:22:33.799917
2020-09-20,18:00,66.5,44.2,44.3,0.0,3,30.01,SW,3.0,3.9,0.0,68.3,64.8,10.7,"Dayton.NW, Dayton, Columbia County",300216,Dayton.NW,2020-12-17 09:22:33.799917
2020-09-20,18:15,66.7,44.1,43.9,0.0,1,30.01,SW,3.2,3.9,0.0,68.1,64.9,10.7,"Dayton.NW, Dayton, Columbia County",300216,Dayton.NW,2020-12-17 09:22:33.799917
2020-09-20,18:30,66.9,44.1,43.7,0.0,0,30.01,S,3.9,4.9,0.0,67.8,64.9,10.7,"Dayton.NW, Dayton, Columbia County",300216,Dayton.NW,2020-12-17 09:22:33.799917
2020-09-20,18:45,66.2,44.2,44.8,0.0,0,30.01,S,3.3,4.2,0.0,67.5,65.0,10.7,"Dayton.NW, Dayton, Columbia County",300216,Dayton.NW,2020-12-17 09:22:33.799917
2020-09-20,19:00,65.8,44.1,45.3,0.0,0,30.01,S,2.3,3.1,0.0,67.3,65.0,10.7,"Dayton.NW, Dayton, Columbia County",300216,Dayton.NW,2020-12-17 09:22:33.799917
2020-09-20,19:15,65.3,44.1,46.2,0.0,0,30.01,SE,3.1,3.9,0.0,67.0,65.0,10.7,"Dayton.NW, Dayton, Columbia County",300216,Dayton.NW,2020-12-17 09:22:33.799917
2020-09-20,19:30,63.9,44.0,48.2,0.0,0,30.01,S,3.5,4.6,0.0,66.7,65.0,10.7,"Dayton.NW, Dayton, Columbia County",300216,Dayton.NW,2020-12-17 09:22:33.799917
2020-09-20,19:45,62.6,44.0,50.6,0.0,0,30.02,S,4.6,5.3,0.0,66.5,65.1,10.7,"Dayton.NW, Dayton, Columbia County",300216,Dayton.NW,2020-12-17 09:22:33.799917
2020-09-20,20:00,60.1,44.3,55.8,0.0,0,30.02,S,4.2,5.3,0.0,66.2,65.1,10.7,"Dayton.NW, Dayton, Columbia County",300216,Dayton.NW,2020-12-17 09:22:33.799917
2020-09-20,20:15,58.3,44.6,60.1,0.0,0,30.01,S,4.7,6.4,0.0,66.0,65.1,10.7,"Dayton.NW, Dayton, Columbia County",300216,Dayton.NW,2020-12-17 09:22:33.799917
2020-09-20,20:30,58.1,44.7,60.9,0.0,0,30.01,S,5.0,6.4,0.0,65.7,65.1,10.7,"Dayton.NW, Dayton, Columbia County",300216,Dayton.NW,2020-12-17 09:22:33.799917
2020-09-20,20:45,57.9,44.8,61.5,0.0,0,30.01,S,4.6,6.4,0.0,65.5,65.1,10.7,"Dayton.NW, Dayton, Columbia County",300216,Dayton.NW,2020-12-17 09:22:33.799917
2020-09-20,21:00,58.2,44.8,61.1,0.0,0,30.01,S,4.7,6.0,0.0,65.3,65.1,10.7,"Dayton.NW, Dayton, Columbia County",300216,Dayton.NW,2020-12-17 09:22:33.799917
2020-09-20,21:15,59.7,44.8,57.8,0.0,0,30.01,SE,5.1,7.8,0.0,65.1,65.1,10.7,"Dayton.NW, Dayton, Columbia County",300216,Dayton.NW,2020-12-17 09:22:33.799917
2020-09-20,21:30,59.6,44.8,57.9,0.0,0,30.01,S,5.4,7.8,0.0,64.9,65.1,10.7,"Dayton.NW, Dayton, Columbia County",300216,Dayton.NW,2020-12-17 09:22:33.799917
2020-09-20,21:45,57.8,44.6,61.3,0.0,0,30.01,SE,4.7,7.4,0.0,64.7,65.1,10.7,"Dayton.NW, Dayton, Columbia County",300216,Dayton.NW,2020-12-17 09:22:33.799917
2020-09-20,22:00,56.7,44.6,63.8,0.0,0,30.01,SE,5.1,7.1,0.0,64.5,65.1,10.7,"Dayton.NW, Dayton, Columbia County",300216,Dayton.NW,2020-12-17 09:22:33.799917
2020-09-20,22:15,56.6,44.8,64.4,0.0,0,30.01,S,4.8,7.8,0.0,64.3,65.1,10.7,"Dayton.NW, Dayton, Columbia County",300216,Dayton.NW,2020-12-17 09:22:33.799917
2020-09-20,22:30,56.9,44.9,63.9,0.0,0,30.01,S,5.1,7.1,0.0,64.1,65.1,10.7,"Dayton.NW, Dayton, Columbia County",300216,Dayton.NW,2020-12-17 09:22:33.799917
2020-09-20,22:45,57.0,44.8,63.6,0.0,0,30.01,S,5.3,7.1,0.0,64.0,65.1,10.7,"Dayton.NW, Dayton, Columbia County",300216,Dayton.NW,2020-12-17 09:22:33.799917
2020-09-20,23:00,57.0,44.8,63.6,0.0,0,30.01,S,5.2,6.7,0.0,63.8,65.1,10.7,"Dayton.NW, Dayton, Columbia County",300216,Dayton.NW,2020-12-17 09:22:33.799917
2020-09-21,23:15,56.8,44.9,64.2,0.0,0,30.01,S,5.6,7.8,0.0,63.7,65.1,10.7,"Dayton.NW, Dayton, Columbia County",300216,Dayton.NW,2020-12-17 09:22:33.799917
2020-09-21,23:30,57.2,45.0,63.6,0.0,0,30.01,SE,6.2,7.8,0.0,63.5,65.0,10.7,"Dayton.NW, Dayton, Columbia County",300216,Dayton.NW,2020-12-17 09:22:33.799917
2020-09-21,23:45,57.1,45.0,63.8,0.0,0,30.0,S,4.9,6.7,0.0,63.4,65.0,10.7,"Dayton.NW, Dayton, Columbia County",300216,Dayton.NW,2020-12-17 09:22:33.799917
2020-09-21,24:00,56.9,44.9,64.1,0.0,0,30.0,S,4.9,6.7,0.0,63.2,65.0,10.7,"Dayton.NW, Dayton, Columbia County",300216,Dayton.NW,2020-12-17 09:22:33.799917
