Date,Time PST,Air Temp °F, 2<sup>nd</sup> Air Temp °F, Dew Point °F, Rel Hum %, Leaf Wet u., Wind Dir @ Speed mph, Wind Gust mph, 8 in. Soil Tmp °F, Tot Prec in, Solar Rad W/m²,Location,Station ID,Station Name,Download Timestamp
2010-02-27,00:15,40.0,,39.3,97.3,0.79,SE@1.6,2.8,42.7,0.01,0,"East Oroville, Okanogan County",330146,East Oroville,2017-12-11 06:21:28.832196
2010-02-27,00:30,40.0,,39.5,98.0,0.79,SE@2.7,3.5,42.7,0.0,0,"East Oroville, Okanogan County",330146,East Oroville,2017-12-11 06:21:28.832196
2010-02-27,00:45,40.0,,39.5,98.2,0.79,SE@2.6,3.9,42.7,0.01,0,"East Oroville, Okanogan County",330146,East Oroville,2017-12-11 06:21:28.832196
2010-02-27,01:00,40.0,,39.5,98.1,0.78,SE@2.2,3.9,42.6,0.01,0,"East Oroville, Okanogan County",330146,East Oroville,2017-12-11 06:21:28.832196
2010-02-27,01:15,39.8,,39.3,98.2,0.78,SE@3.4,4.9,42.6,0.01,0,"East Oroville, Okanogan County",330146,East Oroville,2017-12-11 06:21:28.832196
2010-02-27,01:30,39.6,,39.2,98.4,0.78,SE@2.5,3.5,42.6,0.0,0,"East Oroville, Okanogan County",330146,East Oroville,2017-12-11 06:21:28.832196
2010-02-27,01:45,39.6,,39.2,98.4,0.79,SE@3.7,5.3,42.6,0.01,0,"East Oroville, Okanogan County",330146,East Oroville,2017-12-11 06:21:28.832196
2010-02-27,02:00,39.9,,39.4,98.1,0.79,SE@3.4,4.6,42.5,0.0,0,"East Oroville, Okanogan County",330146,East Oroville,2017-12-11 06:21:28.832196
2010-02-27,02:15,40.0,,39.4,97.7,0.78,SE@2.9,4.2,42.5,0.01,0,"East Oroville, Okanogan County",330146,East Oroville,2017-12-11 06:21:28.832196
2010-02-27,02:30,39.8,,39.3,97.8,0.79,SE@2.5,4.6,42.5,0.0,0,"East Oroville, Okanogan County",330146,East Oroville,2017-12-11 06:21:28.832196
2010-02-27,02:45,39.5,,39.1,98.4,0.79,SE@1.9,3.5,42.5,0.01,0,"East Oroville, Okanogan County",330146,East Oroville,2017-12-11 06:21:28.832196
2010-02-27,03:00,39.6,,39.2,98.6,0.79,E@1.1,2.4,42.4,0.0,0,"East Oroville, Okanogan County",330146,East Oroville,2017-12-11 06:21:28.832196
2010-02-27,03:15,39.5,,39.2,98.7,0.8,E@1.8,3.9,42.4,0.01,0,"East Oroville, Okanogan County",330146,East Oroville,2017-12-11 06:21:28.832196
2010-02-27,03:30,39.5,,39.3,99.0,0.79,E@2.3,3.9,42.4,0.01,0,"East Oroville, Okanogan County",330146,East Oroville,2017-12-11 06:21:28.832196
2010-02-27,03:45,39.6,,39.3,98.8,0.79,E@2.9,4.2,42.4,0.0,0,"East Oroville, Okanogan County",330146,East Oroville,2017-12-11 06:21:28.832196
2010-02-27,04:00,40.0,,39.5,98.1,0.79,SE@2.6,4.2,42.3,0.0,0,"East Oroville, Okanogan County",330146,East Oroville,2017-12-11 06:21:28.832196
2010-02-27,04:15,39.7,,39.2,98.0,0.8,SE@2.3,3.5,42.3,0.01,0,"East Oroville, Okanogan County",330146,East Oroville,2017-12-11 06:21:28.832196
2010-02-27,04:30,39.9,,39.4,98.0,0.79,SE@1.4,2.8,42.3,0.0,0,"East Oroville, Okanogan County",330146,East Oroville,2017-12-11 06:21:28.832196
2010-02-27,04:45,39.6,,39.2,98.6,0.8,SE@1.6,3.1,42.3,0.01,0,"East Oroville, Okanogan County",330146,East Oroville,2017-12-11 06:21:28.832196
2010-02-27,05:00,39.7,,39.4,98.7,0.8,S@0.8,2.1,42.2,0.0,0,"East Oroville, Okanogan County",330146,East Oroville,2017-12-11 06:21:28.832196
2010-02-27,05:15,39.9,,39.5,98.4,0.81,NW@1.6,2.8,42.2,0.0,0,"East Oroville, Okanogan County",330146,East Oroville,2017-12-11 06:21:28.832196
2010-02-27,05:30,39.2,,38.9,99.1,0.81,W@2.1,3.5,42.2,0.0,0,"East Oroville, Okanogan County",330146,East Oroville,2017-12-11 06:21:28.832196
2010-02-27,05:45,39.4,,39.1,98.9,0.8,N@0.0,1.4,42.2,0.0,0,"East Oroville, Okanogan County",330146,East Oroville,2017-12-11 06:21:28.832196
2010-02-27,06:00,39.6,,39.3,99.0,0.8,N@1.0,2.8,42.1,0.0,0,"East Oroville, Okanogan County",330146,East Oroville,2017-12-11 06:21:28.832196
2010-02-27,06:15,39.6,,39.4,99.2,0.8,E@1.4,2.1,42.1,0.0,0,"East Oroville, Okanogan County",330146,East Oroville,2017-12-11 06:21:28.832196
2010-02-27,06:30,39.7,,39.4,98.9,0.8,E@1.4,2.4,42.1,0.0,0,"East Oroville, Okanogan County",330146,East Oroville,2017-12-11 06:21:28.832196
2010-02-27,06:45,39.8,,39.4,98.5,0.8,SW@0.5,2.1,42.1,0.0,0,"East Oroville, Okanogan County",330146,East Oroville,2017-12-11 06:21:28.832196
2010-02-27,07:00,39.3,,39.1,99.0,0.81,SE@1.4,3.1,42.1,0.0,1,"East Oroville, Okanogan County",330146,East Oroville,2017-12-11 06:21:28.832196
2010-02-27,07:15,39.3,,39.2,99.3,0.81,SW@1.2,2.8,42.0,0.0,3,"East Oroville, Okanogan County",330146,East Oroville,2017-12-11 06:21:28.832196
2010-02-27,07:30,39.5,,39.3,99.4,0.81,NE@1.9,2.8,42.0,0.0,6,"East Oroville, Okanogan County",330146,East Oroville,2017-12-11 06:21:28.832196
2010-02-27,07:45,39.8,,39.7,99.5,0.81,E@2.5,4.2,42.0,0.0,11,"East Oroville, Okanogan County",330146,East Oroville,2017-12-11 06:21:28.832196
2010-02-27,08:00,40.6,,40.1,98.1,0.8,SE@2.9,4.6,42.0,0.0,17,"East Oroville, Okanogan County",330146,East Oroville,2017-12-11 06:21:28.832196
2010-02-27,08:15,40.9,,40.1,96.9,0.8,SE@1.2,3.1,42.0,0.0,26,"East Oroville, Okanogan County",330146,East Oroville,2017-12-11 06:21:28.832196
2010-02-27,08:30,40.8,,40.1,97.3,0.8,E@2.1,3.5,41.9,0.0,33,"East Oroville, Okanogan County",330146,East Oroville,2017-12-11 06:21:28.832196
2010-02-27,08:45,40.6,,39.9,97.6,0.8,W@1.6,3.5,41.9,0.0,51,"East Oroville, Okanogan County",330146,East Oroville,2017-12-11 06:21:28.832196
2010-02-27,09:00,40.4,,39.8,97.8,0.8,S@1.1,3.5,41.9,0.0,60,"East Oroville, Okanogan County",330146,East Oroville,2017-12-11 06:21:28.832196
2010-02-27,09:15,40.7,,40.2,98.0,0.8,SE@2.8,4.2,41.9,0.0,67,"East Oroville, Okanogan County",330146,East Oroville,2017-12-11 06:21:28.832196
2010-02-27,09:30,40.8,,40.3,98.0,0.8,SE@3.6,5.3,41.9,0.0,82,"East Oroville, Okanogan County",330146,East Oroville,2017-12-11 06:21:28.832196
2010-02-27,09:45,41.0,,40.6,98.6,0.8,SE@3.1,4.2,41.9,0.0,62,"East Oroville, Okanogan County",330146,East Oroville,2017-12-11 06:21:28.832196
2010-02-27,10:00,41.3,,40.7,97.5,0.8,SE@3.3,5.3,41.8,0.0,45,"East Oroville, Okanogan County",330146,East Oroville,2017-12-11 06:21:28.832196
2010-02-27,10:15,41.5,,40.4,95.8,0.78,SE@3.7,7.4,41.8,0.0,42,"East Oroville, Okanogan County",330146,East Oroville,2017-12-11 06:21:28.832196
2010-02-27,10:30,41.5,,40.5,95.8,0.75,SE@4.8,7.8,41.8,0.0,38,"East Oroville, Okanogan County",330146,East Oroville,2017-12-11 06:21:28.832196
2010-02-27,10:45,41.5,,40.7,97.1,0.73,SE@3.8,6.0,41.8,0.0,71,"East Oroville, Okanogan County",330146,East Oroville,2017-12-11 06:21:28.832196
2010-02-27,11:00,42.1,,41.4,97.3,0.71,S@3.3,5.3,41.8,0.0,134,"East Oroville, Okanogan County",330146,East Oroville,2017-12-11 06:21:28.832196
2010-02-27,11:15,43.1,,42.0,95.9,0.66,S@3.4,4.9,41.8,0.0,213,"East Oroville, Okanogan County",330146,East Oroville,2017-12-11 06:21:28.832196
2010-02-27,11:30,43.7,,42.3,95.1,0.57,S@4.0,6.4,41.9,0.0,234,"East Oroville, Okanogan County",330146,East Oroville,2017-12-11 06:21:28.832196
2010-02-27,11:45,44.5,,43.0,94.1,0.39,S@3.6,5.3,41.9,0.0,390,"East Oroville, Okanogan County",330146,East Oroville,2017-12-11 06:21:28.832196
2010-02-27,12:00,46.1,,43.1,89.2,0.06,S@2.6,5.3,41.9,0.0,305,"East Oroville, Okanogan County",330146,East Oroville,2017-12-11 06:21:28.832196
2010-02-27,12:15,47.7,,43.1,83.8,0.0,N@1.9,3.9,41.9,0.0,532,"East Oroville, Okanogan County",330146,East Oroville,2017-12-11 06:21:28.832196
2010-02-27,12:30,48.9,,43.3,80.9,0.0,S@2.4,4.9,41.9,0.0,525,"East Oroville, Okanogan County",330146,East Oroville,2017-12-11 06:21:28.832196
2010-02-27,12:45,50.6,,43.9,77.6,0.0,S@3.3,7.8,42.0,0.0,577,"East Oroville, Okanogan County",330146,East Oroville,2017-12-11 06:21:28.832196
2010-02-27,13:00,51.3,,43.5,74.6,0.0,S@6.2,10.7,42.0,0.0,688,"East Oroville, Okanogan County",330146,East Oroville,2017-12-11 06:21:28.832196
2010-02-27,13:15,52.3,,43.2,71.1,0.0,SW@6.0,9.6,42.1,0.0,690,"East Oroville, Okanogan County",330146,East Oroville,2017-12-11 06:21:28.832196
2010-02-27,13:30,52.9,,43.2,69.5,0.0,SW@5.8,9.2,42.1,0.0,659,"East Oroville, Okanogan County",330146,East Oroville,2017-12-11 06:21:28.832196
2010-02-27,13:45,53.0,,43.1,68.9,0.0,SW@5.4,9.6,42.2,0.0,558,"East Oroville, Okanogan County",330146,East Oroville,2017-12-11 06:21:28.832196
2010-02-27,14:00,53.0,,42.9,68.6,0.0,S@6.1,9.6,42.3,0.0,515,"East Oroville, Okanogan County",330146,East Oroville,2017-12-11 06:21:28.832196
2010-02-27,14:15,53.3,,43.2,68.2,0.0,S@6.1,8.9,42.5,0.0,490,"East Oroville, Okanogan County",330146,East Oroville,2017-12-11 06:21:28.832196
2010-02-27,14:30,53.9,,43.5,67.8,0.0,S@6.5,11.0,42.6,0.0,466,"East Oroville, Okanogan County",330146,East Oroville,2017-12-11 06:21:28.832196
2010-02-27,14:45,53.8,,43.4,67.6,0.0,S@7.3,11.4,42.8,0.0,437,"East Oroville, Okanogan County",330146,East Oroville,2017-12-11 06:21:28.832196
2010-02-27,15:00,53.8,,43.0,66.7,0.0,S@7.9,12.8,43.0,0.0,384,"East Oroville, Okanogan County",330146,East Oroville,2017-12-11 06:21:28.832196
2010-02-27,15:15,52.8,,42.2,67.0,0.0,S@8.1,12.1,43.2,0.0,304,"East Oroville, Okanogan County",330146,East Oroville,2017-12-11 06:21:28.832196
2010-02-27,15:30,52.5,,42.1,67.6,0.0,S@7.4,11.0,43.4,0.0,254,"East Oroville, Okanogan County",330146,East Oroville,2017-12-11 06:21:28.832196
2010-02-27,15:45,53.1,,42.1,66.1,0.0,S@7.4,11.4,43.6,0.0,308,"East Oroville, Okanogan County",330146,East Oroville,2017-12-11 06:21:28.832196
2010-02-27,16:00,53.2,,42.1,65.8,0.0,S@7.6,12.8,43.8,0.0,273,"East Oroville, Okanogan County",330146,East Oroville,2017-12-11 06:21:28.832196
2010-02-27,16:15,52.1,,41.5,67.1,0.0,S@8.9,13.5,44.1,0.0,211,"East Oroville, Okanogan County",330146,East Oroville,2017-12-11 06:21:28.832196
2010-02-27,16:30,51.9,,41.4,67.1,0.0,S@7.9,12.4,44.3,0.0,180,"East Oroville, Okanogan County",330146,East Oroville,2017-12-11 06:21:28.832196
2010-02-27,16:45,51.5,,41.6,68.6,0.0,S@7.3,12.4,44.4,0.0,152,"East Oroville, Okanogan County",330146,East Oroville,2017-12-11 06:21:28.832196
2010-02-27,17:00,51.5,,41.4,68.2,0.0,S@6.2,10.3,44.6,0.0,107,"East Oroville, Okanogan County",330146,East Oroville,2017-12-11 06:21:28.832196
2010-02-27,17:15,50.2,,40.6,69.3,0.0,S@5.6,8.9,44.8,0.0,42,"East Oroville, Okanogan County",330146,East Oroville,2017-12-11 06:21:28.832196
2010-02-27,17:30,49.8,,40.2,69.4,0.0,S@3.3,6.0,45.0,0.0,24,"East Oroville, Okanogan County",330146,East Oroville,2017-12-11 06:21:28.832196
2010-02-27,17:45,48.8,,39.8,71.0,0.0,E@2.2,3.5,45.1,0.0,6,"East Oroville, Okanogan County",330146,East Oroville,2017-12-11 06:21:28.832196
2010-02-27,18:00,48.1,,39.9,73.0,0.0,NE@2.4,4.6,45.3,0.0,1,"East Oroville, Okanogan County",330146,East Oroville,2017-12-11 06:21:28.832196
2010-02-27,18:15,47.6,,39.8,74.0,0.0,NE@2.2,4.2,45.4,0.0,0,"East Oroville, Okanogan County",330146,East Oroville,2017-12-11 06:21:28.832196
2010-02-27,18:30,46.8,,39.9,76.8,0.0,E@4.0,8.5,45.5,0.0,0,"East Oroville, Okanogan County",330146,East Oroville,2017-12-11 06:21:28.832196
2010-02-27,18:45,47.0,,39.6,75.1,0.0,E@6.3,9.2,45.6,0.0,0,"East Oroville, Okanogan County",330146,East Oroville,2017-12-11 06:21:28.832196
2010-02-27,19:00,47.0,,39.1,74.0,0.0,E@5.2,8.9,45.7,0.0,0,"East Oroville, Okanogan County",330146,East Oroville,2017-12-11 06:21:28.832196
2010-02-27,19:15,45.4,,38.6,77.1,0.0,E@5.1,8.9,45.7,0.0,0,"East Oroville, Okanogan County",330146,East Oroville,2017-12-11 06:21:28.832196
2010-02-27,19:30,44.4,,38.2,78.5,0.0,E@5.5,8.5,45.8,0.0,0,"East Oroville, Okanogan County",330146,East Oroville,2017-12-11 06:21:28.832196
2010-02-27,19:45,44.9,,38.6,78.2,0.0,E@4.6,6.7,45.8,0.0,0,"East Oroville, Okanogan County",330146,East Oroville,2017-12-11 06:21:28.832196
2010-02-27,20:00,44.3,,38.3,79.2,0.0,E@4.7,7.1,45.8,0.0,0,"East Oroville, Okanogan County",330146,East Oroville,2017-12-11 06:21:28.832196
2010-02-27,20:15,44.5,,38.2,78.2,0.0,E@4.4,6.7,45.9,0.0,0,"East Oroville, Okanogan County",330146,East Oroville,2017-12-11 06:21:28.832196
2010-02-27,20:30,44.0,,37.8,78.8,0.0,E@5.1,7.4,45.9,0.0,0,"East Oroville, Okanogan County",330146,East Oroville,2017-12-11 06:21:28.832196
2010-02-27,20:45,43.3,,37.6,80.3,0.0,E@5.1,6.7,45.8,0.0,0,"East Oroville, Okanogan County",330146,East Oroville,2017-12-11 06:21:28.832196
2010-02-27,21:00,43.1,,37.5,80.6,0.0,E@4.6,7.1,45.8,0.0,0,"East Oroville, Okanogan County",330146,East Oroville,2017-12-11 06:21:28.832196
2010-02-27,21:15,42.4,,37.3,82.0,0.0,E@5.3,8.2,45.8,0.0,0,"East Oroville, Okanogan County",330146,East Oroville,2017-12-11 06:21:28.832196
2010-02-27,21:30,42.1,,36.7,81.1,0.0,E@5.4,8.5,45.8,0.0,0,"East Oroville, Okanogan County",330146,East Oroville,2017-12-11 06:21:28.832196
2010-02-27,21:45,42.8,,36.9,79.6,0.0,E@5.3,7.8,45.7,0.0,0,"East Oroville, Okanogan County",330146,East Oroville,2017-12-11 06:21:28.832196
2010-02-27,22:00,42.8,,36.4,77.9,0.0,E@5.5,7.8,45.7,0.0,0,"East Oroville, Okanogan County",330146,East Oroville,2017-12-11 06:21:28.832196
2010-02-27,22:15,42.6,,36.3,78.2,0.0,E@4.7,7.8,45.6,0.0,0,"East Oroville, Okanogan County",330146,East Oroville,2017-12-11 06:21:28.832196
2010-02-27,22:30,42.1,,36.3,79.8,0.0,E@5.0,8.9,45.6,0.0,0,"East Oroville, Okanogan County",330146,East Oroville,2017-12-11 06:21:28.832196
2010-02-27,22:45,41.6,,36.4,81.5,0.0,E@4.8,7.1,45.5,0.0,0,"East Oroville, Okanogan County",330146,East Oroville,2017-12-11 06:21:28.832196
2010-02-27,23:00,41.3,,36.3,82.1,0.0,E@5.6,7.8,45.4,0.0,0,"East Oroville, Okanogan County",330146,East Oroville,2017-12-11 06:21:28.832196
2010-02-27,23:15,41.0,,36.2,82.8,0.0,E@5.3,7.8,45.4,0.0,0,"East Oroville, Okanogan County",330146,East Oroville,2017-12-11 06:21:28.832196
2010-02-27,23:30,40.4,,35.5,82.6,0.0,E@5.6,7.8,45.3,0.0,0,"East Oroville, Okanogan County",330146,East Oroville,2017-12-11 06:21:28.832196
2010-02-27,23:45,40.6,,35.4,81.5,0.0,E@4.3,6.4,45.2,0.0,0,"East Oroville, Okanogan County",330146,East Oroville,2017-12-11 06:21:28.832196
2010-02-27,24:00,40.2,,35.0,81.8,0.0,SE@4.2,5.7,45.2,0.0,0,"East Oroville, Okanogan County",330146,East Oroville,2017-12-11 06:21:28.832196
2010-02-28,00:15,40.3,,35.1,81.5,0.0,E@3.2,5.3,45.1,0.0,0,"East Oroville, Okanogan County",330146,East Oroville,2017-12-11 06:21:28.832196
2010-02-28,00:30,40.6,,35.4,81.4,0.0,E@3.3,4.9,45.0,0.0,0,"East Oroville, Okanogan County",330146,East Oroville,2017-12-11 06:21:28.832196
2010-02-28,00:45,39.8,,34.7,81.9,0.0,E@4.0,4.9,44.9,0.0,0,"East Oroville, Okanogan County",330146,East Oroville,2017-12-11 06:21:28.832196
2010-02-28,01:00,39.5,,34.6,82.4,0.0,E@3.8,5.3,44.9,0.0,0,"East Oroville, Okanogan County",330146,East Oroville,2017-12-11 06:21:28.832196
2010-02-28,01:15,40.3,,34.9,80.8,0.0,E@3.6,6.0,44.8,0.0,0,"East Oroville, Okanogan County",330146,East Oroville,2017-12-11 06:21:28.832196
2010-02-28,01:30,38.7,,34.3,84.0,0.0,E@4.1,6.4,44.7,0.0,0,"East Oroville, Okanogan County",330146,East Oroville,2017-12-11 06:21:28.832196
2010-02-28,01:45,39.3,,34.4,82.5,0.0,E@3.1,4.2,44.6,0.0,0,"East Oroville, Okanogan County",330146,East Oroville,2017-12-11 06:21:28.832196
2010-02-28,02:00,39.1,,34.2,82.3,0.0,E@3.2,4.2,44.5,0.0,0,"East Oroville, Okanogan County",330146,East Oroville,2017-12-11 06:21:28.832196
2010-02-28,02:15,39.1,,34.3,82.7,0.0,E@3.6,4.9,44.4,0.0,0,"East Oroville, Okanogan County",330146,East Oroville,2017-12-11 06:21:28.832196
2010-02-28,02:30,38.4,,34.0,83.9,0.0,E@3.5,4.9,44.3,0.0,0,"East Oroville, Okanogan County",330146,East Oroville,2017-12-11 06:21:28.832196
2010-02-28,02:45,38.3,,33.8,83.7,0.0,NE@2.3,3.9,44.2,0.0,0,"East Oroville, Okanogan County",330146,East Oroville,2017-12-11 06:21:28.832196
2010-02-28,03:00,39.0,,34.0,81.8,0.0,E@3.3,4.2,44.2,0.0,0,"East Oroville, Okanogan County",330146,East Oroville,2017-12-11 06:21:28.832196
2010-02-28,03:15,37.5,,33.1,84.0,0.0,E@2.8,3.9,44.1,0.0,0,"East Oroville, Okanogan County",330146,East Oroville,2017-12-11 06:21:28.832196
2010-02-28,03:30,37.5,,33.6,85.5,0.0,E@1.2,2.4,44.0,0.0,0,"East Oroville, Okanogan County",330146,East Oroville,2017-12-11 06:21:28.832196
2010-02-28,03:45,37.5,,33.8,86.3,0.01,E@2.7,4.9,43.9,0.0,0,"East Oroville, Okanogan County",330146,East Oroville,2017-12-11 06:21:28.832196
2010-02-28,04:00,38.1,,34.7,87.4,0.0,E@2.9,3.9,43.8,0.0,0,"East Oroville, Okanogan County",330146,East Oroville,2017-12-11 06:21:28.832196
2010-02-28,04:15,37.9,,35.0,89.2,0.0,E@1.6,3.9,43.7,0.0,0,"East Oroville, Okanogan County",330146,East Oroville,2017-12-11 06:21:28.832196
2010-02-28,04:30,37.7,,34.9,89.6,0.0,NE@2.3,3.9,43.6,0.0,0,"East Oroville, Okanogan County",330146,East Oroville,2017-12-11 06:21:28.832196
2010-02-28,04:45,38.1,,34.7,87.4,0.0,SE@1.2,2.8,43.5,0.0,0,"East Oroville, Okanogan County",330146,East Oroville,2017-12-11 06:21:28.832196
2010-02-28,05:00,37.2,,34.2,88.8,0.0,NE@2.3,3.5,43.4,0.0,0,"East Oroville, Okanogan County",330146,East Oroville,2017-12-11 06:21:28.832196
2010-02-28,05:15,37.0,,34.1,89.4,0.0,NE@2.1,3.1,43.3,0.0,0,"East Oroville, Okanogan County",330146,East Oroville,2017-12-11 06:21:28.832196
2010-02-28,05:30,37.3,,34.3,88.7,0.0,E@1.6,2.4,43.2,0.0,0,"East Oroville, Okanogan County",330146,East Oroville,2017-12-11 06:21:28.832196
2010-02-28,05:45,37.5,,34.6,89.0,0.0,E@0.1,1.4,43.1,0.0,0,"East Oroville, Okanogan County",330146,East Oroville,2017-12-11 06:21:28.832196
2010-02-28,06:00,36.9,,34.3,90.2,0.0,NW@0.3,2.4,43.0,0.0,0,"East Oroville, Okanogan County",330146,East Oroville,2017-12-11 06:21:28.832196
2010-02-28,06:15,36.3,,34.3,92.2,0.01,E@2.3,3.9,42.9,0.0,0,"East Oroville, Okanogan County",330146,East Oroville,2017-12-11 06:21:28.832196
2010-02-28,06:30,36.7,,34.2,90.5,0.01,E@2.5,3.9,42.8,0.0,1,"East Oroville, Okanogan County",330146,East Oroville,2017-12-11 06:21:28.832196
2010-02-28,06:45,36.3,,33.3,88.9,0.01,NE@2.1,3.5,42.8,0.0,4,"East Oroville, Okanogan County",330146,East Oroville,2017-12-11 06:21:28.832196
2010-02-28,07:00,36.5,,33.0,86.9,0.01,SE@2.0,3.9,42.7,0.0,11,"East Oroville, Okanogan County",330146,East Oroville,2017-12-11 06:21:28.832196
2010-02-28,07:15,37.2,,33.8,87.5,0.01,E@2.7,4.2,42.6,0.0,20,"East Oroville, Okanogan County",330146,East Oroville,2017-12-11 06:21:28.832196
2010-02-28,07:30,37.4,,34.2,88.0,0.01,E@1.8,4.2,42.5,0.0,50,"East Oroville, Okanogan County",330146,East Oroville,2017-12-11 06:21:28.832196
2010-02-28,07:45,39.1,,34.9,84.7,0.0,E@2.0,3.9,42.5,0.0,148,"East Oroville, Okanogan County",330146,East Oroville,2017-12-11 06:21:28.832196
2010-02-28,08:00,40.3,,35.4,82.4,0.0,SW@1.4,3.5,42.4,0.0,192,"East Oroville, Okanogan County",330146,East Oroville,2017-12-11 06:21:28.832196
2010-02-28,08:15,40.2,,35.3,82.5,0.0,SW@1.8,3.5,42.3,0.0,204,"East Oroville, Okanogan County",330146,East Oroville,2017-12-11 06:21:28.832196
2010-02-28,08:30,41.3,,35.8,80.6,0.0,SW@1.5,4.6,42.3,0.0,308,"East Oroville, Okanogan County",330146,East Oroville,2017-12-11 06:21:28.832196
2010-02-28,08:45,42.0,,36.4,80.5,0.0,S@1.8,4.2,42.2,0.0,299,"East Oroville, Okanogan County",330146,East Oroville,2017-12-11 06:21:28.832196
2010-02-28,09:00,42.5,,36.7,79.7,0.0,S@2.3,4.6,42.1,0.0,363,"East Oroville, Okanogan County",330146,East Oroville,2017-12-11 06:21:28.832196
2010-02-28,09:15,43.3,,37.1,78.5,0.0,SE@3.3,6.4,42.0,0.0,474,"East Oroville, Okanogan County",330146,East Oroville,2017-12-11 06:21:28.832196
2010-02-28,09:30,42.6,,37.1,80.5,0.0,S@3.2,4.9,42.0,0.0,247,"East Oroville, Okanogan County",330146,East Oroville,2017-12-11 06:21:28.832196
2010-02-28,09:45,42.3,,37.3,82.1,0.0,SW@2.4,5.3,42.0,0.0,295,"East Oroville, Okanogan County",330146,East Oroville,2017-12-11 06:21:28.832196
2010-02-28,10:00,44.4,,37.7,77.2,0.0,SE@2.6,4.9,41.9,0.0,401,"East Oroville, Okanogan County",330146,East Oroville,2017-12-11 06:21:28.832196
2010-02-28,10:15,44.7,,37.6,76.0,0.0,SW@3.6,6.0,41.9,0.0,364,"East Oroville, Okanogan County",330146,East Oroville,2017-12-11 06:21:28.832196
2010-02-28,10:30,45.1,,38.0,76.0,0.0,S@4.3,7.1,41.9,0.0,388,"East Oroville, Okanogan County",330146,East Oroville,2017-12-11 06:21:28.832196
2010-02-28,10:45,45.8,,38.3,74.9,0.0,S@5.2,8.5,41.9,0.0,450,"East Oroville, Okanogan County",330146,East Oroville,2017-12-11 06:21:28.832196
2010-02-28,11:00,47.3,,38.5,71.2,0.0,S@5.8,8.9,42.0,0.0,589,"East Oroville, Okanogan County",330146,East Oroville,2017-12-11 06:21:28.832196
2010-02-28,11:15,47.5,,38.4,70.5,0.0,S@7.0,10.7,42.0,0.0,526,"East Oroville, Okanogan County",330146,East Oroville,2017-12-11 06:21:28.832196
2010-02-28,11:30,47.8,,38.5,70.0,0.0,S@7.4,11.0,42.1,0.0,510,"East Oroville, Okanogan County",330146,East Oroville,2017-12-11 06:21:28.832196
2010-02-28,11:45,47.8,,38.3,69.3,0.0,S@7.7,10.7,42.2,0.0,565,"East Oroville, Okanogan County",330146,East Oroville,2017-12-11 06:21:28.832196
2010-02-28,12:00,48.3,,38.5,68.8,0.0,S@8.4,12.1,42.3,0.0,577,"East Oroville, Okanogan County",330146,East Oroville,2017-12-11 06:21:28.832196
2010-02-28,12:15,49.5,,39.0,66.9,0.0,S@7.0,10.7,42.4,0.0,610,"East Oroville, Okanogan County",330146,East Oroville,2017-12-11 06:21:28.832196
2010-02-28,12:30,49.9,,39.0,66.0,0.0,S@7.0,10.3,42.5,0.0,588,"East Oroville, Okanogan County",330146,East Oroville,2017-12-11 06:21:28.832196
2010-02-28,12:45,49.7,,38.9,66.3,0.0,S@7.6,11.4,42.7,0.0,519,"East Oroville, Okanogan County",330146,East Oroville,2017-12-11 06:21:28.832196
2010-02-28,13:00,50.0,,39.0,65.8,0.0,S@7.4,11.4,42.8,0.0,466,"East Oroville, Okanogan County",330146,East Oroville,2017-12-11 06:21:28.832196
2010-02-28,13:15,50.4,,39.6,66.3,0.0,S@9.1,13.9,43.0,0.0,586,"East Oroville, Okanogan County",330146,East Oroville,2017-12-11 06:21:28.832196
2010-02-28,13:30,50.7,,39.8,65.9,0.0,S@9.9,14.2,43.1,0.0,582,"East Oroville, Okanogan County",330146,East Oroville,2017-12-11 06:21:28.832196
2010-02-28,13:45,50.7,,39.7,65.8,0.0,S@10.3,15.3,43.3,0.0,569,"East Oroville, Okanogan County",330146,East Oroville,2017-12-11 06:21:28.832196
2010-02-28,14:00,50.8,,39.7,65.6,0.0,S@8.7,14.6,43.5,0.0,477,"East Oroville, Okanogan County",330146,East Oroville,2017-12-11 06:21:28.832196
2010-02-28,14:15,51.3,,39.8,64.6,0.0,S@8.9,13.5,43.7,0.0,559,"East Oroville, Okanogan County",330146,East Oroville,2017-12-11 06:21:28.832196
2010-02-28,14:30,52.1,,40.2,63.7,0.0,S@8.4,15.7,43.9,0.0,591,"East Oroville, Okanogan County",330146,East Oroville,2017-12-11 06:21:28.832196
2010-02-28,14:45,51.4,,40.0,64.7,0.0,S@8.5,12.1,44.1,0.0,415,"East Oroville, Okanogan County",330146,East Oroville,2017-12-11 06:21:28.832196
2010-02-28,15:00,50.7,,39.9,66.3,0.0,S@8.0,13.5,44.2,0.0,348,"East Oroville, Okanogan County",330146,East Oroville,2017-12-11 06:21:28.832196
2010-02-28,15:15,51.7,,40.2,64.6,0.0,S@7.9,11.7,44.4,0.0,404,"East Oroville, Okanogan County",330146,East Oroville,2017-12-11 06:21:28.832196
2010-02-28,15:30,51.4,,40.0,64.9,0.0,S@6.7,11.0,44.6,0.0,319,"East Oroville, Okanogan County",330146,East Oroville,2017-12-11 06:21:28.832196
2010-02-28,15:45,51.0,,39.8,65.5,0.0,S@5.3,8.9,44.8,0.0,233,"East Oroville, Okanogan County",330146,East Oroville,2017-12-11 06:21:28.832196
2010-02-28,16:00,50.4,,39.8,66.7,0.0,S@5.6,8.5,45.0,0.0,159,"East Oroville, Okanogan County",330146,East Oroville,2017-12-11 06:21:28.832196
2010-02-28,16:15,50.7,,39.8,66.1,0.0,S@4.3,7.1,45.2,0.0,229,"East Oroville, Okanogan County",330146,East Oroville,2017-12-11 06:21:28.832196
2010-02-28,16:30,51.4,,40.0,64.9,0.0,S@4.8,7.1,45.4,0.0,229,"East Oroville, Okanogan County",330146,East Oroville,2017-12-11 06:21:28.832196
2010-02-28,16:45,50.7,,39.9,66.3,0.0,S@4.2,7.1,45.6,0.0,135,"East Oroville, Okanogan County",330146,East Oroville,2017-12-11 06:21:28.832196
2010-02-28,17:00,50.6,,40.0,67.0,0.0,SE@3.6,7.1,45.7,0.0,125,"East Oroville, Okanogan County",330146,East Oroville,2017-12-11 06:21:28.832196
2010-02-28,17:15,50.1,,39.8,67.6,0.0,SE@2.8,4.6,45.9,0.0,55,"East Oroville, Okanogan County",330146,East Oroville,2017-12-11 06:21:28.832196
2010-02-28,17:30,48.7,,39.5,70.1,0.0,SE@2.3,4.9,46.0,0.0,17,"East Oroville, Okanogan County",330146,East Oroville,2017-12-11 06:21:28.832196
2010-02-28,17:45,47.8,,39.2,71.9,0.0,E@2.7,5.3,46.2,0.0,6,"East Oroville, Okanogan County",330146,East Oroville,2017-12-11 06:21:28.832196
2010-02-28,18:00,47.4,,39.4,73.4,0.0,E@1.4,3.5,46.3,0.0,1,"East Oroville, Okanogan County",330146,East Oroville,2017-12-11 06:21:28.832196
2010-02-28,18:15,46.9,,39.3,74.8,0.0,E@2.5,4.6,46.4,0.0,0,"East Oroville, Okanogan County",330146,East Oroville,2017-12-11 06:21:28.832196
2010-02-28,18:30,46.2,,39.1,75.9,0.0,E@2.9,4.6,46.5,0.0,0,"East Oroville, Okanogan County",330146,East Oroville,2017-12-11 06:21:28.832196
2010-02-28,18:45,45.6,,39.1,77.7,0.0,NE@2.8,4.2,46.6,0.0,0,"East Oroville, Okanogan County",330146,East Oroville,2017-12-11 06:21:28.832196
2010-02-28,19:00,46.5,,39.1,75.0,0.0,E@3.7,6.7,46.6,0.0,0,"East Oroville, Okanogan County",330146,East Oroville,2017-12-11 06:21:28.832196
2010-02-28,19:15,46.6,,38.8,74.1,0.0,E@3.2,6.0,46.7,0.0,0,"East Oroville, Okanogan County",330146,East Oroville,2017-12-11 06:21:28.832196
2010-02-28,19:30,46.2,,38.3,73.8,0.0,E@2.4,4.9,46.7,0.0,0,"East Oroville, Okanogan County",330146,East Oroville,2017-12-11 06:21:28.832196
2010-02-28,19:45,44.7,,37.9,76.8,0.0,NE@3.6,6.4,46.7,0.0,0,"East Oroville, Okanogan County",330146,East Oroville,2017-12-11 06:21:28.832196
2010-02-28,20:00,44.6,,37.7,76.7,0.0,NE@3.0,4.6,46.7,0.0,0,"East Oroville, Okanogan County",330146,East Oroville,2017-12-11 06:21:28.832196
2010-02-28,20:15,43.5,,36.8,77.0,0.0,E@4.7,7.8,46.7,0.0,0,"East Oroville, Okanogan County",330146,East Oroville,2017-12-11 06:21:28.832196
2010-02-28,20:30,42.9,,36.2,76.9,0.0,E@5.1,7.4,46.7,0.0,0,"East Oroville, Okanogan County",330146,East Oroville,2017-12-11 06:21:28.832196
2010-02-28,20:45,43.5,,36.5,76.2,0.0,E@5.5,8.5,46.7,0.0,0,"East Oroville, Okanogan County",330146,East Oroville,2017-12-11 06:21:28.832196
2010-02-28,21:00,43.7,,35.8,73.3,0.0,E@5.0,7.8,46.6,0.0,0,"East Oroville, Okanogan County",330146,East Oroville,2017-12-11 06:21:28.832196
2010-02-28,21:15,42.3,,35.3,75.9,0.0,SE@4.8,6.7,46.6,0.0,0,"East Oroville, Okanogan County",330146,East Oroville,2017-12-11 06:21:28.832196
2010-02-28,21:30,41.7,,35.2,77.3,0.0,E@3.7,5.7,46.6,0.0,0,"East Oroville, Okanogan County",330146,East Oroville,2017-12-11 06:21:28.832196
2010-02-28,21:45,42.5,,35.3,75.4,0.0,E@4.0,5.7,46.5,0.0,0,"East Oroville, Okanogan County",330146,East Oroville,2017-12-11 06:21:28.832196
2010-02-28,22:00,42.8,,35.4,74.9,0.0,E@4.5,6.7,46.4,0.0,0,"East Oroville, Okanogan County",330146,East Oroville,2017-12-11 06:21:28.832196
2010-02-28,22:15,41.9,,35.0,76.1,0.0,E@4.6,6.4,46.4,0.0,0,"East Oroville, Okanogan County",330146,East Oroville,2017-12-11 06:21:28.832196
2010-02-28,22:30,41.7,,34.9,76.5,0.0,E@4.1,6.0,46.3,0.0,0,"East Oroville, Okanogan County",330146,East Oroville,2017-12-11 06:21:28.832196
2010-02-28,22:45,42.2,,34.9,75.0,0.0,E@4.2,6.7,46.2,0.0,0,"East Oroville, Okanogan County",330146,East Oroville,2017-12-11 06:21:28.832196
2010-02-28,23:00,42.1,,35.3,76.5,0.0,SE@4.8,7.1,46.1,0.0,0,"East Oroville, Okanogan County",330146,East Oroville,2017-12-11 06:21:28.832196
2010-02-28,23:15,42.1,,35.4,76.9,0.0,SE@4.1,6.4,46.1,0.0,0,"East Oroville, Okanogan County",330146,East Oroville,2017-12-11 06:21:28.832196
2010-02-28,23:30,42.0,,34.3,73.9,0.0,SE@4.9,7.1,46.0,0.0,0,"East Oroville, Okanogan County",330146,East Oroville,2017-12-11 06:21:28.832196
2010-02-28,23:45,39.8,,35.4,84.0,0.0,SE@3.8,7.1,45.9,0.0,0,"East Oroville, Okanogan County",330146,East Oroville,2017-12-11 06:21:28.832196
2010-02-28,24:00,40.2,,36.2,85.5,0.0,E@4.1,8.9,45.8,0.0,0,"East Oroville, Okanogan County",330146,East Oroville,2017-12-11 06:21:28.832196
2010-03-01,00:15,41.3,,35.9,80.8,0.0,E@4.9,7.4,45.7,0.0,0,"East Oroville, Okanogan County",330146,East Oroville,2017-12-11 06:21:28.832196
2010-03-01,00:30,43.3,,35.6,74.0,0.0,E@4.4,7.1,45.6,0.0,0,"East Oroville, Okanogan County",330146,East Oroville,2017-12-11 06:21:28.832196
2010-03-01,00:45,40.2,,35.0,81.7,0.0,SE@4.0,6.7,45.6,0.0,0,"East Oroville, Okanogan County",330146,East Oroville,2017-12-11 06:21:28.832196
2010-03-01,01:00,39.1,,35.5,86.9,0.0,E@4.0,6.0,45.5,0.0,0,"East Oroville, Okanogan County",330146,East Oroville,2017-12-11 06:21:28.832196
2010-03-01,01:15,40.4,,35.9,83.7,0.0,E@4.4,6.4,45.4,0.0,0,"East Oroville, Okanogan County",330146,East Oroville,2017-12-11 06:21:28.832196
2010-03-01,01:30,40.9,,36.0,82.6,0.0,E@4.2,7.8,45.3,0.0,0,"East Oroville, Okanogan County",330146,East Oroville,2017-12-11 06:21:28.832196
2010-03-01,01:45,41.3,,36.1,81.6,0.0,E@3.3,5.7,45.2,0.0,0,"East Oroville, Okanogan County",330146,East Oroville,2017-12-11 06:21:28.832196
2010-03-01,02:00,41.4,,36.0,81.0,0.0,SE@1.7,3.1,45.1,0.0,0,"East Oroville, Okanogan County",330146,East Oroville,2017-12-11 06:21:28.832196
2010-03-01,02:15,39.3,,35.3,85.7,0.0,E@3.3,4.9,45.0,0.0,0,"East Oroville, Okanogan County",330146,East Oroville,2017-12-11 06:21:28.832196
2010-03-01,02:30,40.2,,35.6,83.5,0.0,E@3.4,6.0,45.0,0.0,0,"East Oroville, Okanogan County",330146,East Oroville,2017-12-11 06:21:28.832196
2010-03-01,02:45,41.3,,35.7,80.2,0.0,E@3.7,6.0,44.9,0.0,0,"East Oroville, Okanogan County",330146,East Oroville,2017-12-11 06:21:28.832196
2010-03-01,03:00,40.7,,35.5,81.5,0.0,SE@4.1,7.1,44.8,0.0,0,"East Oroville, Okanogan County",330146,East Oroville,2017-12-11 06:21:28.832196
2010-03-01,03:15,40.0,,35.3,83.2,0.0,SE@3.1,5.7,44.7,0.0,0,"East Oroville, Okanogan County",330146,East Oroville,2017-12-11 06:21:28.832196
2010-03-01,03:30,39.9,,35.2,83.1,0.0,SE@3.2,7.8,44.6,0.0,0,"East Oroville, Okanogan County",330146,East Oroville,2017-12-11 06:21:28.832196
2010-03-01,03:45,40.3,,35.2,82.0,0.0,SE@2.3,5.7,44.6,0.0,0,"East Oroville, Okanogan County",330146,East Oroville,2017-12-11 06:21:28.832196
2010-03-01,04:00,40.1,,35.2,82.4,0.0,E@3.8,7.1,44.5,0.0,0,"East Oroville, Okanogan County",330146,East Oroville,2017-12-11 06:21:28.832196
2010-03-01,04:15,40.6,,35.4,81.5,0.0,E@4.3,8.2,44.4,0.0,0,"East Oroville, Okanogan County",330146,East Oroville,2017-12-11 06:21:28.832196
2010-03-01,04:30,39.9,,35.2,83.1,0.0,SE@3.2,7.4,44.4,0.0,0,"East Oroville, Okanogan County",330146,East Oroville,2017-12-11 06:21:28.832196
2010-03-01,04:45,39.2,,35.1,84.8,0.0,SE@2.4,5.3,44.3,0.0,0,"East Oroville, Okanogan County",330146,East Oroville,2017-12-11 06:21:28.832196
2010-03-01,05:00,39.4,,35.3,85.2,0.0,E@3.3,7.4,44.2,0.0,0,"East Oroville, Okanogan County",330146,East Oroville,2017-12-11 06:21:28.832196
2010-03-01,05:15,39.9,,35.4,83.7,0.0,SE@3.8,8.2,44.2,0.0,0,"East Oroville, Okanogan County",330146,East Oroville,2017-12-11 06:21:28.832196
2010-03-01,05:30,40.1,,35.5,83.3,0.0,SE@4.2,7.1,44.1,0.0,0,"East Oroville, Okanogan County",330146,East Oroville,2017-12-11 06:21:28.832196
2010-03-01,05:45,40.1,,35.4,83.3,0.0,SE@4.1,9.2,44.1,0.0,0,"East Oroville, Okanogan County",330146,East Oroville,2017-12-11 06:21:28.832196
2010-03-01,06:00,40.0,,35.5,83.6,0.0,E@4.7,7.8,44.0,0.0,0,"East Oroville, Okanogan County",330146,East Oroville,2017-12-11 06:21:28.832196
2010-03-01,06:15,40.6,,35.6,82.3,0.0,SE@3.8,6.0,43.9,0.0,0,"East Oroville, Okanogan County",330146,East Oroville,2017-12-11 06:21:28.832196
2010-03-01,06:30,40.0,,35.5,83.8,0.0,E@3.8,6.4,43.9,0.0,0,"East Oroville, Okanogan County",330146,East Oroville,2017-12-11 06:21:28.832196
2010-03-01,06:45,39.7,,35.5,84.7,0.0,E@5.5,9.6,43.8,0.0,3,"East Oroville, Okanogan County",330146,East Oroville,2017-12-11 06:21:28.832196
2010-03-01,07:00,39.7,,35.4,84.3,0.0,E@4.9,8.5,43.8,0.0,6,"East Oroville, Okanogan County",330146,East Oroville,2017-12-11 06:21:28.832196
2010-03-01,07:15,39.6,,35.3,84.4,0.0,E@4.6,8.2,43.7,0.0,11,"East Oroville, Okanogan County",330146,East Oroville,2017-12-11 06:21:28.832196
2010-03-01,07:30,39.5,,35.4,85.1,0.0,E@5.5,10.3,43.7,0.0,17,"East Oroville, Okanogan County",330146,East Oroville,2017-12-11 06:21:28.832196
2010-03-01,07:45,39.6,,35.4,84.8,0.0,E@4.7,9.2,43.6,0.0,35,"East Oroville, Okanogan County",330146,East Oroville,2017-12-11 06:21:28.832196
2010-03-01,08:00,40.0,,35.7,84.6,0.0,SE@4.1,7.1,43.6,0.0,73,"East Oroville, Okanogan County",330146,East Oroville,2017-12-11 06:21:28.832196
2010-03-01,08:15,39.9,,36.0,85.9,0.0,SE@3.5,6.4,43.5,0.0,108,"East Oroville, Okanogan County",330146,East Oroville,2017-12-11 06:21:28.832196
2010-03-01,08:30,40.8,,36.2,83.5,0.0,SE@3.1,6.4,43.5,0.0,116,"East Oroville, Okanogan County",330146,East Oroville,2017-12-11 06:21:28.832196
2010-03-01,08:45,41.5,,36.5,82.5,0.0,SE@3.3,7.1,43.4,0.0,174,"East Oroville, Okanogan County",330146,East Oroville,2017-12-11 06:21:28.832196
2010-03-01,09:00,43.0,,36.8,78.5,0.0,SE@2.4,8.2,43.4,0.0,278,"East Oroville, Okanogan County",330146,East Oroville,2017-12-11 06:21:28.832196
2010-03-01,09:15,44.2,,37.4,76.9,0.0,S@4.0,7.8,43.3,0.0,360,"East Oroville, Okanogan County",330146,East Oroville,2017-12-11 06:21:28.832196
2010-03-01,09:30,45.4,,37.6,74.0,0.0,SE@3.7,6.4,43.3,0.0,423,"East Oroville, Okanogan County",330146,East Oroville,2017-12-11 06:21:28.832196
2010-03-01,09:45,47.2,,38.0,70.3,0.0,SE@4.3,8.5,43.3,0.0,469,"East Oroville, Okanogan County",330146,East Oroville,2017-12-11 06:21:28.832196
2010-03-01,10:00,48.2,,38.5,68.8,0.0,SE@4.1,6.7,43.2,0.0,505,"East Oroville, Okanogan County",330146,East Oroville,2017-12-11 06:21:28.832196
2010-03-01,10:15,49.4,,39.0,67.3,0.0,SE@4.6,8.2,43.2,0.0,449,"East Oroville, Okanogan County",330146,East Oroville,2017-12-11 06:21:28.832196
2010-03-01,10:30,50.1,,39.3,66.1,0.0,S@5.1,8.2,43.2,0.0,431,"East Oroville, Okanogan County",330146,East Oroville,2017-12-11 06:21:28.832196
2010-03-01,10:45,50.3,,39.7,66.9,0.0,S@5.8,8.2,43.2,0.0,433,"East Oroville, Okanogan County",330146,East Oroville,2017-12-11 06:21:28.832196
2010-03-01,11:00,51.6,,40.5,65.5,0.0,S@6.2,8.9,43.3,0.0,531,"East Oroville, Okanogan County",330146,East Oroville,2017-12-11 06:21:28.832196
2010-03-01,11:15,52.5,,40.5,63.4,0.0,S@5.9,10.3,43.3,0.0,445,"East Oroville, Okanogan County",330146,East Oroville,2017-12-11 06:21:28.832196
2010-03-01,11:30,53.7,,40.1,59.8,0.0,SE@5.0,8.5,43.4,0.0,381,"East Oroville, Okanogan County",330146,East Oroville,2017-12-11 06:21:28.832196
2010-03-01,11:45,53.8,,40.0,59.5,0.0,SE@5.4,8.2,43.4,0.0,307,"East Oroville, Okanogan County",330146,East Oroville,2017-12-11 06:21:28.832196
2010-03-01,12:00,54.2,,39.5,57.4,0.0,SE@3.7,8.2,43.5,0.0,276,"East Oroville, Okanogan County",330146,East Oroville,2017-12-11 06:21:28.832196
2010-03-01,12:15,54.5,,39.5,56.8,0.0,S@5.1,9.6,43.6,0.0,272,"East Oroville, Okanogan County",330146,East Oroville,2017-12-11 06:21:28.832196
2010-03-01,12:30,55.2,,38.6,53.4,0.0,S@7.0,11.0,43.7,0.0,287,"East Oroville, Okanogan County",330146,East Oroville,2017-12-11 06:21:28.832196
2010-03-01,12:45,55.8,,38.1,51.3,0.0,S@7.2,11.7,43.9,0.0,289,"East Oroville, Okanogan County",330146,East Oroville,2017-12-11 06:21:28.832196
2010-03-01,13:00,55.5,,37.2,50.0,0.0,S@8.7,13.5,44.0,0.0,268,"East Oroville, Okanogan County",330146,East Oroville,2017-12-11 06:21:28.832196
2010-03-01,13:15,55.6,,36.7,48.9,0.0,S@8.8,12.1,44.2,0.0,275,"East Oroville, Okanogan County",330146,East Oroville,2017-12-11 06:21:28.832196
2010-03-01,13:30,56.0,,37.0,48.8,0.0,S@8.2,12.8,44.3,0.0,289,"East Oroville, Okanogan County",330146,East Oroville,2017-12-11 06:21:28.832196
2010-03-01,13:45,56.2,,37.0,48.4,0.0,S@8.1,12.4,44.4,0.0,335,"East Oroville, Okanogan County",330146,East Oroville,2017-12-11 06:21:28.832196
2010-03-01,14:00,56.9,,37.5,48.0,0.0,S@8.2,13.5,44.6,0.0,347,"East Oroville, Okanogan County",330146,East Oroville,2017-12-11 06:21:28.832196
2010-03-01,14:15,56.4,,37.6,49.2,0.0,S@8.6,13.5,44.7,0.0,268,"East Oroville, Okanogan County",330146,East Oroville,2017-12-11 06:21:28.832196
2010-03-01,14:30,56.2,,37.7,49.8,0.0,S@8.5,13.2,44.9,0.0,270,"East Oroville, Okanogan County",330146,East Oroville,2017-12-11 06:21:28.832196
2010-03-01,14:45,56.1,,37.9,50.2,0.0,S@7.8,11.7,45.0,0.0,221,"East Oroville, Okanogan County",330146,East Oroville,2017-12-11 06:21:28.832196
2010-03-01,15:00,55.8,,37.7,50.4,0.0,S@7.0,11.7,45.2,0.0,187,"East Oroville, Okanogan County",330146,East Oroville,2017-12-11 06:21:28.832196
2010-03-01,15:15,55.8,,38.0,50.9,0.0,S@6.5,12.1,45.3,0.0,179,"East Oroville, Okanogan County",330146,East Oroville,2017-12-11 06:21:28.832196
2010-03-01,15:30,55.8,,38.2,51.3,0.0,S@6.0,8.9,45.4,0.0,152,"East Oroville, Okanogan County",330146,East Oroville,2017-12-11 06:21:28.832196
2010-03-01,15:45,55.8,,38.1,51.2,0.0,S@5.4,8.2,45.6,0.0,157,"East Oroville, Okanogan County",330146,East Oroville,2017-12-11 06:21:28.832196
2010-03-01,16:00,56.2,,38.2,50.7,0.0,S@4.7,7.4,45.7,0.0,166,"East Oroville, Okanogan County",330146,East Oroville,2017-12-11 06:21:28.832196
2010-03-01,16:15,55.9,,37.7,50.4,0.0,S@5.5,7.8,45.8,0.0,137,"East Oroville, Okanogan County",330146,East Oroville,2017-12-11 06:21:28.832196
2010-03-01,16:30,55.7,,37.9,50.9,0.0,SE@3.7,6.4,45.9,0.0,92,"East Oroville, Okanogan County",330146,East Oroville,2017-12-11 06:21:28.832196
2010-03-01,16:45,55.2,,37.9,52.0,0.0,E@2.9,4.2,46.0,0.0,60,"East Oroville, Okanogan County",330146,East Oroville,2017-12-11 06:21:28.832196
2010-03-01,17:00,54.7,,38.3,53.8,0.0,E@3.0,4.6,46.1,0.0,46,"East Oroville, Okanogan County",330146,East Oroville,2017-12-11 06:21:28.832196
2010-03-01,17:15,53.8,,38.7,56.6,0.0,E@1.7,3.5,46.2,0.0,26,"East Oroville, Okanogan County",330146,East Oroville,2017-12-11 06:21:28.832196
2010-03-01,17:30,52.7,,39.0,59.6,0.0,E@4.0,7.4,46.3,0.0,12,"East Oroville, Okanogan County",330146,East Oroville,2017-12-11 06:21:28.832196
2010-03-01,17:45,52.4,,38.6,59.2,0.0,E@4.9,7.8,46.4,0.0,3,"East Oroville, Okanogan County",330146,East Oroville,2017-12-11 06:21:28.832196
2010-03-01,18:00,51.0,,39.1,63.7,0.0,E@6.0,8.9,46.5,0.0,1,"East Oroville, Okanogan County",330146,East Oroville,2017-12-11 06:21:28.832196
2010-03-01,18:15,49.6,,38.9,66.4,0.0,E@6.9,10.3,46.6,0.0,0,"East Oroville, Okanogan County",330146,East Oroville,2017-12-11 06:21:28.832196
2010-03-01,18:30,49.2,,38.3,66.0,0.0,E@6.8,10.3,46.6,0.0,0,"East Oroville, Okanogan County",330146,East Oroville,2017-12-11 06:21:28.832196
2010-03-01,18:45,49.4,,38.2,65.0,0.0,E@5.9,7.8,46.7,0.0,0,"East Oroville, Okanogan County",330146,East Oroville,2017-12-11 06:21:28.832196
2010-03-01,19:00,49.4,,37.6,63.5,0.0,E@6.0,8.5,46.7,0.0,0,"East Oroville, Okanogan County",330146,East Oroville,2017-12-11 06:21:28.832196
2010-03-01,19:15,50.2,,37.3,60.9,0.0,E@5.6,8.9,46.7,0.0,0,"East Oroville, Okanogan County",330146,East Oroville,2017-12-11 06:21:28.832196
2010-03-01,19:30,50.4,,36.6,59.0,0.0,E@5.6,8.5,46.8,0.0,0,"East Oroville, Okanogan County",330146,East Oroville,2017-12-11 06:21:28.832196
2010-03-01,19:45,49.8,,36.6,60.2,0.0,E@5.5,8.2,46.8,0.0,0,"East Oroville, Okanogan County",330146,East Oroville,2017-12-11 06:21:28.832196
2010-03-01,20:00,49.5,,36.7,61.1,0.0,E@5.5,8.9,46.8,0.0,0,"East Oroville, Okanogan County",330146,East Oroville,2017-12-11 06:21:28.832196
2010-03-01,20:15,49.5,,36.4,60.6,0.0,E@5.4,8.2,46.8,0.0,0,"East Oroville, Okanogan County",330146,East Oroville,2017-12-11 06:21:28.832196
2010-03-01,20:30,49.5,,36.4,60.5,0.0,E@5.0,7.1,46.8,0.0,0,"East Oroville, Okanogan County",330146,East Oroville,2017-12-11 06:21:28.832196
2010-03-01,20:45,48.7,,36.5,62.6,0.0,E@5.4,7.8,46.8,0.0,0,"East Oroville, Okanogan County",330146,East Oroville,2017-12-11 06:21:28.832196
2010-03-01,21:00,47.5,,36.6,65.6,0.0,SE@4.8,7.4,46.7,0.0,0,"East Oroville, Okanogan County",330146,East Oroville,2017-12-11 06:21:28.832196
2010-03-01,21:15,48.0,,36.4,64.1,0.0,SE@4.8,7.8,46.7,0.0,0,"East Oroville, Okanogan County",330146,East Oroville,2017-12-11 06:21:28.832196
2010-03-01,21:30,48.5,,36.2,62.3,0.0,E@3.9,5.3,46.7,0.0,0,"East Oroville, Okanogan County",330146,East Oroville,2017-12-11 06:21:28.832196
2010-03-01,21:45,49.0,,36.1,60.8,0.0,E@4.0,5.7,46.7,0.0,0,"East Oroville, Okanogan County",330146,East Oroville,2017-12-11 06:21:28.832196
2010-03-01,22:00,49.3,,35.9,59.9,0.0,E@2.6,4.2,46.6,0.0,0,"East Oroville, Okanogan County",330146,East Oroville,2017-12-11 06:21:28.832196
2010-03-01,22:15,48.3,,35.9,62.1,0.0,SE@2.7,3.5,46.6,0.0,0,"East Oroville, Okanogan County",330146,East Oroville,2017-12-11 06:21:28.832196
2010-03-01,22:30,47.8,,36.2,64.0,0.0,E@2.3,4.2,46.6,0.0,0,"East Oroville, Okanogan County",330146,East Oroville,2017-12-11 06:21:28.832196
2010-03-01,22:45,47.7,,36.1,64.0,0.0,NE@0.9,2.8,46.5,0.0,0,"East Oroville, Okanogan County",330146,East Oroville,2017-12-11 06:21:28.832196
2010-03-01,23:00,47.6,,36.1,64.1,0.0,NE@0.9,3.1,46.5,0.0,0,"East Oroville, Okanogan County",330146,East Oroville,2017-12-11 06:21:28.832196
2010-03-01,23:15,46.3,,36.9,69.4,0.0,N@2.7,4.9,46.4,0.0,0,"East Oroville, Okanogan County",330146,East Oroville,2017-12-11 06:21:28.832196
2010-03-01,23:30,45.2,,37.4,73.8,0.0,N@2.9,4.2,46.4,0.0,0,"East Oroville, Okanogan County",330146,East Oroville,2017-12-11 06:21:28.832196
2010-03-01,23:45,45.5,,37.0,72.0,0.0,N@2.7,3.5,46.4,0.0,0,"East Oroville, Okanogan County",330146,East Oroville,2017-12-11 06:21:28.832196
2010-03-01,24:00,45.4,,37.5,73.5,0.0,N@2.2,3.5,46.3,0.0,0,"East Oroville, Okanogan County",330146,East Oroville,2017-12-11 06:21:28.832196
2010-03-02,00:15,45.7,,37.7,73.4,0.0,E@1.3,2.8,46.3,0.0,0,"East Oroville, Okanogan County",330146,East Oroville,2017-12-11 06:21:28.832196
2010-03-02,00:30,45.1,,37.7,75.0,0.0,E@2.7,3.5,46.2,0.0,0,"East Oroville, Okanogan County",330146,East Oroville,2017-12-11 06:21:28.832196
2010-03-02,00:45,44.7,,37.4,75.2,0.0,NE@2.8,3.9,46.2,0.0,0,"East Oroville, Okanogan County",330146,East Oroville,2017-12-11 06:21:28.832196
2010-03-02,01:00,44.2,,37.7,77.5,0.0,N@2.8,3.9,46.1,0.0,0,"East Oroville, Okanogan County",330146,East Oroville,2017-12-11 06:21:28.832196
2010-03-02,01:15,44.6,,37.6,76.3,0.0,N@2.0,3.1,46.0,0.0,0,"East Oroville, Okanogan County",330146,East Oroville,2017-12-11 06:21:28.832196
2010-03-02,01:30,44.6,,37.5,76.1,0.0,NW@0.2,1.7,46.0,0.0,0,"East Oroville, Okanogan County",330146,East Oroville,2017-12-11 06:21:28.832196
2010-03-02,01:45,43.5,,37.5,79.2,0.0,N@2.0,6.4,45.9,0.0,0,"East Oroville, Okanogan County",330146,East Oroville,2017-12-11 06:21:28.832196
2010-03-02,02:00,44.2,,37.7,77.5,0.0,N@3.1,6.0,45.9,0.0,0,"East Oroville, Okanogan County",330146,East Oroville,2017-12-11 06:21:28.832196
2010-03-02,02:15,43.4,,37.4,79.2,0.0,N@0.2,2.4,45.8,0.0,0,"East Oroville, Okanogan County",330146,East Oroville,2017-12-11 06:21:28.832196
2010-03-02,02:30,43.6,,37.3,78.4,0.0,N@0.1,2.1,45.8,0.0,0,"East Oroville, Okanogan County",330146,East Oroville,2017-12-11 06:21:28.832196
2010-03-02,02:45,43.0,,37.1,79.6,0.0,NE@1.1,4.2,45.7,0.0,0,"East Oroville, Okanogan County",330146,East Oroville,2017-12-11 06:21:28.832196
2010-03-02,03:00,43.3,,37.2,78.8,0.0,N@2.8,4.2,45.6,0.0,0,"East Oroville, Okanogan County",330146,East Oroville,2017-12-11 06:21:28.832196
2010-03-02,03:15,44.1,,37.2,76.6,0.0,N@3.4,5.3,45.6,0.0,0,"East Oroville, Okanogan County",330146,East Oroville,2017-12-11 06:21:28.832196
2010-03-02,03:30,43.2,,36.9,78.2,0.0,E@1.0,3.1,45.5,0.0,0,"East Oroville, Okanogan County",330146,East Oroville,2017-12-11 06:21:28.832196
2010-03-02,03:45,42.7,,36.8,79.2,0.0,E@1.8,3.1,45.4,0.0,0,"East Oroville, Okanogan County",330146,East Oroville,2017-12-11 06:21:28.832196
2010-03-02,04:00,42.6,,36.8,79.7,0.0,NE@0.2,2.1,45.4,0.0,0,"East Oroville, Okanogan County",330146,East Oroville,2017-12-11 06:21:28.832196
2010-03-02,04:15,42.3,,36.7,80.5,0.0,E@0.5,2.1,45.3,0.0,0,"East Oroville, Okanogan County",330146,East Oroville,2017-12-11 06:21:28.832196
2010-03-02,04:30,41.7,,36.7,81.9,0.0,E@1.4,3.1,45.3,0.0,0,"East Oroville, Okanogan County",330146,East Oroville,2017-12-11 06:21:28.832196
2010-03-02,04:45,41.6,,36.6,82.3,0.0,E@1.6,3.1,45.2,0.0,0,"East Oroville, Okanogan County",330146,East Oroville,2017-12-11 06:21:28.832196
2010-03-02,05:00,41.8,,36.7,82.1,0.0,NE@1.6,3.9,45.2,0.0,0,"East Oroville, Okanogan County",330146,East Oroville,2017-12-11 06:21:28.832196
2010-03-02,05:15,41.5,,36.4,82.1,0.0,NE@1.6,4.2,45.1,0.0,0,"East Oroville, Okanogan County",330146,East Oroville,2017-12-11 06:21:28.832196
2010-03-02,05:30,41.8,,36.6,81.7,0.0,NE@0.5,2.4,45.0,0.0,0,"East Oroville, Okanogan County",330146,East Oroville,2017-12-11 06:21:28.832196
2010-03-02,05:45,41.8,,36.5,81.2,0.0,E@1.1,2.8,45.0,0.0,0,"East Oroville, Okanogan County",330146,East Oroville,2017-12-11 06:21:28.832196
2010-03-02,06:00,41.2,,36.5,83.2,0.0,N@0.0,0.0,44.9,0.0,0,"East Oroville, Okanogan County",330146,East Oroville,2017-12-11 06:21:28.832196
2010-03-02,06:15,40.5,,36.4,85.2,0.0,SE@1.6,3.5,44.8,0.0,0,"East Oroville, Okanogan County",330146,East Oroville,2017-12-11 06:21:28.832196
2010-03-02,06:30,40.1,,36.1,85.5,0.0,E@1.9,3.1,44.8,0.0,0,"East Oroville, Okanogan County",330146,East Oroville,2017-12-11 06:21:28.832196
2010-03-02,06:45,40.6,,36.4,85.0,0.0,SE@1.9,3.1,44.7,0.0,2,"East Oroville, Okanogan County",330146,East Oroville,2017-12-11 06:21:28.832196
2010-03-02,07:00,40.5,,36.3,85.1,0.0,E@1.0,2.4,44.6,0.0,5,"East Oroville, Okanogan County",330146,East Oroville,2017-12-11 06:21:28.832196
2010-03-02,07:15,40.3,,36.3,85.3,0.0,N@1.2,3.5,44.6,0.0,11,"East Oroville, Okanogan County",330146,East Oroville,2017-12-11 06:21:28.832196
2010-03-02,07:30,40.6,,36.6,85.3,0.0,N@1.1,3.1,44.5,0.0,25,"East Oroville, Okanogan County",330146,East Oroville,2017-12-11 06:21:28.832196
2010-03-02,07:45,40.9,,36.8,85.1,0.0,E@0.1,1.7,44.4,0.0,49,"East Oroville, Okanogan County",330146,East Oroville,2017-12-11 06:21:28.832196
2010-03-02,08:00,41.3,,37.1,84.7,0.0,NW@0.7,2.8,44.4,0.0,72,"East Oroville, Okanogan County",330146,East Oroville,2017-12-11 06:21:28.832196
2010-03-02,08:15,41.5,,37.6,85.8,0.0,SW@0.8,3.9,44.3,0.0,85,"East Oroville, Okanogan County",330146,East Oroville,2017-12-11 06:21:28.832196
2010-03-02,08:30,40.9,,37.6,87.9,0.0,SW@0.7,2.8,44.2,0.0,103,"East Oroville, Okanogan County",330146,East Oroville,2017-12-11 06:21:28.832196
2010-03-02,08:45,41.4,,37.8,86.7,0.0,S@0.2,3.1,44.2,0.0,121,"East Oroville, Okanogan County",330146,East Oroville,2017-12-11 06:21:28.832196
2010-03-02,09:00,41.9,,38.2,86.7,0.0,W@2.1,4.2,44.1,0.0,155,"East Oroville, Okanogan County",330146,East Oroville,2017-12-11 06:21:28.832196
2010-03-02,09:15,41.9,,38.4,87.1,0.0,SW@1.4,4.2,44.1,0.0,130,"East Oroville, Okanogan County",330146,East Oroville,2017-12-11 06:21:28.832196
2010-03-02,09:30,42.5,,38.6,85.8,0.0,W@2.4,4.2,44.0,0.0,148,"East Oroville, Okanogan County",330146,East Oroville,2017-12-11 06:21:28.832196
2010-03-02,09:45,43.2,,38.5,83.2,0.0,W@1.3,2.8,44.0,0.0,164,"East Oroville, Okanogan County",330146,East Oroville,2017-12-11 06:21:28.832196
2010-03-02,10:00,43.9,,38.6,81.5,0.0,S@2.5,4.2,44.0,0.0,129,"East Oroville, Okanogan County",330146,East Oroville,2017-12-11 06:21:28.832196
2010-03-02,10:15,44.0,,38.6,81.3,0.0,W@3.2,4.2,43.9,0.0,161,"East Oroville, Okanogan County",330146,East Oroville,2017-12-11 06:21:28.832196
2010-03-02,10:30,43.8,,38.6,81.9,0.0,W@1.2,3.1,43.9,0.0,162,"East Oroville, Okanogan County",330146,East Oroville,2017-12-11 06:21:28.832196
2010-03-02,10:45,45.2,,39.1,79.2,0.0,SW@1.9,4.6,43.9,0.0,283,"East Oroville, Okanogan County",330146,East Oroville,2017-12-11 06:21:28.832196
2010-03-02,11:00,45.4,,38.9,78.0,0.0,SW@1.8,4.6,43.9,0.0,224,"East Oroville, Okanogan County",330146,East Oroville,2017-12-11 06:21:28.832196
2010-03-02,11:15,45.4,,38.6,77.0,0.0,W@0.8,2.8,43.9,0.0,130,"East Oroville, Okanogan County",330146,East Oroville,2017-12-11 06:21:28.832196
2010-03-02,11:30,45.6,,38.8,77.1,0.0,S@1.5,3.5,43.9,0.0,93,"East Oroville, Okanogan County",330146,East Oroville,2017-12-11 06:21:28.832196
2010-03-02,11:45,46.0,,39.0,76.4,0.0,SW@2.3,4.6,43.9,0.0,209,"East Oroville, Okanogan County",330146,East Oroville,2017-12-11 06:21:28.832196
2010-03-02,12:00,46.2,,39.0,75.8,0.0,W@2.5,4.2,44.0,0.0,208,"East Oroville, Okanogan County",330146,East Oroville,2017-12-11 06:21:28.832196
2010-03-02,12:15,46.9,,39.1,74.0,0.0,SW@2.1,4.2,44.0,0.0,204,"East Oroville, Okanogan County",330146,East Oroville,2017-12-11 06:21:28.832196
2010-03-02,12:30,48.9,,39.5,69.6,0.0,SW@2.4,4.9,44.0,0.0,548,"East Oroville, Okanogan County",330146,East Oroville,2017-12-11 06:21:28.832196
2010-03-02,12:45,51.4,,39.5,63.7,0.0,SW@3.1,6.0,44.1,0.0,629,"East Oroville, Okanogan County",330146,East Oroville,2017-12-11 06:21:28.832196
2010-03-02,13:00,51.4,,39.3,63.1,0.0,W@4.7,6.7,44.1,0.0,613,"East Oroville, Okanogan County",330146,East Oroville,2017-12-11 06:21:28.832196
2010-03-02,13:15,52.5,,39.4,60.8,0.0,W@3.8,6.0,44.2,0.0,613,"East Oroville, Okanogan County",330146,East Oroville,2017-12-11 06:21:28.832196
2010-03-02,13:30,55.4,,39.4,54.9,0.0,S@2.5,5.3,44.3,0.0,598,"East Oroville, Okanogan County",330146,East Oroville,2017-12-11 06:21:28.832196
2010-03-02,13:45,58.1,,38.8,48.6,0.0,SW@2.9,6.4,44.3,0.0,576,"East Oroville, Okanogan County",330146,East Oroville,2017-12-11 06:21:28.832196
2010-03-02,14:00,57.5,,38.7,49.2,0.0,SW@3.8,7.8,44.4,0.0,526,"East Oroville, Okanogan County",330146,East Oroville,2017-12-11 06:21:28.832196
2010-03-02,14:15,58.5,,37.8,45.9,0.0,SE@3.9,8.5,44.5,0.0,502,"East Oroville, Okanogan County",330146,East Oroville,2017-12-11 06:21:28.832196
2010-03-02,14:30,59.1,,38.1,45.4,0.0,S@4.3,8.9,44.7,0.0,476,"East Oroville, Okanogan County",330146,East Oroville,2017-12-11 06:21:28.832196
2010-03-02,14:45,59.4,,38.3,45.4,0.0,S@3.8,7.4,44.8,0.0,418,"East Oroville, Okanogan County",330146,East Oroville,2017-12-11 06:21:28.832196
2010-03-02,15:00,59.7,,38.2,44.8,0.0,S@7.4,11.7,45.0,0.0,319,"East Oroville, Okanogan County",330146,East Oroville,2017-12-11 06:21:28.832196
2010-03-02,15:15,58.1,,37.8,46.6,0.0,S@7.4,11.4,45.1,0.0,158,"East Oroville, Okanogan County",330146,East Oroville,2017-12-11 06:21:28.832196
2010-03-02,15:30,58.4,,37.6,45.7,0.0,SE@7.6,12.1,45.3,0.0,162,"East Oroville, Okanogan County",330146,East Oroville,2017-12-11 06:21:28.832196
2010-03-02,15:45,58.2,,37.7,46.4,0.0,SE@8.1,13.9,45.5,0.0,116,"East Oroville, Okanogan County",330146,East Oroville,2017-12-11 06:21:28.832196
2010-03-02,16:00,58.3,,38.3,47.2,0.0,SE@6.3,10.3,45.7,0.0,102,"East Oroville, Okanogan County",330146,East Oroville,2017-12-11 06:21:28.832196
2010-03-02,16:15,58.4,,38.5,47.4,0.0,SE@6.8,11.0,45.9,0.0,87,"East Oroville, Okanogan County",330146,East Oroville,2017-12-11 06:21:28.832196
2010-03-02,16:30,58.0,,38.2,47.5,0.0,SE@6.6,10.3,46.1,0.0,76,"East Oroville, Okanogan County",330146,East Oroville,2017-12-11 06:21:28.832196
2010-03-02,16:45,58.0,,38.4,47.8,0.0,SE@5.5,9.6,46.3,0.0,62,"East Oroville, Okanogan County",330146,East Oroville,2017-12-11 06:21:28.832196
2010-03-02,17:00,58.3,,38.4,47.5,0.0,S@5.1,8.2,46.4,0.0,68,"East Oroville, Okanogan County",330146,East Oroville,2017-12-11 06:21:28.832196
2010-03-02,17:15,57.7,,38.3,48.2,0.0,SE@2.6,8.2,46.6,0.0,29,"East Oroville, Okanogan County",330146,East Oroville,2017-12-11 06:21:28.832196
2010-03-02,17:30,56.9,,38.5,50.0,0.0,E@2.6,3.9,46.8,0.0,14,"East Oroville, Okanogan County",330146,East Oroville,2017-12-11 06:21:28.832196
2010-03-02,17:45,55.9,,38.3,51.4,0.0,E@2.9,3.9,46.9,0.0,5,"East Oroville, Okanogan County",330146,East Oroville,2017-12-11 06:21:28.832196
2010-03-02,18:00,55.1,,38.4,53.3,0.0,NE@2.3,3.5,47.0,0.0,1,"East Oroville, Okanogan County",330146,East Oroville,2017-12-11 06:21:28.832196
2010-03-02,18:15,54.4,,38.3,54.3,0.0,NE@1.9,4.2,47.1,0.0,0,"East Oroville, Okanogan County",330146,East Oroville,2017-12-11 06:21:28.832196
2010-03-02,18:30,53.9,,38.3,55.4,0.0,E@2.9,5.7,47.2,0.0,0,"East Oroville, Okanogan County",330146,East Oroville,2017-12-11 06:21:28.832196
2010-03-02,18:45,52.4,,38.3,58.5,0.0,E@5.7,9.2,47.3,0.0,0,"East Oroville, Okanogan County",330146,East Oroville,2017-12-11 06:21:28.832196
2010-03-02,19:00,52.6,,37.9,57.2,0.0,E@6.5,8.9,47.4,0.0,0,"East Oroville, Okanogan County",330146,East Oroville,2017-12-11 06:21:28.832196
2010-03-02,19:15,51.8,,37.7,58.6,0.0,E@6.9,9.6,47.4,0.0,0,"East Oroville, Okanogan County",330146,East Oroville,2017-12-11 06:21:28.832196
2010-03-02,19:30,51.7,,37.6,58.5,0.0,E@6.6,10.3,47.5,0.0,0,"East Oroville, Okanogan County",330146,East Oroville,2017-12-11 06:21:28.832196
2010-03-02,19:45,51.5,,37.4,58.3,0.0,E@5.4,7.8,47.5,0.0,0,"East Oroville, Okanogan County",330146,East Oroville,2017-12-11 06:21:28.832196
2010-03-02,20:00,50.8,,37.3,59.5,0.0,E@4.7,6.7,47.5,0.0,0,"East Oroville, Okanogan County",330146,East Oroville,2017-12-11 06:21:28.832196
2010-03-02,20:15,51.8,,37.4,57.6,0.0,E@4.0,8.2,47.6,0.0,0,"East Oroville, Okanogan County",330146,East Oroville,2017-12-11 06:21:28.832196
2010-03-02,20:30,49.6,,36.9,61.4,0.0,E@5.6,9.2,47.6,0.0,0,"East Oroville, Okanogan County",330146,East Oroville,2017-12-11 06:21:28.832196
2010-03-02,20:45,50.2,,36.9,60.0,0.0,E@3.2,8.2,47.6,0.0,0,"East Oroville, Okanogan County",330146,East Oroville,2017-12-11 06:21:28.832196
2010-03-02,21:00,49.3,,36.4,60.9,0.0,E@5.0,9.2,47.6,0.0,0,"East Oroville, Okanogan County",330146,East Oroville,2017-12-11 06:21:28.832196
2010-03-02,21:15,49.1,,36.5,61.5,0.0,E@3.3,6.4,47.6,0.0,0,"East Oroville, Okanogan County",330146,East Oroville,2017-12-11 06:21:28.832196
2010-03-02,21:30,49.2,,36.3,61.0,0.0,E@3.9,7.1,47.5,0.0,0,"East Oroville, Okanogan County",330146,East Oroville,2017-12-11 06:21:28.832196
2010-03-02,21:45,49.5,,36.1,59.6,0.0,NE@4.0,7.1,47.5,0.0,0,"East Oroville, Okanogan County",330146,East Oroville,2017-12-11 06:21:28.832196
2010-03-02,22:00,48.7,,37.2,64.1,0.03,N@2.6,4.9,47.5,0.0,0,"East Oroville, Okanogan County",330146,East Oroville,2017-12-11 06:21:28.832196
2010-03-02,22:15,48.0,,37.1,65.8,0.0,NE@2.5,4.6,47.5,0.0,0,"East Oroville, Okanogan County",330146,East Oroville,2017-12-11 06:21:28.832196
2010-03-02,22:30,47.4,,37.1,67.2,0.0,NE@1.6,4.2,47.4,0.0,0,"East Oroville, Okanogan County",330146,East Oroville,2017-12-11 06:21:28.832196
2010-03-02,22:45,48.6,,37.9,66.4,0.0,NW@3.4,4.9,47.4,0.0,0,"East Oroville, Okanogan County",330146,East Oroville,2017-12-11 06:21:28.832196
2010-03-02,23:00,48.0,,37.7,67.1,0.0,NW@2.3,3.9,47.3,0.0,0,"East Oroville, Okanogan County",330146,East Oroville,2017-12-11 06:21:28.832196
2010-03-02,23:15,46.7,,37.0,68.7,0.0,SE@2.3,4.9,47.3,0.0,0,"East Oroville, Okanogan County",330146,East Oroville,2017-12-11 06:21:28.832196
2010-03-02,23:30,45.5,,37.0,71.9,0.0,N@2.4,4.2,47.2,0.0,0,"East Oroville, Okanogan County",330146,East Oroville,2017-12-11 06:21:28.832196
2010-03-02,23:45,45.6,,37.1,71.9,0.0,NE@2.8,3.9,47.2,0.0,0,"East Oroville, Okanogan County",330146,East Oroville,2017-12-11 06:21:28.832196
2010-03-02,24:00,46.3,,36.9,69.5,0.0,N@2.8,4.2,47.1,0.0,0,"East Oroville, Okanogan County",330146,East Oroville,2017-12-11 06:21:28.832196
2010-03-03,00:15,46.1,,37.1,70.4,0.0,N@5.0,8.5,47.1,0.0,0,"East Oroville, Okanogan County",330146,East Oroville,2017-12-11 06:21:28.832196
2010-03-03,00:30,46.4,,36.8,69.1,0.0,N@4.3,7.4,47.0,0.0,0,"East Oroville, Okanogan County",330146,East Oroville,2017-12-11 06:21:28.832196
2010-03-03,00:45,44.5,,36.7,74.0,0.0,NE@2.5,4.2,47.0,0.0,0,"East Oroville, Okanogan County",330146,East Oroville,2017-12-11 06:21:28.832196
2010-03-03,01:00,44.3,,36.4,73.7,0.0,E@1.3,4.2,46.9,0.0,0,"East Oroville, Okanogan County",330146,East Oroville,2017-12-11 06:21:28.832196
2010-03-03,01:15,43.5,,36.6,76.3,0.0,NE@2.4,4.2,46.8,0.0,0,"East Oroville, Okanogan County",330146,East Oroville,2017-12-11 06:21:28.832196
2010-03-03,01:30,44.5,,36.8,74.1,0.0,SE@2.0,3.9,46.8,0.0,0,"East Oroville, Okanogan County",330146,East Oroville,2017-12-11 06:21:28.832196
2010-03-03,01:45,46.2,,37.2,70.5,0.0,NW@7.2,11.7,46.7,0.0,0,"East Oroville, Okanogan County",330146,East Oroville,2017-12-11 06:21:28.832196
2010-03-03,02:00,45.6,,37.0,71.7,0.0,W@1.9,5.7,46.6,0.0,0,"East Oroville, Okanogan County",330146,East Oroville,2017-12-11 06:21:28.832196
2010-03-03,02:15,44.2,,36.9,75.5,0.0,N@1.9,3.5,46.6,0.0,0,"East Oroville, Okanogan County",330146,East Oroville,2017-12-11 06:21:28.832196
2010-03-03,02:30,44.3,,37.0,75.4,0.0,SE@1.5,2.8,46.5,0.0,0,"East Oroville, Okanogan County",330146,East Oroville,2017-12-11 06:21:28.832196
2010-03-03,02:45,43.9,,37.0,76.5,0.0,E@1.6,2.8,46.4,0.0,0,"East Oroville, Okanogan County",330146,East Oroville,2017-12-11 06:21:28.832196
2010-03-03,03:00,45.1,,37.2,73.7,0.01,NW@5.0,8.9,46.4,0.0,0,"East Oroville, Okanogan County",330146,East Oroville,2017-12-11 06:21:28.832196
2010-03-03,03:15,45.4,,36.9,71.9,0.0,N@5.4,9.2,46.3,0.0,0,"East Oroville, Okanogan County",330146,East Oroville,2017-12-11 06:21:28.832196
2010-03-03,03:30,45.8,,37.0,71.1,0.0,N@4.7,9.2,46.2,0.0,0,"East Oroville, Okanogan County",330146,East Oroville,2017-12-11 06:21:28.832196
2010-03-03,03:45,45.4,,37.1,72.6,0.0,NE@2.9,7.1,46.2,0.0,0,"East Oroville, Okanogan County",330146,East Oroville,2017-12-11 06:21:28.832196
2010-03-03,04:00,45.7,,36.8,70.9,0.0,N@2.4,6.7,46.1,0.0,0,"East Oroville, Okanogan County",330146,East Oroville,2017-12-11 06:21:28.832196
2010-03-03,04:15,45.7,,36.6,70.5,0.0,NW@3.9,7.1,46.0,0.0,0,"East Oroville, Okanogan County",330146,East Oroville,2017-12-11 06:21:28.832196
2010-03-03,04:30,45.0,,36.7,72.4,0.0,NW@4.0,6.0,46.0,0.0,0,"East Oroville, Okanogan County",330146,East Oroville,2017-12-11 06:21:28.832196
2010-03-03,04:45,44.8,,36.9,73.7,0.0,NW@3.3,10.7,45.9,0.0,0,"East Oroville, Okanogan County",330146,East Oroville,2017-12-11 06:21:28.832196
2010-03-03,05:00,44.9,,36.7,72.7,0.0,NW@5.2,11.0,45.9,0.0,0,"East Oroville, Okanogan County",330146,East Oroville,2017-12-11 06:21:28.832196
2010-03-03,05:15,43.5,,37.1,78.0,0.0,NW@4.0,6.0,45.8,0.0,0,"East Oroville, Okanogan County",330146,East Oroville,2017-12-11 06:21:28.832196
2010-03-03,05:30,44.3,,37.1,75.3,0.0,NW@3.5,7.1,45.8,0.0,0,"East Oroville, Okanogan County",330146,East Oroville,2017-12-11 06:21:28.832196
2010-03-03,05:45,44.8,,37.1,74.2,0.0,W@2.9,6.0,45.7,0.0,0,"East Oroville, Okanogan County",330146,East Oroville,2017-12-11 06:21:28.832196
2010-03-03,06:00,44.6,,36.8,73.8,0.0,NW@4.5,7.8,45.7,0.0,0,"East Oroville, Okanogan County",330146,East Oroville,2017-12-11 06:21:28.832196
2010-03-03,06:15,44.9,,36.7,72.6,0.0,N@4.7,9.6,45.7,0.0,0,"East Oroville, Okanogan County",330146,East Oroville,2017-12-11 06:21:28.832196
2010-03-03,06:30,44.7,,36.5,72.8,0.0,NW@4.2,6.7,45.6,0.0,0,"East Oroville, Okanogan County",330146,East Oroville,2017-12-11 06:21:28.832196
2010-03-03,06:45,44.5,,36.7,73.9,0.0,NW@3.7,6.0,45.6,0.0,2,"East Oroville, Okanogan County",330146,East Oroville,2017-12-11 06:21:28.832196
2010-03-03,07:00,45.2,,36.7,72.0,0.0,NW@3.8,6.4,45.5,0.0,10,"East Oroville, Okanogan County",330146,East Oroville,2017-12-11 06:21:28.832196
2010-03-03,07:15,43.3,,37.0,78.2,0.0,SW@1.8,4.2,45.5,0.0,22,"East Oroville, Okanogan County",330146,East Oroville,2017-12-11 06:21:28.832196
2010-03-03,07:30,43.1,,37.3,79.9,0.0,S@1.8,4.6,45.4,0.0,28,"East Oroville, Okanogan County",330146,East Oroville,2017-12-11 06:21:28.832196
2010-03-03,07:45,43.2,,37.3,79.4,0.0,N@2.4,7.4,45.4,0.0,19,"East Oroville, Okanogan County",330146,East Oroville,2017-12-11 06:21:28.832196
2010-03-03,08:00,43.9,,37.1,76.8,0.0,N@2.6,5.7,45.4,0.0,17,"East Oroville, Okanogan County",330146,East Oroville,2017-12-11 06:21:28.832196
2010-03-03,08:15,44.7,,36.8,73.6,0.06,N@4.7,7.8,45.3,0.0,34,"East Oroville, Okanogan County",330146,East Oroville,2017-12-11 06:21:28.832196
2010-03-03,08:30,45.3,,37.0,72.5,0.0,N@4.4,7.1,45.3,0.0,76,"East Oroville, Okanogan County",330146,East Oroville,2017-12-11 06:21:28.832196
2010-03-03,08:45,45.0,,37.4,74.4,0.0,NW@5.0,7.1,45.3,0.0,98,"East Oroville, Okanogan County",330146,East Oroville,2017-12-11 06:21:28.832196
2010-03-03,09:00,45.4,,37.5,73.7,0.0,NW@4.5,6.7,45.2,0.0,84,"East Oroville, Okanogan County",330146,East Oroville,2017-12-11 06:21:28.832196
2010-03-03,09:15,44.8,,37.9,76.8,0.0,NW@5.0,7.8,45.2,0.0,96,"East Oroville, Okanogan County",330146,East Oroville,2017-12-11 06:21:28.832196
2010-03-03,09:30,44.2,,37.9,78.3,0.0,W@3.8,6.0,45.2,0.0,111,"East Oroville, Okanogan County",330146,East Oroville,2017-12-11 06:21:28.832196
2010-03-03,09:45,45.0,,38.1,76.6,0.0,W@3.7,6.4,45.2,0.0,118,"East Oroville, Okanogan County",330146,East Oroville,2017-12-11 06:21:28.832196
2010-03-03,10:00,44.4,,38.2,78.5,0.0,W@3.5,5.3,45.1,0.0,120,"East Oroville, Okanogan County",330146,East Oroville,2017-12-11 06:21:28.832196
2010-03-03,10:15,44.6,,38.1,77.7,0.0,SW@1.9,4.2,45.1,0.0,139,"East Oroville, Okanogan County",330146,East Oroville,2017-12-11 06:21:28.832196
2010-03-03,10:30,46.6,,38.7,74.0,0.0,W@1.6,5.3,45.1,0.0,285,"East Oroville, Okanogan County",330146,East Oroville,2017-12-11 06:21:28.832196
2010-03-03,10:45,46.7,,38.6,73.2,0.0,W@3.5,5.3,45.1,0.0,261,"East Oroville, Okanogan County",330146,East Oroville,2017-12-11 06:21:28.832196
2010-03-03,11:00,46.8,,38.4,72.3,0.0,W@4.1,6.0,45.1,0.0,214,"East Oroville, Okanogan County",330146,East Oroville,2017-12-11 06:21:28.832196
2010-03-03,11:15,46.4,,38.0,72.5,0.0,W@3.2,5.3,45.1,0.0,95,"East Oroville, Okanogan County",330146,East Oroville,2017-12-11 06:21:28.832196
2010-03-03,11:30,47.0,,38.2,71.5,0.0,W@2.3,3.5,45.1,0.0,144,"East Oroville, Okanogan County",330146,East Oroville,2017-12-11 06:21:28.832196
2010-03-03,11:45,47.2,,38.2,70.6,0.0,SW@2.2,3.9,45.1,0.0,114,"East Oroville, Okanogan County",330146,East Oroville,2017-12-11 06:21:28.832196
2010-03-03,12:00,47.1,,38.1,70.7,0.04,SW@2.3,3.5,45.1,0.0,106,"East Oroville, Okanogan County",330146,East Oroville,2017-12-11 06:21:28.832196
2010-03-03,12:15,47.2,,38.5,71.6,0.58,S@1.5,3.1,45.2,0.0,137,"East Oroville, Okanogan County",330146,East Oroville,2017-12-11 06:21:28.832196
2010-03-03,12:30,46.8,,39.2,74.7,0.47,S@3.0,4.9,45.2,0.0,105,"East Oroville, Okanogan County",330146,East Oroville,2017-12-11 06:21:28.832196
2010-03-03,12:45,46.9,,39.1,74.0,0.1,SE@2.2,3.1,45.2,0.0,113,"East Oroville, Okanogan County",330146,East Oroville,2017-12-11 06:21:28.832196
2010-03-03,13:00,46.9,,40.4,78.0,0.8,SE@3.3,5.7,45.3,0.0,90,"East Oroville, Okanogan County",330146,East Oroville,2017-12-11 06:21:28.832196
2010-03-03,13:15,46.2,,41.4,83.4,0.9,SE@3.2,4.6,45.3,0.0,71,"East Oroville, Okanogan County",330146,East Oroville,2017-12-11 06:21:28.832196
2010-03-03,13:30,46.3,,41.6,83.6,0.93,E@2.1,4.9,45.4,0.0,97,"East Oroville, Okanogan County",330146,East Oroville,2017-12-11 06:21:28.832196
2010-03-03,13:45,46.3,,42.1,85.0,0.9,SE@1.7,3.1,45.4,0.0,88,"East Oroville, Okanogan County",330146,East Oroville,2017-12-11 06:21:28.832196
2010-03-03,14:00,46.8,,42.6,85.3,0.93,S@0.1,1.7,45.5,0.01,108,"East Oroville, Okanogan County",330146,East Oroville,2017-12-11 06:21:28.832196
2010-03-03,14:15,47.0,,43.2,86.5,0.92,SE@0.5,2.8,45.5,0.0,95,"East Oroville, Okanogan County",330146,East Oroville,2017-12-11 06:21:28.832196
2010-03-03,14:30,47.0,,43.5,87.5,0.9,SE@0.2,2.4,45.6,0.0,76,"East Oroville, Okanogan County",330146,East Oroville,2017-12-11 06:21:28.832196
2010-03-03,14:45,47.2,,43.5,86.7,0.87,SE@0.2,2.4,45.6,0.0,67,"East Oroville, Okanogan County",330146,East Oroville,2017-12-11 06:21:28.832196
2010-03-03,15:00,46.8,,43.9,89.5,0.86,S@2.2,5.7,45.7,0.0,71,"East Oroville, Okanogan County",330146,East Oroville,2017-12-11 06:21:28.832196
2010-03-03,15:15,47.1,,44.3,89.8,0.85,SE@0.6,2.1,45.7,0.0,58,"East Oroville, Okanogan County",330146,East Oroville,2017-12-11 06:21:28.832196
2010-03-03,15:30,47.2,,43.7,87.4,0.83,SE@1.5,2.8,45.8,0.0,56,"East Oroville, Okanogan County",330146,East Oroville,2017-12-11 06:21:28.832196
2010-03-03,15:45,47.2,,43.1,85.4,0.79,E@1.3,3.9,45.8,0.0,40,"East Oroville, Okanogan County",330146,East Oroville,2017-12-11 06:21:28.832196
2010-03-03,16:00,47.4,,43.2,85.1,0.73,SE@1.6,4.2,45.8,0.0,49,"East Oroville, Okanogan County",330146,East Oroville,2017-12-11 06:21:28.832196
2010-03-03,16:15,47.2,,42.9,84.9,0.53,E@2.5,4.2,45.9,0.0,33,"East Oroville, Okanogan County",330146,East Oroville,2017-12-11 06:21:28.832196
2010-03-03,16:30,47.0,,42.6,84.6,0.28,SE@2.6,4.2,45.9,0.0,17,"East Oroville, Okanogan County",330146,East Oroville,2017-12-11 06:21:28.832196
2010-03-03,16:45,46.8,,42.4,84.6,0.06,E@2.1,3.9,46.0,0.0,10,"East Oroville, Okanogan County",330146,East Oroville,2017-12-11 06:21:28.832196
2010-03-03,17:00,47.2,,42.4,83.3,0.0,SE@1.4,3.1,46.0,0.0,5,"East Oroville, Okanogan County",330146,East Oroville,2017-12-11 06:21:28.832196
2010-03-03,17:15,46.9,,42.7,85.3,0.0,SE@0.7,3.1,46.0,0.0,2,"East Oroville, Okanogan County",330146,East Oroville,2017-12-11 06:21:28.832196
2010-03-03,17:30,46.6,,42.9,86.8,0.0,NW@0.5,2.8,46.1,0.0,2,"East Oroville, Okanogan County",330146,East Oroville,2017-12-11 06:21:28.832196
2010-03-03,17:45,46.3,,42.9,87.8,0.0,E@2.5,4.2,46.1,0.0,2,"East Oroville, Okanogan County",330146,East Oroville,2017-12-11 06:21:28.832196
2010-03-03,18:00,46.2,,42.7,87.5,0.0,N@1.2,2.8,46.1,0.0,1,"East Oroville, Okanogan County",330146,East Oroville,2017-12-11 06:21:28.832196
2010-03-03,18:15,46.3,,42.1,85.2,0.0,N@0.8,2.4,46.1,0.0,0,"East Oroville, Okanogan County",330146,East Oroville,2017-12-11 06:21:28.832196
2010-03-03,18:30,46.3,,42.2,85.4,0.0,NE@0.1,1.4,46.1,0.0,0,"East Oroville, Okanogan County",330146,East Oroville,2017-12-11 06:21:28.832196
2010-03-03,18:45,46.2,,42.3,86.0,0.0,NE@2.8,3.5,46.2,0.0,0,"East Oroville, Okanogan County",330146,East Oroville,2017-12-11 06:21:28.832196
2010-03-03,19:00,46.9,,42.0,83.0,0.0,E@1.2,2.8,46.2,0.0,0,"East Oroville, Okanogan County",330146,East Oroville,2017-12-11 06:21:28.832196
2010-03-03,19:15,46.4,,42.0,84.5,0.01,E@2.9,4.6,46.2,0.0,0,"East Oroville, Okanogan County",330146,East Oroville,2017-12-11 06:21:28.832196
2010-03-03,19:30,46.3,,42.1,84.9,0.16,E@3.3,4.9,46.2,0.0,0,"East Oroville, Okanogan County",330146,East Oroville,2017-12-11 06:21:28.832196
2010-03-03,19:45,46.3,,42.3,85.7,0.07,E@3.9,5.7,46.2,0.0,0,"East Oroville, Okanogan County",330146,East Oroville,2017-12-11 06:21:28.832196
2010-03-03,20:00,46.0,,42.0,85.9,0.02,NE@2.0,4.2,46.1,0.0,0,"East Oroville, Okanogan County",330146,East Oroville,2017-12-11 06:21:28.832196
2010-03-03,20:15,45.0,,42.1,89.5,0.01,E@1.0,3.1,46.1,0.0,0,"East Oroville, Okanogan County",330146,East Oroville,2017-12-11 06:21:28.832196
2010-03-03,20:30,45.6,,41.7,86.1,0.0,E@2.2,3.1,46.1,0.0,0,"East Oroville, Okanogan County",330146,East Oroville,2017-12-11 06:21:28.832196
2010-03-03,20:45,46.3,,41.4,82.8,0.01,E@1.7,2.8,46.1,0.0,0,"East Oroville, Okanogan County",330146,East Oroville,2017-12-11 06:21:28.832196
2010-03-03,21:00,46.0,,41.3,83.7,0.06,N@2.5,3.5,46.1,0.0,0,"East Oroville, Okanogan County",330146,East Oroville,2017-12-11 06:21:28.832196
2010-03-03,21:15,45.1,,41.2,86.0,0.01,N@1.2,3.5,46.1,0.0,0,"East Oroville, Okanogan County",330146,East Oroville,2017-12-11 06:21:28.832196
2010-03-03,21:30,44.8,,40.8,85.7,0.01,NE@1.7,3.1,46.0,0.0,0,"East Oroville, Okanogan County",330146,East Oroville,2017-12-11 06:21:28.832196
2010-03-03,21:45,44.8,,40.7,85.4,0.0,NE@2.4,3.5,46.0,0.0,0,"East Oroville, Okanogan County",330146,East Oroville,2017-12-11 06:21:28.832196
2010-03-03,22:00,44.1,,40.5,87.0,0.01,N@2.6,3.5,46.0,0.0,0,"East Oroville, Okanogan County",330146,East Oroville,2017-12-11 06:21:28.832196
2010-03-03,22:15,43.4,,41.2,92.0,0.01,NE@0.9,2.4,46.0,0.0,0,"East Oroville, Okanogan County",330146,East Oroville,2017-12-11 06:21:28.832196
2010-03-03,22:30,44.1,,41.1,89.3,0.01,NE@0.5,2.1,45.9,0.0,0,"East Oroville, Okanogan County",330146,East Oroville,2017-12-11 06:21:28.832196
2010-03-03,22:45,43.9,,41.3,90.3,0.01,N@0.6,1.7,45.9,0.0,0,"East Oroville, Okanogan County",330146,East Oroville,2017-12-11 06:21:28.832196
2010-03-03,23:00,43.9,,41.3,90.6,0.01,NW@0.4,2.1,45.9,0.0,0,"East Oroville, Okanogan County",330146,East Oroville,2017-12-11 06:21:28.832196
2010-03-03,23:15,43.6,,41.3,91.7,0.01,NW@1.8,3.9,45.9,0.0,0,"East Oroville, Okanogan County",330146,East Oroville,2017-12-11 06:21:28.832196
2010-03-03,23:30,43.6,,41.4,91.8,0.01,NW@3.1,4.2,45.8,0.0,0,"East Oroville, Okanogan County",330146,East Oroville,2017-12-11 06:21:28.832196
2010-03-03,23:45,43.9,,41.2,90.0,0.02,NW@2.4,3.9,45.8,0.0,0,"East Oroville, Okanogan County",330146,East Oroville,2017-12-11 06:21:28.832196
2010-03-03,24:00,44.4,,41.3,88.7,0.01,N@1.9,2.8,45.7,0.0,0,"East Oroville, Okanogan County",330146,East Oroville,2017-12-11 06:21:28.832196
2010-03-04,00:15,44.1,,41.2,89.4,0.0,E@2.6,3.9,45.7,0.0,0,"East Oroville, Okanogan County",330146,East Oroville,2017-12-11 06:21:28.832196
2010-03-04,00:30,43.1,,40.7,91.3,0.01,NW@2.1,4.6,45.6,0.0,0,"East Oroville, Okanogan County",330146,East Oroville,2017-12-11 06:21:28.832196
2010-03-04,00:45,42.3,,40.9,94.9,0.01,NW@0.9,2.4,45.6,0.0,0,"East Oroville, Okanogan County",330146,East Oroville,2017-12-11 06:21:28.832196
2010-03-04,01:00,42.9,,41.1,93.4,0.01,SE@1.6,2.4,45.6,0.0,0,"East Oroville, Okanogan County",330146,East Oroville,2017-12-11 06:21:28.832196
2010-03-04,01:15,43.2,,41.1,92.5,0.01,E@1.4,2.1,45.5,0.0,0,"East Oroville, Okanogan County",330146,East Oroville,2017-12-11 06:21:28.832196
2010-03-04,01:30,43.2,,41.1,92.3,0.01,E@1.7,2.4,45.5,0.0,0,"East Oroville, Okanogan County",330146,East Oroville,2017-12-11 06:21:28.832196
2010-03-04,01:45,42.1,,40.6,94.3,0.03,NW@1.2,3.5,45.4,0.0,0,"East Oroville, Okanogan County",330146,East Oroville,2017-12-11 06:21:28.832196
2010-03-04,02:00,41.8,,40.8,96.3,0.03,NE@0.8,2.1,45.4,0.0,0,"East Oroville, Okanogan County",330146,East Oroville,2017-12-11 06:21:28.832196
2010-03-04,02:15,42.1,,41.0,95.8,0.03,NE@0.3,2.1,45.4,0.0,0,"East Oroville, Okanogan County",330146,East Oroville,2017-12-11 06:21:28.832196
2010-03-04,02:30,42.4,,41.2,95.3,0.06,N@0.0,0.0,45.3,0.0,0,"East Oroville, Okanogan County",330146,East Oroville,2017-12-11 06:21:28.832196
2010-03-04,02:45,42.3,,41.0,95.3,0.4,NW@0.2,2.4,45.3,0.0,0,"East Oroville, Okanogan County",330146,East Oroville,2017-12-11 06:21:28.832196
2010-03-04,03:00,41.8,,40.8,96.2,0.57,NW@1.5,2.8,45.3,0.0,0,"East Oroville, Okanogan County",330146,East Oroville,2017-12-11 06:21:28.832196
2010-03-04,03:15,41.3,,40.5,96.8,0.62,SE@1.3,2.4,45.2,0.0,0,"East Oroville, Okanogan County",330146,East Oroville,2017-12-11 06:21:28.832196
2010-03-04,03:30,41.3,,40.7,97.6,0.61,S@0.9,2.8,45.2,0.0,0,"East Oroville, Okanogan County",330146,East Oroville,2017-12-11 06:21:28.832196
2010-03-04,03:45,41.6,,41.0,97.5,0.6,NW@0.5,2.1,45.2,0.0,0,"East Oroville, Okanogan County",330146,East Oroville,2017-12-11 06:21:28.832196
2010-03-04,04:00,41.6,,40.9,97.4,0.58,SE@1.5,2.8,45.1,0.0,0,"East Oroville, Okanogan County",330146,East Oroville,2017-12-11 06:21:28.832196
2010-03-04,04:15,41.3,,40.7,97.5,0.56,SE@1.9,3.5,45.1,0.0,0,"East Oroville, Okanogan County",330146,East Oroville,2017-12-11 06:21:28.832196
2010-03-04,04:30,41.8,,41.0,96.9,0.54,SE@0.8,2.4,45.1,0.0,0,"East Oroville, Okanogan County",330146,East Oroville,2017-12-11 06:21:28.832196
2010-03-04,04:45,41.4,,40.6,97.0,0.52,SE@1.4,2.8,45.1,0.0,0,"East Oroville, Okanogan County",330146,East Oroville,2017-12-11 06:21:28.832196
2010-03-04,05:00,41.3,,40.6,97.4,0.49,NE@1.4,2.8,45.0,0.0,0,"East Oroville, Okanogan County",330146,East Oroville,2017-12-11 06:21:28.832196
2010-03-04,05:15,41.5,,40.8,97.0,0.47,E@1.7,3.5,45.0,0.0,0,"East Oroville, Okanogan County",330146,East Oroville,2017-12-11 06:21:28.832196
2010-03-04,05:30,40.9,,39.7,95.6,0.38,N@2.2,4.9,45.0,0.0,0,"East Oroville, Okanogan County",330146,East Oroville,2017-12-11 06:21:28.832196
2010-03-04,05:45,40.5,,39.4,95.8,0.25,E@2.8,3.9,44.9,0.0,0,"East Oroville, Okanogan County",330146,East Oroville,2017-12-11 06:21:28.832196
2010-03-04,06:00,41.2,,40.0,95.4,0.14,E@2.3,2.8,44.9,0.0,0,"East Oroville, Okanogan County",330146,East Oroville,2017-12-11 06:21:28.832196
2010-03-04,06:15,40.7,,39.5,95.2,0.09,NW@1.4,2.8,44.9,0.0,0,"East Oroville, Okanogan County",330146,East Oroville,2017-12-11 06:21:28.832196
2010-03-04,06:30,41.1,,39.9,95.2,0.21,N@0.2,1.7,44.9,0.0,0,"East Oroville, Okanogan County",330146,East Oroville,2017-12-11 06:21:28.832196
2010-03-04,06:45,41.8,,40.4,94.7,0.68,NE@0.8,2.4,44.8,0.0,3,"East Oroville, Okanogan County",330146,East Oroville,2017-12-11 06:21:28.832196
2010-03-04,07:00,40.7,,39.6,95.8,0.93,SW@2.2,4.2,44.8,0.01,11,"East Oroville, Okanogan County",330146,East Oroville,2017-12-11 06:21:28.832196
2010-03-04,07:15,40.1,,39.5,97.6,0.92,NE@0.3,2.8,44.8,0.0,20,"East Oroville, Okanogan County",330146,East Oroville,2017-12-11 06:21:28.832196
2010-03-04,07:30,40.7,,40.2,98.2,0.92,S@2.3,3.5,44.8,0.0,32,"East Oroville, Okanogan County",330146,East Oroville,2017-12-11 06:21:28.832196
2010-03-04,07:45,40.4,,40.0,98.2,0.92,W@1.2,2.4,44.7,0.0,47,"East Oroville, Okanogan County",330146,East Oroville,2017-12-11 06:21:28.832196
2010-03-04,08:00,40.8,,40.4,98.6,0.92,NE@1.3,3.1,44.7,0.0,55,"East Oroville, Okanogan County",330146,East Oroville,2017-12-11 06:21:28.832196
2010-03-04,08:15,41.9,,41.2,97.5,0.9,SE@2.5,3.9,44.7,0.0,74,"East Oroville, Okanogan County",330146,East Oroville,2017-12-11 06:21:28.832196
2010-03-04,08:30,41.3,,40.5,96.8,0.88,NW@3.3,5.7,44.7,0.0,101,"East Oroville, Okanogan County",330146,East Oroville,2017-12-11 06:21:28.832196
2010-03-04,08:45,40.9,,40.6,99.0,0.88,W@3.6,5.3,44.6,0.0,120,"East Oroville, Okanogan County",330146,East Oroville,2017-12-11 06:21:28.832196
2010-03-04,09:00,40.7,,40.4,98.7,0.87,W@3.6,5.7,44.6,0.0,137,"East Oroville, Okanogan County",330146,East Oroville,2017-12-11 06:21:28.832196
2010-03-04,09:15,42.4,,41.9,98.0,0.87,SW@2.1,4.6,44.6,0.0,194,"East Oroville, Okanogan County",330146,East Oroville,2017-12-11 06:21:28.832196
2010-03-04,09:30,42.8,,41.7,95.9,0.87,SE@2.9,4.2,44.6,0.0,298,"East Oroville, Okanogan County",330146,East Oroville,2017-12-11 06:21:28.832196
2010-03-04,09:45,45.1,,42.7,91.4,0.85,W@2.6,6.0,44.6,0.0,551,"East Oroville, Okanogan County",330146,East Oroville,2017-12-11 06:21:28.832196
2010-03-04,10:00,45.1,,42.8,91.5,0.76,NW@3.7,6.0,44.5,0.0,498,"East Oroville, Okanogan County",330146,East Oroville,2017-12-11 06:21:28.832196
2010-03-04,10:15,46.1,,42.9,88.7,0.5,NW@4.9,7.4,44.6,0.0,527,"East Oroville, Okanogan County",330146,East Oroville,2017-12-11 06:21:28.832196
2010-03-04,10:30,47.3,,42.4,82.9,0.04,NW@4.8,7.4,44.6,0.0,569,"East Oroville, Okanogan County",330146,East Oroville,2017-12-11 06:21:28.832196
2010-03-04,10:45,48.5,,42.2,78.6,0.0,W@4.7,7.1,44.6,0.0,614,"East Oroville, Okanogan County",330146,East Oroville,2017-12-11 06:21:28.832196
2010-03-04,11:00,48.2,,42.7,81.3,0.0,SW@5.4,7.4,44.6,0.0,612,"East Oroville, Okanogan County",330146,East Oroville,2017-12-11 06:21:28.832196
2010-03-04,11:15,48.8,,42.8,79.6,0.0,W@3.5,6.0,44.6,0.0,598,"East Oroville, Okanogan County",330146,East Oroville,2017-12-11 06:21:28.832196
2010-03-04,11:30,49.9,,42.5,75.6,0.0,SW@3.2,5.7,44.7,0.0,599,"East Oroville, Okanogan County",330146,East Oroville,2017-12-11 06:21:28.832196
2010-03-04,11:45,51.1,,42.5,72.4,0.0,SW@3.5,6.0,44.7,0.0,600,"East Oroville, Okanogan County",330146,East Oroville,2017-12-11 06:21:28.832196
2010-03-04,12:00,51.5,,42.0,69.8,0.0,SW@4.0,6.4,44.8,0.0,607,"East Oroville, Okanogan County",330146,East Oroville,2017-12-11 06:21:28.832196
2010-03-04,12:15,52.7,,42.0,66.6,0.0,W@3.8,6.0,44.9,0.0,616,"East Oroville, Okanogan County",330146,East Oroville,2017-12-11 06:21:28.832196
2010-03-04,12:30,53.1,,40.6,62.2,0.0,SW@4.0,6.0,45.0,0.0,618,"East Oroville, Okanogan County",330146,East Oroville,2017-12-11 06:21:28.832196
2010-03-04,12:45,53.9,,38.7,56.4,0.0,W@3.9,6.4,45.2,0.0,613,"East Oroville, Okanogan County",330146,East Oroville,2017-12-11 06:21:28.832196
2010-03-04,13:00,54.5,,38.5,54.6,0.0,SW@3.6,6.7,45.3,0.0,605,"East Oroville, Okanogan County",330146,East Oroville,2017-12-11 06:21:28.832196
2010-03-04,13:15,54.8,,38.3,53.6,0.0,SW@3.8,6.0,45.5,0.0,595,"East Oroville, Okanogan County",330146,East Oroville,2017-12-11 06:21:28.832196
2010-03-04,13:30,55.1,,37.7,51.8,0.0,W@4.2,6.4,45.7,0.0,580,"East Oroville, Okanogan County",330146,East Oroville,2017-12-11 06:21:28.832196
2010-03-04,13:45,55.8,,37.3,49.8,0.0,SW@3.5,7.4,45.9,0.0,560,"East Oroville, Okanogan County",330146,East Oroville,2017-12-11 06:21:28.832196
2010-03-04,14:00,56.7,,37.6,48.7,0.0,S@3.7,7.4,46.1,0.0,540,"East Oroville, Okanogan County",330146,East Oroville,2017-12-11 06:21:28.832196
2010-03-04,14:15,56.6,,36.3,46.5,0.0,SW@3.2,6.7,46.3,0.0,519,"East Oroville, Okanogan County",330146,East Oroville,2017-12-11 06:21:28.832196
2010-03-04,14:30,56.9,,38.1,49.1,0.0,SW@4.9,7.8,46.5,0.0,491,"East Oroville, Okanogan County",330146,East Oroville,2017-12-11 06:21:28.832196
2010-03-04,14:45,57.1,,38.2,49.2,0.0,SW@4.3,7.4,46.7,0.0,461,"East Oroville, Okanogan County",330146,East Oroville,2017-12-11 06:21:28.832196
2010-03-04,15:00,57.2,,37.7,48.0,0.0,SW@3.9,8.5,47.0,0.0,428,"East Oroville, Okanogan County",330146,East Oroville,2017-12-11 06:21:28.832196
2010-03-04,15:15,57.3,,37.8,48.0,0.0,S@4.2,6.4,47.2,0.0,395,"East Oroville, Okanogan County",330146,East Oroville,2017-12-11 06:21:28.832196
2010-03-04,15:30,57.1,,38.3,49.4,0.0,SW@4.4,8.2,47.4,0.0,333,"East Oroville, Okanogan County",330146,East Oroville,2017-12-11 06:21:28.832196
2010-03-04,15:45,56.2,,37.8,50.1,0.0,W@2.4,5.7,47.6,0.0,142,"East Oroville, Okanogan County",330146,East Oroville,2017-12-11 06:21:28.832196
2010-03-04,16:00,56.8,,38.0,49.4,0.0,SW@3.9,6.4,47.9,0.0,220,"East Oroville, Okanogan County",330146,East Oroville,2017-12-11 06:21:28.832196
2010-03-04,16:15,55.2,,36.8,49.8,0.0,SW@3.8,6.0,48.1,0.0,60,"East Oroville, Okanogan County",330146,East Oroville,2017-12-11 06:21:28.832196
2010-03-04,16:30,54.5,,35.9,49.3,0.0,S@2.7,4.9,48.3,0.0,45,"East Oroville, Okanogan County",330146,East Oroville,2017-12-11 06:21:28.832196
2010-03-04,16:45,54.1,,35.2,48.6,0.0,SE@3.2,7.4,48.5,0.0,43,"East Oroville, Okanogan County",330146,East Oroville,2017-12-11 06:21:28.832196
2010-03-04,17:00,53.6,,35.4,50.0,0.0,SE@3.9,7.1,48.7,0.0,28,"East Oroville, Okanogan County",330146,East Oroville,2017-12-11 06:21:28.832196
2010-03-04,17:15,53.0,,35.4,50.9,0.0,SE@2.6,4.6,48.9,0.0,21,"East Oroville, Okanogan County",330146,East Oroville,2017-12-11 06:21:28.832196
2010-03-04,17:30,52.6,,34.7,50.4,0.0,E@3.0,4.6,49.0,0.0,16,"East Oroville, Okanogan County",330146,East Oroville,2017-12-11 06:21:28.832196
2010-03-04,17:45,51.8,,34.3,51.1,0.0,E@2.9,4.6,49.2,0.0,8,"East Oroville, Okanogan County",330146,East Oroville,2017-12-11 06:21:28.832196
2010-03-04,18:00,51.5,,34.6,52.4,0.0,E@3.3,4.9,49.3,0.0,2,"East Oroville, Okanogan County",330146,East Oroville,2017-12-11 06:21:28.832196
2010-03-04,18:15,50.7,,34.7,54.1,0.0,E@3.3,4.9,49.4,0.0,0,"East Oroville, Okanogan County",330146,East Oroville,2017-12-11 06:21:28.832196
2010-03-04,18:30,50.2,,34.6,54.8,0.0,E@3.4,5.3,49.5,0.0,0,"East Oroville, Okanogan County",330146,East Oroville,2017-12-11 06:21:28.832196
2010-03-04,18:45,50.0,,34.5,55.0,0.0,E@4.5,6.4,49.5,0.0,0,"East Oroville, Okanogan County",330146,East Oroville,2017-12-11 06:21:28.832196
2010-03-04,19:00,49.3,,34.4,56.2,0.0,E@4.6,7.1,49.6,0.0,0,"East Oroville, Okanogan County",330146,East Oroville,2017-12-11 06:21:28.832196
2010-03-04,19:15,48.5,,34.1,57.3,0.0,E@4.6,9.6,49.6,0.0,0,"East Oroville, Okanogan County",330146,East Oroville,2017-12-11 06:21:28.832196
2010-03-04,19:30,47.8,,34.0,58.6,0.0,E@6.3,9.9,49.6,0.0,0,"East Oroville, Okanogan County",330146,East Oroville,2017-12-11 06:21:28.832196
2010-03-04,19:45,47.2,,33.8,59.3,0.0,E@6.8,10.7,49.6,0.0,0,"East Oroville, Okanogan County",330146,East Oroville,2017-12-11 06:21:28.832196
2010-03-04,20:00,47.2,,33.6,59.0,0.0,E@6.2,10.3,49.6,0.0,0,"East Oroville, Okanogan County",330146,East Oroville,2017-12-11 06:21:28.832196
2010-03-04,20:15,46.4,,33.5,60.5,0.0,E@6.2,10.3,49.6,0.0,0,"East Oroville, Okanogan County",330146,East Oroville,2017-12-11 06:21:28.832196
2010-03-04,20:30,45.2,,33.3,62.8,0.0,E@6.4,9.6,49.6,0.0,0,"East Oroville, Okanogan County",330146,East Oroville,2017-12-11 06:21:28.832196
2010-03-04,20:45,45.1,,33.3,63.1,0.0,E@6.4,9.6,49.5,0.0,0,"East Oroville, Okanogan County",330146,East Oroville,2017-12-11 06:21:28.832196
2010-03-04,21:00,44.4,,33.3,64.6,0.0,E@5.8,8.9,49.5,0.0,0,"East Oroville, Okanogan County",330146,East Oroville,2017-12-11 06:21:28.832196
2010-03-04,21:15,44.2,,33.1,64.8,0.0,E@5.3,8.2,49.4,0.0,0,"East Oroville, Okanogan County",330146,East Oroville,2017-12-11 06:21:28.832196
2010-03-04,21:30,44.5,,33.1,64.0,0.0,E@5.9,9.2,49.3,0.0,0,"East Oroville, Okanogan County",330146,East Oroville,2017-12-11 06:21:28.832196
2010-03-04,21:45,44.7,,32.9,63.1,0.0,E@5.3,8.2,49.3,0.0,0,"East Oroville, Okanogan County",330146,East Oroville,2017-12-11 06:21:28.832196
2010-03-04,22:00,44.1,,32.5,63.4,0.0,E@5.9,9.2,49.2,0.0,0,"East Oroville, Okanogan County",330146,East Oroville,2017-12-11 06:21:28.832196
2010-03-04,22:15,44.9,,32.5,61.5,0.0,E@4.6,8.5,49.1,0.0,0,"East Oroville, Okanogan County",330146,East Oroville,2017-12-11 06:21:28.832196
2010-03-04,22:30,43.6,,32.9,65.8,0.0,NE@2.9,6.0,49.0,0.0,0,"East Oroville, Okanogan County",330146,East Oroville,2017-12-11 06:21:28.832196
2010-03-04,22:45,42.7,,32.2,66.2,0.0,E@3.2,5.3,49.0,0.0,0,"East Oroville, Okanogan County",330146,East Oroville,2017-12-11 06:21:28.832196
2010-03-04,23:00,42.2,,32.7,68.7,0.0,NE@1.5,3.9,48.9,0.0,0,"East Oroville, Okanogan County",330146,East Oroville,2017-12-11 06:21:28.832196
2010-03-04,23:15,42.6,,32.9,68.3,0.0,E@2.9,4.2,48.8,0.0,0,"East Oroville, Okanogan County",330146,East Oroville,2017-12-11 06:21:28.832196
2010-03-04,23:30,42.2,,33.1,69.8,0.0,NE@2.5,3.1,48.7,0.0,0,"East Oroville, Okanogan County",330146,East Oroville,2017-12-11 06:21:28.832196
2010-03-04,23:45,42.0,,33.2,70.9,0.0,NE@3.4,4.9,48.6,0.0,0,"East Oroville, Okanogan County",330146,East Oroville,2017-12-11 06:21:28.832196
2010-03-04,24:00,40.9,,33.0,73.2,0.0,E@3.5,5.7,48.5,0.0,0,"East Oroville, Okanogan County",330146,East Oroville,2017-12-11 06:21:28.832196
2010-03-05,00:15,41.0,,33.0,72.8,0.0,NE@1.6,4.2,48.4,0.0,0,"East Oroville, Okanogan County",330146,East Oroville,2017-12-11 06:21:28.832196
2010-03-05,00:30,40.2,,32.5,73.7,0.0,NE@2.9,4.6,48.3,0.0,0,"East Oroville, Okanogan County",330146,East Oroville,2017-12-11 06:21:28.832196
2010-03-05,00:45,40.4,,32.7,73.6,0.0,E@2.0,3.1,48.2,0.0,0,"East Oroville, Okanogan County",330146,East Oroville,2017-12-11 06:21:28.832196
2010-03-05,01:00,40.2,,32.6,74.0,0.0,NE@2.3,6.0,48.1,0.0,0,"East Oroville, Okanogan County",330146,East Oroville,2017-12-11 06:21:28.832196
2010-03-05,01:15,39.8,,32.3,74.2,0.0,E@4.0,6.7,48.0,0.0,0,"East Oroville, Okanogan County",330146,East Oroville,2017-12-11 06:21:28.832196
2010-03-05,01:30,39.7,,32.5,75.1,0.0,N@2.2,3.9,47.9,0.0,0,"East Oroville, Okanogan County",330146,East Oroville,2017-12-11 06:21:28.832196
2010-03-05,01:45,38.2,,31.9,77.7,0.0,E@1.2,3.5,47.8,0.0,0,"East Oroville, Okanogan County",330146,East Oroville,2017-12-11 06:21:28.832196
2010-03-05,02:00,37.5,,31.4,78.2,0.0,N@3.0,5.7,47.6,0.0,0,"East Oroville, Okanogan County",330146,East Oroville,2017-12-11 06:21:28.832196
2010-03-05,02:15,38.4,,31.3,75.2,0.0,N@2.9,4.6,47.5,0.0,0,"East Oroville, Okanogan County",330146,East Oroville,2017-12-11 06:21:28.832196
2010-03-05,02:30,38.0,,31.0,75.8,0.0,N@1.1,4.6,47.4,0.0,0,"East Oroville, Okanogan County",330146,East Oroville,2017-12-11 06:21:28.832196
2010-03-05,02:45,37.4,,31.0,77.5,0.0,E@1.1,2.8,47.3,0.0,0,"East Oroville, Okanogan County",330146,East Oroville,2017-12-11 06:21:28.832196
2010-03-05,03:00,37.2,,31.1,78.4,0.0,NE@2.2,3.5,47.2,0.0,0,"East Oroville, Okanogan County",330146,East Oroville,2017-12-11 06:21:28.832196
2010-03-05,03:15,37.8,,31.5,77.8,0.0,N@2.9,3.9,47.0,0.0,0,"East Oroville, Okanogan County",330146,East Oroville,2017-12-11 06:21:28.832196
2010-03-05,03:30,38.7,,31.7,75.6,0.0,NE@1.8,2.8,46.9,0.0,0,"East Oroville, Okanogan County",330146,East Oroville,2017-12-11 06:21:28.832196
2010-03-05,03:45,38.4,,31.6,76.2,0.0,N@0.3,2.1,46.8,0.0,0,"East Oroville, Okanogan County",330146,East Oroville,2017-12-11 06:21:28.832196
2010-03-05,04:00,37.2,,31.5,79.8,0.0,NE@1.2,2.4,46.7,0.0,0,"East Oroville, Okanogan County",330146,East Oroville,2017-12-11 06:21:28.832196
2010-03-05,04:15,37.7,,31.5,77.9,0.0,NE@1.0,2.4,46.6,0.0,0,"East Oroville, Okanogan County",330146,East Oroville,2017-12-11 06:21:28.832196
2010-03-05,04:30,37.0,,31.7,80.9,0.0,NE@0.5,2.1,46.5,0.0,0,"East Oroville, Okanogan County",330146,East Oroville,2017-12-11 06:21:28.832196
2010-03-05,04:45,37.3,,32.2,81.7,0.0,N@0.0,0.0,46.3,0.0,0,"East Oroville, Okanogan County",330146,East Oroville,2017-12-11 06:21:28.832196
2010-03-05,05:00,36.9,,32.1,82.5,0.01,N@0.6,2.1,46.2,0.0,0,"East Oroville, Okanogan County",330146,East Oroville,2017-12-11 06:21:28.832196
2010-03-05,05:15,36.0,,32.4,86.7,0.01,NE@0.9,2.1,46.1,0.0,0,"East Oroville, Okanogan County",330146,East Oroville,2017-12-11 06:21:28.832196
2010-03-05,05:30,36.0,,32.7,87.7,0.01,N@1.2,2.4,46.0,0.0,0,"East Oroville, Okanogan County",330146,East Oroville,2017-12-11 06:21:28.832196
2010-03-05,05:45,36.9,,32.7,84.5,0.01,E@0.8,2.8,45.9,0.0,0,"East Oroville, Okanogan County",330146,East Oroville,2017-12-11 06:21:28.832196
2010-03-05,06:00,36.9,,32.0,82.4,0.01,N@0.3,1.7,45.7,0.0,0,"East Oroville, Okanogan County",330146,East Oroville,2017-12-11 06:21:28.832196
2010-03-05,06:15,36.6,,31.7,82.2,0.01,NE@1.2,3.1,45.6,0.0,0,"East Oroville, Okanogan County",330146,East Oroville,2017-12-11 06:21:28.832196
2010-03-05,06:30,37.1,,31.7,80.6,0.0,E@0.9,2.4,45.5,0.0,3,"East Oroville, Okanogan County",330146,East Oroville,2017-12-11 06:21:28.832196
2010-03-05,06:45,36.1,,31.5,83.1,0.01,N@2.1,3.5,45.4,0.0,10,"East Oroville, Okanogan County",330146,East Oroville,2017-12-11 06:21:28.832196
2010-03-05,07:00,35.9,,31.9,85.5,0.01,N@0.1,1.7,45.3,0.0,23,"East Oroville, Okanogan County",330146,East Oroville,2017-12-11 06:21:28.832196
2010-03-05,07:15,35.7,,32.3,87.2,0.02,NE@0.7,2.4,45.2,0.0,41,"East Oroville, Okanogan County",330146,East Oroville,2017-12-11 06:21:28.832196
2010-03-05,07:30,36.1,,32.6,86.9,0.01,SE@1.2,3.1,45.1,0.0,65,"East Oroville, Okanogan County",330146,East Oroville,2017-12-11 06:21:28.832196
2010-03-05,07:45,37.9,,33.1,82.7,0.01,E@0.1,1.4,45.0,0.0,98,"East Oroville, Okanogan County",330146,East Oroville,2017-12-11 06:21:28.832196
2010-03-05,08:00,38.1,,33.5,83.1,0.01,W@0.1,2.1,44.8,0.0,112,"East Oroville, Okanogan County",330146,East Oroville,2017-12-11 06:21:28.832196
2010-03-05,08:15,37.1,,33.6,86.9,0.01,W@0.3,2.1,44.7,0.0,148,"East Oroville, Okanogan County",330146,East Oroville,2017-12-11 06:21:28.832196
2010-03-05,08:30,39.4,,33.9,80.5,0.0,N@0.0,0.0,44.6,0.0,186,"East Oroville, Okanogan County",330146,East Oroville,2017-12-11 06:21:28.832196
2010-03-05,08:45,40.0,,34.0,78.9,0.0,W@0.5,2.1,44.5,0.0,218,"East Oroville, Okanogan County",330146,East Oroville,2017-12-11 06:21:28.832196
2010-03-05,09:00,40.5,,34.3,78.5,0.0,SW@1.5,3.5,44.4,0.0,255,"East Oroville, Okanogan County",330146,East Oroville,2017-12-11 06:21:28.832196
2010-03-05,09:15,40.9,,34.9,79.0,0.0,W@2.2,3.9,44.3,0.0,285,"East Oroville, Okanogan County",330146,East Oroville,2017-12-11 06:21:28.832196
2010-03-05,09:30,41.3,,35.4,79.5,0.0,W@2.0,3.9,44.3,0.0,330,"East Oroville, Okanogan County",330146,East Oroville,2017-12-11 06:21:28.832196
2010-03-05,09:45,42.7,,35.5,75.2,0.0,SW@2.2,4.2,44.2,0.0,377,"East Oroville, Okanogan County",330146,East Oroville,2017-12-11 06:21:28.832196
2010-03-05,10:00,43.9,,34.7,69.8,0.0,SW@2.6,4.6,44.1,0.0,426,"East Oroville, Okanogan County",330146,East Oroville,2017-12-11 06:21:28.832196
2010-03-05,10:15,44.0,,35.0,70.4,0.0,W@2.8,4.2,44.1,0.0,460,"East Oroville, Okanogan County",330146,East Oroville,2017-12-11 06:21:28.832196
2010-03-05,10:30,44.5,,34.5,67.7,0.0,W@3.0,4.6,44.0,0.0,485,"East Oroville, Okanogan County",330146,East Oroville,2017-12-11 06:21:28.832196
2010-03-05,10:45,45.1,,34.2,65.5,0.0,W@3.5,5.7,44.0,0.0,506,"East Oroville, Okanogan County",330146,East Oroville,2017-12-11 06:21:28.832196
2010-03-05,11:00,45.2,,33.9,64.3,0.0,SW@4.1,5.7,44.0,0.0,442,"East Oroville, Okanogan County",330146,East Oroville,2017-12-11 06:21:28.832196
2010-03-05,11:15,46.7,,33.4,59.5,0.0,SW@3.7,5.7,44.0,0.0,575,"East Oroville, Okanogan County",330146,East Oroville,2017-12-11 06:21:28.832196
2010-03-05,11:30,47.5,,32.3,55.2,0.0,W@2.8,4.9,44.0,0.0,573,"East Oroville, Okanogan County",330146,East Oroville,2017-12-11 06:21:28.832196
2010-03-05,11:45,49.0,,32.5,52.7,0.0,SW@3.3,5.7,44.1,0.0,587,"East Oroville, Okanogan County",330146,East Oroville,2017-12-11 06:21:28.832196
2010-03-05,12:00,49.4,,31.5,49.9,0.0,W@3.8,6.7,44.1,0.0,587,"East Oroville, Okanogan County",330146,East Oroville,2017-12-11 06:21:28.832196
2010-03-05,12:15,49.9,,31.3,48.7,0.0,W@3.7,5.3,44.2,0.0,578,"East Oroville, Okanogan County",330146,East Oroville,2017-12-11 06:21:28.832196
2010-03-05,12:30,50.7,,31.4,47.4,0.0,W@4.2,6.0,44.3,0.0,586,"East Oroville, Okanogan County",330146,East Oroville,2017-12-11 06:21:28.832196
2010-03-05,12:45,51.3,,31.7,46.7,0.0,W@4.7,6.4,44.4,0.0,587,"East Oroville, Okanogan County",330146,East Oroville,2017-12-11 06:21:28.832196
2010-03-05,13:00,52.3,,32.0,45.7,0.0,W@4.3,6.0,44.5,0.0,582,"East Oroville, Okanogan County",330146,East Oroville,2017-12-11 06:21:28.832196
2010-03-05,13:15,53.0,,32.4,45.3,0.0,W@3.8,6.0,44.7,0.0,571,"East Oroville, Okanogan County",330146,East Oroville,2017-12-11 06:21:28.832196
2010-03-05,13:30,53.2,,32.4,44.9,0.0,W@3.6,6.0,44.8,0.0,534,"East Oroville, Okanogan County",330146,East Oroville,2017-12-11 06:21:28.832196
2010-03-05,13:45,54.8,,33.2,43.7,0.0,W@2.6,5.7,45.0,0.0,515,"East Oroville, Okanogan County",330146,East Oroville,2017-12-11 06:21:28.832196
2010-03-05,14:00,55.2,,32.9,42.7,0.0,W@3.2,6.4,45.2,0.0,532,"East Oroville, Okanogan County",330146,East Oroville,2017-12-11 06:21:28.832196
2010-03-05,14:15,55.9,,33.0,41.7,0.0,SW@3.2,7.1,45.4,0.0,508,"East Oroville, Okanogan County",330146,East Oroville,2017-12-11 06:21:28.832196
2010-03-05,14:30,57.0,,33.5,41.0,0.0,SW@2.9,6.0,45.6,0.0,479,"East Oroville, Okanogan County",330146,East Oroville,2017-12-11 06:21:28.832196
2010-03-05,14:45,57.0,,33.6,41.1,0.0,NW@3.0,5.7,45.8,0.0,440,"East Oroville, Okanogan County",330146,East Oroville,2017-12-11 06:21:28.832196
2010-03-05,15:00,57.4,,33.7,40.6,0.0,SW@3.7,6.7,46.0,0.0,424,"East Oroville, Okanogan County",330146,East Oroville,2017-12-11 06:21:28.832196
2010-03-05,15:15,57.6,,33.5,40.0,0.0,SW@3.6,6.7,46.2,0.0,394,"East Oroville, Okanogan County",330146,East Oroville,2017-12-11 06:21:28.832196
2010-03-05,15:30,58.3,,33.3,38.7,0.0,SW@3.4,7.1,46.4,0.0,357,"East Oroville, Okanogan County",330146,East Oroville,2017-12-11 06:21:28.832196
2010-03-05,15:45,57.8,,33.4,39.6,0.0,SW@4.1,9.9,46.6,0.0,317,"East Oroville, Okanogan County",330146,East Oroville,2017-12-11 06:21:28.832196
2010-03-05,16:00,58.5,,33.1,38.2,0.0,W@2.6,7.4,46.8,0.0,279,"East Oroville, Okanogan County",330146,East Oroville,2017-12-11 06:21:28.832196
2010-03-05,16:15,58.4,,33.6,39.1,0.0,SW@3.1,5.7,47.1,0.0,238,"East Oroville, Okanogan County",330146,East Oroville,2017-12-11 06:21:28.832196
2010-03-05,16:30,57.8,,33.1,39.1,0.0,SW@4.1,7.1,47.3,0.0,191,"East Oroville, Okanogan County",330146,East Oroville,2017-12-11 06:21:28.832196
2010-03-05,16:45,57.6,,33.1,39.4,0.0,S@4.7,6.7,47.5,0.0,158,"East Oroville, Okanogan County",330146,East Oroville,2017-12-11 06:21:28.832196
2010-03-05,17:00,57.3,,33.9,41.1,0.0,SW@3.3,5.7,47.7,0.0,118,"East Oroville, Okanogan County",330146,East Oroville,2017-12-11 06:21:28.832196
2010-03-05,17:15,57.2,,33.4,40.5,0.0,SW@1.6,3.9,47.9,0.0,72,"East Oroville, Okanogan County",330146,East Oroville,2017-12-11 06:21:28.832196
2010-03-05,17:30,55.1,,32.8,42.7,0.0,E@1.6,4.6,48.0,0.0,19,"East Oroville, Okanogan County",330146,East Oroville,2017-12-11 06:21:28.832196
2010-03-05,17:45,54.0,,32.4,43.6,0.0,E@2.3,3.5,48.2,0.0,10,"East Oroville, Okanogan County",330146,East Oroville,2017-12-11 06:21:28.832196
2010-03-05,18:00,52.9,,32.1,44.8,0.0,E@2.8,4.2,48.3,0.0,4,"East Oroville, Okanogan County",330146,East Oroville,2017-12-11 06:21:28.832196
2010-03-05,18:15,52.4,,31.6,44.8,0.0,E@2.7,4.2,48.5,0.0,0,"East Oroville, Okanogan County",330146,East Oroville,2017-12-11 06:21:28.832196
2010-03-05,18:30,51.8,,31.4,45.5,0.0,E@4.1,8.2,48.6,0.0,0,"East Oroville, Okanogan County",330146,East Oroville,2017-12-11 06:21:28.832196
2010-03-05,18:45,50.0,,32.5,50.8,0.0,E@5.5,7.8,48.7,0.0,0,"East Oroville, Okanogan County",330146,East Oroville,2017-12-11 06:21:28.832196
2010-03-05,19:00,47.9,,32.7,55.3,0.0,E@6.0,9.9,48.8,0.0,0,"East Oroville, Okanogan County",330146,East Oroville,2017-12-11 06:21:28.832196
2010-03-05,19:15,46.7,,32.7,58.0,0.0,E@6.8,10.3,48.9,0.0,0,"East Oroville, Okanogan County",330146,East Oroville,2017-12-11 06:21:28.832196
2010-03-05,19:30,45.7,,32.4,59.6,0.0,E@7.6,10.3,49.0,0.0,0,"East Oroville, Okanogan County",330146,East Oroville,2017-12-11 06:21:28.832196
2010-03-05,19:45,46.0,,32.1,58.0,0.0,E@7.5,11.4,49.0,0.0,0,"East Oroville, Okanogan County",330146,East Oroville,2017-12-11 06:21:28.832196
2010-03-05,20:00,45.6,,31.7,58.1,0.0,E@7.0,10.3,49.0,0.0,0,"East Oroville, Okanogan County",330146,East Oroville,2017-12-11 06:21:28.832196
2010-03-05,20:15,46.2,,31.9,57.3,0.0,NE@4.5,9.6,49.0,0.0,0,"East Oroville, Okanogan County",330146,East Oroville,2017-12-11 06:21:28.832196
2010-03-05,20:30,45.9,,31.9,57.7,0.0,NE@2.8,5.3,49.0,0.0,0,"East Oroville, Okanogan County",330146,East Oroville,2017-12-11 06:21:28.832196
2010-03-05,20:45,45.1,,32.3,60.6,0.0,NE@2.3,3.1,49.0,0.0,0,"East Oroville, Okanogan County",330146,East Oroville,2017-12-11 06:21:28.832196
2010-03-05,21:00,45.2,,32.4,60.6,0.0,E@2.9,4.2,49.0,0.0,0,"East Oroville, Okanogan County",330146,East Oroville,2017-12-11 06:21:28.832196
2010-03-05,21:15,45.0,,32.0,60.2,0.0,NE@3.3,4.2,49.0,0.0,0,"East Oroville, Okanogan County",330146,East Oroville,2017-12-11 06:21:28.832196
2010-03-05,21:30,44.2,,31.5,60.9,0.0,E@4.7,7.1,48.9,0.0,0,"East Oroville, Okanogan County",330146,East Oroville,2017-12-11 06:21:28.832196
2010-03-05,21:45,43.7,,31.5,61.9,0.0,NE@4.0,7.8,48.9,0.0,0,"East Oroville, Okanogan County",330146,East Oroville,2017-12-11 06:21:28.832196
2010-03-05,22:00,43.7,,31.7,62.3,0.0,E@2.6,5.7,48.8,0.0,0,"East Oroville, Okanogan County",330146,East Oroville,2017-12-11 06:21:28.832196
2010-03-05,22:15,42.9,,31.9,64.9,0.0,N@3.2,4.2,48.8,0.0,0,"East Oroville, Okanogan County",330146,East Oroville,2017-12-11 06:21:28.832196
2010-03-05,22:30,42.3,,32.3,67.4,0.0,N@3.8,4.9,48.7,0.0,0,"East Oroville, Okanogan County",330146,East Oroville,2017-12-11 06:21:28.832196
2010-03-05,22:45,42.6,,32.2,66.5,0.0,N@4.0,5.3,48.6,0.0,0,"East Oroville, Okanogan County",330146,East Oroville,2017-12-11 06:21:28.832196
2010-03-05,23:00,42.5,,31.8,65.5,0.0,NE@3.1,4.2,48.5,0.0,0,"East Oroville, Okanogan County",330146,East Oroville,2017-12-11 06:21:28.832196
2010-03-05,23:15,42.2,,31.4,65.1,0.0,NE@2.3,3.5,48.5,0.0,0,"East Oroville, Okanogan County",330146,East Oroville,2017-12-11 06:21:28.832196
2010-03-05,23:30,40.8,,31.4,68.9,0.0,N@1.1,3.1,48.4,0.0,0,"East Oroville, Okanogan County",330146,East Oroville,2017-12-11 06:21:28.832196
2010-03-05,23:45,39.3,,31.3,72.9,0.0,E@2.0,4.6,48.3,0.0,0,"East Oroville, Okanogan County",330146,East Oroville,2017-12-11 06:21:28.832196
2010-03-05,24:00,40.0,,31.1,70.2,0.0,E@3.1,4.2,48.2,0.0,0,"East Oroville, Okanogan County",330146,East Oroville,2017-12-11 06:21:28.832196
