Date,Time PST,Air Temp °F, 2<sup>nd</sup> Air Temp °F, Dew Point °F, Rel Hum %, Leaf Wet u., Wind Dir @ Speed mph, Wind Gust mph, 2 in. Soil Tmp °F, 8 in. Soil Tmp °F, Soil VWC %, Tot Prec in, Solar Rad W/m², Atm. Press. inHg,Location,Station ID,Station Name,Download Timestamp
2008-04-30,00:15,43.5,,27.3,52.3,0.0,W@4.5,7.4,,60.4,2487.7,0.0,0,,"Pasco North (North Pasco), Franklin County",100025,Pasco North (North Pasco),2017-11-23 21:36:56.525375
2008-04-30,00:30,43.2,,28.0,54.7,0.0,W@3.5,5.3,,60.3,2486.1,0.0,0,,"Pasco North (North Pasco), Franklin County",100025,Pasco North (North Pasco),2017-11-23 21:36:56.525375
2008-04-30,00:45,42.9,,27.2,53.6,0.0,W@3.8,6.0,,60.3,2483.0,0.0,0,,"Pasco North (North Pasco), Franklin County",100025,Pasco North (North Pasco),2017-11-23 21:36:56.525375
2008-04-30,01:00,42.4,,27.5,55.2,0.0,W@3.1,5.7,,60.3,2483.0,0.0,0,,"Pasco North (North Pasco), Franklin County",100025,Pasco North (North Pasco),2017-11-23 21:36:56.525375
2008-04-30,01:15,41.7,,28.7,59.5,0.0,W@2.8,7.1,,60.3,2483.3,0.0,0,,"Pasco North (North Pasco), Franklin County",100025,Pasco North (North Pasco),2017-11-23 21:36:56.525375
2008-04-30,01:30,41.7,,28.0,57.8,0.0,W@2.8,6.0,,60.2,2483.8,0.0,0,,"Pasco North (North Pasco), Franklin County",100025,Pasco North (North Pasco),2017-11-23 21:36:56.525375
2008-04-30,01:45,41.2,,26.7,56.1,0.0,W@3.1,4.9,,60.2,2483.7,0.0,0,,"Pasco North (North Pasco), Franklin County",100025,Pasco North (North Pasco),2017-11-23 21:36:56.525375
2008-04-30,02:00,40.8,,26.5,56.2,0.0,W@2.6,4.9,,60.1,2479.1,0.0,0,,"Pasco North (North Pasco), Franklin County",100025,Pasco North (North Pasco),2017-11-23 21:36:56.525375
2008-04-30,02:15,39.5,,26.7,59.7,0.0,S@2.6,5.3,,60.0,2479.3,0.0,0,,"Pasco North (North Pasco), Franklin County",100025,Pasco North (North Pasco),2017-11-23 21:36:56.525375
2008-04-30,02:30,38.9,,26.1,59.7,0.0,SW@3.5,8.2,,60.0,2479.9,0.0,0,,"Pasco North (North Pasco), Franklin County",100025,Pasco North (North Pasco),2017-11-23 21:36:56.525375
2008-04-30,02:45,38.8,,26.0,59.7,0.0,SW@3.4,7.4,,60.0,2480.0,0.0,0,,"Pasco North (North Pasco), Franklin County",100025,Pasco North (North Pasco),2017-11-23 21:36:56.525375
2008-04-30,03:00,38.0,,26.0,61.6,0.0,SW@3.5,7.4,,59.9,2476.8,0.0,0,,"Pasco North (North Pasco), Franklin County",100025,Pasco North (North Pasco),2017-11-23 21:36:56.525375
2008-04-30,03:15,37.6,,25.7,61.8,0.0,SW@3.6,7.1,,59.9,2475.2,0.0,0,,"Pasco North (North Pasco), Franklin County",100025,Pasco North (North Pasco),2017-11-23 21:36:56.525375
2008-04-30,03:30,37.4,,25.9,62.7,0.0,SW@4.6,8.2,,59.8,2475.2,0.0,0,,"Pasco North (North Pasco), Franklin County",100025,Pasco North (North Pasco),2017-11-23 21:36:56.525375
2008-04-30,03:45,37.4,,25.7,62.3,0.0,SW@4.1,7.1,,59.8,2475.2,0.0,0,,"Pasco North (North Pasco), Franklin County",100025,Pasco North (North Pasco),2017-11-23 21:36:56.525375
2008-04-30,04:00,37.3,,26.0,63.4,0.0,SW@3.4,6.0,,59.7,2475.2,0.0,0,,"Pasco North (North Pasco), Franklin County",100025,Pasco North (North Pasco),2017-11-23 21:36:56.525375
2008-04-30,04:15,37.0,,26.3,65.1,0.01,SW@3.5,6.4,,59.7,2475.2,0.0,0,,"Pasco North (North Pasco), Franklin County",100025,Pasco North (North Pasco),2017-11-23 21:36:56.525375
2008-04-30,04:30,37.1,,26.3,64.6,0.01,SW@3.9,7.4,,59.6,2470.5,0.0,0,,"Pasco North (North Pasco), Franklin County",100025,Pasco North (North Pasco),2017-11-23 21:36:56.525375
2008-04-30,04:45,36.5,,26.1,65.5,0.01,SW@3.6,6.7,,59.5,2470.5,0.0,2,,"Pasco North (North Pasco), Franklin County",100025,Pasco North (North Pasco),2017-11-23 21:36:56.525375
2008-04-30,05:00,36.5,,26.1,65.5,0.01,S@2.5,5.7,,59.5,2470.5,0.0,9,,"Pasco North (North Pasco), Franklin County",100025,Pasco North (North Pasco),2017-11-23 21:36:56.525375
2008-04-30,05:15,36.8,,26.2,65.3,0.01,SW@3.4,8.5,,59.4,2468.8,0.0,20,,"Pasco North (North Pasco), Franklin County",100025,Pasco North (North Pasco),2017-11-23 21:36:56.525375
2008-04-30,05:30,36.9,,26.4,65.4,0.0,SW@3.2,6.7,,59.4,2465.7,0.0,28,,"Pasco North (North Pasco), Franklin County",100025,Pasco North (North Pasco),2017-11-23 21:36:56.525375
2008-04-30,05:45,37.5,,26.6,64.3,0.0,SW@4.0,7.8,,59.3,2465.7,0.0,40,,"Pasco North (North Pasco), Franklin County",100025,Pasco North (North Pasco),2017-11-23 21:36:56.525375
2008-04-30,06:00,38.2,,26.5,62.4,0.0,SW@4.2,7.1,,59.2,2465.7,0.0,66,,"Pasco North (North Pasco), Franklin County",100025,Pasco North (North Pasco),2017-11-23 21:36:56.525375
2008-04-30,06:15,39.0,,26.6,60.7,0.0,SW@5.4,9.6,,59.2,2465.7,0.0,101,,"Pasco North (North Pasco), Franklin County",100025,Pasco North (North Pasco),2017-11-23 21:36:56.525375
2008-04-30,06:30,40.1,,26.7,58.5,0.0,SW@5.5,9.9,,59.1,2465.5,0.0,163,,"Pasco North (North Pasco), Franklin County",100025,Pasco North (North Pasco),2017-11-23 21:36:56.525375
2008-04-30,06:45,40.5,,26.5,57.1,0.0,SW@6.3,9.9,,59.0,2463.1,0.0,208,,"Pasco North (North Pasco), Franklin County",100025,Pasco North (North Pasco),2017-11-23 21:36:56.525375
2008-04-30,07:00,41.3,,26.8,56.0,0.0,SW@6.3,12.1,,58.9,2459.8,0.0,243,,"Pasco North (North Pasco), Franklin County",100025,Pasco North (North Pasco),2017-11-23 21:36:56.525375
2008-04-30,07:15,42.1,,26.8,54.2,0.0,SW@6.8,12.4,,58.9,2459.9,0.0,257,,"Pasco North (North Pasco), Franklin County",100025,Pasco North (North Pasco),2017-11-23 21:36:56.525375
2008-04-30,07:30,42.9,,26.9,53.0,0.0,SW@5.9,8.9,,58.8,2459.4,0.0,216,,"Pasco North (North Pasco), Franklin County",100025,Pasco North (North Pasco),2017-11-23 21:36:56.525375
2008-04-30,07:45,43.9,,27.0,51.1,0.0,SW@5.8,9.9,,58.8,2459.1,0.0,222,,"Pasco North (North Pasco), Franklin County",100025,Pasco North (North Pasco),2017-11-23 21:36:56.525375
2008-04-30,08:00,44.7,,26.4,48.5,0.0,SW@6.9,11.0,,58.7,2459.0,0.0,198,,"Pasco North (North Pasco), Franklin County",100025,Pasco North (North Pasco),2017-11-23 21:36:56.525375
2008-04-30,08:15,44.9,,25.9,47.0,0.0,SW@6.7,11.7,,58.6,2454.3,0.0,280,,"Pasco North (North Pasco), Franklin County",100025,Pasco North (North Pasco),2017-11-23 21:36:56.525375
2008-04-30,08:30,46.1,,25.8,44.8,0.0,SW@5.2,8.9,,58.5,2454.3,0.0,290,,"Pasco North (North Pasco), Franklin County",100025,Pasco North (North Pasco),2017-11-23 21:36:56.525375
2008-04-30,08:45,48.1,,25.5,41.0,0.0,SW@6.1,10.3,,58.5,2454.3,0.0,540,,"Pasco North (North Pasco), Franklin County",100025,Pasco North (North Pasco),2017-11-23 21:36:56.525375
2008-04-30,09:00,50.1,,24.9,37.1,0.0,SW@7.5,13.2,,58.4,2453.8,0.0,726,,"Pasco North (North Pasco), Franklin County",100025,Pasco North (North Pasco),2017-11-23 21:36:56.525375
2008-04-30,09:15,49.7,,24.3,36.7,0.0,SW@6.7,11.4,,58.4,2453.4,0.0,549,,"Pasco North (North Pasco), Franklin County",100025,Pasco North (North Pasco),2017-11-23 21:36:56.525375
2008-04-30,09:30,51.5,,24.6,34.8,0.0,SW@6.3,12.1,,58.3,2453.2,0.0,790,,"Pasco North (North Pasco), Franklin County",100025,Pasco North (North Pasco),2017-11-23 21:36:56.525375
2008-04-30,09:45,52.5,,24.5,33.4,0.0,SW@6.1,14.6,,58.2,2452.6,0.0,808,,"Pasco North (North Pasco), Franklin County",100025,Pasco North (North Pasco),2017-11-23 21:36:56.525375
2008-04-30,10:00,52.6,,24.3,33.0,0.0,W@6.3,10.7,,58.2,2452.4,0.0,812,,"Pasco North (North Pasco), Franklin County",100025,Pasco North (North Pasco),2017-11-23 21:36:56.525375
2008-04-30,10:15,53.1,,24.4,32.5,0.0,SW@6.9,12.8,,58.1,2447.7,0.0,879,,"Pasco North (North Pasco), Franklin County",100025,Pasco North (North Pasco),2017-11-23 21:36:56.525375
2008-04-30,10:30,54.4,,23.2,29.4,0.0,SW@5.9,11.0,,58.1,2447.7,0.0,962,,"Pasco North (North Pasco), Franklin County",100025,Pasco North (North Pasco),2017-11-23 21:36:56.525375
2008-04-30,10:45,53.6,,22.4,29.3,0.0,SW@7.1,12.4,,58.0,2447.7,0.0,647,,"Pasco North (North Pasco), Franklin County",100025,Pasco North (North Pasco),2017-11-23 21:36:56.525375
2008-04-30,11:00,53.7,,23.7,30.9,0.0,SW@9.5,14.6,,58.0,2447.7,0.0,793,,"Pasco North (North Pasco), Franklin County",100025,Pasco North (North Pasco),2017-11-23 21:36:56.525375
2008-04-30,11:15,54.2,,23.8,30.5,0.0,SW@8.9,20.3,,58.0,2447.7,0.0,903,,"Pasco North (North Pasco), Franklin County",100025,Pasco North (North Pasco),2017-11-23 21:36:56.525375
2008-04-30,11:30,55.2,,25.1,31.0,0.0,SW@9.0,17.1,,57.9,2447.7,0.0,930,,"Pasco North (North Pasco), Franklin County",100025,Pasco North (North Pasco),2017-11-23 21:36:56.525375
2008-04-30,11:45,54.7,,24.9,31.4,0.0,SW@8.4,13.2,,57.9,2447.7,0.0,963,,"Pasco North (North Pasco), Franklin County",100025,Pasco North (North Pasco),2017-11-23 21:36:56.525375
2008-04-30,12:00,55.1,,25.3,31.4,0.0,SW@8.3,15.0,,57.9,2447.7,0.0,760,,"Pasco North (North Pasco), Franklin County",100025,Pasco North (North Pasco),2017-11-23 21:36:56.525375
2008-04-30,12:15,56.1,,24.4,29.2,0.0,SW@9.2,18.2,,57.9,2447.7,0.0,962,,"Pasco North (North Pasco), Franklin County",100025,Pasco North (North Pasco),2017-11-23 21:36:56.525375
2008-04-30,12:30,54.7,,21.4,27.0,0.0,SW@7.4,12.4,,57.9,2450.9,0.0,558,,"Pasco North (North Pasco), Franklin County",100025,Pasco North (North Pasco),2017-11-23 21:36:56.525375
2008-04-30,12:45,54.3,,22.2,28.4,0.0,SW@8.3,15.3,,57.9,2452.5,0.0,364,,"Pasco North (North Pasco), Franklin County",100025,Pasco North (North Pasco),2017-11-23 21:36:56.525375
2008-04-30,13:00,55.6,,23.7,28.8,0.0,SW@7.9,16.4,,57.9,2452.5,0.0,697,,"Pasco North (North Pasco), Franklin County",100025,Pasco North (North Pasco),2017-11-23 21:36:56.525375
2008-04-30,13:15,56.2,,23.1,27.4,0.0,SW@8.1,14.2,,57.9,2452.5,0.0,781,,"Pasco North (North Pasco), Franklin County",100025,Pasco North (North Pasco),2017-11-23 21:36:56.525375
2008-04-30,13:30,57.2,,23.2,26.6,0.0,SW@7.8,13.9,,57.9,2452.5,0.0,702,,"Pasco North (North Pasco), Franklin County",100025,Pasco North (North Pasco),2017-11-23 21:36:56.525375
2008-04-30,13:45,55.6,,21.8,26.6,0.0,SW@8.7,14.6,,57.9,2454.1,0.0,473,,"Pasco North (North Pasco), Franklin County",100025,Pasco North (North Pasco),2017-11-23 21:36:56.525375
2008-04-30,14:00,55.9,,22.4,26.9,0.0,SW@7.2,12.8,,58.0,2457.2,0.0,440,,"Pasco North (North Pasco), Franklin County",100025,Pasco North (North Pasco),2017-11-23 21:36:56.525375
2008-04-30,14:15,55.3,,22.0,27.2,0.0,SW@5.2,8.9,,58.0,2457.2,0.0,282,,"Pasco North (North Pasco), Franklin County",100025,Pasco North (North Pasco),2017-11-23 21:36:56.525375
2008-04-30,14:30,55.3,,21.0,26.0,0.0,W@6.6,15.0,,58.0,2457.2,0.0,157,,"Pasco North (North Pasco), Franklin County",100025,Pasco North (North Pasco),2017-11-23 21:36:56.525375
2008-04-30,14:45,55.9,,20.0,24.4,0.0,W@11.7,21.0,,58.1,2460.4,0.0,324,,"Pasco North (North Pasco), Franklin County",100025,Pasco North (North Pasco),2017-11-23 21:36:56.525375
2008-04-30,15:00,57.3,,20.1,23.3,0.0,W@9.2,18.5,,58.1,2462.0,0.0,491,,"Pasco North (North Pasco), Franklin County",100025,Pasco North (North Pasco),2017-11-23 21:36:56.525375
2008-04-30,15:15,57.1,,20.0,23.4,0.0,W@9.6,15.7,,58.2,2462.0,0.0,378,,"Pasco North (North Pasco), Franklin County",100025,Pasco North (North Pasco),2017-11-23 21:36:56.525375
2008-04-30,15:30,57.7,,19.9,22.8,0.0,NW@9.7,18.5,,58.2,2463.6,0.0,458,,"Pasco North (North Pasco), Franklin County",100025,Pasco North (North Pasco),2017-11-23 21:36:56.525375
2008-04-30,15:45,57.7,,20.4,23.3,0.0,NW@11.2,18.2,,58.3,2466.8,0.0,481,,"Pasco North (North Pasco), Franklin County",100025,Pasco North (North Pasco),2017-11-23 21:36:56.525375
2008-04-30,16:00,57.3,,19.9,23.1,0.0,NW@12.6,20.3,,58.4,2466.8,0.0,503,,"Pasco North (North Pasco), Franklin County",100025,Pasco North (North Pasco),2017-11-23 21:36:56.525375
2008-04-30,16:15,57.0,,18.7,22.2,0.0,NW@14.1,21.4,,58.4,2468.4,0.0,451,,"Pasco North (North Pasco), Franklin County",100025,Pasco North (North Pasco),2017-11-23 21:36:56.525375
2008-04-30,16:30,55.0,,17.9,22.9,0.0,NW@14.4,25.3,,58.5,2471.6,0.0,231,,"Pasco North (North Pasco), Franklin County",100025,Pasco North (North Pasco),2017-11-23 21:36:56.525375
2008-04-30,16:45,54.1,,16.7,22.5,0.0,NW@13.7,20.7,,58.5,2471.6,0.0,163,,"Pasco North (North Pasco), Franklin County",100025,Pasco North (North Pasco),2017-11-23 21:36:56.525375
2008-04-30,17:00,53.9,,16.3,22.3,0.0,NW@12.8,21.4,,58.6,2471.6,0.0,149,,"Pasco North (North Pasco), Franklin County",100025,Pasco North (North Pasco),2017-11-23 21:36:56.525375
2008-04-30,17:15,54.2,,18.1,23.9,0.0,NW@13.1,19.6,,58.6,2471.6,0.0,148,,"Pasco North (North Pasco), Franklin County",100025,Pasco North (North Pasco),2017-11-23 21:36:56.525375
2008-04-30,17:30,54.5,,19.3,24.9,0.0,NW@12.6,20.7,,58.7,2471.9,0.0,145,,"Pasco North (North Pasco), Franklin County",100025,Pasco North (North Pasco),2017-11-23 21:36:56.525375
2008-04-30,17:45,54.5,,19.2,24.8,0.0,NW@13.3,21.8,,58.7,2476.9,0.0,147,,"Pasco North (North Pasco), Franklin County",100025,Pasco North (North Pasco),2017-11-23 21:36:56.525375
2008-04-30,18:00,54.9,,19.7,24.9,0.0,NW@11.3,18.9,,58.8,2476.7,0.0,207,,"Pasco North (North Pasco), Franklin County",100025,Pasco North (North Pasco),2017-11-23 21:36:56.525375
2008-04-30,18:15,54.6,,19.1,24.7,0.0,NW@11.6,21.4,,58.8,2476.7,0.0,172,,"Pasco North (North Pasco), Franklin County",100025,Pasco North (North Pasco),2017-11-23 21:36:56.525375
2008-04-30,18:30,53.9,,20.3,26.5,0.0,NW@10.2,18.5,,58.9,2476.9,0.0,116,,"Pasco North (North Pasco), Franklin County",100025,Pasco North (North Pasco),2017-11-23 21:36:56.525375
2008-04-30,18:45,52.8,,21.1,28.5,0.0,NW@10.3,20.0,,58.9,2476.9,0.0,61,,"Pasco North (North Pasco), Franklin County",100025,Pasco North (North Pasco),2017-11-23 21:36:56.525375
2008-04-30,19:00,51.8,,20.9,29.4,0.0,NW@10.7,17.8,,59.0,2476.9,0.0,24,,"Pasco North (North Pasco), Franklin County",100025,Pasco North (North Pasco),2017-11-23 21:36:56.525375
2008-04-30,19:15,51.0,,20.6,29.8,0.0,NW@9.5,16.0,,59.0,2478.8,0.0,5,,"Pasco North (North Pasco), Franklin County",100025,Pasco North (North Pasco),2017-11-23 21:36:56.525375
2008-04-30,19:30,50.2,,20.8,31.1,0.0,NW@8.8,17.5,,59.1,2482.0,0.0,1,,"Pasco North (North Pasco), Franklin County",100025,Pasco North (North Pasco),2017-11-23 21:36:56.525375
2008-04-30,19:45,49.4,,22.0,33.7,0.0,NW@9.3,16.0,,59.1,2482.0,0.0,0,,"Pasco North (North Pasco), Franklin County",100025,Pasco North (North Pasco),2017-11-23 21:36:56.525375
2008-04-30,20:00,48.5,,23.0,36.4,0.0,NW@7.2,13.2,,59.1,2482.1,0.0,0,,"Pasco North (North Pasco), Franklin County",100025,Pasco North (North Pasco),2017-11-23 21:36:56.525375
2008-04-30,20:15,47.9,,22.6,36.6,0.0,NW@7.8,15.3,,59.1,2482.5,0.0,0,,"Pasco North (North Pasco), Franklin County",100025,Pasco North (North Pasco),2017-11-23 21:36:56.525375
2008-04-30,20:30,47.8,,23.3,37.8,0.0,NW@8.6,14.2,,59.2,2482.9,0.0,0,,"Pasco North (North Pasco), Franklin County",100025,Pasco North (North Pasco),2017-11-23 21:36:56.525375
2008-04-30,20:45,47.8,,24.0,38.9,0.0,W@7.8,14.6,,59.2,2483.0,0.0,0,,"Pasco North (North Pasco), Franklin County",100025,Pasco North (North Pasco),2017-11-23 21:36:56.525375
2008-04-30,21:00,46.7,,24.2,41.0,0.0,W@7.3,12.4,,59.2,2483.0,0.0,0,,"Pasco North (North Pasco), Franklin County",100025,Pasco North (North Pasco),2017-11-23 21:36:56.525375
2008-04-30,21:15,46.1,,24.8,43.0,0.0,NW@7.0,11.7,,59.2,2483.0,0.0,0,,"Pasco North (North Pasco), Franklin County",100025,Pasco North (North Pasco),2017-11-23 21:36:56.525375
2008-04-30,21:30,46.0,,25.0,43.4,0.0,NW@7.5,13.5,,59.2,2482.9,0.0,0,,"Pasco North (North Pasco), Franklin County",100025,Pasco North (North Pasco),2017-11-23 21:36:56.525375
2008-04-30,21:45,46.0,,25.5,44.4,0.0,NW@9.2,14.6,,59.2,2478.2,0.0,0,,"Pasco North (North Pasco), Franklin County",100025,Pasco North (North Pasco),2017-11-23 21:36:56.525375
2008-04-30,22:00,46.1,,26.1,45.3,0.0,NW@9.4,14.2,,59.2,2478.2,0.0,0,,"Pasco North (North Pasco), Franklin County",100025,Pasco North (North Pasco),2017-11-23 21:36:56.525375
2008-04-30,22:15,45.7,,26.4,46.5,0.0,NW@8.8,15.0,,59.2,2478.2,0.0,0,,"Pasco North (North Pasco), Franklin County",100025,Pasco North (North Pasco),2017-11-23 21:36:56.525375
2008-04-30,22:30,45.7,,26.8,47.3,0.0,NW@9.8,15.7,,59.2,2478.2,0.0,0,,"Pasco North (North Pasco), Franklin County",100025,Pasco North (North Pasco),2017-11-23 21:36:56.525375
2008-04-30,22:45,44.7,,27.3,50.0,0.0,NW@6.8,11.0,,59.2,2478.2,0.0,0,,"Pasco North (North Pasco), Franklin County",100025,Pasco North (North Pasco),2017-11-23 21:36:56.525375
2008-04-30,23:00,44.8,,27.4,50.2,0.0,NW@6.9,11.7,,59.2,2478.2,0.0,0,,"Pasco North (North Pasco), Franklin County",100025,Pasco North (North Pasco),2017-11-23 21:36:56.525375
2008-05-01,23:15,44.5,,27.7,51.4,0.0,NW@5.3,8.2,,59.2,2478.2,0.0,0,,"Pasco North (North Pasco), Franklin County",100025,Pasco North (North Pasco),2017-11-23 21:36:56.525375
2008-05-01,23:30,43.9,,27.9,52.9,0.0,NW@5.9,9.2,,59.2,2478.2,0.0,0,,"Pasco North (North Pasco), Franklin County",100025,Pasco North (North Pasco),2017-11-23 21:36:56.525375
2008-05-01,23:45,44.0,,28.1,53.3,0.0,NW@6.0,8.9,,59.2,2478.3,0.0,0,,"Pasco North (North Pasco), Franklin County",100025,Pasco North (North Pasco),2017-11-23 21:36:56.525375
2008-05-01,24:00,43.2,,28.6,56.1,0.0,NW@3.8,6.0,,59.1,2473.7,0.0,0,,"Pasco North (North Pasco), Franklin County",100025,Pasco North (North Pasco),2017-11-23 21:36:56.525375
2008-05-01,00:15,42.5,,28.2,56.8,0.0,NW@2.8,4.9,,59.1,2474.0,0.0,0,,"Pasco North (North Pasco), Franklin County",100025,Pasco North (North Pasco),2017-11-23 21:36:56.525375
2008-05-01,00:30,41.9,,27.7,56.6,0.0,SW@2.1,3.1,,59.1,2474.2,0.0,0,,"Pasco North (North Pasco), Franklin County",100025,Pasco North (North Pasco),2017-11-23 21:36:56.525375
2008-05-01,00:45,41.2,,26.8,56.2,0.0,SW@3.0,5.7,,59.0,2474.2,0.0,0,,"Pasco North (North Pasco), Franklin County",100025,Pasco North (North Pasco),2017-11-23 21:36:56.525375
2008-05-01,01:00,41.0,,27.3,58.0,0.0,W@3.6,7.4,,59.0,2474.2,0.0,0,,"Pasco North (North Pasco), Franklin County",100025,Pasco North (North Pasco),2017-11-23 21:36:56.525375
2008-05-01,01:15,40.3,,26.9,58.5,0.01,S@1.2,2.8,,59.0,2474.4,0.0,0,,"Pasco North (North Pasco), Franklin County",100025,Pasco North (North Pasco),2017-11-23 21:36:56.525375
2008-05-01,01:30,39.2,,26.9,61.2,0.01,E@2.4,4.2,,58.9,2471.6,0.0,0,,"Pasco North (North Pasco), Franklin County",100025,Pasco North (North Pasco),2017-11-23 21:36:56.525375
2008-05-01,01:45,40.1,,26.7,58.3,0.0,SE@2.1,4.2,,58.9,2470.4,0.0,0,,"Pasco North (North Pasco), Franklin County",100025,Pasco North (North Pasco),2017-11-23 21:36:56.525375
2008-05-01,02:00,39.0,,26.5,60.5,0.01,SW@2.6,4.2,,58.8,2470.5,0.0,0,,"Pasco North (North Pasco), Franklin County",100025,Pasco North (North Pasco),2017-11-23 21:36:56.525375
2008-05-01,02:15,39.1,,26.3,59.6,0.0,SW@2.5,4.6,,58.8,2470.5,0.0,0,,"Pasco North (North Pasco), Franklin County",100025,Pasco North (North Pasco),2017-11-23 21:36:56.525375
2008-05-01,02:30,39.0,,26.5,60.3,0.01,SW@2.0,3.1,,58.8,2468.8,0.0,0,,"Pasco North (North Pasco), Franklin County",100025,Pasco North (North Pasco),2017-11-23 21:36:56.525375
2008-05-01,02:45,38.6,,26.2,60.7,0.01,S@2.4,3.9,,58.7,2465.7,0.0,0,,"Pasco North (North Pasco), Franklin County",100025,Pasco North (North Pasco),2017-11-23 21:36:56.525375
2008-05-01,03:00,38.9,,26.3,60.1,0.01,SW@2.5,3.9,,58.7,2465.7,0.0,0,,"Pasco North (North Pasco), Franklin County",100025,Pasco North (North Pasco),2017-11-23 21:36:56.525375
2008-05-01,03:15,37.9,,26.6,63.5,0.01,S@2.1,3.1,,58.6,2465.7,0.0,0,,"Pasco North (North Pasco), Franklin County",100025,Pasco North (North Pasco),2017-11-23 21:36:56.525375
2008-05-01,03:30,37.8,,26.8,64.0,0.01,S@2.4,4.2,,58.6,2465.7,0.0,0,,"Pasco North (North Pasco), Franklin County",100025,Pasco North (North Pasco),2017-11-23 21:36:56.525375
2008-05-01,03:45,37.3,,27.0,66.1,0.02,S@2.1,3.1,,58.5,2465.7,0.0,0,,"Pasco North (North Pasco), Franklin County",100025,Pasco North (North Pasco),2017-11-23 21:36:56.525375
2008-05-01,04:00,37.0,,27.1,67.1,0.03,SE@2.0,3.5,,58.4,2464.1,0.0,0,,"Pasco North (North Pasco), Franklin County",100025,Pasco North (North Pasco),2017-11-23 21:36:56.525375
2008-05-01,04:15,37.0,,27.1,67.1,0.03,SE@2.2,3.1,,58.4,2460.9,0.0,0,,"Pasco North (North Pasco), Franklin County",100025,Pasco North (North Pasco),2017-11-23 21:36:56.525375
2008-05-01,04:30,37.1,,27.2,67.0,0.03,S@2.1,3.1,,58.3,2460.9,0.0,1,,"Pasco North (North Pasco), Franklin County",100025,Pasco North (North Pasco),2017-11-23 21:36:56.525375
2008-05-01,04:45,37.4,,27.1,66.1,0.03,S@2.2,3.5,,58.3,2460.9,0.0,4,,"Pasco North (North Pasco), Franklin County",100025,Pasco North (North Pasco),2017-11-23 21:36:56.525375
2008-05-01,05:00,37.9,,26.8,64.0,0.03,S@1.8,3.5,,58.2,2457.7,0.0,13,,"Pasco North (North Pasco), Franklin County",100025,Pasco North (North Pasco),2017-11-23 21:36:56.525375
2008-05-01,05:15,38.6,,27.1,62.8,0.02,S@1.8,3.1,,58.2,2456.1,0.0,41,,"Pasco North (North Pasco), Franklin County",100025,Pasco North (North Pasco),2017-11-23 21:36:56.525375
2008-05-01,05:30,39.8,,27.1,60.2,0.01,S@2.0,3.9,,58.1,2456.1,0.0,76,,"Pasco North (North Pasco), Franklin County",100025,Pasco North (North Pasco),2017-11-23 21:36:56.525375
2008-05-01,05:45,40.8,,27.5,58.7,0.0,S@1.9,4.6,,58.0,2456.1,0.0,113,,"Pasco North (North Pasco), Franklin County",100025,Pasco North (North Pasco),2017-11-23 21:36:56.525375
2008-05-01,06:00,41.2,,27.9,59.0,0.0,S@2.3,3.5,,58.0,2456.1,0.0,154,,"Pasco North (North Pasco), Franklin County",100025,Pasco North (North Pasco),2017-11-23 21:36:56.525375
2008-05-01,06:15,41.6,,28.3,58.9,0.0,S@3.0,4.6,,57.9,2455.7,0.0,203,,"Pasco North (North Pasco), Franklin County",100025,Pasco North (North Pasco),2017-11-23 21:36:56.525375
2008-05-01,06:30,42.2,,28.6,58.4,0.0,S@3.2,4.6,,57.8,2453.5,0.0,241,,"Pasco North (North Pasco), Franklin County",100025,Pasco North (North Pasco),2017-11-23 21:36:56.525375
2008-05-01,06:45,43.3,,28.8,56.3,0.0,S@3.0,5.3,,57.8,2450.3,0.0,274,,"Pasco North (North Pasco), Franklin County",100025,Pasco North (North Pasco),2017-11-23 21:36:56.525375
2008-05-01,07:00,43.5,,29.5,57.4,0.0,SW@3.7,5.7,,57.7,2449.7,0.0,295,,"Pasco North (North Pasco), Franklin County",100025,Pasco North (North Pasco),2017-11-23 21:36:56.525375
2008-05-01,07:15,44.3,,30.1,57.0,0.0,S@4.3,6.7,,57.7,2449.5,0.0,368,,"Pasco North (North Pasco), Franklin County",100025,Pasco North (North Pasco),2017-11-23 21:36:56.525375
2008-05-01,07:30,45.3,,30.7,56.4,0.0,S@4.6,7.1,,57.6,2449.5,0.0,408,,"Pasco North (North Pasco), Franklin County",100025,Pasco North (North Pasco),2017-11-23 21:36:56.525375
2008-05-01,07:45,47.2,,30.4,51.9,0.0,SW@4.9,7.8,,57.5,2449.5,0.0,460,,"Pasco North (North Pasco), Franklin County",100025,Pasco North (North Pasco),2017-11-23 21:36:56.525375
2008-05-01,08:00,47.7,,30.5,51.0,0.0,SW@5.4,8.5,,57.5,2447.2,0.0,505,,"Pasco North (North Pasco), Franklin County",100025,Pasco North (North Pasco),2017-11-23 21:36:56.525375
2008-05-01,08:15,49.2,,31.9,51.0,0.0,SW@4.8,8.5,,57.4,2443.8,0.0,546,,"Pasco North (North Pasco), Franklin County",100025,Pasco North (North Pasco),2017-11-23 21:36:56.525375
2008-05-01,08:30,49.7,,30.9,48.1,0.0,SW@4.8,8.2,,57.4,2443.8,0.0,587,,"Pasco North (North Pasco), Franklin County",100025,Pasco North (North Pasco),2017-11-23 21:36:56.525375
2008-05-01,08:45,50.4,,30.0,45.2,0.0,S@4.8,8.2,,57.3,2443.2,0.0,626,,"Pasco North (North Pasco), Franklin County",100025,Pasco North (North Pasco),2017-11-23 21:36:56.525375
2008-05-01,09:00,51.2,,29.6,43.3,0.0,SW@5.2,9.6,,57.2,2443.0,0.0,663,,"Pasco North (North Pasco), Franklin County",100025,Pasco North (North Pasco),2017-11-23 21:36:56.525375
2008-05-01,09:15,51.9,,30.8,44.2,0.0,S@4.2,8.2,,57.2,2442.9,0.0,699,,"Pasco North (North Pasco), Franklin County",100025,Pasco North (North Pasco),2017-11-23 21:36:56.525375
2008-05-01,09:30,52.4,,30.2,42.3,0.0,S@5.0,9.6,,57.1,2442.9,0.0,729,,"Pasco North (North Pasco), Franklin County",100025,Pasco North (North Pasco),2017-11-23 21:36:56.525375
2008-05-01,09:45,52.8,,29.2,40.1,0.0,SW@5.3,10.7,,57.1,2442.9,0.0,760,,"Pasco North (North Pasco), Franklin County",100025,Pasco North (North Pasco),2017-11-23 21:36:56.525375
2008-05-01,10:00,53.7,,29.1,38.6,0.0,SW@5.2,10.7,,57.0,2442.9,0.0,793,,"Pasco North (North Pasco), Franklin County",100025,Pasco North (North Pasco),2017-11-23 21:36:56.525375
2008-05-01,10:15,54.3,,29.3,38.2,0.0,S@5.5,9.6,,57.0,2442.9,0.0,812,,"Pasco North (North Pasco), Franklin County",100025,Pasco North (North Pasco),2017-11-23 21:36:56.525375
2008-05-01,10:30,54.5,,29.3,37.7,0.0,S@6.3,11.7,,57.0,2442.9,0.0,839,,"Pasco North (North Pasco), Franklin County",100025,Pasco North (North Pasco),2017-11-23 21:36:56.525375
2008-05-01,10:45,54.3,,28.2,36.3,0.0,S@6.6,12.8,,56.9,2442.9,0.0,850,,"Pasco North (North Pasco), Franklin County",100025,Pasco North (North Pasco),2017-11-23 21:36:56.525375
2008-05-01,11:00,55.0,,28.6,36.0,0.0,S@6.1,11.7,,56.9,2442.9,0.0,864,,"Pasco North (North Pasco), Franklin County",100025,Pasco North (North Pasco),2017-11-23 21:36:56.525375
2008-05-01,11:15,55.9,,28.3,34.4,0.0,S@6.7,14.2,,56.9,2442.9,0.0,875,,"Pasco North (North Pasco), Franklin County",100025,Pasco North (North Pasco),2017-11-23 21:36:56.525375
2008-05-01,11:30,55.6,,27.6,33.9,0.0,S@7.0,11.7,,56.9,2442.9,0.0,884,,"Pasco North (North Pasco), Franklin County",100025,Pasco North (North Pasco),2017-11-23 21:36:56.525375
2008-05-01,11:45,56.1,,27.3,32.9,0.0,S@6.9,12.8,,56.9,2442.9,0.0,892,,"Pasco North (North Pasco), Franklin County",100025,Pasco North (North Pasco),2017-11-23 21:36:56.525375
2008-05-01,12:00,56.6,,26.2,30.9,0.0,S@7.3,11.7,,56.9,2442.9,0.0,898,,"Pasco North (North Pasco), Franklin County",100025,Pasco North (North Pasco),2017-11-23 21:36:56.525375
2008-05-01,12:15,56.9,,27.0,31.5,0.0,S@7.1,15.0,,56.9,2442.9,0.0,897,,"Pasco North (North Pasco), Franklin County",100025,Pasco North (North Pasco),2017-11-23 21:36:56.525375
2008-05-01,12:30,56.8,,27.1,31.7,0.0,S@7.2,14.2,,56.9,2446.1,0.0,891,,"Pasco North (North Pasco), Franklin County",100025,Pasco North (North Pasco),2017-11-23 21:36:56.525375
2008-05-01,12:45,57.6,,27.1,30.8,0.0,S@6.8,11.4,,56.9,2447.7,0.0,875,,"Pasco North (North Pasco), Franklin County",100025,Pasco North (North Pasco),2017-11-23 21:36:56.525375
2008-05-01,13:00,57.5,,26.4,30.1,0.0,S@5.4,9.2,,57.0,2447.7,0.0,823,,"Pasco North (North Pasco), Franklin County",100025,Pasco North (North Pasco),2017-11-23 21:36:56.525375
2008-05-01,13:15,58.2,,26.8,29.8,0.0,S@5.3,11.4,,57.0,2449.3,0.0,840,,"Pasco North (North Pasco), Franklin County",100025,Pasco North (North Pasco),2017-11-23 21:36:56.525375
2008-05-01,13:30,58.8,,27.5,30.0,0.0,SW@6.0,11.7,,57.0,2452.5,0.0,847,,"Pasco North (North Pasco), Franklin County",100025,Pasco North (North Pasco),2017-11-23 21:36:56.525375
2008-05-01,13:45,58.8,,26.9,29.3,0.0,SE@5.4,11.7,,57.1,2452.5,0.0,830,,"Pasco North (North Pasco), Franklin County",100025,Pasco North (North Pasco),2017-11-23 21:36:56.525375
2008-05-01,14:00,59.5,,26.8,28.5,0.0,S@5.4,9.9,,57.1,2452.5,0.0,802,,"Pasco North (North Pasco), Franklin County",100025,Pasco North (North Pasco),2017-11-23 21:36:56.525375
2008-05-01,14:15,59.9,,27.3,28.6,0.0,S@4.7,8.5,,57.2,2457.2,0.0,772,,"Pasco North (North Pasco), Franklin County",100025,Pasco North (North Pasco),2017-11-23 21:36:56.525375
2008-05-01,14:30,59.4,,27.0,28.8,0.0,SE@5.6,9.9,,57.3,2457.2,0.0,721,,"Pasco North (North Pasco), Franklin County",100025,Pasco North (North Pasco),2017-11-23 21:36:56.525375
2008-05-01,14:45,59.6,,26.6,28.2,0.0,S@5.8,11.4,,57.3,2458.8,0.0,705,,"Pasco North (North Pasco), Franklin County",100025,Pasco North (North Pasco),2017-11-23 21:36:56.525375
2008-05-01,15:00,59.8,,26.5,27.8,0.0,S@4.8,8.2,,57.4,2462.0,0.0,668,,"Pasco North (North Pasco), Franklin County",100025,Pasco North (North Pasco),2017-11-23 21:36:56.525375
2008-05-01,15:15,59.9,,26.8,28.0,0.0,S@5.4,11.4,,57.5,2462.0,0.0,626,,"Pasco North (North Pasco), Franklin County",100025,Pasco North (North Pasco),2017-11-23 21:36:56.525375
2008-05-01,15:30,59.5,,26.0,27.5,0.0,SE@4.1,8.9,,57.6,2465.2,0.0,597,,"Pasco North (North Pasco), Franklin County",100025,Pasco North (North Pasco),2017-11-23 21:36:56.525375
2008-05-01,15:45,60.3,,26.6,27.4,0.0,SE@5.1,10.3,,57.7,2466.8,0.0,527,,"Pasco North (North Pasco), Franklin County",100025,Pasco North (North Pasco),2017-11-23 21:36:56.525375
2008-05-01,16:00,60.2,,25.6,26.5,0.0,SE@4.6,8.9,,57.8,2466.8,0.0,508,,"Pasco North (North Pasco), Franklin County",100025,Pasco North (North Pasco),2017-11-23 21:36:56.525375
2008-05-01,16:15,60.5,,26.0,26.6,0.0,SE@4.2,8.5,,57.8,2471.6,0.0,469,,"Pasco North (North Pasco), Franklin County",100025,Pasco North (North Pasco),2017-11-23 21:36:56.525375
2008-05-01,16:30,59.9,,26.1,27.3,0.0,SE@4.8,8.9,,57.9,2471.6,0.0,422,,"Pasco North (North Pasco), Franklin County",100025,Pasco North (North Pasco),2017-11-23 21:36:56.525375
2008-05-01,16:45,60.2,,26.1,27.0,0.0,SE@4.2,6.4,,58.0,2474.8,0.0,378,,"Pasco North (North Pasco), Franklin County",100025,Pasco North (North Pasco),2017-11-23 21:36:56.525375
2008-05-01,17:00,60.0,,26.6,27.7,0.0,SE@3.9,7.4,,58.1,2476.3,0.0,332,,"Pasco North (North Pasco), Franklin County",100025,Pasco North (North Pasco),2017-11-23 21:36:56.525375
2008-05-01,17:15,58.9,,27.6,30.1,0.0,E@5.7,9.9,,58.2,2478.0,0.0,285,,"Pasco North (North Pasco), Franklin County",100025,Pasco North (North Pasco),2017-11-23 21:36:56.525375
2008-05-01,17:30,58.5,,27.3,30.1,0.0,E@5.4,8.2,,58.3,2481.1,0.0,239,,"Pasco North (North Pasco), Franklin County",100025,Pasco North (North Pasco),2017-11-23 21:36:56.525375
2008-05-01,17:45,58.3,,27.5,30.6,0.0,E@4.5,7.4,,58.5,2481.1,0.0,193,,"Pasco North (North Pasco), Franklin County",100025,Pasco North (North Pasco),2017-11-23 21:36:56.525375
2008-05-01,18:00,58.0,,28.6,32.3,0.0,E@4.1,6.0,,58.6,2481.2,0.0,153,,"Pasco North (North Pasco), Franklin County",100025,Pasco North (North Pasco),2017-11-23 21:36:56.525375
2008-05-01,18:15,57.4,,28.5,32.9,0.0,E@3.9,5.7,,58.6,2485.9,0.0,114,,"Pasco North (North Pasco), Franklin County",100025,Pasco North (North Pasco),2017-11-23 21:36:56.525375
2008-05-01,18:30,56.2,,29.2,35.3,0.0,E@4.0,6.7,,58.7,2485.9,0.0,78,,"Pasco North (North Pasco), Franklin County",100025,Pasco North (North Pasco),2017-11-23 21:36:56.525375
2008-05-01,18:45,54.9,,29.9,38.2,0.0,E@3.6,5.7,,58.8,2486.0,0.0,45,,"Pasco North (North Pasco), Franklin County",100025,Pasco North (North Pasco),2017-11-23 21:36:56.525375
2008-05-01,19:00,53.4,,30.3,40.9,0.0,NE@3.7,4.9,,58.9,2487.6,0.0,19,,"Pasco North (North Pasco), Franklin County",100025,Pasco North (North Pasco),2017-11-23 21:36:56.525375
2008-05-01,19:15,52.4,,31.0,43.7,0.0,NE@3.6,5.3,,59.0,2491.3,0.0,5,,"Pasco North (North Pasco), Franklin County",100025,Pasco North (North Pasco),2017-11-23 21:36:56.525375
2008-05-01,19:30,51.7,,30.5,44.0,0.0,NE@3.7,4.9,,59.1,2491.5,0.0,1,,"Pasco North (North Pasco), Franklin County",100025,Pasco North (North Pasco),2017-11-23 21:36:56.525375
2008-05-01,19:45,50.9,,30.1,44.6,0.0,NE@3.7,4.9,,59.2,2491.6,0.0,0,,"Pasco North (North Pasco), Franklin County",100025,Pasco North (North Pasco),2017-11-23 21:36:56.525375
2008-05-01,20:00,50.6,,29.2,43.4,0.0,NE@3.9,4.9,,59.2,2491.7,0.0,0,,"Pasco North (North Pasco), Franklin County",100025,Pasco North (North Pasco),2017-11-23 21:36:56.525375
2008-05-01,20:15,50.8,,27.9,41.0,0.0,NE@4.0,5.7,,59.3,2492.2,0.0,0,,"Pasco North (North Pasco), Franklin County",100025,Pasco North (North Pasco),2017-11-23 21:36:56.525375
2008-05-01,20:30,50.2,,28.2,42.4,0.0,NE@3.9,4.9,,59.3,2492.5,0.0,0,,"Pasco North (North Pasco), Franklin County",100025,Pasco North (North Pasco),2017-11-23 21:36:56.525375
2008-05-01,20:45,49.8,,28.9,44.2,0.0,NE@3.7,4.6,,59.4,2492.5,0.0,0,,"Pasco North (North Pasco), Franklin County",100025,Pasco North (North Pasco),2017-11-23 21:36:56.525375
2008-05-01,21:00,50.0,,28.5,43.2,0.0,NE@3.8,5.3,,59.5,2492.5,0.0,0,,"Pasco North (North Pasco), Franklin County",100025,Pasco North (North Pasco),2017-11-23 21:36:56.525375
2008-05-01,21:15,49.5,,28.4,43.8,0.0,NE@4.1,5.7,,59.5,2492.5,0.0,0,,"Pasco North (North Pasco), Franklin County",100025,Pasco North (North Pasco),2017-11-23 21:36:56.525375
2008-05-01,21:30,49.2,,28.2,44.0,0.0,NE@4.6,6.0,,59.6,2492.5,0.0,0,,"Pasco North (North Pasco), Franklin County",100025,Pasco North (North Pasco),2017-11-23 21:36:56.525375
2008-05-01,21:45,48.7,,28.1,44.7,0.0,NE@4.6,6.7,,59.6,2492.5,0.0,0,,"Pasco North (North Pasco), Franklin County",100025,Pasco North (North Pasco),2017-11-23 21:36:56.525375
2008-05-01,22:00,47.5,,28.7,47.8,0.0,NE@4.5,6.7,,59.6,2492.5,0.0,0,,"Pasco North (North Pasco), Franklin County",100025,Pasco North (North Pasco),2017-11-23 21:36:56.525375
2008-05-01,22:15,47.5,,28.2,46.8,0.0,NE@4.6,6.4,,59.6,2492.5,0.0,0,,"Pasco North (North Pasco), Franklin County",100025,Pasco North (North Pasco),2017-11-23 21:36:56.525375
2008-05-01,22:30,47.1,,27.6,46.3,0.0,NE@5.0,7.8,,59.6,2492.5,0.0,0,,"Pasco North (North Pasco), Franklin County",100025,Pasco North (North Pasco),2017-11-23 21:36:56.525375
2008-05-01,22:45,46.9,,27.4,46.3,0.0,NE@4.4,6.7,,59.7,2492.5,0.0,0,,"Pasco North (North Pasco), Franklin County",100025,Pasco North (North Pasco),2017-11-23 21:36:56.525375
2008-05-01,23:00,47.0,,26.5,44.6,0.0,NE@4.0,5.7,,59.7,2492.5,0.0,0,,"Pasco North (North Pasco), Franklin County",100025,Pasco North (North Pasco),2017-11-23 21:36:56.525375
2008-05-02,23:15,46.8,,26.8,45.6,0.0,NE@4.1,6.4,,59.7,2492.5,0.0,0,,"Pasco North (North Pasco), Franklin County",100025,Pasco North (North Pasco),2017-11-23 21:36:56.525375
2008-05-02,23:30,45.9,,26.9,47.2,0.0,NE@3.8,5.7,,59.6,2492.5,0.0,0,,"Pasco North (North Pasco), Franklin County",100025,Pasco North (North Pasco),2017-11-23 21:36:56.525375
2008-05-02,23:45,46.1,,27.3,47.7,0.0,SW@2.1,3.5,,59.6,2492.5,0.0,0,,"Pasco North (North Pasco), Franklin County",100025,Pasco North (North Pasco),2017-11-23 21:36:56.525375
2008-05-02,24:00,46.1,,26.7,46.5,0.0,S@1.8,5.3,,59.6,2492.5,0.0,0,,"Pasco North (North Pasco), Franklin County",100025,Pasco North (North Pasco),2017-11-23 21:36:56.525375
2008-05-02,00:15,45.0,,27.1,49.2,0.0,E@2.6,4.6,,59.6,2487.8,0.0,0,,"Pasco North (North Pasco), Franklin County",100025,Pasco North (North Pasco),2017-11-23 21:36:56.525375
2008-05-02,00:30,43.3,,28.3,55.1,0.0,NE@3.4,4.9,,59.6,2488.3,0.0,0,,"Pasco North (North Pasco), Franklin County",100025,Pasco North (North Pasco),2017-11-23 21:36:56.525375
2008-05-02,00:45,42.8,,28.6,56.9,0.0,NE@3.7,5.3,,59.6,2488.6,0.0,0,,"Pasco North (North Pasco), Franklin County",100025,Pasco North (North Pasco),2017-11-23 21:36:56.525375
2008-05-02,01:00,41.5,,28.7,60.1,0.0,E@3.7,5.3,,59.5,2488.6,0.0,0,,"Pasco North (North Pasco), Franklin County",100025,Pasco North (North Pasco),2017-11-23 21:36:56.525375
2008-05-02,01:15,41.8,,27.8,57.2,0.0,SE@4.1,6.4,,59.5,2488.6,0.0,0,,"Pasco North (North Pasco), Franklin County",100025,Pasco North (North Pasco),2017-11-23 21:36:56.525375
2008-05-02,01:30,42.2,,27.6,55.8,0.0,E@4.2,5.7,,59.5,2486.8,0.0,0,,"Pasco North (North Pasco), Franklin County",100025,Pasco North (North Pasco),2017-11-23 21:36:56.525375
2008-05-02,01:45,41.6,,27.4,56.7,0.0,NE@4.5,6.0,,59.4,2483.8,0.0,0,,"Pasco North (North Pasco), Franklin County",100025,Pasco North (North Pasco),2017-11-23 21:36:56.525375
2008-05-02,02:00,41.1,,27.2,57.4,0.0,NE@4.8,6.7,,59.4,2483.8,0.0,0,,"Pasco North (North Pasco), Franklin County",100025,Pasco North (North Pasco),2017-11-23 21:36:56.525375
2008-05-02,02:15,40.1,,27.4,60.3,0.0,NE@5.0,7.1,,59.4,2483.6,0.0,0,,"Pasco North (North Pasco), Franklin County",100025,Pasco North (North Pasco),2017-11-23 21:36:56.525375
2008-05-02,02:30,38.1,,27.9,66.5,0.01,NE@3.8,6.4,,59.3,2483.8,0.0,0,,"Pasco North (North Pasco), Franklin County",100025,Pasco North (North Pasco),2017-11-23 21:36:56.525375
2008-05-02,02:45,37.3,,27.8,68.2,0.02,NE@3.4,4.6,,59.3,2483.9,0.0,0,,"Pasco North (North Pasco), Franklin County",100025,Pasco North (North Pasco),2017-11-23 21:36:56.525375
2008-05-02,03:00,37.3,,27.7,67.9,0.02,NE@3.7,5.3,,59.2,2479.9,0.0,0,,"Pasco North (North Pasco), Franklin County",100025,Pasco North (North Pasco),2017-11-23 21:36:56.525375
2008-05-02,03:15,36.9,,27.7,69.1,0.02,NE@3.1,4.2,,59.2,2480.0,0.0,0,,"Pasco North (North Pasco), Franklin County",100025,Pasco North (North Pasco),2017-11-23 21:36:56.525375
2008-05-02,03:30,36.7,,27.4,68.6,0.03,NE@2.6,3.9,,59.2,2480.0,0.0,0,,"Pasco North (North Pasco), Franklin County",100025,Pasco North (North Pasco),2017-11-23 21:36:56.525375
2008-05-02,03:45,35.7,,27.3,71.2,0.04,NE@3.5,4.9,,59.1,2480.0,0.0,0,,"Pasco North (North Pasco), Franklin County",100025,Pasco North (North Pasco),2017-11-23 21:36:56.525375
2008-05-02,04:00,34.9,,26.9,72.5,0.05,NE@3.7,4.9,,59.0,2475.2,0.0,0,,"Pasco North (North Pasco), Franklin County",100025,Pasco North (North Pasco),2017-11-23 21:36:56.525375
2008-05-02,04:15,33.9,,26.9,75.1,0.07,NE@3.9,5.3,,59.0,2475.2,0.0,0,,"Pasco North (North Pasco), Franklin County",100025,Pasco North (North Pasco),2017-11-23 21:36:56.525375
2008-05-02,04:30,34.4,,27.0,74.1,0.08,NE@3.6,4.6,,58.9,2475.3,0.0,0,,"Pasco North (North Pasco), Franklin County",100025,Pasco North (North Pasco),2017-11-23 21:36:56.525375
2008-05-02,04:45,33.9,,26.9,75.5,0.09,N@3.7,5.3,,58.9,2475.5,0.0,4,,"Pasco North (North Pasco), Franklin County",100025,Pasco North (North Pasco),2017-11-23 21:36:56.525375
2008-05-02,05:00,33.5,,27.2,77.4,0.12,NE@4.1,5.3,,58.8,2475.7,0.0,16,,"Pasco North (North Pasco), Franklin County",100025,Pasco North (North Pasco),2017-11-23 21:36:56.525375
2008-05-02,05:15,34.3,,27.4,75.5,0.09,NE@3.3,4.6,,58.8,2471.3,0.0,45,,"Pasco North (North Pasco), Franklin County",100025,Pasco North (North Pasco),2017-11-23 21:36:56.525375
2008-05-02,05:30,35.8,,28.0,73.0,0.04,NE@3.8,4.9,,58.7,2471.2,0.0,77,,"Pasco North (North Pasco), Franklin County",100025,Pasco North (North Pasco),2017-11-23 21:36:56.525375
2008-05-02,05:45,37.0,,28.5,70.8,0.02,NE@3.4,4.9,,58.6,2470.9,0.0,117,,"Pasco North (North Pasco), Franklin County",100025,Pasco North (North Pasco),2017-11-23 21:36:56.525375
2008-05-02,06:00,38.7,,29.2,68.2,0.01,NE@3.5,5.3,,58.6,2470.5,0.0,150,,"Pasco North (North Pasco), Franklin County",100025,Pasco North (North Pasco),2017-11-23 21:36:56.525375
2008-05-02,06:15,39.8,,29.8,67.1,0.01,NE@3.8,5.7,,58.5,2467.2,0.0,186,,"Pasco North (North Pasco), Franklin County",100025,Pasco North (North Pasco),2017-11-23 21:36:56.525375
2008-05-02,06:30,41.3,,30.5,65.3,0.0,NE@3.7,6.0,,58.5,2465.5,0.0,222,,"Pasco North (North Pasco), Franklin County",100025,Pasco North (North Pasco),2017-11-23 21:36:56.525375
2008-05-02,06:45,42.3,,30.4,62.4,0.0,NE@4.8,7.1,,58.4,2464.6,0.0,249,,"Pasco North (North Pasco), Franklin County",100025,Pasco North (North Pasco),2017-11-23 21:36:56.525375
2008-05-02,07:00,43.6,,30.8,60.3,0.0,NE@4.3,7.4,,58.3,2464.5,0.0,313,,"Pasco North (North Pasco), Franklin County",100025,Pasco North (North Pasco),2017-11-23 21:36:56.525375
2008-05-02,07:15,45.3,,30.4,55.6,0.0,S@3.3,5.7,,58.3,2464.0,0.0,362,,"Pasco North (North Pasco), Franklin County",100025,Pasco North (North Pasco),2017-11-23 21:36:56.525375
2008-05-02,07:30,46.7,,32.3,57.0,0.0,W@2.5,3.9,,58.2,2463.8,0.0,415,,"Pasco North (North Pasco), Franklin County",100025,Pasco North (North Pasco),2017-11-23 21:36:56.525375
2008-05-02,07:45,47.5,,31.0,52.4,0.0,SW@4.3,7.1,,58.2,2463.7,0.0,460,,"Pasco North (North Pasco), Franklin County",100025,Pasco North (North Pasco),2017-11-23 21:36:56.525375
2008-05-02,08:00,48.1,,30.8,50.8,0.0,S@5.1,8.9,,58.1,2463.0,0.0,500,,"Pasco North (North Pasco), Franklin County",100025,Pasco North (North Pasco),2017-11-23 21:36:56.525375
2008-05-02,08:15,48.7,,30.8,49.8,0.0,SW@5.3,8.2,,58.0,2458.1,0.0,537,,"Pasco North (North Pasco), Franklin County",100025,Pasco North (North Pasco),2017-11-23 21:36:56.525375
2008-05-02,08:30,49.6,,31.3,49.0,0.0,SW@6.3,9.6,,58.0,2458.1,0.0,591,,"Pasco North (North Pasco), Franklin County",100025,Pasco North (North Pasco),2017-11-23 21:36:56.525375
2008-05-02,08:45,50.6,,31.5,47.7,0.0,SW@6.3,9.6,,57.9,2457.5,0.0,635,,"Pasco North (North Pasco), Franklin County",100025,Pasco North (North Pasco),2017-11-23 21:36:56.525375
2008-05-02,09:00,52.7,,32.3,45.6,0.0,SW@5.5,9.6,,57.9,2457.3,0.0,674,,"Pasco North (North Pasco), Franklin County",100025,Pasco North (North Pasco),2017-11-23 21:36:56.525375
2008-05-02,09:15,53.3,,32.6,45.1,0.0,SW@6.0,10.7,,57.8,2457.2,0.0,699,,"Pasco North (North Pasco), Franklin County",100025,Pasco North (North Pasco),2017-11-23 21:36:56.525375
2008-05-02,09:30,54.4,,33.1,44.3,0.0,SW@6.0,10.3,,57.7,2457.2,0.0,737,,"Pasco North (North Pasco), Franklin County",100025,Pasco North (North Pasco),2017-11-23 21:36:56.525375
2008-05-02,09:45,55.5,,33.9,43.9,0.0,SW@5.4,9.6,,57.7,2455.6,0.0,685,,"Pasco North (North Pasco), Franklin County",100025,Pasco North (North Pasco),2017-11-23 21:36:56.525375
2008-05-02,10:00,56.6,,34.6,43.4,0.0,SW@5.2,9.2,,57.6,2452.5,0.0,774,,"Pasco North (North Pasco), Franklin County",100025,Pasco North (North Pasco),2017-11-23 21:36:56.525375
2008-05-02,10:15,58.1,,34.4,40.7,0.01,SW@5.3,11.0,,57.6,2452.5,0.0,778,,"Pasco North (North Pasco), Franklin County",100025,Pasco North (North Pasco),2017-11-23 21:36:56.525375
2008-05-02,10:30,58.2,,34.6,40.9,0.07,W@6.4,9.6,,57.6,2452.5,0.0,826,,"Pasco North (North Pasco), Franklin County",100025,Pasco North (North Pasco),2017-11-23 21:36:56.525375
2008-05-02,10:45,58.3,,33.9,39.7,0.0,NW@6.0,9.9,,57.6,2452.5,0.0,674,,"Pasco North (North Pasco), Franklin County",100025,Pasco North (North Pasco),2017-11-23 21:36:56.525375
2008-05-02,11:00,59.1,,34.1,38.9,0.0,SW@5.4,9.6,,57.5,2452.5,0.0,717,,"Pasco North (North Pasco), Franklin County",100025,Pasco North (North Pasco),2017-11-23 21:36:56.525375
2008-05-02,11:15,61.8,,34.3,35.6,0.0,SW@4.4,7.8,,57.5,2454.1,0.0,737,,"Pasco North (North Pasco), Franklin County",100025,Pasco North (North Pasco),2017-11-23 21:36:56.525375
2008-05-02,11:30,61.2,,34.0,35.8,0.0,SW@5.0,8.9,,57.5,2457.2,0.0,783,,"Pasco North (North Pasco), Franklin County",100025,Pasco North (North Pasco),2017-11-23 21:36:56.525375
2008-05-02,11:45,62.7,,33.9,33.9,0.0,W@4.6,7.8,,57.5,2457.2,0.0,939,,"Pasco North (North Pasco), Franklin County",100025,Pasco North (North Pasco),2017-11-23 21:36:56.525375
2008-05-02,12:00,63.7,,33.0,31.6,0.0,SW@5.2,8.9,,57.5,2457.2,0.0,911,,"Pasco North (North Pasco), Franklin County",100025,Pasco North (North Pasco),2017-11-23 21:36:56.525375
2008-05-02,12:15,64.4,,32.5,30.2,0.0,S@4.7,9.9,,57.5,2457.1,0.0,741,,"Pasco North (North Pasco), Franklin County",100025,Pasco North (North Pasco),2017-11-23 21:36:56.525375
2008-05-02,12:30,65.2,,28.8,25.3,0.0,E@4.1,8.5,,57.5,2457.1,0.0,730,,"Pasco North (North Pasco), Franklin County",100025,Pasco North (North Pasco),2017-11-23 21:36:56.525375
2008-05-02,12:45,65.3,,26.9,23.3,0.0,SE@3.7,6.4,,57.5,2458.8,0.0,678,,"Pasco North (North Pasco), Franklin County",100025,Pasco North (North Pasco),2017-11-23 21:36:56.525375
2008-05-02,13:00,65.8,,27.5,23.5,0.0,E@4.1,7.8,,57.6,2462.0,0.0,750,,"Pasco North (North Pasco), Franklin County",100025,Pasco North (North Pasco),2017-11-23 21:36:56.525375
2008-05-02,13:15,66.2,,23.5,19.6,0.0,E@3.6,6.7,,57.6,2462.0,0.0,767,,"Pasco North (North Pasco), Franklin County",100025,Pasco North (North Pasco),2017-11-23 21:36:56.525375
2008-05-02,13:30,66.4,,22.7,18.8,0.0,SE@3.8,6.4,,57.6,2462.0,0.0,641,,"Pasco North (North Pasco), Franklin County",100025,Pasco North (North Pasco),2017-11-23 21:36:56.525375
2008-05-02,13:45,66.8,,25.2,20.6,0.0,SE@3.4,8.2,,57.7,2462.0,0.0,642,,"Pasco North (North Pasco), Franklin County",100025,Pasco North (North Pasco),2017-11-23 21:36:56.525375
2008-05-02,14:00,67.5,,25.8,20.7,0.0,W@4.0,7.8,,57.7,2466.8,0.0,693,,"Pasco North (North Pasco), Franklin County",100025,Pasco North (North Pasco),2017-11-23 21:36:56.525375
2008-05-02,14:15,67.4,,26.1,20.9,0.0,W@4.9,9.6,,57.8,2466.8,0.0,716,,"Pasco North (North Pasco), Franklin County",100025,Pasco North (North Pasco),2017-11-23 21:36:56.525375
2008-05-02,14:30,68.0,,24.9,19.5,0.0,SW@4.3,10.7,,57.9,2471.6,0.0,724,,"Pasco North (North Pasco), Franklin County",100025,Pasco North (North Pasco),2017-11-23 21:36:56.525375
2008-05-02,14:45,67.8,,22.9,18.1,0.0,W@4.8,9.2,,58.0,2471.6,0.0,615,,"Pasco North (North Pasco), Franklin County",100025,Pasco North (North Pasco),2017-11-23 21:36:56.525375
2008-05-02,15:00,68.1,,24.5,19.1,0.0,SE@4.3,7.8,,58.0,2471.6,0.0,618,,"Pasco North (North Pasco), Franklin County",100025,Pasco North (North Pasco),2017-11-23 21:36:56.525375
2008-05-02,15:15,68.1,,24.6,19.2,0.0,SE@4.6,8.2,,58.1,2474.8,0.0,547,,"Pasco North (North Pasco), Franklin County",100025,Pasco North (North Pasco),2017-11-23 21:36:56.525375
2008-05-02,15:30,67.3,,26.6,21.4,0.0,SW@5.3,10.3,,58.2,2476.3,0.0,353,,"Pasco North (North Pasco), Franklin County",100025,Pasco North (North Pasco),2017-11-23 21:36:56.525375
2008-05-02,15:45,66.9,,27.1,22.2,0.0,S@4.3,7.1,,58.3,2479.6,0.0,289,,"Pasco North (North Pasco), Franklin County",100025,Pasco North (North Pasco),2017-11-23 21:36:56.525375
2008-05-02,16:00,66.2,,26.8,22.5,0.0,S@4.2,7.8,,58.4,2481.1,0.0,218,,"Pasco North (North Pasco), Franklin County",100025,Pasco North (North Pasco),2017-11-23 21:36:56.525375
2008-05-02,16:15,66.1,,25.9,21.8,0.0,S@3.3,6.4,,58.5,2481.1,0.0,184,,"Pasco North (North Pasco), Franklin County",100025,Pasco North (North Pasco),2017-11-23 21:36:56.525375
2008-05-02,16:30,66.1,,27.5,23.2,0.0,SW@3.0,4.9,,58.6,2484.3,0.0,151,,"Pasco North (North Pasco), Franklin County",100025,Pasco North (North Pasco),2017-11-23 21:36:56.525375
2008-05-02,16:45,65.4,,28.1,24.4,0.0,SW@3.3,6.4,,58.7,2485.9,0.0,121,,"Pasco North (North Pasco), Franklin County",100025,Pasco North (North Pasco),2017-11-23 21:36:56.525375
2008-05-02,17:00,65.1,,25.4,22.1,0.0,NW@5.1,9.6,,58.8,2485.9,0.0,107,,"Pasco North (North Pasco), Franklin County",100025,Pasco North (North Pasco),2017-11-23 21:36:56.525375
2008-05-02,17:15,64.8,,25.4,22.3,0.0,NW@4.9,9.2,,58.9,2490.7,0.0,93,,"Pasco North (North Pasco), Franklin County",100025,Pasco North (North Pasco),2017-11-23 21:36:56.525375
2008-05-02,17:30,64.1,,24.8,22.3,0.0,NW@5.2,8.9,,59.0,2490.7,0.0,73,,"Pasco North (North Pasco), Franklin County",100025,Pasco North (North Pasco),2017-11-23 21:36:56.525375
2008-05-02,17:45,63.8,,24.9,22.6,0.0,NW@5.1,7.4,,59.1,2492.3,0.0,63,,"Pasco North (North Pasco), Franklin County",100025,Pasco North (North Pasco),2017-11-23 21:36:56.525375
2008-05-02,18:00,63.5,,26.0,24.0,0.0,NW@4.6,7.8,,59.2,2495.5,0.0,46,,"Pasco North (North Pasco), Franklin County",100025,Pasco North (North Pasco),2017-11-23 21:36:56.525375
2008-05-02,18:15,62.9,,26.7,25.1,0.0,NW@4.1,6.7,,59.3,2495.5,0.0,30,,"Pasco North (North Pasco), Franklin County",100025,Pasco North (North Pasco),2017-11-23 21:36:56.525375
2008-05-02,18:30,62.6,,27.6,26.3,0.0,W@3.4,6.0,,59.4,2497.1,0.0,19,,"Pasco North (North Pasco), Franklin County",100025,Pasco North (North Pasco),2017-11-23 21:36:56.525375
2008-05-02,18:45,62.0,,28.7,28.2,0.0,SW@3.2,4.6,,59.5,2500.2,0.0,16,,"Pasco North (North Pasco), Franklin County",100025,Pasco North (North Pasco),2017-11-23 21:36:56.525375
2008-05-02,19:00,62.0,,27.9,27.2,0.0,W@3.9,6.0,,59.5,2500.2,0.0,11,,"Pasco North (North Pasco), Franklin County",100025,Pasco North (North Pasco),2017-11-23 21:36:56.525375
2008-05-02,19:15,61.7,,27.7,27.3,0.0,NW@3.9,6.0,,59.6,2500.2,0.0,3,,"Pasco North (North Pasco), Franklin County",100025,Pasco North (North Pasco),2017-11-23 21:36:56.525375
2008-05-02,19:30,61.2,,27.6,27.8,0.0,SW@3.5,6.0,,59.7,2500.2,0.0,1,,"Pasco North (North Pasco), Franklin County",100025,Pasco North (North Pasco),2017-11-23 21:36:56.525375
2008-05-02,19:45,60.1,,28.9,30.4,0.0,S@3.0,4.6,,59.8,2500.2,0.0,0,,"Pasco North (North Pasco), Franklin County",100025,Pasco North (North Pasco),2017-11-23 21:36:56.525375
2008-05-02,20:00,59.0,,30.1,33.2,0.0,S@3.4,4.9,,59.8,2503.5,0.0,0,,"Pasco North (North Pasco), Franklin County",100025,Pasco North (North Pasco),2017-11-23 21:36:56.525375
2008-05-02,20:15,58.5,,29.9,33.5,0.0,SW@4.1,6.0,,59.9,2505.0,0.0,0,,"Pasco North (North Pasco), Franklin County",100025,Pasco North (North Pasco),2017-11-23 21:36:56.525375
2008-05-02,20:30,58.6,,30.6,34.4,0.0,S@4.1,6.7,,60.0,2505.3,0.0,0,,"Pasco North (North Pasco), Franklin County",100025,Pasco North (North Pasco),2017-11-23 21:36:56.525375
2008-05-02,20:45,58.3,,31.2,35.6,0.0,S@4.0,5.7,,60.1,2505.4,0.0,0,,"Pasco North (North Pasco), Franklin County",100025,Pasco North (North Pasco),2017-11-23 21:36:56.525375
2008-05-02,21:00,58.0,,31.6,36.5,0.0,S@3.9,6.0,,60.1,2505.4,0.0,0,,"Pasco North (North Pasco), Franklin County",100025,Pasco North (North Pasco),2017-11-23 21:36:56.525375
2008-05-02,21:15,57.6,,31.7,37.2,0.0,SE@3.8,5.7,,60.1,2505.4,0.0,0,,"Pasco North (North Pasco), Franklin County",100025,Pasco North (North Pasco),2017-11-23 21:36:56.525375
2008-05-02,21:30,57.3,,32.1,38.3,0.0,E@3.5,4.9,,60.2,2505.5,0.0,0,,"Pasco North (North Pasco), Franklin County",100025,Pasco North (North Pasco),2017-11-23 21:36:56.525375
2008-05-02,21:45,56.3,,32.2,39.7,0.0,E@3.6,5.7,,60.2,2505.5,0.0,0,,"Pasco North (North Pasco), Franklin County",100025,Pasco North (North Pasco),2017-11-23 21:36:56.525375
2008-05-02,22:00,56.0,,32.0,39.9,0.0,NE@3.6,4.9,,60.2,2505.8,0.0,0,,"Pasco North (North Pasco), Franklin County",100025,Pasco North (North Pasco),2017-11-23 21:36:56.525375
2008-05-02,22:15,55.7,,31.8,40.0,0.0,SE@3.8,4.9,,60.3,2505.8,0.0,0,,"Pasco North (North Pasco), Franklin County",100025,Pasco North (North Pasco),2017-11-23 21:36:56.525375
2008-05-02,22:30,55.6,,31.8,40.2,0.0,S@3.5,4.6,,60.3,2505.9,0.0,0,,"Pasco North (North Pasco), Franklin County",100025,Pasco North (North Pasco),2017-11-23 21:36:56.525375
2008-05-02,22:45,55.7,,32.0,40.3,0.0,W@3.4,4.9,,60.3,2505.9,0.0,0,,"Pasco North (North Pasco), Franklin County",100025,Pasco North (North Pasco),2017-11-23 21:36:56.525375
2008-05-02,23:00,55.4,,31.9,40.6,0.0,SW@3.7,5.7,,60.3,2505.9,0.0,0,,"Pasco North (North Pasco), Franklin County",100025,Pasco North (North Pasco),2017-11-23 21:36:56.525375
2008-05-03,23:15,56.0,,31.2,38.6,0.0,W@3.6,5.7,,60.3,2505.9,0.0,0,,"Pasco North (North Pasco), Franklin County",100025,Pasco North (North Pasco),2017-11-23 21:36:56.525375
2008-05-03,23:30,55.8,,31.2,39.1,0.0,SW@3.4,4.6,,60.3,2505.9,0.0,0,,"Pasco North (North Pasco), Franklin County",100025,Pasco North (North Pasco),2017-11-23 21:36:56.525375
2008-05-03,23:45,55.7,,31.0,38.8,0.0,W@4.1,7.1,,60.3,2505.9,0.0,0,,"Pasco North (North Pasco), Franklin County",100025,Pasco North (North Pasco),2017-11-23 21:36:56.525375
2008-05-03,24:00,55.6,,30.3,37.7,0.0,NW@4.6,7.1,,60.3,2505.9,0.0,0,,"Pasco North (North Pasco), Franklin County",100025,Pasco North (North Pasco),2017-11-23 21:36:56.525375
2008-05-03,00:15,54.8,,30.7,39.5,0.0,W@3.1,5.3,,60.3,2505.9,0.0,0,,"Pasco North (North Pasco), Franklin County",100025,Pasco North (North Pasco),2017-11-23 21:36:56.525375
2008-05-03,00:30,54.3,,30.4,40.0,0.0,NW@2.5,3.5,,60.3,2504.3,0.0,0,,"Pasco North (North Pasco), Franklin County",100025,Pasco North (North Pasco),2017-11-23 21:36:56.525375
2008-05-03,00:45,54.4,,31.0,40.6,0.0,NW@1.8,2.8,,60.3,2501.2,0.0,0,,"Pasco North (North Pasco), Franklin County",100025,Pasco North (North Pasco),2017-11-23 21:36:56.525375
2008-05-03,01:00,55.1,,31.4,40.3,0.0,NW@2.3,3.5,,60.3,2501.2,0.0,0,,"Pasco North (North Pasco), Franklin County",100025,Pasco North (North Pasco),2017-11-23 21:36:56.525375
2008-05-03,01:15,54.1,,32.0,42.8,0.0,NW@2.6,3.9,,60.3,2501.2,0.0,0,,"Pasco North (North Pasco), Franklin County",100025,Pasco North (North Pasco),2017-11-23 21:36:56.525375
2008-05-03,01:30,53.4,,31.8,43.7,0.0,NW@2.5,3.5,,60.3,2501.2,0.0,0,,"Pasco North (North Pasco), Franklin County",100025,Pasco North (North Pasco),2017-11-23 21:36:56.525375
2008-05-03,01:45,53.1,,31.6,43.6,0.0,W@2.5,3.1,,60.3,2501.2,0.0,0,,"Pasco North (North Pasco), Franklin County",100025,Pasco North (North Pasco),2017-11-23 21:36:56.525375
2008-05-03,02:00,52.6,,32.1,45.3,0.0,NW@2.1,3.1,,60.3,2501.2,0.0,0,,"Pasco North (North Pasco), Franklin County",100025,Pasco North (North Pasco),2017-11-23 21:36:56.525375
2008-05-03,02:15,51.7,,32.6,47.9,0.0,NW@1.9,2.8,,60.2,2501.2,0.0,0,,"Pasco North (North Pasco), Franklin County",100025,Pasco North (North Pasco),2017-11-23 21:36:56.525375
2008-05-03,02:30,53.0,,31.1,43.0,0.0,NW@3.0,4.9,,60.2,2501.2,0.0,0,,"Pasco North (North Pasco), Franklin County",100025,Pasco North (North Pasco),2017-11-23 21:36:56.525375
2008-05-03,02:45,53.7,,31.0,41.7,0.0,NW@3.6,5.3,,60.2,2501.1,0.0,0,,"Pasco North (North Pasco), Franklin County",100025,Pasco North (North Pasco),2017-11-23 21:36:56.525375
2008-05-03,03:00,51.7,,31.8,46.3,0.0,W@2.2,3.9,,60.2,2496.4,0.0,0,,"Pasco North (North Pasco), Franklin County",100025,Pasco North (North Pasco),2017-11-23 21:36:56.525375
2008-05-03,03:15,51.0,,30.9,45.9,0.0,SW@2.6,3.9,,60.1,2496.4,0.0,0,,"Pasco North (North Pasco), Franklin County",100025,Pasco North (North Pasco),2017-11-23 21:36:56.525375
2008-05-03,03:30,51.8,,31.4,45.4,0.0,NW@2.1,3.1,,60.1,2496.6,0.0,0,,"Pasco North (North Pasco), Franklin County",100025,Pasco North (North Pasco),2017-11-23 21:36:56.525375
2008-05-03,03:45,51.6,,31.0,45.0,0.0,W@1.4,3.1,,60.1,2496.8,0.0,0,,"Pasco North (North Pasco), Franklin County",100025,Pasco North (North Pasco),2017-11-23 21:36:56.525375
2008-05-03,04:00,51.5,,31.3,45.9,0.0,W@2.1,3.5,,60.0,2497.1,0.0,0,,"Pasco North (North Pasco), Franklin County",100025,Pasco North (North Pasco),2017-11-23 21:36:56.525375
2008-05-03,04:15,50.7,,32.2,49.0,0.0,W@1.3,4.2,,60.0,2497.0,0.0,0,,"Pasco North (North Pasco), Franklin County",100025,Pasco North (North Pasco),2017-11-23 21:36:56.525375
2008-05-03,04:30,51.4,,31.5,46.3,0.0,W@1.9,4.2,,60.0,2492.3,0.0,0,,"Pasco North (North Pasco), Franklin County",100025,Pasco North (North Pasco),2017-11-23 21:36:56.525375
2008-05-03,04:45,49.9,,31.8,49.6,0.0,S@0.2,1.7,,59.9,2492.2,0.0,2,,"Pasco North (North Pasco), Franklin County",100025,Pasco North (North Pasco),2017-11-23 21:36:56.525375
2008-05-03,05:00,49.6,,31.7,49.9,0.0,SW@0.3,2.4,,59.9,2492.3,0.0,7,,"Pasco North (North Pasco), Franklin County",100025,Pasco North (North Pasco),2017-11-23 21:36:56.525375
2008-05-03,05:15,49.9,,31.3,48.6,0.0,W@2.2,3.1,,59.9,2492.4,0.0,24,,"Pasco North (North Pasco), Franklin County",100025,Pasco North (North Pasco),2017-11-23 21:36:56.525375
2008-05-03,05:30,50.3,,33.3,51.8,0.0,NW@1.7,2.8,,59.8,2492.5,0.0,36,,"Pasco North (North Pasco), Franklin County",100025,Pasco North (North Pasco),2017-11-23 21:36:56.525375
2008-05-03,05:45,50.6,,32.6,49.9,0.0,W@2.4,3.5,,59.8,2492.4,0.0,43,,"Pasco North (North Pasco), Franklin County",100025,Pasco North (North Pasco),2017-11-23 21:36:56.525375
2008-05-03,06:00,50.4,,32.5,50.1,0.0,W@2.5,3.9,,59.7,2490.7,0.0,64,,"Pasco North (North Pasco), Franklin County",100025,Pasco North (North Pasco),2017-11-23 21:36:56.525375
2008-05-03,06:15,51.6,,33.5,49.9,0.0,W@2.2,3.1,,59.7,2487.3,0.0,120,,"Pasco North (North Pasco), Franklin County",100025,Pasco North (North Pasco),2017-11-23 21:36:56.525375
2008-05-03,06:30,52.8,,33.6,47.9,0.0,W@3.0,4.2,,59.6,2486.9,0.0,203,,"Pasco North (North Pasco), Franklin County",100025,Pasco North (North Pasco),2017-11-23 21:36:56.525375
2008-05-03,06:45,53.2,,33.9,47.7,0.0,SW@3.8,5.7,,59.6,2486.8,0.0,222,,"Pasco North (North Pasco), Franklin County",100025,Pasco North (North Pasco),2017-11-23 21:36:56.525375
2008-05-03,07:00,52.8,,34.1,48.7,0.0,SW@3.4,5.7,,59.6,2486.8,0.0,172,,"Pasco North (North Pasco), Franklin County",100025,Pasco North (North Pasco),2017-11-23 21:36:56.525375
2008-05-03,07:15,52.9,,34.9,50.3,0.0,SW@3.4,4.9,,59.5,2486.6,0.0,161,,"Pasco North (North Pasco), Franklin County",100025,Pasco North (North Pasco),2017-11-23 21:36:56.525375
2008-05-03,07:30,53.1,,34.7,49.4,0.0,SW@3.8,6.4,,59.5,2486.4,0.0,173,,"Pasco North (North Pasco), Franklin County",100025,Pasco North (North Pasco),2017-11-23 21:36:56.525375
2008-05-03,07:45,53.6,,35.6,50.3,0.0,SW@3.6,5.3,,59.4,2483.0,0.0,235,,"Pasco North (North Pasco), Franklin County",100025,Pasco North (North Pasco),2017-11-23 21:36:56.525375
2008-05-03,08:00,54.4,,35.4,48.5,0.0,SW@4.1,6.4,,59.4,2481.2,0.0,281,,"Pasco North (North Pasco), Franklin County",100025,Pasco North (North Pasco),2017-11-23 21:36:56.525375
2008-05-03,08:15,54.3,,36.1,50.1,0.0,SW@4.2,7.4,,59.3,2481.1,0.0,184,,"Pasco North (North Pasco), Franklin County",100025,Pasco North (North Pasco),2017-11-23 21:36:56.525375
2008-05-03,08:30,54.3,,36.0,49.7,0.0,SW@5.1,8.2,,59.3,2481.1,0.0,202,,"Pasco North (North Pasco), Franklin County",100025,Pasco North (North Pasco),2017-11-23 21:36:56.525375
2008-05-03,08:45,54.6,,36.6,50.3,0.15,SW@5.1,8.2,,59.3,2481.1,0.0,222,,"Pasco North (North Pasco), Franklin County",100025,Pasco North (North Pasco),2017-11-23 21:36:56.525375
2008-05-03,09:00,54.7,,37.4,51.9,0.29,SW@4.9,7.4,,59.2,2481.1,0.0,216,,"Pasco North (North Pasco), Franklin County",100025,Pasco North (North Pasco),2017-11-23 21:36:56.525375
2008-05-03,09:15,55.1,,39.7,55.8,0.23,SW@5.5,8.9,,59.2,2481.1,0.0,241,,"Pasco North (North Pasco), Franklin County",100025,Pasco North (North Pasco),2017-11-23 21:36:56.525375
2008-05-03,09:30,54.1,,40.4,59.5,0.39,SW@5.7,11.7,,59.2,2481.1,0.0,189,,"Pasco North (North Pasco), Franklin County",100025,Pasco North (North Pasco),2017-11-23 21:36:56.525375
2008-05-03,09:45,54.6,,42.8,64.4,0.95,W@5.6,8.5,,59.1,2481.1,0.0,303,,"Pasco North (North Pasco), Franklin County",100025,Pasco North (North Pasco),2017-11-23 21:36:56.525375
2008-05-03,10:00,56.4,,44.2,63.4,0.93,SW@5.6,8.9,,59.1,2481.1,0.0,392,,"Pasco North (North Pasco), Franklin County",100025,Pasco North (North Pasco),2017-11-23 21:36:56.525375
2008-05-03,10:15,57.7,,44.9,62.2,0.94,SW@5.4,8.5,,59.1,2481.1,0.0,479,,"Pasco North (North Pasco), Franklin County",100025,Pasco North (North Pasco),2017-11-23 21:36:56.525375
2008-05-03,10:30,58.0,,43.8,59.2,0.89,W@5.5,9.2,,59.0,2481.1,0.0,362,,"Pasco North (North Pasco), Franklin County",100025,Pasco North (North Pasco),2017-11-23 21:36:56.525375
2008-05-03,10:45,57.4,,44.5,61.9,0.9,W@6.5,9.6,,59.0,2481.1,0.0,233,,"Pasco North (North Pasco), Franklin County",100025,Pasco North (North Pasco),2017-11-23 21:36:56.525375
2008-05-03,11:00,57.2,,43.7,60.7,0.91,W@5.8,11.4,,59.0,2476.4,0.0,160,,"Pasco North (North Pasco), Franklin County",100025,Pasco North (North Pasco),2017-11-23 21:36:56.525375
2008-05-03,11:15,54.4,,49.4,83.1,1.0,SW@5.1,12.1,,59.0,2477.9,0.01,292,,"Pasco North (North Pasco), Franklin County",100025,Pasco North (North Pasco),2017-11-23 21:36:56.525375
2008-05-03,11:30,55.4,,49.6,80.8,1.0,W@4.6,6.4,,59.0,2476.3,0.0,386,,"Pasco North (North Pasco), Franklin County",100025,Pasco North (North Pasco),2017-11-23 21:36:56.525375
2008-05-03,11:45,57.4,,48.0,70.9,1.0,W@5.6,7.8,,58.9,2476.3,0.0,369,,"Pasco North (North Pasco), Franklin County",100025,Pasco North (North Pasco),2017-11-23 21:36:56.525375
2008-05-03,12:00,58.4,,45.7,62.6,0.24,W@4.3,7.1,,58.9,2476.3,0.0,333,,"Pasco North (North Pasco), Franklin County",100025,Pasco North (North Pasco),2017-11-23 21:36:56.525375
2008-05-03,12:15,58.8,,45.7,61.7,0.01,W@3.7,5.7,,58.9,2478.0,0.0,285,,"Pasco North (North Pasco), Franklin County",100025,Pasco North (North Pasco),2017-11-23 21:36:56.525375
2008-05-03,12:30,59.2,,44.9,58.9,0.0,SW@3.6,6.4,,58.9,2481.1,0.0,282,,"Pasco North (North Pasco), Franklin County",100025,Pasco North (North Pasco),2017-11-23 21:36:56.525375
2008-05-03,12:45,58.8,,44.8,59.5,0.0,SW@3.6,5.7,,58.9,2481.1,0.0,212,,"Pasco North (North Pasco), Franklin County",100025,Pasco North (North Pasco),2017-11-23 21:36:56.525375
2008-05-03,13:00,58.3,,45.6,62.6,0.0,SW@3.5,6.4,,58.9,2481.1,0.0,183,,"Pasco North (North Pasco), Franklin County",100025,Pasco North (North Pasco),2017-11-23 21:36:56.525375
2008-05-03,13:15,58.7,,46.6,64.0,0.0,SW@3.3,5.7,,58.9,2481.1,0.0,258,,"Pasco North (North Pasco), Franklin County",100025,Pasco North (North Pasco),2017-11-23 21:36:56.525375
2008-05-03,13:30,59.5,,42.9,54.2,0.0,SW@3.2,5.3,,58.9,2481.1,0.0,252,,"Pasco North (North Pasco), Franklin County",100025,Pasco North (North Pasco),2017-11-23 21:36:56.525375
2008-05-03,13:45,59.3,,41.8,52.2,0.0,SW@3.8,5.7,,58.9,2481.1,0.0,258,,"Pasco North (North Pasco), Franklin County",100025,Pasco North (North Pasco),2017-11-23 21:36:56.525375
2008-05-03,14:00,59.8,,42.6,52.9,0.0,SW@3.9,6.4,,58.9,2481.1,0.0,299,,"Pasco North (North Pasco), Franklin County",100025,Pasco North (North Pasco),2017-11-23 21:36:56.525375
2008-05-03,14:15,60.9,,43.5,52.5,0.0,SW@4.0,7.4,,58.9,2481.1,0.0,384,,"Pasco North (North Pasco), Franklin County",100025,Pasco North (North Pasco),2017-11-23 21:36:56.525375
2008-05-03,14:30,61.1,,41.6,48.6,0.0,W@3.5,6.0,,58.9,2481.1,0.0,336,,"Pasco North (North Pasco), Franklin County",100025,Pasco North (North Pasco),2017-11-23 21:36:56.525375
2008-05-03,14:45,61.9,,40.8,45.8,0.0,W@3.2,6.0,,58.9,2481.1,0.0,344,,"Pasco North (North Pasco), Franklin County",100025,Pasco North (North Pasco),2017-11-23 21:36:56.525375
2008-05-03,15:00,62.2,,39.2,42.5,0.0,SW@3.4,6.0,,58.9,2481.1,0.0,369,,"Pasco North (North Pasco), Franklin County",100025,Pasco North (North Pasco),2017-11-23 21:36:56.525375
2008-05-03,15:15,61.9,,39.8,44.0,0.0,SW@2.1,4.6,,58.9,2481.1,0.0,252,,"Pasco North (North Pasco), Franklin County",100025,Pasco North (North Pasco),2017-11-23 21:36:56.525375
2008-05-03,15:30,61.4,,41.5,48.0,0.0,SW@2.8,4.9,,58.9,2481.1,0.0,188,,"Pasco North (North Pasco), Franklin County",100025,Pasco North (North Pasco),2017-11-23 21:36:56.525375
2008-05-03,15:45,61.7,,42.1,48.6,0.0,SW@3.2,5.3,,58.9,2481.1,0.0,278,,"Pasco North (North Pasco), Franklin County",100025,Pasco North (North Pasco),2017-11-23 21:36:56.525375
2008-05-03,16:00,62.1,,41.7,47.2,0.0,SE@2.7,4.9,,58.9,2482.7,0.0,263,,"Pasco North (North Pasco), Franklin County",100025,Pasco North (North Pasco),2017-11-23 21:36:56.525375
2008-05-03,16:15,61.6,,42.0,48.4,0.0,SE@3.8,6.4,,58.9,2485.9,0.0,238,,"Pasco North (North Pasco), Franklin County",100025,Pasco North (North Pasco),2017-11-23 21:36:56.525375
2008-05-03,16:30,61.5,,42.3,49.3,0.0,SE@3.6,6.7,,59.0,2485.9,0.0,207,,"Pasco North (North Pasco), Franklin County",100025,Pasco North (North Pasco),2017-11-23 21:36:56.525375
2008-05-03,16:45,61.6,,42.3,49.0,0.0,SE@3.4,5.7,,59.0,2485.9,0.0,216,,"Pasco North (North Pasco), Franklin County",100025,Pasco North (North Pasco),2017-11-23 21:36:56.525375
2008-05-03,17:00,61.7,,42.6,49.3,0.0,SE@3.0,5.3,,59.0,2485.9,0.0,156,,"Pasco North (North Pasco), Franklin County",100025,Pasco North (North Pasco),2017-11-23 21:36:56.525375
2008-05-03,17:15,61.3,,42.9,50.7,0.0,S@3.1,6.0,,59.1,2485.9,0.0,118,,"Pasco North (North Pasco), Franklin County",100025,Pasco North (North Pasco),2017-11-23 21:36:56.525375
2008-05-03,17:30,60.8,,42.2,50.3,0.0,SW@3.0,5.3,,59.1,2485.9,0.0,90,,"Pasco North (North Pasco), Franklin County",100025,Pasco North (North Pasco),2017-11-23 21:36:56.525375
2008-05-03,17:45,60.4,,42.9,52.5,0.0,SE@3.3,6.0,,59.1,2485.9,0.0,67,,"Pasco North (North Pasco), Franklin County",100025,Pasco North (North Pasco),2017-11-23 21:36:56.525375
2008-05-03,18:00,59.6,,43.9,56.1,0.0,SE@2.8,4.6,,59.1,2485.9,0.0,50,,"Pasco North (North Pasco), Franklin County",100025,Pasco North (North Pasco),2017-11-23 21:36:56.525375
2008-05-03,18:15,59.3,,43.7,56.3,0.0,E@3.5,5.7,,59.1,2485.9,0.0,36,,"Pasco North (North Pasco), Franklin County",100025,Pasco North (North Pasco),2017-11-23 21:36:56.525375
2008-05-03,18:30,58.7,,43.9,57.8,0.0,E@3.2,4.2,,59.1,2485.9,0.0,19,,"Pasco North (North Pasco), Franklin County",100025,Pasco North (North Pasco),2017-11-23 21:36:56.525375
2008-05-03,18:45,58.1,,44.5,60.3,0.0,SE@3.5,7.8,,59.2,2489.1,0.0,11,,"Pasco North (North Pasco), Franklin County",100025,Pasco North (North Pasco),2017-11-23 21:36:56.525375
2008-05-03,19:00,56.4,,46.8,70.0,0.02,SW@3.4,7.4,,59.2,2490.7,0.0,3,,"Pasco North (North Pasco), Franklin County",100025,Pasco North (North Pasco),2017-11-23 21:36:56.525375
2008-05-03,19:15,56.7,,45.7,66.5,0.35,W@3.1,5.7,,59.2,2490.7,0.0,1,,"Pasco North (North Pasco), Franklin County",100025,Pasco North (North Pasco),2017-11-23 21:36:56.525375
2008-05-03,19:30,57.2,,44.5,62.4,0.69,NW@4.8,7.4,,59.2,2490.7,0.0,0,,"Pasco North (North Pasco), Franklin County",100025,Pasco North (North Pasco),2017-11-23 21:36:56.525375
2008-05-03,19:45,56.5,,44.0,62.8,0.6,NW@6.0,10.3,,59.2,2490.7,0.0,0,,"Pasco North (North Pasco), Franklin County",100025,Pasco North (North Pasco),2017-11-23 21:36:56.525375
2008-05-03,20:00,55.7,,44.0,64.5,0.79,NW@5.9,8.9,,59.3,2490.8,0.0,0,,"Pasco North (North Pasco), Franklin County",100025,Pasco North (North Pasco),2017-11-23 21:36:56.525375
2008-05-03,20:15,55.6,,43.6,64.0,0.07,NW@6.0,9.6,,59.3,2490.9,0.0,0,,"Pasco North (North Pasco), Franklin County",100025,Pasco North (North Pasco),2017-11-23 21:36:56.525375
2008-05-03,20:30,55.3,,43.7,64.9,0.01,NW@4.8,7.8,,59.3,2491.0,0.0,0,,"Pasco North (North Pasco), Franklin County",100025,Pasco North (North Pasco),2017-11-23 21:36:56.525375
2008-05-03,20:45,54.9,,43.7,66.0,0.01,NW@4.0,6.7,,59.3,2491.1,0.0,0,,"Pasco North (North Pasco), Franklin County",100025,Pasco North (North Pasco),2017-11-23 21:36:56.525375
2008-05-03,21:00,53.9,,43.3,67.2,0.01,NW@3.9,6.7,,59.3,2491.4,0.0,0,,"Pasco North (North Pasco), Franklin County",100025,Pasco North (North Pasco),2017-11-23 21:36:56.525375
2008-05-03,21:15,52.1,,46.1,79.8,0.23,W@2.6,4.6,,59.3,2491.5,0.0,0,,"Pasco North (North Pasco), Franklin County",100025,Pasco North (North Pasco),2017-11-23 21:36:56.525375
2008-05-03,21:30,50.5,,47.1,88.0,0.74,W@2.5,4.6,,59.4,2491.6,0.0,0,,"Pasco North (North Pasco), Franklin County",100025,Pasco North (North Pasco),2017-11-23 21:36:56.525375
2008-05-03,21:45,50.2,,47.1,88.9,0.92,W@1.7,3.1,,59.4,2491.6,0.0,0,,"Pasco North (North Pasco), Franklin County",100025,Pasco North (North Pasco),2017-11-23 21:36:56.525375
2008-05-03,22:00,49.5,,46.8,90.4,1.0,W@3.7,5.3,,59.4,2491.7,0.0,0,,"Pasco North (North Pasco), Franklin County",100025,Pasco North (North Pasco),2017-11-23 21:36:56.525375
2008-05-03,22:15,48.7,,46.5,92.0,1.0,W@3.3,4.9,,59.4,2492.0,0.0,0,,"Pasco North (North Pasco), Franklin County",100025,Pasco North (North Pasco),2017-11-23 21:36:56.525375
2008-05-03,22:30,48.7,,46.5,91.7,1.0,W@2.7,4.2,,59.4,2492.4,0.0,0,,"Pasco North (North Pasco), Franklin County",100025,Pasco North (North Pasco),2017-11-23 21:36:56.525375
2008-05-03,22:45,48.6,,46.2,91.4,1.0,W@1.7,3.9,,59.4,2492.4,0.0,0,,"Pasco North (North Pasco), Franklin County",100025,Pasco North (North Pasco),2017-11-23 21:36:56.525375
2008-05-03,23:00,48.7,,46.1,90.7,1.0,W@3.3,5.3,,59.4,2492.5,0.0,0,,"Pasco North (North Pasco), Franklin County",100025,Pasco North (North Pasco),2017-11-23 21:36:56.525375
2008-05-04,23:15,48.7,,46.1,90.6,1.0,W@2.3,4.9,,59.4,2492.5,0.0,0,,"Pasco North (North Pasco), Franklin County",100025,Pasco North (North Pasco),2017-11-23 21:36:56.525375
2008-05-04,23:30,48.3,,45.7,90.9,1.0,W@2.1,3.5,,59.4,2492.5,0.0,0,,"Pasco North (North Pasco), Franklin County",100025,Pasco North (North Pasco),2017-11-23 21:36:56.525375
2008-05-04,23:45,48.5,,45.9,90.6,1.0,W@2.8,4.2,,59.4,2492.5,0.0,0,,"Pasco North (North Pasco), Franklin County",100025,Pasco North (North Pasco),2017-11-23 21:36:56.525375
2008-05-04,24:00,48.5,,45.8,90.2,1.0,W@3.2,4.2,,59.4,2492.5,0.0,0,,"Pasco North (North Pasco), Franklin County",100025,Pasco North (North Pasco),2017-11-23 21:36:56.525375
2008-05-04,00:15,47.9,,45.7,91.9,1.0,W@3.3,4.9,,59.4,2492.5,0.0,0,,"Pasco North (North Pasco), Franklin County",100025,Pasco North (North Pasco),2017-11-23 21:36:56.525375
2008-05-04,00:30,47.6,,45.7,93.0,1.0,W@2.9,5.3,,59.3,2492.5,0.0,0,,"Pasco North (North Pasco), Franklin County",100025,Pasco North (North Pasco),2017-11-23 21:36:56.525375
2008-05-04,00:45,47.8,,45.9,92.9,1.0,W@3.1,5.3,,59.3,2492.5,0.0,0,,"Pasco North (North Pasco), Franklin County",100025,Pasco North (North Pasco),2017-11-23 21:36:56.525375
2008-05-04,01:00,47.8,,45.5,91.6,1.0,W@3.6,6.0,,59.3,2489.4,0.0,0,,"Pasco North (North Pasco), Franklin County",100025,Pasco North (North Pasco),2017-11-23 21:36:56.525375
2008-05-04,01:15,47.8,,45.5,91.5,1.0,W@3.0,4.6,,59.3,2489.3,0.0,0,,"Pasco North (North Pasco), Franklin County",100025,Pasco North (North Pasco),2017-11-23 21:36:56.525375
2008-05-04,01:30,47.8,,45.4,91.1,1.0,SW@2.5,4.2,,59.3,2487.7,0.0,0,,"Pasco North (North Pasco), Franklin County",100025,Pasco North (North Pasco),2017-11-23 21:36:56.525375
2008-05-04,01:45,47.8,,45.5,91.8,0.99,W@3.1,4.6,,59.3,2487.7,0.0,0,,"Pasco North (North Pasco), Franklin County",100025,Pasco North (North Pasco),2017-11-23 21:36:56.525375
2008-05-04,02:00,48.1,,45.3,89.8,0.94,SW@1.6,2.8,,59.2,2487.7,0.0,0,,"Pasco North (North Pasco), Franklin County",100025,Pasco North (North Pasco),2017-11-23 21:36:56.525375
2008-05-04,02:15,47.4,,45.4,92.5,0.95,S@1.9,2.8,,59.2,2487.7,0.0,0,,"Pasco North (North Pasco), Franklin County",100025,Pasco North (North Pasco),2017-11-23 21:36:56.525375
2008-05-04,02:30,47.0,,45.4,93.8,1.0,S@1.8,3.1,,59.2,2487.7,0.0,0,,"Pasco North (North Pasco), Franklin County",100025,Pasco North (North Pasco),2017-11-23 21:36:56.525375
2008-05-04,02:45,47.2,,45.4,93.2,1.0,S@1.9,3.1,,59.1,2487.7,0.0,0,,"Pasco North (North Pasco), Franklin County",100025,Pasco North (North Pasco),2017-11-23 21:36:56.525375
2008-05-04,03:00,47.5,,45.3,92.1,1.0,S@0.9,2.4,,59.1,2487.7,0.0,0,,"Pasco North (North Pasco), Franklin County",100025,Pasco North (North Pasco),2017-11-23 21:36:56.525375
2008-05-04,03:15,47.3,,45.2,92.3,1.0,SE@1.5,2.8,,59.1,2483.0,0.0,0,,"Pasco North (North Pasco), Franklin County",100025,Pasco North (North Pasco),2017-11-23 21:36:56.525375
2008-05-04,03:30,46.9,,45.2,93.5,1.0,SE@3.3,4.9,,59.0,2483.0,0.0,0,,"Pasco North (North Pasco), Franklin County",100025,Pasco North (North Pasco),2017-11-23 21:36:56.525375
2008-05-04,03:45,46.6,,45.1,94.6,1.0,E@3.0,4.9,,59.0,2483.0,0.0,0,,"Pasco North (North Pasco), Franklin County",100025,Pasco North (North Pasco),2017-11-23 21:36:56.525375
2008-05-04,04:00,47.3,,45.0,91.7,1.0,S@1.6,3.5,,59.0,2483.0,0.0,0,,"Pasco North (North Pasco), Franklin County",100025,Pasco North (North Pasco),2017-11-23 21:36:56.525375
2008-05-04,04:15,47.6,,45.2,91.6,1.0,S@2.2,3.9,,58.9,2483.0,0.0,0,,"Pasco North (North Pasco), Franklin County",100025,Pasco North (North Pasco),2017-11-23 21:36:56.525375
2008-05-04,04:30,47.7,,44.8,89.3,1.0,W@3.0,4.6,,58.9,2483.0,0.0,0,,"Pasco North (North Pasco), Franklin County",100025,Pasco North (North Pasco),2017-11-23 21:36:56.525375
2008-05-04,04:45,47.9,,44.7,88.8,1.0,W@2.8,4.2,,58.9,2483.0,0.0,3,,"Pasco North (North Pasco), Franklin County",100025,Pasco North (North Pasco),2017-11-23 21:36:56.525375
2008-05-04,05:00,47.6,,44.6,89.2,1.0,SW@2.4,4.2,,58.8,2483.0,0.0,9,,"Pasco North (North Pasco), Franklin County",100025,Pasco North (North Pasco),2017-11-23 21:36:56.525375
2008-05-04,05:15,47.9,,44.5,88.1,1.0,W@2.5,4.6,,58.8,2479.7,0.0,14,,"Pasco North (North Pasco), Franklin County",100025,Pasco North (North Pasco),2017-11-23 21:36:56.525375
2008-05-04,05:30,48.1,,44.8,88.1,1.0,SW@2.4,4.2,,58.8,2478.1,0.0,27,,"Pasco North (North Pasco), Franklin County",100025,Pasco North (North Pasco),2017-11-23 21:36:56.525375
2008-05-04,05:45,49.0,,45.3,87.2,0.95,SW@2.4,3.9,,58.7,2478.0,0.0,105,,"Pasco North (North Pasco), Franklin County",100025,Pasco North (North Pasco),2017-11-23 21:36:56.525375
2008-05-04,06:00,50.5,,45.5,83.0,0.47,SW@2.0,3.1,,58.7,2477.6,0.0,152,,"Pasco North (North Pasco), Franklin County",100025,Pasco North (North Pasco),2017-11-23 21:36:56.525375
2008-05-04,06:15,51.3,,45.5,80.5,0.13,SW@2.1,3.9,,58.7,2477.3,0.0,180,,"Pasco North (North Pasco), Franklin County",100025,Pasco North (North Pasco),2017-11-23 21:36:56.525375
2008-05-04,06:30,51.5,,45.9,81.1,0.07,S@2.4,3.9,,58.6,2477.3,0.0,221,,"Pasco North (North Pasco), Franklin County",100025,Pasco North (North Pasco),2017-11-23 21:36:56.525375
2008-05-04,06:45,52.0,,46.4,80.8,0.05,S@2.6,4.2,,58.6,2477.3,0.0,264,,"Pasco North (North Pasco), Franklin County",100025,Pasco North (North Pasco),2017-11-23 21:36:56.525375
2008-05-04,07:00,52.3,,46.7,81.0,0.04,S@3.2,5.3,,58.6,2477.3,0.0,306,,"Pasco North (North Pasco), Franklin County",100025,Pasco North (North Pasco),2017-11-23 21:36:56.525375
2008-05-04,07:15,53.0,,46.7,79.2,0.02,S@3.0,4.9,,58.5,2476.8,0.0,351,,"Pasco North (North Pasco), Franklin County",100025,Pasco North (North Pasco),2017-11-23 21:36:56.525375
2008-05-04,07:30,54.3,,46.9,76.1,0.01,S@2.5,4.2,,58.5,2476.5,0.0,395,,"Pasco North (North Pasco), Franklin County",100025,Pasco North (North Pasco),2017-11-23 21:36:56.525375
2008-05-04,07:45,54.9,,46.7,73.7,0.01,SW@3.0,5.3,,58.4,2476.3,0.0,437,,"Pasco North (North Pasco), Franklin County",100025,Pasco North (North Pasco),2017-11-23 21:36:56.525375
2008-05-04,08:00,56.1,,46.9,71.3,0.01,SW@2.9,4.9,,58.4,2471.6,0.0,480,,"Pasco North (North Pasco), Franklin County",100025,Pasco North (North Pasco),2017-11-23 21:36:56.525375
2008-05-04,08:15,57.4,,46.5,66.8,0.0,S@2.5,4.2,,58.4,2471.6,0.0,520,,"Pasco North (North Pasco), Franklin County",100025,Pasco North (North Pasco),2017-11-23 21:36:56.525375
2008-05-04,08:30,58.9,,46.5,63.4,0.0,S@2.2,5.7,,58.4,2471.6,0.0,562,,"Pasco North (North Pasco), Franklin County",100025,Pasco North (North Pasco),2017-11-23 21:36:56.525375
2008-05-04,08:45,58.9,,46.5,63.2,0.0,W@2.9,5.3,,58.3,2471.6,0.0,601,,"Pasco North (North Pasco), Franklin County",100025,Pasco North (North Pasco),2017-11-23 21:36:56.525375
2008-05-04,09:00,60.2,,47.0,61.6,0.0,SW@2.9,7.1,,58.3,2471.6,0.0,635,,"Pasco North (North Pasco), Franklin County",100025,Pasco North (North Pasco),2017-11-23 21:36:56.525375
2008-05-04,09:15,61.5,,47.3,59.4,0.0,SW@2.7,5.7,,58.3,2471.6,0.0,674,,"Pasco North (North Pasco), Franklin County",100025,Pasco North (North Pasco),2017-11-23 21:36:56.525375
2008-05-04,09:30,61.3,,48.0,61.4,0.0,S@3.7,6.7,,58.2,2471.6,0.0,708,,"Pasco North (North Pasco), Franklin County",100025,Pasco North (North Pasco),2017-11-23 21:36:56.525375
2008-05-04,09:45,61.7,,47.8,60.3,0.0,S@3.7,7.8,,58.2,2471.5,0.0,739,,"Pasco North (North Pasco), Franklin County",100025,Pasco North (North Pasco),2017-11-23 21:36:56.525375
2008-05-04,10:00,61.6,,48.2,61.3,0.0,S@4.1,7.8,,58.2,2471.5,0.0,765,,"Pasco North (North Pasco), Franklin County",100025,Pasco North (North Pasco),2017-11-23 21:36:56.525375
2008-05-04,10:15,62.7,,48.2,59.1,0.0,S@4.2,6.7,,58.2,2471.6,0.0,792,,"Pasco North (North Pasco), Franklin County",100025,Pasco North (North Pasco),2017-11-23 21:36:56.525375
2008-05-04,10:30,63.4,,47.8,56.8,0.0,S@3.6,7.1,,58.2,2471.6,0.0,812,,"Pasco North (North Pasco), Franklin County",100025,Pasco North (North Pasco),2017-11-23 21:36:56.525375
2008-05-04,10:45,64.5,,47.9,54.7,0.0,S@3.3,7.8,,58.2,2471.6,0.0,836,,"Pasco North (North Pasco), Franklin County",100025,Pasco North (North Pasco),2017-11-23 21:36:56.525375
2008-05-04,11:00,64.4,,47.8,54.8,0.0,SE@3.4,6.0,,58.2,2471.6,0.0,845,,"Pasco North (North Pasco), Franklin County",100025,Pasco North (North Pasco),2017-11-23 21:36:56.525375
2008-05-04,11:15,65.7,,47.7,52.1,0.0,W@3.9,7.4,,58.2,2476.3,0.0,873,,"Pasco North (North Pasco), Franklin County",100025,Pasco North (North Pasco),2017-11-23 21:36:56.525375
2008-05-04,11:30,64.5,,47.0,53.0,0.0,S@4.0,10.7,,58.2,2476.3,0.0,842,,"Pasco North (North Pasco), Franklin County",100025,Pasco North (North Pasco),2017-11-23 21:36:56.525375
2008-05-04,11:45,66.8,,47.4,49.6,0.0,S@3.1,7.1,,58.2,2476.3,0.0,881,,"Pasco North (North Pasco), Franklin County",100025,Pasco North (North Pasco),2017-11-23 21:36:56.525375
2008-05-04,12:00,67.8,,48.0,49.0,0.0,S@3.8,7.1,,58.2,2476.3,0.0,869,,"Pasco North (North Pasco), Franklin County",100025,Pasco North (North Pasco),2017-11-23 21:36:56.525375
2008-05-04,12:15,66.9,,47.3,49.2,0.0,SW@3.7,7.8,,58.3,2476.4,0.0,863,,"Pasco North (North Pasco), Franklin County",100025,Pasco North (North Pasco),2017-11-23 21:36:56.525375
2008-05-04,12:30,67.5,,46.8,47.4,0.0,S@3.5,8.2,,58.3,2481.1,0.0,871,,"Pasco North (North Pasco), Franklin County",100025,Pasco North (North Pasco),2017-11-23 21:36:56.525375
2008-05-04,12:45,68.7,,45.3,42.9,0.0,S@3.1,7.4,,58.4,2481.1,0.0,858,,"Pasco North (North Pasco), Franklin County",100025,Pasco North (North Pasco),2017-11-23 21:36:56.525375
2008-05-04,13:00,69.3,,47.7,46.1,0.0,S@3.9,6.7,,58.4,2481.1,0.0,843,,"Pasco North (North Pasco), Franklin County",100025,Pasco North (North Pasco),2017-11-23 21:36:56.525375
2008-05-04,13:15,68.3,,47.3,46.8,0.0,SE@4.7,8.2,,58.5,2484.3,0.0,843,,"Pasco North (North Pasco), Franklin County",100025,Pasco North (North Pasco),2017-11-23 21:36:56.525375
2008-05-04,13:30,69.2,,46.9,44.9,0.0,S@4.0,7.4,,58.5,2485.9,0.0,817,,"Pasco North (North Pasco), Franklin County",100025,Pasco North (North Pasco),2017-11-23 21:36:56.525375
2008-05-04,13:45,69.5,,47.1,44.6,0.0,S@4.5,8.9,,58.6,2485.9,0.0,799,,"Pasco North (North Pasco), Franklin County",100025,Pasco North (North Pasco),2017-11-23 21:36:56.525375
2008-05-04,14:00,69.5,,47.1,44.8,0.0,S@4.9,8.5,,58.7,2490.7,0.0,774,,"Pasco North (North Pasco), Franklin County",100025,Pasco North (North Pasco),2017-11-23 21:36:56.525375
2008-05-04,14:15,69.4,,46.8,44.3,0.0,S@4.4,9.2,,58.8,2490.7,0.0,746,,"Pasco North (North Pasco), Franklin County",100025,Pasco North (North Pasco),2017-11-23 21:36:56.525375
2008-05-04,14:30,69.8,,46.6,43.4,0.0,S@3.1,7.8,,58.9,2493.9,0.0,718,,"Pasco North (North Pasco), Franklin County",100025,Pasco North (North Pasco),2017-11-23 21:36:56.525375
2008-05-04,14:45,70.2,,47.0,43.5,0.0,SE@4.7,8.2,,59.0,2495.5,0.0,689,,"Pasco North (North Pasco), Franklin County",100025,Pasco North (North Pasco),2017-11-23 21:36:56.525375
2008-05-04,15:00,70.7,,46.9,42.6,0.0,SE@3.4,6.0,,59.1,2498.7,0.0,655,,"Pasco North (North Pasco), Franklin County",100025,Pasco North (North Pasco),2017-11-23 21:36:56.525375
2008-05-04,15:15,70.8,,47.0,42.6,0.0,SE@3.8,8.2,,59.2,2500.2,0.0,619,,"Pasco North (North Pasco), Franklin County",100025,Pasco North (North Pasco),2017-11-23 21:36:56.525375
2008-05-04,15:30,71.2,,46.8,41.7,0.0,S@3.3,6.4,,59.3,2501.9,0.0,582,,"Pasco North (North Pasco), Franklin County",100025,Pasco North (North Pasco),2017-11-23 21:36:56.525375
2008-05-04,15:45,71.7,,46.1,39.9,0.0,SE@3.1,5.7,,59.4,2505.0,0.0,544,,"Pasco North (North Pasco), Franklin County",100025,Pasco North (North Pasco),2017-11-23 21:36:56.525375
2008-05-04,16:00,71.0,,45.1,39.5,0.0,SE@3.9,7.1,,59.5,2508.2,0.0,503,,"Pasco North (North Pasco), Franklin County",100025,Pasco North (North Pasco),2017-11-23 21:36:56.525375
2008-05-04,16:15,72.6,,43.4,35.0,0.0,S@2.4,4.6,,59.7,2509.8,0.0,459,,"Pasco North (North Pasco), Franklin County",100025,Pasco North (North Pasco),2017-11-23 21:36:56.525375
2008-05-04,16:30,73.3,,43.6,34.4,0.0,SW@2.3,5.3,,59.8,2509.8,0.0,416,,"Pasco North (North Pasco), Franklin County",100025,Pasco North (North Pasco),2017-11-23 21:36:56.525375
2008-05-04,16:45,71.2,,44.2,37.8,0.0,SE@3.2,6.4,,59.9,2514.6,0.0,372,,"Pasco North (North Pasco), Franklin County",100025,Pasco North (North Pasco),2017-11-23 21:36:56.525375
2008-05-04,17:00,71.1,,43.9,37.5,0.0,SE@3.0,5.7,,60.0,2514.6,0.0,325,,"Pasco North (North Pasco), Franklin County",100025,Pasco North (North Pasco),2017-11-23 21:36:56.525375
2008-05-04,17:15,70.8,,43.3,37.1,0.0,SE@2.7,6.4,,60.2,2519.4,0.0,286,,"Pasco North (North Pasco), Franklin County",100025,Pasco North (North Pasco),2017-11-23 21:36:56.525375
2008-05-04,17:30,71.6,,44.1,37.2,0.0,S@2.0,4.2,,60.3,2519.4,0.0,239,,"Pasco North (North Pasco), Franklin County",100025,Pasco North (North Pasco),2017-11-23 21:36:56.525375
2008-05-04,17:45,70.2,,44.1,38.9,0.0,SE@2.8,5.3,,60.4,2522.6,0.0,195,,"Pasco North (North Pasco), Franklin County",100025,Pasco North (North Pasco),2017-11-23 21:36:56.525375
2008-05-04,18:00,69.5,,44.9,41.2,0.0,SE@2.3,3.9,,60.5,2524.1,0.0,151,,"Pasco North (North Pasco), Franklin County",100025,Pasco North (North Pasco),2017-11-23 21:36:56.525375
2008-05-04,18:15,68.6,,45.6,43.6,0.0,SE@1.7,2.8,,60.7,2525.8,0.0,108,,"Pasco North (North Pasco), Franklin County",100025,Pasco North (North Pasco),2017-11-23 21:36:56.525375
2008-05-04,18:30,67.5,,46.0,46.0,0.0,SE@1.3,3.1,,60.8,2528.9,0.0,76,,"Pasco North (North Pasco), Franklin County",100025,Pasco North (North Pasco),2017-11-23 21:36:56.525375
2008-05-04,18:45,67.2,,45.6,45.6,0.0,S@0.1,1.7,,60.9,2528.9,0.0,41,,"Pasco North (North Pasco), Franklin County",100025,Pasco North (North Pasco),2017-11-23 21:36:56.525375
2008-05-04,19:00,65.3,,43.8,45.6,0.0,S@0.2,1.7,,61.0,2528.9,0.0,12,,"Pasco North (North Pasco), Franklin County",100025,Pasco North (North Pasco),2017-11-23 21:36:56.525375
2008-05-04,19:15,64.9,,42.7,44.4,0.0,S@1.1,2.4,,61.1,2533.7,0.0,4,,"Pasco North (North Pasco), Franklin County",100025,Pasco North (North Pasco),2017-11-23 21:36:56.525375
2008-05-04,19:30,64.7,,42.5,44.4,0.0,S@1.1,2.8,,61.2,2533.8,0.0,1,,"Pasco North (North Pasco), Franklin County",100025,Pasco North (North Pasco),2017-11-23 21:36:56.525375
2008-05-04,19:45,64.5,,42.3,44.3,0.0,SW@1.5,2.8,,61.3,2533.9,0.0,0,,"Pasco North (North Pasco), Franklin County",100025,Pasco North (North Pasco),2017-11-23 21:36:56.525375
2008-05-04,20:00,64.7,,42.4,44.1,0.0,SW@2.1,3.1,,61.4,2534.1,0.0,0,,"Pasco North (North Pasco), Franklin County",100025,Pasco North (North Pasco),2017-11-23 21:36:56.525375
2008-05-04,20:15,64.7,,42.4,44.0,0.0,SW@2.3,3.5,,61.5,2539.2,0.0,0,,"Pasco North (North Pasco), Franklin County",100025,Pasco North (North Pasco),2017-11-23 21:36:56.525375
2008-05-04,20:30,64.5,,42.0,43.7,0.0,SW@2.1,3.5,,61.6,2539.1,0.0,0,,"Pasco North (North Pasco), Franklin County",100025,Pasco North (North Pasco),2017-11-23 21:36:56.525375
2008-05-04,20:45,64.2,,41.3,43.1,0.0,SW@2.4,4.2,,61.7,2539.1,0.0,0,,"Pasco North (North Pasco), Franklin County",100025,Pasco North (North Pasco),2017-11-23 21:36:56.525375
2008-05-04,21:00,63.5,,41.7,44.7,0.0,W@3.3,5.7,,61.7,2538.9,0.0,0,,"Pasco North (North Pasco), Franklin County",100025,Pasco North (North Pasco),2017-11-23 21:36:56.525375
2008-05-04,21:15,63.5,,43.2,47.4,0.0,W@4.2,7.8,,61.8,2538.9,0.0,0,,"Pasco North (North Pasco), Franklin County",100025,Pasco North (North Pasco),2017-11-23 21:36:56.525375
2008-05-04,21:30,63.1,,44.0,49.5,0.0,W@4.3,7.1,,61.9,2538.7,0.0,0,,"Pasco North (North Pasco), Franklin County",100025,Pasco North (North Pasco),2017-11-23 21:36:56.525375
2008-05-04,21:45,63.5,,43.6,48.1,0.0,W@3.7,6.4,,61.9,2538.8,0.0,0,,"Pasco North (North Pasco), Franklin County",100025,Pasco North (North Pasco),2017-11-23 21:36:56.525375
2008-05-04,22:00,62.9,,43.4,48.7,0.0,W@3.4,6.7,,61.9,2538.6,0.0,0,,"Pasco North (North Pasco), Franklin County",100025,Pasco North (North Pasco),2017-11-23 21:36:56.525375
2008-05-04,22:15,61.8,,44.2,52.3,0.0,NW@2.6,4.2,,62.0,2538.6,0.0,0,,"Pasco North (North Pasco), Franklin County",100025,Pasco North (North Pasco),2017-11-23 21:36:56.525375
2008-05-04,22:30,59.7,,43.9,55.8,0.01,NW@1.7,2.4,,62.0,2538.8,0.0,0,,"Pasco North (North Pasco), Franklin County",100025,Pasco North (North Pasco),2017-11-23 21:36:56.525375
2008-05-04,22:45,60.0,,43.3,53.8,0.0,NW@1.7,2.8,,62.0,2539.0,0.0,0,,"Pasco North (North Pasco), Franklin County",100025,Pasco North (North Pasco),2017-11-23 21:36:56.525375
2008-05-04,23:00,60.1,,43.2,53.6,0.0,NW@1.6,2.4,,62.1,2539.2,0.0,0,,"Pasco North (North Pasco), Franklin County",100025,Pasco North (North Pasco),2017-11-23 21:36:56.525375
2008-05-05,23:15,60.0,,43.0,53.3,0.0,NW@1.7,2.4,,62.1,2539.4,0.0,0,,"Pasco North (North Pasco), Franklin County",100025,Pasco North (North Pasco),2017-11-23 21:36:56.525375
2008-05-05,23:30,60.4,,42.6,51.8,0.0,NW@1.9,2.8,,62.1,2539.4,0.0,0,,"Pasco North (North Pasco), Franklin County",100025,Pasco North (North Pasco),2017-11-23 21:36:56.525375
2008-05-05,23:45,60.0,,42.8,53.0,0.0,NW@2.1,3.1,,62.1,2539.4,0.0,0,,"Pasco North (North Pasco), Franklin County",100025,Pasco North (North Pasco),2017-11-23 21:36:56.525375
2008-05-05,24:00,58.7,,43.1,56.0,0.01,S@2.1,4.6,,62.1,2539.4,0.0,0,,"Pasco North (North Pasco), Franklin County",100025,Pasco North (North Pasco),2017-11-23 21:36:56.525375
2008-05-05,00:15,55.7,,44.0,64.5,0.01,E@3.4,4.9,,62.1,2537.8,0.0,0,,"Pasco North (North Pasco), Franklin County",100025,Pasco North (North Pasco),2017-11-23 21:36:56.525375
2008-05-05,00:30,54.9,,43.8,66.0,0.02,NE@3.0,4.6,,62.1,2534.6,0.0,0,,"Pasco North (North Pasco), Franklin County",100025,Pasco North (North Pasco),2017-11-23 21:36:56.525375
2008-05-05,00:45,53.5,,43.9,69.9,0.06,NE@2.5,3.5,,62.0,2534.6,0.0,0,,"Pasco North (North Pasco), Franklin County",100025,Pasco North (North Pasco),2017-11-23 21:36:56.525375
2008-05-05,01:00,55.5,,42.3,61.0,0.03,W@0.5,1.7,,62.0,2534.6,0.0,0,,"Pasco North (North Pasco), Franklin County",100025,Pasco North (North Pasco),2017-11-23 21:36:56.525375
2008-05-05,01:15,56.5,,42.6,59.5,0.02,W@0.6,2.4,,62.0,2534.6,0.0,0,,"Pasco North (North Pasco), Franklin County",100025,Pasco North (North Pasco),2017-11-23 21:36:56.525375
2008-05-05,01:30,56.3,,42.6,60.1,0.01,E@1.2,2.4,,62.0,2534.8,0.0,0,,"Pasco North (North Pasco), Franklin County",100025,Pasco North (North Pasco),2017-11-23 21:36:56.525375
2008-05-05,01:45,56.4,,42.7,60.0,0.01,SE@1.7,2.8,,62.0,2534.7,0.0,0,,"Pasco North (North Pasco), Franklin County",100025,Pasco North (North Pasco),2017-11-23 21:36:56.525375
2008-05-05,02:00,55.5,,43.0,62.6,0.02,SE@2.2,3.1,,61.9,2529.9,0.0,0,,"Pasco North (North Pasco), Franklin County",100025,Pasco North (North Pasco),2017-11-23 21:36:56.525375
2008-05-05,02:15,54.1,,43.6,67.6,0.03,E@2.9,3.5,,61.9,2529.9,0.0,0,,"Pasco North (North Pasco), Franklin County",100025,Pasco North (North Pasco),2017-11-23 21:36:56.525375
2008-05-05,02:30,53.1,,44.3,71.9,0.06,E@3.1,4.6,,61.9,2529.9,0.0,0,,"Pasco North (North Pasco), Franklin County",100025,Pasco North (North Pasco),2017-11-23 21:36:56.525375
2008-05-05,02:45,52.7,,44.2,72.6,0.06,SE@3.6,4.6,,61.9,2529.8,0.0,0,,"Pasco North (North Pasco), Franklin County",100025,Pasco North (North Pasco),2017-11-23 21:36:56.525375
2008-05-05,03:00,51.9,,44.1,74.4,0.08,E@3.7,5.3,,61.8,2529.9,0.0,0,,"Pasco North (North Pasco), Franklin County",100025,Pasco North (North Pasco),2017-11-23 21:36:56.525375
2008-05-05,03:15,51.4,,44.1,75.9,0.11,E@3.7,4.9,,61.8,2529.9,0.0,0,,"Pasco North (North Pasco), Franklin County",100025,Pasco North (North Pasco),2017-11-23 21:36:56.525375
2008-05-05,03:30,51.2,,44.4,77.4,0.13,E@4.2,5.7,,61.8,2527.0,0.0,0,,"Pasco North (North Pasco), Franklin County",100025,Pasco North (North Pasco),2017-11-23 21:36:56.525375
2008-05-05,03:45,50.8,,44.4,78.5,0.14,E@4.8,7.1,,61.7,2525.5,0.0,0,,"Pasco North (North Pasco), Franklin County",100025,Pasco North (North Pasco),2017-11-23 21:36:56.525375
2008-05-05,04:00,50.3,,44.7,80.9,0.29,E@3.5,4.6,,61.7,2525.4,0.0,0,,"Pasco North (North Pasco), Franklin County",100025,Pasco North (North Pasco),2017-11-23 21:36:56.525375
2008-05-05,04:15,49.9,,44.7,82.3,0.41,E@4.1,5.7,,61.6,2525.5,0.0,0,,"Pasco North (North Pasco), Franklin County",100025,Pasco North (North Pasco),2017-11-23 21:36:56.525375
2008-05-05,04:30,49.2,,44.5,83.7,0.51,NE@3.4,4.9,,61.6,2525.8,0.0,1,,"Pasco North (North Pasco), Franklin County",100025,Pasco North (North Pasco),2017-11-23 21:36:56.525375
2008-05-05,04:45,49.1,,44.4,83.7,0.55,E@3.2,4.9,,61.5,2521.2,0.0,4,,"Pasco North (North Pasco), Franklin County",100025,Pasco North (North Pasco),2017-11-23 21:36:56.525375
2008-05-05,05:00,50.2,,44.5,80.6,0.46,SE@2.7,4.9,,61.5,2521.2,0.0,16,,"Pasco North (North Pasco), Franklin County",100025,Pasco North (North Pasco),2017-11-23 21:36:56.525375
2008-05-05,05:15,50.0,,44.5,81.2,0.32,E@3.4,4.9,,61.5,2521.2,0.0,32,,"Pasco North (North Pasco), Franklin County",100025,Pasco North (North Pasco),2017-11-23 21:36:56.525375
2008-05-05,05:30,51.0,,44.5,78.1,0.25,E@1.5,2.8,,61.4,2521.2,0.0,42,,"Pasco North (North Pasco), Franklin County",100025,Pasco North (North Pasco),2017-11-23 21:36:56.525375
2008-05-05,05:45,52.1,,44.1,74.1,0.16,SE@2.4,4.2,,61.4,2521.2,0.0,50,,"Pasco North (North Pasco), Franklin County",100025,Pasco North (North Pasco),2017-11-23 21:36:56.525375
2008-05-05,06:00,51.9,,44.9,76.7,0.07,E@3.3,5.3,,61.3,2520.8,0.0,139,,"Pasco North (North Pasco), Franklin County",100025,Pasco North (North Pasco),2017-11-23 21:36:56.525375
2008-05-05,06:15,53.8,,45.4,72.9,0.03,E@2.6,5.3,,61.3,2517.4,0.0,183,,"Pasco North (North Pasco), Franklin County",100025,Pasco North (North Pasco),2017-11-23 21:36:56.525375
2008-05-05,06:30,55.6,,45.9,69.6,0.01,E@2.9,4.9,,61.2,2517.1,0.0,237,,"Pasco North (North Pasco), Franklin County",100025,Pasco North (North Pasco),2017-11-23 21:36:56.525375
2008-05-05,06:45,54.7,,45.8,71.8,0.01,E@4.3,6.4,,61.2,2515.5,0.0,257,,"Pasco North (North Pasco), Franklin County",100025,Pasco North (North Pasco),2017-11-23 21:36:56.525375
2008-05-05,07:00,56.3,,45.9,68.2,0.01,SE@2.6,5.3,,61.1,2515.0,0.0,287,,"Pasco North (North Pasco), Franklin County",100025,Pasco North (North Pasco),2017-11-23 21:36:56.525375
2008-05-05,07:15,57.5,,46.5,66.6,0.0,SE@3.3,4.9,,61.1,2514.7,0.0,318,,"Pasco North (North Pasco), Franklin County",100025,Pasco North (North Pasco),2017-11-23 21:36:56.525375
2008-05-05,07:30,58.6,,46.1,63.1,0.0,S@3.3,5.3,,61.0,2514.6,0.0,421,,"Pasco North (North Pasco), Franklin County",100025,Pasco North (North Pasco),2017-11-23 21:36:56.525375
2008-05-05,07:45,59.3,,46.4,62.2,0.0,S@4.0,8.2,,61.0,2514.6,0.0,408,,"Pasco North (North Pasco), Franklin County",100025,Pasco North (North Pasco),2017-11-23 21:36:56.525375
2008-05-05,08:00,59.5,,46.2,61.4,0.0,SW@4.4,7.1,,60.9,2509.8,0.0,429,,"Pasco North (North Pasco), Franklin County",100025,Pasco North (North Pasco),2017-11-23 21:36:56.525375
2008-05-05,08:15,59.9,,46.9,62.1,0.0,SW@4.2,6.7,,60.9,2509.8,0.0,452,,"Pasco North (North Pasco), Franklin County",100025,Pasco North (North Pasco),2017-11-23 21:36:56.525375
2008-05-05,08:30,61.0,,46.5,58.6,0.0,SW@4.6,8.2,,60.8,2509.8,0.0,487,,"Pasco North (North Pasco), Franklin County",100025,Pasco North (North Pasco),2017-11-23 21:36:56.525375
2008-05-05,08:45,62.9,,48.0,58.3,0.0,S@3.8,7.4,,60.8,2509.8,0.0,633,,"Pasco North (North Pasco), Franklin County",100025,Pasco North (North Pasco),2017-11-23 21:36:56.525375
2008-05-05,09:00,63.8,,48.6,57.6,0.0,S@3.3,6.0,,60.7,2509.8,0.0,628,,"Pasco North (North Pasco), Franklin County",100025,Pasco North (North Pasco),2017-11-23 21:36:56.525375
2008-05-05,09:15,64.3,,48.8,57.1,0.0,S@3.6,6.4,,60.7,2509.8,0.0,523,,"Pasco North (North Pasco), Franklin County",100025,Pasco North (North Pasco),2017-11-23 21:36:56.525375
2008-05-05,09:30,64.5,,46.5,51.9,0.0,SW@3.8,6.0,,60.7,2509.8,0.0,458,,"Pasco North (North Pasco), Franklin County",100025,Pasco North (North Pasco),2017-11-23 21:36:56.525375
2008-05-05,09:45,66.0,,47.6,51.3,0.0,S@3.6,6.0,,60.6,2509.8,0.0,523,,"Pasco North (North Pasco), Franklin County",100025,Pasco North (North Pasco),2017-11-23 21:36:56.525375
2008-05-05,10:00,67.1,,47.4,49.1,0.0,SE@3.8,7.4,,60.6,2509.8,0.0,553,,"Pasco North (North Pasco), Franklin County",100025,Pasco North (North Pasco),2017-11-23 21:36:56.525375
2008-05-05,10:15,67.8,,47.6,48.4,0.0,SE@3.9,7.1,,60.6,2509.8,0.0,548,,"Pasco North (North Pasco), Franklin County",100025,Pasco North (North Pasco),2017-11-23 21:36:56.525375
2008-05-05,10:30,67.7,,48.4,50.1,0.0,SE@4.3,7.4,,60.5,2509.8,0.0,468,,"Pasco North (North Pasco), Franklin County",100025,Pasco North (North Pasco),2017-11-23 21:36:56.525375
2008-05-05,10:45,68.1,,48.4,49.2,0.0,S@3.9,6.4,,60.5,2509.8,0.0,504,,"Pasco North (North Pasco), Franklin County",100025,Pasco North (North Pasco),2017-11-23 21:36:56.525375
2008-05-05,11:00,69.8,,48.3,46.3,0.0,S@3.0,5.3,,60.5,2509.8,0.0,572,,"Pasco North (North Pasco), Franklin County",100025,Pasco North (North Pasco),2017-11-23 21:36:56.525375
2008-05-05,11:15,70.6,,47.4,43.7,0.0,S@4.0,6.7,,60.5,2509.8,0.0,568,,"Pasco North (North Pasco), Franklin County",100025,Pasco North (North Pasco),2017-11-23 21:36:56.525375
2008-05-05,11:30,71.0,,47.3,42.8,0.0,SW@4.3,6.7,,60.5,2509.8,0.0,640,,"Pasco North (North Pasco), Franklin County",100025,Pasco North (North Pasco),2017-11-23 21:36:56.525375
2008-05-05,11:45,72.2,,46.6,40.1,0.0,SW@5.1,8.9,,60.5,2509.8,0.0,627,,"Pasco North (North Pasco), Franklin County",100025,Pasco North (North Pasco),2017-11-23 21:36:56.525375
2008-05-05,12:00,70.6,,45.6,40.7,0.0,SW@4.6,8.2,,60.5,2509.8,0.0,469,,"Pasco North (North Pasco), Franklin County",100025,Pasco North (North Pasco),2017-11-23 21:36:56.525375
2008-05-05,12:15,71.3,,45.4,39.3,0.0,SW@4.2,8.2,,60.5,2509.8,0.0,577,,"Pasco North (North Pasco), Franklin County",100025,Pasco North (North Pasco),2017-11-23 21:36:56.525375
2008-05-05,12:30,73.6,,46.2,37.6,0.0,SW@4.6,7.8,,60.5,2509.8,0.0,719,,"Pasco North (North Pasco), Franklin County",100025,Pasco North (North Pasco),2017-11-23 21:36:56.525375
2008-05-05,12:45,72.9,,46.0,38.2,0.0,SW@5.1,12.4,,60.6,2511.4,0.0,736,,"Pasco North (North Pasco), Franklin County",100025,Pasco North (North Pasco),2017-11-23 21:36:56.525375
2008-05-05,13:00,73.4,,45.5,36.9,0.0,SW@4.9,10.3,,60.6,2514.6,0.0,723,,"Pasco North (North Pasco), Franklin County",100025,Pasco North (North Pasco),2017-11-23 21:36:56.525375
2008-05-05,13:15,73.7,,45.0,35.7,0.0,SW@5.3,11.4,,60.6,2514.6,0.0,851,,"Pasco North (North Pasco), Franklin County",100025,Pasco North (North Pasco),2017-11-23 21:36:56.525375
2008-05-05,13:30,74.5,,45.5,35.5,0.0,SW@5.7,13.2,,60.7,2514.6,0.0,817,,"Pasco North (North Pasco), Franklin County",100025,Pasco North (North Pasco),2017-11-23 21:36:56.525375
2008-05-05,13:45,74.8,,44.8,34.3,0.0,SW@6.1,11.0,,60.7,2514.6,0.0,794,,"Pasco North (North Pasco), Franklin County",100025,Pasco North (North Pasco),2017-11-23 21:36:56.525375
2008-05-05,14:00,75.0,,41.0,29.3,0.0,SW@6.2,10.3,,60.8,2517.8,0.0,776,,"Pasco North (North Pasco), Franklin County",100025,Pasco North (North Pasco),2017-11-23 21:36:56.525375
2008-05-05,14:15,75.5,,39.3,27.1,0.0,SW@6.5,12.8,,60.8,2519.4,0.0,748,,"Pasco North (North Pasco), Franklin County",100025,Pasco North (North Pasco),2017-11-23 21:36:56.525375
2008-05-05,14:30,75.6,,37.0,24.7,0.0,SW@6.3,12.4,,60.9,2519.4,0.0,717,,"Pasco North (North Pasco), Franklin County",100025,Pasco North (North Pasco),2017-11-23 21:36:56.525375
2008-05-05,14:45,75.5,,37.9,25.6,0.0,SW@7.1,13.2,,60.9,2519.4,0.0,682,,"Pasco North (North Pasco), Franklin County",100025,Pasco North (North Pasco),2017-11-23 21:36:56.525375
2008-05-05,15:00,76.1,,37.5,24.7,0.0,SW@6.4,11.7,,61.0,2522.6,0.0,648,,"Pasco North (North Pasco), Franklin County",100025,Pasco North (North Pasco),2017-11-23 21:36:56.525375
2008-05-05,15:15,76.1,,38.2,25.4,0.0,SW@7.4,13.2,,61.1,2524.1,0.0,609,,"Pasco North (North Pasco), Franklin County",100025,Pasco North (North Pasco),2017-11-23 21:36:56.525375
2008-05-05,15:30,76.4,,38.1,25.1,0.0,SW@7.1,15.0,,61.1,2524.2,0.0,571,,"Pasco North (North Pasco), Franklin County",100025,Pasco North (North Pasco),2017-11-23 21:36:56.525375
2008-05-05,15:45,76.5,,38.0,24.9,0.0,W@7.0,12.1,,61.2,2528.9,0.0,534,,"Pasco North (North Pasco), Franklin County",100025,Pasco North (North Pasco),2017-11-23 21:36:56.525375
2008-05-05,16:00,76.7,,37.9,24.6,0.0,SW@6.2,9.6,,61.3,2528.9,0.0,493,,"Pasco North (North Pasco), Franklin County",100025,Pasco North (North Pasco),2017-11-23 21:36:56.525375
2008-05-05,16:15,76.4,,38.1,25.1,0.0,SW@6.1,11.7,,61.4,2528.9,0.0,450,,"Pasco North (North Pasco), Franklin County",100025,Pasco North (North Pasco),2017-11-23 21:36:56.525375
2008-05-05,16:30,76.5,,37.1,24.0,0.0,SW@5.2,8.2,,61.5,2532.1,0.0,408,,"Pasco North (North Pasco), Franklin County",100025,Pasco North (North Pasco),2017-11-23 21:36:56.525375
2008-05-05,16:45,76.1,,36.0,23.3,0.0,SW@5.7,9.6,,61.5,2533.7,0.0,363,,"Pasco North (North Pasco), Franklin County",100025,Pasco North (North Pasco),2017-11-23 21:36:56.525375
2008-05-05,17:00,76.0,,36.3,23.6,0.0,SW@4.8,9.9,,61.6,2533.7,0.0,305,,"Pasco North (North Pasco), Franklin County",100025,Pasco North (North Pasco),2017-11-23 21:36:56.525375
2008-05-05,17:15,76.8,,36.1,22.8,0.0,W@3.7,8.9,,61.7,2538.5,0.0,261,,"Pasco North (North Pasco), Franklin County",100025,Pasco North (North Pasco),2017-11-23 21:36:56.525375
2008-05-05,17:30,76.4,,35.1,22.3,0.0,W@4.6,7.1,,61.8,2538.5,0.0,231,,"Pasco North (North Pasco), Franklin County",100025,Pasco North (North Pasco),2017-11-23 21:36:56.525375
2008-05-05,17:45,75.8,,36.6,24.1,0.0,W@3.4,6.4,,61.9,2538.5,0.0,186,,"Pasco North (North Pasco), Franklin County",100025,Pasco North (North Pasco),2017-11-23 21:36:56.525375
2008-05-05,18:00,76.2,,38.1,25.2,0.0,SW@1.3,3.5,,62.0,2541.7,0.0,145,,"Pasco North (North Pasco), Franklin County",100025,Pasco North (North Pasco),2017-11-23 21:36:56.525375
2008-05-05,18:15,75.3,,38.9,26.9,0.0,SW@1.8,6.4,,62.1,2543.3,0.0,106,,"Pasco North (North Pasco), Franklin County",100025,Pasco North (North Pasco),2017-11-23 21:36:56.525375
2008-05-05,18:30,73.3,,36.5,26.1,0.0,NW@7.4,12.8,,62.2,2543.3,0.0,75,,"Pasco North (North Pasco), Franklin County",100025,Pasco North (North Pasco),2017-11-23 21:36:56.525375
2008-05-05,18:45,71.4,,36.8,28.1,0.0,NW@8.0,12.8,,62.2,2546.5,0.0,45,,"Pasco North (North Pasco), Franklin County",100025,Pasco North (North Pasco),2017-11-23 21:36:56.525375
2008-05-05,19:00,70.1,,37.6,30.4,0.0,NW@6.5,9.9,,62.3,2548.0,0.0,21,,"Pasco North (North Pasco), Franklin County",100025,Pasco North (North Pasco),2017-11-23 21:36:56.525375
2008-05-05,19:15,68.5,,36.2,30.4,0.0,NW@7.6,13.9,,62.4,2548.0,0.0,6,,"Pasco North (North Pasco), Franklin County",100025,Pasco North (North Pasco),2017-11-23 21:36:56.525375
2008-05-05,19:30,67.1,,34.1,29.3,0.0,NW@7.8,12.4,,62.5,2548.0,0.0,1,,"Pasco North (North Pasco), Franklin County",100025,Pasco North (North Pasco),2017-11-23 21:36:56.525375
2008-05-05,19:45,65.7,,34.6,31.4,0.0,NW@6.1,10.3,,62.6,2548.1,0.0,0,,"Pasco North (North Pasco), Franklin County",100025,Pasco North (North Pasco),2017-11-23 21:36:56.525375
2008-05-05,20:00,64.9,,35.6,33.6,0.0,NW@6.8,11.4,,62.7,2551.3,0.0,0,,"Pasco North (North Pasco), Franklin County",100025,Pasco North (North Pasco),2017-11-23 21:36:56.525375
2008-05-05,20:15,64.3,,37.4,36.9,0.0,NW@7.5,12.1,,62.7,2552.9,0.0,0,,"Pasco North (North Pasco), Franklin County",100025,Pasco North (North Pasco),2017-11-23 21:36:56.525375
2008-05-05,20:30,63.9,,38.9,39.6,0.0,NW@8.3,12.4,,62.8,2552.9,0.0,0,,"Pasco North (North Pasco), Franklin County",100025,Pasco North (North Pasco),2017-11-23 21:36:56.525375
2008-05-05,20:45,63.5,,39.3,40.8,0.0,NW@8.4,14.6,,62.9,2552.9,0.0,0,,"Pasco North (North Pasco), Franklin County",100025,Pasco North (North Pasco),2017-11-23 21:36:56.525375
2008-05-05,21:00,62.9,,38.8,40.9,0.0,NW@9.4,14.2,,62.9,2552.9,0.0,0,,"Pasco North (North Pasco), Franklin County",100025,Pasco North (North Pasco),2017-11-23 21:36:56.525375
2008-05-05,21:15,62.5,,38.7,41.3,0.0,NW@8.9,15.0,,63.0,2553.2,0.0,0,,"Pasco North (North Pasco), Franklin County",100025,Pasco North (North Pasco),2017-11-23 21:36:56.525375
2008-05-05,21:30,62.1,,38.2,41.0,0.0,NW@9.1,19.2,,63.0,2553.1,0.0,0,,"Pasco North (North Pasco), Franklin County",100025,Pasco North (North Pasco),2017-11-23 21:36:56.525375
2008-05-05,21:45,62.1,,37.1,39.3,0.0,NW@10.1,16.4,,63.0,2553.3,0.0,0,,"Pasco North (North Pasco), Franklin County",100025,Pasco North (North Pasco),2017-11-23 21:36:56.525375
2008-05-05,22:00,61.5,,36.9,39.9,0.0,NW@8.4,13.5,,63.1,2553.2,0.0,0,,"Pasco North (North Pasco), Franklin County",100025,Pasco North (North Pasco),2017-11-23 21:36:56.525375
2008-05-05,22:15,60.9,,36.6,40.2,0.0,NW@8.5,13.9,,63.1,2553.3,0.0,0,,"Pasco North (North Pasco), Franklin County",100025,Pasco North (North Pasco),2017-11-23 21:36:56.525375
2008-05-05,22:30,60.8,,35.7,38.9,0.0,NW@9.3,14.2,,63.1,2553.2,0.0,0,,"Pasco North (North Pasco), Franklin County",100025,Pasco North (North Pasco),2017-11-23 21:36:56.525375
2008-05-05,22:45,60.6,,33.7,36.2,0.0,NW@11.1,17.1,,63.1,2553.4,0.0,0,,"Pasco North (North Pasco), Franklin County",100025,Pasco North (North Pasco),2017-11-23 21:36:56.525375
2008-05-05,23:00,60.1,,33.1,36.1,0.0,NW@10.7,15.0,,63.2,2553.2,0.0,0,,"Pasco North (North Pasco), Franklin County",100025,Pasco North (North Pasco),2017-11-23 21:36:56.525375
2008-05-06,23:15,60.1,,33.4,36.4,0.0,NW@10.4,15.0,,63.2,2553.5,0.0,0,,"Pasco North (North Pasco), Franklin County",100025,Pasco North (North Pasco),2017-11-23 21:36:56.525375
2008-05-06,23:30,60.1,,34.1,37.5,0.0,NW@11.0,16.0,,63.2,2553.6,0.0,0,,"Pasco North (North Pasco), Franklin County",100025,Pasco North (North Pasco),2017-11-23 21:36:56.525375
2008-05-06,23:45,60.4,,34.9,38.3,0.0,NW@11.4,17.5,,63.2,2553.3,0.0,0,,"Pasco North (North Pasco), Franklin County",100025,Pasco North (North Pasco),2017-11-23 21:36:56.525375
2008-05-06,24:00,60.2,,35.8,40.0,0.0,NW@9.1,14.6,,63.2,2553.2,0.0,0,,"Pasco North (North Pasco), Franklin County",100025,Pasco North (North Pasco),2017-11-23 21:36:56.525375
2008-05-06,00:15,59.7,,36.2,41.4,0.04,NW@8.2,14.2,,63.2,2553.1,0.0,0,,"Pasco North (North Pasco), Franklin County",100025,Pasco North (North Pasco),2017-11-23 21:36:56.525375
2008-05-06,00:30,59.4,,36.6,42.5,0.0,NW@7.8,11.7,,63.2,2548.3,0.0,0,,"Pasco North (North Pasco), Franklin County",100025,Pasco North (North Pasco),2017-11-23 21:36:56.525375
2008-05-06,00:45,59.5,,37.4,43.6,0.0,NW@8.4,13.2,,63.1,2548.2,0.0,0,,"Pasco North (North Pasco), Franklin County",100025,Pasco North (North Pasco),2017-11-23 21:36:56.525375
2008-05-06,01:00,59.2,,37.8,44.8,0.0,NW@8.8,13.2,,63.1,2548.3,0.0,0,,"Pasco North (North Pasco), Franklin County",100025,Pasco North (North Pasco),2017-11-23 21:36:56.525375
2008-05-06,01:15,59.1,,38.4,46.1,0.0,NW@7.8,12.4,,63.1,2548.3,0.0,0,,"Pasco North (North Pasco), Franklin County",100025,Pasco North (North Pasco),2017-11-23 21:36:56.525375
2008-05-06,01:30,58.8,,38.8,47.3,0.0,NW@6.7,10.7,,63.1,2548.3,0.0,0,,"Pasco North (North Pasco), Franklin County",100025,Pasco North (North Pasco),2017-11-23 21:36:56.525375
2008-05-06,01:45,58.6,,39.1,48.2,0.0,NW@7.5,11.4,,63.1,2548.3,0.0,0,,"Pasco North (North Pasco), Franklin County",100025,Pasco North (North Pasco),2017-11-23 21:36:56.525375
2008-05-06,02:00,58.3,,39.4,49.2,0.0,NW@6.9,11.4,,63.1,2548.3,0.0,0,,"Pasco North (North Pasco), Franklin County",100025,Pasco North (North Pasco),2017-11-23 21:36:56.525375
2008-05-06,02:15,57.8,,39.5,50.4,0.0,NW@4.8,9.2,,63.0,2548.5,0.0,0,,"Pasco North (North Pasco), Franklin County",100025,Pasco North (North Pasco),2017-11-23 21:36:56.525375
2008-05-06,02:30,57.2,,39.6,51.7,0.0,NW@5.0,9.6,,63.0,2548.6,0.0,0,,"Pasco North (North Pasco), Franklin County",100025,Pasco North (North Pasco),2017-11-23 21:36:56.525375
2008-05-06,02:45,56.4,,39.5,53.0,0.0,W@4.1,9.2,,63.0,2544.1,0.0,0,,"Pasco North (North Pasco), Franklin County",100025,Pasco North (North Pasco),2017-11-23 21:36:56.525375
2008-05-06,03:00,56.5,,39.7,53.1,0.0,NW@4.3,11.0,,63.0,2544.2,0.0,0,,"Pasco North (North Pasco), Franklin County",100025,Pasco North (North Pasco),2017-11-23 21:36:56.525375
2008-05-06,03:15,56.2,,39.4,53.2,0.0,NW@3.8,6.4,,62.9,2544.2,0.0,0,,"Pasco North (North Pasco), Franklin County",100025,Pasco North (North Pasco),2017-11-23 21:36:56.525375
2008-05-06,03:30,55.3,,39.6,55.4,0.0,SW@2.3,4.2,,62.9,2544.2,0.0,0,,"Pasco North (North Pasco), Franklin County",100025,Pasco North (North Pasco),2017-11-23 21:36:56.525375
2008-05-06,03:45,54.2,,39.3,56.9,0.0,SW@1.8,2.8,,62.9,2544.2,0.0,0,,"Pasco North (North Pasco), Franklin County",100025,Pasco North (North Pasco),2017-11-23 21:36:56.525375
2008-05-06,04:00,55.0,,38.7,54.0,0.0,W@2.6,4.6,,62.8,2544.2,0.0,0,,"Pasco North (North Pasco), Franklin County",100025,Pasco North (North Pasco),2017-11-23 21:36:56.525375
2008-05-06,04:15,54.7,,38.9,55.2,0.0,W@0.8,2.1,,62.8,2539.4,0.0,0,,"Pasco North (North Pasco), Franklin County",100025,Pasco North (North Pasco),2017-11-23 21:36:56.525375
2008-05-06,04:30,54.3,,38.8,55.7,0.0,W@2.3,3.9,,62.7,2539.4,0.0,1,,"Pasco North (North Pasco), Franklin County",100025,Pasco North (North Pasco),2017-11-23 21:36:56.525375
2008-05-06,04:45,54.9,,39.2,55.2,0.0,W@1.6,3.9,,62.7,2539.4,0.0,6,,"Pasco North (North Pasco), Franklin County",100025,Pasco North (North Pasco),2017-11-23 21:36:56.525375
2008-05-06,05:00,54.1,,39.2,57.0,0.0,NW@1.5,2.4,,62.7,2539.4,0.0,25,,"Pasco North (North Pasco), Franklin County",100025,Pasco North (North Pasco),2017-11-23 21:36:56.525375
2008-05-06,05:15,55.1,,38.7,54.0,0.0,SW@1.9,2.8,,62.6,2539.4,0.0,48,,"Pasco North (North Pasco), Franklin County",100025,Pasco North (North Pasco),2017-11-23 21:36:56.525375
2008-05-06,05:30,55.3,,39.2,54.5,0.0,SE@1.4,2.4,,62.6,2539.4,0.0,67,,"Pasco North (North Pasco), Franklin County",100025,Pasco North (North Pasco),2017-11-23 21:36:56.525375
2008-05-06,05:45,55.3,,39.8,56.0,0.0,S@2.2,4.2,,62.6,2539.4,0.0,93,,"Pasco North (North Pasco), Franklin County",100025,Pasco North (North Pasco),2017-11-23 21:36:56.525375
2008-05-06,06:00,57.9,,40.4,52.0,0.0,W@1.9,4.2,,62.5,2537.8,0.0,170,,"Pasco North (North Pasco), Franklin County",100025,Pasco North (North Pasco),2017-11-23 21:36:56.525375
2008-05-06,06:15,57.7,,41.2,53.9,0.0,SW@1.2,2.8,,62.5,2536.2,0.0,193,,"Pasco North (North Pasco), Franklin County",100025,Pasco North (North Pasco),2017-11-23 21:36:56.525375
2008-05-06,06:30,59.0,,40.7,50.5,0.0,W@2.6,3.9,,62.4,2534.5,0.0,294,,"Pasco North (North Pasco), Franklin County",100025,Pasco North (North Pasco),2017-11-23 21:36:56.525375
2008-05-06,06:45,60.6,,40.8,47.9,0.0,W@3.0,5.7,,62.4,2534.1,0.0,390,,"Pasco North (North Pasco), Franklin County",100025,Pasco North (North Pasco),2017-11-23 21:36:56.525375
2008-05-06,07:00,59.8,,41.0,49.6,0.0,W@3.3,5.7,,62.3,2533.7,0.0,346,,"Pasco North (North Pasco), Franklin County",100025,Pasco North (North Pasco),2017-11-23 21:36:56.525375
2008-05-06,07:15,59.6,,41.7,51.5,0.0,SW@2.7,3.9,,62.3,2533.7,0.0,273,,"Pasco North (North Pasco), Franklin County",100025,Pasco North (North Pasco),2017-11-23 21:36:56.525375
2008-05-06,07:30,60.2,,41.5,50.1,0.0,SW@2.7,4.2,,62.3,2533.7,0.0,333,,"Pasco North (North Pasco), Franklin County",100025,Pasco North (North Pasco),2017-11-23 21:36:56.525375
2008-05-06,07:45,60.7,,41.9,49.9,0.0,S@2.7,4.9,,62.2,2532.1,0.0,399,,"Pasco North (North Pasco), Franklin County",100025,Pasco North (North Pasco),2017-11-23 21:36:56.525375
2008-05-06,08:00,61.3,,41.8,48.6,0.0,S@2.6,4.6,,62.2,2528.9,0.0,280,,"Pasco North (North Pasco), Franklin County",100025,Pasco North (North Pasco),2017-11-23 21:36:56.525375
2008-05-06,08:15,61.3,,42.4,49.8,0.0,SE@1.8,3.1,,62.1,2528.9,0.0,267,,"Pasco North (North Pasco), Franklin County",100025,Pasco North (North Pasco),2017-11-23 21:36:56.525375
2008-05-06,08:30,62.0,,40.9,45.8,0.0,SE@2.2,4.2,,62.1,2528.9,0.0,351,,"Pasco North (North Pasco), Franklin County",100025,Pasco North (North Pasco),2017-11-23 21:36:56.525375
2008-05-06,08:45,64.6,,40.8,41.5,0.0,S@2.5,4.9,,62.1,2528.9,0.0,610,,"Pasco North (North Pasco), Franklin County",100025,Pasco North (North Pasco),2017-11-23 21:36:56.525375
2008-05-06,09:00,64.9,,39.3,38.8,0.0,S@3.5,6.4,,62.0,2528.9,0.0,651,,"Pasco North (North Pasco), Franklin County",100025,Pasco North (North Pasco),2017-11-23 21:36:56.525375
2008-05-06,09:15,65.4,,39.9,39.1,0.0,SE@4.2,7.1,,62.0,2528.9,0.0,674,,"Pasco North (North Pasco), Franklin County",100025,Pasco North (North Pasco),2017-11-23 21:36:56.525375
2008-05-06,09:30,66.4,,41.0,39.5,0.0,S@3.9,7.1,,62.0,2528.9,0.0,697,,"Pasco North (North Pasco), Franklin County",100025,Pasco North (North Pasco),2017-11-23 21:36:56.525375
2008-05-06,09:45,66.0,,40.0,38.5,0.0,S@4.3,7.4,,61.9,2528.9,0.0,635,,"Pasco North (North Pasco), Franklin County",100025,Pasco North (North Pasco),2017-11-23 21:36:56.525375
2008-05-06,10:00,67.1,,40.1,37.1,0.0,S@3.7,7.1,,61.9,2528.9,0.0,725,,"Pasco North (North Pasco), Franklin County",100025,Pasco North (North Pasco),2017-11-23 21:36:56.525375
2008-05-06,10:15,67.4,,39.9,36.5,0.0,SW@3.1,8.2,,61.9,2528.9,0.0,628,,"Pasco North (North Pasco), Franklin County",100025,Pasco North (North Pasco),2017-11-23 21:36:56.525375
2008-05-06,10:30,67.6,,41.0,37.8,0.0,SW@3.9,7.4,,61.8,2528.9,0.0,679,,"Pasco North (North Pasco), Franklin County",100025,Pasco North (North Pasco),2017-11-23 21:36:56.525375
2008-05-06,10:45,68.2,,42.1,38.6,0.0,S@3.8,7.1,,61.8,2528.9,0.0,751,,"Pasco North (North Pasco), Franklin County",100025,Pasco North (North Pasco),2017-11-23 21:36:56.525375
2008-05-06,11:00,68.7,,41.9,37.7,0.0,SE@5.5,8.9,,61.8,2528.9,0.0,860,,"Pasco North (North Pasco), Franklin County",100025,Pasco North (North Pasco),2017-11-23 21:36:56.525375
2008-05-06,11:15,69.1,,41.8,37.0,0.0,SW@5.8,9.2,,61.8,2528.9,0.0,942,,"Pasco North (North Pasco), Franklin County",100025,Pasco North (North Pasco),2017-11-23 21:36:56.525375
2008-05-06,11:30,68.5,,41.1,36.8,0.0,S@6.5,11.0,,61.8,2528.9,0.0,650,,"Pasco North (North Pasco), Franklin County",100025,Pasco North (North Pasco),2017-11-23 21:36:56.525375
2008-05-06,11:45,67.5,,41.5,38.6,0.0,SW@4.9,9.2,,61.8,2528.9,0.0,564,,"Pasco North (North Pasco), Franklin County",100025,Pasco North (North Pasco),2017-11-23 21:36:56.525375
2008-05-06,12:00,70.7,,42.8,36.5,0.0,SW@5.3,10.3,,61.8,2528.9,0.0,927,,"Pasco North (North Pasco), Franklin County",100025,Pasco North (North Pasco),2017-11-23 21:36:56.525375
2008-05-06,12:15,70.7,,41.2,34.2,0.0,SW@4.7,9.2,,61.8,2528.9,0.0,836,,"Pasco North (North Pasco), Franklin County",100025,Pasco North (North Pasco),2017-11-23 21:36:56.525375
2008-05-06,12:30,69.7,,41.9,36.3,0.0,SW@6.3,14.2,,61.9,2528.9,0.0,702,,"Pasco North (North Pasco), Franklin County",100025,Pasco North (North Pasco),2017-11-23 21:36:56.525375
2008-05-06,12:45,69.4,,41.2,35.9,0.0,SW@5.0,8.5,,61.9,2532.1,0.0,467,,"Pasco North (North Pasco), Franklin County",100025,Pasco North (North Pasco),2017-11-23 21:36:56.525375
2008-05-06,13:00,70.2,,42.3,36.4,0.0,SW@5.0,8.9,,61.9,2533.7,0.0,773,,"Pasco North (North Pasco), Franklin County",100025,Pasco North (North Pasco),2017-11-23 21:36:56.525375
2008-05-06,13:15,70.7,,42.0,35.3,0.0,S@5.1,9.9,,62.0,2533.7,0.0,703,,"Pasco North (North Pasco), Franklin County",100025,Pasco North (North Pasco),2017-11-23 21:36:56.525375
2008-05-06,13:30,70.0,,40.5,34.2,0.0,S@4.8,9.9,,62.0,2533.7,0.0,523,,"Pasco North (North Pasco), Franklin County",100025,Pasco North (North Pasco),2017-11-23 21:36:56.525375
2008-05-06,13:45,70.4,,41.8,35.4,0.0,SW@4.2,6.4,,62.1,2538.5,0.0,604,,"Pasco North (North Pasco), Franklin County",100025,Pasco North (North Pasco),2017-11-23 21:36:56.525375
2008-05-06,14:00,71.4,,41.4,33.8,0.0,SW@5.2,8.9,,62.1,2538.5,0.0,755,,"Pasco North (North Pasco), Franklin County",100025,Pasco North (North Pasco),2017-11-23 21:36:56.525375
2008-05-06,14:15,71.9,,39.6,30.9,0.0,SW@4.5,7.4,,62.2,2538.5,0.0,682,,"Pasco North (North Pasco), Franklin County",100025,Pasco North (North Pasco),2017-11-23 21:36:56.525375
2008-05-06,14:30,72.6,,38.7,29.2,0.0,SW@4.2,9.6,,62.3,2541.7,0.0,722,,"Pasco North (North Pasco), Franklin County",100025,Pasco North (North Pasco),2017-11-23 21:36:56.525375
2008-05-06,14:45,72.6,,38.9,29.4,0.0,SW@4.2,9.6,,62.3,2543.3,0.0,644,,"Pasco North (North Pasco), Franklin County",100025,Pasco North (North Pasco),2017-11-23 21:36:56.525375
2008-05-06,15:00,72.4,,37.9,28.5,0.0,SW@4.3,10.3,,62.4,2543.3,0.0,597,,"Pasco North (North Pasco), Franklin County",100025,Pasco North (North Pasco),2017-11-23 21:36:56.525375
2008-05-06,15:15,72.4,,38.9,29.6,0.0,SW@4.5,8.5,,62.5,2548.0,0.0,534,,"Pasco North (North Pasco), Franklin County",100025,Pasco North (North Pasco),2017-11-23 21:36:56.525375
2008-05-06,15:30,71.2,,38.3,30.0,0.0,SW@4.9,7.8,,62.6,2548.0,0.0,383,,"Pasco North (North Pasco), Franklin County",100025,Pasco North (North Pasco),2017-11-23 21:36:56.525375
2008-05-06,15:45,70.4,,38.7,31.5,0.0,SW@5.5,11.7,,62.6,2548.0,0.0,411,,"Pasco North (North Pasco), Franklin County",100025,Pasco North (North Pasco),2017-11-23 21:36:56.525375
2008-05-06,16:00,71.8,,37.8,28.9,0.0,SW@6.3,10.3,,62.7,2551.2,0.0,563,,"Pasco North (North Pasco), Franklin County",100025,Pasco North (North Pasco),2017-11-23 21:36:56.525375
2008-05-06,16:15,71.4,,37.3,28.7,0.0,SW@5.9,10.3,,62.8,2552.8,0.0,385,,"Pasco North (North Pasco), Franklin County",100025,Pasco North (North Pasco),2017-11-23 21:36:56.525375
2008-05-06,16:30,69.3,,37.2,30.7,0.0,SW@5.3,9.2,,62.9,2552.8,0.0,179,,"Pasco North (North Pasco), Franklin County",100025,Pasco North (North Pasco),2017-11-23 21:36:56.525375
2008-05-06,16:45,66.8,,42.2,40.6,0.0,SW@6.4,12.8,,63.0,2557.6,0.0,91,,"Pasco North (North Pasco), Franklin County",100025,Pasco North (North Pasco),2017-11-23 21:36:56.525375
2008-05-06,17:00,66.5,,42.9,42.1,0.0,SW@5.8,11.0,,63.1,2557.6,0.0,98,,"Pasco North (North Pasco), Franklin County",100025,Pasco North (North Pasco),2017-11-23 21:36:56.525375
2008-05-06,17:15,66.5,,43.1,42.6,0.0,SW@7.1,13.5,,63.2,2557.6,0.0,110,,"Pasco North (North Pasco), Franklin County",100025,Pasco North (North Pasco),2017-11-23 21:36:56.525375
2008-05-06,17:30,65.9,,44.3,45.6,0.0,SW@6.9,13.2,,63.3,2560.8,0.0,94,,"Pasco North (North Pasco), Franklin County",100025,Pasco North (North Pasco),2017-11-23 21:36:56.525375
2008-05-06,17:45,66.1,,43.8,44.5,0.0,SW@6.2,11.0,,63.4,2562.4,0.0,109,,"Pasco North (North Pasco), Franklin County",100025,Pasco North (North Pasco),2017-11-23 21:36:56.525375
2008-05-06,18:00,66.5,,44.2,44.3,0.0,SW@4.1,7.8,,63.4,2562.4,0.0,123,,"Pasco North (North Pasco), Franklin County",100025,Pasco North (North Pasco),2017-11-23 21:36:56.525375
2008-05-06,18:15,67.3,,38.4,34.5,0.0,W@6.0,11.7,,63.5,2564.0,0.0,94,,"Pasco North (North Pasco), Franklin County",100025,Pasco North (North Pasco),2017-11-23 21:36:56.525375
2008-05-06,18:30,65.9,,35.5,32.3,0.0,NW@7.2,12.1,,63.6,2567.1,0.0,55,,"Pasco North (North Pasco), Franklin County",100025,Pasco North (North Pasco),2017-11-23 21:36:56.525375
2008-05-06,18:45,64.4,,35.8,34.5,0.0,SW@6.5,12.1,,63.7,2567.1,0.0,28,,"Pasco North (North Pasco), Franklin County",100025,Pasco North (North Pasco),2017-11-23 21:36:56.525375
2008-05-06,19:00,63.4,,36.5,36.7,0.0,SW@6.5,11.0,,63.8,2567.1,0.0,15,,"Pasco North (North Pasco), Franklin County",100025,Pasco North (North Pasco),2017-11-23 21:36:56.525375
2008-05-06,19:15,62.5,,36.3,37.6,0.0,SW@6.6,11.0,,63.9,2567.2,0.0,6,,"Pasco North (North Pasco), Franklin County",100025,Pasco North (North Pasco),2017-11-23 21:36:56.525375
2008-05-06,19:30,61.9,,36.2,38.3,0.0,NW@6.2,10.7,,63.9,2568.8,0.0,1,,"Pasco North (North Pasco), Franklin County",100025,Pasco North (North Pasco),2017-11-23 21:36:56.525375
2008-05-06,19:45,60.8,,35.9,39.3,0.0,W@7.0,11.0,,64.0,2572.0,0.0,0,,"Pasco North (North Pasco), Franklin County",100025,Pasco North (North Pasco),2017-11-23 21:36:56.525375
2008-05-06,20:00,59.9,,36.2,41.1,0.0,W@6.8,10.3,,64.0,2572.4,0.0,0,,"Pasco North (North Pasco), Franklin County",100025,Pasco North (North Pasco),2017-11-23 21:36:56.525375
2008-05-06,20:15,59.4,,36.2,41.8,0.0,W@7.6,12.1,,64.1,2572.4,0.0,0,,"Pasco North (North Pasco), Franklin County",100025,Pasco North (North Pasco),2017-11-23 21:36:56.525375
2008-05-06,20:30,59.4,,35.6,40.8,0.0,NW@9.1,13.9,,64.1,2572.6,0.0,0,,"Pasco North (North Pasco), Franklin County",100025,Pasco North (North Pasco),2017-11-23 21:36:56.525375
2008-05-06,20:45,59.1,,35.4,40.9,0.0,NW@9.1,13.9,,64.2,2572.7,0.0,0,,"Pasco North (North Pasco), Franklin County",100025,Pasco North (North Pasco),2017-11-23 21:36:56.525375
2008-05-06,21:00,58.7,,35.3,41.3,0.0,NW@8.7,16.7,,64.2,2572.7,0.0,0,,"Pasco North (North Pasco), Franklin County",100025,Pasco North (North Pasco),2017-11-23 21:36:56.525375
2008-05-06,21:15,58.3,,35.4,42.1,0.0,NW@8.3,13.9,,64.3,2572.7,0.0,0,,"Pasco North (North Pasco), Franklin County",100025,Pasco North (North Pasco),2017-11-23 21:36:56.525375
2008-05-06,21:30,58.0,,35.4,42.6,0.0,NW@9.3,15.7,,64.3,2572.8,0.0,0,,"Pasco North (North Pasco), Franklin County",100025,Pasco North (North Pasco),2017-11-23 21:36:56.525375
2008-05-06,21:45,57.5,,35.4,43.2,0.0,NW@8.9,13.2,,64.3,2572.6,0.0,0,,"Pasco North (North Pasco), Franklin County",100025,Pasco North (North Pasco),2017-11-23 21:36:56.525375
2008-05-06,22:00,57.5,,35.6,43.8,0.0,NW@10.2,15.0,,64.3,2572.8,0.0,0,,"Pasco North (North Pasco), Franklin County",100025,Pasco North (North Pasco),2017-11-23 21:36:56.525375
2008-05-06,22:15,57.4,,35.8,44.2,0.0,NW@9.7,17.5,,64.4,2572.7,0.0,0,,"Pasco North (North Pasco), Franklin County",100025,Pasco North (North Pasco),2017-11-23 21:36:56.525375
2008-05-06,22:30,57.0,,35.6,44.4,0.0,NW@8.1,13.2,,64.4,2572.8,0.0,0,,"Pasco North (North Pasco), Franklin County",100025,Pasco North (North Pasco),2017-11-23 21:36:56.525375
2008-05-06,22:45,56.9,,35.7,44.7,0.0,NW@8.7,14.6,,64.4,2572.8,0.0,0,,"Pasco North (North Pasco), Franklin County",100025,Pasco North (North Pasco),2017-11-23 21:36:56.525375
2008-05-06,23:00,56.4,,35.9,46.1,0.0,NW@5.9,8.9,,64.4,2572.8,0.0,0,,"Pasco North (North Pasco), Franklin County",100025,Pasco North (North Pasco),2017-11-23 21:36:56.525375
2008-05-07,23:15,55.6,,35.3,46.2,0.0,W@3.8,6.4,,64.4,2572.9,0.0,0,,"Pasco North (North Pasco), Franklin County",100025,Pasco North (North Pasco),2017-11-23 21:36:56.525375
2008-05-07,23:30,55.1,,36.8,50.0,0.0,SW@2.5,5.3,,64.4,2571.2,0.0,0,,"Pasco North (North Pasco), Franklin County",100025,Pasco North (North Pasco),2017-11-23 21:36:56.525375
2008-05-07,23:45,54.2,,38.5,55.1,0.0,S@1.6,3.1,,64.4,2568.1,0.0,0,,"Pasco North (North Pasco), Franklin County",100025,Pasco North (North Pasco),2017-11-23 21:36:56.525375
2008-05-07,24:00,53.1,,40.3,61.7,0.0,E@2.1,2.8,,64.4,2568.1,0.0,0,,"Pasco North (North Pasco), Franklin County",100025,Pasco North (North Pasco),2017-11-23 21:36:56.525375
