Date,Time PST,1.5m Air Temp °F, 1.5m Dew Point °F, 1.5m Rel Hum %, Tot Prec in, Solar Rad W/m², Atm. 2m Press. inHg, Wind Direction, Wind Speed mph, 2m Wind Gust mph, 1.5m Leaf Wet u., 8 in. Soil Tmp °F, 8 in. SWP kPa,Location,Station ID,Station Name,Download Timestamp
2012-03-08,00:15,30.9,19.8,63.7,0.0,0,,E,2.8,3.5,0.0,47.3,,"DesertAire, Grant County",330030,DesertAire,2020-12-16 06:40:39.661069
2012-03-08,00:30,31.3,20.0,63.0,0.0,0,,E,2.9,3.9,0.0,47.1,,"DesertAire, Grant County",330030,DesertAire,2020-12-16 06:40:39.661069
2012-03-08,00:45,30.8,19.7,63.9,0.0,0,,E,2.4,3.1,0.0,47.0,,"DesertAire, Grant County",330030,DesertAire,2020-12-16 06:40:39.661069
2012-03-08,01:00,30.8,19.8,64.2,0.0,0,,E,1.9,3.5,0.0,46.8,,"DesertAire, Grant County",330030,DesertAire,2020-12-16 06:40:39.661069
2012-03-08,01:15,30.6,19.8,64.7,0.0,0,,NE,2.3,3.5,0.0,46.7,,"DesertAire, Grant County",330030,DesertAire,2020-12-16 06:40:39.661069
2012-03-08,01:30,30.3,19.7,65.2,0.0,0,,NE,2.5,3.1,0.0,46.6,,"DesertAire, Grant County",330030,DesertAire,2020-12-16 06:40:39.661069
2012-03-08,01:45,31.0,20.4,65.1,0.0,0,,NE,2.5,3.1,0.0,46.4,,"DesertAire, Grant County",330030,DesertAire,2020-12-16 06:40:39.661069
2012-03-08,02:00,31.2,20.8,65.6,0.0,0,,NE,2.4,3.1,0.0,46.2,,"DesertAire, Grant County",330030,DesertAire,2020-12-16 06:40:39.661069
2012-03-08,02:15,30.9,20.6,65.8,0.0,0,,N ,2.1,3.1,0.0,46.1,,"DesertAire, Grant County",330030,DesertAire,2020-12-16 06:40:39.661069
2012-03-08,02:30,29.2,19.7,68.8,0.0,0,,N ,2.8,3.5,0.0,45.9,,"DesertAire, Grant County",330030,DesertAire,2020-12-16 06:40:39.661069
2012-03-08,02:45,28.9,20.3,71.6,0.0,0,,NE,2.6,4.6,0.0,45.8,,"DesertAire, Grant County",330030,DesertAire,2020-12-16 06:40:39.661069
2012-03-08,03:00,29.7,21.2,71.6,0.0,0,,N ,3.2,4.2,0.0,45.6,,"DesertAire, Grant County",330030,DesertAire,2020-12-16 06:40:39.661069
2012-03-08,03:15,28.5,20.2,72.3,0.0,0,,NW,2.2,3.5,0.0,45.5,,"DesertAire, Grant County",330030,DesertAire,2020-12-16 06:40:39.661069
2012-03-08,03:30,28.3,20.7,74.7,0.0,0,,N ,1.9,3.1,0.0,45.3,,"DesertAire, Grant County",330030,DesertAire,2020-12-16 06:40:39.661069
2012-03-08,03:45,29.2,21.5,74.3,0.0,0,,SW,0.1,1.4,0.0,45.2,,"DesertAire, Grant County",330030,DesertAire,2020-12-16 06:40:39.661069
2012-03-08,04:00,29.6,21.3,72.4,0.0,0,,NW,1.7,2.8,0.0,45.0,,"DesertAire, Grant County",330030,DesertAire,2020-12-16 06:40:39.661069
2012-03-08,04:15,28.8,20.7,73.2,0.0,0,,NW,2.4,3.5,0.0,44.9,,"DesertAire, Grant County",330030,DesertAire,2020-12-16 06:40:39.661069
2012-03-08,04:30,28.9,20.4,71.9,0.0,0,,W,3.2,5.7,0.0,44.8,,"DesertAire, Grant County",330030,DesertAire,2020-12-16 06:40:39.661069
2012-03-08,04:45,30.2,20.9,68.8,0.0,0,,NW,4.0,5.3,0.0,44.6,,"DesertAire, Grant County",330030,DesertAire,2020-12-16 06:40:39.661069
2012-03-08,05:00,30.1,21.3,70.6,0.0,0,,NW,4.0,5.3,0.0,44.5,,"DesertAire, Grant County",330030,DesertAire,2020-12-16 06:40:39.661069
2012-03-08,05:15,29.9,21.1,70.4,0.0,0,,NW,2.5,4.6,0.0,44.3,,"DesertAire, Grant County",330030,DesertAire,2020-12-16 06:40:39.661069
2012-03-08,05:30,29.5,21.2,72.2,0.0,0,,NW,4.2,6.7,0.0,44.2,,"DesertAire, Grant County",330030,DesertAire,2020-12-16 06:40:39.661069
2012-03-08,05:45,30.5,22.2,71.7,0.0,0,,NW,4.9,7.4,0.0,44.1,,"DesertAire, Grant County",330030,DesertAire,2020-12-16 06:40:39.661069
2012-03-08,06:00,31.5,22.3,68.9,0.0,0,,NW,6.8,11.4,0.0,43.9,,"DesertAire, Grant County",330030,DesertAire,2020-12-16 06:40:39.661069
2012-03-08,06:15,32.0,22.2,66.6,0.0,0,,NW,6.4,9.2,0.0,43.8,,"DesertAire, Grant County",330030,DesertAire,2020-12-16 06:40:39.661069
2012-03-08,06:30,30.7,21.7,69.7,0.0,3,,NW,5.3,7.8,0.0,43.7,,"DesertAire, Grant County",330030,DesertAire,2020-12-16 06:40:39.661069
2012-03-08,06:45,31.2,21.9,68.5,0.0,17,,NW,5.5,8.5,0.0,43.5,,"DesertAire, Grant County",330030,DesertAire,2020-12-16 06:40:39.661069
2012-03-08,07:00,31.1,21.8,68.5,0.0,52,,NW,3.6,6.0,0.0,43.4,,"DesertAire, Grant County",330030,DesertAire,2020-12-16 06:40:39.661069
2012-03-08,07:15,32.1,22.5,67.4,0.0,88,,NW,4.4,7.8,0.0,43.3,,"DesertAire, Grant County",330030,DesertAire,2020-12-16 06:40:39.661069
2012-03-08,07:30,33.6,23.2,65.4,0.0,140,,NW,5.5,8.5,0.0,43.2,,"DesertAire, Grant County",330030,DesertAire,2020-12-16 06:40:39.661069
2012-03-08,07:45,35.4,23.8,62.4,0.0,190,,NW,5.4,7.8,0.0,43.1,,"DesertAire, Grant County",330030,DesertAire,2020-12-16 06:40:39.661069
2012-03-08,08:00,37.0,23.3,57.3,0.0,205,,NW,6.4,9.6,0.0,42.9,,"DesertAire, Grant County",330030,DesertAire,2020-12-16 06:40:39.661069
2012-03-08,08:15,37.1,22.9,55.9,0.0,193,,NW,6.9,9.2,0.0,42.8,,"DesertAire, Grant County",330030,DesertAire,2020-12-16 06:40:39.661069
2012-03-08,08:30,38.2,23.2,54.4,0.0,280,,NW,6.3,8.9,0.0,42.7,,"DesertAire, Grant County",330030,DesertAire,2020-12-16 06:40:39.661069
2012-03-08,08:45,40.0,23.0,50.3,0.0,324,,NW,7.0,9.6,0.0,42.6,,"DesertAire, Grant County",330030,DesertAire,2020-12-16 06:40:39.661069
2012-03-08,09:00,41.8,23.3,47.6,0.0,386,,NW,6.7,9.2,0.0,42.5,,"DesertAire, Grant County",330030,DesertAire,2020-12-16 06:40:39.661069
2012-03-08,09:15,42.8,23.3,45.6,0.0,412,,N,6.7,9.6,0.0,42.4,,"DesertAire, Grant County",330030,DesertAire,2020-12-16 06:40:39.661069
2012-03-08,09:30,44.0,23.9,44.9,0.0,431,,N,5.8,8.9,0.0,42.4,,"DesertAire, Grant County",330030,DesertAire,2020-12-16 06:40:39.661069
2012-03-08,09:45,45.8,23.9,41.7,0.0,480,,N,5.4,8.5,0.0,42.3,,"DesertAire, Grant County",330030,DesertAire,2020-12-16 06:40:39.661069
2012-03-08,10:00,46.6,23.9,40.5,0.0,516,,N,5.4,8.9,0.0,42.3,,"DesertAire, Grant County",330030,DesertAire,2020-12-16 06:40:39.661069
2012-03-08,10:15,47.4,23.8,39.3,0.0,552,,N,5.8,8.9,0.0,42.3,,"DesertAire, Grant County",330030,DesertAire,2020-12-16 06:40:39.661069
2012-03-08,10:30,47.7,23.5,38.4,0.0,573,,N,5.5,9.2,0.0,42.3,,"DesertAire, Grant County",330030,DesertAire,2020-12-16 06:40:39.661069
2012-03-08,10:45,48.2,23.7,37.9,0.0,594,,NW,5.1,9.2,0.0,42.3,,"DesertAire, Grant County",330030,DesertAire,2020-12-16 06:40:39.661069
2012-03-08,11:00,49.4,24.3,37.1,0.0,637,,NW,4.9,8.2,0.0,42.4,,"DesertAire, Grant County",330030,DesertAire,2020-12-16 06:40:39.661069
2012-03-08,11:15,49.7,24.3,36.6,0.0,670,,NW,4.6,8.9,0.0,42.5,,"DesertAire, Grant County",330030,DesertAire,2020-12-16 06:40:39.661069
2012-03-08,11:30,49.8,24.2,36.4,0.0,510,,NW,3.9,8.5,0.0,42.6,,"DesertAire, Grant County",330030,DesertAire,2020-12-16 06:40:39.661069
2012-03-08,11:45,50.0,24.7,36.9,0.0,598,,NW,4.9,8.2,0.0,42.7,,"DesertAire, Grant County",330030,DesertAire,2020-12-16 06:40:39.661069
2012-03-08,12:00,50.9,25.2,36.4,0.0,640,,NW,4.5,8.5,0.0,42.9,,"DesertAire, Grant County",330030,DesertAire,2020-12-16 06:40:39.661069
2012-03-08,12:15,51.6,25.4,35.8,0.0,642,,NW,4.2,7.8,0.0,43.1,,"DesertAire, Grant County",330030,DesertAire,2020-12-16 06:40:39.661069
2012-03-08,12:30,52.1,25.5,35.4,0.0,668,,NW,4.1,8.2,0.0,43.3,,"DesertAire, Grant County",330030,DesertAire,2020-12-16 06:40:39.661069
2012-03-08,12:45,52.4,25.4,34.8,0.0,669,,NW,4.0,7.1,0.0,43.5,,"DesertAire, Grant County",330030,DesertAire,2020-12-16 06:40:39.661069
2012-03-08,13:00,52.4,25.4,34.7,0.0,676,,NW,4.2,7.8,0.0,43.8,,"DesertAire, Grant County",330030,DesertAire,2020-12-16 06:40:39.661069
2012-03-08,13:15,53.7,26.1,34.2,0.0,580,,NW,5.0,7.8,0.0,44.0,,"DesertAire, Grant County",330030,DesertAire,2020-12-16 06:40:39.661069
2012-03-08,13:30,53.2,25.9,34.5,0.0,458,,N,4.4,8.2,0.0,44.3,,"DesertAire, Grant County",330030,DesertAire,2020-12-16 06:40:39.661069
2012-03-08,13:45,53.4,26.1,34.5,0.0,400,,NW,3.9,7.1,0.0,44.6,,"DesertAire, Grant County",330030,DesertAire,2020-12-16 06:40:39.661069
2012-03-08,14:00,53.1,26.2,34.9,0.0,381,,NW,4.1,8.2,0.0,44.9,,"DesertAire, Grant County",330030,DesertAire,2020-12-16 06:40:39.661069
2012-03-08,14:15,53.5,25.9,34.1,0.0,377,,W,3.9,6.7,0.0,45.1,,"DesertAire, Grant County",330030,DesertAire,2020-12-16 06:40:39.661069
2012-03-08,14:30,54.7,26.4,33.4,0.0,484,,W,4.2,7.1,0.0,45.4,,"DesertAire, Grant County",330030,DesertAire,2020-12-16 06:40:39.661069
2012-03-08,14:45,54.2,26.2,33.7,0.0,317,,W,4.6,7.4,0.0,45.7,,"DesertAire, Grant County",330030,DesertAire,2020-12-16 06:40:39.661069
2012-03-08,15:00,53.1,25.9,34.7,0.0,235,,SW,5.2,7.4,0.0,46.0,,"DesertAire, Grant County",330030,DesertAire,2020-12-16 06:40:39.661069
2012-03-08,15:15,53.2,25.8,34.3,0.0,264,,SW,4.3,6.4,0.0,46.3,,"DesertAire, Grant County",330030,DesertAire,2020-12-16 06:40:39.661069
2012-03-08,15:30,53.4,25.8,34.0,0.0,237,,SW,4.2,6.7,0.0,46.5,,"DesertAire, Grant County",330030,DesertAire,2020-12-16 06:40:39.661069
2012-03-08,15:45,53.6,26.2,34.4,0.0,193,,W,3.9,5.7,0.0,46.8,,"DesertAire, Grant County",330030,DesertAire,2020-12-16 06:40:39.661069
2012-03-08,16:00,53.5,26.2,34.5,0.0,155,,SW,3.5,5.7,0.0,47.0,,"DesertAire, Grant County",330030,DesertAire,2020-12-16 06:40:39.661069
2012-03-08,16:15,53.6,26.6,35.0,0.0,158,,W,3.2,4.2,0.0,47.2,,"DesertAire, Grant County",330030,DesertAire,2020-12-16 06:40:39.661069
2012-03-08,16:30,53.4,28.2,37.6,0.0,128,,NW,3.3,5.3,0.0,47.4,,"DesertAire, Grant County",330030,DesertAire,2020-12-16 06:40:39.661069
2012-03-08,16:45,52.1,29.5,41.6,0.0,85,,NW,1.9,3.1,0.0,47.6,,"DesertAire, Grant County",330030,DesertAire,2020-12-16 06:40:39.661069
2012-03-08,17:00,50.9,29.8,44.0,0.0,67,,NW,2.0,3.1,0.0,47.8,,"DesertAire, Grant County",330030,DesertAire,2020-12-16 06:40:39.661069
2012-03-08,17:15,49.9,29.3,44.8,0.0,54,,W,2.2,2.8,0.0,48.0,,"DesertAire, Grant County",330030,DesertAire,2020-12-16 06:40:39.661069
2012-03-08,17:30,49.7,28.5,43.6,0.0,46,,W,2.6,3.5,0.0,48.1,,"DesertAire, Grant County",330030,DesertAire,2020-12-16 06:40:39.661069
2012-03-08,17:45,49.3,28.2,43.8,0.0,20,,W,1.5,2.4,0.0,48.3,,"DesertAire, Grant County",330030,DesertAire,2020-12-16 06:40:39.661069
2012-03-08,18:00,47.8,27.4,44.8,0.0,6,,NW,2.2,2.8,0.0,48.4,,"DesertAire, Grant County",330030,DesertAire,2020-12-16 06:40:39.661069
2012-03-08,18:15,45.9,27.1,47.5,0.0,1,,NW,2.3,3.5,0.0,48.5,,"DesertAire, Grant County",330030,DesertAire,2020-12-16 06:40:39.661069
2012-03-08,18:30,44.9,26.4,48.1,0.0,0,,N,1.4,2.4,0.0,48.6,,"DesertAire, Grant County",330030,DesertAire,2020-12-16 06:40:39.661069
2012-03-08,18:45,44.8,26.4,48.1,0.0,0,,N ,2.2,2.8,0.0,48.6,,"DesertAire, Grant County",330030,DesertAire,2020-12-16 06:40:39.661069
2012-03-08,19:00,44.9,26.5,48.2,0.0,0,,N ,0.7,2.1,0.0,48.7,,"DesertAire, Grant County",330030,DesertAire,2020-12-16 06:40:39.661069
2012-03-08,19:15,44.6,26.4,48.6,0.0,0,,N,1.0,2.1,0.0,48.7,,"DesertAire, Grant County",330030,DesertAire,2020-12-16 06:40:39.661069
2012-03-08,19:30,44.4,26.5,49.0,0.0,0,,N ,0.5,2.1,0.0,48.7,,"DesertAire, Grant County",330030,DesertAire,2020-12-16 06:40:39.661069
2012-03-08,19:45,43.4,26.5,50.9,0.0,0,,E,1.1,2.4,0.0,48.7,,"DesertAire, Grant County",330030,DesertAire,2020-12-16 06:40:39.661069
2012-03-08,20:00,42.3,26.5,53.2,0.0,0,,N ,1.2,2.8,0.0,48.7,,"DesertAire, Grant County",330030,DesertAire,2020-12-16 06:40:39.661069
2012-03-08,20:15,41.1,26.2,55.1,0.0,0,,NE,2.3,3.1,0.0,48.7,,"DesertAire, Grant County",330030,DesertAire,2020-12-16 06:40:39.661069
2012-03-08,20:30,41.1,26.1,54.9,0.0,0,,NE,1.8,3.1,0.0,48.7,,"DesertAire, Grant County",330030,DesertAire,2020-12-16 06:40:39.661069
2012-03-08,20:45,41.3,26.0,54.1,0.0,0,,N ,2.5,3.1,0.0,48.6,,"DesertAire, Grant County",330030,DesertAire,2020-12-16 06:40:39.661069
2012-03-08,21:00,41.4,26.0,53.9,0.0,0,,N ,2.6,3.5,0.0,48.5,,"DesertAire, Grant County",330030,DesertAire,2020-12-16 06:40:39.661069
2012-03-08,21:15,41.0,25.9,54.5,0.0,0,,N,3.1,4.2,0.0,48.5,,"DesertAire, Grant County",330030,DesertAire,2020-12-16 06:40:39.661069
2012-03-08,21:30,40.1,25.9,56.5,0.0,0,,N,2.9,3.9,0.0,48.4,,"DesertAire, Grant County",330030,DesertAire,2020-12-16 06:40:39.661069
2012-03-08,21:45,39.8,26.0,57.4,0.0,0,,N ,2.4,4.2,0.0,48.3,,"DesertAire, Grant County",330030,DesertAire,2020-12-16 06:40:39.661069
2012-03-08,22:00,39.6,26.0,58.0,0.0,0,,N,2.8,4.6,0.0,48.2,,"DesertAire, Grant County",330030,DesertAire,2020-12-16 06:40:39.661069
2012-03-08,22:15,39.0,25.9,58.9,0.0,0,,N,3.0,4.2,0.0,48.1,,"DesertAire, Grant County",330030,DesertAire,2020-12-16 06:40:39.661069
2012-03-08,22:30,39.3,25.9,58.4,0.0,0,,N,3.5,4.9,0.0,48.0,,"DesertAire, Grant County",330030,DesertAire,2020-12-16 06:40:39.661069
2012-03-08,22:45,39.2,26.3,59.5,0.0,0,,NW,3.4,5.7,0.0,47.9,,"DesertAire, Grant County",330030,DesertAire,2020-12-16 06:40:39.661069
2012-03-08,23:00,38.8,26.5,61.2,0.0,0,,N,4.3,6.7,0.0,47.8,,"DesertAire, Grant County",330030,DesertAire,2020-12-16 06:40:39.661069
2012-03-08,23:15,39.0,26.7,61.0,0.0,0,,NW,4.3,7.4,0.0,47.7,,"DesertAire, Grant County",330030,DesertAire,2020-12-16 06:40:39.661069
2012-03-08,23:30,37.6,26.1,62.9,0.0,0,,NW,3.4,4.9,0.0,47.5,,"DesertAire, Grant County",330030,DesertAire,2020-12-16 06:40:39.661069
2012-03-08,23:45,38.0,26.1,61.8,0.0,0,,NW,2.3,3.1,0.0,47.4,,"DesertAire, Grant County",330030,DesertAire,2020-12-16 06:40:39.661069
2012-03-08,24:00,38.6,26.0,60.1,0.0,0,,NW,2.2,2.8,0.0,47.3,,"DesertAire, Grant County",330030,DesertAire,2020-12-16 06:40:39.661069
2012-03-09,00:15,38.5,25.9,60.1,0.0,0,,N,2.7,3.9,0.0,47.2,,"DesertAire, Grant County",330030,DesertAire,2020-12-16 06:40:39.661069
2012-03-09,00:30,38.7,26.5,61.2,0.0,0,,N ,3.6,5.3,0.0,47.1,,"DesertAire, Grant County",330030,DesertAire,2020-12-16 06:40:39.661069
2012-03-09,00:45,38.8,26.6,61.3,0.0,0,,N ,3.8,5.3,0.0,47.0,,"DesertAire, Grant County",330030,DesertAire,2020-12-16 06:40:39.661069
2012-03-09,01:00,38.3,26.3,61.8,0.0,0,,N ,2.8,4.6,0.0,46.8,,"DesertAire, Grant County",330030,DesertAire,2020-12-16 06:40:39.661069
2012-03-09,01:15,37.1,26.1,64.1,0.0,0,,NE,2.3,3.1,0.0,46.7,,"DesertAire, Grant County",330030,DesertAire,2020-12-16 06:40:39.661069
2012-03-09,01:30,36.7,26.2,65.5,0.0,0,,NE,1.2,3.1,0.0,46.6,,"DesertAire, Grant County",330030,DesertAire,2020-12-16 06:40:39.661069
2012-03-09,01:45,37.1,26.2,64.5,0.0,0,,N,1.8,3.1,0.0,46.5,,"DesertAire, Grant County",330030,DesertAire,2020-12-16 06:40:39.661069
2012-03-09,02:00,36.7,26.4,66.0,0.0,0,,SE,1.9,2.8,0.0,46.4,,"DesertAire, Grant County",330030,DesertAire,2020-12-16 06:40:39.661069
2012-03-09,02:15,36.5,26.4,66.2,0.0,0,,S,1.6,3.9,0.0,46.3,,"DesertAire, Grant County",330030,DesertAire,2020-12-16 06:40:39.661069
2012-03-09,02:30,36.5,26.1,65.6,0.0,0,,N ,1.0,2.8,0.0,46.1,,"DesertAire, Grant County",330030,DesertAire,2020-12-16 06:40:39.661069
2012-03-09,02:45,35.6,25.9,67.6,0.0,0,,E,2.0,3.9,0.0,46.0,,"DesertAire, Grant County",330030,DesertAire,2020-12-16 06:40:39.661069
2012-03-09,03:00,35.7,26.1,67.5,0.0,0,,E,1.5,3.1,0.0,45.9,,"DesertAire, Grant County",330030,DesertAire,2020-12-16 06:40:39.661069
2012-03-09,03:15,35.6,25.8,67.3,0.0,0,,E,1.8,2.8,0.0,45.8,,"DesertAire, Grant County",330030,DesertAire,2020-12-16 06:40:39.661069
2012-03-09,03:30,34.0,25.4,70.3,0.0,0,,E,1.5,2.8,0.0,45.7,,"DesertAire, Grant County",330030,DesertAire,2020-12-16 06:40:39.661069
2012-03-09,03:45,34.7,25.7,69.2,0.0,0,,E,1.9,3.1,0.0,45.6,,"DesertAire, Grant County",330030,DesertAire,2020-12-16 06:40:39.661069
2012-03-09,04:00,34.9,25.7,68.7,0.0,0,,NE,2.5,3.9,0.0,45.5,,"DesertAire, Grant County",330030,DesertAire,2020-12-16 06:40:39.661069
2012-03-09,04:15,34.5,25.4,69.1,0.0,0,,E,1.4,3.5,0.0,45.4,,"DesertAire, Grant County",330030,DesertAire,2020-12-16 06:40:39.661069
2012-03-09,04:30,33.1,25.2,72.3,0.0,0,,E,2.0,3.9,0.0,45.3,,"DesertAire, Grant County",330030,DesertAire,2020-12-16 06:40:39.661069
2012-03-09,04:45,32.9,25.4,73.6,0.0,0,,E,2.6,3.5,0.0,45.2,,"DesertAire, Grant County",330030,DesertAire,2020-12-16 06:40:39.661069
2012-03-09,05:00,33.0,25.5,73.9,0.0,0,,E,2.5,4.6,0.0,45.1,,"DesertAire, Grant County",330030,DesertAire,2020-12-16 06:40:39.661069
2012-03-09,05:15,33.3,25.6,73.0,0.0,0,,S,2.0,3.5,0.0,45.0,,"DesertAire, Grant County",330030,DesertAire,2020-12-16 06:40:39.661069
2012-03-09,05:30,31.4,24.3,75.5,0.0,0,,N ,1.0,2.4,0.0,44.9,,"DesertAire, Grant County",330030,DesertAire,2020-12-16 06:40:39.661069
2012-03-09,05:45,31.2,24.7,77.2,0.0,0,,E,2.1,3.5,0.0,44.8,,"DesertAire, Grant County",330030,DesertAire,2020-12-16 06:40:39.661069
2012-03-09,06:00,30.9,24.5,77.5,0.0,0,,E,2.3,3.9,0.0,44.7,,"DesertAire, Grant County",330030,DesertAire,2020-12-16 06:40:39.661069
2012-03-09,06:15,32.0,25.1,75.3,0.0,0,,E,2.4,3.1,0.0,44.6,,"DesertAire, Grant County",330030,DesertAire,2020-12-16 06:40:39.661069
2012-03-09,06:30,31.2,24.3,76.1,0.0,7,,E,2.7,4.2,0.0,44.5,,"DesertAire, Grant County",330030,DesertAire,2020-12-16 06:40:39.661069
2012-03-09,06:45,31.6,24.7,75.9,0.0,34,,E,2.8,4.2,0.0,44.4,,"DesertAire, Grant County",330030,DesertAire,2020-12-16 06:40:39.661069
2012-03-09,07:00,33.1,25.4,73.0,0.0,69,,E,2.8,4.6,0.0,44.3,,"DesertAire, Grant County",330030,DesertAire,2020-12-16 06:40:39.661069
2012-03-09,07:15,32.9,25.9,75.3,0.0,72,,NW,1.4,4.9,0.0,44.2,,"DesertAire, Grant County",330030,DesertAire,2020-12-16 06:40:39.661069
2012-03-09,07:30,34.4,27.0,74.0,0.0,119,,SE,1.4,3.5,0.0,44.1,,"DesertAire, Grant County",330030,DesertAire,2020-12-16 06:40:39.661069
2012-03-09,07:45,37.0,28.1,69.7,0.0,169,,NE,1.5,3.1,0.0,44.0,,"DesertAire, Grant County",330030,DesertAire,2020-12-16 06:40:39.661069
2012-03-09,08:00,38.3,28.4,67.1,0.0,150,,S,1.2,3.5,0.0,43.9,,"DesertAire, Grant County",330030,DesertAire,2020-12-16 06:40:39.661069
2012-03-09,08:15,39.5,29.2,66.1,0.0,299,,SE,2.1,4.9,0.0,43.8,,"DesertAire, Grant County",330030,DesertAire,2020-12-16 06:40:39.661069
2012-03-09,08:30,42.6,29.4,59.4,0.0,334,,S,1.9,3.9,0.0,43.7,,"DesertAire, Grant County",330030,DesertAire,2020-12-16 06:40:39.661069
2012-03-09,08:45,44.5,29.9,56.3,0.0,402,,NW,2.2,5.3,0.0,43.6,,"DesertAire, Grant County",330030,DesertAire,2020-12-16 06:40:39.661069
2012-03-09,09:00,46.3,28.3,49.1,0.0,417,,E,3.1,5.3,0.0,43.6,,"DesertAire, Grant County",330030,DesertAire,2020-12-16 06:40:39.661069
2012-03-09,09:15,47.8,28.9,47.7,0.0,438,,SE,2.9,5.3,0.0,43.5,,"DesertAire, Grant County",330030,DesertAire,2020-12-16 06:40:39.661069
2012-03-09,09:30,45.9,30.3,54.3,0.0,442,,SW,4.1,7.4,0.0,43.5,,"DesertAire, Grant County",330030,DesertAire,2020-12-16 06:40:39.661069
2012-03-09,09:45,45.8,30.0,53.8,0.0,501,,SW,4.2,8.9,0.0,43.4,,"DesertAire, Grant County",330030,DesertAire,2020-12-16 06:40:39.661069
2012-03-09,10:00,47.3,30.4,51.5,0.0,572,,SW,3.9,7.1,0.0,43.5,,"DesertAire, Grant County",330030,DesertAire,2020-12-16 06:40:39.661069
2012-03-09,10:15,49.0,31.1,49.7,0.0,615,,W,4.4,7.1,0.0,43.5,,"DesertAire, Grant County",330030,DesertAire,2020-12-16 06:40:39.661069
2012-03-09,10:30,49.8,30.9,47.9,0.0,570,,W,4.0,8.2,0.0,43.5,,"DesertAire, Grant County",330030,DesertAire,2020-12-16 06:40:39.661069
2012-03-09,10:45,50.3,30.7,46.6,0.0,607,,SW,3.7,9.2,0.0,43.6,,"DesertAire, Grant County",330030,DesertAire,2020-12-16 06:40:39.661069
2012-03-09,11:00,51.8,31.1,45.0,0.0,575,,SW,3.3,6.7,0.0,43.7,,"DesertAire, Grant County",330030,DesertAire,2020-12-16 06:40:39.661069
2012-03-09,11:15,53.2,31.4,43.2,0.0,635,,SW,3.9,8.2,0.0,43.8,,"DesertAire, Grant County",330030,DesertAire,2020-12-16 06:40:39.661069
2012-03-09,11:30,56.8,32.1,39.1,0.0,633,,S,3.1,7.8,0.0,44.0,,"DesertAire, Grant County",330030,DesertAire,2020-12-16 06:40:39.661069
2012-03-09,11:45,57.2,33.5,40.5,0.0,661,,NW,5.3,9.9,0.0,44.2,,"DesertAire, Grant County",330030,DesertAire,2020-12-16 06:40:39.661069
2012-03-09,12:00,57.7,33.4,39.8,0.0,583,,NW,3.7,6.0,0.0,44.4,,"DesertAire, Grant County",330030,DesertAire,2020-12-16 06:40:39.661069
2012-03-09,12:15,59.4,33.8,37.9,0.0,673,,N,3.8,7.4,0.0,44.6,,"DesertAire, Grant County",330030,DesertAire,2020-12-16 06:40:39.661069
2012-03-09,12:30,62.2,32.3,32.4,0.0,639,,N ,3.9,7.1,0.0,44.8,,"DesertAire, Grant County",330030,DesertAire,2020-12-16 06:40:39.661069
2012-03-09,12:45,65.8,29.7,25.7,0.0,632,,S,3.3,8.9,0.0,45.0,,"DesertAire, Grant County",330030,DesertAire,2020-12-16 06:40:39.661069
2012-03-09,13:00,66.0,32.2,28.2,0.0,615,,NW,4.0,7.4,0.0,45.3,,"DesertAire, Grant County",330030,DesertAire,2020-12-16 06:40:39.661069
2012-03-09,13:15,66.4,32.1,27.7,0.0,528,,W,5.6,12.8,0.0,45.6,,"DesertAire, Grant County",330030,DesertAire,2020-12-16 06:40:39.661069
2012-03-09,13:30,70.6,23.7,17.0,0.0,608,,SW,11.1,16.0,0.0,45.9,,"DesertAire, Grant County",330030,DesertAire,2020-12-16 06:40:39.661069
2012-03-09,13:45,71.3,21.2,15.0,0.0,526,,SW,11.7,16.4,0.0,46.2,,"DesertAire, Grant County",330030,DesertAire,2020-12-16 06:40:39.661069
2012-03-09,14:00,71.8,21.6,14.9,0.0,568,,SW,12.0,19.2,0.0,46.5,,"DesertAire, Grant County",330030,DesertAire,2020-12-16 06:40:39.661069
2012-03-09,14:15,71.8,21.6,14.9,0.0,573,,SW,12.3,17.1,0.0,46.8,,"DesertAire, Grant County",330030,DesertAire,2020-12-16 06:40:39.661069
2012-03-09,14:30,72.1,22.2,15.2,0.0,588,,SW,11.3,16.0,0.0,47.1,,"DesertAire, Grant County",330030,DesertAire,2020-12-16 06:40:39.661069
2012-03-09,14:45,72.4,22.2,15.0,0.0,547,,SW,11.0,18.2,0.0,47.4,,"DesertAire, Grant County",330030,DesertAire,2020-12-16 06:40:39.661069
2012-03-09,15:00,72.2,22.4,15.3,0.0,511,,SW,10.8,15.3,0.0,47.7,,"DesertAire, Grant County",330030,DesertAire,2020-12-16 06:40:39.661069
2012-03-09,15:15,71.8,22.6,15.6,0.0,430,,SW,10.9,16.7,0.0,48.0,,"DesertAire, Grant County",330030,DesertAire,2020-12-16 06:40:39.661069
2012-03-09,15:30,70.9,23.0,16.3,0.0,431,,SW,11.8,17.5,0.0,48.3,,"DesertAire, Grant County",330030,DesertAire,2020-12-16 06:40:39.661069
2012-03-09,15:45,71.2,22.6,15.9,0.0,370,,SW,11.8,17.1,0.0,48.6,,"DesertAire, Grant County",330030,DesertAire,2020-12-16 06:40:39.661069
2012-03-09,16:00,70.3,22.6,16.4,0.0,267,,SW,12.2,17.5,0.0,48.9,,"DesertAire, Grant County",330030,DesertAire,2020-12-16 06:40:39.661069
2012-03-09,16:15,69.1,22.6,17.0,0.0,197,,SW,11.4,16.4,0.0,49.2,,"DesertAire, Grant County",330030,DesertAire,2020-12-16 06:40:39.661069
2012-03-09,16:30,68.7,22.2,17.0,0.0,176,,SW,10.2,15.7,0.0,49.5,,"DesertAire, Grant County",330030,DesertAire,2020-12-16 06:40:39.661069
2012-03-09,16:45,68.2,22.0,17.2,0.0,160,,SW,8.6,12.8,0.0,49.8,,"DesertAire, Grant County",330030,DesertAire,2020-12-16 06:40:39.661069
2012-03-09,17:00,67.1,22.7,18.4,0.0,130,,SW,8.4,14.2,0.0,50.0,,"DesertAire, Grant County",330030,DesertAire,2020-12-16 06:40:39.661069
2012-03-09,17:15,65.5,22.4,19.2,0.0,69,,SW,8.6,13.5,0.0,50.3,,"DesertAire, Grant County",330030,DesertAire,2020-12-16 06:40:39.661069
2012-03-09,17:30,64.0,22.4,20.2,0.0,23,,SW,10.2,14.2,0.0,50.5,,"DesertAire, Grant County",330030,DesertAire,2020-12-16 06:40:39.661069
2012-03-09,17:45,63.0,22.3,20.8,0.0,15,,SW,10.0,14.6,0.0,50.7,,"DesertAire, Grant County",330030,DesertAire,2020-12-16 06:40:39.661069
2012-03-09,18:00,62.1,22.1,21.3,0.0,5,,SW,9.7,16.4,0.0,50.9,,"DesertAire, Grant County",330030,DesertAire,2020-12-16 06:40:39.661069
2012-03-09,18:15,60.8,21.5,21.8,0.0,1,,SW,9.1,12.8,0.0,51.1,,"DesertAire, Grant County",330030,DesertAire,2020-12-16 06:40:39.661069
2012-03-09,18:30,59.7,21.1,22.2,0.0,0,,SW,8.5,13.9,0.0,51.2,,"DesertAire, Grant County",330030,DesertAire,2020-12-16 06:40:39.661069
2012-03-09,18:45,59.4,20.5,21.9,0.0,0,,SW,8.6,14.6,0.0,51.3,,"DesertAire, Grant County",330030,DesertAire,2020-12-16 06:40:39.661069
2012-03-09,19:00,58.9,21.1,22.9,0.0,0,,SW,8.8,14.6,0.0,51.5,,"DesertAire, Grant County",330030,DesertAire,2020-12-16 06:40:39.661069
2012-03-09,19:15,57.3,21.3,24.4,0.0,0,,NW,6.4,11.4,0.0,51.5,,"DesertAire, Grant County",330030,DesertAire,2020-12-16 06:40:39.661069
2012-03-09,19:30,56.1,21.6,26.0,0.0,0,,N,5.0,12.1,0.0,51.6,,"DesertAire, Grant County",330030,DesertAire,2020-12-16 06:40:39.661069
2012-03-09,19:45,57.4,23.5,26.7,0.0,0,,W,6.3,12.1,0.0,51.6,,"DesertAire, Grant County",330030,DesertAire,2020-12-16 06:40:39.661069
2012-03-09,20:00,56.5,27.6,32.7,0.0,0,,NE,3.4,6.4,0.0,51.7,,"DesertAire, Grant County",330030,DesertAire,2020-12-16 06:40:39.661069
2012-03-09,20:15,54.3,30.4,39.7,0.0,0,,N,3.2,6.0,0.0,51.7,,"DesertAire, Grant County",330030,DesertAire,2020-12-16 06:40:39.661069
2012-03-09,20:30,54.1,31.1,41.4,0.0,0,,N ,3.0,5.7,0.0,51.7,,"DesertAire, Grant County",330030,DesertAire,2020-12-16 06:40:39.661069
2012-03-09,20:45,52.0,32.1,46.4,0.0,0,,NW,2.9,6.4,0.0,51.7,,"DesertAire, Grant County",330030,DesertAire,2020-12-16 06:40:39.661069
2012-03-09,21:00,52.1,31.7,45.5,0.0,0,,SW,2.7,7.1,0.0,51.6,,"DesertAire, Grant County",330030,DesertAire,2020-12-16 06:40:39.661069
2012-03-09,21:15,51.6,32.2,47.3,0.0,0,,SW,3.0,5.7,0.0,51.6,,"DesertAire, Grant County",330030,DesertAire,2020-12-16 06:40:39.661069
2012-03-09,21:30,51.7,32.5,47.8,0.0,0,,SW,3.8,6.0,0.0,51.6,,"DesertAire, Grant County",330030,DesertAire,2020-12-16 06:40:39.661069
2012-03-09,21:45,51.1,32.5,48.9,0.0,0,,SE,2.8,3.9,0.0,51.5,,"DesertAire, Grant County",330030,DesertAire,2020-12-16 06:40:39.661069
2012-03-09,22:00,49.0,32.0,51.7,0.0,0,,E,3.2,6.0,0.0,51.4,,"DesertAire, Grant County",330030,DesertAire,2020-12-16 06:40:39.661069
2012-03-09,22:15,47.5,32.2,55.0,0.0,0,,NE,3.3,4.6,0.0,51.4,,"DesertAire, Grant County",330030,DesertAire,2020-12-16 06:40:39.661069
2012-03-09,22:30,47.8,32.9,56.1,0.0,0,,NE,3.1,4.2,0.0,51.3,,"DesertAire, Grant County",330030,DesertAire,2020-12-16 06:40:39.661069
2012-03-09,22:45,47.6,33.7,58.3,0.0,0,,NE,3.3,4.2,0.0,51.2,,"DesertAire, Grant County",330030,DesertAire,2020-12-16 06:40:39.661069
2012-03-09,23:00,47.7,33.6,57.7,0.0,0,,NE,2.6,4.2,0.0,51.1,,"DesertAire, Grant County",330030,DesertAire,2020-12-16 06:40:39.661069
2012-03-09,23:15,47.7,33.7,58.1,0.0,0,,N ,3.2,4.2,0.0,51.1,,"DesertAire, Grant County",330030,DesertAire,2020-12-16 06:40:39.661069
2012-03-09,23:30,47.3,34.4,60.7,0.0,0,,NE,3.2,4.2,0.0,51.0,,"DesertAire, Grant County",330030,DesertAire,2020-12-16 06:40:39.661069
2012-03-09,23:45,47.0,34.4,61.5,0.0,0,,E,3.2,5.3,0.0,50.9,,"DesertAire, Grant County",330030,DesertAire,2020-12-16 06:40:39.661069
2012-03-09,24:00,47.0,34.2,60.9,0.0,0,,NE,2.8,4.6,0.0,50.8,,"DesertAire, Grant County",330030,DesertAire,2020-12-16 06:40:39.661069
2012-03-10,00:15,46.6,34.0,61.2,0.0,0,,E,3.5,6.4,0.0,50.7,,"DesertAire, Grant County",330030,DesertAire,2020-12-16 06:40:39.661069
2012-03-10,00:30,47.0,33.8,59.8,0.0,0,,SW,3.0,6.0,0.0,50.6,,"DesertAire, Grant County",330030,DesertAire,2020-12-16 06:40:39.661069
2012-03-10,00:45,45.7,33.6,62.4,0.0,0,,E,2.3,4.6,0.0,50.5,,"DesertAire, Grant County",330030,DesertAire,2020-12-16 06:40:39.661069
2012-03-10,01:00,45.8,33.6,62.2,0.0,0,,E,3.1,4.9,0.0,50.4,,"DesertAire, Grant County",330030,DesertAire,2020-12-16 06:40:39.661069
2012-03-10,01:15,47.2,32.7,56.9,0.0,0,,E,6.1,11.0,0.0,50.4,,"DesertAire, Grant County",330030,DesertAire,2020-12-16 06:40:39.661069
2012-03-10,01:30,47.9,29.8,49.2,0.0,0,,NE,6.0,9.2,0.0,50.3,,"DesertAire, Grant County",330030,DesertAire,2020-12-16 06:40:39.661069
2012-03-10,01:45,46.9,29.6,50.7,0.0,0,,E,4.6,7.8,0.0,50.2,,"DesertAire, Grant County",330030,DesertAire,2020-12-16 06:40:39.661069
2012-03-10,02:00,49.3,27.5,42.4,0.0,0,,NE,5.5,12.4,0.0,50.1,,"DesertAire, Grant County",330030,DesertAire,2020-12-16 06:40:39.661069
2012-03-10,02:15,51.5,27.8,39.6,0.0,0,,S,3.4,8.5,0.0,50.0,,"DesertAire, Grant County",330030,DesertAire,2020-12-16 06:40:39.661069
2012-03-10,02:30,49.5,28.9,44.6,0.0,0,,SE,4.7,13.9,0.0,49.9,,"DesertAire, Grant County",330030,DesertAire,2020-12-16 06:40:39.661069
2012-03-10,02:45,49.7,28.1,42.8,0.0,0,,SE,3.7,6.4,0.0,49.8,,"DesertAire, Grant County",330030,DesertAire,2020-12-16 06:40:39.661069
2012-03-10,03:00,46.9,29.7,50.8,0.0,0,,E,4.8,8.2,0.0,49.7,,"DesertAire, Grant County",330030,DesertAire,2020-12-16 06:40:39.661069
2012-03-10,03:15,51.7,23.9,33.4,0.0,0,,SE,4.6,9.6,0.0,49.6,,"DesertAire, Grant County",330030,DesertAire,2020-12-16 06:40:39.661069
2012-03-10,03:30,52.8,23.8,32.0,0.0,0,,SW,4.1,6.4,0.0,49.6,,"DesertAire, Grant County",330030,DesertAire,2020-12-16 06:40:39.661069
2012-03-10,03:45,54.1,24.8,31.8,0.0,0,,SW,8.8,17.1,0.0,49.5,,"DesertAire, Grant County",330030,DesertAire,2020-12-16 06:40:39.661069
2012-03-10,04:00,54.2,25.9,33.2,0.0,0,,SW,11.5,21.0,0.0,49.4,,"DesertAire, Grant County",330030,DesertAire,2020-12-16 06:40:39.661069
2012-03-10,04:15,53.8,26.8,35.0,0.0,0,,SW,10.5,27.1,0.0,49.3,,"DesertAire, Grant County",330030,DesertAire,2020-12-16 06:40:39.661069
2012-03-10,04:30,52.4,27.5,37.9,0.0,0,,W,12.8,22.1,0.0,49.3,,"DesertAire, Grant County",330030,DesertAire,2020-12-16 06:40:39.661069
2012-03-10,04:45,51.4,27.8,39.8,0.0,0,,W,10.7,18.5,0.0,49.2,,"DesertAire, Grant County",330030,DesertAire,2020-12-16 06:40:39.661069
2012-03-10,05:00,51.3,27.8,40.1,0.0,0,,W,11.5,21.0,0.0,49.1,,"DesertAire, Grant County",330030,DesertAire,2020-12-16 06:40:39.661069
2012-03-10,05:15,49.9,28.0,42.4,0.0,0,,W,6.5,12.8,0.0,49.0,,"DesertAire, Grant County",330030,DesertAire,2020-12-16 06:40:39.661069
2012-03-10,05:30,47.6,27.3,45.1,0.0,0,,N,3.7,6.7,0.0,49.0,,"DesertAire, Grant County",330030,DesertAire,2020-12-16 06:40:39.661069
2012-03-10,05:45,46.3,27.4,47.4,0.0,0,,NW,3.0,7.1,0.0,48.9,,"DesertAire, Grant County",330030,DesertAire,2020-12-16 06:40:39.661069
2012-03-10,06:00,47.9,28.1,45.9,0.0,0,,NW,3.8,9.6,0.0,48.8,,"DesertAire, Grant County",330030,DesertAire,2020-12-16 06:40:39.661069
2012-03-10,06:15,46.5,27.5,47.3,0.0,0,,NE,3.7,7.8,0.0,48.8,,"DesertAire, Grant County",330030,DesertAire,2020-12-16 06:40:39.661069
2012-03-10,06:30,44.9,27.5,50.2,0.0,6,,E,2.9,3.9,0.0,48.7,,"DesertAire, Grant County",330030,DesertAire,2020-12-16 06:40:39.661069
2012-03-10,06:45,44.9,27.6,50.5,0.0,24,,NE,2.7,4.2,0.0,48.7,,"DesertAire, Grant County",330030,DesertAire,2020-12-16 06:40:39.661069
2012-03-10,07:00,45.6,28.7,51.3,0.0,25,,W,5.2,11.4,0.0,48.6,,"DesertAire, Grant County",330030,DesertAire,2020-12-16 06:40:39.661069
2012-03-10,07:15,47.5,30.0,50.5,0.0,41,,W,5.1,10.3,0.0,48.5,,"DesertAire, Grant County",330030,DesertAire,2020-12-16 06:40:39.661069
2012-03-10,07:30,47.3,30.4,51.7,0.0,52,,NW,4.3,6.7,0.0,48.5,,"DesertAire, Grant County",330030,DesertAire,2020-12-16 06:40:39.661069
2012-03-10,07:45,45.7,31.4,56.9,0.0,65,,NW,4.3,7.1,0.0,48.4,,"DesertAire, Grant County",330030,DesertAire,2020-12-16 06:40:39.661069
2012-03-10,08:00,46.0,32.3,58.6,0.0,101,,N,2.6,4.9,0.0,48.3,,"DesertAire, Grant County",330030,DesertAire,2020-12-16 06:40:39.661069
2012-03-10,08:15,47.5,32.3,55.3,0.0,112,,E,3.4,4.6,0.0,48.2,,"DesertAire, Grant County",330030,DesertAire,2020-12-16 06:40:39.661069
2012-03-10,08:30,48.8,32.2,52.5,0.0,177,,E,3.4,6.0,0.0,48.1,,"DesertAire, Grant County",330030,DesertAire,2020-12-16 06:40:39.661069
2012-03-10,08:45,51.5,32.7,48.3,0.0,417,,NE,5.0,8.2,0.0,48.1,,"DesertAire, Grant County",330030,DesertAire,2020-12-16 06:40:39.661069
2012-03-10,09:00,54.7,32.6,42.8,0.0,558,,E,3.5,6.0,0.0,48.0,,"DesertAire, Grant County",330030,DesertAire,2020-12-16 06:40:39.661069
2012-03-10,09:15,54.9,32.3,42.1,0.0,362,,E,2.9,6.0,0.0,47.9,,"DesertAire, Grant County",330030,DesertAire,2020-12-16 06:40:39.661069
2012-03-10,09:30,56.6,32.1,39.2,0.0,485,,E,4.0,7.1,0.0,47.9,,"DesertAire, Grant County",330030,DesertAire,2020-12-16 06:40:39.661069
2012-03-10,09:45,56.2,32.3,40.1,0.0,311,,E,3.8,6.7,0.0,47.8,,"DesertAire, Grant County",330030,DesertAire,2020-12-16 06:40:39.661069
2012-03-10,10:00,56.0,32.4,40.6,0.0,267,,SE,3.9,6.7,0.0,47.8,,"DesertAire, Grant County",330030,DesertAire,2020-12-16 06:40:39.661069
2012-03-10,10:15,56.4,32.5,40.2,0.0,258,,SE,2.8,5.3,0.0,47.8,,"DesertAire, Grant County",330030,DesertAire,2020-12-16 06:40:39.661069
2012-03-10,10:30,56.6,32.8,40.4,0.0,226,,SW,2.0,4.6,0.0,47.9,,"DesertAire, Grant County",330030,DesertAire,2020-12-16 06:40:39.661069
2012-03-10,10:45,56.9,33.5,41.1,0.0,206,,SW,5.4,10.7,0.0,47.9,,"DesertAire, Grant County",330030,DesertAire,2020-12-16 06:40:39.661069
2012-03-10,11:00,57.0,34.2,42.0,0.0,200,,SW,9.2,15.0,0.0,48.0,,"DesertAire, Grant County",330030,DesertAire,2020-12-16 06:40:39.661069
2012-03-10,11:15,57.1,34.2,41.9,0.0,218,,SW,11.7,17.8,0.0,48.1,,"DesertAire, Grant County",330030,DesertAire,2020-12-16 06:40:39.661069
2012-03-10,11:30,57.2,34.5,42.2,0.0,201,,SW,9.2,13.5,0.0,48.2,,"DesertAire, Grant County",330030,DesertAire,2020-12-16 06:40:39.661069
2012-03-10,11:45,57.5,34.9,42.5,0.0,205,,SW,9.0,12.8,0.0,48.3,,"DesertAire, Grant County",330030,DesertAire,2020-12-16 06:40:39.661069
2012-03-10,12:00,57.9,35.1,42.3,0.0,244,,SW,8.2,11.7,0.0,48.5,,"DesertAire, Grant County",330030,DesertAire,2020-12-16 06:40:39.661069
2012-03-10,12:15,58.5,35.2,41.5,0.0,250,,SW,6.8,10.7,0.0,48.6,,"DesertAire, Grant County",330030,DesertAire,2020-12-16 06:40:39.661069
2012-03-10,12:30,59.1,35.2,40.6,0.0,319,,SW,8.4,15.0,0.0,48.7,,"DesertAire, Grant County",330030,DesertAire,2020-12-16 06:40:39.661069
2012-03-10,12:45,59.8,35.2,39.7,0.0,378,,SW,11.0,15.0,0.0,48.8,,"DesertAire, Grant County",330030,DesertAire,2020-12-16 06:40:39.661069
2012-03-10,13:00,60.3,35.8,39.8,0.0,457,,SW,10.4,20.0,0.0,48.9,,"DesertAire, Grant County",330030,DesertAire,2020-12-16 06:40:39.661069
2012-03-10,13:15,60.7,35.9,39.5,0.0,350,,SW,11.1,17.1,0.0,49.0,,"DesertAire, Grant County",330030,DesertAire,2020-12-16 06:40:39.661069
2012-03-10,13:30,60.6,35.8,39.4,0.0,369,,SW,9.2,17.5,0.0,49.1,,"DesertAire, Grant County",330030,DesertAire,2020-12-16 06:40:39.661069
2012-03-10,13:45,62.4,36.4,37.8,0.0,542,,SW,8.5,13.5,0.0,49.3,,"DesertAire, Grant County",330030,DesertAire,2020-12-16 06:40:39.661069
2012-03-10,14:00,61.8,36.1,38.1,0.0,395,,S,9.0,14.6,0.0,49.4,,"DesertAire, Grant County",330030,DesertAire,2020-12-16 06:40:39.661069
2012-03-10,14:15,61.6,36.2,38.5,0.0,345,,S,7.7,15.0,0.0,49.5,,"DesertAire, Grant County",330030,DesertAire,2020-12-16 06:40:39.661069
2012-03-10,14:30,61.8,36.2,38.3,0.0,388,,S,8.1,12.8,0.0,49.6,,"DesertAire, Grant County",330030,DesertAire,2020-12-16 06:40:39.661069
2012-03-10,14:45,61.3,36.2,39.0,0.0,297,,S,6.6,11.4,0.0,49.8,,"DesertAire, Grant County",330030,DesertAire,2020-12-16 06:40:39.661069
2012-03-10,15:00,63.5,36.6,36.7,0.0,598,,SW,6.8,15.3,0.0,49.9,,"DesertAire, Grant County",330030,DesertAire,2020-12-16 06:40:39.661069
2012-03-10,15:15,64.2,36.1,35.2,0.0,538,,SW,7.4,12.4,0.0,50.1,,"DesertAire, Grant County",330030,DesertAire,2020-12-16 06:40:39.661069
2012-03-10,15:30,63.7,36.0,35.6,0.0,524,,SW,7.6,14.6,0.0,50.2,,"DesertAire, Grant County",330030,DesertAire,2020-12-16 06:40:39.661069
2012-03-10,15:45,63.4,36.1,36.1,0.0,491,,SW,8.7,16.0,0.0,50.4,,"DesertAire, Grant County",330030,DesertAire,2020-12-16 06:40:39.661069
2012-03-10,16:00,64.0,36.0,35.2,0.0,463,,SW,8.2,13.9,0.0,50.5,,"DesertAire, Grant County",330030,DesertAire,2020-12-16 06:40:39.661069
2012-03-10,16:15,63.4,35.7,35.6,0.0,352,,SW,9.2,15.0,0.0,50.7,,"DesertAire, Grant County",330030,DesertAire,2020-12-16 06:40:39.661069
2012-03-10,16:30,62.2,35.5,36.8,0.0,240,,SW,8.3,14.6,0.0,50.9,,"DesertAire, Grant County",330030,DesertAire,2020-12-16 06:40:39.661069
2012-03-10,16:45,61.6,35.4,37.5,0.0,185,,SW,7.3,14.6,0.0,51.1,,"DesertAire, Grant County",330030,DesertAire,2020-12-16 06:40:39.661069
2012-03-10,17:00,59.6,35.0,39.5,0.0,85,,SW,9.1,14.6,0.0,51.3,,"DesertAire, Grant County",330030,DesertAire,2020-12-16 06:40:39.661069
2012-03-10,17:15,59.1,35.0,40.3,0.0,94,,W,7.4,13.5,0.0,51.5,,"DesertAire, Grant County",330030,DesertAire,2020-12-16 06:40:39.661069
2012-03-10,17:30,58.0,35.1,42.0,0.0,33,,W,8.7,13.5,0.0,51.7,,"DesertAire, Grant County",330030,DesertAire,2020-12-16 06:40:39.661069
2012-03-10,17:45,57.3,35.0,43.0,0.0,13,,W,8.0,19.2,0.0,51.9,,"DesertAire, Grant County",330030,DesertAire,2020-12-16 06:40:39.661069
2012-03-10,18:00,56.2,35.4,45.3,0.0,3,,W,8.3,17.8,0.0,52.0,,"DesertAire, Grant County",330030,DesertAire,2020-12-16 06:40:39.661069
2012-03-10,18:15,55.6,35.5,46.7,0.0,0,,W,5.4,9.2,0.0,52.2,,"DesertAire, Grant County",330030,DesertAire,2020-12-16 06:40:39.661069
2012-03-10,18:30,54.8,35.2,47.3,0.0,0,,W,6.2,11.4,0.0,52.3,,"DesertAire, Grant County",330030,DesertAire,2020-12-16 06:40:39.661069
2012-03-10,18:45,54.5,34.8,47.1,0.0,0,,W,5.5,16.0,0.0,52.5,,"DesertAire, Grant County",330030,DesertAire,2020-12-16 06:40:39.661069
2012-03-10,19:00,54.7,34.5,46.3,0.0,0,,W,7.8,12.8,0.0,52.6,,"DesertAire, Grant County",330030,DesertAire,2020-12-16 06:40:39.661069
2012-03-10,19:15,54.4,34.3,46.3,0.0,0,,W,7.5,12.8,0.0,52.6,,"DesertAire, Grant County",330030,DesertAire,2020-12-16 06:40:39.661069
2012-03-10,19:30,54.4,34.0,45.9,0.0,0,,W,6.1,12.4,0.0,52.7,,"DesertAire, Grant County",330030,DesertAire,2020-12-16 06:40:39.661069
2012-03-10,19:45,53.9,34.1,46.9,0.0,0,,W,8.9,18.9,0.0,52.7,,"DesertAire, Grant County",330030,DesertAire,2020-12-16 06:40:39.661069
2012-03-10,20:00,53.3,34.4,48.6,0.0,0,,W,6.2,13.5,0.0,52.7,,"DesertAire, Grant County",330030,DesertAire,2020-12-16 06:40:39.661069
2012-03-10,20:15,52.8,34.6,49.8,0.0,0,,W,5.5,13.9,0.0,52.8,,"DesertAire, Grant County",330030,DesertAire,2020-12-16 06:40:39.661069
2012-03-10,20:30,52.4,34.6,50.5,0.0,0,,S,2.6,12.1,0.0,52.8,,"DesertAire, Grant County",330030,DesertAire,2020-12-16 06:40:39.661069
2012-03-10,20:45,52.4,34.5,50.3,0.0,0,,S,3.9,8.5,0.0,52.7,,"DesertAire, Grant County",330030,DesertAire,2020-12-16 06:40:39.661069
2012-03-10,21:00,52.1,34.3,50.4,0.0,0,,W,2.8,5.7,0.0,52.7,,"DesertAire, Grant County",330030,DesertAire,2020-12-16 06:40:39.661069
2012-03-10,21:15,52.3,34.3,50.0,0.0,0,,SW,3.8,7.1,0.0,52.7,,"DesertAire, Grant County",330030,DesertAire,2020-12-16 06:40:39.661069
2012-03-10,21:30,52.1,34.2,50.2,0.0,0,,N ,4.7,8.2,0.0,52.7,,"DesertAire, Grant County",330030,DesertAire,2020-12-16 06:40:39.661069
2012-03-10,21:45,51.2,34.1,51.8,0.0,0,,N,2.9,4.6,0.0,52.6,,"DesertAire, Grant County",330030,DesertAire,2020-12-16 06:40:39.661069
2012-03-10,22:00,52.4,33.6,48.6,0.0,0,,N,4.5,8.9,0.0,52.6,,"DesertAire, Grant County",330030,DesertAire,2020-12-16 06:40:39.661069
2012-03-10,22:15,53.5,33.2,45.9,0.0,0,,E,4.4,11.7,0.0,52.5,,"DesertAire, Grant County",330030,DesertAire,2020-12-16 06:40:39.661069
2012-03-10,22:30,53.0,33.2,46.7,0.0,0,,SE,5.8,10.3,0.0,52.5,,"DesertAire, Grant County",330030,DesertAire,2020-12-16 06:40:39.661069
2012-03-10,22:45,53.1,33.1,46.4,0.0,0,,SE,6.3,11.7,0.0,52.4,,"DesertAire, Grant County",330030,DesertAire,2020-12-16 06:40:39.661069
2012-03-10,23:00,53.5,32.8,45.2,0.0,0,,E,6.5,11.0,0.0,52.3,,"DesertAire, Grant County",330030,DesertAire,2020-12-16 06:40:39.661069
2012-03-10,23:15,53.9,32.7,44.2,0.0,0,,NE,7.8,13.5,0.0,52.2,,"DesertAire, Grant County",330030,DesertAire,2020-12-16 06:40:39.661069
2012-03-10,23:30,54.0,32.9,44.6,0.0,0,,NE,6.6,13.5,0.0,52.2,,"DesertAire, Grant County",330030,DesertAire,2020-12-16 06:40:39.661069
2012-03-10,23:45,53.6,33.2,45.8,0.0,0,,N ,5.9,10.3,0.0,52.1,,"DesertAire, Grant County",330030,DesertAire,2020-12-16 06:40:39.661069
2012-03-10,24:00,53.6,33.2,45.8,0.0,0,,NE,4.5,8.9,0.0,52.0,,"DesertAire, Grant County",330030,DesertAire,2020-12-16 06:40:39.661069
2012-03-11,00:15,54.0,33.3,45.2,0.0,0,,SE,4.7,11.4,0.0,51.9,,"DesertAire, Grant County",330030,DesertAire,2020-12-16 06:40:39.661069
2012-03-11,00:30,52.4,33.7,48.9,0.0,0,,E,4.9,9.2,0.0,51.9,,"DesertAire, Grant County",330030,DesertAire,2020-12-16 06:40:39.661069
2012-03-11,00:45,49.0,34.0,55.9,0.0,0,,E,5.9,9.2,0.0,51.8,,"DesertAire, Grant County",330030,DesertAire,2020-12-16 06:40:39.661069
2012-03-11,01:00,49.5,34.0,55.1,0.0,0,,SE,5.2,8.9,0.0,51.7,,"DesertAire, Grant County",330030,DesertAire,2020-12-16 06:40:39.661069
2012-03-11,01:15,49.6,34.2,55.3,0.0,0,,SE,6.3,9.9,0.0,51.6,,"DesertAire, Grant County",330030,DesertAire,2020-12-16 06:40:39.661069
2012-03-11,01:30,49.4,34.3,55.9,0.0,0,,S,4.0,7.8,0.0,51.6,,"DesertAire, Grant County",330030,DesertAire,2020-12-16 06:40:39.661069
2012-03-11,01:45,48.9,34.2,56.6,0.0,0,,W,1.9,4.9,0.0,51.5,,"DesertAire, Grant County",330030,DesertAire,2020-12-16 06:40:39.661069
2012-03-11,03:00,49.2,34.3,56.4,0.0,0,,SE,2.2,4.9,0.0,51.4,,"DesertAire, Grant County",330030,DesertAire,2020-12-16 06:40:39.661069
2012-03-11,03:15,49.3,34.3,56.0,0.0,0,,SE,2.7,4.9,0.0,51.4,,"DesertAire, Grant County",330030,DesertAire,2020-12-16 06:40:39.661069
2012-03-11,03:30,48.9,34.3,56.9,0.0,0,,S,2.3,3.9,0.0,51.3,,"DesertAire, Grant County",330030,DesertAire,2020-12-16 06:40:39.661069
2012-03-11,03:45,48.9,34.3,56.9,0.0,0,,SW,3.7,7.8,0.0,51.2,,"DesertAire, Grant County",330030,DesertAire,2020-12-16 06:40:39.661069
2012-03-11,03:00,51.0,34.6,53.3,0.0,0,,W,3.7,8.5,0.0,51.1,,"DesertAire, Grant County",330030,DesertAire,2020-12-16 06:40:39.661069
2012-03-11,03:15,50.9,35.0,54.2,0.0,0,,N,3.3,8.5,0.0,51.1,,"DesertAire, Grant County",330030,DesertAire,2020-12-16 06:40:39.661069
2012-03-11,03:30,50.9,34.9,54.0,0.0,0,,W,4.0,7.8,0.0,51.0,,"DesertAire, Grant County",330030,DesertAire,2020-12-16 06:40:39.661069
2012-03-11,03:45,50.8,34.8,54.0,0.0,0,,SE,3.7,7.1,0.0,50.9,,"DesertAire, Grant County",330030,DesertAire,2020-12-16 06:40:39.661069
2012-03-11,04:00,50.2,34.5,54.7,0.0,0,,SE,5.3,8.2,0.0,50.9,,"DesertAire, Grant County",330030,DesertAire,2020-12-16 06:40:39.661069
2012-03-11,04:15,49.5,34.4,55.9,0.0,0,,E,5.8,9.9,0.0,50.8,,"DesertAire, Grant County",330030,DesertAire,2020-12-16 06:40:39.661069
2012-03-11,04:30,49.7,34.2,54.9,0.0,0,,SE,4.5,9.6,0.0,50.7,,"DesertAire, Grant County",330030,DesertAire,2020-12-16 06:40:39.661069
2012-03-11,04:45,49.3,33.5,54.2,0.0,0,,N,3.5,9.2,0.0,50.7,,"DesertAire, Grant County",330030,DesertAire,2020-12-16 06:40:39.661069
2012-03-11,05:00,48.3,33.0,55.1,0.0,0,,S,3.4,6.7,0.0,50.6,,"DesertAire, Grant County",330030,DesertAire,2020-12-16 06:40:39.661069
2012-03-11,05:15,47.9,33.1,56.2,0.0,0,,SE,3.9,9.9,0.0,50.5,,"DesertAire, Grant County",330030,DesertAire,2020-12-16 06:40:39.661069
2012-03-11,05:30,47.9,33.2,56.5,0.0,0,,SE,7.1,12.1,0.0,50.5,,"DesertAire, Grant County",330030,DesertAire,2020-12-16 06:40:39.661069
2012-03-11,05:45,47.7,33.8,58.4,0.0,0,,S,9.9,19.2,0.0,50.4,,"DesertAire, Grant County",330030,DesertAire,2020-12-16 06:40:39.661069
2012-03-11,06:00,46.4,34.5,62.8,0.0,0,,S,9.4,16.4,0.0,50.4,,"DesertAire, Grant County",330030,DesertAire,2020-12-16 06:40:39.661069
2012-03-11,06:15,46.1,34.0,62.3,0.0,0,,S,6.9,11.7,0.0,50.3,,"DesertAire, Grant County",330030,DesertAire,2020-12-16 06:40:39.661069
2012-03-11,06:30,46.7,33.2,59.3,0.0,1,,S,8.8,16.4,0.0,50.2,,"DesertAire, Grant County",330030,DesertAire,2020-12-16 06:40:39.661069
2012-03-11,06:45,46.9,33.0,58.1,0.0,5,,SE,7.4,12.4,0.0,50.2,,"DesertAire, Grant County",330030,DesertAire,2020-12-16 06:40:39.661069
2012-03-11,07:00,47.0,32.6,56.9,0.0,11,,NE,5.6,11.7,0.0,50.1,,"DesertAire, Grant County",330030,DesertAire,2020-12-16 06:40:39.661069
2012-03-11,07:15,47.1,32.3,56.1,0.0,20,,E,3.6,5.7,0.0,50.1,,"DesertAire, Grant County",330030,DesertAire,2020-12-16 06:40:39.661069
2012-03-11,07:30,47.1,32.0,55.4,0.0,27,,SE,2.5,7.4,0.0,50.0,,"DesertAire, Grant County",330030,DesertAire,2020-12-16 06:40:39.661069
2012-03-11,07:45,47.2,31.7,54.8,0.0,36,,NE,2.2,4.9,0.0,50.0,,"DesertAire, Grant County",330030,DesertAire,2020-12-16 06:40:39.661069
2012-03-11,08:00,47.6,31.5,53.4,0.0,52,,E,2.8,4.9,0.0,49.9,,"DesertAire, Grant County",330030,DesertAire,2020-12-16 06:40:39.661069
2012-03-11,08:15,48.1,31.3,52.0,0.0,73,,NE,2.7,4.9,0.0,49.8,,"DesertAire, Grant County",330030,DesertAire,2020-12-16 06:40:39.661069
2012-03-11,08:30,48.3,31.4,51.8,0.0,85,,NE,3.0,7.8,0.0,49.8,,"DesertAire, Grant County",330030,DesertAire,2020-12-16 06:40:39.661069
2012-03-11,08:45,48.6,30.7,49.8,0.0,119,,W,4.9,10.7,0.0,49.7,,"DesertAire, Grant County",330030,DesertAire,2020-12-16 06:40:39.661069
2012-03-11,09:00,48.5,31.5,51.6,0.0,126,,W,5.0,8.9,0.0,49.7,,"DesertAire, Grant County",330030,DesertAire,2020-12-16 06:40:39.661069
2012-03-11,09:15,48.2,33.6,56.7,0.0,255,,W,8.8,14.6,0.0,49.6,,"DesertAire, Grant County",330030,DesertAire,2020-12-16 06:40:39.661069
2012-03-11,09:30,49.3,33.9,55.2,0.0,272,,W,9.1,14.6,0.0,49.6,,"DesertAire, Grant County",330030,DesertAire,2020-12-16 06:40:39.661069
2012-03-11,09:45,49.0,33.1,54.0,0.0,210,,W,7.5,11.0,0.0,49.5,,"DesertAire, Grant County",330030,DesertAire,2020-12-16 06:40:39.661069
2012-03-11,10:00,49.8,33.4,53.1,0.0,263,,NW,6.3,9.9,0.0,49.5,,"DesertAire, Grant County",330030,DesertAire,2020-12-16 06:40:39.661069
2012-03-11,10:15,50.4,33.3,51.7,0.0,258,,W,5.2,7.8,0.0,49.4,,"DesertAire, Grant County",330030,DesertAire,2020-12-16 06:40:39.661069
2012-03-11,10:30,50.4,32.0,49.0,0.0,235,,SW,6.1,9.9,0.0,49.4,,"DesertAire, Grant County",330030,DesertAire,2020-12-16 06:40:39.661069
2012-03-11,10:45,50.7,31.1,46.7,0.0,138,,S,2.6,6.7,0.0,49.4,,"DesertAire, Grant County",330030,DesertAire,2020-12-16 06:40:39.661069
2012-03-11,11:00,51.0,32.1,48.0,0.0,155,,NE,3.0,5.3,0.0,49.4,,"DesertAire, Grant County",330030,DesertAire,2020-12-16 06:40:39.661069
2012-03-11,11:15,51.4,32.0,47.3,0.0,430,,E,3.4,7.4,0.0,49.4,,"DesertAire, Grant County",330030,DesertAire,2020-12-16 06:40:39.661069
2012-03-11,11:30,54.2,30.1,39.4,0.0,433,,SW,9.4,18.9,0.0,49.4,,"DesertAire, Grant County",330030,DesertAire,2020-12-16 06:40:39.661069
2012-03-11,11:45,55.6,29.6,36.8,0.0,632,,SW,9.6,16.4,0.0,49.4,,"DesertAire, Grant County",330030,DesertAire,2020-12-16 06:40:39.661069
2012-03-11,12:00,54.7,27.3,34.5,0.0,506,,SW,12.6,21.4,0.0,49.5,,"DesertAire, Grant County",330030,DesertAire,2020-12-16 06:40:39.661069
2012-03-11,12:15,54.2,27.4,35.3,0.0,546,,SW,15.7,25.3,0.0,49.5,,"DesertAire, Grant County",330030,DesertAire,2020-12-16 06:40:39.661069
2012-03-11,12:30,54.8,29.0,36.9,0.0,838,,SW,18.2,29.6,0.0,49.6,,"DesertAire, Grant County",330030,DesertAire,2020-12-16 06:40:39.661069
2012-03-11,12:45,53.4,29.0,38.9,0.0,506,,SW,15.9,27.1,0.0,49.6,,"DesertAire, Grant County",330030,DesertAire,2020-12-16 06:40:39.661069
2012-03-11,13:00,52.0,27.7,38.8,0.0,374,,SW,17.0,26.8,0.0,49.7,,"DesertAire, Grant County",330030,DesertAire,2020-12-16 06:40:39.661069
2012-03-11,13:15,51.5,33.0,49.0,0.0,535,,NW,12.0,20.3,0.0,49.8,,"DesertAire, Grant County",330030,DesertAire,2020-12-16 06:40:39.661069
2012-03-11,13:30,48.6,33.7,56.1,0.0,290,,NW,9.8,16.0,0.0,49.9,,"DesertAire, Grant County",330030,DesertAire,2020-12-16 06:40:39.661069
2012-03-11,13:45,51.0,34.2,52.2,0.0,730,,NW,8.3,12.8,0.0,50.1,,"DesertAire, Grant County",330030,DesertAire,2020-12-16 06:40:39.661069
2012-03-11,14:00,52.6,32.4,46.0,0.0,664,,W,7.0,22.5,0.0,50.2,,"DesertAire, Grant County",330030,DesertAire,2020-12-16 06:40:39.661069
2012-03-11,14:15,54.0,33.3,45.2,0.0,601,,NW,7.4,18.5,0.0,50.3,,"DesertAire, Grant County",330030,DesertAire,2020-12-16 06:40:39.661069
2012-03-11,14:30,54.9,28.6,36.3,0.0,596,,W,11.3,19.6,0.0,50.5,,"DesertAire, Grant County",330030,DesertAire,2020-12-16 06:40:39.661069
2012-03-11,14:45,54.7,27.5,35.0,0.0,598,,SW,15.6,23.9,0.0,50.6,,"DesertAire, Grant County",330030,DesertAire,2020-12-16 06:40:39.661069
2012-03-11,15:00,50.3,30.7,46.8,0.0,160,,W,14.5,24.3,0.45,50.8,,"DesertAire, Grant County",330030,DesertAire,2020-12-16 06:40:39.661069
2012-03-11,15:15,46.2,31.9,57.2,0.0,118,,SW,10.2,22.5,0.1,50.9,,"DesertAire, Grant County",330030,DesertAire,2020-12-16 06:40:39.661069
2012-03-11,15:30,48.9,32.6,53.1,0.0,409,,NW,8.1,12.8,0.0,51.1,,"DesertAire, Grant County",330030,DesertAire,2020-12-16 06:40:39.661069
2012-03-11,15:45,49.7,31.8,49.9,0.0,360,,NW,8.2,13.2,0.0,51.2,,"DesertAire, Grant County",330030,DesertAire,2020-12-16 06:40:39.661069
2012-03-11,16:00,49.9,31.2,48.3,0.0,266,,NW,7.3,9.9,0.0,51.4,,"DesertAire, Grant County",330030,DesertAire,2020-12-16 06:40:39.661069
2012-03-11,16:15,49.6,28.0,43.0,0.0,142,,W,8.2,15.3,0.0,51.5,,"DesertAire, Grant County",330030,DesertAire,2020-12-16 06:40:39.661069
2012-03-11,16:30,49.6,26.2,39.9,0.0,126,,SW,9.7,17.1,0.0,51.7,,"DesertAire, Grant County",330030,DesertAire,2020-12-16 06:40:39.661069
2012-03-11,16:45,48.9,26.6,41.5,0.0,81,,SW,12.8,22.1,0.0,51.8,,"DesertAire, Grant County",330030,DesertAire,2020-12-16 06:40:39.661069
2012-03-11,17:00,46.1,30.3,53.7,0.0,82,,SW,12.7,21.4,0.02,51.9,,"DesertAire, Grant County",330030,DesertAire,2020-12-16 06:40:39.661069
2012-03-11,17:15,46.0,29.6,52.4,0.0,60,,SW,11.4,18.5,0.0,52.0,,"DesertAire, Grant County",330030,DesertAire,2020-12-16 06:40:39.661069
2012-03-11,17:30,45.9,28.0,49.3,0.0,49,,W,8.9,14.2,0.0,52.0,,"DesertAire, Grant County",330030,DesertAire,2020-12-16 06:40:39.661069
2012-03-11,17:45,45.9,25.5,44.5,0.0,40,,W,10.1,15.3,0.0,52.1,,"DesertAire, Grant County",330030,DesertAire,2020-12-16 06:40:39.661069
2012-03-11,18:00,44.2,25.5,47.5,0.0,10,,W,7.4,11.7,0.0,52.1,,"DesertAire, Grant County",330030,DesertAire,2020-12-16 06:40:39.661069
2012-03-11,18:15,42.6,26.0,51.6,0.0,2,,NW,4.8,7.1,0.0,52.2,,"DesertAire, Grant County",330030,DesertAire,2020-12-16 06:40:39.661069
2012-03-11,18:30,41.2,25.7,53.8,0.0,0,,NW,3.5,8.2,0.0,52.2,,"DesertAire, Grant County",330030,DesertAire,2020-12-16 06:40:39.661069
2012-03-11,18:45,43.2,20.5,40.0,0.0,0,,W,6.4,11.0,0.0,52.2,,"DesertAire, Grant County",330030,DesertAire,2020-12-16 06:40:39.661069
2012-03-11,19:00,42.9,20.0,39.7,0.0,0,,W,5.3,8.2,0.0,52.1,,"DesertAire, Grant County",330030,DesertAire,2020-12-16 06:40:39.661069
2012-03-11,19:15,42.0,22.3,45.2,0.0,0,,SW,4.4,7.1,0.0,52.1,,"DesertAire, Grant County",330030,DesertAire,2020-12-16 06:40:39.661069
2012-03-11,19:30,41.7,22.5,46.1,0.0,0,,SW,6.3,10.3,0.0,52.0,,"DesertAire, Grant County",330030,DesertAire,2020-12-16 06:40:39.661069
2012-03-11,19:45,41.3,22.9,47.5,0.0,0,,SW,5.8,9.9,0.0,52.0,,"DesertAire, Grant County",330030,DesertAire,2020-12-16 06:40:39.661069
2012-03-11,20:00,40.8,23.2,49.1,0.0,0,,SW,5.9,12.8,0.0,51.9,,"DesertAire, Grant County",330030,DesertAire,2020-12-16 06:40:39.661069
2012-03-11,20:15,40.8,21.8,46.4,0.0,0,,SW,6.5,9.2,0.0,51.8,,"DesertAire, Grant County",330030,DesertAire,2020-12-16 06:40:39.661069
2012-03-11,20:30,40.0,21.7,47.6,0.0,0,,SW,5.9,10.3,0.0,51.7,,"DesertAire, Grant County",330030,DesertAire,2020-12-16 06:40:39.661069
2012-03-11,20:45,39.6,21.8,48.5,0.0,0,,SW,5.1,8.5,0.0,51.6,,"DesertAire, Grant County",330030,DesertAire,2020-12-16 06:40:39.661069
2012-03-11,21:00,38.8,21.7,50.0,0.0,0,,SW,4.4,8.9,0.0,51.5,,"DesertAire, Grant County",330030,DesertAire,2020-12-16 06:40:39.661069
2012-03-11,21:15,38.9,22.1,50.5,0.0,0,,SW,5.1,9.6,0.0,51.4,,"DesertAire, Grant County",330030,DesertAire,2020-12-16 06:40:39.661069
2012-03-11,21:30,37.5,22.1,53.5,0.0,0,,W,4.6,7.1,0.0,51.2,,"DesertAire, Grant County",330030,DesertAire,2020-12-16 06:40:39.661069
2012-03-11,21:45,36.0,21.6,55.4,0.0,0,,N ,2.9,5.3,0.0,51.1,,"DesertAire, Grant County",330030,DesertAire,2020-12-16 06:40:39.661069
2012-03-11,22:00,35.6,21.5,56.2,0.0,0,,E,2.5,4.6,0.0,51.0,,"DesertAire, Grant County",330030,DesertAire,2020-12-16 06:40:39.661069
2012-03-11,22:15,37.1,21.7,53.3,0.0,0,,NE,4.7,8.5,0.0,50.8,,"DesertAire, Grant County",330030,DesertAire,2020-12-16 06:40:39.661069
2012-03-11,22:30,37.3,21.2,51.8,0.0,0,,NW,3.6,7.4,0.0,50.7,,"DesertAire, Grant County",330030,DesertAire,2020-12-16 06:40:39.661069
2012-03-11,22:45,37.1,21.1,52.0,0.0,0,,E,2.2,5.7,0.0,50.6,,"DesertAire, Grant County",330030,DesertAire,2020-12-16 06:40:39.661069
2012-03-11,23:00,35.7,20.7,54.0,0.0,0,,NE,3.1,4.9,0.0,50.4,,"DesertAire, Grant County",330030,DesertAire,2020-12-16 06:40:39.661069
2012-03-12,23:15,36.9,21.3,52.8,0.0,0,,SW,6.5,17.5,0.0,50.3,,"DesertAire, Grant County",330030,DesertAire,2020-12-16 06:40:39.661069
2012-03-12,23:30,41.9,21.6,44.1,0.0,0,,W,7.5,17.8,0.0,50.1,,"DesertAire, Grant County",330030,DesertAire,2020-12-16 06:40:39.661069
2012-03-12,23:45,40.6,22.1,47.4,0.0,0,,S,3.0,6.4,0.0,50.0,,"DesertAire, Grant County",330030,DesertAire,2020-12-16 06:40:39.661069
2012-03-12,24:00,40.6,21.7,46.4,0.0,0,,W,5.5,17.5,0.0,49.8,,"DesertAire, Grant County",330030,DesertAire,2020-12-16 06:40:39.661069
2012-03-12,00:15,42.6,20.7,41.2,0.0,0,,SE,6.4,18.9,0.0,49.7,,"DesertAire, Grant County",330030,DesertAire,2020-12-16 06:40:39.661069
2012-03-12,00:30,42.6,20.8,41.3,0.0,0,,SE,6.2,17.8,0.0,49.5,,"DesertAire, Grant County",330030,DesertAire,2020-12-16 06:40:39.661069
2012-03-12,00:45,42.7,20.9,41.4,0.0,0,,S,6.9,18.5,0.0,49.3,,"DesertAire, Grant County",330030,DesertAire,2020-12-16 06:40:39.661069
2012-03-12,01:00,40.2,22.7,49.4,0.0,0,,SE,6.8,11.0,0.0,49.2,,"DesertAire, Grant County",330030,DesertAire,2020-12-16 06:40:39.661069
2012-03-12,01:15,39.4,23.1,51.7,0.0,0,,SE,8.1,12.4,0.0,49.1,,"DesertAire, Grant County",330030,DesertAire,2020-12-16 06:40:39.661069
2012-03-12,01:30,40.2,22.6,49.1,0.0,0,,SE,7.8,12.8,0.0,48.9,,"DesertAire, Grant County",330030,DesertAire,2020-12-16 06:40:39.661069
2012-03-12,01:45,39.5,23.0,51.1,0.0,0,,SE,5.5,9.6,0.0,48.8,,"DesertAire, Grant County",330030,DesertAire,2020-12-16 06:40:39.661069
2012-03-12,02:00,39.0,22.8,51.8,0.0,0,,SE,5.1,8.9,0.0,48.6,,"DesertAire, Grant County",330030,DesertAire,2020-12-16 06:40:39.661069
2012-03-12,02:15,38.6,22.9,52.8,0.0,0,,SE,5.3,8.5,0.0,48.5,,"DesertAire, Grant County",330030,DesertAire,2020-12-16 06:40:39.661069
2012-03-12,02:30,38.3,23.1,54.1,0.0,0,,E,7.1,10.3,0.0,48.4,,"DesertAire, Grant County",330030,DesertAire,2020-12-16 06:40:39.661069
2012-03-12,02:45,37.7,23.8,56.9,0.0,0,,E,7.5,11.7,0.0,48.3,,"DesertAire, Grant County",330030,DesertAire,2020-12-16 06:40:39.661069
2012-03-12,03:00,37.6,24.3,58.4,0.0,0,,SE,7.6,11.0,0.0,48.2,,"DesertAire, Grant County",330030,DesertAire,2020-12-16 06:40:39.661069
2012-03-12,03:15,37.7,24.4,58.4,0.0,0,,SE,7.3,11.0,0.0,48.1,,"DesertAire, Grant County",330030,DesertAire,2020-12-16 06:40:39.661069
2012-03-12,03:30,37.4,24.6,59.5,0.0,0,,E,6.4,10.7,0.0,48.0,,"DesertAire, Grant County",330030,DesertAire,2020-12-16 06:40:39.661069
2012-03-12,03:45,36.8,24.9,61.7,0.0,0,,E,7.0,9.9,0.0,47.9,,"DesertAire, Grant County",330030,DesertAire,2020-12-16 06:40:39.661069
2012-03-12,04:00,36.6,25.0,62.7,0.0,0,,E,7.5,11.0,0.0,47.8,,"DesertAire, Grant County",330030,DesertAire,2020-12-16 06:40:39.661069
2012-03-12,04:15,36.7,24.9,62.0,0.0,0,,E,6.7,10.3,0.0,47.7,,"DesertAire, Grant County",330030,DesertAire,2020-12-16 06:40:39.661069
2012-03-12,04:30,36.8,24.8,61.4,0.0,0,,SE,5.1,8.9,0.0,47.6,,"DesertAire, Grant County",330030,DesertAire,2020-12-16 06:40:39.661069
2012-03-12,04:45,36.8,24.7,61.3,0.0,0,,S,2.5,4.9,0.0,47.5,,"DesertAire, Grant County",330030,DesertAire,2020-12-16 06:40:39.661069
2012-03-12,05:00,36.9,24.4,60.3,0.0,0,,SE,3.2,6.4,0.0,47.4,,"DesertAire, Grant County",330030,DesertAire,2020-12-16 06:40:39.661069
2012-03-12,05:15,37.0,24.5,60.2,0.0,0,,NE,2.8,4.9,0.0,47.3,,"DesertAire, Grant County",330030,DesertAire,2020-12-16 06:40:39.661069
2012-03-12,05:30,35.8,24.9,64.3,0.0,0,,NW,1.9,3.1,0.0,47.2,,"DesertAire, Grant County",330030,DesertAire,2020-12-16 06:40:39.661069
2012-03-12,05:45,34.9,25.1,66.9,0.0,0,,NW,2.1,3.5,0.0,47.2,,"DesertAire, Grant County",330030,DesertAire,2020-12-16 06:40:39.661069
2012-03-12,06:00,35.3,25.0,65.7,0.0,0,,W,1.6,3.5,0.0,47.1,,"DesertAire, Grant County",330030,DesertAire,2020-12-16 06:40:39.661069
2012-03-12,06:15,36.0,24.8,63.4,0.0,0,,SE,1.2,2.8,0.0,47.0,,"DesertAire, Grant County",330030,DesertAire,2020-12-16 06:40:39.661069
2012-03-12,06:30,36.4,24.9,62.8,0.0,2,,SE,2.2,3.9,0.0,46.9,,"DesertAire, Grant County",330030,DesertAire,2020-12-16 06:40:39.661069
2012-03-12,06:45,36.4,25.0,63.1,0.0,9,,SW,1.0,2.4,0.0,46.8,,"DesertAire, Grant County",330030,DesertAire,2020-12-16 06:40:39.661069
2012-03-12,07:00,35.9,25.7,66.2,0.0,16,,W,2.3,3.9,0.0,46.8,,"DesertAire, Grant County",330030,DesertAire,2020-12-16 06:40:39.661069
2012-03-12,07:15,36.2,25.7,65.4,0.0,20,,SW,0.3,2.1,0.0,46.7,,"DesertAire, Grant County",330030,DesertAire,2020-12-16 06:40:39.661069
2012-03-12,07:30,36.8,25.9,64.4,0.0,30,,N ,0.2,2.1,0.0,46.6,,"DesertAire, Grant County",330030,DesertAire,2020-12-16 06:40:39.661069
2012-03-12,07:45,37.4,25.6,62.2,0.0,39,,SE,2.1,4.9,0.0,46.6,,"DesertAire, Grant County",330030,DesertAire,2020-12-16 06:40:39.661069
2012-03-12,08:00,37.7,25.8,61.9,0.0,47,,S,3.0,4.9,0.0,46.5,,"DesertAire, Grant County",330030,DesertAire,2020-12-16 06:40:39.661069
2012-03-12,08:15,37.5,26.0,62.9,0.0,60,,SW,2.3,4.2,0.0,46.4,,"DesertAire, Grant County",330030,DesertAire,2020-12-16 06:40:39.661069
2012-03-12,08:30,38.1,25.9,61.2,0.0,92,,S,2.4,3.9,0.0,46.4,,"DesertAire, Grant County",330030,DesertAire,2020-12-16 06:40:39.661069
2012-03-12,08:45,38.6,25.9,60.2,0.0,120,,SE,2.6,4.2,0.0,46.3,,"DesertAire, Grant County",330030,DesertAire,2020-12-16 06:40:39.661069
2012-03-12,09:00,39.2,26.3,59.4,0.0,125,,SE,3.2,7.8,0.0,46.2,,"DesertAire, Grant County",330030,DesertAire,2020-12-16 06:40:39.661069
2012-03-12,09:15,39.3,27.3,61.8,0.0,115,,SE,4.6,8.2,0.0,46.2,,"DesertAire, Grant County",330030,DesertAire,2020-12-16 06:40:39.661069
2012-03-12,09:30,38.6,29.0,68.2,0.0,155,,S,4.2,6.4,0.0,46.1,,"DesertAire, Grant County",330030,DesertAire,2020-12-16 06:40:39.661069
2012-03-12,09:45,38.9,28.3,65.6,0.0,240,,SW,3.9,5.7,0.0,46.1,,"DesertAire, Grant County",330030,DesertAire,2020-12-16 06:40:39.661069
2012-03-12,10:00,39.6,28.7,64.7,0.0,269,,W,3.1,6.0,0.0,46.1,,"DesertAire, Grant County",330030,DesertAire,2020-12-16 06:40:39.661069
2012-03-12,10:15,39.8,29.0,65.1,0.0,233,,W,2.6,6.0,0.0,46.0,,"DesertAire, Grant County",330030,DesertAire,2020-12-16 06:40:39.661069
2012-03-12,10:30,40.1,29.8,66.3,0.0,211,,W,3.2,4.6,0.0,46.0,,"DesertAire, Grant County",330030,DesertAire,2020-12-16 06:40:39.661069
2012-03-12,10:45,41.2,30.5,65.4,0.0,302,,NW,3.3,5.3,0.0,46.0,,"DesertAire, Grant County",330030,DesertAire,2020-12-16 06:40:39.661069
2012-03-12,11:00,41.9,30.3,63.1,0.0,298,,NW,3.3,6.0,0.0,46.0,,"DesertAire, Grant County",330030,DesertAire,2020-12-16 06:40:39.661069
2012-03-12,11:15,43.1,31.0,62.0,0.0,339,,NW,3.7,6.0,0.0,46.0,,"DesertAire, Grant County",330030,DesertAire,2020-12-16 06:40:39.661069
2012-03-12,11:30,44.4,32.1,61.8,0.0,376,,NW,4.7,7.8,0.0,46.1,,"DesertAire, Grant County",330030,DesertAire,2020-12-16 06:40:39.661069
2012-03-12,11:45,45.0,32.2,60.6,0.0,369,,NW,4.7,7.1,0.0,46.1,,"DesertAire, Grant County",330030,DesertAire,2020-12-16 06:40:39.661069
2012-03-12,12:00,45.5,32.5,60.1,0.0,311,,NW,5.5,8.5,0.0,46.2,,"DesertAire, Grant County",330030,DesertAire,2020-12-16 06:40:39.661069
2012-03-12,12:15,46.9,33.0,58.0,0.0,339,,NW,4.9,7.4,0.0,46.2,,"DesertAire, Grant County",330030,DesertAire,2020-12-16 06:40:39.661069
2012-03-12,12:30,47.6,33.2,57.1,0.0,242,,NW,4.7,6.7,0.0,46.3,,"DesertAire, Grant County",330030,DesertAire,2020-12-16 06:40:39.661069
2012-03-12,12:45,48.4,33.7,56.6,0.0,302,,N,5.5,8.5,0.0,46.4,,"DesertAire, Grant County",330030,DesertAire,2020-12-16 06:40:39.661069
2012-03-12,13:00,50.3,33.7,52.7,0.0,340,,NE,4.2,7.1,0.0,46.5,,"DesertAire, Grant County",330030,DesertAire,2020-12-16 06:40:39.661069
2012-03-12,13:15,53.4,33.7,46.9,0.0,287,,S,6.1,13.2,0.0,46.6,,"DesertAire, Grant County",330030,DesertAire,2020-12-16 06:40:39.661069
2012-03-12,13:30,53.8,33.6,46.2,0.0,253,,SW,4.6,14.2,0.0,46.7,,"DesertAire, Grant County",330030,DesertAire,2020-12-16 06:40:39.661069
2012-03-12,13:45,54.6,33.3,44.3,0.0,221,,S,8.7,15.3,0.0,46.9,,"DesertAire, Grant County",330030,DesertAire,2020-12-16 06:40:39.661069
2012-03-12,14:00,54.9,33.8,44.7,0.0,206,,S,5.8,10.7,0.0,47.0,,"DesertAire, Grant County",330030,DesertAire,2020-12-16 06:40:39.661069
2012-03-12,14:15,54.7,34.0,45.4,0.0,179,,S,6.7,15.0,0.0,47.2,,"DesertAire, Grant County",330030,DesertAire,2020-12-16 06:40:39.661069
2012-03-12,14:30,54.5,34.0,45.7,0.0,130,,S,4.9,9.2,0.0,47.3,,"DesertAire, Grant County",330030,DesertAire,2020-12-16 06:40:39.661069
2012-03-12,14:45,54.6,33.8,45.1,0.0,110,,S,3.8,8.9,0.0,47.4,,"DesertAire, Grant County",330030,DesertAire,2020-12-16 06:40:39.661069
2012-03-12,15:00,54.6,34.7,46.9,0.0,129,,S,7.9,14.6,0.0,47.6,,"DesertAire, Grant County",330030,DesertAire,2020-12-16 06:40:39.661069
2012-03-12,15:15,54.5,34.8,47.3,0.0,140,,S,6.8,13.5,0.0,47.7,,"DesertAire, Grant County",330030,DesertAire,2020-12-16 06:40:39.661069
2012-03-12,15:30,54.9,35.3,47.3,0.0,151,,S,7.0,13.5,0.0,47.9,,"DesertAire, Grant County",330030,DesertAire,2020-12-16 06:40:39.661069
2012-03-12,15:45,55.2,36.0,48.2,0.0,149,,S,5.9,11.4,0.0,48.0,,"DesertAire, Grant County",330030,DesertAire,2020-12-16 06:40:39.661069
2012-03-12,16:00,55.3,36.3,48.6,0.0,139,,S,6.4,14.6,0.0,48.1,,"DesertAire, Grant County",330030,DesertAire,2020-12-16 06:40:39.661069
2012-03-12,16:15,54.9,36.7,50.1,0.0,121,,S,7.7,13.9,0.0,48.2,,"DesertAire, Grant County",330030,DesertAire,2020-12-16 06:40:39.661069
2012-03-12,16:30,54.5,36.9,51.3,0.0,105,,S,6.3,13.2,0.0,48.4,,"DesertAire, Grant County",330030,DesertAire,2020-12-16 06:40:39.661069
2012-03-12,16:45,54.3,36.8,51.5,0.0,65,,S,5.8,12.8,0.0,48.5,,"DesertAire, Grant County",330030,DesertAire,2020-12-16 06:40:39.661069
2012-03-12,17:00,54.5,36.7,50.8,0.0,46,,SW,6.4,13.2,0.0,48.6,,"DesertAire, Grant County",330030,DesertAire,2020-12-16 06:40:39.661069
2012-03-12,17:15,54.0,37.2,52.7,0.0,24,,SW,7.4,13.9,0.0,48.7,,"DesertAire, Grant County",330030,DesertAire,2020-12-16 06:40:39.661069
2012-03-12,17:30,53.5,38.0,55.6,0.0,20,,S,7.6,14.6,0.0,48.8,,"DesertAire, Grant County",330030,DesertAire,2020-12-16 06:40:39.661069
2012-03-12,17:45,53.2,38.3,56.6,0.0,18,,S,7.1,14.2,0.0,48.8,,"DesertAire, Grant County",330030,DesertAire,2020-12-16 06:40:39.661069
2012-03-12,18:00,52.7,39.1,59.8,0.0,7,,S,8.3,16.4,0.0,48.9,,"DesertAire, Grant County",330030,DesertAire,2020-12-16 06:40:39.661069
2012-03-12,18:15,52.0,39.9,63.4,0.0,1,,S,6.2,12.4,0.0,49.0,,"DesertAire, Grant County",330030,DesertAire,2020-12-16 06:40:39.661069
2012-03-12,18:30,50.9,40.5,67.4,0.0,0,,SW,4.5,8.5,0.25,49.1,,"DesertAire, Grant County",330030,DesertAire,2020-12-16 06:40:39.661069
2012-03-12,18:45,50.8,41.0,68.9,0.0,0,,S,5.4,11.0,0.44,49.1,,"DesertAire, Grant County",330030,DesertAire,2020-12-16 06:40:39.661069
2012-03-12,19:00,50.6,41.2,69.9,0.0,0,,S,6.5,13.2,0.38,49.2,,"DesertAire, Grant County",330030,DesertAire,2020-12-16 06:40:39.661069
2012-03-12,19:15,50.4,41.2,70.6,0.0,0,,SW,5.4,9.9,0.18,49.2,,"DesertAire, Grant County",330030,DesertAire,2020-12-16 06:40:39.661069
2012-03-12,19:30,50.4,41.1,70.2,0.0,0,,SW,5.3,11.7,0.11,49.2,,"DesertAire, Grant County",330030,DesertAire,2020-12-16 06:40:39.661069
2012-03-12,19:45,51.0,40.5,67.2,0.0,0,,SW,7.3,13.5,0.0,49.2,,"DesertAire, Grant County",330030,DesertAire,2020-12-16 06:40:39.661069
2012-03-12,20:00,51.2,40.3,66.1,0.0,0,,SW,7.3,13.2,0.0,49.3,,"DesertAire, Grant County",330030,DesertAire,2020-12-16 06:40:39.661069
2012-03-12,20:15,51.2,39.9,65.0,0.0,0,,SW,6.2,12.8,0.0,49.3,,"DesertAire, Grant County",330030,DesertAire,2020-12-16 06:40:39.661069
2012-03-12,20:30,51.8,39.2,61.9,0.0,0,,SW,5.7,10.3,0.0,49.3,,"DesertAire, Grant County",330030,DesertAire,2020-12-16 06:40:39.661069
2012-03-12,20:45,52.6,38.6,58.9,0.0,0,,SW,5.8,12.1,0.0,49.3,,"DesertAire, Grant County",330030,DesertAire,2020-12-16 06:40:39.661069
2012-03-12,21:00,52.8,38.3,57.5,0.0,0,,S,6.1,11.0,0.0,49.2,,"DesertAire, Grant County",330030,DesertAire,2020-12-16 06:40:39.661069
2012-03-12,21:15,53.1,37.8,56.0,0.0,0,,S,5.0,9.2,0.0,49.2,,"DesertAire, Grant County",330030,DesertAire,2020-12-16 06:40:39.661069
2012-03-12,21:30,53.5,37.4,54.2,0.0,0,,S,6.1,14.2,0.0,49.2,,"DesertAire, Grant County",330030,DesertAire,2020-12-16 06:40:39.661069
2012-03-12,21:45,54.2,36.8,51.6,0.0,0,,S,6.8,10.7,0.0,49.2,,"DesertAire, Grant County",330030,DesertAire,2020-12-16 06:40:39.661069
2012-03-12,22:00,53.5,36.8,52.9,0.0,0,,S,5.9,8.9,0.0,49.2,,"DesertAire, Grant County",330030,DesertAire,2020-12-16 06:40:39.661069
2012-03-12,22:15,53.6,35.8,50.7,0.0,0,,S,6.3,10.7,0.0,49.1,,"DesertAire, Grant County",330030,DesertAire,2020-12-16 06:40:39.661069
2012-03-12,22:30,53.8,35.5,49.8,0.0,0,,S,7.9,15.3,0.0,49.1,,"DesertAire, Grant County",330030,DesertAire,2020-12-16 06:40:39.661069
2012-03-12,22:45,53.7,34.9,48.8,0.0,0,,S,8.4,15.0,0.0,49.1,,"DesertAire, Grant County",330030,DesertAire,2020-12-16 06:40:39.661069
2012-03-12,23:00,54.1,34.2,46.8,0.0,0,,S,9.5,15.3,0.0,49.0,,"DesertAire, Grant County",330030,DesertAire,2020-12-16 06:40:39.661069
2012-03-13,23:15,54.5,33.6,45.0,0.0,0,,S,10.3,18.5,0.0,49.0,,"DesertAire, Grant County",330030,DesertAire,2020-12-16 06:40:39.661069
2012-03-13,23:30,55.2,33.0,42.8,0.0,0,,S,11.4,23.2,0.0,49.0,,"DesertAire, Grant County",330030,DesertAire,2020-12-16 06:40:39.661069
2012-03-13,23:45,55.3,32.7,42.1,0.0,0,,S,10.5,19.2,0.0,48.9,,"DesertAire, Grant County",330030,DesertAire,2020-12-16 06:40:39.661069
2012-03-13,24:00,55.8,32.0,40.3,0.0,0,,S,11.3,20.3,0.0,48.9,,"DesertAire, Grant County",330030,DesertAire,2020-12-16 06:40:39.661069
2012-03-13,00:15,56.5,31.4,38.3,0.0,0,,S,13.0,22.8,0.0,48.8,,"DesertAire, Grant County",330030,DesertAire,2020-12-16 06:40:39.661069
2012-03-13,00:30,56.0,31.2,38.7,0.0,0,,S,11.5,19.2,0.0,48.8,,"DesertAire, Grant County",330030,DesertAire,2020-12-16 06:40:39.661069
2012-03-13,00:45,55.9,31.0,38.5,0.0,0,,SW,11.3,21.8,0.0,48.7,,"DesertAire, Grant County",330030,DesertAire,2020-12-16 06:40:39.661069
2012-03-13,01:00,55.8,31.1,38.7,0.0,0,,SW,11.4,21.0,0.0,48.7,,"DesertAire, Grant County",330030,DesertAire,2020-12-16 06:40:39.661069
2012-03-13,01:15,55.6,31.4,39.4,0.0,0,,SW,11.7,20.0,0.0,48.7,,"DesertAire, Grant County",330030,DesertAire,2020-12-16 06:40:39.661069
2012-03-13,01:30,55.5,31.9,40.4,0.0,0,,SW,12.2,25.7,0.0,48.6,,"DesertAire, Grant County",330030,DesertAire,2020-12-16 06:40:39.661069
2012-03-13,01:45,54.7,34.1,45.6,0.0,0,,SW,15.5,26.4,0.0,48.6,,"DesertAire, Grant County",330030,DesertAire,2020-12-16 06:40:39.661069
2012-03-13,02:00,52.9,35.1,50.5,0.0,0,,SW,15.1,22.8,0.0,48.5,,"DesertAire, Grant County",330030,DesertAire,2020-12-16 06:40:39.661069
2012-03-13,02:15,51.4,36.1,55.7,0.0,0,,SW,15.1,22.5,0.0,48.5,,"DesertAire, Grant County",330030,DesertAire,2020-12-16 06:40:39.661069
2012-03-13,02:30,48.3,34.2,58.1,0.0,0,,SW,13.0,20.7,0.0,48.5,,"DesertAire, Grant County",330030,DesertAire,2020-12-16 06:40:39.661069
2012-03-13,02:45,47.3,33.3,58.0,0.0,0,,SW,12.9,23.9,0.0,48.4,,"DesertAire, Grant County",330030,DesertAire,2020-12-16 06:40:39.661069
2012-03-13,03:00,47.7,32.3,55.0,0.0,0,,SW,12.9,19.6,0.0,48.4,,"DesertAire, Grant County",330030,DesertAire,2020-12-16 06:40:39.661069
2012-03-13,03:15,48.0,30.3,50.2,0.0,0,,SW,14.7,23.5,0.0,48.4,,"DesertAire, Grant County",330030,DesertAire,2020-12-16 06:40:39.661069
2012-03-13,03:30,46.7,31.0,54.2,0.0,0,,SW,15.7,25.7,0.0,48.3,,"DesertAire, Grant County",330030,DesertAire,2020-12-16 06:40:39.661069
2012-03-13,03:45,45.4,31.0,56.9,0.0,0,,SW,16.3,25.0,0.0,48.3,,"DesertAire, Grant County",330030,DesertAire,2020-12-16 06:40:39.661069
2012-03-13,04:00,44.5,31.5,60.0,0.0,0,,SW,11.7,17.8,0.0,48.3,,"DesertAire, Grant County",330030,DesertAire,2020-12-16 06:40:39.661069
2012-03-13,04:15,43.6,30.8,60.3,0.0,0,,NW,6.9,11.0,0.0,48.2,,"DesertAire, Grant County",330030,DesertAire,2020-12-16 06:40:39.661069
2012-03-13,04:30,41.3,29.2,61.8,0.0,0,,NW,8.1,13.9,0.0,48.2,,"DesertAire, Grant County",330030,DesertAire,2020-12-16 06:40:39.661069
2012-03-13,04:45,41.1,28.9,61.5,0.0,0,,NW,8.4,11.4,0.0,48.2,,"DesertAire, Grant County",330030,DesertAire,2020-12-16 06:40:39.661069
2012-03-13,05:00,40.8,28.2,60.5,0.0,0,,NW,7.2,10.3,0.0,48.1,,"DesertAire, Grant County",330030,DesertAire,2020-12-16 06:40:39.661069
2012-03-13,05:15,40.4,28.0,60.9,0.0,0,,NW,5.8,8.5,0.0,48.1,,"DesertAire, Grant County",330030,DesertAire,2020-12-16 06:40:39.661069
2012-03-13,05:30,40.1,27.7,61.0,0.0,0,,NW,4.2,6.7,0.0,48.0,,"DesertAire, Grant County",330030,DesertAire,2020-12-16 06:40:39.661069
2012-03-13,05:45,39.5,27.4,61.5,0.0,0,,N,2.2,5.3,0.0,48.0,,"DesertAire, Grant County",330030,DesertAire,2020-12-16 06:40:39.661069
2012-03-13,06:00,39.0,27.6,63.4,0.0,0,,N ,3.0,5.7,0.0,47.9,,"DesertAire, Grant County",330030,DesertAire,2020-12-16 06:40:39.661069
2012-03-13,06:15,39.4,27.5,62.0,0.0,0,,N ,1.8,3.1,0.0,47.9,,"DesertAire, Grant County",330030,DesertAire,2020-12-16 06:40:39.661069
2012-03-13,06:30,38.9,27.2,62.7,0.0,2,,W,1.0,3.1,0.0,47.8,,"DesertAire, Grant County",330030,DesertAire,2020-12-16 06:40:39.661069
2012-03-13,06:45,39.0,26.3,59.8,0.0,7,,W,4.3,8.9,0.0,47.7,,"DesertAire, Grant County",330030,DesertAire,2020-12-16 06:40:39.661069
2012-03-13,07:00,37.7,26.8,64.6,0.0,12,,NW,3.8,6.7,0.0,47.7,,"DesertAire, Grant County",330030,DesertAire,2020-12-16 06:40:39.661069
2012-03-13,07:15,36.2,26.1,66.6,0.0,18,,NW,2.7,5.3,0.0,47.6,,"DesertAire, Grant County",330030,DesertAire,2020-12-16 06:40:39.661069
2012-03-13,07:30,36.2,25.8,65.8,0.0,22,,NW,3.3,5.7,0.0,47.5,,"DesertAire, Grant County",330030,DesertAire,2020-12-16 06:40:39.661069
2012-03-13,07:45,37.6,26.0,62.8,0.0,30,,N ,2.8,4.9,0.0,47.5,,"DesertAire, Grant County",330030,DesertAire,2020-12-16 06:40:39.661069
2012-03-13,08:00,39.9,26.7,58.8,0.0,220,,N,2.7,4.6,0.0,47.4,,"DesertAire, Grant County",330030,DesertAire,2020-12-16 06:40:39.661069
2012-03-13,08:15,42.9,26.3,51.7,0.0,284,,N ,3.0,4.9,0.0,47.3,,"DesertAire, Grant County",330030,DesertAire,2020-12-16 06:40:39.661069
2012-03-13,08:30,44.0,26.3,49.4,0.0,328,,W,6.2,15.0,0.0,47.2,,"DesertAire, Grant County",330030,DesertAire,2020-12-16 06:40:39.661069
2012-03-13,08:45,44.7,26.1,47.7,0.0,371,,SW,9.7,15.0,0.0,47.1,,"DesertAire, Grant County",330030,DesertAire,2020-12-16 06:40:39.661069
2012-03-13,09:00,45.3,25.2,44.9,0.0,412,,SW,11.1,18.2,0.0,47.0,,"DesertAire, Grant County",330030,DesertAire,2020-12-16 06:40:39.661069
2012-03-13,09:15,45.8,24.3,42.5,0.0,454,,SW,13.3,21.8,0.0,47.0,,"DesertAire, Grant County",330030,DesertAire,2020-12-16 06:40:39.661069
2012-03-13,09:30,46.4,24.3,41.5,0.0,491,,SW,11.8,20.0,0.0,46.9,,"DesertAire, Grant County",330030,DesertAire,2020-12-16 06:40:39.661069
2012-03-13,09:45,47.3,23.4,38.6,0.0,526,,SW,11.3,16.4,0.0,46.8,,"DesertAire, Grant County",330030,DesertAire,2020-12-16 06:40:39.661069
2012-03-13,10:00,48.1,22.9,36.8,0.0,560,,SW,11.2,17.1,0.0,46.8,,"DesertAire, Grant County",330030,DesertAire,2020-12-16 06:40:39.661069
2012-03-13,10:15,48.4,21.7,34.6,0.0,590,,SW,12.9,21.8,0.0,46.8,,"DesertAire, Grant County",330030,DesertAire,2020-12-16 06:40:39.661069
2012-03-13,10:30,48.6,20.8,33.1,0.0,619,,SW,14.2,20.7,0.0,46.8,,"DesertAire, Grant County",330030,DesertAire,2020-12-16 06:40:39.661069
2012-03-13,10:45,48.7,21.0,33.1,0.0,642,,SW,14.3,21.4,0.0,46.8,,"DesertAire, Grant County",330030,DesertAire,2020-12-16 06:40:39.661069
2012-03-13,11:00,49.4,22.5,34.3,0.0,665,,SW,13.5,20.0,0.0,46.8,,"DesertAire, Grant County",330030,DesertAire,2020-12-16 06:40:39.661069
2012-03-13,11:15,49.1,21.8,33.8,0.0,683,,SW,15.4,22.8,0.0,46.9,,"DesertAire, Grant County",330030,DesertAire,2020-12-16 06:40:39.661069
2012-03-13,11:30,49.6,23.2,35.2,0.0,687,,SW,13.7,20.7,0.0,47.0,,"DesertAire, Grant County",330030,DesertAire,2020-12-16 06:40:39.661069
2012-03-13,11:45,49.4,22.5,34.5,0.0,713,,SW,16.3,24.3,0.0,47.0,,"DesertAire, Grant County",330030,DesertAire,2020-12-16 06:40:39.661069
2012-03-13,12:00,50.4,24.0,35.3,0.0,696,,SW,12.5,20.7,0.0,47.2,,"DesertAire, Grant County",330030,DesertAire,2020-12-16 06:40:39.661069
2012-03-13,12:15,50.8,22.9,33.2,0.0,740,,SW,14.0,23.5,0.0,47.3,,"DesertAire, Grant County",330030,DesertAire,2020-12-16 06:40:39.661069
2012-03-13,12:30,50.8,22.3,32.5,0.0,613,,SW,15.2,27.1,0.0,47.4,,"DesertAire, Grant County",330030,DesertAire,2020-12-16 06:40:39.661069
2012-03-13,12:45,49.8,22.1,33.3,0.0,414,,SW,16.0,26.4,0.0,47.6,,"DesertAire, Grant County",330030,DesertAire,2020-12-16 06:40:39.661069
2012-03-13,13:00,48.6,21.5,33.9,0.0,353,,SW,16.9,26.0,0.0,47.8,,"DesertAire, Grant County",330030,DesertAire,2020-12-16 06:40:39.661069
2012-03-13,13:15,48.9,22.3,34.9,0.0,501,,SW,16.4,24.6,0.0,47.9,,"DesertAire, Grant County",330030,DesertAire,2020-12-16 06:40:39.661069
2012-03-13,13:30,48.9,23.0,35.8,0.0,494,,SW,18.4,29.3,0.0,48.1,,"DesertAire, Grant County",330030,DesertAire,2020-12-16 06:40:39.661069
2012-03-13,13:45,49.0,23.1,35.8,0.0,563,,SW,19.1,29.6,0.0,48.3,,"DesertAire, Grant County",330030,DesertAire,2020-12-16 06:40:39.661069
2012-03-13,14:00,49.7,23.0,34.7,0.0,598,,SW,17.7,26.0,0.0,48.5,,"DesertAire, Grant County",330030,DesertAire,2020-12-16 06:40:39.661069
2012-03-13,14:15,50.0,23.0,34.3,0.0,620,,SW,16.4,26.0,0.0,48.7,,"DesertAire, Grant County",330030,DesertAire,2020-12-16 06:40:39.661069
2012-03-13,14:30,50.1,23.0,34.2,0.0,569,,SW,15.4,26.8,0.0,48.8,,"DesertAire, Grant County",330030,DesertAire,2020-12-16 06:40:39.661069
2012-03-13,14:45,49.9,22.6,33.8,0.0,543,,SW,17.6,28.6,0.0,49.0,,"DesertAire, Grant County",330030,DesertAire,2020-12-16 06:40:39.661069
2012-03-13,15:00,48.8,21.8,34.2,0.0,477,,SW,19.5,31.4,0.0,49.1,,"DesertAire, Grant County",330030,DesertAire,2020-12-16 06:40:39.661069
2012-03-13,15:15,49.0,23.0,35.6,0.0,443,,SW,16.9,27.8,0.0,49.3,,"DesertAire, Grant County",330030,DesertAire,2020-12-16 06:40:39.661069
2012-03-13,15:30,49.1,23.2,36.0,0.0,378,,SW,15.6,24.6,0.0,49.4,,"DesertAire, Grant County",330030,DesertAire,2020-12-16 06:40:39.661069
2012-03-13,15:45,48.3,21.0,33.7,0.0,314,,SW,17.2,25.0,0.0,49.6,,"DesertAire, Grant County",330030,DesertAire,2020-12-16 06:40:39.661069
2012-03-13,16:00,47.7,21.6,35.2,0.0,258,,SW,14.4,26.4,0.0,49.7,,"DesertAire, Grant County",330030,DesertAire,2020-12-16 06:40:39.661069
2012-03-13,16:15,48.1,21.7,34.8,0.0,253,,SW,13.0,24.3,0.0,49.8,,"DesertAire, Grant County",330030,DesertAire,2020-12-16 06:40:39.661069
2012-03-13,16:30,47.6,21.6,35.3,0.0,203,,SW,14.6,22.5,0.0,49.9,,"DesertAire, Grant County",330030,DesertAire,2020-12-16 06:40:39.661069
2012-03-13,16:45,46.6,21.2,36.2,0.0,121,,SW,11.7,20.3,0.0,50.1,,"DesertAire, Grant County",330030,DesertAire,2020-12-16 06:40:39.661069
2012-03-13,17:00,45.5,22.9,40.5,0.0,89,,SW,12.1,22.1,0.0,50.2,,"DesertAire, Grant County",330030,DesertAire,2020-12-16 06:40:39.661069
2012-03-13,17:15,42.7,28.0,55.8,0.0,78,,SW,12.8,22.8,0.0,50.3,,"DesertAire, Grant County",330030,DesertAire,2020-12-16 06:40:39.661069
2012-03-13,17:30,41.9,28.1,57.7,0.0,70,,SW,8.6,16.0,0.0,50.4,,"DesertAire, Grant County",330030,DesertAire,2020-12-16 06:40:39.661069
2012-03-13,17:45,41.6,27.6,57.1,0.0,30,,SW,7.1,11.0,0.0,50.4,,"DesertAire, Grant County",330030,DesertAire,2020-12-16 06:40:39.661069
2012-03-13,18:00,42.5,24.2,48.1,0.0,13,,SW,7.8,11.7,0.0,50.5,,"DesertAire, Grant County",330030,DesertAire,2020-12-16 06:40:39.661069
2012-03-13,18:15,42.4,24.7,49.3,0.0,3,,SW,8.9,13.5,0.0,50.5,,"DesertAire, Grant County",330030,DesertAire,2020-12-16 06:40:39.661069
2012-03-13,18:30,42.1,25.4,51.2,0.0,0,,SW,8.2,12.1,0.0,50.6,,"DesertAire, Grant County",330030,DesertAire,2020-12-16 06:40:39.661069
2012-03-13,18:45,41.6,25.7,52.9,0.0,0,,W,7.5,11.7,0.0,50.6,,"DesertAire, Grant County",330030,DesertAire,2020-12-16 06:40:39.661069
2012-03-13,19:00,41.5,25.1,51.8,0.0,0,,W,8.5,12.8,0.0,50.6,,"DesertAire, Grant County",330030,DesertAire,2020-12-16 06:40:39.661069
2012-03-13,19:15,41.2,25.1,52.4,0.0,0,,SW,8.3,14.6,0.0,50.6,,"DesertAire, Grant County",330030,DesertAire,2020-12-16 06:40:39.661069
2012-03-13,19:30,40.9,24.8,52.4,0.0,0,,W,7.6,12.8,0.0,50.5,,"DesertAire, Grant County",330030,DesertAire,2020-12-16 06:40:39.661069
2012-03-13,19:45,41.0,24.5,51.6,0.0,0,,W,6.4,12.4,0.0,50.5,,"DesertAire, Grant County",330030,DesertAire,2020-12-16 06:40:39.661069
2012-03-13,20:00,40.3,24.4,52.7,0.0,0,,W,6.8,12.4,0.0,50.4,,"DesertAire, Grant County",330030,DesertAire,2020-12-16 06:40:39.661069
2012-03-13,20:15,39.3,24.2,54.4,0.0,0,,NW,4.0,6.4,0.0,50.4,,"DesertAire, Grant County",330030,DesertAire,2020-12-16 06:40:39.661069
2012-03-13,20:30,37.5,23.7,57.0,0.0,0,,NW,4.6,8.2,0.0,50.3,,"DesertAire, Grant County",330030,DesertAire,2020-12-16 06:40:39.661069
2012-03-13,20:45,37.5,23.6,56.7,0.0,0,,N ,5.9,9.2,0.0,50.2,,"DesertAire, Grant County",330030,DesertAire,2020-12-16 06:40:39.661069
2012-03-13,21:00,38.1,23.1,54.3,0.0,0,,N ,5.3,10.3,0.0,50.1,,"DesertAire, Grant County",330030,DesertAire,2020-12-16 06:40:39.661069
2012-03-13,21:15,37.6,22.3,53.7,0.0,0,,W,3.5,7.4,0.0,50.0,,"DesertAire, Grant County",330030,DesertAire,2020-12-16 06:40:39.661069
2012-03-13,21:30,38.7,20.8,48.4,0.0,0,,W,6.4,12.4,0.0,49.9,,"DesertAire, Grant County",330030,DesertAire,2020-12-16 06:40:39.661069
2012-03-13,21:45,38.3,20.7,48.7,0.0,0,,NW,4.4,8.9,0.0,49.8,,"DesertAire, Grant County",330030,DesertAire,2020-12-16 06:40:39.661069
2012-03-13,22:00,36.8,21.4,53.2,0.0,0,,NW,6.0,10.3,0.0,49.7,,"DesertAire, Grant County",330030,DesertAire,2020-12-16 06:40:39.661069
2012-03-13,22:15,37.1,21.8,53.6,0.0,0,,NW,8.0,11.0,0.0,49.6,,"DesertAire, Grant County",330030,DesertAire,2020-12-16 06:40:39.661069
2012-03-13,22:30,37.3,21.6,52.6,0.0,0,,NW,7.8,12.4,0.0,49.5,,"DesertAire, Grant County",330030,DesertAire,2020-12-16 06:40:39.661069
2012-03-13,22:45,36.6,21.1,53.0,0.0,0,,NW,5.4,8.5,0.0,49.3,,"DesertAire, Grant County",330030,DesertAire,2020-12-16 06:40:39.661069
2012-03-13,23:00,34.6,21.2,57.7,0.0,0,,N,5.0,8.2,0.0,49.2,,"DesertAire, Grant County",330030,DesertAire,2020-12-16 06:40:39.661069
2012-03-14,23:15,33.9,21.5,60.2,0.0,0,,N,3.7,6.0,0.0,49.1,,"DesertAire, Grant County",330030,DesertAire,2020-12-16 06:40:39.661069
2012-03-14,23:30,34.0,21.5,59.8,0.0,0,,NE,2.6,4.6,0.0,48.9,,"DesertAire, Grant County",330030,DesertAire,2020-12-16 06:40:39.661069
2012-03-14,23:45,33.9,21.5,60.1,0.0,0,,N ,3.9,5.3,0.0,48.8,,"DesertAire, Grant County",330030,DesertAire,2020-12-16 06:40:39.661069
2012-03-14,24:00,34.2,21.3,58.8,0.0,0,,N ,3.3,5.3,0.0,48.7,,"DesertAire, Grant County",330030,DesertAire,2020-12-16 06:40:39.661069
2012-03-14,00:15,33.7,21.2,59.9,0.0,0,,E,2.9,4.6,0.0,48.5,,"DesertAire, Grant County",330030,DesertAire,2020-12-16 06:40:39.661069
2012-03-14,00:30,33.5,21.1,60.0,0.0,0,,E,2.8,6.0,0.0,48.4,,"DesertAire, Grant County",330030,DesertAire,2020-12-16 06:40:39.661069
2012-03-14,00:45,32.1,20.9,63.0,0.0,0,,SE,2.7,5.7,0.0,48.3,,"DesertAire, Grant County",330030,DesertAire,2020-12-16 06:40:39.661069
2012-03-14,01:00,31.7,21.2,65.1,0.0,0,,E,4.1,6.4,0.0,48.1,,"DesertAire, Grant County",330030,DesertAire,2020-12-16 06:40:39.661069
2012-03-14,01:15,31.3,21.1,66.1,0.0,0,,SE,2.0,5.3,0.0,48.0,,"DesertAire, Grant County",330030,DesertAire,2020-12-16 06:40:39.661069
2012-03-14,01:30,31.3,21.4,67.0,0.0,0,,E,4.1,6.0,0.0,47.9,,"DesertAire, Grant County",330030,DesertAire,2020-12-16 06:40:39.661069
2012-03-14,01:45,31.7,21.5,65.9,0.0,0,,E,4.3,6.0,0.0,47.7,,"DesertAire, Grant County",330030,DesertAire,2020-12-16 06:40:39.661069
2012-03-14,02:00,32.0,21.4,64.4,0.0,0,,SE,3.9,6.7,0.0,47.6,,"DesertAire, Grant County",330030,DesertAire,2020-12-16 06:40:39.661069
2012-03-14,02:15,32.1,21.6,64.9,0.0,0,,SW,2.8,4.9,0.0,47.5,,"DesertAire, Grant County",330030,DesertAire,2020-12-16 06:40:39.661069
2012-03-14,02:30,32.8,21.7,63.2,0.0,0,,E,2.1,3.1,0.0,47.3,,"DesertAire, Grant County",330030,DesertAire,2020-12-16 06:40:39.661069
2012-03-14,02:45,31.9,21.6,65.6,0.0,0,,SE,1.8,3.1,0.0,47.2,,"DesertAire, Grant County",330030,DesertAire,2020-12-16 06:40:39.661069
2012-03-14,03:00,31.8,21.5,65.8,0.0,0,,NE,2.5,3.9,0.0,47.1,,"DesertAire, Grant County",330030,DesertAire,2020-12-16 06:40:39.661069
2012-03-14,03:15,32.1,22.1,66.1,0.0,0,,SE,1.5,2.8,0.0,46.9,,"DesertAire, Grant County",330030,DesertAire,2020-12-16 06:40:39.661069
2012-03-14,03:30,32.1,22.1,66.1,0.0,0,,SW,2.4,3.9,0.0,46.8,,"DesertAire, Grant County",330030,DesertAire,2020-12-16 06:40:39.661069
2012-03-14,03:45,31.7,21.8,66.8,0.0,0,,SE,1.2,2.8,0.0,46.7,,"DesertAire, Grant County",330030,DesertAire,2020-12-16 06:40:39.661069
2012-03-14,04:00,31.9,21.9,66.4,0.0,0,,E,1.9,4.2,0.0,46.6,,"DesertAire, Grant County",330030,DesertAire,2020-12-16 06:40:39.661069
2012-03-14,04:15,32.1,22.2,66.4,0.0,0,,NE,2.3,4.2,0.0,46.5,,"DesertAire, Grant County",330030,DesertAire,2020-12-16 06:40:39.661069
2012-03-14,04:30,33.3,21.9,62.8,0.0,0,,SE,3.5,5.7,0.0,46.4,,"DesertAire, Grant County",330030,DesertAire,2020-12-16 06:40:39.661069
2012-03-14,04:45,32.5,21.7,64.2,0.0,0,,SE,2.5,4.6,0.0,46.2,,"DesertAire, Grant County",330030,DesertAire,2020-12-16 06:40:39.661069
2012-03-14,05:00,32.2,21.5,64.0,0.0,0,,E,2.0,4.9,0.0,46.1,,"DesertAire, Grant County",330030,DesertAire,2020-12-16 06:40:39.661069
2012-03-14,05:15,32.6,21.5,63.2,0.0,0,,S,2.1,2.8,0.0,46.0,,"DesertAire, Grant County",330030,DesertAire,2020-12-16 06:40:39.661069
2012-03-14,05:30,32.2,21.7,64.7,0.0,0,,S,1.6,3.1,0.0,45.9,,"DesertAire, Grant County",330030,DesertAire,2020-12-16 06:40:39.661069
2012-03-14,05:45,31.5,21.9,67.7,0.0,0,,E,2.1,3.1,0.0,45.8,,"DesertAire, Grant County",330030,DesertAire,2020-12-16 06:40:39.661069
2012-03-14,06:00,31.2,22.0,69.0,0.0,0,,E,2.2,4.6,0.0,45.7,,"DesertAire, Grant County",330030,DesertAire,2020-12-16 06:40:39.661069
2012-03-14,06:15,31.3,22.2,69.3,0.0,1,,SE,1.2,3.1,0.0,45.6,,"DesertAire, Grant County",330030,DesertAire,2020-12-16 06:40:39.661069
2012-03-14,06:30,31.8,22.6,68.8,0.0,5,,SE,1.5,3.1,0.0,45.5,,"DesertAire, Grant County",330030,DesertAire,2020-12-16 06:40:39.661069
2012-03-14,06:45,32.3,22.3,66.4,0.0,14,,SE,2.0,3.5,0.0,45.4,,"DesertAire, Grant County",330030,DesertAire,2020-12-16 06:40:39.661069
2012-03-14,07:00,32.8,22.5,65.5,0.0,24,,SE,2.3,3.5,0.0,45.3,,"DesertAire, Grant County",330030,DesertAire,2020-12-16 06:40:39.661069
2012-03-14,07:15,33.1,22.7,65.1,0.0,41,,E,2.3,3.5,0.0,45.3,,"DesertAire, Grant County",330030,DesertAire,2020-12-16 06:40:39.661069
2012-03-14,07:30,33.8,22.9,63.8,0.0,64,,E,2.3,3.5,0.0,45.2,,"DesertAire, Grant County",330030,DesertAire,2020-12-16 06:40:39.661069
2012-03-14,07:45,34.8,23.4,62.6,0.0,82,,SE,2.0,3.5,0.0,45.1,,"DesertAire, Grant County",330030,DesertAire,2020-12-16 06:40:39.661069
2012-03-14,08:00,35.6,23.6,61.1,0.0,91,,SW,1.7,3.1,0.0,45.0,,"DesertAire, Grant County",330030,DesertAire,2020-12-16 06:40:39.661069
2012-03-14,08:15,36.0,24.2,61.8,0.0,102,,W,1.2,2.8,0.0,44.9,,"DesertAire, Grant County",330030,DesertAire,2020-12-16 06:40:39.661069
2012-03-14,08:30,36.1,24.5,62.3,0.0,154,,W,2.3,3.9,0.0,44.8,,"DesertAire, Grant County",330030,DesertAire,2020-12-16 06:40:39.661069
2012-03-14,08:45,36.7,24.6,61.2,0.0,217,,W,2.2,3.9,0.0,44.7,,"DesertAire, Grant County",330030,DesertAire,2020-12-16 06:40:39.661069
2012-03-14,09:00,37.4,24.8,60.0,0.0,204,,SW,2.1,3.9,0.0,44.7,,"DesertAire, Grant County",330030,DesertAire,2020-12-16 06:40:39.661069
2012-03-14,09:15,38.0,25.4,60.1,0.0,212,,W,2.7,4.2,0.0,44.6,,"DesertAire, Grant County",330030,DesertAire,2020-12-16 06:40:39.661069
2012-03-14,09:30,38.9,25.9,59.1,0.0,265,,W,3.0,4.9,0.0,44.5,,"DesertAire, Grant County",330030,DesertAire,2020-12-16 06:40:39.661069
2012-03-14,09:45,39.7,25.6,56.8,0.0,351,,SW,3.5,6.7,0.0,44.5,,"DesertAire, Grant County",330030,DesertAire,2020-12-16 06:40:39.661069
2012-03-14,10:00,40.7,26.3,56.3,0.0,375,,SW,2.8,4.9,0.0,44.5,,"DesertAire, Grant County",330030,DesertAire,2020-12-16 06:40:39.661069
2012-03-14,10:15,41.6,27.4,56.7,0.0,453,,W,3.0,5.3,0.0,44.5,,"DesertAire, Grant County",330030,DesertAire,2020-12-16 06:40:39.661069
2012-03-14,10:30,42.6,28.0,56.0,0.0,513,,W,3.8,6.7,0.0,44.5,,"DesertAire, Grant County",330030,DesertAire,2020-12-16 06:40:39.661069
2012-03-14,10:45,42.4,28.2,56.8,0.0,423,,SW,4.6,7.4,0.0,44.5,,"DesertAire, Grant County",330030,DesertAire,2020-12-16 06:40:39.661069
2012-03-14,11:00,42.9,28.7,56.9,0.0,474,,SW,4.4,6.4,0.0,44.6,,"DesertAire, Grant County",330030,DesertAire,2020-12-16 06:40:39.661069
2012-03-14,11:15,43.2,29.1,57.2,0.0,428,,W,2.9,4.6,0.0,44.6,,"DesertAire, Grant County",330030,DesertAire,2020-12-16 06:40:39.661069
2012-03-14,11:30,44.2,29.7,56.4,0.0,423,,SW,2.7,5.3,0.0,44.7,,"DesertAire, Grant County",330030,DesertAire,2020-12-16 06:40:39.661069
2012-03-14,11:45,44.8,30.4,56.9,0.0,305,,NW,4.2,6.7,0.0,44.8,,"DesertAire, Grant County",330030,DesertAire,2020-12-16 06:40:39.661069
2012-03-14,12:00,44.5,30.8,58.2,0.0,249,,NW,3.9,9.6,0.0,44.9,,"DesertAire, Grant County",330030,DesertAire,2020-12-16 06:40:39.661069
2012-03-14,12:15,44.6,31.1,58.7,0.0,258,,NW,4.9,7.8,0.0,45.0,,"DesertAire, Grant County",330030,DesertAire,2020-12-16 06:40:39.661069
2012-03-14,12:30,44.7,32.0,60.9,0.0,243,,NW,4.6,7.1,0.07,45.2,,"DesertAire, Grant County",330030,DesertAire,2020-12-16 06:40:39.661069
2012-03-14,12:45,44.8,33.4,64.1,0.0,255,,NW,4.3,6.4,0.3,45.4,,"DesertAire, Grant County",330030,DesertAire,2020-12-16 06:40:39.661069
2012-03-14,13:00,44.9,33.6,64.4,0.0,186,,NW,4.3,6.0,0.17,45.5,,"DesertAire, Grant County",330030,DesertAire,2020-12-16 06:40:39.661069
2012-03-14,13:15,44.9,34.2,66.0,0.0,213,,NW,4.1,6.4,0.53,45.7,,"DesertAire, Grant County",330030,DesertAire,2020-12-16 06:40:39.661069
2012-03-14,13:30,44.7,35.4,69.6,0.0,188,,NW,4.8,7.1,0.93,45.9,,"DesertAire, Grant County",330030,DesertAire,2020-12-16 06:40:39.661069
2012-03-14,13:45,44.6,35.3,69.6,0.0,170,,NW,3.9,6.0,0.92,46.0,,"DesertAire, Grant County",330030,DesertAire,2020-12-16 06:40:39.661069
2012-03-14,14:00,44.9,35.9,70.5,0.0,182,,N ,4.2,6.7,0.92,46.2,,"DesertAire, Grant County",330030,DesertAire,2020-12-16 06:40:39.661069
2012-03-14,14:15,45.1,35.6,69.1,0.0,197,,N,3.4,5.7,0.92,46.3,,"DesertAire, Grant County",330030,DesertAire,2020-12-16 06:40:39.661069
2012-03-14,14:30,46.1,36.0,67.8,0.0,229,,N ,3.1,5.3,0.79,46.5,,"DesertAire, Grant County",330030,DesertAire,2020-12-16 06:40:39.661069
2012-03-14,14:45,47.8,37.4,67.2,0.0,254,,E,2.6,5.7,0.56,46.6,,"DesertAire, Grant County",330030,DesertAire,2020-12-16 06:40:39.661069
2012-03-14,15:00,49.4,38.4,65.6,0.0,193,,SE,5.2,10.7,0.04,46.7,,"DesertAire, Grant County",330030,DesertAire,2020-12-16 06:40:39.661069
2012-03-14,15:15,50.0,37.9,62.8,0.0,152,,S,5.7,11.7,0.0,46.8,,"DesertAire, Grant County",330030,DesertAire,2020-12-16 06:40:39.661069
2012-03-14,15:30,50.4,37.6,61.2,0.0,155,,SE,6.0,9.6,0.0,46.9,,"DesertAire, Grant County",330030,DesertAire,2020-12-16 06:40:39.661069
2012-03-14,15:45,51.3,37.8,59.8,0.0,146,,S,3.8,7.4,0.0,47.0,,"DesertAire, Grant County",330030,DesertAire,2020-12-16 06:40:39.661069
2012-03-14,16:00,51.7,37.4,57.9,0.0,109,,S,4.2,7.4,0.0,47.1,,"DesertAire, Grant County",330030,DesertAire,2020-12-16 06:40:39.661069
2012-03-14,16:15,52.3,37.3,56.5,0.0,151,,S,4.1,9.9,0.0,47.2,,"DesertAire, Grant County",330030,DesertAire,2020-12-16 06:40:39.661069
2012-03-14,16:30,52.7,37.3,55.5,0.0,110,,S,4.8,9.2,0.0,47.3,,"DesertAire, Grant County",330030,DesertAire,2020-12-16 06:40:39.661069
2012-03-14,16:45,53.1,37.4,55.1,0.0,155,,S,4.6,8.2,0.0,47.4,,"DesertAire, Grant County",330030,DesertAire,2020-12-16 06:40:39.661069
2012-03-14,17:00,53.9,37.7,54.0,0.0,199,,S,4.7,8.9,0.0,47.5,,"DesertAire, Grant County",330030,DesertAire,2020-12-16 06:40:39.661069
2012-03-14,17:15,54.1,37.8,53.8,0.0,172,,S,5.2,8.5,0.0,47.6,,"DesertAire, Grant County",330030,DesertAire,2020-12-16 06:40:39.661069
2012-03-14,17:30,53.2,37.4,54.8,0.0,89,,S,5.1,8.2,0.0,47.6,,"DesertAire, Grant County",330030,DesertAire,2020-12-16 06:40:39.661069
2012-03-14,17:45,52.5,37.3,56.1,0.0,40,,S,4.4,7.1,0.0,47.7,,"DesertAire, Grant County",330030,DesertAire,2020-12-16 06:40:39.661069
2012-03-14,18:00,52.0,37.3,57.1,0.0,9,,S,3.8,7.8,0.0,47.8,,"DesertAire, Grant County",330030,DesertAire,2020-12-16 06:40:39.661069
2012-03-14,18:15,51.6,37.4,58.1,0.0,2,,S,3.5,6.0,0.0,47.9,,"DesertAire, Grant County",330030,DesertAire,2020-12-16 06:40:39.661069
2012-03-14,18:30,51.0,37.3,59.1,0.0,0,,S,3.5,5.7,0.0,47.9,,"DesertAire, Grant County",330030,DesertAire,2020-12-16 06:40:39.661069
2012-03-14,18:45,50.5,37.2,60.1,0.0,0,,S,2.9,4.2,0.0,48.0,,"DesertAire, Grant County",330030,DesertAire,2020-12-16 06:40:39.661069
2012-03-14,19:00,50.3,37.1,60.4,0.0,0,,S,2.7,4.2,0.0,48.1,,"DesertAire, Grant County",330030,DesertAire,2020-12-16 06:40:39.661069
2012-03-14,19:15,50.5,37.1,59.8,0.0,0,,SE,2.0,3.5,0.0,48.1,,"DesertAire, Grant County",330030,DesertAire,2020-12-16 06:40:39.661069
2012-03-14,19:30,50.6,37.0,59.5,0.0,0,,E,1.1,3.5,0.0,48.2,,"DesertAire, Grant County",330030,DesertAire,2020-12-16 06:40:39.661069
2012-03-14,19:45,50.8,37.0,59.1,0.0,0,,E,1.8,3.5,0.0,48.2,,"DesertAire, Grant County",330030,DesertAire,2020-12-16 06:40:39.661069
2012-03-14,20:00,49.8,37.1,61.6,0.0,0,,E,3.0,3.9,0.0,48.2,,"DesertAire, Grant County",330030,DesertAire,2020-12-16 06:40:39.661069
2012-03-14,20:15,50.0,37.4,61.7,0.0,0,,E,3.6,4.9,0.0,48.3,,"DesertAire, Grant County",330030,DesertAire,2020-12-16 06:40:39.661069
2012-03-14,20:30,50.6,37.5,60.6,0.0,0,,E,3.9,7.4,0.0,48.3,,"DesertAire, Grant County",330030,DesertAire,2020-12-16 06:40:39.661069
2012-03-14,20:45,51.5,37.6,58.9,0.0,0,,SE,4.4,6.7,0.0,48.3,,"DesertAire, Grant County",330030,DesertAire,2020-12-16 06:40:39.661069
2012-03-14,21:00,51.2,37.9,60.1,0.0,0,,SE,3.7,6.0,0.0,48.3,,"DesertAire, Grant County",330030,DesertAire,2020-12-16 06:40:39.661069
2012-03-14,21:15,50.7,37.9,61.5,0.0,0,,E,2.7,4.6,0.0,48.3,,"DesertAire, Grant County",330030,DesertAire,2020-12-16 06:40:39.661069
2012-03-14,21:30,48.2,37.1,65.2,0.0,0,,N,3.5,7.1,0.0,48.3,,"DesertAire, Grant County",330030,DesertAire,2020-12-16 06:40:39.661069
2012-03-14,21:45,43.9,36.0,73.4,0.0,0,,N ,1.7,4.2,0.0,48.3,,"DesertAire, Grant County",330030,DesertAire,2020-12-16 06:40:39.661069
2012-03-14,22:00,43.7,35.9,73.9,0.0,0,,N,2.9,5.7,0.0,48.3,,"DesertAire, Grant County",330030,DesertAire,2020-12-16 06:40:39.661069
2012-03-14,22:15,42.4,35.7,76.9,0.0,0,,N ,3.1,4.6,0.0,48.2,,"DesertAire, Grant County",330030,DesertAire,2020-12-16 06:40:39.661069
2012-03-14,22:30,42.8,35.9,76.5,0.0,0,,NW,2.3,4.2,0.0,48.2,,"DesertAire, Grant County",330030,DesertAire,2020-12-16 06:40:39.661069
2012-03-14,22:45,42.3,35.9,77.9,0.0,0,,N,3.1,6.4,0.0,48.2,,"DesertAire, Grant County",330030,DesertAire,2020-12-16 06:40:39.661069
2012-03-14,23:00,41.9,35.7,78.6,0.0,0,,NW,2.3,3.9,0.0,48.2,,"DesertAire, Grant County",330030,DesertAire,2020-12-16 06:40:39.661069
2012-03-15,23:15,41.8,35.7,78.9,0.0,0,,N,2.6,4.6,0.0,48.2,,"DesertAire, Grant County",330030,DesertAire,2020-12-16 06:40:39.661069
2012-03-15,23:30,41.9,35.8,78.5,0.0,0,,N ,3.3,5.7,0.0,48.1,,"DesertAire, Grant County",330030,DesertAire,2020-12-16 06:40:39.661069
2012-03-15,23:45,41.8,35.7,78.7,0.0,0,,NW,2.8,4.6,0.0,48.1,,"DesertAire, Grant County",330030,DesertAire,2020-12-16 06:40:39.661069
2012-03-15,24:00,41.1,35.4,79.9,0.0,0,,NW,2.5,4.2,0.0,48.1,,"DesertAire, Grant County",330030,DesertAire,2020-12-16 06:40:39.661069
