Date,Time PST,Air Temp °F, 2<sup>nd</sup> Air Temp °F, Dew Point °F, Rel Hum %, Leaf Wet u., Wind Dir @ Speed mph, Wind Gust mph, 8 in. Soil Tmp °F, Tot Prec in, Solar Rad W/m²,Location,Station ID,Station Name,Download Timestamp
2012-08-30,00:15,54.2,54.1,44.2,69.0,0.0,N@3.5,4.6,80.9,0.0,0,"McNary, Benton County",100031,McNary,2017-12-10 16:40:16.246845
2012-08-30,00:30,53.7,53.6,43.7,68.9,0.0,N@3.3,3.9,80.8,0.0,0,"McNary, Benton County",100031,McNary,2017-12-10 16:40:16.246845
2012-08-30,00:45,53.8,53.7,44.4,70.2,0.0,N@3.7,4.9,80.8,0.0,0,"McNary, Benton County",100031,McNary,2017-12-10 16:40:16.246845
2012-08-30,01:00,53.5,53.3,44.6,71.7,0.0,N@4.2,4.9,80.7,0.0,0,"McNary, Benton County",100031,McNary,2017-12-10 16:40:16.246845
2012-08-30,01:15,52.9,52.8,44.7,73.5,0.0,N@4.0,4.9,80.6,0.0,0,"McNary, Benton County",100031,McNary,2017-12-10 16:40:16.246845
2012-08-30,01:30,52.8,52.6,44.7,73.9,0.0,N@3.7,4.6,80.6,0.0,0,"McNary, Benton County",100031,McNary,2017-12-10 16:40:16.246845
2012-08-30,01:45,52.6,52.3,44.6,73.9,0.0,N@3.4,4.6,80.5,0.0,0,"McNary, Benton County",100031,McNary,2017-12-10 16:40:16.246845
2012-08-30,02:00,51.4,51.3,43.7,74.7,0.0,N@3.1,3.9,80.4,0.0,0,"McNary, Benton County",100031,McNary,2017-12-10 16:40:16.246845
2012-08-30,02:15,51.8,51.8,44.0,74.7,0.0,N@3.4,3.9,80.3,0.0,0,"McNary, Benton County",100031,McNary,2017-12-10 16:40:16.246845
2012-08-30,02:30,51.8,51.6,44.2,75.3,0.0,N@3.5,4.2,80.2,0.0,0,"McNary, Benton County",100031,McNary,2017-12-10 16:40:16.246845
2012-08-30,02:45,51.5,51.3,44.3,76.4,0.0,N@3.5,4.6,80.1,0.0,0,"McNary, Benton County",100031,McNary,2017-12-10 16:40:16.246845
2012-08-30,03:00,50.6,50.3,43.6,76.8,0.0,N@3.7,4.2,80.1,0.0,0,"McNary, Benton County",100031,McNary,2017-12-10 16:40:16.246845
2012-08-30,03:15,50.4,50.3,43.4,76.9,0.0,N@3.3,4.2,80.0,0.0,0,"McNary, Benton County",100031,McNary,2017-12-10 16:40:16.246845
2012-08-30,03:30,50.7,50.6,43.4,75.8,0.0,N@3.6,4.2,79.9,0.0,0,"McNary, Benton County",100031,McNary,2017-12-10 16:40:16.246845
2012-08-30,03:45,50.3,50.2,43.5,77.5,0.0,N@3.8,4.9,79.8,0.0,0,"McNary, Benton County",100031,McNary,2017-12-10 16:40:16.246845
2012-08-30,04:00,50.6,50.4,43.7,77.1,0.0,N@4.2,5.3,79.7,0.0,0,"McNary, Benton County",100031,McNary,2017-12-10 16:40:16.246845
2012-08-30,04:15,49.9,49.8,43.6,78.7,0.0,NW@4.6,5.7,79.6,0.0,0,"McNary, Benton County",100031,McNary,2017-12-10 16:40:16.246845
2012-08-30,04:30,49.5,49.3,43.7,80.5,0.0,N@3.9,4.9,79.5,0.0,0,"McNary, Benton County",100031,McNary,2017-12-10 16:40:16.246845
2012-08-30,04:45,47.8,47.5,42.3,81.2,0.01,N@2.9,3.5,79.4,0.0,0,"McNary, Benton County",100031,McNary,2017-12-10 16:40:16.246845
2012-08-30,05:00,49.7,50.0,44.0,80.6,0.01,N@2.6,3.5,79.3,0.0,1,"McNary, Benton County",100031,McNary,2017-12-10 16:40:16.246845
2012-08-30,05:15,48.2,48.0,42.3,79.9,0.01,N@3.6,4.6,79.2,0.0,3,"McNary, Benton County",100031,McNary,2017-12-10 16:40:16.246845
2012-08-30,05:30,48.6,48.6,43.7,83.1,0.01,N@3.6,4.6,79.1,0.0,15,"McNary, Benton County",100031,McNary,2017-12-10 16:40:16.246845
2012-08-30,05:45,49.5,49.5,44.1,81.6,0.01,N@3.3,4.6,79.0,0.0,50,"McNary, Benton County",100031,McNary,2017-12-10 16:40:16.246845
2012-08-30,06:00,50.7,51.0,44.5,79.1,0.0,N@2.8,4.2,78.9,0.0,89,"McNary, Benton County",100031,McNary,2017-12-10 16:40:16.246845
2012-08-30,06:15,52.7,53.2,44.8,74.5,0.0,S@0.0,1.4,78.8,0.0,130,"McNary, Benton County",100031,McNary,2017-12-10 16:40:16.246845
2012-08-30,06:30,55.4,57.0,45.9,70.4,0.0,E@0.4,1.7,78.7,0.0,175,"McNary, Benton County",100031,McNary,2017-12-10 16:40:16.246845
2012-08-30,06:45,57.4,58.5,46.5,66.8,0.0,SE@1.0,2.1,78.5,0.0,220,"McNary, Benton County",100031,McNary,2017-12-10 16:40:16.246845
2012-08-30,07:00,59.1,59.3,47.4,64.9,0.0,E@2.2,3.5,78.4,0.0,267,"McNary, Benton County",100031,McNary,2017-12-10 16:40:16.246845
2012-08-30,07:15,59.4,59.4,47.6,64.8,0.0,SE@2.7,4.2,78.3,0.0,313,"McNary, Benton County",100031,McNary,2017-12-10 16:40:16.246845
2012-08-30,07:30,60.1,59.9,46.6,60.8,0.0,SE@3.4,4.6,78.2,0.0,359,"McNary, Benton County",100031,McNary,2017-12-10 16:40:16.246845
2012-08-30,07:45,60.9,60.7,46.0,58.0,0.0,SE@3.2,5.3,78.1,0.0,406,"McNary, Benton County",100031,McNary,2017-12-10 16:40:16.246845
2012-08-30,08:00,61.8,61.5,46.2,56.6,0.0,SE@3.6,5.7,78.0,0.0,449,"McNary, Benton County",100031,McNary,2017-12-10 16:40:16.246845
2012-08-30,08:15,62.5,62.3,45.8,54.1,0.0,SE@4.0,6.0,77.8,0.0,494,"McNary, Benton County",100031,McNary,2017-12-10 16:40:16.246845
2012-08-30,08:30,63.1,62.7,46.0,53.6,0.0,SE@4.0,6.4,77.7,0.0,535,"McNary, Benton County",100031,McNary,2017-12-10 16:40:16.246845
2012-08-30,08:45,64.4,64.3,46.2,51.6,0.0,SE@3.6,6.0,77.6,0.0,575,"McNary, Benton County",100031,McNary,2017-12-10 16:40:16.246845
2012-08-30,09:00,65.0,64.9,46.4,50.8,0.0,S@3.6,5.7,77.5,0.0,611,"McNary, Benton County",100031,McNary,2017-12-10 16:40:16.246845
2012-08-30,09:15,66.5,66.4,46.9,49.3,0.0,S@3.5,6.7,77.4,0.0,648,"McNary, Benton County",100031,McNary,2017-12-10 16:40:16.246845
2012-08-30,09:30,67.0,66.7,46.9,48.3,0.0,S@3.3,5.3,77.3,0.0,682,"McNary, Benton County",100031,McNary,2017-12-10 16:40:16.246845
2012-08-30,09:45,68.1,68.0,47.7,48.0,0.0,W@3.0,6.0,77.2,0.0,711,"McNary, Benton County",100031,McNary,2017-12-10 16:40:16.246845
2012-08-30,10:00,70.0,69.7,47.3,44.4,0.0,SE@3.9,8.5,77.1,0.0,736,"McNary, Benton County",100031,McNary,2017-12-10 16:40:16.246845
2012-08-30,10:15,71.2,70.8,47.4,42.7,0.0,SE@3.9,6.7,77.1,0.0,762,"McNary, Benton County",100031,McNary,2017-12-10 16:40:16.246845
2012-08-30,10:30,71.2,70.8,47.4,42.6,0.0,S@4.1,7.4,77.0,0.0,784,"McNary, Benton County",100031,McNary,2017-12-10 16:40:16.246845
2012-08-30,10:45,72.7,72.3,47.2,40.3,0.0,S@4.4,6.7,76.9,0.0,803,"McNary, Benton County",100031,McNary,2017-12-10 16:40:16.246845
2012-08-30,11:00,73.2,72.7,47.0,39.4,0.0,S@3.9,8.5,76.9,0.0,817,"McNary, Benton County",100031,McNary,2017-12-10 16:40:16.246845
2012-08-30,11:15,74.7,74.1,47.0,37.4,0.0,S@3.8,6.0,76.8,0.0,827,"McNary, Benton County",100031,McNary,2017-12-10 16:40:16.246845
2012-08-30,11:30,74.8,74.4,46.5,36.6,0.0,S@4.2,7.8,76.8,0.0,835,"McNary, Benton County",100031,McNary,2017-12-10 16:40:16.246845
2012-08-30,11:45,76.1,75.7,45.9,34.2,0.0,SE@3.3,5.7,76.8,0.0,839,"McNary, Benton County",100031,McNary,2017-12-10 16:40:16.246845
2012-08-30,12:00,77.3,77.0,48.1,35.7,0.0,SW@3.5,5.3,76.8,0.0,834,"McNary, Benton County",100031,McNary,2017-12-10 16:40:16.246845
2012-08-30,12:15,77.6,77.5,48.3,35.7,0.0,SW@3.6,8.9,76.8,0.0,834,"McNary, Benton County",100031,McNary,2017-12-10 16:40:16.246845
2012-08-30,12:30,78.8,77.9,46.2,31.7,0.0,SE@4.7,8.2,76.8,0.0,830,"McNary, Benton County",100031,McNary,2017-12-10 16:40:16.246845
2012-08-30,12:45,78.4,77.9,46.1,31.9,0.0,S@2.9,4.9,76.8,0.0,819,"McNary, Benton County",100031,McNary,2017-12-10 16:40:16.246845
2012-08-30,13:00,78.8,78.4,47.9,33.7,0.0,SW@3.5,7.4,76.9,0.0,805,"McNary, Benton County",100031,McNary,2017-12-10 16:40:16.246845
2012-08-30,13:15,79.8,79.3,45.5,29.9,0.0,SE@3.7,8.2,76.9,0.0,789,"McNary, Benton County",100031,McNary,2017-12-10 16:40:16.246845
2012-08-30,13:30,80.2,79.9,47.3,31.6,0.0,W@2.9,6.0,77.0,0.0,768,"McNary, Benton County",100031,McNary,2017-12-10 16:40:16.246845
2012-08-30,13:45,82.5,81.7,44.9,26.6,0.0,NE@2.8,5.7,77.1,0.0,742,"McNary, Benton County",100031,McNary,2017-12-10 16:40:16.246845
2012-08-30,14:00,82.4,81.8,45.6,27.6,0.0,SW@2.6,6.7,77.2,0.0,718,"McNary, Benton County",100031,McNary,2017-12-10 16:40:16.246845
2012-08-30,14:15,82.8,82.1,46.3,28.0,0.0,SW@2.9,5.7,77.3,0.0,688,"McNary, Benton County",100031,McNary,2017-12-10 16:40:16.246845
2012-08-30,14:30,83.0,82.5,46.1,27.5,0.0,SW@2.8,7.1,77.4,0.0,659,"McNary, Benton County",100031,McNary,2017-12-10 16:40:16.246845
2012-08-30,14:45,83.3,82.8,43.4,24.5,0.0,SW@2.7,4.2,77.5,0.0,625,"McNary, Benton County",100031,McNary,2017-12-10 16:40:16.246845
2012-08-30,15:00,82.9,82.3,44.6,26.1,0.0,S@4.5,7.8,77.6,0.0,593,"McNary, Benton County",100031,McNary,2017-12-10 16:40:16.246845
2012-08-30,15:15,83.1,82.4,44.6,25.9,0.0,S@3.9,10.3,77.7,0.0,555,"McNary, Benton County",100031,McNary,2017-12-10 16:40:16.246845
2012-08-30,15:30,82.6,81.9,44.9,26.7,0.0,S@5.3,8.9,77.9,0.0,515,"McNary, Benton County",100031,McNary,2017-12-10 16:40:16.246845
2012-08-30,15:45,82.6,82.0,45.2,26.9,0.0,S@5.7,7.4,78.0,0.0,474,"McNary, Benton County",100031,McNary,2017-12-10 16:40:16.246845
2012-08-30,16:00,83.0,82.4,44.5,25.8,0.0,S@5.5,8.2,78.2,0.0,431,"McNary, Benton County",100031,McNary,2017-12-10 16:40:16.246845
2012-08-30,16:15,83.0,82.4,45.1,26.4,0.0,S@5.2,7.4,78.3,0.0,387,"McNary, Benton County",100031,McNary,2017-12-10 16:40:16.246845
2012-08-30,16:30,82.6,82.0,45.6,27.3,0.0,S@4.8,6.7,78.5,0.0,342,"McNary, Benton County",100031,McNary,2017-12-10 16:40:16.246845
2012-08-30,16:45,81.8,81.3,46.4,28.9,0.0,SE@3.7,5.7,78.6,0.0,297,"McNary, Benton County",100031,McNary,2017-12-10 16:40:16.246845
2012-08-30,17:00,81.4,80.9,46.6,29.5,0.0,S@3.5,4.9,78.8,0.0,253,"McNary, Benton County",100031,McNary,2017-12-10 16:40:16.246845
2012-08-30,17:15,80.9,80.3,45.9,29.3,0.0,SE@3.3,4.6,78.9,0.0,209,"McNary, Benton County",100031,McNary,2017-12-10 16:40:16.246845
2012-08-30,17:30,80.6,80.2,44.8,28.3,0.0,S@2.8,4.9,79.1,0.0,165,"McNary, Benton County",100031,McNary,2017-12-10 16:40:16.246845
2012-08-30,17:45,80.3,79.9,46.9,30.9,0.0,S@1.8,3.1,79.2,0.0,125,"McNary, Benton County",100031,McNary,2017-12-10 16:40:16.246845
2012-08-30,18:00,80.0,79.7,45.1,29.2,0.0,SW@2.3,3.1,79.4,0.0,91,"McNary, Benton County",100031,McNary,2017-12-10 16:40:16.246845
2012-08-30,18:15,78.9,78.4,45.1,30.3,0.0,SW@2.3,2.8,79.5,0.0,58,"McNary, Benton County",100031,McNary,2017-12-10 16:40:16.246845
2012-08-30,18:30,76.3,75.0,45.8,33.8,0.0,W@2.7,4.6,79.6,0.0,25,"McNary, Benton County",100031,McNary,2017-12-10 16:40:16.246845
2012-08-30,18:45,69.9,69.7,47.1,44.1,0.0,N@3.6,4.6,79.7,0.0,5,"McNary, Benton County",100031,McNary,2017-12-10 16:40:16.246845
2012-08-30,19:00,68.4,68.2,47.3,46.8,0.0,N@3.7,4.6,79.9,0.0,2,"McNary, Benton County",100031,McNary,2017-12-10 16:40:16.246845
2012-08-30,19:15,66.2,66.3,47.4,50.6,0.0,NW@4.1,6.0,80.0,0.0,1,"McNary, Benton County",100031,McNary,2017-12-10 16:40:16.246845
2012-08-30,19:30,64.7,64.6,45.2,49.1,0.0,NW@5.4,7.4,80.1,0.0,0,"McNary, Benton County",100031,McNary,2017-12-10 16:40:16.246845
2012-08-30,19:45,63.8,63.8,44.8,49.9,0.0,NW@6.0,8.2,80.2,0.0,0,"McNary, Benton County",100031,McNary,2017-12-10 16:40:16.246845
2012-08-30,20:00,63.0,62.8,43.2,48.3,0.0,N@6.3,8.9,80.3,0.0,0,"McNary, Benton County",100031,McNary,2017-12-10 16:40:16.246845
2012-08-30,20:15,62.3,62.1,42.6,48.4,0.0,N@5.9,8.5,80.4,0.0,0,"McNary, Benton County",100031,McNary,2017-12-10 16:40:16.246845
2012-08-30,20:30,62.7,62.6,40.9,44.8,0.0,N@7.3,8.9,80.4,0.0,0,"McNary, Benton County",100031,McNary,2017-12-10 16:40:16.246845
2012-08-30,20:45,62.4,62.3,40.7,44.8,0.0,N@7.3,9.6,80.5,0.0,0,"McNary, Benton County",100031,McNary,2017-12-10 16:40:16.246845
2012-08-30,21:00,61.8,61.7,40.0,44.6,0.0,N@6.8,8.9,80.6,0.0,0,"McNary, Benton County",100031,McNary,2017-12-10 16:40:16.246845
2012-08-30,21:15,61.9,61.9,40.2,44.7,0.0,NW@6.4,8.2,80.6,0.0,0,"McNary, Benton County",100031,McNary,2017-12-10 16:40:16.246845
2012-08-30,21:30,61.8,61.7,40.7,45.8,0.0,N@6.0,7.8,80.6,0.0,0,"McNary, Benton County",100031,McNary,2017-12-10 16:40:16.246845
2012-08-30,21:45,60.8,60.4,40.0,46.2,0.0,N@5.1,7.8,80.7,0.0,0,"McNary, Benton County",100031,McNary,2017-12-10 16:40:16.246845
2012-08-30,22:00,58.5,58.6,40.6,51.2,0.0,W@3.7,6.4,80.7,0.0,0,"McNary, Benton County",100031,McNary,2017-12-10 16:40:16.246845
2012-08-30,22:15,59.1,58.7,43.4,55.9,0.0,NW@2.9,4.9,80.7,0.0,0,"McNary, Benton County",100031,McNary,2017-12-10 16:40:16.246845
2012-08-30,22:30,59.0,59.8,42.8,54.8,0.0,N@3.4,4.2,80.7,0.0,0,"McNary, Benton County",100031,McNary,2017-12-10 16:40:16.246845
2012-08-30,22:45,59.1,59.2,42.6,54.3,0.0,N@3.2,4.2,80.7,0.0,0,"McNary, Benton County",100031,McNary,2017-12-10 16:40:16.246845
2012-08-30,23:00,59.1,59.2,43.9,56.9,0.0,N@3.1,3.9,80.7,0.0,0,"McNary, Benton County",100031,McNary,2017-12-10 16:40:16.246845
2012-08-31,23:15,58.8,58.7,45.2,60.5,0.0,N@3.6,4.6,80.7,0.0,0,"McNary, Benton County",100031,McNary,2017-12-10 16:40:16.246845
2012-08-31,23:30,56.8,56.7,45.9,66.8,0.0,NW@4.0,4.6,80.7,0.0,0,"McNary, Benton County",100031,McNary,2017-12-10 16:40:16.246845
2012-08-31,23:45,56.0,55.6,46.3,69.9,0.0,NW@1.6,3.1,80.6,0.0,0,"McNary, Benton County",100031,McNary,2017-12-10 16:40:16.246845
2012-08-31,24:00,55.0,54.5,46.9,74.2,0.01,N@2.1,3.9,80.6,0.0,0,"McNary, Benton County",100031,McNary,2017-12-10 16:40:16.246845
2012-08-31,00:15,56.8,56.4,47.1,70.0,0.0,N@2.0,3.9,80.6,0.0,0,"McNary, Benton County",100031,McNary,2017-12-10 16:40:16.246845
2012-08-31,00:30,55.5,55.4,47.0,72.8,0.0,NW@2.9,4.2,80.5,0.0,0,"McNary, Benton County",100031,McNary,2017-12-10 16:40:16.246845
2012-08-31,00:45,55.6,55.6,46.0,69.9,0.0,NW@4.4,4.9,80.5,0.0,0,"McNary, Benton County",100031,McNary,2017-12-10 16:40:16.246845
2012-08-31,01:00,55.4,55.4,44.9,67.6,0.0,N@5.2,6.4,80.4,0.0,0,"McNary, Benton County",100031,McNary,2017-12-10 16:40:16.246845
2012-08-31,01:15,53.8,53.6,44.1,69.5,0.0,W@2.8,4.6,80.4,0.0,0,"McNary, Benton County",100031,McNary,2017-12-10 16:40:16.246845
2012-08-31,01:30,55.3,55.6,45.4,69.2,0.0,SW@1.3,2.8,80.3,0.0,0,"McNary, Benton County",100031,McNary,2017-12-10 16:40:16.246845
2012-08-31,01:45,55.6,55.2,46.5,71.2,0.0,N@1.8,3.1,80.2,0.0,0,"McNary, Benton County",100031,McNary,2017-12-10 16:40:16.246845
2012-08-31,02:00,52.9,52.7,44.2,72.0,0.0,N@3.0,3.5,80.2,0.0,0,"McNary, Benton County",100031,McNary,2017-12-10 16:40:16.246845
2012-08-31,02:15,51.9,51.8,45.0,77.3,0.0,N@3.6,4.2,80.1,0.0,0,"McNary, Benton County",100031,McNary,2017-12-10 16:40:16.246845
2012-08-31,02:30,50.9,50.7,44.8,79.3,0.01,N@3.4,4.2,80.0,0.0,0,"McNary, Benton County",100031,McNary,2017-12-10 16:40:16.246845
2012-08-31,02:45,49.7,49.6,42.6,76.4,0.0,N@3.7,4.6,79.9,0.0,0,"McNary, Benton County",100031,McNary,2017-12-10 16:40:16.246845
2012-08-31,03:00,51.0,51.4,43.4,75.0,0.0,N@3.7,4.6,79.9,0.0,0,"McNary, Benton County",100031,McNary,2017-12-10 16:40:16.246845
2012-08-31,03:15,52.2,52.2,44.3,74.2,0.0,N@3.6,4.2,79.8,0.0,0,"McNary, Benton County",100031,McNary,2017-12-10 16:40:16.246845
2012-08-31,03:30,51.6,51.5,44.0,75.0,0.0,N@4.0,5.3,79.7,0.0,0,"McNary, Benton County",100031,McNary,2017-12-10 16:40:16.246845
2012-08-31,03:45,51.4,51.3,43.7,74.8,0.0,N@4.2,5.3,79.6,0.0,0,"McNary, Benton County",100031,McNary,2017-12-10 16:40:16.246845
2012-08-31,04:00,50.8,50.7,43.5,75.8,0.0,N@3.7,4.6,79.5,0.0,0,"McNary, Benton County",100031,McNary,2017-12-10 16:40:16.246845
2012-08-31,04:15,51.2,51.2,43.1,73.8,0.0,N@3.4,4.2,79.4,0.0,0,"McNary, Benton County",100031,McNary,2017-12-10 16:40:16.246845
2012-08-31,04:30,51.5,51.4,43.4,73.5,0.0,N@3.7,4.2,79.3,0.0,0,"McNary, Benton County",100031,McNary,2017-12-10 16:40:16.246845
2012-08-31,04:45,51.5,51.5,43.3,73.4,0.0,N@3.8,4.6,79.2,0.0,0,"McNary, Benton County",100031,McNary,2017-12-10 16:40:16.246845
2012-08-31,05:00,51.1,51.0,43.5,75.1,0.0,N@3.7,4.6,79.1,0.0,1,"McNary, Benton County",100031,McNary,2017-12-10 16:40:16.246845
2012-08-31,05:15,50.8,50.8,43.2,74.9,0.0,N@4.8,6.4,79.0,0.0,2,"McNary, Benton County",100031,McNary,2017-12-10 16:40:16.246845
2012-08-31,05:30,50.4,50.4,42.6,74.4,0.0,N@5.6,6.7,78.9,0.0,10,"McNary, Benton County",100031,McNary,2017-12-10 16:40:16.246845
2012-08-31,05:45,50.7,50.8,43.3,75.5,0.0,N@4.3,6.4,78.8,0.0,34,"McNary, Benton County",100031,McNary,2017-12-10 16:40:16.246845
2012-08-31,06:00,51.5,51.4,44.1,75.8,0.0,N@2.9,4.2,78.7,0.0,69,"McNary, Benton County",100031,McNary,2017-12-10 16:40:16.246845
2012-08-31,06:15,51.4,51.4,43.5,74.1,0.0,NE@1.5,3.5,78.6,0.0,109,"McNary, Benton County",100031,McNary,2017-12-10 16:40:16.246845
2012-08-31,06:30,54.6,55.2,45.6,71.4,0.0,NE@1.9,2.8,78.5,0.0,147,"McNary, Benton County",100031,McNary,2017-12-10 16:40:16.246845
2012-08-31,06:45,57.6,58.0,46.9,67.3,0.0,E@2.3,3.9,78.4,0.0,192,"McNary, Benton County",100031,McNary,2017-12-10 16:40:16.246845
2012-08-31,07:00,59.8,59.9,46.1,60.2,0.0,E@3.8,5.7,78.3,0.0,228,"McNary, Benton County",100031,McNary,2017-12-10 16:40:16.246845
2012-08-31,07:15,60.8,60.7,45.8,57.6,0.0,SE@5.1,6.7,78.2,0.0,262,"McNary, Benton County",100031,McNary,2017-12-10 16:40:16.246845
2012-08-31,07:30,61.9,61.7,46.9,57.8,0.0,SE@4.2,6.0,78.1,0.0,309,"McNary, Benton County",100031,McNary,2017-12-10 16:40:16.246845
2012-08-31,07:45,62.6,62.3,46.4,55.4,0.0,SE@4.0,6.0,78.0,0.0,357,"McNary, Benton County",100031,McNary,2017-12-10 16:40:16.246845
2012-08-31,08:00,63.5,63.4,46.8,54.4,0.0,S@2.8,4.2,77.9,0.0,406,"McNary, Benton County",100031,McNary,2017-12-10 16:40:16.246845
2012-08-31,08:15,63.3,63.0,47.5,56.3,0.0,SW@4.2,7.4,77.8,0.0,449,"McNary, Benton County",100031,McNary,2017-12-10 16:40:16.246845
2012-08-31,08:30,63.4,63.2,48.2,57.6,0.0,SW@5.4,7.8,77.6,0.0,487,"McNary, Benton County",100031,McNary,2017-12-10 16:40:16.246845
2012-08-31,08:45,64.1,63.9,48.6,56.9,0.0,SW@5.4,7.8,77.5,0.0,525,"McNary, Benton County",100031,McNary,2017-12-10 16:40:16.246845
2012-08-31,09:00,64.7,64.6,48.6,55.9,0.0,SW@5.5,8.9,77.5,0.0,560,"McNary, Benton County",100031,McNary,2017-12-10 16:40:16.246845
2012-08-31,09:15,65.8,65.5,49.0,54.6,0.0,SW@6.4,9.6,77.3,0.0,602,"McNary, Benton County",100031,McNary,2017-12-10 16:40:16.246845
2012-08-31,09:30,66.9,66.8,49.8,54.0,0.0,SW@4.3,8.5,77.2,0.0,623,"McNary, Benton County",100031,McNary,2017-12-10 16:40:16.246845
2012-08-31,09:45,67.3,67.2,49.8,53.3,0.0,SW@4.4,8.5,77.2,0.0,659,"McNary, Benton County",100031,McNary,2017-12-10 16:40:16.246845
2012-08-31,10:00,68.1,67.8,50.6,53.6,0.0,W@4.7,7.8,77.1,0.0,664,"McNary, Benton County",100031,McNary,2017-12-10 16:40:16.246845
2012-08-31,10:15,69.2,69.1,50.2,50.7,0.0,SW@4.2,6.4,77.0,0.0,717,"McNary, Benton County",100031,McNary,2017-12-10 16:40:16.246845
2012-08-31,10:30,70.6,70.4,50.8,49.4,0.0,SW@4.1,7.1,76.9,0.0,737,"McNary, Benton County",100031,McNary,2017-12-10 16:40:16.246845
2012-08-31,10:45,71.6,71.4,51.3,48.7,0.0,SW@4.3,7.4,76.9,0.0,749,"McNary, Benton County",100031,McNary,2017-12-10 16:40:16.246845
2012-08-31,11:00,72.6,72.4,51.7,47.8,0.0,SW@4.0,6.4,76.8,0.0,771,"McNary, Benton County",100031,McNary,2017-12-10 16:40:16.246845
2012-08-31,11:15,73.4,73.0,51.5,46.3,0.0,SW@4.8,9.9,76.8,0.0,781,"McNary, Benton County",100031,McNary,2017-12-10 16:40:16.246845
2012-08-31,11:30,73.7,73.3,50.5,44.2,0.0,SW@4.5,8.2,76.7,0.0,780,"McNary, Benton County",100031,McNary,2017-12-10 16:40:16.246845
2012-08-31,11:45,74.7,74.5,50.4,42.5,0.0,S@5.8,10.3,76.7,0.0,779,"McNary, Benton County",100031,McNary,2017-12-10 16:40:16.246845
2012-08-31,12:00,75.8,75.5,50.7,41.4,0.0,S@5.1,9.6,76.7,0.0,767,"McNary, Benton County",100031,McNary,2017-12-10 16:40:16.246845
2012-08-31,12:15,76.2,75.8,51.1,41.5,0.0,SW@5.1,9.6,76.7,0.0,767,"McNary, Benton County",100031,McNary,2017-12-10 16:40:16.246845
2012-08-31,12:30,77.6,77.2,50.9,39.3,0.0,S@4.7,7.8,76.7,0.0,758,"McNary, Benton County",100031,McNary,2017-12-10 16:40:16.246845
2012-08-31,12:45,77.9,77.3,50.4,38.2,0.0,SW@4.4,8.2,76.7,0.0,752,"McNary, Benton County",100031,McNary,2017-12-10 16:40:16.246845
2012-08-31,13:00,77.6,77.3,50.0,37.9,0.0,W@4.4,7.4,76.8,0.0,743,"McNary, Benton County",100031,McNary,2017-12-10 16:40:16.246845
2012-08-31,13:15,78.9,78.6,47.5,33.0,0.0,SW@4.6,7.8,76.8,0.0,733,"McNary, Benton County",100031,McNary,2017-12-10 16:40:16.246845
2012-08-31,13:30,79.9,79.5,44.4,28.6,0.0,SW@5.6,9.9,76.9,0.0,713,"McNary, Benton County",100031,McNary,2017-12-10 16:40:16.246845
2012-08-31,13:45,79.9,79.4,47.2,31.6,0.0,SW@5.5,9.2,76.9,0.0,697,"McNary, Benton County",100031,McNary,2017-12-10 16:40:16.246845
2012-08-31,14:00,80.4,80.0,46.6,30.6,0.0,SW@4.9,8.5,77.0,0.0,675,"McNary, Benton County",100031,McNary,2017-12-10 16:40:16.246845
2012-08-31,14:15,82.3,81.9,46.8,28.9,0.0,SW@3.8,10.7,77.1,0.0,648,"McNary, Benton County",100031,McNary,2017-12-10 16:40:16.246845
2012-08-31,14:30,82.7,82.0,48.8,30.8,0.0,SW@4.3,8.5,77.2,0.0,616,"McNary, Benton County",100031,McNary,2017-12-10 16:40:16.246845
2012-08-31,14:45,81.8,81.5,48.3,31.0,0.0,SW@4.2,8.2,77.3,0.0,582,"McNary, Benton County",100031,McNary,2017-12-10 16:40:16.246845
2012-08-31,15:00,83.0,82.5,47.3,28.7,0.0,SW@4.6,7.8,77.4,0.0,541,"McNary, Benton County",100031,McNary,2017-12-10 16:40:16.246845
2012-08-31,15:15,83.1,82.5,47.2,28.6,0.0,SW@4.9,9.6,77.5,0.0,506,"McNary, Benton County",100031,McNary,2017-12-10 16:40:16.246845
2012-08-31,15:30,83.1,82.6,46.8,28.1,0.0,SW@5.2,9.2,77.6,0.0,471,"McNary, Benton County",100031,McNary,2017-12-10 16:40:16.246845
2012-08-31,15:45,83.7,83.2,44.2,25.0,0.0,SW@6.3,9.6,77.8,0.0,440,"McNary, Benton County",100031,McNary,2017-12-10 16:40:16.246845
2012-08-31,16:00,84.2,83.6,44.4,24.8,0.0,SW@4.7,8.9,77.9,0.0,402,"McNary, Benton County",100031,McNary,2017-12-10 16:40:16.246845
2012-08-31,16:15,83.4,82.7,42.3,23.5,0.0,SW@5.3,9.9,78.0,0.0,351,"McNary, Benton County",100031,McNary,2017-12-10 16:40:16.246845
2012-08-31,16:30,81.6,81.1,41.8,24.4,0.0,SW@6.2,10.3,78.2,0.0,306,"McNary, Benton County",100031,McNary,2017-12-10 16:40:16.246845
2012-08-31,16:45,81.7,81.2,39.3,22.1,0.0,SW@5.9,10.7,78.3,0.0,256,"McNary, Benton County",100031,McNary,2017-12-10 16:40:16.246845
2012-08-31,17:00,80.6,80.2,39.8,23.3,0.0,SW@5.0,7.8,78.5,0.0,219,"McNary, Benton County",100031,McNary,2017-12-10 16:40:16.246845
2012-08-31,17:15,80.0,79.6,38.9,22.9,0.0,SW@5.1,8.2,78.6,0.0,172,"McNary, Benton County",100031,McNary,2017-12-10 16:40:16.246845
2012-08-31,17:30,78.8,78.4,38.1,23.1,0.0,SW@5.3,7.8,78.7,0.0,139,"McNary, Benton County",100031,McNary,2017-12-10 16:40:16.246845
2012-08-31,17:45,77.9,77.5,38.8,24.6,0.0,SW@4.5,8.5,78.9,0.0,103,"McNary, Benton County",100031,McNary,2017-12-10 16:40:16.246845
2012-08-31,18:00,76.3,76.0,38.8,25.8,0.0,SW@5.3,8.9,79.0,0.0,68,"McNary, Benton County",100031,McNary,2017-12-10 16:40:16.246845
2012-08-31,18:15,76.0,75.9,37.9,25.2,0.0,SW@6.1,12.1,79.1,0.0,48,"McNary, Benton County",100031,McNary,2017-12-10 16:40:16.246845
2012-08-31,18:30,76.8,76.4,37.6,24.3,0.0,S@6.0,12.4,79.2,0.0,26,"McNary, Benton County",100031,McNary,2017-12-10 16:40:16.246845
2012-08-31,18:45,73.2,72.8,41.5,31.8,0.0,S@4.1,8.9,79.3,0.0,6,"McNary, Benton County",100031,McNary,2017-12-10 16:40:16.246845
2012-08-31,19:00,72.7,72.7,41.7,32.6,0.0,S@5.2,12.1,79.4,0.0,2,"McNary, Benton County",100031,McNary,2017-12-10 16:40:16.246845
2012-08-31,19:15,72.6,72.4,44.1,36.0,0.0,SW@5.4,9.2,79.5,0.0,1,"McNary, Benton County",100031,McNary,2017-12-10 16:40:16.246845
2012-08-31,19:30,71.4,71.2,46.0,40.2,0.0,SW@5.8,11.7,79.6,0.0,0,"McNary, Benton County",100031,McNary,2017-12-10 16:40:16.246845
2012-08-31,19:45,71.1,70.9,46.8,42.0,0.0,SW@7.8,15.0,79.7,0.0,0,"McNary, Benton County",100031,McNary,2017-12-10 16:40:16.246845
2012-08-31,20:00,70.3,70.1,47.6,44.4,0.0,SW@7.3,12.4,79.8,0.0,0,"McNary, Benton County",100031,McNary,2017-12-10 16:40:16.246845
2012-08-31,20:15,69.2,69.0,47.8,46.3,0.0,SW@4.7,9.6,79.9,0.0,0,"McNary, Benton County",100031,McNary,2017-12-10 16:40:16.246845
2012-08-31,20:30,68.0,67.6,48.7,50.0,0.0,W@2.7,7.4,79.9,0.0,0,"McNary, Benton County",100031,McNary,2017-12-10 16:40:16.246845
2012-08-31,20:45,65.3,65.1,49.1,55.7,0.0,SW@4.1,6.4,80.0,0.0,0,"McNary, Benton County",100031,McNary,2017-12-10 16:40:16.246845
2012-08-31,21:00,64.8,64.7,49.1,56.6,0.0,S@3.3,6.7,80.1,0.0,0,"McNary, Benton County",100031,McNary,2017-12-10 16:40:16.246845
2012-08-31,21:15,64.7,64.7,49.1,56.9,0.0,SW@6.6,9.6,80.1,0.0,0,"McNary, Benton County",100031,McNary,2017-12-10 16:40:16.246845
2012-08-31,21:30,64.9,64.9,48.9,56.0,0.0,S@6.9,12.4,80.1,0.0,0,"McNary, Benton County",100031,McNary,2017-12-10 16:40:16.246845
2012-08-31,21:45,63.6,63.5,49.1,59.0,0.0,S@5.2,8.5,80.2,0.0,0,"McNary, Benton County",100031,McNary,2017-12-10 16:40:16.246845
2012-08-31,22:00,62.8,62.7,49.6,61.8,0.0,S@3.4,6.7,80.2,0.0,0,"McNary, Benton County",100031,McNary,2017-12-10 16:40:16.246845
2012-08-31,22:15,62.5,62.3,50.2,64.0,0.0,S@3.2,6.7,80.2,0.0,0,"McNary, Benton County",100031,McNary,2017-12-10 16:40:16.246845
2012-08-31,22:30,60.8,60.5,49.5,66.2,0.0,E@2.7,6.0,80.2,0.0,0,"McNary, Benton County",100031,McNary,2017-12-10 16:40:16.246845
2012-08-31,22:45,60.5,60.3,49.4,66.7,0.0,NW@2.4,5.3,80.2,0.0,0,"McNary, Benton County",100031,McNary,2017-12-10 16:40:16.246845
2012-08-31,23:00,59.6,59.5,49.5,69.3,0.0,W@5.9,9.9,80.2,0.0,0,"McNary, Benton County",100031,McNary,2017-12-10 16:40:16.246845
2012-09-01,23:15,59.3,59.1,49.2,69.3,0.0,W@4.6,7.8,80.2,0.0,0,"McNary, Benton County",100031,McNary,2017-12-10 16:40:16.246845
2012-09-01,23:30,58.2,58.0,49.0,71.5,0.0,W@3.8,6.0,80.1,0.0,0,"McNary, Benton County",100031,McNary,2017-12-10 16:40:16.246845
2012-09-01,23:45,57.4,57.3,48.5,72.0,0.0,W@3.5,6.4,80.1,0.0,0,"McNary, Benton County",100031,McNary,2017-12-10 16:40:16.246845
2012-09-01,24:00,57.3,57.2,47.9,70.6,0.0,W@4.7,7.1,80.1,0.0,0,"McNary, Benton County",100031,McNary,2017-12-10 16:40:16.246845
2012-09-01,00:15,56.6,56.5,47.6,71.7,0.0,SW@3.7,6.4,80.1,0.0,0,"McNary, Benton County",100031,McNary,2017-12-10 16:40:16.246845
2012-09-01,00:30,56.3,56.1,47.7,72.8,0.0,W@3.3,7.4,80.0,0.0,0,"McNary, Benton County",100031,McNary,2017-12-10 16:40:16.246845
2012-09-01,00:45,55.2,55.1,47.6,75.4,0.0,W@3.6,5.7,80.0,0.0,0,"McNary, Benton County",100031,McNary,2017-12-10 16:40:16.246845
2012-09-01,01:00,55.6,55.5,47.4,73.8,0.0,W@4.5,7.1,79.9,0.0,0,"McNary, Benton County",100031,McNary,2017-12-10 16:40:16.246845
2012-09-01,01:15,55.1,55.0,47.1,74.3,0.0,W@4.5,7.1,79.9,0.0,0,"McNary, Benton County",100031,McNary,2017-12-10 16:40:16.246845
2012-09-01,01:30,54.2,53.9,46.9,76.2,0.01,SW@2.8,4.6,79.8,0.0,0,"McNary, Benton County",100031,McNary,2017-12-10 16:40:16.246845
2012-09-01,01:45,53.8,53.6,46.3,75.7,0.02,S@1.1,2.8,79.8,0.0,0,"McNary, Benton County",100031,McNary,2017-12-10 16:40:16.246845
2012-09-01,02:00,54.6,54.5,46.1,72.9,0.01,E@0.8,2.4,79.7,0.0,0,"McNary, Benton County",100031,McNary,2017-12-10 16:40:16.246845
2012-09-01,02:15,55.3,55.1,46.1,70.9,0.01,N@0.9,4.2,79.7,0.0,0,"McNary, Benton County",100031,McNary,2017-12-10 16:40:16.246845
2012-09-01,02:30,55.1,55.1,45.9,71.2,0.0,N@1.8,3.5,79.6,0.0,0,"McNary, Benton County",100031,McNary,2017-12-10 16:40:16.246845
2012-09-01,02:45,55.7,55.6,46.4,70.9,0.0,SW@2.8,4.2,79.5,0.0,0,"McNary, Benton County",100031,McNary,2017-12-10 16:40:16.246845
2012-09-01,03:00,55.0,54.8,46.3,72.4,0.0,W@2.8,3.5,79.4,0.0,0,"McNary, Benton County",100031,McNary,2017-12-10 16:40:16.246845
2012-09-01,03:15,53.7,53.6,46.2,75.7,0.01,NW@2.9,3.9,79.4,0.0,0,"McNary, Benton County",100031,McNary,2017-12-10 16:40:16.246845
2012-09-01,03:30,53.7,53.5,46.0,75.2,0.01,NW@3.0,4.6,79.3,0.0,0,"McNary, Benton County",100031,McNary,2017-12-10 16:40:16.246845
2012-09-01,03:45,51.4,51.3,45.6,80.6,0.02,NW@3.6,4.9,79.2,0.0,0,"McNary, Benton County",100031,McNary,2017-12-10 16:40:16.246845
2012-09-01,04:00,48.7,48.0,43.6,82.3,0.03,N@1.9,3.9,79.1,0.0,0,"McNary, Benton County",100031,McNary,2017-12-10 16:40:16.246845
2012-09-01,04:15,46.8,46.8,42.4,84.6,0.04,N@3.2,3.9,79.0,0.0,0,"McNary, Benton County",100031,McNary,2017-12-10 16:40:16.246845
2012-09-01,04:30,48.1,48.0,43.6,84.2,0.03,N@3.5,4.6,79.0,0.0,0,"McNary, Benton County",100031,McNary,2017-12-10 16:40:16.246845
2012-09-01,04:45,47.6,47.6,43.2,84.5,0.04,N@3.8,5.3,78.9,0.0,0,"McNary, Benton County",100031,McNary,2017-12-10 16:40:16.246845
2012-09-01,05:00,46.5,46.2,42.6,86.1,0.04,N@4.6,6.4,78.8,0.0,1,"McNary, Benton County",100031,McNary,2017-12-10 16:40:16.246845
2012-09-01,05:15,47.6,47.4,43.7,86.3,0.05,N@2.9,4.6,78.7,0.0,2,"McNary, Benton County",100031,McNary,2017-12-10 16:40:16.246845
2012-09-01,05:30,48.0,47.9,44.0,85.9,0.07,N@2.6,3.5,78.6,0.0,11,"McNary, Benton County",100031,McNary,2017-12-10 16:40:16.246845
2012-09-01,05:45,51.2,51.4,45.1,79.7,0.03,NW@2.8,4.2,78.5,0.0,40,"McNary, Benton County",100031,McNary,2017-12-10 16:40:16.246845
2012-09-01,06:00,50.6,50.7,44.6,79.8,0.02,NW@2.2,3.5,78.4,0.0,79,"McNary, Benton County",100031,McNary,2017-12-10 16:40:16.246845
2012-09-01,06:15,51.3,51.2,45.1,79.1,0.01,N@0.8,2.8,78.3,0.0,120,"McNary, Benton County",100031,McNary,2017-12-10 16:40:16.246845
2012-09-01,06:30,52.2,52.7,46.4,80.5,0.0,N@2.3,3.5,78.2,0.0,167,"McNary, Benton County",100031,McNary,2017-12-10 16:40:16.246845
2012-09-01,06:45,55.3,56.3,47.2,74.2,0.0,W@1.0,3.9,78.1,0.0,215,"McNary, Benton County",100031,McNary,2017-12-10 16:40:16.246845
2012-09-01,07:00,56.6,56.7,47.2,70.7,0.0,SW@2.6,4.6,78.0,0.0,261,"McNary, Benton County",100031,McNary,2017-12-10 16:40:16.246845
2012-09-01,07:15,57.5,57.4,47.9,70.3,0.0,SW@3.9,7.1,77.9,0.0,308,"McNary, Benton County",100031,McNary,2017-12-10 16:40:16.246845
2012-09-01,07:30,58.4,58.2,48.2,68.7,0.0,SW@4.2,7.1,77.7,0.0,354,"McNary, Benton County",100031,McNary,2017-12-10 16:40:16.246845
2012-09-01,07:45,59.2,59.1,48.1,66.4,0.0,SW@4.1,6.7,77.6,0.0,399,"McNary, Benton County",100031,McNary,2017-12-10 16:40:16.246845
2012-09-01,08:00,60.6,60.4,48.3,64.0,0.0,SW@3.9,6.0,77.5,0.0,443,"McNary, Benton County",100031,McNary,2017-12-10 16:40:16.246845
2012-09-01,08:15,61.4,61.2,48.0,61.3,0.0,SW@3.5,6.0,77.4,0.0,487,"McNary, Benton County",100031,McNary,2017-12-10 16:40:16.246845
2012-09-01,08:30,62.5,62.3,47.9,58.8,0.0,SW@3.1,5.3,77.3,0.0,530,"McNary, Benton County",100031,McNary,2017-12-10 16:40:16.246845
2012-09-01,08:45,63.5,63.2,48.0,57.0,0.0,SW@2.9,6.0,77.2,0.0,568,"McNary, Benton County",100031,McNary,2017-12-10 16:40:16.246845
2012-09-01,09:00,64.1,63.9,48.2,56.3,0.0,SW@3.0,5.7,77.1,0.0,605,"McNary, Benton County",100031,McNary,2017-12-10 16:40:16.246845
2012-09-01,09:15,64.6,64.4,48.0,54.8,0.0,W@3.3,6.0,77.0,0.0,641,"McNary, Benton County",100031,McNary,2017-12-10 16:40:16.246845
2012-09-01,09:30,66.2,66.3,47.3,50.5,0.0,W@2.4,4.9,76.9,0.0,675,"McNary, Benton County",100031,McNary,2017-12-10 16:40:16.246845
2012-09-01,09:45,67.5,67.3,47.9,49.3,0.0,SW@4.4,7.8,76.8,0.0,704,"McNary, Benton County",100031,McNary,2017-12-10 16:40:16.246845
2012-09-01,10:00,67.4,67.0,46.1,46.4,0.0,SW@4.9,10.3,76.7,0.0,732,"McNary, Benton County",100031,McNary,2017-12-10 16:40:16.246845
2012-09-01,10:15,69.2,69.0,44.3,40.5,0.0,S@5.6,11.4,76.6,0.0,757,"McNary, Benton County",100031,McNary,2017-12-10 16:40:16.246845
2012-09-01,10:30,69.5,69.2,42.7,37.8,0.0,S@5.3,9.6,76.5,0.0,778,"McNary, Benton County",100031,McNary,2017-12-10 16:40:16.246845
2012-09-01,10:45,69.6,69.1,45.0,41.2,0.0,SW@5.9,9.6,76.5,0.0,792,"McNary, Benton County",100031,McNary,2017-12-10 16:40:16.246845
2012-09-01,11:00,70.4,70.3,44.9,39.8,0.0,SW@6.0,9.6,76.4,0.0,809,"McNary, Benton County",100031,McNary,2017-12-10 16:40:16.246845
2012-09-01,11:15,71.7,71.3,44.4,37.5,0.0,S@6.7,11.0,76.4,0.0,821,"McNary, Benton County",100031,McNary,2017-12-10 16:40:16.246845
2012-09-01,11:30,72.7,72.3,42.2,33.3,0.0,S@7.2,10.3,76.3,0.0,830,"McNary, Benton County",100031,McNary,2017-12-10 16:40:16.246845
2012-09-01,11:45,73.5,73.0,41.1,31.1,0.0,S@6.5,9.9,76.3,0.0,834,"McNary, Benton County",100031,McNary,2017-12-10 16:40:16.246845
2012-09-01,12:00,73.7,73.3,42.0,32.0,0.0,SW@5.6,9.9,76.3,0.0,835,"McNary, Benton County",100031,McNary,2017-12-10 16:40:16.246845
2012-09-01,12:15,74.0,73.5,41.0,30.4,0.0,SW@7.0,11.4,76.3,0.0,833,"McNary, Benton County",100031,McNary,2017-12-10 16:40:16.246845
2012-09-01,12:30,74.4,74.0,41.0,30.0,0.0,SW@5.5,11.0,76.3,0.0,824,"McNary, Benton County",100031,McNary,2017-12-10 16:40:16.246845
2012-09-01,12:45,75.1,74.8,38.5,26.6,0.0,S@6.4,11.0,76.4,0.0,815,"McNary, Benton County",100031,McNary,2017-12-10 16:40:16.246845
2012-09-01,13:00,75.0,74.5,38.4,26.6,0.0,S@6.3,10.7,76.4,0.0,802,"McNary, Benton County",100031,McNary,2017-12-10 16:40:16.246845
2012-09-01,13:15,75.5,75.1,36.5,24.3,0.0,S@6.2,11.4,76.5,0.0,789,"McNary, Benton County",100031,McNary,2017-12-10 16:40:16.246845
2012-09-01,13:30,76.3,75.8,34.8,22.1,0.0,SE@6.3,10.7,76.5,0.0,772,"McNary, Benton County",100031,McNary,2017-12-10 16:40:16.246845
2012-09-01,13:45,76.7,76.2,33.4,20.7,0.0,S@6.0,8.9,76.6,0.0,751,"McNary, Benton County",100031,McNary,2017-12-10 16:40:16.246845
2012-09-01,14:00,77.0,76.5,34.3,21.1,0.0,S@6.1,11.0,76.7,0.0,724,"McNary, Benton County",100031,McNary,2017-12-10 16:40:16.246845
2012-09-01,14:15,77.3,76.8,37.9,24.2,0.0,S@6.4,9.9,76.8,0.0,694,"McNary, Benton County",100031,McNary,2017-12-10 16:40:16.246845
2012-09-01,14:30,77.2,76.7,37.9,24.2,0.0,SW@7.3,12.4,76.9,0.0,664,"McNary, Benton County",100031,McNary,2017-12-10 16:40:16.246845
2012-09-01,14:45,77.2,76.8,37.6,23.9,0.0,S@7.3,12.4,77.0,0.0,630,"McNary, Benton County",100031,McNary,2017-12-10 16:40:16.246845
2012-09-01,15:00,77.0,76.6,39.6,26.1,0.0,SW@6.3,9.2,77.1,0.0,596,"McNary, Benton County",100031,McNary,2017-12-10 16:40:16.246845
2012-09-01,15:15,78.1,77.6,37.9,23.5,0.0,S@6.7,10.3,77.2,0.0,557,"McNary, Benton County",100031,McNary,2017-12-10 16:40:16.246845
2012-09-01,15:30,77.6,77.0,34.1,20.6,0.0,SW@5.6,8.5,77.4,0.0,517,"McNary, Benton County",100031,McNary,2017-12-10 16:40:16.246845
2012-09-01,15:45,77.8,77.4,36.2,22.2,0.0,SW@5.6,9.2,77.5,0.0,475,"McNary, Benton County",100031,McNary,2017-12-10 16:40:16.246845
2012-09-01,16:00,77.7,77.4,35.7,21.8,0.0,SW@4.1,8.2,77.6,0.0,431,"McNary, Benton County",100031,McNary,2017-12-10 16:40:16.246845
2012-09-01,16:15,78.5,78.0,35.0,20.7,0.0,SW@4.2,8.2,77.8,0.0,385,"McNary, Benton County",100031,McNary,2017-12-10 16:40:16.246845
2012-09-01,16:30,77.5,77.0,35.0,21.4,0.0,SW@4.3,8.5,77.9,0.0,339,"McNary, Benton County",100031,McNary,2017-12-10 16:40:16.246845
2012-09-01,16:45,77.6,77.2,34.5,20.9,0.0,SW@3.7,5.7,78.1,0.0,292,"McNary, Benton County",100031,McNary,2017-12-10 16:40:16.246845
2012-09-01,17:00,76.9,76.4,35.5,22.2,0.0,SW@3.7,5.3,78.2,0.0,247,"McNary, Benton County",100031,McNary,2017-12-10 16:40:16.246845
2012-09-01,17:15,76.1,75.6,37.4,24.7,0.0,SW@4.0,6.4,78.3,0.0,200,"McNary, Benton County",100031,McNary,2017-12-10 16:40:16.246845
2012-09-01,17:30,75.9,75.6,39.4,26.9,0.0,SW@2.7,4.2,78.5,0.0,159,"McNary, Benton County",100031,McNary,2017-12-10 16:40:16.246845
2012-09-01,17:45,75.4,75.0,38.5,26.4,0.0,SW@2.7,3.5,78.6,0.0,120,"McNary, Benton County",100031,McNary,2017-12-10 16:40:16.246845
2012-09-01,18:00,74.1,73.8,39.4,28.4,0.0,SW@3.1,3.9,78.7,0.0,82,"McNary, Benton County",100031,McNary,2017-12-10 16:40:16.246845
2012-09-01,18:15,71.7,71.2,45.5,39.1,0.0,NW@2.3,3.1,78.8,0.0,50,"McNary, Benton County",100031,McNary,2017-12-10 16:40:16.246845
2012-09-01,18:30,68.1,67.7,43.3,40.6,0.0,N@3.5,4.9,78.9,0.0,21,"McNary, Benton County",100031,McNary,2017-12-10 16:40:16.246845
2012-09-01,18:45,64.8,64.5,44.6,47.7,0.0,N@3.5,4.2,79.1,0.0,4,"McNary, Benton County",100031,McNary,2017-12-10 16:40:16.246845
2012-09-01,19:00,61.9,61.7,42.7,49.1,0.0,N@3.8,4.9,79.2,0.0,2,"McNary, Benton County",100031,McNary,2017-12-10 16:40:16.246845
2012-09-01,19:15,61.0,60.6,41.3,48.2,0.0,N@4.2,5.3,79.2,0.0,0,"McNary, Benton County",100031,McNary,2017-12-10 16:40:16.246845
2012-09-01,19:30,61.3,61.1,39.3,44.0,0.0,N@4.4,5.3,79.3,0.0,0,"McNary, Benton County",100031,McNary,2017-12-10 16:40:16.246845
2012-09-01,19:45,60.0,59.9,40.3,48.1,0.0,N@5.0,6.0,79.4,0.0,0,"McNary, Benton County",100031,McNary,2017-12-10 16:40:16.246845
2012-09-01,20:00,58.3,58.3,38.1,46.8,0.0,N@5.2,6.7,79.5,0.0,0,"McNary, Benton County",100031,McNary,2017-12-10 16:40:16.246845
2012-09-01,20:15,59.3,59.3,37.9,44.9,0.0,N@4.4,5.3,79.6,0.0,0,"McNary, Benton County",100031,McNary,2017-12-10 16:40:16.246845
2012-09-01,20:30,60.0,60.0,37.6,43.2,0.0,N@4.2,4.9,79.6,0.0,0,"McNary, Benton County",100031,McNary,2017-12-10 16:40:16.246845
2012-09-01,20:45,57.7,57.4,38.3,48.2,0.0,S@2.7,4.6,79.7,0.0,0,"McNary, Benton County",100031,McNary,2017-12-10 16:40:16.246845
2012-09-01,21:00,55.6,55.5,38.1,51.5,0.0,N@3.9,5.3,79.7,0.0,0,"McNary, Benton County",100031,McNary,2017-12-10 16:40:16.246845
2012-09-01,21:15,57.1,57.5,40.4,53.4,0.0,NE@2.7,4.2,79.8,0.0,0,"McNary, Benton County",100031,McNary,2017-12-10 16:40:16.246845
2012-09-01,21:30,57.3,57.0,41.6,55.6,0.0,NE@2.6,3.5,79.8,0.0,0,"McNary, Benton County",100031,McNary,2017-12-10 16:40:16.246845
2012-09-01,21:45,55.5,55.0,40.9,57.8,0.0,N@3.1,4.2,79.8,0.0,0,"McNary, Benton County",100031,McNary,2017-12-10 16:40:16.246845
2012-09-01,22:00,54.2,54.1,39.6,57.6,0.0,N@3.5,4.6,79.8,0.0,0,"McNary, Benton County",100031,McNary,2017-12-10 16:40:16.246845
2012-09-01,22:15,54.6,54.6,40.4,58.4,0.0,NE@4.9,7.4,79.8,0.0,0,"McNary, Benton County",100031,McNary,2017-12-10 16:40:16.246845
2012-09-01,22:30,55.2,55.1,40.8,58.2,0.0,NE@6.2,7.4,79.8,0.0,0,"McNary, Benton County",100031,McNary,2017-12-10 16:40:16.246845
2012-09-01,22:45,55.9,56.0,41.0,57.0,0.0,NE@6.3,8.5,79.8,0.0,0,"McNary, Benton County",100031,McNary,2017-12-10 16:40:16.246845
2012-09-01,23:00,55.7,55.5,41.6,59.2,0.0,NE@5.2,6.7,79.8,0.0,0,"McNary, Benton County",100031,McNary,2017-12-10 16:40:16.246845
2012-09-02,23:15,54.7,54.6,41.0,59.6,0.0,NE@5.6,7.1,79.7,0.0,0,"McNary, Benton County",100031,McNary,2017-12-10 16:40:16.246845
2012-09-02,23:30,53.9,53.7,41.4,62.5,0.0,NE@4.1,6.7,79.7,0.0,0,"McNary, Benton County",100031,McNary,2017-12-10 16:40:16.246845
2012-09-02,23:45,54.1,54.2,42.0,63.6,0.0,NE@2.6,5.3,79.6,0.0,0,"McNary, Benton County",100031,McNary,2017-12-10 16:40:16.246845
2012-09-02,24:00,54.6,54.4,42.1,62.7,0.0,NE@3.2,6.4,79.6,0.0,0,"McNary, Benton County",100031,McNary,2017-12-10 16:40:16.246845
2012-09-02,00:15,54.0,54.1,42.5,65.0,0.0,NE@4.7,6.4,79.6,0.0,0,"McNary, Benton County",100031,McNary,2017-12-10 16:40:16.246845
2012-09-02,00:30,53.9,53.7,42.1,64.1,0.0,E@3.8,5.7,79.5,0.0,0,"McNary, Benton County",100031,McNary,2017-12-10 16:40:16.246845
2012-09-02,00:45,53.1,52.9,42.3,66.7,0.0,NE@3.2,4.6,79.4,0.0,0,"McNary, Benton County",100031,McNary,2017-12-10 16:40:16.246845
2012-09-02,01:00,52.4,52.2,42.2,68.2,0.0,NE@3.0,5.3,79.4,0.0,0,"McNary, Benton County",100031,McNary,2017-12-10 16:40:16.246845
2012-09-02,01:15,53.2,53.4,42.8,67.5,0.0,NE@3.0,5.3,79.3,0.0,0,"McNary, Benton County",100031,McNary,2017-12-10 16:40:16.246845
2012-09-02,01:30,54.7,54.8,43.3,65.1,0.0,E@2.1,4.6,79.2,0.0,0,"McNary, Benton County",100031,McNary,2017-12-10 16:40:16.246845
2012-09-02,01:45,54.1,54.0,43.2,66.3,0.0,NE@2.1,3.5,79.2,0.0,0,"McNary, Benton County",100031,McNary,2017-12-10 16:40:16.246845
2012-09-02,02:00,52.9,53.1,43.1,69.2,0.0,NE@2.1,3.9,79.1,0.0,0,"McNary, Benton County",100031,McNary,2017-12-10 16:40:16.246845
2012-09-02,02:15,54.5,54.5,43.2,65.6,0.0,NE@2.2,3.5,79.0,0.0,0,"McNary, Benton County",100031,McNary,2017-12-10 16:40:16.246845
2012-09-02,02:30,53.0,52.8,42.3,66.7,0.0,E@3.4,4.6,78.9,0.0,0,"McNary, Benton County",100031,McNary,2017-12-10 16:40:16.246845
2012-09-02,02:45,53.4,53.4,42.5,66.4,0.0,SE@2.0,3.9,78.8,0.0,0,"McNary, Benton County",100031,McNary,2017-12-10 16:40:16.246845
2012-09-02,03:00,53.0,52.8,42.2,66.4,0.0,NE@2.0,3.1,78.7,0.0,0,"McNary, Benton County",100031,McNary,2017-12-10 16:40:16.246845
2012-09-02,03:15,51.9,51.9,41.6,67.8,0.0,N@2.9,3.9,78.6,0.0,0,"McNary, Benton County",100031,McNary,2017-12-10 16:40:16.246845
2012-09-02,03:30,50.5,50.4,40.9,69.5,0.0,N@3.1,3.9,78.6,0.0,0,"McNary, Benton County",100031,McNary,2017-12-10 16:40:16.246845
2012-09-02,03:45,50.3,50.2,40.5,69.0,0.0,N@3.1,4.2,78.5,0.0,0,"McNary, Benton County",100031,McNary,2017-12-10 16:40:16.246845
2012-09-02,04:00,50.0,49.9,41.0,71.1,0.0,N@3.9,4.9,78.4,0.0,0,"McNary, Benton County",100031,McNary,2017-12-10 16:40:16.246845
2012-09-02,04:15,49.6,49.5,41.0,71.9,0.0,N@3.7,4.6,78.3,0.0,0,"McNary, Benton County",100031,McNary,2017-12-10 16:40:16.246845
2012-09-02,04:30,49.5,49.3,40.7,71.4,0.0,N@3.6,4.2,78.2,0.0,0,"McNary, Benton County",100031,McNary,2017-12-10 16:40:16.246845
2012-09-02,04:45,49.0,48.9,40.0,70.8,0.0,N@3.5,4.2,78.1,0.0,0,"McNary, Benton County",100031,McNary,2017-12-10 16:40:16.246845
2012-09-02,05:00,48.4,48.3,39.8,71.8,0.0,N@3.7,4.6,78.0,0.0,1,"McNary, Benton County",100031,McNary,2017-12-10 16:40:16.246845
2012-09-02,05:15,48.9,48.8,39.8,70.8,0.0,N@3.7,4.6,77.9,0.0,3,"McNary, Benton County",100031,McNary,2017-12-10 16:40:16.246845
2012-09-02,05:30,48.5,48.4,40.0,72.3,0.0,N@3.7,4.6,77.8,0.0,11,"McNary, Benton County",100031,McNary,2017-12-10 16:40:16.246845
2012-09-02,05:45,48.5,48.6,40.4,73.4,0.0,N@3.8,4.6,77.7,0.0,43,"McNary, Benton County",100031,McNary,2017-12-10 16:40:16.246845
2012-09-02,06:00,49.4,49.2,40.6,71.6,0.0,N@3.4,4.6,77.6,0.0,60,"McNary, Benton County",100031,McNary,2017-12-10 16:40:16.246845
2012-09-02,06:15,49.1,49.1,41.4,74.7,0.0,N@3.4,4.6,77.5,0.0,97,"McNary, Benton County",100031,McNary,2017-12-10 16:40:16.246845
2012-09-02,06:30,51.2,51.4,42.0,70.7,0.0,N@3.5,4.6,77.4,0.0,128,"McNary, Benton County",100031,McNary,2017-12-10 16:40:16.246845
2012-09-02,06:45,54.5,54.9,42.3,63.1,0.0,NE@3.3,5.3,77.3,0.0,215,"McNary, Benton County",100031,McNary,2017-12-10 16:40:16.246845
2012-09-02,07:00,57.4,57.3,42.4,57.2,0.0,E@4.6,6.4,77.2,0.0,258,"McNary, Benton County",100031,McNary,2017-12-10 16:40:16.246845
2012-09-02,07:15,59.8,59.7,42.2,52.0,0.0,E@5.1,7.1,77.0,0.0,334,"McNary, Benton County",100031,McNary,2017-12-10 16:40:16.246845
2012-09-02,07:30,60.2,59.9,42.2,51.3,0.0,E@5.8,8.2,76.9,0.0,307,"McNary, Benton County",100031,McNary,2017-12-10 16:40:16.246845
2012-09-02,07:45,61.0,60.8,42.0,49.6,0.0,SE@3.7,6.4,76.8,0.0,373,"McNary, Benton County",100031,McNary,2017-12-10 16:40:16.246845
2012-09-02,08:00,62.1,61.8,41.6,46.9,0.0,S@4.9,8.2,76.7,0.0,443,"McNary, Benton County",100031,McNary,2017-12-10 16:40:16.246845
2012-09-02,08:15,62.2,62.0,42.5,48.5,0.0,S@4.5,7.4,76.6,0.0,496,"McNary, Benton County",100031,McNary,2017-12-10 16:40:16.246845
2012-09-02,08:30,62.7,62.5,43.6,49.6,0.0,SW@4.7,9.6,76.5,0.0,519,"McNary, Benton County",100031,McNary,2017-12-10 16:40:16.246845
2012-09-02,08:45,62.7,62.4,45.3,53.0,0.0,SW@4.6,7.4,76.3,0.0,569,"McNary, Benton County",100031,McNary,2017-12-10 16:40:16.246845
2012-09-02,09:00,63.2,62.8,46.2,53.8,0.0,SW@4.5,7.8,76.2,0.0,606,"McNary, Benton County",100031,McNary,2017-12-10 16:40:16.246845
2012-09-02,09:15,63.6,63.4,46.8,54.2,0.0,SW@4.6,7.4,76.2,0.0,570,"McNary, Benton County",100031,McNary,2017-12-10 16:40:16.246845
2012-09-02,09:30,64.5,64.4,46.4,51.8,0.0,SW@5.5,8.5,76.0,0.0,639,"McNary, Benton County",100031,McNary,2017-12-10 16:40:16.246845
2012-09-02,09:45,66.2,66.1,46.6,49.1,0.0,SW@5.5,8.5,76.0,0.0,707,"McNary, Benton County",100031,McNary,2017-12-10 16:40:16.246845
2012-09-02,10:00,67.7,67.5,46.6,46.8,0.0,SW@5.2,8.2,75.9,0.0,729,"McNary, Benton County",100031,McNary,2017-12-10 16:40:16.246845
2012-09-02,10:15,69.3,69.1,46.6,44.2,0.0,SW@4.3,7.8,75.8,0.0,780,"McNary, Benton County",100031,McNary,2017-12-10 16:40:16.246845
2012-09-02,10:30,70.0,69.6,45.5,41.4,0.0,SW@6.1,11.0,75.7,0.0,736,"McNary, Benton County",100031,McNary,2017-12-10 16:40:16.246845
2012-09-02,10:45,70.8,70.6,47.1,42.7,0.0,SW@5.8,9.6,75.6,0.0,770,"McNary, Benton County",100031,McNary,2017-12-10 16:40:16.246845
2012-09-02,11:00,71.3,71.0,47.9,43.3,0.0,SW@5.8,9.9,75.6,0.0,810,"McNary, Benton County",100031,McNary,2017-12-10 16:40:16.246845
2012-09-02,11:15,72.8,72.5,46.9,39.8,0.0,S@5.6,8.2,75.6,0.0,832,"McNary, Benton County",100031,McNary,2017-12-10 16:40:16.246845
2012-09-02,11:30,73.9,73.4,45.4,36.2,0.0,SW@6.9,11.4,75.5,0.0,857,"McNary, Benton County",100031,McNary,2017-12-10 16:40:16.246845
2012-09-02,11:45,73.6,73.4,44.6,35.3,0.0,SW@6.9,9.6,75.5,0.0,732,"McNary, Benton County",100031,McNary,2017-12-10 16:40:16.246845
2012-09-02,12:00,74.4,74.1,44.2,34.0,0.0,S@5.4,9.6,75.5,0.0,719,"McNary, Benton County",100031,McNary,2017-12-10 16:40:16.246845
2012-09-02,12:15,75.1,74.8,42.5,31.1,0.0,S@5.4,9.9,75.5,0.0,719,"McNary, Benton County",100031,McNary,2017-12-10 16:40:16.246845
2012-09-02,12:30,75.9,75.5,43.1,31.0,0.0,SW@4.7,8.5,75.5,0.0,806,"McNary, Benton County",100031,McNary,2017-12-10 16:40:16.246845
2012-09-02,12:45,76.5,76.3,40.1,27.0,0.0,S@4.6,7.8,75.5,0.0,711,"McNary, Benton County",100031,McNary,2017-12-10 16:40:16.246845
2012-09-02,13:00,77.4,76.9,38.4,24.6,0.0,S@4.2,8.9,75.6,0.0,686,"McNary, Benton County",100031,McNary,2017-12-10 16:40:16.246845
2012-09-02,13:15,77.7,77.3,41.2,27.1,0.0,SW@4.0,7.4,75.6,0.0,787,"McNary, Benton County",100031,McNary,2017-12-10 16:40:16.246845
2012-09-02,13:30,78.1,77.9,41.2,26.7,0.0,W@3.5,7.1,75.7,0.0,781,"McNary, Benton County",100031,McNary,2017-12-10 16:40:16.246845
2012-09-02,13:45,78.4,78.4,41.2,26.5,0.0,W@3.0,6.7,75.8,0.0,763,"McNary, Benton County",100031,McNary,2017-12-10 16:40:16.246845
2012-09-02,14:00,79.8,79.5,39.0,23.2,0.0,S@5.3,10.3,75.8,0.0,710,"McNary, Benton County",100031,McNary,2017-12-10 16:40:16.246845
2012-09-02,14:15,79.8,79.3,37.2,21.7,0.0,S@5.2,9.2,75.9,0.0,681,"McNary, Benton County",100031,McNary,2017-12-10 16:40:16.246845
2012-09-02,14:30,80.1,79.6,35.1,19.7,0.0,S@5.4,9.2,76.0,0.0,649,"McNary, Benton County",100031,McNary,2017-12-10 16:40:16.246845
2012-09-02,14:45,80.2,79.7,35.9,20.3,0.0,S@4.8,8.2,76.1,0.0,614,"McNary, Benton County",100031,McNary,2017-12-10 16:40:16.246845
2012-09-02,15:00,79.4,79.2,39.7,24.1,0.0,W@2.9,5.7,76.3,0.0,578,"McNary, Benton County",100031,McNary,2017-12-10 16:40:16.246845
2012-09-02,15:15,79.9,79.7,43.1,27.1,0.0,W@3.0,4.6,76.4,0.0,539,"McNary, Benton County",100031,McNary,2017-12-10 16:40:16.246845
2012-09-02,15:30,81.2,81.2,37.4,20.8,0.0,SW@2.2,4.6,76.5,0.0,497,"McNary, Benton County",100031,McNary,2017-12-10 16:40:16.246845
2012-09-02,15:45,81.3,81.0,38.6,21.8,0.0,W@2.5,4.2,76.6,0.0,457,"McNary, Benton County",100031,McNary,2017-12-10 16:40:16.246845
2012-09-02,16:00,81.0,80.9,40.0,23.2,0.0,NW@2.5,4.9,76.8,0.0,413,"McNary, Benton County",100031,McNary,2017-12-10 16:40:16.246845
2012-09-02,16:15,81.7,81.4,36.0,19.4,0.0,SW@2.4,4.9,76.9,0.0,370,"McNary, Benton County",100031,McNary,2017-12-10 16:40:16.246845
2012-09-02,16:30,82.8,82.3,34.1,17.3,0.0,SW@2.0,3.5,77.1,0.0,322,"McNary, Benton County",100031,McNary,2017-12-10 16:40:16.246845
2012-09-02,16:45,82.2,81.7,32.3,16.5,0.0,SW@2.3,4.6,77.2,0.0,280,"McNary, Benton County",100031,McNary,2017-12-10 16:40:16.246845
2012-09-02,17:00,80.8,80.2,31.9,17.0,0.0,S@3.7,6.0,77.3,0.0,235,"McNary, Benton County",100031,McNary,2017-12-10 16:40:16.246845
2012-09-02,17:15,79.9,79.5,35.1,19.8,0.0,S@3.6,5.7,77.5,0.0,193,"McNary, Benton County",100031,McNary,2017-12-10 16:40:16.246845
2012-09-02,17:30,79.3,78.9,34.8,20.0,0.0,S@2.7,4.6,77.6,0.0,152,"McNary, Benton County",100031,McNary,2017-12-10 16:40:16.246845
2012-09-02,17:45,78.7,78.4,36.3,21.6,0.0,SW@2.9,3.5,77.8,0.0,114,"McNary, Benton County",100031,McNary,2017-12-10 16:40:16.246845
2012-09-02,18:00,77.1,76.8,37.8,24.1,0.0,S@3.1,3.9,77.9,0.0,79,"McNary, Benton County",100031,McNary,2017-12-10 16:40:16.246845
2012-09-02,18:15,75.8,75.2,40.4,28.0,0.0,SW@2.0,2.4,78.0,0.0,47,"McNary, Benton County",100031,McNary,2017-12-10 16:40:16.246845
2012-09-02,18:30,71.5,70.8,41.3,33.4,0.0,N@3.3,4.9,78.1,0.0,19,"McNary, Benton County",100031,McNary,2017-12-10 16:40:16.246845
2012-09-02,18:45,66.8,66.5,41.4,39.6,0.0,N@3.7,4.9,78.3,0.0,3,"McNary, Benton County",100031,McNary,2017-12-10 16:40:16.246845
2012-09-02,19:00,67.8,67.6,38.7,34.4,0.0,N@3.3,4.6,78.4,0.0,2,"McNary, Benton County",100031,McNary,2017-12-10 16:40:16.246845
2012-09-02,19:15,64.8,64.5,37.8,36.8,0.0,N@4.6,5.7,78.5,0.0,0,"McNary, Benton County",100031,McNary,2017-12-10 16:40:16.246845
2012-09-02,19:30,64.0,63.8,37.3,37.1,0.0,N@5.0,6.7,78.6,0.0,0,"McNary, Benton County",100031,McNary,2017-12-10 16:40:16.246845
2012-09-02,19:45,64.7,64.7,36.5,35.2,0.0,N@5.5,6.7,78.7,0.0,0,"McNary, Benton County",100031,McNary,2017-12-10 16:40:16.246845
2012-09-02,20:00,63.3,63.1,36.0,36.1,0.0,N@6.0,8.2,78.7,0.0,0,"McNary, Benton County",100031,McNary,2017-12-10 16:40:16.246845
2012-09-02,20:15,62.7,62.7,33.7,33.7,0.0,N@6.0,7.8,78.8,0.0,0,"McNary, Benton County",100031,McNary,2017-12-10 16:40:16.246845
2012-09-02,20:30,61.6,61.1,34.3,35.9,0.0,N@4.3,6.0,78.9,0.0,0,"McNary, Benton County",100031,McNary,2017-12-10 16:40:16.246845
2012-09-02,20:45,62.9,62.9,34.1,34.0,0.0,N@5.0,6.0,79.0,0.0,0,"McNary, Benton County",100031,McNary,2017-12-10 16:40:16.246845
2012-09-02,21:00,61.8,61.4,35.7,37.5,0.0,N@2.8,6.0,79.0,0.0,0,"McNary, Benton County",100031,McNary,2017-12-10 16:40:16.246845
2012-09-02,21:15,62.0,62.3,35.3,36.8,0.0,N@2.6,3.5,79.1,0.0,0,"McNary, Benton County",100031,McNary,2017-12-10 16:40:16.246845
2012-09-02,21:30,62.7,62.9,36.8,38.2,0.0,W@3.4,4.2,79.1,0.0,0,"McNary, Benton County",100031,McNary,2017-12-10 16:40:16.246845
2012-09-02,21:45,58.4,58.1,43.3,57.1,0.0,W@3.6,6.4,79.1,0.0,0,"McNary, Benton County",100031,McNary,2017-12-10 16:40:16.246845
2012-09-02,22:00,55.8,55.5,40.3,55.9,0.0,N@5.0,7.1,79.1,0.0,0,"McNary, Benton County",100031,McNary,2017-12-10 16:40:16.246845
2012-09-02,22:15,55.0,54.8,39.2,55.1,0.0,N@3.9,6.7,79.2,0.0,0,"McNary, Benton County",100031,McNary,2017-12-10 16:40:16.246845
2012-09-02,22:30,55.1,55.1,41.2,59.3,0.0,N@3.3,4.6,79.2,0.0,0,"McNary, Benton County",100031,McNary,2017-12-10 16:40:16.246845
2012-09-02,22:45,55.0,54.9,38.9,54.6,0.0,N@4.4,6.4,79.2,0.0,0,"McNary, Benton County",100031,McNary,2017-12-10 16:40:16.246845
2012-09-02,23:00,54.7,54.5,41.7,61.3,0.0,NE@3.4,4.9,79.1,0.0,0,"McNary, Benton County",100031,McNary,2017-12-10 16:40:16.246845
2012-09-03,23:15,53.3,53.3,41.3,63.6,0.0,NE@3.3,4.6,79.1,0.0,0,"McNary, Benton County",100031,McNary,2017-12-10 16:40:16.246845
2012-09-03,23:30,54.8,54.8,40.1,57.6,0.0,NE@3.6,5.7,79.1,0.0,0,"McNary, Benton County",100031,McNary,2017-12-10 16:40:16.246845
2012-09-03,23:45,54.6,54.8,39.9,57.4,0.0,N@4.0,5.3,79.1,0.0,0,"McNary, Benton County",100031,McNary,2017-12-10 16:40:16.246845
2012-09-03,24:00,54.6,54.6,39.9,57.4,0.0,N@4.0,5.3,79.0,0.0,0,"McNary, Benton County",100031,McNary,2017-12-10 16:40:16.246845
2012-09-03,00:15,54.7,54.7,40.1,57.7,0.0,N@3.7,4.6,79.0,0.0,0,"McNary, Benton County",100031,McNary,2017-12-10 16:40:16.246845
2012-09-03,00:30,55.5,55.5,39.8,55.4,0.0,N@3.1,4.6,79.0,0.0,0,"McNary, Benton County",100031,McNary,2017-12-10 16:40:16.246845
2012-09-03,00:45,54.9,54.8,40.0,57.1,0.0,N@3.7,4.6,78.9,0.0,0,"McNary, Benton County",100031,McNary,2017-12-10 16:40:16.246845
2012-09-03,01:00,55.6,55.7,40.4,56.5,0.0,N@3.7,4.2,78.9,0.0,0,"McNary, Benton County",100031,McNary,2017-12-10 16:40:16.246845
2012-09-03,01:15,54.5,54.3,41.0,60.2,0.0,N@4.0,4.9,78.8,0.0,0,"McNary, Benton County",100031,McNary,2017-12-10 16:40:16.246845
2012-09-03,01:30,54.6,54.4,41.2,60.3,0.0,N@3.8,4.6,78.7,0.0,0,"McNary, Benton County",100031,McNary,2017-12-10 16:40:16.246845
2012-09-03,01:45,53.9,53.7,41.4,62.4,0.0,N@3.6,4.2,78.7,0.0,0,"McNary, Benton County",100031,McNary,2017-12-10 16:40:16.246845
2012-09-03,02:00,53.0,52.7,41.5,64.8,0.0,N@3.7,4.9,78.6,0.0,0,"McNary, Benton County",100031,McNary,2017-12-10 16:40:16.246845
2012-09-03,02:15,52.1,51.9,41.3,66.4,0.0,N@4.0,4.9,78.5,0.0,0,"McNary, Benton County",100031,McNary,2017-12-10 16:40:16.246845
2012-09-03,02:30,52.8,52.9,41.6,65.5,0.0,N@3.7,4.9,78.4,0.0,0,"McNary, Benton County",100031,McNary,2017-12-10 16:40:16.246845
2012-09-03,02:45,53.5,53.5,41.8,64.5,0.0,N@3.4,4.2,78.4,0.0,0,"McNary, Benton County",100031,McNary,2017-12-10 16:40:16.246845
2012-09-03,03:00,53.2,53.2,41.9,65.3,0.0,N@3.6,4.9,78.3,0.0,0,"McNary, Benton County",100031,McNary,2017-12-10 16:40:16.246845
2012-09-03,03:15,52.9,52.8,41.6,65.4,0.0,N@3.6,4.6,78.2,0.0,0,"McNary, Benton County",100031,McNary,2017-12-10 16:40:16.246845
2012-09-03,03:30,52.9,53.0,41.6,65.3,0.0,N@2.7,3.5,78.1,0.0,0,"McNary, Benton County",100031,McNary,2017-12-10 16:40:16.246845
2012-09-03,03:45,52.9,53.1,41.8,66.0,0.0,N@3.3,4.2,78.0,0.0,0,"McNary, Benton County",100031,McNary,2017-12-10 16:40:16.246845
2012-09-03,04:00,51.9,51.9,41.9,68.5,0.0,N@3.4,3.9,78.0,0.0,0,"McNary, Benton County",100031,McNary,2017-12-10 16:40:16.246845
2012-09-03,04:15,51.8,51.7,41.8,68.6,0.0,N@3.5,3.9,77.9,0.0,0,"McNary, Benton County",100031,McNary,2017-12-10 16:40:16.246845
2012-09-03,04:30,51.1,51.1,41.9,70.5,0.0,N@3.6,4.2,77.8,0.0,0,"McNary, Benton County",100031,McNary,2017-12-10 16:40:16.246845
2012-09-03,04:45,51.2,51.1,42.1,71.0,0.0,N@3.0,3.9,77.7,0.0,0,"McNary, Benton County",100031,McNary,2017-12-10 16:40:16.246845
2012-09-03,05:00,51.6,51.5,41.7,68.6,0.0,N@3.6,4.2,77.6,0.0,1,"McNary, Benton County",100031,McNary,2017-12-10 16:40:16.246845
2012-09-03,05:15,51.2,51.0,41.6,69.6,0.0,N@3.8,4.2,77.5,0.0,2,"McNary, Benton County",100031,McNary,2017-12-10 16:40:16.246845
2012-09-03,05:30,51.1,51.0,41.7,70.1,0.0,N@2.9,4.2,77.4,0.0,9,"McNary, Benton County",100031,McNary,2017-12-10 16:40:16.246845
2012-09-03,05:45,51.9,52.0,41.7,68.1,0.0,N@2.8,3.5,77.3,0.0,40,"McNary, Benton County",100031,McNary,2017-12-10 16:40:16.246845
2012-09-03,06:00,52.0,52.0,42.4,69.5,0.0,N@2.9,3.9,77.2,0.0,79,"McNary, Benton County",100031,McNary,2017-12-10 16:40:16.246845
2012-09-03,06:15,54.0,54.1,43.7,67.9,0.0,NE@2.0,3.1,77.1,0.0,120,"McNary, Benton County",100031,McNary,2017-12-10 16:40:16.246845
2012-09-03,06:30,54.9,55.1,45.5,70.4,0.0,NE@2.1,3.1,77.0,0.0,165,"McNary, Benton County",100031,McNary,2017-12-10 16:40:16.246845
2012-09-03,06:45,57.6,58.1,45.5,64.0,0.0,E@2.0,3.1,76.9,0.0,209,"McNary, Benton County",100031,McNary,2017-12-10 16:40:16.246845
2012-09-03,07:00,59.6,59.7,45.3,59.1,0.0,SE@2.7,4.9,76.8,0.0,254,"McNary, Benton County",100031,McNary,2017-12-10 16:40:16.246845
2012-09-03,07:15,60.0,59.8,43.6,54.5,0.0,SE@4.1,5.7,76.7,0.0,301,"McNary, Benton County",100031,McNary,2017-12-10 16:40:16.246845
2012-09-03,07:30,61.0,61.0,42.9,51.3,0.0,SE@3.1,4.9,76.6,0.0,346,"McNary, Benton County",100031,McNary,2017-12-10 16:40:16.246845
2012-09-03,07:45,62.5,62.4,43.0,48.8,0.0,SE@2.5,4.6,76.5,0.0,391,"McNary, Benton County",100031,McNary,2017-12-10 16:40:16.246845
2012-09-03,08:00,63.5,63.3,43.7,48.4,0.0,S@2.8,5.7,76.4,0.0,434,"McNary, Benton County",100031,McNary,2017-12-10 16:40:16.246845
2012-09-03,08:15,64.2,63.9,44.4,48.4,0.0,S@3.6,6.0,76.3,0.0,478,"McNary, Benton County",100031,McNary,2017-12-10 16:40:16.246845
2012-09-03,08:30,64.5,64.2,44.3,47.7,0.0,SE@3.6,6.0,76.2,0.0,520,"McNary, Benton County",100031,McNary,2017-12-10 16:40:16.246845
2012-09-03,08:45,65.3,65.2,45.3,48.3,0.0,S@2.9,5.3,76.1,0.0,559,"McNary, Benton County",100031,McNary,2017-12-10 16:40:16.246845
2012-09-03,09:00,65.7,65.5,45.7,48.3,0.0,SW@3.5,5.7,76.0,0.0,596,"McNary, Benton County",100031,McNary,2017-12-10 16:40:16.246845
2012-09-03,09:15,66.1,66.0,46.0,48.2,0.0,SW@2.9,7.4,75.9,0.0,630,"McNary, Benton County",100031,McNary,2017-12-10 16:40:16.246845
2012-09-03,09:30,67.6,67.4,46.4,46.5,0.0,SW@3.4,6.7,75.8,0.0,662,"McNary, Benton County",100031,McNary,2017-12-10 16:40:16.246845
2012-09-03,09:45,69.0,68.7,46.7,44.9,0.0,SW@2.8,5.3,75.7,0.0,690,"McNary, Benton County",100031,McNary,2017-12-10 16:40:16.246845
2012-09-03,10:00,69.2,69.0,47.2,45.4,0.0,SW@3.3,6.0,75.6,0.0,719,"McNary, Benton County",100031,McNary,2017-12-10 16:40:16.246845
2012-09-03,10:15,70.6,70.7,47.3,43.5,0.0,W@3.1,5.7,75.5,0.0,743,"McNary, Benton County",100031,McNary,2017-12-10 16:40:16.246845
2012-09-03,10:30,71.7,71.3,45.1,38.5,0.0,S@4.1,7.1,75.5,0.0,765,"McNary, Benton County",100031,McNary,2017-12-10 16:40:16.246845
2012-09-03,10:45,72.5,72.1,45.3,37.7,0.0,S@4.8,7.8,75.4,0.0,782,"McNary, Benton County",100031,McNary,2017-12-10 16:40:16.246845
2012-09-03,11:00,72.8,72.5,46.5,39.1,0.0,SW@4.3,8.5,75.4,0.0,797,"McNary, Benton County",100031,McNary,2017-12-10 16:40:16.246845
2012-09-03,11:15,74.1,73.8,46.8,37.9,0.0,SW@3.8,7.1,75.4,0.0,807,"McNary, Benton County",100031,McNary,2017-12-10 16:40:16.246845
2012-09-03,11:30,74.2,73.9,47.0,38.0,0.0,SW@4.3,7.1,75.3,0.0,814,"McNary, Benton County",100031,McNary,2017-12-10 16:40:16.246845
2012-09-03,11:45,75.2,75.0,46.4,36.0,0.0,SW@3.7,6.7,75.3,0.0,816,"McNary, Benton County",100031,McNary,2017-12-10 16:40:16.246845
2012-09-03,12:00,76.9,76.5,47.0,34.8,0.0,W@3.7,6.7,75.3,0.0,816,"McNary, Benton County",100031,McNary,2017-12-10 16:40:16.246845
2012-09-03,12:15,78.1,77.8,45.9,32.0,0.0,S@3.2,7.8,75.3,0.0,812,"McNary, Benton County",100031,McNary,2017-12-10 16:40:16.246845
2012-09-03,12:30,78.2,77.7,45.7,31.6,0.0,S@5.2,9.2,75.4,0.0,807,"McNary, Benton County",100031,McNary,2017-12-10 16:40:16.246845
2012-09-03,12:45,79.4,78.9,46.5,31.4,0.0,SW@4.4,8.2,75.4,0.0,797,"McNary, Benton County",100031,McNary,2017-12-10 16:40:16.246845
2012-09-03,13:00,79.3,78.8,45.5,30.3,0.0,S@4.6,9.6,75.4,0.0,784,"McNary, Benton County",100031,McNary,2017-12-10 16:40:16.246845
2012-09-03,13:15,79.8,79.4,44.6,28.9,0.0,S@6.6,9.9,75.5,0.0,769,"McNary, Benton County",100031,McNary,2017-12-10 16:40:16.246845
2012-09-03,13:30,80.1,79.6,45.2,29.2,0.0,S@5.6,9.6,75.6,0.0,751,"McNary, Benton County",100031,McNary,2017-12-10 16:40:16.246845
2012-09-03,13:45,80.5,79.9,45.6,29.3,0.0,S@5.0,7.8,75.7,0.0,728,"McNary, Benton County",100031,McNary,2017-12-10 16:40:16.246845
2012-09-03,14:00,81.9,81.4,45.5,27.9,0.0,S@4.9,8.2,75.8,0.0,702,"McNary, Benton County",100031,McNary,2017-12-10 16:40:16.246845
2012-09-03,14:15,81.1,80.5,46.0,29.1,0.0,SW@4.7,7.4,75.9,0.0,676,"McNary, Benton County",100031,McNary,2017-12-10 16:40:16.246845
2012-09-03,14:30,82.1,81.7,43.8,25.9,0.0,S@3.7,6.4,76.0,0.0,643,"McNary, Benton County",100031,McNary,2017-12-10 16:40:16.246845
2012-09-03,14:45,82.7,81.9,45.2,26.8,0.0,SW@5.4,8.2,76.1,0.0,609,"McNary, Benton County",100031,McNary,2017-12-10 16:40:16.246845
2012-09-03,15:00,82.8,82.4,43.5,25.1,0.0,S@6.3,9.9,76.2,0.0,575,"McNary, Benton County",100031,McNary,2017-12-10 16:40:16.246845
2012-09-03,15:15,82.8,82.2,43.9,25.4,0.0,S@6.4,8.9,76.4,0.0,534,"McNary, Benton County",100031,McNary,2017-12-10 16:40:16.246845
2012-09-03,15:30,82.6,82.4,42.5,24.3,0.0,S@5.0,7.8,76.5,0.0,493,"McNary, Benton County",100031,McNary,2017-12-10 16:40:16.246845
2012-09-03,15:45,82.8,82.3,40.4,22.2,0.0,S@4.1,6.7,76.6,0.0,452,"McNary, Benton County",100031,McNary,2017-12-10 16:40:16.246845
2012-09-03,16:00,83.2,82.6,42.1,23.5,0.0,SW@4.1,7.1,76.8,0.0,407,"McNary, Benton County",100031,McNary,2017-12-10 16:40:16.246845
2012-09-03,16:15,82.9,82.4,39.6,21.5,0.0,S@4.4,6.4,77.0,0.0,362,"McNary, Benton County",100031,McNary,2017-12-10 16:40:16.246845
2012-09-03,16:30,83.0,82.5,41.2,22.7,0.0,S@3.0,4.9,77.1,0.0,315,"McNary, Benton County",100031,McNary,2017-12-10 16:40:16.246845
2012-09-03,16:45,82.7,82.1,41.0,22.8,0.0,S@3.2,4.9,77.3,0.0,269,"McNary, Benton County",100031,McNary,2017-12-10 16:40:16.246845
2012-09-03,17:00,82.2,81.7,41.9,24.1,0.0,S@3.4,5.3,77.4,0.0,224,"McNary, Benton County",100031,McNary,2017-12-10 16:40:16.246845
2012-09-03,17:15,82.2,81.7,43.9,26.0,0.0,S@2.1,4.2,77.6,0.0,181,"McNary, Benton County",100031,McNary,2017-12-10 16:40:16.246845
2012-09-03,17:30,81.7,81.1,42.2,24.7,0.0,SE@1.8,3.1,77.7,0.0,140,"McNary, Benton County",100031,McNary,2017-12-10 16:40:16.246845
2012-09-03,17:45,80.8,79.8,46.4,29.9,0.0,NE@1.8,2.4,77.9,0.0,102,"McNary, Benton County",100031,McNary,2017-12-10 16:40:16.246845
2012-09-03,18:00,78.9,77.5,50.2,36.6,0.0,N@2.5,3.5,78.0,0.0,67,"McNary, Benton County",100031,McNary,2017-12-10 16:40:16.246845
2012-09-03,18:15,73.4,71.9,52.7,48.2,0.0,NE@4.0,5.7,78.1,0.0,37,"McNary, Benton County",100031,McNary,2017-12-10 16:40:16.246845
2012-09-03,18:30,68.9,68.6,53.0,56.8,0.0,NE@4.9,5.7,78.3,0.0,14,"McNary, Benton County",100031,McNary,2017-12-10 16:40:16.246845
2012-09-03,18:45,67.5,67.3,51.7,56.9,0.0,NE@4.9,6.4,78.4,0.0,3,"McNary, Benton County",100031,McNary,2017-12-10 16:40:16.246845
2012-09-03,19:00,67.3,67.3,50.6,54.9,0.0,NE@4.9,6.7,78.5,0.0,1,"McNary, Benton County",100031,McNary,2017-12-10 16:40:16.246845
2012-09-03,19:15,67.1,67.0,50.1,54.3,0.0,N@4.3,6.7,78.6,0.0,0,"McNary, Benton County",100031,McNary,2017-12-10 16:40:16.246845
2012-09-03,19:30,66.6,66.6,48.2,51.4,0.0,N@5.0,6.7,78.7,0.0,0,"McNary, Benton County",100031,McNary,2017-12-10 16:40:16.246845
2012-09-03,19:45,67.8,67.7,48.1,49.2,0.0,N@5.4,6.7,78.8,0.0,0,"McNary, Benton County",100031,McNary,2017-12-10 16:40:16.246845
2012-09-03,20:00,68.8,68.6,47.7,46.8,0.0,N@4.9,6.4,78.9,0.0,0,"McNary, Benton County",100031,McNary,2017-12-10 16:40:16.246845
2012-09-03,20:15,67.4,67.2,47.9,49.6,0.0,N@4.5,5.7,79.0,0.0,0,"McNary, Benton County",100031,McNary,2017-12-10 16:40:16.246845
2012-09-03,20:30,67.7,67.6,47.6,48.5,0.0,N@5.3,7.8,79.1,0.0,0,"McNary, Benton County",100031,McNary,2017-12-10 16:40:16.246845
2012-09-03,20:45,65.6,65.4,48.4,53.8,0.0,N@4.2,5.3,79.1,0.0,0,"McNary, Benton County",100031,McNary,2017-12-10 16:40:16.246845
2012-09-03,21:00,66.8,66.9,47.2,49.3,0.0,N@5.2,7.1,79.2,0.0,0,"McNary, Benton County",100031,McNary,2017-12-10 16:40:16.246845
2012-09-03,21:15,68.2,68.2,45.8,44.5,0.0,N@5.3,7.1,79.2,0.0,0,"McNary, Benton County",100031,McNary,2017-12-10 16:40:16.246845
2012-09-03,21:30,66.9,66.4,46.6,47.9,0.0,N@3.6,6.4,79.3,0.0,0,"McNary, Benton County",100031,McNary,2017-12-10 16:40:16.246845
2012-09-03,21:45,64.2,64.1,47.5,54.4,0.0,W@2.7,4.6,79.3,0.0,0,"McNary, Benton County",100031,McNary,2017-12-10 16:40:16.246845
2012-09-03,22:00,65.2,65.0,46.8,51.4,0.0,NW@2.4,3.9,79.3,0.0,0,"McNary, Benton County",100031,McNary,2017-12-10 16:40:16.246845
2012-09-03,22:15,60.9,60.4,49.4,65.8,0.0,SW@4.9,8.9,79.4,0.0,0,"McNary, Benton County",100031,McNary,2017-12-10 16:40:16.246845
2012-09-03,22:30,57.6,57.3,49.6,74.6,0.0,W@4.0,4.9,79.4,0.0,0,"McNary, Benton County",100031,McNary,2017-12-10 16:40:16.246845
2012-09-03,22:45,57.2,57.1,48.4,72.3,0.0,NW@4.0,5.3,79.4,0.0,0,"McNary, Benton County",100031,McNary,2017-12-10 16:40:16.246845
2012-09-03,23:00,55.9,55.7,46.7,70.9,0.0,N@4.2,5.7,79.4,0.0,0,"McNary, Benton County",100031,McNary,2017-12-10 16:40:16.246845
2012-09-04,23:15,55.9,55.9,45.6,68.2,0.0,N@5.5,6.7,79.4,0.0,0,"McNary, Benton County",100031,McNary,2017-12-10 16:40:16.246845
2012-09-04,23:30,58.0,57.9,44.8,61.5,0.0,N@6.8,11.7,79.4,0.0,0,"McNary, Benton County",100031,McNary,2017-12-10 16:40:16.246845
2012-09-04,23:45,59.6,59.5,45.5,59.5,0.0,N@4.7,7.4,79.3,0.0,0,"McNary, Benton County",100031,McNary,2017-12-10 16:40:16.246845
2012-09-04,24:00,59.4,59.1,45.5,59.9,0.0,N@3.1,4.6,79.3,0.0,0,"McNary, Benton County",100031,McNary,2017-12-10 16:40:16.246845
2012-09-04,00:15,58.8,58.6,45.6,61.5,0.0,N@3.8,5.3,79.3,0.0,0,"McNary, Benton County",100031,McNary,2017-12-10 16:40:16.246845
2012-09-04,00:30,56.8,56.8,46.4,68.0,0.0,NE@4.0,5.3,79.3,0.0,0,"McNary, Benton County",100031,McNary,2017-12-10 16:40:16.246845
2012-09-04,00:45,59.6,59.8,45.0,58.4,0.0,N@3.3,5.7,79.2,0.0,0,"McNary, Benton County",100031,McNary,2017-12-10 16:40:16.246845
2012-09-04,01:00,59.4,59.3,45.4,59.8,0.0,NE@3.5,6.7,79.2,0.0,0,"McNary, Benton County",100031,McNary,2017-12-10 16:40:16.246845
2012-09-04,01:15,57.6,57.3,46.0,65.2,0.0,NE@2.8,4.6,79.1,0.0,0,"McNary, Benton County",100031,McNary,2017-12-10 16:40:16.246845
2012-09-04,01:30,58.0,58.0,45.5,62.9,0.0,N@3.0,4.9,79.1,0.0,0,"McNary, Benton County",100031,McNary,2017-12-10 16:40:16.246845
2012-09-04,01:45,58.2,58.1,45.1,61.7,0.0,N@3.1,5.3,79.0,0.0,0,"McNary, Benton County",100031,McNary,2017-12-10 16:40:16.246845
2012-09-04,02:00,58.2,58.1,45.0,61.5,0.0,N@3.5,5.3,79.0,0.0,0,"McNary, Benton County",100031,McNary,2017-12-10 16:40:16.246845
2012-09-04,02:15,57.9,57.8,44.8,61.7,0.0,N@3.6,4.6,78.9,0.0,0,"McNary, Benton County",100031,McNary,2017-12-10 16:40:16.246845
2012-09-04,02:30,57.9,57.7,44.2,60.2,0.0,N@2.7,4.2,78.8,0.0,0,"McNary, Benton County",100031,McNary,2017-12-10 16:40:16.246845
2012-09-04,02:45,57.5,57.3,44.3,61.4,0.0,N@3.2,4.2,78.8,0.0,0,"McNary, Benton County",100031,McNary,2017-12-10 16:40:16.246845
2012-09-04,03:00,57.5,57.6,44.4,61.6,0.0,N@3.0,4.6,78.7,0.0,0,"McNary, Benton County",100031,McNary,2017-12-10 16:40:16.246845
2012-09-04,03:15,56.0,55.9,44.7,65.6,0.0,N@3.5,4.6,78.6,0.0,0,"McNary, Benton County",100031,McNary,2017-12-10 16:40:16.246845
2012-09-04,03:30,55.8,55.9,45.0,66.9,0.0,N@3.2,4.2,78.6,0.0,0,"McNary, Benton County",100031,McNary,2017-12-10 16:40:16.246845
2012-09-04,03:45,56.3,56.2,45.3,66.4,0.0,N@3.1,4.6,78.5,0.0,0,"McNary, Benton County",100031,McNary,2017-12-10 16:40:16.246845
2012-09-04,04:00,53.1,52.6,44.5,72.2,0.0,N@2.4,4.6,78.4,0.0,0,"McNary, Benton County",100031,McNary,2017-12-10 16:40:16.246845
2012-09-04,04:15,52.4,52.3,45.6,77.4,0.01,N@2.8,3.5,78.3,0.0,0,"McNary, Benton County",100031,McNary,2017-12-10 16:40:16.246845
2012-09-04,04:30,53.1,53.1,45.7,76.0,0.0,N@3.2,4.6,78.3,0.0,0,"McNary, Benton County",100031,McNary,2017-12-10 16:40:16.246845
2012-09-04,04:45,52.6,52.4,45.5,76.7,0.0,N@3.9,5.3,78.2,0.0,0,"McNary, Benton County",100031,McNary,2017-12-10 16:40:16.246845
2012-09-04,05:00,52.6,52.6,45.5,76.4,0.0,N@3.6,4.2,78.1,0.0,1,"McNary, Benton County",100031,McNary,2017-12-10 16:40:16.246845
2012-09-04,05:15,52.4,52.1,45.1,76.2,0.01,N@2.7,3.5,78.0,0.0,2,"McNary, Benton County",100031,McNary,2017-12-10 16:40:16.246845
2012-09-04,05:30,52.9,52.7,45.1,74.6,0.0,N@3.4,4.2,77.9,0.0,8,"McNary, Benton County",100031,McNary,2017-12-10 16:40:16.246845
2012-09-04,05:45,53.3,53.3,44.8,73.0,0.0,N@3.1,3.9,77.8,0.0,33,"McNary, Benton County",100031,McNary,2017-12-10 16:40:16.246845
2012-09-04,06:00,53.5,53.8,45.2,73.2,0.0,N@2.3,3.5,77.8,0.0,68,"McNary, Benton County",100031,McNary,2017-12-10 16:40:16.246845
2012-09-04,06:15,55.0,55.5,46.0,71.6,0.0,N@2.6,3.1,77.7,0.0,109,"McNary, Benton County",100031,McNary,2017-12-10 16:40:16.246845
2012-09-04,06:30,56.7,57.6,46.9,69.7,0.0,N@2.4,3.1,77.6,0.0,153,"McNary, Benton County",100031,McNary,2017-12-10 16:40:16.246845
2012-09-04,06:45,59.1,59.9,48.4,67.8,0.0,N@2.0,2.8,77.5,0.0,197,"McNary, Benton County",100031,McNary,2017-12-10 16:40:16.246845
2012-09-04,07:00,63.0,63.5,48.0,58.0,0.0,E@1.3,3.1,77.4,0.0,243,"McNary, Benton County",100031,McNary,2017-12-10 16:40:16.246845
2012-09-04,07:15,62.7,62.2,47.9,58.4,0.0,S@2.9,4.2,77.3,0.0,289,"McNary, Benton County",100031,McNary,2017-12-10 16:40:16.246845
2012-09-04,07:30,63.1,63.0,47.9,57.5,0.0,SE@2.5,3.9,77.2,0.0,335,"McNary, Benton County",100031,McNary,2017-12-10 16:40:16.246845
2012-09-04,07:45,63.8,63.5,48.3,56.9,0.0,S@2.9,4.6,77.1,0.0,379,"McNary, Benton County",100031,McNary,2017-12-10 16:40:16.246845
2012-09-04,08:00,64.4,64.1,48.2,55.6,0.0,S@2.9,4.2,77.0,0.0,425,"McNary, Benton County",100031,McNary,2017-12-10 16:40:16.246845
2012-09-04,08:15,65.4,65.2,48.4,54.2,0.0,S@3.1,5.7,76.9,0.0,467,"McNary, Benton County",100031,McNary,2017-12-10 16:40:16.246845
2012-09-04,08:30,66.3,66.3,48.1,51.8,0.0,SE@3.1,5.7,76.8,0.0,508,"McNary, Benton County",100031,McNary,2017-12-10 16:40:16.246845
2012-09-04,08:45,66.9,66.7,47.6,49.8,0.0,S@3.4,5.3,76.7,0.0,548,"McNary, Benton County",100031,McNary,2017-12-10 16:40:16.246845
2012-09-04,09:00,68.4,68.1,47.1,46.5,0.0,SE@3.4,6.4,76.6,0.0,587,"McNary, Benton County",100031,McNary,2017-12-10 16:40:16.246845
2012-09-04,09:15,69.6,69.2,46.9,44.2,0.0,SE@3.5,6.4,76.5,0.0,621,"McNary, Benton County",100031,McNary,2017-12-10 16:40:16.246845
2012-09-04,09:30,70.3,70.1,46.8,43.0,0.0,S@3.3,5.7,76.4,0.0,653,"McNary, Benton County",100031,McNary,2017-12-10 16:40:16.246845
2012-09-04,09:45,71.9,71.5,46.6,40.4,0.0,SE@3.5,5.7,76.3,0.0,683,"McNary, Benton County",100031,McNary,2017-12-10 16:40:16.246845
2012-09-04,10:00,72.7,72.4,46.7,39.6,0.0,S@3.2,6.0,76.2,0.0,709,"McNary, Benton County",100031,McNary,2017-12-10 16:40:16.246845
2012-09-04,10:15,74.3,74.0,46.8,37.6,0.0,SE@3.0,5.3,76.2,0.0,732,"McNary, Benton County",100031,McNary,2017-12-10 16:40:16.246845
2012-09-04,10:30,75.3,75.0,47.3,37.0,0.0,S@3.1,5.7,76.1,0.0,752,"McNary, Benton County",100031,McNary,2017-12-10 16:40:16.246845
2012-09-04,10:45,77.0,76.4,48.8,36.9,0.0,SW@3.0,6.4,76.1,0.0,767,"McNary, Benton County",100031,McNary,2017-12-10 16:40:16.246845
2012-09-04,11:00,77.3,76.8,47.5,35.0,0.0,SE@3.1,5.3,76.0,0.0,780,"McNary, Benton County",100031,McNary,2017-12-10 16:40:16.246845
2012-09-04,11:15,78.5,77.9,48.1,34.4,0.0,SW@2.8,5.3,76.0,0.0,787,"McNary, Benton County",100031,McNary,2017-12-10 16:40:16.246845
2012-09-04,11:30,79.5,79.0,48.6,33.9,0.0,S@3.9,7.1,76.0,0.0,793,"McNary, Benton County",100031,McNary,2017-12-10 16:40:16.246845
2012-09-04,11:45,79.8,79.3,47.8,32.5,0.0,SE@3.9,7.1,76.0,0.0,801,"McNary, Benton County",100031,McNary,2017-12-10 16:40:16.246845
2012-09-04,12:00,81.0,80.5,48.4,32.0,0.0,SE@3.2,7.1,76.0,0.0,798,"McNary, Benton County",100031,McNary,2017-12-10 16:40:16.246845
2012-09-04,12:15,81.3,80.8,48.8,32.1,0.0,S@4.0,7.4,76.0,0.0,794,"McNary, Benton County",100031,McNary,2017-12-10 16:40:16.246845
2012-09-04,12:30,82.3,81.7,47.6,29.8,0.0,NE@3.7,9.2,76.0,0.0,788,"McNary, Benton County",100031,McNary,2017-12-10 16:40:16.246845
2012-09-04,12:45,82.9,82.2,46.2,27.7,0.0,NE@4.0,9.6,76.0,0.0,777,"McNary, Benton County",100031,McNary,2017-12-10 16:40:16.246845
2012-09-04,13:00,83.3,82.6,45.1,26.2,0.0,E@3.9,6.4,76.1,0.0,766,"McNary, Benton County",100031,McNary,2017-12-10 16:40:16.246845
2012-09-04,13:15,84.0,83.6,48.7,29.3,0.0,NW@2.8,7.4,76.1,0.0,744,"McNary, Benton County",100031,McNary,2017-12-10 16:40:16.246845
2012-09-04,13:30,84.2,83.5,44.0,24.4,0.0,N@4.3,8.9,76.2,0.0,732,"McNary, Benton County",100031,McNary,2017-12-10 16:40:16.246845
2012-09-04,13:45,84.9,84.1,41.3,21.5,0.0,NE@2.9,5.7,76.3,0.0,709,"McNary, Benton County",100031,McNary,2017-12-10 16:40:16.246845
2012-09-04,14:00,84.2,83.7,41.9,22.5,0.0,E@4.0,7.8,76.4,0.0,685,"McNary, Benton County",100031,McNary,2017-12-10 16:40:16.246845
2012-09-04,14:15,85.1,84.4,41.7,21.7,0.0,E@6.2,10.7,76.5,0.0,660,"McNary, Benton County",100031,McNary,2017-12-10 16:40:16.246845
2012-09-04,14:30,84.7,84.0,41.4,21.7,0.0,SE@5.0,11.4,76.6,0.0,628,"McNary, Benton County",100031,McNary,2017-12-10 16:40:16.246845
2012-09-04,14:45,85.1,84.3,42.1,22.0,0.0,E@5.9,9.6,76.7,0.0,594,"McNary, Benton County",100031,McNary,2017-12-10 16:40:16.246845
2012-09-04,15:00,84.9,84.2,42.4,22.4,0.0,E@6.9,11.7,76.9,0.0,559,"McNary, Benton County",100031,McNary,2017-12-10 16:40:16.246845
2012-09-04,15:15,84.8,84.0,43.2,23.2,0.0,E@6.8,11.7,77.0,0.0,521,"McNary, Benton County",100031,McNary,2017-12-10 16:40:16.246845
2012-09-04,15:30,84.5,83.8,43.1,23.4,0.0,E@5.7,9.2,77.1,0.0,481,"McNary, Benton County",100031,McNary,2017-12-10 16:40:16.246845
2012-09-04,15:45,84.6,83.9,43.4,23.6,0.0,E@5.1,8.5,77.3,0.0,441,"McNary, Benton County",100031,McNary,2017-12-10 16:40:16.246845
2012-09-04,16:00,84.4,83.8,45.6,25.8,0.0,N@4.5,10.7,77.4,0.0,397,"McNary, Benton County",100031,McNary,2017-12-10 16:40:16.246845
2012-09-04,16:15,84.3,83.7,43.3,23.7,0.0,N@5.9,10.3,77.6,0.0,356,"McNary, Benton County",100031,McNary,2017-12-10 16:40:16.246845
2012-09-04,16:30,84.2,83.4,43.7,24.2,0.0,N@6.6,10.7,77.8,0.0,311,"McNary, Benton County",100031,McNary,2017-12-10 16:40:16.246845
2012-09-04,16:45,83.9,83.0,44.7,25.3,0.0,NE@6.3,10.3,77.9,0.0,268,"McNary, Benton County",100031,McNary,2017-12-10 16:40:16.246845
2012-09-04,17:00,83.0,82.1,45.0,26.4,0.0,NE@6.5,9.6,78.1,0.0,223,"McNary, Benton County",100031,McNary,2017-12-10 16:40:16.246845
2012-09-04,17:15,82.0,81.1,47.3,29.8,0.0,NE@5.6,9.2,78.2,0.0,180,"McNary, Benton County",100031,McNary,2017-12-10 16:40:16.246845
2012-09-04,17:30,80.6,79.7,48.3,32.3,0.0,NE@6.0,10.3,78.4,0.0,140,"McNary, Benton County",100031,McNary,2017-12-10 16:40:16.246845
2012-09-04,17:45,78.5,77.6,49.8,36.5,0.0,N@5.4,7.4,78.5,0.0,103,"McNary, Benton County",100031,McNary,2017-12-10 16:40:16.246845
2012-09-04,18:00,76.3,75.5,49.2,38.5,0.0,N@5.6,7.1,78.6,0.0,68,"McNary, Benton County",100031,McNary,2017-12-10 16:40:16.246845
2012-09-04,18:15,73.8,73.3,48.7,41.0,0.0,N@4.9,6.4,78.8,0.0,36,"McNary, Benton County",100031,McNary,2017-12-10 16:40:16.246845
2012-09-04,18:30,71.7,71.5,46.6,40.6,0.0,N@6.5,7.8,78.9,0.0,12,"McNary, Benton County",100031,McNary,2017-12-10 16:40:16.246845
2012-09-04,18:45,69.4,69.2,46.5,43.8,0.0,N@6.3,7.8,79.0,0.0,3,"McNary, Benton County",100031,McNary,2017-12-10 16:40:16.246845
2012-09-04,19:00,69.7,69.7,46.2,43.0,0.0,N@6.8,8.9,79.1,0.0,1,"McNary, Benton County",100031,McNary,2017-12-10 16:40:16.246845
2012-09-04,19:15,69.3,69.1,45.7,42.7,0.0,N@6.5,8.5,79.2,0.0,0,"McNary, Benton County",100031,McNary,2017-12-10 16:40:16.246845
2012-09-04,19:30,67.8,67.7,46.0,45.4,0.0,N@5.1,7.1,79.3,0.0,0,"McNary, Benton County",100031,McNary,2017-12-10 16:40:16.246845
2012-09-04,19:45,67.4,67.3,44.9,44.1,0.0,N@5.7,8.9,79.4,0.0,0,"McNary, Benton County",100031,McNary,2017-12-10 16:40:16.246845
2012-09-04,20:00,67.4,67.4,44.9,44.3,0.0,N@6.5,9.6,79.5,0.0,0,"McNary, Benton County",100031,McNary,2017-12-10 16:40:16.246845
2012-09-04,20:15,68.8,68.7,43.4,39.8,0.0,N@7.5,9.9,79.6,0.0,0,"McNary, Benton County",100031,McNary,2017-12-10 16:40:16.246845
2012-09-04,20:30,67.8,67.7,43.9,42.0,0.0,N@7.0,8.9,79.6,0.0,0,"McNary, Benton County",100031,McNary,2017-12-10 16:40:16.246845
2012-09-04,20:45,67.4,67.4,44.2,43.0,0.0,N@6.9,8.5,79.7,0.0,0,"McNary, Benton County",100031,McNary,2017-12-10 16:40:16.246845
2012-09-04,21:00,67.6,67.6,44.2,42.6,0.0,N@7.8,9.2,79.7,0.0,0,"McNary, Benton County",100031,McNary,2017-12-10 16:40:16.246845
2012-09-04,21:15,67.0,66.9,43.3,42.1,0.0,N@7.7,10.3,79.8,0.0,0,"McNary, Benton County",100031,McNary,2017-12-10 16:40:16.246845
2012-09-04,21:30,65.8,65.6,44.6,46.3,0.0,S@2.6,5.7,79.8,0.0,0,"McNary, Benton County",100031,McNary,2017-12-10 16:40:16.246845
2012-09-04,21:45,65.3,65.2,46.1,49.8,0.0,SW@3.1,6.4,79.8,0.0,0,"McNary, Benton County",100031,McNary,2017-12-10 16:40:16.246845
2012-09-04,22:00,62.6,62.2,48.0,58.6,0.0,W@3.3,4.6,79.9,0.0,0,"McNary, Benton County",100031,McNary,2017-12-10 16:40:16.246845
2012-09-04,22:15,61.7,61.7,48.2,61.0,0.0,W@3.8,4.9,79.9,0.0,0,"McNary, Benton County",100031,McNary,2017-12-10 16:40:16.246845
2012-09-04,22:30,59.6,59.1,48.3,66.0,0.0,N@2.5,3.1,79.9,0.0,0,"McNary, Benton County",100031,McNary,2017-12-10 16:40:16.246845
2012-09-04,22:45,59.2,59.0,45.6,60.7,0.0,N@4.4,6.7,79.9,0.0,0,"McNary, Benton County",100031,McNary,2017-12-10 16:40:16.246845
2012-09-04,23:00,59.7,59.4,45.5,59.4,0.0,N@3.9,6.0,79.9,0.0,0,"McNary, Benton County",100031,McNary,2017-12-10 16:40:16.246845
2012-09-05,23:15,59.1,59.0,45.4,60.3,0.0,N@4.1,5.7,79.9,0.0,0,"McNary, Benton County",100031,McNary,2017-12-10 16:40:16.246845
2012-09-05,23:30,59.3,59.0,45.6,60.3,0.0,N@3.6,4.6,79.9,0.0,0,"McNary, Benton County",100031,McNary,2017-12-10 16:40:16.246845
2012-09-05,23:45,57.9,57.5,45.6,63.3,0.0,N@4.2,5.3,79.8,0.0,0,"McNary, Benton County",100031,McNary,2017-12-10 16:40:16.246845
2012-09-05,24:00,57.5,57.1,45.4,63.9,0.0,N@3.8,4.9,79.8,0.0,0,"McNary, Benton County",100031,McNary,2017-12-10 16:40:16.246845
2012-09-05,00:15,56.9,56.6,43.5,60.6,0.0,N@4.1,5.3,79.8,0.0,0,"McNary, Benton County",100031,McNary,2017-12-10 16:40:16.246845
2012-09-05,00:30,58.3,58.3,43.1,56.9,0.0,NW@5.0,6.7,79.7,0.0,0,"McNary, Benton County",100031,McNary,2017-12-10 16:40:16.246845
2012-09-05,00:45,57.4,57.3,42.7,57.8,0.0,N@5.3,7.1,79.7,0.0,0,"McNary, Benton County",100031,McNary,2017-12-10 16:40:16.246845
2012-09-05,01:00,58.4,58.4,42.8,56.0,0.0,NW@5.5,7.1,79.6,0.0,0,"McNary, Benton County",100031,McNary,2017-12-10 16:40:16.246845
2012-09-05,01:15,58.4,58.3,43.0,56.4,0.0,NW@5.3,6.4,79.6,0.0,0,"McNary, Benton County",100031,McNary,2017-12-10 16:40:16.246845
2012-09-05,01:30,58.2,58.2,42.7,56.1,0.0,NW@5.5,7.4,79.5,0.0,0,"McNary, Benton County",100031,McNary,2017-12-10 16:40:16.246845
2012-09-05,01:45,57.8,57.4,42.0,55.5,0.0,N@4.2,6.4,79.5,0.0,0,"McNary, Benton County",100031,McNary,2017-12-10 16:40:16.246845
2012-09-05,02:00,55.0,54.8,45.4,69.9,0.0,N@4.0,4.9,79.4,0.0,0,"McNary, Benton County",100031,McNary,2017-12-10 16:40:16.246845
2012-09-05,02:15,55.2,55.2,46.3,71.8,0.0,NE@2.9,3.9,79.4,0.0,0,"McNary, Benton County",100031,McNary,2017-12-10 16:40:16.246845
2012-09-05,02:30,55.3,55.3,47.0,73.4,0.0,N@2.6,3.5,79.3,0.0,0,"McNary, Benton County",100031,McNary,2017-12-10 16:40:16.246845
2012-09-05,02:45,55.6,55.4,45.5,68.7,0.0,N@4.0,6.0,79.2,0.0,0,"McNary, Benton County",100031,McNary,2017-12-10 16:40:16.246845
2012-09-05,03:00,55.2,54.9,45.0,68.3,0.0,N@3.3,4.6,79.2,0.0,0,"McNary, Benton County",100031,McNary,2017-12-10 16:40:16.246845
2012-09-05,03:15,54.5,54.4,43.5,66.1,0.0,N@4.6,6.0,79.1,0.0,0,"McNary, Benton County",100031,McNary,2017-12-10 16:40:16.246845
2012-09-05,03:30,54.5,54.5,43.7,66.7,0.0,N@3.7,4.6,79.0,0.0,0,"McNary, Benton County",100031,McNary,2017-12-10 16:40:16.246845
2012-09-05,03:45,54.9,54.8,44.3,67.4,0.0,N@3.0,3.9,78.9,0.0,0,"McNary, Benton County",100031,McNary,2017-12-10 16:40:16.246845
2012-09-05,04:00,54.5,54.3,43.8,67.0,0.0,N@2.5,3.9,78.9,0.0,0,"McNary, Benton County",100031,McNary,2017-12-10 16:40:16.246845
2012-09-05,04:15,54.5,54.4,44.0,67.7,0.0,N@2.6,3.5,78.8,0.0,0,"McNary, Benton County",100031,McNary,2017-12-10 16:40:16.246845
2012-09-05,04:30,53.8,53.5,44.0,69.3,0.0,N@3.0,3.9,78.7,0.0,0,"McNary, Benton County",100031,McNary,2017-12-10 16:40:16.246845
2012-09-05,04:45,53.4,53.3,44.2,70.8,0.0,N@3.7,4.2,78.6,0.0,0,"McNary, Benton County",100031,McNary,2017-12-10 16:40:16.246845
2012-09-05,05:00,53.0,52.8,44.5,72.7,0.0,N@3.2,3.9,78.5,0.0,1,"McNary, Benton County",100031,McNary,2017-12-10 16:40:16.246845
2012-09-05,05:15,52.7,52.5,44.7,73.9,0.0,N@3.4,4.2,78.4,0.0,2,"McNary, Benton County",100031,McNary,2017-12-10 16:40:16.246845
2012-09-05,05:30,53.3,53.1,44.6,72.1,0.0,N@3.3,3.9,78.4,0.0,6,"McNary, Benton County",100031,McNary,2017-12-10 16:40:16.246845
2012-09-05,05:45,53.7,53.6,45.0,72.3,0.0,N@3.4,3.9,78.3,0.0,27,"McNary, Benton County",100031,McNary,2017-12-10 16:40:16.246845
2012-09-05,06:00,54.7,54.8,45.3,70.5,0.0,N@3.6,4.6,78.2,0.0,64,"McNary, Benton County",100031,McNary,2017-12-10 16:40:16.246845
2012-09-05,06:15,55.8,56.2,46.1,69.8,0.0,N@2.4,3.9,78.1,0.0,106,"McNary, Benton County",100031,McNary,2017-12-10 16:40:16.246845
2012-09-05,06:30,56.9,57.7,46.5,68.2,0.0,SE@1.1,2.4,78.0,0.0,150,"McNary, Benton County",100031,McNary,2017-12-10 16:40:16.246845
2012-09-05,06:45,58.0,58.3,47.5,67.9,0.0,S@2.1,3.1,77.9,0.0,195,"McNary, Benton County",100031,McNary,2017-12-10 16:40:16.246845
2012-09-05,07:00,59.0,59.5,50.2,72.6,0.0,NW@1.1,2.4,77.8,0.0,242,"McNary, Benton County",100031,McNary,2017-12-10 16:40:16.246845
2012-09-05,07:15,60.1,60.3,50.0,69.2,0.0,N@1.8,2.8,77.7,0.0,287,"McNary, Benton County",100031,McNary,2017-12-10 16:40:16.246845
2012-09-05,07:30,62.1,61.9,50.3,65.1,0.0,N@1.3,2.4,77.6,0.0,334,"McNary, Benton County",100031,McNary,2017-12-10 16:40:16.246845
2012-09-05,07:45,61.6,61.7,50.0,65.6,0.0,NW@1.9,3.1,77.5,0.0,380,"McNary, Benton County",100031,McNary,2017-12-10 16:40:16.246845
2012-09-05,08:00,63.0,62.9,49.7,61.8,0.0,N@2.0,3.5,77.4,0.0,423,"McNary, Benton County",100031,McNary,2017-12-10 16:40:16.246845
2012-09-05,08:15,65.1,64.7,49.0,55.8,0.0,N@2.1,3.9,77.3,0.0,468,"McNary, Benton County",100031,McNary,2017-12-10 16:40:16.246845
2012-09-05,08:30,65.8,64.9,46.5,49.8,0.0,NE@3.6,6.0,77.2,0.0,510,"McNary, Benton County",100031,McNary,2017-12-10 16:40:16.246845
2012-09-05,08:45,67.0,66.5,47.6,49.7,0.0,NE@3.1,4.9,77.1,0.0,549,"McNary, Benton County",100031,McNary,2017-12-10 16:40:16.246845
2012-09-05,09:00,69.4,69.0,47.7,46.0,0.0,NE@2.1,3.9,77.0,0.0,587,"McNary, Benton County",100031,McNary,2017-12-10 16:40:16.246845
2012-09-05,09:15,69.1,69.1,48.6,47.9,0.0,W@2.3,3.5,76.9,0.0,621,"McNary, Benton County",100031,McNary,2017-12-10 16:40:16.246845
2012-09-05,09:30,70.1,70.4,49.6,48.1,0.0,NW@2.3,4.2,76.8,0.0,653,"McNary, Benton County",100031,McNary,2017-12-10 16:40:16.246845
2012-09-05,09:45,72.3,72.2,48.4,42.7,0.0,S@3.0,5.7,76.7,0.0,683,"McNary, Benton County",100031,McNary,2017-12-10 16:40:16.246845
2012-09-05,10:00,74.5,74.1,47.9,38.9,0.0,SE@3.0,5.7,76.6,0.0,709,"McNary, Benton County",100031,McNary,2017-12-10 16:40:16.246845
2012-09-05,10:15,75.8,75.5,49.4,39.4,0.0,SW@2.5,4.6,76.5,0.0,732,"McNary, Benton County",100031,McNary,2017-12-10 16:40:16.246845
2012-09-05,10:30,75.4,75.4,49.1,39.6,0.0,W@2.4,4.2,76.5,0.0,750,"McNary, Benton County",100031,McNary,2017-12-10 16:40:16.246845
2012-09-05,10:45,77.8,77.9,49.3,36.7,0.0,SW@2.6,6.4,76.4,0.0,764,"McNary, Benton County",100031,McNary,2017-12-10 16:40:16.246845
2012-09-05,11:00,78.5,77.9,46.4,32.2,0.0,SE@4.5,8.2,76.3,0.0,784,"McNary, Benton County",100031,McNary,2017-12-10 16:40:16.246845
2012-09-05,11:15,79.9,79.6,47.1,31.5,0.0,S@3.4,6.0,76.3,0.0,793,"McNary, Benton County",100031,McNary,2017-12-10 16:40:16.246845
2012-09-05,11:30,80.7,80.1,46.1,29.6,0.0,SE@3.1,6.0,76.3,0.0,800,"McNary, Benton County",100031,McNary,2017-12-10 16:40:16.246845
2012-09-05,11:45,82.1,81.5,45.9,28.1,0.0,S@2.9,5.7,76.3,0.0,802,"McNary, Benton County",100031,McNary,2017-12-10 16:40:16.246845
2012-09-05,12:00,83.3,82.6,46.9,28.0,0.0,SE@2.8,5.7,76.3,0.0,802,"McNary, Benton County",100031,McNary,2017-12-10 16:40:16.246845
2012-09-05,12:15,82.4,81.9,49.2,31.5,0.0,W@2.9,4.6,76.3,0.0,798,"McNary, Benton County",100031,McNary,2017-12-10 16:40:16.246845
2012-09-05,12:30,84.8,84.5,46.9,26.8,0.0,N@2.8,5.7,76.3,0.0,790,"McNary, Benton County",100031,McNary,2017-12-10 16:40:16.246845
2012-09-05,12:45,85.6,84.7,43.0,22.5,0.0,NE@3.6,7.4,76.3,0.0,783,"McNary, Benton County",100031,McNary,2017-12-10 16:40:16.246845
2012-09-05,13:00,86.1,85.3,41.8,21.1,0.0,E@4.7,8.9,76.4,0.0,773,"McNary, Benton County",100031,McNary,2017-12-10 16:40:16.246845
2012-09-05,13:15,86.7,85.9,42.0,20.8,0.0,E@4.0,7.8,76.4,0.0,755,"McNary, Benton County",100031,McNary,2017-12-10 16:40:16.246845
2012-09-05,13:30,87.3,86.7,41.1,19.7,0.0,S@3.4,6.7,76.5,0.0,736,"McNary, Benton County",100031,McNary,2017-12-10 16:40:16.246845
2012-09-05,13:45,87.4,86.7,43.2,21.4,0.0,S@3.5,7.4,76.6,0.0,717,"McNary, Benton County",100031,McNary,2017-12-10 16:40:16.246845
2012-09-05,14:00,87.8,87.0,42.7,20.7,0.0,S@5.3,8.2,76.7,0.0,685,"McNary, Benton County",100031,McNary,2017-12-10 16:40:16.246845
2012-09-05,14:15,87.3,86.6,42.9,21.2,0.0,S@5.8,8.2,76.8,0.0,662,"McNary, Benton County",100031,McNary,2017-12-10 16:40:16.246845
2012-09-05,14:30,87.5,86.7,43.0,21.2,0.0,S@6.2,8.2,76.9,0.0,630,"McNary, Benton County",100031,McNary,2017-12-10 16:40:16.246845
2012-09-05,14:45,87.1,86.6,44.9,23.0,0.0,SW@4.5,7.4,77.0,0.0,596,"McNary, Benton County",100031,McNary,2017-12-10 16:40:16.246845
2012-09-05,15:00,87.7,87.1,44.5,22.3,0.0,SW@3.8,7.4,77.2,0.0,558,"McNary, Benton County",100031,McNary,2017-12-10 16:40:16.246845
2012-09-05,15:15,88.2,87.6,42.0,19.9,0.0,S@5.0,8.2,77.3,0.0,521,"McNary, Benton County",100031,McNary,2017-12-10 16:40:16.246845
2012-09-05,15:30,87.7,87.0,45.7,23.4,0.0,SW@4.4,6.7,77.4,0.0,483,"McNary, Benton County",100031,McNary,2017-12-10 16:40:16.246845
2012-09-05,15:45,87.6,87.0,42.5,20.7,0.0,S@5.0,8.2,77.6,0.0,444,"McNary, Benton County",100031,McNary,2017-12-10 16:40:16.246845
2012-09-05,16:00,87.5,87.0,42.9,21.1,0.0,S@5.0,7.4,77.7,0.0,402,"McNary, Benton County",100031,McNary,2017-12-10 16:40:16.246845
2012-09-05,16:15,87.1,86.5,43.5,21.9,0.0,SW@4.7,7.1,77.9,0.0,359,"McNary, Benton County",100031,McNary,2017-12-10 16:40:16.246845
2012-09-05,16:30,86.9,86.3,45.0,23.3,0.0,SW@4.0,6.0,78.0,0.0,312,"McNary, Benton County",100031,McNary,2017-12-10 16:40:16.246845
2012-09-05,16:45,86.9,86.2,43.7,22.2,0.0,SW@4.3,6.7,78.2,0.0,266,"McNary, Benton County",100031,McNary,2017-12-10 16:40:16.246845
2012-09-05,17:00,85.8,85.2,46.9,25.9,0.0,SW@3.0,5.3,78.3,0.0,222,"McNary, Benton County",100031,McNary,2017-12-10 16:40:16.246845
2012-09-05,17:15,85.5,84.9,45.9,25.3,0.0,S@2.3,3.5,78.5,0.0,179,"McNary, Benton County",100031,McNary,2017-12-10 16:40:16.246845
2012-09-05,17:30,84.6,83.9,48.1,28.2,0.0,SW@2.5,3.5,78.6,0.0,142,"McNary, Benton County",100031,McNary,2017-12-10 16:40:16.246845
2012-09-05,17:45,82.3,81.9,51.3,34.2,0.0,W@2.6,3.1,78.8,0.0,100,"McNary, Benton County",100031,McNary,2017-12-10 16:40:16.246845
2012-09-05,18:00,80.0,79.6,52.5,38.5,0.0,NW@3.0,4.6,78.9,0.0,67,"McNary, Benton County",100031,McNary,2017-12-10 16:40:16.246845
2012-09-05,18:15,76.2,76.1,51.8,42.4,0.0,N@4.0,4.6,79.1,0.0,31,"McNary, Benton County",100031,McNary,2017-12-10 16:40:16.246845
2012-09-05,18:30,73.6,73.4,51.3,45.5,0.0,N@4.1,4.9,79.2,0.0,7,"McNary, Benton County",100031,McNary,2017-12-10 16:40:16.246845
2012-09-05,18:45,71.6,71.4,50.4,47.2,0.0,N@4.4,5.7,79.3,0.0,2,"McNary, Benton County",100031,McNary,2017-12-10 16:40:16.246845
2012-09-05,19:00,70.0,69.9,49.9,48.7,0.0,N@5.2,6.7,79.4,0.0,1,"McNary, Benton County",100031,McNary,2017-12-10 16:40:16.246845
2012-09-05,19:15,68.2,67.9,50.0,52.1,0.0,N@4.2,5.7,79.6,0.0,0,"McNary, Benton County",100031,McNary,2017-12-10 16:40:16.246845
2012-09-05,19:30,68.3,68.0,48.8,49.7,0.0,N@5.0,6.4,79.7,0.0,0,"McNary, Benton County",100031,McNary,2017-12-10 16:40:16.246845
2012-09-05,19:45,69.2,69.2,47.0,45.0,0.0,N@5.0,6.4,79.8,0.0,0,"McNary, Benton County",100031,McNary,2017-12-10 16:40:16.246845
2012-09-05,20:00,69.9,69.7,47.6,45.1,0.0,N@4.2,5.3,79.8,0.0,0,"McNary, Benton County",100031,McNary,2017-12-10 16:40:16.246845
2012-09-05,20:15,68.9,68.9,48.2,47.5,0.0,N@4.0,5.3,79.9,0.0,0,"McNary, Benton County",100031,McNary,2017-12-10 16:40:16.246845
2012-09-05,20:30,67.8,67.7,47.6,48.2,0.0,N@4.6,5.3,80.0,0.0,0,"McNary, Benton County",100031,McNary,2017-12-10 16:40:16.246845
2012-09-05,20:45,68.3,68.2,46.8,46.0,0.0,N@4.4,5.3,80.1,0.0,0,"McNary, Benton County",100031,McNary,2017-12-10 16:40:16.246845
2012-09-05,21:00,68.4,68.2,46.8,45.9,0.0,N@3.3,5.3,80.1,0.0,0,"McNary, Benton County",100031,McNary,2017-12-10 16:40:16.246845
2012-09-05,21:15,68.1,68.0,46.3,45.5,0.0,N@4.6,5.7,80.2,0.0,0,"McNary, Benton County",100031,McNary,2017-12-10 16:40:16.246845
2012-09-05,21:30,67.9,67.5,45.3,44.1,0.0,N@3.3,5.3,80.2,0.0,0,"McNary, Benton County",100031,McNary,2017-12-10 16:40:16.246845
2012-09-05,21:45,66.5,66.7,45.9,47.4,0.0,SE@0.6,2.1,80.2,0.0,0,"McNary, Benton County",100031,McNary,2017-12-10 16:40:16.246845
2012-09-05,22:00,63.3,62.6,49.6,61.0,0.0,W@4.3,6.7,80.3,0.0,0,"McNary, Benton County",100031,McNary,2017-12-10 16:40:16.246845
2012-09-05,22:15,61.4,61.2,49.7,65.1,0.0,NW@3.4,5.3,80.3,0.0,0,"McNary, Benton County",100031,McNary,2017-12-10 16:40:16.246845
2012-09-05,22:30,61.0,61.0,48.5,63.4,0.0,N@7.5,10.7,80.3,0.0,0,"McNary, Benton County",100031,McNary,2017-12-10 16:40:16.246845
2012-09-05,22:45,64.1,64.2,47.1,53.9,0.0,N@5.0,8.2,80.3,0.0,0,"McNary, Benton County",100031,McNary,2017-12-10 16:40:16.246845
2012-09-05,23:00,65.7,65.7,46.6,49.9,0.0,N@5.8,11.7,80.3,0.0,0,"McNary, Benton County",100031,McNary,2017-12-10 16:40:16.246845
2012-09-06,23:15,65.4,65.3,46.0,49.5,0.0,N@6.9,10.3,80.3,0.0,0,"McNary, Benton County",100031,McNary,2017-12-10 16:40:16.246845
2012-09-06,23:30,70.3,70.7,46.1,41.9,0.0,N@10.8,16.4,80.3,0.0,0,"McNary, Benton County",100031,McNary,2017-12-10 16:40:16.246845
2012-09-06,23:45,71.2,71.1,46.4,41.0,0.0,N@13.0,22.5,80.2,0.0,0,"McNary, Benton County",100031,McNary,2017-12-10 16:40:16.246845
2012-09-06,24:00,70.0,69.8,47.7,44.9,0.0,N@16.5,27.5,80.2,0.0,0,"McNary, Benton County",100031,McNary,2017-12-10 16:40:16.246845
