Date,Time PDT,Air Temp °F, 2<sup>nd</sup> Air Temp °F, Dew Point °F, Rel Hum %, Leaf Wet u., Wind Dir @ Speed mph, Wind Gust mph, 8 in. Soil Tmp °F, Tot Prec in, Solar Rad W/m²,Location,Station ID,Station Name,Download Timestamp
2018-12-14,23:15,43.5,43.6,34.3,69.9,0.0,SW@13.5,20.3,38.5,0.0,0,"Alderdale, Alderdale, Klickitat County",310107,Alderdale,2019-06-26 16:11:19.832928
2018-12-14,23:30,42.9,43.0,34.0,70.5,0.0,SW@8.4,12.1,38.6,0.0,0,"Alderdale, Alderdale, Klickitat County",310107,Alderdale,2019-06-26 16:11:19.832928
2018-12-14,23:45,42.1,42.2,34.0,72.6,0.0,SW@6.9,10.3,38.6,0.0,0,"Alderdale, Alderdale, Klickitat County",310107,Alderdale,2019-06-26 16:11:19.832928
2018-12-14,24:00,42.0,42.1,35.1,76.3,0.0,SW@8.4,14.2,38.6,0.0,0,"Alderdale, Alderdale, Klickitat County",310107,Alderdale,2019-06-26 16:11:19.832928
2018-12-15,00:15,42.4,42.5,34.5,73.2,0.0,W@11.2,16.0,38.6,0.0,0,"Alderdale, Alderdale, Klickitat County",310107,Alderdale,2019-06-26 16:11:19.832928
2018-12-15,00:30,42.7,42.8,34.4,72.1,0.0,W@10.7,17.1,38.6,0.0,0,"Alderdale, Alderdale, Klickitat County",310107,Alderdale,2019-06-26 16:11:19.832928
2018-12-15,00:45,43.1,43.2,34.0,70.1,0.16,SW@9.5,14.6,38.6,0.0,0,"Alderdale, Alderdale, Klickitat County",310107,Alderdale,2019-06-26 16:11:19.832928
2018-12-15,01:00,42.8,42.9,33.5,69.5,0.0,SW@9.0,14.2,38.7,0.0,0,"Alderdale, Alderdale, Klickitat County",310107,Alderdale,2019-06-26 16:11:19.832928
2018-12-15,01:15,42.2,42.3,33.2,70.1,0.0,SW@10.7,16.4,38.7,0.0,0,"Alderdale, Alderdale, Klickitat County",310107,Alderdale,2019-06-26 16:11:19.832928
2018-12-15,01:30,41.1,41.1,35.3,79.8,0.01,SW@9.8,13.5,38.7,0.0,0,"Alderdale, Alderdale, Klickitat County",310107,Alderdale,2019-06-26 16:11:19.832928
2018-12-15,01:45,40.8,40.9,34.5,78.2,0.0,SW@7.9,11.7,38.7,0.0,0,"Alderdale, Alderdale, Klickitat County",310107,Alderdale,2019-06-26 16:11:19.832928
2018-12-15,02:00,40.9,41.0,34.0,76.4,0.0,SW@7.3,11.4,38.7,0.0,0,"Alderdale, Alderdale, Klickitat County",310107,Alderdale,2019-06-26 16:11:19.832928
2018-12-15,02:15,39.6,39.7,34.2,80.6,0.01,W@4.3,7.1,38.7,0.0,0,"Alderdale, Alderdale, Klickitat County",310107,Alderdale,2019-06-26 16:11:19.832928
2018-12-15,02:30,40.2,40.3,33.6,77.2,0.0,W@3.6,5.7,38.7,0.0,0,"Alderdale, Alderdale, Klickitat County",310107,Alderdale,2019-06-26 16:11:19.832928
2018-12-15,02:45,39.8,39.9,33.4,77.7,0.01,S@4.2,12.1,38.7,0.0,0,"Alderdale, Alderdale, Klickitat County",310107,Alderdale,2019-06-26 16:11:19.832928
2018-12-15,03:00,40.6,40.7,33.2,74.6,0.0,S@10.9,16.0,38.7,0.0,0,"Alderdale, Alderdale, Klickitat County",310107,Alderdale,2019-06-26 16:11:19.832928
2018-12-15,03:15,40.0,40.0,33.5,77.3,0.0,SW@7.3,9.6,38.7,0.0,0,"Alderdale, Alderdale, Klickitat County",310107,Alderdale,2019-06-26 16:11:19.832928
2018-12-15,03:30,38.6,38.6,33.7,82.3,0.01,SW@8.2,10.3,38.7,0.0,0,"Alderdale, Alderdale, Klickitat County",310107,Alderdale,2019-06-26 16:11:19.832928
2018-12-15,03:45,38.0,38.0,33.1,82.5,0.01,S@8.5,11.0,38.7,0.0,0,"Alderdale, Alderdale, Klickitat County",310107,Alderdale,2019-06-26 16:11:19.832928
2018-12-15,04:00,38.5,38.6,32.1,77.4,0.0,W@7.7,10.3,38.7,0.0,0,"Alderdale, Alderdale, Klickitat County",310107,Alderdale,2019-06-26 16:11:19.832928
2018-12-15,04:15,39.1,39.2,32.3,76.3,0.0,SW@5.9,9.2,38.6,0.0,0,"Alderdale, Alderdale, Klickitat County",310107,Alderdale,2019-06-26 16:11:19.832928
2018-12-15,04:30,39.8,39.9,31.8,72.7,0.0,W@5.3,7.4,38.6,0.0,0,"Alderdale, Alderdale, Klickitat County",310107,Alderdale,2019-06-26 16:11:19.832928
2018-12-15,04:45,40.0,40.1,31.4,71.2,0.0,SW@6.1,9.2,38.6,0.0,0,"Alderdale, Alderdale, Klickitat County",310107,Alderdale,2019-06-26 16:11:19.832928
2018-12-15,05:00,40.2,40.4,31.3,70.2,0.0,SW@8.8,12.4,38.6,0.0,0,"Alderdale, Alderdale, Klickitat County",310107,Alderdale,2019-06-26 16:11:19.832928
2018-12-15,05:15,41.0,41.1,30.3,65.5,0.0,SW@8.9,12.4,38.6,0.0,0,"Alderdale, Alderdale, Klickitat County",310107,Alderdale,2019-06-26 16:11:19.832928
2018-12-15,05:30,39.8,39.9,30.7,69.5,0.0,W@7.3,11.7,38.6,0.0,0,"Alderdale, Alderdale, Klickitat County",310107,Alderdale,2019-06-26 16:11:19.832928
2018-12-15,05:45,39.5,39.5,30.9,71.0,0.0,SW@4.9,9.2,38.5,0.0,0,"Alderdale, Alderdale, Klickitat County",310107,Alderdale,2019-06-26 16:11:19.832928
2018-12-15,06:00,39.4,39.5,31.1,72.0,0.0,SW@6.4,8.2,38.5,0.0,0,"Alderdale, Alderdale, Klickitat County",310107,Alderdale,2019-06-26 16:11:19.832928
2018-12-15,06:15,39.5,39.6,31.4,72.5,0.0,SW@5.2,7.4,38.5,0.0,0,"Alderdale, Alderdale, Klickitat County",310107,Alderdale,2019-06-26 16:11:19.832928
2018-12-15,06:30,38.4,38.5,31.4,75.5,0.0,NW@1.7,3.9,38.5,0.0,0,"Alderdale, Alderdale, Klickitat County",310107,Alderdale,2019-06-26 16:11:19.832928
2018-12-15,06:45,39.5,39.4,30.5,70.1,0.0,NW@2.7,5.3,38.5,0.0,0,"Alderdale, Alderdale, Klickitat County",310107,Alderdale,2019-06-26 16:11:19.832928
2018-12-15,07:00,38.8,38.8,30.9,73.0,0.0,NW@2.0,4.6,38.4,0.0,0,"Alderdale, Alderdale, Klickitat County",310107,Alderdale,2019-06-26 16:11:19.832928
2018-12-15,07:15,36.9,36.9,31.6,80.8,0.01,NE@2.5,3.5,38.4,0.0,0,"Alderdale, Alderdale, Klickitat County",310107,Alderdale,2019-06-26 16:11:19.832928
2018-12-15,07:30,36.4,36.4,31.6,82.5,0.02,NW@1.2,3.1,38.4,0.0,1,"Alderdale, Alderdale, Klickitat County",310107,Alderdale,2019-06-26 16:11:19.832928
2018-12-15,07:45,36.9,36.9,31.2,79.7,0.01,NW@1.0,3.1,38.4,0.0,3,"Alderdale, Alderdale, Klickitat County",310107,Alderdale,2019-06-26 16:11:19.832928
2018-12-15,08:00,36.1,36.2,31.2,81.9,0.02,E@0.5,4.2,38.4,0.0,7,"Alderdale, Alderdale, Klickitat County",310107,Alderdale,2019-06-26 16:11:19.832928
2018-12-15,08:15,35.1,35.0,31.7,87.3,0.03,SW@1.7,4.2,38.4,0.0,21,"Alderdale, Alderdale, Klickitat County",310107,Alderdale,2019-06-26 16:11:19.832928
2018-12-15,08:30,35.8,35.8,32.6,87.8,0.02,SW@3.9,4.9,38.3,0.0,26,"Alderdale, Alderdale, Klickitat County",310107,Alderdale,2019-06-26 16:11:19.832928
2018-12-15,08:45,36.6,36.6,33.2,87.4,0.03,SE@1.0,3.1,38.3,0.0,27,"Alderdale, Alderdale, Klickitat County",310107,Alderdale,2019-06-26 16:11:19.832928
2018-12-15,09:00,37.6,37.6,32.8,82.6,0.02,W@2.2,4.6,38.3,0.0,65,"Alderdale, Alderdale, Klickitat County",310107,Alderdale,2019-06-26 16:11:19.832928
2018-12-15,09:15,38.6,38.6,33.2,80.8,0.01,W@5.3,8.2,38.3,0.0,133,"Alderdale, Alderdale, Klickitat County",310107,Alderdale,2019-06-26 16:11:19.832928
2018-12-15,09:30,40.6,40.6,32.8,73.7,0.0,W@6.1,8.2,38.3,0.0,191,"Alderdale, Alderdale, Klickitat County",310107,Alderdale,2019-06-26 16:11:19.832928
2018-12-15,09:45,41.0,41.1,33.5,74.3,0.0,W@4.3,6.4,38.2,0.0,188,"Alderdale, Alderdale, Klickitat County",310107,Alderdale,2019-06-26 16:11:19.832928
2018-12-15,10:00,42.7,42.6,33.5,69.5,0.0,SE@3.2,6.0,38.2,0.0,325,"Alderdale, Alderdale, Klickitat County",310107,Alderdale,2019-06-26 16:11:19.832928
2018-12-15,10:15,43.7,43.7,33.4,66.8,0.0,N@3.3,5.3,38.2,0.0,161,"Alderdale, Alderdale, Klickitat County",310107,Alderdale,2019-06-26 16:11:19.832928
2018-12-15,10:30,43.3,43.3,34.3,70.4,0.0,NE@4.7,8.2,38.2,0.0,154,"Alderdale, Alderdale, Klickitat County",310107,Alderdale,2019-06-26 16:11:19.832928
2018-12-15,10:45,42.1,42.0,36.1,79.3,0.0,E@6.7,8.5,38.2,0.0,220,"Alderdale, Alderdale, Klickitat County",310107,Alderdale,2019-06-26 16:11:19.832928
2018-12-15,11:00,42.7,42.6,36.4,78.2,0.0,E@5.4,7.4,38.1,0.0,272,"Alderdale, Alderdale, Klickitat County",310107,Alderdale,2019-06-26 16:11:19.832928
2018-12-15,11:15,42.6,42.6,36.1,77.6,0.0,NE@5.5,7.4,38.1,0.0,155,"Alderdale, Alderdale, Klickitat County",310107,Alderdale,2019-06-26 16:11:19.832928
2018-12-15,11:30,43.3,43.3,36.3,76.1,0.0,NE@5.7,7.8,38.1,0.0,289,"Alderdale, Alderdale, Klickitat County",310107,Alderdale,2019-06-26 16:11:19.832928
2018-12-15,11:45,44.6,44.5,35.8,71.0,0.0,NE@5.3,7.4,38.1,0.0,276,"Alderdale, Alderdale, Klickitat County",310107,Alderdale,2019-06-26 16:11:19.832928
2018-12-15,12:00,45.6,45.4,35.2,66.7,0.0,NE@4.9,6.7,38.2,0.0,324,"Alderdale, Alderdale, Klickitat County",310107,Alderdale,2019-06-26 16:11:19.832928
2018-12-15,12:15,45.8,45.7,33.9,63.1,0.0,NE@5.5,7.8,38.2,0.0,261,"Alderdale, Alderdale, Klickitat County",310107,Alderdale,2019-06-26 16:11:19.832928
2018-12-15,12:30,46.9,46.7,33.8,60.2,0.0,NE@5.0,7.4,38.2,0.0,296,"Alderdale, Alderdale, Klickitat County",310107,Alderdale,2019-06-26 16:11:19.832928
2018-12-15,12:45,46.4,46.4,34.7,63.5,0.0,NE@5.4,7.1,38.2,0.0,177,"Alderdale, Alderdale, Klickitat County",310107,Alderdale,2019-06-26 16:11:19.832928
2018-12-15,13:00,46.4,46.4,34.8,63.7,0.0,NE@5.6,7.4,38.3,0.0,154,"Alderdale, Alderdale, Klickitat County",310107,Alderdale,2019-06-26 16:11:19.832928
2018-12-15,13:15,46.3,46.4,34.3,62.6,0.0,NE@5.6,7.1,38.3,0.0,134,"Alderdale, Alderdale, Klickitat County",310107,Alderdale,2019-06-26 16:11:19.832928
2018-12-15,13:30,46.2,46.2,35.0,64.8,0.0,NE@5.6,6.7,38.4,0.0,136,"Alderdale, Alderdale, Klickitat County",310107,Alderdale,2019-06-26 16:11:19.832928
2018-12-15,13:45,48.2,48.0,32.8,55.0,0.0,NE@3.8,5.7,38.5,0.0,302,"Alderdale, Alderdale, Klickitat County",310107,Alderdale,2019-06-26 16:11:19.832928
2018-12-15,14:00,48.5,48.3,29.8,48.2,0.0,NE@3.8,5.7,38.5,0.0,163,"Alderdale, Alderdale, Klickitat County",310107,Alderdale,2019-06-26 16:11:19.832928
2018-12-15,14:15,48.4,48.2,31.3,51.4,0.0,NE@3.6,5.3,38.6,0.0,235,"Alderdale, Alderdale, Klickitat County",310107,Alderdale,2019-06-26 16:11:19.832928
2018-12-15,14:30,48.4,48.2,31.5,51.7,0.0,N@3.4,5.3,38.7,0.0,120,"Alderdale, Alderdale, Klickitat County",310107,Alderdale,2019-06-26 16:11:19.832928
2018-12-15,14:45,47.3,47.5,34.3,60.4,0.0,N@3.9,4.9,38.8,0.0,125,"Alderdale, Alderdale, Klickitat County",310107,Alderdale,2019-06-26 16:11:19.832928
2018-12-15,15:00,47.7,47.7,35.1,61.3,0.0,N@3.8,5.3,38.8,0.0,143,"Alderdale, Alderdale, Klickitat County",310107,Alderdale,2019-06-26 16:11:19.832928
2018-12-15,15:15,47.0,46.9,35.3,63.5,0.0,N@2.9,4.2,38.9,0.0,73,"Alderdale, Alderdale, Klickitat County",310107,Alderdale,2019-06-26 16:11:19.832928
2018-12-15,15:30,45.8,45.9,34.7,64.9,0.0,N@4.1,5.7,39.0,0.0,51,"Alderdale, Alderdale, Klickitat County",310107,Alderdale,2019-06-26 16:11:19.832928
2018-12-15,15:45,44.2,44.3,35.5,71.4,0.0,N@4.1,5.3,39.1,0.0,23,"Alderdale, Alderdale, Klickitat County",310107,Alderdale,2019-06-26 16:11:19.832928
2018-12-15,16:00,43.7,43.7,34.9,71.0,0.0,NW@3.9,4.9,39.2,0.0,10,"Alderdale, Alderdale, Klickitat County",310107,Alderdale,2019-06-26 16:11:19.832928
2018-12-15,16:15,43.5,43.6,35.1,72.1,0.0,NW@4.5,6.0,39.2,0.0,3,"Alderdale, Alderdale, Klickitat County",310107,Alderdale,2019-06-26 16:11:19.832928
2018-12-15,16:30,42.9,43.0,34.6,72.3,0.0,N@5.2,6.7,39.3,0.0,1,"Alderdale, Alderdale, Klickitat County",310107,Alderdale,2019-06-26 16:11:19.832928
2018-12-15,16:45,43.0,43.1,33.9,69.9,0.0,N@5.9,7.8,39.4,0.0,0,"Alderdale, Alderdale, Klickitat County",310107,Alderdale,2019-06-26 16:11:19.832928
2018-12-15,17:00,42.9,42.9,33.3,68.7,0.0,N@5.7,8.2,39.5,0.0,0,"Alderdale, Alderdale, Klickitat County",310107,Alderdale,2019-06-26 16:11:19.832928
2018-12-15,17:15,42.8,42.9,32.6,66.9,0.0,N@4.8,6.7,39.5,0.0,0,"Alderdale, Alderdale, Klickitat County",310107,Alderdale,2019-06-26 16:11:19.832928
2018-12-15,17:30,42.6,42.7,32.1,66.2,0.0,N@3.4,6.4,39.6,0.0,0,"Alderdale, Alderdale, Klickitat County",310107,Alderdale,2019-06-26 16:11:19.832928
2018-12-15,17:45,41.6,41.6,32.3,69.4,0.0,N@3.5,4.9,39.6,0.0,0,"Alderdale, Alderdale, Klickitat County",310107,Alderdale,2019-06-26 16:11:19.832928
2018-12-15,18:00,41.0,41.0,32.7,72.1,0.0,NW@3.7,5.3,39.7,0.0,0,"Alderdale, Alderdale, Klickitat County",310107,Alderdale,2019-06-26 16:11:19.832928
2018-12-15,18:15,40.9,40.9,32.8,72.8,0.0,NW@4.1,5.7,39.7,0.0,0,"Alderdale, Alderdale, Klickitat County",310107,Alderdale,2019-06-26 16:11:19.832928
2018-12-15,18:30,41.6,41.7,32.6,69.9,0.0,NW@4.3,5.7,39.7,0.0,0,"Alderdale, Alderdale, Klickitat County",310107,Alderdale,2019-06-26 16:11:19.832928
2018-12-15,18:45,41.5,41.5,32.7,70.6,0.0,N@4.3,6.0,39.8,0.0,0,"Alderdale, Alderdale, Klickitat County",310107,Alderdale,2019-06-26 16:11:19.832928
2018-12-15,19:00,41.5,41.5,32.7,70.5,0.0,N@4.3,5.7,39.8,0.0,0,"Alderdale, Alderdale, Klickitat County",310107,Alderdale,2019-06-26 16:11:19.832928
2018-12-15,19:15,41.7,41.8,32.8,70.3,0.0,N@3.8,5.3,39.8,0.0,0,"Alderdale, Alderdale, Klickitat County",310107,Alderdale,2019-06-26 16:11:19.832928
2018-12-15,19:30,42.8,42.9,32.2,65.9,0.0,N@4.9,7.8,39.8,0.0,0,"Alderdale, Alderdale, Klickitat County",310107,Alderdale,2019-06-26 16:11:19.832928
2018-12-15,19:45,43.9,44.0,31.6,61.7,0.0,N@6.0,8.9,39.9,0.0,0,"Alderdale, Alderdale, Klickitat County",310107,Alderdale,2019-06-26 16:11:19.832928
2018-12-15,20:00,43.1,43.2,32.6,66.1,0.0,N@4.5,6.0,39.9,0.0,0,"Alderdale, Alderdale, Klickitat County",310107,Alderdale,2019-06-26 16:11:19.832928
2018-12-15,20:15,42.3,42.3,32.8,68.9,0.0,NW@5.0,7.1,39.9,0.0,0,"Alderdale, Alderdale, Klickitat County",310107,Alderdale,2019-06-26 16:11:19.832928
2018-12-15,20:30,42.0,42.0,33.0,70.1,0.0,N@5.7,7.4,39.9,0.0,0,"Alderdale, Alderdale, Klickitat County",310107,Alderdale,2019-06-26 16:11:19.832928
2018-12-15,20:45,42.4,42.5,32.5,67.7,0.0,N@4.5,8.5,39.9,0.0,0,"Alderdale, Alderdale, Klickitat County",310107,Alderdale,2019-06-26 16:11:19.832928
2018-12-15,21:00,42.0,42.1,33.2,70.6,0.0,N@3.4,5.3,39.9,0.0,0,"Alderdale, Alderdale, Klickitat County",310107,Alderdale,2019-06-26 16:11:19.832928
2018-12-15,21:15,42.1,42.1,33.3,70.7,0.0,N@3.7,6.0,39.9,0.0,0,"Alderdale, Alderdale, Klickitat County",310107,Alderdale,2019-06-26 16:11:19.832928
2018-12-15,21:30,41.5,41.6,34.1,74.7,0.0,E@3.1,6.4,39.9,0.0,0,"Alderdale, Alderdale, Klickitat County",310107,Alderdale,2019-06-26 16:11:19.832928
2018-12-15,21:45,43.2,43.3,32.5,65.6,0.01,NE@5.1,7.8,39.9,0.0,0,"Alderdale, Alderdale, Klickitat County",310107,Alderdale,2019-06-26 16:11:19.832928
2018-12-15,22:00,43.5,43.6,32.7,65.5,0.03,NE@5.0,7.1,39.9,0.0,0,"Alderdale, Alderdale, Klickitat County",310107,Alderdale,2019-06-26 16:11:19.832928
2018-12-15,22:15,43.2,43.3,33.2,67.6,0.0,E@5.1,8.9,39.9,0.0,0,"Alderdale, Alderdale, Klickitat County",310107,Alderdale,2019-06-26 16:11:19.832928
2018-12-15,22:30,43.0,43.0,33.4,68.8,0.0,NE@3.2,5.3,39.9,0.0,0,"Alderdale, Alderdale, Klickitat County",310107,Alderdale,2019-06-26 16:11:19.832928
2018-12-15,22:45,42.8,42.9,33.4,69.1,0.0,E@5.1,7.1,39.9,0.0,0,"Alderdale, Alderdale, Klickitat County",310107,Alderdale,2019-06-26 16:11:19.832928
2018-12-15,23:00,42.8,42.9,33.2,68.5,0.0,E@4.1,7.1,39.9,0.0,0,"Alderdale, Alderdale, Klickitat County",310107,Alderdale,2019-06-26 16:11:19.832928
2018-12-15,23:15,43.0,43.0,33.1,68.0,0.03,NE@2.4,4.2,39.9,0.0,0,"Alderdale, Alderdale, Klickitat County",310107,Alderdale,2019-06-26 16:11:19.832928
2018-12-15,23:30,43.2,43.2,33.9,69.5,0.21,NE@2.8,4.9,39.9,0.0,0,"Alderdale, Alderdale, Klickitat County",310107,Alderdale,2019-06-26 16:11:19.832928
2018-12-15,23:45,42.4,42.5,34.5,73.2,0.31,E@2.6,7.4,39.9,0.0,0,"Alderdale, Alderdale, Klickitat County",310107,Alderdale,2019-06-26 16:11:19.832928
2018-12-15,24:00,42.4,42.5,34.5,73.4,0.02,NE@6.8,9.9,39.9,0.0,0,"Alderdale, Alderdale, Klickitat County",310107,Alderdale,2019-06-26 16:11:19.832928
2018-12-16,00:15,41.4,41.5,35.2,78.3,0.17,NE@5.1,9.2,39.9,0.0,0,"Alderdale, Alderdale, Klickitat County",310107,Alderdale,2019-06-26 16:11:19.832928
2018-12-16,00:30,41.2,41.3,35.4,79.4,0.92,NE@6.9,9.2,39.9,0.0,0,"Alderdale, Alderdale, Klickitat County",310107,Alderdale,2019-06-26 16:11:19.832928
2018-12-16,00:45,40.9,41.0,35.5,81.0,0.78,NE@8.0,11.0,39.9,0.0,0,"Alderdale, Alderdale, Klickitat County",310107,Alderdale,2019-06-26 16:11:19.832928
2018-12-16,01:00,40.9,40.9,35.4,80.8,0.94,NE@7.1,10.3,39.9,0.0,0,"Alderdale, Alderdale, Klickitat County",310107,Alderdale,2019-06-26 16:11:19.832928
2018-12-16,01:15,40.7,40.8,35.8,82.6,1.0,NE@7.3,9.2,39.9,0.0,0,"Alderdale, Alderdale, Klickitat County",310107,Alderdale,2019-06-26 16:11:19.832928
2018-12-16,01:30,40.5,40.6,36.1,84.1,0.98,NE@5.7,9.2,39.9,0.0,0,"Alderdale, Alderdale, Klickitat County",310107,Alderdale,2019-06-26 16:11:19.832928
2018-12-16,01:45,40.4,40.4,36.8,87.1,1.0,N@4.0,5.7,39.9,0.0,0,"Alderdale, Alderdale, Klickitat County",310107,Alderdale,2019-06-26 16:11:19.832928
2018-12-16,02:00,40.4,40.4,37.5,89.5,1.0,N@2.7,3.9,39.9,0.0,0,"Alderdale, Alderdale, Klickitat County",310107,Alderdale,2019-06-26 16:11:19.832928
2018-12-16,02:15,40.4,40.4,37.9,90.8,1.0,NE@2.8,4.9,39.9,0.0,0,"Alderdale, Alderdale, Klickitat County",310107,Alderdale,2019-06-26 16:11:19.832928
2018-12-16,02:30,40.5,40.5,38.4,92.2,1.0,N@3.9,5.7,39.9,0.0,0,"Alderdale, Alderdale, Klickitat County",310107,Alderdale,2019-06-26 16:11:19.832928
2018-12-16,02:45,40.2,40.2,38.8,94.5,1.0,N@2.9,5.7,39.9,0.01,0,"Alderdale, Alderdale, Klickitat County",310107,Alderdale,2019-06-26 16:11:19.832928
2018-12-16,03:00,40.0,40.0,38.9,95.8,1.0,N@2.7,4.6,39.9,0.0,0,"Alderdale, Alderdale, Klickitat County",310107,Alderdale,2019-06-26 16:11:19.832928
2018-12-16,03:15,39.7,39.7,39.1,97.6,1.0,NE@0.9,3.9,39.9,0.0,0,"Alderdale, Alderdale, Klickitat County",310107,Alderdale,2019-06-26 16:11:19.832928
2018-12-16,03:30,39.7,39.8,39.1,97.7,1.0,NE@3.3,6.4,39.9,0.0,0,"Alderdale, Alderdale, Klickitat County",310107,Alderdale,2019-06-26 16:11:19.832928
2018-12-16,03:45,40.0,40.0,39.1,96.2,1.0,N@3.5,5.3,39.9,0.01,0,"Alderdale, Alderdale, Klickitat County",310107,Alderdale,2019-06-26 16:11:19.832928
2018-12-16,04:00,40.2,40.2,38.9,94.9,1.0,N@2.4,6.0,39.9,0.0,0,"Alderdale, Alderdale, Klickitat County",310107,Alderdale,2019-06-26 16:11:19.832928
2018-12-16,04:15,40.0,39.9,38.8,95.6,1.0,N@0.0,0.0,39.9,0.0,0,"Alderdale, Alderdale, Klickitat County",310107,Alderdale,2019-06-26 16:11:19.832928
2018-12-16,04:30,40.0,40.0,38.8,95.5,1.0,N@2.6,4.6,39.9,0.0,0,"Alderdale, Alderdale, Klickitat County",310107,Alderdale,2019-06-26 16:11:19.832928
2018-12-16,04:45,39.9,39.9,38.7,95.4,1.0,N@0.5,3.5,39.9,0.0,0,"Alderdale, Alderdale, Klickitat County",310107,Alderdale,2019-06-26 16:11:19.832928
2018-12-16,05:00,39.7,39.6,38.7,96.0,1.0,NE@0.9,2.8,39.9,0.0,0,"Alderdale, Alderdale, Klickitat County",310107,Alderdale,2019-06-26 16:11:19.832928
2018-12-16,05:15,39.6,39.6,38.6,96.4,1.0,E@1.9,5.3,39.9,0.0,0,"Alderdale, Alderdale, Klickitat County",310107,Alderdale,2019-06-26 16:11:19.832928
2018-12-16,05:30,39.5,39.5,38.6,96.4,1.0,E@4.1,6.0,39.9,0.0,0,"Alderdale, Alderdale, Klickitat County",310107,Alderdale,2019-06-26 16:11:19.832928
2018-12-16,05:45,39.1,39.2,38.5,97.5,1.0,NE@5.4,7.4,39.9,0.0,0,"Alderdale, Alderdale, Klickitat County",310107,Alderdale,2019-06-26 16:11:19.832928
2018-12-16,06:00,38.7,38.8,38.5,98.9,1.0,NE@5.0,6.7,39.9,0.0,0,"Alderdale, Alderdale, Klickitat County",310107,Alderdale,2019-06-26 16:11:19.832928
2018-12-16,06:15,38.7,38.7,38.5,99.2,1.0,NE@3.4,5.7,39.9,0.0,0,"Alderdale, Alderdale, Klickitat County",310107,Alderdale,2019-06-26 16:11:19.832928
2018-12-16,06:30,38.6,38.6,38.4,99.2,1.0,NE@2.9,4.6,39.9,0.0,0,"Alderdale, Alderdale, Klickitat County",310107,Alderdale,2019-06-26 16:11:19.832928
2018-12-16,06:45,38.5,38.5,38.3,99.3,1.0,NE@2.6,4.2,39.9,0.0,0,"Alderdale, Alderdale, Klickitat County",310107,Alderdale,2019-06-26 16:11:19.832928
2018-12-16,07:00,39.1,39.1,38.8,99.1,1.0,N@2.9,5.3,39.9,0.0,0,"Alderdale, Alderdale, Klickitat County",310107,Alderdale,2019-06-26 16:11:19.832928
2018-12-16,07:15,40.0,40.0,38.9,96.1,1.0,N@3.8,6.0,39.9,0.0,0,"Alderdale, Alderdale, Klickitat County",310107,Alderdale,2019-06-26 16:11:19.832928
2018-12-16,07:30,40.2,40.2,38.9,95.0,1.0,N@4.2,7.1,39.9,0.0,0,"Alderdale, Alderdale, Klickitat County",310107,Alderdale,2019-06-26 16:11:19.832928
2018-12-16,07:45,40.2,40.2,38.9,95.2,1.0,N@4.6,7.1,39.9,0.0,1,"Alderdale, Alderdale, Klickitat County",310107,Alderdale,2019-06-26 16:11:19.832928
2018-12-16,08:00,40.2,40.2,39.0,95.3,1.0,N@5.0,7.1,39.9,0.0,2,"Alderdale, Alderdale, Klickitat County",310107,Alderdale,2019-06-26 16:11:19.832928
2018-12-16,08:15,40.3,40.3,39.0,95.1,1.0,NW@3.5,5.7,39.9,0.0,2,"Alderdale, Alderdale, Klickitat County",310107,Alderdale,2019-06-26 16:11:19.832928
2018-12-16,08:30,40.8,40.7,38.8,92.7,1.0,NW@0.4,3.1,39.9,0.0,4,"Alderdale, Alderdale, Klickitat County",310107,Alderdale,2019-06-26 16:11:19.832928
2018-12-16,08:45,41.1,41.1,38.9,91.9,1.0,SW@0.7,3.9,39.9,0.0,5,"Alderdale, Alderdale, Klickitat County",310107,Alderdale,2019-06-26 16:11:19.832928
2018-12-16,09:00,40.9,41.0,39.3,93.9,1.0,W@3.1,3.9,39.9,0.01,8,"Alderdale, Alderdale, Klickitat County",310107,Alderdale,2019-06-26 16:11:19.832928
2018-12-16,09:15,41.1,41.1,39.6,94.3,1.0,W@1.6,4.2,39.9,0.0,11,"Alderdale, Alderdale, Klickitat County",310107,Alderdale,2019-06-26 16:11:19.832928
2018-12-16,09:30,41.3,41.2,39.7,94.1,1.0,N@0.0,0.0,39.9,0.0,14,"Alderdale, Alderdale, Klickitat County",310107,Alderdale,2019-06-26 16:11:19.832928
2018-12-16,09:45,41.3,41.3,40.2,95.6,0.97,S@0.2,3.1,39.9,0.01,16,"Alderdale, Alderdale, Klickitat County",310107,Alderdale,2019-06-26 16:11:19.832928
2018-12-16,10:00,41.5,41.5,40.1,94.7,0.99,N@0.0,0.0,39.9,0.0,16,"Alderdale, Alderdale, Klickitat County",310107,Alderdale,2019-06-26 16:11:19.832928
2018-12-16,10:15,41.5,41.4,40.3,95.6,0.95,N@0.0,0.0,39.9,0.01,19,"Alderdale, Alderdale, Klickitat County",310107,Alderdale,2019-06-26 16:11:19.832928
2018-12-16,10:30,41.3,41.2,40.7,97.8,0.96,N@0.0,0.0,39.9,0.0,22,"Alderdale, Alderdale, Klickitat County",310107,Alderdale,2019-06-26 16:11:19.832928
2018-12-16,10:45,41.4,41.4,40.9,98.1,1.0,E@0.0,1.7,39.9,0.0,28,"Alderdale, Alderdale, Klickitat County",310107,Alderdale,2019-06-26 16:11:19.832928
2018-12-16,11:00,41.4,41.4,40.8,98.0,1.0,E@2.9,3.9,39.9,0.0,33,"Alderdale, Alderdale, Klickitat County",310107,Alderdale,2019-06-26 16:11:19.832928
2018-12-16,11:15,41.4,41.5,40.9,98.0,1.0,NE@1.7,3.5,39.9,0.0,39,"Alderdale, Alderdale, Klickitat County",310107,Alderdale,2019-06-26 16:11:19.832928
2018-12-16,11:30,41.7,41.7,41.2,98.2,1.0,NE@0.5,4.2,39.9,0.0,46,"Alderdale, Alderdale, Klickitat County",310107,Alderdale,2019-06-26 16:11:19.832928
2018-12-16,11:45,42.5,42.5,41.2,95.3,1.0,NE@4.3,8.5,39.9,0.0,67,"Alderdale, Alderdale, Klickitat County",310107,Alderdale,2019-06-26 16:11:19.832928
2018-12-16,12:00,42.7,42.8,41.0,93.5,1.0,NE@6.3,10.3,40.0,0.0,64,"Alderdale, Alderdale, Klickitat County",310107,Alderdale,2019-06-26 16:11:19.832928
2018-12-16,12:15,42.7,42.7,41.0,93.9,1.0,NE@6.1,9.6,40.0,0.0,58,"Alderdale, Alderdale, Klickitat County",310107,Alderdale,2019-06-26 16:11:19.832928
2018-12-16,12:30,42.8,42.8,41.2,94.1,0.96,NE@6.0,9.9,40.0,0.0,48,"Alderdale, Alderdale, Klickitat County",310107,Alderdale,2019-06-26 16:11:19.832928
2018-12-16,12:45,42.9,42.9,41.8,95.8,0.95,NE@4.1,6.7,40.0,0.0,44,"Alderdale, Alderdale, Klickitat County",310107,Alderdale,2019-06-26 16:11:19.832928
2018-12-16,13:00,43.0,43.1,41.5,94.4,0.94,NE@3.7,8.5,40.0,0.0,50,"Alderdale, Alderdale, Klickitat County",310107,Alderdale,2019-06-26 16:11:19.832928
2018-12-16,13:15,43.2,43.2,41.1,92.2,0.91,N@4.8,9.6,40.0,0.0,46,"Alderdale, Alderdale, Klickitat County",310107,Alderdale,2019-06-26 16:11:19.832928
2018-12-16,13:30,43.5,43.5,40.6,89.6,0.8,N@3.8,8.5,40.1,0.0,55,"Alderdale, Alderdale, Klickitat County",310107,Alderdale,2019-06-26 16:11:19.832928
2018-12-16,13:45,43.7,43.8,40.7,88.9,0.29,N@5.4,8.9,40.1,0.0,60,"Alderdale, Alderdale, Klickitat County",310107,Alderdale,2019-06-26 16:11:19.832928
2018-12-16,14:00,44.0,44.0,40.5,87.5,0.0,N@5.0,8.2,40.1,0.0,39,"Alderdale, Alderdale, Klickitat County",310107,Alderdale,2019-06-26 16:11:19.832928
2018-12-16,14:15,43.8,43.8,40.3,87.4,0.04,N@6.2,9.2,40.1,0.0,27,"Alderdale, Alderdale, Klickitat County",310107,Alderdale,2019-06-26 16:11:19.832928
2018-12-16,14:30,43.9,44.0,40.2,86.7,0.02,N@6.0,10.3,40.2,0.0,27,"Alderdale, Alderdale, Klickitat County",310107,Alderdale,2019-06-26 16:11:19.832928
2018-12-16,14:45,44.0,44.1,40.3,86.7,0.04,N@6.1,8.9,40.2,0.0,32,"Alderdale, Alderdale, Klickitat County",310107,Alderdale,2019-06-26 16:11:19.832928
2018-12-16,15:00,44.6,44.7,40.4,85.2,0.11,N@7.6,11.0,40.2,0.0,41,"Alderdale, Alderdale, Klickitat County",310107,Alderdale,2019-06-26 16:11:19.832928
2018-12-16,15:15,44.7,44.7,40.5,85.2,0.0,N@7.9,12.8,40.3,0.0,32,"Alderdale, Alderdale, Klickitat County",310107,Alderdale,2019-06-26 16:11:19.832928
2018-12-16,15:30,44.7,44.8,40.2,84.0,0.0,N@8.8,16.0,40.3,0.0,29,"Alderdale, Alderdale, Klickitat County",310107,Alderdale,2019-06-26 16:11:19.832928
2018-12-16,15:45,44.9,45.0,40.1,83.1,0.0,N@9.0,12.4,40.3,0.0,19,"Alderdale, Alderdale, Klickitat County",310107,Alderdale,2019-06-26 16:11:19.832928
2018-12-16,16:00,44.6,44.7,40.0,83.7,0.0,N@8.5,11.7,40.4,0.0,6,"Alderdale, Alderdale, Klickitat County",310107,Alderdale,2019-06-26 16:11:19.832928
2018-12-16,16:15,44.3,44.4,40.2,85.6,0.0,N@7.7,10.7,40.4,0.0,2,"Alderdale, Alderdale, Klickitat County",310107,Alderdale,2019-06-26 16:11:19.832928
2018-12-16,16:30,44.0,44.1,40.5,87.1,0.0,N@7.8,11.4,40.4,0.0,1,"Alderdale, Alderdale, Klickitat County",310107,Alderdale,2019-06-26 16:11:19.832928
2018-12-16,16:45,44.2,44.2,40.4,86.5,0.0,N@7.8,11.7,40.4,0.0,0,"Alderdale, Alderdale, Klickitat County",310107,Alderdale,2019-06-26 16:11:19.832928
2018-12-16,17:00,44.4,44.5,40.3,85.5,0.0,N@7.7,10.3,40.5,0.0,0,"Alderdale, Alderdale, Klickitat County",310107,Alderdale,2019-06-26 16:11:19.832928
2018-12-16,17:15,44.9,45.0,40.0,82.8,0.0,NW@7.7,11.7,40.5,0.0,0,"Alderdale, Alderdale, Klickitat County",310107,Alderdale,2019-06-26 16:11:19.832928
2018-12-16,17:30,44.8,44.9,40.3,84.1,0.0,W@5.8,7.8,40.6,0.0,0,"Alderdale, Alderdale, Klickitat County",310107,Alderdale,2019-06-26 16:11:19.832928
2018-12-16,17:45,45.2,45.3,40.0,81.9,0.0,NW@4.4,6.4,40.6,0.0,0,"Alderdale, Alderdale, Klickitat County",310107,Alderdale,2019-06-26 16:11:19.832928
2018-12-16,18:00,43.3,43.3,39.4,86.2,0.01,N@4.1,6.7,40.6,0.0,0,"Alderdale, Alderdale, Klickitat County",310107,Alderdale,2019-06-26 16:11:19.832928
2018-12-16,18:15,42.9,42.9,39.1,86.4,0.01,W@3.3,4.9,40.6,0.0,0,"Alderdale, Alderdale, Klickitat County",310107,Alderdale,2019-06-26 16:11:19.832928
2018-12-16,18:30,43.0,43.1,38.9,85.3,0.0,NW@3.1,3.9,40.7,0.0,0,"Alderdale, Alderdale, Klickitat County",310107,Alderdale,2019-06-26 16:11:19.832928
2018-12-16,18:45,42.2,42.2,39.4,89.7,0.0,SW@2.8,4.9,40.7,0.0,0,"Alderdale, Alderdale, Klickitat County",310107,Alderdale,2019-06-26 16:11:19.832928
2018-12-16,19:00,42.4,42.4,40.3,92.4,0.01,S@5.2,7.8,40.7,0.0,0,"Alderdale, Alderdale, Klickitat County",310107,Alderdale,2019-06-26 16:11:19.832928
2018-12-16,19:15,42.7,42.8,40.9,93.1,0.01,S@6.3,9.2,40.7,0.0,0,"Alderdale, Alderdale, Klickitat County",310107,Alderdale,2019-06-26 16:11:19.832928
2018-12-16,19:30,43.0,43.1,41.0,92.4,0.01,SW@9.5,13.2,40.8,0.0,0,"Alderdale, Alderdale, Klickitat County",310107,Alderdale,2019-06-26 16:11:19.832928
2018-12-16,19:45,43.3,43.4,40.9,91.4,0.01,SW@9.8,13.9,40.8,0.0,0,"Alderdale, Alderdale, Klickitat County",310107,Alderdale,2019-06-26 16:11:19.832928
2018-12-16,20:00,43.4,43.5,41.0,91.4,0.51,SW@9.2,13.5,40.8,0.0,0,"Alderdale, Alderdale, Klickitat County",310107,Alderdale,2019-06-26 16:11:19.832928
2018-12-16,20:15,42.8,42.8,41.5,95.1,0.96,SW@3.2,8.5,40.8,0.01,0,"Alderdale, Alderdale, Klickitat County",310107,Alderdale,2019-06-26 16:11:19.832928
2018-12-16,20:30,42.7,42.7,41.8,96.4,1.0,N@1.4,5.7,40.8,0.0,0,"Alderdale, Alderdale, Klickitat County",310107,Alderdale,2019-06-26 16:11:19.832928
2018-12-16,20:45,43.3,43.3,41.8,94.1,0.95,NW@2.2,5.3,40.8,0.0,0,"Alderdale, Alderdale, Klickitat County",310107,Alderdale,2019-06-26 16:11:19.832928
2018-12-16,21:00,44.2,44.2,41.2,89.1,0.97,SW@4.9,10.7,40.8,0.0,0,"Alderdale, Alderdale, Klickitat County",310107,Alderdale,2019-06-26 16:11:19.832928
2018-12-16,21:15,42.6,42.7,41.3,95.1,1.0,SE@3.9,6.0,40.8,0.0,0,"Alderdale, Alderdale, Klickitat County",310107,Alderdale,2019-06-26 16:11:19.832928
2018-12-16,21:30,42.7,42.8,41.4,95.3,1.0,SW@6.7,9.9,40.8,0.0,0,"Alderdale, Alderdale, Klickitat County",310107,Alderdale,2019-06-26 16:11:19.832928
2018-12-16,21:45,43.1,43.2,41.3,93.4,1.0,SW@6.7,8.9,40.9,0.0,0,"Alderdale, Alderdale, Klickitat County",310107,Alderdale,2019-06-26 16:11:19.832928
2018-12-16,22:00,42.3,42.4,41.4,96.6,0.98,W@3.6,7.1,40.9,0.0,0,"Alderdale, Alderdale, Klickitat County",310107,Alderdale,2019-06-26 16:11:19.832928
2018-12-16,22:15,42.1,42.1,41.4,97.3,0.95,S@0.7,4.9,40.9,0.0,0,"Alderdale, Alderdale, Klickitat County",310107,Alderdale,2019-06-26 16:11:19.832928
2018-12-16,22:30,41.0,40.9,40.2,97.1,0.95,N@2.5,5.3,40.9,0.0,0,"Alderdale, Alderdale, Klickitat County",310107,Alderdale,2019-06-26 16:11:19.832928
2018-12-16,22:45,39.2,39.2,39.0,99.3,0.96,N@1.5,4.9,40.9,0.0,0,"Alderdale, Alderdale, Klickitat County",310107,Alderdale,2019-06-26 16:11:19.832928
2018-12-16,23:00,38.7,38.7,38.5,99.3,1.0,N@0.1,2.8,40.9,0.0,0,"Alderdale, Alderdale, Klickitat County",310107,Alderdale,2019-06-26 16:11:19.832928
2018-12-16,23:15,38.2,38.2,38.0,99.3,1.0,NW@0.4,4.6,40.9,0.0,0,"Alderdale, Alderdale, Klickitat County",310107,Alderdale,2019-06-26 16:11:19.832928
2018-12-16,23:30,38.0,38.0,37.8,99.3,1.0,N@2.3,4.9,40.9,0.0,0,"Alderdale, Alderdale, Klickitat County",310107,Alderdale,2019-06-26 16:11:19.832928
2018-12-16,23:45,37.9,37.9,37.8,99.3,1.0,N@0.1,2.1,40.9,0.0,0,"Alderdale, Alderdale, Klickitat County",310107,Alderdale,2019-06-26 16:11:19.832928
2018-12-16,24:00,37.8,37.7,37.6,99.3,1.0,N@0.0,0.0,40.9,0.0,0,"Alderdale, Alderdale, Klickitat County",310107,Alderdale,2019-06-26 16:11:19.832928
2018-12-17,00:15,37.8,37.8,37.7,99.3,1.0,N@0.0,0.0,40.9,0.0,0,"Alderdale, Alderdale, Klickitat County",310107,Alderdale,2019-06-26 16:11:19.832928
2018-12-17,00:30,37.5,37.5,37.3,99.3,1.0,SW@1.0,3.5,40.9,0.0,0,"Alderdale, Alderdale, Klickitat County",310107,Alderdale,2019-06-26 16:11:19.832928
2018-12-17,00:45,36.8,36.8,36.6,99.3,1.0,W@3.4,4.6,40.9,0.0,0,"Alderdale, Alderdale, Klickitat County",310107,Alderdale,2019-06-26 16:11:19.832928
2018-12-17,01:00,36.3,36.3,36.1,99.3,1.0,SW@0.5,3.5,40.9,0.0,0,"Alderdale, Alderdale, Klickitat County",310107,Alderdale,2019-06-26 16:11:19.832928
2018-12-17,01:15,36.6,36.6,36.4,99.3,1.0,SW@2.1,4.6,40.9,0.0,0,"Alderdale, Alderdale, Klickitat County",310107,Alderdale,2019-06-26 16:11:19.832928
2018-12-17,01:30,35.9,35.8,35.7,99.3,1.0,N@0.0,0.0,40.9,0.0,0,"Alderdale, Alderdale, Klickitat County",310107,Alderdale,2019-06-26 16:11:19.832928
2018-12-17,01:45,36.1,36.1,35.9,99.3,1.0,N@0.0,0.0,40.9,0.0,0,"Alderdale, Alderdale, Klickitat County",310107,Alderdale,2019-06-26 16:11:19.832928
2018-12-17,02:00,36.0,36.0,35.8,99.3,1.0,N@0.0,0.0,40.9,0.0,0,"Alderdale, Alderdale, Klickitat County",310107,Alderdale,2019-06-26 16:11:19.832928
2018-12-17,02:15,35.3,35.3,35.2,99.3,1.0,N@0.0,0.0,40.8,0.0,0,"Alderdale, Alderdale, Klickitat County",310107,Alderdale,2019-06-26 16:11:19.832928
2018-12-17,02:30,35.2,35.1,35.0,99.3,1.0,N@0.0,0.0,40.8,0.0,0,"Alderdale, Alderdale, Klickitat County",310107,Alderdale,2019-06-26 16:11:19.832928
2018-12-17,02:45,35.2,35.2,35.0,99.3,1.0,N@0.0,0.0,40.8,0.0,0,"Alderdale, Alderdale, Klickitat County",310107,Alderdale,2019-06-26 16:11:19.832928
2018-12-17,03:00,35.3,35.3,35.1,99.3,1.0,N@0.0,0.0,40.8,0.0,0,"Alderdale, Alderdale, Klickitat County",310107,Alderdale,2019-06-26 16:11:19.832928
2018-12-17,03:15,35.3,35.3,35.1,99.3,1.0,N@0.0,0.0,40.7,0.0,0,"Alderdale, Alderdale, Klickitat County",310107,Alderdale,2019-06-26 16:11:19.832928
2018-12-17,03:30,35.2,35.2,35.1,99.3,1.0,N@0.0,0.0,40.7,0.0,0,"Alderdale, Alderdale, Klickitat County",310107,Alderdale,2019-06-26 16:11:19.832928
2018-12-17,03:45,34.8,34.8,34.6,99.3,1.0,N@0.0,0.0,40.7,0.0,0,"Alderdale, Alderdale, Klickitat County",310107,Alderdale,2019-06-26 16:11:19.832928
2018-12-17,04:00,34.5,34.5,34.3,99.3,1.0,N@0.0,0.0,40.6,0.0,0,"Alderdale, Alderdale, Klickitat County",310107,Alderdale,2019-06-26 16:11:19.832928
2018-12-17,04:15,34.1,34.1,33.9,99.3,1.0,N@0.0,0.0,40.6,0.0,0,"Alderdale, Alderdale, Klickitat County",310107,Alderdale,2019-06-26 16:11:19.832928
2018-12-17,04:30,34.1,34.2,34.0,99.3,1.0,SW@1.4,3.5,40.5,0.0,0,"Alderdale, Alderdale, Klickitat County",310107,Alderdale,2019-06-26 16:11:19.832928
2018-12-17,04:45,34.4,34.4,34.2,99.3,1.0,W@1.3,4.6,40.5,0.0,0,"Alderdale, Alderdale, Klickitat County",310107,Alderdale,2019-06-26 16:11:19.832928
2018-12-17,05:00,34.1,34.2,34.0,99.3,1.0,N@3.5,6.7,40.5,0.0,0,"Alderdale, Alderdale, Klickitat County",310107,Alderdale,2019-06-26 16:11:19.832928
2018-12-17,05:15,34.3,34.3,34.1,99.3,1.0,NE@2.7,4.6,40.4,0.0,0,"Alderdale, Alderdale, Klickitat County",310107,Alderdale,2019-06-26 16:11:19.832928
2018-12-17,05:30,34.5,34.5,34.3,99.3,1.0,NE@1.8,4.9,40.4,0.0,0,"Alderdale, Alderdale, Klickitat County",310107,Alderdale,2019-06-26 16:11:19.832928
2018-12-17,05:45,34.3,34.3,34.1,99.3,1.0,N@0.0,0.0,40.3,0.0,0,"Alderdale, Alderdale, Klickitat County",310107,Alderdale,2019-06-26 16:11:19.832928
2018-12-17,06:00,34.1,34.1,33.9,99.3,1.0,N@0.0,0.0,40.3,0.0,0,"Alderdale, Alderdale, Klickitat County",310107,Alderdale,2019-06-26 16:11:19.832928
2018-12-17,06:15,33.7,33.8,33.5,99.3,1.0,N@0.0,0.0,40.2,0.0,0,"Alderdale, Alderdale, Klickitat County",310107,Alderdale,2019-06-26 16:11:19.832928
2018-12-17,06:30,34.3,34.3,34.1,99.3,1.0,NW@1.7,4.6,40.2,0.0,0,"Alderdale, Alderdale, Klickitat County",310107,Alderdale,2019-06-26 16:11:19.832928
2018-12-17,06:45,35.3,35.3,35.1,99.3,1.0,NW@1.6,4.2,40.2,0.0,0,"Alderdale, Alderdale, Klickitat County",310107,Alderdale,2019-06-26 16:11:19.832928
2018-12-17,07:00,35.5,35.6,35.3,99.3,1.0,W@3.5,5.3,40.1,0.0,0,"Alderdale, Alderdale, Klickitat County",310107,Alderdale,2019-06-26 16:11:19.832928
2018-12-17,07:15,35.6,35.7,35.4,99.3,1.0,W@4.1,6.0,40.1,0.0,0,"Alderdale, Alderdale, Klickitat County",310107,Alderdale,2019-06-26 16:11:19.832928
2018-12-17,07:30,35.1,35.2,34.9,99.3,1.0,W@4.2,5.7,40.0,0.0,1,"Alderdale, Alderdale, Klickitat County",310107,Alderdale,2019-06-26 16:11:19.832928
2018-12-17,07:45,34.1,34.2,34.0,99.3,1.0,W@6.1,9.9,40.0,0.01,3,"Alderdale, Alderdale, Klickitat County",310107,Alderdale,2019-06-26 16:11:19.832928
2018-12-17,08:00,33.2,33.2,33.0,99.3,1.0,W@9.4,11.4,39.9,0.0,13,"Alderdale, Alderdale, Klickitat County",310107,Alderdale,2019-06-26 16:11:19.832928
2018-12-17,08:15,33.9,34.0,33.8,99.3,1.0,W@5.7,8.2,39.9,0.0,69,"Alderdale, Alderdale, Klickitat County",310107,Alderdale,2019-06-26 16:11:19.832928
2018-12-17,08:30,34.6,34.6,34.5,99.3,1.0,E@1.7,7.8,39.9,0.0,109,"Alderdale, Alderdale, Klickitat County",310107,Alderdale,2019-06-26 16:11:19.832928
2018-12-17,08:45,34.0,33.9,33.8,99.3,1.0,N@0.3,3.1,39.8,0.0,115,"Alderdale, Alderdale, Klickitat County",310107,Alderdale,2019-06-26 16:11:19.832928
2018-12-17,09:00,34.1,34.1,33.9,99.3,1.0,NE@0.1,2.4,39.8,0.0,103,"Alderdale, Alderdale, Klickitat County",310107,Alderdale,2019-06-26 16:11:19.832928
2018-12-17,09:15,33.8,33.8,33.7,99.3,1.0,N@0.0,0.0,39.7,0.0,86,"Alderdale, Alderdale, Klickitat County",310107,Alderdale,2019-06-26 16:11:19.832928
2018-12-17,09:30,33.9,33.8,33.7,99.3,1.0,E@0.0,1.4,39.7,0.0,161,"Alderdale, Alderdale, Klickitat County",310107,Alderdale,2019-06-26 16:11:19.832928
2018-12-17,09:45,34.5,34.4,34.4,99.3,1.0,N@0.0,0.0,39.7,0.0,159,"Alderdale, Alderdale, Klickitat County",310107,Alderdale,2019-06-26 16:11:19.832928
2018-12-17,10:00,35.1,35.0,34.9,99.3,1.0,N@0.0,0.0,39.6,0.0,160,"Alderdale, Alderdale, Klickitat County",310107,Alderdale,2019-06-26 16:11:19.832928
2018-12-17,10:15,35.0,34.9,34.8,99.3,1.0,E@0.1,2.8,39.6,0.0,158,"Alderdale, Alderdale, Klickitat County",310107,Alderdale,2019-06-26 16:11:19.832928
2018-12-17,10:30,35.7,35.6,35.5,99.3,1.0,N@0.0,0.0,39.6,0.0,132,"Alderdale, Alderdale, Klickitat County",310107,Alderdale,2019-06-26 16:11:19.832928
2018-12-17,10:45,37.4,37.4,37.2,99.3,1.0,E@0.4,3.5,39.5,0.0,151,"Alderdale, Alderdale, Klickitat County",310107,Alderdale,2019-06-26 16:11:19.832928
2018-12-17,11:00,39.2,39.2,39.1,99.3,1.0,E@2.6,5.7,39.5,0.0,258,"Alderdale, Alderdale, Klickitat County",310107,Alderdale,2019-06-26 16:11:19.832928
2018-12-17,11:15,40.5,40.5,40.4,99.3,1.0,E@1.1,3.9,39.5,0.0,249,"Alderdale, Alderdale, Klickitat County",310107,Alderdale,2019-06-26 16:11:19.832928
2018-12-17,11:30,40.2,40.2,40.0,99.3,1.0,E@3.3,7.4,39.5,0.0,154,"Alderdale, Alderdale, Klickitat County",310107,Alderdale,2019-06-26 16:11:19.832928
2018-12-17,11:45,40.5,40.4,40.3,99.3,1.0,E@2.1,5.3,39.5,0.0,204,"Alderdale, Alderdale, Klickitat County",310107,Alderdale,2019-06-26 16:11:19.832928
2018-12-17,12:00,40.8,40.7,40.6,99.3,1.0,E@2.7,6.7,39.5,0.0,225,"Alderdale, Alderdale, Klickitat County",310107,Alderdale,2019-06-26 16:11:19.832928
2018-12-17,12:15,41.6,41.6,41.5,99.3,1.0,NE@1.9,5.7,39.5,0.0,246,"Alderdale, Alderdale, Klickitat County",310107,Alderdale,2019-06-26 16:11:19.832928
2018-12-17,12:30,41.4,41.3,41.2,99.3,1.0,NE@1.6,4.6,39.5,0.0,198,"Alderdale, Alderdale, Klickitat County",310107,Alderdale,2019-06-26 16:11:19.832928
2018-12-17,12:45,40.8,40.8,40.6,99.3,1.0,NE@1.7,4.9,39.5,0.0,121,"Alderdale, Alderdale, Klickitat County",310107,Alderdale,2019-06-26 16:11:19.832928
2018-12-17,13:00,40.9,40.8,40.7,99.3,1.0,NE@1.5,4.6,39.5,0.0,78,"Alderdale, Alderdale, Klickitat County",310107,Alderdale,2019-06-26 16:11:19.832928
2018-12-17,13:15,41.1,41.1,40.9,99.3,1.0,E@0.4,3.5,39.5,0.0,76,"Alderdale, Alderdale, Klickitat County",310107,Alderdale,2019-06-26 16:11:19.832928
2018-12-17,13:30,41.2,41.2,41.0,99.3,1.0,E@2.9,5.3,39.6,0.0,87,"Alderdale, Alderdale, Klickitat County",310107,Alderdale,2019-06-26 16:11:19.832928
2018-12-17,13:45,41.2,41.2,41.1,99.3,1.0,E@0.7,4.9,39.6,0.0,80,"Alderdale, Alderdale, Klickitat County",310107,Alderdale,2019-06-26 16:11:19.832928
2018-12-17,14:00,41.1,41.1,40.9,99.3,1.0,N@0.0,1.4,39.7,0.0,74,"Alderdale, Alderdale, Klickitat County",310107,Alderdale,2019-06-26 16:11:19.832928
2018-12-17,14:15,40.8,40.8,40.6,99.3,1.0,E@1.5,4.2,39.7,0.0,66,"Alderdale, Alderdale, Klickitat County",310107,Alderdale,2019-06-26 16:11:19.832928
2018-12-17,14:30,40.7,40.8,40.5,99.3,1.0,E@1.6,4.2,39.8,0.0,47,"Alderdale, Alderdale, Klickitat County",310107,Alderdale,2019-06-26 16:11:19.832928
2018-12-17,14:45,40.6,40.6,40.4,99.3,1.0,NE@2.1,3.9,39.9,0.0,30,"Alderdale, Alderdale, Klickitat County",310107,Alderdale,2019-06-26 16:11:19.832928
2018-12-17,15:00,40.3,40.4,40.1,99.3,1.0,E@2.4,4.9,39.9,0.0,26,"Alderdale, Alderdale, Klickitat County",310107,Alderdale,2019-06-26 16:11:19.832928
2018-12-17,15:15,40.2,40.3,40.0,99.3,1.0,E@1.7,6.0,40.0,0.0,24,"Alderdale, Alderdale, Klickitat County",310107,Alderdale,2019-06-26 16:11:19.832928
2018-12-17,15:30,40.2,40.3,40.0,99.3,1.0,E@1.3,4.9,40.1,0.0,30,"Alderdale, Alderdale, Klickitat County",310107,Alderdale,2019-06-26 16:11:19.832928
2018-12-17,15:45,40.1,40.1,40.0,99.3,1.0,N@0.0,0.0,40.2,0.0,26,"Alderdale, Alderdale, Klickitat County",310107,Alderdale,2019-06-26 16:11:19.832928
2018-12-17,16:00,40.0,40.0,39.8,99.3,1.0,N@0.0,0.0,40.2,0.0,17,"Alderdale, Alderdale, Klickitat County",310107,Alderdale,2019-06-26 16:11:19.832928
2018-12-17,16:15,39.5,39.6,39.4,99.3,1.0,NW@1.0,3.9,40.3,0.0,5,"Alderdale, Alderdale, Klickitat County",310107,Alderdale,2019-06-26 16:11:19.832928
2018-12-17,16:30,39.1,39.2,39.0,99.3,1.0,W@1.0,3.1,40.4,0.0,2,"Alderdale, Alderdale, Klickitat County",310107,Alderdale,2019-06-26 16:11:19.832928
2018-12-17,16:45,38.6,38.7,38.4,99.3,1.0,SW@2.7,4.2,40.4,0.0,0,"Alderdale, Alderdale, Klickitat County",310107,Alderdale,2019-06-26 16:11:19.832928
2018-12-17,17:00,38.2,38.3,38.0,99.3,1.0,W@3.3,4.9,40.5,0.0,0,"Alderdale, Alderdale, Klickitat County",310107,Alderdale,2019-06-26 16:11:19.832928
2018-12-17,17:15,37.9,38.0,37.7,99.3,1.0,W@3.7,5.3,40.6,0.0,0,"Alderdale, Alderdale, Klickitat County",310107,Alderdale,2019-06-26 16:11:19.832928
2018-12-17,17:30,37.9,38.0,37.7,99.3,1.0,W@3.0,5.3,40.6,0.0,0,"Alderdale, Alderdale, Klickitat County",310107,Alderdale,2019-06-26 16:11:19.832928
2018-12-17,17:45,38.2,38.2,38.0,99.3,1.0,W@2.6,4.6,40.7,0.0,0,"Alderdale, Alderdale, Klickitat County",310107,Alderdale,2019-06-26 16:11:19.832928
2018-12-17,18:00,38.3,38.3,38.1,99.3,1.0,N@0.0,0.0,40.7,0.0,0,"Alderdale, Alderdale, Klickitat County",310107,Alderdale,2019-06-26 16:11:19.832928
2018-12-17,18:15,38.4,38.5,38.3,99.3,1.0,N@0.0,0.0,40.7,0.0,0,"Alderdale, Alderdale, Klickitat County",310107,Alderdale,2019-06-26 16:11:19.832928
2018-12-17,18:30,38.3,38.4,38.2,99.3,1.0,NW@1.9,5.3,40.8,0.0,0,"Alderdale, Alderdale, Klickitat County",310107,Alderdale,2019-06-26 16:11:19.832928
2018-12-17,18:45,38.1,38.2,38.0,99.3,1.0,NW@0.2,2.8,40.8,0.0,0,"Alderdale, Alderdale, Klickitat County",310107,Alderdale,2019-06-26 16:11:19.832928
2018-12-17,19:00,38.3,38.4,38.2,99.3,1.0,W@0.6,4.9,40.8,0.0,0,"Alderdale, Alderdale, Klickitat County",310107,Alderdale,2019-06-26 16:11:19.832928
2018-12-17,19:15,38.4,38.4,38.2,99.3,1.0,W@4.3,6.4,40.8,0.0,0,"Alderdale, Alderdale, Klickitat County",310107,Alderdale,2019-06-26 16:11:19.832928
2018-12-17,19:30,38.2,38.2,38.0,99.3,1.0,W@2.6,5.3,40.9,0.0,0,"Alderdale, Alderdale, Klickitat County",310107,Alderdale,2019-06-26 16:11:19.832928
2018-12-17,19:45,38.4,38.5,38.3,99.3,1.0,W@3.9,5.3,40.9,0.0,0,"Alderdale, Alderdale, Klickitat County",310107,Alderdale,2019-06-26 16:11:19.832928
2018-12-17,20:00,38.6,38.8,38.5,99.3,1.0,W@3.9,6.0,40.9,0.0,0,"Alderdale, Alderdale, Klickitat County",310107,Alderdale,2019-06-26 16:11:19.832928
2018-12-17,20:15,38.9,39.2,38.7,99.3,1.0,W@4.9,8.2,40.9,0.0,0,"Alderdale, Alderdale, Klickitat County",310107,Alderdale,2019-06-26 16:11:19.832928
2018-12-17,20:30,39.6,40.1,39.5,99.3,1.0,W@5.0,7.8,40.9,0.0,0,"Alderdale, Alderdale, Klickitat County",310107,Alderdale,2019-06-26 16:11:19.832928
2018-12-17,20:45,40.4,40.9,40.2,99.3,1.0,W@5.4,7.4,40.9,0.0,0,"Alderdale, Alderdale, Klickitat County",310107,Alderdale,2019-06-26 16:11:19.832928
2018-12-17,21:00,40.8,41.2,40.7,99.3,1.0,W@5.9,8.5,40.9,0.0,0,"Alderdale, Alderdale, Klickitat County",310107,Alderdale,2019-06-26 16:11:19.832928
2018-12-17,21:15,41.3,41.6,41.1,99.4,1.0,W@2.8,6.0,40.9,0.0,0,"Alderdale, Alderdale, Klickitat County",310107,Alderdale,2019-06-26 16:11:19.832928
2018-12-17,21:30,41.9,42.1,41.7,99.4,1.0,W@1.9,4.2,40.9,0.0,0,"Alderdale, Alderdale, Klickitat County",310107,Alderdale,2019-06-26 16:11:19.832928
2018-12-17,21:45,42.2,42.4,42.1,99.3,1.0,E@0.1,3.9,40.8,0.01,0,"Alderdale, Alderdale, Klickitat County",310107,Alderdale,2019-06-26 16:11:19.832928
2018-12-17,22:00,41.8,41.9,41.7,99.3,1.0,SE@3.4,7.8,40.8,0.0,0,"Alderdale, Alderdale, Klickitat County",310107,Alderdale,2019-06-26 16:11:19.832928
2018-12-17,22:15,41.0,41.0,40.9,99.3,1.0,SE@1.2,6.0,40.8,0.0,0,"Alderdale, Alderdale, Klickitat County",310107,Alderdale,2019-06-26 16:11:19.832928
2018-12-17,22:30,41.0,41.0,40.8,99.3,1.0,E@0.6,4.2,40.8,0.0,0,"Alderdale, Alderdale, Klickitat County",310107,Alderdale,2019-06-26 16:11:19.832928
2018-12-17,22:45,40.6,40.6,40.4,99.3,1.0,E@2.3,5.7,40.8,0.0,0,"Alderdale, Alderdale, Klickitat County",310107,Alderdale,2019-06-26 16:11:19.832928
2018-12-17,23:00,40.4,40.5,40.3,99.4,1.0,E@4.2,5.7,40.8,0.0,0,"Alderdale, Alderdale, Klickitat County",310107,Alderdale,2019-06-26 16:11:19.832928
2018-12-17,23:15,40.7,40.7,40.5,99.3,1.0,SE@1.4,4.2,40.8,0.01,0,"Alderdale, Alderdale, Klickitat County",310107,Alderdale,2019-06-26 16:11:19.832928
2018-12-17,23:30,40.5,40.5,40.4,99.4,1.0,N@0.0,0.0,40.8,0.0,0,"Alderdale, Alderdale, Klickitat County",310107,Alderdale,2019-06-26 16:11:19.832928
2018-12-17,23:45,40.7,40.7,40.5,99.4,1.0,N@0.0,0.0,40.8,0.0,0,"Alderdale, Alderdale, Klickitat County",310107,Alderdale,2019-06-26 16:11:19.832928
2018-12-17,24:00,40.7,40.7,40.6,99.3,1.0,N@0.0,0.0,40.8,0.0,0,"Alderdale, Alderdale, Klickitat County",310107,Alderdale,2019-06-26 16:11:19.832928
2018-12-18,00:15,40.5,40.5,40.3,99.4,0.99,N@0.0,0.0,40.8,0.0,0,"Alderdale, Alderdale, Klickitat County",310107,Alderdale,2019-06-26 16:11:19.832928
2018-12-18,00:30,40.4,40.5,40.3,99.3,0.97,N@0.0,0.0,40.8,0.01,0,"Alderdale, Alderdale, Klickitat County",310107,Alderdale,2019-06-26 16:11:19.832928
2018-12-18,00:45,40.4,40.4,40.2,99.3,1.0,N@0.0,0.0,40.8,0.0,0,"Alderdale, Alderdale, Klickitat County",310107,Alderdale,2019-06-26 16:11:19.832928
2018-12-18,01:00,40.0,40.0,39.9,99.4,1.0,N@0.0,0.0,40.8,0.0,0,"Alderdale, Alderdale, Klickitat County",310107,Alderdale,2019-06-26 16:11:19.832928
2018-12-18,01:15,39.3,39.4,39.2,99.4,1.0,N@0.0,0.0,40.8,0.0,0,"Alderdale, Alderdale, Klickitat County",310107,Alderdale,2019-06-26 16:11:19.832928
2018-12-18,01:30,39.2,39.2,39.0,99.3,1.0,N@0.0,0.0,40.8,0.0,0,"Alderdale, Alderdale, Klickitat County",310107,Alderdale,2019-06-26 16:11:19.832928
2018-12-18,01:45,39.3,39.3,39.1,99.4,1.0,N@0.0,0.0,40.8,0.0,0,"Alderdale, Alderdale, Klickitat County",310107,Alderdale,2019-06-26 16:11:19.832928
2018-12-18,02:00,39.4,39.4,39.3,99.3,1.0,N@0.0,0.0,40.8,0.0,0,"Alderdale, Alderdale, Klickitat County",310107,Alderdale,2019-06-26 16:11:19.832928
2018-12-18,02:15,39.5,39.5,39.3,99.3,0.96,N@0.0,0.0,40.8,0.01,0,"Alderdale, Alderdale, Klickitat County",310107,Alderdale,2019-06-26 16:11:19.832928
2018-12-18,02:30,39.5,39.5,39.4,99.3,0.94,N@0.0,0.0,40.8,0.0,0,"Alderdale, Alderdale, Klickitat County",310107,Alderdale,2019-06-26 16:11:19.832928
2018-12-18,02:45,39.5,39.5,39.4,99.4,0.95,N@0.0,0.0,40.8,0.0,0,"Alderdale, Alderdale, Klickitat County",310107,Alderdale,2019-06-26 16:11:19.832928
2018-12-18,03:00,39.5,39.5,39.3,99.4,0.96,N@0.0,0.0,40.8,0.0,0,"Alderdale, Alderdale, Klickitat County",310107,Alderdale,2019-06-26 16:11:19.832928
2018-12-18,03:15,39.9,40.0,39.8,99.4,0.95,N@0.0,0.0,40.8,0.0,0,"Alderdale, Alderdale, Klickitat County",310107,Alderdale,2019-06-26 16:11:19.832928
2018-12-18,03:30,39.9,39.9,39.7,99.4,0.98,N@0.0,0.0,40.8,0.0,0,"Alderdale, Alderdale, Klickitat County",310107,Alderdale,2019-06-26 16:11:19.832928
2018-12-18,03:45,40.0,40.1,39.9,99.3,1.0,SE@0.3,3.9,40.8,0.0,0,"Alderdale, Alderdale, Klickitat County",310107,Alderdale,2019-06-26 16:11:19.832928
2018-12-18,04:00,39.4,39.5,39.3,99.3,1.0,SE@3.5,4.6,40.8,0.01,0,"Alderdale, Alderdale, Klickitat County",310107,Alderdale,2019-06-26 16:11:19.832928
2018-12-18,04:15,39.8,39.8,39.6,99.3,1.0,S@1.4,4.6,40.8,0.0,0,"Alderdale, Alderdale, Klickitat County",310107,Alderdale,2019-06-26 16:11:19.832928
2018-12-18,04:30,38.5,38.5,38.4,99.3,1.0,NE@0.8,5.3,40.8,0.0,0,"Alderdale, Alderdale, Klickitat County",310107,Alderdale,2019-06-26 16:11:19.832928
2018-12-18,04:45,38.4,38.4,38.2,99.3,1.0,N@0.0,0.0,40.8,0.0,0,"Alderdale, Alderdale, Klickitat County",310107,Alderdale,2019-06-26 16:11:19.832928
2018-12-18,05:00,39.3,39.3,39.1,99.3,0.96,N@0.0,0.0,40.8,0.01,0,"Alderdale, Alderdale, Klickitat County",310107,Alderdale,2019-06-26 16:11:19.832928
2018-12-18,05:15,39.5,39.5,39.3,99.3,0.95,N@0.0,0.0,40.7,0.0,0,"Alderdale, Alderdale, Klickitat County",310107,Alderdale,2019-06-26 16:11:19.832928
2018-12-18,05:30,39.6,39.6,39.4,99.3,0.94,N@0.0,0.0,40.7,0.0,0,"Alderdale, Alderdale, Klickitat County",310107,Alderdale,2019-06-26 16:11:19.832928
2018-12-18,05:45,39.9,39.9,39.7,99.3,0.93,N@0.0,0.0,40.7,0.02,0,"Alderdale, Alderdale, Klickitat County",310107,Alderdale,2019-06-26 16:11:19.832928
2018-12-18,06:00,39.8,39.9,39.7,99.4,0.93,N@0.0,0.0,40.7,0.01,0,"Alderdale, Alderdale, Klickitat County",310107,Alderdale,2019-06-26 16:11:19.832928
2018-12-18,06:15,39.9,39.9,39.7,99.4,0.93,N@0.0,0.0,40.7,0.01,0,"Alderdale, Alderdale, Klickitat County",310107,Alderdale,2019-06-26 16:11:19.832928
2018-12-18,06:30,39.9,39.9,39.8,99.4,0.93,N@0.0,0.0,40.7,0.01,0,"Alderdale, Alderdale, Klickitat County",310107,Alderdale,2019-06-26 16:11:19.832928
2018-12-18,06:45,40.1,40.1,39.9,99.4,0.93,N@0.0,0.0,40.7,0.01,0,"Alderdale, Alderdale, Klickitat County",310107,Alderdale,2019-06-26 16:11:19.832928
2018-12-18,07:00,40.2,40.2,40.0,99.3,0.93,N@0.0,0.0,40.7,0.0,0,"Alderdale, Alderdale, Klickitat County",310107,Alderdale,2019-06-26 16:11:19.832928
2018-12-18,07:15,40.4,40.4,40.2,99.4,0.94,N@0.0,0.0,40.7,0.0,0,"Alderdale, Alderdale, Klickitat County",310107,Alderdale,2019-06-26 16:11:19.832928
2018-12-18,07:30,40.3,40.4,40.2,99.4,0.93,N@0.0,0.0,40.7,0.01,1,"Alderdale, Alderdale, Klickitat County",310107,Alderdale,2019-06-26 16:11:19.832928
2018-12-18,07:45,40.3,40.3,40.1,99.4,0.94,N@0.0,0.0,40.7,0.0,2,"Alderdale, Alderdale, Klickitat County",310107,Alderdale,2019-06-26 16:11:19.832928
2018-12-18,08:00,40.5,40.5,40.3,99.3,0.94,NW@0.6,3.9,40.7,0.0,2,"Alderdale, Alderdale, Klickitat County",310107,Alderdale,2019-06-26 16:11:19.832928
2018-12-18,08:15,41.9,41.9,41.7,99.4,0.93,W@3.0,4.9,40.7,0.02,4,"Alderdale, Alderdale, Klickitat County",310107,Alderdale,2019-06-26 16:11:19.832928
2018-12-18,08:30,43.4,43.5,43.3,99.3,0.93,SW@2.7,4.6,40.7,0.01,10,"Alderdale, Alderdale, Klickitat County",310107,Alderdale,2019-06-26 16:11:19.832928
2018-12-18,08:45,44.7,44.8,44.5,99.3,0.94,S@1.4,5.3,40.6,0.0,17,"Alderdale, Alderdale, Klickitat County",310107,Alderdale,2019-06-26 16:11:19.832928
2018-12-18,09:00,48.2,48.4,47.2,96.4,0.94,SW@5.5,9.6,40.6,0.0,15,"Alderdale, Alderdale, Klickitat County",310107,Alderdale,2019-06-26 16:11:19.832928
2018-12-18,09:15,49.7,49.8,47.7,92.8,0.95,SW@8.5,12.4,40.7,0.01,27,"Alderdale, Alderdale, Klickitat County",310107,Alderdale,2019-06-26 16:11:19.832928
2018-12-18,09:30,51.5,51.6,49.1,91.6,0.94,SW@14.4,22.8,40.7,0.01,68,"Alderdale, Alderdale, Klickitat County",310107,Alderdale,2019-06-26 16:11:19.832928
2018-12-18,09:45,52.0,52.2,49.0,89.5,0.94,SW@17.6,23.5,40.7,0.01,68,"Alderdale, Alderdale, Klickitat County",310107,Alderdale,2019-06-26 16:11:19.832928
2018-12-18,10:00,51.8,51.9,48.5,88.2,0.91,SW@16.3,25.0,40.6,0.0,81,"Alderdale, Alderdale, Klickitat County",310107,Alderdale,2019-06-26 16:11:19.832928
2018-12-18,10:15,51.9,51.9,48.3,87.5,0.63,SW@14.3,21.0,40.6,0.0,40,"Alderdale, Alderdale, Klickitat County",310107,Alderdale,2019-06-26 16:11:19.832928
2018-12-18,10:30,51.0,51.1,48.3,90.5,0.83,W@14.4,21.0,40.7,0.0,18,"Alderdale, Alderdale, Klickitat County",310107,Alderdale,2019-06-26 16:11:19.832928
2018-12-18,10:45,50.6,50.7,48.9,93.9,0.97,W@12.9,17.1,40.7,0.02,75,"Alderdale, Alderdale, Klickitat County",310107,Alderdale,2019-06-26 16:11:19.832928
2018-12-18,11:00,50.5,50.7,49.6,96.5,0.98,W@13.8,18.2,40.7,0.01,61,"Alderdale, Alderdale, Klickitat County",310107,Alderdale,2019-06-26 16:11:19.832928
2018-12-18,11:15,50.7,50.9,49.3,94.7,0.95,SW@12.5,17.8,40.7,0.0,59,"Alderdale, Alderdale, Klickitat County",310107,Alderdale,2019-06-26 16:11:19.832928
2018-12-18,11:30,50.4,50.5,49.4,96.4,0.94,SW@13.8,18.5,40.7,0.0,80,"Alderdale, Alderdale, Klickitat County",310107,Alderdale,2019-06-26 16:11:19.832928
2018-12-18,11:45,50.6,50.6,49.3,95.4,0.92,SW@11.2,18.2,40.8,0.0,93,"Alderdale, Alderdale, Klickitat County",310107,Alderdale,2019-06-26 16:11:19.832928
2018-12-18,12:00,51.2,51.2,49.2,92.9,0.87,SW@9.9,16.0,40.8,0.0,162,"Alderdale, Alderdale, Klickitat County",310107,Alderdale,2019-06-26 16:11:19.832928
2018-12-18,12:15,51.7,51.7,48.3,88.2,0.41,SW@11.3,16.7,40.9,0.0,153,"Alderdale, Alderdale, Klickitat County",310107,Alderdale,2019-06-26 16:11:19.832928
2018-12-18,12:30,52.0,52.0,48.1,86.4,0.0,SW@12.5,18.5,40.9,0.0,237,"Alderdale, Alderdale, Klickitat County",310107,Alderdale,2019-06-26 16:11:19.832928
2018-12-18,12:45,52.6,52.6,48.4,85.4,0.0,SW@13.2,17.1,41.0,0.0,312,"Alderdale, Alderdale, Klickitat County",310107,Alderdale,2019-06-26 16:11:19.832928
2018-12-18,13:00,53.8,53.7,48.4,82.1,0.0,SW@13.6,18.9,41.1,0.0,329,"Alderdale, Alderdale, Klickitat County",310107,Alderdale,2019-06-26 16:11:19.832928
2018-12-18,13:15,54.0,53.9,46.9,76.7,0.0,SW@15.8,20.7,41.1,0.0,316,"Alderdale, Alderdale, Klickitat County",310107,Alderdale,2019-06-26 16:11:19.832928
2018-12-18,13:30,54.2,54.1,46.3,74.4,0.0,SW@15.2,21.4,41.2,0.0,310,"Alderdale, Alderdale, Klickitat County",310107,Alderdale,2019-06-26 16:11:19.832928
2018-12-18,13:45,54.4,54.3,45.8,72.5,0.0,SW@16.2,21.4,41.3,0.0,295,"Alderdale, Alderdale, Klickitat County",310107,Alderdale,2019-06-26 16:11:19.832928
2018-12-18,14:00,54.5,54.4,45.9,72.4,0.0,SW@14.2,21.0,41.4,0.0,272,"Alderdale, Alderdale, Klickitat County",310107,Alderdale,2019-06-26 16:11:19.832928
2018-12-18,14:15,54.7,54.6,45.4,70.7,0.0,SW@14.4,23.5,41.4,0.0,218,"Alderdale, Alderdale, Klickitat County",310107,Alderdale,2019-06-26 16:11:19.832928
2018-12-18,14:30,53.8,53.8,44.0,69.3,0.0,SW@15.0,22.1,41.5,0.0,128,"Alderdale, Alderdale, Klickitat County",310107,Alderdale,2019-06-26 16:11:19.832928
2018-12-18,14:45,53.5,53.5,43.5,68.8,0.0,SW@14.5,20.3,41.6,0.0,118,"Alderdale, Alderdale, Klickitat County",310107,Alderdale,2019-06-26 16:11:19.832928
2018-12-18,15:00,53.3,53.3,42.7,67.3,0.0,SW@15.1,22.8,41.7,0.0,115,"Alderdale, Alderdale, Klickitat County",310107,Alderdale,2019-06-26 16:11:19.832928
2018-12-18,15:15,53.2,53.2,42.9,68.0,0.0,SW@13.7,18.5,41.8,0.0,115,"Alderdale, Alderdale, Klickitat County",310107,Alderdale,2019-06-26 16:11:19.832928
2018-12-18,15:30,52.7,52.7,42.7,68.7,0.0,SW@13.8,20.7,41.8,0.0,82,"Alderdale, Alderdale, Klickitat County",310107,Alderdale,2019-06-26 16:11:19.832928
2018-12-18,15:45,52.4,52.5,42.2,67.9,0.0,SW@17.1,24.3,41.9,0.0,34,"Alderdale, Alderdale, Klickitat County",310107,Alderdale,2019-06-26 16:11:19.832928
2018-12-18,16:00,52.0,52.1,40.6,65.0,0.0,SW@20.1,32.1,42.0,0.0,14,"Alderdale, Alderdale, Klickitat County",310107,Alderdale,2019-06-26 16:11:19.832928
2018-12-18,16:15,51.2,51.3,39.5,64.1,0.0,SW@19.6,27.8,42.1,0.0,7,"Alderdale, Alderdale, Klickitat County",310107,Alderdale,2019-06-26 16:11:19.832928
2018-12-18,16:30,50.4,50.5,39.9,67.3,0.0,SW@16.5,26.8,42.2,0.0,3,"Alderdale, Alderdale, Klickitat County",310107,Alderdale,2019-06-26 16:11:19.832928
2018-12-18,16:45,50.0,50.2,40.4,69.3,0.0,SW@13.9,20.3,42.3,0.0,1,"Alderdale, Alderdale, Klickitat County",310107,Alderdale,2019-06-26 16:11:19.832928
2018-12-18,17:00,49.7,49.8,40.7,70.8,0.0,SW@13.5,19.6,42.3,0.0,0,"Alderdale, Alderdale, Klickitat County",310107,Alderdale,2019-06-26 16:11:19.832928
2018-12-18,17:15,49.8,49.9,40.8,71.1,0.0,SW@17.7,25.0,42.4,0.0,0,"Alderdale, Alderdale, Klickitat County",310107,Alderdale,2019-06-26 16:11:19.832928
2018-12-18,17:30,49.5,49.6,41.0,72.2,0.0,SW@16.3,22.5,42.5,0.0,0,"Alderdale, Alderdale, Klickitat County",310107,Alderdale,2019-06-26 16:11:19.832928
2018-12-18,17:45,49.1,49.2,41.1,73.6,0.0,SW@14.8,20.3,42.5,0.0,0,"Alderdale, Alderdale, Klickitat County",310107,Alderdale,2019-06-26 16:11:19.832928
2018-12-18,18:00,49.1,49.3,41.2,73.8,0.0,SW@16.5,22.8,42.6,0.0,0,"Alderdale, Alderdale, Klickitat County",310107,Alderdale,2019-06-26 16:11:19.832928
2018-12-18,18:15,48.8,48.9,41.5,75.7,0.06,W@13.7,21.4,42.6,0.0,0,"Alderdale, Alderdale, Klickitat County",310107,Alderdale,2019-06-26 16:11:19.832928
2018-12-18,18:30,48.6,48.8,42.4,78.8,0.28,W@19.0,26.8,42.7,0.0,0,"Alderdale, Alderdale, Klickitat County",310107,Alderdale,2019-06-26 16:11:19.832928
2018-12-18,18:45,47.5,47.6,42.8,83.8,0.06,W@18.6,26.4,42.7,0.0,0,"Alderdale, Alderdale, Klickitat County",310107,Alderdale,2019-06-26 16:11:19.832928
2018-12-18,19:00,47.0,47.1,42.8,85.3,0.06,W@16.0,21.0,42.8,0.0,0,"Alderdale, Alderdale, Klickitat County",310107,Alderdale,2019-06-26 16:11:19.832928
2018-12-18,19:15,48.0,48.2,41.4,77.7,0.0,W@17.9,27.5,42.8,0.0,0,"Alderdale, Alderdale, Klickitat County",310107,Alderdale,2019-06-26 16:11:19.832928
2018-12-18,19:30,47.2,47.4,41.2,79.5,0.0,SW@15.7,23.2,42.8,0.0,0,"Alderdale, Alderdale, Klickitat County",310107,Alderdale,2019-06-26 16:11:19.832928
2018-12-18,19:45,46.7,46.8,41.1,80.7,0.0,W@10.8,16.0,42.8,0.0,0,"Alderdale, Alderdale, Klickitat County",310107,Alderdale,2019-06-26 16:11:19.832928
2018-12-18,20:00,47.9,48.0,40.2,74.7,0.0,SW@14.9,22.1,42.8,0.0,0,"Alderdale, Alderdale, Klickitat County",310107,Alderdale,2019-06-26 16:11:19.832928
2018-12-18,20:15,47.7,47.8,40.4,75.7,0.0,SW@14.4,21.4,42.9,0.0,0,"Alderdale, Alderdale, Klickitat County",310107,Alderdale,2019-06-26 16:11:19.832928
2018-12-18,20:30,47.0,47.1,40.7,78.7,0.0,SW@11.9,17.8,42.9,0.0,0,"Alderdale, Alderdale, Klickitat County",310107,Alderdale,2019-06-26 16:11:19.832928
2018-12-18,20:45,46.5,46.6,41.6,82.9,0.0,SW@15.5,22.5,42.9,0.0,0,"Alderdale, Alderdale, Klickitat County",310107,Alderdale,2019-06-26 16:11:19.832928
2018-12-18,21:00,47.9,48.1,41.3,77.8,0.0,SW@20.6,27.8,42.9,0.0,0,"Alderdale, Alderdale, Klickitat County",310107,Alderdale,2019-06-26 16:11:19.832928
2018-12-18,21:15,47.1,47.2,41.8,81.9,0.0,W@15.8,22.5,42.9,0.0,0,"Alderdale, Alderdale, Klickitat County",310107,Alderdale,2019-06-26 16:11:19.832928
2018-12-18,21:30,46.9,47.0,42.2,83.5,0.0,SW@17.6,26.4,42.9,0.0,0,"Alderdale, Alderdale, Klickitat County",310107,Alderdale,2019-06-26 16:11:19.832928
2018-12-18,21:45,47.0,47.1,42.3,83.7,0.0,SW@19.9,27.1,42.9,0.0,0,"Alderdale, Alderdale, Klickitat County",310107,Alderdale,2019-06-26 16:11:19.832928
2018-12-18,22:00,46.9,47.0,42.4,84.2,0.0,SW@21.3,31.4,42.9,0.0,0,"Alderdale, Alderdale, Klickitat County",310107,Alderdale,2019-06-26 16:11:19.832928
2018-12-18,22:15,47.0,47.1,42.0,82.7,0.0,SW@20.0,27.8,42.9,0.0,0,"Alderdale, Alderdale, Klickitat County",310107,Alderdale,2019-06-26 16:11:19.832928
2018-12-18,22:30,47.5,47.7,41.6,79.9,0.0,SW@18.4,27.5,42.9,0.0,0,"Alderdale, Alderdale, Klickitat County",310107,Alderdale,2019-06-26 16:11:19.832928
2018-12-18,22:45,47.6,47.8,41.4,78.6,0.0,SW@17.9,26.8,42.9,0.0,0,"Alderdale, Alderdale, Klickitat County",310107,Alderdale,2019-06-26 16:11:19.832928
2018-12-18,23:00,47.1,47.2,41.3,79.9,0.0,W@12.8,18.2,42.9,0.0,0,"Alderdale, Alderdale, Klickitat County",310107,Alderdale,2019-06-26 16:11:19.832928
2018-12-18,23:15,46.6,46.7,41.1,80.9,0.0,W@11.4,21.0,42.8,0.0,0,"Alderdale, Alderdale, Klickitat County",310107,Alderdale,2019-06-26 16:11:19.832928
2018-12-18,23:30,47.7,47.9,40.6,76.0,0.0,SW@16.2,22.1,42.8,0.0,0,"Alderdale, Alderdale, Klickitat County",310107,Alderdale,2019-06-26 16:11:19.832928
2018-12-18,23:45,47.4,47.5,40.6,77.1,0.0,SW@14.0,19.2,42.8,0.0,0,"Alderdale, Alderdale, Klickitat County",310107,Alderdale,2019-06-26 16:11:19.832928
2018-12-18,24:00,47.7,47.8,40.3,75.6,0.0,SW@17.3,26.4,42.8,0.0,0,"Alderdale, Alderdale, Klickitat County",310107,Alderdale,2019-06-26 16:11:19.832928
2018-12-19,00:15,48.2,48.4,39.8,72.4,0.0,SW@20.3,26.8,42.8,0.0,0,"Alderdale, Alderdale, Klickitat County",310107,Alderdale,2019-06-26 16:11:19.832928
2018-12-19,00:30,48.0,48.1,39.8,73.3,0.0,SW@18.2,25.7,42.8,0.0,0,"Alderdale, Alderdale, Klickitat County",310107,Alderdale,2019-06-26 16:11:19.832928
2018-12-19,00:45,47.8,47.9,39.9,73.8,0.0,SW@15.8,21.8,42.8,0.0,0,"Alderdale, Alderdale, Klickitat County",310107,Alderdale,2019-06-26 16:11:19.832928
2018-12-19,01:00,47.1,47.1,40.0,76.4,0.0,SW@11.7,19.2,42.8,0.0,0,"Alderdale, Alderdale, Klickitat County",310107,Alderdale,2019-06-26 16:11:19.832928
2018-12-19,01:15,46.1,46.2,40.0,79.1,0.0,SW@10.3,14.2,42.8,0.0,0,"Alderdale, Alderdale, Klickitat County",310107,Alderdale,2019-06-26 16:11:19.832928
2018-12-19,01:30,45.4,45.5,39.6,80.1,0.0,W@10.1,15.0,42.8,0.0,0,"Alderdale, Alderdale, Klickitat County",310107,Alderdale,2019-06-26 16:11:19.832928
2018-12-19,01:45,45.2,45.3,39.2,79.4,0.0,W@9.9,13.5,42.7,0.0,0,"Alderdale, Alderdale, Klickitat County",310107,Alderdale,2019-06-26 16:11:19.832928
2018-12-19,02:00,44.9,45.0,39.0,79.7,0.0,W@6.8,10.3,42.7,0.0,0,"Alderdale, Alderdale, Klickitat County",310107,Alderdale,2019-06-26 16:11:19.832928
2018-12-19,02:15,44.8,44.9,38.8,79.4,0.0,SW@2.6,5.7,42.7,0.0,0,"Alderdale, Alderdale, Klickitat County",310107,Alderdale,2019-06-26 16:11:19.832928
2018-12-19,02:30,44.4,44.3,38.6,80.0,0.02,SE@1.0,3.9,42.7,0.0,0,"Alderdale, Alderdale, Klickitat County",310107,Alderdale,2019-06-26 16:11:19.832928
2018-12-19,02:45,42.5,42.5,38.9,87.2,0.02,SE@3.4,7.1,42.7,0.0,0,"Alderdale, Alderdale, Klickitat County",310107,Alderdale,2019-06-26 16:11:19.832928
2018-12-19,03:00,44.4,44.5,38.6,79.9,0.0,SW@5.2,8.5,42.7,0.0,0,"Alderdale, Alderdale, Klickitat County",310107,Alderdale,2019-06-26 16:11:19.832928
2018-12-19,03:15,43.7,43.7,38.6,82.1,0.01,S@5.2,8.5,42.6,0.0,0,"Alderdale, Alderdale, Klickitat County",310107,Alderdale,2019-06-26 16:11:19.832928
2018-12-19,03:30,42.3,42.3,38.8,87.4,0.05,W@2.0,4.9,42.6,0.0,0,"Alderdale, Alderdale, Klickitat County",310107,Alderdale,2019-06-26 16:11:19.832928
2018-12-19,03:45,42.7,42.7,38.5,85.0,0.02,SE@4.2,8.5,42.6,0.0,0,"Alderdale, Alderdale, Klickitat County",310107,Alderdale,2019-06-26 16:11:19.832928
2018-12-19,04:00,41.3,41.4,38.5,89.6,0.04,SE@4.8,9.9,42.6,0.0,0,"Alderdale, Alderdale, Klickitat County",310107,Alderdale,2019-06-26 16:11:19.832928
2018-12-19,04:15,41.5,41.6,38.6,89.1,0.02,SE@5.5,8.9,42.5,0.0,0,"Alderdale, Alderdale, Klickitat County",310107,Alderdale,2019-06-26 16:11:19.832928
2018-12-19,04:30,42.1,42.2,38.5,87.1,0.01,SE@6.7,10.3,42.5,0.0,0,"Alderdale, Alderdale, Klickitat County",310107,Alderdale,2019-06-26 16:11:19.832928
2018-12-19,04:45,42.8,42.9,38.3,83.9,0.0,SE@8.3,11.7,42.5,0.0,0,"Alderdale, Alderdale, Klickitat County",310107,Alderdale,2019-06-26 16:11:19.832928
2018-12-19,05:00,42.8,42.9,38.3,84.1,0.0,S@8.0,10.3,42.4,0.0,0,"Alderdale, Alderdale, Klickitat County",310107,Alderdale,2019-06-26 16:11:19.832928
2018-12-19,05:15,44.5,44.6,38.2,78.3,0.0,S@10.2,17.8,42.4,0.0,0,"Alderdale, Alderdale, Klickitat County",310107,Alderdale,2019-06-26 16:11:19.832928
2018-12-19,05:30,46.7,46.8,38.2,72.2,0.0,S@13.2,28.9,42.4,0.0,0,"Alderdale, Alderdale, Klickitat County",310107,Alderdale,2019-06-26 16:11:19.832928
2018-12-19,05:45,46.2,46.2,38.5,74.5,0.0,S@14.0,22.1,42.3,0.0,0,"Alderdale, Alderdale, Klickitat County",310107,Alderdale,2019-06-26 16:11:19.832928
2018-12-19,06:00,45.4,45.4,38.7,77.3,0.0,SW@12.8,16.0,42.3,0.0,0,"Alderdale, Alderdale, Klickitat County",310107,Alderdale,2019-06-26 16:11:19.832928
2018-12-19,06:15,44.3,44.3,38.7,80.5,0.0,SW@8.8,12.8,42.2,0.0,0,"Alderdale, Alderdale, Klickitat County",310107,Alderdale,2019-06-26 16:11:19.832928
2018-12-19,06:30,43.5,43.6,38.5,82.2,0.0,SW@8.3,11.7,42.2,0.0,0,"Alderdale, Alderdale, Klickitat County",310107,Alderdale,2019-06-26 16:11:19.832928
2018-12-19,06:45,43.2,43.3,38.3,82.7,0.0,SW@9.8,13.5,42.1,0.0,0,"Alderdale, Alderdale, Klickitat County",310107,Alderdale,2019-06-26 16:11:19.832928
2018-12-19,07:00,44.1,44.2,38.4,80.1,0.0,SW@11.4,16.0,42.1,0.0,0,"Alderdale, Alderdale, Klickitat County",310107,Alderdale,2019-06-26 16:11:19.832928
2018-12-19,07:15,46.0,46.2,38.7,75.3,0.0,SW@15.2,20.0,42.0,0.0,0,"Alderdale, Alderdale, Klickitat County",310107,Alderdale,2019-06-26 16:11:19.832928
2018-12-19,07:30,46.7,46.8,38.5,73.1,0.0,SW@14.2,19.6,42.0,0.0,2,"Alderdale, Alderdale, Klickitat County",310107,Alderdale,2019-06-26 16:11:19.832928
2018-12-19,07:45,46.8,46.9,38.3,72.1,0.0,W@9.2,21.0,41.9,0.0,6,"Alderdale, Alderdale, Klickitat County",310107,Alderdale,2019-06-26 16:11:19.832928
2018-12-19,08:00,42.4,42.4,38.0,84.2,0.01,E@6.3,13.5,41.9,0.0,20,"Alderdale, Alderdale, Klickitat County",310107,Alderdale,2019-06-26 16:11:19.832928
2018-12-19,08:15,42.9,43.0,38.4,83.9,0.0,SE@5.2,12.4,41.8,0.0,38,"Alderdale, Alderdale, Klickitat County",310107,Alderdale,2019-06-26 16:11:19.832928
2018-12-19,08:30,44.5,44.6,38.7,79.9,0.0,E@3.8,8.5,41.8,0.0,36,"Alderdale, Alderdale, Klickitat County",310107,Alderdale,2019-06-26 16:11:19.832928
2018-12-19,08:45,45.7,45.9,39.1,77.3,0.0,W@7.3,12.4,41.8,0.0,46,"Alderdale, Alderdale, Klickitat County",310107,Alderdale,2019-06-26 16:11:19.832928
2018-12-19,09:00,46.2,46.3,39.0,75.6,0.0,SW@10.7,15.3,41.7,0.0,68,"Alderdale, Alderdale, Klickitat County",310107,Alderdale,2019-06-26 16:11:19.832928
2018-12-19,09:15,46.9,47.0,39.1,74.2,0.0,SW@9.9,15.3,41.7,0.0,84,"Alderdale, Alderdale, Klickitat County",310107,Alderdale,2019-06-26 16:11:19.832928
2018-12-19,09:30,46.9,47.0,39.6,75.6,0.0,S@8.6,12.4,41.7,0.0,83,"Alderdale, Alderdale, Klickitat County",310107,Alderdale,2019-06-26 16:11:19.832928
2018-12-19,09:45,45.5,45.6,40.2,81.5,0.0,SW@8.9,13.5,41.6,0.0,57,"Alderdale, Alderdale, Klickitat County",310107,Alderdale,2019-06-26 16:11:19.832928
2018-12-19,10:00,45.7,45.8,39.9,80.0,0.0,SW@8.9,12.1,41.6,0.0,55,"Alderdale, Alderdale, Klickitat County",310107,Alderdale,2019-06-26 16:11:19.832928
2018-12-19,10:15,45.4,45.5,40.3,82.3,0.0,S@5.6,8.2,41.6,0.0,78,"Alderdale, Alderdale, Klickitat County",310107,Alderdale,2019-06-26 16:11:19.832928
2018-12-19,10:30,46.4,46.4,40.2,79.0,0.0,S@8.4,13.5,41.6,0.0,90,"Alderdale, Alderdale, Klickitat County",310107,Alderdale,2019-06-26 16:11:19.832928
2018-12-19,10:45,46.5,46.6,39.8,77.3,0.0,SW@9.9,12.4,41.5,0.0,75,"Alderdale, Alderdale, Klickitat County",310107,Alderdale,2019-06-26 16:11:19.832928
2018-12-19,11:00,46.8,46.8,39.7,76.4,0.0,SW@9.6,12.1,41.5,0.0,65,"Alderdale, Alderdale, Klickitat County",310107,Alderdale,2019-06-26 16:11:19.832928
2018-12-19,11:15,46.7,46.8,40.3,78.2,0.0,SW@9.6,12.8,41.5,0.0,81,"Alderdale, Alderdale, Klickitat County",310107,Alderdale,2019-06-26 16:11:19.832928
2018-12-19,11:30,47.9,48.0,40.7,75.9,0.0,SW@8.9,13.9,41.5,0.0,85,"Alderdale, Alderdale, Klickitat County",310107,Alderdale,2019-06-26 16:11:19.832928
2018-12-19,11:45,47.9,47.9,40.7,76.2,0.0,S@6.3,8.5,41.5,0.0,82,"Alderdale, Alderdale, Klickitat County",310107,Alderdale,2019-06-26 16:11:19.832928
2018-12-19,12:00,48.1,48.1,39.9,73.2,0.0,S@8.3,11.0,41.5,0.0,66,"Alderdale, Alderdale, Klickitat County",310107,Alderdale,2019-06-26 16:11:19.832928
2018-12-19,12:15,47.7,47.8,39.8,74.0,0.0,SW@8.0,11.4,41.6,0.0,52,"Alderdale, Alderdale, Klickitat County",310107,Alderdale,2019-06-26 16:11:19.832928
2018-12-19,12:30,47.7,47.8,39.3,72.4,0.0,S@7.5,9.2,41.6,0.0,50,"Alderdale, Alderdale, Klickitat County",310107,Alderdale,2019-06-26 16:11:19.832928
2018-12-19,12:45,48.0,48.1,39.5,72.1,0.0,S@6.0,8.2,41.6,0.0,74,"Alderdale, Alderdale, Klickitat County",310107,Alderdale,2019-06-26 16:11:19.832928
2018-12-19,13:00,48.4,48.5,40.3,73.3,0.0,SW@6.0,8.5,41.6,0.0,83,"Alderdale, Alderdale, Klickitat County",310107,Alderdale,2019-06-26 16:11:19.832928
2018-12-19,13:15,49.1,49.2,40.0,70.6,0.0,SW@6.0,7.8,41.6,0.0,61,"Alderdale, Alderdale, Klickitat County",310107,Alderdale,2019-06-26 16:11:19.832928
2018-12-19,13:30,49.3,49.5,40.3,70.8,0.0,SW@7.5,9.6,41.7,0.0,50,"Alderdale, Alderdale, Klickitat County",310107,Alderdale,2019-06-26 16:11:19.832928
2018-12-19,13:45,48.8,48.9,40.7,73.3,0.0,SW@7.3,9.9,41.7,0.0,59,"Alderdale, Alderdale, Klickitat County",310107,Alderdale,2019-06-26 16:11:19.832928
2018-12-19,14:00,48.3,48.4,41.4,76.8,0.0,S@5.6,8.2,41.7,0.0,57,"Alderdale, Alderdale, Klickitat County",310107,Alderdale,2019-06-26 16:11:19.832928
2018-12-19,14:15,47.0,47.1,42.0,82.5,0.0,SE@4.8,7.1,41.8,0.0,54,"Alderdale, Alderdale, Klickitat County",310107,Alderdale,2019-06-26 16:11:19.832928
2018-12-19,14:30,46.5,46.6,41.2,81.6,0.0,SE@8.5,12.4,41.8,0.0,45,"Alderdale, Alderdale, Klickitat County",310107,Alderdale,2019-06-26 16:11:19.832928
2018-12-19,14:45,46.7,46.8,40.3,78.3,0.0,S@3.1,6.0,41.9,0.0,35,"Alderdale, Alderdale, Klickitat County",310107,Alderdale,2019-06-26 16:11:19.832928
2018-12-19,15:00,46.5,46.6,41.0,80.9,0.0,SE@3.1,5.3,41.9,0.0,26,"Alderdale, Alderdale, Klickitat County",310107,Alderdale,2019-06-26 16:11:19.832928
2018-12-19,15:15,46.4,46.5,40.8,80.6,0.0,NW@0.0,1.4,41.9,0.0,20,"Alderdale, Alderdale, Klickitat County",310107,Alderdale,2019-06-26 16:11:19.832928
2018-12-19,15:30,46.5,46.5,40.9,80.7,0.0,N@0.0,0.0,42.0,0.0,24,"Alderdale, Alderdale, Klickitat County",310107,Alderdale,2019-06-26 16:11:19.832928
2018-12-19,15:45,45.8,45.8,42.2,87.1,0.01,NE@1.8,4.6,42.0,0.0,17,"Alderdale, Alderdale, Klickitat County",310107,Alderdale,2019-06-26 16:11:19.832928
2018-12-19,16:00,45.9,45.9,41.8,85.3,0.0,N@0.6,4.2,42.1,0.0,9,"Alderdale, Alderdale, Klickitat County",310107,Alderdale,2019-06-26 16:11:19.832928
2018-12-19,16:15,45.1,45.1,42.3,89.9,0.02,N@0.0,0.0,42.1,0.0,3,"Alderdale, Alderdale, Klickitat County",310107,Alderdale,2019-06-26 16:11:19.832928
2018-12-19,16:30,44.9,44.9,42.1,90.0,0.02,N@0.0,0.0,42.2,0.0,1,"Alderdale, Alderdale, Klickitat County",310107,Alderdale,2019-06-26 16:11:19.832928
2018-12-19,16:45,44.3,44.3,41.8,90.9,0.02,N@2.2,4.6,42.2,0.0,0,"Alderdale, Alderdale, Klickitat County",310107,Alderdale,2019-06-26 16:11:19.832928
2018-12-19,17:00,44.3,44.3,41.3,89.3,0.01,N@2.9,4.2,42.3,0.0,0,"Alderdale, Alderdale, Klickitat County",310107,Alderdale,2019-06-26 16:11:19.832928
2018-12-19,17:15,43.9,44.0,41.7,91.8,0.02,NW@1.3,4.9,42.3,0.0,0,"Alderdale, Alderdale, Klickitat County",310107,Alderdale,2019-06-26 16:11:19.832928
2018-12-19,17:30,43.9,44.0,41.7,91.7,0.02,N@0.0,0.0,42.3,0.0,0,"Alderdale, Alderdale, Klickitat County",310107,Alderdale,2019-06-26 16:11:19.832928
2018-12-19,17:45,44.3,44.2,41.1,88.7,0.01,N@0.0,0.0,42.4,0.0,0,"Alderdale, Alderdale, Klickitat County",310107,Alderdale,2019-06-26 16:11:19.832928
2018-12-19,18:00,43.8,43.8,41.3,90.7,0.03,N@0.0,0.0,42.4,0.0,0,"Alderdale, Alderdale, Klickitat County",310107,Alderdale,2019-06-26 16:11:19.832928
2018-12-19,18:15,43.3,43.3,41.3,92.5,0.04,N@0.0,0.0,42.4,0.0,0,"Alderdale, Alderdale, Klickitat County",310107,Alderdale,2019-06-26 16:11:19.832928
2018-12-19,18:30,42.4,42.4,41.2,95.3,0.05,N@0.0,0.0,42.4,0.0,0,"Alderdale, Alderdale, Klickitat County",310107,Alderdale,2019-06-26 16:11:19.832928
2018-12-19,18:45,42.5,42.6,41.1,94.6,0.04,NW@0.6,5.3,42.5,0.0,0,"Alderdale, Alderdale, Klickitat County",310107,Alderdale,2019-06-26 16:11:19.832928
2018-12-19,19:00,42.4,42.4,40.7,93.8,0.04,NW@3.2,4.9,42.5,0.0,0,"Alderdale, Alderdale, Klickitat County",310107,Alderdale,2019-06-26 16:11:19.832928
2018-12-19,19:15,42.2,42.2,40.5,93.8,0.03,W@3.3,4.6,42.5,0.0,0,"Alderdale, Alderdale, Klickitat County",310107,Alderdale,2019-06-26 16:11:19.832928
2018-12-19,19:30,41.9,42.0,40.6,94.8,0.03,W@4.5,5.7,42.5,0.0,0,"Alderdale, Alderdale, Klickitat County",310107,Alderdale,2019-06-26 16:11:19.832928
2018-12-19,19:45,41.9,42.0,40.4,94.0,0.04,W@4.6,5.7,42.5,0.0,0,"Alderdale, Alderdale, Klickitat County",310107,Alderdale,2019-06-26 16:11:19.832928
2018-12-19,20:00,41.8,41.9,40.2,93.9,0.03,W@5.3,7.4,42.5,0.0,0,"Alderdale, Alderdale, Klickitat County",310107,Alderdale,2019-06-26 16:11:19.832928
2018-12-19,20:15,41.9,42.0,40.5,94.6,0.03,W@4.2,5.7,42.5,0.0,0,"Alderdale, Alderdale, Klickitat County",310107,Alderdale,2019-06-26 16:11:19.832928
2018-12-19,20:30,41.8,41.9,40.6,95.2,0.04,W@2.4,4.6,42.6,0.0,0,"Alderdale, Alderdale, Klickitat County",310107,Alderdale,2019-06-26 16:11:19.832928
2018-12-19,20:45,41.9,42.0,40.1,93.2,0.04,W@4.6,5.7,42.6,0.0,0,"Alderdale, Alderdale, Klickitat County",310107,Alderdale,2019-06-26 16:11:19.832928
2018-12-19,21:00,41.4,41.4,39.7,93.7,0.04,W@5.4,6.7,42.5,0.0,0,"Alderdale, Alderdale, Klickitat County",310107,Alderdale,2019-06-26 16:11:19.832928
2018-12-19,21:15,40.8,40.9,39.3,94.1,0.05,W@4.8,6.4,42.5,0.0,0,"Alderdale, Alderdale, Klickitat County",310107,Alderdale,2019-06-26 16:11:19.832928
2018-12-19,21:30,40.6,40.7,39.2,94.6,0.05,W@3.6,4.9,42.5,0.0,0,"Alderdale, Alderdale, Klickitat County",310107,Alderdale,2019-06-26 16:11:19.832928
2018-12-19,21:45,41.2,41.2,39.3,93.0,0.69,W@4.1,6.0,42.5,0.0,0,"Alderdale, Alderdale, Klickitat County",310107,Alderdale,2019-06-26 16:11:19.832928
2018-12-19,22:00,40.3,40.3,38.8,94.4,0.5,W@1.7,4.6,42.5,0.0,0,"Alderdale, Alderdale, Klickitat County",310107,Alderdale,2019-06-26 16:11:19.832928
2018-12-19,22:15,40.5,40.6,38.9,93.7,0.41,SW@4.4,6.0,42.5,0.0,0,"Alderdale, Alderdale, Klickitat County",310107,Alderdale,2019-06-26 16:11:19.832928
2018-12-19,22:30,40.2,40.2,38.8,94.9,0.79,W@4.4,5.3,42.5,0.0,0,"Alderdale, Alderdale, Klickitat County",310107,Alderdale,2019-06-26 16:11:19.832928
2018-12-19,22:45,40.1,40.2,38.6,94.2,0.66,W@4.8,6.4,42.5,0.0,0,"Alderdale, Alderdale, Klickitat County",310107,Alderdale,2019-06-26 16:11:19.832928
2018-12-19,23:00,40.3,40.4,38.3,92.2,0.33,W@4.7,6.7,42.5,0.0,0,"Alderdale, Alderdale, Klickitat County",310107,Alderdale,2019-06-26 16:11:19.832928
2018-12-19,23:15,41.4,41.5,38.3,88.5,0.02,W@3.9,5.3,42.5,0.0,0,"Alderdale, Alderdale, Klickitat County",310107,Alderdale,2019-06-26 16:11:19.832928
2018-12-19,23:30,41.7,41.7,37.8,85.7,0.01,W@3.8,4.6,42.4,0.0,0,"Alderdale, Alderdale, Klickitat County",310107,Alderdale,2019-06-26 16:11:19.832928
2018-12-19,23:45,41.3,41.3,37.4,85.9,0.01,W@3.5,4.6,42.4,0.0,0,"Alderdale, Alderdale, Klickitat County",310107,Alderdale,2019-06-26 16:11:19.832928
2018-12-19,24:00,40.8,40.9,37.6,88.1,0.01,W@1.0,5.7,42.4,0.0,0,"Alderdale, Alderdale, Klickitat County",310107,Alderdale,2019-06-26 16:11:19.832928
2018-12-20,00:15,41.6,41.6,37.3,84.7,0.01,NW@2.0,7.1,42.4,0.0,0,"Alderdale, Alderdale, Klickitat County",310107,Alderdale,2019-06-26 16:11:19.832928
2018-12-20,00:30,42.1,42.1,37.0,81.9,0.0,N@0.2,3.9,42.4,0.0,0,"Alderdale, Alderdale, Klickitat County",310107,Alderdale,2019-06-26 16:11:19.832928
2018-12-20,00:45,41.8,41.8,37.2,83.4,0.0,N@0.0,0.0,42.3,0.0,0,"Alderdale, Alderdale, Klickitat County",310107,Alderdale,2019-06-26 16:11:19.832928
2018-12-20,01:00,41.8,41.7,37.1,83.5,0.01,N@0.0,0.0,42.3,0.0,0,"Alderdale, Alderdale, Klickitat County",310107,Alderdale,2019-06-26 16:11:19.832928
2018-12-20,01:15,41.5,41.5,37.0,84.1,0.01,N@0.0,0.0,42.3,0.0,0,"Alderdale, Alderdale, Klickitat County",310107,Alderdale,2019-06-26 16:11:19.832928
2018-12-20,01:30,40.2,40.2,36.9,88.1,0.02,N@0.0,0.0,42.2,0.0,0,"Alderdale, Alderdale, Klickitat County",310107,Alderdale,2019-06-26 16:11:19.832928
2018-12-20,01:45,40.8,40.9,37.1,86.5,0.0,N@0.0,0.0,42.2,0.0,0,"Alderdale, Alderdale, Klickitat County",310107,Alderdale,2019-06-26 16:11:19.832928
2018-12-20,02:00,40.6,40.7,37.3,87.9,0.01,W@1.6,4.9,42.2,0.0,0,"Alderdale, Alderdale, Klickitat County",310107,Alderdale,2019-06-26 16:11:19.832928
2018-12-20,02:15,41.2,41.3,37.3,85.8,0.0,SW@3.1,4.9,42.2,0.0,0,"Alderdale, Alderdale, Klickitat County",310107,Alderdale,2019-06-26 16:11:19.832928
2018-12-20,02:30,40.8,40.8,37.8,88.7,0.01,SW@0.2,2.4,42.1,0.0,0,"Alderdale, Alderdale, Klickitat County",310107,Alderdale,2019-06-26 16:11:19.832928
2018-12-20,02:45,40.7,40.7,37.9,89.6,0.01,W@2.7,6.0,42.1,0.0,0,"Alderdale, Alderdale, Klickitat County",310107,Alderdale,2019-06-26 16:11:19.832928
2018-12-20,03:00,41.2,41.1,37.6,87.0,0.01,W@0.4,3.1,42.1,0.0,0,"Alderdale, Alderdale, Klickitat County",310107,Alderdale,2019-06-26 16:11:19.832928
2018-12-20,03:15,40.7,40.7,37.6,88.5,0.02,N@0.0,0.0,42.0,0.0,0,"Alderdale, Alderdale, Klickitat County",310107,Alderdale,2019-06-26 16:11:19.832928
2018-12-20,03:30,40.8,40.8,37.2,87.0,0.01,W@3.4,4.9,42.0,0.0,0,"Alderdale, Alderdale, Klickitat County",310107,Alderdale,2019-06-26 16:11:19.832928
2018-12-20,03:45,40.1,40.2,37.0,88.5,0.03,W@1.1,4.2,42.0,0.0,0,"Alderdale, Alderdale, Klickitat County",310107,Alderdale,2019-06-26 16:11:19.832928
2018-12-20,04:00,39.1,39.1,36.8,91.4,0.06,N@0.0,0.0,41.9,0.0,0,"Alderdale, Alderdale, Klickitat County",310107,Alderdale,2019-06-26 16:11:19.832928
2018-12-20,04:15,39.0,38.9,36.3,90.3,0.06,N@0.0,0.0,41.9,0.0,0,"Alderdale, Alderdale, Klickitat County",310107,Alderdale,2019-06-26 16:11:19.832928
2018-12-20,04:30,38.0,38.0,35.9,92.3,0.07,N@0.0,0.0,41.9,0.0,0,"Alderdale, Alderdale, Klickitat County",310107,Alderdale,2019-06-26 16:11:19.832928
2018-12-20,04:45,37.8,37.7,35.8,92.6,0.06,N@0.0,0.0,41.8,0.0,0,"Alderdale, Alderdale, Klickitat County",310107,Alderdale,2019-06-26 16:11:19.832928
2018-12-20,05:00,37.4,37.4,35.9,94.0,0.07,N@0.0,0.0,41.8,0.0,0,"Alderdale, Alderdale, Klickitat County",310107,Alderdale,2019-06-26 16:11:19.832928
2018-12-20,05:15,36.9,36.9,35.8,95.7,0.08,N@0.0,0.0,41.8,0.0,0,"Alderdale, Alderdale, Klickitat County",310107,Alderdale,2019-06-26 16:11:19.832928
2018-12-20,05:30,36.8,36.9,36.0,96.6,0.08,W@1.9,6.7,41.8,0.0,0,"Alderdale, Alderdale, Klickitat County",310107,Alderdale,2019-06-26 16:11:19.832928
2018-12-20,05:45,36.8,36.9,36.0,96.5,0.07,W@5.3,6.0,41.8,0.0,0,"Alderdale, Alderdale, Klickitat County",310107,Alderdale,2019-06-26 16:11:19.832928
2018-12-20,06:00,37.3,37.3,35.8,94.4,0.04,W@5.5,7.8,41.7,0.0,0,"Alderdale, Alderdale, Klickitat County",310107,Alderdale,2019-06-26 16:11:19.832928
2018-12-20,06:15,37.6,37.6,35.8,93.2,0.03,W@5.3,6.0,41.7,0.0,0,"Alderdale, Alderdale, Klickitat County",310107,Alderdale,2019-06-26 16:11:19.832928
2018-12-20,06:30,37.8,37.8,35.8,92.7,0.03,SW@4.7,6.4,41.7,0.0,0,"Alderdale, Alderdale, Klickitat County",310107,Alderdale,2019-06-26 16:11:19.832928
2018-12-20,06:45,37.3,37.3,35.8,94.1,0.05,SW@0.4,3.5,41.6,0.0,0,"Alderdale, Alderdale, Klickitat County",310107,Alderdale,2019-06-26 16:11:19.832928
2018-12-20,07:00,38.2,38.2,35.8,91.2,0.02,W@3.1,6.4,41.6,0.0,0,"Alderdale, Alderdale, Klickitat County",310107,Alderdale,2019-06-26 16:11:19.832928
2018-12-20,07:15,37.7,37.7,35.7,92.2,0.03,N@0.0,0.0,41.5,0.0,0,"Alderdale, Alderdale, Klickitat County",310107,Alderdale,2019-06-26 16:11:19.832928
2018-12-20,07:30,37.3,37.3,35.6,93.7,0.05,N@0.0,0.0,41.5,0.0,1,"Alderdale, Alderdale, Klickitat County",310107,Alderdale,2019-06-26 16:11:19.832928
2018-12-20,07:45,36.6,36.6,35.4,95.5,0.07,N@0.0,0.0,41.5,0.0,2,"Alderdale, Alderdale, Klickitat County",310107,Alderdale,2019-06-26 16:11:19.832928
2018-12-20,08:00,36.1,36.1,35.1,96.2,0.15,N@0.0,0.0,41.4,0.0,10,"Alderdale, Alderdale, Klickitat County",310107,Alderdale,2019-06-26 16:11:19.832928
2018-12-20,08:15,35.5,35.4,34.8,97.4,0.24,NW@0.9,4.2,41.4,0.0,21,"Alderdale, Alderdale, Klickitat County",310107,Alderdale,2019-06-26 16:11:19.832928
2018-12-20,08:30,36.6,36.6,35.9,97.0,0.19,W@3.6,4.9,41.4,0.0,28,"Alderdale, Alderdale, Klickitat County",310107,Alderdale,2019-06-26 16:11:19.832928
2018-12-20,08:45,37.0,37.1,36.1,96.2,0.09,W@3.7,4.9,41.3,0.0,41,"Alderdale, Alderdale, Klickitat County",310107,Alderdale,2019-06-26 16:11:19.832928
2018-12-20,09:00,37.7,37.7,36.6,95.7,0.04,W@3.9,5.3,41.3,0.0,63,"Alderdale, Alderdale, Klickitat County",310107,Alderdale,2019-06-26 16:11:19.832928
2018-12-20,09:15,38.5,38.5,37.3,95.4,0.04,SW@1.0,4.6,41.2,0.0,70,"Alderdale, Alderdale, Klickitat County",310107,Alderdale,2019-06-26 16:11:19.832928
2018-12-20,09:30,39.1,39.1,37.5,93.9,0.03,N@0.0,0.0,41.2,0.0,75,"Alderdale, Alderdale, Klickitat County",310107,Alderdale,2019-06-26 16:11:19.832928
2018-12-20,09:45,40.0,39.9,37.8,91.6,0.02,N@0.0,0.0,41.2,0.0,83,"Alderdale, Alderdale, Klickitat County",310107,Alderdale,2019-06-26 16:11:19.832928
2018-12-20,10:00,39.2,39.2,37.7,94.3,0.02,NE@3.1,5.3,41.1,0.0,88,"Alderdale, Alderdale, Klickitat County",310107,Alderdale,2019-06-26 16:11:19.832928
2018-12-20,10:15,38.6,38.6,38.3,98.6,0.05,NE@3.4,6.0,41.1,0.0,95,"Alderdale, Alderdale, Klickitat County",310107,Alderdale,2019-06-26 16:11:19.832928
2018-12-20,10:30,39.1,39.1,38.9,99.1,0.06,NE@1.5,4.6,41.0,0.0,104,"Alderdale, Alderdale, Klickitat County",310107,Alderdale,2019-06-26 16:11:19.832928
2018-12-20,10:45,39.7,39.7,39.5,99.1,0.05,N@3.3,4.6,41.0,0.0,175,"Alderdale, Alderdale, Klickitat County",310107,Alderdale,2019-06-26 16:11:19.832928
2018-12-20,11:00,40.9,40.9,40.2,97.3,0.13,N@2.7,4.9,41.0,0.0,183,"Alderdale, Alderdale, Klickitat County",310107,Alderdale,2019-06-26 16:11:19.832928
2018-12-20,11:15,41.1,41.0,40.3,97.0,0.05,NE@1.6,3.9,41.0,0.0,190,"Alderdale, Alderdale, Klickitat County",310107,Alderdale,2019-06-26 16:11:19.832928
2018-12-20,11:30,41.0,40.9,40.2,96.9,0.06,NE@0.2,3.1,40.9,0.0,135,"Alderdale, Alderdale, Klickitat County",310107,Alderdale,2019-06-26 16:11:19.832928
2018-12-20,11:45,41.1,41.1,40.4,97.2,0.09,N@0.0,0.0,40.9,0.0,107,"Alderdale, Alderdale, Klickitat County",310107,Alderdale,2019-06-26 16:11:19.832928
2018-12-20,12:00,41.3,41.3,39.9,94.6,0.07,N@0.0,0.0,40.9,0.0,78,"Alderdale, Alderdale, Klickitat County",310107,Alderdale,2019-06-26 16:11:19.832928
2018-12-20,12:15,42.3,42.3,39.8,90.7,0.02,N@0.0,0.0,40.9,0.0,103,"Alderdale, Alderdale, Klickitat County",310107,Alderdale,2019-06-26 16:11:19.832928
2018-12-20,12:30,42.6,42.6,40.4,92.0,0.01,N@0.0,0.0,40.9,0.0,87,"Alderdale, Alderdale, Klickitat County",310107,Alderdale,2019-06-26 16:11:19.832928
2018-12-20,12:45,42.9,42.8,41.0,93.0,0.49,N@0.0,0.0,40.9,0.0,65,"Alderdale, Alderdale, Klickitat County",310107,Alderdale,2019-06-26 16:11:19.832928
2018-12-20,13:00,43.3,43.4,41.3,92.4,0.91,SE@2.2,4.6,40.9,0.0,56,"Alderdale, Alderdale, Klickitat County",310107,Alderdale,2019-06-26 16:11:19.832928
2018-12-20,13:15,44.2,44.2,41.6,90.3,1.0,W@1.3,7.1,40.9,0.0,71,"Alderdale, Alderdale, Klickitat County",310107,Alderdale,2019-06-26 16:11:19.832928
2018-12-20,13:30,44.5,44.5,42.2,91.8,1.0,SW@4.1,7.1,41.0,0.0,101,"Alderdale, Alderdale, Klickitat County",310107,Alderdale,2019-06-26 16:11:19.832928
2018-12-20,13:45,44.9,45.0,42.7,91.6,1.0,E@2.9,6.0,41.0,0.0,83,"Alderdale, Alderdale, Klickitat County",310107,Alderdale,2019-06-26 16:11:19.832928
2018-12-20,14:00,45.5,45.5,43.4,92.5,1.0,NE@5.2,9.9,41.0,0.0,80,"Alderdale, Alderdale, Klickitat County",310107,Alderdale,2019-06-26 16:11:19.832928
2018-12-20,14:15,48.7,48.8,44.4,84.9,0.96,NW@7.7,24.3,41.0,0.0,79,"Alderdale, Alderdale, Klickitat County",310107,Alderdale,2019-06-26 16:11:19.832928
2018-12-20,14:30,52.3,52.4,43.0,70.5,0.06,W@19.8,28.2,41.1,0.0,74,"Alderdale, Alderdale, Klickitat County",310107,Alderdale,2019-06-26 16:11:19.832928
2018-12-20,14:45,51.6,51.8,41.7,68.7,0.0,W@17.3,26.0,41.1,0.0,50,"Alderdale, Alderdale, Klickitat County",310107,Alderdale,2019-06-26 16:11:19.832928
2018-12-20,15:00,51.8,51.9,39.8,63.6,0.01,W@17.8,27.1,41.1,0.0,47,"Alderdale, Alderdale, Klickitat County",310107,Alderdale,2019-06-26 16:11:19.832928
2018-12-20,15:15,51.2,51.4,39.8,64.8,0.0,W@16.7,22.8,41.2,0.0,50,"Alderdale, Alderdale, Klickitat County",310107,Alderdale,2019-06-26 16:11:19.832928
2018-12-20,15:30,51.3,51.4,38.6,61.8,0.0,W@16.3,23.5,41.2,0.0,25,"Alderdale, Alderdale, Klickitat County",310107,Alderdale,2019-06-26 16:11:19.832928
2018-12-20,15:45,51.0,51.1,38.4,61.8,0.0,W@18.3,26.4,41.3,0.0,14,"Alderdale, Alderdale, Klickitat County",310107,Alderdale,2019-06-26 16:11:19.832928
2018-12-20,16:00,50.6,50.7,38.3,62.6,0.0,W@17.7,25.3,41.3,0.0,8,"Alderdale, Alderdale, Klickitat County",310107,Alderdale,2019-06-26 16:11:19.832928
2018-12-20,16:15,50.3,50.5,37.9,62.1,0.0,W@18.3,26.4,41.3,0.0,4,"Alderdale, Alderdale, Klickitat County",310107,Alderdale,2019-06-26 16:11:19.832928
2018-12-20,16:30,50.1,50.3,37.9,62.6,0.0,W@17.7,27.1,41.4,0.0,1,"Alderdale, Alderdale, Klickitat County",310107,Alderdale,2019-06-26 16:11:19.832928
2018-12-20,16:45,49.9,50.1,37.8,62.8,0.0,W@18.9,26.8,41.5,0.0,0,"Alderdale, Alderdale, Klickitat County",310107,Alderdale,2019-06-26 16:11:19.832928
2018-12-20,17:00,49.8,50.0,37.2,61.7,0.0,W@21.1,31.1,41.5,0.0,0,"Alderdale, Alderdale, Klickitat County",310107,Alderdale,2019-06-26 16:11:19.832928
2018-12-20,17:15,49.7,49.8,37.1,61.9,0.0,SW@21.2,30.0,41.6,0.0,0,"Alderdale, Alderdale, Klickitat County",310107,Alderdale,2019-06-26 16:11:19.832928
2018-12-20,17:30,49.4,49.6,37.0,62.0,0.0,SW@17.7,26.0,41.6,0.0,0,"Alderdale, Alderdale, Klickitat County",310107,Alderdale,2019-06-26 16:11:19.832928
2018-12-20,17:45,49.2,49.3,36.9,62.5,0.0,SW@16.9,23.5,41.7,0.0,0,"Alderdale, Alderdale, Klickitat County",310107,Alderdale,2019-06-26 16:11:19.832928
2018-12-20,18:00,48.6,48.7,37.1,64.4,0.0,W@15.1,22.5,41.7,0.0,0,"Alderdale, Alderdale, Klickitat County",310107,Alderdale,2019-06-26 16:11:19.832928
2018-12-20,18:15,48.6,48.8,37.2,64.4,0.0,W@16.9,23.9,41.7,0.0,0,"Alderdale, Alderdale, Klickitat County",310107,Alderdale,2019-06-26 16:11:19.832928
2018-12-20,18:30,48.5,48.6,37.1,64.6,0.0,W@17.0,26.4,41.8,0.0,0,"Alderdale, Alderdale, Klickitat County",310107,Alderdale,2019-06-26 16:11:19.832928
2018-12-20,18:45,48.3,48.4,37.1,64.9,0.0,W@17.4,26.4,41.8,0.0,0,"Alderdale, Alderdale, Klickitat County",310107,Alderdale,2019-06-26 16:11:19.832928
2018-12-20,19:00,48.0,48.1,37.0,65.6,0.0,W@18.3,24.3,41.9,0.0,0,"Alderdale, Alderdale, Klickitat County",310107,Alderdale,2019-06-26 16:11:19.832928
2018-12-20,19:15,47.7,47.9,37.1,66.4,0.0,W@19.6,30.7,41.9,0.0,0,"Alderdale, Alderdale, Klickitat County",310107,Alderdale,2019-06-26 16:11:19.832928
2018-12-20,19:30,47.6,47.7,37.3,67.4,0.0,W@21.5,28.9,41.9,0.0,0,"Alderdale, Alderdale, Klickitat County",310107,Alderdale,2019-06-26 16:11:19.832928
2018-12-20,19:45,47.2,47.3,37.3,68.2,0.0,W@20.4,27.1,42.0,0.0,0,"Alderdale, Alderdale, Klickitat County",310107,Alderdale,2019-06-26 16:11:19.832928
2018-12-20,20:00,46.9,47.0,36.9,68.1,0.0,W@22.9,31.8,42.0,0.0,0,"Alderdale, Alderdale, Klickitat County",310107,Alderdale,2019-06-26 16:11:19.832928
2018-12-20,20:15,46.6,46.8,36.2,66.7,0.0,W@18.5,26.8,42.0,0.0,0,"Alderdale, Alderdale, Klickitat County",310107,Alderdale,2019-06-26 16:11:19.832928
2018-12-20,20:30,46.0,46.1,35.9,67.5,0.0,W@17.6,22.8,42.0,0.0,0,"Alderdale, Alderdale, Klickitat County",310107,Alderdale,2019-06-26 16:11:19.832928
2018-12-20,20:45,45.6,45.7,35.8,68.5,0.0,W@16.1,20.3,42.1,0.0,0,"Alderdale, Alderdale, Klickitat County",310107,Alderdale,2019-06-26 16:11:19.832928
2018-12-20,21:00,45.0,45.1,36.1,70.6,0.0,SW@13.3,18.2,42.1,0.0,0,"Alderdale, Alderdale, Klickitat County",310107,Alderdale,2019-06-26 16:11:19.832928
2018-12-20,21:15,45.2,45.4,36.1,70.2,0.0,W@16.0,22.8,42.1,0.0,0,"Alderdale, Alderdale, Klickitat County",310107,Alderdale,2019-06-26 16:11:19.832928
2018-12-20,21:30,45.2,45.4,36.2,70.4,0.0,W@17.4,25.3,42.1,0.0,0,"Alderdale, Alderdale, Klickitat County",310107,Alderdale,2019-06-26 16:11:19.832928
2018-12-20,21:45,44.7,44.8,36.6,73.0,0.0,SW@15.8,24.6,42.1,0.0,0,"Alderdale, Alderdale, Klickitat County",310107,Alderdale,2019-06-26 16:11:19.832928
2018-12-20,22:00,44.9,45.0,36.3,71.5,0.0,W@20.5,28.6,42.1,0.0,0,"Alderdale, Alderdale, Klickitat County",310107,Alderdale,2019-06-26 16:11:19.832928
2018-12-20,22:15,44.1,44.3,35.7,72.1,0.0,SW@18.2,26.4,42.1,0.0,0,"Alderdale, Alderdale, Klickitat County",310107,Alderdale,2019-06-26 16:11:19.832928
2018-12-20,22:30,43.3,43.4,35.0,72.3,0.0,SW@16.4,21.8,42.2,0.0,0,"Alderdale, Alderdale, Klickitat County",310107,Alderdale,2019-06-26 16:11:19.832928
2018-12-20,22:45,42.7,42.8,35.3,74.8,0.0,SW@15.6,22.1,42.2,0.0,0,"Alderdale, Alderdale, Klickitat County",310107,Alderdale,2019-06-26 16:11:19.832928
2018-12-20,23:00,42.7,42.8,35.8,76.3,0.0,SW@18.4,25.3,42.1,0.0,0,"Alderdale, Alderdale, Klickitat County",310107,Alderdale,2019-06-26 16:11:19.832928
2018-12-20,23:15,42.6,42.7,34.8,73.6,0.0,SW@19.4,25.7,42.1,0.0,0,"Alderdale, Alderdale, Klickitat County",310107,Alderdale,2019-06-26 16:11:19.832928
2018-12-20,23:30,42.6,42.7,34.5,72.8,0.0,SW@19.1,24.3,42.1,0.0,0,"Alderdale, Alderdale, Klickitat County",310107,Alderdale,2019-06-26 16:11:19.832928
2018-12-20,23:45,42.3,42.4,34.9,74.8,0.0,SW@18.8,25.0,42.1,0.0,0,"Alderdale, Alderdale, Klickitat County",310107,Alderdale,2019-06-26 16:11:19.832928
2018-12-20,24:00,42.0,42.1,34.9,75.6,0.0,SW@19.1,24.3,42.1,0.0,0,"Alderdale, Alderdale, Klickitat County",310107,Alderdale,2019-06-26 16:11:19.832928
2018-12-21,00:15,41.8,41.9,35.2,77.2,0.0,SW@18.6,25.3,42.1,0.0,0,"Alderdale, Alderdale, Klickitat County",310107,Alderdale,2019-06-26 16:11:19.832928
2018-12-21,00:30,41.6,41.7,35.6,79.0,0.0,SW@16.6,23.5,42.1,0.0,0,"Alderdale, Alderdale, Klickitat County",310107,Alderdale,2019-06-26 16:11:19.832928
2018-12-21,00:45,41.5,41.6,35.3,78.4,0.0,SW@16.7,23.5,42.1,0.0,0,"Alderdale, Alderdale, Klickitat County",310107,Alderdale,2019-06-26 16:11:19.832928
2018-12-21,01:00,41.1,41.2,35.1,79.0,0.0,SW@12.0,17.5,42.0,0.0,0,"Alderdale, Alderdale, Klickitat County",310107,Alderdale,2019-06-26 16:11:19.832928
2018-12-21,01:15,40.7,40.8,34.7,78.9,0.0,SW@15.5,22.8,42.0,0.0,0,"Alderdale, Alderdale, Klickitat County",310107,Alderdale,2019-06-26 16:11:19.832928
2018-12-21,01:30,40.5,40.6,34.7,79.8,0.0,SW@15.5,20.0,42.0,0.0,0,"Alderdale, Alderdale, Klickitat County",310107,Alderdale,2019-06-26 16:11:19.832928
2018-12-21,01:45,40.4,40.5,34.1,78.0,0.0,SW@16.8,23.5,42.0,0.0,0,"Alderdale, Alderdale, Klickitat County",310107,Alderdale,2019-06-26 16:11:19.832928
2018-12-21,02:00,40.4,40.5,32.4,72.9,0.0,SW@16.1,22.5,41.9,0.0,0,"Alderdale, Alderdale, Klickitat County",310107,Alderdale,2019-06-26 16:11:19.832928
2018-12-21,02:15,39.8,39.9,31.8,72.9,0.0,SW@16.0,22.5,41.9,0.0,0,"Alderdale, Alderdale, Klickitat County",310107,Alderdale,2019-06-26 16:11:19.832928
2018-12-21,02:30,39.8,39.9,31.5,72.0,0.0,SW@16.8,26.8,41.9,0.0,0,"Alderdale, Alderdale, Klickitat County",310107,Alderdale,2019-06-26 16:11:19.832928
2018-12-21,02:45,39.4,39.5,31.3,72.6,0.0,SW@17.1,25.3,41.8,0.0,0,"Alderdale, Alderdale, Klickitat County",310107,Alderdale,2019-06-26 16:11:19.832928
2018-12-21,03:00,39.1,39.2,31.4,73.6,0.0,SW@13.7,19.2,41.8,0.0,0,"Alderdale, Alderdale, Klickitat County",310107,Alderdale,2019-06-26 16:11:19.832928
2018-12-21,03:15,39.2,39.3,31.6,73.9,0.0,SW@15.6,21.4,41.8,0.0,0,"Alderdale, Alderdale, Klickitat County",310107,Alderdale,2019-06-26 16:11:19.832928
2018-12-21,03:30,39.4,39.5,31.6,73.2,0.0,SW@17.1,23.9,41.7,0.0,0,"Alderdale, Alderdale, Klickitat County",310107,Alderdale,2019-06-26 16:11:19.832928
2018-12-21,03:45,39.8,39.9,31.2,71.1,0.0,SW@17.6,25.7,41.7,0.0,0,"Alderdale, Alderdale, Klickitat County",310107,Alderdale,2019-06-26 16:11:19.832928
2018-12-21,04:00,39.9,40.0,30.9,70.1,0.0,SW@15.0,23.9,41.7,0.0,0,"Alderdale, Alderdale, Klickitat County",310107,Alderdale,2019-06-26 16:11:19.832928
2018-12-21,04:15,39.5,39.6,30.9,71.2,0.0,SW@18.4,25.0,41.6,0.0,0,"Alderdale, Alderdale, Klickitat County",310107,Alderdale,2019-06-26 16:11:19.832928
2018-12-21,04:30,39.4,39.5,31.0,71.6,0.0,W@17.0,24.3,41.6,0.0,0,"Alderdale, Alderdale, Klickitat County",310107,Alderdale,2019-06-26 16:11:19.832928
2018-12-21,04:45,38.6,38.6,31.0,74.1,0.0,W@11.7,19.6,41.5,0.0,0,"Alderdale, Alderdale, Klickitat County",310107,Alderdale,2019-06-26 16:11:19.832928
2018-12-21,05:00,37.9,38.0,30.8,75.3,0.0,W@11.7,18.5,41.5,0.0,0,"Alderdale, Alderdale, Klickitat County",310107,Alderdale,2019-06-26 16:11:19.832928
2018-12-21,05:15,38.7,38.7,30.8,73.2,0.0,SW@12.8,17.8,41.4,0.0,0,"Alderdale, Alderdale, Klickitat County",310107,Alderdale,2019-06-26 16:11:19.832928
2018-12-21,05:30,38.6,38.7,30.9,73.6,0.0,SW@12.4,17.8,41.4,0.0,0,"Alderdale, Alderdale, Klickitat County",310107,Alderdale,2019-06-26 16:11:19.832928
2018-12-21,05:45,37.8,37.9,30.6,75.1,0.0,SW@9.0,11.7,41.3,0.0,0,"Alderdale, Alderdale, Klickitat County",310107,Alderdale,2019-06-26 16:11:19.832928
2018-12-21,06:00,37.2,37.3,30.1,75.2,0.0,W@11.2,15.7,41.3,0.0,0,"Alderdale, Alderdale, Klickitat County",310107,Alderdale,2019-06-26 16:11:19.832928
2018-12-21,06:15,37.2,37.3,30.0,74.9,0.0,W@10.4,16.7,41.2,0.0,0,"Alderdale, Alderdale, Klickitat County",310107,Alderdale,2019-06-26 16:11:19.832928
2018-12-21,06:30,37.1,37.2,29.9,74.7,0.0,W@9.5,12.8,41.2,0.0,0,"Alderdale, Alderdale, Klickitat County",310107,Alderdale,2019-06-26 16:11:19.832928
2018-12-21,06:45,37.5,37.6,29.8,73.5,0.0,W@11.6,16.7,41.1,0.0,0,"Alderdale, Alderdale, Klickitat County",310107,Alderdale,2019-06-26 16:11:19.832928
2018-12-21,07:00,37.4,37.5,30.1,74.6,0.0,W@11.7,15.7,41.1,0.0,0,"Alderdale, Alderdale, Klickitat County",310107,Alderdale,2019-06-26 16:11:19.832928
2018-12-21,07:15,37.2,37.3,30.2,75.3,0.0,W@11.4,16.7,41.0,0.0,0,"Alderdale, Alderdale, Klickitat County",310107,Alderdale,2019-06-26 16:11:19.832928
2018-12-21,07:30,37.7,37.8,30.2,74.1,0.0,SW@11.0,15.7,41.0,0.0,3,"Alderdale, Alderdale, Klickitat County",310107,Alderdale,2019-06-26 16:11:19.832928
2018-12-21,07:45,37.8,37.8,30.8,75.8,0.0,SW@10.4,16.0,40.9,0.0,6,"Alderdale, Alderdale, Klickitat County",310107,Alderdale,2019-06-26 16:11:19.832928
2018-12-21,08:00,37.9,38.0,31.3,77.0,0.0,SW@11.2,15.0,40.9,0.0,17,"Alderdale, Alderdale, Klickitat County",310107,Alderdale,2019-06-26 16:11:19.832928
2018-12-21,08:15,38.0,38.1,31.2,76.4,0.0,W@11.2,16.4,40.8,0.0,39,"Alderdale, Alderdale, Klickitat County",310107,Alderdale,2019-06-26 16:11:19.832928
2018-12-21,08:30,38.3,38.4,31.2,75.2,0.0,W@13.1,16.7,40.8,0.0,69,"Alderdale, Alderdale, Klickitat County",310107,Alderdale,2019-06-26 16:11:19.832928
2018-12-21,08:45,39.0,39.0,31.5,74.2,0.0,W@10.8,16.0,40.7,0.0,77,"Alderdale, Alderdale, Klickitat County",310107,Alderdale,2019-06-26 16:11:19.832928
2018-12-21,09:00,39.0,39.0,31.5,74.0,0.0,W@10.3,16.7,40.6,0.0,86,"Alderdale, Alderdale, Klickitat County",310107,Alderdale,2019-06-26 16:11:19.832928
2018-12-21,09:15,39.2,39.2,31.5,73.6,0.0,W@11.5,15.3,40.6,0.0,110,"Alderdale, Alderdale, Klickitat County",310107,Alderdale,2019-06-26 16:11:19.832928
2018-12-21,09:30,40.2,40.2,31.5,70.7,0.0,W@14.4,18.9,40.5,0.0,172,"Alderdale, Alderdale, Klickitat County",310107,Alderdale,2019-06-26 16:11:19.832928
2018-12-21,09:45,41.0,41.0,31.9,69.8,0.0,W@14.2,20.3,40.5,0.0,189,"Alderdale, Alderdale, Klickitat County",310107,Alderdale,2019-06-26 16:11:19.832928
2018-12-21,10:00,41.2,41.2,31.6,68.4,0.0,W@12.4,18.5,40.4,0.0,131,"Alderdale, Alderdale, Klickitat County",310107,Alderdale,2019-06-26 16:11:19.832928
2018-12-21,10:15,41.2,41.2,31.2,67.3,0.0,W@14.5,18.2,40.4,0.0,135,"Alderdale, Alderdale, Klickitat County",310107,Alderdale,2019-06-26 16:11:19.832928
2018-12-21,10:30,41.4,41.4,31.4,67.4,0.0,SW@13.3,18.5,40.3,0.0,167,"Alderdale, Alderdale, Klickitat County",310107,Alderdale,2019-06-26 16:11:19.832928
2018-12-21,10:45,41.9,41.8,33.4,71.5,0.0,SW@12.0,18.5,40.3,0.0,242,"Alderdale, Alderdale, Klickitat County",310107,Alderdale,2019-06-26 16:11:19.832928
2018-12-21,11:00,42.0,41.9,34.2,73.8,0.0,SW@13.9,17.5,40.3,0.0,220,"Alderdale, Alderdale, Klickitat County",310107,Alderdale,2019-06-26 16:11:19.832928
2018-12-21,11:15,41.6,41.6,34.2,75.0,0.0,SW@11.8,15.7,40.2,0.0,149,"Alderdale, Alderdale, Klickitat County",310107,Alderdale,2019-06-26 16:11:19.832928
2018-12-21,11:30,42.0,42.1,32.8,69.6,0.0,W@11.9,16.4,40.2,0.0,144,"Alderdale, Alderdale, Klickitat County",310107,Alderdale,2019-06-26 16:11:19.832928
2018-12-21,11:45,42.3,42.3,31.7,65.8,0.0,W@12.0,15.3,40.2,0.0,162,"Alderdale, Alderdale, Klickitat County",310107,Alderdale,2019-06-26 16:11:19.832928
2018-12-21,12:00,42.6,42.6,32.3,66.6,0.0,SW@11.8,15.7,40.2,0.0,200,"Alderdale, Alderdale, Klickitat County",310107,Alderdale,2019-06-26 16:11:19.832928
2018-12-21,12:15,42.6,42.6,33.6,70.2,0.0,SW@14.2,20.3,40.2,0.0,201,"Alderdale, Alderdale, Klickitat County",310107,Alderdale,2019-06-26 16:11:19.832928
2018-12-21,12:30,43.0,43.0,33.8,69.9,0.0,SW@13.7,19.6,40.1,0.0,229,"Alderdale, Alderdale, Klickitat County",310107,Alderdale,2019-06-26 16:11:19.832928
2018-12-21,12:45,43.4,43.5,33.4,67.6,0.0,W@12.7,17.5,40.1,0.0,194,"Alderdale, Alderdale, Klickitat County",310107,Alderdale,2019-06-26 16:11:19.832928
2018-12-21,13:00,43.9,43.9,32.1,63.0,0.0,W@15.1,21.0,40.1,0.0,230,"Alderdale, Alderdale, Klickitat County",310107,Alderdale,2019-06-26 16:11:19.832928
2018-12-21,13:15,44.1,44.1,32.3,62.9,0.0,W@15.5,20.0,40.1,0.0,228,"Alderdale, Alderdale, Klickitat County",310107,Alderdale,2019-06-26 16:11:19.832928
2018-12-21,13:30,44.2,44.2,33.2,64.9,0.0,W@15.2,19.2,40.1,0.0,198,"Alderdale, Alderdale, Klickitat County",310107,Alderdale,2019-06-26 16:11:19.832928
2018-12-21,13:45,43.9,43.9,33.7,66.9,0.0,W@16.2,21.4,40.2,0.0,219,"Alderdale, Alderdale, Klickitat County",310107,Alderdale,2019-06-26 16:11:19.832928
2018-12-21,14:00,43.7,43.8,33.3,66.5,0.0,W@15.6,20.3,40.2,0.0,154,"Alderdale, Alderdale, Klickitat County",310107,Alderdale,2019-06-26 16:11:19.832928
2018-12-21,14:15,43.4,43.5,32.7,65.6,0.0,W@13.7,20.0,40.2,0.0,113,"Alderdale, Alderdale, Klickitat County",310107,Alderdale,2019-06-26 16:11:19.832928
2018-12-21,14:30,43.2,43.3,33.1,67.2,0.0,SW@12.3,17.5,40.2,0.0,108,"Alderdale, Alderdale, Klickitat County",310107,Alderdale,2019-06-26 16:11:19.832928
2018-12-21,14:45,43.2,43.3,32.7,66.1,0.0,W@14.1,19.2,40.2,0.0,113,"Alderdale, Alderdale, Klickitat County",310107,Alderdale,2019-06-26 16:11:19.832928
2018-12-21,15:00,43.6,43.6,32.8,65.6,0.0,W@14.0,20.0,40.3,0.0,159,"Alderdale, Alderdale, Klickitat County",310107,Alderdale,2019-06-26 16:11:19.832928
2018-12-21,15:15,44.0,44.1,32.6,63.9,0.0,W@14.4,18.9,40.3,0.0,127,"Alderdale, Alderdale, Klickitat County",310107,Alderdale,2019-06-26 16:11:19.832928
2018-12-21,15:30,43.2,43.3,32.4,65.5,0.0,W@12.9,17.1,40.3,0.0,65,"Alderdale, Alderdale, Klickitat County",310107,Alderdale,2019-06-26 16:11:19.832928
2018-12-21,15:45,42.4,42.5,32.3,67.3,0.0,W@12.7,18.2,40.3,0.0,43,"Alderdale, Alderdale, Klickitat County",310107,Alderdale,2019-06-26 16:11:19.832928
2018-12-21,16:00,41.9,42.0,32.5,68.9,0.0,W@11.6,15.3,40.4,0.0,36,"Alderdale, Alderdale, Klickitat County",310107,Alderdale,2019-06-26 16:11:19.832928
2018-12-21,16:15,41.7,41.8,32.1,68.5,0.0,W@11.6,16.0,40.4,0.0,24,"Alderdale, Alderdale, Klickitat County",310107,Alderdale,2019-06-26 16:11:19.832928
2018-12-21,16:30,41.0,41.0,32.0,70.2,0.0,W@10.4,13.5,40.4,0.0,7,"Alderdale, Alderdale, Klickitat County",310107,Alderdale,2019-06-26 16:11:19.832928
2018-12-21,16:45,40.2,40.3,31.8,71.8,0.0,W@9.3,13.5,40.4,0.0,1,"Alderdale, Alderdale, Klickitat County",310107,Alderdale,2019-06-26 16:11:19.832928
2018-12-21,17:00,40.1,40.2,31.7,71.6,0.0,W@9.0,11.7,40.4,0.0,0,"Alderdale, Alderdale, Klickitat County",310107,Alderdale,2019-06-26 16:11:19.832928
2018-12-21,17:15,39.9,40.0,31.6,71.8,0.0,SW@9.8,15.0,40.5,0.0,0,"Alderdale, Alderdale, Klickitat County",310107,Alderdale,2019-06-26 16:11:19.832928
2018-12-21,17:30,39.9,40.0,31.3,71.2,0.0,SW@9.7,14.6,40.5,0.0,0,"Alderdale, Alderdale, Klickitat County",310107,Alderdale,2019-06-26 16:11:19.832928
2018-12-21,17:45,39.1,39.2,31.2,73.2,0.0,SW@8.8,12.1,40.5,0.0,0,"Alderdale, Alderdale, Klickitat County",310107,Alderdale,2019-06-26 16:11:19.832928
2018-12-21,18:00,38.7,38.8,31.2,74.3,0.0,SW@8.8,12.1,40.5,0.0,0,"Alderdale, Alderdale, Klickitat County",310107,Alderdale,2019-06-26 16:11:19.832928
2018-12-21,18:15,39.1,39.2,31.1,72.9,0.0,SW@8.6,11.7,40.5,0.0,0,"Alderdale, Alderdale, Klickitat County",310107,Alderdale,2019-06-26 16:11:19.832928
2018-12-21,18:30,38.4,38.5,31.3,75.3,0.0,W@9.0,11.4,40.5,0.0,0,"Alderdale, Alderdale, Klickitat County",310107,Alderdale,2019-06-26 16:11:19.832928
2018-12-21,18:45,38.2,38.3,31.2,75.6,0.0,W@8.6,11.7,40.5,0.0,0,"Alderdale, Alderdale, Klickitat County",310107,Alderdale,2019-06-26 16:11:19.832928
2018-12-21,19:00,38.1,38.1,31.2,76.1,0.0,W@8.9,12.4,40.5,0.0,0,"Alderdale, Alderdale, Klickitat County",310107,Alderdale,2019-06-26 16:11:19.832928
2018-12-21,19:15,38.7,38.8,31.3,74.5,0.0,W@10.4,14.2,40.5,0.0,0,"Alderdale, Alderdale, Klickitat County",310107,Alderdale,2019-06-26 16:11:19.832928
2018-12-21,19:30,39.1,39.2,31.5,73.9,0.0,SW@10.0,13.5,40.5,0.0,0,"Alderdale, Alderdale, Klickitat County",310107,Alderdale,2019-06-26 16:11:19.832928
2018-12-21,19:45,39.5,39.5,31.4,72.6,0.0,SW@10.0,12.4,40.5,0.0,0,"Alderdale, Alderdale, Klickitat County",310107,Alderdale,2019-06-26 16:11:19.832928
2018-12-21,20:00,39.5,39.6,31.2,72.0,0.0,SW@11.6,15.7,40.5,0.0,0,"Alderdale, Alderdale, Klickitat County",310107,Alderdale,2019-06-26 16:11:19.832928
2018-12-21,20:15,37.9,38.0,31.2,76.5,0.0,SW@8.7,12.8,40.4,0.0,0,"Alderdale, Alderdale, Klickitat County",310107,Alderdale,2019-06-26 16:11:19.832928
2018-12-21,20:30,37.6,37.7,31.1,77.1,0.0,SW@8.5,11.4,40.4,0.0,0,"Alderdale, Alderdale, Klickitat County",310107,Alderdale,2019-06-26 16:11:19.832928
2018-12-21,20:45,38.0,38.1,30.6,74.5,0.0,SW@8.7,10.7,40.4,0.0,0,"Alderdale, Alderdale, Klickitat County",310107,Alderdale,2019-06-26 16:11:19.832928
2018-12-21,21:00,37.4,37.5,30.6,76.0,0.0,SW@9.3,13.9,40.4,0.0,0,"Alderdale, Alderdale, Klickitat County",310107,Alderdale,2019-06-26 16:11:19.832928
2018-12-21,21:15,38.0,38.1,30.2,73.0,0.0,SW@9.1,11.7,40.3,0.0,0,"Alderdale, Alderdale, Klickitat County",310107,Alderdale,2019-06-26 16:11:19.832928
2018-12-21,21:30,38.0,38.1,29.7,71.8,0.0,SW@8.5,11.7,40.3,0.0,0,"Alderdale, Alderdale, Klickitat County",310107,Alderdale,2019-06-26 16:11:19.832928
2018-12-21,21:45,37.5,37.6,29.9,74.0,0.0,SW@8.2,11.0,40.3,0.0,0,"Alderdale, Alderdale, Klickitat County",310107,Alderdale,2019-06-26 16:11:19.832928
2018-12-21,22:00,37.0,37.0,30.2,76.4,0.0,SW@8.4,10.7,40.3,0.0,0,"Alderdale, Alderdale, Klickitat County",310107,Alderdale,2019-06-26 16:11:19.832928
2018-12-21,22:15,36.3,36.4,30.3,78.7,0.0,SW@6.5,8.9,40.2,0.0,0,"Alderdale, Alderdale, Klickitat County",310107,Alderdale,2019-06-26 16:11:19.832928
2018-12-21,22:30,36.3,36.4,30.0,77.8,0.0,SW@7.0,8.9,40.2,0.0,0,"Alderdale, Alderdale, Klickitat County",310107,Alderdale,2019-06-26 16:11:19.832928
2018-12-21,22:45,36.2,36.3,30.1,78.3,0.0,SW@7.1,10.7,40.2,0.0,0,"Alderdale, Alderdale, Klickitat County",310107,Alderdale,2019-06-26 16:11:19.832928
2018-12-21,23:00,35.8,35.8,31.2,83.4,0.02,SW@7.3,8.9,40.1,0.0,0,"Alderdale, Alderdale, Klickitat County",310107,Alderdale,2019-06-26 16:11:19.832928
