Date,Time PST,Air Temp °F, 2<sup>nd</sup> Air Temp °F, Dew Point °F, Rel Hum %, Leaf Wet u., Wind Dir @ Speed mph, Wind Gust mph, 8 in. Soil Tmp °F, Tot Prec in, Solar Rad W/m²,Location,Station ID,Station Name,Download Timestamp
2011-04-19,00:15,34.1,,26.0,71.8,0.01,NW@8.3,14.6,45.5,0.0,0,"Thorp, Kittitas County",330036,Thorp,2017-12-05 20:06:42.782219
2011-04-19,00:30,32.6,,25.4,74.7,0.01,W@3.1,6.0,45.5,0.0,0,"Thorp, Kittitas County",330036,Thorp,2017-12-05 20:06:42.782219
2011-04-19,00:45,32.9,,25.8,74.7,0.01,E@2.8,4.9,45.4,0.0,0,"Thorp, Kittitas County",330036,Thorp,2017-12-05 20:06:42.782219
2011-04-19,01:00,32.7,,25.7,75.2,0.02,NW@0.2,2.1,45.4,0.0,0,"Thorp, Kittitas County",330036,Thorp,2017-12-05 20:06:42.782219
2011-04-19,01:15,33.2,,26.2,75.4,0.01,NW@6.2,10.3,45.3,0.0,0,"Thorp, Kittitas County",330036,Thorp,2017-12-05 20:06:42.782219
2011-04-19,01:30,33.9,,26.8,74.9,0.01,NW@8.1,11.4,45.3,0.0,0,"Thorp, Kittitas County",330036,Thorp,2017-12-05 20:06:42.782219
2011-04-19,01:45,33.3,,26.7,76.2,0.01,NW@7.1,9.9,45.2,0.0,0,"Thorp, Kittitas County",330036,Thorp,2017-12-05 20:06:42.782219
2011-04-19,02:00,32.3,,26.5,79.0,0.01,NW@6.3,8.5,45.2,0.0,0,"Thorp, Kittitas County",330036,Thorp,2017-12-05 20:06:42.782219
2011-04-19,02:15,32.1,,26.4,79.4,0.01,NW@7.3,9.2,45.1,0.0,0,"Thorp, Kittitas County",330036,Thorp,2017-12-05 20:06:42.782219
2011-04-19,02:30,31.0,,25.6,81.2,0.01,NW@6.1,7.4,45.0,0.0,0,"Thorp, Kittitas County",330036,Thorp,2017-12-05 20:06:42.782219
2011-04-19,02:45,30.4,,25.3,82.2,0.02,NW@6.4,8.2,45.0,0.0,0,"Thorp, Kittitas County",330036,Thorp,2017-12-05 20:06:42.782219
2011-04-19,03:00,30.7,,25.6,81.9,0.01,W@7.6,8.9,44.9,0.0,0,"Thorp, Kittitas County",330036,Thorp,2017-12-05 20:06:42.782219
2011-04-19,03:15,30.6,,25.5,82.1,0.01,W@7.6,9.6,44.9,0.0,0,"Thorp, Kittitas County",330036,Thorp,2017-12-05 20:06:42.782219
2011-04-19,03:30,31.3,,26.1,81.6,0.02,NW@6.2,8.9,44.8,0.0,0,"Thorp, Kittitas County",330036,Thorp,2017-12-05 20:06:42.782219
2011-04-19,03:45,32.2,,26.3,78.8,0.01,NW@5.7,12.1,44.8,0.0,0,"Thorp, Kittitas County",330036,Thorp,2017-12-05 20:06:42.782219
2011-04-19,04:00,32.0,,26.0,78.2,0.01,NW@6.3,9.6,44.7,0.0,0,"Thorp, Kittitas County",330036,Thorp,2017-12-05 20:06:42.782219
2011-04-19,04:15,32.3,,25.7,76.3,0.01,NW@8.0,11.4,44.7,0.0,0,"Thorp, Kittitas County",330036,Thorp,2017-12-05 20:06:42.782219
2011-04-19,04:30,33.0,,25.5,73.7,0.01,NW@10.3,15.3,44.6,0.0,0,"Thorp, Kittitas County",330036,Thorp,2017-12-05 20:06:42.782219
2011-04-19,04:45,32.9,,25.3,73.4,0.01,NW@11.4,15.0,44.6,0.0,0,"Thorp, Kittitas County",330036,Thorp,2017-12-05 20:06:42.782219
2011-04-19,05:00,32.5,,24.8,73.0,0.01,NW@11.2,15.0,44.5,0.0,2,"Thorp, Kittitas County",330036,Thorp,2017-12-05 20:06:42.782219
2011-04-19,05:15,32.5,,24.3,71.6,0.01,NW@10.3,14.6,44.5,0.0,5,"Thorp, Kittitas County",330036,Thorp,2017-12-05 20:06:42.782219
2011-04-19,05:30,32.5,,24.2,71.0,0.01,N@10.7,16.0,44.4,0.0,21,"Thorp, Kittitas County",330036,Thorp,2017-12-05 20:06:42.782219
2011-04-19,05:45,33.0,,24.3,69.9,0.0,N@10.1,14.2,44.3,0.0,63,"Thorp, Kittitas County",330036,Thorp,2017-12-05 20:06:42.782219
2011-04-19,06:00,33.6,,24.2,68.0,0.0,N@10.9,15.7,44.3,0.0,100,"Thorp, Kittitas County",330036,Thorp,2017-12-05 20:06:42.782219
2011-04-19,06:15,34.6,,24.3,65.8,0.0,NW@11.2,16.0,44.2,0.0,144,"Thorp, Kittitas County",330036,Thorp,2017-12-05 20:06:42.782219
2011-04-19,06:30,35.4,,24.3,63.7,0.0,NW@11.2,15.3,44.2,0.0,190,"Thorp, Kittitas County",330036,Thorp,2017-12-05 20:06:42.782219
2011-04-19,06:45,36.4,,23.9,60.2,0.0,NW@11.6,16.0,44.1,0.0,238,"Thorp, Kittitas County",330036,Thorp,2017-12-05 20:06:42.782219
2011-04-19,07:00,37.2,,23.4,57.1,0.0,NW@14.2,19.6,44.1,0.0,286,"Thorp, Kittitas County",330036,Thorp,2017-12-05 20:06:42.782219
2011-04-19,07:15,38.2,,23.2,54.3,0.0,NW@14.6,21.4,44.0,0.0,335,"Thorp, Kittitas County",330036,Thorp,2017-12-05 20:06:42.782219
2011-04-19,07:30,39.1,,22.6,51.4,0.0,NW@15.6,21.0,44.0,0.0,382,"Thorp, Kittitas County",330036,Thorp,2017-12-05 20:06:42.782219
2011-04-19,07:45,40.2,,22.1,48.0,0.0,NW@15.6,20.7,43.9,0.0,428,"Thorp, Kittitas County",330036,Thorp,2017-12-05 20:06:42.782219
2011-04-19,08:00,40.8,,21.2,45.1,0.0,NW@17.7,22.8,43.9,0.0,474,"Thorp, Kittitas County",330036,Thorp,2017-12-05 20:06:42.782219
2011-04-19,08:15,41.2,,21.5,45.0,0.0,NW@15.9,20.3,43.8,0.0,517,"Thorp, Kittitas County",330036,Thorp,2017-12-05 20:06:42.782219
2011-04-19,08:30,41.9,,21.3,43.3,0.0,NW@14.9,21.4,43.8,0.0,560,"Thorp, Kittitas County",330036,Thorp,2017-12-05 20:06:42.782219
2011-04-19,08:45,42.4,,20.4,41.0,0.0,NW@15.1,20.3,43.7,0.0,602,"Thorp, Kittitas County",330036,Thorp,2017-12-05 20:06:42.782219
2011-04-19,09:00,42.5,,20.1,40.4,0.0,NW@15.3,21.4,43.7,0.0,638,"Thorp, Kittitas County",330036,Thorp,2017-12-05 20:06:42.782219
2011-04-19,09:15,42.9,,20.4,40.4,0.0,NW@15.4,20.0,43.6,0.0,675,"Thorp, Kittitas County",330036,Thorp,2017-12-05 20:06:42.782219
2011-04-19,09:30,43.5,,20.5,39.5,0.0,NW@16.1,22.1,43.6,0.0,708,"Thorp, Kittitas County",330036,Thorp,2017-12-05 20:06:42.782219
2011-04-19,09:45,43.6,,19.7,38.0,0.0,NW@17.1,21.8,43.6,0.0,739,"Thorp, Kittitas County",330036,Thorp,2017-12-05 20:06:42.782219
2011-04-19,10:00,44.3,,19.6,36.9,0.0,NW@15.4,21.4,43.5,0.0,767,"Thorp, Kittitas County",330036,Thorp,2017-12-05 20:06:42.782219
2011-04-19,10:15,45.1,,20.0,36.4,0.0,NW@13.6,21.0,43.5,0.0,791,"Thorp, Kittitas County",330036,Thorp,2017-12-05 20:06:42.782219
2011-04-19,10:30,45.4,,17.4,32.2,0.0,NW@14.3,18.2,43.5,0.0,815,"Thorp, Kittitas County",330036,Thorp,2017-12-05 20:06:42.782219
2011-04-19,10:45,45.6,,19.1,34.4,0.0,N@15.6,19.6,43.5,0.0,835,"Thorp, Kittitas County",330036,Thorp,2017-12-05 20:06:42.782219
2011-04-19,11:00,45.9,,18.9,33.7,0.0,N@15.7,20.3,43.5,0.0,851,"Thorp, Kittitas County",330036,Thorp,2017-12-05 20:06:42.782219
2011-04-19,11:15,46.7,,17.5,30.7,0.0,N@15.4,20.0,43.5,0.0,867,"Thorp, Kittitas County",330036,Thorp,2017-12-05 20:06:42.782219
2011-04-19,11:30,46.9,,17.1,30.0,0.0,N@15.5,19.2,43.5,0.0,876,"Thorp, Kittitas County",330036,Thorp,2017-12-05 20:06:42.782219
2011-04-19,11:45,47.5,,17.3,29.6,0.0,NW@15.0,20.3,43.6,0.0,878,"Thorp, Kittitas County",330036,Thorp,2017-12-05 20:06:42.782219
2011-04-19,12:00,48.2,,17.0,28.5,0.0,NW@15.1,21.4,43.6,0.0,881,"Thorp, Kittitas County",330036,Thorp,2017-12-05 20:06:42.782219
2011-04-19,12:15,47.9,,17.4,29.2,0.0,NW@15.0,21.0,43.6,0.0,884,"Thorp, Kittitas County",330036,Thorp,2017-12-05 20:06:42.782219
2011-04-19,12:30,48.3,,18.3,30.0,0.0,NW@15.8,20.7,43.7,0.0,864,"Thorp, Kittitas County",330036,Thorp,2017-12-05 20:06:42.782219
2011-04-19,12:45,48.5,,18.9,30.5,0.0,NW@15.7,21.0,43.7,0.0,853,"Thorp, Kittitas County",330036,Thorp,2017-12-05 20:06:42.782219
2011-04-19,13:00,48.7,,17.8,28.9,0.0,NW@15.8,21.0,43.8,0.0,822,"Thorp, Kittitas County",330036,Thorp,2017-12-05 20:06:42.782219
2011-04-19,13:15,48.6,,19.8,31.6,0.0,N@15.8,22.1,43.9,0.0,816,"Thorp, Kittitas County",330036,Thorp,2017-12-05 20:06:42.782219
2011-04-19,13:30,49.3,,20.8,32.1,0.0,NW@15.7,21.4,44.0,0.0,776,"Thorp, Kittitas County",330036,Thorp,2017-12-05 20:06:42.782219
2011-04-19,13:45,48.9,,20.6,32.4,0.0,NW@15.8,22.1,44.0,0.0,776,"Thorp, Kittitas County",330036,Thorp,2017-12-05 20:06:42.782219
2011-04-19,14:00,49.5,,20.0,30.9,0.0,NW@14.4,21.4,44.1,0.0,754,"Thorp, Kittitas County",330036,Thorp,2017-12-05 20:06:42.782219
2011-04-19,14:15,49.1,,19.2,30.2,0.0,NW@13.8,18.5,44.2,0.0,733,"Thorp, Kittitas County",330036,Thorp,2017-12-05 20:06:42.782219
2011-04-19,14:30,49.1,,19.6,30.7,0.0,NW@14.0,18.9,44.3,0.0,490,"Thorp, Kittitas County",330036,Thorp,2017-12-05 20:06:42.782219
2011-04-19,14:45,48.1,,20.4,33.0,0.0,NW@12.2,18.2,44.4,0.0,480,"Thorp, Kittitas County",330036,Thorp,2017-12-05 20:06:42.782219
2011-04-19,15:00,49.6,,20.4,31.2,0.0,NW@12.5,17.5,44.6,0.0,674,"Thorp, Kittitas County",330036,Thorp,2017-12-05 20:06:42.782219
2011-04-19,15:15,49.3,,20.4,31.6,0.0,NW@12.2,20.0,44.7,0.0,478,"Thorp, Kittitas County",330036,Thorp,2017-12-05 20:06:42.782219
2011-04-19,15:30,47.9,,20.4,33.3,0.0,NW@12.6,20.3,44.8,0.0,382,"Thorp, Kittitas County",330036,Thorp,2017-12-05 20:06:42.782219
2011-04-19,15:45,48.2,,20.9,33.6,0.0,NW@12.6,18.9,44.9,0.0,454,"Thorp, Kittitas County",330036,Thorp,2017-12-05 20:06:42.782219
2011-04-19,16:00,48.0,,20.9,33.9,0.0,NW@12.0,18.9,45.0,0.0,371,"Thorp, Kittitas County",330036,Thorp,2017-12-05 20:06:42.782219
2011-04-19,16:15,47.7,,21.1,34.6,0.0,NW@13.9,21.0,45.1,0.0,277,"Thorp, Kittitas County",330036,Thorp,2017-12-05 20:06:42.782219
2011-04-19,16:30,48.3,,21.3,34.1,0.0,NW@12.6,17.8,45.3,0.0,374,"Thorp, Kittitas County",330036,Thorp,2017-12-05 20:06:42.782219
2011-04-19,16:45,47.7,,19.9,32.9,0.0,NW@13.9,19.2,45.4,0.0,302,"Thorp, Kittitas County",330036,Thorp,2017-12-05 20:06:42.782219
2011-04-19,17:00,47.3,,19.3,32.6,0.0,NW@15.4,20.3,45.5,0.0,292,"Thorp, Kittitas County",330036,Thorp,2017-12-05 20:06:42.782219
2011-04-19,17:15,46.7,,20.9,35.5,0.0,NW@14.2,20.0,45.6,0.0,230,"Thorp, Kittitas County",330036,Thorp,2017-12-05 20:06:42.782219
2011-04-19,17:30,46.2,,20.7,36.0,0.0,NW@14.8,19.6,45.7,0.0,180,"Thorp, Kittitas County",330036,Thorp,2017-12-05 20:06:42.782219
2011-04-19,17:45,45.6,,19.6,35.1,0.0,NW@14.6,20.7,45.8,0.0,142,"Thorp, Kittitas County",330036,Thorp,2017-12-05 20:06:42.782219
2011-04-19,18:00,45.1,,19.6,35.8,0.0,NW@13.3,17.5,45.9,0.0,107,"Thorp, Kittitas County",330036,Thorp,2017-12-05 20:06:42.782219
2011-04-19,18:15,44.6,,19.4,36.1,0.0,NW@12.5,16.4,45.9,0.0,76,"Thorp, Kittitas County",330036,Thorp,2017-12-05 20:06:42.782219
2011-04-19,18:30,43.8,,19.9,38.1,0.0,NW@12.3,17.8,46.0,0.0,49,"Thorp, Kittitas County",330036,Thorp,2017-12-05 20:06:42.782219
2011-04-19,18:45,42.7,,21.1,41.8,0.0,NW@12.7,15.7,46.1,0.0,22,"Thorp, Kittitas County",330036,Thorp,2017-12-05 20:06:42.782219
2011-04-19,19:00,41.5,,22.1,45.5,0.0,NW@12.0,15.3,46.2,0.0,7,"Thorp, Kittitas County",330036,Thorp,2017-12-05 20:06:42.782219
2011-04-19,19:15,40.9,,22.7,48.1,0.0,NW@12.2,16.7,46.2,0.0,2,"Thorp, Kittitas County",330036,Thorp,2017-12-05 20:06:42.782219
2011-04-19,19:30,40.5,,23.5,50.4,0.0,NW@12.6,16.0,46.3,0.0,0,"Thorp, Kittitas County",330036,Thorp,2017-12-05 20:06:42.782219
2011-04-19,19:45,40.1,,23.8,51.9,0.0,NW@11.5,15.0,46.3,0.0,0,"Thorp, Kittitas County",330036,Thorp,2017-12-05 20:06:42.782219
2011-04-19,20:00,39.1,,24.2,54.7,0.0,NW@9.3,11.4,46.4,0.0,0,"Thorp, Kittitas County",330036,Thorp,2017-12-05 20:06:42.782219
2011-04-19,20:15,37.8,,24.4,57.9,0.0,NW@7.1,9.9,46.4,0.0,0,"Thorp, Kittitas County",330036,Thorp,2017-12-05 20:06:42.782219
2011-04-19,20:30,37.0,,24.2,59.6,0.0,NW@5.4,6.4,46.4,0.0,0,"Thorp, Kittitas County",330036,Thorp,2017-12-05 20:06:42.782219
2011-04-19,20:45,35.6,,24.1,62.6,0.0,NW@6.6,7.8,46.5,0.0,0,"Thorp, Kittitas County",330036,Thorp,2017-12-05 20:06:42.782219
2011-04-19,21:00,35.3,,24.0,63.2,0.0,NW@7.2,8.9,46.5,0.0,0,"Thorp, Kittitas County",330036,Thorp,2017-12-05 20:06:42.782219
2011-04-19,21:15,35.8,,23.9,61.6,0.0,NW@9.3,12.4,46.5,0.0,0,"Thorp, Kittitas County",330036,Thorp,2017-12-05 20:06:42.782219
2011-04-19,21:30,35.6,,23.7,61.5,0.0,NW@9.6,12.1,46.5,0.0,0,"Thorp, Kittitas County",330036,Thorp,2017-12-05 20:06:42.782219
2011-04-19,21:45,35.1,,23.6,62.5,0.0,NW@10.1,12.1,46.5,0.0,0,"Thorp, Kittitas County",330036,Thorp,2017-12-05 20:06:42.782219
2011-04-19,22:00,35.3,,23.6,62.0,0.0,NW@10.6,13.5,46.4,0.0,0,"Thorp, Kittitas County",330036,Thorp,2017-12-05 20:06:42.782219
2011-04-19,22:15,35.0,,23.9,63.4,0.0,NW@10.6,12.8,46.4,0.0,0,"Thorp, Kittitas County",330036,Thorp,2017-12-05 20:06:42.782219
2011-04-19,22:30,34.0,,23.9,66.1,0.0,NW@9.5,11.4,46.4,0.0,0,"Thorp, Kittitas County",330036,Thorp,2017-12-05 20:06:42.782219
2011-04-19,22:45,33.2,,23.8,68.1,0.0,NW@7.8,9.9,46.4,0.0,0,"Thorp, Kittitas County",330036,Thorp,2017-12-05 20:06:42.782219
2011-04-19,23:00,32.5,,23.2,68.3,0.0,NW@7.2,9.2,46.4,0.0,0,"Thorp, Kittitas County",330036,Thorp,2017-12-05 20:06:42.782219
2011-04-20,23:15,33.3,,22.6,64.5,0.0,W@8.5,14.2,46.3,0.0,0,"Thorp, Kittitas County",330036,Thorp,2017-12-05 20:06:42.782219
2011-04-20,23:30,32.5,,22.8,67.1,0.0,W@7.3,9.2,46.3,0.0,0,"Thorp, Kittitas County",330036,Thorp,2017-12-05 20:06:42.782219
2011-04-20,23:45,32.5,,23.0,67.5,0.0,NW@9.2,10.7,46.3,0.0,0,"Thorp, Kittitas County",330036,Thorp,2017-12-05 20:06:42.782219
2011-04-20,24:00,31.8,,23.2,70.6,0.01,NW@9.1,11.0,46.2,0.0,0,"Thorp, Kittitas County",330036,Thorp,2017-12-05 20:06:42.782219
2011-04-20,00:15,30.9,,23.2,73.4,0.01,NW@9.1,11.0,46.2,0.0,0,"Thorp, Kittitas County",330036,Thorp,2017-12-05 20:06:42.782219
2011-04-20,00:30,30.7,,22.9,73.1,0.01,W@10.0,11.7,46.1,0.0,0,"Thorp, Kittitas County",330036,Thorp,2017-12-05 20:06:42.782219
2011-04-20,00:45,30.7,,22.7,72.7,0.01,W@9.7,12.4,46.1,0.0,0,"Thorp, Kittitas County",330036,Thorp,2017-12-05 20:06:42.782219
2011-04-20,01:00,30.3,,22.9,74.8,0.01,W@10.0,12.1,46.0,0.0,0,"Thorp, Kittitas County",330036,Thorp,2017-12-05 20:06:42.782219
2011-04-20,01:15,30.2,,23.0,75.6,0.01,NW@10.0,12.1,46.0,0.0,0,"Thorp, Kittitas County",330036,Thorp,2017-12-05 20:06:42.782219
2011-04-20,01:30,29.8,,23.1,77.0,0.01,NW@9.5,11.7,45.9,0.0,0,"Thorp, Kittitas County",330036,Thorp,2017-12-05 20:06:42.782219
2011-04-20,01:45,29.5,,23.1,78.2,0.01,NW@9.2,10.7,45.9,0.0,0,"Thorp, Kittitas County",330036,Thorp,2017-12-05 20:06:42.782219
2011-04-20,02:00,29.5,,22.9,77.7,0.01,NW@7.6,11.4,45.8,0.0,0,"Thorp, Kittitas County",330036,Thorp,2017-12-05 20:06:42.782219
2011-04-20,02:15,29.7,,22.6,75.9,0.01,NW@7.5,9.9,45.8,0.0,0,"Thorp, Kittitas County",330036,Thorp,2017-12-05 20:06:42.782219
2011-04-20,02:30,29.1,,22.7,78.3,0.01,NW@8.6,11.0,45.7,0.0,0,"Thorp, Kittitas County",330036,Thorp,2017-12-05 20:06:42.782219
2011-04-20,02:45,29.0,,22.7,78.8,0.01,NW@9.0,11.0,45.6,0.0,0,"Thorp, Kittitas County",330036,Thorp,2017-12-05 20:06:42.782219
2011-04-20,03:00,29.0,,22.6,78.4,0.01,NW@9.5,11.4,45.6,0.0,0,"Thorp, Kittitas County",330036,Thorp,2017-12-05 20:06:42.782219
2011-04-20,03:15,28.7,,22.5,79.4,0.01,NW@9.8,11.7,45.5,0.0,0,"Thorp, Kittitas County",330036,Thorp,2017-12-05 20:06:42.782219
2011-04-20,03:30,28.8,,22.8,79.7,0.01,NW@9.2,11.0,45.5,0.0,0,"Thorp, Kittitas County",330036,Thorp,2017-12-05 20:06:42.782219
2011-04-20,03:45,28.5,,22.4,79.6,0.01,NW@8.4,9.9,45.4,0.0,0,"Thorp, Kittitas County",330036,Thorp,2017-12-05 20:06:42.782219
2011-04-20,04:00,27.8,,21.9,80.4,0.01,NW@7.7,9.2,45.3,0.0,0,"Thorp, Kittitas County",330036,Thorp,2017-12-05 20:06:42.782219
2011-04-20,04:15,27.7,,21.9,81.1,0.01,NW@8.3,9.9,45.3,0.0,0,"Thorp, Kittitas County",330036,Thorp,2017-12-05 20:06:42.782219
2011-04-20,04:30,28.0,,21.9,80.0,0.01,NW@8.4,10.3,45.2,0.0,0,"Thorp, Kittitas County",330036,Thorp,2017-12-05 20:06:42.782219
2011-04-20,04:45,27.6,,21.9,81.1,0.01,NW@7.8,9.6,45.1,0.0,1,"Thorp, Kittitas County",330036,Thorp,2017-12-05 20:06:42.782219
2011-04-20,05:00,27.2,,21.6,81.5,0.02,NW@7.2,9.6,45.1,0.0,2,"Thorp, Kittitas County",330036,Thorp,2017-12-05 20:06:42.782219
2011-04-20,05:15,27.4,,21.8,81.7,0.01,NW@8.5,10.3,45.0,0.0,4,"Thorp, Kittitas County",330036,Thorp,2017-12-05 20:06:42.782219
2011-04-20,05:30,28.1,,22.2,80.5,0.01,NW@8.2,10.3,44.9,0.0,14,"Thorp, Kittitas County",330036,Thorp,2017-12-05 20:06:42.782219
2011-04-20,05:45,28.4,,22.4,80.1,0.01,NW@8.0,9.9,44.9,0.0,31,"Thorp, Kittitas County",330036,Thorp,2017-12-05 20:06:42.782219
2011-04-20,06:00,29.2,,22.9,78.7,0.01,NW@9.4,12.1,44.8,0.0,62,"Thorp, Kittitas County",330036,Thorp,2017-12-05 20:06:42.782219
2011-04-20,06:15,29.9,,23.2,77.3,0.01,NW@10.1,12.4,44.8,0.0,72,"Thorp, Kittitas County",330036,Thorp,2017-12-05 20:06:42.782219
2011-04-20,06:30,30.1,,23.3,76.5,0.01,NW@9.3,11.4,44.7,0.0,83,"Thorp, Kittitas County",330036,Thorp,2017-12-05 20:06:42.782219
2011-04-20,06:45,31.1,,23.5,74.0,0.01,NW@9.7,12.1,44.6,0.0,143,"Thorp, Kittitas County",330036,Thorp,2017-12-05 20:06:42.782219
2011-04-20,07:00,31.9,,23.5,71.4,0.0,NW@8.6,11.4,44.6,0.0,154,"Thorp, Kittitas County",330036,Thorp,2017-12-05 20:06:42.782219
2011-04-20,07:15,32.3,,22.8,67.7,0.0,NW@6.9,8.9,44.5,0.0,150,"Thorp, Kittitas County",330036,Thorp,2017-12-05 20:06:42.782219
2011-04-20,07:30,32.9,,22.4,64.8,0.0,NW@7.0,8.5,44.4,0.0,177,"Thorp, Kittitas County",330036,Thorp,2017-12-05 20:06:42.782219
2011-04-20,07:45,33.6,,22.6,63.6,0.0,NW@5.2,7.4,44.4,0.0,205,"Thorp, Kittitas County",330036,Thorp,2017-12-05 20:06:42.782219
2011-04-20,08:00,34.4,,23.0,62.6,0.0,N@3.9,8.5,44.3,0.0,257,"Thorp, Kittitas County",330036,Thorp,2017-12-05 20:06:42.782219
2011-04-20,08:15,35.5,,23.1,60.2,0.0,N@2.6,4.6,44.2,0.0,320,"Thorp, Kittitas County",330036,Thorp,2017-12-05 20:06:42.782219
2011-04-20,08:30,36.5,,23.6,59.3,0.0,N@2.4,4.2,44.2,0.0,310,"Thorp, Kittitas County",330036,Thorp,2017-12-05 20:06:42.782219
2011-04-20,08:45,37.5,,23.9,57.5,0.0,NE@1.1,3.5,44.1,0.0,310,"Thorp, Kittitas County",330036,Thorp,2017-12-05 20:06:42.782219
2011-04-20,09:00,37.9,,23.4,55.6,0.0,NW@1.8,3.5,44.1,0.0,386,"Thorp, Kittitas County",330036,Thorp,2017-12-05 20:06:42.782219
2011-04-20,09:15,39.4,,24.3,54.3,0.0,N@2.2,4.2,44.0,0.0,476,"Thorp, Kittitas County",330036,Thorp,2017-12-05 20:06:42.782219
2011-04-20,09:30,40.7,,23.9,50.8,0.0,N@1.6,3.5,44.0,0.0,507,"Thorp, Kittitas County",330036,Thorp,2017-12-05 20:06:42.782219
2011-04-20,09:45,41.2,,24.2,50.5,0.0,N@2.9,5.3,44.0,0.0,533,"Thorp, Kittitas County",330036,Thorp,2017-12-05 20:06:42.782219
2011-04-20,10:00,42.1,,24.1,48.7,0.0,SE@3.8,6.7,43.9,0.0,550,"Thorp, Kittitas County",330036,Thorp,2017-12-05 20:06:42.782219
2011-04-20,10:15,42.6,,24.1,47.7,0.0,SE@4.6,7.4,43.9,0.0,514,"Thorp, Kittitas County",330036,Thorp,2017-12-05 20:06:42.782219
2011-04-20,10:30,43.1,,24.9,48.4,0.0,SE@5.3,7.8,43.9,0.0,500,"Thorp, Kittitas County",330036,Thorp,2017-12-05 20:06:42.782219
2011-04-20,10:45,43.1,,24.4,47.3,0.0,SE@6.0,9.2,43.9,0.0,480,"Thorp, Kittitas County",330036,Thorp,2017-12-05 20:06:42.782219
2011-04-20,11:00,43.7,,25.0,47.3,0.0,SE@5.6,9.6,43.9,0.0,514,"Thorp, Kittitas County",330036,Thorp,2017-12-05 20:06:42.782219
2011-04-20,11:15,44.5,,24.5,45.0,0.0,SE@6.0,9.6,43.9,0.0,525,"Thorp, Kittitas County",330036,Thorp,2017-12-05 20:06:42.782219
2011-04-20,11:30,45.0,,23.9,43.1,0.0,SE@6.0,9.6,43.9,0.0,501,"Thorp, Kittitas County",330036,Thorp,2017-12-05 20:06:42.782219
2011-04-20,11:45,45.8,,23.0,40.2,0.0,SE@5.1,9.9,43.9,0.0,495,"Thorp, Kittitas County",330036,Thorp,2017-12-05 20:06:42.782219
2011-04-20,12:00,46.3,,22.5,38.7,0.0,SE@5.4,8.9,43.9,0.0,564,"Thorp, Kittitas County",330036,Thorp,2017-12-05 20:06:42.782219
2011-04-20,12:15,46.9,,22.0,37.0,0.0,SE@5.2,10.3,43.9,0.0,564,"Thorp, Kittitas County",330036,Thorp,2017-12-05 20:06:42.782219
2011-04-20,12:30,47.2,,21.6,35.9,0.0,SE@5.1,9.2,44.0,0.0,540,"Thorp, Kittitas County",330036,Thorp,2017-12-05 20:06:42.782219
2011-04-20,12:45,47.8,,21.4,34.9,0.0,SE@4.3,7.8,44.0,0.0,498,"Thorp, Kittitas County",330036,Thorp,2017-12-05 20:06:42.782219
2011-04-20,13:00,48.4,,21.5,34.3,0.0,SE@3.9,7.4,44.1,0.0,567,"Thorp, Kittitas County",330036,Thorp,2017-12-05 20:06:42.782219
2011-04-20,13:15,48.9,,20.0,31.6,0.0,SE@2.8,6.7,44.1,0.0,547,"Thorp, Kittitas County",330036,Thorp,2017-12-05 20:06:42.782219
2011-04-20,13:30,49.1,,21.9,33.9,0.0,SE@4.0,6.7,44.2,0.0,513,"Thorp, Kittitas County",330036,Thorp,2017-12-05 20:06:42.782219
2011-04-20,13:45,48.8,,21.4,33.6,0.0,S@3.7,6.4,44.2,0.0,426,"Thorp, Kittitas County",330036,Thorp,2017-12-05 20:06:42.782219
2011-04-20,14:00,49.4,,21.2,32.6,0.0,S@3.3,11.0,44.3,0.0,382,"Thorp, Kittitas County",330036,Thorp,2017-12-05 20:06:42.782219
2011-04-20,14:15,49.4,,22.0,33.7,0.0,E@2.9,7.1,44.4,0.0,355,"Thorp, Kittitas County",330036,Thorp,2017-12-05 20:06:42.782219
2011-04-20,14:30,50.2,,21.8,32.5,0.0,SW@2.4,6.4,44.5,0.0,356,"Thorp, Kittitas County",330036,Thorp,2017-12-05 20:06:42.782219
2011-04-20,14:45,49.7,,23.0,34.8,0.0,SE@3.8,6.7,44.5,0.0,317,"Thorp, Kittitas County",330036,Thorp,2017-12-05 20:06:42.782219
2011-04-20,15:00,49.6,,23.1,35.1,0.0,S@3.6,7.8,44.6,0.0,297,"Thorp, Kittitas County",330036,Thorp,2017-12-05 20:06:42.782219
2011-04-20,15:15,49.3,,22.8,35.0,0.0,SW@4.6,7.8,44.7,0.0,296,"Thorp, Kittitas County",330036,Thorp,2017-12-05 20:06:42.782219
2011-04-20,15:30,49.7,,22.6,34.2,0.0,W@4.6,7.4,44.8,0.0,285,"Thorp, Kittitas County",330036,Thorp,2017-12-05 20:06:42.782219
2011-04-20,15:45,50.2,,23.3,34.4,0.0,W@7.1,11.7,44.9,0.0,293,"Thorp, Kittitas County",330036,Thorp,2017-12-05 20:06:42.782219
2011-04-20,16:00,50.2,,26.5,39.6,0.0,W@9.6,13.9,45.0,0.0,361,"Thorp, Kittitas County",330036,Thorp,2017-12-05 20:06:42.782219
2011-04-20,16:15,49.4,,28.1,43.4,0.0,W@11.9,17.1,45.1,0.0,282,"Thorp, Kittitas County",330036,Thorp,2017-12-05 20:06:42.782219
2011-04-20,16:30,49.7,,26.8,40.6,0.0,W@12.1,17.1,45.2,0.0,256,"Thorp, Kittitas County",330036,Thorp,2017-12-05 20:06:42.782219
2011-04-20,16:45,48.3,,28.3,45.6,0.0,W@16.0,20.0,45.2,0.0,167,"Thorp, Kittitas County",330036,Thorp,2017-12-05 20:06:42.782219
2011-04-20,17:00,48.1,,28.0,45.5,0.0,W@14.4,20.7,45.3,0.0,147,"Thorp, Kittitas County",330036,Thorp,2017-12-05 20:06:42.782219
2011-04-20,17:15,47.8,,28.4,46.6,0.0,NW@14.0,17.5,45.4,0.0,144,"Thorp, Kittitas County",330036,Thorp,2017-12-05 20:06:42.782219
2011-04-20,17:30,46.2,,30.6,54.4,0.08,NW@16.3,22.1,45.5,0.0,93,"Thorp, Kittitas County",330036,Thorp,2017-12-05 20:06:42.782219
2011-04-20,17:45,44.6,,30.9,58.5,0.1,NW@13.9,21.4,45.6,0.0,93,"Thorp, Kittitas County",330036,Thorp,2017-12-05 20:06:42.782219
2011-04-20,18:00,44.4,,30.7,58.2,0.0,W@13.1,18.2,45.6,0.0,65,"Thorp, Kittitas County",330036,Thorp,2017-12-05 20:06:42.782219
2011-04-20,18:15,44.4,,30.2,57.0,0.0,W@12.5,16.7,45.7,0.0,31,"Thorp, Kittitas County",330036,Thorp,2017-12-05 20:06:42.782219
2011-04-20,18:30,44.4,,29.8,56.0,0.0,W@10.1,14.2,45.8,0.0,14,"Thorp, Kittitas County",330036,Thorp,2017-12-05 20:06:42.782219
2011-04-20,18:45,44.7,,29.4,54.8,0.0,W@9.9,13.2,45.8,0.0,8,"Thorp, Kittitas County",330036,Thorp,2017-12-05 20:06:42.782219
2011-04-20,19:00,44.4,,29.0,54.4,0.0,W@11.4,15.0,45.9,0.0,3,"Thorp, Kittitas County",330036,Thorp,2017-12-05 20:06:42.782219
2011-04-20,19:15,43.9,,29.0,55.4,0.0,W@10.3,13.5,45.9,0.0,2,"Thorp, Kittitas County",330036,Thorp,2017-12-05 20:06:42.782219
2011-04-20,19:30,43.5,,29.0,56.4,0.0,W@7.9,10.3,46.0,0.0,0,"Thorp, Kittitas County",330036,Thorp,2017-12-05 20:06:42.782219
2011-04-20,19:45,43.3,,29.2,57.1,0.0,W@7.5,10.3,46.0,0.0,0,"Thorp, Kittitas County",330036,Thorp,2017-12-05 20:06:42.782219
2011-04-20,20:00,43.1,,29.6,58.6,0.0,W@8.2,11.7,46.1,0.0,0,"Thorp, Kittitas County",330036,Thorp,2017-12-05 20:06:42.782219
2011-04-20,20:15,42.7,,29.4,59.2,0.0,NW@8.2,11.4,46.1,0.0,0,"Thorp, Kittitas County",330036,Thorp,2017-12-05 20:06:42.782219
2011-04-20,20:30,42.2,,28.7,58.5,0.0,NW@8.6,13.2,46.1,0.0,0,"Thorp, Kittitas County",330036,Thorp,2017-12-05 20:06:42.782219
2011-04-20,20:45,42.0,,27.8,56.9,0.0,NW@9.1,11.4,46.2,0.0,0,"Thorp, Kittitas County",330036,Thorp,2017-12-05 20:06:42.782219
2011-04-20,21:00,41.6,,26.7,55.1,0.0,NW@9.1,12.1,46.2,0.0,0,"Thorp, Kittitas County",330036,Thorp,2017-12-05 20:06:42.782219
2011-04-20,21:15,41.4,,26.3,54.7,0.0,NW@9.2,12.1,46.2,0.0,0,"Thorp, Kittitas County",330036,Thorp,2017-12-05 20:06:42.782219
2011-04-20,21:30,41.0,,26.4,55.8,0.0,NW@7.4,10.3,46.2,0.0,0,"Thorp, Kittitas County",330036,Thorp,2017-12-05 20:06:42.782219
2011-04-20,21:45,40.4,,26.3,56.9,0.0,NW@6.5,8.9,46.2,0.0,0,"Thorp, Kittitas County",330036,Thorp,2017-12-05 20:06:42.782219
2011-04-20,22:00,39.7,,26.9,60.0,0.0,NW@7.4,9.9,46.2,0.0,0,"Thorp, Kittitas County",330036,Thorp,2017-12-05 20:06:42.782219
2011-04-20,22:15,39.7,,26.8,59.5,0.0,NW@8.4,12.1,46.2,0.0,0,"Thorp, Kittitas County",330036,Thorp,2017-12-05 20:06:42.782219
2011-04-20,22:30,39.8,,26.9,59.7,0.0,NW@8.6,12.4,46.2,0.0,0,"Thorp, Kittitas County",330036,Thorp,2017-12-05 20:06:42.782219
2011-04-20,22:45,39.5,,27.3,61.2,0.0,NW@9.8,12.8,46.2,0.0,0,"Thorp, Kittitas County",330036,Thorp,2017-12-05 20:06:42.782219
2011-04-20,23:00,39.2,,27.8,63.3,0.0,NW@8.6,11.4,46.2,0.0,0,"Thorp, Kittitas County",330036,Thorp,2017-12-05 20:06:42.782219
2011-04-21,23:15,38.6,,28.0,65.3,0.0,NW@9.6,12.4,46.2,0.0,0,"Thorp, Kittitas County",330036,Thorp,2017-12-05 20:06:42.782219
2011-04-21,23:30,38.6,,28.0,65.3,0.0,NW@10.1,14.6,46.2,0.0,0,"Thorp, Kittitas County",330036,Thorp,2017-12-05 20:06:42.782219
2011-04-21,23:45,38.5,,28.4,66.9,0.0,NW@11.5,17.8,46.2,0.0,0,"Thorp, Kittitas County",330036,Thorp,2017-12-05 20:06:42.782219
2011-04-21,24:00,38.2,,28.4,67.4,0.0,NW@14.5,20.3,46.2,0.0,0,"Thorp, Kittitas County",330036,Thorp,2017-12-05 20:06:42.782219
2011-04-21,00:15,37.7,,27.6,66.8,0.0,NW@15.5,21.0,46.1,0.0,0,"Thorp, Kittitas County",330036,Thorp,2017-12-05 20:06:42.782219
2011-04-21,00:30,37.0,,27.4,67.7,0.01,NW@14.7,21.0,46.1,0.0,0,"Thorp, Kittitas County",330036,Thorp,2017-12-05 20:06:42.782219
2011-04-21,00:45,37.0,,26.8,66.3,0.0,NW@15.4,19.6,46.1,0.0,0,"Thorp, Kittitas County",330036,Thorp,2017-12-05 20:06:42.782219
2011-04-21,01:00,37.0,,26.1,64.3,0.0,NW@15.8,20.3,46.1,0.0,0,"Thorp, Kittitas County",330036,Thorp,2017-12-05 20:06:42.782219
2011-04-21,01:15,36.8,,26.4,65.7,0.0,NW@16.7,22.8,46.0,0.0,0,"Thorp, Kittitas County",330036,Thorp,2017-12-05 20:06:42.782219
2011-04-21,01:30,36.3,,26.2,66.5,0.0,NW@15.6,20.0,46.0,0.0,0,"Thorp, Kittitas County",330036,Thorp,2017-12-05 20:06:42.782219
2011-04-21,01:45,36.3,,26.4,67.0,0.0,NW@16.7,21.0,46.0,0.0,0,"Thorp, Kittitas County",330036,Thorp,2017-12-05 20:06:42.782219
2011-04-21,02:00,36.3,,26.6,67.3,0.0,NW@15.2,21.0,46.0,0.0,0,"Thorp, Kittitas County",330036,Thorp,2017-12-05 20:06:42.782219
2011-04-21,02:15,36.0,,26.1,67.0,0.0,NW@14.9,20.0,45.9,0.0,0,"Thorp, Kittitas County",330036,Thorp,2017-12-05 20:06:42.782219
2011-04-21,02:30,35.8,,25.6,65.9,0.0,NW@14.3,21.8,45.9,0.0,0,"Thorp, Kittitas County",330036,Thorp,2017-12-05 20:06:42.782219
2011-04-21,02:45,35.7,,25.0,64.8,0.0,NW@15.1,22.1,45.9,0.0,0,"Thorp, Kittitas County",330036,Thorp,2017-12-05 20:06:42.782219
2011-04-21,03:00,35.3,,24.6,64.6,0.0,NW@13.2,18.9,45.8,0.0,0,"Thorp, Kittitas County",330036,Thorp,2017-12-05 20:06:42.782219
2011-04-21,03:15,34.9,,23.5,62.7,0.0,NW@11.2,13.9,45.8,0.0,0,"Thorp, Kittitas County",330036,Thorp,2017-12-05 20:06:42.782219
2011-04-21,03:30,34.5,,22.0,59.9,0.0,NW@10.5,17.1,45.7,0.0,0,"Thorp, Kittitas County",330036,Thorp,2017-12-05 20:06:42.782219
2011-04-21,03:45,35.0,,21.8,58.3,0.0,NW@14.8,23.5,45.7,0.0,0,"Thorp, Kittitas County",330036,Thorp,2017-12-05 20:06:42.782219
2011-04-21,04:00,34.9,,20.8,56.0,0.0,NW@14.7,21.4,45.7,0.0,0,"Thorp, Kittitas County",330036,Thorp,2017-12-05 20:06:42.782219
2011-04-21,04:15,35.0,,20.4,54.7,0.0,NW@14.5,21.8,45.6,0.0,0,"Thorp, Kittitas County",330036,Thorp,2017-12-05 20:06:42.782219
2011-04-21,04:30,34.3,,21.9,60.0,0.0,N@11.1,17.5,45.6,0.0,0,"Thorp, Kittitas County",330036,Thorp,2017-12-05 20:06:42.782219
2011-04-21,04:45,33.0,,22.3,64.5,0.01,N@8.0,12.4,45.5,0.0,1,"Thorp, Kittitas County",330036,Thorp,2017-12-05 20:06:42.782219
2011-04-21,05:00,32.9,,22.5,65.1,0.0,N@10.6,16.4,45.5,0.0,2,"Thorp, Kittitas County",330036,Thorp,2017-12-05 20:06:42.782219
2011-04-21,05:15,32.9,,22.3,64.7,0.0,N@10.1,13.9,45.4,0.0,7,"Thorp, Kittitas County",330036,Thorp,2017-12-05 20:06:42.782219
2011-04-21,05:30,33.5,,21.2,60.3,0.0,NW@11.4,16.4,45.4,0.0,28,"Thorp, Kittitas County",330036,Thorp,2017-12-05 20:06:42.782219
2011-04-21,05:45,34.4,,21.1,58.0,0.0,NW@15.3,21.8,45.3,0.0,68,"Thorp, Kittitas County",330036,Thorp,2017-12-05 20:06:42.782219
2011-04-21,06:00,35.0,,22.9,61.1,0.0,NW@19.4,25.3,45.3,0.0,110,"Thorp, Kittitas County",330036,Thorp,2017-12-05 20:06:42.782219
2011-04-21,06:15,35.0,,24.3,64.7,0.0,NW@18.7,26.0,45.2,0.0,154,"Thorp, Kittitas County",330036,Thorp,2017-12-05 20:06:42.782219
2011-04-21,06:30,35.4,,24.8,65.0,0.0,NW@18.1,22.8,45.2,0.0,201,"Thorp, Kittitas County",330036,Thorp,2017-12-05 20:06:42.782219
2011-04-21,06:45,35.7,,25.3,65.6,0.0,NW@19.3,23.9,45.1,0.0,250,"Thorp, Kittitas County",330036,Thorp,2017-12-05 20:06:42.782219
2011-04-21,07:00,35.5,,26.4,69.1,0.01,NW@19.6,24.6,45.1,0.0,298,"Thorp, Kittitas County",330036,Thorp,2017-12-05 20:06:42.782219
2011-04-21,07:15,36.1,,26.9,68.9,0.01,NW@17.1,27.8,45.0,0.0,345,"Thorp, Kittitas County",330036,Thorp,2017-12-05 20:06:42.782219
2011-04-21,07:30,36.7,,27.3,68.3,0.01,N@15.7,25.3,45.0,0.0,391,"Thorp, Kittitas County",330036,Thorp,2017-12-05 20:06:42.782219
2011-04-21,07:45,37.4,,27.2,66.3,0.0,N@16.2,21.0,44.9,0.0,437,"Thorp, Kittitas County",330036,Thorp,2017-12-05 20:06:42.782219
2011-04-21,08:00,38.7,,26.5,61.3,0.0,NW@15.5,22.5,44.9,0.0,485,"Thorp, Kittitas County",330036,Thorp,2017-12-05 20:06:42.782219
2011-04-21,08:15,39.7,,26.0,57.7,0.0,NW@15.2,21.0,44.8,0.0,536,"Thorp, Kittitas County",330036,Thorp,2017-12-05 20:06:42.782219
2011-04-21,08:30,39.7,,25.2,55.8,0.0,N@17.0,24.3,44.8,0.0,546,"Thorp, Kittitas County",330036,Thorp,2017-12-05 20:06:42.782219
2011-04-21,08:45,40.2,,24.5,53.1,0.0,NW@18.3,25.0,44.7,0.0,614,"Thorp, Kittitas County",330036,Thorp,2017-12-05 20:06:42.782219
2011-04-21,09:00,41.0,,24.2,50.8,0.0,NW@18.2,26.0,44.7,0.0,656,"Thorp, Kittitas County",330036,Thorp,2017-12-05 20:06:42.782219
2011-04-21,09:15,42.1,,22.5,45.4,0.0,NW@18.7,26.4,44.7,0.0,686,"Thorp, Kittitas County",330036,Thorp,2017-12-05 20:06:42.782219
2011-04-21,09:30,42.6,,22.1,43.9,0.0,NW@20.2,28.9,44.6,0.0,716,"Thorp, Kittitas County",330036,Thorp,2017-12-05 20:06:42.782219
2011-04-21,09:45,42.6,,22.0,43.6,0.0,NW@21.5,28.9,44.6,0.0,747,"Thorp, Kittitas County",330036,Thorp,2017-12-05 20:06:42.782219
2011-04-21,10:00,43.6,,20.9,40.0,0.0,NW@23.1,30.7,44.5,0.0,777,"Thorp, Kittitas County",330036,Thorp,2017-12-05 20:06:42.782219
2011-04-21,10:15,44.2,,20.3,38.1,0.0,NW@24.4,32.8,44.5,0.0,798,"Thorp, Kittitas County",330036,Thorp,2017-12-05 20:06:42.782219
2011-04-21,10:30,44.0,,20.6,39.0,0.0,NW@26.7,34.6,44.5,0.0,820,"Thorp, Kittitas County",330036,Thorp,2017-12-05 20:06:42.782219
2011-04-21,10:45,44.3,,21.6,40.1,0.0,NW@24.0,32.5,44.5,0.0,837,"Thorp, Kittitas County",330036,Thorp,2017-12-05 20:06:42.782219
2011-04-21,11:00,44.6,,21.2,39.1,0.0,NW@26.1,33.9,44.5,0.0,851,"Thorp, Kittitas County",330036,Thorp,2017-12-05 20:06:42.782219
2011-04-21,11:15,44.4,,22.8,42.2,0.0,NW@22.6,31.8,44.5,0.0,860,"Thorp, Kittitas County",330036,Thorp,2017-12-05 20:06:42.782219
2011-04-21,11:30,44.8,,23.7,43.0,0.0,NW@22.7,30.7,44.5,0.0,868,"Thorp, Kittitas County",330036,Thorp,2017-12-05 20:06:42.782219
2011-04-21,11:45,45.0,,24.5,44.2,0.0,NW@22.6,33.9,44.5,0.0,869,"Thorp, Kittitas County",330036,Thorp,2017-12-05 20:06:42.782219
2011-04-21,12:00,44.7,,23.6,43.0,0.0,NW@23.3,32.1,44.5,0.0,869,"Thorp, Kittitas County",330036,Thorp,2017-12-05 20:06:42.782219
2011-04-21,12:15,45.7,,23.7,41.6,0.0,NW@23.8,31.4,44.6,0.0,868,"Thorp, Kittitas County",330036,Thorp,2017-12-05 20:06:42.782219
2011-04-21,12:30,45.0,,22.2,40.1,0.0,NW@24.3,36.4,44.6,0.0,649,"Thorp, Kittitas County",330036,Thorp,2017-12-05 20:06:42.782219
2011-04-21,12:45,45.6,,20.6,36.6,0.0,NW@25.4,32.8,44.6,0.0,853,"Thorp, Kittitas County",330036,Thorp,2017-12-05 20:06:42.782219
2011-04-21,13:00,46.3,,21.9,37.6,0.0,NW@24.7,30.7,44.7,0.0,838,"Thorp, Kittitas County",330036,Thorp,2017-12-05 20:06:42.782219
2011-04-21,13:15,46.1,,21.7,37.7,0.0,NW@24.3,40.7,44.7,0.0,821,"Thorp, Kittitas County",330036,Thorp,2017-12-05 20:06:42.782219
2011-04-21,13:30,46.8,,22.4,37.8,0.0,NW@23.8,31.8,44.8,0.0,799,"Thorp, Kittitas County",330036,Thorp,2017-12-05 20:06:42.782219
2011-04-21,13:45,47.2,,22.6,37.6,0.0,NW@23.5,30.7,44.8,0.0,778,"Thorp, Kittitas County",330036,Thorp,2017-12-05 20:06:42.782219
2011-04-21,14:00,47.0,,23.4,39.0,0.0,NW@22.4,31.8,44.9,0.0,662,"Thorp, Kittitas County",330036,Thorp,2017-12-05 20:06:42.782219
2011-04-21,14:15,45.9,,22.8,39.7,0.0,NW@24.0,35.7,45.0,0.0,587,"Thorp, Kittitas County",330036,Thorp,2017-12-05 20:06:42.782219
2011-04-21,14:30,46.2,,23.5,40.4,0.0,NW@23.9,33.2,45.1,0.0,689,"Thorp, Kittitas County",330036,Thorp,2017-12-05 20:06:42.782219
2011-04-21,14:45,45.8,,23.7,41.4,0.0,NW@26.4,34.6,45.1,0.0,659,"Thorp, Kittitas County",330036,Thorp,2017-12-05 20:06:42.782219
2011-04-21,15:00,45.9,,25.0,43.6,0.0,NW@26.3,34.3,45.2,0.0,617,"Thorp, Kittitas County",330036,Thorp,2017-12-05 20:06:42.782219
2011-04-21,15:15,45.8,,24.7,43.2,0.0,NW@24.8,35.7,45.3,0.0,581,"Thorp, Kittitas County",330036,Thorp,2017-12-05 20:06:42.782219
2011-04-21,15:30,45.6,,24.8,43.8,0.0,NW@21.8,33.6,45.4,0.0,541,"Thorp, Kittitas County",330036,Thorp,2017-12-05 20:06:42.782219
2011-04-21,15:45,45.5,,24.6,43.4,0.0,NW@22.0,29.6,45.4,0.0,505,"Thorp, Kittitas County",330036,Thorp,2017-12-05 20:06:42.782219
2011-04-21,16:00,45.8,,24.2,42.3,0.0,NW@23.6,31.4,45.5,0.0,465,"Thorp, Kittitas County",330036,Thorp,2017-12-05 20:06:42.782219
2011-04-21,16:15,45.4,,24.2,42.9,0.0,NW@25.9,35.0,45.6,0.0,418,"Thorp, Kittitas County",330036,Thorp,2017-12-05 20:06:42.782219
2011-04-21,16:30,45.2,,25.5,45.8,0.0,NW@23.9,32.5,45.7,0.0,370,"Thorp, Kittitas County",330036,Thorp,2017-12-05 20:06:42.782219
2011-04-21,16:45,44.5,,25.8,47.5,0.0,NW@24.7,31.8,45.8,0.0,324,"Thorp, Kittitas County",330036,Thorp,2017-12-05 20:06:42.782219
2011-04-21,17:00,44.2,,26.0,48.5,0.0,NW@24.2,31.1,45.8,0.0,276,"Thorp, Kittitas County",330036,Thorp,2017-12-05 20:06:42.782219
2011-04-21,17:15,43.5,,26.7,51.3,0.0,NW@23.9,35.0,45.9,0.0,233,"Thorp, Kittitas County",330036,Thorp,2017-12-05 20:06:42.782219
2011-04-21,17:30,43.3,,26.0,50.2,0.0,NW@22.9,30.7,46.0,0.0,192,"Thorp, Kittitas County",330036,Thorp,2017-12-05 20:06:42.782219
2011-04-21,17:45,43.0,,25.5,49.8,0.0,NW@25.2,34.3,46.0,0.0,146,"Thorp, Kittitas County",330036,Thorp,2017-12-05 20:06:42.782219
2011-04-21,18:00,41.9,,27.3,55.9,0.0,NW@22.2,33.2,46.1,0.0,94,"Thorp, Kittitas County",330036,Thorp,2017-12-05 20:06:42.782219
2011-04-21,18:15,41.1,,27.7,58.6,0.0,NW@17.8,25.0,46.2,0.0,52,"Thorp, Kittitas County",330036,Thorp,2017-12-05 20:06:42.782219
2011-04-21,18:30,40.5,,28.0,60.7,0.0,NW@16.1,23.9,46.2,0.0,23,"Thorp, Kittitas County",330036,Thorp,2017-12-05 20:06:42.782219
2011-04-21,18:45,39.5,,28.6,64.6,0.01,NW@14.5,20.7,46.3,0.0,16,"Thorp, Kittitas County",330036,Thorp,2017-12-05 20:06:42.782219
2011-04-21,19:00,39.2,,27.3,62.2,0.0,NW@14.2,19.2,46.3,0.0,8,"Thorp, Kittitas County",330036,Thorp,2017-12-05 20:06:42.782219
2011-04-21,19:15,39.3,,27.6,62.3,0.0,NW@17.3,26.0,46.3,0.0,2,"Thorp, Kittitas County",330036,Thorp,2017-12-05 20:06:42.782219
2011-04-21,19:30,38.7,,28.6,66.6,0.01,NW@19.4,26.0,46.4,0.0,0,"Thorp, Kittitas County",330036,Thorp,2017-12-05 20:06:42.782219
2011-04-21,19:45,38.1,,29.0,69.4,0.01,NW@21.1,26.8,46.4,0.0,0,"Thorp, Kittitas County",330036,Thorp,2017-12-05 20:06:42.782219
2011-04-21,20:00,38.6,,28.8,67.7,0.01,NW@21.7,29.3,46.4,0.0,0,"Thorp, Kittitas County",330036,Thorp,2017-12-05 20:06:42.782219
2011-04-21,20:15,38.5,,29.1,68.7,0.01,NW@22.6,31.1,46.4,0.0,0,"Thorp, Kittitas County",330036,Thorp,2017-12-05 20:06:42.782219
2011-04-21,20:30,38.1,,29.5,71.0,0.01,NW@18.1,25.7,46.4,0.0,0,"Thorp, Kittitas County",330036,Thorp,2017-12-05 20:06:42.782219
2011-04-21,20:45,37.7,,29.7,72.6,0.01,NW@18.2,23.9,46.4,0.0,0,"Thorp, Kittitas County",330036,Thorp,2017-12-05 20:06:42.782219
2011-04-21,21:00,37.0,,29.9,75.4,0.03,NW@15.4,19.6,46.4,0.0,0,"Thorp, Kittitas County",330036,Thorp,2017-12-05 20:06:42.782219
2011-04-21,21:15,36.8,,30.2,76.7,0.16,NW@17.8,23.9,46.4,0.0,0,"Thorp, Kittitas County",330036,Thorp,2017-12-05 20:06:42.782219
2011-04-21,21:30,36.9,,30.4,77.2,0.07,NW@19.6,26.0,46.4,0.0,0,"Thorp, Kittitas County",330036,Thorp,2017-12-05 20:06:42.782219
2011-04-21,21:45,37.2,,29.5,73.6,0.01,NW@21.5,26.8,46.4,0.0,0,"Thorp, Kittitas County",330036,Thorp,2017-12-05 20:06:42.782219
2011-04-21,22:00,36.8,,29.0,72.9,0.01,NW@21.7,27.5,46.4,0.0,0,"Thorp, Kittitas County",330036,Thorp,2017-12-05 20:06:42.782219
2011-04-21,22:15,36.9,,28.5,71.3,0.01,NW@22.3,29.6,46.4,0.0,0,"Thorp, Kittitas County",330036,Thorp,2017-12-05 20:06:42.782219
2011-04-21,22:30,36.9,,28.0,70.0,0.01,NW@14.3,22.5,46.3,0.0,0,"Thorp, Kittitas County",330036,Thorp,2017-12-05 20:06:42.782219
2011-04-21,22:45,36.3,,27.7,70.6,0.01,NW@12.3,15.0,46.3,0.0,0,"Thorp, Kittitas County",330036,Thorp,2017-12-05 20:06:42.782219
2011-04-21,23:00,36.1,,27.2,69.7,0.01,NW@10.0,14.6,46.3,0.0,0,"Thorp, Kittitas County",330036,Thorp,2017-12-05 20:06:42.782219
2011-04-22,23:15,36.1,,26.9,68.9,0.01,NW@11.8,15.3,46.2,0.0,0,"Thorp, Kittitas County",330036,Thorp,2017-12-05 20:06:42.782219
2011-04-22,23:30,35.9,,26.6,68.6,0.01,NW@14.4,19.6,46.2,0.0,0,"Thorp, Kittitas County",330036,Thorp,2017-12-05 20:06:42.782219
2011-04-22,23:45,35.8,,26.4,68.3,0.01,NW@13.6,18.5,46.2,0.0,0,"Thorp, Kittitas County",330036,Thorp,2017-12-05 20:06:42.782219
2011-04-22,24:00,35.9,,25.9,66.6,0.01,NW@13.4,18.2,46.1,0.0,0,"Thorp, Kittitas County",330036,Thorp,2017-12-05 20:06:42.782219
2011-04-22,00:15,36.3,,25.5,64.7,0.0,NW@14.2,20.0,46.1,0.0,0,"Thorp, Kittitas County",330036,Thorp,2017-12-05 20:06:42.782219
2011-04-22,00:30,36.1,,25.4,64.8,0.0,NW@14.3,18.2,46.0,0.0,0,"Thorp, Kittitas County",330036,Thorp,2017-12-05 20:06:42.782219
2011-04-22,00:45,36.2,,25.3,64.2,0.0,NW@13.5,19.2,46.0,0.0,0,"Thorp, Kittitas County",330036,Thorp,2017-12-05 20:06:42.782219
2011-04-22,01:00,36.1,,25.1,63.8,0.0,NW@13.3,20.0,45.9,0.0,0,"Thorp, Kittitas County",330036,Thorp,2017-12-05 20:06:42.782219
2011-04-22,01:15,36.6,,25.5,63.7,0.0,NW@14.3,20.0,45.9,0.0,0,"Thorp, Kittitas County",330036,Thorp,2017-12-05 20:06:42.782219
2011-04-22,01:30,35.9,,25.6,65.8,0.01,NW@11.2,16.0,45.8,0.0,0,"Thorp, Kittitas County",330036,Thorp,2017-12-05 20:06:42.782219
2011-04-22,01:45,35.6,,25.4,66.0,0.01,NW@11.7,16.7,45.8,0.0,0,"Thorp, Kittitas County",330036,Thorp,2017-12-05 20:06:42.782219
2011-04-22,02:00,36.8,,24.9,61.7,0.0,NW@16.6,22.8,45.7,0.0,0,"Thorp, Kittitas County",330036,Thorp,2017-12-05 20:06:42.782219
2011-04-22,02:15,36.7,,24.6,61.0,0.0,NW@14.9,21.0,45.7,0.0,0,"Thorp, Kittitas County",330036,Thorp,2017-12-05 20:06:42.782219
2011-04-22,02:30,35.7,,24.5,63.5,0.0,NW@10.5,15.7,45.6,0.0,0,"Thorp, Kittitas County",330036,Thorp,2017-12-05 20:06:42.782219
2011-04-22,02:45,34.9,,25.9,69.4,0.01,N@10.8,14.6,45.6,0.0,0,"Thorp, Kittitas County",330036,Thorp,2017-12-05 20:06:42.782219
2011-04-22,03:00,35.0,,25.9,69.3,0.01,NW@11.3,15.0,45.5,0.0,0,"Thorp, Kittitas County",330036,Thorp,2017-12-05 20:06:42.782219
2011-04-22,03:15,35.0,,25.8,68.8,0.01,NW@10.7,14.2,45.5,0.0,0,"Thorp, Kittitas County",330036,Thorp,2017-12-05 20:06:42.782219
2011-04-22,03:30,34.9,,25.9,69.3,0.01,NW@10.6,13.9,45.4,0.0,0,"Thorp, Kittitas County",330036,Thorp,2017-12-05 20:06:42.782219
2011-04-22,03:45,34.5,,26.0,70.8,0.01,NW@11.3,14.6,45.4,0.0,0,"Thorp, Kittitas County",330036,Thorp,2017-12-05 20:06:42.782219
2011-04-22,04:00,34.0,,26.0,72.2,0.01,NW@10.8,14.6,45.3,0.0,0,"Thorp, Kittitas County",330036,Thorp,2017-12-05 20:06:42.782219
2011-04-22,04:15,33.8,,25.9,72.4,0.01,N@11.9,16.0,45.3,0.0,0,"Thorp, Kittitas County",330036,Thorp,2017-12-05 20:06:42.782219
2011-04-22,04:30,33.5,,25.5,72.3,0.01,N@11.2,15.7,45.2,0.0,0,"Thorp, Kittitas County",330036,Thorp,2017-12-05 20:06:42.782219
2011-04-22,04:45,33.2,,25.6,73.3,0.01,N@11.1,15.7,45.2,0.0,1,"Thorp, Kittitas County",330036,Thorp,2017-12-05 20:06:42.782219
2011-04-22,05:00,33.1,,25.8,74.3,0.01,N@12.0,16.4,45.1,0.0,2,"Thorp, Kittitas County",330036,Thorp,2017-12-05 20:06:42.782219
2011-04-22,05:15,33.0,,25.8,74.7,0.01,N@11.8,16.4,45.1,0.0,9,"Thorp, Kittitas County",330036,Thorp,2017-12-05 20:06:42.782219
2011-04-22,05:30,32.9,,25.7,74.6,0.01,NW@11.5,15.0,45.0,0.0,33,"Thorp, Kittitas County",330036,Thorp,2017-12-05 20:06:42.782219
2011-04-22,05:45,33.3,,25.7,73.4,0.01,N@11.1,15.3,45.0,0.0,70,"Thorp, Kittitas County",330036,Thorp,2017-12-05 20:06:42.782219
2011-04-22,06:00,33.9,,25.9,72.2,0.01,N@11.6,16.0,44.9,0.0,109,"Thorp, Kittitas County",330036,Thorp,2017-12-05 20:06:42.782219
2011-04-22,06:15,34.8,,26.0,69.8,0.01,NW@12.1,16.4,44.9,0.0,155,"Thorp, Kittitas County",330036,Thorp,2017-12-05 20:06:42.782219
2011-04-22,06:30,35.8,,26.1,67.7,0.01,NW@12.5,16.7,44.8,0.0,202,"Thorp, Kittitas County",330036,Thorp,2017-12-05 20:06:42.782219
2011-04-22,06:45,36.6,,26.1,65.6,0.0,NW@13.0,17.5,44.8,0.0,249,"Thorp, Kittitas County",330036,Thorp,2017-12-05 20:06:42.782219
2011-04-22,07:00,37.3,,26.3,64.1,0.0,N@13.0,16.4,44.7,0.0,295,"Thorp, Kittitas County",330036,Thorp,2017-12-05 20:06:42.782219
2011-04-22,07:15,38.1,,26.4,62.4,0.0,N@12.9,17.1,44.7,0.0,343,"Thorp, Kittitas County",330036,Thorp,2017-12-05 20:06:42.782219
2011-04-22,07:30,39.2,,26.3,59.7,0.0,NW@13.0,17.8,44.6,0.0,390,"Thorp, Kittitas County",330036,Thorp,2017-12-05 20:06:42.782219
2011-04-22,07:45,40.0,,25.9,56.8,0.0,NW@12.2,16.7,44.6,0.0,437,"Thorp, Kittitas County",330036,Thorp,2017-12-05 20:06:42.782219
2011-04-22,08:00,41.1,,25.7,53.8,0.0,NW@12.7,18.2,44.5,0.0,482,"Thorp, Kittitas County",330036,Thorp,2017-12-05 20:06:42.782219
2011-04-22,08:15,42.2,,25.5,51.3,0.0,NW@11.0,15.7,44.5,0.0,525,"Thorp, Kittitas County",330036,Thorp,2017-12-05 20:06:42.782219
2011-04-22,08:30,42.5,,24.1,47.7,0.0,NW@11.9,15.3,44.4,0.0,566,"Thorp, Kittitas County",330036,Thorp,2017-12-05 20:06:42.782219
2011-04-22,08:45,43.2,,25.1,48.4,0.0,NW@10.2,14.6,44.4,0.0,606,"Thorp, Kittitas County",330036,Thorp,2017-12-05 20:06:42.782219
2011-04-22,09:00,43.5,,24.4,46.7,0.0,NW@10.7,14.2,44.3,0.0,644,"Thorp, Kittitas County",330036,Thorp,2017-12-05 20:06:42.782219
2011-04-22,09:15,45.0,,23.6,42.7,0.0,NW@9.1,12.8,44.3,0.0,678,"Thorp, Kittitas County",330036,Thorp,2017-12-05 20:06:42.782219
2011-04-22,09:30,45.8,,22.1,38.7,0.0,N@5.2,10.3,44.3,0.0,711,"Thorp, Kittitas County",330036,Thorp,2017-12-05 20:06:42.782219
2011-04-22,09:45,47.1,,20.9,35.0,0.0,N@3.6,6.4,44.2,0.0,741,"Thorp, Kittitas County",330036,Thorp,2017-12-05 20:06:42.782219
2011-04-22,10:00,48.3,,21.3,34.1,0.0,SE@3.6,6.7,44.2,0.0,767,"Thorp, Kittitas County",330036,Thorp,2017-12-05 20:06:42.782219
2011-04-22,10:15,48.6,,21.5,33.9,0.0,SE@5.7,11.0,44.2,0.0,789,"Thorp, Kittitas County",330036,Thorp,2017-12-05 20:06:42.782219
2011-04-22,10:30,48.2,,18.8,30.8,0.0,S@7.0,12.1,44.2,0.0,809,"Thorp, Kittitas County",330036,Thorp,2017-12-05 20:06:42.782219
2011-04-22,10:45,48.9,,19.1,30.3,0.0,S@6.3,9.9,44.2,0.0,826,"Thorp, Kittitas County",330036,Thorp,2017-12-05 20:06:42.782219
2011-04-22,11:00,49.7,,19.9,30.5,0.0,SE@7.1,11.0,44.2,0.0,842,"Thorp, Kittitas County",330036,Thorp,2017-12-05 20:06:42.782219
2011-04-22,11:15,50.0,,20.6,31.1,0.0,SE@7.8,12.8,44.2,0.0,852,"Thorp, Kittitas County",330036,Thorp,2017-12-05 20:06:42.782219
2011-04-22,11:30,50.4,,20.4,30.4,0.0,S@6.9,11.4,44.2,0.0,860,"Thorp, Kittitas County",330036,Thorp,2017-12-05 20:06:42.782219
2011-04-22,11:45,50.9,,20.2,29.5,0.0,SE@6.8,12.1,44.3,0.0,865,"Thorp, Kittitas County",330036,Thorp,2017-12-05 20:06:42.782219
2011-04-22,12:00,51.4,,20.0,28.7,0.0,SE@6.6,11.0,44.3,0.0,865,"Thorp, Kittitas County",330036,Thorp,2017-12-05 20:06:42.782219
2011-04-22,12:15,51.6,,17.4,25.5,0.0,SE@4.8,13.2,44.4,0.0,863,"Thorp, Kittitas County",330036,Thorp,2017-12-05 20:06:42.782219
2011-04-22,12:30,52.3,,19.3,27.0,0.0,SE@5.7,9.9,44.4,0.0,857,"Thorp, Kittitas County",330036,Thorp,2017-12-05 20:06:42.782219
2011-04-22,12:45,53.1,,19.5,26.4,0.0,SE@5.0,9.6,44.5,0.0,849,"Thorp, Kittitas County",330036,Thorp,2017-12-05 20:06:42.782219
2011-04-22,13:00,52.9,,18.5,25.5,0.0,S@6.2,13.5,44.6,0.0,834,"Thorp, Kittitas County",330036,Thorp,2017-12-05 20:06:42.782219
2011-04-22,13:15,53.0,,17.7,24.6,0.0,S@5.6,10.7,44.7,0.0,819,"Thorp, Kittitas County",330036,Thorp,2017-12-05 20:06:42.782219
2011-04-22,13:30,53.7,,20.9,27.4,0.0,SE@7.0,13.2,44.8,0.0,797,"Thorp, Kittitas County",330036,Thorp,2017-12-05 20:06:42.782219
2011-04-22,13:45,53.9,,18.6,24.6,0.0,S@6.8,13.5,44.9,0.0,774,"Thorp, Kittitas County",330036,Thorp,2017-12-05 20:06:42.782219
2011-04-22,14:00,53.7,,18.8,25.0,0.0,SE@7.9,13.5,45.0,0.0,748,"Thorp, Kittitas County",330036,Thorp,2017-12-05 20:06:42.782219
2011-04-22,14:15,53.7,,18.5,24.8,0.0,SE@7.0,12.4,45.2,0.0,720,"Thorp, Kittitas County",330036,Thorp,2017-12-05 20:06:42.782219
2011-04-22,14:30,54.1,,18.5,24.4,0.0,E@5.7,12.1,45.3,0.0,690,"Thorp, Kittitas County",330036,Thorp,2017-12-05 20:06:42.782219
2011-04-22,14:45,54.5,,19.5,25.1,0.0,S@5.5,11.0,45.4,0.0,658,"Thorp, Kittitas County",330036,Thorp,2017-12-05 20:06:42.782219
2011-04-22,15:00,54.7,,21.8,27.4,0.0,SE@6.2,11.0,45.6,0.0,622,"Thorp, Kittitas County",330036,Thorp,2017-12-05 20:06:42.782219
2011-04-22,15:15,54.5,,21.4,27.2,0.0,E@6.2,12.4,45.7,0.0,582,"Thorp, Kittitas County",330036,Thorp,2017-12-05 20:06:42.782219
2011-04-22,15:30,54.5,,22.3,28.3,0.0,E@6.3,9.9,45.9,0.0,543,"Thorp, Kittitas County",330036,Thorp,2017-12-05 20:06:42.782219
2011-04-22,15:45,54.6,,21.7,27.4,0.0,E@5.3,10.3,46.0,0.0,498,"Thorp, Kittitas County",330036,Thorp,2017-12-05 20:06:42.782219
2011-04-22,16:00,54.9,,22.9,28.6,0.0,SE@6.7,12.8,46.2,0.0,456,"Thorp, Kittitas County",330036,Thorp,2017-12-05 20:06:42.782219
2011-04-22,16:15,54.7,,23.0,28.8,0.0,SE@6.9,11.7,46.3,0.0,414,"Thorp, Kittitas County",330036,Thorp,2017-12-05 20:06:42.782219
2011-04-22,16:30,54.4,,21.2,27.1,0.0,SE@6.7,11.0,46.5,0.0,368,"Thorp, Kittitas County",330036,Thorp,2017-12-05 20:06:42.782219
2011-04-22,16:45,54.6,,22.4,28.2,0.0,SE@6.6,12.4,46.7,0.0,324,"Thorp, Kittitas County",330036,Thorp,2017-12-05 20:06:42.782219
2011-04-22,17:00,53.7,,22.1,28.8,0.0,SE@7.3,11.7,46.8,0.0,278,"Thorp, Kittitas County",330036,Thorp,2017-12-05 20:06:42.782219
2011-04-22,17:15,53.5,,21.2,27.9,0.0,S@7.5,12.1,47.0,0.0,234,"Thorp, Kittitas County",330036,Thorp,2017-12-05 20:06:42.782219
2011-04-22,17:30,53.0,,22.5,30.0,0.0,SE@6.6,11.4,47.1,0.0,192,"Thorp, Kittitas County",330036,Thorp,2017-12-05 20:06:42.782219
2011-04-22,17:45,52.3,,21.6,29.7,0.0,SE@6.8,9.2,47.3,0.0,151,"Thorp, Kittitas County",330036,Thorp,2017-12-05 20:06:42.782219
2011-04-22,18:00,51.3,,22.7,32.4,0.0,S@6.4,9.6,47.4,0.0,114,"Thorp, Kittitas County",330036,Thorp,2017-12-05 20:06:42.782219
2011-04-22,18:15,49.0,,25.4,39.3,0.0,S@5.8,8.2,47.5,0.0,80,"Thorp, Kittitas County",330036,Thorp,2017-12-05 20:06:42.782219
2011-04-22,18:30,47.6,,24.4,39.9,0.0,SW@5.0,6.0,47.6,0.0,52,"Thorp, Kittitas County",330036,Thorp,2017-12-05 20:06:42.782219
2011-04-22,18:45,46.0,,23.3,40.5,0.0,S@4.8,5.7,47.8,0.0,27,"Thorp, Kittitas County",330036,Thorp,2017-12-05 20:06:42.782219
2011-04-22,19:00,43.7,,22.7,42.9,0.0,SW@5.4,6.4,47.9,0.0,10,"Thorp, Kittitas County",330036,Thorp,2017-12-05 20:06:42.782219
2011-04-22,19:15,42.5,,21.4,42.7,0.0,SW@4.8,6.4,48.0,0.0,3,"Thorp, Kittitas County",330036,Thorp,2017-12-05 20:06:42.782219
2011-04-22,19:30,41.8,,20.7,42.6,0.0,NW@3.6,4.9,48.0,0.0,0,"Thorp, Kittitas County",330036,Thorp,2017-12-05 20:06:42.782219
2011-04-22,19:45,42.9,,20.0,39.6,0.0,N@2.8,4.9,48.1,0.0,0,"Thorp, Kittitas County",330036,Thorp,2017-12-05 20:06:42.782219
2011-04-22,20:00,41.7,,20.4,42.1,0.0,SE@1.8,3.1,48.2,0.0,0,"Thorp, Kittitas County",330036,Thorp,2017-12-05 20:06:42.782219
2011-04-22,20:15,43.8,,19.3,37.1,0.0,E@3.1,5.3,48.3,0.0,0,"Thorp, Kittitas County",330036,Thorp,2017-12-05 20:06:42.782219
2011-04-22,20:30,42.1,,20.0,40.8,0.0,W@1.0,4.6,48.3,0.0,0,"Thorp, Kittitas County",330036,Thorp,2017-12-05 20:06:42.782219
2011-04-22,20:45,40.1,,20.6,45.3,0.0,W@3.6,5.3,48.4,0.0,0,"Thorp, Kittitas County",330036,Thorp,2017-12-05 20:06:42.782219
2011-04-22,21:00,38.2,,20.5,48.6,0.0,W@5.9,8.5,48.4,0.0,0,"Thorp, Kittitas County",330036,Thorp,2017-12-05 20:06:42.782219
2011-04-22,21:15,37.8,,19.9,48.0,0.0,W@6.5,8.2,48.4,0.0,0,"Thorp, Kittitas County",330036,Thorp,2017-12-05 20:06:42.782219
2011-04-22,21:30,36.4,,19.6,50.1,0.0,W@6.4,8.2,48.4,0.0,0,"Thorp, Kittitas County",330036,Thorp,2017-12-05 20:06:42.782219
2011-04-22,21:45,35.9,,19.3,50.6,0.0,W@7.3,9.6,48.4,0.0,0,"Thorp, Kittitas County",330036,Thorp,2017-12-05 20:06:42.782219
2011-04-22,22:00,35.7,,19.4,51.1,0.0,W@7.0,9.2,48.4,0.0,0,"Thorp, Kittitas County",330036,Thorp,2017-12-05 20:06:42.782219
2011-04-22,22:15,34.2,,19.6,54.8,0.0,NW@7.5,9.6,48.4,0.0,0,"Thorp, Kittitas County",330036,Thorp,2017-12-05 20:06:42.782219
2011-04-22,22:30,33.9,,19.3,54.6,0.0,NW@8.3,11.0,48.4,0.0,0,"Thorp, Kittitas County",330036,Thorp,2017-12-05 20:06:42.782219
2011-04-22,22:45,34.0,,19.2,54.2,0.0,NW@8.4,10.3,48.4,0.0,0,"Thorp, Kittitas County",330036,Thorp,2017-12-05 20:06:42.782219
2011-04-22,23:00,33.3,,19.3,56.2,0.0,NW@8.1,9.6,48.4,0.0,0,"Thorp, Kittitas County",330036,Thorp,2017-12-05 20:06:42.782219
2011-04-23,23:15,33.1,,19.3,56.5,0.0,NW@7.2,9.6,48.3,0.0,0,"Thorp, Kittitas County",330036,Thorp,2017-12-05 20:06:42.782219
2011-04-23,23:30,33.1,,19.1,56.0,0.0,NW@6.3,8.2,48.3,0.0,0,"Thorp, Kittitas County",330036,Thorp,2017-12-05 20:06:42.782219
2011-04-23,23:45,33.5,,18.9,54.5,0.0,NW@7.3,8.9,48.3,0.0,0,"Thorp, Kittitas County",330036,Thorp,2017-12-05 20:06:42.782219
2011-04-23,24:00,33.7,,18.9,54.2,0.0,NW@7.2,8.9,48.2,0.0,0,"Thorp, Kittitas County",330036,Thorp,2017-12-05 20:06:42.782219
2011-04-23,00:15,33.4,,19.0,55.1,0.0,NW@7.1,9.2,48.2,0.0,0,"Thorp, Kittitas County",330036,Thorp,2017-12-05 20:06:42.782219
2011-04-23,00:30,34.1,,18.9,53.3,0.0,NW@8.3,11.7,48.1,0.0,0,"Thorp, Kittitas County",330036,Thorp,2017-12-05 20:06:42.782219
2011-04-23,00:45,35.0,,18.8,51.3,0.0,NW@9.5,13.2,48.1,0.0,0,"Thorp, Kittitas County",330036,Thorp,2017-12-05 20:06:42.782219
2011-04-23,01:00,33.4,,19.2,55.5,0.0,NW@6.4,9.2,48.0,0.0,0,"Thorp, Kittitas County",330036,Thorp,2017-12-05 20:06:42.782219
2011-04-23,01:15,32.1,,19.7,59.7,0.0,NW@6.9,8.9,48.0,0.0,0,"Thorp, Kittitas County",330036,Thorp,2017-12-05 20:06:42.782219
2011-04-23,01:30,31.4,,20.3,63.4,0.01,NW@7.2,8.5,47.9,0.0,0,"Thorp, Kittitas County",330036,Thorp,2017-12-05 20:06:42.782219
2011-04-23,01:45,31.3,,20.2,63.6,0.01,NW@6.2,7.4,47.8,0.0,0,"Thorp, Kittitas County",330036,Thorp,2017-12-05 20:06:42.782219
2011-04-23,02:00,31.0,,19.9,63.7,0.01,NW@5.7,7.8,47.8,0.0,0,"Thorp, Kittitas County",330036,Thorp,2017-12-05 20:06:42.782219
2011-04-23,02:15,30.3,,19.5,64.6,0.01,NW@5.3,6.7,47.7,0.0,0,"Thorp, Kittitas County",330036,Thorp,2017-12-05 20:06:42.782219
2011-04-23,02:30,29.9,,19.0,64.4,0.01,NW@5.7,7.1,47.6,0.0,0,"Thorp, Kittitas County",330036,Thorp,2017-12-05 20:06:42.782219
2011-04-23,02:45,29.5,,19.2,66.4,0.01,NW@5.4,6.4,47.6,0.0,0,"Thorp, Kittitas County",330036,Thorp,2017-12-05 20:06:42.782219
2011-04-23,03:00,29.0,,19.5,68.9,0.01,NW@6.1,7.1,47.5,0.0,0,"Thorp, Kittitas County",330036,Thorp,2017-12-05 20:06:42.782219
2011-04-23,03:15,28.8,,19.8,70.2,0.01,NW@6.1,7.8,47.4,0.0,0,"Thorp, Kittitas County",330036,Thorp,2017-12-05 20:06:42.782219
2011-04-23,03:30,29.6,,20.0,68.5,0.01,NW@6.7,8.5,47.4,0.0,0,"Thorp, Kittitas County",330036,Thorp,2017-12-05 20:06:42.782219
2011-04-23,03:45,28.7,,19.6,70.0,0.01,NW@5.3,7.1,47.3,0.0,0,"Thorp, Kittitas County",330036,Thorp,2017-12-05 20:06:42.782219
2011-04-23,04:00,28.5,,19.5,70.4,0.01,NW@5.8,7.8,47.2,0.0,0,"Thorp, Kittitas County",330036,Thorp,2017-12-05 20:06:42.782219
2011-04-23,04:15,28.8,,19.8,70.3,0.01,NW@7.3,9.2,47.1,0.0,0,"Thorp, Kittitas County",330036,Thorp,2017-12-05 20:06:42.782219
2011-04-23,04:30,29.3,,19.9,68.7,0.01,NW@6.7,9.2,47.1,0.0,0,"Thorp, Kittitas County",330036,Thorp,2017-12-05 20:06:42.782219
2011-04-23,04:45,29.2,,19.6,68.5,0.01,NW@7.4,10.3,47.0,0.0,0,"Thorp, Kittitas County",330036,Thorp,2017-12-05 20:06:42.782219
2011-04-23,05:00,28.9,,19.7,69.7,0.01,NW@8.2,9.9,46.9,0.0,2,"Thorp, Kittitas County",330036,Thorp,2017-12-05 20:06:42.782219
2011-04-23,05:15,28.7,,19.7,70.5,0.01,NW@7.7,10.3,46.8,0.0,9,"Thorp, Kittitas County",330036,Thorp,2017-12-05 20:06:42.782219
2011-04-23,05:30,29.4,,20.0,68.8,0.01,NW@7.7,10.3,46.8,0.0,36,"Thorp, Kittitas County",330036,Thorp,2017-12-05 20:06:42.782219
2011-04-23,05:45,30.2,,20.4,67.6,0.01,NW@7.7,11.0,46.7,0.0,74,"Thorp, Kittitas County",330036,Thorp,2017-12-05 20:06:42.782219
2011-04-23,06:00,31.1,,20.9,66.1,0.01,NW@9.0,11.7,46.6,0.0,114,"Thorp, Kittitas County",330036,Thorp,2017-12-05 20:06:42.782219
2011-04-23,06:15,32.2,,21.7,64.8,0.01,NW@7.7,9.6,46.5,0.0,158,"Thorp, Kittitas County",330036,Thorp,2017-12-05 20:06:42.782219
2011-04-23,06:30,33.7,,22.5,63.1,0.01,N@4.6,6.4,46.5,0.0,204,"Thorp, Kittitas County",330036,Thorp,2017-12-05 20:06:42.782219
2011-04-23,06:45,34.4,,22.4,61.2,0.01,N@4.0,5.3,46.4,0.0,251,"Thorp, Kittitas County",330036,Thorp,2017-12-05 20:06:42.782219
2011-04-23,07:00,35.6,,22.9,59.4,0.0,N@3.3,4.6,46.3,0.0,299,"Thorp, Kittitas County",330036,Thorp,2017-12-05 20:06:42.782219
2011-04-23,07:15,36.7,,23.1,57.5,0.0,N@2.9,4.9,46.2,0.0,345,"Thorp, Kittitas County",330036,Thorp,2017-12-05 20:06:42.782219
2011-04-23,07:30,38.4,,24.2,56.4,0.0,NE@2.0,4.2,46.1,0.0,392,"Thorp, Kittitas County",330036,Thorp,2017-12-05 20:06:42.782219
2011-04-23,07:45,38.8,,24.8,57.0,0.0,E@2.9,4.6,46.1,0.0,440,"Thorp, Kittitas County",330036,Thorp,2017-12-05 20:06:42.782219
2011-04-23,08:00,40.3,,24.7,53.4,0.0,NE@2.3,3.9,46.0,0.0,486,"Thorp, Kittitas County",330036,Thorp,2017-12-05 20:06:42.782219
2011-04-23,08:15,41.5,,23.7,48.9,0.0,NW@1.8,4.2,45.9,0.0,529,"Thorp, Kittitas County",330036,Thorp,2017-12-05 20:06:42.782219
2011-04-23,08:30,42.9,,24.0,46.8,0.0,N@1.7,3.9,45.9,0.0,571,"Thorp, Kittitas County",330036,Thorp,2017-12-05 20:06:42.782219
2011-04-23,08:45,44.8,,24.1,43.7,0.0,NE@1.8,6.7,45.8,0.0,611,"Thorp, Kittitas County",330036,Thorp,2017-12-05 20:06:42.782219
2011-04-23,09:00,46.1,,24.9,43.1,0.0,SE@3.2,6.0,45.7,0.0,647,"Thorp, Kittitas County",330036,Thorp,2017-12-05 20:06:42.782219
2011-04-23,09:15,46.8,,25.4,42.8,0.0,SE@3.9,7.1,45.7,0.0,680,"Thorp, Kittitas County",330036,Thorp,2017-12-05 20:06:42.782219
2011-04-23,09:30,48.2,,26.7,42.9,0.0,SE@3.9,6.7,45.6,0.0,712,"Thorp, Kittitas County",330036,Thorp,2017-12-05 20:06:42.782219
2011-04-23,09:45,48.7,,27.3,43.1,0.0,SE@5.8,11.7,45.6,0.0,740,"Thorp, Kittitas County",330036,Thorp,2017-12-05 20:06:42.782219
2011-04-23,10:00,49.2,,27.5,42.7,0.0,SE@6.4,9.9,45.6,0.0,767,"Thorp, Kittitas County",330036,Thorp,2017-12-05 20:06:42.782219
2011-04-23,10:15,50.1,,28.4,42.8,0.0,SE@6.4,10.3,45.5,0.0,790,"Thorp, Kittitas County",330036,Thorp,2017-12-05 20:06:42.782219
2011-04-23,10:30,51.5,,28.9,41.6,0.0,SE@6.7,11.0,45.5,0.0,813,"Thorp, Kittitas County",330036,Thorp,2017-12-05 20:06:42.782219
2011-04-23,10:45,51.9,,29.0,41.2,0.0,SE@8.1,12.4,45.5,0.0,830,"Thorp, Kittitas County",330036,Thorp,2017-12-05 20:06:42.782219
2011-04-23,11:00,52.6,,28.8,39.7,0.0,SE@7.7,12.1,45.5,0.0,845,"Thorp, Kittitas County",330036,Thorp,2017-12-05 20:06:42.782219
2011-04-23,11:15,52.9,,28.4,38.5,0.0,SE@8.2,14.6,45.5,0.0,852,"Thorp, Kittitas County",330036,Thorp,2017-12-05 20:06:42.782219
2011-04-23,11:30,54.0,,28.1,36.7,0.0,SE@8.3,13.9,45.5,0.0,861,"Thorp, Kittitas County",330036,Thorp,2017-12-05 20:06:42.782219
2011-04-23,11:45,54.3,,26.0,33.3,0.0,SE@8.4,14.6,45.6,0.0,864,"Thorp, Kittitas County",330036,Thorp,2017-12-05 20:06:42.782219
2011-04-23,12:00,54.9,,27.1,34.1,0.0,SE@8.2,15.7,45.6,0.0,866,"Thorp, Kittitas County",330036,Thorp,2017-12-05 20:06:42.782219
2011-04-23,12:15,55.4,,27.1,33.4,0.0,SE@6.4,11.7,45.7,0.0,862,"Thorp, Kittitas County",330036,Thorp,2017-12-05 20:06:42.782219
2011-04-23,12:30,56.1,,28.0,33.7,0.0,SE@7.5,13.9,45.7,0.0,857,"Thorp, Kittitas County",330036,Thorp,2017-12-05 20:06:42.782219
2011-04-23,12:45,56.3,,28.0,33.5,0.0,SE@6.8,12.1,45.8,0.0,847,"Thorp, Kittitas County",330036,Thorp,2017-12-05 20:06:42.782219
2011-04-23,13:00,57.0,,27.9,32.7,0.0,SE@6.5,12.1,45.9,0.0,835,"Thorp, Kittitas County",330036,Thorp,2017-12-05 20:06:42.782219
2011-04-23,13:15,56.8,,27.7,32.6,0.0,E@7.0,13.2,46.0,0.0,818,"Thorp, Kittitas County",330036,Thorp,2017-12-05 20:06:42.782219
2011-04-23,13:30,56.9,,27.2,31.8,0.0,SE@6.3,11.4,46.1,0.0,797,"Thorp, Kittitas County",330036,Thorp,2017-12-05 20:06:42.782219
2011-04-23,13:45,57.3,,28.5,33.0,0.0,SE@6.7,12.1,46.2,0.0,775,"Thorp, Kittitas County",330036,Thorp,2017-12-05 20:06:42.782219
2011-04-23,14:00,57.3,,27.5,31.7,0.0,NE@6.6,15.7,46.3,0.0,750,"Thorp, Kittitas County",330036,Thorp,2017-12-05 20:06:42.782219
2011-04-23,14:15,57.7,,28.0,31.9,0.0,SE@6.9,13.2,46.5,0.0,723,"Thorp, Kittitas County",330036,Thorp,2017-12-05 20:06:42.782219
2011-04-23,14:30,57.8,,28.5,32.4,0.0,E@6.5,12.4,46.6,0.0,689,"Thorp, Kittitas County",330036,Thorp,2017-12-05 20:06:42.782219
2011-04-23,14:45,57.9,,28.4,32.2,0.0,SE@6.5,12.4,46.7,0.0,656,"Thorp, Kittitas County",330036,Thorp,2017-12-05 20:06:42.782219
2011-04-23,15:00,58.4,,29.1,32.5,0.0,SE@6.7,10.3,46.9,0.0,622,"Thorp, Kittitas County",330036,Thorp,2017-12-05 20:06:42.782219
2011-04-23,15:15,58.5,,28.4,31.5,0.0,E@5.7,9.6,47.0,0.0,587,"Thorp, Kittitas County",330036,Thorp,2017-12-05 20:06:42.782219
2011-04-23,15:30,58.0,,28.2,31.8,0.0,E@7.6,12.4,47.2,0.0,546,"Thorp, Kittitas County",330036,Thorp,2017-12-05 20:06:42.782219
2011-04-23,15:45,58.4,,28.6,31.9,0.0,E@6.8,10.7,47.4,0.0,505,"Thorp, Kittitas County",330036,Thorp,2017-12-05 20:06:42.782219
2011-04-23,16:00,58.2,,28.4,31.9,0.0,E@6.0,11.7,47.5,0.0,461,"Thorp, Kittitas County",330036,Thorp,2017-12-05 20:06:42.782219
2011-04-23,16:15,58.6,,29.0,32.2,0.0,E@6.2,9.9,47.7,0.0,418,"Thorp, Kittitas County",330036,Thorp,2017-12-05 20:06:42.782219
2011-04-23,16:30,58.5,,28.5,31.6,0.0,SE@5.7,8.9,47.8,0.0,373,"Thorp, Kittitas County",330036,Thorp,2017-12-05 20:06:42.782219
2011-04-23,16:45,58.7,,28.0,30.7,0.0,E@4.6,8.2,48.0,0.0,327,"Thorp, Kittitas County",330036,Thorp,2017-12-05 20:06:42.782219
2011-04-23,17:00,58.1,,27.8,31.1,0.0,SE@5.8,10.7,48.1,0.0,282,"Thorp, Kittitas County",330036,Thorp,2017-12-05 20:06:42.782219
2011-04-23,17:15,58.5,,27.8,30.8,0.0,SE@4.5,8.2,48.3,0.0,240,"Thorp, Kittitas County",330036,Thorp,2017-12-05 20:06:42.782219
2011-04-23,17:30,57.9,,29.3,33.4,0.0,SE@5.3,8.5,48.4,0.0,196,"Thorp, Kittitas County",330036,Thorp,2017-12-05 20:06:42.782219
2011-04-23,17:45,57.4,,28.7,33.2,0.0,SE@4.7,7.4,48.6,0.0,155,"Thorp, Kittitas County",330036,Thorp,2017-12-05 20:06:42.782219
2011-04-23,18:00,56.8,,28.6,33.8,0.0,SE@4.2,6.0,48.7,0.0,116,"Thorp, Kittitas County",330036,Thorp,2017-12-05 20:06:42.782219
2011-04-23,18:15,56.3,,27.8,33.2,0.0,SE@3.9,5.7,48.9,0.0,81,"Thorp, Kittitas County",330036,Thorp,2017-12-05 20:06:42.782219
2011-04-23,18:30,55.7,,27.4,33.5,0.0,SE@3.3,4.9,49.0,0.0,46,"Thorp, Kittitas County",330036,Thorp,2017-12-05 20:06:42.782219
2011-04-23,18:45,55.5,,27.0,33.3,0.0,E@3.1,4.2,49.1,0.0,27,"Thorp, Kittitas County",330036,Thorp,2017-12-05 20:06:42.782219
2011-04-23,19:00,52.4,,28.6,39.6,0.0,S@3.8,6.0,49.2,0.0,8,"Thorp, Kittitas County",330036,Thorp,2017-12-05 20:06:42.782219
2011-04-23,19:15,46.5,,29.5,51.2,0.0,SW@5.1,6.4,49.3,0.0,2,"Thorp, Kittitas County",330036,Thorp,2017-12-05 20:06:42.782219
2011-04-23,19:30,46.5,,28.5,49.3,0.0,SW@4.1,4.9,49.4,0.0,0,"Thorp, Kittitas County",330036,Thorp,2017-12-05 20:06:42.782219
2011-04-23,19:45,47.7,,27.8,45.8,0.0,SW@3.4,4.2,49.5,0.0,0,"Thorp, Kittitas County",330036,Thorp,2017-12-05 20:06:42.782219
2011-04-23,20:00,48.0,,27.4,44.4,0.0,SW@3.2,4.9,49.6,0.0,0,"Thorp, Kittitas County",330036,Thorp,2017-12-05 20:06:42.782219
2011-04-23,20:15,46.3,,27.1,46.8,0.0,W@3.8,5.7,49.7,0.0,0,"Thorp, Kittitas County",330036,Thorp,2017-12-05 20:06:42.782219
2011-04-23,20:30,44.1,,27.5,51.6,0.0,SW@5.0,6.0,49.7,0.0,0,"Thorp, Kittitas County",330036,Thorp,2017-12-05 20:06:42.782219
2011-04-23,20:45,42.2,,27.3,55.4,0.0,W@5.5,6.4,49.8,0.0,0,"Thorp, Kittitas County",330036,Thorp,2017-12-05 20:06:42.782219
2011-04-23,21:00,42.2,,27.5,55.6,0.0,W@5.1,6.4,49.8,0.0,0,"Thorp, Kittitas County",330036,Thorp,2017-12-05 20:06:42.782219
2011-04-23,21:15,42.0,,27.7,56.6,0.01,W@5.3,6.7,49.8,0.0,0,"Thorp, Kittitas County",330036,Thorp,2017-12-05 20:06:42.782219
2011-04-23,21:30,41.8,,27.4,56.3,0.0,W@6.0,7.8,49.9,0.0,0,"Thorp, Kittitas County",330036,Thorp,2017-12-05 20:06:42.782219
2011-04-23,21:45,40.7,,27.9,60.1,0.01,NW@6.7,9.2,49.9,0.0,0,"Thorp, Kittitas County",330036,Thorp,2017-12-05 20:06:42.782219
2011-04-23,22:00,39.8,,28.0,62.3,0.01,NW@6.2,8.2,49.9,0.0,0,"Thorp, Kittitas County",330036,Thorp,2017-12-05 20:06:42.782219
2011-04-23,22:15,39.4,,27.7,62.6,0.01,NW@5.6,7.8,49.9,0.0,0,"Thorp, Kittitas County",330036,Thorp,2017-12-05 20:06:42.782219
2011-04-23,22:30,40.0,,27.2,59.9,0.01,NW@6.9,8.5,49.9,0.0,0,"Thorp, Kittitas County",330036,Thorp,2017-12-05 20:06:42.782219
2011-04-23,22:45,40.5,,27.0,58.4,0.0,NW@8.5,12.4,49.9,0.0,0,"Thorp, Kittitas County",330036,Thorp,2017-12-05 20:06:42.782219
2011-04-23,23:00,40.4,,26.8,58.0,0.0,W@9.4,12.1,49.9,0.0,0,"Thorp, Kittitas County",330036,Thorp,2017-12-05 20:06:42.782219
2011-04-24,23:15,40.5,,26.7,57.5,0.0,NW@8.6,13.2,49.8,0.0,0,"Thorp, Kittitas County",330036,Thorp,2017-12-05 20:06:42.782219
2011-04-24,23:30,40.4,,26.6,57.4,0.0,NW@8.8,11.0,49.8,0.0,0,"Thorp, Kittitas County",330036,Thorp,2017-12-05 20:06:42.782219
2011-04-24,23:45,39.6,,26.6,59.3,0.01,NW@8.2,10.7,49.8,0.0,0,"Thorp, Kittitas County",330036,Thorp,2017-12-05 20:06:42.782219
2011-04-24,24:00,39.3,,26.5,59.9,0.01,NW@8.7,11.4,49.8,0.0,0,"Thorp, Kittitas County",330036,Thorp,2017-12-05 20:06:42.782219
2011-04-24,00:15,38.6,,26.5,61.6,0.01,NW@8.7,12.1,49.7,0.0,0,"Thorp, Kittitas County",330036,Thorp,2017-12-05 20:06:42.782219
2011-04-24,00:30,38.5,,26.4,61.5,0.01,NW@9.3,11.4,49.7,0.0,0,"Thorp, Kittitas County",330036,Thorp,2017-12-05 20:06:42.782219
2011-04-24,00:45,38.2,,26.6,62.6,0.01,NW@10.1,12.8,49.6,0.0,0,"Thorp, Kittitas County",330036,Thorp,2017-12-05 20:06:42.782219
2011-04-24,01:00,38.4,,26.9,62.9,0.01,NW@10.7,15.0,49.6,0.0,0,"Thorp, Kittitas County",330036,Thorp,2017-12-05 20:06:42.782219
2011-04-24,01:15,38.4,,27.1,63.3,0.01,NW@10.4,14.2,49.5,0.0,0,"Thorp, Kittitas County",330036,Thorp,2017-12-05 20:06:42.782219
2011-04-24,01:30,37.3,,27.0,66.1,0.01,NW@9.8,12.4,49.5,0.0,0,"Thorp, Kittitas County",330036,Thorp,2017-12-05 20:06:42.782219
2011-04-24,01:45,37.2,,27.0,66.3,0.01,NW@9.7,12.4,49.4,0.0,0,"Thorp, Kittitas County",330036,Thorp,2017-12-05 20:06:42.782219
2011-04-24,02:00,36.8,,27.2,67.8,0.01,NW@9.8,12.8,49.4,0.0,0,"Thorp, Kittitas County",330036,Thorp,2017-12-05 20:06:42.782219
2011-04-24,02:15,37.0,,27.4,67.9,0.01,NW@10.9,13.9,49.3,0.0,0,"Thorp, Kittitas County",330036,Thorp,2017-12-05 20:06:42.782219
2011-04-24,02:30,36.7,,27.5,69.1,0.01,NW@11.6,15.0,49.2,0.0,0,"Thorp, Kittitas County",330036,Thorp,2017-12-05 20:06:42.782219
2011-04-24,02:45,36.0,,27.2,70.0,0.01,NW@12.2,14.2,49.2,0.0,0,"Thorp, Kittitas County",330036,Thorp,2017-12-05 20:06:42.782219
2011-04-24,03:00,36.2,,27.1,69.4,0.01,NW@10.8,13.5,49.1,0.0,0,"Thorp, Kittitas County",330036,Thorp,2017-12-05 20:06:42.782219
2011-04-24,03:15,36.6,,27.1,68.2,0.01,NW@10.1,13.2,49.0,0.0,0,"Thorp, Kittitas County",330036,Thorp,2017-12-05 20:06:42.782219
2011-04-24,03:30,36.5,,27.0,68.3,0.01,NW@8.9,11.7,49.0,0.0,0,"Thorp, Kittitas County",330036,Thorp,2017-12-05 20:06:42.782219
2011-04-24,03:45,35.2,,27.0,71.7,0.01,NW@8.9,11.4,48.9,0.0,0,"Thorp, Kittitas County",330036,Thorp,2017-12-05 20:06:42.782219
2011-04-24,04:00,34.2,,26.9,74.2,0.01,NW@8.7,11.0,48.9,0.0,0,"Thorp, Kittitas County",330036,Thorp,2017-12-05 20:06:42.782219
2011-04-24,04:15,33.9,,26.8,75.1,0.01,NW@10.0,12.4,48.8,0.0,0,"Thorp, Kittitas County",330036,Thorp,2017-12-05 20:06:42.782219
2011-04-24,04:30,33.7,,26.9,75.9,0.02,NW@9.4,11.7,48.7,0.0,0,"Thorp, Kittitas County",330036,Thorp,2017-12-05 20:06:42.782219
2011-04-24,04:45,33.9,,27.1,75.9,0.02,NW@8.5,10.7,48.6,0.0,1,"Thorp, Kittitas County",330036,Thorp,2017-12-05 20:06:42.782219
2011-04-24,05:00,34.0,,27.3,76.1,0.02,NW@9.3,12.4,48.6,0.0,5,"Thorp, Kittitas County",330036,Thorp,2017-12-05 20:06:42.782219
2011-04-24,05:15,33.7,,27.5,77.6,0.02,NW@7.1,9.2,48.5,0.0,15,"Thorp, Kittitas County",330036,Thorp,2017-12-05 20:06:42.782219
2011-04-24,05:30,34.5,,28.0,76.6,0.01,NW@9.3,11.7,48.4,0.0,41,"Thorp, Kittitas County",330036,Thorp,2017-12-05 20:06:42.782219
2011-04-24,05:45,35.2,,28.1,75.0,0.01,NW@10.1,12.4,48.4,0.0,54,"Thorp, Kittitas County",330036,Thorp,2017-12-05 20:06:42.782219
2011-04-24,06:00,36.1,,28.2,72.9,0.01,NW@7.1,9.6,48.3,0.0,58,"Thorp, Kittitas County",330036,Thorp,2017-12-05 20:06:42.782219
2011-04-24,06:15,36.8,,28.1,70.5,0.01,NW@7.2,10.3,48.2,0.0,83,"Thorp, Kittitas County",330036,Thorp,2017-12-05 20:06:42.782219
2011-04-24,06:30,37.8,,28.7,69.5,0.01,NW@8.7,11.4,48.2,0.0,127,"Thorp, Kittitas County",330036,Thorp,2017-12-05 20:06:42.782219
2011-04-24,06:45,38.8,,28.8,67.0,0.01,NW@9.3,11.7,48.1,0.0,215,"Thorp, Kittitas County",330036,Thorp,2017-12-05 20:06:42.782219
2011-04-24,07:00,39.9,,29.6,66.2,0.01,NW@9.0,11.7,48.0,0.0,247,"Thorp, Kittitas County",330036,Thorp,2017-12-05 20:06:42.782219
2011-04-24,07:15,41.0,,29.7,63.8,0.0,NW@9.8,12.1,48.0,0.0,235,"Thorp, Kittitas County",330036,Thorp,2017-12-05 20:06:42.782219
2011-04-24,07:30,41.6,,29.7,62.5,0.0,NW@9.7,12.4,47.9,0.0,169,"Thorp, Kittitas County",330036,Thorp,2017-12-05 20:06:42.782219
2011-04-24,07:45,42.1,,29.7,61.2,0.0,NW@10.3,13.9,47.8,0.0,171,"Thorp, Kittitas County",330036,Thorp,2017-12-05 20:06:42.782219
2011-04-24,08:00,42.9,,29.8,59.6,0.0,NW@11.0,15.0,47.8,0.0,200,"Thorp, Kittitas County",330036,Thorp,2017-12-05 20:06:42.782219
2011-04-24,08:15,43.1,,29.6,58.6,0.0,NW@13.2,18.5,47.7,0.0,227,"Thorp, Kittitas County",330036,Thorp,2017-12-05 20:06:42.782219
2011-04-24,08:30,44.2,,30.3,57.9,0.0,NW@11.6,16.4,47.7,0.0,252,"Thorp, Kittitas County",330036,Thorp,2017-12-05 20:06:42.782219
2011-04-24,08:45,44.9,,30.8,57.5,0.0,NW@12.7,16.4,47.6,0.0,320,"Thorp, Kittitas County",330036,Thorp,2017-12-05 20:06:42.782219
2011-04-24,09:00,46.5,,31.5,55.6,0.0,NW@11.8,15.3,47.5,0.0,359,"Thorp, Kittitas County",330036,Thorp,2017-12-05 20:06:42.782219
2011-04-24,09:15,46.2,,32.3,58.0,0.0,NW@13.2,16.4,47.5,0.0,320,"Thorp, Kittitas County",330036,Thorp,2017-12-05 20:06:42.782219
2011-04-24,09:30,46.6,,32.5,57.8,0.0,NW@13.7,18.9,47.5,0.0,356,"Thorp, Kittitas County",330036,Thorp,2017-12-05 20:06:42.782219
2011-04-24,09:45,47.0,,32.9,57.7,0.0,NW@11.2,17.8,47.4,0.0,255,"Thorp, Kittitas County",330036,Thorp,2017-12-05 20:06:42.782219
2011-04-24,10:00,47.9,,33.4,57.0,0.0,NW@12.0,16.7,47.4,0.0,291,"Thorp, Kittitas County",330036,Thorp,2017-12-05 20:06:42.782219
2011-04-24,10:15,48.9,,33.8,55.6,0.0,NW@13.0,17.1,47.3,0.0,338,"Thorp, Kittitas County",330036,Thorp,2017-12-05 20:06:42.782219
2011-04-24,10:30,49.6,,33.9,54.6,0.0,NW@12.8,17.8,47.3,0.0,384,"Thorp, Kittitas County",330036,Thorp,2017-12-05 20:06:42.782219
2011-04-24,10:45,50.4,,34.0,53.2,0.0,NW@12.6,16.4,47.3,0.0,475,"Thorp, Kittitas County",330036,Thorp,2017-12-05 20:06:42.782219
2011-04-24,11:00,51.9,,34.1,50.5,0.0,NW@12.5,16.0,47.3,0.0,606,"Thorp, Kittitas County",330036,Thorp,2017-12-05 20:06:42.782219
2011-04-24,11:15,52.5,,34.3,49.6,0.0,NW@12.7,18.2,47.3,0.0,633,"Thorp, Kittitas County",330036,Thorp,2017-12-05 20:06:42.782219
2011-04-24,11:30,52.7,,34.4,49.5,0.0,NW@13.1,17.5,47.3,0.0,591,"Thorp, Kittitas County",330036,Thorp,2017-12-05 20:06:42.782219
2011-04-24,11:45,53.3,,34.7,49.0,0.0,NW@13.6,17.8,47.3,0.0,695,"Thorp, Kittitas County",330036,Thorp,2017-12-05 20:06:42.782219
2011-04-24,12:00,54.1,,34.3,46.9,0.0,NW@14.0,17.8,47.3,0.0,567,"Thorp, Kittitas County",330036,Thorp,2017-12-05 20:06:42.782219
2011-04-24,12:15,54.2,,34.4,46.8,0.0,NW@13.4,18.5,47.3,0.0,656,"Thorp, Kittitas County",330036,Thorp,2017-12-05 20:06:42.782219
2011-04-24,12:30,55.1,,34.2,44.9,0.0,NW@13.6,17.5,47.3,0.0,666,"Thorp, Kittitas County",330036,Thorp,2017-12-05 20:06:42.782219
2011-04-24,12:45,55.3,,33.8,44.1,0.0,NW@13.0,17.1,47.3,0.0,725,"Thorp, Kittitas County",330036,Thorp,2017-12-05 20:06:42.782219
2011-04-24,13:00,55.5,,33.6,43.3,0.0,NW@12.7,16.0,47.3,0.0,775,"Thorp, Kittitas County",330036,Thorp,2017-12-05 20:06:42.782219
2011-04-24,13:15,55.1,,32.5,42.0,0.0,NW@12.1,16.7,47.3,0.0,538,"Thorp, Kittitas County",330036,Thorp,2017-12-05 20:06:42.782219
2011-04-24,13:30,55.4,,32.0,40.8,0.0,NW@11.1,14.2,47.4,0.0,602,"Thorp, Kittitas County",330036,Thorp,2017-12-05 20:06:42.782219
2011-04-24,13:45,56.4,,34.1,42.7,0.0,NW@12.8,17.1,47.4,0.0,812,"Thorp, Kittitas County",330036,Thorp,2017-12-05 20:06:42.782219
2011-04-24,14:00,56.4,,33.6,42.1,0.0,NW@13.9,17.8,47.4,0.0,642,"Thorp, Kittitas County",330036,Thorp,2017-12-05 20:06:42.782219
2011-04-24,14:15,56.0,,34.0,43.3,0.0,NW@13.1,17.5,47.5,0.0,434,"Thorp, Kittitas County",330036,Thorp,2017-12-05 20:06:42.782219
2011-04-24,14:30,54.8,,34.8,46.8,0.0,NW@17.1,21.8,47.5,0.0,375,"Thorp, Kittitas County",330036,Thorp,2017-12-05 20:06:42.782219
2011-04-24,14:45,53.1,,35.6,51.3,0.0,NW@17.3,22.1,47.6,0.0,306,"Thorp, Kittitas County",330036,Thorp,2017-12-05 20:06:42.782219
2011-04-24,15:00,52.8,,35.7,51.9,0.0,NW@16.6,20.0,47.7,0.0,263,"Thorp, Kittitas County",330036,Thorp,2017-12-05 20:06:42.782219
2011-04-24,15:15,51.9,,36.1,54.6,0.0,NW@15.3,22.5,47.8,0.0,230,"Thorp, Kittitas County",330036,Thorp,2017-12-05 20:06:42.782219
2011-04-24,15:30,51.3,,36.1,55.8,0.0,NW@15.7,23.5,47.8,0.0,257,"Thorp, Kittitas County",330036,Thorp,2017-12-05 20:06:42.782219
2011-04-24,15:45,52.1,,34.9,51.8,0.0,NW@17.8,22.8,47.9,0.0,352,"Thorp, Kittitas County",330036,Thorp,2017-12-05 20:06:42.782219
2011-04-24,16:00,51.7,,34.5,51.7,0.0,NW@18.1,24.3,48.0,0.0,298,"Thorp, Kittitas County",330036,Thorp,2017-12-05 20:06:42.782219
2011-04-24,16:15,51.7,,34.4,51.5,0.0,NW@17.5,23.9,48.1,0.0,258,"Thorp, Kittitas County",330036,Thorp,2017-12-05 20:06:42.782219
2011-04-24,16:30,50.9,,35.6,55.6,0.0,NW@16.3,20.7,48.1,0.0,247,"Thorp, Kittitas County",330036,Thorp,2017-12-05 20:06:42.782219
2011-04-24,16:45,50.7,,35.7,56.1,0.0,NW@17.1,23.2,48.2,0.0,236,"Thorp, Kittitas County",330036,Thorp,2017-12-05 20:06:42.782219
2011-04-24,17:00,50.9,,34.7,53.6,0.0,NW@17.1,23.5,48.3,0.0,235,"Thorp, Kittitas County",330036,Thorp,2017-12-05 20:06:42.782219
2011-04-24,17:15,50.6,,34.7,54.1,0.0,NW@17.3,22.1,48.3,0.0,190,"Thorp, Kittitas County",330036,Thorp,2017-12-05 20:06:42.782219
2011-04-24,17:30,50.1,,34.9,55.7,0.0,NW@15.7,19.2,48.4,0.0,94,"Thorp, Kittitas County",330036,Thorp,2017-12-05 20:06:42.782219
2011-04-24,17:45,49.4,,34.8,56.8,0.0,NW@14.2,20.3,48.5,0.0,75,"Thorp, Kittitas County",330036,Thorp,2017-12-05 20:06:42.782219
2011-04-24,18:00,49.0,,35.1,58.3,0.0,NW@14.0,18.2,48.5,0.0,104,"Thorp, Kittitas County",330036,Thorp,2017-12-05 20:06:42.782219
2011-04-24,18:15,48.2,,34.8,59.7,0.01,NW@14.3,20.3,48.6,0.0,58,"Thorp, Kittitas County",330036,Thorp,2017-12-05 20:06:42.782219
2011-04-24,18:30,47.3,,34.6,61.0,0.01,NW@12.2,17.8,48.6,0.0,40,"Thorp, Kittitas County",330036,Thorp,2017-12-05 20:06:42.782219
2011-04-24,18:45,47.0,,34.8,62.2,0.01,NW@14.1,19.2,48.7,0.0,29,"Thorp, Kittitas County",330036,Thorp,2017-12-05 20:06:42.782219
2011-04-24,19:00,46.3,,34.7,63.7,0.01,NW@14.2,18.9,48.7,0.0,14,"Thorp, Kittitas County",330036,Thorp,2017-12-05 20:06:42.782219
2011-04-24,19:15,45.6,,34.4,64.9,0.01,NW@10.1,13.2,48.7,0.0,3,"Thorp, Kittitas County",330036,Thorp,2017-12-05 20:06:42.782219
2011-04-24,19:30,44.8,,34.5,67.0,0.01,NW@8.2,12.4,48.8,0.0,2,"Thorp, Kittitas County",330036,Thorp,2017-12-05 20:06:42.782219
2011-04-24,19:45,44.5,,34.7,68.2,0.01,NW@8.9,13.2,48.8,0.0,1,"Thorp, Kittitas County",330036,Thorp,2017-12-05 20:06:42.782219
2011-04-24,20:00,44.5,,34.8,68.7,0.01,NW@9.7,12.1,48.8,0.0,0,"Thorp, Kittitas County",330036,Thorp,2017-12-05 20:06:42.782219
2011-04-24,20:15,43.7,,34.6,70.2,0.01,NW@7.4,9.9,48.8,0.0,0,"Thorp, Kittitas County",330036,Thorp,2017-12-05 20:06:42.782219
2011-04-24,20:30,42.8,,34.4,71.8,0.01,W@6.2,8.2,48.8,0.0,0,"Thorp, Kittitas County",330036,Thorp,2017-12-05 20:06:42.782219
2011-04-24,20:45,41.7,,34.2,74.5,0.02,NW@5.5,6.7,48.8,0.0,0,"Thorp, Kittitas County",330036,Thorp,2017-12-05 20:06:42.782219
2011-04-24,21:00,41.9,,34.3,74.3,0.02,NW@5.7,7.1,48.8,0.0,0,"Thorp, Kittitas County",330036,Thorp,2017-12-05 20:06:42.782219
2011-04-24,21:15,41.3,,34.3,76.0,0.02,NW@6.5,8.2,48.8,0.0,0,"Thorp, Kittitas County",330036,Thorp,2017-12-05 20:06:42.782219
2011-04-24,21:30,41.5,,34.4,75.4,0.02,NW@6.7,8.2,48.8,0.0,0,"Thorp, Kittitas County",330036,Thorp,2017-12-05 20:06:42.782219
2011-04-24,21:45,41.3,,34.4,76.3,0.02,NW@6.6,7.4,48.8,0.0,0,"Thorp, Kittitas County",330036,Thorp,2017-12-05 20:06:42.782219
2011-04-24,22:00,41.2,,34.5,76.9,0.02,NW@7.7,9.6,48.8,0.0,0,"Thorp, Kittitas County",330036,Thorp,2017-12-05 20:06:42.782219
2011-04-24,22:15,41.8,,35.1,76.9,0.02,NW@6.2,8.2,48.8,0.0,0,"Thorp, Kittitas County",330036,Thorp,2017-12-05 20:06:42.782219
2011-04-24,22:30,42.4,,35.1,75.3,0.02,NW@6.5,10.3,48.8,0.0,0,"Thorp, Kittitas County",330036,Thorp,2017-12-05 20:06:42.782219
2011-04-24,22:45,42.5,,34.7,73.7,0.02,NW@9.2,12.8,48.8,0.0,0,"Thorp, Kittitas County",330036,Thorp,2017-12-05 20:06:42.782219
2011-04-24,23:00,41.0,,34.3,77.0,0.02,NW@8.3,10.3,48.7,0.0,0,"Thorp, Kittitas County",330036,Thorp,2017-12-05 20:06:42.782219
2011-04-25,23:15,39.7,,33.6,78.6,0.02,NW@7.9,9.9,48.7,0.0,0,"Thorp, Kittitas County",330036,Thorp,2017-12-05 20:06:42.782219
2011-04-25,23:30,39.6,,33.3,77.7,0.02,NW@9.8,11.7,48.7,0.0,0,"Thorp, Kittitas County",330036,Thorp,2017-12-05 20:06:42.782219
2011-04-25,23:45,39.7,,33.2,77.3,0.02,NW@9.4,13.2,48.6,0.0,0,"Thorp, Kittitas County",330036,Thorp,2017-12-05 20:06:42.782219
2011-04-25,24:00,41.3,,33.9,74.9,0.02,NW@12.1,15.3,48.6,0.0,0,"Thorp, Kittitas County",330036,Thorp,2017-12-05 20:06:42.782219
2011-04-25,00:15,40.9,,33.9,75.9,0.02,NW@7.6,12.8,48.6,0.0,0,"Thorp, Kittitas County",330036,Thorp,2017-12-05 20:06:42.782219
2011-04-25,00:30,39.5,,33.5,79.1,0.03,NW@6.1,7.8,48.5,0.0,0,"Thorp, Kittitas County",330036,Thorp,2017-12-05 20:06:42.782219
2011-04-25,00:45,39.4,,33.2,78.4,0.02,NW@5.6,7.8,48.5,0.0,0,"Thorp, Kittitas County",330036,Thorp,2017-12-05 20:06:42.782219
2011-04-25,01:00,39.0,,33.0,78.7,0.02,NW@5.7,7.1,48.5,0.0,0,"Thorp, Kittitas County",330036,Thorp,2017-12-05 20:06:42.782219
2011-04-25,01:15,37.9,,32.8,81.6,0.03,NW@5.2,6.7,48.4,0.0,0,"Thorp, Kittitas County",330036,Thorp,2017-12-05 20:06:42.782219
2011-04-25,01:30,38.1,,33.0,81.4,0.03,NW@6.8,8.9,48.4,0.0,0,"Thorp, Kittitas County",330036,Thorp,2017-12-05 20:06:42.782219
2011-04-25,01:45,37.6,,32.9,83.2,0.03,NW@6.7,8.2,48.3,0.0,0,"Thorp, Kittitas County",330036,Thorp,2017-12-05 20:06:42.782219
2011-04-25,02:00,38.0,,32.9,81.8,0.03,NW@5.6,7.4,48.3,0.0,0,"Thorp, Kittitas County",330036,Thorp,2017-12-05 20:06:42.782219
2011-04-25,02:15,38.3,,32.9,81.0,0.03,W@4.7,6.7,48.2,0.0,0,"Thorp, Kittitas County",330036,Thorp,2017-12-05 20:06:42.782219
2011-04-25,02:30,37.8,,32.8,82.2,0.03,NW@5.0,6.7,48.2,0.0,0,"Thorp, Kittitas County",330036,Thorp,2017-12-05 20:06:42.782219
2011-04-25,02:45,38.1,,33.1,82.0,0.03,NW@5.9,7.1,48.2,0.0,0,"Thorp, Kittitas County",330036,Thorp,2017-12-05 20:06:42.782219
2011-04-25,03:00,38.2,,33.2,82.1,0.03,NW@5.9,8.9,48.1,0.0,0,"Thorp, Kittitas County",330036,Thorp,2017-12-05 20:06:42.782219
2011-04-25,03:15,39.1,,33.3,79.6,0.02,NW@8.1,10.3,48.1,0.0,0,"Thorp, Kittitas County",330036,Thorp,2017-12-05 20:06:42.782219
2011-04-25,03:30,39.2,,33.5,79.9,0.02,NW@7.9,9.6,48.0,0.0,0,"Thorp, Kittitas County",330036,Thorp,2017-12-05 20:06:42.782219
2011-04-25,03:45,39.4,,33.7,80.0,0.02,NW@6.5,9.6,48.0,0.0,0,"Thorp, Kittitas County",330036,Thorp,2017-12-05 20:06:42.782219
2011-04-25,04:00,39.5,,34.1,80.9,0.02,NW@4.4,5.7,47.9,0.0,0,"Thorp, Kittitas County",330036,Thorp,2017-12-05 20:06:42.782219
2011-04-25,04:15,38.8,,34.0,82.8,0.03,E@3.8,8.2,47.9,0.0,0,"Thorp, Kittitas County",330036,Thorp,2017-12-05 20:06:42.782219
2011-04-25,04:30,38.2,,33.6,83.5,0.03,SE@4.6,6.4,47.8,0.0,0,"Thorp, Kittitas County",330036,Thorp,2017-12-05 20:06:42.782219
2011-04-25,04:45,37.7,,33.5,84.7,0.15,SE@2.9,5.7,47.8,0.0,1,"Thorp, Kittitas County",330036,Thorp,2017-12-05 20:06:42.782219
2011-04-25,05:00,37.1,,33.4,86.0,0.08,SE@2.6,3.5,47.7,0.0,2,"Thorp, Kittitas County",330036,Thorp,2017-12-05 20:06:42.782219
2011-04-25,05:15,36.9,,33.4,87.1,0.05,S@2.8,3.9,47.7,0.0,3,"Thorp, Kittitas County",330036,Thorp,2017-12-05 20:06:42.782219
2011-04-25,05:30,37.3,,34.0,87.8,0.35,SW@3.2,3.9,47.6,0.0,6,"Thorp, Kittitas County",330036,Thorp,2017-12-05 20:06:42.782219
2011-04-25,05:45,37.4,,34.3,88.6,0.77,SW@3.1,3.9,47.6,0.0,14,"Thorp, Kittitas County",330036,Thorp,2017-12-05 20:06:42.782219
2011-04-25,06:00,37.8,,34.7,88.4,0.99,SW@2.0,3.5,47.5,0.0,24,"Thorp, Kittitas County",330036,Thorp,2017-12-05 20:06:42.782219
2011-04-25,06:15,38.4,,35.3,88.5,1.0,W@0.4,2.1,47.5,0.0,34,"Thorp, Kittitas County",330036,Thorp,2017-12-05 20:06:42.782219
2011-04-25,06:30,38.4,,35.1,87.9,1.0,NW@0.3,2.4,47.5,0.0,32,"Thorp, Kittitas County",330036,Thorp,2017-12-05 20:06:42.782219
2011-04-25,06:45,38.6,,35.7,89.0,0.99,W@2.1,2.8,47.4,0.01,35,"Thorp, Kittitas County",330036,Thorp,2017-12-05 20:06:42.782219
2011-04-25,07:00,38.6,,35.6,88.6,0.92,W@2.4,3.5,47.4,0.01,42,"Thorp, Kittitas County",330036,Thorp,2017-12-05 20:06:42.782219
2011-04-25,07:15,39.0,,35.7,88.0,0.88,N@1.5,3.9,47.3,0.02,51,"Thorp, Kittitas County",330036,Thorp,2017-12-05 20:06:42.782219
2011-04-25,07:30,38.6,,36.3,91.3,0.84,NW@2.9,4.2,47.3,0.01,77,"Thorp, Kittitas County",330036,Thorp,2017-12-05 20:06:42.782219
2011-04-25,07:45,39.2,,36.8,91.0,0.81,W@3.4,4.2,47.3,0.01,86,"Thorp, Kittitas County",330036,Thorp,2017-12-05 20:06:42.782219
2011-04-25,08:00,39.5,,36.5,89.0,0.8,W@3.3,4.6,47.2,0.01,115,"Thorp, Kittitas County",330036,Thorp,2017-12-05 20:06:42.782219
2011-04-25,08:15,40.0,,36.9,88.5,0.79,W@2.8,4.2,47.2,0.0,139,"Thorp, Kittitas County",330036,Thorp,2017-12-05 20:06:42.782219
2011-04-25,08:30,40.7,,37.5,88.1,0.79,SW@1.5,4.2,47.1,0.01,131,"Thorp, Kittitas County",330036,Thorp,2017-12-05 20:06:42.782219
2011-04-25,08:45,41.4,,37.9,87.4,0.8,W@0.9,3.1,47.1,0.0,136,"Thorp, Kittitas County",330036,Thorp,2017-12-05 20:06:42.782219
2011-04-25,09:00,41.7,,38.1,87.0,0.81,S@1.6,3.9,47.1,0.01,224,"Thorp, Kittitas County",330036,Thorp,2017-12-05 20:06:42.782219
2011-04-25,09:15,42.2,,38.4,86.4,0.83,W@1.2,3.5,47.0,0.0,203,"Thorp, Kittitas County",330036,Thorp,2017-12-05 20:06:42.782219
2011-04-25,09:30,42.5,,38.8,86.6,0.82,W@1.1,3.1,47.0,0.01,167,"Thorp, Kittitas County",330036,Thorp,2017-12-05 20:06:42.782219
2011-04-25,09:45,42.7,,38.3,84.5,0.81,SW@1.2,2.8,47.0,0.0,150,"Thorp, Kittitas County",330036,Thorp,2017-12-05 20:06:42.782219
2011-04-25,10:00,42.4,,38.6,86.1,0.81,SW@2.9,5.3,46.9,0.01,150,"Thorp, Kittitas County",330036,Thorp,2017-12-05 20:06:42.782219
2011-04-25,10:15,42.3,,38.8,87.2,0.79,SW@4.1,5.7,46.9,0.01,153,"Thorp, Kittitas County",330036,Thorp,2017-12-05 20:06:42.782219
2011-04-25,10:30,42.4,,38.8,87.2,0.77,SW@4.6,6.4,46.9,0.02,191,"Thorp, Kittitas County",330036,Thorp,2017-12-05 20:06:42.782219
2011-04-25,10:45,42.6,,38.8,86.2,0.74,SW@4.2,6.0,46.9,0.01,203,"Thorp, Kittitas County",330036,Thorp,2017-12-05 20:06:42.782219
2011-04-25,11:00,43.1,,38.9,85.0,0.75,SW@3.8,5.7,46.9,0.01,240,"Thorp, Kittitas County",330036,Thorp,2017-12-05 20:06:42.782219
2011-04-25,11:15,43.0,,38.5,84.1,0.75,SW@5.0,6.7,46.8,0.01,199,"Thorp, Kittitas County",330036,Thorp,2017-12-05 20:06:42.782219
2011-04-25,11:30,42.7,,37.6,81.9,0.73,SW@3.9,6.0,46.8,0.02,169,"Thorp, Kittitas County",330036,Thorp,2017-12-05 20:06:42.782219
2011-04-25,11:45,42.5,,36.5,79.4,0.7,SW@3.3,5.7,46.8,0.01,175,"Thorp, Kittitas County",330036,Thorp,2017-12-05 20:06:42.782219
2011-04-25,12:00,42.9,,38.0,82.7,0.68,NW@4.5,6.4,46.8,0.02,220,"Thorp, Kittitas County",330036,Thorp,2017-12-05 20:06:42.782219
2011-04-25,12:15,43.1,,38.2,82.9,0.71,NW@7.2,13.2,46.8,0.01,217,"Thorp, Kittitas County",330036,Thorp,2017-12-05 20:06:42.782219
2011-04-25,12:30,41.9,,38.3,87.0,0.71,NW@13.2,17.8,46.8,0.01,203,"Thorp, Kittitas County",330036,Thorp,2017-12-05 20:06:42.782219
2011-04-25,12:45,43.0,,39.2,86.0,0.63,NW@11.5,18.2,46.8,0.01,566,"Thorp, Kittitas County",330036,Thorp,2017-12-05 20:06:42.782219
2011-04-25,13:00,43.6,,38.4,81.6,0.37,NW@14.8,21.0,46.8,0.0,476,"Thorp, Kittitas County",330036,Thorp,2017-12-05 20:06:42.782219
2011-04-25,13:15,44.1,,38.6,80.6,0.02,NW@15.5,20.7,46.8,0.0,458,"Thorp, Kittitas County",330036,Thorp,2017-12-05 20:06:42.782219
2011-04-25,13:30,44.9,,38.2,77.1,0.0,NW@16.1,22.1,46.8,0.0,434,"Thorp, Kittitas County",330036,Thorp,2017-12-05 20:06:42.782219
2011-04-25,13:45,45.2,,38.3,76.5,0.0,NW@15.8,22.1,46.8,0.0,435,"Thorp, Kittitas County",330036,Thorp,2017-12-05 20:06:42.782219
2011-04-25,14:00,45.4,,37.5,73.8,0.0,NW@17.4,23.5,46.8,0.0,518,"Thorp, Kittitas County",330036,Thorp,2017-12-05 20:06:42.782219
2011-04-25,14:15,45.4,,37.3,73.0,0.0,NW@17.4,22.5,46.8,0.0,539,"Thorp, Kittitas County",330036,Thorp,2017-12-05 20:06:42.782219
2011-04-25,14:30,45.6,,37.0,71.7,0.0,NW@16.7,22.1,46.8,0.0,522,"Thorp, Kittitas County",330036,Thorp,2017-12-05 20:06:42.782219
2011-04-25,14:45,45.4,,36.9,71.9,0.0,NW@16.3,22.8,46.9,0.0,342,"Thorp, Kittitas County",330036,Thorp,2017-12-05 20:06:42.782219
2011-04-25,15:00,45.3,,37.0,72.5,0.0,NW@13.7,19.2,46.9,0.0,306,"Thorp, Kittitas County",330036,Thorp,2017-12-05 20:06:42.782219
2011-04-25,15:15,44.9,,36.7,72.7,0.0,NW@15.9,22.1,46.9,0.0,282,"Thorp, Kittitas County",330036,Thorp,2017-12-05 20:06:42.782219
2011-04-25,15:30,44.5,,36.4,73.1,0.0,NW@15.0,21.0,46.9,0.0,258,"Thorp, Kittitas County",330036,Thorp,2017-12-05 20:06:42.782219
2011-04-25,15:45,44.3,,36.5,73.6,0.0,NW@16.9,23.2,46.9,0.0,232,"Thorp, Kittitas County",330036,Thorp,2017-12-05 20:06:42.782219
2011-04-25,16:00,44.4,,36.8,74.2,0.0,NW@14.9,20.7,47.0,0.0,212,"Thorp, Kittitas County",330036,Thorp,2017-12-05 20:06:42.782219
2011-04-25,16:15,44.0,,36.6,75.0,0.0,NW@16.2,22.8,47.0,0.0,218,"Thorp, Kittitas County",330036,Thorp,2017-12-05 20:06:42.782219
2011-04-25,16:30,43.5,,36.4,75.8,0.03,NW@17.3,25.0,47.0,0.0,216,"Thorp, Kittitas County",330036,Thorp,2017-12-05 20:06:42.782219
2011-04-25,16:45,43.3,,36.7,77.3,0.02,NW@14.2,18.2,47.0,0.0,251,"Thorp, Kittitas County",330036,Thorp,2017-12-05 20:06:42.782219
2011-04-25,17:00,42.8,,36.3,77.7,0.0,NW@14.4,19.6,47.0,0.0,222,"Thorp, Kittitas County",330036,Thorp,2017-12-05 20:06:42.782219
2011-04-25,17:15,42.3,,36.5,79.6,0.05,NW@13.9,20.0,47.1,0.0,201,"Thorp, Kittitas County",330036,Thorp,2017-12-05 20:06:42.782219
2011-04-25,17:30,41.8,,35.8,79.3,0.0,NW@14.8,20.0,47.1,0.0,193,"Thorp, Kittitas County",330036,Thorp,2017-12-05 20:06:42.782219
2011-04-25,17:45,41.8,,35.8,79.3,0.0,NW@13.5,18.9,47.1,0.0,186,"Thorp, Kittitas County",330036,Thorp,2017-12-05 20:06:42.782219
2011-04-25,18:00,41.4,,35.6,79.8,0.02,NW@13.5,20.0,47.1,0.0,90,"Thorp, Kittitas County",330036,Thorp,2017-12-05 20:06:42.782219
2011-04-25,18:15,41.3,,35.8,80.8,0.73,NW@14.1,18.9,47.1,0.0,71,"Thorp, Kittitas County",330036,Thorp,2017-12-05 20:06:42.782219
2011-04-25,18:30,41.0,,35.8,81.7,0.64,NW@12.5,20.0,47.1,0.0,68,"Thorp, Kittitas County",330036,Thorp,2017-12-05 20:06:42.782219
2011-04-25,18:45,40.4,,35.3,81.8,0.46,NW@11.2,17.1,47.1,0.0,29,"Thorp, Kittitas County",330036,Thorp,2017-12-05 20:06:42.782219
2011-04-25,19:00,40.4,,35.2,81.6,0.17,NW@12.2,17.5,47.1,0.0,13,"Thorp, Kittitas County",330036,Thorp,2017-12-05 20:06:42.782219
2011-04-25,19:15,39.7,,34.3,80.7,0.01,NW@12.0,15.0,47.1,0.0,3,"Thorp, Kittitas County",330036,Thorp,2017-12-05 20:06:42.782219
2011-04-25,19:30,39.5,,34.1,80.7,0.0,NW@11.2,16.7,47.2,0.0,1,"Thorp, Kittitas County",330036,Thorp,2017-12-05 20:06:42.782219
2011-04-25,19:45,39.2,,33.6,80.4,0.0,NW@12.0,16.4,47.2,0.0,0,"Thorp, Kittitas County",330036,Thorp,2017-12-05 20:06:42.782219
2011-04-25,20:00,39.0,,33.6,80.6,0.0,NW@9.6,15.7,47.1,0.0,0,"Thorp, Kittitas County",330036,Thorp,2017-12-05 20:06:42.782219
2011-04-25,20:15,38.7,,33.4,81.1,0.0,NW@8.3,11.4,47.1,0.0,0,"Thorp, Kittitas County",330036,Thorp,2017-12-05 20:06:42.782219
2011-04-25,20:30,39.0,,33.2,79.4,0.0,NW@8.9,12.8,47.1,0.0,0,"Thorp, Kittitas County",330036,Thorp,2017-12-05 20:06:42.782219
2011-04-25,20:45,38.8,,32.9,79.2,0.0,NW@9.5,14.2,47.1,0.0,0,"Thorp, Kittitas County",330036,Thorp,2017-12-05 20:06:42.782219
2011-04-25,21:00,38.9,,32.1,76.2,0.0,NW@10.0,14.2,47.1,0.0,0,"Thorp, Kittitas County",330036,Thorp,2017-12-05 20:06:42.782219
2011-04-25,21:15,38.6,,31.4,74.9,0.0,NW@9.8,13.9,47.1,0.0,0,"Thorp, Kittitas County",330036,Thorp,2017-12-05 20:06:42.782219
2011-04-25,21:30,38.6,,31.0,73.9,0.0,NW@10.8,15.7,47.1,0.0,0,"Thorp, Kittitas County",330036,Thorp,2017-12-05 20:06:42.782219
2011-04-25,21:45,37.9,,31.0,75.9,0.0,NW@9.7,13.9,47.0,0.0,0,"Thorp, Kittitas County",330036,Thorp,2017-12-05 20:06:42.782219
2011-04-25,22:00,37.1,,30.8,77.6,0.0,NW@8.0,12.4,47.0,0.0,0,"Thorp, Kittitas County",330036,Thorp,2017-12-05 20:06:42.782219
2011-04-25,22:15,37.5,,30.9,76.9,0.0,NW@10.3,15.7,47.0,0.0,0,"Thorp, Kittitas County",330036,Thorp,2017-12-05 20:06:42.782219
2011-04-25,22:30,37.7,,31.4,77.9,0.0,NW@12.2,17.5,46.9,0.0,0,"Thorp, Kittitas County",330036,Thorp,2017-12-05 20:06:42.782219
2011-04-25,22:45,37.6,,31.5,78.2,0.0,NW@13.0,17.5,46.9,0.0,0,"Thorp, Kittitas County",330036,Thorp,2017-12-05 20:06:42.782219
2011-04-25,23:00,37.5,,31.8,79.6,0.0,NW@12.7,17.1,46.9,0.0,0,"Thorp, Kittitas County",330036,Thorp,2017-12-05 20:06:42.782219
2011-04-26,23:15,36.9,,31.6,80.8,0.0,NW@9.7,12.4,46.8,0.0,0,"Thorp, Kittitas County",330036,Thorp,2017-12-05 20:06:42.782219
2011-04-26,23:30,37.1,,31.1,78.5,0.0,NW@7.7,12.1,46.8,0.0,0,"Thorp, Kittitas County",330036,Thorp,2017-12-05 20:06:42.782219
2011-04-26,23:45,37.0,,30.8,78.1,0.0,NW@9.0,13.5,46.7,0.0,0,"Thorp, Kittitas County",330036,Thorp,2017-12-05 20:06:42.782219
2011-04-26,24:00,37.0,,31.0,78.8,0.0,NW@10.6,15.7,46.7,0.0,0,"Thorp, Kittitas County",330036,Thorp,2017-12-05 20:06:42.782219
