Date,Time PST,Air Temp °F, 2<sup>nd</sup> Air Temp °F, Dew Point °F, Rel Hum %, Leaf Wet u., Wind Dir @ Speed mph, Wind Gust mph, 2 in. Soil Tmp °F, 8 in. Soil Tmp °F, Soil VWC %, Tot Prec in, Solar Rad W/m², Atm. Press. inHg,Location,Station ID,Station Name,Download Timestamp
2013-02-05,00:15,38.1,38.1,35.1,88.7,0.28,S@0.8,2.8,,40.9,0.0,0.0,0,,"Hundred Circles, Benton County",100140,Hundred Circles,2017-12-12 01:10:35.811697
2013-02-05,00:30,37.8,37.8,34.8,88.6,0.29,W@1.9,5.3,,40.9,0.0,0.0,0,,"Hundred Circles, Benton County",100140,Hundred Circles,2017-12-12 01:10:35.811697
2013-02-05,00:45,37.6,37.7,34.6,89.1,0.3,NW@3.1,4.6,,40.9,0.0,0.0,0,,"Hundred Circles, Benton County",100140,Hundred Circles,2017-12-12 01:10:35.811697
2013-02-05,01:00,37.7,37.8,34.8,89.0,0.3,NW@2.1,3.9,,40.9,0.0,0.0,0,,"Hundred Circles, Benton County",100140,Hundred Circles,2017-12-12 01:10:35.811697
2013-02-05,01:15,38.0,37.9,34.9,88.4,0.31,SE@1.4,3.9,,40.9,0.0,0.0,0,,"Hundred Circles, Benton County",100140,Hundred Circles,2017-12-12 01:10:35.811697
2013-02-05,01:30,37.0,37.1,34.1,89.2,0.31,SE@2.3,3.5,,40.8,0.0,0.0,0,,"Hundred Circles, Benton County",100140,Hundred Circles,2017-12-12 01:10:35.811697
2013-02-05,01:45,37.4,37.5,34.6,89.5,0.31,S@1.0,3.1,,40.8,0.0,0.0,0,,"Hundred Circles, Benton County",100140,Hundred Circles,2017-12-12 01:10:35.811697
2013-02-05,02:00,38.1,38.1,34.9,88.3,0.32,SW@1.6,3.9,,40.8,0.0,0.0,0,,"Hundred Circles, Benton County",100140,Hundred Circles,2017-12-12 01:10:35.811697
2013-02-05,02:15,37.7,37.6,34.5,88.2,0.33,W@1.2,3.5,,40.8,0.0,0.0,0,,"Hundred Circles, Benton County",100140,Hundred Circles,2017-12-12 01:10:35.811697
2013-02-05,02:30,36.3,36.4,33.4,88.8,0.33,W@1.7,3.9,,40.8,0.0,0.0,0,,"Hundred Circles, Benton County",100140,Hundred Circles,2017-12-12 01:10:35.811697
2013-02-05,02:45,37.0,37.1,34.2,89.5,0.35,SW@1.1,3.1,,40.8,0.0,0.0,0,,"Hundred Circles, Benton County",100140,Hundred Circles,2017-12-12 01:10:35.811697
2013-02-05,03:00,36.8,36.7,34.0,89.4,0.35,SE@0.8,3.1,,40.8,0.0,0.0,0,,"Hundred Circles, Benton County",100140,Hundred Circles,2017-12-12 01:10:35.811697
2013-02-05,03:15,36.1,36.0,33.4,89.5,0.36,N@1.4,3.9,,40.7,0.0,0.0,0,,"Hundred Circles, Benton County",100140,Hundred Circles,2017-12-12 01:10:35.811697
2013-02-05,03:30,35.2,35.3,32.6,90.2,0.37,NW@0.2,5.7,,40.7,0.0,0.0,0,,"Hundred Circles, Benton County",100140,Hundred Circles,2017-12-12 01:10:35.811697
2013-02-05,03:45,35.6,35.5,33.2,90.6,0.38,NW@0.2,2.1,,40.7,0.0,0.0,0,,"Hundred Circles, Benton County",100140,Hundred Circles,2017-12-12 01:10:35.811697
2013-02-05,04:00,34.5,34.5,32.0,90.6,0.39,W@1.2,4.9,,40.7,0.0,0.0,0,,"Hundred Circles, Benton County",100140,Hundred Circles,2017-12-12 01:10:35.811697
2013-02-05,04:15,34.7,34.7,32.4,90.9,0.4,W@0.7,3.5,,40.7,0.0,0.0,0,,"Hundred Circles, Benton County",100140,Hundred Circles,2017-12-12 01:10:35.811697
2013-02-05,04:30,32.0,32.1,29.6,90.6,0.4,NW@2.1,3.5,,40.7,0.0,0.0,0,,"Hundred Circles, Benton County",100140,Hundred Circles,2017-12-12 01:10:35.811697
2013-02-05,04:45,34.1,34.3,31.9,91.5,0.43,W@1.8,3.5,,40.6,0.0,0.0,0,,"Hundred Circles, Benton County",100140,Hundred Circles,2017-12-12 01:10:35.811697
2013-02-05,05:00,34.0,33.9,31.7,91.3,0.43,NE@2.1,3.9,,40.6,0.0,0.0,0,,"Hundred Circles, Benton County",100140,Hundred Circles,2017-12-12 01:10:35.811697
2013-02-05,05:15,32.0,32.0,29.6,91.0,0.44,N@2.6,4.2,,40.6,0.0,0.0,0,,"Hundred Circles, Benton County",100140,Hundred Circles,2017-12-12 01:10:35.811697
2013-02-05,05:30,31.3,31.5,28.8,91.1,0.44,N@3.1,5.3,,40.6,0.0,0.0,0,,"Hundred Circles, Benton County",100140,Hundred Circles,2017-12-12 01:10:35.811697
2013-02-05,05:45,31.5,31.6,29.0,91.2,0.45,N@2.3,4.6,,40.5,0.0,0.0,0,,"Hundred Circles, Benton County",100140,Hundred Circles,2017-12-12 01:10:35.811697
2013-02-05,06:00,31.4,31.5,28.9,91.3,0.45,NE@2.2,4.2,,40.5,0.0,0.0,0,,"Hundred Circles, Benton County",100140,Hundred Circles,2017-12-12 01:10:35.811697
2013-02-05,06:15,31.2,31.3,28.7,91.3,0.46,N@2.4,4.2,,40.5,0.0,0.0,0,,"Hundred Circles, Benton County",100140,Hundred Circles,2017-12-12 01:10:35.811697
2013-02-05,06:30,31.3,31.5,29.0,91.5,0.47,N@2.9,6.0,,40.4,0.0,0.0,0,,"Hundred Circles, Benton County",100140,Hundred Circles,2017-12-12 01:10:35.811697
2013-02-05,06:45,32.1,32.4,30.0,91.8,0.48,N@4.2,5.7,,40.4,0.0,0.0,0,,"Hundred Circles, Benton County",100140,Hundred Circles,2017-12-12 01:10:35.811697
2013-02-05,07:00,32.6,32.8,30.5,92.0,0.48,NE@3.9,5.7,,40.4,0.0,0.0,0,,"Hundred Circles, Benton County",100140,Hundred Circles,2017-12-12 01:10:35.811697
2013-02-05,07:15,32.9,33.0,30.9,92.1,0.49,N@2.6,3.9,,40.3,0.0,0.0,0,,"Hundred Circles, Benton County",100140,Hundred Circles,2017-12-12 01:10:35.811697
2013-02-05,07:30,33.2,33.3,31.2,92.3,0.51,N@2.7,4.2,,40.3,0.0,0.0,3,,"Hundred Circles, Benton County",100140,Hundred Circles,2017-12-12 01:10:35.811697
2013-02-05,07:45,33.6,33.8,31.7,92.5,0.52,N@2.5,4.2,,40.3,0.0,0.0,7,,"Hundred Circles, Benton County",100140,Hundred Circles,2017-12-12 01:10:35.811697
2013-02-05,08:00,33.9,34.0,32.0,92.6,0.53,NW@1.3,2.4,,40.2,0.0,0.0,13,,"Hundred Circles, Benton County",100140,Hundred Circles,2017-12-12 01:10:35.811697
2013-02-05,08:15,34.2,34.4,32.3,92.8,0.54,W@3.2,4.2,,40.2,0.0,0.0,21,,"Hundred Circles, Benton County",100140,Hundred Circles,2017-12-12 01:10:35.811697
2013-02-05,08:30,34.2,34.3,32.3,92.9,0.54,W@3.0,4.6,,40.2,0.0,0.0,34,,"Hundred Circles, Benton County",100140,Hundred Circles,2017-12-12 01:10:35.811697
2013-02-05,08:45,34.3,34.5,32.5,93.0,0.55,NW@2.1,3.5,,40.1,0.0,0.0,58,,"Hundred Circles, Benton County",100140,Hundred Circles,2017-12-12 01:10:35.811697
2013-02-05,09:00,34.8,34.9,33.0,93.1,0.55,SW@0.6,3.1,,40.1,0.0,0.0,79,,"Hundred Circles, Benton County",100140,Hundred Circles,2017-12-12 01:10:35.811697
2013-02-05,09:15,35.3,35.4,33.5,93.2,0.57,S@1.0,3.1,,40.1,0.0,0.0,124,,"Hundred Circles, Benton County",100140,Hundred Circles,2017-12-12 01:10:35.811697
2013-02-05,09:30,35.5,35.6,33.8,93.3,0.57,SW@3.1,4.2,,40.1,0.0,0.0,149,,"Hundred Circles, Benton County",100140,Hundred Circles,2017-12-12 01:10:35.811697
2013-02-05,09:45,37.0,37.2,35.3,93.5,0.58,NW@2.1,4.9,,40.0,0.0,0.0,253,,"Hundred Circles, Benton County",100140,Hundred Circles,2017-12-12 01:10:35.811697
2013-02-05,10:00,38.5,38.6,36.8,93.5,0.58,NW@2.7,6.4,,40.0,0.0,0.0,373,,"Hundred Circles, Benton County",100140,Hundred Circles,2017-12-12 01:10:35.811697
2013-02-05,10:15,40.4,40.4,38.6,93.3,0.57,NW@1.2,4.6,,40.0,0.0,0.0,332,,"Hundred Circles, Benton County",100140,Hundred Circles,2017-12-12 01:10:35.811697
2013-02-05,10:30,41.3,41.2,39.4,93.1,0.56,N@2.5,4.9,,40.0,0.0,0.0,277,,"Hundred Circles, Benton County",100140,Hundred Circles,2017-12-12 01:10:35.811697
2013-02-05,10:45,41.3,41.3,39.4,92.6,0.53,N@3.5,5.3,,39.9,0.0,0.0,176,,"Hundred Circles, Benton County",100140,Hundred Circles,2017-12-12 01:10:35.811697
2013-02-05,11:00,41.4,41.5,39.0,91.0,0.5,N@4.3,6.4,,39.9,0.0,0.0,150,,"Hundred Circles, Benton County",100140,Hundred Circles,2017-12-12 01:10:35.811697
2013-02-05,11:15,42.2,42.4,39.0,88.1,0.48,N@2.6,4.2,,39.9,0.0,0.0,186,,"Hundred Circles, Benton County",100140,Hundred Circles,2017-12-12 01:10:35.811697
2013-02-05,11:30,42.8,42.9,38.7,85.1,0.45,E@1.4,3.9,,39.9,0.0,0.0,184,,"Hundred Circles, Benton County",100140,Hundred Circles,2017-12-12 01:10:35.811697
2013-02-05,11:45,43.9,44.2,39.0,82.4,0.42,E@2.3,4.2,,39.9,0.0,0.0,188,,"Hundred Circles, Benton County",100140,Hundred Circles,2017-12-12 01:10:35.811697
2013-02-05,12:00,45.1,45.4,39.4,80.1,0.39,E@1.5,3.1,,40.0,0.0,0.0,169,,"Hundred Circles, Benton County",100140,Hundred Circles,2017-12-12 01:10:35.811697
2013-02-05,12:15,45.8,45.9,39.7,79.0,0.34,NE@0.8,3.9,,40.0,0.0,0.0,165,,"Hundred Circles, Benton County",100140,Hundred Circles,2017-12-12 01:10:35.811697
2013-02-05,12:30,47.8,48.2,40.1,74.5,0.31,S@1.3,4.6,,40.0,0.0,0.0,440,,"Hundred Circles, Benton County",100140,Hundred Circles,2017-12-12 01:10:35.811697
2013-02-05,12:45,50.6,50.7,40.1,67.1,0.27,SE@3.9,7.4,,40.0,0.0,0.0,497,,"Hundred Circles, Benton County",100140,Hundred Circles,2017-12-12 01:10:35.811697
2013-02-05,13:00,50.7,50.7,40.0,66.7,0.21,S@6.9,10.3,,40.1,0.0,0.0,344,,"Hundred Circles, Benton County",100140,Hundred Circles,2017-12-12 01:10:35.811697
2013-02-05,13:15,51.1,51.0,39.6,64.4,0.16,S@7.8,11.7,,40.1,0.0,0.0,258,,"Hundred Circles, Benton County",100140,Hundred Circles,2017-12-12 01:10:35.811697
2013-02-05,13:30,51.3,51.2,39.2,63.1,0.12,S@6.9,10.7,,40.2,0.0,0.0,282,,"Hundred Circles, Benton County",100140,Hundred Circles,2017-12-12 01:10:35.811697
2013-02-05,13:45,50.8,50.7,38.8,63.3,0.09,S@6.4,9.2,,40.2,0.0,0.0,223,,"Hundred Circles, Benton County",100140,Hundred Circles,2017-12-12 01:10:35.811697
2013-02-05,14:00,52.9,52.8,39.1,59.3,0.07,S@7.2,10.7,,40.3,0.0,0.0,424,,"Hundred Circles, Benton County",100140,Hundred Circles,2017-12-12 01:10:35.811697
2013-02-05,14:15,54.4,54.1,39.0,55.9,0.05,S@9.2,13.9,,40.3,0.0,0.0,401,,"Hundred Circles, Benton County",100140,Hundred Circles,2017-12-12 01:10:35.811697
2013-02-05,14:30,54.8,54.6,38.6,54.2,0.04,S@10.8,16.4,,40.4,0.0,0.0,365,,"Hundred Circles, Benton County",100140,Hundred Circles,2017-12-12 01:10:35.811697
2013-02-05,14:45,55.0,54.9,38.6,53.8,0.03,S@11.9,16.0,,40.5,0.0,0.0,359,,"Hundred Circles, Benton County",100140,Hundred Circles,2017-12-12 01:10:35.811697
2013-02-05,15:00,53.0,52.8,37.2,54.8,0.02,SW@11.5,17.5,,40.6,0.0,0.0,62,,"Hundred Circles, Benton County",100140,Hundred Circles,2017-12-12 01:10:35.811697
2013-02-05,15:15,53.4,53.3,36.4,52.4,0.02,SW@12.2,18.9,,40.6,0.0,0.0,212,,"Hundred Circles, Benton County",100140,Hundred Circles,2017-12-12 01:10:35.811697
2013-02-05,15:30,53.3,53.1,35.3,50.3,0.01,SW@14.7,20.0,,40.7,0.0,0.0,176,,"Hundred Circles, Benton County",100140,Hundred Circles,2017-12-12 01:10:35.811697
2013-02-05,15:45,54.2,54.0,35.2,48.5,0.01,SW@15.9,22.5,,40.8,0.0,0.0,222,,"Hundred Circles, Benton County",100140,Hundred Circles,2017-12-12 01:10:35.811697
2013-02-05,16:00,54.0,53.8,35.3,49.0,0.0,SW@13.5,20.0,,40.9,0.0,0.0,158,,"Hundred Circles, Benton County",100140,Hundred Circles,2017-12-12 01:10:35.811697
2013-02-05,16:15,52.0,51.8,35.0,52.2,0.0,W@11.9,17.1,,41.0,0.0,0.0,40,,"Hundred Circles, Benton County",100140,Hundred Circles,2017-12-12 01:10:35.811697
2013-02-05,16:30,50.9,50.8,34.8,53.9,0.0,W@9.8,13.9,,41.0,0.0,0.0,72,,"Hundred Circles, Benton County",100140,Hundred Circles,2017-12-12 01:10:35.811697
2013-02-05,16:45,50.4,50.4,35.2,55.8,0.0,W@11.4,13.9,,41.1,0.0,0.0,29,,"Hundred Circles, Benton County",100140,Hundred Circles,2017-12-12 01:10:35.811697
2013-02-05,17:00,49.9,49.9,35.4,57.2,0.0,W@11.8,16.0,,41.2,0.0,0.0,19,,"Hundred Circles, Benton County",100140,Hundred Circles,2017-12-12 01:10:35.811697
2013-02-05,17:15,49.6,49.7,35.4,57.8,0.0,W@12.4,16.7,,41.3,0.0,0.0,9,,"Hundred Circles, Benton County",100140,Hundred Circles,2017-12-12 01:10:35.811697
2013-02-05,17:30,49.0,48.9,35.3,59.1,0.0,W@10.6,13.2,,41.3,0.0,0.0,1,,"Hundred Circles, Benton County",100140,Hundred Circles,2017-12-12 01:10:35.811697
2013-02-05,17:45,47.9,47.9,35.2,61.2,0.0,W@10.6,13.5,,41.4,0.0,0.0,0,,"Hundred Circles, Benton County",100140,Hundred Circles,2017-12-12 01:10:35.811697
2013-02-05,18:00,47.4,47.5,35.0,61.7,0.0,W@11.9,15.3,,41.5,0.0,0.0,0,,"Hundred Circles, Benton County",100140,Hundred Circles,2017-12-12 01:10:35.811697
2013-02-05,18:15,46.9,46.8,34.9,62.8,0.0,SW@9.2,15.0,,41.5,0.0,0.0,0,,"Hundred Circles, Benton County",100140,Hundred Circles,2017-12-12 01:10:35.811697
2013-02-05,18:30,45.2,45.2,34.7,66.5,0.0,SW@7.6,9.6,,41.6,0.0,0.0,0,,"Hundred Circles, Benton County",100140,Hundred Circles,2017-12-12 01:10:35.811697
2013-02-05,18:45,43.8,43.8,34.4,69.3,0.0,SW@9.6,12.4,,41.6,0.0,0.0,0,,"Hundred Circles, Benton County",100140,Hundred Circles,2017-12-12 01:10:35.811697
2013-02-05,19:00,43.7,43.8,34.3,69.3,0.0,SW@10.5,12.8,,41.7,0.0,0.0,0,,"Hundred Circles, Benton County",100140,Hundred Circles,2017-12-12 01:10:35.811697
2013-02-05,19:15,42.4,42.5,34.0,71.8,0.0,S@8.2,11.4,,41.7,0.0,0.0,0,,"Hundred Circles, Benton County",100140,Hundred Circles,2017-12-12 01:10:35.811697
2013-02-05,19:30,42.5,42.6,34.0,71.5,0.0,S@6.6,11.0,,41.7,0.0,0.0,0,,"Hundred Circles, Benton County",100140,Hundred Circles,2017-12-12 01:10:35.811697
2013-02-05,19:45,41.2,41.4,33.6,74.2,0.0,S@6.5,9.6,,41.8,0.0,0.0,0,,"Hundred Circles, Benton County",100140,Hundred Circles,2017-12-12 01:10:35.811697
2013-02-05,20:00,41.5,41.5,33.6,73.4,0.0,SW@5.6,8.9,,41.8,0.0,0.0,0,,"Hundred Circles, Benton County",100140,Hundred Circles,2017-12-12 01:10:35.811697
2013-02-05,20:15,40.9,40.9,33.4,74.4,0.0,S@5.3,6.7,,41.8,0.0,0.0,0,,"Hundred Circles, Benton County",100140,Hundred Circles,2017-12-12 01:10:35.811697
2013-02-05,20:30,40.2,40.5,33.4,76.4,0.01,S@5.9,8.2,,41.8,0.0,0.0,0,,"Hundred Circles, Benton County",100140,Hundred Circles,2017-12-12 01:10:35.811697
2013-02-05,20:45,40.2,40.4,33.9,78.0,0.01,S@7.8,10.7,,41.8,0.0,0.0,0,,"Hundred Circles, Benton County",100140,Hundred Circles,2017-12-12 01:10:35.811697
2013-02-05,21:00,39.5,39.6,33.7,79.4,0.01,S@6.0,8.9,,41.8,0.0,0.0,0,,"Hundred Circles, Benton County",100140,Hundred Circles,2017-12-12 01:10:35.811697
2013-02-05,21:15,39.1,39.4,33.6,80.4,0.02,S@6.9,9.9,,41.8,0.0,0.0,0,,"Hundred Circles, Benton County",100140,Hundred Circles,2017-12-12 01:10:35.811697
2013-02-05,21:30,39.8,39.9,33.7,78.7,0.02,S@6.8,10.7,,41.8,0.0,0.0,0,,"Hundred Circles, Benton County",100140,Hundred Circles,2017-12-12 01:10:35.811697
2013-02-05,21:45,39.6,39.8,33.7,79.3,0.02,SW@6.3,8.9,,41.8,0.0,0.0,0,,"Hundred Circles, Benton County",100140,Hundred Circles,2017-12-12 01:10:35.811697
2013-02-05,22:00,40.5,40.7,34.0,77.5,0.02,W@5.8,7.1,,41.8,0.0,0.0,0,,"Hundred Circles, Benton County",100140,Hundred Circles,2017-12-12 01:10:35.811697
2013-02-05,22:15,41.1,41.2,34.2,76.1,0.02,SW@7.0,10.7,,41.8,0.0,0.0,0,,"Hundred Circles, Benton County",100140,Hundred Circles,2017-12-12 01:10:35.811697
2013-02-05,22:30,39.9,40.0,33.6,78.0,0.02,SW@7.0,11.0,,41.8,0.0,0.0,0,,"Hundred Circles, Benton County",100140,Hundred Circles,2017-12-12 01:10:35.811697
2013-02-05,22:45,40.0,40.1,33.6,77.6,0.03,SW@8.7,11.4,,41.8,0.0,0.0,0,,"Hundred Circles, Benton County",100140,Hundred Circles,2017-12-12 01:10:35.811697
2013-02-05,23:00,40.1,40.3,33.5,76.8,0.03,SW@7.9,11.4,,41.8,0.0,0.0,0,,"Hundred Circles, Benton County",100140,Hundred Circles,2017-12-12 01:10:35.811697
2013-02-05,23:15,38.9,39.0,32.8,78.3,0.03,SW@5.5,7.8,,41.7,0.0,0.0,0,,"Hundred Circles, Benton County",100140,Hundred Circles,2017-12-12 01:10:35.811697
2013-02-05,23:30,38.4,38.5,32.7,79.8,0.03,S@4.5,6.4,,41.7,0.0,0.0,0,,"Hundred Circles, Benton County",100140,Hundred Circles,2017-12-12 01:10:35.811697
2013-02-05,23:45,37.1,37.1,32.0,81.7,0.03,SE@3.6,4.6,,41.7,0.0,0.0,0,,"Hundred Circles, Benton County",100140,Hundred Circles,2017-12-12 01:10:35.811697
2013-02-05,24:00,36.3,36.4,31.8,83.7,0.04,SE@4.6,6.7,,41.7,0.0,0.0,0,,"Hundred Circles, Benton County",100140,Hundred Circles,2017-12-12 01:10:35.811697
2013-02-06,00:15,37.7,38.1,32.8,82.6,0.05,S@6.9,9.2,,41.6,0.0,0.0,0,,"Hundred Circles, Benton County",100140,Hundred Circles,2017-12-12 01:10:35.811697
2013-02-06,00:30,38.4,38.4,32.8,80.1,0.06,SW@6.1,8.9,,41.6,0.0,0.0,0,,"Hundred Circles, Benton County",100140,Hundred Circles,2017-12-12 01:10:35.811697
2013-02-06,00:45,37.5,37.5,32.3,81.2,0.06,S@4.6,8.2,,41.6,0.0,0.0,0,,"Hundred Circles, Benton County",100140,Hundred Circles,2017-12-12 01:10:35.811697
2013-02-06,01:00,36.6,36.7,31.9,82.8,0.06,SE@4.7,6.7,,41.6,0.0,0.0,0,,"Hundred Circles, Benton County",100140,Hundred Circles,2017-12-12 01:10:35.811697
2013-02-06,01:15,37.1,37.4,32.3,82.6,0.07,S@4.2,6.0,,41.5,0.0,0.0,0,,"Hundred Circles, Benton County",100140,Hundred Circles,2017-12-12 01:10:35.811697
2013-02-06,01:30,37.8,38.1,32.4,80.6,0.08,S@4.7,5.7,,41.5,0.0,0.0,0,,"Hundred Circles, Benton County",100140,Hundred Circles,2017-12-12 01:10:35.811697
2013-02-06,01:45,37.4,37.5,32.1,81.0,0.08,S@4.3,5.3,,41.5,0.0,0.0,0,,"Hundred Circles, Benton County",100140,Hundred Circles,2017-12-12 01:10:35.811697
2013-02-06,02:00,36.6,36.7,31.8,82.5,0.08,S@4.2,6.0,,41.4,0.0,0.0,0,,"Hundred Circles, Benton County",100140,Hundred Circles,2017-12-12 01:10:35.811697
2013-02-06,02:15,35.9,36.1,31.6,84.1,0.09,S@4.5,6.0,,41.4,0.0,0.0,0,,"Hundred Circles, Benton County",100140,Hundred Circles,2017-12-12 01:10:35.811697
2013-02-06,02:30,35.4,35.5,31.2,84.7,0.09,S@5.5,7.8,,41.4,0.0,0.0,0,,"Hundred Circles, Benton County",100140,Hundred Circles,2017-12-12 01:10:35.811697
2013-02-06,02:45,36.4,36.7,32.1,84.0,0.1,S@6.6,8.5,,41.3,0.0,0.0,0,,"Hundred Circles, Benton County",100140,Hundred Circles,2017-12-12 01:10:35.811697
2013-02-06,03:00,36.6,36.8,31.8,82.7,0.11,S@6.8,8.9,,41.3,0.0,0.0,0,,"Hundred Circles, Benton County",100140,Hundred Circles,2017-12-12 01:10:35.811697
2013-02-06,03:15,36.4,36.6,31.6,82.3,0.11,S@6.5,8.5,,41.3,0.0,0.0,0,,"Hundred Circles, Benton County",100140,Hundred Circles,2017-12-12 01:10:35.811697
2013-02-06,03:30,35.3,35.4,30.7,83.4,0.1,SW@6.3,7.8,,41.2,0.0,0.0,0,,"Hundred Circles, Benton County",100140,Hundred Circles,2017-12-12 01:10:35.811697
2013-02-06,03:45,35.2,35.3,30.8,84.0,0.11,SW@6.2,8.5,,41.2,0.0,0.0,0,,"Hundred Circles, Benton County",100140,Hundred Circles,2017-12-12 01:10:35.811697
2013-02-06,04:00,35.0,35.2,30.8,84.2,0.11,S@6.9,9.6,,41.2,0.0,0.0,0,,"Hundred Circles, Benton County",100140,Hundred Circles,2017-12-12 01:10:35.811697
2013-02-06,04:15,34.5,34.7,30.6,85.3,0.12,S@6.3,9.9,,41.1,0.0,0.0,0,,"Hundred Circles, Benton County",100140,Hundred Circles,2017-12-12 01:10:35.811697
2013-02-06,04:30,34.4,34.5,30.4,85.1,0.12,S@3.8,5.3,,41.1,0.0,0.0,0,,"Hundred Circles, Benton County",100140,Hundred Circles,2017-12-12 01:10:35.811697
2013-02-06,04:45,34.1,34.2,30.1,85.3,0.14,SE@5.6,8.2,,41.0,0.0,0.0,0,,"Hundred Circles, Benton County",100140,Hundred Circles,2017-12-12 01:10:35.811697
2013-02-06,05:00,34.6,35.0,30.6,85.2,0.15,S@8.5,12.1,,41.0,0.0,0.0,0,,"Hundred Circles, Benton County",100140,Hundred Circles,2017-12-12 01:10:35.811697
2013-02-06,05:15,35.6,35.8,31.1,83.5,0.15,S@8.2,11.0,,41.0,0.0,0.0,0,,"Hundred Circles, Benton County",100140,Hundred Circles,2017-12-12 01:10:35.811697
2013-02-06,05:30,35.9,36.2,31.3,82.9,0.16,S@9.0,12.1,,40.9,0.0,0.0,0,,"Hundred Circles, Benton County",100140,Hundred Circles,2017-12-12 01:10:35.811697
2013-02-06,05:45,34.8,34.9,30.3,83.4,0.15,S@7.9,11.0,,40.9,0.0,0.0,0,,"Hundred Circles, Benton County",100140,Hundred Circles,2017-12-12 01:10:35.811697
2013-02-06,06:00,34.5,34.8,30.1,83.8,0.16,S@6.5,11.0,,40.9,0.0,0.0,0,,"Hundred Circles, Benton County",100140,Hundred Circles,2017-12-12 01:10:35.811697
2013-02-06,06:15,34.9,35.1,30.5,83.6,0.16,SW@5.5,8.5,,40.8,0.0,0.0,0,,"Hundred Circles, Benton County",100140,Hundred Circles,2017-12-12 01:10:35.811697
2013-02-06,06:30,34.4,34.4,30.0,83.8,0.16,SW@4.7,6.0,,40.8,0.0,0.0,0,,"Hundred Circles, Benton County",100140,Hundred Circles,2017-12-12 01:10:35.811697
2013-02-06,06:45,33.1,33.2,29.0,84.8,0.16,S@4.4,5.3,,40.7,0.0,0.0,0,,"Hundred Circles, Benton County",100140,Hundred Circles,2017-12-12 01:10:35.811697
2013-02-06,07:00,32.7,32.9,29.0,86.2,0.17,S@6.2,8.2,,40.7,0.0,0.0,0,,"Hundred Circles, Benton County",100140,Hundred Circles,2017-12-12 01:10:35.811697
2013-02-06,07:15,33.0,33.2,29.4,86.5,0.18,S@6.9,9.2,,40.7,0.0,0.0,3,,"Hundred Circles, Benton County",100140,Hundred Circles,2017-12-12 01:10:35.811697
2013-02-06,07:30,33.3,33.5,29.6,86.2,0.19,S@6.9,8.9,,40.6,0.0,0.0,13,,"Hundred Circles, Benton County",100140,Hundred Circles,2017-12-12 01:10:35.811697
2013-02-06,07:45,33.5,33.7,29.7,85.7,0.2,S@5.5,7.8,,40.6,0.0,0.0,51,,"Hundred Circles, Benton County",100140,Hundred Circles,2017-12-12 01:10:35.811697
2013-02-06,08:00,33.9,34.1,29.8,84.5,0.21,S@5.5,8.5,,40.6,0.0,0.0,91,,"Hundred Circles, Benton County",100140,Hundred Circles,2017-12-12 01:10:35.811697
2013-02-06,08:15,35.7,36.0,31.0,83.1,0.23,S@6.5,9.2,,40.5,0.0,0.0,132,,"Hundred Circles, Benton County",100140,Hundred Circles,2017-12-12 01:10:35.811697
2013-02-06,08:30,38.5,38.8,32.8,79.9,0.24,S@3.9,6.7,,40.5,0.0,0.0,146,,"Hundred Circles, Benton County",100140,Hundred Circles,2017-12-12 01:10:35.811697
2013-02-06,08:45,39.8,40.0,33.6,78.3,0.24,SE@4.4,7.1,,40.4,0.0,0.0,178,,"Hundred Circles, Benton County",100140,Hundred Circles,2017-12-12 01:10:35.811697
2013-02-06,09:00,41.9,42.2,34.5,74.8,0.24,S@6.0,8.2,,40.4,0.0,0.0,212,,"Hundred Circles, Benton County",100140,Hundred Circles,2017-12-12 01:10:35.811697
2013-02-06,09:15,44.0,44.1,35.7,72.3,0.22,SE@6.2,10.7,,40.3,0.0,0.0,264,,"Hundred Circles, Benton County",100140,Hundred Circles,2017-12-12 01:10:35.811697
2013-02-06,09:30,44.0,44.0,35.2,71.1,0.19,SE@9.5,12.1,,40.3,0.0,0.0,251,,"Hundred Circles, Benton County",100140,Hundred Circles,2017-12-12 01:10:35.811697
2013-02-06,09:45,45.7,45.8,35.9,68.4,0.16,S@6.4,9.6,,40.3,0.0,0.0,268,,"Hundred Circles, Benton County",100140,Hundred Circles,2017-12-12 01:10:35.811697
2013-02-06,10:00,46.2,46.2,36.2,67.9,0.13,S@6.4,9.6,,40.2,0.0,0.0,271,,"Hundred Circles, Benton County",100140,Hundred Circles,2017-12-12 01:10:35.811697
2013-02-06,10:15,45.9,45.7,36.1,68.4,0.1,S@6.7,9.2,,40.2,0.0,0.0,258,,"Hundred Circles, Benton County",100140,Hundred Circles,2017-12-12 01:10:35.811697
2013-02-06,10:30,46.1,46.2,36.3,68.5,0.08,S@5.6,8.2,,40.2,0.0,0.0,225,,"Hundred Circles, Benton County",100140,Hundred Circles,2017-12-12 01:10:35.811697
2013-02-06,10:45,47.5,47.5,36.5,65.4,0.07,S@7.2,9.6,,40.2,0.0,0.0,337,,"Hundred Circles, Benton County",100140,Hundred Circles,2017-12-12 01:10:35.811697
2013-02-06,11:00,49.6,49.5,36.3,60.1,0.05,S@7.2,9.9,,40.2,0.0,0.0,376,,"Hundred Circles, Benton County",100140,Hundred Circles,2017-12-12 01:10:35.811697
2013-02-06,11:15,49.9,49.8,35.8,58.3,0.04,S@6.7,10.7,,40.1,0.0,0.0,315,,"Hundred Circles, Benton County",100140,Hundred Circles,2017-12-12 01:10:35.811697
2013-02-06,11:30,49.7,49.5,35.2,57.3,0.03,S@7.0,10.3,,40.1,0.0,0.0,224,,"Hundred Circles, Benton County",100140,Hundred Circles,2017-12-12 01:10:35.811697
2013-02-06,11:45,50.7,50.7,35.5,55.7,0.02,S@7.5,10.7,,40.1,0.0,0.0,424,,"Hundred Circles, Benton County",100140,Hundred Circles,2017-12-12 01:10:35.811697
2013-02-06,12:00,51.4,51.2,35.4,54.2,0.02,S@7.7,11.4,,40.2,0.0,0.0,386,,"Hundred Circles, Benton County",100140,Hundred Circles,2017-12-12 01:10:35.811697
2013-02-06,12:15,51.5,51.4,35.2,53.7,0.01,S@7.3,11.4,,40.2,0.0,0.0,402,,"Hundred Circles, Benton County",100140,Hundred Circles,2017-12-12 01:10:35.811697
2013-02-06,12:30,52.8,52.6,34.2,49.1,0.0,SW@9.0,13.2,,40.2,0.0,0.0,465,,"Hundred Circles, Benton County",100140,Hundred Circles,2017-12-12 01:10:35.811697
2013-02-06,12:45,52.7,52.6,34.2,49.3,0.0,SW@8.0,11.4,,40.3,0.0,0.0,400,,"Hundred Circles, Benton County",100140,Hundred Circles,2017-12-12 01:10:35.811697
2013-02-06,13:00,52.8,52.7,33.7,47.9,0.0,SW@6.7,9.9,,40.3,0.0,0.0,316,,"Hundred Circles, Benton County",100140,Hundred Circles,2017-12-12 01:10:35.811697
2013-02-06,13:15,53.5,53.4,33.6,46.7,0.0,SW@6.0,8.2,,40.3,0.0,0.0,340,,"Hundred Circles, Benton County",100140,Hundred Circles,2017-12-12 01:10:35.811697
2013-02-06,13:30,53.7,53.5,33.7,46.5,0.0,S@6.4,9.6,,40.4,0.0,0.0,318,,"Hundred Circles, Benton County",100140,Hundred Circles,2017-12-12 01:10:35.811697
2013-02-06,13:45,53.6,53.4,33.5,46.4,0.0,S@6.7,12.1,,40.4,0.0,0.0,325,,"Hundred Circles, Benton County",100140,Hundred Circles,2017-12-12 01:10:35.811697
2013-02-06,14:00,52.9,52.7,33.6,47.7,0.0,SW@5.3,8.5,,40.5,0.0,0.0,219,,"Hundred Circles, Benton County",100140,Hundred Circles,2017-12-12 01:10:35.811697
2013-02-06,14:15,52.6,52.5,33.2,47.4,0.0,SW@5.0,8.2,,40.6,0.0,0.0,203,,"Hundred Circles, Benton County",100140,Hundred Circles,2017-12-12 01:10:35.811697
2013-02-06,14:30,52.6,52.5,33.5,48.1,0.0,SW@3.9,6.4,,40.7,0.0,0.0,185,,"Hundred Circles, Benton County",100140,Hundred Circles,2017-12-12 01:10:35.811697
2013-02-06,14:45,52.5,52.3,33.9,49.0,0.0,S@1.3,3.9,,40.7,0.0,0.0,142,,"Hundred Circles, Benton County",100140,Hundred Circles,2017-12-12 01:10:35.811697
2013-02-06,15:00,52.1,51.9,33.5,48.9,0.0,N@0.0,0.0,,40.8,0.0,0.0,73,,"Hundred Circles, Benton County",100140,Hundred Circles,2017-12-12 01:10:35.811697
2013-02-06,15:15,51.3,51.2,33.9,51.2,0.0,N@0.0,0.0,,40.9,0.0,0.0,45,,"Hundred Circles, Benton County",100140,Hundred Circles,2017-12-12 01:10:35.811697
2013-02-06,15:30,50.8,50.6,35.2,55.1,0.0,N@0.0,0.0,,41.0,0.0,0.0,50,,"Hundred Circles, Benton County",100140,Hundred Circles,2017-12-12 01:10:35.811697
2013-02-06,15:45,50.4,50.3,35.4,56.1,0.0,N@0.0,0.0,,41.1,0.0,0.0,54,,"Hundred Circles, Benton County",100140,Hundred Circles,2017-12-12 01:10:35.811697
2013-02-06,16:00,49.5,49.4,35.4,58.2,0.0,N@0.0,0.0,,41.2,0.0,0.0,43,,"Hundred Circles, Benton County",100140,Hundred Circles,2017-12-12 01:10:35.811697
2013-02-06,16:15,48.7,48.6,34.9,58.7,0.0,N@0.0,0.0,,41.2,0.0,0.0,39,,"Hundred Circles, Benton County",100140,Hundred Circles,2017-12-12 01:10:35.811697
2013-02-06,16:30,48.0,48.0,35.2,60.8,0.0,N@0.0,0.0,,41.3,0.0,0.0,32,,"Hundred Circles, Benton County",100140,Hundred Circles,2017-12-12 01:10:35.811697
2013-02-06,16:45,47.5,47.5,35.1,61.7,0.0,N@0.0,0.0,,41.4,0.0,0.0,20,,"Hundred Circles, Benton County",100140,Hundred Circles,2017-12-12 01:10:35.811697
2013-02-06,17:00,46.8,46.7,35.0,63.3,0.0,N@0.0,0.0,,41.5,0.0,0.0,12,,"Hundred Circles, Benton County",100140,Hundred Circles,2017-12-12 01:10:35.811697
2013-02-06,17:15,45.8,45.8,35.1,65.9,0.0,N@0.0,0.0,,41.5,0.0,0.0,2,,"Hundred Circles, Benton County",100140,Hundred Circles,2017-12-12 01:10:35.811697
2013-02-06,17:30,45.5,45.6,35.0,66.4,0.0,N@0.0,0.0,,41.6,0.0,0.0,0,,"Hundred Circles, Benton County",100140,Hundred Circles,2017-12-12 01:10:35.811697
2013-02-06,17:45,45.9,45.9,34.2,63.3,0.0,N@0.1,1.7,,41.6,0.0,0.0,0,,"Hundred Circles, Benton County",100140,Hundred Circles,2017-12-12 01:10:35.811697
2013-02-06,18:00,43.8,43.5,34.6,69.7,0.0,NW@0.5,2.1,,41.7,0.0,0.0,0,,"Hundred Circles, Benton County",100140,Hundred Circles,2017-12-12 01:10:35.811697
2013-02-06,18:15,42.5,42.3,34.8,74.0,0.0,N@0.5,2.4,,41.7,0.0,0.0,0,,"Hundred Circles, Benton County",100140,Hundred Circles,2017-12-12 01:10:35.811697
2013-02-06,18:30,41.8,41.8,34.8,75.9,0.0,NW@0.0,1.4,,41.8,0.0,0.0,0,,"Hundred Circles, Benton County",100140,Hundred Circles,2017-12-12 01:10:35.811697
2013-02-06,18:45,41.1,41.0,34.5,77.1,0.0,N@0.0,0.0,,41.8,0.0,0.0,0,,"Hundred Circles, Benton County",100140,Hundred Circles,2017-12-12 01:10:35.811697
2013-02-06,19:00,40.6,40.6,34.5,78.5,0.0,N@0.0,1.4,,41.9,0.0,0.0,0,,"Hundred Circles, Benton County",100140,Hundred Circles,2017-12-12 01:10:35.811697
2013-02-06,19:15,40.6,40.6,34.4,78.3,0.0,N@0.0,0.0,,41.9,0.0,0.0,0,,"Hundred Circles, Benton County",100140,Hundred Circles,2017-12-12 01:10:35.811697
2013-02-06,19:30,40.8,40.7,34.1,76.8,0.01,NW@0.2,2.1,,41.9,0.0,0.0,0,,"Hundred Circles, Benton County",100140,Hundred Circles,2017-12-12 01:10:35.811697
2013-02-06,19:45,39.4,39.4,33.2,78.4,0.01,N@0.3,2.1,,41.9,0.0,0.0,0,,"Hundred Circles, Benton County",100140,Hundred Circles,2017-12-12 01:10:35.811697
2013-02-06,20:00,39.5,39.6,33.0,77.2,0.01,NW@0.1,1.7,,41.9,0.0,0.0,0,,"Hundred Circles, Benton County",100140,Hundred Circles,2017-12-12 01:10:35.811697
2013-02-06,20:15,38.7,38.7,32.2,77.3,0.02,NW@0.6,2.1,,42.0,0.0,0.0,0,,"Hundred Circles, Benton County",100140,Hundred Circles,2017-12-12 01:10:35.811697
2013-02-06,20:30,38.5,38.6,32.2,77.7,0.02,NW@0.6,2.4,,42.0,0.0,0.0,0,,"Hundred Circles, Benton County",100140,Hundred Circles,2017-12-12 01:10:35.811697
2013-02-06,20:45,38.6,38.5,32.4,78.4,0.02,N@0.1,1.7,,42.0,0.0,0.0,0,,"Hundred Circles, Benton County",100140,Hundred Circles,2017-12-12 01:10:35.811697
2013-02-06,21:00,38.7,38.8,32.5,78.2,0.02,N@0.0,0.0,,42.0,0.0,0.0,0,,"Hundred Circles, Benton County",100140,Hundred Circles,2017-12-12 01:10:35.811697
2013-02-06,21:15,38.9,39.1,32.6,77.9,0.02,NW@0.2,2.1,,42.0,0.0,0.0,0,,"Hundred Circles, Benton County",100140,Hundred Circles,2017-12-12 01:10:35.811697
2013-02-06,21:30,39.5,39.5,32.5,75.8,0.02,NW@0.9,2.1,,42.0,0.0,0.0,0,,"Hundred Circles, Benton County",100140,Hundred Circles,2017-12-12 01:10:35.811697
2013-02-06,21:45,39.2,39.3,32.2,75.7,0.02,NW@0.9,2.4,,42.0,0.0,0.0,0,,"Hundred Circles, Benton County",100140,Hundred Circles,2017-12-12 01:10:35.811697
2013-02-06,22:00,39.3,39.3,32.0,74.7,0.02,N@2.0,4.9,,41.9,0.0,0.0,0,,"Hundred Circles, Benton County",100140,Hundred Circles,2017-12-12 01:10:35.811697
2013-02-06,22:15,39.1,39.1,31.8,74.8,0.02,N@1.8,4.6,,41.9,0.0,0.0,0,,"Hundred Circles, Benton County",100140,Hundred Circles,2017-12-12 01:10:35.811697
2013-02-06,22:30,38.8,38.8,31.7,75.3,0.02,NW@1.6,4.6,,41.9,0.0,0.0,0,,"Hundred Circles, Benton County",100140,Hundred Circles,2017-12-12 01:10:35.811697
2013-02-06,22:45,38.6,38.8,31.6,75.5,0.02,NW@1.9,4.9,,41.9,0.0,0.0,0,,"Hundred Circles, Benton County",100140,Hundred Circles,2017-12-12 01:10:35.811697
2013-02-06,23:00,38.9,38.9,31.4,74.1,0.02,NW@2.0,3.9,,41.9,0.0,0.0,0,,"Hundred Circles, Benton County",100140,Hundred Circles,2017-12-12 01:10:35.811697
2013-02-06,23:15,38.7,38.7,31.3,74.5,0.02,NW@1.5,3.9,,41.9,0.0,0.0,0,,"Hundred Circles, Benton County",100140,Hundred Circles,2017-12-12 01:10:35.811697
2013-02-06,23:30,38.1,38.2,31.2,76.0,0.02,NW@0.8,3.1,,41.8,0.0,0.0,0,,"Hundred Circles, Benton County",100140,Hundred Circles,2017-12-12 01:10:35.811697
2013-02-06,23:45,38.1,38.2,31.4,76.5,0.02,NW@0.9,3.1,,41.8,0.0,0.0,0,,"Hundred Circles, Benton County",100140,Hundred Circles,2017-12-12 01:10:35.811697
2013-02-06,24:00,38.4,38.5,31.3,75.5,0.03,NW@1.0,3.5,,41.8,0.0,0.0,0,,"Hundred Circles, Benton County",100140,Hundred Circles,2017-12-12 01:10:35.811697
2013-02-07,00:15,38.6,38.6,31.3,75.0,0.03,NW@1.2,2.8,,41.8,0.0,0.0,0,,"Hundred Circles, Benton County",100140,Hundred Circles,2017-12-12 01:10:35.811697
2013-02-07,00:30,38.5,38.6,31.1,74.6,0.03,NW@2.5,3.9,,41.7,0.0,0.0,0,,"Hundred Circles, Benton County",100140,Hundred Circles,2017-12-12 01:10:35.811697
2013-02-07,00:45,37.9,38.0,31.1,76.4,0.02,NW@1.3,2.8,,41.7,0.0,0.0,0,,"Hundred Circles, Benton County",100140,Hundred Circles,2017-12-12 01:10:35.811697
2013-02-07,01:00,37.7,37.8,31.3,77.4,0.02,NW@1.0,2.4,,41.7,0.0,0.0,0,,"Hundred Circles, Benton County",100140,Hundred Circles,2017-12-12 01:10:35.811697
2013-02-07,01:15,37.8,37.8,31.3,77.2,0.03,SE@0.8,2.8,,41.7,0.0,0.0,0,,"Hundred Circles, Benton County",100140,Hundred Circles,2017-12-12 01:10:35.811697
2013-02-07,01:30,37.1,37.1,31.3,79.3,0.03,SW@2.2,3.9,,41.6,0.0,0.0,0,,"Hundred Circles, Benton County",100140,Hundred Circles,2017-12-12 01:10:35.811697
2013-02-07,01:45,37.2,37.2,31.5,79.8,0.03,SW@1.7,3.5,,41.6,0.0,0.0,0,,"Hundred Circles, Benton County",100140,Hundred Circles,2017-12-12 01:10:35.811697
2013-02-07,02:00,37.5,37.7,31.7,79.1,0.03,SW@2.2,6.4,,41.6,0.0,0.0,0,,"Hundred Circles, Benton County",100140,Hundred Circles,2017-12-12 01:10:35.811697
2013-02-07,02:15,37.9,38.1,31.7,78.1,0.03,W@0.5,4.2,,41.6,0.0,0.0,0,,"Hundred Circles, Benton County",100140,Hundred Circles,2017-12-12 01:10:35.811697
2013-02-07,02:30,38.2,38.4,31.9,77.7,0.03,W@0.8,2.4,,41.5,0.0,0.0,0,,"Hundred Circles, Benton County",100140,Hundred Circles,2017-12-12 01:10:35.811697
2013-02-07,02:45,38.1,38.0,31.4,76.5,0.03,SE@1.3,4.9,,41.5,0.0,0.0,0,,"Hundred Circles, Benton County",100140,Hundred Circles,2017-12-12 01:10:35.811697
2013-02-07,03:00,35.8,35.8,30.9,82.1,0.03,S@2.2,4.6,,41.5,0.0,0.0,0,,"Hundred Circles, Benton County",100140,Hundred Circles,2017-12-12 01:10:35.811697
2013-02-07,03:15,35.6,35.7,31.0,83.0,0.04,NW@1.6,3.5,,41.5,0.0,0.0,0,,"Hundred Circles, Benton County",100140,Hundred Circles,2017-12-12 01:10:35.811697
2013-02-07,03:30,35.7,35.9,31.3,84.0,0.04,E@0.8,2.4,,41.4,0.0,0.0,0,,"Hundred Circles, Benton County",100140,Hundred Circles,2017-12-12 01:10:35.811697
2013-02-07,03:45,36.4,36.4,31.5,82.3,0.04,SW@0.3,2.1,,41.4,0.0,0.0,0,,"Hundred Circles, Benton County",100140,Hundred Circles,2017-12-12 01:10:35.811697
2013-02-07,04:00,35.5,35.5,30.7,82.3,0.04,SW@2.1,6.7,,41.4,0.0,0.0,0,,"Hundred Circles, Benton County",100140,Hundred Circles,2017-12-12 01:10:35.811697
2013-02-07,04:15,35.0,35.1,30.3,82.7,0.05,SW@3.0,6.0,,41.4,0.0,0.0,0,,"Hundred Circles, Benton County",100140,Hundred Circles,2017-12-12 01:10:35.811697
2013-02-07,04:30,35.6,35.9,31.0,83.1,0.05,NE@0.9,4.2,,41.3,0.0,0.0,0,,"Hundred Circles, Benton County",100140,Hundred Circles,2017-12-12 01:10:35.811697
2013-02-07,04:45,35.6,35.6,30.8,82.4,0.05,E@1.2,2.8,,41.3,0.0,0.0,0,,"Hundred Circles, Benton County",100140,Hundred Circles,2017-12-12 01:10:35.811697
2013-02-07,05:00,34.7,34.9,30.6,84.7,0.06,S@0.1,2.4,,41.3,0.0,0.0,0,,"Hundred Circles, Benton County",100140,Hundred Circles,2017-12-12 01:10:35.811697
2013-02-07,05:15,36.7,37.0,32.7,85.4,0.07,N@0.0,0.0,,41.2,0.0,0.0,0,,"Hundred Circles, Benton County",100140,Hundred Circles,2017-12-12 01:10:35.811697
2013-02-07,05:30,37.7,37.9,33.3,84.1,0.07,S@0.0,1.7,,41.2,0.0,0.0,0,,"Hundred Circles, Benton County",100140,Hundred Circles,2017-12-12 01:10:35.811697
2013-02-07,05:45,38.1,38.4,33.3,82.6,0.08,N@0.0,0.0,,41.2,0.0,0.0,0,,"Hundred Circles, Benton County",100140,Hundred Circles,2017-12-12 01:10:35.811697
2013-02-07,06:00,38.0,38.2,32.8,81.3,0.08,N@0.0,0.0,,41.2,0.0,0.0,0,,"Hundred Circles, Benton County",100140,Hundred Circles,2017-12-12 01:10:35.811697
2013-02-07,06:15,38.2,38.5,32.7,80.3,0.08,N@0.0,0.0,,41.1,0.0,0.0,0,,"Hundred Circles, Benton County",100140,Hundred Circles,2017-12-12 01:10:35.811697
2013-02-07,06:30,39.0,39.2,32.6,77.4,0.08,N@0.0,0.0,,41.1,0.0,0.0,0,,"Hundred Circles, Benton County",100140,Hundred Circles,2017-12-12 01:10:35.811697
2013-02-07,06:45,39.4,39.6,32.1,74.7,0.08,N@0.0,0.0,,41.1,0.0,0.0,0,,"Hundred Circles, Benton County",100140,Hundred Circles,2017-12-12 01:10:35.811697
2013-02-07,07:00,39.2,39.4,32.1,75.5,0.07,N@0.0,0.0,,41.1,0.0,0.0,0,,"Hundred Circles, Benton County",100140,Hundred Circles,2017-12-12 01:10:35.811697
2013-02-07,07:15,40.1,40.4,32.0,72.5,0.07,N@0.0,0.0,,41.0,0.0,0.0,1,,"Hundred Circles, Benton County",100140,Hundred Circles,2017-12-12 01:10:35.811697
2013-02-07,07:30,39.9,40.0,31.9,72.8,0.06,N@0.0,0.0,,41.0,0.0,0.0,6,,"Hundred Circles, Benton County",100140,Hundred Circles,2017-12-12 01:10:35.811697
2013-02-07,07:45,39.0,39.2,32.0,75.8,0.05,N@0.0,0.0,,41.0,0.0,0.0,20,,"Hundred Circles, Benton County",100140,Hundred Circles,2017-12-12 01:10:35.811697
2013-02-07,08:00,39.0,39.2,31.9,75.5,0.05,N@0.0,0.0,,40.9,0.0,0.0,35,,"Hundred Circles, Benton County",100140,Hundred Circles,2017-12-12 01:10:35.811697
2013-02-07,08:15,38.9,39.1,32.0,76.0,0.05,N@0.0,0.0,,40.9,0.0,0.0,63,,"Hundred Circles, Benton County",100140,Hundred Circles,2017-12-12 01:10:35.811697
2013-02-07,08:30,39.7,39.9,31.8,73.1,0.05,N@0.0,0.0,,40.9,0.0,0.0,46,,"Hundred Circles, Benton County",100140,Hundred Circles,2017-12-12 01:10:35.811697
2013-02-07,08:45,39.7,39.8,31.6,72.5,0.04,N@0.0,0.0,,40.9,0.0,0.0,28,,"Hundred Circles, Benton County",100140,Hundred Circles,2017-12-12 01:10:35.811697
2013-02-07,09:00,39.8,40.0,31.5,72.0,0.04,N@0.0,0.0,,40.8,0.0,0.0,49,,"Hundred Circles, Benton County",100140,Hundred Circles,2017-12-12 01:10:35.811697
2013-02-07,09:15,40.6,40.8,32.0,71.3,0.03,SW@0.1,4.2,,40.8,0.0,0.0,69,,"Hundred Circles, Benton County",100140,Hundred Circles,2017-12-12 01:10:35.811697
2013-02-07,09:30,40.9,40.9,32.1,70.6,0.03,SW@0.7,2.8,,40.8,0.0,0.0,84,,"Hundred Circles, Benton County",100140,Hundred Circles,2017-12-12 01:10:35.811697
2013-02-07,09:45,40.5,40.7,32.3,72.1,0.03,SW@1.8,5.7,,40.8,0.0,0.0,99,,"Hundred Circles, Benton County",100140,Hundred Circles,2017-12-12 01:10:35.811697
2013-02-07,10:00,40.8,41.0,32.4,71.7,0.03,SW@0.3,5.7,,40.8,0.0,0.0,81,,"Hundred Circles, Benton County",100140,Hundred Circles,2017-12-12 01:10:35.811697
2013-02-07,10:15,40.7,40.9,32.5,72.2,0.02,S@0.1,2.1,,40.7,0.0,0.0,69,,"Hundred Circles, Benton County",100140,Hundred Circles,2017-12-12 01:10:35.811697
2013-02-07,10:30,41.4,41.6,32.6,70.8,0.02,S@0.3,4.6,,40.7,0.0,0.0,126,,"Hundred Circles, Benton County",100140,Hundred Circles,2017-12-12 01:10:35.811697
2013-02-07,10:45,42.0,42.1,32.8,69.6,0.02,S@0.3,4.6,,40.7,0.0,0.0,147,,"Hundred Circles, Benton County",100140,Hundred Circles,2017-12-12 01:10:35.811697
2013-02-07,11:00,42.9,43.1,32.4,65.9,0.02,SW@0.1,3.9,,40.7,0.0,0.0,165,,"Hundred Circles, Benton County",100140,Hundred Circles,2017-12-12 01:10:35.811697
2013-02-07,11:15,43.5,43.6,32.1,63.9,0.02,W@0.2,4.6,,40.7,0.0,0.0,165,,"Hundred Circles, Benton County",100140,Hundred Circles,2017-12-12 01:10:35.811697
2013-02-07,11:30,43.9,44.0,32.3,63.4,0.02,SW@0.4,4.2,,40.7,0.0,0.0,188,,"Hundred Circles, Benton County",100140,Hundred Circles,2017-12-12 01:10:35.811697
2013-02-07,11:45,45.4,45.6,33.2,62.0,0.01,SW@0.8,4.6,,40.7,0.0,0.0,307,,"Hundred Circles, Benton County",100140,Hundred Circles,2017-12-12 01:10:35.811697
2013-02-07,12:00,46.9,46.9,33.1,58.6,0.01,SW@2.3,6.0,,40.7,0.0,0.0,326,,"Hundred Circles, Benton County",100140,Hundred Circles,2017-12-12 01:10:35.811697
2013-02-07,12:15,46.3,46.3,32.8,59.1,0.01,SW@2.3,8.2,,40.7,0.0,0.0,301,,"Hundred Circles, Benton County",100140,Hundred Circles,2017-12-12 01:10:35.811697
2013-02-07,12:30,47.2,47.3,33.1,57.8,0.0,SW@3.4,11.7,,40.7,0.0,0.0,350,,"Hundred Circles, Benton County",100140,Hundred Circles,2017-12-12 01:10:35.811697
2013-02-07,12:45,47.1,47.2,32.7,57.0,0.0,SW@0.5,4.9,,40.7,0.0,0.0,232,,"Hundred Circles, Benton County",100140,Hundred Circles,2017-12-12 01:10:35.811697
2013-02-07,13:00,48.2,48.3,33.0,55.3,0.0,SW@2.1,6.7,,40.7,0.0,0.0,306,,"Hundred Circles, Benton County",100140,Hundred Circles,2017-12-12 01:10:35.811697
2013-02-07,13:15,47.7,47.6,32.7,55.6,0.0,S@1.9,6.7,,40.7,0.0,0.0,213,,"Hundred Circles, Benton County",100140,Hundred Circles,2017-12-12 01:10:35.811697
2013-02-07,13:30,47.1,47.1,33.1,58.0,0.0,S@0.7,8.5,,40.7,0.0,0.0,244,,"Hundred Circles, Benton County",100140,Hundred Circles,2017-12-12 01:10:35.811697
2013-02-07,13:45,47.0,47.0,32.6,57.1,0.0,S@1.6,8.5,,40.8,0.0,0.0,186,,"Hundred Circles, Benton County",100140,Hundred Circles,2017-12-12 01:10:35.811697
2013-02-07,14:00,47.0,47.0,32.3,56.5,0.0,SW@0.8,5.3,,40.8,0.0,0.0,172,,"Hundred Circles, Benton County",100140,Hundred Circles,2017-12-12 01:10:35.811697
2013-02-07,14:15,47.4,47.5,31.8,54.4,0.0,SW@1.1,8.2,,40.8,0.0,0.0,215,,"Hundred Circles, Benton County",100140,Hundred Circles,2017-12-12 01:10:35.811697
2013-02-07,14:30,47.3,47.2,31.0,53.1,0.0,SW@2.7,7.8,,40.9,0.0,0.0,167,,"Hundred Circles, Benton County",100140,Hundred Circles,2017-12-12 01:10:35.811697
2013-02-07,14:45,47.0,47.0,31.0,53.6,0.0,SW@1.9,6.0,,40.9,0.0,0.0,142,,"Hundred Circles, Benton County",100140,Hundred Circles,2017-12-12 01:10:35.811697
2013-02-07,15:00,46.9,46.9,31.0,53.8,0.0,SW@1.8,6.4,,41.0,0.0,0.0,141,,"Hundred Circles, Benton County",100140,Hundred Circles,2017-12-12 01:10:35.811697
2013-02-07,15:15,46.8,46.8,31.0,53.9,0.0,S@0.9,4.9,,41.0,0.0,0.0,124,,"Hundred Circles, Benton County",100140,Hundred Circles,2017-12-12 01:10:35.811697
2013-02-07,15:30,46.9,47.0,30.7,52.9,0.0,SW@1.8,8.5,,41.1,0.0,0.0,139,,"Hundred Circles, Benton County",100140,Hundred Circles,2017-12-12 01:10:35.811697
2013-02-07,15:45,47.8,47.8,30.3,50.4,0.0,SW@3.3,7.1,,41.1,0.0,0.0,158,,"Hundred Circles, Benton County",100140,Hundred Circles,2017-12-12 01:10:35.811697
2013-02-07,16:00,47.5,47.5,29.8,50.1,0.0,SW@1.7,5.7,,41.2,0.0,0.0,132,,"Hundred Circles, Benton County",100140,Hundred Circles,2017-12-12 01:10:35.811697
2013-02-07,16:15,47.8,47.8,29.9,49.7,0.0,SW@5.3,9.6,,41.2,0.0,0.0,150,,"Hundred Circles, Benton County",100140,Hundred Circles,2017-12-12 01:10:35.811697
2013-02-07,16:30,47.4,47.3,29.4,49.5,0.0,S@2.6,6.7,,41.2,0.0,0.0,95,,"Hundred Circles, Benton County",100140,Hundred Circles,2017-12-12 01:10:35.811697
2013-02-07,16:45,47.5,47.5,30.0,50.3,0.0,S@3.7,6.7,,41.3,0.0,0.0,108,,"Hundred Circles, Benton County",100140,Hundred Circles,2017-12-12 01:10:35.811697
2013-02-07,17:00,46.6,46.4,29.7,51.5,0.0,S@1.8,4.6,,41.3,0.0,0.0,63,,"Hundred Circles, Benton County",100140,Hundred Circles,2017-12-12 01:10:35.811697
2013-02-07,17:15,44.5,44.3,29.3,54.9,0.0,S@1.9,4.6,,41.4,0.0,0.0,17,,"Hundred Circles, Benton County",100140,Hundred Circles,2017-12-12 01:10:35.811697
2013-02-07,17:30,42.5,42.6,28.2,56.6,0.0,S@1.0,3.5,,41.4,0.0,0.0,2,,"Hundred Circles, Benton County",100140,Hundred Circles,2017-12-12 01:10:35.811697
2013-02-07,17:45,41.8,41.8,27.9,57.5,0.0,S@0.3,2.8,,41.4,0.0,0.0,0,,"Hundred Circles, Benton County",100140,Hundred Circles,2017-12-12 01:10:35.811697
2013-02-07,18:00,40.0,39.9,27.5,60.8,0.0,S@0.9,4.6,,41.5,0.0,0.0,0,,"Hundred Circles, Benton County",100140,Hundred Circles,2017-12-12 01:10:35.811697
2013-02-07,18:15,38.8,38.9,26.9,62.1,0.0,SW@2.1,6.0,,41.5,0.0,0.0,0,,"Hundred Circles, Benton County",100140,Hundred Circles,2017-12-12 01:10:35.811697
2013-02-07,18:30,38.5,38.6,26.5,61.8,0.0,SW@0.7,3.5,,41.5,0.0,0.0,0,,"Hundred Circles, Benton County",100140,Hundred Circles,2017-12-12 01:10:35.811697
2013-02-07,18:45,34.8,34.4,24.9,66.7,0.0,W@0.4,3.1,,41.6,0.0,0.0,0,,"Hundred Circles, Benton County",100140,Hundred Circles,2017-12-12 01:10:35.811697
2013-02-07,19:00,32.8,32.8,25.3,73.6,0.0,NW@0.0,1.7,,41.6,0.0,0.0,0,,"Hundred Circles, Benton County",100140,Hundred Circles,2017-12-12 01:10:35.811697
2013-02-07,19:15,33.9,34.1,26.0,72.3,0.0,W@0.5,2.8,,41.6,0.0,0.0,0,,"Hundred Circles, Benton County",100140,Hundred Circles,2017-12-12 01:10:35.811697
2013-02-07,19:30,34.5,34.3,25.0,67.9,0.0,SW@2.2,3.5,,41.6,0.0,0.0,0,,"Hundred Circles, Benton County",100140,Hundred Circles,2017-12-12 01:10:35.811697
2013-02-07,19:45,29.6,29.5,23.0,77.5,0.0,NW@1.9,4.6,,41.6,0.0,0.0,0,,"Hundred Circles, Benton County",100140,Hundred Circles,2017-12-12 01:10:35.811697
2013-02-07,20:00,28.8,28.9,23.2,80.9,0.0,NW@0.7,3.1,,41.6,0.0,0.0,0,,"Hundred Circles, Benton County",100140,Hundred Circles,2017-12-12 01:10:35.811697
2013-02-07,20:15,28.5,28.6,23.3,82.5,0.0,NW@1.7,4.9,,41.6,0.0,0.0,0,,"Hundred Circles, Benton County",100140,Hundred Circles,2017-12-12 01:10:35.811697
2013-02-07,20:30,30.0,30.3,25.2,83.6,0.0,N@2.3,5.3,,41.6,0.0,0.0,0,,"Hundred Circles, Benton County",100140,Hundred Circles,2017-12-12 01:10:35.811697
2013-02-07,20:45,31.7,32.1,26.6,81.5,0.01,N@0.7,5.7,,41.6,0.0,0.0,0,,"Hundred Circles, Benton County",100140,Hundred Circles,2017-12-12 01:10:35.811697
2013-02-07,21:00,31.0,31.0,25.6,81.1,0.01,NW@0.5,4.9,,41.6,0.0,0.0,0,,"Hundred Circles, Benton County",100140,Hundred Circles,2017-12-12 01:10:35.811697
2013-02-07,21:15,30.7,31.0,25.8,82.8,0.01,NW@1.0,2.8,,41.5,0.0,0.0,0,,"Hundred Circles, Benton County",100140,Hundred Circles,2017-12-12 01:10:35.811697
2013-02-07,21:30,31.3,31.2,26.0,81.2,0.02,NE@2.0,4.2,,41.5,0.0,0.0,0,,"Hundred Circles, Benton County",100140,Hundred Circles,2017-12-12 01:10:35.811697
2013-02-07,21:45,30.1,30.2,25.0,82.3,0.02,NE@2.2,4.9,,41.5,0.0,0.0,0,,"Hundred Circles, Benton County",100140,Hundred Circles,2017-12-12 01:10:35.811697
2013-02-07,22:00,28.8,28.9,23.7,82.9,0.02,E@1.6,5.3,,41.4,0.0,0.0,0,,"Hundred Circles, Benton County",100140,Hundred Circles,2017-12-12 01:10:35.811697
2013-02-07,22:15,29.0,29.2,24.4,84.7,0.02,SE@1.1,3.5,,41.4,0.0,0.0,0,,"Hundred Circles, Benton County",100140,Hundred Circles,2017-12-12 01:10:35.811697
2013-02-07,22:30,28.1,28.1,23.2,83.7,0.03,W@1.8,3.1,,41.3,0.0,0.0,0,,"Hundred Circles, Benton County",100140,Hundred Circles,2017-12-12 01:10:35.811697
2013-02-07,22:45,28.5,28.7,23.9,85.0,0.04,N@0.5,2.8,,41.3,0.0,0.0,0,,"Hundred Circles, Benton County",100140,Hundred Circles,2017-12-12 01:10:35.811697
2013-02-07,23:00,29.7,29.8,25.0,84.1,0.05,E@0.7,2.8,,41.3,0.0,0.0,0,,"Hundred Circles, Benton County",100140,Hundred Circles,2017-12-12 01:10:35.811697
2013-02-07,23:15,29.0,29.0,24.1,83.6,0.06,SE@0.2,2.8,,41.2,0.0,0.0,0,,"Hundred Circles, Benton County",100140,Hundred Circles,2017-12-12 01:10:35.811697
2013-02-07,23:30,27.9,28.0,23.1,84.2,0.08,SW@0.2,2.4,,41.2,0.0,0.0,0,,"Hundred Circles, Benton County",100140,Hundred Circles,2017-12-12 01:10:35.811697
2013-02-07,23:45,28.0,28.1,23.3,84.7,0.1,SW@1.8,4.9,,41.1,0.0,0.0,0,,"Hundred Circles, Benton County",100140,Hundred Circles,2017-12-12 01:10:35.811697
2013-02-07,24:00,27.9,28.0,23.1,84.4,0.07,W@1.7,4.6,,41.1,0.0,0.0,0,,"Hundred Circles, Benton County",100140,Hundred Circles,2017-12-12 01:10:35.811697
2013-02-08,00:15,28.5,28.6,23.8,84.4,0.07,N@0.0,0.0,,41.0,0.0,0.0,0,,"Hundred Circles, Benton County",100140,Hundred Circles,2017-12-12 01:10:35.811697
2013-02-08,00:30,26.9,26.8,21.6,83.1,0.07,NW@2.1,3.9,,41.0,0.0,0.0,0,,"Hundred Circles, Benton County",100140,Hundred Circles,2017-12-12 01:10:35.811697
2013-02-08,00:45,26.0,26.1,21.2,84.8,0.07,N@2.0,3.9,,40.9,0.0,0.0,0,,"Hundred Circles, Benton County",100140,Hundred Circles,2017-12-12 01:10:35.811697
2013-02-08,01:00,24.7,24.7,19.6,84.6,0.07,E@1.3,3.5,,40.8,0.0,0.0,0,,"Hundred Circles, Benton County",100140,Hundred Circles,2017-12-12 01:10:35.811697
2013-02-08,01:15,24.3,24.2,19.3,85.0,0.07,NW@0.8,3.1,,40.8,0.0,0.0,0,,"Hundred Circles, Benton County",100140,Hundred Circles,2017-12-12 01:10:35.811697
2013-02-08,01:30,24.1,24.2,19.3,85.7,0.07,N@1.4,3.5,,40.7,0.0,0.0,0,,"Hundred Circles, Benton County",100140,Hundred Circles,2017-12-12 01:10:35.811697
2013-02-08,01:45,24.1,24.1,19.3,85.8,0.08,N@1.5,3.1,,40.7,0.0,0.0,0,,"Hundred Circles, Benton County",100140,Hundred Circles,2017-12-12 01:10:35.811697
2013-02-08,02:00,24.2,24.2,19.4,85.9,0.08,NW@1.2,3.1,,40.6,0.0,0.0,0,,"Hundred Circles, Benton County",100140,Hundred Circles,2017-12-12 01:10:35.811697
2013-02-08,02:15,23.8,23.8,19.0,85.9,0.08,N@1.5,3.1,,40.6,0.0,0.0,0,,"Hundred Circles, Benton County",100140,Hundred Circles,2017-12-12 01:10:35.811697
2013-02-08,02:30,23.6,23.6,18.8,86.0,0.08,NW@1.9,2.8,,40.5,0.0,0.0,0,,"Hundred Circles, Benton County",100140,Hundred Circles,2017-12-12 01:10:35.811697
2013-02-08,02:45,23.0,23.0,18.1,85.9,0.08,NW@0.8,2.8,,40.5,0.0,0.0,0,,"Hundred Circles, Benton County",100140,Hundred Circles,2017-12-12 01:10:35.811697
2013-02-08,03:00,23.3,23.4,18.5,86.3,0.09,NW@0.9,3.1,,40.4,0.0,0.0,0,,"Hundred Circles, Benton County",100140,Hundred Circles,2017-12-12 01:10:35.811697
2013-02-08,03:15,23.2,23.1,18.3,85.9,0.09,NW@0.8,2.8,,40.3,0.0,0.0,0,,"Hundred Circles, Benton County",100140,Hundred Circles,2017-12-12 01:10:35.811697
2013-02-08,03:30,22.7,22.8,17.8,85.9,0.09,NW@1.2,3.1,,40.3,0.0,0.0,0,,"Hundred Circles, Benton County",100140,Hundred Circles,2017-12-12 01:10:35.811697
2013-02-08,03:45,23.2,23.3,18.5,86.3,0.09,N@1.6,3.5,,40.2,0.0,0.0,0,,"Hundred Circles, Benton County",100140,Hundred Circles,2017-12-12 01:10:35.811697
2013-02-08,04:00,22.1,22.0,17.0,85.6,0.09,E@1.4,3.5,,40.2,0.0,0.0,0,,"Hundred Circles, Benton County",100140,Hundred Circles,2017-12-12 01:10:35.811697
2013-02-08,04:15,21.1,21.2,15.9,85.6,0.1,E@1.9,3.1,,40.1,0.0,0.0,0,,"Hundred Circles, Benton County",100140,Hundred Circles,2017-12-12 01:10:35.811697
2013-02-08,04:30,21.2,21.5,16.2,85.8,0.1,NW@0.6,2.4,,40.1,0.0,0.0,0,,"Hundred Circles, Benton County",100140,Hundred Circles,2017-12-12 01:10:35.811697
2013-02-08,04:45,22.1,22.5,17.3,86.2,0.11,NW@0.6,2.8,,40.0,0.0,0.0,0,,"Hundred Circles, Benton County",100140,Hundred Circles,2017-12-12 01:10:35.811697
2013-02-08,05:00,23.4,23.8,18.8,86.7,0.12,NW@1.0,3.5,,40.0,0.0,0.0,0,,"Hundred Circles, Benton County",100140,Hundred Circles,2017-12-12 01:10:35.811697
2013-02-08,05:15,24.4,24.6,19.9,86.9,0.12,NW@0.5,2.8,,39.9,0.0,0.0,0,,"Hundred Circles, Benton County",100140,Hundred Circles,2017-12-12 01:10:35.811697
2013-02-08,05:30,25.3,25.6,21.1,87.3,0.13,N@1.2,4.2,,39.9,0.0,0.0,0,,"Hundred Circles, Benton County",100140,Hundred Circles,2017-12-12 01:10:35.811697
2013-02-08,05:45,26.2,26.4,22.1,87.6,0.14,N@1.1,2.8,,39.8,0.0,0.0,0,,"Hundred Circles, Benton County",100140,Hundred Circles,2017-12-12 01:10:35.811697
2013-02-08,06:00,26.5,26.7,22.4,87.6,0.15,NE@1.7,4.2,,39.8,0.0,0.0,0,,"Hundred Circles, Benton County",100140,Hundred Circles,2017-12-12 01:10:35.811697
2013-02-08,06:15,26.9,27.0,22.9,87.7,0.15,N@0.8,2.8,,39.7,0.0,0.0,0,,"Hundred Circles, Benton County",100140,Hundred Circles,2017-12-12 01:10:35.811697
2013-02-08,06:30,27.0,27.1,23.0,87.7,0.16,NE@1.7,3.1,,39.7,0.0,0.0,0,,"Hundred Circles, Benton County",100140,Hundred Circles,2017-12-12 01:10:35.811697
2013-02-08,06:45,26.9,26.9,22.9,87.6,0.16,NW@0.1,2.1,,39.6,0.0,0.0,0,,"Hundred Circles, Benton County",100140,Hundred Circles,2017-12-12 01:10:35.811697
2013-02-08,07:00,27.0,27.0,23.0,87.7,0.16,N@0.0,0.0,,39.6,0.0,0.0,0,,"Hundred Circles, Benton County",100140,Hundred Circles,2017-12-12 01:10:35.811697
2013-02-08,07:15,26.6,26.6,22.6,87.5,0.16,NW@0.0,1.4,,39.5,0.0,0.0,3,,"Hundred Circles, Benton County",100140,Hundred Circles,2017-12-12 01:10:35.811697
2013-02-08,07:30,25.9,26.1,21.8,87.6,0.16,NW@0.1,1.4,,39.5,0.0,0.0,10,,"Hundred Circles, Benton County",100140,Hundred Circles,2017-12-12 01:10:35.811697
2013-02-08,07:45,25.8,25.9,21.7,87.8,0.16,N@1.0,2.4,,39.4,0.0,0.0,20,,"Hundred Circles, Benton County",100140,Hundred Circles,2017-12-12 01:10:35.811697
2013-02-08,08:00,25.3,25.3,21.1,87.7,0.15,N@0.4,2.4,,39.4,0.0,0.0,22,,"Hundred Circles, Benton County",100140,Hundred Circles,2017-12-12 01:10:35.811697
2013-02-08,08:15,25.1,25.2,20.8,87.4,0.16,NW@0.0,1.4,,39.4,0.0,0.0,90,,"Hundred Circles, Benton County",100140,Hundred Circles,2017-12-12 01:10:35.811697
2013-02-08,08:30,26.2,26.8,21.9,86.9,0.17,N@0.5,2.1,,39.3,0.0,0.0,160,,"Hundred Circles, Benton County",100140,Hundred Circles,2017-12-12 01:10:35.811697
2013-02-08,08:45,28.6,28.9,24.4,86.4,0.19,NE@0.9,2.4,,39.3,0.0,0.0,194,,"Hundred Circles, Benton County",100140,Hundred Circles,2017-12-12 01:10:35.811697
2013-02-08,09:00,30.3,30.4,25.9,84.8,0.21,E@1.5,3.1,,39.2,0.0,0.0,231,,"Hundred Circles, Benton County",100140,Hundred Circles,2017-12-12 01:10:35.811697
2013-02-08,09:15,31.3,31.5,26.5,82.8,0.23,NE@1.5,2.8,,39.2,0.0,0.0,282,,"Hundred Circles, Benton County",100140,Hundred Circles,2017-12-12 01:10:35.811697
2013-02-08,09:30,32.2,32.3,27.2,81.4,0.25,N@1.3,2.8,,39.1,0.0,0.0,309,,"Hundred Circles, Benton County",100140,Hundred Circles,2017-12-12 01:10:35.811697
2013-02-08,09:45,33.7,33.7,28.2,79.8,0.29,E@1.5,3.1,,39.1,0.0,0.0,339,,"Hundred Circles, Benton County",100140,Hundred Circles,2017-12-12 01:10:35.811697
2013-02-08,10:00,34.5,34.5,27.9,76.5,0.3,E@2.1,4.6,,39.1,0.0,0.0,370,,"Hundred Circles, Benton County",100140,Hundred Circles,2017-12-12 01:10:35.811697
2013-02-08,10:15,36.2,36.3,29.0,74.8,0.31,SE@2.2,4.6,,39.0,0.0,0.0,416,,"Hundred Circles, Benton County",100140,Hundred Circles,2017-12-12 01:10:35.811697
2013-02-08,10:30,36.3,36.5,28.5,73.0,0.23,S@3.4,5.7,,39.0,0.0,0.0,439,,"Hundred Circles, Benton County",100140,Hundred Circles,2017-12-12 01:10:35.811697
2013-02-08,10:45,36.9,36.9,28.8,72.4,0.2,S@3.0,5.3,,38.9,0.0,0.0,365,,"Hundred Circles, Benton County",100140,Hundred Circles,2017-12-12 01:10:35.811697
2013-02-08,11:00,38.3,38.5,29.3,69.7,0.18,S@2.0,3.9,,38.9,0.0,0.0,434,,"Hundred Circles, Benton County",100140,Hundred Circles,2017-12-12 01:10:35.811697
2013-02-08,11:15,40.1,40.3,29.7,66.3,0.16,SE@2.2,4.6,,38.9,0.0,0.0,471,,"Hundred Circles, Benton County",100140,Hundred Circles,2017-12-12 01:10:35.811697
2013-02-08,11:30,41.7,41.8,30.1,63.2,0.14,S@2.0,4.6,,38.9,0.0,0.0,478,,"Hundred Circles, Benton County",100140,Hundred Circles,2017-12-12 01:10:35.811697
2013-02-08,11:45,42.3,42.3,30.1,61.6,0.1,S@2.6,5.3,,38.8,0.0,0.0,484,,"Hundred Circles, Benton County",100140,Hundred Circles,2017-12-12 01:10:35.811697
2013-02-08,12:00,43.0,43.1,29.4,58.2,0.08,S@2.7,5.3,,38.8,0.0,0.0,489,,"Hundred Circles, Benton County",100140,Hundred Circles,2017-12-12 01:10:35.811697
2013-02-08,12:15,43.8,43.8,28.1,53.7,0.06,SE@2.5,5.3,,38.8,0.0,0.0,490,,"Hundred Circles, Benton County",100140,Hundred Circles,2017-12-12 01:10:35.811697
2013-02-08,12:30,44.8,44.8,28.0,51.6,0.04,SE@3.6,5.7,,38.8,0.0,0.0,492,,"Hundred Circles, Benton County",100140,Hundred Circles,2017-12-12 01:10:35.811697
2013-02-08,12:45,45.2,45.3,27.8,50.3,0.03,SE@3.8,7.1,,38.8,0.0,0.0,487,,"Hundred Circles, Benton County",100140,Hundred Circles,2017-12-12 01:10:35.811697
2013-02-08,13:00,46.3,46.3,27.9,48.4,0.02,S@3.2,7.1,,38.8,0.0,0.0,479,,"Hundred Circles, Benton County",100140,Hundred Circles,2017-12-12 01:10:35.811697
2013-02-08,13:15,46.6,46.5,27.9,47.8,0.02,S@3.8,6.7,,38.9,0.0,0.0,468,,"Hundred Circles, Benton County",100140,Hundred Circles,2017-12-12 01:10:35.811697
2013-02-08,13:30,46.9,46.8,28.3,48.2,0.01,S@4.7,8.9,,38.9,0.0,0.0,456,,"Hundred Circles, Benton County",100140,Hundred Circles,2017-12-12 01:10:35.811697
2013-02-08,13:45,47.4,47.2,28.3,47.2,0.0,SE@3.8,7.4,,39.0,0.0,0.0,439,,"Hundred Circles, Benton County",100140,Hundred Circles,2017-12-12 01:10:35.811697
2013-02-08,14:00,47.8,47.8,28.3,46.6,0.0,S@3.4,6.7,,39.0,0.0,0.0,419,,"Hundred Circles, Benton County",100140,Hundred Circles,2017-12-12 01:10:35.811697
2013-02-08,14:15,48.3,48.2,28.0,45.0,0.0,S@3.6,6.0,,39.1,0.0,0.0,398,,"Hundred Circles, Benton County",100140,Hundred Circles,2017-12-12 01:10:35.811697
2013-02-08,14:30,48.8,48.7,27.5,43.4,0.0,SW@4.4,7.1,,39.2,0.0,0.0,374,,"Hundred Circles, Benton County",100140,Hundred Circles,2017-12-12 01:10:35.811697
2013-02-08,14:45,48.9,48.7,27.3,42.7,0.0,S@4.3,7.4,,39.3,0.0,0.0,346,,"Hundred Circles, Benton County",100140,Hundred Circles,2017-12-12 01:10:35.811697
2013-02-08,15:00,48.6,48.4,26.4,41.8,0.0,SE@4.7,7.4,,39.3,0.0,0.0,316,,"Hundred Circles, Benton County",100140,Hundred Circles,2017-12-12 01:10:35.811697
2013-02-08,15:15,48.8,48.7,26.2,41.1,0.0,S@4.1,7.1,,39.4,0.0,0.0,284,,"Hundred Circles, Benton County",100140,Hundred Circles,2017-12-12 01:10:35.811697
2013-02-08,15:30,48.5,48.3,25.3,40.0,0.0,S@3.7,6.0,,39.5,0.0,0.0,252,,"Hundred Circles, Benton County",100140,Hundred Circles,2017-12-12 01:10:35.811697
2013-02-08,15:45,48.4,48.3,25.0,39.7,0.0,S@4.4,7.1,,39.6,0.0,0.0,217,,"Hundred Circles, Benton County",100140,Hundred Circles,2017-12-12 01:10:35.811697
2013-02-08,16:00,48.0,47.9,24.1,38.8,0.0,SE@4.1,6.7,,39.8,0.0,0.0,182,,"Hundred Circles, Benton County",100140,Hundred Circles,2017-12-12 01:10:35.811697
2013-02-08,16:15,48.0,47.9,25.2,40.6,0.0,S@3.7,6.4,,39.9,0.0,0.0,146,,"Hundred Circles, Benton County",100140,Hundred Circles,2017-12-12 01:10:35.811697
2013-02-08,16:30,47.5,47.3,26.2,43.2,0.0,S@3.5,4.9,,40.0,0.0,0.0,112,,"Hundred Circles, Benton County",100140,Hundred Circles,2017-12-12 01:10:35.811697
2013-02-08,16:45,46.5,46.3,27.5,47.2,0.0,S@2.5,4.2,,40.1,0.0,0.0,79,,"Hundred Circles, Benton County",100140,Hundred Circles,2017-12-12 01:10:35.811697
2013-02-08,17:00,44.4,44.2,27.6,51.2,0.0,S@3.1,4.2,,40.2,0.0,0.0,49,,"Hundred Circles, Benton County",100140,Hundred Circles,2017-12-12 01:10:35.811697
2013-02-08,17:15,42.5,42.4,26.6,53.0,0.0,S@3.1,3.9,,40.3,0.0,0.0,16,,"Hundred Circles, Benton County",100140,Hundred Circles,2017-12-12 01:10:35.811697
2013-02-08,17:30,40.8,40.8,26.3,55.8,0.0,S@2.2,3.1,,40.4,0.0,0.0,2,,"Hundred Circles, Benton County",100140,Hundred Circles,2017-12-12 01:10:35.811697
2013-02-08,17:45,40.5,40.5,26.0,55.8,0.0,SE@1.3,2.4,,40.5,0.0,0.0,0,,"Hundred Circles, Benton County",100140,Hundred Circles,2017-12-12 01:10:35.811697
2013-02-08,18:00,39.8,39.6,25.4,56.0,0.0,NW@0.1,1.7,,40.6,0.0,0.0,0,,"Hundred Circles, Benton County",100140,Hundred Circles,2017-12-12 01:10:35.811697
2013-02-08,18:15,37.8,37.5,25.1,59.9,0.0,N@1.1,2.4,,40.6,0.0,0.0,0,,"Hundred Circles, Benton County",100140,Hundred Circles,2017-12-12 01:10:35.811697
2013-02-08,18:30,33.6,33.2,23.8,66.8,0.0,NW@1.7,3.1,,40.7,0.0,0.0,0,,"Hundred Circles, Benton County",100140,Hundred Circles,2017-12-12 01:10:35.811697
2013-02-08,18:45,31.6,31.6,23.5,71.9,0.0,NW@2.2,4.2,,40.8,0.0,0.0,0,,"Hundred Circles, Benton County",100140,Hundred Circles,2017-12-12 01:10:35.811697
2013-02-08,19:00,31.2,31.5,24.0,74.9,0.0,NW@2.2,4.6,,40.8,0.0,0.0,0,,"Hundred Circles, Benton County",100140,Hundred Circles,2017-12-12 01:10:35.811697
2013-02-08,19:15,31.1,31.1,23.9,75.0,0.0,N@2.6,5.3,,40.9,0.0,0.0,0,,"Hundred Circles, Benton County",100140,Hundred Circles,2017-12-12 01:10:35.811697
2013-02-08,19:30,30.3,30.5,23.4,76.3,0.0,NW@1.0,3.9,,40.9,0.0,0.0,0,,"Hundred Circles, Benton County",100140,Hundred Circles,2017-12-12 01:10:35.811697
2013-02-08,19:45,29.9,30.1,23.4,77.5,0.0,NW@2.7,4.6,,40.9,0.0,0.0,0,,"Hundred Circles, Benton County",100140,Hundred Circles,2017-12-12 01:10:35.811697
2013-02-08,20:00,28.8,28.7,22.4,78.6,0.0,NE@2.5,3.9,,40.9,0.0,0.0,0,,"Hundred Circles, Benton County",100140,Hundred Circles,2017-12-12 01:10:35.811697
2013-02-08,20:15,27.6,27.7,21.6,80.4,0.0,E@2.5,4.6,,41.0,0.0,0.0,0,,"Hundred Circles, Benton County",100140,Hundred Circles,2017-12-12 01:10:35.811697
2013-02-08,20:30,28.0,28.3,22.4,81.6,0.0,E@1.0,2.8,,41.0,0.0,0.0,0,,"Hundred Circles, Benton County",100140,Hundred Circles,2017-12-12 01:10:35.811697
2013-02-08,20:45,28.6,28.6,22.7,80.4,0.01,S@2.3,3.1,,41.0,0.0,0.0,0,,"Hundred Circles, Benton County",100140,Hundred Circles,2017-12-12 01:10:35.811697
2013-02-08,21:00,28.4,28.5,22.4,79.9,0.01,W@2.9,3.9,,40.9,0.0,0.0,0,,"Hundred Circles, Benton County",100140,Hundred Circles,2017-12-12 01:10:35.811697
2013-02-08,21:15,26.6,26.4,20.2,79.5,0.01,NW@2.1,3.5,,40.9,0.0,0.0,0,,"Hundred Circles, Benton County",100140,Hundred Circles,2017-12-12 01:10:35.811697
2013-02-08,21:30,26.2,26.4,20.5,82.0,0.01,NW@2.5,4.6,,40.9,0.0,0.0,0,,"Hundred Circles, Benton County",100140,Hundred Circles,2017-12-12 01:10:35.811697
2013-02-08,21:45,27.5,27.7,21.6,80.6,0.02,SW@0.6,3.1,,40.9,0.0,0.0,0,,"Hundred Circles, Benton County",100140,Hundred Circles,2017-12-12 01:10:35.811697
2013-02-08,22:00,26.1,26.0,19.8,80.0,0.02,N@2.4,3.5,,40.8,0.0,0.0,0,,"Hundred Circles, Benton County",100140,Hundred Circles,2017-12-12 01:10:35.811697
2013-02-08,22:15,25.7,25.7,19.8,81.2,0.02,NW@1.5,2.8,,40.8,0.0,0.0,0,,"Hundred Circles, Benton County",100140,Hundred Circles,2017-12-12 01:10:35.811697
2013-02-08,22:30,25.8,25.9,19.9,81.5,0.02,NW@1.7,3.1,,40.8,0.0,0.0,0,,"Hundred Circles, Benton County",100140,Hundred Circles,2017-12-12 01:10:35.811697
2013-02-08,22:45,25.3,25.4,19.5,81.7,0.02,NW@1.5,3.9,,40.7,0.0,0.0,0,,"Hundred Circles, Benton County",100140,Hundred Circles,2017-12-12 01:10:35.811697
2013-02-08,23:00,25.5,25.8,19.8,82.3,0.03,N@0.4,3.9,,40.7,0.0,0.0,0,,"Hundred Circles, Benton County",100140,Hundred Circles,2017-12-12 01:10:35.811697
2013-02-08,23:15,25.2,25.2,19.2,81.2,0.03,N@2.4,3.9,,40.6,0.0,0.0,0,,"Hundred Circles, Benton County",100140,Hundred Circles,2017-12-12 01:10:35.811697
2013-02-08,23:30,25.8,25.9,20.0,81.5,0.03,S@0.6,2.1,,40.6,0.0,0.0,0,,"Hundred Circles, Benton County",100140,Hundred Circles,2017-12-12 01:10:35.811697
2013-02-08,23:45,25.0,25.0,18.8,80.5,0.04,NW@2.3,4.2,,40.5,0.0,0.0,0,,"Hundred Circles, Benton County",100140,Hundred Circles,2017-12-12 01:10:35.811697
2013-02-08,24:00,24.2,24.3,18.2,81.6,0.04,NW@2.0,4.2,,40.5,0.0,0.0,0,,"Hundred Circles, Benton County",100140,Hundred Circles,2017-12-12 01:10:35.811697
2013-02-09,00:15,24.7,25.1,19.0,82.3,0.04,NE@1.2,3.9,,40.4,0.0,0.0,0,,"Hundred Circles, Benton County",100140,Hundred Circles,2017-12-12 01:10:35.811697
2013-02-09,00:30,24.0,24.0,18.2,82.3,0.04,S@0.4,2.4,,40.4,0.0,0.0,0,,"Hundred Circles, Benton County",100140,Hundred Circles,2017-12-12 01:10:35.811697
2013-02-09,00:45,23.3,23.4,17.6,82.8,0.05,W@1.2,3.1,,40.3,0.0,0.0,0,,"Hundred Circles, Benton County",100140,Hundred Circles,2017-12-12 01:10:35.811697
2013-02-09,01:00,22.9,23.1,17.2,82.9,0.05,NW@2.1,3.5,,40.3,0.0,0.0,0,,"Hundred Circles, Benton County",100140,Hundred Circles,2017-12-12 01:10:35.811697
2013-02-09,01:15,23.2,23.3,17.8,83.7,0.05,N@1.7,3.1,,40.2,0.0,0.0,0,,"Hundred Circles, Benton County",100140,Hundred Circles,2017-12-12 01:10:35.811697
2013-02-09,01:30,22.9,22.8,17.2,83.1,0.05,NW@1.3,3.5,,40.2,0.0,0.0,0,,"Hundred Circles, Benton County",100140,Hundred Circles,2017-12-12 01:10:35.811697
2013-02-09,01:45,21.6,21.6,15.8,82.8,0.05,NW@1.7,3.1,,40.1,0.0,0.0,0,,"Hundred Circles, Benton County",100140,Hundred Circles,2017-12-12 01:10:35.811697
2013-02-09,02:00,21.8,21.9,16.2,83.8,0.05,N@1.6,3.9,,40.1,0.0,0.0,0,,"Hundred Circles, Benton County",100140,Hundred Circles,2017-12-12 01:10:35.811697
2013-02-09,02:15,23.1,23.3,17.8,84.3,0.06,N@3.2,4.6,,40.0,0.0,0.0,0,,"Hundred Circles, Benton County",100140,Hundred Circles,2017-12-12 01:10:35.811697
2013-02-09,02:30,22.5,22.7,17.0,83.7,0.06,NW@1.9,3.1,,40.0,0.0,0.0,0,,"Hundred Circles, Benton County",100140,Hundred Circles,2017-12-12 01:10:35.811697
2013-02-09,02:45,22.6,22.6,17.2,84.0,0.06,SE@0.3,2.4,,39.9,0.0,0.0,0,,"Hundred Circles, Benton County",100140,Hundred Circles,2017-12-12 01:10:35.811697
2013-02-09,03:00,21.5,21.5,15.9,83.6,0.06,NW@0.6,2.1,,39.9,0.0,0.0,0,,"Hundred Circles, Benton County",100140,Hundred Circles,2017-12-12 01:10:35.811697
2013-02-09,03:15,21.4,21.5,15.9,84.2,0.06,NW@1.2,3.1,,39.8,0.0,0.0,0,,"Hundred Circles, Benton County",100140,Hundred Circles,2017-12-12 01:10:35.811697
2013-02-09,03:30,21.6,21.7,16.2,84.4,0.06,NW@0.8,2.8,,39.7,0.0,0.0,0,,"Hundred Circles, Benton County",100140,Hundred Circles,2017-12-12 01:10:35.811697
2013-02-09,03:45,22.0,22.0,16.7,84.9,0.06,N@1.9,3.1,,39.7,0.0,0.0,0,,"Hundred Circles, Benton County",100140,Hundred Circles,2017-12-12 01:10:35.811697
2013-02-09,04:00,21.7,21.8,16.4,84.9,0.06,E@2.4,2.8,,39.6,0.0,0.0,0,,"Hundred Circles, Benton County",100140,Hundred Circles,2017-12-12 01:10:35.811697
2013-02-09,04:15,20.2,20.3,14.7,84.6,0.06,NW@0.4,2.1,,39.6,0.0,0.0,0,,"Hundred Circles, Benton County",100140,Hundred Circles,2017-12-12 01:10:35.811697
2013-02-09,04:30,20.0,20.1,14.6,84.8,0.06,NW@0.5,2.8,,39.5,0.0,0.0,0,,"Hundred Circles, Benton County",100140,Hundred Circles,2017-12-12 01:10:35.811697
2013-02-09,04:45,20.1,20.2,14.8,85.1,0.06,NW@1.1,2.1,,39.5,0.0,0.0,0,,"Hundred Circles, Benton County",100140,Hundred Circles,2017-12-12 01:10:35.811697
2013-02-09,05:00,19.9,20.0,14.5,85.0,0.06,NW@1.6,2.8,,39.4,0.0,0.0,0,,"Hundred Circles, Benton County",100140,Hundred Circles,2017-12-12 01:10:35.811697
2013-02-09,05:15,20.6,20.8,15.4,85.4,0.06,NW@1.6,3.1,,39.4,0.0,0.0,0,,"Hundred Circles, Benton County",100140,Hundred Circles,2017-12-12 01:10:35.811697
2013-02-09,05:30,20.4,20.5,15.0,84.6,0.06,NW@1.4,2.8,,39.3,0.0,0.0,0,,"Hundred Circles, Benton County",100140,Hundred Circles,2017-12-12 01:10:35.811697
2013-02-09,05:45,21.2,21.4,15.9,85.0,0.07,NW@1.6,2.8,,39.3,0.0,0.0,0,,"Hundred Circles, Benton County",100140,Hundred Circles,2017-12-12 01:10:35.811697
2013-02-09,06:00,21.5,21.5,16.1,84.7,0.07,N@1.7,3.5,,39.3,0.0,0.0,0,,"Hundred Circles, Benton County",100140,Hundred Circles,2017-12-12 01:10:35.811697
2013-02-09,06:15,21.4,21.5,16.0,84.3,0.07,NW@1.8,3.1,,39.2,0.0,0.0,0,,"Hundred Circles, Benton County",100140,Hundred Circles,2017-12-12 01:10:35.811697
2013-02-09,06:30,21.1,21.2,15.6,84.2,0.07,N@1.8,3.5,,39.2,0.0,0.0,0,,"Hundred Circles, Benton County",100140,Hundred Circles,2017-12-12 01:10:35.811697
2013-02-09,06:45,21.7,21.8,16.4,84.6,0.07,N@1.4,2.8,,39.1,0.0,0.0,0,,"Hundred Circles, Benton County",100140,Hundred Circles,2017-12-12 01:10:35.811697
2013-02-09,07:00,21.2,21.2,15.7,84.1,0.07,E@0.4,2.4,,39.1,0.0,0.0,1,,"Hundred Circles, Benton County",100140,Hundred Circles,2017-12-12 01:10:35.811697
2013-02-09,07:15,20.8,20.9,15.3,84.1,0.07,SW@1.6,3.1,,39.0,0.0,0.0,8,,"Hundred Circles, Benton County",100140,Hundred Circles,2017-12-12 01:10:35.811697
2013-02-09,07:30,21.0,21.3,15.6,84.5,0.07,W@1.3,3.9,,39.0,0.0,0.0,24,,"Hundred Circles, Benton County",100140,Hundred Circles,2017-12-12 01:10:35.811697
2013-02-09,07:45,21.6,21.8,16.0,84.0,0.07,NW@0.5,2.1,,38.9,0.0,0.0,41,,"Hundred Circles, Benton County",100140,Hundred Circles,2017-12-12 01:10:35.811697
2013-02-09,08:00,22.1,22.4,16.6,83.9,0.08,W@0.6,2.1,,38.9,0.0,0.0,56,,"Hundred Circles, Benton County",100140,Hundred Circles,2017-12-12 01:10:35.811697
2013-02-09,08:15,23.0,23.4,17.7,84.2,0.08,NW@0.7,2.8,,38.8,0.0,0.0,77,,"Hundred Circles, Benton County",100140,Hundred Circles,2017-12-12 01:10:35.811697
2013-02-09,08:30,24.6,24.9,19.5,84.6,0.09,N@0.6,2.8,,38.8,0.0,0.0,90,,"Hundred Circles, Benton County",100140,Hundred Circles,2017-12-12 01:10:35.811697
2013-02-09,08:45,25.8,26.2,20.9,84.7,0.1,N@0.4,2.4,,38.8,0.0,0.0,112,,"Hundred Circles, Benton County",100140,Hundred Circles,2017-12-12 01:10:35.811697
2013-02-09,09:00,27.3,27.5,22.4,84.4,0.11,NE@1.0,2.8,,38.7,0.0,0.0,153,,"Hundred Circles, Benton County",100140,Hundred Circles,2017-12-12 01:10:35.811697
2013-02-09,09:15,28.3,28.4,23.3,83.4,0.12,NE@2.1,3.5,,38.7,0.0,0.0,183,,"Hundred Circles, Benton County",100140,Hundred Circles,2017-12-12 01:10:35.811697
2013-02-09,09:30,29.3,29.4,24.1,82.3,0.12,SE@0.6,2.4,,38.6,0.0,0.0,182,,"Hundred Circles, Benton County",100140,Hundred Circles,2017-12-12 01:10:35.811697
2013-02-09,09:45,29.7,29.8,24.3,81.6,0.13,W@0.4,2.8,,38.6,0.0,0.0,202,,"Hundred Circles, Benton County",100140,Hundred Circles,2017-12-12 01:10:35.811697
2013-02-09,10:00,30.6,30.9,25.4,82.0,0.15,W@0.5,2.8,,38.5,0.0,0.0,278,,"Hundred Circles, Benton County",100140,Hundred Circles,2017-12-12 01:10:35.811697
2013-02-09,10:15,32.4,32.9,27.0,80.2,0.19,E@0.8,3.9,,38.5,0.0,0.0,338,,"Hundred Circles, Benton County",100140,Hundred Circles,2017-12-12 01:10:35.811697
2013-02-09,10:30,33.7,33.7,27.5,77.8,0.25,SE@2.2,4.2,,38.5,0.0,0.0,426,,"Hundred Circles, Benton County",100140,Hundred Circles,2017-12-12 01:10:35.811697
2013-02-09,10:45,35.9,36.2,28.6,74.6,0.26,N@0.9,2.8,,38.4,0.0,0.0,425,,"Hundred Circles, Benton County",100140,Hundred Circles,2017-12-12 01:10:35.811697
2013-02-09,11:00,36.4,36.6,28.7,73.2,0.19,W@2.0,3.9,,38.4,0.0,0.0,459,,"Hundred Circles, Benton County",100140,Hundred Circles,2017-12-12 01:10:35.811697
2013-02-09,11:15,36.9,37.1,28.1,70.1,0.18,W@1.4,3.1,,38.3,0.0,0.0,382,,"Hundred Circles, Benton County",100140,Hundred Circles,2017-12-12 01:10:35.811697
2013-02-09,11:30,38.5,38.5,28.8,67.9,0.17,SE@2.2,4.6,,38.3,0.0,0.0,407,,"Hundred Circles, Benton County",100140,Hundred Circles,2017-12-12 01:10:35.811697
2013-02-09,11:45,38.4,38.5,28.7,67.8,0.15,SE@2.0,4.2,,38.3,0.0,0.0,343,,"Hundred Circles, Benton County",100140,Hundred Circles,2017-12-12 01:10:35.811697
2013-02-09,12:00,39.7,39.8,29.3,66.0,0.13,SE@2.2,4.2,,38.2,0.0,0.0,450,,"Hundred Circles, Benton County",100140,Hundred Circles,2017-12-12 01:10:35.811697
2013-02-09,12:15,41.0,41.0,29.8,64.1,0.12,S@2.2,4.2,,38.2,0.0,0.0,482,,"Hundred Circles, Benton County",100140,Hundred Circles,2017-12-12 01:10:35.811697
2013-02-09,12:30,42.5,42.4,30.4,62.1,0.1,E@1.7,3.9,,38.2,0.0,0.0,472,,"Hundred Circles, Benton County",100140,Hundred Circles,2017-12-12 01:10:35.811697
2013-02-09,12:45,43.0,43.0,30.7,61.5,0.08,NW@3.0,6.7,,38.2,0.0,0.0,440,,"Hundred Circles, Benton County",100140,Hundred Circles,2017-12-12 01:10:35.811697
2013-02-09,13:00,43.6,43.8,30.8,60.3,0.06,S@2.1,5.3,,38.2,0.0,0.0,430,,"Hundred Circles, Benton County",100140,Hundred Circles,2017-12-12 01:10:35.811697
2013-02-09,13:15,45.8,45.9,31.5,57.2,0.05,S@2.4,5.3,,38.2,0.0,0.0,452,,"Hundred Circles, Benton County",100140,Hundred Circles,2017-12-12 01:10:35.811697
2013-02-09,13:30,45.9,45.9,31.6,57.0,0.04,SE@2.9,6.0,,38.2,0.0,0.0,409,,"Hundred Circles, Benton County",100140,Hundred Circles,2017-12-12 01:10:35.811697
2013-02-09,13:45,47.0,47.0,32.0,55.9,0.03,SE@3.8,6.4,,38.2,0.0,0.0,355,,"Hundred Circles, Benton County",100140,Hundred Circles,2017-12-12 01:10:35.811697
2013-02-09,14:00,48.4,48.5,32.4,53.6,0.02,S@3.5,6.7,,38.2,0.0,0.0,357,,"Hundred Circles, Benton County",100140,Hundred Circles,2017-12-12 01:10:35.811697
2013-02-09,14:15,48.6,48.6,31.5,51.4,0.02,S@4.8,7.4,,38.3,0.0,0.0,302,,"Hundred Circles, Benton County",100140,Hundred Circles,2017-12-12 01:10:35.811697
2013-02-09,14:30,48.7,48.6,32.1,52.4,0.01,S@6.1,8.5,,38.3,0.0,0.0,252,,"Hundred Circles, Benton County",100140,Hundred Circles,2017-12-12 01:10:35.811697
2013-02-09,14:45,48.8,48.7,32.6,53.3,0.0,S@5.9,8.2,,38.4,0.0,0.0,233,,"Hundred Circles, Benton County",100140,Hundred Circles,2017-12-12 01:10:35.811697
2013-02-09,15:00,48.3,48.2,32.8,54.7,0.0,S@5.7,8.2,,38.5,0.0,0.0,191,,"Hundred Circles, Benton County",100140,Hundred Circles,2017-12-12 01:10:35.811697
2013-02-09,15:15,48.3,48.3,32.7,54.6,0.0,S@4.5,7.1,,38.6,0.0,0.0,182,,"Hundred Circles, Benton County",100140,Hundred Circles,2017-12-12 01:10:35.811697
2013-02-09,15:30,48.5,48.5,32.9,54.6,0.0,S@3.8,5.7,,38.6,0.0,0.0,165,,"Hundred Circles, Benton County",100140,Hundred Circles,2017-12-12 01:10:35.811697
2013-02-09,15:45,48.2,48.2,32.6,54.6,0.0,SE@3.5,4.9,,38.7,0.0,0.0,137,,"Hundred Circles, Benton County",100140,Hundred Circles,2017-12-12 01:10:35.811697
2013-02-09,16:00,48.2,48.2,32.5,54.3,0.0,E@2.7,4.2,,38.8,0.0,0.0,117,,"Hundred Circles, Benton County",100140,Hundred Circles,2017-12-12 01:10:35.811697
2013-02-09,16:15,48.3,48.2,32.8,54.7,0.0,E@3.5,5.3,,38.9,0.0,0.0,101,,"Hundred Circles, Benton County",100140,Hundred Circles,2017-12-12 01:10:35.811697
2013-02-09,16:30,47.4,47.2,33.2,57.5,0.0,E@4.2,6.0,,39.0,0.0,0.0,66,,"Hundred Circles, Benton County",100140,Hundred Circles,2017-12-12 01:10:35.811697
2013-02-09,16:45,44.9,44.8,33.0,62.8,0.0,E@3.9,4.9,,39.1,0.0,0.0,38,,"Hundred Circles, Benton County",100140,Hundred Circles,2017-12-12 01:10:35.811697
2013-02-09,17:00,44.3,44.3,32.2,62.3,0.0,E@3.3,5.7,,39.2,0.0,0.0,24,,"Hundred Circles, Benton County",100140,Hundred Circles,2017-12-12 01:10:35.811697
2013-02-09,17:15,44.2,44.3,32.2,62.4,0.0,SE@3.6,5.7,,39.3,0.0,0.0,9,,"Hundred Circles, Benton County",100140,Hundred Circles,2017-12-12 01:10:35.811697
2013-02-09,17:30,43.7,43.7,32.1,63.4,0.0,SE@4.7,6.7,,39.4,0.0,0.0,1,,"Hundred Circles, Benton County",100140,Hundred Circles,2017-12-12 01:10:35.811697
2013-02-09,17:45,41.9,41.7,31.5,66.5,0.0,E@4.6,6.0,,39.4,0.0,0.0,0,,"Hundred Circles, Benton County",100140,Hundred Circles,2017-12-12 01:10:35.811697
2013-02-09,18:00,40.4,40.4,30.8,68.2,0.0,NE@3.6,4.9,,39.5,0.0,0.0,0,,"Hundred Circles, Benton County",100140,Hundred Circles,2017-12-12 01:10:35.811697
2013-02-09,18:15,38.6,38.5,30.0,70.8,0.0,E@1.8,3.5,,39.6,0.0,0.0,0,,"Hundred Circles, Benton County",100140,Hundred Circles,2017-12-12 01:10:35.811697
2013-02-09,18:30,37.5,37.4,29.4,72.5,0.0,N@4.5,5.7,,39.7,0.0,0.0,0,,"Hundred Circles, Benton County",100140,Hundred Circles,2017-12-12 01:10:35.811697
2013-02-09,18:45,35.9,35.8,28.7,75.0,0.0,N@4.2,6.4,,39.7,0.0,0.0,0,,"Hundred Circles, Benton County",100140,Hundred Circles,2017-12-12 01:10:35.811697
2013-02-09,19:00,34.7,34.7,28.1,76.3,0.0,NW@2.6,4.2,,39.8,0.0,0.0,0,,"Hundred Circles, Benton County",100140,Hundred Circles,2017-12-12 01:10:35.811697
2013-02-09,19:15,34.1,34.3,28.1,78.1,0.0,NW@2.6,4.2,,39.8,0.0,0.0,0,,"Hundred Circles, Benton County",100140,Hundred Circles,2017-12-12 01:10:35.811697
2013-02-09,19:30,34.3,34.2,28.1,77.8,0.01,NW@2.3,3.5,,39.8,0.0,0.0,0,,"Hundred Circles, Benton County",100140,Hundred Circles,2017-12-12 01:10:35.811697
2013-02-09,19:45,33.4,33.5,27.4,78.5,0.01,W@3.8,6.0,,39.9,0.0,0.0,0,,"Hundred Circles, Benton County",100140,Hundred Circles,2017-12-12 01:10:35.811697
2013-02-09,20:00,31.3,31.3,25.6,79.8,0.01,NW@3.0,5.3,,39.9,0.0,0.0,0,,"Hundred Circles, Benton County",100140,Hundred Circles,2017-12-12 01:10:35.811697
2013-02-09,20:15,31.4,31.5,25.8,80.4,0.02,N@3.3,7.1,,39.9,0.0,0.0,0,,"Hundred Circles, Benton County",100140,Hundred Circles,2017-12-12 01:10:35.811697
2013-02-09,20:30,30.4,30.3,24.9,81.1,0.02,N@2.0,5.3,,39.9,0.0,0.0,0,,"Hundred Circles, Benton County",100140,Hundred Circles,2017-12-12 01:10:35.811697
2013-02-09,20:45,30.2,30.4,24.9,81.5,0.02,NW@3.2,5.7,,39.9,0.0,0.0,0,,"Hundred Circles, Benton County",100140,Hundred Circles,2017-12-12 01:10:35.811697
2013-02-09,21:00,30.1,30.3,24.6,81.0,0.02,W@3.3,5.3,,39.9,0.0,0.0,0,,"Hundred Circles, Benton County",100140,Hundred Circles,2017-12-12 01:10:35.811697
2013-02-09,21:15,31.5,31.9,25.9,79.9,0.03,W@2.9,5.3,,39.9,0.0,0.0,0,,"Hundred Circles, Benton County",100140,Hundred Circles,2017-12-12 01:10:35.811697
2013-02-09,21:30,30.3,30.2,24.4,79.6,0.03,S@2.2,5.3,,39.9,0.0,0.0,0,,"Hundred Circles, Benton County",100140,Hundred Circles,2017-12-12 01:10:35.811697
2013-02-09,21:45,29.0,28.9,23.3,81.0,0.03,NW@2.2,5.3,,39.9,0.0,0.0,0,,"Hundred Circles, Benton County",100140,Hundred Circles,2017-12-12 01:10:35.811697
2013-02-09,22:00,28.1,28.3,23.0,83.2,0.03,NE@2.9,5.7,,39.9,0.0,0.0,0,,"Hundred Circles, Benton County",100140,Hundred Circles,2017-12-12 01:10:35.811697
2013-02-09,22:15,28.0,28.0,22.8,82.9,0.04,N@3.1,4.9,,39.9,0.0,0.0,0,,"Hundred Circles, Benton County",100140,Hundred Circles,2017-12-12 01:10:35.811697
2013-02-09,22:30,26.7,27.0,21.8,84.2,0.04,NW@2.9,4.2,,39.9,0.0,0.0,0,,"Hundred Circles, Benton County",100140,Hundred Circles,2017-12-12 01:10:35.811697
2013-02-09,22:45,27.1,27.2,22.2,84.4,0.05,NW@2.7,4.2,,39.8,0.0,0.0,0,,"Hundred Circles, Benton County",100140,Hundred Circles,2017-12-12 01:10:35.811697
2013-02-09,23:00,27.9,28.0,23.1,84.2,0.05,NW@0.8,2.8,,39.8,0.0,0.0,0,,"Hundred Circles, Benton County",100140,Hundred Circles,2017-12-12 01:10:35.811697
2013-02-09,23:15,27.7,27.7,22.7,83.6,0.06,NW@1.2,3.5,,39.8,0.0,0.0,0,,"Hundred Circles, Benton County",100140,Hundred Circles,2017-12-12 01:10:35.811697
2013-02-09,23:30,26.3,26.3,21.0,83.3,0.06,NE@3.0,5.3,,39.7,0.0,0.0,0,,"Hundred Circles, Benton County",100140,Hundred Circles,2017-12-12 01:10:35.811697
2013-02-09,23:45,24.9,25.2,20.0,85.2,0.07,E@2.5,5.3,,39.7,0.0,0.0,0,,"Hundred Circles, Benton County",100140,Hundred Circles,2017-12-12 01:10:35.811697
2013-02-09,24:00,24.9,24.9,20.0,85.4,0.07,N@2.2,3.9,,39.7,0.0,0.0,0,,"Hundred Circles, Benton County",100140,Hundred Circles,2017-12-12 01:10:35.811697
2013-02-10,00:15,24.5,24.8,19.8,85.9,0.07,N@1.4,2.8,,39.6,0.0,0.0,0,,"Hundred Circles, Benton County",100140,Hundred Circles,2017-12-12 01:10:35.811697
2013-02-10,00:30,24.1,24.2,19.3,85.5,0.07,N@2.2,3.9,,39.6,0.0,0.0,0,,"Hundred Circles, Benton County",100140,Hundred Circles,2017-12-12 01:10:35.811697
2013-02-10,00:45,24.2,24.3,19.4,86.0,0.08,NW@2.4,4.9,,39.6,0.0,0.0,0,,"Hundred Circles, Benton County",100140,Hundred Circles,2017-12-12 01:10:35.811697
2013-02-10,01:00,25.2,25.4,20.7,86.5,0.08,N@2.5,4.2,,39.5,0.0,0.0,0,,"Hundred Circles, Benton County",100140,Hundred Circles,2017-12-12 01:10:35.811697
2013-02-10,01:15,25.9,26.2,21.5,86.6,0.08,N@2.0,3.1,,39.5,0.0,0.0,0,,"Hundred Circles, Benton County",100140,Hundred Circles,2017-12-12 01:10:35.811697
2013-02-10,01:30,25.6,25.8,21.1,86.5,0.09,NW@1.9,3.5,,39.4,0.0,0.0,0,,"Hundred Circles, Benton County",100140,Hundred Circles,2017-12-12 01:10:35.811697
2013-02-10,01:45,26.2,26.4,21.8,86.7,0.09,N@1.9,2.8,,39.4,0.0,0.0,0,,"Hundred Circles, Benton County",100140,Hundred Circles,2017-12-12 01:10:35.811697
2013-02-10,02:00,25.4,25.5,20.9,86.5,0.09,N@1.8,3.5,,39.3,0.0,0.0,0,,"Hundred Circles, Benton County",100140,Hundred Circles,2017-12-12 01:10:35.811697
2013-02-10,02:15,24.7,24.7,20.1,86.7,0.09,NW@1.1,2.4,,39.3,0.0,0.0,0,,"Hundred Circles, Benton County",100140,Hundred Circles,2017-12-12 01:10:35.811697
2013-02-10,02:30,24.1,24.1,19.5,86.8,0.09,NW@2.3,3.1,,39.3,0.0,0.0,0,,"Hundred Circles, Benton County",100140,Hundred Circles,2017-12-12 01:10:35.811697
2013-02-10,02:45,23.3,23.4,18.7,86.7,0.09,NW@1.9,3.1,,39.2,0.0,0.0,0,,"Hundred Circles, Benton County",100140,Hundred Circles,2017-12-12 01:10:35.811697
2013-02-10,03:00,23.2,23.3,18.5,86.7,0.09,NW@2.2,3.9,,39.2,0.0,0.0,0,,"Hundred Circles, Benton County",100140,Hundred Circles,2017-12-12 01:10:35.811697
2013-02-10,03:15,23.5,23.6,18.9,86.8,0.09,NW@1.4,2.8,,39.1,0.0,0.0,0,,"Hundred Circles, Benton County",100140,Hundred Circles,2017-12-12 01:10:35.811697
2013-02-10,03:30,24.0,24.1,19.5,87.1,0.1,NW@1.6,3.1,,39.1,0.0,0.0,0,,"Hundred Circles, Benton County",100140,Hundred Circles,2017-12-12 01:10:35.811697
2013-02-10,03:45,23.8,23.9,19.3,86.9,0.1,N@0.6,2.1,,39.0,0.0,0.0,0,,"Hundred Circles, Benton County",100140,Hundred Circles,2017-12-12 01:10:35.811697
2013-02-10,04:00,24.0,24.0,19.5,87.1,0.1,N@2.2,3.5,,39.0,0.0,0.0,0,,"Hundred Circles, Benton County",100140,Hundred Circles,2017-12-12 01:10:35.811697
2013-02-10,04:15,23.6,23.6,19.0,86.8,0.1,N@1.6,3.5,,39.0,0.0,0.0,0,,"Hundred Circles, Benton County",100140,Hundred Circles,2017-12-12 01:10:35.811697
2013-02-10,04:30,23.6,23.6,19.1,86.9,0.1,NW@1.1,3.1,,38.9,0.0,0.0,0,,"Hundred Circles, Benton County",100140,Hundred Circles,2017-12-12 01:10:35.811697
2013-02-10,04:45,23.0,23.0,18.3,86.8,0.1,NW@1.4,2.8,,38.9,0.0,0.0,0,,"Hundred Circles, Benton County",100140,Hundred Circles,2017-12-12 01:10:35.811697
2013-02-10,05:00,23.4,23.5,18.9,87.2,0.1,NW@0.7,2.8,,38.8,0.0,0.0,0,,"Hundred Circles, Benton County",100140,Hundred Circles,2017-12-12 01:10:35.811697
2013-02-10,05:15,23.5,23.7,19.1,87.2,0.1,NW@1.7,2.8,,38.8,0.0,0.0,0,,"Hundred Circles, Benton County",100140,Hundred Circles,2017-12-12 01:10:35.811697
2013-02-10,05:30,23.7,23.8,19.3,87.3,0.1,N@1.4,3.1,,38.8,0.0,0.0,0,,"Hundred Circles, Benton County",100140,Hundred Circles,2017-12-12 01:10:35.811697
2013-02-10,05:45,22.7,22.7,18.0,86.8,0.1,NE@0.4,2.4,,38.7,0.0,0.0,0,,"Hundred Circles, Benton County",100140,Hundred Circles,2017-12-12 01:10:35.811697
2013-02-10,06:00,22.7,22.9,18.2,87.3,0.1,N@2.0,3.1,,38.7,0.0,0.0,0,,"Hundred Circles, Benton County",100140,Hundred Circles,2017-12-12 01:10:35.811697
2013-02-10,06:15,22.9,22.9,18.4,87.3,0.1,E@1.0,2.8,,38.6,0.0,0.0,0,,"Hundred Circles, Benton County",100140,Hundred Circles,2017-12-12 01:10:35.811697
2013-02-10,06:30,21.7,21.8,17.0,86.9,0.1,N@0.0,0.0,,38.6,0.0,0.0,0,,"Hundred Circles, Benton County",100140,Hundred Circles,2017-12-12 01:10:35.811697
2013-02-10,06:45,21.7,21.8,17.0,87.1,0.1,NW@0.4,2.4,,38.6,0.0,0.0,0,,"Hundred Circles, Benton County",100140,Hundred Circles,2017-12-12 01:10:35.811697
2013-02-10,07:00,21.0,21.1,16.2,86.9,0.1,NW@1.2,2.4,,38.5,0.0,0.0,0,,"Hundred Circles, Benton County",100140,Hundred Circles,2017-12-12 01:10:35.811697
2013-02-10,07:15,21.9,22.1,17.3,87.4,0.11,NW@0.2,2.4,,38.5,0.0,0.0,3,,"Hundred Circles, Benton County",100140,Hundred Circles,2017-12-12 01:10:35.811697
2013-02-10,07:30,22.7,22.9,18.3,87.5,0.11,N@0.0,0.0,,38.4,0.0,0.0,9,,"Hundred Circles, Benton County",100140,Hundred Circles,2017-12-12 01:10:35.811697
2013-02-10,07:45,23.4,23.6,19.1,88.2,0.12,NW@0.7,3.9,,38.4,0.0,0.0,21,,"Hundred Circles, Benton County",100140,Hundred Circles,2017-12-12 01:10:35.811697
2013-02-10,08:00,25.1,25.6,21.4,89.3,0.13,N@1.0,3.9,,38.4,0.0,0.0,39,,"Hundred Circles, Benton County",100140,Hundred Circles,2017-12-12 01:10:35.811697
2013-02-10,08:15,27.0,27.2,23.6,89.8,0.14,N@0.0,0.0,,38.3,0.0,0.0,59,,"Hundred Circles, Benton County",100140,Hundred Circles,2017-12-12 01:10:35.811697
2013-02-10,08:30,27.6,27.7,24.3,90.2,0.15,N@0.0,0.0,,38.3,0.0,0.0,69,,"Hundred Circles, Benton County",100140,Hundred Circles,2017-12-12 01:10:35.811697
2013-02-10,08:45,28.4,28.7,25.4,90.6,0.17,N@0.9,2.8,,38.3,0.0,0.0,85,,"Hundred Circles, Benton County",100140,Hundred Circles,2017-12-12 01:10:35.811697
2013-02-10,09:00,29.0,29.2,26.2,90.8,0.18,N@1.7,3.5,,38.2,0.0,0.0,101,,"Hundred Circles, Benton County",100140,Hundred Circles,2017-12-12 01:10:35.811697
2013-02-10,09:15,29.7,29.9,27.0,91.1,0.21,NE@0.9,3.9,,38.2,0.0,0.0,119,,"Hundred Circles, Benton County",100140,Hundred Circles,2017-12-12 01:10:35.811697
2013-02-10,09:30,29.8,30.0,27.2,91.2,0.23,N@1.7,3.9,,38.1,0.0,0.0,126,,"Hundred Circles, Benton County",100140,Hundred Circles,2017-12-12 01:10:35.811697
2013-02-10,09:45,30.3,30.4,27.7,91.4,0.27,N@1.6,3.1,,38.1,0.0,0.0,143,,"Hundred Circles, Benton County",100140,Hundred Circles,2017-12-12 01:10:35.811697
2013-02-10,10:00,30.8,30.9,28.3,91.5,0.3,N@2.2,4.2,,38.1,0.0,0.0,173,,"Hundred Circles, Benton County",100140,Hundred Circles,2017-12-12 01:10:35.811697
2013-02-10,10:15,31.0,31.1,28.6,91.6,0.31,N@2.3,4.2,,38.0,0.0,0.0,188,,"Hundred Circles, Benton County",100140,Hundred Circles,2017-12-12 01:10:35.811697
2013-02-10,10:30,31.5,31.7,29.2,91.8,0.32,N@1.6,4.9,,38.0,0.0,0.0,191,,"Hundred Circles, Benton County",100140,Hundred Circles,2017-12-12 01:10:35.811697
2013-02-10,10:45,32.3,32.4,30.2,91.9,0.33,NE@1.2,3.9,,38.0,0.0,0.0,241,,"Hundred Circles, Benton County",100140,Hundred Circles,2017-12-12 01:10:35.811697
2013-02-10,11:00,33.3,33.5,31.3,92.1,0.29,SW@0.8,2.8,,38.0,0.0,0.0,287,,"Hundred Circles, Benton County",100140,Hundred Circles,2017-12-12 01:10:35.811697
2013-02-10,11:15,33.8,34.0,31.7,91.9,0.24,W@1.9,3.9,,37.9,0.0,0.0,287,,"Hundred Circles, Benton County",100140,Hundred Circles,2017-12-12 01:10:35.811697
2013-02-10,11:30,34.9,35.3,32.8,91.9,0.24,N@1.3,2.8,,37.9,0.0,0.0,436,,"Hundred Circles, Benton County",100140,Hundred Circles,2017-12-12 01:10:35.811697
2013-02-10,11:45,37.4,38.0,35.1,91.4,0.24,W@1.0,2.8,,37.9,0.0,0.0,491,,"Hundred Circles, Benton County",100140,Hundred Circles,2017-12-12 01:10:35.811697
2013-02-10,12:00,39.7,40.3,36.6,88.3,0.23,W@1.3,3.5,,37.8,0.0,0.0,495,,"Hundred Circles, Benton County",100140,Hundred Circles,2017-12-12 01:10:35.811697
2013-02-10,12:15,42.1,42.3,36.9,81.6,0.21,SW@2.0,3.5,,37.8,0.0,0.0,497,,"Hundred Circles, Benton County",100140,Hundred Circles,2017-12-12 01:10:35.811697
2013-02-10,12:30,43.7,43.9,34.8,70.6,0.18,SW@2.3,5.3,,37.8,0.0,0.0,497,,"Hundred Circles, Benton County",100140,Hundred Circles,2017-12-12 01:10:35.811697
2013-02-10,12:45,45.7,45.8,33.8,63.0,0.15,S@2.4,4.6,,37.8,0.0,0.0,494,,"Hundred Circles, Benton County",100140,Hundred Circles,2017-12-12 01:10:35.811697
2013-02-10,13:00,47.0,47.0,33.3,58.5,0.12,SW@2.4,4.9,,37.8,0.0,0.0,485,,"Hundred Circles, Benton County",100140,Hundred Circles,2017-12-12 01:10:35.811697
2013-02-10,13:15,48.3,48.0,33.4,56.2,0.09,SE@2.9,6.0,,37.8,0.0,0.0,478,,"Hundred Circles, Benton County",100140,Hundred Circles,2017-12-12 01:10:35.811697
2013-02-10,13:30,49.4,49.5,33.6,54.3,0.06,S@2.9,5.3,,37.8,0.0,0.0,458,,"Hundred Circles, Benton County",100140,Hundred Circles,2017-12-12 01:10:35.811697
2013-02-10,13:45,50.8,50.7,34.3,53.0,0.04,SE@2.6,6.0,,37.9,0.0,0.0,447,,"Hundred Circles, Benton County",100140,Hundred Circles,2017-12-12 01:10:35.811697
2013-02-10,14:00,51.2,51.1,33.3,50.1,0.03,S@3.1,6.0,,37.9,0.0,0.0,419,,"Hundred Circles, Benton County",100140,Hundred Circles,2017-12-12 01:10:35.811697
2013-02-10,14:15,51.9,51.8,33.0,48.2,0.02,S@3.0,4.9,,38.0,0.0,0.0,405,,"Hundred Circles, Benton County",100140,Hundred Circles,2017-12-12 01:10:35.811697
2013-02-10,14:30,52.8,52.7,31.9,44.8,0.02,S@4.7,7.8,,38.1,0.0,0.0,371,,"Hundred Circles, Benton County",100140,Hundred Circles,2017-12-12 01:10:35.811697
2013-02-10,14:45,53.0,52.9,30.0,41.0,0.01,S@5.5,8.2,,38.1,0.0,0.0,338,,"Hundred Circles, Benton County",100140,Hundred Circles,2017-12-12 01:10:35.811697
2013-02-10,15:00,53.5,53.4,29.4,39.3,0.0,S@5.0,7.8,,38.2,0.0,0.0,311,,"Hundred Circles, Benton County",100140,Hundred Circles,2017-12-12 01:10:35.811697
2013-02-10,15:15,53.4,53.2,27.6,36.6,0.0,SW@5.6,8.9,,38.3,0.0,0.0,280,,"Hundred Circles, Benton County",100140,Hundred Circles,2017-12-12 01:10:35.811697
2013-02-10,15:30,53.4,53.2,27.4,36.3,0.0,S@4.7,7.1,,38.4,0.0,0.0,262,,"Hundred Circles, Benton County",100140,Hundred Circles,2017-12-12 01:10:35.811697
2013-02-10,15:45,53.3,53.1,28.8,38.7,0.0,S@5.0,7.8,,38.5,0.0,0.0,232,,"Hundred Circles, Benton County",100140,Hundred Circles,2017-12-12 01:10:35.811697
2013-02-10,16:00,52.7,52.5,27.9,38.1,0.0,S@4.5,6.7,,38.6,0.0,0.0,176,,"Hundred Circles, Benton County",100140,Hundred Circles,2017-12-12 01:10:35.811697
2013-02-10,16:15,52.0,51.8,28.0,39.3,0.0,SE@4.4,6.4,,38.8,0.0,0.0,142,,"Hundred Circles, Benton County",100140,Hundred Circles,2017-12-12 01:10:35.811697
2013-02-10,16:30,51.3,51.1,27.8,40.0,0.0,SE@3.7,5.3,,38.9,0.0,0.0,111,,"Hundred Circles, Benton County",100140,Hundred Circles,2017-12-12 01:10:35.811697
2013-02-10,16:45,50.5,50.2,28.3,42.1,0.0,SE@2.7,4.2,,39.0,0.0,0.0,77,,"Hundred Circles, Benton County",100140,Hundred Circles,2017-12-12 01:10:35.811697
2013-02-10,17:00,48.2,47.9,29.5,48.1,0.0,S@2.7,3.9,,39.1,0.0,0.0,38,,"Hundred Circles, Benton County",100140,Hundred Circles,2017-12-12 01:10:35.811697
2013-02-10,17:15,47.9,47.9,29.0,47.6,0.0,S@1.1,3.5,,39.2,0.0,0.0,21,,"Hundred Circles, Benton County",100140,Hundred Circles,2017-12-12 01:10:35.811697
2013-02-10,17:30,47.0,46.6,28.8,48.9,0.0,SW@0.4,2.1,,39.3,0.0,0.0,5,,"Hundred Circles, Benton County",100140,Hundred Circles,2017-12-12 01:10:35.811697
2013-02-10,17:45,44.8,44.5,29.2,54.0,0.0,N@0.0,0.0,,39.4,0.0,0.0,0,,"Hundred Circles, Benton County",100140,Hundred Circles,2017-12-12 01:10:35.811697
2013-02-10,18:00,40.9,40.4,27.7,59.2,0.0,N@2.6,3.5,,39.6,0.0,0.0,0,,"Hundred Circles, Benton County",100140,Hundred Circles,2017-12-12 01:10:35.811697
2013-02-10,18:15,36.6,36.3,26.6,66.6,0.0,NW@2.2,3.1,,39.6,0.0,0.0,0,,"Hundred Circles, Benton County",100140,Hundred Circles,2017-12-12 01:10:35.811697
2013-02-10,18:30,34.7,34.5,26.3,71.1,0.0,NW@2.1,3.5,,39.7,0.0,0.0,0,,"Hundred Circles, Benton County",100140,Hundred Circles,2017-12-12 01:10:35.811697
2013-02-10,18:45,34.1,34.0,25.7,71.2,0.0,NW@2.3,3.9,,39.8,0.0,0.0,0,,"Hundred Circles, Benton County",100140,Hundred Circles,2017-12-12 01:10:35.811697
2013-02-10,19:00,32.8,32.8,25.2,73.1,0.0,NW@2.1,3.9,,39.9,0.0,0.0,0,,"Hundred Circles, Benton County",100140,Hundred Circles,2017-12-12 01:10:35.811697
2013-02-10,19:15,31.9,32.2,24.9,75.2,0.0,NW@3.3,4.6,,39.9,0.0,0.0,0,,"Hundred Circles, Benton County",100140,Hundred Circles,2017-12-12 01:10:35.811697
2013-02-10,19:30,31.5,31.7,24.8,76.6,0.0,NW@3.2,4.2,,40.0,0.0,0.0,0,,"Hundred Circles, Benton County",100140,Hundred Circles,2017-12-12 01:10:35.811697
2013-02-10,19:45,31.1,31.3,24.7,77.5,0.0,NW@2.3,3.9,,40.0,0.0,0.0,0,,"Hundred Circles, Benton County",100140,Hundred Circles,2017-12-12 01:10:35.811697
2013-02-10,20:00,30.7,30.8,24.3,77.8,0.0,NW@1.5,3.5,,40.1,0.0,0.0,0,,"Hundred Circles, Benton County",100140,Hundred Circles,2017-12-12 01:10:35.811697
2013-02-10,20:15,30.0,30.0,23.8,78.6,0.0,NW@1.7,3.1,,40.1,0.0,0.0,0,,"Hundred Circles, Benton County",100140,Hundred Circles,2017-12-12 01:10:35.811697
2013-02-10,20:30,29.9,29.9,23.8,79.1,0.0,NW@1.7,3.1,,40.1,0.0,0.0,0,,"Hundred Circles, Benton County",100140,Hundred Circles,2017-12-12 01:10:35.811697
2013-02-10,20:45,30.0,30.0,23.8,78.9,0.0,NW@1.4,3.1,,40.1,0.0,0.0,0,,"Hundred Circles, Benton County",100140,Hundred Circles,2017-12-12 01:10:35.811697
2013-02-10,21:00,29.6,29.7,23.6,79.3,0.0,NW@1.6,3.1,,40.1,0.0,0.0,0,,"Hundred Circles, Benton County",100140,Hundred Circles,2017-12-12 01:10:35.811697
2013-02-10,21:15,29.6,29.8,23.6,79.7,0.0,NW@1.7,3.1,,40.1,0.0,0.0,0,,"Hundred Circles, Benton County",100140,Hundred Circles,2017-12-12 01:10:35.811697
2013-02-10,21:30,28.9,29.0,22.9,79.7,0.01,NW@0.8,3.1,,40.1,0.0,0.0,0,,"Hundred Circles, Benton County",100140,Hundred Circles,2017-12-12 01:10:35.811697
2013-02-10,21:45,28.7,28.7,22.9,80.4,0.01,N@0.0,0.0,,40.1,0.0,0.0,0,,"Hundred Circles, Benton County",100140,Hundred Circles,2017-12-12 01:10:35.811697
2013-02-10,22:00,28.2,28.2,22.4,80.7,0.02,W@0.3,2.4,,40.1,0.0,0.0,0,,"Hundred Circles, Benton County",100140,Hundred Circles,2017-12-12 01:10:35.811697
2013-02-10,22:15,27.7,27.9,22.1,81.4,0.02,W@0.1,1.7,,40.0,0.0,0.0,0,,"Hundred Circles, Benton County",100140,Hundred Circles,2017-12-12 01:10:35.811697
2013-02-10,22:30,29.3,29.6,23.7,81.1,0.02,N@0.0,0.0,,40.0,0.0,0.0,0,,"Hundred Circles, Benton County",100140,Hundred Circles,2017-12-12 01:10:35.811697
2013-02-10,22:45,29.2,29.0,22.8,78.6,0.03,N@0.0,0.0,,40.0,0.0,0.0,0,,"Hundred Circles, Benton County",100140,Hundred Circles,2017-12-12 01:10:35.811697
2013-02-10,23:00,27.2,27.2,21.2,80.5,0.03,NW@1.0,2.4,,40.0,0.0,0.0,0,,"Hundred Circles, Benton County",100140,Hundred Circles,2017-12-12 01:10:35.811697
2013-02-10,23:15,26.8,27.0,21.2,81.7,0.03,NW@2.0,3.5,,39.9,0.0,0.0,0,,"Hundred Circles, Benton County",100140,Hundred Circles,2017-12-12 01:10:35.811697
2013-02-10,23:30,26.5,26.5,20.9,82.1,0.04,NW@2.2,3.9,,39.9,0.0,0.0,0,,"Hundred Circles, Benton County",100140,Hundred Circles,2017-12-12 01:10:35.811697
2013-02-10,23:45,26.7,26.8,21.2,82.4,0.04,N@2.9,4.2,,39.9,0.0,0.0,0,,"Hundred Circles, Benton County",100140,Hundred Circles,2017-12-12 01:10:35.811697
2013-02-10,24:00,26.0,25.9,20.3,82.0,0.04,SW@2.0,3.5,,39.8,0.0,0.0,0,,"Hundred Circles, Benton County",100140,Hundred Circles,2017-12-12 01:10:35.811697
2013-02-11,00:15,25.0,25.1,19.6,83.5,0.04,NW@0.5,2.8,,39.8,0.0,0.0,0,,"Hundred Circles, Benton County",100140,Hundred Circles,2017-12-12 01:10:35.811697
2013-02-11,00:30,24.4,24.6,19.0,83.6,0.04,NW@1.3,3.1,,39.7,0.0,0.0,0,,"Hundred Circles, Benton County",100140,Hundred Circles,2017-12-12 01:10:35.811697
2013-02-11,00:45,24.4,24.6,19.2,84.1,0.05,NW@0.7,3.1,,39.7,0.0,0.0,0,,"Hundred Circles, Benton County",100140,Hundred Circles,2017-12-12 01:10:35.811697
2013-02-11,01:00,24.2,24.3,18.9,84.2,0.05,NW@1.2,3.1,,39.6,0.0,0.0,0,,"Hundred Circles, Benton County",100140,Hundred Circles,2017-12-12 01:10:35.811697
2013-02-11,01:15,25.4,25.7,20.5,85.0,0.05,NW@0.4,2.8,,39.6,0.0,0.0,0,,"Hundred Circles, Benton County",100140,Hundred Circles,2017-12-12 01:10:35.811697
2013-02-11,01:30,25.5,25.5,20.4,84.2,0.05,SE@0.0,1.4,,39.6,0.0,0.0,0,,"Hundred Circles, Benton County",100140,Hundred Circles,2017-12-12 01:10:35.811697
2013-02-11,01:45,25.0,25.0,19.9,84.4,0.05,N@0.0,0.0,,39.5,0.0,0.0,0,,"Hundred Circles, Benton County",100140,Hundred Circles,2017-12-12 01:10:35.811697
2013-02-11,02:00,25.3,25.4,20.5,85.1,0.06,E@0.0,1.7,,39.5,0.0,0.0,0,,"Hundred Circles, Benton County",100140,Hundred Circles,2017-12-12 01:10:35.811697
2013-02-11,02:15,23.7,23.8,18.6,84.7,0.06,E@0.6,3.1,,39.4,0.0,0.0,0,,"Hundred Circles, Benton County",100140,Hundred Circles,2017-12-12 01:10:35.811697
2013-02-11,02:30,22.4,22.5,17.1,84.7,0.06,NW@1.1,2.8,,39.4,0.0,0.0,0,,"Hundred Circles, Benton County",100140,Hundred Circles,2017-12-12 01:10:35.811697
2013-02-11,02:45,22.2,22.4,17.1,85.3,0.06,NW@1.7,3.1,,39.3,0.0,0.0,0,,"Hundred Circles, Benton County",100140,Hundred Circles,2017-12-12 01:10:35.811697
2013-02-11,03:00,22.1,22.3,17.0,85.5,0.06,NW@1.9,3.9,,39.3,0.0,0.0,0,,"Hundred Circles, Benton County",100140,Hundred Circles,2017-12-12 01:10:35.811697
2013-02-11,03:15,22.6,22.8,17.7,85.8,0.06,N@1.4,3.5,,39.2,0.0,0.0,0,,"Hundred Circles, Benton County",100140,Hundred Circles,2017-12-12 01:10:35.811697
2013-02-11,03:30,23.4,23.4,18.6,86.1,0.06,N@1.2,3.1,,39.2,0.0,0.0,0,,"Hundred Circles, Benton County",100140,Hundred Circles,2017-12-12 01:10:35.811697
2013-02-11,03:45,23.2,23.3,18.3,85.8,0.06,N@0.9,3.1,,39.1,0.0,0.0,0,,"Hundred Circles, Benton County",100140,Hundred Circles,2017-12-12 01:10:35.811697
2013-02-11,04:00,23.6,23.7,18.8,86.0,0.06,NW@0.0,1.4,,39.1,0.0,0.0,0,,"Hundred Circles, Benton County",100140,Hundred Circles,2017-12-12 01:10:35.811697
2013-02-11,04:15,22.5,22.5,17.4,85.3,0.06,NW@1.7,3.5,,39.0,0.0,0.0,0,,"Hundred Circles, Benton County",100140,Hundred Circles,2017-12-12 01:10:35.811697
2013-02-11,04:30,22.3,22.6,17.4,86.0,0.07,N@0.9,3.5,,39.0,0.0,0.0,0,,"Hundred Circles, Benton County",100140,Hundred Circles,2017-12-12 01:10:35.811697
2013-02-11,04:45,22.9,23.0,18.0,85.8,0.07,NW@1.3,4.2,,38.9,0.0,0.0,0,,"Hundred Circles, Benton County",100140,Hundred Circles,2017-12-12 01:10:35.811697
2013-02-11,05:00,22.3,22.5,17.3,85.9,0.07,N@1.6,3.1,,38.9,0.0,0.0,0,,"Hundred Circles, Benton County",100140,Hundred Circles,2017-12-12 01:10:35.811697
2013-02-11,05:15,21.9,22.1,16.9,85.7,0.07,NW@1.5,2.8,,38.9,0.0,0.0,0,,"Hundred Circles, Benton County",100140,Hundred Circles,2017-12-12 01:10:35.811697
2013-02-11,05:30,21.8,22.0,16.9,85.9,0.07,NW@1.1,3.1,,38.8,0.0,0.0,0,,"Hundred Circles, Benton County",100140,Hundred Circles,2017-12-12 01:10:35.811697
2013-02-11,05:45,21.8,21.8,16.8,85.8,0.07,SE@0.4,3.1,,38.8,0.0,0.0,0,,"Hundred Circles, Benton County",100140,Hundred Circles,2017-12-12 01:10:35.811697
2013-02-11,06:00,21.0,21.1,15.9,85.8,0.07,W@0.8,2.8,,38.7,0.0,0.0,0,,"Hundred Circles, Benton County",100140,Hundred Circles,2017-12-12 01:10:35.811697
2013-02-11,06:15,20.8,21.0,15.7,85.9,0.07,NW@1.7,2.8,,38.7,0.0,0.0,0,,"Hundred Circles, Benton County",100140,Hundred Circles,2017-12-12 01:10:35.811697
2013-02-11,06:30,21.2,21.4,16.2,86.2,0.07,W@0.5,2.4,,38.6,0.0,0.0,0,,"Hundred Circles, Benton County",100140,Hundred Circles,2017-12-12 01:10:35.811697
2013-02-11,06:45,20.9,21.1,15.8,85.8,0.07,NW@0.9,2.8,,38.6,0.0,0.0,0,,"Hundred Circles, Benton County",100140,Hundred Circles,2017-12-12 01:10:35.811697
2013-02-11,07:00,22.1,22.3,17.2,86.3,0.08,N@0.0,1.7,,38.6,0.0,0.0,1,,"Hundred Circles, Benton County",100140,Hundred Circles,2017-12-12 01:10:35.811697
2013-02-11,07:15,23.1,23.2,18.3,86.3,0.08,N@0.1,1.4,,38.5,0.0,0.0,5,,"Hundred Circles, Benton County",100140,Hundred Circles,2017-12-12 01:10:35.811697
2013-02-11,07:30,24.3,24.5,19.7,86.5,0.09,NW@0.2,2.4,,38.5,0.0,0.0,12,,"Hundred Circles, Benton County",100140,Hundred Circles,2017-12-12 01:10:35.811697
2013-02-11,07:45,25.0,25.1,20.5,86.5,0.09,E@0.1,2.4,,38.4,0.0,0.0,19,,"Hundred Circles, Benton County",100140,Hundred Circles,2017-12-12 01:10:35.811697
2013-02-11,08:00,24.9,25.0,20.4,86.6,0.1,SE@1.3,3.5,,38.4,0.0,0.0,33,,"Hundred Circles, Benton County",100140,Hundred Circles,2017-12-12 01:10:35.811697
2013-02-11,08:15,25.3,25.5,21.0,87.5,0.1,S@0.5,2.4,,38.4,0.0,0.0,52,,"Hundred Circles, Benton County",100140,Hundred Circles,2017-12-12 01:10:35.811697
2013-02-11,08:30,26.5,26.8,22.7,88.4,0.11,W@0.1,1.7,,38.3,0.0,0.0,71,,"Hundred Circles, Benton County",100140,Hundred Circles,2017-12-12 01:10:35.811697
2013-02-11,08:45,27.7,28.0,24.2,89.2,0.12,N@0.0,0.0,,38.3,0.0,0.0,87,,"Hundred Circles, Benton County",100140,Hundred Circles,2017-12-12 01:10:35.811697
2013-02-11,09:00,28.8,29.1,25.6,89.7,0.14,NE@0.5,2.8,,38.2,0.0,0.0,100,,"Hundred Circles, Benton County",100140,Hundred Circles,2017-12-12 01:10:35.811697
2013-02-11,09:15,29.5,29.7,26.4,89.9,0.15,NE@2.6,4.6,,38.2,0.0,0.0,138,,"Hundred Circles, Benton County",100140,Hundred Circles,2017-12-12 01:10:35.811697
2013-02-11,09:30,30.4,30.6,27.5,90.1,0.16,NW@3.0,4.9,,38.2,0.0,0.0,162,,"Hundred Circles, Benton County",100140,Hundred Circles,2017-12-12 01:10:35.811697
2013-02-11,09:45,30.8,31.0,27.8,89.9,0.17,NW@2.2,4.2,,38.1,0.0,0.0,192,,"Hundred Circles, Benton County",100140,Hundred Circles,2017-12-12 01:10:35.811697
2013-02-11,10:00,32.1,32.5,29.4,89.5,0.21,NW@1.1,3.5,,38.1,0.0,0.0,315,,"Hundred Circles, Benton County",100140,Hundred Circles,2017-12-12 01:10:35.811697
2013-02-11,10:15,35.0,35.2,31.3,86.1,0.28,SE@1.9,3.9,,38.0,0.0,0.0,431,,"Hundred Circles, Benton County",100140,Hundred Circles,2017-12-12 01:10:35.811697
2013-02-11,10:30,35.9,36.1,31.1,82.6,0.23,W@2.1,4.2,,38.0,0.0,0.0,379,,"Hundred Circles, Benton County",100140,Hundred Circles,2017-12-12 01:10:35.811697
2013-02-11,10:45,35.9,36.1,30.5,80.8,0.19,NW@2.6,6.0,,38.0,0.0,0.0,374,,"Hundred Circles, Benton County",100140,Hundred Circles,2017-12-12 01:10:35.811697
2013-02-11,11:00,37.3,37.4,31.0,78.0,0.19,W@3.4,6.7,,37.9,0.0,0.0,443,,"Hundred Circles, Benton County",100140,Hundred Circles,2017-12-12 01:10:35.811697
2013-02-11,11:15,38.7,39.0,31.3,74.5,0.18,NW@2.4,4.6,,37.9,0.0,0.0,464,,"Hundred Circles, Benton County",100140,Hundred Circles,2017-12-12 01:10:35.811697
2013-02-11,11:30,40.0,40.3,31.2,70.6,0.16,NW@1.8,4.2,,37.9,0.0,0.0,472,,"Hundred Circles, Benton County",100140,Hundred Circles,2017-12-12 01:10:35.811697
2013-02-11,11:45,41.0,41.3,31.7,69.2,0.14,NW@1.9,4.2,,37.8,0.0,0.0,485,,"Hundred Circles, Benton County",100140,Hundred Circles,2017-12-12 01:10:35.811697
2013-02-11,12:00,42.1,42.2,32.1,67.4,0.11,W@2.6,5.7,,37.8,0.0,0.0,494,,"Hundred Circles, Benton County",100140,Hundred Circles,2017-12-12 01:10:35.811697
2013-02-11,12:15,43.1,43.2,32.3,65.4,0.09,W@2.5,5.7,,37.8,0.0,0.0,495,,"Hundred Circles, Benton County",100140,Hundred Circles,2017-12-12 01:10:35.811697
2013-02-11,12:30,44.2,44.3,32.5,63.1,0.07,W@3.3,6.4,,37.8,0.0,0.0,477,,"Hundred Circles, Benton County",100140,Hundred Circles,2017-12-12 01:10:35.811697
2013-02-11,12:45,45.6,45.7,33.1,61.2,0.06,W@4.2,7.4,,37.8,0.0,0.0,526,,"Hundred Circles, Benton County",100140,Hundred Circles,2017-12-12 01:10:35.811697
2013-02-11,13:00,46.4,46.4,33.3,59.9,0.04,W@4.4,7.8,,37.8,0.0,0.0,416,,"Hundred Circles, Benton County",100140,Hundred Circles,2017-12-12 01:10:35.811697
2013-02-11,13:15,47.8,47.9,33.6,57.6,0.03,W@3.4,9.2,,37.8,0.0,0.0,468,,"Hundred Circles, Benton County",100140,Hundred Circles,2017-12-12 01:10:35.811697
2013-02-11,13:30,49.2,49.1,34.0,55.6,0.02,W@3.2,6.4,,37.9,0.0,0.0,518,,"Hundred Circles, Benton County",100140,Hundred Circles,2017-12-12 01:10:35.811697
2013-02-11,13:45,50.3,50.2,34.1,53.5,0.02,SW@2.2,10.3,,37.9,0.0,0.0,400,,"Hundred Circles, Benton County",100140,Hundred Circles,2017-12-12 01:10:35.811697
2013-02-11,14:00,50.0,49.9,33.6,53.0,0.01,NW@2.8,5.7,,38.0,0.0,0.0,409,,"Hundred Circles, Benton County",100140,Hundred Circles,2017-12-12 01:10:35.811697
2013-02-11,14:15,50.1,50.0,33.8,53.4,0.01,N@1.3,3.9,,38.1,0.0,0.0,319,,"Hundred Circles, Benton County",100140,Hundred Circles,2017-12-12 01:10:35.811697
2013-02-11,14:30,51.3,51.3,34.3,52.0,0.0,SE@1.0,6.0,,38.1,0.0,0.0,294,,"Hundred Circles, Benton County",100140,Hundred Circles,2017-12-12 01:10:35.811697
2013-02-11,14:45,51.5,51.3,33.8,50.6,0.0,E@1.7,4.2,,38.2,0.0,0.0,266,,"Hundred Circles, Benton County",100140,Hundred Circles,2017-12-12 01:10:35.811697
2013-02-11,15:00,51.4,51.4,33.8,50.8,0.0,S@0.6,3.5,,38.3,0.0,0.0,221,,"Hundred Circles, Benton County",100140,Hundred Circles,2017-12-12 01:10:35.811697
2013-02-11,15:15,52.4,52.3,34.4,50.1,0.0,SE@1.3,4.2,,38.4,0.0,0.0,249,,"Hundred Circles, Benton County",100140,Hundred Circles,2017-12-12 01:10:35.811697
2013-02-11,15:30,52.8,52.6,34.3,49.3,0.0,S@2.8,5.7,,38.5,0.0,0.0,173,,"Hundred Circles, Benton County",100140,Hundred Circles,2017-12-12 01:10:35.811697
2013-02-11,15:45,52.1,52.0,34.6,51.1,0.0,S@4.2,6.4,,38.7,0.0,0.0,144,,"Hundred Circles, Benton County",100140,Hundred Circles,2017-12-12 01:10:35.811697
2013-02-11,16:00,51.9,51.8,34.5,51.4,0.0,S@3.7,5.3,,38.8,0.0,0.0,121,,"Hundred Circles, Benton County",100140,Hundred Circles,2017-12-12 01:10:35.811697
2013-02-11,16:15,51.6,51.5,34.9,52.6,0.0,SE@1.7,3.5,,38.9,0.0,0.0,88,,"Hundred Circles, Benton County",100140,Hundred Circles,2017-12-12 01:10:35.811697
2013-02-11,16:30,51.1,51.0,35.0,53.8,0.0,S@2.2,4.6,,39.0,0.0,0.0,55,,"Hundred Circles, Benton County",100140,Hundred Circles,2017-12-12 01:10:35.811697
2013-02-11,16:45,50.4,50.2,35.3,56.1,0.0,S@0.8,3.1,,39.1,0.0,0.0,38,,"Hundred Circles, Benton County",100140,Hundred Circles,2017-12-12 01:10:35.811697
2013-02-11,17:00,49.4,49.3,35.0,57.4,0.0,S@3.3,8.9,,39.2,0.0,0.0,23,,"Hundred Circles, Benton County",100140,Hundred Circles,2017-12-12 01:10:35.811697
2013-02-11,17:15,48.5,48.5,34.3,57.8,0.0,S@5.8,8.5,,39.3,0.0,0.0,12,,"Hundred Circles, Benton County",100140,Hundred Circles,2017-12-12 01:10:35.811697
2013-02-11,17:30,47.4,47.2,34.2,60.1,0.0,E@4.7,7.8,,39.5,0.0,0.0,3,,"Hundred Circles, Benton County",100140,Hundred Circles,2017-12-12 01:10:35.811697
2013-02-11,17:45,46.1,46.2,34.0,62.5,0.0,E@4.8,9.2,,39.6,0.0,0.0,0,,"Hundred Circles, Benton County",100140,Hundred Circles,2017-12-12 01:10:35.811697
2013-02-11,18:00,45.6,45.4,33.4,62.2,0.0,E@4.6,6.7,,39.7,0.0,0.0,0,,"Hundred Circles, Benton County",100140,Hundred Circles,2017-12-12 01:10:35.811697
2013-02-11,18:15,43.7,43.7,33.0,65.8,0.0,NE@2.2,4.6,,39.8,0.0,0.0,0,,"Hundred Circles, Benton County",100140,Hundred Circles,2017-12-12 01:10:35.811697
2013-02-11,18:30,42.3,42.1,32.2,67.2,0.0,NE@4.9,6.4,,39.8,0.0,0.0,0,,"Hundred Circles, Benton County",100140,Hundred Circles,2017-12-12 01:10:35.811697
2013-02-11,18:45,40.8,40.8,31.9,70.5,0.0,N@3.8,5.7,,39.9,0.0,0.0,0,,"Hundred Circles, Benton County",100140,Hundred Circles,2017-12-12 01:10:35.811697
2013-02-11,19:00,39.0,38.7,30.8,72.1,0.0,N@4.5,6.0,,40.0,0.0,0.0,0,,"Hundred Circles, Benton County",100140,Hundred Circles,2017-12-12 01:10:35.811697
2013-02-11,19:15,35.9,35.8,29.3,76.6,0.0,N@3.2,4.9,,40.0,0.0,0.0,0,,"Hundred Circles, Benton County",100140,Hundred Circles,2017-12-12 01:10:35.811697
2013-02-11,19:30,35.1,35.0,29.4,79.4,0.0,N@4.6,6.0,,40.1,0.0,0.0,0,,"Hundred Circles, Benton County",100140,Hundred Circles,2017-12-12 01:10:35.811697
2013-02-11,19:45,34.3,34.2,28.9,80.6,0.0,N@4.2,6.0,,40.2,0.0,0.0,0,,"Hundred Circles, Benton County",100140,Hundred Circles,2017-12-12 01:10:35.811697
2013-02-11,20:00,33.7,33.7,28.7,81.5,0.0,N@4.4,5.3,,40.2,0.0,0.0,0,,"Hundred Circles, Benton County",100140,Hundred Circles,2017-12-12 01:10:35.811697
2013-02-11,20:15,33.4,33.5,28.4,81.6,0.01,NW@2.5,5.3,,40.2,0.0,0.0,0,,"Hundred Circles, Benton County",100140,Hundred Circles,2017-12-12 01:10:35.811697
2013-02-11,20:30,32.6,32.8,27.8,82.2,0.01,NW@2.2,3.5,,40.3,0.0,0.0,0,,"Hundred Circles, Benton County",100140,Hundred Circles,2017-12-12 01:10:35.811697
2013-02-11,20:45,33.3,33.5,28.3,81.4,0.02,NW@3.1,4.6,,40.3,0.0,0.0,0,,"Hundred Circles, Benton County",100140,Hundred Circles,2017-12-12 01:10:35.811697
2013-02-11,21:00,33.4,33.4,28.2,81.0,0.02,NW@2.7,4.2,,40.3,0.0,0.0,0,,"Hundred Circles, Benton County",100140,Hundred Circles,2017-12-12 01:10:35.811697
2013-02-11,21:15,32.8,32.7,27.8,81.5,0.02,SW@3.2,7.1,,40.3,0.0,0.0,0,,"Hundred Circles, Benton County",100140,Hundred Circles,2017-12-12 01:10:35.811697
2013-02-11,21:30,31.7,31.9,27.1,83.4,0.02,SW@3.9,6.0,,40.3,0.0,0.0,0,,"Hundred Circles, Benton County",100140,Hundred Circles,2017-12-12 01:10:35.811697
2013-02-11,21:45,33.3,33.6,28.7,82.9,0.03,W@2.5,4.9,,40.3,0.0,0.0,0,,"Hundred Circles, Benton County",100140,Hundred Circles,2017-12-12 01:10:35.811697
2013-02-11,22:00,32.5,32.4,27.3,81.0,0.03,NW@2.3,3.5,,40.3,0.0,0.0,0,,"Hundred Circles, Benton County",100140,Hundred Circles,2017-12-12 01:10:35.811697
2013-02-11,22:15,31.4,31.4,26.6,83.0,0.03,N@2.7,4.2,,40.3,0.0,0.0,0,,"Hundred Circles, Benton County",100140,Hundred Circles,2017-12-12 01:10:35.811697
2013-02-11,22:30,31.8,31.8,27.1,83.2,0.04,NW@2.2,3.9,,40.3,0.0,0.0,0,,"Hundred Circles, Benton County",100140,Hundred Circles,2017-12-12 01:10:35.811697
2013-02-11,22:45,32.7,32.8,28.2,83.2,0.04,NW@0.5,2.4,,40.2,0.0,0.0,0,,"Hundred Circles, Benton County",100140,Hundred Circles,2017-12-12 01:10:35.811697
2013-02-11,23:00,33.6,33.7,28.7,82.1,0.05,NE@1.1,3.9,,40.2,0.0,0.0,0,,"Hundred Circles, Benton County",100140,Hundred Circles,2017-12-12 01:10:35.811697
2013-02-11,23:15,33.7,33.7,28.7,82.0,0.05,NE@1.6,3.5,,40.2,0.0,0.0,0,,"Hundred Circles, Benton County",100140,Hundred Circles,2017-12-12 01:10:35.811697
2013-02-11,23:30,32.5,32.5,27.8,82.6,0.05,SE@0.7,2.8,,40.2,0.0,0.0,0,,"Hundred Circles, Benton County",100140,Hundred Circles,2017-12-12 01:10:35.811697
2013-02-11,23:45,32.6,32.7,28.4,84.1,0.06,NE@0.0,1.4,,40.1,0.0,0.0,0,,"Hundred Circles, Benton County",100140,Hundred Circles,2017-12-12 01:10:35.811697
2013-02-11,24:00,30.2,29.9,25.3,83.1,0.06,N@2.0,3.9,,40.1,0.0,0.0,0,,"Hundred Circles, Benton County",100140,Hundred Circles,2017-12-12 01:10:35.811697
