Date,Time PST,Air Temp °F, 2<sup>nd</sup> Air Temp °F, Dew Point °F, Rel Hum %, Leaf Wet u., Wind Dir @ Speed mph, Wind Gust mph, 8 in. Soil Tmp °F, Tot Prec in, Solar Rad W/m²,Location,Station ID,Station Name,Download Timestamp
2014-09-08,00:15,70.4,70.4,49.3,47.0,0.0,SW@7.4,9.9,77.9,0.0,0,"Canoe Ridge, Benton County",110023,Canoe Ridge,2017-12-13 06:54:50.307756
2014-09-08,00:30,70.0,69.8,48.8,46.9,0.0,SW@6.8,9.6,77.9,0.0,0,"Canoe Ridge, Benton County",110023,Canoe Ridge,2017-12-13 06:54:50.307756
2014-09-08,00:45,67.9,67.6,49.8,52.4,0.0,N@0.0,0.0,77.9,0.0,0,"Canoe Ridge, Benton County",110023,Canoe Ridge,2017-12-13 06:54:50.307756
2014-09-08,01:00,65.9,65.6,50.9,58.4,0.0,SW@3.4,5.7,77.9,0.0,0,"Canoe Ridge, Benton County",110023,Canoe Ridge,2017-12-13 06:54:50.307756
2014-09-08,01:15,66.5,66.5,49.5,54.3,0.0,SW@0.3,5.3,78.0,0.0,0,"Canoe Ridge, Benton County",110023,Canoe Ridge,2017-12-13 06:54:50.307756
2014-09-08,01:30,66.0,65.7,49.7,55.5,0.0,N@0.0,0.0,78.0,0.0,0,"Canoe Ridge, Benton County",110023,Canoe Ridge,2017-12-13 06:54:50.307756
2014-09-08,01:45,65.3,65.1,50.4,58.5,0.0,N@0.0,0.0,78.0,0.0,0,"Canoe Ridge, Benton County",110023,Canoe Ridge,2017-12-13 06:54:50.307756
2014-09-08,02:00,64.9,64.6,51.6,61.9,0.0,N@0.0,0.0,78.0,0.0,0,"Canoe Ridge, Benton County",110023,Canoe Ridge,2017-12-13 06:54:50.307756
2014-09-08,02:15,64.3,64.1,51.4,62.8,0.0,SW@0.0,1.4,78.0,0.0,0,"Canoe Ridge, Benton County",110023,Canoe Ridge,2017-12-13 06:54:50.307756
2014-09-08,02:30,65.2,65.0,49.4,56.6,0.0,SW@1.5,7.4,78.0,0.0,0,"Canoe Ridge, Benton County",110023,Canoe Ridge,2017-12-13 06:54:50.307756
2014-09-08,02:45,63.9,63.8,49.4,59.1,0.0,SW@0.6,5.7,78.0,0.0,0,"Canoe Ridge, Benton County",110023,Canoe Ridge,2017-12-13 06:54:50.307756
2014-09-08,03:00,63.5,63.3,48.9,58.8,0.0,SW@0.5,7.4,78.0,0.0,0,"Canoe Ridge, Benton County",110023,Canoe Ridge,2017-12-13 06:54:50.307756
2014-09-08,03:15,62.6,62.4,48.5,59.9,0.0,SW@6.2,8.2,78.0,0.0,0,"Canoe Ridge, Benton County",110023,Canoe Ridge,2017-12-13 06:54:50.307756
2014-09-08,03:30,62.0,61.8,48.4,61.0,0.0,SW@3.4,7.1,78.0,0.0,0,"Canoe Ridge, Benton County",110023,Canoe Ridge,2017-12-13 06:54:50.307756
2014-09-08,03:45,61.9,61.6,48.4,61.2,0.0,SW@0.7,5.7,77.9,0.0,0,"Canoe Ridge, Benton County",110023,Canoe Ridge,2017-12-13 06:54:50.307756
2014-09-08,04:00,61.5,61.2,49.5,64.6,0.0,SW@0.2,4.6,77.9,0.0,0,"Canoe Ridge, Benton County",110023,Canoe Ridge,2017-12-13 06:54:50.307756
2014-09-08,04:15,61.2,60.9,48.7,63.4,0.0,SW@1.8,5.7,77.9,0.0,0,"Canoe Ridge, Benton County",110023,Canoe Ridge,2017-12-13 06:54:50.307756
2014-09-08,04:30,61.4,61.3,46.7,58.3,0.0,SW@0.4,5.3,77.9,0.0,0,"Canoe Ridge, Benton County",110023,Canoe Ridge,2017-12-13 06:54:50.307756
2014-09-08,04:45,62.4,62.2,45.0,53.0,0.0,SW@2.9,6.4,77.8,0.0,0,"Canoe Ridge, Benton County",110023,Canoe Ridge,2017-12-13 06:54:50.307756
2014-09-08,05:00,61.4,61.1,47.2,59.5,0.0,SW@3.1,6.4,77.8,0.0,0,"Canoe Ridge, Benton County",110023,Canoe Ridge,2017-12-13 06:54:50.307756
2014-09-08,05:15,60.3,60.0,48.7,65.2,0.0,N@0.0,0.0,77.8,0.0,0,"Canoe Ridge, Benton County",110023,Canoe Ridge,2017-12-13 06:54:50.307756
2014-09-08,05:30,59.4,59.1,50.5,72.1,0.0,N@0.0,0.0,77.7,0.0,3,"Canoe Ridge, Benton County",110023,Canoe Ridge,2017-12-13 06:54:50.307756
2014-09-08,05:45,59.0,58.7,49.9,71.7,0.0,N@0.0,0.0,77.7,0.0,16,"Canoe Ridge, Benton County",110023,Canoe Ridge,2017-12-13 06:54:50.307756
2014-09-08,06:00,58.1,57.5,51.2,77.9,0.0,N@0.0,0.0,77.7,0.0,48,"Canoe Ridge, Benton County",110023,Canoe Ridge,2017-12-13 06:54:50.307756
2014-09-08,06:15,58.2,57.9,52.4,81.0,0.01,N@0.0,0.0,77.6,0.0,85,"Canoe Ridge, Benton County",110023,Canoe Ridge,2017-12-13 06:54:50.307756
2014-09-08,06:30,59.5,59.2,52.3,76.8,0.0,N@0.0,0.0,77.6,0.0,125,"Canoe Ridge, Benton County",110023,Canoe Ridge,2017-12-13 06:54:50.307756
2014-09-08,06:45,59.9,59.4,52.3,75.7,0.0,N@0.0,0.0,77.5,0.0,167,"Canoe Ridge, Benton County",110023,Canoe Ridge,2017-12-13 06:54:50.307756
2014-09-08,07:00,61.2,61.0,51.6,70.7,0.0,N@0.0,0.0,77.5,0.0,212,"Canoe Ridge, Benton County",110023,Canoe Ridge,2017-12-13 06:54:50.307756
2014-09-08,07:15,62.0,61.7,51.9,69.4,0.0,N@0.0,0.0,77.4,0.0,258,"Canoe Ridge, Benton County",110023,Canoe Ridge,2017-12-13 06:54:50.307756
2014-09-08,07:30,63.1,62.8,51.6,66.0,0.0,SW@0.7,8.2,77.4,0.0,304,"Canoe Ridge, Benton County",110023,Canoe Ridge,2017-12-13 06:54:50.307756
2014-09-08,07:45,64.3,64.1,50.9,61.7,0.0,SW@4.5,11.4,77.3,0.0,349,"Canoe Ridge, Benton County",110023,Canoe Ridge,2017-12-13 06:54:50.307756
2014-09-08,08:00,65.1,64.7,51.7,61.8,0.0,S@4.7,9.9,77.3,0.0,395,"Canoe Ridge, Benton County",110023,Canoe Ridge,2017-12-13 06:54:50.307756
2014-09-08,08:15,65.3,65.0,51.6,61.3,0.0,S@5.9,10.3,77.2,0.0,441,"Canoe Ridge, Benton County",110023,Canoe Ridge,2017-12-13 06:54:50.307756
2014-09-08,08:30,66.6,66.3,51.3,57.7,0.0,S@6.5,11.0,77.1,0.0,488,"Canoe Ridge, Benton County",110023,Canoe Ridge,2017-12-13 06:54:50.307756
2014-09-08,08:45,69.1,69.0,50.5,51.5,0.0,SW@6.6,10.7,77.1,0.0,543,"Canoe Ridge, Benton County",110023,Canoe Ridge,2017-12-13 06:54:50.307756
2014-09-08,09:00,70.7,70.6,51.0,49.6,0.0,S@6.0,11.0,77.0,0.0,605,"Canoe Ridge, Benton County",110023,Canoe Ridge,2017-12-13 06:54:50.307756
2014-09-08,09:15,72.5,72.4,50.7,46.2,0.0,SW@7.0,12.4,76.9,0.0,505,"Canoe Ridge, Benton County",110023,Canoe Ridge,2017-12-13 06:54:50.307756
2014-09-08,09:30,74.6,74.6,50.3,42.4,0.0,SW@8.3,12.4,76.9,0.0,572,"Canoe Ridge, Benton County",110023,Canoe Ridge,2017-12-13 06:54:50.307756
2014-09-08,09:45,75.3,75.2,51.3,43.0,0.0,S@9.7,16.0,76.8,0.0,625,"Canoe Ridge, Benton County",110023,Canoe Ridge,2017-12-13 06:54:50.307756
2014-09-08,10:00,77.7,77.6,48.5,35.7,0.0,SW@12.4,18.2,76.7,0.0,593,"Canoe Ridge, Benton County",110023,Canoe Ridge,2017-12-13 06:54:50.307756
2014-09-08,10:15,78.4,78.3,48.0,34.3,0.0,SW@12.4,16.4,76.7,0.0,672,"Canoe Ridge, Benton County",110023,Canoe Ridge,2017-12-13 06:54:50.307756
2014-09-08,10:30,79.2,79.1,47.6,33.0,0.0,SW@11.3,16.7,76.6,0.0,609,"Canoe Ridge, Benton County",110023,Canoe Ridge,2017-12-13 06:54:50.307756
2014-09-08,10:45,82.1,82.1,47.7,30.1,0.0,SW@12.5,18.9,76.5,0.0,784,"Canoe Ridge, Benton County",110023,Canoe Ridge,2017-12-13 06:54:50.307756
2014-09-08,11:00,83.1,83.0,46.6,27.9,0.0,SW@14.2,19.2,76.5,0.0,716,"Canoe Ridge, Benton County",110023,Canoe Ridge,2017-12-13 06:54:50.307756
2014-09-08,11:15,84.7,84.8,46.3,26.2,0.0,SW@14.1,19.2,76.4,0.0,853,"Canoe Ridge, Benton County",110023,Canoe Ridge,2017-12-13 06:54:50.307756
2014-09-08,11:30,85.1,85.0,45.3,24.9,0.0,SW@14.6,20.0,76.3,0.0,766,"Canoe Ridge, Benton County",110023,Canoe Ridge,2017-12-13 06:54:50.307756
2014-09-08,11:45,85.2,85.1,44.1,23.8,0.0,SW@14.6,20.0,76.3,0.0,737,"Canoe Ridge, Benton County",110023,Canoe Ridge,2017-12-13 06:54:50.307756
2014-09-08,12:00,84.5,84.4,43.6,23.8,0.0,SW@14.6,21.8,76.2,0.0,560,"Canoe Ridge, Benton County",110023,Canoe Ridge,2017-12-13 06:54:50.307756
2014-09-08,12:15,85.1,85.0,43.6,23.4,0.0,SW@14.7,20.3,76.2,0.0,578,"Canoe Ridge, Benton County",110023,Canoe Ridge,2017-12-13 06:54:50.307756
2014-09-08,12:30,83.8,83.7,43.4,24.2,0.0,SW@16.2,22.1,76.1,0.0,485,"Canoe Ridge, Benton County",110023,Canoe Ridge,2017-12-13 06:54:50.307756
2014-09-08,12:45,84.3,84.5,42.4,22.9,0.0,SW@15.7,21.4,76.1,0.0,646,"Canoe Ridge, Benton County",110023,Canoe Ridge,2017-12-13 06:54:50.307756
2014-09-08,13:00,87.4,87.4,43.6,21.7,0.0,SW@15.2,23.2,76.1,0.0,881,"Canoe Ridge, Benton County",110023,Canoe Ridge,2017-12-13 06:54:50.307756
2014-09-08,13:15,86.3,86.2,43.9,22.7,0.0,SW@15.9,23.2,76.0,0.0,569,"Canoe Ridge, Benton County",110023,Canoe Ridge,2017-12-13 06:54:50.307756
2014-09-08,13:30,86.4,86.3,44.5,23.1,0.0,SW@15.4,20.7,76.0,0.0,554,"Canoe Ridge, Benton County",110023,Canoe Ridge,2017-12-13 06:54:50.307756
2014-09-08,13:45,86.2,86.3,45.4,24.2,0.0,SW@15.4,21.0,76.0,0.0,584,"Canoe Ridge, Benton County",110023,Canoe Ridge,2017-12-13 06:54:50.307756
2014-09-08,14:00,87.6,87.7,46.1,23.7,0.0,SW@15.0,21.0,75.9,0.0,587,"Canoe Ridge, Benton County",110023,Canoe Ridge,2017-12-13 06:54:50.307756
2014-09-08,14:15,87.1,87.1,47.2,25.1,0.0,SW@15.8,22.8,75.9,0.0,454,"Canoe Ridge, Benton County",110023,Canoe Ridge,2017-12-13 06:54:50.307756
2014-09-08,14:30,85.2,85.2,48.8,28.4,0.0,SW@17.8,24.3,75.9,0.0,320,"Canoe Ridge, Benton County",110023,Canoe Ridge,2017-12-13 06:54:50.307756
2014-09-08,14:45,84.9,85.0,49.0,28.8,0.0,SW@19.1,28.9,75.9,0.0,316,"Canoe Ridge, Benton County",110023,Canoe Ridge,2017-12-13 06:54:50.307756
2014-09-08,15:00,86.4,86.5,49.3,27.7,0.0,SW@20.1,26.4,75.9,0.0,511,"Canoe Ridge, Benton County",110023,Canoe Ridge,2017-12-13 06:54:50.307756
2014-09-08,15:15,84.8,84.6,50.2,30.2,0.0,SW@21.7,28.9,75.9,0.0,384,"Canoe Ridge, Benton County",110023,Canoe Ridge,2017-12-13 06:54:50.307756
2014-09-08,15:30,84.6,84.7,51.0,31.3,0.0,SW@19.7,26.0,75.9,0.0,438,"Canoe Ridge, Benton County",110023,Canoe Ridge,2017-12-13 06:54:50.307756
2014-09-08,15:45,83.5,83.4,50.0,31.3,0.0,SW@20.5,27.5,75.9,0.0,247,"Canoe Ridge, Benton County",110023,Canoe Ridge,2017-12-13 06:54:50.307756
2014-09-08,16:00,83.9,84.0,51.0,32.1,0.0,SW@19.6,25.7,75.9,0.0,439,"Canoe Ridge, Benton County",110023,Canoe Ridge,2017-12-13 06:54:50.307756
2014-09-08,16:15,83.3,83.0,50.9,32.6,0.0,SW@20.8,27.1,75.9,0.0,326,"Canoe Ridge, Benton County",110023,Canoe Ridge,2017-12-13 06:54:50.307756
2014-09-08,16:30,82.2,82.2,51.5,34.6,0.0,SW@19.0,26.8,76.0,0.0,363,"Canoe Ridge, Benton County",110023,Canoe Ridge,2017-12-13 06:54:50.307756
2014-09-08,16:45,82.6,82.5,51.8,34.5,0.0,SW@19.2,26.4,76.0,0.0,320,"Canoe Ridge, Benton County",110023,Canoe Ridge,2017-12-13 06:54:50.307756
2014-09-08,17:00,82.1,81.9,52.1,35.4,0.0,SW@17.8,26.0,76.0,0.0,269,"Canoe Ridge, Benton County",110023,Canoe Ridge,2017-12-13 06:54:50.307756
2014-09-08,17:15,80.3,80.0,52.2,37.8,0.0,SW@18.1,25.7,76.0,0.0,171,"Canoe Ridge, Benton County",110023,Canoe Ridge,2017-12-13 06:54:50.307756
2014-09-08,17:30,79.1,78.9,52.7,40.0,0.0,SW@16.4,24.3,76.1,0.0,166,"Canoe Ridge, Benton County",110023,Canoe Ridge,2017-12-13 06:54:50.307756
2014-09-08,17:45,78.3,78.1,53.4,42.0,0.0,SW@13.4,20.3,76.1,0.0,125,"Canoe Ridge, Benton County",110023,Canoe Ridge,2017-12-13 06:54:50.307756
2014-09-08,18:00,77.5,77.3,53.3,43.0,0.0,SW@14.0,21.8,76.2,0.0,81,"Canoe Ridge, Benton County",110023,Canoe Ridge,2017-12-13 06:54:50.307756
2014-09-08,18:15,76.8,76.6,54.0,45.2,0.0,SW@15.1,22.5,76.2,0.0,30,"Canoe Ridge, Benton County",110023,Canoe Ridge,2017-12-13 06:54:50.307756
2014-09-08,18:30,75.2,75.1,55.0,49.5,0.0,SW@15.8,24.6,76.3,0.0,7,"Canoe Ridge, Benton County",110023,Canoe Ridge,2017-12-13 06:54:50.307756
2014-09-08,18:45,74.2,74.2,55.3,51.7,0.0,SW@17.2,23.9,76.3,0.0,1,"Canoe Ridge, Benton County",110023,Canoe Ridge,2017-12-13 06:54:50.307756
2014-09-08,19:00,73.5,73.5,54.9,52.0,0.0,SW@16.0,21.4,76.4,0.0,0,"Canoe Ridge, Benton County",110023,Canoe Ridge,2017-12-13 06:54:50.307756
2014-09-08,19:15,72.5,72.5,55.7,55.5,0.0,SW@15.2,21.0,76.4,0.0,0,"Canoe Ridge, Benton County",110023,Canoe Ridge,2017-12-13 06:54:50.307756
2014-09-08,19:30,72.2,72.1,55.7,56.1,0.0,SW@16.0,20.3,76.5,0.0,0,"Canoe Ridge, Benton County",110023,Canoe Ridge,2017-12-13 06:54:50.307756
2014-09-08,19:45,71.8,71.8,55.3,56.0,0.0,SW@15.7,20.3,76.5,0.0,0,"Canoe Ridge, Benton County",110023,Canoe Ridge,2017-12-13 06:54:50.307756
2014-09-08,20:00,71.3,71.3,55.2,56.7,0.0,SW@14.5,20.3,76.6,0.0,0,"Canoe Ridge, Benton County",110023,Canoe Ridge,2017-12-13 06:54:50.307756
2014-09-08,20:15,70.9,70.8,55.3,57.7,0.0,SW@13.5,19.2,76.6,0.0,0,"Canoe Ridge, Benton County",110023,Canoe Ridge,2017-12-13 06:54:50.307756
2014-09-08,20:30,70.1,70.0,55.5,59.7,0.0,SW@13.0,18.2,76.7,0.0,0,"Canoe Ridge, Benton County",110023,Canoe Ridge,2017-12-13 06:54:50.307756
2014-09-08,20:45,69.6,69.5,55.3,60.4,0.0,SW@13.0,18.5,76.7,0.0,0,"Canoe Ridge, Benton County",110023,Canoe Ridge,2017-12-13 06:54:50.307756
2014-09-08,21:00,69.1,69.0,55.3,61.4,0.0,SW@12.8,17.1,76.7,0.0,0,"Canoe Ridge, Benton County",110023,Canoe Ridge,2017-12-13 06:54:50.307756
2014-09-08,21:15,68.6,68.5,55.1,61.8,0.0,SW@13.0,18.2,76.8,0.0,0,"Canoe Ridge, Benton County",110023,Canoe Ridge,2017-12-13 06:54:50.307756
2014-09-08,21:30,68.0,67.9,55.1,63.4,0.0,SW@12.0,17.5,76.8,0.0,0,"Canoe Ridge, Benton County",110023,Canoe Ridge,2017-12-13 06:54:50.307756
2014-09-08,21:45,67.2,67.1,55.2,65.4,0.0,SW@10.8,15.7,76.9,0.0,0,"Canoe Ridge, Benton County",110023,Canoe Ridge,2017-12-13 06:54:50.307756
2014-09-08,22:00,66.9,66.8,55.2,66.0,0.0,SW@10.2,14.6,76.9,0.0,0,"Canoe Ridge, Benton County",110023,Canoe Ridge,2017-12-13 06:54:50.307756
2014-09-08,22:15,66.6,66.5,55.2,66.6,0.0,SW@11.1,17.1,77.0,0.0,0,"Canoe Ridge, Benton County",110023,Canoe Ridge,2017-12-13 06:54:50.307756
2014-09-08,22:30,66.3,66.2,55.6,68.3,0.0,SW@11.0,14.2,77.0,0.0,0,"Canoe Ridge, Benton County",110023,Canoe Ridge,2017-12-13 06:54:50.307756
2014-09-08,22:45,66.2,66.0,56.3,70.4,0.0,SW@10.6,15.0,77.0,0.0,0,"Canoe Ridge, Benton County",110023,Canoe Ridge,2017-12-13 06:54:50.307756
2014-09-08,23:00,65.9,65.8,54.9,67.5,0.0,SW@10.1,14.6,77.1,0.0,0,"Canoe Ridge, Benton County",110023,Canoe Ridge,2017-12-13 06:54:50.307756
2014-09-09,23:15,65.8,65.6,53.5,64.4,0.0,SW@10.2,14.2,77.1,0.0,0,"Canoe Ridge, Benton County",110023,Canoe Ridge,2017-12-13 06:54:50.307756
2014-09-09,23:30,65.4,65.2,53.1,64.3,0.0,SW@10.3,13.9,77.1,0.0,0,"Canoe Ridge, Benton County",110023,Canoe Ridge,2017-12-13 06:54:50.307756
2014-09-09,23:45,65.2,65.1,53.2,64.9,0.0,SW@11.0,14.2,77.1,0.0,0,"Canoe Ridge, Benton County",110023,Canoe Ridge,2017-12-13 06:54:50.307756
2014-09-09,24:00,65.1,64.9,53.4,65.9,0.0,SW@12.1,16.7,77.1,0.0,0,"Canoe Ridge, Benton County",110023,Canoe Ridge,2017-12-13 06:54:50.307756
2014-09-09,00:15,65.1,65.0,53.7,66.5,0.0,SW@13.0,17.5,77.2,0.0,0,"Canoe Ridge, Benton County",110023,Canoe Ridge,2017-12-13 06:54:50.307756
2014-09-09,00:30,64.3,64.0,53.6,68.2,0.0,SW@10.6,14.2,77.2,0.0,0,"Canoe Ridge, Benton County",110023,Canoe Ridge,2017-12-13 06:54:50.307756
2014-09-09,00:45,63.6,63.5,54.4,71.9,0.0,SW@11.0,14.2,77.2,0.0,0,"Canoe Ridge, Benton County",110023,Canoe Ridge,2017-12-13 06:54:50.307756
2014-09-09,01:00,63.0,62.8,55.5,76.4,0.0,SW@9.7,13.9,77.2,0.0,0,"Canoe Ridge, Benton County",110023,Canoe Ridge,2017-12-13 06:54:50.307756
2014-09-09,01:15,62.2,62.0,55.2,77.9,0.0,SW@8.8,11.4,77.2,0.0,0,"Canoe Ridge, Benton County",110023,Canoe Ridge,2017-12-13 06:54:50.307756
2014-09-09,01:30,62.2,62.0,54.7,76.3,0.0,SW@10.4,13.5,77.2,0.0,0,"Canoe Ridge, Benton County",110023,Canoe Ridge,2017-12-13 06:54:50.307756
2014-09-09,01:45,61.7,61.4,54.5,77.2,0.0,SW@9.6,12.8,77.2,0.0,0,"Canoe Ridge, Benton County",110023,Canoe Ridge,2017-12-13 06:54:50.307756
2014-09-09,02:00,61.6,61.4,53.8,75.4,0.0,SW@10.8,14.6,77.2,0.0,0,"Canoe Ridge, Benton County",110023,Canoe Ridge,2017-12-13 06:54:50.307756
2014-09-09,02:15,60.8,60.6,54.1,78.6,0.0,SW@9.7,13.5,77.2,0.0,0,"Canoe Ridge, Benton County",110023,Canoe Ridge,2017-12-13 06:54:50.307756
2014-09-09,02:30,61.1,61.0,53.3,75.4,0.0,SW@10.9,15.3,77.2,0.0,0,"Canoe Ridge, Benton County",110023,Canoe Ridge,2017-12-13 06:54:50.307756
2014-09-09,02:45,61.6,61.5,51.8,70.0,0.0,SW@12.6,18.2,77.1,0.0,0,"Canoe Ridge, Benton County",110023,Canoe Ridge,2017-12-13 06:54:50.307756
2014-09-09,03:00,61.3,61.1,52.6,72.8,0.0,SW@11.0,14.6,77.1,0.0,0,"Canoe Ridge, Benton County",110023,Canoe Ridge,2017-12-13 06:54:50.307756
2014-09-09,03:15,61.0,60.8,52.7,74.3,0.0,SW@10.5,15.3,77.1,0.0,0,"Canoe Ridge, Benton County",110023,Canoe Ridge,2017-12-13 06:54:50.307756
2014-09-09,03:30,59.8,59.5,52.5,76.7,0.0,SW@9.3,12.8,77.1,0.0,0,"Canoe Ridge, Benton County",110023,Canoe Ridge,2017-12-13 06:54:50.307756
2014-09-09,03:45,59.1,58.9,52.1,77.3,0.0,SW@9.4,12.8,77.1,0.0,0,"Canoe Ridge, Benton County",110023,Canoe Ridge,2017-12-13 06:54:50.307756
2014-09-09,04:00,59.1,58.9,51.8,76.7,0.0,SW@10.0,16.7,77.0,0.0,0,"Canoe Ridge, Benton County",110023,Canoe Ridge,2017-12-13 06:54:50.307756
2014-09-09,04:15,58.8,58.5,51.9,77.9,0.0,SW@8.8,12.4,77.0,0.0,0,"Canoe Ridge, Benton County",110023,Canoe Ridge,2017-12-13 06:54:50.307756
2014-09-09,04:30,58.2,58.0,52.3,80.6,0.0,SW@6.7,10.3,77.0,0.0,0,"Canoe Ridge, Benton County",110023,Canoe Ridge,2017-12-13 06:54:50.307756
2014-09-09,04:45,58.0,57.7,52.6,82.2,0.0,SW@6.5,9.2,77.0,0.0,0,"Canoe Ridge, Benton County",110023,Canoe Ridge,2017-12-13 06:54:50.307756
2014-09-09,05:00,57.6,57.3,52.5,83.2,0.0,SW@6.7,9.2,76.9,0.0,0,"Canoe Ridge, Benton County",110023,Canoe Ridge,2017-12-13 06:54:50.307756
2014-09-09,05:15,57.8,57.6,52.0,81.1,0.0,SW@7.1,11.4,76.9,0.0,0,"Canoe Ridge, Benton County",110023,Canoe Ridge,2017-12-13 06:54:50.307756
2014-09-09,05:30,58.9,58.7,50.3,73.1,0.0,SW@9.1,12.4,76.8,0.0,3,"Canoe Ridge, Benton County",110023,Canoe Ridge,2017-12-13 06:54:50.307756
2014-09-09,05:45,60.1,59.9,50.0,69.0,0.0,SW@10.5,13.5,76.8,0.0,12,"Canoe Ridge, Benton County",110023,Canoe Ridge,2017-12-13 06:54:50.307756
2014-09-09,06:00,60.8,60.7,49.5,66.2,0.0,SW@10.6,13.5,76.8,0.0,42,"Canoe Ridge, Benton County",110023,Canoe Ridge,2017-12-13 06:54:50.307756
2014-09-09,06:15,61.6,61.4,49.7,64.9,0.0,SW@9.7,13.5,76.7,0.0,78,"Canoe Ridge, Benton County",110023,Canoe Ridge,2017-12-13 06:54:50.307756
2014-09-09,06:30,61.8,61.6,50.7,67.0,0.0,SW@9.5,13.5,76.7,0.0,102,"Canoe Ridge, Benton County",110023,Canoe Ridge,2017-12-13 06:54:50.307756
2014-09-09,06:45,62.3,62.0,51.8,68.5,0.0,SW@10.7,14.6,76.6,0.0,234,"Canoe Ridge, Benton County",110023,Canoe Ridge,2017-12-13 06:54:50.307756
2014-09-09,07:00,63.3,63.1,51.8,66.2,0.0,SW@11.7,16.7,76.6,0.0,296,"Canoe Ridge, Benton County",110023,Canoe Ridge,2017-12-13 06:54:50.307756
2014-09-09,07:15,64.2,64.0,51.5,63.2,0.0,SW@12.7,16.7,76.5,0.0,341,"Canoe Ridge, Benton County",110023,Canoe Ridge,2017-12-13 06:54:50.307756
2014-09-09,07:30,65.2,64.9,51.2,60.5,0.0,SW@13.1,19.2,76.5,0.0,359,"Canoe Ridge, Benton County",110023,Canoe Ridge,2017-12-13 06:54:50.307756
2014-09-09,07:45,65.4,65.1,50.7,59.1,0.0,SW@15.0,19.2,76.4,0.0,378,"Canoe Ridge, Benton County",110023,Canoe Ridge,2017-12-13 06:54:50.307756
2014-09-09,08:00,65.7,65.3,50.6,58.1,0.0,SW@15.5,20.7,76.4,0.0,401,"Canoe Ridge, Benton County",110023,Canoe Ridge,2017-12-13 06:54:50.307756
2014-09-09,08:15,64.3,64.0,49.6,58.8,0.0,SW@14.1,20.0,76.3,0.0,244,"Canoe Ridge, Benton County",110023,Canoe Ridge,2017-12-13 06:54:50.307756
2014-09-09,08:30,65.2,65.0,49.9,57.8,0.0,SW@13.3,20.3,76.3,0.0,331,"Canoe Ridge, Benton County",110023,Canoe Ridge,2017-12-13 06:54:50.307756
2014-09-09,08:45,66.4,66.1,49.8,54.9,0.0,SW@13.1,19.2,76.2,0.0,409,"Canoe Ridge, Benton County",110023,Canoe Ridge,2017-12-13 06:54:50.307756
2014-09-09,09:00,66.0,65.8,48.7,53.5,0.0,SW@12.9,17.8,76.2,0.0,309,"Canoe Ridge, Benton County",110023,Canoe Ridge,2017-12-13 06:54:50.307756
2014-09-09,09:15,66.1,65.9,48.1,52.3,0.0,SW@12.6,18.5,76.1,0.0,253,"Canoe Ridge, Benton County",110023,Canoe Ridge,2017-12-13 06:54:50.307756
2014-09-09,09:30,66.4,66.3,48.0,51.5,0.0,SW@11.9,15.7,76.0,0.0,289,"Canoe Ridge, Benton County",110023,Canoe Ridge,2017-12-13 06:54:50.307756
2014-09-09,09:45,67.5,67.3,47.9,49.4,0.0,SW@11.4,15.3,76.0,0.0,296,"Canoe Ridge, Benton County",110023,Canoe Ridge,2017-12-13 06:54:50.307756
2014-09-09,10:00,69.1,69.1,47.8,46.5,0.0,SW@10.7,15.0,75.9,0.0,471,"Canoe Ridge, Benton County",110023,Canoe Ridge,2017-12-13 06:54:50.307756
2014-09-09,10:15,70.6,70.4,47.6,44.0,0.0,SW@9.8,13.5,75.9,0.0,629,"Canoe Ridge, Benton County",110023,Canoe Ridge,2017-12-13 06:54:50.307756
2014-09-09,10:30,71.5,71.2,47.5,42.4,0.0,SW@10.6,16.0,75.8,0.0,687,"Canoe Ridge, Benton County",110023,Canoe Ridge,2017-12-13 06:54:50.307756
2014-09-09,10:45,72.5,72.4,47.5,41.0,0.0,S@10.2,17.1,75.8,0.0,731,"Canoe Ridge, Benton County",110023,Canoe Ridge,2017-12-13 06:54:50.307756
2014-09-09,11:00,72.8,72.6,47.1,39.9,0.0,S@9.8,13.9,75.7,0.0,742,"Canoe Ridge, Benton County",110023,Canoe Ridge,2017-12-13 06:54:50.307756
2014-09-09,11:15,72.9,72.6,46.9,39.5,0.0,S@8.0,15.0,75.6,0.0,752,"Canoe Ridge, Benton County",110023,Canoe Ridge,2017-12-13 06:54:50.307756
2014-09-09,11:30,73.7,73.3,47.2,38.9,0.0,S@9.5,13.9,75.6,0.0,760,"Canoe Ridge, Benton County",110023,Canoe Ridge,2017-12-13 06:54:50.307756
2014-09-09,11:45,73.8,73.8,47.2,38.7,0.0,S@9.0,14.6,75.6,0.0,765,"Canoe Ridge, Benton County",110023,Canoe Ridge,2017-12-13 06:54:50.307756
2014-09-09,12:00,73.9,73.7,47.1,38.5,0.0,S@8.5,15.0,75.5,0.0,767,"Canoe Ridge, Benton County",110023,Canoe Ridge,2017-12-13 06:54:50.307756
2014-09-09,12:15,74.4,74.1,47.2,38.1,0.0,S@9.9,16.7,75.5,0.0,764,"Canoe Ridge, Benton County",110023,Canoe Ridge,2017-12-13 06:54:50.307756
2014-09-09,12:30,75.2,75.1,47.5,37.4,0.0,S@8.0,16.4,75.4,0.0,760,"Canoe Ridge, Benton County",110023,Canoe Ridge,2017-12-13 06:54:50.307756
2014-09-09,12:45,75.5,75.2,47.3,36.8,0.0,S@10.6,15.3,75.4,0.0,750,"Canoe Ridge, Benton County",110023,Canoe Ridge,2017-12-13 06:54:50.307756
2014-09-09,13:00,75.8,75.7,47.4,36.5,0.0,S@10.3,16.4,75.3,0.0,742,"Canoe Ridge, Benton County",110023,Canoe Ridge,2017-12-13 06:54:50.307756
2014-09-09,13:15,76.0,75.7,47.4,36.3,0.0,S@10.0,14.6,75.3,0.0,726,"Canoe Ridge, Benton County",110023,Canoe Ridge,2017-12-13 06:54:50.307756
2014-09-09,13:30,75.9,75.8,47.4,36.4,0.0,S@8.1,13.9,75.3,0.0,705,"Canoe Ridge, Benton County",110023,Canoe Ridge,2017-12-13 06:54:50.307756
2014-09-09,13:45,76.0,75.8,47.3,36.1,0.0,S@9.2,13.5,75.3,0.0,685,"Canoe Ridge, Benton County",110023,Canoe Ridge,2017-12-13 06:54:50.307756
2014-09-09,14:00,76.3,76.2,47.4,36.0,0.0,S@9.8,15.7,75.2,0.0,663,"Canoe Ridge, Benton County",110023,Canoe Ridge,2017-12-13 06:54:50.307756
2014-09-09,14:15,77.5,77.4,47.3,34.4,0.0,S@9.6,14.2,75.2,0.0,637,"Canoe Ridge, Benton County",110023,Canoe Ridge,2017-12-13 06:54:50.307756
2014-09-09,14:30,77.3,76.9,47.1,34.5,0.0,S@9.6,15.0,75.2,0.0,607,"Canoe Ridge, Benton County",110023,Canoe Ridge,2017-12-13 06:54:50.307756
2014-09-09,14:45,77.3,77.1,46.9,34.1,0.0,S@9.5,13.9,75.2,0.0,575,"Canoe Ridge, Benton County",110023,Canoe Ridge,2017-12-13 06:54:50.307756
2014-09-09,15:00,77.0,76.8,47.2,34.8,0.0,S@11.1,15.3,75.2,0.0,541,"Canoe Ridge, Benton County",110023,Canoe Ridge,2017-12-13 06:54:50.307756
2014-09-09,15:15,77.1,76.9,47.2,34.7,0.0,S@10.4,14.2,75.2,0.0,506,"Canoe Ridge, Benton County",110023,Canoe Ridge,2017-12-13 06:54:50.307756
2014-09-09,15:30,77.4,77.3,47.0,34.2,0.0,S@9.2,13.2,75.2,0.0,468,"Canoe Ridge, Benton County",110023,Canoe Ridge,2017-12-13 06:54:50.307756
2014-09-09,15:45,77.4,77.1,47.1,34.4,0.0,S@10.3,16.0,75.2,0.0,428,"Canoe Ridge, Benton County",110023,Canoe Ridge,2017-12-13 06:54:50.307756
2014-09-09,16:00,76.7,76.4,47.2,35.2,0.0,S@8.5,14.6,75.2,0.0,385,"Canoe Ridge, Benton County",110023,Canoe Ridge,2017-12-13 06:54:50.307756
2014-09-09,16:15,77.2,77.1,47.4,35.0,0.0,S@9.6,13.2,75.2,0.0,344,"Canoe Ridge, Benton County",110023,Canoe Ridge,2017-12-13 06:54:50.307756
2014-09-09,16:30,77.4,77.2,47.0,34.2,0.0,SW@9.6,13.9,75.2,0.0,299,"Canoe Ridge, Benton County",110023,Canoe Ridge,2017-12-13 06:54:50.307756
2014-09-09,16:45,77.1,76.9,47.1,34.6,0.0,SW@10.2,16.0,75.3,0.0,255,"Canoe Ridge, Benton County",110023,Canoe Ridge,2017-12-13 06:54:50.307756
2014-09-09,17:00,76.2,76.0,47.0,35.6,0.0,SW@12.4,18.2,75.3,0.0,214,"Canoe Ridge, Benton County",110023,Canoe Ridge,2017-12-13 06:54:50.307756
2014-09-09,17:15,75.3,75.0,47.4,37.2,0.0,SW@13.4,18.5,75.3,0.0,170,"Canoe Ridge, Benton County",110023,Canoe Ridge,2017-12-13 06:54:50.307756
2014-09-09,17:30,74.0,73.8,47.2,38.5,0.0,SW@14.3,19.2,75.4,0.0,126,"Canoe Ridge, Benton County",110023,Canoe Ridge,2017-12-13 06:54:50.307756
2014-09-09,17:45,72.7,72.6,47.3,40.4,0.0,SW@14.0,18.9,75.4,0.0,72,"Canoe Ridge, Benton County",110023,Canoe Ridge,2017-12-13 06:54:50.307756
2014-09-09,18:00,72.4,72.2,47.5,41.2,0.0,SW@12.7,17.1,75.5,0.0,63,"Canoe Ridge, Benton County",110023,Canoe Ridge,2017-12-13 06:54:50.307756
2014-09-09,18:15,71.5,71.4,48.3,43.7,0.0,SW@12.2,17.5,75.5,0.0,22,"Canoe Ridge, Benton County",110023,Canoe Ridge,2017-12-13 06:54:50.307756
2014-09-09,18:30,70.8,70.7,48.7,45.5,0.0,SW@11.4,17.5,75.6,0.0,8,"Canoe Ridge, Benton County",110023,Canoe Ridge,2017-12-13 06:54:50.307756
2014-09-09,18:45,70.0,69.9,49.2,47.6,0.0,SW@11.1,15.0,75.6,0.0,1,"Canoe Ridge, Benton County",110023,Canoe Ridge,2017-12-13 06:54:50.307756
2014-09-09,19:00,69.0,68.8,50.0,50.7,0.0,SW@11.7,17.1,75.7,0.0,0,"Canoe Ridge, Benton County",110023,Canoe Ridge,2017-12-13 06:54:50.307756
2014-09-09,19:15,68.5,68.5,50.0,51.4,0.0,SW@13.3,17.1,75.8,0.0,0,"Canoe Ridge, Benton County",110023,Canoe Ridge,2017-12-13 06:54:50.307756
2014-09-09,19:30,68.2,68.1,50.9,53.8,0.0,SW@12.0,16.0,75.8,0.0,0,"Canoe Ridge, Benton County",110023,Canoe Ridge,2017-12-13 06:54:50.307756
2014-09-09,19:45,68.1,68.0,51.6,55.4,0.0,SW@11.2,15.3,75.9,0.0,0,"Canoe Ridge, Benton County",110023,Canoe Ridge,2017-12-13 06:54:50.307756
2014-09-09,20:00,68.1,68.0,50.6,53.4,0.0,SW@8.2,12.1,76.0,0.0,0,"Canoe Ridge, Benton County",110023,Canoe Ridge,2017-12-13 06:54:50.307756
2014-09-09,20:15,68.3,68.2,48.8,49.8,0.0,SW@5.4,11.4,76.0,0.0,0,"Canoe Ridge, Benton County",110023,Canoe Ridge,2017-12-13 06:54:50.307756
2014-09-09,20:30,68.5,68.4,47.4,46.8,0.0,W@2.0,7.8,76.1,0.0,0,"Canoe Ridge, Benton County",110023,Canoe Ridge,2017-12-13 06:54:50.307756
2014-09-09,20:45,68.9,68.7,45.3,42.6,0.0,NW@7.2,15.3,76.2,0.0,0,"Canoe Ridge, Benton County",110023,Canoe Ridge,2017-12-13 06:54:50.307756
2014-09-09,21:00,67.3,67.2,45.3,45.0,0.0,NW@8.0,11.4,76.2,0.0,0,"Canoe Ridge, Benton County",110023,Canoe Ridge,2017-12-13 06:54:50.307756
2014-09-09,21:15,66.6,66.5,45.1,45.7,0.0,W@4.8,9.2,76.3,0.0,0,"Canoe Ridge, Benton County",110023,Canoe Ridge,2017-12-13 06:54:50.307756
2014-09-09,21:30,65.9,65.7,48.2,52.8,0.0,SW@6.7,10.3,76.3,0.0,0,"Canoe Ridge, Benton County",110023,Canoe Ridge,2017-12-13 06:54:50.307756
2014-09-09,21:45,66.9,66.9,47.7,50.0,0.0,W@7.3,13.5,76.4,0.0,0,"Canoe Ridge, Benton County",110023,Canoe Ridge,2017-12-13 06:54:50.307756
2014-09-09,22:00,65.1,64.7,50.0,57.9,0.0,SW@5.5,11.4,76.5,0.0,0,"Canoe Ridge, Benton County",110023,Canoe Ridge,2017-12-13 06:54:50.307756
2014-09-09,22:15,63.5,63.4,50.8,63.2,0.0,SW@4.4,9.6,76.5,0.0,0,"Canoe Ridge, Benton County",110023,Canoe Ridge,2017-12-13 06:54:50.307756
2014-09-09,22:30,64.9,64.7,49.3,56.9,0.0,W@6.2,8.9,76.5,0.0,0,"Canoe Ridge, Benton County",110023,Canoe Ridge,2017-12-13 06:54:50.307756
2014-09-09,22:45,63.9,63.7,50.8,62.2,0.0,SW@6.6,8.9,76.6,0.0,0,"Canoe Ridge, Benton County",110023,Canoe Ridge,2017-12-13 06:54:50.307756
2014-09-09,23:00,64.3,64.2,50.8,61.3,0.0,SW@7.9,11.0,76.6,0.0,0,"Canoe Ridge, Benton County",110023,Canoe Ridge,2017-12-13 06:54:50.307756
2014-09-10,23:15,63.7,63.5,51.1,63.6,0.0,SW@6.8,9.6,76.7,0.0,0,"Canoe Ridge, Benton County",110023,Canoe Ridge,2017-12-13 06:54:50.307756
2014-09-10,23:30,62.6,62.2,51.0,65.8,0.0,SW@4.8,7.8,76.7,0.0,0,"Canoe Ridge, Benton County",110023,Canoe Ridge,2017-12-13 06:54:50.307756
2014-09-10,23:45,61.7,61.4,50.7,67.3,0.0,SW@5.7,8.5,76.7,0.0,0,"Canoe Ridge, Benton County",110023,Canoe Ridge,2017-12-13 06:54:50.307756
2014-09-10,24:00,61.7,61.5,50.2,65.8,0.0,SW@6.0,8.9,76.7,0.0,0,"Canoe Ridge, Benton County",110023,Canoe Ridge,2017-12-13 06:54:50.307756
2014-09-10,00:15,60.5,60.3,50.6,69.7,0.0,SW@6.7,9.9,76.8,0.0,0,"Canoe Ridge, Benton County",110023,Canoe Ridge,2017-12-13 06:54:50.307756
2014-09-10,00:30,60.4,60.1,50.8,70.4,0.0,SW@6.9,9.6,76.8,0.0,0,"Canoe Ridge, Benton County",110023,Canoe Ridge,2017-12-13 06:54:50.307756
2014-09-10,00:45,60.3,60.1,50.5,69.9,0.0,SW@6.9,10.3,76.8,0.0,0,"Canoe Ridge, Benton County",110023,Canoe Ridge,2017-12-13 06:54:50.307756
2014-09-10,01:00,61.4,61.2,49.9,65.7,0.0,SW@8.3,13.5,76.8,0.0,0,"Canoe Ridge, Benton County",110023,Canoe Ridge,2017-12-13 06:54:50.307756
2014-09-10,01:15,59.3,58.9,50.3,71.8,0.0,SW@4.2,8.9,76.8,0.0,0,"Canoe Ridge, Benton County",110023,Canoe Ridge,2017-12-13 06:54:50.307756
2014-09-10,01:30,60.3,60.3,50.4,69.7,0.0,SW@8.7,13.5,76.8,0.0,0,"Canoe Ridge, Benton County",110023,Canoe Ridge,2017-12-13 06:54:50.307756
2014-09-10,01:45,61.3,61.1,50.0,66.2,0.0,SW@7.9,11.0,76.8,0.0,0,"Canoe Ridge, Benton County",110023,Canoe Ridge,2017-12-13 06:54:50.307756
2014-09-10,02:00,59.7,59.3,50.1,70.5,0.0,SW@5.8,8.9,76.8,0.0,0,"Canoe Ridge, Benton County",110023,Canoe Ridge,2017-12-13 06:54:50.307756
2014-09-10,02:15,58.9,58.7,50.4,73.3,0.0,SW@0.6,7.4,76.8,0.0,0,"Canoe Ridge, Benton County",110023,Canoe Ridge,2017-12-13 06:54:50.307756
2014-09-10,02:30,59.9,59.8,49.7,68.7,0.0,N@0.0,0.0,76.7,0.0,0,"Canoe Ridge, Benton County",110023,Canoe Ridge,2017-12-13 06:54:50.307756
2014-09-10,02:45,61.3,61.2,48.0,61.5,0.0,N@0.0,0.0,76.7,0.0,0,"Canoe Ridge, Benton County",110023,Canoe Ridge,2017-12-13 06:54:50.307756
2014-09-10,03:00,61.8,61.6,47.8,59.9,0.0,N@0.0,0.0,76.7,0.0,0,"Canoe Ridge, Benton County",110023,Canoe Ridge,2017-12-13 06:54:50.307756
2014-09-10,03:15,61.4,61.2,47.4,60.0,0.0,N@0.0,0.0,76.7,0.0,0,"Canoe Ridge, Benton County",110023,Canoe Ridge,2017-12-13 06:54:50.307756
2014-09-10,03:30,62.6,62.4,46.6,55.8,0.0,N@0.0,0.0,76.7,0.0,0,"Canoe Ridge, Benton County",110023,Canoe Ridge,2017-12-13 06:54:50.307756
2014-09-10,03:45,62.8,62.6,46.4,54.9,0.0,N@0.0,0.0,76.6,0.0,0,"Canoe Ridge, Benton County",110023,Canoe Ridge,2017-12-13 06:54:50.307756
2014-09-10,04:00,62.1,61.9,46.2,56.0,0.0,N@0.0,0.0,76.6,0.0,0,"Canoe Ridge, Benton County",110023,Canoe Ridge,2017-12-13 06:54:50.307756
2014-09-10,04:15,61.3,61.0,46.3,57.6,0.0,N@0.0,0.0,76.6,0.0,0,"Canoe Ridge, Benton County",110023,Canoe Ridge,2017-12-13 06:54:50.307756
2014-09-10,04:30,61.3,61.1,46.3,57.7,0.0,N@0.0,0.0,76.5,0.0,0,"Canoe Ridge, Benton County",110023,Canoe Ridge,2017-12-13 06:54:50.307756
2014-09-10,04:45,60.8,60.4,46.3,58.8,0.0,N@0.0,0.0,76.5,0.0,0,"Canoe Ridge, Benton County",110023,Canoe Ridge,2017-12-13 06:54:50.307756
2014-09-10,05:00,59.8,59.3,46.3,60.9,0.0,N@0.0,0.0,76.5,0.0,0,"Canoe Ridge, Benton County",110023,Canoe Ridge,2017-12-13 06:54:50.307756
2014-09-10,05:15,59.1,58.6,46.2,62.1,0.0,N@0.0,0.0,76.4,0.0,0,"Canoe Ridge, Benton County",110023,Canoe Ridge,2017-12-13 06:54:50.307756
2014-09-10,05:30,58.9,58.3,46.2,62.6,0.0,N@0.0,0.0,76.4,0.0,2,"Canoe Ridge, Benton County",110023,Canoe Ridge,2017-12-13 06:54:50.307756
2014-09-10,05:45,58.4,57.7,46.1,63.5,0.0,N@0.0,0.0,76.3,0.0,12,"Canoe Ridge, Benton County",110023,Canoe Ridge,2017-12-13 06:54:50.307756
2014-09-10,06:00,58.8,58.5,45.8,61.9,0.0,N@0.0,0.0,76.3,0.0,43,"Canoe Ridge, Benton County",110023,Canoe Ridge,2017-12-13 06:54:50.307756
2014-09-10,06:15,59.9,59.8,46.3,60.5,0.0,N@0.0,0.0,76.3,0.0,79,"Canoe Ridge, Benton County",110023,Canoe Ridge,2017-12-13 06:54:50.307756
2014-09-10,06:30,61.0,60.6,46.4,58.4,0.0,NW@0.6,4.9,76.2,0.0,117,"Canoe Ridge, Benton County",110023,Canoe Ridge,2017-12-13 06:54:50.307756
2014-09-10,06:45,61.3,61.1,46.1,57.4,0.0,N@0.0,0.0,76.2,0.0,157,"Canoe Ridge, Benton County",110023,Canoe Ridge,2017-12-13 06:54:50.307756
2014-09-10,07:00,62.1,62.1,46.3,56.0,0.0,NW@0.5,4.2,76.1,0.0,199,"Canoe Ridge, Benton County",110023,Canoe Ridge,2017-12-13 06:54:50.307756
2014-09-10,07:15,62.7,62.5,46.1,54.6,0.0,NW@0.4,4.6,76.0,0.0,243,"Canoe Ridge, Benton County",110023,Canoe Ridge,2017-12-13 06:54:50.307756
2014-09-10,07:30,63.4,63.2,45.3,51.6,0.0,NW@0.1,3.5,76.0,0.0,287,"Canoe Ridge, Benton County",110023,Canoe Ridge,2017-12-13 06:54:50.307756
2014-09-10,07:45,65.0,65.0,45.1,48.5,0.0,N@0.6,4.2,75.9,0.0,333,"Canoe Ridge, Benton County",110023,Canoe Ridge,2017-12-13 06:54:50.307756
2014-09-10,08:00,66.5,66.2,45.5,46.8,0.0,N@0.7,3.5,75.9,0.0,377,"Canoe Ridge, Benton County",110023,Canoe Ridge,2017-12-13 06:54:50.307756
2014-09-10,08:15,67.5,67.1,44.0,42.7,0.0,NE@1.0,4.6,75.8,0.0,419,"Canoe Ridge, Benton County",110023,Canoe Ridge,2017-12-13 06:54:50.307756
2014-09-10,08:30,67.1,66.5,42.6,40.9,0.0,NE@0.5,5.3,75.7,0.0,460,"Canoe Ridge, Benton County",110023,Canoe Ridge,2017-12-13 06:54:50.307756
2014-09-10,08:45,67.6,67.1,44.0,42.5,0.0,SW@0.0,1.4,75.7,0.0,499,"Canoe Ridge, Benton County",110023,Canoe Ridge,2017-12-13 06:54:50.307756
2014-09-10,09:00,68.0,67.6,44.4,42.4,0.0,NE@0.7,5.7,75.6,0.0,533,"Canoe Ridge, Benton County",110023,Canoe Ridge,2017-12-13 06:54:50.307756
2014-09-10,09:15,69.7,69.4,42.2,36.8,0.0,NE@2.0,9.2,75.6,0.0,571,"Canoe Ridge, Benton County",110023,Canoe Ridge,2017-12-13 06:54:50.307756
2014-09-10,09:30,70.1,69.7,39.1,32.3,0.0,N@5.5,11.4,75.5,0.0,602,"Canoe Ridge, Benton County",110023,Canoe Ridge,2017-12-13 06:54:50.307756
2014-09-10,09:45,69.9,69.4,38.8,32.1,0.0,NE@6.9,12.4,75.4,0.0,633,"Canoe Ridge, Benton County",110023,Canoe Ridge,2017-12-13 06:54:50.307756
2014-09-10,10:00,70.1,69.7,38.2,31.2,0.0,NE@6.7,12.1,75.4,0.0,658,"Canoe Ridge, Benton County",110023,Canoe Ridge,2017-12-13 06:54:50.307756
2014-09-10,10:15,70.6,70.2,38.1,30.4,0.0,N@5.7,11.7,75.3,0.0,681,"Canoe Ridge, Benton County",110023,Canoe Ridge,2017-12-13 06:54:50.307756
2014-09-10,10:30,71.8,71.4,38.8,30.1,0.0,N@5.0,11.4,75.3,0.0,703,"Canoe Ridge, Benton County",110023,Canoe Ridge,2017-12-13 06:54:50.307756
2014-09-10,10:45,71.8,71.5,38.2,29.3,0.0,N@5.9,11.0,75.2,0.0,721,"Canoe Ridge, Benton County",110023,Canoe Ridge,2017-12-13 06:54:50.307756
2014-09-10,11:00,72.6,72.2,38.5,28.9,0.0,N@6.0,11.0,75.1,0.0,736,"Canoe Ridge, Benton County",110023,Canoe Ridge,2017-12-13 06:54:50.307756
2014-09-10,11:15,72.4,72.1,38.0,28.5,0.0,N@5.9,12.4,75.1,0.0,747,"Canoe Ridge, Benton County",110023,Canoe Ridge,2017-12-13 06:54:50.307756
2014-09-10,11:30,72.9,72.6,37.8,27.9,0.0,N@5.2,10.7,75.0,0.0,758,"Canoe Ridge, Benton County",110023,Canoe Ridge,2017-12-13 06:54:50.307756
2014-09-10,11:45,73.3,73.1,37.6,27.2,0.0,N@4.7,9.9,75.0,0.0,765,"Canoe Ridge, Benton County",110023,Canoe Ridge,2017-12-13 06:54:50.307756
2014-09-10,12:00,73.1,72.8,37.5,27.3,0.0,NE@3.0,11.0,74.9,0.0,767,"Canoe Ridge, Benton County",110023,Canoe Ridge,2017-12-13 06:54:50.307756
2014-09-10,12:15,73.0,72.5,37.5,27.5,0.0,NE@3.1,9.6,74.9,0.0,767,"Canoe Ridge, Benton County",110023,Canoe Ridge,2017-12-13 06:54:50.307756
2014-09-10,12:30,73.3,72.9,38.3,28.0,0.0,NE@3.3,7.8,74.8,0.0,761,"Canoe Ridge, Benton County",110023,Canoe Ridge,2017-12-13 06:54:50.307756
2014-09-10,12:45,73.4,73.0,38.2,27.8,0.0,NE@4.0,9.9,74.8,0.0,749,"Canoe Ridge, Benton County",110023,Canoe Ridge,2017-12-13 06:54:50.307756
2014-09-10,13:00,73.8,73.5,38.5,27.8,0.0,NE@3.0,16.7,74.8,0.0,736,"Canoe Ridge, Benton County",110023,Canoe Ridge,2017-12-13 06:54:50.307756
2014-09-10,13:15,73.5,73.1,37.9,27.4,0.0,NE@5.1,10.3,74.7,0.0,724,"Canoe Ridge, Benton County",110023,Canoe Ridge,2017-12-13 06:54:50.307756
2014-09-10,13:30,73.1,72.8,38.0,27.9,0.0,NE@4.1,10.7,74.7,0.0,705,"Canoe Ridge, Benton County",110023,Canoe Ridge,2017-12-13 06:54:50.307756
2014-09-10,13:45,73.3,73.0,37.4,27.0,0.0,NE@3.2,11.0,74.7,0.0,687,"Canoe Ridge, Benton County",110023,Canoe Ridge,2017-12-13 06:54:50.307756
2014-09-10,14:00,73.9,73.5,37.1,26.3,0.0,E@7.3,15.0,74.7,0.0,662,"Canoe Ridge, Benton County",110023,Canoe Ridge,2017-12-13 06:54:50.307756
2014-09-10,14:15,73.1,72.8,37.1,26.9,0.0,E@6.2,16.0,74.7,0.0,634,"Canoe Ridge, Benton County",110023,Canoe Ridge,2017-12-13 06:54:50.307756
2014-09-10,14:30,73.0,72.8,37.6,27.5,0.0,NE@0.9,12.8,74.7,0.0,604,"Canoe Ridge, Benton County",110023,Canoe Ridge,2017-12-13 06:54:50.307756
2014-09-10,14:45,73.4,73.0,36.8,26.4,0.0,E@5.7,12.8,74.7,0.0,571,"Canoe Ridge, Benton County",110023,Canoe Ridge,2017-12-13 06:54:50.307756
2014-09-10,15:00,73.6,73.3,37.6,27.0,0.0,E@7.2,11.7,74.7,0.0,535,"Canoe Ridge, Benton County",110023,Canoe Ridge,2017-12-13 06:54:50.307756
2014-09-10,15:15,73.3,73.0,38.9,28.7,0.0,E@2.6,9.6,74.7,0.0,497,"Canoe Ridge, Benton County",110023,Canoe Ridge,2017-12-13 06:54:50.307756
2014-09-10,15:30,72.8,72.5,38.6,28.8,0.0,NE@4.4,12.8,74.7,0.0,461,"Canoe Ridge, Benton County",110023,Canoe Ridge,2017-12-13 06:54:50.307756
2014-09-10,15:45,72.6,72.3,38.8,29.2,0.0,NE@3.2,8.9,74.7,0.0,420,"Canoe Ridge, Benton County",110023,Canoe Ridge,2017-12-13 06:54:50.307756
2014-09-10,16:00,72.6,72.1,38.5,28.9,0.0,NE@3.5,9.6,74.7,0.0,379,"Canoe Ridge, Benton County",110023,Canoe Ridge,2017-12-13 06:54:50.307756
2014-09-10,16:15,71.7,71.4,37.6,28.7,0.0,NE@4.4,10.3,74.7,0.0,334,"Canoe Ridge, Benton County",110023,Canoe Ridge,2017-12-13 06:54:50.307756
2014-09-10,16:30,71.1,70.7,37.2,28.8,0.0,NE@3.7,8.9,74.8,0.0,290,"Canoe Ridge, Benton County",110023,Canoe Ridge,2017-12-13 06:54:50.307756
2014-09-10,16:45,70.4,70.0,37.4,29.8,0.0,NE@1.7,9.2,74.8,0.0,249,"Canoe Ridge, Benton County",110023,Canoe Ridge,2017-12-13 06:54:50.307756
2014-09-10,17:00,69.7,69.2,37.5,30.7,0.0,NE@2.1,9.6,74.8,0.0,202,"Canoe Ridge, Benton County",110023,Canoe Ridge,2017-12-13 06:54:50.307756
2014-09-10,17:15,69.0,68.6,37.7,31.7,0.0,NE@1.4,8.2,74.9,0.0,162,"Canoe Ridge, Benton County",110023,Canoe Ridge,2017-12-13 06:54:50.307756
2014-09-10,17:30,68.0,67.5,37.6,32.8,0.0,NE@1.7,9.6,75.0,0.0,120,"Canoe Ridge, Benton County",110023,Canoe Ridge,2017-12-13 06:54:50.307756
2014-09-10,17:45,66.8,66.4,37.2,33.5,0.0,NE@0.4,7.4,75.0,0.0,80,"Canoe Ridge, Benton County",110023,Canoe Ridge,2017-12-13 06:54:50.307756
2014-09-10,18:00,65.6,65.2,36.6,34.1,0.0,N@0.3,6.0,75.1,0.0,41,"Canoe Ridge, Benton County",110023,Canoe Ridge,2017-12-13 06:54:50.307756
2014-09-10,18:15,64.5,64.2,35.6,34.0,0.0,NE@0.3,4.6,75.1,0.0,15,"Canoe Ridge, Benton County",110023,Canoe Ridge,2017-12-13 06:54:50.307756
2014-09-10,18:30,63.7,63.5,34.5,33.5,0.0,NE@0.3,7.4,75.2,0.0,4,"Canoe Ridge, Benton County",110023,Canoe Ridge,2017-12-13 06:54:50.307756
2014-09-10,18:45,63.3,63.1,33.0,32.0,0.0,N@0.9,8.5,75.3,0.0,1,"Canoe Ridge, Benton County",110023,Canoe Ridge,2017-12-13 06:54:50.307756
2014-09-10,19:00,63.2,62.9,31.1,29.8,0.0,N@0.1,2.4,75.3,0.0,0,"Canoe Ridge, Benton County",110023,Canoe Ridge,2017-12-13 06:54:50.307756
2014-09-10,19:15,63.1,62.9,29.8,28.3,0.0,N@0.6,6.7,75.4,0.0,0,"Canoe Ridge, Benton County",110023,Canoe Ridge,2017-12-13 06:54:50.307756
2014-09-10,19:30,63.4,63.1,29.3,27.5,0.0,N@0.5,7.8,75.5,0.0,0,"Canoe Ridge, Benton County",110023,Canoe Ridge,2017-12-13 06:54:50.307756
2014-09-10,19:45,62.5,62.2,29.1,28.1,0.0,N@0.1,2.8,75.6,0.0,0,"Canoe Ridge, Benton County",110023,Canoe Ridge,2017-12-13 06:54:50.307756
2014-09-10,20:00,61.3,61.0,28.8,29.0,0.0,N@0.1,1.7,75.6,0.0,0,"Canoe Ridge, Benton County",110023,Canoe Ridge,2017-12-13 06:54:50.307756
2014-09-10,20:15,59.9,59.4,29.9,31.8,0.0,N@0.0,1.4,75.7,0.0,0,"Canoe Ridge, Benton County",110023,Canoe Ridge,2017-12-13 06:54:50.307756
2014-09-10,20:30,58.4,57.9,30.2,34.0,0.0,NW@0.0,2.1,75.8,0.0,0,"Canoe Ridge, Benton County",110023,Canoe Ridge,2017-12-13 06:54:50.307756
2014-09-10,20:45,57.8,57.3,30.0,34.5,0.0,N@0.0,1.4,75.9,0.0,0,"Canoe Ridge, Benton County",110023,Canoe Ridge,2017-12-13 06:54:50.307756
2014-09-10,21:00,57.3,57.1,28.9,33.5,0.0,N@0.0,1.4,75.9,0.0,0,"Canoe Ridge, Benton County",110023,Canoe Ridge,2017-12-13 06:54:50.307756
2014-09-10,21:15,57.5,57.1,27.8,31.9,0.0,N@0.1,2.1,76.0,0.0,0,"Canoe Ridge, Benton County",110023,Canoe Ridge,2017-12-13 06:54:50.307756
2014-09-10,21:30,57.5,57.1,26.7,30.5,0.0,N@0.1,2.1,76.1,0.0,0,"Canoe Ridge, Benton County",110023,Canoe Ridge,2017-12-13 06:54:50.307756
2014-09-10,21:45,57.1,56.8,26.5,30.6,0.0,N@0.1,5.7,76.1,0.0,0,"Canoe Ridge, Benton County",110023,Canoe Ridge,2017-12-13 06:54:50.307756
2014-09-10,22:00,56.8,56.5,27.6,32.5,0.0,N@2.1,10.7,76.2,0.0,0,"Canoe Ridge, Benton County",110023,Canoe Ridge,2017-12-13 06:54:50.307756
2014-09-10,22:15,56.4,56.0,30.5,37.0,0.0,N@1.8,9.9,76.2,0.0,0,"Canoe Ridge, Benton County",110023,Canoe Ridge,2017-12-13 06:54:50.307756
2014-09-10,22:30,56.5,56.3,33.5,41.6,0.0,N@2.9,13.2,76.3,0.0,0,"Canoe Ridge, Benton County",110023,Canoe Ridge,2017-12-13 06:54:50.307756
2014-09-10,22:45,56.7,56.4,34.5,42.9,0.0,N@7.3,16.4,76.3,0.0,0,"Canoe Ridge, Benton County",110023,Canoe Ridge,2017-12-13 06:54:50.307756
2014-09-10,23:00,56.2,55.8,34.6,44.0,0.0,N@9.5,14.6,76.4,0.0,0,"Canoe Ridge, Benton County",110023,Canoe Ridge,2017-12-13 06:54:50.307756
2014-09-11,23:15,55.8,55.5,34.7,44.8,0.0,N@8.2,14.6,76.4,0.0,0,"Canoe Ridge, Benton County",110023,Canoe Ridge,2017-12-13 06:54:50.307756
2014-09-11,23:30,55.5,55.1,34.6,45.1,0.0,N@8.5,15.7,76.4,0.0,0,"Canoe Ridge, Benton County",110023,Canoe Ridge,2017-12-13 06:54:50.307756
2014-09-11,23:45,54.8,54.4,34.7,46.5,0.0,N@6.6,12.1,76.4,0.0,0,"Canoe Ridge, Benton County",110023,Canoe Ridge,2017-12-13 06:54:50.307756
2014-09-11,24:00,53.9,53.5,35.4,49.5,0.0,N@4.5,11.4,76.5,0.0,0,"Canoe Ridge, Benton County",110023,Canoe Ridge,2017-12-13 06:54:50.307756
2014-09-11,00:15,53.7,53.4,35.7,50.3,0.0,N@7.5,12.4,76.5,0.0,0,"Canoe Ridge, Benton County",110023,Canoe Ridge,2017-12-13 06:54:50.307756
2014-09-11,00:30,53.3,52.9,35.5,50.6,0.0,N@4.4,10.7,76.5,0.0,0,"Canoe Ridge, Benton County",110023,Canoe Ridge,2017-12-13 06:54:50.307756
2014-09-11,00:45,52.4,51.9,35.2,51.8,0.0,N@5.0,11.4,76.5,0.0,0,"Canoe Ridge, Benton County",110023,Canoe Ridge,2017-12-13 06:54:50.307756
2014-09-11,01:00,51.8,51.4,35.2,53.0,0.0,N@7.4,10.3,76.5,0.0,0,"Canoe Ridge, Benton County",110023,Canoe Ridge,2017-12-13 06:54:50.307756
2014-09-11,01:15,51.2,50.7,35.2,54.1,0.0,N@7.6,10.7,76.5,0.0,0,"Canoe Ridge, Benton County",110023,Canoe Ridge,2017-12-13 06:54:50.307756
2014-09-11,01:30,50.8,50.3,35.0,54.6,0.0,N@8.8,12.8,76.5,0.0,0,"Canoe Ridge, Benton County",110023,Canoe Ridge,2017-12-13 06:54:50.307756
2014-09-11,01:45,50.5,50.1,34.7,54.5,0.0,N@9.0,13.5,76.5,0.0,0,"Canoe Ridge, Benton County",110023,Canoe Ridge,2017-12-13 06:54:50.307756
2014-09-11,02:00,50.5,50.1,34.2,53.3,0.0,N@9.0,12.8,76.5,0.0,0,"Canoe Ridge, Benton County",110023,Canoe Ridge,2017-12-13 06:54:50.307756
2014-09-11,02:15,50.7,50.3,33.6,51.8,0.0,N@9.3,14.6,76.4,0.0,0,"Canoe Ridge, Benton County",110023,Canoe Ridge,2017-12-13 06:54:50.307756
2014-09-11,02:30,51.0,50.7,32.7,49.3,0.0,N@9.3,14.2,76.4,0.0,0,"Canoe Ridge, Benton County",110023,Canoe Ridge,2017-12-13 06:54:50.307756
2014-09-11,02:45,50.7,50.1,32.0,48.6,0.0,N@6.0,11.0,76.4,0.0,0,"Canoe Ridge, Benton County",110023,Canoe Ridge,2017-12-13 06:54:50.307756
2014-09-11,03:00,50.0,49.6,31.7,49.2,0.0,N@6.6,11.4,76.4,0.0,0,"Canoe Ridge, Benton County",110023,Canoe Ridge,2017-12-13 06:54:50.307756
2014-09-11,03:15,49.7,49.3,31.4,49.1,0.0,N@8.6,14.2,76.3,0.0,0,"Canoe Ridge, Benton County",110023,Canoe Ridge,2017-12-13 06:54:50.307756
2014-09-11,03:30,50.0,49.5,30.9,47.7,0.0,N@9.0,14.6,76.3,0.0,0,"Canoe Ridge, Benton County",110023,Canoe Ridge,2017-12-13 06:54:50.307756
2014-09-11,03:45,49.7,49.2,30.4,47.2,0.0,N@7.4,13.2,76.2,0.0,0,"Canoe Ridge, Benton County",110023,Canoe Ridge,2017-12-13 06:54:50.307756
2014-09-11,04:00,49.3,48.9,30.0,47.1,0.0,N@5.3,9.9,76.2,0.0,0,"Canoe Ridge, Benton County",110023,Canoe Ridge,2017-12-13 06:54:50.307756
2014-09-11,04:15,49.4,48.9,29.6,46.1,0.0,N@4.5,9.6,76.2,0.0,0,"Canoe Ridge, Benton County",110023,Canoe Ridge,2017-12-13 06:54:50.307756
2014-09-11,04:30,48.9,48.4,29.3,46.6,0.0,N@3.7,6.4,76.1,0.0,0,"Canoe Ridge, Benton County",110023,Canoe Ridge,2017-12-13 06:54:50.307756
2014-09-11,04:45,48.3,47.7,29.3,47.6,0.0,N@3.2,5.7,76.1,0.0,0,"Canoe Ridge, Benton County",110023,Canoe Ridge,2017-12-13 06:54:50.307756
2014-09-11,05:00,47.4,46.9,29.5,49.4,0.0,N@3.5,6.4,76.0,0.0,0,"Canoe Ridge, Benton County",110023,Canoe Ridge,2017-12-13 06:54:50.307756
2014-09-11,05:15,47.7,47.2,29.3,48.5,0.0,N@4.9,9.6,76.0,0.0,0,"Canoe Ridge, Benton County",110023,Canoe Ridge,2017-12-13 06:54:50.307756
2014-09-11,05:30,48.2,47.6,29.2,47.5,0.0,N@6.2,9.6,75.9,0.0,2,"Canoe Ridge, Benton County",110023,Canoe Ridge,2017-12-13 06:54:50.307756
2014-09-11,05:45,47.8,47.2,29.2,48.3,0.0,N@6.8,12.4,75.8,0.0,16,"Canoe Ridge, Benton County",110023,Canoe Ridge,2017-12-13 06:54:50.307756
2014-09-11,06:00,47.9,47.5,29.1,47.8,0.0,N@6.4,9.6,75.8,0.0,47,"Canoe Ridge, Benton County",110023,Canoe Ridge,2017-12-13 06:54:50.307756
2014-09-11,06:15,48.4,48.0,29.0,46.9,0.0,N@5.7,8.9,75.7,0.0,84,"Canoe Ridge, Benton County",110023,Canoe Ridge,2017-12-13 06:54:50.307756
2014-09-11,06:30,49.1,48.7,29.3,46.1,0.0,N@5.7,8.5,75.6,0.0,123,"Canoe Ridge, Benton County",110023,Canoe Ridge,2017-12-13 06:54:50.307756
2014-09-11,06:45,49.4,49.0,29.5,46.1,0.0,N@6.4,9.2,75.6,0.0,164,"Canoe Ridge, Benton County",110023,Canoe Ridge,2017-12-13 06:54:50.307756
2014-09-11,07:00,49.6,49.2,30.6,47.8,0.0,NW@4.2,8.2,75.5,0.0,207,"Canoe Ridge, Benton County",110023,Canoe Ridge,2017-12-13 06:54:50.307756
2014-09-11,07:15,50.5,50.2,30.9,46.7,0.0,N@4.7,9.2,75.4,0.0,251,"Canoe Ridge, Benton County",110023,Canoe Ridge,2017-12-13 06:54:50.307756
2014-09-11,07:30,52.1,51.8,31.2,44.5,0.0,N@6.2,9.9,75.4,0.0,296,"Canoe Ridge, Benton County",110023,Canoe Ridge,2017-12-13 06:54:50.307756
2014-09-11,07:45,53.6,53.2,30.8,41.5,0.0,N@6.3,11.0,75.3,0.0,341,"Canoe Ridge, Benton County",110023,Canoe Ridge,2017-12-13 06:54:50.307756
2014-09-11,08:00,54.9,54.4,30.9,39.8,0.0,N@5.0,9.9,75.2,0.0,385,"Canoe Ridge, Benton County",110023,Canoe Ridge,2017-12-13 06:54:50.307756
2014-09-11,08:15,55.5,55.0,30.9,38.9,0.0,N@6.3,11.4,75.1,0.0,428,"Canoe Ridge, Benton County",110023,Canoe Ridge,2017-12-13 06:54:50.307756
2014-09-11,08:30,56.3,55.8,31.0,38.0,0.0,N@6.0,10.3,75.0,0.0,469,"Canoe Ridge, Benton County",110023,Canoe Ridge,2017-12-13 06:54:50.307756
2014-09-11,08:45,57.2,56.6,31.4,37.4,0.0,N@5.2,9.2,74.9,0.0,508,"Canoe Ridge, Benton County",110023,Canoe Ridge,2017-12-13 06:54:50.307756
2014-09-11,09:00,58.1,57.5,31.7,36.6,0.0,N@5.8,9.2,74.9,0.0,547,"Canoe Ridge, Benton County",110023,Canoe Ridge,2017-12-13 06:54:50.307756
2014-09-11,09:15,58.6,58.2,32.0,36.4,0.0,N@6.4,10.7,74.8,0.0,581,"Canoe Ridge, Benton County",110023,Canoe Ridge,2017-12-13 06:54:50.307756
2014-09-11,09:30,59.8,59.4,32.8,36.0,0.0,N@5.8,9.9,74.7,0.0,615,"Canoe Ridge, Benton County",110023,Canoe Ridge,2017-12-13 06:54:50.307756
2014-09-11,09:45,60.0,59.4,33.3,36.5,0.0,N@7.0,11.7,74.6,0.0,645,"Canoe Ridge, Benton County",110023,Canoe Ridge,2017-12-13 06:54:50.307756
2014-09-11,10:00,60.1,59.5,33.8,37.1,0.0,N@6.9,11.7,74.5,0.0,672,"Canoe Ridge, Benton County",110023,Canoe Ridge,2017-12-13 06:54:50.307756
2014-09-11,10:15,61.0,60.6,34.3,36.5,0.0,N@6.3,11.4,74.4,0.0,695,"Canoe Ridge, Benton County",110023,Canoe Ridge,2017-12-13 06:54:50.307756
2014-09-11,10:30,61.6,61.0,34.6,36.3,0.0,N@6.4,11.4,74.4,0.0,718,"Canoe Ridge, Benton County",110023,Canoe Ridge,2017-12-13 06:54:50.307756
2014-09-11,10:45,61.9,61.5,35.0,36.3,0.0,N@6.5,13.2,74.3,0.0,736,"Canoe Ridge, Benton County",110023,Canoe Ridge,2017-12-13 06:54:50.307756
2014-09-11,11:00,63.2,62.7,35.6,35.8,0.0,N@5.4,9.9,74.2,0.0,751,"Canoe Ridge, Benton County",110023,Canoe Ridge,2017-12-13 06:54:50.307756
2014-09-11,11:15,63.6,63.3,35.9,35.6,0.0,N@6.0,11.0,74.1,0.0,762,"Canoe Ridge, Benton County",110023,Canoe Ridge,2017-12-13 06:54:50.307756
2014-09-11,11:30,64.3,64.1,35.9,34.6,0.0,N@6.2,15.7,74.1,0.0,773,"Canoe Ridge, Benton County",110023,Canoe Ridge,2017-12-13 06:54:50.307756
2014-09-11,11:45,65.1,64.7,36.2,34.1,0.0,N@7.2,12.4,74.0,0.0,779,"Canoe Ridge, Benton County",110023,Canoe Ridge,2017-12-13 06:54:50.307756
2014-09-11,12:00,65.4,65.0,36.2,33.9,0.0,N@7.7,12.4,73.9,0.0,780,"Canoe Ridge, Benton County",110023,Canoe Ridge,2017-12-13 06:54:50.307756
2014-09-11,12:15,66.2,65.8,36.5,33.4,0.0,N@7.3,12.4,73.8,0.0,777,"Canoe Ridge, Benton County",110023,Canoe Ridge,2017-12-13 06:54:50.307756
2014-09-11,12:30,66.4,66.0,36.3,32.7,0.0,N@7.6,13.2,73.8,0.0,770,"Canoe Ridge, Benton County",110023,Canoe Ridge,2017-12-13 06:54:50.307756
2014-09-11,12:45,67.3,66.9,36.8,32.3,0.0,NE@7.4,12.4,73.7,0.0,760,"Canoe Ridge, Benton County",110023,Canoe Ridge,2017-12-13 06:54:50.307756
2014-09-11,13:00,68.1,67.8,37.0,31.8,0.0,N@7.5,12.8,73.7,0.0,750,"Canoe Ridge, Benton County",110023,Canoe Ridge,2017-12-13 06:54:50.307756
2014-09-11,13:15,68.8,68.3,37.0,31.1,0.0,N@7.6,12.4,73.6,0.0,736,"Canoe Ridge, Benton County",110023,Canoe Ridge,2017-12-13 06:54:50.307756
2014-09-11,13:30,68.8,68.3,36.8,30.9,0.0,N@7.3,13.5,73.6,0.0,717,"Canoe Ridge, Benton County",110023,Canoe Ridge,2017-12-13 06:54:50.307756
2014-09-11,13:45,68.8,68.3,36.5,30.5,0.0,N@6.9,11.4,73.5,0.0,695,"Canoe Ridge, Benton County",110023,Canoe Ridge,2017-12-13 06:54:50.307756
2014-09-11,14:00,69.3,68.9,36.3,29.7,0.0,NE@7.0,12.4,73.5,0.0,670,"Canoe Ridge, Benton County",110023,Canoe Ridge,2017-12-13 06:54:50.307756
2014-09-11,14:15,70.0,69.6,36.2,28.9,0.0,N@6.9,11.4,73.4,0.0,641,"Canoe Ridge, Benton County",110023,Canoe Ridge,2017-12-13 06:54:50.307756
2014-09-11,14:30,70.5,70.1,36.4,28.7,0.0,N@6.7,11.7,73.4,0.0,610,"Canoe Ridge, Benton County",110023,Canoe Ridge,2017-12-13 06:54:50.307756
2014-09-11,14:45,70.6,70.0,36.2,28.3,0.0,N@6.9,13.2,73.4,0.0,580,"Canoe Ridge, Benton County",110023,Canoe Ridge,2017-12-13 06:54:50.307756
2014-09-11,15:00,69.9,69.5,35.7,28.3,0.0,NE@6.4,10.7,73.4,0.0,547,"Canoe Ridge, Benton County",110023,Canoe Ridge,2017-12-13 06:54:50.307756
2014-09-11,15:15,70.3,69.8,36.1,28.4,0.0,NE@6.2,11.4,73.4,0.0,510,"Canoe Ridge, Benton County",110023,Canoe Ridge,2017-12-13 06:54:50.307756
2014-09-11,15:30,70.1,69.7,36.2,28.7,0.0,NE@7.3,12.1,73.3,0.0,471,"Canoe Ridge, Benton County",110023,Canoe Ridge,2017-12-13 06:54:50.307756
2014-09-11,15:45,70.0,69.6,35.7,28.3,0.0,N@7.0,12.4,73.3,0.0,431,"Canoe Ridge, Benton County",110023,Canoe Ridge,2017-12-13 06:54:50.307756
2014-09-11,16:00,70.1,69.6,35.7,28.2,0.0,N@6.8,11.0,73.3,0.0,387,"Canoe Ridge, Benton County",110023,Canoe Ridge,2017-12-13 06:54:50.307756
2014-09-11,16:15,69.7,69.3,35.5,28.4,0.0,N@7.1,11.4,73.4,0.0,345,"Canoe Ridge, Benton County",110023,Canoe Ridge,2017-12-13 06:54:50.307756
2014-09-11,16:30,69.6,69.1,35.1,28.0,0.0,N@6.5,10.7,73.4,0.0,299,"Canoe Ridge, Benton County",110023,Canoe Ridge,2017-12-13 06:54:50.307756
2014-09-11,16:45,69.0,68.5,34.6,28.1,0.0,N@6.3,12.4,73.4,0.0,254,"Canoe Ridge, Benton County",110023,Canoe Ridge,2017-12-13 06:54:50.307756
2014-09-11,17:00,68.7,68.2,34.7,28.5,0.0,N@5.8,11.0,73.4,0.0,212,"Canoe Ridge, Benton County",110023,Canoe Ridge,2017-12-13 06:54:50.307756
2014-09-11,17:15,68.1,67.6,34.7,29.0,0.0,N@5.8,9.9,73.4,0.0,170,"Canoe Ridge, Benton County",110023,Canoe Ridge,2017-12-13 06:54:50.307756
2014-09-11,17:30,67.2,66.7,34.7,29.9,0.0,N@4.5,8.5,73.5,0.0,128,"Canoe Ridge, Benton County",110023,Canoe Ridge,2017-12-13 06:54:50.307756
2014-09-11,17:45,65.8,65.2,35.8,32.8,0.0,N@4.0,7.1,73.5,0.0,88,"Canoe Ridge, Benton County",110023,Canoe Ridge,2017-12-13 06:54:50.307756
2014-09-11,18:00,64.4,63.8,35.2,33.6,0.0,N@4.1,6.0,73.6,0.0,51,"Canoe Ridge, Benton County",110023,Canoe Ridge,2017-12-13 06:54:50.307756
2014-09-11,18:15,62.9,62.4,34.3,34.2,0.0,N@4.2,6.4,73.6,0.0,14,"Canoe Ridge, Benton County",110023,Canoe Ridge,2017-12-13 06:54:50.307756
2014-09-11,18:30,62.3,62.0,33.0,33.1,0.0,N@4.5,7.1,73.7,0.0,4,"Canoe Ridge, Benton County",110023,Canoe Ridge,2017-12-13 06:54:50.307756
2014-09-11,18:45,61.8,61.4,32.1,32.6,0.0,N@4.7,7.4,73.7,0.0,1,"Canoe Ridge, Benton County",110023,Canoe Ridge,2017-12-13 06:54:50.307756
2014-09-11,19:00,62.1,61.9,30.7,30.4,0.0,N@5.1,7.8,73.8,0.0,0,"Canoe Ridge, Benton County",110023,Canoe Ridge,2017-12-13 06:54:50.307756
2014-09-11,19:15,61.3,60.9,30.4,31.0,0.0,N@4.8,7.1,73.9,0.0,0,"Canoe Ridge, Benton County",110023,Canoe Ridge,2017-12-13 06:54:50.307756
2014-09-11,19:30,60.2,59.8,30.1,31.7,0.0,NW@5.6,10.3,73.9,0.0,0,"Canoe Ridge, Benton County",110023,Canoe Ridge,2017-12-13 06:54:50.307756
2014-09-11,19:45,59.4,59.0,29.8,32.3,0.0,NW@5.8,8.9,74.0,0.0,0,"Canoe Ridge, Benton County",110023,Canoe Ridge,2017-12-13 06:54:50.307756
2014-09-11,20:00,58.7,58.4,29.2,32.3,0.0,N@5.8,9.6,74.1,0.0,0,"Canoe Ridge, Benton County",110023,Canoe Ridge,2017-12-13 06:54:50.307756
2014-09-11,20:15,58.0,57.7,28.6,32.3,0.0,N@6.1,8.9,74.1,0.0,0,"Canoe Ridge, Benton County",110023,Canoe Ridge,2017-12-13 06:54:50.307756
2014-09-11,20:30,57.7,57.3,28.3,32.4,0.0,N@6.4,8.9,74.2,0.0,0,"Canoe Ridge, Benton County",110023,Canoe Ridge,2017-12-13 06:54:50.307756
2014-09-11,20:45,57.4,57.0,27.5,31.6,0.0,N@6.2,9.2,74.3,0.0,0,"Canoe Ridge, Benton County",110023,Canoe Ridge,2017-12-13 06:54:50.307756
2014-09-11,21:00,57.4,57.1,28.1,32.5,0.0,N@6.9,9.6,74.3,0.0,0,"Canoe Ridge, Benton County",110023,Canoe Ridge,2017-12-13 06:54:50.307756
2014-09-11,21:15,58.2,57.9,27.7,31.0,0.0,N@7.3,12.1,74.4,0.0,0,"Canoe Ridge, Benton County",110023,Canoe Ridge,2017-12-13 06:54:50.307756
2014-09-11,21:30,58.0,57.7,27.4,30.8,0.0,N@7.2,10.7,74.4,0.0,0,"Canoe Ridge, Benton County",110023,Canoe Ridge,2017-12-13 06:54:50.307756
2014-09-11,21:45,58.4,58.2,27.3,30.2,0.0,N@7.3,13.2,74.5,0.0,0,"Canoe Ridge, Benton County",110023,Canoe Ridge,2017-12-13 06:54:50.307756
2014-09-11,22:00,58.2,57.8,27.2,30.3,0.0,N@6.8,12.4,74.6,0.0,0,"Canoe Ridge, Benton County",110023,Canoe Ridge,2017-12-13 06:54:50.307756
2014-09-11,22:15,58.1,57.7,27.1,30.4,0.0,N@6.9,10.7,74.6,0.0,0,"Canoe Ridge, Benton County",110023,Canoe Ridge,2017-12-13 06:54:50.307756
2014-09-11,22:30,57.8,57.5,27.2,30.7,0.0,N@6.8,10.3,74.7,0.0,0,"Canoe Ridge, Benton County",110023,Canoe Ridge,2017-12-13 06:54:50.307756
2014-09-11,22:45,57.3,56.9,27.4,31.6,0.0,N@6.3,9.9,74.7,0.0,0,"Canoe Ridge, Benton County",110023,Canoe Ridge,2017-12-13 06:54:50.307756
2014-09-11,23:00,56.8,56.5,27.6,32.4,0.0,N@5.4,8.9,74.7,0.0,0,"Canoe Ridge, Benton County",110023,Canoe Ridge,2017-12-13 06:54:50.307756
2014-09-12,23:15,56.6,56.2,27.6,32.7,0.0,N@3.5,10.3,74.8,0.0,0,"Canoe Ridge, Benton County",110023,Canoe Ridge,2017-12-13 06:54:50.307756
2014-09-12,23:30,55.6,55.1,27.8,34.1,0.0,N@4.5,8.5,74.8,0.0,0,"Canoe Ridge, Benton County",110023,Canoe Ridge,2017-12-13 06:54:50.307756
2014-09-12,23:45,55.5,55.1,27.7,34.1,0.0,N@4.7,7.1,74.8,0.0,0,"Canoe Ridge, Benton County",110023,Canoe Ridge,2017-12-13 06:54:50.307756
2014-09-12,24:00,55.2,54.7,27.7,34.5,0.0,N@5.7,8.5,74.8,0.0,0,"Canoe Ridge, Benton County",110023,Canoe Ridge,2017-12-13 06:54:50.307756
2014-09-12,00:15,55.3,54.9,27.7,34.4,0.0,N@6.4,9.2,74.9,0.0,0,"Canoe Ridge, Benton County",110023,Canoe Ridge,2017-12-13 06:54:50.307756
2014-09-12,00:30,55.2,54.8,27.9,34.8,0.0,N@6.1,8.2,74.9,0.0,0,"Canoe Ridge, Benton County",110023,Canoe Ridge,2017-12-13 06:54:50.307756
2014-09-12,00:45,54.9,54.4,28.3,35.8,0.0,N@6.2,10.7,74.9,0.0,0,"Canoe Ridge, Benton County",110023,Canoe Ridge,2017-12-13 06:54:50.307756
2014-09-12,01:00,54.9,54.6,28.6,36.1,0.0,N@6.4,11.7,74.9,0.0,0,"Canoe Ridge, Benton County",110023,Canoe Ridge,2017-12-13 06:54:50.307756
2014-09-12,01:15,54.3,53.8,28.9,37.4,0.0,N@5.4,9.2,74.9,0.0,0,"Canoe Ridge, Benton County",110023,Canoe Ridge,2017-12-13 06:54:50.307756
2014-09-12,01:30,53.5,53.1,28.9,38.5,0.0,N@4.8,9.2,74.9,0.0,0,"Canoe Ridge, Benton County",110023,Canoe Ridge,2017-12-13 06:54:50.307756
2014-09-12,01:45,53.5,53.1,29.0,38.7,0.0,N@5.3,9.6,74.9,0.0,0,"Canoe Ridge, Benton County",110023,Canoe Ridge,2017-12-13 06:54:50.307756
2014-09-12,02:00,53.3,52.9,29.1,39.2,0.0,N@4.8,6.4,74.8,0.0,0,"Canoe Ridge, Benton County",110023,Canoe Ridge,2017-12-13 06:54:50.307756
2014-09-12,02:15,52.9,52.6,29.1,39.6,0.0,N@4.6,7.8,74.8,0.0,0,"Canoe Ridge, Benton County",110023,Canoe Ridge,2017-12-13 06:54:50.307756
2014-09-12,02:30,52.6,52.1,29.2,40.3,0.0,N@4.5,7.8,74.8,0.0,0,"Canoe Ridge, Benton County",110023,Canoe Ridge,2017-12-13 06:54:50.307756
2014-09-12,02:45,52.6,52.2,29.7,41.2,0.0,NE@4.9,7.8,74.8,0.0,0,"Canoe Ridge, Benton County",110023,Canoe Ridge,2017-12-13 06:54:50.307756
2014-09-12,03:00,52.6,52.2,30.7,42.9,0.0,NE@5.9,8.5,74.8,0.0,0,"Canoe Ridge, Benton County",110023,Canoe Ridge,2017-12-13 06:54:50.307756
2014-09-12,03:15,52.8,52.5,29.4,40.5,0.0,NE@5.9,9.2,74.7,0.0,0,"Canoe Ridge, Benton County",110023,Canoe Ridge,2017-12-13 06:54:50.307756
2014-09-12,03:30,52.6,52.2,29.2,40.4,0.0,NE@5.2,8.5,74.7,0.0,0,"Canoe Ridge, Benton County",110023,Canoe Ridge,2017-12-13 06:54:50.307756
2014-09-12,03:45,52.5,52.2,30.4,42.5,0.0,NE@5.4,9.9,74.7,0.0,0,"Canoe Ridge, Benton County",110023,Canoe Ridge,2017-12-13 06:54:50.307756
2014-09-12,04:00,51.3,50.7,34.8,53.1,0.0,NE@5.2,8.2,74.6,0.0,0,"Canoe Ridge, Benton County",110023,Canoe Ridge,2017-12-13 06:54:50.307756
2014-09-12,04:15,50.6,50.2,35.2,55.4,0.0,NE@5.9,9.6,74.6,0.0,0,"Canoe Ridge, Benton County",110023,Canoe Ridge,2017-12-13 06:54:50.307756
2014-09-12,04:30,50.1,49.7,35.5,56.9,0.0,NE@5.2,8.9,74.5,0.0,0,"Canoe Ridge, Benton County",110023,Canoe Ridge,2017-12-13 06:54:50.307756
2014-09-12,04:45,50.1,49.6,34.8,55.5,0.0,NE@4.7,9.2,74.5,0.0,0,"Canoe Ridge, Benton County",110023,Canoe Ridge,2017-12-13 06:54:50.307756
2014-09-12,05:00,50.5,50.2,33.4,51.6,0.0,NE@6.2,11.4,74.5,0.0,0,"Canoe Ridge, Benton County",110023,Canoe Ridge,2017-12-13 06:54:50.307756
2014-09-12,05:15,50.3,49.9,33.3,51.9,0.0,NE@5.8,9.9,74.4,0.0,0,"Canoe Ridge, Benton County",110023,Canoe Ridge,2017-12-13 06:54:50.307756
2014-09-12,05:30,49.2,48.7,35.4,58.7,0.0,E@5.7,9.2,74.3,0.0,2,"Canoe Ridge, Benton County",110023,Canoe Ridge,2017-12-13 06:54:50.307756
2014-09-12,05:45,48.6,48.0,36.3,62.4,0.0,E@4.8,8.2,74.3,0.0,11,"Canoe Ridge, Benton County",110023,Canoe Ridge,2017-12-13 06:54:50.307756
2014-09-12,06:00,48.0,47.5,37.5,66.8,0.0,E@4.7,8.2,74.2,0.0,37,"Canoe Ridge, Benton County",110023,Canoe Ridge,2017-12-13 06:54:50.307756
2014-09-12,06:15,48.3,47.7,37.2,65.5,0.0,N@0.0,0.0,74.2,0.0,73,"Canoe Ridge, Benton County",110023,Canoe Ridge,2017-12-13 06:54:50.307756
2014-09-12,06:30,49.0,48.5,35.5,59.5,0.0,E@0.7,6.0,74.1,0.0,112,"Canoe Ridge, Benton County",110023,Canoe Ridge,2017-12-13 06:54:50.307756
2014-09-12,06:45,49.3,48.7,35.6,59.0,0.0,E@2.5,6.7,74.1,0.0,152,"Canoe Ridge, Benton County",110023,Canoe Ridge,2017-12-13 06:54:50.307756
2014-09-12,07:00,50.2,49.6,34.6,54.8,0.0,NE@0.1,4.2,74.0,0.0,195,"Canoe Ridge, Benton County",110023,Canoe Ridge,2017-12-13 06:54:50.307756
2014-09-12,07:15,51.9,51.3,33.2,48.7,0.0,NE@1.5,5.3,73.9,0.0,235,"Canoe Ridge, Benton County",110023,Canoe Ridge,2017-12-13 06:54:50.307756
2014-09-12,07:30,52.4,51.7,33.7,48.8,0.0,NE@1.0,5.7,73.9,0.0,277,"Canoe Ridge, Benton County",110023,Canoe Ridge,2017-12-13 06:54:50.307756
2014-09-12,07:45,52.5,51.8,34.1,49.3,0.0,NE@0.9,6.4,73.8,0.0,322,"Canoe Ridge, Benton County",110023,Canoe Ridge,2017-12-13 06:54:50.307756
2014-09-12,08:00,53.4,52.7,34.8,49.1,0.0,NE@1.3,4.9,73.7,0.0,367,"Canoe Ridge, Benton County",110023,Canoe Ridge,2017-12-13 06:54:50.307756
2014-09-12,08:15,53.9,53.2,35.6,49.7,0.0,NE@1.4,6.0,73.7,0.0,413,"Canoe Ridge, Benton County",110023,Canoe Ridge,2017-12-13 06:54:50.307756
2014-09-12,08:30,55.5,55.0,36.9,49.4,0.0,NE@1.5,5.7,73.6,0.0,455,"Canoe Ridge, Benton County",110023,Canoe Ridge,2017-12-13 06:54:50.307756
2014-09-12,08:45,57.1,56.6,38.9,50.4,0.0,N@0.0,0.0,73.5,0.0,495,"Canoe Ridge, Benton County",110023,Canoe Ridge,2017-12-13 06:54:50.307756
2014-09-12,09:00,57.5,57.1,37.2,46.6,0.0,N@0.0,0.0,73.4,0.0,533,"Canoe Ridge, Benton County",110023,Canoe Ridge,2017-12-13 06:54:50.307756
2014-09-12,09:15,58.1,57.6,36.8,44.9,0.0,N@0.0,0.0,73.4,0.0,569,"Canoe Ridge, Benton County",110023,Canoe Ridge,2017-12-13 06:54:50.307756
2014-09-12,09:30,59.6,59.2,35.8,40.7,0.0,E@0.1,8.9,73.3,0.0,602,"Canoe Ridge, Benton County",110023,Canoe Ridge,2017-12-13 06:54:50.307756
2014-09-12,09:45,60.8,60.4,35.9,39.2,0.0,NE@0.8,7.1,73.2,0.0,632,"Canoe Ridge, Benton County",110023,Canoe Ridge,2017-12-13 06:54:50.307756
2014-09-12,10:00,62.1,61.8,35.7,37.2,0.0,E@2.1,6.7,73.1,0.0,658,"Canoe Ridge, Benton County",110023,Canoe Ridge,2017-12-13 06:54:50.307756
2014-09-12,10:15,63.7,63.5,34.4,33.4,0.0,NE@2.4,8.2,73.1,0.0,683,"Canoe Ridge, Benton County",110023,Canoe Ridge,2017-12-13 06:54:50.307756
2014-09-12,10:30,64.7,64.1,35.5,33.8,0.0,NE@1.7,7.1,73.0,0.0,704,"Canoe Ridge, Benton County",110023,Canoe Ridge,2017-12-13 06:54:50.307756
2014-09-12,10:45,65.1,64.6,35.8,33.7,0.0,NE@0.3,6.0,72.9,0.0,723,"Canoe Ridge, Benton County",110023,Canoe Ridge,2017-12-13 06:54:50.307756
2014-09-12,11:00,65.8,65.4,36.2,33.3,0.0,NE@0.1,3.5,72.9,0.0,740,"Canoe Ridge, Benton County",110023,Canoe Ridge,2017-12-13 06:54:50.307756
2014-09-12,11:15,68.6,68.4,35.8,29.8,0.0,NE@4.6,9.9,72.8,0.0,753,"Canoe Ridge, Benton County",110023,Canoe Ridge,2017-12-13 06:54:50.307756
2014-09-12,11:30,69.6,69.3,35.8,28.8,0.0,N@4.1,11.4,72.7,0.0,761,"Canoe Ridge, Benton County",110023,Canoe Ridge,2017-12-13 06:54:50.307756
2014-09-12,11:45,69.8,69.4,36.0,28.8,0.0,N@4.2,10.7,72.7,0.0,766,"Canoe Ridge, Benton County",110023,Canoe Ridge,2017-12-13 06:54:50.307756
2014-09-12,12:00,70.2,69.9,36.1,28.5,0.0,N@4.3,10.3,72.6,0.0,770,"Canoe Ridge, Benton County",110023,Canoe Ridge,2017-12-13 06:54:50.307756
2014-09-12,12:15,71.0,70.5,36.5,28.2,0.0,N@5.5,11.4,72.5,0.0,768,"Canoe Ridge, Benton County",110023,Canoe Ridge,2017-12-13 06:54:50.307756
2014-09-12,12:30,71.2,70.8,36.3,27.9,0.0,NE@5.6,13.2,72.5,0.0,762,"Canoe Ridge, Benton County",110023,Canoe Ridge,2017-12-13 06:54:50.307756
2014-09-12,12:45,71.9,71.6,36.5,27.4,0.0,NE@4.4,9.9,72.4,0.0,753,"Canoe Ridge, Benton County",110023,Canoe Ridge,2017-12-13 06:54:50.307756
2014-09-12,13:00,71.9,71.5,36.2,27.1,0.0,NE@5.8,10.7,72.4,0.0,740,"Canoe Ridge, Benton County",110023,Canoe Ridge,2017-12-13 06:54:50.307756
2014-09-12,13:15,72.7,72.3,36.1,26.2,0.0,NE@5.3,10.3,72.4,0.0,726,"Canoe Ridge, Benton County",110023,Canoe Ridge,2017-12-13 06:54:50.307756
2014-09-12,13:30,73.6,73.3,35.9,25.3,0.0,NE@3.5,10.3,72.3,0.0,708,"Canoe Ridge, Benton County",110023,Canoe Ridge,2017-12-13 06:54:50.307756
2014-09-12,13:45,73.7,73.4,35.5,24.7,0.0,NE@5.8,11.4,72.3,0.0,686,"Canoe Ridge, Benton County",110023,Canoe Ridge,2017-12-13 06:54:50.307756
2014-09-12,14:00,74.6,74.3,36.0,24.5,0.0,N@5.4,11.4,72.3,0.0,661,"Canoe Ridge, Benton County",110023,Canoe Ridge,2017-12-13 06:54:50.307756
2014-09-12,14:15,74.7,74.3,35.3,23.8,0.0,NE@6.2,13.5,72.2,0.0,634,"Canoe Ridge, Benton County",110023,Canoe Ridge,2017-12-13 06:54:50.307756
2014-09-12,14:30,75.8,75.5,35.5,23.1,0.0,N@4.6,9.6,72.2,0.0,604,"Canoe Ridge, Benton County",110023,Canoe Ridge,2017-12-13 06:54:50.307756
2014-09-12,14:45,75.5,75.0,34.8,22.7,0.0,N@5.3,10.3,72.2,0.0,572,"Canoe Ridge, Benton County",110023,Canoe Ridge,2017-12-13 06:54:50.307756
2014-09-12,15:00,75.7,75.4,35.1,22.8,0.0,N@2.4,10.3,72.2,0.0,536,"Canoe Ridge, Benton County",110023,Canoe Ridge,2017-12-13 06:54:50.307756
2014-09-12,15:15,75.6,75.1,34.9,22.7,0.0,NE@4.2,9.2,72.2,0.0,499,"Canoe Ridge, Benton County",110023,Canoe Ridge,2017-12-13 06:54:50.307756
2014-09-12,15:30,76.1,75.7,35.7,23.1,0.0,N@3.4,8.5,72.2,0.0,459,"Canoe Ridge, Benton County",110023,Canoe Ridge,2017-12-13 06:54:50.307756
2014-09-12,15:45,76.2,75.8,35.9,23.1,0.0,N@4.5,10.3,72.2,0.0,418,"Canoe Ridge, Benton County",110023,Canoe Ridge,2017-12-13 06:54:50.307756
2014-09-12,16:00,76.3,75.8,35.9,23.1,0.0,N@3.2,7.8,72.2,0.0,376,"Canoe Ridge, Benton County",110023,Canoe Ridge,2017-12-13 06:54:50.307756
2014-09-12,16:15,76.0,75.6,35.3,22.7,0.0,N@0.9,8.2,72.3,0.0,333,"Canoe Ridge, Benton County",110023,Canoe Ridge,2017-12-13 06:54:50.307756
2014-09-12,16:30,75.9,75.5,35.7,23.1,0.0,N@2.7,7.8,72.3,0.0,289,"Canoe Ridge, Benton County",110023,Canoe Ridge,2017-12-13 06:54:50.307756
2014-09-12,16:45,75.6,75.2,35.9,23.6,0.0,N@1.6,6.0,72.3,0.0,245,"Canoe Ridge, Benton County",110023,Canoe Ridge,2017-12-13 06:54:50.307756
2014-09-12,17:00,75.0,74.7,35.7,23.9,0.0,N@1.1,6.7,72.4,0.0,201,"Canoe Ridge, Benton County",110023,Canoe Ridge,2017-12-13 06:54:50.307756
2014-09-12,17:15,74.1,73.9,36.2,25.1,0.0,N@0.1,4.2,72.4,0.0,158,"Canoe Ridge, Benton County",110023,Canoe Ridge,2017-12-13 06:54:50.307756
2014-09-12,17:30,73.1,72.6,36.5,26.3,0.0,N@0.6,4.9,72.5,0.0,117,"Canoe Ridge, Benton County",110023,Canoe Ridge,2017-12-13 06:54:50.307756
2014-09-12,17:45,71.5,71.0,36.7,28.0,0.0,N@0.5,4.9,72.5,0.0,79,"Canoe Ridge, Benton County",110023,Canoe Ridge,2017-12-13 06:54:50.307756
2014-09-12,18:00,69.2,68.6,37.3,31.0,0.0,NW@0.5,2.4,72.6,0.0,44,"Canoe Ridge, Benton County",110023,Canoe Ridge,2017-12-13 06:54:50.307756
2014-09-12,18:15,67.9,67.4,36.6,31.5,0.0,N@0.7,3.9,72.7,0.0,11,"Canoe Ridge, Benton County",110023,Canoe Ridge,2017-12-13 06:54:50.307756
2014-09-12,18:30,67.7,67.4,35.8,30.7,0.0,NW@0.4,5.7,72.7,0.0,3,"Canoe Ridge, Benton County",110023,Canoe Ridge,2017-12-13 06:54:50.307756
2014-09-12,18:45,67.6,67.5,34.3,29.0,0.0,NW@3.6,9.2,72.8,0.0,0,"Canoe Ridge, Benton County",110023,Canoe Ridge,2017-12-13 06:54:50.307756
2014-09-12,19:00,68.0,67.8,33.3,27.5,0.0,NW@5.6,11.4,72.9,0.0,0,"Canoe Ridge, Benton County",110023,Canoe Ridge,2017-12-13 06:54:50.307756
2014-09-12,19:15,67.2,67.0,33.7,28.7,0.0,NW@7.7,11.7,73.0,0.0,0,"Canoe Ridge, Benton County",110023,Canoe Ridge,2017-12-13 06:54:50.307756
2014-09-12,19:30,66.6,66.4,33.6,29.3,0.0,NW@7.9,11.4,73.1,0.0,0,"Canoe Ridge, Benton County",110023,Canoe Ridge,2017-12-13 06:54:50.307756
2014-09-12,19:45,65.7,65.4,33.5,30.1,0.0,NW@7.7,11.4,73.1,0.0,0,"Canoe Ridge, Benton County",110023,Canoe Ridge,2017-12-13 06:54:50.307756
2014-09-12,20:00,64.3,64.0,33.9,32.1,0.0,NW@5.5,10.3,73.2,0.0,0,"Canoe Ridge, Benton County",110023,Canoe Ridge,2017-12-13 06:54:50.307756
2014-09-12,20:15,63.8,63.5,33.8,32.6,0.0,NW@6.4,11.0,73.3,0.0,0,"Canoe Ridge, Benton County",110023,Canoe Ridge,2017-12-13 06:54:50.307756
2014-09-12,20:30,63.5,63.3,33.7,32.7,0.0,NW@5.5,11.0,73.4,0.0,0,"Canoe Ridge, Benton County",110023,Canoe Ridge,2017-12-13 06:54:50.307756
2014-09-12,20:45,63.1,62.8,33.4,32.8,0.0,NW@6.0,9.6,73.5,0.0,0,"Canoe Ridge, Benton County",110023,Canoe Ridge,2017-12-13 06:54:50.307756
2014-09-12,21:00,62.9,62.7,33.0,32.5,0.0,NW@5.3,9.6,73.6,0.0,0,"Canoe Ridge, Benton County",110023,Canoe Ridge,2017-12-13 06:54:50.307756
2014-09-12,21:15,63.1,62.9,32.6,31.8,0.0,NW@4.6,8.9,73.6,0.0,0,"Canoe Ridge, Benton County",110023,Canoe Ridge,2017-12-13 06:54:50.307756
2014-09-12,21:30,63.4,63.3,32.1,30.7,0.0,NW@6.4,11.7,73.7,0.0,0,"Canoe Ridge, Benton County",110023,Canoe Ridge,2017-12-13 06:54:50.307756
2014-09-12,21:45,63.3,63.0,31.6,30.2,0.0,NW@5.5,9.6,73.8,0.0,0,"Canoe Ridge, Benton County",110023,Canoe Ridge,2017-12-13 06:54:50.307756
2014-09-12,22:00,63.1,62.9,30.8,29.5,0.0,NW@4.9,10.7,73.9,0.0,0,"Canoe Ridge, Benton County",110023,Canoe Ridge,2017-12-13 06:54:50.307756
2014-09-12,22:15,62.9,62.5,30.1,28.9,0.0,N@1.4,8.5,73.9,0.0,0,"Canoe Ridge, Benton County",110023,Canoe Ridge,2017-12-13 06:54:50.307756
2014-09-12,22:30,61.5,60.9,29.7,29.9,0.0,N@1.5,5.7,74.0,0.0,0,"Canoe Ridge, Benton County",110023,Canoe Ridge,2017-12-13 06:54:50.307756
2014-09-12,22:45,60.8,60.6,28.9,29.5,0.0,N@2.0,5.7,74.1,0.0,0,"Canoe Ridge, Benton County",110023,Canoe Ridge,2017-12-13 06:54:50.307756
2014-09-12,23:00,61.0,60.7,29.0,29.5,0.0,N@2.1,7.1,74.1,0.0,0,"Canoe Ridge, Benton County",110023,Canoe Ridge,2017-12-13 06:54:50.307756
2014-09-13,23:15,60.6,60.1,29.3,30.4,0.0,N@0.0,0.0,74.2,0.0,0,"Canoe Ridge, Benton County",110023,Canoe Ridge,2017-12-13 06:54:50.307756
2014-09-13,23:30,60.2,59.8,29.1,30.6,0.0,N@0.4,5.7,74.2,0.0,0,"Canoe Ridge, Benton County",110023,Canoe Ridge,2017-12-13 06:54:50.307756
2014-09-13,23:45,59.9,59.5,29.1,30.9,0.0,N@0.0,3.1,74.3,0.0,0,"Canoe Ridge, Benton County",110023,Canoe Ridge,2017-12-13 06:54:50.307756
2014-09-13,24:00,59.8,59.4,29.0,30.8,0.0,N@0.6,6.4,74.3,0.0,0,"Canoe Ridge, Benton County",110023,Canoe Ridge,2017-12-13 06:54:50.307756
2014-09-13,00:15,60.2,59.8,28.4,29.8,0.0,N@2.4,6.7,74.3,0.0,0,"Canoe Ridge, Benton County",110023,Canoe Ridge,2017-12-13 06:54:50.307756
2014-09-13,00:30,59.3,58.8,28.9,31.3,0.0,N@2.1,4.9,74.4,0.0,0,"Canoe Ridge, Benton County",110023,Canoe Ridge,2017-12-13 06:54:50.307756
2014-09-13,00:45,59.3,58.9,29.0,31.3,0.0,N@2.2,7.1,74.4,0.0,0,"Canoe Ridge, Benton County",110023,Canoe Ridge,2017-12-13 06:54:50.307756
2014-09-13,01:00,58.7,58.3,28.6,31.5,0.0,N@0.0,0.0,74.4,0.0,0,"Canoe Ridge, Benton County",110023,Canoe Ridge,2017-12-13 06:54:50.307756
2014-09-13,01:15,58.1,57.8,28.1,31.5,0.0,N@0.4,3.5,74.4,0.0,0,"Canoe Ridge, Benton County",110023,Canoe Ridge,2017-12-13 06:54:50.307756
2014-09-13,01:30,57.3,56.9,28.1,32.5,0.0,N@0.0,0.0,74.4,0.0,0,"Canoe Ridge, Benton County",110023,Canoe Ridge,2017-12-13 06:54:50.307756
2014-09-13,01:45,57.0,56.7,27.4,32.0,0.0,N@0.2,2.4,74.4,0.0,0,"Canoe Ridge, Benton County",110023,Canoe Ridge,2017-12-13 06:54:50.307756
2014-09-13,02:00,56.6,56.1,27.6,32.7,0.0,N@0.0,0.0,74.4,0.0,0,"Canoe Ridge, Benton County",110023,Canoe Ridge,2017-12-13 06:54:50.307756
2014-09-13,02:15,56.1,55.6,28.9,35.0,0.0,N@0.0,0.0,74.4,0.0,0,"Canoe Ridge, Benton County",110023,Canoe Ridge,2017-12-13 06:54:50.307756
2014-09-13,02:30,55.4,55.1,29.2,36.4,0.0,N@0.0,0.0,74.4,0.0,0,"Canoe Ridge, Benton County",110023,Canoe Ridge,2017-12-13 06:54:50.307756
2014-09-13,02:45,55.4,55.2,28.9,36.0,0.0,N@0.0,0.0,74.4,0.0,0,"Canoe Ridge, Benton County",110023,Canoe Ridge,2017-12-13 06:54:50.307756
2014-09-13,03:00,55.5,55.4,28.9,35.8,0.0,N@0.0,0.0,74.4,0.0,0,"Canoe Ridge, Benton County",110023,Canoe Ridge,2017-12-13 06:54:50.307756
2014-09-13,03:15,55.2,54.9,31.5,40.2,0.0,N@0.0,0.0,74.4,0.0,0,"Canoe Ridge, Benton County",110023,Canoe Ridge,2017-12-13 06:54:50.307756
2014-09-13,03:30,55.0,54.7,31.9,41.2,0.0,N@0.0,0.0,74.4,0.0,0,"Canoe Ridge, Benton County",110023,Canoe Ridge,2017-12-13 06:54:50.307756
2014-09-13,03:45,54.6,54.1,36.2,49.6,0.0,NE@0.2,3.5,74.4,0.0,0,"Canoe Ridge, Benton County",110023,Canoe Ridge,2017-12-13 06:54:50.307756
2014-09-13,04:00,53.8,53.3,38.3,55.7,0.0,NE@0.0,1.4,74.3,0.0,0,"Canoe Ridge, Benton County",110023,Canoe Ridge,2017-12-13 06:54:50.307756
2014-09-13,04:15,54.0,53.6,34.7,47.8,0.0,NE@2.0,6.0,74.3,0.0,0,"Canoe Ridge, Benton County",110023,Canoe Ridge,2017-12-13 06:54:50.307756
2014-09-13,04:30,53.5,53.0,35.3,49.9,0.0,NE@0.7,4.9,74.3,0.0,0,"Canoe Ridge, Benton County",110023,Canoe Ridge,2017-12-13 06:54:50.307756
2014-09-13,04:45,52.2,51.7,36.1,54.1,0.0,NE@1.5,5.3,74.3,0.0,0,"Canoe Ridge, Benton County",110023,Canoe Ridge,2017-12-13 06:54:50.307756
2014-09-13,05:00,52.0,51.5,36.8,55.9,0.0,NE@1.4,4.9,74.2,0.0,0,"Canoe Ridge, Benton County",110023,Canoe Ridge,2017-12-13 06:54:50.307756
2014-09-13,05:15,51.9,51.4,36.6,55.8,0.0,N@2.9,6.4,74.2,0.0,0,"Canoe Ridge, Benton County",110023,Canoe Ridge,2017-12-13 06:54:50.307756
2014-09-13,05:30,51.4,51.0,36.4,56.3,0.0,N@1.2,4.9,74.1,0.0,1,"Canoe Ridge, Benton County",110023,Canoe Ridge,2017-12-13 06:54:50.307756
2014-09-13,05:45,51.5,51.1,35.0,53.0,0.0,NE@2.4,4.9,74.1,0.0,10,"Canoe Ridge, Benton County",110023,Canoe Ridge,2017-12-13 06:54:50.307756
2014-09-13,06:00,52.1,51.8,33.7,49.3,0.0,NE@1.6,5.3,74.1,0.0,37,"Canoe Ridge, Benton County",110023,Canoe Ridge,2017-12-13 06:54:50.307756
2014-09-13,06:15,53.3,53.0,32.9,45.7,0.0,N@0.0,0.0,74.0,0.0,79,"Canoe Ridge, Benton County",110023,Canoe Ridge,2017-12-13 06:54:50.307756
2014-09-13,06:30,54.8,54.4,32.4,42.3,0.0,N@0.0,0.0,74.0,0.0,111,"Canoe Ridge, Benton County",110023,Canoe Ridge,2017-12-13 06:54:50.307756
2014-09-13,06:45,56.0,55.5,33.7,42.6,0.0,N@0.0,0.0,73.9,0.0,152,"Canoe Ridge, Benton County",110023,Canoe Ridge,2017-12-13 06:54:50.307756
2014-09-13,07:00,56.6,56.1,34.8,43.7,0.0,NE@2.1,7.4,73.8,0.0,194,"Canoe Ridge, Benton County",110023,Canoe Ridge,2017-12-13 06:54:50.307756
2014-09-13,07:15,56.5,55.8,35.9,45.9,0.0,NE@1.1,4.9,73.8,0.0,237,"Canoe Ridge, Benton County",110023,Canoe Ridge,2017-12-13 06:54:50.307756
2014-09-13,07:30,57.1,56.4,36.4,45.7,0.0,NE@1.4,6.0,73.7,0.0,282,"Canoe Ridge, Benton County",110023,Canoe Ridge,2017-12-13 06:54:50.307756
2014-09-13,07:45,57.1,56.6,38.7,50.0,0.0,N@0.0,0.0,73.7,0.0,326,"Canoe Ridge, Benton County",110023,Canoe Ridge,2017-12-13 06:54:50.307756
2014-09-13,08:00,58.1,57.7,42.5,56.1,0.0,N@0.0,0.0,73.6,0.0,370,"Canoe Ridge, Benton County",110023,Canoe Ridge,2017-12-13 06:54:50.307756
2014-09-13,08:15,57.6,56.9,44.1,60.6,0.0,N@0.0,0.0,73.5,0.0,413,"Canoe Ridge, Benton County",110023,Canoe Ridge,2017-12-13 06:54:50.307756
2014-09-13,08:30,57.4,56.8,43.8,60.4,0.0,N@0.0,0.0,73.5,0.0,453,"Canoe Ridge, Benton County",110023,Canoe Ridge,2017-12-13 06:54:50.307756
2014-09-13,08:45,57.7,57.2,43.6,59.2,0.0,SE@1.8,6.0,73.4,0.0,492,"Canoe Ridge, Benton County",110023,Canoe Ridge,2017-12-13 06:54:50.307756
2014-09-13,09:00,59.6,59.4,43.3,54.6,0.0,N@0.0,0.0,73.3,0.0,530,"Canoe Ridge, Benton County",110023,Canoe Ridge,2017-12-13 06:54:50.307756
2014-09-13,09:15,60.7,60.3,42.4,50.8,0.0,N@0.0,0.0,73.3,0.0,564,"Canoe Ridge, Benton County",110023,Canoe Ridge,2017-12-13 06:54:50.307756
2014-09-13,09:30,62.1,61.9,38.8,42.0,0.0,N@0.0,0.0,73.2,0.0,600,"Canoe Ridge, Benton County",110023,Canoe Ridge,2017-12-13 06:54:50.307756
2014-09-13,09:45,64.0,63.7,37.7,37.7,0.0,N@0.0,0.0,73.1,0.0,631,"Canoe Ridge, Benton County",110023,Canoe Ridge,2017-12-13 06:54:50.307756
2014-09-13,10:00,64.2,63.9,37.3,36.9,0.0,SE@0.6,5.3,73.1,0.0,657,"Canoe Ridge, Benton County",110023,Canoe Ridge,2017-12-13 06:54:50.307756
2014-09-13,10:15,64.7,64.5,37.1,35.9,0.0,SE@3.5,7.4,73.0,0.0,681,"Canoe Ridge, Benton County",110023,Canoe Ridge,2017-12-13 06:54:50.307756
2014-09-13,10:30,66.8,66.5,36.2,32.2,0.0,E@3.2,9.6,72.9,0.0,703,"Canoe Ridge, Benton County",110023,Canoe Ridge,2017-12-13 06:54:50.307756
2014-09-13,10:45,67.8,67.7,36.8,31.8,0.0,SE@3.3,9.2,72.9,0.0,721,"Canoe Ridge, Benton County",110023,Canoe Ridge,2017-12-13 06:54:50.307756
2014-09-13,11:00,68.7,68.4,37.1,31.3,0.0,E@2.8,7.1,72.8,0.0,735,"Canoe Ridge, Benton County",110023,Canoe Ridge,2017-12-13 06:54:50.307756
2014-09-13,11:15,70.5,70.2,35.9,28.1,0.0,NE@0.3,4.9,72.7,0.0,749,"Canoe Ridge, Benton County",110023,Canoe Ridge,2017-12-13 06:54:50.307756
2014-09-13,11:30,70.9,70.5,38.3,30.5,0.0,SW@0.1,3.9,72.7,0.0,756,"Canoe Ridge, Benton County",110023,Canoe Ridge,2017-12-13 06:54:50.307756
2014-09-13,11:45,71.9,71.8,37.9,28.9,0.0,N@0.0,0.0,72.6,0.0,759,"Canoe Ridge, Benton County",110023,Canoe Ridge,2017-12-13 06:54:50.307756
2014-09-13,12:00,72.9,72.7,38.3,28.4,0.0,NW@0.7,6.4,72.6,0.0,764,"Canoe Ridge, Benton County",110023,Canoe Ridge,2017-12-13 06:54:50.307756
2014-09-13,12:15,74.1,74.1,39.4,28.4,0.0,NW@0.1,3.9,72.5,0.0,762,"Canoe Ridge, Benton County",110023,Canoe Ridge,2017-12-13 06:54:50.307756
2014-09-13,12:30,75.0,74.9,40.3,28.6,0.0,W@0.8,10.3,72.4,0.0,755,"Canoe Ridge, Benton County",110023,Canoe Ridge,2017-12-13 06:54:50.307756
2014-09-13,12:45,75.8,75.5,40.4,28.0,0.0,SE@1.4,6.4,72.4,0.0,748,"Canoe Ridge, Benton County",110023,Canoe Ridge,2017-12-13 06:54:50.307756
2014-09-13,13:00,75.8,75.6,40.0,27.5,0.0,SE@3.8,9.9,72.4,0.0,737,"Canoe Ridge, Benton County",110023,Canoe Ridge,2017-12-13 06:54:50.307756
2014-09-13,13:15,77.5,77.3,38.4,24.5,0.0,NE@4.3,9.9,72.3,0.0,724,"Canoe Ridge, Benton County",110023,Canoe Ridge,2017-12-13 06:54:50.307756
2014-09-13,13:30,78.1,77.7,38.4,24.0,0.0,NE@4.3,8.9,72.3,0.0,705,"Canoe Ridge, Benton County",110023,Canoe Ridge,2017-12-13 06:54:50.307756
2014-09-13,13:45,78.6,78.2,38.2,23.5,0.0,N@4.3,10.3,72.3,0.0,686,"Canoe Ridge, Benton County",110023,Canoe Ridge,2017-12-13 06:54:50.307756
2014-09-13,14:00,78.7,78.3,37.8,23.0,0.0,N@3.1,9.9,72.2,0.0,662,"Canoe Ridge, Benton County",110023,Canoe Ridge,2017-12-13 06:54:50.307756
2014-09-13,14:15,79.2,78.9,38.5,23.2,0.0,N@1.4,10.3,72.2,0.0,632,"Canoe Ridge, Benton County",110023,Canoe Ridge,2017-12-13 06:54:50.307756
2014-09-13,14:30,79.8,79.4,38.6,22.9,0.0,N@2.5,9.9,72.2,0.0,602,"Canoe Ridge, Benton County",110023,Canoe Ridge,2017-12-13 06:54:50.307756
2014-09-13,14:45,78.8,78.5,37.5,22.6,0.0,NE@3.8,10.3,72.2,0.0,569,"Canoe Ridge, Benton County",110023,Canoe Ridge,2017-12-13 06:54:50.307756
2014-09-13,15:00,79.1,78.9,37.7,22.6,0.0,N@3.4,9.6,72.2,0.0,534,"Canoe Ridge, Benton County",110023,Canoe Ridge,2017-12-13 06:54:50.307756
2014-09-13,15:15,79.3,78.9,37.7,22.4,0.0,NE@2.4,9.2,72.2,0.0,497,"Canoe Ridge, Benton County",110023,Canoe Ridge,2017-12-13 06:54:50.307756
2014-09-13,15:30,78.9,78.5,37.9,22.9,0.0,NE@2.8,10.3,72.2,0.0,457,"Canoe Ridge, Benton County",110023,Canoe Ridge,2017-12-13 06:54:50.307756
2014-09-13,15:45,78.6,78.4,38.1,23.3,0.0,NE@3.1,8.5,72.3,0.0,417,"Canoe Ridge, Benton County",110023,Canoe Ridge,2017-12-13 06:54:50.307756
2014-09-13,16:00,78.4,77.9,37.5,23.0,0.0,NE@1.9,10.3,72.3,0.0,376,"Canoe Ridge, Benton County",110023,Canoe Ridge,2017-12-13 06:54:50.307756
2014-09-13,16:15,78.0,77.8,37.5,23.2,0.0,NE@0.8,8.5,72.3,0.0,333,"Canoe Ridge, Benton County",110023,Canoe Ridge,2017-12-13 06:54:50.307756
2014-09-13,16:30,78.5,78.1,37.9,23.3,0.0,N@0.0,0.0,72.4,0.0,289,"Canoe Ridge, Benton County",110023,Canoe Ridge,2017-12-13 06:54:50.307756
2014-09-13,16:45,77.9,77.5,38.3,24.0,0.0,N@0.0,0.0,72.4,0.0,246,"Canoe Ridge, Benton County",110023,Canoe Ridge,2017-12-13 06:54:50.307756
2014-09-13,17:00,77.1,76.6,39.1,25.4,0.0,N@0.0,0.0,72.4,0.0,202,"Canoe Ridge, Benton County",110023,Canoe Ridge,2017-12-13 06:54:50.307756
2014-09-13,17:15,76.2,75.7,38.4,25.6,0.0,N@0.0,0.0,72.5,0.0,160,"Canoe Ridge, Benton County",110023,Canoe Ridge,2017-12-13 06:54:50.307756
2014-09-13,17:30,75.4,75.0,37.3,25.1,0.0,N@0.0,0.0,72.6,0.0,120,"Canoe Ridge, Benton County",110023,Canoe Ridge,2017-12-13 06:54:50.307756
2014-09-13,17:45,74.5,74.0,37.1,25.7,0.0,N@0.0,0.0,72.6,0.0,81,"Canoe Ridge, Benton County",110023,Canoe Ridge,2017-12-13 06:54:50.307756
2014-09-13,18:00,73.4,72.8,36.9,26.4,0.0,N@0.0,0.0,72.7,0.0,43,"Canoe Ridge, Benton County",110023,Canoe Ridge,2017-12-13 06:54:50.307756
2014-09-13,18:15,72.2,71.9,36.4,27.0,0.0,N@0.0,0.0,72.8,0.0,10,"Canoe Ridge, Benton County",110023,Canoe Ridge,2017-12-13 06:54:50.307756
2014-09-13,18:30,72.3,72.2,37.6,28.2,0.0,N@0.0,0.0,72.9,0.0,3,"Canoe Ridge, Benton County",110023,Canoe Ridge,2017-12-13 06:54:50.307756
2014-09-13,18:45,72.5,72.4,39.3,30.0,0.0,N@0.0,0.0,72.9,0.0,0,"Canoe Ridge, Benton County",110023,Canoe Ridge,2017-12-13 06:54:50.307756
2014-09-13,19:00,72.7,72.6,37.8,28.1,0.0,N@0.0,0.0,73.0,0.0,0,"Canoe Ridge, Benton County",110023,Canoe Ridge,2017-12-13 06:54:50.307756
2014-09-13,19:15,72.5,72.4,37.5,27.8,0.0,N@0.0,0.0,73.1,0.0,0,"Canoe Ridge, Benton County",110023,Canoe Ridge,2017-12-13 06:54:50.307756
2014-09-13,19:30,72.1,71.8,37.6,28.4,0.0,N@0.0,0.0,73.2,0.0,0,"Canoe Ridge, Benton County",110023,Canoe Ridge,2017-12-13 06:54:50.307756
2014-09-13,19:45,71.3,71.2,37.3,28.9,0.0,N@0.0,0.0,73.3,0.0,0,"Canoe Ridge, Benton County",110023,Canoe Ridge,2017-12-13 06:54:50.307756
2014-09-13,20:00,71.4,71.3,36.5,27.9,0.0,N@0.0,0.0,73.4,0.0,0,"Canoe Ridge, Benton County",110023,Canoe Ridge,2017-12-13 06:54:50.307756
2014-09-13,20:15,71.5,71.5,36.4,27.6,0.0,N@0.0,0.0,73.5,0.0,0,"Canoe Ridge, Benton County",110023,Canoe Ridge,2017-12-13 06:54:50.307756
2014-09-13,20:30,69.8,69.4,37.5,30.6,0.0,N@0.0,0.0,73.6,0.0,0,"Canoe Ridge, Benton County",110023,Canoe Ridge,2017-12-13 06:54:50.307756
2014-09-13,20:45,68.7,68.6,37.3,31.5,0.0,N@0.0,0.0,73.7,0.0,0,"Canoe Ridge, Benton County",110023,Canoe Ridge,2017-12-13 06:54:50.307756
2014-09-13,21:00,69.6,69.5,37.7,31.1,0.0,N@0.0,0.0,73.8,0.0,0,"Canoe Ridge, Benton County",110023,Canoe Ridge,2017-12-13 06:54:50.307756
2014-09-13,21:15,68.0,67.6,37.4,32.5,0.0,N@0.0,0.0,73.8,0.0,0,"Canoe Ridge, Benton County",110023,Canoe Ridge,2017-12-13 06:54:50.307756
2014-09-13,21:30,68.1,68.0,35.8,30.4,0.0,N@0.0,0.0,73.9,0.0,0,"Canoe Ridge, Benton County",110023,Canoe Ridge,2017-12-13 06:54:50.307756
2014-09-13,21:45,67.8,67.4,35.4,30.2,0.0,N@0.0,0.0,74.0,0.0,0,"Canoe Ridge, Benton County",110023,Canoe Ridge,2017-12-13 06:54:50.307756
2014-09-13,22:00,66.7,66.5,35.8,31.8,0.0,N@0.0,0.0,74.1,0.0,0,"Canoe Ridge, Benton County",110023,Canoe Ridge,2017-12-13 06:54:50.307756
2014-09-13,22:15,66.7,66.2,36.8,33.2,0.0,N@0.0,0.0,74.2,0.0,0,"Canoe Ridge, Benton County",110023,Canoe Ridge,2017-12-13 06:54:50.307756
2014-09-13,22:30,66.0,66.0,36.1,33.0,0.0,N@0.0,0.0,74.2,0.0,0,"Canoe Ridge, Benton County",110023,Canoe Ridge,2017-12-13 06:54:50.307756
2014-09-13,22:45,66.6,66.3,37.8,34.6,0.0,N@0.0,0.0,74.3,0.0,0,"Canoe Ridge, Benton County",110023,Canoe Ridge,2017-12-13 06:54:50.307756
2014-09-13,23:00,64.7,64.0,36.2,34.7,0.0,N@0.0,0.0,74.4,0.0,0,"Canoe Ridge, Benton County",110023,Canoe Ridge,2017-12-13 06:54:50.307756
2014-09-14,23:15,63.5,63.2,34.9,34.3,0.0,N@0.0,0.0,74.4,0.0,0,"Canoe Ridge, Benton County",110023,Canoe Ridge,2017-12-13 06:54:50.307756
2014-09-14,23:30,62.9,62.5,34.5,34.4,0.0,N@0.0,0.0,74.5,0.0,0,"Canoe Ridge, Benton County",110023,Canoe Ridge,2017-12-13 06:54:50.307756
2014-09-14,23:45,64.1,63.9,33.8,32.2,0.0,N@0.0,0.0,74.5,0.0,0,"Canoe Ridge, Benton County",110023,Canoe Ridge,2017-12-13 06:54:50.307756
2014-09-14,24:00,63.6,63.1,34.0,33.0,0.0,N@0.0,0.0,74.6,0.0,0,"Canoe Ridge, Benton County",110023,Canoe Ridge,2017-12-13 06:54:50.307756
2014-09-14,00:15,62.3,61.9,33.8,34.2,0.0,N@0.0,0.0,74.6,0.0,0,"Canoe Ridge, Benton County",110023,Canoe Ridge,2017-12-13 06:54:50.307756
2014-09-14,00:30,62.2,61.7,34.8,35.8,0.0,N@0.0,0.0,74.6,0.0,0,"Canoe Ridge, Benton County",110023,Canoe Ridge,2017-12-13 06:54:50.307756
2014-09-14,00:45,61.3,61.3,36.0,38.8,0.0,N@0.0,0.0,74.7,0.0,0,"Canoe Ridge, Benton County",110023,Canoe Ridge,2017-12-13 06:54:50.307756
2014-09-14,01:00,62.8,62.6,35.2,35.5,0.0,N@0.0,0.0,74.7,0.0,0,"Canoe Ridge, Benton County",110023,Canoe Ridge,2017-12-13 06:54:50.307756
2014-09-14,01:15,63.2,62.9,35.0,34.8,0.0,N@0.0,0.0,74.7,0.0,0,"Canoe Ridge, Benton County",110023,Canoe Ridge,2017-12-13 06:54:50.307756
2014-09-14,01:30,60.4,59.6,35.9,39.9,0.0,N@0.0,0.0,74.7,0.0,0,"Canoe Ridge, Benton County",110023,Canoe Ridge,2017-12-13 06:54:50.307756
2014-09-14,01:45,59.3,59.0,36.7,42.7,0.0,N@0.0,0.0,74.7,0.0,0,"Canoe Ridge, Benton County",110023,Canoe Ridge,2017-12-13 06:54:50.307756
2014-09-14,02:00,60.0,59.5,34.6,38.3,0.0,N@0.0,0.0,74.8,0.0,0,"Canoe Ridge, Benton County",110023,Canoe Ridge,2017-12-13 06:54:50.307756
2014-09-14,02:15,58.9,58.2,35.6,41.5,0.0,N@0.0,0.0,74.8,0.0,0,"Canoe Ridge, Benton County",110023,Canoe Ridge,2017-12-13 06:54:50.307756
2014-09-14,02:30,58.4,58.0,35.1,41.5,0.0,N@0.0,0.0,74.8,0.0,0,"Canoe Ridge, Benton County",110023,Canoe Ridge,2017-12-13 06:54:50.307756
2014-09-14,02:45,57.5,56.7,39.3,50.5,0.0,N@0.0,0.0,74.8,0.0,0,"Canoe Ridge, Benton County",110023,Canoe Ridge,2017-12-13 06:54:50.307756
2014-09-14,03:00,53.6,52.8,44.4,70.8,0.0,N@0.0,0.0,74.7,0.0,0,"Canoe Ridge, Benton County",110023,Canoe Ridge,2017-12-13 06:54:50.307756
2014-09-14,03:15,52.5,52.2,44.7,74.6,0.0,N@0.0,0.0,74.7,0.0,0,"Canoe Ridge, Benton County",110023,Canoe Ridge,2017-12-13 06:54:50.307756
2014-09-14,03:30,53.9,53.6,44.7,70.9,0.0,N@0.0,0.0,74.7,0.0,0,"Canoe Ridge, Benton County",110023,Canoe Ridge,2017-12-13 06:54:50.307756
2014-09-14,03:45,54.0,53.5,43.3,67.1,0.0,N@0.0,0.0,74.7,0.0,0,"Canoe Ridge, Benton County",110023,Canoe Ridge,2017-12-13 06:54:50.307756
2014-09-14,04:00,53.4,52.9,42.8,67.2,0.0,N@0.0,0.0,74.7,0.0,0,"Canoe Ridge, Benton County",110023,Canoe Ridge,2017-12-13 06:54:50.307756
2014-09-14,04:15,53.4,52.9,41.9,64.8,0.0,N@0.0,0.0,74.7,0.0,0,"Canoe Ridge, Benton County",110023,Canoe Ridge,2017-12-13 06:54:50.307756
2014-09-14,04:30,53.2,52.6,41.2,63.5,0.0,N@0.0,0.0,74.6,0.0,0,"Canoe Ridge, Benton County",110023,Canoe Ridge,2017-12-13 06:54:50.307756
2014-09-14,04:45,51.8,51.1,42.6,70.7,0.0,N@0.0,0.0,74.6,0.0,0,"Canoe Ridge, Benton County",110023,Canoe Ridge,2017-12-13 06:54:50.307756
2014-09-14,05:00,51.0,50.4,43.4,75.0,0.0,N@0.0,0.0,74.6,0.0,0,"Canoe Ridge, Benton County",110023,Canoe Ridge,2017-12-13 06:54:50.307756
2014-09-14,05:15,52.1,52.0,40.7,65.0,0.0,N@0.0,0.0,74.5,0.0,0,"Canoe Ridge, Benton County",110023,Canoe Ridge,2017-12-13 06:54:50.307756
2014-09-14,05:30,52.3,51.5,40.2,63.2,0.0,N@0.0,0.0,74.5,0.0,1,"Canoe Ridge, Benton County",110023,Canoe Ridge,2017-12-13 06:54:50.307756
2014-09-14,05:45,52.5,52.1,39.3,60.8,0.0,N@0.0,0.0,74.5,0.0,7,"Canoe Ridge, Benton County",110023,Canoe Ridge,2017-12-13 06:54:50.307756
2014-09-14,06:00,53.0,52.4,39.8,60.6,0.0,N@0.0,0.0,74.4,0.0,32,"Canoe Ridge, Benton County",110023,Canoe Ridge,2017-12-13 06:54:50.307756
2014-09-14,06:15,51.7,51.3,41.9,69.1,0.0,N@0.0,0.0,74.4,0.0,63,"Canoe Ridge, Benton County",110023,Canoe Ridge,2017-12-13 06:54:50.307756
2014-09-14,06:30,53.0,52.5,41.4,64.6,0.0,N@0.0,0.0,74.3,0.0,100,"Canoe Ridge, Benton County",110023,Canoe Ridge,2017-12-13 06:54:50.307756
2014-09-14,06:45,51.1,50.8,43.0,73.5,0.0,N@0.0,0.0,74.3,0.0,142,"Canoe Ridge, Benton County",110023,Canoe Ridge,2017-12-13 06:54:50.307756
2014-09-14,07:00,52.4,52.2,43.7,72.1,0.0,N@0.0,0.0,74.2,0.0,186,"Canoe Ridge, Benton County",110023,Canoe Ridge,2017-12-13 06:54:50.307756
2014-09-14,07:15,53.9,53.7,44.2,69.4,0.0,N@0.0,0.0,74.1,0.0,231,"Canoe Ridge, Benton County",110023,Canoe Ridge,2017-12-13 06:54:50.307756
2014-09-14,07:30,54.9,54.5,43.8,66.1,0.0,N@0.0,0.0,74.1,0.0,276,"Canoe Ridge, Benton County",110023,Canoe Ridge,2017-12-13 06:54:50.307756
2014-09-14,07:45,55.7,55.4,43.2,62.7,0.0,N@0.0,0.0,74.0,0.0,320,"Canoe Ridge, Benton County",110023,Canoe Ridge,2017-12-13 06:54:50.307756
2014-09-14,08:00,56.9,56.6,41.9,57.1,0.0,N@0.0,0.0,74.0,0.0,364,"Canoe Ridge, Benton County",110023,Canoe Ridge,2017-12-13 06:54:50.307756
2014-09-14,08:15,56.7,56.3,41.2,56.0,0.0,N@0.0,0.0,73.9,0.0,407,"Canoe Ridge, Benton County",110023,Canoe Ridge,2017-12-13 06:54:50.307756
2014-09-14,08:30,57.8,57.7,40.7,52.7,0.0,N@0.0,0.0,73.8,0.0,448,"Canoe Ridge, Benton County",110023,Canoe Ridge,2017-12-13 06:54:50.307756
2014-09-14,08:45,60.8,60.5,39.0,44.4,0.0,N@0.0,0.0,73.8,0.0,489,"Canoe Ridge, Benton County",110023,Canoe Ridge,2017-12-13 06:54:50.307756
2014-09-14,09:00,61.9,61.2,37.6,40.3,0.0,N@0.0,0.0,73.7,0.0,528,"Canoe Ridge, Benton County",110023,Canoe Ridge,2017-12-13 06:54:50.307756
2014-09-14,09:15,63.1,62.6,38.3,39.8,0.0,N@0.0,0.0,73.6,0.0,564,"Canoe Ridge, Benton County",110023,Canoe Ridge,2017-12-13 06:54:50.307756
2014-09-14,09:30,64.6,64.1,42.8,45.1,0.0,N@0.0,0.0,73.5,0.0,596,"Canoe Ridge, Benton County",110023,Canoe Ridge,2017-12-13 06:54:50.307756
2014-09-14,09:45,67.0,67.0,41.9,40.1,0.0,N@0.0,0.0,73.5,0.0,628,"Canoe Ridge, Benton County",110023,Canoe Ridge,2017-12-13 06:54:50.307756
2014-09-14,10:00,68.5,68.4,39.5,34.6,0.0,N@0.0,0.0,73.4,0.0,656,"Canoe Ridge, Benton County",110023,Canoe Ridge,2017-12-13 06:54:50.307756
2014-09-14,10:15,70.0,69.6,40.9,34.7,0.0,N@0.0,0.0,73.3,0.0,680,"Canoe Ridge, Benton County",110023,Canoe Ridge,2017-12-13 06:54:50.307756
2014-09-14,10:30,69.7,69.1,41.8,36.4,0.0,N@0.0,0.0,73.3,0.0,701,"Canoe Ridge, Benton County",110023,Canoe Ridge,2017-12-13 06:54:50.307756
2014-09-14,10:45,70.1,69.8,42.6,36.9,0.0,N@0.0,0.0,73.2,0.0,719,"Canoe Ridge, Benton County",110023,Canoe Ridge,2017-12-13 06:54:50.307756
2014-09-14,11:00,72.1,71.8,43.5,35.7,0.0,N@0.0,0.0,73.1,0.0,735,"Canoe Ridge, Benton County",110023,Canoe Ridge,2017-12-13 06:54:50.307756
2014-09-14,11:15,72.4,72.1,43.8,35.7,0.0,N@0.6,4.9,73.1,0.0,747,"Canoe Ridge, Benton County",110023,Canoe Ridge,2017-12-13 06:54:50.307756
2014-09-14,11:30,73.8,73.4,43.8,34.1,0.0,NE@0.5,5.7,73.0,0.0,756,"Canoe Ridge, Benton County",110023,Canoe Ridge,2017-12-13 06:54:50.307756
2014-09-14,11:45,74.9,74.7,43.9,32.9,0.0,NE@0.5,4.9,72.9,0.0,761,"Canoe Ridge, Benton County",110023,Canoe Ridge,2017-12-13 06:54:50.307756
2014-09-14,12:00,76.3,76.1,44.3,31.9,0.0,NE@1.6,6.0,72.9,0.0,762,"Canoe Ridge, Benton County",110023,Canoe Ridge,2017-12-13 06:54:50.307756
2014-09-14,12:15,77.4,77.0,43.9,30.4,0.0,NE@0.6,5.7,72.8,0.0,760,"Canoe Ridge, Benton County",110023,Canoe Ridge,2017-12-13 06:54:50.307756
2014-09-14,12:30,78.4,78.1,43.7,29.2,0.0,NE@1.4,6.4,72.8,0.0,755,"Canoe Ridge, Benton County",110023,Canoe Ridge,2017-12-13 06:54:50.307756
2014-09-14,12:45,79.9,79.9,44.5,28.6,0.0,E@0.5,4.2,72.7,0.0,744,"Canoe Ridge, Benton County",110023,Canoe Ridge,2017-12-13 06:54:50.307756
2014-09-14,13:00,80.2,79.7,43.4,27.2,0.0,N@0.0,0.0,72.7,0.0,731,"Canoe Ridge, Benton County",110023,Canoe Ridge,2017-12-13 06:54:50.307756
2014-09-14,13:15,80.6,80.4,43.9,27.3,0.0,NE@1.6,6.7,72.6,0.0,715,"Canoe Ridge, Benton County",110023,Canoe Ridge,2017-12-13 06:54:50.307756
2014-09-14,13:30,80.9,80.8,43.5,26.7,0.0,N@1.8,5.7,72.6,0.0,697,"Canoe Ridge, Benton County",110023,Canoe Ridge,2017-12-13 06:54:50.307756
2014-09-14,13:45,81.9,81.6,44.4,26.7,0.0,NE@1.0,5.3,72.6,0.0,672,"Canoe Ridge, Benton County",110023,Canoe Ridge,2017-12-13 06:54:50.307756
2014-09-14,14:00,81.7,81.3,44.2,26.7,0.0,N@0.0,0.0,72.5,0.0,647,"Canoe Ridge, Benton County",110023,Canoe Ridge,2017-12-13 06:54:50.307756
2014-09-14,14:15,82.0,81.8,44.4,26.6,0.0,W@0.0,4.2,72.5,0.0,619,"Canoe Ridge, Benton County",110023,Canoe Ridge,2017-12-13 06:54:50.307756
2014-09-14,14:30,82.5,82.3,43.9,25.7,0.0,NE@1.6,11.7,72.5,0.0,590,"Canoe Ridge, Benton County",110023,Canoe Ridge,2017-12-13 06:54:50.307756
2014-09-14,14:45,82.6,82.4,44.1,25.8,0.0,NE@1.7,6.4,72.5,0.0,557,"Canoe Ridge, Benton County",110023,Canoe Ridge,2017-12-13 06:54:50.307756
2014-09-14,15:00,82.7,82.4,43.3,25.0,0.0,NE@1.3,8.9,72.5,0.0,522,"Canoe Ridge, Benton County",110023,Canoe Ridge,2017-12-13 06:54:50.307756
2014-09-14,15:15,82.5,82.1,43.7,25.5,0.0,NE@1.3,7.8,72.5,0.0,487,"Canoe Ridge, Benton County",110023,Canoe Ridge,2017-12-13 06:54:50.307756
2014-09-14,15:30,82.8,82.6,43.4,25.0,0.0,N@2.5,7.8,72.5,0.0,450,"Canoe Ridge, Benton County",110023,Canoe Ridge,2017-12-13 06:54:50.307756
2014-09-14,15:45,82.7,82.3,42.2,23.9,0.0,N@3.4,6.7,72.5,0.0,411,"Canoe Ridge, Benton County",110023,Canoe Ridge,2017-12-13 06:54:50.307756
2014-09-14,16:00,82.2,82.0,42.0,24.1,0.0,N@2.4,8.5,72.5,0.0,369,"Canoe Ridge, Benton County",110023,Canoe Ridge,2017-12-13 06:54:50.307756
2014-09-14,16:15,81.6,81.3,42.2,24.8,0.0,N@1.2,6.4,72.6,0.0,326,"Canoe Ridge, Benton County",110023,Canoe Ridge,2017-12-13 06:54:50.307756
2014-09-14,16:30,81.2,80.9,43.0,26.0,0.0,N@1.7,5.7,72.6,0.0,284,"Canoe Ridge, Benton County",110023,Canoe Ridge,2017-12-13 06:54:50.307756
2014-09-14,16:45,80.5,80.2,42.6,26.1,0.0,N@1.0,5.7,72.7,0.0,241,"Canoe Ridge, Benton County",110023,Canoe Ridge,2017-12-13 06:54:50.307756
2014-09-14,17:00,79.8,79.4,42.6,26.7,0.0,N@1.3,6.4,72.7,0.0,197,"Canoe Ridge, Benton County",110023,Canoe Ridge,2017-12-13 06:54:50.307756
2014-09-14,17:15,79.1,78.8,45.0,30.0,0.0,N@0.6,3.9,72.8,0.0,155,"Canoe Ridge, Benton County",110023,Canoe Ridge,2017-12-13 06:54:50.307756
2014-09-14,17:30,78.1,77.7,44.4,30.3,0.0,N@0.0,0.0,72.8,0.0,116,"Canoe Ridge, Benton County",110023,Canoe Ridge,2017-12-13 06:54:50.307756
2014-09-14,17:45,76.8,76.2,42.8,29.7,0.0,N@0.0,0.0,72.9,0.0,75,"Canoe Ridge, Benton County",110023,Canoe Ridge,2017-12-13 06:54:50.307756
2014-09-14,18:00,75.0,74.5,42.4,31.0,0.0,N@0.2,3.5,73.0,0.0,20,"Canoe Ridge, Benton County",110023,Canoe Ridge,2017-12-13 06:54:50.307756
2014-09-14,18:15,74.0,73.8,41.8,31.3,0.0,N@1.8,4.6,73.1,0.0,7,"Canoe Ridge, Benton County",110023,Canoe Ridge,2017-12-13 06:54:50.307756
2014-09-14,18:30,73.0,72.9,41.6,32.2,0.0,N@0.5,3.9,73.1,0.0,2,"Canoe Ridge, Benton County",110023,Canoe Ridge,2017-12-13 06:54:50.307756
2014-09-14,18:45,73.0,73.0,40.4,30.8,0.0,N@1.1,5.3,73.2,0.0,0,"Canoe Ridge, Benton County",110023,Canoe Ridge,2017-12-13 06:54:50.307756
2014-09-14,19:00,73.2,73.0,39.7,29.7,0.0,N@1.1,5.3,73.3,0.0,0,"Canoe Ridge, Benton County",110023,Canoe Ridge,2017-12-13 06:54:50.307756
2014-09-14,19:15,72.5,72.4,39.3,29.9,0.0,N@1.9,5.3,73.4,0.0,0,"Canoe Ridge, Benton County",110023,Canoe Ridge,2017-12-13 06:54:50.307756
2014-09-14,19:30,71.6,71.2,40.2,31.9,0.0,N@0.0,0.0,73.5,0.0,0,"Canoe Ridge, Benton County",110023,Canoe Ridge,2017-12-13 06:54:50.307756
2014-09-14,19:45,69.0,68.7,39.2,33.6,0.0,NW@4.3,8.9,73.6,0.0,0,"Canoe Ridge, Benton County",110023,Canoe Ridge,2017-12-13 06:54:50.307756
2014-09-14,20:00,68.1,67.8,36.9,31.7,0.0,NW@1.5,5.7,73.7,0.0,0,"Canoe Ridge, Benton County",110023,Canoe Ridge,2017-12-13 06:54:50.307756
2014-09-14,20:15,67.7,67.5,36.7,31.9,0.0,N@0.2,5.3,73.8,0.0,0,"Canoe Ridge, Benton County",110023,Canoe Ridge,2017-12-13 06:54:50.307756
2014-09-14,20:30,68.4,68.3,38.5,33.3,0.0,N@2.7,7.8,73.9,0.0,0,"Canoe Ridge, Benton County",110023,Canoe Ridge,2017-12-13 06:54:50.307756
2014-09-14,20:45,68.8,68.6,38.8,33.3,0.0,NW@2.3,6.7,74.0,0.0,0,"Canoe Ridge, Benton County",110023,Canoe Ridge,2017-12-13 06:54:50.307756
2014-09-14,21:00,67.6,67.2,38.8,34.6,0.0,N@0.0,0.0,74.1,0.0,0,"Canoe Ridge, Benton County",110023,Canoe Ridge,2017-12-13 06:54:50.307756
2014-09-14,21:15,66.7,66.5,38.7,35.7,0.0,N@0.0,0.0,74.2,0.0,0,"Canoe Ridge, Benton County",110023,Canoe Ridge,2017-12-13 06:54:50.307756
2014-09-14,21:30,66.3,65.7,38.5,35.9,0.0,N@0.0,0.0,74.3,0.0,0,"Canoe Ridge, Benton County",110023,Canoe Ridge,2017-12-13 06:54:50.307756
2014-09-14,21:45,64.3,63.7,37.4,36.9,0.0,N@0.0,0.0,74.4,0.0,0,"Canoe Ridge, Benton County",110023,Canoe Ridge,2017-12-13 06:54:50.307756
2014-09-14,22:00,65.1,65.0,37.5,35.9,0.0,N@0.0,0.0,74.5,0.0,0,"Canoe Ridge, Benton County",110023,Canoe Ridge,2017-12-13 06:54:50.307756
2014-09-14,22:15,67.0,66.8,37.5,33.7,0.0,N@0.0,0.0,74.5,0.0,0,"Canoe Ridge, Benton County",110023,Canoe Ridge,2017-12-13 06:54:50.307756
2014-09-14,22:30,68.6,68.5,37.7,32.1,0.0,N@0.0,0.0,74.6,0.0,0,"Canoe Ridge, Benton County",110023,Canoe Ridge,2017-12-13 06:54:50.307756
2014-09-14,22:45,69.6,69.2,38.5,32.1,0.0,N@0.0,0.0,74.7,0.0,0,"Canoe Ridge, Benton County",110023,Canoe Ridge,2017-12-13 06:54:50.307756
2014-09-14,23:00,68.6,68.5,38.5,33.1,0.0,N@0.0,0.0,74.7,0.0,0,"Canoe Ridge, Benton County",110023,Canoe Ridge,2017-12-13 06:54:50.307756
2014-09-15,23:15,69.3,69.1,38.7,32.6,0.0,N@0.0,0.0,74.8,0.0,0,"Canoe Ridge, Benton County",110023,Canoe Ridge,2017-12-13 06:54:50.307756
2014-09-15,23:30,68.2,67.8,38.2,33.3,0.0,N@0.0,0.0,74.9,0.0,0,"Canoe Ridge, Benton County",110023,Canoe Ridge,2017-12-13 06:54:50.307756
2014-09-15,23:45,67.1,66.8,38.3,34.7,0.0,N@0.0,0.0,74.9,0.0,0,"Canoe Ridge, Benton County",110023,Canoe Ridge,2017-12-13 06:54:50.307756
2014-09-15,24:00,64.3,63.7,39.3,39.7,0.0,NW@2.1,7.1,74.9,0.0,0,"Canoe Ridge, Benton County",110023,Canoe Ridge,2017-12-13 06:54:50.307756
