Date,Time PST,Air Temp °F, 2<sup>nd</sup> Air Temp °F, Dew Point °F, Rel Hum %, Leaf Wet u., Wind Dir @ Speed mph, Wind Gust mph, 8 in. Soil Tmp °F, Tot Prec in, Solar Rad W/m²,Location,Station ID,Station Name,Download Timestamp
2009-06-10,00:15,59.9,,46.7,61.6,0.0,NE@10.1,13.9,72.9,0.0,0,"Welland, Walla Walla County",300070,Welland,2017-12-01 15:08:09.719793
2009-06-10,00:30,58.9,,47.1,65.0,0.0,NE@9.5,13.9,72.8,0.0,0,"Welland, Walla Walla County",300070,Welland,2017-12-01 15:08:09.719793
2009-06-10,00:45,58.2,,47.3,67.0,0.0,NE@9.8,13.9,72.7,0.0,0,"Welland, Walla Walla County",300070,Welland,2017-12-01 15:08:09.719793
2009-06-10,01:00,58.5,,47.1,65.6,0.0,NE@11.0,16.0,72.6,0.0,0,"Welland, Walla Walla County",300070,Welland,2017-12-01 15:08:09.719793
2009-06-10,01:15,58.0,,47.2,67.3,0.0,NE@11.0,15.3,72.5,0.0,0,"Welland, Walla Walla County",300070,Welland,2017-12-01 15:08:09.719793
2009-06-10,01:30,57.2,,47.5,69.9,0.0,NE@9.1,12.8,72.4,0.0,0,"Welland, Walla Walla County",300070,Welland,2017-12-01 15:08:09.719793
2009-06-10,01:45,57.6,,47.3,68.2,0.0,NE@8.8,13.2,72.3,0.0,0,"Welland, Walla Walla County",300070,Welland,2017-12-01 15:08:09.719793
2009-06-10,02:00,56.4,,47.7,72.4,0.0,NW@3.5,6.7,72.2,0.0,0,"Welland, Walla Walla County",300070,Welland,2017-12-01 15:08:09.719793
2009-06-10,02:15,54.6,,47.8,77.6,0.0,W@3.3,5.7,72.0,0.0,0,"Welland, Walla Walla County",300070,Welland,2017-12-01 15:08:09.719793
2009-06-10,02:30,55.2,,47.2,74.3,0.0,NW@3.6,6.7,71.9,0.0,0,"Welland, Walla Walla County",300070,Welland,2017-12-01 15:08:09.719793
2009-06-10,02:45,55.8,,47.0,72.2,0.0,NE@5.5,12.1,71.8,0.0,0,"Welland, Walla Walla County",300070,Welland,2017-12-01 15:08:09.719793
2009-06-10,03:00,56.1,,47.0,71.2,0.0,NE@2.7,7.4,71.7,0.0,0,"Welland, Walla Walla County",300070,Welland,2017-12-01 15:08:09.719793
2009-06-10,03:15,54.7,,46.8,74.5,0.01,SW@1.6,3.9,71.6,0.0,0,"Welland, Walla Walla County",300070,Welland,2017-12-01 15:08:09.719793
2009-06-10,03:30,53.7,,46.7,77.1,0.0,E@4.0,7.4,71.4,0.0,0,"Welland, Walla Walla County",300070,Welland,2017-12-01 15:08:09.719793
2009-06-10,03:45,54.5,,46.7,75.0,0.0,N@1.7,4.9,71.3,0.0,0,"Welland, Walla Walla County",300070,Welland,2017-12-01 15:08:09.719793
2009-06-10,04:00,54.4,,46.7,75.0,0.0,NE@6.0,9.2,71.2,0.0,5,"Welland, Walla Walla County",300070,Welland,2017-12-01 15:08:09.719793
2009-06-10,04:15,53.4,,46.7,78.1,0.0,NE@6.7,10.7,71.1,0.0,17,"Welland, Walla Walla County",300070,Welland,2017-12-01 15:08:09.719793
2009-06-10,04:30,52.7,,47.0,80.7,0.0,N@5.3,7.8,71.0,0.0,36,"Welland, Walla Walla County",300070,Welland,2017-12-01 15:08:09.719793
2009-06-10,04:45,52.4,,47.5,83.1,0.0,N@5.8,7.8,70.8,0.0,59,"Welland, Walla Walla County",300070,Welland,2017-12-01 15:08:09.719793
2009-06-10,05:00,52.7,,47.6,82.9,0.01,NE@5.4,8.2,70.7,0.0,50,"Welland, Walla Walla County",300070,Welland,2017-12-01 15:08:09.719793
2009-06-10,05:15,52.3,,48.2,85.8,0.01,N@3.8,5.7,70.6,0.0,62,"Welland, Walla Walla County",300070,Welland,2017-12-01 15:08:09.719793
2009-06-10,05:30,53.1,,48.2,83.6,0.01,N@4.4,7.8,70.4,0.0,124,"Welland, Walla Walla County",300070,Welland,2017-12-01 15:08:09.719793
2009-06-10,05:45,56.3,,48.7,75.5,0.0,N@5.8,7.8,70.3,0.0,204,"Welland, Walla Walla County",300070,Welland,2017-12-01 15:08:09.719793
2009-06-10,06:00,58.4,,49.3,71.7,0.0,N@5.0,6.7,70.2,0.0,244,"Welland, Walla Walla County",300070,Welland,2017-12-01 15:08:09.719793
2009-06-10,06:15,59.4,,49.1,68.5,0.0,N@6.8,8.9,70.1,0.0,282,"Welland, Walla Walla County",300070,Welland,2017-12-01 15:08:09.719793
2009-06-10,06:30,60.0,,49.2,67.5,0.0,NE@6.9,9.6,69.9,0.0,325,"Welland, Walla Walla County",300070,Welland,2017-12-01 15:08:09.719793
2009-06-10,06:45,61.0,,49.2,65.1,0.0,N@5.5,7.8,69.8,0.0,366,"Welland, Walla Walla County",300070,Welland,2017-12-01 15:08:09.719793
2009-06-10,07:00,62.2,,49.1,62.1,0.0,N@6.1,8.9,69.7,0.0,407,"Welland, Walla Walla County",300070,Welland,2017-12-01 15:08:09.719793
2009-06-10,07:15,63.6,,49.1,59.2,0.0,N@6.4,9.9,69.6,0.0,454,"Welland, Walla Walla County",300070,Welland,2017-12-01 15:08:09.719793
2009-06-10,07:30,65.2,,49.4,56.5,0.0,N@6.1,8.9,69.5,0.0,500,"Welland, Walla Walla County",300070,Welland,2017-12-01 15:08:09.719793
2009-06-10,07:45,66.0,,49.0,54.2,0.0,N@6.1,8.5,69.3,0.0,545,"Welland, Walla Walla County",300070,Welland,2017-12-01 15:08:09.719793
2009-06-10,08:00,67.0,,49.0,52.2,0.0,N@5.7,8.5,69.2,0.0,590,"Welland, Walla Walla County",300070,Welland,2017-12-01 15:08:09.719793
2009-06-10,08:15,67.8,,48.5,49.9,0.0,N@4.9,8.9,69.1,0.0,628,"Welland, Walla Walla County",300070,Welland,2017-12-01 15:08:09.719793
2009-06-10,08:30,68.6,,48.2,48.0,0.0,N@5.2,7.8,69.0,0.0,665,"Welland, Walla Walla County",300070,Welland,2017-12-01 15:08:09.719793
2009-06-10,08:45,69.6,,47.3,44.9,0.0,N@5.0,7.8,68.9,0.0,699,"Welland, Walla Walla County",300070,Welland,2017-12-01 15:08:09.719793
2009-06-10,09:00,70.2,,48.2,45.6,0.0,N@5.8,10.7,68.8,0.0,731,"Welland, Walla Walla County",300070,Welland,2017-12-01 15:08:09.719793
2009-06-10,09:15,70.2,,48.1,45.3,0.0,NW@6.5,9.9,68.8,0.0,761,"Welland, Walla Walla County",300070,Welland,2017-12-01 15:08:09.719793
2009-06-10,09:30,71.1,,47.4,42.8,0.0,N@6.8,12.8,68.7,0.0,790,"Welland, Walla Walla County",300070,Welland,2017-12-01 15:08:09.719793
2009-06-10,09:45,71.9,,46.7,40.6,0.0,N@7.0,11.4,68.6,0.0,816,"Welland, Walla Walla County",300070,Welland,2017-12-01 15:08:09.719793
2009-06-10,10:00,72.0,,45.4,38.6,0.0,N@7.0,12.4,68.6,0.0,839,"Welland, Walla Walla County",300070,Welland,2017-12-01 15:08:09.719793
2009-06-10,10:15,73.0,,45.6,37.6,0.0,NW@7.2,10.3,68.6,0.0,865,"Welland, Walla Walla County",300070,Welland,2017-12-01 15:08:09.719793
2009-06-10,10:30,74.3,,44.5,34.5,0.0,N@6.9,11.0,68.5,0.0,884,"Welland, Walla Walla County",300070,Welland,2017-12-01 15:08:09.719793
2009-06-10,10:45,75.2,,43.2,31.9,0.0,N@6.8,12.8,68.5,0.0,900,"Welland, Walla Walla County",300070,Welland,2017-12-01 15:08:09.719793
2009-06-10,11:00,75.2,,41.6,29.9,0.0,N@7.3,12.8,68.5,0.0,916,"Welland, Walla Walla County",300070,Welland,2017-12-01 15:08:09.719793
2009-06-10,11:15,75.5,,41.3,29.4,0.0,N@8.6,13.2,68.5,0.0,930,"Welland, Walla Walla County",300070,Welland,2017-12-01 15:08:09.719793
2009-06-10,11:30,76.3,,40.8,27.9,0.0,NE@8.1,11.7,68.5,0.0,939,"Welland, Walla Walla County",300070,Welland,2017-12-01 15:08:09.719793
2009-06-10,11:45,77.4,,41.3,27.5,0.0,N@7.1,11.0,68.5,0.0,940,"Welland, Walla Walla County",300070,Welland,2017-12-01 15:08:09.719793
2009-06-10,12:00,77.7,,40.4,26.3,0.0,N@5.4,15.0,68.6,0.0,942,"Welland, Walla Walla County",300070,Welland,2017-12-01 15:08:09.719793
2009-06-10,12:15,78.2,,40.8,26.2,0.0,NE@7.2,12.4,68.6,0.0,942,"Welland, Walla Walla County",300070,Welland,2017-12-01 15:08:09.719793
2009-06-10,12:30,78.4,,42.0,27.3,0.0,NW@7.4,13.2,68.7,0.0,934,"Welland, Walla Walla County",300070,Welland,2017-12-01 15:08:09.719793
2009-06-10,12:45,78.7,,40.0,25.1,0.0,N@6.0,10.7,68.8,0.0,929,"Welland, Walla Walla County",300070,Welland,2017-12-01 15:08:09.719793
2009-06-10,13:00,79.1,,43.2,27.9,0.0,NW@5.7,9.9,68.9,0.0,919,"Welland, Walla Walla County",300070,Welland,2017-12-01 15:08:09.719793
2009-06-10,13:15,79.0,,44.6,29.5,0.0,W@7.9,14.2,69.0,0.0,905,"Welland, Walla Walla County",300070,Welland,2017-12-01 15:08:09.719793
2009-06-10,13:30,79.4,,42.8,27.3,0.0,W@7.3,13.2,69.2,0.0,891,"Welland, Walla Walla County",300070,Welland,2017-12-01 15:08:09.719793
2009-06-10,13:45,79.5,,43.7,28.1,0.0,W@8.7,13.2,69.3,0.0,874,"Welland, Walla Walla County",300070,Welland,2017-12-01 15:08:09.719793
2009-06-10,14:00,79.8,,43.7,27.9,0.0,W@7.2,12.4,69.5,0.0,847,"Welland, Walla Walla County",300070,Welland,2017-12-01 15:08:09.719793
2009-06-10,14:15,79.9,,43.1,27.1,0.0,W@7.2,12.4,69.7,0.0,823,"Welland, Walla Walla County",300070,Welland,2017-12-01 15:08:09.719793
2009-06-10,14:30,80.5,,42.8,26.3,0.0,W@6.9,11.0,69.9,0.0,803,"Welland, Walla Walla County",300070,Welland,2017-12-01 15:08:09.719793
2009-06-10,14:45,80.1,,42.9,26.8,0.0,W@7.2,12.4,70.1,0.0,772,"Welland, Walla Walla County",300070,Welland,2017-12-01 15:08:09.719793
2009-06-10,15:00,80.5,,43.2,26.7,0.0,W@7.2,10.7,70.3,0.0,726,"Welland, Walla Walla County",300070,Welland,2017-12-01 15:08:09.719793
2009-06-10,15:15,80.2,,43.0,26.8,0.0,W@7.9,12.1,70.6,0.0,675,"Welland, Walla Walla County",300070,Welland,2017-12-01 15:08:09.719793
2009-06-10,15:30,79.9,,42.8,26.8,0.0,W@8.1,12.4,70.8,0.0,635,"Welland, Walla Walla County",300070,Welland,2017-12-01 15:08:09.719793
2009-06-10,15:45,80.1,,42.4,26.3,0.0,W@7.6,12.8,71.1,0.0,612,"Welland, Walla Walla County",300070,Welland,2017-12-01 15:08:09.719793
2009-06-10,16:00,80.3,,42.3,25.9,0.0,W@7.3,11.0,71.3,0.0,577,"Welland, Walla Walla County",300070,Welland,2017-12-01 15:08:09.719793
2009-06-10,16:15,80.3,,42.0,25.7,0.0,W@7.2,12.1,71.6,0.0,521,"Welland, Walla Walla County",300070,Welland,2017-12-01 15:08:09.719793
2009-06-10,16:30,78.6,,42.0,27.1,0.0,W@7.7,11.4,71.9,0.0,349,"Welland, Walla Walla County",300070,Welland,2017-12-01 15:08:09.719793
2009-06-10,16:45,79.3,,42.0,26.5,0.0,W@7.6,11.7,72.1,0.0,442,"Welland, Walla Walla County",300070,Welland,2017-12-01 15:08:09.719793
2009-06-10,17:00,79.0,,42.1,26.9,0.0,W@7.7,11.4,72.4,0.0,388,"Welland, Walla Walla County",300070,Welland,2017-12-01 15:08:09.719793
2009-06-10,17:15,79.0,,41.6,26.4,0.0,W@7.9,11.7,72.6,0.0,394,"Welland, Walla Walla County",300070,Welland,2017-12-01 15:08:09.719793
2009-06-10,17:30,78.9,,40.2,25.1,0.0,W@7.5,12.1,72.9,0.0,355,"Welland, Walla Walla County",300070,Welland,2017-12-01 15:08:09.719793
2009-06-10,17:45,78.8,,40.9,25.9,0.0,W@6.6,9.2,73.1,0.0,315,"Welland, Walla Walla County",300070,Welland,2017-12-01 15:08:09.719793
2009-06-10,18:00,78.1,,42.3,27.9,0.0,W@5.8,9.2,73.3,0.0,266,"Welland, Walla Walla County",300070,Welland,2017-12-01 15:08:09.719793
2009-06-10,18:15,77.3,,43.0,29.4,0.0,W@5.6,7.8,73.5,0.0,215,"Welland, Walla Walla County",300070,Welland,2017-12-01 15:08:09.719793
2009-06-10,18:30,76.4,,44.7,32.4,0.0,W@4.0,7.1,73.7,0.0,167,"Welland, Walla Walla County",300070,Welland,2017-12-01 15:08:09.719793
2009-06-10,18:45,75.3,,48.2,38.3,0.0,W@2.9,3.9,73.8,0.0,128,"Welland, Walla Walla County",300070,Welland,2017-12-01 15:08:09.719793
2009-06-10,19:00,73.3,,49.8,43.5,0.0,W@2.9,4.2,74.0,0.0,94,"Welland, Walla Walla County",300070,Welland,2017-12-01 15:08:09.719793
2009-06-10,19:15,71.2,,49.9,46.8,0.0,W@2.8,3.5,74.1,0.0,64,"Welland, Walla Walla County",300070,Welland,2017-12-01 15:08:09.719793
2009-06-10,19:30,69.5,,48.6,47.2,0.0,W@2.7,3.5,74.2,0.0,34,"Welland, Walla Walla County",300070,Welland,2017-12-01 15:08:09.719793
2009-06-10,19:45,68.5,,47.7,47.3,0.0,W@2.6,3.1,74.3,0.0,13,"Welland, Walla Walla County",300070,Welland,2017-12-01 15:08:09.719793
2009-06-10,20:00,68.0,,46.0,45.1,0.0,W@3.0,3.1,74.4,0.0,3,"Welland, Walla Walla County",300070,Welland,2017-12-01 15:08:09.719793
2009-06-10,20:15,68.1,,44.5,42.5,0.0,W@3.0,3.5,74.4,0.0,0,"Welland, Walla Walla County",300070,Welland,2017-12-01 15:08:09.719793
2009-06-10,20:30,67.4,,43.6,42.2,0.0,NW@2.9,3.5,74.5,0.0,0,"Welland, Walla Walla County",300070,Welland,2017-12-01 15:08:09.719793
2009-06-10,20:45,65.6,,46.3,49.7,0.0,NW@2.3,2.8,74.5,0.0,0,"Welland, Walla Walla County",300070,Welland,2017-12-01 15:08:09.719793
2009-06-10,21:00,66.1,,42.5,42.2,0.0,NW@2.8,3.1,74.5,0.0,0,"Welland, Walla Walla County",300070,Welland,2017-12-01 15:08:09.719793
2009-06-10,21:15,65.7,,42.1,42.1,0.0,NW@3.3,5.3,74.5,0.0,0,"Welland, Walla Walla County",300070,Welland,2017-12-01 15:08:09.719793
2009-06-10,21:30,60.4,,44.0,54.5,0.0,SW@2.8,4.9,74.5,0.0,0,"Welland, Walla Walla County",300070,Welland,2017-12-01 15:08:09.719793
2009-06-10,21:45,58.5,,45.8,62.5,0.0,SW@2.3,3.1,74.5,0.0,0,"Welland, Walla Walla County",300070,Welland,2017-12-01 15:08:09.719793
2009-06-10,22:00,59.6,,44.0,56.3,0.0,W@2.6,3.5,74.5,0.0,0,"Welland, Walla Walla County",300070,Welland,2017-12-01 15:08:09.719793
2009-06-10,22:15,59.6,,44.0,56.1,0.0,W@3.0,3.9,74.4,0.0,0,"Welland, Walla Walla County",300070,Welland,2017-12-01 15:08:09.719793
2009-06-10,22:30,57.7,,44.1,60.4,0.0,SW@3.2,3.9,74.4,0.0,0,"Welland, Walla Walla County",300070,Welland,2017-12-01 15:08:09.719793
2009-06-10,22:45,57.5,,44.2,61.2,0.0,SW@3.5,4.6,74.3,0.0,0,"Welland, Walla Walla County",300070,Welland,2017-12-01 15:08:09.719793
2009-06-10,23:00,60.1,,46.4,60.3,0.0,W@5.1,7.1,74.3,0.0,0,"Welland, Walla Walla County",300070,Welland,2017-12-01 15:08:09.719793
2009-06-11,23:15,61.6,,47.7,60.2,0.0,W@5.1,7.4,74.2,0.0,0,"Welland, Walla Walla County",300070,Welland,2017-12-01 15:08:09.719793
2009-06-11,23:30,60.4,,47.6,62.6,0.0,W@4.1,5.7,74.1,0.0,0,"Welland, Walla Walla County",300070,Welland,2017-12-01 15:08:09.719793
2009-06-11,23:45,59.9,,47.3,63.1,0.0,W@4.2,5.7,74.0,0.0,0,"Welland, Walla Walla County",300070,Welland,2017-12-01 15:08:09.719793
2009-06-11,24:00,60.1,,49.0,66.8,0.0,W@4.6,6.7,73.9,0.0,0,"Welland, Walla Walla County",300070,Welland,2017-12-01 15:08:09.719793
2009-06-11,00:15,59.1,,47.1,64.3,0.0,SW@5.0,7.8,73.8,0.0,0,"Welland, Walla Walla County",300070,Welland,2017-12-01 15:08:09.719793
2009-06-11,00:30,58.5,,46.8,65.1,0.0,SW@4.5,6.4,73.7,0.0,0,"Welland, Walla Walla County",300070,Welland,2017-12-01 15:08:09.719793
2009-06-11,00:45,56.4,,47.0,70.7,0.01,SW@2.9,4.2,73.6,0.0,0,"Welland, Walla Walla County",300070,Welland,2017-12-01 15:08:09.719793
2009-06-11,01:00,53.9,,46.9,77.1,0.01,S@2.6,3.9,73.5,0.0,0,"Welland, Walla Walla County",300070,Welland,2017-12-01 15:08:09.719793
2009-06-11,01:15,54.1,,46.2,74.3,0.01,SW@3.3,3.9,73.3,0.0,0,"Welland, Walla Walla County",300070,Welland,2017-12-01 15:08:09.719793
2009-06-11,01:30,53.6,,46.1,75.8,0.01,SW@3.0,5.3,73.2,0.0,0,"Welland, Walla Walla County",300070,Welland,2017-12-01 15:08:09.719793
2009-06-11,01:45,55.1,,47.2,74.7,0.01,SW@4.0,6.7,73.1,0.0,0,"Welland, Walla Walla County",300070,Welland,2017-12-01 15:08:09.719793
2009-06-11,02:00,55.3,,48.9,79.0,0.01,SW@4.0,5.7,73.0,0.0,0,"Welland, Walla Walla County",300070,Welland,2017-12-01 15:08:09.719793
2009-06-11,02:15,55.0,,50.3,83.9,0.02,SW@4.4,7.4,72.8,0.0,0,"Welland, Walla Walla County",300070,Welland,2017-12-01 15:08:09.719793
2009-06-11,02:30,53.6,,49.6,86.2,0.03,S@2.9,4.6,72.7,0.0,0,"Welland, Walla Walla County",300070,Welland,2017-12-01 15:08:09.719793
2009-06-11,02:45,53.0,,50.0,89.4,0.06,S@3.6,6.7,72.6,0.0,0,"Welland, Walla Walla County",300070,Welland,2017-12-01 15:08:09.719793
2009-06-11,03:00,52.3,,49.8,90.8,0.1,S@3.0,4.2,72.4,0.0,0,"Welland, Walla Walla County",300070,Welland,2017-12-01 15:08:09.719793
2009-06-11,03:15,52.3,,49.9,91.6,0.16,S@3.4,4.9,72.3,0.0,0,"Welland, Walla Walla County",300070,Welland,2017-12-01 15:08:09.719793
2009-06-11,03:30,51.6,,49.5,92.3,0.2,S@3.6,4.9,72.2,0.0,0,"Welland, Walla Walla County",300070,Welland,2017-12-01 15:08:09.719793
2009-06-11,03:45,51.4,,49.6,93.4,0.27,S@3.7,4.9,72.0,0.0,0,"Welland, Walla Walla County",300070,Welland,2017-12-01 15:08:09.719793
2009-06-11,04:00,51.0,,49.3,93.9,0.35,S@3.6,4.6,71.9,0.0,2,"Welland, Walla Walla County",300070,Welland,2017-12-01 15:08:09.719793
2009-06-11,04:15,50.7,,49.3,94.7,0.44,S@3.4,4.6,71.8,0.0,9,"Welland, Walla Walla County",300070,Welland,2017-12-01 15:08:09.719793
2009-06-11,04:30,51.4,,49.8,94.2,0.52,S@3.4,4.2,71.6,0.0,26,"Welland, Walla Walla County",300070,Welland,2017-12-01 15:08:09.719793
2009-06-11,04:45,52.1,,50.3,93.5,0.52,SE@3.7,5.3,71.5,0.0,36,"Welland, Walla Walla County",300070,Welland,2017-12-01 15:08:09.719793
2009-06-11,05:00,53.4,,51.1,91.9,0.44,S@3.9,5.7,71.4,0.0,55,"Welland, Walla Walla County",300070,Welland,2017-12-01 15:08:09.719793
2009-06-11,05:15,55.7,,52.4,88.6,0.09,S@4.5,6.4,71.2,0.0,122,"Welland, Walla Walla County",300070,Welland,2017-12-01 15:08:09.719793
2009-06-11,05:30,58.2,,53.2,83.5,0.01,SW@4.6,6.4,71.1,0.0,163,"Welland, Walla Walla County",300070,Welland,2017-12-01 15:08:09.719793
2009-06-11,05:45,60.0,,53.4,78.5,0.0,SW@6.2,10.7,71.0,0.0,202,"Welland, Walla Walla County",300070,Welland,2017-12-01 15:08:09.719793
2009-06-11,06:00,61.2,,52.8,73.7,0.0,SW@8.0,12.1,70.8,0.0,241,"Welland, Walla Walla County",300070,Welland,2017-12-01 15:08:09.719793
2009-06-11,06:15,62.2,,52.8,71.3,0.0,SW@7.3,11.4,70.7,0.0,282,"Welland, Walla Walla County",300070,Welland,2017-12-01 15:08:09.719793
2009-06-11,06:30,63.2,,53.0,69.3,0.0,SW@7.5,12.8,70.6,0.0,321,"Welland, Walla Walla County",300070,Welland,2017-12-01 15:08:09.719793
2009-06-11,06:45,63.5,,52.9,68.4,0.0,SW@8.7,12.8,70.5,0.0,367,"Welland, Walla Walla County",300070,Welland,2017-12-01 15:08:09.719793
2009-06-11,07:00,64.1,,53.0,67.3,0.0,SW@9.0,12.8,70.3,0.0,410,"Welland, Walla Walla County",300070,Welland,2017-12-01 15:08:09.719793
2009-06-11,07:15,64.9,,52.9,65.1,0.0,SW@9.4,12.8,70.2,0.0,453,"Welland, Walla Walla County",300070,Welland,2017-12-01 15:08:09.719793
2009-06-11,07:30,65.6,,53.0,63.8,0.0,SW@9.3,13.2,70.1,0.0,498,"Welland, Walla Walla County",300070,Welland,2017-12-01 15:08:09.719793
2009-06-11,07:45,66.5,,53.2,62.2,0.0,SW@9.0,12.4,70.0,0.0,538,"Welland, Walla Walla County",300070,Welland,2017-12-01 15:08:09.719793
2009-06-11,08:00,67.6,,53.1,59.7,0.0,SW@8.5,13.2,69.9,0.0,577,"Welland, Walla Walla County",300070,Welland,2017-12-01 15:08:09.719793
2009-06-11,08:15,68.5,,52.9,57.3,0.0,SW@7.9,11.0,69.8,0.0,615,"Welland, Walla Walla County",300070,Welland,2017-12-01 15:08:09.719793
2009-06-11,08:30,69.3,,52.5,55.0,0.0,SW@7.7,11.0,69.6,0.0,651,"Welland, Walla Walla County",300070,Welland,2017-12-01 15:08:09.719793
2009-06-11,08:45,70.0,,52.6,53.8,0.0,SW@7.8,11.7,69.6,0.0,685,"Welland, Walla Walla County",300070,Welland,2017-12-01 15:08:09.719793
2009-06-11,09:00,71.4,,52.6,51.4,0.0,SW@7.2,11.0,69.5,0.0,719,"Welland, Walla Walla County",300070,Welland,2017-12-01 15:08:09.719793
2009-06-11,09:15,71.8,,52.1,49.8,0.0,SW@7.3,11.7,69.4,0.0,750,"Welland, Walla Walla County",300070,Welland,2017-12-01 15:08:09.719793
2009-06-11,09:30,73.1,,52.2,47.8,0.0,SW@6.9,11.0,69.3,0.0,780,"Welland, Walla Walla County",300070,Welland,2017-12-01 15:08:09.719793
2009-06-11,09:45,74.0,,52.2,46.4,0.0,SW@6.5,11.0,69.3,0.0,806,"Welland, Walla Walla County",300070,Welland,2017-12-01 15:08:09.719793
2009-06-11,10:00,75.0,,52.6,45.5,0.0,SW@6.4,11.7,69.2,0.0,831,"Welland, Walla Walla County",300070,Welland,2017-12-01 15:08:09.719793
2009-06-11,10:15,75.5,,52.2,44.3,0.0,W@5.8,9.6,69.1,0.0,853,"Welland, Walla Walla County",300070,Welland,2017-12-01 15:08:09.719793
2009-06-11,10:30,75.8,,52.1,43.5,0.0,W@6.0,9.9,69.1,0.0,873,"Welland, Walla Walla County",300070,Welland,2017-12-01 15:08:09.719793
2009-06-11,10:45,76.5,,52.6,43.4,0.0,W@5.8,8.5,69.1,0.0,890,"Welland, Walla Walla County",300070,Welland,2017-12-01 15:08:09.719793
2009-06-11,11:00,76.9,,52.9,43.2,0.0,W@6.0,9.2,69.1,0.0,901,"Welland, Walla Walla County",300070,Welland,2017-12-01 15:08:09.719793
2009-06-11,11:15,77.6,,52.8,42.0,0.0,W@5.4,8.9,69.0,0.0,914,"Welland, Walla Walla County",300070,Welland,2017-12-01 15:08:09.719793
2009-06-11,11:30,78.0,,52.4,41.0,0.0,NW@5.8,9.2,69.0,0.0,922,"Welland, Walla Walla County",300070,Welland,2017-12-01 15:08:09.719793
2009-06-11,11:45,78.3,,52.3,40.4,0.0,NW@5.4,8.5,69.0,0.0,928,"Welland, Walla Walla County",300070,Welland,2017-12-01 15:08:09.719793
2009-06-11,12:00,79.1,,53.3,40.7,0.0,NW@4.7,9.2,69.0,0.0,933,"Welland, Walla Walla County",300070,Welland,2017-12-01 15:08:09.719793
2009-06-11,12:15,79.6,,52.0,38.3,0.0,NW@5.2,8.5,69.1,0.0,931,"Welland, Walla Walla County",300070,Welland,2017-12-01 15:08:09.719793
2009-06-11,12:30,80.7,,52.3,37.3,0.0,NW@4.9,8.5,69.1,0.0,930,"Welland, Walla Walla County",300070,Welland,2017-12-01 15:08:09.719793
2009-06-11,12:45,80.8,,51.1,35.5,0.0,NW@5.2,9.6,69.2,0.0,925,"Welland, Walla Walla County",300070,Welland,2017-12-01 15:08:09.719793
2009-06-11,13:00,81.5,,49.4,32.6,0.0,W@4.3,8.2,69.2,0.0,911,"Welland, Walla Walla County",300070,Welland,2017-12-01 15:08:09.719793
2009-06-11,13:15,81.2,,49.2,32.8,0.0,NW@3.8,8.2,69.3,0.0,903,"Welland, Walla Walla County",300070,Welland,2017-12-01 15:08:09.719793
2009-06-11,13:30,82.9,,47.9,29.5,0.0,NW@3.8,7.1,69.5,0.0,886,"Welland, Walla Walla County",300070,Welland,2017-12-01 15:08:09.719793
2009-06-11,13:45,83.7,,47.3,28.1,0.0,NE@3.5,6.0,69.6,0.0,865,"Welland, Walla Walla County",300070,Welland,2017-12-01 15:08:09.719793
2009-06-11,14:00,83.2,,45.1,26.3,0.0,E@4.2,7.1,69.8,0.0,843,"Welland, Walla Walla County",300070,Welland,2017-12-01 15:08:09.719793
2009-06-11,14:15,82.8,,44.3,25.8,0.0,N@3.4,7.8,69.9,0.0,818,"Welland, Walla Walla County",300070,Welland,2017-12-01 15:08:09.719793
2009-06-11,14:30,84.1,,44.8,25.3,0.0,NW@3.3,6.4,70.1,0.0,805,"Welland, Walla Walla County",300070,Welland,2017-12-01 15:08:09.719793
2009-06-11,14:45,84.3,,43.8,24.1,0.0,NE@3.5,7.1,70.4,0.0,775,"Welland, Walla Walla County",300070,Welland,2017-12-01 15:08:09.719793
2009-06-11,15:00,84.7,,45.4,25.4,0.0,NW@4.9,9.2,70.6,0.0,748,"Welland, Walla Walla County",300070,Welland,2017-12-01 15:08:09.719793
2009-06-11,15:15,84.0,,45.0,25.5,0.0,NW@5.0,9.2,70.8,0.0,721,"Welland, Walla Walla County",300070,Welland,2017-12-01 15:08:09.719793
2009-06-11,15:30,84.1,,45.1,25.5,0.0,NW@5.0,8.9,71.0,0.0,692,"Welland, Walla Walla County",300070,Welland,2017-12-01 15:08:09.719793
2009-06-11,15:45,84.6,,44.7,24.8,0.0,N@4.4,9.9,71.3,0.0,666,"Welland, Walla Walla County",300070,Welland,2017-12-01 15:08:09.719793
2009-06-11,16:00,84.8,,45.3,25.1,0.0,N@5.1,9.2,71.5,0.0,633,"Welland, Walla Walla County",300070,Welland,2017-12-01 15:08:09.719793
2009-06-11,16:15,84.5,,46.7,26.8,0.0,NW@5.7,9.2,71.8,0.0,613,"Welland, Walla Walla County",300070,Welland,2017-12-01 15:08:09.719793
2009-06-11,16:30,84.7,,45.7,25.6,0.0,NW@5.0,8.5,72.1,0.0,586,"Welland, Walla Walla County",300070,Welland,2017-12-01 15:08:09.719793
2009-06-11,16:45,84.8,,44.9,24.8,0.0,NW@5.4,9.6,72.3,0.0,552,"Welland, Walla Walla County",300070,Welland,2017-12-01 15:08:09.719793
2009-06-11,17:00,84.5,,46.1,26.2,0.0,NW@5.5,8.2,72.6,0.0,472,"Welland, Walla Walla County",300070,Welland,2017-12-01 15:08:09.719793
2009-06-11,17:15,83.1,,44.9,26.1,0.0,W@6.4,10.3,72.8,0.0,389,"Welland, Walla Walla County",300070,Welland,2017-12-01 15:08:09.719793
2009-06-11,17:30,82.4,,46.8,28.8,0.0,W@6.9,10.3,73.1,0.0,330,"Welland, Walla Walla County",300070,Welland,2017-12-01 15:08:09.719793
2009-06-11,17:45,81.9,,45.5,27.9,0.0,W@6.5,9.9,73.3,0.0,290,"Welland, Walla Walla County",300070,Welland,2017-12-01 15:08:09.719793
2009-06-11,18:00,81.4,,44.9,27.7,0.0,W@6.0,9.6,73.5,0.0,253,"Welland, Walla Walla County",300070,Welland,2017-12-01 15:08:09.719793
2009-06-11,18:15,80.4,,45.3,29.1,0.0,W@5.8,8.9,73.7,0.0,216,"Welland, Walla Walla County",300070,Welland,2017-12-01 15:08:09.719793
2009-06-11,18:30,79.5,,45.5,30.2,0.0,W@4.9,7.1,73.9,0.0,168,"Welland, Walla Walla County",300070,Welland,2017-12-01 15:08:09.719793
2009-06-11,18:45,78.0,,46.0,32.2,0.0,W@4.0,6.7,74.1,0.0,117,"Welland, Walla Walla County",300070,Welland,2017-12-01 15:08:09.719793
2009-06-11,19:00,75.4,,47.1,36.6,0.0,W@3.1,4.9,74.3,0.0,76,"Welland, Walla Walla County",300070,Welland,2017-12-01 15:08:09.719793
2009-06-11,19:15,73.7,,46.4,37.7,0.0,W@3.4,4.6,74.5,0.0,47,"Welland, Walla Walla County",300070,Welland,2017-12-01 15:08:09.719793
2009-06-11,19:30,70.3,,51.4,51.0,0.0,NW@3.0,3.9,74.6,0.0,24,"Welland, Walla Walla County",300070,Welland,2017-12-01 15:08:09.719793
2009-06-11,19:45,70.5,,48.6,45.8,0.0,W@3.3,4.9,74.8,0.0,11,"Welland, Walla Walla County",300070,Welland,2017-12-01 15:08:09.719793
2009-06-11,20:00,68.4,,47.1,46.5,0.0,SW@2.2,3.5,74.9,0.0,3,"Welland, Walla Walla County",300070,Welland,2017-12-01 15:08:09.719793
2009-06-11,20:15,67.9,,47.4,47.9,0.0,W@2.2,3.1,75.0,0.0,0,"Welland, Walla Walla County",300070,Welland,2017-12-01 15:08:09.719793
2009-06-11,20:30,68.1,,46.4,45.8,0.0,S@3.0,3.5,75.0,0.0,0,"Welland, Walla Walla County",300070,Welland,2017-12-01 15:08:09.719793
2009-06-11,20:45,67.5,,45.8,45.6,0.0,S@3.0,4.2,75.1,0.0,0,"Welland, Walla Walla County",300070,Welland,2017-12-01 15:08:09.719793
2009-06-11,21:00,67.0,,45.9,46.6,0.0,S@2.5,4.2,75.2,0.0,0,"Welland, Walla Walla County",300070,Welland,2017-12-01 15:08:09.719793
2009-06-11,21:15,62.1,,50.8,66.3,0.0,E@3.4,4.6,75.2,0.0,0,"Welland, Walla Walla County",300070,Welland,2017-12-01 15:08:09.719793
2009-06-11,21:30,65.2,,48.1,53.7,0.0,SE@2.7,4.2,75.2,0.0,0,"Welland, Walla Walla County",300070,Welland,2017-12-01 15:08:09.719793
2009-06-11,21:45,66.7,,47.7,50.3,0.0,S@2.9,6.0,75.2,0.0,0,"Welland, Walla Walla County",300070,Welland,2017-12-01 15:08:09.719793
2009-06-11,22:00,65.5,,47.7,52.5,0.0,SW@3.8,5.7,75.2,0.0,0,"Welland, Walla Walla County",300070,Welland,2017-12-01 15:08:09.719793
2009-06-11,22:15,64.8,,50.9,60.6,0.0,SW@5.3,9.6,75.2,0.0,0,"Welland, Walla Walla County",300070,Welland,2017-12-01 15:08:09.719793
2009-06-11,22:30,65.2,,53.1,64.9,0.0,S@6.2,9.6,75.2,0.0,0,"Welland, Walla Walla County",300070,Welland,2017-12-01 15:08:09.719793
2009-06-11,22:45,64.4,,51.6,63.1,0.0,SW@4.6,8.2,75.1,0.0,0,"Welland, Walla Walla County",300070,Welland,2017-12-01 15:08:09.719793
2009-06-11,23:00,63.4,,52.4,67.1,0.0,S@4.9,8.9,75.1,0.0,0,"Welland, Walla Walla County",300070,Welland,2017-12-01 15:08:09.719793
2009-06-12,23:15,64.1,,52.9,67.0,0.0,SW@8.3,12.1,75.0,0.0,0,"Welland, Walla Walla County",300070,Welland,2017-12-01 15:08:09.719793
2009-06-12,23:30,64.5,,52.4,64.6,0.0,SW@9.1,12.8,75.0,0.0,0,"Welland, Walla Walla County",300070,Welland,2017-12-01 15:08:09.719793
2009-06-12,23:45,64.7,,52.1,63.6,0.0,SW@9.1,15.0,74.9,0.0,0,"Welland, Walla Walla County",300070,Welland,2017-12-01 15:08:09.719793
2009-06-12,24:00,65.5,,51.7,60.8,0.0,SW@10.2,14.6,74.8,0.0,0,"Welland, Walla Walla County",300070,Welland,2017-12-01 15:08:09.719793
2009-06-12,00:15,65.8,,51.3,59.6,0.0,SW@11.0,17.1,74.7,0.0,0,"Welland, Walla Walla County",300070,Welland,2017-12-01 15:08:09.719793
2009-06-12,00:30,65.6,,51.0,59.1,0.0,SW@11.4,16.7,74.6,0.0,0,"Welland, Walla Walla County",300070,Welland,2017-12-01 15:08:09.719793
2009-06-12,00:45,65.3,,51.1,60.0,0.0,SW@10.0,15.0,74.6,0.0,0,"Welland, Walla Walla County",300070,Welland,2017-12-01 15:08:09.719793
2009-06-12,01:00,65.0,,51.0,60.5,0.0,SW@9.9,13.9,74.5,0.0,0,"Welland, Walla Walla County",300070,Welland,2017-12-01 15:08:09.719793
2009-06-12,01:15,64.6,,51.0,61.1,0.0,SW@9.4,15.0,74.4,0.0,0,"Welland, Walla Walla County",300070,Welland,2017-12-01 15:08:09.719793
2009-06-12,01:30,64.2,,51.0,61.9,0.0,SW@9.7,14.6,74.3,0.0,0,"Welland, Walla Walla County",300070,Welland,2017-12-01 15:08:09.719793
2009-06-12,01:45,64.1,,51.2,62.7,0.0,SW@10.0,14.2,74.2,0.0,0,"Welland, Walla Walla County",300070,Welland,2017-12-01 15:08:09.719793
2009-06-12,02:00,63.9,,51.6,64.2,0.0,SW@9.2,13.9,74.1,0.0,0,"Welland, Walla Walla County",300070,Welland,2017-12-01 15:08:09.719793
2009-06-12,02:15,63.5,,51.9,65.9,0.0,SW@7.8,12.1,74.0,0.0,0,"Welland, Walla Walla County",300070,Welland,2017-12-01 15:08:09.719793
2009-06-12,02:30,63.0,,52.2,67.9,0.0,SW@6.5,10.3,73.9,0.0,0,"Welland, Walla Walla County",300070,Welland,2017-12-01 15:08:09.719793
2009-06-12,02:45,62.5,,51.9,68.3,0.0,SW@7.1,10.7,73.8,0.0,0,"Welland, Walla Walla County",300070,Welland,2017-12-01 15:08:09.719793
2009-06-12,03:00,61.9,,51.9,69.5,0.0,SW@7.7,11.7,73.7,0.0,0,"Welland, Walla Walla County",300070,Welland,2017-12-01 15:08:09.719793
2009-06-12,03:15,61.8,,52.0,70.2,0.0,SW@7.6,10.3,73.6,0.0,0,"Welland, Walla Walla County",300070,Welland,2017-12-01 15:08:09.719793
2009-06-12,03:30,61.9,,52.4,70.8,0.0,SW@7.4,11.7,73.5,0.0,0,"Welland, Walla Walla County",300070,Welland,2017-12-01 15:08:09.719793
2009-06-12,03:45,62.4,,52.3,69.4,0.0,SW@8.6,13.9,73.3,0.0,0,"Welland, Walla Walla County",300070,Welland,2017-12-01 15:08:09.719793
2009-06-12,04:00,62.8,,52.1,68.0,0.0,SW@9.6,15.0,73.2,0.0,1,"Welland, Walla Walla County",300070,Welland,2017-12-01 15:08:09.719793
2009-06-12,04:15,62.9,,52.2,68.0,0.0,SW@8.5,13.2,73.1,0.0,13,"Welland, Walla Walla County",300070,Welland,2017-12-01 15:08:09.719793
2009-06-12,04:30,63.0,,52.3,67.9,0.0,SW@7.9,11.0,73.0,0.0,36,"Welland, Walla Walla County",300070,Welland,2017-12-01 15:08:09.719793
2009-06-12,04:45,62.9,,52.6,68.9,0.0,SW@8.0,12.1,72.9,0.0,70,"Welland, Walla Walla County",300070,Welland,2017-12-01 15:08:09.719793
2009-06-12,05:00,63.0,,52.9,69.6,0.0,S@8.7,13.2,72.8,0.0,103,"Welland, Walla Walla County",300070,Welland,2017-12-01 15:08:09.719793
2009-06-12,05:15,63.5,,52.9,68.3,0.0,S@7.6,12.1,72.7,0.0,138,"Welland, Walla Walla County",300070,Welland,2017-12-01 15:08:09.719793
2009-06-12,05:30,64.6,,52.9,65.8,0.0,SW@8.4,11.4,72.6,0.0,194,"Welland, Walla Walla County",300070,Welland,2017-12-01 15:08:09.719793
2009-06-12,05:45,65.0,,52.9,64.8,0.0,SW@8.0,12.4,72.5,0.0,172,"Welland, Walla Walla County",300070,Welland,2017-12-01 15:08:09.719793
2009-06-12,06:00,64.2,,53.1,67.0,0.0,SW@8.0,13.2,72.4,0.0,134,"Welland, Walla Walla County",300070,Welland,2017-12-01 15:08:09.719793
2009-06-12,06:15,66.2,,53.0,62.4,0.0,SW@8.5,12.8,72.3,0.0,359,"Welland, Walla Walla County",300070,Welland,2017-12-01 15:08:09.719793
2009-06-12,06:30,66.5,,52.9,61.5,0.0,SW@9.6,16.4,72.2,0.0,343,"Welland, Walla Walla County",300070,Welland,2017-12-01 15:08:09.719793
2009-06-12,06:45,65.8,,52.7,62.5,0.0,SW@10.6,16.0,72.1,0.0,260,"Welland, Walla Walla County",300070,Welland,2017-12-01 15:08:09.719793
2009-06-12,07:00,65.7,,52.7,62.7,0.0,SW@8.4,12.1,72.0,0.0,198,"Welland, Walla Walla County",300070,Welland,2017-12-01 15:08:09.719793
2009-06-12,07:15,65.8,,52.9,63.1,0.0,SW@8.3,12.4,71.9,0.0,320,"Welland, Walla Walla County",300070,Welland,2017-12-01 15:08:09.719793
2009-06-12,07:30,69.1,,53.0,56.4,0.0,SW@9.0,15.0,71.8,0.0,602,"Welland, Walla Walla County",300070,Welland,2017-12-01 15:08:09.719793
2009-06-12,07:45,69.6,,52.9,55.3,0.0,SW@9.0,13.2,71.7,0.0,565,"Welland, Walla Walla County",300070,Welland,2017-12-01 15:08:09.719793
2009-06-12,08:00,69.1,,52.6,55.6,0.0,SW@10.4,15.7,71.7,0.0,576,"Welland, Walla Walla County",300070,Welland,2017-12-01 15:08:09.719793
2009-06-12,08:15,70.2,,52.9,54.0,0.0,SW@9.2,13.9,71.6,0.0,609,"Welland, Walla Walla County",300070,Welland,2017-12-01 15:08:09.719793
2009-06-12,08:30,71.1,,52.9,52.6,0.0,SW@9.2,14.6,71.5,0.0,659,"Welland, Walla Walla County",300070,Welland,2017-12-01 15:08:09.719793
2009-06-12,08:45,71.1,,52.8,52.3,0.0,SW@9.2,14.6,71.4,0.0,534,"Welland, Walla Walla County",300070,Welland,2017-12-01 15:08:09.719793
2009-06-12,09:00,71.5,,53.4,52.8,0.0,SW@8.9,13.2,71.4,0.0,661,"Welland, Walla Walla County",300070,Welland,2017-12-01 15:08:09.719793
2009-06-12,09:15,72.6,,53.5,51.2,0.0,SW@8.3,14.6,71.3,0.0,729,"Welland, Walla Walla County",300070,Welland,2017-12-01 15:08:09.719793
2009-06-12,09:30,73.0,,53.3,50.0,0.0,SW@9.1,15.3,71.2,0.0,789,"Welland, Walla Walla County",300070,Welland,2017-12-01 15:08:09.719793
2009-06-12,09:45,74.2,,53.7,48.7,0.0,SW@8.1,12.1,71.2,0.0,796,"Welland, Walla Walla County",300070,Welland,2017-12-01 15:08:09.719793
2009-06-12,10:00,74.9,,53.8,47.7,0.0,SW@8.1,13.5,71.1,0.0,713,"Welland, Walla Walla County",300070,Welland,2017-12-01 15:08:09.719793
2009-06-12,10:15,75.3,,53.7,47.0,0.0,SW@8.3,13.2,71.1,0.0,842,"Welland, Walla Walla County",300070,Welland,2017-12-01 15:08:09.719793
2009-06-12,10:30,76.3,,53.2,44.6,0.0,SW@7.9,11.7,71.1,0.0,909,"Welland, Walla Walla County",300070,Welland,2017-12-01 15:08:09.719793
2009-06-12,10:45,76.7,,53.1,44.0,0.0,SW@7.9,11.4,71.0,0.0,862,"Welland, Walla Walla County",300070,Welland,2017-12-01 15:08:09.719793
2009-06-12,11:00,77.1,,53.6,44.0,0.0,SW@8.0,12.4,71.0,0.0,925,"Welland, Walla Walla County",300070,Welland,2017-12-01 15:08:09.719793
2009-06-12,11:15,77.9,,52.3,40.8,0.0,SW@7.2,11.7,71.0,0.0,921,"Welland, Walla Walla County",300070,Welland,2017-12-01 15:08:09.719793
2009-06-12,11:30,78.7,,52.3,39.9,0.0,W@6.9,12.1,71.0,0.0,923,"Welland, Walla Walla County",300070,Welland,2017-12-01 15:08:09.719793
2009-06-12,11:45,78.9,,52.2,39.5,0.0,SW@7.8,12.4,71.0,0.0,924,"Welland, Walla Walla County",300070,Welland,2017-12-01 15:08:09.719793
2009-06-12,12:00,79.6,,52.1,38.4,0.0,SW@7.5,11.7,71.0,0.0,926,"Welland, Walla Walla County",300070,Welland,2017-12-01 15:08:09.719793
2009-06-12,12:15,80.6,,51.8,36.8,0.0,W@6.7,12.1,71.0,0.0,924,"Welland, Walla Walla County",300070,Welland,2017-12-01 15:08:09.719793
2009-06-12,12:30,81.1,,51.7,36.0,0.0,W@6.8,11.7,71.1,0.0,923,"Welland, Walla Walla County",300070,Welland,2017-12-01 15:08:09.719793
2009-06-12,12:45,80.9,,52.1,36.8,0.0,W@6.5,12.1,71.1,0.0,923,"Welland, Walla Walla County",300070,Welland,2017-12-01 15:08:09.719793
2009-06-12,13:00,82.1,,51.6,34.8,0.0,SW@6.3,11.7,71.2,0.0,911,"Welland, Walla Walla County",300070,Welland,2017-12-01 15:08:09.719793
2009-06-12,13:15,82.5,,51.8,34.6,0.0,W@5.4,9.9,71.3,0.0,909,"Welland, Walla Walla County",300070,Welland,2017-12-01 15:08:09.719793
2009-06-12,13:30,83.0,,51.7,33.9,0.0,W@5.5,11.4,71.4,0.0,940,"Welland, Walla Walla County",300070,Welland,2017-12-01 15:08:09.719793
2009-06-12,13:45,82.3,,51.2,34.0,0.0,NW@4.7,9.2,71.5,0.0,849,"Welland, Walla Walla County",300070,Welland,2017-12-01 15:08:09.719793
2009-06-12,14:00,81.2,,51.0,35.0,0.0,N@3.6,7.8,71.6,0.0,474,"Welland, Walla Walla County",300070,Welland,2017-12-01 15:08:09.719793
2009-06-12,14:15,81.0,,50.3,34.2,0.0,W@3.9,7.4,71.8,0.0,416,"Welland, Walla Walla County",300070,Welland,2017-12-01 15:08:09.719793
2009-06-12,14:30,79.2,,51.6,38.3,0.0,NW@4.0,14.6,71.9,0.0,192,"Welland, Walla Walla County",300070,Welland,2017-12-01 15:08:09.719793
2009-06-12,14:45,74.4,,56.4,53.3,0.0,SE@9.7,15.3,72.1,0.0,227,"Welland, Walla Walla County",300070,Welland,2017-12-01 15:08:09.719793
2009-06-12,15:00,72.9,,56.5,56.4,0.0,SE@8.5,14.2,72.3,0.0,233,"Welland, Walla Walla County",300070,Welland,2017-12-01 15:08:09.719793
2009-06-12,15:15,74.0,,54.8,51.1,0.0,S@7.7,15.7,72.5,0.0,241,"Welland, Walla Walla County",300070,Welland,2017-12-01 15:08:09.719793
2009-06-12,15:30,74.8,,54.5,49.1,0.0,S@6.0,9.2,72.6,0.0,183,"Welland, Walla Walla County",300070,Welland,2017-12-01 15:08:09.719793
2009-06-12,15:45,73.2,,55.7,54.3,0.0,SE@7.3,11.7,72.8,0.0,154,"Welland, Walla Walla County",300070,Welland,2017-12-01 15:08:09.719793
2009-06-12,16:00,71.5,,56.3,58.6,0.0,SE@7.5,11.4,73.1,0.0,156,"Welland, Walla Walla County",300070,Welland,2017-12-01 15:08:09.719793
2009-06-12,16:15,72.8,,54.6,52.7,0.0,S@6.0,8.9,73.2,0.0,198,"Welland, Walla Walla County",300070,Welland,2017-12-01 15:08:09.719793
2009-06-12,16:30,73.9,,53.4,48.6,0.0,S@6.5,8.9,73.4,0.0,219,"Welland, Walla Walla County",300070,Welland,2017-12-01 15:08:09.719793
2009-06-12,16:45,74.7,,54.3,49.0,0.0,S@5.2,7.4,73.6,0.0,250,"Welland, Walla Walla County",300070,Welland,2017-12-01 15:08:09.719793
2009-06-12,17:00,76.6,,54.4,46.1,0.0,SE@4.7,7.1,73.8,0.0,375,"Welland, Walla Walla County",300070,Welland,2017-12-01 15:08:09.719793
2009-06-12,17:15,76.7,,54.5,46.2,0.0,SE@4.0,7.1,73.9,0.0,255,"Welland, Walla Walla County",300070,Welland,2017-12-01 15:08:09.719793
2009-06-12,17:30,75.9,,55.5,49.3,0.0,SE@3.4,5.3,74.0,0.0,197,"Welland, Walla Walla County",300070,Welland,2017-12-01 15:08:09.719793
2009-06-12,17:45,76.3,,55.3,48.2,0.0,SE@2.6,3.9,74.2,0.0,191,"Welland, Walla Walla County",300070,Welland,2017-12-01 15:08:09.719793
2009-06-12,18:00,76.1,,56.5,50.7,0.0,SE@2.2,3.9,74.3,0.0,142,"Welland, Walla Walla County",300070,Welland,2017-12-01 15:08:09.719793
2009-06-12,18:15,75.2,,57.0,53.2,0.0,E@1.8,2.8,74.4,0.0,104,"Welland, Walla Walla County",300070,Welland,2017-12-01 15:08:09.719793
2009-06-12,18:30,74.6,,56.9,54.1,0.0,SE@0.9,3.5,74.5,0.0,70,"Welland, Walla Walla County",300070,Welland,2017-12-01 15:08:09.719793
2009-06-12,18:45,71.5,,58.1,62.6,0.0,SE@3.0,4.2,74.5,0.0,52,"Welland, Walla Walla County",300070,Welland,2017-12-01 15:08:09.719793
2009-06-12,19:00,70.2,,58.0,65.2,0.01,SE@1.9,3.1,74.6,0.0,73,"Welland, Walla Walla County",300070,Welland,2017-12-01 15:08:09.719793
2009-06-12,19:15,70.7,,57.1,62.1,0.01,SE@1.5,2.1,74.6,0.0,41,"Welland, Walla Walla County",300070,Welland,2017-12-01 15:08:09.719793
2009-06-12,19:30,68.8,,58.6,70.0,0.01,E@2.3,2.8,74.7,0.0,23,"Welland, Walla Walla County",300070,Welland,2017-12-01 15:08:09.719793
2009-06-12,19:45,67.5,,58.1,71.7,0.01,SE@2.1,2.8,74.7,0.0,10,"Welland, Walla Walla County",300070,Welland,2017-12-01 15:08:09.719793
2009-06-12,20:00,67.6,,58.2,71.8,0.02,E@1.7,2.4,74.7,0.0,2,"Welland, Walla Walla County",300070,Welland,2017-12-01 15:08:09.719793
2009-06-12,20:15,65.6,,58.2,76.9,0.02,E@2.0,2.8,74.8,0.0,0,"Welland, Walla Walla County",300070,Welland,2017-12-01 15:08:09.719793
2009-06-12,20:30,66.1,,58.0,75.1,0.03,E@0.7,2.4,74.8,0.0,0,"Welland, Walla Walla County",300070,Welland,2017-12-01 15:08:09.719793
2009-06-12,20:45,66.0,,57.2,73.2,0.02,W@0.3,1.7,74.8,0.0,0,"Welland, Walla Walla County",300070,Welland,2017-12-01 15:08:09.719793
2009-06-12,21:00,66.8,,56.4,69.1,0.01,SE@1.2,2.4,74.8,0.0,0,"Welland, Walla Walla County",300070,Welland,2017-12-01 15:08:09.719793
2009-06-12,21:15,64.3,,56.6,76.1,0.02,E@1.9,2.4,74.8,0.0,0,"Welland, Walla Walla County",300070,Welland,2017-12-01 15:08:09.719793
2009-06-12,21:30,65.9,,55.5,68.9,0.01,SE@0.7,2.4,74.7,0.0,0,"Welland, Walla Walla County",300070,Welland,2017-12-01 15:08:09.719793
2009-06-12,21:45,65.8,,55.8,69.9,0.02,S@0.7,2.4,74.7,0.0,0,"Welland, Walla Walla County",300070,Welland,2017-12-01 15:08:09.719793
2009-06-12,22:00,61.5,,56.2,82.7,0.04,E@2.5,3.5,74.7,0.0,0,"Welland, Walla Walla County",300070,Welland,2017-12-01 15:08:09.719793
2009-06-12,22:15,59.2,,56.0,89.1,0.09,SE@2.6,3.9,74.6,0.0,0,"Welland, Walla Walla County",300070,Welland,2017-12-01 15:08:09.719793
2009-06-12,22:30,59.7,,55.6,86.2,0.05,SE@2.9,3.5,74.6,0.0,0,"Welland, Walla Walla County",300070,Welland,2017-12-01 15:08:09.719793
2009-06-12,22:45,60.3,,54.8,81.7,0.03,S@2.8,3.1,74.5,0.0,0,"Welland, Walla Walla County",300070,Welland,2017-12-01 15:08:09.719793
2009-06-12,23:00,60.9,,54.2,78.8,0.02,SW@2.0,3.1,74.5,0.0,0,"Welland, Walla Walla County",300070,Welland,2017-12-01 15:08:09.719793
2009-06-13,23:15,56.3,,53.6,90.5,0.07,E@2.9,3.9,74.4,0.0,0,"Welland, Walla Walla County",300070,Welland,2017-12-01 15:08:09.719793
2009-06-13,23:30,56.2,,53.8,91.6,0.09,E@3.0,4.2,74.3,0.0,0,"Welland, Walla Walla County",300070,Welland,2017-12-01 15:08:09.719793
2009-06-13,23:45,56.2,,53.3,89.9,0.09,E@3.0,3.9,74.3,0.0,0,"Welland, Walla Walla County",300070,Welland,2017-12-01 15:08:09.719793
2009-06-13,24:00,56.0,,52.8,88.9,0.05,E@3.5,4.6,74.2,0.0,0,"Welland, Walla Walla County",300070,Welland,2017-12-01 15:08:09.719793
2009-06-13,00:15,55.3,,52.7,91.0,0.07,E@2.8,4.2,74.1,0.0,0,"Welland, Walla Walla County",300070,Welland,2017-12-01 15:08:09.719793
2009-06-13,00:30,55.7,,52.8,90.0,0.08,SE@2.5,3.5,74.0,0.0,0,"Welland, Walla Walla County",300070,Welland,2017-12-01 15:08:09.719793
2009-06-13,00:45,55.7,,52.5,89.0,0.07,SE@3.0,3.5,73.9,0.0,0,"Welland, Walla Walla County",300070,Welland,2017-12-01 15:08:09.719793
2009-06-13,01:00,56.0,,52.4,87.8,0.06,SE@2.4,3.9,73.8,0.0,0,"Welland, Walla Walla County",300070,Welland,2017-12-01 15:08:09.719793
2009-06-13,01:15,55.2,,52.2,89.3,0.08,NE@1.7,2.8,73.7,0.0,0,"Welland, Walla Walla County",300070,Welland,2017-12-01 15:08:09.719793
2009-06-13,01:30,55.6,,52.6,89.5,0.11,E@1.9,2.8,73.6,0.0,0,"Welland, Walla Walla County",300070,Welland,2017-12-01 15:08:09.719793
2009-06-13,01:45,56.2,,52.7,88.0,0.12,E@1.7,2.8,73.5,0.0,0,"Welland, Walla Walla County",300070,Welland,2017-12-01 15:08:09.719793
2009-06-13,02:00,54.9,,51.8,89.2,0.11,E@2.5,3.5,73.4,0.0,0,"Welland, Walla Walla County",300070,Welland,2017-12-01 15:08:09.719793
2009-06-13,02:15,53.4,,51.6,93.6,0.22,E@2.4,3.1,73.3,0.0,0,"Welland, Walla Walla County",300070,Welland,2017-12-01 15:08:09.719793
2009-06-13,02:30,55.1,,52.6,91.0,0.27,SE@2.8,3.9,73.2,0.0,0,"Welland, Walla Walla County",300070,Welland,2017-12-01 15:08:09.719793
2009-06-13,02:45,55.5,,52.5,89.5,0.16,SE@3.0,4.2,73.1,0.0,0,"Welland, Walla Walla County",300070,Welland,2017-12-01 15:08:09.719793
2009-06-13,03:00,54.7,,52.1,90.9,0.1,SE@3.4,4.2,72.9,0.0,0,"Welland, Walla Walla County",300070,Welland,2017-12-01 15:08:09.719793
2009-06-13,03:15,53.4,,51.7,93.9,0.2,SE@3.2,4.2,72.8,0.0,0,"Welland, Walla Walla County",300070,Welland,2017-12-01 15:08:09.719793
2009-06-13,03:30,53.2,,51.3,93.2,0.27,SE@2.9,3.9,72.7,0.0,0,"Welland, Walla Walla County",300070,Welland,2017-12-01 15:08:09.719793
2009-06-13,03:45,52.5,,50.9,94.3,0.36,SE@2.8,4.2,72.6,0.0,0,"Welland, Walla Walla County",300070,Welland,2017-12-01 15:08:09.719793
2009-06-13,04:00,52.3,,51.0,95.1,0.44,SE@3.0,4.2,72.5,0.0,2,"Welland, Walla Walla County",300070,Welland,2017-12-01 15:08:09.719793
2009-06-13,04:15,52.3,,50.8,94.5,0.5,SE@3.1,3.9,72.3,0.0,8,"Welland, Walla Walla County",300070,Welland,2017-12-01 15:08:09.719793
2009-06-13,04:30,52.0,,50.7,95.5,0.54,SE@3.1,4.9,72.2,0.0,13,"Welland, Walla Walla County",300070,Welland,2017-12-01 15:08:09.719793
2009-06-13,04:45,52.8,,51.5,95.3,0.55,SE@3.9,5.3,72.1,0.0,20,"Welland, Walla Walla County",300070,Welland,2017-12-01 15:08:09.719793
2009-06-13,05:00,53.0,,51.6,95.1,0.51,SE@2.9,3.9,72.0,0.0,37,"Welland, Walla Walla County",300070,Welland,2017-12-01 15:08:09.719793
2009-06-13,05:15,53.9,,52.4,94.7,0.4,SE@3.4,4.9,71.9,0.0,50,"Welland, Walla Walla County",300070,Welland,2017-12-01 15:08:09.719793
2009-06-13,05:30,54.4,,52.9,94.3,0.17,SE@3.9,5.7,71.7,0.0,77,"Welland, Walla Walla County",300070,Welland,2017-12-01 15:08:09.719793
2009-06-13,05:45,55.7,,53.6,92.8,0.05,SE@2.7,4.9,71.6,0.0,80,"Welland, Walla Walla County",300070,Welland,2017-12-01 15:08:09.719793
2009-06-13,06:00,56.7,,54.4,92.0,0.03,SE@4.6,6.4,71.5,0.0,100,"Welland, Walla Walla County",300070,Welland,2017-12-01 15:08:09.719793
2009-06-13,06:15,57.6,,55.2,91.5,0.02,SE@4.6,7.1,71.4,0.0,134,"Welland, Walla Walla County",300070,Welland,2017-12-01 15:08:09.719793
2009-06-13,06:30,59.7,,56.4,88.8,0.01,SE@4.0,6.0,71.2,0.0,178,"Welland, Walla Walla County",300070,Welland,2017-12-01 15:08:09.719793
2009-06-13,06:45,61.8,,57.3,85.1,0.01,SE@4.2,6.4,71.1,0.0,239,"Welland, Walla Walla County",300070,Welland,2017-12-01 15:08:09.719793
2009-06-13,07:00,64.4,,57.0,76.7,0.0,S@4.3,6.4,71.0,0.0,294,"Welland, Walla Walla County",300070,Welland,2017-12-01 15:08:09.719793
2009-06-13,07:15,66.6,,56.2,69.1,0.0,SW@7.1,10.7,70.9,0.0,371,"Welland, Walla Walla County",300070,Welland,2017-12-01 15:08:09.719793
2009-06-13,07:30,67.6,,55.7,65.7,0.0,SW@8.8,12.8,70.8,0.0,470,"Welland, Walla Walla County",300070,Welland,2017-12-01 15:08:09.719793
2009-06-13,07:45,68.2,,55.6,64.0,0.0,SW@8.3,11.7,70.7,0.0,512,"Welland, Walla Walla County",300070,Welland,2017-12-01 15:08:09.719793
2009-06-13,08:00,68.8,,55.8,63.3,0.0,SW@8.4,12.1,70.6,0.0,529,"Welland, Walla Walla County",300070,Welland,2017-12-01 15:08:09.719793
2009-06-13,08:15,69.3,,55.7,61.8,0.0,SW@8.3,11.0,70.5,0.0,498,"Welland, Walla Walla County",300070,Welland,2017-12-01 15:08:09.719793
2009-06-13,08:30,69.3,,55.9,62.5,0.0,SW@8.4,12.8,70.4,0.0,455,"Welland, Walla Walla County",300070,Welland,2017-12-01 15:08:09.719793
2009-06-13,08:45,70.4,,55.7,59.7,0.0,SW@7.8,12.8,70.3,0.0,605,"Welland, Walla Walla County",300070,Welland,2017-12-01 15:08:09.719793
2009-06-13,09:00,71.5,,55.8,57.6,0.0,SW@6.0,8.9,70.2,0.0,543,"Welland, Walla Walla County",300070,Welland,2017-12-01 15:08:09.719793
2009-06-13,09:15,73.1,,55.9,54.8,0.0,SW@5.9,9.6,70.2,0.0,706,"Welland, Walla Walla County",300070,Welland,2017-12-01 15:08:09.719793
2009-06-13,09:30,74.6,,55.5,51.3,0.0,W@5.2,7.8,70.1,0.0,840,"Welland, Walla Walla County",300070,Welland,2017-12-01 15:08:09.719793
2009-06-13,09:45,74.9,,55.0,49.9,0.0,W@4.3,8.9,70.0,0.0,775,"Welland, Walla Walla County",300070,Welland,2017-12-01 15:08:09.719793
2009-06-13,10:00,75.5,,54.8,48.5,0.0,W@4.6,7.4,70.0,0.0,756,"Welland, Walla Walla County",300070,Welland,2017-12-01 15:08:09.719793
2009-06-13,10:15,76.4,,55.1,47.5,0.0,NW@3.9,7.1,69.9,0.0,828,"Welland, Walla Walla County",300070,Welland,2017-12-01 15:08:09.719793
2009-06-13,10:30,77.7,,56.4,47.9,0.0,W@4.8,7.4,69.9,0.0,867,"Welland, Walla Walla County",300070,Welland,2017-12-01 15:08:09.719793
2009-06-13,10:45,78.1,,56.2,47.0,0.0,W@5.2,10.3,69.9,0.0,879,"Welland, Walla Walla County",300070,Welland,2017-12-01 15:08:09.719793
2009-06-13,11:00,78.1,,55.3,45.3,0.0,SW@4.5,12.1,69.9,0.0,713,"Welland, Walla Walla County",300070,Welland,2017-12-01 15:08:09.719793
2009-06-13,11:15,77.6,,55.6,46.6,0.0,W@5.2,14.6,69.9,0.0,585,"Welland, Walla Walla County",300070,Welland,2017-12-01 15:08:09.719793
2009-06-13,11:30,76.5,,55.0,47.4,0.0,W@5.2,8.2,69.9,0.0,424,"Welland, Walla Walla County",300070,Welland,2017-12-01 15:08:09.719793
2009-06-13,11:45,77.0,,54.5,45.8,0.0,SW@4.7,8.5,69.9,0.0,450,"Welland, Walla Walla County",300070,Welland,2017-12-01 15:08:09.719793
2009-06-13,12:00,77.0,,53.4,43.9,0.0,W@4.8,9.6,69.9,0.0,419,"Welland, Walla Walla County",300070,Welland,2017-12-01 15:08:09.719793
2009-06-13,12:15,76.7,,53.2,44.0,0.0,W@4.6,8.2,69.9,0.0,359,"Welland, Walla Walla County",300070,Welland,2017-12-01 15:08:09.719793
2009-06-13,12:30,76.6,,52.8,43.5,0.0,SW@4.2,6.7,70.0,0.0,333,"Welland, Walla Walla County",300070,Welland,2017-12-01 15:08:09.719793
2009-06-13,12:45,77.0,,54.2,45.1,0.0,SW@4.4,8.5,70.0,0.0,356,"Welland, Walla Walla County",300070,Welland,2017-12-01 15:08:09.719793
2009-06-13,13:00,77.3,,54.4,45.1,0.0,SW@4.4,7.8,70.1,0.0,409,"Welland, Walla Walla County",300070,Welland,2017-12-01 15:08:09.719793
2009-06-13,13:15,79.0,,53.4,41.1,0.0,SW@4.5,8.5,70.2,0.0,721,"Welland, Walla Walla County",300070,Welland,2017-12-01 15:08:09.719793
2009-06-13,13:30,80.6,,52.7,38.0,0.0,S@4.1,7.4,70.3,0.0,713,"Welland, Walla Walla County",300070,Welland,2017-12-01 15:08:09.719793
2009-06-13,13:45,81.1,,52.2,36.7,0.0,SW@3.5,7.4,70.4,0.0,626,"Welland, Walla Walla County",300070,Welland,2017-12-01 15:08:09.719793
2009-06-13,14:00,80.2,,53.1,39.1,0.0,W@5.5,8.9,70.5,0.0,624,"Welland, Walla Walla County",300070,Welland,2017-12-01 15:08:09.719793
2009-06-13,14:15,81.5,,53.0,37.2,0.0,W@5.1,9.2,70.6,0.0,937,"Welland, Walla Walla County",300070,Welland,2017-12-01 15:08:09.719793
2009-06-13,14:30,83.6,,52.2,33.9,0.0,W@3.8,7.8,70.7,0.0,851,"Welland, Walla Walla County",300070,Welland,2017-12-01 15:08:09.719793
2009-06-13,14:45,83.9,,51.4,32.5,0.0,W@4.1,8.5,70.9,0.0,829,"Welland, Walla Walla County",300070,Welland,2017-12-01 15:08:09.719793
2009-06-13,15:00,83.7,,50.9,32.1,0.0,W@5.5,9.9,71.0,0.0,851,"Welland, Walla Walla County",300070,Welland,2017-12-01 15:08:09.719793
2009-06-13,15:15,83.9,,51.1,32.3,0.0,W@5.1,9.2,71.1,0.0,768,"Welland, Walla Walla County",300070,Welland,2017-12-01 15:08:09.719793
2009-06-13,15:30,82.8,,49.5,31.4,0.0,W@5.8,9.6,71.2,0.0,516,"Welland, Walla Walla County",300070,Welland,2017-12-01 15:08:09.719793
2009-06-13,15:45,82.9,,50.0,31.9,0.0,W@5.7,9.2,71.3,0.0,624,"Welland, Walla Walla County",300070,Welland,2017-12-01 15:08:09.719793
2009-06-13,16:00,83.2,,50.8,32.6,0.0,SW@5.8,9.2,71.4,0.0,520,"Welland, Walla Walla County",300070,Welland,2017-12-01 15:08:09.719793
2009-06-13,16:15,83.2,,50.4,32.1,0.0,W@5.0,8.9,71.6,0.0,618,"Welland, Walla Walla County",300070,Welland,2017-12-01 15:08:09.719793
2009-06-13,16:30,83.0,,49.7,31.5,0.0,W@6.1,9.6,71.7,0.0,523,"Welland, Walla Walla County",300070,Welland,2017-12-01 15:08:09.719793
2009-06-13,16:45,83.5,,49.4,30.6,0.0,W@5.3,8.9,71.9,0.0,575,"Welland, Walla Walla County",300070,Welland,2017-12-01 15:08:09.719793
2009-06-13,17:00,83.4,,50.5,32.1,0.0,W@6.7,9.9,72.0,0.0,451,"Welland, Walla Walla County",300070,Welland,2017-12-01 15:08:09.719793
2009-06-13,17:15,81.6,,52.2,36.2,0.0,W@6.7,11.0,72.2,0.0,251,"Welland, Walla Walla County",300070,Welland,2017-12-01 15:08:09.719793
2009-06-13,17:30,79.3,,53.0,40.1,0.0,S@7.4,13.2,72.3,0.0,174,"Welland, Walla Walla County",300070,Welland,2017-12-01 15:08:09.719793
2009-06-13,17:45,76.3,,52.2,43.0,0.0,S@8.7,15.0,72.5,0.0,136,"Welland, Walla Walla County",300070,Welland,2017-12-01 15:08:09.719793
2009-06-13,18:00,74.9,,52.3,45.3,0.0,S@7.5,13.2,72.7,0.0,113,"Welland, Walla Walla County",300070,Welland,2017-12-01 15:08:09.719793
2009-06-13,18:15,73.8,,53.2,48.5,0.0,S@5.3,8.5,72.8,0.0,98,"Welland, Walla Walla County",300070,Welland,2017-12-01 15:08:09.719793
2009-06-13,18:30,73.1,,53.3,49.9,0.0,S@4.9,7.8,73.0,0.0,80,"Welland, Walla Walla County",300070,Welland,2017-12-01 15:08:09.719793
2009-06-13,18:45,72.3,,53.3,51.2,0.0,S@4.5,6.4,73.1,0.0,60,"Welland, Walla Walla County",300070,Welland,2017-12-01 15:08:09.719793
2009-06-13,19:00,71.4,,53.3,52.8,0.0,S@3.6,5.7,73.2,0.0,42,"Welland, Walla Walla County",300070,Welland,2017-12-01 15:08:09.719793
2009-06-13,19:15,70.2,,53.4,55.2,0.0,S@2.7,4.6,73.4,0.0,26,"Welland, Walla Walla County",300070,Welland,2017-12-01 15:08:09.719793
2009-06-13,19:30,68.0,,54.8,62.6,0.0,SE@2.8,4.2,73.5,0.0,14,"Welland, Walla Walla County",300070,Welland,2017-12-01 15:08:09.719793
2009-06-13,19:45,67.2,,53.5,61.3,0.0,S@4.0,5.3,73.6,0.0,7,"Welland, Walla Walla County",300070,Welland,2017-12-01 15:08:09.719793
2009-06-13,20:00,67.0,,53.1,61.0,0.0,S@3.4,5.7,73.7,0.0,2,"Welland, Walla Walla County",300070,Welland,2017-12-01 15:08:09.719793
2009-06-13,20:15,66.1,,53.0,62.6,0.0,S@2.8,4.9,73.8,0.0,0,"Welland, Walla Walla County",300070,Welland,2017-12-01 15:08:09.719793
2009-06-13,20:30,65.0,,53.0,65.1,0.0,S@1.5,2.8,73.9,0.0,0,"Welland, Walla Walla County",300070,Welland,2017-12-01 15:08:09.719793
2009-06-13,20:45,65.4,,52.4,62.7,0.0,S@2.6,3.9,73.9,0.0,0,"Welland, Walla Walla County",300070,Welland,2017-12-01 15:08:09.719793
2009-06-13,21:00,66.3,,52.1,60.1,0.0,SW@3.5,4.6,74.0,0.0,0,"Welland, Walla Walla County",300070,Welland,2017-12-01 15:08:09.719793
2009-06-13,21:15,65.5,,52.1,61.7,0.0,SW@2.4,4.2,74.0,0.0,0,"Welland, Walla Walla County",300070,Welland,2017-12-01 15:08:09.719793
2009-06-13,21:30,65.3,,52.2,62.4,0.0,S@2.3,3.1,74.1,0.0,0,"Welland, Walla Walla County",300070,Welland,2017-12-01 15:08:09.719793
2009-06-13,21:45,64.5,,52.3,64.4,0.0,S@2.5,4.6,74.1,0.0,0,"Welland, Walla Walla County",300070,Welland,2017-12-01 15:08:09.719793
2009-06-13,22:00,64.2,,51.9,64.2,0.0,S@4.5,6.4,74.1,0.0,0,"Welland, Walla Walla County",300070,Welland,2017-12-01 15:08:09.719793
2009-06-13,22:15,64.5,,52.0,63.8,0.0,S@4.6,6.4,74.1,0.0,0,"Welland, Walla Walla County",300070,Welland,2017-12-01 15:08:09.719793
2009-06-13,22:30,65.0,,52.3,63.2,0.0,S@4.8,7.4,74.1,0.0,0,"Welland, Walla Walla County",300070,Welland,2017-12-01 15:08:09.719793
2009-06-13,22:45,66.1,,53.3,63.3,0.0,S@4.6,6.7,74.0,0.0,0,"Welland, Walla Walla County",300070,Welland,2017-12-01 15:08:09.719793
2009-06-13,23:00,65.9,,54.3,66.3,0.0,SW@4.1,6.0,74.0,0.0,0,"Welland, Walla Walla County",300070,Welland,2017-12-01 15:08:09.719793
2009-06-14,23:15,65.5,,54.9,68.5,0.0,S@3.9,5.7,74.0,0.0,0,"Welland, Walla Walla County",300070,Welland,2017-12-01 15:08:09.719793
2009-06-14,23:30,65.3,,54.9,69.1,0.0,S@4.5,6.4,73.9,0.0,0,"Welland, Walla Walla County",300070,Welland,2017-12-01 15:08:09.719793
2009-06-14,23:45,65.3,,55.0,69.5,0.0,S@5.2,7.4,73.9,0.0,0,"Welland, Walla Walla County",300070,Welland,2017-12-01 15:08:09.719793
2009-06-14,24:00,65.2,,55.3,70.4,0.0,S@4.9,7.4,73.8,0.0,0,"Welland, Walla Walla County",300070,Welland,2017-12-01 15:08:09.719793
2009-06-14,00:15,65.1,,55.4,70.6,0.0,SW@5.6,8.9,73.8,0.0,0,"Welland, Walla Walla County",300070,Welland,2017-12-01 15:08:09.719793
2009-06-14,00:30,65.5,,55.4,69.8,0.0,SW@6.7,10.3,73.7,0.0,0,"Welland, Walla Walla County",300070,Welland,2017-12-01 15:08:09.719793
2009-06-14,00:45,65.5,,55.7,70.4,0.0,SW@7.6,12.4,73.7,0.0,0,"Welland, Walla Walla County",300070,Welland,2017-12-01 15:08:09.719793
2009-06-14,01:00,65.3,,55.5,70.5,0.0,SW@6.9,11.4,73.6,0.0,0,"Welland, Walla Walla County",300070,Welland,2017-12-01 15:08:09.719793
2009-06-14,01:15,65.0,,55.6,71.7,0.0,S@6.7,10.7,73.5,0.0,0,"Welland, Walla Walla County",300070,Welland,2017-12-01 15:08:09.719793
2009-06-14,01:30,64.6,,55.7,72.6,0.0,S@5.8,9.2,73.5,0.0,0,"Welland, Walla Walla County",300070,Welland,2017-12-01 15:08:09.719793
2009-06-14,01:45,64.6,,55.4,71.8,0.0,SW@6.8,10.7,73.4,0.0,0,"Welland, Walla Walla County",300070,Welland,2017-12-01 15:08:09.719793
2009-06-14,02:00,64.6,,55.2,71.4,0.0,SW@7.5,11.7,73.3,0.0,0,"Welland, Walla Walla County",300070,Welland,2017-12-01 15:08:09.719793
2009-06-14,02:15,64.6,,55.1,71.1,0.0,S@7.7,11.0,73.2,0.0,0,"Welland, Walla Walla County",300070,Welland,2017-12-01 15:08:09.719793
2009-06-14,02:30,64.3,,54.9,71.5,0.0,S@6.8,10.3,73.2,0.0,0,"Welland, Walla Walla County",300070,Welland,2017-12-01 15:08:09.719793
2009-06-14,02:45,64.1,,55.0,72.2,0.0,S@6.9,11.7,73.1,0.0,0,"Welland, Walla Walla County",300070,Welland,2017-12-01 15:08:09.719793
2009-06-14,03:00,63.8,,55.0,73.0,0.0,S@6.5,10.3,73.0,0.0,0,"Welland, Walla Walla County",300070,Welland,2017-12-01 15:08:09.719793
2009-06-14,03:15,63.6,,55.1,73.7,0.0,SW@7.1,10.3,72.9,0.0,0,"Welland, Walla Walla County",300070,Welland,2017-12-01 15:08:09.719793
2009-06-14,03:30,63.2,,55.2,74.9,0.0,SW@6.0,8.9,72.9,0.0,0,"Welland, Walla Walla County",300070,Welland,2017-12-01 15:08:09.719793
2009-06-14,03:45,63.2,,55.3,75.4,0.0,SW@6.0,9.2,72.8,0.0,0,"Welland, Walla Walla County",300070,Welland,2017-12-01 15:08:09.719793
2009-06-14,04:00,63.2,,55.2,75.0,0.0,SW@6.8,10.7,72.7,0.0,0,"Welland, Walla Walla County",300070,Welland,2017-12-01 15:08:09.719793
2009-06-14,04:15,63.2,,55.2,75.1,0.0,SW@6.6,9.9,72.6,0.0,2,"Welland, Walla Walla County",300070,Welland,2017-12-01 15:08:09.719793
2009-06-14,04:30,63.3,,55.3,75.2,0.0,SW@6.5,9.6,72.5,0.0,5,"Welland, Walla Walla County",300070,Welland,2017-12-01 15:08:09.719793
2009-06-14,04:45,63.3,,55.1,74.6,0.0,SW@7.2,11.0,72.5,0.0,7,"Welland, Walla Walla County",300070,Welland,2017-12-01 15:08:09.719793
2009-06-14,05:00,63.5,,55.2,74.3,0.0,SW@7.3,10.7,72.4,0.0,10,"Welland, Walla Walla County",300070,Welland,2017-12-01 15:08:09.719793
2009-06-14,05:15,63.7,,55.4,74.3,0.0,SW@7.6,11.0,72.3,0.0,16,"Welland, Walla Walla County",300070,Welland,2017-12-01 15:08:09.719793
2009-06-14,05:30,63.7,,55.4,74.3,0.0,SW@6.5,9.9,72.2,0.0,29,"Welland, Walla Walla County",300070,Welland,2017-12-01 15:08:09.719793
2009-06-14,05:45,64.0,,55.6,74.1,0.0,SW@7.7,12.1,72.2,0.0,47,"Welland, Walla Walla County",300070,Welland,2017-12-01 15:08:09.719793
2009-06-14,06:00,63.8,,55.9,75.3,0.0,SW@7.8,10.7,72.1,0.0,75,"Welland, Walla Walla County",300070,Welland,2017-12-01 15:08:09.719793
2009-06-14,06:15,64.2,,56.5,76.1,0.0,SW@7.4,10.3,72.0,0.0,107,"Welland, Walla Walla County",300070,Welland,2017-12-01 15:08:09.719793
2009-06-14,06:30,64.1,,56.5,76.3,0.0,SW@7.7,10.7,71.9,0.0,129,"Welland, Walla Walla County",300070,Welland,2017-12-01 15:08:09.719793
2009-06-14,06:45,64.5,,56.7,75.7,0.0,SW@7.2,10.7,71.9,0.0,133,"Welland, Walla Walla County",300070,Welland,2017-12-01 15:08:09.719793
2009-06-14,07:00,64.6,,56.2,74.1,0.0,SW@8.3,11.7,71.8,0.0,107,"Welland, Walla Walla County",300070,Welland,2017-12-01 15:08:09.719793
2009-06-14,07:15,64.8,,56.5,74.3,0.0,SW@8.0,11.7,71.7,0.0,128,"Welland, Walla Walla County",300070,Welland,2017-12-01 15:08:09.719793
2009-06-14,07:30,64.6,,57.0,76.1,0.0,SW@8.7,12.4,71.7,0.0,155,"Welland, Walla Walla County",300070,Welland,2017-12-01 15:08:09.719793
2009-06-14,07:45,65.0,,57.0,75.2,0.0,SW@8.4,12.8,71.6,0.0,171,"Welland, Walla Walla County",300070,Welland,2017-12-01 15:08:09.719793
2009-06-14,08:00,65.0,,57.2,75.7,0.0,SW@8.4,13.2,71.5,0.0,147,"Welland, Walla Walla County",300070,Welland,2017-12-01 15:08:09.719793
2009-06-14,08:15,64.7,,57.1,76.4,0.0,SW@9.1,12.8,71.5,0.0,154,"Welland, Walla Walla County",300070,Welland,2017-12-01 15:08:09.719793
2009-06-14,08:30,64.6,,57.2,76.8,0.0,SW@8.6,12.8,71.4,0.0,146,"Welland, Walla Walla County",300070,Welland,2017-12-01 15:08:09.719793
2009-06-14,08:45,64.7,,57.3,77.0,0.0,SW@8.6,12.8,71.3,0.0,162,"Welland, Walla Walla County",300070,Welland,2017-12-01 15:08:09.719793
2009-06-14,09:00,64.8,,58.5,79.9,0.01,SW@7.9,12.8,71.3,0.0,255,"Welland, Walla Walla County",300070,Welland,2017-12-01 15:08:09.719793
2009-06-14,09:15,64.5,,58.9,81.8,0.01,SW@9.0,12.8,71.2,0.0,308,"Welland, Walla Walla County",300070,Welland,2017-12-01 15:08:09.719793
2009-06-14,09:30,65.3,,58.3,78.0,0.01,SW@8.3,13.2,71.2,0.0,293,"Welland, Walla Walla County",300070,Welland,2017-12-01 15:08:09.719793
2009-06-14,09:45,65.5,,57.4,75.0,0.0,SW@8.9,13.9,71.1,0.0,284,"Welland, Walla Walla County",300070,Welland,2017-12-01 15:08:09.719793
2009-06-14,10:00,65.6,,57.2,74.1,0.0,SW@8.2,12.4,71.1,0.0,241,"Welland, Walla Walla County",300070,Welland,2017-12-01 15:08:09.719793
2009-06-14,10:15,65.2,,57.3,75.5,0.01,SW@7.7,11.7,71.0,0.0,207,"Welland, Walla Walla County",300070,Welland,2017-12-01 15:08:09.719793
2009-06-14,10:30,64.8,,57.9,78.2,0.01,SW@7.1,11.0,71.0,0.0,211,"Welland, Walla Walla County",300070,Welland,2017-12-01 15:08:09.719793
2009-06-14,10:45,65.0,,57.8,77.4,0.02,SW@6.2,9.6,70.9,0.0,162,"Welland, Walla Walla County",300070,Welland,2017-12-01 15:08:09.719793
2009-06-14,11:00,64.5,,58.1,79.8,0.24,SW@6.7,10.3,70.9,0.0,148,"Welland, Walla Walla County",300070,Welland,2017-12-01 15:08:09.719793
2009-06-14,11:15,64.2,,58.8,82.6,0.06,SW@5.0,8.5,70.8,0.0,161,"Welland, Walla Walla County",300070,Welland,2017-12-01 15:08:09.719793
2009-06-14,11:30,64.4,,59.0,82.4,0.02,S@4.2,6.0,70.8,0.0,181,"Welland, Walla Walla County",300070,Welland,2017-12-01 15:08:09.719793
2009-06-14,11:45,64.9,,59.8,83.5,0.02,SE@4.1,6.7,70.8,0.0,210,"Welland, Walla Walla County",300070,Welland,2017-12-01 15:08:09.719793
2009-06-14,12:00,64.4,,60.3,86.3,0.02,SE@5.3,8.2,70.7,0.0,228,"Welland, Walla Walla County",300070,Welland,2017-12-01 15:08:09.719793
2009-06-14,12:15,64.6,,60.4,86.1,0.02,SE@5.4,7.8,70.7,0.0,234,"Welland, Walla Walla County",300070,Welland,2017-12-01 15:08:09.719793
2009-06-14,12:30,64.9,,60.5,85.6,0.02,S@5.8,9.6,70.7,0.0,260,"Welland, Walla Walla County",300070,Welland,2017-12-01 15:08:09.719793
2009-06-14,12:45,65.2,,60.9,85.9,0.03,S@5.7,8.2,70.7,0.0,294,"Welland, Walla Walla County",300070,Welland,2017-12-01 15:08:09.719793
2009-06-14,13:00,65.6,,61.0,84.9,0.01,S@5.6,8.9,70.6,0.0,329,"Welland, Walla Walla County",300070,Welland,2017-12-01 15:08:09.719793
2009-06-14,13:15,66.2,,60.7,82.3,0.01,S@5.9,9.9,70.6,0.0,327,"Welland, Walla Walla County",300070,Welland,2017-12-01 15:08:09.719793
2009-06-14,13:30,66.7,,60.5,80.1,0.01,S@6.0,9.6,70.6,0.0,331,"Welland, Walla Walla County",300070,Welland,2017-12-01 15:08:09.719793
2009-06-14,13:45,68.0,,60.5,77.0,0.0,S@5.9,9.6,70.6,0.0,377,"Welland, Walla Walla County",300070,Welland,2017-12-01 15:08:09.719793
2009-06-14,14:00,69.0,,59.7,72.3,0.0,S@5.4,8.5,70.5,0.0,391,"Welland, Walla Walla County",300070,Welland,2017-12-01 15:08:09.719793
2009-06-14,14:15,70.6,,59.6,68.1,0.0,S@5.4,9.2,70.5,0.0,572,"Welland, Walla Walla County",300070,Welland,2017-12-01 15:08:09.719793
2009-06-14,14:30,72.9,,59.2,62.2,0.0,S@5.9,10.3,70.5,0.0,696,"Welland, Walla Walla County",300070,Welland,2017-12-01 15:08:09.719793
2009-06-14,14:45,74.9,,59.5,58.9,0.0,S@6.0,11.4,70.5,0.0,743,"Welland, Walla Walla County",300070,Welland,2017-12-01 15:08:09.719793
2009-06-14,15:00,75.3,,59.8,58.5,0.0,S@6.1,9.9,70.5,0.0,666,"Welland, Walla Walla County",300070,Welland,2017-12-01 15:08:09.719793
2009-06-14,15:15,76.4,,60.2,57.1,0.0,S@5.7,10.7,70.5,0.0,710,"Welland, Walla Walla County",300070,Welland,2017-12-01 15:08:09.719793
2009-06-14,15:30,77.5,,59.5,54.0,0.0,SW@5.4,9.2,70.5,0.0,601,"Welland, Walla Walla County",300070,Welland,2017-12-01 15:08:09.719793
2009-06-14,15:45,77.4,,59.1,53.3,0.0,SW@5.4,9.9,70.5,0.0,606,"Welland, Walla Walla County",300070,Welland,2017-12-01 15:08:09.719793
2009-06-14,16:00,78.2,,57.7,49.2,0.0,SW@5.3,8.5,70.5,0.0,607,"Welland, Walla Walla County",300070,Welland,2017-12-01 15:08:09.719793
2009-06-14,16:15,78.8,,56.3,46.0,0.0,SW@4.2,7.8,70.5,0.0,614,"Welland, Walla Walla County",300070,Welland,2017-12-01 15:08:09.719793
2009-06-14,16:30,77.0,,56.7,49.4,0.0,SW@5.3,10.3,70.5,0.0,286,"Welland, Walla Walla County",300070,Welland,2017-12-01 15:08:09.719793
2009-06-14,16:45,75.4,,59.1,56.8,0.0,SW@5.0,7.8,70.5,0.0,158,"Welland, Walla Walla County",300070,Welland,2017-12-01 15:08:09.719793
2009-06-14,17:00,74.7,,58.7,57.3,0.0,S@5.0,9.2,70.6,0.0,129,"Welland, Walla Walla County",300070,Welland,2017-12-01 15:08:09.719793
2009-06-14,17:15,74.5,,58.1,56.5,0.0,S@4.4,6.7,70.6,0.0,129,"Welland, Walla Walla County",300070,Welland,2017-12-01 15:08:09.719793
2009-06-14,17:30,74.5,,58.3,57.1,0.0,S@3.9,6.4,70.7,0.0,112,"Welland, Walla Walla County",300070,Welland,2017-12-01 15:08:09.719793
2009-06-14,17:45,73.2,,59.7,62.7,0.0,SE@3.6,6.4,70.7,0.0,80,"Welland, Walla Walla County",300070,Welland,2017-12-01 15:08:09.719793
2009-06-14,18:00,72.2,,60.6,66.9,0.0,SE@3.0,4.6,70.8,0.0,46,"Welland, Walla Walla County",300070,Welland,2017-12-01 15:08:09.719793
2009-06-14,18:15,70.8,,61.1,71.3,0.0,SE@3.3,5.3,70.9,0.0,34,"Welland, Walla Walla County",300070,Welland,2017-12-01 15:08:09.719793
2009-06-14,18:30,70.1,,61.3,73.6,0.0,SE@3.6,4.9,70.9,0.0,29,"Welland, Walla Walla County",300070,Welland,2017-12-01 15:08:09.719793
2009-06-14,18:45,69.7,,61.8,76.1,0.0,SE@3.9,5.3,71.0,0.0,28,"Welland, Walla Walla County",300070,Welland,2017-12-01 15:08:09.719793
2009-06-14,19:00,69.1,,61.8,77.4,0.0,SE@4.1,5.3,71.1,0.0,20,"Welland, Walla Walla County",300070,Welland,2017-12-01 15:08:09.719793
2009-06-14,19:15,69.0,,61.8,77.7,0.0,SE@4.4,6.7,71.1,0.0,43,"Welland, Walla Walla County",300070,Welland,2017-12-01 15:08:09.719793
2009-06-14,19:30,68.8,,60.7,75.3,0.0,SE@4.4,6.4,71.2,0.0,16,"Welland, Walla Walla County",300070,Welland,2017-12-01 15:08:09.719793
2009-06-14,19:45,68.0,,60.2,76.1,0.0,SE@4.2,6.4,71.2,0.0,5,"Welland, Walla Walla County",300070,Welland,2017-12-01 15:08:09.719793
2009-06-14,20:00,67.5,,59.9,76.4,0.0,SE@3.9,5.3,71.3,0.0,2,"Welland, Walla Walla County",300070,Welland,2017-12-01 15:08:09.719793
2009-06-14,20:15,66.9,,60.0,78.6,0.01,SE@3.6,4.9,71.3,0.0,0,"Welland, Walla Walla County",300070,Welland,2017-12-01 15:08:09.719793
2009-06-14,20:30,66.6,,59.9,78.9,0.01,SE@4.2,6.0,71.4,0.0,0,"Welland, Walla Walla County",300070,Welland,2017-12-01 15:08:09.719793
2009-06-14,20:45,66.7,,59.9,78.7,0.01,E@4.3,5.7,71.4,0.0,0,"Welland, Walla Walla County",300070,Welland,2017-12-01 15:08:09.719793
2009-06-14,21:00,66.6,,60.0,79.2,0.01,E@5.0,6.7,71.4,0.0,0,"Welland, Walla Walla County",300070,Welland,2017-12-01 15:08:09.719793
2009-06-14,21:15,67.0,,59.9,77.9,0.01,SE@5.7,7.8,71.4,0.0,0,"Welland, Walla Walla County",300070,Welland,2017-12-01 15:08:09.719793
2009-06-14,21:30,66.5,,60.1,79.7,0.01,SE@6.1,8.2,71.5,0.0,0,"Welland, Walla Walla County",300070,Welland,2017-12-01 15:08:09.719793
2009-06-14,21:45,66.5,,60.3,80.4,0.01,SE@5.4,8.2,71.5,0.0,0,"Welland, Walla Walla County",300070,Welland,2017-12-01 15:08:09.719793
2009-06-14,22:00,66.4,,60.4,81.0,0.01,SE@5.0,7.4,71.5,0.0,0,"Welland, Walla Walla County",300070,Welland,2017-12-01 15:08:09.719793
2009-06-14,22:15,65.6,,60.6,83.8,0.02,SE@4.3,5.7,71.5,0.0,0,"Welland, Walla Walla County",300070,Welland,2017-12-01 15:08:09.719793
2009-06-14,22:30,65.8,,59.8,81.0,0.01,SE@4.5,6.4,71.5,0.0,0,"Welland, Walla Walla County",300070,Welland,2017-12-01 15:08:09.719793
2009-06-14,22:45,66.9,,57.4,71.5,0.0,S@4.4,7.1,71.5,0.0,0,"Welland, Walla Walla County",300070,Welland,2017-12-01 15:08:09.719793
2009-06-14,23:00,66.5,,58.7,75.9,0.0,S@5.4,7.8,71.4,0.0,0,"Welland, Walla Walla County",300070,Welland,2017-12-01 15:08:09.719793
2009-06-15,23:15,66.1,,56.8,71.7,0.0,SW@6.9,10.7,71.4,0.0,0,"Welland, Walla Walla County",300070,Welland,2017-12-01 15:08:09.719793
2009-06-15,23:30,65.6,,54.1,66.2,0.0,SW@7.5,11.0,71.4,0.0,0,"Welland, Walla Walla County",300070,Welland,2017-12-01 15:08:09.719793
2009-06-15,23:45,65.1,,52.8,64.3,0.0,SW@9.1,13.2,71.4,0.0,0,"Welland, Walla Walla County",300070,Welland,2017-12-01 15:08:09.719793
2009-06-15,24:00,65.0,,52.1,62.9,0.0,SW@10.4,15.0,71.4,0.0,0,"Welland, Walla Walla County",300070,Welland,2017-12-01 15:08:09.719793
2009-06-15,00:15,64.3,,52.0,64.3,0.0,SW@9.2,14.2,71.3,0.0,0,"Welland, Walla Walla County",300070,Welland,2017-12-01 15:08:09.719793
2009-06-15,00:30,64.1,,51.7,63.9,0.0,SW@9.8,13.5,71.3,0.0,0,"Welland, Walla Walla County",300070,Welland,2017-12-01 15:08:09.719793
2009-06-15,00:45,63.6,,51.6,65.0,0.0,SW@10.1,14.6,71.2,0.0,0,"Welland, Walla Walla County",300070,Welland,2017-12-01 15:08:09.719793
2009-06-15,01:00,63.2,,51.5,65.4,0.0,SW@8.9,13.2,71.2,0.0,0,"Welland, Walla Walla County",300070,Welland,2017-12-01 15:08:09.719793
2009-06-15,01:15,63.2,,51.6,65.8,0.0,SW@9.3,13.5,71.2,0.0,0,"Welland, Walla Walla County",300070,Welland,2017-12-01 15:08:09.719793
2009-06-15,01:30,62.9,,51.6,66.6,0.0,SW@8.2,12.1,71.1,0.0,0,"Welland, Walla Walla County",300070,Welland,2017-12-01 15:08:09.719793
2009-06-15,01:45,62.8,,51.3,65.9,0.0,SW@7.5,11.4,71.1,0.0,0,"Welland, Walla Walla County",300070,Welland,2017-12-01 15:08:09.719793
2009-06-15,02:00,62.4,,51.1,66.6,0.0,SW@6.3,9.9,71.0,0.0,0,"Welland, Walla Walla County",300070,Welland,2017-12-01 15:08:09.719793
2009-06-15,02:15,62.3,,50.9,66.2,0.0,SW@7.5,11.4,71.0,0.0,0,"Welland, Walla Walla County",300070,Welland,2017-12-01 15:08:09.719793
2009-06-15,02:30,62.1,,50.8,66.6,0.0,SW@7.3,11.0,70.9,0.0,0,"Welland, Walla Walla County",300070,Welland,2017-12-01 15:08:09.719793
2009-06-15,02:45,61.6,,50.8,67.7,0.0,SW@6.9,11.0,70.9,0.0,0,"Welland, Walla Walla County",300070,Welland,2017-12-01 15:08:09.719793
2009-06-15,03:00,61.1,,50.7,68.5,0.0,SW@7.0,10.3,70.8,0.0,0,"Welland, Walla Walla County",300070,Welland,2017-12-01 15:08:09.719793
2009-06-15,03:15,60.7,,50.5,69.0,0.0,SW@6.6,10.7,70.8,0.0,0,"Welland, Walla Walla County",300070,Welland,2017-12-01 15:08:09.719793
2009-06-15,03:30,60.2,,50.5,70.3,0.0,SW@6.1,11.0,70.7,0.0,0,"Welland, Walla Walla County",300070,Welland,2017-12-01 15:08:09.719793
2009-06-15,03:45,59.6,,50.3,71.2,0.0,SW@6.8,11.0,70.7,0.0,0,"Welland, Walla Walla County",300070,Welland,2017-12-01 15:08:09.719793
2009-06-15,04:00,59.4,,50.3,71.9,0.0,SW@7.5,11.0,70.6,0.0,0,"Welland, Walla Walla County",300070,Welland,2017-12-01 15:08:09.719793
2009-06-15,04:15,59.5,,50.3,71.5,0.0,SW@8.0,11.7,70.6,0.0,3,"Welland, Walla Walla County",300070,Welland,2017-12-01 15:08:09.719793
2009-06-15,04:30,59.5,,50.2,71.1,0.0,SW@8.0,11.4,70.5,0.0,9,"Welland, Walla Walla County",300070,Welland,2017-12-01 15:08:09.719793
2009-06-15,04:45,59.6,,50.1,70.6,0.0,SW@7.6,12.1,70.4,0.0,16,"Welland, Walla Walla County",300070,Welland,2017-12-01 15:08:09.719793
2009-06-15,05:00,59.2,,49.9,71.2,0.0,SW@7.7,12.8,70.4,0.0,25,"Welland, Walla Walla County",300070,Welland,2017-12-01 15:08:09.719793
2009-06-15,05:15,59.6,,49.8,69.7,0.0,SW@9.4,13.5,70.3,0.0,47,"Welland, Walla Walla County",300070,Welland,2017-12-01 15:08:09.719793
2009-06-15,05:30,60.3,,49.7,68.0,0.0,SW@9.4,13.5,70.2,0.0,67,"Welland, Walla Walla County",300070,Welland,2017-12-01 15:08:09.719793
2009-06-15,05:45,60.5,,49.4,66.8,0.0,SW@10.4,15.3,70.2,0.0,78,"Welland, Walla Walla County",300070,Welland,2017-12-01 15:08:09.719793
2009-06-15,06:00,60.5,,49.3,66.6,0.0,SW@10.4,15.3,70.1,0.0,87,"Welland, Walla Walla County",300070,Welland,2017-12-01 15:08:09.719793
2009-06-15,06:15,60.9,,49.8,66.7,0.0,SW@10.8,16.4,70.0,0.0,108,"Welland, Walla Walla County",300070,Welland,2017-12-01 15:08:09.719793
2009-06-15,06:30,61.3,,49.9,66.0,0.0,SW@12.4,19.6,70.0,0.0,204,"Welland, Walla Walla County",300070,Welland,2017-12-01 15:08:09.719793
2009-06-15,06:45,61.8,,49.6,64.1,0.0,SW@12.0,18.2,69.9,0.0,187,"Welland, Walla Walla County",300070,Welland,2017-12-01 15:08:09.719793
2009-06-15,07:00,63.6,,49.9,60.8,0.0,SW@12.4,18.2,69.8,0.0,454,"Welland, Walla Walla County",300070,Welland,2017-12-01 15:08:09.719793
2009-06-15,07:15,64.1,,50.3,60.7,0.0,SW@12.1,18.2,69.8,0.0,409,"Welland, Walla Walla County",300070,Welland,2017-12-01 15:08:09.719793
2009-06-15,07:30,64.5,,50.6,60.5,0.0,SW@11.4,18.9,69.7,0.0,439,"Welland, Walla Walla County",300070,Welland,2017-12-01 15:08:09.719793
2009-06-15,07:45,64.0,,50.4,61.2,0.0,SW@12.5,17.5,69.6,0.0,307,"Welland, Walla Walla County",300070,Welland,2017-12-01 15:08:09.719793
2009-06-15,08:00,64.9,,50.6,59.7,0.0,SW@12.4,17.1,69.6,0.0,469,"Welland, Walla Walla County",300070,Welland,2017-12-01 15:08:09.719793
2009-06-15,08:15,66.6,,50.9,56.9,0.0,SW@12.6,18.2,69.5,0.0,646,"Welland, Walla Walla County",300070,Welland,2017-12-01 15:08:09.719793
2009-06-15,08:30,67.4,,51.3,56.3,0.0,SW@12.2,16.7,69.5,0.0,682,"Welland, Walla Walla County",300070,Welland,2017-12-01 15:08:09.719793
2009-06-15,08:45,68.3,,51.3,54.4,0.0,SW@12.7,17.8,69.4,0.0,702,"Welland, Walla Walla County",300070,Welland,2017-12-01 15:08:09.719793
2009-06-15,09:00,69.3,,51.1,52.2,0.0,SW@12.7,18.9,69.3,0.0,706,"Welland, Walla Walla County",300070,Welland,2017-12-01 15:08:09.719793
2009-06-15,09:15,70.2,,51.1,50.6,0.0,SW@12.2,18.2,69.3,0.0,743,"Welland, Walla Walla County",300070,Welland,2017-12-01 15:08:09.719793
2009-06-15,09:30,70.9,,51.0,49.4,0.0,SW@12.5,19.2,69.2,0.0,772,"Welland, Walla Walla County",300070,Welland,2017-12-01 15:08:09.719793
2009-06-15,09:45,71.6,,50.6,47.4,0.0,SW@13.2,17.5,69.2,0.0,799,"Welland, Walla Walla County",300070,Welland,2017-12-01 15:08:09.719793
2009-06-15,10:00,72.4,,50.8,46.4,0.0,SW@13.1,17.1,69.1,0.0,824,"Welland, Walla Walla County",300070,Welland,2017-12-01 15:08:09.719793
2009-06-15,10:15,73.1,,51.0,45.8,0.0,SW@11.7,18.2,69.1,0.0,846,"Welland, Walla Walla County",300070,Welland,2017-12-01 15:08:09.719793
2009-06-15,10:30,74.2,,50.5,43.3,0.0,SW@11.5,17.5,69.1,0.0,866,"Welland, Walla Walla County",300070,Welland,2017-12-01 15:08:09.719793
2009-06-15,10:45,74.8,,50.8,42.8,0.0,SW@11.3,17.1,69.1,0.0,883,"Welland, Walla Walla County",300070,Welland,2017-12-01 15:08:09.719793
2009-06-15,11:00,75.4,,50.8,42.1,0.0,SW@10.5,16.4,69.0,0.0,897,"Welland, Walla Walla County",300070,Welland,2017-12-01 15:08:09.719793
2009-06-15,11:15,76.5,,50.6,40.2,0.0,SW@10.0,16.0,69.0,0.0,907,"Welland, Walla Walla County",300070,Welland,2017-12-01 15:08:09.719793
2009-06-15,11:30,77.0,,50.7,39.7,0.0,SW@9.8,14.2,69.0,0.0,916,"Welland, Walla Walla County",300070,Welland,2017-12-01 15:08:09.719793
2009-06-15,11:45,77.7,,50.6,38.7,0.0,SW@10.4,16.0,69.0,0.0,920,"Welland, Walla Walla County",300070,Welland,2017-12-01 15:08:09.719793
2009-06-15,12:00,78.1,,50.8,38.4,0.0,SW@9.8,16.4,69.0,0.0,923,"Welland, Walla Walla County",300070,Welland,2017-12-01 15:08:09.719793
2009-06-15,12:15,78.9,,50.4,36.9,0.0,SW@9.5,16.0,69.0,0.0,921,"Welland, Walla Walla County",300070,Welland,2017-12-01 15:08:09.719793
2009-06-15,12:30,79.9,,50.5,35.8,0.0,SW@9.1,17.1,69.1,0.0,917,"Welland, Walla Walla County",300070,Welland,2017-12-01 15:08:09.719793
2009-06-15,12:45,80.2,,49.9,34.8,0.0,SW@9.9,17.1,69.1,0.0,911,"Welland, Walla Walla County",300070,Welland,2017-12-01 15:08:09.719793
2009-06-15,13:00,80.4,,49.5,33.9,0.0,SW@9.8,15.7,69.1,0.0,899,"Welland, Walla Walla County",300070,Welland,2017-12-01 15:08:09.719793
2009-06-15,13:15,81.2,,49.5,33.1,0.0,SW@9.7,15.7,69.2,0.0,888,"Welland, Walla Walla County",300070,Welland,2017-12-01 15:08:09.719793
2009-06-15,13:30,81.2,,49.2,32.8,0.0,SW@9.1,14.6,69.3,0.0,873,"Welland, Walla Walla County",300070,Welland,2017-12-01 15:08:09.719793
2009-06-15,13:45,81.7,,49.3,32.4,0.0,SW@10.1,15.3,69.4,0.0,854,"Welland, Walla Walla County",300070,Welland,2017-12-01 15:08:09.719793
2009-06-15,14:00,81.9,,48.6,31.4,0.0,SW@9.4,16.4,69.5,0.0,835,"Welland, Walla Walla County",300070,Welland,2017-12-01 15:08:09.719793
2009-06-15,14:15,82.6,,48.1,30.1,0.0,SW@9.0,14.6,69.6,0.0,813,"Welland, Walla Walla County",300070,Welland,2017-12-01 15:08:09.719793
2009-06-15,14:30,82.3,,48.2,30.4,0.0,SW@9.9,15.7,69.8,0.0,786,"Welland, Walla Walla County",300070,Welland,2017-12-01 15:08:09.719793
2009-06-15,14:45,83.0,,47.7,29.2,0.0,SW@9.0,14.6,69.9,0.0,755,"Welland, Walla Walla County",300070,Welland,2017-12-01 15:08:09.719793
2009-06-15,15:00,83.0,,47.4,28.9,0.0,SW@8.5,15.0,70.1,0.0,723,"Welland, Walla Walla County",300070,Welland,2017-12-01 15:08:09.719793
2009-06-15,15:15,83.4,,47.3,28.5,0.0,SW@8.6,13.2,70.2,0.0,688,"Welland, Walla Walla County",300070,Welland,2017-12-01 15:08:09.719793
2009-06-15,15:30,83.5,,47.4,28.5,0.0,SW@8.7,14.6,70.4,0.0,652,"Welland, Walla Walla County",300070,Welland,2017-12-01 15:08:09.719793
2009-06-15,15:45,83.5,,47.4,28.4,0.0,SW@8.6,15.0,70.6,0.0,614,"Welland, Walla Walla County",300070,Welland,2017-12-01 15:08:09.719793
2009-06-15,16:00,83.3,,47.5,28.7,0.0,SW@9.0,16.0,70.8,0.0,576,"Welland, Walla Walla County",300070,Welland,2017-12-01 15:08:09.719793
2009-06-15,16:15,83.3,,47.7,29.0,0.0,SW@9.3,13.5,70.9,0.0,536,"Welland, Walla Walla County",300070,Welland,2017-12-01 15:08:09.719793
2009-06-15,16:30,82.9,,47.9,29.4,0.0,SW@9.1,15.0,71.1,0.0,496,"Welland, Walla Walla County",300070,Welland,2017-12-01 15:08:09.719793
2009-06-15,16:45,82.5,,48.1,30.1,0.0,SW@9.3,14.2,71.3,0.0,455,"Welland, Walla Walla County",300070,Welland,2017-12-01 15:08:09.719793
2009-06-15,17:00,82.5,,47.6,29.5,0.0,SW@8.6,15.7,71.5,0.0,413,"Welland, Walla Walla County",300070,Welland,2017-12-01 15:08:09.719793
2009-06-15,17:15,82.1,,47.5,29.8,0.0,SW@9.7,13.5,71.7,0.0,369,"Welland, Walla Walla County",300070,Welland,2017-12-01 15:08:09.719793
2009-06-15,17:30,81.8,,47.7,30.4,0.0,SW@9.0,15.0,71.9,0.0,322,"Welland, Walla Walla County",300070,Welland,2017-12-01 15:08:09.719793
2009-06-15,17:45,81.5,,47.2,30.1,0.0,SW@9.0,13.9,72.1,0.0,282,"Welland, Walla Walla County",300070,Welland,2017-12-01 15:08:09.719793
2009-06-15,18:00,80.5,,47.0,30.9,0.0,SW@9.5,14.6,72.2,0.0,238,"Welland, Walla Walla County",300070,Welland,2017-12-01 15:08:09.719793
2009-06-15,18:15,80.1,,47.7,32.1,0.0,SW@8.3,11.7,72.4,0.0,195,"Welland, Walla Walla County",300070,Welland,2017-12-01 15:08:09.719793
2009-06-15,18:30,79.5,,48.2,33.3,0.0,SW@7.7,11.0,72.6,0.0,160,"Welland, Walla Walla County",300070,Welland,2017-12-01 15:08:09.719793
2009-06-15,18:45,78.8,,48.7,34.9,0.0,SW@6.8,9.9,72.7,0.0,121,"Welland, Walla Walla County",300070,Welland,2017-12-01 15:08:09.719793
2009-06-15,19:00,77.4,,48.9,36.6,0.0,SW@6.1,9.2,72.9,0.0,89,"Welland, Walla Walla County",300070,Welland,2017-12-01 15:08:09.719793
2009-06-15,19:15,75.6,,49.7,40.2,0.0,SW@4.2,6.7,73.0,0.0,60,"Welland, Walla Walla County",300070,Welland,2017-12-01 15:08:09.719793
2009-06-15,19:30,73.7,,48.4,40.6,0.0,SW@4.3,6.0,73.1,0.0,32,"Welland, Walla Walla County",300070,Welland,2017-12-01 15:08:09.719793
2009-06-15,19:45,71.4,,48.6,44.4,0.0,SW@3.7,4.6,73.2,0.0,13,"Welland, Walla Walla County",300070,Welland,2017-12-01 15:08:09.719793
2009-06-15,20:00,70.1,,48.4,46.0,0.0,SW@3.8,5.3,73.3,0.0,4,"Welland, Walla Walla County",300070,Welland,2017-12-01 15:08:09.719793
2009-06-15,20:15,69.6,,48.3,46.7,0.0,SW@4.6,7.4,73.4,0.0,0,"Welland, Walla Walla County",300070,Welland,2017-12-01 15:08:09.719793
2009-06-15,20:30,68.5,,49.1,50.0,0.0,SW@3.5,4.9,73.4,0.0,0,"Welland, Walla Walla County",300070,Welland,2017-12-01 15:08:09.719793
2009-06-15,20:45,66.6,,49.1,53.1,0.0,S@3.7,5.3,73.5,0.0,0,"Welland, Walla Walla County",300070,Welland,2017-12-01 15:08:09.719793
2009-06-15,21:00,64.7,,49.6,57.9,0.0,S@3.9,5.7,73.5,0.0,0,"Welland, Walla Walla County",300070,Welland,2017-12-01 15:08:09.719793
2009-06-15,21:15,64.4,,50.1,59.7,0.0,SW@3.8,4.9,73.5,0.0,0,"Welland, Walla Walla County",300070,Welland,2017-12-01 15:08:09.719793
2009-06-15,21:30,63.8,,50.7,62.2,0.0,SW@4.0,6.7,73.6,0.0,0,"Welland, Walla Walla County",300070,Welland,2017-12-01 15:08:09.719793
2009-06-15,21:45,63.4,,51.3,64.7,0.0,S@3.8,6.4,73.6,0.0,0,"Welland, Walla Walla County",300070,Welland,2017-12-01 15:08:09.719793
2009-06-15,22:00,63.3,,51.5,65.2,0.0,S@4.5,6.7,73.6,0.0,0,"Welland, Walla Walla County",300070,Welland,2017-12-01 15:08:09.719793
2009-06-15,22:15,63.9,,51.9,64.9,0.0,S@4.9,7.1,73.6,0.0,0,"Welland, Walla Walla County",300070,Welland,2017-12-01 15:08:09.719793
2009-06-15,22:30,63.6,,51.9,65.7,0.0,S@5.1,8.2,73.6,0.0,0,"Welland, Walla Walla County",300070,Welland,2017-12-01 15:08:09.719793
2009-06-15,22:45,61.7,,51.4,68.9,0.01,S@4.1,6.0,73.5,0.0,0,"Welland, Walla Walla County",300070,Welland,2017-12-01 15:08:09.719793
2009-06-15,23:00,61.3,,51.1,69.1,0.01,S@5.3,8.2,73.5,0.0,0,"Welland, Walla Walla County",300070,Welland,2017-12-01 15:08:09.719793
2009-06-16,23:15,62.6,,51.4,66.8,0.0,SW@4.9,7.4,73.5,0.0,0,"Welland, Walla Walla County",300070,Welland,2017-12-01 15:08:09.719793
2009-06-16,23:30,61.0,,51.6,71.3,0.01,S@4.2,5.7,73.4,0.0,0,"Welland, Walla Walla County",300070,Welland,2017-12-01 15:08:09.719793
2009-06-16,23:45,59.9,,51.7,74.3,0.01,S@5.0,6.4,73.4,0.0,0,"Welland, Walla Walla County",300070,Welland,2017-12-01 15:08:09.719793
2009-06-16,24:00,59.8,,51.5,74.1,0.01,SW@5.0,8.2,73.3,0.0,0,"Welland, Walla Walla County",300070,Welland,2017-12-01 15:08:09.719793
2009-06-16,00:15,61.8,,51.3,68.5,0.01,SW@6.1,9.6,73.3,0.0,0,"Welland, Walla Walla County",300070,Welland,2017-12-01 15:08:09.719793
2009-06-16,00:30,61.0,,51.2,70.3,0.01,SW@3.9,6.4,73.2,0.0,0,"Welland, Walla Walla County",300070,Welland,2017-12-01 15:08:09.719793
2009-06-16,00:45,60.3,,50.9,71.1,0.01,SW@3.2,5.7,73.1,0.0,0,"Welland, Walla Walla County",300070,Welland,2017-12-01 15:08:09.719793
2009-06-16,01:00,59.2,,50.6,73.1,0.01,S@3.7,5.3,73.1,0.0,0,"Welland, Walla Walla County",300070,Welland,2017-12-01 15:08:09.719793
2009-06-16,01:15,58.4,,50.4,74.4,0.01,S@4.3,5.7,73.0,0.0,0,"Welland, Walla Walla County",300070,Welland,2017-12-01 15:08:09.719793
2009-06-16,01:30,57.6,,50.2,76.4,0.01,SW@4.3,6.0,72.9,0.0,0,"Welland, Walla Walla County",300070,Welland,2017-12-01 15:08:09.719793
2009-06-16,01:45,57.1,,50.2,77.8,0.01,S@4.4,5.7,72.8,0.0,0,"Welland, Walla Walla County",300070,Welland,2017-12-01 15:08:09.719793
2009-06-16,02:00,56.4,,50.0,79.0,0.01,SW@4.4,5.7,72.8,0.0,0,"Welland, Walla Walla County",300070,Welland,2017-12-01 15:08:09.719793
2009-06-16,02:15,56.0,,49.9,80.0,0.01,SW@4.3,5.7,72.7,0.0,0,"Welland, Walla Walla County",300070,Welland,2017-12-01 15:08:09.719793
2009-06-16,02:30,55.3,,49.8,81.6,0.01,S@3.5,4.6,72.6,0.0,0,"Welland, Walla Walla County",300070,Welland,2017-12-01 15:08:09.719793
2009-06-16,02:45,53.8,,49.7,85.6,0.02,S@3.6,4.9,72.5,0.0,0,"Welland, Walla Walla County",300070,Welland,2017-12-01 15:08:09.719793
2009-06-16,03:00,54.6,,49.5,82.9,0.02,S@4.0,5.3,72.4,0.0,0,"Welland, Walla Walla County",300070,Welland,2017-12-01 15:08:09.719793
2009-06-16,03:15,53.1,,49.0,86.0,0.02,SE@3.0,3.9,72.3,0.0,0,"Welland, Walla Walla County",300070,Welland,2017-12-01 15:08:09.719793
2009-06-16,03:30,53.8,,49.2,84.3,0.02,S@3.6,6.0,72.2,0.0,0,"Welland, Walla Walla County",300070,Welland,2017-12-01 15:08:09.719793
2009-06-16,03:45,54.8,,49.2,81.3,0.02,S@3.9,6.0,72.1,0.0,0,"Welland, Walla Walla County",300070,Welland,2017-12-01 15:08:09.719793
2009-06-16,04:00,55.9,,49.3,78.4,0.01,SW@4.2,5.7,72.0,0.0,2,"Welland, Walla Walla County",300070,Welland,2017-12-01 15:08:09.719793
2009-06-16,04:15,56.0,,49.4,78.3,0.01,S@2.8,3.9,71.9,0.0,9,"Welland, Walla Walla County",300070,Welland,2017-12-01 15:08:09.719793
2009-06-16,04:30,56.0,,49.1,77.6,0.01,S@2.9,4.9,71.8,0.0,25,"Welland, Walla Walla County",300070,Welland,2017-12-01 15:08:09.719793
2009-06-16,04:45,56.1,,49.4,78.2,0.01,S@2.6,4.6,71.7,0.0,53,"Welland, Walla Walla County",300070,Welland,2017-12-01 15:08:09.719793
2009-06-16,05:00,57.8,,49.7,74.3,0.01,S@4.1,8.2,71.6,0.0,85,"Welland, Walla Walla County",300070,Welland,2017-12-01 15:08:09.719793
2009-06-16,05:15,59.6,,50.5,71.7,0.0,S@4.3,6.0,71.5,0.0,120,"Welland, Walla Walla County",300070,Welland,2017-12-01 15:08:09.719793
2009-06-16,05:30,60.5,,51.3,71.8,0.0,S@3.2,4.6,71.4,0.0,159,"Welland, Walla Walla County",300070,Welland,2017-12-01 15:08:09.719793
2009-06-16,05:45,62.7,,51.5,66.6,0.0,S@3.8,7.1,71.3,0.0,201,"Welland, Walla Walla County",300070,Welland,2017-12-01 15:08:09.719793
2009-06-16,06:00,65.1,,50.6,59.3,0.0,S@5.4,9.9,71.2,0.0,246,"Welland, Walla Walla County",300070,Welland,2017-12-01 15:08:09.719793
2009-06-16,06:15,66.6,,50.1,55.3,0.0,SW@7.6,10.7,71.1,0.0,291,"Welland, Walla Walla County",300070,Welland,2017-12-01 15:08:09.719793
2009-06-16,06:30,67.6,,49.6,52.5,0.0,SW@8.2,11.7,71.0,0.0,338,"Welland, Walla Walla County",300070,Welland,2017-12-01 15:08:09.719793
2009-06-16,06:45,68.3,,49.4,50.8,0.0,S@8.5,12.8,70.9,0.0,383,"Welland, Walla Walla County",300070,Welland,2017-12-01 15:08:09.719793
2009-06-16,07:00,68.9,,49.2,49.4,0.0,SW@8.3,12.8,70.8,0.0,430,"Welland, Walla Walla County",300070,Welland,2017-12-01 15:08:09.719793
2009-06-16,07:15,69.4,,49.0,48.2,0.0,SW@8.4,13.2,70.7,0.0,476,"Welland, Walla Walla County",300070,Welland,2017-12-01 15:08:09.719793
2009-06-16,07:30,70.0,,48.8,46.8,0.0,SW@8.1,11.7,70.6,0.0,508,"Welland, Walla Walla County",300070,Welland,2017-12-01 15:08:09.719793
2009-06-16,07:45,70.8,,48.6,45.2,0.0,SW@9.6,14.2,70.6,0.0,544,"Welland, Walla Walla County",300070,Welland,2017-12-01 15:08:09.719793
2009-06-16,08:00,71.5,,48.7,44.4,0.0,SW@9.7,16.0,70.5,0.0,596,"Welland, Walla Walla County",300070,Welland,2017-12-01 15:08:09.719793
2009-06-16,08:15,71.4,,48.0,43.3,0.0,SW@10.0,14.2,70.4,0.0,629,"Welland, Walla Walla County",300070,Welland,2017-12-01 15:08:09.719793
2009-06-16,08:30,71.6,,47.9,42.9,0.0,SW@10.4,15.7,70.3,0.0,665,"Welland, Walla Walla County",300070,Welland,2017-12-01 15:08:09.719793
2009-06-16,08:45,72.0,,47.7,42.0,0.0,SW@9.9,14.6,70.2,0.0,686,"Welland, Walla Walla County",300070,Welland,2017-12-01 15:08:09.719793
2009-06-16,09:00,72.8,,47.7,40.9,0.0,SW@10.0,14.6,70.2,0.0,720,"Welland, Walla Walla County",300070,Welland,2017-12-01 15:08:09.719793
2009-06-16,09:15,73.4,,47.5,39.7,0.0,SW@9.7,15.3,70.1,0.0,755,"Welland, Walla Walla County",300070,Welland,2017-12-01 15:08:09.719793
2009-06-16,09:30,74.2,,47.9,39.3,0.0,SW@9.7,14.6,70.0,0.0,798,"Welland, Walla Walla County",300070,Welland,2017-12-01 15:08:09.719793
2009-06-16,09:45,75.2,,48.0,38.1,0.0,SW@9.9,14.6,70.0,0.0,822,"Welland, Walla Walla County",300070,Welland,2017-12-01 15:08:09.719793
2009-06-16,10:00,75.9,,48.0,37.2,0.0,SW@9.1,16.7,69.9,0.0,836,"Welland, Walla Walla County",300070,Welland,2017-12-01 15:08:09.719793
2009-06-16,10:15,76.2,,47.7,36.5,0.0,SW@10.2,15.0,69.9,0.0,870,"Welland, Walla Walla County",300070,Welland,2017-12-01 15:08:09.719793
2009-06-16,10:30,76.8,,47.5,35.6,0.0,SW@10.0,15.3,69.9,0.0,893,"Welland, Walla Walla County",300070,Welland,2017-12-01 15:08:09.719793
2009-06-16,10:45,77.5,,46.8,33.8,0.0,SW@9.9,15.0,69.9,0.0,910,"Welland, Walla Walla County",300070,Welland,2017-12-01 15:08:09.719793
2009-06-16,11:00,78.3,,46.7,32.7,0.0,SW@9.9,15.0,69.8,0.0,901,"Welland, Walla Walla County",300070,Welland,2017-12-01 15:08:09.719793
2009-06-16,11:15,78.6,,46.5,32.2,0.0,SW@10.1,15.3,69.8,0.0,930,"Welland, Walla Walla County",300070,Welland,2017-12-01 15:08:09.719793
2009-06-16,11:30,80.0,,45.9,30.1,0.0,SW@9.8,14.6,69.8,0.0,951,"Welland, Walla Walla County",300070,Welland,2017-12-01 15:08:09.719793
2009-06-16,11:45,80.6,,45.8,29.4,0.0,SW@10.1,17.5,69.8,0.0,954,"Welland, Walla Walla County",300070,Welland,2017-12-01 15:08:09.719793
2009-06-16,12:00,80.4,,46.5,30.4,0.0,SW@9.1,15.0,69.9,0.0,788,"Welland, Walla Walla County",300070,Welland,2017-12-01 15:08:09.719793
2009-06-16,12:15,81.3,,47.2,30.3,0.0,SW@8.4,16.4,69.9,0.0,838,"Welland, Walla Walla County",300070,Welland,2017-12-01 15:08:09.719793
2009-06-16,12:30,80.5,,46.7,30.5,0.0,SW@9.6,14.2,69.9,0.0,734,"Welland, Walla Walla County",300070,Welland,2017-12-01 15:08:09.719793
2009-06-16,12:45,80.8,,46.6,30.1,0.0,SW@8.2,12.4,70.0,0.0,835,"Welland, Walla Walla County",300070,Welland,2017-12-01 15:08:09.719793
2009-06-16,13:00,82.5,,46.1,27.9,0.0,SW@7.1,12.8,70.0,0.0,917,"Welland, Walla Walla County",300070,Welland,2017-12-01 15:08:09.719793
2009-06-16,13:15,83.3,,45.0,26.1,0.0,SW@8.1,13.5,70.1,0.0,940,"Welland, Walla Walla County",300070,Welland,2017-12-01 15:08:09.719793
2009-06-16,13:30,83.3,,42.8,24.0,0.0,SW@8.8,14.2,70.2,0.0,784,"Welland, Walla Walla County",300070,Welland,2017-12-01 15:08:09.719793
2009-06-16,13:45,84.1,,42.6,23.2,0.0,SW@9.3,13.9,70.3,0.0,889,"Welland, Walla Walla County",300070,Welland,2017-12-01 15:08:09.719793
2009-06-16,14:00,84.4,,41.7,22.3,0.0,SW@8.6,13.9,70.4,0.0,869,"Welland, Walla Walla County",300070,Welland,2017-12-01 15:08:09.719793
2009-06-16,14:15,83.8,,41.3,22.3,0.0,SW@8.2,15.0,70.5,0.0,652,"Welland, Walla Walla County",300070,Welland,2017-12-01 15:08:09.719793
2009-06-16,14:30,85.1,,41.3,21.4,0.0,SW@7.8,13.9,70.7,0.0,857,"Welland, Walla Walla County",300070,Welland,2017-12-01 15:08:09.719793
2009-06-16,14:45,84.7,,41.4,21.8,0.0,SW@6.3,13.2,70.8,0.0,610,"Welland, Walla Walla County",300070,Welland,2017-12-01 15:08:09.719793
2009-06-16,15:00,84.0,,41.5,22.3,0.0,SW@6.9,12.1,71.0,0.0,534,"Welland, Walla Walla County",300070,Welland,2017-12-01 15:08:09.719793
2009-06-16,15:15,84.0,,41.6,22.4,0.0,W@7.0,11.0,71.1,0.0,557,"Welland, Walla Walla County",300070,Welland,2017-12-01 15:08:09.719793
2009-06-16,15:30,84.6,,41.2,21.6,0.0,SW@6.4,11.0,71.3,0.0,572,"Welland, Walla Walla County",300070,Welland,2017-12-01 15:08:09.719793
2009-06-16,15:45,84.8,,42.7,22.8,0.0,W@5.7,10.3,71.5,0.0,583,"Welland, Walla Walla County",300070,Welland,2017-12-01 15:08:09.719793
2009-06-16,16:00,83.9,,41.7,22.6,0.0,W@4.9,8.2,71.6,0.0,387,"Welland, Walla Walla County",300070,Welland,2017-12-01 15:08:09.719793
2009-06-16,16:15,82.4,,43.8,25.7,0.0,NW@4.0,5.7,71.8,0.0,302,"Welland, Walla Walla County",300070,Welland,2017-12-01 15:08:09.719793
2009-06-16,16:30,82.6,,44.4,26.2,0.0,NW@3.7,5.7,72.0,0.0,393,"Welland, Walla Walla County",300070,Welland,2017-12-01 15:08:09.719793
2009-06-16,16:45,83.4,,42.9,24.1,0.0,W@5.1,8.9,72.2,0.0,360,"Welland, Walla Walla County",300070,Welland,2017-12-01 15:08:09.719793
2009-06-16,17:00,82.5,,45.5,27.3,0.0,W@6.4,9.9,72.3,0.0,273,"Welland, Walla Walla County",300070,Welland,2017-12-01 15:08:09.719793
2009-06-16,17:15,82.2,,44.3,26.4,0.0,SW@6.3,9.2,72.5,0.0,329,"Welland, Walla Walla County",300070,Welland,2017-12-01 15:08:09.719793
2009-06-16,17:30,82.1,,42.5,24.7,0.0,SW@6.6,10.7,72.7,0.0,229,"Welland, Walla Walla County",300070,Welland,2017-12-01 15:08:09.719793
2009-06-16,17:45,80.9,,42.6,25.7,0.0,SW@6.4,9.9,72.9,0.0,166,"Welland, Walla Walla County",300070,Welland,2017-12-01 15:08:09.719793
2009-06-16,18:00,80.2,,44.2,28.0,0.0,SW@6.3,9.2,73.0,0.0,162,"Welland, Walla Walla County",300070,Welland,2017-12-01 15:08:09.719793
2009-06-16,18:15,79.8,,44.8,29.1,0.0,SW@7.7,11.0,73.2,0.0,192,"Welland, Walla Walla County",300070,Welland,2017-12-01 15:08:09.719793
2009-06-16,18:30,79.3,,45.6,30.5,0.0,SW@7.5,10.7,73.3,0.0,156,"Welland, Walla Walla County",300070,Welland,2017-12-01 15:08:09.719793
2009-06-16,18:45,77.9,,46.0,32.4,0.0,SW@6.6,10.7,73.5,0.0,101,"Welland, Walla Walla County",300070,Welland,2017-12-01 15:08:09.719793
2009-06-16,19:00,76.6,,46.2,34.0,0.0,SW@6.2,8.5,73.6,0.0,67,"Welland, Walla Walla County",300070,Welland,2017-12-01 15:08:09.719793
2009-06-16,19:15,75.1,,46.2,35.8,0.0,SW@5.4,7.4,73.7,0.0,42,"Welland, Walla Walla County",300070,Welland,2017-12-01 15:08:09.719793
2009-06-16,19:30,74.0,,45.5,36.1,0.0,SW@5.2,7.4,73.8,0.0,21,"Welland, Walla Walla County",300070,Welland,2017-12-01 15:08:09.719793
2009-06-16,19:45,72.4,,46.2,39.2,0.0,SW@4.2,6.4,73.9,0.0,7,"Welland, Walla Walla County",300070,Welland,2017-12-01 15:08:09.719793
2009-06-16,20:00,70.7,,46.6,42.1,0.0,SW@4.5,6.7,74.0,0.0,1,"Welland, Walla Walla County",300070,Welland,2017-12-01 15:08:09.719793
2009-06-16,20:15,69.9,,45.6,41.7,0.0,S@4.7,6.7,74.1,0.0,0,"Welland, Walla Walla County",300070,Welland,2017-12-01 15:08:09.719793
2009-06-16,20:30,69.4,,45.6,42.4,0.0,S@4.9,7.1,74.2,0.0,0,"Welland, Walla Walla County",300070,Welland,2017-12-01 15:08:09.719793
2009-06-16,20:45,68.6,,46.2,44.6,0.0,S@4.2,5.7,74.2,0.0,0,"Welland, Walla Walla County",300070,Welland,2017-12-01 15:08:09.719793
2009-06-16,21:00,68.0,,46.1,45.4,0.0,SW@5.0,7.1,74.3,0.0,0,"Welland, Walla Walla County",300070,Welland,2017-12-01 15:08:09.719793
2009-06-16,21:15,67.9,,46.9,46.9,0.0,SW@5.2,6.7,74.3,0.0,0,"Welland, Walla Walla County",300070,Welland,2017-12-01 15:08:09.719793
2009-06-16,21:30,68.1,,47.0,46.8,0.0,SW@6.3,8.9,74.3,0.0,0,"Welland, Walla Walla County",300070,Welland,2017-12-01 15:08:09.719793
2009-06-16,21:45,69.0,,48.1,47.3,0.0,SW@7.4,9.9,74.3,0.0,0,"Welland, Walla Walla County",300070,Welland,2017-12-01 15:08:09.719793
2009-06-16,22:00,67.9,,48.5,49.7,0.0,SW@6.0,8.9,74.4,0.0,0,"Welland, Walla Walla County",300070,Welland,2017-12-01 15:08:09.719793
2009-06-16,22:15,67.0,,47.9,50.2,0.0,SW@6.4,8.9,74.4,0.0,0,"Welland, Walla Walla County",300070,Welland,2017-12-01 15:08:09.719793
2009-06-16,22:30,67.4,,45.9,45.9,0.0,SW@6.7,9.6,74.4,0.0,0,"Welland, Walla Walla County",300070,Welland,2017-12-01 15:08:09.719793
2009-06-16,22:45,67.3,,45.9,46.2,0.0,SW@7.8,13.2,74.3,0.0,0,"Welland, Walla Walla County",300070,Welland,2017-12-01 15:08:09.719793
2009-06-16,23:00,66.8,,46.6,48.1,0.0,SW@8.3,12.8,74.3,0.0,0,"Welland, Walla Walla County",300070,Welland,2017-12-01 15:08:09.719793
2009-06-17,23:15,66.8,,46.8,48.6,0.0,SW@9.0,12.4,74.3,0.0,0,"Welland, Walla Walla County",300070,Welland,2017-12-01 15:08:09.719793
2009-06-17,23:30,66.4,,47.6,50.7,0.0,SW@8.8,12.8,74.3,0.0,0,"Welland, Walla Walla County",300070,Welland,2017-12-01 15:08:09.719793
2009-06-17,23:45,65.9,,47.9,52.2,0.0,SW@8.1,12.1,74.2,0.0,0,"Welland, Walla Walla County",300070,Welland,2017-12-01 15:08:09.719793
2009-06-17,24:00,65.4,,48.0,53.3,0.0,SW@8.0,11.4,74.2,0.0,0,"Welland, Walla Walla County",300070,Welland,2017-12-01 15:08:09.719793
