Date,Time PST,Air Temp °F, 2<sup>nd</sup> Air Temp °F, Dew Point °F, Rel Hum %, Leaf Wet u., Wind Dir @ Speed mph, Wind Gust mph, 8 in. Soil Tmp °F, Tot Prec in, Solar Rad W/m²,Location,Station ID,Station Name,Download Timestamp
2013-03-12,00:15,47.4,47.2,40.9,78.1,0.0,SE@3.9,4.9,44.1,0.0,0,"Welland, Walla Walla County",300070,Welland,2017-12-01 19:03:30.201625
2013-03-12,00:30,47.1,46.9,40.8,78.8,0.0,SE@4.2,5.7,44.1,0.0,0,"Welland, Walla Walla County",300070,Welland,2017-12-01 19:03:30.201625
2013-03-12,00:45,47.0,46.9,40.8,79.1,0.0,SE@4.7,6.0,44.1,0.0,0,"Welland, Walla Walla County",300070,Welland,2017-12-01 19:03:30.201625
2013-03-12,01:00,47.5,47.3,41.2,78.7,0.0,SE@5.3,8.9,44.0,0.0,0,"Welland, Walla Walla County",300070,Welland,2017-12-01 19:03:30.201625
2013-03-12,01:15,47.3,47.1,41.2,79.1,0.0,S@5.1,6.4,44.0,0.0,0,"Welland, Walla Walla County",300070,Welland,2017-12-01 19:03:30.201625
2013-03-12,01:30,46.9,46.8,41.0,79.8,0.0,S@4.6,6.0,44.0,0.0,0,"Welland, Walla Walla County",300070,Welland,2017-12-01 19:03:30.201625
2013-03-12,01:45,46.9,46.8,41.1,80.2,0.0,S@4.6,5.7,44.0,0.0,0,"Welland, Walla Walla County",300070,Welland,2017-12-01 19:03:30.201625
2013-03-12,02:00,46.3,46.2,40.7,80.6,0.0,S@5.2,7.1,44.0,0.0,0,"Welland, Walla Walla County",300070,Welland,2017-12-01 19:03:30.201625
2013-03-12,02:15,45.9,45.8,40.4,80.9,0.0,S@4.3,6.0,44.0,0.0,0,"Welland, Walla Walla County",300070,Welland,2017-12-01 19:03:30.201625
2013-03-12,02:30,45.9,45.7,40.4,81.0,0.0,SE@4.0,5.7,44.0,0.0,0,"Welland, Walla Walla County",300070,Welland,2017-12-01 19:03:30.201625
2013-03-12,02:45,45.9,45.6,40.6,81.8,0.0,SE@3.6,4.9,44.0,0.0,0,"Welland, Walla Walla County",300070,Welland,2017-12-01 19:03:30.201625
2013-03-12,03:00,46.4,46.3,40.7,80.6,0.0,S@6.0,8.2,43.9,0.0,0,"Welland, Walla Walla County",300070,Welland,2017-12-01 19:03:30.201625
2013-03-12,03:15,46.6,46.4,40.6,79.4,0.0,S@4.6,6.7,43.9,0.0,0,"Welland, Walla Walla County",300070,Welland,2017-12-01 19:03:30.201625
2013-03-12,03:30,46.1,45.9,40.3,80.2,0.0,S@4.1,6.0,43.9,0.0,0,"Welland, Walla Walla County",300070,Welland,2017-12-01 19:03:30.201625
2013-03-12,03:45,46.1,45.9,40.6,81.0,0.0,S@6.3,11.0,43.9,0.0,0,"Welland, Walla Walla County",300070,Welland,2017-12-01 19:03:30.201625
2013-03-12,04:00,46.1,46.0,41.0,82.2,0.0,S@7.8,10.3,43.9,0.0,0,"Welland, Walla Walla County",300070,Welland,2017-12-01 19:03:30.201625
2013-03-12,04:15,45.9,45.7,41.0,82.9,0.0,S@4.9,7.8,43.9,0.0,0,"Welland, Walla Walla County",300070,Welland,2017-12-01 19:03:30.201625
2013-03-12,04:30,45.1,45.0,40.6,84.2,0.0,SE@5.9,7.8,43.9,0.0,0,"Welland, Walla Walla County",300070,Welland,2017-12-01 19:03:30.201625
2013-03-12,04:45,46.0,45.9,41.1,82.8,0.0,S@6.8,10.3,43.8,0.0,0,"Welland, Walla Walla County",300070,Welland,2017-12-01 19:03:30.201625
2013-03-12,05:00,46.2,46.0,41.1,82.3,0.0,S@6.9,10.7,43.8,0.0,0,"Welland, Walla Walla County",300070,Welland,2017-12-01 19:03:30.201625
2013-03-12,05:15,46.0,45.8,41.1,82.7,0.0,S@5.1,10.3,43.8,0.0,0,"Welland, Walla Walla County",300070,Welland,2017-12-01 19:03:30.201625
2013-03-12,05:30,45.3,45.1,40.9,84.4,0.0,SE@4.6,7.8,43.8,0.0,0,"Welland, Walla Walla County",300070,Welland,2017-12-01 19:03:30.201625
2013-03-12,05:45,46.4,46.4,41.7,83.6,0.0,S@6.1,9.2,43.8,0.0,0,"Welland, Walla Walla County",300070,Welland,2017-12-01 19:03:30.201625
2013-03-12,06:00,46.8,46.7,41.8,82.6,0.0,SE@4.9,6.7,43.8,0.0,0,"Welland, Walla Walla County",300070,Welland,2017-12-01 19:03:30.201625
2013-03-12,06:15,47.7,47.7,42.7,82.6,0.0,S@7.9,12.1,43.8,0.0,1,"Welland, Walla Walla County",300070,Welland,2017-12-01 19:03:30.201625
2013-03-12,06:30,48.0,47.8,42.7,81.7,0.0,S@8.4,11.0,43.7,0.0,4,"Welland, Walla Walla County",300070,Welland,2017-12-01 19:03:30.201625
2013-03-12,06:45,48.3,48.3,42.9,81.4,0.0,S@7.4,10.3,43.7,0.0,11,"Welland, Walla Walla County",300070,Welland,2017-12-01 19:03:30.201625
2013-03-12,07:00,48.9,48.8,43.2,80.6,0.0,S@7.3,11.4,43.7,0.0,41,"Welland, Walla Walla County",300070,Welland,2017-12-01 19:03:30.201625
2013-03-12,07:15,50.1,50.0,43.6,78.0,0.0,S@10.6,15.0,43.7,0.0,59,"Welland, Walla Walla County",300070,Welland,2017-12-01 19:03:30.201625
2013-03-12,07:30,50.8,50.7,43.7,76.5,0.0,S@10.7,14.2,43.7,0.0,98,"Welland, Walla Walla County",300070,Welland,2017-12-01 19:03:30.201625
2013-03-12,07:45,51.7,51.5,43.8,74.4,0.0,S@10.0,12.8,43.7,0.0,108,"Welland, Walla Walla County",300070,Welland,2017-12-01 19:03:30.201625
2013-03-12,08:00,52.0,51.8,43.8,73.4,0.0,SW@12.0,16.7,43.6,0.0,117,"Welland, Walla Walla County",300070,Welland,2017-12-01 19:03:30.201625
2013-03-12,08:15,52.4,52.3,43.8,72.2,0.0,SW@11.8,15.3,43.6,0.0,152,"Welland, Walla Walla County",300070,Welland,2017-12-01 19:03:30.201625
2013-03-12,08:30,53.5,53.2,43.8,69.5,0.0,SW@12.6,17.5,43.6,0.0,196,"Welland, Walla Walla County",300070,Welland,2017-12-01 19:03:30.201625
2013-03-12,08:45,54.1,53.9,43.7,67.7,0.0,SW@13.3,16.7,43.6,0.0,207,"Welland, Walla Walla County",300070,Welland,2017-12-01 19:03:30.201625
2013-03-12,09:00,54.9,54.6,43.9,66.2,0.0,SW@12.3,16.0,43.6,0.0,213,"Welland, Walla Walla County",300070,Welland,2017-12-01 19:03:30.201625
2013-03-12,09:15,55.4,55.2,43.9,65.0,0.0,SW@12.7,16.7,43.6,0.0,242,"Welland, Walla Walla County",300070,Welland,2017-12-01 19:03:30.201625
2013-03-12,09:30,55.6,55.3,43.7,64.2,0.0,SW@14.1,19.2,43.6,0.0,230,"Welland, Walla Walla County",300070,Welland,2017-12-01 19:03:30.201625
2013-03-12,09:45,54.9,54.6,43.4,64.9,0.0,SW@15.1,19.6,43.6,0.0,192,"Welland, Walla Walla County",300070,Welland,2017-12-01 19:03:30.201625
2013-03-12,10:00,54.7,54.4,43.5,65.7,0.0,SW@13.8,17.8,43.6,0.0,201,"Welland, Walla Walla County",300070,Welland,2017-12-01 19:03:30.201625
2013-03-12,10:15,55.2,54.9,43.6,64.8,0.0,SW@13.2,17.8,43.6,0.0,258,"Welland, Walla Walla County",300070,Welland,2017-12-01 19:03:30.201625
2013-03-12,10:30,55.4,55.2,43.5,64.1,0.0,SW@14.0,17.8,43.6,0.0,239,"Welland, Walla Walla County",300070,Welland,2017-12-01 19:03:30.201625
2013-03-12,10:45,55.6,55.3,44.0,64.9,0.0,SW@13.4,17.1,43.6,0.0,232,"Welland, Walla Walla County",300070,Welland,2017-12-01 19:03:30.201625
2013-03-12,11:00,55.1,54.8,44.0,66.1,0.0,SW@15.7,21.0,43.6,0.0,222,"Welland, Walla Walla County",300070,Welland,2017-12-01 19:03:30.201625
2013-03-12,11:15,55.1,54.8,44.1,66.3,0.0,SW@14.2,19.6,43.6,0.0,259,"Welland, Walla Walla County",300070,Welland,2017-12-01 19:03:30.201625
2013-03-12,11:30,56.1,55.8,44.1,64.0,0.0,SW@15.6,22.1,43.6,0.0,302,"Welland, Walla Walla County",300070,Welland,2017-12-01 19:03:30.201625
2013-03-12,11:45,56.9,56.5,44.4,62.9,0.0,SW@15.3,20.0,43.6,0.0,361,"Welland, Walla Walla County",300070,Welland,2017-12-01 19:03:30.201625
2013-03-12,12:00,57.4,57.1,44.1,60.9,0.0,SW@16.2,23.2,43.6,0.0,337,"Welland, Walla Walla County",300070,Welland,2017-12-01 19:03:30.201625
2013-03-12,12:15,58.1,57.8,44.1,59.5,0.0,SW@15.0,21.8,43.7,0.0,378,"Welland, Walla Walla County",300070,Welland,2017-12-01 19:03:30.201625
2013-03-12,12:30,58.8,58.4,44.1,58.1,0.0,SW@17.9,23.2,43.7,0.0,415,"Welland, Walla Walla County",300070,Welland,2017-12-01 19:03:30.201625
2013-03-12,12:45,59.7,59.3,44.1,56.1,0.0,SW@17.5,23.9,43.7,0.0,464,"Welland, Walla Walla County",300070,Welland,2017-12-01 19:03:30.201625
2013-03-12,13:00,59.8,59.3,44.1,56.1,0.0,SW@17.3,24.3,43.8,0.0,384,"Welland, Walla Walla County",300070,Welland,2017-12-01 19:03:30.201625
2013-03-12,13:15,60.0,59.6,43.7,54.9,0.0,SW@17.6,23.5,43.8,0.0,344,"Welland, Walla Walla County",300070,Welland,2017-12-01 19:03:30.201625
2013-03-12,13:30,61.2,60.8,43.9,52.9,0.0,SW@16.7,23.2,43.8,0.0,435,"Welland, Walla Walla County",300070,Welland,2017-12-01 19:03:30.201625
2013-03-12,13:45,62.6,62.0,44.0,50.5,0.0,SW@18.3,27.1,43.9,0.0,606,"Welland, Walla Walla County",300070,Welland,2017-12-01 19:03:30.201625
2013-03-12,14:00,63.8,63.0,44.5,49.5,0.0,SW@17.2,25.7,43.9,0.0,680,"Welland, Walla Walla County",300070,Welland,2017-12-01 19:03:30.201625
2013-03-12,14:15,63.7,63.0,44.4,49.4,0.0,SW@16.5,24.3,44.0,0.0,577,"Welland, Walla Walla County",300070,Welland,2017-12-01 19:03:30.201625
2013-03-12,14:30,62.7,62.0,43.2,49.0,0.0,SW@18.1,24.3,44.0,0.0,380,"Welland, Walla Walla County",300070,Welland,2017-12-01 19:03:30.201625
2013-03-12,14:45,61.7,61.4,43.3,50.7,0.0,SW@17.0,22.1,44.1,0.0,281,"Welland, Walla Walla County",300070,Welland,2017-12-01 19:03:30.201625
2013-03-12,15:00,61.5,61.2,43.6,51.9,0.0,SW@15.4,20.3,44.1,0.0,223,"Welland, Walla Walla County",300070,Welland,2017-12-01 19:03:30.201625
2013-03-12,15:15,61.4,61.1,43.8,52.2,0.0,SW@15.6,21.0,44.2,0.0,212,"Welland, Walla Walla County",300070,Welland,2017-12-01 19:03:30.201625
2013-03-12,15:30,60.8,60.6,43.4,52.6,0.0,SW@14.1,19.2,44.3,0.0,177,"Welland, Walla Walla County",300070,Welland,2017-12-01 19:03:30.201625
2013-03-12,15:45,60.7,60.5,43.5,53.1,0.0,SW@12.4,16.4,44.3,0.0,170,"Welland, Walla Walla County",300070,Welland,2017-12-01 19:03:30.201625
2013-03-12,16:00,60.5,60.3,43.6,53.5,0.0,SW@11.4,16.4,44.4,0.0,144,"Welland, Walla Walla County",300070,Welland,2017-12-01 19:03:30.201625
2013-03-12,16:15,60.4,60.1,43.7,54.0,0.0,SW@10.7,13.5,44.5,0.0,136,"Welland, Walla Walla County",300070,Welland,2017-12-01 19:03:30.201625
2013-03-12,16:30,60.3,60.0,43.3,53.4,0.0,SW@11.5,15.3,44.6,0.0,128,"Welland, Walla Walla County",300070,Welland,2017-12-01 19:03:30.201625
2013-03-12,16:45,60.0,59.8,43.6,54.7,0.0,SW@9.3,13.2,44.7,0.0,99,"Welland, Walla Walla County",300070,Welland,2017-12-01 19:03:30.201625
2013-03-12,17:00,59.7,59.5,43.8,55.4,0.0,SW@8.8,11.0,44.7,0.0,84,"Welland, Walla Walla County",300070,Welland,2017-12-01 19:03:30.201625
2013-03-12,17:15,59.6,59.3,43.9,55.9,0.0,SW@7.6,9.9,44.8,0.0,64,"Welland, Walla Walla County",300070,Welland,2017-12-01 19:03:30.201625
2013-03-12,17:30,58.7,58.4,44.1,58.2,0.0,SW@5.8,7.4,44.9,0.0,56,"Welland, Walla Walla County",300070,Welland,2017-12-01 19:03:30.201625
2013-03-12,17:45,57.7,57.4,43.7,59.5,0.0,SW@7.8,10.7,45.0,0.0,22,"Welland, Walla Walla County",300070,Welland,2017-12-01 19:03:30.201625
2013-03-12,18:00,56.0,55.8,43.4,62.6,0.0,SW@6.8,9.2,45.1,0.0,5,"Welland, Walla Walla County",300070,Welland,2017-12-01 19:03:30.201625
2013-03-12,18:15,55.1,54.9,43.2,64.2,0.0,S@7.1,8.9,45.1,0.0,0,"Welland, Walla Walla County",300070,Welland,2017-12-01 19:03:30.201625
2013-03-12,18:30,54.5,54.3,43.0,65.0,0.0,S@7.2,9.9,45.2,0.0,0,"Welland, Walla Walla County",300070,Welland,2017-12-01 19:03:30.201625
2013-03-12,18:45,53.2,53.0,43.0,68.2,0.0,S@7.3,9.9,45.3,0.0,0,"Welland, Walla Walla County",300070,Welland,2017-12-01 19:03:30.201625
2013-03-12,19:00,52.8,52.6,42.8,68.6,0.0,S@4.4,6.7,45.4,0.0,0,"Welland, Walla Walla County",300070,Welland,2017-12-01 19:03:30.201625
2013-03-12,19:15,52.8,52.7,42.8,68.6,0.0,SE@3.9,6.7,45.4,0.0,0,"Welland, Walla Walla County",300070,Welland,2017-12-01 19:03:30.201625
2013-03-12,19:30,52.0,51.7,42.4,69.6,0.0,S@3.4,9.2,45.5,0.0,0,"Welland, Walla Walla County",300070,Welland,2017-12-01 19:03:30.201625
2013-03-12,19:45,51.6,51.5,42.4,70.5,0.0,S@5.3,8.2,45.5,0.0,0,"Welland, Walla Walla County",300070,Welland,2017-12-01 19:03:30.201625
2013-03-12,20:00,51.7,51.6,42.5,70.7,0.0,S@5.0,7.8,45.6,0.0,0,"Welland, Walla Walla County",300070,Welland,2017-12-01 19:03:30.201625
2013-03-12,20:15,52.6,52.5,42.9,69.6,0.0,S@7.4,10.3,45.6,0.0,0,"Welland, Walla Walla County",300070,Welland,2017-12-01 19:03:30.201625
2013-03-12,20:30,52.1,52.0,42.4,69.5,0.0,S@7.8,10.3,45.7,0.0,0,"Welland, Walla Walla County",300070,Welland,2017-12-01 19:03:30.201625
2013-03-12,20:45,51.5,51.4,41.5,68.3,0.0,S@7.1,10.3,45.7,0.0,0,"Welland, Walla Walla County",300070,Welland,2017-12-01 19:03:30.201625
2013-03-12,21:00,50.0,49.9,40.9,70.7,0.0,S@6.8,9.6,45.7,0.0,0,"Welland, Walla Walla County",300070,Welland,2017-12-01 19:03:30.201625
2013-03-12,21:15,50.6,50.6,40.7,68.6,0.0,S@7.1,11.7,45.8,0.0,0,"Welland, Walla Walla County",300070,Welland,2017-12-01 19:03:30.201625
2013-03-12,21:30,50.1,50.0,40.6,69.5,0.0,S@6.9,9.6,45.8,0.0,0,"Welland, Walla Walla County",300070,Welland,2017-12-01 19:03:30.201625
2013-03-12,21:45,50.3,50.2,40.7,69.5,0.0,S@7.3,10.7,45.8,0.0,0,"Welland, Walla Walla County",300070,Welland,2017-12-01 19:03:30.201625
2013-03-12,22:00,51.8,51.8,41.0,66.6,0.0,S@8.6,15.7,45.8,0.0,0,"Welland, Walla Walla County",300070,Welland,2017-12-01 19:03:30.201625
2013-03-12,22:15,51.9,51.9,40.8,65.6,0.0,S@7.8,13.5,45.8,0.0,0,"Welland, Walla Walla County",300070,Welland,2017-12-01 19:03:30.201625
2013-03-12,22:30,51.9,51.7,40.3,64.4,0.0,S@8.4,11.0,45.8,0.0,0,"Welland, Walla Walla County",300070,Welland,2017-12-01 19:03:30.201625
2013-03-12,22:45,50.9,50.7,40.2,66.5,0.0,S@8.3,10.3,45.9,0.0,0,"Welland, Walla Walla County",300070,Welland,2017-12-01 19:03:30.201625
2013-03-12,23:00,50.3,50.1,39.9,67.2,0.0,S@9.8,11.7,45.9,0.0,0,"Welland, Walla Walla County",300070,Welland,2017-12-01 19:03:30.201625
2013-03-13,23:15,49.3,49.1,39.6,69.2,0.0,S@8.2,11.0,45.9,0.0,0,"Welland, Walla Walla County",300070,Welland,2017-12-01 19:03:30.201625
2013-03-13,23:30,48.0,47.9,39.7,72.6,0.0,S@5.9,7.8,45.9,0.0,0,"Welland, Walla Walla County",300070,Welland,2017-12-01 19:03:30.201625
2013-03-13,23:45,47.9,47.8,39.9,73.6,0.0,SW@6.9,8.9,45.8,0.0,0,"Welland, Walla Walla County",300070,Welland,2017-12-01 19:03:30.201625
2013-03-13,24:00,49.2,49.2,39.9,69.9,0.0,S@8.6,12.8,45.8,0.0,0,"Welland, Walla Walla County",300070,Welland,2017-12-01 19:03:30.201625
2013-03-13,00:15,49.2,49.0,39.7,69.4,0.0,SW@7.5,11.4,45.8,0.0,0,"Welland, Walla Walla County",300070,Welland,2017-12-01 19:03:30.201625
2013-03-13,00:30,47.0,46.7,39.1,74.1,0.0,S@5.7,7.1,45.8,0.0,0,"Welland, Walla Walla County",300070,Welland,2017-12-01 19:03:30.201625
2013-03-13,00:45,46.8,46.7,38.9,73.8,0.0,S@4.5,6.7,45.8,0.0,0,"Welland, Walla Walla County",300070,Welland,2017-12-01 19:03:30.201625
2013-03-13,01:00,46.6,46.5,38.5,73.2,0.0,SW@4.3,5.7,45.8,0.0,0,"Welland, Walla Walla County",300070,Welland,2017-12-01 19:03:30.201625
2013-03-13,01:15,45.5,45.2,38.4,76.0,0.0,S@4.2,5.3,45.8,0.0,0,"Welland, Walla Walla County",300070,Welland,2017-12-01 19:03:30.201625
2013-03-13,01:30,44.9,44.9,38.3,77.5,0.0,SE@3.4,4.9,45.8,0.0,0,"Welland, Walla Walla County",300070,Welland,2017-12-01 19:03:30.201625
2013-03-13,01:45,46.5,46.4,38.7,73.9,0.0,SE@3.7,6.0,45.8,0.0,0,"Welland, Walla Walla County",300070,Welland,2017-12-01 19:03:30.201625
2013-03-13,02:00,47.9,48.0,39.3,71.9,0.0,S@6.5,9.2,45.7,0.0,0,"Welland, Walla Walla County",300070,Welland,2017-12-01 19:03:30.201625
2013-03-13,02:15,50.0,49.9,39.5,66.9,0.0,S@6.4,11.7,45.7,0.0,0,"Welland, Walla Walla County",300070,Welland,2017-12-01 19:03:30.201625
2013-03-13,02:30,48.1,47.9,39.3,71.4,0.0,S@5.8,8.5,45.7,0.0,0,"Welland, Walla Walla County",300070,Welland,2017-12-01 19:03:30.201625
2013-03-13,02:45,48.0,47.8,39.3,71.8,0.0,SE@4.9,7.1,45.7,0.0,0,"Welland, Walla Walla County",300070,Welland,2017-12-01 19:03:30.201625
2013-03-13,03:00,47.7,47.5,39.1,72.0,0.0,SE@5.1,8.2,45.7,0.0,0,"Welland, Walla Walla County",300070,Welland,2017-12-01 19:03:30.201625
2013-03-13,03:15,47.7,47.7,39.3,72.4,0.0,SW@5.5,9.2,45.6,0.0,0,"Welland, Walla Walla County",300070,Welland,2017-12-01 19:03:30.201625
2013-03-13,03:30,49.0,48.8,39.6,69.9,0.0,SW@6.7,9.6,45.6,0.0,0,"Welland, Walla Walla County",300070,Welland,2017-12-01 19:03:30.201625
2013-03-13,03:45,48.4,48.1,39.5,71.2,0.0,SW@3.4,7.4,45.6,0.0,0,"Welland, Walla Walla County",300070,Welland,2017-12-01 19:03:30.201625
2013-03-13,04:00,48.5,48.3,39.6,71.1,0.0,S@2.4,4.2,45.6,0.0,0,"Welland, Walla Walla County",300070,Welland,2017-12-01 19:03:30.201625
2013-03-13,04:15,49.0,48.8,39.8,70.3,0.0,SW@3.5,6.7,45.5,0.0,0,"Welland, Walla Walla County",300070,Welland,2017-12-01 19:03:30.201625
2013-03-13,04:30,49.2,49.0,40.0,70.4,0.0,W@3.3,5.7,45.5,0.0,0,"Welland, Walla Walla County",300070,Welland,2017-12-01 19:03:30.201625
2013-03-13,04:45,49.0,48.8,39.8,70.5,0.0,S@5.0,8.5,45.5,0.0,0,"Welland, Walla Walla County",300070,Welland,2017-12-01 19:03:30.201625
2013-03-13,05:00,49.3,49.2,39.8,69.7,0.0,S@7.6,9.9,45.5,0.0,0,"Welland, Walla Walla County",300070,Welland,2017-12-01 19:03:30.201625
2013-03-13,05:15,49.1,48.9,39.9,70.5,0.0,S@6.3,8.9,45.4,0.0,0,"Welland, Walla Walla County",300070,Welland,2017-12-01 19:03:30.201625
2013-03-13,05:30,49.4,49.4,39.8,69.3,0.0,SW@6.7,9.9,45.4,0.0,0,"Welland, Walla Walla County",300070,Welland,2017-12-01 19:03:30.201625
2013-03-13,05:45,49.9,49.8,39.8,68.1,0.0,S@6.9,9.2,45.4,0.0,0,"Welland, Walla Walla County",300070,Welland,2017-12-01 19:03:30.201625
2013-03-13,06:00,49.7,49.6,39.8,68.5,0.0,S@6.6,10.3,45.4,0.0,0,"Welland, Walla Walla County",300070,Welland,2017-12-01 19:03:30.201625
2013-03-13,06:15,50.2,50.1,39.7,67.1,0.0,SW@6.7,9.9,45.3,0.0,1,"Welland, Walla Walla County",300070,Welland,2017-12-01 19:03:30.201625
2013-03-13,06:30,50.0,49.8,39.6,67.4,0.0,SW@7.9,12.4,45.3,0.0,8,"Welland, Walla Walla County",300070,Welland,2017-12-01 19:03:30.201625
2013-03-13,06:45,49.2,49.0,39.6,69.2,0.0,S@5.4,8.2,45.3,0.0,22,"Welland, Walla Walla County",300070,Welland,2017-12-01 19:03:30.201625
2013-03-13,07:00,48.4,48.1,39.5,71.2,0.0,S@4.3,6.4,45.2,0.0,55,"Welland, Walla Walla County",300070,Welland,2017-12-01 19:03:30.201625
2013-03-13,07:15,49.6,49.4,40.2,69.9,0.0,S@7.6,11.4,45.2,0.0,104,"Welland, Walla Walla County",300070,Welland,2017-12-01 19:03:30.201625
2013-03-13,07:30,51.9,51.7,40.7,65.5,0.0,SW@10.2,15.3,45.2,0.0,177,"Welland, Walla Walla County",300070,Welland,2017-12-01 19:03:30.201625
2013-03-13,07:45,53.2,52.8,41.0,63.2,0.0,SW@12.3,17.8,45.2,0.0,209,"Welland, Walla Walla County",300070,Welland,2017-12-01 19:03:30.201625
2013-03-13,08:00,54.1,53.7,41.2,61.5,0.0,SW@13.6,17.8,45.1,0.0,254,"Welland, Walla Walla County",300070,Welland,2017-12-01 19:03:30.201625
2013-03-13,08:15,54.9,54.5,41.4,60.1,0.0,SW@14.0,19.6,45.1,0.0,276,"Welland, Walla Walla County",300070,Welland,2017-12-01 19:03:30.201625
2013-03-13,08:30,55.0,54.6,41.3,59.8,0.0,SW@15.4,21.4,45.1,0.0,252,"Welland, Walla Walla County",300070,Welland,2017-12-01 19:03:30.201625
2013-03-13,08:45,55.2,54.8,41.4,59.5,0.0,SW@15.8,20.0,45.1,0.0,287,"Welland, Walla Walla County",300070,Welland,2017-12-01 19:03:30.201625
2013-03-13,09:00,55.8,55.4,41.6,58.7,0.0,SW@15.1,19.6,45.1,0.0,321,"Welland, Walla Walla County",300070,Welland,2017-12-01 19:03:30.201625
2013-03-13,09:15,56.4,55.9,41.8,57.9,0.0,SW@14.9,18.5,45.0,0.0,362,"Welland, Walla Walla County",300070,Welland,2017-12-01 19:03:30.201625
2013-03-13,09:30,56.9,56.5,41.9,57.1,0.0,SW@14.5,18.9,45.0,0.0,365,"Welland, Walla Walla County",300070,Welland,2017-12-01 19:03:30.201625
2013-03-13,09:45,57.3,56.8,42.0,56.4,0.0,SW@13.7,17.5,45.0,0.0,349,"Welland, Walla Walla County",300070,Welland,2017-12-01 19:03:30.201625
2013-03-13,10:00,57.8,57.4,42.2,55.9,0.0,SW@13.4,17.5,45.0,0.0,400,"Welland, Walla Walla County",300070,Welland,2017-12-01 19:03:30.201625
2013-03-13,10:15,58.6,58.2,42.4,54.6,0.0,SW@13.8,18.5,45.0,0.0,409,"Welland, Walla Walla County",300070,Welland,2017-12-01 19:03:30.201625
2013-03-13,10:30,58.1,57.7,42.1,55.1,0.0,SW@13.8,19.2,44.9,0.0,346,"Welland, Walla Walla County",300070,Welland,2017-12-01 19:03:30.201625
2013-03-13,10:45,58.6,58.3,42.1,54.1,0.0,SW@12.8,18.2,44.9,0.0,362,"Welland, Walla Walla County",300070,Welland,2017-12-01 19:03:30.201625
2013-03-13,11:00,59.1,58.7,41.8,52.5,0.0,SW@13.5,18.5,44.9,0.0,409,"Welland, Walla Walla County",300070,Welland,2017-12-01 19:03:30.201625
2013-03-13,11:15,59.3,58.8,41.2,50.9,0.0,S@14.8,18.9,44.9,0.0,416,"Welland, Walla Walla County",300070,Welland,2017-12-01 19:03:30.201625
2013-03-13,11:30,60.1,59.7,41.2,49.5,0.0,SW@13.5,17.8,45.0,0.0,456,"Welland, Walla Walla County",300070,Welland,2017-12-01 19:03:30.201625
2013-03-13,11:45,60.4,59.9,41.1,48.8,0.0,SW@13.3,19.2,45.0,0.0,473,"Welland, Walla Walla County",300070,Welland,2017-12-01 19:03:30.201625
2013-03-13,12:00,61.1,60.6,41.0,47.4,0.0,S@12.8,17.5,45.0,0.0,501,"Welland, Walla Walla County",300070,Welland,2017-12-01 19:03:30.201625
2013-03-13,12:15,62.1,61.5,40.8,45.5,0.0,S@12.4,18.2,45.0,0.0,595,"Welland, Walla Walla County",300070,Welland,2017-12-01 19:03:30.201625
2013-03-13,12:30,62.6,62.0,40.4,44.0,0.0,SW@13.0,18.2,45.0,0.0,554,"Welland, Walla Walla County",300070,Welland,2017-12-01 19:03:30.201625
2013-03-13,12:45,62.6,62.1,40.2,43.6,0.0,SW@12.3,17.5,45.0,0.0,507,"Welland, Walla Walla County",300070,Welland,2017-12-01 19:03:30.201625
2013-03-13,13:00,63.5,62.9,40.6,42.9,0.0,SW@11.9,16.4,45.1,0.0,508,"Welland, Walla Walla County",300070,Welland,2017-12-01 19:03:30.201625
2013-03-13,13:15,63.0,62.4,40.8,44.1,0.0,SW@12.8,16.4,45.1,0.0,434,"Welland, Walla Walla County",300070,Welland,2017-12-01 19:03:30.201625
2013-03-13,13:30,63.0,62.5,41.1,44.5,0.0,SW@12.0,16.4,45.2,0.0,414,"Welland, Walla Walla County",300070,Welland,2017-12-01 19:03:30.201625
2013-03-13,13:45,63.0,62.5,41.4,45.1,0.0,SW@12.1,16.4,45.2,0.0,402,"Welland, Walla Walla County",300070,Welland,2017-12-01 19:03:30.201625
2013-03-13,14:00,63.7,63.2,41.8,44.6,0.0,SW@11.8,16.0,45.3,0.0,415,"Welland, Walla Walla County",300070,Welland,2017-12-01 19:03:30.201625
2013-03-13,14:15,63.4,62.9,41.3,44.3,0.0,SW@11.1,15.0,45.3,0.0,348,"Welland, Walla Walla County",300070,Welland,2017-12-01 19:03:30.201625
2013-03-13,14:30,64.2,63.6,41.6,43.6,0.0,SW@9.8,13.9,45.4,0.0,425,"Welland, Walla Walla County",300070,Welland,2017-12-01 19:03:30.201625
2013-03-13,14:45,64.3,63.8,41.7,43.5,0.0,SW@8.0,12.1,45.5,0.0,401,"Welland, Walla Walla County",300070,Welland,2017-12-01 19:03:30.201625
2013-03-13,15:00,64.0,63.6,41.4,43.5,0.0,SW@6.6,9.6,45.5,0.0,284,"Welland, Walla Walla County",300070,Welland,2017-12-01 19:03:30.201625
2013-03-13,15:15,63.5,63.2,41.2,44.0,0.0,SW@6.0,8.5,45.6,0.0,225,"Welland, Walla Walla County",300070,Welland,2017-12-01 19:03:30.201625
2013-03-13,15:30,63.8,63.5,41.7,44.3,0.0,SW@6.7,9.6,45.7,0.0,227,"Welland, Walla Walla County",300070,Welland,2017-12-01 19:03:30.201625
2013-03-13,15:45,63.5,63.2,41.5,44.4,0.0,SW@5.5,8.9,45.8,0.0,176,"Welland, Walla Walla County",300070,Welland,2017-12-01 19:03:30.201625
2013-03-13,16:00,63.5,63.3,41.3,44.0,0.0,SW@5.4,7.8,45.9,0.0,164,"Welland, Walla Walla County",300070,Welland,2017-12-01 19:03:30.201625
2013-03-13,16:15,63.4,63.1,41.3,44.3,0.0,S@5.1,7.8,45.9,0.0,169,"Welland, Walla Walla County",300070,Welland,2017-12-01 19:03:30.201625
2013-03-13,16:30,63.7,63.3,41.5,44.2,0.0,S@6.2,8.2,46.0,0.0,176,"Welland, Walla Walla County",300070,Welland,2017-12-01 19:03:30.201625
2013-03-13,16:45,63.1,62.8,41.8,45.6,0.0,S@3.7,5.7,46.1,0.0,124,"Welland, Walla Walla County",300070,Welland,2017-12-01 19:03:30.201625
2013-03-13,17:00,64.0,63.7,41.8,44.1,0.0,SE@2.0,3.1,46.2,0.0,136,"Welland, Walla Walla County",300070,Welland,2017-12-01 19:03:30.201625
2013-03-13,17:15,63.0,62.6,41.8,45.7,0.0,SE@2.0,3.1,46.3,0.0,69,"Welland, Walla Walla County",300070,Welland,2017-12-01 19:03:30.201625
2013-03-13,17:30,62.0,61.7,42.9,49.5,0.0,SW@3.7,4.9,46.4,0.0,64,"Welland, Walla Walla County",300070,Welland,2017-12-01 19:03:30.201625
2013-03-13,17:45,60.6,60.2,43.0,52.1,0.0,S@3.0,4.2,46.4,0.0,49,"Welland, Walla Walla County",300070,Welland,2017-12-01 19:03:30.201625
2013-03-13,18:00,59.4,59.1,43.3,55.0,0.0,SE@2.3,3.5,46.5,0.0,15,"Welland, Walla Walla County",300070,Welland,2017-12-01 19:03:30.201625
2013-03-13,18:15,58.7,58.6,43.0,55.8,0.0,SE@3.5,4.6,46.6,0.0,1,"Welland, Walla Walla County",300070,Welland,2017-12-01 19:03:30.201625
2013-03-13,18:30,58.6,58.2,43.0,56.1,0.0,E@2.2,2.8,46.7,0.0,0,"Welland, Walla Walla County",300070,Welland,2017-12-01 19:03:30.201625
2013-03-13,18:45,57.0,56.8,42.6,58.6,0.0,E@3.5,4.2,46.8,0.0,0,"Welland, Walla Walla County",300070,Welland,2017-12-01 19:03:30.201625
2013-03-13,19:00,56.8,56.6,41.8,57.1,0.0,E@3.5,4.2,46.8,0.0,0,"Welland, Walla Walla County",300070,Welland,2017-12-01 19:03:30.201625
2013-03-13,19:15,54.9,54.6,41.3,60.0,0.0,SE@3.5,4.2,46.9,0.0,0,"Welland, Walla Walla County",300070,Welland,2017-12-01 19:03:30.201625
2013-03-13,19:30,53.6,52.8,41.0,62.3,0.0,E@3.6,4.6,46.9,0.0,0,"Welland, Walla Walla County",300070,Welland,2017-12-01 19:03:30.201625
2013-03-13,19:45,50.0,50.0,40.6,69.8,0.0,E@3.3,4.2,47.0,0.0,0,"Welland, Walla Walla County",300070,Welland,2017-12-01 19:03:30.201625
2013-03-13,20:00,52.0,51.7,41.0,66.0,0.0,E@3.4,3.9,47.1,0.0,0,"Welland, Walla Walla County",300070,Welland,2017-12-01 19:03:30.201625
2013-03-13,20:15,48.0,47.5,40.0,73.6,0.0,E@3.9,5.7,47.1,0.0,0,"Welland, Walla Walla County",300070,Welland,2017-12-01 19:03:30.201625
2013-03-13,20:30,47.3,47.2,40.2,76.2,0.0,E@3.6,4.2,47.1,0.0,0,"Welland, Walla Walla County",300070,Welland,2017-12-01 19:03:30.201625
2013-03-13,20:45,48.2,48.1,40.7,75.0,0.0,E@4.4,5.3,47.2,0.0,0,"Welland, Walla Walla County",300070,Welland,2017-12-01 19:03:30.201625
2013-03-13,21:00,50.6,50.7,41.2,69.9,0.0,SE@4.2,4.9,47.2,0.0,0,"Welland, Walla Walla County",300070,Welland,2017-12-01 19:03:30.201625
2013-03-13,21:15,50.9,50.6,41.1,69.1,0.0,SE@4.5,5.3,47.2,0.0,0,"Welland, Walla Walla County",300070,Welland,2017-12-01 19:03:30.201625
2013-03-13,21:30,50.3,50.2,40.8,69.8,0.0,SE@3.9,4.9,47.3,0.0,0,"Welland, Walla Walla County",300070,Welland,2017-12-01 19:03:30.201625
2013-03-13,21:45,50.8,50.7,40.8,68.3,0.0,SE@3.6,4.2,47.3,0.0,0,"Welland, Walla Walla County",300070,Welland,2017-12-01 19:03:30.201625
2013-03-13,22:00,49.7,49.3,40.3,70.1,0.0,E@3.0,4.2,47.3,0.0,0,"Welland, Walla Walla County",300070,Welland,2017-12-01 19:03:30.201625
2013-03-13,22:15,49.9,49.8,40.5,70.0,0.0,SE@3.4,4.2,47.3,0.0,0,"Welland, Walla Walla County",300070,Welland,2017-12-01 19:03:30.201625
2013-03-13,22:30,47.7,47.0,39.8,73.9,0.0,E@3.7,5.7,47.3,0.0,0,"Welland, Walla Walla County",300070,Welland,2017-12-01 19:03:30.201625
2013-03-13,22:45,44.5,44.4,39.5,82.6,0.0,E@4.7,6.0,47.3,0.0,0,"Welland, Walla Walla County",300070,Welland,2017-12-01 19:03:30.201625
2013-03-13,23:00,45.8,45.7,40.4,81.5,0.0,NE@4.7,6.0,47.3,0.0,0,"Welland, Walla Walla County",300070,Welland,2017-12-01 19:03:30.201625
2013-03-14,23:15,46.2,46.2,40.8,81.1,0.0,E@4.9,6.4,47.3,0.0,0,"Welland, Walla Walla County",300070,Welland,2017-12-01 19:03:30.201625
2013-03-14,23:30,45.8,45.5,40.4,81.2,0.0,E@4.6,6.0,47.3,0.0,0,"Welland, Walla Walla County",300070,Welland,2017-12-01 19:03:30.201625
2013-03-14,23:45,44.7,44.6,40.0,83.6,0.0,E@5.5,6.7,47.2,0.0,0,"Welland, Walla Walla County",300070,Welland,2017-12-01 19:03:30.201625
2013-03-14,24:00,45.3,45.2,40.4,82.7,0.0,E@5.2,6.0,47.2,0.0,0,"Welland, Walla Walla County",300070,Welland,2017-12-01 19:03:30.201625
2013-03-14,00:15,45.9,45.9,40.6,81.7,0.0,E@5.4,6.7,47.2,0.0,0,"Welland, Walla Walla County",300070,Welland,2017-12-01 19:03:30.201625
2013-03-14,00:30,46.3,46.3,40.9,81.0,0.0,NE@4.8,6.0,47.2,0.0,0,"Welland, Walla Walla County",300070,Welland,2017-12-01 19:03:30.201625
2013-03-14,00:45,47.0,46.9,41.1,79.8,0.0,NE@4.6,5.7,47.1,0.0,0,"Welland, Walla Walla County",300070,Welland,2017-12-01 19:03:30.201625
2013-03-14,01:00,46.6,46.4,41.2,81.2,0.0,NE@5.1,7.1,47.1,0.0,0,"Welland, Walla Walla County",300070,Welland,2017-12-01 19:03:30.201625
2013-03-14,01:15,46.8,46.6,40.9,80.0,0.0,NE@5.6,6.7,47.1,0.0,0,"Welland, Walla Walla County",300070,Welland,2017-12-01 19:03:30.201625
2013-03-14,01:30,45.9,45.8,40.6,81.4,0.0,NE@5.9,7.1,47.0,0.0,0,"Welland, Walla Walla County",300070,Welland,2017-12-01 19:03:30.201625
2013-03-14,01:45,46.4,46.3,40.7,80.5,0.0,NE@4.5,6.4,47.0,0.0,0,"Welland, Walla Walla County",300070,Welland,2017-12-01 19:03:30.201625
2013-03-14,02:00,46.8,46.7,40.7,79.3,0.0,NE@4.0,4.6,47.0,0.0,0,"Welland, Walla Walla County",300070,Welland,2017-12-01 19:03:30.201625
2013-03-14,02:15,47.7,47.5,40.7,76.5,0.0,NE@3.8,4.6,46.9,0.0,0,"Welland, Walla Walla County",300070,Welland,2017-12-01 19:03:30.201625
2013-03-14,02:30,47.5,47.3,40.7,77.0,0.0,NE@3.7,4.9,46.9,0.0,0,"Welland, Walla Walla County",300070,Welland,2017-12-01 19:03:30.201625
2013-03-14,02:45,47.6,47.4,40.2,75.5,0.0,NE@4.8,7.1,46.9,0.0,0,"Welland, Walla Walla County",300070,Welland,2017-12-01 19:03:30.201625
2013-03-14,03:00,46.9,46.8,40.0,76.6,0.0,NE@4.0,5.3,46.8,0.0,0,"Welland, Walla Walla County",300070,Welland,2017-12-01 19:03:30.201625
2013-03-14,03:15,47.2,47.1,39.9,75.8,0.0,NE@4.4,5.3,46.8,0.0,0,"Welland, Walla Walla County",300070,Welland,2017-12-01 19:03:30.201625
2013-03-14,03:30,48.1,47.9,39.8,72.8,0.0,NE@2.6,4.2,46.7,0.0,0,"Welland, Walla Walla County",300070,Welland,2017-12-01 19:03:30.201625
2013-03-14,03:45,47.2,46.9,40.0,75.8,0.0,NE@3.5,4.6,46.7,0.0,0,"Welland, Walla Walla County",300070,Welland,2017-12-01 19:03:30.201625
2013-03-14,04:00,46.7,46.5,40.2,77.9,0.0,NE@3.7,4.9,46.7,0.0,0,"Welland, Walla Walla County",300070,Welland,2017-12-01 19:03:30.201625
2013-03-14,04:15,46.2,46.0,40.2,79.4,0.0,N@3.1,3.5,46.6,0.0,0,"Welland, Walla Walla County",300070,Welland,2017-12-01 19:03:30.201625
2013-03-14,04:30,45.9,45.7,40.2,80.2,0.0,N@3.0,3.5,46.6,0.0,0,"Welland, Walla Walla County",300070,Welland,2017-12-01 19:03:30.201625
2013-03-14,04:45,46.2,46.2,39.9,78.8,0.0,N@3.2,3.9,46.5,0.0,0,"Welland, Walla Walla County",300070,Welland,2017-12-01 19:03:30.201625
2013-03-14,05:00,46.8,46.5,39.9,76.7,0.0,N@3.3,3.9,46.5,0.0,0,"Welland, Walla Walla County",300070,Welland,2017-12-01 19:03:30.201625
2013-03-14,05:15,47.8,47.4,39.6,73.2,0.0,NW@2.5,3.5,46.5,0.0,0,"Welland, Walla Walla County",300070,Welland,2017-12-01 19:03:30.201625
2013-03-14,05:30,48.2,48.0,39.6,72.0,0.0,N@3.2,4.2,46.4,0.0,0,"Welland, Walla Walla County",300070,Welland,2017-12-01 19:03:30.201625
2013-03-14,05:45,48.2,48.1,40.1,73.4,0.0,NE@2.9,4.2,46.4,0.0,0,"Welland, Walla Walla County",300070,Welland,2017-12-01 19:03:30.201625
2013-03-14,06:00,47.9,47.7,40.1,74.4,0.0,NW@3.1,4.6,46.4,0.0,0,"Welland, Walla Walla County",300070,Welland,2017-12-01 19:03:30.201625
2013-03-14,06:15,47.7,47.4,40.2,75.2,0.0,E@2.2,3.9,46.3,0.0,1,"Welland, Walla Walla County",300070,Welland,2017-12-01 19:03:30.201625
2013-03-14,06:30,47.2,46.8,40.0,76.1,0.0,S@2.4,3.1,46.3,0.0,6,"Welland, Walla Walla County",300070,Welland,2017-12-01 19:03:30.201625
2013-03-14,06:45,46.6,46.4,39.8,77.0,0.0,S@3.3,4.6,46.3,0.0,16,"Welland, Walla Walla County",300070,Welland,2017-12-01 19:03:30.201625
2013-03-14,07:00,46.6,46.4,40.3,78.7,0.0,W@2.2,3.9,46.3,0.0,39,"Welland, Walla Walla County",300070,Welland,2017-12-01 19:03:30.201625
2013-03-14,07:15,47.1,47.0,41.0,79.0,0.0,N@2.5,4.9,46.2,0.0,44,"Welland, Walla Walla County",300070,Welland,2017-12-01 19:03:30.201625
2013-03-14,07:30,48.7,48.4,41.8,76.8,0.0,NE@1.2,2.4,46.2,0.0,48,"Welland, Walla Walla County",300070,Welland,2017-12-01 19:03:30.201625
2013-03-14,07:45,49.9,49.7,42.4,75.4,0.0,SW@2.4,3.9,46.2,0.0,68,"Welland, Walla Walla County",300070,Welland,2017-12-01 19:03:30.201625
2013-03-14,08:00,50.4,50.2,42.4,73.8,0.0,W@4.8,7.1,46.1,0.0,98,"Welland, Walla Walla County",300070,Welland,2017-12-01 19:03:30.201625
2013-03-14,08:15,50.8,50.7,42.7,73.4,0.0,W@4.3,6.7,46.1,0.0,124,"Welland, Walla Walla County",300070,Welland,2017-12-01 19:03:30.201625
2013-03-14,08:30,51.3,51.1,43.5,74.3,0.0,W@4.5,7.4,46.1,0.0,139,"Welland, Walla Walla County",300070,Welland,2017-12-01 19:03:30.201625
2013-03-14,08:45,52.0,51.8,43.3,72.3,0.0,SW@6.9,9.2,46.1,0.0,187,"Welland, Walla Walla County",300070,Welland,2017-12-01 19:03:30.201625
2013-03-14,09:00,53.4,53.2,43.7,69.6,0.0,SW@8.3,10.3,46.0,0.0,237,"Welland, Walla Walla County",300070,Welland,2017-12-01 19:03:30.201625
2013-03-14,09:15,55.0,54.6,44.2,67.0,0.0,SW@8.9,11.7,46.0,0.0,335,"Welland, Walla Walla County",300070,Welland,2017-12-01 19:03:30.201625
2013-03-14,09:30,55.5,55.0,44.0,65.2,0.0,SW@9.2,12.4,46.0,0.0,348,"Welland, Walla Walla County",300070,Welland,2017-12-01 19:03:30.201625
2013-03-14,09:45,56.9,56.5,44.6,63.3,0.0,W@7.1,9.9,46.0,0.0,484,"Welland, Walla Walla County",300070,Welland,2017-12-01 19:03:30.201625
2013-03-14,10:00,57.9,57.5,44.7,61.3,0.0,SW@7.2,9.9,45.9,0.0,337,"Welland, Walla Walla County",300070,Welland,2017-12-01 19:03:30.201625
2013-03-14,10:15,58.1,57.7,44.7,60.8,0.0,SW@8.4,11.7,45.9,0.0,325,"Welland, Walla Walla County",300070,Welland,2017-12-01 19:03:30.201625
2013-03-14,10:30,57.5,57.1,44.7,62.2,0.0,SW@7.2,10.3,45.9,0.0,237,"Welland, Walla Walla County",300070,Welland,2017-12-01 19:03:30.201625
2013-03-14,10:45,57.0,56.7,44.5,62.9,0.0,SW@7.4,8.9,45.9,0.0,214,"Welland, Walla Walla County",300070,Welland,2017-12-01 19:03:30.201625
2013-03-14,11:00,56.2,55.9,44.9,65.6,0.0,S@7.8,10.3,45.9,0.0,200,"Welland, Walla Walla County",300070,Welland,2017-12-01 19:03:30.201625
2013-03-14,11:15,56.1,55.9,45.4,67.1,0.0,S@8.1,11.4,45.9,0.0,216,"Welland, Walla Walla County",300070,Welland,2017-12-01 19:03:30.201625
2013-03-14,11:30,57.5,57.3,46.0,65.4,0.0,S@8.2,10.3,45.9,0.0,232,"Welland, Walla Walla County",300070,Welland,2017-12-01 19:03:30.201625
2013-03-14,11:45,58.8,58.5,45.4,61.2,0.0,S@7.7,11.0,45.9,0.0,223,"Welland, Walla Walla County",300070,Welland,2017-12-01 19:03:30.201625
2013-03-14,12:00,59.7,59.5,46.2,60.8,0.0,S@9.0,12.4,45.9,0.0,277,"Welland, Walla Walla County",300070,Welland,2017-12-01 19:03:30.201625
2013-03-14,12:15,60.5,60.2,47.0,61.0,0.0,S@9.5,13.5,45.9,0.0,315,"Welland, Walla Walla County",300070,Welland,2017-12-01 19:03:30.201625
2013-03-14,12:30,62.3,62.0,46.9,57.1,0.0,S@11.0,14.6,45.9,0.0,355,"Welland, Walla Walla County",300070,Welland,2017-12-01 19:03:30.201625
2013-03-14,12:45,62.6,62.2,45.9,54.3,0.0,S@11.6,15.0,45.9,0.0,277,"Welland, Walla Walla County",300070,Welland,2017-12-01 19:03:30.201625
2013-03-14,13:00,62.5,62.2,46.1,54.9,0.0,S@11.6,15.0,45.9,0.0,276,"Welland, Walla Walla County",300070,Welland,2017-12-01 19:03:30.201625
2013-03-14,13:15,63.2,62.8,46.1,53.7,0.0,S@11.8,16.0,46.0,0.0,297,"Welland, Walla Walla County",300070,Welland,2017-12-01 19:03:30.201625
2013-03-14,13:30,63.2,62.9,46.8,54.9,0.0,S@10.7,14.2,46.0,0.0,284,"Welland, Walla Walla County",300070,Welland,2017-12-01 19:03:30.201625
2013-03-14,13:45,63.2,62.8,46.3,54.0,0.0,SW@10.9,13.9,46.1,0.0,280,"Welland, Walla Walla County",300070,Welland,2017-12-01 19:03:30.201625
2013-03-14,14:00,63.6,63.3,45.8,52.2,0.0,SW@10.7,15.7,46.1,0.0,292,"Welland, Walla Walla County",300070,Welland,2017-12-01 19:03:30.201625
2013-03-14,14:15,64.2,63.9,45.0,49.6,0.0,SW@10.7,15.0,46.1,0.0,306,"Welland, Walla Walla County",300070,Welland,2017-12-01 19:03:30.201625
2013-03-14,14:30,64.5,64.1,44.9,49.0,0.0,SW@11.4,15.0,46.2,0.0,262,"Welland, Walla Walla County",300070,Welland,2017-12-01 19:03:30.201625
2013-03-14,14:45,64.8,64.4,44.8,48.4,0.0,SW@12.8,16.4,46.2,0.0,293,"Welland, Walla Walla County",300070,Welland,2017-12-01 19:03:30.201625
2013-03-14,15:00,65.5,65.2,44.4,46.4,0.0,SW@12.4,17.1,46.3,0.0,244,"Welland, Walla Walla County",300070,Welland,2017-12-01 19:03:30.201625
2013-03-14,15:15,66.2,65.9,43.6,43.8,0.0,SW@14.0,18.2,46.3,0.0,349,"Welland, Walla Walla County",300070,Welland,2017-12-01 19:03:30.201625
2013-03-14,15:30,66.2,65.8,43.8,44.3,0.0,SW@13.1,18.2,46.3,0.0,297,"Welland, Walla Walla County",300070,Welland,2017-12-01 19:03:30.201625
2013-03-14,15:45,65.9,65.5,43.2,43.7,0.0,SW@14.9,20.0,46.4,0.0,209,"Welland, Walla Walla County",300070,Welland,2017-12-01 19:03:30.201625
2013-03-14,16:00,65.7,65.3,41.9,41.9,0.0,SW@12.9,17.8,46.5,0.0,167,"Welland, Walla Walla County",300070,Welland,2017-12-01 19:03:30.201625
2013-03-14,16:15,64.5,64.3,41.5,42.9,0.0,SW@11.1,14.2,46.5,0.0,77,"Welland, Walla Walla County",300070,Welland,2017-12-01 19:03:30.201625
2013-03-14,16:30,63.4,63.2,42.4,46.2,0.0,SW@10.6,14.2,46.6,0.0,58,"Welland, Walla Walla County",300070,Welland,2017-12-01 19:03:30.201625
2013-03-14,16:45,62.7,62.5,43.9,50.1,0.0,SW@10.0,13.2,46.6,0.0,68,"Welland, Walla Walla County",300070,Welland,2017-12-01 19:03:30.201625
2013-03-14,17:00,61.5,61.3,44.8,54.1,0.0,SW@8.5,12.4,46.7,0.0,50,"Welland, Walla Walla County",300070,Welland,2017-12-01 19:03:30.201625
2013-03-14,17:15,60.4,60.2,45.5,57.7,0.0,SW@6.8,8.9,46.8,0.0,49,"Welland, Walla Walla County",300070,Welland,2017-12-01 19:03:30.201625
2013-03-14,17:30,59.4,59.2,45.2,59.3,0.0,SW@6.4,8.9,46.8,0.0,33,"Welland, Walla Walla County",300070,Welland,2017-12-01 19:03:30.201625
2013-03-14,17:45,57.9,57.7,44.5,60.8,0.0,SW@5.6,7.1,46.9,0.0,18,"Welland, Walla Walla County",300070,Welland,2017-12-01 19:03:30.201625
2013-03-14,18:00,56.8,56.6,44.2,62.6,0.0,SW@4.8,6.0,46.9,0.0,8,"Welland, Walla Walla County",300070,Welland,2017-12-01 19:03:30.201625
2013-03-14,18:15,56.4,56.3,43.6,62.0,0.0,SW@5.4,6.7,47.0,0.0,1,"Welland, Walla Walla County",300070,Welland,2017-12-01 19:03:30.201625
2013-03-14,18:30,56.4,56.3,43.5,61.9,0.0,SW@6.0,7.1,47.1,0.0,0,"Welland, Walla Walla County",300070,Welland,2017-12-01 19:03:30.201625
2013-03-14,18:45,56.3,56.1,43.8,62.9,0.0,SW@5.4,7.4,47.1,0.0,0,"Welland, Walla Walla County",300070,Welland,2017-12-01 19:03:30.201625
2013-03-14,19:00,56.1,55.9,43.8,63.4,0.0,S@5.4,9.2,47.2,0.0,0,"Welland, Walla Walla County",300070,Welland,2017-12-01 19:03:30.201625
2013-03-14,19:15,56.4,56.3,43.4,61.7,0.0,S@7.7,10.3,47.2,0.0,0,"Welland, Walla Walla County",300070,Welland,2017-12-01 19:03:30.201625
2013-03-14,19:30,56.6,56.6,43.4,61.0,0.0,S@8.0,12.8,47.3,0.0,0,"Welland, Walla Walla County",300070,Welland,2017-12-01 19:03:30.201625
2013-03-14,19:45,57.1,56.9,43.2,59.7,0.0,SW@8.4,11.4,47.3,0.0,0,"Welland, Walla Walla County",300070,Welland,2017-12-01 19:03:30.201625
2013-03-14,20:00,56.2,56.2,43.2,61.5,0.0,SW@8.1,11.7,47.4,0.0,0,"Welland, Walla Walla County",300070,Welland,2017-12-01 19:03:30.201625
2013-03-14,20:15,57.5,57.5,42.3,56.8,0.0,SW@10.8,16.7,47.4,0.0,0,"Welland, Walla Walla County",300070,Welland,2017-12-01 19:03:30.201625
2013-03-14,20:30,58.6,58.5,40.5,50.9,0.0,SW@14.2,18.9,47.4,0.0,0,"Welland, Walla Walla County",300070,Welland,2017-12-01 19:03:30.201625
2013-03-14,20:45,58.6,58.5,37.3,45.0,0.0,SW@16.1,22.1,47.4,0.0,0,"Welland, Walla Walla County",300070,Welland,2017-12-01 19:03:30.201625
2013-03-14,21:00,58.1,58.0,35.4,42.5,0.0,SW@15.9,22.5,47.5,0.0,0,"Welland, Walla Walla County",300070,Welland,2017-12-01 19:03:30.201625
2013-03-14,21:15,57.6,57.5,33.6,40.2,0.0,SW@17.2,22.1,47.5,0.0,0,"Welland, Walla Walla County",300070,Welland,2017-12-01 19:03:30.201625
2013-03-14,21:30,56.9,56.8,33.1,40.3,0.0,SW@16.0,22.8,47.5,0.0,0,"Welland, Walla Walla County",300070,Welland,2017-12-01 19:03:30.201625
2013-03-14,21:45,55.7,55.5,34.6,44.9,0.0,SW@14.2,19.6,47.5,0.0,0,"Welland, Walla Walla County",300070,Welland,2017-12-01 19:03:30.201625
2013-03-14,22:00,55.3,55.2,34.6,45.5,0.0,SW@13.1,19.2,47.5,0.0,0,"Welland, Walla Walla County",300070,Welland,2017-12-01 19:03:30.201625
2013-03-14,22:15,55.0,54.9,35.3,47.2,0.0,SW@12.7,18.9,47.6,0.0,0,"Welland, Walla Walla County",300070,Welland,2017-12-01 19:03:30.201625
2013-03-14,22:30,55.1,55.0,36.3,49.1,0.0,SW@12.1,18.9,47.6,0.0,0,"Welland, Walla Walla County",300070,Welland,2017-12-01 19:03:30.201625
2013-03-14,22:45,54.5,54.4,37.0,51.5,0.0,SW@13.8,20.0,47.6,0.0,0,"Welland, Walla Walla County",300070,Welland,2017-12-01 19:03:30.201625
2013-03-14,23:00,54.2,54.2,38.0,54.1,0.0,SW@15.3,20.7,47.6,0.0,0,"Welland, Walla Walla County",300070,Welland,2017-12-01 19:03:30.201625
2013-03-15,23:15,53.9,53.8,39.1,57.1,0.0,SW@16.6,23.5,47.6,0.0,0,"Welland, Walla Walla County",300070,Welland,2017-12-01 19:03:30.201625
2013-03-15,23:30,53.5,53.5,40.0,59.9,0.0,SW@16.4,22.1,47.6,0.0,0,"Welland, Walla Walla County",300070,Welland,2017-12-01 19:03:30.201625
2013-03-15,23:45,53.1,53.0,40.3,61.7,0.0,SW@16.8,23.5,47.6,0.0,0,"Welland, Walla Walla County",300070,Welland,2017-12-01 19:03:30.201625
2013-03-15,24:00,52.0,51.8,40.2,64.0,0.0,SW@11.3,17.1,47.6,0.0,0,"Welland, Walla Walla County",300070,Welland,2017-12-01 19:03:30.201625
2013-03-15,00:15,51.9,51.9,40.6,65.2,0.0,SW@11.4,16.0,47.6,0.0,0,"Welland, Walla Walla County",300070,Welland,2017-12-01 19:03:30.201625
2013-03-15,00:30,51.8,51.7,41.1,66.7,0.0,SW@14.0,19.6,47.6,0.0,0,"Welland, Walla Walla County",300070,Welland,2017-12-01 19:03:30.201625
2013-03-15,00:45,51.4,51.3,41.1,67.6,0.0,SW@13.6,20.0,47.6,0.0,0,"Welland, Walla Walla County",300070,Welland,2017-12-01 19:03:30.201625
2013-03-15,01:00,50.9,50.8,41.1,69.1,0.0,SW@13.3,17.5,47.6,0.0,0,"Welland, Walla Walla County",300070,Welland,2017-12-01 19:03:30.201625
2013-03-15,01:15,50.7,50.6,41.2,69.7,0.0,SW@10.4,15.3,47.6,0.0,0,"Welland, Walla Walla County",300070,Welland,2017-12-01 19:03:30.201625
2013-03-15,01:30,50.3,50.2,41.4,71.3,0.0,SW@13.5,17.8,47.6,0.0,0,"Welland, Walla Walla County",300070,Welland,2017-12-01 19:03:30.201625
2013-03-15,01:45,50.0,49.9,41.4,72.2,0.0,SW@11.8,17.5,47.6,0.0,0,"Welland, Walla Walla County",300070,Welland,2017-12-01 19:03:30.201625
2013-03-15,02:00,49.9,49.8,41.4,72.4,0.0,SW@12.5,16.4,47.6,0.0,0,"Welland, Walla Walla County",300070,Welland,2017-12-01 19:03:30.201625
2013-03-15,02:15,49.5,49.4,41.3,73.3,0.0,SW@12.2,16.0,47.5,0.0,0,"Welland, Walla Walla County",300070,Welland,2017-12-01 19:03:30.201625
2013-03-15,02:30,48.9,48.8,41.3,74.7,0.0,SW@12.3,16.4,47.5,0.0,0,"Welland, Walla Walla County",300070,Welland,2017-12-01 19:03:30.201625
2013-03-15,02:45,48.8,48.7,41.3,75.1,0.0,SW@13.6,18.5,47.5,0.0,0,"Welland, Walla Walla County",300070,Welland,2017-12-01 19:03:30.201625
2013-03-15,03:00,48.8,48.7,41.4,75.5,0.0,SW@14.2,19.6,47.5,0.0,0,"Welland, Walla Walla County",300070,Welland,2017-12-01 19:03:30.201625
2013-03-15,03:15,48.7,48.6,41.5,75.9,0.0,SW@15.1,19.6,47.5,0.0,0,"Welland, Walla Walla County",300070,Welland,2017-12-01 19:03:30.201625
2013-03-15,03:30,48.6,48.5,41.5,76.3,0.0,SW@11.7,16.7,47.5,0.0,0,"Welland, Walla Walla County",300070,Welland,2017-12-01 19:03:30.201625
2013-03-15,03:45,48.9,48.8,41.7,76.1,0.0,SW@12.3,18.5,47.5,0.0,0,"Welland, Walla Walla County",300070,Welland,2017-12-01 19:03:30.201625
2013-03-15,04:00,48.7,48.6,41.7,76.7,0.0,SW@12.5,16.4,47.5,0.0,0,"Welland, Walla Walla County",300070,Welland,2017-12-01 19:03:30.201625
2013-03-15,04:15,47.9,47.7,41.6,78.5,0.0,SW@11.3,15.0,47.4,0.0,0,"Welland, Walla Walla County",300070,Welland,2017-12-01 19:03:30.201625
2013-03-15,04:30,47.4,47.3,41.5,79.8,0.0,SW@11.6,15.0,47.4,0.0,0,"Welland, Walla Walla County",300070,Welland,2017-12-01 19:03:30.201625
2013-03-15,04:45,47.4,47.2,41.7,80.4,0.0,SW@12.3,16.0,47.4,0.0,0,"Welland, Walla Walla County",300070,Welland,2017-12-01 19:03:30.201625
2013-03-15,05:00,47.2,47.0,41.6,81.0,0.0,SW@10.9,14.6,47.4,0.0,0,"Welland, Walla Walla County",300070,Welland,2017-12-01 19:03:30.201625
2013-03-15,05:15,46.9,46.8,41.6,81.6,0.0,SW@9.9,13.2,47.4,0.0,0,"Welland, Walla Walla County",300070,Welland,2017-12-01 19:03:30.201625
2013-03-15,05:30,47.1,47.0,41.8,81.6,0.0,SW@10.7,13.5,47.3,0.0,0,"Welland, Walla Walla County",300070,Welland,2017-12-01 19:03:30.201625
2013-03-15,05:45,46.9,46.8,41.8,82.2,0.0,SW@10.3,13.5,47.3,0.0,0,"Welland, Walla Walla County",300070,Welland,2017-12-01 19:03:30.201625
2013-03-15,06:00,46.7,46.5,41.6,82.3,0.0,SW@7.9,11.4,47.3,0.0,0,"Welland, Walla Walla County",300070,Welland,2017-12-01 19:03:30.201625
2013-03-15,06:15,46.0,45.9,41.3,83.5,0.01,SW@6.1,10.3,47.3,0.0,4,"Welland, Walla Walla County",300070,Welland,2017-12-01 19:03:30.201625
2013-03-15,06:30,46.7,46.6,41.8,82.9,0.02,SW@7.9,10.3,47.2,0.0,21,"Welland, Walla Walla County",300070,Welland,2017-12-01 19:03:30.201625
2013-03-15,06:45,46.9,46.7,42.1,83.2,0.01,SW@8.8,12.1,47.2,0.0,37,"Welland, Walla Walla County",300070,Welland,2017-12-01 19:03:30.201625
2013-03-15,07:00,47.5,47.3,42.5,82.7,0.01,SW@8.8,11.7,47.2,0.0,57,"Welland, Walla Walla County",300070,Welland,2017-12-01 19:03:30.201625
2013-03-15,07:15,48.1,47.9,42.7,81.6,0.01,SW@9.1,12.8,47.1,0.0,81,"Welland, Walla Walla County",300070,Welland,2017-12-01 19:03:30.201625
2013-03-15,07:30,48.7,48.5,43.0,80.6,0.0,SW@9.6,13.5,47.1,0.0,107,"Welland, Walla Walla County",300070,Welland,2017-12-01 19:03:30.201625
2013-03-15,07:45,49.6,49.4,43.2,78.4,0.0,SW@10.9,14.2,47.1,0.0,147,"Welland, Walla Walla County",300070,Welland,2017-12-01 19:03:30.201625
2013-03-15,08:00,50.4,50.2,43.4,76.8,0.0,SW@11.7,16.0,47.1,0.0,182,"Welland, Walla Walla County",300070,Welland,2017-12-01 19:03:30.201625
2013-03-15,08:15,51.4,51.1,43.6,74.5,0.0,SW@12.9,20.0,47.0,0.0,238,"Welland, Walla Walla County",300070,Welland,2017-12-01 19:03:30.201625
2013-03-15,08:30,52.0,51.7,43.4,72.3,0.0,SW@13.9,17.8,47.0,0.0,264,"Welland, Walla Walla County",300070,Welland,2017-12-01 19:03:30.201625
2013-03-15,08:45,52.9,52.5,43.5,70.2,0.0,SW@14.6,18.9,47.0,0.0,298,"Welland, Walla Walla County",300070,Welland,2017-12-01 19:03:30.201625
2013-03-15,09:00,53.9,53.5,43.5,67.6,0.0,SW@14.3,19.2,47.0,0.0,350,"Welland, Walla Walla County",300070,Welland,2017-12-01 19:03:30.201625
2013-03-15,09:15,54.6,54.1,43.3,65.6,0.0,SW@15.2,19.2,46.9,0.0,359,"Welland, Walla Walla County",300070,Welland,2017-12-01 19:03:30.201625
2013-03-15,09:30,55.0,54.5,43.2,64.4,0.0,SW@14.4,18.5,46.9,0.0,383,"Welland, Walla Walla County",300070,Welland,2017-12-01 19:03:30.201625
2013-03-15,09:45,55.2,54.8,43.3,64.1,0.0,SW@12.8,17.1,46.9,0.0,364,"Welland, Walla Walla County",300070,Welland,2017-12-01 19:03:30.201625
2013-03-15,10:00,55.7,55.2,43.3,63.1,0.0,SW@12.2,16.4,46.8,0.0,364,"Welland, Walla Walla County",300070,Welland,2017-12-01 19:03:30.201625
2013-03-15,10:15,56.4,55.9,43.5,61.8,0.0,SW@13.0,17.1,46.8,0.0,487,"Welland, Walla Walla County",300070,Welland,2017-12-01 19:03:30.201625
2013-03-15,10:30,57.2,56.7,43.4,59.8,0.0,SW@13.2,17.8,46.8,0.0,520,"Welland, Walla Walla County",300070,Welland,2017-12-01 19:03:30.201625
2013-03-15,10:45,57.6,57.1,43.4,59.0,0.0,SW@11.8,16.0,46.8,0.0,494,"Welland, Walla Walla County",300070,Welland,2017-12-01 19:03:30.201625
2013-03-15,11:00,58.0,57.4,43.4,58.1,0.0,SW@12.0,17.5,46.8,0.0,530,"Welland, Walla Walla County",300070,Welland,2017-12-01 19:03:30.201625
2013-03-15,11:15,58.5,57.8,43.2,56.8,0.0,SW@11.3,15.7,46.8,0.0,569,"Welland, Walla Walla County",300070,Welland,2017-12-01 19:03:30.201625
2013-03-15,11:30,58.6,58.0,42.4,54.8,0.0,SW@10.2,13.5,46.8,0.0,513,"Welland, Walla Walla County",300070,Welland,2017-12-01 19:03:30.201625
2013-03-15,11:45,59.2,58.7,42.6,53.9,0.0,SW@9.4,13.5,46.8,0.0,531,"Welland, Walla Walla County",300070,Welland,2017-12-01 19:03:30.201625
2013-03-15,12:00,59.6,59.1,42.3,52.7,0.0,SW@10.2,14.2,46.8,0.0,543,"Welland, Walla Walla County",300070,Welland,2017-12-01 19:03:30.201625
2013-03-15,12:15,59.4,58.8,41.3,51.2,0.0,SW@10.0,15.3,46.8,0.0,489,"Welland, Walla Walla County",300070,Welland,2017-12-01 19:03:30.201625
2013-03-15,12:30,59.7,59.3,41.7,51.2,0.0,SW@9.4,14.2,46.8,0.0,450,"Welland, Walla Walla County",300070,Welland,2017-12-01 19:03:30.201625
2013-03-15,12:45,60.4,59.7,41.7,50.0,0.0,SW@11.6,16.4,46.8,0.0,530,"Welland, Walla Walla County",300070,Welland,2017-12-01 19:03:30.201625
2013-03-15,13:00,61.0,60.5,41.5,48.4,0.0,SW@12.0,16.0,46.8,0.0,573,"Welland, Walla Walla County",300070,Welland,2017-12-01 19:03:30.201625
2013-03-15,13:15,61.6,61.0,41.4,47.4,0.0,SW@11.8,16.7,46.8,0.0,571,"Welland, Walla Walla County",300070,Welland,2017-12-01 19:03:30.201625
2013-03-15,13:30,61.3,60.6,40.9,47.0,0.0,SW@11.1,16.7,46.8,0.0,533,"Welland, Walla Walla County",300070,Welland,2017-12-01 19:03:30.201625
2013-03-15,13:45,61.3,60.7,41.0,47.1,0.0,SW@10.2,15.7,46.9,0.0,488,"Welland, Walla Walla County",300070,Welland,2017-12-01 19:03:30.201625
2013-03-15,14:00,61.1,60.6,40.8,47.1,0.0,W@9.9,13.9,46.9,0.0,396,"Welland, Walla Walla County",300070,Welland,2017-12-01 19:03:30.201625
2013-03-15,14:15,61.5,61.0,41.5,47.8,0.0,SW@9.1,15.0,47.0,0.0,464,"Welland, Walla Walla County",300070,Welland,2017-12-01 19:03:30.201625
2013-03-15,14:30,62.0,61.4,42.1,47.9,0.0,SW@11.7,16.7,47.0,0.0,488,"Welland, Walla Walla County",300070,Welland,2017-12-01 19:03:30.201625
2013-03-15,14:45,61.5,60.9,41.8,48.2,0.0,SW@10.9,16.7,47.1,0.0,340,"Welland, Walla Walla County",300070,Welland,2017-12-01 19:03:30.201625
2013-03-15,15:00,61.2,60.8,41.6,48.5,0.0,SW@9.2,13.5,47.1,0.0,367,"Welland, Walla Walla County",300070,Welland,2017-12-01 19:03:30.201625
2013-03-15,15:15,61.4,60.9,41.7,48.1,0.0,SW@8.2,12.8,47.2,0.0,354,"Welland, Walla Walla County",300070,Welland,2017-12-01 19:03:30.201625
2013-03-15,15:30,61.5,61.1,41.5,47.7,0.0,SW@8.2,12.8,47.3,0.0,384,"Welland, Walla Walla County",300070,Welland,2017-12-01 19:03:30.201625
2013-03-15,15:45,61.6,61.1,41.4,47.4,0.0,SW@7.9,15.0,47.3,0.0,329,"Welland, Walla Walla County",300070,Welland,2017-12-01 19:03:30.201625
2013-03-15,16:00,61.4,60.9,40.5,46.0,0.0,SW@8.5,13.5,47.4,0.0,267,"Welland, Walla Walla County",300070,Welland,2017-12-01 19:03:30.201625
2013-03-15,16:15,60.5,60.1,40.0,46.7,0.0,SW@7.0,9.2,47.5,0.0,163,"Welland, Walla Walla County",300070,Welland,2017-12-01 19:03:30.201625
2013-03-15,16:30,60.3,60.0,40.0,47.0,0.0,SW@6.6,9.2,47.6,0.0,173,"Welland, Walla Walla County",300070,Welland,2017-12-01 19:03:30.201625
2013-03-15,16:45,60.6,60.2,39.8,46.1,0.0,SW@5.2,7.4,47.6,0.0,172,"Welland, Walla Walla County",300070,Welland,2017-12-01 19:03:30.201625
2013-03-15,17:00,60.3,59.9,40.2,47.5,0.0,SW@5.9,8.2,47.7,0.0,131,"Welland, Walla Walla County",300070,Welland,2017-12-01 19:03:30.201625
2013-03-15,17:15,59.1,58.7,40.9,50.8,0.0,SW@5.7,7.8,47.8,0.0,85,"Welland, Walla Walla County",300070,Welland,2017-12-01 19:03:30.201625
2013-03-15,17:30,57.1,56.7,41.1,55.0,0.0,SW@4.8,6.0,47.9,0.0,48,"Welland, Walla Walla County",300070,Welland,2017-12-01 19:03:30.201625
2013-03-15,17:45,54.9,54.5,41.0,59.4,0.0,S@3.6,4.2,47.9,0.0,28,"Welland, Walla Walla County",300070,Welland,2017-12-01 19:03:30.201625
2013-03-15,18:00,52.7,52.4,40.6,63.3,0.0,S@3.8,4.6,48.0,0.0,11,"Welland, Walla Walla County",300070,Welland,2017-12-01 19:03:30.201625
2013-03-15,18:15,50.9,50.6,40.1,66.5,0.0,S@4.5,5.3,48.1,0.0,1,"Welland, Walla Walla County",300070,Welland,2017-12-01 19:03:30.201625
2013-03-15,18:30,49.1,48.9,39.5,69.2,0.0,S@3.5,4.6,48.2,0.0,0,"Welland, Walla Walla County",300070,Welland,2017-12-01 19:03:30.201625
2013-03-15,18:45,49.3,49.1,39.8,69.6,0.0,S@3.5,4.2,48.2,0.0,0,"Welland, Walla Walla County",300070,Welland,2017-12-01 19:03:30.201625
2013-03-15,19:00,49.0,48.7,39.8,70.4,0.0,S@3.2,3.9,48.3,0.0,0,"Welland, Walla Walla County",300070,Welland,2017-12-01 19:03:30.201625
2013-03-15,19:15,48.9,48.8,40.0,71.3,0.0,S@3.5,4.6,48.4,0.0,0,"Welland, Walla Walla County",300070,Welland,2017-12-01 19:03:30.201625
2013-03-15,19:30,48.7,48.4,40.0,71.7,0.0,S@4.0,6.0,48.4,0.0,0,"Welland, Walla Walla County",300070,Welland,2017-12-01 19:03:30.201625
2013-03-15,19:45,47.9,47.7,40.0,74.0,0.0,S@3.7,5.3,48.5,0.0,0,"Welland, Walla Walla County",300070,Welland,2017-12-01 19:03:30.201625
2013-03-15,20:00,49.3,49.2,40.4,71.1,0.0,S@4.1,6.0,48.5,0.0,0,"Welland, Walla Walla County",300070,Welland,2017-12-01 19:03:30.201625
2013-03-15,20:15,48.9,48.7,40.2,72.0,0.0,SW@5.4,9.2,48.5,0.0,0,"Welland, Walla Walla County",300070,Welland,2017-12-01 19:03:30.201625
2013-03-15,20:30,51.1,51.1,40.6,67.0,0.0,SW@6.7,9.9,48.6,0.0,0,"Welland, Walla Walla County",300070,Welland,2017-12-01 19:03:30.201625
2013-03-15,20:45,50.2,50.0,40.2,68.3,0.0,SW@5.5,8.5,48.6,0.0,0,"Welland, Walla Walla County",300070,Welland,2017-12-01 19:03:30.201625
2013-03-15,21:00,49.1,48.8,40.0,70.8,0.0,SW@5.5,7.1,48.6,0.0,0,"Welland, Walla Walla County",300070,Welland,2017-12-01 19:03:30.201625
2013-03-15,21:15,48.1,47.9,39.8,72.8,0.0,SW@5.1,6.7,48.6,0.0,0,"Welland, Walla Walla County",300070,Welland,2017-12-01 19:03:30.201625
2013-03-15,21:30,48.0,47.9,39.6,72.5,0.0,SW@5.7,7.1,48.6,0.0,0,"Welland, Walla Walla County",300070,Welland,2017-12-01 19:03:30.201625
2013-03-15,21:45,47.3,47.2,39.5,74.1,0.0,SW@6.2,7.8,48.6,0.0,0,"Welland, Walla Walla County",300070,Welland,2017-12-01 19:03:30.201625
2013-03-15,22:00,46.9,46.8,39.5,75.2,0.0,SW@5.8,7.1,48.6,0.0,0,"Welland, Walla Walla County",300070,Welland,2017-12-01 19:03:30.201625
2013-03-15,22:15,46.0,45.7,39.0,76.3,0.0,SW@4.7,6.0,48.6,0.0,0,"Welland, Walla Walla County",300070,Welland,2017-12-01 19:03:30.201625
2013-03-15,22:30,45.4,45.1,38.4,76.3,0.0,S@5.2,6.7,48.6,0.0,0,"Welland, Walla Walla County",300070,Welland,2017-12-01 19:03:30.201625
2013-03-15,22:45,45.2,45.1,38.3,76.6,0.0,SW@4.5,5.7,48.6,0.0,0,"Welland, Walla Walla County",300070,Welland,2017-12-01 19:03:30.201625
2013-03-15,23:00,44.1,43.8,37.9,78.7,0.0,SW@4.8,6.4,48.6,0.0,0,"Welland, Walla Walla County",300070,Welland,2017-12-01 19:03:30.201625
2013-03-16,23:15,45.3,45.3,38.4,76.8,0.0,SW@6.1,8.2,48.6,0.0,0,"Welland, Walla Walla County",300070,Welland,2017-12-01 19:03:30.201625
2013-03-16,23:30,45.5,45.3,38.4,76.1,0.0,SW@6.9,8.2,48.6,0.0,0,"Welland, Walla Walla County",300070,Welland,2017-12-01 19:03:30.201625
2013-03-16,23:45,45.0,44.8,38.3,77.3,0.0,SW@7.0,8.9,48.5,0.0,0,"Welland, Walla Walla County",300070,Welland,2017-12-01 19:03:30.201625
2013-03-16,24:00,43.9,43.7,37.7,78.5,0.0,SW@4.9,6.7,48.5,0.0,0,"Welland, Walla Walla County",300070,Welland,2017-12-01 19:03:30.201625
2013-03-16,00:15,43.3,43.1,37.4,79.3,0.0,SW@4.8,7.8,48.5,0.0,0,"Welland, Walla Walla County",300070,Welland,2017-12-01 19:03:30.201625
2013-03-16,00:30,42.7,42.6,37.2,80.7,0.0,SW@5.4,6.7,48.4,0.0,0,"Welland, Walla Walla County",300070,Welland,2017-12-01 19:03:30.201625
2013-03-16,00:45,41.4,41.1,36.2,81.7,0.01,SW@5.0,5.7,48.4,0.0,0,"Welland, Walla Walla County",300070,Welland,2017-12-01 19:03:30.201625
2013-03-16,01:00,41.1,41.0,36.2,82.6,0.02,SW@5.4,6.7,48.4,0.0,0,"Welland, Walla Walla County",300070,Welland,2017-12-01 19:03:30.201625
2013-03-16,01:15,41.0,40.8,35.9,81.9,0.02,S@5.1,5.7,48.4,0.0,0,"Welland, Walla Walla County",300070,Welland,2017-12-01 19:03:30.201625
2013-03-16,01:30,40.8,40.7,36.0,82.9,0.02,S@5.5,6.0,48.3,0.0,0,"Welland, Walla Walla County",300070,Welland,2017-12-01 19:03:30.201625
2013-03-16,01:45,41.6,41.5,36.6,82.4,0.02,S@4.4,5.3,48.3,0.0,0,"Welland, Walla Walla County",300070,Welland,2017-12-01 19:03:30.201625
2013-03-16,02:00,41.8,41.6,36.8,82.2,0.03,S@5.0,8.2,48.2,0.0,0,"Welland, Walla Walla County",300070,Welland,2017-12-01 19:03:30.201625
2013-03-16,02:15,41.8,41.7,37.2,83.8,0.03,S@6.2,7.8,48.2,0.0,0,"Welland, Walla Walla County",300070,Welland,2017-12-01 19:03:30.201625
2013-03-16,02:30,42.6,42.6,37.9,83.2,0.03,SW@6.6,10.7,48.2,0.0,0,"Welland, Walla Walla County",300070,Welland,2017-12-01 19:03:30.201625
2013-03-16,02:45,42.7,42.5,37.9,82.8,0.03,SW@5.7,7.8,48.1,0.0,0,"Welland, Walla Walla County",300070,Welland,2017-12-01 19:03:30.201625
2013-03-16,03:00,40.8,40.5,36.6,85.1,0.04,S@4.8,6.4,48.1,0.0,0,"Welland, Walla Walla County",300070,Welland,2017-12-01 19:03:30.201625
2013-03-16,03:15,42.7,42.7,38.0,83.5,0.04,S@6.2,9.9,48.0,0.0,0,"Welland, Walla Walla County",300070,Welland,2017-12-01 19:03:30.201625
2013-03-16,03:30,41.9,41.8,37.7,85.1,0.04,SW@6.8,8.5,48.0,0.0,0,"Welland, Walla Walla County",300070,Welland,2017-12-01 19:03:30.201625
2013-03-16,03:45,43.3,43.2,38.7,83.8,0.04,SW@7.4,9.2,47.9,0.0,0,"Welland, Walla Walla County",300070,Welland,2017-12-01 19:03:30.201625
2013-03-16,04:00,43.2,43.1,38.6,83.3,0.03,SW@6.2,8.5,47.9,0.0,0,"Welland, Walla Walla County",300070,Welland,2017-12-01 19:03:30.201625
2013-03-16,04:15,43.0,43.0,38.5,84.0,0.03,SW@5.6,8.2,47.8,0.0,0,"Welland, Walla Walla County",300070,Welland,2017-12-01 19:03:30.201625
2013-03-16,04:30,44.0,43.9,39.2,83.1,0.03,SW@7.4,10.3,47.8,0.0,0,"Welland, Walla Walla County",300070,Welland,2017-12-01 19:03:30.201625
2013-03-16,04:45,44.3,44.1,39.4,82.9,0.02,SW@8.5,11.4,47.7,0.0,0,"Welland, Walla Walla County",300070,Welland,2017-12-01 19:03:30.201625
2013-03-16,05:00,44.3,44.1,39.3,82.6,0.02,SW@8.0,10.3,47.7,0.0,0,"Welland, Walla Walla County",300070,Welland,2017-12-01 19:03:30.201625
2013-03-16,05:15,44.8,44.7,39.6,81.8,0.02,SW@7.6,11.0,47.6,0.0,0,"Welland, Walla Walla County",300070,Welland,2017-12-01 19:03:30.201625
2013-03-16,05:30,44.4,44.3,39.4,82.4,0.02,SW@5.7,8.2,47.6,0.0,0,"Welland, Walla Walla County",300070,Welland,2017-12-01 19:03:30.201625
2013-03-16,05:45,44.1,43.9,39.2,82.9,0.02,SW@5.4,8.9,47.5,0.0,0,"Welland, Walla Walla County",300070,Welland,2017-12-01 19:03:30.201625
2013-03-16,06:00,45.1,45.1,39.9,81.8,0.02,SW@8.4,10.7,47.5,0.0,0,"Welland, Walla Walla County",300070,Welland,2017-12-01 19:03:30.201625
2013-03-16,06:15,45.6,45.5,40.1,80.9,0.01,SW@8.7,11.0,47.4,0.0,4,"Welland, Walla Walla County",300070,Welland,2017-12-01 19:03:30.201625
2013-03-16,06:30,45.8,45.7,40.1,80.5,0.0,SW@9.4,12.8,47.4,0.0,12,"Welland, Walla Walla County",300070,Welland,2017-12-01 19:03:30.201625
2013-03-16,06:45,46.1,46.0,40.4,80.5,0.0,SW@10.4,13.9,47.3,0.0,21,"Welland, Walla Walla County",300070,Welland,2017-12-01 19:03:30.201625
2013-03-16,07:00,46.6,46.5,40.5,79.2,0.0,SW@10.5,13.5,47.3,0.0,50,"Welland, Walla Walla County",300070,Welland,2017-12-01 19:03:30.201625
2013-03-16,07:15,47.3,47.2,40.8,77.9,0.0,SW@9.5,12.8,47.2,0.0,64,"Welland, Walla Walla County",300070,Welland,2017-12-01 19:03:30.201625
2013-03-16,07:30,47.9,47.8,41.2,77.4,0.0,SW@11.3,16.0,47.2,0.0,53,"Welland, Walla Walla County",300070,Welland,2017-12-01 19:03:30.201625
2013-03-16,07:45,48.7,48.6,41.2,75.0,0.0,SW@14.9,20.0,47.1,0.0,101,"Welland, Walla Walla County",300070,Welland,2017-12-01 19:03:30.201625
2013-03-16,08:00,49.7,49.5,41.4,72.8,0.0,SW@15.7,20.7,47.1,0.0,127,"Welland, Walla Walla County",300070,Welland,2017-12-01 19:03:30.201625
2013-03-16,08:15,50.1,49.9,41.4,71.9,0.0,SW@15.4,20.7,47.0,0.0,163,"Welland, Walla Walla County",300070,Welland,2017-12-01 19:03:30.201625
2013-03-16,08:30,50.6,50.3,41.3,70.4,0.0,SW@16.1,21.8,47.0,0.0,207,"Welland, Walla Walla County",300070,Welland,2017-12-01 19:03:30.201625
2013-03-16,08:45,51.4,51.0,41.3,68.3,0.0,SW@17.9,24.3,46.9,0.0,290,"Welland, Walla Walla County",300070,Welland,2017-12-01 19:03:30.201625
2013-03-16,09:00,51.6,51.2,40.9,66.8,0.0,SW@19.4,25.0,46.9,0.0,249,"Welland, Walla Walla County",300070,Welland,2017-12-01 19:03:30.201625
2013-03-16,09:15,52.6,52.3,40.9,64.2,0.0,SW@19.3,26.8,46.9,0.0,373,"Welland, Walla Walla County",300070,Welland,2017-12-01 19:03:30.201625
2013-03-16,09:30,53.0,52.5,40.5,62.4,0.0,SW@20.0,25.7,46.8,0.0,363,"Welland, Walla Walla County",300070,Welland,2017-12-01 19:03:30.201625
2013-03-16,09:45,53.4,53.0,40.4,61.2,0.0,SW@17.6,24.3,46.8,0.0,353,"Welland, Walla Walla County",300070,Welland,2017-12-01 19:03:30.201625
2013-03-16,10:00,53.7,53.3,39.0,57.2,0.0,SW@18.9,25.0,46.8,0.0,386,"Welland, Walla Walla County",300070,Welland,2017-12-01 19:03:30.201625
2013-03-16,10:15,54.1,53.7,38.4,55.2,0.0,SW@20.5,27.8,46.7,0.0,367,"Welland, Walla Walla County",300070,Welland,2017-12-01 19:03:30.201625
2013-03-16,10:30,54.1,53.7,38.1,54.6,0.0,SW@21.2,28.6,46.7,0.0,360,"Welland, Walla Walla County",300070,Welland,2017-12-01 19:03:30.201625
2013-03-16,10:45,54.2,53.8,37.6,53.1,0.0,SW@21.1,28.2,46.7,0.0,359,"Welland, Walla Walla County",300070,Welland,2017-12-01 19:03:30.201625
2013-03-16,11:00,54.8,54.4,37.7,52.3,0.0,SW@20.5,26.4,46.7,0.0,384,"Welland, Walla Walla County",300070,Welland,2017-12-01 19:03:30.201625
2013-03-16,11:15,54.5,54.1,37.5,52.4,0.0,SW@20.3,26.8,46.7,0.0,373,"Welland, Walla Walla County",300070,Welland,2017-12-01 19:03:30.201625
2013-03-16,11:30,55.3,54.9,37.8,51.6,0.0,SW@20.2,28.6,46.6,0.0,469,"Welland, Walla Walla County",300070,Welland,2017-12-01 19:03:30.201625
2013-03-16,11:45,55.8,55.4,37.6,50.3,0.0,SW@20.3,26.4,46.6,0.0,446,"Welland, Walla Walla County",300070,Welland,2017-12-01 19:03:30.201625
2013-03-16,12:00,56.2,55.8,37.3,48.9,0.0,SW@20.8,27.1,46.6,0.0,463,"Welland, Walla Walla County",300070,Welland,2017-12-01 19:03:30.201625
2013-03-16,12:15,56.2,55.7,37.7,49.7,0.0,SW@20.1,27.5,46.6,0.0,436,"Welland, Walla Walla County",300070,Welland,2017-12-01 19:03:30.201625
2013-03-16,12:30,56.1,55.6,37.9,50.4,0.0,SW@18.5,27.1,46.6,0.0,333,"Welland, Walla Walla County",300070,Welland,2017-12-01 19:03:30.201625
2013-03-16,12:45,56.0,55.7,37.3,49.3,0.0,SW@18.3,24.6,46.6,0.0,315,"Welland, Walla Walla County",300070,Welland,2017-12-01 19:03:30.201625
2013-03-16,13:00,56.0,55.7,36.4,47.5,0.0,SW@21.6,28.6,46.6,0.0,312,"Welland, Walla Walla County",300070,Welland,2017-12-01 19:03:30.201625
2013-03-16,13:15,54.9,54.6,36.0,48.8,0.0,SW@21.2,28.6,46.7,0.0,177,"Welland, Walla Walla County",300070,Welland,2017-12-01 19:03:30.201625
2013-03-16,13:30,54.2,53.9,36.2,50.4,0.0,SW@17.4,22.8,46.7,0.0,151,"Welland, Walla Walla County",300070,Welland,2017-12-01 19:03:30.201625
2013-03-16,13:45,54.6,54.4,36.1,49.4,0.0,SW@19.7,28.2,46.7,0.0,201,"Welland, Walla Walla County",300070,Welland,2017-12-01 19:03:30.201625
2013-03-16,14:00,55.2,55.0,35.7,47.6,0.0,SW@22.8,31.1,46.7,0.0,270,"Welland, Walla Walla County",300070,Welland,2017-12-01 19:03:30.201625
2013-03-16,14:15,55.7,55.4,35.7,46.8,0.0,SW@18.4,24.3,46.7,0.0,278,"Welland, Walla Walla County",300070,Welland,2017-12-01 19:03:30.201625
2013-03-16,14:30,54.9,54.7,36.1,49.0,0.0,W@17.6,23.9,46.8,0.0,180,"Welland, Walla Walla County",300070,Welland,2017-12-01 19:03:30.201625
2013-03-16,14:45,54.4,54.1,34.8,47.4,0.0,W@14.9,19.6,46.8,0.0,142,"Welland, Walla Walla County",300070,Welland,2017-12-01 19:03:30.201625
2013-03-16,15:00,53.8,53.6,35.4,49.5,0.0,W@15.7,22.1,46.8,0.0,86,"Welland, Walla Walla County",300070,Welland,2017-12-01 19:03:30.201625
2013-03-16,15:15,51.9,51.7,36.0,54.3,0.0,W@18.9,26.4,46.9,0.0,60,"Welland, Walla Walla County",300070,Welland,2017-12-01 19:03:30.201625
2013-03-16,15:30,51.0,50.8,37.3,59.2,0.01,W@14.9,20.7,46.9,0.0,57,"Welland, Walla Walla County",300070,Welland,2017-12-01 19:03:30.201625
2013-03-16,15:45,50.3,50.2,37.5,61.2,0.0,SW@14.6,21.8,46.9,0.0,56,"Welland, Walla Walla County",300070,Welland,2017-12-01 19:03:30.201625
2013-03-16,16:00,50.2,50.1,37.3,60.9,0.0,SW@12.9,17.8,46.9,0.0,52,"Welland, Walla Walla County",300070,Welland,2017-12-01 19:03:30.201625
2013-03-16,16:15,50.3,50.1,37.8,62.1,0.0,SW@10.3,14.2,47.0,0.0,92,"Welland, Walla Walla County",300070,Welland,2017-12-01 19:03:30.201625
2013-03-16,16:30,50.6,50.3,37.7,61.2,0.0,S@11.3,18.5,47.0,0.0,117,"Welland, Walla Walla County",300070,Welland,2017-12-01 19:03:30.201625
2013-03-16,16:45,50.8,50.5,38.1,61.6,0.0,S@10.4,14.6,47.0,0.0,137,"Welland, Walla Walla County",300070,Welland,2017-12-01 19:03:30.201625
2013-03-16,17:00,51.2,50.9,36.8,57.7,0.0,SW@13.8,20.3,47.1,0.0,137,"Welland, Walla Walla County",300070,Welland,2017-12-01 19:03:30.201625
2013-03-16,17:15,51.1,50.8,36.7,57.6,0.0,SW@12.6,20.0,47.1,0.0,115,"Welland, Walla Walla County",300070,Welland,2017-12-01 19:03:30.201625
2013-03-16,17:30,50.7,50.5,35.6,56.0,0.0,SW@18.7,27.8,47.1,0.0,62,"Welland, Walla Walla County",300070,Welland,2017-12-01 19:03:30.201625
2013-03-16,17:45,50.5,50.2,35.5,56.3,0.0,SW@17.9,22.8,47.2,0.0,45,"Welland, Walla Walla County",300070,Welland,2017-12-01 19:03:30.201625
2013-03-16,18:00,49.7,49.6,35.1,56.9,0.0,SW@16.1,23.5,47.2,0.0,17,"Welland, Walla Walla County",300070,Welland,2017-12-01 19:03:30.201625
2013-03-16,18:15,49.2,49.1,34.7,57.1,0.0,SW@15.6,20.0,47.2,0.0,3,"Welland, Walla Walla County",300070,Welland,2017-12-01 19:03:30.201625
2013-03-16,18:30,48.8,48.7,34.6,57.8,0.0,SW@14.3,19.2,47.2,0.0,0,"Welland, Walla Walla County",300070,Welland,2017-12-01 19:03:30.201625
2013-03-16,18:45,48.3,48.1,35.1,60.2,0.0,SW@12.8,18.2,47.2,0.0,0,"Welland, Walla Walla County",300070,Welland,2017-12-01 19:03:30.201625
2013-03-16,19:00,47.5,47.4,35.7,63.4,0.01,SW@11.9,15.7,47.2,0.0,0,"Welland, Walla Walla County",300070,Welland,2017-12-01 19:03:30.201625
2013-03-16,19:15,46.4,46.3,36.2,67.4,0.0,SW@10.6,15.7,47.3,0.0,0,"Welland, Walla Walla County",300070,Welland,2017-12-01 19:03:30.201625
2013-03-16,19:30,46.9,46.8,35.9,65.4,0.0,SW@11.9,18.5,47.3,0.0,0,"Welland, Walla Walla County",300070,Welland,2017-12-01 19:03:30.201625
2013-03-16,19:45,47.1,46.9,35.7,64.5,0.01,SW@16.9,30.3,47.3,0.0,0,"Welland, Walla Walla County",300070,Welland,2017-12-01 19:03:30.201625
2013-03-16,20:00,45.3,45.0,37.7,74.5,0.08,W@19.8,28.6,47.3,0.0,0,"Welland, Walla Walla County",300070,Welland,2017-12-01 19:03:30.201625
2013-03-16,20:15,44.1,44.0,38.0,78.9,0.17,W@17.7,25.3,47.3,0.01,0,"Welland, Walla Walla County",300070,Welland,2017-12-01 19:03:30.201625
2013-03-16,20:30,43.9,43.8,37.5,77.8,0.24,W@16.2,25.3,47.3,0.0,0,"Welland, Walla Walla County",300070,Welland,2017-12-01 19:03:30.201625
2013-03-16,20:45,43.4,43.2,34.6,70.8,0.33,W@13.3,21.0,47.3,0.0,0,"Welland, Walla Walla County",300070,Welland,2017-12-01 19:03:30.201625
2013-03-16,21:00,43.2,43.1,33.6,68.7,0.23,W@10.4,18.9,47.3,0.0,0,"Welland, Walla Walla County",300070,Welland,2017-12-01 19:03:30.201625
2013-03-16,21:15,42.2,42.0,34.6,74.1,0.17,SW@10.2,17.1,47.3,0.0,0,"Welland, Walla Walla County",300070,Welland,2017-12-01 19:03:30.201625
2013-03-16,21:30,41.5,41.5,34.9,77.0,0.04,SW@12.4,19.2,47.3,0.0,0,"Welland, Walla Walla County",300070,Welland,2017-12-01 19:03:30.201625
2013-03-16,21:45,41.2,41.1,35.3,79.3,0.0,SW@17.8,27.1,47.3,0.0,0,"Welland, Walla Walla County",300070,Welland,2017-12-01 19:03:30.201625
2013-03-16,22:00,40.3,40.1,35.1,81.6,0.0,SW@16.4,22.8,47.3,0.0,0,"Welland, Walla Walla County",300070,Welland,2017-12-01 19:03:30.201625
2013-03-16,22:15,38.7,38.5,33.9,82.5,0.0,SW@14.3,21.4,47.3,0.0,0,"Welland, Walla Walla County",300070,Welland,2017-12-01 19:03:30.201625
2013-03-16,22:30,37.6,37.4,32.9,83.2,0.01,SW@15.1,23.5,47.2,0.0,0,"Welland, Walla Walla County",300070,Welland,2017-12-01 19:03:30.201625
2013-03-16,22:45,37.3,37.2,32.1,81.3,0.01,SW@19.4,25.3,47.2,0.0,0,"Welland, Walla Walla County",300070,Welland,2017-12-01 19:03:30.201625
2013-03-16,23:00,36.6,36.6,31.8,82.5,0.01,SW@18.2,23.2,47.2,0.0,0,"Welland, Walla Walla County",300070,Welland,2017-12-01 19:03:30.201625
2013-03-17,23:15,36.3,36.2,31.7,83.2,0.01,SW@16.7,22.1,47.2,0.0,0,"Welland, Walla Walla County",300070,Welland,2017-12-01 19:03:30.201625
2013-03-17,23:30,36.5,36.4,31.7,82.8,0.01,SW@17.7,26.4,47.2,0.0,0,"Welland, Walla Walla County",300070,Welland,2017-12-01 19:03:30.201625
2013-03-17,23:45,37.0,36.9,31.7,81.0,0.01,SW@20.0,26.8,47.1,0.0,0,"Welland, Walla Walla County",300070,Welland,2017-12-01 19:03:30.201625
2013-03-17,24:00,37.2,37.2,31.8,80.5,0.0,SW@18.9,26.0,47.1,0.0,0,"Welland, Walla Walla County",300070,Welland,2017-12-01 19:03:30.201625
2013-03-17,00:15,37.5,37.4,31.9,80.1,0.0,SW@18.1,23.9,47.1,0.0,0,"Welland, Walla Walla County",300070,Welland,2017-12-01 19:03:30.201625
2013-03-17,00:30,37.4,37.3,32.1,80.8,0.0,SW@18.9,28.2,47.0,0.0,0,"Welland, Walla Walla County",300070,Welland,2017-12-01 19:03:30.201625
2013-03-17,00:45,37.4,37.3,32.0,80.7,0.0,SW@19.7,26.8,47.0,0.0,0,"Welland, Walla Walla County",300070,Welland,2017-12-01 19:03:30.201625
2013-03-17,01:00,36.9,36.8,31.7,81.3,0.0,SW@18.6,25.0,47.0,0.0,0,"Welland, Walla Walla County",300070,Welland,2017-12-01 19:03:30.201625
2013-03-17,01:15,36.3,36.2,31.0,80.9,0.0,SW@18.3,23.9,46.9,0.0,0,"Welland, Walla Walla County",300070,Welland,2017-12-01 19:03:30.201625
2013-03-17,01:30,35.8,35.8,30.4,80.5,0.0,SW@18.1,23.5,46.9,0.0,0,"Welland, Walla Walla County",300070,Welland,2017-12-01 19:03:30.201625
2013-03-17,01:45,35.7,35.6,30.0,79.7,0.0,SW@19.1,26.8,46.8,0.0,0,"Welland, Walla Walla County",300070,Welland,2017-12-01 19:03:30.201625
2013-03-17,02:00,35.3,35.2,29.4,78.8,0.0,SW@19.9,25.0,46.8,0.0,0,"Welland, Walla Walla County",300070,Welland,2017-12-01 19:03:30.201625
2013-03-17,02:15,35.0,35.0,29.1,78.7,0.0,SW@20.1,28.2,46.8,0.0,0,"Welland, Walla Walla County",300070,Welland,2017-12-01 19:03:30.201625
2013-03-17,02:30,35.3,35.3,29.1,77.8,0.0,SW@21.0,28.9,46.7,0.0,0,"Welland, Walla Walla County",300070,Welland,2017-12-01 19:03:30.201625
2013-03-17,02:45,35.2,35.1,29.1,78.2,0.0,SW@19.8,25.7,46.7,0.0,0,"Welland, Walla Walla County",300070,Welland,2017-12-01 19:03:30.201625
2013-03-17,03:00,35.2,35.1,29.2,78.6,0.0,SW@20.3,26.4,46.6,0.0,0,"Welland, Walla Walla County",300070,Welland,2017-12-01 19:03:30.201625
2013-03-17,03:15,35.0,35.0,29.3,79.5,0.0,SW@20.3,26.0,46.6,0.0,0,"Welland, Walla Walla County",300070,Welland,2017-12-01 19:03:30.201625
2013-03-17,03:30,34.7,34.5,29.5,81.0,0.0,SW@16.9,21.8,46.5,0.0,0,"Welland, Walla Walla County",300070,Welland,2017-12-01 19:03:30.201625
2013-03-17,03:45,34.2,34.1,29.4,82.3,0.0,SW@15.8,22.5,46.5,0.0,0,"Welland, Walla Walla County",300070,Welland,2017-12-01 19:03:30.201625
2013-03-17,04:00,34.3,34.3,29.3,81.5,0.01,SW@17.7,23.5,46.4,0.0,0,"Welland, Walla Walla County",300070,Welland,2017-12-01 19:03:30.201625
2013-03-17,04:15,34.6,34.5,29.3,80.7,0.0,SW@17.5,24.6,46.3,0.0,0,"Welland, Walla Walla County",300070,Welland,2017-12-01 19:03:30.201625
2013-03-17,04:30,34.8,34.7,29.4,80.6,0.0,SW@16.0,23.5,46.3,0.0,0,"Welland, Walla Walla County",300070,Welland,2017-12-01 19:03:30.201625
2013-03-17,04:45,35.1,35.1,29.6,80.2,0.0,SW@17.3,26.4,46.2,0.0,0,"Welland, Walla Walla County",300070,Welland,2017-12-01 19:03:30.201625
2013-03-17,05:00,35.2,35.1,29.7,80.2,0.0,SW@20.0,25.3,46.2,0.0,0,"Welland, Walla Walla County",300070,Welland,2017-12-01 19:03:30.201625
2013-03-17,05:15,35.1,35.1,29.7,80.4,0.0,SW@20.9,26.8,46.1,0.0,0,"Welland, Walla Walla County",300070,Welland,2017-12-01 19:03:30.201625
2013-03-17,05:30,35.0,35.0,29.7,80.6,0.0,SW@19.6,26.8,46.1,0.0,0,"Welland, Walla Walla County",300070,Welland,2017-12-01 19:03:30.201625
2013-03-17,05:45,34.8,34.7,29.6,81.2,0.0,SW@19.2,24.6,46.0,0.0,0,"Welland, Walla Walla County",300070,Welland,2017-12-01 19:03:30.201625
2013-03-17,06:00,34.7,34.5,29.5,81.2,0.0,SW@21.2,27.5,46.0,0.0,1,"Welland, Walla Walla County",300070,Welland,2017-12-01 19:03:30.201625
2013-03-17,06:15,34.7,34.6,29.4,80.7,0.0,SW@20.8,30.0,45.9,0.0,7,"Welland, Walla Walla County",300070,Welland,2017-12-01 19:03:30.201625
2013-03-17,06:30,34.7,34.5,29.3,80.6,0.0,SW@19.5,25.0,45.8,0.0,15,"Welland, Walla Walla County",300070,Welland,2017-12-01 19:03:30.201625
2013-03-17,06:45,35.1,34.9,29.3,79.2,0.0,SW@20.5,26.8,45.8,0.0,61,"Welland, Walla Walla County",300070,Welland,2017-12-01 19:03:30.201625
2013-03-17,07:00,35.9,35.5,29.7,77.9,0.0,SW@19.5,24.6,45.7,0.0,115,"Welland, Walla Walla County",300070,Welland,2017-12-01 19:03:30.201625
2013-03-17,07:15,36.8,36.3,29.8,75.6,0.0,SW@21.9,29.6,45.7,0.0,157,"Welland, Walla Walla County",300070,Welland,2017-12-01 19:03:30.201625
2013-03-17,07:30,37.5,37.1,29.8,73.3,0.0,SW@21.2,26.4,45.6,0.0,200,"Welland, Walla Walla County",300070,Welland,2017-12-01 19:03:30.201625
2013-03-17,07:45,38.2,37.7,29.9,71.8,0.0,SW@22.1,26.8,45.6,0.0,243,"Welland, Walla Walla County",300070,Welland,2017-12-01 19:03:30.201625
2013-03-17,08:00,39.2,38.7,30.6,70.9,0.0,SW@22.6,30.3,45.5,0.0,288,"Welland, Walla Walla County",300070,Welland,2017-12-01 19:03:30.201625
2013-03-17,08:15,40.2,39.6,30.8,68.8,0.0,SW@23.8,31.1,45.4,0.0,332,"Welland, Walla Walla County",300070,Welland,2017-12-01 19:03:30.201625
2013-03-17,08:30,41.1,40.6,30.6,65.9,0.0,SW@23.6,30.0,45.4,0.0,377,"Welland, Walla Walla County",300070,Welland,2017-12-01 19:03:30.201625
2013-03-17,08:45,42.3,41.6,30.5,62.8,0.0,SW@24.0,31.1,45.3,0.0,418,"Welland, Walla Walla County",300070,Welland,2017-12-01 19:03:30.201625
2013-03-17,09:00,42.9,42.4,30.1,60.3,0.0,SW@23.7,30.7,45.3,0.0,456,"Welland, Walla Walla County",300070,Welland,2017-12-01 19:03:30.201625
2013-03-17,09:15,43.5,42.9,29.5,57.5,0.0,SW@24.6,32.5,45.2,0.0,496,"Welland, Walla Walla County",300070,Welland,2017-12-01 19:03:30.201625
2013-03-17,09:30,44.3,43.6,29.1,54.9,0.0,SW@24.9,32.1,45.2,0.0,527,"Welland, Walla Walla County",300070,Welland,2017-12-01 19:03:30.201625
2013-03-17,09:45,44.8,44.1,28.1,51.8,0.0,SW@25.2,31.4,45.1,0.0,557,"Welland, Walla Walla County",300070,Welland,2017-12-01 19:03:30.201625
2013-03-17,10:00,45.2,44.5,28.6,51.9,0.0,SW@26.5,34.3,45.1,0.0,596,"Welland, Walla Walla County",300070,Welland,2017-12-01 19:03:30.201625
2013-03-17,10:15,45.4,44.8,28.3,50.8,0.0,SW@25.4,33.6,45.0,0.0,631,"Welland, Walla Walla County",300070,Welland,2017-12-01 19:03:30.201625
2013-03-17,10:30,46.6,45.9,28.1,48.4,0.0,SW@23.5,29.3,45.0,0.0,640,"Welland, Walla Walla County",300070,Welland,2017-12-01 19:03:30.201625
2013-03-17,10:45,47.1,46.4,28.7,48.6,0.0,SW@22.8,30.7,44.9,0.0,669,"Welland, Walla Walla County",300070,Welland,2017-12-01 19:03:30.201625
2013-03-17,11:00,46.9,46.1,28.3,48.2,0.0,SW@24.1,33.2,44.9,0.0,654,"Welland, Walla Walla County",300070,Welland,2017-12-01 19:03:30.201625
2013-03-17,11:15,46.6,46.0,27.9,47.9,0.0,SW@23.4,32.1,44.8,0.0,579,"Welland, Walla Walla County",300070,Welland,2017-12-01 19:03:30.201625
2013-03-17,11:30,47.2,46.6,27.6,46.1,0.0,SW@22.5,28.9,44.8,0.0,625,"Welland, Walla Walla County",300070,Welland,2017-12-01 19:03:30.201625
2013-03-17,11:45,46.6,46.0,27.7,47.4,0.0,SW@23.7,30.3,44.8,0.0,505,"Welland, Walla Walla County",300070,Welland,2017-12-01 19:03:30.201625
2013-03-17,12:00,46.7,46.2,26.6,45.3,0.0,SW@23.2,29.6,44.7,0.0,522,"Welland, Walla Walla County",300070,Welland,2017-12-01 19:03:30.201625
2013-03-17,12:15,48.5,47.9,26.7,42.5,0.0,SW@22.0,27.5,44.7,0.0,699,"Welland, Walla Walla County",300070,Welland,2017-12-01 19:03:30.201625
2013-03-17,12:30,49.2,48.4,26.8,41.6,0.0,SW@22.4,27.8,44.7,0.0,712,"Welland, Walla Walla County",300070,Welland,2017-12-01 19:03:30.201625
2013-03-17,12:45,49.1,48.6,26.8,41.6,0.0,SW@21.4,28.9,44.7,0.0,612,"Welland, Walla Walla County",300070,Welland,2017-12-01 19:03:30.201625
2013-03-17,13:00,49.7,49.1,26.0,39.5,0.0,SW@20.8,28.9,44.6,0.0,667,"Welland, Walla Walla County",300070,Welland,2017-12-01 19:03:30.201625
2013-03-17,13:15,50.8,50.0,25.6,37.2,0.0,SW@20.3,26.4,44.7,0.0,710,"Welland, Walla Walla County",300070,Welland,2017-12-01 19:03:30.201625
2013-03-17,13:30,48.9,48.2,24.7,38.5,0.0,SW@20.2,27.1,44.6,0.0,416,"Welland, Walla Walla County",300070,Welland,2017-12-01 19:03:30.201625
2013-03-17,13:45,49.5,49.0,25.6,39.0,0.0,SW@21.0,28.2,44.7,0.0,560,"Welland, Walla Walla County",300070,Welland,2017-12-01 19:03:30.201625
2013-03-17,14:00,50.3,49.7,25.3,37.4,0.0,SW@20.3,25.7,44.7,0.0,616,"Welland, Walla Walla County",300070,Welland,2017-12-01 19:03:30.201625
2013-03-17,14:15,51.1,50.3,24.7,35.4,0.0,SW@19.9,25.3,44.7,0.0,647,"Welland, Walla Walla County",300070,Welland,2017-12-01 19:03:30.201625
2013-03-17,14:30,51.1,50.4,25.4,36.5,0.0,SW@20.9,27.5,44.7,0.0,581,"Welland, Walla Walla County",300070,Welland,2017-12-01 19:03:30.201625
2013-03-17,14:45,50.9,50.1,25.4,36.8,0.0,SW@22.6,29.6,44.7,0.0,542,"Welland, Walla Walla County",300070,Welland,2017-12-01 19:03:30.201625
2013-03-17,15:00,50.5,49.8,25.3,37.2,0.0,SW@22.9,32.1,44.7,0.0,490,"Welland, Walla Walla County",300070,Welland,2017-12-01 19:03:30.201625
2013-03-17,15:15,49.9,49.2,25.2,37.9,0.0,SW@23.9,30.3,44.8,0.0,423,"Welland, Walla Walla County",300070,Welland,2017-12-01 19:03:30.201625
2013-03-17,15:30,49.9,49.2,25.5,38.3,0.0,SW@23.4,30.0,44.9,0.0,429,"Welland, Walla Walla County",300070,Welland,2017-12-01 19:03:30.201625
2013-03-17,15:45,49.6,49.0,25.1,38.0,0.0,SW@22.3,29.6,44.9,0.0,388,"Welland, Walla Walla County",300070,Welland,2017-12-01 19:03:30.201625
2013-03-17,16:00,49.3,48.7,25.2,38.8,0.0,SW@22.1,28.2,44.9,0.0,337,"Welland, Walla Walla County",300070,Welland,2017-12-01 19:03:30.201625
2013-03-17,16:15,49.3,48.6,25.4,39.0,0.0,SW@21.9,29.3,45.0,0.0,325,"Welland, Walla Walla County",300070,Welland,2017-12-01 19:03:30.201625
2013-03-17,16:30,48.7,48.0,24.9,39.1,0.0,SW@21.4,29.3,45.0,0.0,261,"Welland, Walla Walla County",300070,Welland,2017-12-01 19:03:30.201625
2013-03-17,16:45,47.7,47.1,25.2,41.2,0.0,SW@20.3,27.1,45.1,0.0,202,"Welland, Walla Walla County",300070,Welland,2017-12-01 19:03:30.201625
2013-03-17,17:00,46.1,45.7,25.3,43.7,0.0,SW@20.9,28.2,45.1,0.0,124,"Welland, Walla Walla County",300070,Welland,2017-12-01 19:03:30.201625
2013-03-17,17:15,45.8,45.4,25.7,45.0,0.0,SW@19.2,26.4,45.2,0.0,103,"Welland, Walla Walla County",300070,Welland,2017-12-01 19:03:30.201625
2013-03-17,17:30,45.2,44.9,26.0,46.7,0.0,SW@19.7,26.4,45.2,0.0,76,"Welland, Walla Walla County",300070,Welland,2017-12-01 19:03:30.201625
2013-03-17,17:45,44.4,44.1,26.9,49.8,0.0,SW@18.9,25.0,45.3,0.0,50,"Welland, Walla Walla County",300070,Welland,2017-12-01 19:03:30.201625
2013-03-17,18:00,43.0,42.8,27.3,53.6,0.0,SW@18.3,25.7,45.4,0.0,21,"Welland, Walla Walla County",300070,Welland,2017-12-01 19:03:30.201625
2013-03-17,18:15,41.9,41.8,27.6,56.5,0.0,SW@16.3,22.5,45.4,0.0,4,"Welland, Walla Walla County",300070,Welland,2017-12-01 19:03:30.201625
2013-03-17,18:30,41.2,41.1,27.8,58.5,0.0,SW@14.1,19.2,45.5,0.0,0,"Welland, Walla Walla County",300070,Welland,2017-12-01 19:03:30.201625
2013-03-17,18:45,40.6,40.5,27.8,60.0,0.0,SW@13.3,17.1,45.5,0.0,0,"Welland, Walla Walla County",300070,Welland,2017-12-01 19:03:30.201625
2013-03-17,19:00,40.3,40.2,27.8,60.7,0.0,SW@13.8,18.9,45.5,0.0,0,"Welland, Walla Walla County",300070,Welland,2017-12-01 19:03:30.201625
2013-03-17,19:15,40.2,40.1,27.8,61.0,0.0,SW@13.9,18.9,45.6,0.0,0,"Welland, Walla Walla County",300070,Welland,2017-12-01 19:03:30.201625
2013-03-17,19:30,40.0,39.9,28.0,62.0,0.0,SW@14.5,19.6,45.6,0.0,0,"Welland, Walla Walla County",300070,Welland,2017-12-01 19:03:30.201625
2013-03-17,19:45,39.9,39.8,28.0,62.1,0.0,SW@15.7,21.4,45.7,0.0,0,"Welland, Walla Walla County",300070,Welland,2017-12-01 19:03:30.201625
2013-03-17,20:00,39.3,39.2,28.0,63.6,0.0,SW@13.9,19.2,45.7,0.0,0,"Welland, Walla Walla County",300070,Welland,2017-12-01 19:03:30.201625
2013-03-17,20:15,38.4,38.3,28.1,66.0,0.0,SW@11.5,15.7,45.7,0.0,0,"Welland, Walla Walla County",300070,Welland,2017-12-01 19:03:30.201625
2013-03-17,20:30,38.0,37.9,28.2,67.5,0.0,SW@11.6,14.6,45.7,0.0,0,"Welland, Walla Walla County",300070,Welland,2017-12-01 19:03:30.201625
2013-03-17,20:45,37.7,37.6,28.6,69.5,0.0,SW@12.2,15.7,45.7,0.0,0,"Welland, Walla Walla County",300070,Welland,2017-12-01 19:03:30.201625
2013-03-17,21:00,37.4,37.3,28.8,70.9,0.0,SW@12.9,16.7,45.7,0.0,0,"Welland, Walla Walla County",300070,Welland,2017-12-01 19:03:30.201625
2013-03-17,21:15,37.4,37.3,29.0,71.4,0.0,SW@13.2,17.5,45.7,0.0,0,"Welland, Walla Walla County",300070,Welland,2017-12-01 19:03:30.201625
2013-03-17,21:30,36.8,36.7,28.8,72.4,0.0,SW@9.9,13.5,45.7,0.0,0,"Welland, Walla Walla County",300070,Welland,2017-12-01 19:03:30.201625
2013-03-17,21:45,37.3,37.2,28.8,71.2,0.0,SW@11.6,15.7,45.7,0.0,0,"Welland, Walla Walla County",300070,Welland,2017-12-01 19:03:30.201625
2013-03-17,22:00,37.4,37.3,28.8,70.8,0.0,SW@12.4,18.9,45.7,0.0,0,"Welland, Walla Walla County",300070,Welland,2017-12-01 19:03:30.201625
2013-03-17,22:15,38.1,38.0,29.1,69.7,0.0,SW@15.3,20.3,45.7,0.0,0,"Welland, Walla Walla County",300070,Welland,2017-12-01 19:03:30.201625
2013-03-17,22:30,38.1,38.0,29.1,69.7,0.0,SW@14.7,19.2,45.7,0.0,0,"Welland, Walla Walla County",300070,Welland,2017-12-01 19:03:30.201625
2013-03-17,22:45,38.2,38.1,29.2,69.9,0.0,SW@15.7,19.2,45.7,0.0,0,"Welland, Walla Walla County",300070,Welland,2017-12-01 19:03:30.201625
2013-03-17,23:00,38.3,38.3,29.2,69.4,0.0,SW@15.9,20.3,45.7,0.0,0,"Welland, Walla Walla County",300070,Welland,2017-12-01 19:03:30.201625
2013-03-18,23:15,38.5,38.5,28.9,67.9,0.0,SW@17.3,22.1,45.6,0.0,0,"Welland, Walla Walla County",300070,Welland,2017-12-01 19:03:30.201625
2013-03-18,23:30,38.5,38.4,28.7,67.3,0.0,SW@16.9,21.0,45.6,0.0,0,"Welland, Walla Walla County",300070,Welland,2017-12-01 19:03:30.201625
2013-03-18,23:45,38.5,38.5,28.5,66.8,0.0,SW@17.4,22.5,45.6,0.0,0,"Welland, Walla Walla County",300070,Welland,2017-12-01 19:03:30.201625
2013-03-18,24:00,38.3,38.1,28.3,67.2,0.0,SW@15.2,20.3,45.6,0.0,0,"Welland, Walla Walla County",300070,Welland,2017-12-01 19:03:30.201625
2013-03-18,00:15,37.6,37.5,28.5,69.3,0.0,SW@15.3,18.5,45.5,0.0,0,"Welland, Walla Walla County",300070,Welland,2017-12-01 19:03:30.201625
2013-03-18,00:30,37.0,36.9,28.3,70.5,0.0,SW@14.9,19.2,45.5,0.0,0,"Welland, Walla Walla County",300070,Welland,2017-12-01 19:03:30.201625
2013-03-18,00:45,36.7,36.6,28.2,70.9,0.0,SW@13.6,18.2,45.5,0.0,0,"Welland, Walla Walla County",300070,Welland,2017-12-01 19:03:30.201625
2013-03-18,01:00,36.4,36.2,27.9,70.9,0.0,SW@12.7,16.7,45.5,0.0,0,"Welland, Walla Walla County",300070,Welland,2017-12-01 19:03:30.201625
2013-03-18,01:15,35.6,35.5,27.5,72.1,0.0,SW@12.9,16.4,45.4,0.0,0,"Welland, Walla Walla County",300070,Welland,2017-12-01 19:03:30.201625
2013-03-18,01:30,35.1,35.0,27.4,73.4,0.0,SW@12.2,16.0,45.4,0.0,0,"Welland, Walla Walla County",300070,Welland,2017-12-01 19:03:30.201625
2013-03-18,01:45,35.0,34.9,27.6,74.1,0.0,SW@12.1,16.4,45.3,0.0,0,"Welland, Walla Walla County",300070,Welland,2017-12-01 19:03:30.201625
2013-03-18,02:00,34.9,34.7,27.7,75.0,0.0,SW@11.7,14.6,45.3,0.0,0,"Welland, Walla Walla County",300070,Welland,2017-12-01 19:03:30.201625
2013-03-18,02:15,34.4,34.3,27.6,76.1,0.0,SW@10.8,14.6,45.3,0.0,0,"Welland, Walla Walla County",300070,Welland,2017-12-01 19:03:30.201625
2013-03-18,02:30,33.6,33.5,27.6,78.4,0.0,SW@10.0,15.3,45.2,0.0,0,"Welland, Walla Walla County",300070,Welland,2017-12-01 19:03:30.201625
2013-03-18,02:45,34.2,34.1,28.2,78.5,0.0,SW@12.3,16.7,45.2,0.0,0,"Welland, Walla Walla County",300070,Welland,2017-12-01 19:03:30.201625
2013-03-18,03:00,34.4,34.3,28.1,77.5,0.0,SW@13.1,17.5,45.2,0.0,0,"Welland, Walla Walla County",300070,Welland,2017-12-01 19:03:30.201625
2013-03-18,03:15,34.2,34.2,27.8,77.1,0.0,SW@11.9,16.4,45.1,0.0,0,"Welland, Walla Walla County",300070,Welland,2017-12-01 19:03:30.201625
2013-03-18,03:30,34.0,33.9,27.8,77.8,0.0,SW@11.1,14.6,45.1,0.0,0,"Welland, Walla Walla County",300070,Welland,2017-12-01 19:03:30.201625
2013-03-18,03:45,34.1,34.0,27.8,77.6,0.0,SW@10.7,14.2,45.1,0.0,0,"Welland, Walla Walla County",300070,Welland,2017-12-01 19:03:30.201625
2013-03-18,04:00,33.8,33.7,27.7,78.2,0.0,SW@10.2,13.5,45.0,0.0,0,"Welland, Walla Walla County",300070,Welland,2017-12-01 19:03:30.201625
2013-03-18,04:15,33.9,33.9,28.0,78.5,0.0,SW@12.4,17.1,45.0,0.0,0,"Welland, Walla Walla County",300070,Welland,2017-12-01 19:03:30.201625
2013-03-18,04:30,34.3,34.2,28.1,77.8,0.0,SW@13.7,17.8,44.9,0.0,0,"Welland, Walla Walla County",300070,Welland,2017-12-01 19:03:30.201625
2013-03-18,04:45,33.9,33.7,28.1,79.0,0.0,SW@12.6,16.0,44.9,0.0,0,"Welland, Walla Walla County",300070,Welland,2017-12-01 19:03:30.201625
2013-03-18,05:00,33.4,33.2,28.1,80.6,0.0,SW@11.9,16.0,44.8,0.0,0,"Welland, Walla Walla County",300070,Welland,2017-12-01 19:03:30.201625
2013-03-18,05:15,33.4,33.3,28.4,81.5,0.0,SW@11.3,15.0,44.8,0.0,0,"Welland, Walla Walla County",300070,Welland,2017-12-01 19:03:30.201625
2013-03-18,05:30,33.5,33.5,28.5,81.6,0.01,SW@11.6,16.0,44.8,0.0,0,"Welland, Walla Walla County",300070,Welland,2017-12-01 19:03:30.201625
2013-03-18,05:45,33.6,33.5,28.6,81.8,0.01,SW@12.5,16.4,44.7,0.0,0,"Welland, Walla Walla County",300070,Welland,2017-12-01 19:03:30.201625
2013-03-18,06:00,33.9,33.8,28.6,80.7,0.01,SW@13.0,18.9,44.7,0.0,2,"Welland, Walla Walla County",300070,Welland,2017-12-01 19:03:30.201625
2013-03-18,06:15,33.9,33.9,28.6,80.7,0.01,SW@13.2,17.1,44.6,0.0,14,"Welland, Walla Walla County",300070,Welland,2017-12-01 19:03:30.201625
2013-03-18,06:30,34.8,34.7,29.1,79.3,0.01,SW@13.8,17.8,44.6,0.0,54,"Welland, Walla Walla County",300070,Welland,2017-12-01 19:03:30.201625
2013-03-18,06:45,35.6,35.5,29.4,77.8,0.0,SW@15.8,20.7,44.5,0.0,56,"Welland, Walla Walla County",300070,Welland,2017-12-01 19:03:30.201625
2013-03-18,07:00,36.2,36.1,29.5,76.3,0.0,SW@16.4,22.1,44.5,0.0,65,"Welland, Walla Walla County",300070,Welland,2017-12-01 19:03:30.201625
2013-03-18,07:15,36.7,36.6,29.4,74.5,0.0,SW@17.9,24.3,44.4,0.0,89,"Welland, Walla Walla County",300070,Welland,2017-12-01 19:03:30.201625
2013-03-18,07:30,37.3,37.2,29.3,72.6,0.0,SW@18.4,25.3,44.4,0.0,109,"Welland, Walla Walla County",300070,Welland,2017-12-01 19:03:30.201625
2013-03-18,07:45,38.0,37.8,28.9,69.5,0.0,SW@16.7,22.1,44.3,0.0,153,"Welland, Walla Walla County",300070,Welland,2017-12-01 19:03:30.201625
2013-03-18,08:00,38.6,38.3,28.2,65.9,0.0,SW@16.4,22.8,44.3,0.0,179,"Welland, Walla Walla County",300070,Welland,2017-12-01 19:03:30.201625
2013-03-18,08:15,39.8,39.4,27.8,61.9,0.0,SW@17.3,24.6,44.3,0.0,295,"Welland, Walla Walla County",300070,Welland,2017-12-01 19:03:30.201625
2013-03-18,08:30,41.2,40.8,28.6,60.4,0.0,SW@17.2,24.3,44.2,0.0,352,"Welland, Walla Walla County",300070,Welland,2017-12-01 19:03:30.201625
2013-03-18,08:45,42.8,42.2,29.1,58.1,0.0,SW@17.4,25.3,44.2,0.0,435,"Welland, Walla Walla County",300070,Welland,2017-12-01 19:03:30.201625
2013-03-18,09:00,43.2,42.6,28.8,56.4,0.0,SW@18.5,26.4,44.1,0.0,433,"Welland, Walla Walla County",300070,Welland,2017-12-01 19:03:30.201625
2013-03-18,09:15,43.8,43.3,29.1,55.9,0.0,SW@19.0,26.0,44.1,0.0,423,"Welland, Walla Walla County",300070,Welland,2017-12-01 19:03:30.201625
2013-03-18,09:30,44.3,43.8,29.0,54.6,0.0,SW@19.7,28.2,44.1,0.0,419,"Welland, Walla Walla County",300070,Welland,2017-12-01 19:03:30.201625
2013-03-18,09:45,44.8,44.4,28.9,53.2,0.0,SW@22.6,29.6,44.0,0.0,420,"Welland, Walla Walla County",300070,Welland,2017-12-01 19:03:30.201625
2013-03-18,10:00,45.5,44.9,28.9,52.0,0.0,SW@21.0,26.8,44.0,0.0,437,"Welland, Walla Walla County",300070,Welland,2017-12-01 19:03:30.201625
2013-03-18,10:15,46.2,45.7,29.3,51.4,0.0,SW@23.0,28.9,43.9,0.0,526,"Welland, Walla Walla County",300070,Welland,2017-12-01 19:03:30.201625
2013-03-18,10:30,47.3,46.7,29.3,49.3,0.0,SW@23.4,30.3,43.9,0.0,629,"Welland, Walla Walla County",300070,Welland,2017-12-01 19:03:30.201625
2013-03-18,10:45,48.0,47.3,28.6,46.8,0.0,SW@24.2,30.3,43.9,0.0,579,"Welland, Walla Walla County",300070,Welland,2017-12-01 19:03:30.201625
2013-03-18,11:00,48.1,47.6,28.3,46.0,0.0,SW@20.4,26.8,43.8,0.0,508,"Welland, Walla Walla County",300070,Welland,2017-12-01 19:03:30.201625
2013-03-18,11:15,48.1,47.5,27.8,45.1,0.0,SW@21.0,28.6,43.8,0.0,449,"Welland, Walla Walla County",300070,Welland,2017-12-01 19:03:30.201625
2013-03-18,11:30,47.6,47.2,27.5,45.2,0.0,SW@21.1,27.8,43.8,0.0,381,"Welland, Walla Walla County",300070,Welland,2017-12-01 19:03:30.201625
2013-03-18,11:45,49.4,48.8,28.0,43.4,0.0,SW@22.6,32.1,43.8,0.0,587,"Welland, Walla Walla County",300070,Welland,2017-12-01 19:03:30.201625
2013-03-18,12:00,50.6,49.9,28.1,41.6,0.0,SW@22.9,31.1,43.7,0.0,731,"Welland, Walla Walla County",300070,Welland,2017-12-01 19:03:30.201625
2013-03-18,12:15,51.3,50.6,27.4,39.3,0.0,SW@22.3,30.0,43.7,0.0,737,"Welland, Walla Walla County",300070,Welland,2017-12-01 19:03:30.201625
2013-03-18,12:30,52.1,51.5,27.5,38.3,0.0,SW@23.7,30.0,43.7,0.0,750,"Welland, Walla Walla County",300070,Welland,2017-12-01 19:03:30.201625
2013-03-18,12:45,52.7,52.1,28.1,38.3,0.0,SW@22.5,28.9,43.7,0.0,725,"Welland, Walla Walla County",300070,Welland,2017-12-01 19:03:30.201625
2013-03-18,13:00,53.8,53.1,27.9,36.7,0.0,SW@20.8,28.2,43.7,0.0,709,"Welland, Walla Walla County",300070,Welland,2017-12-01 19:03:30.201625
2013-03-18,13:15,54.2,53.6,27.4,35.4,0.0,SW@20.2,27.5,43.7,0.0,694,"Welland, Walla Walla County",300070,Welland,2017-12-01 19:03:30.201625
2013-03-18,13:30,54.7,53.9,26.2,33.1,0.0,SW@23.0,30.3,43.7,0.0,682,"Welland, Walla Walla County",300070,Welland,2017-12-01 19:03:30.201625
2013-03-18,13:45,54.8,54.1,26.0,32.7,0.0,SW@23.2,30.3,43.8,0.0,661,"Welland, Walla Walla County",300070,Welland,2017-12-01 19:03:30.201625
2013-03-18,14:00,55.1,54.3,25.8,32.1,0.0,SW@21.7,26.8,43.8,0.0,640,"Welland, Walla Walla County",300070,Welland,2017-12-01 19:03:30.201625
2013-03-18,14:15,54.9,54.2,25.7,32.1,0.0,SW@20.8,25.3,43.8,0.0,589,"Welland, Walla Walla County",300070,Welland,2017-12-01 19:03:30.201625
2013-03-18,14:30,56.1,55.4,26.4,31.6,0.0,SW@18.6,25.7,43.8,0.0,661,"Welland, Walla Walla County",300070,Welland,2017-12-01 19:03:30.201625
2013-03-18,14:45,55.5,54.7,26.3,32.2,0.0,SW@20.5,26.8,43.9,0.0,555,"Welland, Walla Walla County",300070,Welland,2017-12-01 19:03:30.201625
2013-03-18,15:00,55.5,54.8,26.6,32.6,0.0,SW@20.5,25.7,43.9,0.0,509,"Welland, Walla Walla County",300070,Welland,2017-12-01 19:03:30.201625
2013-03-18,15:15,55.4,54.8,26.4,32.4,0.0,SW@19.4,28.6,44.0,0.0,472,"Welland, Walla Walla County",300070,Welland,2017-12-01 19:03:30.201625
2013-03-18,15:30,55.0,54.3,26.4,32.9,0.0,SW@21.1,27.1,44.0,0.0,434,"Welland, Walla Walla County",300070,Welland,2017-12-01 19:03:30.201625
2013-03-18,15:45,54.0,53.4,26.8,34.7,0.0,SW@20.0,27.1,44.1,0.0,275,"Welland, Walla Walla County",300070,Welland,2017-12-01 19:03:30.201625
2013-03-18,16:00,53.8,53.4,27.7,36.4,0.0,SW@18.8,23.5,44.2,0.0,304,"Welland, Walla Walla County",300070,Welland,2017-12-01 19:03:30.201625
2013-03-18,16:15,53.8,53.3,27.9,36.6,0.0,SW@17.7,23.2,44.2,0.0,210,"Welland, Walla Walla County",300070,Welland,2017-12-01 19:03:30.201625
2013-03-18,16:30,52.1,52.0,27.6,38.4,0.0,W@13.8,25.3,44.3,0.0,104,"Welland, Walla Walla County",300070,Welland,2017-12-01 19:03:30.201625
2013-03-18,16:45,51.9,51.7,22.7,31.5,0.0,W@9.4,12.8,44.3,0.0,93,"Welland, Walla Walla County",300070,Welland,2017-12-01 19:03:30.201625
2013-03-18,17:00,51.4,51.0,23.3,33.1,0.0,W@7.5,10.3,44.4,0.0,128,"Welland, Walla Walla County",300070,Welland,2017-12-01 19:03:30.201625
2013-03-18,17:15,51.2,50.8,22.0,31.5,0.0,NW@8.8,13.2,44.5,0.0,140,"Welland, Walla Walla County",300070,Welland,2017-12-01 19:03:30.201625
2013-03-18,17:30,50.3,49.9,22.9,34.0,0.0,NW@5.8,10.7,44.6,0.0,87,"Welland, Walla Walla County",300070,Welland,2017-12-01 19:03:30.201625
2013-03-18,17:45,48.5,48.1,23.8,37.6,0.0,NW@5.0,7.1,44.6,0.0,53,"Welland, Walla Walla County",300070,Welland,2017-12-01 19:03:30.201625
2013-03-18,18:00,46.5,46.1,22.1,37.7,0.0,NW@5.1,8.5,44.7,0.0,20,"Welland, Walla Walla County",300070,Welland,2017-12-01 19:03:30.201625
2013-03-18,18:15,44.3,44.0,21.4,39.9,0.0,NW@5.4,8.9,44.8,0.0,4,"Welland, Walla Walla County",300070,Welland,2017-12-01 19:03:30.201625
2013-03-18,18:30,42.9,42.7,21.1,41.5,0.0,W@6.7,10.7,44.8,0.0,0,"Welland, Walla Walla County",300070,Welland,2017-12-01 19:03:30.201625
2013-03-18,18:45,42.5,42.5,20.8,41.5,0.0,W@7.0,10.7,44.9,0.0,0,"Welland, Walla Walla County",300070,Welland,2017-12-01 19:03:30.201625
2013-03-18,19:00,42.0,41.8,20.4,41.6,0.0,W@6.6,9.9,45.0,0.0,0,"Welland, Walla Walla County",300070,Welland,2017-12-01 19:03:30.201625
2013-03-18,19:15,42.1,42.0,20.7,42.2,0.0,W@7.7,13.5,45.0,0.0,0,"Welland, Walla Walla County",300070,Welland,2017-12-01 19:03:30.201625
2013-03-18,19:30,41.1,40.9,21.0,44.4,0.0,W@7.0,10.3,45.1,0.0,0,"Welland, Walla Walla County",300070,Welland,2017-12-01 19:03:30.201625
2013-03-18,19:45,40.5,40.5,21.4,46.1,0.0,W@7.3,11.0,45.1,0.0,0,"Welland, Walla Walla County",300070,Welland,2017-12-01 19:03:30.201625
2013-03-18,20:00,39.8,39.5,21.3,47.2,0.0,SW@6.1,10.7,45.2,0.0,0,"Welland, Walla Walla County",300070,Welland,2017-12-01 19:03:30.201625
2013-03-18,20:15,38.9,38.6,21.0,48.2,0.0,W@4.9,9.6,45.2,0.0,0,"Welland, Walla Walla County",300070,Welland,2017-12-01 19:03:30.201625
2013-03-18,20:30,38.0,38.0,21.0,49.9,0.0,W@4.5,7.1,45.2,0.0,0,"Welland, Walla Walla County",300070,Welland,2017-12-01 19:03:30.201625
2013-03-18,20:45,37.6,37.3,21.2,51.2,0.0,W@5.8,7.4,45.3,0.0,0,"Welland, Walla Walla County",300070,Welland,2017-12-01 19:03:30.201625
2013-03-18,21:00,36.3,35.9,21.2,53.9,0.0,SW@5.4,6.7,45.3,0.0,0,"Welland, Walla Walla County",300070,Welland,2017-12-01 19:03:30.201625
2013-03-18,21:15,35.0,34.9,21.1,56.7,0.0,SW@4.6,6.0,45.3,0.0,0,"Welland, Walla Walla County",300070,Welland,2017-12-01 19:03:30.201625
2013-03-18,21:30,37.3,37.3,21.7,52.8,0.0,W@4.8,5.7,45.3,0.0,0,"Welland, Walla Walla County",300070,Welland,2017-12-01 19:03:30.201625
2013-03-18,21:45,35.8,35.6,21.7,56.1,0.0,W@3.0,4.2,45.3,0.0,0,"Welland, Walla Walla County",300070,Welland,2017-12-01 19:03:30.201625
2013-03-18,22:00,38.2,38.1,21.8,51.2,0.0,SW@3.5,4.6,45.3,0.0,0,"Welland, Walla Walla County",300070,Welland,2017-12-01 19:03:30.201625
2013-03-18,22:15,35.9,35.4,21.4,55.2,0.0,W@3.0,5.7,45.3,0.0,0,"Welland, Walla Walla County",300070,Welland,2017-12-01 19:03:30.201625
2013-03-18,22:30,34.9,35.3,21.7,58.2,0.0,NW@2.8,7.1,45.3,0.0,0,"Welland, Walla Walla County",300070,Welland,2017-12-01 19:03:30.201625
2013-03-18,22:45,40.1,40.0,22.3,48.7,0.0,NW@3.0,4.2,45.3,0.0,0,"Welland, Walla Walla County",300070,Welland,2017-12-01 19:03:30.201625
2013-03-18,23:00,39.8,39.6,22.3,49.2,0.0,W@3.6,4.2,45.3,0.0,0,"Welland, Walla Walla County",300070,Welland,2017-12-01 19:03:30.201625
2013-03-19,23:15,37.3,36.5,21.6,52.8,0.0,SW@3.7,5.7,45.3,0.0,0,"Welland, Walla Walla County",300070,Welland,2017-12-01 19:03:30.201625
2013-03-19,23:30,37.5,37.6,21.9,53.0,0.0,SW@4.2,5.7,45.3,0.0,0,"Welland, Walla Walla County",300070,Welland,2017-12-01 19:03:30.201625
2013-03-19,23:45,35.8,35.4,21.5,55.7,0.0,NW@2.3,3.9,45.2,0.0,0,"Welland, Walla Walla County",300070,Welland,2017-12-01 19:03:30.201625
2013-03-19,24:00,35.7,35.2,22.0,57.1,0.0,W@1.6,2.8,45.2,0.0,0,"Welland, Walla Walla County",300070,Welland,2017-12-01 19:03:30.201625
