Date,Time PST,Air Temp °F, 2<sup>nd</sup> Air Temp °F, Dew Point °F, Rel Hum %, Leaf Wet u., Wind Dir @ Speed mph, Wind Gust mph, 8 in. Soil Tmp °F, Tot Prec in, Solar Rad W/m², Atm. Press. inHg,Location,Station ID,Station Name,Download Timestamp
2010-04-27,00:15,47.8,,47.7,99.4,0.85,S@1.1,2.4,53.5,0.01,0,,"Naches, Yakima County",310126,Naches,2017-12-10 05:06:45.039723
2010-04-27,00:30,47.8,,47.8,99.7,0.85,S@0.4,2.4,53.5,0.0,0,,"Naches, Yakima County",310126,Naches,2017-12-10 05:06:45.039723
2010-04-27,00:45,47.8,,47.8,99.9,0.85,S@0.3,2.8,53.4,0.0,0,,"Naches, Yakima County",310126,Naches,2017-12-10 05:06:45.039723
2010-04-27,01:00,47.8,,47.6,99.2,0.85,SE@0.0,1.4,53.4,0.0,0,,"Naches, Yakima County",310126,Naches,2017-12-10 05:06:45.039723
2010-04-27,01:15,47.4,,47.0,98.6,0.85,N@0.0,0.0,53.3,0.0,0,,"Naches, Yakima County",310126,Naches,2017-12-10 05:06:45.039723
2010-04-27,01:30,47.0,,46.7,98.9,0.85,N@0.0,0.0,53.3,0.0,0,,"Naches, Yakima County",310126,Naches,2017-12-10 05:06:45.039723
2010-04-27,01:45,46.7,,46.4,98.9,0.86,N@0.0,0.0,53.3,0.0,0,,"Naches, Yakima County",310126,Naches,2017-12-10 05:06:45.039723
2010-04-27,02:00,46.5,,46.2,98.9,0.86,N@0.0,0.0,53.3,0.0,0,,"Naches, Yakima County",310126,Naches,2017-12-10 05:06:45.039723
2010-04-27,02:15,45.9,,45.6,99.0,0.86,NE@0.4,2.1,53.2,0.0,0,,"Naches, Yakima County",310126,Naches,2017-12-10 05:06:45.039723
2010-04-27,02:30,45.6,,45.5,99.6,0.87,NE@0.0,1.4,53.2,0.0,0,,"Naches, Yakima County",310126,Naches,2017-12-10 05:06:45.039723
2010-04-27,02:45,44.9,,44.7,99.0,0.87,N@0.0,0.0,53.2,0.0,0,,"Naches, Yakima County",310126,Naches,2017-12-10 05:06:45.039723
2010-04-27,03:00,44.6,,44.6,99.9,0.87,SW@1.4,3.5,53.1,0.0,0,,"Naches, Yakima County",310126,Naches,2017-12-10 05:06:45.039723
2010-04-27,03:15,44.1,,44.1,99.8,0.87,SE@1.3,4.6,53.1,0.0,0,,"Naches, Yakima County",310126,Naches,2017-12-10 05:06:45.039723
2010-04-27,03:30,43.8,,43.8,99.9,0.87,NE@1.2,2.4,53.1,0.01,0,,"Naches, Yakima County",310126,Naches,2017-12-10 05:06:45.039723
2010-04-27,03:45,43.5,,43.4,99.8,0.87,N@2.3,4.2,53.0,0.0,0,,"Naches, Yakima County",310126,Naches,2017-12-10 05:06:45.039723
2010-04-27,04:00,42.1,,42.0,99.7,0.87,S@1.4,4.2,53.0,0.0,0,,"Naches, Yakima County",310126,Naches,2017-12-10 05:06:45.039723
2010-04-27,04:15,41.4,,41.4,99.8,0.86,S@1.7,3.9,53.0,0.0,0,,"Naches, Yakima County",310126,Naches,2017-12-10 05:06:45.039723
2010-04-27,04:30,41.8,,41.8,99.9,0.87,N@1.4,4.2,52.9,0.0,0,,"Naches, Yakima County",310126,Naches,2017-12-10 05:06:45.039723
2010-04-27,04:45,42.6,,42.6,100.0,0.87,NW@2.2,4.2,52.9,0.0,0,,"Naches, Yakima County",310126,Naches,2017-12-10 05:06:45.039723
2010-04-27,05:00,43.3,,43.3,100.0,0.87,NE@2.4,3.9,52.8,0.0,1,,"Naches, Yakima County",310126,Naches,2017-12-10 05:06:45.039723
2010-04-27,05:15,43.7,,43.7,100.0,0.87,N@2.6,4.2,52.8,0.0,3,,"Naches, Yakima County",310126,Naches,2017-12-10 05:06:45.039723
2010-04-27,05:30,43.9,,43.9,100.0,0.87,SE@0.5,2.8,52.7,0.0,8,,"Naches, Yakima County",310126,Naches,2017-12-10 05:06:45.039723
2010-04-27,05:45,43.9,,43.9,100.0,0.88,S@0.8,3.1,52.7,0.0,21,,"Naches, Yakima County",310126,Naches,2017-12-10 05:06:45.039723
2010-04-27,06:00,43.9,,43.9,100.0,0.88,S@0.9,2.4,52.7,0.0,41,,"Naches, Yakima County",310126,Naches,2017-12-10 05:06:45.039723
2010-04-27,06:15,45.1,,45.1,100.0,0.88,NW@1.9,3.9,52.6,0.0,100,,"Naches, Yakima County",310126,Naches,2017-12-10 05:06:45.039723
2010-04-27,06:30,45.9,,45.9,100.0,0.88,NE@0.5,2.4,52.6,0.0,100,,"Naches, Yakima County",310126,Naches,2017-12-10 05:06:45.039723
2010-04-27,06:45,46.6,,46.6,100.0,0.88,N@0.7,2.8,52.5,0.0,102,,"Naches, Yakima County",310126,Naches,2017-12-10 05:06:45.039723
2010-04-27,07:00,47.2,,47.1,99.7,0.88,N@3.4,5.7,52.5,0.0,146,,"Naches, Yakima County",310126,Naches,2017-12-10 05:06:45.039723
2010-04-27,07:15,47.2,,46.9,99.0,0.88,N@3.1,4.6,52.4,0.0,115,,"Naches, Yakima County",310126,Naches,2017-12-10 05:06:45.039723
2010-04-27,07:30,48.1,,47.8,98.6,0.88,NE@2.3,4.6,52.4,0.0,232,,"Naches, Yakima County",310126,Naches,2017-12-10 05:06:45.039723
2010-04-27,07:45,50.0,,48.7,95.3,0.85,SE@2.2,5.3,52.3,0.0,514,,"Naches, Yakima County",310126,Naches,2017-12-10 05:06:45.039723
2010-04-27,08:00,50.7,,47.2,87.9,0.7,SW@2.8,5.3,52.3,0.0,448,,"Naches, Yakima County",310126,Naches,2017-12-10 05:06:45.039723
2010-04-27,08:15,50.3,,47.0,88.4,0.28,S@4.1,6.0,52.2,0.0,184,,"Naches, Yakima County",310126,Naches,2017-12-10 05:06:45.039723
2010-04-27,08:30,50.1,,46.4,87.1,0.0,S@4.1,6.4,52.2,0.0,255,,"Naches, Yakima County",310126,Naches,2017-12-10 05:06:45.039723
2010-04-27,08:45,49.9,,46.6,88.5,0.0,S@4.4,6.4,52.1,0.0,157,,"Naches, Yakima County",310126,Naches,2017-12-10 05:06:45.039723
2010-04-27,09:00,50.7,,46.9,86.5,0.0,S@4.2,7.4,52.1,0.0,284,,"Naches, Yakima County",310126,Naches,2017-12-10 05:06:45.039723
2010-04-27,09:15,51.0,,46.0,83.0,0.0,SE@4.4,7.8,52.1,0.0,277,,"Naches, Yakima County",310126,Naches,2017-12-10 05:06:45.039723
2010-04-27,09:30,51.6,,45.8,80.4,0.0,S@5.3,8.2,52.1,0.0,276,,"Naches, Yakima County",310126,Naches,2017-12-10 05:06:45.039723
2010-04-27,09:45,53.0,,46.2,77.5,0.0,S@5.1,7.8,52.1,0.0,547,,"Naches, Yakima County",310126,Naches,2017-12-10 05:06:45.039723
2010-04-27,10:00,54.4,,46.2,73.7,0.0,S@6.0,9.9,52.1,0.0,628,,"Naches, Yakima County",310126,Naches,2017-12-10 05:06:45.039723
2010-04-27,10:15,55.3,,45.6,69.6,0.0,S@4.5,8.5,52.1,0.0,756,,"Naches, Yakima County",310126,Naches,2017-12-10 05:06:45.039723
2010-04-27,10:30,55.6,,43.9,64.5,0.0,SW@2.9,6.4,52.1,0.0,615,,"Naches, Yakima County",310126,Naches,2017-12-10 05:06:45.039723
2010-04-27,10:45,57.0,,44.3,62.5,0.0,S@5.2,10.3,52.1,0.0,791,,"Naches, Yakima County",310126,Naches,2017-12-10 05:06:45.039723
2010-04-27,11:00,57.6,,44.4,61.3,0.0,S@5.5,11.7,52.1,0.0,784,,"Naches, Yakima County",310126,Naches,2017-12-10 05:06:45.039723
2010-04-27,11:15,58.1,,44.0,59.4,0.0,S@5.6,11.0,52.2,0.0,695,,"Naches, Yakima County",310126,Naches,2017-12-10 05:06:45.039723
2010-04-27,11:30,58.0,,43.0,57.4,0.0,S@4.4,10.7,52.2,0.0,572,,"Naches, Yakima County",310126,Naches,2017-12-10 05:06:45.039723
2010-04-27,11:45,58.4,,42.9,56.2,0.0,S@5.4,9.6,52.3,0.0,611,,"Naches, Yakima County",310126,Naches,2017-12-10 05:06:45.039723
2010-04-27,12:00,58.4,,41.8,53.9,0.0,S@6.2,11.7,52.3,0.0,221,,"Naches, Yakima County",310126,Naches,2017-12-10 05:06:45.039723
2010-04-27,12:15,60.0,,40.6,48.6,0.01,S@5.7,12.8,52.4,0.0,853,,"Naches, Yakima County",310126,Naches,2017-12-10 05:06:45.039723
2010-04-27,12:30,61.1,,39.5,44.8,0.0,S@6.7,11.7,52.5,0.0,622,,"Naches, Yakima County",310126,Naches,2017-12-10 05:06:45.039723
2010-04-27,12:45,62.8,,37.9,39.6,0.0,S@5.9,12.8,52.6,0.0,872,,"Naches, Yakima County",310126,Naches,2017-12-10 05:06:45.039723
2010-04-27,13:00,62.9,,37.5,39.0,0.0,S@7.4,13.2,52.7,0.0,761,,"Naches, Yakima County",310126,Naches,2017-12-10 05:06:45.039723
2010-04-27,13:15,62.4,,35.9,37.1,0.0,S@8.0,15.7,52.8,0.0,512,,"Naches, Yakima County",310126,Naches,2017-12-10 05:06:45.039723
2010-04-27,13:30,61.3,,34.1,35.9,0.01,SW@6.5,12.1,53.0,0.0,272,,"Naches, Yakima County",310126,Naches,2017-12-10 05:06:45.039723
2010-04-27,13:45,60.9,,36.7,40.5,0.0,W@5.5,13.9,53.1,0.0,335,,"Naches, Yakima County",310126,Naches,2017-12-10 05:06:45.039723
2010-04-27,14:00,61.1,,33.4,35.2,0.0,W@3.9,9.2,53.2,0.0,279,,"Naches, Yakima County",310126,Naches,2017-12-10 05:06:45.039723
2010-04-27,14:15,62.2,,33.9,34.5,0.0,SW@4.3,9.9,53.3,0.0,590,,"Naches, Yakima County",310126,Naches,2017-12-10 05:06:45.039723
2010-04-27,14:30,62.8,,32.5,32.0,0.0,W@7.6,13.2,53.5,0.0,595,,"Naches, Yakima County",310126,Naches,2017-12-10 05:06:45.039723
2010-04-27,14:45,63.7,,31.5,29.7,0.0,W@7.2,13.2,53.6,0.0,696,,"Naches, Yakima County",310126,Naches,2017-12-10 05:06:45.039723
2010-04-27,15:00,62.1,,28.5,27.8,0.0,NW@7.3,11.4,53.7,0.0,293,,"Naches, Yakima County",310126,Naches,2017-12-10 05:06:45.039723
2010-04-27,15:15,61.1,,29.2,29.7,0.0,NW@5.7,10.3,53.8,0.0,275,,"Naches, Yakima County",310126,Naches,2017-12-10 05:06:45.039723
2010-04-27,15:30,61.9,,30.3,30.1,0.0,NW@5.8,9.2,53.9,0.0,393,,"Naches, Yakima County",310126,Naches,2017-12-10 05:06:45.039723
2010-04-27,15:45,60.9,,29.1,29.8,0.0,NW@5.4,8.5,54.0,0.0,216,,"Naches, Yakima County",310126,Naches,2017-12-10 05:06:45.039723
2010-04-27,16:00,60.5,,30.4,31.7,0.0,W@6.0,9.9,54.1,0.0,285,,"Naches, Yakima County",310126,Naches,2017-12-10 05:06:45.039723
2010-04-27,16:15,61.5,,31.6,32.2,0.0,NW@6.1,11.4,54.2,0.0,303,,"Naches, Yakima County",310126,Naches,2017-12-10 05:06:45.039723
2010-04-27,16:30,59.8,,33.8,37.4,0.0,NW@6.7,11.0,54.3,0.0,158,,"Naches, Yakima County",310126,Naches,2017-12-10 05:06:45.039723
2010-04-27,16:45,58.3,,35.1,41.6,0.0,NW@8.2,14.6,54.5,0.0,181,,"Naches, Yakima County",310126,Naches,2017-12-10 05:06:45.039723
2010-04-27,17:00,56.7,,34.5,43.0,0.0,NW@8.6,16.7,54.6,0.0,161,,"Naches, Yakima County",310126,Naches,2017-12-10 05:06:45.039723
2010-04-27,17:15,56.3,,34.5,43.7,0.0,NW@7.0,12.4,54.6,0.0,132,,"Naches, Yakima County",310126,Naches,2017-12-10 05:06:45.039723
2010-04-27,17:30,55.6,,34.9,45.6,0.0,NW@7.7,16.0,54.7,0.0,86,,"Naches, Yakima County",310126,Naches,2017-12-10 05:06:45.039723
2010-04-27,17:45,55.4,,34.2,44.5,0.0,NW@9.2,15.7,54.8,0.0,68,,"Naches, Yakima County",310126,Naches,2017-12-10 05:06:45.039723
2010-04-27,18:00,55.0,,35.3,47.3,0.0,NW@8.1,14.2,54.9,0.0,44,,"Naches, Yakima County",310126,Naches,2017-12-10 05:06:45.039723
2010-04-27,18:15,53.6,,36.1,51.2,0.0,NW@9.2,16.7,54.9,0.0,32,,"Naches, Yakima County",310126,Naches,2017-12-10 05:06:45.039723
2010-04-27,18:30,52.0,,36.2,54.6,0.0,NW@9.5,15.7,55.0,0.0,21,,"Naches, Yakima County",310126,Naches,2017-12-10 05:06:45.039723
2010-04-27,18:45,51.6,,35.7,54.3,0.0,N@8.7,13.9,55.0,0.0,16,,"Naches, Yakima County",310126,Naches,2017-12-10 05:06:45.039723
2010-04-27,19:00,51.2,,35.3,54.3,0.0,N@7.6,11.7,55.0,0.0,9,,"Naches, Yakima County",310126,Naches,2017-12-10 05:06:45.039723
2010-04-27,19:15,50.5,,35.7,56.5,0.0,N@5.5,10.7,55.1,0.0,2,,"Naches, Yakima County",310126,Naches,2017-12-10 05:06:45.039723
2010-04-27,19:30,50.1,,35.9,58.0,0.0,NW@5.0,10.3,55.1,0.0,0,,"Naches, Yakima County",310126,Naches,2017-12-10 05:06:45.039723
2010-04-27,19:45,49.7,,36.2,59.4,0.0,W@3.2,7.4,55.1,0.0,0,,"Naches, Yakima County",310126,Naches,2017-12-10 05:06:45.039723
2010-04-27,20:00,49.0,,36.4,61.5,0.0,W@5.1,9.2,55.1,0.0,0,,"Naches, Yakima County",310126,Naches,2017-12-10 05:06:45.039723
2010-04-27,20:15,49.0,,36.2,61.1,0.0,W@4.4,8.5,55.1,0.0,0,,"Naches, Yakima County",310126,Naches,2017-12-10 05:06:45.039723
2010-04-27,20:30,48.7,,36.2,61.8,0.0,W@4.0,7.1,55.1,0.0,0,,"Naches, Yakima County",310126,Naches,2017-12-10 05:06:45.039723
2010-04-27,20:45,48.4,,36.3,62.9,0.0,W@3.5,6.0,55.0,0.0,0,,"Naches, Yakima County",310126,Naches,2017-12-10 05:06:45.039723
2010-04-27,21:00,47.7,,36.5,64.8,0.0,SE@2.2,4.9,55.0,0.0,0,,"Naches, Yakima County",310126,Naches,2017-12-10 05:06:45.039723
2010-04-27,21:15,47.4,,36.2,64.7,0.0,N@2.3,6.7,55.0,0.0,0,,"Naches, Yakima County",310126,Naches,2017-12-10 05:06:45.039723
2010-04-27,21:30,47.8,,35.6,62.3,0.0,NW@2.3,5.3,54.9,0.0,0,,"Naches, Yakima County",310126,Naches,2017-12-10 05:06:45.039723
2010-04-27,21:45,47.7,,35.1,61.5,0.0,W@3.8,6.0,54.9,0.0,0,,"Naches, Yakima County",310126,Naches,2017-12-10 05:06:45.039723
2010-04-27,22:00,47.2,,35.1,62.5,0.0,W@2.0,6.0,54.9,0.0,0,,"Naches, Yakima County",310126,Naches,2017-12-10 05:06:45.039723
2010-04-27,22:15,46.3,,35.5,65.9,0.0,E@0.9,3.1,54.8,0.0,0,,"Naches, Yakima County",310126,Naches,2017-12-10 05:06:45.039723
2010-04-27,22:30,45.2,,35.7,69.2,0.0,W@1.7,4.9,54.8,0.0,0,,"Naches, Yakima County",310126,Naches,2017-12-10 05:06:45.039723
2010-04-27,22:45,46.0,,34.9,65.1,0.0,NW@2.6,4.9,54.7,0.0,0,,"Naches, Yakima County",310126,Naches,2017-12-10 05:06:45.039723
2010-04-27,23:00,44.9,,35.5,69.5,0.0,N@1.9,3.1,54.7,0.0,0,,"Naches, Yakima County",310126,Naches,2017-12-10 05:06:45.039723
2010-04-28,23:15,43.6,,35.9,74.0,0.0,SE@2.1,3.9,54.6,0.0,0,,"Naches, Yakima County",310126,Naches,2017-12-10 05:06:45.039723
2010-04-28,23:30,43.1,,35.9,75.3,0.0,S@2.4,3.5,54.5,0.0,0,,"Naches, Yakima County",310126,Naches,2017-12-10 05:06:45.039723
2010-04-28,23:45,43.3,,35.3,73.1,0.0,SE@1.4,4.6,54.5,0.0,0,,"Naches, Yakima County",310126,Naches,2017-12-10 05:06:45.039723
2010-04-28,24:00,43.2,,34.5,71.1,0.0,SW@1.9,3.9,54.4,0.0,0,,"Naches, Yakima County",310126,Naches,2017-12-10 05:06:45.039723
2010-04-28,00:15,42.9,,34.0,70.6,0.0,S@0.5,3.1,54.4,0.0,0,,"Naches, Yakima County",310126,Naches,2017-12-10 05:06:45.039723
2010-04-28,00:30,41.0,,34.9,78.9,0.0,NE@1.2,3.5,54.3,0.0,0,,"Naches, Yakima County",310126,Naches,2017-12-10 05:06:45.039723
2010-04-28,00:45,39.6,,34.9,83.0,0.0,SE@2.1,3.9,54.2,0.0,0,,"Naches, Yakima County",310126,Naches,2017-12-10 05:06:45.039723
2010-04-28,01:00,39.8,,34.8,81.9,0.0,NE@2.6,4.6,54.1,0.0,0,,"Naches, Yakima County",310126,Naches,2017-12-10 05:06:45.039723
2010-04-28,01:15,39.9,,34.5,81.0,0.0,S@1.3,3.5,54.1,0.0,0,,"Naches, Yakima County",310126,Naches,2017-12-10 05:06:45.039723
2010-04-28,01:30,40.0,,34.0,78.9,0.0,SE@1.8,3.5,54.0,0.0,0,,"Naches, Yakima County",310126,Naches,2017-12-10 05:06:45.039723
2010-04-28,01:45,38.0,,33.7,84.2,0.01,NE@1.5,3.5,54.0,0.0,0,,"Naches, Yakima County",310126,Naches,2017-12-10 05:06:45.039723
2010-04-28,02:00,38.3,,33.2,81.6,0.01,E@1.0,2.4,53.9,0.0,0,,"Naches, Yakima County",310126,Naches,2017-12-10 05:06:45.039723
2010-04-28,02:15,37.0,,33.0,85.0,0.02,NE@1.0,3.9,53.8,0.0,0,,"Naches, Yakima County",310126,Naches,2017-12-10 05:06:45.039723
2010-04-28,02:30,35.6,,33.0,90.2,0.05,NE@2.0,3.5,53.8,0.0,0,,"Naches, Yakima County",310126,Naches,2017-12-10 05:06:45.039723
2010-04-28,02:45,34.7,,32.1,90.1,0.06,E@3.0,5.7,53.7,0.0,0,,"Naches, Yakima County",310126,Naches,2017-12-10 05:06:45.039723
2010-04-28,03:00,34.2,,31.9,90.9,0.1,N@2.1,4.2,53.6,0.0,0,,"Naches, Yakima County",310126,Naches,2017-12-10 05:06:45.039723
2010-04-28,03:15,33.6,,31.6,92.0,0.16,E@2.4,5.7,53.5,0.0,0,,"Naches, Yakima County",310126,Naches,2017-12-10 05:06:45.039723
2010-04-28,03:30,32.3,,30.3,92.2,0.22,E@1.5,3.9,53.5,0.0,0,,"Naches, Yakima County",310126,Naches,2017-12-10 05:06:45.039723
2010-04-28,03:45,32.5,,31.0,94.2,0.31,N@2.4,3.5,53.4,0.0,0,,"Naches, Yakima County",310126,Naches,2017-12-10 05:06:45.039723
2010-04-28,04:00,32.6,,31.0,93.5,0.39,NE@1.3,3.1,53.3,0.0,0,,"Naches, Yakima County",310126,Naches,2017-12-10 05:06:45.039723
2010-04-28,04:15,32.7,,31.2,93.9,0.48,E@1.7,3.5,53.3,0.0,0,,"Naches, Yakima County",310126,Naches,2017-12-10 05:06:45.039723
2010-04-28,04:30,32.5,,31.2,94.8,0.57,N@1.3,3.1,53.2,0.0,0,,"Naches, Yakima County",310126,Naches,2017-12-10 05:06:45.039723
2010-04-28,04:45,32.1,,31.0,95.8,0.67,N@1.8,3.1,53.1,0.0,0,,"Naches, Yakima County",310126,Naches,2017-12-10 05:06:45.039723
2010-04-28,05:00,32.1,,31.3,96.9,0.76,NE@1.8,3.5,53.0,0.0,4,,"Naches, Yakima County",310126,Naches,2017-12-10 05:06:45.039723
2010-04-28,05:15,32.1,,31.3,96.7,0.81,N@0.8,2.8,52.9,0.0,9,,"Naches, Yakima County",310126,Naches,2017-12-10 05:06:45.039723
2010-04-28,05:30,32.0,,30.9,96.3,0.85,NE@0.7,3.1,52.8,0.0,16,,"Naches, Yakima County",310126,Naches,2017-12-10 05:06:45.039723
2010-04-28,05:45,33.1,,31.5,94.1,0.87,NW@0.6,3.1,52.7,0.0,20,,"Naches, Yakima County",310126,Naches,2017-12-10 05:06:45.039723
2010-04-28,06:00,32.8,,31.4,94.2,0.88,NE@0.9,2.8,52.7,0.0,63,,"Naches, Yakima County",310126,Naches,2017-12-10 05:06:45.039723
2010-04-28,06:15,34.2,,32.7,94.0,0.89,NE@0.1,1.7,52.6,0.0,155,,"Naches, Yakima County",310126,Naches,2017-12-10 05:06:45.039723
2010-04-28,06:30,39.3,,35.0,84.3,0.88,E@0.6,3.1,52.5,0.0,186,,"Naches, Yakima County",310126,Naches,2017-12-10 05:06:45.039723
2010-04-28,06:45,41.9,,35.5,77.8,0.82,NE@2.1,3.1,52.4,0.0,231,,"Naches, Yakima County",310126,Naches,2017-12-10 05:06:45.039723
2010-04-28,07:00,44.5,,34.9,68.7,0.38,E@2.6,4.2,52.3,0.0,278,,"Naches, Yakima County",310126,Naches,2017-12-10 05:06:45.039723
2010-04-28,07:15,46.6,,34.5,62.5,0.0,N@2.5,4.9,52.2,0.0,320,,"Naches, Yakima County",310126,Naches,2017-12-10 05:06:45.039723
2010-04-28,07:30,47.2,,34.5,61.0,0.0,NE@2.8,4.2,52.1,0.0,361,,"Naches, Yakima County",310126,Naches,2017-12-10 05:06:45.039723
2010-04-28,07:45,48.8,,33.9,56.3,0.0,N@2.2,4.9,52.0,0.0,408,,"Naches, Yakima County",310126,Naches,2017-12-10 05:06:45.039723
2010-04-28,08:00,50.4,,32.8,50.7,0.0,E@2.3,3.9,51.9,0.0,454,,"Naches, Yakima County",310126,Naches,2017-12-10 05:06:45.039723
2010-04-28,08:15,50.9,,32.7,49.5,0.0,N@3.3,6.7,51.8,0.0,491,,"Naches, Yakima County",310126,Naches,2017-12-10 05:06:45.039723
2010-04-28,08:30,51.9,,32.4,47.1,0.0,NE@2.8,4.9,51.7,0.0,489,,"Naches, Yakima County",310126,Naches,2017-12-10 05:06:45.039723
2010-04-28,08:45,52.7,,31.9,45.0,0.0,NE@3.7,8.2,51.6,0.0,590,,"Naches, Yakima County",310126,Naches,2017-12-10 05:06:45.039723
2010-04-28,09:00,54.6,,32.7,43.2,0.0,NE@3.2,7.4,51.5,0.0,687,,"Naches, Yakima County",310126,Naches,2017-12-10 05:06:45.039723
2010-04-28,09:15,53.9,,31.7,42.7,0.0,E@4.6,9.6,51.5,0.0,675,,"Naches, Yakima County",310126,Naches,2017-12-10 05:06:45.039723
2010-04-28,09:30,53.0,,31.2,43.1,0.0,SW@4.9,14.2,51.4,0.0,462,,"Naches, Yakima County",310126,Naches,2017-12-10 05:06:45.039723
2010-04-28,09:45,54.5,,31.6,41.5,0.0,W@5.2,11.4,51.4,0.0,833,,"Naches, Yakima County",310126,Naches,2017-12-10 05:06:45.039723
2010-04-28,10:00,54.7,,31.5,40.9,0.0,W@6.3,12.8,51.4,0.0,767,,"Naches, Yakima County",310126,Naches,2017-12-10 05:06:45.039723
2010-04-28,10:15,55.8,,31.0,38.7,0.0,W@5.0,10.3,51.3,0.0,817,,"Naches, Yakima County",310126,Naches,2017-12-10 05:06:45.039723
2010-04-28,10:30,55.8,,29.8,36.8,0.0,W@5.0,10.7,51.3,0.0,855,,"Naches, Yakima County",310126,Naches,2017-12-10 05:06:45.039723
2010-04-28,10:45,56.0,,30.3,37.2,0.03,W@4.9,9.9,51.3,0.0,711,,"Naches, Yakima County",310126,Naches,2017-12-10 05:06:45.039723
2010-04-28,11:00,57.2,,30.7,36.3,0.0,W@5.5,9.6,51.4,0.0,918,,"Naches, Yakima County",310126,Naches,2017-12-10 05:06:45.039723
2010-04-28,11:15,57.9,,30.3,34.9,0.0,W@6.4,10.7,51.4,0.0,960,,"Naches, Yakima County",310126,Naches,2017-12-10 05:06:45.039723
2010-04-28,11:30,57.1,,28.8,33.7,0.0,NW@6.3,9.9,51.5,0.0,651,,"Naches, Yakima County",310126,Naches,2017-12-10 05:06:45.039723
2010-04-28,11:45,56.9,,29.6,35.1,0.0,W@6.1,9.6,51.5,0.0,607,,"Naches, Yakima County",310126,Naches,2017-12-10 05:06:45.039723
2010-04-28,12:00,57.6,,31.1,36.3,0.0,W@6.8,12.4,51.6,0.0,1018,,"Naches, Yakima County",310126,Naches,2017-12-10 05:06:45.039723
2010-04-28,12:15,59.0,,30.3,33.5,0.0,NW@7.4,12.1,51.7,0.0,898,,"Naches, Yakima County",310126,Naches,2017-12-10 05:06:45.039723
2010-04-28,12:30,58.2,,28.5,32.0,0.0,W@7.3,12.8,51.9,0.0,608,,"Naches, Yakima County",310126,Naches,2017-12-10 05:06:45.039723
2010-04-28,12:45,57.7,,28.6,32.7,0.0,NW@6.7,11.4,52.0,0.0,831,,"Naches, Yakima County",310126,Naches,2017-12-10 05:06:45.039723
2010-04-28,13:00,57.8,,28.9,33.0,0.0,NW@6.9,9.9,52.1,0.0,484,,"Naches, Yakima County",310126,Naches,2017-12-10 05:06:45.039723
2010-04-28,13:15,56.5,,28.1,33.5,0.0,NW@7.3,12.4,52.3,0.0,268,,"Naches, Yakima County",310126,Naches,2017-12-10 05:06:45.039723
2010-04-28,13:30,57.3,,27.3,31.5,0.0,NW@8.9,17.8,52.4,0.0,552,,"Naches, Yakima County",310126,Naches,2017-12-10 05:06:45.039723
2010-04-28,13:45,57.4,,26.9,30.9,0.0,NW@8.3,14.6,52.6,0.0,510,,"Naches, Yakima County",310126,Naches,2017-12-10 05:06:45.039723
2010-04-28,14:00,57.8,,27.4,31.1,0.0,NW@9.2,14.6,52.7,0.0,477,,"Naches, Yakima County",310126,Naches,2017-12-10 05:06:45.039723
2010-04-28,14:15,56.1,,27.4,33.0,0.0,NW@9.0,13.9,52.8,0.0,184,,"Naches, Yakima County",310126,Naches,2017-12-10 05:06:45.039723
2010-04-28,14:30,56.0,,27.1,32.7,0.0,NW@8.8,17.5,53.0,0.0,201,,"Naches, Yakima County",310126,Naches,2017-12-10 05:06:45.039723
2010-04-28,14:45,56.7,,29.1,34.7,0.0,NW@7.0,12.8,53.1,0.0,302,,"Naches, Yakima County",310126,Naches,2017-12-10 05:06:45.039723
2010-04-28,15:00,56.2,,30.0,36.4,0.0,NW@5.6,11.4,53.2,0.0,235,,"Naches, Yakima County",310126,Naches,2017-12-10 05:06:45.039723
2010-04-28,15:15,55.7,,30.0,37.3,0.0,NW@6.9,13.2,53.4,0.0,208,,"Naches, Yakima County",310126,Naches,2017-12-10 05:06:45.039723
2010-04-28,15:30,55.9,,31.3,38.9,0.0,NW@6.6,12.4,53.5,0.0,247,,"Naches, Yakima County",310126,Naches,2017-12-10 05:06:45.039723
2010-04-28,15:45,54.7,,32.9,43.4,0.0,W@7.8,16.0,53.6,0.0,214,,"Naches, Yakima County",310126,Naches,2017-12-10 05:06:45.039723
2010-04-28,16:00,54.0,,31.9,42.7,0.0,NW@7.9,15.3,53.7,0.0,146,,"Naches, Yakima County",310126,Naches,2017-12-10 05:06:45.039723
2010-04-28,16:15,54.5,,31.1,40.7,0.0,NW@6.5,13.2,53.8,0.0,149,,"Naches, Yakima County",310126,Naches,2017-12-10 05:06:45.039723
2010-04-28,16:30,54.1,,30.2,39.8,0.0,NW@7.7,11.7,53.9,0.0,123,,"Naches, Yakima County",310126,Naches,2017-12-10 05:06:45.039723
2010-04-28,16:45,53.9,,29.1,38.3,0.0,NW@8.5,14.2,53.9,0.0,101,,"Naches, Yakima County",310126,Naches,2017-12-10 05:06:45.039723
2010-04-28,17:00,53.7,,29.9,39.8,0.0,NW@7.6,12.8,54.0,0.0,122,,"Naches, Yakima County",310126,Naches,2017-12-10 05:06:45.039723
2010-04-28,17:15,53.7,,29.6,39.3,0.0,NW@8.9,13.9,54.0,0.0,151,,"Naches, Yakima County",310126,Naches,2017-12-10 05:06:45.039723
2010-04-28,17:30,54.3,,29.0,37.7,0.0,NW@8.9,13.9,54.1,0.0,231,,"Naches, Yakima County",310126,Naches,2017-12-10 05:06:45.039723
2010-04-28,17:45,53.9,,27.9,36.5,0.0,NW@9.3,14.6,54.1,0.0,169,,"Naches, Yakima County",310126,Naches,2017-12-10 05:06:45.039723
2010-04-28,18:00,53.2,,27.2,36.3,0.0,NW@9.5,15.3,54.2,0.0,168,,"Naches, Yakima County",310126,Naches,2017-12-10 05:06:45.039723
2010-04-28,18:15,52.7,,29.2,40.2,0.0,NW@6.3,12.4,54.2,0.0,145,,"Naches, Yakima County",310126,Naches,2017-12-10 05:06:45.039723
2010-04-28,18:30,51.4,,30.6,44.6,0.0,NW@5.2,10.3,54.2,0.0,104,,"Naches, Yakima County",310126,Naches,2017-12-10 05:06:45.039723
2010-04-28,18:45,50.5,,30.6,46.1,0.0,NW@5.4,11.7,54.2,0.0,60,,"Naches, Yakima County",310126,Naches,2017-12-10 05:06:45.039723
2010-04-28,19:00,48.9,,31.3,50.3,0.0,NW@4.4,6.7,54.2,0.0,18,,"Naches, Yakima County",310126,Naches,2017-12-10 05:06:45.039723
2010-04-28,19:15,47.3,,31.6,54.1,0.0,NW@3.7,6.7,54.2,0.0,7,,"Naches, Yakima County",310126,Naches,2017-12-10 05:06:45.039723
2010-04-28,19:30,46.5,,31.2,54.8,0.0,NW@3.8,7.1,54.2,0.0,1,,"Naches, Yakima County",310126,Naches,2017-12-10 05:06:45.039723
2010-04-28,19:45,45.8,,31.1,56.1,0.0,NW@2.7,4.9,54.2,0.0,0,,"Naches, Yakima County",310126,Naches,2017-12-10 05:06:45.039723
2010-04-28,20:00,43.3,,31.4,62.5,0.0,NE@2.8,3.9,54.2,0.0,0,,"Naches, Yakima County",310126,Naches,2017-12-10 05:06:45.039723
2010-04-28,20:15,40.5,,32.4,72.5,0.01,SE@1.6,2.8,54.2,0.0,0,,"Naches, Yakima County",310126,Naches,2017-12-10 05:06:45.039723
2010-04-28,20:30,37.8,,32.6,81.3,0.01,E@2.8,3.5,54.2,0.0,0,,"Naches, Yakima County",310126,Naches,2017-12-10 05:06:45.039723
2010-04-28,20:45,37.9,,32.1,79.2,0.01,N@1.6,3.5,54.1,0.0,0,,"Naches, Yakima County",310126,Naches,2017-12-10 05:06:45.039723
2010-04-28,21:00,38.4,,32.6,79.4,0.01,N@2.4,3.9,54.1,0.0,0,,"Naches, Yakima County",310126,Naches,2017-12-10 05:06:45.039723
2010-04-28,21:15,37.9,,32.7,81.0,0.01,SE@2.1,4.9,54.1,0.0,0,,"Naches, Yakima County",310126,Naches,2017-12-10 05:06:45.039723
2010-04-28,21:30,38.2,,32.4,79.4,0.01,E@2.2,3.9,54.1,0.0,0,,"Naches, Yakima County",310126,Naches,2017-12-10 05:06:45.039723
2010-04-28,21:45,38.3,,33.0,81.2,0.01,NE@1.0,3.5,54.0,0.0,0,,"Naches, Yakima County",310126,Naches,2017-12-10 05:06:45.039723
2010-04-28,22:00,39.0,,32.5,77.1,0.0,E@1.3,3.1,54.0,0.0,0,,"Naches, Yakima County",310126,Naches,2017-12-10 05:06:45.039723
2010-04-28,22:15,42.3,,33.3,70.1,0.0,NW@4.0,9.6,53.9,0.0,0,,"Naches, Yakima County",310126,Naches,2017-12-10 05:06:45.039723
2010-04-28,22:30,44.0,,33.3,65.8,0.0,N@3.3,7.4,53.8,0.0,0,,"Naches, Yakima County",310126,Naches,2017-12-10 05:06:45.039723
2010-04-28,22:45,43.1,,33.5,68.7,0.0,N@2.4,4.9,53.8,0.0,0,,"Naches, Yakima County",310126,Naches,2017-12-10 05:06:45.039723
2010-04-28,23:00,42.8,,33.3,69.0,0.0,NE@3.0,6.0,53.7,0.0,0,,"Naches, Yakima County",310126,Naches,2017-12-10 05:06:45.039723
2010-04-29,23:15,41.1,,33.6,74.2,0.0,E@1.3,3.9,53.6,0.0,0,,"Naches, Yakima County",310126,Naches,2017-12-10 05:06:45.039723
2010-04-29,23:30,39.0,,33.5,80.3,0.01,SE@2.0,3.5,53.6,0.0,0,,"Naches, Yakima County",310126,Naches,2017-12-10 05:06:45.039723
2010-04-29,23:45,40.2,,33.2,75.8,0.0,SW@2.6,6.7,53.5,0.0,0,,"Naches, Yakima County",310126,Naches,2017-12-10 05:06:45.039723
2010-04-29,24:00,42.5,,33.3,69.7,0.0,E@1.9,4.2,53.4,0.0,0,,"Naches, Yakima County",310126,Naches,2017-12-10 05:06:45.039723
2010-04-29,00:15,41.5,,32.8,71.2,0.0,SE@2.9,4.6,53.3,0.0,0,,"Naches, Yakima County",310126,Naches,2017-12-10 05:06:45.039723
2010-04-29,00:30,40.5,,32.3,72.4,0.0,S@2.7,4.6,53.3,0.0,0,,"Naches, Yakima County",310126,Naches,2017-12-10 05:06:45.039723
2010-04-29,00:45,41.4,,31.7,68.1,0.0,E@2.8,4.2,53.2,0.0,0,,"Naches, Yakima County",310126,Naches,2017-12-10 05:06:45.039723
2010-04-29,01:00,40.7,,31.7,70.0,0.0,E@2.4,5.3,53.1,0.0,0,,"Naches, Yakima County",310126,Naches,2017-12-10 05:06:45.039723
2010-04-29,01:15,39.4,,31.4,72.6,0.0,SE@2.0,4.2,53.0,0.0,0,,"Naches, Yakima County",310126,Naches,2017-12-10 05:06:45.039723
2010-04-29,01:30,38.4,,31.1,74.7,0.0,E@2.1,3.5,53.0,0.0,0,,"Naches, Yakima County",310126,Naches,2017-12-10 05:06:45.039723
2010-04-29,01:45,37.6,,30.7,75.9,0.01,E@1.5,3.1,52.9,0.0,0,,"Naches, Yakima County",310126,Naches,2017-12-10 05:06:45.039723
2010-04-29,02:00,39.2,,30.6,71.0,0.0,NW@3.0,6.0,52.8,0.0,0,,"Naches, Yakima County",310126,Naches,2017-12-10 05:06:45.039723
2010-04-29,02:15,41.0,,30.4,65.6,0.0,SW@2.4,7.8,52.8,0.0,0,,"Naches, Yakima County",310126,Naches,2017-12-10 05:06:45.039723
2010-04-29,02:30,42.9,,30.3,60.6,0.0,W@3.6,6.7,52.7,0.0,0,,"Naches, Yakima County",310126,Naches,2017-12-10 05:06:45.039723
2010-04-29,02:45,39.9,,30.5,68.9,0.0,S@2.9,6.4,52.6,0.0,0,,"Naches, Yakima County",310126,Naches,2017-12-10 05:06:45.039723
2010-04-29,03:00,41.4,,29.7,63.0,0.0,N@3.3,9.2,52.5,0.0,0,,"Naches, Yakima County",310126,Naches,2017-12-10 05:06:45.039723
2010-04-29,03:15,43.4,,29.2,56.9,0.0,N@4.6,12.1,52.5,0.0,0,,"Naches, Yakima County",310126,Naches,2017-12-10 05:06:45.039723
2010-04-29,03:30,44.2,,28.7,54.2,0.0,NW@5.8,12.8,52.4,0.0,0,,"Naches, Yakima County",310126,Naches,2017-12-10 05:06:45.039723
2010-04-29,03:45,44.5,,28.8,53.6,0.0,NW@7.4,13.5,52.3,0.0,0,,"Naches, Yakima County",310126,Naches,2017-12-10 05:06:45.039723
2010-04-29,04:00,44.5,,28.5,53.1,0.0,NW@8.4,15.7,52.2,0.0,0,,"Naches, Yakima County",310126,Naches,2017-12-10 05:06:45.039723
2010-04-29,04:15,44.9,,28.1,51.4,0.0,NW@8.7,17.1,52.1,0.0,0,,"Naches, Yakima County",310126,Naches,2017-12-10 05:06:45.039723
2010-04-29,04:30,44.7,,28.0,51.6,0.0,NW@7.6,13.2,52.1,0.0,0,,"Naches, Yakima County",310126,Naches,2017-12-10 05:06:45.039723
2010-04-29,04:45,44.5,,27.7,51.5,0.0,NW@6.8,12.4,52.0,0.0,1,,"Naches, Yakima County",310126,Naches,2017-12-10 05:06:45.039723
2010-04-29,05:00,44.6,,27.8,51.4,0.0,NW@8.8,12.8,51.9,0.0,3,,"Naches, Yakima County",310126,Naches,2017-12-10 05:06:45.039723
2010-04-29,05:15,44.6,,27.9,51.6,0.0,NW@10.2,16.0,51.8,0.0,10,,"Naches, Yakima County",310126,Naches,2017-12-10 05:06:45.039723
2010-04-29,05:30,44.7,,27.8,51.2,0.0,NW@8.2,15.3,51.8,0.0,18,,"Naches, Yakima County",310126,Naches,2017-12-10 05:06:45.039723
2010-04-29,05:45,45.0,,27.4,50.0,0.0,NW@8.2,18.9,51.7,0.0,27,,"Naches, Yakima County",310126,Naches,2017-12-10 05:06:45.039723
2010-04-29,06:00,45.6,,27.0,47.8,0.0,NW@6.6,12.1,51.6,0.0,72,,"Naches, Yakima County",310126,Naches,2017-12-10 05:06:45.039723
2010-04-29,06:15,46.0,,27.0,47.2,0.0,NW@8.6,15.3,51.6,0.0,77,,"Naches, Yakima County",310126,Naches,2017-12-10 05:06:45.039723
2010-04-29,06:30,46.4,,27.1,46.6,0.0,NW@9.9,20.7,51.5,0.0,79,,"Naches, Yakima County",310126,Naches,2017-12-10 05:06:45.039723
2010-04-29,06:45,46.7,,27.1,46.1,0.0,NW@8.6,18.9,51.4,0.0,102,,"Naches, Yakima County",310126,Naches,2017-12-10 05:06:45.039723
2010-04-29,07:00,47.2,,27.0,45.2,0.0,NW@8.4,17.1,51.4,0.0,109,,"Naches, Yakima County",310126,Naches,2017-12-10 05:06:45.039723
2010-04-29,07:15,48.0,,26.9,43.7,0.0,NW@6.4,15.0,51.3,0.0,124,,"Naches, Yakima County",310126,Naches,2017-12-10 05:06:45.039723
2010-04-29,07:30,48.7,,27.2,43.1,0.0,N@8.0,15.0,51.3,0.0,142,,"Naches, Yakima County",310126,Naches,2017-12-10 05:06:45.039723
2010-04-29,07:45,48.8,,27.1,42.7,0.0,N@8.3,13.9,51.2,0.0,136,,"Naches, Yakima County",310126,Naches,2017-12-10 05:06:45.039723
2010-04-29,08:00,49.0,,27.4,42.9,0.0,N@6.4,13.2,51.2,0.0,146,,"Naches, Yakima County",310126,Naches,2017-12-10 05:06:45.039723
2010-04-29,08:15,49.7,,27.2,41.3,0.0,N@5.5,11.7,51.1,0.0,165,,"Naches, Yakima County",310126,Naches,2017-12-10 05:06:45.039723
2010-04-29,08:30,50.6,,27.0,39.8,0.0,NW@9.5,17.5,51.1,0.0,376,,"Naches, Yakima County",310126,Naches,2017-12-10 05:06:45.039723
2010-04-29,08:45,52.1,,27.4,38.2,0.0,N@11.7,22.8,51.0,0.0,476,,"Naches, Yakima County",310126,Naches,2017-12-10 05:06:45.039723
2010-04-29,09:00,51.8,,27.0,37.9,0.0,N@13.7,23.9,51.0,0.0,433,,"Naches, Yakima County",310126,Naches,2017-12-10 05:06:45.039723
2010-04-29,09:15,52.9,,28.0,37.9,0.0,N@11.7,27.1,51.0,0.0,559,,"Naches, Yakima County",310126,Naches,2017-12-10 05:06:45.039723
2010-04-29,09:30,52.7,,27.6,37.7,0.0,N@10.3,17.5,51.0,0.0,353,,"Naches, Yakima County",310126,Naches,2017-12-10 05:06:45.039723
2010-04-29,09:45,51.5,,27.3,38.9,0.0,N@13.1,21.4,50.9,0.0,299,,"Naches, Yakima County",310126,Naches,2017-12-10 05:06:45.039723
2010-04-29,10:00,51.9,,28.4,40.1,0.0,N@12.4,20.3,50.9,0.0,346,,"Naches, Yakima County",310126,Naches,2017-12-10 05:06:45.039723
2010-04-29,10:15,52.1,,28.8,40.5,0.0,N@12.4,21.0,50.9,0.0,361,,"Naches, Yakima County",310126,Naches,2017-12-10 05:06:45.039723
2010-04-29,10:30,52.2,,29.2,41.0,0.0,N@13.1,18.5,50.9,0.0,370,,"Naches, Yakima County",310126,Naches,2017-12-10 05:06:45.039723
2010-04-29,10:45,52.2,,29.1,40.7,0.0,N@12.2,23.5,50.9,0.0,337,,"Naches, Yakima County",310126,Naches,2017-12-10 05:06:45.039723
2010-04-29,11:00,52.8,,29.6,40.7,0.0,N@10.9,18.2,51.0,0.0,370,,"Naches, Yakima County",310126,Naches,2017-12-10 05:06:45.039723
2010-04-29,11:15,53.1,,29.4,40.0,0.0,N@11.4,18.2,51.0,0.0,368,,"Naches, Yakima County",310126,Naches,2017-12-10 05:06:45.039723
2010-04-29,11:30,53.2,,29.0,39.2,0.0,N@12.4,21.0,51.0,0.0,349,,"Naches, Yakima County",310126,Naches,2017-12-10 05:06:45.039723
2010-04-29,11:45,53.8,,28.6,37.6,0.0,N@12.3,19.2,51.0,0.0,466,,"Naches, Yakima County",310126,Naches,2017-12-10 05:06:45.039723
2010-04-29,12:00,55.0,,28.2,35.6,0.0,N@13.4,20.3,51.1,0.0,621,,"Naches, Yakima County",310126,Naches,2017-12-10 05:06:45.039723
2010-04-29,12:15,57.1,,28.0,32.6,0.0,N@12.8,19.2,51.1,0.0,867,,"Naches, Yakima County",310126,Naches,2017-12-10 05:06:45.039723
2010-04-29,12:30,56.1,,27.4,33.0,0.0,N@13.5,21.4,51.2,0.0,620,,"Naches, Yakima County",310126,Naches,2017-12-10 05:06:45.039723
2010-04-29,12:45,55.5,,26.6,32.6,0.0,N@13.7,26.0,51.2,0.0,416,,"Naches, Yakima County",310126,Naches,2017-12-10 05:06:45.039723
2010-04-29,13:00,55.3,,26.1,32.2,0.0,N@13.8,22.5,51.3,0.0,371,,"Naches, Yakima County",310126,Naches,2017-12-10 05:06:45.039723
2010-04-29,13:15,54.7,,26.3,33.2,0.0,N@14.0,21.0,51.3,0.0,329,,"Naches, Yakima County",310126,Naches,2017-12-10 05:06:45.039723
2010-04-29,13:30,54.5,,27.1,34.5,0.0,N@14.6,23.5,51.4,0.0,335,,"Naches, Yakima County",310126,Naches,2017-12-10 05:06:45.039723
2010-04-29,13:45,55.1,,27.1,33.8,0.0,N@12.4,19.6,51.5,0.0,357,,"Naches, Yakima County",310126,Naches,2017-12-10 05:06:45.039723
2010-04-29,14:00,55.1,,27.3,34.0,0.0,N@12.1,20.0,51.5,0.0,334,,"Naches, Yakima County",310126,Naches,2017-12-10 05:06:45.039723
2010-04-29,14:15,55.4,,27.4,33.9,0.0,NW@11.5,23.9,51.6,0.0,353,,"Naches, Yakima County",310126,Naches,2017-12-10 05:06:45.039723
2010-04-29,14:30,55.5,,28.4,35.2,0.0,NW@13.6,22.5,51.7,0.0,354,,"Naches, Yakima County",310126,Naches,2017-12-10 05:06:45.039723
2010-04-29,14:45,55.2,,29.0,36.4,0.0,NW@12.7,22.1,51.7,0.0,317,,"Naches, Yakima County",310126,Naches,2017-12-10 05:06:45.039723
2010-04-29,15:00,55.5,,28.6,35.3,0.0,NW@12.8,21.4,51.8,0.0,404,,"Naches, Yakima County",310126,Naches,2017-12-10 05:06:45.039723
2010-04-29,15:15,55.6,,28.4,35.0,0.0,NW@11.7,19.6,51.9,0.0,299,,"Naches, Yakima County",310126,Naches,2017-12-10 05:06:45.039723
2010-04-29,15:30,55.4,,27.6,34.2,0.0,N@12.8,18.9,51.9,0.0,257,,"Naches, Yakima County",310126,Naches,2017-12-10 05:06:45.039723
2010-04-29,15:45,55.1,,27.6,34.4,0.0,NW@11.1,19.6,52.0,0.0,210,,"Naches, Yakima County",310126,Naches,2017-12-10 05:06:45.039723
2010-04-29,16:00,55.1,,28.0,35.0,0.0,N@11.3,18.2,52.1,0.0,221,,"Naches, Yakima County",310126,Naches,2017-12-10 05:06:45.039723
2010-04-29,16:15,55.9,,28.2,34.3,0.0,N@11.2,19.2,52.1,0.0,365,,"Naches, Yakima County",310126,Naches,2017-12-10 05:06:45.039723
2010-04-29,16:30,54.8,,28.5,36.1,0.0,NW@11.6,21.0,52.2,0.0,176,,"Naches, Yakima County",310126,Naches,2017-12-10 05:06:45.039723
2010-04-29,16:45,54.0,,28.3,36.9,0.0,NW@12.2,23.2,52.3,0.0,109,,"Naches, Yakima County",310126,Naches,2017-12-10 05:06:45.039723
2010-04-29,17:00,54.1,,28.0,36.5,0.0,NW@13.4,27.1,52.3,0.0,105,,"Naches, Yakima County",310126,Naches,2017-12-10 05:06:45.039723
2010-04-29,17:15,54.2,,28.1,36.4,0.0,NW@14.4,22.5,52.4,0.0,162,,"Naches, Yakima County",310126,Naches,2017-12-10 05:06:45.039723
2010-04-29,17:30,54.9,,29.3,37.3,0.0,NW@12.6,20.0,52.4,0.0,294,,"Naches, Yakima County",310126,Naches,2017-12-10 05:06:45.039723
2010-04-29,17:45,54.4,,30.3,39.5,0.0,NW@12.2,21.4,52.5,0.0,256,,"Naches, Yakima County",310126,Naches,2017-12-10 05:06:45.039723
2010-04-29,18:00,53.6,,30.9,41.6,0.0,NW@12.8,26.4,52.5,0.0,209,,"Naches, Yakima County",310126,Naches,2017-12-10 05:06:45.039723
2010-04-29,18:15,53.2,,31.4,43.2,0.0,NW@13.3,26.4,52.6,0.0,161,,"Naches, Yakima County",310126,Naches,2017-12-10 05:06:45.039723
2010-04-29,18:30,52.5,,31.9,45.3,0.0,NW@11.7,22.1,52.6,0.0,122,,"Naches, Yakima County",310126,Naches,2017-12-10 05:06:45.039723
2010-04-29,18:45,51.6,,32.6,48.0,0.0,NW@11.9,23.9,52.6,0.0,64,,"Naches, Yakima County",310126,Naches,2017-12-10 05:06:45.039723
2010-04-29,19:00,50.5,,33.2,51.3,0.0,NW@11.2,23.2,52.7,0.0,22,,"Naches, Yakima County",310126,Naches,2017-12-10 05:06:45.039723
2010-04-29,19:15,50.2,,33.2,52.0,0.0,NW@10.3,17.8,52.7,0.0,10,,"Naches, Yakima County",310126,Naches,2017-12-10 05:06:45.039723
2010-04-29,19:30,50.0,,32.6,51.1,0.0,NW@11.8,21.0,52.7,0.0,2,,"Naches, Yakima County",310126,Naches,2017-12-10 05:06:45.039723
2010-04-29,19:45,49.9,,32.8,51.6,0.0,NW@14.0,23.9,52.7,0.0,0,,"Naches, Yakima County",310126,Naches,2017-12-10 05:06:45.039723
2010-04-29,20:00,49.6,,33.5,53.5,0.0,NW@11.5,21.0,52.7,0.0,0,,"Naches, Yakima County",310126,Naches,2017-12-10 05:06:45.039723
2010-04-29,20:15,49.6,,33.6,53.9,0.0,NW@10.8,21.4,52.7,0.0,0,,"Naches, Yakima County",310126,Naches,2017-12-10 05:06:45.039723
2010-04-29,20:30,49.6,,33.2,53.1,0.0,N@8.5,18.2,52.8,0.0,0,,"Naches, Yakima County",310126,Naches,2017-12-10 05:06:45.039723
2010-04-29,20:45,49.6,,33.4,53.4,0.0,N@11.1,24.6,52.7,0.0,0,,"Naches, Yakima County",310126,Naches,2017-12-10 05:06:45.039723
2010-04-29,21:00,49.6,,33.7,54.0,0.0,N@8.7,16.7,52.8,0.0,0,,"Naches, Yakima County",310126,Naches,2017-12-10 05:06:45.039723
2010-04-29,21:15,49.4,,33.7,54.3,0.0,N@6.5,13.9,52.7,0.0,0,,"Naches, Yakima County",310126,Naches,2017-12-10 05:06:45.039723
2010-04-29,21:30,49.5,,33.8,54.6,0.0,N@6.5,17.1,52.7,0.0,0,,"Naches, Yakima County",310126,Naches,2017-12-10 05:06:45.039723
2010-04-29,21:45,49.3,,33.8,54.8,0.0,N@9.2,20.7,52.7,0.0,0,,"Naches, Yakima County",310126,Naches,2017-12-10 05:06:45.039723
2010-04-29,22:00,49.1,,33.7,55.1,0.0,N@9.4,19.6,52.7,0.0,0,,"Naches, Yakima County",310126,Naches,2017-12-10 05:06:45.039723
2010-04-29,22:15,49.2,,33.6,54.7,0.0,N@5.6,15.3,52.7,0.0,0,,"Naches, Yakima County",310126,Naches,2017-12-10 05:06:45.039723
2010-04-29,22:30,49.2,,33.7,55.0,0.0,NW@5.7,13.5,52.6,0.0,0,,"Naches, Yakima County",310126,Naches,2017-12-10 05:06:45.039723
2010-04-29,22:45,48.9,,33.2,54.4,0.0,W@4.2,11.4,52.6,0.0,0,,"Naches, Yakima County",310126,Naches,2017-12-10 05:06:45.039723
2010-04-29,23:00,49.1,,33.4,54.5,0.0,NW@7.0,13.2,52.6,0.0,0,,"Naches, Yakima County",310126,Naches,2017-12-10 05:06:45.039723
2010-04-30,23:15,48.4,,33.9,57.0,0.0,NW@6.4,12.4,52.5,0.0,0,,"Naches, Yakima County",310126,Naches,2017-12-10 05:06:45.039723
2010-04-30,23:30,47.8,,34.2,59.0,0.0,NW@8.9,16.7,52.5,0.0,0,,"Naches, Yakima County",310126,Naches,2017-12-10 05:06:45.039723
2010-04-30,23:45,47.8,,34.3,59.2,0.0,NW@10.5,17.8,52.5,0.0,0,,"Naches, Yakima County",310126,Naches,2017-12-10 05:06:45.039723
2010-04-30,24:00,47.6,,34.0,59.2,0.0,NW@11.2,18.2,52.4,0.0,0,,"Naches, Yakima County",310126,Naches,2017-12-10 05:06:45.039723
2010-04-30,00:15,47.3,,34.0,59.5,0.0,NW@12.2,20.0,52.4,0.0,0,,"Naches, Yakima County",310126,Naches,2017-12-10 05:06:45.039723
2010-04-30,00:30,47.3,,34.0,59.6,0.0,NW@11.5,17.8,52.3,0.0,0,,"Naches, Yakima County",310126,Naches,2017-12-10 05:06:45.039723
2010-04-30,00:45,47.4,,34.0,59.4,0.0,NW@11.9,17.8,52.3,0.0,0,,"Naches, Yakima County",310126,Naches,2017-12-10 05:06:45.039723
2010-04-30,01:00,47.5,,33.5,58.0,0.0,NW@12.3,17.1,52.3,0.0,0,,"Naches, Yakima County",310126,Naches,2017-12-10 05:06:45.039723
2010-04-30,01:15,47.1,,33.4,58.6,0.0,NW@11.4,16.7,52.2,0.0,0,,"Naches, Yakima County",310126,Naches,2017-12-10 05:06:45.039723
2010-04-30,01:30,47.3,,33.2,57.7,0.0,NW@11.8,18.9,52.2,0.0,0,,"Naches, Yakima County",310126,Naches,2017-12-10 05:06:45.039723
2010-04-30,01:45,47.3,,32.6,56.4,0.0,NW@12.7,18.9,52.1,0.0,0,,"Naches, Yakima County",310126,Naches,2017-12-10 05:06:45.039723
2010-04-30,02:00,47.4,,31.8,54.6,0.0,NW@13.2,24.3,52.1,0.0,0,,"Naches, Yakima County",310126,Naches,2017-12-10 05:06:45.039723
2010-04-30,02:15,48.0,,30.3,50.1,0.0,NW@12.9,19.2,52.0,0.0,0,,"Naches, Yakima County",310126,Naches,2017-12-10 05:06:45.039723
2010-04-30,02:30,47.7,,30.3,50.8,0.0,N@12.0,17.1,52.0,0.0,0,,"Naches, Yakima County",310126,Naches,2017-12-10 05:06:45.039723
2010-04-30,02:45,47.7,,29.9,49.9,0.0,N@12.3,20.7,52.0,0.0,0,,"Naches, Yakima County",310126,Naches,2017-12-10 05:06:45.039723
2010-04-30,03:00,47.8,,29.5,49.0,0.0,N@13.7,26.8,51.9,0.0,0,,"Naches, Yakima County",310126,Naches,2017-12-10 05:06:45.039723
2010-04-30,03:15,47.8,,29.6,49.1,0.0,N@15.0,22.5,51.9,0.0,0,,"Naches, Yakima County",310126,Naches,2017-12-10 05:06:45.039723
2010-04-30,03:30,47.8,,29.8,49.5,0.0,NW@16.7,25.0,51.8,0.0,0,,"Naches, Yakima County",310126,Naches,2017-12-10 05:06:45.039723
2010-04-30,03:45,47.8,,29.8,49.4,0.0,NW@14.9,22.5,51.8,0.0,0,,"Naches, Yakima County",310126,Naches,2017-12-10 05:06:45.039723
2010-04-30,04:00,47.6,,29.8,49.8,0.0,NW@12.8,21.8,51.7,0.0,0,,"Naches, Yakima County",310126,Naches,2017-12-10 05:06:45.039723
2010-04-30,04:15,47.7,,30.1,50.2,0.0,NW@11.8,18.2,51.7,0.0,0,,"Naches, Yakima County",310126,Naches,2017-12-10 05:06:45.039723
2010-04-30,04:30,47.5,,30.1,50.5,0.0,NW@10.3,16.7,51.6,0.0,0,,"Naches, Yakima County",310126,Naches,2017-12-10 05:06:45.039723
2010-04-30,04:45,47.3,,30.3,51.3,0.0,NW@9.5,15.0,51.6,0.0,1,,"Naches, Yakima County",310126,Naches,2017-12-10 05:06:45.039723
2010-04-30,05:00,47.0,,30.9,53.3,0.0,NW@7.4,12.4,51.6,0.0,5,,"Naches, Yakima County",310126,Naches,2017-12-10 05:06:45.039723
2010-04-30,05:15,46.6,,31.1,54.6,0.0,NW@6.9,12.4,51.5,0.0,11,,"Naches, Yakima County",310126,Naches,2017-12-10 05:06:45.039723
2010-04-30,05:30,46.9,,31.3,54.4,0.0,W@6.5,12.4,51.5,0.0,20,,"Naches, Yakima County",310126,Naches,2017-12-10 05:06:45.039723
2010-04-30,05:45,46.8,,31.7,55.4,0.0,W@6.2,10.7,51.4,0.0,33,,"Naches, Yakima County",310126,Naches,2017-12-10 05:06:45.039723
2010-04-30,06:00,47.4,,32.2,55.2,0.0,NW@7.4,12.8,51.4,0.0,82,,"Naches, Yakima County",310126,Naches,2017-12-10 05:06:45.039723
2010-04-30,06:15,48.5,,31.5,51.5,0.0,NW@8.8,14.2,51.4,0.0,99,,"Naches, Yakima County",310126,Naches,2017-12-10 05:06:45.039723
2010-04-30,06:30,49.8,,31.8,49.8,0.0,N@10.7,16.7,51.3,0.0,204,,"Naches, Yakima County",310126,Naches,2017-12-10 05:06:45.039723
2010-04-30,06:45,50.1,,31.7,49.1,0.0,NW@11.9,17.5,51.3,0.0,234,,"Naches, Yakima County",310126,Naches,2017-12-10 05:06:45.039723
2010-04-30,07:00,50.4,,31.9,48.9,0.0,NW@12.9,18.9,51.2,0.0,273,,"Naches, Yakima County",310126,Naches,2017-12-10 05:06:45.039723
2010-04-30,07:15,51.3,,31.8,47.0,0.0,NW@12.7,17.5,51.2,0.0,317,,"Naches, Yakima County",310126,Naches,2017-12-10 05:06:45.039723
2010-04-30,07:30,51.5,,32.2,47.4,0.0,NW@13.0,21.8,51.2,0.0,362,,"Naches, Yakima County",310126,Naches,2017-12-10 05:06:45.039723
2010-04-30,07:45,52.1,,32.1,46.2,0.0,NW@13.1,20.0,51.1,0.0,403,,"Naches, Yakima County",310126,Naches,2017-12-10 05:06:45.039723
2010-04-30,08:00,52.8,,32.6,45.9,0.0,NW@12.3,18.5,51.1,0.0,444,,"Naches, Yakima County",310126,Naches,2017-12-10 05:06:45.039723
2010-04-30,08:15,53.2,,33.0,46.0,0.0,NW@10.6,16.4,51.1,0.0,484,,"Naches, Yakima County",310126,Naches,2017-12-10 05:06:45.039723
2010-04-30,08:30,54.1,,33.3,45.1,0.0,NW@9.6,18.2,51.0,0.0,523,,"Naches, Yakima County",310126,Naches,2017-12-10 05:06:45.039723
2010-04-30,08:45,55.4,,33.3,43.1,0.0,NW@7.5,18.9,51.0,0.0,562,,"Naches, Yakima County",310126,Naches,2017-12-10 05:06:45.039723
2010-04-30,09:00,55.9,,31.4,39.2,0.0,NW@12.4,23.2,51.0,0.0,599,,"Naches, Yakima County",310126,Naches,2017-12-10 05:06:45.039723
2010-04-30,09:15,56.3,,31.6,38.8,0.0,NW@12.1,22.1,51.0,0.0,634,,"Naches, Yakima County",310126,Naches,2017-12-10 05:06:45.039723
2010-04-30,09:30,56.8,,31.2,37.7,0.0,NW@13.6,26.0,50.9,0.0,667,,"Naches, Yakima County",310126,Naches,2017-12-10 05:06:45.039723
2010-04-30,09:45,57.3,,30.8,36.4,0.0,NW@13.9,25.0,50.9,0.0,698,,"Naches, Yakima County",310126,Naches,2017-12-10 05:06:45.039723
2010-04-30,10:00,58.2,,31.4,36.0,0.0,NW@12.7,21.4,51.0,0.0,727,,"Naches, Yakima County",310126,Naches,2017-12-10 05:06:45.039723
2010-04-30,10:15,58.5,,30.8,34.7,0.0,NW@12.3,20.7,51.0,0.0,753,,"Naches, Yakima County",310126,Naches,2017-12-10 05:06:45.039723
2010-04-30,10:30,58.6,,31.0,35.0,0.0,NW@12.9,21.8,51.0,0.0,776,,"Naches, Yakima County",310126,Naches,2017-12-10 05:06:45.039723
2010-04-30,10:45,59.3,,32.0,35.5,0.0,NW@11.4,18.2,51.0,0.0,797,,"Naches, Yakima County",310126,Naches,2017-12-10 05:06:45.039723
2010-04-30,11:00,59.5,,31.8,34.9,0.0,NW@11.4,19.6,51.0,0.0,817,,"Naches, Yakima County",310126,Naches,2017-12-10 05:06:45.039723
2010-04-30,11:15,59.8,,31.5,34.2,0.0,NW@12.1,21.4,51.1,0.0,829,,"Naches, Yakima County",310126,Naches,2017-12-10 05:06:45.039723
2010-04-30,11:30,59.9,,31.7,34.3,0.0,NW@12.2,20.0,51.1,0.0,841,,"Naches, Yakima County",310126,Naches,2017-12-10 05:06:45.039723
2010-04-30,11:45,60.1,,31.4,33.6,0.0,NW@12.7,26.8,51.2,0.0,850,,"Naches, Yakima County",310126,Naches,2017-12-10 05:06:45.039723
2010-04-30,12:00,60.2,,31.7,34.0,0.0,NW@11.7,18.9,51.3,0.0,855,,"Naches, Yakima County",310126,Naches,2017-12-10 05:06:45.039723
2010-04-30,12:15,61.1,,32.0,33.3,0.0,NW@10.9,18.2,51.4,0.0,858,,"Naches, Yakima County",310126,Naches,2017-12-10 05:06:45.039723
2010-04-30,12:30,61.2,,32.1,33.2,0.0,NW@10.7,17.5,51.5,0.0,837,,"Naches, Yakima County",310126,Naches,2017-12-10 05:06:45.039723
2010-04-30,12:45,61.3,,31.2,32.0,0.0,NW@10.9,17.5,51.7,0.0,853,,"Naches, Yakima County",310126,Naches,2017-12-10 05:06:45.039723
2010-04-30,13:00,61.1,,31.3,32.2,0.0,NW@11.4,17.8,51.8,0.0,856,,"Naches, Yakima County",310126,Naches,2017-12-10 05:06:45.039723
2010-04-30,13:15,62.1,,31.5,31.5,0.0,NW@11.0,17.1,51.9,0.0,838,,"Naches, Yakima County",310126,Naches,2017-12-10 05:06:45.039723
2010-04-30,13:30,62.4,,30.7,30.1,0.0,NW@10.6,17.1,52.0,0.0,823,,"Naches, Yakima County",310126,Naches,2017-12-10 05:06:45.039723
2010-04-30,13:45,62.9,,31.9,31.1,0.0,NW@10.5,17.5,52.2,0.0,805,,"Naches, Yakima County",310126,Naches,2017-12-10 05:06:45.039723
2010-04-30,14:00,62.2,,31.9,31.9,0.0,NW@12.5,20.3,52.3,0.0,786,,"Naches, Yakima County",310126,Naches,2017-12-10 05:06:45.039723
2010-04-30,14:15,62.5,,31.5,31.1,0.0,NW@10.3,17.8,52.4,0.0,763,,"Naches, Yakima County",310126,Naches,2017-12-10 05:06:45.039723
2010-04-30,14:30,63.3,,32.2,31.0,0.0,NW@9.6,15.3,52.6,0.0,726,,"Naches, Yakima County",310126,Naches,2017-12-10 05:06:45.039723
2010-04-30,14:45,63.6,,32.1,30.5,0.0,NW@9.4,15.7,52.7,0.0,695,,"Naches, Yakima County",310126,Naches,2017-12-10 05:06:45.039723
2010-04-30,15:00,62.9,,31.6,30.8,0.0,NW@11.9,20.0,52.9,0.0,686,,"Naches, Yakima County",310126,Naches,2017-12-10 05:06:45.039723
2010-04-30,15:15,62.9,,30.7,29.6,0.0,NW@10.6,16.7,53.0,0.0,652,,"Naches, Yakima County",310126,Naches,2017-12-10 05:06:45.039723
2010-04-30,15:30,62.3,,31.5,31.2,0.0,NW@10.6,17.5,53.2,0.0,611,,"Naches, Yakima County",310126,Naches,2017-12-10 05:06:45.039723
2010-04-30,15:45,62.0,,31.9,32.1,0.0,NW@9.9,15.3,53.3,0.0,531,,"Naches, Yakima County",310126,Naches,2017-12-10 05:06:45.039723
2010-04-30,16:00,61.6,,31.8,32.4,0.0,NW@10.1,16.0,53.5,0.0,512,,"Naches, Yakima County",310126,Naches,2017-12-10 05:06:45.039723
2010-04-30,16:15,60.5,,32.7,34.9,0.0,NW@11.5,18.9,53.6,0.0,471,,"Naches, Yakima County",310126,Naches,2017-12-10 05:06:45.039723
2010-04-30,16:30,59.8,,33.3,36.6,0.0,NW@10.3,16.4,53.8,0.0,377,,"Naches, Yakima County",310126,Naches,2017-12-10 05:06:45.039723
2010-04-30,16:45,57.4,,34.6,42.1,0.0,W@9.2,16.4,53.9,0.0,202,,"Naches, Yakima County",310126,Naches,2017-12-10 05:06:45.039723
2010-04-30,17:00,54.8,,34.6,46.3,0.0,W@9.3,17.8,54.1,0.0,145,,"Naches, Yakima County",310126,Naches,2017-12-10 05:06:45.039723
2010-04-30,17:15,54.0,,34.3,46.9,0.0,NW@9.0,14.6,54.2,0.0,125,,"Naches, Yakima County",310126,Naches,2017-12-10 05:06:45.039723
2010-04-30,17:30,53.3,,34.2,48.1,0.0,W@9.7,18.9,54.4,0.0,101,,"Naches, Yakima County",310126,Naches,2017-12-10 05:06:45.039723
2010-04-30,17:45,52.9,,34.4,49.3,0.0,W@8.9,14.6,54.5,0.0,71,,"Naches, Yakima County",310126,Naches,2017-12-10 05:06:45.039723
2010-04-30,18:00,52.3,,34.1,49.8,0.0,NW@9.0,16.0,54.6,0.0,57,,"Naches, Yakima County",310126,Naches,2017-12-10 05:06:45.039723
2010-04-30,18:15,51.8,,33.4,49.4,0.0,W@8.4,15.7,54.7,0.0,50,,"Naches, Yakima County",310126,Naches,2017-12-10 05:06:45.039723
2010-04-30,18:30,51.8,,33.2,49.0,0.0,NW@7.3,15.7,54.8,0.0,30,,"Naches, Yakima County",310126,Naches,2017-12-10 05:06:45.039723
2010-04-30,18:45,51.4,,33.0,49.2,0.0,W@6.9,12.8,54.9,0.0,26,,"Naches, Yakima County",310126,Naches,2017-12-10 05:06:45.039723
2010-04-30,19:00,51.2,,33.0,49.6,0.0,NW@6.6,13.2,54.9,0.0,14,,"Naches, Yakima County",310126,Naches,2017-12-10 05:06:45.039723
2010-04-30,19:15,50.8,,32.9,50.2,0.0,NW@5.4,9.9,55.0,0.0,3,,"Naches, Yakima County",310126,Naches,2017-12-10 05:06:45.039723
2010-04-30,19:30,50.4,,32.9,50.8,0.0,NW@6.6,11.0,55.0,0.0,0,,"Naches, Yakima County",310126,Naches,2017-12-10 05:06:45.039723
2010-04-30,19:45,50.3,,32.9,51.0,0.0,NW@7.1,13.2,55.1,0.0,0,,"Naches, Yakima County",310126,Naches,2017-12-10 05:06:45.039723
2010-04-30,20:00,50.0,,31.9,49.5,0.0,NW@8.3,14.2,55.1,0.0,0,,"Naches, Yakima County",310126,Naches,2017-12-10 05:06:45.039723
2010-04-30,20:15,50.0,,30.8,47.4,0.0,NW@8.0,13.9,55.1,0.0,0,,"Naches, Yakima County",310126,Naches,2017-12-10 05:06:45.039723
2010-04-30,20:30,49.8,,30.3,46.9,0.0,NW@7.9,12.8,55.1,0.0,0,,"Naches, Yakima County",310126,Naches,2017-12-10 05:06:45.039723
2010-04-30,20:45,49.6,,30.5,47.5,0.0,NW@7.4,12.1,55.1,0.0,0,,"Naches, Yakima County",310126,Naches,2017-12-10 05:06:45.039723
2010-04-30,21:00,49.6,,31.1,48.7,0.0,NW@5.8,9.6,55.1,0.0,0,,"Naches, Yakima County",310126,Naches,2017-12-10 05:06:45.039723
2010-04-30,21:15,49.4,,31.4,49.7,0.0,NW@5.5,9.9,55.1,0.0,0,,"Naches, Yakima County",310126,Naches,2017-12-10 05:06:45.039723
2010-04-30,21:30,48.9,,32.8,53.4,0.0,W@5.6,8.9,55.0,0.0,0,,"Naches, Yakima County",310126,Naches,2017-12-10 05:06:45.039723
2010-04-30,21:45,48.6,,33.4,55.6,0.0,NW@4.7,6.7,55.0,0.0,0,,"Naches, Yakima County",310126,Naches,2017-12-10 05:06:45.039723
2010-04-30,22:00,48.4,,33.3,55.7,0.0,NW@5.9,8.2,55.0,0.0,0,,"Naches, Yakima County",310126,Naches,2017-12-10 05:06:45.039723
2010-04-30,22:15,48.0,,33.6,57.2,0.0,N@4.5,7.1,54.9,0.0,0,,"Naches, Yakima County",310126,Naches,2017-12-10 05:06:45.039723
2010-04-30,22:30,47.5,,33.6,58.5,0.0,N@3.6,7.4,54.9,0.0,0,,"Naches, Yakima County",310126,Naches,2017-12-10 05:06:45.039723
2010-04-30,22:45,47.8,,32.9,56.0,0.0,NW@4.9,7.8,54.8,0.0,0,,"Naches, Yakima County",310126,Naches,2017-12-10 05:06:45.039723
2010-04-30,23:00,47.8,,32.9,56.1,0.0,NW@5.2,9.2,54.8,0.0,0,,"Naches, Yakima County",310126,Naches,2017-12-10 05:06:45.039723
2010-05-01,23:15,47.3,,33.0,57.3,0.0,NW@5.4,8.5,54.7,0.0,0,,"Naches, Yakima County",310126,Naches,2017-12-10 05:06:45.039723
2010-05-01,23:30,46.9,,33.3,59.0,0.0,NW@3.4,5.7,54.7,0.0,0,,"Naches, Yakima County",310126,Naches,2017-12-10 05:06:45.039723
2010-05-01,23:45,46.1,,33.4,60.8,0.0,NW@4.0,6.7,54.6,0.0,0,,"Naches, Yakima County",310126,Naches,2017-12-10 05:06:45.039723
2010-05-01,24:00,44.8,,33.3,63.8,0.0,N@2.6,3.5,54.6,0.0,0,,"Naches, Yakima County",310126,Naches,2017-12-10 05:06:45.039723
2010-05-01,00:15,43.5,,33.1,66.5,0.01,N@2.0,4.2,54.5,0.0,0,,"Naches, Yakima County",310126,Naches,2017-12-10 05:06:45.039723
2010-05-01,00:30,42.5,,33.0,68.9,0.0,N@3.9,7.4,54.4,0.0,0,,"Naches, Yakima County",310126,Naches,2017-12-10 05:06:45.039723
2010-05-01,00:45,40.6,,33.0,74.2,0.01,NE@2.1,5.3,54.4,0.0,0,,"Naches, Yakima County",310126,Naches,2017-12-10 05:06:45.039723
2010-05-01,01:00,37.4,,32.4,81.7,0.02,E@2.1,3.9,54.3,0.0,0,,"Naches, Yakima County",310126,Naches,2017-12-10 05:06:45.039723
2010-05-01,01:15,35.7,,31.9,86.0,0.04,NE@1.9,3.5,54.3,0.0,0,,"Naches, Yakima County",310126,Naches,2017-12-10 05:06:45.039723
2010-05-01,01:30,35.2,,32.0,87.7,0.06,NE@2.6,4.2,54.2,0.0,0,,"Naches, Yakima County",310126,Naches,2017-12-10 05:06:45.039723
2010-05-01,01:45,37.0,,32.0,81.9,0.03,N@2.6,3.9,54.2,0.0,0,,"Naches, Yakima County",310126,Naches,2017-12-10 05:06:45.039723
2010-05-01,02:00,35.8,,31.7,84.8,0.03,N@2.6,3.5,54.1,0.0,0,,"Naches, Yakima County",310126,Naches,2017-12-10 05:06:45.039723
2010-05-01,02:15,35.3,,31.4,85.3,0.03,N@3.1,4.2,54.1,0.0,0,,"Naches, Yakima County",310126,Naches,2017-12-10 05:06:45.039723
2010-05-01,02:30,35.1,,31.0,84.9,0.03,N@2.6,3.9,54.0,0.0,0,,"Naches, Yakima County",310126,Naches,2017-12-10 05:06:45.039723
2010-05-01,02:45,34.4,,31.4,88.5,0.06,NE@0.7,2.4,53.9,0.0,0,,"Naches, Yakima County",310126,Naches,2017-12-10 05:06:45.039723
2010-05-01,03:00,34.2,,31.8,90.8,0.07,NE@1.5,3.1,53.9,0.0,0,,"Naches, Yakima County",310126,Naches,2017-12-10 05:06:45.039723
2010-05-01,03:15,34.1,,31.8,91.2,0.04,E@1.0,2.4,53.8,0.0,0,,"Naches, Yakima County",310126,Naches,2017-12-10 05:06:45.039723
2010-05-01,03:30,35.2,,33.0,91.5,0.05,NE@0.6,3.5,53.7,0.0,0,,"Naches, Yakima County",310126,Naches,2017-12-10 05:06:45.039723
2010-05-01,03:45,35.4,,33.2,91.7,0.08,E@0.6,2.8,53.6,0.0,0,,"Naches, Yakima County",310126,Naches,2017-12-10 05:06:45.039723
2010-05-01,04:00,35.0,,32.9,92.2,0.15,NE@0.6,3.1,53.5,0.0,0,,"Naches, Yakima County",310126,Naches,2017-12-10 05:06:45.039723
2010-05-01,04:15,34.0,,32.2,93.0,0.19,SE@0.9,2.4,53.5,0.0,0,,"Naches, Yakima County",310126,Naches,2017-12-10 05:06:45.039723
2010-05-01,04:30,34.0,,32.8,95.3,0.19,NE@0.6,3.1,53.4,0.0,0,,"Naches, Yakima County",310126,Naches,2017-12-10 05:06:45.039723
2010-05-01,04:45,35.3,,33.8,94.2,0.18,E@0.9,3.9,53.3,0.0,1,,"Naches, Yakima County",310126,Naches,2017-12-10 05:06:45.039723
2010-05-01,05:00,36.1,,33.9,91.7,0.12,W@0.5,3.5,53.2,0.0,5,,"Naches, Yakima County",310126,Naches,2017-12-10 05:06:45.039723
2010-05-01,05:15,36.1,,34.4,93.4,0.09,E@0.6,3.1,53.1,0.0,12,,"Naches, Yakima County",310126,Naches,2017-12-10 05:06:45.039723
2010-05-01,05:30,36.5,,35.0,94.2,0.1,N@0.8,3.5,53.0,0.0,26,,"Naches, Yakima County",310126,Naches,2017-12-10 05:06:45.039723
2010-05-01,05:45,37.2,,35.0,91.8,0.11,NE@0.8,2.8,52.9,0.0,27,,"Naches, Yakima County",310126,Naches,2017-12-10 05:06:45.039723
2010-05-01,06:00,36.2,,34.4,93.0,0.21,E@1.3,3.9,52.9,0.0,63,,"Naches, Yakima County",310126,Naches,2017-12-10 05:06:45.039723
2010-05-01,06:15,37.4,,35.1,91.3,0.16,NW@1.0,2.8,52.8,0.0,91,,"Naches, Yakima County",310126,Naches,2017-12-10 05:06:45.039723
2010-05-01,06:30,39.0,,35.7,87.9,0.02,NE@2.3,4.6,52.7,0.0,106,,"Naches, Yakima County",310126,Naches,2017-12-10 05:06:45.039723
2010-05-01,06:45,41.0,,35.1,79.2,0.0,NW@3.2,4.6,52.6,0.0,99,,"Naches, Yakima County",310126,Naches,2017-12-10 05:06:45.039723
2010-05-01,07:00,42.2,,35.0,75.3,0.0,NE@0.9,3.5,52.5,0.0,106,,"Naches, Yakima County",310126,Naches,2017-12-10 05:06:45.039723
2010-05-01,07:15,44.0,,35.2,71.0,0.0,SW@2.0,4.2,52.5,0.0,234,,"Naches, Yakima County",310126,Naches,2017-12-10 05:06:45.039723
2010-05-01,07:30,45.8,,35.0,65.9,0.0,SE@2.1,4.2,52.4,0.0,365,,"Naches, Yakima County",310126,Naches,2017-12-10 05:06:45.039723
2010-05-01,07:45,47.8,,36.5,64.5,0.0,SW@3.3,7.4,52.3,0.0,419,,"Naches, Yakima County",310126,Naches,2017-12-10 05:06:45.039723
2010-05-01,08:00,49.5,,35.8,59.0,0.0,S@3.8,6.7,52.2,0.0,483,,"Naches, Yakima County",310126,Naches,2017-12-10 05:06:45.039723
2010-05-01,08:15,50.7,,36.0,57.1,0.0,S@4.1,8.5,52.2,0.0,489,,"Naches, Yakima County",310126,Naches,2017-12-10 05:06:45.039723
2010-05-01,08:30,50.2,,35.7,57.1,0.0,W@2.5,6.0,52.1,0.0,306,,"Naches, Yakima County",310126,Naches,2017-12-10 05:06:45.039723
2010-05-01,08:45,51.5,,35.3,53.7,0.0,E@2.4,5.3,52.0,0.0,485,,"Naches, Yakima County",310126,Naches,2017-12-10 05:06:45.039723
2010-05-01,09:00,53.3,,35.2,50.0,0.0,N@2.6,4.2,52.0,0.0,493,,"Naches, Yakima County",310126,Naches,2017-12-10 05:06:45.039723
2010-05-01,09:15,54.6,,35.5,48.2,0.0,E@2.7,5.3,51.9,0.0,782,,"Naches, Yakima County",310126,Naches,2017-12-10 05:06:45.039723
2010-05-01,09:30,55.8,,35.8,46.8,0.0,NE@3.1,5.3,51.9,0.0,539,,"Naches, Yakima County",310126,Naches,2017-12-10 05:06:45.039723
2010-05-01,09:45,54.6,,35.5,48.4,0.0,NE@3.5,7.1,51.9,0.0,558,,"Naches, Yakima County",310126,Naches,2017-12-10 05:06:45.039723
2010-05-01,10:00,55.6,,35.3,46.1,0.0,NE@3.6,6.7,51.9,0.0,663,,"Naches, Yakima County",310126,Naches,2017-12-10 05:06:45.039723
2010-05-01,10:15,56.1,,36.0,46.7,0.0,SE@3.7,7.1,51.8,0.0,541,,"Naches, Yakima County",310126,Naches,2017-12-10 05:06:45.039723
2010-05-01,10:30,55.7,,35.6,46.6,0.0,S@4.0,7.8,51.9,0.0,538,,"Naches, Yakima County",310126,Naches,2017-12-10 05:06:45.039723
2010-05-01,10:45,56.9,,35.2,43.9,0.0,E@3.9,8.2,51.9,0.0,648,,"Naches, Yakima County",310126,Naches,2017-12-10 05:06:45.039723
2010-05-01,11:00,58.4,,33.5,38.8,0.0,NW@7.6,25.0,51.9,0.0,719,,"Naches, Yakima County",310126,Naches,2017-12-10 05:06:45.039723
2010-05-01,11:15,59.4,,31.6,34.7,0.0,NW@9.2,15.3,51.9,0.0,730,,"Naches, Yakima County",310126,Naches,2017-12-10 05:06:45.039723
2010-05-01,11:30,60.8,,33.1,35.2,0.0,NW@10.2,17.5,52.0,0.0,856,,"Naches, Yakima County",310126,Naches,2017-12-10 05:06:45.039723
2010-05-01,11:45,59.9,,32.6,35.5,0.0,NW@13.1,21.4,52.1,0.0,833,,"Naches, Yakima County",310126,Naches,2017-12-10 05:06:45.039723
2010-05-01,12:00,59.2,,32.7,36.6,0.0,NW@14.8,23.2,52.2,0.0,831,,"Naches, Yakima County",310126,Naches,2017-12-10 05:06:45.039723
2010-05-01,12:15,59.6,,33.3,36.9,0.0,NW@13.2,23.2,52.2,0.0,815,,"Naches, Yakima County",310126,Naches,2017-12-10 05:06:45.039723
2010-05-01,12:30,59.1,,33.3,37.7,0.0,NW@12.0,18.9,52.3,0.0,734,,"Naches, Yakima County",310126,Naches,2017-12-10 05:06:45.039723
2010-05-01,12:45,59.4,,33.6,37.8,0.0,NW@13.2,20.0,52.4,0.0,909,,"Naches, Yakima County",310126,Naches,2017-12-10 05:06:45.039723
2010-05-01,13:00,59.6,,33.3,36.9,0.0,NW@12.6,21.8,52.6,0.0,859,,"Naches, Yakima County",310126,Naches,2017-12-10 05:06:45.039723
2010-05-01,13:15,59.5,,32.8,36.4,0.0,NW@14.3,22.8,52.7,0.0,832,,"Naches, Yakima County",310126,Naches,2017-12-10 05:06:45.039723
2010-05-01,13:30,59.5,,31.9,35.2,0.0,NW@14.0,22.1,52.8,0.0,823,,"Naches, Yakima County",310126,Naches,2017-12-10 05:06:45.039723
2010-05-01,13:45,60.1,,32.2,34.7,0.0,NW@11.5,17.5,53.0,0.0,810,,"Naches, Yakima County",310126,Naches,2017-12-10 05:06:45.039723
2010-05-01,14:00,60.1,,31.6,33.9,0.0,NW@15.4,24.3,53.1,0.0,788,,"Naches, Yakima County",310126,Naches,2017-12-10 05:06:45.039723
2010-05-01,14:15,60.3,,32.9,35.4,0.0,NW@15.0,23.2,53.2,0.0,765,,"Naches, Yakima County",310126,Naches,2017-12-10 05:06:45.039723
2010-05-01,14:30,60.0,,33.2,36.2,0.0,N@14.2,22.5,53.4,0.0,741,,"Naches, Yakima County",310126,Naches,2017-12-10 05:06:45.039723
2010-05-01,14:45,60.0,,32.3,35.0,0.0,N@15.1,24.6,53.5,0.0,685,,"Naches, Yakima County",310126,Naches,2017-12-10 05:06:45.039723
2010-05-01,15:00,60.0,,29.4,31.1,0.0,N@17.0,26.0,53.6,0.0,714,,"Naches, Yakima County",310126,Naches,2017-12-10 05:06:45.039723
2010-05-01,15:15,59.9,,30.4,32.5,0.0,N@14.3,25.0,53.8,0.0,661,,"Naches, Yakima County",310126,Naches,2017-12-10 05:06:45.039723
2010-05-01,15:30,60.2,,30.1,31.9,0.0,N@14.1,23.9,53.9,0.0,627,,"Naches, Yakima County",310126,Naches,2017-12-10 05:06:45.039723
2010-05-01,15:45,60.6,,29.3,30.4,0.0,NW@13.4,25.0,54.0,0.0,629,,"Naches, Yakima County",310126,Naches,2017-12-10 05:06:45.039723
2010-05-01,16:00,60.9,,29.0,29.6,0.0,N@11.8,18.5,54.2,0.0,566,,"Naches, Yakima County",310126,Naches,2017-12-10 05:06:45.039723
2010-05-01,16:15,61.0,,30.0,30.8,0.0,NW@11.7,18.5,54.3,0.0,556,,"Naches, Yakima County",310126,Naches,2017-12-10 05:06:45.039723
2010-05-01,16:30,59.9,,29.6,31.5,0.0,NW@13.2,23.2,54.5,0.0,471,,"Naches, Yakima County",310126,Naches,2017-12-10 05:06:45.039723
2010-05-01,16:45,60.0,,30.6,32.8,0.0,N@14.1,25.7,54.6,0.0,464,,"Naches, Yakima County",310126,Naches,2017-12-10 05:06:45.039723
2010-05-01,17:00,59.0,,30.4,33.6,0.0,NW@13.9,27.8,54.8,0.0,374,,"Naches, Yakima County",310126,Naches,2017-12-10 05:06:45.039723
2010-05-01,17:15,58.5,,31.6,36.0,0.0,NW@11.6,19.6,54.9,0.0,325,,"Naches, Yakima County",310126,Naches,2017-12-10 05:06:45.039723
2010-05-01,17:30,58.0,,31.6,36.5,0.0,NW@10.1,20.7,55.0,0.0,281,,"Naches, Yakima County",310126,Naches,2017-12-10 05:06:45.039723
2010-05-01,17:45,57.6,,31.3,36.7,0.0,NW@10.2,18.9,55.1,0.0,236,,"Naches, Yakima County",310126,Naches,2017-12-10 05:06:45.039723
2010-05-01,18:00,57.3,,32.2,38.5,0.0,NW@8.7,23.2,55.2,0.0,190,,"Naches, Yakima County",310126,Naches,2017-12-10 05:06:45.039723
2010-05-01,18:15,56.9,,33.1,40.5,0.0,NW@4.8,14.6,55.3,0.0,149,,"Naches, Yakima County",310126,Naches,2017-12-10 05:06:45.039723
2010-05-01,18:30,55.8,,33.8,43.3,0.0,NW@5.0,11.0,55.4,0.0,104,,"Naches, Yakima County",310126,Naches,2017-12-10 05:06:45.039723
2010-05-01,18:45,54.5,,33.9,45.6,0.0,NW@4.0,9.6,55.5,0.0,47,,"Naches, Yakima County",310126,Naches,2017-12-10 05:06:45.039723
2010-05-01,19:00,53.6,,34.6,48.2,0.0,NW@4.1,11.0,55.6,0.0,20,,"Naches, Yakima County",310126,Naches,2017-12-10 05:06:45.039723
2010-05-01,19:15,51.1,,35.2,54.2,0.0,S@4.1,6.0,55.7,0.0,8,,"Naches, Yakima County",310126,Naches,2017-12-10 05:06:45.039723
2010-05-01,19:30,50.0,,36.2,58.7,0.0,S@4.6,6.4,55.7,0.0,2,,"Naches, Yakima County",310126,Naches,2017-12-10 05:06:45.039723
2010-05-01,19:45,48.6,,36.8,63.3,0.0,S@4.2,7.1,55.8,0.0,0,,"Naches, Yakima County",310126,Naches,2017-12-10 05:06:45.039723
2010-05-01,20:00,48.2,,37.2,65.4,0.0,E@4.6,7.4,55.8,0.0,0,,"Naches, Yakima County",310126,Naches,2017-12-10 05:06:45.039723
2010-05-01,20:15,48.7,,37.3,64.5,0.0,S@3.5,7.1,55.8,0.0,0,,"Naches, Yakima County",310126,Naches,2017-12-10 05:06:45.039723
2010-05-01,20:30,48.7,,37.0,63.9,0.0,SE@3.2,6.4,55.9,0.0,0,,"Naches, Yakima County",310126,Naches,2017-12-10 05:06:45.039723
2010-05-01,20:45,46.2,,36.8,69.6,0.0,E@4.2,6.7,55.9,0.0,0,,"Naches, Yakima County",310126,Naches,2017-12-10 05:06:45.039723
2010-05-01,21:00,46.8,,36.8,67.9,0.0,S@2.9,5.7,55.8,0.0,0,,"Naches, Yakima County",310126,Naches,2017-12-10 05:06:45.039723
2010-05-01,21:15,45.8,,36.3,69.4,0.01,SE@2.6,4.9,55.8,0.0,0,,"Naches, Yakima County",310126,Naches,2017-12-10 05:06:45.039723
2010-05-01,21:30,46.2,,36.6,69.1,0.0,NE@3.4,6.0,55.8,0.0,0,,"Naches, Yakima County",310126,Naches,2017-12-10 05:06:45.039723
2010-05-01,21:45,46.0,,36.2,68.3,0.0,N@3.2,7.4,55.8,0.0,0,,"Naches, Yakima County",310126,Naches,2017-12-10 05:06:45.039723
2010-05-01,22:00,44.9,,35.9,70.6,0.01,NE@2.6,4.2,55.7,0.0,0,,"Naches, Yakima County",310126,Naches,2017-12-10 05:06:45.039723
2010-05-01,22:15,43.3,,35.7,74.4,0.01,NE@3.8,6.7,55.7,0.0,0,,"Naches, Yakima County",310126,Naches,2017-12-10 05:06:45.039723
2010-05-01,22:30,44.9,,35.7,70.0,0.0,N@4.3,6.7,55.6,0.0,0,,"Naches, Yakima County",310126,Naches,2017-12-10 05:06:45.039723
2010-05-01,22:45,44.2,,35.5,71.3,0.01,N@3.0,4.9,55.6,0.0,0,,"Naches, Yakima County",310126,Naches,2017-12-10 05:06:45.039723
2010-05-01,23:00,42.1,,35.3,76.6,0.01,NE@2.2,4.2,55.5,0.0,0,,"Naches, Yakima County",310126,Naches,2017-12-10 05:06:45.039723
2010-05-02,23:15,39.6,,34.7,82.3,0.02,S@2.8,4.2,55.4,0.0,0,,"Naches, Yakima County",310126,Naches,2017-12-10 05:06:45.039723
2010-05-02,23:30,39.1,,34.9,84.6,0.03,N@2.7,4.9,55.4,0.0,0,,"Naches, Yakima County",310126,Naches,2017-12-10 05:06:45.039723
2010-05-02,23:45,38.3,,34.2,85.2,0.04,NE@3.2,5.3,55.3,0.0,0,,"Naches, Yakima County",310126,Naches,2017-12-10 05:06:45.039723
2010-05-02,24:00,39.9,,34.0,79.1,0.01,N@4.0,5.3,55.2,0.0,0,,"Naches, Yakima County",310126,Naches,2017-12-10 05:06:45.039723
2010-05-02,00:15,40.1,,33.9,78.4,0.01,N@4.7,6.7,55.2,0.0,0,,"Naches, Yakima County",310126,Naches,2017-12-10 05:06:45.039723
2010-05-02,00:30,40.9,,33.9,76.0,0.01,N@5.4,7.8,55.1,0.0,0,,"Naches, Yakima County",310126,Naches,2017-12-10 05:06:45.039723
2010-05-02,00:45,43.0,,34.5,71.5,0.0,N@5.9,8.9,55.0,0.0,0,,"Naches, Yakima County",310126,Naches,2017-12-10 05:06:45.039723
2010-05-02,01:00,43.4,,34.2,70.0,0.0,N@6.0,8.5,54.9,0.0,0,,"Naches, Yakima County",310126,Naches,2017-12-10 05:06:45.039723
2010-05-02,01:15,43.4,,33.8,68.7,0.0,N@4.5,7.4,54.8,0.0,0,,"Naches, Yakima County",310126,Naches,2017-12-10 05:06:45.039723
2010-05-02,01:30,41.9,,33.3,71.3,0.0,N@4.5,6.0,54.7,0.0,0,,"Naches, Yakima County",310126,Naches,2017-12-10 05:06:45.039723
2010-05-02,01:45,42.9,,33.3,68.6,0.0,N@3.7,5.3,54.7,0.0,0,,"Naches, Yakima County",310126,Naches,2017-12-10 05:06:45.039723
2010-05-02,02:00,42.1,,33.2,70.5,0.01,N@2.6,4.9,54.6,0.0,0,,"Naches, Yakima County",310126,Naches,2017-12-10 05:06:45.039723
2010-05-02,02:15,41.7,,33.4,72.2,0.01,W@1.7,4.6,54.5,0.0,0,,"Naches, Yakima County",310126,Naches,2017-12-10 05:06:45.039723
2010-05-02,02:30,40.5,,33.5,75.8,0.01,N@2.1,3.9,54.4,0.0,0,,"Naches, Yakima County",310126,Naches,2017-12-10 05:06:45.039723
2010-05-02,02:45,41.5,,33.5,73.1,0.01,N@3.7,4.6,54.3,0.0,0,,"Naches, Yakima County",310126,Naches,2017-12-10 05:06:45.039723
2010-05-02,03:00,39.1,,32.4,76.7,0.01,N@4.0,6.0,54.2,0.0,0,,"Naches, Yakima County",310126,Naches,2017-12-10 05:06:45.039723
2010-05-02,03:15,37.4,,32.3,81.6,0.01,N@4.5,5.7,54.1,0.0,0,,"Naches, Yakima County",310126,Naches,2017-12-10 05:06:45.039723
2010-05-02,03:30,38.0,,32.2,79.4,0.01,N@3.9,6.4,54.0,0.0,0,,"Naches, Yakima County",310126,Naches,2017-12-10 05:06:45.039723
2010-05-02,03:45,38.7,,32.3,77.5,0.01,N@2.5,4.2,54.0,0.0,0,,"Naches, Yakima County",310126,Naches,2017-12-10 05:06:45.039723
2010-05-02,04:00,36.5,,32.2,84.0,0.02,N@3.6,5.3,53.9,0.0,0,,"Naches, Yakima County",310126,Naches,2017-12-10 05:06:45.039723
2010-05-02,04:15,37.6,,32.2,80.9,0.02,N@4.2,7.1,53.8,0.0,0,,"Naches, Yakima County",310126,Naches,2017-12-10 05:06:45.039723
2010-05-02,04:30,40.6,,31.1,68.5,0.0,NW@6.0,9.9,53.7,0.0,0,,"Naches, Yakima County",310126,Naches,2017-12-10 05:06:45.039723
2010-05-02,04:45,41.9,,30.8,64.5,0.0,NW@6.5,11.7,53.6,0.0,2,,"Naches, Yakima County",310126,Naches,2017-12-10 05:06:45.039723
2010-05-02,05:00,41.8,,30.9,65.1,0.0,N@6.6,13.9,53.5,0.0,6,,"Naches, Yakima County",310126,Naches,2017-12-10 05:06:45.039723
2010-05-02,05:15,42.8,,30.9,62.5,0.0,NW@5.9,10.7,53.4,0.0,11,,"Naches, Yakima County",310126,Naches,2017-12-10 05:06:45.039723
2010-05-02,05:30,43.6,,31.2,61.3,0.0,NW@6.9,11.7,53.3,0.0,20,,"Naches, Yakima County",310126,Naches,2017-12-10 05:06:45.039723
2010-05-02,05:45,44.4,,31.2,59.7,0.0,NW@6.2,10.3,53.3,0.0,34,,"Naches, Yakima County",310126,Naches,2017-12-10 05:06:45.039723
2010-05-02,06:00,45.4,,31.7,58.4,0.0,NW@4.2,10.3,53.2,0.0,91,,"Naches, Yakima County",310126,Naches,2017-12-10 05:06:45.039723
2010-05-02,06:15,47.2,,31.6,54.2,0.0,NE@3.4,9.2,53.1,0.0,163,,"Naches, Yakima County",310126,Naches,2017-12-10 05:06:45.039723
2010-05-02,06:30,48.2,,32.4,54.1,0.0,SE@3.7,7.1,53.0,0.0,208,,"Naches, Yakima County",310126,Naches,2017-12-10 05:06:45.039723
2010-05-02,06:45,48.1,,31.8,53.1,0.0,NW@7.0,12.4,52.9,0.0,257,,"Naches, Yakima County",310126,Naches,2017-12-10 05:06:45.039723
2010-05-02,07:00,48.8,,32.3,52.7,0.0,W@6.4,11.0,52.8,0.0,314,,"Naches, Yakima County",310126,Naches,2017-12-10 05:06:45.039723
2010-05-02,07:15,49.7,,32.5,51.3,0.0,NW@7.5,14.2,52.7,0.0,355,,"Naches, Yakima County",310126,Naches,2017-12-10 05:06:45.039723
2010-05-02,07:30,49.8,,32.1,50.4,0.0,NW@7.6,12.1,52.7,0.0,319,,"Naches, Yakima County",310126,Naches,2017-12-10 05:06:45.039723
2010-05-02,07:45,50.2,,31.9,49.2,0.0,NW@7.5,12.4,52.6,0.0,340,,"Naches, Yakima County",310126,Naches,2017-12-10 05:06:45.039723
2010-05-02,08:00,50.3,,31.0,47.3,0.0,NW@6.5,10.7,52.5,0.0,313,,"Naches, Yakima County",310126,Naches,2017-12-10 05:06:45.039723
2010-05-02,08:15,50.0,,30.8,47.3,0.0,NW@5.6,10.7,52.5,0.0,262,,"Naches, Yakima County",310126,Naches,2017-12-10 05:06:45.039723
2010-05-02,08:30,50.5,,30.8,46.5,0.0,NW@6.6,13.9,52.4,0.0,338,,"Naches, Yakima County",310126,Naches,2017-12-10 05:06:45.039723
2010-05-02,08:45,51.0,,30.6,45.3,0.0,NW@8.3,13.2,52.4,0.0,353,,"Naches, Yakima County",310126,Naches,2017-12-10 05:06:45.039723
2010-05-02,09:00,50.7,,30.8,46.1,0.0,NW@8.0,13.5,52.3,0.0,228,,"Naches, Yakima County",310126,Naches,2017-12-10 05:06:45.039723
2010-05-02,09:15,51.0,,31.1,46.3,0.0,NW@6.3,11.0,52.3,0.0,223,,"Naches, Yakima County",310126,Naches,2017-12-10 05:06:45.039723
2010-05-02,09:30,51.1,,31.1,46.1,0.0,NW@5.7,9.2,52.3,0.0,227,,"Naches, Yakima County",310126,Naches,2017-12-10 05:06:45.039723
2010-05-02,09:45,51.9,,31.6,45.6,0.0,N@5.9,9.2,52.3,0.0,279,,"Naches, Yakima County",310126,Naches,2017-12-10 05:06:45.039723
2010-05-02,10:00,52.6,,31.3,43.9,0.0,NW@6.4,10.3,52.3,0.0,393,,"Naches, Yakima County",310126,Naches,2017-12-10 05:06:45.039723
2010-05-02,10:15,53.7,,31.4,42.3,0.0,NW@5.3,8.5,52.3,0.0,479,,"Naches, Yakima County",310126,Naches,2017-12-10 05:06:45.039723
2010-05-02,10:30,54.6,,31.3,40.9,0.0,N@7.3,11.7,52.3,0.0,512,,"Naches, Yakima County",310126,Naches,2017-12-10 05:06:45.039723
2010-05-02,10:45,55.5,,31.7,40.2,0.0,N@7.3,11.0,52.3,0.0,555,,"Naches, Yakima County",310126,Naches,2017-12-10 05:06:45.039723
2010-05-02,11:00,55.9,,31.4,39.2,0.0,NW@5.9,11.0,52.3,0.0,491,,"Naches, Yakima County",310126,Naches,2017-12-10 05:06:45.039723
2010-05-02,11:15,56.3,,31.0,38.0,0.0,N@5.7,9.6,52.3,0.0,455,,"Naches, Yakima County",310126,Naches,2017-12-10 05:06:45.039723
2010-05-02,11:30,57.6,,31.2,36.5,0.0,N@6.3,11.7,52.3,0.0,743,,"Naches, Yakima County",310126,Naches,2017-12-10 05:06:45.039723
2010-05-02,11:45,60.3,,31.6,33.8,0.0,N@6.2,9.9,52.3,0.0,1083,,"Naches, Yakima County",310126,Naches,2017-12-10 05:06:45.039723
2010-05-02,12:00,61.2,,32.1,33.3,0.0,N@7.6,12.8,52.4,0.0,969,,"Naches, Yakima County",310126,Naches,2017-12-10 05:06:45.039723
2010-05-02,12:15,60.2,,28.9,30.3,0.0,NW@6.8,10.7,52.4,0.0,845,,"Naches, Yakima County",310126,Naches,2017-12-10 05:06:45.039723
2010-05-02,12:30,60.6,,28.8,29.7,0.0,NW@5.9,11.0,52.5,0.0,683,,"Naches, Yakima County",310126,Naches,2017-12-10 05:06:45.039723
2010-05-02,12:45,61.3,,29.2,29.5,0.0,W@6.6,12.1,52.5,0.0,764,,"Naches, Yakima County",310126,Naches,2017-12-10 05:06:45.039723
2010-05-02,13:00,61.3,,30.4,31.0,0.0,W@7.9,14.2,52.6,0.0,672,,"Naches, Yakima County",310126,Naches,2017-12-10 05:06:45.039723
2010-05-02,13:15,60.7,,31.5,33.0,0.0,NW@6.2,12.8,52.7,0.0,582,,"Naches, Yakima County",310126,Naches,2017-12-10 05:06:45.039723
2010-05-02,13:30,60.7,,32.8,34.8,0.0,W@7.4,13.2,52.8,0.0,646,,"Naches, Yakima County",310126,Naches,2017-12-10 05:06:45.039723
2010-05-02,13:45,61.4,,33.2,34.5,0.0,NW@8.1,14.6,52.9,0.0,708,,"Naches, Yakima County",310126,Naches,2017-12-10 05:06:45.039723
2010-05-02,14:00,60.9,,34.0,36.3,0.0,W@8.4,14.2,53.0,0.0,481,,"Naches, Yakima County",310126,Naches,2017-12-10 05:06:45.039723
2010-05-02,14:15,59.3,,33.7,38.1,0.0,W@7.8,12.4,53.1,0.0,389,,"Naches, Yakima County",310126,Naches,2017-12-10 05:06:45.039723
2010-05-02,14:30,60.5,,34.0,36.9,0.0,NW@6.3,11.7,53.2,0.0,396,,"Naches, Yakima County",310126,Naches,2017-12-10 05:06:45.039723
2010-05-02,14:45,59.6,,33.7,37.5,0.0,NW@7.3,13.2,53.4,0.0,355,,"Naches, Yakima County",310126,Naches,2017-12-10 05:06:45.039723
2010-05-02,15:00,61.1,,34.5,36.8,0.0,NW@7.1,13.5,53.5,0.0,696,,"Naches, Yakima County",310126,Naches,2017-12-10 05:06:45.039723
2010-05-02,15:15,61.8,,35.2,36.9,0.0,NW@8.4,15.0,53.6,0.0,663,,"Naches, Yakima County",310126,Naches,2017-12-10 05:06:45.039723
2010-05-02,15:30,60.5,,35.2,38.5,0.0,W@8.9,14.6,53.8,0.0,648,,"Naches, Yakima County",310126,Naches,2017-12-10 05:06:45.039723
2010-05-02,15:45,59.5,,35.0,39.7,0.0,W@9.4,14.6,53.9,0.0,457,,"Naches, Yakima County",310126,Naches,2017-12-10 05:06:45.039723
2010-05-02,16:00,59.0,,35.2,40.8,0.0,W@9.2,14.6,54.0,0.0,399,,"Naches, Yakima County",310126,Naches,2017-12-10 05:06:45.039723
2010-05-02,16:15,57.6,,35.3,42.9,0.0,NW@7.9,17.5,54.1,0.0,210,,"Naches, Yakima County",310126,Naches,2017-12-10 05:06:45.039723
2010-05-02,16:30,56.3,,34.8,44.2,0.0,W@7.7,14.6,54.3,0.0,164,,"Naches, Yakima County",310126,Naches,2017-12-10 05:06:45.039723
2010-05-02,16:45,55.7,,34.5,44.6,0.0,W@7.4,16.0,54.4,0.0,126,,"Naches, Yakima County",310126,Naches,2017-12-10 05:06:45.039723
2010-05-02,17:00,55.2,,34.5,45.5,0.0,W@6.6,12.8,54.5,0.0,104,,"Naches, Yakima County",310126,Naches,2017-12-10 05:06:45.039723
2010-05-02,17:15,55.1,,34.9,46.3,0.0,W@5.9,11.7,54.7,0.0,97,,"Naches, Yakima County",310126,Naches,2017-12-10 05:06:45.039723
2010-05-02,17:30,55.1,,35.2,46.8,0.0,W@5.5,11.0,54.8,0.0,104,,"Naches, Yakima County",310126,Naches,2017-12-10 05:06:45.039723
2010-05-02,17:45,54.8,,34.9,46.8,0.0,W@8.2,15.0,54.9,0.0,149,,"Naches, Yakima County",310126,Naches,2017-12-10 05:06:45.039723
2010-05-02,18:00,55.0,,35.2,47.1,0.0,W@8.5,16.7,55.0,0.0,193,,"Naches, Yakima County",310126,Naches,2017-12-10 05:06:45.039723
2010-05-02,18:15,54.1,,35.4,48.9,0.0,W@8.6,19.2,55.1,0.0,119,,"Naches, Yakima County",310126,Naches,2017-12-10 05:06:45.039723
2010-05-02,18:30,53.2,,35.8,51.5,0.0,W@9.3,17.1,55.2,0.0,38,,"Naches, Yakima County",310126,Naches,2017-12-10 05:06:45.039723
2010-05-02,18:45,52.5,,35.9,53.1,0.0,W@8.6,16.7,55.2,0.0,20,,"Naches, Yakima County",310126,Naches,2017-12-10 05:06:45.039723
2010-05-02,19:00,52.2,,36.3,54.3,0.0,W@7.4,16.7,55.3,0.0,13,,"Naches, Yakima County",310126,Naches,2017-12-10 05:06:45.039723
2010-05-02,19:15,52.2,,36.3,54.4,0.0,W@6.6,15.0,55.3,0.0,4,,"Naches, Yakima County",310126,Naches,2017-12-10 05:06:45.039723
2010-05-02,19:30,51.9,,36.2,54.9,0.0,W@5.5,10.7,55.4,0.0,1,,"Naches, Yakima County",310126,Naches,2017-12-10 05:06:45.039723
2010-05-02,19:45,52.2,,36.1,53.9,0.0,NW@6.5,12.4,55.4,0.0,0,,"Naches, Yakima County",310126,Naches,2017-12-10 05:06:45.039723
2010-05-02,20:00,52.2,,36.5,54.9,0.0,NW@3.9,7.8,55.4,0.0,0,,"Naches, Yakima County",310126,Naches,2017-12-10 05:06:45.039723
2010-05-02,20:15,52.2,,36.6,55.1,0.0,NW@3.4,6.7,55.4,0.0,0,,"Naches, Yakima County",310126,Naches,2017-12-10 05:06:45.039723
2010-05-02,20:30,52.2,,36.9,55.8,0.0,W@1.4,4.2,55.5,0.0,0,,"Naches, Yakima County",310126,Naches,2017-12-10 05:06:45.039723
2010-05-02,20:45,50.4,,37.5,60.9,0.0,NE@0.5,2.4,55.5,0.0,0,,"Naches, Yakima County",310126,Naches,2017-12-10 05:06:45.039723
2010-05-02,21:00,48.0,,38.0,68.2,0.0,N@1.7,3.9,55.5,0.0,0,,"Naches, Yakima County",310126,Naches,2017-12-10 05:06:45.039723
2010-05-02,21:15,47.2,,37.6,69.3,0.0,SW@1.3,4.2,55.4,0.0,0,,"Naches, Yakima County",310126,Naches,2017-12-10 05:06:45.039723
2010-05-02,21:30,47.5,,38.3,70.2,0.0,SW@2.4,4.6,55.4,0.0,0,,"Naches, Yakima County",310126,Naches,2017-12-10 05:06:45.039723
2010-05-02,21:45,47.6,,39.0,71.9,0.0,NE@1.7,2.8,55.4,0.0,0,,"Naches, Yakima County",310126,Naches,2017-12-10 05:06:45.039723
2010-05-02,22:00,46.9,,39.7,76.0,0.01,NE@1.6,5.3,55.4,0.0,0,,"Naches, Yakima County",310126,Naches,2017-12-10 05:06:45.039723
2010-05-02,22:15,47.0,,38.3,71.6,0.0,NE@3.8,5.7,55.3,0.0,0,,"Naches, Yakima County",310126,Naches,2017-12-10 05:06:45.039723
2010-05-02,22:30,47.5,,38.4,70.5,0.01,SW@1.7,3.9,55.3,0.0,0,,"Naches, Yakima County",310126,Naches,2017-12-10 05:06:45.039723
2010-05-02,22:45,45.6,,38.4,75.6,0.01,N@3.1,4.2,55.2,0.0,0,,"Naches, Yakima County",310126,Naches,2017-12-10 05:06:45.039723
2010-05-02,23:00,45.3,,38.4,76.7,0.01,NE@2.4,3.9,55.2,0.0,0,,"Naches, Yakima County",310126,Naches,2017-12-10 05:06:45.039723
2010-05-03,23:15,44.6,,38.4,78.6,0.01,S@1.5,3.9,55.2,0.0,0,,"Naches, Yakima County",310126,Naches,2017-12-10 05:06:45.039723
2010-05-03,23:30,42.7,,38.1,83.6,0.01,E@2.8,4.9,55.1,0.0,0,,"Naches, Yakima County",310126,Naches,2017-12-10 05:06:45.039723
2010-05-03,23:45,43.5,,38.9,83.6,0.01,S@4.2,8.5,55.1,0.0,0,,"Naches, Yakima County",310126,Naches,2017-12-10 05:06:45.039723
2010-05-03,24:00,45.8,,39.0,77.2,0.01,NW@4.1,7.8,55.0,0.0,0,,"Naches, Yakima County",310126,Naches,2017-12-10 05:06:45.039723
2010-05-03,00:15,47.0,,39.2,74.3,0.09,N@4.7,7.1,55.0,0.0,0,,"Naches, Yakima County",310126,Naches,2017-12-10 05:06:45.039723
2010-05-03,00:30,47.4,,39.8,74.8,0.3,W@4.2,7.4,54.9,0.0,0,,"Naches, Yakima County",310126,Naches,2017-12-10 05:06:45.039723
2010-05-03,00:45,47.2,,40.4,76.9,0.39,SW@4.2,9.2,54.9,0.0,0,,"Naches, Yakima County",310126,Naches,2017-12-10 05:06:45.039723
2010-05-03,01:00,47.0,,40.8,78.8,0.85,N@3.2,8.5,54.8,0.0,0,,"Naches, Yakima County",310126,Naches,2017-12-10 05:06:45.039723
2010-05-03,01:15,45.9,,41.1,83.3,0.97,NW@2.6,6.4,54.8,0.0,0,,"Naches, Yakima County",310126,Naches,2017-12-10 05:06:45.039723
2010-05-03,01:30,45.9,,41.5,84.5,1.0,NW@4.5,8.2,54.7,0.0,0,,"Naches, Yakima County",310126,Naches,2017-12-10 05:06:45.039723
2010-05-03,01:45,47.7,,41.3,78.5,0.98,N@6.3,11.4,54.7,0.0,0,,"Naches, Yakima County",310126,Naches,2017-12-10 05:06:45.039723
2010-05-03,02:00,52.1,,40.9,65.5,0.28,NW@8.6,16.4,54.6,0.0,0,,"Naches, Yakima County",310126,Naches,2017-12-10 05:06:45.039723
2010-05-03,02:15,53.3,,40.0,60.5,0.0,NW@6.2,12.4,54.5,0.0,0,,"Naches, Yakima County",310126,Naches,2017-12-10 05:06:45.039723
2010-05-03,02:30,54.1,,38.8,56.1,0.01,NW@9.5,18.5,54.5,0.0,0,,"Naches, Yakima County",310126,Naches,2017-12-10 05:06:45.039723
2010-05-03,02:45,53.9,,38.2,55.2,0.01,NW@9.3,16.7,54.4,0.0,0,,"Naches, Yakima County",310126,Naches,2017-12-10 05:06:45.039723
2010-05-03,03:00,52.9,,37.9,56.4,0.01,NW@13.0,26.0,54.3,0.0,0,,"Naches, Yakima County",310126,Naches,2017-12-10 05:06:45.039723
2010-05-03,03:15,52.4,,37.3,56.3,0.0,NW@11.3,21.0,54.3,0.0,0,,"Naches, Yakima County",310126,Naches,2017-12-10 05:06:45.039723
2010-05-03,03:30,52.4,,36.7,55.0,0.0,NW@10.4,19.6,54.2,0.0,0,,"Naches, Yakima County",310126,Naches,2017-12-10 05:06:45.039723
2010-05-03,03:45,52.4,,36.8,55.1,0.0,NW@10.6,22.1,54.2,0.0,0,,"Naches, Yakima County",310126,Naches,2017-12-10 05:06:45.039723
2010-05-03,04:00,51.9,,36.5,55.6,0.0,NW@9.0,14.6,54.1,0.0,0,,"Naches, Yakima County",310126,Naches,2017-12-10 05:06:45.039723
2010-05-03,04:15,51.6,,36.3,55.7,0.0,NW@7.1,12.8,54.1,0.0,0,,"Naches, Yakima County",310126,Naches,2017-12-10 05:06:45.039723
2010-05-03,04:30,51.5,,36.0,55.1,0.0,NW@7.1,12.1,54.0,0.0,0,,"Naches, Yakima County",310126,Naches,2017-12-10 05:06:45.039723
2010-05-03,04:45,50.9,,36.2,57.0,0.0,W@5.6,11.7,54.0,0.0,2,,"Naches, Yakima County",310126,Naches,2017-12-10 05:06:45.039723
2010-05-03,05:00,51.0,,36.0,56.3,0.0,NW@7.4,15.3,53.9,0.0,6,,"Naches, Yakima County",310126,Naches,2017-12-10 05:06:45.039723
2010-05-03,05:15,50.8,,36.3,57.4,0.0,W@4.5,10.7,53.9,0.0,16,,"Naches, Yakima County",310126,Naches,2017-12-10 05:06:45.039723
2010-05-03,05:30,50.6,,36.5,58.4,0.0,NW@4.6,11.4,53.8,0.0,29,,"Naches, Yakima County",310126,Naches,2017-12-10 05:06:45.039723
2010-05-03,05:45,50.7,,36.7,58.4,0.0,NW@6.0,10.3,53.8,0.0,44,,"Naches, Yakima County",310126,Naches,2017-12-10 05:06:45.039723
2010-05-03,06:00,50.8,,37.3,59.7,0.0,NW@5.9,12.4,53.7,0.0,63,,"Naches, Yakima County",310126,Naches,2017-12-10 05:06:45.039723
2010-05-03,06:15,52.1,,37.3,57.0,0.0,NW@5.9,13.2,53.7,0.0,157,,"Naches, Yakima County",310126,Naches,2017-12-10 05:06:45.039723
2010-05-03,06:30,53.0,,37.5,55.3,0.0,NW@8.7,19.2,53.6,0.0,203,,"Naches, Yakima County",310126,Naches,2017-12-10 05:06:45.039723
2010-05-03,06:45,53.9,,37.7,54.1,0.0,NW@10.1,18.9,53.6,0.0,249,,"Naches, Yakima County",310126,Naches,2017-12-10 05:06:45.039723
2010-05-03,07:00,53.7,,38.1,55.3,0.0,NW@9.7,19.2,53.5,0.0,287,,"Naches, Yakima County",310126,Naches,2017-12-10 05:06:45.039723
2010-05-03,07:15,53.6,,38.5,56.4,0.0,W@9.3,17.8,53.5,0.0,332,,"Naches, Yakima County",310126,Naches,2017-12-10 05:06:45.039723
2010-05-03,07:30,53.3,,38.9,57.9,0.0,W@10.9,21.4,53.5,0.0,377,,"Naches, Yakima County",310126,Naches,2017-12-10 05:06:45.039723
2010-05-03,07:45,53.8,,39.2,57.5,0.0,NW@9.5,22.1,53.4,0.0,410,,"Naches, Yakima County",310126,Naches,2017-12-10 05:06:45.039723
2010-05-03,08:00,54.0,,38.7,56.0,0.0,NW@9.9,18.2,53.4,0.0,455,,"Naches, Yakima County",310126,Naches,2017-12-10 05:06:45.039723
2010-05-03,08:15,54.2,,38.1,54.3,0.0,W@10.3,18.2,53.4,0.0,493,,"Naches, Yakima County",310126,Naches,2017-12-10 05:06:45.039723
2010-05-03,08:30,54.0,,36.0,50.3,0.0,NW@11.8,21.0,53.3,0.0,539,,"Naches, Yakima County",310126,Naches,2017-12-10 05:06:45.039723
2010-05-03,08:45,53.3,,34.1,48.0,0.0,W@12.5,22.1,53.3,0.0,579,,"Naches, Yakima County",310126,Naches,2017-12-10 05:06:45.039723
2010-05-03,09:00,53.2,,33.3,46.6,0.0,W@11.2,19.2,53.3,0.0,618,,"Naches, Yakima County",310126,Naches,2017-12-10 05:06:45.039723
2010-05-03,09:15,53.4,,32.4,44.6,0.0,W@11.7,26.4,53.3,0.0,654,,"Naches, Yakima County",310126,Naches,2017-12-10 05:06:45.039723
2010-05-03,09:30,52.3,,31.1,44.2,0.0,W@13.5,24.6,53.3,0.0,687,,"Naches, Yakima County",310126,Naches,2017-12-10 05:06:45.039723
2010-05-03,09:45,51.8,,32.8,48.1,0.0,W@12.8,21.8,53.3,0.0,715,,"Naches, Yakima County",310126,Naches,2017-12-10 05:06:45.039723
2010-05-03,10:00,52.0,,33.2,48.5,0.0,W@11.9,20.0,53.2,0.0,745,,"Naches, Yakima County",310126,Naches,2017-12-10 05:06:45.039723
2010-05-03,10:15,52.3,,29.7,41.5,0.0,W@13.0,24.6,53.3,0.0,773,,"Naches, Yakima County",310126,Naches,2017-12-10 05:06:45.039723
2010-05-03,10:30,53.1,,28.6,38.6,0.0,NW@13.1,23.9,53.3,0.0,798,,"Naches, Yakima County",310126,Naches,2017-12-10 05:06:45.039723
2010-05-03,10:45,54.4,,28.5,36.7,0.0,W@11.8,22.1,53.3,0.0,835,,"Naches, Yakima County",310126,Naches,2017-12-10 05:06:45.039723
2010-05-03,11:00,52.9,,28.7,39.1,0.0,W@13.8,22.8,53.3,0.0,845,,"Naches, Yakima County",310126,Naches,2017-12-10 05:06:45.039723
2010-05-03,11:15,53.3,,28.0,37.4,0.0,NW@12.0,21.8,53.4,0.0,854,,"Naches, Yakima County",310126,Naches,2017-12-10 05:06:45.039723
2010-05-03,11:30,53.9,,28.0,36.6,0.0,W@11.8,23.9,53.4,0.0,869,,"Naches, Yakima County",310126,Naches,2017-12-10 05:06:45.039723
2010-05-03,11:45,54.4,,27.5,35.2,0.0,W@12.2,22.8,53.5,0.0,900,,"Naches, Yakima County",310126,Naches,2017-12-10 05:06:45.039723
2010-05-03,12:00,52.0,,30.3,43.1,0.0,W@14.8,25.0,53.5,0.0,900,,"Naches, Yakima County",310126,Naches,2017-12-10 05:06:45.039723
2010-05-03,12:15,50.6,,32.2,48.9,0.0,W@12.5,22.8,53.6,0.0,875,,"Naches, Yakima County",310126,Naches,2017-12-10 05:06:45.039723
2010-05-03,12:30,50.8,,31.1,46.7,0.0,W@12.9,22.8,53.7,0.0,879,,"Naches, Yakima County",310126,Naches,2017-12-10 05:06:45.039723
2010-05-03,12:45,51.7,,29.9,43.0,0.0,W@13.2,22.5,53.8,0.0,880,,"Naches, Yakima County",310126,Naches,2017-12-10 05:06:45.039723
2010-05-03,13:00,51.2,,29.4,42.7,0.0,W@14.2,25.0,53.9,0.0,870,,"Naches, Yakima County",310126,Naches,2017-12-10 05:06:45.039723
2010-05-03,13:15,50.6,,31.6,48.0,0.0,W@12.1,22.5,54.0,0.0,854,,"Naches, Yakima County",310126,Naches,2017-12-10 05:06:45.039723
2010-05-03,13:30,51.5,,27.8,39.7,0.0,W@12.3,21.8,54.1,0.0,840,,"Naches, Yakima County",310126,Naches,2017-12-10 05:06:45.039723
2010-05-03,13:45,51.5,,27.0,38.4,0.0,W@14.1,21.8,54.3,0.0,824,,"Naches, Yakima County",310126,Naches,2017-12-10 05:06:45.039723
2010-05-03,14:00,52.2,,25.7,35.5,0.0,W@13.4,23.5,54.4,0.0,807,,"Naches, Yakima County",310126,Naches,2017-12-10 05:06:45.039723
2010-05-03,14:15,52.3,,26.4,36.5,0.0,NW@15.2,28.2,54.5,0.0,780,,"Naches, Yakima County",310126,Naches,2017-12-10 05:06:45.039723
2010-05-03,14:30,50.3,,29.0,43.6,0.0,W@16.3,28.6,54.6,0.0,753,,"Naches, Yakima County",310126,Naches,2017-12-10 05:06:45.039723
2010-05-03,14:45,49.1,,31.9,51.4,0.0,W@13.6,22.1,54.7,0.0,725,,"Naches, Yakima County",310126,Naches,2017-12-10 05:06:45.039723
2010-05-03,15:00,48.8,,30.3,48.4,0.0,NW@16.3,26.8,54.8,0.0,695,,"Naches, Yakima County",310126,Naches,2017-12-10 05:06:45.039723
2010-05-03,15:15,48.8,,28.5,45.2,0.0,NW@15.5,24.3,54.9,0.0,662,,"Naches, Yakima County",310126,Naches,2017-12-10 05:06:45.039723
2010-05-03,15:30,48.7,,30.1,48.5,0.0,W@13.2,23.5,55.0,0.0,627,,"Naches, Yakima County",310126,Naches,2017-12-10 05:06:45.039723
2010-05-03,15:45,47.2,,30.9,52.9,0.0,W@16.2,30.0,55.1,0.0,589,,"Naches, Yakima County",310126,Naches,2017-12-10 05:06:45.039723
2010-05-03,16:00,44.9,,32.7,62.1,0.0,NW@17.2,29.3,55.2,0.0,553,,"Naches, Yakima County",310126,Naches,2017-12-10 05:06:45.039723
2010-05-03,16:15,45.4,,32.2,59.6,0.0,NW@15.0,25.0,55.3,0.0,495,,"Naches, Yakima County",310126,Naches,2017-12-10 05:06:45.039723
2010-05-03,16:30,46.2,,31.8,56.8,0.0,NW@13.3,22.1,55.4,0.0,468,,"Naches, Yakima County",310126,Naches,2017-12-10 05:06:45.039723
2010-05-03,16:45,47.6,,29.4,49.1,0.0,NW@14.7,26.0,55.5,0.0,426,,"Naches, Yakima County",310126,Naches,2017-12-10 05:06:45.039723
2010-05-03,17:00,48.4,,25.9,41.2,0.0,NW@16.2,30.0,55.6,0.0,382,,"Naches, Yakima County",310126,Naches,2017-12-10 05:06:45.039723
2010-05-03,17:15,48.3,,24.5,38.9,0.0,NW@15.5,32.5,55.7,0.0,336,,"Naches, Yakima County",310126,Naches,2017-12-10 05:06:45.039723
2010-05-03,17:30,46.0,,27.2,47.5,0.0,NW@16.0,29.3,55.8,0.0,288,,"Naches, Yakima County",310126,Naches,2017-12-10 05:06:45.039723
2010-05-03,17:45,43.8,,30.0,58.0,0.0,NW@13.7,28.2,55.9,0.0,240,,"Naches, Yakima County",310126,Naches,2017-12-10 05:06:45.039723
2010-05-03,18:00,42.7,,30.9,62.8,0.0,NW@12.5,23.2,55.9,0.0,198,,"Naches, Yakima County",310126,Naches,2017-12-10 05:06:45.039723
2010-05-03,18:15,43.2,,29.4,58.1,0.0,NW@11.0,18.9,56.0,0.0,156,,"Naches, Yakima County",310126,Naches,2017-12-10 05:06:45.039723
2010-05-03,18:30,42.8,,29.5,59.0,0.0,W@9.1,17.5,56.0,0.0,119,,"Naches, Yakima County",310126,Naches,2017-12-10 05:06:45.039723
2010-05-03,18:45,41.6,,30.1,63.2,0.0,W@7.5,17.5,56.1,0.0,77,,"Naches, Yakima County",310126,Naches,2017-12-10 05:06:45.039723
2010-05-03,19:00,39.7,,30.9,70.4,0.0,S@5.7,9.9,56.1,0.0,28,,"Naches, Yakima County",310126,Naches,2017-12-10 05:06:45.039723
2010-05-03,19:15,39.4,,30.1,69.1,0.0,S@5.4,7.8,56.1,0.0,9,,"Naches, Yakima County",310126,Naches,2017-12-10 05:06:45.039723
2010-05-03,19:30,39.6,,28.9,65.2,0.0,S@4.9,8.5,56.1,0.0,2,,"Naches, Yakima County",310126,Naches,2017-12-10 05:06:45.039723
2010-05-03,19:45,38.8,,27.7,63.9,0.0,SE@3.7,8.2,56.1,0.0,0,,"Naches, Yakima County",310126,Naches,2017-12-10 05:06:45.039723
2010-05-03,20:00,38.7,,26.2,60.5,0.0,SE@3.6,6.0,56.1,0.0,0,,"Naches, Yakima County",310126,Naches,2017-12-10 05:06:45.039723
2010-05-03,20:15,40.1,,25.0,54.4,0.0,SE@3.1,8.5,56.1,0.0,0,,"Naches, Yakima County",310126,Naches,2017-12-10 05:06:45.039723
2010-05-03,20:30,41.3,,24.0,49.7,0.0,NW@5.0,12.1,56.1,0.0,0,,"Naches, Yakima County",310126,Naches,2017-12-10 05:06:45.039723
2010-05-03,20:45,41.3,,24.6,51.2,0.0,NW@5.4,9.9,56.1,0.0,0,,"Naches, Yakima County",310126,Naches,2017-12-10 05:06:45.039723
2010-05-03,21:00,40.1,,25.4,55.3,0.0,W@3.6,7.8,56.0,0.0,0,,"Naches, Yakima County",310126,Naches,2017-12-10 05:06:45.039723
2010-05-03,21:15,39.3,,25.3,56.8,0.0,S@2.4,3.9,56.0,0.0,0,,"Naches, Yakima County",310126,Naches,2017-12-10 05:06:45.039723
2010-05-03,21:30,36.5,,25.1,63.0,0.0,SE@3.3,3.9,55.9,0.0,0,,"Naches, Yakima County",310126,Naches,2017-12-10 05:06:45.039723
2010-05-03,21:45,37.3,,24.2,58.9,0.0,SE@2.2,4.9,55.9,0.0,0,,"Naches, Yakima County",310126,Naches,2017-12-10 05:06:45.039723
2010-05-03,22:00,37.3,,24.4,59.2,0.0,NE@1.7,3.5,55.8,0.0,0,,"Naches, Yakima County",310126,Naches,2017-12-10 05:06:45.039723
2010-05-03,22:15,37.8,,24.4,58.2,0.0,E@2.9,5.3,55.8,0.0,0,,"Naches, Yakima County",310126,Naches,2017-12-10 05:06:45.039723
2010-05-03,22:30,37.6,,24.6,59.0,0.0,SE@3.1,6.0,55.7,0.0,0,,"Naches, Yakima County",310126,Naches,2017-12-10 05:06:45.039723
2010-05-03,22:45,36.0,,24.4,62.4,0.0,SE@3.0,6.7,55.6,0.0,0,,"Naches, Yakima County",310126,Naches,2017-12-10 05:06:45.039723
2010-05-03,23:00,35.4,,23.7,61.9,0.0,SE@2.1,4.9,55.5,0.0,0,,"Naches, Yakima County",310126,Naches,2017-12-10 05:06:45.039723
2010-05-04,23:15,35.1,,23.0,61.1,0.0,E@1.4,3.1,55.5,0.0,0,,"Naches, Yakima County",310126,Naches,2017-12-10 05:06:45.039723
2010-05-04,23:30,34.0,,24.2,67.2,0.01,SE@3.1,5.3,55.4,0.0,0,,"Naches, Yakima County",310126,Naches,2017-12-10 05:06:45.039723
2010-05-04,23:45,37.0,,22.7,55.8,0.0,SE@2.6,6.7,55.3,0.0,0,,"Naches, Yakima County",310126,Naches,2017-12-10 05:06:45.039723
2010-05-04,24:00,34.9,,23.3,62.2,0.0,E@2.1,4.6,55.2,0.0,0,,"Naches, Yakima County",310126,Naches,2017-12-10 05:06:45.039723
