Date,Time PST,1.5m Air Temp °F, 1.5m Dew Point °F, 1.5m Rel Hum %, Tot Prec in, Solar Rad W/m², Atm. 2m Press. inHg, Wind Direction, Wind Speed mph, 2m Wind Gust mph, 1.5m Leaf Wet u., 8 in. Soil Tmp °F,Location,Station ID,Station Name,Download Timestamp
2020-06-27,00:15,66.1,54.1,65.2,0.0,0,29.88,SW,2.0,3.9,0.0,74.2,"Naches, Yakima County",310126,Naches,2020-12-14 04:26:00.341745
2020-06-27,00:30,64.9,54.4,68.6,0.0,0,29.88,SW,1.2,3.9,0.0,74.2,"Naches, Yakima County",310126,Naches,2020-12-14 04:26:00.341745
2020-06-27,00:45,64.4,54.2,69.3,0.0,0,29.88,N ,1.8,3.9,0.0,74.2,"Naches, Yakima County",310126,Naches,2020-12-14 04:26:00.341745
2020-06-27,01:00,65.3,53.6,65.8,0.0,0,29.88,N ,1.9,5.7,0.0,74.2,"Naches, Yakima County",310126,Naches,2020-12-14 04:26:00.341745
2020-06-27,01:15,62.8,53.9,72.5,0.0,0,29.89,NE,0.7,2.8,0.0,74.2,"Naches, Yakima County",310126,Naches,2020-12-14 04:26:00.341745
2020-06-27,01:30,61.5,53.6,75.3,0.0,0,29.89,NE,0.3,3.1,0.0,74.1,"Naches, Yakima County",310126,Naches,2020-12-14 04:26:00.341745
2020-06-27,01:45,60.9,53.0,75.4,0.0,0,29.89,NE,0.4,2.4,0.0,74.1,"Naches, Yakima County",310126,Naches,2020-12-14 04:26:00.341745
2020-06-27,02:00,59.4,53.2,79.7,0.0,0,29.89,NE,1.2,3.1,0.0,74.0,"Naches, Yakima County",310126,Naches,2020-12-14 04:26:00.341745
2020-06-27,02:15,59.2,52.6,78.8,0.0,0,29.89,N ,1.6,3.9,0.0,74.0,"Naches, Yakima County",310126,Naches,2020-12-14 04:26:00.341745
2020-06-27,02:30,60.9,51.4,70.8,0.0,0,29.89,N ,0.9,2.8,0.0,74.1,"Naches, Yakima County",310126,Naches,2020-12-14 04:26:00.341745
2020-06-27,02:45,58.5,51.0,75.9,0.0,0,29.89,NW,0.5,3.1,0.0,74.0,"Naches, Yakima County",310126,Naches,2020-12-14 04:26:00.341745
2020-06-27,03:00,61.0,50.1,67.3,0.0,0,29.89,N,2.8,4.9,0.0,74.0,"Naches, Yakima County",310126,Naches,2020-12-14 04:26:00.341745
2020-06-27,03:15,61.0,49.5,65.7,0.0,0,29.89,N,2.7,4.6,0.0,73.9,"Naches, Yakima County",310126,Naches,2020-12-14 04:26:00.341745
2020-06-27,03:30,59.1,49.6,70.7,0.0,0,29.89,N ,2.2,3.9,0.0,73.9,"Naches, Yakima County",310126,Naches,2020-12-14 04:26:00.341745
2020-06-27,03:45,57.8,49.3,73.2,0.0,0,29.89,N ,0.8,3.5,0.0,73.8,"Naches, Yakima County",310126,Naches,2020-12-14 04:26:00.341745
2020-06-27,04:00,55.0,49.6,81.8,0.0,0,29.89,NE,0.9,2.8,0.0,73.8,"Naches, Yakima County",310126,Naches,2020-12-14 04:26:00.341745
2020-06-27,04:15,56.5,49.0,75.7,0.0,3,29.89,N ,1.8,3.9,0.0,73.7,"Naches, Yakima County",310126,Naches,2020-12-14 04:26:00.341745
2020-06-27,04:30,57.4,48.4,71.7,0.0,12,29.89,N,2.7,8.5,0.0,73.7,"Naches, Yakima County",310126,Naches,2020-12-14 04:26:00.341745
2020-06-27,04:45,61.5,47.2,59.4,0.0,25,29.89,NW,4.5,8.5,0.0,73.7,"Naches, Yakima County",310126,Naches,2020-12-14 04:26:00.341745
2020-06-27,05:00,63.6,46.4,53.5,0.0,39,29.89,NW,6.9,11.7,0.0,73.6,"Naches, Yakima County",310126,Naches,2020-12-14 04:26:00.341745
2020-06-27,05:15,64.1,46.0,51.6,0.0,54,29.89,NW,7.3,13.2,0.0,73.6,"Naches, Yakima County",310126,Naches,2020-12-14 04:26:00.341745
2020-06-27,05:30,64.4,45.7,50.6,0.0,63,29.89,NW,8.4,13.5,0.0,73.5,"Naches, Yakima County",310126,Naches,2020-12-14 04:26:00.341745
2020-06-27,05:45,64.6,45.8,50.3,0.0,114,29.89,NW,7.0,11.4,0.0,73.5,"Naches, Yakima County",310126,Naches,2020-12-14 04:26:00.341745
2020-06-27,06:00,64.9,45.6,49.6,0.0,154,29.89,NW,6.9,11.4,0.0,73.5,"Naches, Yakima County",310126,Naches,2020-12-14 04:26:00.341745
2020-06-27,06:15,65.2,45.5,48.9,0.0,199,29.89,NW,7.3,13.5,0.0,73.4,"Naches, Yakima County",310126,Naches,2020-12-14 04:26:00.341745
2020-06-27,06:30,65.8,45.2,47.4,0.0,289,29.89,NW,8.4,13.5,0.0,73.3,"Naches, Yakima County",310126,Naches,2020-12-14 04:26:00.341745
2020-06-27,06:45,66.1,45.1,46.5,0.0,274,29.88,NW,8.1,16.0,0.0,73.3,"Naches, Yakima County",310126,Naches,2020-12-14 04:26:00.341745
2020-06-27,07:00,66.2,44.6,45.6,0.0,288,29.89,NW,8.7,12.4,0.0,73.2,"Naches, Yakima County",310126,Naches,2020-12-14 04:26:00.341745
2020-06-27,07:15,66.7,44.2,44.1,0.0,349,29.89,NW,9.0,14.2,0.0,73.1,"Naches, Yakima County",310126,Naches,2020-12-14 04:26:00.341745
2020-06-27,07:30,67.2,43.7,42.6,0.0,416,29.88,NW,9.8,14.6,0.0,73.0,"Naches, Yakima County",310126,Naches,2020-12-14 04:26:00.341745
2020-06-27,07:45,67.9,43.4,41.1,0.0,477,29.88,NW,7.8,11.7,0.0,72.9,"Naches, Yakima County",310126,Naches,2020-12-14 04:26:00.341745
2020-06-27,08:00,68.9,42.9,38.9,0.0,504,29.87,NW,6.9,10.7,0.0,72.8,"Naches, Yakima County",310126,Naches,2020-12-14 04:26:00.341745
2020-06-27,08:15,69.3,42.6,38.0,0.0,520,29.86,NW,6.4,9.9,0.0,72.8,"Naches, Yakima County",310126,Naches,2020-12-14 04:26:00.341745
2020-06-27,08:30,70.1,42.6,36.9,0.0,547,29.86,NW,5.4,8.2,0.0,72.7,"Naches, Yakima County",310126,Naches,2020-12-14 04:26:00.341745
2020-06-27,08:45,71.1,43.8,37.3,0.0,601,29.86,NW,5.6,12.4,0.0,72.7,"Naches, Yakima County",310126,Naches,2020-12-14 04:26:00.341745
2020-06-27,09:00,71.6,42.9,35.4,0.0,690,29.85,NW,7.0,11.7,0.0,72.6,"Naches, Yakima County",310126,Naches,2020-12-14 04:26:00.341745
2020-06-27,09:15,71.7,41.9,33.9,0.0,495,29.85,NW,6.5,10.3,0.0,72.6,"Naches, Yakima County",310126,Naches,2020-12-14 04:26:00.341745
2020-06-27,09:30,72.2,41.1,32.4,0.0,430,29.84,NW,6.3,10.3,0.0,72.5,"Naches, Yakima County",310126,Naches,2020-12-14 04:26:00.341745
2020-06-27,09:45,72.8,40.5,31.1,0.0,356,29.84,NW,6.6,10.3,0.0,72.5,"Naches, Yakima County",310126,Naches,2020-12-14 04:26:00.341745
2020-06-27,10:00,73.3,40.7,30.8,0.0,354,29.84,NW,5.7,10.3,0.0,72.5,"Naches, Yakima County",310126,Naches,2020-12-14 04:26:00.341745
2020-06-27,10:15,73.6,40.5,30.3,0.0,402,29.83,NW,5.9,8.9,0.0,72.4,"Naches, Yakima County",310126,Naches,2020-12-14 04:26:00.341745
2020-06-27,10:30,74.1,40.0,29.2,0.0,499,29.83,NW,5.4,9.2,0.0,72.4,"Naches, Yakima County",310126,Naches,2020-12-14 04:26:00.341745
2020-06-27,10:45,75.2,39.6,27.6,0.0,593,29.83,NW,5.6,10.7,0.0,72.4,"Naches, Yakima County",310126,Naches,2020-12-14 04:26:00.341745
2020-06-27,11:00,75.3,39.9,27.9,0.0,626,29.83,NW,5.1,9.9,0.0,72.4,"Naches, Yakima County",310126,Naches,2020-12-14 04:26:00.341745
2020-06-27,11:15,75.0,40.9,29.3,0.0,647,29.83,W,6.3,9.2,0.0,72.3,"Naches, Yakima County",310126,Naches,2020-12-14 04:26:00.341745
2020-06-27,11:30,75.5,40.5,28.4,0.0,603,29.83,NW,5.6,9.6,0.0,72.3,"Naches, Yakima County",310126,Naches,2020-12-14 04:26:00.341745
2020-06-27,11:45,75.1,39.8,28.0,0.0,631,29.83,W,6.4,11.7,0.0,72.3,"Naches, Yakima County",310126,Naches,2020-12-14 04:26:00.341745
2020-06-27,12:00,75.8,38.2,25.7,0.0,877,29.83,NW,7.0,11.7,0.0,72.3,"Naches, Yakima County",310126,Naches,2020-12-14 04:26:00.341745
2020-06-27,12:15,76.5,39.5,26.4,0.0,927,29.82,W,4.7,9.6,0.0,72.3,"Naches, Yakima County",310126,Naches,2020-12-14 04:26:00.341745
2020-06-27,12:30,77.0,39.3,25.8,0.0,919,29.82,SW,4.8,11.7,0.0,72.3,"Naches, Yakima County",310126,Naches,2020-12-14 04:26:00.341745
2020-06-27,12:45,77.1,38.3,24.7,0.0,916,29.81,W,4.7,11.0,0.0,72.3,"Naches, Yakima County",310126,Naches,2020-12-14 04:26:00.341745
2020-06-27,13:00,78.0,38.1,23.8,0.0,907,29.81,NW,5.2,9.6,0.0,72.3,"Naches, Yakima County",310126,Naches,2020-12-14 04:26:00.341745
2020-06-27,13:15,77.7,36.8,22.8,0.0,894,29.8,NW,4.9,9.6,0.0,72.3,"Naches, Yakima County",310126,Naches,2020-12-14 04:26:00.341745
2020-06-27,13:30,79.2,38.5,23.2,0.0,875,29.8,NW,5.2,12.1,0.0,72.4,"Naches, Yakima County",310126,Naches,2020-12-14 04:26:00.341745
2020-06-27,13:45,78.4,38.7,24.0,0.0,866,29.8,W,7.4,13.2,0.0,72.4,"Naches, Yakima County",310126,Naches,2020-12-14 04:26:00.341745
2020-06-27,14:00,78.0,38.9,24.6,0.0,847,29.79,W,7.0,11.7,0.0,72.4,"Naches, Yakima County",310126,Naches,2020-12-14 04:26:00.341745
2020-06-27,14:15,77.7,38.9,24.8,0.0,830,29.79,W,7.4,13.2,0.0,72.4,"Naches, Yakima County",310126,Naches,2020-12-14 04:26:00.341745
2020-06-27,14:30,77.9,40.1,25.8,0.0,811,29.79,W,7.1,12.1,0.0,72.5,"Naches, Yakima County",310126,Naches,2020-12-14 04:26:00.341745
2020-06-27,14:45,78.0,39.4,25.0,0.0,785,29.79,W,7.6,13.2,0.0,72.5,"Naches, Yakima County",310126,Naches,2020-12-14 04:26:00.341745
2020-06-27,15:00,77.7,39.2,25.0,0.0,755,29.78,NW,9.1,14.2,0.0,72.5,"Naches, Yakima County",310126,Naches,2020-12-14 04:26:00.341745
2020-06-27,15:15,77.4,39.0,25.1,0.0,722,29.78,NW,9.2,17.5,0.0,72.6,"Naches, Yakima County",310126,Naches,2020-12-14 04:26:00.341745
2020-06-27,15:30,76.8,38.4,25.0,0.0,694,29.78,NW,9.2,15.0,0.0,72.6,"Naches, Yakima County",310126,Naches,2020-12-14 04:26:00.341745
2020-06-27,15:45,76.2,38.1,25.2,0.0,665,29.78,NW,9.3,15.0,0.0,72.7,"Naches, Yakima County",310126,Naches,2020-12-14 04:26:00.341745
2020-06-27,16:00,75.8,37.2,24.7,0.0,632,29.78,NW,9.2,16.7,0.0,72.7,"Naches, Yakima County",310126,Naches,2020-12-14 04:26:00.341745
2020-06-27,16:15,76.0,37.1,24.4,0.0,595,29.78,NW,8.5,13.2,0.0,72.8,"Naches, Yakima County",310126,Naches,2020-12-14 04:26:00.341745
2020-06-27,16:30,75.3,37.2,25.2,0.0,552,29.78,NW,7.7,12.1,0.0,72.8,"Naches, Yakima County",310126,Naches,2020-12-14 04:26:00.341745
2020-06-27,16:45,74.4,37.0,25.7,0.0,502,29.78,W,9.0,14.2,0.0,72.9,"Naches, Yakima County",310126,Naches,2020-12-14 04:26:00.341745
2020-06-27,17:00,74.3,37.1,25.9,0.0,458,29.78,NW,8.0,14.2,0.0,72.9,"Naches, Yakima County",310126,Naches,2020-12-14 04:26:00.341745
2020-06-27,17:15,73.4,37.9,27.5,0.0,414,29.78,NW,8.5,14.2,0.0,73.0,"Naches, Yakima County",310126,Naches,2020-12-14 04:26:00.341745
2020-06-27,17:30,72.8,38.2,28.4,0.0,370,29.78,NW,8.1,13.9,0.0,73.1,"Naches, Yakima County",310126,Naches,2020-12-14 04:26:00.341745
2020-06-27,17:45,72.0,39.0,30.1,0.0,331,29.79,NW,6.4,11.4,0.0,73.1,"Naches, Yakima County",310126,Naches,2020-12-14 04:26:00.341745
2020-06-27,18:00,69.8,38.5,31.8,0.0,281,29.79,NW,8.6,15.7,0.0,73.1,"Naches, Yakima County",310126,Naches,2020-12-14 04:26:00.341745
2020-06-27,18:15,68.3,38.5,33.5,0.0,246,29.79,N,8.8,15.7,0.0,73.2,"Naches, Yakima County",310126,Naches,2020-12-14 04:26:00.341745
2020-06-27,18:30,67.3,38.5,34.7,0.0,188,29.79,N,9.3,15.0,0.0,73.2,"Naches, Yakima County",310126,Naches,2020-12-14 04:26:00.341745
2020-06-27,18:45,66.4,38.6,35.8,0.0,159,29.8,NW,8.8,16.4,0.0,73.3,"Naches, Yakima County",310126,Naches,2020-12-14 04:26:00.341745
2020-06-27,19:00,65.8,38.5,36.6,0.0,116,29.8,NW,6.8,13.5,0.0,73.3,"Naches, Yakima County",310126,Naches,2020-12-14 04:26:00.341745
2020-06-27,19:15,65.1,38.6,37.5,0.0,90,29.8,NW,4.5,9.9,0.0,73.4,"Naches, Yakima County",310126,Naches,2020-12-14 04:26:00.341745
2020-06-27,19:30,63.8,40.2,41.9,0.0,45,29.8,W,4.8,8.9,0.0,73.4,"Naches, Yakima County",310126,Naches,2020-12-14 04:26:00.341745
2020-06-27,19:45,62.4,39.5,42.7,0.0,20,29.8,W,5.4,8.9,0.0,73.5,"Naches, Yakima County",310126,Naches,2020-12-14 04:26:00.341745
2020-06-27,20:00,61.5,39.0,43.4,0.0,9,29.8,W,6.2,9.9,0.0,73.6,"Naches, Yakima County",310126,Naches,2020-12-14 04:26:00.341745
2020-06-27,20:15,60.4,38.5,44.2,0.0,3,29.8,W,8.4,14.6,0.0,73.6,"Naches, Yakima County",310126,Naches,2020-12-14 04:26:00.341745
2020-06-27,20:30,59.7,38.5,45.4,0.0,0,29.8,W,7.1,12.1,0.0,73.6,"Naches, Yakima County",310126,Naches,2020-12-14 04:26:00.341745
2020-06-27,20:45,59.0,38.5,46.5,0.0,0,29.81,W,4.5,8.5,0.0,73.7,"Naches, Yakima County",310126,Naches,2020-12-14 04:26:00.341745
2020-06-27,21:00,57.9,38.6,48.4,0.0,0,29.82,S,3.8,9.2,0.0,73.7,"Naches, Yakima County",310126,Naches,2020-12-14 04:26:00.341745
2020-06-27,21:15,58.0,38.4,47.8,0.0,0,29.82,W,5.0,11.4,0.0,73.7,"Naches, Yakima County",310126,Naches,2020-12-14 04:26:00.341745
2020-06-27,21:30,58.0,38.2,47.5,0.0,0,29.82,W,5.8,10.7,0.0,73.7,"Naches, Yakima County",310126,Naches,2020-12-14 04:26:00.341745
2020-06-27,21:45,57.8,38.0,47.5,0.0,0,29.82,W,7.1,11.4,0.0,73.7,"Naches, Yakima County",310126,Naches,2020-12-14 04:26:00.341745
2020-06-27,22:00,57.5,38.0,48.0,0.0,0,29.82,W,6.2,11.0,0.0,73.7,"Naches, Yakima County",310126,Naches,2020-12-14 04:26:00.341745
2020-06-27,22:15,56.5,38.5,50.9,0.0,0,29.81,N,3.3,8.2,0.0,73.7,"Naches, Yakima County",310126,Naches,2020-12-14 04:26:00.341745
2020-06-27,22:30,53.4,39.9,60.0,0.0,0,29.81,SW,0.7,2.8,0.0,73.7,"Naches, Yakima County",310126,Naches,2020-12-14 04:26:00.341745
2020-06-27,22:45,55.0,40.3,57.5,0.0,0,29.81,NW,4.4,7.1,0.0,73.7,"Naches, Yakima County",310126,Naches,2020-12-14 04:26:00.341745
2020-06-27,23:00,54.9,40.0,57.1,0.0,0,29.81,W,5.2,7.8,0.0,73.7,"Naches, Yakima County",310126,Naches,2020-12-14 04:26:00.341745
2020-06-28,23:15,55.9,38.4,51.8,0.0,0,29.8,W,8.6,13.9,0.0,73.7,"Naches, Yakima County",310126,Naches,2020-12-14 04:26:00.341745
2020-06-28,23:30,56.0,37.7,50.0,0.0,0,29.8,W,7.0,12.4,0.0,73.6,"Naches, Yakima County",310126,Naches,2020-12-14 04:26:00.341745
2020-06-28,23:45,55.7,37.5,50.3,0.0,0,29.81,W,4.1,9.6,0.0,73.6,"Naches, Yakima County",310126,Naches,2020-12-14 04:26:00.341745
2020-06-28,24:00,54.4,38.5,54.8,0.0,0,29.81,NW,3.1,9.6,0.0,73.6,"Naches, Yakima County",310126,Naches,2020-12-14 04:26:00.341745
2020-06-28,00:15,54.8,38.3,53.6,0.0,0,29.81,NW,5.4,8.5,0.0,73.5,"Naches, Yakima County",310126,Naches,2020-12-14 04:26:00.341745
2020-06-28,00:30,52.8,40.1,61.9,0.0,0,29.81,N ,3.1,7.8,0.0,73.5,"Naches, Yakima County",310126,Naches,2020-12-14 04:26:00.341745
2020-06-28,00:45,52.4,40.1,62.8,0.0,0,29.8,N,5.1,9.6,0.0,73.5,"Naches, Yakima County",310126,Naches,2020-12-14 04:26:00.341745
2020-06-28,01:00,55.0,39.3,55.3,0.0,0,29.79,NW,6.8,12.1,0.0,73.4,"Naches, Yakima County",310126,Naches,2020-12-14 04:26:00.341745
2020-06-28,01:15,54.4,39.2,56.4,0.0,0,29.79,NW,4.3,8.2,0.0,73.4,"Naches, Yakima County",310126,Naches,2020-12-14 04:26:00.341745
2020-06-28,01:30,53.5,38.9,57.6,0.0,0,29.78,NW,3.7,9.2,0.0,73.3,"Naches, Yakima County",310126,Naches,2020-12-14 04:26:00.341745
2020-06-28,01:45,54.4,38.5,54.8,0.0,0,29.78,W,4.8,8.5,0.0,73.3,"Naches, Yakima County",310126,Naches,2020-12-14 04:26:00.341745
2020-06-28,02:00,54.3,38.4,54.9,0.0,0,29.78,W,5.4,9.6,0.0,73.2,"Naches, Yakima County",310126,Naches,2020-12-14 04:26:00.341745
2020-06-28,02:15,54.5,38.0,53.5,0.0,0,29.78,NW,5.6,9.9,0.0,73.2,"Naches, Yakima County",310126,Naches,2020-12-14 04:26:00.341745
2020-06-28,02:30,54.7,37.6,52.5,0.0,0,29.77,W,6.0,11.7,0.0,73.1,"Naches, Yakima County",310126,Naches,2020-12-14 04:26:00.341745
2020-06-28,02:45,54.6,37.5,52.5,0.0,0,29.77,W,8.7,15.0,0.0,73.0,"Naches, Yakima County",310126,Naches,2020-12-14 04:26:00.341745
2020-06-28,03:00,54.3,37.4,52.7,0.0,0,29.76,W,8.7,15.0,0.0,72.9,"Naches, Yakima County",310126,Naches,2020-12-14 04:26:00.341745
2020-06-28,03:15,54.4,37.0,51.7,0.0,0,29.76,W,9.3,16.7,0.0,72.9,"Naches, Yakima County",310126,Naches,2020-12-14 04:26:00.341745
2020-06-28,03:30,54.3,36.8,51.4,0.0,0,29.76,NW,7.7,15.0,0.0,72.8,"Naches, Yakima County",310126,Naches,2020-12-14 04:26:00.341745
2020-06-28,03:45,54.2,36.7,51.4,0.0,0,29.76,W,8.1,16.4,0.0,72.7,"Naches, Yakima County",310126,Naches,2020-12-14 04:26:00.341745
2020-06-28,04:00,54.1,36.7,51.5,0.0,0,29.76,W,7.9,16.4,0.0,72.7,"Naches, Yakima County",310126,Naches,2020-12-14 04:26:00.341745
2020-06-28,04:15,54.5,36.6,50.6,0.0,1,29.77,NW,10.3,19.2,0.0,72.6,"Naches, Yakima County",310126,Naches,2020-12-14 04:26:00.341745
2020-06-28,04:30,54.6,36.6,50.6,0.0,2,29.77,NW,10.5,16.4,0.0,72.5,"Naches, Yakima County",310126,Naches,2020-12-14 04:26:00.341745
2020-06-28,04:45,54.6,36.8,50.9,0.0,5,29.77,W,9.9,15.7,0.0,72.4,"Naches, Yakima County",310126,Naches,2020-12-14 04:26:00.341745
2020-06-28,05:00,54.6,37.0,51.2,0.0,9,29.77,W,8.9,15.0,0.0,72.4,"Naches, Yakima County",310126,Naches,2020-12-14 04:26:00.341745
2020-06-28,05:15,54.7,37.1,51.2,0.0,11,29.77,NW,7.3,13.5,0.0,72.3,"Naches, Yakima County",310126,Naches,2020-12-14 04:26:00.341745
2020-06-28,05:30,54.7,37.7,52.5,0.0,16,29.77,NW,6.9,15.0,0.04,72.0,"Naches, Yakima County",310126,Naches,2020-12-14 04:26:00.341745
2020-06-28,05:45,54.6,38.3,53.9,0.0,21,29.77,NW,9.4,16.7,0.01,72.1,"Naches, Yakima County",310126,Naches,2020-12-14 04:26:00.341745
2020-06-28,06:00,54.8,38.2,53.4,0.0,43,29.77,NW,8.9,15.0,0.01,72.1,"Naches, Yakima County",310126,Naches,2020-12-14 04:26:00.341745
2020-06-28,06:15,55.0,38.3,53.2,0.0,74,29.77,NW,8.1,15.7,0.0,72.1,"Naches, Yakima County",310126,Naches,2020-12-14 04:26:00.341745
2020-06-28,06:30,55.7,38.3,51.9,0.0,120,29.77,NW,7.0,12.8,0.0,72.1,"Naches, Yakima County",310126,Naches,2020-12-14 04:26:00.341745
2020-06-28,06:45,56.2,38.5,51.4,0.0,115,29.77,W,8.9,20.7,0.0,72.0,"Naches, Yakima County",310126,Naches,2020-12-14 04:26:00.341745
2020-06-28,07:00,56.0,38.9,52.6,0.0,124,29.77,W,8.8,16.0,0.0,71.9,"Naches, Yakima County",310126,Naches,2020-12-14 04:26:00.341745
2020-06-28,07:15,56.3,39.0,52.2,0.0,165,29.77,W,9.3,17.5,0.0,71.9,"Naches, Yakima County",310126,Naches,2020-12-14 04:26:00.341745
2020-06-28,07:30,57.2,39.1,50.8,0.0,259,29.77,NW,8.5,20.0,0.0,71.8,"Naches, Yakima County",310126,Naches,2020-12-14 04:26:00.341745
2020-06-28,07:45,58.7,39.3,48.4,0.0,274,29.77,NW,7.8,17.5,0.0,71.7,"Naches, Yakima County",310126,Naches,2020-12-14 04:26:00.341745
2020-06-28,08:00,59.2,39.1,47.2,0.0,247,29.77,NW,6.4,11.4,0.0,71.7,"Naches, Yakima County",310126,Naches,2020-12-14 04:26:00.341745
2020-06-28,08:15,59.5,39.0,46.4,0.0,206,29.77,NW,5.6,12.8,0.0,71.6,"Naches, Yakima County",310126,Naches,2020-12-14 04:26:00.341745
2020-06-28,08:30,59.7,38.5,45.3,0.0,195,29.78,W,6.5,11.4,0.0,71.6,"Naches, Yakima County",310126,Naches,2020-12-14 04:26:00.341745
2020-06-28,08:45,60.9,39.6,45.3,0.0,266,29.78,S,2.5,5.3,0.0,71.5,"Naches, Yakima County",310126,Naches,2020-12-14 04:26:00.341745
2020-06-28,09:00,60.0,42.1,51.5,0.0,253,29.78,E,5.2,12.1,0.01,71.4,"Naches, Yakima County",310126,Naches,2020-12-14 04:26:00.341745
2020-06-28,09:15,61.0,40.4,46.6,0.0,330,29.78,SW,3.5,8.9,0.0,71.4,"Naches, Yakima County",310126,Naches,2020-12-14 04:26:00.341745
2020-06-28,09:30,62.6,42.3,47.3,0.0,625,29.78,SE,5.8,8.9,0.0,71.4,"Naches, Yakima County",310126,Naches,2020-12-14 04:26:00.341745
2020-06-28,09:45,62.7,41.3,45.3,0.0,488,29.77,S,4.9,13.2,0.0,71.3,"Naches, Yakima County",310126,Naches,2020-12-14 04:26:00.341745
2020-06-28,10:00,65.2,39.5,38.7,0.0,724,29.77,N ,4.4,13.5,0.0,71.2,"Naches, Yakima County",310126,Naches,2020-12-14 04:26:00.341745
2020-06-28,10:15,64.1,41.1,42.9,0.0,372,29.76,NW,7.3,13.2,0.03,71.2,"Naches, Yakima County",310126,Naches,2020-12-14 04:26:00.341745
2020-06-28,10:30,64.2,42.2,44.7,0.0,811,29.77,W,9.2,16.7,0.04,71.1,"Naches, Yakima County",310126,Naches,2020-12-14 04:26:00.341745
2020-06-28,10:45,66.8,40.7,38.4,0.0,1107,29.76,W,11.2,20.0,0.0,71.0,"Naches, Yakima County",310126,Naches,2020-12-14 04:26:00.341745
2020-06-28,11:00,66.9,41.2,39.0,0.0,978,29.76,W,10.7,19.2,0.0,71.0,"Naches, Yakima County",310126,Naches,2020-12-14 04:26:00.341745
2020-06-28,11:15,68.2,40.9,36.9,0.0,1007,29.76,W,10.5,19.2,0.0,71.0,"Naches, Yakima County",310126,Naches,2020-12-14 04:26:00.341745
2020-06-28,11:30,68.4,41.2,37.0,0.0,937,29.75,W,10.0,17.8,0.0,70.9,"Naches, Yakima County",310126,Naches,2020-12-14 04:26:00.341745
2020-06-28,11:45,67.6,40.5,37.2,0.0,939,29.75,W,12.2,17.8,0.0,70.9,"Naches, Yakima County",310126,Naches,2020-12-14 04:26:00.341745
2020-06-28,12:00,68.9,40.5,35.5,0.0,999,29.75,W,12.1,18.2,0.0,70.9,"Naches, Yakima County",310126,Naches,2020-12-14 04:26:00.341745
2020-06-28,12:15,69.3,40.2,34.5,0.0,1078,29.74,W,12.3,19.6,0.0,70.8,"Naches, Yakima County",310126,Naches,2020-12-14 04:26:00.341745
2020-06-28,12:30,69.9,40.8,34.7,0.0,683,29.74,W,11.3,20.7,0.0,70.9,"Naches, Yakima County",310126,Naches,2020-12-14 04:26:00.341745
2020-06-28,12:45,68.1,39.7,35.4,0.0,288,29.74,W,11.6,19.2,0.0,70.8,"Naches, Yakima County",310126,Naches,2020-12-14 04:26:00.341745
2020-06-28,13:00,67.8,39.8,35.8,0.0,350,29.74,NW,10.8,20.3,0.0,70.8,"Naches, Yakima County",310126,Naches,2020-12-14 04:26:00.341745
2020-06-28,13:15,69.2,38.9,33.0,0.0,866,29.74,NW,12.7,18.2,0.0,70.8,"Naches, Yakima County",310126,Naches,2020-12-14 04:26:00.341745
2020-06-28,13:30,70.6,39.2,31.8,0.0,643,29.73,NW,11.2,17.8,0.0,70.9,"Naches, Yakima County",310126,Naches,2020-12-14 04:26:00.341745
2020-06-28,13:45,68.9,39.3,33.8,0.0,401,29.74,W,10.8,16.4,0.0,70.9,"Naches, Yakima County",310126,Naches,2020-12-14 04:26:00.341745
2020-06-28,14:00,69.2,39.7,34.1,0.0,694,29.74,W,11.2,21.4,0.0,70.9,"Naches, Yakima County",310126,Naches,2020-12-14 04:26:00.341745
2020-06-28,14:15,69.7,40.0,33.8,0.0,921,29.74,W,13.2,23.9,0.0,70.9,"Naches, Yakima County",310126,Naches,2020-12-14 04:26:00.341745
2020-06-28,14:30,69.6,39.6,33.4,0.0,836,29.75,NW,12.5,22.1,0.0,71.0,"Naches, Yakima County",310126,Naches,2020-12-14 04:26:00.341745
2020-06-28,14:45,68.7,39.5,34.3,0.0,830,29.75,W,15.2,24.6,0.0,71.0,"Naches, Yakima County",310126,Naches,2020-12-14 04:26:00.341745
2020-06-28,15:00,68.7,40.0,35.1,0.0,817,29.75,W,14.9,27.5,0.0,71.0,"Naches, Yakima County",310126,Naches,2020-12-14 04:26:00.341745
2020-06-28,15:15,68.3,40.5,36.2,0.0,760,29.76,W,15.7,25.0,0.0,71.1,"Naches, Yakima County",310126,Naches,2020-12-14 04:26:00.341745
2020-06-28,15:30,68.7,40.8,36.2,0.0,759,29.77,W,13.6,22.8,0.0,71.1,"Naches, Yakima County",310126,Naches,2020-12-14 04:26:00.341745
2020-06-28,15:45,69.0,41.1,36.1,0.0,840,29.77,W,13.5,22.5,0.0,71.2,"Naches, Yakima County",310126,Naches,2020-12-14 04:26:00.341745
2020-06-28,16:00,68.6,41.2,36.8,0.0,614,29.77,W,11.1,17.5,0.0,71.2,"Naches, Yakima County",310126,Naches,2020-12-14 04:26:00.341745
2020-06-28,16:15,68.3,41.6,37.8,0.0,650,29.77,W,11.8,20.3,0.0,71.3,"Naches, Yakima County",310126,Naches,2020-12-14 04:26:00.341745
2020-06-28,16:30,68.3,41.9,38.2,0.0,650,29.77,W,11.2,18.9,0.0,71.3,"Naches, Yakima County",310126,Naches,2020-12-14 04:26:00.341745
2020-06-28,16:45,68.4,42.0,38.2,0.0,692,29.78,W,11.4,18.5,0.0,71.4,"Naches, Yakima County",310126,Naches,2020-12-14 04:26:00.341745
2020-06-28,17:00,67.4,41.8,39.3,0.0,442,29.78,W,10.5,17.5,0.0,71.4,"Naches, Yakima County",310126,Naches,2020-12-14 04:26:00.341745
2020-06-28,17:15,66.0,41.9,41.3,0.0,152,29.79,NW,9.6,17.1,0.0,71.5,"Naches, Yakima County",310126,Naches,2020-12-14 04:26:00.341745
2020-06-28,17:30,65.3,42.0,42.4,0.0,82,29.8,NW,8.3,14.2,0.0,71.6,"Naches, Yakima County",310126,Naches,2020-12-14 04:26:00.341745
2020-06-28,17:45,64.6,42.3,44.2,0.0,67,29.81,NW,6.1,14.6,0.0,71.7,"Naches, Yakima County",310126,Naches,2020-12-14 04:26:00.341745
2020-06-28,18:00,64.3,42.7,45.2,0.0,109,29.81,W,9.2,16.0,0.0,71.7,"Naches, Yakima County",310126,Naches,2020-12-14 04:26:00.341745
2020-06-28,18:15,64.9,43.0,44.9,0.0,149,29.81,W,8.7,13.9,0.0,71.7,"Naches, Yakima County",310126,Naches,2020-12-14 04:26:00.341745
2020-06-28,18:30,65.7,42.9,43.6,0.0,222,29.81,NW,9.2,15.3,0.0,71.8,"Naches, Yakima County",310126,Naches,2020-12-14 04:26:00.341745
2020-06-28,18:45,64.7,43.4,45.9,0.0,135,29.82,W,8.4,14.2,0.0,71.9,"Naches, Yakima County",310126,Naches,2020-12-14 04:26:00.341745
2020-06-28,19:00,64.7,43.7,46.5,0.0,156,29.82,W,6.8,13.2,0.0,71.9,"Naches, Yakima County",310126,Naches,2020-12-14 04:26:00.341745
2020-06-28,19:15,64.3,43.7,47.0,0.0,112,29.82,W,4.9,9.6,0.0,71.9,"Naches, Yakima County",310126,Naches,2020-12-14 04:26:00.341745
2020-06-28,19:30,63.9,43.2,46.7,0.0,43,29.81,W,4.6,10.3,0.0,71.9,"Naches, Yakima County",310126,Naches,2020-12-14 04:26:00.341745
2020-06-28,19:45,62.8,43.4,49.0,0.0,13,29.82,W,5.6,9.9,0.0,71.9,"Naches, Yakima County",310126,Naches,2020-12-14 04:26:00.341745
2020-06-28,20:00,62.4,43.4,49.7,0.0,10,29.83,NW,5.0,10.3,0.0,72.0,"Naches, Yakima County",310126,Naches,2020-12-14 04:26:00.341745
2020-06-28,20:15,62.5,43.3,49.5,0.0,3,29.83,NW,7.9,13.2,0.0,72.1,"Naches, Yakima County",310126,Naches,2020-12-14 04:26:00.341745
2020-06-28,20:30,62.2,43.3,49.9,0.0,0,29.84,NW,8.3,16.7,0.0,72.1,"Naches, Yakima County",310126,Naches,2020-12-14 04:26:00.341745
2020-06-28,20:45,62.1,43.4,50.2,0.0,0,29.84,NW,8.0,14.2,0.0,72.1,"Naches, Yakima County",310126,Naches,2020-12-14 04:26:00.341745
2020-06-28,21:00,62.2,43.4,50.2,0.0,0,29.84,NW,8.0,15.0,0.0,72.1,"Naches, Yakima County",310126,Naches,2020-12-14 04:26:00.341745
2020-06-28,21:15,61.9,43.6,51.0,0.0,0,29.84,W,7.6,14.2,0.0,72.1,"Naches, Yakima County",310126,Naches,2020-12-14 04:26:00.341745
2020-06-28,21:30,61.8,43.6,51.1,0.0,0,29.84,NW,5.9,13.5,0.0,72.2,"Naches, Yakima County",310126,Naches,2020-12-14 04:26:00.341745
2020-06-28,21:45,61.9,43.7,51.1,0.0,0,29.84,NW,7.0,12.1,0.0,72.2,"Naches, Yakima County",310126,Naches,2020-12-14 04:26:00.341745
2020-06-28,22:00,62.1,43.7,50.8,0.0,0,29.85,NW,7.4,11.7,0.0,72.2,"Naches, Yakima County",310126,Naches,2020-12-14 04:26:00.341745
2020-06-28,22:15,61.8,43.9,51.8,0.0,0,29.85,NW,6.3,15.3,0.0,72.2,"Naches, Yakima County",310126,Naches,2020-12-14 04:26:00.341745
2020-06-28,22:30,61.4,43.9,52.3,0.0,0,29.85,NW,5.1,10.7,0.0,72.2,"Naches, Yakima County",310126,Naches,2020-12-14 04:26:00.341745
2020-06-28,22:45,61.1,44.0,53.2,0.0,0,29.85,N,5.0,12.8,0.0,72.2,"Naches, Yakima County",310126,Naches,2020-12-14 04:26:00.341745
2020-06-28,23:00,59.5,44.5,57.5,0.0,0,29.86,NE,2.5,5.3,0.0,72.2,"Naches, Yakima County",310126,Naches,2020-12-14 04:26:00.341745
2020-06-29,23:15,59.2,44.6,58.2,0.0,0,29.86,NE,2.7,6.4,0.0,72.1,"Naches, Yakima County",310126,Naches,2020-12-14 04:26:00.341745
2020-06-29,23:30,61.1,44.3,53.8,0.0,0,29.86,W,5.8,13.9,0.0,72.1,"Naches, Yakima County",310126,Naches,2020-12-14 04:26:00.341745
2020-06-29,23:45,61.3,44.3,53.3,0.0,0,29.86,NW,3.7,11.7,0.0,72.1,"Naches, Yakima County",310126,Naches,2020-12-14 04:26:00.341745
2020-06-29,24:00,61.5,44.4,53.3,0.0,0,29.86,N,5.2,12.4,0.0,72.1,"Naches, Yakima County",310126,Naches,2020-12-14 04:26:00.341745
2020-06-29,00:15,59.5,44.6,57.7,0.0,0,29.86,NE,2.8,7.4,0.0,72.1,"Naches, Yakima County",310126,Naches,2020-12-14 04:26:00.341745
2020-06-29,00:30,61.1,44.2,53.6,0.0,0,29.86,N,4.6,9.9,0.0,72.0,"Naches, Yakima County",310126,Naches,2020-12-14 04:26:00.341745
2020-06-29,00:45,61.2,44.4,53.8,0.0,0,29.86,NW,5.5,11.4,0.0,72.0,"Naches, Yakima County",310126,Naches,2020-12-14 04:26:00.341745
2020-06-29,01:00,60.8,43.9,53.5,0.0,0,29.86,N,4.2,9.2,0.0,72.0,"Naches, Yakima County",310126,Naches,2020-12-14 04:26:00.341745
2020-06-29,01:15,61.2,44.0,53.0,0.0,0,29.86,N,5.1,11.4,0.0,71.9,"Naches, Yakima County",310126,Naches,2020-12-14 04:26:00.341745
2020-06-29,01:30,61.8,44.0,51.9,0.0,0,29.86,NW,7.6,14.6,0.0,71.9,"Naches, Yakima County",310126,Naches,2020-12-14 04:26:00.341745
2020-06-29,01:45,62.1,44.0,51.5,0.0,0,29.86,NW,7.4,13.2,0.0,71.8,"Naches, Yakima County",310126,Naches,2020-12-14 04:26:00.341745
2020-06-29,02:00,62.0,44.0,51.7,0.0,0,29.86,NW,6.7,13.5,0.0,71.8,"Naches, Yakima County",310126,Naches,2020-12-14 04:26:00.341745
2020-06-29,02:15,61.6,44.1,52.5,0.0,0,29.86,NW,6.4,13.5,0.0,71.7,"Naches, Yakima County",310126,Naches,2020-12-14 04:26:00.341745
2020-06-29,02:30,61.5,44.2,52.9,0.0,0,29.86,NW,6.4,16.0,0.0,71.7,"Naches, Yakima County",310126,Naches,2020-12-14 04:26:00.341745
2020-06-29,02:45,60.9,44.3,54.2,0.0,0,29.86,N ,4.5,8.9,0.0,71.6,"Naches, Yakima County",310126,Naches,2020-12-14 04:26:00.341745
2020-06-29,03:00,60.7,44.3,54.7,0.0,0,29.86,N ,5.5,11.0,0.0,71.6,"Naches, Yakima County",310126,Naches,2020-12-14 04:26:00.341745
2020-06-29,03:15,61.3,44.2,53.2,0.0,0,29.86,N,6.6,13.9,0.0,71.5,"Naches, Yakima County",310126,Naches,2020-12-14 04:26:00.341745
2020-06-29,03:30,61.2,44.1,53.4,0.0,0,29.86,N,5.4,12.1,0.0,71.5,"Naches, Yakima County",310126,Naches,2020-12-14 04:26:00.341745
2020-06-29,03:45,61.5,44.0,52.5,0.0,0,29.86,N,6.6,13.2,0.0,71.4,"Naches, Yakima County",310126,Naches,2020-12-14 04:26:00.341745
2020-06-29,04:00,61.4,43.9,52.5,0.0,0,29.86,N,7.5,15.7,0.0,71.4,"Naches, Yakima County",310126,Naches,2020-12-14 04:26:00.341745
2020-06-29,04:15,61.5,43.8,52.0,0.0,3,29.87,NW,7.2,13.9,0.0,71.3,"Naches, Yakima County",310126,Naches,2020-12-14 04:26:00.341745
2020-06-29,04:30,62.0,43.7,51.0,0.0,8,29.87,NW,8.5,15.3,0.0,71.2,"Naches, Yakima County",310126,Naches,2020-12-14 04:26:00.341745
2020-06-29,04:45,61.8,43.7,51.3,0.0,13,29.87,N,8.3,13.5,0.0,71.2,"Naches, Yakima County",310126,Naches,2020-12-14 04:26:00.341745
2020-06-29,05:00,62.0,43.7,51.0,0.0,17,29.87,NW,8.1,14.6,0.0,71.1,"Naches, Yakima County",310126,Naches,2020-12-14 04:26:00.341745
2020-06-29,05:15,61.5,43.9,52.3,0.0,20,29.87,N,7.3,16.4,0.0,71.1,"Naches, Yakima County",310126,Naches,2020-12-14 04:26:00.341745
2020-06-29,05:30,62.0,44.0,51.6,0.0,22,29.88,N,7.7,12.8,0.0,71.0,"Naches, Yakima County",310126,Naches,2020-12-14 04:26:00.341745
2020-06-29,05:45,63.3,44.1,49.5,0.0,108,29.88,NW,8.4,19.2,0.0,71.0,"Naches, Yakima County",310126,Naches,2020-12-14 04:26:00.341745
2020-06-29,06:00,64.4,44.3,48.1,0.0,191,29.88,NW,9.0,16.7,0.0,71.0,"Naches, Yakima County",310126,Naches,2020-12-14 04:26:00.341745
2020-06-29,06:15,65.2,44.2,46.5,0.0,229,29.89,NW,8.6,15.3,0.0,71.1,"Naches, Yakima County",310126,Naches,2020-12-14 04:26:00.341745
2020-06-29,06:30,65.9,44.3,45.6,0.0,269,29.89,NW,8.6,15.7,0.0,71.0,"Naches, Yakima County",310126,Naches,2020-12-14 04:26:00.341745
2020-06-29,06:45,66.9,44.2,43.8,0.0,311,29.88,NW,8.9,21.0,0.0,71.0,"Naches, Yakima County",310126,Naches,2020-12-14 04:26:00.341745
2020-06-29,07:00,67.4,44.2,43.1,0.0,352,29.88,NW,9.7,20.7,0.0,70.9,"Naches, Yakima County",310126,Naches,2020-12-14 04:26:00.341745
2020-06-29,07:15,68.0,44.3,42.3,0.0,394,29.88,NW,11.5,17.8,0.0,70.9,"Naches, Yakima County",310126,Naches,2020-12-14 04:26:00.341745
2020-06-29,07:30,68.7,44.4,41.4,0.0,436,29.88,NW,11.3,18.2,0.0,70.7,"Naches, Yakima County",310126,Naches,2020-12-14 04:26:00.341745
2020-06-29,07:45,69.6,44.4,40.2,0.0,477,29.88,NW,11.6,18.9,0.0,70.7,"Naches, Yakima County",310126,Naches,2020-12-14 04:26:00.341745
2020-06-29,08:00,70.0,44.5,39.8,0.0,517,29.88,NW,13.0,20.7,0.0,70.6,"Naches, Yakima County",310126,Naches,2020-12-14 04:26:00.341745
2020-06-29,08:15,70.8,44.4,38.6,0.0,556,29.88,NW,13.1,20.7,0.0,70.6,"Naches, Yakima County",310126,Naches,2020-12-14 04:26:00.341745
2020-06-29,08:30,71.3,44.6,38.2,0.0,594,29.88,NW,13.1,21.0,0.0,70.5,"Naches, Yakima County",310126,Naches,2020-12-14 04:26:00.341745
2020-06-29,08:45,72.2,45.1,37.8,0.0,629,29.88,NW,11.0,17.5,0.0,70.5,"Naches, Yakima County",310126,Naches,2020-12-14 04:26:00.341745
2020-06-29,09:00,73.1,45.1,36.6,0.0,662,29.87,W,11.1,19.6,0.0,70.5,"Naches, Yakima County",310126,Naches,2020-12-14 04:26:00.341745
2020-06-29,09:15,73.5,45.1,36.1,0.0,661,29.87,W,11.0,19.6,0.0,70.4,"Naches, Yakima County",310126,Naches,2020-12-14 04:26:00.341745
2020-06-29,09:30,74.2,45.0,35.2,0.0,726,29.87,W,11.2,18.5,0.0,70.4,"Naches, Yakima County",310126,Naches,2020-12-14 04:26:00.341745
2020-06-29,09:45,74.7,45.3,35.0,0.0,629,29.86,W,9.6,17.5,0.0,70.4,"Naches, Yakima County",310126,Naches,2020-12-14 04:26:00.341745
2020-06-29,10:00,75.7,44.9,33.4,0.0,797,29.86,W,10.8,18.9,0.0,70.4,"Naches, Yakima County",310126,Naches,2020-12-14 04:26:00.341745
2020-06-29,10:15,76.9,44.8,31.9,0.0,850,29.86,W,9.7,16.7,0.0,70.4,"Naches, Yakima County",310126,Naches,2020-12-14 04:26:00.341745
2020-06-29,10:30,77.3,44.0,30.6,0.0,713,29.86,NW,10.1,18.5,0.0,70.4,"Naches, Yakima County",310126,Naches,2020-12-14 04:26:00.341745
2020-06-29,10:45,78.2,43.8,29.5,0.0,791,29.85,W,9.8,15.7,0.0,70.4,"Naches, Yakima County",310126,Naches,2020-12-14 04:26:00.341745
2020-06-29,11:00,78.6,41.9,27.1,0.0,659,29.85,W,10.7,16.4,0.0,70.4,"Naches, Yakima County",310126,Naches,2020-12-14 04:26:00.341745
2020-06-29,11:15,78.8,42.5,27.5,0.0,430,29.85,W,8.2,15.0,0.0,70.4,"Naches, Yakima County",310126,Naches,2020-12-14 04:26:00.341745
2020-06-29,11:30,79.3,42.6,27.1,0.0,610,29.84,W,8.3,14.6,0.0,70.4,"Naches, Yakima County",310126,Naches,2020-12-14 04:26:00.341745
2020-06-29,11:45,80.6,42.2,25.7,0.0,795,29.83,W,10.6,16.7,0.0,70.4,"Naches, Yakima County",310126,Naches,2020-12-14 04:26:00.341745
2020-06-29,12:00,80.4,41.2,24.8,0.0,561,29.83,NW,11.4,18.9,0.0,70.4,"Naches, Yakima County",310126,Naches,2020-12-14 04:26:00.341745
2020-06-29,12:15,79.5,41.2,25.5,0.0,355,29.84,W,10.4,16.0,0.0,70.4,"Naches, Yakima County",310126,Naches,2020-12-14 04:26:00.341745
2020-06-29,12:30,81.0,41.5,24.6,0.0,910,29.83,W,12.2,19.6,0.0,70.4,"Naches, Yakima County",310126,Naches,2020-12-14 04:26:00.341745
2020-06-29,12:45,81.2,41.5,24.4,0.0,857,29.84,W,11.6,18.9,0.0,70.5,"Naches, Yakima County",310126,Naches,2020-12-14 04:26:00.341745
2020-06-29,13:00,82.1,41.1,23.4,0.0,919,29.83,NW,11.5,21.8,0.0,70.5,"Naches, Yakima County",310126,Naches,2020-12-14 04:26:00.341745
2020-06-29,13:15,82.2,41.5,23.6,0.0,899,29.83,W,10.9,21.4,0.0,70.5,"Naches, Yakima County",310126,Naches,2020-12-14 04:26:00.341745
2020-06-29,13:30,82.0,42.2,24.5,0.0,883,29.83,W,10.9,19.6,0.0,70.6,"Naches, Yakima County",310126,Naches,2020-12-14 04:26:00.341745
2020-06-29,13:45,81.3,41.7,24.6,0.0,861,29.83,W,12.5,22.1,0.0,70.6,"Naches, Yakima County",310126,Naches,2020-12-14 04:26:00.341745
2020-06-29,14:00,81.0,41.4,24.5,0.0,845,29.83,W,13.4,22.8,0.0,70.7,"Naches, Yakima County",310126,Naches,2020-12-14 04:26:00.341745
2020-06-29,14:15,82.2,41.4,23.6,0.0,827,29.83,W,11.3,17.8,0.0,70.7,"Naches, Yakima County",310126,Naches,2020-12-14 04:26:00.341745
2020-06-29,14:30,81.1,42.7,25.7,0.0,793,29.83,W,12.6,22.1,0.0,70.8,"Naches, Yakima County",310126,Naches,2020-12-14 04:26:00.341745
2020-06-29,14:45,81.3,41.3,24.1,0.0,768,29.83,NW,13.1,24.6,0.0,70.8,"Naches, Yakima County",310126,Naches,2020-12-14 04:26:00.341745
2020-06-29,15:00,80.8,40.4,23.7,0.0,743,29.84,W,13.9,22.1,0.0,70.9,"Naches, Yakima County",310126,Naches,2020-12-14 04:26:00.341745
2020-06-29,15:15,80.7,39.1,22.6,0.0,716,29.83,NW,14.3,27.5,0.0,71.0,"Naches, Yakima County",310126,Naches,2020-12-14 04:26:00.341745
2020-06-29,15:30,80.6,38.7,22.4,0.0,613,29.83,NW,12.5,23.2,0.0,71.0,"Naches, Yakima County",310126,Naches,2020-12-14 04:26:00.341745
2020-06-29,15:45,81.0,38.5,21.8,0.0,649,29.83,NW,12.1,21.0,0.0,71.1,"Naches, Yakima County",310126,Naches,2020-12-14 04:26:00.341745
2020-06-29,16:00,81.2,38.6,21.8,0.0,614,29.83,NW,12.2,22.8,0.0,71.2,"Naches, Yakima County",310126,Naches,2020-12-14 04:26:00.341745
2020-06-29,16:15,80.9,38.1,21.6,0.0,579,29.83,NW,11.2,21.4,0.0,71.2,"Naches, Yakima County",310126,Naches,2020-12-14 04:26:00.341745
2020-06-29,16:30,80.8,38.1,21.6,0.0,558,29.82,NW,10.8,17.1,0.0,71.3,"Naches, Yakima County",310126,Naches,2020-12-14 04:26:00.341745
2020-06-29,16:45,80.3,38.3,22.2,0.0,519,29.82,NW,10.9,18.5,0.0,71.4,"Naches, Yakima County",310126,Naches,2020-12-14 04:26:00.341745
2020-06-29,17:00,79.7,38.4,22.8,0.0,458,29.82,NW,11.9,20.3,0.0,71.5,"Naches, Yakima County",310126,Naches,2020-12-14 04:26:00.341745
2020-06-29,17:15,78.9,37.3,22.4,0.0,411,29.82,NW,14.4,23.5,0.0,71.5,"Naches, Yakima County",310126,Naches,2020-12-14 04:26:00.341745
2020-06-29,17:30,78.5,37.4,22.7,0.0,371,29.82,NW,12.6,20.7,0.0,71.6,"Naches, Yakima County",310126,Naches,2020-12-14 04:26:00.341745
2020-06-29,17:45,78.1,37.3,22.9,0.0,337,29.81,NW,12.8,21.8,0.0,71.6,"Naches, Yakima County",310126,Naches,2020-12-14 04:26:00.341745
2020-06-29,18:00,77.3,37.6,23.8,0.0,258,29.81,NW,12.8,23.5,0.0,71.7,"Naches, Yakima County",310126,Naches,2020-12-14 04:26:00.341745
2020-06-29,18:15,77.0,37.2,23.7,0.0,241,29.81,NW,12.1,22.5,0.0,71.7,"Naches, Yakima County",310126,Naches,2020-12-14 04:26:00.341745
2020-06-29,18:30,76.5,37.7,24.6,0.0,216,29.81,NW,10.8,18.9,0.0,71.8,"Naches, Yakima County",310126,Naches,2020-12-14 04:26:00.341745
2020-06-29,18:45,75.8,38.1,25.5,0.0,167,29.81,NW,10.8,23.5,0.0,71.8,"Naches, Yakima County",310126,Naches,2020-12-14 04:26:00.341745
2020-06-29,19:00,75.0,39.2,27.4,0.0,128,29.81,W,7.3,13.9,0.0,71.9,"Naches, Yakima County",310126,Naches,2020-12-14 04:26:00.341745
2020-06-29,19:15,73.2,41.6,32.0,0.0,92,29.82,W,7.9,15.0,0.0,72.0,"Naches, Yakima County",310126,Naches,2020-12-14 04:26:00.341745
2020-06-29,19:30,72.0,42.4,34.4,0.0,56,29.82,NW,11.0,20.0,0.0,72.1,"Naches, Yakima County",310126,Naches,2020-12-14 04:26:00.341745
2020-06-29,19:45,71.0,43.0,36.3,0.0,21,29.82,NW,10.9,22.5,0.0,72.1,"Naches, Yakima County",310126,Naches,2020-12-14 04:26:00.341745
2020-06-29,20:00,70.3,43.3,37.5,0.0,7,29.82,NW,11.0,16.7,0.0,72.0,"Naches, Yakima County",310126,Naches,2020-12-14 04:26:00.341745
2020-06-29,20:15,69.6,43.7,39.1,0.0,3,29.82,NW,10.4,16.4,0.0,72.1,"Naches, Yakima County",310126,Naches,2020-12-14 04:26:00.341745
2020-06-29,20:30,68.9,44.4,41.1,0.0,0,29.83,NW,10.5,17.1,0.0,72.1,"Naches, Yakima County",310126,Naches,2020-12-14 04:26:00.341745
2020-06-29,20:45,68.2,44.7,42.6,0.0,0,29.83,NW,9.2,16.4,0.0,72.2,"Naches, Yakima County",310126,Naches,2020-12-14 04:26:00.341745
2020-06-29,21:00,67.5,44.8,44.0,0.0,0,29.84,N,8.1,13.5,0.0,72.2,"Naches, Yakima County",310126,Naches,2020-12-14 04:26:00.341745
2020-06-29,21:15,66.8,45.0,45.3,0.0,0,29.85,NW,4.4,12.1,0.0,72.2,"Naches, Yakima County",310126,Naches,2020-12-14 04:26:00.341745
2020-06-29,21:30,66.5,45.0,45.7,0.0,0,29.85,NW,4.4,8.9,0.0,72.3,"Naches, Yakima County",310126,Naches,2020-12-14 04:26:00.341745
2020-06-29,21:45,66.8,45.2,45.8,0.0,0,29.85,NW,6.9,11.0,0.0,72.3,"Naches, Yakima County",310126,Naches,2020-12-14 04:26:00.341745
2020-06-29,22:00,66.9,45.4,45.9,0.0,0,29.86,NW,8.2,15.0,0.0,72.3,"Naches, Yakima County",310126,Naches,2020-12-14 04:26:00.341745
2020-06-29,22:15,66.0,46.1,48.7,0.0,0,29.85,NW,8.2,13.5,0.0,72.3,"Naches, Yakima County",310126,Naches,2020-12-14 04:26:00.341745
2020-06-29,22:30,65.4,46.8,50.8,0.0,0,29.85,W,6.8,13.9,0.0,72.3,"Naches, Yakima County",310126,Naches,2020-12-14 04:26:00.341745
2020-06-29,22:45,64.4,47.0,53.2,0.0,0,29.86,NW,2.7,7.8,0.0,72.3,"Naches, Yakima County",310126,Naches,2020-12-14 04:26:00.341745
2020-06-29,23:00,62.8,47.8,57.8,0.0,0,29.86,SE,1.8,6.7,0.0,72.3,"Naches, Yakima County",310126,Naches,2020-12-14 04:26:00.341745
2020-06-30,23:15,60.8,48.6,64.0,0.0,0,29.86,SE,3.6,8.2,0.0,72.3,"Naches, Yakima County",310126,Naches,2020-12-14 04:26:00.341745
2020-06-30,23:30,63.8,47.3,55.1,0.0,0,29.86,SW,4.2,9.2,0.0,72.3,"Naches, Yakima County",310126,Naches,2020-12-14 04:26:00.341745
2020-06-30,23:45,62.5,47.8,58.5,0.0,0,29.86,W,4.1,7.4,0.0,72.3,"Naches, Yakima County",310126,Naches,2020-12-14 04:26:00.341745
2020-06-30,24:00,63.2,47.1,55.6,0.0,0,29.86,NW,6.5,12.8,0.0,72.3,"Naches, Yakima County",310126,Naches,2020-12-14 04:26:00.341745
2020-06-30,00:15,64.5,46.2,51.4,0.0,0,29.85,NW,9.7,16.4,0.0,72.3,"Naches, Yakima County",310126,Naches,2020-12-14 04:26:00.341745
2020-06-30,00:30,64.5,46.5,52.0,0.0,0,29.86,NW,8.2,13.9,0.0,72.2,"Naches, Yakima County",310126,Naches,2020-12-14 04:26:00.341745
2020-06-30,00:45,63.9,46.7,53.5,0.0,0,29.86,NW,6.8,12.1,0.0,72.2,"Naches, Yakima County",310126,Naches,2020-12-14 04:26:00.341745
2020-06-30,01:00,63.4,46.8,54.5,0.0,0,29.86,W,6.4,12.1,0.0,72.2,"Naches, Yakima County",310126,Naches,2020-12-14 04:26:00.341745
2020-06-30,01:15,63.0,46.9,55.5,0.0,0,29.86,W,6.8,13.5,0.0,72.1,"Naches, Yakima County",310126,Naches,2020-12-14 04:26:00.341745
2020-06-30,01:30,62.6,46.9,56.4,0.0,0,29.86,W,6.1,9.9,0.0,72.1,"Naches, Yakima County",310126,Naches,2020-12-14 04:26:00.341745
2020-06-30,01:45,62.1,46.9,57.3,0.0,0,29.87,W,5.2,11.4,0.0,72.1,"Naches, Yakima County",310126,Naches,2020-12-14 04:26:00.341745
2020-06-30,02:00,61.9,46.9,57.7,0.0,0,29.87,NW,5.1,9.6,0.0,72.0,"Naches, Yakima County",310126,Naches,2020-12-14 04:26:00.341745
2020-06-30,02:15,61.7,47.0,58.4,0.0,0,29.87,W,5.2,9.9,0.0,72.0,"Naches, Yakima County",310126,Naches,2020-12-14 04:26:00.341745
2020-06-30,02:30,61.4,46.9,58.8,0.0,0,29.87,NW,4.9,8.2,0.0,72.0,"Naches, Yakima County",310126,Naches,2020-12-14 04:26:00.341745
2020-06-30,02:45,59.8,47.1,62.7,0.0,0,29.87,N,2.0,9.2,0.0,71.9,"Naches, Yakima County",310126,Naches,2020-12-14 04:26:00.341745
2020-06-30,03:00,58.0,47.2,67.3,0.0,0,29.87,NW,2.0,6.0,0.0,71.9,"Naches, Yakima County",310126,Naches,2020-12-14 04:26:00.341745
2020-06-30,03:15,57.8,47.3,68.0,0.0,0,29.87,NW,1.8,4.2,0.0,71.9,"Naches, Yakima County",310126,Naches,2020-12-14 04:26:00.341745
2020-06-30,03:30,54.3,47.6,78.0,0.0,0,29.87,E,1.2,3.5,0.0,71.8,"Naches, Yakima County",310126,Naches,2020-12-14 04:26:00.341745
2020-06-30,03:45,54.0,47.6,78.8,0.0,0,29.88,NW,1.2,6.4,0.0,71.8,"Naches, Yakima County",310126,Naches,2020-12-14 04:26:00.341745
2020-06-30,04:00,55.5,47.1,73.2,0.0,0,29.88,N,2.9,12.1,0.0,71.8,"Naches, Yakima County",310126,Naches,2020-12-14 04:26:00.341745
2020-06-30,04:15,60.2,45.5,58.4,0.0,3,29.87,W,8.3,15.3,0.0,71.7,"Naches, Yakima County",310126,Naches,2020-12-14 04:26:00.341745
2020-06-30,04:30,60.0,45.2,57.9,0.0,8,29.88,W,4.9,12.4,0.0,71.6,"Naches, Yakima County",310126,Naches,2020-12-14 04:26:00.341745
2020-06-30,04:45,59.9,44.9,57.6,0.0,14,29.88,W,5.7,10.7,0.0,71.6,"Naches, Yakima County",310126,Naches,2020-12-14 04:26:00.341745
2020-06-30,05:00,60.5,44.3,55.2,0.0,19,29.88,W,7.5,13.5,0.0,71.5,"Naches, Yakima County",310126,Naches,2020-12-14 04:26:00.341745
2020-06-30,05:15,60.6,44.2,54.7,0.0,22,29.89,NW,5.8,11.0,0.0,71.5,"Naches, Yakima County",310126,Naches,2020-12-14 04:26:00.341745
2020-06-30,05:30,60.6,44.3,54.8,0.0,26,29.89,W,5.2,10.7,0.0,71.4,"Naches, Yakima County",310126,Naches,2020-12-14 04:26:00.341745
2020-06-30,05:45,61.5,44.4,53.5,0.0,102,29.89,W,6.8,12.8,0.0,71.4,"Naches, Yakima County",310126,Naches,2020-12-14 04:26:00.341745
2020-06-30,06:00,62.3,44.7,52.4,0.0,185,29.89,W,6.3,12.1,0.0,71.4,"Naches, Yakima County",310126,Naches,2020-12-14 04:26:00.341745
2020-06-30,06:15,63.0,44.7,51.2,0.0,227,29.89,W,6.5,11.4,0.0,71.4,"Naches, Yakima County",310126,Naches,2020-12-14 04:26:00.341745
2020-06-30,06:30,63.9,44.8,49.7,0.0,268,29.89,W,6.4,10.3,0.0,71.3,"Naches, Yakima County",310126,Naches,2020-12-14 04:26:00.341745
2020-06-30,06:45,65.0,44.9,48.1,0.0,309,29.88,NW,5.3,13.5,0.0,71.3,"Naches, Yakima County",310126,Naches,2020-12-14 04:26:00.341745
2020-06-30,07:00,65.4,44.8,47.1,0.0,352,29.88,NW,8.0,12.8,0.0,71.3,"Naches, Yakima County",310126,Naches,2020-12-14 04:26:00.341745
2020-06-30,07:15,65.6,45.3,47.8,0.0,394,29.88,W,6.8,11.4,0.0,71.2,"Naches, Yakima County",310126,Naches,2020-12-14 04:26:00.341745
2020-06-30,07:30,66.4,45.2,46.3,0.0,435,29.88,W,6.1,10.3,0.0,71.1,"Naches, Yakima County",310126,Naches,2020-12-14 04:26:00.341745
2020-06-30,07:45,67.1,45.4,45.4,0.0,478,29.88,W,6.1,12.1,0.0,71.0,"Naches, Yakima County",310126,Naches,2020-12-14 04:26:00.341745
2020-06-30,08:00,67.9,45.1,43.8,0.0,519,29.88,W,6.2,11.0,0.0,70.9,"Naches, Yakima County",310126,Naches,2020-12-14 04:26:00.341745
2020-06-30,08:15,68.0,44.5,42.7,0.0,559,29.88,W,5.8,9.2,0.0,70.9,"Naches, Yakima County",310126,Naches,2020-12-14 04:26:00.341745
2020-06-30,08:30,68.4,44.0,41.2,0.0,597,29.88,W,4.5,8.2,0.0,70.9,"Naches, Yakima County",310126,Naches,2020-12-14 04:26:00.341745
2020-06-30,08:45,68.6,41.7,37.5,0.0,634,29.87,W,7.7,15.7,0.0,70.8,"Naches, Yakima County",310126,Naches,2020-12-14 04:26:00.341745
2020-06-30,09:00,68.4,39.2,34.3,0.0,670,29.87,W,8.3,16.7,0.0,70.8,"Naches, Yakima County",310126,Naches,2020-12-14 04:26:00.341745
2020-06-30,09:15,69.1,39.0,33.2,0.0,704,29.87,SW,7.7,15.7,0.0,70.7,"Naches, Yakima County",310126,Naches,2020-12-14 04:26:00.341745
2020-06-30,09:30,69.2,38.6,32.6,0.0,736,29.87,W,9.3,15.7,0.0,70.7,"Naches, Yakima County",310126,Naches,2020-12-14 04:26:00.341745
2020-06-30,09:45,70.3,39.4,32.4,0.0,766,29.86,W,8.3,13.9,0.0,70.7,"Naches, Yakima County",310126,Naches,2020-12-14 04:26:00.341745
2020-06-30,10:00,70.4,38.9,31.7,0.0,793,29.86,W,9.8,18.5,0.0,70.6,"Naches, Yakima County",310126,Naches,2020-12-14 04:26:00.341745
2020-06-30,10:15,70.6,39.1,31.7,0.0,821,29.86,W,8.8,15.3,0.0,70.6,"Naches, Yakima County",310126,Naches,2020-12-14 04:26:00.341745
2020-06-30,10:30,71.3,39.7,31.7,0.0,852,29.86,W,8.0,13.2,0.0,70.6,"Naches, Yakima County",310126,Naches,2020-12-14 04:26:00.341745
2020-06-30,10:45,71.4,39.4,31.2,0.0,825,29.86,W,8.1,13.2,0.0,70.6,"Naches, Yakima County",310126,Naches,2020-12-14 04:26:00.341745
2020-06-30,11:00,71.8,40.0,31.5,0.0,811,29.86,W,7.9,13.2,0.0,70.6,"Naches, Yakima County",310126,Naches,2020-12-14 04:26:00.341745
2020-06-30,11:15,72.3,39.8,30.8,0.0,846,29.85,SW,8.3,15.0,0.0,70.6,"Naches, Yakima County",310126,Naches,2020-12-14 04:26:00.341745
2020-06-30,11:30,72.4,40.0,30.9,0.0,900,29.85,SW,8.2,15.0,0.0,70.6,"Naches, Yakima County",310126,Naches,2020-12-14 04:26:00.341745
2020-06-30,11:45,73.3,40.5,30.5,0.0,996,29.85,W,8.4,17.1,0.0,70.6,"Naches, Yakima County",310126,Naches,2020-12-14 04:26:00.341745
2020-06-30,12:00,72.3,40.2,31.2,0.0,800,29.86,SW,8.3,16.0,0.0,70.7,"Naches, Yakima County",310126,Naches,2020-12-14 04:26:00.341745
2020-06-30,12:15,71.8,40.0,31.5,0.0,791,29.85,W,8.6,14.6,0.0,70.7,"Naches, Yakima County",310126,Naches,2020-12-14 04:26:00.341745
2020-06-30,12:30,73.0,40.3,30.6,0.0,906,29.85,W,8.8,15.0,0.0,70.7,"Naches, Yakima County",310126,Naches,2020-12-14 04:26:00.341745
2020-06-30,12:45,73.0,40.5,30.8,0.0,925,29.86,SW,8.8,16.7,0.0,70.7,"Naches, Yakima County",310126,Naches,2020-12-14 04:26:00.341745
2020-06-30,13:00,72.2,40.2,31.4,0.0,682,29.86,W,8.2,16.7,0.0,70.8,"Naches, Yakima County",310126,Naches,2020-12-14 04:26:00.341745
2020-06-30,13:15,72.2,40.8,32.1,0.0,728,29.86,W,8.0,13.9,0.0,70.8,"Naches, Yakima County",310126,Naches,2020-12-14 04:26:00.341745
2020-06-30,13:30,72.3,40.5,31.5,0.0,825,29.86,W,9.5,16.0,0.0,70.9,"Naches, Yakima County",310126,Naches,2020-12-14 04:26:00.341745
2020-06-30,13:45,72.3,40.5,31.6,0.0,945,29.86,W,9.5,16.0,0.0,70.9,"Naches, Yakima County",310126,Naches,2020-12-14 04:26:00.341745
2020-06-30,14:00,71.6,40.8,32.8,0.0,847,29.86,W,10.2,18.9,0.0,71.0,"Naches, Yakima County",310126,Naches,2020-12-14 04:26:00.341745
2020-06-30,14:15,71.0,40.8,33.3,0.0,855,29.85,W,10.9,20.0,0.0,71.0,"Naches, Yakima County",310126,Naches,2020-12-14 04:26:00.341745
2020-06-30,14:30,70.8,40.8,33.7,0.0,815,29.85,SW,10.5,22.5,0.0,71.1,"Naches, Yakima County",310126,Naches,2020-12-14 04:26:00.341745
2020-06-30,14:45,71.2,40.7,33.1,0.0,787,29.85,SW,9.3,16.7,0.0,71.2,"Naches, Yakima County",310126,Naches,2020-12-14 04:26:00.341745
2020-06-30,15:00,72.1,41.2,32.6,0.0,758,29.85,W,8.8,16.0,0.0,71.3,"Naches, Yakima County",310126,Naches,2020-12-14 04:26:00.341745
2020-06-30,15:15,70.9,40.7,33.3,0.0,725,29.85,W,11.5,20.7,0.0,71.3,"Naches, Yakima County",310126,Naches,2020-12-14 04:26:00.341745
2020-06-30,15:30,71.0,40.6,33.1,0.0,690,29.85,W,9.9,17.1,0.0,71.4,"Naches, Yakima County",310126,Naches,2020-12-14 04:26:00.341745
2020-06-30,15:45,71.5,40.3,32.2,0.0,654,29.85,W,9.5,17.8,0.0,71.5,"Naches, Yakima County",310126,Naches,2020-12-14 04:26:00.341745
2020-06-30,16:00,70.9,40.2,32.7,0.0,617,29.84,W,9.8,17.1,0.0,71.5,"Naches, Yakima County",310126,Naches,2020-12-14 04:26:00.341745
2020-06-30,16:15,70.4,40.2,33.3,0.0,577,29.85,W,9.4,17.5,0.0,71.6,"Naches, Yakima County",310126,Naches,2020-12-14 04:26:00.341745
2020-06-30,16:30,70.0,40.4,34.0,0.0,539,29.85,W,9.6,17.1,0.0,71.7,"Naches, Yakima County",310126,Naches,2020-12-14 04:26:00.341745
2020-06-30,16:45,69.3,40.0,34.4,0.0,498,29.85,W,10.2,16.7,0.0,71.8,"Naches, Yakima County",310126,Naches,2020-12-14 04:26:00.341745
2020-06-30,17:00,68.8,40.0,35.0,0.0,455,29.85,W,9.5,17.8,0.0,71.9,"Naches, Yakima County",310126,Naches,2020-12-14 04:26:00.341745
2020-06-30,17:15,68.4,39.6,34.9,0.0,413,29.85,W,9.2,15.0,0.0,72.0,"Naches, Yakima County",310126,Naches,2020-12-14 04:26:00.341745
2020-06-30,17:30,67.8,39.2,35.1,0.0,370,29.85,W,9.2,16.0,0.0,72.1,"Naches, Yakima County",310126,Naches,2020-12-14 04:26:00.341745
2020-06-30,17:45,67.1,38.9,35.5,0.0,325,29.86,W,8.9,14.6,0.0,72.2,"Naches, Yakima County",310126,Naches,2020-12-14 04:26:00.341745
2020-06-30,18:00,67.0,38.7,35.3,0.0,282,29.86,W,9.0,15.7,0.0,72.2,"Naches, Yakima County",310126,Naches,2020-12-14 04:26:00.341745
2020-06-30,18:15,66.6,38.8,35.9,0.0,239,29.87,W,7.4,13.5,0.0,72.3,"Naches, Yakima County",310126,Naches,2020-12-14 04:26:00.341745
2020-06-30,18:30,66.0,38.7,36.6,0.0,197,29.87,W,7.7,13.2,0.0,72.3,"Naches, Yakima County",310126,Naches,2020-12-14 04:26:00.341745
2020-06-30,18:45,65.6,38.4,36.6,0.0,154,29.88,W,7.1,13.9,0.0,72.3,"Naches, Yakima County",310126,Naches,2020-12-14 04:26:00.341745
2020-06-30,19:00,64.8,37.9,37.0,0.0,122,29.88,W,7.7,12.8,0.0,72.4,"Naches, Yakima County",310126,Naches,2020-12-14 04:26:00.341745
2020-06-30,19:15,64.2,37.5,37.1,0.0,90,29.88,W,7.7,12.1,0.0,72.5,"Naches, Yakima County",310126,Naches,2020-12-14 04:26:00.341745
2020-06-30,19:30,63.1,38.0,39.4,0.0,51,29.89,W,6.8,11.0,0.0,72.6,"Naches, Yakima County",310126,Naches,2020-12-14 04:26:00.341745
2020-06-30,19:45,62.0,38.3,41.4,0.0,16,29.89,NW,4.8,7.8,0.0,72.6,"Naches, Yakima County",310126,Naches,2020-12-14 04:26:00.341745
2020-06-30,20:00,61.0,39.0,44.1,0.0,8,29.89,W,4.4,6.7,0.0,72.6,"Naches, Yakima County",310126,Naches,2020-12-14 04:26:00.341745
2020-06-30,20:15,60.5,39.0,44.9,0.0,3,29.89,W,3.8,6.7,0.0,72.7,"Naches, Yakima County",310126,Naches,2020-12-14 04:26:00.341745
2020-06-30,20:30,59.9,39.1,46.0,0.0,0,29.9,W,3.2,7.4,0.0,72.7,"Naches, Yakima County",310126,Naches,2020-12-14 04:26:00.341745
2020-06-30,20:45,59.7,39.2,46.6,0.0,0,29.9,W,3.7,6.7,0.0,72.7,"Naches, Yakima County",310126,Naches,2020-12-14 04:26:00.341745
2020-06-30,21:00,59.0,39.4,48.1,0.0,0,29.9,W,3.6,6.4,0.0,72.8,"Naches, Yakima County",310126,Naches,2020-12-14 04:26:00.341745
2020-06-30,21:15,58.3,39.6,49.7,0.0,0,29.9,W,3.6,7.1,0.0,72.8,"Naches, Yakima County",310126,Naches,2020-12-14 04:26:00.341745
2020-06-30,21:30,56.6,39.8,53.2,0.0,0,29.9,N,1.9,4.6,0.0,72.8,"Naches, Yakima County",310126,Naches,2020-12-14 04:26:00.341745
2020-06-30,21:45,54.7,40.2,58.0,0.0,0,29.91,NE,1.9,4.2,0.0,72.8,"Naches, Yakima County",310126,Naches,2020-12-14 04:26:00.341745
2020-06-30,22:00,52.7,41.6,65.6,0.0,0,29.91,SE,1.2,4.9,0.0,72.8,"Naches, Yakima County",310126,Naches,2020-12-14 04:26:00.341745
2020-06-30,22:15,52.7,41.2,64.8,0.0,0,29.9,NW,1.5,6.4,0.0,72.8,"Naches, Yakima County",310126,Naches,2020-12-14 04:26:00.341745
2020-06-30,22:30,49.3,42.1,75.9,0.0,0,29.9,NE,0.6,3.1,0.0,72.8,"Naches, Yakima County",310126,Naches,2020-12-14 04:26:00.341745
2020-06-30,22:45,50.5,41.5,71.1,0.0,0,29.9,N,0.5,2.8,0.0,72.9,"Naches, Yakima County",310126,Naches,2020-12-14 04:26:00.341745
2020-06-30,23:00,52.9,41.5,65.2,0.0,0,29.9,N,3.7,6.4,0.0,72.8,"Naches, Yakima County",310126,Naches,2020-12-14 04:26:00.341745
2020-07-01,23:15,51.7,41.9,69.1,0.0,0,29.91,N ,1.9,3.9,0.0,72.8,"Naches, Yakima County",310126,Naches,2020-12-14 04:26:00.341745
2020-07-01,23:30,52.6,41.6,66.0,0.0,0,29.9,N,3.1,6.7,0.0,72.8,"Naches, Yakima County",310126,Naches,2020-12-14 04:26:00.341745
2020-07-01,23:45,52.3,41.8,67.2,0.0,0,29.9,N,3.3,4.9,0.0,72.8,"Naches, Yakima County",310126,Naches,2020-12-14 04:26:00.341745
2020-07-01,24:00,52.1,41.6,67.3,0.0,0,29.9,N,3.0,5.3,0.0,72.8,"Naches, Yakima County",310126,Naches,2020-12-14 04:26:00.341745
2020-07-01,00:15,53.5,41.4,63.4,0.0,0,29.9,NW,4.8,9.9,0.0,72.7,"Naches, Yakima County",310126,Naches,2020-12-14 04:26:00.341745
2020-07-01,00:30,55.2,40.7,57.9,0.0,0,29.9,NW,5.0,10.3,0.0,72.7,"Naches, Yakima County",310126,Naches,2020-12-14 04:26:00.341745
2020-07-01,00:45,54.9,40.5,58.2,0.0,0,29.89,NW,4.1,9.2,0.0,72.6,"Naches, Yakima County",310126,Naches,2020-12-14 04:26:00.341745
2020-07-01,01:00,54.0,40.8,61.0,0.0,0,29.89,NE,3.5,8.5,0.0,72.6,"Naches, Yakima County",310126,Naches,2020-12-14 04:26:00.341745
2020-07-01,01:15,53.0,40.9,63.3,0.0,0,29.89,NE,3.6,7.8,0.0,72.5,"Naches, Yakima County",310126,Naches,2020-12-14 04:26:00.341745
2020-07-01,01:30,54.7,40.4,58.3,0.0,0,29.89,NW,3.5,7.4,0.0,72.5,"Naches, Yakima County",310126,Naches,2020-12-14 04:26:00.341745
2020-07-01,01:45,54.6,40.3,58.4,0.0,0,29.89,W,3.4,9.6,0.0,72.4,"Naches, Yakima County",310126,Naches,2020-12-14 04:26:00.341745
2020-07-01,02:00,54.2,40.3,59.3,0.0,0,29.89,W,4.1,11.7,0.0,72.4,"Naches, Yakima County",310126,Naches,2020-12-14 04:26:00.341745
2020-07-01,02:15,54.8,40.2,57.7,0.0,0,29.89,W,8.7,16.0,0.0,72.3,"Naches, Yakima County",310126,Naches,2020-12-14 04:26:00.341745
2020-07-01,02:30,54.6,40.2,58.1,0.0,0,29.88,W,8.2,15.7,0.0,72.2,"Naches, Yakima County",310126,Naches,2020-12-14 04:26:00.341745
2020-07-01,02:45,54.5,40.1,58.1,0.0,0,29.88,W,8.2,15.0,0.0,72.2,"Naches, Yakima County",310126,Naches,2020-12-14 04:26:00.341745
2020-07-01,03:00,54.5,39.9,57.7,0.0,0,29.88,W,6.7,12.1,0.0,72.1,"Naches, Yakima County",310126,Naches,2020-12-14 04:26:00.341745
2020-07-01,03:15,54.2,39.8,58.1,0.0,0,29.88,W,4.3,9.6,0.0,72.0,"Naches, Yakima County",310126,Naches,2020-12-14 04:26:00.341745
2020-07-01,03:30,54.1,39.7,58.2,0.0,0,29.88,W,5.9,11.7,0.0,72.0,"Naches, Yakima County",310126,Naches,2020-12-14 04:26:00.341745
2020-07-01,03:45,53.7,39.5,58.4,0.0,0,29.88,NW,4.6,11.0,0.0,71.9,"Naches, Yakima County",310126,Naches,2020-12-14 04:26:00.341745
2020-07-01,04:00,53.3,39.5,59.2,0.0,0,29.88,NW,4.5,12.1,0.0,71.8,"Naches, Yakima County",310126,Naches,2020-12-14 04:26:00.341745
2020-07-01,04:15,54.3,39.1,56.2,0.0,2,29.88,W,8.5,19.2,0.0,71.7,"Naches, Yakima County",310126,Naches,2020-12-14 04:26:00.341745
2020-07-01,04:30,54.3,38.9,55.8,0.0,7,29.88,W,8.1,13.5,0.0,71.7,"Naches, Yakima County",310126,Naches,2020-12-14 04:26:00.341745
2020-07-01,04:45,54.4,38.7,55.2,0.0,12,29.88,W,4.7,13.2,0.0,71.6,"Naches, Yakima County",310126,Naches,2020-12-14 04:26:00.341745
2020-07-01,05:00,54.2,38.7,55.4,0.0,17,29.88,W,5.3,9.6,0.0,71.6,"Naches, Yakima County",310126,Naches,2020-12-14 04:26:00.341745
2020-07-01,05:15,54.3,38.7,55.4,0.0,25,29.89,W,6.2,10.7,0.0,71.5,"Naches, Yakima County",310126,Naches,2020-12-14 04:26:00.341745
2020-07-01,05:30,54.7,38.5,54.2,0.0,36,29.89,NW,5.8,9.9,0.0,71.5,"Naches, Yakima County",310126,Naches,2020-12-14 04:26:00.341745
2020-07-01,05:45,55.5,38.7,53.0,0.0,111,29.89,W,3.8,8.2,0.0,71.4,"Naches, Yakima County",310126,Naches,2020-12-14 04:26:00.341745
2020-07-01,06:00,57.2,38.8,50.1,0.0,205,29.89,W,3.2,9.2,0.0,71.4,"Naches, Yakima County",310126,Naches,2020-12-14 04:26:00.341745
2020-07-01,06:15,57.4,38.9,49.9,0.0,239,29.89,W,4.8,9.2,0.0,71.4,"Naches, Yakima County",310126,Naches,2020-12-14 04:26:00.341745
2020-07-01,06:30,57.8,38.9,49.3,0.0,278,29.89,W,5.4,10.3,0.0,71.3,"Naches, Yakima County",310126,Naches,2020-12-14 04:26:00.341745
2020-07-01,06:45,59.2,39.0,47.1,0.0,325,29.89,NW,4.9,8.5,0.0,71.2,"Naches, Yakima County",310126,Naches,2020-12-14 04:26:00.341745
2020-07-01,07:00,59.6,38.8,45.9,0.0,389,29.89,W,7.1,12.8,0.0,71.1,"Naches, Yakima County",310126,Naches,2020-12-14 04:26:00.341745
2020-07-01,07:15,59.5,38.7,46.0,0.0,415,29.88,W,7.6,13.5,0.0,71.0,"Naches, Yakima County",310126,Naches,2020-12-14 04:26:00.341745
2020-07-01,07:30,60.9,39.0,44.3,0.0,546,29.89,NW,6.5,11.7,0.0,71.0,"Naches, Yakima County",310126,Naches,2020-12-14 04:26:00.341745
2020-07-01,07:45,62.1,39.1,42.4,0.0,603,29.88,NW,7.0,11.7,0.0,70.9,"Naches, Yakima County",310126,Naches,2020-12-14 04:26:00.341745
2020-07-01,08:00,62.1,38.8,42.1,0.0,449,29.88,NW,6.8,11.0,0.0,70.8,"Naches, Yakima County",310126,Naches,2020-12-14 04:26:00.341745
2020-07-01,08:15,62.5,39.3,42.2,0.0,417,29.88,NW,6.1,11.0,0.0,70.7,"Naches, Yakima County",310126,Naches,2020-12-14 04:26:00.341745
2020-07-01,08:30,62.7,38.9,41.4,0.0,476,29.88,NW,6.0,8.9,0.0,70.7,"Naches, Yakima County",310126,Naches,2020-12-14 04:26:00.341745
2020-07-01,08:45,63.7,38.4,39.2,0.0,604,29.88,NW,7.5,14.2,0.0,70.6,"Naches, Yakima County",310126,Naches,2020-12-14 04:26:00.341745
2020-07-01,09:00,63.7,38.2,38.9,0.0,492,29.88,W,6.4,10.7,0.0,70.6,"Naches, Yakima County",310126,Naches,2020-12-14 04:26:00.341745
2020-07-01,09:15,63.7,37.5,37.8,0.0,452,29.88,W,8.2,12.4,0.0,70.5,"Naches, Yakima County",310126,Naches,2020-12-14 04:26:00.341745
2020-07-01,09:30,64.0,37.3,37.0,0.0,399,29.87,W,7.2,11.0,0.0,70.5,"Naches, Yakima County",310126,Naches,2020-12-14 04:26:00.341745
2020-07-01,09:45,64.8,37.8,36.8,0.0,482,29.87,W,6.2,10.7,0.0,70.4,"Naches, Yakima County",310126,Naches,2020-12-14 04:26:00.341745
2020-07-01,10:00,65.5,38.3,36.6,0.0,510,29.87,W,5.9,9.2,0.0,70.4,"Naches, Yakima County",310126,Naches,2020-12-14 04:26:00.341745
2020-07-01,10:15,65.9,38.0,35.7,0.0,521,29.86,W,6.1,11.4,0.0,70.3,"Naches, Yakima County",310126,Naches,2020-12-14 04:26:00.341745
2020-07-01,10:30,66.4,37.5,34.4,0.0,731,29.86,W,6.0,9.9,0.0,70.3,"Naches, Yakima County",310126,Naches,2020-12-14 04:26:00.341745
2020-07-01,10:45,69.2,37.6,31.3,0.0,1044,29.86,NW,7.1,11.7,0.0,70.3,"Naches, Yakima County",310126,Naches,2020-12-14 04:26:00.341745
2020-07-01,11:00,68.1,37.6,32.6,0.0,709,29.86,W,6.8,13.2,0.0,70.3,"Naches, Yakima County",310126,Naches,2020-12-14 04:26:00.341745
2020-07-01,11:15,67.9,37.6,32.8,0.0,656,29.85,W,6.2,9.9,0.0,70.3,"Naches, Yakima County",310126,Naches,2020-12-14 04:26:00.341745
2020-07-01,11:30,69.4,37.6,31.1,0.0,970,29.85,NW,8.2,14.6,0.0,70.3,"Naches, Yakima County",310126,Naches,2020-12-14 04:26:00.341745
2020-07-01,11:45,69.4,37.6,31.1,0.0,767,29.85,NW,6.8,12.8,0.0,70.3,"Naches, Yakima County",310126,Naches,2020-12-14 04:26:00.341745
2020-07-01,12:00,69.9,37.8,30.8,0.0,863,29.85,NW,6.1,9.6,0.0,70.3,"Naches, Yakima County",310126,Naches,2020-12-14 04:26:00.341745
2020-07-01,12:15,70.2,37.5,30.2,0.0,607,29.85,NW,6.6,11.0,0.0,70.3,"Naches, Yakima County",310126,Naches,2020-12-14 04:26:00.341745
2020-07-01,12:30,70.6,37.7,30.0,0.0,886,29.84,NW,7.1,13.9,0.0,70.3,"Naches, Yakima County",310126,Naches,2020-12-14 04:26:00.341745
2020-07-01,12:45,71.3,38.4,30.1,0.0,1001,29.85,W,7.8,12.4,0.0,70.3,"Naches, Yakima County",310126,Naches,2020-12-14 04:26:00.341745
2020-07-01,13:00,71.2,38.2,30.0,0.0,919,29.85,W,8.0,12.1,0.0,70.4,"Naches, Yakima County",310126,Naches,2020-12-14 04:26:00.341745
2020-07-01,13:15,71.2,38.6,30.5,0.0,935,29.85,W,8.2,13.5,0.0,70.4,"Naches, Yakima County",310126,Naches,2020-12-14 04:26:00.341745
2020-07-01,13:30,71.5,38.4,29.9,0.0,910,29.84,W,9.1,15.7,0.0,70.4,"Naches, Yakima County",310126,Naches,2020-12-14 04:26:00.341745
2020-07-01,13:45,72.2,38.9,29.8,0.0,888,29.84,W,7.6,13.2,0.0,70.5,"Naches, Yakima County",310126,Naches,2020-12-14 04:26:00.341745
2020-07-01,14:00,72.2,39.3,30.3,0.0,865,29.84,W,7.4,12.1,0.0,70.5,"Naches, Yakima County",310126,Naches,2020-12-14 04:26:00.341745
2020-07-01,14:15,72.0,39.2,30.2,0.0,845,29.84,W,8.2,15.0,0.0,70.6,"Naches, Yakima County",310126,Naches,2020-12-14 04:26:00.341745
2020-07-01,14:30,71.8,39.2,30.6,0.0,832,29.84,W,8.6,14.2,0.0,70.6,"Naches, Yakima County",310126,Naches,2020-12-14 04:26:00.341745
2020-07-01,14:45,71.9,39.5,30.8,0.0,769,29.84,W,8.1,15.3,0.0,70.7,"Naches, Yakima County",310126,Naches,2020-12-14 04:26:00.341745
2020-07-01,15:00,71.5,39.5,31.2,0.0,760,29.84,W,9.8,16.7,0.0,70.7,"Naches, Yakima County",310126,Naches,2020-12-14 04:26:00.341745
2020-07-01,15:15,69.7,39.7,33.4,0.0,453,29.84,W,10.4,18.5,0.0,70.7,"Naches, Yakima County",310126,Naches,2020-12-14 04:26:00.341745
2020-07-01,15:30,69.1,40.0,34.6,0.0,486,29.84,W,8.8,15.0,0.0,70.8,"Naches, Yakima County",310126,Naches,2020-12-14 04:26:00.341745
2020-07-01,15:45,69.8,40.6,34.5,0.0,528,29.83,W,8.8,14.2,0.0,70.8,"Naches, Yakima County",310126,Naches,2020-12-14 04:26:00.341745
2020-07-01,16:00,69.1,40.7,35.5,0.0,519,29.84,W,9.9,18.5,0.0,70.9,"Naches, Yakima County",310126,Naches,2020-12-14 04:26:00.341745
2020-07-01,16:15,69.8,41.2,35.3,0.0,595,29.84,W,9.4,16.7,0.0,71.0,"Naches, Yakima County",310126,Naches,2020-12-14 04:26:00.341745
2020-07-01,16:30,68.2,41.2,37.4,0.0,427,29.84,W,10.2,18.9,0.0,71.1,"Naches, Yakima County",310126,Naches,2020-12-14 04:26:00.341745
2020-07-01,16:45,66.9,40.9,38.5,0.0,305,29.85,W,9.4,18.2,0.0,71.1,"Naches, Yakima County",310126,Naches,2020-12-14 04:26:00.341745
2020-07-01,17:00,65.9,41.0,40.1,0.0,206,29.85,W,9.9,17.5,0.0,71.2,"Naches, Yakima County",310126,Naches,2020-12-14 04:26:00.341745
2020-07-01,17:15,65.1,41.2,41.6,0.0,186,29.85,W,9.5,15.0,0.0,71.3,"Naches, Yakima County",310126,Naches,2020-12-14 04:26:00.341745
2020-07-01,17:30,64.7,41.5,42.6,0.0,140,29.86,W,6.6,13.2,0.0,71.3,"Naches, Yakima County",310126,Naches,2020-12-14 04:26:00.341745
2020-07-01,17:45,64.1,41.8,44.1,0.0,96,29.86,W,6.3,11.4,0.0,71.4,"Naches, Yakima County",310126,Naches,2020-12-14 04:26:00.341745
2020-07-01,18:00,63.1,41.8,45.5,0.0,56,29.86,W,7.2,14.6,0.0,71.6,"Naches, Yakima County",310126,Naches,2020-12-14 04:26:00.341745
2020-07-01,18:15,62.9,41.7,45.7,0.0,66,29.86,W,6.7,13.5,0.0,71.7,"Naches, Yakima County",310126,Naches,2020-12-14 04:26:00.341745
2020-07-01,18:30,63.0,41.7,45.6,0.0,75,29.86,W,6.7,13.2,0.0,71.7,"Naches, Yakima County",310126,Naches,2020-12-14 04:26:00.341745
2020-07-01,18:45,63.0,42.0,46.2,0.0,78,29.86,SW,5.7,12.8,0.0,71.8,"Naches, Yakima County",310126,Naches,2020-12-14 04:26:00.341745
2020-07-01,19:00,63.0,42.1,46.3,0.0,63,29.87,W,6.1,12.4,0.0,71.9,"Naches, Yakima County",310126,Naches,2020-12-14 04:26:00.341745
2020-07-01,19:15,62.8,42.0,46.5,0.0,38,29.87,SW,5.6,11.7,0.0,71.9,"Naches, Yakima County",310126,Naches,2020-12-14 04:26:00.341745
2020-07-01,19:30,62.2,42.2,47.7,0.0,20,29.87,W,4.8,9.6,0.0,71.9,"Naches, Yakima County",310126,Naches,2020-12-14 04:26:00.341745
2020-07-01,19:45,61.6,42.1,48.6,0.0,15,29.87,W,6.3,11.7,0.0,72.0,"Naches, Yakima County",310126,Naches,2020-12-14 04:26:00.341745
2020-07-01,20:00,61.2,42.1,49.3,0.0,6,29.87,W,5.3,10.7,0.0,72.1,"Naches, Yakima County",310126,Naches,2020-12-14 04:26:00.341745
2020-07-01,20:15,60.8,42.1,50.0,0.0,2,29.87,W,5.8,13.2,0.0,72.1,"Naches, Yakima County",310126,Naches,2020-12-14 04:26:00.341745
2020-07-01,20:30,60.4,42.0,50.5,0.0,0,29.88,W,5.1,9.2,0.0,72.1,"Naches, Yakima County",310126,Naches,2020-12-14 04:26:00.341745
2020-07-01,20:45,60.3,41.7,50.3,0.0,0,29.88,W,5.1,9.2,0.0,72.1,"Naches, Yakima County",310126,Naches,2020-12-14 04:26:00.341745
2020-07-01,21:00,60.1,41.5,50.3,0.0,0,29.88,W,4.0,8.5,0.0,72.2,"Naches, Yakima County",310126,Naches,2020-12-14 04:26:00.341745
2020-07-01,21:15,59.8,41.6,50.9,0.0,0,29.89,W,4.5,7.4,0.0,72.2,"Naches, Yakima County",310126,Naches,2020-12-14 04:26:00.341745
2020-07-01,21:30,59.5,41.8,51.8,0.0,0,29.89,W,3.7,10.3,0.0,72.2,"Naches, Yakima County",310126,Naches,2020-12-14 04:26:00.341745
2020-07-01,21:45,59.3,42.0,52.5,0.0,0,29.89,W,2.8,7.1,0.0,72.2,"Naches, Yakima County",310126,Naches,2020-12-14 04:26:00.341745
2020-07-01,22:00,59.4,42.0,52.4,0.0,0,29.89,W,3.4,6.7,0.0,72.2,"Naches, Yakima County",310126,Naches,2020-12-14 04:26:00.341745
2020-07-01,22:15,59.6,41.8,51.7,0.0,0,29.89,W,3.8,7.4,0.0,72.2,"Naches, Yakima County",310126,Naches,2020-12-14 04:26:00.341745
2020-07-01,22:30,59.5,41.7,51.7,0.0,0,29.89,W,3.6,6.7,0.0,72.2,"Naches, Yakima County",310126,Naches,2020-12-14 04:26:00.341745
2020-07-01,22:45,59.2,41.7,52.2,0.0,0,29.89,W,3.8,9.2,0.0,72.2,"Naches, Yakima County",310126,Naches,2020-12-14 04:26:00.341745
2020-07-01,23:00,58.9,41.7,52.9,0.0,0,29.89,W,3.7,7.4,0.0,72.2,"Naches, Yakima County",310126,Naches,2020-12-14 04:26:00.341745
2020-07-02,23:15,58.4,41.9,54.1,0.0,0,29.89,SW,3.0,5.3,0.0,72.2,"Naches, Yakima County",310126,Naches,2020-12-14 04:26:00.341745
2020-07-02,23:30,57.6,42.0,56.0,0.0,0,29.89,SW,2.1,4.9,0.0,72.2,"Naches, Yakima County",310126,Naches,2020-12-14 04:26:00.341745
2020-07-02,23:45,55.3,43.7,64.7,0.0,0,29.89,NE,0.2,1.7,0.0,72.2,"Naches, Yakima County",310126,Naches,2020-12-14 04:26:00.341745
2020-07-02,24:00,55.3,43.4,64.0,0.0,0,29.89,NE,0.2,3.1,0.0,72.2,"Naches, Yakima County",310126,Naches,2020-12-14 04:26:00.341745
2020-07-02,00:15,53.4,44.6,71.9,0.0,0,29.89,E,0.1,1.7,0.0,72.1,"Naches, Yakima County",310126,Naches,2020-12-14 04:26:00.341745
2020-07-02,00:30,52.7,45.6,76.7,0.0,0,29.89,N ,0.0,0.0,0.0,72.1,"Naches, Yakima County",310126,Naches,2020-12-14 04:26:00.341745
2020-07-02,00:45,50.8,46.2,84.0,0.0,0,29.89,N ,0.0,0.0,0.0,72.1,"Naches, Yakima County",310126,Naches,2020-12-14 04:26:00.341745
2020-07-02,01:00,50.8,45.4,81.7,0.0,0,29.89,N,0.4,3.1,0.0,72.1,"Naches, Yakima County",310126,Naches,2020-12-14 04:26:00.341745
2020-07-02,01:15,52.0,44.6,75.6,0.0,0,29.89,N,2.4,4.6,0.0,72.0,"Naches, Yakima County",310126,Naches,2020-12-14 04:26:00.341745
2020-07-02,01:30,52.7,43.9,71.8,0.0,0,29.9,NW,1.4,4.6,0.0,72.0,"Naches, Yakima County",310126,Naches,2020-12-14 04:26:00.341745
2020-07-02,01:45,51.1,44.1,76.8,0.0,0,29.9,NE,0.5,2.8,0.0,72.0,"Naches, Yakima County",310126,Naches,2020-12-14 04:26:00.341745
2020-07-02,02:00,49.9,44.8,82.5,0.0,0,29.9,N,0.6,3.1,0.01,71.8,"Naches, Yakima County",310126,Naches,2020-12-14 04:26:00.341745
2020-07-02,02:15,53.5,43.9,69.8,0.0,0,29.9,N,3.1,6.0,0.0,71.9,"Naches, Yakima County",310126,Naches,2020-12-14 04:26:00.341745
2020-07-02,02:30,53.0,44.0,71.2,0.0,0,29.9,N,2.5,4.6,0.0,71.8,"Naches, Yakima County",310126,Naches,2020-12-14 04:26:00.341745
2020-07-02,02:45,50.4,44.2,79.1,0.0,0,29.9,NE,1.1,2.8,0.0,71.7,"Naches, Yakima County",310126,Naches,2020-12-14 04:26:00.341745
2020-07-02,03:00,49.0,44.0,82.8,0.0,0,29.9,NE,0.9,3.1,0.0,71.8,"Naches, Yakima County",310126,Naches,2020-12-14 04:26:00.341745
2020-07-02,03:15,49.5,44.0,81.4,0.0,0,29.91,N,0.8,2.8,0.0,71.6,"Naches, Yakima County",310126,Naches,2020-12-14 04:26:00.341745
2020-07-02,03:30,48.6,44.3,84.8,0.0,0,29.91,N ,1.4,3.9,0.03,71.3,"Naches, Yakima County",310126,Naches,2020-12-14 04:26:00.341745
2020-07-02,03:45,48.2,44.1,85.8,0.0,0,29.91,N,2.1,3.1,0.01,71.4,"Naches, Yakima County",310126,Naches,2020-12-14 04:26:00.341745
2020-07-02,04:00,49.1,44.0,82.4,0.0,0,29.91,NW,1.8,3.9,0.0,71.6,"Naches, Yakima County",310126,Naches,2020-12-14 04:26:00.341745
2020-07-02,04:15,47.9,43.9,85.9,0.0,2,29.91,N,2.2,3.9,0.01,71.3,"Naches, Yakima County",310126,Naches,2020-12-14 04:26:00.341745
2020-07-02,04:30,48.6,43.7,83.1,0.0,5,29.91,N,2.3,3.9,0.0,71.4,"Naches, Yakima County",310126,Naches,2020-12-14 04:26:00.341745
2020-07-02,04:45,49.2,43.6,80.8,0.0,11,29.92,N,2.8,5.3,0.0,71.4,"Naches, Yakima County",310126,Naches,2020-12-14 04:26:00.341745
2020-07-02,05:00,48.9,43.6,81.7,0.0,19,29.92,N ,3.6,5.3,0.0,71.3,"Naches, Yakima County",310126,Naches,2020-12-14 04:26:00.341745
2020-07-02,05:15,51.7,43.7,74.1,0.0,32,29.92,N,4.0,6.7,0.0,71.3,"Naches, Yakima County",310126,Naches,2020-12-14 04:26:00.341745
2020-07-02,05:30,52.0,43.9,73.9,0.0,51,29.93,N,3.8,4.9,0.0,71.2,"Naches, Yakima County",310126,Naches,2020-12-14 04:26:00.341745
2020-07-02,05:45,52.5,44.4,74.0,0.0,69,29.93,N ,3.4,4.9,0.0,71.2,"Naches, Yakima County",310126,Naches,2020-12-14 04:26:00.341745
2020-07-02,06:00,53.4,43.9,70.2,0.0,83,29.94,NW,2.3,4.2,0.0,71.2,"Naches, Yakima County",310126,Naches,2020-12-14 04:26:00.341745
2020-07-02,06:15,54.3,44.2,68.5,0.0,105,29.94,NW,2.7,6.4,0.0,71.1,"Naches, Yakima County",310126,Naches,2020-12-14 04:26:00.341745
2020-07-02,06:30,55.9,44.5,65.6,0.0,208,29.94,N,3.9,5.7,0.0,71.0,"Naches, Yakima County",310126,Naches,2020-12-14 04:26:00.341745
2020-07-02,06:45,58.5,44.4,59.3,0.0,305,29.94,NW,4.2,6.7,0.0,70.9,"Naches, Yakima County",310126,Naches,2020-12-14 04:26:00.341745
2020-07-02,07:00,59.8,43.5,54.7,0.0,279,29.95,NW,3.5,6.7,0.0,70.8,"Naches, Yakima County",310126,Naches,2020-12-14 04:26:00.341745
2020-07-02,07:15,60.6,42.7,51.6,0.0,324,29.95,NW,4.0,8.2,0.0,70.7,"Naches, Yakima County",310126,Naches,2020-12-14 04:26:00.341745
2020-07-02,07:30,61.1,41.8,48.9,0.0,479,29.95,NW,5.5,7.8,0.0,70.7,"Naches, Yakima County",310126,Naches,2020-12-14 04:26:00.341745
2020-07-02,07:45,62.2,41.9,47.3,0.0,515,29.95,NW,6.0,9.9,0.0,70.6,"Naches, Yakima County",310126,Naches,2020-12-14 04:26:00.341745
2020-07-02,08:00,62.7,41.9,46.6,0.0,449,29.95,NW,4.2,8.2,0.0,70.5,"Naches, Yakima County",310126,Naches,2020-12-14 04:26:00.341745
2020-07-02,08:15,63.0,41.4,45.0,0.0,487,29.95,NW,5.3,8.9,0.0,70.4,"Naches, Yakima County",310126,Naches,2020-12-14 04:26:00.341745
2020-07-02,08:30,64.2,41.5,43.3,0.0,613,29.95,NW,5.4,10.3,0.0,70.4,"Naches, Yakima County",310126,Naches,2020-12-14 04:26:00.341745
2020-07-02,08:45,65.1,40.3,40.1,0.0,611,29.94,NW,5.5,9.6,0.0,70.3,"Naches, Yakima County",310126,Naches,2020-12-14 04:26:00.341745
2020-07-02,09:00,65.2,40.3,40.0,0.0,542,29.94,NW,5.7,9.2,0.0,70.2,"Naches, Yakima County",310126,Naches,2020-12-14 04:26:00.341745
2020-07-02,09:15,65.7,40.1,38.9,0.0,619,29.94,NW,5.5,9.9,0.0,70.2,"Naches, Yakima County",310126,Naches,2020-12-14 04:26:00.341745
2020-07-02,09:30,66.9,39.6,36.7,0.0,739,29.94,W,5.8,9.9,0.0,70.2,"Naches, Yakima County",310126,Naches,2020-12-14 04:26:00.341745
2020-07-02,09:45,67.7,39.1,34.9,0.0,764,29.94,W,5.0,9.2,0.0,70.1,"Naches, Yakima County",310126,Naches,2020-12-14 04:26:00.341745
2020-07-02,10:00,69.0,39.1,33.5,0.0,790,29.93,W,4.4,8.5,0.0,70.1,"Naches, Yakima County",310126,Naches,2020-12-14 04:26:00.341745
2020-07-02,10:15,69.0,38.7,32.9,0.0,816,29.93,W,4.5,8.5,0.0,70.0,"Naches, Yakima County",310126,Naches,2020-12-14 04:26:00.341745
2020-07-02,10:30,70.0,38.5,31.5,0.0,832,29.93,W,5.4,9.6,0.0,70.0,"Naches, Yakima County",310126,Naches,2020-12-14 04:26:00.341745
2020-07-02,10:45,70.7,37.6,29.8,0.0,854,29.93,W,4.7,10.3,0.0,70.0,"Naches, Yakima County",310126,Naches,2020-12-14 04:26:00.341745
2020-07-02,11:00,71.4,38.0,29.5,0.0,869,29.93,NW,5.5,10.3,0.0,70.0,"Naches, Yakima County",310126,Naches,2020-12-14 04:26:00.341745
2020-07-02,11:15,72.3,36.6,27.2,0.0,888,29.93,NW,4.9,9.6,0.0,70.0,"Naches, Yakima County",310126,Naches,2020-12-14 04:26:00.341745
2020-07-02,11:30,72.3,37.1,27.6,0.0,844,29.92,NW,5.3,9.9,0.0,70.0,"Naches, Yakima County",310126,Naches,2020-12-14 04:26:00.341745
2020-07-02,11:45,72.9,37.2,27.2,0.0,909,29.92,NW,6.2,12.1,0.0,70.0,"Naches, Yakima County",310126,Naches,2020-12-14 04:26:00.341745
2020-07-02,12:00,73.2,35.6,25.2,0.0,910,29.92,W,6.8,11.7,0.0,70.0,"Naches, Yakima County",310126,Naches,2020-12-14 04:26:00.341745
2020-07-02,12:15,74.1,37.0,25.9,0.0,870,29.92,W,4.9,9.6,0.0,70.0,"Naches, Yakima County",310126,Naches,2020-12-14 04:26:00.341745
2020-07-02,12:30,74.5,36.3,24.8,0.0,862,29.92,W,5.9,11.7,0.0,70.1,"Naches, Yakima County",310126,Naches,2020-12-14 04:26:00.341745
2020-07-02,12:45,75.1,35.4,23.6,0.0,902,29.92,W,5.6,8.9,0.0,70.1,"Naches, Yakima County",310126,Naches,2020-12-14 04:26:00.341745
2020-07-02,13:00,75.9,31.7,19.8,0.0,900,29.92,SW,4.6,9.9,0.0,70.1,"Naches, Yakima County",310126,Naches,2020-12-14 04:26:00.341745
2020-07-02,13:15,76.0,31.4,19.5,0.0,871,29.92,W,5.2,11.0,0.0,70.2,"Naches, Yakima County",310126,Naches,2020-12-14 04:26:00.341745
2020-07-02,13:30,77.0,36.5,23.1,0.0,903,29.92,SW,3.8,9.2,0.0,70.2,"Naches, Yakima County",310126,Naches,2020-12-14 04:26:00.341745
2020-07-02,13:45,77.1,36.3,22.8,0.0,875,29.92,E,3.4,7.8,0.0,70.3,"Naches, Yakima County",310126,Naches,2020-12-14 04:26:00.341745
2020-07-02,14:00,76.6,35.7,22.7,0.0,829,29.92,SW,3.6,8.9,0.0,70.4,"Naches, Yakima County",310126,Naches,2020-12-14 04:26:00.341745
2020-07-02,14:15,78.5,30.1,17.0,0.0,804,29.92,SW,4.0,9.2,0.0,70.4,"Naches, Yakima County",310126,Naches,2020-12-14 04:26:00.341745
2020-07-02,14:30,77.4,23.9,13.7,0.0,617,29.92,W,6.1,10.7,0.0,70.5,"Naches, Yakima County",310126,Naches,2020-12-14 04:26:00.341745
2020-07-02,14:45,78.0,22.7,12.7,0.0,768,29.92,NW,6.3,12.4,0.0,70.6,"Naches, Yakima County",310126,Naches,2020-12-14 04:26:00.341745
2020-07-02,15:00,78.8,25.5,13.9,0.0,768,29.91,W,6.8,11.7,0.0,70.6,"Naches, Yakima County",310126,Naches,2020-12-14 04:26:00.341745
2020-07-02,15:15,78.3,30.5,17.4,0.0,708,29.91,W,5.2,12.1,0.0,70.7,"Naches, Yakima County",310126,Naches,2020-12-14 04:26:00.341745
2020-07-02,15:30,78.3,32.0,18.4,0.0,669,29.91,SW,5.1,9.2,0.0,70.8,"Naches, Yakima County",310126,Naches,2020-12-14 04:26:00.341745
2020-07-02,15:45,78.9,32.5,18.5,0.0,634,29.91,NW,4.3,9.6,0.0,70.9,"Naches, Yakima County",310126,Naches,2020-12-14 04:26:00.341745
2020-07-02,16:00,78.0,37.5,23.2,0.0,586,29.91,NW,5.7,10.7,0.0,71.0,"Naches, Yakima County",310126,Naches,2020-12-14 04:26:00.341745
2020-07-02,16:15,76.9,40.4,26.9,0.0,555,29.91,NE,5.8,11.7,0.0,71.0,"Naches, Yakima County",310126,Naches,2020-12-14 04:26:00.341745
2020-07-02,16:30,76.4,40.6,27.7,0.0,513,29.9,NE,5.9,12.4,0.0,71.1,"Naches, Yakima County",310126,Naches,2020-12-14 04:26:00.341745
2020-07-02,16:45,75.9,40.8,28.4,0.0,467,29.9,NE,6.9,11.0,0.0,71.2,"Naches, Yakima County",310126,Naches,2020-12-14 04:26:00.341745
2020-07-02,17:00,75.9,40.6,28.1,0.0,429,29.9,E,6.3,9.9,0.0,71.3,"Naches, Yakima County",310126,Naches,2020-12-14 04:26:00.341745
2020-07-02,17:15,74.7,41.0,29.7,0.0,342,29.9,NE,8.2,15.7,0.0,71.4,"Naches, Yakima County",310126,Naches,2020-12-14 04:26:00.341745
2020-07-02,17:30,73.9,41.4,31.0,0.0,351,29.9,NE,8.5,15.3,0.0,71.5,"Naches, Yakima County",310126,Naches,2020-12-14 04:26:00.341745
2020-07-02,17:45,73.2,41.2,31.5,0.0,303,29.9,NE,8.4,15.0,0.0,71.6,"Naches, Yakima County",310126,Naches,2020-12-14 04:26:00.341745
2020-07-02,18:00,72.9,41.4,32.1,0.0,259,29.9,NE,7.3,11.0,0.0,71.6,"Naches, Yakima County",310126,Naches,2020-12-14 04:26:00.341745
2020-07-02,18:15,72.2,41.2,32.6,0.0,176,29.9,NE,7.5,12.4,0.0,71.7,"Naches, Yakima County",310126,Naches,2020-12-14 04:26:00.341745
2020-07-02,18:30,71.0,41.1,33.8,0.0,152,29.9,NE,8.4,13.2,0.0,71.8,"Naches, Yakima County",310126,Naches,2020-12-14 04:26:00.341745
2020-07-02,18:45,70.4,41.2,34.7,0.0,98,29.9,NE,7.8,12.1,0.0,71.8,"Naches, Yakima County",310126,Naches,2020-12-14 04:26:00.341745
2020-07-02,19:00,69.4,41.4,36.0,0.0,79,29.9,NE,8.4,13.2,0.0,71.9,"Naches, Yakima County",310126,Naches,2020-12-14 04:26:00.341745
2020-07-02,19:15,68.8,41.2,36.6,0.0,67,29.9,NE,7.3,11.7,0.0,71.9,"Naches, Yakima County",310126,Naches,2020-12-14 04:26:00.341745
2020-07-02,19:30,68.0,41.1,37.4,0.0,42,29.91,NE,6.7,12.8,0.0,72.0,"Naches, Yakima County",310126,Naches,2020-12-14 04:26:00.341745
2020-07-02,19:45,67.5,41.1,38.1,0.0,19,29.91,NW,3.6,9.6,0.0,72.1,"Naches, Yakima County",310126,Naches,2020-12-14 04:26:00.341745
2020-07-02,20:00,66.0,42.2,41.7,0.0,7,29.92,W,2.1,4.2,0.0,72.1,"Naches, Yakima County",310126,Naches,2020-12-14 04:26:00.341745
2020-07-02,20:15,65.4,42.4,43.1,0.0,2,29.93,W,2.9,4.9,0.0,72.2,"Naches, Yakima County",310126,Naches,2020-12-14 04:26:00.341745
2020-07-02,20:30,62.8,43.5,49.1,0.0,0,29.93,SW,3.2,4.9,0.0,72.2,"Naches, Yakima County",310126,Naches,2020-12-14 04:26:00.341745
2020-07-02,20:45,62.0,43.0,49.7,0.0,0,29.94,NE,1.2,3.9,0.0,72.3,"Naches, Yakima County",310126,Naches,2020-12-14 04:26:00.341745
2020-07-02,21:00,61.5,42.9,50.2,0.0,0,29.94,NW,1.2,4.2,0.0,72.3,"Naches, Yakima County",310126,Naches,2020-12-14 04:26:00.341745
2020-07-02,21:15,57.8,44.8,61.9,0.0,0,29.94,SE,0.1,2.1,0.0,72.4,"Naches, Yakima County",310126,Naches,2020-12-14 04:26:00.341745
2020-07-02,21:30,56.0,46.5,70.3,0.0,0,29.95,E,0.7,4.2,0.0,72.4,"Naches, Yakima County",310126,Naches,2020-12-14 04:26:00.341745
2020-07-02,21:45,54.2,46.4,74.8,0.0,0,29.95,NE,0.2,2.4,0.0,72.3,"Naches, Yakima County",310126,Naches,2020-12-14 04:26:00.341745
2020-07-02,22:00,53.1,46.5,78.0,0.0,0,29.95,NE,1.6,3.9,0.0,72.4,"Naches, Yakima County",310126,Naches,2020-12-14 04:26:00.341745
2020-07-02,22:15,53.2,46.0,76.4,0.0,0,29.95,N ,0.4,2.1,0.0,72.4,"Naches, Yakima County",310126,Naches,2020-12-14 04:26:00.341745
2020-07-02,22:30,52.7,45.0,74.9,0.0,0,29.95,E,2.1,4.6,0.0,72.5,"Naches, Yakima County",310126,Naches,2020-12-14 04:26:00.341745
2020-07-02,22:45,52.8,44.3,72.6,0.0,0,29.95,N ,1.0,3.5,0.0,72.5,"Naches, Yakima County",310126,Naches,2020-12-14 04:26:00.341745
2020-07-02,23:00,50.8,46.0,83.6,0.0,0,29.95,NE,0.9,2.8,0.03,72.2,"Naches, Yakima County",310126,Naches,2020-12-14 04:26:00.341745
2020-07-03,23:15,50.0,46.4,87.5,0.0,0,29.95,N ,0.5,2.1,0.08,72.0,"Naches, Yakima County",310126,Naches,2020-12-14 04:26:00.341745
2020-07-03,23:30,50.0,46.2,86.8,0.0,0,29.95,N,0.7,3.1,0.09,72.0,"Naches, Yakima County",310126,Naches,2020-12-14 04:26:00.341745
2020-07-03,23:45,49.1,45.1,85.8,0.0,0,29.95,NE,0.6,2.8,0.08,72.0,"Naches, Yakima County",310126,Naches,2020-12-14 04:26:00.341745
2020-07-03,24:00,48.2,45.2,89.2,0.0,0,29.95,N ,0.0,0.0,0.09,72.0,"Naches, Yakima County",310126,Naches,2020-12-14 04:26:00.341745
2020-07-03,00:15,47.4,44.7,90.4,0.0,0,29.95,NE,0.0,1.7,0.09,72.0,"Naches, Yakima County",310126,Naches,2020-12-14 04:26:00.341745
2020-07-03,00:30,46.6,44.3,91.8,0.0,0,29.95,NE,0.9,2.8,0.09,71.9,"Naches, Yakima County",310126,Naches,2020-12-14 04:26:00.341745
2020-07-03,00:45,45.7,44.1,94.0,0.0,0,29.95,NE,0.1,2.1,0.09,71.9,"Naches, Yakima County",310126,Naches,2020-12-14 04:26:00.341745
2020-07-03,01:00,46.2,44.4,93.2,0.0,0,29.95,NE,0.3,2.1,0.09,71.9,"Naches, Yakima County",310126,Naches,2020-12-14 04:26:00.341745
2020-07-03,01:15,46.6,43.6,89.0,0.0,0,29.96,NE,0.2,1.7,0.09,71.8,"Naches, Yakima County",310126,Naches,2020-12-14 04:26:00.341745
2020-07-03,01:30,46.5,43.9,90.3,0.0,0,29.96,NE,0.2,2.1,0.09,71.8,"Naches, Yakima County",310126,Naches,2020-12-14 04:26:00.341745
2020-07-03,01:45,46.3,44.0,91.4,0.0,0,29.96,N ,0.9,2.8,0.09,71.7,"Naches, Yakima County",310126,Naches,2020-12-14 04:26:00.341745
2020-07-03,02:00,45.7,43.9,93.3,0.0,0,29.97,NE,1.3,2.8,0.09,71.7,"Naches, Yakima County",310126,Naches,2020-12-14 04:26:00.341745
2020-07-03,02:15,45.0,43.6,94.8,0.0,0,29.97,NE,0.3,2.8,0.09,71.7,"Naches, Yakima County",310126,Naches,2020-12-14 04:26:00.341745
2020-07-03,02:30,44.9,43.4,94.1,0.0,0,29.97,NE,0.6,3.5,0.09,71.6,"Naches, Yakima County",310126,Naches,2020-12-14 04:26:00.341745
2020-07-03,02:45,45.4,43.2,92.0,0.0,0,29.97,N ,0.5,2.4,0.09,71.6,"Naches, Yakima County",310126,Naches,2020-12-14 04:26:00.341745
2020-07-03,03:00,44.9,43.2,93.8,0.0,0,29.97,N,1.1,3.9,0.09,71.5,"Naches, Yakima County",310126,Naches,2020-12-14 04:26:00.341745
2020-07-03,03:15,44.6,43.0,94.1,0.0,0,29.97,N ,1.1,3.9,0.09,71.4,"Naches, Yakima County",310126,Naches,2020-12-14 04:26:00.341745
2020-07-03,03:30,44.2,42.7,94.2,0.0,0,29.97,NE,1.3,2.4,0.09,71.4,"Naches, Yakima County",310126,Naches,2020-12-14 04:26:00.341745
2020-07-03,03:45,44.3,42.7,94.0,0.0,0,29.97,NW,0.1,2.1,0.09,71.3,"Naches, Yakima County",310126,Naches,2020-12-14 04:26:00.341745
2020-07-03,04:00,43.1,42.3,96.7,0.0,0,29.97,N ,0.0,0.0,0.09,71.2,"Naches, Yakima County",310126,Naches,2020-12-14 04:26:00.341745
2020-07-03,04:15,43.4,42.7,97.2,0.0,3,29.97,N ,0.1,1.7,0.09,71.2,"Naches, Yakima County",310126,Naches,2020-12-14 04:26:00.341745
2020-07-03,04:30,42.7,42.0,97.4,0.0,8,29.97,N ,0.5,2.8,0.09,71.1,"Naches, Yakima County",310126,Naches,2020-12-14 04:26:00.341745
2020-07-03,04:45,42.2,41.8,98.4,0.0,16,29.98,N ,0.5,3.1,0.09,71.0,"Naches, Yakima County",310126,Naches,2020-12-14 04:26:00.341745
2020-07-03,05:00,43.0,42.6,98.2,0.0,22,29.98,NE,2.0,3.5,0.09,71.0,"Naches, Yakima County",310126,Naches,2020-12-14 04:26:00.341745
2020-07-03,05:15,45.8,43.3,91.0,0.0,28,29.99,N ,1.0,3.1,0.09,70.9,"Naches, Yakima County",310126,Naches,2020-12-14 04:26:00.341745
2020-07-03,05:30,46.8,43.1,87.0,0.0,35,29.99,W,0.1,1.7,0.09,70.9,"Naches, Yakima County",310126,Naches,2020-12-14 04:26:00.341745
2020-07-03,05:45,46.3,44.3,92.6,0.0,95,29.99,N ,0.0,0.0,0.09,70.8,"Naches, Yakima County",310126,Naches,2020-12-14 04:26:00.341745
2020-07-03,06:00,50.9,45.4,81.2,0.0,203,29.99,E,0.3,2.4,0.09,70.9,"Naches, Yakima County",310126,Naches,2020-12-14 04:26:00.341745
2020-07-03,06:15,56.1,44.9,65.9,0.0,260,30.0,N,0.6,2.4,0.09,71.0,"Naches, Yakima County",310126,Naches,2020-12-14 04:26:00.341745
2020-07-03,06:30,57.1,44.0,61.4,0.0,286,30.0,NE,2.1,3.9,0.07,71.0,"Naches, Yakima County",310126,Naches,2020-12-14 04:26:00.341745
2020-07-03,06:45,59.2,42.4,53.6,0.0,313,30.0,NW,1.4,3.5,0.06,70.9,"Naches, Yakima County",310126,Naches,2020-12-14 04:26:00.341745
2020-07-03,07:00,60.1,42.8,52.7,0.0,370,30.0,N ,2.7,4.2,0.06,70.9,"Naches, Yakima County",310126,Naches,2020-12-14 04:26:00.341745
2020-07-03,07:15,60.9,41.9,49.5,0.0,414,30.0,N,1.7,3.9,0.05,70.8,"Naches, Yakima County",310126,Naches,2020-12-14 04:26:00.341745
2020-07-03,07:30,62.1,41.3,46.3,0.0,420,30.0,W,1.5,4.2,0.04,70.7,"Naches, Yakima County",310126,Naches,2020-12-14 04:26:00.341745
2020-07-03,07:45,62.3,41.4,46.1,0.0,372,30.0,E,1.7,4.2,0.03,70.6,"Naches, Yakima County",310126,Naches,2020-12-14 04:26:00.341745
2020-07-03,08:00,63.3,42.4,46.3,0.0,519,29.99,SE,2.1,4.6,0.02,70.5,"Naches, Yakima County",310126,Naches,2020-12-14 04:26:00.341745
2020-07-03,08:15,65.2,42.9,44.3,0.0,574,30.0,SE,2.9,5.3,0.01,70.4,"Naches, Yakima County",310126,Naches,2020-12-14 04:26:00.341745
2020-07-03,08:30,65.1,42.5,43.7,0.0,579,29.99,SW,3.5,5.7,0.0,70.3,"Naches, Yakima County",310126,Naches,2020-12-14 04:26:00.341745
2020-07-03,08:45,65.8,41.9,41.6,0.0,619,29.99,SW,3.2,5.7,0.0,70.3,"Naches, Yakima County",310126,Naches,2020-12-14 04:26:00.341745
2020-07-03,09:00,67.6,41.7,38.9,0.0,707,29.99,S,3.9,6.4,0.0,70.2,"Naches, Yakima County",310126,Naches,2020-12-14 04:26:00.341745
2020-07-03,09:15,68.8,39.6,34.4,0.0,711,29.98,SE,3.2,6.0,0.0,70.1,"Naches, Yakima County",310126,Naches,2020-12-14 04:26:00.341745
2020-07-03,09:30,70.2,38.4,31.2,0.0,798,29.98,NE,2.5,7.1,0.0,70.1,"Naches, Yakima County",310126,Naches,2020-12-14 04:26:00.341745
2020-07-03,09:45,70.4,39.4,32.2,0.0,738,29.98,S,3.9,6.7,0.0,70.1,"Naches, Yakima County",310126,Naches,2020-12-14 04:26:00.341745
2020-07-03,10:00,71.0,39.1,31.3,0.0,702,29.98,S,4.7,8.5,0.0,70.0,"Naches, Yakima County",310126,Naches,2020-12-14 04:26:00.341745
2020-07-03,10:15,72.1,37.5,28.3,0.0,860,29.98,SE,5.1,7.8,0.0,70.0,"Naches, Yakima County",310126,Naches,2020-12-14 04:26:00.341745
2020-07-03,10:30,73.0,36.7,26.6,0.0,897,29.98,SE,4.4,7.8,0.0,70.0,"Naches, Yakima County",310126,Naches,2020-12-14 04:26:00.341745
2020-07-03,10:45,73.7,37.2,26.5,0.0,785,29.98,SE,4.6,8.2,0.0,69.9,"Naches, Yakima County",310126,Naches,2020-12-14 04:26:00.341745
2020-07-03,11:00,73.8,36.5,25.7,0.0,896,29.98,S,4.9,9.2,0.0,69.9,"Naches, Yakima County",310126,Naches,2020-12-14 04:26:00.341745
2020-07-03,11:15,74.5,36.7,25.2,0.0,839,29.97,SE,5.4,9.6,0.0,69.9,"Naches, Yakima County",310126,Naches,2020-12-14 04:26:00.341745
2020-07-03,11:30,75.5,37.1,24.8,0.0,944,29.98,S,4.7,9.6,0.0,69.9,"Naches, Yakima County",310126,Naches,2020-12-14 04:26:00.341745
2020-07-03,11:45,75.6,36.8,24.5,0.0,841,29.97,S,5.4,9.6,0.0,69.9,"Naches, Yakima County",310126,Naches,2020-12-14 04:26:00.341745
2020-07-03,12:00,75.2,36.2,24.2,0.0,638,29.97,S,4.6,9.6,0.0,69.9,"Naches, Yakima County",310126,Naches,2020-12-14 04:26:00.341745
2020-07-03,12:15,76.9,36.5,23.1,0.0,920,29.97,SE,4.7,9.9,0.0,69.9,"Naches, Yakima County",310126,Naches,2020-12-14 04:26:00.341745
2020-07-03,12:30,77.5,36.8,22.9,0.0,889,29.97,S,5.5,9.6,0.0,70.0,"Naches, Yakima County",310126,Naches,2020-12-14 04:26:00.341745
2020-07-03,12:45,78.6,37.0,22.3,0.0,882,29.97,S,5.1,10.7,0.0,70.0,"Naches, Yakima County",310126,Naches,2020-12-14 04:26:00.341745
2020-07-03,13:00,78.8,35.7,21.1,0.0,907,29.97,S,5.0,12.1,0.0,70.1,"Naches, Yakima County",310126,Naches,2020-12-14 04:26:00.341745
2020-07-03,13:15,79.2,35.3,20.5,0.0,896,29.97,SE,4.1,10.3,0.0,70.1,"Naches, Yakima County",310126,Naches,2020-12-14 04:26:00.341745
2020-07-03,13:30,80.1,36.3,20.7,0.0,897,29.97,SE,4.6,8.2,0.0,70.1,"Naches, Yakima County",310126,Naches,2020-12-14 04:26:00.341745
2020-07-03,13:45,80.0,36.2,20.6,0.0,862,29.96,SE,5.4,8.9,0.0,70.2,"Naches, Yakima County",310126,Naches,2020-12-14 04:26:00.341745
2020-07-03,14:00,79.8,35.5,20.2,0.0,592,29.97,S,3.8,7.1,0.0,70.2,"Naches, Yakima County",310126,Naches,2020-12-14 04:26:00.341745
2020-07-03,14:15,80.0,37.1,21.4,0.0,656,29.97,SE,3.6,7.1,0.0,70.3,"Naches, Yakima County",310126,Naches,2020-12-14 04:26:00.341745
2020-07-03,14:30,80.6,38.4,22.1,0.0,822,29.97,S,5.0,9.2,0.0,70.4,"Naches, Yakima County",310126,Naches,2020-12-14 04:26:00.341745
2020-07-03,14:45,82.1,36.8,19.8,0.0,915,29.97,NE,3.8,7.1,0.0,70.4,"Naches, Yakima County",310126,Naches,2020-12-14 04:26:00.341745
2020-07-03,15:00,80.0,38.8,22.9,0.0,467,29.97,NE,4.6,8.9,0.0,70.5,"Naches, Yakima County",310126,Naches,2020-12-14 04:26:00.341745
2020-07-03,15:15,76.8,40.2,26.8,0.0,212,29.97,N ,5.9,9.2,0.0,70.6,"Naches, Yakima County",310126,Naches,2020-12-14 04:26:00.341745
2020-07-03,15:30,77.0,40.7,27.1,0.0,316,29.96,NE,4.8,8.5,0.0,70.7,"Naches, Yakima County",310126,Naches,2020-12-14 04:26:00.341745
2020-07-03,15:45,77.0,42.2,28.8,0.0,368,29.97,NE,8.7,14.2,0.0,70.8,"Naches, Yakima County",310126,Naches,2020-12-14 04:26:00.341745
2020-07-03,16:00,76.5,42.8,30.0,0.0,321,29.97,NE,8.3,13.2,0.0,70.9,"Naches, Yakima County",310126,Naches,2020-12-14 04:26:00.341745
2020-07-03,16:15,75.9,42.6,30.3,0.0,271,29.96,NE,7.5,12.4,0.0,71.0,"Naches, Yakima County",310126,Naches,2020-12-14 04:26:00.341745
2020-07-03,16:30,75.5,43.2,31.5,0.0,203,29.96,NE,6.0,9.9,0.0,71.1,"Naches, Yakima County",310126,Naches,2020-12-14 04:26:00.341745
2020-07-03,16:45,75.0,43.2,31.9,0.0,137,29.97,NE,5.1,9.2,0.0,71.1,"Naches, Yakima County",310126,Naches,2020-12-14 04:26:00.341745
2020-07-03,17:00,74.5,44.3,34.0,0.0,214,29.97,NE,6.4,11.0,0.0,71.2,"Naches, Yakima County",310126,Naches,2020-12-14 04:26:00.341745
2020-07-03,17:15,74.5,44.5,34.2,0.0,292,29.97,NE,7.5,12.1,0.0,71.3,"Naches, Yakima County",310126,Naches,2020-12-14 04:26:00.341745
2020-07-03,17:30,75.6,43.6,31.8,0.0,211,29.98,NW,4.7,7.4,0.0,71.4,"Naches, Yakima County",310126,Naches,2020-12-14 04:26:00.341745
2020-07-03,17:45,75.1,45.2,34.3,0.0,194,29.98,W,4.6,8.2,0.0,71.5,"Naches, Yakima County",310126,Naches,2020-12-14 04:26:00.341745
2020-07-03,18:00,74.0,45.1,35.6,0.0,157,29.98,W,5.8,10.7,0.0,71.6,"Naches, Yakima County",310126,Naches,2020-12-14 04:26:00.341745
2020-07-03,18:15,73.1,45.2,36.9,0.0,132,29.99,W,5.1,7.8,0.0,71.7,"Naches, Yakima County",310126,Naches,2020-12-14 04:26:00.341745
2020-07-03,18:30,72.1,45.7,38.7,0.0,107,29.99,W,5.3,8.5,0.0,71.7,"Naches, Yakima County",310126,Naches,2020-12-14 04:26:00.341745
2020-07-03,18:45,71.5,45.4,39.1,0.0,89,29.99,W,5.8,8.9,0.0,71.8,"Naches, Yakima County",310126,Naches,2020-12-14 04:26:00.341745
2020-07-03,19:00,71.1,45.2,39.4,0.0,74,29.99,W,5.4,10.3,0.0,71.8,"Naches, Yakima County",310126,Naches,2020-12-14 04:26:00.341745
2020-07-03,19:15,70.3,44.8,39.9,0.0,56,29.99,W,7.1,12.1,0.0,71.8,"Naches, Yakima County",310126,Naches,2020-12-14 04:26:00.341745
2020-07-03,19:30,69.0,44.7,41.6,0.0,27,30.0,NW,5.8,9.2,0.0,71.9,"Naches, Yakima County",310126,Naches,2020-12-14 04:26:00.341745
2020-07-03,19:45,68.0,44.6,42.9,0.0,16,30.0,NW,6.1,10.3,0.0,72.1,"Naches, Yakima County",310126,Naches,2020-12-14 04:26:00.341745
2020-07-03,20:00,66.4,45.4,46.7,0.0,6,30.01,N,2.7,6.0,0.0,72.1,"Naches, Yakima County",310126,Naches,2020-12-14 04:26:00.341745
2020-07-03,20:15,65.7,45.1,47.1,0.0,1,30.02,NW,2.4,4.9,0.0,72.1,"Naches, Yakima County",310126,Naches,2020-12-14 04:26:00.341745
2020-07-03,20:30,63.8,46.3,52.8,0.0,0,30.02,NE,0.7,2.8,0.0,72.1,"Naches, Yakima County",310126,Naches,2020-12-14 04:26:00.341745
2020-07-03,20:45,63.0,46.1,53.9,0.0,0,30.03,N ,1.1,5.3,0.0,72.2,"Naches, Yakima County",310126,Naches,2020-12-14 04:26:00.341745
2020-07-03,21:00,62.1,46.9,57.4,0.0,0,30.04,N ,0.8,3.5,0.0,72.2,"Naches, Yakima County",310126,Naches,2020-12-14 04:26:00.341745
2020-07-03,21:15,61.8,46.2,56.6,0.0,0,30.04,N ,2.8,4.9,0.0,72.3,"Naches, Yakima County",310126,Naches,2020-12-14 04:26:00.341745
2020-07-03,21:30,62.6,45.5,53.4,0.0,0,30.04,N ,3.6,6.4,0.0,72.3,"Naches, Yakima County",310126,Naches,2020-12-14 04:26:00.341745
2020-07-03,21:45,62.3,45.6,54.3,0.0,0,30.04,N ,2.0,5.3,0.0,72.3,"Naches, Yakima County",310126,Naches,2020-12-14 04:26:00.341745
2020-07-03,22:00,61.3,45.6,56.2,0.0,0,30.04,N ,3.0,4.6,0.0,72.3,"Naches, Yakima County",310126,Naches,2020-12-14 04:26:00.341745
2020-07-03,22:15,61.6,45.3,55.1,0.0,0,30.05,N ,2.9,6.4,0.0,72.3,"Naches, Yakima County",310126,Naches,2020-12-14 04:26:00.341745
2020-07-03,22:30,62.4,44.8,52.5,0.0,0,30.04,NW,2.3,6.7,0.0,72.4,"Naches, Yakima County",310126,Naches,2020-12-14 04:26:00.341745
2020-07-03,22:45,60.9,45.9,57.6,0.0,0,30.04,NE,2.3,6.0,0.0,72.4,"Naches, Yakima County",310126,Naches,2020-12-14 04:26:00.341745
2020-07-03,23:00,60.1,45.5,58.3,0.0,0,30.05,N ,2.4,3.9,0.0,72.4,"Naches, Yakima County",310126,Naches,2020-12-14 04:26:00.341745
2020-07-04,23:15,60.2,45.3,57.7,0.0,0,30.05,N ,0.3,2.1,0.0,72.3,"Naches, Yakima County",310126,Naches,2020-12-14 04:26:00.341745
2020-07-04,23:30,60.0,45.6,58.9,0.0,0,30.05,N,1.6,5.3,0.0,72.3,"Naches, Yakima County",310126,Naches,2020-12-14 04:26:00.341745
2020-07-04,23:45,57.5,46.7,67.2,0.0,0,30.05,NE,0.1,2.1,0.0,72.3,"Naches, Yakima County",310126,Naches,2020-12-14 04:26:00.341745
2020-07-04,24:00,57.6,46.1,65.3,0.0,0,30.05,NE,0.8,4.2,0.0,72.3,"Naches, Yakima County",310126,Naches,2020-12-14 04:26:00.341745
